time,ticker,yes_price,contracts,taker
2026-10-05T00:10:27.089027Z,KXSILVER15M-26OCT042015-15,0.9700,90.00,no
2026-10-05T00:10:27.089027Z,KXSILVER15M-26OCT042015-15,0.9670,13.14,no
2026-10-05T00:10:27.089027Z,KXSILVER15M-26OCT042015-15,0.9700,30.00,no
2026-10-05T00:10:27.089027Z,KXSILVER15M-26OCT042015-15,0.9710,5.00,no
2026-10-05T00:10:28.993439Z,KXSILVER15M-26OCT042015-15,0.9760,0.21,yes
2026-10-05T00:10:29.56848Z,KXSILVER15M-26OCT042015-15,0.9580,1838.13,no
2026-10-05T00:10:29.56848Z,KXSILVER15M-26OCT042015-15,0.9700,30.00,no
2026-10-05T00:10:29.56848Z,KXSILVER15M-26OCT042015-15,0.9690,60.00,no
2026-10-05T00:10:29.56848Z,KXSILVER15M-26OCT042015-15,0.9600,90.00,no
2026-10-05T00:10:29.56848Z,KXSILVER15M-26OCT042015-15,0.9610,2.00,no
2026-10-05T00:10:29.56848Z,KXSILVER15M-26OCT042015-15,0.9700,3.00,no
2026-10-05T00:10:29.56848Z,KXSILVER15M-26OCT042015-15,0.9580,150.00,no
2026-10-05T00:10:29.56848Z,KXSILVER15M-26OCT042015-15,0.9700,90.00,no
2026-10-05T00:10:29.56848Z,KXSILVER15M-26OCT042015-15,0.9700,10.00,no
2026-10-05T00:10:31.331882Z,KXSILVER15M-26OCT042015-15,0.9700,25.00,yes
2026-10-05T00:10:32.267556Z,KXSILVER15M-26OCT042015-15,0.9650,26.76,no
2026-10-05T00:10:33.167869Z,KXSILVER15M-26OCT042015-15,0.9650,26.76,no
2026-10-05T00:10:33.983599Z,KXSILVER15M-26OCT042015-15,0.9650,0.73,no
2026-10-05T00:10:34.561473Z,KXSILVER15M-26OCT042015-15,0.9650,0.40,no
2026-10-05T00:10:44.323405Z,KXSILVER15M-26OCT042015-15,0.9800,5.00,yes
2026-10-05T00:10:44.323405Z,KXSILVER15M-26OCT042015-15,0.9800,10.00,yes
2026-10-05T00:10:44.490601Z,KXSILVER15M-26OCT042015-15,0.9820,10.00,yes
2026-10-05T00:10:44.490601Z,KXSILVER15M-26OCT042015-15,0.9830,64.25,yes
2026-10-05T00:10:44.490601Z,KXSILVER15M-26OCT042015-15,0.9830,5.00,yes
2026-10-05T00:10:44.490601Z,KXSILVER15M-26OCT042015-15,0.9820,6.00,yes
2026-10-05T00:10:44.490601Z,KXSILVER15M-26OCT042015-15,0.9830,26.00,yes
2026-10-05T00:10:44.516557Z,KXSILVER15M-26OCT042015-15,0.9810,76.98,yes
2026-10-05T00:10:44.516557Z,KXSILVER15M-26OCT042015-15,0.9800,150.00,yes
2026-10-05T00:10:44.516557Z,KXSILVER15M-26OCT042015-15,0.9800,5.00,yes
2026-10-05T00:10:47.819425Z,KXSILVER15M-26OCT042015-15,0.9810,251.69,yes
2026-10-05T00:10:48.700454Z,KXSILVER15M-26OCT042015-15,0.9810,9.67,yes
2026-10-05T00:10:50.204114Z,KXSILVER15M-26OCT042015-15,0.9810,0.33,yes
2026-10-05T00:10:50.204114Z,KXSILVER15M-26OCT042015-15,0.9810,9.00,yes
2026-10-05T00:10:52.344655Z,KXSILVER15M-26OCT042015-15,0.9830,91.00,yes
2026-10-05T00:10:53.063163Z,KXSILVER15M-26OCT042015-15,0.9870,8.00,yes
2026-10-05T00:10:53.063163Z,KXSILVER15M-26OCT042015-15,0.9850,29.00,yes
2026-10-05T00:10:53.063163Z,KXSILVER15M-26OCT042015-15,0.9840,150.00,yes
2026-10-05T00:10:53.063163Z,KXSILVER15M-26OCT042015-15,0.9880,26.00,yes
2026-10-05T00:10:53.063163Z,KXSILVER15M-26OCT042015-15,0.9860,8.00,yes
2026-10-05T00:10:53.063163Z,KXSILVER15M-26OCT042015-15,0.9880,24.00,yes
2026-10-05T00:10:53.063163Z,KXSILVER15M-26OCT042015-15,0.9880,55.00,yes
2026-10-05T00:10:53.22256Z,KXSILVER15M-26OCT042015-15,0.9880,111.22,yes
2026-10-05T00:10:53.252748Z,KXSILVER15M-26OCT042015-15,0.9860,21.00,yes
2026-10-05T00:10:53.618095Z,KXSILVER15M-26OCT042015-15,0.9870,29.00,yes
2026-10-05T00:10:54.565709Z,KXSILVER15M-26OCT042015-15,0.9880,1.01,yes
2026-10-05T00:10:55.450023Z,KXSILVER15M-26OCT042015-15,0.9860,150.00,yes
2026-10-05T00:10:55.494724Z,KXSILVER15M-26OCT042015-15,0.9850,18.00,no
2026-10-05T00:10:55.514518Z,KXSILVER15M-26OCT042015-15,0.9880,4.99,yes
2026-10-05T00:10:55.514518Z,KXSILVER15M-26OCT042015-15,0.9880,10.00,yes
2026-10-05T00:10:55.514518Z,KXSILVER15M-26OCT042015-15,0.9890,25.00,yes
2026-10-05T00:10:55.514518Z,KXSILVER15M-26OCT042015-15,0.9890,2.00,yes
2026-10-05T00:10:55.514518Z,KXSILVER15M-26OCT042015-15,0.9890,0.66,yes
2026-10-05T00:10:55.514518Z,KXSILVER15M-26OCT042015-15,0.9890,20.00,yes
2026-10-05T00:10:55.514518Z,KXSILVER15M-26OCT042015-15,0.9890,1.00,yes
2026-10-05T00:10:56.935032Z,KXSILVER15M-26OCT042015-15,0.9850,3.11,no
2026-10-05T00:10:59.033508Z,KXSILVER15M-26OCT042015-15,0.9850,2.89,no
2026-10-05T00:10:59.033508Z,KXSILVER15M-26OCT042015-15,0.9850,0.22,no
2026-10-05T00:10:59.314538Z,KXSILVER15M-26OCT042015-15,0.9850,23.18,no
2026-10-05T00:10:59.314538Z,KXSILVER15M-26OCT042015-15,0.9850,8.00,no
2026-10-05T00:11:00.378254Z,KXSILVER15M-26OCT042015-15,0.9880,1.01,yes
2026-10-05T00:11:00.967861Z,KXSILVER15M-26OCT042015-15,0.9880,1.00,yes
2026-10-05T00:11:01.602662Z,KXSILVER15M-26OCT042015-15,0.9880,4.99,yes
2026-10-05T00:11:01.602662Z,KXSILVER15M-26OCT042015-15,0.9880,11.38,yes
2026-10-05T00:11:07.861919Z,KXSILVER15M-26OCT042015-15,0.9890,88.66,yes
2026-10-05T00:11:07.861919Z,KXSILVER15M-26OCT042015-15,0.9890,2.00,yes
2026-10-05T00:11:07.861919Z,KXSILVER15M-26OCT042015-15,0.9890,100.00,yes
2026-10-05T00:11:07.861919Z,KXSILVER15M-26OCT042015-15,0.9890,9.34,yes
2026-10-05T00:11:11.245808Z,KXSILVER15M-26OCT042015-15,0.9880,2.03,no
2026-10-05T00:11:15.744127Z,KXSILVER15M-26OCT042015-15,0.9930,60.00,yes
2026-10-05T00:11:15.744127Z,KXSILVER15M-26OCT042015-15,0.9940,150.00,yes
2026-10-05T00:11:15.744127Z,KXSILVER15M-26OCT042015-15,0.9900,75.00,yes
2026-10-05T00:11:15.744127Z,KXSILVER15M-26OCT042015-15,0.9890,10.00,yes
2026-10-05T00:11:15.744127Z,KXSILVER15M-26OCT042015-15,0.9900,1.03,yes
2026-10-05T00:11:15.744127Z,KXSILVER15M-26OCT042015-15,0.9900,2.00,yes
2026-10-05T00:11:15.744127Z,KXSILVER15M-26OCT042015-15,0.9900,100.00,yes
2026-10-05T00:11:15.744127Z,KXSILVER15M-26OCT042015-15,0.9950,1351.27,yes
2026-10-05T00:11:15.744127Z,KXSILVER15M-26OCT042015-15,0.9900,1.00,yes
2026-10-05T00:11:15.744127Z,KXSILVER15M-26OCT042015-15,0.9900,200.00,yes
2026-10-05T00:11:15.744127Z,KXSILVER15M-26OCT042015-15,0.9900,80.36,yes
2026-10-05T00:11:15.744127Z,KXSILVER15M-26OCT042015-15,0.9890,259.34,yes
2026-10-05T00:11:15.744127Z,KXSILVER15M-26OCT042015-15,0.9900,350.00,yes
2026-10-05T00:11:15.884542Z,KXSILVER15M-26OCT042015-15,0.9950,6.00,yes
2026-10-05T00:11:22.579331Z,KXSILVER15M-26OCT042015-15,0.9950,27.33,no
2026-10-05T00:11:24.787631Z,KXSILVER15M-26OCT042015-15,0.9970,1351.27,yes
2026-10-05T00:11:24.789142Z,KXSILVER15M-26OCT042015-15,0.9970,6.00,yes
2026-10-05T00:11:25.973491Z,KXSILVER15M-26OCT042015-15,0.9950,3.55,no
2026-10-05T00:11:30.223036Z,KXSILVER15M-26OCT042015-15,0.9970,195.92,yes
2026-10-05T00:11:34.881615Z,KXSILVER15M-26OCT042015-15,0.9970,6.29,yes
2026-10-05T00:11:36.982808Z,KXSILVER15M-26OCT042015-15,0.9970,228.46,yes
2026-10-05T00:11:36.983339Z,KXSILVER15M-26OCT042015-15,0.9970,91.48,yes
2026-10-05T00:11:41.987003Z,KXSILVER15M-26OCT042015-15,0.9970,35.30,yes
2026-10-05T00:11:41.999799Z,KXSILVER15M-26OCT042015-15,0.9970,15.00,yes
2026-10-05T00:11:43.328323Z,KXSILVER15M-26OCT042015-15,0.9970,13.80,yes
2026-10-05T00:11:48.845731Z,KXSILVER15M-26OCT042015-15,0.9950,6.00,no
2026-10-05T00:11:48.845731Z,KXSILVER15M-26OCT042015-15,0.9950,193.23,no
2026-10-05T00:11:48.845731Z,KXSILVER15M-26OCT042015-15,0.9960,75.00,no
2026-10-05T00:11:48.845731Z,KXSILVER15M-26OCT042015-15,0.9950,300.00,no
2026-10-05T00:11:49.724015Z,KXSILVER15M-26OCT042015-15,0.9950,186.97,no
2026-10-05T00:11:58.485188Z,KXSILVER15M-26OCT042015-15,0.9950,373.95,no
2026-10-05T00:11:58.891035Z,KXSILVER15M-26OCT042015-15,0.9950,91.62,no
2026-10-05T00:11:59.263954Z,KXSILVER15M-26OCT042015-15,0.9950,732.95,no
2026-10-05T00:12:06.145983Z,KXSILVER15M-26OCT042015-15,0.9970,1.00,yes
2026-10-05T00:12:07.690539Z,KXSILVER15M-26OCT042015-15,0.9970,80.00,yes
2026-10-05T00:12:11.589541Z,KXSILVER15M-26OCT042015-15,0.9950,7.99,no
2026-10-05T00:12:20.057452Z,KXSILVER15M-26OCT042015-15,0.9950,332.29,no
2026-10-05T00:12:20.057452Z,KXSILVER15M-26OCT042015-15,0.9910,10.00,no
2026-10-05T00:12:20.057452Z,KXSILVER15M-26OCT042015-15,0.9950,18.00,no
2026-10-05T00:12:20.057452Z,KXSILVER15M-26OCT042015-15,0.9930,300.00,no
2026-10-05T00:12:20.057452Z,KXSILVER15M-26OCT042015-15,0.9900,534.92,no
2026-10-05T00:12:20.057452Z,KXSILVER15M-26OCT042015-15,0.9950,10.00,no
2026-10-05T00:12:20.234126Z,KXSILVER15M-26OCT042015-15,0.9970,14.05,yes
2026-10-05T00:12:20.234126Z,KXSILVER15M-26OCT042015-15,0.9970,6.00,yes
2026-10-05T00:12:25.709966Z,KXSILVER15M-26OCT042015-15,0.9920,116.88,no
2026-10-05T00:12:26.643398Z,KXSILVER15M-26OCT042015-15,0.9860,120.94,no
2026-10-05T00:12:26.643398Z,KXSILVER15M-26OCT042015-15,0.9890,4.00,no
2026-10-05T00:12:26.643398Z,KXSILVER15M-26OCT042015-15,0.9890,12.00,no
2026-10-05T00:12:40.835768Z,KXSILVER15M-26OCT042015-15,0.9920,58.44,no
2026-10-05T00:12:50.951766Z,KXSILVER15M-26OCT042015-15,0.9970,141.95,yes
2026-10-05T00:12:50.951766Z,KXSILVER15M-26OCT042015-15,0.9970,6.00,yes
2026-10-05T00:12:50.951766Z,KXSILVER15M-26OCT042015-15,0.9980,51.05,yes
2026-10-05T00:12:54.031735Z,KXSILVER15M-26OCT042015-15,0.9970,6.00,yes
2026-10-05T00:12:54.031735Z,KXSILVER15M-26OCT042015-15,0.9970,59.27,yes
2026-10-05T00:12:54.097733Z,KXSILVER15M-26OCT042015-15,0.9930,16.88,no
2026-10-05T00:12:54.097733Z,KXSILVER15M-26OCT042015-15,0.9940,60.00,no
2026-10-05T00:12:54.097733Z,KXSILVER15M-26OCT042015-15,0.9940,30.00,no
2026-10-05T00:12:54.097733Z,KXSILVER15M-26OCT042015-15,0.9940,10.00,no
2026-10-05T00:12:58.306936Z,KXSILVER15M-26OCT042015-15,0.9950,34.80,no
2026-10-05T00:13:06.257335Z,KXSILVER15M-26OCT042015-15,0.9950,60.00,no
2026-10-05T00:13:06.257335Z,KXSILVER15M-26OCT042015-15,0.9950,1.62,no
2026-10-05T00:13:06.257335Z,KXSILVER15M-26OCT042015-15,0.9950,30.00,no
2026-10-05T00:13:13.982313Z,KXSILVER15M-26OCT042015-15,0.9950,9.38,no
2026-10-05T00:13:13.982313Z,KXSILVER15M-26OCT042015-15,0.9950,82.24,no
2026-10-05T00:13:20.764108Z,KXSILVER15M-26OCT042015-15,0.9980,50.00,yes
2026-10-05T00:13:21.037711Z,KXSILVER15M-26OCT042015-15,0.9980,50.00,yes
2026-10-05T00:13:21.324849Z,KXSILVER15M-26OCT042015-15,0.9950,186.97,no
2026-10-05T00:13:22.309706Z,KXSILVER15M-26OCT042015-15,0.9950,54.23,no
2026-10-05T00:13:35.822903Z,KXSILVER15M-26OCT042015-15,0.9980,1.00,yes
2026-10-05T00:13:48.698785Z,KXSILVER15M-26OCT042015-15,0.9950,91.62,no
2026-10-05T00:13:49.493826Z,KXSILVER15M-26OCT042015-15,0.9980,1.00,yes
2026-10-05T00:13:50.615621Z,KXSILVER15M-26OCT042015-15,0.9950,186.97,no
2026-10-05T00:13:56.145709Z,KXSILVER15M-26OCT042015-15,0.9980,1.00,yes
2026-10-05T00:14:00.014454Z,KXSILVER15M-26OCT042015-15,0.9980,250.00,yes
2026-10-05T00:14:00.713743Z,KXSILVER15M-26OCT042015-15,0.9980,224.00,yes
2026-10-05T00:14:02.26207Z,KXSILVER15M-26OCT042015-15,0.9950,186.97,no
2026-10-05T00:14:13.576886Z,KXSILVER15M-26OCT042015-15,0.9950,0.01,no
2026-10-05T00:14:13.576886Z,KXSILVER15M-26OCT042015-15,0.9950,30.00,no
2026-10-05T00:14:13.576886Z,KXSILVER15M-26OCT042015-15,0.9950,60.00,no
2026-10-05T00:14:13.576886Z,KXSILVER15M-26OCT042015-15,0.9950,35.00,no
2026-10-05T00:14:13.576886Z,KXSILVER15M-26OCT042015-15,0.9950,154.00,no
2026-10-05T00:14:13.576886Z,KXSILVER15M-26OCT042015-15,0.9950,461.00,no
2026-10-05T00:14:13.576886Z,KXSILVER15M-26OCT042015-15,0.9910,108.06,no
2026-10-05T00:14:16.709037Z,KXSILVER15M-26OCT042015-15,0.9990,30.00,yes
2026-10-05T00:14:16.709037Z,KXSILVER15M-26OCT042015-15,0.9980,23.00,yes
2026-10-05T00:14:16.709037Z,KXSILVER15M-26OCT042015-15,0.9980,5.00,yes
2026-10-05T00:14:16.709037Z,KXSILVER15M-26OCT042015-15,0.9980,1.00,yes
2026-10-05T00:14:16.709037Z,KXSILVER15M-26OCT042015-15,0.9980,1.00,yes
2026-10-05T00:14:18.074301Z,KXSILVER15M-26OCT042015-15,0.9990,110.38,yes
2026-10-05T00:14:22.981116Z,KXSILVER15M-26OCT042015-15,0.9970,1.00,no
2026-10-05T00:14:23.659341Z,KXSILVER15M-26OCT042015-15,0.9990,98.12,yes
2026-10-05T00:14:24.226643Z,KXSILVER15M-26OCT042015-15,0.9980,98.12,no
2026-10-05T00:14:41.434288Z,KXSILVER15M-26OCT042015-15,0.9980,233.95,no
2026-10-05T00:14:47.048475Z,KXSILVER15M-26OCT042015-15,0.9990,261.50,yes
2026-10-05T00:14:47.048475Z,KXSILVER15M-26OCT042015-15,0.9990,1.00,yes
2026-10-05T00:14:47.048475Z,KXSILVER15M-26OCT042015-15,0.9990,350.00,yes
2026-10-05T00:14:47.048475Z,KXSILVER15M-26OCT042015-15,0.9990,10.00,yes
2026-10-05T00:14:47.048475Z,KXSILVER15M-26OCT042015-15,0.9990,1.00,yes
2026-10-05T00:14:47.091018Z,KXSILVER15M-26OCT042015-15,0.9990,366.00,yes
2026-10-05T00:14:48.725169Z,KXSILVER15M-26OCT042015-15,0.9990,29.00,yes
2026-10-05T00:14:49.225059Z,KXSILVER15M-26OCT042015-15,0.9990,5.00,yes
2026-10-05T00:14:49.25473Z,KXSILVER15M-26OCT042015-15,0.9990,136.55,yes
2026-10-05T00:14:49.28684Z,KXSILVER15M-26OCT042015-15,0.9990,1.00,yes
2026-10-05T00:14:49.941437Z,KXSILVER15M-26OCT042015-15,0.9990,1.00,yes
2026-10-05T00:14:49.941437Z,KXSILVER15M-26OCT042015-15,0.9990,10.00,yes
2026-10-05T00:14:49.941437Z,KXSILVER15M-26OCT042015-15,0.9990,162.45,yes
2026-10-05T00:14:59.129469Z,KXSILVER15M-26OCT042015-15,0.9990,662.66,no
2026-10-05T00:10:41.521515Z,KXGOLD15M-26OCT042015-15,0.9840,55.04,no
2026-10-05T00:10:42.012614Z,KXGOLD15M-26OCT042015-15,0.9840,2.03,no
2026-10-05T00:10:42.097417Z,KXGOLD15M-26OCT042015-15,0.9860,0.32,yes
2026-10-05T00:10:42.21476Z,KXGOLD15M-26OCT042015-15,0.9840,146.69,no
2026-10-05T00:10:42.297718Z,KXGOLD15M-26OCT042015-15,0.9850,5.06,yes
2026-10-05T00:10:42.362366Z,KXGOLD15M-26OCT042015-15,0.9840,116.94,no
2026-10-05T00:10:42.909984Z,KXGOLD15M-26OCT042015-15,0.9780,5.00,no
2026-10-05T00:10:42.909984Z,KXGOLD15M-26OCT042015-15,0.9740,1528.76,no
2026-10-05T00:10:42.909984Z,KXGOLD15M-26OCT042015-15,0.9800,1.05,no
2026-10-05T00:10:42.909984Z,KXGOLD15M-26OCT042015-15,0.9800,18.60,no
2026-10-05T00:10:42.909984Z,KXGOLD15M-26OCT042015-15,0.9750,60.00,no
2026-10-05T00:10:42.909984Z,KXGOLD15M-26OCT042015-15,0.9770,300.00,no
2026-10-05T00:10:42.909984Z,KXGOLD15M-26OCT042015-15,0.9800,20.35,no
2026-10-05T00:10:42.909984Z,KXGOLD15M-26OCT042015-15,0.9830,5.00,no
2026-10-05T00:10:42.909984Z,KXGOLD15M-26OCT042015-15,0.9790,40.00,no
2026-10-05T00:10:42.909984Z,KXGOLD15M-26OCT042015-15,0.9810,32.00,no
2026-10-05T00:10:42.909984Z,KXGOLD15M-26OCT042015-15,0.9800,40.00,no
2026-10-05T00:10:42.909984Z,KXGOLD15M-26OCT042015-15,0.9840,179.30,no
2026-10-05T00:10:43.256239Z,KXGOLD15M-26OCT042015-15,0.9830,0.94,yes
2026-10-05T00:10:43.256239Z,KXGOLD15M-26OCT042015-15,0.9830,19.00,yes
2026-10-05T00:10:43.822138Z,KXGOLD15M-26OCT042015-15,0.9820,0.44,no
2026-10-05T00:10:44.103517Z,KXGOLD15M-26OCT042015-15,0.9870,1199.78,yes
2026-10-05T00:10:44.103517Z,KXGOLD15M-26OCT042015-15,0.9860,19.00,yes
2026-10-05T00:10:44.103517Z,KXGOLD15M-26OCT042015-15,0.9850,1.05,yes
2026-10-05T00:10:44.103517Z,KXGOLD15M-26OCT042015-15,0.9860,75.00,yes
2026-10-05T00:10:44.103517Z,KXGOLD15M-26OCT042015-15,0.9850,20.35,yes
2026-10-05T00:10:44.103517Z,KXGOLD15M-26OCT042015-15,0.9850,18.60,yes
2026-10-05T00:10:44.103517Z,KXGOLD15M-26OCT042015-15,0.9850,19.00,yes
2026-10-05T00:10:44.103517Z,KXGOLD15M-26OCT042015-15,0.9850,10.00,yes
2026-10-05T00:10:44.742626Z,KXGOLD15M-26OCT042015-15,0.9850,124.73,no
2026-10-05T00:10:44.900172Z,KXGOLD15M-26OCT042015-15,0.9850,47.67,no
2026-10-05T00:10:44.961084Z,KXGOLD15M-26OCT042015-15,0.9860,1.70,yes
2026-10-05T00:10:45.250019Z,KXGOLD15M-26OCT042015-15,0.9850,62.36,no
2026-10-05T00:10:45.620643Z,KXGOLD15M-26OCT042015-15,0.9850,62.36,no
2026-10-05T00:10:45.651494Z,KXGOLD15M-26OCT042015-15,0.9850,31.18,no
2026-10-05T00:10:45.753904Z,KXGOLD15M-26OCT042015-15,0.9840,44.00,no
2026-10-05T00:10:45.753904Z,KXGOLD15M-26OCT042015-15,0.9780,40.00,no
2026-10-05T00:10:45.753904Z,KXGOLD15M-26OCT042015-15,0.9820,28.00,no
2026-10-05T00:10:45.753904Z,KXGOLD15M-26OCT042015-15,0.9790,60.00,no
2026-10-05T00:10:45.753904Z,KXGOLD15M-26OCT042015-15,0.9810,100.00,no
2026-10-05T00:10:45.753904Z,KXGOLD15M-26OCT042015-15,0.9800,28.00,no
2026-10-05T00:10:45.753904Z,KXGOLD15M-26OCT042015-15,0.9800,20.35,no
2026-10-05T00:10:45.753904Z,KXGOLD15M-26OCT042015-15,0.9800,1.05,no
2026-10-05T00:10:45.753904Z,KXGOLD15M-26OCT042015-15,0.9800,18.60,no
2026-10-05T00:10:45.753904Z,KXGOLD15M-26OCT042015-15,0.9750,87.63,no
2026-10-05T00:10:45.753904Z,KXGOLD15M-26OCT042015-15,0.9850,171.70,no
2026-10-05T00:10:45.753904Z,KXGOLD15M-26OCT042015-15,0.9800,300.00,no
2026-10-05T00:10:45.753904Z,KXGOLD15M-26OCT042015-15,0.9800,169.00,no
2026-10-05T00:10:45.753904Z,KXGOLD15M-26OCT042015-15,0.9810,6.00,no
2026-10-05T00:10:46.157371Z,KXGOLD15M-26OCT042015-15,0.9860,3.30,yes
2026-10-05T00:10:46.157371Z,KXGOLD15M-26OCT042015-15,0.9850,40.00,yes
2026-10-05T00:10:46.157371Z,KXGOLD15M-26OCT042015-15,0.9860,19.00,yes
2026-10-05T00:10:46.157371Z,KXGOLD15M-26OCT042015-15,0.9850,1.05,yes
2026-10-05T00:10:46.157371Z,KXGOLD15M-26OCT042015-15,0.9850,18.60,yes
2026-10-05T00:10:46.157371Z,KXGOLD15M-26OCT042015-15,0.9850,20.35,yes
2026-10-05T00:10:46.363143Z,KXGOLD15M-26OCT042015-15,0.9860,62.36,no
2026-10-05T00:10:46.805865Z,KXGOLD15M-26OCT042015-15,0.9860,0.60,no
2026-10-05T00:10:46.923194Z,KXGOLD15M-26OCT042015-15,0.9860,116.94,no
2026-10-05T00:10:47.173836Z,KXGOLD15M-26OCT042015-15,0.9870,72.37,yes
2026-10-05T00:10:47.448118Z,KXGOLD15M-26OCT042015-15,0.9860,15.43,no
2026-10-05T00:10:47.64093Z,KXGOLD15M-26OCT042015-15,0.9860,65.48,no
2026-10-05T00:10:47.798869Z,KXGOLD15M-26OCT042015-15,0.9860,65.48,no
2026-10-05T00:10:47.865652Z,KXGOLD15M-26OCT042015-15,0.9860,65.48,no
2026-10-05T00:10:48.011816Z,KXGOLD15M-26OCT042015-15,0.9870,13.63,yes
2026-10-05T00:10:48.011816Z,KXGOLD15M-26OCT042015-15,0.9870,19.00,yes
2026-10-05T00:10:48.011816Z,KXGOLD15M-26OCT042015-15,0.9870,5.00,yes
2026-10-05T00:10:48.011816Z,KXGOLD15M-26OCT042015-15,0.9870,72.37,yes
2026-10-05T00:10:48.011816Z,KXGOLD15M-26OCT042015-15,0.9880,190.00,yes
2026-10-05T00:10:48.687095Z,KXGOLD15M-26OCT042015-15,0.9870,28.00,no
2026-10-05T00:10:48.687095Z,KXGOLD15M-26OCT042015-15,0.9870,38.14,no
2026-10-05T00:10:49.224233Z,KXGOLD15M-26OCT042015-15,0.9870,198.83,no
2026-10-05T00:10:49.224233Z,KXGOLD15M-26OCT042015-15,0.9870,27.00,no
2026-10-05T00:10:49.38295Z,KXGOLD15M-26OCT042015-15,0.9870,20.70,no
2026-10-05T00:10:49.560285Z,KXGOLD15M-26OCT042015-15,0.9880,20.22,yes
2026-10-05T00:10:49.573Z,KXGOLD15M-26OCT042015-15,0.9880,15.00,yes
2026-10-05T00:10:49.619346Z,KXGOLD15M-26OCT042015-15,0.9870,0.02,no
2026-10-05T00:10:49.72674Z,KXGOLD15M-26OCT042015-15,0.9870,3.59,no
2026-10-05T00:10:49.876606Z,KXGOLD15M-26OCT042015-15,0.9870,0.33,no
2026-10-05T00:10:50.228191Z,KXGOLD15M-26OCT042015-15,0.9870,13.84,no
2026-10-05T00:10:50.282288Z,KXGOLD15M-26OCT042015-15,0.9870,262.69,no
2026-10-05T00:10:50.282288Z,KXGOLD15M-26OCT042015-15,0.9850,59.42,no
2026-10-05T00:10:50.282288Z,KXGOLD15M-26OCT042015-15,0.9870,24.00,no
2026-10-05T00:10:51.699914Z,KXGOLD15M-26OCT042015-15,0.9880,100.00,yes
2026-10-05T00:10:52.381641Z,KXGOLD15M-26OCT042015-15,0.9870,6.97,no
2026-10-05T00:10:52.381641Z,KXGOLD15M-26OCT042015-15,0.9870,29.00,no
2026-10-05T00:10:52.459015Z,KXGOLD15M-26OCT042015-15,0.9870,100.00,no
2026-10-05T00:10:53.086388Z,KXGOLD15M-26OCT042015-15,0.9880,5.00,yes
2026-10-05T00:10:53.086388Z,KXGOLD15M-26OCT042015-15,0.9880,92.00,yes
2026-10-05T00:10:53.086388Z,KXGOLD15M-26OCT042015-15,0.9880,19.00,yes
2026-10-05T00:10:53.086388Z,KXGOLD15M-26OCT042015-15,0.9880,100.00,yes
2026-10-05T00:10:53.086388Z,KXGOLD15M-26OCT042015-15,0.9880,6.00,yes
2026-10-05T00:10:53.086388Z,KXGOLD15M-26OCT042015-15,0.9880,1.00,yes
2026-10-05T00:10:53.086388Z,KXGOLD15M-26OCT042015-15,0.9880,1970.78,yes
2026-10-05T00:10:53.130609Z,KXGOLD15M-26OCT042015-15,0.9890,109.00,yes
2026-10-05T00:10:53.130609Z,KXGOLD15M-26OCT042015-15,0.9890,382.00,yes
2026-10-05T00:10:53.130609Z,KXGOLD15M-26OCT042015-15,0.9890,600.00,yes
2026-10-05T00:10:53.130609Z,KXGOLD15M-26OCT042015-15,0.9890,350.00,yes
2026-10-05T00:10:53.130609Z,KXGOLD15M-26OCT042015-15,0.9890,2168.00,yes
2026-10-05T00:10:53.130609Z,KXGOLD15M-26OCT042015-15,0.9890,10.00,yes
2026-10-05T00:10:53.130609Z,KXGOLD15M-26OCT042015-15,0.9890,20.00,yes
2026-10-05T00:10:53.130609Z,KXGOLD15M-26OCT042015-15,0.9890,100.00,yes
2026-10-05T00:10:53.130609Z,KXGOLD15M-26OCT042015-15,0.9890,2.00,yes
2026-10-05T00:10:53.130609Z,KXGOLD15M-26OCT042015-15,0.9890,2.00,yes
2026-10-05T00:10:53.130609Z,KXGOLD15M-26OCT042015-15,0.9890,1.00,yes
2026-10-05T00:10:53.173595Z,KXGOLD15M-26OCT042015-15,0.9850,40.00,no
2026-10-05T00:10:53.173595Z,KXGOLD15M-26OCT042015-15,0.9850,130.58,no
2026-10-05T00:10:53.173595Z,KXGOLD15M-26OCT042015-15,0.9870,28.00,no
2026-10-05T00:10:53.173595Z,KXGOLD15M-26OCT042015-15,0.9850,15.00,no
2026-10-05T00:10:53.173595Z,KXGOLD15M-26OCT042015-15,0.9850,20.22,no
2026-10-05T00:10:53.173595Z,KXGOLD15M-26OCT042015-15,0.9890,28.00,no
2026-10-05T00:10:53.173595Z,KXGOLD15M-26OCT042015-15,0.9890,30.00,no
2026-10-05T00:10:53.173595Z,KXGOLD15M-26OCT042015-15,0.9850,100.00,no
2026-10-05T00:10:53.173595Z,KXGOLD15M-26OCT042015-15,0.9850,632.82,no
2026-10-05T00:10:53.173595Z,KXGOLD15M-26OCT042015-15,0.9870,101.00,no
2026-10-05T00:10:53.173595Z,KXGOLD15M-26OCT042015-15,0.9860,60.00,no
2026-10-05T00:10:53.173595Z,KXGOLD15M-26OCT042015-15,0.9860,300.00,no
2026-10-05T00:10:53.173595Z,KXGOLD15M-26OCT042015-15,0.9850,1970.78,no
2026-10-05T00:10:53.173595Z,KXGOLD15M-26OCT042015-15,0.9890,500.00,no
2026-10-05T00:10:53.31086Z,KXGOLD15M-26OCT042015-15,0.9900,0.98,yes
2026-10-05T00:10:53.412587Z,KXGOLD15M-26OCT042015-15,0.9890,71.95,no
2026-10-05T00:10:53.633324Z,KXGOLD15M-26OCT042015-15,0.9880,30.00,no
2026-10-05T00:10:53.633324Z,KXGOLD15M-26OCT042015-15,0.9890,428.05,no
2026-10-05T00:10:53.633324Z,KXGOLD15M-26OCT042015-15,0.9880,195.99,no
2026-10-05T00:10:53.633324Z,KXGOLD15M-26OCT042015-15,0.9890,28.00,no
2026-10-05T00:10:53.987816Z,KXGOLD15M-26OCT042015-15,0.9890,85.02,no
2026-10-05T00:10:54.350471Z,KXGOLD15M-26OCT042015-15,0.9900,6.73,yes
2026-10-05T00:10:54.388578Z,KXGOLD15M-26OCT042015-15,0.9900,1.00,yes
2026-10-05T00:10:54.918062Z,KXGOLD15M-26OCT042015-15,0.9900,92.56,yes
2026-10-05T00:10:55.383013Z,KXGOLD15M-26OCT042015-15,0.9900,6.04,yes
2026-10-05T00:10:55.383013Z,KXGOLD15M-26OCT042015-15,0.9900,11.30,yes
2026-10-05T00:10:55.383013Z,KXGOLD15M-26OCT042015-15,0.9900,1.04,yes
2026-10-05T00:10:55.383013Z,KXGOLD15M-26OCT042015-15,0.9900,14.41,yes
2026-10-05T00:10:55.383013Z,KXGOLD15M-26OCT042015-15,0.9900,1.06,yes
2026-10-05T00:10:55.383013Z,KXGOLD15M-26OCT042015-15,0.9900,400.00,yes
2026-10-05T00:10:55.383013Z,KXGOLD15M-26OCT042015-15,0.9900,4.60,yes
2026-10-05T00:10:55.383013Z,KXGOLD15M-26OCT042015-15,0.9900,1.23,yes
2026-10-05T00:10:55.383013Z,KXGOLD15M-26OCT042015-15,0.9900,17.27,yes
2026-10-05T00:10:55.383013Z,KXGOLD15M-26OCT042015-15,0.9900,0.13,yes
2026-10-05T00:10:55.383013Z,KXGOLD15M-26OCT042015-15,0.9900,1.00,yes
2026-10-05T00:10:55.383013Z,KXGOLD15M-26OCT042015-15,0.9900,6.63,yes
2026-10-05T00:10:55.383013Z,KXGOLD15M-26OCT042015-15,0.9900,13.10,yes
2026-10-05T00:10:55.383013Z,KXGOLD15M-26OCT042015-15,0.9900,5.30,yes
2026-10-05T00:10:55.383013Z,KXGOLD15M-26OCT042015-15,0.9900,2.00,yes
2026-10-05T00:10:55.383013Z,KXGOLD15M-26OCT042015-15,0.9900,2003.73,yes
2026-10-05T00:10:55.383013Z,KXGOLD15M-26OCT042015-15,0.9900,750.00,yes
2026-10-05T00:10:55.383013Z,KXGOLD15M-26OCT042015-15,0.9900,1.00,yes
2026-10-05T00:10:55.383013Z,KXGOLD15M-26OCT042015-15,0.9900,16.47,yes
2026-10-05T00:10:55.383013Z,KXGOLD15M-26OCT042015-15,0.9900,2.43,yes
2026-10-05T00:10:55.383013Z,KXGOLD15M-26OCT042015-15,0.9900,200.00,yes
2026-10-05T00:10:55.426993Z,KXGOLD15M-26OCT042015-15,0.9910,99.92,no
2026-10-05T00:10:55.534084Z,KXGOLD15M-26OCT042015-15,0.9920,500.00,no
2026-10-05T00:10:55.685047Z,KXGOLD15M-26OCT042015-15,0.9920,129.84,no
2026-10-05T00:10:56.117731Z,KXGOLD15M-26OCT042015-15,0.9930,2.01,yes
2026-10-05T00:10:56.257743Z,KXGOLD15M-26OCT042015-15,0.9920,500.00,no
2026-10-05T00:10:56.618189Z,KXGOLD15M-26OCT042015-15,0.9920,116.88,no
2026-10-05T00:10:56.914941Z,KXGOLD15M-26OCT042015-15,0.9920,43.53,no
2026-10-05T00:10:57.044471Z,KXGOLD15M-26OCT042015-15,0.9920,61.63,no
2026-10-05T00:10:57.106393Z,KXGOLD15M-26OCT042015-15,0.9920,229.09,no
2026-10-05T00:10:58.008099Z,KXGOLD15M-26OCT042015-15,0.9930,5.03,yes
2026-10-05T00:10:58.166534Z,KXGOLD15M-26OCT042015-15,0.9930,5.03,yes
2026-10-05T00:10:58.254664Z,KXGOLD15M-26OCT042015-15,0.9930,200.00,yes
2026-10-05T00:10:58.66441Z,KXGOLD15M-26OCT042015-15,0.9930,39.00,yes
2026-10-05T00:10:58.66727Z,KXGOLD15M-26OCT042015-15,0.9920,300.00,no
2026-10-05T00:10:59.07163Z,KXGOLD15M-26OCT042015-15,0.9930,234.19,yes
2026-10-05T00:10:59.255199Z,KXGOLD15M-26OCT042015-15,0.9920,572.73,no
2026-10-05T00:10:59.436619Z,KXGOLD15M-26OCT042015-15,0.9930,4.96,yes
2026-10-05T00:10:59.436619Z,KXGOLD15M-26OCT042015-15,0.9930,14.74,yes
2026-10-05T00:11:00.393823Z,KXGOLD15M-26OCT042015-15,0.9930,1.04,yes
2026-10-05T00:11:00.477321Z,KXGOLD15M-26OCT042015-15,0.9930,91.52,no
2026-10-05T00:11:00.477321Z,KXGOLD15M-26OCT042015-15,0.9930,908.48,no
2026-10-05T00:11:00.902673Z,KXGOLD15M-26OCT042015-15,0.9930,353.65,no
2026-10-05T00:11:00.974019Z,KXGOLD15M-26OCT042015-15,0.9930,130.90,no
2026-10-05T00:11:01.002841Z,KXGOLD15M-26OCT042015-15,0.9930,500.00,no
2026-10-05T00:11:01.002841Z,KXGOLD15M-26OCT042015-15,0.9930,6176.00,no
2026-10-05T00:11:01.002841Z,KXGOLD15M-26OCT042015-15,0.9930,8.71,no
2026-10-05T00:11:01.002841Z,KXGOLD15M-26OCT042015-15,0.9930,2003.73,no
2026-10-05T00:11:01.002841Z,KXGOLD15M-26OCT042015-15,0.9930,142.15,no
2026-10-05T00:11:01.030571Z,KXGOLD15M-26OCT042015-15,0.9940,19.15,yes
2026-10-05T00:11:01.132088Z,KXGOLD15M-26OCT042015-15,0.9930,500.00,no
2026-10-05T00:11:01.158993Z,KXGOLD15M-26OCT042015-15,0.9930,19.15,no
2026-10-05T00:11:01.416968Z,KXGOLD15M-26OCT042015-15,0.9920,106.82,no
2026-10-05T00:11:01.416968Z,KXGOLD15M-26OCT042015-15,0.9920,5.03,no
2026-10-05T00:11:01.416968Z,KXGOLD15M-26OCT042015-15,0.9920,5.03,no
2026-10-05T00:11:01.780403Z,KXGOLD15M-26OCT042015-15,0.9930,129.92,no
2026-10-05T00:11:02.369424Z,KXGOLD15M-26OCT042015-15,0.9930,130.90,no
2026-10-05T00:11:03.328001Z,KXGOLD15M-26OCT042015-15,0.9930,16.10,yes
2026-10-05T00:11:03.430713Z,KXGOLD15M-26OCT042015-15,0.9920,58.44,no
2026-10-05T00:11:03.776134Z,KXGOLD15M-26OCT042015-15,0.9930,5.00,yes
2026-10-05T00:11:03.776134Z,KXGOLD15M-26OCT042015-15,0.9930,20.16,yes
2026-10-05T00:11:04.030638Z,KXGOLD15M-26OCT042015-15,0.9930,24.46,yes
2026-10-05T00:11:04.030744Z,KXGOLD15M-26OCT042015-15,0.9920,39.00,no
2026-10-05T00:11:04.030744Z,KXGOLD15M-26OCT042015-15,0.9920,34.74,no
2026-10-05T00:11:04.030744Z,KXGOLD15M-26OCT042015-15,0.9920,19.04,no
2026-10-05T00:11:04.244089Z,KXGOLD15M-26OCT042015-15,0.9920,27.29,no
2026-10-05T00:11:04.397023Z,KXGOLD15M-26OCT042015-15,0.9920,11.45,no
2026-10-05T00:11:04.49556Z,KXGOLD15M-26OCT042015-15,0.9920,116.88,no
2026-10-05T00:11:05.003501Z,KXGOLD15M-26OCT042015-15,0.9900,30.00,no
2026-10-05T00:11:05.003501Z,KXGOLD15M-26OCT042015-15,0.9900,97.18,no
2026-10-05T00:11:05.003501Z,KXGOLD15M-26OCT042015-15,0.9920,59.53,no
2026-10-05T00:11:05.003501Z,KXGOLD15M-26OCT042015-15,0.9920,14.74,no
2026-10-05T00:11:06.081127Z,KXGOLD15M-26OCT042015-15,0.9930,0.39,yes
2026-10-05T00:11:06.087159Z,KXGOLD15M-26OCT042015-15,0.9910,20.78,no
2026-10-05T00:11:06.357977Z,KXGOLD15M-26OCT042015-15,0.9930,500.00,no
2026-10-05T00:11:06.357977Z,KXGOLD15M-26OCT042015-15,0.9920,16.83,no
2026-10-05T00:11:07.064617Z,KXGOLD15M-26OCT042015-15,0.9940,21.95,yes
2026-10-05T00:11:07.064617Z,KXGOLD15M-26OCT042015-15,0.9940,480.85,yes
2026-10-05T00:11:07.448292Z,KXGOLD15M-26OCT042015-15,0.9930,261.80,no
2026-10-05T00:11:07.767239Z,KXGOLD15M-26OCT042015-15,0.9930,26.71,no
2026-10-05T00:11:08.299222Z,KXGOLD15M-26OCT042015-15,0.9930,130.90,no
2026-10-05T00:11:08.518837Z,KXGOLD15M-26OCT042015-15,0.9940,55.16,yes
2026-10-05T00:11:08.583806Z,KXGOLD15M-26OCT042015-15,0.9930,50.31,no
2026-10-05T00:11:08.583806Z,KXGOLD15M-26OCT042015-15,0.9930,80.59,no
2026-10-05T00:11:09.228833Z,KXGOLD15M-26OCT042015-15,0.9930,0.10,no
2026-10-05T00:11:09.23635Z,KXGOLD15M-26OCT042015-15,0.9940,20.50,yes
2026-10-05T00:11:09.272842Z,KXGOLD15M-26OCT042015-15,0.9930,130.90,no
2026-10-05T00:11:09.452872Z,KXGOLD15M-26OCT042015-15,0.9930,130.90,no
2026-10-05T00:11:09.527004Z,KXGOLD15M-26OCT042015-15,0.9930,65.45,no
2026-10-05T00:11:10.159359Z,KXGOLD15M-26OCT042015-15,0.9940,0.74,yes
2026-10-05T00:11:10.751741Z,KXGOLD15M-26OCT042015-15,0.9940,0.46,yes
2026-10-05T00:11:11.915419Z,KXGOLD15M-26OCT042015-15,0.9940,20.50,yes
2026-10-05T00:11:11.915419Z,KXGOLD15M-26OCT042015-15,0.9940,479.45,yes
2026-10-05T00:11:11.915419Z,KXGOLD15M-26OCT042015-15,0.9940,21.95,yes
2026-10-05T00:11:11.915419Z,KXGOLD15M-26OCT042015-15,0.9940,55.16,yes
2026-10-05T00:11:11.915419Z,KXGOLD15M-26OCT042015-15,0.9940,5.00,yes
2026-10-05T00:11:11.915419Z,KXGOLD15M-26OCT042015-15,0.9940,1.19,yes
2026-10-05T00:11:12.26866Z,KXGOLD15M-26OCT042015-15,0.9930,103.19,no
2026-10-05T00:11:12.26866Z,KXGOLD15M-26OCT042015-15,0.9930,158.61,no
2026-10-05T00:11:13.033173Z,KXGOLD15M-26OCT042015-15,0.9930,33.39,no
2026-10-05T00:11:13.193785Z,KXGOLD15M-26OCT042015-15,0.9920,126.58,no
2026-10-05T00:11:13.193785Z,KXGOLD15M-26OCT042015-15,0.9930,500.00,no
2026-10-05T00:11:13.94938Z,KXGOLD15M-26OCT042015-15,0.9920,40.71,no
2026-10-05T00:11:13.94938Z,KXGOLD15M-26OCT042015-15,0.9930,500.00,no
2026-10-05T00:11:14.31659Z,KXGOLD15M-26OCT042015-15,0.9950,10.04,yes
2026-10-05T00:11:14.55349Z,KXGOLD15M-26OCT042015-15,0.9940,100.00,yes
2026-10-05T00:11:14.55349Z,KXGOLD15M-26OCT042015-15,0.9940,6.00,yes
2026-10-05T00:11:14.55349Z,KXGOLD15M-26OCT042015-15,0.9940,5.00,yes
2026-10-05T00:11:14.55349Z,KXGOLD15M-26OCT042015-15,0.9950,223.37,yes
2026-10-05T00:11:14.710358Z,KXGOLD15M-26OCT042015-15,0.9940,500.00,no
2026-10-05T00:11:14.710358Z,KXGOLD15M-26OCT042015-15,0.9940,10.04,no
2026-10-05T00:11:15.099265Z,KXGOLD15M-26OCT042015-15,0.9940,119.96,no
2026-10-05T00:11:15.178742Z,KXGOLD15M-26OCT042015-15,0.9950,3.33,yes
2026-10-05T00:11:15.35206Z,KXGOLD15M-26OCT042015-15,0.9950,284.43,yes
2026-10-05T00:11:15.65134Z,KXGOLD15M-26OCT042015-15,0.9940,2.07,no
2026-10-05T00:11:16.61984Z,KXGOLD15M-26OCT042015-15,0.9950,0.84,yes
2026-10-05T00:11:16.655273Z,KXGOLD15M-26OCT042015-15,0.9940,5.11,no
2026-10-05T00:11:18.007706Z,KXGOLD15M-26OCT042015-15,0.9930,40.00,no
2026-10-05T00:11:18.007706Z,KXGOLD15M-26OCT042015-15,0.9940,0.84,no
2026-10-05T00:11:18.007706Z,KXGOLD15M-26OCT042015-15,0.9940,500.00,no
2026-10-05T00:11:18.007706Z,KXGOLD15M-26OCT042015-15,0.9940,284.43,no
2026-10-05T00:11:18.007706Z,KXGOLD15M-26OCT042015-15,0.9940,3.33,no
2026-10-05T00:11:18.007706Z,KXGOLD15M-26OCT042015-15,0.9920,315.88,no
2026-10-05T00:11:18.007706Z,KXGOLD15M-26OCT042015-15,0.9930,223.37,no
2026-10-05T00:11:18.007706Z,KXGOLD15M-26OCT042015-15,0.9920,23.99,no
2026-10-05T00:11:18.614927Z,KXGOLD15M-26OCT042015-15,0.9950,1.00,yes
2026-10-05T00:11:18.716435Z,KXGOLD15M-26OCT042015-15,0.9940,1.00,no
2026-10-05T00:11:18.851839Z,KXGOLD15M-26OCT042015-15,0.9930,22.21,no
2026-10-05T00:11:20.143225Z,KXGOLD15M-26OCT042015-15,0.9940,133.58,no
2026-10-05T00:11:21.333394Z,KXGOLD15M-26OCT042015-15,0.9950,80.00,yes
2026-10-05T00:11:21.333394Z,KXGOLD15M-26OCT042015-15,0.9950,5.00,yes
2026-10-05T00:11:21.333394Z,KXGOLD15M-26OCT042015-15,0.9950,226.99,yes
2026-10-05T00:11:21.448818Z,KXGOLD15M-26OCT042015-15,0.9940,311.64,no
2026-10-05T00:11:21.693127Z,KXGOLD15M-26OCT042015-15,0.9960,5.00,yes
2026-10-05T00:11:21.693127Z,KXGOLD15M-26OCT042015-15,0.9960,80.00,yes
2026-10-05T00:11:21.693127Z,KXGOLD15M-26OCT042015-15,0.9970,2600.82,yes
2026-10-05T00:11:21.693127Z,KXGOLD15M-26OCT042015-15,0.9960,1000.00,yes
2026-10-05T00:11:21.693127Z,KXGOLD15M-26OCT042015-15,0.9970,1250.00,yes
2026-10-05T00:11:21.767291Z,KXGOLD15M-26OCT042015-15,0.9960,155.83,no
2026-10-05T00:11:21.840344Z,KXGOLD15M-26OCT042015-15,0.9960,344.17,no
2026-10-05T00:11:21.840344Z,KXGOLD15M-26OCT042015-15,0.9950,285.91,no
2026-10-05T00:11:22.043033Z,KXGOLD15M-26OCT042015-15,0.9960,500.00,no
2026-10-05T00:11:22.186478Z,KXGOLD15M-26OCT042015-15,0.9960,130.16,no
2026-10-05T00:11:22.738808Z,KXGOLD15M-26OCT042015-15,0.9960,46.74,no
2026-10-05T00:11:23.266093Z,KXGOLD15M-26OCT042015-15,0.9960,229.04,no
2026-10-05T00:11:23.90403Z,KXGOLD15M-26OCT042015-15,0.9950,840.83,no
2026-10-05T00:11:23.90403Z,KXGOLD15M-26OCT042015-15,0.9960,94.06,no
2026-10-05T00:11:23.964605Z,KXGOLD15M-26OCT042015-15,0.9950,933.24,no
2026-10-05T00:11:24.02128Z,KXGOLD15M-26OCT042015-15,0.9960,392.03,no
2026-10-05T00:11:24.68299Z,KXGOLD15M-26OCT042015-15,0.9960,107.97,no
2026-10-05T00:11:24.68299Z,KXGOLD15M-26OCT042015-15,0.9950,79.00,no
2026-10-05T00:11:25.11197Z,KXGOLD15M-26OCT042015-15,0.9950,461.84,no
2026-10-05T00:11:25.11197Z,KXGOLD15M-26OCT042015-15,0.9950,1000.00,no
2026-10-05T00:11:25.11197Z,KXGOLD15M-26OCT042015-15,0.9950,407.93,no
2026-10-05T00:11:25.634644Z,KXGOLD15M-26OCT042015-15,0.9950,186.97,no
2026-10-05T00:11:25.970648Z,KXGOLD15M-26OCT042015-15,0.9950,186.97,no
2026-10-05T00:11:26.466246Z,KXGOLD15M-26OCT042015-15,0.9960,0.25,yes
2026-10-05T00:11:26.746613Z,KXGOLD15M-26OCT042015-15,0.9950,1.00,no
2026-10-05T00:11:28.128824Z,KXGOLD15M-26OCT042015-15,0.9970,750.00,yes
2026-10-05T00:11:28.128824Z,KXGOLD15M-26OCT042015-15,0.9960,500.00,yes
2026-10-05T00:11:28.128824Z,KXGOLD15M-26OCT042015-15,0.9960,4.75,yes
2026-10-05T00:11:28.128824Z,KXGOLD15M-26OCT042015-15,0.9960,80.00,yes
2026-10-05T00:11:28.128824Z,KXGOLD15M-26OCT042015-15,0.9970,1000.00,yes
2026-10-05T00:11:28.128824Z,KXGOLD15M-26OCT042015-15,0.9980,264.75,yes
2026-10-05T00:11:28.128824Z,KXGOLD15M-26OCT042015-15,0.9970,399.18,yes
2026-10-05T00:11:28.128824Z,KXGOLD15M-26OCT042015-15,0.9970,10.00,yes
2026-10-05T00:11:28.239423Z,KXGOLD15M-26OCT042015-15,0.9950,98.04,no
2026-10-05T00:11:28.385052Z,KXGOLD15M-26OCT042015-15,0.9960,85.08,yes
2026-10-05T00:11:28.445489Z,KXGOLD15M-26OCT042015-15,0.9960,3.01,yes
2026-10-05T00:11:28.629836Z,KXGOLD15M-26OCT042015-15,0.9960,6.29,yes
2026-10-05T00:11:29.254822Z,KXGOLD15M-26OCT042015-15,0.9950,247.10,no
2026-10-05T00:11:29.254822Z,KXGOLD15M-26OCT042015-15,0.9950,369.09,no
2026-10-05T00:11:29.254822Z,KXGOLD15M-26OCT042015-15,0.9950,300.00,no
2026-10-05T00:11:29.259673Z,KXGOLD15M-26OCT042015-15,0.9950,186.97,no
2026-10-05T00:11:29.771641Z,KXGOLD15M-26OCT042015-15,0.9950,65.93,no
2026-10-05T00:11:29.771641Z,KXGOLD15M-26OCT042015-15,0.9950,121.04,no
2026-10-05T00:11:30.276377Z,KXGOLD15M-26OCT042015-15,0.9960,186.97,no
2026-10-05T00:11:30.698501Z,KXGOLD15M-26OCT042015-15,0.9960,229.04,no
2026-10-05T00:11:31.875267Z,KXGOLD15M-26OCT042015-15,0.9970,51.14,yes
2026-10-05T00:11:32.414268Z,KXGOLD15M-26OCT042015-15,0.9960,387.50,no
2026-10-05T00:11:32.414268Z,KXGOLD15M-26OCT042015-15,0.9950,240.25,no
2026-10-05T00:11:32.414268Z,KXGOLD15M-26OCT042015-15,0.9960,83.99,no
2026-10-05T00:11:32.414268Z,KXGOLD15M-26OCT042015-15,0.9960,100.00,no
2026-10-05T00:11:33.173342Z,KXGOLD15M-26OCT042015-15,0.9960,135.54,no
2026-10-05T00:11:33.623371Z,KXGOLD15M-26OCT042015-15,0.9960,23.37,no
2026-10-05T00:11:33.836806Z,KXGOLD15M-26OCT042015-15,0.9970,24.56,yes
2026-10-05T00:11:33.993249Z,KXGOLD15M-26OCT042015-15,0.9960,23.37,no
2026-10-05T00:11:33.999248Z,KXGOLD15M-26OCT042015-15,0.9970,5.30,yes
2026-10-05T00:11:33.999248Z,KXGOLD15M-26OCT042015-15,0.9970,5.00,yes
2026-10-05T00:11:33.999248Z,KXGOLD15M-26OCT042015-15,0.9970,11.94,yes
2026-10-05T00:11:34.138556Z,KXGOLD15M-26OCT042015-15,0.9970,2.45,yes
2026-10-05T00:11:35.332026Z,KXGOLD15M-26OCT042015-15,0.9960,125.00,no
2026-10-05T00:11:35.332026Z,KXGOLD15M-26OCT042015-15,0.9960,500.00,no
2026-10-05T00:11:35.332026Z,KXGOLD15M-26OCT042015-15,0.9960,1111.00,no
2026-10-05T00:11:35.332026Z,KXGOLD15M-26OCT042015-15,0.9950,94.58,no
2026-10-05T00:11:35.332026Z,KXGOLD15M-26OCT042015-15,0.9950,37.89,no
2026-10-05T00:11:35.421751Z,KXGOLD15M-26OCT042015-15,0.9950,5.09,no
2026-10-05T00:11:35.951315Z,KXGOLD15M-26OCT042015-15,0.9950,200.00,no
2026-10-05T00:11:35.951315Z,KXGOLD15M-26OCT042015-15,0.9960,500.00,no
2026-10-05T00:11:35.951315Z,KXGOLD15M-26OCT042015-15,0.9930,30.00,no
2026-10-05T00:11:35.951315Z,KXGOLD15M-26OCT042015-15,0.9940,226.99,no
2026-10-05T00:11:35.951315Z,KXGOLD15M-26OCT042015-15,0.9930,93.27,no
2026-10-05T00:11:35.951315Z,KXGOLD15M-26OCT042015-15,0.9950,650.33,no
2026-10-05T00:11:35.951315Z,KXGOLD15M-26OCT042015-15,0.9940,300.00,no
2026-10-05T00:11:36.077259Z,KXGOLD15M-26OCT042015-15,0.9940,42.28,no
2026-10-05T00:11:36.291046Z,KXGOLD15M-26OCT042015-15,0.9970,29.83,yes
2026-10-05T00:11:37.727715Z,KXGOLD15M-26OCT042015-15,0.9960,1.01,no
2026-10-05T00:11:37.846378Z,KXGOLD15M-26OCT042015-15,0.9960,3.92,no
2026-10-05T00:11:37.948669Z,KXGOLD15M-26OCT042015-15,0.9960,229.04,no
2026-10-05T00:11:38.36046Z,KXGOLD15M-26OCT042015-15,0.9960,38.94,no
2026-10-05T00:11:38.587469Z,KXGOLD15M-26OCT042015-15,0.9960,227.09,no
2026-10-05T00:11:38.587469Z,KXGOLD15M-26OCT042015-15,0.9960,1.95,no
2026-10-05T00:11:38.664902Z,KXGOLD15M-26OCT042015-15,0.9960,6.50,no
2026-10-05T00:11:39.537525Z,KXGOLD15M-26OCT042015-15,0.9960,21.00,no
2026-10-05T00:11:39.537525Z,KXGOLD15M-26OCT042015-15,0.9960,21.00,no
2026-10-05T00:11:39.537525Z,KXGOLD15M-26OCT042015-15,0.9960,31.55,no
2026-10-05T00:11:39.537525Z,KXGOLD15M-26OCT042015-15,0.9960,19.98,no
2026-10-05T00:11:39.537525Z,KXGOLD15M-26OCT042015-15,0.9960,21.00,no
2026-10-05T00:11:39.643805Z,KXGOLD15M-26OCT042015-15,0.9960,1.02,no
2026-10-05T00:11:39.643805Z,KXGOLD15M-26OCT042015-15,0.9960,228.02,no
2026-10-05T00:11:40.268635Z,KXGOLD15M-26OCT042015-15,0.9960,36.12,no
2026-10-05T00:11:40.430123Z,KXGOLD15M-26OCT042015-15,0.9970,24.56,yes
2026-10-05T00:11:40.430123Z,KXGOLD15M-26OCT042015-15,0.9970,26.76,yes
2026-10-05T00:11:40.430123Z,KXGOLD15M-26OCT042015-15,0.9970,5.30,yes
2026-10-05T00:11:40.430123Z,KXGOLD15M-26OCT042015-15,0.9970,5.00,yes
2026-10-05T00:11:40.430123Z,KXGOLD15M-26OCT042015-15,0.9970,21.31,yes
2026-10-05T00:11:41.785463Z,KXGOLD15M-26OCT042015-15,0.9960,1.04,no
2026-10-05T00:11:41.929391Z,KXGOLD15M-26OCT042015-15,0.9970,16.99,yes
2026-10-05T00:11:42.42527Z,KXGOLD15M-26OCT042015-15,0.9960,2.29,no
2026-10-05T00:11:42.767075Z,KXGOLD15M-26OCT042015-15,0.9970,29.83,yes
2026-10-05T00:11:42.767075Z,KXGOLD15M-26OCT042015-15,0.9970,215.03,yes
2026-10-05T00:11:42.767075Z,KXGOLD15M-26OCT042015-15,0.9970,156.25,yes
2026-10-05T00:11:44.098768Z,KXGOLD15M-26OCT042015-15,0.9960,229.04,no
2026-10-05T00:11:44.455928Z,KXGOLD15M-26OCT042015-15,0.9970,593.45,yes
2026-10-05T00:11:44.755827Z,KXGOLD15M-26OCT042015-15,0.9970,5.01,yes
2026-10-05T00:11:45.263422Z,KXGOLD15M-26OCT042015-15,0.9960,3.49,no
2026-10-05T00:11:45.263422Z,KXGOLD15M-26OCT042015-15,0.9960,42.00,no
2026-10-05T00:11:45.263422Z,KXGOLD15M-26OCT042015-15,0.9960,3.00,no
2026-10-05T00:11:45.263422Z,KXGOLD15M-26OCT042015-15,0.9960,21.00,no
2026-10-05T00:11:45.469811Z,KXGOLD15M-26OCT042015-15,0.9950,215.03,no
2026-10-05T00:11:45.469811Z,KXGOLD15M-26OCT042015-15,0.9950,10.00,no
2026-10-05T00:11:45.469811Z,KXGOLD15M-26OCT042015-15,0.9950,0.75,no
2026-10-05T00:11:45.469811Z,KXGOLD15M-26OCT042015-15,0.9950,593.45,no
2026-10-05T00:11:45.469811Z,KXGOLD15M-26OCT042015-15,0.9950,79.79,no
2026-10-05T00:11:45.469811Z,KXGOLD15M-26OCT042015-15,0.9950,5.25,no
2026-10-05T00:11:45.469811Z,KXGOLD15M-26OCT042015-15,0.9950,10.50,no
2026-10-05T00:11:45.469811Z,KXGOLD15M-26OCT042015-15,0.9950,5.25,no
2026-10-05T00:11:45.469811Z,KXGOLD15M-26OCT042015-15,0.9950,5.25,no
2026-10-05T00:11:45.6992Z,KXGOLD15M-26OCT042015-15,0.9950,186.97,no
2026-10-05T00:11:46.22976Z,KXGOLD15M-26OCT042015-15,0.9950,186.97,no
2026-10-05T00:11:46.238899Z,KXGOLD15M-26OCT042015-15,0.9960,0.03,yes
2026-10-05T00:11:46.735834Z,KXGOLD15M-26OCT042015-15,0.9940,86.88,no
2026-10-05T00:11:46.735834Z,KXGOLD15M-26OCT042015-15,0.9940,30.00,no
2026-10-05T00:11:46.735834Z,KXGOLD15M-26OCT042015-15,0.9950,46.27,no
2026-10-05T00:11:46.822349Z,KXGOLD15M-26OCT042015-15,0.9960,20.07,yes
2026-10-05T00:11:47.516576Z,KXGOLD15M-26OCT042015-15,0.9950,91.62,no
2026-10-05T00:11:47.639755Z,KXGOLD15M-26OCT042015-15,0.9950,10.18,no
2026-10-05T00:11:47.693235Z,KXGOLD15M-26OCT042015-15,0.9950,398.20,no
2026-10-05T00:11:48.435395Z,KXGOLD15M-26OCT042015-15,0.9940,102.84,no
2026-10-05T00:11:48.811586Z,KXGOLD15M-26OCT042015-15,0.9960,30.77,yes
2026-10-05T00:11:49.090602Z,KXGOLD15M-26OCT042015-15,0.9960,2.00,yes
2026-10-05T00:11:49.109234Z,KXGOLD15M-26OCT042015-15,0.9950,155.83,no
2026-10-05T00:11:49.433578Z,KXGOLD15M-26OCT042015-15,0.9950,186.97,no
2026-10-05T00:11:49.49157Z,KXGOLD15M-26OCT042015-15,0.9950,157.20,no
2026-10-05T00:11:49.788999Z,KXGOLD15M-26OCT042015-15,0.9950,303.37,no
2026-10-05T00:11:50.036053Z,KXGOLD15M-26OCT042015-15,0.9960,200.00,yes
2026-10-05T00:11:50.052203Z,KXGOLD15M-26OCT042015-15,0.9960,177.64,yes
2026-10-05T00:11:50.052203Z,KXGOLD15M-26OCT042015-15,0.9960,1.36,yes
2026-10-05T00:11:50.429274Z,KXGOLD15M-26OCT042015-15,0.9950,186.97,no
2026-10-05T00:11:50.573117Z,KXGOLD15M-26OCT042015-15,0.9940,8.65,no
2026-10-05T00:11:50.573117Z,KXGOLD15M-26OCT042015-15,0.9950,9.66,no
2026-10-05T00:11:50.88646Z,KXGOLD15M-26OCT042015-15,0.9950,138.04,no
2026-10-05T00:11:51.263314Z,KXGOLD15M-26OCT042015-15,0.9950,361.96,no
2026-10-05T00:11:51.354655Z,KXGOLD15M-26OCT042015-15,0.9960,24.75,yes
2026-10-05T00:11:52.023793Z,KXGOLD15M-26OCT042015-15,0.9960,44.47,yes
2026-10-05T00:11:52.023793Z,KXGOLD15M-26OCT042015-15,0.9960,53.89,yes
2026-10-05T00:11:53.054872Z,KXGOLD15M-26OCT042015-15,0.9950,0.52,no
2026-10-05T00:11:53.404685Z,KXGOLD15M-26OCT042015-15,0.9950,186.97,no
2026-10-05T00:11:53.614687Z,KXGOLD15M-26OCT042015-15,0.9950,186.97,no
2026-10-05T00:11:53.717894Z,KXGOLD15M-26OCT042015-15,0.9960,1.36,yes
2026-10-05T00:11:53.717894Z,KXGOLD15M-26OCT042015-15,0.9960,1.50,yes
2026-10-05T00:11:53.717894Z,KXGOLD15M-26OCT042015-15,0.9960,5.00,yes
2026-10-05T00:11:56.214911Z,KXGOLD15M-26OCT042015-15,0.9960,23.25,yes
2026-10-05T00:11:56.214911Z,KXGOLD15M-26OCT042015-15,0.9960,26.93,yes
2026-10-05T00:11:56.781891Z,KXGOLD15M-26OCT042015-15,0.9940,8.01,no
2026-10-05T00:11:56.781891Z,KXGOLD15M-26OCT042015-15,0.9940,30.00,no
2026-10-05T00:11:56.781891Z,KXGOLD15M-26OCT042015-15,0.9950,125.54,no
2026-10-05T00:11:56.781891Z,KXGOLD15M-26OCT042015-15,0.9940,5.25,no
2026-10-05T00:11:56.781891Z,KXGOLD15M-26OCT042015-15,0.9940,5.25,no
2026-10-05T00:11:57.459682Z,KXGOLD15M-26OCT042015-15,0.9950,500.00,no
2026-10-05T00:11:57.459682Z,KXGOLD15M-26OCT042015-15,0.9940,31.99,no
2026-10-05T00:11:57.459682Z,KXGOLD15M-26OCT042015-15,0.9930,64.12,no
2026-10-05T00:11:58.391975Z,KXGOLD15M-26OCT042015-15,0.9940,500.00,no
2026-10-05T00:11:58.391975Z,KXGOLD15M-26OCT042015-15,0.9910,30.00,no
2026-10-05T00:11:58.391975Z,KXGOLD15M-26OCT042015-15,0.9910,165.73,no
2026-10-05T00:11:58.391975Z,KXGOLD15M-26OCT042015-15,0.9930,107.36,no
2026-10-05T00:11:58.391975Z,KXGOLD15M-26OCT042015-15,0.9910,10.00,no
2026-10-05T00:11:59.035135Z,KXGOLD15M-26OCT042015-15,0.9960,20.07,yes
2026-10-05T00:11:59.083568Z,KXGOLD15M-26OCT042015-15,0.9940,30.00,no
2026-10-05T00:11:59.083568Z,KXGOLD15M-26OCT042015-15,0.9900,300.00,no
2026-10-05T00:11:59.083568Z,KXGOLD15M-26OCT042015-15,0.9950,500.00,no
2026-10-05T00:11:59.083568Z,KXGOLD15M-26OCT042015-15,0.9910,100.00,no
2026-10-05T00:11:59.083568Z,KXGOLD15M-26OCT042015-15,0.9890,677.31,no
2026-10-05T00:11:59.083568Z,KXGOLD15M-26OCT042015-15,0.9910,10.00,no
2026-10-05T00:11:59.083568Z,KXGOLD15M-26OCT042015-15,0.9900,10.00,no
2026-10-05T00:11:59.292597Z,KXGOLD15M-26OCT042015-15,0.9960,3.01,yes
2026-10-05T00:11:59.663753Z,KXGOLD15M-26OCT042015-15,0.9910,14.00,no
2026-10-05T00:11:59.663753Z,KXGOLD15M-26OCT042015-15,0.9880,40.00,no
2026-10-05T00:11:59.663753Z,KXGOLD15M-26OCT042015-15,0.9860,320.17,no
2026-10-05T00:11:59.663753Z,KXGOLD15M-26OCT042015-15,0.9880,154.01,no
2026-10-05T00:11:59.663753Z,KXGOLD15M-26OCT042015-15,0.9880,60.00,no
2026-10-05T00:11:59.663753Z,KXGOLD15M-26OCT042015-15,0.9890,2.01,no
2026-10-05T00:11:59.663753Z,KXGOLD15M-26OCT042015-15,0.9880,60.00,no
2026-10-05T00:11:59.663753Z,KXGOLD15M-26OCT042015-15,0.9890,72.69,no
2026-10-05T00:11:59.772171Z,KXGOLD15M-26OCT042015-15,0.9890,400.00,yes
2026-10-05T00:11:59.797036Z,KXGOLD15M-26OCT042015-15,0.9950,5.00,yes
2026-10-05T00:11:59.797036Z,KXGOLD15M-26OCT042015-15,0.9950,64.00,yes
2026-10-05T00:12:00.056828Z,KXGOLD15M-26OCT042015-15,0.9950,44.00,yes
2026-10-05T00:12:00.056828Z,KXGOLD15M-26OCT042015-15,0.9950,5.00,yes
2026-10-05T00:12:01.192789Z,KXGOLD15M-26OCT042015-15,0.9950,5.00,yes
2026-10-05T00:12:01.192789Z,KXGOLD15M-26OCT042015-15,0.9960,36.30,yes
2026-10-05T00:12:01.216454Z,KXGOLD15M-26OCT042015-15,0.9950,5.00,yes
2026-10-05T00:12:01.216454Z,KXGOLD15M-26OCT042015-15,0.9960,36.30,yes
2026-10-05T00:12:01.216454Z,KXGOLD15M-26OCT042015-15,0.9960,64.00,yes
2026-10-05T00:12:01.216454Z,KXGOLD15M-26OCT042015-15,0.9960,43.70,yes
2026-10-05T00:12:01.216454Z,KXGOLD15M-26OCT042015-15,0.9970,352.53,yes
2026-10-05T00:12:01.561419Z,KXGOLD15M-26OCT042015-15,0.9960,0.07,yes
2026-10-05T00:12:02.615505Z,KXGOLD15M-26OCT042015-15,0.9950,357.54,no
2026-10-05T00:12:02.615505Z,KXGOLD15M-26OCT042015-15,0.9930,60.00,no
2026-10-05T00:12:02.615505Z,KXGOLD15M-26OCT042015-15,0.9900,30.00,no
2026-10-05T00:12:02.615505Z,KXGOLD15M-26OCT042015-15,0.9930,60.00,no
2026-10-05T00:12:02.615505Z,KXGOLD15M-26OCT042015-15,0.9890,6.80,no
2026-10-05T00:12:02.615505Z,KXGOLD15M-26OCT042015-15,0.9900,101.00,no
2026-10-05T00:12:02.615505Z,KXGOLD15M-26OCT042015-15,0.9930,10.00,no
2026-10-05T00:12:03.633904Z,KXGOLD15M-26OCT042015-15,0.9910,29.00,no
2026-10-05T00:12:03.633904Z,KXGOLD15M-26OCT042015-15,0.9890,48.46,no
2026-10-05T00:12:04.523445Z,KXGOLD15M-26OCT042015-15,0.9910,26.00,no
2026-10-05T00:12:04.523445Z,KXGOLD15M-26OCT042015-15,0.9890,62.91,no
2026-10-05T00:12:05.281551Z,KXGOLD15M-26OCT042015-15,0.9860,52.22,no
2026-10-05T00:12:05.281551Z,KXGOLD15M-26OCT042015-15,0.9860,30.00,no
2026-10-05T00:12:05.281551Z,KXGOLD15M-26OCT042015-15,0.9860,30.00,no
2026-10-05T00:12:05.281551Z,KXGOLD15M-26OCT042015-15,0.9890,40.00,no
2026-10-05T00:12:05.281551Z,KXGOLD15M-26OCT042015-15,0.9870,30.00,no
2026-10-05T00:12:05.281551Z,KXGOLD15M-26OCT042015-15,0.9910,23.00,no
2026-10-05T00:12:05.281551Z,KXGOLD15M-26OCT042015-15,0.9860,60.00,no
2026-10-05T00:12:05.281551Z,KXGOLD15M-26OCT042015-15,0.9890,188.63,no
2026-10-05T00:12:05.641496Z,KXGOLD15M-26OCT042015-15,0.9950,1.00,yes
2026-10-05T00:12:05.830387Z,KXGOLD15M-26OCT042015-15,0.9950,80.00,yes
2026-10-05T00:12:06.592836Z,KXGOLD15M-26OCT042015-15,0.9840,40.93,no
2026-10-05T00:12:06.592836Z,KXGOLD15M-26OCT042015-15,0.9850,81.00,no
2026-10-05T00:12:07.172007Z,KXGOLD15M-26OCT042015-15,0.9950,2.00,yes
2026-10-05T00:12:08.862787Z,KXGOLD15M-26OCT042015-15,0.9950,130.90,yes
2026-10-05T00:12:09.471092Z,KXGOLD15M-26OCT042015-15,0.9900,5.19,no
2026-10-05T00:12:11.634585Z,KXGOLD15M-26OCT042015-15,0.9950,36.77,yes
2026-10-05T00:12:11.871156Z,KXGOLD15M-26OCT042015-15,0.9950,15.69,yes
2026-10-05T00:12:11.880543Z,KXGOLD15M-26OCT042015-15,0.9880,37.39,no
2026-10-05T00:12:12.249158Z,KXGOLD15M-26OCT042015-15,0.9880,39.00,no
2026-10-05T00:12:12.249158Z,KXGOLD15M-26OCT042015-15,0.9860,31.79,no
2026-10-05T00:12:12.346705Z,KXGOLD15M-26OCT042015-15,0.9840,24.07,no
2026-10-05T00:12:12.346705Z,KXGOLD15M-26OCT042015-15,0.9840,101.00,no
2026-10-05T00:12:12.346705Z,KXGOLD15M-26OCT042015-15,0.9830,50.86,no
2026-10-05T00:12:12.346705Z,KXGOLD15M-26OCT042015-15,0.9850,30.00,no
2026-10-05T00:12:12.346705Z,KXGOLD15M-26OCT042015-15,0.9850,60.00,no
2026-10-05T00:12:12.346705Z,KXGOLD15M-26OCT042015-15,0.9850,30.00,no
2026-10-05T00:12:12.346705Z,KXGOLD15M-26OCT042015-15,0.9850,60.00,no
2026-10-05T00:12:12.346705Z,KXGOLD15M-26OCT042015-15,0.9860,268.21,no
2026-10-05T00:12:13.919817Z,KXGOLD15M-26OCT042015-15,0.9810,8.00,no
2026-10-05T00:12:13.919817Z,KXGOLD15M-26OCT042015-15,0.9820,101.00,no
2026-10-05T00:12:13.919817Z,KXGOLD15M-26OCT042015-15,0.9910,500.00,no
2026-10-05T00:12:13.919817Z,KXGOLD15M-26OCT042015-15,0.9810,77.92,no
2026-10-05T00:12:13.919817Z,KXGOLD15M-26OCT042015-15,0.9830,9.00,no
2026-10-05T00:12:13.919817Z,KXGOLD15M-26OCT042015-15,0.9900,15.00,no
2026-10-05T00:12:14.064475Z,KXGOLD15M-26OCT042015-15,0.9910,10.18,no
2026-10-05T00:12:14.179109Z,KXGOLD15M-26OCT042015-15,0.9910,315.29,no
2026-10-05T00:12:14.389337Z,KXGOLD15M-26OCT042015-15,0.9930,1.00,yes
2026-10-05T00:12:14.593719Z,KXGOLD15M-26OCT042015-15,0.9930,130.00,yes
2026-10-05T00:12:14.593719Z,KXGOLD15M-26OCT042015-15,0.9960,283.66,yes
2026-10-05T00:12:14.593719Z,KXGOLD15M-26OCT042015-15,0.9940,54.00,yes
2026-10-05T00:12:14.593719Z,KXGOLD15M-26OCT042015-15,0.9930,4.00,yes
2026-10-05T00:12:14.593719Z,KXGOLD15M-26OCT042015-15,0.9950,233.64,yes
2026-10-05T00:12:14.892301Z,KXGOLD15M-26OCT042015-15,0.9940,2.01,yes
2026-10-05T00:12:15.27909Z,KXGOLD15M-26OCT042015-15,0.9930,1.00,yes
2026-10-05T00:12:15.62671Z,KXGOLD15M-26OCT042015-15,0.9910,101.83,no
2026-10-05T00:12:16.58829Z,KXGOLD15M-26OCT042015-15,0.9910,62.34,no
2026-10-05T00:12:17.177193Z,KXGOLD15M-26OCT042015-15,0.9910,416.56,no
2026-10-05T00:12:17.223577Z,KXGOLD15M-26OCT042015-15,0.9940,0.31,yes
2026-10-05T00:12:17.223577Z,KXGOLD15M-26OCT042015-15,0.9920,2.00,yes
2026-10-05T00:12:17.223577Z,KXGOLD15M-26OCT042015-15,0.9920,500.00,yes
2026-10-05T00:12:17.468872Z,KXGOLD15M-26OCT042015-15,0.9910,79.81,no
2026-10-05T00:12:17.602294Z,KXGOLD15M-26OCT042015-15,0.9920,1.10,yes
2026-10-05T00:12:17.778008Z,KXGOLD15M-26OCT042015-15,0.9910,3.63,no
2026-10-05T00:12:17.778008Z,KXGOLD15M-26OCT042015-15,0.9900,8.69,no
2026-10-05T00:12:18.075705Z,KXGOLD15M-26OCT042015-15,0.9930,98.73,yes
2026-10-05T00:12:18.240929Z,KXGOLD15M-26OCT042015-15,0.9910,139.10,no
2026-10-05T00:12:18.271703Z,KXGOLD15M-26OCT042015-15,0.9910,80.95,no
2026-10-05T00:12:18.510078Z,KXGOLD15M-26OCT042015-15,0.9910,1.01,no
2026-10-05T00:12:18.60652Z,KXGOLD15M-26OCT042015-15,0.9910,203.65,no
2026-10-05T00:12:19.098174Z,KXGOLD15M-26OCT042015-15,0.9910,75.29,no
2026-10-05T00:12:19.098174Z,KXGOLD15M-26OCT042015-15,0.9900,22.23,no
2026-10-05T00:12:19.098174Z,KXGOLD15M-26OCT042015-15,0.9900,4.31,no
2026-10-05T00:12:19.147912Z,KXGOLD15M-26OCT042015-15,0.9900,0.25,no
2026-10-05T00:12:19.184559Z,KXGOLD15M-26OCT042015-15,0.9900,4.20,no
2026-10-05T00:12:19.196668Z,KXGOLD15M-26OCT042015-15,0.9900,10.18,no
2026-10-05T00:12:19.368724Z,KXGOLD15M-26OCT042015-15,0.9910,100.54,no
2026-10-05T00:12:19.997289Z,KXGOLD15M-26OCT042015-15,0.9910,317.06,no
2026-10-05T00:12:20.035408Z,KXGOLD15M-26OCT042015-15,0.9940,1.00,yes
2026-10-05T00:12:20.206706Z,KXGOLD15M-26OCT042015-15,0.9910,20.70,no
2026-10-05T00:12:20.4091Z,KXGOLD15M-26OCT042015-15,0.9910,119.48,no
2026-10-05T00:12:21.900689Z,KXGOLD15M-26OCT042015-15,0.9910,359.82,no
2026-10-05T00:12:21.900689Z,KXGOLD15M-26OCT042015-15,0.9900,17.00,no
2026-10-05T00:12:21.900689Z,KXGOLD15M-26OCT042015-15,0.9850,81.70,no
2026-10-05T00:12:21.900689Z,KXGOLD15M-26OCT042015-15,0.9900,3.14,no
2026-10-05T00:12:22.178808Z,KXGOLD15M-26OCT042015-15,0.9910,72.73,no
2026-10-05T00:12:22.911435Z,KXGOLD15M-26OCT042015-15,0.9910,10.39,no
2026-10-05T00:12:23.407978Z,KXGOLD15M-26OCT042015-15,0.9910,83.12,no
2026-10-05T00:12:23.889757Z,KXGOLD15M-26OCT042015-15,0.9910,101.83,no
2026-10-05T00:12:24.266528Z,KXGOLD15M-26OCT042015-15,0.9920,103.91,no
2026-10-05T00:12:24.477153Z,KXGOLD15M-26OCT042015-15,0.9900,16.00,no
2026-10-05T00:12:24.477153Z,KXGOLD15M-26OCT042015-15,0.9850,101.00,no
2026-10-05T00:12:24.477153Z,KXGOLD15M-26OCT042015-15,0.9910,40.00,no
2026-10-05T00:12:24.477153Z,KXGOLD15M-26OCT042015-15,0.9920,396.09,no
2026-10-05T00:12:24.477153Z,KXGOLD15M-26OCT042015-15,0.9840,30.00,no
2026-10-05T00:12:24.477153Z,KXGOLD15M-26OCT042015-15,0.9840,47.33,no
2026-10-05T00:12:24.477153Z,KXGOLD15M-26OCT042015-15,0.9840,60.00,no
2026-10-05T00:12:24.477153Z,KXGOLD15M-26OCT042015-15,0.9860,7.00,no
2026-10-05T00:12:24.704122Z,KXGOLD15M-26OCT042015-15,0.9910,500.00,no
2026-10-05T00:12:24.704122Z,KXGOLD15M-26OCT042015-15,0.9900,6.74,no
2026-10-05T00:12:24.909645Z,KXGOLD15M-26OCT042015-15,0.9900,6.74,no
2026-10-05T00:12:24.909645Z,KXGOLD15M-26OCT042015-15,0.9910,500.00,no
2026-10-05T00:12:25.419531Z,KXGOLD15M-26OCT042015-15,0.9940,28.15,yes
2026-10-05T00:12:25.720098Z,KXGOLD15M-26OCT042015-15,0.9940,6.00,yes
2026-10-05T00:12:25.720098Z,KXGOLD15M-26OCT042015-15,0.9940,9.08,yes
2026-10-05T00:12:26.18433Z,KXGOLD15M-26OCT042015-15,0.9820,7.00,no
2026-10-05T00:12:26.18433Z,KXGOLD15M-26OCT042015-15,0.9900,13.00,no
2026-10-05T00:12:26.18433Z,KXGOLD15M-26OCT042015-15,0.9910,500.00,no
2026-10-05T00:12:26.18433Z,KXGOLD15M-26OCT042015-15,0.9850,101.00,no
2026-10-05T00:12:26.18433Z,KXGOLD15M-26OCT042015-15,0.9840,30.00,no
2026-10-05T00:12:26.18433Z,KXGOLD15M-26OCT042015-15,0.9840,300.00,no
2026-10-05T00:12:26.18433Z,KXGOLD15M-26OCT042015-15,0.9810,499.35,no
2026-10-05T00:12:26.82548Z,KXGOLD15M-26OCT042015-15,0.9930,4.08,no
2026-10-05T00:12:26.932039Z,KXGOLD15M-26OCT042015-15,0.9930,495.92,no
2026-10-05T00:12:26.932039Z,KXGOLD15M-26OCT042015-15,0.9920,19.57,no
2026-10-05T00:12:27.202717Z,KXGOLD15M-26OCT042015-15,0.9940,5.00,yes
2026-10-05T00:12:27.202717Z,KXGOLD15M-26OCT042015-15,0.9940,41.92,yes
2026-10-05T00:12:27.530609Z,KXGOLD15M-26OCT042015-15,0.9930,0.10,no
2026-10-05T00:12:27.84339Z,KXGOLD15M-26OCT042015-15,0.9930,130.90,no
2026-10-05T00:12:27.844805Z,KXGOLD15M-26OCT042015-15,0.9930,13.35,no
2026-10-05T00:12:28.140097Z,KXGOLD15M-26OCT042015-15,0.9930,65.45,no
2026-10-05T00:12:29.820624Z,KXGOLD15M-26OCT042015-15,0.9930,130.90,no
2026-10-05T00:12:30.650747Z,KXGOLD15M-26OCT042015-15,0.9940,3.01,yes
2026-10-05T00:12:30.843798Z,KXGOLD15M-26OCT042015-15,0.9930,130.90,no
2026-10-05T00:12:30.888936Z,KXGOLD15M-26OCT042015-15,0.9930,28.40,no
2026-10-05T00:12:30.888936Z,KXGOLD15M-26OCT042015-15,0.9930,30.00,no
2026-10-05T00:12:30.888936Z,KXGOLD15M-26OCT042015-15,0.9930,60.00,no
2026-10-05T00:12:30.888936Z,KXGOLD15M-26OCT042015-15,0.9920,9.83,no
2026-10-05T00:12:31.471769Z,KXGOLD15M-26OCT042015-15,0.9930,1.31,no
2026-10-05T00:12:32.003884Z,KXGOLD15M-26OCT042015-15,0.9930,196.36,no
2026-10-05T00:12:32.858704Z,KXGOLD15M-26OCT042015-15,0.9940,5.00,yes
2026-10-05T00:12:32.858704Z,KXGOLD15M-26OCT042015-15,0.9940,36.99,yes
2026-10-05T00:12:33.126198Z,KXGOLD15M-26OCT042015-15,0.9950,5.02,yes
2026-10-05T00:12:33.251685Z,KXGOLD15M-26OCT042015-15,0.9950,417.34,yes
2026-10-05T00:12:33.251685Z,KXGOLD15M-26OCT042015-15,0.9950,74.98,yes
2026-10-05T00:12:33.312007Z,KXGOLD15M-26OCT042015-15,0.9950,2.00,yes
2026-10-05T00:12:33.360104Z,KXGOLD15M-26OCT042015-15,0.9940,133.58,no
2026-10-05T00:12:33.501926Z,KXGOLD15M-26OCT042015-15,0.9950,10.04,yes
2026-10-05T00:12:34.0122Z,KXGOLD15M-26OCT042015-15,0.9930,30.00,no
2026-10-05T00:12:34.0122Z,KXGOLD15M-26OCT042015-15,0.9930,60.00,no
2026-10-05T00:12:34.0122Z,KXGOLD15M-26OCT042015-15,0.9930,60.00,no
2026-10-05T00:12:34.0122Z,KXGOLD15M-26OCT042015-15,0.9940,366.42,no
2026-10-05T00:12:34.0122Z,KXGOLD15M-26OCT042015-15,0.9900,79.49,no
2026-10-05T00:12:34.0122Z,KXGOLD15M-26OCT042015-15,0.9930,40.00,no
2026-10-05T00:12:34.0122Z,KXGOLD15M-26OCT042015-15,0.9920,30.00,no
2026-10-05T00:12:34.0122Z,KXGOLD15M-26OCT042015-15,0.9910,10.00,no
2026-10-05T00:12:35.12506Z,KXGOLD15M-26OCT042015-15,0.9950,61.00,yes
2026-10-05T00:12:35.12506Z,KXGOLD15M-26OCT042015-15,0.9960,10.53,yes
2026-10-05T00:12:35.12506Z,KXGOLD15M-26OCT042015-15,0.9960,5.00,yes
2026-10-05T00:12:35.524155Z,KXGOLD15M-26OCT042015-15,0.9840,221.61,no
2026-10-05T00:12:35.524155Z,KXGOLD15M-26OCT042015-15,0.9850,101.00,no
2026-10-05T00:12:35.524155Z,KXGOLD15M-26OCT042015-15,0.9920,500.00,no
2026-10-05T00:12:35.524155Z,KXGOLD15M-26OCT042015-15,0.9910,12.00,no
2026-10-05T00:12:35.524155Z,KXGOLD15M-26OCT042015-15,0.9900,17.51,no
2026-10-05T00:12:35.936688Z,KXGOLD15M-26OCT042015-15,0.9950,5.00,yes
2026-10-05T00:12:35.936688Z,KXGOLD15M-26OCT042015-15,0.9950,46.00,yes
2026-10-05T00:12:37.20604Z,KXGOLD15M-26OCT042015-15,0.9950,6.35,yes
2026-10-05T00:12:37.968459Z,KXGOLD15M-26OCT042015-15,0.9950,3.40,yes
2026-10-05T00:12:37.993788Z,KXGOLD15M-26OCT042015-15,0.9930,13.35,no
2026-10-05T00:12:38.610871Z,KXGOLD15M-26OCT042015-15,0.9930,130.90,no
2026-10-05T00:12:39.67095Z,KXGOLD15M-26OCT042015-15,0.9930,261.80,no
2026-10-05T00:12:40.482407Z,KXGOLD15M-26OCT042015-15,0.9930,13.35,no
2026-10-05T00:12:41.23216Z,KXGOLD15M-26OCT042015-15,0.9920,15.58,no
2026-10-05T00:12:41.23216Z,KXGOLD15M-26OCT042015-15,0.9930,80.60,no
2026-10-05T00:12:41.23216Z,KXGOLD15M-26OCT042015-15,0.9920,30.00,no
2026-10-05T00:12:41.581416Z,KXGOLD15M-26OCT042015-15,0.9930,3.10,no
2026-10-05T00:12:41.79822Z,KXGOLD15M-26OCT042015-15,0.9930,116.88,no
2026-10-05T00:12:42.052442Z,KXGOLD15M-26OCT042015-15,0.9930,13.35,no
2026-10-05T00:12:42.242603Z,KXGOLD15M-26OCT042015-15,0.9970,546.42,yes
2026-10-05T00:12:42.242603Z,KXGOLD15M-26OCT042015-15,0.9960,66.00,yes
2026-10-05T00:12:42.242603Z,KXGOLD15M-26OCT042015-15,0.9960,80.00,yes
2026-10-05T00:12:42.242603Z,KXGOLD15M-26OCT042015-15,0.9960,5.00,yes
2026-10-05T00:12:42.28335Z,KXGOLD15M-26OCT042015-15,0.9960,400.00,no
2026-10-05T00:12:42.883587Z,KXGOLD15M-26OCT042015-15,0.9950,536.60,no
2026-10-05T00:12:42.883587Z,KXGOLD15M-26OCT042015-15,0.9960,100.00,no
2026-10-05T00:12:43.25262Z,KXGOLD15M-26OCT042015-15,0.9960,35.20,no
2026-10-05T00:12:43.537031Z,KXGOLD15M-26OCT042015-15,0.9960,87.00,no
2026-10-05T00:12:44.23614Z,KXGOLD15M-26OCT042015-15,0.9960,6.75,no
2026-10-05T00:12:45.551702Z,KXGOLD15M-26OCT042015-15,0.9970,273.05,yes
2026-10-05T00:12:45.94823Z,KXGOLD15M-26OCT042015-15,0.9970,199.00,yes
2026-10-05T00:12:45.978735Z,KXGOLD15M-26OCT042015-15,0.9960,91.62,no
2026-10-05T00:12:46.115602Z,KXGOLD15M-26OCT042015-15,0.9960,198.65,no
2026-10-05T00:12:47.322926Z,KXGOLD15M-26OCT042015-15,0.9960,30.00,no
2026-10-05T00:12:47.322926Z,KXGOLD15M-26OCT042015-15,0.9930,30.00,no
2026-10-05T00:12:47.322926Z,KXGOLD15M-26OCT042015-15,0.9930,60.00,no
2026-10-05T00:12:47.322926Z,KXGOLD15M-26OCT042015-15,0.9950,9.82,no
2026-10-05T00:12:47.322926Z,KXGOLD15M-26OCT042015-15,0.9960,80.78,no
2026-10-05T00:12:47.322926Z,KXGOLD15M-26OCT042015-15,0.9930,40.00,no
2026-10-05T00:12:47.322926Z,KXGOLD15M-26OCT042015-15,0.9950,199.00,no
2026-10-05T00:12:47.322926Z,KXGOLD15M-26OCT042015-15,0.9950,273.05,no
2026-10-05T00:12:47.322926Z,KXGOLD15M-26OCT042015-15,0.9900,11.22,no
2026-10-05T00:12:47.322926Z,KXGOLD15M-26OCT042015-15,0.9920,30.00,no
2026-10-05T00:12:47.322926Z,KXGOLD15M-26OCT042015-15,0.9920,60.00,no
2026-10-05T00:12:47.322926Z,KXGOLD15M-26OCT042015-15,0.9930,10.00,no
2026-10-05T00:12:47.355496Z,KXGOLD15M-26OCT042015-15,0.9970,10.53,yes
2026-10-05T00:12:48.259146Z,KXGOLD15M-26OCT042015-15,0.9920,19.00,no
2026-10-05T00:12:48.259146Z,KXGOLD15M-26OCT042015-15,0.9930,500.00,no
2026-10-05T00:12:48.259146Z,KXGOLD15M-26OCT042015-15,0.9900,101.00,no
2026-10-05T00:12:48.620123Z,KXGOLD15M-26OCT042015-15,0.9970,26.70,yes
2026-10-05T00:12:48.77322Z,KXGOLD15M-26OCT042015-15,0.9920,2.00,no
2026-10-05T00:12:48.96479Z,KXGOLD15M-26OCT042015-15,0.9920,15.00,no
2026-10-05T00:12:48.96479Z,KXGOLD15M-26OCT042015-15,0.9900,78.51,no
2026-10-05T00:12:49.315217Z,KXGOLD15M-26OCT042015-15,0.9970,0.25,yes
2026-10-05T00:12:49.603387Z,KXGOLD15M-26OCT042015-15,0.9930,60.00,no
2026-10-05T00:12:49.603387Z,KXGOLD15M-26OCT042015-15,0.9930,36.36,no
2026-10-05T00:12:51.589302Z,KXGOLD15M-26OCT042015-15,0.9920,15.00,no
2026-10-05T00:12:51.589302Z,KXGOLD15M-26OCT042015-15,0.9930,30.00,no
2026-10-05T00:12:51.589302Z,KXGOLD15M-26OCT042015-15,0.9930,30.00,no
2026-10-05T00:12:51.589302Z,KXGOLD15M-26OCT042015-15,0.9920,177.86,no
2026-10-05T00:12:51.701939Z,KXGOLD15M-26OCT042015-15,0.9920,121.17,no
2026-10-05T00:12:51.701939Z,KXGOLD15M-26OCT042015-15,0.9940,60.00,no
2026-10-05T00:12:51.701939Z,KXGOLD15M-26OCT042015-15,0.9940,60.00,no
2026-10-05T00:12:52.124656Z,KXGOLD15M-26OCT042015-15,0.9920,81.79,no
2026-10-05T00:12:52.124656Z,KXGOLD15M-26OCT042015-15,0.9930,40.00,no
2026-10-05T00:12:52.536342Z,KXGOLD15M-26OCT042015-15,0.9920,2.61,no
2026-10-05T00:12:53.028808Z,KXGOLD15M-26OCT042015-15,0.9900,59.27,no
2026-10-05T00:12:53.028808Z,KXGOLD15M-26OCT042015-15,0.9920,329.61,no
2026-10-05T00:12:53.028808Z,KXGOLD15M-26OCT042015-15,0.9920,13.00,no
2026-10-05T00:12:53.028808Z,KXGOLD15M-26OCT042015-15,0.9870,83.03,no
2026-10-05T00:12:54.127566Z,KXGOLD15M-26OCT042015-15,0.9930,30.00,no
2026-10-05T00:12:54.127566Z,KXGOLD15M-26OCT042015-15,0.9930,12.00,no
2026-10-05T00:12:54.812964Z,KXGOLD15M-26OCT042015-15,0.9930,1.25,no
2026-10-05T00:12:55.095675Z,KXGOLD15M-26OCT042015-15,0.9970,1.00,yes
2026-10-05T00:12:55.2359Z,KXGOLD15M-26OCT042015-15,0.9930,1.00,no
2026-10-05T00:12:55.75526Z,KXGOLD15M-26OCT042015-15,0.9920,1.00,no
2026-10-05T00:12:56.271987Z,KXGOLD15M-26OCT042015-15,0.9900,15.69,no
2026-10-05T00:12:56.271987Z,KXGOLD15M-26OCT042015-15,0.9900,30.00,no
2026-10-05T00:12:56.271987Z,KXGOLD15M-26OCT042015-15,0.9900,32.00,no
2026-10-05T00:12:57.796366Z,KXGOLD15M-26OCT042015-15,0.9900,0.93,no
2026-10-05T00:12:57.796366Z,KXGOLD15M-26OCT042015-15,0.9910,19.00,no
2026-10-05T00:12:58.343324Z,KXGOLD15M-26OCT042015-15,0.9920,30.00,no
2026-10-05T00:12:58.343324Z,KXGOLD15M-26OCT042015-15,0.9920,30.00,no
2026-10-05T00:12:58.343324Z,KXGOLD15M-26OCT042015-15,0.9910,17.00,no
2026-10-05T00:12:58.343324Z,KXGOLD15M-26OCT042015-15,0.9900,60.00,no
2026-10-05T00:12:58.343324Z,KXGOLD15M-26OCT042015-15,0.9870,20.13,no
2026-10-05T00:12:58.640004Z,KXGOLD15M-26OCT042015-15,0.9950,11.00,yes
2026-10-05T00:12:58.640004Z,KXGOLD15M-26OCT042015-15,0.9950,56.00,yes
2026-10-05T00:12:58.640004Z,KXGOLD15M-26OCT042015-15,0.9950,5.00,yes
2026-10-05T00:12:58.640004Z,KXGOLD15M-26OCT042015-15,0.9950,80.00,yes
2026-10-05T00:12:58.99752Z,KXGOLD15M-26OCT042015-15,0.9950,5.00,yes
2026-10-05T00:12:58.99752Z,KXGOLD15M-26OCT042015-15,0.9950,39.00,yes
2026-10-05T00:12:59.691994Z,KXGOLD15M-26OCT042015-15,0.9960,13.00,yes
2026-10-05T00:12:59.691994Z,KXGOLD15M-26OCT042015-15,0.9960,12.07,yes
2026-10-05T00:12:59.912807Z,KXGOLD15M-26OCT042015-15,0.9960,20.07,yes
2026-10-05T00:13:00.346424Z,KXGOLD15M-26OCT042015-15,0.9930,13.35,no
2026-10-05T00:13:01.034248Z,KXGOLD15M-26OCT042015-15,0.9960,16.16,yes
2026-10-05T00:13:01.034248Z,KXGOLD15M-26OCT042015-15,0.9960,5.00,yes
2026-10-05T00:13:01.034248Z,KXGOLD15M-26OCT042015-15,0.9960,47.86,yes
2026-10-05T00:13:01.57018Z,KXGOLD15M-26OCT042015-15,0.9960,14.91,yes
2026-10-05T00:13:01.600853Z,KXGOLD15M-26OCT042015-15,0.9950,3.01,no
2026-10-05T00:13:01.731323Z,KXGOLD15M-26OCT042015-15,0.9940,112.07,no
2026-10-05T00:13:01.731323Z,KXGOLD15M-26OCT042015-15,0.9950,94.99,no
2026-10-05T00:13:01.731323Z,KXGOLD15M-26OCT042015-15,0.9940,30.00,no
2026-10-05T00:13:01.731323Z,KXGOLD15M-26OCT042015-15,0.9940,30.00,no
2026-10-05T00:13:01.731323Z,KXGOLD15M-26OCT042015-15,0.9940,60.00,no
2026-10-05T00:13:02.30844Z,KXGOLD15M-26OCT042015-15,0.9940,18.93,no
2026-10-05T00:13:02.884903Z,KXGOLD15M-26OCT042015-15,0.9900,18.70,no
2026-10-05T00:13:02.884903Z,KXGOLD15M-26OCT042015-15,0.9930,36.65,no
2026-10-05T00:13:02.884903Z,KXGOLD15M-26OCT042015-15,0.9920,15.00,no
2026-10-05T00:13:02.884903Z,KXGOLD15M-26OCT042015-15,0.9910,40.00,no
2026-10-05T00:13:03.678164Z,KXGOLD15M-26OCT042015-15,0.9960,12.07,yes
2026-10-05T00:13:03.678164Z,KXGOLD15M-26OCT042015-15,0.9960,13.02,yes
2026-10-05T00:13:04.041279Z,KXGOLD15M-26OCT042015-15,0.9960,51.00,yes
2026-10-05T00:13:04.041279Z,KXGOLD15M-26OCT042015-15,0.9960,7.05,yes
2026-10-05T00:13:04.041279Z,KXGOLD15M-26OCT042015-15,0.9960,5.00,yes
2026-10-05T00:13:04.041279Z,KXGOLD15M-26OCT042015-15,0.9960,47.86,yes
2026-10-05T00:13:04.041279Z,KXGOLD15M-26OCT042015-15,0.9960,1.00,yes
2026-10-05T00:13:04.041279Z,KXGOLD15M-26OCT042015-15,0.9960,1.00,yes
2026-10-05T00:13:04.041279Z,KXGOLD15M-26OCT042015-15,0.9960,87.09,yes
2026-10-05T00:13:04.056495Z,KXGOLD15M-26OCT042015-15,0.9960,200.00,yes
2026-10-05T00:13:04.118615Z,KXGOLD15M-26OCT042015-15,0.9960,200.00,yes
2026-10-05T00:13:04.269179Z,KXGOLD15M-26OCT042015-15,0.9960,200.00,yes
2026-10-05T00:13:04.270493Z,KXGOLD15M-26OCT042015-15,0.9930,60.00,no
2026-10-05T00:13:04.270493Z,KXGOLD15M-26OCT042015-15,0.9930,30.00,no
2026-10-05T00:13:04.270493Z,KXGOLD15M-26OCT042015-15,0.9930,11.00,no
2026-10-05T00:13:04.270493Z,KXGOLD15M-26OCT042015-15,0.9930,30.00,no
2026-10-05T00:13:04.270493Z,KXGOLD15M-26OCT042015-15,0.9900,25.93,no
2026-10-05T00:13:04.282789Z,KXGOLD15M-26OCT042015-15,0.9960,200.00,yes
2026-10-05T00:13:04.364005Z,KXGOLD15M-26OCT042015-15,0.9960,200.00,yes
2026-10-05T00:13:04.497056Z,KXGOLD15M-26OCT042015-15,0.9960,200.00,yes
2026-10-05T00:13:04.557683Z,KXGOLD15M-26OCT042015-15,0.9900,7.07,no
2026-10-05T00:13:04.557683Z,KXGOLD15M-26OCT042015-15,0.9880,42.61,no
2026-10-05T00:13:04.557683Z,KXGOLD15M-26OCT042015-15,0.9900,40.00,no
2026-10-05T00:13:04.557683Z,KXGOLD15M-26OCT042015-15,0.9870,67.25,no
2026-10-05T00:13:04.572977Z,KXGOLD15M-26OCT042015-15,0.9960,200.00,yes
2026-10-05T00:13:04.604353Z,KXGOLD15M-26OCT042015-15,0.9960,200.00,yes
2026-10-05T00:13:04.687193Z,KXGOLD15M-26OCT042015-15,0.9960,200.00,yes
2026-10-05T00:13:04.847141Z,KXGOLD15M-26OCT042015-15,0.9960,200.00,yes
2026-10-05T00:13:04.866624Z,KXGOLD15M-26OCT042015-15,0.9960,200.00,yes
2026-10-05T00:13:04.950393Z,KXGOLD15M-26OCT042015-15,0.9960,200.00,yes
2026-10-05T00:13:05.151176Z,KXGOLD15M-26OCT042015-15,0.9870,60.00,no
2026-10-05T00:13:05.151176Z,KXGOLD15M-26OCT042015-15,0.9860,225.97,no
2026-10-05T00:13:05.151176Z,KXGOLD15M-26OCT042015-15,0.9880,56.00,no
2026-10-05T00:13:05.368655Z,KXGOLD15M-26OCT042015-15,0.9920,40.00,yes
2026-10-05T00:13:05.54414Z,KXGOLD15M-26OCT042015-15,0.9920,40.00,yes
2026-10-05T00:13:05.54414Z,KXGOLD15M-26OCT042015-15,0.9920,5.00,yes
2026-10-05T00:13:05.740989Z,KXGOLD15M-26OCT042015-15,0.9920,40.00,yes
2026-10-05T00:13:05.833699Z,KXGOLD15M-26OCT042015-15,0.9920,5.00,yes
2026-10-05T00:13:05.833699Z,KXGOLD15M-26OCT042015-15,0.9940,300.00,yes
2026-10-05T00:13:05.833699Z,KXGOLD15M-26OCT042015-15,0.9930,130.00,yes
2026-10-05T00:13:05.833699Z,KXGOLD15M-26OCT042015-15,0.9950,28.00,yes
2026-10-05T00:13:06.00728Z,KXGOLD15M-26OCT042015-15,0.9950,70.34,yes
2026-10-05T00:13:06.00728Z,KXGOLD15M-26OCT042015-15,0.9940,5.00,yes
2026-10-05T00:13:06.043904Z,KXGOLD15M-26OCT042015-15,0.9950,1.00,yes
2026-10-05T00:13:06.285815Z,KXGOLD15M-26OCT042015-15,0.9950,4.00,yes
2026-10-05T00:13:06.285815Z,KXGOLD15M-26OCT042015-15,0.9950,80.00,yes
2026-10-05T00:13:07.28077Z,KXGOLD15M-26OCT042015-15,0.9960,10.03,yes
2026-10-05T00:13:08.041133Z,KXGOLD15M-26OCT042015-15,0.9910,60.00,no
2026-10-05T00:13:08.041133Z,KXGOLD15M-26OCT042015-15,0.9920,14.00,no
2026-10-05T00:13:08.281092Z,KXGOLD15M-26OCT042015-15,0.9930,30.00,no
2026-10-05T00:13:08.281092Z,KXGOLD15M-26OCT042015-15,0.9930,30.00,no
2026-10-05T00:13:08.281092Z,KXGOLD15M-26OCT042015-15,0.9930,37.38,no
2026-10-05T00:13:08.82108Z,KXGOLD15M-26OCT042015-15,0.9950,244.03,yes
2026-10-05T00:13:09.287724Z,KXGOLD15M-26OCT042015-15,0.9950,35.00,yes
2026-10-05T00:13:09.287724Z,KXGOLD15M-26OCT042015-15,0.9950,5.00,yes
2026-10-05T00:13:09.287724Z,KXGOLD15M-26OCT042015-15,0.9950,80.00,yes
2026-10-05T00:13:09.700856Z,KXGOLD15M-26OCT042015-15,0.9890,38.16,no
2026-10-05T00:13:09.700856Z,KXGOLD15M-26OCT042015-15,0.9890,46.00,no
2026-10-05T00:13:10.663206Z,KXGOLD15M-26OCT042015-15,0.9960,1.00,yes
2026-10-05T00:13:10.663206Z,KXGOLD15M-26OCT042015-15,0.9960,1.00,yes
2026-10-05T00:13:10.663206Z,KXGOLD15M-26OCT042015-15,0.9960,1.00,yes
2026-10-05T00:13:10.69584Z,KXGOLD15M-26OCT042015-15,0.9920,19.49,no
2026-10-05T00:13:10.69584Z,KXGOLD15M-26OCT042015-15,0.9930,60.00,no
2026-10-05T00:13:10.69584Z,KXGOLD15M-26OCT042015-15,0.9920,11.00,no
2026-10-05T00:13:11.566089Z,KXGOLD15M-26OCT042015-15,0.9960,0.64,yes
2026-10-05T00:13:11.611054Z,KXGOLD15M-26OCT042015-15,0.9960,13.35,yes
2026-10-05T00:13:11.813483Z,KXGOLD15M-26OCT042015-15,0.9960,38.48,yes
2026-10-05T00:13:12.455235Z,KXGOLD15M-26OCT042015-15,0.9920,10.00,no
2026-10-05T00:13:12.455235Z,KXGOLD15M-26OCT042015-15,0.9920,20.51,no
2026-10-05T00:13:12.455235Z,KXGOLD15M-26OCT042015-15,0.9900,60.00,no
2026-10-05T00:13:12.455235Z,KXGOLD15M-26OCT042015-15,0.9900,8.26,no
2026-10-05T00:13:12.635108Z,KXGOLD15M-26OCT042015-15,0.9960,38.48,yes
2026-10-05T00:13:12.635108Z,KXGOLD15M-26OCT042015-15,0.9960,300.00,yes
2026-10-05T00:13:12.635108Z,KXGOLD15M-26OCT042015-15,0.9960,0.64,yes
2026-10-05T00:13:12.635108Z,KXGOLD15M-26OCT042015-15,0.9960,13.35,yes
2026-10-05T00:13:12.635108Z,KXGOLD15M-26OCT042015-15,0.9970,18.00,yes
2026-10-05T00:13:12.635108Z,KXGOLD15M-26OCT042015-15,0.9960,27.53,yes
2026-10-05T00:13:12.635108Z,KXGOLD15M-26OCT042015-15,0.9960,5.00,yes
2026-10-05T00:13:12.635108Z,KXGOLD15M-26OCT042015-15,0.9960,78.00,yes
2026-10-05T00:13:12.635108Z,KXGOLD15M-26OCT042015-15,0.9970,194.91,yes
2026-10-05T00:13:12.70354Z,KXGOLD15M-26OCT042015-15,0.9950,38.97,no
2026-10-05T00:13:12.70354Z,KXGOLD15M-26OCT042015-15,0.9920,17.00,no
2026-10-05T00:13:12.70354Z,KXGOLD15M-26OCT042015-15,0.9900,30.00,no
2026-10-05T00:13:12.70354Z,KXGOLD15M-26OCT042015-15,0.9890,12.80,no
2026-10-05T00:13:13.724448Z,KXGOLD15M-26OCT042015-15,0.9920,15.00,no
2026-10-05T00:13:13.724448Z,KXGOLD15M-26OCT042015-15,0.9910,20.79,no
2026-10-05T00:13:13.724448Z,KXGOLD15M-26OCT042015-15,0.9920,21.83,no
2026-10-05T00:13:13.724448Z,KXGOLD15M-26OCT042015-15,0.9920,43.66,no
2026-10-05T00:13:13.962671Z,KXGOLD15M-26OCT042015-15,0.9960,5.01,yes
2026-10-05T00:13:14.08799Z,KXGOLD15M-26OCT042015-15,0.9910,2.72,no
2026-10-05T00:13:15.199397Z,KXGOLD15M-26OCT042015-15,0.9910,100.00,no
2026-10-05T00:13:15.199397Z,KXGOLD15M-26OCT042015-15,0.9920,10.90,no
2026-10-05T00:13:15.199397Z,KXGOLD15M-26OCT042015-15,0.9900,104.25,no
2026-10-05T00:13:15.199397Z,KXGOLD15M-26OCT042015-15,0.9920,14.00,no
2026-10-05T00:13:15.199397Z,KXGOLD15M-26OCT042015-15,0.9920,2.73,no
2026-10-05T00:13:15.199397Z,KXGOLD15M-26OCT042015-15,0.9930,30.00,no
2026-10-05T00:13:15.199397Z,KXGOLD15M-26OCT042015-15,0.9930,60.00,no
2026-10-05T00:13:15.199397Z,KXGOLD15M-26OCT042015-15,0.9920,5.45,no
2026-10-05T00:13:15.199397Z,KXGOLD15M-26OCT042015-15,0.9930,21.83,no
2026-10-05T00:13:15.199397Z,KXGOLD15M-26OCT042015-15,0.9930,21.83,no
2026-10-05T00:13:15.199397Z,KXGOLD15M-26OCT042015-15,0.9920,3.90,no
2026-10-05T00:13:15.199397Z,KXGOLD15M-26OCT042015-15,0.9930,15.64,no
2026-10-05T00:13:15.199397Z,KXGOLD15M-26OCT042015-15,0.9940,500.00,no
2026-10-05T00:13:15.199397Z,KXGOLD15M-26OCT042015-15,0.9930,30.00,no
2026-10-05T00:13:15.199397Z,KXGOLD15M-26OCT042015-15,0.9920,5.45,no
2026-10-05T00:13:15.396607Z,KXGOLD15M-26OCT042015-15,0.9950,33.00,yes
2026-10-05T00:13:15.396607Z,KXGOLD15M-26OCT042015-15,0.9950,300.00,yes
2026-10-05T00:13:15.527214Z,KXGOLD15M-26OCT042015-15,0.9930,1.23,no
2026-10-05T00:13:15.876922Z,KXGOLD15M-26OCT042015-15,0.9960,33.94,yes
2026-10-05T00:13:15.876922Z,KXGOLD15M-26OCT042015-15,0.9960,5.00,yes
2026-10-05T00:13:15.922486Z,KXGOLD15M-26OCT042015-15,0.9950,500.00,no
2026-10-05T00:13:15.922486Z,KXGOLD15M-26OCT042015-15,0.9920,13.00,no
2026-10-05T00:13:15.922486Z,KXGOLD15M-26OCT042015-15,0.9910,45.67,no
2026-10-05T00:13:15.922486Z,KXGOLD15M-26OCT042015-15,0.9940,60.00,no
2026-10-05T00:13:16.551982Z,KXGOLD15M-26OCT042015-15,0.9960,33.94,yes
2026-10-05T00:13:16.551982Z,KXGOLD15M-26OCT042015-15,0.9960,5.00,yes
2026-10-05T00:13:16.551982Z,KXGOLD15M-26OCT042015-15,0.9960,57.00,yes
2026-10-05T00:13:16.551982Z,KXGOLD15M-26OCT042015-15,0.9960,46.06,yes
2026-10-05T00:13:16.738597Z,KXGOLD15M-26OCT042015-15,0.9940,5.28,no
2026-10-05T00:13:16.774817Z,KXGOLD15M-26OCT042015-15,0.9940,13.35,no
2026-10-05T00:13:16.812986Z,KXGOLD15M-26OCT042015-15,0.9960,5.00,yes
2026-10-05T00:13:16.812986Z,KXGOLD15M-26OCT042015-15,0.9960,44.00,yes
2026-10-05T00:13:16.927036Z,KXGOLD15M-26OCT042015-15,0.9930,10.00,no
2026-10-05T00:13:16.927036Z,KXGOLD15M-26OCT042015-15,0.9900,300.00,no
2026-10-05T00:13:16.927036Z,KXGOLD15M-26OCT042015-15,0.9910,100.00,no
2026-10-05T00:13:16.927036Z,KXGOLD15M-26OCT042015-15,0.9940,481.37,no
2026-10-05T00:13:16.927036Z,KXGOLD15M-26OCT042015-15,0.9820,282.00,no
2026-10-05T00:13:16.927036Z,KXGOLD15M-26OCT042015-15,0.9880,40.00,no
2026-10-05T00:13:16.927036Z,KXGOLD15M-26OCT042015-15,0.9900,608.79,no
2026-10-05T00:13:16.940254Z,KXGOLD15M-26OCT042015-15,0.9970,0.22,yes
2026-10-05T00:13:17.367593Z,KXGOLD15M-26OCT042015-15,0.9960,311.64,no
2026-10-05T00:13:17.468143Z,KXGOLD15M-26OCT042015-15,0.9960,13.35,no
2026-10-05T00:13:17.755608Z,KXGOLD15M-26OCT042015-15,0.9960,118.03,no
2026-10-05T00:13:17.8056Z,KXGOLD15M-26OCT042015-15,0.9960,56.98,no
2026-10-05T00:13:17.877378Z,KXGOLD15M-26OCT042015-15,0.9940,58.03,no
2026-10-05T00:13:17.877378Z,KXGOLD15M-26OCT042015-15,0.9950,30.00,no
2026-10-05T00:13:17.877378Z,KXGOLD15M-26OCT042015-15,0.9950,30.00,no
2026-10-05T00:13:18.26548Z,KXGOLD15M-26OCT042015-15,0.9960,23.37,no
2026-10-05T00:13:19.650425Z,KXGOLD15M-26OCT042015-15,0.9960,236.04,no
2026-10-05T00:13:19.754864Z,KXGOLD15M-26OCT042015-15,0.9960,68.02,no
2026-10-05T00:13:19.814727Z,KXGOLD15M-26OCT042015-15,0.9960,6.87,no
2026-10-05T00:13:19.893506Z,KXGOLD15M-26OCT042015-15,0.9980,1091.13,yes
2026-10-05T00:13:19.893506Z,KXGOLD15M-26OCT042015-15,0.9970,64.00,yes
2026-10-05T00:13:19.893506Z,KXGOLD15M-26OCT042015-15,0.9970,81.00,yes
2026-10-05T00:13:19.893506Z,KXGOLD15M-26OCT042015-15,0.9970,5.00,yes
2026-10-05T00:13:19.893506Z,KXGOLD15M-26OCT042015-15,0.9970,250.00,yes
2026-10-05T00:13:19.893506Z,KXGOLD15M-26OCT042015-15,0.9970,2.00,yes
2026-10-05T00:13:19.893506Z,KXGOLD15M-26OCT042015-15,0.9970,2.00,yes
2026-10-05T00:13:19.893506Z,KXGOLD15M-26OCT042015-15,0.9970,2.00,yes
2026-10-05T00:13:19.893506Z,KXGOLD15M-26OCT042015-15,0.9970,2.00,yes
2026-10-05T00:13:19.893506Z,KXGOLD15M-26OCT042015-15,0.9970,1.78,yes
2026-10-05T00:13:20.039302Z,KXGOLD15M-26OCT042015-15,0.9970,81.00,yes
2026-10-05T00:13:20.039302Z,KXGOLD15M-26OCT042015-15,0.9970,5.00,yes
2026-10-05T00:13:20.071844Z,KXGOLD15M-26OCT042015-15,0.9970,43.00,yes
2026-10-05T00:13:20.499659Z,KXGOLD15M-26OCT042015-15,0.9960,165.70,no
2026-10-05T00:13:20.499659Z,KXGOLD15M-26OCT042015-15,0.9960,56.06,no
2026-10-05T00:13:20.584827Z,KXGOLD15M-26OCT042015-15,0.9960,219.93,no
2026-10-05T00:13:20.597026Z,KXGOLD15M-26OCT042015-15,0.9960,219.93,no
2026-10-05T00:13:20.83511Z,KXGOLD15M-26OCT042015-15,0.9960,23.37,no
2026-10-05T00:13:21.046985Z,KXGOLD15M-26OCT042015-15,0.9960,229.04,no
2026-10-05T00:13:21.406023Z,KXGOLD15M-26OCT042015-15,0.9970,1.00,yes
2026-10-05T00:13:21.642129Z,KXGOLD15M-26OCT042015-15,0.9970,3.00,yes
2026-10-05T00:13:22.150285Z,KXGOLD15M-26OCT042015-15,0.9970,77.00,yes
2026-10-05T00:13:22.150285Z,KXGOLD15M-26OCT042015-15,0.9970,23.50,yes
2026-10-05T00:13:22.268999Z,KXGOLD15M-26OCT042015-15,0.9960,229.04,no
2026-10-05T00:13:22.98786Z,KXGOLD15M-26OCT042015-15,0.9970,77.00,yes
2026-10-05T00:13:22.98786Z,KXGOLD15M-26OCT042015-15,0.9970,71.00,yes
2026-10-05T00:13:22.98786Z,KXGOLD15M-26OCT042015-15,0.9970,1.00,yes
2026-10-05T00:13:22.98786Z,KXGOLD15M-26OCT042015-15,0.9970,3.00,yes
2026-10-05T00:13:22.98786Z,KXGOLD15M-26OCT042015-15,0.9970,5.00,yes
2026-10-05T00:13:23.152494Z,KXGOLD15M-26OCT042015-15,0.9970,16.00,yes
2026-10-05T00:13:23.182369Z,KXGOLD15M-26OCT042015-15,0.9950,14.00,no
2026-10-05T00:13:23.182369Z,KXGOLD15M-26OCT042015-15,0.9950,7.00,no
2026-10-05T00:13:23.182369Z,KXGOLD15M-26OCT042015-15,0.9960,56.00,no
2026-10-05T00:13:23.182369Z,KXGOLD15M-26OCT042015-15,0.9960,28.00,no
2026-10-05T00:13:23.182369Z,KXGOLD15M-26OCT042015-15,0.9950,7.00,no
2026-10-05T00:13:23.182369Z,KXGOLD15M-26OCT042015-15,0.9960,28.00,no
2026-10-05T00:13:23.182369Z,KXGOLD15M-26OCT042015-15,0.9960,56.00,no
2026-10-05T00:13:23.182369Z,KXGOLD15M-26OCT042015-15,0.9960,500.00,no
2026-10-05T00:13:23.182369Z,KXGOLD15M-26OCT042015-15,0.9960,113.76,no
2026-10-05T00:13:23.182369Z,KXGOLD15M-26OCT042015-15,0.9950,14.00,no
2026-10-05T00:13:23.182369Z,KXGOLD15M-26OCT042015-15,0.9900,18.70,no
2026-10-05T00:13:23.182369Z,KXGOLD15M-26OCT042015-15,0.9950,30.00,no
2026-10-05T00:13:23.182369Z,KXGOLD15M-26OCT042015-15,0.9950,30.00,no
2026-10-05T00:13:23.182369Z,KXGOLD15M-26OCT042015-15,0.9950,60.00,no
2026-10-05T00:13:23.182369Z,KXGOLD15M-26OCT042015-15,0.9960,4.00,no
2026-10-05T00:13:23.182369Z,KXGOLD15M-26OCT042015-15,0.9950,7.00,no
2026-10-05T00:13:23.182369Z,KXGOLD15M-26OCT042015-15,0.9960,28.00,no
2026-10-05T00:13:23.182369Z,KXGOLD15M-26OCT042015-15,0.9950,1.00,no
2026-10-05T00:13:23.182369Z,KXGOLD15M-26OCT042015-15,0.9950,60.00,no
2026-10-05T00:13:23.182369Z,KXGOLD15M-26OCT042015-15,0.9940,10.00,no
2026-10-05T00:13:23.870975Z,KXGOLD15M-26OCT042015-15,0.9970,113.00,yes
2026-10-05T00:13:23.870975Z,KXGOLD15M-26OCT042015-15,0.9970,13.00,yes
2026-10-05T00:13:24.824278Z,KXGOLD15M-26OCT042015-15,0.9950,186.97,no
2026-10-05T00:13:25.029977Z,KXGOLD15M-26OCT042015-15,0.9970,18.38,yes
2026-10-05T00:13:26.062672Z,KXGOLD15M-26OCT042015-15,0.9980,70.12,yes
2026-10-05T00:13:26.062672Z,KXGOLD15M-26OCT042015-15,0.9970,5.00,yes
2026-10-05T00:13:26.062672Z,KXGOLD15M-26OCT042015-15,0.9970,2.38,yes
2026-10-05T00:13:26.062672Z,KXGOLD15M-26OCT042015-15,0.9970,5.62,yes
2026-10-05T00:13:26.253819Z,KXGOLD15M-26OCT042015-15,0.9960,2.29,no
2026-10-05T00:13:26.911352Z,KXGOLD15M-26OCT042015-15,0.9970,500.00,no
2026-10-05T00:13:27.053409Z,KXGOLD15M-26OCT042015-15,0.9970,65.00,no
2026-10-05T00:13:27.167217Z,KXGOLD15M-26OCT042015-15,0.9970,130.25,no
2026-10-05T00:13:28.281387Z,KXGOLD15M-26OCT042015-15,0.9970,304.75,no
2026-10-05T00:13:28.281387Z,KXGOLD15M-26OCT042015-15,0.9960,70.12,no
2026-10-05T00:13:28.281387Z,KXGOLD15M-26OCT042015-15,0.9950,1450.43,no
2026-10-05T00:13:28.281387Z,KXGOLD15M-26OCT042015-15,0.9950,30.00,no
2026-10-05T00:13:28.281387Z,KXGOLD15M-26OCT042015-15,0.9950,60.00,no
2026-10-05T00:13:28.281387Z,KXGOLD15M-26OCT042015-15,0.9950,60.00,no
2026-10-05T00:13:28.281387Z,KXGOLD15M-26OCT042015-15,0.9950,30.00,no
2026-10-05T00:13:29.799996Z,KXGOLD15M-26OCT042015-15,0.9980,88.75,yes
2026-10-05T00:13:29.799996Z,KXGOLD15M-26OCT042015-15,0.9980,7.08,yes
2026-10-05T00:13:29.799996Z,KXGOLD15M-26OCT042015-15,0.9980,3.00,yes
2026-10-05T00:13:29.799996Z,KXGOLD15M-26OCT042015-15,0.9980,3.00,yes
2026-10-05T00:13:30.6836Z,KXGOLD15M-26OCT042015-15,0.9980,2.00,yes
2026-10-05T00:13:30.788787Z,KXGOLD15M-26OCT042015-15,0.9980,478.00,yes
2026-10-05T00:13:31.130377Z,KXGOLD15M-26OCT042015-15,0.9980,5.70,yes
2026-10-05T00:13:31.265686Z,KXGOLD15M-26OCT042015-15,0.9970,347.92,no
2026-10-05T00:13:31.265686Z,KXGOLD15M-26OCT042015-15,0.9970,88.75,no
2026-10-05T00:13:31.697661Z,KXGOLD15M-26OCT042015-15,0.9980,118.00,yes
2026-10-05T00:13:31.806019Z,KXGOLD15M-26OCT042015-15,0.9970,15.27,no
2026-10-05T00:13:32.265006Z,KXGOLD15M-26OCT042015-15,0.9980,589.22,yes
2026-10-05T00:13:32.265006Z,KXGOLD15M-26OCT042015-15,0.9990,898.59,yes
2026-10-05T00:13:32.265006Z,KXGOLD15M-26OCT042015-15,0.9980,1.00,yes
2026-10-05T00:13:32.265006Z,KXGOLD15M-26OCT042015-15,0.9980,5.00,yes
2026-10-05T00:13:32.265006Z,KXGOLD15M-26OCT042015-15,0.9980,11.00,yes
2026-10-05T00:13:32.265006Z,KXGOLD15M-26OCT042015-15,0.9980,4.00,yes
2026-10-05T00:13:32.265006Z,KXGOLD15M-26OCT042015-15,0.9980,2.00,yes
2026-10-05T00:13:32.265006Z,KXGOLD15M-26OCT042015-15,0.9980,3.00,yes
2026-10-05T00:13:32.265006Z,KXGOLD15M-26OCT042015-15,0.9980,3.00,yes
2026-10-05T00:13:32.265006Z,KXGOLD15M-26OCT042015-15,0.9980,3.00,yes
2026-10-05T00:13:32.265006Z,KXGOLD15M-26OCT042015-15,0.9980,26.00,yes
2026-10-05T00:13:32.265006Z,KXGOLD15M-26OCT042015-15,0.9980,3.00,yes
2026-10-05T00:13:32.265006Z,KXGOLD15M-26OCT042015-15,0.9980,3.00,yes
2026-10-05T00:13:32.265006Z,KXGOLD15M-26OCT042015-15,0.9980,61.00,yes
2026-10-05T00:13:32.265006Z,KXGOLD15M-26OCT042015-15,0.9980,2500.00,yes
2026-10-05T00:13:32.318855Z,KXGOLD15M-26OCT042015-15,0.9980,130.33,no
2026-10-05T00:13:32.318855Z,KXGOLD15M-26OCT042015-15,0.9980,500.00,no
2026-10-05T00:13:33.298761Z,KXGOLD15M-26OCT042015-15,0.9990,200.18,yes
2026-10-05T00:13:33.628511Z,KXGOLD15M-26OCT042015-15,0.9980,500.00,no
2026-10-05T00:13:33.628511Z,KXGOLD15M-26OCT042015-15,0.9980,392.35,no
2026-10-05T00:13:33.628511Z,KXGOLD15M-26OCT042015-15,0.9980,23.67,no
2026-10-05T00:13:34.211821Z,KXGOLD15M-26OCT042015-15,0.9980,458.01,no
2026-10-05T00:13:34.559786Z,KXGOLD15M-26OCT042015-15,0.9980,4.59,no
2026-10-05T00:13:34.870877Z,KXGOLD15M-26OCT042015-15,0.9980,575.75,no
2026-10-05T00:13:35.007913Z,KXGOLD15M-26OCT042015-15,0.9980,45.80,no
2026-10-05T00:13:35.680254Z,KXGOLD15M-26OCT042015-15,0.9990,1.00,yes
2026-10-05T00:13:36.240041Z,KXGOLD15M-26OCT042015-15,0.9990,500.46,yes
2026-10-05T00:13:36.324164Z,KXGOLD15M-26OCT042015-15,0.9990,262.80,yes
2026-10-05T00:13:36.435269Z,KXGOLD15M-26OCT042015-15,0.9980,3.00,no
2026-10-05T00:13:36.662768Z,KXGOLD15M-26OCT042015-15,0.9990,4.90,yes
2026-10-05T00:13:37.269622Z,KXGOLD15M-26OCT042015-15,0.9990,815.00,yes
2026-10-05T00:13:37.783711Z,KXGOLD15M-26OCT042015-15,0.9960,7.02,no
2026-10-05T00:13:37.783711Z,KXGOLD15M-26OCT042015-15,0.9970,898.59,no
2026-10-05T00:13:37.783711Z,KXGOLD15M-26OCT042015-15,0.9980,1020.50,no
2026-10-05T00:13:37.783711Z,KXGOLD15M-26OCT042015-15,0.9980,500.00,no
2026-10-05T00:13:37.783711Z,KXGOLD15M-26OCT042015-15,0.9980,200.18,no
2026-10-05T00:13:37.783711Z,KXGOLD15M-26OCT042015-15,0.9980,1.00,no
2026-10-05T00:13:37.783711Z,KXGOLD15M-26OCT042015-15,0.9980,500.46,no
2026-10-05T00:13:37.783711Z,KXGOLD15M-26OCT042015-15,0.9980,262.80,no
2026-10-05T00:13:37.783711Z,KXGOLD15M-26OCT042015-15,0.9980,4.90,no
2026-10-05T00:13:37.783711Z,KXGOLD15M-26OCT042015-15,0.9980,815.00,no
2026-10-05T00:13:38.069418Z,KXGOLD15M-26OCT042015-15,0.9990,65.86,yes
2026-10-05T00:13:38.361312Z,KXGOLD15M-26OCT042015-15,0.9980,24.56,no
2026-10-05T00:13:38.710143Z,KXGOLD15M-26OCT042015-15,0.9980,458.01,no
2026-10-05T00:13:39.721391Z,KXGOLD15M-26OCT042015-15,0.9980,17.43,no
2026-10-05T00:13:39.721391Z,KXGOLD15M-26OCT042015-15,0.9970,18.69,no
2026-10-05T00:13:40.387059Z,KXGOLD15M-26OCT042015-15,0.9980,458.01,no
2026-10-05T00:13:40.964948Z,KXGOLD15M-26OCT042015-15,0.9970,6.23,no
2026-10-05T00:13:40.964948Z,KXGOLD15M-26OCT042015-15,0.9980,39.00,no
2026-10-05T00:13:40.964948Z,KXGOLD15M-26OCT042015-15,0.9980,41.99,no
2026-10-05T00:13:41.441945Z,KXGOLD15M-26OCT042015-15,0.9960,216.77,no
2026-10-05T00:13:41.441945Z,KXGOLD15M-26OCT042015-15,0.9980,500.00,no
2026-10-05T00:13:41.441945Z,KXGOLD15M-26OCT042015-15,0.9970,40.94,no
2026-10-05T00:13:42.383386Z,KXGOLD15M-26OCT042015-15,0.9990,5.00,yes
2026-10-05T00:13:42.419813Z,KXGOLD15M-26OCT042015-15,0.9980,500.00,no
2026-10-05T00:13:43.059615Z,KXGOLD15M-26OCT042015-15,0.9970,308.17,no
2026-10-05T00:13:43.059615Z,KXGOLD15M-26OCT042015-15,0.9970,5.00,no
2026-10-05T00:13:43.941264Z,KXGOLD15M-26OCT042015-15,0.9980,0.49,yes
2026-10-05T00:13:44.1276Z,KXGOLD15M-26OCT042015-15,0.9960,500.00,no
2026-10-05T00:13:44.1276Z,KXGOLD15M-26OCT042015-15,0.9950,40.80,no
2026-10-05T00:13:44.1276Z,KXGOLD15M-26OCT042015-15,0.9950,60.00,no
2026-10-05T00:13:44.1276Z,KXGOLD15M-26OCT042015-15,0.9950,30.00,no
2026-10-05T00:13:44.1276Z,KXGOLD15M-26OCT042015-15,0.9950,30.00,no
2026-10-05T00:13:44.724202Z,KXGOLD15M-26OCT042015-15,0.9960,458.07,no
2026-10-05T00:13:45.354761Z,KXGOLD15M-26OCT042015-15,0.9960,41.93,no
2026-10-05T00:13:45.354761Z,KXGOLD15M-26OCT042015-15,0.9950,1.87,no
2026-10-05T00:13:45.522509Z,KXGOLD15M-26OCT042015-15,0.9980,51.23,yes
2026-10-05T00:13:45.599884Z,KXGOLD15M-26OCT042015-15,0.9960,229.04,no
2026-10-05T00:13:47.163078Z,KXGOLD15M-26OCT042015-15,0.9960,229.04,no
2026-10-05T00:13:47.408868Z,KXGOLD15M-26OCT042015-15,0.9980,2003.72,yes
2026-10-05T00:13:48.058383Z,KXGOLD15M-26OCT042015-15,0.9980,7.01,yes
2026-10-05T00:13:48.281599Z,KXGOLD15M-26OCT042015-15,0.9980,42.81,yes
2026-10-05T00:13:48.281599Z,KXGOLD15M-26OCT042015-15,0.9980,38.99,yes
2026-10-05T00:13:48.281599Z,KXGOLD15M-26OCT042015-15,0.9980,5.00,yes
2026-10-05T00:13:48.53703Z,KXGOLD15M-26OCT042015-15,0.9940,106.87,no
2026-10-05T00:13:48.53703Z,KXGOLD15M-26OCT042015-15,0.9950,60.00,no
2026-10-05T00:13:48.53703Z,KXGOLD15M-26OCT042015-15,0.9950,30.00,no
2026-10-05T00:13:48.53703Z,KXGOLD15M-26OCT042015-15,0.9950,30.00,no
2026-10-05T00:13:48.53703Z,KXGOLD15M-26OCT042015-15,0.9950,60.00,no
2026-10-05T00:13:48.53703Z,KXGOLD15M-26OCT042015-15,0.9960,41.92,no
2026-10-05T00:13:48.53703Z,KXGOLD15M-26OCT042015-15,0.9950,10.13,no
2026-10-05T00:13:48.568932Z,KXGOLD15M-26OCT042015-15,0.9980,5.00,yes
2026-10-05T00:13:49.018673Z,KXGOLD15M-26OCT042015-15,0.9960,500.00,no
2026-10-05T00:13:49.132071Z,KXGOLD15M-26OCT042015-15,0.9940,91.06,no
2026-10-05T00:13:49.132071Z,KXGOLD15M-26OCT042015-15,0.9950,15.00,no
2026-10-05T00:13:49.132071Z,KXGOLD15M-26OCT042015-15,0.9950,500.00,no
2026-10-05T00:13:49.551745Z,KXGOLD15M-26OCT042015-15,0.9950,2.29,no
2026-10-05T00:13:49.90029Z,KXGOLD15M-26OCT042015-15,0.9950,155.83,no
2026-10-05T00:13:50.229577Z,KXGOLD15M-26OCT042015-15,0.9950,1.83,no
2026-10-05T00:13:50.300036Z,KXGOLD15M-26OCT042015-15,0.9950,186.97,no
2026-10-05T00:13:50.770703Z,KXGOLD15M-26OCT042015-15,0.9950,5.49,no
2026-10-05T00:13:51.30424Z,KXGOLD15M-26OCT042015-15,0.9950,25.38,no
2026-10-05T00:13:51.30424Z,KXGOLD15M-26OCT042015-15,0.9950,147.59,no
2026-10-05T00:13:51.30424Z,KXGOLD15M-26OCT042015-15,0.9950,14.00,no
2026-10-05T00:13:51.635319Z,KXGOLD15M-26OCT042015-15,0.9950,500.00,no
2026-10-05T00:13:51.635319Z,KXGOLD15M-26OCT042015-15,0.9950,12.00,no
2026-10-05T00:13:51.635319Z,KXGOLD15M-26OCT042015-15,0.9950,100.00,no
2026-10-05T00:13:51.635319Z,KXGOLD15M-26OCT042015-15,0.9950,30.00,no
2026-10-05T00:13:51.635319Z,KXGOLD15M-26OCT042015-15,0.9950,60.00,no
2026-10-05T00:13:51.635319Z,KXGOLD15M-26OCT042015-15,0.9950,60.00,no
2026-10-05T00:13:51.635319Z,KXGOLD15M-26OCT042015-15,0.9950,30.00,no
2026-10-05T00:13:51.635319Z,KXGOLD15M-26OCT042015-15,0.9950,14.62,no
2026-10-05T00:13:51.685595Z,KXGOLD15M-26OCT042015-15,0.9960,5.00,yes
2026-10-05T00:13:51.685595Z,KXGOLD15M-26OCT042015-15,0.9960,500.00,yes
2026-10-05T00:13:51.685595Z,KXGOLD15M-26OCT042015-15,0.9960,80.00,yes
2026-10-05T00:13:51.68943Z,KXGOLD15M-26OCT042015-15,0.9960,44.87,no
2026-10-05T00:13:51.967813Z,KXGOLD15M-26OCT042015-15,0.9960,559.07,no
2026-10-05T00:13:52.540873Z,KXGOLD15M-26OCT042015-15,0.9960,229.04,no
2026-10-05T00:13:52.853246Z,KXGOLD15M-26OCT042015-15,0.9960,2.29,no
2026-10-05T00:13:53.021422Z,KXGOLD15M-26OCT042015-15,0.9980,35.00,yes
2026-10-05T00:13:53.021422Z,KXGOLD15M-26OCT042015-15,0.9980,59.17,yes
2026-10-05T00:13:53.255099Z,KXGOLD15M-26OCT042015-15,0.9970,233.72,no
2026-10-05T00:13:54.067028Z,KXGOLD15M-26OCT042015-15,0.9970,233.72,no
2026-10-05T00:13:54.759602Z,KXGOLD15M-26OCT042015-15,0.9970,32.56,no
2026-10-05T00:13:54.759602Z,KXGOLD15M-26OCT042015-15,0.9960,28.04,no
2026-10-05T00:13:55.539379Z,KXGOLD15M-26OCT042015-15,0.9970,233.72,no
2026-10-05T00:13:56.312995Z,KXGOLD15M-26OCT042015-15,0.9970,3.06,no
2026-10-05T00:13:56.480118Z,KXGOLD15M-26OCT042015-15,0.9970,263.22,no
2026-10-05T00:13:56.480118Z,KXGOLD15M-26OCT042015-15,0.9960,970.60,no
2026-10-05T00:13:56.612939Z,KXGOLD15M-26OCT042015-15,0.9980,0.68,yes
2026-10-05T00:13:57.009755Z,KXGOLD15M-26OCT042015-15,0.9970,305.35,no
2026-10-05T00:13:57.128601Z,KXGOLD15M-26OCT042015-15,0.9840,2100.00,no
2026-10-05T00:13:57.128601Z,KXGOLD15M-26OCT042015-15,0.9900,300.00,no
2026-10-05T00:13:57.128601Z,KXGOLD15M-26OCT042015-15,0.9890,29.00,no
2026-10-05T00:13:57.128601Z,KXGOLD15M-26OCT042015-15,0.9800,10.00,no
2026-10-05T00:13:57.128601Z,KXGOLD15M-26OCT042015-15,0.9880,300.00,no
2026-10-05T00:13:57.128601Z,KXGOLD15M-26OCT042015-15,0.9940,892.96,no
2026-10-05T00:13:57.128601Z,KXGOLD15M-26OCT042015-15,0.9970,2889.09,no
2026-10-05T00:13:57.128601Z,KXGOLD15M-26OCT042015-15,0.9890,654.00,no
2026-10-05T00:13:57.128601Z,KXGOLD15M-26OCT042015-15,0.9790,619.47,no
2026-10-05T00:13:57.128601Z,KXGOLD15M-26OCT042015-15,0.9970,194.65,no
2026-10-05T00:13:57.128601Z,KXGOLD15M-26OCT042015-15,0.9950,30.00,no
2026-10-05T00:13:57.128601Z,KXGOLD15M-26OCT042015-15,0.9950,30.00,no
2026-10-05T00:13:57.128601Z,KXGOLD15M-26OCT042015-15,0.9950,60.00,no
2026-10-05T00:13:57.128601Z,KXGOLD15M-26OCT042015-15,0.9950,60.00,no
2026-10-05T00:13:57.128601Z,KXGOLD15M-26OCT042015-15,0.9960,3605.09,no
2026-10-05T00:13:57.128601Z,KXGOLD15M-26OCT042015-15,0.9950,11.00,no
2026-10-05T00:13:57.128601Z,KXGOLD15M-26OCT042015-15,0.9800,18.60,no
2026-10-05T00:13:57.128601Z,KXGOLD15M-26OCT042015-15,0.9800,20.35,no
2026-10-05T00:13:57.128601Z,KXGOLD15M-26OCT042015-15,0.9800,1.05,no
2026-10-05T00:13:57.128601Z,KXGOLD15M-26OCT042015-15,0.9800,10.00,no
2026-10-05T00:13:57.13866Z,KXGOLD15M-26OCT042015-15,0.9980,307.04,yes
2026-10-05T00:13:57.13866Z,KXGOLD15M-26OCT042015-15,0.9980,37.00,yes
2026-10-05T00:13:57.13866Z,KXGOLD15M-26OCT042015-15,0.9980,51.89,yes
2026-10-05T00:13:57.13866Z,KXGOLD15M-26OCT042015-15,0.9980,5.00,yes
2026-10-05T00:13:57.13866Z,KXGOLD15M-26OCT042015-15,0.9980,100.00,yes
2026-10-05T00:13:57.388919Z,KXGOLD15M-26OCT042015-15,0.9960,300.00,yes
2026-10-05T00:13:57.473673Z,KXGOLD15M-26OCT042015-15,0.9970,5.00,yes
2026-10-05T00:13:57.60133Z,KXGOLD15M-26OCT042015-15,0.9980,0.20,yes
2026-10-05T00:13:57.864252Z,KXGOLD15M-26OCT042015-15,0.9970,181.83,no
2026-10-05T00:13:57.864252Z,KXGOLD15M-26OCT042015-15,0.9970,51.89,no
2026-10-05T00:13:59.629196Z,KXGOLD15M-26OCT042015-15,0.9970,2.34,no
2026-10-05T00:14:00.070027Z,KXGOLD15M-26OCT042015-15,0.9980,99.80,yes
2026-10-05T00:14:00.070027Z,KXGOLD15M-26OCT042015-15,0.9980,401.82,yes
2026-10-05T00:14:00.181812Z,KXGOLD15M-26OCT042015-15,0.9970,30.53,no
2026-10-05T00:14:00.347825Z,KXGOLD15M-26OCT042015-15,0.9970,45.82,no
2026-10-05T00:14:00.554007Z,KXGOLD15M-26OCT042015-15,0.9980,224.00,yes
2026-10-05T00:14:00.569561Z,KXGOLD15M-26OCT042015-15,0.9980,267.14,yes
2026-10-05T00:14:00.569561Z,KXGOLD15M-26OCT042015-15,0.9980,729.52,yes
2026-10-05T00:14:00.569561Z,KXGOLD15M-26OCT042015-15,0.9980,5.00,yes
2026-10-05T00:14:00.569561Z,KXGOLD15M-26OCT042015-15,0.9980,0.20,yes
2026-10-05T00:14:01.119634Z,KXGOLD15M-26OCT042015-15,0.9970,30.53,no
2026-10-05T00:14:01.28344Z,KXGOLD15M-26OCT042015-15,0.9970,39.00,no
2026-10-05T00:14:01.28344Z,KXGOLD15M-26OCT042015-15,0.9970,390.78,no
2026-10-05T00:14:01.28344Z,KXGOLD15M-26OCT042015-15,0.9970,504.98,no
2026-10-05T00:14:01.859779Z,KXGOLD15M-26OCT042015-15,0.9980,2.00,yes
2026-10-05T00:14:02.944192Z,KXGOLD15M-26OCT042015-15,0.9960,60.00,no
2026-10-05T00:14:02.944192Z,KXGOLD15M-26OCT042015-15,0.9960,30.00,no
2026-10-05T00:14:02.944192Z,KXGOLD15M-26OCT042015-15,0.9960,60.00,no
2026-10-05T00:14:02.944192Z,KXGOLD15M-26OCT042015-15,0.9960,30.00,no
2026-10-05T00:14:02.944192Z,KXGOLD15M-26OCT042015-15,0.9960,49.04,no
2026-10-05T00:14:03.300363Z,KXGOLD15M-26OCT042015-15,0.9960,0.01,no
2026-10-05T00:14:03.300363Z,KXGOLD15M-26OCT042015-15,0.9960,2.33,no
2026-10-05T00:14:05.096751Z,KXGOLD15M-26OCT042015-15,0.9960,30.00,no
2026-10-05T00:14:05.096751Z,KXGOLD15M-26OCT042015-15,0.9960,60.00,no
2026-10-05T00:14:05.096751Z,KXGOLD15M-26OCT042015-15,0.9960,30.00,no
2026-10-05T00:14:05.096751Z,KXGOLD15M-26OCT042015-15,0.9960,60.00,no
2026-10-05T00:14:05.096751Z,KXGOLD15M-26OCT042015-15,0.9960,6.97,no
2026-10-05T00:14:05.706699Z,KXGOLD15M-26OCT042015-15,0.9980,13.35,yes
2026-10-05T00:14:06.530182Z,KXGOLD15M-26OCT042015-15,0.9950,899.19,no
2026-10-05T00:14:06.530182Z,KXGOLD15M-26OCT042015-15,0.9950,17.00,no
2026-10-05T00:14:06.854377Z,KXGOLD15M-26OCT042015-15,0.9980,5.00,yes
2026-10-05T00:14:06.854377Z,KXGOLD15M-26OCT042015-15,0.9980,74.25,yes
2026-10-05T00:14:06.854377Z,KXGOLD15M-26OCT042015-15,0.9980,80.00,yes
2026-10-05T00:14:06.854377Z,KXGOLD15M-26OCT042015-15,0.9980,6.00,yes
2026-10-05T00:14:06.854377Z,KXGOLD15M-26OCT042015-15,0.9980,35.00,yes
2026-10-05T00:14:07.040917Z,KXGOLD15M-26OCT042015-15,0.9950,186.97,no
2026-10-05T00:14:07.619945Z,KXGOLD15M-26OCT042015-15,0.9960,60.00,no
2026-10-05T00:14:07.619945Z,KXGOLD15M-26OCT042015-15,0.9960,30.00,no
2026-10-05T00:14:07.619945Z,KXGOLD15M-26OCT042015-15,0.9960,30.00,no
2026-10-05T00:14:07.619945Z,KXGOLD15M-26OCT042015-15,0.9960,89.75,no
2026-10-05T00:14:07.631375Z,KXGOLD15M-26OCT042015-15,0.9980,40.91,yes
2026-10-05T00:14:07.631375Z,KXGOLD15M-26OCT042015-15,0.9980,1.00,yes
2026-10-05T00:14:07.631375Z,KXGOLD15M-26OCT042015-15,0.9980,5.00,yes
2026-10-05T00:14:07.858378Z,KXGOLD15M-26OCT042015-15,0.9980,710.92,yes
2026-10-05T00:14:08.335794Z,KXGOLD15M-26OCT042015-15,0.9980,500.93,yes
2026-10-05T00:14:08.339246Z,KXGOLD15M-26OCT042015-15,0.9980,29.32,yes
2026-10-05T00:14:08.588882Z,KXGOLD15M-26OCT042015-15,0.9960,38.08,no
2026-10-05T00:14:08.588882Z,KXGOLD15M-26OCT042015-15,0.9960,76.45,no
2026-10-05T00:14:09.383207Z,KXGOLD15M-26OCT042015-15,0.9980,6.01,yes
2026-10-05T00:14:09.399714Z,KXGOLD15M-26OCT042015-15,0.9980,250.00,yes
2026-10-05T00:14:11.516662Z,KXGOLD15M-26OCT042015-15,0.9970,30.00,no
2026-10-05T00:14:11.516662Z,KXGOLD15M-26OCT042015-15,0.9970,30.00,no
2026-10-05T00:14:11.516662Z,KXGOLD15M-26OCT042015-15,0.9970,60.00,no
2026-10-05T00:14:11.516662Z,KXGOLD15M-26OCT042015-15,0.9970,144.44,no
2026-10-05T00:14:11.516662Z,KXGOLD15M-26OCT042015-15,0.9970,40.91,no
2026-10-05T00:14:11.543837Z,KXGOLD15M-26OCT042015-15,0.9970,3.06,no
2026-10-05T00:14:12.453082Z,KXGOLD15M-26OCT042015-15,0.9970,42.75,no
2026-10-05T00:14:12.720159Z,KXGOLD15M-26OCT042015-15,0.9980,2.29,yes
2026-10-05T00:14:13.771502Z,KXGOLD15M-26OCT042015-15,0.9980,93.42,yes
2026-10-05T00:14:13.818866Z,KXGOLD15M-26OCT042015-15,0.9990,1026.61,yes
2026-10-05T00:14:13.818866Z,KXGOLD15M-26OCT042015-15,0.9980,1449.08,yes
2026-10-05T00:14:13.818866Z,KXGOLD15M-26OCT042015-15,0.9980,660.19,yes
2026-10-05T00:14:13.818866Z,KXGOLD15M-26OCT042015-15,0.9980,5.00,yes
2026-10-05T00:14:13.97398Z,KXGOLD15M-26OCT042015-15,0.9980,18.69,no
2026-10-05T00:14:14.71411Z,KXGOLD15M-26OCT042015-15,0.9990,1.00,yes
2026-10-05T00:14:14.788569Z,KXGOLD15M-26OCT042015-15,0.9980,458.01,no
2026-10-05T00:14:14.824132Z,KXGOLD15M-26OCT042015-15,0.9990,100.09,yes
2026-10-05T00:14:15.277037Z,KXGOLD15M-26OCT042015-15,0.9980,549.91,no
2026-10-05T00:14:15.277037Z,KXGOLD15M-26OCT042015-15,0.9980,366.11,no
2026-10-05T00:14:16.007211Z,KXGOLD15M-26OCT042015-15,0.9970,5.43,no
2026-10-05T00:14:16.007211Z,KXGOLD15M-26OCT042015-15,0.9980,1082.97,no
2026-10-05T00:14:16.007211Z,KXGOLD15M-26OCT042015-15,0.9980,1.00,no
2026-10-05T00:14:16.007211Z,KXGOLD15M-26OCT042015-15,0.9980,100.09,no
2026-10-05T00:14:16.007211Z,KXGOLD15M-26OCT042015-15,0.9980,710.92,no
2026-10-05T00:14:16.007211Z,KXGOLD15M-26OCT042015-15,0.9980,29.32,no
2026-10-05T00:14:16.007211Z,KXGOLD15M-26OCT042015-15,0.9980,310.68,no
2026-10-05T00:14:16.007211Z,KXGOLD15M-26OCT042015-15,0.9970,60.00,no
2026-10-05T00:14:16.616693Z,KXGOLD15M-26OCT042015-15,0.9990,68.33,yes
2026-10-05T00:14:18.289619Z,KXGOLD15M-26OCT042015-15,0.9990,800.74,yes
2026-10-05T00:14:18.463715Z,KXGOLD15M-26OCT042015-15,0.9990,10.00,yes
2026-10-05T00:14:19.31628Z,KXGOLD15M-26OCT042015-15,0.9960,1200.00,no
2026-10-05T00:14:19.31628Z,KXGOLD15M-26OCT042015-15,0.9980,68.33,no
2026-10-05T00:14:19.31628Z,KXGOLD15M-26OCT042015-15,0.9980,10.00,no
2026-10-05T00:14:19.31628Z,KXGOLD15M-26OCT042015-15,0.9980,30.00,no
2026-10-05T00:14:19.31628Z,KXGOLD15M-26OCT042015-15,0.9980,800.74,no
2026-10-05T00:14:19.31628Z,KXGOLD15M-26OCT042015-15,0.9980,60.00,no
2026-10-05T00:14:19.31628Z,KXGOLD15M-26OCT042015-15,0.9980,39.00,no
2026-10-05T00:14:19.31628Z,KXGOLD15M-26OCT042015-15,0.9980,0.01,no
2026-10-05T00:14:19.31628Z,KXGOLD15M-26OCT042015-15,0.9950,16.00,no
2026-10-05T00:14:19.31628Z,KXGOLD15M-26OCT042015-15,0.9950,434.61,no
2026-10-05T00:14:19.31628Z,KXGOLD15M-26OCT042015-15,0.9970,30.00,no
2026-10-05T00:14:19.31628Z,KXGOLD15M-26OCT042015-15,0.9970,60.00,no
2026-10-05T00:14:19.719814Z,KXGOLD15M-26OCT042015-15,0.9990,100.09,yes
2026-10-05T00:14:20.132834Z,KXGOLD15M-26OCT042015-15,0.9990,80.00,yes
2026-10-05T00:14:20.243521Z,KXGOLD15M-26OCT042015-15,0.9990,59.35,yes
2026-10-05T00:14:20.243521Z,KXGOLD15M-26OCT042015-15,0.9990,10.65,yes
2026-10-05T00:14:20.744691Z,KXGOLD15M-26OCT042015-15,0.9990,70.00,yes
2026-10-05T00:14:20.830047Z,KXGOLD15M-26OCT042015-15,0.9990,719.35,yes
2026-10-05T00:14:20.830047Z,KXGOLD15M-26OCT042015-15,0.9990,213.89,yes
2026-10-05T00:14:20.998725Z,KXGOLD15M-26OCT042015-15,0.9990,70.00,yes
2026-10-05T00:14:21.184828Z,KXGOLD15M-26OCT042015-15,0.9960,100.09,no
2026-10-05T00:14:21.184828Z,KXGOLD15M-26OCT042015-15,0.9970,213.89,no
2026-10-05T00:14:21.184828Z,KXGOLD15M-26OCT042015-15,0.9960,9.66,no
2026-10-05T00:14:21.184828Z,KXGOLD15M-26OCT042015-15,0.9980,70.00,no
2026-10-05T00:14:21.500449Z,KXGOLD15M-26OCT042015-15,0.9990,70.00,yes
2026-10-05T00:14:21.999034Z,KXGOLD15M-26OCT042015-15,0.9990,70.00,yes
2026-10-05T00:14:22.480098Z,KXGOLD15M-26OCT042015-15,0.9980,30.00,no
2026-10-05T00:14:22.480098Z,KXGOLD15M-26OCT042015-15,0.9980,30.00,no
2026-10-05T00:14:22.480098Z,KXGOLD15M-26OCT042015-15,0.9980,54.50,no
2026-10-05T00:14:23.173506Z,KXGOLD15M-26OCT042015-15,0.9950,1.87,no
2026-10-05T00:14:23.173506Z,KXGOLD15M-26OCT042015-15,0.9960,59.35,no
2026-10-05T00:14:23.173506Z,KXGOLD15M-26OCT042015-15,0.9960,70.34,no
2026-10-05T00:14:23.173506Z,KXGOLD15M-26OCT042015-15,0.9980,70.00,no
2026-10-05T00:14:23.173506Z,KXGOLD15M-26OCT042015-15,0.9980,60.00,no
2026-10-05T00:14:23.173506Z,KXGOLD15M-26OCT042015-15,0.9980,70.00,no
2026-10-05T00:14:24.689771Z,KXGOLD15M-26OCT042015-15,0.9990,20.01,yes
2026-10-05T00:14:24.812508Z,KXGOLD15M-26OCT042015-15,0.9960,30.00,no
2026-10-05T00:14:24.812508Z,KXGOLD15M-26OCT042015-15,0.9960,60.00,no
2026-10-05T00:14:24.812508Z,KXGOLD15M-26OCT042015-15,0.9970,20.01,no
2026-10-05T00:14:24.812508Z,KXGOLD15M-26OCT042015-15,0.9960,30.00,no
2026-10-05T00:14:24.812508Z,KXGOLD15M-26OCT042015-15,0.9950,46.96,no
2026-10-05T00:14:25.199879Z,KXGOLD15M-26OCT042015-15,0.9950,37.39,no
2026-10-05T00:14:25.302566Z,KXGOLD15M-26OCT042015-15,0.9990,25.00,yes
2026-10-05T00:14:25.379475Z,KXGOLD15M-26OCT042015-15,0.9990,10.00,yes
2026-10-05T00:14:25.931253Z,KXGOLD15M-26OCT042015-15,0.9990,1201.11,yes
2026-10-05T00:14:27.407858Z,KXGOLD15M-26OCT042015-15,0.9990,67.06,yes
2026-10-05T00:14:28.25867Z,KXGOLD15M-26OCT042015-15,0.9950,91.61,no
2026-10-05T00:14:28.25867Z,KXGOLD15M-26OCT042015-15,0.9960,60.00,no
2026-10-05T00:14:28.25867Z,KXGOLD15M-26OCT042015-15,0.9970,35.00,no
2026-10-05T00:14:28.25867Z,KXGOLD15M-26OCT042015-15,0.9970,1201.11,no
2026-10-05T00:14:28.25867Z,KXGOLD15M-26OCT042015-15,0.9980,67.06,no
2026-10-05T00:14:28.25867Z,KXGOLD15M-26OCT042015-15,0.9980,30.00,no
2026-10-05T00:14:28.25867Z,KXGOLD15M-26OCT042015-15,0.9980,30.00,no
2026-10-05T00:14:30.325091Z,KXGOLD15M-26OCT042015-15,0.9950,186.97,no
2026-10-05T00:14:30.377425Z,KXGOLD15M-26OCT042015-15,0.9950,150.59,no
2026-10-05T00:14:30.377425Z,KXGOLD15M-26OCT042015-15,0.9950,36.38,no
2026-10-05T00:14:30.757377Z,KXGOLD15M-26OCT042015-15,0.9980,200.00,yes
2026-10-05T00:14:30.774684Z,KXGOLD15M-26OCT042015-15,0.9980,200.00,yes
2026-10-05T00:14:30.791709Z,KXGOLD15M-26OCT042015-15,0.9980,200.00,yes
2026-10-05T00:14:30.946729Z,KXGOLD15M-26OCT042015-15,0.9980,74.00,yes
2026-10-05T00:14:31.132116Z,KXGOLD15M-26OCT042015-15,0.9980,23.12,yes
2026-10-05T00:14:31.196729Z,KXGOLD15M-26OCT042015-15,0.9950,2.10,no
2026-10-05T00:14:31.196729Z,KXGOLD15M-26OCT042015-15,0.9950,17.00,no
2026-10-05T00:14:31.196729Z,KXGOLD15M-26OCT042015-15,0.9950,40.00,no
2026-10-05T00:14:31.196729Z,KXGOLD15M-26OCT042015-15,0.9920,166.39,no
2026-10-05T00:14:31.543588Z,KXGOLD15M-26OCT042015-15,0.9980,31.00,yes
2026-10-05T00:14:31.543588Z,KXGOLD15M-26OCT042015-15,0.9980,5.00,yes
2026-10-05T00:14:31.543588Z,KXGOLD15M-26OCT042015-15,0.9980,63.00,yes
2026-10-05T00:14:31.543588Z,KXGOLD15M-26OCT042015-15,0.9980,2.00,yes
2026-10-05T00:14:31.543588Z,KXGOLD15M-26OCT042015-15,0.9980,2.00,yes
2026-10-05T00:14:31.543588Z,KXGOLD15M-26OCT042015-15,0.9980,2.00,yes
2026-10-05T00:14:31.960363Z,KXGOLD15M-26OCT042015-15,0.9980,82.40,yes
2026-10-05T00:14:32.015395Z,KXGOLD15M-26OCT042015-15,0.9980,200.37,yes
2026-10-05T00:14:32.270681Z,KXGOLD15M-26OCT042015-15,0.9980,0.02,yes
2026-10-05T00:14:32.367933Z,KXGOLD15M-26OCT042015-15,0.9930,39.00,no
2026-10-05T00:14:32.372691Z,KXGOLD15M-26OCT042015-15,0.9910,813.50,no
2026-10-05T00:14:32.378296Z,KXGOLD15M-26OCT042015-15,0.9900,500.00,no
2026-10-05T00:14:32.390297Z,KXGOLD15M-26OCT042015-15,0.9890,14.00,no
2026-10-05T00:14:32.399294Z,KXGOLD15M-26OCT042015-15,0.9890,590.00,no
2026-10-05T00:14:32.630836Z,KXGOLD15M-26OCT042015-15,0.9980,8.00,yes
2026-10-05T00:14:32.630836Z,KXGOLD15M-26OCT042015-15,0.9980,5.00,yes
2026-10-05T00:14:32.630836Z,KXGOLD15M-26OCT042015-15,0.9980,4.00,yes
2026-10-05T00:14:32.630836Z,KXGOLD15M-26OCT042015-15,0.9980,5.00,yes
2026-10-05T00:14:32.630836Z,KXGOLD15M-26OCT042015-15,0.9980,142.00,yes
2026-10-05T00:14:32.630836Z,KXGOLD15M-26OCT042015-15,0.9980,36.00,yes
2026-10-05T00:14:32.644631Z,KXGOLD15M-26OCT042015-15,0.9980,200.00,yes
2026-10-05T00:14:32.661073Z,KXGOLD15M-26OCT042015-15,0.9980,78.00,yes
2026-10-05T00:14:33.124077Z,KXGOLD15M-26OCT042015-15,0.9980,155.00,yes
2026-10-05T00:14:33.32994Z,KXGOLD15M-26OCT042015-15,0.9980,484.68,yes
2026-10-05T00:14:33.488957Z,KXGOLD15M-26OCT042015-15,0.9910,28.75,no
2026-10-05T00:14:33.488957Z,KXGOLD15M-26OCT042015-15,0.9910,59.00,no
2026-10-05T00:14:33.510747Z,KXGOLD15M-26OCT042015-15,0.9990,785.31,yes
2026-10-05T00:14:33.510747Z,KXGOLD15M-26OCT042015-15,0.9980,2.00,yes
2026-10-05T00:14:33.510747Z,KXGOLD15M-26OCT042015-15,0.9980,4.00,yes
2026-10-05T00:14:33.510747Z,KXGOLD15M-26OCT042015-15,0.9980,2.00,yes
2026-10-05T00:14:33.510747Z,KXGOLD15M-26OCT042015-15,0.9980,5.00,yes
2026-10-05T00:14:33.510747Z,KXGOLD15M-26OCT042015-15,0.9980,43.00,yes
2026-10-05T00:14:33.510747Z,KXGOLD15M-26OCT042015-15,0.9980,140.30,yes
2026-10-05T00:14:33.7292Z,KXGOLD15M-26OCT042015-15,0.9980,103.91,no
2026-10-05T00:14:34.34276Z,KXGOLD15M-26OCT042015-15,0.9980,681.40,no
2026-10-05T00:14:35.350392Z,KXGOLD15M-26OCT042015-15,0.9980,5.01,yes
2026-10-05T00:14:35.373019Z,KXGOLD15M-26OCT042015-15,0.9980,1.00,yes
2026-10-05T00:14:35.716112Z,KXGOLD15M-26OCT042015-15,0.9990,1.00,yes
2026-10-05T00:14:35.716112Z,KXGOLD15M-26OCT042015-15,0.9990,464.69,yes
2026-10-05T00:14:35.716112Z,KXGOLD15M-26OCT042015-15,0.9990,400.00,yes
2026-10-05T00:14:35.716112Z,KXGOLD15M-26OCT042015-15,0.9980,22.74,yes
2026-10-05T00:14:35.716112Z,KXGOLD15M-26OCT042015-15,0.9990,752.55,yes
2026-10-05T00:14:35.716112Z,KXGOLD15M-26OCT042015-15,0.9980,7.00,yes
2026-10-05T00:14:35.716112Z,KXGOLD15M-26OCT042015-15,0.9980,5.00,yes
2026-10-05T00:14:35.716112Z,KXGOLD15M-26OCT042015-15,0.9990,5.00,yes
2026-10-05T00:14:35.716112Z,KXGOLD15M-26OCT042015-15,0.9990,200.18,yes
2026-10-05T00:14:35.716112Z,KXGOLD15M-26OCT042015-15,0.9990,898.59,yes
2026-10-05T00:14:35.716112Z,KXGOLD15M-26OCT042015-15,0.9990,262.80,yes
2026-10-05T00:14:35.716112Z,KXGOLD15M-26OCT042015-15,0.9990,500.46,yes
2026-10-05T00:14:35.716112Z,KXGOLD15M-26OCT042015-15,0.9990,4.90,yes
2026-10-05T00:14:35.716112Z,KXGOLD15M-26OCT042015-15,0.9990,815.00,yes
2026-10-05T00:14:35.716112Z,KXGOLD15M-26OCT042015-15,0.9990,1.00,yes
2026-10-05T00:14:35.716112Z,KXGOLD15M-26OCT042015-15,0.9990,1000.00,yes
2026-10-05T00:14:35.716112Z,KXGOLD15M-26OCT042015-15,0.9990,40.94,yes
2026-10-05T00:14:35.716112Z,KXGOLD15M-26OCT042015-15,0.9990,18.69,yes
2026-10-05T00:14:35.716112Z,KXGOLD15M-26OCT042015-15,0.9990,6.23,yes
2026-10-05T00:14:35.716112Z,KXGOLD15M-26OCT042015-15,0.9990,1.00,yes
2026-10-05T00:14:35.716112Z,KXGOLD15M-26OCT042015-15,0.9990,10000.00,yes
2026-10-05T00:14:35.732545Z,KXGOLD15M-26OCT042015-15,0.9970,400.00,yes
2026-10-05T00:14:35.758673Z,KXGOLD15M-26OCT042015-15,0.9980,5.00,yes
2026-10-05T00:14:35.945282Z,KXGOLD15M-26OCT042015-15,0.9990,21.86,yes
2026-10-05T00:14:36.299051Z,KXGOLD15M-26OCT042015-15,0.9980,7.01,no
2026-10-05T00:14:36.520623Z,KXGOLD15M-26OCT042015-15,0.9990,1.00,yes
2026-10-05T00:14:36.729501Z,KXGOLD15M-26OCT042015-15,0.9990,8.00,yes
2026-10-05T00:14:36.729501Z,KXGOLD15M-26OCT042015-15,0.9990,5.00,yes
2026-10-05T00:14:36.729501Z,KXGOLD15M-26OCT042015-15,0.9990,5.00,yes
2026-10-05T00:14:36.729501Z,KXGOLD15M-26OCT042015-15,0.9990,146.00,yes
2026-10-05T00:14:36.729501Z,KXGOLD15M-26OCT042015-15,0.9990,224.59,yes
2026-10-05T00:14:36.729501Z,KXGOLD15M-26OCT042015-15,0.9990,64.00,yes
2026-10-05T00:14:36.734953Z,KXGOLD15M-26OCT042015-15,0.9980,1374.03,no
2026-10-05T00:14:36.990435Z,KXGOLD15M-26OCT042015-15,0.9990,3738.84,no
2026-10-05T00:14:37.086669Z,KXGOLD15M-26OCT042015-15,0.9990,10.03,no
2026-10-05T00:14:37.270535Z,KXGOLD15M-26OCT042015-15,0.9990,467.36,no
2026-10-05T00:14:37.732825Z,KXGOLD15M-26OCT042015-15,0.9990,20.07,no
2026-10-05T00:14:37.97111Z,KXGOLD15M-26OCT042015-15,0.9990,915.99,no
2026-10-05T00:14:38.001546Z,KXGOLD15M-26OCT042015-15,0.9990,915.99,no
2026-10-05T00:14:38.594252Z,KXGOLD15M-26OCT042015-15,0.9990,91.62,no
2026-10-05T00:14:38.597012Z,KXGOLD15M-26OCT042015-15,0.9990,934.69,no
2026-10-05T00:14:39.447257Z,KXGOLD15M-26OCT042015-15,0.9990,0.25,no
2026-10-05T00:14:39.951907Z,KXGOLD15M-26OCT042015-15,0.9990,1.01,no
2026-10-05T00:14:40.029309Z,KXGOLD15M-26OCT042015-15,0.9990,915.99,no
2026-10-05T00:14:41.956583Z,KXGOLD15M-26OCT042015-15,0.9990,258.00,no
2026-10-05T00:14:41.956583Z,KXGOLD15M-26OCT042015-15,0.9990,601.12,no
2026-10-05T00:14:41.956583Z,KXGOLD15M-26OCT042015-15,0.9980,37.39,no
2026-10-05T00:14:41.984164Z,KXGOLD15M-26OCT042015-15,0.9990,45.00,yes
2026-10-05T00:14:43.919518Z,KXGOLD15M-26OCT042015-15,0.9990,175.00,no
2026-10-05T00:14:43.919518Z,KXGOLD15M-26OCT042015-15,0.9990,5.00,no
2026-10-05T00:14:44.187919Z,KXGOLD15M-26OCT042015-15,0.9990,323.03,no
2026-10-05T00:14:45.450026Z,KXGOLD15M-26OCT042015-15,0.9990,1723.97,no
2026-10-05T00:14:45.450026Z,KXGOLD15M-26OCT042015-15,0.9990,70.14,no
2026-10-05T00:14:45.561088Z,KXGOLD15M-26OCT042015-15,0.9990,5.18,no
2026-10-05T00:14:46.108444Z,KXGOLD15M-26OCT042015-15,0.9980,464.69,no
2026-10-05T00:14:46.108444Z,KXGOLD15M-26OCT042015-15,0.9960,200.18,no
2026-10-05T00:14:46.108444Z,KXGOLD15M-26OCT042015-15,0.9960,290.66,no
2026-10-05T00:14:46.108444Z,KXGOLD15M-26OCT042015-15,0.9960,262.80,no
2026-10-05T00:14:46.108444Z,KXGOLD15M-26OCT042015-15,0.9980,33.47,no
2026-10-05T00:14:46.108444Z,KXGOLD15M-26OCT042015-15,0.9960,1.00,no
2026-10-05T00:14:46.108444Z,KXGOLD15M-26OCT042015-15,0.9960,4.90,no
2026-10-05T00:14:46.108444Z,KXGOLD15M-26OCT042015-15,0.9970,100.00,no
2026-10-05T00:14:46.108444Z,KXGOLD15M-26OCT042015-15,0.9990,324.68,no
2026-10-05T00:14:46.158655Z,KXGOLD15M-26OCT042015-15,0.9990,200.00,yes
2026-10-05T00:14:46.170891Z,KXGOLD15M-26OCT042015-15,0.9990,107.00,yes
2026-10-05T00:11:25.243929Z,KXZEC15M-26OCT042015-15,0.0120,98.97,no
2026-10-05T00:11:25.243929Z,KXZEC15M-26OCT042015-15,0.0120,1.00,no
2026-10-05T00:11:25.243929Z,KXZEC15M-26OCT042015-15,0.0120,0.03,no
2026-10-05T00:11:26.4261Z,KXZEC15M-26OCT042015-15,0.0100,1.00,no
2026-10-05T00:11:27.046512Z,KXZEC15M-26OCT042015-15,0.0190,10.35,yes
2026-10-05T00:11:27.046512Z,KXZEC15M-26OCT042015-15,0.0190,5.65,yes
2026-10-05T00:11:29.692325Z,KXZEC15M-26OCT042015-15,0.0110,0.03,no
2026-10-05T00:11:29.692325Z,KXZEC15M-26OCT042015-15,0.0110,1.00,no
2026-10-05T00:11:34.34807Z,KXZEC15M-26OCT042015-15,0.0180,24.62,yes
2026-10-05T00:11:41.190994Z,KXZEC15M-26OCT042015-15,0.0080,0.21,no
2026-10-05T00:11:41.190994Z,KXZEC15M-26OCT042015-15,0.0080,3.00,no
2026-10-05T00:11:41.190994Z,KXZEC15M-26OCT042015-15,0.0070,4.32,no
2026-10-05T00:11:41.190994Z,KXZEC15M-26OCT042015-15,0.0080,0.03,no
2026-10-05T00:11:45.805382Z,KXZEC15M-26OCT042015-15,0.0070,112.23,no
2026-10-05T00:11:55.421361Z,KXZEC15M-26OCT042015-15,0.0070,20.00,no
2026-10-05T00:11:55.421361Z,KXZEC15M-26OCT042015-15,0.0060,80.00,no
2026-10-05T00:11:55.682301Z,KXZEC15M-26OCT042015-15,0.0080,0.03,yes
2026-10-05T00:11:55.682301Z,KXZEC15M-26OCT042015-15,0.0090,41.00,yes
2026-10-05T00:11:55.682301Z,KXZEC15M-26OCT042015-15,0.0080,20.00,yes
2026-10-05T00:11:55.682301Z,KXZEC15M-26OCT042015-15,0.0070,1.00,yes
2026-10-05T00:11:55.682301Z,KXZEC15M-26OCT042015-15,0.0090,1.00,yes
2026-10-05T00:11:55.682301Z,KXZEC15M-26OCT042015-15,0.0090,0.03,yes
2026-10-05T00:11:55.682301Z,KXZEC15M-26OCT042015-15,0.0100,0.57,yes
2026-10-05T00:11:55.682301Z,KXZEC15M-26OCT042015-15,0.0090,52.00,yes
2026-10-05T00:11:55.682301Z,KXZEC15M-26OCT042015-15,0.0070,100.00,yes
2026-10-05T00:11:56.962676Z,KXZEC15M-26OCT042015-15,0.0090,9.92,no
2026-10-05T00:11:56.962676Z,KXZEC15M-26OCT042015-15,0.0080,20.00,no
2026-10-05T00:11:56.962676Z,KXZEC15M-26OCT042015-15,0.0050,103.08,no
2026-10-05T00:11:56.962676Z,KXZEC15M-26OCT042015-15,0.0060,420.00,no
2026-10-05T00:11:56.962676Z,KXZEC15M-26OCT042015-15,0.0060,20.00,no
2026-10-05T00:11:56.962676Z,KXZEC15M-26OCT042015-15,0.0050,11.00,no
2026-10-05T00:11:56.962676Z,KXZEC15M-26OCT042015-15,0.0050,1.00,no
2026-10-05T00:11:58.878925Z,KXZEC15M-26OCT042015-15,0.0070,20.00,yes
2026-10-05T00:11:58.878925Z,KXZEC15M-26OCT042015-15,0.0070,0.03,yes
2026-10-05T00:11:58.878925Z,KXZEC15M-26OCT042015-15,0.0060,52.00,yes
2026-10-05T00:11:58.878925Z,KXZEC15M-26OCT042015-15,0.0070,59.61,yes
2026-10-05T00:12:06.941437Z,KXZEC15M-26OCT042015-15,0.0050,20.00,no
2026-10-05T00:12:06.941437Z,KXZEC15M-26OCT042015-15,0.0050,6.00,no
2026-10-05T00:12:10.09611Z,KXZEC15M-26OCT042015-15,0.0050,45.81,yes
2026-10-05T00:12:11.468376Z,KXZEC15M-26OCT042015-15,0.0040,10.72,no
2026-10-05T00:12:12.074387Z,KXZEC15M-26OCT042015-15,0.0040,226.98,no
2026-10-05T00:12:20.248725Z,KXZEC15M-26OCT042015-15,0.0040,20.00,no
2026-10-05T00:12:20.248725Z,KXZEC15M-26OCT042015-15,0.0030,413.00,no
2026-10-05T00:12:20.248725Z,KXZEC15M-26OCT042015-15,0.0040,13.00,no
2026-10-05T00:12:20.248725Z,KXZEC15M-26OCT042015-15,0.0040,1.00,no
2026-10-05T00:12:20.248725Z,KXZEC15M-26OCT042015-15,0.0040,1.00,no
2026-10-05T00:12:20.248725Z,KXZEC15M-26OCT042015-15,0.0040,1.00,no
2026-10-05T00:12:20.248725Z,KXZEC15M-26OCT042015-15,0.0040,1.00,no
2026-10-05T00:12:20.248725Z,KXZEC15M-26OCT042015-15,0.0040,1.00,no
2026-10-05T00:12:23.671744Z,KXZEC15M-26OCT042015-15,0.0070,66.00,yes
2026-10-05T00:12:23.671744Z,KXZEC15M-26OCT042015-15,0.0050,52.00,yes
2026-10-05T00:12:23.671744Z,KXZEC15M-26OCT042015-15,0.0080,66.00,yes
2026-10-05T00:12:23.671744Z,KXZEC15M-26OCT042015-15,0.0060,65.00,yes
2026-10-05T00:12:23.671744Z,KXZEC15M-26OCT042015-15,0.0050,65.00,yes
2026-10-05T00:12:23.671744Z,KXZEC15M-26OCT042015-15,0.0040,52.00,yes
2026-10-05T00:12:23.671744Z,KXZEC15M-26OCT042015-15,0.0040,0.03,yes
2026-10-05T00:12:23.671744Z,KXZEC15M-26OCT042015-15,0.0040,100.00,yes
2026-10-05T00:12:23.671744Z,KXZEC15M-26OCT042015-15,0.0070,1.00,yes
2026-10-05T00:12:23.671744Z,KXZEC15M-26OCT042015-15,0.0060,20.00,yes
2026-10-05T00:12:23.671744Z,KXZEC15M-26OCT042015-15,0.0050,0.03,yes
2026-10-05T00:12:23.671744Z,KXZEC15M-26OCT042015-15,0.0050,20.00,yes
2026-10-05T00:12:23.671744Z,KXZEC15M-26OCT042015-15,0.0080,39.00,yes
2026-10-05T00:12:23.671744Z,KXZEC15M-26OCT042015-15,0.0090,8.45,yes
2026-10-05T00:12:23.671744Z,KXZEC15M-26OCT042015-15,0.0060,38.00,yes
2026-10-05T00:12:23.671744Z,KXZEC15M-26OCT042015-15,0.0070,38.00,yes
2026-10-05T00:12:23.671744Z,KXZEC15M-26OCT042015-15,0.0070,0.03,yes
2026-10-05T00:12:23.671744Z,KXZEC15M-26OCT042015-15,0.0090,3.00,yes
2026-10-05T00:12:23.671744Z,KXZEC15M-26OCT042015-15,0.0070,1.00,yes
2026-10-05T00:12:23.671744Z,KXZEC15M-26OCT042015-15,0.0060,0.03,yes
2026-10-05T00:12:23.671744Z,KXZEC15M-26OCT042015-15,0.0080,0.03,yes
2026-10-05T00:12:23.671744Z,KXZEC15M-26OCT042015-15,0.0060,1.00,yes
2026-10-05T00:12:23.671744Z,KXZEC15M-26OCT042015-15,0.0080,2.00,yes
2026-10-05T00:12:23.671744Z,KXZEC15M-26OCT042015-15,0.0070,57.00,yes
2026-10-05T00:12:23.671744Z,KXZEC15M-26OCT042015-15,0.0080,19.00,yes
2026-10-05T00:12:23.671744Z,KXZEC15M-26OCT042015-15,0.0090,20.00,yes
2026-10-05T00:12:23.671744Z,KXZEC15M-26OCT042015-15,0.0090,20.00,yes
2026-10-05T00:12:23.671744Z,KXZEC15M-26OCT042015-15,0.0090,124.00,yes
2026-10-05T00:12:23.671744Z,KXZEC15M-26OCT042015-15,0.0070,19.00,yes
2026-10-05T00:12:23.671744Z,KXZEC15M-26OCT042015-15,0.0080,124.00,yes
2026-10-05T00:12:42.502643Z,KXZEC15M-26OCT042015-15,0.0030,20.00,no
2026-10-05T00:12:42.502643Z,KXZEC15M-26OCT042015-15,0.0030,9.16,no
2026-10-05T00:12:42.502643Z,KXZEC15M-26OCT042015-15,0.0030,3.00,no
2026-10-05T00:12:42.502643Z,KXZEC15M-26OCT042015-15,0.0030,2.00,no
2026-10-05T00:12:42.502643Z,KXZEC15M-26OCT042015-15,0.0030,18.00,no
2026-10-05T00:12:42.502643Z,KXZEC15M-26OCT042015-15,0.0030,2.00,no
2026-10-05T00:12:42.502643Z,KXZEC15M-26OCT042015-15,0.0030,2.00,no
2026-10-05T00:12:42.502643Z,KXZEC15M-26OCT042015-15,0.0030,2.00,no
2026-10-05T00:12:42.502643Z,KXZEC15M-26OCT042015-15,0.0030,2.00,no
2026-10-05T00:12:45.860909Z,KXZEC15M-26OCT042015-15,0.0020,27.23,no
2026-10-05T00:12:50.90302Z,KXZEC15M-26OCT042015-15,0.0020,26.23,no
2026-10-05T00:12:50.90302Z,KXZEC15M-26OCT042015-15,0.0020,172.77,no
2026-10-05T00:12:55.809992Z,KXZEC15M-26OCT042015-15,0.0040,61.34,yes
2026-10-05T00:13:00.467264Z,KXZEC15M-26OCT042015-15,0.0020,20.00,no
2026-10-05T00:13:02.247147Z,KXZEC15M-26OCT042015-15,0.0030,5.00,no
2026-10-05T00:13:12.221473Z,KXZEC15M-26OCT042015-15,0.0030,10.20,no
2026-10-05T00:13:12.221473Z,KXZEC15M-26OCT042015-15,0.0030,19.83,no
2026-10-05T00:13:28.872291Z,KXZEC15M-26OCT042015-15,0.0020,33.06,no
2026-10-05T00:13:33.390133Z,KXZEC15M-26OCT042015-15,0.0040,26.74,yes
2026-10-05T00:13:33.390133Z,KXZEC15M-26OCT042015-15,0.0040,20.00,yes
2026-10-05T00:13:34.824382Z,KXZEC15M-26OCT042015-15,0.0020,111.20,no
2026-10-05T00:13:41.14957Z,KXZEC15M-26OCT042015-15,0.0020,23.55,no
2026-10-05T00:13:41.14957Z,KXZEC15M-26OCT042015-15,0.0020,9.51,no
2026-10-05T00:13:44.910368Z,KXZEC15M-26OCT042015-15,0.0020,3.00,no
2026-10-05T00:13:44.910368Z,KXZEC15M-26OCT042015-15,0.0020,3.00,no
2026-10-05T00:13:44.910368Z,KXZEC15M-26OCT042015-15,0.0020,3.00,no
2026-10-05T00:13:44.910368Z,KXZEC15M-26OCT042015-15,0.0020,3.00,no
2026-10-05T00:13:44.910368Z,KXZEC15M-26OCT042015-15,0.0020,3.00,no
2026-10-05T00:13:44.910368Z,KXZEC15M-26OCT042015-15,0.0020,2.45,no
2026-10-05T00:13:44.910368Z,KXZEC15M-26OCT042015-15,0.0020,34.55,no
2026-10-05T00:13:46.153269Z,KXZEC15M-26OCT042015-15,0.0020,20.00,no
2026-10-05T00:13:46.153269Z,KXZEC15M-26OCT042015-15,0.0020,2.04,no
2026-10-05T00:13:48.466455Z,KXZEC15M-26OCT042015-15,0.0030,154.00,yes
2026-10-05T00:13:48.466455Z,KXZEC15M-26OCT042015-15,0.0040,50.84,yes
2026-10-05T00:13:48.466455Z,KXZEC15M-26OCT042015-15,0.0030,20.00,yes
2026-10-05T00:13:48.466455Z,KXZEC15M-26OCT042015-15,0.0030,52.00,yes
2026-10-05T00:13:53.76158Z,KXZEC15M-26OCT042015-15,0.0040,41.25,yes
2026-10-05T00:13:55.511246Z,KXZEC15M-26OCT042015-15,0.0020,495.97,no
2026-10-05T00:13:55.511246Z,KXZEC15M-26OCT042015-15,0.0020,4.96,no
2026-10-05T00:13:55.774182Z,KXZEC15M-26OCT042015-15,0.0020,2.00,no
2026-10-05T00:13:59.260878Z,KXZEC15M-26OCT042015-15,0.0010,3.00,no
2026-10-05T00:14:03.598524Z,KXZEC15M-26OCT042015-15,0.0030,100.00,yes
2026-10-05T00:14:03.598524Z,KXZEC15M-26OCT042015-15,0.0020,1.00,yes
2026-10-05T00:14:03.598524Z,KXZEC15M-26OCT042015-15,0.0030,361.26,yes
2026-10-05T00:14:03.598524Z,KXZEC15M-26OCT042015-15,0.0030,3.00,yes
2026-10-05T00:14:04.033517Z,KXZEC15M-26OCT042015-15,0.0010,39.00,no
2026-10-05T00:14:04.524515Z,KXZEC15M-26OCT042015-15,0.0010,1.00,no
2026-10-05T00:14:04.524515Z,KXZEC15M-26OCT042015-15,0.0010,1.00,no
2026-10-05T00:14:04.524515Z,KXZEC15M-26OCT042015-15,0.0010,1.00,no
2026-10-05T00:14:04.524515Z,KXZEC15M-26OCT042015-15,0.0010,80.00,no
2026-10-05T00:14:04.524515Z,KXZEC15M-26OCT042015-15,0.0010,158.00,no
2026-10-05T00:14:04.524515Z,KXZEC15M-26OCT042015-15,0.0010,64.00,no
2026-10-05T00:14:04.806451Z,KXZEC15M-26OCT042015-15,0.0010,275.00,no
2026-10-05T00:14:04.806451Z,KXZEC15M-26OCT042015-15,0.0010,25.00,no
2026-10-05T00:14:04.806451Z,KXZEC15M-26OCT042015-15,0.0010,20.00,no
2026-10-05T00:14:04.806451Z,KXZEC15M-26OCT042015-15,0.0010,0.06,no
2026-10-05T00:14:05.046246Z,KXZEC15M-26OCT042015-15,0.0010,129.06,yes
2026-10-05T00:14:21.011911Z,KXZEC15M-26OCT042015-15,0.0010,495.97,yes
2026-10-05T00:14:21.011911Z,KXZEC15M-26OCT042015-15,0.0010,2.00,yes
2026-10-05T00:14:21.011911Z,KXZEC15M-26OCT042015-15,0.0010,1.00,yes
2026-10-05T00:14:21.011911Z,KXZEC15M-26OCT042015-15,0.0010,71.00,yes
2026-10-05T00:14:21.011911Z,KXZEC15M-26OCT042015-15,0.0020,71.00,yes
2026-10-05T00:14:21.011911Z,KXZEC15M-26OCT042015-15,0.0020,20.00,yes
2026-10-05T00:14:21.011911Z,KXZEC15M-26OCT042015-15,0.0010,52.88,yes
2026-10-05T00:14:21.011911Z,KXZEC15M-26OCT042015-15,0.0020,40.53,yes
2026-10-05T00:14:28.469998Z,KXZEC15M-26OCT042015-15,0.0020,162.96,yes
2026-10-05T00:14:28.469998Z,KXZEC15M-26OCT042015-15,0.0010,100.00,yes
2026-10-05T00:14:28.469998Z,KXZEC15M-26OCT042015-15,0.0010,11.18,yes
2026-10-05T00:14:28.469998Z,KXZEC15M-26OCT042015-15,0.0020,218.22,yes
2026-10-05T00:14:28.469998Z,KXZEC15M-26OCT042015-15,0.0010,55.10,yes
2026-10-05T00:14:54.028167Z,KXZEC15M-26OCT042015-15,0.0010,39.00,yes
2026-10-05T00:11:39.350727Z,KXSOL15M-26OCT042015-15,0.2300,1.36,no
2026-10-05T00:11:41.010089Z,KXSOL15M-26OCT042015-15,0.2300,9.00,no
2026-10-05T00:11:41.010089Z,KXSOL15M-26OCT042015-15,0.2300,2.00,no
2026-10-05T00:11:41.023348Z,KXSOL15M-26OCT042015-15,0.2200,17.00,no
2026-10-05T00:11:41.023348Z,KXSOL15M-26OCT042015-15,0.2200,4.00,no
2026-10-05T00:11:41.161938Z,KXSOL15M-26OCT042015-15,0.2100,10.00,no
2026-10-05T00:11:41.161938Z,KXSOL15M-26OCT042015-15,0.2100,3.00,no
2026-10-05T00:11:41.161938Z,KXSOL15M-26OCT042015-15,0.2100,4.00,no
2026-10-05T00:11:41.377039Z,KXSOL15M-26OCT042015-15,0.1900,3.00,no
2026-10-05T00:11:41.384566Z,KXSOL15M-26OCT042015-15,0.1900,1.00,no
2026-10-05T00:11:43.382773Z,KXSOL15M-26OCT042015-15,0.1900,14.00,no
2026-10-05T00:11:43.382773Z,KXSOL15M-26OCT042015-15,0.1900,6.00,no
2026-10-05T00:11:43.382773Z,KXSOL15M-26OCT042015-15,0.1900,3.45,no
2026-10-05T00:11:43.382773Z,KXSOL15M-26OCT042015-15,0.1900,7.00,no
2026-10-05T00:11:44.488391Z,KXSOL15M-26OCT042015-15,0.1600,99.00,no
2026-10-05T00:11:44.488478Z,KXSOL15M-26OCT042015-15,0.1600,100.00,no
2026-10-05T00:11:44.836862Z,KXSOL15M-26OCT042015-15,0.1300,10.00,yes
2026-10-05T00:11:44.836862Z,KXSOL15M-26OCT042015-15,0.1400,20.17,yes
2026-10-05T00:11:44.836862Z,KXSOL15M-26OCT042015-15,0.1400,5.00,yes
2026-10-05T00:11:44.836862Z,KXSOL15M-26OCT042015-15,0.1300,8.00,yes
2026-10-05T00:11:44.836862Z,KXSOL15M-26OCT042015-15,0.1300,6.63,yes
2026-10-05T00:11:45.447953Z,KXSOL15M-26OCT042015-15,0.1200,1.00,no
2026-10-05T00:11:45.454891Z,KXSOL15M-26OCT042015-15,0.1200,0.31,no
2026-10-05T00:11:46.176391Z,KXSOL15M-26OCT042015-15,0.0900,2.00,no
2026-10-05T00:11:46.176391Z,KXSOL15M-26OCT042015-15,0.0910,2.00,no
2026-10-05T00:11:46.794058Z,KXSOL15M-26OCT042015-15,0.0830,3.00,yes
2026-10-05T00:11:46.794058Z,KXSOL15M-26OCT042015-15,0.0940,7.00,yes
2026-10-05T00:11:46.794058Z,KXSOL15M-26OCT042015-15,0.0960,10.00,yes
2026-10-05T00:11:46.794058Z,KXSOL15M-26OCT042015-15,0.0950,6.00,yes
2026-10-05T00:11:46.794058Z,KXSOL15M-26OCT042015-15,0.0840,3.00,yes
2026-10-05T00:11:46.794058Z,KXSOL15M-26OCT042015-15,0.0960,10.00,yes
2026-10-05T00:11:46.794058Z,KXSOL15M-26OCT042015-15,0.0970,58.17,yes
2026-10-05T00:11:47.560105Z,KXSOL15M-26OCT042015-15,0.0820,2.65,no
2026-10-05T00:11:47.87631Z,KXSOL15M-26OCT042015-15,0.0810,4.96,no
2026-10-05T00:11:47.87631Z,KXSOL15M-26OCT042015-15,0.0820,20.35,no
2026-10-05T00:11:47.87631Z,KXSOL15M-26OCT042015-15,0.0830,28.00,no
2026-10-05T00:11:48.416164Z,KXSOL15M-26OCT042015-15,0.0690,3.00,yes
2026-10-05T00:11:48.416164Z,KXSOL15M-26OCT042015-15,0.0700,3.00,yes
2026-10-05T00:11:48.416164Z,KXSOL15M-26OCT042015-15,0.0740,6.00,yes
2026-10-05T00:11:48.416164Z,KXSOL15M-26OCT042015-15,0.0740,8.70,yes
2026-10-05T00:11:49.244567Z,KXSOL15M-26OCT042015-15,0.0600,6.00,no
2026-10-05T00:11:49.244567Z,KXSOL15M-26OCT042015-15,0.0650,20.00,no
2026-10-05T00:11:49.394381Z,KXSOL15M-26OCT042015-15,0.0560,6.00,yes
2026-10-05T00:11:49.394381Z,KXSOL15M-26OCT042015-15,0.0540,3.00,yes
2026-10-05T00:11:49.552098Z,KXSOL15M-26OCT042015-15,0.0540,36.00,no
2026-10-05T00:11:49.747734Z,KXSOL15M-26OCT042015-15,0.0540,8.00,no
2026-10-05T00:11:49.747734Z,KXSOL15M-26OCT042015-15,0.0530,7.00,no
2026-10-05T00:11:52.069772Z,KXSOL15M-26OCT042015-15,0.0460,7.06,yes
2026-10-05T00:11:52.790119Z,KXSOL15M-26OCT042015-15,0.0460,10.00,yes
2026-10-05T00:11:52.826976Z,KXSOL15M-26OCT042015-15,0.0440,0.20,no
2026-10-05T00:11:52.841512Z,KXSOL15M-26OCT042015-15,0.0480,32.66,yes
2026-10-05T00:11:52.841512Z,KXSOL15M-26OCT042015-15,0.0460,7.00,yes
2026-10-05T00:11:52.841512Z,KXSOL15M-26OCT042015-15,0.0480,24.00,yes
2026-10-05T00:11:52.841512Z,KXSOL15M-26OCT042015-15,0.0470,32.00,yes
2026-10-05T00:11:52.841512Z,KXSOL15M-26OCT042015-15,0.0460,1.30,yes
2026-10-05T00:11:54.505678Z,KXSOL15M-26OCT042015-15,0.0470,3.00,yes
2026-10-05T00:11:54.505678Z,KXSOL15M-26OCT042015-15,0.0470,28.00,yes
2026-10-05T00:11:54.505678Z,KXSOL15M-26OCT042015-15,0.0480,65.66,yes
2026-10-05T00:11:54.505678Z,KXSOL15M-26OCT042015-15,0.0470,1.00,yes
2026-10-05T00:11:54.742913Z,KXSOL15M-26OCT042015-15,0.0480,19.54,yes
2026-10-05T00:11:55.348218Z,KXSOL15M-26OCT042015-15,0.0480,19.53,yes
2026-10-05T00:11:56.437285Z,KXSOL15M-26OCT042015-15,0.0450,5.55,yes
2026-10-05T00:11:56.668465Z,KXSOL15M-26OCT042015-15,0.0440,3.00,yes
2026-10-05T00:11:56.668465Z,KXSOL15M-26OCT042015-15,0.0450,4.45,yes
2026-10-05T00:11:56.668465Z,KXSOL15M-26OCT042015-15,0.0450,3.00,yes
2026-10-05T00:11:56.668465Z,KXSOL15M-26OCT042015-15,0.0470,20.00,yes
2026-10-05T00:11:56.668465Z,KXSOL15M-26OCT042015-15,0.0480,165.57,yes
2026-10-05T00:11:57.221953Z,KXSOL15M-26OCT042015-15,0.0480,19.60,yes
2026-10-05T00:11:58.620668Z,KXSOL15M-26OCT042015-15,0.0460,5.00,yes
2026-10-05T00:11:59.659783Z,KXSOL15M-26OCT042015-15,0.0460,19.64,yes
2026-10-05T00:12:00.247603Z,KXSOL15M-26OCT042015-15,0.0350,4.00,no
2026-10-05T00:12:00.247862Z,KXSOL15M-26OCT042015-15,0.0350,3.00,no
2026-10-05T00:12:00.249823Z,KXSOL15M-26OCT042015-15,0.0350,10.00,no
2026-10-05T00:12:00.355977Z,KXSOL15M-26OCT042015-15,0.0370,16.00,yes
2026-10-05T00:12:00.406877Z,KXSOL15M-26OCT042015-15,0.0350,3.00,no
2026-10-05T00:12:00.406877Z,KXSOL15M-26OCT042015-15,0.0350,7.00,no
2026-10-05T00:12:00.453559Z,KXSOL15M-26OCT042015-15,0.0330,3.00,no
2026-10-05T00:12:00.453559Z,KXSOL15M-26OCT042015-15,0.0320,4.00,no
2026-10-05T00:12:00.453559Z,KXSOL15M-26OCT042015-15,0.0340,3.00,no
2026-10-05T00:12:00.80291Z,KXSOL15M-26OCT042015-15,0.0360,10.00,yes
2026-10-05T00:12:01.948593Z,KXSOL15M-26OCT042015-15,0.0390,2.00,no
2026-10-05T00:12:01.982388Z,KXSOL15M-26OCT042015-15,0.0410,10.00,yes
2026-10-05T00:12:01.982388Z,KXSOL15M-26OCT042015-15,0.0440,1.00,yes
2026-10-05T00:12:01.982388Z,KXSOL15M-26OCT042015-15,0.0450,30.77,yes
2026-10-05T00:12:02.249858Z,KXSOL15M-26OCT042015-15,0.0400,11.00,no
2026-10-05T00:12:03.477865Z,KXSOL15M-26OCT042015-15,0.0470,3.00,yes
2026-10-05T00:12:03.477865Z,KXSOL15M-26OCT042015-15,0.0470,5.95,yes
2026-10-05T00:12:03.477865Z,KXSOL15M-26OCT042015-15,0.0460,4.00,yes
2026-10-05T00:12:03.477865Z,KXSOL15M-26OCT042015-15,0.0460,7.00,yes
2026-10-05T00:12:03.745612Z,KXSOL15M-26OCT042015-15,0.0440,2.00,yes
2026-10-05T00:12:04.699481Z,KXSOL15M-26OCT042015-15,0.0350,18.00,yes
2026-10-05T00:12:04.733887Z,KXSOL15M-26OCT042015-15,0.0350,2.00,yes
2026-10-05T00:12:04.792302Z,KXSOL15M-26OCT042015-15,0.0340,0.99,no
2026-10-05T00:12:05.977318Z,KXSOL15M-26OCT042015-15,0.0310,10.00,yes
2026-10-05T00:12:05.977318Z,KXSOL15M-26OCT042015-15,0.0310,4.54,yes
2026-10-05T00:12:06.206446Z,KXSOL15M-26OCT042015-15,0.0320,13.00,yes
2026-10-05T00:12:06.206446Z,KXSOL15M-26OCT042015-15,0.0340,1.38,yes
2026-10-05T00:12:06.294648Z,KXSOL15M-26OCT042015-15,0.0300,11.00,no
2026-10-05T00:12:06.294648Z,KXSOL15M-26OCT042015-15,0.0310,29.00,no
2026-10-05T00:12:06.555155Z,KXSOL15M-26OCT042015-15,0.0300,14.00,no
2026-10-05T00:12:06.873874Z,KXSOL15M-26OCT042015-15,0.0320,3.00,yes
2026-10-05T00:12:06.873874Z,KXSOL15M-26OCT042015-15,0.0320,5.51,yes
2026-10-05T00:12:07.189765Z,KXSOL15M-26OCT042015-15,0.0270,1.00,no
2026-10-05T00:12:07.189765Z,KXSOL15M-26OCT042015-15,0.0280,19.00,no
2026-10-05T00:12:07.25308Z,KXSOL15M-26OCT042015-15,0.0270,7.00,no
2026-10-05T00:12:07.25308Z,KXSOL15M-26OCT042015-15,0.0280,13.00,no
2026-10-05T00:12:07.614828Z,KXSOL15M-26OCT042015-15,0.0230,7.00,no
2026-10-05T00:12:07.614828Z,KXSOL15M-26OCT042015-15,0.0270,8.00,no
2026-10-05T00:12:07.691974Z,KXSOL15M-26OCT042015-15,0.0230,4.00,no
2026-10-05T00:12:07.727056Z,KXSOL15M-26OCT042015-15,0.0230,23.00,no
2026-10-05T00:12:07.727056Z,KXSOL15M-26OCT042015-15,0.0230,7.00,no
2026-10-05T00:12:07.730222Z,KXSOL15M-26OCT042015-15,0.0220,40.00,no
2026-10-05T00:12:07.789368Z,KXSOL15M-26OCT042015-15,0.0220,12.00,no
2026-10-05T00:12:07.895257Z,KXSOL15M-26OCT042015-15,0.0210,33.00,yes
2026-10-05T00:12:08.0075Z,KXSOL15M-26OCT042015-15,0.0210,12.00,yes
2026-10-05T00:12:08.27951Z,KXSOL15M-26OCT042015-15,0.0340,9.62,yes
2026-10-05T00:12:08.27951Z,KXSOL15M-26OCT042015-15,0.0210,18.00,yes
2026-10-05T00:12:08.27951Z,KXSOL15M-26OCT042015-15,0.0300,6.00,yes
2026-10-05T00:12:08.27951Z,KXSOL15M-26OCT042015-15,0.0260,350.00,yes
2026-10-05T00:12:08.27951Z,KXSOL15M-26OCT042015-15,0.0310,60.00,yes
2026-10-05T00:12:08.27951Z,KXSOL15M-26OCT042015-15,0.0250,20.00,yes
2026-10-05T00:12:08.27951Z,KXSOL15M-26OCT042015-15,0.0240,9.00,yes
2026-10-05T00:12:08.27951Z,KXSOL15M-26OCT042015-15,0.0310,40.00,yes
2026-10-05T00:12:08.27951Z,KXSOL15M-26OCT042015-15,0.0290,10.00,yes
2026-10-05T00:12:08.27951Z,KXSOL15M-26OCT042015-15,0.0310,75.00,yes
2026-10-05T00:12:08.27951Z,KXSOL15M-26OCT042015-15,0.0310,60.00,yes
2026-10-05T00:12:08.27951Z,KXSOL15M-26OCT042015-15,0.0310,40.00,yes
2026-10-05T00:12:08.27951Z,KXSOL15M-26OCT042015-15,0.0250,6.00,yes
2026-10-05T00:12:08.27951Z,KXSOL15M-26OCT042015-15,0.0240,3.11,yes
2026-10-05T00:12:08.27951Z,KXSOL15M-26OCT042015-15,0.0240,20.00,yes
2026-10-05T00:12:08.41482Z,KXSOL15M-26OCT042015-15,0.0200,34.00,no
2026-10-05T00:12:08.41482Z,KXSOL15M-26OCT042015-15,0.0200,3.00,no
2026-10-05T00:12:08.41482Z,KXSOL15M-26OCT042015-15,0.0200,2.00,no
2026-10-05T00:12:08.41482Z,KXSOL15M-26OCT042015-15,0.0200,10.00,no
2026-10-05T00:12:08.41482Z,KXSOL15M-26OCT042015-15,0.0180,9.00,no
2026-10-05T00:12:08.41482Z,KXSOL15M-26OCT042015-15,0.0190,40.00,no
2026-10-05T00:12:08.41482Z,KXSOL15M-26OCT042015-15,0.0190,1.00,no
2026-10-05T00:12:08.521877Z,KXSOL15M-26OCT042015-15,0.0180,18.00,no
2026-10-05T00:12:08.814582Z,KXSOL15M-26OCT042015-15,0.0180,4.00,no
2026-10-05T00:12:08.962212Z,KXSOL15M-26OCT042015-15,0.0160,8.00,no
2026-10-05T00:12:08.962212Z,KXSOL15M-26OCT042015-15,0.0180,9.00,no
2026-10-05T00:12:08.962212Z,KXSOL15M-26OCT042015-15,0.0170,40.00,no
2026-10-05T00:12:08.962212Z,KXSOL15M-26OCT042015-15,0.0160,40.00,no
2026-10-05T00:12:08.962212Z,KXSOL15M-26OCT042015-15,0.0180,1.00,no
2026-10-05T00:12:08.962212Z,KXSOL15M-26OCT042015-15,0.0160,1.00,no
2026-10-05T00:12:08.962212Z,KXSOL15M-26OCT042015-15,0.0170,1.00,no
2026-10-05T00:12:09.053762Z,KXSOL15M-26OCT042015-15,0.0150,7.00,no
2026-10-05T00:12:09.053762Z,KXSOL15M-26OCT042015-15,0.0150,40.00,no
2026-10-05T00:12:09.053762Z,KXSOL15M-26OCT042015-15,0.0150,1.00,no
2026-10-05T00:12:09.089263Z,KXSOL15M-26OCT042015-15,0.0150,21.00,yes
2026-10-05T00:12:09.127776Z,KXSOL15M-26OCT042015-15,0.0130,7.00,no
2026-10-05T00:12:09.127776Z,KXSOL15M-26OCT042015-15,0.0130,40.00,no
2026-10-05T00:12:09.127776Z,KXSOL15M-26OCT042015-15,0.0120,11.00,no
2026-10-05T00:12:09.127776Z,KXSOL15M-26OCT042015-15,0.0140,40.00,no
2026-10-05T00:12:09.127776Z,KXSOL15M-26OCT042015-15,0.0130,1.00,no
2026-10-05T00:12:09.127776Z,KXSOL15M-26OCT042015-15,0.0140,1.00,no
2026-10-05T00:12:09.155428Z,KXSOL15M-26OCT042015-15,0.0120,14.00,no
2026-10-05T00:12:09.88162Z,KXSOL15M-26OCT042015-15,0.0120,18.00,no
2026-10-05T00:12:09.88162Z,KXSOL15M-26OCT042015-15,0.0120,8.00,no
2026-10-05T00:12:10.691858Z,KXSOL15M-26OCT042015-15,0.0250,7.00,yes
2026-10-05T00:12:10.691858Z,KXSOL15M-26OCT042015-15,0.0210,45.00,yes
2026-10-05T00:12:10.691858Z,KXSOL15M-26OCT042015-15,0.0190,10.00,yes
2026-10-05T00:12:10.691858Z,KXSOL15M-26OCT042015-15,0.0240,9.00,yes
2026-10-05T00:12:10.691858Z,KXSOL15M-26OCT042015-15,0.0200,15.00,yes
2026-10-05T00:12:10.691858Z,KXSOL15M-26OCT042015-15,0.0260,350.00,yes
2026-10-05T00:12:10.691858Z,KXSOL15M-26OCT042015-15,0.0210,45.00,yes
2026-10-05T00:12:10.691858Z,KXSOL15M-26OCT042015-15,0.0200,20.00,yes
2026-10-05T00:12:10.691858Z,KXSOL15M-26OCT042015-15,0.0290,55.51,yes
2026-10-05T00:12:10.691858Z,KXSOL15M-26OCT042015-15,0.0190,11.00,yes
2026-10-05T00:12:10.691858Z,KXSOL15M-26OCT042015-15,0.0250,6.00,yes
2026-10-05T00:12:10.691858Z,KXSOL15M-26OCT042015-15,0.0150,40.00,yes
2026-10-05T00:12:10.691858Z,KXSOL15M-26OCT042015-15,0.0200,6.00,yes
2026-10-05T00:12:10.691858Z,KXSOL15M-26OCT042015-15,0.0200,14.00,yes
2026-10-05T00:12:10.691858Z,KXSOL15M-26OCT042015-15,0.0200,8.00,yes
2026-10-05T00:12:10.691858Z,KXSOL15M-26OCT042015-15,0.0210,2.00,yes
2026-10-05T00:12:10.691858Z,KXSOL15M-26OCT042015-15,0.0240,48.00,yes
2026-10-05T00:12:10.691858Z,KXSOL15M-26OCT042015-15,0.0210,55.00,yes
2026-10-05T00:12:10.691858Z,KXSOL15M-26OCT042015-15,0.0140,16.00,yes
2026-10-05T00:12:10.691858Z,KXSOL15M-26OCT042015-15,0.0200,11.00,yes
2026-10-05T00:12:10.691858Z,KXSOL15M-26OCT042015-15,0.0210,8.00,yes
2026-10-05T00:12:10.691858Z,KXSOL15M-26OCT042015-15,0.0200,15.00,yes
2026-10-05T00:12:10.691858Z,KXSOL15M-26OCT042015-15,0.0180,15.00,yes
2026-10-05T00:12:10.691858Z,KXSOL15M-26OCT042015-15,0.0150,4.00,yes
2026-10-05T00:12:10.691858Z,KXSOL15M-26OCT042015-15,0.0180,18.00,yes
2026-10-05T00:12:10.691858Z,KXSOL15M-26OCT042015-15,0.0160,0.03,yes
2026-10-05T00:12:10.691858Z,KXSOL15M-26OCT042015-15,0.0150,0.03,yes
2026-10-05T00:12:10.691858Z,KXSOL15M-26OCT042015-15,0.0150,41.00,yes
2026-10-05T00:12:10.691858Z,KXSOL15M-26OCT042015-15,0.0260,0.03,yes
2026-10-05T00:12:10.691858Z,KXSOL15M-26OCT042015-15,0.0250,0.03,yes
2026-10-05T00:12:10.691858Z,KXSOL15M-26OCT042015-15,0.0210,55.00,yes
2026-10-05T00:12:10.691858Z,KXSOL15M-26OCT042015-15,0.0240,0.03,yes
2026-10-05T00:12:10.691858Z,KXSOL15M-26OCT042015-15,0.0250,100.00,yes
2026-10-05T00:12:10.738738Z,KXSOL15M-26OCT042015-15,0.0150,10.00,no
2026-10-05T00:12:10.776597Z,KXSOL15M-26OCT042015-15,0.0150,10.00,no
2026-10-05T00:12:11.202154Z,KXSOL15M-26OCT042015-15,0.0170,0.03,yes
2026-10-05T00:12:11.202154Z,KXSOL15M-26OCT042015-15,0.0170,6.35,yes
2026-10-05T00:12:11.202154Z,KXSOL15M-26OCT042015-15,0.0170,3.00,yes
2026-10-05T00:12:11.643958Z,KXSOL15M-26OCT042015-15,0.0170,1.00,yes
2026-10-05T00:12:12.00548Z,KXSOL15M-26OCT042015-15,0.0180,1.00,yes
2026-10-05T00:12:12.00548Z,KXSOL15M-26OCT042015-15,0.0170,2.00,yes
2026-10-05T00:12:12.763747Z,KXSOL15M-26OCT042015-15,0.0180,11.00,yes
2026-10-05T00:12:12.763747Z,KXSOL15M-26OCT042015-15,0.0180,10.00,yes
2026-10-05T00:12:12.763747Z,KXSOL15M-26OCT042015-15,0.0190,14.36,yes
2026-10-05T00:12:12.763747Z,KXSOL15M-26OCT042015-15,0.0180,2.00,yes
2026-10-05T00:12:12.763747Z,KXSOL15M-26OCT042015-15,0.0180,14.00,yes
2026-10-05T00:12:15.39049Z,KXSOL15M-26OCT042015-15,0.0150,12.00,no
2026-10-05T00:12:15.39049Z,KXSOL15M-26OCT042015-15,0.0150,16.00,no
2026-10-05T00:12:15.39049Z,KXSOL15M-26OCT042015-15,0.0140,15.00,no
2026-10-05T00:12:15.656214Z,KXSOL15M-26OCT042015-15,0.0150,2.65,yes
2026-10-05T00:12:16.389426Z,KXSOL15M-26OCT042015-15,0.0130,6.00,no
2026-10-05T00:12:16.389426Z,KXSOL15M-26OCT042015-15,0.0130,24.00,no
2026-10-05T00:12:16.389426Z,KXSOL15M-26OCT042015-15,0.0140,7.00,no
2026-10-05T00:12:16.389426Z,KXSOL15M-26OCT042015-15,0.0140,7.00,no
2026-10-05T00:12:16.389426Z,KXSOL15M-26OCT042015-15,0.0130,3.00,no
2026-10-05T00:12:16.475098Z,KXSOL15M-26OCT042015-15,0.0120,20.00,no
2026-10-05T00:12:16.475258Z,KXSOL15M-26OCT042015-15,0.0120,30.00,no
2026-10-05T00:12:16.633351Z,KXSOL15M-26OCT042015-15,0.0130,3.00,yes
2026-10-05T00:12:16.633351Z,KXSOL15M-26OCT042015-15,0.0130,26.79,yes
2026-10-05T00:12:16.719645Z,KXSOL15M-26OCT042015-15,0.0120,3.00,no
2026-10-05T00:12:16.823813Z,KXSOL15M-26OCT042015-15,0.0120,13.00,no
2026-10-05T00:12:16.926091Z,KXSOL15M-26OCT042015-15,0.0120,6.00,no
2026-10-05T00:12:17.032301Z,KXSOL15M-26OCT042015-15,0.0120,6.00,no
2026-10-05T00:12:17.130825Z,KXSOL15M-26OCT042015-15,0.0120,4.00,no
2026-10-05T00:12:17.142603Z,KXSOL15M-26OCT042015-15,0.0120,20.00,no
2026-10-05T00:12:17.443971Z,KXSOL15M-26OCT042015-15,0.0130,3.00,yes
2026-10-05T00:12:17.443971Z,KXSOL15M-26OCT042015-15,0.0130,13.00,yes
2026-10-05T00:12:17.443971Z,KXSOL15M-26OCT042015-15,0.0140,26.31,yes
2026-10-05T00:12:17.443971Z,KXSOL15M-26OCT042015-15,0.0130,23.00,yes
2026-10-05T00:12:17.443971Z,KXSOL15M-26OCT042015-15,0.0140,3.00,yes
2026-10-05T00:12:17.443971Z,KXSOL15M-26OCT042015-15,0.0130,0.21,yes
2026-10-05T00:12:17.971744Z,KXSOL15M-26OCT042015-15,0.0130,22.00,no
2026-10-05T00:12:17.971744Z,KXSOL15M-26OCT042015-15,0.0130,10.00,no
2026-10-05T00:12:17.971744Z,KXSOL15M-26OCT042015-15,0.0130,7.00,no
2026-10-05T00:12:18.050547Z,KXSOL15M-26OCT042015-15,0.0120,7.00,no
2026-10-05T00:12:18.050547Z,KXSOL15M-26OCT042015-15,0.0120,230.00,no
2026-10-05T00:12:18.050547Z,KXSOL15M-26OCT042015-15,0.0120,40.00,no
2026-10-05T00:12:18.050547Z,KXSOL15M-26OCT042015-15,0.0120,1.00,no
2026-10-05T00:12:18.285405Z,KXSOL15M-26OCT042015-15,0.0120,289.38,yes
2026-10-05T00:12:18.32726Z,KXSOL15M-26OCT042015-15,0.0120,186.15,yes
2026-10-05T00:12:19.882147Z,KXSOL15M-26OCT042015-15,0.0110,9.96,no
2026-10-05T00:12:20.346015Z,KXSOL15M-26OCT042015-15,0.0110,13.00,no
2026-10-05T00:12:20.401748Z,KXSOL15M-26OCT042015-15,0.0110,14.04,no
2026-10-05T00:12:20.401748Z,KXSOL15M-26OCT042015-15,0.0110,35.96,no
2026-10-05T00:12:20.447186Z,KXSOL15M-26OCT042015-15,0.0110,4.04,no
2026-10-05T00:12:20.447186Z,KXSOL15M-26OCT042015-15,0.0110,2.00,no
2026-10-05T00:12:20.447186Z,KXSOL15M-26OCT042015-15,0.0110,4.96,no
2026-10-05T00:12:20.66144Z,KXSOL15M-26OCT042015-15,0.0110,7.00,no
2026-10-05T00:12:20.66144Z,KXSOL15M-26OCT042015-15,0.0110,20.00,no
2026-10-05T00:12:20.66144Z,KXSOL15M-26OCT042015-15,0.0110,1.00,no
2026-10-05T00:12:20.66144Z,KXSOL15M-26OCT042015-15,0.0110,2.00,no
2026-10-05T00:12:20.66144Z,KXSOL15M-26OCT042015-15,0.0110,100.00,no
2026-10-05T00:12:20.66144Z,KXSOL15M-26OCT042015-15,0.0110,5.04,no
2026-10-05T00:12:20.66144Z,KXSOL15M-26OCT042015-15,0.0110,1.00,no
2026-10-05T00:12:20.781908Z,KXSOL15M-26OCT042015-15,0.0100,1.38,no
2026-10-05T00:12:20.781908Z,KXSOL15M-26OCT042015-15,0.0100,1.13,no
2026-10-05T00:12:20.781908Z,KXSOL15M-26OCT042015-15,0.0100,3.92,no
2026-10-05T00:12:20.781908Z,KXSOL15M-26OCT042015-15,0.0100,53.46,no
2026-10-05T00:12:20.781908Z,KXSOL15M-26OCT042015-15,0.0100,72.92,no
2026-10-05T00:12:20.781908Z,KXSOL15M-26OCT042015-15,0.0100,5.00,no
2026-10-05T00:12:20.781908Z,KXSOL15M-26OCT042015-15,0.0100,1.02,no
2026-10-05T00:12:20.781908Z,KXSOL15M-26OCT042015-15,0.0100,40.00,no
2026-10-05T00:12:20.781908Z,KXSOL15M-26OCT042015-15,0.0100,10.00,no
2026-10-05T00:12:20.781908Z,KXSOL15M-26OCT042015-15,0.0100,20.00,no
2026-10-05T00:12:20.781908Z,KXSOL15M-26OCT042015-15,0.0100,3.00,no
2026-10-05T00:12:21.161205Z,KXSOL15M-26OCT042015-15,0.0100,44.10,no
2026-10-05T00:12:21.161205Z,KXSOL15M-26OCT042015-15,0.0100,151.86,no
2026-10-05T00:12:21.223136Z,KXSOL15M-26OCT042015-15,0.0100,10.00,no
2026-10-05T00:12:21.279944Z,KXSOL15M-26OCT042015-15,0.0110,12.00,yes
2026-10-05T00:12:21.279944Z,KXSOL15M-26OCT042015-15,0.0110,20.00,yes
2026-10-05T00:12:21.287648Z,KXSOL15M-26OCT042015-15,0.0110,1.00,yes
2026-10-05T00:12:21.460151Z,KXSOL15M-26OCT042015-15,0.0110,8.00,yes
2026-10-05T00:12:22.046439Z,KXSOL15M-26OCT042015-15,0.0110,34.05,yes
2026-10-05T00:12:22.085497Z,KXSOL15M-26OCT042015-15,0.0100,20.00,no
2026-10-05T00:12:22.123387Z,KXSOL15M-26OCT042015-15,0.0110,3.00,yes
2026-10-05T00:12:22.199967Z,KXSOL15M-26OCT042015-15,0.0110,1.00,yes
2026-10-05T00:12:22.207321Z,KXSOL15M-26OCT042015-15,0.0110,3.00,yes
2026-10-05T00:12:22.498705Z,KXSOL15M-26OCT042015-15,0.0100,5.04,no
2026-10-05T00:12:24.992335Z,KXSOL15M-26OCT042015-15,0.0120,23.00,yes
2026-10-05T00:12:24.992335Z,KXSOL15M-26OCT042015-15,0.0120,20.00,yes
2026-10-05T00:12:24.992335Z,KXSOL15M-26OCT042015-15,0.0110,21.00,yes
2026-10-05T00:12:24.992335Z,KXSOL15M-26OCT042015-15,0.0120,3.00,yes
2026-10-05T00:12:24.992335Z,KXSOL15M-26OCT042015-15,0.0120,15.00,yes
2026-10-05T00:12:24.992335Z,KXSOL15M-26OCT042015-15,0.0120,15.30,yes
2026-10-05T00:12:24.992335Z,KXSOL15M-26OCT042015-15,0.0110,48.00,yes
2026-10-05T00:12:24.992335Z,KXSOL15M-26OCT042015-15,0.0120,46.47,yes
2026-10-05T00:12:24.992335Z,KXSOL15M-26OCT042015-15,0.0110,14.00,yes
2026-10-05T00:12:25.136415Z,KXSOL15M-26OCT042015-15,0.0120,1.00,yes
2026-10-05T00:12:25.218947Z,KXSOL15M-26OCT042015-15,0.0130,2.00,yes
2026-10-05T00:12:25.218947Z,KXSOL15M-26OCT042015-15,0.0130,15.00,yes
2026-10-05T00:12:25.22306Z,KXSOL15M-26OCT042015-15,0.0140,2.00,yes
2026-10-05T00:12:25.22306Z,KXSOL15M-26OCT042015-15,0.0140,15.00,yes
2026-10-05T00:12:25.300929Z,KXSOL15M-26OCT042015-15,0.0140,70.00,no
2026-10-05T00:12:25.300929Z,KXSOL15M-26OCT042015-15,0.0130,20.05,no
2026-10-05T00:12:25.300929Z,KXSOL15M-26OCT042015-15,0.0140,7.00,no
2026-10-05T00:12:25.389673Z,KXSOL15M-26OCT042015-15,0.0130,2.00,no
2026-10-05T00:12:25.678695Z,KXSOL15M-26OCT042015-15,0.0120,1.00,yes
2026-10-05T00:12:25.797007Z,KXSOL15M-26OCT042015-15,0.0110,4.00,no
2026-10-05T00:12:27.700631Z,KXSOL15M-26OCT042015-15,0.0120,2.42,no
2026-10-05T00:12:28.171319Z,KXSOL15M-26OCT042015-15,0.0130,35.00,yes
2026-10-05T00:12:30.23833Z,KXSOL15M-26OCT042015-15,0.0100,0.18,no
2026-10-05T00:12:30.23833Z,KXSOL15M-26OCT042015-15,0.0100,1.34,no
2026-10-05T00:12:30.23833Z,KXSOL15M-26OCT042015-15,0.0100,14.00,no
2026-10-05T00:12:30.23833Z,KXSOL15M-26OCT042015-15,0.0100,14.73,no
2026-10-05T00:12:30.412468Z,KXSOL15M-26OCT042015-15,0.0090,7.05,no
2026-10-05T00:12:30.454281Z,KXSOL15M-26OCT042015-15,0.0100,2.00,yes
2026-10-05T00:12:31.088257Z,KXSOL15M-26OCT042015-15,0.0090,32.95,no
2026-10-05T00:12:31.374959Z,KXSOL15M-26OCT042015-15,0.0090,17.00,yes
2026-10-05T00:12:31.475661Z,KXSOL15M-26OCT042015-15,0.0090,8.00,yes
2026-10-05T00:12:31.945035Z,KXSOL15M-26OCT042015-15,0.0080,40.00,no
2026-10-05T00:12:32.08872Z,KXSOL15M-26OCT042015-15,0.0080,28.00,yes
2026-10-05T00:12:32.095665Z,KXSOL15M-26OCT042015-15,0.0080,1.00,yes
2026-10-05T00:12:32.131125Z,KXSOL15M-26OCT042015-15,0.0100,135.70,yes
2026-10-05T00:12:32.131125Z,KXSOL15M-26OCT042015-15,0.0090,100.00,yes
2026-10-05T00:12:32.131125Z,KXSOL15M-26OCT042015-15,0.0080,5.00,yes
2026-10-05T00:12:32.131125Z,KXSOL15M-26OCT042015-15,0.0080,49.00,yes
2026-10-05T00:12:32.278212Z,KXSOL15M-26OCT042015-15,0.0100,37.00,yes
2026-10-05T00:12:32.530379Z,KXSOL15M-26OCT042015-15,0.0090,12.00,yes
2026-10-05T00:12:32.538002Z,KXSOL15M-26OCT042015-15,0.0090,16.00,yes
2026-10-05T00:12:33.181476Z,KXSOL15M-26OCT042015-15,0.0070,12.00,no
2026-10-05T00:12:33.513212Z,KXSOL15M-26OCT042015-15,0.0080,26.00,yes
2026-10-05T00:12:33.583657Z,KXSOL15M-26OCT042015-15,0.0070,42.00,no
2026-10-05T00:12:33.583657Z,KXSOL15M-26OCT042015-15,0.0080,158.00,no
2026-10-05T00:12:33.583657Z,KXSOL15M-26OCT042015-15,0.0070,11.00,no
2026-10-05T00:12:33.583657Z,KXSOL15M-26OCT042015-15,0.0070,10.00,no
2026-10-05T00:12:33.583657Z,KXSOL15M-26OCT042015-15,0.0060,63.00,no
2026-10-05T00:12:33.583657Z,KXSOL15M-26OCT042015-15,0.0070,47.00,no
2026-10-05T00:12:33.583657Z,KXSOL15M-26OCT042015-15,0.0050,11.00,no
2026-10-05T00:12:33.583657Z,KXSOL15M-26OCT042015-15,0.0050,40.00,no
2026-10-05T00:12:33.583657Z,KXSOL15M-26OCT042015-15,0.0060,40.00,no
2026-10-05T00:12:33.583657Z,KXSOL15M-26OCT042015-15,0.0050,1.00,no
2026-10-05T00:12:33.583657Z,KXSOL15M-26OCT042015-15,0.0070,28.00,no
2026-10-05T00:12:34.075166Z,KXSOL15M-26OCT042015-15,0.0070,10.00,no
2026-10-05T00:12:34.268582Z,KXSOL15M-26OCT042015-15,0.0080,4.00,yes
2026-10-05T00:12:34.431622Z,KXSOL15M-26OCT042015-15,0.0070,2.00,yes
2026-10-05T00:12:35.010229Z,KXSOL15M-26OCT042015-15,0.0060,21.00,no
2026-10-05T00:12:35.010229Z,KXSOL15M-26OCT042015-15,0.0060,11.00,no
2026-10-05T00:12:35.140451Z,KXSOL15M-26OCT042015-15,0.0060,11.00,yes
2026-10-05T00:12:35.140451Z,KXSOL15M-26OCT042015-15,0.0080,3.17,yes
2026-10-05T00:12:35.140451Z,KXSOL15M-26OCT042015-15,0.0060,100.00,yes
2026-10-05T00:12:35.391263Z,KXSOL15M-26OCT042015-15,0.0050,5.00,no
2026-10-05T00:12:35.391263Z,KXSOL15M-26OCT042015-15,0.0040,168.95,no
2026-10-05T00:12:35.391263Z,KXSOL15M-26OCT042015-15,0.0050,9.00,no
2026-10-05T00:12:35.391263Z,KXSOL15M-26OCT042015-15,0.0050,10.00,no
2026-10-05T00:12:35.391263Z,KXSOL15M-26OCT042015-15,0.0040,1.00,no
2026-10-05T00:12:35.391263Z,KXSOL15M-26OCT042015-15,0.0040,1.00,no
2026-10-05T00:12:35.391263Z,KXSOL15M-26OCT042015-15,0.0040,13.00,no
2026-10-05T00:12:35.391263Z,KXSOL15M-26OCT042015-15,0.0040,1.00,no
2026-10-05T00:12:35.391263Z,KXSOL15M-26OCT042015-15,0.0040,1.00,no
2026-10-05T00:12:35.391263Z,KXSOL15M-26OCT042015-15,0.0040,1.00,no
2026-10-05T00:12:35.391263Z,KXSOL15M-26OCT042015-15,0.0040,40.00,no
2026-10-05T00:12:35.520654Z,KXSOL15M-26OCT042015-15,0.0040,2.00,no
2026-10-05T00:12:35.728742Z,KXSOL15M-26OCT042015-15,0.0040,10.00,no
2026-10-05T00:12:35.767Z,KXSOL15M-26OCT042015-15,0.0040,24.00,no
2026-10-05T00:12:35.834198Z,KXSOL15M-26OCT042015-15,0.0040,29.00,no
2026-10-05T00:12:35.950059Z,KXSOL15M-26OCT042015-15,0.0040,14.00,no
2026-10-05T00:12:36.538724Z,KXSOL15M-26OCT042015-15,0.0040,1.00,no
2026-10-05T00:12:36.994506Z,KXSOL15M-26OCT042015-15,0.0040,51.00,no
2026-10-05T00:12:37.029894Z,KXSOL15M-26OCT042015-15,0.0040,4.00,no
2026-10-05T00:12:37.036981Z,KXSOL15M-26OCT042015-15,0.0040,4.00,no
2026-10-05T00:12:37.053288Z,KXSOL15M-26OCT042015-15,0.0040,40.99,no
2026-10-05T00:12:37.09644Z,KXSOL15M-26OCT042015-15,0.0040,10.00,no
2026-10-05T00:12:37.09644Z,KXSOL15M-26OCT042015-15,0.0040,7.00,no
2026-10-05T00:12:37.09644Z,KXSOL15M-26OCT042015-15,0.0030,79.96,no
2026-10-05T00:12:37.09644Z,KXSOL15M-26OCT042015-15,0.0040,1.06,no
2026-10-05T00:12:37.09644Z,KXSOL15M-26OCT042015-15,0.0030,30.00,no
2026-10-05T00:12:37.09644Z,KXSOL15M-26OCT042015-15,0.0030,40.00,no
2026-10-05T00:12:37.09644Z,KXSOL15M-26OCT042015-15,0.0030,2.00,no
2026-10-05T00:12:37.09644Z,KXSOL15M-26OCT042015-15,0.0030,2.00,no
2026-10-05T00:12:37.09644Z,KXSOL15M-26OCT042015-15,0.0030,2.00,no
2026-10-05T00:12:37.09644Z,KXSOL15M-26OCT042015-15,0.0030,2.00,no
2026-10-05T00:12:37.09644Z,KXSOL15M-26OCT042015-15,0.0030,2.00,no
2026-10-05T00:12:37.09644Z,KXSOL15M-26OCT042015-15,0.0030,18.00,no
2026-10-05T00:12:37.774484Z,KXSOL15M-26OCT042015-15,0.0050,6.00,yes
2026-10-05T00:12:37.774484Z,KXSOL15M-26OCT042015-15,0.0050,1.47,yes
2026-10-05T00:12:38.088884Z,KXSOL15M-26OCT042015-15,0.0040,57.00,no
2026-10-05T00:12:39.0794Z,KXSOL15M-26OCT042015-15,0.0040,21.00,no
2026-10-05T00:12:39.0794Z,KXSOL15M-26OCT042015-15,0.0040,52.00,no
2026-10-05T00:12:39.0794Z,KXSOL15M-26OCT042015-15,0.0040,10.00,no
2026-10-05T00:12:40.064977Z,KXSOL15M-26OCT042015-15,0.0040,10.00,no
2026-10-05T00:12:40.064977Z,KXSOL15M-26OCT042015-15,0.0040,4.00,no
2026-10-05T00:12:40.064977Z,KXSOL15M-26OCT042015-15,0.0040,49.00,no
2026-10-05T00:12:40.557823Z,KXSOL15M-26OCT042015-15,0.0040,4.92,no
2026-10-05T00:12:40.95358Z,KXSOL15M-26OCT042015-15,0.0040,39.00,no
2026-10-05T00:12:40.95358Z,KXSOL15M-26OCT042015-15,0.0040,8.08,no
2026-10-05T00:12:40.95358Z,KXSOL15M-26OCT042015-15,0.0040,10.00,no
2026-10-05T00:12:40.95358Z,KXSOL15M-26OCT042015-15,0.0030,8.00,no
2026-10-05T00:12:40.95358Z,KXSOL15M-26OCT042015-15,0.0030,219.00,no
2026-10-05T00:12:40.95358Z,KXSOL15M-26OCT042015-15,0.0020,31.11,no
2026-10-05T00:12:42.089568Z,KXSOL15M-26OCT042015-15,0.0020,2.00,no
2026-10-05T00:12:47.278923Z,KXSOL15M-26OCT042015-15,0.0020,332.38,no
2026-10-05T00:12:47.584415Z,KXSOL15M-26OCT042015-15,0.0040,39.74,yes
2026-10-05T00:12:47.584415Z,KXSOL15M-26OCT042015-15,0.0030,100.00,yes
2026-10-05T00:12:47.703378Z,KXSOL15M-26OCT042015-15,0.0020,134.51,no
2026-10-05T00:12:47.703378Z,KXSOL15M-26OCT042015-15,0.0020,65.49,no
2026-10-05T00:12:47.855489Z,KXSOL15M-26OCT042015-15,0.0020,150.00,no
2026-10-05T00:12:49.033342Z,KXSOL15M-26OCT042015-15,0.0020,12.14,no
2026-10-05T00:12:49.738834Z,KXSOL15M-26OCT042015-15,0.0030,100.00,yes
2026-10-05T00:12:55.557964Z,KXSOL15M-26OCT042015-15,0.0040,1.00,yes
2026-10-05T00:12:57.383693Z,KXSOL15M-26OCT042015-15,0.0040,2.00,yes
2026-10-05T00:12:57.535538Z,KXSOL15M-26OCT042015-15,0.0050,0.11,yes
2026-10-05T00:12:57.535538Z,KXSOL15M-26OCT042015-15,0.0050,6.00,yes
2026-10-05T00:12:57.535538Z,KXSOL15M-26OCT042015-15,0.0040,14.26,yes
2026-10-05T00:12:57.535538Z,KXSOL15M-26OCT042015-15,0.0060,77.68,yes
2026-10-05T00:12:57.535538Z,KXSOL15M-26OCT042015-15,0.0060,30.00,yes
2026-10-05T00:12:57.535538Z,KXSOL15M-26OCT042015-15,0.0040,0.09,yes
2026-10-05T00:12:57.535538Z,KXSOL15M-26OCT042015-15,0.0060,22.00,yes
2026-10-05T00:12:57.535538Z,KXSOL15M-26OCT042015-15,0.0060,11.00,yes
2026-10-05T00:12:57.571237Z,KXSOL15M-26OCT042015-15,0.0020,2.00,no
2026-10-05T00:12:57.57632Z,KXSOL15M-26OCT042015-15,0.0020,5.00,no
2026-10-05T00:12:57.5828Z,KXSOL15M-26OCT042015-15,0.0020,5.00,no
2026-10-05T00:12:57.651299Z,KXSOL15M-26OCT042015-15,0.0020,2.00,no
2026-10-05T00:12:57.658117Z,KXSOL15M-26OCT042015-15,0.0020,2.00,no
2026-10-05T00:12:57.6643Z,KXSOL15M-26OCT042015-15,0.0020,2.00,no
2026-10-05T00:12:57.671226Z,KXSOL15M-26OCT042015-15,0.0020,2.00,no
2026-10-05T00:12:57.677434Z,KXSOL15M-26OCT042015-15,0.0020,2.00,no
2026-10-05T00:12:57.884493Z,KXSOL15M-26OCT042015-15,0.0020,2.00,no
2026-10-05T00:12:58.040171Z,KXSOL15M-26OCT042015-15,0.0020,2.00,no
2026-10-05T00:12:58.045619Z,KXSOL15M-26OCT042015-15,0.0020,2.00,no
2026-10-05T00:12:58.088064Z,KXSOL15M-26OCT042015-15,0.0020,2.00,no
2026-10-05T00:12:58.094668Z,KXSOL15M-26OCT042015-15,0.0020,2.00,no
2026-10-05T00:12:58.141281Z,KXSOL15M-26OCT042015-15,0.0020,2.00,no
2026-10-05T00:12:58.148548Z,KXSOL15M-26OCT042015-15,0.0020,2.00,no
2026-10-05T00:12:58.18707Z,KXSOL15M-26OCT042015-15,0.0020,2.00,no
2026-10-05T00:12:58.194513Z,KXSOL15M-26OCT042015-15,0.0020,2.00,no
2026-10-05T00:12:58.201991Z,KXSOL15M-26OCT042015-15,0.0020,5.00,no
2026-10-05T00:12:58.776828Z,KXSOL15M-26OCT042015-15,0.0020,40.07,no
2026-10-05T00:12:58.837355Z,KXSOL15M-26OCT042015-15,0.0020,2.00,no
2026-10-05T00:12:58.844218Z,KXSOL15M-26OCT042015-15,0.0020,2.00,no
2026-10-05T00:12:58.938388Z,KXSOL15M-26OCT042015-15,0.0020,2.00,no
2026-10-05T00:12:58.946609Z,KXSOL15M-26OCT042015-15,0.0020,2.00,no
2026-10-05T00:12:58.950992Z,KXSOL15M-26OCT042015-15,0.0020,2.00,no
2026-10-05T00:12:59.088184Z,KXSOL15M-26OCT042015-15,0.0020,2.00,no
2026-10-05T00:12:59.095534Z,KXSOL15M-26OCT042015-15,0.0020,5.00,no
2026-10-05T00:12:59.425864Z,KXSOL15M-26OCT042015-15,0.0020,5.00,no
2026-10-05T00:12:59.457491Z,KXSOL15M-26OCT042015-15,0.0020,40.00,no
2026-10-05T00:12:59.463818Z,KXSOL15M-26OCT042015-15,0.0020,2.00,no
2026-10-05T00:12:59.470405Z,KXSOL15M-26OCT042015-15,0.0020,2.00,no
2026-10-05T00:12:59.47865Z,KXSOL15M-26OCT042015-15,0.0020,2.00,no
2026-10-05T00:12:59.487773Z,KXSOL15M-26OCT042015-15,0.0020,2.00,no
2026-10-05T00:12:59.49016Z,KXSOL15M-26OCT042015-15,0.0030,9.00,yes
2026-10-05T00:12:59.49016Z,KXSOL15M-26OCT042015-15,0.0050,23.00,yes
2026-10-05T00:12:59.49016Z,KXSOL15M-26OCT042015-15,0.0050,7.00,yes
2026-10-05T00:12:59.49016Z,KXSOL15M-26OCT042015-15,0.0040,1.00,yes
2026-10-05T00:12:59.49016Z,KXSOL15M-26OCT042015-15,0.0040,6.00,yes
2026-10-05T00:12:59.49016Z,KXSOL15M-26OCT042015-15,0.0060,42.08,yes
2026-10-05T00:12:59.563441Z,KXSOL15M-26OCT042015-15,0.0020,2.00,no
2026-10-05T00:12:59.571802Z,KXSOL15M-26OCT042015-15,0.0020,5.00,no
2026-10-05T00:12:59.581402Z,KXSOL15M-26OCT042015-15,0.0020,2.00,no
2026-10-05T00:12:59.588468Z,KXSOL15M-26OCT042015-15,0.0020,2.00,no
2026-10-05T00:12:59.596407Z,KXSOL15M-26OCT042015-15,0.0020,2.00,no
2026-10-05T00:12:59.768811Z,KXSOL15M-26OCT042015-15,0.0020,23.00,no
2026-10-05T00:12:59.876762Z,KXSOL15M-26OCT042015-15,0.0020,30.00,no
2026-10-05T00:13:02.838454Z,KXSOL15M-26OCT042015-15,0.0020,5.00,no
2026-10-05T00:13:03.04135Z,KXSOL15M-26OCT042015-15,0.0020,5.00,no
2026-10-05T00:13:03.458869Z,KXSOL15M-26OCT042015-15,0.0020,2.00,no
2026-10-05T00:13:03.467153Z,KXSOL15M-26OCT042015-15,0.0020,2.00,no
2026-10-05T00:13:03.473172Z,KXSOL15M-26OCT042015-15,0.0020,2.00,no
2026-10-05T00:13:03.481245Z,KXSOL15M-26OCT042015-15,0.0020,5.00,no
2026-10-05T00:13:03.559345Z,KXSOL15M-26OCT042015-15,0.0020,2.00,no
2026-10-05T00:13:03.568425Z,KXSOL15M-26OCT042015-15,0.0020,2.00,no
2026-10-05T00:13:03.575395Z,KXSOL15M-26OCT042015-15,0.0020,2.00,no
2026-10-05T00:13:03.582793Z,KXSOL15M-26OCT042015-15,0.0020,2.00,no
2026-10-05T00:13:03.590261Z,KXSOL15M-26OCT042015-15,0.0020,2.00,no
2026-10-05T00:13:03.59551Z,KXSOL15M-26OCT042015-15,0.0020,5.00,no
2026-10-05T00:13:03.865391Z,KXSOL15M-26OCT042015-15,0.0020,3.00,no
2026-10-05T00:13:03.865391Z,KXSOL15M-26OCT042015-15,0.0020,3.00,no
2026-10-05T00:13:03.865391Z,KXSOL15M-26OCT042015-15,0.0020,3.00,no
2026-10-05T00:13:03.865391Z,KXSOL15M-26OCT042015-15,0.0020,100.00,no
2026-10-05T00:13:03.865391Z,KXSOL15M-26OCT042015-15,0.0020,26.00,no
2026-10-05T00:13:03.865391Z,KXSOL15M-26OCT042015-15,0.0020,3.00,no
2026-10-05T00:13:03.865391Z,KXSOL15M-26OCT042015-15,0.0020,3.00,no
2026-10-05T00:13:03.865391Z,KXSOL15M-26OCT042015-15,0.0020,40.00,no
2026-10-05T00:13:03.865391Z,KXSOL15M-26OCT042015-15,0.0020,515.30,no
2026-10-05T00:13:03.865391Z,KXSOL15M-26OCT042015-15,0.0020,550.00,no
2026-10-05T00:13:03.865391Z,KXSOL15M-26OCT042015-15,0.0020,100.00,no
2026-10-05T00:13:03.865391Z,KXSOL15M-26OCT042015-15,0.0010,1580.60,no
2026-10-05T00:13:03.865391Z,KXSOL15M-26OCT042015-15,0.0020,500.00,no
2026-10-05T00:13:03.865391Z,KXSOL15M-26OCT042015-15,0.0020,3.00,no
2026-10-05T00:13:03.865391Z,KXSOL15M-26OCT042015-15,0.0020,10.00,no
2026-10-05T00:13:03.865391Z,KXSOL15M-26OCT042015-15,0.0020,1562.50,no
2026-10-05T00:13:03.865391Z,KXSOL15M-26OCT042015-15,0.0020,5.00,no
2026-10-05T00:13:03.972282Z,KXSOL15M-26OCT042015-15,0.0010,1.00,no
2026-10-05T00:13:05.442613Z,KXSOL15M-26OCT042015-15,0.0010,30.03,no
2026-10-05T00:13:06.279111Z,KXSOL15M-26OCT042015-15,0.0040,117.19,yes
2026-10-05T00:13:06.279111Z,KXSOL15M-26OCT042015-15,0.0050,625.00,yes
2026-10-05T00:13:06.279111Z,KXSOL15M-26OCT042015-15,0.0050,100.00,yes
2026-10-05T00:13:06.279111Z,KXSOL15M-26OCT042015-15,0.0060,22.00,yes
2026-10-05T00:13:06.279111Z,KXSOL15M-26OCT042015-15,0.0050,17.00,yes
2026-10-05T00:13:06.279111Z,KXSOL15M-26OCT042015-15,0.0040,17.00,yes
2026-10-05T00:13:06.279111Z,KXSOL15M-26OCT042015-15,0.0070,2.00,yes
2026-10-05T00:13:06.279111Z,KXSOL15M-26OCT042015-15,0.0060,0.12,yes
2026-10-05T00:13:06.279111Z,KXSOL15M-26OCT042015-15,0.0070,39.07,yes
2026-10-05T00:13:06.916178Z,KXSOL15M-26OCT042015-15,0.0010,23.00,no
2026-10-05T00:13:07.63352Z,KXSOL15M-26OCT042015-15,0.0050,5.24,yes
2026-10-05T00:13:08.9633Z,KXSOL15M-26OCT042015-15,0.0040,6.00,yes
2026-10-05T00:13:08.9633Z,KXSOL15M-26OCT042015-15,0.0040,91.88,yes
2026-10-05T00:13:08.9633Z,KXSOL15M-26OCT042015-15,0.0040,16.65,yes
2026-10-05T00:13:09.923664Z,KXSOL15M-26OCT042015-15,0.0020,54.03,no
2026-10-05T00:13:09.924488Z,KXSOL15M-26OCT042015-15,0.0020,10.00,no
2026-10-05T00:13:09.924488Z,KXSOL15M-26OCT042015-15,0.0020,3.00,no
2026-10-05T00:13:09.924488Z,KXSOL15M-26OCT042015-15,0.0020,95.97,no
2026-10-05T00:13:10.228618Z,KXSOL15M-26OCT042015-15,0.0020,10.00,yes
2026-10-05T00:13:11.00444Z,KXSOL15M-26OCT042015-15,0.0010,701.17,no
2026-10-05T00:13:11.130145Z,KXSOL15M-26OCT042015-15,0.0010,13.18,no
2026-10-05T00:13:12.806728Z,KXSOL15M-26OCT042015-15,0.0010,13.01,no
2026-10-05T00:13:12.811447Z,KXSOL15M-26OCT042015-15,0.0020,2.42,yes
2026-10-05T00:13:13.049536Z,KXSOL15M-26OCT042015-15,0.0010,131.76,no
2026-10-05T00:13:17.568736Z,KXSOL15M-26OCT042015-15,0.0010,111.10,no
2026-10-05T00:13:17.666757Z,KXSOL15M-26OCT042015-15,0.0010,131.76,no
2026-10-05T00:13:18.543324Z,KXSOL15M-26OCT042015-15,0.0020,229.01,yes
2026-10-05T00:13:20.141526Z,KXSOL15M-26OCT042015-15,0.0010,131.76,no
2026-10-05T00:13:20.763195Z,KXSOL15M-26OCT042015-15,0.0010,131.76,no
2026-10-05T00:13:21.511671Z,KXSOL15M-26OCT042015-15,0.0010,0.15,no
2026-10-05T00:13:21.550798Z,KXSOL15M-26OCT042015-15,0.0010,131.76,no
2026-10-05T00:13:21.550818Z,KXSOL15M-26OCT042015-15,0.0010,111.10,no
2026-10-05T00:13:21.551322Z,KXSOL15M-26OCT042015-15,0.0010,258.94,no
2026-10-05T00:13:21.551322Z,KXSOL15M-26OCT042015-15,0.0010,40.00,no
2026-10-05T00:13:21.551322Z,KXSOL15M-26OCT042015-15,0.0010,200.00,no
2026-10-05T00:13:21.551322Z,KXSOL15M-26OCT042015-15,0.0010,75.00,no
2026-10-05T00:13:21.551322Z,KXSOL15M-26OCT042015-15,0.0010,1.00,no
2026-10-05T00:13:21.551322Z,KXSOL15M-26OCT042015-15,0.0010,125.23,no
2026-10-05T00:13:21.551322Z,KXSOL15M-26OCT042015-15,0.0010,1.00,no
2026-10-05T00:13:21.551609Z,KXSOL15M-26OCT042015-15,0.0010,91.06,no
2026-10-05T00:13:21.551609Z,KXSOL15M-26OCT042015-15,0.0010,1.00,no
2026-10-05T00:13:21.551609Z,KXSOL15M-26OCT042015-15,0.0010,0.32,no
2026-10-05T00:13:21.551609Z,KXSOL15M-26OCT042015-15,0.0010,23.00,no
2026-10-05T00:13:21.551609Z,KXSOL15M-26OCT042015-15,0.0010,16.38,no
2026-10-05T00:13:21.552003Z,KXSOL15M-26OCT042015-15,0.0010,38.00,no
2026-10-05T00:13:21.552003Z,KXSOL15M-26OCT042015-15,0.0010,10.00,no
2026-10-05T00:13:21.552003Z,KXSOL15M-26OCT042015-15,0.0010,83.62,no
2026-10-05T00:13:28.517904Z,KXSOL15M-26OCT042015-15,0.0010,7.05,yes
2026-10-05T00:13:30.424946Z,KXSOL15M-26OCT042015-15,0.0010,180.00,yes
2026-10-05T00:13:37.301385Z,KXSOL15M-26OCT042015-15,0.0010,91.62,yes
2026-10-05T00:13:37.575821Z,KXSOL15M-26OCT042015-15,0.0010,26.19,yes
2026-10-05T00:13:37.575821Z,KXSOL15M-26OCT042015-15,0.0010,69.89,yes
2026-10-05T00:13:37.575821Z,KXSOL15M-26OCT042015-15,0.0010,819.91,yes
2026-10-05T00:13:39.013033Z,KXSOL15M-26OCT042015-15,0.0010,5.04,yes
2026-10-05T00:13:42.475376Z,KXSOL15M-26OCT042015-15,0.0010,229.01,yes
2026-10-05T00:13:47.125544Z,KXSOL15M-26OCT042015-15,0.0010,153.00,yes
2026-10-05T00:13:47.125544Z,KXSOL15M-26OCT042015-15,0.0010,407.84,yes
2026-10-05T00:13:47.125544Z,KXSOL15M-26OCT042015-15,0.0020,5.87,yes
2026-10-05T00:13:47.125544Z,KXSOL15M-26OCT042015-15,0.0020,26.42,yes
2026-10-05T00:13:47.125544Z,KXSOL15M-26OCT042015-15,0.0020,150.00,yes
2026-10-05T00:13:48.859425Z,KXSOL15M-26OCT042015-15,0.0010,38.00,no
2026-10-05T00:13:48.859425Z,KXSOL15M-26OCT042015-15,0.0010,23.00,no
2026-10-05T00:13:53.372085Z,KXSOL15M-26OCT042015-15,0.0020,131.76,yes
2026-10-05T00:13:53.372085Z,KXSOL15M-26OCT042015-15,0.0020,551.30,yes
2026-10-05T00:13:53.372085Z,KXSOL15M-26OCT042015-15,0.0020,131.76,yes
2026-10-05T00:13:53.372085Z,KXSOL15M-26OCT042015-15,0.0020,74.00,yes
2026-10-05T00:13:53.372085Z,KXSOL15M-26OCT042015-15,0.0020,58.00,yes
2026-10-05T00:13:53.372085Z,KXSOL15M-26OCT042015-15,0.0020,51.07,yes
2026-10-05T00:13:53.372085Z,KXSOL15M-26OCT042015-15,0.0020,44.27,yes
2026-10-05T00:13:53.372085Z,KXSOL15M-26OCT042015-15,0.0020,111.10,yes
2026-10-05T00:13:53.372085Z,KXSOL15M-26OCT042015-15,0.0020,125.23,yes
2026-10-05T00:13:53.372085Z,KXSOL15M-26OCT042015-15,0.0020,131.76,yes
2026-10-05T00:13:53.372085Z,KXSOL15M-26OCT042015-15,0.0020,200.00,yes
2026-10-05T00:13:53.372085Z,KXSOL15M-26OCT042015-15,0.0020,0.15,yes
2026-10-05T00:13:53.372085Z,KXSOL15M-26OCT042015-15,0.0040,359.92,yes
2026-10-05T00:13:53.372085Z,KXSOL15M-26OCT042015-15,0.0030,0.12,yes
2026-10-05T00:13:53.372085Z,KXSOL15M-26OCT042015-15,0.0020,0.11,yes
2026-10-05T00:13:53.544529Z,KXSOL15M-26OCT042015-15,0.0010,24.08,no
2026-10-05T00:13:55.744294Z,KXSOL15M-26OCT042015-15,0.0010,100.10,no
2026-10-05T00:13:56.083348Z,KXSOL15M-26OCT042015-15,0.0010,0.15,no
2026-10-05T00:13:56.083348Z,KXSOL15M-26OCT042015-15,0.0010,38.00,no
2026-10-05T00:13:56.083348Z,KXSOL15M-26OCT042015-15,0.0010,7.58,no
2026-10-05T00:13:56.083348Z,KXSOL15M-26OCT042015-15,0.0010,6.27,no
2026-10-05T00:13:57.411246Z,KXSOL15M-26OCT042015-15,0.0010,11.94,no
2026-10-05T00:13:57.761456Z,KXSOL15M-26OCT042015-15,0.0010,38.00,no
2026-10-05T00:13:57.761456Z,KXSOL15M-26OCT042015-15,0.0010,113.55,no
2026-10-05T00:13:57.761456Z,KXSOL15M-26OCT042015-15,0.0010,0.23,no
2026-10-05T00:13:57.761456Z,KXSOL15M-26OCT042015-15,0.0010,10.00,no
2026-10-05T00:13:57.761456Z,KXSOL15M-26OCT042015-15,0.0010,125.23,no
2026-10-05T00:13:57.761456Z,KXSOL15M-26OCT042015-15,0.0010,111.10,no
2026-10-05T00:13:58.989597Z,KXSOL15M-26OCT042015-15,0.0010,9.20,yes
2026-10-05T00:14:01.078461Z,KXSOL15M-26OCT042015-15,0.0010,38.00,no
2026-10-05T00:14:01.078461Z,KXSOL15M-26OCT042015-15,0.0010,20.00,no
2026-10-05T00:14:03.70584Z,KXSOL15M-26OCT042015-15,0.0010,915.99,yes
2026-10-05T00:14:04.38701Z,KXSOL15M-26OCT042015-15,0.0010,542.09,yes
2026-10-05T00:14:05.475186Z,KXSOL15M-26OCT042015-15,0.0010,8.75,yes
2026-10-05T00:14:07.050944Z,KXSOL15M-26OCT042015-15,0.0010,174.13,yes
2026-10-05T00:14:07.050944Z,KXSOL15M-26OCT042015-15,0.0010,723.17,yes
2026-10-05T00:14:09.602916Z,KXSOL15M-26OCT042015-15,0.0010,91.62,yes
2026-10-05T00:14:24.009022Z,KXSOL15M-26OCT042015-15,0.0010,2.49,yes
2026-10-05T00:14:25.882672Z,KXSOL15M-26OCT042015-15,0.0010,142.38,yes
2026-10-05T00:14:27.46489Z,KXSOL15M-26OCT042015-15,0.0010,141.00,yes
2026-10-05T00:14:27.46489Z,KXSOL15M-26OCT042015-15,0.0010,189.38,yes
2026-10-05T00:14:27.46489Z,KXSOL15M-26OCT042015-15,0.0010,1.00,yes
2026-10-05T00:14:27.46489Z,KXSOL15M-26OCT042015-15,0.0010,14.00,yes
2026-10-05T00:14:27.46489Z,KXSOL15M-26OCT042015-15,0.0010,570.61,yes
2026-10-05T00:14:28.919322Z,KXSOL15M-26OCT042015-15,0.0010,915.99,yes
2026-10-05T00:14:30.646488Z,KXSOL15M-26OCT042015-15,0.0010,90.70,yes
2026-10-05T00:14:36.218055Z,KXSOL15M-26OCT042015-15,0.0010,1831.90,yes
2026-10-05T00:14:37.970135Z,KXSOL15M-26OCT042015-15,0.0010,26.54,yes
2026-10-05T00:14:50.534558Z,KXSOL15M-26OCT042015-15,0.0010,1831.90,yes
2026-10-05T00:11:49.517158Z,KXCOPPER15M-26OCT042015-15,0.9900,3.51,no
2026-10-05T00:11:49.517158Z,KXCOPPER15M-26OCT042015-15,0.9900,30.00,no
2026-10-05T00:11:49.517158Z,KXCOPPER15M-26OCT042015-15,0.9900,60.00,no
2026-10-05T00:11:49.602479Z,KXCOPPER15M-26OCT042015-15,0.9900,89.70,no
2026-10-05T00:11:49.602479Z,KXCOPPER15M-26OCT042015-15,0.9900,30.00,no
2026-10-05T00:12:07.619083Z,KXCOPPER15M-26OCT042015-15,0.9900,150.00,no
2026-10-05T00:12:07.619083Z,KXCOPPER15M-26OCT042015-15,0.9900,7.00,no
2026-10-05T00:12:07.619083Z,KXCOPPER15M-26OCT042015-15,0.9900,40.00,no
2026-10-05T00:12:07.619083Z,KXCOPPER15M-26OCT042015-15,0.9900,1.34,no
2026-10-05T00:12:07.619083Z,KXCOPPER15M-26OCT042015-15,0.9900,19.00,no
2026-10-05T00:12:07.619083Z,KXCOPPER15M-26OCT042015-15,0.9900,601.66,no
2026-10-05T00:12:07.619083Z,KXCOPPER15M-26OCT042015-15,0.9900,30.00,no
2026-10-05T00:12:07.619083Z,KXCOPPER15M-26OCT042015-15,0.9900,30.00,no
2026-10-05T00:12:07.619083Z,KXCOPPER15M-26OCT042015-15,0.9900,60.00,no
2026-10-05T00:12:07.619083Z,KXCOPPER15M-26OCT042015-15,0.9900,60.00,no
2026-10-05T00:12:07.954473Z,KXCOPPER15M-26OCT042015-15,0.9900,93.51,no
2026-10-05T00:12:09.564156Z,KXCOPPER15M-26OCT042015-15,0.9900,1.00,no
2026-10-05T00:12:09.564156Z,KXCOPPER15M-26OCT042015-15,0.9900,7.00,no
2026-10-05T00:12:13.867115Z,KXCOPPER15M-26OCT042015-15,0.9900,93.51,no
2026-10-05T00:12:17.804402Z,KXCOPPER15M-26OCT042015-15,0.9900,30.00,no
2026-10-05T00:12:17.804402Z,KXCOPPER15M-26OCT042015-15,0.9900,60.00,no
2026-10-05T00:12:17.804402Z,KXCOPPER15M-26OCT042015-15,0.9900,3.51,no
2026-10-05T00:12:18.308521Z,KXCOPPER15M-26OCT042015-15,0.9900,63.00,no
2026-10-05T00:12:18.308521Z,KXCOPPER15M-26OCT042015-15,0.9900,30.00,no
2026-10-05T00:12:35.651857Z,KXCOPPER15M-26OCT042015-15,0.9900,56.00,no
2026-10-05T00:12:35.651857Z,KXCOPPER15M-26OCT042015-15,0.9900,60.00,no
2026-10-05T00:12:35.651857Z,KXCOPPER15M-26OCT042015-15,0.9900,60.00,no
2026-10-05T00:12:35.651857Z,KXCOPPER15M-26OCT042015-15,0.9900,30.00,no
2026-10-05T00:12:35.651857Z,KXCOPPER15M-26OCT042015-15,0.9900,30.00,no
2026-10-05T00:12:35.651857Z,KXCOPPER15M-26OCT042015-15,0.9900,40.00,no
2026-10-05T00:12:35.651857Z,KXCOPPER15M-26OCT042015-15,0.9900,409.19,no
2026-10-05T00:12:35.651857Z,KXCOPPER15M-26OCT042015-15,0.9900,250.00,no
2026-10-05T00:12:39.268921Z,KXCOPPER15M-26OCT042015-15,0.9900,93.51,no
2026-10-05T00:12:54.275567Z,KXCOPPER15M-26OCT042015-15,0.9900,1.00,no
2026-10-05T00:13:52.816668Z,KXCOPPER15M-26OCT042015-15,0.9900,148.03,no
2026-10-05T00:13:52.816668Z,KXCOPPER15M-26OCT042015-15,0.9900,39.00,no
2026-10-05T00:14:19.700494Z,KXCOPPER15M-26OCT042015-15,0.9900,46.75,no
2026-10-05T00:14:29.962217Z,KXCOPPER15M-26OCT042015-15,0.9900,93.51,no
2026-10-05T00:14:45.179044Z,KXCOPPER15M-26OCT042015-15,0.9900,1.00,no
2026-10-05T00:14:45.179044Z,KXCOPPER15M-26OCT042015-15,0.9900,155.00,no
2026-10-05T00:14:45.179044Z,KXCOPPER15M-26OCT042015-15,0.9900,13.48,no
2026-10-05T00:14:45.179044Z,KXCOPPER15M-26OCT042015-15,0.9900,15.00,no
2026-10-05T00:14:45.179044Z,KXCOPPER15M-26OCT042015-15,0.9900,710.71,no
2026-10-05T00:14:45.179044Z,KXCOPPER15M-26OCT042015-15,0.9900,40.00,no
2026-10-05T00:12:01.402184Z,KXBNB15M-26OCT042015-15,0.0630,0.58,yes
2026-10-05T00:12:02.107766Z,KXBNB15M-26OCT042015-15,0.0510,2.00,no
2026-10-05T00:12:04.418413Z,KXBNB15M-26OCT042015-15,0.0490,8.00,yes
2026-10-05T00:12:04.418413Z,KXBNB15M-26OCT042015-15,0.0490,1.00,yes
2026-10-05T00:12:04.80969Z,KXBNB15M-26OCT042015-15,0.0400,0.20,no
2026-10-05T00:12:05.428036Z,KXBNB15M-26OCT042015-15,0.0400,0.80,no
2026-10-05T00:12:05.952017Z,KXBNB15M-26OCT042015-15,0.0230,2.00,no
2026-10-05T00:12:05.952017Z,KXBNB15M-26OCT042015-15,0.0240,2.00,no
2026-10-05T00:12:05.952017Z,KXBNB15M-26OCT042015-15,0.0300,1.00,no
2026-10-05T00:12:05.952017Z,KXBNB15M-26OCT042015-15,0.0250,24.00,no
2026-10-05T00:12:05.952017Z,KXBNB15M-26OCT042015-15,0.0220,4.00,no
2026-10-05T00:12:05.952017Z,KXBNB15M-26OCT042015-15,0.0240,8.00,no
2026-10-05T00:12:05.952017Z,KXBNB15M-26OCT042015-15,0.0200,3.00,no
2026-10-05T00:12:05.952017Z,KXBNB15M-26OCT042015-15,0.0200,11.00,no
2026-10-05T00:12:05.952017Z,KXBNB15M-26OCT042015-15,0.0210,4.00,no
2026-10-05T00:12:05.952017Z,KXBNB15M-26OCT042015-15,0.0210,1.00,no
2026-10-05T00:12:06.138697Z,KXBNB15M-26OCT042015-15,0.0300,1.00,no
2026-10-05T00:12:06.437008Z,KXBNB15M-26OCT042015-15,0.0200,1.00,no
2026-10-05T00:12:06.437008Z,KXBNB15M-26OCT042015-15,0.0200,35.00,no
2026-10-05T00:12:06.437008Z,KXBNB15M-26OCT042015-15,0.0200,10.00,no
2026-10-05T00:12:06.437008Z,KXBNB15M-26OCT042015-15,0.0200,3.00,no
2026-10-05T00:12:06.437008Z,KXBNB15M-26OCT042015-15,0.0200,1.00,no
2026-10-05T00:12:08.336135Z,KXBNB15M-26OCT042015-15,0.0240,1.00,no
2026-10-05T00:12:08.795824Z,KXBNB15M-26OCT042015-15,0.0160,1.00,no
2026-10-05T00:12:08.795824Z,KXBNB15M-26OCT042015-15,0.0160,1.00,no
2026-10-05T00:12:09.748956Z,KXBNB15M-26OCT042015-15,0.0150,18.00,no
2026-10-05T00:12:09.748956Z,KXBNB15M-26OCT042015-15,0.0150,3.00,no
2026-10-05T00:12:10.238466Z,KXBNB15M-26OCT042015-15,0.0150,1.00,no
2026-10-05T00:12:10.790497Z,KXBNB15M-26OCT042015-15,0.0150,2.00,no
2026-10-05T00:12:10.790497Z,KXBNB15M-26OCT042015-15,0.0150,1.00,no
2026-10-05T00:12:11.232278Z,KXBNB15M-26OCT042015-15,0.0100,1.00,no
2026-10-05T00:12:11.232278Z,KXBNB15M-26OCT042015-15,0.0100,15.00,no
2026-10-05T00:12:11.232278Z,KXBNB15M-26OCT042015-15,0.0110,6.00,no
2026-10-05T00:12:11.232278Z,KXBNB15M-26OCT042015-15,0.0110,10.00,no
2026-10-05T00:12:11.232278Z,KXBNB15M-26OCT042015-15,0.0100,10.00,no
2026-10-05T00:12:11.232278Z,KXBNB15M-26OCT042015-15,0.0120,10.00,no
2026-10-05T00:12:11.232278Z,KXBNB15M-26OCT042015-15,0.0110,6.00,no
2026-10-05T00:12:11.232278Z,KXBNB15M-26OCT042015-15,0.0110,20.00,no
2026-10-05T00:12:11.232278Z,KXBNB15M-26OCT042015-15,0.0100,20.00,no
2026-10-05T00:12:11.232278Z,KXBNB15M-26OCT042015-15,0.0110,1.00,no
2026-10-05T00:12:11.232278Z,KXBNB15M-26OCT042015-15,0.0110,1.00,no
2026-10-05T00:12:12.202308Z,KXBNB15M-26OCT042015-15,0.0120,29.00,yes
2026-10-05T00:12:12.202308Z,KXBNB15M-26OCT042015-15,0.0120,20.00,yes
2026-10-05T00:12:12.202308Z,KXBNB15M-26OCT042015-15,0.0120,20.00,yes
2026-10-05T00:12:15.973179Z,KXBNB15M-26OCT042015-15,0.0130,30.00,yes
2026-10-05T00:12:15.973179Z,KXBNB15M-26OCT042015-15,0.0140,25.00,yes
2026-10-05T00:12:15.973179Z,KXBNB15M-26OCT042015-15,0.0150,8.73,yes
2026-10-05T00:12:15.973179Z,KXBNB15M-26OCT042015-15,0.0130,4.00,yes
2026-10-05T00:12:16.292132Z,KXBNB15M-26OCT042015-15,0.0120,1.00,no
2026-10-05T00:12:16.379156Z,KXBNB15M-26OCT042015-15,0.0100,0.88,no
2026-10-05T00:12:16.379156Z,KXBNB15M-26OCT042015-15,0.0100,7.00,no
2026-10-05T00:12:16.379156Z,KXBNB15M-26OCT042015-15,0.0100,5.00,no
2026-10-05T00:12:16.379156Z,KXBNB15M-26OCT042015-15,0.0100,5.00,no
2026-10-05T00:12:20.472635Z,KXBNB15M-26OCT042015-15,0.0040,4.00,no
2026-10-05T00:12:20.472635Z,KXBNB15M-26OCT042015-15,0.0050,37.00,no
2026-10-05T00:12:20.472635Z,KXBNB15M-26OCT042015-15,0.0030,29.96,no
2026-10-05T00:12:20.472635Z,KXBNB15M-26OCT042015-15,0.0070,20.00,no
2026-10-05T00:12:20.472635Z,KXBNB15M-26OCT042015-15,0.0060,20.00,no
2026-10-05T00:12:20.472635Z,KXBNB15M-26OCT042015-15,0.0080,20.00,no
2026-10-05T00:12:20.472635Z,KXBNB15M-26OCT042015-15,0.0090,20.00,no
2026-10-05T00:12:20.472635Z,KXBNB15M-26OCT042015-15,0.0050,20.00,no
2026-10-05T00:12:20.472635Z,KXBNB15M-26OCT042015-15,0.0040,20.00,no
2026-10-05T00:12:20.472635Z,KXBNB15M-26OCT042015-15,0.0040,500.00,no
2026-10-05T00:12:20.472635Z,KXBNB15M-26OCT042015-15,0.0040,13.00,no
2026-10-05T00:12:20.472635Z,KXBNB15M-26OCT042015-15,0.0050,11.00,no
2026-10-05T00:12:20.472635Z,KXBNB15M-26OCT042015-15,0.0040,1.00,no
2026-10-05T00:12:20.472635Z,KXBNB15M-26OCT042015-15,0.0040,1.00,no
2026-10-05T00:12:20.472635Z,KXBNB15M-26OCT042015-15,0.0040,1.00,no
2026-10-05T00:12:20.472635Z,KXBNB15M-26OCT042015-15,0.0040,1.00,no
2026-10-05T00:12:20.472635Z,KXBNB15M-26OCT042015-15,0.0040,1.00,no
2026-10-05T00:12:22.479307Z,KXBNB15M-26OCT042015-15,0.0080,20.00,yes
2026-10-05T00:12:22.479307Z,KXBNB15M-26OCT042015-15,0.0070,20.00,yes
2026-10-05T00:12:22.479307Z,KXBNB15M-26OCT042015-15,0.0080,29.00,yes
2026-10-05T00:12:22.479307Z,KXBNB15M-26OCT042015-15,0.0070,20.00,yes
2026-10-05T00:12:22.479307Z,KXBNB15M-26OCT042015-15,0.0070,20.00,yes
2026-10-05T00:12:22.479307Z,KXBNB15M-26OCT042015-15,0.0090,11.51,yes
2026-10-05T00:12:22.479307Z,KXBNB15M-26OCT042015-15,0.0090,2.00,yes
2026-10-05T00:12:24.792835Z,KXBNB15M-26OCT042015-15,0.0080,1.00,yes
2026-10-05T00:12:25.211156Z,KXBNB15M-26OCT042015-15,0.0080,7.00,yes
2026-10-05T00:12:25.213484Z,KXBNB15M-26OCT042015-15,0.0080,17.00,yes
2026-10-05T00:12:26.287052Z,KXBNB15M-26OCT042015-15,0.0050,4.00,no
2026-10-05T00:12:27.191212Z,KXBNB15M-26OCT042015-15,0.0080,224.91,yes
2026-10-05T00:12:28.100281Z,KXBNB15M-26OCT042015-15,0.0080,116.88,yes
2026-10-05T00:12:29.029818Z,KXBNB15M-26OCT042015-15,0.0080,116.88,yes
2026-10-05T00:12:29.054621Z,KXBNB15M-26OCT042015-15,0.0050,0.50,no
2026-10-05T00:12:29.144478Z,KXBNB15M-26OCT042015-15,0.0050,4.93,no
2026-10-05T00:12:29.541245Z,KXBNB15M-26OCT042015-15,0.0030,16.33,no
2026-10-05T00:12:30.515722Z,KXBNB15M-26OCT042015-15,0.0080,9.42,yes
2026-10-05T00:12:35.368392Z,KXBNB15M-26OCT042015-15,0.0100,20.00,yes
2026-10-05T00:12:35.368392Z,KXBNB15M-26OCT042015-15,0.0090,8.49,yes
2026-10-05T00:12:35.368392Z,KXBNB15M-26OCT042015-15,0.0140,8.34,yes
2026-10-05T00:12:35.368392Z,KXBNB15M-26OCT042015-15,0.0100,2.00,yes
2026-10-05T00:12:35.368392Z,KXBNB15M-26OCT042015-15,0.0100,18.00,yes
2026-10-05T00:12:35.368392Z,KXBNB15M-26OCT042015-15,0.0100,10.00,yes
2026-10-05T00:12:35.368392Z,KXBNB15M-26OCT042015-15,0.0090,2.00,yes
2026-10-05T00:12:35.368392Z,KXBNB15M-26OCT042015-15,0.0100,10.00,yes
2026-10-05T00:12:35.368392Z,KXBNB15M-26OCT042015-15,0.0080,7.58,yes
2026-10-05T00:12:35.530626Z,KXBNB15M-26OCT042015-15,0.0100,7.00,no
2026-10-05T00:12:38.455513Z,KXBNB15M-26OCT042015-15,0.0100,19.63,yes
2026-10-05T00:12:39.560164Z,KXBNB15M-26OCT042015-15,0.0030,2.00,no
2026-10-05T00:12:39.808934Z,KXBNB15M-26OCT042015-15,0.0100,2.00,yes
2026-10-05T00:12:39.808934Z,KXBNB15M-26OCT042015-15,0.0120,19.00,yes
2026-10-05T00:12:39.808934Z,KXBNB15M-26OCT042015-15,0.0140,12.69,yes
2026-10-05T00:12:39.808934Z,KXBNB15M-26OCT042015-15,0.0110,2.00,yes
2026-10-05T00:12:39.808934Z,KXBNB15M-26OCT042015-15,0.0120,5.00,yes
2026-10-05T00:12:39.808934Z,KXBNB15M-26OCT042015-15,0.0100,23.37,yes
2026-10-05T00:12:40.106735Z,KXBNB15M-26OCT042015-15,0.0100,7.00,no
2026-10-05T00:12:48.860316Z,KXBNB15M-26OCT042015-15,0.0080,0.69,yes
2026-10-05T00:12:55.656827Z,KXBNB15M-26OCT042015-15,0.0200,5.00,yes
2026-10-05T00:12:55.656827Z,KXBNB15M-26OCT042015-15,0.0130,2.00,yes
2026-10-05T00:12:55.656827Z,KXBNB15M-26OCT042015-15,0.0200,15.00,yes
2026-10-05T00:12:55.656827Z,KXBNB15M-26OCT042015-15,0.0150,100.00,yes
2026-10-05T00:12:55.656827Z,KXBNB15M-26OCT042015-15,0.0150,28.00,yes
2026-10-05T00:12:55.656827Z,KXBNB15M-26OCT042015-15,0.0200,100.15,yes
2026-10-05T00:12:55.656827Z,KXBNB15M-26OCT042015-15,0.0080,0.03,yes
2026-10-05T00:12:55.656827Z,KXBNB15M-26OCT042015-15,0.0090,0.03,yes
2026-10-05T00:12:55.656827Z,KXBNB15M-26OCT042015-15,0.0120,0.04,yes
2026-10-05T00:12:55.656827Z,KXBNB15M-26OCT042015-15,0.0200,140.00,yes
2026-10-05T00:12:55.656827Z,KXBNB15M-26OCT042015-15,0.0130,0.04,yes
2026-10-05T00:12:55.656827Z,KXBNB15M-26OCT042015-15,0.0100,0.03,yes
2026-10-05T00:12:55.656827Z,KXBNB15M-26OCT042015-15,0.0150,0.05,yes
2026-10-05T00:12:55.656827Z,KXBNB15M-26OCT042015-15,0.0070,5.00,yes
2026-10-05T00:12:55.656827Z,KXBNB15M-26OCT042015-15,0.0200,15.00,yes
2026-10-05T00:12:55.656827Z,KXBNB15M-26OCT042015-15,0.0110,0.04,yes
2026-10-05T00:12:55.656827Z,KXBNB15M-26OCT042015-15,0.0140,0.05,yes
2026-10-05T00:12:55.656827Z,KXBNB15M-26OCT042015-15,0.0170,0.06,yes
2026-10-05T00:12:55.656827Z,KXBNB15M-26OCT042015-15,0.0180,0.06,yes
2026-10-05T00:12:55.656827Z,KXBNB15M-26OCT042015-15,0.0070,0.03,yes
2026-10-05T00:12:55.656827Z,KXBNB15M-26OCT042015-15,0.0100,55.00,yes
2026-10-05T00:12:55.656827Z,KXBNB15M-26OCT042015-15,0.0190,0.08,yes
2026-10-05T00:12:55.656827Z,KXBNB15M-26OCT042015-15,0.0160,0.06,yes
2026-10-05T00:12:55.656827Z,KXBNB15M-26OCT042015-15,0.0200,10.00,yes
2026-10-05T00:12:55.656827Z,KXBNB15M-26OCT042015-15,0.0120,2.00,yes
2026-10-05T00:12:55.656827Z,KXBNB15M-26OCT042015-15,0.0080,1.31,yes
2026-10-05T00:12:55.656827Z,KXBNB15M-26OCT042015-15,0.0150,1.00,yes
2026-10-05T00:12:55.656827Z,KXBNB15M-26OCT042015-15,0.0140,25.00,yes
2026-10-05T00:13:01.696629Z,KXBNB15M-26OCT042015-15,0.0040,2.00,no
2026-10-05T00:13:01.696629Z,KXBNB15M-26OCT042015-15,0.0040,1.00,no
2026-10-05T00:13:02.409639Z,KXBNB15M-26OCT042015-15,0.0040,5.00,no
2026-10-05T00:13:02.99475Z,KXBNB15M-26OCT042015-15,0.0040,10.00,no
2026-10-05T00:13:04.022544Z,KXBNB15M-26OCT042015-15,0.0040,1.00,no
2026-10-05T00:13:04.022544Z,KXBNB15M-26OCT042015-15,0.0040,0.60,no
2026-10-05T00:13:04.022544Z,KXBNB15M-26OCT042015-15,0.0040,9.40,no
2026-10-05T00:13:04.022544Z,KXBNB15M-26OCT042015-15,0.0040,5.00,no
2026-10-05T00:13:04.022544Z,KXBNB15M-26OCT042015-15,0.0040,14.00,no
2026-10-05T00:13:06.305441Z,KXBNB15M-26OCT042015-15,0.0150,0.05,yes
2026-10-05T00:13:06.305441Z,KXBNB15M-26OCT042015-15,0.0190,9.00,yes
2026-10-05T00:13:06.305441Z,KXBNB15M-26OCT042015-15,0.0190,5.00,yes
2026-10-05T00:13:06.305441Z,KXBNB15M-26OCT042015-15,0.0110,5.00,yes
2026-10-05T00:13:06.305441Z,KXBNB15M-26OCT042015-15,0.0120,0.05,yes
2026-10-05T00:13:06.305441Z,KXBNB15M-26OCT042015-15,0.0130,0.05,yes
2026-10-05T00:13:06.305441Z,KXBNB15M-26OCT042015-15,0.0110,0.04,yes
2026-10-05T00:13:06.305441Z,KXBNB15M-26OCT042015-15,0.0190,9.72,yes
2026-10-05T00:13:06.305441Z,KXBNB15M-26OCT042015-15,0.0190,0.04,yes
2026-10-05T00:13:06.305441Z,KXBNB15M-26OCT042015-15,0.0190,1.00,yes
2026-10-05T00:13:06.305441Z,KXBNB15M-26OCT042015-15,0.0120,2.00,yes
2026-10-05T00:13:06.305441Z,KXBNB15M-26OCT042015-15,0.0190,17.00,yes
2026-10-05T00:13:06.305441Z,KXBNB15M-26OCT042015-15,0.0160,0.03,yes
2026-10-05T00:13:06.305441Z,KXBNB15M-26OCT042015-15,0.0130,2.00,yes
2026-10-05T00:13:06.305441Z,KXBNB15M-26OCT042015-15,0.0170,0.03,yes
2026-10-05T00:13:06.305441Z,KXBNB15M-26OCT042015-15,0.0180,0.03,yes
2026-10-05T00:13:07.246672Z,KXBNB15M-26OCT042015-15,0.0050,2.00,no
2026-10-05T00:13:07.246672Z,KXBNB15M-26OCT042015-15,0.0050,28.03,no
2026-10-05T00:13:07.273735Z,KXBNB15M-26OCT042015-15,0.0040,2.00,no
2026-10-05T00:13:09.096637Z,KXBNB15M-26OCT042015-15,0.0200,1.87,yes
2026-10-05T00:13:09.096637Z,KXBNB15M-26OCT042015-15,0.0190,0.28,yes
2026-10-05T00:13:09.096637Z,KXBNB15M-26OCT042015-15,0.0160,0.04,yes
2026-10-05T00:13:09.096637Z,KXBNB15M-26OCT042015-15,0.0190,22.00,yes
2026-10-05T00:13:09.096637Z,KXBNB15M-26OCT042015-15,0.0120,2.00,yes
2026-10-05T00:13:09.096637Z,KXBNB15M-26OCT042015-15,0.0180,0.05,yes
2026-10-05T00:13:09.096637Z,KXBNB15M-26OCT042015-15,0.0100,1.66,yes
2026-10-05T00:13:09.096637Z,KXBNB15M-26OCT042015-15,0.0110,2.00,yes
2026-10-05T00:13:09.096637Z,KXBNB15M-26OCT042015-15,0.0190,19.72,yes
2026-10-05T00:13:12.010415Z,KXBNB15M-26OCT042015-15,0.0100,2.00,yes
2026-10-05T00:13:13.885377Z,KXBNB15M-26OCT042015-15,0.0050,29.59,no
2026-10-05T00:13:13.885377Z,KXBNB15M-26OCT042015-15,0.0050,0.41,no
2026-10-05T00:13:22.003659Z,KXBNB15M-26OCT042015-15,0.0150,2.00,yes
2026-10-05T00:13:22.003659Z,KXBNB15M-26OCT042015-15,0.0190,34.00,yes
2026-10-05T00:13:22.003659Z,KXBNB15M-26OCT042015-15,0.0180,0.04,yes
2026-10-05T00:13:22.003659Z,KXBNB15M-26OCT042015-15,0.0170,0.04,yes
2026-10-05T00:13:22.003659Z,KXBNB15M-26OCT042015-15,0.0200,0.05,yes
2026-10-05T00:13:22.003659Z,KXBNB15M-26OCT042015-15,0.0200,17.73,yes
2026-10-05T00:13:22.003659Z,KXBNB15M-26OCT042015-15,0.0100,500.00,yes
2026-10-05T00:13:22.003659Z,KXBNB15M-26OCT042015-15,0.0170,10.00,yes
2026-10-05T00:13:22.003659Z,KXBNB15M-26OCT042015-15,0.0110,5.00,yes
2026-10-05T00:13:22.003659Z,KXBNB15M-26OCT042015-15,0.0100,1.00,yes
2026-10-05T00:13:22.003659Z,KXBNB15M-26OCT042015-15,0.0150,0.06,yes
2026-10-05T00:13:22.003659Z,KXBNB15M-26OCT042015-15,0.0160,0.06,yes
2026-10-05T00:13:22.003659Z,KXBNB15M-26OCT042015-15,0.0120,0.05,yes
2026-10-05T00:13:22.003659Z,KXBNB15M-26OCT042015-15,0.0140,0.05,yes
2026-10-05T00:13:22.003659Z,KXBNB15M-26OCT042015-15,0.0110,0.04,yes
2026-10-05T00:13:22.003659Z,KXBNB15M-26OCT042015-15,0.0130,0.05,yes
2026-10-05T00:13:22.003659Z,KXBNB15M-26OCT042015-15,0.0100,0.04,yes
2026-10-05T00:13:22.003659Z,KXBNB15M-26OCT042015-15,0.0140,2.00,yes
2026-10-05T00:13:22.003659Z,KXBNB15M-26OCT042015-15,0.0190,0.05,yes
2026-10-05T00:13:22.003659Z,KXBNB15M-26OCT042015-15,0.0100,298.00,yes
2026-10-05T00:13:23.773914Z,KXBNB15M-26OCT042015-15,0.0040,29.47,no
2026-10-05T00:13:23.773914Z,KXBNB15M-26OCT042015-15,0.0060,2.00,no
2026-10-05T00:13:23.773914Z,KXBNB15M-26OCT042015-15,0.0070,2.00,no
2026-10-05T00:13:23.773914Z,KXBNB15M-26OCT042015-15,0.0050,0.53,no
2026-10-05T00:13:23.783329Z,KXBNB15M-26OCT042015-15,0.0030,29.47,no
2026-10-05T00:13:23.783329Z,KXBNB15M-26OCT042015-15,0.0040,0.53,no
2026-10-05T00:13:23.807381Z,KXBNB15M-26OCT042015-15,0.0040,30.00,no
2026-10-05T00:13:23.807381Z,KXBNB15M-26OCT042015-15,0.0040,2.00,no
2026-10-05T00:13:23.842228Z,KXBNB15M-26OCT042015-15,0.0030,22.24,no
2026-10-05T00:13:23.842228Z,KXBNB15M-26OCT042015-15,0.0030,18.66,no
2026-10-05T00:13:26.267514Z,KXBNB15M-26OCT042015-15,0.0030,11.99,no
2026-10-05T00:13:26.267514Z,KXBNB15M-26OCT042015-15,0.0030,1.34,no
2026-10-05T00:13:26.605314Z,KXBNB15M-26OCT042015-15,0.0030,1.00,no
2026-10-05T00:13:26.605314Z,KXBNB15M-26OCT042015-15,0.0030,6.01,no
2026-10-05T00:13:27.016651Z,KXBNB15M-26OCT042015-15,0.0030,2.00,no
2026-10-05T00:13:27.016651Z,KXBNB15M-26OCT042015-15,0.0030,2.00,no
2026-10-05T00:13:27.016651Z,KXBNB15M-26OCT042015-15,0.0030,1.00,no
2026-10-05T00:13:27.016651Z,KXBNB15M-26OCT042015-15,0.0030,2.00,no
2026-10-05T00:13:27.016651Z,KXBNB15M-26OCT042015-15,0.0030,2.00,no
2026-10-05T00:13:27.016651Z,KXBNB15M-26OCT042015-15,0.0030,35.00,no
2026-10-05T00:13:27.016651Z,KXBNB15M-26OCT042015-15,0.0030,2.00,no
2026-10-05T00:13:27.016651Z,KXBNB15M-26OCT042015-15,0.0030,17.00,no
2026-10-05T00:13:28.018369Z,KXBNB15M-26OCT042015-15,0.0020,100.50,no
2026-10-05T00:13:30.156892Z,KXBNB15M-26OCT042015-15,0.0020,155.00,no
2026-10-05T00:13:30.7901Z,KXBNB15M-26OCT042015-15,0.0020,30.00,no
2026-10-05T00:13:30.809807Z,KXBNB15M-26OCT042015-15,0.0020,52.00,no
2026-10-05T00:13:31.026259Z,KXBNB15M-26OCT042015-15,0.0020,3.00,no
2026-10-05T00:13:31.026259Z,KXBNB15M-26OCT042015-15,0.0020,3.00,no
2026-10-05T00:13:31.026259Z,KXBNB15M-26OCT042015-15,0.0020,3.00,no
2026-10-05T00:13:31.026259Z,KXBNB15M-26OCT042015-15,0.0020,3.00,no
2026-10-05T00:13:31.026259Z,KXBNB15M-26OCT042015-15,0.0020,3.00,no
2026-10-05T00:13:31.026259Z,KXBNB15M-26OCT042015-15,0.0020,26.00,no
2026-10-05T00:13:31.026259Z,KXBNB15M-26OCT042015-15,0.0020,62.50,no
2026-10-05T00:13:31.026259Z,KXBNB15M-26OCT042015-15,0.0020,20.00,no
2026-10-05T00:13:31.026259Z,KXBNB15M-26OCT042015-15,0.0020,1.50,no
2026-10-05T00:13:31.026259Z,KXBNB15M-26OCT042015-15,0.0020,17.00,no
2026-10-05T00:13:31.026259Z,KXBNB15M-26OCT042015-15,0.0020,1.00,no
2026-10-05T00:13:31.158971Z,KXBNB15M-26OCT042015-15,0.0020,17.00,no
2026-10-05T00:13:31.773617Z,KXBNB15M-26OCT042015-15,0.0010,68.08,no
2026-10-05T00:13:32.954866Z,KXBNB15M-26OCT042015-15,0.0010,20.00,no
2026-10-05T00:13:33.295024Z,KXBNB15M-26OCT042015-15,0.0010,1.00,no
2026-10-05T00:13:33.300743Z,KXBNB15M-26OCT042015-15,0.0020,68.08,yes
2026-10-05T00:13:33.300743Z,KXBNB15M-26OCT042015-15,0.0020,28.22,yes
2026-10-05T00:13:37.011801Z,KXBNB15M-26OCT042015-15,0.0010,1.00,no
2026-10-05T00:13:38.271318Z,KXBNB15M-26OCT042015-15,0.0020,458.01,yes
2026-10-05T00:13:39.987012Z,KXBNB15M-26OCT042015-15,0.0010,18.07,no
2026-10-05T00:13:39.987012Z,KXBNB15M-26OCT042015-15,0.0010,9.92,no
2026-10-05T00:13:43.512065Z,KXBNB15M-26OCT042015-15,0.0010,24.90,no
2026-10-05T00:13:46.481895Z,KXBNB15M-26OCT042015-15,0.0010,12.97,no
2026-10-05T00:13:46.481895Z,KXBNB15M-26OCT042015-15,0.0010,1.00,no
2026-10-05T00:13:46.481895Z,KXBNB15M-26OCT042015-15,0.0010,32.03,no
2026-10-05T00:13:46.481895Z,KXBNB15M-26OCT042015-15,0.0010,1.00,no
2026-10-05T00:13:46.481895Z,KXBNB15M-26OCT042015-15,0.0010,3.00,no
2026-10-05T00:13:47.424254Z,KXBNB15M-26OCT042015-15,0.0010,7.03,no
2026-10-05T00:13:47.424254Z,KXBNB15M-26OCT042015-15,0.0010,1.00,no
2026-10-05T00:13:47.424254Z,KXBNB15M-26OCT042015-15,0.0010,1.00,no
2026-10-05T00:13:47.424254Z,KXBNB15M-26OCT042015-15,0.0010,1.00,no
2026-10-05T00:13:47.424254Z,KXBNB15M-26OCT042015-15,0.0010,17.00,no
2026-10-05T00:13:47.424254Z,KXBNB15M-26OCT042015-15,0.0010,1.00,no
2026-10-05T00:13:47.424254Z,KXBNB15M-26OCT042015-15,0.0010,2.00,no
2026-10-05T00:13:47.424254Z,KXBNB15M-26OCT042015-15,0.0010,6.97,no
2026-10-05T00:13:47.424254Z,KXBNB15M-26OCT042015-15,0.0010,1.00,no
2026-10-05T00:13:47.424254Z,KXBNB15M-26OCT042015-15,0.0010,2.00,no
2026-10-05T00:13:50.501243Z,KXBNB15M-26OCT042015-15,0.0010,10.00,no
2026-10-05T00:13:56.872989Z,KXBNB15M-26OCT042015-15,0.0010,1.00,no
2026-10-05T00:13:56.872989Z,KXBNB15M-26OCT042015-15,0.0010,1821.89,no
2026-10-05T00:13:56.872989Z,KXBNB15M-26OCT042015-15,0.0010,51.11,no
2026-10-05T00:13:58.566765Z,KXBNB15M-26OCT042015-15,0.0010,281.00,no
2026-10-05T00:14:00.536981Z,KXBNB15M-26OCT042015-15,0.0020,229.01,yes
2026-10-05T00:14:03.933881Z,KXBNB15M-26OCT042015-15,0.0020,458.01,yes
2026-10-05T00:14:13.331775Z,KXBNB15M-26OCT042015-15,0.0010,14.00,yes
2026-10-05T00:14:13.331775Z,KXBNB15M-26OCT042015-15,0.0010,71.00,yes
2026-10-05T00:14:13.331775Z,KXBNB15M-26OCT042015-15,0.0010,100.00,yes
2026-10-05T00:14:13.331775Z,KXBNB15M-26OCT042015-15,0.0020,91.75,yes
2026-10-05T00:14:13.331775Z,KXBNB15M-26OCT042015-15,0.0020,282.14,yes
2026-10-05T00:14:15.565996Z,KXBNB15M-26OCT042015-15,0.0010,90.00,yes
2026-10-05T00:14:20.624886Z,KXBNB15M-26OCT042015-15,0.0010,915.99,yes
2026-10-05T00:14:22.111462Z,KXBNB15M-26OCT042015-15,0.0010,2.00,yes
2026-10-05T00:14:32.047671Z,KXBNB15M-26OCT042015-15,0.0010,2.00,yes
2026-10-05T00:12:29.657186Z,KXNEAR15M-26OCT042015-15,0.0210,0.03,yes
2026-10-05T00:12:29.657186Z,KXNEAR15M-26OCT042015-15,0.0200,0.03,yes
2026-10-05T00:12:29.657186Z,KXNEAR15M-26OCT042015-15,0.0220,0.03,yes
2026-10-05T00:12:29.657186Z,KXNEAR15M-26OCT042015-15,0.0210,1.00,yes
2026-10-05T00:12:29.657186Z,KXNEAR15M-26OCT042015-15,0.0230,0.91,yes
2026-10-05T00:12:29.65738Z,KXNEAR15M-26OCT042015-15,0.0230,1.00,yes
2026-10-05T00:12:29.715436Z,KXNEAR15M-26OCT042015-15,0.0230,0.03,yes
2026-10-05T00:12:29.762783Z,KXNEAR15M-26OCT042015-15,0.0250,0.94,yes
2026-10-05T00:12:29.762783Z,KXNEAR15M-26OCT042015-15,0.0240,0.03,yes
2026-10-05T00:12:29.762783Z,KXNEAR15M-26OCT042015-15,0.0240,0.03,yes
2026-10-05T00:12:29.76286Z,KXNEAR15M-26OCT042015-15,0.0250,0.06,yes
2026-10-05T00:12:29.76286Z,KXNEAR15M-26OCT042015-15,0.0250,0.03,yes
2026-10-05T00:12:29.76286Z,KXNEAR15M-26OCT042015-15,0.0250,0.03,yes
2026-10-05T00:12:29.762967Z,KXNEAR15M-26OCT042015-15,0.0260,0.03,yes
2026-10-05T00:12:29.762967Z,KXNEAR15M-26OCT042015-15,0.0270,0.94,yes
2026-10-05T00:12:29.762967Z,KXNEAR15M-26OCT042015-15,0.0260,0.03,yes
2026-10-05T00:12:29.918308Z,KXNEAR15M-26OCT042015-15,0.0250,1.00,yes
2026-10-05T00:12:29.918308Z,KXNEAR15M-26OCT042015-15,0.0270,0.03,yes
2026-10-05T00:12:29.918308Z,KXNEAR15M-26OCT042015-15,0.0270,0.03,yes
2026-10-05T00:12:29.918308Z,KXNEAR15M-26OCT042015-15,0.0280,0.94,yes
2026-10-05T00:12:30.072142Z,KXNEAR15M-26OCT042015-15,0.0300,0.05,yes
2026-10-05T00:12:30.072142Z,KXNEAR15M-26OCT042015-15,0.0290,0.04,yes
2026-10-05T00:12:30.072142Z,KXNEAR15M-26OCT042015-15,0.0250,0.03,yes
2026-10-05T00:12:30.072142Z,KXNEAR15M-26OCT042015-15,0.0290,0.03,yes
2026-10-05T00:12:30.072142Z,KXNEAR15M-26OCT042015-15,0.0250,1.00,yes
2026-10-05T00:12:30.072142Z,KXNEAR15M-26OCT042015-15,0.0310,2.76,yes
2026-10-05T00:12:30.072142Z,KXNEAR15M-26OCT042015-15,0.0280,0.03,yes
2026-10-05T00:12:30.072142Z,KXNEAR15M-26OCT042015-15,0.0310,1.00,yes
2026-10-05T00:12:30.072142Z,KXNEAR15M-26OCT042015-15,0.0280,0.06,yes
2026-10-05T00:12:30.09765Z,KXNEAR15M-26OCT042015-15,0.0310,1.00,yes
2026-10-05T00:12:30.173535Z,KXNEAR15M-26OCT042015-15,0.0300,0.03,yes
2026-10-05T00:12:30.173535Z,KXNEAR15M-26OCT042015-15,0.0310,0.97,yes
2026-10-05T00:12:30.386759Z,KXNEAR15M-26OCT042015-15,0.0280,0.96,yes
2026-10-05T00:12:30.386759Z,KXNEAR15M-26OCT042015-15,0.0280,0.04,yes
2026-10-05T00:12:32.116809Z,KXNEAR15M-26OCT042015-15,0.0270,1.02,no
2026-10-05T00:12:32.192474Z,KXNEAR15M-26OCT042015-15,0.0100,16.86,no
2026-10-05T00:12:32.192474Z,KXNEAR15M-26OCT042015-15,0.0120,14.00,no
2026-10-05T00:12:32.192474Z,KXNEAR15M-26OCT042015-15,0.0110,0.03,no
2026-10-05T00:12:32.192474Z,KXNEAR15M-26OCT042015-15,0.0100,0.03,no
2026-10-05T00:12:32.192474Z,KXNEAR15M-26OCT042015-15,0.0110,16.00,no
2026-10-05T00:12:32.192474Z,KXNEAR15M-26OCT042015-15,0.0120,0.03,no
2026-10-05T00:12:32.192474Z,KXNEAR15M-26OCT042015-15,0.0170,7.00,no
2026-10-05T00:12:32.192474Z,KXNEAR15M-26OCT042015-15,0.0100,4.00,no
2026-10-05T00:12:32.192474Z,KXNEAR15M-26OCT042015-15,0.0220,7.00,no
2026-10-05T00:12:32.192474Z,KXNEAR15M-26OCT042015-15,0.0140,51.00,no
2026-10-05T00:12:32.192474Z,KXNEAR15M-26OCT042015-15,0.0150,0.06,no
2026-10-05T00:12:32.192474Z,KXNEAR15M-26OCT042015-15,0.0220,0.03,no
2026-10-05T00:12:32.192474Z,KXNEAR15M-26OCT042015-15,0.0220,1.00,no
2026-10-05T00:12:32.192474Z,KXNEAR15M-26OCT042015-15,0.0240,7.00,no
2026-10-05T00:12:32.192474Z,KXNEAR15M-26OCT042015-15,0.0270,102.98,no
2026-10-05T00:12:32.192474Z,KXNEAR15M-26OCT042015-15,0.0250,104.00,no
2026-10-05T00:12:32.192474Z,KXNEAR15M-26OCT042015-15,0.0260,5.00,no
2026-10-05T00:12:32.192474Z,KXNEAR15M-26OCT042015-15,0.0240,0.03,no
2026-10-05T00:12:32.192474Z,KXNEAR15M-26OCT042015-15,0.0100,138.99,no
2026-10-05T00:12:32.192474Z,KXNEAR15M-26OCT042015-15,0.0250,0.03,no
2026-10-05T00:12:32.192474Z,KXNEAR15M-26OCT042015-15,0.0260,1.00,no
2026-10-05T00:12:32.192474Z,KXNEAR15M-26OCT042015-15,0.0150,3.00,no
2026-10-05T00:12:32.192474Z,KXNEAR15M-26OCT042015-15,0.0180,2.00,no
2026-10-05T00:12:32.192474Z,KXNEAR15M-26OCT042015-15,0.0130,10.00,no
2026-10-05T00:12:32.192474Z,KXNEAR15M-26OCT042015-15,0.0170,0.03,no
2026-10-05T00:12:32.192474Z,KXNEAR15M-26OCT042015-15,0.0180,0.03,no
2026-10-05T00:12:32.192474Z,KXNEAR15M-26OCT042015-15,0.0100,15.52,no
2026-10-05T00:12:32.192474Z,KXNEAR15M-26OCT042015-15,0.0100,0.13,no
2026-10-05T00:12:33.17498Z,KXNEAR15M-26OCT042015-15,0.0270,15.60,yes
2026-10-05T00:12:35.803212Z,KXNEAR15M-26OCT042015-15,0.0240,2.00,no
2026-10-05T00:12:35.803212Z,KXNEAR15M-26OCT042015-15,0.0230,5.66,no
2026-10-05T00:12:36.803251Z,KXNEAR15M-26OCT042015-15,0.0210,0.03,no
2026-10-05T00:12:36.803251Z,KXNEAR15M-26OCT042015-15,0.0200,7.00,no
2026-10-05T00:12:36.803251Z,KXNEAR15M-26OCT042015-15,0.0200,0.03,no
2026-10-05T00:12:36.803251Z,KXNEAR15M-26OCT042015-15,0.0200,5.00,no
2026-10-05T00:12:36.803251Z,KXNEAR15M-26OCT042015-15,0.0210,2.40,no
2026-10-05T00:12:36.803251Z,KXNEAR15M-26OCT042015-15,0.0190,4.54,no
2026-10-05T00:12:36.80325Z,KXNEAR15M-26OCT042015-15,0.0230,2.00,no
2026-10-05T00:12:36.80325Z,KXNEAR15M-26OCT042015-15,0.0220,5.00,no
2026-10-05T00:12:36.80325Z,KXNEAR15M-26OCT042015-15,0.0230,0.03,no
2026-10-05T00:12:36.80325Z,KXNEAR15M-26OCT042015-15,0.0230,1.00,no
2026-10-05T00:12:36.80325Z,KXNEAR15M-26OCT042015-15,0.0220,0.03,no
2026-10-05T00:12:36.80325Z,KXNEAR15M-26OCT042015-15,0.0220,7.00,no
2026-10-05T00:12:36.80325Z,KXNEAR15M-26OCT042015-15,0.0230,3.34,no
2026-10-05T00:12:36.80325Z,KXNEAR15M-26OCT042015-15,0.0210,1.60,no
2026-10-05T00:12:36.804076Z,KXNEAR15M-26OCT042015-15,0.0190,0.03,no
2026-10-05T00:12:36.804076Z,KXNEAR15M-26OCT042015-15,0.0190,7.46,no
2026-10-05T00:12:36.97282Z,KXNEAR15M-26OCT042015-15,0.0180,9.00,no
2026-10-05T00:12:37.1252Z,KXNEAR15M-26OCT042015-15,0.0170,0.19,no
2026-10-05T00:12:37.1252Z,KXNEAR15M-26OCT042015-15,0.0180,0.03,no
2026-10-05T00:12:37.1252Z,KXNEAR15M-26OCT042015-15,0.0160,0.03,no
2026-10-05T00:12:38.8355Z,KXNEAR15M-26OCT042015-15,0.0120,1.01,no
2026-10-05T00:12:40.496285Z,KXNEAR15M-26OCT042015-15,0.0100,0.03,no
2026-10-05T00:12:40.496285Z,KXNEAR15M-26OCT042015-15,0.0090,0.03,no
2026-10-05T00:12:40.496285Z,KXNEAR15M-26OCT042015-15,0.0110,0.03,no
2026-10-05T00:12:40.496285Z,KXNEAR15M-26OCT042015-15,0.0130,5.00,no
2026-10-05T00:12:40.496285Z,KXNEAR15M-26OCT042015-15,0.0120,0.03,no
2026-10-05T00:12:40.496285Z,KXNEAR15M-26OCT042015-15,0.0130,20.00,no
2026-10-05T00:12:40.496285Z,KXNEAR15M-26OCT042015-15,0.0120,19.00,no
2026-10-05T00:12:40.496285Z,KXNEAR15M-26OCT042015-15,0.0110,10.00,no
2026-10-05T00:12:40.496285Z,KXNEAR15M-26OCT042015-15,0.0070,58.00,no
2026-10-05T00:12:40.496285Z,KXNEAR15M-26OCT042015-15,0.0090,36.00,no
2026-10-05T00:12:40.496285Z,KXNEAR15M-26OCT042015-15,0.0060,77.00,no
2026-10-05T00:12:40.496285Z,KXNEAR15M-26OCT042015-15,0.0110,20.00,no
2026-10-05T00:12:40.496285Z,KXNEAR15M-26OCT042015-15,0.0130,4.00,no
2026-10-05T00:12:40.496285Z,KXNEAR15M-26OCT042015-15,0.0070,0.03,no
2026-10-05T00:12:40.496285Z,KXNEAR15M-26OCT042015-15,0.0060,0.03,no
2026-10-05T00:12:40.496285Z,KXNEAR15M-26OCT042015-15,0.0080,0.03,no
2026-10-05T00:12:40.496285Z,KXNEAR15M-26OCT042015-15,0.0080,3.00,no
2026-10-05T00:12:40.496285Z,KXNEAR15M-26OCT042015-15,0.0080,33.00,no
2026-10-05T00:12:40.496285Z,KXNEAR15M-26OCT042015-15,0.0050,128.25,no
2026-10-05T00:12:40.496285Z,KXNEAR15M-26OCT042015-15,0.0100,32.00,no
2026-10-05T00:12:40.496285Z,KXNEAR15M-26OCT042015-15,0.0120,3.00,no
2026-10-05T00:12:40.496285Z,KXNEAR15M-26OCT042015-15,0.0090,10.00,no
2026-10-05T00:12:40.496285Z,KXNEAR15M-26OCT042015-15,0.0070,10.00,no
2026-10-05T00:12:40.496285Z,KXNEAR15M-26OCT042015-15,0.0080,10.00,no
2026-10-05T00:12:40.496285Z,KXNEAR15M-26OCT042015-15,0.0050,10.00,no
2026-10-05T00:12:40.496285Z,KXNEAR15M-26OCT042015-15,0.0060,10.00,no
2026-10-05T00:12:40.496285Z,KXNEAR15M-26OCT042015-15,0.0060,1.00,no
2026-10-05T00:12:40.496285Z,KXNEAR15M-26OCT042015-15,0.0090,1.00,no
2026-10-05T00:12:40.496285Z,KXNEAR15M-26OCT042015-15,0.0070,1.00,no
2026-10-05T00:12:40.496285Z,KXNEAR15M-26OCT042015-15,0.0080,1.00,no
2026-10-05T00:12:40.496285Z,KXNEAR15M-26OCT042015-15,0.0050,1.00,no
2026-10-05T00:12:41.886742Z,KXNEAR15M-26OCT042015-15,0.0100,28.05,yes
2026-10-05T00:12:44.063895Z,KXNEAR15M-26OCT042015-15,0.0050,5.00,no
2026-10-05T00:12:44.063895Z,KXNEAR15M-26OCT042015-15,0.0050,5.47,no
2026-10-05T00:12:44.063895Z,KXNEAR15M-26OCT042015-15,0.0050,0.03,no
2026-10-05T00:12:44.159292Z,KXNEAR15M-26OCT042015-15,0.0060,1.00,yes
2026-10-05T00:12:44.71633Z,KXNEAR15M-26OCT042015-15,0.0060,5.00,yes
2026-10-05T00:12:45.51694Z,KXNEAR15M-26OCT042015-15,0.0080,23.52,yes
2026-10-05T00:12:45.51694Z,KXNEAR15M-26OCT042015-15,0.0070,52.00,yes
2026-10-05T00:12:45.51694Z,KXNEAR15M-26OCT042015-15,0.0080,10.00,yes
2026-10-05T00:12:45.51694Z,KXNEAR15M-26OCT042015-15,0.0070,10.00,yes
2026-10-05T00:12:45.51694Z,KXNEAR15M-26OCT042015-15,0.0060,4.00,yes
2026-10-05T00:12:47.177222Z,KXNEAR15M-26OCT042015-15,0.0050,5.00,no
2026-10-05T00:12:47.224725Z,KXNEAR15M-26OCT042015-15,0.0080,20.00,yes
2026-10-05T00:12:47.224852Z,KXNEAR15M-26OCT042015-15,0.0080,4.00,yes
2026-10-05T00:12:47.53726Z,KXNEAR15M-26OCT042015-15,0.0060,17.00,no
2026-10-05T00:12:48.030905Z,KXNEAR15M-26OCT042015-15,0.0060,5.00,no
2026-10-05T00:12:48.341284Z,KXNEAR15M-26OCT042015-15,0.0060,5.00,no
2026-10-05T00:12:48.571035Z,KXNEAR15M-26OCT042015-15,0.0060,6.00,no
2026-10-05T00:12:48.571035Z,KXNEAR15M-26OCT042015-15,0.0060,61.97,no
2026-10-05T00:12:48.571035Z,KXNEAR15M-26OCT042015-15,0.0060,0.03,no
2026-10-05T00:12:48.577995Z,KXNEAR15M-26OCT042015-15,0.0060,5.00,no
2026-10-05T00:12:49.503696Z,KXNEAR15M-26OCT042015-15,0.0090,1.97,yes
2026-10-05T00:12:49.503696Z,KXNEAR15M-26OCT042015-15,0.0080,0.03,yes
2026-10-05T00:12:49.503869Z,KXNEAR15M-26OCT042015-15,0.0100,8.00,yes
2026-10-05T00:12:49.503869Z,KXNEAR15M-26OCT042015-15,0.0100,0.03,yes
2026-10-05T00:12:49.503869Z,KXNEAR15M-26OCT042015-15,0.0100,2.91,yes
2026-10-05T00:12:49.503869Z,KXNEAR15M-26OCT042015-15,0.0090,8.03,yes
2026-10-05T00:12:49.503869Z,KXNEAR15M-26OCT042015-15,0.0090,0.03,yes
2026-10-05T00:12:49.653774Z,KXNEAR15M-26OCT042015-15,0.0100,1.97,yes
2026-10-05T00:12:49.653774Z,KXNEAR15M-26OCT042015-15,0.0090,0.03,yes
2026-10-05T00:12:49.653933Z,KXNEAR15M-26OCT042015-15,0.0120,1.00,yes
2026-10-05T00:12:49.653933Z,KXNEAR15M-26OCT042015-15,0.0130,0.03,yes
2026-10-05T00:12:49.653933Z,KXNEAR15M-26OCT042015-15,0.0120,0.03,yes
2026-10-05T00:12:49.653933Z,KXNEAR15M-26OCT042015-15,0.0110,0.03,yes
2026-10-05T00:12:49.653933Z,KXNEAR15M-26OCT042015-15,0.0140,0.04,yes
2026-10-05T00:12:49.653933Z,KXNEAR15M-26OCT042015-15,0.0100,5.12,yes
2026-10-05T00:12:49.653933Z,KXNEAR15M-26OCT042015-15,0.0100,10.00,yes
2026-10-05T00:12:49.653933Z,KXNEAR15M-26OCT042015-15,0.0120,0.03,yes
2026-10-05T00:12:49.653933Z,KXNEAR15M-26OCT042015-15,0.0130,0.03,yes
2026-10-05T00:12:49.653933Z,KXNEAR15M-26OCT042015-15,0.0100,0.03,yes
2026-10-05T00:12:49.653933Z,KXNEAR15M-26OCT042015-15,0.0110,0.03,yes
2026-10-05T00:12:49.990402Z,KXNEAR15M-26OCT042015-15,0.0080,1.00,no
2026-10-05T00:12:49.990402Z,KXNEAR15M-26OCT042015-15,0.0070,71.25,no
2026-10-05T00:12:49.990402Z,KXNEAR15M-26OCT042015-15,0.0080,56.00,no
2026-10-05T00:12:50.123433Z,KXNEAR15M-26OCT042015-15,0.0070,6.00,no
2026-10-05T00:12:53.354562Z,KXNEAR15M-26OCT042015-15,0.0070,1.00,no
2026-10-05T00:12:53.354562Z,KXNEAR15M-26OCT042015-15,0.0070,0.03,no
2026-10-05T00:12:53.364091Z,KXNEAR15M-26OCT042015-15,0.0060,0.03,no
2026-10-05T00:12:54.194298Z,KXNEAR15M-26OCT042015-15,0.0060,0.03,yes
2026-10-05T00:12:54.194298Z,KXNEAR15M-26OCT042015-15,0.0060,52.00,yes
2026-10-05T00:12:54.194298Z,KXNEAR15M-26OCT042015-15,0.0070,22.89,yes
2026-10-05T00:12:54.194298Z,KXNEAR15M-26OCT042015-15,0.0070,5.00,yes
2026-10-05T00:12:56.288258Z,KXNEAR15M-26OCT042015-15,0.0090,1.00,yes
2026-10-05T00:12:57.039579Z,KXNEAR15M-26OCT042015-15,0.0050,0.03,no
2026-10-05T00:12:59.219679Z,KXNEAR15M-26OCT042015-15,0.0140,0.02,yes
2026-10-05T00:12:59.219679Z,KXNEAR15M-26OCT042015-15,0.0130,0.03,yes
2026-10-05T00:12:59.219679Z,KXNEAR15M-26OCT042015-15,0.0130,1.00,yes
2026-10-05T00:12:59.78182Z,KXNEAR15M-26OCT042015-15,0.0020,30.27,no
2026-10-05T00:12:59.78182Z,KXNEAR15M-26OCT042015-15,0.0040,350.00,no
2026-10-05T00:12:59.78182Z,KXNEAR15M-26OCT042015-15,0.0020,200.00,no
2026-10-05T00:12:59.78182Z,KXNEAR15M-26OCT042015-15,0.0040,1.00,no
2026-10-05T00:12:59.78182Z,KXNEAR15M-26OCT042015-15,0.0030,1.00,no
2026-10-05T00:12:59.78182Z,KXNEAR15M-26OCT042015-15,0.0030,0.03,no
2026-10-05T00:12:59.78182Z,KXNEAR15M-26OCT042015-15,0.0030,220.00,no
2026-10-05T00:12:59.78182Z,KXNEAR15M-26OCT042015-15,0.0040,0.03,no
2026-10-05T00:13:01.754165Z,KXNEAR15M-26OCT042015-15,0.0030,36.73,yes
2026-10-05T00:13:01.754165Z,KXNEAR15M-26OCT042015-15,0.0030,6.31,yes
2026-10-05T00:13:02.134773Z,KXNEAR15M-26OCT042015-15,0.0040,0.41,yes
2026-10-05T00:13:06.231223Z,KXNEAR15M-26OCT042015-15,0.0030,9.00,no
2026-10-05T00:13:06.48335Z,KXNEAR15M-26OCT042015-15,0.0030,0.03,no
2026-10-05T00:13:07.236899Z,KXNEAR15M-26OCT042015-15,0.0080,233.31,yes
2026-10-05T00:13:07.236899Z,KXNEAR15M-26OCT042015-15,0.0080,6.79,yes
2026-10-05T00:13:08.725835Z,KXNEAR15M-26OCT042015-15,0.0050,81.00,no
2026-10-05T00:13:09.183862Z,KXNEAR15M-26OCT042015-15,0.0070,0.06,yes
2026-10-05T00:13:10.561921Z,KXNEAR15M-26OCT042015-15,0.0040,13.97,no
2026-10-05T00:13:10.561921Z,KXNEAR15M-26OCT042015-15,0.0040,0.03,no
2026-10-05T00:13:10.561921Z,KXNEAR15M-26OCT042015-15,0.0040,3.00,no
2026-10-05T00:13:10.569966Z,KXNEAR15M-26OCT042015-15,0.0040,1.00,no
2026-10-05T00:13:14.336944Z,KXNEAR15M-26OCT042015-15,0.0040,0.03,no
2026-10-05T00:13:14.336944Z,KXNEAR15M-26OCT042015-15,0.0040,3.00,no
2026-10-05T00:13:14.696426Z,KXNEAR15M-26OCT042015-15,0.0080,23.21,yes
2026-10-05T00:13:14.696426Z,KXNEAR15M-26OCT042015-15,0.0040,1.00,yes
2026-10-05T00:13:14.696426Z,KXNEAR15M-26OCT042015-15,0.0070,52.00,yes
2026-10-05T00:13:14.696426Z,KXNEAR15M-26OCT042015-15,0.0080,47.11,yes
2026-10-05T00:13:14.923007Z,KXNEAR15M-26OCT042015-15,0.0040,3.00,no
2026-10-05T00:13:14.930611Z,KXNEAR15M-26OCT042015-15,0.0040,1.00,no
2026-10-05T00:13:15.042839Z,KXNEAR15M-26OCT042015-15,0.0040,1.00,no
2026-10-05T00:13:15.050167Z,KXNEAR15M-26OCT042015-15,0.0040,1.00,no
2026-10-05T00:13:15.171923Z,KXNEAR15M-26OCT042015-15,0.0040,1.00,no
2026-10-05T00:13:15.28755Z,KXNEAR15M-26OCT042015-15,0.0040,21.00,no
2026-10-05T00:13:15.293494Z,KXNEAR15M-26OCT042015-15,0.0040,1.00,no
2026-10-05T00:13:15.300314Z,KXNEAR15M-26OCT042015-15,0.0040,1.00,no
2026-10-05T00:13:15.932372Z,KXNEAR15M-26OCT042015-15,0.0100,1.12,yes
2026-10-05T00:13:15.932372Z,KXNEAR15M-26OCT042015-15,0.0070,4.00,yes
2026-10-05T00:13:15.932372Z,KXNEAR15M-26OCT042015-15,0.0070,0.03,yes
2026-10-05T00:13:17.092627Z,KXNEAR15M-26OCT042015-15,0.0040,3.00,no
2026-10-05T00:13:17.092627Z,KXNEAR15M-26OCT042015-15,0.0040,0.03,no
2026-10-05T00:13:17.254893Z,KXNEAR15M-26OCT042015-15,0.0030,9.00,no
2026-10-05T00:13:17.254893Z,KXNEAR15M-26OCT042015-15,0.0030,0.03,no
2026-10-05T00:13:17.254893Z,KXNEAR15M-26OCT042015-15,0.0030,60.00,no
2026-10-05T00:13:17.254893Z,KXNEAR15M-26OCT042015-15,0.0030,21.00,no
2026-10-05T00:13:17.254893Z,KXNEAR15M-26OCT042015-15,0.0030,8.00,no
2026-10-05T00:13:17.738942Z,KXNEAR15M-26OCT042015-15,0.0030,14.51,no
2026-10-05T00:13:18.139365Z,KXNEAR15M-26OCT042015-15,0.0050,81.00,no
2026-10-05T00:13:20.324672Z,KXNEAR15M-26OCT042015-15,0.0050,81.00,no
2026-10-05T00:13:20.324672Z,KXNEAR15M-26OCT042015-15,0.0060,1.00,no
2026-10-05T00:13:20.324672Z,KXNEAR15M-26OCT042015-15,0.0060,104.00,no
2026-10-05T00:13:24.404493Z,KXNEAR15M-26OCT042015-15,0.0080,0.03,yes
2026-10-05T00:13:24.404493Z,KXNEAR15M-26OCT042015-15,0.0080,1.00,yes
2026-10-05T00:13:24.404493Z,KXNEAR15M-26OCT042015-15,0.0090,6.94,yes
2026-10-05T00:13:24.404493Z,KXNEAR15M-26OCT042015-15,0.0090,0.03,yes
2026-10-05T00:13:25.244847Z,KXNEAR15M-26OCT042015-15,0.0020,69.73,no
2026-10-05T00:13:25.244847Z,KXNEAR15M-26OCT042015-15,0.0020,1.00,no
2026-10-05T00:13:25.244847Z,KXNEAR15M-26OCT042015-15,0.0020,92.87,no
2026-10-05T00:13:25.244847Z,KXNEAR15M-26OCT042015-15,0.0030,10.00,no
2026-10-05T00:13:25.244847Z,KXNEAR15M-26OCT042015-15,0.0040,10.00,no
2026-10-05T00:13:25.244847Z,KXNEAR15M-26OCT042015-15,0.0030,104.00,no
2026-10-05T00:13:25.244847Z,KXNEAR15M-26OCT042015-15,0.0040,0.03,no
2026-10-05T00:13:25.244847Z,KXNEAR15M-26OCT042015-15,0.0030,6.00,no
2026-10-05T00:13:25.244847Z,KXNEAR15M-26OCT042015-15,0.0050,1.00,no
2026-10-05T00:13:25.244847Z,KXNEAR15M-26OCT042015-15,0.0030,0.03,no
2026-10-05T00:13:25.244847Z,KXNEAR15M-26OCT042015-15,0.0050,0.03,no
2026-10-05T00:13:25.982176Z,KXNEAR15M-26OCT042015-15,0.0050,104.00,yes
2026-10-05T00:13:25.982176Z,KXNEAR15M-26OCT042015-15,0.0030,104.00,yes
2026-10-05T00:13:25.982176Z,KXNEAR15M-26OCT042015-15,0.0040,0.03,yes
2026-10-05T00:13:25.982176Z,KXNEAR15M-26OCT042015-15,0.0030,0.03,yes
2026-10-05T00:13:25.982176Z,KXNEAR15M-26OCT042015-15,0.0050,9.94,yes
2026-10-05T00:13:25.982176Z,KXNEAR15M-26OCT042015-15,0.0040,10.00,yes
2026-10-05T00:13:25.982176Z,KXNEAR15M-26OCT042015-15,0.0050,0.03,yes
2026-10-05T00:13:28.274175Z,KXNEAR15M-26OCT042015-15,0.0030,19.00,no
2026-10-05T00:13:28.350534Z,KXNEAR15M-26OCT042015-15,0.0080,70.00,yes
2026-10-05T00:13:28.350534Z,KXNEAR15M-26OCT042015-15,0.0050,0.06,yes
2026-10-05T00:13:28.350534Z,KXNEAR15M-26OCT042015-15,0.0090,40.52,yes
2026-10-05T00:13:30.711005Z,KXNEAR15M-26OCT042015-15,0.0100,18.70,yes
2026-10-05T00:13:33.570236Z,KXNEAR15M-26OCT042015-15,0.0130,1.00,yes
2026-10-05T00:13:33.570236Z,KXNEAR15M-26OCT042015-15,0.0100,6.30,yes
2026-10-05T00:13:33.570236Z,KXNEAR15M-26OCT042015-15,0.0160,0.75,yes
2026-10-05T00:13:33.570236Z,KXNEAR15M-26OCT042015-15,0.0170,1.95,yes
2026-10-05T00:13:33.570236Z,KXNEAR15M-26OCT042015-15,0.0160,1.00,yes
2026-10-05T00:13:33.570236Z,KXNEAR15M-26OCT042015-15,0.0150,18.00,yes
2026-10-05T00:13:33.603488Z,KXNEAR15M-26OCT042015-15,0.0160,13.00,yes
2026-10-05T00:13:33.61832Z,KXNEAR15M-26OCT042015-15,0.0080,5.00,no
2026-10-05T00:13:33.61832Z,KXNEAR15M-26OCT042015-15,0.0070,37.00,no
2026-10-05T00:13:33.623588Z,KXNEAR15M-26OCT042015-15,0.0140,15.00,yes
2026-10-05T00:13:33.949176Z,KXNEAR15M-26OCT042015-15,0.0090,27.00,no
2026-10-05T00:13:33.954848Z,KXNEAR15M-26OCT042015-15,0.0100,2.00,no
2026-10-05T00:13:33.962115Z,KXNEAR15M-26OCT042015-15,0.0110,2.00,no
2026-10-05T00:13:33.967719Z,KXNEAR15M-26OCT042015-15,0.0110,80.00,no
2026-10-05T00:13:34.030427Z,KXNEAR15M-26OCT042015-15,0.0170,2.00,yes
2026-10-05T00:13:34.030427Z,KXNEAR15M-26OCT042015-15,0.0160,2.00,yes
2026-10-05T00:13:34.030427Z,KXNEAR15M-26OCT042015-15,0.0180,2.00,yes
2026-10-05T00:13:34.030427Z,KXNEAR15M-26OCT042015-15,0.0150,14.00,yes
2026-10-05T00:13:34.030427Z,KXNEAR15M-26OCT042015-15,0.0240,0.95,yes
2026-10-05T00:13:34.030427Z,KXNEAR15M-26OCT042015-15,0.0200,2.00,yes
2026-10-05T00:13:34.030427Z,KXNEAR15M-26OCT042015-15,0.0190,3.00,yes
2026-10-05T00:13:34.030427Z,KXNEAR15M-26OCT042015-15,0.0170,0.05,yes
2026-10-05T00:13:34.048384Z,KXNEAR15M-26OCT042015-15,0.0110,22.00,no
2026-10-05T00:13:34.048384Z,KXNEAR15M-26OCT042015-15,0.0110,6.00,no
2026-10-05T00:13:34.055127Z,KXNEAR15M-26OCT042015-15,0.0110,2.00,no
2026-10-05T00:13:34.153048Z,KXNEAR15M-26OCT042015-15,0.0110,10.00,no
2026-10-05T00:13:34.500706Z,KXNEAR15M-26OCT042015-15,0.0130,65.00,no
2026-10-05T00:13:34.725598Z,KXNEAR15M-26OCT042015-15,0.0130,2.00,no
2026-10-05T00:13:37.895912Z,KXNEAR15M-26OCT042015-15,0.0240,2.00,yes
2026-10-05T00:13:37.895912Z,KXNEAR15M-26OCT042015-15,0.0230,27.00,yes
2026-10-05T00:13:37.895912Z,KXNEAR15M-26OCT042015-15,0.0240,0.09,yes
2026-10-05T00:13:37.895912Z,KXNEAR15M-26OCT042015-15,0.0240,0.05,yes
2026-10-05T00:13:37.895912Z,KXNEAR15M-26OCT042015-15,0.0250,0.86,yes
2026-10-05T00:13:37.902342Z,KXNEAR15M-26OCT042015-15,0.0250,1.00,yes
2026-10-05T00:13:37.902342Z,KXNEAR15M-26OCT042015-15,0.0260,6.00,yes
2026-10-05T00:13:37.902342Z,KXNEAR15M-26OCT042015-15,0.0250,4.14,yes
2026-10-05T00:13:37.902342Z,KXNEAR15M-26OCT042015-15,0.0270,19.86,yes
2026-10-05T00:13:37.911942Z,KXNEAR15M-26OCT042015-15,0.0220,29.00,yes
2026-10-05T00:13:37.911942Z,KXNEAR15M-26OCT042015-15,0.0240,26.00,yes
2026-10-05T00:13:38.00354Z,KXNEAR15M-26OCT042015-15,0.0180,11.00,no
2026-10-05T00:13:38.01176Z,KXNEAR15M-26OCT042015-15,0.0180,2.00,no
2026-10-05T00:13:38.300262Z,KXNEAR15M-26OCT042015-15,0.0180,2.00,no
2026-10-05T00:13:38.486246Z,KXNEAR15M-26OCT042015-15,0.0180,11.00,no
2026-10-05T00:13:38.491756Z,KXNEAR15M-26OCT042015-15,0.0180,2.00,no
2026-10-05T00:13:39.328837Z,KXNEAR15M-26OCT042015-15,0.0190,3.00,no
2026-10-05T00:13:39.328837Z,KXNEAR15M-26OCT042015-15,0.0190,1.00,no
2026-10-05T00:13:40.2072Z,KXNEAR15M-26OCT042015-15,0.0160,1.00,no
2026-10-05T00:13:40.684565Z,KXNEAR15M-26OCT042015-15,0.0220,1.00,yes
2026-10-05T00:13:40.684565Z,KXNEAR15M-26OCT042015-15,0.0230,19.00,yes
2026-10-05T00:13:40.684565Z,KXNEAR15M-26OCT042015-15,0.0230,0.06,yes
2026-10-05T00:13:42.03064Z,KXNEAR15M-26OCT042015-15,0.0160,1.00,no
2026-10-05T00:13:42.03064Z,KXNEAR15M-26OCT042015-15,0.0160,0.03,no
2026-10-05T00:13:42.03064Z,KXNEAR15M-26OCT042015-15,0.0160,3.00,no
2026-10-05T00:13:42.03064Z,KXNEAR15M-26OCT042015-15,0.0160,3.00,no
2026-10-05T00:13:42.135486Z,KXNEAR15M-26OCT042015-15,0.0250,0.10,yes
2026-10-05T00:13:42.135486Z,KXNEAR15M-26OCT042015-15,0.0470,3.00,yes
2026-10-05T00:13:42.135486Z,KXNEAR15M-26OCT042015-15,0.0240,4.00,yes
2026-10-05T00:13:42.135486Z,KXNEAR15M-26OCT042015-15,0.0270,0.07,yes
2026-10-05T00:13:42.135486Z,KXNEAR15M-26OCT042015-15,0.0360,8.00,yes
2026-10-05T00:13:42.135486Z,KXNEAR15M-26OCT042015-15,0.0410,32.00,yes
2026-10-05T00:13:42.135486Z,KXNEAR15M-26OCT042015-15,0.0260,1.00,yes
2026-10-05T00:13:42.135486Z,KXNEAR15M-26OCT042015-15,0.0260,0.07,yes
2026-10-05T00:13:42.135486Z,KXNEAR15M-26OCT042015-15,0.0230,1.00,yes
2026-10-05T00:13:42.135486Z,KXNEAR15M-26OCT042015-15,0.0370,5.00,yes
2026-10-05T00:13:42.135486Z,KXNEAR15M-26OCT042015-15,0.0280,0.09,yes
2026-10-05T00:13:42.135486Z,KXNEAR15M-26OCT042015-15,0.0390,14.00,yes
2026-10-05T00:13:42.135486Z,KXNEAR15M-26OCT042015-15,0.0270,1.54,yes
2026-10-05T00:13:42.136312Z,KXNEAR15M-26OCT042015-15,0.0640,30.00,yes
2026-10-05T00:13:42.136312Z,KXNEAR15M-26OCT042015-15,0.0900,8.00,yes
2026-10-05T00:13:42.136312Z,KXNEAR15M-26OCT042015-15,0.0700,10.00,yes
2026-10-05T00:13:42.136312Z,KXNEAR15M-26OCT042015-15,0.0960,30.00,yes
2026-10-05T00:13:42.136312Z,KXNEAR15M-26OCT042015-15,0.0900,30.00,yes
2026-10-05T00:13:42.136312Z,KXNEAR15M-26OCT042015-15,0.0700,30.00,yes
2026-10-05T00:13:42.136312Z,KXNEAR15M-26OCT042015-15,0.0760,30.00,yes
2026-10-05T00:13:42.136312Z,KXNEAR15M-26OCT042015-15,0.0820,30.00,yes
2026-10-05T00:13:42.144884Z,KXNEAR15M-26OCT042015-15,0.0950,7.00,yes
2026-10-05T00:13:42.144884Z,KXNEAR15M-26OCT042015-15,0.0360,8.00,yes
2026-10-05T00:13:42.144884Z,KXNEAR15M-26OCT042015-15,0.1000,12.00,yes
2026-10-05T00:13:42.144884Z,KXNEAR15M-26OCT042015-15,0.0570,63.00,yes
2026-10-05T00:13:42.145169Z,KXNEAR15M-26OCT042015-15,0.1000,82.00,yes
2026-10-05T00:13:42.245827Z,KXNEAR15M-26OCT042015-15,0.0690,1.00,yes
2026-10-05T00:13:43.199901Z,KXNEAR15M-26OCT042015-15,0.1100,5.00,yes
2026-10-05T00:13:43.93195Z,KXNEAR15M-26OCT042015-15,0.0840,22.00,no
2026-10-05T00:13:43.93195Z,KXNEAR15M-26OCT042015-15,0.0850,40.00,no
2026-10-05T00:13:43.93195Z,KXNEAR15M-26OCT042015-15,0.0850,3.00,no
2026-10-05T00:13:44.657189Z,KXNEAR15M-26OCT042015-15,0.0990,3.00,yes
2026-10-05T00:13:44.65838Z,KXNEAR15M-26OCT042015-15,0.0990,91.79,yes
2026-10-05T00:13:44.658669Z,KXNEAR15M-26OCT042015-15,0.0990,0.03,yes
2026-10-05T00:13:44.658669Z,KXNEAR15M-26OCT042015-15,0.0990,9.21,yes
2026-10-05T00:13:44.659124Z,KXNEAR15M-26OCT042015-15,0.1000,0.03,yes
2026-10-05T00:13:44.659124Z,KXNEAR15M-26OCT042015-15,0.1000,1.00,yes
2026-10-05T00:13:44.659124Z,KXNEAR15M-26OCT042015-15,0.1000,7.00,yes
2026-10-05T00:13:44.659124Z,KXNEAR15M-26OCT042015-15,0.1200,6.00,yes
2026-10-05T00:13:44.659124Z,KXNEAR15M-26OCT042015-15,0.1300,0.03,yes
2026-10-05T00:13:44.659124Z,KXNEAR15M-26OCT042015-15,0.1100,9.00,yes
2026-10-05T00:13:44.659124Z,KXNEAR15M-26OCT042015-15,0.1200,0.03,yes
2026-10-05T00:13:44.659124Z,KXNEAR15M-26OCT042015-15,0.1100,0.03,yes
2026-10-05T00:13:44.659124Z,KXNEAR15M-26OCT042015-15,0.1100,25.00,yes
2026-10-05T00:13:44.659124Z,KXNEAR15M-26OCT042015-15,0.1200,30.00,yes
2026-10-05T00:13:44.659124Z,KXNEAR15M-26OCT042015-15,0.1300,30.00,yes
2026-10-05T00:13:44.769191Z,KXNEAR15M-26OCT042015-15,0.1300,23.00,yes
2026-10-05T00:13:44.769191Z,KXNEAR15M-26OCT042015-15,0.1400,2.00,yes
2026-10-05T00:13:44.98057Z,KXNEAR15M-26OCT042015-15,0.1400,7.00,yes
2026-10-05T00:13:44.98057Z,KXNEAR15M-26OCT042015-15,0.1400,0.03,yes
2026-10-05T00:13:44.98057Z,KXNEAR15M-26OCT042015-15,0.1400,28.00,yes
2026-10-05T00:13:44.981665Z,KXNEAR15M-26OCT042015-15,0.1500,0.03,yes
2026-10-05T00:13:44.981665Z,KXNEAR15M-26OCT042015-15,0.1500,30.00,yes
2026-10-05T00:13:45.069097Z,KXNEAR15M-26OCT042015-15,0.1800,0.03,yes
2026-10-05T00:13:45.069097Z,KXNEAR15M-26OCT042015-15,0.1700,0.03,yes
2026-10-05T00:13:45.069097Z,KXNEAR15M-26OCT042015-15,0.1900,7.00,yes
2026-10-05T00:13:45.069097Z,KXNEAR15M-26OCT042015-15,0.1600,0.03,yes
2026-10-05T00:13:45.069097Z,KXNEAR15M-26OCT042015-15,0.1800,5.00,yes
2026-10-05T00:13:45.069097Z,KXNEAR15M-26OCT042015-15,0.1900,0.03,yes
2026-10-05T00:13:45.069097Z,KXNEAR15M-26OCT042015-15,0.1900,30.00,yes
2026-10-05T00:13:45.069097Z,KXNEAR15M-26OCT042015-15,0.1800,30.00,yes
2026-10-05T00:13:45.069097Z,KXNEAR15M-26OCT042015-15,0.1700,30.00,yes
2026-10-05T00:13:45.069097Z,KXNEAR15M-26OCT042015-15,0.2000,29.88,yes
2026-10-05T00:13:45.069097Z,KXNEAR15M-26OCT042015-15,0.1600,30.00,yes
2026-10-05T00:13:45.286267Z,KXNEAR15M-26OCT042015-15,0.1900,1.00,no
2026-10-05T00:13:45.489846Z,KXNEAR15M-26OCT042015-15,0.1900,6.00,no
2026-10-05T00:13:45.49736Z,KXNEAR15M-26OCT042015-15,0.1900,1.00,no
2026-10-05T00:13:46.355733Z,KXNEAR15M-26OCT042015-15,0.2100,30.00,yes
2026-10-05T00:13:46.355733Z,KXNEAR15M-26OCT042015-15,0.2000,0.12,yes
2026-10-05T00:13:46.355733Z,KXNEAR15M-26OCT042015-15,0.2200,30.00,yes
2026-10-05T00:13:46.356275Z,KXNEAR15M-26OCT042015-15,0.2300,4.00,yes
2026-10-05T00:13:46.356275Z,KXNEAR15M-26OCT042015-15,0.2300,0.03,yes
2026-10-05T00:13:46.356275Z,KXNEAR15M-26OCT042015-15,0.2300,30.00,yes
2026-10-05T00:13:46.356559Z,KXNEAR15M-26OCT042015-15,0.2400,0.03,yes
2026-10-05T00:13:46.356559Z,KXNEAR15M-26OCT042015-15,0.2400,2.00,yes
2026-10-05T00:13:46.356559Z,KXNEAR15M-26OCT042015-15,0.2400,8.00,yes
2026-10-05T00:13:46.356559Z,KXNEAR15M-26OCT042015-15,0.2500,0.09,yes
2026-10-05T00:13:46.356559Z,KXNEAR15M-26OCT042015-15,0.2400,30.00,yes
2026-10-05T00:13:46.356559Z,KXNEAR15M-26OCT042015-15,0.2500,30.00,yes
2026-10-05T00:13:46.366327Z,KXNEAR15M-26OCT042015-15,0.2500,0.03,yes
2026-10-05T00:13:46.376555Z,KXNEAR15M-26OCT042015-15,0.2500,50.00,no
2026-10-05T00:13:46.378196Z,KXNEAR15M-26OCT042015-15,0.2500,49.00,yes
2026-10-05T00:13:46.386417Z,KXNEAR15M-26OCT042015-15,0.2500,8.00,yes
2026-10-05T00:13:46.720083Z,KXNEAR15M-26OCT042015-15,0.1900,60.00,no
2026-10-05T00:13:46.720083Z,KXNEAR15M-26OCT042015-15,0.2000,8.00,no
2026-10-05T00:13:46.720083Z,KXNEAR15M-26OCT042015-15,0.2100,56.00,no
2026-10-05T00:13:46.720083Z,KXNEAR15M-26OCT042015-15,0.2100,0.03,no
2026-10-05T00:13:46.720083Z,KXNEAR15M-26OCT042015-15,0.2000,0.03,no
2026-10-05T00:13:46.720083Z,KXNEAR15M-26OCT042015-15,0.1900,22.00,no
2026-10-05T00:13:46.720083Z,KXNEAR15M-26OCT042015-15,0.1600,21.88,no
2026-10-05T00:13:46.720083Z,KXNEAR15M-26OCT042015-15,0.1800,30.00,no
2026-10-05T00:13:46.720083Z,KXNEAR15M-26OCT042015-15,0.1700,30.00,no
2026-10-05T00:13:46.720083Z,KXNEAR15M-26OCT042015-15,0.1900,0.03,no
2026-10-05T00:13:46.720083Z,KXNEAR15M-26OCT042015-15,0.1700,0.03,no
2026-10-05T00:13:46.720083Z,KXNEAR15M-26OCT042015-15,0.1800,0.03,no
2026-10-05T00:13:47.047551Z,KXNEAR15M-26OCT042015-15,0.2200,12.58,no
2026-10-05T00:13:47.807108Z,KXNEAR15M-26OCT042015-15,0.2300,10.00,yes
2026-10-05T00:13:47.940934Z,KXNEAR15M-26OCT042015-15,0.2200,5.00,no
2026-10-05T00:13:47.940934Z,KXNEAR15M-26OCT042015-15,0.2200,17.42,no
2026-10-05T00:13:47.942971Z,KXNEAR15M-26OCT042015-15,0.2100,0.03,no
2026-10-05T00:13:47.942971Z,KXNEAR15M-26OCT042015-15,0.2100,30.00,no
2026-10-05T00:13:47.945727Z,KXNEAR15M-26OCT042015-15,0.2000,3.00,no
2026-10-05T00:13:47.945727Z,KXNEAR15M-26OCT042015-15,0.2000,0.03,no
2026-10-05T00:13:47.945727Z,KXNEAR15M-26OCT042015-15,0.2000,30.00,no
2026-10-05T00:13:48.34811Z,KXNEAR15M-26OCT042015-15,0.2000,0.03,yes
2026-10-05T00:13:48.34811Z,KXNEAR15M-26OCT042015-15,0.2100,0.03,yes
2026-10-05T00:13:48.34811Z,KXNEAR15M-26OCT042015-15,0.2500,0.03,yes
2026-10-05T00:13:48.34811Z,KXNEAR15M-26OCT042015-15,0.2300,0.03,yes
2026-10-05T00:13:48.34811Z,KXNEAR15M-26OCT042015-15,0.2200,0.03,yes
2026-10-05T00:13:48.34811Z,KXNEAR15M-26OCT042015-15,0.2000,8.00,yes
2026-10-05T00:13:48.34811Z,KXNEAR15M-26OCT042015-15,0.2300,100.00,yes
2026-10-05T00:13:48.34811Z,KXNEAR15M-26OCT042015-15,0.2500,100.00,yes
2026-10-05T00:13:48.360699Z,KXNEAR15M-26OCT042015-15,0.2000,8.00,yes
2026-10-05T00:13:49.845366Z,KXNEAR15M-26OCT042015-15,0.2000,0.03,no
2026-10-05T00:13:49.845366Z,KXNEAR15M-26OCT042015-15,0.2000,8.00,no
2026-10-05T00:13:49.845366Z,KXNEAR15M-26OCT042015-15,0.2000,12.00,no
2026-10-05T00:13:49.845366Z,KXNEAR15M-26OCT042015-15,0.1900,12.81,no
2026-10-05T00:13:51.17835Z,KXNEAR15M-26OCT042015-15,0.1800,0.36,no
2026-10-05T00:13:51.203357Z,KXNEAR15M-26OCT042015-15,0.1700,30.00,no
2026-10-05T00:13:51.203357Z,KXNEAR15M-26OCT042015-15,0.1700,0.03,no
2026-10-05T00:13:51.203357Z,KXNEAR15M-26OCT042015-15,0.1800,7.00,no
2026-10-05T00:13:51.203357Z,KXNEAR15M-26OCT042015-15,0.1700,19.80,no
2026-10-05T00:13:51.203357Z,KXNEAR15M-26OCT042015-15,0.1800,1.64,no
2026-10-05T00:13:51.462961Z,KXNEAR15M-26OCT042015-15,0.2200,0.01,yes
2026-10-05T00:13:51.462961Z,KXNEAR15M-26OCT042015-15,0.2200,0.03,yes
2026-10-05T00:13:51.462961Z,KXNEAR15M-26OCT042015-15,0.2000,0.03,yes
2026-10-05T00:13:51.462961Z,KXNEAR15M-26OCT042015-15,0.2100,0.03,yes
2026-10-05T00:13:51.462961Z,KXNEAR15M-26OCT042015-15,0.2300,0.03,yes
2026-10-05T00:13:51.462961Z,KXNEAR15M-26OCT042015-15,0.1900,3.00,yes
2026-10-05T00:13:51.462961Z,KXNEAR15M-26OCT042015-15,0.2000,2.00,yes
2026-10-05T00:13:51.462961Z,KXNEAR15M-26OCT042015-15,0.1800,1.00,yes
2026-10-05T00:13:51.462961Z,KXNEAR15M-26OCT042015-15,0.1900,2.00,yes
2026-10-05T00:13:51.462961Z,KXNEAR15M-26OCT042015-15,0.2300,0.05,yes
2026-10-05T00:13:51.462961Z,KXNEAR15M-26OCT042015-15,0.2200,0.04,yes
2026-10-05T00:13:51.462961Z,KXNEAR15M-26OCT042015-15,0.2000,3.00,yes
2026-10-05T00:13:51.462961Z,KXNEAR15M-26OCT042015-15,0.2500,5.86,yes
2026-10-05T00:13:51.462961Z,KXNEAR15M-26OCT042015-15,0.2100,4.00,yes
2026-10-05T00:13:52.55362Z,KXNEAR15M-26OCT042015-15,0.1900,1.00,no
2026-10-05T00:13:52.55362Z,KXNEAR15M-26OCT042015-15,0.2000,6.00,no
2026-10-05T00:13:52.55362Z,KXNEAR15M-26OCT042015-15,0.1900,3.00,no
2026-10-05T00:13:52.55362Z,KXNEAR15M-26OCT042015-15,0.1800,20.18,no
2026-10-05T00:13:52.55362Z,KXNEAR15M-26OCT042015-15,0.1900,0.03,no
2026-10-05T00:13:52.886974Z,KXNEAR15M-26OCT042015-15,0.1600,6.00,no
2026-10-05T00:13:52.886974Z,KXNEAR15M-26OCT042015-15,0.1700,0.03,no
2026-10-05T00:13:52.886974Z,KXNEAR15M-26OCT042015-15,0.1800,4.00,no
2026-10-05T00:13:52.886974Z,KXNEAR15M-26OCT042015-15,0.1800,7.00,no
2026-10-05T00:13:52.886974Z,KXNEAR15M-26OCT042015-15,0.1700,30.00,no
2026-10-05T00:13:52.886974Z,KXNEAR15M-26OCT042015-15,0.1800,0.03,no
2026-10-05T00:13:52.886974Z,KXNEAR15M-26OCT042015-15,0.1800,9.82,no
2026-10-05T00:13:52.886974Z,KXNEAR15M-26OCT042015-15,0.1600,30.00,no
2026-10-05T00:13:52.886974Z,KXNEAR15M-26OCT042015-15,0.1500,0.03,no
2026-10-05T00:13:52.886974Z,KXNEAR15M-26OCT042015-15,0.1500,30.00,no
2026-10-05T00:13:52.886974Z,KXNEAR15M-26OCT042015-15,0.1600,0.03,no
2026-10-05T00:13:52.886974Z,KXNEAR15M-26OCT042015-15,0.1700,5.00,no
2026-10-05T00:13:52.886974Z,KXNEAR15M-26OCT042015-15,0.1500,63.96,no
2026-10-05T00:13:52.886974Z,KXNEAR15M-26OCT042015-15,0.1700,46.20,no
2026-10-05T00:13:53.074857Z,KXNEAR15M-26OCT042015-15,0.1600,0.47,no
2026-10-05T00:13:53.593221Z,KXNEAR15M-26OCT042015-15,0.1500,9.04,no
2026-10-05T00:13:53.593221Z,KXNEAR15M-26OCT042015-15,0.1500,47.24,no
2026-10-05T00:13:54.02332Z,KXNEAR15M-26OCT042015-15,0.1900,0.05,yes
2026-10-05T00:13:54.02332Z,KXNEAR15M-26OCT042015-15,0.2000,5.00,yes
2026-10-05T00:13:54.02332Z,KXNEAR15M-26OCT042015-15,0.2300,0.06,yes
2026-10-05T00:13:54.02332Z,KXNEAR15M-26OCT042015-15,0.2000,0.04,yes
2026-10-05T00:13:54.02332Z,KXNEAR15M-26OCT042015-15,0.2400,1.00,yes
2026-10-05T00:13:54.02332Z,KXNEAR15M-26OCT042015-15,0.2100,5.00,yes
2026-10-05T00:13:54.02332Z,KXNEAR15M-26OCT042015-15,0.2500,1.00,yes
2026-10-05T00:13:54.02332Z,KXNEAR15M-26OCT042015-15,0.2100,0.04,yes
2026-10-05T00:13:54.02332Z,KXNEAR15M-26OCT042015-15,0.2500,4.51,yes
2026-10-05T00:13:54.02332Z,KXNEAR15M-26OCT042015-15,0.1900,4.00,yes
2026-10-05T00:13:54.02332Z,KXNEAR15M-26OCT042015-15,0.1800,4.00,yes
2026-10-05T00:13:54.150912Z,KXNEAR15M-26OCT042015-15,0.1700,16.48,no
2026-10-05T00:13:54.891676Z,KXNEAR15M-26OCT042015-15,0.2200,0.06,yes
2026-10-05T00:13:54.891676Z,KXNEAR15M-26OCT042015-15,0.2300,52.00,yes
2026-10-05T00:13:54.891676Z,KXNEAR15M-26OCT042015-15,0.2400,0.03,yes
2026-10-05T00:13:54.891676Z,KXNEAR15M-26OCT042015-15,0.2500,16.39,yes
2026-10-05T00:13:54.891676Z,KXNEAR15M-26OCT042015-15,0.2400,4.00,yes
2026-10-05T00:13:54.891676Z,KXNEAR15M-26OCT042015-15,0.2300,0.03,yes
2026-10-05T00:13:54.891676Z,KXNEAR15M-26OCT042015-15,0.2200,8.00,yes
2026-10-05T00:13:55.863403Z,KXNEAR15M-26OCT042015-15,0.2000,3.00,no
2026-10-05T00:13:55.863403Z,KXNEAR15M-26OCT042015-15,0.1900,2.83,no
2026-10-05T00:13:55.863403Z,KXNEAR15M-26OCT042015-15,0.2000,1.00,no
2026-10-05T00:13:55.863403Z,KXNEAR15M-26OCT042015-15,0.2000,0.03,no
2026-10-05T00:13:56.434204Z,KXNEAR15M-26OCT042015-15,0.1800,7.00,no
2026-10-05T00:13:56.434204Z,KXNEAR15M-26OCT042015-15,0.1900,0.03,no
2026-10-05T00:13:56.434204Z,KXNEAR15M-26OCT042015-15,0.1800,1.00,no
2026-10-05T00:13:56.434204Z,KXNEAR15M-26OCT042015-15,0.1800,0.03,no
2026-10-05T00:13:56.434204Z,KXNEAR15M-26OCT042015-15,0.1700,3.55,no
2026-10-05T00:13:56.715881Z,KXNEAR15M-26OCT042015-15,0.2000,9.00,no
2026-10-05T00:13:56.823258Z,KXNEAR15M-26OCT042015-15,0.2100,3.00,no
2026-10-05T00:13:57.118184Z,KXNEAR15M-26OCT042015-15,0.2000,1.00,no
2026-10-05T00:13:57.118184Z,KXNEAR15M-26OCT042015-15,0.2000,0.03,no
2026-10-05T00:13:57.118184Z,KXNEAR15M-26OCT042015-15,0.2000,8.00,no
2026-10-05T00:13:57.242346Z,KXNEAR15M-26OCT042015-15,0.2000,7.03,yes
2026-10-05T00:13:57.884974Z,KXNEAR15M-26OCT042015-15,0.1900,8.00,no
2026-10-05T00:13:57.884974Z,KXNEAR15M-26OCT042015-15,0.1800,2.00,no
2026-10-05T00:13:57.884974Z,KXNEAR15M-26OCT042015-15,0.1600,5.00,no
2026-10-05T00:13:57.884974Z,KXNEAR15M-26OCT042015-15,0.1600,0.91,no
2026-10-05T00:13:57.884974Z,KXNEAR15M-26OCT042015-15,0.1700,6.00,no
2026-10-05T00:13:57.884974Z,KXNEAR15M-26OCT042015-15,0.1900,2.00,no
2026-10-05T00:13:57.884974Z,KXNEAR15M-26OCT042015-15,0.1700,0.03,no
2026-10-05T00:13:57.925145Z,KXNEAR15M-26OCT042015-15,0.2000,0.61,yes
2026-10-05T00:13:57.955797Z,KXNEAR15M-26OCT042015-15,0.1800,2.41,no
2026-10-05T00:13:58.154522Z,KXNEAR15M-26OCT042015-15,0.2000,8.33,yes
2026-10-05T00:13:58.154522Z,KXNEAR15M-26OCT042015-15,0.2200,6.01,yes
2026-10-05T00:13:58.154522Z,KXNEAR15M-26OCT042015-15,0.2100,8.00,yes
2026-10-05T00:13:58.154631Z,KXNEAR15M-26OCT042015-15,0.2200,0.05,yes
2026-10-05T00:13:58.154631Z,KXNEAR15M-26OCT042015-15,0.2200,0.03,yes
2026-10-05T00:13:58.154631Z,KXNEAR15M-26OCT042015-15,0.2200,47.99,yes
2026-10-05T00:13:58.155935Z,KXNEAR15M-26OCT042015-15,0.2300,0.03,yes
2026-10-05T00:13:58.155935Z,KXNEAR15M-26OCT042015-15,0.2400,0.03,yes
2026-10-05T00:13:58.155935Z,KXNEAR15M-26OCT042015-15,0.2300,0.05,yes
2026-10-05T00:13:58.155935Z,KXNEAR15M-26OCT042015-15,0.2400,0.05,yes
2026-10-05T00:13:58.155935Z,KXNEAR15M-26OCT042015-15,0.2400,51.00,yes
2026-10-05T00:13:58.156906Z,KXNEAR15M-26OCT042015-15,0.2500,0.06,yes
2026-10-05T00:13:58.156906Z,KXNEAR15M-26OCT042015-15,0.2500,1.00,yes
2026-10-05T00:13:58.156906Z,KXNEAR15M-26OCT042015-15,0.2600,0.06,yes
2026-10-05T00:13:58.156906Z,KXNEAR15M-26OCT042015-15,0.2600,30.00,yes
2026-10-05T00:13:58.210278Z,KXNEAR15M-26OCT042015-15,0.2700,0.03,yes
2026-10-05T00:13:58.210278Z,KXNEAR15M-26OCT042015-15,0.2700,47.00,yes
2026-10-05T00:13:58.210278Z,KXNEAR15M-26OCT042015-15,0.2700,0.06,yes
2026-10-05T00:13:58.210278Z,KXNEAR15M-26OCT042015-15,0.2700,30.00,yes
2026-10-05T00:13:58.210507Z,KXNEAR15M-26OCT042015-15,0.2800,0.03,yes
2026-10-05T00:13:58.210507Z,KXNEAR15M-26OCT042015-15,0.2800,32.94,yes
2026-10-05T00:13:58.210507Z,KXNEAR15M-26OCT042015-15,0.2800,0.06,yes
2026-10-05T00:13:58.210507Z,KXNEAR15M-26OCT042015-15,0.2800,30.00,yes
2026-10-05T00:13:58.215606Z,KXNEAR15M-26OCT042015-15,0.2800,4.00,yes
2026-10-05T00:13:58.215606Z,KXNEAR15M-26OCT042015-15,0.2800,13.06,yes
2026-10-05T00:13:58.215606Z,KXNEAR15M-26OCT042015-15,0.2800,30.00,yes
2026-10-05T00:13:58.234458Z,KXNEAR15M-26OCT042015-15,0.2800,43.00,yes
2026-10-05T00:13:58.234458Z,KXNEAR15M-26OCT042015-15,0.2800,3.00,yes
2026-10-05T00:13:58.249916Z,KXNEAR15M-26OCT042015-15,0.2700,50.00,no
2026-10-05T00:13:58.334865Z,KXNEAR15M-26OCT042015-15,0.2700,27.00,no
2026-10-05T00:13:58.784688Z,KXNEAR15M-26OCT042015-15,0.2700,6.72,no
2026-10-05T00:13:59.728155Z,KXNEAR15M-26OCT042015-15,0.2700,13.28,no
2026-10-05T00:13:59.728155Z,KXNEAR15M-26OCT042015-15,0.2700,13.74,no
2026-10-05T00:13:59.740113Z,KXNEAR15M-26OCT042015-15,0.2700,11.12,no
2026-10-05T00:14:00.323849Z,KXNEAR15M-26OCT042015-15,0.2200,0.03,no
2026-10-05T00:14:00.323849Z,KXNEAR15M-26OCT042015-15,0.2100,30.00,no
2026-10-05T00:14:00.323849Z,KXNEAR15M-26OCT042015-15,0.2300,52.00,no
2026-10-05T00:14:00.323849Z,KXNEAR15M-26OCT042015-15,0.2300,7.00,no
2026-10-05T00:14:00.323849Z,KXNEAR15M-26OCT042015-15,0.2200,30.00,no
2026-10-05T00:14:00.323849Z,KXNEAR15M-26OCT042015-15,0.2100,0.03,no
2026-10-05T00:14:00.323849Z,KXNEAR15M-26OCT042015-15,0.2300,0.03,no
2026-10-05T00:14:00.323849Z,KXNEAR15M-26OCT042015-15,0.2500,50.00,no
2026-10-05T00:14:00.324164Z,KXNEAR15M-26OCT042015-15,0.2000,30.00,no
2026-10-05T00:14:00.324164Z,KXNEAR15M-26OCT042015-15,0.2000,0.03,no
2026-10-05T00:14:00.324665Z,KXNEAR15M-26OCT042015-15,0.1600,0.03,no
2026-10-05T00:14:00.324665Z,KXNEAR15M-26OCT042015-15,0.1600,600.00,no
2026-10-05T00:14:00.383864Z,KXNEAR15M-26OCT042015-15,0.1600,59.00,no
2026-10-05T00:14:00.383864Z,KXNEAR15M-26OCT042015-15,0.1700,16.00,no
2026-10-05T00:14:00.528223Z,KXNEAR15M-26OCT042015-15,0.1300,0.03,no
2026-10-05T00:14:00.528223Z,KXNEAR15M-26OCT042015-15,0.1600,0.03,no
2026-10-05T00:14:00.528223Z,KXNEAR15M-26OCT042015-15,0.1500,0.03,no
2026-10-05T00:14:00.528223Z,KXNEAR15M-26OCT042015-15,0.1100,18.37,no
2026-10-05T00:14:00.528223Z,KXNEAR15M-26OCT042015-15,0.1700,0.03,no
2026-10-05T00:14:00.528223Z,KXNEAR15M-26OCT042015-15,0.1400,0.03,no
2026-10-05T00:14:00.528223Z,KXNEAR15M-26OCT042015-15,0.1200,0.03,no
2026-10-05T00:14:00.528223Z,KXNEAR15M-26OCT042015-15,0.1100,0.03,no
2026-10-05T00:14:00.528223Z,KXNEAR15M-26OCT042015-15,0.1200,1.42,no
2026-10-05T00:14:00.528228Z,KXNEAR15M-26OCT042015-15,0.1100,19.00,no
2026-10-05T00:14:00.528318Z,KXNEAR15M-26OCT042015-15,0.1100,19.00,no
2026-10-05T00:14:00.528381Z,KXNEAR15M-26OCT042015-15,0.1100,14.00,no
2026-10-05T00:14:00.891851Z,KXNEAR15M-26OCT042015-15,0.0820,4.00,no
2026-10-05T00:14:01.941932Z,KXNEAR15M-26OCT042015-15,0.1200,0.03,yes
2026-10-05T00:14:01.941932Z,KXNEAR15M-26OCT042015-15,0.1100,0.03,yes
2026-10-05T00:14:01.941932Z,KXNEAR15M-26OCT042015-15,0.1300,31.04,yes
2026-10-05T00:14:01.941932Z,KXNEAR15M-26OCT042015-15,0.1200,5.00,yes
2026-10-05T00:14:01.941932Z,KXNEAR15M-26OCT042015-15,0.1100,95.00,yes
2026-10-05T00:14:01.941932Z,KXNEAR15M-26OCT042015-15,0.1200,8.00,yes
2026-10-05T00:14:01.960382Z,KXNEAR15M-26OCT042015-15,0.0410,51.83,no
2026-10-05T00:14:02.252121Z,KXNEAR15M-26OCT042015-15,0.1100,8.54,yes
2026-10-05T00:14:02.635968Z,KXNEAR15M-26OCT042015-15,0.0280,5.00,no
2026-10-05T00:14:02.637407Z,KXNEAR15M-26OCT042015-15,0.0240,0.03,no
2026-10-05T00:14:02.637407Z,KXNEAR15M-26OCT042015-15,0.0240,42.00,no
2026-10-05T00:14:02.804523Z,KXNEAR15M-26OCT042015-15,0.0110,68.80,no
2026-10-05T00:14:03.581053Z,KXNEAR15M-26OCT042015-15,0.0440,100.00,no
2026-10-05T00:14:03.581053Z,KXNEAR15M-26OCT042015-15,0.0440,104.00,no
2026-10-05T00:14:03.581053Z,KXNEAR15M-26OCT042015-15,0.0450,104.00,no
2026-10-05T00:14:03.586872Z,KXNEAR15M-26OCT042015-15,0.0380,192.00,yes
2026-10-05T00:14:03.753064Z,KXNEAR15M-26OCT042015-15,0.0890,5.00,no
2026-10-05T00:14:04.127922Z,KXNEAR15M-26OCT042015-15,0.0690,3.00,no
2026-10-05T00:14:04.127922Z,KXNEAR15M-26OCT042015-15,0.0890,0.03,no
2026-10-05T00:14:04.127922Z,KXNEAR15M-26OCT042015-15,0.0680,7.43,no
2026-10-05T00:14:04.784662Z,KXNEAR15M-26OCT042015-15,0.0310,30.00,no
2026-10-05T00:14:06.071966Z,KXNEAR15M-26OCT042015-15,0.0310,0.03,no
2026-10-05T00:14:06.071966Z,KXNEAR15M-26OCT042015-15,0.0310,4.00,no
2026-10-05T00:14:06.071966Z,KXNEAR15M-26OCT042015-15,0.0300,25.45,no
2026-10-05T00:14:06.439233Z,KXNEAR15M-26OCT042015-15,0.0210,41.77,no
2026-10-05T00:14:06.439233Z,KXNEAR15M-26OCT042015-15,0.0310,4.00,no
2026-10-05T00:14:06.439233Z,KXNEAR15M-26OCT042015-15,0.0570,35.00,no
2026-10-05T00:14:06.439233Z,KXNEAR15M-26OCT042015-15,0.0570,0.03,no
2026-10-05T00:14:06.439233Z,KXNEAR15M-26OCT042015-15,0.0580,31.00,no
2026-10-05T00:14:06.439233Z,KXNEAR15M-26OCT042015-15,0.0300,174.55,no
2026-10-05T00:14:06.439233Z,KXNEAR15M-26OCT042015-15,0.0300,0.03,no
2026-10-05T00:14:06.584221Z,KXNEAR15M-26OCT042015-15,0.0580,0.03,no
2026-10-05T00:14:06.584221Z,KXNEAR15M-26OCT042015-15,0.0270,5.00,no
2026-10-05T00:14:06.584221Z,KXNEAR15M-26OCT042015-15,0.0230,13.81,no
2026-10-05T00:14:06.584221Z,KXNEAR15M-26OCT042015-15,0.0260,87.00,no
2026-10-05T00:14:07.007074Z,KXNEAR15M-26OCT042015-15,0.0230,2.00,no
2026-10-05T00:14:07.220844Z,KXNEAR15M-26OCT042015-15,0.0510,1.13,yes
2026-10-05T00:14:07.23244Z,KXNEAR15M-26OCT042015-15,0.0230,0.03,no
2026-10-05T00:14:07.23244Z,KXNEAR15M-26OCT042015-15,0.0230,4.00,no
2026-10-05T00:14:07.927889Z,KXNEAR15M-26OCT042015-15,0.0450,104.00,yes
2026-10-05T00:14:07.927889Z,KXNEAR15M-26OCT042015-15,0.0460,40.97,yes
2026-10-05T00:14:07.927889Z,KXNEAR15M-26OCT042015-15,0.0450,0.03,yes
2026-10-05T00:14:07.927889Z,KXNEAR15M-26OCT042015-15,0.0450,7.00,yes
2026-10-05T00:14:09.110149Z,KXNEAR15M-26OCT042015-15,0.0090,6.00,no
2026-10-05T00:14:09.116493Z,KXNEAR15M-26OCT042015-15,0.0090,0.03,no
2026-10-05T00:14:09.173111Z,KXNEAR15M-26OCT042015-15,0.0380,1.11,yes
2026-10-05T00:14:09.720374Z,KXNEAR15M-26OCT042015-15,0.0090,0.03,no
2026-10-05T00:14:09.729217Z,KXNEAR15M-26OCT042015-15,0.0080,4.97,no
2026-10-05T00:14:09.729217Z,KXNEAR15M-26OCT042015-15,0.0080,0.03,no
2026-10-05T00:14:10.215239Z,KXNEAR15M-26OCT042015-15,0.0070,0.02,no
2026-10-05T00:14:10.215239Z,KXNEAR15M-26OCT042015-15,0.0070,0.03,no
2026-10-05T00:14:10.215239Z,KXNEAR15M-26OCT042015-15,0.0070,5.00,no
2026-10-05T00:14:10.215239Z,KXNEAR15M-26OCT042015-15,0.0070,3.00,no
2026-10-05T00:14:10.799778Z,KXNEAR15M-26OCT042015-15,0.0330,1.00,yes
2026-10-05T00:14:11.043753Z,KXNEAR15M-26OCT042015-15,0.0080,1.00,no
2026-10-05T00:14:11.091394Z,KXNEAR15M-26OCT042015-15,0.0330,28.38,yes
2026-10-05T00:14:11.126326Z,KXNEAR15M-26OCT042015-15,0.0330,1.69,yes
2026-10-05T00:14:11.182612Z,KXNEAR15M-26OCT042015-15,0.0330,56.76,yes
2026-10-05T00:14:11.664414Z,KXNEAR15M-26OCT042015-15,0.0080,0.97,no
2026-10-05T00:14:11.664414Z,KXNEAR15M-26OCT042015-15,0.0080,0.03,no
2026-10-05T00:14:11.664414Z,KXNEAR15M-26OCT042015-15,0.0080,4.00,no
2026-10-05T00:14:12.117256Z,KXNEAR15M-26OCT042015-15,0.0110,3.00,no
2026-10-05T00:14:12.808929Z,KXNEAR15M-26OCT042015-15,0.0070,1.00,no
2026-10-05T00:14:12.950992Z,KXNEAR15M-26OCT042015-15,0.0290,25.00,yes
2026-10-05T00:14:13.52914Z,KXNEAR15M-26OCT042015-15,0.0060,4.00,no
2026-10-05T00:14:13.618221Z,KXNEAR15M-26OCT042015-15,0.0290,0.03,yes
2026-10-05T00:14:13.618221Z,KXNEAR15M-26OCT042015-15,0.0500,52.00,yes
2026-10-05T00:14:13.618221Z,KXNEAR15M-26OCT042015-15,0.0310,0.03,yes
2026-10-05T00:14:13.618221Z,KXNEAR15M-26OCT042015-15,0.0320,0.03,yes
2026-10-05T00:14:13.618221Z,KXNEAR15M-26OCT042015-15,0.0300,0.03,yes
2026-10-05T00:14:13.618221Z,KXNEAR15M-26OCT042015-15,0.0310,104.00,yes
2026-10-05T00:14:13.618221Z,KXNEAR15M-26OCT042015-15,0.0300,6.00,yes
2026-10-05T00:14:13.618221Z,KXNEAR15M-26OCT042015-15,0.0290,79.00,yes
2026-10-05T00:14:13.618221Z,KXNEAR15M-26OCT042015-15,0.0320,10.45,yes
2026-10-05T00:14:13.618221Z,KXNEAR15M-26OCT042015-15,0.0620,4.69,yes
2026-10-05T00:14:13.618221Z,KXNEAR15M-26OCT042015-15,0.0370,0.03,yes
2026-10-05T00:14:13.618221Z,KXNEAR15M-26OCT042015-15,0.0370,62.00,yes
2026-10-05T00:14:14.44679Z,KXNEAR15M-26OCT042015-15,0.0120,6.00,no
2026-10-05T00:14:14.793306Z,KXNEAR15M-26OCT042015-15,0.0120,0.03,no
2026-10-05T00:14:14.793306Z,KXNEAR15M-26OCT042015-15,0.0120,4.00,no
2026-10-05T00:14:14.793306Z,KXNEAR15M-26OCT042015-15,0.0120,7.00,no
2026-10-05T00:14:14.793306Z,KXNEAR15M-26OCT042015-15,0.0110,3.91,no
2026-10-05T00:14:14.793306Z,KXNEAR15M-26OCT042015-15,0.0130,6.00,no
2026-10-05T00:14:14.793306Z,KXNEAR15M-26OCT042015-15,0.0130,0.03,no
2026-10-05T00:14:14.793306Z,KXNEAR15M-26OCT042015-15,0.0140,0.03,no
2026-10-05T00:14:14.793306Z,KXNEAR15M-26OCT042015-15,0.0140,29.00,no
2026-10-05T00:14:15.281805Z,KXNEAR15M-26OCT042015-15,0.0110,6.00,no
2026-10-05T00:14:16.08247Z,KXNEAR15M-26OCT042015-15,0.0120,4.00,no
2026-10-05T00:14:16.08247Z,KXNEAR15M-26OCT042015-15,0.0120,0.03,no
2026-10-05T00:14:16.09098Z,KXNEAR15M-26OCT042015-15,0.0120,4.00,no
2026-10-05T00:14:16.776757Z,KXNEAR15M-26OCT042015-15,0.0100,0.58,no
2026-10-05T00:14:16.776757Z,KXNEAR15M-26OCT042015-15,0.0100,0.03,no
2026-10-05T00:14:17.788327Z,KXNEAR15M-26OCT042015-15,0.0090,16.00,no
2026-10-05T00:14:17.796818Z,KXNEAR15M-26OCT042015-15,0.0090,2.00,no
2026-10-05T00:14:17.868047Z,KXNEAR15M-26OCT042015-15,0.0250,36.00,yes
2026-10-05T00:14:17.98577Z,KXNEAR15M-26OCT042015-15,0.0090,8.00,no
2026-10-05T00:14:18.150097Z,KXNEAR15M-26OCT042015-15,0.0100,3.00,no
2026-10-05T00:14:18.255756Z,KXNEAR15M-26OCT042015-15,0.0090,6.00,no
2026-10-05T00:14:18.355468Z,KXNEAR15M-26OCT042015-15,0.0090,6.00,no
2026-10-05T00:14:18.457268Z,KXNEAR15M-26OCT042015-15,0.0090,1.00,no
2026-10-05T00:14:18.605604Z,KXNEAR15M-26OCT042015-15,0.0090,7.00,no
2026-10-05T00:14:18.704112Z,KXNEAR15M-26OCT042015-15,0.0090,7.00,no
2026-10-05T00:14:18.903796Z,KXNEAR15M-26OCT042015-15,0.0070,30.98,no
2026-10-05T00:14:18.903796Z,KXNEAR15M-26OCT042015-15,0.0080,0.03,no
2026-10-05T00:14:18.903796Z,KXNEAR15M-26OCT042015-15,0.0080,5.00,no
2026-10-05T00:14:18.903796Z,KXNEAR15M-26OCT042015-15,0.0090,0.03,no
2026-10-05T00:14:18.903796Z,KXNEAR15M-26OCT042015-15,0.0070,0.03,no
2026-10-05T00:14:18.903796Z,KXNEAR15M-26OCT042015-15,0.0090,51.00,no
2026-10-05T00:14:20.215531Z,KXNEAR15M-26OCT042015-15,0.0100,5.00,yes
2026-10-05T00:14:20.215531Z,KXNEAR15M-26OCT042015-15,0.0100,2.00,yes
2026-10-05T00:14:20.215531Z,KXNEAR15M-26OCT042015-15,0.0100,0.03,yes
2026-10-05T00:14:20.215531Z,KXNEAR15M-26OCT042015-15,0.0100,5.00,yes
2026-10-05T00:14:20.215531Z,KXNEAR15M-26OCT042015-15,0.0090,0.03,yes
2026-10-05T00:14:20.225939Z,KXNEAR15M-26OCT042015-15,0.0100,1.00,no
2026-10-05T00:14:20.2298Z,KXNEAR15M-26OCT042015-15,0.0100,40.36,no
2026-10-05T00:14:20.239325Z,KXNEAR15M-26OCT042015-15,0.0100,40.36,no
2026-10-05T00:14:20.276788Z,KXNEAR15M-26OCT042015-15,0.0100,2.00,no
2026-10-05T00:14:20.380694Z,KXNEAR15M-26OCT042015-15,0.0100,4.00,no
2026-10-05T00:14:20.39829Z,KXNEAR15M-26OCT042015-15,0.0100,0.22,no
2026-10-05T00:14:20.431725Z,KXNEAR15M-26OCT042015-15,0.0050,0.03,no
2026-10-05T00:14:20.438883Z,KXNEAR15M-26OCT042015-15,0.0050,2.00,no
2026-10-05T00:14:20.543508Z,KXNEAR15M-26OCT042015-15,0.0030,9.00,no
2026-10-05T00:14:20.543508Z,KXNEAR15M-26OCT042015-15,0.0040,6.00,no
2026-10-05T00:14:20.543508Z,KXNEAR15M-26OCT042015-15,0.0030,8.00,no
2026-10-05T00:14:20.543508Z,KXNEAR15M-26OCT042015-15,0.0040,0.03,no
2026-10-05T00:14:20.543508Z,KXNEAR15M-26OCT042015-15,0.0030,0.03,no
2026-10-05T00:14:21.304204Z,KXNEAR15M-26OCT042015-15,0.0050,20.00,yes
2026-10-05T00:14:21.456068Z,KXNEAR15M-26OCT042015-15,0.0010,9.59,no
2026-10-05T00:14:21.456068Z,KXNEAR15M-26OCT042015-15,0.0020,200.00,no
2026-10-05T00:14:21.456068Z,KXNEAR15M-26OCT042015-15,0.0020,10.00,no
2026-10-05T00:14:21.456068Z,KXNEAR15M-26OCT042015-15,0.0020,19.00,no
2026-10-05T00:14:21.456068Z,KXNEAR15M-26OCT042015-15,0.0020,104.00,no
2026-10-05T00:14:21.456068Z,KXNEAR15M-26OCT042015-15,0.0030,8.00,no
2026-10-05T00:14:21.456068Z,KXNEAR15M-26OCT042015-15,0.0020,0.03,no
2026-10-05T00:14:21.456068Z,KXNEAR15M-26OCT042015-15,0.0030,0.03,no
2026-10-05T00:14:21.744239Z,KXNEAR15M-26OCT042015-15,0.0020,11.00,yes
2026-10-05T00:14:21.744239Z,KXNEAR15M-26OCT042015-15,0.0030,47.77,yes
2026-10-05T00:14:21.744239Z,KXNEAR15M-26OCT042015-15,0.0030,10.00,yes
2026-10-05T00:14:21.744239Z,KXNEAR15M-26OCT042015-15,0.0020,0.03,yes
2026-10-05T00:14:21.960237Z,KXNEAR15M-26OCT042015-15,0.0040,16.00,yes
2026-10-05T00:14:21.960237Z,KXNEAR15M-26OCT042015-15,0.0050,0.03,yes
2026-10-05T00:14:21.960237Z,KXNEAR15M-26OCT042015-15,0.0050,104.00,yes
2026-10-05T00:14:21.960237Z,KXNEAR15M-26OCT042015-15,0.0040,0.03,yes
2026-10-05T00:14:21.960237Z,KXNEAR15M-26OCT042015-15,0.0050,83.00,yes
2026-10-05T00:14:21.960237Z,KXNEAR15M-26OCT042015-15,0.0030,56.23,yes
2026-10-05T00:14:21.960237Z,KXNEAR15M-26OCT042015-15,0.0070,244.09,yes
2026-10-05T00:14:21.960237Z,KXNEAR15M-26OCT042015-15,0.0030,0.03,yes
2026-10-05T00:14:21.960237Z,KXNEAR15M-26OCT042015-15,0.0040,9.59,yes
2026-10-05T00:14:21.960237Z,KXNEAR15M-26OCT042015-15,0.0040,1.00,yes
2026-10-05T00:14:22.061271Z,KXNEAR15M-26OCT042015-15,0.0020,17.00,no
2026-10-05T00:14:22.066042Z,KXNEAR15M-26OCT042015-15,0.0020,2.00,no
2026-10-05T00:14:22.124771Z,KXNEAR15M-26OCT042015-15,0.0020,5.00,no
2026-10-05T00:14:22.222698Z,KXNEAR15M-26OCT042015-15,0.0020,2.00,no
2026-10-05T00:14:22.424264Z,KXNEAR15M-26OCT042015-15,0.0070,16.48,yes
2026-10-05T00:14:22.506423Z,KXNEAR15M-26OCT042015-15,0.0070,10.46,yes
2026-10-05T00:14:22.660836Z,KXNEAR15M-26OCT042015-15,0.0020,12.00,no
2026-10-05T00:14:22.76787Z,KXNEAR15M-26OCT042015-15,0.0020,39.00,no
2026-10-05T00:14:23.006687Z,KXNEAR15M-26OCT042015-15,0.0020,15.00,no
2026-10-05T00:14:23.015309Z,KXNEAR15M-26OCT042015-15,0.0020,2.00,no
2026-10-05T00:14:23.120718Z,KXNEAR15M-26OCT042015-15,0.0020,2.00,no
2026-10-05T00:14:23.120718Z,KXNEAR15M-26OCT042015-15,0.0020,10.00,no
2026-10-05T00:14:23.120718Z,KXNEAR15M-26OCT042015-15,0.0020,77.00,no
2026-10-05T00:14:23.120718Z,KXNEAR15M-26OCT042015-15,0.0020,71.03,no
2026-10-05T00:14:24.341261Z,KXNEAR15M-26OCT042015-15,0.0010,3.00,no
2026-10-05T00:14:24.537643Z,KXNEAR15M-26OCT042015-15,0.0020,105.84,yes
2026-10-05T00:14:24.724709Z,KXNEAR15M-26OCT042015-15,0.0020,45.00,yes
2026-10-05T00:14:25.326001Z,KXNEAR15M-26OCT042015-15,0.0020,2.41,yes
2026-10-05T00:14:27.505791Z,KXNEAR15M-26OCT042015-15,0.0020,458.01,yes
2026-10-05T00:14:28.188804Z,KXNEAR15M-26OCT042015-15,0.0010,100.09,no
2026-10-05T00:14:29.153429Z,KXNEAR15M-26OCT042015-15,0.0010,1.00,no
2026-10-05T00:14:29.153429Z,KXNEAR15M-26OCT042015-15,0.0010,87.32,no
2026-10-05T00:14:29.153429Z,KXNEAR15M-26OCT042015-15,0.0010,80.00,no
2026-10-05T00:14:29.153429Z,KXNEAR15M-26OCT042015-15,0.0010,1.00,no
2026-10-05T00:14:29.153429Z,KXNEAR15M-26OCT042015-15,0.0010,10.00,no
2026-10-05T00:14:29.153429Z,KXNEAR15M-26OCT042015-15,0.0010,20.68,no
2026-10-05T00:14:30.50221Z,KXNEAR15M-26OCT042015-15,0.0010,104.00,yes
2026-10-05T00:14:30.50221Z,KXNEAR15M-26OCT042015-15,0.0010,36.19,yes
2026-10-05T00:14:30.942602Z,KXNEAR15M-26OCT042015-15,0.0010,12.51,yes
2026-10-05T00:14:33.058194Z,KXNEAR15M-26OCT042015-15,0.0010,22.30,yes
2026-10-05T00:14:33.058194Z,KXNEAR15M-26OCT042015-15,0.0020,426.98,yes
2026-10-05T00:14:33.058194Z,KXNEAR15M-26OCT042015-15,0.0020,493.71,yes
2026-10-05T00:14:53.790157Z,KXNEAR15M-26OCT042015-15,0.0010,2.40,yes
2026-10-05T00:14:56.220983Z,KXNEAR15M-26OCT042015-15,0.0010,47.14,yes
2026-10-05T00:12:40.327057Z,KXXRP15M-26OCT042015-15,0.0210,9.96,no
2026-10-05T00:12:40.432313Z,KXXRP15M-26OCT042015-15,0.0210,10.04,no
2026-10-05T00:12:40.623427Z,KXXRP15M-26OCT042015-15,0.0180,25.00,no
2026-10-05T00:12:40.623427Z,KXXRP15M-26OCT042015-15,0.0200,27.00,no
2026-10-05T00:12:40.623427Z,KXXRP15M-26OCT042015-15,0.0180,7.00,no
2026-10-05T00:12:40.623427Z,KXXRP15M-26OCT042015-15,0.0170,7.71,no
2026-10-05T00:12:41.86749Z,KXXRP15M-26OCT042015-15,0.0180,34.00,yes
2026-10-05T00:12:41.86749Z,KXXRP15M-26OCT042015-15,0.0190,13.37,yes
2026-10-05T00:12:42.930067Z,KXXRP15M-26OCT042015-15,0.0170,17.00,no
2026-10-05T00:12:43.137308Z,KXXRP15M-26OCT042015-15,0.0280,1.00,yes
2026-10-05T00:12:43.137308Z,KXXRP15M-26OCT042015-15,0.0290,1.00,yes
2026-10-05T00:12:43.137308Z,KXXRP15M-26OCT042015-15,0.0250,3.00,yes
2026-10-05T00:12:43.137308Z,KXXRP15M-26OCT042015-15,0.0250,71.85,yes
2026-10-05T00:12:43.137308Z,KXXRP15M-26OCT042015-15,0.0300,7.50,yes
2026-10-05T00:12:43.137308Z,KXXRP15M-26OCT042015-15,0.0300,5.00,yes
2026-10-05T00:12:43.137308Z,KXXRP15M-26OCT042015-15,0.0300,290.70,yes
2026-10-05T00:12:43.137308Z,KXXRP15M-26OCT042015-15,0.0260,1.00,yes
2026-10-05T00:12:43.137308Z,KXXRP15M-26OCT042015-15,0.0230,5.00,yes
2026-10-05T00:12:43.137308Z,KXXRP15M-26OCT042015-15,0.0290,1.00,yes
2026-10-05T00:12:43.137308Z,KXXRP15M-26OCT042015-15,0.0180,18.00,yes
2026-10-05T00:12:43.137308Z,KXXRP15M-26OCT042015-15,0.0190,8.00,yes
2026-10-05T00:12:43.137308Z,KXXRP15M-26OCT042015-15,0.0200,0.05,yes
2026-10-05T00:12:43.137308Z,KXXRP15M-26OCT042015-15,0.0260,34.00,yes
2026-10-05T00:12:43.137308Z,KXXRP15M-26OCT042015-15,0.0210,0.06,yes
2026-10-05T00:12:43.137308Z,KXXRP15M-26OCT042015-15,0.0220,5.00,yes
2026-10-05T00:12:43.137308Z,KXXRP15M-26OCT042015-15,0.0200,13.00,yes
2026-10-05T00:12:43.137308Z,KXXRP15M-26OCT042015-15,0.0190,11.63,yes
2026-10-05T00:12:43.137308Z,KXXRP15M-26OCT042015-15,0.0240,10.00,yes
2026-10-05T00:12:43.137308Z,KXXRP15M-26OCT042015-15,0.0250,7.50,yes
2026-10-05T00:12:43.137308Z,KXXRP15M-26OCT042015-15,0.0240,0.05,yes
2026-10-05T00:12:43.137308Z,KXXRP15M-26OCT042015-15,0.0210,3.00,yes
2026-10-05T00:12:43.137308Z,KXXRP15M-26OCT042015-15,0.0210,5.00,yes
2026-10-05T00:12:43.137308Z,KXXRP15M-26OCT042015-15,0.0290,20.00,yes
2026-10-05T00:12:43.313747Z,KXXRP15M-26OCT042015-15,0.0180,1.00,no
2026-10-05T00:12:43.313819Z,KXXRP15M-26OCT042015-15,0.0170,2.00,no
2026-10-05T00:12:43.313819Z,KXXRP15M-26OCT042015-15,0.0180,22.00,no
2026-10-05T00:12:43.313819Z,KXXRP15M-26OCT042015-15,0.0180,9.00,no
2026-10-05T00:12:43.313819Z,KXXRP15M-26OCT042015-15,0.0180,7.00,no
2026-10-05T00:12:43.314834Z,KXXRP15M-26OCT042015-15,0.0170,17.00,no
2026-10-05T00:12:43.315156Z,KXXRP15M-26OCT042015-15,0.0170,5.00,no
2026-10-05T00:12:43.331847Z,KXXRP15M-26OCT042015-15,0.0170,5.00,no
2026-10-05T00:12:43.331847Z,KXXRP15M-26OCT042015-15,0.0180,7.00,no
2026-10-05T00:12:43.332967Z,KXXRP15M-26OCT042015-15,0.0170,8.00,no
2026-10-05T00:12:43.478791Z,KXXRP15M-26OCT042015-15,0.0170,10.00,no
2026-10-05T00:12:43.793045Z,KXXRP15M-26OCT042015-15,0.0170,3.62,no
2026-10-05T00:12:44.224701Z,KXXRP15M-26OCT042015-15,0.0170,4.00,no
2026-10-05T00:12:44.329193Z,KXXRP15M-26OCT042015-15,0.0170,3.00,no
2026-10-05T00:12:44.385224Z,KXXRP15M-26OCT042015-15,0.0170,10.00,no
2026-10-05T00:12:44.432191Z,KXXRP15M-26OCT042015-15,0.0170,1.00,no
2026-10-05T00:12:45.052316Z,KXXRP15M-26OCT042015-15,0.0270,1.00,yes
2026-10-05T00:12:45.052316Z,KXXRP15M-26OCT042015-15,0.0260,26.00,yes
2026-10-05T00:12:45.052316Z,KXXRP15M-26OCT042015-15,0.0190,5.00,yes
2026-10-05T00:12:45.052316Z,KXXRP15M-26OCT042015-15,0.0180,3.00,yes
2026-10-05T00:12:45.052316Z,KXXRP15M-26OCT042015-15,0.0210,40.00,yes
2026-10-05T00:12:45.052316Z,KXXRP15M-26OCT042015-15,0.0270,1.00,yes
2026-10-05T00:12:45.052316Z,KXXRP15M-26OCT042015-15,0.0210,40.00,yes
2026-10-05T00:12:45.052316Z,KXXRP15M-26OCT042015-15,0.0230,0.05,yes
2026-10-05T00:12:45.052316Z,KXXRP15M-26OCT042015-15,0.0280,10.00,yes
2026-10-05T00:12:45.052316Z,KXXRP15M-26OCT042015-15,0.0180,59.00,yes
2026-10-05T00:12:45.052316Z,KXXRP15M-26OCT042015-15,0.0300,126.13,yes
2026-10-05T00:12:45.052316Z,KXXRP15M-26OCT042015-15,0.0250,7.50,yes
2026-10-05T00:12:45.052316Z,KXXRP15M-26OCT042015-15,0.0230,5.00,yes
2026-10-05T00:12:45.052316Z,KXXRP15M-26OCT042015-15,0.0290,17.00,yes
2026-10-05T00:12:45.052316Z,KXXRP15M-26OCT042015-15,0.0240,5.00,yes
2026-10-05T00:12:45.102179Z,KXXRP15M-26OCT042015-15,0.0170,20.00,no
2026-10-05T00:12:45.805438Z,KXXRP15M-26OCT042015-15,0.0180,5.00,no
2026-10-05T00:12:45.805438Z,KXXRP15M-26OCT042015-15,0.0170,147.00,no
2026-10-05T00:12:46.066669Z,KXXRP15M-26OCT042015-15,0.0180,8.00,no
2026-10-05T00:12:46.077372Z,KXXRP15M-26OCT042015-15,0.0190,10.00,yes
2026-10-05T00:12:46.077372Z,KXXRP15M-26OCT042015-15,0.0190,5.00,yes
2026-10-05T00:12:46.077372Z,KXXRP15M-26OCT042015-15,0.0190,12.00,yes
2026-10-05T00:12:46.077372Z,KXXRP15M-26OCT042015-15,0.0200,15.00,yes
2026-10-05T00:12:46.077372Z,KXXRP15M-26OCT042015-15,0.0190,2.00,yes
2026-10-05T00:12:46.077372Z,KXXRP15M-26OCT042015-15,0.0200,16.00,yes
2026-10-05T00:12:46.077372Z,KXXRP15M-26OCT042015-15,0.0200,8.00,yes
2026-10-05T00:12:46.077372Z,KXXRP15M-26OCT042015-15,0.0200,25.71,yes
2026-10-05T00:12:46.082224Z,KXXRP15M-26OCT042015-15,0.0170,2.03,no
2026-10-05T00:12:46.086701Z,KXXRP15M-26OCT042015-15,0.0130,19.00,no
2026-10-05T00:12:46.086701Z,KXXRP15M-26OCT042015-15,0.0170,5.00,no
2026-10-05T00:12:46.086701Z,KXXRP15M-26OCT042015-15,0.0170,9.00,no
2026-10-05T00:12:46.086701Z,KXXRP15M-26OCT042015-15,0.0160,5.00,no
2026-10-05T00:12:46.086701Z,KXXRP15M-26OCT042015-15,0.0130,7.00,no
2026-10-05T00:12:46.086701Z,KXXRP15M-26OCT042015-15,0.0170,4.00,no
2026-10-05T00:12:46.086701Z,KXXRP15M-26OCT042015-15,0.0170,28.30,no
2026-10-05T00:12:46.086701Z,KXXRP15M-26OCT042015-15,0.0160,15.00,no
2026-10-05T00:12:46.086701Z,KXXRP15M-26OCT042015-15,0.0120,156.48,no
2026-10-05T00:12:46.22356Z,KXXRP15M-26OCT042015-15,0.0190,11.00,no
2026-10-05T00:12:46.22356Z,KXXRP15M-26OCT042015-15,0.0180,18.00,no
2026-10-05T00:12:46.227752Z,KXXRP15M-26OCT042015-15,0.0190,6.00,no
2026-10-05T00:12:46.252893Z,KXXRP15M-26OCT042015-15,0.0130,5.00,no
2026-10-05T00:12:46.252893Z,KXXRP15M-26OCT042015-15,0.0180,11.00,no
2026-10-05T00:12:46.252893Z,KXXRP15M-26OCT042015-15,0.0130,7.00,no
2026-10-05T00:12:46.252893Z,KXXRP15M-26OCT042015-15,0.0140,5.00,no
2026-10-05T00:12:46.252893Z,KXXRP15M-26OCT042015-15,0.0120,32.00,no
2026-10-05T00:12:46.630032Z,KXXRP15M-26OCT042015-15,0.0140,45.00,no
2026-10-05T00:12:46.943831Z,KXXRP15M-26OCT042015-15,0.0170,1.12,yes
2026-10-05T00:12:48.230387Z,KXXRP15M-26OCT042015-15,0.0170,1.00,yes
2026-10-05T00:12:48.49947Z,KXXRP15M-26OCT042015-15,0.0170,0.10,yes
2026-10-05T00:12:48.695406Z,KXXRP15M-26OCT042015-15,0.0160,2.00,no
2026-10-05T00:12:48.695406Z,KXXRP15M-26OCT042015-15,0.0160,3.00,no
2026-10-05T00:12:48.695406Z,KXXRP15M-26OCT042015-15,0.0150,1.08,no
2026-10-05T00:12:49.301287Z,KXXRP15M-26OCT042015-15,0.0130,7.00,no
2026-10-05T00:12:49.301287Z,KXXRP15M-26OCT042015-15,0.0150,26.92,no
2026-10-05T00:12:49.301287Z,KXXRP15M-26OCT042015-15,0.0150,6.00,no
2026-10-05T00:12:49.301287Z,KXXRP15M-26OCT042015-15,0.0120,16.65,no
2026-10-05T00:12:50.28785Z,KXXRP15M-26OCT042015-15,0.0150,0.10,no
2026-10-05T00:12:52.229908Z,KXXRP15M-26OCT042015-15,0.0120,30.00,no
2026-10-05T00:12:52.239155Z,KXXRP15M-26OCT042015-15,0.0120,6.00,no
2026-10-05T00:12:52.247799Z,KXXRP15M-26OCT042015-15,0.0120,3.00,no
2026-10-05T00:12:52.670777Z,KXXRP15M-26OCT042015-15,0.0120,62.71,no
2026-10-05T00:12:52.670777Z,KXXRP15M-26OCT042015-15,0.0120,37.47,no
2026-10-05T00:12:53.145301Z,KXXRP15M-26OCT042015-15,0.0130,3.00,yes
2026-10-05T00:12:53.55651Z,KXXRP15M-26OCT042015-15,0.0150,12.48,yes
2026-10-05T00:12:56.511204Z,KXXRP15M-26OCT042015-15,0.0140,12.04,yes
2026-10-05T00:12:56.938772Z,KXXRP15M-26OCT042015-15,0.0140,79.38,yes
2026-10-05T00:12:56.938772Z,KXXRP15M-26OCT042015-15,0.0140,1.96,yes
2026-10-05T00:12:57.699483Z,KXXRP15M-26OCT042015-15,0.0120,2.53,no
2026-10-05T00:12:57.699483Z,KXXRP15M-26OCT042015-15,0.0110,7.67,no
2026-10-05T00:12:57.699483Z,KXXRP15M-26OCT042015-15,0.0130,14.00,no
2026-10-05T00:12:57.699483Z,KXXRP15M-26OCT042015-15,0.0130,65.00,no
2026-10-05T00:12:57.699483Z,KXXRP15M-26OCT042015-15,0.0130,12.00,no
2026-10-05T00:12:58.329575Z,KXXRP15M-26OCT042015-15,0.0120,0.11,no
2026-10-05T00:12:58.329575Z,KXXRP15M-26OCT042015-15,0.0120,5.00,no
2026-10-05T00:12:58.66634Z,KXXRP15M-26OCT042015-15,0.0130,0.10,yes
2026-10-05T00:12:58.66634Z,KXXRP15M-26OCT042015-15,0.0140,53.67,yes
2026-10-05T00:12:58.66634Z,KXXRP15M-26OCT042015-15,0.0130,14.00,yes
2026-10-05T00:12:59.37906Z,KXXRP15M-26OCT042015-15,0.0140,32.74,yes
2026-10-05T00:13:00.009435Z,KXXRP15M-26OCT042015-15,0.0110,4.00,no
2026-10-05T00:13:00.080414Z,KXXRP15M-26OCT042015-15,0.0110,17.85,no
2026-10-05T00:13:00.18903Z,KXXRP15M-26OCT042015-15,0.0110,28.52,no
2026-10-05T00:13:00.18903Z,KXXRP15M-26OCT042015-15,0.0110,2.00,no
2026-10-05T00:13:00.18903Z,KXXRP15M-26OCT042015-15,0.0110,2.00,no
2026-10-05T00:13:00.18903Z,KXXRP15M-26OCT042015-15,0.0110,1.00,no
2026-10-05T00:13:00.18903Z,KXXRP15M-26OCT042015-15,0.0110,10.00,no
2026-10-05T00:13:00.18903Z,KXXRP15M-26OCT042015-15,0.0110,20.00,no
2026-10-05T00:13:00.18903Z,KXXRP15M-26OCT042015-15,0.0110,141.48,no
2026-10-05T00:13:00.18903Z,KXXRP15M-26OCT042015-15,0.0110,40.00,no
2026-10-05T00:13:00.335132Z,KXXRP15M-26OCT042015-15,0.0110,2.00,no
2026-10-05T00:13:00.544137Z,KXXRP15M-26OCT042015-15,0.0110,69.48,no
2026-10-05T00:13:00.544137Z,KXXRP15M-26OCT042015-15,0.0110,7.52,no
2026-10-05T00:13:00.825209Z,KXXRP15M-26OCT042015-15,0.0110,0.52,no
2026-10-05T00:13:00.825209Z,KXXRP15M-26OCT042015-15,0.0110,12.48,no
2026-10-05T00:13:00.925921Z,KXXRP15M-26OCT042015-15,0.0110,0.17,no
2026-10-05T00:13:01.030033Z,KXXRP15M-26OCT042015-15,0.0110,1.00,no
2026-10-05T00:13:01.030033Z,KXXRP15M-26OCT042015-15,0.0110,0.31,no
2026-10-05T00:13:01.030033Z,KXXRP15M-26OCT042015-15,0.0100,22.16,no
2026-10-05T00:13:01.030033Z,KXXRP15M-26OCT042015-15,0.0110,0.21,no
2026-10-05T00:13:01.030033Z,KXXRP15M-26OCT042015-15,0.0110,8.00,no
2026-10-05T00:13:01.030033Z,KXXRP15M-26OCT042015-15,0.0110,1.20,no
2026-10-05T00:13:01.030033Z,KXXRP15M-26OCT042015-15,0.0110,1.05,no
2026-10-05T00:13:01.030033Z,KXXRP15M-26OCT042015-15,0.0110,1.07,no
2026-10-05T00:13:01.042244Z,KXXRP15M-26OCT042015-15,0.0100,28.84,no
2026-10-05T00:13:01.042244Z,KXXRP15M-26OCT042015-15,0.0100,13.16,no
2026-10-05T00:13:01.056323Z,KXXRP15M-26OCT042015-15,0.0100,12.00,no
2026-10-05T00:13:01.069662Z,KXXRP15M-26OCT042015-15,0.0100,97.56,no
2026-10-05T00:13:03.064682Z,KXXRP15M-26OCT042015-15,0.0110,16.00,yes
2026-10-05T00:13:03.064682Z,KXXRP15M-26OCT042015-15,0.0110,9.50,yes
2026-10-05T00:13:03.343524Z,KXXRP15M-26OCT042015-15,0.0110,16.00,yes
2026-10-05T00:13:03.343524Z,KXXRP15M-26OCT042015-15,0.0110,0.47,yes
2026-10-05T00:13:03.473589Z,KXXRP15M-26OCT042015-15,0.0100,1.00,no
2026-10-05T00:13:03.473589Z,KXXRP15M-26OCT042015-15,0.0100,40.00,no
2026-10-05T00:13:03.473589Z,KXXRP15M-26OCT042015-15,0.0100,177.28,no
2026-10-05T00:13:03.473589Z,KXXRP15M-26OCT042015-15,0.0100,112.19,no
2026-10-05T00:13:03.473589Z,KXXRP15M-26OCT042015-15,0.0110,8.00,no
2026-10-05T00:13:03.473589Z,KXXRP15M-26OCT042015-15,0.0110,3.53,no
2026-10-05T00:13:03.473589Z,KXXRP15M-26OCT042015-15,0.0110,8.00,no
2026-10-05T00:13:03.800005Z,KXXRP15M-26OCT042015-15,0.0110,1.00,yes
2026-10-05T00:13:03.948466Z,KXXRP15M-26OCT042015-15,0.0100,11.00,no
2026-10-05T00:13:03.979648Z,KXXRP15M-26OCT042015-15,0.0100,200.00,no
2026-10-05T00:13:04.082597Z,KXXRP15M-26OCT042015-15,0.0100,45.00,no
2026-10-05T00:13:04.189549Z,KXXRP15M-26OCT042015-15,0.0100,5.38,no
2026-10-05T00:13:04.189549Z,KXXRP15M-26OCT042015-15,0.0100,2.38,no
2026-10-05T00:13:04.189549Z,KXXRP15M-26OCT042015-15,0.0100,18.27,no
2026-10-05T00:13:04.189549Z,KXXRP15M-26OCT042015-15,0.0100,20.00,no
2026-10-05T00:13:04.189549Z,KXXRP15M-26OCT042015-15,0.0100,31.81,no
2026-10-05T00:13:04.287415Z,KXXRP15M-26OCT042015-15,0.0100,31.17,no
2026-10-05T00:13:04.287415Z,KXXRP15M-26OCT042015-15,0.0100,20.71,no
2026-10-05T00:13:04.287415Z,KXXRP15M-26OCT042015-15,0.0100,5.00,no
2026-10-05T00:13:04.287415Z,KXXRP15M-26OCT042015-15,0.0100,5.88,no
2026-10-05T00:13:04.287415Z,KXXRP15M-26OCT042015-15,0.0100,18.06,no
2026-10-05T00:13:04.287415Z,KXXRP15M-26OCT042015-15,0.0100,5.00,no
2026-10-05T00:13:04.287415Z,KXXRP15M-26OCT042015-15,0.0100,57.80,no
2026-10-05T00:13:04.287415Z,KXXRP15M-26OCT042015-15,0.0100,2.00,no
2026-10-05T00:13:04.580044Z,KXXRP15M-26OCT042015-15,0.0100,0.91,yes
2026-10-05T00:13:05.182396Z,KXXRP15M-26OCT042015-15,0.0100,100.00,yes
2026-10-05T00:13:05.313057Z,KXXRP15M-26OCT042015-15,0.0050,11.00,no
2026-10-05T00:13:05.313057Z,KXXRP15M-26OCT042015-15,0.0040,1.00,no
2026-10-05T00:13:05.313057Z,KXXRP15M-26OCT042015-15,0.0040,436.25,no
2026-10-05T00:13:05.313057Z,KXXRP15M-26OCT042015-15,0.0060,40.00,no
2026-10-05T00:13:05.313057Z,KXXRP15M-26OCT042015-15,0.0070,40.00,no
2026-10-05T00:13:05.313057Z,KXXRP15M-26OCT042015-15,0.0090,40.00,no
2026-10-05T00:13:05.313057Z,KXXRP15M-26OCT042015-15,0.0080,40.00,no
2026-10-05T00:13:05.313057Z,KXXRP15M-26OCT042015-15,0.0040,40.00,no
2026-10-05T00:13:05.313057Z,KXXRP15M-26OCT042015-15,0.0050,40.00,no
2026-10-05T00:13:05.313057Z,KXXRP15M-26OCT042015-15,0.0060,54.00,no
2026-10-05T00:13:05.313057Z,KXXRP15M-26OCT042015-15,0.0050,7.50,no
2026-10-05T00:13:05.313057Z,KXXRP15M-26OCT042015-15,0.0070,9.00,no
2026-10-05T00:13:05.313057Z,KXXRP15M-26OCT042015-15,0.0080,5.00,no
2026-10-05T00:13:05.313057Z,KXXRP15M-26OCT042015-15,0.0090,25.00,no
2026-10-05T00:13:05.313057Z,KXXRP15M-26OCT042015-15,0.0090,23.00,no
2026-10-05T00:13:05.313057Z,KXXRP15M-26OCT042015-15,0.0090,4.00,no
2026-10-05T00:13:05.313057Z,KXXRP15M-26OCT042015-15,0.0090,8.00,no
2026-10-05T00:13:05.313057Z,KXXRP15M-26OCT042015-15,0.0070,5.00,no
2026-10-05T00:13:05.313057Z,KXXRP15M-26OCT042015-15,0.0070,400.00,no
2026-10-05T00:13:05.313057Z,KXXRP15M-26OCT042015-15,0.0050,40.00,no
2026-10-05T00:13:05.313057Z,KXXRP15M-26OCT042015-15,0.0050,6.00,no
2026-10-05T00:13:05.313057Z,KXXRP15M-26OCT042015-15,0.0060,2.00,no
2026-10-05T00:13:05.313057Z,KXXRP15M-26OCT042015-15,0.0050,5.00,no
2026-10-05T00:13:06.10307Z,KXXRP15M-26OCT042015-15,0.0080,69.00,no
2026-10-05T00:13:06.306316Z,KXXRP15M-26OCT042015-15,0.0070,14.09,no
2026-10-05T00:13:06.306316Z,KXXRP15M-26OCT042015-15,0.0070,16.00,no
2026-10-05T00:13:06.903582Z,KXXRP15M-26OCT042015-15,0.0080,35.00,yes
2026-10-05T00:13:06.903582Z,KXXRP15M-26OCT042015-15,0.0090,48.91,yes
2026-10-05T00:13:06.903582Z,KXXRP15M-26OCT042015-15,0.0080,20.00,yes
2026-10-05T00:13:06.997645Z,KXXRP15M-26OCT042015-15,0.0070,3.00,no
2026-10-05T00:13:08.103372Z,KXXRP15M-26OCT042015-15,0.0090,4.00,yes
2026-10-05T00:13:08.136744Z,KXXRP15M-26OCT042015-15,0.0090,8.00,yes
2026-10-05T00:13:08.144942Z,KXXRP15M-26OCT042015-15,0.0090,4.00,yes
2026-10-05T00:13:08.604673Z,KXXRP15M-26OCT042015-15,0.0080,41.00,no
2026-10-05T00:13:08.604673Z,KXXRP15M-26OCT042015-15,0.0080,58.00,no
2026-10-05T00:13:09.382813Z,KXXRP15M-26OCT042015-15,0.0080,2.00,yes
2026-10-05T00:13:10.22673Z,KXXRP15M-26OCT042015-15,0.0080,72.00,yes
2026-10-05T00:13:10.237871Z,KXXRP15M-26OCT042015-15,0.0080,1.00,yes
2026-10-05T00:13:10.247522Z,KXXRP15M-26OCT042015-15,0.0080,7.00,yes
2026-10-05T00:13:10.254487Z,KXXRP15M-26OCT042015-15,0.0080,3.00,yes
2026-10-05T00:13:10.338106Z,KXXRP15M-26OCT042015-15,0.0080,9.00,yes
2026-10-05T00:13:10.345172Z,KXXRP15M-26OCT042015-15,0.0080,3.00,yes
2026-10-05T00:13:11.907804Z,KXXRP15M-26OCT042015-15,0.0070,1.00,no
2026-10-05T00:13:12.563585Z,KXXRP15M-26OCT042015-15,0.0060,21.00,no
2026-10-05T00:13:12.563585Z,KXXRP15M-26OCT042015-15,0.0070,16.00,no
2026-10-05T00:13:12.563585Z,KXXRP15M-26OCT042015-15,0.0060,5.00,no
2026-10-05T00:13:12.563585Z,KXXRP15M-26OCT042015-15,0.0060,16.00,no
2026-10-05T00:13:12.563585Z,KXXRP15M-26OCT042015-15,0.0060,27.00,no
2026-10-05T00:13:12.563585Z,KXXRP15M-26OCT042015-15,0.0050,1.00,no
2026-10-05T00:13:12.608641Z,KXXRP15M-26OCT042015-15,0.0060,49.29,no
2026-10-05T00:13:12.843346Z,KXXRP15M-26OCT042015-15,0.0060,24.00,yes
2026-10-05T00:13:12.843346Z,KXXRP15M-26OCT042015-15,0.0060,0.67,yes
2026-10-05T00:13:13.160009Z,KXXRP15M-26OCT042015-15,0.0050,15.61,no
2026-10-05T00:13:13.160224Z,KXXRP15M-26OCT042015-15,0.0050,40.00,no
2026-10-05T00:13:13.160224Z,KXXRP15M-26OCT042015-15,0.0050,31.39,no
2026-10-05T00:13:13.160224Z,KXXRP15M-26OCT042015-15,0.0050,27.00,no
2026-10-05T00:13:13.160224Z,KXXRP15M-26OCT042015-15,0.0050,34.00,no
2026-10-05T00:13:13.160224Z,KXXRP15M-26OCT042015-15,0.0050,5.00,no
2026-10-05T00:13:13.160224Z,KXXRP15M-26OCT042015-15,0.0050,4.09,no
2026-10-05T00:13:13.795661Z,KXXRP15M-26OCT042015-15,0.0050,2.00,no
2026-10-05T00:13:14.240257Z,KXXRP15M-26OCT042015-15,0.0050,36.85,yes
2026-10-05T00:13:14.252258Z,KXXRP15M-26OCT042015-15,0.0040,4.91,no
2026-10-05T00:13:14.359232Z,KXXRP15M-26OCT042015-15,0.0040,1.00,no
2026-10-05T00:13:14.359232Z,KXXRP15M-26OCT042015-15,0.0040,1.00,no
2026-10-05T00:13:14.359232Z,KXXRP15M-26OCT042015-15,0.0040,1.00,no
2026-10-05T00:13:14.359232Z,KXXRP15M-26OCT042015-15,0.0040,1.00,no
2026-10-05T00:13:14.359232Z,KXXRP15M-26OCT042015-15,0.0040,1.00,no
2026-10-05T00:13:14.359232Z,KXXRP15M-26OCT042015-15,0.0040,8.09,no
2026-10-05T00:13:14.359232Z,KXXRP15M-26OCT042015-15,0.0040,161.16,no
2026-10-05T00:13:14.359232Z,KXXRP15M-26OCT042015-15,0.0040,66.00,no
2026-10-05T00:13:16.218385Z,KXXRP15M-26OCT042015-15,0.0040,13.00,no
2026-10-05T00:13:16.225365Z,KXXRP15M-26OCT042015-15,0.0040,5.00,no
2026-10-05T00:13:16.422918Z,KXXRP15M-26OCT042015-15,0.0040,25.74,no
2026-10-05T00:13:16.519666Z,KXXRP15M-26OCT042015-15,0.0050,27.00,yes
2026-10-05T00:13:16.519666Z,KXXRP15M-26OCT042015-15,0.0050,2.73,yes
2026-10-05T00:13:16.523861Z,KXXRP15M-26OCT042015-15,0.0040,19.00,no
2026-10-05T00:13:17.050062Z,KXXRP15M-26OCT042015-15,0.0040,15.00,no
2026-10-05T00:13:17.059335Z,KXXRP15M-26OCT042015-15,0.0040,5.00,no
2026-10-05T00:13:17.477006Z,KXXRP15M-26OCT042015-15,0.0040,25.09,no
2026-10-05T00:13:18.386343Z,KXXRP15M-26OCT042015-15,0.0040,29.00,no
2026-10-05T00:13:18.395056Z,KXXRP15M-26OCT042015-15,0.0040,5.00,no
2026-10-05T00:13:19.633304Z,KXXRP15M-26OCT042015-15,0.0040,47.01,no
2026-10-05T00:13:19.633304Z,KXXRP15M-26OCT042015-15,0.0040,7.00,no
2026-10-05T00:13:19.788108Z,KXXRP15M-26OCT042015-15,0.0040,10.00,no
2026-10-05T00:13:19.788108Z,KXXRP15M-26OCT042015-15,0.0040,19.99,no
2026-10-05T00:13:19.788108Z,KXXRP15M-26OCT042015-15,0.0040,7.00,no
2026-10-05T00:13:20.103175Z,KXXRP15M-26OCT042015-15,0.0030,14.00,no
2026-10-05T00:13:20.499716Z,KXXRP15M-26OCT042015-15,0.0030,18.00,no
2026-10-05T00:13:20.499716Z,KXXRP15M-26OCT042015-15,0.0030,2.00,no
2026-10-05T00:13:20.499716Z,KXXRP15M-26OCT042015-15,0.0030,2.00,no
2026-10-05T00:13:20.499716Z,KXXRP15M-26OCT042015-15,0.0030,2.00,no
2026-10-05T00:13:20.499716Z,KXXRP15M-26OCT042015-15,0.0030,2.00,no
2026-10-05T00:13:20.499716Z,KXXRP15M-26OCT042015-15,0.0030,2.00,no
2026-10-05T00:13:20.499716Z,KXXRP15M-26OCT042015-15,0.0030,40.00,no
2026-10-05T00:13:20.499716Z,KXXRP15M-26OCT042015-15,0.0030,40.00,no
2026-10-05T00:13:20.499716Z,KXXRP15M-26OCT042015-15,0.0030,87.00,no
2026-10-05T00:13:20.499716Z,KXXRP15M-26OCT042015-15,0.0030,5.00,no
2026-10-05T00:13:20.55592Z,KXXRP15M-26OCT042015-15,0.0030,1.00,no
2026-10-05T00:13:20.671265Z,KXXRP15M-26OCT042015-15,0.0030,11.99,no
2026-10-05T00:13:24.498242Z,KXXRP15M-26OCT042015-15,0.0020,1.87,no
2026-10-05T00:13:24.842432Z,KXXRP15M-26OCT042015-15,0.0030,0.06,yes
2026-10-05T00:13:24.842432Z,KXXRP15M-26OCT042015-15,0.0030,3.00,yes
2026-10-05T00:13:24.842432Z,KXXRP15M-26OCT042015-15,0.0030,3.00,yes
2026-10-05T00:13:24.842432Z,KXXRP15M-26OCT042015-15,0.0040,27.31,yes
2026-10-05T00:13:24.842432Z,KXXRP15M-26OCT042015-15,0.0040,29.00,yes
2026-10-05T00:13:27.322321Z,KXXRP15M-26OCT042015-15,0.0030,4.00,yes
2026-10-05T00:13:27.780295Z,KXXRP15M-26OCT042015-15,0.0030,2.32,yes
2026-10-05T00:13:27.828419Z,KXXRP15M-26OCT042015-15,0.0030,18.55,yes
2026-10-05T00:13:28.287312Z,KXXRP15M-26OCT042015-15,0.0030,1.30,yes
2026-10-05T00:13:30.097538Z,KXXRP15M-26OCT042015-15,0.0030,5.00,yes
2026-10-05T00:13:30.097538Z,KXXRP15M-26OCT042015-15,0.0030,2.00,yes
2026-10-05T00:13:30.097538Z,KXXRP15M-26OCT042015-15,0.0030,3.00,yes
2026-10-05T00:13:30.097538Z,KXXRP15M-26OCT042015-15,0.0040,35.00,yes
2026-10-05T00:13:30.097538Z,KXXRP15M-26OCT042015-15,0.0040,5.00,yes
2026-10-05T00:13:30.097538Z,KXXRP15M-26OCT042015-15,0.0030,26.83,yes
2026-10-05T00:13:30.097538Z,KXXRP15M-26OCT042015-15,0.0040,20.69,yes
2026-10-05T00:13:30.097538Z,KXXRP15M-26OCT042015-15,0.0050,48.27,yes
2026-10-05T00:13:30.097538Z,KXXRP15M-26OCT042015-15,0.0050,1750.44,yes
2026-10-05T00:13:31.805811Z,KXXRP15M-26OCT042015-15,0.0040,22.91,yes
2026-10-05T00:13:32.789264Z,KXXRP15M-26OCT042015-15,0.0040,3.00,yes
2026-10-05T00:13:32.875104Z,KXXRP15M-26OCT042015-15,0.0050,3.00,yes
2026-10-05T00:13:32.875104Z,KXXRP15M-26OCT042015-15,0.0050,0.07,yes
2026-10-05T00:13:32.875104Z,KXXRP15M-26OCT042015-15,0.0050,14.98,yes
2026-10-05T00:13:33.536165Z,KXXRP15M-26OCT042015-15,0.0050,42.00,yes
2026-10-05T00:13:33.536165Z,KXXRP15M-26OCT042015-15,0.0050,34.00,yes
2026-10-05T00:13:33.536165Z,KXXRP15M-26OCT042015-15,0.0050,32.00,yes
2026-10-05T00:13:33.536165Z,KXXRP15M-26OCT042015-15,0.0060,23.90,yes
2026-10-05T00:13:33.536165Z,KXXRP15M-26OCT042015-15,0.0060,28.33,yes
2026-10-05T00:13:33.645916Z,KXXRP15M-26OCT042015-15,0.0050,35.78,no
2026-10-05T00:13:34.343137Z,KXXRP15M-26OCT042015-15,0.0060,28.16,yes
2026-10-05T00:13:34.343137Z,KXXRP15M-26OCT042015-15,0.0060,3.00,yes
2026-10-05T00:13:35.32531Z,KXXRP15M-26OCT042015-15,0.0060,11.00,yes
2026-10-05T00:13:35.33599Z,KXXRP15M-26OCT042015-15,0.0060,0.84,yes
2026-10-05T00:13:35.33599Z,KXXRP15M-26OCT042015-15,0.0060,4.16,yes
2026-10-05T00:13:37.811148Z,KXXRP15M-26OCT042015-15,0.0060,68.00,yes
2026-10-05T00:13:37.824352Z,KXXRP15M-26OCT042015-15,0.0060,5.00,yes
2026-10-05T00:13:37.832407Z,KXXRP15M-26OCT042015-15,0.0060,24.67,yes
2026-10-05T00:13:37.834688Z,KXXRP15M-26OCT042015-15,0.0060,5.00,yes
2026-10-05T00:13:37.837556Z,KXXRP15M-26OCT042015-15,0.0060,17.00,yes
2026-10-05T00:13:37.91317Z,KXXRP15M-26OCT042015-15,0.0060,2.83,yes
2026-10-05T00:13:37.91317Z,KXXRP15M-26OCT042015-15,0.0060,27.17,yes
2026-10-05T00:13:37.921469Z,KXXRP15M-26OCT042015-15,0.0060,0.17,yes
2026-10-05T00:13:38.075257Z,KXXRP15M-26OCT042015-15,0.0070,24.00,yes
2026-10-05T00:13:38.095056Z,KXXRP15M-26OCT042015-15,0.0080,3.00,yes
2026-10-05T00:13:38.095056Z,KXXRP15M-26OCT042015-15,0.0080,1.00,yes
2026-10-05T00:13:38.095056Z,KXXRP15M-26OCT042015-15,0.0080,25.00,yes
2026-10-05T00:13:38.095056Z,KXXRP15M-26OCT042015-15,0.0080,0.05,yes
2026-10-05T00:13:38.095056Z,KXXRP15M-26OCT042015-15,0.0090,14.00,yes
2026-10-05T00:13:38.095056Z,KXXRP15M-26OCT042015-15,0.0100,3.00,yes
2026-10-05T00:13:38.095056Z,KXXRP15M-26OCT042015-15,0.0100,0.07,yes
2026-10-05T00:13:38.095056Z,KXXRP15M-26OCT042015-15,0.0100,14.31,yes
2026-10-05T00:13:38.095056Z,KXXRP15M-26OCT042015-15,0.0090,0.06,yes
2026-10-05T00:13:38.095056Z,KXXRP15M-26OCT042015-15,0.0090,19.00,yes
2026-10-05T00:13:38.095056Z,KXXRP15M-26OCT042015-15,0.0090,22.00,yes
2026-10-05T00:13:38.095056Z,KXXRP15M-26OCT042015-15,0.0090,15.00,yes
2026-10-05T00:13:38.095056Z,KXXRP15M-26OCT042015-15,0.0080,41.00,yes
2026-10-05T00:13:38.106124Z,KXXRP15M-26OCT042015-15,0.0100,39.69,yes
2026-10-05T00:13:38.106124Z,KXXRP15M-26OCT042015-15,0.0100,25.00,yes
2026-10-05T00:13:38.106124Z,KXXRP15M-26OCT042015-15,0.0100,61.51,yes
2026-10-05T00:13:38.106124Z,KXXRP15M-26OCT042015-15,0.0090,19.00,yes
2026-10-05T00:13:40.118459Z,KXXRP15M-26OCT042015-15,0.0100,38.49,yes
2026-10-05T00:13:40.118459Z,KXXRP15M-26OCT042015-15,0.0100,5.00,yes
2026-10-05T00:13:40.118459Z,KXXRP15M-26OCT042015-15,0.0090,66.00,yes
2026-10-05T00:13:40.118459Z,KXXRP15M-26OCT042015-15,0.0080,70.00,yes
2026-10-05T00:13:40.118459Z,KXXRP15M-26OCT042015-15,0.0080,7.00,yes
2026-10-05T00:13:40.118459Z,KXXRP15M-26OCT042015-15,0.0090,19.00,yes
2026-10-05T00:13:40.118459Z,KXXRP15M-26OCT042015-15,0.0080,3.00,yes
2026-10-05T00:13:42.23035Z,KXXRP15M-26OCT042015-15,0.0080,28.00,yes
2026-10-05T00:13:42.23035Z,KXXRP15M-26OCT042015-15,0.0070,51.00,yes
2026-10-05T00:13:44.028728Z,KXXRP15M-26OCT042015-15,0.0060,51.00,yes
2026-10-05T00:13:44.028728Z,KXXRP15M-26OCT042015-15,0.0100,8.00,yes
2026-10-05T00:13:44.028728Z,KXXRP15M-26OCT042015-15,0.0070,3.00,yes
2026-10-05T00:13:44.028728Z,KXXRP15M-26OCT042015-15,0.0080,47.00,yes
2026-10-05T00:13:44.028728Z,KXXRP15M-26OCT042015-15,0.0070,66.00,yes
2026-10-05T00:13:44.028728Z,KXXRP15M-26OCT042015-15,0.0180,1.04,yes
2026-10-05T00:13:44.028728Z,KXXRP15M-26OCT042015-15,0.0100,5.00,yes
2026-10-05T00:13:44.028728Z,KXXRP15M-26OCT042015-15,0.0090,2.00,yes
2026-10-05T00:13:44.028728Z,KXXRP15M-26OCT042015-15,0.0110,5.00,yes
2026-10-05T00:13:44.028728Z,KXXRP15M-26OCT042015-15,0.0100,248.00,yes
2026-10-05T00:13:44.028728Z,KXXRP15M-26OCT042015-15,0.0120,4.00,yes
2026-10-05T00:13:44.028728Z,KXXRP15M-26OCT042015-15,0.0110,26.00,yes
2026-10-05T00:13:44.028728Z,KXXRP15M-26OCT042015-15,0.0140,6.00,yes
2026-10-05T00:13:44.028728Z,KXXRP15M-26OCT042015-15,0.0130,7.00,yes
2026-10-05T00:13:44.028728Z,KXXRP15M-26OCT042015-15,0.0120,0.07,yes
2026-10-05T00:13:44.028728Z,KXXRP15M-26OCT042015-15,0.0150,7.50,yes
2026-10-05T00:13:44.028728Z,KXXRP15M-26OCT042015-15,0.0110,0.07,yes
2026-10-05T00:13:44.028728Z,KXXRP15M-26OCT042015-15,0.0140,3.00,yes
2026-10-05T00:13:44.028728Z,KXXRP15M-26OCT042015-15,0.0120,3.00,yes
2026-10-05T00:13:44.028728Z,KXXRP15M-26OCT042015-15,0.0170,3.00,yes
2026-10-05T00:13:44.435006Z,KXXRP15M-26OCT042015-15,0.0080,1.00,no
2026-10-05T00:13:45.147647Z,KXXRP15M-26OCT042015-15,0.0120,5.00,yes
2026-10-05T00:13:45.147647Z,KXXRP15M-26OCT042015-15,0.0130,5.00,yes
2026-10-05T00:13:45.1584Z,KXXRP15M-26OCT042015-15,0.0090,0.08,yes
2026-10-05T00:13:45.639924Z,KXXRP15M-26OCT042015-15,0.0160,5.00,yes
2026-10-05T00:13:45.652863Z,KXXRP15M-26OCT042015-15,0.0190,12.00,yes
2026-10-05T00:13:45.652863Z,KXXRP15M-26OCT042015-15,0.0160,0.12,yes
2026-10-05T00:13:45.652863Z,KXXRP15M-26OCT042015-15,0.0170,5.00,yes
2026-10-05T00:13:45.652863Z,KXXRP15M-26OCT042015-15,0.0190,20.00,yes
2026-10-05T00:13:45.652863Z,KXXRP15M-26OCT042015-15,0.0200,1.88,yes
2026-10-05T00:13:45.783995Z,KXXRP15M-26OCT042015-15,0.0200,6.00,yes
2026-10-05T00:13:45.792453Z,KXXRP15M-26OCT042015-15,0.0100,3.00,no
2026-10-05T00:13:46.298578Z,KXXRP15M-26OCT042015-15,0.0130,0.80,no
2026-10-05T00:13:49.242357Z,KXXRP15M-26OCT042015-15,0.0160,5.00,yes
2026-10-05T00:13:49.242357Z,KXXRP15M-26OCT042015-15,0.0170,3.00,yes
2026-10-05T00:13:49.242357Z,KXXRP15M-26OCT042015-15,0.0170,5.00,yes
2026-10-05T00:13:49.430096Z,KXXRP15M-26OCT042015-15,0.0120,12.42,no
2026-10-05T00:13:50.300921Z,KXXRP15M-26OCT042015-15,0.0050,0.10,no
2026-10-05T00:13:50.300921Z,KXXRP15M-26OCT042015-15,0.0030,31.04,no
2026-10-05T00:13:50.300921Z,KXXRP15M-26OCT042015-15,0.0050,7.50,no
2026-10-05T00:13:50.300921Z,KXXRP15M-26OCT042015-15,0.0060,10.00,no
2026-10-05T00:13:50.300921Z,KXXRP15M-26OCT042015-15,0.0080,5.00,no
2026-10-05T00:13:50.300921Z,KXXRP15M-26OCT042015-15,0.0090,5.00,no
2026-10-05T00:13:50.300921Z,KXXRP15M-26OCT042015-15,0.0050,40.00,no
2026-10-05T00:13:51.732081Z,KXXRP15M-26OCT042015-15,0.0190,4.43,yes
2026-10-05T00:13:51.732081Z,KXXRP15M-26OCT042015-15,0.0170,5.00,yes
2026-10-05T00:13:51.732081Z,KXXRP15M-26OCT042015-15,0.0170,7.00,yes
2026-10-05T00:13:51.732081Z,KXXRP15M-26OCT042015-15,0.0180,31.04,yes
2026-10-05T00:13:51.732081Z,KXXRP15M-26OCT042015-15,0.0160,5.00,yes
2026-10-05T00:13:51.732081Z,KXXRP15M-26OCT042015-15,0.0180,0.13,yes
2026-10-05T00:13:51.972015Z,KXXRP15M-26OCT042015-15,0.0160,53.78,yes
2026-10-05T00:13:52.12386Z,KXXRP15M-26OCT042015-15,0.0160,0.10,yes
2026-10-05T00:13:52.12386Z,KXXRP15M-26OCT042015-15,0.0170,0.52,yes
2026-10-05T00:13:52.12386Z,KXXRP15M-26OCT042015-15,0.0160,1.00,yes
2026-10-05T00:13:52.440425Z,KXXRP15M-26OCT042015-15,0.0090,5.00,no
2026-10-05T00:13:52.487446Z,KXXRP15M-26OCT042015-15,0.0150,13.61,yes
2026-10-05T00:13:52.618755Z,KXXRP15M-26OCT042015-15,0.0160,0.27,yes
2026-10-05T00:13:52.870561Z,KXXRP15M-26OCT042015-15,0.0170,5.00,yes
2026-10-05T00:13:52.870561Z,KXXRP15M-26OCT042015-15,0.0160,4.73,yes
2026-10-05T00:13:52.870561Z,KXXRP15M-26OCT042015-15,0.0150,6.00,yes
2026-10-05T00:13:52.870561Z,KXXRP15M-26OCT042015-15,0.0170,2.48,yes
2026-10-05T00:13:52.870561Z,KXXRP15M-26OCT042015-15,0.0190,33.31,yes
2026-10-05T00:13:53.079543Z,KXXRP15M-26OCT042015-15,0.0090,5.00,no
2026-10-05T00:13:53.22478Z,KXXRP15M-26OCT042015-15,0.0080,5.00,no
2026-10-05T00:13:53.424892Z,KXXRP15M-26OCT042015-15,0.0070,5.00,no
2026-10-05T00:13:53.624717Z,KXXRP15M-26OCT042015-15,0.0060,5.00,no
2026-10-05T00:13:55.082833Z,KXXRP15M-26OCT042015-15,0.0070,9.00,no
2026-10-05T00:13:55.082833Z,KXXRP15M-26OCT042015-15,0.0070,0.10,no
2026-10-05T00:13:55.545974Z,KXXRP15M-26OCT042015-15,0.0080,62.00,yes
2026-10-05T00:13:55.545974Z,KXXRP15M-26OCT042015-15,0.0140,4.95,yes
2026-10-05T00:13:55.545974Z,KXXRP15M-26OCT042015-15,0.0100,5.00,yes
2026-10-05T00:13:56.117215Z,KXXRP15M-26OCT042015-15,0.0080,0.10,no
2026-10-05T00:13:56.117215Z,KXXRP15M-26OCT042015-15,0.0080,1.91,no
2026-10-05T00:13:56.614914Z,KXXRP15M-26OCT042015-15,0.0060,1.00,no
2026-10-05T00:13:58.228822Z,KXXRP15M-26OCT042015-15,0.0180,5.00,yes
2026-10-05T00:13:58.228822Z,KXXRP15M-26OCT042015-15,0.0170,5.00,yes
2026-10-05T00:13:58.228822Z,KXXRP15M-26OCT042015-15,0.0150,3.00,yes
2026-10-05T00:13:58.3078Z,KXXRP15M-26OCT042015-15,0.0020,186.66,no
2026-10-05T00:13:58.3078Z,KXXRP15M-26OCT042015-15,0.0030,218.96,no
2026-10-05T00:13:58.3078Z,KXXRP15M-26OCT042015-15,0.0040,7.00,no
2026-10-05T00:13:58.3078Z,KXXRP15M-26OCT042015-15,0.0050,7.50,no
2026-10-05T00:13:58.3078Z,KXXRP15M-26OCT042015-15,0.0040,9.00,no
2026-10-05T00:13:58.3078Z,KXXRP15M-26OCT042015-15,0.0090,5.00,no
2026-10-05T00:13:58.3078Z,KXXRP15M-26OCT042015-15,0.0030,12.44,no
2026-10-05T00:13:58.3078Z,KXXRP15M-26OCT042015-15,0.0090,42.00,no
2026-10-05T00:13:58.3078Z,KXXRP15M-26OCT042015-15,0.0080,0.10,no
2026-10-05T00:13:58.3078Z,KXXRP15M-26OCT042015-15,0.0100,5.00,no
2026-10-05T00:13:58.3078Z,KXXRP15M-26OCT042015-15,0.0100,7.50,no
2026-10-05T00:13:58.536059Z,KXXRP15M-26OCT042015-15,0.0160,19.00,yes
2026-10-05T00:13:58.544913Z,KXXRP15M-26OCT042015-15,0.0170,2.00,yes
2026-10-05T00:13:58.544913Z,KXXRP15M-26OCT042015-15,0.0160,1.00,yes
2026-10-05T00:13:59.498931Z,KXXRP15M-26OCT042015-15,0.0180,12.00,yes
2026-10-05T00:13:59.498931Z,KXXRP15M-26OCT042015-15,0.0180,5.00,yes
2026-10-05T00:13:59.498931Z,KXXRP15M-26OCT042015-15,0.0150,0.09,yes
2026-10-05T00:13:59.498931Z,KXXRP15M-26OCT042015-15,0.0180,14.00,yes
2026-10-05T00:13:59.498931Z,KXXRP15M-26OCT042015-15,0.0170,5.00,yes
2026-10-05T00:13:59.498931Z,KXXRP15M-26OCT042015-15,0.0190,38.28,yes
2026-10-05T00:13:59.498931Z,KXXRP15M-26OCT042015-15,0.0190,25.26,yes
2026-10-05T00:13:59.855848Z,KXXRP15M-26OCT042015-15,0.0180,4.00,yes
2026-10-05T00:13:59.855848Z,KXXRP15M-26OCT042015-15,0.0180,20.00,yes
2026-10-05T00:13:59.855848Z,KXXRP15M-26OCT042015-15,0.0180,5.00,yes
2026-10-05T00:13:59.855848Z,KXXRP15M-26OCT042015-15,0.0190,117.87,yes
2026-10-05T00:14:00.009803Z,KXXRP15M-26OCT042015-15,0.0130,7.00,no
2026-10-05T00:14:00.140031Z,KXXRP15M-26OCT042015-15,0.0130,3.00,no
2026-10-05T00:14:00.3935Z,KXXRP15M-26OCT042015-15,0.0130,2.00,no
2026-10-05T00:14:00.3935Z,KXXRP15M-26OCT042015-15,0.0110,6.92,no
2026-10-05T00:14:00.434202Z,KXXRP15M-26OCT042015-15,0.0170,1.00,yes
2026-10-05T00:14:00.434202Z,KXXRP15M-26OCT042015-15,0.0170,20.00,yes
2026-10-05T00:14:00.434202Z,KXXRP15M-26OCT042015-15,0.0170,3.00,yes
2026-10-05T00:14:00.434202Z,KXXRP15M-26OCT042015-15,0.0180,10.00,yes
2026-10-05T00:14:00.434202Z,KXXRP15M-26OCT042015-15,0.0180,18.00,yes
2026-10-05T00:14:00.434202Z,KXXRP15M-26OCT042015-15,0.0190,62.81,yes
2026-10-05T00:14:00.48594Z,KXXRP15M-26OCT042015-15,0.0110,2.08,no
2026-10-05T00:14:00.48594Z,KXXRP15M-26OCT042015-15,0.0120,5.00,no
2026-10-05T00:14:00.48594Z,KXXRP15M-26OCT042015-15,0.0130,1.00,no
2026-10-05T00:14:00.627506Z,KXXRP15M-26OCT042015-15,0.0180,5.00,yes
2026-10-05T00:14:00.998551Z,KXXRP15M-26OCT042015-15,0.0110,99.00,no
2026-10-05T00:14:01.040569Z,KXXRP15M-26OCT042015-15,0.0090,2.72,no
2026-10-05T00:14:01.223423Z,KXXRP15M-26OCT042015-15,0.0080,3.43,no
2026-10-05T00:14:01.474135Z,KXXRP15M-26OCT042015-15,0.0100,8.00,yes
2026-10-05T00:14:01.484193Z,KXXRP15M-26OCT042015-15,0.0110,6.00,yes
2026-10-05T00:14:01.484193Z,KXXRP15M-26OCT042015-15,0.0170,5.00,yes
2026-10-05T00:14:01.484193Z,KXXRP15M-26OCT042015-15,0.0180,5.00,yes
2026-10-05T00:14:01.484193Z,KXXRP15M-26OCT042015-15,0.0160,1.00,yes
2026-10-05T00:14:01.484193Z,KXXRP15M-26OCT042015-15,0.0150,7.50,yes
2026-10-05T00:14:01.484193Z,KXXRP15M-26OCT042015-15,0.0190,20.00,yes
2026-10-05T00:14:01.484193Z,KXXRP15M-26OCT042015-15,0.0120,5.00,yes
2026-10-05T00:14:01.484193Z,KXXRP15M-26OCT042015-15,0.0190,0.10,yes
2026-10-05T00:14:01.484193Z,KXXRP15M-26OCT042015-15,0.0100,6.94,yes
2026-10-05T00:14:01.484193Z,KXXRP15M-26OCT042015-15,0.0200,77.91,yes
2026-10-05T00:14:01.484193Z,KXXRP15M-26OCT042015-15,0.0200,66.41,yes
2026-10-05T00:14:01.484193Z,KXXRP15M-26OCT042015-15,0.0170,40.00,yes
2026-10-05T00:14:01.49601Z,KXXRP15M-26OCT042015-15,0.0090,1.00,no
2026-10-05T00:14:01.563155Z,KXXRP15M-26OCT042015-15,0.0150,3.00,yes
2026-10-05T00:14:01.563155Z,KXXRP15M-26OCT042015-15,0.0120,5.00,yes
2026-10-05T00:14:01.563155Z,KXXRP15M-26OCT042015-15,0.0100,4.98,yes
2026-10-05T00:14:01.563155Z,KXXRP15M-26OCT042015-15,0.0160,40.00,yes
2026-10-05T00:14:01.563155Z,KXXRP15M-26OCT042015-15,0.0180,4.22,yes
2026-10-05T00:14:01.580751Z,KXXRP15M-26OCT042015-15,0.0020,523.50,no
2026-10-05T00:14:01.580751Z,KXXRP15M-26OCT042015-15,0.0090,5.00,no
2026-10-05T00:14:01.580751Z,KXXRP15M-26OCT042015-15,0.0050,7.50,no
2026-10-05T00:14:01.580751Z,KXXRP15M-26OCT042015-15,0.0090,68.00,no
2026-10-05T00:14:01.580751Z,KXXRP15M-26OCT042015-15,0.0100,5.00,no
2026-10-05T00:14:01.580751Z,KXXRP15M-26OCT042015-15,0.0030,10.00,no
2026-10-05T00:14:01.598741Z,KXXRP15M-26OCT042015-15,0.0070,5.00,no
2026-10-05T00:14:01.598741Z,KXXRP15M-26OCT042015-15,0.0080,5.00,no
2026-10-05T00:14:01.721552Z,KXXRP15M-26OCT042015-15,0.0050,21.84,yes
2026-10-05T00:14:02.037731Z,KXXRP15M-26OCT042015-15,0.0050,161.00,yes
2026-10-05T00:14:02.037731Z,KXXRP15M-26OCT042015-15,0.0040,50.00,yes
2026-10-05T00:14:02.682967Z,KXXRP15M-26OCT042015-15,0.0050,327.00,yes
2026-10-05T00:14:02.926985Z,KXXRP15M-26OCT042015-15,0.0050,185.07,yes
2026-10-05T00:14:03.565841Z,KXXRP15M-26OCT042015-15,0.0080,27.00,yes
2026-10-05T00:14:03.565841Z,KXXRP15M-26OCT042015-15,0.0180,9.42,yes
2026-10-05T00:14:03.565841Z,KXXRP15M-26OCT042015-15,0.0150,20.00,yes
2026-10-05T00:14:03.565841Z,KXXRP15M-26OCT042015-15,0.0110,16.00,yes
2026-10-05T00:14:03.565841Z,KXXRP15M-26OCT042015-15,0.0090,45.00,yes
2026-10-05T00:14:03.565841Z,KXXRP15M-26OCT042015-15,0.0170,0.10,yes
2026-10-05T00:14:03.565841Z,KXXRP15M-26OCT042015-15,0.0050,7.12,yes
2026-10-05T00:14:03.565841Z,KXXRP15M-26OCT042015-15,0.0120,5.00,yes
2026-10-05T00:14:03.565841Z,KXXRP15M-26OCT042015-15,0.0150,5.00,yes
2026-10-05T00:14:03.565841Z,KXXRP15M-26OCT042015-15,0.0180,0.10,yes
2026-10-05T00:14:03.565841Z,KXXRP15M-26OCT042015-15,0.0160,5.00,yes
2026-10-05T00:14:04.262779Z,KXXRP15M-26OCT042015-15,0.0040,30.50,no
2026-10-05T00:14:04.262779Z,KXXRP15M-26OCT042015-15,0.0060,10.00,no
2026-10-05T00:14:04.262779Z,KXXRP15M-26OCT042015-15,0.0090,5.00,no
2026-10-05T00:14:04.262779Z,KXXRP15M-26OCT042015-15,0.0090,42.00,no
2026-10-05T00:14:04.262779Z,KXXRP15M-26OCT042015-15,0.0050,7.50,no
2026-10-05T00:14:04.262779Z,KXXRP15M-26OCT042015-15,0.0080,5.00,no
2026-10-05T00:14:04.262779Z,KXXRP15M-26OCT042015-15,0.0050,100.00,no
2026-10-05T00:14:05.224865Z,KXXRP15M-26OCT042015-15,0.0060,5.00,no
2026-10-05T00:14:05.569601Z,KXXRP15M-26OCT042015-15,0.0090,24.65,yes
2026-10-05T00:14:06.226258Z,KXXRP15M-26OCT042015-15,0.0060,2.00,no
2026-10-05T00:14:06.232466Z,KXXRP15M-26OCT042015-15,0.0060,1.00,no
2026-10-05T00:14:06.753016Z,KXXRP15M-26OCT042015-15,0.0080,24.00,yes
2026-10-05T00:14:06.753016Z,KXXRP15M-26OCT042015-15,0.0090,52.35,yes
2026-10-05T00:14:06.753016Z,KXXRP15M-26OCT042015-15,0.0070,24.00,yes
2026-10-05T00:14:06.753016Z,KXXRP15M-26OCT042015-15,0.0100,8.80,yes
2026-10-05T00:14:06.911631Z,KXXRP15M-26OCT042015-15,0.0050,6.40,no
2026-10-05T00:14:06.911631Z,KXXRP15M-26OCT042015-15,0.0050,5.00,no
2026-10-05T00:14:06.924133Z,KXXRP15M-26OCT042015-15,0.0050,4.65,no
2026-10-05T00:14:06.924133Z,KXXRP15M-26OCT042015-15,0.0050,1.60,no
2026-10-05T00:14:07.489895Z,KXXRP15M-26OCT042015-15,0.0090,85.00,yes
2026-10-05T00:14:07.489895Z,KXXRP15M-26OCT042015-15,0.0100,7.30,yes
2026-10-05T00:14:07.489895Z,KXXRP15M-26OCT042015-15,0.0100,210.20,yes
2026-10-05T00:14:09.46238Z,KXXRP15M-26OCT042015-15,0.0050,4.88,no
2026-10-05T00:14:10.276831Z,KXXRP15M-26OCT042015-15,0.0060,1.26,no
2026-10-05T00:14:10.906459Z,KXXRP15M-26OCT042015-15,0.0100,4.83,yes
2026-10-05T00:14:10.906459Z,KXXRP15M-26OCT042015-15,0.0090,5.00,yes
2026-10-05T00:14:10.906459Z,KXXRP15M-26OCT042015-15,0.0060,21.00,yes
2026-10-05T00:14:10.906459Z,KXXRP15M-26OCT042015-15,0.0070,1.00,yes
2026-10-05T00:14:10.906459Z,KXXRP15M-26OCT042015-15,0.0080,3.00,yes
2026-10-05T00:14:10.906459Z,KXXRP15M-26OCT042015-15,0.0100,7.00,yes
2026-10-05T00:14:10.977959Z,KXXRP15M-26OCT042015-15,0.0050,27.00,no
2026-10-05T00:14:11.195124Z,KXXRP15M-26OCT042015-15,0.0100,0.01,no
2026-10-05T00:14:11.602168Z,KXXRP15M-26OCT042015-15,0.0040,5.00,no
2026-10-05T00:14:11.602168Z,KXXRP15M-26OCT042015-15,0.0030,1.00,no
2026-10-05T00:14:11.894264Z,KXXRP15M-26OCT042015-15,0.0050,20.05,no
2026-10-05T00:14:12.626849Z,KXXRP15M-26OCT042015-15,0.0020,25.81,no
2026-10-05T00:14:12.626849Z,KXXRP15M-26OCT042015-15,0.0030,10.00,no
2026-10-05T00:14:12.626849Z,KXXRP15M-26OCT042015-15,0.0030,5.00,no
2026-10-05T00:14:12.626849Z,KXXRP15M-26OCT042015-15,0.0030,0.17,no
2026-10-05T00:14:12.665315Z,KXXRP15M-26OCT042015-15,0.0050,102.00,yes
2026-10-05T00:14:12.665315Z,KXXRP15M-26OCT042015-15,0.0070,42.80,yes
2026-10-05T00:14:13.740679Z,KXXRP15M-26OCT042015-15,0.0050,34.00,no
2026-10-05T00:14:13.835994Z,KXXRP15M-26OCT042015-15,0.0040,99.00,no
2026-10-05T00:14:13.835994Z,KXXRP15M-26OCT042015-15,0.0040,9.00,no
2026-10-05T00:14:13.835994Z,KXXRP15M-26OCT042015-15,0.0030,10.00,no
2026-10-05T00:14:13.848088Z,KXXRP15M-26OCT042015-15,0.0030,42.00,yes
2026-10-05T00:14:13.856485Z,KXXRP15M-26OCT042015-15,0.0030,10.00,yes
2026-10-05T00:14:13.8992Z,KXXRP15M-26OCT042015-15,0.0030,10.00,yes
2026-10-05T00:14:13.909299Z,KXXRP15M-26OCT042015-15,0.0030,6.00,yes
2026-10-05T00:14:13.99981Z,KXXRP15M-26OCT042015-15,0.0030,10.00,yes
2026-10-05T00:14:14.368007Z,KXXRP15M-26OCT042015-15,0.0030,322.00,yes
2026-10-05T00:14:14.629151Z,KXXRP15M-26OCT042015-15,0.0030,305.35,yes
2026-10-05T00:14:14.94063Z,KXXRP15M-26OCT042015-15,0.0020,169.46,no
2026-10-05T00:14:15.364535Z,KXXRP15M-26OCT042015-15,0.0030,25.09,yes
2026-10-05T00:14:15.462703Z,KXXRP15M-26OCT042015-15,0.0030,91.62,yes
2026-10-05T00:14:15.479452Z,KXXRP15M-26OCT042015-15,0.0020,26.00,no
2026-10-05T00:14:15.479452Z,KXXRP15M-26OCT042015-15,0.0020,3.00,no
2026-10-05T00:14:15.479452Z,KXXRP15M-26OCT042015-15,0.0020,3.00,no
2026-10-05T00:14:15.479452Z,KXXRP15M-26OCT042015-15,0.0020,3.00,no
2026-10-05T00:14:15.479452Z,KXXRP15M-26OCT042015-15,0.0020,3.00,no
2026-10-05T00:14:15.479452Z,KXXRP15M-26OCT042015-15,0.0020,3.00,no
2026-10-05T00:14:15.479452Z,KXXRP15M-26OCT042015-15,0.0020,500.00,no
2026-10-05T00:14:15.479452Z,KXXRP15M-26OCT042015-15,0.0020,204.73,no
2026-10-05T00:14:15.479452Z,KXXRP15M-26OCT042015-15,0.0020,40.00,no
2026-10-05T00:14:15.479452Z,KXXRP15M-26OCT042015-15,0.0020,34.00,no
2026-10-05T00:14:15.479452Z,KXXRP15M-26OCT042015-15,0.0020,5.00,no
2026-10-05T00:14:15.479452Z,KXXRP15M-26OCT042015-15,0.0020,5.00,no
2026-10-05T00:14:15.479452Z,KXXRP15M-26OCT042015-15,0.0020,173.00,no
2026-10-05T00:14:15.479452Z,KXXRP15M-26OCT042015-15,0.0020,7.00,no
2026-10-05T00:14:15.479452Z,KXXRP15M-26OCT042015-15,0.0020,40.00,no
2026-10-05T00:14:15.479452Z,KXXRP15M-26OCT042015-15,0.0020,5.00,no
2026-10-05T00:14:15.639218Z,KXXRP15M-26OCT042015-15,0.0020,11.27,yes
2026-10-05T00:14:16.56352Z,KXXRP15M-26OCT042015-15,0.0010,60.00,no
2026-10-05T00:14:16.56352Z,KXXRP15M-26OCT042015-15,0.0020,40.00,no
2026-10-05T00:14:16.83538Z,KXXRP15M-26OCT042015-15,0.0020,68.00,yes
2026-10-05T00:14:16.83538Z,KXXRP15M-26OCT042015-15,0.0020,0.03,yes
2026-10-05T00:14:17.212089Z,KXXRP15M-26OCT042015-15,0.0030,45.00,yes
2026-10-05T00:14:18.071062Z,KXXRP15M-26OCT042015-15,0.0020,2.00,no
2026-10-05T00:14:18.082756Z,KXXRP15M-26OCT042015-15,0.0020,2.00,no
2026-10-05T00:14:18.091362Z,KXXRP15M-26OCT042015-15,0.0020,2.00,no
2026-10-05T00:14:18.099259Z,KXXRP15M-26OCT042015-15,0.0020,2.00,no
2026-10-05T00:14:18.109279Z,KXXRP15M-26OCT042015-15,0.0020,2.00,no
2026-10-05T00:14:18.115057Z,KXXRP15M-26OCT042015-15,0.0020,2.00,no
2026-10-05T00:14:18.122251Z,KXXRP15M-26OCT042015-15,0.0020,2.00,no
2026-10-05T00:14:18.132841Z,KXXRP15M-26OCT042015-15,0.0020,2.00,no
2026-10-05T00:14:18.140504Z,KXXRP15M-26OCT042015-15,0.0020,2.00,no
2026-10-05T00:14:18.151904Z,KXXRP15M-26OCT042015-15,0.0020,5.00,no
2026-10-05T00:14:18.173327Z,KXXRP15M-26OCT042015-15,0.0020,17.00,no
2026-10-05T00:14:18.235597Z,KXXRP15M-26OCT042015-15,0.0020,17.00,yes
2026-10-05T00:14:18.436777Z,KXXRP15M-26OCT042015-15,0.0020,2.12,yes
2026-10-05T00:14:18.66771Z,KXXRP15M-26OCT042015-15,0.0020,116.88,yes
2026-10-05T00:14:18.66771Z,KXXRP15M-26OCT042015-15,0.0020,57.00,yes
2026-10-05T00:14:18.66771Z,KXXRP15M-26OCT042015-15,0.0030,175.71,yes
2026-10-05T00:14:18.893575Z,KXXRP15M-26OCT042015-15,0.0030,3.62,yes
2026-10-05T00:14:19.337088Z,KXXRP15M-26OCT042015-15,0.0020,30.00,no
2026-10-05T00:14:19.337088Z,KXXRP15M-26OCT042015-15,0.0020,8.00,no
2026-10-05T00:14:19.40446Z,KXXRP15M-26OCT042015-15,0.0030,12.04,yes
2026-10-05T00:14:19.415285Z,KXXRP15M-26OCT042015-15,0.0020,2.00,no
2026-10-05T00:14:19.421012Z,KXXRP15M-26OCT042015-15,0.0020,2.00,no
2026-10-05T00:14:19.593327Z,KXXRP15M-26OCT042015-15,0.0020,2.00,yes
2026-10-05T00:14:19.593327Z,KXXRP15M-26OCT042015-15,0.0030,3.00,yes
2026-10-05T00:14:19.69485Z,KXXRP15M-26OCT042015-15,0.0010,50.03,no
2026-10-05T00:14:19.968906Z,KXXRP15M-26OCT042015-15,0.0020,1.00,yes
2026-10-05T00:14:20.225893Z,KXXRP15M-26OCT042015-15,0.0010,39.00,no
2026-10-05T00:14:20.321598Z,KXXRP15M-26OCT042015-15,0.0020,49.25,yes
2026-10-05T00:14:23.543102Z,KXXRP15M-26OCT042015-15,0.0020,40.00,yes
2026-10-05T00:14:23.543102Z,KXXRP15M-26OCT042015-15,0.0030,202.53,yes
2026-10-05T00:14:23.543102Z,KXXRP15M-26OCT042015-15,0.0020,37.00,yes
2026-10-05T00:14:23.543102Z,KXXRP15M-26OCT042015-15,0.0020,5.75,yes
2026-10-05T00:14:23.543102Z,KXXRP15M-26OCT042015-15,0.0020,40.00,yes
2026-10-05T00:14:23.543102Z,KXXRP15M-26OCT042015-15,0.0020,3.00,yes
2026-10-05T00:14:23.543102Z,KXXRP15M-26OCT042015-15,0.0020,37.00,yes
2026-10-05T00:14:23.725841Z,KXXRP15M-26OCT042015-15,0.0020,8.92,yes
2026-10-05T00:14:24.921489Z,KXXRP15M-26OCT042015-15,0.0020,95.00,yes
2026-10-05T00:14:24.921489Z,KXXRP15M-26OCT042015-15,0.0020,67.08,yes
2026-10-05T00:14:24.921489Z,KXXRP15M-26OCT042015-15,0.0020,1.00,yes
2026-10-05T00:14:24.921489Z,KXXRP15M-26OCT042015-15,0.0020,40.00,yes
2026-10-05T00:14:24.921489Z,KXXRP15M-26OCT042015-15,0.0030,473.96,yes
2026-10-05T00:14:27.097312Z,KXXRP15M-26OCT042015-15,0.0010,100.00,no
2026-10-05T00:14:30.044685Z,KXXRP15M-26OCT042015-15,0.0010,100.00,no
2026-10-05T00:14:30.068864Z,KXXRP15M-26OCT042015-15,0.0010,2.00,no
2026-10-05T00:14:30.381559Z,KXXRP15M-26OCT042015-15,0.0010,228.99,no
2026-10-05T00:14:30.381559Z,KXXRP15M-26OCT042015-15,0.0010,48.97,no
2026-10-05T00:14:30.785189Z,KXXRP15M-26OCT042015-15,0.0010,14.00,no
2026-10-05T00:14:31.067614Z,KXXRP15M-26OCT042015-15,0.0010,1.00,no
2026-10-05T00:14:31.067614Z,KXXRP15M-26OCT042015-15,0.0010,1.00,no
2026-10-05T00:14:31.067614Z,KXXRP15M-26OCT042015-15,0.0010,186.00,no
2026-10-05T00:14:31.067614Z,KXXRP15M-26OCT042015-15,0.0010,500.00,no
2026-10-05T00:14:31.067614Z,KXXRP15M-26OCT042015-15,0.0010,1.00,no
2026-10-05T00:14:31.067614Z,KXXRP15M-26OCT042015-15,0.0010,350.00,no
2026-10-05T00:14:31.067614Z,KXXRP15M-26OCT042015-15,0.0010,257.01,no
2026-10-05T00:14:31.067614Z,KXXRP15M-26OCT042015-15,0.0010,40.00,no
2026-10-05T00:14:31.067614Z,KXXRP15M-26OCT042015-15,0.0010,400.00,no
2026-10-05T00:14:31.067614Z,KXXRP15M-26OCT042015-15,0.0010,34.00,no
2026-10-05T00:14:31.067614Z,KXXRP15M-26OCT042015-15,0.0010,5.00,no
2026-10-05T00:14:31.067614Z,KXXRP15M-26OCT042015-15,0.0010,43.00,no
2026-10-05T00:14:31.067614Z,KXXRP15M-26OCT042015-15,0.0010,0.03,no
2026-10-05T00:14:31.067614Z,KXXRP15M-26OCT042015-15,0.0010,27.96,no
2026-10-05T00:14:31.177986Z,KXXRP15M-26OCT042015-15,0.0010,0.04,no
2026-10-05T00:14:31.177986Z,KXXRP15M-26OCT042015-15,0.0010,42.96,no
2026-10-05T00:14:31.341305Z,KXXRP15M-26OCT042015-15,0.0010,14.00,no
2026-10-05T00:14:31.453277Z,KXXRP15M-26OCT042015-15,0.0010,40.00,no
2026-10-05T00:14:31.453277Z,KXXRP15M-26OCT042015-15,0.0010,43.00,no
2026-10-05T00:14:37.493347Z,KXXRP15M-26OCT042015-15,0.0010,3.00,yes
2026-10-05T00:14:37.493347Z,KXXRP15M-26OCT042015-15,0.0010,98.20,yes
2026-10-05T00:14:39.057177Z,KXXRP15M-26OCT042015-15,0.0010,152.05,yes
2026-10-05T00:14:39.057177Z,KXXRP15M-26OCT042015-15,0.0010,3.00,yes
2026-10-05T00:14:39.057177Z,KXXRP15M-26OCT042015-15,0.0020,1786.99,yes
2026-10-05T00:14:39.057177Z,KXXRP15M-26OCT042015-15,0.0020,3.00,yes
2026-10-05T00:14:42.910607Z,KXXRP15M-26OCT042015-15,0.0010,467.36,yes
2026-10-05T00:14:43.348625Z,KXXRP15M-26OCT042015-15,0.0010,0.17,yes
2026-10-05T00:14:45.032348Z,KXXRP15M-26OCT042015-15,0.0010,24.94,yes
2026-10-05T00:14:49.40795Z,KXXRP15M-26OCT042015-15,0.0010,515.46,yes
2026-10-05T00:14:49.40795Z,KXXRP15M-26OCT042015-15,0.0010,3.00,yes
2026-10-05T00:14:49.40795Z,KXXRP15M-26OCT042015-15,0.0010,397.53,yes
2026-10-05T00:14:51.787731Z,KXXRP15M-26OCT042015-15,0.0010,1281.75,yes
2026-10-05T00:14:55.063883Z,KXXRP15M-26OCT042015-15,0.0010,915.99,yes
2026-10-05T00:14:56.591544Z,KXXRP15M-26OCT042015-15,0.0010,830.09,yes
2026-10-05T00:14:59.706864Z,KXXRP15M-26OCT042015-15,0.0010,915.99,yes
2026-10-05T00:12:40.23241Z,KXETH15M-26OCT042015-15,0.0220,26.40,no
2026-10-05T00:12:40.23241Z,KXETH15M-26OCT042015-15,0.0220,8.31,no
2026-10-05T00:12:40.377864Z,KXETH15M-26OCT042015-15,0.0230,2.03,yes
2026-10-05T00:12:40.937438Z,KXETH15M-26OCT042015-15,0.0220,41.69,no
2026-10-05T00:12:40.937438Z,KXETH15M-26OCT042015-15,0.0220,8.00,no
2026-10-05T00:12:40.937438Z,KXETH15M-26OCT042015-15,0.0220,35.93,no
2026-10-05T00:12:40.937438Z,KXETH15M-26OCT042015-15,0.0220,11.00,no
2026-10-05T00:12:40.937438Z,KXETH15M-26OCT042015-15,0.0220,2.38,no
2026-10-05T00:12:40.937438Z,KXETH15M-26OCT042015-15,0.0220,5.00,no
2026-10-05T00:12:41.149649Z,KXETH15M-26OCT042015-15,0.0230,2.13,yes
2026-10-05T00:12:41.185532Z,KXETH15M-26OCT042015-15,0.0220,63.07,no
2026-10-05T00:12:41.39896Z,KXETH15M-26OCT042015-15,0.0210,10.00,no
2026-10-05T00:12:41.39896Z,KXETH15M-26OCT042015-15,0.0210,21.00,no
2026-10-05T00:12:41.39896Z,KXETH15M-26OCT042015-15,0.0200,6.00,no
2026-10-05T00:12:41.39896Z,KXETH15M-26OCT042015-15,0.0200,30.10,no
2026-10-05T00:12:41.39896Z,KXETH15M-26OCT042015-15,0.0200,11.00,no
2026-10-05T00:12:41.39896Z,KXETH15M-26OCT042015-15,0.0210,32.90,no
2026-10-05T00:12:41.39896Z,KXETH15M-26OCT042015-15,0.0200,40.00,no
2026-10-05T00:12:41.39896Z,KXETH15M-26OCT042015-15,0.0210,2.00,no
2026-10-05T00:12:41.419768Z,KXETH15M-26OCT042015-15,0.0200,50.00,no
2026-10-05T00:12:41.570162Z,KXETH15M-26OCT042015-15,0.0200,13.44,no
2026-10-05T00:12:41.570162Z,KXETH15M-26OCT042015-15,0.0200,150.42,no
2026-10-05T00:12:41.570162Z,KXETH15M-26OCT042015-15,0.0200,10.00,no
2026-10-05T00:12:41.570162Z,KXETH15M-26OCT042015-15,0.0200,19.90,no
2026-10-05T00:12:41.570162Z,KXETH15M-26OCT042015-15,0.0200,25.00,no
2026-10-05T00:12:41.570162Z,KXETH15M-26OCT042015-15,0.0200,5.00,no
2026-10-05T00:12:42.355223Z,KXETH15M-26OCT042015-15,0.0200,6.00,no
2026-10-05T00:12:42.362321Z,KXETH15M-26OCT042015-15,0.0200,100.00,no
2026-10-05T00:12:42.462275Z,KXETH15M-26OCT042015-15,0.0210,10.00,yes
2026-10-05T00:12:42.462275Z,KXETH15M-26OCT042015-15,0.0210,3.37,yes
2026-10-05T00:12:42.462275Z,KXETH15M-26OCT042015-15,0.0210,4.00,yes
2026-10-05T00:12:42.462275Z,KXETH15M-26OCT042015-15,0.0210,4.00,yes
2026-10-05T00:12:42.462275Z,KXETH15M-26OCT042015-15,0.0210,41.00,yes
2026-10-05T00:12:42.590171Z,KXETH15M-26OCT042015-15,0.0210,1.63,yes
2026-10-05T00:12:42.590171Z,KXETH15M-26OCT042015-15,0.0210,7.28,yes
2026-10-05T00:12:42.785919Z,KXETH15M-26OCT042015-15,0.0210,0.97,yes
2026-10-05T00:12:42.785919Z,KXETH15M-26OCT042015-15,0.0210,22.82,yes
2026-10-05T00:12:42.785919Z,KXETH15M-26OCT042015-15,0.0210,1.00,yes
2026-10-05T00:12:43.089549Z,KXETH15M-26OCT042015-15,0.0210,4.95,yes
2026-10-05T00:12:43.089549Z,KXETH15M-26OCT042015-15,0.0210,7.00,yes
2026-10-05T00:12:43.313191Z,KXETH15M-26OCT042015-15,0.0200,20.00,no
2026-10-05T00:12:43.313248Z,KXETH15M-26OCT042015-15,0.0200,19.00,no
2026-10-05T00:12:43.313268Z,KXETH15M-26OCT042015-15,0.0200,104.58,no
2026-10-05T00:12:43.313268Z,KXETH15M-26OCT042015-15,0.0200,50.00,no
2026-10-05T00:12:43.313268Z,KXETH15M-26OCT042015-15,0.0190,20.00,no
2026-10-05T00:12:43.313268Z,KXETH15M-26OCT042015-15,0.0200,40.00,no
2026-10-05T00:12:43.319472Z,KXETH15M-26OCT042015-15,0.0180,72.00,no
2026-10-05T00:12:43.319472Z,KXETH15M-26OCT042015-15,0.0180,22.00,no
2026-10-05T00:12:43.319472Z,KXETH15M-26OCT042015-15,0.0180,1.00,no
2026-10-05T00:12:43.321771Z,KXETH15M-26OCT042015-15,0.0150,20.00,no
2026-10-05T00:12:43.321771Z,KXETH15M-26OCT042015-15,0.0150,22.00,no
2026-10-05T00:12:43.321771Z,KXETH15M-26OCT042015-15,0.0160,12.00,no
2026-10-05T00:12:43.321771Z,KXETH15M-26OCT042015-15,0.0150,1.00,no
2026-10-05T00:12:43.321771Z,KXETH15M-26OCT042015-15,0.0140,1.00,no
2026-10-05T00:12:43.321771Z,KXETH15M-26OCT042015-15,0.0160,1.00,no
2026-10-05T00:12:43.321771Z,KXETH15M-26OCT042015-15,0.0150,6.00,no
2026-10-05T00:12:43.321771Z,KXETH15M-26OCT042015-15,0.0140,350.00,no
2026-10-05T00:12:43.321771Z,KXETH15M-26OCT042015-15,0.0150,3.00,no
2026-10-05T00:12:43.390976Z,KXETH15M-26OCT042015-15,0.0130,1.00,no
2026-10-05T00:12:43.390976Z,KXETH15M-26OCT042015-15,0.0130,3.00,no
2026-10-05T00:12:43.396338Z,KXETH15M-26OCT042015-15,0.0130,6.00,no
2026-10-05T00:12:43.403779Z,KXETH15M-26OCT042015-15,0.0130,9.00,no
2026-10-05T00:12:43.408159Z,KXETH15M-26OCT042015-15,0.0130,4.00,no
2026-10-05T00:12:43.408159Z,KXETH15M-26OCT042015-15,0.0130,7.00,no
2026-10-05T00:12:43.419059Z,KXETH15M-26OCT042015-15,0.0130,3.00,no
2026-10-05T00:12:43.652268Z,KXETH15M-26OCT042015-15,0.0120,1.60,no
2026-10-05T00:12:43.652268Z,KXETH15M-26OCT042015-15,0.0120,16.00,no
2026-10-05T00:12:43.766039Z,KXETH15M-26OCT042015-15,0.0140,100.00,yes
2026-10-05T00:12:43.766039Z,KXETH15M-26OCT042015-15,0.0180,20.00,yes
2026-10-05T00:12:43.766039Z,KXETH15M-26OCT042015-15,0.0140,41.00,yes
2026-10-05T00:12:43.766039Z,KXETH15M-26OCT042015-15,0.0180,1.60,yes
2026-10-05T00:12:43.766039Z,KXETH15M-26OCT042015-15,0.0190,48.24,yes
2026-10-05T00:12:43.766039Z,KXETH15M-26OCT042015-15,0.0180,12.00,yes
2026-10-05T00:12:43.766039Z,KXETH15M-26OCT042015-15,0.0150,41.00,yes
2026-10-05T00:12:43.766039Z,KXETH15M-26OCT042015-15,0.0150,4.00,yes
2026-10-05T00:12:43.907539Z,KXETH15M-26OCT042015-15,0.0130,1.00,no
2026-10-05T00:12:43.907539Z,KXETH15M-26OCT042015-15,0.0130,1.98,no
2026-10-05T00:12:44.02091Z,KXETH15M-26OCT042015-15,0.0120,10.00,no
2026-10-05T00:12:44.02195Z,KXETH15M-26OCT042015-15,0.0120,10.00,no
2026-10-05T00:12:45.088297Z,KXETH15M-26OCT042015-15,0.0120,10.00,no
2026-10-05T00:12:45.175457Z,KXETH15M-26OCT042015-15,0.0130,7.00,yes
2026-10-05T00:12:45.525799Z,KXETH15M-26OCT042015-15,0.0140,10.00,yes
2026-10-05T00:12:45.729441Z,KXETH15M-26OCT042015-15,0.0140,12.94,yes
2026-10-05T00:12:45.729441Z,KXETH15M-26OCT042015-15,0.0140,22.00,yes
2026-10-05T00:12:45.729441Z,KXETH15M-26OCT042015-15,0.0140,10.00,yes
2026-10-05T00:12:45.729441Z,KXETH15M-26OCT042015-15,0.0140,20.00,yes
2026-10-05T00:12:45.789245Z,KXETH15M-26OCT042015-15,0.0140,17.48,yes
2026-10-05T00:12:45.823631Z,KXETH15M-26OCT042015-15,0.0140,20.00,yes
2026-10-05T00:12:46.030777Z,KXETH15M-26OCT042015-15,0.0140,1.00,yes
2026-10-05T00:12:46.049215Z,KXETH15M-26OCT042015-15,0.0140,1.00,yes
2026-10-05T00:12:46.051899Z,KXETH15M-26OCT042015-15,0.0140,3.00,yes
2026-10-05T00:12:46.061425Z,KXETH15M-26OCT042015-15,0.0140,1.00,yes
2026-10-05T00:12:46.12947Z,KXETH15M-26OCT042015-15,0.0140,3.00,yes
2026-10-05T00:12:46.131933Z,KXETH15M-26OCT042015-15,0.0140,1.00,yes
2026-10-05T00:12:46.386753Z,KXETH15M-26OCT042015-15,0.0150,13.00,yes
2026-10-05T00:12:46.386753Z,KXETH15M-26OCT042015-15,0.0150,1.00,yes
2026-10-05T00:12:46.386753Z,KXETH15M-26OCT042015-15,0.0140,30.42,yes
2026-10-05T00:12:46.386753Z,KXETH15M-26OCT042015-15,0.0150,14.00,yes
2026-10-05T00:12:46.386753Z,KXETH15M-26OCT042015-15,0.0140,10.00,yes
2026-10-05T00:12:46.386753Z,KXETH15M-26OCT042015-15,0.0150,20.00,yes
2026-10-05T00:12:46.386753Z,KXETH15M-26OCT042015-15,0.0150,3.00,yes
2026-10-05T00:12:46.386753Z,KXETH15M-26OCT042015-15,0.0150,0.03,yes
2026-10-05T00:12:46.386753Z,KXETH15M-26OCT042015-15,0.0160,186.61,yes
2026-10-05T00:12:46.386753Z,KXETH15M-26OCT042015-15,0.0150,20.00,yes
2026-10-05T00:12:46.440008Z,KXETH15M-26OCT042015-15,0.0140,10.00,yes
2026-10-05T00:12:46.669236Z,KXETH15M-26OCT042015-15,0.0130,16.00,no
2026-10-05T00:12:47.068884Z,KXETH15M-26OCT042015-15,0.0130,20.00,no
2026-10-05T00:12:47.068884Z,KXETH15M-26OCT042015-15,0.0130,12.00,no
2026-10-05T00:12:47.068884Z,KXETH15M-26OCT042015-15,0.0130,17.00,no
2026-10-05T00:12:47.068884Z,KXETH15M-26OCT042015-15,0.0130,3.00,no
2026-10-05T00:12:47.104632Z,KXETH15M-26OCT042015-15,0.0140,8.00,yes
2026-10-05T00:12:47.104632Z,KXETH15M-26OCT042015-15,0.0140,4.00,yes
2026-10-05T00:12:47.104632Z,KXETH15M-26OCT042015-15,0.0140,9.00,yes
2026-10-05T00:12:47.104632Z,KXETH15M-26OCT042015-15,0.0140,10.00,yes
2026-10-05T00:12:47.303326Z,KXETH15M-26OCT042015-15,0.0150,7.22,no
2026-10-05T00:12:47.592893Z,KXETH15M-26OCT042015-15,0.0160,0.48,yes
2026-10-05T00:12:47.681539Z,KXETH15M-26OCT042015-15,0.0160,101.19,yes
2026-10-05T00:12:48.071048Z,KXETH15M-26OCT042015-15,0.0150,20.00,no
2026-10-05T00:12:48.071048Z,KXETH15M-26OCT042015-15,0.0140,22.00,no
2026-10-05T00:12:48.071048Z,KXETH15M-26OCT042015-15,0.0140,15.00,no
2026-10-05T00:12:48.071048Z,KXETH15M-26OCT042015-15,0.0130,12.00,no
2026-10-05T00:12:48.071048Z,KXETH15M-26OCT042015-15,0.0130,41.00,no
2026-10-05T00:12:48.071048Z,KXETH15M-26OCT042015-15,0.0150,15.00,no
2026-10-05T00:12:48.071048Z,KXETH15M-26OCT042015-15,0.0130,98.00,no
2026-10-05T00:12:48.071048Z,KXETH15M-26OCT042015-15,0.0150,10.00,no
2026-10-05T00:12:48.071048Z,KXETH15M-26OCT042015-15,0.0120,272.97,no
2026-10-05T00:12:48.208932Z,KXETH15M-26OCT042015-15,0.0140,10.00,no
2026-10-05T00:12:48.653066Z,KXETH15M-26OCT042015-15,0.0140,6.00,no
2026-10-05T00:12:49.137855Z,KXETH15M-26OCT042015-15,0.0140,22.00,yes
2026-10-05T00:12:49.137855Z,KXETH15M-26OCT042015-15,0.0140,22.00,yes
2026-10-05T00:12:49.137855Z,KXETH15M-26OCT042015-15,0.0140,24.00,yes
2026-10-05T00:12:49.511488Z,KXETH15M-26OCT042015-15,0.0160,61.72,yes
2026-10-05T00:12:49.511488Z,KXETH15M-26OCT042015-15,0.0160,0.03,yes
2026-10-05T00:12:49.511488Z,KXETH15M-26OCT042015-15,0.0170,0.04,yes
2026-10-05T00:12:49.511488Z,KXETH15M-26OCT042015-15,0.0170,14.43,yes
2026-10-05T00:12:49.511488Z,KXETH15M-26OCT042015-15,0.0150,3.00,yes
2026-10-05T00:12:49.511488Z,KXETH15M-26OCT042015-15,0.0150,3.00,yes
2026-10-05T00:12:49.511488Z,KXETH15M-26OCT042015-15,0.0160,21.00,yes
2026-10-05T00:12:49.511488Z,KXETH15M-26OCT042015-15,0.0150,9.00,yes
2026-10-05T00:12:49.609288Z,KXETH15M-26OCT042015-15,0.0170,11.00,yes
2026-10-05T00:12:49.620606Z,KXETH15M-26OCT042015-15,0.0180,10.00,yes
2026-10-05T00:12:49.620606Z,KXETH15M-26OCT042015-15,0.0180,10.00,yes
2026-10-05T00:12:49.620606Z,KXETH15M-26OCT042015-15,0.0180,10.00,yes
2026-10-05T00:12:49.620606Z,KXETH15M-26OCT042015-15,0.0180,12.00,yes
2026-10-05T00:12:49.620606Z,KXETH15M-26OCT042015-15,0.0180,15.00,yes
2026-10-05T00:12:49.810258Z,KXETH15M-26OCT042015-15,0.0170,41.00,no
2026-10-05T00:12:49.995837Z,KXETH15M-26OCT042015-15,0.0170,4.00,no
2026-10-05T00:12:49.995837Z,KXETH15M-26OCT042015-15,0.0170,79.00,no
2026-10-05T00:12:49.995837Z,KXETH15M-26OCT042015-15,0.0170,4.00,no
2026-10-05T00:12:49.995837Z,KXETH15M-26OCT042015-15,0.0170,13.00,no
2026-10-05T00:12:50.174914Z,KXETH15M-26OCT042015-15,0.0170,28.71,no
2026-10-05T00:12:50.174914Z,KXETH15M-26OCT042015-15,0.0170,17.00,no
2026-10-05T00:12:50.175526Z,KXETH15M-26OCT042015-15,0.0170,14.29,no
2026-10-05T00:12:50.369741Z,KXETH15M-26OCT042015-15,0.0170,11.00,no
2026-10-05T00:12:50.369741Z,KXETH15M-26OCT042015-15,0.0170,4.00,no
2026-10-05T00:12:50.369741Z,KXETH15M-26OCT042015-15,0.0170,4.00,no
2026-10-05T00:12:50.56162Z,KXETH15M-26OCT042015-15,0.0170,13.00,no
2026-10-05T00:12:50.571957Z,KXETH15M-26OCT042015-15,0.0170,5.22,no
2026-10-05T00:12:50.683879Z,KXETH15M-26OCT042015-15,0.0170,1.00,no
2026-10-05T00:12:50.74261Z,KXETH15M-26OCT042015-15,0.0170,12.05,no
2026-10-05T00:12:50.764638Z,KXETH15M-26OCT042015-15,0.0170,4.00,no
2026-10-05T00:12:50.921913Z,KXETH15M-26OCT042015-15,0.0170,12.92,no
2026-10-05T00:12:51.33911Z,KXETH15M-26OCT042015-15,0.0170,8.19,no
2026-10-05T00:12:51.33911Z,KXETH15M-26OCT042015-15,0.0170,5.81,no
2026-10-05T00:12:51.673996Z,KXETH15M-26OCT042015-15,0.0120,20.00,no
2026-10-05T00:12:51.673996Z,KXETH15M-26OCT042015-15,0.0150,4.00,no
2026-10-05T00:12:51.673996Z,KXETH15M-26OCT042015-15,0.0160,41.00,no
2026-10-05T00:12:51.673996Z,KXETH15M-26OCT042015-15,0.0160,4.00,no
2026-10-05T00:12:51.673996Z,KXETH15M-26OCT042015-15,0.0160,4.00,no
2026-10-05T00:12:51.673996Z,KXETH15M-26OCT042015-15,0.0120,1.01,no
2026-10-05T00:12:51.673996Z,KXETH15M-26OCT042015-15,0.0120,99.00,no
2026-10-05T00:12:51.673996Z,KXETH15M-26OCT042015-15,0.0150,4.00,no
2026-10-05T00:12:51.673996Z,KXETH15M-26OCT042015-15,0.0160,13.00,no
2026-10-05T00:12:51.673996Z,KXETH15M-26OCT042015-15,0.0170,4.00,no
2026-10-05T00:12:51.673996Z,KXETH15M-26OCT042015-15,0.0170,11.00,no
2026-10-05T00:12:51.673996Z,KXETH15M-26OCT042015-15,0.0170,35.00,no
2026-10-05T00:12:51.673996Z,KXETH15M-26OCT042015-15,0.0150,20.00,no
2026-10-05T00:12:51.673996Z,KXETH15M-26OCT042015-15,0.0170,22.00,no
2026-10-05T00:12:51.673996Z,KXETH15M-26OCT042015-15,0.0160,21.00,no
2026-10-05T00:12:51.673996Z,KXETH15M-26OCT042015-15,0.0140,4.00,no
2026-10-05T00:12:51.673996Z,KXETH15M-26OCT042015-15,0.0150,9.00,no
2026-10-05T00:12:51.673996Z,KXETH15M-26OCT042015-15,0.0110,133.34,no
2026-10-05T00:12:51.673996Z,KXETH15M-26OCT042015-15,0.0100,1.00,no
2026-10-05T00:12:51.673996Z,KXETH15M-26OCT042015-15,0.0110,56.00,no
2026-10-05T00:12:51.673996Z,KXETH15M-26OCT042015-15,0.0100,50.00,no
2026-10-05T00:12:51.673996Z,KXETH15M-26OCT042015-15,0.0100,146.67,no
2026-10-05T00:12:51.673996Z,KXETH15M-26OCT042015-15,0.0100,6.00,no
2026-10-05T00:12:51.673996Z,KXETH15M-26OCT042015-15,0.0120,45.43,no
2026-10-05T00:12:51.673996Z,KXETH15M-26OCT042015-15,0.0110,1.00,no
2026-10-05T00:12:51.673996Z,KXETH15M-26OCT042015-15,0.0100,1.00,no
2026-10-05T00:12:51.673996Z,KXETH15M-26OCT042015-15,0.0100,1.00,no
2026-10-05T00:12:51.673996Z,KXETH15M-26OCT042015-15,0.0110,1.00,no
2026-10-05T00:12:51.673996Z,KXETH15M-26OCT042015-15,0.0100,25.00,no
2026-10-05T00:12:51.673996Z,KXETH15M-26OCT042015-15,0.0100,30.54,no
2026-10-05T00:12:51.673996Z,KXETH15M-26OCT042015-15,0.0110,20.00,no
2026-10-05T00:12:51.673996Z,KXETH15M-26OCT042015-15,0.0110,2.00,no
2026-10-05T00:12:51.673996Z,KXETH15M-26OCT042015-15,0.0110,1.00,no
2026-10-05T00:12:51.673996Z,KXETH15M-26OCT042015-15,0.0110,10.00,no
2026-10-05T00:12:51.673996Z,KXETH15M-26OCT042015-15,0.0110,2.00,no
2026-10-05T00:12:51.673996Z,KXETH15M-26OCT042015-15,0.0110,100.00,no
2026-10-05T00:12:51.673996Z,KXETH15M-26OCT042015-15,0.0100,20.00,no
2026-10-05T00:12:51.673996Z,KXETH15M-26OCT042015-15,0.0110,41.00,no
2026-10-05T00:12:51.85636Z,KXETH15M-26OCT042015-15,0.0170,41.00,no
2026-10-05T00:12:51.877611Z,KXETH15M-26OCT042015-15,0.0160,41.00,no
2026-10-05T00:12:51.878921Z,KXETH15M-26OCT042015-15,0.0180,0.03,yes
2026-10-05T00:12:51.878921Z,KXETH15M-26OCT042015-15,0.0180,15.97,yes
2026-10-05T00:12:51.946441Z,KXETH15M-26OCT042015-15,0.0200,0.04,yes
2026-10-05T00:12:51.946441Z,KXETH15M-26OCT042015-15,0.0200,8.88,yes
2026-10-05T00:12:51.946441Z,KXETH15M-26OCT042015-15,0.0190,0.04,yes
2026-10-05T00:12:51.946441Z,KXETH15M-26OCT042015-15,0.0190,4.00,yes
2026-10-05T00:12:51.946441Z,KXETH15M-26OCT042015-15,0.0180,4.00,yes
2026-10-05T00:12:51.946441Z,KXETH15M-26OCT042015-15,0.0180,4.00,yes
2026-10-05T00:12:51.946441Z,KXETH15M-26OCT042015-15,0.0190,4.00,yes
2026-10-05T00:12:51.946441Z,KXETH15M-26OCT042015-15,0.0180,3.00,yes
2026-10-05T00:12:51.946441Z,KXETH15M-26OCT042015-15,0.0180,22.00,yes
2026-10-05T00:12:52.132223Z,KXETH15M-26OCT042015-15,0.0170,4.43,no
2026-10-05T00:12:52.417175Z,KXETH15M-26OCT042015-15,0.0170,32.51,no
2026-10-05T00:12:52.433628Z,KXETH15M-26OCT042015-15,0.0190,3.00,yes
2026-10-05T00:12:52.433628Z,KXETH15M-26OCT042015-15,0.0210,49.03,yes
2026-10-05T00:12:52.433628Z,KXETH15M-26OCT042015-15,0.0210,15.20,yes
2026-10-05T00:12:52.433628Z,KXETH15M-26OCT042015-15,0.0190,1.00,yes
2026-10-05T00:12:52.433628Z,KXETH15M-26OCT042015-15,0.0200,4.00,yes
2026-10-05T00:12:52.433628Z,KXETH15M-26OCT042015-15,0.0200,9.00,yes
2026-10-05T00:12:52.433628Z,KXETH15M-26OCT042015-15,0.0180,48.00,yes
2026-10-05T00:12:52.433628Z,KXETH15M-26OCT042015-15,0.0180,33.00,yes
2026-10-05T00:12:52.433628Z,KXETH15M-26OCT042015-15,0.0190,4.00,yes
2026-10-05T00:12:52.433628Z,KXETH15M-26OCT042015-15,0.0190,4.00,yes
2026-10-05T00:12:52.433628Z,KXETH15M-26OCT042015-15,0.0180,4.00,yes
2026-10-05T00:12:52.433628Z,KXETH15M-26OCT042015-15,0.0200,20.00,yes
2026-10-05T00:12:52.433628Z,KXETH15M-26OCT042015-15,0.0180,4.00,yes
2026-10-05T00:12:52.433628Z,KXETH15M-26OCT042015-15,0.0200,4.00,yes
2026-10-05T00:12:52.433628Z,KXETH15M-26OCT042015-15,0.0180,1.00,yes
2026-10-05T00:12:52.433628Z,KXETH15M-26OCT042015-15,0.0200,22.00,yes
2026-10-05T00:12:53.014822Z,KXETH15M-26OCT042015-15,0.0170,4.06,no
2026-10-05T00:12:53.014822Z,KXETH15M-26OCT042015-15,0.0170,37.00,no
2026-10-05T00:12:53.014822Z,KXETH15M-26OCT042015-15,0.0170,22.00,no
2026-10-05T00:12:53.46672Z,KXETH15M-26OCT042015-15,0.0210,4.70,yes
2026-10-05T00:12:53.46672Z,KXETH15M-26OCT042015-15,0.0210,0.04,yes
2026-10-05T00:12:53.46672Z,KXETH15M-26OCT042015-15,0.0200,3.00,yes
2026-10-05T00:12:53.46672Z,KXETH15M-26OCT042015-15,0.0200,20.00,yes
2026-10-05T00:12:53.46672Z,KXETH15M-26OCT042015-15,0.0180,5.00,yes
2026-10-05T00:12:53.46672Z,KXETH15M-26OCT042015-15,0.0210,4.63,yes
2026-10-05T00:12:53.46672Z,KXETH15M-26OCT042015-15,0.0180,1.00,yes
2026-10-05T00:12:53.46672Z,KXETH15M-26OCT042015-15,0.0200,4.00,yes
2026-10-05T00:12:53.46672Z,KXETH15M-26OCT042015-15,0.0200,4.00,yes
2026-10-05T00:12:53.817646Z,KXETH15M-26OCT042015-15,0.0180,5.00,yes
2026-10-05T00:12:53.817646Z,KXETH15M-26OCT042015-15,0.0180,18.78,yes
2026-10-05T00:12:53.935171Z,KXETH15M-26OCT042015-15,0.0160,41.00,no
2026-10-05T00:12:53.935171Z,KXETH15M-26OCT042015-15,0.0160,11.00,no
2026-10-05T00:12:54.26155Z,KXETH15M-26OCT042015-15,0.0170,1.00,yes
2026-10-05T00:12:54.26155Z,KXETH15M-26OCT042015-15,0.0160,10.00,yes
2026-10-05T00:12:54.26155Z,KXETH15M-26OCT042015-15,0.0170,15.00,yes
2026-10-05T00:12:54.26155Z,KXETH15M-26OCT042015-15,0.0160,1.00,yes
2026-10-05T00:12:54.26155Z,KXETH15M-26OCT042015-15,0.0160,3.00,yes
2026-10-05T00:12:54.64902Z,KXETH15M-26OCT042015-15,0.0170,4.00,yes
2026-10-05T00:12:54.64902Z,KXETH15M-26OCT042015-15,0.0180,17.00,yes
2026-10-05T00:12:54.64902Z,KXETH15M-26OCT042015-15,0.0190,41.00,yes
2026-10-05T00:12:54.64902Z,KXETH15M-26OCT042015-15,0.0190,20.00,yes
2026-10-05T00:12:54.64902Z,KXETH15M-26OCT042015-15,0.0200,16.77,yes
2026-10-05T00:12:54.689061Z,KXETH15M-26OCT042015-15,0.0170,25.00,no
2026-10-05T00:12:54.77379Z,KXETH15M-26OCT042015-15,0.0160,20.00,yes
2026-10-05T00:12:54.77379Z,KXETH15M-26OCT042015-15,0.0160,3.00,yes
2026-10-05T00:12:54.77379Z,KXETH15M-26OCT042015-15,0.0180,98.00,yes
2026-10-05T00:12:54.77379Z,KXETH15M-26OCT042015-15,0.0170,152.00,yes
2026-10-05T00:12:54.77379Z,KXETH15M-26OCT042015-15,0.0160,14.00,yes
2026-10-05T00:12:55.312511Z,KXETH15M-26OCT042015-15,0.0140,10.77,no
2026-10-05T00:12:55.312511Z,KXETH15M-26OCT042015-15,0.0150,3.00,no
2026-10-05T00:12:55.312511Z,KXETH15M-26OCT042015-15,0.0150,20.00,no
2026-10-05T00:12:55.312511Z,KXETH15M-26OCT042015-15,0.0150,5.00,no
2026-10-05T00:12:56.059884Z,KXETH15M-26OCT042015-15,0.0140,1.01,no
2026-10-05T00:12:56.315625Z,KXETH15M-26OCT042015-15,0.0180,12.00,yes
2026-10-05T00:12:56.315625Z,KXETH15M-26OCT042015-15,0.0180,20.00,yes
2026-10-05T00:12:56.315625Z,KXETH15M-26OCT042015-15,0.0190,40.80,yes
2026-10-05T00:12:56.315625Z,KXETH15M-26OCT042015-15,0.0150,6.00,yes
2026-10-05T00:12:56.315625Z,KXETH15M-26OCT042015-15,0.0150,9.00,yes
2026-10-05T00:12:56.315625Z,KXETH15M-26OCT042015-15,0.0160,5.00,yes
2026-10-05T00:12:56.315625Z,KXETH15M-26OCT042015-15,0.0160,7.00,yes
2026-10-05T00:12:56.315625Z,KXETH15M-26OCT042015-15,0.0170,4.00,yes
2026-10-05T00:12:57.407334Z,KXETH15M-26OCT042015-15,0.0150,20.00,no
2026-10-05T00:12:57.459411Z,KXETH15M-26OCT042015-15,0.0140,13.36,yes
2026-10-05T00:12:57.459411Z,KXETH15M-26OCT042015-15,0.0140,41.00,yes
2026-10-05T00:12:57.657283Z,KXETH15M-26OCT042015-15,0.0140,6.64,yes
2026-10-05T00:12:57.657283Z,KXETH15M-26OCT042015-15,0.0150,31.72,yes
2026-10-05T00:12:57.657283Z,KXETH15M-26OCT042015-15,0.0140,1.00,yes
2026-10-05T00:12:57.657283Z,KXETH15M-26OCT042015-15,0.0140,15.00,yes
2026-10-05T00:12:57.683108Z,KXETH15M-26OCT042015-15,0.0100,11.15,no
2026-10-05T00:12:57.683108Z,KXETH15M-26OCT042015-15,0.0100,2.00,no
2026-10-05T00:12:57.683108Z,KXETH15M-26OCT042015-15,0.0100,6.44,no
2026-10-05T00:12:57.683108Z,KXETH15M-26OCT042015-15,0.0080,1.00,no
2026-10-05T00:12:57.683108Z,KXETH15M-26OCT042015-15,0.0090,1.00,no
2026-10-05T00:12:57.683108Z,KXETH15M-26OCT042015-15,0.0090,4.00,no
2026-10-05T00:12:57.683108Z,KXETH15M-26OCT042015-15,0.0100,4.00,no
2026-10-05T00:12:57.683108Z,KXETH15M-26OCT042015-15,0.0090,4.00,no
2026-10-05T00:12:57.683108Z,KXETH15M-26OCT042015-15,0.0100,2.00,no
2026-10-05T00:12:57.683108Z,KXETH15M-26OCT042015-15,0.0080,4.00,no
2026-10-05T00:12:57.683108Z,KXETH15M-26OCT042015-15,0.0120,22.00,no
2026-10-05T00:12:57.683108Z,KXETH15M-26OCT042015-15,0.0080,4.00,no
2026-10-05T00:12:57.683108Z,KXETH15M-26OCT042015-15,0.0130,4.00,no
2026-10-05T00:12:57.683108Z,KXETH15M-26OCT042015-15,0.0080,0.89,no
2026-10-05T00:12:57.683108Z,KXETH15M-26OCT042015-15,0.0130,24.00,no
2026-10-05T00:12:57.683108Z,KXETH15M-26OCT042015-15,0.0100,22.88,no
2026-10-05T00:12:57.683108Z,KXETH15M-26OCT042015-15,0.0080,0.25,no
2026-10-05T00:12:57.683108Z,KXETH15M-26OCT042015-15,0.0110,20.00,no
2026-10-05T00:12:57.683108Z,KXETH15M-26OCT042015-15,0.0090,10.00,no
2026-10-05T00:12:57.683108Z,KXETH15M-26OCT042015-15,0.0100,1.43,no
2026-10-05T00:12:57.683108Z,KXETH15M-26OCT042015-15,0.0100,7.69,no
2026-10-05T00:12:57.683108Z,KXETH15M-26OCT042015-15,0.0100,17.08,no
2026-10-05T00:12:57.683108Z,KXETH15M-26OCT042015-15,0.0100,3.02,no
2026-10-05T00:12:57.683108Z,KXETH15M-26OCT042015-15,0.0100,6.90,no
2026-10-05T00:12:57.683108Z,KXETH15M-26OCT042015-15,0.0100,5.95,no
2026-10-05T00:12:58.821985Z,KXETH15M-26OCT042015-15,0.0120,1.00,yes
2026-10-05T00:12:58.821985Z,KXETH15M-26OCT042015-15,0.0130,23.00,yes
2026-10-05T00:12:58.821985Z,KXETH15M-26OCT042015-15,0.0120,2.00,yes
2026-10-05T00:12:58.821985Z,KXETH15M-26OCT042015-15,0.0130,7.00,yes
2026-10-05T00:12:58.821985Z,KXETH15M-26OCT042015-15,0.0140,4.00,yes
2026-10-05T00:12:58.821985Z,KXETH15M-26OCT042015-15,0.0140,11.34,yes
2026-10-05T00:12:58.821985Z,KXETH15M-26OCT042015-15,0.0120,22.00,yes
2026-10-05T00:12:58.821985Z,KXETH15M-26OCT042015-15,0.0130,1.00,yes
2026-10-05T00:12:58.951312Z,KXETH15M-26OCT042015-15,0.0140,0.19,yes
2026-10-05T00:12:59.040215Z,KXETH15M-26OCT042015-15,0.0140,0.83,yes
2026-10-05T00:12:59.609335Z,KXETH15M-26OCT042015-15,0.0070,1.00,no
2026-10-05T00:12:59.609335Z,KXETH15M-26OCT042015-15,0.0080,16.00,no
2026-10-05T00:12:59.609335Z,KXETH15M-26OCT042015-15,0.0070,0.98,no
2026-10-05T00:12:59.609335Z,KXETH15M-26OCT042015-15,0.0090,22.00,no
2026-10-05T00:12:59.609335Z,KXETH15M-26OCT042015-15,0.0080,41.00,no
2026-10-05T00:12:59.609335Z,KXETH15M-26OCT042015-15,0.0090,41.00,no
2026-10-05T00:12:59.609335Z,KXETH15M-26OCT042015-15,0.0100,61.00,no
2026-10-05T00:13:00.007997Z,KXETH15M-26OCT042015-15,0.0110,1.00,yes
2026-10-05T00:13:00.007997Z,KXETH15M-26OCT042015-15,0.0110,21.00,yes
2026-10-05T00:13:00.007997Z,KXETH15M-26OCT042015-15,0.0110,22.00,yes
2026-10-05T00:13:00.007997Z,KXETH15M-26OCT042015-15,0.0110,3.00,yes
2026-10-05T00:13:00.007997Z,KXETH15M-26OCT042015-15,0.0120,1.00,yes
2026-10-05T00:13:00.007997Z,KXETH15M-26OCT042015-15,0.0130,41.00,yes
2026-10-05T00:13:00.007997Z,KXETH15M-26OCT042015-15,0.0140,40.63,yes
2026-10-05T00:13:00.007997Z,KXETH15M-26OCT042015-15,0.0110,3.00,yes
2026-10-05T00:13:00.031Z,KXETH15M-26OCT042015-15,0.0120,2.00,no
2026-10-05T00:13:00.051242Z,KXETH15M-26OCT042015-15,0.0140,4.00,yes
2026-10-05T00:13:00.051242Z,KXETH15M-26OCT042015-15,0.0140,4.46,yes
2026-10-05T00:13:00.051242Z,KXETH15M-26OCT042015-15,0.0140,0.37,yes
2026-10-05T00:13:00.051242Z,KXETH15M-26OCT042015-15,0.0140,41.00,yes
2026-10-05T00:13:00.84968Z,KXETH15M-26OCT042015-15,0.0100,18.87,no
2026-10-05T00:13:00.84968Z,KXETH15M-26OCT042015-15,0.0100,21.00,no
2026-10-05T00:13:00.84968Z,KXETH15M-26OCT042015-15,0.0100,3.74,no
2026-10-05T00:13:00.866319Z,KXETH15M-26OCT042015-15,0.0110,21.03,yes
2026-10-05T00:13:01.055264Z,KXETH15M-26OCT042015-15,0.0100,7.03,yes
2026-10-05T00:13:01.122563Z,KXETH15M-26OCT042015-15,0.0120,41.00,yes
2026-10-05T00:13:01.122563Z,KXETH15M-26OCT042015-15,0.0140,2.67,yes
2026-10-05T00:13:01.122563Z,KXETH15M-26OCT042015-15,0.0110,3.00,yes
2026-10-05T00:13:01.122563Z,KXETH15M-26OCT042015-15,0.0110,19.97,yes
2026-10-05T00:13:01.268502Z,KXETH15M-26OCT042015-15,0.0120,18.00,yes
2026-10-05T00:13:01.321428Z,KXETH15M-26OCT042015-15,0.0100,2.00,no
2026-10-05T00:13:02.137547Z,KXETH15M-26OCT042015-15,0.0080,0.85,no
2026-10-05T00:13:02.137547Z,KXETH15M-26OCT042015-15,0.0090,10.00,no
2026-10-05T00:13:02.163241Z,KXETH15M-26OCT042015-15,0.0110,3.00,yes
2026-10-05T00:13:02.527423Z,KXETH15M-26OCT042015-15,0.0110,20.00,yes
2026-10-05T00:13:02.527423Z,KXETH15M-26OCT042015-15,0.0120,18.00,yes
2026-10-05T00:13:02.527423Z,KXETH15M-26OCT042015-15,0.0180,4.00,yes
2026-10-05T00:13:02.527423Z,KXETH15M-26OCT042015-15,0.0160,4.00,yes
2026-10-05T00:13:02.527423Z,KXETH15M-26OCT042015-15,0.0160,4.00,yes
2026-10-05T00:13:02.527423Z,KXETH15M-26OCT042015-15,0.0150,9.00,yes
2026-10-05T00:13:02.527423Z,KXETH15M-26OCT042015-15,0.0140,15.00,yes
2026-10-05T00:13:02.527423Z,KXETH15M-26OCT042015-15,0.0170,4.00,yes
2026-10-05T00:13:02.527423Z,KXETH15M-26OCT042015-15,0.0110,13.00,yes
2026-10-05T00:13:02.527423Z,KXETH15M-26OCT042015-15,0.0150,9.00,yes
2026-10-05T00:13:02.527423Z,KXETH15M-26OCT042015-15,0.0110,20.00,yes
2026-10-05T00:13:02.527423Z,KXETH15M-26OCT042015-15,0.0180,4.00,yes
2026-10-05T00:13:02.527423Z,KXETH15M-26OCT042015-15,0.0150,20.00,yes
2026-10-05T00:13:02.527423Z,KXETH15M-26OCT042015-15,0.0190,55.57,yes
2026-10-05T00:13:02.527423Z,KXETH15M-26OCT042015-15,0.0190,10.00,yes
2026-10-05T00:13:02.527423Z,KXETH15M-26OCT042015-15,0.0110,3.00,yes
2026-10-05T00:13:02.527423Z,KXETH15M-26OCT042015-15,0.0160,55.00,yes
2026-10-05T00:13:02.527423Z,KXETH15M-26OCT042015-15,0.0180,1.01,yes
2026-10-05T00:13:02.527423Z,KXETH15M-26OCT042015-15,0.0170,4.00,yes
2026-10-05T00:13:02.527423Z,KXETH15M-26OCT042015-15,0.0170,3.00,yes
2026-10-05T00:13:02.527423Z,KXETH15M-26OCT042015-15,0.0170,1.00,yes
2026-10-05T00:13:02.542748Z,KXETH15M-26OCT042015-15,0.0120,5.00,no
2026-10-05T00:13:02.931404Z,KXETH15M-26OCT042015-15,0.0100,4.00,no
2026-10-05T00:13:02.931404Z,KXETH15M-26OCT042015-15,0.0100,4.00,no
2026-10-05T00:13:02.931404Z,KXETH15M-26OCT042015-15,0.0100,2.00,no
2026-10-05T00:13:03.18931Z,KXETH15M-26OCT042015-15,0.0110,8.65,yes
2026-10-05T00:13:03.18931Z,KXETH15M-26OCT042015-15,0.0110,20.00,yes
2026-10-05T00:13:03.18931Z,KXETH15M-26OCT042015-15,0.0110,3.00,yes
2026-10-05T00:13:03.455874Z,KXETH15M-26OCT042015-15,0.0110,0.32,yes
2026-10-05T00:13:03.461061Z,KXETH15M-26OCT042015-15,0.0110,2.25,yes
2026-10-05T00:13:03.483215Z,KXETH15M-26OCT042015-15,0.0110,3.00,yes
2026-10-05T00:13:03.483215Z,KXETH15M-26OCT042015-15,0.0110,6.43,yes
2026-10-05T00:13:03.483215Z,KXETH15M-26OCT042015-15,0.0110,20.00,yes
2026-10-05T00:13:03.483215Z,KXETH15M-26OCT042015-15,0.0110,5.00,yes
2026-10-05T00:13:03.653903Z,KXETH15M-26OCT042015-15,0.0180,12.00,yes
2026-10-05T00:13:03.653903Z,KXETH15M-26OCT042015-15,0.0120,20.00,yes
2026-10-05T00:13:03.653903Z,KXETH15M-26OCT042015-15,0.0180,4.04,yes
2026-10-05T00:13:03.653903Z,KXETH15M-26OCT042015-15,0.0110,5.00,yes
2026-10-05T00:13:03.653903Z,KXETH15M-26OCT042015-15,0.0110,1.00,yes
2026-10-05T00:13:03.653903Z,KXETH15M-26OCT042015-15,0.0160,4.00,yes
2026-10-05T00:13:03.653903Z,KXETH15M-26OCT042015-15,0.0160,1.01,yes
2026-10-05T00:13:03.653903Z,KXETH15M-26OCT042015-15,0.0150,9.00,yes
2026-10-05T00:13:03.653903Z,KXETH15M-26OCT042015-15,0.0160,4.00,yes
2026-10-05T00:13:03.653903Z,KXETH15M-26OCT042015-15,0.0120,1.00,yes
2026-10-05T00:13:03.653903Z,KXETH15M-26OCT042015-15,0.0170,4.00,yes
2026-10-05T00:13:03.653903Z,KXETH15M-26OCT042015-15,0.0170,4.00,yes
2026-10-05T00:13:03.653903Z,KXETH15M-26OCT042015-15,0.0110,20.00,yes
2026-10-05T00:13:03.653903Z,KXETH15M-26OCT042015-15,0.0120,10.00,yes
2026-10-05T00:13:03.653903Z,KXETH15M-26OCT042015-15,0.0180,4.00,yes
2026-10-05T00:13:03.653903Z,KXETH15M-26OCT042015-15,0.0180,4.00,yes
2026-10-05T00:13:03.653903Z,KXETH15M-26OCT042015-15,0.0150,9.00,yes
2026-10-05T00:13:03.653903Z,KXETH15M-26OCT042015-15,0.0140,20.00,yes
2026-10-05T00:13:03.653903Z,KXETH15M-26OCT042015-15,0.0190,143.79,yes
2026-10-05T00:13:03.670611Z,KXETH15M-26OCT042015-15,0.0030,60.56,no
2026-10-05T00:13:03.670611Z,KXETH15M-26OCT042015-15,0.0040,1.00,no
2026-10-05T00:13:03.670611Z,KXETH15M-26OCT042015-15,0.0030,1.00,no
2026-10-05T00:13:03.670611Z,KXETH15M-26OCT042015-15,0.0030,200.00,no
2026-10-05T00:13:03.670611Z,KXETH15M-26OCT042015-15,0.0050,100.00,no
2026-10-05T00:13:03.670611Z,KXETH15M-26OCT042015-15,0.0050,1.00,no
2026-10-05T00:13:03.670611Z,KXETH15M-26OCT042015-15,0.0060,1.00,no
2026-10-05T00:13:03.670611Z,KXETH15M-26OCT042015-15,0.0040,1.00,no
2026-10-05T00:13:03.670611Z,KXETH15M-26OCT042015-15,0.0040,1.00,no
2026-10-05T00:13:03.670611Z,KXETH15M-26OCT042015-15,0.0040,1.00,no
2026-10-05T00:13:03.670611Z,KXETH15M-26OCT042015-15,0.0040,13.00,no
2026-10-05T00:13:03.670611Z,KXETH15M-26OCT042015-15,0.0050,11.00,no
2026-10-05T00:13:03.670611Z,KXETH15M-26OCT042015-15,0.0040,1.00,no
2026-10-05T00:13:03.670611Z,KXETH15M-26OCT042015-15,0.0040,1.00,no
2026-10-05T00:13:03.670611Z,KXETH15M-26OCT042015-15,0.0100,4.00,no
2026-10-05T00:13:03.670611Z,KXETH15M-26OCT042015-15,0.0080,4.00,no
2026-10-05T00:13:03.670611Z,KXETH15M-26OCT042015-15,0.0090,4.00,no
2026-10-05T00:13:03.670611Z,KXETH15M-26OCT042015-15,0.0060,16.00,no
2026-10-05T00:13:03.670611Z,KXETH15M-26OCT042015-15,0.0090,4.00,no
2026-10-05T00:13:03.670611Z,KXETH15M-26OCT042015-15,0.0100,7.00,no
2026-10-05T00:13:03.670611Z,KXETH15M-26OCT042015-15,0.0100,4.00,no
2026-10-05T00:13:03.670611Z,KXETH15M-26OCT042015-15,0.0090,20.00,no
2026-10-05T00:13:03.670611Z,KXETH15M-26OCT042015-15,0.0080,4.00,no
2026-10-05T00:13:03.670611Z,KXETH15M-26OCT042015-15,0.0100,12.00,no
2026-10-05T00:13:03.670611Z,KXETH15M-26OCT042015-15,0.0050,1.01,no
2026-10-05T00:13:03.670611Z,KXETH15M-26OCT042015-15,0.0080,41.00,no
2026-10-05T00:13:03.670611Z,KXETH15M-26OCT042015-15,0.0050,9.00,no
2026-10-05T00:13:03.670611Z,KXETH15M-26OCT042015-15,0.0090,20.00,no
2026-10-05T00:13:03.670611Z,KXETH15M-26OCT042015-15,0.0090,1.00,no
2026-10-05T00:13:03.670611Z,KXETH15M-26OCT042015-15,0.0050,9.00,no
2026-10-05T00:13:03.670611Z,KXETH15M-26OCT042015-15,0.0090,11.00,no
2026-10-05T00:13:03.670611Z,KXETH15M-26OCT042015-15,0.0070,41.00,no
2026-10-05T00:13:03.670611Z,KXETH15M-26OCT042015-15,0.0060,16.00,no
2026-10-05T00:13:03.670611Z,KXETH15M-26OCT042015-15,0.0040,22.00,no
2026-10-05T00:13:03.670611Z,KXETH15M-26OCT042015-15,0.0040,100.00,no
2026-10-05T00:13:04.088646Z,KXETH15M-26OCT042015-15,0.0100,33.00,yes
2026-10-05T00:13:04.220265Z,KXETH15M-26OCT042015-15,0.0090,20.00,no
2026-10-05T00:13:04.220265Z,KXETH15M-26OCT042015-15,0.0090,11.00,no
2026-10-05T00:13:04.24565Z,KXETH15M-26OCT042015-15,0.0080,7.03,no
2026-10-05T00:13:04.542252Z,KXETH15M-26OCT042015-15,0.0050,1.96,no
2026-10-05T00:13:04.668913Z,KXETH15M-26OCT042015-15,0.0060,2.00,yes
2026-10-05T00:13:04.809106Z,KXETH15M-26OCT042015-15,0.0030,1.18,no
2026-10-05T00:13:04.809106Z,KXETH15M-26OCT042015-15,0.0050,20.00,no
2026-10-05T00:13:04.809106Z,KXETH15M-26OCT042015-15,0.0050,28.04,no
2026-10-05T00:13:04.971347Z,KXETH15M-26OCT042015-15,0.0060,1.64,yes
2026-10-05T00:13:04.971347Z,KXETH15M-26OCT042015-15,0.0060,1.00,yes
2026-10-05T00:13:04.971347Z,KXETH15M-26OCT042015-15,0.0060,22.00,yes
2026-10-05T00:13:05.074081Z,KXETH15M-26OCT042015-15,0.0060,1.36,yes
2026-10-05T00:13:05.074081Z,KXETH15M-26OCT042015-15,0.0060,58.00,yes
2026-10-05T00:13:05.074081Z,KXETH15M-26OCT042015-15,0.0070,20.00,yes
2026-10-05T00:13:05.074081Z,KXETH15M-26OCT042015-15,0.0080,20.00,yes
2026-10-05T00:13:05.074081Z,KXETH15M-26OCT042015-15,0.0070,5.00,yes
2026-10-05T00:13:05.074081Z,KXETH15M-26OCT042015-15,0.0070,1.00,yes
2026-10-05T00:13:05.074081Z,KXETH15M-26OCT042015-15,0.0090,15.81,yes
2026-10-05T00:13:05.28053Z,KXETH15M-26OCT042015-15,0.0030,10.36,no
2026-10-05T00:13:05.28053Z,KXETH15M-26OCT042015-15,0.0060,6.00,no
2026-10-05T00:13:05.28053Z,KXETH15M-26OCT042015-15,0.0070,29.00,no
2026-10-05T00:13:05.28053Z,KXETH15M-26OCT042015-15,0.0050,12.00,no
2026-10-05T00:13:05.28053Z,KXETH15M-26OCT042015-15,0.0050,4.00,no
2026-10-05T00:13:05.28053Z,KXETH15M-26OCT042015-15,0.0040,19.00,no
2026-10-05T00:13:05.28053Z,KXETH15M-26OCT042015-15,0.0040,20.00,no
2026-10-05T00:13:05.531727Z,KXETH15M-26OCT042015-15,0.0060,3.97,yes
2026-10-05T00:13:05.531727Z,KXETH15M-26OCT042015-15,0.0060,0.03,yes
2026-10-05T00:13:05.531727Z,KXETH15M-26OCT042015-15,0.0060,3.00,yes
2026-10-05T00:13:05.684135Z,KXETH15M-26OCT042015-15,0.0060,0.43,no
2026-10-05T00:13:06.113497Z,KXETH15M-26OCT042015-15,0.0070,27.87,yes
2026-10-05T00:13:06.262136Z,KXETH15M-26OCT042015-15,0.0070,1.23,yes
2026-10-05T00:13:06.680238Z,KXETH15M-26OCT042015-15,0.0060,0.57,no
2026-10-05T00:13:06.680238Z,KXETH15M-26OCT042015-15,0.0060,13.00,no
2026-10-05T00:13:06.680238Z,KXETH15M-26OCT042015-15,0.0060,16.46,no
2026-10-05T00:13:06.854173Z,KXETH15M-26OCT042015-15,0.0070,15.00,yes
2026-10-05T00:13:06.854173Z,KXETH15M-26OCT042015-15,0.0080,6.00,yes
2026-10-05T00:13:06.854173Z,KXETH15M-26OCT042015-15,0.0070,14.00,yes
2026-10-05T00:13:06.854173Z,KXETH15M-26OCT042015-15,0.0070,4.77,yes
2026-10-05T00:13:06.854173Z,KXETH15M-26OCT042015-15,0.0080,20.00,yes
2026-10-05T00:13:06.854173Z,KXETH15M-26OCT042015-15,0.0080,0.03,yes
2026-10-05T00:13:06.854173Z,KXETH15M-26OCT042015-15,0.0070,20.00,yes
2026-10-05T00:13:06.854173Z,KXETH15M-26OCT042015-15,0.0090,35.82,yes
2026-10-05T00:13:06.963928Z,KXETH15M-26OCT042015-15,0.0070,30.00,no
2026-10-05T00:13:06.963928Z,KXETH15M-26OCT042015-15,0.0060,11.54,no
2026-10-05T00:13:07.146669Z,KXETH15M-26OCT042015-15,0.0060,19.02,yes
2026-10-05T00:13:07.374137Z,KXETH15M-26OCT042015-15,0.0070,7.00,yes
2026-10-05T00:13:07.589667Z,KXETH15M-26OCT042015-15,0.0090,36.95,yes
2026-10-05T00:13:07.589667Z,KXETH15M-26OCT042015-15,0.0070,13.00,yes
2026-10-05T00:13:07.589667Z,KXETH15M-26OCT042015-15,0.0080,20.00,yes
2026-10-05T00:13:07.623348Z,KXETH15M-26OCT042015-15,0.0070,4.68,no
2026-10-05T00:13:07.853209Z,KXETH15M-26OCT042015-15,0.0090,63.00,yes
2026-10-05T00:13:08.032849Z,KXETH15M-26OCT042015-15,0.0080,4.00,no
2026-10-05T00:13:08.032849Z,KXETH15M-26OCT042015-15,0.0080,4.00,no
2026-10-05T00:13:08.032849Z,KXETH15M-26OCT042015-15,0.0080,97.47,no
2026-10-05T00:13:08.243845Z,KXETH15M-26OCT042015-15,0.0090,100.00,yes
2026-10-05T00:13:08.243845Z,KXETH15M-26OCT042015-15,0.0090,48.42,yes
2026-10-05T00:13:08.605599Z,KXETH15M-26OCT042015-15,0.0090,3.94,no
2026-10-05T00:13:08.642074Z,KXETH15M-26OCT042015-15,0.0090,0.06,no
2026-10-05T00:13:08.642074Z,KXETH15M-26OCT042015-15,0.0090,3.94,no
2026-10-05T00:13:08.769413Z,KXETH15M-26OCT042015-15,0.0090,0.06,no
2026-10-05T00:13:08.769413Z,KXETH15M-26OCT042015-15,0.0090,3.94,no
2026-10-05T00:13:09.072121Z,KXETH15M-26OCT042015-15,0.0090,3.94,no
2026-10-05T00:13:09.072121Z,KXETH15M-26OCT042015-15,0.0090,0.06,no
2026-10-05T00:13:09.091877Z,KXETH15M-26OCT042015-15,0.0100,25.00,yes
2026-10-05T00:13:09.091877Z,KXETH15M-26OCT042015-15,0.0100,7.51,yes
2026-10-05T00:13:09.189592Z,KXETH15M-26OCT042015-15,0.0090,3.94,no
2026-10-05T00:13:09.189592Z,KXETH15M-26OCT042015-15,0.0090,0.06,no
2026-10-05T00:13:09.568669Z,KXETH15M-26OCT042015-15,0.0090,1.56,no
2026-10-05T00:13:09.576345Z,KXETH15M-26OCT042015-15,0.0090,11.39,no
2026-10-05T00:13:09.576345Z,KXETH15M-26OCT042015-15,0.0090,2.44,no
2026-10-05T00:13:09.576345Z,KXETH15M-26OCT042015-15,0.0090,4.00,no
2026-10-05T00:13:10.121162Z,KXETH15M-26OCT042015-15,0.0100,21.00,yes
2026-10-05T00:13:10.121162Z,KXETH15M-26OCT042015-15,0.0100,1.00,yes
2026-10-05T00:13:10.121162Z,KXETH15M-26OCT042015-15,0.0100,37.00,yes
2026-10-05T00:13:10.121162Z,KXETH15M-26OCT042015-15,0.0100,1.00,yes
2026-10-05T00:13:10.121162Z,KXETH15M-26OCT042015-15,0.0100,3.00,yes
2026-10-05T00:13:10.121162Z,KXETH15M-26OCT042015-15,0.0100,39.00,yes
2026-10-05T00:13:10.136998Z,KXETH15M-26OCT042015-15,0.0110,15.00,yes
2026-10-05T00:13:10.665189Z,KXETH15M-26OCT042015-15,0.0190,4.00,no
2026-10-05T00:13:10.665189Z,KXETH15M-26OCT042015-15,0.0190,20.00,no
2026-10-05T00:13:10.665189Z,KXETH15M-26OCT042015-15,0.0190,4.00,no
2026-10-05T00:13:10.715241Z,KXETH15M-26OCT042015-15,0.0180,41.00,no
2026-10-05T00:13:10.752766Z,KXETH15M-26OCT042015-15,0.0200,56.00,yes
2026-10-05T00:13:10.752766Z,KXETH15M-26OCT042015-15,0.0200,16.77,yes
2026-10-05T00:13:10.752766Z,KXETH15M-26OCT042015-15,0.0200,0.03,yes
2026-10-05T00:13:10.752766Z,KXETH15M-26OCT042015-15,0.0210,0.03,yes
2026-10-05T00:13:10.752766Z,KXETH15M-26OCT042015-15,0.0220,10.38,yes
2026-10-05T00:13:10.851076Z,KXETH15M-26OCT042015-15,0.0170,4.00,no
2026-10-05T00:13:10.851076Z,KXETH15M-26OCT042015-15,0.0050,9.00,no
2026-10-05T00:13:10.851076Z,KXETH15M-26OCT042015-15,0.0100,9.00,no
2026-10-05T00:13:10.851076Z,KXETH15M-26OCT042015-15,0.0150,4.00,no
2026-10-05T00:13:10.851076Z,KXETH15M-26OCT042015-15,0.0160,41.00,no
2026-10-05T00:13:10.851076Z,KXETH15M-26OCT042015-15,0.0160,4.00,no
2026-10-05T00:13:10.851076Z,KXETH15M-26OCT042015-15,0.0160,4.00,no
2026-10-05T00:13:10.851076Z,KXETH15M-26OCT042015-15,0.0070,34.00,no
2026-10-05T00:13:10.851076Z,KXETH15M-26OCT042015-15,0.0170,41.00,no
2026-10-05T00:13:10.851076Z,KXETH15M-26OCT042015-15,0.0180,4.00,no
2026-10-05T00:13:10.851076Z,KXETH15M-26OCT042015-15,0.0070,13.00,no
2026-10-05T00:13:10.851076Z,KXETH15M-26OCT042015-15,0.0170,4.00,no
2026-10-05T00:13:10.851076Z,KXETH15M-26OCT042015-15,0.0110,20.00,no
2026-10-05T00:13:10.851076Z,KXETH15M-26OCT042015-15,0.0050,9.00,no
2026-10-05T00:13:10.851076Z,KXETH15M-26OCT042015-15,0.0040,509.59,no
2026-10-05T00:13:10.851076Z,KXETH15M-26OCT042015-15,0.0050,3.00,no
2026-10-05T00:13:10.851076Z,KXETH15M-26OCT042015-15,0.0060,41.00,no
2026-10-05T00:13:10.851076Z,KXETH15M-26OCT042015-15,0.0040,86.00,no
2026-10-05T00:13:10.851076Z,KXETH15M-26OCT042015-15,0.0050,20.00,no
2026-10-05T00:13:10.851076Z,KXETH15M-26OCT042015-15,0.0040,21.00,no
2026-10-05T00:13:10.851076Z,KXETH15M-26OCT042015-15,0.0150,14.00,no
2026-10-05T00:13:10.95272Z,KXETH15M-26OCT042015-15,0.0150,4.00,no
2026-10-05T00:13:10.95272Z,KXETH15M-26OCT042015-15,0.0150,10.00,no
2026-10-05T00:13:11.209089Z,KXETH15M-26OCT042015-15,0.0150,31.00,no
2026-10-05T00:13:11.209089Z,KXETH15M-26OCT042015-15,0.0150,12.00,no
2026-10-05T00:13:11.209089Z,KXETH15M-26OCT042015-15,0.0150,9.00,no
2026-10-05T00:13:11.337974Z,KXETH15M-26OCT042015-15,0.0140,0.02,no
2026-10-05T00:13:11.606525Z,KXETH15M-26OCT042015-15,0.0150,1.67,yes
2026-10-05T00:13:12.093507Z,KXETH15M-26OCT042015-15,0.0140,118.00,yes
2026-10-05T00:13:12.093507Z,KXETH15M-26OCT042015-15,0.0140,4.00,yes
2026-10-05T00:13:12.093507Z,KXETH15M-26OCT042015-15,0.0190,1.01,yes
2026-10-05T00:13:12.093507Z,KXETH15M-26OCT042015-15,0.0210,3.25,yes
2026-10-05T00:13:12.093507Z,KXETH15M-26OCT042015-15,0.0140,4.00,yes
2026-10-05T00:13:12.093507Z,KXETH15M-26OCT042015-15,0.0250,9.00,yes
2026-10-05T00:13:12.093507Z,KXETH15M-26OCT042015-15,0.0250,8.00,yes
2026-10-05T00:13:12.093507Z,KXETH15M-26OCT042015-15,0.0250,20.00,yes
2026-10-05T00:13:12.093507Z,KXETH15M-26OCT042015-15,0.0140,20.00,yes
2026-10-05T00:13:12.093507Z,KXETH15M-26OCT042015-15,0.0160,4.00,yes
2026-10-05T00:13:12.093507Z,KXETH15M-26OCT042015-15,0.0200,9.00,yes
2026-10-05T00:13:12.093507Z,KXETH15M-26OCT042015-15,0.0150,4.00,yes
2026-10-05T00:13:12.093507Z,KXETH15M-26OCT042015-15,0.0150,4.00,yes
2026-10-05T00:13:12.093507Z,KXETH15M-26OCT042015-15,0.0270,12.00,yes
2026-10-05T00:13:12.093507Z,KXETH15M-26OCT042015-15,0.0160,4.00,yes
2026-10-05T00:13:12.093507Z,KXETH15M-26OCT042015-15,0.0200,9.00,yes
2026-10-05T00:13:12.093507Z,KXETH15M-26OCT042015-15,0.0150,83.33,yes
2026-10-05T00:13:12.093507Z,KXETH15M-26OCT042015-15,0.0160,4.00,yes
2026-10-05T00:13:12.093507Z,KXETH15M-26OCT042015-15,0.0220,0.03,yes
2026-10-05T00:13:12.093507Z,KXETH15M-26OCT042015-15,0.0240,0.04,yes
2026-10-05T00:13:12.093507Z,KXETH15M-26OCT042015-15,0.0250,0.04,yes
2026-10-05T00:13:12.093507Z,KXETH15M-26OCT042015-15,0.0260,0.05,yes
2026-10-05T00:13:12.093507Z,KXETH15M-26OCT042015-15,0.0270,0.05,yes
2026-10-05T00:13:12.093507Z,KXETH15M-26OCT042015-15,0.0240,1.00,yes
2026-10-05T00:13:12.093507Z,KXETH15M-26OCT042015-15,0.0180,3.00,yes
2026-10-05T00:13:12.093507Z,KXETH15M-26OCT042015-15,0.0220,22.52,yes
2026-10-05T00:13:12.093507Z,KXETH15M-26OCT042015-15,0.0280,15.00,yes
2026-10-05T00:13:12.093507Z,KXETH15M-26OCT042015-15,0.0280,10.00,yes
2026-10-05T00:13:12.093507Z,KXETH15M-26OCT042015-15,0.0280,4.00,yes
2026-10-05T00:13:12.093507Z,KXETH15M-26OCT042015-15,0.0230,3.00,yes
2026-10-05T00:13:12.093507Z,KXETH15M-26OCT042015-15,0.0280,21.08,yes
2026-10-05T00:13:12.093507Z,KXETH15M-26OCT042015-15,0.0280,1.02,yes
2026-10-05T00:13:12.093507Z,KXETH15M-26OCT042015-15,0.0280,0.40,yes
2026-10-05T00:13:12.093507Z,KXETH15M-26OCT042015-15,0.0280,10.20,yes
2026-10-05T00:13:12.093507Z,KXETH15M-26OCT042015-15,0.0280,4.60,yes
2026-10-05T00:13:12.093507Z,KXETH15M-26OCT042015-15,0.0240,1.00,yes
2026-10-05T00:13:12.093507Z,KXETH15M-26OCT042015-15,0.0230,0.04,yes
2026-10-05T00:13:12.093507Z,KXETH15M-26OCT042015-15,0.0260,3.00,yes
2026-10-05T00:13:12.093507Z,KXETH15M-26OCT042015-15,0.0270,3.00,yes
2026-10-05T00:13:12.093507Z,KXETH15M-26OCT042015-15,0.0280,500.00,yes
2026-10-05T00:13:12.421027Z,KXETH15M-26OCT042015-15,0.0120,20.00,yes
2026-10-05T00:13:12.421027Z,KXETH15M-26OCT042015-15,0.0150,4.36,yes
2026-10-05T00:13:12.421027Z,KXETH15M-26OCT042015-15,0.0110,4.00,yes
2026-10-05T00:13:12.421027Z,KXETH15M-26OCT042015-15,0.0120,4.00,yes
2026-10-05T00:13:12.421027Z,KXETH15M-26OCT042015-15,0.0130,4.00,yes
2026-10-05T00:13:12.421027Z,KXETH15M-26OCT042015-15,0.0150,1.00,yes
2026-10-05T00:13:12.421027Z,KXETH15M-26OCT042015-15,0.0120,1.00,yes
2026-10-05T00:13:12.421027Z,KXETH15M-26OCT042015-15,0.0110,20.00,yes
2026-10-05T00:13:12.421027Z,KXETH15M-26OCT042015-15,0.0100,4.00,yes
2026-10-05T00:13:12.941423Z,KXETH15M-26OCT042015-15,0.0100,21.94,no
2026-10-05T00:13:13.333955Z,KXETH15M-26OCT042015-15,0.0110,20.00,yes
2026-10-05T00:13:13.742948Z,KXETH15M-26OCT042015-15,0.0110,34.71,yes
2026-10-05T00:13:13.789994Z,KXETH15M-26OCT042015-15,0.0110,0.85,yes
2026-10-05T00:13:13.925093Z,KXETH15M-26OCT042015-15,0.0110,3.00,yes
2026-10-05T00:13:13.925093Z,KXETH15M-26OCT042015-15,0.0110,21.09,yes
2026-10-05T00:13:13.925093Z,KXETH15M-26OCT042015-15,0.0110,5.07,yes
2026-10-05T00:13:14.145253Z,KXETH15M-26OCT042015-15,0.0100,78.06,no
2026-10-05T00:13:14.145253Z,KXETH15M-26OCT042015-15,0.0100,12.00,no
2026-10-05T00:13:14.145253Z,KXETH15M-26OCT042015-15,0.0090,66.30,no
2026-10-05T00:13:14.145253Z,KXETH15M-26OCT042015-15,0.0090,34.00,no
2026-10-05T00:13:14.145253Z,KXETH15M-26OCT042015-15,0.0080,100.00,no
2026-10-05T00:13:14.145253Z,KXETH15M-26OCT042015-15,0.0090,100.00,no
2026-10-05T00:13:14.145253Z,KXETH15M-26OCT042015-15,0.0100,0.37,no
2026-10-05T00:13:14.253666Z,KXETH15M-26OCT042015-15,0.0080,81.25,yes
2026-10-05T00:13:14.420241Z,KXETH15M-26OCT042015-15,0.0080,1.00,yes
2026-10-05T00:13:14.420241Z,KXETH15M-26OCT042015-15,0.0090,4.00,yes
2026-10-05T00:13:14.420241Z,KXETH15M-26OCT042015-15,0.0090,5.85,yes
2026-10-05T00:13:14.420241Z,KXETH15M-26OCT042015-15,0.0080,37.61,yes
2026-10-05T00:13:14.662205Z,KXETH15M-26OCT042015-15,0.0080,0.30,no
2026-10-05T00:13:14.782804Z,KXETH15M-26OCT042015-15,0.0080,13.70,no
2026-10-05T00:13:14.782804Z,KXETH15M-26OCT042015-15,0.0070,7.57,no
2026-10-05T00:13:14.875315Z,KXETH15M-26OCT042015-15,0.0090,2.22,yes
2026-10-05T00:13:15.140711Z,KXETH15M-26OCT042015-15,0.0090,1.00,yes
2026-10-05T00:13:15.140711Z,KXETH15M-26OCT042015-15,0.0090,100.00,yes
2026-10-05T00:13:15.140711Z,KXETH15M-26OCT042015-15,0.0100,42.74,yes
2026-10-05T00:13:15.140711Z,KXETH15M-26OCT042015-15,0.0100,20.00,yes
2026-10-05T00:13:15.140711Z,KXETH15M-26OCT042015-15,0.0090,5.00,yes
2026-10-05T00:13:15.140711Z,KXETH15M-26OCT042015-15,0.0090,2.00,yes
2026-10-05T00:13:15.140711Z,KXETH15M-26OCT042015-15,0.0080,13.00,yes
2026-10-05T00:13:15.140711Z,KXETH15M-26OCT042015-15,0.0080,17.00,yes
2026-10-05T00:13:15.471352Z,KXETH15M-26OCT042015-15,0.0080,1.00,no
2026-10-05T00:13:15.471352Z,KXETH15M-26OCT042015-15,0.0080,4.00,no
2026-10-05T00:13:15.807766Z,KXETH15M-26OCT042015-15,0.0150,9.00,yes
2026-10-05T00:13:15.807766Z,KXETH15M-26OCT042015-15,0.0150,9.00,yes
2026-10-05T00:13:15.807766Z,KXETH15M-26OCT042015-15,0.0190,3.04,yes
2026-10-05T00:13:15.807766Z,KXETH15M-26OCT042015-15,0.0110,4.00,yes
2026-10-05T00:13:15.807766Z,KXETH15M-26OCT042015-15,0.0120,4.00,yes
2026-10-05T00:13:15.807766Z,KXETH15M-26OCT042015-15,0.0110,3.00,yes
2026-10-05T00:13:15.807766Z,KXETH15M-26OCT042015-15,0.0130,4.00,yes
2026-10-05T00:13:15.807766Z,KXETH15M-26OCT042015-15,0.0120,4.00,yes
2026-10-05T00:13:15.807766Z,KXETH15M-26OCT042015-15,0.0110,78.06,yes
2026-10-05T00:13:15.807766Z,KXETH15M-26OCT042015-15,0.0150,66.30,yes
2026-10-05T00:13:15.807766Z,KXETH15M-26OCT042015-15,0.0110,4.00,yes
2026-10-05T00:13:15.807766Z,KXETH15M-26OCT042015-15,0.0100,57.26,yes
2026-10-05T00:13:15.807766Z,KXETH15M-26OCT042015-15,0.0100,4.00,yes
2026-10-05T00:13:15.807766Z,KXETH15M-26OCT042015-15,0.0090,5.00,yes
2026-10-05T00:13:15.807766Z,KXETH15M-26OCT042015-15,0.0100,20.00,yes
2026-10-05T00:13:15.807766Z,KXETH15M-26OCT042015-15,0.0090,3.00,yes
2026-10-05T00:13:15.807766Z,KXETH15M-26OCT042015-15,0.0090,18.00,yes
2026-10-05T00:13:15.807766Z,KXETH15M-26OCT042015-15,0.0090,20.00,yes
2026-10-05T00:13:15.858676Z,KXETH15M-26OCT042015-15,0.0080,8.30,no
2026-10-05T00:13:15.858676Z,KXETH15M-26OCT042015-15,0.0080,11.00,no
2026-10-05T00:13:15.943335Z,KXETH15M-26OCT042015-15,0.0100,20.00,yes
2026-10-05T00:13:15.943335Z,KXETH15M-26OCT042015-15,0.0090,20.00,yes
2026-10-05T00:13:15.943335Z,KXETH15M-26OCT042015-15,0.0090,5.00,yes
2026-10-05T00:13:16.067537Z,KXETH15M-26OCT042015-15,0.0120,40.00,no
2026-10-05T00:13:16.076231Z,KXETH15M-26OCT042015-15,0.0120,3.00,no
2026-10-05T00:13:16.085208Z,KXETH15M-26OCT042015-15,0.0120,2.02,no
2026-10-05T00:13:16.089958Z,KXETH15M-26OCT042015-15,0.0120,3.00,no
2026-10-05T00:13:16.564174Z,KXETH15M-26OCT042015-15,0.0120,3.00,no
2026-10-05T00:13:16.63907Z,KXETH15M-26OCT042015-15,0.0120,4.04,no
2026-10-05T00:13:16.892095Z,KXETH15M-26OCT042015-15,0.0120,3.00,no
2026-10-05T00:13:16.902863Z,KXETH15M-26OCT042015-15,0.0110,7.60,no
2026-10-05T00:13:16.902863Z,KXETH15M-26OCT042015-15,0.0120,41.94,no
2026-10-05T00:13:17.005632Z,KXETH15M-26OCT042015-15,0.0110,3.00,no
2026-10-05T00:13:17.841924Z,KXETH15M-26OCT042015-15,0.0200,20.00,yes
2026-10-05T00:13:17.841924Z,KXETH15M-26OCT042015-15,0.0200,9.00,yes
2026-10-05T00:13:17.841924Z,KXETH15M-26OCT042015-15,0.0200,30.00,yes
2026-10-05T00:13:17.841924Z,KXETH15M-26OCT042015-15,0.0200,9.00,yes
2026-10-05T00:13:17.841924Z,KXETH15M-26OCT042015-15,0.0190,12.00,yes
2026-10-05T00:13:17.841924Z,KXETH15M-26OCT042015-15,0.0200,9.29,yes
2026-10-05T00:13:17.841924Z,KXETH15M-26OCT042015-15,0.0130,40.00,yes
2026-10-05T00:13:17.841924Z,KXETH15M-26OCT042015-15,0.0190,20.00,yes
2026-10-05T00:13:17.841924Z,KXETH15M-26OCT042015-15,0.0130,3.00,yes
2026-10-05T00:13:17.841924Z,KXETH15M-26OCT042015-15,0.0130,4.04,yes
2026-10-05T00:13:17.841924Z,KXETH15M-26OCT042015-15,0.0120,7.60,yes
2026-10-05T00:13:17.841924Z,KXETH15M-26OCT042015-15,0.0130,3.00,yes
2026-10-05T00:13:17.841924Z,KXETH15M-26OCT042015-15,0.0130,3.00,yes
2026-10-05T00:13:17.841924Z,KXETH15M-26OCT042015-15,0.0130,2.02,yes
2026-10-05T00:13:17.841924Z,KXETH15M-26OCT042015-15,0.0130,41.94,yes
2026-10-05T00:13:17.841924Z,KXETH15M-26OCT042015-15,0.0120,8.00,yes
2026-10-05T00:13:17.841924Z,KXETH15M-26OCT042015-15,0.0130,3.00,yes
2026-10-05T00:13:17.841924Z,KXETH15M-26OCT042015-15,0.0120,4.00,yes
2026-10-05T00:13:17.841924Z,KXETH15M-26OCT042015-15,0.0120,20.00,yes
2026-10-05T00:13:17.841924Z,KXETH15M-26OCT042015-15,0.0130,4.00,yes
2026-10-05T00:13:17.841924Z,KXETH15M-26OCT042015-15,0.0120,10.00,yes
2026-10-05T00:13:17.841924Z,KXETH15M-26OCT042015-15,0.0120,3.00,yes
2026-10-05T00:13:17.841924Z,KXETH15M-26OCT042015-15,0.0130,4.00,yes
2026-10-05T00:13:17.841924Z,KXETH15M-26OCT042015-15,0.0130,20.00,yes
2026-10-05T00:13:17.841924Z,KXETH15M-26OCT042015-15,0.0140,4.00,yes
2026-10-05T00:13:17.841924Z,KXETH15M-26OCT042015-15,0.0140,4.00,yes
2026-10-05T00:13:17.841924Z,KXETH15M-26OCT042015-15,0.0150,4.00,yes
2026-10-05T00:13:18.382214Z,KXETH15M-26OCT042015-15,0.0110,1.00,no
2026-10-05T00:13:18.40098Z,KXETH15M-26OCT042015-15,0.0120,13.00,yes
2026-10-05T00:13:18.40098Z,KXETH15M-26OCT042015-15,0.0120,14.00,yes
2026-10-05T00:13:18.40098Z,KXETH15M-26OCT042015-15,0.0120,1.00,yes
2026-10-05T00:13:18.40098Z,KXETH15M-26OCT042015-15,0.0120,6.00,yes
2026-10-05T00:13:18.40098Z,KXETH15M-26OCT042015-15,0.0120,20.00,yes
2026-10-05T00:13:18.40098Z,KXETH15M-26OCT042015-15,0.0120,3.00,yes
2026-10-05T00:13:18.574005Z,KXETH15M-26OCT042015-15,0.0110,10.97,no
2026-10-05T00:13:18.959079Z,KXETH15M-26OCT042015-15,0.0110,51.00,no
2026-10-05T00:13:19.325812Z,KXETH15M-26OCT042015-15,0.0110,23.57,no
2026-10-05T00:13:19.325812Z,KXETH15M-26OCT042015-15,0.0110,26.43,no
2026-10-05T00:13:19.412671Z,KXETH15M-26OCT042015-15,0.0110,7.00,no
2026-10-05T00:13:19.46272Z,KXETH15M-26OCT042015-15,0.0100,100.00,no
2026-10-05T00:13:19.46272Z,KXETH15M-26OCT042015-15,0.0110,35.73,no
2026-10-05T00:13:19.46272Z,KXETH15M-26OCT042015-15,0.0110,26.00,no
2026-10-05T00:13:19.46272Z,KXETH15M-26OCT042015-15,0.0100,0.01,no
2026-10-05T00:13:19.718306Z,KXETH15M-26OCT042015-15,0.0080,12.00,no
2026-10-05T00:13:19.718306Z,KXETH15M-26OCT042015-15,0.0050,767.57,no
2026-10-05T00:13:19.718306Z,KXETH15M-26OCT042015-15,0.0090,34.00,no
2026-10-05T00:13:19.718306Z,KXETH15M-26OCT042015-15,0.0050,20.00,no
2026-10-05T00:13:19.718306Z,KXETH15M-26OCT042015-15,0.0050,100.00,no
2026-10-05T00:13:19.718306Z,KXETH15M-26OCT042015-15,0.0060,100.00,no
2026-10-05T00:13:19.718306Z,KXETH15M-26OCT042015-15,0.0070,100.00,no
2026-10-05T00:13:19.718306Z,KXETH15M-26OCT042015-15,0.0070,12.43,no
2026-10-05T00:13:19.718306Z,KXETH15M-26OCT042015-15,0.0060,4.00,no
2026-10-05T00:13:19.718306Z,KXETH15M-26OCT042015-15,0.0050,4.00,no
2026-10-05T00:13:19.718306Z,KXETH15M-26OCT042015-15,0.0050,4.00,no
2026-10-05T00:13:19.718306Z,KXETH15M-26OCT042015-15,0.0070,4.00,no
2026-10-05T00:13:19.718306Z,KXETH15M-26OCT042015-15,0.0060,4.00,no
2026-10-05T00:13:19.718306Z,KXETH15M-26OCT042015-15,0.0070,4.00,no
2026-10-05T00:13:19.718306Z,KXETH15M-26OCT042015-15,0.0050,9.00,no
2026-10-05T00:13:20.933206Z,KXETH15M-26OCT042015-15,0.0200,30.00,yes
2026-10-05T00:13:20.933206Z,KXETH15M-26OCT042015-15,0.0200,40.00,yes
2026-10-05T00:13:20.933206Z,KXETH15M-26OCT042015-15,0.0090,15.00,yes
2026-10-05T00:13:20.933206Z,KXETH15M-26OCT042015-15,0.0090,16.00,yes
2026-10-05T00:13:20.933206Z,KXETH15M-26OCT042015-15,0.0120,0.03,yes
2026-10-05T00:13:20.933206Z,KXETH15M-26OCT042015-15,0.0190,20.00,yes
2026-10-05T00:13:20.933206Z,KXETH15M-26OCT042015-15,0.0200,5.00,yes
2026-10-05T00:13:20.933206Z,KXETH15M-26OCT042015-15,0.0200,20.00,yes
2026-10-05T00:13:20.933206Z,KXETH15M-26OCT042015-15,0.0200,9.00,yes
2026-10-05T00:13:20.933206Z,KXETH15M-26OCT042015-15,0.0100,5.00,yes
2026-10-05T00:13:20.933206Z,KXETH15M-26OCT042015-15,0.0200,9.00,yes
2026-10-05T00:13:20.933206Z,KXETH15M-26OCT042015-15,0.0170,7.00,yes
2026-10-05T00:13:20.933206Z,KXETH15M-26OCT042015-15,0.0100,0.03,yes
2026-10-05T00:13:20.933206Z,KXETH15M-26OCT042015-15,0.0170,35.73,yes
2026-10-05T00:13:20.933206Z,KXETH15M-26OCT042015-15,0.0090,1.00,yes
2026-10-05T00:13:20.933206Z,KXETH15M-26OCT042015-15,0.0090,100.00,yes
2026-10-05T00:13:20.933206Z,KXETH15M-26OCT042015-15,0.0090,20.00,yes
2026-10-05T00:13:20.933206Z,KXETH15M-26OCT042015-15,0.0140,4.00,yes
2026-10-05T00:13:20.933206Z,KXETH15M-26OCT042015-15,0.0170,23.57,yes
2026-10-05T00:13:20.933206Z,KXETH15M-26OCT042015-15,0.0110,26.43,yes
2026-10-05T00:13:20.933206Z,KXETH15M-26OCT042015-15,0.0100,20.00,yes
2026-10-05T00:13:20.933206Z,KXETH15M-26OCT042015-15,0.0090,100.00,yes
2026-10-05T00:13:20.933206Z,KXETH15M-26OCT042015-15,0.0130,4.00,yes
2026-10-05T00:13:20.933206Z,KXETH15M-26OCT042015-15,0.0090,100.00,yes
2026-10-05T00:13:20.933206Z,KXETH15M-26OCT042015-15,0.0120,4.00,yes
2026-10-05T00:13:20.933206Z,KXETH15M-26OCT042015-15,0.0210,21.65,yes
2026-10-05T00:13:20.933206Z,KXETH15M-26OCT042015-15,0.0130,4.00,yes
2026-10-05T00:13:20.933206Z,KXETH15M-26OCT042015-15,0.0150,4.00,yes
2026-10-05T00:13:20.933206Z,KXETH15M-26OCT042015-15,0.0110,51.00,yes
2026-10-05T00:13:20.933206Z,KXETH15M-26OCT042015-15,0.0130,0.03,yes
2026-10-05T00:13:20.933206Z,KXETH15M-26OCT042015-15,0.0190,12.00,yes
2026-10-05T00:13:20.933206Z,KXETH15M-26OCT042015-15,0.0140,4.00,yes
2026-10-05T00:13:20.933206Z,KXETH15M-26OCT042015-15,0.0110,10.97,yes
2026-10-05T00:13:22.034958Z,KXETH15M-26OCT042015-15,0.0100,7.73,yes
2026-10-05T00:13:22.034958Z,KXETH15M-26OCT042015-15,0.0100,4.00,yes
2026-10-05T00:13:22.034958Z,KXETH15M-26OCT042015-15,0.0100,1.00,yes
2026-10-05T00:13:22.034958Z,KXETH15M-26OCT042015-15,0.0100,20.00,yes
2026-10-05T00:13:22.884679Z,KXETH15M-26OCT042015-15,0.0070,5.00,yes
2026-10-05T00:13:22.884679Z,KXETH15M-26OCT042015-15,0.0070,19.00,yes
2026-10-05T00:13:22.884679Z,KXETH15M-26OCT042015-15,0.0070,20.00,yes
2026-10-05T00:13:23.662889Z,KXETH15M-26OCT042015-15,0.0020,100.00,no
2026-10-05T00:13:23.662889Z,KXETH15M-26OCT042015-15,0.0020,1.00,no
2026-10-05T00:13:23.662889Z,KXETH15M-26OCT042015-15,0.0030,6.46,no
2026-10-05T00:13:23.662889Z,KXETH15M-26OCT042015-15,0.0020,26.00,no
2026-10-05T00:13:23.662889Z,KXETH15M-26OCT042015-15,0.0020,3.00,no
2026-10-05T00:13:23.662889Z,KXETH15M-26OCT042015-15,0.0030,2.00,no
2026-10-05T00:13:23.662889Z,KXETH15M-26OCT042015-15,0.0030,2.00,no
2026-10-05T00:13:23.662889Z,KXETH15M-26OCT042015-15,0.0020,3.00,no
2026-10-05T00:13:23.662889Z,KXETH15M-26OCT042015-15,0.0030,2.00,no
2026-10-05T00:13:23.662889Z,KXETH15M-26OCT042015-15,0.0020,3.00,no
2026-10-05T00:13:23.662889Z,KXETH15M-26OCT042015-15,0.0020,3.00,no
2026-10-05T00:13:23.662889Z,KXETH15M-26OCT042015-15,0.0030,2.00,no
2026-10-05T00:13:23.662889Z,KXETH15M-26OCT042015-15,0.0030,2.00,no
2026-10-05T00:13:23.662889Z,KXETH15M-26OCT042015-15,0.0020,3.00,no
2026-10-05T00:13:23.662889Z,KXETH15M-26OCT042015-15,0.0020,98.48,no
2026-10-05T00:13:23.662889Z,KXETH15M-26OCT042015-15,0.0050,12.00,no
2026-10-05T00:13:23.662889Z,KXETH15M-26OCT042015-15,0.0040,4.00,no
2026-10-05T00:13:23.662889Z,KXETH15M-26OCT042015-15,0.0030,4.00,no
2026-10-05T00:13:23.662889Z,KXETH15M-26OCT042015-15,0.0030,4.00,no
2026-10-05T00:13:23.662889Z,KXETH15M-26OCT042015-15,0.0050,20.00,no
2026-10-05T00:13:23.662889Z,KXETH15M-26OCT042015-15,0.0030,100.00,no
2026-10-05T00:13:23.662889Z,KXETH15M-26OCT042015-15,0.0040,100.00,no
2026-10-05T00:13:24.145704Z,KXETH15M-26OCT042015-15,0.0040,1.97,yes
2026-10-05T00:13:24.523599Z,KXETH15M-26OCT042015-15,0.0040,7.73,yes
2026-10-05T00:13:24.995689Z,KXETH15M-26OCT042015-15,0.0050,20.00,yes
2026-10-05T00:13:24.995689Z,KXETH15M-26OCT042015-15,0.0040,90.30,yes
2026-10-05T00:13:24.995689Z,KXETH15M-26OCT042015-15,0.0040,20.00,yes
2026-10-05T00:13:24.995689Z,KXETH15M-26OCT042015-15,0.0040,24.00,yes
2026-10-05T00:13:24.995689Z,KXETH15M-26OCT042015-15,0.0050,39.83,yes
2026-10-05T00:13:24.995689Z,KXETH15M-26OCT042015-15,0.0040,9.00,yes
2026-10-05T00:13:25.581699Z,KXETH15M-26OCT042015-15,0.0040,1.03,yes
2026-10-05T00:13:25.775949Z,KXETH15M-26OCT042015-15,0.0040,20.00,yes
2026-10-05T00:13:25.775949Z,KXETH15M-26OCT042015-15,0.0040,17.00,yes
2026-10-05T00:13:25.775949Z,KXETH15M-26OCT042015-15,0.0050,67.00,yes
2026-10-05T00:13:25.775949Z,KXETH15M-26OCT042015-15,0.0040,18.97,yes
2026-10-05T00:13:25.775949Z,KXETH15M-26OCT042015-15,0.0070,98.48,yes
2026-10-05T00:13:25.775949Z,KXETH15M-26OCT042015-15,0.0090,20.00,yes
2026-10-05T00:13:25.775949Z,KXETH15M-26OCT042015-15,0.0100,383.57,yes
2026-10-05T00:13:25.775949Z,KXETH15M-26OCT042015-15,0.0090,21.00,yes
2026-10-05T00:13:25.775949Z,KXETH15M-26OCT042015-15,0.0050,100.00,yes
2026-10-05T00:13:25.775949Z,KXETH15M-26OCT042015-15,0.0050,356.17,yes
2026-10-05T00:13:25.775949Z,KXETH15M-26OCT042015-15,0.0100,40.00,yes
2026-10-05T00:13:25.775949Z,KXETH15M-26OCT042015-15,0.0100,3.00,yes
2026-10-05T00:13:25.775949Z,KXETH15M-26OCT042015-15,0.0100,100.00,yes
2026-10-05T00:13:26.270186Z,KXETH15M-26OCT042015-15,0.0070,21.00,yes
2026-10-05T00:13:26.270186Z,KXETH15M-26OCT042015-15,0.0090,21.00,yes
2026-10-05T00:13:26.270186Z,KXETH15M-26OCT042015-15,0.0090,20.00,yes
2026-10-05T00:13:26.270186Z,KXETH15M-26OCT042015-15,0.0070,39.00,yes
2026-10-05T00:13:26.270186Z,KXETH15M-26OCT042015-15,0.0100,252.31,yes
2026-10-05T00:13:26.418474Z,KXETH15M-26OCT042015-15,0.0060,5.01,no
2026-10-05T00:13:26.731592Z,KXETH15M-26OCT042015-15,0.0070,3.00,yes
2026-10-05T00:13:26.731592Z,KXETH15M-26OCT042015-15,0.0070,6.00,yes
2026-10-05T00:13:26.743167Z,KXETH15M-26OCT042015-15,0.0070,3.00,yes
2026-10-05T00:13:26.756084Z,KXETH15M-26OCT042015-15,0.0070,27.00,yes
2026-10-05T00:13:26.874254Z,KXETH15M-26OCT042015-15,0.0070,32.00,yes
2026-10-05T00:13:26.879959Z,KXETH15M-26OCT042015-15,0.0090,10.20,yes
2026-10-05T00:13:26.978894Z,KXETH15M-26OCT042015-15,0.0030,20.00,no
2026-10-05T00:13:27.386161Z,KXETH15M-26OCT042015-15,0.0030,1.56,no
2026-10-05T00:13:27.386161Z,KXETH15M-26OCT042015-15,0.0030,17.00,no
2026-10-05T00:13:27.386161Z,KXETH15M-26OCT042015-15,0.0030,21.00,no
2026-10-05T00:13:27.464998Z,KXETH15M-26OCT042015-15,0.0050,2.00,yes
2026-10-05T00:13:27.477585Z,KXETH15M-26OCT042015-15,0.0050,2.00,yes
2026-10-05T00:13:28.211136Z,KXETH15M-26OCT042015-15,0.0040,1.00,no
2026-10-05T00:13:28.243406Z,KXETH15M-26OCT042015-15,0.0060,55.00,yes
2026-10-05T00:13:28.243406Z,KXETH15M-26OCT042015-15,0.0060,2.00,yes
2026-10-05T00:13:28.243406Z,KXETH15M-26OCT042015-15,0.0060,20.00,yes
2026-10-05T00:13:28.243406Z,KXETH15M-26OCT042015-15,0.0050,13.00,yes
2026-10-05T00:13:28.243406Z,KXETH15M-26OCT042015-15,0.0070,28.96,yes
2026-10-05T00:13:28.243406Z,KXETH15M-26OCT042015-15,0.0050,10.00,yes
2026-10-05T00:13:28.351335Z,KXETH15M-26OCT042015-15,0.0050,1.00,no
2026-10-05T00:13:28.521082Z,KXETH15M-26OCT042015-15,0.0060,0.23,yes
2026-10-05T00:13:28.5315Z,KXETH15M-26OCT042015-15,0.0060,21.00,yes
2026-10-05T00:13:28.5315Z,KXETH15M-26OCT042015-15,0.0060,19.77,yes
2026-10-05T00:13:28.5315Z,KXETH15M-26OCT042015-15,0.0090,6.21,yes
2026-10-05T00:13:28.5315Z,KXETH15M-26OCT042015-15,0.0070,27.00,yes
2026-10-05T00:13:28.5315Z,KXETH15M-26OCT042015-15,0.0090,21.00,yes
2026-10-05T00:13:28.5315Z,KXETH15M-26OCT042015-15,0.0100,84.86,yes
2026-10-05T00:13:28.5315Z,KXETH15M-26OCT042015-15,0.0100,30.00,yes
2026-10-05T00:13:28.784732Z,KXETH15M-26OCT042015-15,0.0030,20.00,no
2026-10-05T00:13:28.784732Z,KXETH15M-26OCT042015-15,0.0070,31.00,no
2026-10-05T00:13:28.784732Z,KXETH15M-26OCT042015-15,0.0030,17.00,no
2026-10-05T00:13:28.784732Z,KXETH15M-26OCT042015-15,0.0020,63.69,no
2026-10-05T00:13:29.415778Z,KXETH15M-26OCT042015-15,0.0070,1.00,no
2026-10-05T00:13:29.935988Z,KXETH15M-26OCT042015-15,0.0070,8.00,no
2026-10-05T00:13:29.935988Z,KXETH15M-26OCT042015-15,0.0030,0.04,no
2026-10-05T00:13:29.935988Z,KXETH15M-26OCT042015-15,0.0070,11.00,no
2026-10-05T00:13:30.463123Z,KXETH15M-26OCT042015-15,0.0030,3.93,no
2026-10-05T00:13:30.583909Z,KXETH15M-26OCT042015-15,0.0030,3.93,no
2026-10-05T00:13:30.583909Z,KXETH15M-26OCT042015-15,0.0030,0.04,no
2026-10-05T00:13:30.583909Z,KXETH15M-26OCT042015-15,0.0030,13.03,no
2026-10-05T00:13:30.583909Z,KXETH15M-26OCT042015-15,0.0030,20.00,no
2026-10-05T00:13:31.437679Z,KXETH15M-26OCT042015-15,0.0050,12.00,yes
2026-10-05T00:13:31.437679Z,KXETH15M-26OCT042015-15,0.0050,28.00,yes
2026-10-05T00:13:32.481192Z,KXETH15M-26OCT042015-15,0.0050,35.69,yes
2026-10-05T00:13:32.481192Z,KXETH15M-26OCT042015-15,0.0050,3.00,yes
2026-10-05T00:13:32.481192Z,KXETH15M-26OCT042015-15,0.0050,15.00,yes
2026-10-05T00:13:32.481192Z,KXETH15M-26OCT042015-15,0.0050,18.00,yes
2026-10-05T00:13:32.613264Z,KXETH15M-26OCT042015-15,0.0070,12.00,no
2026-10-05T00:13:32.613264Z,KXETH15M-26OCT042015-15,0.0070,38.00,no
2026-10-05T00:13:32.663228Z,KXETH15M-26OCT042015-15,0.0080,1.00,yes
2026-10-05T00:13:32.667485Z,KXETH15M-26OCT042015-15,0.0080,11.00,yes
2026-10-05T00:13:32.670738Z,KXETH15M-26OCT042015-15,0.0080,4.00,yes
2026-10-05T00:13:32.676741Z,KXETH15M-26OCT042015-15,0.0080,7.00,yes
2026-10-05T00:13:32.678745Z,KXETH15M-26OCT042015-15,0.0080,5.00,yes
2026-10-05T00:13:32.699926Z,KXETH15M-26OCT042015-15,0.0080,7.00,yes
2026-10-05T00:13:32.704408Z,KXETH15M-26OCT042015-15,0.0080,1.00,yes
2026-10-05T00:13:32.866593Z,KXETH15M-26OCT042015-15,0.0080,2.00,yes
2026-10-05T00:13:32.877153Z,KXETH15M-26OCT042015-15,0.0080,11.00,yes
2026-10-05T00:13:32.87861Z,KXETH15M-26OCT042015-15,0.0080,4.00,yes
2026-10-05T00:13:35.75638Z,KXETH15M-26OCT042015-15,0.0080,1.60,yes
2026-10-05T00:13:36.092589Z,KXETH15M-26OCT042015-15,0.0070,1.00,no
2026-10-05T00:13:36.184649Z,KXETH15M-26OCT042015-15,0.0080,1.24,yes
2026-10-05T00:13:36.289632Z,KXETH15M-26OCT042015-15,0.0070,36.00,no
2026-10-05T00:13:36.289632Z,KXETH15M-26OCT042015-15,0.0070,2.00,no
2026-10-05T00:13:36.619372Z,KXETH15M-26OCT042015-15,0.0050,28.60,no
2026-10-05T00:13:37.279578Z,KXETH15M-26OCT042015-15,0.0040,3.85,no
2026-10-05T00:13:37.844039Z,KXETH15M-26OCT042015-15,0.0080,2.84,yes
2026-10-05T00:13:37.844039Z,KXETH15M-26OCT042015-15,0.0080,0.16,yes
2026-10-05T00:13:39.160291Z,KXETH15M-26OCT042015-15,0.0070,5.26,yes
2026-10-05T00:13:39.294115Z,KXETH15M-26OCT042015-15,0.0060,29.00,yes
2026-10-05T00:13:39.294115Z,KXETH15M-26OCT042015-15,0.0080,3.00,yes
2026-10-05T00:13:40.176808Z,KXETH15M-26OCT042015-15,0.0130,4.00,yes
2026-10-05T00:13:40.176808Z,KXETH15M-26OCT042015-15,0.0130,4.00,yes
2026-10-05T00:13:40.176808Z,KXETH15M-26OCT042015-15,0.0140,0.03,yes
2026-10-05T00:13:40.176808Z,KXETH15M-26OCT042015-15,0.0150,0.03,yes
2026-10-05T00:13:40.176808Z,KXETH15M-26OCT042015-15,0.0160,0.05,yes
2026-10-05T00:13:40.176808Z,KXETH15M-26OCT042015-15,0.0130,0.03,yes
2026-10-05T00:13:40.176808Z,KXETH15M-26OCT042015-15,0.0190,0.06,yes
2026-10-05T00:13:40.176808Z,KXETH15M-26OCT042015-15,0.0170,0.05,yes
2026-10-05T00:13:40.176808Z,KXETH15M-26OCT042015-15,0.0220,106.45,yes
2026-10-05T00:13:40.176808Z,KXETH15M-26OCT042015-15,0.0090,1.00,yes
2026-10-05T00:13:40.176808Z,KXETH15M-26OCT042015-15,0.0210,12.00,yes
2026-10-05T00:13:40.176808Z,KXETH15M-26OCT042015-15,0.0100,40.00,yes
2026-10-05T00:13:40.176808Z,KXETH15M-26OCT042015-15,0.0110,4.00,yes
2026-10-05T00:13:40.176808Z,KXETH15M-26OCT042015-15,0.0110,4.00,yes
2026-10-05T00:13:40.176808Z,KXETH15M-26OCT042015-15,0.0100,75.00,yes
2026-10-05T00:13:40.176808Z,KXETH15M-26OCT042015-15,0.0210,10.00,yes
2026-10-05T00:13:40.176808Z,KXETH15M-26OCT042015-15,0.0210,23.00,yes
2026-10-05T00:13:40.176808Z,KXETH15M-26OCT042015-15,0.0210,15.00,yes
2026-10-05T00:13:40.176808Z,KXETH15M-26OCT042015-15,0.0170,20.00,yes
2026-10-05T00:13:40.176808Z,KXETH15M-26OCT042015-15,0.0210,1.00,yes
2026-10-05T00:13:40.176808Z,KXETH15M-26OCT042015-15,0.0080,81.00,yes
2026-10-05T00:13:40.176808Z,KXETH15M-26OCT042015-15,0.0100,26.00,yes
2026-10-05T00:13:40.176808Z,KXETH15M-26OCT042015-15,0.0080,2.00,yes
2026-10-05T00:13:40.176808Z,KXETH15M-26OCT042015-15,0.0180,0.06,yes
2026-10-05T00:13:40.176808Z,KXETH15M-26OCT042015-15,0.0210,0.09,yes
2026-10-05T00:13:40.176808Z,KXETH15M-26OCT042015-15,0.0200,0.07,yes
2026-10-05T00:13:40.176808Z,KXETH15M-26OCT042015-15,0.0080,5.00,yes
2026-10-05T00:13:40.176808Z,KXETH15M-26OCT042015-15,0.0140,100.00,yes
2026-10-05T00:13:40.176808Z,KXETH15M-26OCT042015-15,0.0120,4.00,yes
2026-10-05T00:13:40.176808Z,KXETH15M-26OCT042015-15,0.0120,4.00,yes
2026-10-05T00:13:40.831851Z,KXETH15M-26OCT042015-15,0.0020,75.77,no
2026-10-05T00:13:40.831851Z,KXETH15M-26OCT042015-15,0.0060,0.15,no
2026-10-05T00:13:40.831851Z,KXETH15M-26OCT042015-15,0.0020,36.31,no
2026-10-05T00:13:40.831851Z,KXETH15M-26OCT042015-15,0.0040,41.00,no
2026-10-05T00:13:40.831851Z,KXETH15M-26OCT042015-15,0.0050,12.00,no
2026-10-05T00:13:40.831851Z,KXETH15M-26OCT042015-15,0.0070,23.00,no
2026-10-05T00:13:40.831851Z,KXETH15M-26OCT042015-15,0.0030,4.00,no
2026-10-05T00:13:40.831851Z,KXETH15M-26OCT042015-15,0.0030,4.00,no
2026-10-05T00:13:40.831851Z,KXETH15M-26OCT042015-15,0.0050,4.00,no
2026-10-05T00:13:40.831851Z,KXETH15M-26OCT042015-15,0.0070,7.00,no
2026-10-05T00:13:40.831851Z,KXETH15M-26OCT042015-15,0.0040,4.00,no
2026-10-05T00:13:40.831851Z,KXETH15M-26OCT042015-15,0.0050,4.00,no
2026-10-05T00:13:40.831851Z,KXETH15M-26OCT042015-15,0.0030,250.00,no
2026-10-05T00:13:40.831851Z,KXETH15M-26OCT042015-15,0.0040,4.00,no
2026-10-05T00:13:40.831851Z,KXETH15M-26OCT042015-15,0.0040,32.00,no
2026-10-05T00:13:41.205908Z,KXETH15M-26OCT042015-15,0.0060,5.00,yes
2026-10-05T00:13:41.498337Z,KXETH15M-26OCT042015-15,0.0060,5.00,yes
2026-10-05T00:13:41.502475Z,KXETH15M-26OCT042015-15,0.0060,4.00,yes
2026-10-05T00:13:41.667251Z,KXETH15M-26OCT042015-15,0.0060,22.00,yes
2026-10-05T00:13:41.777695Z,KXETH15M-26OCT042015-15,0.0060,0.31,yes
2026-10-05T00:13:41.777695Z,KXETH15M-26OCT042015-15,0.0080,1.69,yes
2026-10-05T00:13:42.04919Z,KXETH15M-26OCT042015-15,0.0080,1.00,yes
2026-10-05T00:13:42.059379Z,KXETH15M-26OCT042015-15,0.0080,14.00,yes
2026-10-05T00:13:42.362231Z,KXETH15M-26OCT042015-15,0.0070,9.05,no
2026-10-05T00:13:42.607533Z,KXETH15M-26OCT042015-15,0.0070,29.95,no
2026-10-05T00:13:42.607533Z,KXETH15M-26OCT042015-15,0.0070,38.00,no
2026-10-05T00:13:42.760983Z,KXETH15M-26OCT042015-15,0.0060,4.92,no
2026-10-05T00:13:43.56577Z,KXETH15M-26OCT042015-15,0.0070,3.00,yes
2026-10-05T00:13:43.56577Z,KXETH15M-26OCT042015-15,0.0080,53.11,yes
2026-10-05T00:13:43.56577Z,KXETH15M-26OCT042015-15,0.0070,7.82,yes
2026-10-05T00:13:43.56577Z,KXETH15M-26OCT042015-15,0.0070,20.00,yes
2026-10-05T00:13:43.56577Z,KXETH15M-26OCT042015-15,0.0070,3.00,yes
2026-10-05T00:13:43.56577Z,KXETH15M-26OCT042015-15,0.0070,38.00,yes
2026-10-05T00:13:44.55917Z,KXETH15M-26OCT042015-15,0.0060,17.83,yes
2026-10-05T00:13:44.685674Z,KXETH15M-26OCT042015-15,0.0050,20.00,no
2026-10-05T00:13:44.685674Z,KXETH15M-26OCT042015-15,0.0050,12.44,no
2026-10-05T00:13:44.685674Z,KXETH15M-26OCT042015-15,0.0050,0.41,no
2026-10-05T00:13:44.958701Z,KXETH15M-26OCT042015-15,0.0080,1.00,yes
2026-10-05T00:13:44.962977Z,KXETH15M-26OCT042015-15,0.0080,18.00,yes
2026-10-05T00:13:44.970265Z,KXETH15M-26OCT042015-15,0.0080,61.00,yes
2026-10-05T00:13:44.970874Z,KXETH15M-26OCT042015-15,0.0080,61.00,yes
2026-10-05T00:13:44.971509Z,KXETH15M-26OCT042015-15,0.0080,39.20,yes
2026-10-05T00:13:44.989068Z,KXETH15M-26OCT042015-15,0.0110,8.00,no
2026-10-05T00:13:44.997688Z,KXETH15M-26OCT042015-15,0.0190,0.94,yes
2026-10-05T00:13:44.997688Z,KXETH15M-26OCT042015-15,0.0180,0.06,yes
2026-10-05T00:13:45.24467Z,KXETH15M-26OCT042015-15,0.0250,6.39,yes
2026-10-05T00:13:45.24467Z,KXETH15M-26OCT042015-15,0.0200,0.07,yes
2026-10-05T00:13:45.24467Z,KXETH15M-26OCT042015-15,0.0190,0.06,yes
2026-10-05T00:13:45.24467Z,KXETH15M-26OCT042015-15,0.0220,0.10,yes
2026-10-05T00:13:45.24467Z,KXETH15M-26OCT042015-15,0.0240,0.14,yes
2026-10-05T00:13:45.24467Z,KXETH15M-26OCT042015-15,0.0250,0.13,yes
2026-10-05T00:13:45.24467Z,KXETH15M-26OCT042015-15,0.0210,0.07,yes
2026-10-05T00:13:45.24467Z,KXETH15M-26OCT042015-15,0.0230,0.04,yes
2026-10-05T00:13:45.364481Z,KXETH15M-26OCT042015-15,0.0200,0.80,no
2026-10-05T00:13:45.430394Z,KXETH15M-26OCT042015-15,0.0230,29.00,yes
2026-10-05T00:13:45.431237Z,KXETH15M-26OCT042015-15,0.0240,10.00,yes
2026-10-05T00:13:45.431237Z,KXETH15M-26OCT042015-15,0.0240,9.00,yes
2026-10-05T00:13:45.577563Z,KXETH15M-26OCT042015-15,0.0250,1.00,yes
2026-10-05T00:13:45.589416Z,KXETH15M-26OCT042015-15,0.0200,1.00,no
2026-10-05T00:13:45.59652Z,KXETH15M-26OCT042015-15,0.0250,1.00,yes
2026-10-05T00:13:45.611615Z,KXETH15M-26OCT042015-15,0.0200,5.00,no
2026-10-05T00:13:45.621433Z,KXETH15M-26OCT042015-15,0.0250,1.61,yes
2026-10-05T00:13:45.621433Z,KXETH15M-26OCT042015-15,0.0250,19.88,yes
2026-10-05T00:13:45.653549Z,KXETH15M-26OCT042015-15,0.0250,0.12,yes
2026-10-05T00:13:45.653549Z,KXETH15M-26OCT042015-15,0.0280,0.21,yes
2026-10-05T00:13:45.653549Z,KXETH15M-26OCT042015-15,0.0260,0.14,yes
2026-10-05T00:13:45.653549Z,KXETH15M-26OCT042015-15,0.0270,0.19,yes
2026-10-05T00:13:45.653549Z,KXETH15M-26OCT042015-15,0.0300,0.25,yes
2026-10-05T00:13:45.653549Z,KXETH15M-26OCT042015-15,0.0290,0.06,yes
2026-10-05T00:13:45.653549Z,KXETH15M-26OCT042015-15,0.0280,11.00,yes
2026-10-05T00:13:45.653549Z,KXETH15M-26OCT042015-15,0.0280,2.38,yes
2026-10-05T00:13:45.653549Z,KXETH15M-26OCT042015-15,0.0280,5.32,yes
2026-10-05T00:13:45.653549Z,KXETH15M-26OCT042015-15,0.0280,5.00,yes
2026-10-05T00:13:45.653549Z,KXETH15M-26OCT042015-15,0.0270,6.00,yes
2026-10-05T00:13:45.834729Z,KXETH15M-26OCT042015-15,0.0300,3.00,no
2026-10-05T00:13:46.035099Z,KXETH15M-26OCT042015-15,0.0280,16.00,no
2026-10-05T00:13:46.035099Z,KXETH15M-26OCT042015-15,0.0300,9.00,no
2026-10-05T00:13:46.035099Z,KXETH15M-26OCT042015-15,0.0300,6.00,no
2026-10-05T00:13:46.035099Z,KXETH15M-26OCT042015-15,0.0270,1.73,no
2026-10-05T00:13:46.680036Z,KXETH15M-26OCT042015-15,0.0310,4.35,yes
2026-10-05T00:13:46.680036Z,KXETH15M-26OCT042015-15,0.0310,0.27,yes
2026-10-05T00:13:46.738341Z,KXETH15M-26OCT042015-15,0.0330,4.00,yes
2026-10-05T00:13:46.738341Z,KXETH15M-26OCT042015-15,0.0340,4.00,yes
2026-10-05T00:13:46.738341Z,KXETH15M-26OCT042015-15,0.0350,4.00,yes
2026-10-05T00:13:46.738341Z,KXETH15M-26OCT042015-15,0.0340,4.00,yes
2026-10-05T00:13:46.738341Z,KXETH15M-26OCT042015-15,0.0360,4.00,yes
2026-10-05T00:13:46.738341Z,KXETH15M-26OCT042015-15,0.0350,4.00,yes
2026-10-05T00:13:46.738341Z,KXETH15M-26OCT042015-15,0.0410,22.91,yes
2026-10-05T00:13:46.738341Z,KXETH15M-26OCT042015-15,0.0380,6.00,yes
2026-10-05T00:13:46.738341Z,KXETH15M-26OCT042015-15,0.0400,10.00,yes
2026-10-05T00:13:46.738341Z,KXETH15M-26OCT042015-15,0.0320,0.30,yes
2026-10-05T00:13:46.738341Z,KXETH15M-26OCT042015-15,0.0360,0.43,yes
2026-10-05T00:13:46.738341Z,KXETH15M-26OCT042015-15,0.0370,0.47,yes
2026-10-05T00:13:46.738341Z,KXETH15M-26OCT042015-15,0.0380,0.52,yes
2026-10-05T00:13:46.738341Z,KXETH15M-26OCT042015-15,0.0340,0.36,yes
2026-10-05T00:13:46.738341Z,KXETH15M-26OCT042015-15,0.0350,0.39,yes
2026-10-05T00:13:46.738341Z,KXETH15M-26OCT042015-15,0.0330,0.32,yes
2026-10-05T00:13:46.738341Z,KXETH15M-26OCT042015-15,0.0390,0.57,yes
2026-10-05T00:13:46.738341Z,KXETH15M-26OCT042015-15,0.0400,0.62,yes
2026-10-05T00:13:46.738341Z,KXETH15M-26OCT042015-15,0.0410,0.68,yes
2026-10-05T00:13:46.738341Z,KXETH15M-26OCT042015-15,0.0350,1.00,yes
2026-10-05T00:13:46.738341Z,KXETH15M-26OCT042015-15,0.0400,1.00,yes
2026-10-05T00:13:47.031776Z,KXETH15M-26OCT042015-15,0.0360,3.50,no
2026-10-05T00:13:47.579668Z,KXETH15M-26OCT042015-15,0.0350,1.00,no
2026-10-05T00:13:47.579668Z,KXETH15M-26OCT042015-15,0.0350,9.00,no
2026-10-05T00:13:47.597099Z,KXETH15M-26OCT042015-15,0.0400,6.00,yes
2026-10-05T00:13:47.597099Z,KXETH15M-26OCT042015-15,0.0400,10.00,yes
2026-10-05T00:13:47.597099Z,KXETH15M-26OCT042015-15,0.0410,7.08,yes
2026-10-05T00:13:47.834179Z,KXETH15M-26OCT042015-15,0.0310,1.00,no
2026-10-05T00:13:47.834179Z,KXETH15M-26OCT042015-15,0.0350,9.00,no
2026-10-05T00:13:47.940897Z,KXETH15M-26OCT042015-15,0.0250,4.00,no
2026-10-05T00:13:47.940897Z,KXETH15M-26OCT042015-15,0.0240,4.00,no
2026-10-05T00:13:47.940897Z,KXETH15M-26OCT042015-15,0.0320,1.00,no
2026-10-05T00:13:47.940897Z,KXETH15M-26OCT042015-15,0.0260,10.00,no
2026-10-05T00:13:47.940897Z,KXETH15M-26OCT042015-15,0.0260,4.00,no
2026-10-05T00:13:47.940897Z,KXETH15M-26OCT042015-15,0.0300,30.00,no
2026-10-05T00:13:47.940897Z,KXETH15M-26OCT042015-15,0.0250,4.00,no
2026-10-05T00:13:47.940897Z,KXETH15M-26OCT042015-15,0.0240,20.00,no
2026-10-05T00:13:47.940897Z,KXETH15M-26OCT042015-15,0.0250,9.00,no
2026-10-05T00:13:47.940897Z,KXETH15M-26OCT042015-15,0.0240,6.45,no
2026-10-05T00:13:47.940897Z,KXETH15M-26OCT042015-15,0.0250,15.00,no
2026-10-05T00:13:47.948657Z,KXETH15M-26OCT042015-15,0.0220,1.68,no
2026-10-05T00:13:47.948657Z,KXETH15M-26OCT042015-15,0.0220,5.32,no
2026-10-05T00:13:47.948657Z,KXETH15M-26OCT042015-15,0.0220,50.00,no
2026-10-05T00:13:47.951193Z,KXETH15M-26OCT042015-15,0.0260,10.00,no
2026-10-05T00:13:47.951193Z,KXETH15M-26OCT042015-15,0.0220,3.32,no
2026-10-05T00:13:47.951193Z,KXETH15M-26OCT042015-15,0.0220,0.68,no
2026-10-05T00:13:48.16612Z,KXETH15M-26OCT042015-15,0.0230,82.00,no
2026-10-05T00:13:48.550254Z,KXETH15M-26OCT042015-15,0.0220,0.68,no
2026-10-05T00:13:48.550254Z,KXETH15M-26OCT042015-15,0.0220,10.32,no
2026-10-05T00:13:48.555724Z,KXETH15M-26OCT042015-15,0.0220,1.70,no
2026-10-05T00:13:48.555724Z,KXETH15M-26OCT042015-15,0.0220,14.30,no
2026-10-05T00:13:48.749683Z,KXETH15M-26OCT042015-15,0.0220,15.00,no
2026-10-05T00:13:49.253451Z,KXETH15M-26OCT042015-15,0.0230,19.00,yes
2026-10-05T00:13:49.253451Z,KXETH15M-26OCT042015-15,0.0230,4.00,yes
2026-10-05T00:13:49.253451Z,KXETH15M-26OCT042015-15,0.0230,4.00,yes
2026-10-05T00:13:49.253451Z,KXETH15M-26OCT042015-15,0.0230,12.67,yes
2026-10-05T00:13:49.490399Z,KXETH15M-26OCT042015-15,0.0230,4.00,yes
2026-10-05T00:13:49.657958Z,KXETH15M-26OCT042015-15,0.0230,1.00,yes
2026-10-05T00:13:49.667101Z,KXETH15M-26OCT042015-15,0.0240,4.00,yes
2026-10-05T00:13:49.667101Z,KXETH15M-26OCT042015-15,0.0240,4.00,yes
2026-10-05T00:13:49.667101Z,KXETH15M-26OCT042015-15,0.0240,2.00,yes
2026-10-05T00:13:49.667101Z,KXETH15M-26OCT042015-15,0.0230,3.00,yes
2026-10-05T00:13:50.269611Z,KXETH15M-26OCT042015-15,0.0230,1.00,no
2026-10-05T00:13:50.333009Z,KXETH15M-26OCT042015-15,0.0120,15.00,no
2026-10-05T00:13:50.333009Z,KXETH15M-26OCT042015-15,0.0220,37.00,no
2026-10-05T00:13:50.333009Z,KXETH15M-26OCT042015-15,0.0100,0.05,no
2026-10-05T00:13:50.333009Z,KXETH15M-26OCT042015-15,0.0130,4.00,no
2026-10-05T00:13:50.333009Z,KXETH15M-26OCT042015-15,0.0120,1.01,no
2026-10-05T00:13:50.333009Z,KXETH15M-26OCT042015-15,0.0120,36.00,no
2026-10-05T00:13:50.333009Z,KXETH15M-26OCT042015-15,0.0120,12.00,no
2026-10-05T00:13:50.333009Z,KXETH15M-26OCT042015-15,0.0200,9.00,no
2026-10-05T00:13:50.333009Z,KXETH15M-26OCT042015-15,0.0110,42.00,no
2026-10-05T00:13:50.333009Z,KXETH15M-26OCT042015-15,0.0130,4.00,no
2026-10-05T00:13:50.333009Z,KXETH15M-26OCT042015-15,0.0200,9.00,no
2026-10-05T00:13:50.333009Z,KXETH15M-26OCT042015-15,0.0230,26.00,no
2026-10-05T00:13:50.333009Z,KXETH15M-26OCT042015-15,0.0110,4.00,no
2026-10-05T00:13:50.333009Z,KXETH15M-26OCT042015-15,0.0120,4.00,no
2026-10-05T00:13:50.333009Z,KXETH15M-26OCT042015-15,0.0180,1.00,no
2026-10-05T00:13:50.333009Z,KXETH15M-26OCT042015-15,0.0110,4.00,no
2026-10-05T00:13:50.333009Z,KXETH15M-26OCT042015-15,0.0120,4.00,no
2026-10-05T00:13:50.387055Z,KXETH15M-26OCT042015-15,0.0260,12.00,yes
2026-10-05T00:13:50.387055Z,KXETH15M-26OCT042015-15,0.0280,14.02,yes
2026-10-05T00:13:50.387055Z,KXETH15M-26OCT042015-15,0.0270,6.00,yes
2026-10-05T00:13:50.387055Z,KXETH15M-26OCT042015-15,0.0220,4.00,yes
2026-10-05T00:13:50.387055Z,KXETH15M-26OCT042015-15,0.0250,1.01,yes
2026-10-05T00:13:50.387055Z,KXETH15M-26OCT042015-15,0.0200,4.00,yes
2026-10-05T00:13:50.387055Z,KXETH15M-26OCT042015-15,0.0210,4.00,yes
2026-10-05T00:13:50.387055Z,KXETH15M-26OCT042015-15,0.0200,4.00,yes
2026-10-05T00:13:50.387055Z,KXETH15M-26OCT042015-15,0.0250,9.00,yes
2026-10-05T00:13:50.387055Z,KXETH15M-26OCT042015-15,0.0220,4.00,yes
2026-10-05T00:13:50.387055Z,KXETH15M-26OCT042015-15,0.0210,4.00,yes
2026-10-05T00:13:50.387055Z,KXETH15M-26OCT042015-15,0.0200,6.00,yes
2026-10-05T00:13:50.532684Z,KXETH15M-26OCT042015-15,0.0230,4.00,yes
2026-10-05T00:13:50.532684Z,KXETH15M-26OCT042015-15,0.0250,4.49,yes
2026-10-05T00:13:50.532684Z,KXETH15M-26OCT042015-15,0.0230,4.00,yes
2026-10-05T00:13:50.532684Z,KXETH15M-26OCT042015-15,0.0250,4.00,yes
2026-10-05T00:13:50.532684Z,KXETH15M-26OCT042015-15,0.0230,10.00,yes
2026-10-05T00:13:50.532684Z,KXETH15M-26OCT042015-15,0.0240,4.00,yes
2026-10-05T00:13:50.532684Z,KXETH15M-26OCT042015-15,0.0250,4.00,yes
2026-10-05T00:13:50.532684Z,KXETH15M-26OCT042015-15,0.0240,4.00,yes
2026-10-05T00:13:50.877775Z,KXETH15M-26OCT042015-15,0.0170,1.01,no
2026-10-05T00:13:51.075511Z,KXETH15M-26OCT042015-15,0.0180,58.00,yes
2026-10-05T00:13:51.075511Z,KXETH15M-26OCT042015-15,0.0190,71.43,yes
2026-10-05T00:13:51.097582Z,KXETH15M-26OCT042015-15,0.0240,14.00,yes
2026-10-05T00:13:51.097582Z,KXETH15M-26OCT042015-15,0.0250,3.04,yes
2026-10-05T00:13:51.097582Z,KXETH15M-26OCT042015-15,0.0230,6.00,yes
2026-10-05T00:13:51.097582Z,KXETH15M-26OCT042015-15,0.0190,5.00,yes
2026-10-05T00:13:51.097582Z,KXETH15M-26OCT042015-15,0.0250,9.00,yes
2026-10-05T00:13:51.166861Z,KXETH15M-26OCT042015-15,0.0250,4.00,yes
2026-10-05T00:13:51.166861Z,KXETH15M-26OCT042015-15,0.0250,4.00,yes
2026-10-05T00:13:51.166861Z,KXETH15M-26OCT042015-15,0.0270,2.30,yes
2026-10-05T00:13:51.166861Z,KXETH15M-26OCT042015-15,0.0270,4.00,yes
2026-10-05T00:13:51.166861Z,KXETH15M-26OCT042015-15,0.0260,4.00,yes
2026-10-05T00:13:51.166861Z,KXETH15M-26OCT042015-15,0.0260,4.00,yes
2026-10-05T00:13:51.752026Z,KXETH15M-26OCT042015-15,0.0190,1.00,no
2026-10-05T00:13:51.782688Z,KXETH15M-26OCT042015-15,0.0180,0.99,no
2026-10-05T00:13:51.782688Z,KXETH15M-26OCT042015-15,0.0180,4.00,no
2026-10-05T00:13:51.986239Z,KXETH15M-26OCT042015-15,0.0210,3.00,yes
2026-10-05T00:13:51.986239Z,KXETH15M-26OCT042015-15,0.0210,16.00,yes
2026-10-05T00:13:51.986239Z,KXETH15M-26OCT042015-15,0.0240,17.84,yes
2026-10-05T00:13:52.2098Z,KXETH15M-26OCT042015-15,0.0170,3.04,no
2026-10-05T00:13:52.210208Z,KXETH15M-26OCT042015-15,0.0200,23.00,yes
2026-10-05T00:13:52.210208Z,KXETH15M-26OCT042015-15,0.0210,1.95,yes
2026-10-05T00:13:52.563901Z,KXETH15M-26OCT042015-15,0.0250,4.00,yes
2026-10-05T00:13:52.563901Z,KXETH15M-26OCT042015-15,0.0250,4.00,yes
2026-10-05T00:13:52.563901Z,KXETH15M-26OCT042015-15,0.0240,14.00,yes
2026-10-05T00:13:52.563901Z,KXETH15M-26OCT042015-15,0.0220,25.00,yes
2026-10-05T00:13:52.563901Z,KXETH15M-26OCT042015-15,0.0240,20.00,yes
2026-10-05T00:13:52.563901Z,KXETH15M-26OCT042015-15,0.0260,4.00,yes
2026-10-05T00:13:52.563901Z,KXETH15M-26OCT042015-15,0.0250,9.00,yes
2026-10-05T00:13:52.563901Z,KXETH15M-26OCT042015-15,0.0270,4.00,yes
2026-10-05T00:13:52.563901Z,KXETH15M-26OCT042015-15,0.0270,6.00,yes
2026-10-05T00:13:52.563901Z,KXETH15M-26OCT042015-15,0.0250,9.00,yes
2026-10-05T00:13:52.563901Z,KXETH15M-26OCT042015-15,0.0260,4.00,yes
2026-10-05T00:13:52.563901Z,KXETH15M-26OCT042015-15,0.0280,239.09,yes
2026-10-05T00:13:52.563901Z,KXETH15M-26OCT042015-15,0.0270,1.70,yes
2026-10-05T00:13:52.613629Z,KXETH15M-26OCT042015-15,0.0260,4.00,yes
2026-10-05T00:13:52.613629Z,KXETH15M-26OCT042015-15,0.0250,9.00,yes
2026-10-05T00:13:52.613629Z,KXETH15M-26OCT042015-15,0.0250,9.00,yes
2026-10-05T00:13:52.613629Z,KXETH15M-26OCT042015-15,0.0250,2.16,yes
2026-10-05T00:13:52.613629Z,KXETH15M-26OCT042015-15,0.0270,3.98,yes
2026-10-05T00:13:52.613629Z,KXETH15M-26OCT042015-15,0.0260,12.00,yes
2026-10-05T00:13:52.650987Z,KXETH15M-26OCT042015-15,0.0180,3.05,no
2026-10-05T00:13:52.795014Z,KXETH15M-26OCT042015-15,0.0270,6.00,yes
2026-10-05T00:13:52.795014Z,KXETH15M-26OCT042015-15,0.0270,12.00,yes
2026-10-05T00:13:52.795014Z,KXETH15M-26OCT042015-15,0.0270,35.00,yes
2026-10-05T00:13:52.795014Z,KXETH15M-26OCT042015-15,0.0270,4.00,yes
2026-10-05T00:13:52.795014Z,KXETH15M-26OCT042015-15,0.0270,0.02,yes
2026-10-05T00:13:52.795014Z,KXETH15M-26OCT042015-15,0.0280,9.92,yes
2026-10-05T00:13:53.635799Z,KXETH15M-26OCT042015-15,0.0180,30.00,yes
2026-10-05T00:13:53.635799Z,KXETH15M-26OCT042015-15,0.0190,42.00,yes
2026-10-05T00:13:53.635799Z,KXETH15M-26OCT042015-15,0.0180,12.00,yes
2026-10-05T00:13:53.635799Z,KXETH15M-26OCT042015-15,0.0180,16.00,yes
2026-10-05T00:13:53.637323Z,KXETH15M-26OCT042015-15,0.0170,2.00,no
2026-10-05T00:13:53.785243Z,KXETH15M-26OCT042015-15,0.0100,8.24,no
2026-10-05T00:13:53.785243Z,KXETH15M-26OCT042015-15,0.0150,4.00,no
2026-10-05T00:13:53.785243Z,KXETH15M-26OCT042015-15,0.0150,4.00,no
2026-10-05T00:13:53.785243Z,KXETH15M-26OCT042015-15,0.0140,4.00,no
2026-10-05T00:13:53.785243Z,KXETH15M-26OCT042015-15,0.0180,21.00,no
2026-10-05T00:13:53.785243Z,KXETH15M-26OCT042015-15,0.0160,4.00,no
2026-10-05T00:13:53.785243Z,KXETH15M-26OCT042015-15,0.0160,4.00,no
2026-10-05T00:13:53.785243Z,KXETH15M-26OCT042015-15,0.0110,1.01,no
2026-10-05T00:13:53.785243Z,KXETH15M-26OCT042015-15,0.0170,2.00,no
2026-10-05T00:13:53.785243Z,KXETH15M-26OCT042015-15,0.0140,29.00,no
2026-10-05T00:13:53.791608Z,KXETH15M-26OCT042015-15,0.0190,236.40,yes
2026-10-05T00:13:53.809706Z,KXETH15M-26OCT042015-15,0.0200,9.00,yes
2026-10-05T00:13:53.809706Z,KXETH15M-26OCT042015-15,0.0240,4.00,yes
2026-10-05T00:13:53.809706Z,KXETH15M-26OCT042015-15,0.0230,4.00,yes
2026-10-05T00:13:53.809706Z,KXETH15M-26OCT042015-15,0.0220,4.00,yes
2026-10-05T00:13:53.809706Z,KXETH15M-26OCT042015-15,0.0200,40.00,yes
2026-10-05T00:13:53.809706Z,KXETH15M-26OCT042015-15,0.0240,4.00,yes
2026-10-05T00:13:53.809706Z,KXETH15M-26OCT042015-15,0.0230,4.00,yes
2026-10-05T00:13:53.809706Z,KXETH15M-26OCT042015-15,0.0190,18.00,yes
2026-10-05T00:13:53.809706Z,KXETH15M-26OCT042015-15,0.0200,9.00,yes
2026-10-05T00:13:53.809706Z,KXETH15M-26OCT042015-15,0.0190,221.60,yes
2026-10-05T00:13:53.859561Z,KXETH15M-26OCT042015-15,0.0160,2.00,no
2026-10-05T00:13:53.87481Z,KXETH15M-26OCT042015-15,0.0190,46.99,yes
2026-10-05T00:13:54.067001Z,KXETH15M-26OCT042015-15,0.0160,3.00,no
2026-10-05T00:13:54.067001Z,KXETH15M-26OCT042015-15,0.0160,2.00,no
2026-10-05T00:13:54.356336Z,KXETH15M-26OCT042015-15,0.0180,12.00,yes
2026-10-05T00:13:54.356336Z,KXETH15M-26OCT042015-15,0.0170,14.00,yes
2026-10-05T00:13:54.356336Z,KXETH15M-26OCT042015-15,0.0190,55.87,yes
2026-10-05T00:13:54.356336Z,KXETH15M-26OCT042015-15,0.0170,18.00,yes
2026-10-05T00:13:54.687418Z,KXETH15M-26OCT042015-15,0.0180,2.42,yes
2026-10-05T00:13:54.687418Z,KXETH15M-26OCT042015-15,0.0180,17.00,yes
2026-10-05T00:13:54.687418Z,KXETH15M-26OCT042015-15,0.0180,12.00,yes
2026-10-05T00:13:54.842863Z,KXETH15M-26OCT042015-15,0.0180,3.00,yes
2026-10-05T00:13:54.970458Z,KXETH15M-26OCT042015-15,0.0180,1.52,yes
2026-10-05T00:13:55.629565Z,KXETH15M-26OCT042015-15,0.0180,2.00,yes
2026-10-05T00:13:55.629565Z,KXETH15M-26OCT042015-15,0.0180,16.00,yes
2026-10-05T00:13:55.629565Z,KXETH15M-26OCT042015-15,0.0190,9.58,yes
2026-10-05T00:13:55.629565Z,KXETH15M-26OCT042015-15,0.0180,10.48,yes
2026-10-05T00:13:55.629565Z,KXETH15M-26OCT042015-15,0.0180,12.00,yes
2026-10-05T00:13:55.714296Z,KXETH15M-26OCT042015-15,0.0170,9.80,no
2026-10-05T00:13:55.714296Z,KXETH15M-26OCT042015-15,0.0170,7.00,no
2026-10-05T00:13:55.730384Z,KXETH15M-26OCT042015-15,0.0190,242.10,yes
2026-10-05T00:13:56.038849Z,KXETH15M-26OCT042015-15,0.0180,12.00,yes
2026-10-05T00:13:56.038849Z,KXETH15M-26OCT042015-15,0.0170,10.00,yes
2026-10-05T00:13:56.038849Z,KXETH15M-26OCT042015-15,0.0170,14.00,yes
2026-10-05T00:13:56.038849Z,KXETH15M-26OCT042015-15,0.0180,12.09,yes
2026-10-05T00:13:56.038849Z,KXETH15M-26OCT042015-15,0.0180,2.00,yes
2026-10-05T00:13:56.230855Z,KXETH15M-26OCT042015-15,0.0160,1.00,no
2026-10-05T00:13:56.245321Z,KXETH15M-26OCT042015-15,0.0180,3.91,yes
2026-10-05T00:13:56.245321Z,KXETH15M-26OCT042015-15,0.0180,3.22,yes
2026-10-05T00:13:56.245321Z,KXETH15M-26OCT042015-15,0.0180,19.00,yes
2026-10-05T00:13:56.245321Z,KXETH15M-26OCT042015-15,0.0180,12.00,yes
2026-10-05T00:13:56.314376Z,KXETH15M-26OCT042015-15,0.0150,4.00,no
2026-10-05T00:13:56.314376Z,KXETH15M-26OCT042015-15,0.0140,4.00,no
2026-10-05T00:13:56.314376Z,KXETH15M-26OCT042015-15,0.0140,4.00,no
2026-10-05T00:13:56.314376Z,KXETH15M-26OCT042015-15,0.0100,34.32,no
2026-10-05T00:13:56.314376Z,KXETH15M-26OCT042015-15,0.0150,4.00,no
2026-10-05T00:13:56.314376Z,KXETH15M-26OCT042015-15,0.0130,4.00,no
2026-10-05T00:13:56.314376Z,KXETH15M-26OCT042015-15,0.0110,12.00,no
2026-10-05T00:13:56.314376Z,KXETH15M-26OCT042015-15,0.0160,6.00,no
2026-10-05T00:13:56.314376Z,KXETH15M-26OCT042015-15,0.0160,1.00,no
2026-10-05T00:13:56.314376Z,KXETH15M-26OCT042015-15,0.0160,11.00,no
2026-10-05T00:13:56.314376Z,KXETH15M-26OCT042015-15,0.0100,16.76,no
2026-10-05T00:13:56.36198Z,KXETH15M-26OCT042015-15,0.0170,42.00,yes
2026-10-05T00:13:56.36198Z,KXETH15M-26OCT042015-15,0.0180,3.00,yes
2026-10-05T00:13:56.36198Z,KXETH15M-26OCT042015-15,0.0150,6.00,yes
2026-10-05T00:13:56.36198Z,KXETH15M-26OCT042015-15,0.0180,0.88,yes
2026-10-05T00:13:56.504208Z,KXETH15M-26OCT042015-15,0.0190,5.13,yes
2026-10-05T00:13:56.504208Z,KXETH15M-26OCT042015-15,0.0180,11.12,yes
2026-10-05T00:13:56.504208Z,KXETH15M-26OCT042015-15,0.0180,0.88,yes
2026-10-05T00:13:56.504208Z,KXETH15M-26OCT042015-15,0.0180,16.00,yes
2026-10-05T00:13:56.504208Z,KXETH15M-26OCT042015-15,0.0180,16.76,yes
2026-10-05T00:13:56.783198Z,KXETH15M-26OCT042015-15,0.0170,2.00,yes
2026-10-05T00:13:57.192678Z,KXETH15M-26OCT042015-15,0.0110,4.00,no
2026-10-05T00:13:57.192678Z,KXETH15M-26OCT042015-15,0.0130,4.00,no
2026-10-05T00:13:57.192678Z,KXETH15M-26OCT042015-15,0.0110,0.71,no
2026-10-05T00:13:57.192678Z,KXETH15M-26OCT042015-15,0.0120,4.00,no
2026-10-05T00:13:57.192678Z,KXETH15M-26OCT042015-15,0.0160,9.00,no
2026-10-05T00:13:57.192678Z,KXETH15M-26OCT042015-15,0.0120,4.00,no
2026-10-05T00:13:57.192678Z,KXETH15M-26OCT042015-15,0.0160,9.00,no
2026-10-05T00:13:57.417543Z,KXETH15M-26OCT042015-15,0.0080,8.00,no
2026-10-05T00:13:57.417543Z,KXETH15M-26OCT042015-15,0.0100,4.00,no
2026-10-05T00:13:57.417543Z,KXETH15M-26OCT042015-15,0.0080,4.00,no
2026-10-05T00:13:57.417543Z,KXETH15M-26OCT042015-15,0.0110,20.00,no
2026-10-05T00:13:57.417543Z,KXETH15M-26OCT042015-15,0.0090,4.00,no
2026-10-05T00:13:57.417543Z,KXETH15M-26OCT042015-15,0.0080,4.00,no
2026-10-05T00:13:57.417543Z,KXETH15M-26OCT042015-15,0.0100,12.00,no
2026-10-05T00:13:57.417543Z,KXETH15M-26OCT042015-15,0.0090,41.00,no
2026-10-05T00:13:58.091434Z,KXETH15M-26OCT042015-15,0.0100,2.00,yes
2026-10-05T00:13:58.097105Z,KXETH15M-26OCT042015-15,0.0100,1.00,yes
2026-10-05T00:13:58.772366Z,KXETH15M-26OCT042015-15,0.0170,20.00,no
2026-10-05T00:13:59.072075Z,KXETH15M-26OCT042015-15,0.0200,19.00,yes
2026-10-05T00:13:59.072075Z,KXETH15M-26OCT042015-15,0.0200,4.00,yes
2026-10-05T00:13:59.072075Z,KXETH15M-26OCT042015-15,0.0360,23.00,yes
2026-10-05T00:13:59.072075Z,KXETH15M-26OCT042015-15,0.0210,4.00,yes
2026-10-05T00:13:59.072075Z,KXETH15M-26OCT042015-15,0.0210,4.00,yes
2026-10-05T00:13:59.072075Z,KXETH15M-26OCT042015-15,0.0230,1.01,yes
2026-10-05T00:13:59.072075Z,KXETH15M-26OCT042015-15,0.0220,4.00,yes
2026-10-05T00:13:59.072075Z,KXETH15M-26OCT042015-15,0.0200,4.00,yes
2026-10-05T00:13:59.072075Z,KXETH15M-26OCT042015-15,0.0220,4.00,yes
2026-10-05T00:13:59.072075Z,KXETH15M-26OCT042015-15,0.0300,40.00,yes
2026-10-05T00:13:59.072075Z,KXETH15M-26OCT042015-15,0.0270,12.00,yes
2026-10-05T00:13:59.072075Z,KXETH15M-26OCT042015-15,0.0240,5.00,yes
2026-10-05T00:13:59.072075Z,KXETH15M-26OCT042015-15,0.0190,8.24,yes
2026-10-05T00:13:59.072075Z,KXETH15M-26OCT042015-15,0.0190,140.33,yes
2026-10-05T00:13:59.072075Z,KXETH15M-26OCT042015-15,0.0180,7.00,yes
2026-10-05T00:13:59.072075Z,KXETH15M-26OCT042015-15,0.0370,199.66,yes
2026-10-05T00:13:59.072075Z,KXETH15M-26OCT042015-15,0.0280,37.00,yes
2026-10-05T00:13:59.072075Z,KXETH15M-26OCT042015-15,0.0280,5.32,yes
2026-10-05T00:13:59.072075Z,KXETH15M-26OCT042015-15,0.0280,236.97,yes
2026-10-05T00:13:59.072075Z,KXETH15M-26OCT042015-15,0.0280,0.68,yes
2026-10-05T00:13:59.072075Z,KXETH15M-26OCT042015-15,0.0280,10.32,yes
2026-10-05T00:13:59.072075Z,KXETH15M-26OCT042015-15,0.0280,1.68,yes
2026-10-05T00:13:59.072075Z,KXETH15M-26OCT042015-15,0.0280,15.00,yes
2026-10-05T00:13:59.072075Z,KXETH15M-26OCT042015-15,0.0280,3.32,yes
2026-10-05T00:13:59.072075Z,KXETH15M-26OCT042015-15,0.0280,1.70,yes
2026-10-05T00:13:59.072075Z,KXETH15M-26OCT042015-15,0.0280,0.68,yes
2026-10-05T00:13:59.072075Z,KXETH15M-26OCT042015-15,0.0280,14.30,yes
2026-10-05T00:14:00.066258Z,KXETH15M-26OCT042015-15,0.0170,1.00,no
2026-10-05T00:14:00.066258Z,KXETH15M-26OCT042015-15,0.0170,0.01,no
2026-10-05T00:14:00.095592Z,KXETH15M-26OCT042015-15,0.0200,46.78,yes
2026-10-05T00:14:00.095592Z,KXETH15M-26OCT042015-15,0.0190,0.01,yes
2026-10-05T00:14:00.296443Z,KXETH15M-26OCT042015-15,0.0170,89.99,no
2026-10-05T00:14:00.296443Z,KXETH15M-26OCT042015-15,0.0160,0.01,no
2026-10-05T00:14:00.537231Z,KXETH15M-26OCT042015-15,0.0140,75.00,no
2026-10-05T00:14:00.602622Z,KXETH15M-26OCT042015-15,0.0120,6.00,no
2026-10-05T00:14:00.611113Z,KXETH15M-26OCT042015-15,0.0110,4.00,no
2026-10-05T00:14:00.658522Z,KXETH15M-26OCT042015-15,0.0100,4.00,no
2026-10-05T00:14:00.670494Z,KXETH15M-26OCT042015-15,0.0080,4.00,no
2026-10-05T00:14:00.670494Z,KXETH15M-26OCT042015-15,0.0090,4.00,no
2026-10-05T00:14:00.670494Z,KXETH15M-26OCT042015-15,0.0080,0.77,no
2026-10-05T00:14:00.689411Z,KXETH15M-26OCT042015-15,0.0070,1.73,no
2026-10-05T00:14:00.689411Z,KXETH15M-26OCT042015-15,0.0080,3.23,no
2026-10-05T00:14:01.182542Z,KXETH15M-26OCT042015-15,0.0100,10.00,yes
2026-10-05T00:14:01.182542Z,KXETH15M-26OCT042015-15,0.0150,4.00,yes
2026-10-05T00:14:01.182542Z,KXETH15M-26OCT042015-15,0.0080,8.00,yes
2026-10-05T00:14:01.182542Z,KXETH15M-26OCT042015-15,0.0080,27.00,yes
2026-10-05T00:14:01.182542Z,KXETH15M-26OCT042015-15,0.0150,9.00,yes
2026-10-05T00:14:01.182542Z,KXETH15M-26OCT042015-15,0.0180,139.55,yes
2026-10-05T00:14:01.182542Z,KXETH15M-26OCT042015-15,0.0150,4.00,yes
2026-10-05T00:14:01.182542Z,KXETH15M-26OCT042015-15,0.0170,4.00,yes
2026-10-05T00:14:01.182542Z,KXETH15M-26OCT042015-15,0.0130,5.00,yes
2026-10-05T00:14:01.182542Z,KXETH15M-26OCT042015-15,0.0160,4.00,yes
2026-10-05T00:14:01.182542Z,KXETH15M-26OCT042015-15,0.0090,1.00,yes
2026-10-05T00:14:01.182542Z,KXETH15M-26OCT042015-15,0.0140,15.00,yes
2026-10-05T00:14:01.182542Z,KXETH15M-26OCT042015-15,0.0170,4.00,yes
2026-10-05T00:14:01.182542Z,KXETH15M-26OCT042015-15,0.0080,1.00,yes
2026-10-05T00:14:01.182542Z,KXETH15M-26OCT042015-15,0.0150,9.00,yes
2026-10-05T00:14:01.182542Z,KXETH15M-26OCT042015-15,0.0150,22.00,yes
2026-10-05T00:14:01.182542Z,KXETH15M-26OCT042015-15,0.0160,4.00,yes
2026-10-05T00:14:01.303089Z,KXETH15M-26OCT042015-15,0.0090,4.00,no
2026-10-05T00:14:01.303089Z,KXETH15M-26OCT042015-15,0.0090,4.00,no
2026-10-05T00:14:01.303089Z,KXETH15M-26OCT042015-15,0.0090,22.00,no
2026-10-05T00:14:01.324452Z,KXETH15M-26OCT042015-15,0.0080,4.00,no
2026-10-05T00:14:01.324452Z,KXETH15M-26OCT042015-15,0.0080,4.00,no
2026-10-05T00:14:01.324452Z,KXETH15M-26OCT042015-15,0.0070,3.00,no
2026-10-05T00:14:01.331443Z,KXETH15M-26OCT042015-15,0.0070,4.00,no
2026-10-05T00:14:01.331443Z,KXETH15M-26OCT042015-15,0.0070,1.00,no
2026-10-05T00:14:01.333598Z,KXETH15M-26OCT042015-15,0.0020,500.00,no
2026-10-05T00:14:01.333598Z,KXETH15M-26OCT042015-15,0.0030,17.00,no
2026-10-05T00:14:01.333598Z,KXETH15M-26OCT042015-15,0.0060,4.00,no
2026-10-05T00:14:01.333598Z,KXETH15M-26OCT042015-15,0.0060,4.00,no
2026-10-05T00:14:01.333598Z,KXETH15M-26OCT042015-15,0.0030,20.00,no
2026-10-05T00:14:01.333598Z,KXETH15M-26OCT042015-15,0.0020,38.00,no
2026-10-05T00:14:01.427883Z,KXETH15M-26OCT042015-15,0.0050,28.00,no
2026-10-05T00:14:01.427883Z,KXETH15M-26OCT042015-15,0.0050,4.00,no
2026-10-05T00:14:01.427883Z,KXETH15M-26OCT042015-15,0.0050,4.00,no
2026-10-05T00:14:01.817031Z,KXETH15M-26OCT042015-15,0.0090,21.00,yes
2026-10-05T00:14:01.817031Z,KXETH15M-26OCT042015-15,0.0090,19.06,yes
2026-10-05T00:14:01.817031Z,KXETH15M-26OCT042015-15,0.0070,37.00,yes
2026-10-05T00:14:01.944716Z,KXETH15M-26OCT042015-15,0.0050,14.00,yes
2026-10-05T00:14:02.0693Z,KXETH15M-26OCT042015-15,0.0040,4.00,no
2026-10-05T00:14:02.0693Z,KXETH15M-26OCT042015-15,0.0040,4.00,no
2026-10-05T00:14:02.0693Z,KXETH15M-26OCT042015-15,0.0040,16.05,no
2026-10-05T00:14:02.298724Z,KXETH15M-26OCT042015-15,0.0080,1.00,yes
2026-10-05T00:14:02.298724Z,KXETH15M-26OCT042015-15,0.0070,32.00,yes
2026-10-05T00:14:02.498009Z,KXETH15M-26OCT042015-15,0.0090,1.44,yes
2026-10-05T00:14:02.498009Z,KXETH15M-26OCT042015-15,0.0090,0.94,yes
2026-10-05T00:14:02.498009Z,KXETH15M-26OCT042015-15,0.0060,19.00,yes
2026-10-05T00:14:02.498009Z,KXETH15M-26OCT042015-15,0.0060,1.00,yes
2026-10-05T00:14:02.498009Z,KXETH15M-26OCT042015-15,0.0070,1.00,yes
2026-10-05T00:14:02.845195Z,KXETH15M-26OCT042015-15,0.0030,4.00,no
2026-10-05T00:14:02.845195Z,KXETH15M-26OCT042015-15,0.0040,24.95,no
2026-10-05T00:14:02.845195Z,KXETH15M-26OCT042015-15,0.0030,41.00,no
2026-10-05T00:14:02.845195Z,KXETH15M-26OCT042015-15,0.0020,4.00,no
2026-10-05T00:14:02.845195Z,KXETH15M-26OCT042015-15,0.0020,7.40,no
2026-10-05T00:14:02.845195Z,KXETH15M-26OCT042015-15,0.0020,4.00,no
2026-10-05T00:14:02.845195Z,KXETH15M-26OCT042015-15,0.0030,4.00,no
2026-10-05T00:14:02.845195Z,KXETH15M-26OCT042015-15,0.0040,20.00,no
2026-10-05T00:14:02.845195Z,KXETH15M-26OCT042015-15,0.0040,10.00,no
2026-10-05T00:14:03.565381Z,KXETH15M-26OCT042015-15,0.0040,22.62,no
2026-10-05T00:14:03.613686Z,KXETH15M-26OCT042015-15,0.0040,5.00,no
2026-10-05T00:14:03.770518Z,KXETH15M-26OCT042015-15,0.0050,4.00,yes
2026-10-05T00:14:03.770518Z,KXETH15M-26OCT042015-15,0.0050,4.00,yes
2026-10-05T00:14:03.770518Z,KXETH15M-26OCT042015-15,0.0050,31.00,yes
2026-10-05T00:14:03.820627Z,KXETH15M-26OCT042015-15,0.0060,57.00,yes
2026-10-05T00:14:03.820627Z,KXETH15M-26OCT042015-15,0.0060,17.00,yes
2026-10-05T00:14:03.820627Z,KXETH15M-26OCT042015-15,0.0060,28.00,yes
2026-10-05T00:14:04.106109Z,KXETH15M-26OCT042015-15,0.0060,11.00,yes
2026-10-05T00:14:04.262738Z,KXETH15M-26OCT042015-15,0.0070,177.98,yes
2026-10-05T00:14:04.262738Z,KXETH15M-26OCT042015-15,0.0060,5.00,yes
2026-10-05T00:14:04.751182Z,KXETH15M-26OCT042015-15,0.0060,20.00,yes
2026-10-05T00:14:04.751182Z,KXETH15M-26OCT042015-15,0.0060,15.00,yes
2026-10-05T00:14:04.751182Z,KXETH15M-26OCT042015-15,0.0060,4.00,yes
2026-10-05T00:14:04.751182Z,KXETH15M-26OCT042015-15,0.0060,3.00,yes
2026-10-05T00:14:04.751182Z,KXETH15M-26OCT042015-15,0.0060,29.07,yes
2026-10-05T00:14:05.076586Z,KXETH15M-26OCT042015-15,0.0030,1.00,no
2026-10-05T00:14:05.269203Z,KXETH15M-26OCT042015-15,0.0040,31.00,yes
2026-10-05T00:14:05.269203Z,KXETH15M-26OCT042015-15,0.0050,103.00,yes
2026-10-05T00:14:05.269203Z,KXETH15M-26OCT042015-15,0.0040,60.00,yes
2026-10-05T00:14:05.269203Z,KXETH15M-26OCT042015-15,0.0060,13.00,yes
2026-10-05T00:14:05.269203Z,KXETH15M-26OCT042015-15,0.0080,64.75,yes
2026-10-05T00:14:05.514467Z,KXETH15M-26OCT042015-15,0.0030,13.00,no
2026-10-05T00:14:05.650251Z,KXETH15M-26OCT042015-15,0.0020,153.00,no
2026-10-05T00:14:05.650251Z,KXETH15M-26OCT042015-15,0.0020,7.00,no
2026-10-05T00:14:05.650251Z,KXETH15M-26OCT042015-15,0.0030,20.00,no
2026-10-05T00:14:05.650251Z,KXETH15M-26OCT042015-15,0.0030,20.00,no
2026-10-05T00:14:06.18126Z,KXETH15M-26OCT042015-15,0.0050,11.00,yes
2026-10-05T00:14:06.238585Z,KXETH15M-26OCT042015-15,0.0050,1.00,yes
2026-10-05T00:14:06.260274Z,KXETH15M-26OCT042015-15,0.0040,115.00,no
2026-10-05T00:14:06.260274Z,KXETH15M-26OCT042015-15,0.0040,25.00,no
2026-10-05T00:14:06.440059Z,KXETH15M-26OCT042015-15,0.0050,310.02,yes
2026-10-05T00:14:06.440059Z,KXETH15M-26OCT042015-15,0.0050,0.03,yes
2026-10-05T00:14:06.440059Z,KXETH15M-26OCT042015-15,0.0060,0.03,yes
2026-10-05T00:14:06.440059Z,KXETH15M-26OCT042015-15,0.0060,12.00,yes
2026-10-05T00:14:06.440059Z,KXETH15M-26OCT042015-15,0.0050,153.00,yes
2026-10-05T00:14:06.440059Z,KXETH15M-26OCT042015-15,0.0080,18.25,yes
2026-10-05T00:14:06.644963Z,KXETH15M-26OCT042015-15,0.0020,39.00,no
2026-10-05T00:14:06.903307Z,KXETH15M-26OCT042015-15,0.0040,11.21,yes
2026-10-05T00:14:06.914371Z,KXETH15M-26OCT042015-15,0.0030,34.00,no
2026-10-05T00:14:06.914371Z,KXETH15M-26OCT042015-15,0.0030,8.06,no
2026-10-05T00:14:06.914371Z,KXETH15M-26OCT042015-15,0.0030,35.00,no
2026-10-05T00:14:07.127406Z,KXETH15M-26OCT042015-15,0.0040,4.79,yes
2026-10-05T00:14:07.127406Z,KXETH15M-26OCT042015-15,0.0040,25.00,yes
2026-10-05T00:14:07.127406Z,KXETH15M-26OCT042015-15,0.0060,6.12,yes
2026-10-05T00:14:07.127406Z,KXETH15M-26OCT042015-15,0.0040,28.00,yes
2026-10-05T00:14:07.416527Z,KXETH15M-26OCT042015-15,0.0110,0.05,yes
2026-10-05T00:14:07.416527Z,KXETH15M-26OCT042015-15,0.0040,80.00,yes
2026-10-05T00:14:07.416527Z,KXETH15M-26OCT042015-15,0.0050,1.00,yes
2026-10-05T00:14:07.416527Z,KXETH15M-26OCT042015-15,0.0080,22.00,yes
2026-10-05T00:14:07.416527Z,KXETH15M-26OCT042015-15,0.0130,3.00,yes
2026-10-05T00:14:07.416527Z,KXETH15M-26OCT042015-15,0.0090,0.04,yes
2026-10-05T00:14:07.416527Z,KXETH15M-26OCT042015-15,0.0090,1.00,yes
2026-10-05T00:14:07.416527Z,KXETH15M-26OCT042015-15,0.0060,7.88,yes
2026-10-05T00:14:07.416527Z,KXETH15M-26OCT042015-15,0.0090,1.00,yes
2026-10-05T00:14:07.416527Z,KXETH15M-26OCT042015-15,0.0090,3.00,yes
2026-10-05T00:14:07.416527Z,KXETH15M-26OCT042015-15,0.0090,1.00,yes
2026-10-05T00:14:07.416527Z,KXETH15M-26OCT042015-15,0.0080,0.03,yes
2026-10-05T00:14:07.416527Z,KXETH15M-26OCT042015-15,0.0090,9.00,yes
2026-10-05T00:14:07.416527Z,KXETH15M-26OCT042015-15,0.0160,20.00,yes
2026-10-05T00:14:07.416527Z,KXETH15M-26OCT042015-15,0.0120,5.00,yes
2026-10-05T00:14:07.416527Z,KXETH15M-26OCT042015-15,0.0080,17.00,yes
2026-10-05T00:14:07.416527Z,KXETH15M-26OCT042015-15,0.0080,20.00,yes
2026-10-05T00:14:07.416527Z,KXETH15M-26OCT042015-15,0.0150,20.00,yes
2026-10-05T00:14:07.416527Z,KXETH15M-26OCT042015-15,0.0090,4.00,yes
2026-10-05T00:14:07.416527Z,KXETH15M-26OCT042015-15,0.0170,52.57,yes
2026-10-05T00:14:07.416527Z,KXETH15M-26OCT042015-15,0.0110,10.03,yes
2026-10-05T00:14:07.416527Z,KXETH15M-26OCT042015-15,0.0110,4.00,yes
2026-10-05T00:14:07.416527Z,KXETH15M-26OCT042015-15,0.0090,1.00,yes
2026-10-05T00:14:07.416527Z,KXETH15M-26OCT042015-15,0.0100,4.00,yes
2026-10-05T00:14:07.416527Z,KXETH15M-26OCT042015-15,0.0120,4.00,yes
2026-10-05T00:14:07.416527Z,KXETH15M-26OCT042015-15,0.0110,4.00,yes
2026-10-05T00:14:07.416527Z,KXETH15M-26OCT042015-15,0.0100,4.00,yes
2026-10-05T00:14:07.416527Z,KXETH15M-26OCT042015-15,0.0100,415.00,yes
2026-10-05T00:14:07.416527Z,KXETH15M-26OCT042015-15,0.0180,4.16,yes
2026-10-05T00:14:07.416527Z,KXETH15M-26OCT042015-15,0.0100,10.54,yes
2026-10-05T00:14:07.416527Z,KXETH15M-26OCT042015-15,0.0100,100.00,yes
2026-10-05T00:14:07.543599Z,KXETH15M-26OCT042015-15,0.0040,4.00,no
2026-10-05T00:14:07.543599Z,KXETH15M-26OCT042015-15,0.0040,10.00,no
2026-10-05T00:14:07.751638Z,KXETH15M-26OCT042015-15,0.0040,83.00,no
2026-10-05T00:14:08.210418Z,KXETH15M-26OCT042015-15,0.0030,4.00,no
2026-10-05T00:14:08.210418Z,KXETH15M-26OCT042015-15,0.0030,7.07,no
2026-10-05T00:14:08.210418Z,KXETH15M-26OCT042015-15,0.0030,17.00,no
2026-10-05T00:14:08.210418Z,KXETH15M-26OCT042015-15,0.0030,4.00,no
2026-10-05T00:14:08.651569Z,KXETH15M-26OCT042015-15,0.0050,80.53,yes
2026-10-05T00:14:08.972142Z,KXETH15M-26OCT042015-15,0.0030,8.00,no
2026-10-05T00:14:09.098589Z,KXETH15M-26OCT042015-15,0.0030,1.07,no
2026-10-05T00:14:09.098589Z,KXETH15M-26OCT042015-15,0.0030,4.93,no
2026-10-05T00:14:09.358276Z,KXETH15M-26OCT042015-15,0.0040,10.25,yes
2026-10-05T00:14:09.625744Z,KXETH15M-26OCT042015-15,0.0040,39.75,yes
2026-10-05T00:14:09.625744Z,KXETH15M-26OCT042015-15,0.0030,50.00,yes
2026-10-05T00:14:09.625744Z,KXETH15M-26OCT042015-15,0.0060,0.01,yes
2026-10-05T00:14:09.625744Z,KXETH15M-26OCT042015-15,0.0050,3.00,yes
2026-10-05T00:14:09.625744Z,KXETH15M-26OCT042015-15,0.0090,18.00,yes
2026-10-05T00:14:09.625744Z,KXETH15M-26OCT042015-15,0.0100,0.88,yes
2026-10-05T00:14:09.625744Z,KXETH15M-26OCT042015-15,0.0060,16.00,yes
2026-10-05T00:14:09.843507Z,KXETH15M-26OCT042015-15,0.0030,18.28,no
2026-10-05T00:14:09.936631Z,KXETH15M-26OCT042015-15,0.0180,244.29,yes
2026-10-05T00:14:09.936631Z,KXETH15M-26OCT042015-15,0.0200,30.71,yes
2026-10-05T00:14:09.936631Z,KXETH15M-26OCT042015-15,0.0170,20.00,yes
2026-10-05T00:14:09.936631Z,KXETH15M-26OCT042015-15,0.0140,0.05,yes
2026-10-05T00:14:09.936631Z,KXETH15M-26OCT042015-15,0.0150,0.06,yes
2026-10-05T00:14:09.936631Z,KXETH15M-26OCT042015-15,0.0060,100.00,yes
2026-10-05T00:14:09.936631Z,KXETH15M-26OCT042015-15,0.0150,9.00,yes
2026-10-05T00:14:09.936631Z,KXETH15M-26OCT042015-15,0.0130,0.05,yes
2026-10-05T00:14:09.936631Z,KXETH15M-26OCT042015-15,0.0060,15.00,yes
2026-10-05T00:14:09.936631Z,KXETH15M-26OCT042015-15,0.0050,107.00,yes
2026-10-05T00:14:09.936631Z,KXETH15M-26OCT042015-15,0.0170,13.00,yes
2026-10-05T00:14:09.936631Z,KXETH15M-26OCT042015-15,0.0100,0.04,yes
2026-10-05T00:14:09.936631Z,KXETH15M-26OCT042015-15,0.0130,4.00,yes
2026-10-05T00:14:09.936631Z,KXETH15M-26OCT042015-15,0.0110,4.00,yes
2026-10-05T00:14:09.936631Z,KXETH15M-26OCT042015-15,0.0120,4.00,yes
2026-10-05T00:14:09.936631Z,KXETH15M-26OCT042015-15,0.0120,0.05,yes
2026-10-05T00:14:09.936631Z,KXETH15M-26OCT042015-15,0.0180,20.00,yes
2026-10-05T00:14:09.936631Z,KXETH15M-26OCT042015-15,0.0180,20.00,yes
2026-10-05T00:14:09.936631Z,KXETH15M-26OCT042015-15,0.0130,4.00,yes
2026-10-05T00:14:09.936631Z,KXETH15M-26OCT042015-15,0.0120,5.00,yes
2026-10-05T00:14:09.936631Z,KXETH15M-26OCT042015-15,0.0100,24.02,yes
2026-10-05T00:14:09.936631Z,KXETH15M-26OCT042015-15,0.0120,4.00,yes
2026-10-05T00:14:10.073023Z,KXETH15M-26OCT042015-15,0.0040,20.00,no
2026-10-05T00:14:10.073023Z,KXETH15M-26OCT042015-15,0.0040,174.00,no
2026-10-05T00:14:10.073023Z,KXETH15M-26OCT042015-15,0.0040,4.00,no
2026-10-05T00:14:10.073023Z,KXETH15M-26OCT042015-15,0.0040,4.00,no
2026-10-05T00:14:10.073023Z,KXETH15M-26OCT042015-15,0.0050,12.00,no
2026-10-05T00:14:10.073023Z,KXETH15M-26OCT042015-15,0.0050,4.00,no
2026-10-05T00:14:10.110099Z,KXETH15M-26OCT042015-15,0.0040,10.00,no
2026-10-05T00:14:10.110099Z,KXETH15M-26OCT042015-15,0.0040,20.00,no
2026-10-05T00:14:10.110099Z,KXETH15M-26OCT042015-15,0.0040,3.00,no
2026-10-05T00:14:10.288296Z,KXETH15M-26OCT042015-15,0.0030,4.00,no
2026-10-05T00:14:10.288296Z,KXETH15M-26OCT042015-15,0.0030,4.00,no
2026-10-05T00:14:10.288296Z,KXETH15M-26OCT042015-15,0.0030,4.00,no
2026-10-05T00:14:10.296381Z,KXETH15M-26OCT042015-15,0.0030,12.00,no
2026-10-05T00:14:10.365587Z,KXETH15M-26OCT042015-15,0.0030,19.00,no
2026-10-05T00:14:10.365587Z,KXETH15M-26OCT042015-15,0.0030,1.00,no
2026-10-05T00:14:10.429398Z,KXETH15M-26OCT042015-15,0.0020,39.00,no
2026-10-05T00:14:10.429398Z,KXETH15M-26OCT042015-15,0.0020,284.44,no
2026-10-05T00:14:10.429398Z,KXETH15M-26OCT042015-15,0.0020,2.00,no
2026-10-05T00:14:10.429398Z,KXETH15M-26OCT042015-15,0.0030,1.00,no
2026-10-05T00:14:10.429398Z,KXETH15M-26OCT042015-15,0.0030,1.00,no
2026-10-05T00:14:10.429398Z,KXETH15M-26OCT042015-15,0.0030,4.00,no
2026-10-05T00:14:10.429398Z,KXETH15M-26OCT042015-15,0.0030,12.00,no
2026-10-05T00:14:10.777988Z,KXETH15M-26OCT042015-15,0.0020,69.21,no
2026-10-05T00:14:10.777988Z,KXETH15M-26OCT042015-15,0.0030,17.00,no
2026-10-05T00:14:10.777988Z,KXETH15M-26OCT042015-15,0.0030,12.00,no
2026-10-05T00:14:10.894982Z,KXETH15M-26OCT042015-15,0.0120,4.00,yes
2026-10-05T00:14:10.894982Z,KXETH15M-26OCT042015-15,0.0060,1.00,yes
2026-10-05T00:14:10.894982Z,KXETH15M-26OCT042015-15,0.0060,167.00,yes
2026-10-05T00:14:10.894982Z,KXETH15M-26OCT042015-15,0.0190,112.66,yes
2026-10-05T00:14:10.894982Z,KXETH15M-26OCT042015-15,0.0100,9.00,yes
2026-10-05T00:14:10.894982Z,KXETH15M-26OCT042015-15,0.0170,0.07,yes
2026-10-05T00:14:10.894982Z,KXETH15M-26OCT042015-15,0.0120,4.00,yes
2026-10-05T00:14:10.894982Z,KXETH15M-26OCT042015-15,0.0110,4.00,yes
2026-10-05T00:14:10.894982Z,KXETH15M-26OCT042015-15,0.0110,4.00,yes
2026-10-05T00:14:10.894982Z,KXETH15M-26OCT042015-15,0.0180,20.00,yes
2026-10-05T00:14:10.894982Z,KXETH15M-26OCT042015-15,0.0060,15.00,yes
2026-10-05T00:14:10.894982Z,KXETH15M-26OCT042015-15,0.0130,4.00,yes
2026-10-05T00:14:10.894982Z,KXETH15M-26OCT042015-15,0.0100,8.31,yes
2026-10-05T00:14:10.894982Z,KXETH15M-26OCT042015-15,0.0180,12.00,yes
2026-10-05T00:14:10.894982Z,KXETH15M-26OCT042015-15,0.0130,4.00,yes
2026-10-05T00:14:10.894982Z,KXETH15M-26OCT042015-15,0.0120,5.00,yes
2026-10-05T00:14:11.072881Z,KXETH15M-26OCT042015-15,0.0060,84.71,yes
2026-10-05T00:14:11.107185Z,KXETH15M-26OCT042015-15,0.0050,1.00,no
2026-10-05T00:14:11.107185Z,KXETH15M-26OCT042015-15,0.0050,4.00,no
2026-10-05T00:14:11.201618Z,KXETH15M-26OCT042015-15,0.0040,44.00,no
2026-10-05T00:14:11.201618Z,KXETH15M-26OCT042015-15,0.0040,4.00,no
2026-10-05T00:14:11.201618Z,KXETH15M-26OCT042015-15,0.0040,4.00,no
2026-10-05T00:14:11.201618Z,KXETH15M-26OCT042015-15,0.0040,10.00,no
2026-10-05T00:14:11.201618Z,KXETH15M-26OCT042015-15,0.0050,3.00,no
2026-10-05T00:14:11.656824Z,KXETH15M-26OCT042015-15,0.0030,17.00,no
2026-10-05T00:14:11.656824Z,KXETH15M-26OCT042015-15,0.0030,4.00,no
2026-10-05T00:14:11.656824Z,KXETH15M-26OCT042015-15,0.0030,20.00,no
2026-10-05T00:14:11.656824Z,KXETH15M-26OCT042015-15,0.0030,4.00,no
2026-10-05T00:14:11.656824Z,KXETH15M-26OCT042015-15,0.0030,37.00,no
2026-10-05T00:14:11.656824Z,KXETH15M-26OCT042015-15,0.0020,52.00,no
2026-10-05T00:14:11.758421Z,KXETH15M-26OCT042015-15,0.0040,76.00,yes
2026-10-05T00:14:11.758421Z,KXETH15M-26OCT042015-15,0.0060,14.00,yes
2026-10-05T00:14:11.758421Z,KXETH15M-26OCT042015-15,0.0040,27.00,yes
2026-10-05T00:14:11.758421Z,KXETH15M-26OCT042015-15,0.0070,18.12,yes
2026-10-05T00:14:11.866444Z,KXETH15M-26OCT042015-15,0.0070,212.06,yes
2026-10-05T00:14:11.999205Z,KXETH15M-26OCT042015-15,0.0030,5.00,no
2026-10-05T00:14:12.174975Z,KXETH15M-26OCT042015-15,0.0070,10.81,yes
2026-10-05T00:14:12.174975Z,KXETH15M-26OCT042015-15,0.0070,100.00,yes
2026-10-05T00:14:12.174975Z,KXETH15M-26OCT042015-15,0.0080,6.77,yes
2026-10-05T00:14:12.174975Z,KXETH15M-26OCT042015-15,0.0060,16.00,yes
2026-10-05T00:14:12.269418Z,KXETH15M-26OCT042015-15,0.0120,5.00,yes
2026-10-05T00:14:12.269418Z,KXETH15M-26OCT042015-15,0.0190,12.00,yes
2026-10-05T00:14:12.269418Z,KXETH15M-26OCT042015-15,0.0150,0.05,yes
2026-10-05T00:14:12.269418Z,KXETH15M-26OCT042015-15,0.0110,4.00,yes
2026-10-05T00:14:12.269418Z,KXETH15M-26OCT042015-15,0.0130,0.04,yes
2026-10-05T00:14:12.269418Z,KXETH15M-26OCT042015-15,0.0190,20.00,yes
2026-10-05T00:14:12.269418Z,KXETH15M-26OCT042015-15,0.0130,4.00,yes
2026-10-05T00:14:12.269418Z,KXETH15M-26OCT042015-15,0.0080,3.23,yes
2026-10-05T00:14:12.269418Z,KXETH15M-26OCT042015-15,0.0110,4.00,yes
2026-10-05T00:14:12.269418Z,KXETH15M-26OCT042015-15,0.0130,4.00,yes
2026-10-05T00:14:12.269418Z,KXETH15M-26OCT042015-15,0.0120,4.00,yes
2026-10-05T00:14:12.269418Z,KXETH15M-26OCT042015-15,0.0120,4.00,yes
2026-10-05T00:14:12.269418Z,KXETH15M-26OCT042015-15,0.0200,27.73,yes
2026-10-05T00:14:12.357013Z,KXETH15M-26OCT042015-15,0.0030,4.00,no
2026-10-05T00:14:12.357013Z,KXETH15M-26OCT042015-15,0.0040,4.00,no
2026-10-05T00:14:12.357013Z,KXETH15M-26OCT042015-15,0.0030,4.00,no
2026-10-05T00:14:12.357013Z,KXETH15M-26OCT042015-15,0.0020,147.65,no
2026-10-05T00:14:12.357013Z,KXETH15M-26OCT042015-15,0.0040,4.00,no
2026-10-05T00:14:12.357013Z,KXETH15M-26OCT042015-15,0.0050,4.00,no
2026-10-05T00:14:12.357013Z,KXETH15M-26OCT042015-15,0.0050,4.00,no
2026-10-05T00:14:12.357013Z,KXETH15M-26OCT042015-15,0.0030,35.00,no
2026-10-05T00:14:12.357013Z,KXETH15M-26OCT042015-15,0.0050,12.00,no
2026-10-05T00:14:12.357013Z,KXETH15M-26OCT042015-15,0.0020,94.35,no
2026-10-05T00:14:12.652408Z,KXETH15M-26OCT042015-15,0.0050,61.00,yes
2026-10-05T00:14:12.818995Z,KXETH15M-26OCT042015-15,0.0040,25.00,yes
2026-10-05T00:14:12.818995Z,KXETH15M-26OCT042015-15,0.0040,24.25,yes
2026-10-05T00:14:13.163993Z,KXETH15M-26OCT042015-15,0.0030,63.00,no
2026-10-05T00:14:13.255226Z,KXETH15M-26OCT042015-15,0.0020,0.54,no
2026-10-05T00:14:13.255226Z,KXETH15M-26OCT042015-15,0.0020,83.46,no
2026-10-05T00:14:13.255226Z,KXETH15M-26OCT042015-15,0.0020,4.00,no
2026-10-05T00:14:13.255226Z,KXETH15M-26OCT042015-15,0.0020,15.00,no
2026-10-05T00:14:13.255226Z,KXETH15M-26OCT042015-15,0.0020,4.00,no
2026-10-05T00:14:13.255226Z,KXETH15M-26OCT042015-15,0.0020,58.00,no
2026-10-05T00:14:13.255226Z,KXETH15M-26OCT042015-15,0.0020,7.00,no
2026-10-05T00:14:13.526865Z,KXETH15M-26OCT042015-15,0.0030,356.61,yes
2026-10-05T00:14:13.825518Z,KXETH15M-26OCT042015-15,0.0020,34.06,no
2026-10-05T00:14:13.840421Z,KXETH15M-26OCT042015-15,0.0030,80.39,yes
2026-10-05T00:14:13.840421Z,KXETH15M-26OCT042015-15,0.0030,81.00,yes
2026-10-05T00:14:13.840421Z,KXETH15M-26OCT042015-15,0.0030,20.56,yes
2026-10-05T00:14:13.840421Z,KXETH15M-26OCT042015-15,0.0030,123.40,yes
2026-10-05T00:14:14.321999Z,KXETH15M-26OCT042015-15,0.0030,306.00,yes
2026-10-05T00:14:14.829191Z,KXETH15M-26OCT042015-15,0.0030,305.35,yes
2026-10-05T00:14:15.168608Z,KXETH15M-26OCT042015-15,0.0030,305.35,yes
2026-10-05T00:14:16.056622Z,KXETH15M-26OCT042015-15,0.0030,305.35,yes
2026-10-05T00:14:16.344372Z,KXETH15M-26OCT042015-15,0.0030,610.72,yes
2026-10-05T00:14:16.892539Z,KXETH15M-26OCT042015-15,0.0020,21.55,no
2026-10-05T00:14:17.033299Z,KXETH15M-26OCT042015-15,0.0030,2.00,yes
2026-10-05T00:14:17.179585Z,KXETH15M-26OCT042015-15,0.0020,5.93,no
2026-10-05T00:14:17.179585Z,KXETH15M-26OCT042015-15,0.0020,19.11,no
2026-10-05T00:14:17.225336Z,KXETH15M-26OCT042015-15,0.0030,50.00,yes
2026-10-05T00:14:17.29418Z,KXETH15M-26OCT042015-15,0.0030,305.35,yes
2026-10-05T00:14:17.56968Z,KXETH15M-26OCT042015-15,0.0030,21.27,yes
2026-10-05T00:14:17.826133Z,KXETH15M-26OCT042015-15,0.0030,316.22,yes
2026-10-05T00:14:18.409971Z,KXETH15M-26OCT042015-15,0.0010,297.82,no
2026-10-05T00:14:18.409971Z,KXETH15M-26OCT042015-15,0.0010,400.00,no
2026-10-05T00:14:18.409971Z,KXETH15M-26OCT042015-15,0.0020,21.89,no
2026-10-05T00:14:18.409971Z,KXETH15M-26OCT042015-15,0.0020,7.00,no
2026-10-05T00:14:18.409971Z,KXETH15M-26OCT042015-15,0.0020,0.05,no
2026-10-05T00:14:18.409971Z,KXETH15M-26OCT042015-15,0.0020,29.00,no
2026-10-05T00:14:18.409971Z,KXETH15M-26OCT042015-15,0.0020,3.00,no
2026-10-05T00:14:18.409971Z,KXETH15M-26OCT042015-15,0.0020,353.65,no
2026-10-05T00:14:18.99573Z,KXETH15M-26OCT042015-15,0.0010,40.03,no
2026-10-05T00:14:19.19229Z,KXETH15M-26OCT042015-15,0.0020,57.00,yes
2026-10-05T00:14:19.19229Z,KXETH15M-26OCT042015-15,0.0020,25.18,yes
2026-10-05T00:14:19.19229Z,KXETH15M-26OCT042015-15,0.0020,297.82,yes
2026-10-05T00:14:19.296743Z,KXETH15M-26OCT042015-15,0.0010,52.00,no
2026-10-05T00:14:19.631858Z,KXETH15M-26OCT042015-15,0.0020,1.24,yes
2026-10-05T00:14:19.636653Z,KXETH15M-26OCT042015-15,0.0010,11.09,no
2026-10-05T00:14:20.304346Z,KXETH15M-26OCT042015-15,0.0010,40.00,no
2026-10-05T00:14:20.342146Z,KXETH15M-26OCT042015-15,0.0020,39.56,yes
2026-10-05T00:14:20.432824Z,KXETH15M-26OCT042015-15,0.0020,458.01,yes
2026-10-05T00:14:20.577291Z,KXETH15M-26OCT042015-15,0.0020,448.66,yes
2026-10-05T00:14:20.96483Z,KXETH15M-26OCT042015-15,0.0020,2290.05,yes
2026-10-05T00:14:22.139081Z,KXETH15M-26OCT042015-15,0.0010,500.00,no
2026-10-05T00:14:23.286409Z,KXETH15M-26OCT042015-15,0.0010,2.00,no
2026-10-05T00:14:23.548139Z,KXETH15M-26OCT042015-15,0.0020,8.56,yes
2026-10-05T00:14:23.747335Z,KXETH15M-26OCT042015-15,0.0020,458.01,yes
2026-10-05T00:14:24.372034Z,KXETH15M-26OCT042015-15,0.0020,532.56,yes
2026-10-05T00:14:24.377794Z,KXETH15M-26OCT042015-15,0.0020,458.01,yes
2026-10-05T00:14:24.502313Z,KXETH15M-26OCT042015-15,0.0020,91.62,yes
2026-10-05T00:14:24.749507Z,KXETH15M-26OCT042015-15,0.0010,14.00,no
2026-10-05T00:14:24.833468Z,KXETH15M-26OCT042015-15,0.0010,50.00,no
2026-10-05T00:14:25.223854Z,KXETH15M-26OCT042015-15,0.0010,5.00,no
2026-10-05T00:14:25.813535Z,KXETH15M-26OCT042015-15,0.0010,1.00,no
2026-10-05T00:14:25.829064Z,KXETH15M-26OCT042015-15,0.0010,1584.00,no
2026-10-05T00:14:25.931391Z,KXETH15M-26OCT042015-15,0.0010,1.00,no
2026-10-05T00:14:26.014363Z,KXETH15M-26OCT042015-15,0.0010,10.01,no
2026-10-05T00:14:26.147819Z,KXETH15M-26OCT042015-15,0.0010,1000.00,no
2026-10-05T00:14:26.147819Z,KXETH15M-26OCT042015-15,0.0010,2000.00,no
2026-10-05T00:14:26.147819Z,KXETH15M-26OCT042015-15,0.0010,1.00,no
2026-10-05T00:14:26.147819Z,KXETH15M-26OCT042015-15,0.0010,1.00,no
2026-10-05T00:14:26.147819Z,KXETH15M-26OCT042015-15,0.0010,653.30,no
2026-10-05T00:14:26.147819Z,KXETH15M-26OCT042015-15,0.0010,6159.05,no
2026-10-05T00:14:26.147819Z,KXETH15M-26OCT042015-15,0.0010,1.00,no
2026-10-05T00:14:26.147819Z,KXETH15M-26OCT042015-15,0.0010,100.00,no
2026-10-05T00:14:26.147819Z,KXETH15M-26OCT042015-15,0.0010,20.00,no
2026-10-05T00:14:26.147819Z,KXETH15M-26OCT042015-15,0.0010,66.00,no
2026-10-05T00:14:26.147819Z,KXETH15M-26OCT042015-15,0.0010,62.00,no
2026-10-05T00:14:26.147819Z,KXETH15M-26OCT042015-15,0.0010,41.00,no
2026-10-05T00:14:26.147819Z,KXETH15M-26OCT042015-15,0.0010,4.00,no
2026-10-05T00:14:26.147819Z,KXETH15M-26OCT042015-15,0.0010,4.00,no
2026-10-05T00:14:26.147819Z,KXETH15M-26OCT042015-15,0.0010,100.00,no
2026-10-05T00:14:26.147819Z,KXETH15M-26OCT042015-15,0.0010,4.00,no
2026-10-05T00:14:28.106583Z,KXETH15M-26OCT042015-15,0.0010,1515.88,yes
2026-10-05T00:14:28.106583Z,KXETH15M-26OCT042015-15,0.0010,81.00,yes
2026-10-05T00:14:28.106583Z,KXETH15M-26OCT042015-15,0.0010,640.00,yes
2026-10-05T00:14:28.106583Z,KXETH15M-26OCT042015-15,0.0010,1604.89,yes
2026-10-05T00:14:28.106583Z,KXETH15M-26OCT042015-15,0.0010,485.00,yes
2026-10-05T00:14:28.106583Z,KXETH15M-26OCT042015-15,0.0010,100.00,yes
2026-10-05T00:14:28.106583Z,KXETH15M-26OCT042015-15,0.0010,153.00,yes
2026-10-05T00:14:28.872801Z,KXETH15M-26OCT042015-15,0.0010,68.12,yes
2026-10-05T00:14:28.872801Z,KXETH15M-26OCT042015-15,0.0010,763.77,yes
2026-10-05T00:14:28.872801Z,KXETH15M-26OCT042015-15,0.0010,84.10,yes
2026-10-05T00:14:29.309023Z,KXETH15M-26OCT042015-15,0.0010,2.79,yes
2026-10-05T00:14:29.562925Z,KXETH15M-26OCT042015-15,0.0020,3.00,yes
2026-10-05T00:14:29.562925Z,KXETH15M-26OCT042015-15,0.0010,50.00,yes
2026-10-05T00:14:29.562925Z,KXETH15M-26OCT042015-15,0.0020,199.14,yes
2026-10-05T00:14:29.562925Z,KXETH15M-26OCT042015-15,0.0010,5.00,yes
2026-10-05T00:14:29.562925Z,KXETH15M-26OCT042015-15,0.0020,81.00,yes
2026-10-05T00:14:29.562925Z,KXETH15M-26OCT042015-15,0.0020,1000.00,yes
2026-10-05T00:14:29.562925Z,KXETH15M-26OCT042015-15,0.0020,100.00,yes
2026-10-05T00:14:29.562925Z,KXETH15M-26OCT042015-15,0.0010,5392.49,yes
2026-10-05T00:14:29.562925Z,KXETH15M-26OCT042015-15,0.0010,532.00,yes
2026-10-05T00:14:29.562925Z,KXETH15M-26OCT042015-15,0.0010,52.00,yes
2026-10-05T00:14:29.562925Z,KXETH15M-26OCT042015-15,0.0010,40.03,yes
2026-10-05T00:14:29.562925Z,KXETH15M-26OCT042015-15,0.0020,0.04,yes
2026-10-05T00:14:29.562925Z,KXETH15M-26OCT042015-15,0.0020,3.00,yes
2026-10-05T00:14:29.562925Z,KXETH15M-26OCT042015-15,0.0010,500.00,yes
2026-10-05T00:14:30.050994Z,KXETH15M-26OCT042015-15,0.0010,57.00,no
2026-10-05T00:14:30.050994Z,KXETH15M-26OCT042015-15,0.0010,43.00,no
2026-10-05T00:14:30.074629Z,KXETH15M-26OCT042015-15,0.0010,2.00,no
2026-10-05T00:14:30.498461Z,KXETH15M-26OCT042015-15,0.0010,0.04,no
2026-10-05T00:14:30.498461Z,KXETH15M-26OCT042015-15,0.0010,7.00,no
2026-10-05T00:14:30.498461Z,KXETH15M-26OCT042015-15,0.0010,20.00,no
2026-10-05T00:14:30.498461Z,KXETH15M-26OCT042015-15,0.0010,53.03,no
2026-10-05T00:14:31.74622Z,KXETH15M-26OCT042015-15,0.0020,257.68,yes
2026-10-05T00:14:32.306579Z,KXETH15M-26OCT042015-15,0.0030,50.00,yes
2026-10-05T00:14:32.306579Z,KXETH15M-26OCT042015-15,0.0020,3.00,yes
2026-10-05T00:14:32.306579Z,KXETH15M-26OCT042015-15,0.0030,40.00,yes
2026-10-05T00:14:32.306579Z,KXETH15M-26OCT042015-15,0.0020,0.06,yes
2026-10-05T00:14:32.306579Z,KXETH15M-26OCT042015-15,0.0030,40.00,yes
2026-10-05T00:14:32.306579Z,KXETH15M-26OCT042015-15,0.0020,439.00,yes
2026-10-05T00:14:32.306579Z,KXETH15M-26OCT042015-15,0.0020,403.18,yes
2026-10-05T00:14:32.306579Z,KXETH15M-26OCT042015-15,0.0030,3.00,yes
2026-10-05T00:14:32.306579Z,KXETH15M-26OCT042015-15,0.0030,0.04,yes
2026-10-05T00:14:32.306579Z,KXETH15M-26OCT042015-15,0.0040,411.32,yes
2026-10-05T00:14:32.591656Z,KXETH15M-26OCT042015-15,0.0010,65.94,no
2026-10-05T00:14:32.591656Z,KXETH15M-26OCT042015-15,0.0010,0.06,no
2026-10-05T00:14:32.683245Z,KXETH15M-26OCT042015-15,0.0010,411.00,no
2026-10-05T00:14:32.767798Z,KXETH15M-26OCT042015-15,0.0010,0.32,no
2026-10-05T00:14:32.767798Z,KXETH15M-26OCT042015-15,0.0010,65.68,no
2026-10-05T00:14:32.840082Z,KXETH15M-26OCT042015-15,0.0030,20.00,yes
2026-10-05T00:14:32.840082Z,KXETH15M-26OCT042015-15,0.0040,4.92,yes
2026-10-05T00:14:32.840082Z,KXETH15M-26OCT042015-15,0.0020,130.00,yes
2026-10-05T00:14:32.840082Z,KXETH15M-26OCT042015-15,0.0040,81.00,yes
2026-10-05T00:14:32.840082Z,KXETH15M-26OCT042015-15,0.0040,0.05,yes
2026-10-05T00:14:32.840082Z,KXETH15M-26OCT042015-15,0.0040,14.00,yes
2026-10-05T00:14:32.857414Z,KXETH15M-26OCT042015-15,0.0010,34.00,no
2026-10-05T00:14:33.599422Z,KXETH15M-26OCT042015-15,0.0010,65.91,no
2026-10-05T00:14:33.599422Z,KXETH15M-26OCT042015-15,0.0010,0.09,no
2026-10-05T00:14:34.703161Z,KXETH15M-26OCT042015-15,0.0020,3.00,yes
2026-10-05T00:14:34.703161Z,KXETH15M-26OCT042015-15,0.0020,1002.00,yes
2026-10-05T00:14:34.703161Z,KXETH15M-26OCT042015-15,0.0030,10.00,yes
2026-10-05T00:14:34.703161Z,KXETH15M-26OCT042015-15,0.0050,381.18,yes
2026-10-05T00:14:34.703161Z,KXETH15M-26OCT042015-15,0.0020,1099.00,yes
2026-10-05T00:14:34.703161Z,KXETH15M-26OCT042015-15,0.0050,0.05,yes
2026-10-05T00:14:34.703161Z,KXETH15M-26OCT042015-15,0.0050,400.00,yes
2026-10-05T00:14:34.703161Z,KXETH15M-26OCT042015-15,0.0040,500.00,yes
2026-10-05T00:14:34.963203Z,KXETH15M-26OCT042015-15,0.0010,400.00,no
2026-10-05T00:14:35.06487Z,KXETH15M-26OCT042015-15,0.0010,500.00,no
2026-10-05T00:14:35.06487Z,KXETH15M-26OCT042015-15,0.0010,66.00,no
2026-10-05T00:14:35.069931Z,KXETH15M-26OCT042015-15,0.0010,0.05,no
2026-10-05T00:14:35.201517Z,KXETH15M-26OCT042015-15,0.0010,186.97,yes
2026-10-05T00:14:35.265549Z,KXETH15M-26OCT042015-15,0.0010,37.00,yes
2026-10-05T00:14:35.965262Z,KXETH15M-26OCT042015-15,0.0010,64.18,yes
2026-10-05T00:14:36.191831Z,KXETH15M-26OCT042015-15,0.0010,283.99,yes
2026-10-05T00:14:36.324682Z,KXETH15M-26OCT042015-15,0.0010,20.00,yes
2026-10-05T00:14:38.027129Z,KXETH15M-26OCT042015-15,0.0010,915.99,yes
2026-10-05T00:14:38.368842Z,KXETH15M-26OCT042015-15,0.0010,915.99,yes
2026-10-05T00:14:41.65064Z,KXETH15M-26OCT042015-15,0.0010,126.20,yes
2026-10-05T00:14:41.65064Z,KXETH15M-26OCT042015-15,0.0010,3889.57,yes
2026-10-05T00:14:41.65064Z,KXETH15M-26OCT042015-15,0.0010,3.00,yes
2026-10-05T00:14:41.65064Z,KXETH15M-26OCT042015-15,0.0010,561.00,yes
2026-10-05T00:14:41.813757Z,KXETH15M-26OCT042015-15,0.0010,751.15,yes
2026-10-05T00:14:42.325139Z,KXETH15M-26OCT042015-15,0.0010,5015.55,yes
2026-10-05T00:14:42.724134Z,KXETH15M-26OCT042015-15,0.0010,5019.45,yes
2026-10-05T00:14:45.383689Z,KXETH15M-26OCT042015-15,0.0010,915.99,yes
2026-10-05T00:14:49.410846Z,KXETH15M-26OCT042015-15,0.0010,915.99,yes
2026-10-05T00:14:51.042492Z,KXETH15M-26OCT042015-15,0.0010,915.99,yes
2026-10-05T00:14:51.991932Z,KXETH15M-26OCT042015-15,0.0010,30.40,yes
2026-10-05T00:14:53.277551Z,KXETH15M-26OCT042015-15,0.0010,915.99,yes
2026-10-05T00:14:54.80118Z,KXETH15M-26OCT042015-15,0.0010,16.80,yes
2026-10-05T00:14:55.409221Z,KXETH15M-26OCT042015-15,0.0010,915.99,yes
2026-10-05T00:14:57.34341Z,KXETH15M-26OCT042015-15,0.0010,458.04,yes
2026-10-05T00:14:59.46289Z,KXETH15M-26OCT042015-15,0.0010,4.96,yes
2026-10-05T00:12:44.029379Z,KXBTC15M-26OCT042015-15,0.0200,30.00,yes
2026-10-05T00:12:44.029379Z,KXBTC15M-26OCT042015-15,0.0200,50.00,yes
2026-10-05T00:12:44.029379Z,KXBTC15M-26OCT042015-15,0.0200,1.00,yes
2026-10-05T00:12:44.029379Z,KXBTC15M-26OCT042015-15,0.0200,200.00,yes
2026-10-05T00:12:44.029379Z,KXBTC15M-26OCT042015-15,0.0210,200.00,yes
2026-10-05T00:12:44.029379Z,KXBTC15M-26OCT042015-15,0.0200,50.00,yes
2026-10-05T00:12:44.029379Z,KXBTC15M-26OCT042015-15,0.0200,500.00,yes
2026-10-05T00:12:44.029379Z,KXBTC15M-26OCT042015-15,0.0200,1000.00,yes
2026-10-05T00:12:44.029379Z,KXBTC15M-26OCT042015-15,0.0210,96.00,yes
2026-10-05T00:12:44.029379Z,KXBTC15M-26OCT042015-15,0.0200,2.00,yes
2026-10-05T00:12:44.029379Z,KXBTC15M-26OCT042015-15,0.0210,2.00,yes
2026-10-05T00:12:44.029379Z,KXBTC15M-26OCT042015-15,0.0210,2.00,yes
2026-10-05T00:12:44.029379Z,KXBTC15M-26OCT042015-15,0.0200,300.00,yes
2026-10-05T00:12:44.029379Z,KXBTC15M-26OCT042015-15,0.0200,400.00,yes
2026-10-05T00:12:44.029379Z,KXBTC15M-26OCT042015-15,0.0210,224.00,yes
2026-10-05T00:12:44.029379Z,KXBTC15M-26OCT042015-15,0.0210,30.00,yes
2026-10-05T00:12:44.029379Z,KXBTC15M-26OCT042015-15,0.0200,1.00,yes
2026-10-05T00:12:44.029379Z,KXBTC15M-26OCT042015-15,0.0200,2.00,yes
2026-10-05T00:12:44.029379Z,KXBTC15M-26OCT042015-15,0.0210,13.00,yes
2026-10-05T00:12:44.029379Z,KXBTC15M-26OCT042015-15,0.0200,0.06,yes
2026-10-05T00:12:44.029379Z,KXBTC15M-26OCT042015-15,0.0220,137.09,yes
2026-10-05T00:12:44.033753Z,KXBTC15M-26OCT042015-15,0.0220,183.70,yes
2026-10-05T00:12:44.033753Z,KXBTC15M-26OCT042015-15,0.0220,161.43,yes
2026-10-05T00:12:44.079555Z,KXBTC15M-26OCT042015-15,0.0210,5.87,yes
2026-10-05T00:12:44.098478Z,KXBTC15M-26OCT042015-15,0.0190,4.23,no
2026-10-05T00:12:44.105723Z,KXBTC15M-26OCT042015-15,0.0200,1.00,yes
2026-10-05T00:12:44.105723Z,KXBTC15M-26OCT042015-15,0.0200,24.00,yes
2026-10-05T00:12:44.12351Z,KXBTC15M-26OCT042015-15,0.0210,6.98,yes
2026-10-05T00:12:44.132587Z,KXBTC15M-26OCT042015-15,0.0210,131.50,yes
2026-10-05T00:12:44.132587Z,KXBTC15M-26OCT042015-15,0.0200,0.01,yes
2026-10-05T00:12:44.144098Z,KXBTC15M-26OCT042015-15,0.0190,2.59,no
2026-10-05T00:12:44.196152Z,KXBTC15M-26OCT042015-15,0.0200,2.62,yes
2026-10-05T00:12:44.196152Z,KXBTC15M-26OCT042015-15,0.0200,21.00,yes
2026-10-05T00:12:44.196152Z,KXBTC15M-26OCT042015-15,0.0200,0.01,yes
2026-10-05T00:12:44.261682Z,KXBTC15M-26OCT042015-15,0.0200,25.00,no
2026-10-05T00:12:44.268725Z,KXBTC15M-26OCT042015-15,0.0210,124.74,yes
2026-10-05T00:12:44.279361Z,KXBTC15M-26OCT042015-15,0.0210,304.26,yes
2026-10-05T00:12:44.284836Z,KXBTC15M-26OCT042015-15,0.0200,33.97,no
2026-10-05T00:12:44.284836Z,KXBTC15M-26OCT042015-15,0.0200,0.01,no
2026-10-05T00:12:44.284836Z,KXBTC15M-26OCT042015-15,0.0200,0.01,no
2026-10-05T00:12:44.284836Z,KXBTC15M-26OCT042015-15,0.0200,50.00,no
2026-10-05T00:12:44.284836Z,KXBTC15M-26OCT042015-15,0.0200,158.00,no
2026-10-05T00:12:44.287929Z,KXBTC15M-26OCT042015-15,0.0200,174.03,no
2026-10-05T00:12:44.287929Z,KXBTC15M-26OCT042015-15,0.0130,2.00,no
2026-10-05T00:12:44.287929Z,KXBTC15M-26OCT042015-15,0.0150,93.75,no
2026-10-05T00:12:44.287929Z,KXBTC15M-26OCT042015-15,0.0120,2.00,no
2026-10-05T00:12:44.287929Z,KXBTC15M-26OCT042015-15,0.0190,200.00,no
2026-10-05T00:12:44.287929Z,KXBTC15M-26OCT042015-15,0.0120,2.00,no
2026-10-05T00:12:44.287929Z,KXBTC15M-26OCT042015-15,0.0190,4.00,no
2026-10-05T00:12:44.287929Z,KXBTC15M-26OCT042015-15,0.0150,64.00,no
2026-10-05T00:12:44.287929Z,KXBTC15M-26OCT042015-15,0.0150,93.75,no
2026-10-05T00:12:44.287929Z,KXBTC15M-26OCT042015-15,0.0190,1.00,no
2026-10-05T00:12:44.287929Z,KXBTC15M-26OCT042015-15,0.0130,20.00,no
2026-10-05T00:12:44.287929Z,KXBTC15M-26OCT042015-15,0.0190,712.00,no
2026-10-05T00:12:44.287929Z,KXBTC15M-26OCT042015-15,0.0150,15.00,no
2026-10-05T00:12:44.287929Z,KXBTC15M-26OCT042015-15,0.0140,2.00,no
2026-10-05T00:12:44.287929Z,KXBTC15M-26OCT042015-15,0.0150,64.00,no
2026-10-05T00:12:44.287929Z,KXBTC15M-26OCT042015-15,0.0130,2.00,no
2026-10-05T00:12:44.287929Z,KXBTC15M-26OCT042015-15,0.0190,13.00,no
2026-10-05T00:12:44.287929Z,KXBTC15M-26OCT042015-15,0.0180,1495.34,no
2026-10-05T00:12:44.287929Z,KXBTC15M-26OCT042015-15,0.0160,28.00,no
2026-10-05T00:12:44.287929Z,KXBTC15M-26OCT042015-15,0.0120,100.00,no
2026-10-05T00:12:44.287929Z,KXBTC15M-26OCT042015-15,0.0200,500.00,no
2026-10-05T00:12:44.287929Z,KXBTC15M-26OCT042015-15,0.0130,102.00,no
2026-10-05T00:12:44.287929Z,KXBTC15M-26OCT042015-15,0.0140,150.00,no
2026-10-05T00:12:44.287929Z,KXBTC15M-26OCT042015-15,0.0150,500.00,no
2026-10-05T00:12:44.287929Z,KXBTC15M-26OCT042015-15,0.0190,0.01,no
2026-10-05T00:12:44.287929Z,KXBTC15M-26OCT042015-15,0.0120,500.00,no
2026-10-05T00:12:44.287929Z,KXBTC15M-26OCT042015-15,0.0190,0.01,no
2026-10-05T00:12:44.287929Z,KXBTC15M-26OCT042015-15,0.0190,186.18,no
2026-10-05T00:12:44.287929Z,KXBTC15M-26OCT042015-15,0.0150,15.00,no
2026-10-05T00:12:44.287929Z,KXBTC15M-26OCT042015-15,0.0130,15.00,no
2026-10-05T00:12:44.287929Z,KXBTC15M-26OCT042015-15,0.0110,393.69,no
2026-10-05T00:12:44.287929Z,KXBTC15M-26OCT042015-15,0.0110,656.24,no
2026-10-05T00:12:44.295679Z,KXBTC15M-26OCT042015-15,0.0210,500.00,yes
2026-10-05T00:12:44.295679Z,KXBTC15M-26OCT042015-15,0.0210,71.00,yes
2026-10-05T00:12:44.295679Z,KXBTC15M-26OCT042015-15,0.0210,0.01,yes
2026-10-05T00:12:44.295679Z,KXBTC15M-26OCT042015-15,0.0210,13.00,yes
2026-10-05T00:12:44.295679Z,KXBTC15M-26OCT042015-15,0.0210,200.00,yes
2026-10-05T00:12:44.295679Z,KXBTC15M-26OCT042015-15,0.0210,400.00,yes
2026-10-05T00:12:44.295679Z,KXBTC15M-26OCT042015-15,0.0210,1.00,yes
2026-10-05T00:12:44.295679Z,KXBTC15M-26OCT042015-15,0.0220,15.00,yes
2026-10-05T00:12:44.295679Z,KXBTC15M-26OCT042015-15,0.0220,2.00,yes
2026-10-05T00:12:44.295679Z,KXBTC15M-26OCT042015-15,0.0220,10.00,yes
2026-10-05T00:12:44.295679Z,KXBTC15M-26OCT042015-15,0.0220,72.30,yes
2026-10-05T00:12:44.295679Z,KXBTC15M-26OCT042015-15,0.0220,62.43,yes
2026-10-05T00:12:44.295679Z,KXBTC15M-26OCT042015-15,0.0220,13.26,yes
2026-10-05T00:12:44.295679Z,KXBTC15M-26OCT042015-15,0.0220,256.00,yes
2026-10-05T00:12:44.295679Z,KXBTC15M-26OCT042015-15,0.0220,384.00,yes
2026-10-05T00:12:44.331316Z,KXBTC15M-26OCT042015-15,0.0210,1.82,yes
2026-10-05T00:12:44.331316Z,KXBTC15M-26OCT042015-15,0.0210,2.00,yes
2026-10-05T00:12:44.331316Z,KXBTC15M-26OCT042015-15,0.0210,2.00,yes
2026-10-05T00:12:44.344317Z,KXBTC15M-26OCT042015-15,0.0200,50.00,no
2026-10-05T00:12:44.344317Z,KXBTC15M-26OCT042015-15,0.0130,2.00,no
2026-10-05T00:12:44.344317Z,KXBTC15M-26OCT042015-15,0.0200,0.01,no
2026-10-05T00:12:44.344317Z,KXBTC15M-26OCT042015-15,0.0120,2.00,no
2026-10-05T00:12:44.344317Z,KXBTC15M-26OCT042015-15,0.0140,17.00,no
2026-10-05T00:12:44.344317Z,KXBTC15M-26OCT042015-15,0.0200,0.01,no
2026-10-05T00:12:44.344317Z,KXBTC15M-26OCT042015-15,0.0130,150.00,no
2026-10-05T00:12:44.344317Z,KXBTC15M-26OCT042015-15,0.0140,13.00,no
2026-10-05T00:12:44.344317Z,KXBTC15M-26OCT042015-15,0.0120,305.00,no
2026-10-05T00:12:44.344317Z,KXBTC15M-26OCT042015-15,0.0120,17.00,no
2026-10-05T00:12:44.344317Z,KXBTC15M-26OCT042015-15,0.0150,64.00,no
2026-10-05T00:12:44.344317Z,KXBTC15M-26OCT042015-15,0.0180,15.00,no
2026-10-05T00:12:44.344317Z,KXBTC15M-26OCT042015-15,0.0140,1.02,no
2026-10-05T00:12:44.344317Z,KXBTC15M-26OCT042015-15,0.0130,26.64,no
2026-10-05T00:12:44.344317Z,KXBTC15M-26OCT042015-15,0.0110,35.01,no
2026-10-05T00:12:44.368398Z,KXBTC15M-26OCT042015-15,0.0160,15.00,no
2026-10-05T00:12:44.385171Z,KXBTC15M-26OCT042015-15,0.0170,10.45,yes
2026-10-05T00:12:44.385783Z,KXBTC15M-26OCT042015-15,0.0180,66.38,yes
2026-10-05T00:12:44.385783Z,KXBTC15M-26OCT042015-15,0.0170,0.01,yes
2026-10-05T00:12:44.385783Z,KXBTC15M-26OCT042015-15,0.0170,13.00,yes
2026-10-05T00:12:44.385783Z,KXBTC15M-26OCT042015-15,0.0170,24.56,yes
2026-10-05T00:12:44.385783Z,KXBTC15M-26OCT042015-15,0.0170,0.01,yes
2026-10-05T00:12:44.39527Z,KXBTC15M-26OCT042015-15,0.0180,0.01,yes
2026-10-05T00:12:44.39527Z,KXBTC15M-26OCT042015-15,0.0180,433.62,yes
2026-10-05T00:12:44.39527Z,KXBTC15M-26OCT042015-15,0.0180,219.59,yes
2026-10-05T00:12:44.39527Z,KXBTC15M-26OCT042015-15,0.0170,6.00,yes
2026-10-05T00:12:44.39527Z,KXBTC15M-26OCT042015-15,0.0180,0.01,yes
2026-10-05T00:12:44.432382Z,KXBTC15M-26OCT042015-15,0.0170,15.00,yes
2026-10-05T00:12:44.432382Z,KXBTC15M-26OCT042015-15,0.0170,0.90,yes
2026-10-05T00:12:44.433217Z,KXBTC15M-26OCT042015-15,0.0170,4.98,yes
2026-10-05T00:12:44.433518Z,KXBTC15M-26OCT042015-15,0.0170,295.78,yes
2026-10-05T00:12:44.436621Z,KXBTC15M-26OCT042015-15,0.0160,2.96,no
2026-10-05T00:12:44.436621Z,KXBTC15M-26OCT042015-15,0.0160,0.01,no
2026-10-05T00:12:44.436621Z,KXBTC15M-26OCT042015-15,0.0160,0.01,no
2026-10-05T00:12:44.464002Z,KXBTC15M-26OCT042015-15,0.0170,11.53,yes
2026-10-05T00:12:44.505349Z,KXBTC15M-26OCT042015-15,0.0160,25.00,no
2026-10-05T00:12:44.508335Z,KXBTC15M-26OCT042015-15,0.0140,17.00,no
2026-10-05T00:12:44.508335Z,KXBTC15M-26OCT042015-15,0.0130,17.00,no
2026-10-05T00:12:44.508335Z,KXBTC15M-26OCT042015-15,0.0160,0.01,no
2026-10-05T00:12:44.508335Z,KXBTC15M-26OCT042015-15,0.0150,34.00,no
2026-10-05T00:12:44.508335Z,KXBTC15M-26OCT042015-15,0.0160,0.01,no
2026-10-05T00:12:44.508335Z,KXBTC15M-26OCT042015-15,0.0130,150.00,no
2026-10-05T00:12:44.508335Z,KXBTC15M-26OCT042015-15,0.0160,372.04,no
2026-10-05T00:12:44.508335Z,KXBTC15M-26OCT042015-15,0.0160,15.00,no
2026-10-05T00:12:44.508335Z,KXBTC15M-26OCT042015-15,0.0160,1.00,no
2026-10-05T00:12:44.508335Z,KXBTC15M-26OCT042015-15,0.0120,15.00,no
2026-10-05T00:12:44.508335Z,KXBTC15M-26OCT042015-15,0.0150,752.00,no
2026-10-05T00:12:44.508335Z,KXBTC15M-26OCT042015-15,0.0160,500.00,no
2026-10-05T00:12:44.508335Z,KXBTC15M-26OCT042015-15,0.0120,20.00,no
2026-10-05T00:12:44.508335Z,KXBTC15M-26OCT042015-15,0.0150,200.00,no
2026-10-05T00:12:44.508335Z,KXBTC15M-26OCT042015-15,0.0120,100.00,no
2026-10-05T00:12:44.508335Z,KXBTC15M-26OCT042015-15,0.0110,512.00,no
2026-10-05T00:12:44.508335Z,KXBTC15M-26OCT042015-15,0.0110,1.00,no
2026-10-05T00:12:44.508335Z,KXBTC15M-26OCT042015-15,0.0110,2.00,no
2026-10-05T00:12:44.508335Z,KXBTC15M-26OCT042015-15,0.0110,2.00,no
2026-10-05T00:12:44.508335Z,KXBTC15M-26OCT042015-15,0.0110,10.00,no
2026-10-05T00:12:44.508335Z,KXBTC15M-26OCT042015-15,0.0110,20.00,no
2026-10-05T00:12:44.508335Z,KXBTC15M-26OCT042015-15,0.0110,1.00,no
2026-10-05T00:12:44.508335Z,KXBTC15M-26OCT042015-15,0.0110,100.00,no
2026-10-05T00:12:44.508335Z,KXBTC15M-26OCT042015-15,0.0110,1.00,no
2026-10-05T00:12:44.508335Z,KXBTC15M-26OCT042015-15,0.0110,1.00,no
2026-10-05T00:12:44.508335Z,KXBTC15M-26OCT042015-15,0.0110,300.00,no
2026-10-05T00:12:44.508335Z,KXBTC15M-26OCT042015-15,0.0110,83.30,no
2026-10-05T00:12:44.508335Z,KXBTC15M-26OCT042015-15,0.0110,89.09,no
2026-10-05T00:12:44.508335Z,KXBTC15M-26OCT042015-15,0.0110,512.00,no
2026-10-05T00:12:44.508335Z,KXBTC15M-26OCT042015-15,0.0110,206.42,no
2026-10-05T00:12:44.518093Z,KXBTC15M-26OCT042015-15,0.0160,10.00,yes
2026-10-05T00:12:44.518093Z,KXBTC15M-26OCT042015-15,0.0170,104.09,yes
2026-10-05T00:12:44.524995Z,KXBTC15M-26OCT042015-15,0.0170,30.81,yes
2026-10-05T00:12:44.548059Z,KXBTC15M-26OCT042015-15,0.0160,2.60,no
2026-10-05T00:12:44.557799Z,KXBTC15M-26OCT042015-15,0.0170,127.72,yes
2026-10-05T00:12:44.57242Z,KXBTC15M-26OCT042015-15,0.0170,23.81,yes
2026-10-05T00:12:44.572619Z,KXBTC15M-26OCT042015-15,0.0170,46.79,yes
2026-10-05T00:12:44.573618Z,KXBTC15M-26OCT042015-15,0.0170,100.00,yes
2026-10-05T00:12:44.574273Z,KXBTC15M-26OCT042015-15,0.0170,4.67,yes
2026-10-05T00:12:44.57732Z,KXBTC15M-26OCT042015-15,0.0170,46.79,yes
2026-10-05T00:12:44.634644Z,KXBTC15M-26OCT042015-15,0.0160,99.40,no
2026-10-05T00:12:44.634644Z,KXBTC15M-26OCT042015-15,0.0150,203.99,no
2026-10-05T00:12:44.634644Z,KXBTC15M-26OCT042015-15,0.0160,400.00,no
2026-10-05T00:12:44.634644Z,KXBTC15M-26OCT042015-15,0.0160,296.61,no
2026-10-05T00:12:44.672077Z,KXBTC15M-26OCT042015-15,0.0130,415.68,no
2026-10-05T00:12:44.672077Z,KXBTC15M-26OCT042015-15,0.0140,17.00,no
2026-10-05T00:12:44.672077Z,KXBTC15M-26OCT042015-15,0.0160,400.00,no
2026-10-05T00:12:44.672077Z,KXBTC15M-26OCT042015-15,0.0150,1.06,no
2026-10-05T00:12:44.672077Z,KXBTC15M-26OCT042015-15,0.0130,150.00,no
2026-10-05T00:12:44.672077Z,KXBTC15M-26OCT042015-15,0.0160,0.01,no
2026-10-05T00:12:44.672077Z,KXBTC15M-26OCT042015-15,0.0160,0.01,no
2026-10-05T00:12:44.672077Z,KXBTC15M-26OCT042015-15,0.0150,0.01,no
2026-10-05T00:12:44.672077Z,KXBTC15M-26OCT042015-15,0.0140,36.00,no
2026-10-05T00:12:44.698095Z,KXBTC15M-26OCT042015-15,0.0170,13.62,yes
2026-10-05T00:12:44.709007Z,KXBTC15M-26OCT042015-15,0.0170,1.00,yes
2026-10-05T00:12:44.709007Z,KXBTC15M-26OCT042015-15,0.0170,0.01,yes
2026-10-05T00:12:44.709007Z,KXBTC15M-26OCT042015-15,0.0170,500.00,yes
2026-10-05T00:12:44.709007Z,KXBTC15M-26OCT042015-15,0.0170,220.56,yes
2026-10-05T00:12:44.709007Z,KXBTC15M-26OCT042015-15,0.0170,200.00,yes
2026-10-05T00:12:44.709007Z,KXBTC15M-26OCT042015-15,0.0170,13.00,yes
2026-10-05T00:12:44.709007Z,KXBTC15M-26OCT042015-15,0.0170,0.01,yes
2026-10-05T00:12:44.709007Z,KXBTC15M-26OCT042015-15,0.0170,206.42,yes
2026-10-05T00:12:44.711616Z,KXBTC15M-26OCT042015-15,0.0170,10.63,yes
2026-10-05T00:12:44.741713Z,KXBTC15M-26OCT042015-15,0.0170,8.73,yes
2026-10-05T00:12:44.744323Z,KXBTC15M-26OCT042015-15,0.0170,263.75,yes
2026-10-05T00:12:44.777929Z,KXBTC15M-26OCT042015-15,0.0170,15.00,yes
2026-10-05T00:12:44.777929Z,KXBTC15M-26OCT042015-15,0.0170,512.00,yes
2026-10-05T00:12:44.777929Z,KXBTC15M-26OCT042015-15,0.0170,83.30,yes
2026-10-05T00:12:44.777929Z,KXBTC15M-26OCT042015-15,0.0170,8.33,yes
2026-10-05T00:12:44.777929Z,KXBTC15M-26OCT042015-15,0.0170,44.37,yes
2026-10-05T00:12:44.778764Z,KXBTC15M-26OCT042015-15,0.0170,83.63,yes
2026-10-05T00:12:44.778764Z,KXBTC15M-26OCT042015-15,0.0170,11.06,yes
2026-10-05T00:12:44.78229Z,KXBTC15M-26OCT042015-15,0.0160,0.01,no
2026-10-05T00:12:44.78229Z,KXBTC15M-26OCT042015-15,0.0160,0.01,no
2026-10-05T00:12:44.795664Z,KXBTC15M-26OCT042015-15,0.0160,7.48,yes
2026-10-05T00:12:44.801051Z,KXBTC15M-26OCT042015-15,0.0150,0.01,no
2026-10-05T00:12:44.801051Z,KXBTC15M-26OCT042015-15,0.0150,54.98,no
2026-10-05T00:12:44.801051Z,KXBTC15M-26OCT042015-15,0.0150,0.01,no
2026-10-05T00:12:44.807711Z,KXBTC15M-26OCT042015-15,0.0160,12.46,yes
2026-10-05T00:12:44.807711Z,KXBTC15M-26OCT042015-15,0.0160,0.01,yes
2026-10-05T00:12:44.807711Z,KXBTC15M-26OCT042015-15,0.0160,2.52,yes
2026-10-05T00:12:44.807711Z,KXBTC15M-26OCT042015-15,0.0160,0.01,yes
2026-10-05T00:12:44.81044Z,KXBTC15M-26OCT042015-15,0.0160,15.00,yes
2026-10-05T00:12:44.81044Z,KXBTC15M-26OCT042015-15,0.0160,6.00,yes
2026-10-05T00:12:44.81044Z,KXBTC15M-26OCT042015-15,0.0170,18.20,yes
2026-10-05T00:12:44.81044Z,KXBTC15M-26OCT042015-15,0.0160,0.54,yes
2026-10-05T00:12:44.81044Z,KXBTC15M-26OCT042015-15,0.0170,230.26,yes
2026-10-05T00:12:44.810585Z,KXBTC15M-26OCT042015-15,0.0170,50.81,yes
2026-10-05T00:12:44.852481Z,KXBTC15M-26OCT042015-15,0.0160,15.00,yes
2026-10-05T00:12:44.852481Z,KXBTC15M-26OCT042015-15,0.0160,6.00,yes
2026-10-05T00:12:44.852481Z,KXBTC15M-26OCT042015-15,0.0160,0.01,yes
2026-10-05T00:12:44.852481Z,KXBTC15M-26OCT042015-15,0.0170,59.62,yes
2026-10-05T00:12:44.852481Z,KXBTC15M-26OCT042015-15,0.0160,0.54,yes
2026-10-05T00:12:44.852481Z,KXBTC15M-26OCT042015-15,0.0160,15.00,yes
2026-10-05T00:12:44.852481Z,KXBTC15M-26OCT042015-15,0.0160,12.46,yes
2026-10-05T00:12:44.852481Z,KXBTC15M-26OCT042015-15,0.0160,0.01,yes
2026-10-05T00:12:44.86546Z,KXBTC15M-26OCT042015-15,0.0150,15.00,no
2026-10-05T00:12:44.86546Z,KXBTC15M-26OCT042015-15,0.0150,0.01,no
2026-10-05T00:12:44.86546Z,KXBTC15M-26OCT042015-15,0.0150,24.98,no
2026-10-05T00:12:44.86546Z,KXBTC15M-26OCT042015-15,0.0150,15.00,no
2026-10-05T00:12:44.86546Z,KXBTC15M-26OCT042015-15,0.0150,0.01,no
2026-10-05T00:12:44.870456Z,KXBTC15M-26OCT042015-15,0.0160,0.01,yes
2026-10-05T00:12:44.870456Z,KXBTC15M-26OCT042015-15,0.0160,0.01,yes
2026-10-05T00:12:44.870456Z,KXBTC15M-26OCT042015-15,0.0160,13.00,yes
2026-10-05T00:12:44.870456Z,KXBTC15M-26OCT042015-15,0.0160,4.42,yes
2026-10-05T00:12:44.908442Z,KXBTC15M-26OCT042015-15,0.0160,0.01,yes
2026-10-05T00:12:44.908442Z,KXBTC15M-26OCT042015-15,0.0160,1.98,yes
2026-10-05T00:12:44.908442Z,KXBTC15M-26OCT042015-15,0.0160,13.00,yes
2026-10-05T00:12:44.908442Z,KXBTC15M-26OCT042015-15,0.0160,0.01,yes
2026-10-05T00:12:44.917199Z,KXBTC15M-26OCT042015-15,0.0160,15.00,yes
2026-10-05T00:12:44.917199Z,KXBTC15M-26OCT042015-15,0.0160,0.01,yes
2026-10-05T00:12:44.917199Z,KXBTC15M-26OCT042015-15,0.0160,13.00,yes
2026-10-05T00:12:44.917199Z,KXBTC15M-26OCT042015-15,0.0170,17.53,yes
2026-10-05T00:12:44.93363Z,KXBTC15M-26OCT042015-15,0.0160,6.00,yes
2026-10-05T00:12:44.93363Z,KXBTC15M-26OCT042015-15,0.0170,25.51,yes
2026-10-05T00:12:44.93363Z,KXBTC15M-26OCT042015-15,0.0160,15.00,yes
2026-10-05T00:12:44.944219Z,KXBTC15M-26OCT042015-15,0.0160,13.00,yes
2026-10-05T00:12:44.944219Z,KXBTC15M-26OCT042015-15,0.0170,12.00,yes
2026-10-05T00:12:44.947581Z,KXBTC15M-26OCT042015-15,0.0150,3.95,no
2026-10-05T00:12:44.947581Z,KXBTC15M-26OCT042015-15,0.0150,0.01,no
2026-10-05T00:12:44.947581Z,KXBTC15M-26OCT042015-15,0.0150,0.01,no
2026-10-05T00:12:44.953942Z,KXBTC15M-26OCT042015-15,0.0170,84.51,yes
2026-10-05T00:12:44.956885Z,KXBTC15M-26OCT042015-15,0.0170,0.01,yes
2026-10-05T00:12:44.956885Z,KXBTC15M-26OCT042015-15,0.0170,151.34,yes
2026-10-05T00:12:44.956885Z,KXBTC15M-26OCT042015-15,0.0170,0.01,yes
2026-10-05T00:12:44.956885Z,KXBTC15M-26OCT042015-15,0.0170,123.82,yes
2026-10-05T00:12:44.992655Z,KXBTC15M-26OCT042015-15,0.0140,295.00,no
2026-10-05T00:12:44.992655Z,KXBTC15M-26OCT042015-15,0.0130,36.00,no
2026-10-05T00:12:44.992655Z,KXBTC15M-26OCT042015-15,0.0150,15.00,no
2026-10-05T00:12:44.992655Z,KXBTC15M-26OCT042015-15,0.0110,95.00,no
2026-10-05T00:12:44.992655Z,KXBTC15M-26OCT042015-15,0.0150,500.00,no
2026-10-05T00:12:44.992655Z,KXBTC15M-26OCT042015-15,0.0150,1.00,no
2026-10-05T00:12:44.992655Z,KXBTC15M-26OCT042015-15,0.0140,200.00,no
2026-10-05T00:12:44.992655Z,KXBTC15M-26OCT042015-15,0.0120,17.00,no
2026-10-05T00:12:44.992655Z,KXBTC15M-26OCT042015-15,0.0150,0.01,no
2026-10-05T00:12:44.992655Z,KXBTC15M-26OCT042015-15,0.0110,2.28,no
2026-10-05T00:12:44.992655Z,KXBTC15M-26OCT042015-15,0.0150,15.00,no
2026-10-05T00:12:44.992655Z,KXBTC15M-26OCT042015-15,0.0150,15.00,no
2026-10-05T00:12:44.992655Z,KXBTC15M-26OCT042015-15,0.0150,0.01,no
2026-10-05T00:12:44.992655Z,KXBTC15M-26OCT042015-15,0.0130,150.00,no
2026-10-05T00:12:44.992655Z,KXBTC15M-26OCT042015-15,0.0150,15.00,no
2026-10-05T00:12:44.992655Z,KXBTC15M-26OCT042015-15,0.0150,396.05,no
2026-10-05T00:12:44.992655Z,KXBTC15M-26OCT042015-15,0.0110,10.00,no
2026-10-05T00:12:44.992655Z,KXBTC15M-26OCT042015-15,0.0110,10.00,no
2026-10-05T00:12:44.992655Z,KXBTC15M-26OCT042015-15,0.0110,145.58,no
2026-10-05T00:12:45.002205Z,KXBTC15M-26OCT042015-15,0.0160,0.01,yes
2026-10-05T00:12:45.002205Z,KXBTC15M-26OCT042015-15,0.0160,15.00,yes
2026-10-05T00:12:45.002205Z,KXBTC15M-26OCT042015-15,0.0170,1.00,yes
2026-10-05T00:12:45.002205Z,KXBTC15M-26OCT042015-15,0.0170,48.66,yes
2026-10-05T00:12:45.002205Z,KXBTC15M-26OCT042015-15,0.0170,21.74,yes
2026-10-05T00:12:45.016395Z,KXBTC15M-26OCT042015-15,0.0150,1.22,no
2026-10-05T00:12:45.01871Z,KXBTC15M-26OCT042015-15,0.0150,1.00,no
2026-10-05T00:12:45.025807Z,KXBTC15M-26OCT042015-15,0.0160,22.00,yes
2026-10-05T00:12:45.045518Z,KXBTC15M-26OCT042015-15,0.0160,10.00,yes
2026-10-05T00:12:45.060692Z,KXBTC15M-26OCT042015-15,0.0160,1.31,yes
2026-10-05T00:12:45.084623Z,KXBTC15M-26OCT042015-15,0.0160,0.01,yes
2026-10-05T00:12:45.084623Z,KXBTC15M-26OCT042015-15,0.0160,126.40,yes
2026-10-05T00:12:45.084623Z,KXBTC15M-26OCT042015-15,0.0160,112.27,yes
2026-10-05T00:12:45.141263Z,KXBTC15M-26OCT042015-15,0.0160,15.00,yes
2026-10-05T00:12:45.141263Z,KXBTC15M-26OCT042015-15,0.0160,0.01,yes
2026-10-05T00:12:45.141263Z,KXBTC15M-26OCT042015-15,0.0160,15.00,yes
2026-10-05T00:12:45.141263Z,KXBTC15M-26OCT042015-15,0.0160,0.01,yes
2026-10-05T00:12:45.141263Z,KXBTC15M-26OCT042015-15,0.0160,0.54,yes
2026-10-05T00:12:45.141263Z,KXBTC15M-26OCT042015-15,0.0170,421.17,yes
2026-10-05T00:12:45.141263Z,KXBTC15M-26OCT042015-15,0.0160,13.00,yes
2026-10-05T00:12:45.141263Z,KXBTC15M-26OCT042015-15,0.0170,34.26,yes
2026-10-05T00:12:45.142093Z,KXBTC15M-26OCT042015-15,0.0170,3.74,yes
2026-10-05T00:12:45.194997Z,KXBTC15M-26OCT042015-15,0.0160,11.01,yes
2026-10-05T00:12:45.223234Z,KXBTC15M-26OCT042015-15,0.0160,3.99,yes
2026-10-05T00:12:45.223234Z,KXBTC15M-26OCT042015-15,0.0160,13.00,yes
2026-10-05T00:12:45.223234Z,KXBTC15M-26OCT042015-15,0.0170,5.64,yes
2026-10-05T00:12:45.223234Z,KXBTC15M-26OCT042015-15,0.0170,3.00,yes
2026-10-05T00:12:45.227432Z,KXBTC15M-26OCT042015-15,0.0170,13.00,yes
2026-10-05T00:12:45.234298Z,KXBTC15M-26OCT042015-15,0.0100,6.58,no
2026-10-05T00:12:45.234298Z,KXBTC15M-26OCT042015-15,0.0100,6.99,no
2026-10-05T00:12:45.234298Z,KXBTC15M-26OCT042015-15,0.0100,27.98,no
2026-10-05T00:12:45.234298Z,KXBTC15M-26OCT042015-15,0.0100,20.70,no
2026-10-05T00:12:45.234298Z,KXBTC15M-26OCT042015-15,0.0100,26.20,no
2026-10-05T00:12:45.234298Z,KXBTC15M-26OCT042015-15,0.0100,4.00,no
2026-10-05T00:12:45.234298Z,KXBTC15M-26OCT042015-15,0.0100,68.10,no
2026-10-05T00:12:45.234298Z,KXBTC15M-26OCT042015-15,0.0100,51.76,no
2026-10-05T00:12:45.234298Z,KXBTC15M-26OCT042015-15,0.0100,13.62,no
2026-10-05T00:12:45.234298Z,KXBTC15M-26OCT042015-15,0.0100,0.01,no
2026-10-05T00:12:45.234298Z,KXBTC15M-26OCT042015-15,0.0100,10.00,no
2026-10-05T00:12:45.234298Z,KXBTC15M-26OCT042015-15,0.0100,8.33,no
2026-10-05T00:12:45.234298Z,KXBTC15M-26OCT042015-15,0.0100,0.78,no
2026-10-05T00:12:45.234298Z,KXBTC15M-26OCT042015-15,0.0100,15.01,no
2026-10-05T00:12:45.234298Z,KXBTC15M-26OCT042015-15,0.0100,91.90,no
2026-10-05T00:12:45.234298Z,KXBTC15M-26OCT042015-15,0.0100,116.70,no
2026-10-05T00:12:45.234298Z,KXBTC15M-26OCT042015-15,0.0100,5.59,no
2026-10-05T00:12:45.234298Z,KXBTC15M-26OCT042015-15,0.0100,12.97,no
2026-10-05T00:12:45.234298Z,KXBTC15M-26OCT042015-15,0.0100,5.88,no
2026-10-05T00:12:45.234298Z,KXBTC15M-26OCT042015-15,0.0100,200.00,no
2026-10-05T00:12:45.234298Z,KXBTC15M-26OCT042015-15,0.0100,4.70,no
2026-10-05T00:12:45.234298Z,KXBTC15M-26OCT042015-15,0.0100,11.90,no
2026-10-05T00:12:45.234298Z,KXBTC15M-26OCT042015-15,0.0100,19.00,no
2026-10-05T00:12:45.234298Z,KXBTC15M-26OCT042015-15,0.0100,2078.30,no
2026-10-05T00:12:45.234298Z,KXBTC15M-26OCT042015-15,0.0100,2.73,no
2026-10-05T00:12:45.234298Z,KXBTC15M-26OCT042015-15,0.0100,3.34,no
2026-10-05T00:12:45.234298Z,KXBTC15M-26OCT042015-15,0.0100,875.98,no
2026-10-05T00:12:45.234298Z,KXBTC15M-26OCT042015-15,0.0140,221.00,no
2026-10-05T00:12:45.234298Z,KXBTC15M-26OCT042015-15,0.0140,522.00,no
2026-10-05T00:12:45.234298Z,KXBTC15M-26OCT042015-15,0.0140,200.00,no
2026-10-05T00:12:45.234298Z,KXBTC15M-26OCT042015-15,0.0130,44.00,no
2026-10-05T00:12:45.234298Z,KXBTC15M-26OCT042015-15,0.0150,0.01,no
2026-10-05T00:12:45.234298Z,KXBTC15M-26OCT042015-15,0.0150,400.00,no
2026-10-05T00:12:45.234298Z,KXBTC15M-26OCT042015-15,0.0150,99.78,no
2026-10-05T00:12:45.234298Z,KXBTC15M-26OCT042015-15,0.0150,0.01,no
2026-10-05T00:12:45.234298Z,KXBTC15M-26OCT042015-15,0.0150,1.00,no
2026-10-05T00:12:45.234298Z,KXBTC15M-26OCT042015-15,0.0150,15.00,no
2026-10-05T00:12:45.234298Z,KXBTC15M-26OCT042015-15,0.0150,15.00,no
2026-10-05T00:12:45.234298Z,KXBTC15M-26OCT042015-15,0.0110,2.28,no
2026-10-05T00:12:45.234298Z,KXBTC15M-26OCT042015-15,0.0130,150.00,no
2026-10-05T00:12:45.234298Z,KXBTC15M-26OCT042015-15,0.0150,15.00,no
2026-10-05T00:12:45.234298Z,KXBTC15M-26OCT042015-15,0.0120,1.06,no
2026-10-05T00:12:45.234298Z,KXBTC15M-26OCT042015-15,0.0110,14.72,no
2026-10-05T00:12:45.234298Z,KXBTC15M-26OCT042015-15,0.0120,17.00,no
2026-10-05T00:12:45.234298Z,KXBTC15M-26OCT042015-15,0.0110,95.00,no
2026-10-05T00:12:45.234298Z,KXBTC15M-26OCT042015-15,0.0100,200.00,no
2026-10-05T00:12:45.234298Z,KXBTC15M-26OCT042015-15,0.0100,1.00,no
2026-10-05T00:12:45.234298Z,KXBTC15M-26OCT042015-15,0.0100,150.00,no
2026-10-05T00:12:45.234298Z,KXBTC15M-26OCT042015-15,0.0100,6.00,no
2026-10-05T00:12:45.234298Z,KXBTC15M-26OCT042015-15,0.0100,72.00,no
2026-10-05T00:12:45.234298Z,KXBTC15M-26OCT042015-15,0.0100,327.00,no
2026-10-05T00:12:45.234298Z,KXBTC15M-26OCT042015-15,0.0100,98.00,no
2026-10-05T00:12:45.234298Z,KXBTC15M-26OCT042015-15,0.0100,512.00,no
2026-10-05T00:12:45.234298Z,KXBTC15M-26OCT042015-15,0.0100,512.00,no
2026-10-05T00:12:45.234298Z,KXBTC15M-26OCT042015-15,0.0100,1.00,no
2026-10-05T00:12:45.234298Z,KXBTC15M-26OCT042015-15,0.0100,36.99,no
2026-10-05T00:12:45.234298Z,KXBTC15M-26OCT042015-15,0.0100,100.00,no
2026-10-05T00:12:45.234298Z,KXBTC15M-26OCT042015-15,0.0100,512.00,no
2026-10-05T00:12:45.234298Z,KXBTC15M-26OCT042015-15,0.0100,1.36,no
2026-10-05T00:12:45.234298Z,KXBTC15M-26OCT042015-15,0.0100,73.23,no
2026-10-05T00:12:45.234298Z,KXBTC15M-26OCT042015-15,0.0100,0.33,no
2026-10-05T00:12:45.234298Z,KXBTC15M-26OCT042015-15,0.0100,2.48,no
2026-10-05T00:12:45.234298Z,KXBTC15M-26OCT042015-15,0.0100,0.74,no
2026-10-05T00:12:45.234298Z,KXBTC15M-26OCT042015-15,0.0100,17.17,no
2026-10-05T00:12:45.234298Z,KXBTC15M-26OCT042015-15,0.0100,3497.97,no
2026-10-05T00:12:45.234298Z,KXBTC15M-26OCT042015-15,0.0100,20.00,no
2026-10-05T00:12:45.234298Z,KXBTC15M-26OCT042015-15,0.0100,352.00,no
2026-10-05T00:12:45.234298Z,KXBTC15M-26OCT042015-15,0.0100,38.81,no
2026-10-05T00:12:45.234298Z,KXBTC15M-26OCT042015-15,0.0100,100.00,no
2026-10-05T00:12:45.234298Z,KXBTC15M-26OCT042015-15,0.0100,25.25,no
2026-10-05T00:12:45.234298Z,KXBTC15M-26OCT042015-15,0.0100,200.00,no
2026-10-05T00:12:45.234298Z,KXBTC15M-26OCT042015-15,0.0100,2.52,no
2026-10-05T00:12:45.234298Z,KXBTC15M-26OCT042015-15,0.0100,2.62,no
2026-10-05T00:12:45.234298Z,KXBTC15M-26OCT042015-15,0.0100,15.52,no
2026-10-05T00:12:45.234298Z,KXBTC15M-26OCT042015-15,0.0100,30.66,no
2026-10-05T00:12:45.234298Z,KXBTC15M-26OCT042015-15,0.0100,14.78,no
2026-10-05T00:12:45.234298Z,KXBTC15M-26OCT042015-15,0.0100,100.00,no
2026-10-05T00:12:45.234298Z,KXBTC15M-26OCT042015-15,0.0100,0.09,no
2026-10-05T00:12:45.234298Z,KXBTC15M-26OCT042015-15,0.0100,25.56,no
2026-10-05T00:12:45.234298Z,KXBTC15M-26OCT042015-15,0.0100,6.39,no
2026-10-05T00:12:45.234298Z,KXBTC15M-26OCT042015-15,0.0100,100.00,no
2026-10-05T00:12:45.234298Z,KXBTC15M-26OCT042015-15,0.0100,2.32,no
2026-10-05T00:12:45.234298Z,KXBTC15M-26OCT042015-15,0.0100,0.88,no
2026-10-05T00:12:45.234298Z,KXBTC15M-26OCT042015-15,0.0100,0.98,no
2026-10-05T00:12:45.234298Z,KXBTC15M-26OCT042015-15,0.0100,24.08,no
2026-10-05T00:12:45.234298Z,KXBTC15M-26OCT042015-15,0.0100,0.45,no
2026-10-05T00:12:45.234298Z,KXBTC15M-26OCT042015-15,0.0100,50.00,no
2026-10-05T00:12:45.234298Z,KXBTC15M-26OCT042015-15,0.0100,2.52,no
2026-10-05T00:12:45.234298Z,KXBTC15M-26OCT042015-15,0.0100,200.00,no
2026-10-05T00:12:45.234298Z,KXBTC15M-26OCT042015-15,0.0100,8.83,no
2026-10-05T00:12:45.234298Z,KXBTC15M-26OCT042015-15,0.0100,0.63,no
2026-10-05T00:12:45.234298Z,KXBTC15M-26OCT042015-15,0.0100,12.62,no
2026-10-05T00:12:45.234298Z,KXBTC15M-26OCT042015-15,0.0100,11.79,no
2026-10-05T00:12:45.234298Z,KXBTC15M-26OCT042015-15,0.0100,0.62,no
2026-10-05T00:12:45.234298Z,KXBTC15M-26OCT042015-15,0.0100,2.00,no
2026-10-05T00:12:45.234298Z,KXBTC15M-26OCT042015-15,0.0100,67.66,no
2026-10-05T00:12:45.234298Z,KXBTC15M-26OCT042015-15,0.0100,11.64,no
2026-10-05T00:12:45.234298Z,KXBTC15M-26OCT042015-15,0.0100,2.40,no
2026-10-05T00:12:45.255972Z,KXBTC15M-26OCT042015-15,0.0100,1785.08,no
2026-10-05T00:12:45.255972Z,KXBTC15M-26OCT042015-15,0.0130,150.00,no
2026-10-05T00:12:45.255972Z,KXBTC15M-26OCT042015-15,0.0110,17.00,no
2026-10-05T00:12:45.255972Z,KXBTC15M-26OCT042015-15,0.0120,17.00,no
2026-10-05T00:12:45.255972Z,KXBTC15M-26OCT042015-15,0.0150,15.00,no
2026-10-05T00:12:45.256184Z,KXBTC15M-26OCT042015-15,0.0100,4.28,no
2026-10-05T00:12:45.260749Z,KXBTC15M-26OCT042015-15,0.0100,486.79,no
2026-10-05T00:12:45.260749Z,KXBTC15M-26OCT042015-15,0.0150,0.01,no
2026-10-05T00:12:45.260749Z,KXBTC15M-26OCT042015-15,0.0120,15.00,no
2026-10-05T00:12:45.260749Z,KXBTC15M-26OCT042015-15,0.0150,0.01,no
2026-10-05T00:12:45.278546Z,KXBTC15M-26OCT042015-15,0.0140,0.01,no
2026-10-05T00:12:45.278546Z,KXBTC15M-26OCT042015-15,0.0140,211.99,no
2026-10-05T00:12:45.293074Z,KXBTC15M-26OCT042015-15,0.0150,0.81,yes
2026-10-05T00:12:45.318524Z,KXBTC15M-26OCT042015-15,0.0150,12.19,yes
2026-10-05T00:12:45.318524Z,KXBTC15M-26OCT042015-15,0.0150,12.74,yes
2026-10-05T00:12:45.318524Z,KXBTC15M-26OCT042015-15,0.0150,0.01,yes
2026-10-05T00:12:45.337975Z,KXBTC15M-26OCT042015-15,0.0150,55.04,yes
2026-10-05T00:12:45.401238Z,KXBTC15M-26OCT042015-15,0.0150,58.47,yes
2026-10-05T00:12:45.403688Z,KXBTC15M-26OCT042015-15,0.0150,23.75,yes
2026-10-05T00:12:45.403688Z,KXBTC15M-26OCT042015-15,0.0150,38.22,yes
2026-10-05T00:12:45.430094Z,KXBTC15M-26OCT042015-15,0.0150,0.81,yes
2026-10-05T00:12:45.430094Z,KXBTC15M-26OCT042015-15,0.0150,43.78,yes
2026-10-05T00:12:45.430094Z,KXBTC15M-26OCT042015-15,0.0150,1.00,yes
2026-10-05T00:12:45.430094Z,KXBTC15M-26OCT042015-15,0.0150,238.13,yes
2026-10-05T00:12:45.44758Z,KXBTC15M-26OCT042015-15,0.0150,275.18,yes
2026-10-05T00:12:45.505682Z,KXBTC15M-26OCT042015-15,0.0150,0.39,yes
2026-10-05T00:12:45.517425Z,KXBTC15M-26OCT042015-15,0.0140,76.49,no
2026-10-05T00:12:45.517425Z,KXBTC15M-26OCT042015-15,0.0140,22.96,no
2026-10-05T00:12:45.517425Z,KXBTC15M-26OCT042015-15,0.0140,0.01,no
2026-10-05T00:12:45.517425Z,KXBTC15M-26OCT042015-15,0.0140,0.01,no
2026-10-05T00:12:45.557412Z,KXBTC15M-26OCT042015-15,0.0140,2.00,no
2026-10-05T00:12:45.563147Z,KXBTC15M-26OCT042015-15,0.0140,7.46,no
2026-10-05T00:12:45.571658Z,KXBTC15M-26OCT042015-15,0.0160,15.00,yes
2026-10-05T00:12:45.571658Z,KXBTC15M-26OCT042015-15,0.0150,14.61,yes
2026-10-05T00:12:45.571658Z,KXBTC15M-26OCT042015-15,0.0150,0.01,yes
2026-10-05T00:12:45.571658Z,KXBTC15M-26OCT042015-15,0.0150,13.00,yes
2026-10-05T00:12:45.571658Z,KXBTC15M-26OCT042015-15,0.0150,0.01,yes
2026-10-05T00:12:45.571658Z,KXBTC15M-26OCT042015-15,0.0160,352.00,yes
2026-10-05T00:12:45.571658Z,KXBTC15M-26OCT042015-15,0.0160,138.81,yes
2026-10-05T00:12:45.590604Z,KXBTC15M-26OCT042015-15,0.0150,1.05,yes
2026-10-05T00:12:45.590604Z,KXBTC15M-26OCT042015-15,0.0150,0.01,yes
2026-10-05T00:12:45.590604Z,KXBTC15M-26OCT042015-15,0.0150,0.01,yes
2026-10-05T00:12:45.593683Z,KXBTC15M-26OCT042015-15,0.0160,225.68,yes
2026-10-05T00:12:45.593683Z,KXBTC15M-26OCT042015-15,0.0150,11.95,yes
2026-10-05T00:12:45.599531Z,KXBTC15M-26OCT042015-15,0.0140,8.63,no
2026-10-05T00:12:45.600665Z,KXBTC15M-26OCT042015-15,0.0150,15.00,yes
2026-10-05T00:12:45.600665Z,KXBTC15M-26OCT042015-15,0.0160,31.43,yes
2026-10-05T00:12:45.600665Z,KXBTC15M-26OCT042015-15,0.0150,0.01,yes
2026-10-05T00:12:45.600665Z,KXBTC15M-26OCT042015-15,0.0150,6.00,yes
2026-10-05T00:12:45.600665Z,KXBTC15M-26OCT042015-15,0.0160,147.51,yes
2026-10-05T00:12:45.600665Z,KXBTC15M-26OCT042015-15,0.0150,1.05,yes
2026-10-05T00:12:45.626458Z,KXBTC15M-26OCT042015-15,0.0150,15.00,yes
2026-10-05T00:12:45.626458Z,KXBTC15M-26OCT042015-15,0.0160,60.41,yes
2026-10-05T00:12:45.672403Z,KXBTC15M-26OCT042015-15,0.0150,3.00,yes
2026-10-05T00:12:45.706862Z,KXBTC15M-26OCT042015-15,0.0150,12.00,yes
2026-10-05T00:12:45.706862Z,KXBTC15M-26OCT042015-15,0.0160,154.00,yes
2026-10-05T00:12:45.706862Z,KXBTC15M-26OCT042015-15,0.0160,420.16,yes
2026-10-05T00:12:45.70968Z,KXBTC15M-26OCT042015-15,0.0160,8.00,yes
2026-10-05T00:12:45.715371Z,KXBTC15M-26OCT042015-15,0.0160,6.10,yes
2026-10-05T00:12:45.727083Z,KXBTC15M-26OCT042015-15,0.0140,19.00,no
2026-10-05T00:12:45.75493Z,KXBTC15M-26OCT042015-15,0.0160,83.74,yes
2026-10-05T00:12:45.758256Z,KXBTC15M-26OCT042015-15,0.0160,32.35,yes
2026-10-05T00:12:45.843482Z,KXBTC15M-26OCT042015-15,0.0160,20.00,yes
2026-10-05T00:12:45.852905Z,KXBTC15M-26OCT042015-15,0.0160,0.60,yes
2026-10-05T00:12:45.856879Z,KXBTC15M-26OCT042015-15,0.0160,29.79,yes
2026-10-05T00:12:45.900866Z,KXBTC15M-26OCT042015-15,0.0140,15.00,no
2026-10-05T00:12:45.900866Z,KXBTC15M-26OCT042015-15,0.0140,1.00,no
2026-10-05T00:12:45.900866Z,KXBTC15M-26OCT042015-15,0.0140,246.06,no
2026-10-05T00:12:45.900866Z,KXBTC15M-26OCT042015-15,0.0140,30.00,no
2026-10-05T00:12:45.900866Z,KXBTC15M-26OCT042015-15,0.0140,339.95,no
2026-10-05T00:12:45.900866Z,KXBTC15M-26OCT042015-15,0.0140,15.00,no
2026-10-05T00:12:45.900866Z,KXBTC15M-26OCT042015-15,0.0140,0.01,no
2026-10-05T00:12:45.900866Z,KXBTC15M-26OCT042015-15,0.0140,15.00,no
2026-10-05T00:12:45.900866Z,KXBTC15M-26OCT042015-15,0.0140,15.00,no
2026-10-05T00:12:45.900866Z,KXBTC15M-26OCT042015-15,0.0140,0.01,no
2026-10-05T00:12:45.900866Z,KXBTC15M-26OCT042015-15,0.0140,22.49,no
2026-10-05T00:12:45.922769Z,KXBTC15M-26OCT042015-15,0.0160,145.00,yes
2026-10-05T00:12:45.957278Z,KXBTC15M-26OCT042015-15,0.0160,32.42,yes
2026-10-05T00:12:45.957278Z,KXBTC15M-26OCT042015-15,0.0150,0.01,yes
2026-10-05T00:12:45.957278Z,KXBTC15M-26OCT042015-15,0.0150,15.00,yes
2026-10-05T00:12:45.957278Z,KXBTC15M-26OCT042015-15,0.0160,126.12,yes
2026-10-05T00:12:45.971235Z,KXBTC15M-26OCT042015-15,0.0160,0.01,yes
2026-10-05T00:12:45.971235Z,KXBTC15M-26OCT042015-15,0.0150,15.00,yes
2026-10-05T00:12:45.971235Z,KXBTC15M-26OCT042015-15,0.0160,2.62,yes
2026-10-05T00:12:45.971235Z,KXBTC15M-26OCT042015-15,0.0160,92.58,yes
2026-10-05T00:12:45.981522Z,KXBTC15M-26OCT042015-15,0.0150,13.44,yes
2026-10-05T00:12:46.008623Z,KXBTC15M-26OCT042015-15,0.0150,60.16,yes
2026-10-05T00:12:46.019596Z,KXBTC15M-26OCT042015-15,0.0140,2.02,no
2026-10-05T00:12:46.032544Z,KXBTC15M-26OCT042015-15,0.0150,142.57,yes
2026-10-05T00:12:46.035184Z,KXBTC15M-26OCT042015-15,0.0150,12.42,yes
2026-10-05T00:12:46.040884Z,KXBTC15M-26OCT042015-15,0.0160,49.27,yes
2026-10-05T00:12:46.040884Z,KXBTC15M-26OCT042015-15,0.0160,25.85,yes
2026-10-05T00:12:46.040884Z,KXBTC15M-26OCT042015-15,0.0160,0.01,yes
2026-10-05T00:12:46.040884Z,KXBTC15M-26OCT042015-15,0.0150,15.00,yes
2026-10-05T00:12:46.060135Z,KXBTC15M-26OCT042015-15,0.0150,15.00,yes
2026-10-05T00:12:46.060135Z,KXBTC15M-26OCT042015-15,0.0180,71.61,yes
2026-10-05T00:12:46.060135Z,KXBTC15M-26OCT042015-15,0.0180,20.00,yes
2026-10-05T00:12:46.060135Z,KXBTC15M-26OCT042015-15,0.0180,15.00,yes
2026-10-05T00:12:46.060135Z,KXBTC15M-26OCT042015-15,0.0180,24.00,yes
2026-10-05T00:12:46.060135Z,KXBTC15M-26OCT042015-15,0.0180,10.00,yes
2026-10-05T00:12:46.060135Z,KXBTC15M-26OCT042015-15,0.0180,4.00,yes
2026-10-05T00:12:46.060135Z,KXBTC15M-26OCT042015-15,0.0180,33.00,yes
2026-10-05T00:12:46.060135Z,KXBTC15M-26OCT042015-15,0.0180,4.00,yes
2026-10-05T00:12:46.060135Z,KXBTC15M-26OCT042015-15,0.0180,21.00,yes
2026-10-05T00:12:46.060135Z,KXBTC15M-26OCT042015-15,0.0180,1.00,yes
2026-10-05T00:12:46.07655Z,KXBTC15M-26OCT042015-15,0.0180,4.00,yes
2026-10-05T00:12:46.07655Z,KXBTC15M-26OCT042015-15,0.0190,312.71,yes
2026-10-05T00:12:46.103342Z,KXBTC15M-26OCT042015-15,0.0190,12.53,yes
2026-10-05T00:12:46.103342Z,KXBTC15M-26OCT042015-15,0.0180,28.00,yes
2026-10-05T00:12:46.103342Z,KXBTC15M-26OCT042015-15,0.0190,2.00,yes
2026-10-05T00:12:46.103342Z,KXBTC15M-26OCT042015-15,0.0190,2.00,yes
2026-10-05T00:12:46.103342Z,KXBTC15M-26OCT042015-15,0.0190,15.00,yes
2026-10-05T00:12:46.126382Z,KXBTC15M-26OCT042015-15,0.0190,51.93,yes
2026-10-05T00:12:46.14598Z,KXBTC15M-26OCT042015-15,0.0190,31.42,yes
2026-10-05T00:12:46.14598Z,KXBTC15M-26OCT042015-15,0.0190,200.00,yes
2026-10-05T00:12:46.159941Z,KXBTC15M-26OCT042015-15,0.0170,15.19,no
2026-10-05T00:12:46.218585Z,KXBTC15M-26OCT042015-15,0.0170,122.59,no
2026-10-05T00:12:46.260004Z,KXBTC15M-26OCT042015-15,0.0150,1500.00,no
2026-10-05T00:12:46.260004Z,KXBTC15M-26OCT042015-15,0.0140,15.00,no
2026-10-05T00:12:46.260004Z,KXBTC15M-26OCT042015-15,0.0130,110.06,no
2026-10-05T00:12:46.260004Z,KXBTC15M-26OCT042015-15,0.0160,368.00,no
2026-10-05T00:12:46.260004Z,KXBTC15M-26OCT042015-15,0.0160,200.00,no
2026-10-05T00:12:46.260004Z,KXBTC15M-26OCT042015-15,0.0150,15.00,no
2026-10-05T00:12:46.260004Z,KXBTC15M-26OCT042015-15,0.0140,15.00,no
2026-10-05T00:12:46.260004Z,KXBTC15M-26OCT042015-15,0.0170,400.00,no
2026-10-05T00:12:46.260004Z,KXBTC15M-26OCT042015-15,0.0170,0.01,no
2026-10-05T00:12:46.260004Z,KXBTC15M-26OCT042015-15,0.0170,77.22,no
2026-10-05T00:12:46.260004Z,KXBTC15M-26OCT042015-15,0.0170,215.00,no
2026-10-05T00:12:46.260004Z,KXBTC15M-26OCT042015-15,0.0160,15.00,no
2026-10-05T00:12:46.260004Z,KXBTC15M-26OCT042015-15,0.0160,13.00,no
2026-10-05T00:12:46.260004Z,KXBTC15M-26OCT042015-15,0.0170,200.00,no
2026-10-05T00:12:46.260004Z,KXBTC15M-26OCT042015-15,0.0170,15.00,no
2026-10-05T00:12:46.260004Z,KXBTC15M-26OCT042015-15,0.0130,28.00,no
2026-10-05T00:12:46.260004Z,KXBTC15M-26OCT042015-15,0.0170,0.01,no
2026-10-05T00:12:46.260004Z,KXBTC15M-26OCT042015-15,0.0140,15.00,no
2026-10-05T00:12:46.260004Z,KXBTC15M-26OCT042015-15,0.0170,500.00,no
2026-10-05T00:12:46.260004Z,KXBTC15M-26OCT042015-15,0.0140,275.65,no
2026-10-05T00:12:46.260004Z,KXBTC15M-26OCT042015-15,0.0140,15.00,no
2026-10-05T00:12:46.260004Z,KXBTC15M-26OCT042015-15,0.0140,150.00,no
2026-10-05T00:12:46.287737Z,KXBTC15M-26OCT042015-15,0.0130,66.95,no
2026-10-05T00:12:46.287737Z,KXBTC15M-26OCT042015-15,0.0130,1.05,no
2026-10-05T00:12:46.301805Z,KXBTC15M-26OCT042015-15,0.0130,4.98,no
2026-10-05T00:12:46.309332Z,KXBTC15M-26OCT042015-15,0.0130,78.07,no
2026-10-05T00:12:46.309332Z,KXBTC15M-26OCT042015-15,0.0130,7.48,no
2026-10-05T00:12:46.309332Z,KXBTC15M-26OCT042015-15,0.0130,0.01,no
2026-10-05T00:12:46.309332Z,KXBTC15M-26OCT042015-15,0.0130,0.01,no
2026-10-05T00:12:46.316361Z,KXBTC15M-26OCT042015-15,0.0130,211.02,no
2026-10-05T00:12:46.316774Z,KXBTC15M-26OCT042015-15,0.0140,37.16,yes
2026-10-05T00:12:46.342602Z,KXBTC15M-26OCT042015-15,0.0130,1.00,no
2026-10-05T00:12:46.342602Z,KXBTC15M-26OCT042015-15,0.0130,0.01,no
2026-10-05T00:12:46.342602Z,KXBTC15M-26OCT042015-15,0.0130,0.01,no
2026-10-05T00:12:46.342602Z,KXBTC15M-26OCT042015-15,0.0130,64.58,no
2026-10-05T00:12:46.379585Z,KXBTC15M-26OCT042015-15,0.0140,312.10,yes
2026-10-05T00:12:46.458962Z,KXBTC15M-26OCT042015-15,0.0140,6.23,yes
2026-10-05T00:12:46.488087Z,KXBTC15M-26OCT042015-15,0.0140,127.33,yes
2026-10-05T00:12:46.514532Z,KXBTC15M-26OCT042015-15,0.0140,1000.00,yes
2026-10-05T00:12:46.529055Z,KXBTC15M-26OCT042015-15,0.0130,84.33,no
2026-10-05T00:12:46.546391Z,KXBTC15M-26OCT042015-15,0.0140,0.01,yes
2026-10-05T00:12:46.546391Z,KXBTC15M-26OCT042015-15,0.0140,1.00,yes
2026-10-05T00:12:46.546391Z,KXBTC15M-26OCT042015-15,0.0140,0.01,yes
2026-10-05T00:12:46.546391Z,KXBTC15M-26OCT042015-15,0.0140,13.59,yes
2026-10-05T00:12:46.584282Z,KXBTC15M-26OCT042015-15,0.0130,0.01,no
2026-10-05T00:12:46.584282Z,KXBTC15M-26OCT042015-15,0.0130,0.01,no
2026-10-05T00:12:46.584282Z,KXBTC15M-26OCT042015-15,0.0130,3.03,no
2026-10-05T00:12:46.584282Z,KXBTC15M-26OCT042015-15,0.0130,1.09,no
2026-10-05T00:12:46.588363Z,KXBTC15M-26OCT042015-15,0.0140,31.00,yes
2026-10-05T00:12:46.589382Z,KXBTC15M-26OCT042015-15,0.0140,200.00,yes
2026-10-05T00:12:46.589382Z,KXBTC15M-26OCT042015-15,0.0140,0.01,yes
2026-10-05T00:12:46.589382Z,KXBTC15M-26OCT042015-15,0.0140,0.01,yes
2026-10-05T00:12:46.589382Z,KXBTC15M-26OCT042015-15,0.0140,15.00,yes
2026-10-05T00:12:46.589382Z,KXBTC15M-26OCT042015-15,0.0140,28.00,yes
2026-10-05T00:12:46.589382Z,KXBTC15M-26OCT042015-15,0.0140,154.03,yes
2026-10-05T00:12:46.589382Z,KXBTC15M-26OCT042015-15,0.0140,63.41,yes
2026-10-05T00:12:46.589382Z,KXBTC15M-26OCT042015-15,0.0150,989.54,yes
2026-10-05T00:12:46.606932Z,KXBTC15M-26OCT042015-15,0.0130,76.38,no
2026-10-05T00:12:46.634284Z,KXBTC15M-26OCT042015-15,0.0150,64.00,yes
2026-10-05T00:12:46.634284Z,KXBTC15M-26OCT042015-15,0.0150,1000.00,yes
2026-10-05T00:12:46.634284Z,KXBTC15M-26OCT042015-15,0.0160,1526.60,yes
2026-10-05T00:12:46.634284Z,KXBTC15M-26OCT042015-15,0.0140,15.00,yes
2026-10-05T00:12:46.634284Z,KXBTC15M-26OCT042015-15,0.0150,88.00,yes
2026-10-05T00:12:46.634284Z,KXBTC15M-26OCT042015-15,0.0140,0.01,yes
2026-10-05T00:12:46.634284Z,KXBTC15M-26OCT042015-15,0.0160,15.00,yes
2026-10-05T00:12:46.634284Z,KXBTC15M-26OCT042015-15,0.0140,15.00,yes
2026-10-05T00:12:46.634284Z,KXBTC15M-26OCT042015-15,0.0140,0.01,yes
2026-10-05T00:12:46.634284Z,KXBTC15M-26OCT042015-15,0.0150,0.01,yes
2026-10-05T00:12:46.634284Z,KXBTC15M-26OCT042015-15,0.0150,64.00,yes
2026-10-05T00:12:46.634284Z,KXBTC15M-26OCT042015-15,0.0140,214.88,yes
2026-10-05T00:12:46.664288Z,KXBTC15M-26OCT042015-15,0.0160,5.99,yes
2026-10-05T00:12:46.664288Z,KXBTC15M-26OCT042015-15,0.0150,0.01,yes
2026-10-05T00:12:46.670732Z,KXBTC15M-26OCT042015-15,0.0140,2.97,no
2026-10-05T00:12:46.683612Z,KXBTC15M-26OCT042015-15,0.0140,9.02,no
2026-10-05T00:12:46.688249Z,KXBTC15M-26OCT042015-15,0.0160,12.52,yes
2026-10-05T00:12:46.714026Z,KXBTC15M-26OCT042015-15,0.0160,10.00,yes
2026-10-05T00:12:46.750906Z,KXBTC15M-26OCT042015-15,0.0160,134.13,yes
2026-10-05T00:12:46.762467Z,KXBTC15M-26OCT042015-15,0.0140,54.66,no
2026-10-05T00:12:46.791296Z,KXBTC15M-26OCT042015-15,0.0140,23.42,no
2026-10-05T00:12:46.811275Z,KXBTC15M-26OCT042015-15,0.0160,27.00,yes
2026-10-05T00:12:46.840298Z,KXBTC15M-26OCT042015-15,0.0140,13.00,no
2026-10-05T00:12:46.840298Z,KXBTC15M-26OCT042015-15,0.0140,200.00,no
2026-10-05T00:12:46.840298Z,KXBTC15M-26OCT042015-15,0.0140,0.01,no
2026-10-05T00:12:46.840298Z,KXBTC15M-26OCT042015-15,0.0140,0.01,no
2026-10-05T00:12:46.840298Z,KXBTC15M-26OCT042015-15,0.0140,212.93,no
2026-10-05T00:12:46.840298Z,KXBTC15M-26OCT042015-15,0.0140,71.92,no
2026-10-05T00:12:46.866803Z,KXBTC15M-26OCT042015-15,0.0160,36.00,yes
2026-10-05T00:12:46.900846Z,KXBTC15M-26OCT042015-15,0.0140,2.02,no
2026-10-05T00:12:46.915809Z,KXBTC15M-26OCT042015-15,0.0160,6.98,yes
2026-10-05T00:12:46.969212Z,KXBTC15M-26OCT042015-15,0.0160,72.00,yes
2026-10-05T00:12:47.015541Z,KXBTC15M-26OCT042015-15,0.0160,12.00,yes
2026-10-05T00:12:47.03705Z,KXBTC15M-26OCT042015-15,0.0140,10.12,no
2026-10-05T00:12:47.042739Z,KXBTC15M-26OCT042015-15,0.0140,100.00,no
2026-10-05T00:12:47.043755Z,KXBTC15M-26OCT042015-15,0.0160,294.22,yes
2026-10-05T00:12:47.043755Z,KXBTC15M-26OCT042015-15,0.0160,156.78,yes
2026-10-05T00:12:47.043755Z,KXBTC15M-26OCT042015-15,0.0160,200.00,yes
2026-10-05T00:12:47.046796Z,KXBTC15M-26OCT042015-15,0.0160,0.20,yes
2026-10-05T00:12:47.062514Z,KXBTC15M-26OCT042015-15,0.0160,7.97,yes
2026-10-05T00:12:47.069696Z,KXBTC15M-26OCT042015-15,0.0160,17.54,yes
2026-10-05T00:12:47.098208Z,KXBTC15M-26OCT042015-15,0.0160,180.07,yes
2026-10-05T00:12:47.098208Z,KXBTC15M-26OCT042015-15,0.0160,1.00,yes
2026-10-05T00:12:47.098208Z,KXBTC15M-26OCT042015-15,0.0160,0.01,yes
2026-10-05T00:12:47.098208Z,KXBTC15M-26OCT042015-15,0.0160,84.06,yes
2026-10-05T00:12:47.098208Z,KXBTC15M-26OCT042015-15,0.0160,0.01,yes
2026-10-05T00:12:47.134016Z,KXBTC15M-26OCT042015-15,0.0150,15.00,yes
2026-10-05T00:12:47.134016Z,KXBTC15M-26OCT042015-15,0.0150,6.00,yes
2026-10-05T00:12:47.134016Z,KXBTC15M-26OCT042015-15,0.0160,271.36,yes
2026-10-05T00:12:47.137049Z,KXBTC15M-26OCT042015-15,0.0140,5.99,no
2026-10-05T00:12:47.173701Z,KXBTC15M-26OCT042015-15,0.0150,0.01,yes
2026-10-05T00:12:47.173701Z,KXBTC15M-26OCT042015-15,0.0160,5.39,yes
2026-10-05T00:12:47.175691Z,KXBTC15M-26OCT042015-15,0.0140,20.00,no
2026-10-05T00:12:47.19827Z,KXBTC15M-26OCT042015-15,0.0150,15.00,yes
2026-10-05T00:12:47.19827Z,KXBTC15M-26OCT042015-15,0.0160,69.95,yes
2026-10-05T00:12:47.227388Z,KXBTC15M-26OCT042015-15,0.0150,4.28,no
2026-10-05T00:12:47.23644Z,KXBTC15M-26OCT042015-15,0.0160,58.47,yes
2026-10-05T00:12:47.237557Z,KXBTC15M-26OCT042015-15,0.0170,15.00,yes
2026-10-05T00:12:47.237557Z,KXBTC15M-26OCT042015-15,0.0160,500.00,yes
2026-10-05T00:12:47.237557Z,KXBTC15M-26OCT042015-15,0.0170,206.32,yes
2026-10-05T00:12:47.237557Z,KXBTC15M-26OCT042015-15,0.0160,1.00,yes
2026-10-05T00:12:47.237557Z,KXBTC15M-26OCT042015-15,0.0160,256.68,yes
2026-10-05T00:12:47.237557Z,KXBTC15M-26OCT042015-15,0.0170,21.00,yes
2026-10-05T00:12:47.272212Z,KXBTC15M-26OCT042015-15,0.0160,2.09,yes
2026-10-05T00:12:47.274624Z,KXBTC15M-26OCT042015-15,0.0160,12.91,yes
2026-10-05T00:12:47.274624Z,KXBTC15M-26OCT042015-15,0.0190,10.63,yes
2026-10-05T00:12:47.274624Z,KXBTC15M-26OCT042015-15,0.0190,100.00,yes
2026-10-05T00:12:47.274624Z,KXBTC15M-26OCT042015-15,0.0180,15.00,yes
2026-10-05T00:12:47.274624Z,KXBTC15M-26OCT042015-15,0.0190,10.00,yes
2026-10-05T00:12:47.310171Z,KXBTC15M-26OCT042015-15,0.0160,0.02,yes
2026-10-05T00:12:47.328816Z,KXBTC15M-26OCT042015-15,0.0150,78.80,no
2026-10-05T00:12:47.332442Z,KXBTC15M-26OCT042015-15,0.0160,4.01,yes
2026-10-05T00:12:47.386397Z,KXBTC15M-26OCT042015-15,0.0150,1.00,no
2026-10-05T00:12:47.414052Z,KXBTC15M-26OCT042015-15,0.0180,18.00,yes
2026-10-05T00:12:47.414052Z,KXBTC15M-26OCT042015-15,0.0170,4.00,yes
2026-10-05T00:12:47.414052Z,KXBTC15M-26OCT042015-15,0.0160,10.97,yes
2026-10-05T00:12:47.414052Z,KXBTC15M-26OCT042015-15,0.0180,15.00,yes
2026-10-05T00:12:47.414052Z,KXBTC15M-26OCT042015-15,0.0190,84.74,yes
2026-10-05T00:12:47.417733Z,KXBTC15M-26OCT042015-15,0.0170,4.00,yes
2026-10-05T00:12:47.417733Z,KXBTC15M-26OCT042015-15,0.0190,18.53,yes
2026-10-05T00:12:47.421133Z,KXBTC15M-26OCT042015-15,0.0200,50.00,yes
2026-10-05T00:12:47.421133Z,KXBTC15M-26OCT042015-15,0.0190,1.00,yes
2026-10-05T00:12:47.421133Z,KXBTC15M-26OCT042015-15,0.0200,60.82,yes
2026-10-05T00:12:47.421133Z,KXBTC15M-26OCT042015-15,0.0200,64.00,yes
2026-10-05T00:12:47.421133Z,KXBTC15M-26OCT042015-15,0.0190,15.00,yes
2026-10-05T00:12:47.421133Z,KXBTC15M-26OCT042015-15,0.0180,877.00,yes
2026-10-05T00:12:47.421133Z,KXBTC15M-26OCT042015-15,0.0190,86.10,yes
2026-10-05T00:12:47.421133Z,KXBTC15M-26OCT042015-15,0.0190,25.00,yes
2026-10-05T00:12:47.421133Z,KXBTC15M-26OCT042015-15,0.0200,15.00,yes
2026-10-05T00:12:47.421133Z,KXBTC15M-26OCT042015-15,0.0190,52.00,yes
2026-10-05T00:12:47.421133Z,KXBTC15M-26OCT042015-15,0.0200,2.00,yes
2026-10-05T00:12:47.421133Z,KXBTC15M-26OCT042015-15,0.0200,100.00,yes
2026-10-05T00:12:47.435254Z,KXBTC15M-26OCT042015-15,0.0190,60.91,yes
2026-10-05T00:12:47.457988Z,KXBTC15M-26OCT042015-15,0.0160,9.94,no
2026-10-05T00:12:47.457988Z,KXBTC15M-26OCT042015-15,0.0160,46.53,no
2026-10-05T00:12:47.470534Z,KXBTC15M-26OCT042015-15,0.0190,59.21,yes
2026-10-05T00:12:47.470534Z,KXBTC15M-26OCT042015-15,0.0170,1.00,yes
2026-10-05T00:12:47.499192Z,KXBTC15M-26OCT042015-15,0.0160,50.52,no
2026-10-05T00:12:47.546992Z,KXBTC15M-26OCT042015-15,0.0160,13.66,no
2026-10-05T00:12:47.577897Z,KXBTC15M-26OCT042015-15,0.0170,15.00,yes
2026-10-05T00:12:47.577897Z,KXBTC15M-26OCT042015-15,0.0180,113.33,yes
2026-10-05T00:12:47.580941Z,KXBTC15M-26OCT042015-15,0.0180,1.07,yes
2026-10-05T00:12:47.607949Z,KXBTC15M-26OCT042015-15,0.0180,65.87,yes
2026-10-05T00:12:47.635493Z,KXBTC15M-26OCT042015-15,0.0180,51.79,yes
2026-10-05T00:12:47.664051Z,KXBTC15M-26OCT042015-15,0.0180,15.21,yes
2026-10-05T00:12:47.664051Z,KXBTC15M-26OCT042015-15,0.0180,74.94,yes
2026-10-05T00:12:47.664478Z,KXBTC15M-26OCT042015-15,0.0180,1.08,yes
2026-10-05T00:12:47.669203Z,KXBTC15M-26OCT042015-15,0.0170,151.98,no
2026-10-05T00:12:47.681262Z,KXBTC15M-26OCT042015-15,0.0180,20.00,yes
2026-10-05T00:12:47.687957Z,KXBTC15M-26OCT042015-15,0.0180,138.90,yes
2026-10-05T00:12:47.68798Z,KXBTC15M-26OCT042015-15,0.0170,50.83,no
2026-10-05T00:12:47.712701Z,KXBTC15M-26OCT042015-15,0.0170,0.01,no
2026-10-05T00:12:47.712701Z,KXBTC15M-26OCT042015-15,0.0170,0.01,no
2026-10-05T00:12:47.712701Z,KXBTC15M-26OCT042015-15,0.0170,3.56,no
2026-10-05T00:12:47.712701Z,KXBTC15M-26OCT042015-15,0.0170,12.19,no
2026-10-05T00:12:47.723839Z,KXBTC15M-26OCT042015-15,0.0170,5.73,no
2026-10-05T00:12:47.742085Z,KXBTC15M-26OCT042015-15,0.0180,13.72,yes
2026-10-05T00:12:47.746391Z,KXBTC15M-26OCT042015-15,0.0170,25.41,no
2026-10-05T00:12:47.782311Z,KXBTC15M-26OCT042015-15,0.0170,165.30,no
2026-10-05T00:12:47.782311Z,KXBTC15M-26OCT042015-15,0.0160,20.00,no
2026-10-05T00:12:47.782311Z,KXBTC15M-26OCT042015-15,0.0160,108.35,no
2026-10-05T00:12:47.782311Z,KXBTC15M-26OCT042015-15,0.0160,681.70,no
2026-10-05T00:12:47.782311Z,KXBTC15M-26OCT042015-15,0.0160,200.00,no
2026-10-05T00:12:47.782311Z,KXBTC15M-26OCT042015-15,0.0170,0.01,no
2026-10-05T00:12:47.782311Z,KXBTC15M-26OCT042015-15,0.0170,0.01,no
2026-10-05T00:12:47.782311Z,KXBTC15M-26OCT042015-15,0.0170,215.00,no
2026-10-05T00:12:47.782311Z,KXBTC15M-26OCT042015-15,0.0160,15.00,no
2026-10-05T00:12:47.782311Z,KXBTC15M-26OCT042015-15,0.0160,15.00,no
2026-10-05T00:12:47.782311Z,KXBTC15M-26OCT042015-15,0.0170,1.00,no
2026-10-05T00:12:47.807937Z,KXBTC15M-26OCT042015-15,0.0170,8.29,no
2026-10-05T00:12:47.828182Z,KXBTC15M-26OCT042015-15,0.0180,400.00,yes
2026-10-05T00:12:47.828182Z,KXBTC15M-26OCT042015-15,0.0180,11.09,yes
2026-10-05T00:12:47.828182Z,KXBTC15M-26OCT042015-15,0.0180,216.00,yes
2026-10-05T00:12:47.828182Z,KXBTC15M-26OCT042015-15,0.0180,1.00,yes
2026-10-05T00:12:47.828182Z,KXBTC15M-26OCT042015-15,0.0180,0.01,yes
2026-10-05T00:12:47.828182Z,KXBTC15M-26OCT042015-15,0.0180,0.01,yes
2026-10-05T00:12:47.828182Z,KXBTC15M-26OCT042015-15,0.0180,315.78,yes
2026-10-05T00:12:47.858211Z,KXBTC15M-26OCT042015-15,0.0170,60.90,no
2026-10-05T00:12:47.870077Z,KXBTC15M-26OCT042015-15,0.0170,7.87,no
2026-10-05T00:12:47.886239Z,KXBTC15M-26OCT042015-15,0.0180,15.00,yes
2026-10-05T00:12:47.886239Z,KXBTC15M-26OCT042015-15,0.0180,0.01,yes
2026-10-05T00:12:47.886239Z,KXBTC15M-26OCT042015-15,0.0180,184.22,yes
2026-10-05T00:12:47.886239Z,KXBTC15M-26OCT042015-15,0.0180,136.00,yes
2026-10-05T00:12:47.886239Z,KXBTC15M-26OCT042015-15,0.0180,41.76,yes
2026-10-05T00:12:47.886239Z,KXBTC15M-26OCT042015-15,0.0180,0.01,yes
2026-10-05T00:12:47.886239Z,KXBTC15M-26OCT042015-15,0.0180,1.00,yes
2026-10-05T00:12:47.886239Z,KXBTC15M-26OCT042015-15,0.0180,1.00,yes
2026-10-05T00:12:47.89343Z,KXBTC15M-26OCT042015-15,0.0180,52.42,yes
2026-10-05T00:12:47.910764Z,KXBTC15M-26OCT042015-15,0.0180,105.82,yes
2026-10-05T00:12:47.910764Z,KXBTC15M-26OCT042015-15,0.0180,229.18,yes
2026-10-05T00:12:47.914113Z,KXBTC15M-26OCT042015-15,0.0170,15.00,no
2026-10-05T00:12:47.914113Z,KXBTC15M-26OCT042015-15,0.0170,0.01,no
2026-10-05T00:12:47.914113Z,KXBTC15M-26OCT042015-15,0.0170,0.01,no
2026-10-05T00:12:47.914113Z,KXBTC15M-26OCT042015-15,0.0170,24.94,no
2026-10-05T00:12:47.960287Z,KXBTC15M-26OCT042015-15,0.0210,344.05,yes
2026-10-05T00:12:47.960287Z,KXBTC15M-26OCT042015-15,0.0180,0.01,yes
2026-10-05T00:12:47.960287Z,KXBTC15M-26OCT042015-15,0.0190,128.00,yes
2026-10-05T00:12:47.960287Z,KXBTC15M-26OCT042015-15,0.0180,0.01,yes
2026-10-05T00:12:47.960287Z,KXBTC15M-26OCT042015-15,0.0180,15.00,yes
2026-10-05T00:12:47.960287Z,KXBTC15M-26OCT042015-15,0.0200,50.00,yes
2026-10-05T00:12:47.960287Z,KXBTC15M-26OCT042015-15,0.0180,1.00,yes
2026-10-05T00:12:47.960287Z,KXBTC15M-26OCT042015-15,0.0200,13.00,yes
2026-10-05T00:12:47.960287Z,KXBTC15M-26OCT042015-15,0.0190,24.00,yes
2026-10-05T00:12:47.960287Z,KXBTC15M-26OCT042015-15,0.0190,200.00,yes
2026-10-05T00:12:47.960287Z,KXBTC15M-26OCT042015-15,0.0190,15.00,yes
2026-10-05T00:12:47.994147Z,KXBTC15M-26OCT042015-15,0.0210,16.90,yes
2026-10-05T00:12:48.027968Z,KXBTC15M-26OCT042015-15,0.0210,331.94,yes
2026-10-05T00:12:48.027968Z,KXBTC15M-26OCT042015-15,0.0190,50.00,yes
2026-10-05T00:12:48.043039Z,KXBTC15M-26OCT042015-15,0.0180,1.01,no
2026-10-05T00:12:48.065219Z,KXBTC15M-26OCT042015-15,0.0180,50.00,no
2026-10-05T00:12:48.082027Z,KXBTC15M-26OCT042015-15,0.0180,90.00,no
2026-10-05T00:12:48.104608Z,KXBTC15M-26OCT042015-15,0.0180,203.00,no
2026-10-05T00:12:48.104608Z,KXBTC15M-26OCT042015-15,0.0180,0.01,no
2026-10-05T00:12:48.104608Z,KXBTC15M-26OCT042015-15,0.0180,0.01,no
2026-10-05T00:12:48.117826Z,KXBTC15M-26OCT042015-15,0.0180,1.00,no
2026-10-05T00:12:48.117826Z,KXBTC15M-26OCT042015-15,0.0180,764.00,no
2026-10-05T00:12:48.117826Z,KXBTC15M-26OCT042015-15,0.0180,235.00,no
2026-10-05T00:12:48.144286Z,KXBTC15M-26OCT042015-15,0.0190,42.64,yes
2026-10-05T00:12:48.16813Z,KXBTC15M-26OCT042015-15,0.0180,17.27,no
2026-10-05T00:12:48.17942Z,KXBTC15M-26OCT042015-15,0.0180,751.25,no
2026-10-05T00:12:48.17942Z,KXBTC15M-26OCT042015-15,0.0180,0.01,no
2026-10-05T00:12:48.17942Z,KXBTC15M-26OCT042015-15,0.0180,0.01,no
2026-10-05T00:12:48.17942Z,KXBTC15M-26OCT042015-15,0.0180,1.00,no
2026-10-05T00:12:48.17942Z,KXBTC15M-26OCT042015-15,0.0180,247.73,no
2026-10-05T00:12:48.194818Z,KXBTC15M-26OCT042015-15,0.0190,2.36,yes
2026-10-05T00:12:48.194818Z,KXBTC15M-26OCT042015-15,0.0190,3.64,yes
2026-10-05T00:12:48.196514Z,KXBTC15M-26OCT042015-15,0.0190,1.78,yes
2026-10-05T00:12:48.20877Z,KXBTC15M-26OCT042015-15,0.0190,0.90,yes
2026-10-05T00:12:48.232943Z,KXBTC15M-26OCT042015-15,0.0190,20.00,yes
2026-10-05T00:12:48.234673Z,KXBTC15M-26OCT042015-15,0.0180,0.01,no
2026-10-05T00:12:48.234673Z,KXBTC15M-26OCT042015-15,0.0180,0.01,no
2026-10-05T00:12:48.234673Z,KXBTC15M-26OCT042015-15,0.0180,102.00,no
2026-10-05T00:12:48.234673Z,KXBTC15M-26OCT042015-15,0.0170,14.12,no
2026-10-05T00:12:48.234673Z,KXBTC15M-26OCT042015-15,0.0170,12.00,no
2026-10-05T00:12:48.234673Z,KXBTC15M-26OCT042015-15,0.0170,71.86,no
2026-10-05T00:12:48.237988Z,KXBTC15M-26OCT042015-15,0.0190,3.10,yes
2026-10-05T00:12:48.243071Z,KXBTC15M-26OCT042015-15,0.0180,0.01,no
2026-10-05T00:12:48.243071Z,KXBTC15M-26OCT042015-15,0.0180,0.01,no
2026-10-05T00:12:48.243071Z,KXBTC15M-26OCT042015-15,0.0170,35.76,no
2026-10-05T00:12:48.266666Z,KXBTC15M-26OCT042015-15,0.0180,0.01,no
2026-10-05T00:12:48.266666Z,KXBTC15M-26OCT042015-15,0.0180,12.00,no
2026-10-05T00:12:48.266666Z,KXBTC15M-26OCT042015-15,0.0180,0.01,no
2026-10-05T00:12:48.266666Z,KXBTC15M-26OCT042015-15,0.0170,69.68,no
2026-10-05T00:12:48.266666Z,KXBTC15M-26OCT042015-15,0.0170,200.00,no
2026-10-05T00:12:48.266666Z,KXBTC15M-26OCT042015-15,0.0170,15.00,no
2026-10-05T00:12:48.266666Z,KXBTC15M-26OCT042015-15,0.0170,1450.12,no
2026-10-05T00:12:48.266666Z,KXBTC15M-26OCT042015-15,0.0170,15.00,no
2026-10-05T00:12:48.274566Z,KXBTC15M-26OCT042015-15,0.0180,48.94,yes
2026-10-05T00:12:48.299471Z,KXBTC15M-26OCT042015-15,0.0180,51.98,yes
2026-10-05T00:12:48.326465Z,KXBTC15M-26OCT042015-15,0.0180,259.91,yes
2026-10-05T00:12:48.36227Z,KXBTC15M-26OCT042015-15,0.0180,222.82,yes
2026-10-05T00:12:48.363858Z,KXBTC15M-26OCT042015-15,0.0170,0.01,no
2026-10-05T00:12:48.363858Z,KXBTC15M-26OCT042015-15,0.0170,4.88,no
2026-10-05T00:12:48.363858Z,KXBTC15M-26OCT042015-15,0.0170,0.01,no
2026-10-05T00:12:48.410322Z,KXBTC15M-26OCT042015-15,0.0180,222.82,yes
2026-10-05T00:12:48.425178Z,KXBTC15M-26OCT042015-15,0.0180,259.91,yes
2026-10-05T00:12:48.435496Z,KXBTC15M-26OCT042015-15,0.0180,0.01,yes
2026-10-05T00:12:48.435496Z,KXBTC15M-26OCT042015-15,0.0180,0.01,yes
2026-10-05T00:12:48.435496Z,KXBTC15M-26OCT042015-15,0.0180,1.00,yes
2026-10-05T00:12:48.435496Z,KXBTC15M-26OCT042015-15,0.0180,30.98,yes
2026-10-05T00:12:48.458845Z,KXBTC15M-26OCT042015-15,0.0170,29.89,no
2026-10-05T00:12:48.482895Z,KXBTC15M-26OCT042015-15,0.0170,2.03,no
2026-10-05T00:12:48.484127Z,KXBTC15M-26OCT042015-15,0.0170,11.43,no
2026-10-05T00:12:48.486674Z,KXBTC15M-26OCT042015-15,0.0170,50.00,no
2026-10-05T00:12:48.496624Z,KXBTC15M-26OCT042015-15,0.0180,102.09,yes
2026-10-05T00:12:48.511924Z,KXBTC15M-26OCT042015-15,0.0180,55.16,yes
2026-10-05T00:12:48.514132Z,KXBTC15M-26OCT042015-15,0.0180,7.25,yes
2026-10-05T00:12:48.514132Z,KXBTC15M-26OCT042015-15,0.0180,42.75,yes
2026-10-05T00:12:48.576879Z,KXBTC15M-26OCT042015-15,0.0180,7.75,yes
2026-10-05T00:12:48.576879Z,KXBTC15M-26OCT042015-15,0.0180,179.25,yes
2026-10-05T00:12:48.595373Z,KXBTC15M-26OCT042015-15,0.0180,0.01,yes
2026-10-05T00:12:48.595373Z,KXBTC15M-26OCT042015-15,0.0190,4.00,yes
2026-10-05T00:12:48.595373Z,KXBTC15M-26OCT042015-15,0.0180,35.00,yes
2026-10-05T00:12:48.595373Z,KXBTC15M-26OCT042015-15,0.0180,2.67,yes
2026-10-05T00:12:48.595373Z,KXBTC15M-26OCT042015-15,0.0190,12.80,yes
2026-10-05T00:12:48.595373Z,KXBTC15M-26OCT042015-15,0.0180,0.01,yes
2026-10-05T00:12:48.595373Z,KXBTC15M-26OCT042015-15,0.0190,44.00,yes
2026-10-05T00:12:48.605504Z,KXBTC15M-26OCT042015-15,0.0190,3.20,yes
2026-10-05T00:12:48.605504Z,KXBTC15M-26OCT042015-15,0.0190,4.00,yes
2026-10-05T00:12:48.605504Z,KXBTC15M-26OCT042015-15,0.0190,37.36,yes
2026-10-05T00:12:48.612127Z,KXBTC15M-26OCT042015-15,0.0190,72.62,yes
2026-10-05T00:12:48.628722Z,KXBTC15M-26OCT042015-15,0.0170,27.33,no
2026-10-05T00:12:48.676843Z,KXBTC15M-26OCT042015-15,0.0190,90.02,yes
2026-10-05T00:12:48.676843Z,KXBTC15M-26OCT042015-15,0.0180,0.01,yes
2026-10-05T00:12:48.676843Z,KXBTC15M-26OCT042015-15,0.0180,0.01,yes
2026-10-05T00:12:48.676843Z,KXBTC15M-26OCT042015-15,0.0180,0.01,yes
2026-10-05T00:12:48.676843Z,KXBTC15M-26OCT042015-15,0.0190,149.75,yes
2026-10-05T00:12:48.703798Z,KXBTC15M-26OCT042015-15,0.0170,2.00,no
2026-10-05T00:12:48.74816Z,KXBTC15M-26OCT042015-15,0.0180,300.77,yes
2026-10-05T00:12:48.74816Z,KXBTC15M-26OCT042015-15,0.0180,0.01,yes
2026-10-05T00:12:48.74816Z,KXBTC15M-26OCT042015-15,0.0180,0.01,yes
2026-10-05T00:12:48.759208Z,KXBTC15M-26OCT042015-15,0.0180,4.62,yes
2026-10-05T00:12:48.800271Z,KXBTC15M-26OCT042015-15,0.0170,100.00,no
2026-10-05T00:12:48.81199Z,KXBTC15M-26OCT042015-15,0.0170,1.01,no
2026-10-05T00:12:48.857077Z,KXBTC15M-26OCT042015-15,0.0170,100.00,no
2026-10-05T00:12:48.877345Z,KXBTC15M-26OCT042015-15,0.0190,5.98,yes
2026-10-05T00:12:48.877345Z,KXBTC15M-26OCT042015-15,0.0180,0.01,yes
2026-10-05T00:12:48.877345Z,KXBTC15M-26OCT042015-15,0.0180,0.01,yes
2026-10-05T00:12:48.879215Z,KXBTC15M-26OCT042015-15,0.0190,0.61,yes
2026-10-05T00:12:48.890602Z,KXBTC15M-26OCT042015-15,0.0190,2.25,yes
2026-10-05T00:12:48.926848Z,KXBTC15M-26OCT042015-15,0.0170,35.00,no
2026-10-05T00:12:48.946176Z,KXBTC15M-26OCT042015-15,0.0190,5.38,yes
2026-10-05T00:12:48.95239Z,KXBTC15M-26OCT042015-15,0.0170,1.00,no
2026-10-05T00:12:48.964302Z,KXBTC15M-26OCT042015-15,0.0190,145.28,yes
2026-10-05T00:12:48.982678Z,KXBTC15M-26OCT042015-15,0.0190,47.09,yes
2026-10-05T00:12:48.982678Z,KXBTC15M-26OCT042015-15,0.0190,1.17,yes
2026-10-05T00:12:48.988258Z,KXBTC15M-26OCT042015-15,0.0170,36.56,no
2026-10-05T00:12:49.000293Z,KXBTC15M-26OCT042015-15,0.0190,205.93,yes
2026-10-05T00:12:49.006122Z,KXBTC15M-26OCT042015-15,0.0190,2.53,yes
2026-10-05T00:12:49.036591Z,KXBTC15M-26OCT042015-15,0.0180,0.29,yes
2026-10-05T00:12:49.059437Z,KXBTC15M-26OCT042015-15,0.0170,10.00,no
2026-10-05T00:12:49.103147Z,KXBTC15M-26OCT042015-15,0.0180,25.47,yes
2026-10-05T00:12:49.112841Z,KXBTC15M-26OCT042015-15,0.0180,49.25,yes
2026-10-05T00:12:49.163733Z,KXBTC15M-26OCT042015-15,0.0180,24.99,yes
2026-10-05T00:12:49.163733Z,KXBTC15M-26OCT042015-15,0.0180,12.46,yes
2026-10-05T00:12:49.173479Z,KXBTC15M-26OCT042015-15,0.0180,37.54,yes
2026-10-05T00:12:49.173479Z,KXBTC15M-26OCT042015-15,0.0180,2.18,yes
2026-10-05T00:12:49.180141Z,KXBTC15M-26OCT042015-15,0.0200,148.71,yes
2026-10-05T00:12:49.180141Z,KXBTC15M-26OCT042015-15,0.0190,130.00,yes
2026-10-05T00:12:49.180141Z,KXBTC15M-26OCT042015-15,0.0190,62.00,yes
2026-10-05T00:12:49.180141Z,KXBTC15M-26OCT042015-15,0.0180,0.01,yes
2026-10-05T00:12:49.180141Z,KXBTC15M-26OCT042015-15,0.0180,138.44,yes
2026-10-05T00:12:49.180141Z,KXBTC15M-26OCT042015-15,0.0180,3.00,yes
2026-10-05T00:12:49.180141Z,KXBTC15M-26OCT042015-15,0.0180,0.01,yes
2026-10-05T00:12:49.204262Z,KXBTC15M-26OCT042015-15,0.0190,0.01,yes
2026-10-05T00:12:49.204262Z,KXBTC15M-26OCT042015-15,0.0190,10.33,yes
2026-10-05T00:12:49.245587Z,KXBTC15M-26OCT042015-15,0.0180,101.60,no
2026-10-05T00:12:49.258417Z,KXBTC15M-26OCT042015-15,0.0180,36.57,no
2026-10-05T00:12:49.295724Z,KXBTC15M-26OCT042015-15,0.0180,80.18,no
2026-10-05T00:12:49.295724Z,KXBTC15M-26OCT042015-15,0.0180,509.83,no
2026-10-05T00:12:49.295724Z,KXBTC15M-26OCT042015-15,0.0180,0.01,no
2026-10-05T00:12:49.295724Z,KXBTC15M-26OCT042015-15,0.0180,23.05,no
2026-10-05T00:12:49.295724Z,KXBTC15M-26OCT042015-15,0.0180,200.00,no
2026-10-05T00:12:49.295724Z,KXBTC15M-26OCT042015-15,0.0180,203.00,no
2026-10-05T00:12:49.295724Z,KXBTC15M-26OCT042015-15,0.0180,0.01,no
2026-10-05T00:12:49.317558Z,KXBTC15M-26OCT042015-15,0.0190,15.00,yes
2026-10-05T00:12:49.317558Z,KXBTC15M-26OCT042015-15,0.0200,191.70,yes
2026-10-05T00:12:49.317558Z,KXBTC15M-26OCT042015-15,0.0190,0.01,yes
2026-10-05T00:12:49.317558Z,KXBTC15M-26OCT042015-15,0.0190,286.00,yes
2026-10-05T00:12:49.317558Z,KXBTC15M-26OCT042015-15,0.0190,182.00,yes
2026-10-05T00:12:49.317558Z,KXBTC15M-26OCT042015-15,0.0190,400.00,yes
2026-10-05T00:12:49.317558Z,KXBTC15M-26OCT042015-15,0.0190,1.00,yes
2026-10-05T00:12:49.379369Z,KXBTC15M-26OCT042015-15,0.0200,1.20,yes
2026-10-05T00:12:49.396412Z,KXBTC15M-26OCT042015-15,0.0200,13.80,yes
2026-10-05T00:12:49.396412Z,KXBTC15M-26OCT042015-15,0.0200,1.02,yes
2026-10-05T00:12:49.433885Z,KXBTC15M-26OCT042015-15,0.0190,12.00,no
2026-10-05T00:12:49.493121Z,KXBTC15M-26OCT042015-15,0.0190,50.00,no
2026-10-05T00:12:49.51726Z,KXBTC15M-26OCT042015-15,0.0200,153.81,yes
2026-10-05T00:12:49.594229Z,KXBTC15M-26OCT042015-15,0.0230,384.00,yes
2026-10-05T00:12:49.594229Z,KXBTC15M-26OCT042015-15,0.0230,178.76,yes
2026-10-05T00:12:49.594229Z,KXBTC15M-26OCT042015-15,0.0210,2.00,yes
2026-10-05T00:12:49.594229Z,KXBTC15M-26OCT042015-15,0.0210,44.85,yes
2026-10-05T00:12:49.594229Z,KXBTC15M-26OCT042015-15,0.0220,0.07,yes
2026-10-05T00:12:49.594229Z,KXBTC15M-26OCT042015-15,0.0210,2.00,yes
2026-10-05T00:12:49.594229Z,KXBTC15M-26OCT042015-15,0.0220,2.00,yes
2026-10-05T00:12:49.594229Z,KXBTC15M-26OCT042015-15,0.0220,2.00,yes
2026-10-05T00:12:49.594229Z,KXBTC15M-26OCT042015-15,0.0220,15.00,yes
2026-10-05T00:12:49.594229Z,KXBTC15M-26OCT042015-15,0.0210,0.07,yes
2026-10-05T00:12:49.594229Z,KXBTC15M-26OCT042015-15,0.0200,400.00,yes
2026-10-05T00:12:49.594229Z,KXBTC15M-26OCT042015-15,0.0200,19.00,yes
2026-10-05T00:12:49.594229Z,KXBTC15M-26OCT042015-15,0.0220,12.00,yes
2026-10-05T00:12:49.611256Z,KXBTC15M-26OCT042015-15,0.0230,0.02,yes
2026-10-05T00:12:49.61132Z,KXBTC15M-26OCT042015-15,0.0230,0.02,yes
2026-10-05T00:12:49.634583Z,KXBTC15M-26OCT042015-15,0.0220,172.89,no
2026-10-05T00:12:49.636012Z,KXBTC15M-26OCT042015-15,0.0220,1.00,no
2026-10-05T00:12:49.669903Z,KXBTC15M-26OCT042015-15,0.0230,205.00,yes
2026-10-05T00:12:49.74465Z,KXBTC15M-26OCT042015-15,0.0230,0.20,yes
2026-10-05T00:12:49.74465Z,KXBTC15M-26OCT042015-15,0.0230,4.13,yes
2026-10-05T00:12:49.782925Z,KXBTC15M-26OCT042015-15,0.0220,32.20,no
2026-10-05T00:12:49.811315Z,KXBTC15M-26OCT042015-15,0.0230,59.72,yes
2026-10-05T00:12:49.930724Z,KXBTC15M-26OCT042015-15,0.0220,173.00,no
2026-10-05T00:12:49.930724Z,KXBTC15M-26OCT042015-15,0.0220,0.01,no
2026-10-05T00:12:49.930724Z,KXBTC15M-26OCT042015-15,0.0220,0.01,no
2026-10-05T00:12:49.930724Z,KXBTC15M-26OCT042015-15,0.0220,125.91,no
2026-10-05T00:12:49.930724Z,KXBTC15M-26OCT042015-15,0.0220,40.06,no
2026-10-05T00:12:49.93379Z,KXBTC15M-26OCT042015-15,0.0230,136.92,yes
2026-10-05T00:12:49.946307Z,KXBTC15M-26OCT042015-15,0.0230,1.16,yes
2026-10-05T00:12:49.957872Z,KXBTC15M-26OCT042015-15,0.0220,31.64,no
2026-10-05T00:12:49.958892Z,KXBTC15M-26OCT042015-15,0.0180,10.00,no
2026-10-05T00:12:49.958892Z,KXBTC15M-26OCT042015-15,0.0180,34.00,no
2026-10-05T00:12:49.958892Z,KXBTC15M-26OCT042015-15,0.0220,0.01,no
2026-10-05T00:12:49.958892Z,KXBTC15M-26OCT042015-15,0.0210,324.00,no
2026-10-05T00:12:49.958892Z,KXBTC15M-26OCT042015-15,0.0200,102.00,no
2026-10-05T00:12:49.958892Z,KXBTC15M-26OCT042015-15,0.0220,0.01,no
2026-10-05T00:12:49.958892Z,KXBTC15M-26OCT042015-15,0.0180,15.00,no
2026-10-05T00:12:49.958892Z,KXBTC15M-26OCT042015-15,0.0220,328.30,no
2026-10-05T00:12:49.958892Z,KXBTC15M-26OCT042015-15,0.0200,50.00,no
2026-10-05T00:12:49.958892Z,KXBTC15M-26OCT042015-15,0.0180,2.00,no
2026-10-05T00:12:49.958892Z,KXBTC15M-26OCT042015-15,0.0220,200.00,no
2026-10-05T00:12:49.958892Z,KXBTC15M-26OCT042015-15,0.0220,1.00,no
2026-10-05T00:12:49.958892Z,KXBTC15M-26OCT042015-15,0.0180,15.00,no
2026-10-05T00:12:49.958892Z,KXBTC15M-26OCT042015-15,0.0210,200.00,no
2026-10-05T00:12:49.982284Z,KXBTC15M-26OCT042015-15,0.0180,23.39,yes
2026-10-05T00:12:49.988801Z,KXBTC15M-26OCT042015-15,0.0180,20.95,yes
2026-10-05T00:12:49.999662Z,KXBTC15M-26OCT042015-15,0.0180,38.00,yes
2026-10-05T00:12:50.025146Z,KXBTC15M-26OCT042015-15,0.0170,15.00,no
2026-10-05T00:12:50.025146Z,KXBTC15M-26OCT042015-15,0.0170,73.00,no
2026-10-05T00:12:50.025146Z,KXBTC15M-26OCT042015-15,0.0170,2.00,no
2026-10-05T00:12:50.05929Z,KXBTC15M-26OCT042015-15,0.0180,138.00,yes
2026-10-05T00:12:50.083862Z,KXBTC15M-26OCT042015-15,0.0180,3.75,yes
2026-10-05T00:12:50.129155Z,KXBTC15M-26OCT042015-15,0.0180,37.00,yes
2026-10-05T00:12:50.147512Z,KXBTC15M-26OCT042015-15,0.0180,2.14,yes
2026-10-05T00:12:50.19677Z,KXBTC15M-26OCT042015-15,0.0180,50.00,yes
2026-10-05T00:12:50.197494Z,KXBTC15M-26OCT042015-15,0.0180,10.45,yes
2026-10-05T00:12:50.200923Z,KXBTC15M-26OCT042015-15,0.0180,325.56,yes
2026-10-05T00:12:50.213169Z,KXBTC15M-26OCT042015-15,0.0180,61.00,yes
2026-10-05T00:12:50.2289Z,KXBTC15M-26OCT042015-15,0.0170,2.44,no
2026-10-05T00:12:50.229974Z,KXBTC15M-26OCT042015-15,0.0170,36.00,no
2026-10-05T00:12:50.265889Z,KXBTC15M-26OCT042015-15,0.0180,90.00,yes
2026-10-05T00:12:50.265889Z,KXBTC15M-26OCT042015-15,0.0180,15.00,yes
2026-10-05T00:12:50.265889Z,KXBTC15M-26OCT042015-15,0.0180,1.00,yes
2026-10-05T00:12:50.265889Z,KXBTC15M-26OCT042015-15,0.0180,0.01,yes
2026-10-05T00:12:50.265889Z,KXBTC15M-26OCT042015-15,0.0180,0.01,yes
2026-10-05T00:12:50.265889Z,KXBTC15M-26OCT042015-15,0.0180,48.44,yes
2026-10-05T00:12:50.278466Z,KXBTC15M-26OCT042015-15,0.0170,12.94,no
2026-10-05T00:12:50.323081Z,KXBTC15M-26OCT042015-15,0.0200,0.01,yes
2026-10-05T00:12:50.323081Z,KXBTC15M-26OCT042015-15,0.0200,0.01,yes
2026-10-05T00:12:50.323081Z,KXBTC15M-26OCT042015-15,0.0210,97.94,yes
2026-10-05T00:12:50.323081Z,KXBTC15M-26OCT042015-15,0.0200,50.00,yes
2026-10-05T00:12:50.323081Z,KXBTC15M-26OCT042015-15,0.0200,15.00,yes
2026-10-05T00:12:50.337852Z,KXBTC15M-26OCT042015-15,0.0210,136.00,yes
2026-10-05T00:12:50.337852Z,KXBTC15M-26OCT042015-15,0.0220,11.41,yes
2026-10-05T00:12:50.337852Z,KXBTC15M-26OCT042015-15,0.0210,22.06,yes
2026-10-05T00:12:50.337852Z,KXBTC15M-26OCT042015-15,0.0210,1.00,yes
2026-10-05T00:12:50.337852Z,KXBTC15M-26OCT042015-15,0.0220,18.00,yes
2026-10-05T00:12:50.337852Z,KXBTC15M-26OCT042015-15,0.0220,15.00,yes
2026-10-05T00:12:50.340778Z,KXBTC15M-26OCT042015-15,0.0180,1.99,no
2026-10-05T00:12:50.354913Z,KXBTC15M-26OCT042015-15,0.0220,0.59,yes
2026-10-05T00:12:50.354913Z,KXBTC15M-26OCT042015-15,0.0230,124.66,yes
2026-10-05T00:12:50.371338Z,KXBTC15M-26OCT042015-15,0.0210,58.86,yes
2026-10-05T00:12:50.41739Z,KXBTC15M-26OCT042015-15,0.0220,99.12,yes
2026-10-05T00:12:50.41739Z,KXBTC15M-26OCT042015-15,0.0210,1.00,yes
2026-10-05T00:12:50.420428Z,KXBTC15M-26OCT042015-15,0.0220,5.43,yes
2026-10-05T00:12:50.429379Z,KXBTC15M-26OCT042015-15,0.0200,2.99,no
2026-10-05T00:12:50.458191Z,KXBTC15M-26OCT042015-15,0.0220,14.00,yes
2026-10-05T00:12:50.458191Z,KXBTC15M-26OCT042015-15,0.0220,12.00,yes
2026-10-05T00:12:50.458191Z,KXBTC15M-26OCT042015-15,0.0230,55.39,yes
2026-10-05T00:12:50.465881Z,KXBTC15M-26OCT042015-15,0.0200,0.01,no
2026-10-05T00:12:50.465881Z,KXBTC15M-26OCT042015-15,0.0200,0.01,no
2026-10-05T00:12:50.465881Z,KXBTC15M-26OCT042015-15,0.0200,47.01,no
2026-10-05T00:12:50.465881Z,KXBTC15M-26OCT042015-15,0.0200,192.89,no
2026-10-05T00:12:50.471886Z,KXBTC15M-26OCT042015-15,0.0230,39.98,yes
2026-10-05T00:12:50.471886Z,KXBTC15M-26OCT042015-15,0.0230,2.02,yes
2026-10-05T00:12:50.478251Z,KXBTC15M-26OCT042015-15,0.0230,40.69,yes
2026-10-05T00:12:50.49877Z,KXBTC15M-26OCT042015-15,0.0200,20.32,no
2026-10-05T00:12:50.502222Z,KXBTC15M-26OCT042015-15,0.0220,1.00,yes
2026-10-05T00:12:50.502222Z,KXBTC15M-26OCT042015-15,0.0230,9.00,yes
2026-10-05T00:12:50.515635Z,KXBTC15M-26OCT042015-15,0.0230,6.31,yes
2026-10-05T00:12:50.537008Z,KXBTC15M-26OCT042015-15,0.0230,12.00,yes
2026-10-05T00:12:50.537008Z,KXBTC15M-26OCT042015-15,0.0230,200.00,yes
2026-10-05T00:12:50.537008Z,KXBTC15M-26OCT042015-15,0.0230,0.01,yes
2026-10-05T00:12:50.537008Z,KXBTC15M-26OCT042015-15,0.0230,1000.00,yes
2026-10-05T00:12:50.537008Z,KXBTC15M-26OCT042015-15,0.0230,466.77,yes
2026-10-05T00:12:50.537008Z,KXBTC15M-26OCT042015-15,0.0230,0.01,yes
2026-10-05T00:12:50.537008Z,KXBTC15M-26OCT042015-15,0.0230,0.08,yes
2026-10-05T00:12:50.537008Z,KXBTC15M-26OCT042015-15,0.0230,187.03,yes
2026-10-05T00:12:50.537008Z,KXBTC15M-26OCT042015-15,0.0230,256.00,yes
2026-10-05T00:12:50.537008Z,KXBTC15M-26OCT042015-15,0.0230,160.02,yes
2026-10-05T00:12:50.686516Z,KXBTC15M-26OCT042015-15,0.0240,1.69,yes
2026-10-05T00:12:50.698649Z,KXBTC15M-26OCT042015-15,0.0240,2.35,yes
2026-10-05T00:12:50.705788Z,KXBTC15M-26OCT042015-15,0.0100,1920.85,no
2026-10-05T00:12:50.705788Z,KXBTC15M-26OCT042015-15,0.0150,15.00,no
2026-10-05T00:12:50.705788Z,KXBTC15M-26OCT042015-15,0.0220,200.00,no
2026-10-05T00:12:50.705788Z,KXBTC15M-26OCT042015-15,0.0150,64.00,no
2026-10-05T00:12:50.705788Z,KXBTC15M-26OCT042015-15,0.0150,93.75,no
2026-10-05T00:12:50.705788Z,KXBTC15M-26OCT042015-15,0.0210,662.00,no
2026-10-05T00:12:50.705788Z,KXBTC15M-26OCT042015-15,0.0180,13.01,no
2026-10-05T00:12:50.705788Z,KXBTC15M-26OCT042015-15,0.0210,174.00,no
2026-10-05T00:12:50.705788Z,KXBTC15M-26OCT042015-15,0.0220,0.01,no
2026-10-05T00:12:50.705788Z,KXBTC15M-26OCT042015-15,0.0200,50.00,no
2026-10-05T00:12:50.705788Z,KXBTC15M-26OCT042015-15,0.0150,64.00,no
2026-10-05T00:12:50.705788Z,KXBTC15M-26OCT042015-15,0.0170,15.00,no
2026-10-05T00:12:50.705788Z,KXBTC15M-26OCT042015-15,0.0210,200.00,no
2026-10-05T00:12:50.705788Z,KXBTC15M-26OCT042015-15,0.0150,150.00,no
2026-10-05T00:12:50.705788Z,KXBTC15M-26OCT042015-15,0.0180,27.00,no
2026-10-05T00:12:50.705788Z,KXBTC15M-26OCT042015-15,0.0210,0.01,no
2026-10-05T00:12:50.705788Z,KXBTC15M-26OCT042015-15,0.0210,1.00,no
2026-10-05T00:12:50.705788Z,KXBTC15M-26OCT042015-15,0.0180,15.00,no
2026-10-05T00:12:50.705788Z,KXBTC15M-26OCT042015-15,0.0150,15.00,no
2026-10-05T00:12:50.705788Z,KXBTC15M-26OCT042015-15,0.0220,0.01,no
2026-10-05T00:12:50.705788Z,KXBTC15M-26OCT042015-15,0.0180,10.00,no
2026-10-05T00:12:50.705788Z,KXBTC15M-26OCT042015-15,0.0120,20.00,no
2026-10-05T00:12:50.705788Z,KXBTC15M-26OCT042015-15,0.0220,166.00,no
2026-10-05T00:12:50.705788Z,KXBTC15M-26OCT042015-15,0.0150,93.75,no
2026-10-05T00:12:50.705788Z,KXBTC15M-26OCT042015-15,0.0130,2.00,no
2026-10-05T00:12:50.705788Z,KXBTC15M-26OCT042015-15,0.0140,2.00,no
2026-10-05T00:12:50.705788Z,KXBTC15M-26OCT042015-15,0.0210,0.01,no
2026-10-05T00:12:50.705788Z,KXBTC15M-26OCT042015-15,0.0110,10.00,no
2026-10-05T00:12:50.705788Z,KXBTC15M-26OCT042015-15,0.0110,10.00,no
2026-10-05T00:12:50.705788Z,KXBTC15M-26OCT042015-15,0.0130,15.00,no
2026-10-05T00:12:50.705788Z,KXBTC15M-26OCT042015-15,0.0130,15.00,no
2026-10-05T00:12:50.705788Z,KXBTC15M-26OCT042015-15,0.0130,15.00,no
2026-10-05T00:12:50.705788Z,KXBTC15M-26OCT042015-15,0.0140,15.00,no
2026-10-05T00:12:50.705788Z,KXBTC15M-26OCT042015-15,0.0150,15.00,no
2026-10-05T00:12:50.705788Z,KXBTC15M-26OCT042015-15,0.0150,15.00,no
2026-10-05T00:12:50.705788Z,KXBTC15M-26OCT042015-15,0.0140,15.00,no
2026-10-05T00:12:50.705788Z,KXBTC15M-26OCT042015-15,0.0150,15.00,no
2026-10-05T00:12:50.705788Z,KXBTC15M-26OCT042015-15,0.0150,15.00,no
2026-10-05T00:12:50.705788Z,KXBTC15M-26OCT042015-15,0.0140,15.00,no
2026-10-05T00:12:50.705788Z,KXBTC15M-26OCT042015-15,0.0130,278.95,no
2026-10-05T00:12:50.705788Z,KXBTC15M-26OCT042015-15,0.0130,500.00,no
2026-10-05T00:12:50.705788Z,KXBTC15M-26OCT042015-15,0.0120,500.00,no
2026-10-05T00:12:50.705788Z,KXBTC15M-26OCT042015-15,0.0160,146.76,no
2026-10-05T00:12:50.705788Z,KXBTC15M-26OCT042015-15,0.0140,235.52,no
2026-10-05T00:12:50.705788Z,KXBTC15M-26OCT042015-15,0.0140,2.00,no
2026-10-05T00:12:50.705788Z,KXBTC15M-26OCT042015-15,0.0170,12.00,no
2026-10-05T00:12:50.705788Z,KXBTC15M-26OCT042015-15,0.0150,2.00,no
2026-10-05T00:12:50.705788Z,KXBTC15M-26OCT042015-15,0.0160,1500.00,no
2026-10-05T00:12:50.705788Z,KXBTC15M-26OCT042015-15,0.0150,2.00,no
2026-10-05T00:12:50.705788Z,KXBTC15M-26OCT042015-15,0.0130,79.00,no
2026-10-05T00:12:50.705788Z,KXBTC15M-26OCT042015-15,0.0160,2.00,no
2026-10-05T00:12:50.705807Z,KXBTC15M-26OCT042015-15,0.0240,19.65,yes
2026-10-05T00:12:50.744643Z,KXBTC15M-26OCT042015-15,0.0110,491.00,yes
2026-10-05T00:12:50.76791Z,KXBTC15M-26OCT042015-15,0.0110,1.04,yes
2026-10-05T00:12:50.80545Z,KXBTC15M-26OCT042015-15,0.0110,20.73,yes
2026-10-05T00:12:50.818835Z,KXBTC15M-26OCT042015-15,0.0100,71.63,no
2026-10-05T00:12:50.839871Z,KXBTC15M-26OCT042015-15,0.0110,12.00,yes
2026-10-05T00:12:50.84164Z,KXBTC15M-26OCT042015-15,0.0110,6.00,yes
2026-10-05T00:12:50.844446Z,KXBTC15M-26OCT042015-15,0.0110,6.00,yes
2026-10-05T00:12:50.860454Z,KXBTC15M-26OCT042015-15,0.0100,155.39,no
2026-10-05T00:12:50.860454Z,KXBTC15M-26OCT042015-15,0.0100,0.36,no
2026-10-05T00:12:50.860454Z,KXBTC15M-26OCT042015-15,0.0100,13.27,no
2026-10-05T00:12:50.860454Z,KXBTC15M-26OCT042015-15,0.0100,0.37,no
2026-10-05T00:12:50.860454Z,KXBTC15M-26OCT042015-15,0.0100,39.81,no
2026-10-05T00:12:50.860454Z,KXBTC15M-26OCT042015-15,0.0100,33.17,no
2026-10-05T00:12:50.860454Z,KXBTC15M-26OCT042015-15,0.0100,12.94,no
2026-10-05T00:12:50.860454Z,KXBTC15M-26OCT042015-15,0.0100,2.65,no
2026-10-05T00:12:50.860454Z,KXBTC15M-26OCT042015-15,0.0100,1.32,no
2026-10-05T00:12:50.860454Z,KXBTC15M-26OCT042015-15,0.0100,6.55,no
2026-10-05T00:12:50.860454Z,KXBTC15M-26OCT042015-15,0.0100,3.53,no
2026-10-05T00:12:50.860454Z,KXBTC15M-26OCT042015-15,0.0100,31.18,no
2026-10-05T00:12:50.860454Z,KXBTC15M-26OCT042015-15,0.0100,2.03,no
2026-10-05T00:12:50.860932Z,KXBTC15M-26OCT042015-15,0.0100,0.27,no
2026-10-05T00:12:50.860932Z,KXBTC15M-26OCT042015-15,0.0100,17.65,no
2026-10-05T00:12:50.860932Z,KXBTC15M-26OCT042015-15,0.0100,102.08,no
2026-10-05T00:12:50.890576Z,KXBTC15M-26OCT042015-15,0.0100,10.00,no
2026-10-05T00:12:50.916087Z,KXBTC15M-26OCT042015-15,0.0110,40.89,yes
2026-10-05T00:12:50.930671Z,KXBTC15M-26OCT042015-15,0.0100,4.98,no
2026-10-05T00:12:50.982613Z,KXBTC15M-26OCT042015-15,0.0110,30.81,yes
2026-10-05T00:12:51.015172Z,KXBTC15M-26OCT042015-15,0.0100,17.08,no
2026-10-05T00:12:51.015172Z,KXBTC15M-26OCT042015-15,0.0100,34.25,no
2026-10-05T00:12:51.015172Z,KXBTC15M-26OCT042015-15,0.0100,82.94,no
2026-10-05T00:12:51.015172Z,KXBTC15M-26OCT042015-15,0.0100,5.63,no
2026-10-05T00:12:51.015172Z,KXBTC15M-26OCT042015-15,0.0100,1.21,no
2026-10-05T00:12:51.015172Z,KXBTC15M-26OCT042015-15,0.0100,0.30,no
2026-10-05T00:12:51.015172Z,KXBTC15M-26OCT042015-15,0.0100,11.39,no
2026-10-05T00:12:51.015172Z,KXBTC15M-26OCT042015-15,0.0100,0.12,no
2026-10-05T00:12:51.015172Z,KXBTC15M-26OCT042015-15,0.0100,1.13,no
2026-10-05T00:12:51.015172Z,KXBTC15M-26OCT042015-15,0.0100,3.00,no
2026-10-05T00:12:51.015172Z,KXBTC15M-26OCT042015-15,0.0100,51.09,no
2026-10-05T00:12:51.015172Z,KXBTC15M-26OCT042015-15,0.0100,11.51,no
2026-10-05T00:12:51.015172Z,KXBTC15M-26OCT042015-15,0.0100,13.44,no
2026-10-05T00:12:51.015172Z,KXBTC15M-26OCT042015-15,0.0100,1.00,no
2026-10-05T00:12:51.015172Z,KXBTC15M-26OCT042015-15,0.0100,60.21,no
2026-10-05T00:12:51.015172Z,KXBTC15M-26OCT042015-15,0.0100,400.00,no
2026-10-05T00:12:51.015172Z,KXBTC15M-26OCT042015-15,0.0100,6.08,no
2026-10-05T00:12:51.015172Z,KXBTC15M-26OCT042015-15,0.0100,135.15,no
2026-10-05T00:12:51.015172Z,KXBTC15M-26OCT042015-15,0.0100,11.40,no
2026-10-05T00:12:51.015172Z,KXBTC15M-26OCT042015-15,0.0100,22.07,no
2026-10-05T00:12:51.015172Z,KXBTC15M-26OCT042015-15,0.0100,29.24,no
2026-10-05T00:12:51.015172Z,KXBTC15M-26OCT042015-15,0.0100,0.10,no
2026-10-05T00:12:51.015172Z,KXBTC15M-26OCT042015-15,0.0100,1.02,no
2026-10-05T00:12:51.015172Z,KXBTC15M-26OCT042015-15,0.0100,3.00,no
2026-10-05T00:12:51.015172Z,KXBTC15M-26OCT042015-15,0.0100,6.09,no
2026-10-05T00:12:51.018455Z,KXBTC15M-26OCT042015-15,0.0100,6.98,no
2026-10-05T00:12:51.028262Z,KXBTC15M-26OCT042015-15,0.0110,6.29,yes
2026-10-05T00:12:51.035409Z,KXBTC15M-26OCT042015-15,0.0100,20.12,no
2026-10-05T00:12:51.035409Z,KXBTC15M-26OCT042015-15,0.0100,0.23,no
2026-10-05T00:12:51.035409Z,KXBTC15M-26OCT042015-15,0.0100,16.90,no
2026-10-05T00:12:51.035409Z,KXBTC15M-26OCT042015-15,0.0100,0.14,no
2026-10-05T00:12:51.035409Z,KXBTC15M-26OCT042015-15,0.0100,400.00,no
2026-10-05T00:12:51.035409Z,KXBTC15M-26OCT042015-15,0.0100,56.34,no
2026-10-05T00:12:51.035409Z,KXBTC15M-26OCT042015-15,0.0100,5.63,no
2026-10-05T00:12:51.035409Z,KXBTC15M-26OCT042015-15,0.0100,5.51,no
2026-10-05T00:12:51.035409Z,KXBTC15M-26OCT042015-15,0.0100,30.00,no
2026-10-05T00:12:51.035409Z,KXBTC15M-26OCT042015-15,0.0100,38.00,no
2026-10-05T00:12:51.035409Z,KXBTC15M-26OCT042015-15,0.0100,377.07,no
2026-10-05T00:12:51.035409Z,KXBTC15M-26OCT042015-15,0.0100,50.00,no
2026-10-05T00:12:51.035409Z,KXBTC15M-26OCT042015-15,0.0100,0.06,no
2026-10-05T00:12:51.074895Z,KXBTC15M-26OCT042015-15,0.0110,112.68,yes
2026-10-05T00:12:51.077056Z,KXBTC15M-26OCT042015-15,0.0110,322.25,yes
2026-10-05T00:12:51.114847Z,KXBTC15M-26OCT042015-15,0.0150,469.98,yes
2026-10-05T00:12:51.114847Z,KXBTC15M-26OCT042015-15,0.0130,15.00,yes
2026-10-05T00:12:51.114847Z,KXBTC15M-26OCT042015-15,0.0110,0.01,yes
2026-10-05T00:12:51.114847Z,KXBTC15M-26OCT042015-15,0.0110,15.00,yes
2026-10-05T00:12:51.114847Z,KXBTC15M-26OCT042015-15,0.0110,0.01,yes
2026-10-05T00:12:51.165191Z,KXBTC15M-26OCT042015-15,0.0140,12.41,no
2026-10-05T00:12:51.175421Z,KXBTC15M-26OCT042015-15,0.0150,15.00,yes
2026-10-05T00:12:51.175421Z,KXBTC15M-26OCT042015-15,0.0150,15.00,yes
2026-10-05T00:12:51.175421Z,KXBTC15M-26OCT042015-15,0.0150,0.01,yes
2026-10-05T00:12:51.175421Z,KXBTC15M-26OCT042015-15,0.0150,13.00,yes
2026-10-05T00:12:51.175421Z,KXBTC15M-26OCT042015-15,0.0160,66.25,yes
2026-10-05T00:12:51.175421Z,KXBTC15M-26OCT042015-15,0.0150,0.01,yes
2026-10-05T00:12:51.209134Z,KXBTC15M-26OCT042015-15,0.0150,10.00,no
2026-10-05T00:12:51.209927Z,KXBTC15M-26OCT042015-15,0.0170,15.00,yes
2026-10-05T00:12:51.209927Z,KXBTC15M-26OCT042015-15,0.0170,46.00,yes
2026-10-05T00:12:51.225095Z,KXBTC15M-26OCT042015-15,0.0170,15.00,yes
2026-10-05T00:12:51.225095Z,KXBTC15M-26OCT042015-15,0.0170,18.25,yes
2026-10-05T00:12:51.225095Z,KXBTC15M-26OCT042015-15,0.0170,200.00,yes
2026-10-05T00:12:51.225095Z,KXBTC15M-26OCT042015-15,0.0170,13.00,yes
2026-10-05T00:12:51.26973Z,KXBTC15M-26OCT042015-15,0.0150,1.03,no
2026-10-05T00:12:51.26973Z,KXBTC15M-26OCT042015-15,0.0160,51.00,no
2026-10-05T00:12:51.26973Z,KXBTC15M-26OCT042015-15,0.0150,364.00,no
2026-10-05T00:12:51.26973Z,KXBTC15M-26OCT042015-15,0.0120,10.00,no
2026-10-05T00:12:51.26973Z,KXBTC15M-26OCT042015-15,0.0150,1.06,no
2026-10-05T00:12:51.26973Z,KXBTC15M-26OCT042015-15,0.0160,1.00,no
2026-10-05T00:12:51.26973Z,KXBTC15M-26OCT042015-15,0.0140,0.01,no
2026-10-05T00:12:51.26973Z,KXBTC15M-26OCT042015-15,0.0140,200.00,no
2026-10-05T00:12:51.26973Z,KXBTC15M-26OCT042015-15,0.0140,261.00,no
2026-10-05T00:12:51.26973Z,KXBTC15M-26OCT042015-15,0.0140,15.00,no
2026-10-05T00:12:51.26973Z,KXBTC15M-26OCT042015-15,0.0120,15.00,no
2026-10-05T00:12:51.26973Z,KXBTC15M-26OCT042015-15,0.0150,15.00,no
2026-10-05T00:12:51.26973Z,KXBTC15M-26OCT042015-15,0.0160,0.01,no
2026-10-05T00:12:51.26973Z,KXBTC15M-26OCT042015-15,0.0160,229.00,no
2026-10-05T00:12:51.26973Z,KXBTC15M-26OCT042015-15,0.0120,17.00,no
2026-10-05T00:12:51.26973Z,KXBTC15M-26OCT042015-15,0.0150,140.00,no
2026-10-05T00:12:51.26973Z,KXBTC15M-26OCT042015-15,0.0110,824.15,no
2026-10-05T00:12:51.26973Z,KXBTC15M-26OCT042015-15,0.0160,0.01,no
2026-10-05T00:12:51.26973Z,KXBTC15M-26OCT042015-15,0.0140,4.59,no
2026-10-05T00:12:51.26973Z,KXBTC15M-26OCT042015-15,0.0140,15.00,no
2026-10-05T00:12:51.26973Z,KXBTC15M-26OCT042015-15,0.0150,0.01,no
2026-10-05T00:12:51.26973Z,KXBTC15M-26OCT042015-15,0.0160,400.00,no
2026-10-05T00:12:51.26973Z,KXBTC15M-26OCT042015-15,0.0150,0.01,no
2026-10-05T00:12:51.26973Z,KXBTC15M-26OCT042015-15,0.0140,0.01,no
2026-10-05T00:12:51.26973Z,KXBTC15M-26OCT042015-15,0.0140,12.00,no
2026-10-05T00:12:51.26973Z,KXBTC15M-26OCT042015-15,0.0150,200.00,no
2026-10-05T00:12:51.274785Z,KXBTC15M-26OCT042015-15,0.0080,2500.00,no
2026-10-05T00:12:51.274785Z,KXBTC15M-26OCT042015-15,0.0090,2.00,no
2026-10-05T00:12:51.274785Z,KXBTC15M-26OCT042015-15,0.0080,2.00,no
2026-10-05T00:12:51.274785Z,KXBTC15M-26OCT042015-15,0.0100,2.00,no
2026-10-05T00:12:51.274785Z,KXBTC15M-26OCT042015-15,0.0100,2.00,no
2026-10-05T00:12:51.274785Z,KXBTC15M-26OCT042015-15,0.0080,10.00,no
2026-10-05T00:12:51.274785Z,KXBTC15M-26OCT042015-15,0.0090,2.00,no
2026-10-05T00:12:51.274785Z,KXBTC15M-26OCT042015-15,0.0080,10.00,no
2026-10-05T00:12:51.274785Z,KXBTC15M-26OCT042015-15,0.0100,15.00,no
2026-10-05T00:12:51.274785Z,KXBTC15M-26OCT042015-15,0.0100,93.75,no
2026-10-05T00:12:51.274785Z,KXBTC15M-26OCT042015-15,0.0100,50.00,no
2026-10-05T00:12:51.274785Z,KXBTC15M-26OCT042015-15,0.0100,15.00,no
2026-10-05T00:12:51.274785Z,KXBTC15M-26OCT042015-15,0.0100,64.00,no
2026-10-05T00:12:51.274785Z,KXBTC15M-26OCT042015-15,0.0110,70.00,no
2026-10-05T00:12:51.274785Z,KXBTC15M-26OCT042015-15,0.0100,64.00,no
2026-10-05T00:12:51.274785Z,KXBTC15M-26OCT042015-15,0.0110,15.00,no
2026-10-05T00:12:51.274785Z,KXBTC15M-26OCT042015-15,0.0110,15.00,no
2026-10-05T00:12:51.274785Z,KXBTC15M-26OCT042015-15,0.0100,93.75,no
2026-10-05T00:12:51.274785Z,KXBTC15M-26OCT042015-15,0.0110,2.00,no
2026-10-05T00:12:51.274785Z,KXBTC15M-26OCT042015-15,0.0100,15.00,no
2026-10-05T00:12:51.274785Z,KXBTC15M-26OCT042015-15,0.0100,30.00,no
2026-10-05T00:12:51.274785Z,KXBTC15M-26OCT042015-15,0.0110,15.00,no
2026-10-05T00:12:51.274785Z,KXBTC15M-26OCT042015-15,0.0070,1280.00,no
2026-10-05T00:12:51.274785Z,KXBTC15M-26OCT042015-15,0.0070,1188.97,no
2026-10-05T00:12:51.274785Z,KXBTC15M-26OCT042015-15,0.0090,120.00,no
2026-10-05T00:12:51.274785Z,KXBTC15M-26OCT042015-15,0.0080,120.00,no
2026-10-05T00:12:51.276063Z,KXBTC15M-26OCT042015-15,0.0140,0.01,yes
2026-10-05T00:12:51.279909Z,KXBTC15M-26OCT042015-15,0.0140,39.00,yes
2026-10-05T00:12:51.29797Z,KXBTC15M-26OCT042015-15,0.0140,1.85,yes
2026-10-05T00:12:51.299169Z,KXBTC15M-26OCT042015-15,0.0130,0.01,no
2026-10-05T00:12:51.299169Z,KXBTC15M-26OCT042015-15,0.0120,2.46,no
2026-10-05T00:12:51.299169Z,KXBTC15M-26OCT042015-15,0.0130,0.01,no
2026-10-05T00:12:51.320847Z,KXBTC15M-26OCT042015-15,0.0130,4.98,yes
2026-10-05T00:12:51.320847Z,KXBTC15M-26OCT042015-15,0.0130,0.01,yes
2026-10-05T00:12:51.320847Z,KXBTC15M-26OCT042015-15,0.0130,0.01,yes
2026-10-05T00:12:51.320847Z,KXBTC15M-26OCT042015-15,0.0130,120.00,yes
2026-10-05T00:12:51.325649Z,KXBTC15M-26OCT042015-15,0.0120,0.02,no
2026-10-05T00:12:51.380642Z,KXBTC15M-26OCT042015-15,0.0130,20.98,yes
2026-10-05T00:12:51.380642Z,KXBTC15M-26OCT042015-15,0.0130,9.02,yes
2026-10-05T00:12:51.389585Z,KXBTC15M-26OCT042015-15,0.0130,102.91,yes
2026-10-05T00:12:51.389742Z,KXBTC15M-26OCT042015-15,0.0130,14.84,yes
2026-10-05T00:12:51.394149Z,KXBTC15M-26OCT042015-15,0.0120,5.00,no
2026-10-05T00:12:51.43254Z,KXBTC15M-26OCT042015-15,0.0130,15.60,yes
2026-10-05T00:12:51.456047Z,KXBTC15M-26OCT042015-15,0.0120,50.03,no
2026-10-05T00:12:51.456047Z,KXBTC15M-26OCT042015-15,0.0120,9.52,no
2026-10-05T00:12:51.456047Z,KXBTC15M-26OCT042015-15,0.0120,1.00,no
2026-10-05T00:12:51.456047Z,KXBTC15M-26OCT042015-15,0.0120,0.01,no
2026-10-05T00:12:51.483365Z,KXBTC15M-26OCT042015-15,0.0120,10.00,no
2026-10-05T00:12:51.577039Z,KXBTC15M-26OCT042015-15,0.0130,1.03,yes
2026-10-05T00:12:51.585338Z,KXBTC15M-26OCT042015-15,0.0130,1.00,yes
2026-10-05T00:12:51.586675Z,KXBTC15M-26OCT042015-15,0.0130,68.06,yes
2026-10-05T00:12:51.598328Z,KXBTC15M-26OCT042015-15,0.0130,130.43,yes
2026-10-05T00:12:51.612801Z,KXBTC15M-26OCT042015-15,0.0130,0.30,yes
2026-10-05T00:12:51.623011Z,KXBTC15M-26OCT042015-15,0.0120,12.73,no
2026-10-05T00:12:51.635318Z,KXBTC15M-26OCT042015-15,0.0130,104.78,yes
2026-10-05T00:12:51.666643Z,KXBTC15M-26OCT042015-15,0.0130,24.94,yes
2026-10-05T00:12:51.668608Z,KXBTC15M-26OCT042015-15,0.0130,182.75,yes
2026-10-05T00:12:51.669477Z,KXBTC15M-26OCT042015-15,0.0130,104.93,yes
2026-10-05T00:12:51.683008Z,KXBTC15M-26OCT042015-15,0.0130,17.75,yes
2026-10-05T00:12:51.705792Z,KXBTC15M-26OCT042015-15,0.0130,100.00,yes
2026-10-05T00:12:51.745098Z,KXBTC15M-26OCT042015-15,0.0130,453.00,yes
2026-10-05T00:12:51.745098Z,KXBTC15M-26OCT042015-15,0.0130,224.24,yes
2026-10-05T00:12:51.747439Z,KXBTC15M-26OCT042015-15,0.0130,165.42,yes
2026-10-05T00:12:51.747439Z,KXBTC15M-26OCT042015-15,0.0130,134.58,yes
2026-10-05T00:12:51.753108Z,KXBTC15M-26OCT042015-15,0.0130,31.00,yes
2026-10-05T00:12:51.753108Z,KXBTC15M-26OCT042015-15,0.0130,0.01,yes
2026-10-05T00:12:51.753108Z,KXBTC15M-26OCT042015-15,0.0130,1.00,yes
2026-10-05T00:12:51.753108Z,KXBTC15M-26OCT042015-15,0.0130,0.01,yes
2026-10-05T00:12:51.753108Z,KXBTC15M-26OCT042015-15,0.0130,4.98,yes
2026-10-05T00:12:51.753108Z,KXBTC15M-26OCT042015-15,0.0130,2.00,yes
2026-10-05T00:12:51.772728Z,KXBTC15M-26OCT042015-15,0.0130,118.69,yes
2026-10-05T00:12:51.772728Z,KXBTC15M-26OCT042015-15,0.0130,15.00,yes
2026-10-05T00:12:51.772728Z,KXBTC15M-26OCT042015-15,0.0130,9.02,yes
2026-10-05T00:12:51.796715Z,KXBTC15M-26OCT042015-15,0.0130,15.00,yes
2026-10-05T00:12:51.796715Z,KXBTC15M-26OCT042015-15,0.0130,1.31,yes
2026-10-05T00:12:51.796715Z,KXBTC15M-26OCT042015-15,0.0130,0.01,yes
2026-10-05T00:12:51.796715Z,KXBTC15M-26OCT042015-15,0.0130,4.98,yes
2026-10-05T00:12:51.796715Z,KXBTC15M-26OCT042015-15,0.0130,0.01,yes
2026-10-05T00:12:51.796715Z,KXBTC15M-26OCT042015-15,0.0140,83.76,yes
2026-10-05T00:12:51.796715Z,KXBTC15M-26OCT042015-15,0.0130,9.02,yes
2026-10-05T00:12:51.801767Z,KXBTC15M-26OCT042015-15,0.0130,102.82,no
2026-10-05T00:12:51.801767Z,KXBTC15M-26OCT042015-15,0.0130,150.00,no
2026-10-05T00:12:51.817285Z,KXBTC15M-26OCT042015-15,0.0130,26.02,yes
2026-10-05T00:12:51.817285Z,KXBTC15M-26OCT042015-15,0.0130,14.00,yes
2026-10-05T00:12:51.817285Z,KXBTC15M-26OCT042015-15,0.0130,0.01,yes
2026-10-05T00:12:51.817285Z,KXBTC15M-26OCT042015-15,0.0130,0.01,yes
2026-10-05T00:12:51.817285Z,KXBTC15M-26OCT042015-15,0.0130,15.00,yes
2026-10-05T00:12:51.874464Z,KXBTC15M-26OCT042015-15,0.0130,6.00,yes
2026-10-05T00:12:51.874683Z,KXBTC15M-26OCT042015-15,0.0120,15.00,no
2026-10-05T00:12:51.874683Z,KXBTC15M-26OCT042015-15,0.0120,15.32,no
2026-10-05T00:12:51.874683Z,KXBTC15M-26OCT042015-15,0.0120,0.01,no
2026-10-05T00:12:51.885748Z,KXBTC15M-26OCT042015-15,0.0130,6.00,yes
2026-10-05T00:12:51.886331Z,KXBTC15M-26OCT042015-15,0.0130,6.00,yes
2026-10-05T00:12:51.892137Z,KXBTC15M-26OCT042015-15,0.0130,71.95,yes
2026-10-05T00:12:51.960137Z,KXBTC15M-26OCT042015-15,0.0130,1.00,yes
2026-10-05T00:12:51.960137Z,KXBTC15M-26OCT042015-15,0.0130,71.75,yes
2026-10-05T00:12:51.960137Z,KXBTC15M-26OCT042015-15,0.0130,15.00,yes
2026-10-05T00:12:51.960137Z,KXBTC15M-26OCT042015-15,0.0130,2.00,yes
2026-10-05T00:12:51.960137Z,KXBTC15M-26OCT042015-15,0.0130,2.00,yes
2026-10-05T00:12:51.960137Z,KXBTC15M-26OCT042015-15,0.0130,0.01,yes
2026-10-05T00:12:51.960137Z,KXBTC15M-26OCT042015-15,0.0130,14.00,yes
2026-10-05T00:12:51.960137Z,KXBTC15M-26OCT042015-15,0.0130,0.01,yes
2026-10-05T00:12:51.966352Z,KXBTC15M-26OCT042015-15,0.0130,2.52,yes
2026-10-05T00:12:52.103754Z,KXBTC15M-26OCT042015-15,0.0130,14.00,yes
2026-10-05T00:12:52.103754Z,KXBTC15M-26OCT042015-15,0.0140,86.26,yes
2026-10-05T00:12:52.103754Z,KXBTC15M-26OCT042015-15,0.0130,15.00,yes
2026-10-05T00:12:52.103754Z,KXBTC15M-26OCT042015-15,0.0130,6.00,yes
2026-10-05T00:12:52.121204Z,KXBTC15M-26OCT042015-15,0.0130,3.07,no
2026-10-05T00:12:52.131019Z,KXBTC15M-26OCT042015-15,0.0140,119.44,yes
2026-10-05T00:12:52.146304Z,KXBTC15M-26OCT042015-15,0.0140,66.16,yes
2026-10-05T00:12:52.169389Z,KXBTC15M-26OCT042015-15,0.0130,76.00,no
2026-10-05T00:12:52.211363Z,KXBTC15M-26OCT042015-15,0.0120,0.01,no
2026-10-05T00:12:52.211363Z,KXBTC15M-26OCT042015-15,0.0130,31.00,no
2026-10-05T00:12:52.211363Z,KXBTC15M-26OCT042015-15,0.0120,0.01,no
2026-10-05T00:12:52.211363Z,KXBTC15M-26OCT042015-15,0.0120,15.00,no
2026-10-05T00:12:52.211363Z,KXBTC15M-26OCT042015-15,0.0100,50.00,no
2026-10-05T00:12:52.211363Z,KXBTC15M-26OCT042015-15,0.0080,17.00,no
2026-10-05T00:12:52.211363Z,KXBTC15M-26OCT042015-15,0.0120,15.00,no
2026-10-05T00:12:52.211363Z,KXBTC15M-26OCT042015-15,0.0110,17.00,no
2026-10-05T00:12:52.211363Z,KXBTC15M-26OCT042015-15,0.0120,15.00,no
2026-10-05T00:12:52.211363Z,KXBTC15M-26OCT042015-15,0.0080,20.00,no
2026-10-05T00:12:52.211363Z,KXBTC15M-26OCT042015-15,0.0100,30.00,no
2026-10-05T00:12:52.211363Z,KXBTC15M-26OCT042015-15,0.0130,0.01,no
2026-10-05T00:12:52.211363Z,KXBTC15M-26OCT042015-15,0.0080,1.00,no
2026-10-05T00:12:52.211363Z,KXBTC15M-26OCT042015-15,0.0130,0.01,no
2026-10-05T00:12:52.211363Z,KXBTC15M-26OCT042015-15,0.0120,15.00,no
2026-10-05T00:12:52.211363Z,KXBTC15M-26OCT042015-15,0.0120,218.00,no
2026-10-05T00:12:52.211363Z,KXBTC15M-26OCT042015-15,0.0130,70.93,no
2026-10-05T00:12:52.211363Z,KXBTC15M-26OCT042015-15,0.0130,17.00,no
2026-10-05T00:12:52.211363Z,KXBTC15M-26OCT042015-15,0.0070,91.03,no
2026-10-05T00:12:52.211363Z,KXBTC15M-26OCT042015-15,0.0070,120.00,no
2026-10-05T00:12:52.211363Z,KXBTC15M-26OCT042015-15,0.0070,1280.00,no
2026-10-05T00:12:52.211363Z,KXBTC15M-26OCT042015-15,0.0070,1148.23,no
2026-10-05T00:12:52.214656Z,KXBTC15M-26OCT042015-15,0.0140,52.00,yes
2026-10-05T00:12:52.229325Z,KXBTC15M-26OCT042015-15,0.0130,1.12,yes
2026-10-05T00:12:52.232271Z,KXBTC15M-26OCT042015-15,0.0130,12.09,yes
2026-10-05T00:12:52.232271Z,KXBTC15M-26OCT042015-15,0.0130,0.01,yes
2026-10-05T00:12:52.232271Z,KXBTC15M-26OCT042015-15,0.0130,0.01,yes
2026-10-05T00:12:52.232271Z,KXBTC15M-26OCT042015-15,0.0130,0.88,yes
2026-10-05T00:12:52.232271Z,KXBTC15M-26OCT042015-15,0.0130,120.00,yes
2026-10-05T00:12:52.263335Z,KXBTC15M-26OCT042015-15,0.0120,558.82,yes
2026-10-05T00:12:52.264449Z,KXBTC15M-26OCT042015-15,0.0120,29.17,yes
2026-10-05T00:12:52.306762Z,KXBTC15M-26OCT042015-15,0.0120,143.90,yes
2026-10-05T00:12:52.341098Z,KXBTC15M-26OCT042015-15,0.0120,333.44,yes
2026-10-05T00:12:52.351051Z,KXBTC15M-26OCT042015-15,0.0120,145.09,yes
2026-10-05T00:12:52.351051Z,KXBTC15M-26OCT042015-15,0.0120,214.67,yes
2026-10-05T00:12:52.35131Z,KXBTC15M-26OCT042015-15,0.0120,13.02,yes
2026-10-05T00:12:52.35497Z,KXBTC15M-26OCT042015-15,0.0120,98.55,yes
2026-10-05T00:12:52.375503Z,KXBTC15M-26OCT042015-15,0.0120,157.67,yes
2026-10-05T00:12:52.375503Z,KXBTC15M-26OCT042015-15,0.0120,15.00,yes
2026-10-05T00:12:52.378343Z,KXBTC15M-26OCT042015-15,0.0150,10.00,yes
2026-10-05T00:12:52.378343Z,KXBTC15M-26OCT042015-15,0.0160,10.00,yes
2026-10-05T00:12:52.378343Z,KXBTC15M-26OCT042015-15,0.0200,10.00,yes
2026-10-05T00:12:52.378343Z,KXBTC15M-26OCT042015-15,0.0160,17.00,yes
2026-10-05T00:12:52.378343Z,KXBTC15M-26OCT042015-15,0.0180,500.00,yes
2026-10-05T00:12:52.378343Z,KXBTC15M-26OCT042015-15,0.0200,50.00,yes
2026-10-05T00:12:52.378343Z,KXBTC15M-26OCT042015-15,0.0200,500.00,yes
2026-10-05T00:12:52.378343Z,KXBTC15M-26OCT042015-15,0.0220,5423.88,yes
2026-10-05T00:12:52.378343Z,KXBTC15M-26OCT042015-15,0.0180,500.00,yes
2026-10-05T00:12:52.378343Z,KXBTC15M-26OCT042015-15,0.0140,1051.52,yes
2026-10-05T00:12:52.378343Z,KXBTC15M-26OCT042015-15,0.0210,11.00,yes
2026-10-05T00:12:52.378343Z,KXBTC15M-26OCT042015-15,0.0160,2.00,yes
2026-10-05T00:12:52.378343Z,KXBTC15M-26OCT042015-15,0.0140,2.00,yes
2026-10-05T00:12:52.378343Z,KXBTC15M-26OCT042015-15,0.0140,2.00,yes
2026-10-05T00:12:52.378343Z,KXBTC15M-26OCT042015-15,0.0150,15.00,yes
2026-10-05T00:12:52.378343Z,KXBTC15M-26OCT042015-15,0.0150,2.00,yes
2026-10-05T00:12:52.378343Z,KXBTC15M-26OCT042015-15,0.0170,1.00,yes
2026-10-05T00:12:52.378343Z,KXBTC15M-26OCT042015-15,0.0150,2.00,yes
2026-10-05T00:12:52.378343Z,KXBTC15M-26OCT042015-15,0.0140,1280.00,yes
2026-10-05T00:12:52.378343Z,KXBTC15M-26OCT042015-15,0.0130,200.00,yes
2026-10-05T00:12:52.378343Z,KXBTC15M-26OCT042015-15,0.0130,1000.00,yes
2026-10-05T00:12:52.378343Z,KXBTC15M-26OCT042015-15,0.0120,15.00,yes
2026-10-05T00:12:52.378343Z,KXBTC15M-26OCT042015-15,0.0140,1148.23,yes
2026-10-05T00:12:52.378343Z,KXBTC15M-26OCT042015-15,0.0120,200.00,yes
2026-10-05T00:12:52.378343Z,KXBTC15M-26OCT042015-15,0.0150,64.00,yes
2026-10-05T00:12:52.378343Z,KXBTC15M-26OCT042015-15,0.0140,15.00,yes
2026-10-05T00:12:52.378343Z,KXBTC15M-26OCT042015-15,0.0120,1.00,yes
2026-10-05T00:12:52.378343Z,KXBTC15M-26OCT042015-15,0.0120,0.01,yes
2026-10-05T00:12:52.378343Z,KXBTC15M-26OCT042015-15,0.0120,28.00,yes
2026-10-05T00:12:52.378343Z,KXBTC15M-26OCT042015-15,0.0180,15.00,yes
2026-10-05T00:12:52.378343Z,KXBTC15M-26OCT042015-15,0.0180,15.00,yes
2026-10-05T00:12:52.378343Z,KXBTC15M-26OCT042015-15,0.0120,246.33,yes
2026-10-05T00:12:52.378343Z,KXBTC15M-26OCT042015-15,0.0120,0.01,yes
2026-10-05T00:12:52.378343Z,KXBTC15M-26OCT042015-15,0.0150,64.00,yes
2026-10-05T00:12:52.378343Z,KXBTC15M-26OCT042015-15,0.0140,91.03,yes
2026-10-05T00:12:52.378343Z,KXBTC15M-26OCT042015-15,0.0160,2.00,yes
2026-10-05T00:12:52.378343Z,KXBTC15M-26OCT042015-15,0.0160,199.02,yes
2026-10-05T00:12:52.394195Z,KXBTC15M-26OCT042015-15,0.0170,1.56,yes
2026-10-05T00:12:52.410246Z,KXBTC15M-26OCT042015-15,0.0150,144.61,no
2026-10-05T00:12:52.429334Z,KXBTC15M-26OCT042015-15,0.0180,319.53,yes
2026-10-05T00:12:52.446461Z,KXBTC15M-26OCT042015-15,0.0180,500.00,yes
2026-10-05T00:12:52.446461Z,KXBTC15M-26OCT042015-15,0.0180,54.32,yes
2026-10-05T00:12:52.446461Z,KXBTC15M-26OCT042015-15,0.0180,400.00,yes
2026-10-05T00:12:52.446461Z,KXBTC15M-26OCT042015-15,0.0160,15.00,yes
2026-10-05T00:12:52.446461Z,KXBTC15M-26OCT042015-15,0.0180,148.47,yes
2026-10-05T00:12:52.478489Z,KXBTC15M-26OCT042015-15,0.0160,15.00,yes
2026-10-05T00:12:52.478489Z,KXBTC15M-26OCT042015-15,0.0180,9.01,yes
2026-10-05T00:12:52.508014Z,KXBTC15M-26OCT042015-15,0.0160,9.01,yes
2026-10-05T00:12:52.510046Z,KXBTC15M-26OCT042015-15,0.0160,7.99,yes
2026-10-05T00:12:52.510046Z,KXBTC15M-26OCT042015-15,0.0160,27.01,yes
2026-10-05T00:12:52.510046Z,KXBTC15M-26OCT042015-15,0.0160,15.00,yes
2026-10-05T00:12:52.54821Z,KXBTC15M-26OCT042015-15,0.0160,6.00,yes
2026-10-05T00:12:52.606967Z,KXBTC15M-26OCT042015-15,0.0160,45.00,yes
2026-10-05T00:12:52.606967Z,KXBTC15M-26OCT042015-15,0.0160,46.00,yes
2026-10-05T00:12:52.606967Z,KXBTC15M-26OCT042015-15,0.0160,9.00,yes
2026-10-05T00:12:52.632492Z,KXBTC15M-26OCT042015-15,0.0160,10.00,yes
2026-10-05T00:12:52.697838Z,KXBTC15M-26OCT042015-15,0.0150,202.36,no
2026-10-05T00:12:52.706458Z,KXBTC15M-26OCT042015-15,0.0150,19.78,no
2026-10-05T00:12:52.728684Z,KXBTC15M-26OCT042015-15,0.0150,43.08,no
2026-10-05T00:12:52.775456Z,KXBTC15M-26OCT042015-15,0.0160,0.82,yes
2026-10-05T00:12:52.830381Z,KXBTC15M-26OCT042015-15,0.0150,1.00,no
2026-10-05T00:12:52.830381Z,KXBTC15M-26OCT042015-15,0.0150,0.01,no
2026-10-05T00:12:52.830381Z,KXBTC15M-26OCT042015-15,0.0150,0.01,no
2026-10-05T00:12:52.830381Z,KXBTC15M-26OCT042015-15,0.0150,85.95,no
2026-10-05T00:12:52.830381Z,KXBTC15M-26OCT042015-15,0.0150,90.17,no
2026-10-05T00:12:52.830381Z,KXBTC15M-26OCT042015-15,0.0150,15.00,no
2026-10-05T00:12:52.841357Z,KXBTC15M-26OCT042015-15,0.0150,1.01,no
2026-10-05T00:12:52.873895Z,KXBTC15M-26OCT042015-15,0.0150,15.00,no
2026-10-05T00:12:52.873895Z,KXBTC15M-26OCT042015-15,0.0140,148.45,no
2026-10-05T00:12:52.873895Z,KXBTC15M-26OCT042015-15,0.0150,15.00,no
2026-10-05T00:12:52.873895Z,KXBTC15M-26OCT042015-15,0.0150,1.00,no
2026-10-05T00:12:52.873895Z,KXBTC15M-26OCT042015-15,0.0150,15.00,no
2026-10-05T00:12:52.873895Z,KXBTC15M-26OCT042015-15,0.0150,0.01,no
2026-10-05T00:12:52.873895Z,KXBTC15M-26OCT042015-15,0.0150,0.01,no
2026-10-05T00:12:52.873895Z,KXBTC15M-26OCT042015-15,0.0150,113.04,no
2026-10-05T00:12:52.873895Z,KXBTC15M-26OCT042015-15,0.0150,500.00,no
2026-10-05T00:12:52.889602Z,KXBTC15M-26OCT042015-15,0.0160,4.18,yes
2026-10-05T00:12:52.889602Z,KXBTC15M-26OCT042015-15,0.0160,257.54,yes
2026-10-05T00:12:52.912342Z,KXBTC15M-26OCT042015-15,0.0140,80.98,no
2026-10-05T00:12:52.912342Z,KXBTC15M-26OCT042015-15,0.0150,15.00,no
2026-10-05T00:12:52.912342Z,KXBTC15M-26OCT042015-15,0.0150,0.01,no
2026-10-05T00:12:52.912342Z,KXBTC15M-26OCT042015-15,0.0150,0.01,no
2026-10-05T00:12:52.922248Z,KXBTC15M-26OCT042015-15,0.0160,131.31,yes
2026-10-05T00:12:52.949625Z,KXBTC15M-26OCT042015-15,0.0160,32.79,yes
2026-10-05T00:12:52.949625Z,KXBTC15M-26OCT042015-15,0.0160,11.15,yes
2026-10-05T00:12:52.962321Z,KXBTC15M-26OCT042015-15,0.0140,13.00,no
2026-10-05T00:12:52.962321Z,KXBTC15M-26OCT042015-15,0.0150,0.01,no
2026-10-05T00:12:52.962321Z,KXBTC15M-26OCT042015-15,0.0150,0.01,no
2026-10-05T00:12:52.962321Z,KXBTC15M-26OCT042015-15,0.0140,261.00,no
2026-10-05T00:12:52.962321Z,KXBTC15M-26OCT042015-15,0.0140,200.00,no
2026-10-05T00:12:52.962321Z,KXBTC15M-26OCT042015-15,0.0140,0.01,no
2026-10-05T00:12:52.962321Z,KXBTC15M-26OCT042015-15,0.0140,0.01,no
2026-10-05T00:12:52.962321Z,KXBTC15M-26OCT042015-15,0.0140,379.57,no
2026-10-05T00:12:52.962321Z,KXBTC15M-26OCT042015-15,0.0140,225.70,no
2026-10-05T00:12:52.962321Z,KXBTC15M-26OCT042015-15,0.0140,15.00,no
2026-10-05T00:12:52.963135Z,KXBTC15M-26OCT042015-15,0.0160,58.47,yes
2026-10-05T00:12:53.009852Z,KXBTC15M-26OCT042015-15,0.0140,278.26,no
2026-10-05T00:12:53.009852Z,KXBTC15M-26OCT042015-15,0.0150,0.01,no
2026-10-05T00:12:53.009852Z,KXBTC15M-26OCT042015-15,0.0150,0.01,no
2026-10-05T00:12:53.017649Z,KXBTC15M-26OCT042015-15,0.0160,292.36,yes
2026-10-05T00:12:53.143473Z,KXBTC15M-26OCT042015-15,0.0130,0.50,no
2026-10-05T00:12:53.143473Z,KXBTC15M-26OCT042015-15,0.0140,25.74,no
2026-10-05T00:12:53.143473Z,KXBTC15M-26OCT042015-15,0.0150,0.01,no
2026-10-05T00:12:53.143473Z,KXBTC15M-26OCT042015-15,0.0150,0.01,no
2026-10-05T00:12:53.198092Z,KXBTC15M-26OCT042015-15,0.0150,13.00,yes
2026-10-05T00:12:53.198092Z,KXBTC15M-26OCT042015-15,0.0160,45.00,yes
2026-10-05T00:12:53.198092Z,KXBTC15M-26OCT042015-15,0.0160,1.00,yes
2026-10-05T00:12:53.198092Z,KXBTC15M-26OCT042015-15,0.0160,200.00,yes
2026-10-05T00:12:53.198092Z,KXBTC15M-26OCT042015-15,0.0160,42.69,yes
2026-10-05T00:12:53.198092Z,KXBTC15M-26OCT042015-15,0.0160,0.01,yes
2026-10-05T00:12:53.198092Z,KXBTC15M-26OCT042015-15,0.0160,0.01,yes
2026-10-05T00:12:53.198092Z,KXBTC15M-26OCT042015-15,0.0150,15.00,yes
2026-10-05T00:12:53.198092Z,KXBTC15M-26OCT042015-15,0.0150,15.00,yes
2026-10-05T00:12:53.198092Z,KXBTC15M-26OCT042015-15,0.0150,0.01,yes
2026-10-05T00:12:53.198092Z,KXBTC15M-26OCT042015-15,0.0150,0.01,yes
2026-10-05T00:12:53.198092Z,KXBTC15M-26OCT042015-15,0.0150,200.00,yes
2026-10-05T00:12:53.198092Z,KXBTC15M-26OCT042015-15,0.0150,45.00,yes
2026-10-05T00:12:53.266818Z,KXBTC15M-26OCT042015-15,0.0140,383.95,no
2026-10-05T00:12:53.266818Z,KXBTC15M-26OCT042015-15,0.0140,0.01,no
2026-10-05T00:12:53.266818Z,KXBTC15M-26OCT042015-15,0.0140,15.00,no
2026-10-05T00:12:53.266818Z,KXBTC15M-26OCT042015-15,0.0140,0.01,no
2026-10-05T00:12:53.266818Z,KXBTC15M-26OCT042015-15,0.0140,15.00,no
2026-10-05T00:12:53.296123Z,KXBTC15M-26OCT042015-15,0.0160,28.45,yes
2026-10-05T00:12:53.296123Z,KXBTC15M-26OCT042015-15,0.0150,0.01,yes
2026-10-05T00:12:53.296123Z,KXBTC15M-26OCT042015-15,0.0150,0.01,yes
2026-10-05T00:12:53.296123Z,KXBTC15M-26OCT042015-15,0.0150,15.00,yes
2026-10-05T00:12:53.296123Z,KXBTC15M-26OCT042015-15,0.0150,2.00,yes
2026-10-05T00:12:53.296123Z,KXBTC15M-26OCT042015-15,0.0150,13.00,yes
2026-10-05T00:12:53.339658Z,KXBTC15M-26OCT042015-15,0.0140,37.61,no
2026-10-05T00:12:53.339658Z,KXBTC15M-26OCT042015-15,0.0140,0.01,no
2026-10-05T00:12:53.339658Z,KXBTC15M-26OCT042015-15,0.0140,15.00,no
2026-10-05T00:12:53.339658Z,KXBTC15M-26OCT042015-15,0.0140,0.01,no
2026-10-05T00:12:53.382052Z,KXBTC15M-26OCT042015-15,0.0150,249.34,yes
2026-10-05T00:12:53.382052Z,KXBTC15M-26OCT042015-15,0.0150,15.00,yes
2026-10-05T00:12:53.382052Z,KXBTC15M-26OCT042015-15,0.0150,15.00,yes
2026-10-05T00:12:53.382052Z,KXBTC15M-26OCT042015-15,0.0150,13.00,yes
2026-10-05T00:12:53.382052Z,KXBTC15M-26OCT042015-15,0.0150,0.01,yes
2026-10-05T00:12:53.382052Z,KXBTC15M-26OCT042015-15,0.0150,0.01,yes
2026-10-05T00:12:53.393126Z,KXBTC15M-26OCT042015-15,0.0150,4.00,yes
2026-10-05T00:12:53.41692Z,KXBTC15M-26OCT042015-15,0.0140,60.79,no
2026-10-05T00:12:53.419355Z,KXBTC15M-26OCT042015-15,0.0150,11.69,yes
2026-10-05T00:12:53.427029Z,KXBTC15M-26OCT042015-15,0.0140,7.09,no
2026-10-05T00:12:53.464498Z,KXBTC15M-26OCT042015-15,0.0140,150.00,no
2026-10-05T00:12:53.470132Z,KXBTC15M-26OCT042015-15,0.0150,10.69,yes
2026-10-05T00:12:53.470132Z,KXBTC15M-26OCT042015-15,0.0150,0.01,yes
2026-10-05T00:12:53.470132Z,KXBTC15M-26OCT042015-15,0.0150,0.01,yes
2026-10-05T00:12:53.501062Z,KXBTC15M-26OCT042015-15,0.0140,200.00,no
2026-10-05T00:12:53.511749Z,KXBTC15M-26OCT042015-15,0.0160,43.14,yes
2026-10-05T00:12:53.511749Z,KXBTC15M-26OCT042015-15,0.0150,0.01,yes
2026-10-05T00:12:53.511749Z,KXBTC15M-26OCT042015-15,0.0150,0.01,yes
2026-10-05T00:12:53.511749Z,KXBTC15M-26OCT042015-15,0.0150,4.31,yes
2026-10-05T00:12:53.516805Z,KXBTC15M-26OCT042015-15,0.0160,137.72,yes
2026-10-05T00:12:53.516805Z,KXBTC15M-26OCT042015-15,0.0160,97.30,yes
2026-10-05T00:12:53.516805Z,KXBTC15M-26OCT042015-15,0.0160,4.00,yes
2026-10-05T00:12:53.516805Z,KXBTC15M-26OCT042015-15,0.0160,45.00,yes
2026-10-05T00:12:53.621298Z,KXBTC15M-26OCT042015-15,0.0140,4.51,no
2026-10-05T00:12:53.63985Z,KXBTC15M-26OCT042015-15,0.0150,0.01,yes
2026-10-05T00:12:53.63985Z,KXBTC15M-26OCT042015-15,0.0150,15.00,yes
2026-10-05T00:12:53.63985Z,KXBTC15M-26OCT042015-15,0.0160,3.00,yes
2026-10-05T00:12:53.63985Z,KXBTC15M-26OCT042015-15,0.0160,40.19,yes
2026-10-05T00:12:53.63985Z,KXBTC15M-26OCT042015-15,0.0150,0.01,yes
2026-10-05T00:12:53.655537Z,KXBTC15M-26OCT042015-15,0.0160,145.15,yes
2026-10-05T00:12:53.655537Z,KXBTC15M-26OCT042015-15,0.0160,1.00,yes
2026-10-05T00:12:53.655537Z,KXBTC15M-26OCT042015-15,0.0150,0.01,yes
2026-10-05T00:12:53.655537Z,KXBTC15M-26OCT042015-15,0.0160,0.01,yes
2026-10-05T00:12:53.655537Z,KXBTC15M-26OCT042015-15,0.0150,0.01,yes
2026-10-05T00:12:53.656923Z,KXBTC15M-26OCT042015-15,0.0170,18.00,yes
2026-10-05T00:12:53.656923Z,KXBTC15M-26OCT042015-15,0.0170,4.57,yes
2026-10-05T00:12:53.656923Z,KXBTC15M-26OCT042015-15,0.0190,0.58,yes
2026-10-05T00:12:53.656923Z,KXBTC15M-26OCT042015-15,0.0180,12.00,yes
2026-10-05T00:12:53.656923Z,KXBTC15M-26OCT042015-15,0.0180,2.00,yes
2026-10-05T00:12:53.656923Z,KXBTC15M-26OCT042015-15,0.0170,15.00,yes
2026-10-05T00:12:53.670431Z,KXBTC15M-26OCT042015-15,0.0180,1.00,yes
2026-10-05T00:12:53.670431Z,KXBTC15M-26OCT042015-15,0.0160,0.01,yes
2026-10-05T00:12:53.670431Z,KXBTC15M-26OCT042015-15,0.0150,15.00,yes
2026-10-05T00:12:53.670431Z,KXBTC15M-26OCT042015-15,0.0180,21.86,yes
2026-10-05T00:12:53.69563Z,KXBTC15M-26OCT042015-15,0.0160,342.00,no
2026-10-05T00:12:53.701237Z,KXBTC15M-26OCT042015-15,0.0160,44.83,no
2026-10-05T00:12:53.701237Z,KXBTC15M-26OCT042015-15,0.0160,158.00,no
2026-10-05T00:12:53.72188Z,KXBTC15M-26OCT042015-15,0.0170,18.28,no
2026-10-05T00:12:53.766642Z,KXBTC15M-26OCT042015-15,0.0170,2.23,no
2026-10-05T00:12:53.89277Z,KXBTC15M-26OCT042015-15,0.0180,185.21,yes
2026-10-05T00:12:53.899462Z,KXBTC15M-26OCT042015-15,0.0170,2.02,no
2026-10-05T00:12:53.984877Z,KXBTC15M-26OCT042015-15,0.0170,202.64,no
2026-10-05T00:12:54.020216Z,KXBTC15M-26OCT042015-15,0.0170,80.00,no
2026-10-05T00:12:54.022222Z,KXBTC15M-26OCT042015-15,0.0170,78.00,no
2026-10-05T00:12:54.072072Z,KXBTC15M-26OCT042015-15,0.0180,15.00,yes
2026-10-05T00:12:54.072072Z,KXBTC15M-26OCT042015-15,0.0180,25.00,yes
2026-10-05T00:12:54.072072Z,KXBTC15M-26OCT042015-15,0.0180,91.31,yes
2026-10-05T00:12:54.091003Z,KXBTC15M-26OCT042015-15,0.0180,49.95,yes
2026-10-05T00:12:54.103415Z,KXBTC15M-26OCT042015-15,0.0180,103.43,yes
2026-10-05T00:12:54.148099Z,KXBTC15M-26OCT042015-15,0.0170,101.51,no
2026-10-05T00:12:54.201497Z,KXBTC15M-26OCT042015-15,0.0170,101.60,no
2026-10-05T00:12:54.211161Z,KXBTC15M-26OCT042015-15,0.0180,60.09,yes
2026-10-05T00:12:54.211161Z,KXBTC15M-26OCT042015-15,0.0180,1.00,yes
2026-10-05T00:12:54.211161Z,KXBTC15M-26OCT042015-15,0.0180,155.31,yes
2026-10-05T00:12:54.241996Z,KXBTC15M-26OCT042015-15,0.0170,300.00,no
2026-10-05T00:12:54.243103Z,KXBTC15M-26OCT042015-15,0.0170,28.38,no
2026-10-05T00:12:54.308627Z,KXBTC15M-26OCT042015-15,0.0180,18.00,yes
2026-10-05T00:12:54.308627Z,KXBTC15M-26OCT042015-15,0.0180,70.96,yes
2026-10-05T00:12:54.308627Z,KXBTC15M-26OCT042015-15,0.0180,15.00,yes
2026-10-05T00:12:54.323261Z,KXBTC15M-26OCT042015-15,0.0180,129.04,yes
2026-10-05T00:12:54.323261Z,KXBTC15M-26OCT042015-15,0.0180,26.90,yes
2026-10-05T00:12:54.327083Z,KXBTC15M-26OCT042015-15,0.0180,40.86,yes
2026-10-05T00:12:54.435164Z,KXBTC15M-26OCT042015-15,0.0170,15.00,no
2026-10-05T00:12:54.435164Z,KXBTC15M-26OCT042015-15,0.0160,62.14,no
2026-10-05T00:12:54.435164Z,KXBTC15M-26OCT042015-15,0.0170,200.00,no
2026-10-05T00:12:54.435164Z,KXBTC15M-26OCT042015-15,0.0160,229.00,no
2026-10-05T00:12:54.435164Z,KXBTC15M-26OCT042015-15,0.0160,200.00,no
2026-10-05T00:12:54.435164Z,KXBTC15M-26OCT042015-15,0.0170,500.00,no
2026-10-05T00:12:54.435164Z,KXBTC15M-26OCT042015-15,0.0160,106.00,no
2026-10-05T00:12:54.435164Z,KXBTC15M-26OCT042015-15,0.0150,15.00,no
2026-10-05T00:12:54.435164Z,KXBTC15M-26OCT042015-15,0.0170,800.00,no
2026-10-05T00:12:54.435164Z,KXBTC15M-26OCT042015-15,0.0170,0.01,no
2026-10-05T00:12:54.435164Z,KXBTC15M-26OCT042015-15,0.0170,1.00,no
2026-10-05T00:12:54.435164Z,KXBTC15M-26OCT042015-15,0.0170,0.01,no
2026-10-05T00:12:54.435164Z,KXBTC15M-26OCT042015-15,0.0170,215.00,no
2026-10-05T00:12:54.435164Z,KXBTC15M-26OCT042015-15,0.0170,15.00,no
2026-10-05T00:12:54.44615Z,KXBTC15M-26OCT042015-15,0.0150,51.98,yes
2026-10-05T00:12:54.467707Z,KXBTC15M-26OCT042015-15,0.0140,1.01,no
2026-10-05T00:12:54.547587Z,KXBTC15M-26OCT042015-15,0.0150,10.39,yes
2026-10-05T00:12:54.564176Z,KXBTC15M-26OCT042015-15,0.0150,51.98,yes
2026-10-05T00:12:54.572495Z,KXBTC15M-26OCT042015-15,0.0140,12.30,no
2026-10-05T00:12:54.572495Z,KXBTC15M-26OCT042015-15,0.0140,15.00,no
2026-10-05T00:12:54.572495Z,KXBTC15M-26OCT042015-15,0.0140,15.00,no
2026-10-05T00:12:54.572495Z,KXBTC15M-26OCT042015-15,0.0140,13.99,no
2026-10-05T00:12:54.572495Z,KXBTC15M-26OCT042015-15,0.0140,15.00,no
2026-10-05T00:12:54.572495Z,KXBTC15M-26OCT042015-15,0.0140,78.72,no
2026-10-05T00:12:54.572495Z,KXBTC15M-26OCT042015-15,0.0140,15.00,no
2026-10-05T00:12:54.578179Z,KXBTC15M-26OCT042015-15,0.0150,57.90,yes
2026-10-05T00:12:54.621984Z,KXBTC15M-26OCT042015-15,0.0150,28.28,yes
2026-10-05T00:12:54.654551Z,KXBTC15M-26OCT042015-15,0.0150,1.00,yes
2026-10-05T00:12:54.654551Z,KXBTC15M-26OCT042015-15,0.0150,15.00,yes
2026-10-05T00:12:54.654551Z,KXBTC15M-26OCT042015-15,0.0160,1000.00,yes
2026-10-05T00:12:54.654551Z,KXBTC15M-26OCT042015-15,0.0160,200.00,yes
2026-10-05T00:12:54.654551Z,KXBTC15M-26OCT042015-15,0.0150,200.00,yes
2026-10-05T00:12:54.654551Z,KXBTC15M-26OCT042015-15,0.0160,2500.00,yes
2026-10-05T00:12:54.654551Z,KXBTC15M-26OCT042015-15,0.0150,400.00,yes
2026-10-05T00:12:54.654551Z,KXBTC15M-26OCT042015-15,0.0150,441.31,yes
2026-10-05T00:12:54.654551Z,KXBTC15M-26OCT042015-15,0.0150,13.00,yes
2026-10-05T00:12:54.654551Z,KXBTC15M-26OCT042015-15,0.0150,0.01,yes
2026-10-05T00:12:54.654551Z,KXBTC15M-26OCT042015-15,0.0150,0.01,yes
2026-10-05T00:12:54.654551Z,KXBTC15M-26OCT042015-15,0.0150,500.00,yes
2026-10-05T00:12:54.664706Z,KXBTC15M-26OCT042015-15,0.0170,0.52,yes
2026-10-05T00:12:54.691744Z,KXBTC15M-26OCT042015-15,0.0150,14.70,yes
2026-10-05T00:12:54.691744Z,KXBTC15M-26OCT042015-15,0.0150,15.00,yes
2026-10-05T00:12:54.691744Z,KXBTC15M-26OCT042015-15,0.0150,15.00,yes
2026-10-05T00:12:54.698319Z,KXBTC15M-26OCT042015-15,0.0140,16.68,no
2026-10-05T00:12:54.698319Z,KXBTC15M-26OCT042015-15,0.0140,1.02,no
2026-10-05T00:12:54.71243Z,KXBTC15M-26OCT042015-15,0.0160,48.41,yes
2026-10-05T00:12:54.71243Z,KXBTC15M-26OCT042015-15,0.0150,15.00,yes
2026-10-05T00:12:54.712602Z,KXBTC15M-26OCT042015-15,0.0140,25.00,no
2026-10-05T00:12:54.731089Z,KXBTC15M-26OCT042015-15,0.0140,1.01,no
2026-10-05T00:12:54.769236Z,KXBTC15M-26OCT042015-15,0.0150,0.58,yes
2026-10-05T00:12:54.777622Z,KXBTC15M-26OCT042015-15,0.0150,14.42,yes
2026-10-05T00:12:54.777622Z,KXBTC15M-26OCT042015-15,0.0150,277.94,yes
2026-10-05T00:12:54.80145Z,KXBTC15M-26OCT042015-15,0.0140,6.35,no
2026-10-05T00:12:54.805568Z,KXBTC15M-26OCT042015-15,0.0140,0.01,no
2026-10-05T00:12:54.805568Z,KXBTC15M-26OCT042015-15,0.0140,1.00,no
2026-10-05T00:12:54.805568Z,KXBTC15M-26OCT042015-15,0.0140,246.34,no
2026-10-05T00:12:54.805568Z,KXBTC15M-26OCT042015-15,0.0140,0.01,no
2026-10-05T00:12:54.805568Z,KXBTC15M-26OCT042015-15,0.0140,239.76,no
2026-10-05T00:12:54.854627Z,KXBTC15M-26OCT042015-15,0.0150,388.00,yes
2026-10-05T00:12:54.854627Z,KXBTC15M-26OCT042015-15,0.0150,122.06,yes
2026-10-05T00:12:54.854627Z,KXBTC15M-26OCT042015-15,0.0150,0.55,yes
2026-10-05T00:12:54.854627Z,KXBTC15M-26OCT042015-15,0.0150,1.00,yes
2026-10-05T00:12:54.858752Z,KXBTC15M-26OCT042015-15,0.0160,14.29,yes
2026-10-05T00:12:54.858752Z,KXBTC15M-26OCT042015-15,0.0150,14.45,yes
2026-10-05T00:12:54.858752Z,KXBTC15M-26OCT042015-15,0.0150,0.01,yes
2026-10-05T00:12:54.858752Z,KXBTC15M-26OCT042015-15,0.0150,0.01,yes
2026-10-05T00:12:54.858752Z,KXBTC15M-26OCT042015-15,0.0150,231.15,yes
2026-10-05T00:12:54.894355Z,KXBTC15M-26OCT042015-15,0.0160,103.96,yes
2026-10-05T00:12:54.895276Z,KXBTC15M-26OCT042015-15,0.0160,200.00,yes
2026-10-05T00:12:54.91706Z,KXBTC15M-26OCT042015-15,0.0160,51.98,yes
2026-10-05T00:12:54.922908Z,KXBTC15M-26OCT042015-15,0.0150,5.09,no
2026-10-05T00:12:54.971057Z,KXBTC15M-26OCT042015-15,0.0150,69.02,no
2026-10-05T00:12:55.014829Z,KXBTC15M-26OCT042015-15,0.0150,9.99,no
2026-10-05T00:12:55.088642Z,KXBTC15M-26OCT042015-15,0.0160,51.98,yes
2026-10-05T00:12:55.09358Z,KXBTC15M-26OCT042015-15,0.0160,72.09,yes
2026-10-05T00:12:55.155617Z,KXBTC15M-26OCT042015-15,0.0150,249.00,no
2026-10-05T00:12:55.155617Z,KXBTC15M-26OCT042015-15,0.0140,15.00,no
2026-10-05T00:12:55.155617Z,KXBTC15M-26OCT042015-15,0.0140,200.00,no
2026-10-05T00:12:55.155617Z,KXBTC15M-26OCT042015-15,0.0140,15.00,no
2026-10-05T00:12:55.155617Z,KXBTC15M-26OCT042015-15,0.0140,58.92,no
2026-10-05T00:12:55.155617Z,KXBTC15M-26OCT042015-15,0.0140,253.66,no
2026-10-05T00:12:55.155617Z,KXBTC15M-26OCT042015-15,0.0150,1.00,no
2026-10-05T00:12:55.155617Z,KXBTC15M-26OCT042015-15,0.0150,0.01,no
2026-10-05T00:12:55.155617Z,KXBTC15M-26OCT042015-15,0.0140,15.00,no
2026-10-05T00:12:55.155617Z,KXBTC15M-26OCT042015-15,0.0140,15.00,no
2026-10-05T00:12:55.155617Z,KXBTC15M-26OCT042015-15,0.0140,15.00,no
2026-10-05T00:12:55.155617Z,KXBTC15M-26OCT042015-15,0.0140,15.00,no
2026-10-05T00:12:55.155617Z,KXBTC15M-26OCT042015-15,0.0150,159.90,no
2026-10-05T00:12:55.155617Z,KXBTC15M-26OCT042015-15,0.0150,0.01,no
2026-10-05T00:12:55.229771Z,KXBTC15M-26OCT042015-15,0.0140,1.00,no
2026-10-05T00:12:55.229771Z,KXBTC15M-26OCT042015-15,0.0140,0.01,no
2026-10-05T00:12:55.229771Z,KXBTC15M-26OCT042015-15,0.0150,0.01,no
2026-10-05T00:12:55.229771Z,KXBTC15M-26OCT042015-15,0.0150,0.01,no
2026-10-05T00:12:55.229771Z,KXBTC15M-26OCT042015-15,0.0140,901.00,no
2026-10-05T00:12:55.229771Z,KXBTC15M-26OCT042015-15,0.0130,90.90,no
2026-10-05T00:12:55.266237Z,KXBTC15M-26OCT042015-15,0.0150,362.00,yes
2026-10-05T00:12:55.266237Z,KXBTC15M-26OCT042015-15,0.0150,13.00,yes
2026-10-05T00:12:55.266237Z,KXBTC15M-26OCT042015-15,0.0150,15.00,yes
2026-10-05T00:12:55.266237Z,KXBTC15M-26OCT042015-15,0.0150,0.01,yes
2026-10-05T00:12:55.266237Z,KXBTC15M-26OCT042015-15,0.0150,0.01,yes
2026-10-05T00:12:55.275713Z,KXBTC15M-26OCT042015-15,0.0130,500.00,no
2026-10-05T00:12:55.275713Z,KXBTC15M-26OCT042015-15,0.0130,282.00,no
2026-10-05T00:12:55.275713Z,KXBTC15M-26OCT042015-15,0.0130,1.00,no
2026-10-05T00:12:55.275713Z,KXBTC15M-26OCT042015-15,0.0140,15.00,no
2026-10-05T00:12:55.275713Z,KXBTC15M-26OCT042015-15,0.0130,0.01,no
2026-10-05T00:12:55.275713Z,KXBTC15M-26OCT042015-15,0.0130,200.00,no
2026-10-05T00:12:55.275713Z,KXBTC15M-26OCT042015-15,0.0130,0.01,no
2026-10-05T00:12:55.275713Z,KXBTC15M-26OCT042015-15,0.0140,13.00,no
2026-10-05T00:12:55.275713Z,KXBTC15M-26OCT042015-15,0.0140,0.01,no
2026-10-05T00:12:55.275713Z,KXBTC15M-26OCT042015-15,0.0130,450.00,no
2026-10-05T00:12:55.275713Z,KXBTC15M-26OCT042015-15,0.0140,0.01,no
2026-10-05T00:12:55.275713Z,KXBTC15M-26OCT042015-15,0.0130,409.10,no
2026-10-05T00:12:55.305297Z,KXBTC15M-26OCT042015-15,0.0140,24.74,no
2026-10-05T00:12:55.305297Z,KXBTC15M-26OCT042015-15,0.0140,15.00,no
2026-10-05T00:12:55.313952Z,KXBTC15M-26OCT042015-15,0.0140,31.10,no
2026-10-05T00:12:55.318667Z,KXBTC15M-26OCT042015-15,0.0150,25.99,yes
2026-10-05T00:12:55.336771Z,KXBTC15M-26OCT042015-15,0.0150,112.01,yes
2026-10-05T00:12:55.336771Z,KXBTC15M-26OCT042015-15,0.0150,15.00,yes
2026-10-05T00:12:55.336771Z,KXBTC15M-26OCT042015-15,0.0150,0.01,yes
2026-10-05T00:12:55.336771Z,KXBTC15M-26OCT042015-15,0.0150,221.98,yes
2026-10-05T00:12:55.336771Z,KXBTC15M-26OCT042015-15,0.0150,13.00,yes
2026-10-05T00:12:55.339509Z,KXBTC15M-26OCT042015-15,0.0150,5.19,yes
2026-10-05T00:12:55.348705Z,KXBTC15M-26OCT042015-15,0.0150,12.46,yes
2026-10-05T00:12:55.356808Z,KXBTC15M-26OCT042015-15,0.0150,3.57,yes
2026-10-05T00:12:55.364167Z,KXBTC15M-26OCT042015-15,0.0150,3.29,yes
2026-10-05T00:12:55.416246Z,KXBTC15M-26OCT042015-15,0.0150,5.84,yes
2026-10-05T00:12:55.424466Z,KXBTC15M-26OCT042015-15,0.0140,5.17,no
2026-10-05T00:12:55.431464Z,KXBTC15M-26OCT042015-15,0.0140,219.32,no
2026-10-05T00:12:55.431464Z,KXBTC15M-26OCT042015-15,0.0140,200.00,no
2026-10-05T00:12:55.431464Z,KXBTC15M-26OCT042015-15,0.0140,0.01,no
2026-10-05T00:12:55.431464Z,KXBTC15M-26OCT042015-15,0.0130,77.34,no
2026-10-05T00:12:55.431464Z,KXBTC15M-26OCT042015-15,0.0140,0.01,no
2026-10-05T00:12:55.43947Z,KXBTC15M-26OCT042015-15,0.0140,29.23,yes
2026-10-05T00:12:55.453691Z,KXBTC15M-26OCT042015-15,0.0070,343.54,no
2026-10-05T00:12:55.453691Z,KXBTC15M-26OCT042015-15,0.0070,131.77,no
2026-10-05T00:12:55.453691Z,KXBTC15M-26OCT042015-15,0.0130,800.00,no
2026-10-05T00:12:55.453691Z,KXBTC15M-26OCT042015-15,0.0100,30.00,no
2026-10-05T00:12:55.453691Z,KXBTC15M-26OCT042015-15,0.0100,50.00,no
2026-10-05T00:12:55.453691Z,KXBTC15M-26OCT042015-15,0.0090,1.00,no
2026-10-05T00:12:55.453691Z,KXBTC15M-26OCT042015-15,0.0100,64.00,no
2026-10-05T00:12:55.453691Z,KXBTC15M-26OCT042015-15,0.0130,500.00,no
2026-10-05T00:12:55.453691Z,KXBTC15M-26OCT042015-15,0.0130,0.01,no
2026-10-05T00:12:55.453691Z,KXBTC15M-26OCT042015-15,0.0080,17.00,no
2026-10-05T00:12:55.453691Z,KXBTC15M-26OCT042015-15,0.0130,0.01,no
2026-10-05T00:12:55.453691Z,KXBTC15M-26OCT042015-15,0.0100,1.02,no
2026-10-05T00:12:55.453691Z,KXBTC15M-26OCT042015-15,0.0100,1.06,no
2026-10-05T00:12:55.453691Z,KXBTC15M-26OCT042015-15,0.0130,72.66,no
2026-10-05T00:12:55.453691Z,KXBTC15M-26OCT042015-15,0.0130,225.00,no
2026-10-05T00:12:55.453691Z,KXBTC15M-26OCT042015-15,0.0090,17.00,no
2026-10-05T00:12:55.453691Z,KXBTC15M-26OCT042015-15,0.0080,10.00,no
2026-10-05T00:12:55.453691Z,KXBTC15M-26OCT042015-15,0.0080,10.00,no
2026-10-05T00:12:55.453691Z,KXBTC15M-26OCT042015-15,0.0090,10.00,no
2026-10-05T00:12:55.453691Z,KXBTC15M-26OCT042015-15,0.0110,15.00,no
2026-10-05T00:12:55.453691Z,KXBTC15M-26OCT042015-15,0.0120,15.00,no
2026-10-05T00:12:55.453691Z,KXBTC15M-26OCT042015-15,0.0120,45.00,no
2026-10-05T00:12:55.453691Z,KXBTC15M-26OCT042015-15,0.0110,0.22,no
2026-10-05T00:12:55.453691Z,KXBTC15M-26OCT042015-15,0.0110,69.00,no
2026-10-05T00:12:55.453691Z,KXBTC15M-26OCT042015-15,0.0080,2.00,no
2026-10-05T00:12:55.453691Z,KXBTC15M-26OCT042015-15,0.0090,2.00,no
2026-10-05T00:12:55.453691Z,KXBTC15M-26OCT042015-15,0.0100,25.00,no
2026-10-05T00:12:55.453691Z,KXBTC15M-26OCT042015-15,0.0080,2.00,no
2026-10-05T00:12:55.453691Z,KXBTC15M-26OCT042015-15,0.0090,2.00,no
2026-10-05T00:12:55.453691Z,KXBTC15M-26OCT042015-15,0.0100,50.00,no
2026-10-05T00:12:55.453691Z,KXBTC15M-26OCT042015-15,0.0110,17.00,no
2026-10-05T00:12:55.453691Z,KXBTC15M-26OCT042015-15,0.0080,2.00,no
2026-10-05T00:12:55.453691Z,KXBTC15M-26OCT042015-15,0.0100,2.00,no
2026-10-05T00:12:55.453691Z,KXBTC15M-26OCT042015-15,0.0120,15.00,no
2026-10-05T00:12:55.453691Z,KXBTC15M-26OCT042015-15,0.0100,6.00,no
2026-10-05T00:12:55.453691Z,KXBTC15M-26OCT042015-15,0.0100,2.00,no
2026-10-05T00:12:55.453691Z,KXBTC15M-26OCT042015-15,0.0110,250.00,no
2026-10-05T00:12:55.453691Z,KXBTC15M-26OCT042015-15,0.0100,6.00,no
2026-10-05T00:12:55.465137Z,KXBTC15M-26OCT042015-15,0.0140,3.36,yes
2026-10-05T00:12:55.470447Z,KXBTC15M-26OCT042015-15,0.0130,8.25,no
2026-10-05T00:12:55.48821Z,KXBTC15M-26OCT042015-15,0.0140,88.44,yes
2026-10-05T00:12:55.528361Z,KXBTC15M-26OCT042015-15,0.0130,34.96,no
2026-10-05T00:12:55.528361Z,KXBTC15M-26OCT042015-15,0.0130,0.01,no
2026-10-05T00:12:55.528361Z,KXBTC15M-26OCT042015-15,0.0130,6.75,no
2026-10-05T00:12:55.528361Z,KXBTC15M-26OCT042015-15,0.0130,0.01,no
2026-10-05T00:12:55.529163Z,KXBTC15M-26OCT042015-15,0.0140,15.00,yes
2026-10-05T00:12:55.529163Z,KXBTC15M-26OCT042015-15,0.0140,212.00,yes
2026-10-05T00:12:55.529163Z,KXBTC15M-26OCT042015-15,0.0140,60.00,yes
2026-10-05T00:12:55.529163Z,KXBTC15M-26OCT042015-15,0.0140,1.00,yes
2026-10-05T00:12:55.529163Z,KXBTC15M-26OCT042015-15,0.0140,0.01,yes
2026-10-05T00:12:55.529163Z,KXBTC15M-26OCT042015-15,0.0150,771.36,yes
2026-10-05T00:12:55.529163Z,KXBTC15M-26OCT042015-15,0.0140,2.00,yes
2026-10-05T00:12:55.529163Z,KXBTC15M-26OCT042015-15,0.0140,2.00,yes
2026-10-05T00:12:55.529163Z,KXBTC15M-26OCT042015-15,0.0140,0.01,yes
2026-10-05T00:12:55.529163Z,KXBTC15M-26OCT042015-15,0.0140,13.00,yes
2026-10-05T00:12:55.529163Z,KXBTC15M-26OCT042015-15,0.0140,15.00,yes
2026-10-05T00:12:55.530462Z,KXBTC15M-26OCT042015-15,0.0150,116.94,yes
2026-10-05T00:12:55.542331Z,KXBTC15M-26OCT042015-15,0.0150,0.01,yes
2026-10-05T00:12:55.542331Z,KXBTC15M-26OCT042015-15,0.0140,13.00,yes
2026-10-05T00:12:55.542331Z,KXBTC15M-26OCT042015-15,0.0140,0.01,yes
2026-10-05T00:12:55.542331Z,KXBTC15M-26OCT042015-15,0.0150,0.01,yes
2026-10-05T00:12:55.542331Z,KXBTC15M-26OCT042015-15,0.0150,279.33,yes
2026-10-05T00:12:55.609076Z,KXBTC15M-26OCT042015-15,0.0130,5.07,no
2026-10-05T00:12:55.631708Z,KXBTC15M-26OCT042015-15,0.0140,132.00,yes
2026-10-05T00:12:55.631708Z,KXBTC15M-26OCT042015-15,0.0150,2.00,yes
2026-10-05T00:12:55.631708Z,KXBTC15M-26OCT042015-15,0.0140,0.01,yes
2026-10-05T00:12:55.631708Z,KXBTC15M-26OCT042015-15,0.0150,159.50,yes
2026-10-05T00:12:55.631708Z,KXBTC15M-26OCT042015-15,0.0140,0.01,yes
2026-10-05T00:12:55.631708Z,KXBTC15M-26OCT042015-15,0.0140,15.00,yes
2026-10-05T00:12:55.631708Z,KXBTC15M-26OCT042015-15,0.0150,131.77,yes
2026-10-05T00:12:55.631708Z,KXBTC15M-26OCT042015-15,0.0150,0.01,yes
2026-10-05T00:12:55.631708Z,KXBTC15M-26OCT042015-15,0.0150,0.01,yes
2026-10-05T00:12:55.638531Z,KXBTC15M-26OCT042015-15,0.0130,67.79,no
2026-10-05T00:12:55.773164Z,KXBTC15M-26OCT042015-15,0.0140,15.00,yes
2026-10-05T00:12:55.773164Z,KXBTC15M-26OCT042015-15,0.0150,109.71,yes
2026-10-05T00:12:55.773164Z,KXBTC15M-26OCT042015-15,0.0140,0.01,yes
2026-10-05T00:12:55.773164Z,KXBTC15M-26OCT042015-15,0.0140,0.01,yes
2026-10-05T00:12:55.77604Z,KXBTC15M-26OCT042015-15,0.0130,0.01,no
2026-10-05T00:12:55.77604Z,KXBTC15M-26OCT042015-15,0.0130,0.01,no
2026-10-05T00:12:55.77604Z,KXBTC15M-26OCT042015-15,0.0130,36.23,no
2026-10-05T00:12:55.779199Z,KXBTC15M-26OCT042015-15,0.0150,62.36,yes
2026-10-05T00:12:55.864896Z,KXBTC15M-26OCT042015-15,0.0130,2.20,no
2026-10-05T00:12:55.864896Z,KXBTC15M-26OCT042015-15,0.0130,163.77,no
2026-10-05T00:12:55.869993Z,KXBTC15M-26OCT042015-15,0.0070,2156.46,no
2026-10-05T00:12:55.869993Z,KXBTC15M-26OCT042015-15,0.0120,113.00,no
2026-10-05T00:12:55.869993Z,KXBTC15M-26OCT042015-15,0.0100,1.05,no
2026-10-05T00:12:55.869993Z,KXBTC15M-26OCT042015-15,0.0120,200.00,no
2026-10-05T00:12:55.869993Z,KXBTC15M-26OCT042015-15,0.0130,15.00,no
2026-10-05T00:12:55.869993Z,KXBTC15M-26OCT042015-15,0.0110,17.00,no
2026-10-05T00:12:55.869993Z,KXBTC15M-26OCT042015-15,0.0130,497.80,no
2026-10-05T00:12:55.869993Z,KXBTC15M-26OCT042015-15,0.0120,500.00,no
2026-10-05T00:12:55.869993Z,KXBTC15M-26OCT042015-15,0.0120,305.00,no
2026-10-05T00:12:55.869993Z,KXBTC15M-26OCT042015-15,0.0080,2.00,no
2026-10-05T00:12:55.869993Z,KXBTC15M-26OCT042015-15,0.0130,0.01,no
2026-10-05T00:12:55.869993Z,KXBTC15M-26OCT042015-15,0.0130,282.00,no
2026-10-05T00:12:55.869993Z,KXBTC15M-26OCT042015-15,0.0130,0.01,no
2026-10-05T00:12:55.869993Z,KXBTC15M-26OCT042015-15,0.0130,15.00,no
2026-10-05T00:12:55.869993Z,KXBTC15M-26OCT042015-15,0.0100,93.75,no
2026-10-05T00:12:55.869993Z,KXBTC15M-26OCT042015-15,0.0130,15.00,no
2026-10-05T00:12:55.869993Z,KXBTC15M-26OCT042015-15,0.0130,15.00,no
2026-10-05T00:12:55.869993Z,KXBTC15M-26OCT042015-15,0.0120,17.00,no
2026-10-05T00:12:55.869993Z,KXBTC15M-26OCT042015-15,0.0100,64.00,no
2026-10-05T00:12:55.869993Z,KXBTC15M-26OCT042015-15,0.0130,1.00,no
2026-10-05T00:12:55.869993Z,KXBTC15M-26OCT042015-15,0.0110,39.00,no
2026-10-05T00:12:55.869993Z,KXBTC15M-26OCT042015-15,0.0100,64.00,no
2026-10-05T00:12:55.869993Z,KXBTC15M-26OCT042015-15,0.0080,17.00,no
2026-10-05T00:12:55.869993Z,KXBTC15M-26OCT042015-15,0.0100,50.00,no
2026-10-05T00:12:55.869993Z,KXBTC15M-26OCT042015-15,0.0100,500.00,no
2026-10-05T00:12:55.869993Z,KXBTC15M-26OCT042015-15,0.0070,60.74,no
2026-10-05T00:12:55.889566Z,KXBTC15M-26OCT042015-15,0.0120,14.03,no
2026-10-05T00:12:55.889566Z,KXBTC15M-26OCT042015-15,0.0120,0.01,no
2026-10-05T00:12:55.889566Z,KXBTC15M-26OCT042015-15,0.0120,0.01,no
2026-10-05T00:12:55.889566Z,KXBTC15M-26OCT042015-15,0.0130,0.01,no
2026-10-05T00:12:55.889566Z,KXBTC15M-26OCT042015-15,0.0130,0.01,no
2026-10-05T00:12:55.896147Z,KXBTC15M-26OCT042015-15,0.0140,0.57,yes
2026-10-05T00:12:55.896147Z,KXBTC15M-26OCT042015-15,0.0140,15.00,yes
2026-10-05T00:12:55.896147Z,KXBTC15M-26OCT042015-15,0.0140,0.01,yes
2026-10-05T00:12:55.896147Z,KXBTC15M-26OCT042015-15,0.0140,0.01,yes
2026-10-05T00:12:55.903072Z,KXBTC15M-26OCT042015-15,0.0140,6.23,yes
2026-10-05T00:12:55.913607Z,KXBTC15M-26OCT042015-15,0.0140,15.00,yes
2026-10-05T00:12:55.913607Z,KXBTC15M-26OCT042015-15,0.0140,13.00,yes
2026-10-05T00:12:55.913607Z,KXBTC15M-26OCT042015-15,0.0140,6.00,yes
2026-10-05T00:12:55.913607Z,KXBTC15M-26OCT042015-15,0.0150,28.34,yes
2026-10-05T00:12:55.913607Z,KXBTC15M-26OCT042015-15,0.0140,0.01,yes
2026-10-05T00:12:55.913607Z,KXBTC15M-26OCT042015-15,0.0140,0.01,yes
2026-10-05T00:12:55.968457Z,KXBTC15M-26OCT042015-15,0.0140,5.02,yes
2026-10-05T00:12:55.968457Z,KXBTC15M-26OCT042015-15,0.0140,0.01,yes
2026-10-05T00:12:55.968457Z,KXBTC15M-26OCT042015-15,0.0140,0.01,yes
2026-10-05T00:12:55.968457Z,KXBTC15M-26OCT042015-15,0.0140,15.00,yes
2026-10-05T00:12:55.971464Z,KXBTC15M-26OCT042015-15,0.0130,1.00,no
2026-10-05T00:12:55.974949Z,KXBTC15M-26OCT042015-15,0.0150,476.05,yes
2026-10-05T00:12:55.974949Z,KXBTC15M-26OCT042015-15,0.0140,13.00,yes
2026-10-05T00:12:55.974949Z,KXBTC15M-26OCT042015-15,0.0140,6.00,yes
2026-10-05T00:12:55.974949Z,KXBTC15M-26OCT042015-15,0.0140,9.98,yes
2026-10-05T00:12:55.974949Z,KXBTC15M-26OCT042015-15,0.0140,0.01,yes
2026-10-05T00:12:56.007811Z,KXBTC15M-26OCT042015-15,0.0130,3.40,no
2026-10-05T00:12:56.013254Z,KXBTC15M-26OCT042015-15,0.0140,13.00,yes
2026-10-05T00:12:56.013254Z,KXBTC15M-26OCT042015-15,0.0150,278.50,yes
2026-10-05T00:12:56.013254Z,KXBTC15M-26OCT042015-15,0.0140,15.00,yes
2026-10-05T00:12:56.013254Z,KXBTC15M-26OCT042015-15,0.0140,6.00,yes
2026-10-05T00:12:56.054276Z,KXBTC15M-26OCT042015-15,0.0130,0.01,no
2026-10-05T00:12:56.054276Z,KXBTC15M-26OCT042015-15,0.0130,10.60,no
2026-10-05T00:12:56.054276Z,KXBTC15M-26OCT042015-15,0.0130,15.00,no
2026-10-05T00:12:56.054276Z,KXBTC15M-26OCT042015-15,0.0130,0.01,no
2026-10-05T00:12:56.054276Z,KXBTC15M-26OCT042015-15,0.0130,15.00,no
2026-10-05T00:12:56.054276Z,KXBTC15M-26OCT042015-15,0.0130,15.00,no
2026-10-05T00:12:56.090199Z,KXBTC15M-26OCT042015-15,0.0150,35.01,yes
2026-10-05T00:12:56.090199Z,KXBTC15M-26OCT042015-15,0.0140,0.01,yes
2026-10-05T00:12:56.090199Z,KXBTC15M-26OCT042015-15,0.0140,0.01,yes
2026-10-05T00:12:56.090199Z,KXBTC15M-26OCT042015-15,0.0140,15.00,yes
2026-10-05T00:12:56.090199Z,KXBTC15M-26OCT042015-15,0.0140,13.00,yes
2026-10-05T00:12:56.141479Z,KXBTC15M-26OCT042015-15,0.0150,16.00,yes
2026-10-05T00:12:56.141479Z,KXBTC15M-26OCT042015-15,0.0140,15.00,yes
2026-10-05T00:12:56.141479Z,KXBTC15M-26OCT042015-15,0.0140,15.00,yes
2026-10-05T00:12:56.141479Z,KXBTC15M-26OCT042015-15,0.0140,13.00,yes
2026-10-05T00:12:56.189148Z,KXBTC15M-26OCT042015-15,0.0150,0.28,yes
2026-10-05T00:12:56.189148Z,KXBTC15M-26OCT042015-15,0.0140,15.00,yes
2026-10-05T00:12:56.189148Z,KXBTC15M-26OCT042015-15,0.0140,13.00,yes
2026-10-05T00:12:56.195908Z,KXBTC15M-26OCT042015-15,0.0150,61.76,yes
2026-10-05T00:12:56.208565Z,KXBTC15M-26OCT042015-15,0.0150,100.00,yes
2026-10-05T00:12:56.211089Z,KXBTC15M-26OCT042015-15,0.0150,4.06,yes
2026-10-05T00:12:56.211089Z,KXBTC15M-26OCT042015-15,0.0150,1.00,yes
2026-10-05T00:12:56.211089Z,KXBTC15M-26OCT042015-15,0.0150,104.67,yes
2026-10-05T00:12:56.211089Z,KXBTC15M-26OCT042015-15,0.0140,15.00,yes
2026-10-05T00:12:56.236317Z,KXBTC15M-26OCT042015-15,0.0150,60.50,yes
2026-10-05T00:12:56.285162Z,KXBTC15M-26OCT042015-15,0.0150,30.81,yes
2026-10-05T00:12:56.310041Z,KXBTC15M-26OCT042015-15,0.0150,4.00,yes
2026-10-05T00:12:56.310041Z,KXBTC15M-26OCT042015-15,0.0150,4.02,yes
2026-10-05T00:12:56.32025Z,KXBTC15M-26OCT042015-15,0.0150,20.00,yes
2026-10-05T00:12:56.32025Z,KXBTC15M-26OCT042015-15,0.0150,0.01,yes
2026-10-05T00:12:56.32025Z,KXBTC15M-26OCT042015-15,0.0150,0.01,yes
2026-10-05T00:12:56.32025Z,KXBTC15M-26OCT042015-15,0.0150,114.83,yes
2026-10-05T00:12:56.387842Z,KXBTC15M-26OCT042015-15,0.0150,124.38,yes
2026-10-05T00:12:56.401355Z,KXBTC15M-26OCT042015-15,0.0130,0.01,no
2026-10-05T00:12:56.401355Z,KXBTC15M-26OCT042015-15,0.0130,10.86,no
2026-10-05T00:12:56.401355Z,KXBTC15M-26OCT042015-15,0.0130,15.00,no
2026-10-05T00:12:56.401355Z,KXBTC15M-26OCT042015-15,0.0130,0.01,no
2026-10-05T00:12:56.428057Z,KXBTC15M-26OCT042015-15,0.0150,61.76,yes
2026-10-05T00:12:56.463824Z,KXBTC15M-26OCT042015-15,0.0150,99.03,yes
2026-10-05T00:12:56.463824Z,KXBTC15M-26OCT042015-15,0.0150,13.00,yes
2026-10-05T00:12:56.463824Z,KXBTC15M-26OCT042015-15,0.0150,12.83,yes
2026-10-05T00:12:56.472501Z,KXBTC15M-26OCT042015-15,0.0150,25.00,yes
2026-10-05T00:12:56.50153Z,KXBTC15M-26OCT042015-15,0.0150,0.57,yes
2026-10-05T00:12:56.507581Z,KXBTC15M-26OCT042015-15,0.0150,18.62,yes
2026-10-05T00:12:56.520609Z,KXBTC15M-26OCT042015-15,0.0150,2.08,yes
2026-10-05T00:12:56.540997Z,KXBTC15M-26OCT042015-15,0.0150,0.29,yes
2026-10-05T00:12:56.550496Z,KXBTC15M-26OCT042015-15,0.0150,5.35,yes
2026-10-05T00:12:56.614142Z,KXBTC15M-26OCT042015-15,0.0150,28.20,yes
2026-10-05T00:12:56.62814Z,KXBTC15M-26OCT042015-15,0.0130,1.18,no
2026-10-05T00:12:56.655822Z,KXBTC15M-26OCT042015-15,0.0120,53.02,no
2026-10-05T00:12:56.655822Z,KXBTC15M-26OCT042015-15,0.0130,0.01,no
2026-10-05T00:12:56.655822Z,KXBTC15M-26OCT042015-15,0.0130,2.96,no
2026-10-05T00:12:56.655822Z,KXBTC15M-26OCT042015-15,0.0130,15.00,no
2026-10-05T00:12:56.655822Z,KXBTC15M-26OCT042015-15,0.0130,0.01,no
2026-10-05T00:12:56.655822Z,KXBTC15M-26OCT042015-15,0.0130,15.00,no
2026-10-05T00:12:56.655822Z,KXBTC15M-26OCT042015-15,0.0130,15.00,no
2026-10-05T00:12:56.664181Z,KXBTC15M-26OCT042015-15,0.0150,311.83,yes
2026-10-05T00:12:56.664224Z,KXBTC15M-26OCT042015-15,0.0150,10.92,yes
2026-10-05T00:12:56.73681Z,KXBTC15M-26OCT042015-15,0.0150,3.14,yes
2026-10-05T00:12:56.739873Z,KXBTC15M-26OCT042015-15,0.0150,103.79,yes
2026-10-05T00:12:56.800709Z,KXBTC15M-26OCT042015-15,0.0120,82.95,no
2026-10-05T00:12:56.800709Z,KXBTC15M-26OCT042015-15,0.0120,296.00,no
2026-10-05T00:12:56.800709Z,KXBTC15M-26OCT042015-15,0.0120,96.81,no
2026-10-05T00:12:56.832109Z,KXBTC15M-26OCT042015-15,0.0160,166.48,yes
2026-10-05T00:12:56.832109Z,KXBTC15M-26OCT042015-15,0.0160,200.00,yes
2026-10-05T00:12:56.832109Z,KXBTC15M-26OCT042015-15,0.0160,2.00,yes
2026-10-05T00:12:56.832109Z,KXBTC15M-26OCT042015-15,0.0160,1500.00,yes
2026-10-05T00:12:56.832109Z,KXBTC15M-26OCT042015-15,0.0160,2.00,yes
2026-10-05T00:12:56.832109Z,KXBTC15M-26OCT042015-15,0.0160,15.00,yes
2026-10-05T00:12:56.832109Z,KXBTC15M-26OCT042015-15,0.0150,400.00,yes
2026-10-05T00:12:56.832109Z,KXBTC15M-26OCT042015-15,0.0140,13.00,yes
2026-10-05T00:12:56.832109Z,KXBTC15M-26OCT042015-15,0.0150,18.00,yes
2026-10-05T00:12:56.832109Z,KXBTC15M-26OCT042015-15,0.0150,200.00,yes
2026-10-05T00:12:56.832109Z,KXBTC15M-26OCT042015-15,0.0150,477.38,yes
2026-10-05T00:12:56.832109Z,KXBTC15M-26OCT042015-15,0.0150,1.00,yes
2026-10-05T00:12:56.832109Z,KXBTC15M-26OCT042015-15,0.0140,0.01,yes
2026-10-05T00:12:56.832109Z,KXBTC15M-26OCT042015-15,0.0150,0.01,yes
2026-10-05T00:12:56.832109Z,KXBTC15M-26OCT042015-15,0.0150,0.07,yes
2026-10-05T00:12:56.832109Z,KXBTC15M-26OCT042015-15,0.0150,0.01,yes
2026-10-05T00:12:56.832109Z,KXBTC15M-26OCT042015-15,0.0140,10.00,yes
2026-10-05T00:12:56.867834Z,KXBTC15M-26OCT042015-15,0.0160,1.00,yes
2026-10-05T00:12:56.867834Z,KXBTC15M-26OCT042015-15,0.0140,0.01,yes
2026-10-05T00:12:56.867834Z,KXBTC15M-26OCT042015-15,0.0130,15.00,yes
2026-10-05T00:12:56.867834Z,KXBTC15M-26OCT042015-15,0.0160,1.00,yes
2026-10-05T00:12:56.962184Z,KXBTC15M-26OCT042015-15,0.0160,0.30,no
2026-10-05T00:12:56.965472Z,KXBTC15M-26OCT042015-15,0.0160,19.77,no
2026-10-05T00:12:57.014167Z,KXBTC15M-26OCT042015-15,0.0160,20.22,no
2026-10-05T00:12:57.071136Z,KXBTC15M-26OCT042015-15,0.0170,2.00,yes
2026-10-05T00:12:57.071136Z,KXBTC15M-26OCT042015-15,0.0170,2.00,yes
2026-10-05T00:12:57.071136Z,KXBTC15M-26OCT042015-15,0.0170,1.22,yes
2026-10-05T00:12:57.158248Z,KXBTC15M-26OCT042015-15,0.0200,15.00,yes
2026-10-05T00:12:57.158248Z,KXBTC15M-26OCT042015-15,0.0270,500.00,yes
2026-10-05T00:12:57.158248Z,KXBTC15M-26OCT042015-15,0.0180,2.00,yes
2026-10-05T00:12:57.158248Z,KXBTC15M-26OCT042015-15,0.0180,15.00,yes
2026-10-05T00:12:57.158248Z,KXBTC15M-26OCT042015-15,0.0240,20.00,yes
2026-10-05T00:12:57.158248Z,KXBTC15M-26OCT042015-15,0.0180,200.00,yes
2026-10-05T00:12:57.158248Z,KXBTC15M-26OCT042015-15,0.0190,2.00,yes
2026-10-05T00:12:57.158248Z,KXBTC15M-26OCT042015-15,0.0210,13.00,yes
2026-10-05T00:12:57.158248Z,KXBTC15M-26OCT042015-15,0.0170,26.27,yes
2026-10-05T00:12:57.158248Z,KXBTC15M-26OCT042015-15,0.0170,1.00,yes
2026-10-05T00:12:57.158248Z,KXBTC15M-26OCT042015-15,0.0190,2.00,yes
2026-10-05T00:12:57.158248Z,KXBTC15M-26OCT042015-15,0.0210,206.55,yes
2026-10-05T00:12:57.158248Z,KXBTC15M-26OCT042015-15,0.0170,15.00,yes
2026-10-05T00:12:57.158248Z,KXBTC15M-26OCT042015-15,0.0180,865.00,yes
2026-10-05T00:12:57.158248Z,KXBTC15M-26OCT042015-15,0.0210,150.00,yes
2026-10-05T00:12:57.158248Z,KXBTC15M-26OCT042015-15,0.0170,33.00,yes
2026-10-05T00:12:57.158248Z,KXBTC15M-26OCT042015-15,0.0170,400.00,yes
2026-10-05T00:12:57.158248Z,KXBTC15M-26OCT042015-15,0.0190,15.00,yes
2026-10-05T00:12:57.158248Z,KXBTC15M-26OCT042015-15,0.0210,1.00,yes
2026-10-05T00:12:57.158248Z,KXBTC15M-26OCT042015-15,0.0200,2.00,yes
2026-10-05T00:12:57.158248Z,KXBTC15M-26OCT042015-15,0.0250,10.00,yes
2026-10-05T00:12:57.158248Z,KXBTC15M-26OCT042015-15,0.0200,2.00,yes
2026-10-05T00:12:57.158248Z,KXBTC15M-26OCT042015-15,0.0210,10.00,yes
2026-10-05T00:12:57.158248Z,KXBTC15M-26OCT042015-15,0.0170,50.00,yes
2026-10-05T00:12:57.158248Z,KXBTC15M-26OCT042015-15,0.0210,2.00,yes
2026-10-05T00:12:57.158248Z,KXBTC15M-26OCT042015-15,0.0170,100.00,yes
2026-10-05T00:12:57.158248Z,KXBTC15M-26OCT042015-15,0.0410,500.00,yes
2026-10-05T00:12:57.158248Z,KXBTC15M-26OCT042015-15,0.0440,500.00,yes
2026-10-05T00:12:57.158248Z,KXBTC15M-26OCT042015-15,0.0410,0.04,yes
2026-10-05T00:12:57.158248Z,KXBTC15M-26OCT042015-15,0.0400,0.04,yes
2026-10-05T00:12:57.158248Z,KXBTC15M-26OCT042015-15,0.0440,704.36,yes
2026-10-05T00:12:57.158248Z,KXBTC15M-26OCT042015-15,0.0390,0.04,yes
2026-10-05T00:12:57.158248Z,KXBTC15M-26OCT042015-15,0.0370,162.24,yes
2026-10-05T00:12:57.158248Z,KXBTC15M-26OCT042015-15,0.0420,0.05,yes
2026-10-05T00:12:57.158248Z,KXBTC15M-26OCT042015-15,0.0300,82.00,yes
2026-10-05T00:12:57.158248Z,KXBTC15M-26OCT042015-15,0.0350,33.00,yes
2026-10-05T00:12:57.158248Z,KXBTC15M-26OCT042015-15,0.0420,16.00,yes
2026-10-05T00:12:57.158248Z,KXBTC15M-26OCT042015-15,0.0330,82.00,yes
2026-10-05T00:12:57.158248Z,KXBTC15M-26OCT042015-15,0.0380,0.05,yes
2026-10-05T00:12:57.158248Z,KXBTC15M-26OCT042015-15,0.0310,104.00,yes
2026-10-05T00:12:57.158248Z,KXBTC15M-26OCT042015-15,0.0300,100.00,yes
2026-10-05T00:12:57.158248Z,KXBTC15M-26OCT042015-15,0.0300,2.00,yes
2026-10-05T00:12:57.158248Z,KXBTC15M-26OCT042015-15,0.0300,100.00,yes
2026-10-05T00:12:57.158248Z,KXBTC15M-26OCT042015-15,0.0290,215.00,yes
2026-10-05T00:12:57.158248Z,KXBTC15M-26OCT042015-15,0.0390,33.00,yes
2026-10-05T00:12:57.158248Z,KXBTC15M-26OCT042015-15,0.0360,40.00,yes
2026-10-05T00:12:57.158248Z,KXBTC15M-26OCT042015-15,0.0240,33.00,yes
2026-10-05T00:12:57.158248Z,KXBTC15M-26OCT042015-15,0.0430,0.07,yes
2026-10-05T00:12:57.158248Z,KXBTC15M-26OCT042015-15,0.0280,66.00,yes
2026-10-05T00:12:57.158248Z,KXBTC15M-26OCT042015-15,0.0240,141.31,yes
2026-10-05T00:12:57.158248Z,KXBTC15M-26OCT042015-15,0.0350,100.00,yes
2026-10-05T00:12:57.158248Z,KXBTC15M-26OCT042015-15,0.0370,0.06,yes
2026-10-05T00:12:57.158248Z,KXBTC15M-26OCT042015-15,0.0350,500.00,yes
2026-10-05T00:12:57.158248Z,KXBTC15M-26OCT042015-15,0.0250,80.00,yes
2026-10-05T00:12:57.158248Z,KXBTC15M-26OCT042015-15,0.0400,555.00,yes
2026-10-05T00:12:57.158248Z,KXBTC15M-26OCT042015-15,0.0300,1000.00,yes
2026-10-05T00:12:57.158248Z,KXBTC15M-26OCT042015-15,0.0240,0.08,yes
2026-10-05T00:12:57.158248Z,KXBTC15M-26OCT042015-15,0.0250,0.09,yes
2026-10-05T00:12:57.158248Z,KXBTC15M-26OCT042015-15,0.0270,0.11,yes
2026-10-05T00:12:57.158248Z,KXBTC15M-26OCT042015-15,0.0260,0.10,yes
2026-10-05T00:12:57.158248Z,KXBTC15M-26OCT042015-15,0.0250,1.00,yes
2026-10-05T00:12:57.158248Z,KXBTC15M-26OCT042015-15,0.0400,100.00,yes
2026-10-05T00:12:57.158248Z,KXBTC15M-26OCT042015-15,0.0280,0.12,yes
2026-10-05T00:12:57.158248Z,KXBTC15M-26OCT042015-15,0.0290,0.13,yes
2026-10-05T00:12:57.158248Z,KXBTC15M-26OCT042015-15,0.0220,697.93,yes
2026-10-05T00:12:57.158248Z,KXBTC15M-26OCT042015-15,0.0300,0.14,yes
2026-10-05T00:12:57.158248Z,KXBTC15M-26OCT042015-15,0.0400,50.00,yes
2026-10-05T00:12:57.158248Z,KXBTC15M-26OCT042015-15,0.0300,50.00,yes
2026-10-05T00:12:57.158248Z,KXBTC15M-26OCT042015-15,0.0400,38.00,yes
2026-10-05T00:12:57.158248Z,KXBTC15M-26OCT042015-15,0.0330,0.15,yes
2026-10-05T00:12:57.158248Z,KXBTC15M-26OCT042015-15,0.0200,50.00,yes
2026-10-05T00:12:57.158248Z,KXBTC15M-26OCT042015-15,0.0200,10.00,yes
2026-10-05T00:12:57.158248Z,KXBTC15M-26OCT042015-15,0.0340,500.00,yes
2026-10-05T00:12:57.158248Z,KXBTC15M-26OCT042015-15,0.0240,10.00,yes
2026-10-05T00:12:57.158248Z,KXBTC15M-26OCT042015-15,0.0220,100.00,yes
2026-10-05T00:12:57.158248Z,KXBTC15M-26OCT042015-15,0.0410,40.00,yes
2026-10-05T00:12:57.158248Z,KXBTC15M-26OCT042015-15,0.0270,500.00,yes
2026-10-05T00:12:57.158248Z,KXBTC15M-26OCT042015-15,0.0310,25.00,yes
2026-10-05T00:12:57.158248Z,KXBTC15M-26OCT042015-15,0.0320,0.14,yes
2026-10-05T00:12:57.158248Z,KXBTC15M-26OCT042015-15,0.0310,0.13,yes
2026-10-05T00:12:57.158248Z,KXBTC15M-26OCT042015-15,0.0300,500.00,yes
2026-10-05T00:12:57.166604Z,KXBTC15M-26OCT042015-15,0.0410,50.00,no
2026-10-05T00:12:57.166881Z,KXBTC15M-26OCT042015-15,0.0410,50.00,no
2026-10-05T00:12:57.167284Z,KXBTC15M-26OCT042015-15,0.0410,50.00,no
2026-10-05T00:12:57.169968Z,KXBTC15M-26OCT042015-15,0.0410,100.00,no
2026-10-05T00:12:57.184369Z,KXBTC15M-26OCT042015-15,0.0410,33.00,no
2026-10-05T00:12:57.185661Z,KXBTC15M-26OCT042015-15,0.0410,14.17,no
2026-10-05T00:12:57.192489Z,KXBTC15M-26OCT042015-15,0.0410,1.00,no
2026-10-05T00:12:57.193695Z,KXBTC15M-26OCT042015-15,0.0410,100.00,no
2026-10-05T00:12:57.194844Z,KXBTC15M-26OCT042015-15,0.0410,24.00,no
2026-10-05T00:12:57.197665Z,KXBTC15M-26OCT042015-15,0.0320,10.00,no
2026-10-05T00:12:57.197665Z,KXBTC15M-26OCT042015-15,0.0410,1077.83,no
2026-10-05T00:12:57.197665Z,KXBTC15M-26OCT042015-15,0.0410,0.01,no
2026-10-05T00:12:57.197665Z,KXBTC15M-26OCT042015-15,0.0410,0.01,no
2026-10-05T00:12:57.197665Z,KXBTC15M-26OCT042015-15,0.0290,500.00,no
2026-10-05T00:12:57.197665Z,KXBTC15M-26OCT042015-15,0.0300,93.75,no
2026-10-05T00:12:57.197665Z,KXBTC15M-26OCT042015-15,0.0310,500.00,no
2026-10-05T00:12:57.197665Z,KXBTC15M-26OCT042015-15,0.0370,500.00,no
2026-10-05T00:12:57.197665Z,KXBTC15M-26OCT042015-15,0.0270,472.40,no
2026-10-05T00:12:57.197665Z,KXBTC15M-26OCT042015-15,0.0340,500.00,no
2026-10-05T00:12:57.234846Z,KXBTC15M-26OCT042015-15,0.0260,30.00,no
2026-10-05T00:12:57.244539Z,KXBTC15M-26OCT042015-15,0.0270,11.96,yes
2026-10-05T00:12:57.244539Z,KXBTC15M-26OCT042015-15,0.0270,0.01,yes
2026-10-05T00:12:57.244539Z,KXBTC15M-26OCT042015-15,0.0270,33.10,yes
2026-10-05T00:12:57.249603Z,KXBTC15M-26OCT042015-15,0.0270,4.89,yes
2026-10-05T00:12:57.331945Z,KXBTC15M-26OCT042015-15,0.0270,0.01,yes
2026-10-05T00:12:57.331945Z,KXBTC15M-26OCT042015-15,0.0270,10.00,yes
2026-10-05T00:12:57.331945Z,KXBTC15M-26OCT042015-15,0.0270,2.00,yes
2026-10-05T00:12:57.331945Z,KXBTC15M-26OCT042015-15,0.0270,62.01,yes
2026-10-05T00:12:57.331945Z,KXBTC15M-26OCT042015-15,0.0270,96.69,yes
2026-10-05T00:12:57.331945Z,KXBTC15M-26OCT042015-15,0.0270,2.00,yes
2026-10-05T00:12:57.362923Z,KXBTC15M-26OCT042015-15,0.0260,0.01,no
2026-10-05T00:12:57.362923Z,KXBTC15M-26OCT042015-15,0.0260,0.01,no
2026-10-05T00:12:57.372723Z,KXBTC15M-26OCT042015-15,0.0120,38.00,no
2026-10-05T00:12:57.372723Z,KXBTC15M-26OCT042015-15,0.0120,15.00,no
2026-10-05T00:12:57.372723Z,KXBTC15M-26OCT042015-15,0.0100,64.00,no
2026-10-05T00:12:57.372723Z,KXBTC15M-26OCT042015-15,0.0160,15.00,no
2026-10-05T00:12:57.372723Z,KXBTC15M-26OCT042015-15,0.0100,1.00,no
2026-10-05T00:12:57.372723Z,KXBTC15M-26OCT042015-15,0.0140,311.76,no
2026-10-05T00:12:57.372723Z,KXBTC15M-26OCT042015-15,0.0100,500.00,no
2026-10-05T00:12:57.372723Z,KXBTC15M-26OCT042015-15,0.0140,200.00,no
2026-10-05T00:12:57.372723Z,KXBTC15M-26OCT042015-15,0.0140,2.00,no
2026-10-05T00:12:57.372723Z,KXBTC15M-26OCT042015-15,0.0170,15.00,no
2026-10-05T00:12:57.372723Z,KXBTC15M-26OCT042015-15,0.0150,2.00,no
2026-10-05T00:12:57.372723Z,KXBTC15M-26OCT042015-15,0.0160,2.00,no
2026-10-05T00:12:57.372723Z,KXBTC15M-26OCT042015-15,0.0100,118.54,no
2026-10-05T00:12:57.372723Z,KXBTC15M-26OCT042015-15,0.0150,1.00,no
2026-10-05T00:12:57.372723Z,KXBTC15M-26OCT042015-15,0.0140,15.00,no
2026-10-05T00:12:57.372723Z,KXBTC15M-26OCT042015-15,0.0110,333.00,no
2026-10-05T00:12:57.372723Z,KXBTC15M-26OCT042015-15,0.0100,2.04,no
2026-10-05T00:12:57.372723Z,KXBTC15M-26OCT042015-15,0.0160,13.00,no
2026-10-05T00:12:57.372723Z,KXBTC15M-26OCT042015-15,0.0140,2.00,no
2026-10-05T00:12:57.372723Z,KXBTC15M-26OCT042015-15,0.0140,15.00,no
2026-10-05T00:12:57.372723Z,KXBTC15M-26OCT042015-15,0.0150,200.00,no
2026-10-05T00:12:57.372723Z,KXBTC15M-26OCT042015-15,0.0150,2.00,no
2026-10-05T00:12:57.372723Z,KXBTC15M-26OCT042015-15,0.0120,150.00,no
2026-10-05T00:12:57.414106Z,KXBTC15M-26OCT042015-15,0.0180,14.11,yes
2026-10-05T00:12:57.419279Z,KXBTC15M-26OCT042015-15,0.0180,400.00,yes
2026-10-05T00:12:57.419279Z,KXBTC15M-26OCT042015-15,0.0180,0.01,yes
2026-10-05T00:12:57.419279Z,KXBTC15M-26OCT042015-15,0.0180,400.50,yes
2026-10-05T00:12:57.419279Z,KXBTC15M-26OCT042015-15,0.0180,12.79,yes
2026-10-05T00:12:57.419279Z,KXBTC15M-26OCT042015-15,0.0180,485.89,yes
2026-10-05T00:12:57.419279Z,KXBTC15M-26OCT042015-15,0.0180,0.01,yes
2026-10-05T00:12:57.431144Z,KXBTC15M-26OCT042015-15,0.0180,13.68,yes
2026-10-05T00:12:57.44925Z,KXBTC15M-26OCT042015-15,0.0120,200.00,no
2026-10-05T00:12:57.44925Z,KXBTC15M-26OCT042015-15,0.0170,0.01,no
2026-10-05T00:12:57.44925Z,KXBTC15M-26OCT042015-15,0.0170,0.01,no
2026-10-05T00:12:57.44925Z,KXBTC15M-26OCT042015-15,0.0110,627.78,no
2026-10-05T00:12:57.44925Z,KXBTC15M-26OCT042015-15,0.0120,150.00,no
2026-10-05T00:12:57.44925Z,KXBTC15M-26OCT042015-15,0.0110,17.00,no
2026-10-05T00:12:57.44925Z,KXBTC15M-26OCT042015-15,0.0120,2.00,no
2026-10-05T00:12:57.461547Z,KXBTC15M-26OCT042015-15,0.0170,0.01,no
2026-10-05T00:12:57.461547Z,KXBTC15M-26OCT042015-15,0.0170,0.01,no
2026-10-05T00:12:57.461547Z,KXBTC15M-26OCT042015-15,0.0110,119.98,no
2026-10-05T00:12:57.480663Z,KXBTC15M-26OCT042015-15,0.0120,81.19,no
2026-10-05T00:12:57.484628Z,KXBTC15M-26OCT042015-15,0.0120,51.19,no
2026-10-05T00:12:57.484628Z,KXBTC15M-26OCT042015-15,0.0120,68.81,no
2026-10-05T00:12:57.49633Z,KXBTC15M-26OCT042015-15,0.0150,15.00,yes
2026-10-05T00:12:57.518979Z,KXBTC15M-26OCT042015-15,0.0140,15.00,no
2026-10-05T00:12:57.518979Z,KXBTC15M-26OCT042015-15,0.0120,43.92,no
2026-10-05T00:12:57.519338Z,KXBTC15M-26OCT042015-15,0.0150,17.06,yes
2026-10-05T00:12:57.522402Z,KXBTC15M-26OCT042015-15,0.0120,0.01,no
2026-10-05T00:12:57.522402Z,KXBTC15M-26OCT042015-15,0.0120,0.01,no
2026-10-05T00:12:57.522402Z,KXBTC15M-26OCT042015-15,0.0120,79.98,no
2026-10-05T00:12:57.528682Z,KXBTC15M-26OCT042015-15,0.0140,0.01,no
2026-10-05T00:12:57.528682Z,KXBTC15M-26OCT042015-15,0.0120,85.57,no
2026-10-05T00:12:57.528682Z,KXBTC15M-26OCT042015-15,0.0140,0.01,no
2026-10-05T00:12:57.541306Z,KXBTC15M-26OCT042015-15,0.0150,39.34,yes
2026-10-05T00:12:57.541306Z,KXBTC15M-26OCT042015-15,0.0150,0.01,yes
2026-10-05T00:12:57.541306Z,KXBTC15M-26OCT042015-15,0.0130,6.00,yes
2026-10-05T00:12:57.541306Z,KXBTC15M-26OCT042015-15,0.0140,449.94,yes
2026-10-05T00:12:57.541306Z,KXBTC15M-26OCT042015-15,0.0150,0.01,yes
2026-10-05T00:12:57.541306Z,KXBTC15M-26OCT042015-15,0.0130,0.01,yes
2026-10-05T00:12:57.541306Z,KXBTC15M-26OCT042015-15,0.0130,0.01,yes
2026-10-05T00:12:57.546084Z,KXBTC15M-26OCT042015-15,0.0150,1.00,yes
2026-10-05T00:12:57.546084Z,KXBTC15M-26OCT042015-15,0.0130,15.00,yes
2026-10-05T00:12:57.546084Z,KXBTC15M-26OCT042015-15,0.0150,116.00,yes
2026-10-05T00:12:57.547651Z,KXBTC15M-26OCT042015-15,0.0130,0.01,yes
2026-10-05T00:12:57.547651Z,KXBTC15M-26OCT042015-15,0.0150,15.00,yes
2026-10-05T00:12:57.547651Z,KXBTC15M-26OCT042015-15,0.0130,0.01,yes
2026-10-05T00:12:57.547651Z,KXBTC15M-26OCT042015-15,0.0150,84.00,yes
2026-10-05T00:12:57.551072Z,KXBTC15M-26OCT042015-15,0.0160,3.67,yes
2026-10-05T00:12:57.565751Z,KXBTC15M-26OCT042015-15,0.0130,0.01,yes
2026-10-05T00:12:57.565751Z,KXBTC15M-26OCT042015-15,0.0150,50.99,yes
2026-10-05T00:12:57.616215Z,KXBTC15M-26OCT042015-15,0.0120,15.00,no
2026-10-05T00:12:57.616215Z,KXBTC15M-26OCT042015-15,0.0110,2.00,no
2026-10-05T00:12:57.616215Z,KXBTC15M-26OCT042015-15,0.0120,1.05,no
2026-10-05T00:12:57.616215Z,KXBTC15M-26OCT042015-15,0.0120,0.01,no
2026-10-05T00:12:57.616215Z,KXBTC15M-26OCT042015-15,0.0120,150.00,no
2026-10-05T00:12:57.616215Z,KXBTC15M-26OCT042015-15,0.0110,37.00,no
2026-10-05T00:12:57.616215Z,KXBTC15M-26OCT042015-15,0.0120,0.01,no
2026-10-05T00:12:57.616215Z,KXBTC15M-26OCT042015-15,0.0120,15.00,no
2026-10-05T00:12:57.616215Z,KXBTC15M-26OCT042015-15,0.0110,53.21,no
2026-10-05T00:12:57.61889Z,KXBTC15M-26OCT042015-15,0.0130,15.00,yes
2026-10-05T00:12:57.61889Z,KXBTC15M-26OCT042015-15,0.0130,19.26,yes
2026-10-05T00:12:57.61889Z,KXBTC15M-26OCT042015-15,0.0130,15.00,yes
2026-10-05T00:12:57.61889Z,KXBTC15M-26OCT042015-15,0.0130,5.78,yes
2026-10-05T00:12:57.630827Z,KXBTC15M-26OCT042015-15,0.0130,87.80,yes
2026-10-05T00:12:57.644935Z,KXBTC15M-26OCT042015-15,0.0150,0.01,yes
2026-10-05T00:12:57.644935Z,KXBTC15M-26OCT042015-15,0.0150,0.01,yes
2026-10-05T00:12:57.644935Z,KXBTC15M-26OCT042015-15,0.0180,272.23,yes
2026-10-05T00:12:57.644935Z,KXBTC15M-26OCT042015-15,0.0140,100.00,yes
2026-10-05T00:12:57.644935Z,KXBTC15M-26OCT042015-15,0.0170,13.00,yes
2026-10-05T00:12:57.644935Z,KXBTC15M-26OCT042015-15,0.0140,16.00,yes
2026-10-05T00:12:57.644935Z,KXBTC15M-26OCT042015-15,0.0130,0.01,yes
2026-10-05T00:12:57.672265Z,KXBTC15M-26OCT042015-15,0.0110,17.00,no
2026-10-05T00:12:57.672265Z,KXBTC15M-26OCT042015-15,0.0110,168.11,no
2026-10-05T00:12:57.672265Z,KXBTC15M-26OCT042015-15,0.0110,150.00,no
2026-10-05T00:12:57.672265Z,KXBTC15M-26OCT042015-15,0.0120,0.01,no
2026-10-05T00:12:57.672265Z,KXBTC15M-26OCT042015-15,0.0120,0.01,no
2026-10-05T00:12:57.672265Z,KXBTC15M-26OCT042015-15,0.0120,15.00,no
2026-10-05T00:12:57.672265Z,KXBTC15M-26OCT042015-15,0.0110,0.01,no
2026-10-05T00:12:57.672265Z,KXBTC15M-26OCT042015-15,0.0110,0.01,no
2026-10-05T00:12:57.702608Z,KXBTC15M-26OCT042015-15,0.0150,127.72,yes
2026-10-05T00:12:57.702608Z,KXBTC15M-26OCT042015-15,0.0150,3.00,yes
2026-10-05T00:12:57.745695Z,KXBTC15M-26OCT042015-15,0.0120,3.50,no
2026-10-05T00:12:57.745695Z,KXBTC15M-26OCT042015-15,0.0120,0.01,no
2026-10-05T00:12:57.745695Z,KXBTC15M-26OCT042015-15,0.0120,0.01,no
2026-10-05T00:12:57.773227Z,KXBTC15M-26OCT042015-15,0.0120,0.01,no
2026-10-05T00:12:57.773227Z,KXBTC15M-26OCT042015-15,0.0120,15.00,no
2026-10-05T00:12:57.773227Z,KXBTC15M-26OCT042015-15,0.0110,186.02,no
2026-10-05T00:12:57.773227Z,KXBTC15M-26OCT042015-15,0.0120,0.01,no
2026-10-05T00:12:57.773227Z,KXBTC15M-26OCT042015-15,0.0120,1.02,no
2026-10-05T00:12:57.813331Z,KXBTC15M-26OCT042015-15,0.0150,0.01,yes
2026-10-05T00:12:57.813331Z,KXBTC15M-26OCT042015-15,0.0150,21.28,yes
2026-10-05T00:12:57.813331Z,KXBTC15M-26OCT042015-15,0.0150,0.01,yes
2026-10-05T00:12:57.813331Z,KXBTC15M-26OCT042015-15,0.0150,253.88,yes
2026-10-05T00:12:57.814587Z,KXBTC15M-26OCT042015-15,0.0120,0.01,no
2026-10-05T00:12:57.814587Z,KXBTC15M-26OCT042015-15,0.0120,200.00,no
2026-10-05T00:12:57.814587Z,KXBTC15M-26OCT042015-15,0.0110,577.82,no
2026-10-05T00:12:57.814587Z,KXBTC15M-26OCT042015-15,0.0120,0.01,no
2026-10-05T00:12:57.814587Z,KXBTC15M-26OCT042015-15,0.0120,15.00,no
2026-10-05T00:12:57.85754Z,KXBTC15M-26OCT042015-15,0.0110,13.64,no
2026-10-05T00:12:57.85754Z,KXBTC15M-26OCT042015-15,0.0120,0.01,no
2026-10-05T00:12:57.85754Z,KXBTC15M-26OCT042015-15,0.0120,0.01,no
2026-10-05T00:12:57.860496Z,KXBTC15M-26OCT042015-15,0.0150,22.00,yes
2026-10-05T00:12:57.860496Z,KXBTC15M-26OCT042015-15,0.0160,200.00,yes
2026-10-05T00:12:57.860496Z,KXBTC15M-26OCT042015-15,0.0150,200.00,yes
2026-10-05T00:12:57.860496Z,KXBTC15M-26OCT042015-15,0.0150,0.01,yes
2026-10-05T00:12:57.860496Z,KXBTC15M-26OCT042015-15,0.0150,146.12,yes
2026-10-05T00:12:57.860496Z,KXBTC15M-26OCT042015-15,0.0150,541.00,yes
2026-10-05T00:12:57.860496Z,KXBTC15M-26OCT042015-15,0.0150,1.00,yes
2026-10-05T00:12:57.860496Z,KXBTC15M-26OCT042015-15,0.0150,0.01,yes
2026-10-05T00:12:57.886683Z,KXBTC15M-26OCT042015-15,0.0140,2.37,no
2026-10-05T00:12:57.9534Z,KXBTC15M-26OCT042015-15,0.0100,16.00,no
2026-10-05T00:12:57.9534Z,KXBTC15M-26OCT042015-15,0.0100,17.00,no
2026-10-05T00:12:57.9534Z,KXBTC15M-26OCT042015-15,0.0140,12.63,no
2026-10-05T00:12:57.9534Z,KXBTC15M-26OCT042015-15,0.0140,0.01,no
2026-10-05T00:12:57.9534Z,KXBTC15M-26OCT042015-15,0.0100,64.00,no
2026-10-05T00:12:57.9534Z,KXBTC15M-26OCT042015-15,0.0100,64.00,no
2026-10-05T00:12:57.9534Z,KXBTC15M-26OCT042015-15,0.0100,50.00,no
2026-10-05T00:12:57.9534Z,KXBTC15M-26OCT042015-15,0.0120,0.01,no
2026-10-05T00:12:57.9534Z,KXBTC15M-26OCT042015-15,0.0100,200.00,no
2026-10-05T00:12:57.9534Z,KXBTC15M-26OCT042015-15,0.0140,0.01,no
2026-10-05T00:12:57.9534Z,KXBTC15M-26OCT042015-15,0.0110,200.00,no
2026-10-05T00:12:57.9534Z,KXBTC15M-26OCT042015-15,0.0110,37.00,no
2026-10-05T00:12:57.9534Z,KXBTC15M-26OCT042015-15,0.0100,1.00,no
2026-10-05T00:12:57.9534Z,KXBTC15M-26OCT042015-15,0.0100,30.00,no
2026-10-05T00:12:57.9534Z,KXBTC15M-26OCT042015-15,0.0110,150.00,no
2026-10-05T00:12:57.9534Z,KXBTC15M-26OCT042015-15,0.0140,265.91,no
2026-10-05T00:12:57.9534Z,KXBTC15M-26OCT042015-15,0.0130,1.00,no
2026-10-05T00:12:57.9534Z,KXBTC15M-26OCT042015-15,0.0100,2.00,no
2026-10-05T00:12:57.976655Z,KXBTC15M-26OCT042015-15,0.0140,51.98,yes
2026-10-05T00:12:57.980972Z,KXBTC15M-26OCT042015-15,0.0140,14.00,yes
2026-10-05T00:12:57.988295Z,KXBTC15M-26OCT042015-15,0.0140,36.17,yes
2026-10-05T00:12:58.026433Z,KXBTC15M-26OCT042015-15,0.0140,124.73,yes
2026-10-05T00:12:58.077549Z,KXBTC15M-26OCT042015-15,0.0140,6.00,yes
2026-10-05T00:12:58.077549Z,KXBTC15M-26OCT042015-15,0.0140,16.00,yes
2026-10-05T00:12:58.077549Z,KXBTC15M-26OCT042015-15,0.0140,15.00,yes
2026-10-05T00:12:58.077549Z,KXBTC15M-26OCT042015-15,0.0140,1.00,yes
2026-10-05T00:12:58.077549Z,KXBTC15M-26OCT042015-15,0.0140,0.01,yes
2026-10-05T00:12:58.077549Z,KXBTC15M-26OCT042015-15,0.0140,0.01,yes
2026-10-05T00:12:58.077549Z,KXBTC15M-26OCT042015-15,0.0150,86.71,yes
2026-10-05T00:12:58.168573Z,KXBTC15M-26OCT042015-15,0.0140,3.06,yes
2026-10-05T00:12:58.168573Z,KXBTC15M-26OCT042015-15,0.0140,15.00,yes
2026-10-05T00:12:58.168573Z,KXBTC15M-26OCT042015-15,0.0140,0.01,yes
2026-10-05T00:12:58.168573Z,KXBTC15M-26OCT042015-15,0.0140,0.01,yes
2026-10-05T00:12:58.193581Z,KXBTC15M-26OCT042015-15,0.0140,15.00,yes
2026-10-05T00:12:58.193581Z,KXBTC15M-26OCT042015-15,0.0140,0.01,yes
2026-10-05T00:12:58.193581Z,KXBTC15M-26OCT042015-15,0.0140,0.01,yes
2026-10-05T00:12:58.193581Z,KXBTC15M-26OCT042015-15,0.0140,3.15,yes
2026-10-05T00:12:58.193581Z,KXBTC15M-26OCT042015-15,0.0140,13.00,yes
2026-10-05T00:12:58.193581Z,KXBTC15M-26OCT042015-15,0.0150,3.50,yes
2026-10-05T00:12:58.26541Z,KXBTC15M-26OCT042015-15,0.0130,0.01,no
2026-10-05T00:12:58.26541Z,KXBTC15M-26OCT042015-15,0.0130,0.01,no
2026-10-05T00:12:58.26541Z,KXBTC15M-26OCT042015-15,0.0130,0.13,no
2026-10-05T00:12:58.273675Z,KXBTC15M-26OCT042015-15,0.0130,15.00,no
2026-10-05T00:12:58.273675Z,KXBTC15M-26OCT042015-15,0.0130,15.00,no
2026-10-05T00:12:58.273675Z,KXBTC15M-26OCT042015-15,0.0130,15.00,no
2026-10-05T00:12:58.273675Z,KXBTC15M-26OCT042015-15,0.0130,200.00,no
2026-10-05T00:12:58.273675Z,KXBTC15M-26OCT042015-15,0.0130,15.00,no
2026-10-05T00:12:58.273675Z,KXBTC15M-26OCT042015-15,0.0130,13.87,no
2026-10-05T00:12:58.273675Z,KXBTC15M-26OCT042015-15,0.0130,15.58,no
2026-10-05T00:12:58.344553Z,KXBTC15M-26OCT042015-15,0.0140,50.46,yes
2026-10-05T00:12:58.344553Z,KXBTC15M-26OCT042015-15,0.0140,0.01,yes
2026-10-05T00:12:58.344553Z,KXBTC15M-26OCT042015-15,0.0140,15.00,yes
2026-10-05T00:12:58.344553Z,KXBTC15M-26OCT042015-15,0.0140,0.01,yes
2026-10-05T00:12:58.346601Z,KXBTC15M-26OCT042015-15,0.0140,26.85,yes
2026-10-05T00:12:58.364009Z,KXBTC15M-26OCT042015-15,0.0140,60.69,yes
2026-10-05T00:12:58.364009Z,KXBTC15M-26OCT042015-15,0.0140,1.67,yes
2026-10-05T00:12:58.394372Z,KXBTC15M-26OCT042015-15,0.0060,333.79,no
2026-10-05T00:12:58.394372Z,KXBTC15M-26OCT042015-15,0.0120,1000.00,no
2026-10-05T00:12:58.394372Z,KXBTC15M-26OCT042015-15,0.0130,0.01,no
2026-10-05T00:12:58.394372Z,KXBTC15M-26OCT042015-15,0.0100,16.00,no
2026-10-05T00:12:58.394372Z,KXBTC15M-26OCT042015-15,0.0120,200.00,no
2026-10-05T00:12:58.394372Z,KXBTC15M-26OCT042015-15,0.0100,39.00,no
2026-10-05T00:12:58.394372Z,KXBTC15M-26OCT042015-15,0.0130,15.00,no
2026-10-05T00:12:58.394372Z,KXBTC15M-26OCT042015-15,0.0120,1.00,no
2026-10-05T00:12:58.394372Z,KXBTC15M-26OCT042015-15,0.0130,0.01,no
2026-10-05T00:12:58.394372Z,KXBTC15M-26OCT042015-15,0.0100,4.00,no
2026-10-05T00:12:58.394372Z,KXBTC15M-26OCT042015-15,0.0110,200.00,no
2026-10-05T00:12:58.394372Z,KXBTC15M-26OCT042015-15,0.0110,150.00,no
2026-10-05T00:12:58.394372Z,KXBTC15M-26OCT042015-15,0.0090,10.00,no
2026-10-05T00:12:58.394372Z,KXBTC15M-26OCT042015-15,0.0080,10.00,no
2026-10-05T00:12:58.394372Z,KXBTC15M-26OCT042015-15,0.0070,2.00,no
2026-10-05T00:12:58.394372Z,KXBTC15M-26OCT042015-15,0.0070,2.00,no
2026-10-05T00:12:58.394372Z,KXBTC15M-26OCT042015-15,0.0090,1500.00,no
2026-10-05T00:12:58.394372Z,KXBTC15M-26OCT042015-15,0.0090,2.00,no
2026-10-05T00:12:58.394372Z,KXBTC15M-26OCT042015-15,0.0080,2.00,no
2026-10-05T00:12:58.394372Z,KXBTC15M-26OCT042015-15,0.0080,2.00,no
2026-10-05T00:12:58.394372Z,KXBTC15M-26OCT042015-15,0.0100,17.00,no
2026-10-05T00:12:58.394372Z,KXBTC15M-26OCT042015-15,0.0080,458.00,no
2026-10-05T00:12:58.394372Z,KXBTC15M-26OCT042015-15,0.0110,17.00,no
2026-10-05T00:12:58.394372Z,KXBTC15M-26OCT042015-15,0.0100,50.00,no
2026-10-05T00:12:58.395547Z,KXBTC15M-26OCT042015-15,0.0140,163.00,yes
2026-10-05T00:12:58.395547Z,KXBTC15M-26OCT042015-15,0.0140,0.01,yes
2026-10-05T00:12:58.395547Z,KXBTC15M-26OCT042015-15,0.0200,150.00,yes
2026-10-05T00:12:58.395547Z,KXBTC15M-26OCT042015-15,0.0140,15.00,yes
2026-10-05T00:12:58.395547Z,KXBTC15M-26OCT042015-15,0.0170,1.00,yes
2026-10-05T00:12:58.395547Z,KXBTC15M-26OCT042015-15,0.0140,13.00,yes
2026-10-05T00:12:58.395547Z,KXBTC15M-26OCT042015-15,0.0140,0.01,yes
2026-10-05T00:12:58.395547Z,KXBTC15M-26OCT042015-15,0.0140,1.00,yes
2026-10-05T00:12:58.395547Z,KXBTC15M-26OCT042015-15,0.0160,15.00,yes
2026-10-05T00:12:58.395547Z,KXBTC15M-26OCT042015-15,0.0140,198.33,yes
2026-10-05T00:12:58.395547Z,KXBTC15M-26OCT042015-15,0.0140,45.00,yes
2026-10-05T00:12:58.395547Z,KXBTC15M-26OCT042015-15,0.0150,21.00,yes
2026-10-05T00:12:58.395547Z,KXBTC15M-26OCT042015-15,0.0140,500.00,yes
2026-10-05T00:12:58.395547Z,KXBTC15M-26OCT042015-15,0.0260,353.01,yes
2026-10-05T00:12:58.395547Z,KXBTC15M-26OCT042015-15,0.0200,50.00,yes
2026-10-05T00:12:58.395547Z,KXBTC15M-26OCT042015-15,0.0210,10.00,yes
2026-10-05T00:12:58.395547Z,KXBTC15M-26OCT042015-15,0.0200,2.00,yes
2026-10-05T00:12:58.395547Z,KXBTC15M-26OCT042015-15,0.0220,500.00,yes
2026-10-05T00:12:58.395547Z,KXBTC15M-26OCT042015-15,0.0240,500.00,yes
2026-10-05T00:12:58.395547Z,KXBTC15M-26OCT042015-15,0.0180,2.00,yes
2026-10-05T00:12:58.395547Z,KXBTC15M-26OCT042015-15,0.0190,10.00,yes
2026-10-05T00:12:58.395547Z,KXBTC15M-26OCT042015-15,0.0200,64.00,yes
2026-10-05T00:12:58.395547Z,KXBTC15M-26OCT042015-15,0.0200,500.00,yes
2026-10-05T00:12:58.395547Z,KXBTC15M-26OCT042015-15,0.0190,2.00,yes
2026-10-05T00:12:58.395547Z,KXBTC15M-26OCT042015-15,0.0200,64.00,yes
2026-10-05T00:12:58.395547Z,KXBTC15M-26OCT042015-15,0.0160,206.90,yes
2026-10-05T00:12:58.395547Z,KXBTC15M-26OCT042015-15,0.0180,2.00,yes
2026-10-05T00:12:58.395547Z,KXBTC15M-26OCT042015-15,0.0180,1227.77,yes
2026-10-05T00:12:58.395547Z,KXBTC15M-26OCT042015-15,0.0240,15.00,yes
2026-10-05T00:12:58.395547Z,KXBTC15M-26OCT042015-15,0.0190,2.00,yes
2026-10-05T00:12:58.395547Z,KXBTC15M-26OCT042015-15,0.0220,15.00,yes
2026-10-05T00:12:58.395547Z,KXBTC15M-26OCT042015-15,0.0150,200.00,yes
2026-10-05T00:12:58.395547Z,KXBTC15M-26OCT042015-15,0.0170,2.00,yes
2026-10-05T00:12:58.395547Z,KXBTC15M-26OCT042015-15,0.0200,15.00,yes
2026-10-05T00:12:58.404754Z,KXBTC15M-26OCT042015-15,0.0140,9.99,yes
2026-10-05T00:12:58.404754Z,KXBTC15M-26OCT042015-15,0.0140,0.01,yes
2026-10-05T00:12:58.407623Z,KXBTC15M-26OCT042015-15,0.0150,0.01,yes
2026-10-05T00:12:58.407623Z,KXBTC15M-26OCT042015-15,0.0140,54.01,yes
2026-10-05T00:12:58.407623Z,KXBTC15M-26OCT042015-15,0.0150,500.00,yes
2026-10-05T00:12:58.408217Z,KXBTC15M-26OCT042015-15,0.0150,5.06,no
2026-10-05T00:12:58.417643Z,KXBTC15M-26OCT042015-15,0.0170,0.01,yes
2026-10-05T00:12:58.417643Z,KXBTC15M-26OCT042015-15,0.0200,42.12,yes
2026-10-05T00:12:58.417643Z,KXBTC15M-26OCT042015-15,0.0190,2.00,yes
2026-10-05T00:12:58.417643Z,KXBTC15M-26OCT042015-15,0.0190,2.00,yes
2026-10-05T00:12:58.417643Z,KXBTC15M-26OCT042015-15,0.0200,150.00,yes
2026-10-05T00:12:58.417643Z,KXBTC15M-26OCT042015-15,0.0180,2.00,yes
2026-10-05T00:12:58.417643Z,KXBTC15M-26OCT042015-15,0.0170,1.00,yes
2026-10-05T00:12:58.417643Z,KXBTC15M-26OCT042015-15,0.0170,1.00,yes
2026-10-05T00:12:58.432979Z,KXBTC15M-26OCT042015-15,0.0180,15.00,yes
2026-10-05T00:12:58.435857Z,KXBTC15M-26OCT042015-15,0.0180,0.01,yes
2026-10-05T00:12:58.562519Z,KXBTC15M-26OCT042015-15,0.0160,18.40,no
2026-10-05T00:12:58.602997Z,KXBTC15M-26OCT042015-15,0.0160,277.00,no
2026-10-05T00:12:58.6624Z,KXBTC15M-26OCT042015-15,0.0160,1.31,no
2026-10-05T00:12:58.702106Z,KXBTC15M-26OCT042015-15,0.0160,111.81,no
2026-10-05T00:12:58.722834Z,KXBTC15M-26OCT042015-15,0.0170,4.23,yes
2026-10-05T00:12:58.743776Z,KXBTC15M-26OCT042015-15,0.0160,0.01,no
2026-10-05T00:12:58.743776Z,KXBTC15M-26OCT042015-15,0.0160,15.00,no
2026-10-05T00:12:58.743776Z,KXBTC15M-26OCT042015-15,0.0160,0.01,no
2026-10-05T00:12:58.743776Z,KXBTC15M-26OCT042015-15,0.0150,10.00,no
2026-10-05T00:12:58.743776Z,KXBTC15M-26OCT042015-15,0.0160,91.48,no
2026-10-05T00:12:58.743776Z,KXBTC15M-26OCT042015-15,0.0150,10.00,no
2026-10-05T00:12:58.743776Z,KXBTC15M-26OCT042015-15,0.0150,379.37,no
2026-10-05T00:12:58.757129Z,KXBTC15M-26OCT042015-15,0.0170,1.23,yes
2026-10-05T00:12:58.757129Z,KXBTC15M-26OCT042015-15,0.0170,10.77,yes
2026-10-05T00:12:58.758655Z,KXBTC15M-26OCT042015-15,0.0160,202.25,no
2026-10-05T00:12:58.802693Z,KXBTC15M-26OCT042015-15,0.0170,100.00,yes
2026-10-05T00:12:58.829289Z,KXBTC15M-26OCT042015-15,0.0170,48.00,yes
2026-10-05T00:12:58.829289Z,KXBTC15M-26OCT042015-15,0.0170,212.84,yes
2026-10-05T00:12:58.829289Z,KXBTC15M-26OCT042015-15,0.0170,1.00,yes
2026-10-05T00:12:58.829289Z,KXBTC15M-26OCT042015-15,0.0170,15.00,yes
2026-10-05T00:12:58.829289Z,KXBTC15M-26OCT042015-15,0.0170,200.00,yes
2026-10-05T00:12:58.829289Z,KXBTC15M-26OCT042015-15,0.0170,15.00,yes
2026-10-05T00:12:58.829289Z,KXBTC15M-26OCT042015-15,0.0170,0.01,yes
2026-10-05T00:12:58.829289Z,KXBTC15M-26OCT042015-15,0.0170,232.56,yes
2026-10-05T00:12:58.829289Z,KXBTC15M-26OCT042015-15,0.0170,400.00,yes
2026-10-05T00:12:58.831753Z,KXBTC15M-26OCT042015-15,0.0170,8.38,yes
2026-10-05T00:12:58.852085Z,KXBTC15M-26OCT042015-15,0.0170,53.93,yes
2026-10-05T00:12:58.880626Z,KXBTC15M-26OCT042015-15,0.0170,34.31,yes
2026-10-05T00:12:58.880626Z,KXBTC15M-26OCT042015-15,0.0170,0.01,yes
2026-10-05T00:12:58.880626Z,KXBTC15M-26OCT042015-15,0.0170,0.01,yes
2026-10-05T00:12:58.880626Z,KXBTC15M-26OCT042015-15,0.0170,1.00,yes
2026-10-05T00:12:58.880626Z,KXBTC15M-26OCT042015-15,0.0170,15.00,yes
2026-10-05T00:12:58.880626Z,KXBTC15M-26OCT042015-15,0.0170,224.85,yes
2026-10-05T00:12:58.951983Z,KXBTC15M-26OCT042015-15,0.0160,506.12,no
2026-10-05T00:12:59.075305Z,KXBTC15M-26OCT042015-15,0.0160,5.81,no
2026-10-05T00:12:59.118518Z,KXBTC15M-26OCT042015-15,0.0170,110.07,yes
2026-10-05T00:12:59.124098Z,KXBTC15M-26OCT042015-15,0.0170,110.07,yes
2026-10-05T00:12:59.158496Z,KXBTC15M-26OCT042015-15,0.0170,136.66,yes
2026-10-05T00:12:59.248329Z,KXBTC15M-26OCT042015-15,0.0170,1.00,yes
2026-10-05T00:12:59.248329Z,KXBTC15M-26OCT042015-15,0.0170,30.18,yes
2026-10-05T00:12:59.248329Z,KXBTC15M-26OCT042015-15,0.0170,35.00,yes
2026-10-05T00:12:59.248329Z,KXBTC15M-26OCT042015-15,0.0170,15.00,yes
2026-10-05T00:12:59.248329Z,KXBTC15M-26OCT042015-15,0.0170,43.20,yes
2026-10-05T00:12:59.263732Z,KXBTC15M-26OCT042015-15,0.0160,13.60,no
2026-10-05T00:12:59.297579Z,KXBTC15M-26OCT042015-15,0.0170,19.82,yes
2026-10-05T00:12:59.297579Z,KXBTC15M-26OCT042015-15,0.0170,35.00,yes
2026-10-05T00:12:59.297579Z,KXBTC15M-26OCT042015-15,0.0170,55.25,yes
2026-10-05T00:12:59.307819Z,KXBTC15M-26OCT042015-15,0.0170,300.50,yes
2026-10-05T00:12:59.307819Z,KXBTC15M-26OCT042015-15,0.0170,50.00,yes
2026-10-05T00:12:59.307819Z,KXBTC15M-26OCT042015-15,0.0170,34.75,yes
2026-10-05T00:12:59.341621Z,KXBTC15M-26OCT042015-15,0.0180,385.00,yes
2026-10-05T00:12:59.341621Z,KXBTC15M-26OCT042015-15,0.0170,400.00,yes
2026-10-05T00:12:59.341621Z,KXBTC15M-26OCT042015-15,0.0170,15.00,yes
2026-10-05T00:12:59.341621Z,KXBTC15M-26OCT042015-15,0.0180,200.00,yes
2026-10-05T00:12:59.350265Z,KXBTC15M-26OCT042015-15,0.0190,5.39,yes
2026-10-05T00:12:59.422191Z,KXBTC15M-26OCT042015-15,0.0170,15.00,yes
2026-10-05T00:12:59.422191Z,KXBTC15M-26OCT042015-15,0.0170,26.00,yes
2026-10-05T00:12:59.422191Z,KXBTC15M-26OCT042015-15,0.0170,12.93,yes
2026-10-05T00:12:59.424745Z,KXBTC15M-26OCT042015-15,0.0170,85.85,yes
2026-10-05T00:12:59.453171Z,KXBTC15M-26OCT042015-15,0.0180,11.96,yes
2026-10-05T00:12:59.453171Z,KXBTC15M-26OCT042015-15,0.0170,15.00,yes
2026-10-05T00:12:59.504143Z,KXBTC15M-26OCT042015-15,0.0170,15.00,yes
2026-10-05T00:12:59.504143Z,KXBTC15M-26OCT042015-15,0.0170,48.57,yes
2026-10-05T00:12:59.518672Z,KXBTC15M-26OCT042015-15,0.0160,3.04,no
2026-10-05T00:12:59.597988Z,KXBTC15M-26OCT042015-15,0.0160,75.00,no
2026-10-05T00:12:59.601405Z,KXBTC15M-26OCT042015-15,0.0160,20.00,no
2026-10-05T00:12:59.615173Z,KXBTC15M-26OCT042015-15,0.0160,377.00,no
2026-10-05T00:12:59.621091Z,KXBTC15M-26OCT042015-15,0.0160,15.00,no
2026-10-05T00:12:59.621091Z,KXBTC15M-26OCT042015-15,0.0140,13.00,no
2026-10-05T00:12:59.621091Z,KXBTC15M-26OCT042015-15,0.0160,1.61,no
2026-10-05T00:12:59.621091Z,KXBTC15M-26OCT042015-15,0.0160,15.00,no
2026-10-05T00:12:59.621091Z,KXBTC15M-26OCT042015-15,0.0160,15.00,no
2026-10-05T00:12:59.621091Z,KXBTC15M-26OCT042015-15,0.0160,15.00,no
2026-10-05T00:12:59.621091Z,KXBTC15M-26OCT042015-15,0.0160,15.00,no
2026-10-05T00:12:59.621091Z,KXBTC15M-26OCT042015-15,0.0140,15.00,no
2026-10-05T00:12:59.621091Z,KXBTC15M-26OCT042015-15,0.0130,500.00,no
2026-10-05T00:12:59.621091Z,KXBTC15M-26OCT042015-15,0.0160,297.18,no
2026-10-05T00:12:59.621091Z,KXBTC15M-26OCT042015-15,0.0140,15.00,no
2026-10-05T00:12:59.621091Z,KXBTC15M-26OCT042015-15,0.0130,22.00,no
2026-10-05T00:12:59.621091Z,KXBTC15M-26OCT042015-15,0.0160,0.01,no
2026-10-05T00:12:59.621091Z,KXBTC15M-26OCT042015-15,0.0160,15.00,no
2026-10-05T00:12:59.621091Z,KXBTC15M-26OCT042015-15,0.0150,10.00,no
2026-10-05T00:12:59.621091Z,KXBTC15M-26OCT042015-15,0.0160,0.01,no
2026-10-05T00:12:59.621091Z,KXBTC15M-26OCT042015-15,0.0160,15.00,no
2026-10-05T00:12:59.621091Z,KXBTC15M-26OCT042015-15,0.0160,15.00,no
2026-10-05T00:12:59.621091Z,KXBTC15M-26OCT042015-15,0.0160,1.00,no
2026-10-05T00:12:59.664355Z,KXBTC15M-26OCT042015-15,0.0160,0.01,no
2026-10-05T00:12:59.664355Z,KXBTC15M-26OCT042015-15,0.0160,0.01,no
2026-10-05T00:12:59.664355Z,KXBTC15M-26OCT042015-15,0.0130,51.70,no
2026-10-05T00:12:59.673631Z,KXBTC15M-26OCT042015-15,0.0150,11.00,yes
2026-10-05T00:12:59.688079Z,KXBTC15M-26OCT042015-15,0.0130,28.23,no
2026-10-05T00:12:59.715523Z,KXBTC15M-26OCT042015-15,0.0150,11.01,yes
2026-10-05T00:12:59.724717Z,KXBTC15M-26OCT042015-15,0.0150,110.07,yes
2026-10-05T00:12:59.757158Z,KXBTC15M-26OCT042015-15,0.0130,20.62,no
2026-10-05T00:12:59.75737Z,KXBTC15M-26OCT042015-15,0.0130,238.55,no
2026-10-05T00:12:59.770819Z,KXBTC15M-26OCT042015-15,0.0140,15.00,yes
2026-10-05T00:12:59.770819Z,KXBTC15M-26OCT042015-15,0.0140,0.01,yes
2026-10-05T00:12:59.770819Z,KXBTC15M-26OCT042015-15,0.0140,12.50,yes
2026-10-05T00:12:59.770819Z,KXBTC15M-26OCT042015-15,0.0140,0.01,yes
2026-10-05T00:12:59.78098Z,KXBTC15M-26OCT042015-15,0.0130,132.23,no
2026-10-05T00:12:59.835199Z,KXBTC15M-26OCT042015-15,0.0140,15.00,yes
2026-10-05T00:12:59.835199Z,KXBTC15M-26OCT042015-15,0.0140,400.00,yes
2026-10-05T00:12:59.835199Z,KXBTC15M-26OCT042015-15,0.0140,13.00,yes
2026-10-05T00:12:59.835199Z,KXBTC15M-26OCT042015-15,0.0140,500.00,yes
2026-10-05T00:12:59.846356Z,KXBTC15M-26OCT042015-15,0.0140,6.00,yes
2026-10-05T00:12:59.846356Z,KXBTC15M-26OCT042015-15,0.0150,8.51,yes
2026-10-05T00:12:59.858316Z,KXBTC15M-26OCT042015-15,0.0130,4.96,no
2026-10-05T00:12:59.880834Z,KXBTC15M-26OCT042015-15,0.0150,239.18,yes
2026-10-05T00:12:59.880834Z,KXBTC15M-26OCT042015-15,0.0140,15.00,yes
2026-10-05T00:12:59.880834Z,KXBTC15M-26OCT042015-15,0.0140,6.00,yes
2026-10-05T00:12:59.880834Z,KXBTC15M-26OCT042015-15,0.0140,2.00,yes
2026-10-05T00:12:59.880834Z,KXBTC15M-26OCT042015-15,0.0140,13.00,yes
2026-10-05T00:12:59.921121Z,KXBTC15M-26OCT042015-15,0.0140,13.00,yes
2026-10-05T00:12:59.921121Z,KXBTC15M-26OCT042015-15,0.0150,82.07,yes
2026-10-05T00:12:59.921121Z,KXBTC15M-26OCT042015-15,0.0140,15.00,yes
2026-10-05T00:12:59.934087Z,KXBTC15M-26OCT042015-15,0.0140,110.07,yes
2026-10-05T00:12:59.984264Z,KXBTC15M-26OCT042015-15,0.0140,4.95,yes
2026-10-05T00:12:59.984264Z,KXBTC15M-26OCT042015-15,0.0140,15.00,yes
2026-10-05T00:12:59.997868Z,KXBTC15M-26OCT042015-15,0.0130,8.44,no
2026-10-05T00:12:59.997868Z,KXBTC15M-26OCT042015-15,0.0130,1.71,no
2026-10-05T00:13:00.007379Z,KXBTC15M-26OCT042015-15,0.0130,0.01,no
2026-10-05T00:13:00.007379Z,KXBTC15M-26OCT042015-15,0.0130,0.01,no
2026-10-05T00:13:00.007379Z,KXBTC15M-26OCT042015-15,0.0130,0.42,no
2026-10-05T00:13:00.007379Z,KXBTC15M-26OCT042015-15,0.0130,6.56,no
2026-10-05T00:13:00.014413Z,KXBTC15M-26OCT042015-15,0.0130,1.00,no
2026-10-05T00:13:00.045835Z,KXBTC15M-26OCT042015-15,0.0130,13.58,no
2026-10-05T00:13:00.045835Z,KXBTC15M-26OCT042015-15,0.0130,4.76,no
2026-10-05T00:13:00.053238Z,KXBTC15M-26OCT042015-15,0.0140,320.39,yes
2026-10-05T00:13:00.058206Z,KXBTC15M-26OCT042015-15,0.0130,1.00,no
2026-10-05T00:13:00.107404Z,KXBTC15M-26OCT042015-15,0.0130,15.00,no
2026-10-05T00:13:00.107404Z,KXBTC15M-26OCT042015-15,0.0130,9.24,no
2026-10-05T00:13:00.107404Z,KXBTC15M-26OCT042015-15,0.0130,26.37,no
2026-10-05T00:13:00.117188Z,KXBTC15M-26OCT042015-15,0.0130,173.63,no
2026-10-05T00:13:00.117188Z,KXBTC15M-26OCT042015-15,0.0130,317.49,no
2026-10-05T00:13:00.117188Z,KXBTC15M-26OCT042015-15,0.0130,15.00,no
2026-10-05T00:13:00.175847Z,KXBTC15M-26OCT042015-15,0.0140,40.02,yes
2026-10-05T00:13:00.175847Z,KXBTC15M-26OCT042015-15,0.0140,0.01,yes
2026-10-05T00:13:00.175847Z,KXBTC15M-26OCT042015-15,0.0140,0.01,yes
2026-10-05T00:13:00.175847Z,KXBTC15M-26OCT042015-15,0.0140,15.00,yes
2026-10-05T00:13:00.1815Z,KXBTC15M-26OCT042015-15,0.0140,62.36,yes
2026-10-05T00:13:00.219089Z,KXBTC15M-26OCT042015-15,0.0140,59.19,yes
2026-10-05T00:13:00.30338Z,KXBTC15M-26OCT042015-15,0.0140,1.83,yes
2026-10-05T00:13:00.35997Z,KXBTC15M-26OCT042015-15,0.0140,133.63,yes
2026-10-05T00:13:00.360867Z,KXBTC15M-26OCT042015-15,0.0130,482.51,no
2026-10-05T00:13:00.360867Z,KXBTC15M-26OCT042015-15,0.0130,0.01,no
2026-10-05T00:13:00.360867Z,KXBTC15M-26OCT042015-15,0.0130,0.01,no
2026-10-05T00:13:00.360867Z,KXBTC15M-26OCT042015-15,0.0130,15.00,no
2026-10-05T00:13:00.360867Z,KXBTC15M-26OCT042015-15,0.0130,487.47,no
2026-10-05T00:13:00.360867Z,KXBTC15M-26OCT042015-15,0.0130,15.00,no
2026-10-05T00:13:00.414956Z,KXBTC15M-26OCT042015-15,0.0150,200.89,yes
2026-10-05T00:13:00.414956Z,KXBTC15M-26OCT042015-15,0.0140,13.00,yes
2026-10-05T00:13:00.414956Z,KXBTC15M-26OCT042015-15,0.0140,0.07,yes
2026-10-05T00:13:00.414956Z,KXBTC15M-26OCT042015-15,0.0140,16.67,yes
2026-10-05T00:13:00.414956Z,KXBTC15M-26OCT042015-15,0.0140,400.00,yes
2026-10-05T00:13:00.414956Z,KXBTC15M-26OCT042015-15,0.0140,5.00,yes
2026-10-05T00:13:00.414956Z,KXBTC15M-26OCT042015-15,0.0140,0.01,yes
2026-10-05T00:13:00.414956Z,KXBTC15M-26OCT042015-15,0.0140,0.01,yes
2026-10-05T00:13:00.414956Z,KXBTC15M-26OCT042015-15,0.0140,15.00,yes
2026-10-05T00:13:00.443697Z,KXBTC15M-26OCT042015-15,0.0130,0.02,no
2026-10-05T00:13:00.444382Z,KXBTC15M-26OCT042015-15,0.0130,0.02,no
2026-10-05T00:13:00.451504Z,KXBTC15M-26OCT042015-15,0.0140,15.00,yes
2026-10-05T00:13:00.451504Z,KXBTC15M-26OCT042015-15,0.0140,282.51,yes
2026-10-05T00:13:00.451504Z,KXBTC15M-26OCT042015-15,0.0140,15.00,yes
2026-10-05T00:13:00.4719Z,KXBTC15M-26OCT042015-15,0.0130,8.25,no
2026-10-05T00:13:00.479759Z,KXBTC15M-26OCT042015-15,0.0140,37.03,yes
2026-10-05T00:13:00.486634Z,KXBTC15M-26OCT042015-15,0.0140,11.26,yes
2026-10-05T00:13:00.497558Z,KXBTC15M-26OCT042015-15,0.0140,0.29,yes
2026-10-05T00:13:00.504018Z,KXBTC15M-26OCT042015-15,0.0140,1.71,yes
2026-10-05T00:13:00.523334Z,KXBTC15M-26OCT042015-15,0.0130,95.75,no
2026-10-05T00:13:00.523334Z,KXBTC15M-26OCT042015-15,0.0130,4.24,no
2026-10-05T00:13:00.523334Z,KXBTC15M-26OCT042015-15,0.0130,0.01,no
2026-10-05T00:13:00.541587Z,KXBTC15M-26OCT042015-15,0.0130,25.30,no
2026-10-05T00:13:00.552824Z,KXBTC15M-26OCT042015-15,0.0140,13.36,yes
2026-10-05T00:13:00.586012Z,KXBTC15M-26OCT042015-15,0.0140,1.64,yes
2026-10-05T00:13:00.586012Z,KXBTC15M-26OCT042015-15,0.0140,6.87,yes
2026-10-05T00:13:00.589876Z,KXBTC15M-26OCT042015-15,0.0140,124.00,yes
2026-10-05T00:13:00.62163Z,KXBTC15M-26OCT042015-15,0.0150,17.00,yes
2026-10-05T00:13:00.62163Z,KXBTC15M-26OCT042015-15,0.0140,0.01,yes
2026-10-05T00:13:00.62163Z,KXBTC15M-26OCT042015-15,0.0140,0.01,yes
2026-10-05T00:13:00.62163Z,KXBTC15M-26OCT042015-15,0.0140,15.00,yes
2026-10-05T00:13:00.62163Z,KXBTC15M-26OCT042015-15,0.0150,2.98,yes
2026-10-05T00:13:00.628012Z,KXBTC15M-26OCT042015-15,0.0130,272.42,no
2026-10-05T00:13:00.628012Z,KXBTC15M-26OCT042015-15,0.0130,15.00,no
2026-10-05T00:13:00.628012Z,KXBTC15M-26OCT042015-15,0.0130,15.00,no
2026-10-05T00:13:00.628012Z,KXBTC15M-26OCT042015-15,0.0130,15.00,no
2026-10-05T00:13:00.628012Z,KXBTC15M-26OCT042015-15,0.0130,678.95,no
2026-10-05T00:13:00.628012Z,KXBTC15M-26OCT042015-15,0.0130,15.00,no
2026-10-05T00:13:00.628012Z,KXBTC15M-26OCT042015-15,0.0130,0.01,no
2026-10-05T00:13:00.634178Z,KXBTC15M-26OCT042015-15,0.0140,65.48,yes
2026-10-05T00:13:00.663135Z,KXBTC15M-26OCT042015-15,0.0130,18.18,no
2026-10-05T00:13:00.663135Z,KXBTC15M-26OCT042015-15,0.0130,0.01,no
2026-10-05T00:13:00.663135Z,KXBTC15M-26OCT042015-15,0.0130,15.00,no
2026-10-05T00:13:00.663135Z,KXBTC15M-26OCT042015-15,0.0130,131.80,no
2026-10-05T00:13:00.672775Z,KXBTC15M-26OCT042015-15,0.0140,63.03,yes
2026-10-05T00:13:00.672775Z,KXBTC15M-26OCT042015-15,0.0140,0.01,yes
2026-10-05T00:13:00.748196Z,KXBTC15M-26OCT042015-15,0.0130,5.06,no
2026-10-05T00:13:00.750009Z,KXBTC15M-26OCT042015-15,0.0170,35.11,yes
2026-10-05T00:13:00.750009Z,KXBTC15M-26OCT042015-15,0.0160,15.00,yes
2026-10-05T00:13:00.750009Z,KXBTC15M-26OCT042015-15,0.0160,152.48,yes
2026-10-05T00:13:00.750009Z,KXBTC15M-26OCT042015-15,0.0140,15.00,yes
2026-10-05T00:13:00.750009Z,KXBTC15M-26OCT042015-15,0.0150,18.00,yes
2026-10-05T00:13:00.750009Z,KXBTC15M-26OCT042015-15,0.0160,13.00,yes
2026-10-05T00:13:00.750009Z,KXBTC15M-26OCT042015-15,0.0140,200.00,yes
2026-10-05T00:13:00.750009Z,KXBTC15M-26OCT042015-15,0.0140,0.01,yes
2026-10-05T00:13:00.750009Z,KXBTC15M-26OCT042015-15,0.0140,0.01,yes
2026-10-05T00:13:00.750009Z,KXBTC15M-26OCT042015-15,0.0140,400.00,yes
2026-10-05T00:13:00.750009Z,KXBTC15M-26OCT042015-15,0.0140,15.00,yes
2026-10-05T00:13:00.750009Z,KXBTC15M-26OCT042015-15,0.0150,200.00,yes
2026-10-05T00:13:00.77345Z,KXBTC15M-26OCT042015-15,0.0140,15.00,yes
2026-10-05T00:13:00.789824Z,KXBTC15M-26OCT042015-15,0.0140,65.48,yes
2026-10-05T00:13:00.846951Z,KXBTC15M-26OCT042015-15,0.0140,1.16,yes
2026-10-05T00:13:00.851189Z,KXBTC15M-26OCT042015-15,0.0130,1.01,no
2026-10-05T00:13:00.862331Z,KXBTC15M-26OCT042015-15,0.0140,5.26,yes
2026-10-05T00:13:00.87113Z,KXBTC15M-26OCT042015-15,0.0140,59.67,yes
2026-10-05T00:13:00.882363Z,KXBTC15M-26OCT042015-15,0.0140,133.63,yes
2026-10-05T00:13:00.906955Z,KXBTC15M-26OCT042015-15,0.0140,10.00,yes
2026-10-05T00:13:00.970181Z,KXBTC15M-26OCT042015-15,0.0130,1.01,no
2026-10-05T00:13:00.970786Z,KXBTC15M-26OCT042015-15,0.0140,278.80,yes
2026-10-05T00:13:00.970786Z,KXBTC15M-26OCT042015-15,0.0140,55.28,yes
2026-10-05T00:13:01.045018Z,KXBTC15M-26OCT042015-15,0.0140,10.62,yes
2026-10-05T00:13:01.045018Z,KXBTC15M-26OCT042015-15,0.0140,15.00,yes
2026-10-05T00:13:01.05049Z,KXBTC15M-26OCT042015-15,0.0140,6.88,yes
2026-10-05T00:13:01.05049Z,KXBTC15M-26OCT042015-15,0.0140,4.38,yes
2026-10-05T00:13:01.055192Z,KXBTC15M-26OCT042015-15,0.0140,3.12,yes
2026-10-05T00:13:01.085761Z,KXBTC15M-26OCT042015-15,0.0140,15.00,yes
2026-10-05T00:13:01.140418Z,KXBTC15M-26OCT042015-15,0.0160,45.56,yes
2026-10-05T00:13:01.140418Z,KXBTC15M-26OCT042015-15,0.0160,15.00,yes
2026-10-05T00:13:01.140418Z,KXBTC15M-26OCT042015-15,0.0160,26.00,yes
2026-10-05T00:13:01.140418Z,KXBTC15M-26OCT042015-15,0.0160,0.08,yes
2026-10-05T00:13:01.158523Z,KXBTC15M-26OCT042015-15,0.0170,50.00,yes
2026-10-05T00:13:01.172777Z,KXBTC15M-26OCT042015-15,0.0140,0.10,no
2026-10-05T00:13:01.243866Z,KXBTC15M-26OCT042015-15,0.0140,0.15,no
2026-10-05T00:13:01.269908Z,KXBTC15M-26OCT042015-15,0.0140,14.75,no
2026-10-05T00:13:01.269908Z,KXBTC15M-26OCT042015-15,0.0140,244.10,no
2026-10-05T00:13:01.308587Z,KXBTC15M-26OCT042015-15,0.0150,1.03,yes
2026-10-05T00:13:01.308587Z,KXBTC15M-26OCT042015-15,0.0150,0.07,yes
2026-10-05T00:13:01.329571Z,KXBTC15M-26OCT042015-15,0.0150,1.10,yes
2026-10-05T00:13:01.330801Z,KXBTC15M-26OCT042015-15,0.0140,95.00,no
2026-10-05T00:13:01.395563Z,KXBTC15M-26OCT042015-15,0.0140,226.47,no
2026-10-05T00:13:01.412514Z,KXBTC15M-26OCT042015-15,0.0140,0.01,no
2026-10-05T00:13:01.412514Z,KXBTC15M-26OCT042015-15,0.0140,0.01,no
2026-10-05T00:13:01.412514Z,KXBTC15M-26OCT042015-15,0.0140,200.00,no
2026-10-05T00:13:01.412514Z,KXBTC15M-26OCT042015-15,0.0140,3.55,no
2026-10-05T00:13:01.412514Z,KXBTC15M-26OCT042015-15,0.0140,13.00,no
2026-10-05T00:13:01.412514Z,KXBTC15M-26OCT042015-15,0.0140,234.43,no
2026-10-05T00:13:01.423183Z,KXBTC15M-26OCT042015-15,0.0140,5.97,no
2026-10-05T00:13:01.441791Z,KXBTC15M-26OCT042015-15,0.0150,0.01,yes
2026-10-05T00:13:01.441791Z,KXBTC15M-26OCT042015-15,0.0170,200.00,yes
2026-10-05T00:13:01.441791Z,KXBTC15M-26OCT042015-15,0.0170,0.08,yes
2026-10-05T00:13:01.441791Z,KXBTC15M-26OCT042015-15,0.0170,15.00,yes
2026-10-05T00:13:01.441791Z,KXBTC15M-26OCT042015-15,0.0170,28.00,yes
2026-10-05T00:13:01.441791Z,KXBTC15M-26OCT042015-15,0.0150,12.87,yes
2026-10-05T00:13:01.441791Z,KXBTC15M-26OCT042015-15,0.0150,0.01,yes
2026-10-05T00:13:01.441791Z,KXBTC15M-26OCT042015-15,0.0180,2.22,yes
2026-10-05T00:13:01.447703Z,KXBTC15M-26OCT042015-15,0.0140,293.00,no
2026-10-05T00:13:01.451774Z,KXBTC15M-26OCT042015-15,0.0150,1.00,no
2026-10-05T00:13:01.451774Z,KXBTC15M-26OCT042015-15,0.0140,80.00,no
2026-10-05T00:13:01.466368Z,KXBTC15M-26OCT042015-15,0.0140,15.00,no
2026-10-05T00:13:01.466368Z,KXBTC15M-26OCT042015-15,0.0150,0.01,no
2026-10-05T00:13:01.466368Z,KXBTC15M-26OCT042015-15,0.0150,14.00,no
2026-10-05T00:13:01.466368Z,KXBTC15M-26OCT042015-15,0.0140,320.98,no
2026-10-05T00:13:01.466368Z,KXBTC15M-26OCT042015-15,0.0150,0.01,no
2026-10-05T00:13:01.500689Z,KXBTC15M-26OCT042015-15,0.0150,0.01,no
2026-10-05T00:13:01.500689Z,KXBTC15M-26OCT042015-15,0.0140,66.98,no
2026-10-05T00:13:01.500689Z,KXBTC15M-26OCT042015-15,0.0150,0.01,no
2026-10-05T00:13:01.587967Z,KXBTC15M-26OCT042015-15,0.0150,14.91,no
2026-10-05T00:13:01.609247Z,KXBTC15M-26OCT042015-15,0.0170,3.49,yes
2026-10-05T00:13:01.827585Z,KXBTC15M-26OCT042015-15,0.0170,0.01,yes
2026-10-05T00:13:01.827585Z,KXBTC15M-26OCT042015-15,0.0170,0.01,yes
2026-10-05T00:13:01.827585Z,KXBTC15M-26OCT042015-15,0.0170,5.11,yes
2026-10-05T00:13:01.868214Z,KXBTC15M-26OCT042015-15,0.0170,260.03,yes
2026-10-05T00:13:01.868745Z,KXBTC15M-26OCT042015-15,0.0170,53.93,yes
2026-10-05T00:13:01.880439Z,KXBTC15M-26OCT042015-15,0.0170,334.02,yes
2026-10-05T00:13:01.880439Z,KXBTC15M-26OCT042015-15,0.0170,20.00,yes
2026-10-05T00:13:01.880439Z,KXBTC15M-26OCT042015-15,0.0170,80.93,yes
2026-10-05T00:13:01.899296Z,KXBTC15M-26OCT042015-15,0.0150,0.09,no
2026-10-05T00:13:01.899296Z,KXBTC15M-26OCT042015-15,0.0140,2.22,no
2026-10-05T00:13:01.899296Z,KXBTC15M-26OCT042015-15,0.0150,0.01,no
2026-10-05T00:13:01.899296Z,KXBTC15M-26OCT042015-15,0.0150,0.01,no
2026-10-05T00:13:01.899296Z,KXBTC15M-26OCT042015-15,0.0130,2.84,no
2026-10-05T00:13:01.899422Z,KXBTC15M-26OCT042015-15,0.0170,8.28,yes
2026-10-05T00:13:01.899422Z,KXBTC15M-26OCT042015-15,0.0170,1.00,yes
2026-10-05T00:13:01.899422Z,KXBTC15M-26OCT042015-15,0.0170,3.00,yes
2026-10-05T00:13:01.899422Z,KXBTC15M-26OCT042015-15,0.0170,1.00,yes
2026-10-05T00:13:01.902355Z,KXBTC15M-26OCT042015-15,0.0170,1.72,yes
2026-10-05T00:13:01.902355Z,KXBTC15M-26OCT042015-15,0.0170,0.01,yes
2026-10-05T00:13:01.902355Z,KXBTC15M-26OCT042015-15,0.0170,0.01,yes
2026-10-05T00:13:01.902355Z,KXBTC15M-26OCT042015-15,0.0170,53.48,yes
2026-10-05T00:13:01.926599Z,KXBTC15M-26OCT042015-15,0.0090,2.00,no
2026-10-05T00:13:01.926599Z,KXBTC15M-26OCT042015-15,0.0090,2.00,no
2026-10-05T00:13:01.926599Z,KXBTC15M-26OCT042015-15,0.0080,2.00,no
2026-10-05T00:13:01.926599Z,KXBTC15M-26OCT042015-15,0.0100,1.02,no
2026-10-05T00:13:01.926599Z,KXBTC15M-26OCT042015-15,0.0090,500.00,no
2026-10-05T00:13:01.926599Z,KXBTC15M-26OCT042015-15,0.0100,2.00,no
2026-10-05T00:13:01.926599Z,KXBTC15M-26OCT042015-15,0.0070,500.00,no
2026-10-05T00:13:01.926599Z,KXBTC15M-26OCT042015-15,0.0130,38.00,no
2026-10-05T00:13:01.926599Z,KXBTC15M-26OCT042015-15,0.0100,50.00,no
2026-10-05T00:13:01.926599Z,KXBTC15M-26OCT042015-15,0.0070,255.17,no
2026-10-05T00:13:01.926599Z,KXBTC15M-26OCT042015-15,0.0120,1500.00,no
2026-10-05T00:13:01.926599Z,KXBTC15M-26OCT042015-15,0.0100,64.00,no
2026-10-05T00:13:01.926599Z,KXBTC15M-26OCT042015-15,0.0100,1.13,no
2026-10-05T00:13:01.926599Z,KXBTC15M-26OCT042015-15,0.0130,15.00,no
2026-10-05T00:13:01.926599Z,KXBTC15M-26OCT042015-15,0.0100,10.00,no
2026-10-05T00:13:01.926599Z,KXBTC15M-26OCT042015-15,0.0130,15.00,no
2026-10-05T00:13:01.926599Z,KXBTC15M-26OCT042015-15,0.0160,0.01,no
2026-10-05T00:13:01.926599Z,KXBTC15M-26OCT042015-15,0.0080,279.55,no
2026-10-05T00:13:01.926599Z,KXBTC15M-26OCT042015-15,0.0100,0.20,no
2026-10-05T00:13:01.926599Z,KXBTC15M-26OCT042015-15,0.0110,150.00,no
2026-10-05T00:13:01.926599Z,KXBTC15M-26OCT042015-15,0.0110,2.00,no
2026-10-05T00:13:01.926599Z,KXBTC15M-26OCT042015-15,0.0150,0.01,no
2026-10-05T00:13:01.926599Z,KXBTC15M-26OCT042015-15,0.0130,15.00,no
2026-10-05T00:13:01.926599Z,KXBTC15M-26OCT042015-15,0.0130,800.00,no
2026-10-05T00:13:01.926599Z,KXBTC15M-26OCT042015-15,0.0140,0.01,no
2026-10-05T00:13:01.926599Z,KXBTC15M-26OCT042015-15,0.0130,14.00,no
2026-10-05T00:13:01.926599Z,KXBTC15M-26OCT042015-15,0.0160,0.01,no
2026-10-05T00:13:01.926599Z,KXBTC15M-26OCT042015-15,0.0100,2.00,no
2026-10-05T00:13:01.926599Z,KXBTC15M-26OCT042015-15,0.0130,15.00,no
2026-10-05T00:13:01.926599Z,KXBTC15M-26OCT042015-15,0.0130,12.16,no
2026-10-05T00:13:01.926599Z,KXBTC15M-26OCT042015-15,0.0100,699.59,no
2026-10-05T00:13:01.926599Z,KXBTC15M-26OCT042015-15,0.0100,2.95,no
2026-10-05T00:13:01.926599Z,KXBTC15M-26OCT042015-15,0.0100,1.00,no
2026-10-05T00:13:01.980961Z,KXBTC15M-26OCT042015-15,0.0100,500.00,yes
2026-10-05T00:13:01.980961Z,KXBTC15M-26OCT042015-15,0.0100,500.00,yes
2026-10-05T00:13:01.980961Z,KXBTC15M-26OCT042015-15,0.0100,0.01,yes
2026-10-05T00:13:01.980961Z,KXBTC15M-26OCT042015-15,0.0100,0.01,yes
2026-10-05T00:13:01.987995Z,KXBTC15M-26OCT042015-15,0.0110,24.03,yes
2026-10-05T00:13:01.987995Z,KXBTC15M-26OCT042015-15,0.0110,236.00,yes
2026-10-05T00:13:02.009576Z,KXBTC15M-26OCT042015-15,0.0110,11.01,yes
2026-10-05T00:13:02.020862Z,KXBTC15M-26OCT042015-15,0.0100,62.55,no
2026-10-05T00:13:02.183034Z,KXBTC15M-26OCT042015-15,0.0110,12.02,yes
2026-10-05T00:13:02.183034Z,KXBTC15M-26OCT042015-15,0.0110,164.96,yes
2026-10-05T00:13:02.183034Z,KXBTC15M-26OCT042015-15,0.0110,0.01,yes
2026-10-05T00:13:02.183034Z,KXBTC15M-26OCT042015-15,0.0110,0.01,yes
2026-10-05T00:13:02.208991Z,KXBTC15M-26OCT042015-15,0.0100,49.64,no
2026-10-05T00:13:02.233485Z,KXBTC15M-26OCT042015-15,0.0110,358.98,yes
2026-10-05T00:13:02.233485Z,KXBTC15M-26OCT042015-15,0.0110,187.00,yes
2026-10-05T00:13:02.233485Z,KXBTC15M-26OCT042015-15,0.0110,0.01,yes
2026-10-05T00:13:02.233485Z,KXBTC15M-26OCT042015-15,0.0120,200.00,yes
2026-10-05T00:13:02.233485Z,KXBTC15M-26OCT042015-15,0.0170,15.00,yes
2026-10-05T00:13:02.233485Z,KXBTC15M-26OCT042015-15,0.0140,1.00,yes
2026-10-05T00:13:02.233485Z,KXBTC15M-26OCT042015-15,0.0110,0.01,yes
2026-10-05T00:13:02.233485Z,KXBTC15M-26OCT042015-15,0.0190,379.91,yes
2026-10-05T00:13:02.233485Z,KXBTC15M-26OCT042015-15,0.0190,54.61,yes
2026-10-05T00:13:02.233485Z,KXBTC15M-26OCT042015-15,0.0190,64.00,yes
2026-10-05T00:13:02.233485Z,KXBTC15M-26OCT042015-15,0.0180,10.00,yes
2026-10-05T00:13:02.233485Z,KXBTC15M-26OCT042015-15,0.0170,29.00,yes
2026-10-05T00:13:02.233485Z,KXBTC15M-26OCT042015-15,0.0150,2.00,yes
2026-10-05T00:13:02.233485Z,KXBTC15M-26OCT042015-15,0.0150,2.00,yes
2026-10-05T00:13:02.233485Z,KXBTC15M-26OCT042015-15,0.0140,500.00,yes
2026-10-05T00:13:02.233485Z,KXBTC15M-26OCT042015-15,0.0160,500.00,yes
2026-10-05T00:13:02.233485Z,KXBTC15M-26OCT042015-15,0.0140,2.00,yes
2026-10-05T00:13:02.233485Z,KXBTC15M-26OCT042015-15,0.0160,2.00,yes
2026-10-05T00:13:02.233485Z,KXBTC15M-26OCT042015-15,0.0170,2.00,yes
2026-10-05T00:13:02.233485Z,KXBTC15M-26OCT042015-15,0.0160,2.00,yes
2026-10-05T00:13:02.233485Z,KXBTC15M-26OCT042015-15,0.0180,13.00,yes
2026-10-05T00:13:02.233485Z,KXBTC15M-26OCT042015-15,0.0150,15.00,yes
2026-10-05T00:13:02.233485Z,KXBTC15M-26OCT042015-15,0.0150,64.00,yes
2026-10-05T00:13:02.233485Z,KXBTC15M-26OCT042015-15,0.0150,64.00,yes
2026-10-05T00:13:02.233485Z,KXBTC15M-26OCT042015-15,0.0180,0.08,yes
2026-10-05T00:13:02.233485Z,KXBTC15M-26OCT042015-15,0.0120,500.00,yes
2026-10-05T00:13:02.233485Z,KXBTC15M-26OCT042015-15,0.0130,211.55,yes
2026-10-05T00:13:02.258566Z,KXBTC15M-26OCT042015-15,0.0190,5.39,yes
2026-10-05T00:13:02.301145Z,KXBTC15M-26OCT042015-15,0.0130,40.65,no
2026-10-05T00:13:02.384719Z,KXBTC15M-26OCT042015-15,0.0160,40.04,yes
2026-10-05T00:13:02.384719Z,KXBTC15M-26OCT042015-15,0.0160,15.00,yes
2026-10-05T00:13:02.398344Z,KXBTC15M-26OCT042015-15,0.0160,55.04,yes
2026-10-05T00:13:02.413456Z,KXBTC15M-26OCT042015-15,0.0130,10.09,no
2026-10-05T00:13:02.454273Z,KXBTC15M-26OCT042015-15,0.0160,27.52,yes
2026-10-05T00:13:02.482691Z,KXBTC15M-26OCT042015-15,0.0130,0.01,no
2026-10-05T00:13:02.482691Z,KXBTC15M-26OCT042015-15,0.0120,200.00,no
2026-10-05T00:13:02.482691Z,KXBTC15M-26OCT042015-15,0.0130,99.26,no
2026-10-05T00:13:02.482691Z,KXBTC15M-26OCT042015-15,0.0120,54.00,no
2026-10-05T00:13:02.482691Z,KXBTC15M-26OCT042015-15,0.0120,15.00,no
2026-10-05T00:13:02.482691Z,KXBTC15M-26OCT042015-15,0.0110,1435.44,no
2026-10-05T00:13:02.482691Z,KXBTC15M-26OCT042015-15,0.0130,200.00,no
2026-10-05T00:13:02.482691Z,KXBTC15M-26OCT042015-15,0.0130,0.01,no
2026-10-05T00:13:02.507028Z,KXBTC15M-26OCT042015-15,0.0060,1033.43,no
2026-10-05T00:13:02.507028Z,KXBTC15M-26OCT042015-15,0.0060,946.21,no
2026-10-05T00:13:02.507028Z,KXBTC15M-26OCT042015-15,0.0060,1230.00,no
2026-10-05T00:13:02.507028Z,KXBTC15M-26OCT042015-15,0.0060,50.00,no
2026-10-05T00:13:02.507028Z,KXBTC15M-26OCT042015-15,0.0060,120.00,no
2026-10-05T00:13:02.507028Z,KXBTC15M-26OCT042015-15,0.0060,1280.00,no
2026-10-05T00:13:02.507028Z,KXBTC15M-26OCT042015-15,0.0110,0.01,no
2026-10-05T00:13:02.507028Z,KXBTC15M-26OCT042015-15,0.0070,15.00,no
2026-10-05T00:13:02.507028Z,KXBTC15M-26OCT042015-15,0.0100,800.00,no
2026-10-05T00:13:02.507028Z,KXBTC15M-26OCT042015-15,0.0090,2.00,no
2026-10-05T00:13:02.507028Z,KXBTC15M-26OCT042015-15,0.0100,2.00,no
2026-10-05T00:13:02.507028Z,KXBTC15M-26OCT042015-15,0.0100,26.46,no
2026-10-05T00:13:02.507028Z,KXBTC15M-26OCT042015-15,0.0110,400.00,no
2026-10-05T00:13:02.507028Z,KXBTC15M-26OCT042015-15,0.0100,2.00,no
2026-10-05T00:13:02.507028Z,KXBTC15M-26OCT042015-15,0.0110,2.00,no
2026-10-05T00:13:02.507028Z,KXBTC15M-26OCT042015-15,0.0080,2.00,no
2026-10-05T00:13:02.507028Z,KXBTC15M-26OCT042015-15,0.0090,2.00,no
2026-10-05T00:13:02.507028Z,KXBTC15M-26OCT042015-15,0.0100,1.06,no
2026-10-05T00:13:02.507028Z,KXBTC15M-26OCT042015-15,0.0110,0.01,no
2026-10-05T00:13:02.507028Z,KXBTC15M-26OCT042015-15,0.0080,10.00,no
2026-10-05T00:13:02.507028Z,KXBTC15M-26OCT042015-15,0.0070,20.00,no
2026-10-05T00:13:02.507028Z,KXBTC15M-26OCT042015-15,0.0080,17.00,no
2026-10-05T00:13:02.507028Z,KXBTC15M-26OCT042015-15,0.0100,50.00,no
2026-10-05T00:13:02.550825Z,KXBTC15M-26OCT042015-15,0.0120,0.01,yes
2026-10-05T00:13:02.550825Z,KXBTC15M-26OCT042015-15,0.0120,500.00,yes
2026-10-05T00:13:02.550825Z,KXBTC15M-26OCT042015-15,0.0120,16.74,yes
2026-10-05T00:13:02.550825Z,KXBTC15M-26OCT042015-15,0.0120,0.01,yes
2026-10-05T00:13:02.563551Z,KXBTC15M-26OCT042015-15,0.0120,8.00,yes
2026-10-05T00:13:02.672193Z,KXBTC15M-26OCT042015-15,0.0110,0.01,no
2026-10-05T00:13:02.672193Z,KXBTC15M-26OCT042015-15,0.0110,12.35,no
2026-10-05T00:13:02.672193Z,KXBTC15M-26OCT042015-15,0.0110,0.01,no
2026-10-05T00:13:02.680237Z,KXBTC15M-26OCT042015-15,0.0120,15.00,yes
2026-10-05T00:13:02.691702Z,KXBTC15M-26OCT042015-15,0.0120,58.47,yes
2026-10-05T00:13:02.718236Z,KXBTC15M-26OCT042015-15,0.0110,0.20,no
2026-10-05T00:13:02.769942Z,KXBTC15M-26OCT042015-15,0.0120,15.58,yes
2026-10-05T00:13:02.890796Z,KXBTC15M-26OCT042015-15,0.0110,4.33,no
2026-10-05T00:13:02.905937Z,KXBTC15M-26OCT042015-15,0.0120,86.21,yes
2026-10-05T00:13:02.905937Z,KXBTC15M-26OCT042015-15,0.0120,304.28,yes
2026-10-05T00:13:02.927533Z,KXBTC15M-26OCT042015-15,0.0120,292.36,yes
2026-10-05T00:13:02.934035Z,KXBTC15M-26OCT042015-15,0.0110,10.05,no
2026-10-05T00:13:02.945948Z,KXBTC15M-26OCT042015-15,0.0120,158.47,yes
2026-10-05T00:13:02.945948Z,KXBTC15M-26OCT042015-15,0.0120,436.79,yes
2026-10-05T00:13:02.948102Z,KXBTC15M-26OCT042015-15,0.0120,15.41,yes
2026-10-05T00:13:02.948102Z,KXBTC15M-26OCT042015-15,0.0120,62.53,yes
2026-10-05T00:13:03.024664Z,KXBTC15M-26OCT042015-15,0.0120,25.41,yes
2026-10-05T00:13:03.024664Z,KXBTC15M-26OCT042015-15,0.0120,104.59,yes
2026-10-05T00:13:03.0279Z,KXBTC15M-26OCT042015-15,0.0110,0.01,no
2026-10-05T00:13:03.0279Z,KXBTC15M-26OCT042015-15,0.0110,373.07,no
2026-10-05T00:13:03.0279Z,KXBTC15M-26OCT042015-15,0.0110,0.01,no
2026-10-05T00:13:03.0279Z,KXBTC15M-26OCT042015-15,0.0110,49.00,no
2026-10-05T00:13:03.03738Z,KXBTC15M-26OCT042015-15,0.0120,24.59,yes
2026-10-05T00:13:03.03738Z,KXBTC15M-26OCT042015-15,0.0120,365.12,yes
2026-10-05T00:13:03.039023Z,KXBTC15M-26OCT042015-15,0.0120,6.41,yes
2026-10-05T00:13:03.051597Z,KXBTC15M-26OCT042015-15,0.0110,0.01,no
2026-10-05T00:13:03.051597Z,KXBTC15M-26OCT042015-15,0.0110,150.00,no
2026-10-05T00:13:03.051597Z,KXBTC15M-26OCT042015-15,0.0110,0.01,no
2026-10-05T00:13:03.051597Z,KXBTC15M-26OCT042015-15,0.0100,41.98,no
2026-10-05T00:13:03.069096Z,KXBTC15M-26OCT042015-15,0.0120,110.07,yes
2026-10-05T00:13:03.084834Z,KXBTC15M-26OCT042015-15,0.0110,5.26,no
2026-10-05T00:13:03.087747Z,KXBTC15M-26OCT042015-15,0.0120,77.94,yes
2026-10-05T00:13:03.095122Z,KXBTC15M-26OCT042015-15,0.0110,16.00,no
2026-10-05T00:13:03.109831Z,KXBTC15M-26OCT042015-15,0.0120,179.00,yes
2026-10-05T00:13:03.111851Z,KXBTC15M-26OCT042015-15,0.0120,77.94,yes
2026-10-05T00:13:03.119354Z,KXBTC15M-26OCT042015-15,0.0120,17.57,yes
2026-10-05T00:13:03.129608Z,KXBTC15M-26OCT042015-15,0.0120,40.53,yes
2026-10-05T00:13:03.150182Z,KXBTC15M-26OCT042015-15,0.0110,28.39,no
2026-10-05T00:13:03.169321Z,KXBTC15M-26OCT042015-15,0.0120,311.66,yes
2026-10-05T00:13:03.170033Z,KXBTC15M-26OCT042015-15,0.0120,35.45,yes
2026-10-05T00:13:03.170033Z,KXBTC15M-26OCT042015-15,0.0120,43.76,yes
2026-10-05T00:13:03.170747Z,KXBTC15M-26OCT042015-15,0.0110,63.51,no
2026-10-05T00:13:03.240344Z,KXBTC15M-26OCT042015-15,0.0110,52.14,no
2026-10-05T00:13:03.240344Z,KXBTC15M-26OCT042015-15,0.0110,0.01,no
2026-10-05T00:13:03.240344Z,KXBTC15M-26OCT042015-15,0.0110,0.01,no
2026-10-05T00:13:03.240344Z,KXBTC15M-26OCT042015-15,0.0110,36.84,no
2026-10-05T00:13:03.250656Z,KXBTC15M-26OCT042015-15,0.0120,26.73,yes
2026-10-05T00:13:03.267806Z,KXBTC15M-26OCT042015-15,0.0120,176.15,yes
2026-10-05T00:13:03.271449Z,KXBTC15M-26OCT042015-15,0.0110,10.00,no
2026-10-05T00:13:03.326211Z,KXBTC15M-26OCT042015-15,0.0110,9.00,no
2026-10-05T00:13:03.338721Z,KXBTC15M-26OCT042015-15,0.0110,328.86,no
2026-10-05T00:13:03.338721Z,KXBTC15M-26OCT042015-15,0.0110,680.07,no
2026-10-05T00:13:03.353065Z,KXBTC15M-26OCT042015-15,0.0120,149.65,yes
2026-10-05T00:13:03.362752Z,KXBTC15M-26OCT042015-15,0.0120,389.71,yes
2026-10-05T00:13:03.366974Z,KXBTC15M-26OCT042015-15,0.0120,229.15,yes
2026-10-05T00:13:03.431424Z,KXBTC15M-26OCT042015-15,0.0120,152.77,yes
2026-10-05T00:13:03.471191Z,KXBTC15M-26OCT042015-15,0.0120,0.01,yes
2026-10-05T00:13:03.471191Z,KXBTC15M-26OCT042015-15,0.0120,120.39,yes
2026-10-05T00:13:03.471191Z,KXBTC15M-26OCT042015-15,0.0120,269.30,yes
2026-10-05T00:13:03.471191Z,KXBTC15M-26OCT042015-15,0.0120,0.01,yes
2026-10-05T00:13:03.477173Z,KXBTC15M-26OCT042015-15,0.0110,0.01,no
2026-10-05T00:13:03.477173Z,KXBTC15M-26OCT042015-15,0.0110,0.01,no
2026-10-05T00:13:03.477173Z,KXBTC15M-26OCT042015-15,0.0100,0.18,no
2026-10-05T00:13:03.500448Z,KXBTC15M-26OCT042015-15,0.0120,389.71,yes
2026-10-05T00:13:03.552366Z,KXBTC15M-26OCT042015-15,0.0100,0.01,no
2026-10-05T00:13:03.552366Z,KXBTC15M-26OCT042015-15,0.0110,0.01,no
2026-10-05T00:13:03.552366Z,KXBTC15M-26OCT042015-15,0.0100,9.68,no
2026-10-05T00:13:03.552366Z,KXBTC15M-26OCT042015-15,0.0100,45.00,no
2026-10-05T00:13:03.552366Z,KXBTC15M-26OCT042015-15,0.0110,0.01,no
2026-10-05T00:13:03.552366Z,KXBTC15M-26OCT042015-15,0.0100,1.80,no
2026-10-05T00:13:03.552366Z,KXBTC15M-26OCT042015-15,0.0100,15.00,no
2026-10-05T00:13:03.552366Z,KXBTC15M-26OCT042015-15,0.0100,7.84,no
2026-10-05T00:13:03.575856Z,KXBTC15M-26OCT042015-15,0.0120,77.94,yes
2026-10-05T00:13:03.577475Z,KXBTC15M-26OCT042015-15,0.0120,83.70,yes
2026-10-05T00:13:03.577475Z,KXBTC15M-26OCT042015-15,0.0120,15.00,yes
2026-10-05T00:13:03.577475Z,KXBTC15M-26OCT042015-15,0.0120,209.26,yes
2026-10-05T00:13:03.625485Z,KXBTC15M-26OCT042015-15,0.0110,0.01,yes
2026-10-05T00:13:03.625485Z,KXBTC15M-26OCT042015-15,0.0110,0.01,yes
2026-10-05T00:13:03.625485Z,KXBTC15M-26OCT042015-15,0.0110,15.00,yes
2026-10-05T00:13:03.625485Z,KXBTC15M-26OCT042015-15,0.0120,0.01,yes
2026-10-05T00:13:03.625485Z,KXBTC15M-26OCT042015-15,0.0120,0.01,yes
2026-10-05T00:13:03.625485Z,KXBTC15M-26OCT042015-15,0.0130,16.66,yes
2026-10-05T00:13:03.627545Z,KXBTC15M-26OCT042015-15,0.0130,2.34,yes
2026-10-05T00:13:03.627545Z,KXBTC15M-26OCT042015-15,0.0140,295.01,yes
2026-10-05T00:13:03.658409Z,KXBTC15M-26OCT042015-15,0.0140,21.68,yes
2026-10-05T00:13:03.658409Z,KXBTC15M-26OCT042015-15,0.0140,15.00,yes
2026-10-05T00:13:03.658409Z,KXBTC15M-26OCT042015-15,0.0140,2.00,yes
2026-10-05T00:13:03.658409Z,KXBTC15M-26OCT042015-15,0.0140,204.99,yes
2026-10-05T00:13:03.671953Z,KXBTC15M-26OCT042015-15,0.0140,72.03,yes
2026-10-05T00:13:03.808166Z,KXBTC15M-26OCT042015-15,0.0130,34.35,no
2026-10-05T00:13:03.819264Z,KXBTC15M-26OCT042015-15,0.0140,6.29,yes
2026-10-05T00:13:03.819264Z,KXBTC15M-26OCT042015-15,0.0140,153.96,yes
2026-10-05T00:13:03.824259Z,KXBTC15M-26OCT042015-15,0.0140,0.01,yes
2026-10-05T00:13:03.824259Z,KXBTC15M-26OCT042015-15,0.0140,0.01,yes
2026-10-05T00:13:03.824259Z,KXBTC15M-26OCT042015-15,0.0140,43.02,yes
2026-10-05T00:13:03.824259Z,KXBTC15M-26OCT042015-15,0.0140,46.04,yes
2026-10-05T00:13:03.824259Z,KXBTC15M-26OCT042015-15,0.0140,1.00,yes
2026-10-05T00:13:03.824259Z,KXBTC15M-26OCT042015-15,0.0140,1.00,yes
2026-10-05T00:13:03.860133Z,KXBTC15M-26OCT042015-15,0.0130,14.05,no
2026-10-05T00:13:03.893431Z,KXBTC15M-26OCT042015-15,0.0130,98.85,no
2026-10-05T00:13:03.926022Z,KXBTC15M-26OCT042015-15,0.0140,4.03,yes
2026-10-05T00:13:03.93057Z,KXBTC15M-26OCT042015-15,0.0130,2.75,no
2026-10-05T00:13:03.93057Z,KXBTC15M-26OCT042015-15,0.0130,28.43,no
2026-10-05T00:13:03.93057Z,KXBTC15M-26OCT042015-15,0.0130,0.01,no
2026-10-05T00:13:03.93057Z,KXBTC15M-26OCT042015-15,0.0130,0.01,no
2026-10-05T00:13:03.949077Z,KXBTC15M-26OCT042015-15,0.0140,126.26,yes
2026-10-05T00:13:03.979448Z,KXBTC15M-26OCT042015-15,0.0140,2.50,yes
2026-10-05T00:13:04.009666Z,KXBTC15M-26OCT042015-15,0.0120,2.00,no
2026-10-05T00:13:04.009666Z,KXBTC15M-26OCT042015-15,0.0130,0.01,no
2026-10-05T00:13:04.009666Z,KXBTC15M-26OCT042015-15,0.0130,0.01,no
2026-10-05T00:13:04.033274Z,KXBTC15M-26OCT042015-15,0.0120,5.00,no
2026-10-05T00:13:04.040212Z,KXBTC15M-26OCT042015-15,0.0110,130.98,no
2026-10-05T00:13:04.040212Z,KXBTC15M-26OCT042015-15,0.0120,8.00,no
2026-10-05T00:13:04.040212Z,KXBTC15M-26OCT042015-15,0.0110,15.00,no
2026-10-05T00:13:04.040212Z,KXBTC15M-26OCT042015-15,0.0120,150.00,no
2026-10-05T00:13:04.040212Z,KXBTC15M-26OCT042015-15,0.0120,200.00,no
2026-10-05T00:13:04.040212Z,KXBTC15M-26OCT042015-15,0.0120,0.01,no
2026-10-05T00:13:04.040212Z,KXBTC15M-26OCT042015-15,0.0120,0.01,no
2026-10-05T00:13:04.045919Z,KXBTC15M-26OCT042015-15,0.0140,62.36,yes
2026-10-05T00:13:04.056337Z,KXBTC15M-26OCT042015-15,0.0120,0.01,no
2026-10-05T00:13:04.056337Z,KXBTC15M-26OCT042015-15,0.0120,0.01,no
2026-10-05T00:13:04.056337Z,KXBTC15M-26OCT042015-15,0.0120,44.98,no
2026-10-05T00:13:04.123973Z,KXBTC15M-26OCT042015-15,0.0120,99.61,no
2026-10-05T00:13:04.150768Z,KXBTC15M-26OCT042015-15,0.0120,209.05,no
2026-10-05T00:13:04.150768Z,KXBTC15M-26OCT042015-15,0.0120,0.01,no
2026-10-05T00:13:04.150768Z,KXBTC15M-26OCT042015-15,0.0120,5.41,no
2026-10-05T00:13:04.150768Z,KXBTC15M-26OCT042015-15,0.0120,0.01,no
2026-10-05T00:13:04.15088Z,KXBTC15M-26OCT042015-15,0.0140,104.79,yes
2026-10-05T00:13:04.17801Z,KXBTC15M-26OCT042015-15,0.0120,260.00,no
2026-10-05T00:13:04.178522Z,KXBTC15M-26OCT042015-15,0.0120,0.02,no
2026-10-05T00:13:04.1795Z,KXBTC15M-26OCT042015-15,0.0130,1.35,yes
2026-10-05T00:13:04.190819Z,KXBTC15M-26OCT042015-15,0.0120,169.33,no
2026-10-05T00:13:04.203725Z,KXBTC15M-26OCT042015-15,0.0120,29.87,no
2026-10-05T00:13:04.224904Z,KXBTC15M-26OCT042015-15,0.0120,0.01,no
2026-10-05T00:13:04.224904Z,KXBTC15M-26OCT042015-15,0.0110,30.75,no
2026-10-05T00:13:04.224904Z,KXBTC15M-26OCT042015-15,0.0120,0.01,no
2026-10-05T00:13:04.278824Z,KXBTC15M-26OCT042015-15,0.0110,27.46,no
2026-10-05T00:13:04.280661Z,KXBTC15M-26OCT042015-15,0.0100,15.00,no
2026-10-05T00:13:04.280661Z,KXBTC15M-26OCT042015-15,0.0100,15.00,no
2026-10-05T00:13:04.280661Z,KXBTC15M-26OCT042015-15,0.0100,50.00,no
2026-10-05T00:13:04.280661Z,KXBTC15M-26OCT042015-15,0.0100,1.86,no
2026-10-05T00:13:04.280661Z,KXBTC15M-26OCT042015-15,0.0110,91.79,no
2026-10-05T00:13:04.280661Z,KXBTC15M-26OCT042015-15,0.0110,0.01,no
2026-10-05T00:13:04.280661Z,KXBTC15M-26OCT042015-15,0.0080,24.60,no
2026-10-05T00:13:04.280661Z,KXBTC15M-26OCT042015-15,0.0110,0.01,no
2026-10-05T00:13:04.300869Z,KXBTC15M-26OCT042015-15,0.0100,3.95,no
2026-10-05T00:13:04.313201Z,KXBTC15M-26OCT042015-15,0.0110,0.01,yes
2026-10-05T00:13:04.313201Z,KXBTC15M-26OCT042015-15,0.0110,0.01,yes
2026-10-05T00:13:04.313201Z,KXBTC15M-26OCT042015-15,0.0110,10.00,yes
2026-10-05T00:13:04.313201Z,KXBTC15M-26OCT042015-15,0.0110,489.84,yes
2026-10-05T00:13:04.326913Z,KXBTC15M-26OCT042015-15,0.0110,21.92,yes
2026-10-05T00:13:04.326913Z,KXBTC15M-26OCT042015-15,0.0110,310.16,yes
2026-10-05T00:13:04.326913Z,KXBTC15M-26OCT042015-15,0.0110,2.00,yes
2026-10-05T00:13:04.328954Z,KXBTC15M-26OCT042015-15,0.0050,70.00,no
2026-10-05T00:13:04.328954Z,KXBTC15M-26OCT042015-15,0.0050,180.00,no
2026-10-05T00:13:04.328954Z,KXBTC15M-26OCT042015-15,0.0050,100.00,no
2026-10-05T00:13:04.328954Z,KXBTC15M-26OCT042015-15,0.0050,270.00,no
2026-10-05T00:13:04.328954Z,KXBTC15M-26OCT042015-15,0.0050,90.00,no
2026-10-05T00:13:04.328954Z,KXBTC15M-26OCT042015-15,0.0050,100.00,no
2026-10-05T00:13:04.328954Z,KXBTC15M-26OCT042015-15,0.0050,90.00,no
2026-10-05T00:13:04.328954Z,KXBTC15M-26OCT042015-15,0.0050,70.00,no
2026-10-05T00:13:04.328954Z,KXBTC15M-26OCT042015-15,0.0050,35.00,no
2026-10-05T00:13:04.328954Z,KXBTC15M-26OCT042015-15,0.0050,100.00,no
2026-10-05T00:13:04.328954Z,KXBTC15M-26OCT042015-15,0.0050,50.00,no
2026-10-05T00:13:04.328954Z,KXBTC15M-26OCT042015-15,0.0050,100.00,no
2026-10-05T00:13:04.328954Z,KXBTC15M-26OCT042015-15,0.0050,300.00,no
2026-10-05T00:13:04.328954Z,KXBTC15M-26OCT042015-15,0.0050,132.00,no
2026-10-05T00:13:04.328954Z,KXBTC15M-26OCT042015-15,0.0050,150.00,no
2026-10-05T00:13:04.328954Z,KXBTC15M-26OCT042015-15,0.0050,100.00,no
2026-10-05T00:13:04.328954Z,KXBTC15M-26OCT042015-15,0.0050,180.00,no
2026-10-05T00:13:04.328954Z,KXBTC15M-26OCT042015-15,0.0050,70.00,no
2026-10-05T00:13:04.328954Z,KXBTC15M-26OCT042015-15,0.0050,100.00,no
2026-10-05T00:13:04.328954Z,KXBTC15M-26OCT042015-15,0.0050,270.00,no
2026-10-05T00:13:04.328954Z,KXBTC15M-26OCT042015-15,0.0060,246.57,no
2026-10-05T00:13:04.328954Z,KXBTC15M-26OCT042015-15,0.0050,1024.00,no
2026-10-05T00:13:04.328954Z,KXBTC15M-26OCT042015-15,0.0050,400.00,no
2026-10-05T00:13:04.328954Z,KXBTC15M-26OCT042015-15,0.0050,150.00,no
2026-10-05T00:13:04.328954Z,KXBTC15M-26OCT042015-15,0.0050,2000.00,no
2026-10-05T00:13:04.328954Z,KXBTC15M-26OCT042015-15,0.0050,2000.00,no
2026-10-05T00:13:04.328954Z,KXBTC15M-26OCT042015-15,0.0050,2000.00,no
2026-10-05T00:13:04.328954Z,KXBTC15M-26OCT042015-15,0.0050,120.00,no
2026-10-05T00:13:04.328954Z,KXBTC15M-26OCT042015-15,0.0050,11.00,no
2026-10-05T00:13:04.328954Z,KXBTC15M-26OCT042015-15,0.0050,2000.00,no
2026-10-05T00:13:04.328954Z,KXBTC15M-26OCT042015-15,0.0050,90.00,no
2026-10-05T00:13:04.328954Z,KXBTC15M-26OCT042015-15,0.0050,50.00,no
2026-10-05T00:13:04.328954Z,KXBTC15M-26OCT042015-15,0.0060,0.38,no
2026-10-05T00:13:04.328954Z,KXBTC15M-26OCT042015-15,0.0050,100.00,no
2026-10-05T00:13:04.328954Z,KXBTC15M-26OCT042015-15,0.0060,2480.96,no
2026-10-05T00:13:04.328954Z,KXBTC15M-26OCT042015-15,0.0050,50.00,no
2026-10-05T00:13:04.328954Z,KXBTC15M-26OCT042015-15,0.0080,36.00,no
2026-10-05T00:13:04.328954Z,KXBTC15M-26OCT042015-15,0.0050,10.00,no
2026-10-05T00:13:04.328954Z,KXBTC15M-26OCT042015-15,0.0070,15.00,no
2026-10-05T00:13:04.328954Z,KXBTC15M-26OCT042015-15,0.0050,1214.78,no
2026-10-05T00:13:04.328954Z,KXBTC15M-26OCT042015-15,0.0080,0.01,no
2026-10-05T00:13:04.328954Z,KXBTC15M-26OCT042015-15,0.0100,146.05,no
2026-10-05T00:13:04.328954Z,KXBTC15M-26OCT042015-15,0.0100,0.01,no
2026-10-05T00:13:04.328954Z,KXBTC15M-26OCT042015-15,0.0100,0.01,no
2026-10-05T00:13:04.328954Z,KXBTC15M-26OCT042015-15,0.0100,50.00,no
2026-10-05T00:13:04.328954Z,KXBTC15M-26OCT042015-15,0.0080,0.01,no
2026-10-05T00:13:04.328954Z,KXBTC15M-26OCT042015-15,0.0050,200.00,no
2026-10-05T00:13:04.328954Z,KXBTC15M-26OCT042015-15,0.0050,180.00,no
2026-10-05T00:13:04.328954Z,KXBTC15M-26OCT042015-15,0.0050,136.00,no
2026-10-05T00:13:04.328954Z,KXBTC15M-26OCT042015-15,0.0050,50.00,no
2026-10-05T00:13:04.328954Z,KXBTC15M-26OCT042015-15,0.0050,100.00,no
2026-10-05T00:13:04.328954Z,KXBTC15M-26OCT042015-15,0.0050,50.00,no
2026-10-05T00:13:04.328954Z,KXBTC15M-26OCT042015-15,0.0050,90.00,no
2026-10-05T00:13:04.328954Z,KXBTC15M-26OCT042015-15,0.0050,50.00,no
2026-10-05T00:13:04.328954Z,KXBTC15M-26OCT042015-15,0.0050,50.00,no
2026-10-05T00:13:04.328954Z,KXBTC15M-26OCT042015-15,0.0050,90.00,no
2026-10-05T00:13:04.328954Z,KXBTC15M-26OCT042015-15,0.0050,90.00,no
2026-10-05T00:13:04.328954Z,KXBTC15M-26OCT042015-15,0.0050,50.00,no
2026-10-05T00:13:04.328954Z,KXBTC15M-26OCT042015-15,0.0050,100.00,no
2026-10-05T00:13:04.328954Z,KXBTC15M-26OCT042015-15,0.0050,35.00,no
2026-10-05T00:13:04.328954Z,KXBTC15M-26OCT042015-15,0.0050,50.00,no
2026-10-05T00:13:04.328954Z,KXBTC15M-26OCT042015-15,0.0050,50.00,no
2026-10-05T00:13:04.328954Z,KXBTC15M-26OCT042015-15,0.0050,90.00,no
2026-10-05T00:13:04.328954Z,KXBTC15M-26OCT042015-15,0.0050,200.00,no
2026-10-05T00:13:04.328954Z,KXBTC15M-26OCT042015-15,0.0050,50.00,no
2026-10-05T00:13:04.328954Z,KXBTC15M-26OCT042015-15,0.0050,90.00,no
2026-10-05T00:13:04.328954Z,KXBTC15M-26OCT042015-15,0.0050,50.00,no
2026-10-05T00:13:04.328954Z,KXBTC15M-26OCT042015-15,0.0050,50.00,no
2026-10-05T00:13:04.328954Z,KXBTC15M-26OCT042015-15,0.0050,180.00,no
2026-10-05T00:13:04.328954Z,KXBTC15M-26OCT042015-15,0.0050,50.00,no
2026-10-05T00:13:04.328954Z,KXBTC15M-26OCT042015-15,0.0050,50.00,no
2026-10-05T00:13:04.328954Z,KXBTC15M-26OCT042015-15,0.0050,90.00,no
2026-10-05T00:13:04.328954Z,KXBTC15M-26OCT042015-15,0.0050,100.00,no
2026-10-05T00:13:04.328954Z,KXBTC15M-26OCT042015-15,0.0050,90.00,no
2026-10-05T00:13:04.328954Z,KXBTC15M-26OCT042015-15,0.0050,50.00,no
2026-10-05T00:13:04.328954Z,KXBTC15M-26OCT042015-15,0.0050,90.00,no
2026-10-05T00:13:04.328954Z,KXBTC15M-26OCT042015-15,0.0050,50.00,no
2026-10-05T00:13:04.328954Z,KXBTC15M-26OCT042015-15,0.0050,100.00,no
2026-10-05T00:13:04.328954Z,KXBTC15M-26OCT042015-15,0.0050,8.00,no
2026-10-05T00:13:04.328954Z,KXBTC15M-26OCT042015-15,0.0050,50.00,no
2026-10-05T00:13:04.328954Z,KXBTC15M-26OCT042015-15,0.0050,50.00,no
2026-10-05T00:13:04.328954Z,KXBTC15M-26OCT042015-15,0.0050,90.00,no
2026-10-05T00:13:04.328954Z,KXBTC15M-26OCT042015-15,0.0050,50.00,no
2026-10-05T00:13:04.328954Z,KXBTC15M-26OCT042015-15,0.0050,35.00,no
2026-10-05T00:13:04.328954Z,KXBTC15M-26OCT042015-15,0.0050,35.00,no
2026-10-05T00:13:04.328954Z,KXBTC15M-26OCT042015-15,0.0050,90.00,no
2026-10-05T00:13:04.328954Z,KXBTC15M-26OCT042015-15,0.0050,90.00,no
2026-10-05T00:13:04.328954Z,KXBTC15M-26OCT042015-15,0.0050,5.00,no
2026-10-05T00:13:04.328954Z,KXBTC15M-26OCT042015-15,0.0050,50.00,no
2026-10-05T00:13:04.328954Z,KXBTC15M-26OCT042015-15,0.0050,50.00,no
2026-10-05T00:13:04.328954Z,KXBTC15M-26OCT042015-15,0.0050,70.00,no
2026-10-05T00:13:04.328954Z,KXBTC15M-26OCT042015-15,0.0050,35.00,no
2026-10-05T00:13:04.328954Z,KXBTC15M-26OCT042015-15,0.0050,50.00,no
2026-10-05T00:13:04.328954Z,KXBTC15M-26OCT042015-15,0.0050,35.00,no
2026-10-05T00:13:04.328954Z,KXBTC15M-26OCT042015-15,0.0050,100.00,no
2026-10-05T00:13:04.328954Z,KXBTC15M-26OCT042015-15,0.0050,100.00,no
2026-10-05T00:13:04.328954Z,KXBTC15M-26OCT042015-15,0.0050,150.00,no
2026-10-05T00:13:04.328954Z,KXBTC15M-26OCT042015-15,0.0050,90.00,no
2026-10-05T00:13:04.328954Z,KXBTC15M-26OCT042015-15,0.0050,100.00,no
2026-10-05T00:13:04.328954Z,KXBTC15M-26OCT042015-15,0.0050,100.00,no
2026-10-05T00:13:04.328954Z,KXBTC15M-26OCT042015-15,0.0050,270.00,no
2026-10-05T00:13:04.328954Z,KXBTC15M-26OCT042015-15,0.0050,90.00,no
2026-10-05T00:13:04.328954Z,KXBTC15M-26OCT042015-15,0.0050,50.00,no
2026-10-05T00:13:04.328954Z,KXBTC15M-26OCT042015-15,0.0050,50.00,no
2026-10-05T00:13:04.328954Z,KXBTC15M-26OCT042015-15,0.0050,50.00,no
2026-10-05T00:13:04.328954Z,KXBTC15M-26OCT042015-15,0.0050,300.00,no
2026-10-05T00:13:04.328954Z,KXBTC15M-26OCT042015-15,0.0050,180.00,no
2026-10-05T00:13:04.328954Z,KXBTC15M-26OCT042015-15,0.0050,50.00,no
2026-10-05T00:13:04.328954Z,KXBTC15M-26OCT042015-15,0.0050,200.00,no
2026-10-05T00:13:04.328954Z,KXBTC15M-26OCT042015-15,0.0050,50.00,no
2026-10-05T00:13:04.328954Z,KXBTC15M-26OCT042015-15,0.0050,90.00,no
2026-10-05T00:13:04.343141Z,KXBTC15M-26OCT042015-15,0.0110,343.73,yes
2026-10-05T00:13:04.343141Z,KXBTC15M-26OCT042015-15,0.0110,178.08,yes
2026-10-05T00:13:04.343141Z,KXBTC15M-26OCT042015-15,0.0110,108.00,yes
2026-10-05T00:13:04.343141Z,KXBTC15M-26OCT042015-15,0.0110,15.00,yes
2026-10-05T00:13:04.343141Z,KXBTC15M-26OCT042015-15,0.0110,0.01,yes
2026-10-05T00:13:04.343141Z,KXBTC15M-26OCT042015-15,0.0110,0.01,yes
2026-10-05T00:13:04.384933Z,KXBTC15M-26OCT042015-15,0.0110,20.00,yes
2026-10-05T00:13:04.384933Z,KXBTC15M-26OCT042015-15,0.0110,56.27,yes
2026-10-05T00:13:04.384933Z,KXBTC15M-26OCT042015-15,0.0110,246.57,yes
2026-10-05T00:13:04.384933Z,KXBTC15M-26OCT042015-15,0.0110,15.00,yes
2026-10-05T00:13:04.384933Z,KXBTC15M-26OCT042015-15,0.0110,166.98,yes
2026-10-05T00:13:04.384933Z,KXBTC15M-26OCT042015-15,0.0110,15.00,yes
2026-10-05T00:13:04.385883Z,KXBTC15M-26OCT042015-15,0.0100,50.00,no
2026-10-05T00:13:04.385883Z,KXBTC15M-26OCT042015-15,0.0100,0.01,no
2026-10-05T00:13:04.385883Z,KXBTC15M-26OCT042015-15,0.0100,15.00,no
2026-10-05T00:13:04.385883Z,KXBTC15M-26OCT042015-15,0.0060,20.00,no
2026-10-05T00:13:04.385883Z,KXBTC15M-26OCT042015-15,0.0100,366.00,no
2026-10-05T00:13:04.385883Z,KXBTC15M-26OCT042015-15,0.0100,150.00,no
2026-10-05T00:13:04.385883Z,KXBTC15M-26OCT042015-15,0.0100,0.01,no
2026-10-05T00:13:04.395793Z,KXBTC15M-26OCT042015-15,0.0060,71.42,yes
2026-10-05T00:13:04.458121Z,KXBTC15M-26OCT042015-15,0.0060,112.68,yes
2026-10-05T00:13:04.472071Z,KXBTC15M-26OCT042015-15,0.0060,36.33,yes
2026-10-05T00:13:04.477632Z,KXBTC15M-26OCT042015-15,0.0060,13.36,yes
2026-10-05T00:13:04.496137Z,KXBTC15M-26OCT042015-15,0.0060,500.00,yes
2026-10-05T00:13:04.50153Z,KXBTC15M-26OCT042015-15,0.0060,2.00,yes
2026-10-05T00:13:04.50724Z,KXBTC15M-26OCT042015-15,0.0060,15.00,yes
2026-10-05T00:13:04.509622Z,KXBTC15M-26OCT042015-15,0.0050,22.00,no
2026-10-05T00:13:04.509622Z,KXBTC15M-26OCT042015-15,0.0050,150.00,no
2026-10-05T00:13:04.509622Z,KXBTC15M-26OCT042015-15,0.0050,0.01,no
2026-10-05T00:13:04.509622Z,KXBTC15M-26OCT042015-15,0.0050,200.76,no
2026-10-05T00:13:04.509622Z,KXBTC15M-26OCT042015-15,0.0050,2785.22,no
2026-10-05T00:13:04.509622Z,KXBTC15M-26OCT042015-15,0.0050,2.00,no
2026-10-05T00:13:04.509622Z,KXBTC15M-26OCT042015-15,0.0050,0.01,no
2026-10-05T00:13:04.509622Z,KXBTC15M-26OCT042015-15,0.0050,732.00,no
2026-10-05T00:13:04.509622Z,KXBTC15M-26OCT042015-15,0.0050,2.00,no
2026-10-05T00:13:04.509622Z,KXBTC15M-26OCT042015-15,0.0050,105.00,no
2026-10-05T00:13:04.509622Z,KXBTC15M-26OCT042015-15,0.0050,400.00,no
2026-10-05T00:13:04.529152Z,KXBTC15M-26OCT042015-15,0.0050,1.00,no
2026-10-05T00:13:04.533455Z,KXBTC15M-26OCT042015-15,0.0060,0.26,yes
2026-10-05T00:13:04.533869Z,KXBTC15M-26OCT042015-15,0.0060,66.82,yes
2026-10-05T00:13:04.55825Z,KXBTC15M-26OCT042015-15,0.0060,32.70,yes
2026-10-05T00:13:04.575926Z,KXBTC15M-26OCT042015-15,0.0060,1.34,yes
2026-10-05T00:13:04.632506Z,KXBTC15M-26OCT042015-15,0.0060,36.33,yes
2026-10-05T00:13:04.637105Z,KXBTC15M-26OCT042015-15,0.0060,33.41,yes
2026-10-05T00:13:04.665072Z,KXBTC15M-26OCT042015-15,0.0060,262.72,yes
2026-10-05T00:13:04.678205Z,KXBTC15M-26OCT042015-15,0.0070,155.37,yes
2026-10-05T00:13:04.678205Z,KXBTC15M-26OCT042015-15,0.0060,120.00,yes
2026-10-05T00:13:04.678205Z,KXBTC15M-26OCT042015-15,0.0060,10.00,yes
2026-10-05T00:13:04.678205Z,KXBTC15M-26OCT042015-15,0.0060,0.01,yes
2026-10-05T00:13:04.678205Z,KXBTC15M-26OCT042015-15,0.0060,214.61,yes
2026-10-05T00:13:04.678205Z,KXBTC15M-26OCT042015-15,0.0060,0.01,yes
2026-10-05T00:13:04.693066Z,KXBTC15M-26OCT042015-15,0.0040,120.00,no
2026-10-05T00:13:04.693066Z,KXBTC15M-26OCT042015-15,0.0040,1800.00,no
2026-10-05T00:13:04.693066Z,KXBTC15M-26OCT042015-15,0.0040,1800.00,no
2026-10-05T00:13:04.693066Z,KXBTC15M-26OCT042015-15,0.0040,424.57,no
2026-10-05T00:13:04.693066Z,KXBTC15M-26OCT042015-15,0.0060,0.01,no
2026-10-05T00:13:04.693066Z,KXBTC15M-26OCT042015-15,0.0060,0.01,no
2026-10-05T00:13:04.693066Z,KXBTC15M-26OCT042015-15,0.0050,0.01,no
2026-10-05T00:13:04.693066Z,KXBTC15M-26OCT042015-15,0.0060,150.00,no
2026-10-05T00:13:04.693066Z,KXBTC15M-26OCT042015-15,0.0050,0.01,no
2026-10-05T00:13:04.693066Z,KXBTC15M-26OCT042015-15,0.0050,52.00,no
2026-10-05T00:13:04.693066Z,KXBTC15M-26OCT042015-15,0.0050,22.00,no
2026-10-05T00:13:04.693066Z,KXBTC15M-26OCT042015-15,0.0050,14.00,no
2026-10-05T00:13:04.693066Z,KXBTC15M-26OCT042015-15,0.0050,51.00,no
2026-10-05T00:13:04.693066Z,KXBTC15M-26OCT042015-15,0.0050,400.00,no
2026-10-05T00:13:04.696288Z,KXBTC15M-26OCT042015-15,0.0040,4.93,no
2026-10-05T00:13:04.697622Z,KXBTC15M-26OCT042015-15,0.0060,15.00,yes
2026-10-05T00:13:04.697622Z,KXBTC15M-26OCT042015-15,0.0070,0.01,yes
2026-10-05T00:13:04.697622Z,KXBTC15M-26OCT042015-15,0.0080,21.32,yes
2026-10-05T00:13:04.719725Z,KXBTC15M-26OCT042015-15,0.0060,15.00,no
2026-10-05T00:13:04.766732Z,KXBTC15M-26OCT042015-15,0.0060,0.01,no
2026-10-05T00:13:04.766732Z,KXBTC15M-26OCT042015-15,0.0060,0.01,no
2026-10-05T00:13:04.766732Z,KXBTC15M-26OCT042015-15,0.0060,10.10,no
2026-10-05T00:13:04.768509Z,KXBTC15M-26OCT042015-15,0.0070,0.01,yes
2026-10-05T00:13:04.78781Z,KXBTC15M-26OCT042015-15,0.0040,201.90,no
2026-10-05T00:13:04.78781Z,KXBTC15M-26OCT042015-15,0.0050,15.00,no
2026-10-05T00:13:04.78781Z,KXBTC15M-26OCT042015-15,0.0060,0.01,no
2026-10-05T00:13:04.78781Z,KXBTC15M-26OCT042015-15,0.0050,22.00,no
2026-10-05T00:13:04.78781Z,KXBTC15M-26OCT042015-15,0.0060,0.01,no
2026-10-05T00:13:04.78781Z,KXBTC15M-26OCT042015-15,0.0060,150.00,no
2026-10-05T00:13:04.78781Z,KXBTC15M-26OCT042015-15,0.0060,4.90,no
2026-10-05T00:13:04.809905Z,KXBTC15M-26OCT042015-15,0.0040,442.97,no
2026-10-05T00:13:04.809905Z,KXBTC15M-26OCT042015-15,0.0050,0.01,no
2026-10-05T00:13:04.809905Z,KXBTC15M-26OCT042015-15,0.0060,0.01,no
2026-10-05T00:13:04.809905Z,KXBTC15M-26OCT042015-15,0.0060,150.00,no
2026-10-05T00:13:04.809905Z,KXBTC15M-26OCT042015-15,0.0060,185.00,no
2026-10-05T00:13:04.809905Z,KXBTC15M-26OCT042015-15,0.0050,22.00,no
2026-10-05T00:13:04.809905Z,KXBTC15M-26OCT042015-15,0.0060,0.01,no
2026-10-05T00:13:04.83807Z,KXBTC15M-26OCT042015-15,0.0050,68.10,no
2026-10-05T00:13:04.83Z,KXBTC15M-26OCT042015-15,0.0060,7.00,yes
2026-10-05T00:13:04.83Z,KXBTC15M-26OCT042015-15,0.0050,8.00,yes
2026-10-05T00:13:04.841877Z,KXBTC15M-26OCT042015-15,0.0070,0.01,yes
2026-10-05T00:13:04.841877Z,KXBTC15M-26OCT042015-15,0.0070,13.30,yes
2026-10-05T00:13:04.841877Z,KXBTC15M-26OCT042015-15,0.0060,8.00,yes
2026-10-05T00:13:04.841877Z,KXBTC15M-26OCT042015-15,0.0070,15.00,yes
2026-10-05T00:13:04.841877Z,KXBTC15M-26OCT042015-15,0.0060,0.01,yes
2026-10-05T00:13:04.841877Z,KXBTC15M-26OCT042015-15,0.0060,0.01,yes
2026-10-05T00:13:04.881324Z,KXBTC15M-26OCT042015-15,0.0070,259.18,yes
2026-10-05T00:13:04.890578Z,KXBTC15M-26OCT042015-15,0.0070,5.14,yes
2026-10-05T00:13:04.891155Z,KXBTC15M-26OCT042015-15,0.0070,25.00,yes
2026-10-05T00:13:04.89373Z,KXBTC15M-26OCT042015-15,0.0070,13.17,yes
2026-10-05T00:13:04.902202Z,KXBTC15M-26OCT042015-15,0.0070,8.00,yes
2026-10-05T00:13:04.90792Z,KXBTC15M-26OCT042015-15,0.0070,7.26,yes
2026-10-05T00:13:04.918388Z,KXBTC15M-26OCT042015-15,0.0070,1.00,yes
2026-10-05T00:13:04.952614Z,KXBTC15M-26OCT042015-15,0.0070,115.74,yes
2026-10-05T00:13:04.962073Z,KXBTC15M-26OCT042015-15,0.0070,500.00,yes
2026-10-05T00:13:04.971731Z,KXBTC15M-26OCT042015-15,0.0070,36.33,yes
2026-10-05T00:13:05.011933Z,KXBTC15M-26OCT042015-15,0.0070,8.00,yes
2026-10-05T00:13:05.018052Z,KXBTC15M-26OCT042015-15,0.0070,5.90,yes
2026-10-05T00:13:05.029616Z,KXBTC15M-26OCT042015-15,0.0060,0.57,no
2026-10-05T00:13:05.057449Z,KXBTC15M-26OCT042015-15,0.0070,442.00,yes
2026-10-05T00:13:05.085125Z,KXBTC15M-26OCT042015-15,0.0070,232.61,yes
2026-10-05T00:13:05.09126Z,KXBTC15M-26OCT042015-15,0.0070,127.37,yes
2026-10-05T00:13:05.09126Z,KXBTC15M-26OCT042015-15,0.0070,372.63,yes
2026-10-05T00:13:05.114371Z,KXBTC15M-26OCT042015-15,0.0070,274.04,yes
2026-10-05T00:13:05.133889Z,KXBTC15M-26OCT042015-15,0.0060,90.55,no
2026-10-05T00:13:05.133889Z,KXBTC15M-26OCT042015-15,0.0060,149.43,no
2026-10-05T00:13:05.133889Z,KXBTC15M-26OCT042015-15,0.0060,0.01,no
2026-10-05T00:13:05.133889Z,KXBTC15M-26OCT042015-15,0.0060,0.01,no
2026-10-05T00:13:05.137226Z,KXBTC15M-26OCT042015-15,0.0070,32.70,yes
2026-10-05T00:13:05.157758Z,KXBTC15M-26OCT042015-15,0.0070,241.82,yes
2026-10-05T00:13:05.204074Z,KXBTC15M-26OCT042015-15,0.0070,36.33,yes
2026-10-05T00:13:05.211371Z,KXBTC15M-26OCT042015-15,0.0070,358.34,yes
2026-10-05T00:13:05.227235Z,KXBTC15M-26OCT042015-15,0.0070,484.14,yes
2026-10-05T00:13:05.227235Z,KXBTC15M-26OCT042015-15,0.0070,15.86,yes
2026-10-05T00:13:05.230129Z,KXBTC15M-26OCT042015-15,0.0060,0.01,no
2026-10-05T00:13:05.230129Z,KXBTC15M-26OCT042015-15,0.0060,0.01,no
2026-10-05T00:13:05.230129Z,KXBTC15M-26OCT042015-15,0.0060,155.09,no
2026-10-05T00:13:05.264659Z,KXBTC15M-26OCT042015-15,0.0070,56.29,yes
2026-10-05T00:13:05.27306Z,KXBTC15M-26OCT042015-15,0.0070,36.33,yes
2026-10-05T00:13:05.273635Z,KXBTC15M-26OCT042015-15,0.0070,100.00,yes
2026-10-05T00:13:05.343307Z,KXBTC15M-26OCT042015-15,0.0040,209.88,no
2026-10-05T00:13:05.343307Z,KXBTC15M-26OCT042015-15,0.0060,0.01,no
2026-10-05T00:13:05.343307Z,KXBTC15M-26OCT042015-15,0.0060,244.91,no
2026-10-05T00:13:05.343307Z,KXBTC15M-26OCT042015-15,0.0060,0.01,no
2026-10-05T00:13:05.343307Z,KXBTC15M-26OCT042015-15,0.0060,200.00,no
2026-10-05T00:13:05.343307Z,KXBTC15M-26OCT042015-15,0.0050,200.00,no
2026-10-05T00:13:05.343307Z,KXBTC15M-26OCT042015-15,0.0050,22.00,no
2026-10-05T00:13:05.343307Z,KXBTC15M-26OCT042015-15,0.0050,15.00,no
2026-10-05T00:13:05.351114Z,KXBTC15M-26OCT042015-15,0.0070,128.23,yes
2026-10-05T00:13:05.354249Z,KXBTC15M-26OCT042015-15,0.0070,4.93,yes
2026-10-05T00:13:05.354249Z,KXBTC15M-26OCT042015-15,0.0070,87.86,yes
2026-10-05T00:13:05.354249Z,KXBTC15M-26OCT042015-15,0.0070,329.20,yes
2026-10-05T00:13:05.354249Z,KXBTC15M-26OCT042015-15,0.0070,0.01,yes
2026-10-05T00:13:05.361304Z,KXBTC15M-26OCT042015-15,0.0070,32.70,yes
2026-10-05T00:13:05.366961Z,KXBTC15M-26OCT042015-15,0.0070,0.01,yes
2026-10-05T00:13:05.366961Z,KXBTC15M-26OCT042015-15,0.0070,0.01,yes
2026-10-05T00:13:05.366961Z,KXBTC15M-26OCT042015-15,0.0070,120.00,yes
2026-10-05T00:13:05.366961Z,KXBTC15M-26OCT042015-15,0.0070,201.90,yes
2026-10-05T00:13:05.366961Z,KXBTC15M-26OCT042015-15,0.0070,81.07,yes
2026-10-05T00:13:05.393977Z,KXBTC15M-26OCT042015-15,0.0090,15.00,yes
2026-10-05T00:13:05.393977Z,KXBTC15M-26OCT042015-15,0.0080,200.00,yes
2026-10-05T00:13:05.393977Z,KXBTC15M-26OCT042015-15,0.0080,0.01,yes
2026-10-05T00:13:05.393977Z,KXBTC15M-26OCT042015-15,0.0090,200.00,yes
2026-10-05T00:13:05.393977Z,KXBTC15M-26OCT042015-15,0.0080,0.01,yes
2026-10-05T00:13:05.393977Z,KXBTC15M-26OCT042015-15,0.0080,212.00,yes
2026-10-05T00:13:05.393977Z,KXBTC15M-26OCT042015-15,0.0080,54.68,yes
2026-10-05T00:13:05.393977Z,KXBTC15M-26OCT042015-15,0.0100,4.49,yes
2026-10-05T00:13:05.393977Z,KXBTC15M-26OCT042015-15,0.0080,30.00,yes
2026-10-05T00:13:05.396014Z,KXBTC15M-26OCT042015-15,0.0100,11.51,yes
2026-10-05T00:13:05.396014Z,KXBTC15M-26OCT042015-15,0.0100,58.18,yes
2026-10-05T00:13:05.406867Z,KXBTC15M-26OCT042015-15,0.0090,11.77,no
2026-10-05T00:13:05.409196Z,KXBTC15M-26OCT042015-15,0.0090,49.80,no
2026-10-05T00:13:05.444158Z,KXBTC15M-26OCT042015-15,0.0100,8.86,yes
2026-10-05T00:13:05.480329Z,KXBTC15M-26OCT042015-15,0.0100,36.33,yes
2026-10-05T00:13:05.488103Z,KXBTC15M-26OCT042015-15,0.0090,5.00,no
2026-10-05T00:13:05.503594Z,KXBTC15M-26OCT042015-15,0.0100,60.38,yes
2026-10-05T00:13:05.503594Z,KXBTC15M-26OCT042015-15,0.0100,36.63,yes
2026-10-05T00:13:05.539532Z,KXBTC15M-26OCT042015-15,0.0090,36.20,no
2026-10-05T00:13:05.597562Z,KXBTC15M-26OCT042015-15,0.0100,209.88,yes
2026-10-05T00:13:05.597562Z,KXBTC15M-26OCT042015-15,0.0100,488.00,yes
2026-10-05T00:13:05.597562Z,KXBTC15M-26OCT042015-15,0.0100,1.00,yes
2026-10-05T00:13:05.597562Z,KXBTC15M-26OCT042015-15,0.0100,60.00,yes
2026-10-05T00:13:05.597562Z,KXBTC15M-26OCT042015-15,0.0100,0.01,yes
2026-10-05T00:13:05.597562Z,KXBTC15M-26OCT042015-15,0.0100,4.49,yes
2026-10-05T00:13:05.597562Z,KXBTC15M-26OCT042015-15,0.0100,4.49,yes
2026-10-05T00:13:05.597562Z,KXBTC15M-26OCT042015-15,0.0100,0.01,yes
2026-10-05T00:13:05.597562Z,KXBTC15M-26OCT042015-15,0.0100,41.00,yes
2026-10-05T00:13:05.597562Z,KXBTC15M-26OCT042015-15,0.0100,7.02,yes
2026-10-05T00:13:05.597562Z,KXBTC15M-26OCT042015-15,0.0100,400.00,yes
2026-10-05T00:13:05.597562Z,KXBTC15M-26OCT042015-15,0.0100,4.62,yes
2026-10-05T00:13:05.597562Z,KXBTC15M-26OCT042015-15,0.0100,200.00,yes
2026-10-05T00:13:05.597562Z,KXBTC15M-26OCT042015-15,0.0110,237.88,yes
2026-10-05T00:13:05.616701Z,KXBTC15M-26OCT042015-15,0.0100,4.73,no
2026-10-05T00:13:05.64576Z,KXBTC15M-26OCT042015-15,0.0100,35.00,no
2026-10-05T00:13:05.659276Z,KXBTC15M-26OCT042015-15,0.0100,49.00,no
2026-10-05T00:13:05.666274Z,KXBTC15M-26OCT042015-15,0.0100,12.00,no
2026-10-05T00:13:05.678618Z,KXBTC15M-26OCT042015-15,0.0100,3.00,no
2026-10-05T00:13:05.704099Z,KXBTC15M-26OCT042015-15,0.0100,0.01,no
2026-10-05T00:13:05.704099Z,KXBTC15M-26OCT042015-15,0.0100,0.01,no
2026-10-05T00:13:05.704099Z,KXBTC15M-26OCT042015-15,0.0100,50.00,no
2026-10-05T00:13:05.704099Z,KXBTC15M-26OCT042015-15,0.0100,46.27,no
2026-10-05T00:13:05.704099Z,KXBTC15M-26OCT042015-15,0.0100,366.00,no
2026-10-05T00:13:05.704868Z,KXBTC15M-26OCT042015-15,0.0090,0.01,no
2026-10-05T00:13:05.704868Z,KXBTC15M-26OCT042015-15,0.0090,0.01,no
2026-10-05T00:13:05.704868Z,KXBTC15M-26OCT042015-15,0.0070,15.00,no
2026-10-05T00:13:05.704868Z,KXBTC15M-26OCT042015-15,0.0060,30.87,no
2026-10-05T00:13:05.716692Z,KXBTC15M-26OCT042015-15,0.0090,1.00,yes
2026-10-05T00:13:05.730305Z,KXBTC15M-26OCT042015-15,0.0060,0.01,no
2026-10-05T00:13:05.730305Z,KXBTC15M-26OCT042015-15,0.0060,0.01,no
2026-10-05T00:13:05.730305Z,KXBTC15M-26OCT042015-15,0.0060,297.92,no
2026-10-05T00:13:05.730305Z,KXBTC15M-26OCT042015-15,0.0060,20.00,no
2026-10-05T00:13:05.73032Z,KXBTC15M-26OCT042015-15,0.0090,9.00,yes
2026-10-05T00:13:05.73032Z,KXBTC15M-26OCT042015-15,0.0090,0.01,yes
2026-10-05T00:13:05.73032Z,KXBTC15M-26OCT042015-15,0.0090,0.01,yes
2026-10-05T00:13:05.73032Z,KXBTC15M-26OCT042015-15,0.0100,1461.98,yes
2026-10-05T00:13:05.73032Z,KXBTC15M-26OCT042015-15,0.0090,29.00,yes
2026-10-05T00:13:05.757311Z,KXBTC15M-26OCT042015-15,0.0090,1.98,no
2026-10-05T00:13:05.793092Z,KXBTC15M-26OCT042015-15,0.0100,6.09,yes
2026-10-05T00:13:05.810511Z,KXBTC15M-26OCT042015-15,0.0090,19.16,no
2026-10-05T00:13:05.817344Z,KXBTC15M-26OCT042015-15,0.0090,0.01,no
2026-10-05T00:13:05.817344Z,KXBTC15M-26OCT042015-15,0.0060,23.75,no
2026-10-05T00:13:05.817344Z,KXBTC15M-26OCT042015-15,0.0090,128.86,no
2026-10-05T00:13:05.817344Z,KXBTC15M-26OCT042015-15,0.0090,0.01,no
2026-10-05T00:13:05.82299Z,KXBTC15M-26OCT042015-15,0.0100,37.80,yes
2026-10-05T00:13:05.82299Z,KXBTC15M-26OCT042015-15,0.0100,69.64,yes
2026-10-05T00:13:05.82299Z,KXBTC15M-26OCT042015-15,0.0100,16.00,yes
2026-10-05T00:13:05.825801Z,KXBTC15M-26OCT042015-15,0.0100,62.20,yes
2026-10-05T00:13:05.834189Z,KXBTC15M-26OCT042015-15,0.0100,5.71,yes
2026-10-05T00:13:05.834189Z,KXBTC15M-26OCT042015-15,0.0090,148.00,yes
2026-10-05T00:13:05.834189Z,KXBTC15M-26OCT042015-15,0.0090,236.00,yes
2026-10-05T00:13:05.886945Z,KXBTC15M-26OCT042015-15,0.0100,1.00,yes
2026-10-05T00:13:05.886945Z,KXBTC15M-26OCT042015-15,0.0100,13.94,yes
2026-10-05T00:13:05.886945Z,KXBTC15M-26OCT042015-15,0.0100,0.01,yes
2026-10-05T00:13:05.886945Z,KXBTC15M-26OCT042015-15,0.0100,0.01,yes
2026-10-05T00:13:05.89761Z,KXBTC15M-26OCT042015-15,0.0100,10.06,yes
2026-10-05T00:13:05.89761Z,KXBTC15M-26OCT042015-15,0.0100,2.06,yes
2026-10-05T00:13:05.902084Z,KXBTC15M-26OCT042015-15,0.0100,3.00,yes
2026-10-05T00:13:05.902084Z,KXBTC15M-26OCT042015-15,0.0100,25.94,yes
2026-10-05T00:13:05.902084Z,KXBTC15M-26OCT042015-15,0.0100,71.06,yes
2026-10-05T00:13:05.946564Z,KXBTC15M-26OCT042015-15,0.0100,93.51,yes
2026-10-05T00:13:05.950315Z,KXBTC15M-26OCT042015-15,0.0100,6.31,yes
2026-10-05T00:13:05.979273Z,KXBTC15M-26OCT042015-15,0.0100,54.32,yes
2026-10-05T00:13:05.983596Z,KXBTC15M-26OCT042015-15,0.0100,5.37,yes
2026-10-05T00:13:06.032579Z,KXBTC15M-26OCT042015-15,0.0090,30.12,no
2026-10-05T00:13:06.037891Z,KXBTC15M-26OCT042015-15,0.0090,111.50,no
2026-10-05T00:13:06.062508Z,KXBTC15M-26OCT042015-15,0.0100,23.80,yes
2026-10-05T00:13:06.081551Z,KXBTC15M-26OCT042015-15,0.0090,2.06,no
2026-10-05T00:13:06.10485Z,KXBTC15M-26OCT042015-15,0.0040,427.57,no
2026-10-05T00:13:06.10485Z,KXBTC15M-26OCT042015-15,0.0040,515.75,no
2026-10-05T00:13:06.10485Z,KXBTC15M-26OCT042015-15,0.0040,1.00,no
2026-10-05T00:13:06.10485Z,KXBTC15M-26OCT042015-15,0.0040,1.00,no
2026-10-05T00:13:06.10485Z,KXBTC15M-26OCT042015-15,0.0040,1.00,no
2026-10-05T00:13:06.10485Z,KXBTC15M-26OCT042015-15,0.0040,1.00,no
2026-10-05T00:13:06.10485Z,KXBTC15M-26OCT042015-15,0.0040,13.00,no
2026-10-05T00:13:06.10485Z,KXBTC15M-26OCT042015-15,0.0040,1.00,no
2026-10-05T00:13:06.10485Z,KXBTC15M-26OCT042015-15,0.0050,200.00,no
2026-10-05T00:13:06.10485Z,KXBTC15M-26OCT042015-15,0.0050,22.00,no
2026-10-05T00:13:06.10485Z,KXBTC15M-26OCT042015-15,0.0090,0.01,no
2026-10-05T00:13:06.10485Z,KXBTC15M-26OCT042015-15,0.0090,0.01,no
2026-10-05T00:13:06.10485Z,KXBTC15M-26OCT042015-15,0.0090,6.32,no
2026-10-05T00:13:06.10485Z,KXBTC15M-26OCT042015-15,0.0060,40.00,no
2026-10-05T00:13:06.149696Z,KXBTC15M-26OCT042015-15,0.0100,0.01,yes
2026-10-05T00:13:06.149696Z,KXBTC15M-26OCT042015-15,0.0100,145.63,yes
2026-10-05T00:13:06.149696Z,KXBTC15M-26OCT042015-15,0.0100,54.35,yes
2026-10-05T00:13:06.149696Z,KXBTC15M-26OCT042015-15,0.0100,0.01,yes
2026-10-05T00:13:06.149864Z,KXBTC15M-26OCT042015-15,0.0100,26.00,yes
2026-10-05T00:13:06.149864Z,KXBTC15M-26OCT042015-15,0.0100,16.00,yes
2026-10-05T00:13:06.149864Z,KXBTC15M-26OCT042015-15,0.0100,186.42,yes
2026-10-05T00:13:06.149864Z,KXBTC15M-26OCT042015-15,0.0100,145.65,yes
2026-10-05T00:13:06.166142Z,KXBTC15M-26OCT042015-15,0.0100,42.51,yes
2026-10-05T00:13:06.307477Z,KXBTC15M-26OCT042015-15,0.0100,166.33,yes
2026-10-05T00:13:06.332106Z,KXBTC15M-26OCT042015-15,0.0090,150.00,no
2026-10-05T00:13:06.332106Z,KXBTC15M-26OCT042015-15,0.0090,0.01,no
2026-10-05T00:13:06.332106Z,KXBTC15M-26OCT042015-15,0.0090,0.01,no
2026-10-05T00:13:06.332106Z,KXBTC15M-26OCT042015-15,0.0090,99.98,no
2026-10-05T00:13:06.348065Z,KXBTC15M-26OCT042015-15,0.0090,250.00,no
2026-10-05T00:13:06.413641Z,KXBTC15M-26OCT042015-15,0.0100,32.31,yes
2026-10-05T00:13:06.413641Z,KXBTC15M-26OCT042015-15,0.0100,216.55,yes
2026-10-05T00:13:06.459196Z,KXBTC15M-26OCT042015-15,0.0100,0.01,yes
2026-10-05T00:13:06.459196Z,KXBTC15M-26OCT042015-15,0.0100,299.20,yes
2026-10-05T00:13:06.459196Z,KXBTC15M-26OCT042015-15,0.0100,0.01,yes
2026-10-05T00:13:06.459196Z,KXBTC15M-26OCT042015-15,0.0100,16.00,yes
2026-10-05T00:13:06.459196Z,KXBTC15M-26OCT042015-15,0.0100,121.37,yes
2026-10-05T00:13:06.459196Z,KXBTC15M-26OCT042015-15,0.0100,31.00,yes
2026-10-05T00:13:06.475818Z,KXBTC15M-26OCT042015-15,0.0100,93.51,yes
2026-10-05T00:13:06.520176Z,KXBTC15M-26OCT042015-15,0.0100,7.00,yes
2026-10-05T00:13:06.520176Z,KXBTC15M-26OCT042015-15,0.0100,16.00,yes
2026-10-05T00:13:06.520176Z,KXBTC15M-26OCT042015-15,0.0100,0.01,yes
2026-10-05T00:13:06.520176Z,KXBTC15M-26OCT042015-15,0.0100,0.01,yes
2026-10-05T00:13:06.520176Z,KXBTC15M-26OCT042015-15,0.0110,154.01,yes
2026-10-05T00:13:06.559691Z,KXBTC15M-26OCT042015-15,0.0090,0.01,no
2026-10-05T00:13:06.559691Z,KXBTC15M-26OCT042015-15,0.0090,49.98,no
2026-10-05T00:13:06.559691Z,KXBTC15M-26OCT042015-15,0.0090,0.01,no
2026-10-05T00:13:06.602147Z,KXBTC15M-26OCT042015-15,0.0100,0.01,yes
2026-10-05T00:13:06.602147Z,KXBTC15M-26OCT042015-15,0.0100,16.00,yes
2026-10-05T00:13:06.602147Z,KXBTC15M-26OCT042015-15,0.0100,15.00,yes
2026-10-05T00:13:06.602147Z,KXBTC15M-26OCT042015-15,0.0100,0.01,yes
2026-10-05T00:13:06.602147Z,KXBTC15M-26OCT042015-15,0.0100,58.66,yes
2026-10-05T00:13:06.602147Z,KXBTC15M-26OCT042015-15,0.0100,23.00,yes
2026-10-05T00:13:06.606154Z,KXBTC15M-26OCT042015-15,0.0090,27.73,no
2026-10-05T00:13:06.607568Z,KXBTC15M-26OCT042015-15,0.0090,0.01,no
2026-10-05T00:13:06.607568Z,KXBTC15M-26OCT042015-15,0.0090,74.74,no
2026-10-05T00:13:06.607568Z,KXBTC15M-26OCT042015-15,0.0090,0.01,no
2026-10-05T00:13:06.607568Z,KXBTC15M-26OCT042015-15,0.0090,72.29,no
2026-10-05T00:13:06.613066Z,KXBTC15M-26OCT042015-15,0.0100,6.00,yes
2026-10-05T00:13:06.613066Z,KXBTC15M-26OCT042015-15,0.0100,0.01,yes
2026-10-05T00:13:06.613066Z,KXBTC15M-26OCT042015-15,0.0100,0.01,yes
2026-10-05T00:13:06.613066Z,KXBTC15M-26OCT042015-15,0.0100,16.00,yes
2026-10-05T00:13:06.613066Z,KXBTC15M-26OCT042015-15,0.0110,233.05,yes
2026-10-05T00:13:06.653371Z,KXBTC15M-26OCT042015-15,0.0100,16.00,yes
2026-10-05T00:13:06.653371Z,KXBTC15M-26OCT042015-15,0.0100,0.01,yes
2026-10-05T00:13:06.653371Z,KXBTC15M-26OCT042015-15,0.0100,0.01,yes
2026-10-05T00:13:06.653371Z,KXBTC15M-26OCT042015-15,0.0110,31.60,yes
2026-10-05T00:13:06.655294Z,KXBTC15M-26OCT042015-15,0.0100,3.00,yes
2026-10-05T00:13:06.706857Z,KXBTC15M-26OCT042015-15,0.0090,10.06,no
2026-10-05T00:13:06.706857Z,KXBTC15M-26OCT042015-15,0.0090,0.01,no
2026-10-05T00:13:06.706857Z,KXBTC15M-26OCT042015-15,0.0090,0.01,no
2026-10-05T00:13:06.73874Z,KXBTC15M-26OCT042015-15,0.0090,2.66,no
2026-10-05T00:13:06.73874Z,KXBTC15M-26OCT042015-15,0.0090,4.94,no
2026-10-05T00:13:06.750989Z,KXBTC15M-26OCT042015-15,0.0100,0.01,yes
2026-10-05T00:13:06.750989Z,KXBTC15M-26OCT042015-15,0.0100,0.01,yes
2026-10-05T00:13:06.750989Z,KXBTC15M-26OCT042015-15,0.0100,0.26,yes
2026-10-05T00:13:06.843594Z,KXBTC15M-26OCT042015-15,0.0100,0.26,yes
2026-10-05T00:13:06.843594Z,KXBTC15M-26OCT042015-15,0.0100,6.00,yes
2026-10-05T00:13:06.843594Z,KXBTC15M-26OCT042015-15,0.0100,0.01,yes
2026-10-05T00:13:06.843594Z,KXBTC15M-26OCT042015-15,0.0100,15.74,yes
2026-10-05T00:13:06.843594Z,KXBTC15M-26OCT042015-15,0.0100,0.01,yes
2026-10-05T00:13:06.843594Z,KXBTC15M-26OCT042015-15,0.0110,7.98,yes
2026-10-05T00:13:06.886554Z,KXBTC15M-26OCT042015-15,0.0090,0.01,no
2026-10-05T00:13:06.886554Z,KXBTC15M-26OCT042015-15,0.0090,0.01,no
2026-10-05T00:13:06.886554Z,KXBTC15M-26OCT042015-15,0.0090,147.34,no
2026-10-05T00:13:06.886554Z,KXBTC15M-26OCT042015-15,0.0090,54.32,no
2026-10-05T00:13:06.886Z,KXBTC15M-26OCT042015-15,0.0100,0.01,yes
2026-10-05T00:13:06.886Z,KXBTC15M-26OCT042015-15,0.0100,16.00,yes
2026-10-05T00:13:06.886Z,KXBTC15M-26OCT042015-15,0.0100,15.00,yes
2026-10-05T00:13:06.886Z,KXBTC15M-26OCT042015-15,0.0100,400.00,yes
2026-10-05T00:13:06.886Z,KXBTC15M-26OCT042015-15,0.0100,0.01,yes
2026-10-05T00:13:06.886Z,KXBTC15M-26OCT042015-15,0.0110,3.74,yes
2026-10-05T00:13:06.887477Z,KXBTC15M-26OCT042015-15,0.0110,1.00,yes
2026-10-05T00:13:06.928702Z,KXBTC15M-26OCT042015-15,0.0100,0.01,yes
2026-10-05T00:13:06.928702Z,KXBTC15M-26OCT042015-15,0.0100,69.72,yes
2026-10-05T00:13:06.928702Z,KXBTC15M-26OCT042015-15,0.0100,0.01,yes
2026-10-05T00:13:06.928702Z,KXBTC15M-26OCT042015-15,0.0100,16.00,yes
2026-10-05T00:13:07.028102Z,KXBTC15M-26OCT042015-15,0.0100,93.51,yes
2026-10-05T00:13:07.03608Z,KXBTC15M-26OCT042015-15,0.0090,0.01,no
2026-10-05T00:13:07.03608Z,KXBTC15M-26OCT042015-15,0.0090,0.01,no
2026-10-05T00:13:07.03608Z,KXBTC15M-26OCT042015-15,0.0090,36.27,no
2026-10-05T00:13:07.047475Z,KXBTC15M-26OCT042015-15,0.0100,236.77,yes
2026-10-05T00:13:07.047475Z,KXBTC15M-26OCT042015-15,0.0100,13.39,yes
2026-10-05T00:13:07.047475Z,KXBTC15M-26OCT042015-15,0.0100,0.01,yes
2026-10-05T00:13:07.047475Z,KXBTC15M-26OCT042015-15,0.0100,6.00,yes
2026-10-05T00:13:07.047475Z,KXBTC15M-26OCT042015-15,0.0100,200.00,yes
2026-10-05T00:13:07.063002Z,KXBTC15M-26OCT042015-15,0.0110,128.98,yes
2026-10-05T00:13:07.063002Z,KXBTC15M-26OCT042015-15,0.0100,0.01,yes
2026-10-05T00:13:07.063002Z,KXBTC15M-26OCT042015-15,0.0100,13.39,yes
2026-10-05T00:13:07.063002Z,KXBTC15M-26OCT042015-15,0.0100,2.61,yes
2026-10-05T00:13:07.063002Z,KXBTC15M-26OCT042015-15,0.0100,0.01,yes
2026-10-05T00:13:07.063002Z,KXBTC15M-26OCT042015-15,0.0100,55.00,yes
2026-10-05T00:13:07.101452Z,KXBTC15M-26OCT042015-15,0.0090,95.16,no
2026-10-05T00:13:07.10457Z,KXBTC15M-26OCT042015-15,0.0040,84.43,no
2026-10-05T00:13:07.10457Z,KXBTC15M-26OCT042015-15,0.0040,49.53,no
2026-10-05T00:13:07.10457Z,KXBTC15M-26OCT042015-15,0.0090,0.01,no
2026-10-05T00:13:07.10457Z,KXBTC15M-26OCT042015-15,0.0050,22.00,no
2026-10-05T00:13:07.10457Z,KXBTC15M-26OCT042015-15,0.0090,0.01,no
2026-10-05T00:13:07.10457Z,KXBTC15M-26OCT042015-15,0.0050,15.00,no
2026-10-05T00:13:07.10457Z,KXBTC15M-26OCT042015-15,0.0080,200.00,no
2026-10-05T00:13:07.10457Z,KXBTC15M-26OCT042015-15,0.0050,64.00,no
2026-10-05T00:13:07.10457Z,KXBTC15M-26OCT042015-15,0.0090,15.00,no
2026-10-05T00:13:07.10457Z,KXBTC15M-26OCT042015-15,0.0070,43.00,no
2026-10-05T00:13:07.10457Z,KXBTC15M-26OCT042015-15,0.0050,17.00,no
2026-10-05T00:13:07.10457Z,KXBTC15M-26OCT042015-15,0.0050,64.00,no
2026-10-05T00:13:07.10457Z,KXBTC15M-26OCT042015-15,0.0090,18.57,no
2026-10-05T00:13:07.19889Z,KXBTC15M-26OCT042015-15,0.0040,97.69,no
2026-10-05T00:13:07.19889Z,KXBTC15M-26OCT042015-15,0.0050,64.00,no
2026-10-05T00:13:07.19889Z,KXBTC15M-26OCT042015-15,0.0090,500.00,no
2026-10-05T00:13:07.19889Z,KXBTC15M-26OCT042015-15,0.0080,200.00,no
2026-10-05T00:13:07.19889Z,KXBTC15M-26OCT042015-15,0.0050,93.75,no
2026-10-05T00:13:07.19889Z,KXBTC15M-26OCT042015-15,0.0090,0.01,no
2026-10-05T00:13:07.19889Z,KXBTC15M-26OCT042015-15,0.0050,15.00,no
2026-10-05T00:13:07.19889Z,KXBTC15M-26OCT042015-15,0.0090,0.01,no
2026-10-05T00:13:07.19889Z,KXBTC15M-26OCT042015-15,0.0050,22.00,no
2026-10-05T00:13:07.19889Z,KXBTC15M-26OCT042015-15,0.0050,64.00,no
2026-10-05T00:13:07.19889Z,KXBTC15M-26OCT042015-15,0.0090,200.00,no
2026-10-05T00:13:07.19889Z,KXBTC15M-26OCT042015-15,0.0090,150.00,no
2026-10-05T00:13:07.223405Z,KXBTC15M-26OCT042015-15,0.0080,0.01,no
2026-10-05T00:13:07.223405Z,KXBTC15M-26OCT042015-15,0.0080,298.29,no
2026-10-05T00:13:07.238703Z,KXBTC15M-26OCT042015-15,0.0080,5.30,no
2026-10-05T00:13:07.256126Z,KXBTC15M-26OCT042015-15,0.0080,164.23,no
2026-10-05T00:13:07.256126Z,KXBTC15M-26OCT042015-15,0.0080,0.01,no
2026-10-05T00:13:07.256126Z,KXBTC15M-26OCT042015-15,0.0080,0.01,no
2026-10-05T00:13:07.26703Z,KXBTC15M-26OCT042015-15,0.0090,0.01,yes
2026-10-05T00:13:07.26703Z,KXBTC15M-26OCT042015-15,0.0090,15.00,yes
2026-10-05T00:13:07.26703Z,KXBTC15M-26OCT042015-15,0.0100,84.43,yes
2026-10-05T00:13:07.26703Z,KXBTC15M-26OCT042015-15,0.0090,0.01,yes
2026-10-05T00:13:07.26703Z,KXBTC15M-26OCT042015-15,0.0100,0.01,yes
2026-10-05T00:13:07.26703Z,KXBTC15M-26OCT042015-15,0.0100,16.00,yes
2026-10-05T00:13:07.26703Z,KXBTC15M-26OCT042015-15,0.0100,0.01,yes
2026-10-05T00:13:07.26703Z,KXBTC15M-26OCT042015-15,0.0100,30.00,yes
2026-10-05T00:13:07.268782Z,KXBTC15M-26OCT042015-15,0.0090,80.00,no
2026-10-05T00:13:07.316881Z,KXBTC15M-26OCT042015-15,0.0110,50.02,yes
2026-10-05T00:13:07.359978Z,KXBTC15M-26OCT042015-15,0.0110,23.10,yes
2026-10-05T00:13:07.359978Z,KXBTC15M-26OCT042015-15,0.0110,8.76,yes
2026-10-05T00:13:07.420202Z,KXBTC15M-26OCT042015-15,0.0110,84.02,yes
2026-10-05T00:13:07.424759Z,KXBTC15M-26OCT042015-15,0.0110,417.31,yes
2026-10-05T00:13:07.434327Z,KXBTC15M-26OCT042015-15,0.0110,84.02,yes
2026-10-05T00:13:07.447647Z,KXBTC15M-26OCT042015-15,0.0110,0.58,yes
2026-10-05T00:13:07.603982Z,KXBTC15M-26OCT042015-15,0.0110,245.55,yes
2026-10-05T00:13:07.613835Z,KXBTC15M-26OCT042015-15,0.0110,167.34,yes
2026-10-05T00:13:07.617005Z,KXBTC15M-26OCT042015-15,0.0110,833.22,yes
2026-10-05T00:13:07.623308Z,KXBTC15M-26OCT042015-15,0.0100,8.38,no
2026-10-05T00:13:07.634479Z,KXBTC15M-26OCT042015-15,0.0100,41.62,no
2026-10-05T00:13:07.634479Z,KXBTC15M-26OCT042015-15,0.0100,0.01,no
2026-10-05T00:13:07.634479Z,KXBTC15M-26OCT042015-15,0.0100,0.01,no
2026-10-05T00:13:07.686988Z,KXBTC15M-26OCT042015-15,0.0090,45.38,no
2026-10-05T00:13:07.737858Z,KXBTC15M-26OCT042015-15,0.0090,56.05,no
2026-10-05T00:13:07.737858Z,KXBTC15M-26OCT042015-15,0.0090,24.62,no
2026-10-05T00:13:07.754048Z,KXBTC15M-26OCT042015-15,0.0100,13.32,yes
2026-10-05T00:13:07.878708Z,KXBTC15M-26OCT042015-15,0.0030,340.14,no
2026-10-05T00:13:07.878708Z,KXBTC15M-26OCT042015-15,0.0030,1395.00,no
2026-10-05T00:13:07.878708Z,KXBTC15M-26OCT042015-15,0.0030,1800.00,no
2026-10-05T00:13:07.878708Z,KXBTC15M-26OCT042015-15,0.0030,1800.00,no
2026-10-05T00:13:07.878708Z,KXBTC15M-26OCT042015-15,0.0030,120.00,no
2026-10-05T00:13:07.878708Z,KXBTC15M-26OCT042015-15,0.0030,1800.00,no
2026-10-05T00:13:07.878708Z,KXBTC15M-26OCT042015-15,0.0030,2.00,no
2026-10-05T00:13:07.878708Z,KXBTC15M-26OCT042015-15,0.0030,2.00,no
2026-10-05T00:13:07.878708Z,KXBTC15M-26OCT042015-15,0.0030,2.00,no
2026-10-05T00:13:07.878708Z,KXBTC15M-26OCT042015-15,0.0030,2.00,no
2026-10-05T00:13:07.878708Z,KXBTC15M-26OCT042015-15,0.0030,18.00,no
2026-10-05T00:13:07.878708Z,KXBTC15M-26OCT042015-15,0.0030,2.00,no
2026-10-05T00:13:07.878708Z,KXBTC15M-26OCT042015-15,0.0040,1352.78,no
2026-10-05T00:13:07.878708Z,KXBTC15M-26OCT042015-15,0.0040,15.00,no
2026-10-05T00:13:07.878708Z,KXBTC15M-26OCT042015-15,0.0050,10.00,no
2026-10-05T00:13:07.878708Z,KXBTC15M-26OCT042015-15,0.0090,400.00,no
2026-10-05T00:13:07.878708Z,KXBTC15M-26OCT042015-15,0.0070,38.00,no
2026-10-05T00:13:07.878708Z,KXBTC15M-26OCT042015-15,0.0080,200.00,no
2026-10-05T00:13:07.878708Z,KXBTC15M-26OCT042015-15,0.0040,2.00,no
2026-10-05T00:13:07.878708Z,KXBTC15M-26OCT042015-15,0.0090,0.01,no
2026-10-05T00:13:07.878708Z,KXBTC15M-26OCT042015-15,0.0040,20.00,no
2026-10-05T00:13:07.878708Z,KXBTC15M-26OCT042015-15,0.0090,0.01,no
2026-10-05T00:13:07.878708Z,KXBTC15M-26OCT042015-15,0.0050,64.00,no
2026-10-05T00:13:07.878708Z,KXBTC15M-26OCT042015-15,0.0090,350.95,no
2026-10-05T00:13:07.878708Z,KXBTC15M-26OCT042015-15,0.0090,200.00,no
2026-10-05T00:13:07.878708Z,KXBTC15M-26OCT042015-15,0.0080,15.00,no
2026-10-05T00:13:07.878708Z,KXBTC15M-26OCT042015-15,0.0040,2.00,no
2026-10-05T00:13:07.878708Z,KXBTC15M-26OCT042015-15,0.0050,64.00,no
2026-10-05T00:13:07.878708Z,KXBTC15M-26OCT042015-15,0.0040,17.00,no
2026-10-05T00:13:07.89446Z,KXBTC15M-26OCT042015-15,0.0050,22.00,no
2026-10-05T00:13:07.89446Z,KXBTC15M-26OCT042015-15,0.0040,650.60,no
2026-10-05T00:13:07.89446Z,KXBTC15M-26OCT042015-15,0.0040,17.00,no
2026-10-05T00:13:07.89446Z,KXBTC15M-26OCT042015-15,0.0040,310.40,no
2026-10-05T00:13:07.895074Z,KXBTC15M-26OCT042015-15,0.0040,12.23,no
2026-10-05T00:13:07.899069Z,KXBTC15M-26OCT042015-15,0.0050,0.01,no
2026-10-05T00:13:07.90932Z,KXBTC15M-26OCT042015-15,0.0050,379.99,yes
2026-10-05T00:13:07.917222Z,KXBTC15M-26OCT042015-15,0.0050,0.01,yes
2026-10-05T00:13:07.917222Z,KXBTC15M-26OCT042015-15,0.0050,0.01,yes
2026-10-05T00:13:07.929471Z,KXBTC15M-26OCT042015-15,0.0050,0.85,yes
2026-10-05T00:13:07.934269Z,KXBTC15M-26OCT042015-15,0.0050,1800.00,yes
2026-10-05T00:13:07.934269Z,KXBTC15M-26OCT042015-15,0.0050,119.15,yes
2026-10-05T00:13:07.934269Z,KXBTC15M-26OCT042015-15,0.0050,0.01,yes
2026-10-05T00:13:07.934269Z,KXBTC15M-26OCT042015-15,0.0050,0.01,yes
2026-10-05T00:13:07.939344Z,KXBTC15M-26OCT042015-15,0.0060,99.00,yes
2026-10-05T00:13:07.939523Z,KXBTC15M-26OCT042015-15,0.0070,1.00,yes
2026-10-05T00:13:07.939523Z,KXBTC15M-26OCT042015-15,0.0060,49.00,yes
2026-10-05T00:13:07.941636Z,KXBTC15M-26OCT042015-15,0.0070,100.00,yes
2026-10-05T00:13:07.953486Z,KXBTC15M-26OCT042015-15,0.0070,0.02,yes
2026-10-05T00:13:07.977552Z,KXBTC15M-26OCT042015-15,0.0070,50.00,yes
2026-10-05T00:13:08.008203Z,KXBTC15M-26OCT042015-15,0.0060,24.76,no
2026-10-05T00:13:08.010508Z,KXBTC15M-26OCT042015-15,0.0060,14.05,no
2026-10-05T00:13:08.043533Z,KXBTC15M-26OCT042015-15,0.0070,4.67,yes
2026-10-05T00:13:08.060916Z,KXBTC15M-26OCT042015-15,0.0060,15.00,no
2026-10-05T00:13:08.061089Z,KXBTC15M-26OCT042015-15,0.0070,51.43,yes
2026-10-05T00:13:08.083908Z,KXBTC15M-26OCT042015-15,0.0060,7.04,no
2026-10-05T00:13:08.104362Z,KXBTC15M-26OCT042015-15,0.0060,4.83,no
2026-10-05T00:13:08.171087Z,KXBTC15M-26OCT042015-15,0.0070,93.51,yes
2026-10-05T00:13:08.200367Z,KXBTC15M-26OCT042015-15,0.0060,50.00,no
2026-10-05T00:13:08.238386Z,KXBTC15M-26OCT042015-15,0.0070,85.02,yes
2026-10-05T00:13:08.336316Z,KXBTC15M-26OCT042015-15,0.0080,132.00,yes
2026-10-05T00:13:08.336316Z,KXBTC15M-26OCT042015-15,0.0070,15.00,yes
2026-10-05T00:13:08.336316Z,KXBTC15M-26OCT042015-15,0.0070,0.01,yes
2026-10-05T00:13:08.336316Z,KXBTC15M-26OCT042015-15,0.0070,1800.00,yes
2026-10-05T00:13:08.336316Z,KXBTC15M-26OCT042015-15,0.0080,36.00,yes
2026-10-05T00:13:08.336316Z,KXBTC15M-26OCT042015-15,0.0090,141.63,yes
2026-10-05T00:13:08.336316Z,KXBTC15M-26OCT042015-15,0.0070,114.35,yes
2026-10-05T00:13:08.336316Z,KXBTC15M-26OCT042015-15,0.0070,0.01,yes
2026-10-05T00:13:08.336316Z,KXBTC15M-26OCT042015-15,0.0080,200.00,yes
2026-10-05T00:13:08.382606Z,KXBTC15M-26OCT042015-15,0.0100,309.21,yes
2026-10-05T00:13:08.382606Z,KXBTC15M-26OCT042015-15,0.0090,258.37,yes
2026-10-05T00:13:08.382606Z,KXBTC15M-26OCT042015-15,0.0090,17.00,yes
2026-10-05T00:13:08.382606Z,KXBTC15M-26OCT042015-15,0.0090,15.00,yes
2026-10-05T00:13:08.382606Z,KXBTC15M-26OCT042015-15,0.0090,243.00,yes
2026-10-05T00:13:08.382606Z,KXBTC15M-26OCT042015-15,0.0090,0.07,yes
2026-10-05T00:13:08.382606Z,KXBTC15M-26OCT042015-15,0.0090,0.01,yes
2026-10-05T00:13:08.382606Z,KXBTC15M-26OCT042015-15,0.0090,0.01,yes
2026-10-05T00:13:08.395918Z,KXBTC15M-26OCT042015-15,0.0100,238.00,yes
2026-10-05T00:13:08.408481Z,KXBTC15M-26OCT042015-15,0.0090,40.86,no
2026-10-05T00:13:08.586906Z,KXBTC15M-26OCT042015-15,0.0100,467.59,yes
2026-10-05T00:13:08.602456Z,KXBTC15M-26OCT042015-15,0.0090,10.00,no
2026-10-05T00:13:08.602456Z,KXBTC15M-26OCT042015-15,0.0040,880.15,no
2026-10-05T00:13:08.602456Z,KXBTC15M-26OCT042015-15,0.0060,86.00,no
2026-10-05T00:13:08.602456Z,KXBTC15M-26OCT042015-15,0.0070,52.00,no
2026-10-05T00:13:08.602456Z,KXBTC15M-26OCT042015-15,0.0090,109.14,no
2026-10-05T00:13:08.602456Z,KXBTC15M-26OCT042015-15,0.0050,15.00,no
2026-10-05T00:13:08.602456Z,KXBTC15M-26OCT042015-15,0.0050,15.00,no
2026-10-05T00:13:08.602456Z,KXBTC15M-26OCT042015-15,0.0090,407.00,no
2026-10-05T00:13:08.602456Z,KXBTC15M-26OCT042015-15,0.0090,0.01,no
2026-10-05T00:13:08.602456Z,KXBTC15M-26OCT042015-15,0.0090,0.01,no
2026-10-05T00:13:08.602456Z,KXBTC15M-26OCT042015-15,0.0080,200.00,no
2026-10-05T00:13:08.602456Z,KXBTC15M-26OCT042015-15,0.0050,64.00,no
2026-10-05T00:13:08.602456Z,KXBTC15M-26OCT042015-15,0.0090,400.00,no
2026-10-05T00:13:08.602456Z,KXBTC15M-26OCT042015-15,0.0050,10.00,no
2026-10-05T00:13:08.633423Z,KXBTC15M-26OCT042015-15,0.0060,83.85,yes
2026-10-05T00:13:08.665829Z,KXBTC15M-26OCT042015-15,0.0060,133.58,yes
2026-10-05T00:13:08.716694Z,KXBTC15M-26OCT042015-15,0.0060,0.01,yes
2026-10-05T00:13:08.716694Z,KXBTC15M-26OCT042015-15,0.0060,26.57,yes
2026-10-05T00:13:08.716694Z,KXBTC15M-26OCT042015-15,0.0060,0.01,yes
2026-10-05T00:13:08.716694Z,KXBTC15M-26OCT042015-15,0.0060,129.00,yes
2026-10-05T00:13:08.716694Z,KXBTC15M-26OCT042015-15,0.0070,1180.13,yes
2026-10-05T00:13:08.765164Z,KXBTC15M-26OCT042015-15,0.0100,145.02,yes
2026-10-05T00:13:08.765164Z,KXBTC15M-26OCT042015-15,0.0100,696.63,yes
2026-10-05T00:13:08.765164Z,KXBTC15M-26OCT042015-15,0.0070,0.01,yes
2026-10-05T00:13:08.765164Z,KXBTC15M-26OCT042015-15,0.0070,0.01,yes
2026-10-05T00:13:08.770917Z,KXBTC15M-26OCT042015-15,0.0100,3.74,yes
2026-10-05T00:13:08.793479Z,KXBTC15M-26OCT042015-15,0.0100,93.00,yes
2026-10-05T00:13:08.830635Z,KXBTC15M-26OCT042015-15,0.0100,24.31,yes
2026-10-05T00:13:08.852115Z,KXBTC15M-26OCT042015-15,0.0040,17.00,no
2026-10-05T00:13:08.852115Z,KXBTC15M-26OCT042015-15,0.0040,15.00,no
2026-10-05T00:13:08.852115Z,KXBTC15M-26OCT042015-15,0.0040,34.85,no
2026-10-05T00:13:08.852115Z,KXBTC15M-26OCT042015-15,0.0060,47.00,no
2026-10-05T00:13:08.852115Z,KXBTC15M-26OCT042015-15,0.0090,150.00,no
2026-10-05T00:13:08.852115Z,KXBTC15M-26OCT042015-15,0.0080,200.00,no
2026-10-05T00:13:08.852115Z,KXBTC15M-26OCT042015-15,0.0090,400.00,no
2026-10-05T00:13:08.852115Z,KXBTC15M-26OCT042015-15,0.0070,0.01,no
2026-10-05T00:13:08.852115Z,KXBTC15M-26OCT042015-15,0.0040,89.20,no
2026-10-05T00:13:08.852115Z,KXBTC15M-26OCT042015-15,0.0090,0.01,no
2026-10-05T00:13:08.852115Z,KXBTC15M-26OCT042015-15,0.0050,20.00,no
2026-10-05T00:13:08.852115Z,KXBTC15M-26OCT042015-15,0.0090,0.01,no
2026-10-05T00:13:08.852115Z,KXBTC15M-26OCT042015-15,0.0050,22.00,no
2026-10-05T00:13:08.852115Z,KXBTC15M-26OCT042015-15,0.0060,10.00,no
2026-10-05T00:13:08.852115Z,KXBTC15M-26OCT042015-15,0.0070,0.01,no
2026-10-05T00:13:08.852115Z,KXBTC15M-26OCT042015-15,0.0060,1500.00,no
2026-10-05T00:13:08.852115Z,KXBTC15M-26OCT042015-15,0.0050,10.00,no
2026-10-05T00:13:08.861732Z,KXBTC15M-26OCT042015-15,0.0100,93.51,yes
2026-10-05T00:13:08.884539Z,KXBTC15M-26OCT042015-15,0.0090,0.01,no
2026-10-05T00:13:08.884539Z,KXBTC15M-26OCT042015-15,0.0090,0.01,no
2026-10-05T00:13:08.884539Z,KXBTC15M-26OCT042015-15,0.0090,14.98,no
2026-10-05T00:13:08.889454Z,KXBTC15M-26OCT042015-15,0.0100,187.03,yes
2026-10-05T00:13:08.893983Z,KXBTC15M-26OCT042015-15,0.0100,101.15,yes
2026-10-05T00:13:08.898694Z,KXBTC15M-26OCT042015-15,0.0100,23.28,yes
2026-10-05T00:13:08.904379Z,KXBTC15M-26OCT042015-15,0.0040,20.00,no
2026-10-05T00:13:08.904379Z,KXBTC15M-26OCT042015-15,0.0090,0.01,no
2026-10-05T00:13:08.904379Z,KXBTC15M-26OCT042015-15,0.0050,17.00,no
2026-10-05T00:13:08.904379Z,KXBTC15M-26OCT042015-15,0.0090,0.01,no
2026-10-05T00:13:08.904379Z,KXBTC15M-26OCT042015-15,0.0040,17.00,no
2026-10-05T00:13:08.904379Z,KXBTC15M-26OCT042015-15,0.0090,400.00,no
2026-10-05T00:13:08.904379Z,KXBTC15M-26OCT042015-15,0.0040,200.00,no
2026-10-05T00:13:08.904379Z,KXBTC15M-26OCT042015-15,0.0040,359.11,no
2026-10-05T00:13:08.904379Z,KXBTC15M-26OCT042015-15,0.0040,824.80,no
2026-10-05T00:13:08.904379Z,KXBTC15M-26OCT042015-15,0.0090,135.02,no
2026-10-05T00:13:08.913682Z,KXBTC15M-26OCT042015-15,0.0050,15.89,yes
2026-10-05T00:13:08.927208Z,KXBTC15M-26OCT042015-15,0.0050,2.32,yes
2026-10-05T00:13:08.934806Z,KXBTC15M-26OCT042015-15,0.0050,467.59,yes
2026-10-05T00:13:08.944917Z,KXBTC15M-26OCT042015-15,0.0050,26.71,yes
2026-10-05T00:13:08.964302Z,KXBTC15M-26OCT042015-15,0.0040,1.00,no
2026-10-05T00:13:08.990839Z,KXBTC15M-26OCT042015-15,0.0050,91.26,yes
2026-10-05T00:13:08.993854Z,KXBTC15M-26OCT042015-15,0.0040,17.00,no
2026-10-05T00:13:08.993854Z,KXBTC15M-26OCT042015-15,0.0040,19.00,no
2026-10-05T00:13:08.993854Z,KXBTC15M-26OCT042015-15,0.0040,13.27,no
2026-10-05T00:13:08.997692Z,KXBTC15M-26OCT042015-15,0.0050,645.00,yes
2026-10-05T00:13:09.032576Z,KXBTC15M-26OCT042015-15,0.0050,0.01,yes
2026-10-05T00:13:09.032576Z,KXBTC15M-26OCT042015-15,0.0050,9.99,yes
2026-10-05T00:13:09.086759Z,KXBTC15M-26OCT042015-15,0.0050,0.58,yes
2026-10-05T00:13:09.102177Z,KXBTC15M-26OCT042015-15,0.0090,26.00,yes
2026-10-05T00:13:09.102177Z,KXBTC15M-26OCT042015-15,0.0050,0.01,yes
2026-10-05T00:13:09.102177Z,KXBTC15M-26OCT042015-15,0.0080,16.00,yes
2026-10-05T00:13:09.102177Z,KXBTC15M-26OCT042015-15,0.0050,4.43,yes
2026-10-05T00:13:09.102177Z,KXBTC15M-26OCT042015-15,0.0050,0.01,yes
2026-10-05T00:13:09.102177Z,KXBTC15M-26OCT042015-15,0.0050,3.48,yes
2026-10-05T00:13:09.102177Z,KXBTC15M-26OCT042015-15,0.0090,137.10,yes
2026-10-05T00:13:09.115373Z,KXBTC15M-26OCT042015-15,0.0070,93.51,yes
2026-10-05T00:13:09.178397Z,KXBTC15M-26OCT042015-15,0.0080,60.72,yes
2026-10-05T00:13:09.187373Z,KXBTC15M-26OCT042015-15,0.0080,0.01,yes
2026-10-05T00:13:09.187373Z,KXBTC15M-26OCT042015-15,0.0080,0.98,yes
2026-10-05T00:13:09.187373Z,KXBTC15M-26OCT042015-15,0.0080,0.01,yes
2026-10-05T00:13:09.242845Z,KXBTC15M-26OCT042015-15,0.0080,26.54,yes
2026-10-05T00:13:09.243712Z,KXBTC15M-26OCT042015-15,0.0080,0.35,yes
2026-10-05T00:13:09.267282Z,KXBTC15M-26OCT042015-15,0.0080,12.07,yes
2026-10-05T00:13:09.288413Z,KXBTC15M-26OCT042015-15,0.0080,47.00,yes
2026-10-05T00:13:09.289024Z,KXBTC15M-26OCT042015-15,0.0080,0.01,yes
2026-10-05T00:13:09.289024Z,KXBTC15M-26OCT042015-15,0.0080,16.00,yes
2026-10-05T00:13:09.289024Z,KXBTC15M-26OCT042015-15,0.0080,0.01,yes
2026-10-05T00:13:09.289024Z,KXBTC15M-26OCT042015-15,0.0080,15.00,yes
2026-10-05T00:13:09.289024Z,KXBTC15M-26OCT042015-15,0.0080,49.06,yes
2026-10-05T00:13:09.289024Z,KXBTC15M-26OCT042015-15,0.0090,19.02,yes
2026-10-05T00:13:09.289024Z,KXBTC15M-26OCT042015-15,0.0090,143.90,yes
2026-10-05T00:13:09.294492Z,KXBTC15M-26OCT042015-15,0.0100,23.61,yes
2026-10-05T00:13:09.294492Z,KXBTC15M-26OCT042015-15,0.0090,208.98,yes
2026-10-05T00:13:09.294492Z,KXBTC15M-26OCT042015-15,0.0090,18.00,yes
2026-10-05T00:13:09.294492Z,KXBTC15M-26OCT042015-15,0.0090,200.00,yes
2026-10-05T00:13:09.294492Z,KXBTC15M-26OCT042015-15,0.0090,17.00,yes
2026-10-05T00:13:09.350753Z,KXBTC15M-26OCT042015-15,0.0100,51.98,yes
2026-10-05T00:13:09.352316Z,KXBTC15M-26OCT042015-15,0.0090,400.00,no
2026-10-05T00:13:09.352316Z,KXBTC15M-26OCT042015-15,0.0090,0.01,no
2026-10-05T00:13:09.352316Z,KXBTC15M-26OCT042015-15,0.0090,0.01,no
2026-10-05T00:13:09.352316Z,KXBTC15M-26OCT042015-15,0.0090,150.00,no
2026-10-05T00:13:09.393271Z,KXBTC15M-26OCT042015-15,0.0090,0.01,no
2026-10-05T00:13:09.393271Z,KXBTC15M-26OCT042015-15,0.0090,0.01,no
2026-10-05T00:13:09.393271Z,KXBTC15M-26OCT042015-15,0.0090,35.21,no
2026-10-05T00:13:09.4019Z,KXBTC15M-26OCT042015-15,0.0090,400.00,no
2026-10-05T00:13:09.4019Z,KXBTC15M-26OCT042015-15,0.0090,114.79,no
2026-10-05T00:13:09.4019Z,KXBTC15M-26OCT042015-15,0.0090,0.01,no
2026-10-05T00:13:09.44102Z,KXBTC15M-26OCT042015-15,0.0090,150.00,no
2026-10-05T00:13:09.44102Z,KXBTC15M-26OCT042015-15,0.0090,0.01,no
2026-10-05T00:13:09.44102Z,KXBTC15M-26OCT042015-15,0.0090,285.16,no
2026-10-05T00:13:09.44102Z,KXBTC15M-26OCT042015-15,0.0090,0.01,no
2026-10-05T00:13:09.452453Z,KXBTC15M-26OCT042015-15,0.0090,5.46,no
2026-10-05T00:13:09.498488Z,KXBTC15M-26OCT042015-15,0.0090,150.00,no
2026-10-05T00:13:09.498488Z,KXBTC15M-26OCT042015-15,0.0090,0.01,no
2026-10-05T00:13:09.498488Z,KXBTC15M-26OCT042015-15,0.0090,400.00,no
2026-10-05T00:13:09.498488Z,KXBTC15M-26OCT042015-15,0.0090,0.01,no
2026-10-05T00:13:09.500749Z,KXBTC15M-26OCT042015-15,0.0100,38.34,yes
2026-10-05T00:13:09.576117Z,KXBTC15M-26OCT042015-15,0.0100,77.02,yes
2026-10-05T00:13:09.576117Z,KXBTC15M-26OCT042015-15,0.0090,0.01,yes
2026-10-05T00:13:09.576117Z,KXBTC15M-26OCT042015-15,0.0090,17.00,yes
2026-10-05T00:13:09.576117Z,KXBTC15M-26OCT042015-15,0.0090,6.00,yes
2026-10-05T00:13:09.576117Z,KXBTC15M-26OCT042015-15,0.0090,15.00,yes
2026-10-05T00:13:09.576117Z,KXBTC15M-26OCT042015-15,0.0090,0.01,yes
2026-10-05T00:13:09.654474Z,KXBTC15M-26OCT042015-15,0.0090,0.01,no
2026-10-05T00:13:09.654474Z,KXBTC15M-26OCT042015-15,0.0090,150.00,no
2026-10-05T00:13:09.654474Z,KXBTC15M-26OCT042015-15,0.0090,0.01,no
2026-10-05T00:13:09.654474Z,KXBTC15M-26OCT042015-15,0.0090,400.00,no
2026-10-05T00:13:09.723181Z,KXBTC15M-26OCT042015-15,0.0090,0.13,no
2026-10-05T00:13:09.727029Z,KXBTC15M-26OCT042015-15,0.0100,845.79,yes
2026-10-05T00:13:09.85937Z,KXBTC15M-26OCT042015-15,0.0090,0.01,no
2026-10-05T00:13:09.85937Z,KXBTC15M-26OCT042015-15,0.0090,0.01,no
2026-10-05T00:13:09.85937Z,KXBTC15M-26OCT042015-15,0.0090,351.97,no
2026-10-05T00:13:09.85937Z,KXBTC15M-26OCT042015-15,0.0090,149.87,no
2026-10-05T00:13:09.957368Z,KXBTC15M-26OCT042015-15,0.0100,93.51,yes
2026-10-05T00:13:09.958556Z,KXBTC15M-26OCT042015-15,0.0100,93.51,yes
2026-10-05T00:13:09.997215Z,KXBTC15M-26OCT042015-15,0.0100,93.51,yes
2026-10-05T00:13:10.045008Z,KXBTC15M-26OCT042015-15,0.0100,93.51,yes
2026-10-05T00:13:10.190935Z,KXBTC15M-26OCT042015-15,0.0100,93.51,yes
2026-10-05T00:13:10.256564Z,KXBTC15M-26OCT042015-15,0.0100,100.00,yes
2026-10-05T00:13:10.256564Z,KXBTC15M-26OCT042015-15,0.0100,482.73,yes
2026-10-05T00:13:10.256564Z,KXBTC15M-26OCT042015-15,0.0100,58.28,yes
2026-10-05T00:13:10.263369Z,KXBTC15M-26OCT042015-15,0.0090,0.01,no
2026-10-05T00:13:10.263369Z,KXBTC15M-26OCT042015-15,0.0090,100.81,no
2026-10-05T00:13:10.263369Z,KXBTC15M-26OCT042015-15,0.0090,0.01,no
2026-10-05T00:13:10.35767Z,KXBTC15M-26OCT042015-15,0.0100,467.59,yes
2026-10-05T00:13:10.366794Z,KXBTC15M-26OCT042015-15,0.0090,9.36,no
2026-10-05T00:13:10.366794Z,KXBTC15M-26OCT042015-15,0.0090,49.19,no
2026-10-05T00:13:10.372388Z,KXBTC15M-26OCT042015-15,0.0100,85.44,yes
2026-10-05T00:13:10.372388Z,KXBTC15M-26OCT042015-15,0.0100,0.07,yes
2026-10-05T00:13:10.372388Z,KXBTC15M-26OCT042015-15,0.0100,849.68,yes
2026-10-05T00:13:10.374693Z,KXBTC15M-26OCT042015-15,0.0090,0.01,no
2026-10-05T00:13:10.374693Z,KXBTC15M-26OCT042015-15,0.0090,39.40,no
2026-10-05T00:13:10.374693Z,KXBTC15M-26OCT042015-15,0.0090,10.00,no
2026-10-05T00:13:10.380278Z,KXBTC15M-26OCT042015-15,0.0100,93.51,yes
2026-10-05T00:13:10.47836Z,KXBTC15M-26OCT042015-15,0.0100,93.51,yes
2026-10-05T00:13:10.511696Z,KXBTC15M-26OCT042015-15,0.0100,471.54,yes
2026-10-05T00:13:10.511696Z,KXBTC15M-26OCT042015-15,0.0100,268.39,yes
2026-10-05T00:13:10.511696Z,KXBTC15M-26OCT042015-15,0.0100,0.01,yes
2026-10-05T00:13:10.511696Z,KXBTC15M-26OCT042015-15,0.0100,0.01,yes
2026-10-05T00:13:10.526655Z,KXBTC15M-26OCT042015-15,0.0100,8.56,yes
2026-10-05T00:13:10.526655Z,KXBTC15M-26OCT042015-15,0.0100,255.61,yes
2026-10-05T00:13:10.530307Z,KXBTC15M-26OCT042015-15,0.0090,157.77,no
2026-10-05T00:13:10.530307Z,KXBTC15M-26OCT042015-15,0.0090,0.01,no
2026-10-05T00:13:10.530307Z,KXBTC15M-26OCT042015-15,0.0090,150.00,no
2026-10-05T00:13:10.53638Z,KXBTC15M-26OCT042015-15,0.0100,3.00,yes
2026-10-05T00:13:10.53638Z,KXBTC15M-26OCT042015-15,0.0100,81.56,yes
2026-10-05T00:13:10.53638Z,KXBTC15M-26OCT042015-15,0.0100,7.44,yes
2026-10-05T00:13:10.53638Z,KXBTC15M-26OCT042015-15,0.0100,1.00,yes
2026-10-05T00:13:10.571969Z,KXBTC15M-26OCT042015-15,0.0100,2.17,yes
2026-10-05T00:13:10.571969Z,KXBTC15M-26OCT042015-15,0.0100,0.01,yes
2026-10-05T00:13:10.571969Z,KXBTC15M-26OCT042015-15,0.0100,0.01,yes
2026-10-05T00:13:10.571969Z,KXBTC15M-26OCT042015-15,0.0100,1.00,yes
2026-10-05T00:13:10.612022Z,KXBTC15M-26OCT042015-15,0.0110,144.86,yes
2026-10-05T00:13:10.612022Z,KXBTC15M-26OCT042015-15,0.0110,107.66,yes
2026-10-05T00:13:10.664533Z,KXBTC15M-26OCT042015-15,0.0100,150.00,no
2026-10-05T00:13:10.664533Z,KXBTC15M-26OCT042015-15,0.0100,0.01,no
2026-10-05T00:13:10.664533Z,KXBTC15M-26OCT042015-15,0.0100,800.00,no
2026-10-05T00:13:10.664533Z,KXBTC15M-26OCT042015-15,0.0100,0.01,no
2026-10-05T00:13:10.664533Z,KXBTC15M-26OCT042015-15,0.0100,50.00,no
2026-10-05T00:13:10.664533Z,KXBTC15M-26OCT042015-15,0.0100,199.10,no
2026-10-05T00:13:10.996541Z,KXBTC15M-26OCT042015-15,0.0110,6.68,yes
2026-10-05T00:13:11.025186Z,KXBTC15M-26OCT042015-15,0.0100,0.01,no
2026-10-05T00:13:11.025186Z,KXBTC15M-26OCT042015-15,0.0100,19.50,no
2026-10-05T00:13:11.025186Z,KXBTC15M-26OCT042015-15,0.0100,10.00,no
2026-10-05T00:13:11.038507Z,KXBTC15M-26OCT042015-15,0.0100,9.02,no
2026-10-05T00:13:11.072567Z,KXBTC15M-26OCT042015-15,0.0100,21.48,no
2026-10-05T00:13:11.072567Z,KXBTC15M-26OCT042015-15,0.0100,1.00,no
2026-10-05T00:13:11.072567Z,KXBTC15M-26OCT042015-15,0.0100,0.01,no
2026-10-05T00:13:11.072567Z,KXBTC15M-26OCT042015-15,0.0100,0.01,no
2026-10-05T00:13:11.09816Z,KXBTC15M-26OCT042015-15,0.0110,70.91,yes
2026-10-05T00:13:11.117421Z,KXBTC15M-26OCT042015-15,0.0030,2159.86,no
2026-10-05T00:13:11.117421Z,KXBTC15M-26OCT042015-15,0.0060,610.00,no
2026-10-05T00:13:11.117421Z,KXBTC15M-26OCT042015-15,0.0060,17.00,no
2026-10-05T00:13:11.117421Z,KXBTC15M-26OCT042015-15,0.0080,17.00,no
2026-10-05T00:13:11.117421Z,KXBTC15M-26OCT042015-15,0.0050,22.00,no
2026-10-05T00:13:11.117421Z,KXBTC15M-26OCT042015-15,0.0050,732.00,no
2026-10-05T00:13:11.117421Z,KXBTC15M-26OCT042015-15,0.0090,200.00,no
2026-10-05T00:13:11.117421Z,KXBTC15M-26OCT042015-15,0.0090,150.00,no
2026-10-05T00:13:11.117421Z,KXBTC15M-26OCT042015-15,0.0100,0.01,no
2026-10-05T00:13:11.117421Z,KXBTC15M-26OCT042015-15,0.0100,50.00,no
2026-10-05T00:13:11.117421Z,KXBTC15M-26OCT042015-15,0.0080,200.00,no
2026-10-05T00:13:11.117421Z,KXBTC15M-26OCT042015-15,0.0070,32.00,no
2026-10-05T00:13:11.117421Z,KXBTC15M-26OCT042015-15,0.0070,15.00,no
2026-10-05T00:13:11.117421Z,KXBTC15M-26OCT042015-15,0.0040,1500.00,no
2026-10-05T00:13:11.117421Z,KXBTC15M-26OCT042015-15,0.0080,15.00,no
2026-10-05T00:13:11.117421Z,KXBTC15M-26OCT042015-15,0.0040,1.00,no
2026-10-05T00:13:11.117421Z,KXBTC15M-26OCT042015-15,0.0070,15.00,no
2026-10-05T00:13:11.117421Z,KXBTC15M-26OCT042015-15,0.0040,15.00,no
2026-10-05T00:13:11.117421Z,KXBTC15M-26OCT042015-15,0.0050,10.00,no
2026-10-05T00:13:11.117421Z,KXBTC15M-26OCT042015-15,0.0030,4272.94,no
2026-10-05T00:13:11.166942Z,KXBTC15M-26OCT042015-15,0.0090,15.00,no
2026-10-05T00:13:11.174104Z,KXBTC15M-26OCT042015-15,0.0090,1.05,no
2026-10-05T00:13:11.183506Z,KXBTC15M-26OCT042015-15,0.0100,333.00,yes
2026-10-05T00:13:11.248069Z,KXBTC15M-26OCT042015-15,0.0090,9.81,no
2026-10-05T00:13:11.335948Z,KXBTC15M-26OCT042015-15,0.0100,85.02,yes
2026-10-05T00:13:11.366909Z,KXBTC15M-26OCT042015-15,0.0090,5.90,no
2026-10-05T00:13:11.396196Z,KXBTC15M-26OCT042015-15,0.0100,7.65,yes
2026-10-05T00:13:11.403108Z,KXBTC15M-26OCT042015-15,0.0100,0.01,yes
2026-10-05T00:13:11.403108Z,KXBTC15M-26OCT042015-15,0.0100,15.00,yes
2026-10-05T00:13:11.403108Z,KXBTC15M-26OCT042015-15,0.0100,74.33,yes
2026-10-05T00:13:11.403108Z,KXBTC15M-26OCT042015-15,0.0100,16.00,yes
2026-10-05T00:13:11.403108Z,KXBTC15M-26OCT042015-15,0.0100,42.70,yes
2026-10-05T00:13:11.403108Z,KXBTC15M-26OCT042015-15,0.0100,0.01,yes
2026-10-05T00:13:11.403108Z,KXBTC15M-26OCT042015-15,0.0100,22.00,yes
2026-10-05T00:13:11.443313Z,KXBTC15M-26OCT042015-15,0.0100,8.50,yes
2026-10-05T00:13:11.4471Z,KXBTC15M-26OCT042015-15,0.0090,0.01,no
2026-10-05T00:13:11.4471Z,KXBTC15M-26OCT042015-15,0.0090,0.01,no
2026-10-05T00:13:11.4471Z,KXBTC15M-26OCT042015-15,0.0060,31.99,no
2026-10-05T00:13:11.4471Z,KXBTC15M-26OCT042015-15,0.0090,400.00,no
2026-10-05T00:13:11.4471Z,KXBTC15M-26OCT042015-15,0.0080,200.00,no
2026-10-05T00:13:11.4471Z,KXBTC15M-26OCT042015-15,0.0090,15.00,no
2026-10-05T00:13:11.4471Z,KXBTC15M-26OCT042015-15,0.0090,15.00,no
2026-10-05T00:13:11.4471Z,KXBTC15M-26OCT042015-15,0.0060,17.00,no
2026-10-05T00:13:11.4471Z,KXBTC15M-26OCT042015-15,0.0070,200.00,no
2026-10-05T00:13:11.4471Z,KXBTC15M-26OCT042015-15,0.0090,118.24,no
2026-10-05T00:13:11.4471Z,KXBTC15M-26OCT042015-15,0.0070,10.00,no
2026-10-05T00:13:11.448929Z,KXBTC15M-26OCT042015-15,0.0100,21.39,yes
2026-10-05T00:13:11.459141Z,KXBTC15M-26OCT042015-15,0.0090,9.31,yes
2026-10-05T00:13:11.46552Z,KXBTC15M-26OCT042015-15,0.0090,23.00,yes
2026-10-05T00:13:11.495042Z,KXBTC15M-26OCT042015-15,0.0070,0.01,no
2026-10-05T00:13:11.495042Z,KXBTC15M-26OCT042015-15,0.0070,17.00,no
2026-10-05T00:13:11.495042Z,KXBTC15M-26OCT042015-15,0.0060,4.38,no
2026-10-05T00:13:11.511851Z,KXBTC15M-26OCT042015-15,0.0070,9.16,no
2026-10-05T00:13:11.511851Z,KXBTC15M-26OCT042015-15,0.0080,17.00,no
2026-10-05T00:13:11.514819Z,KXBTC15M-26OCT042015-15,0.0090,155.51,yes
2026-10-05T00:13:11.529159Z,KXBTC15M-26OCT042015-15,0.0090,11.37,yes
2026-10-05T00:13:11.529159Z,KXBTC15M-26OCT042015-15,0.0090,0.01,yes
2026-10-05T00:13:11.529159Z,KXBTC15M-26OCT042015-15,0.0090,0.01,yes
2026-10-05T00:13:11.5598Z,KXBTC15M-26OCT042015-15,0.0080,4.03,no
2026-10-05T00:13:11.576524Z,KXBTC15M-26OCT042015-15,0.0080,0.01,no
2026-10-05T00:13:11.576524Z,KXBTC15M-26OCT042015-15,0.0080,0.01,no
2026-10-05T00:13:11.576524Z,KXBTC15M-26OCT042015-15,0.0080,7.63,no
2026-10-05T00:13:11.576524Z,KXBTC15M-26OCT042015-15,0.0080,12.97,no
2026-10-05T00:13:11.687632Z,KXBTC15M-26OCT042015-15,0.0080,23.67,no
2026-10-05T00:13:11.693842Z,KXBTC15M-26OCT042015-15,0.0040,20.00,no
2026-10-05T00:13:11.693842Z,KXBTC15M-26OCT042015-15,0.0070,200.00,no
2026-10-05T00:13:11.693842Z,KXBTC15M-26OCT042015-15,0.0060,200.00,no
2026-10-05T00:13:11.693842Z,KXBTC15M-26OCT042015-15,0.0080,17.00,no
2026-10-05T00:13:11.693842Z,KXBTC15M-26OCT042015-15,0.0080,126.33,no
2026-10-05T00:13:11.693842Z,KXBTC15M-26OCT042015-15,0.0030,1457.78,no
2026-10-05T00:13:11.693842Z,KXBTC15M-26OCT042015-15,0.0030,1220.00,no
2026-10-05T00:13:11.693842Z,KXBTC15M-26OCT042015-15,0.0080,400.00,no
2026-10-05T00:13:11.693842Z,KXBTC15M-26OCT042015-15,0.0050,10.00,no
2026-10-05T00:13:11.693842Z,KXBTC15M-26OCT042015-15,0.0060,13.63,no
2026-10-05T00:13:11.693842Z,KXBTC15M-26OCT042015-15,0.0040,20.00,no
2026-10-05T00:13:11.693842Z,KXBTC15M-26OCT042015-15,0.0060,17.00,no
2026-10-05T00:13:11.693842Z,KXBTC15M-26OCT042015-15,0.0030,1220.00,no
2026-10-05T00:13:11.700102Z,KXBTC15M-26OCT042015-15,0.0030,1.00,no
2026-10-05T00:13:11.753795Z,KXBTC15M-26OCT042015-15,0.0080,150.00,no
2026-10-05T00:13:11.798763Z,KXBTC15M-26OCT042015-15,0.0080,850.23,yes
2026-10-05T00:13:11.82279Z,KXBTC15M-26OCT042015-15,0.0080,135.05,yes
2026-10-05T00:13:11.896317Z,KXBTC15M-26OCT042015-15,0.0070,150.00,no
2026-10-05T00:13:11.896317Z,KXBTC15M-26OCT042015-15,0.0070,17.00,no
2026-10-05T00:13:11.925854Z,KXBTC15M-26OCT042015-15,0.0060,17.00,no
2026-10-05T00:13:11.925854Z,KXBTC15M-26OCT042015-15,0.0060,207.40,no
2026-10-05T00:13:11.932713Z,KXBTC15M-26OCT042015-15,0.0070,93.51,yes
2026-10-05T00:13:11.957528Z,KXBTC15M-26OCT042015-15,0.0070,13.02,yes
2026-10-05T00:13:11.958Z,KXBTC15M-26OCT042015-15,0.0070,93.51,yes
2026-10-05T00:13:11.959081Z,KXBTC15M-26OCT042015-15,0.0070,5.00,yes
2026-10-05T00:13:11.970472Z,KXBTC15M-26OCT042015-15,0.0060,12.61,no
2026-10-05T00:13:11.981174Z,KXBTC15M-26OCT042015-15,0.0070,183.66,yes
2026-10-05T00:13:11.993965Z,KXBTC15M-26OCT042015-15,0.0070,103.91,yes
2026-10-05T00:13:12.02247Z,KXBTC15M-26OCT042015-15,0.0060,137.39,no
2026-10-05T00:13:12.02247Z,KXBTC15M-26OCT042015-15,0.0060,30.42,no
2026-10-05T00:13:12.056087Z,KXBTC15M-26OCT042015-15,0.0070,9.35,yes
2026-10-05T00:13:12.099063Z,KXBTC15M-26OCT042015-15,0.0070,207.81,yes
2026-10-05T00:13:12.11873Z,KXBTC15M-26OCT042015-15,0.0070,32.00,yes
2026-10-05T00:13:12.125384Z,KXBTC15M-26OCT042015-15,0.0070,4.25,yes
2026-10-05T00:13:12.141682Z,KXBTC15M-26OCT042015-15,0.0070,1.98,yes
2026-10-05T00:13:12.141682Z,KXBTC15M-26OCT042015-15,0.0070,0.01,yes
2026-10-05T00:13:12.141682Z,KXBTC15M-26OCT042015-15,0.0070,0.01,yes
2026-10-05T00:13:12.16691Z,KXBTC15M-26OCT042015-15,0.0060,17.00,no
2026-10-05T00:13:12.16691Z,KXBTC15M-26OCT042015-15,0.0060,2.52,no
2026-10-05T00:13:12.16691Z,KXBTC15M-26OCT042015-15,0.0060,20.00,no
2026-10-05T00:13:12.183455Z,KXBTC15M-26OCT042015-15,0.0070,3.00,yes
2026-10-05T00:13:12.184378Z,KXBTC15M-26OCT042015-15,0.0070,2.00,yes
2026-10-05T00:13:12.184455Z,KXBTC15M-26OCT042015-15,0.0070,2.00,yes
2026-10-05T00:13:12.186435Z,KXBTC15M-26OCT042015-15,0.0070,8.07,yes
2026-10-05T00:13:12.186435Z,KXBTC15M-26OCT042015-15,0.0070,6.02,yes
2026-10-05T00:13:12.186435Z,KXBTC15M-26OCT042015-15,0.0070,15.00,yes
2026-10-05T00:13:12.249104Z,KXBTC15M-26OCT042015-15,0.0060,9.86,no
2026-10-05T00:13:12.273656Z,KXBTC15M-26OCT042015-15,0.0070,15.00,yes
2026-10-05T00:13:12.273656Z,KXBTC15M-26OCT042015-15,0.0070,0.01,yes
2026-10-05T00:13:12.273656Z,KXBTC15M-26OCT042015-15,0.0070,0.01,yes
2026-10-05T00:13:12.273656Z,KXBTC15M-26OCT042015-15,0.0080,2.94,yes
2026-10-05T00:13:12.273656Z,KXBTC15M-26OCT042015-15,0.0070,566.46,yes
2026-10-05T00:13:12.280895Z,KXBTC15M-26OCT042015-15,0.0070,125.26,no
2026-10-05T00:13:12.280895Z,KXBTC15M-26OCT042015-15,0.0070,150.00,no
2026-10-05T00:13:12.280895Z,KXBTC15M-26OCT042015-15,0.0070,150.00,no
2026-10-05T00:13:12.280895Z,KXBTC15M-26OCT042015-15,0.0070,150.00,no
2026-10-05T00:13:12.280895Z,KXBTC15M-26OCT042015-15,0.0070,150.00,no
2026-10-05T00:13:12.280895Z,KXBTC15M-26OCT042015-15,0.0070,150.00,no
2026-10-05T00:13:12.353761Z,KXBTC15M-26OCT042015-15,0.0080,6.18,yes
2026-10-05T00:13:12.353761Z,KXBTC15M-26OCT042015-15,0.0080,17.06,yes
2026-10-05T00:13:12.417112Z,KXBTC15M-26OCT042015-15,0.0070,0.01,no
2026-10-05T00:13:12.417112Z,KXBTC15M-26OCT042015-15,0.0070,0.08,no
2026-10-05T00:13:12.417112Z,KXBTC15M-26OCT042015-15,0.0070,0.01,no
2026-10-05T00:13:12.476176Z,KXBTC15M-26OCT042015-15,0.0080,5.29,yes
2026-10-05T00:13:12.492971Z,KXBTC15M-26OCT042015-15,0.0080,2.27,yes
2026-10-05T00:13:12.507382Z,KXBTC15M-26OCT042015-15,0.0080,35.33,yes
2026-10-05T00:13:12.551708Z,KXBTC15M-26OCT042015-15,0.0080,133.30,yes
2026-10-05T00:13:12.596518Z,KXBTC15M-26OCT042015-15,0.0080,0.01,yes
2026-10-05T00:13:12.596518Z,KXBTC15M-26OCT042015-15,0.0080,15.00,yes
2026-10-05T00:13:12.596518Z,KXBTC15M-26OCT042015-15,0.0080,90.26,yes
2026-10-05T00:13:12.596518Z,KXBTC15M-26OCT042015-15,0.0080,0.01,yes
2026-10-05T00:13:12.596518Z,KXBTC15M-26OCT042015-15,0.0080,268.79,yes
2026-10-05T00:13:12.651458Z,KXBTC15M-26OCT042015-15,0.0070,22.34,no
2026-10-05T00:13:12.705721Z,KXBTC15M-26OCT042015-15,0.0060,15.00,no
2026-10-05T00:13:12.705721Z,KXBTC15M-26OCT042015-15,0.0070,15.00,no
2026-10-05T00:13:12.705721Z,KXBTC15M-26OCT042015-15,0.0070,0.01,no
2026-10-05T00:13:12.705721Z,KXBTC15M-26OCT042015-15,0.0060,17.00,no
2026-10-05T00:13:12.705721Z,KXBTC15M-26OCT042015-15,0.0060,15.00,no
2026-10-05T00:13:12.705721Z,KXBTC15M-26OCT042015-15,0.0070,127.58,no
2026-10-05T00:13:12.705721Z,KXBTC15M-26OCT042015-15,0.0070,0.01,no
2026-10-05T00:13:12.705721Z,KXBTC15M-26OCT042015-15,0.0060,15.00,no
2026-10-05T00:13:12.762639Z,KXBTC15M-26OCT042015-15,0.0070,41.40,no
2026-10-05T00:13:12.762639Z,KXBTC15M-26OCT042015-15,0.0070,0.01,no
2026-10-05T00:13:12.807971Z,KXBTC15M-26OCT042015-15,0.0080,31.29,yes
2026-10-05T00:13:12.810402Z,KXBTC15M-26OCT042015-15,0.0070,0.51,no
2026-10-05T00:13:12.820165Z,KXBTC15M-26OCT042015-15,0.0080,116.88,yes
2026-10-05T00:13:12.861623Z,KXBTC15M-26OCT042015-15,0.0080,15.00,yes
2026-10-05T00:13:12.861623Z,KXBTC15M-26OCT042015-15,0.0080,0.01,yes
2026-10-05T00:13:12.861623Z,KXBTC15M-26OCT042015-15,0.0080,29.00,yes
2026-10-05T00:13:12.861623Z,KXBTC15M-26OCT042015-15,0.0080,7.68,yes
2026-10-05T00:13:12.861623Z,KXBTC15M-26OCT042015-15,0.0080,251.83,yes
2026-10-05T00:13:12.861623Z,KXBTC15M-26OCT042015-15,0.0080,0.01,yes
2026-10-05T00:13:12.861623Z,KXBTC15M-26OCT042015-15,0.0090,173.47,yes
2026-10-05T00:13:12.861623Z,KXBTC15M-26OCT042015-15,0.0080,10.00,yes
2026-10-05T00:13:12.894531Z,KXBTC15M-26OCT042015-15,0.0070,3.28,no
2026-10-05T00:13:12.968203Z,KXBTC15M-26OCT042015-15,0.0080,15.00,yes
2026-10-05T00:13:12.968203Z,KXBTC15M-26OCT042015-15,0.0080,16.09,yes
2026-10-05T00:13:12.968203Z,KXBTC15M-26OCT042015-15,0.0080,0.01,yes
2026-10-05T00:13:12.968203Z,KXBTC15M-26OCT042015-15,0.0080,0.01,yes
2026-10-05T00:13:12.98466Z,KXBTC15M-26OCT042015-15,0.0070,15.00,no
2026-10-05T00:13:12.98466Z,KXBTC15M-26OCT042015-15,0.0070,15.00,no
2026-10-05T00:13:12.98466Z,KXBTC15M-26OCT042015-15,0.0070,0.01,no
2026-10-05T00:13:12.98466Z,KXBTC15M-26OCT042015-15,0.0070,104.81,no
2026-10-05T00:13:12.98466Z,KXBTC15M-26OCT042015-15,0.0070,7.17,no
2026-10-05T00:13:12.98466Z,KXBTC15M-26OCT042015-15,0.0070,0.01,no
2026-10-05T00:13:13.033076Z,KXBTC15M-26OCT042015-15,0.0070,7.83,no
2026-10-05T00:13:13.033076Z,KXBTC15M-26OCT042015-15,0.0070,12.28,no
2026-10-05T00:13:13.033076Z,KXBTC15M-26OCT042015-15,0.0070,0.01,no
2026-10-05T00:13:13.033076Z,KXBTC15M-26OCT042015-15,0.0070,0.01,no
2026-10-05T00:13:13.046287Z,KXBTC15M-26OCT042015-15,0.0090,2.00,yes
2026-10-05T00:13:13.046287Z,KXBTC15M-26OCT042015-15,0.0090,1000.00,yes
2026-10-05T00:13:13.046287Z,KXBTC15M-26OCT042015-15,0.0080,400.00,yes
2026-10-05T00:13:13.046287Z,KXBTC15M-26OCT042015-15,0.0080,0.01,yes
2026-10-05T00:13:13.046287Z,KXBTC15M-26OCT042015-15,0.0090,29.00,yes
2026-10-05T00:13:13.046287Z,KXBTC15M-26OCT042015-15,0.0090,2.00,yes
2026-10-05T00:13:13.046287Z,KXBTC15M-26OCT042015-15,0.0090,200.00,yes
2026-10-05T00:13:13.046287Z,KXBTC15M-26OCT042015-15,0.0080,15.00,yes
2026-10-05T00:13:13.046287Z,KXBTC15M-26OCT042015-15,0.0080,155.91,yes
2026-10-05T00:13:13.046287Z,KXBTC15M-26OCT042015-15,0.0080,0.01,yes
2026-10-05T00:13:13.046287Z,KXBTC15M-26OCT042015-15,0.0080,15.00,yes
2026-10-05T00:13:13.046287Z,KXBTC15M-26OCT042015-15,0.0100,185.95,yes
2026-10-05T00:13:13.046287Z,KXBTC15M-26OCT042015-15,0.0090,83.16,yes
2026-10-05T00:13:13.046287Z,KXBTC15M-26OCT042015-15,0.0090,11.00,yes
2026-10-05T00:13:13.046287Z,KXBTC15M-26OCT042015-15,0.0090,10.00,yes
2026-10-05T00:13:13.060844Z,KXBTC15M-26OCT042015-15,0.0070,150.00,no
2026-10-05T00:13:13.060844Z,KXBTC15M-26OCT042015-15,0.0070,2.72,no
2026-10-05T00:13:13.060844Z,KXBTC15M-26OCT042015-15,0.0070,436.43,no
2026-10-05T00:13:13.060844Z,KXBTC15M-26OCT042015-15,0.0070,12.28,no
2026-10-05T00:13:13.060844Z,KXBTC15M-26OCT042015-15,0.0070,0.01,no
2026-10-05T00:13:13.060844Z,KXBTC15M-26OCT042015-15,0.0070,0.01,no
2026-10-05T00:13:13.074025Z,KXBTC15M-26OCT042015-15,0.0080,0.13,yes
2026-10-05T00:13:13.074025Z,KXBTC15M-26OCT042015-15,0.0080,15.00,yes
2026-10-05T00:13:13.089092Z,KXBTC15M-26OCT042015-15,0.0080,0.01,yes
2026-10-05T00:13:13.089092Z,KXBTC15M-26OCT042015-15,0.0080,65.87,yes
2026-10-05T00:13:13.089092Z,KXBTC15M-26OCT042015-15,0.0080,0.01,yes
2026-10-05T00:13:13.089092Z,KXBTC15M-26OCT042015-15,0.0080,50.99,yes
2026-10-05T00:13:13.095932Z,KXBTC15M-26OCT042015-15,0.0080,190.31,yes
2026-10-05T00:13:13.095932Z,KXBTC15M-26OCT042015-15,0.0080,385.44,yes
2026-10-05T00:13:13.097575Z,KXBTC15M-26OCT042015-15,0.0100,25.00,yes
2026-10-05T00:13:13.097575Z,KXBTC15M-26OCT042015-15,0.0080,15.00,yes
2026-10-05T00:13:13.097575Z,KXBTC15M-26OCT042015-15,0.0090,0.01,yes
2026-10-05T00:13:13.097575Z,KXBTC15M-26OCT042015-15,0.0090,0.01,yes
2026-10-05T00:13:13.097575Z,KXBTC15M-26OCT042015-15,0.0080,0.01,yes
2026-10-05T00:13:13.097575Z,KXBTC15M-26OCT042015-15,0.0080,0.01,yes
2026-10-05T00:13:13.097575Z,KXBTC15M-26OCT042015-15,0.0100,0.01,yes
2026-10-05T00:13:13.097575Z,KXBTC15M-26OCT042015-15,0.0100,16.00,yes
2026-10-05T00:13:13.097575Z,KXBTC15M-26OCT042015-15,0.0090,268.00,yes
2026-10-05T00:13:13.097575Z,KXBTC15M-26OCT042015-15,0.0080,209.69,yes
2026-10-05T00:13:13.097575Z,KXBTC15M-26OCT042015-15,0.0100,2.00,yes
2026-10-05T00:13:13.097575Z,KXBTC15M-26OCT042015-15,0.0100,2.00,yes
2026-10-05T00:13:13.097575Z,KXBTC15M-26OCT042015-15,0.0100,15.00,yes
2026-10-05T00:13:13.097575Z,KXBTC15M-26OCT042015-15,0.0100,1.00,yes
2026-10-05T00:13:13.097575Z,KXBTC15M-26OCT042015-15,0.0100,15.00,yes
2026-10-05T00:13:13.097575Z,KXBTC15M-26OCT042015-15,0.0110,414.22,yes
2026-10-05T00:13:13.097575Z,KXBTC15M-26OCT042015-15,0.0100,1.00,yes
2026-10-05T00:13:13.110142Z,KXBTC15M-26OCT042015-15,0.0070,31.00,no
2026-10-05T00:13:13.110142Z,KXBTC15M-26OCT042015-15,0.0070,161.58,no
2026-10-05T00:13:13.110142Z,KXBTC15M-26OCT042015-15,0.0070,0.01,no
2026-10-05T00:13:13.110142Z,KXBTC15M-26OCT042015-15,0.0070,150.00,no
2026-10-05T00:13:13.110142Z,KXBTC15M-26OCT042015-15,0.0070,15.00,no
2026-10-05T00:13:13.110142Z,KXBTC15M-26OCT042015-15,0.0070,15.00,no
2026-10-05T00:13:13.110142Z,KXBTC15M-26OCT042015-15,0.0070,0.01,no
2026-10-05T00:13:13.115379Z,KXBTC15M-26OCT042015-15,0.0070,4.12,no
2026-10-05T00:13:13.118553Z,KXBTC15M-26OCT042015-15,0.0080,400.00,yes
2026-10-05T00:13:13.118553Z,KXBTC15M-26OCT042015-15,0.0100,16.00,yes
2026-10-05T00:13:13.118553Z,KXBTC15M-26OCT042015-15,0.0100,0.01,yes
2026-10-05T00:13:13.118553Z,KXBTC15M-26OCT042015-15,0.0080,0.01,yes
2026-10-05T00:13:13.118553Z,KXBTC15M-26OCT042015-15,0.0110,167.39,yes
2026-10-05T00:13:13.128804Z,KXBTC15M-26OCT042015-15,0.0070,0.01,no
2026-10-05T00:13:13.128804Z,KXBTC15M-26OCT042015-15,0.0070,85.63,no
2026-10-05T00:13:13.128804Z,KXBTC15M-26OCT042015-15,0.0070,15.00,no
2026-10-05T00:13:13.128804Z,KXBTC15M-26OCT042015-15,0.0070,0.01,no
2026-10-05T00:13:13.144702Z,KXBTC15M-26OCT042015-15,0.0080,0.01,yes
2026-10-05T00:13:13.144702Z,KXBTC15M-26OCT042015-15,0.0080,0.01,yes
2026-10-05T00:13:13.164896Z,KXBTC15M-26OCT042015-15,0.0100,15.00,yes
2026-10-05T00:13:13.164896Z,KXBTC15M-26OCT042015-15,0.0090,20.00,yes
2026-10-05T00:13:13.164896Z,KXBTC15M-26OCT042015-15,0.0080,0.01,yes
2026-10-05T00:13:13.164896Z,KXBTC15M-26OCT042015-15,0.0080,0.01,yes
2026-10-05T00:13:13.164896Z,KXBTC15M-26OCT042015-15,0.0100,16.00,yes
2026-10-05T00:13:13.164896Z,KXBTC15M-26OCT042015-15,0.0100,0.01,yes
2026-10-05T00:13:13.164896Z,KXBTC15M-26OCT042015-15,0.0100,29.97,yes
2026-10-05T00:13:13.172361Z,KXBTC15M-26OCT042015-15,0.0050,300.00,no
2026-10-05T00:13:13.172361Z,KXBTC15M-26OCT042015-15,0.0060,17.00,no
2026-10-05T00:13:13.172361Z,KXBTC15M-26OCT042015-15,0.0070,150.00,no
2026-10-05T00:13:13.172361Z,KXBTC15M-26OCT042015-15,0.0060,20.00,no
2026-10-05T00:13:13.172361Z,KXBTC15M-26OCT042015-15,0.0070,0.01,no
2026-10-05T00:13:13.172361Z,KXBTC15M-26OCT042015-15,0.0070,0.01,no
2026-10-05T00:13:13.172361Z,KXBTC15M-26OCT042015-15,0.0070,500.00,no
2026-10-05T00:13:13.172361Z,KXBTC15M-26OCT042015-15,0.0050,927.12,no
2026-10-05T00:13:13.172361Z,KXBTC15M-26OCT042015-15,0.0060,45.00,no
2026-10-05T00:13:13.234713Z,KXBTC15M-26OCT042015-15,0.0070,0.01,no
2026-10-05T00:13:13.234713Z,KXBTC15M-26OCT042015-15,0.0070,0.48,no
2026-10-05T00:13:13.234713Z,KXBTC15M-26OCT042015-15,0.0070,0.01,no
2026-10-05T00:13:13.276428Z,KXBTC15M-26OCT042015-15,0.0080,6.07,yes
2026-10-05T00:13:13.459818Z,KXBTC15M-26OCT042015-15,0.0080,0.01,yes
2026-10-05T00:13:13.459818Z,KXBTC15M-26OCT042015-15,0.0080,107.94,yes
2026-10-05T00:13:13.459818Z,KXBTC15M-26OCT042015-15,0.0080,8.93,yes
2026-10-05T00:13:13.467312Z,KXBTC15M-26OCT042015-15,0.0070,14.50,no
2026-10-05T00:13:13.534533Z,KXBTC15M-26OCT042015-15,0.0080,2.02,yes
2026-10-05T00:13:13.537908Z,KXBTC15M-26OCT042015-15,0.0080,116.88,yes
2026-10-05T00:13:13.624294Z,KXBTC15M-26OCT042015-15,0.0080,5.98,yes
2026-10-05T00:13:13.657297Z,KXBTC15M-26OCT042015-15,0.0070,5.03,no
2026-10-05T00:13:13.708346Z,KXBTC15M-26OCT042015-15,0.0070,0.10,no
2026-10-05T00:13:13.714679Z,KXBTC15M-26OCT042015-15,0.0080,400.00,yes
2026-10-05T00:13:13.714679Z,KXBTC15M-26OCT042015-15,0.0080,200.00,yes
2026-10-05T00:13:13.714679Z,KXBTC15M-26OCT042015-15,0.0080,820.12,yes
2026-10-05T00:13:13.714679Z,KXBTC15M-26OCT042015-15,0.0080,15.00,yes
2026-10-05T00:13:13.714679Z,KXBTC15M-26OCT042015-15,0.0080,500.00,yes
2026-10-05T00:13:13.714679Z,KXBTC15M-26OCT042015-15,0.0080,15.00,yes
2026-10-05T00:13:13.714679Z,KXBTC15M-26OCT042015-15,0.0080,267.18,yes
2026-10-05T00:13:13.714679Z,KXBTC15M-26OCT042015-15,0.0080,0.01,yes
2026-10-05T00:13:13.714679Z,KXBTC15M-26OCT042015-15,0.0080,0.01,yes
2026-10-05T00:13:13.786112Z,KXBTC15M-26OCT042015-15,0.0080,103.47,yes
2026-10-05T00:13:13.82873Z,KXBTC15M-26OCT042015-15,0.0070,0.01,no
2026-10-05T00:13:13.82873Z,KXBTC15M-26OCT042015-15,0.0070,14.98,no
2026-10-05T00:13:13.82873Z,KXBTC15M-26OCT042015-15,0.0070,15.00,no
2026-10-05T00:13:13.82873Z,KXBTC15M-26OCT042015-15,0.0070,65.00,no
2026-10-05T00:13:13.82873Z,KXBTC15M-26OCT042015-15,0.0070,15.00,no
2026-10-05T00:13:13.82873Z,KXBTC15M-26OCT042015-15,0.0070,0.01,no
2026-10-05T00:13:13.83089Z,KXBTC15M-26OCT042015-15,0.0070,0.02,no
2026-10-05T00:13:13.833417Z,KXBTC15M-26OCT042015-15,0.0060,0.02,no
2026-10-05T00:13:13.834563Z,KXBTC15M-26OCT042015-15,0.0040,0.02,no
2026-10-05T00:13:13.863035Z,KXBTC15M-26OCT042015-15,0.0070,200.00,yes
2026-10-05T00:13:13.863035Z,KXBTC15M-26OCT042015-15,0.0070,0.01,yes
2026-10-05T00:13:13.863035Z,KXBTC15M-26OCT042015-15,0.0070,135.00,yes
2026-10-05T00:13:13.863035Z,KXBTC15M-26OCT042015-15,0.0080,10.00,yes
2026-10-05T00:13:13.863035Z,KXBTC15M-26OCT042015-15,0.0070,0.01,yes
2026-10-05T00:13:13.863035Z,KXBTC15M-26OCT042015-15,0.0070,400.00,yes
2026-10-05T00:13:13.863035Z,KXBTC15M-26OCT042015-15,0.0070,86.85,yes
2026-10-05T00:13:13.863035Z,KXBTC15M-26OCT042015-15,0.0080,336.96,yes
2026-10-05T00:13:13.956049Z,KXBTC15M-26OCT042015-15,0.0060,1.00,no
2026-10-05T00:13:13.989482Z,KXBTC15M-26OCT042015-15,0.0070,83.86,yes
2026-10-05T00:13:13.989482Z,KXBTC15M-26OCT042015-15,0.0070,25.00,yes
2026-10-05T00:13:13.989482Z,KXBTC15M-26OCT042015-15,0.0070,0.01,yes
2026-10-05T00:13:13.989482Z,KXBTC15M-26OCT042015-15,0.0070,8.00,yes
2026-10-05T00:13:13.989482Z,KXBTC15M-26OCT042015-15,0.0070,0.01,yes
2026-10-05T00:13:14.042311Z,KXBTC15M-26OCT042015-15,0.0070,57.57,yes
2026-10-05T00:13:14.047273Z,KXBTC15M-26OCT042015-15,0.0070,116.88,yes
2026-10-05T00:13:14.140029Z,KXBTC15M-26OCT042015-15,0.0070,14.98,yes
2026-10-05T00:13:14.162314Z,KXBTC15M-26OCT042015-15,0.0060,0.01,no
2026-10-05T00:13:14.162314Z,KXBTC15M-26OCT042015-15,0.0060,0.01,no
2026-10-05T00:13:14.162314Z,KXBTC15M-26OCT042015-15,0.0050,38.58,no
2026-10-05T00:13:14.162314Z,KXBTC15M-26OCT042015-15,0.0060,1.00,no
2026-10-05T00:13:14.162314Z,KXBTC15M-26OCT042015-15,0.0060,15.00,no
2026-10-05T00:13:14.162314Z,KXBTC15M-26OCT042015-15,0.0060,19.00,no
2026-10-05T00:13:14.174676Z,KXBTC15M-26OCT042015-15,0.0070,106.01,yes
2026-10-05T00:13:14.174676Z,KXBTC15M-26OCT042015-15,0.0070,0.01,yes
2026-10-05T00:13:14.174676Z,KXBTC15M-26OCT042015-15,0.0070,15.00,yes
2026-10-05T00:13:14.174676Z,KXBTC15M-26OCT042015-15,0.0070,126.71,yes
2026-10-05T00:13:14.174676Z,KXBTC15M-26OCT042015-15,0.0070,0.01,yes
2026-10-05T00:13:14.174676Z,KXBTC15M-26OCT042015-15,0.0070,336.68,yes
2026-10-05T00:13:14.178737Z,KXBTC15M-26OCT042015-15,0.0070,10.00,yes
2026-10-05T00:13:14.178737Z,KXBTC15M-26OCT042015-15,0.0080,32.00,yes
2026-10-05T00:13:14.178737Z,KXBTC15M-26OCT042015-15,0.0070,134.59,yes
2026-10-05T00:13:14.178737Z,KXBTC15M-26OCT042015-15,0.0080,200.00,yes
2026-10-05T00:13:14.185537Z,KXBTC15M-26OCT042015-15,0.0070,3.00,yes
2026-10-05T00:13:14.185537Z,KXBTC15M-26OCT042015-15,0.0070,10.00,yes
2026-10-05T00:13:14.289253Z,KXBTC15M-26OCT042015-15,0.0060,0.01,no
2026-10-05T00:13:14.289253Z,KXBTC15M-26OCT042015-15,0.0060,0.01,no
2026-10-05T00:13:14.289253Z,KXBTC15M-26OCT042015-15,0.0060,1.99,no
2026-10-05T00:13:14.292247Z,KXBTC15M-26OCT042015-15,0.0070,0.01,yes
2026-10-05T00:13:14.292247Z,KXBTC15M-26OCT042015-15,0.0070,15.00,yes
2026-10-05T00:13:14.292247Z,KXBTC15M-26OCT042015-15,0.0070,0.01,yes
2026-10-05T00:13:14.292247Z,KXBTC15M-26OCT042015-15,0.0070,18.56,yes
2026-10-05T00:13:14.292247Z,KXBTC15M-26OCT042015-15,0.0070,5.00,yes
2026-10-05T00:13:14.293053Z,KXBTC15M-26OCT042015-15,0.0070,11.69,yes
2026-10-05T00:13:14.400591Z,KXBTC15M-26OCT042015-15,0.0070,15.00,yes
2026-10-05T00:13:14.400591Z,KXBTC15M-26OCT042015-15,0.0090,17.00,yes
2026-10-05T00:13:14.400591Z,KXBTC15M-26OCT042015-15,0.0070,0.01,yes
2026-10-05T00:13:14.400591Z,KXBTC15M-26OCT042015-15,0.0080,23.00,yes
2026-10-05T00:13:14.400591Z,KXBTC15M-26OCT042015-15,0.0080,10.00,yes
2026-10-05T00:13:14.400591Z,KXBTC15M-26OCT042015-15,0.0070,400.00,yes
2026-10-05T00:13:14.400591Z,KXBTC15M-26OCT042015-15,0.0070,0.01,yes
2026-10-05T00:13:14.400591Z,KXBTC15M-26OCT042015-15,0.0090,15.00,yes
2026-10-05T00:13:14.400591Z,KXBTC15M-26OCT042015-15,0.0090,8.00,yes
2026-10-05T00:13:14.400591Z,KXBTC15M-26OCT042015-15,0.0100,1.00,yes
2026-10-05T00:13:14.400591Z,KXBTC15M-26OCT042015-15,0.0100,74.40,yes
2026-10-05T00:13:14.400591Z,KXBTC15M-26OCT042015-15,0.0100,1.00,yes
2026-10-05T00:13:14.400591Z,KXBTC15M-26OCT042015-15,0.0090,10.00,yes
2026-10-05T00:13:14.400591Z,KXBTC15M-26OCT042015-15,0.0090,10.00,yes
2026-10-05T00:13:14.451043Z,KXBTC15M-26OCT042015-15,0.0070,0.01,yes
2026-10-05T00:13:14.460937Z,KXBTC15M-26OCT042015-15,0.0060,18.01,no
2026-10-05T00:13:14.460937Z,KXBTC15M-26OCT042015-15,0.0060,49.98,no
2026-10-05T00:13:14.460937Z,KXBTC15M-26OCT042015-15,0.0060,15.00,no
2026-10-05T00:13:14.460937Z,KXBTC15M-26OCT042015-15,0.0060,0.01,no
2026-10-05T00:13:14.460937Z,KXBTC15M-26OCT042015-15,0.0060,0.01,no
2026-10-05T00:13:14.460937Z,KXBTC15M-26OCT042015-15,0.0060,1.99,no
2026-10-05T00:13:14.460937Z,KXBTC15M-26OCT042015-15,0.0060,15.00,no
2026-10-05T00:13:14.473249Z,KXBTC15M-26OCT042015-15,0.0070,15.00,yes
2026-10-05T00:13:14.473249Z,KXBTC15M-26OCT042015-15,0.0070,0.01,yes
2026-10-05T00:13:14.473249Z,KXBTC15M-26OCT042015-15,0.0070,37.99,yes
2026-10-05T00:13:14.475395Z,KXBTC15M-26OCT042015-15,0.0070,130.90,yes
2026-10-05T00:13:14.486069Z,KXBTC15M-26OCT042015-15,0.0070,12.62,yes
2026-10-05T00:13:14.490621Z,KXBTC15M-26OCT042015-15,0.0060,0.01,no
2026-10-05T00:13:14.490621Z,KXBTC15M-26OCT042015-15,0.0060,20.00,no
2026-10-05T00:13:14.490621Z,KXBTC15M-26OCT042015-15,0.0060,0.01,no
2026-10-05T00:13:14.490621Z,KXBTC15M-26OCT042015-15,0.0060,15.00,no
2026-10-05T00:13:14.490621Z,KXBTC15M-26OCT042015-15,0.0050,11.43,no
2026-10-05T00:13:14.566255Z,KXBTC15M-26OCT042015-15,0.0060,0.01,no
2026-10-05T00:13:14.566255Z,KXBTC15M-26OCT042015-15,0.0060,15.00,no
2026-10-05T00:13:14.566255Z,KXBTC15M-26OCT042015-15,0.0060,20.00,no
2026-10-05T00:13:14.566255Z,KXBTC15M-26OCT042015-15,0.0060,0.01,no
2026-10-05T00:13:14.566255Z,KXBTC15M-26OCT042015-15,0.0050,99.99,no
2026-10-05T00:13:14.566255Z,KXBTC15M-26OCT042015-15,0.0050,14.99,no
2026-10-05T00:13:14.735707Z,KXBTC15M-26OCT042015-15,0.0060,13.35,yes
2026-10-05T00:13:14.768136Z,KXBTC15M-26OCT042015-15,0.0060,0.01,yes
2026-10-05T00:13:14.768136Z,KXBTC15M-26OCT042015-15,0.0060,1.65,yes
2026-10-05T00:13:14.768136Z,KXBTC15M-26OCT042015-15,0.0060,14.36,yes
2026-10-05T00:13:14.768136Z,KXBTC15M-26OCT042015-15,0.0060,0.01,yes
2026-10-05T00:13:14.782443Z,KXBTC15M-26OCT042015-15,0.0050,0.01,no
2026-10-05T00:13:14.782443Z,KXBTC15M-26OCT042015-15,0.0050,0.01,no
2026-10-05T00:13:14.782443Z,KXBTC15M-26OCT042015-15,0.0050,8.97,no
2026-10-05T00:13:14.782443Z,KXBTC15M-26OCT042015-15,0.0050,30.01,no
2026-10-05T00:13:14.806873Z,KXBTC15M-26OCT042015-15,0.0070,92.85,yes
2026-10-05T00:13:14.806873Z,KXBTC15M-26OCT042015-15,0.0060,0.01,yes
2026-10-05T00:13:14.806873Z,KXBTC15M-26OCT042015-15,0.0060,0.01,yes
2026-10-05T00:13:14.806873Z,KXBTC15M-26OCT042015-15,0.0060,0.64,yes
2026-10-05T00:13:14.859787Z,KXBTC15M-26OCT042015-15,0.0070,107.15,yes
2026-10-05T00:13:14.859787Z,KXBTC15M-26OCT042015-15,0.0060,0.01,yes
2026-10-05T00:13:14.859787Z,KXBTC15M-26OCT042015-15,0.0060,15.00,yes
2026-10-05T00:13:14.859787Z,KXBTC15M-26OCT042015-15,0.0070,357.17,yes
2026-10-05T00:13:14.859787Z,KXBTC15M-26OCT042015-15,0.0060,0.01,yes
2026-10-05T00:13:14.862172Z,KXBTC15M-26OCT042015-15,0.0070,44.38,yes
2026-10-05T00:13:14.887935Z,KXBTC15M-26OCT042015-15,0.0050,500.00,no
2026-10-05T00:13:14.887935Z,KXBTC15M-26OCT042015-15,0.0040,20.00,no
2026-10-05T00:13:14.887935Z,KXBTC15M-26OCT042015-15,0.0050,15.00,no
2026-10-05T00:13:14.887935Z,KXBTC15M-26OCT042015-15,0.0050,15.00,no
2026-10-05T00:13:14.887935Z,KXBTC15M-26OCT042015-15,0.0050,15.00,no
2026-10-05T00:13:14.887935Z,KXBTC15M-26OCT042015-15,0.0050,0.01,no
2026-10-05T00:13:14.887935Z,KXBTC15M-26OCT042015-15,0.0050,0.01,no
2026-10-05T00:13:14.887935Z,KXBTC15M-26OCT042015-15,0.0050,15.00,no
2026-10-05T00:13:14.887935Z,KXBTC15M-26OCT042015-15,0.0030,56.83,no
2026-10-05T00:13:14.898597Z,KXBTC15M-26OCT042015-15,0.0060,15.00,yes
2026-10-05T00:13:14.898597Z,KXBTC15M-26OCT042015-15,0.0060,14.20,yes
2026-10-05T00:13:14.898597Z,KXBTC15M-26OCT042015-15,0.0060,0.01,yes
2026-10-05T00:13:14.898597Z,KXBTC15M-26OCT042015-15,0.0060,8.00,yes
2026-10-05T00:13:14.898597Z,KXBTC15M-26OCT042015-15,0.0060,0.01,yes
2026-10-05T00:13:14.965622Z,KXBTC15M-26OCT042015-15,0.0060,38.07,yes
2026-10-05T00:13:14.98205Z,KXBTC15M-26OCT042015-15,0.0080,6.27,yes
2026-10-05T00:13:14.98205Z,KXBTC15M-26OCT042015-15,0.0060,0.01,yes
2026-10-05T00:13:14.98205Z,KXBTC15M-26OCT042015-15,0.0080,30.00,yes
2026-10-05T00:13:14.98205Z,KXBTC15M-26OCT042015-15,0.0060,15.00,yes
2026-10-05T00:13:14.98205Z,KXBTC15M-26OCT042015-15,0.0060,0.01,yes
2026-10-05T00:13:14.98205Z,KXBTC15M-26OCT042015-15,0.0070,0.01,yes
2026-10-05T00:13:14.98205Z,KXBTC15M-26OCT042015-15,0.0070,79.60,yes
2026-10-05T00:13:15.046469Z,KXBTC15M-26OCT042015-15,0.0060,15.00,yes
2026-10-05T00:13:15.046469Z,KXBTC15M-26OCT042015-15,0.0060,0.01,yes
2026-10-05T00:13:15.046469Z,KXBTC15M-26OCT042015-15,0.0060,0.01,yes
2026-10-05T00:13:15.046469Z,KXBTC15M-26OCT042015-15,0.0060,11.98,yes
2026-10-05T00:13:15.046469Z,KXBTC15M-26OCT042015-15,0.0060,15.00,yes
2026-10-05T00:13:15.084799Z,KXBTC15M-26OCT042015-15,0.0050,53.00,no
2026-10-05T00:13:15.084799Z,KXBTC15M-26OCT042015-15,0.0050,0.01,no
2026-10-05T00:13:15.084799Z,KXBTC15M-26OCT042015-15,0.0050,150.00,no
2026-10-05T00:13:15.084799Z,KXBTC15M-26OCT042015-15,0.0050,0.01,no
2026-10-05T00:13:15.084799Z,KXBTC15M-26OCT042015-15,0.0050,15.00,no
2026-10-05T00:13:15.084799Z,KXBTC15M-26OCT042015-15,0.0050,15.00,no
2026-10-05T00:13:15.084799Z,KXBTC15M-26OCT042015-15,0.0050,15.00,no
2026-10-05T00:13:15.09194Z,KXBTC15M-26OCT042015-15,0.0040,20.00,no
2026-10-05T00:13:15.09194Z,KXBTC15M-26OCT042015-15,0.0050,0.01,no
2026-10-05T00:13:15.09194Z,KXBTC15M-26OCT042015-15,0.0040,30.22,no
2026-10-05T00:13:15.191083Z,KXBTC15M-26OCT042015-15,0.0060,0.01,yes
2026-10-05T00:13:15.191083Z,KXBTC15M-26OCT042015-15,0.0060,0.01,yes
2026-10-05T00:13:15.249459Z,KXBTC15M-26OCT042015-15,0.0060,3.74,yes
2026-10-05T00:13:15.252015Z,KXBTC15M-26OCT042015-15,0.0060,3.72,yes
2026-10-05T00:13:15.252015Z,KXBTC15M-26OCT042015-15,0.0060,0.01,yes
2026-10-05T00:13:15.252015Z,KXBTC15M-26OCT042015-15,0.0060,11.26,yes
2026-10-05T00:13:15.252015Z,KXBTC15M-26OCT042015-15,0.0060,0.01,yes
2026-10-05T00:13:15.274422Z,KXBTC15M-26OCT042015-15,0.0050,8.21,no
2026-10-05T00:13:15.331988Z,KXBTC15M-26OCT042015-15,0.0050,500.00,no
2026-10-05T00:13:15.331988Z,KXBTC15M-26OCT042015-15,0.0050,0.01,no
2026-10-05T00:13:15.331988Z,KXBTC15M-26OCT042015-15,0.0050,299.98,no
2026-10-05T00:13:15.331988Z,KXBTC15M-26OCT042015-15,0.0050,0.01,no
2026-10-05T00:13:15.358095Z,KXBTC15M-26OCT042015-15,0.0060,0.01,yes
2026-10-05T00:13:15.358095Z,KXBTC15M-26OCT042015-15,0.0060,0.01,yes
2026-10-05T00:13:15.358095Z,KXBTC15M-26OCT042015-15,0.0060,0.74,yes
2026-10-05T00:13:15.363072Z,KXBTC15M-26OCT042015-15,0.0110,2000.00,yes
2026-10-05T00:13:15.363072Z,KXBTC15M-26OCT042015-15,0.0110,1233.14,yes
2026-10-05T00:13:15.363072Z,KXBTC15M-26OCT042015-15,0.0110,700.00,yes
2026-10-05T00:13:15.363072Z,KXBTC15M-26OCT042015-15,0.0160,231.46,yes
2026-10-05T00:13:15.363072Z,KXBTC15M-26OCT042015-15,0.0120,0.09,yes
2026-10-05T00:13:15.363072Z,KXBTC15M-26OCT042015-15,0.0130,500.00,yes
2026-10-05T00:13:15.363072Z,KXBTC15M-26OCT042015-15,0.0130,208.43,yes
2026-10-05T00:13:15.363072Z,KXBTC15M-26OCT042015-15,0.0140,0.10,yes
2026-10-05T00:13:15.363072Z,KXBTC15M-26OCT042015-15,0.0110,15.00,yes
2026-10-05T00:13:15.363072Z,KXBTC15M-26OCT042015-15,0.0110,0.08,yes
2026-10-05T00:13:15.363072Z,KXBTC15M-26OCT042015-15,0.0130,0.10,yes
2026-10-05T00:13:15.363072Z,KXBTC15M-26OCT042015-15,0.0140,4.00,yes
2026-10-05T00:13:15.363072Z,KXBTC15M-26OCT042015-15,0.0110,2.00,yes
2026-10-05T00:13:15.363072Z,KXBTC15M-26OCT042015-15,0.0100,425.60,yes
2026-10-05T00:13:15.363072Z,KXBTC15M-26OCT042015-15,0.0120,2.00,yes
2026-10-05T00:13:15.363072Z,KXBTC15M-26OCT042015-15,0.0110,2.00,yes
2026-10-05T00:13:15.363072Z,KXBTC15M-26OCT042015-15,0.0120,2.00,yes
2026-10-05T00:13:15.363072Z,KXBTC15M-26OCT042015-15,0.0110,76.00,yes
2026-10-05T00:13:15.363072Z,KXBTC15M-26OCT042015-15,0.0150,0.10,yes
2026-10-05T00:13:15.363072Z,KXBTC15M-26OCT042015-15,0.0120,10.00,yes
2026-10-05T00:13:15.363072Z,KXBTC15M-26OCT042015-15,0.0130,2.00,yes
2026-10-05T00:13:15.363072Z,KXBTC15M-26OCT042015-15,0.0120,10.00,yes
2026-10-05T00:13:15.363072Z,KXBTC15M-26OCT042015-15,0.0110,10.00,yes
2026-10-05T00:13:15.363072Z,KXBTC15M-26OCT042015-15,0.0090,800.00,yes
2026-10-05T00:13:15.363072Z,KXBTC15M-26OCT042015-15,0.0120,3.00,yes
2026-10-05T00:13:15.363072Z,KXBTC15M-26OCT042015-15,0.0100,64.00,yes
2026-10-05T00:13:15.363072Z,KXBTC15M-26OCT042015-15,0.0080,1.73,yes
2026-10-05T00:13:15.363072Z,KXBTC15M-26OCT042015-15,0.0100,15.00,yes
2026-10-05T00:13:15.363072Z,KXBTC15M-26OCT042015-15,0.0100,64.00,yes
2026-10-05T00:13:15.363072Z,KXBTC15M-26OCT042015-15,0.0060,500.00,yes
2026-10-05T00:13:15.363072Z,KXBTC15M-26OCT042015-15,0.0130,2.00,yes
2026-10-05T00:13:15.363072Z,KXBTC15M-26OCT042015-15,0.0090,15.00,yes
2026-10-05T00:13:15.363072Z,KXBTC15M-26OCT042015-15,0.0100,15.00,yes
2026-10-05T00:13:15.363072Z,KXBTC15M-26OCT042015-15,0.0100,93.75,yes
2026-10-05T00:13:15.363072Z,KXBTC15M-26OCT042015-15,0.0130,150.00,yes
2026-10-05T00:13:15.363072Z,KXBTC15M-26OCT042015-15,0.0060,400.00,yes
2026-10-05T00:13:15.363072Z,KXBTC15M-26OCT042015-15,0.0080,35.00,yes
2026-10-05T00:13:15.363072Z,KXBTC15M-26OCT042015-15,0.0100,15.00,yes
2026-10-05T00:13:15.363072Z,KXBTC15M-26OCT042015-15,0.0060,14.26,yes
2026-10-05T00:13:15.363072Z,KXBTC15M-26OCT042015-15,0.0080,14.00,yes
2026-10-05T00:13:15.363072Z,KXBTC15M-26OCT042015-15,0.0060,15.00,yes
2026-10-05T00:13:15.363072Z,KXBTC15M-26OCT042015-15,0.0070,8.00,yes
2026-10-05T00:13:15.363072Z,KXBTC15M-26OCT042015-15,0.0080,7.00,yes
2026-10-05T00:13:15.363072Z,KXBTC15M-26OCT042015-15,0.0100,93.75,yes
2026-10-05T00:13:15.363072Z,KXBTC15M-26OCT042015-15,0.0150,355.00,yes
2026-10-05T00:13:15.379964Z,KXBTC15M-26OCT042015-15,0.0160,52.47,yes
2026-10-05T00:13:15.379964Z,KXBTC15M-26OCT042015-15,0.0200,14.00,yes
2026-10-05T00:13:15.379964Z,KXBTC15M-26OCT042015-15,0.0190,0.08,yes
2026-10-05T00:13:15.379964Z,KXBTC15M-26OCT042015-15,0.0210,0.08,yes
2026-10-05T00:13:15.379964Z,KXBTC15M-26OCT042015-15,0.0200,0.08,yes
2026-10-05T00:13:15.379964Z,KXBTC15M-26OCT042015-15,0.0160,19.00,yes
2026-10-05T00:13:15.379964Z,KXBTC15M-26OCT042015-15,0.0180,0.07,yes
2026-10-05T00:13:15.379964Z,KXBTC15M-26OCT042015-15,0.0160,0.12,yes
2026-10-05T00:13:15.379964Z,KXBTC15M-26OCT042015-15,0.0200,1.00,yes
2026-10-05T00:13:15.379964Z,KXBTC15M-26OCT042015-15,0.0200,1.00,yes
2026-10-05T00:13:15.379964Z,KXBTC15M-26OCT042015-15,0.0190,114.70,yes
2026-10-05T00:13:15.379964Z,KXBTC15M-26OCT042015-15,0.0170,0.12,yes
2026-10-05T00:13:15.379964Z,KXBTC15M-26OCT042015-15,0.0210,123.34,yes
2026-10-05T00:13:15.379964Z,KXBTC15M-26OCT042015-15,0.0100,1.00,yes
2026-10-05T00:13:15.379964Z,KXBTC15M-26OCT042015-15,0.0110,1.00,yes
2026-10-05T00:13:15.379964Z,KXBTC15M-26OCT042015-15,0.0150,15.00,yes
2026-10-05T00:13:15.379964Z,KXBTC15M-26OCT042015-15,0.0100,15.00,yes
2026-10-05T00:13:15.379964Z,KXBTC15M-26OCT042015-15,0.0100,93.75,yes
2026-10-05T00:13:15.379964Z,KXBTC15M-26OCT042015-15,0.0190,177.78,yes
2026-10-05T00:13:15.379964Z,KXBTC15M-26OCT042015-15,0.0100,15.00,yes
2026-10-05T00:13:15.379964Z,KXBTC15M-26OCT042015-15,0.0150,93.75,yes
2026-10-05T00:13:15.379964Z,KXBTC15M-26OCT042015-15,0.0160,20.00,yes
2026-10-05T00:13:15.379964Z,KXBTC15M-26OCT042015-15,0.0080,14.00,yes
2026-10-05T00:13:15.379964Z,KXBTC15M-26OCT042015-15,0.0150,15.00,yes
2026-10-05T00:13:15.379964Z,KXBTC15M-26OCT042015-15,0.0150,64.00,yes
2026-10-05T00:13:15.379964Z,KXBTC15M-26OCT042015-15,0.0060,0.01,yes
2026-10-05T00:13:15.379964Z,KXBTC15M-26OCT042015-15,0.0110,97.00,yes
2026-10-05T00:13:15.379964Z,KXBTC15M-26OCT042015-15,0.0130,150.00,yes
2026-10-05T00:13:15.379964Z,KXBTC15M-26OCT042015-15,0.0150,93.75,yes
2026-10-05T00:13:15.379964Z,KXBTC15M-26OCT042015-15,0.0060,0.01,yes
2026-10-05T00:13:15.41477Z,KXBTC15M-26OCT042015-15,0.0050,0.01,no
2026-10-05T00:13:15.41477Z,KXBTC15M-26OCT042015-15,0.0050,15.00,no
2026-10-05T00:13:15.41477Z,KXBTC15M-26OCT042015-15,0.0050,0.01,no
2026-10-05T00:13:15.41477Z,KXBTC15M-26OCT042015-15,0.0050,5.54,no
2026-10-05T00:13:15.41477Z,KXBTC15M-26OCT042015-15,0.0050,2.00,no
2026-10-05T00:13:15.422513Z,KXBTC15M-26OCT042015-15,0.0060,0.01,yes
2026-10-05T00:13:15.422513Z,KXBTC15M-26OCT042015-15,0.0060,15.00,yes
2026-10-05T00:13:15.422513Z,KXBTC15M-26OCT042015-15,0.0060,0.01,yes
2026-10-05T00:13:15.422513Z,KXBTC15M-26OCT042015-15,0.0060,126.82,yes
2026-10-05T00:13:15.452226Z,KXBTC15M-26OCT042015-15,0.0080,1.59,no
2026-10-05T00:13:15.522305Z,KXBTC15M-26OCT042015-15,0.0090,84.00,yes
2026-10-05T00:13:15.522305Z,KXBTC15M-26OCT042015-15,0.0090,0.01,yes
2026-10-05T00:13:15.522305Z,KXBTC15M-26OCT042015-15,0.0090,0.01,yes
2026-10-05T00:13:15.522305Z,KXBTC15M-26OCT042015-15,0.0090,132.43,yes
2026-10-05T00:13:15.64753Z,KXBTC15M-26OCT042015-15,0.0080,162.53,no
2026-10-05T00:13:15.707626Z,KXBTC15M-26OCT042015-15,0.0080,32.00,no
2026-10-05T00:13:15.766375Z,KXBTC15M-26OCT042015-15,0.0090,24.51,yes
2026-10-05T00:13:15.776485Z,KXBTC15M-26OCT042015-15,0.0090,1.38,yes
2026-10-05T00:13:15.798053Z,KXBTC15M-26OCT042015-15,0.0080,1.00,no
2026-10-05T00:13:15.982905Z,KXBTC15M-26OCT042015-15,0.0080,317.76,no
2026-10-05T00:13:16.094113Z,KXBTC15M-26OCT042015-15,0.0080,324.85,no
2026-10-05T00:13:16.09584Z,KXBTC15M-26OCT042015-15,0.0090,400.00,yes
2026-10-05T00:13:16.09584Z,KXBTC15M-26OCT042015-15,0.0090,82.00,yes
2026-10-05T00:13:16.09584Z,KXBTC15M-26OCT042015-15,0.0090,0.01,yes
2026-10-05T00:13:16.09584Z,KXBTC15M-26OCT042015-15,0.0090,15.00,yes
2026-10-05T00:13:16.09584Z,KXBTC15M-26OCT042015-15,0.0090,0.01,yes
2026-10-05T00:13:16.09584Z,KXBTC15M-26OCT042015-15,0.0090,16.11,yes
2026-10-05T00:13:16.107175Z,KXBTC15M-26OCT042015-15,0.0090,1.15,yes
2026-10-05T00:13:16.146951Z,KXBTC15M-26OCT042015-15,0.0080,227.69,no
2026-10-05T00:13:16.182373Z,KXBTC15M-26OCT042015-15,0.0050,0.31,no
2026-10-05T00:13:16.182373Z,KXBTC15M-26OCT042015-15,0.0080,14.98,no
2026-10-05T00:13:16.182373Z,KXBTC15M-26OCT042015-15,0.0080,15.00,no
2026-10-05T00:13:16.182373Z,KXBTC15M-26OCT042015-15,0.0080,432.58,no
2026-10-05T00:13:16.182373Z,KXBTC15M-26OCT042015-15,0.0050,42.00,no
2026-10-05T00:13:16.182373Z,KXBTC15M-26OCT042015-15,0.0040,150.00,no
2026-10-05T00:13:16.182373Z,KXBTC15M-26OCT042015-15,0.0070,14.99,no
2026-10-05T00:13:16.182373Z,KXBTC15M-26OCT042015-15,0.0080,15.00,no
2026-10-05T00:13:16.182373Z,KXBTC15M-26OCT042015-15,0.0080,0.01,no
2026-10-05T00:13:16.182373Z,KXBTC15M-26OCT042015-15,0.0040,500.00,no
2026-10-05T00:13:16.182373Z,KXBTC15M-26OCT042015-15,0.0040,20.00,no
2026-10-05T00:13:16.182373Z,KXBTC15M-26OCT042015-15,0.0080,500.00,no
2026-10-05T00:13:16.182373Z,KXBTC15M-26OCT042015-15,0.0070,2.00,no
2026-10-05T00:13:16.182373Z,KXBTC15M-26OCT042015-15,0.0060,2.00,no
2026-10-05T00:13:16.182373Z,KXBTC15M-26OCT042015-15,0.0050,15.00,no
2026-10-05T00:13:16.182373Z,KXBTC15M-26OCT042015-15,0.0050,15.00,no
2026-10-05T00:13:16.182373Z,KXBTC15M-26OCT042015-15,0.0050,15.00,no
2026-10-05T00:13:16.182373Z,KXBTC15M-26OCT042015-15,0.0070,15.00,no
2026-10-05T00:13:16.182373Z,KXBTC15M-26OCT042015-15,0.0080,0.01,no
2026-10-05T00:13:16.182373Z,KXBTC15M-26OCT042015-15,0.0060,15.00,no
2026-10-05T00:13:16.182373Z,KXBTC15M-26OCT042015-15,0.0050,2.00,no
2026-10-05T00:13:16.182373Z,KXBTC15M-26OCT042015-15,0.0050,297.54,no
2026-10-05T00:13:16.182373Z,KXBTC15M-26OCT042015-15,0.0050,15.00,no
2026-10-05T00:13:16.182373Z,KXBTC15M-26OCT042015-15,0.0050,2.00,no
2026-10-05T00:13:16.182373Z,KXBTC15M-26OCT042015-15,0.0040,2.00,no
2026-10-05T00:13:16.182373Z,KXBTC15M-26OCT042015-15,0.0080,500.00,no
2026-10-05T00:13:16.182373Z,KXBTC15M-26OCT042015-15,0.0030,1226.89,no
2026-10-05T00:13:16.182373Z,KXBTC15M-26OCT042015-15,0.0040,10.00,no
2026-10-05T00:13:16.197043Z,KXBTC15M-26OCT042015-15,0.0050,21.71,yes
2026-10-05T00:13:16.277215Z,KXBTC15M-26OCT042015-15,0.0050,50.00,yes
2026-10-05T00:13:16.282906Z,KXBTC15M-26OCT042015-15,0.0050,234.52,yes
2026-10-05T00:13:16.290955Z,KXBTC15M-26OCT042015-15,0.0050,38.00,yes
2026-10-05T00:13:16.317172Z,KXBTC15M-26OCT042015-15,0.0040,400.00,no
2026-10-05T00:13:16.317172Z,KXBTC15M-26OCT042015-15,0.0040,71.00,no
2026-10-05T00:13:16.317172Z,KXBTC15M-26OCT042015-15,0.0040,200.00,no
2026-10-05T00:13:16.317172Z,KXBTC15M-26OCT042015-15,0.0040,253.78,no
2026-10-05T00:13:16.317172Z,KXBTC15M-26OCT042015-15,0.0040,0.01,no
2026-10-05T00:13:16.317172Z,KXBTC15M-26OCT042015-15,0.0040,20.00,no
2026-10-05T00:13:16.317172Z,KXBTC15M-26OCT042015-15,0.0040,0.01,no
2026-10-05T00:13:16.317172Z,KXBTC15M-26OCT042015-15,0.0040,150.00,no
2026-10-05T00:13:16.317172Z,KXBTC15M-26OCT042015-15,0.0030,200.00,no
2026-10-05T00:13:16.319329Z,KXBTC15M-26OCT042015-15,0.0020,107.75,no
2026-10-05T00:13:16.34007Z,KXBTC15M-26OCT042015-15,0.0040,24.00,no
2026-10-05T00:13:16.368239Z,KXBTC15M-26OCT042015-15,0.0050,23.89,yes
2026-10-05T00:13:16.376357Z,KXBTC15M-26OCT042015-15,0.0040,98.00,no
2026-10-05T00:13:16.388299Z,KXBTC15M-26OCT042015-15,0.0050,197.00,yes
2026-10-05T00:13:16.428449Z,KXBTC15M-26OCT042015-15,0.0050,24.65,yes
2026-10-05T00:13:16.4507Z,KXBTC15M-26OCT042015-15,0.0050,0.01,yes
2026-10-05T00:13:16.4507Z,KXBTC15M-26OCT042015-15,0.0050,15.00,yes
2026-10-05T00:13:16.4507Z,KXBTC15M-26OCT042015-15,0.0050,0.01,yes
2026-10-05T00:13:16.4507Z,KXBTC15M-26OCT042015-15,0.0050,23.12,yes
2026-10-05T00:13:16.472799Z,KXBTC15M-26OCT042015-15,0.0050,15.00,yes
2026-10-05T00:13:16.472799Z,KXBTC15M-26OCT042015-15,0.0050,0.01,yes
2026-10-05T00:13:16.472799Z,KXBTC15M-26OCT042015-15,0.0050,0.01,yes
2026-10-05T00:13:16.472799Z,KXBTC15M-26OCT042015-15,0.0050,114.51,yes
2026-10-05T00:13:16.49048Z,KXBTC15M-26OCT042015-15,0.0070,169.75,yes
2026-10-05T00:13:16.49048Z,KXBTC15M-26OCT042015-15,0.0060,6.59,yes
2026-10-05T00:13:16.49048Z,KXBTC15M-26OCT042015-15,0.0060,0.01,yes
2026-10-05T00:13:16.49048Z,KXBTC15M-26OCT042015-15,0.0050,15.00,yes
2026-10-05T00:13:16.49048Z,KXBTC15M-26OCT042015-15,0.0060,0.01,yes
2026-10-05T00:13:16.506839Z,KXBTC15M-26OCT042015-15,0.0070,176.98,yes
2026-10-05T00:13:16.506839Z,KXBTC15M-26OCT042015-15,0.0050,0.01,yes
2026-10-05T00:13:16.506839Z,KXBTC15M-26OCT042015-15,0.0050,15.00,yes
2026-10-05T00:13:16.506839Z,KXBTC15M-26OCT042015-15,0.0050,0.01,yes
2026-10-05T00:13:16.540641Z,KXBTC15M-26OCT042015-15,0.0040,15.00,no
2026-10-05T00:13:16.540641Z,KXBTC15M-26OCT042015-15,0.0040,0.01,no
2026-10-05T00:13:16.540641Z,KXBTC15M-26OCT042015-15,0.0030,78.00,no
2026-10-05T00:13:16.540641Z,KXBTC15M-26OCT042015-15,0.0040,10.00,no
2026-10-05T00:13:16.540641Z,KXBTC15M-26OCT042015-15,0.0040,15.00,no
2026-10-05T00:13:16.540641Z,KXBTC15M-26OCT042015-15,0.0040,500.00,no
2026-10-05T00:13:16.540641Z,KXBTC15M-26OCT042015-15,0.0040,15.00,no
2026-10-05T00:13:16.540641Z,KXBTC15M-26OCT042015-15,0.0030,25.00,no
2026-10-05T00:13:16.540641Z,KXBTC15M-26OCT042015-15,0.0040,0.01,no
2026-10-05T00:13:16.540641Z,KXBTC15M-26OCT042015-15,0.0040,500.00,no
2026-10-05T00:13:16.540641Z,KXBTC15M-26OCT042015-15,0.0040,400.00,no
2026-10-05T00:13:16.540641Z,KXBTC15M-26OCT042015-15,0.0030,200.00,no
2026-10-05T00:13:16.540641Z,KXBTC15M-26OCT042015-15,0.0040,15.00,no
2026-10-05T00:13:16.540641Z,KXBTC15M-26OCT042015-15,0.0040,15.00,no
2026-10-05T00:13:16.540641Z,KXBTC15M-26OCT042015-15,0.0030,2968.98,no
2026-10-05T00:13:16.540641Z,KXBTC15M-26OCT042015-15,0.0040,28.00,no
2026-10-05T00:13:16.540641Z,KXBTC15M-26OCT042015-15,0.0040,200.00,no
2026-10-05T00:13:16.540687Z,KXBTC15M-26OCT042015-15,0.0050,0.01,yes
2026-10-05T00:13:16.540687Z,KXBTC15M-26OCT042015-15,0.0050,0.01,yes
2026-10-05T00:13:16.540687Z,KXBTC15M-26OCT042015-15,0.0050,15.00,yes
2026-10-05T00:13:16.542459Z,KXBTC15M-26OCT042015-15,0.0070,28.39,yes
2026-10-05T00:13:16.558081Z,KXBTC15M-26OCT042015-15,0.0040,14.45,no
2026-10-05T00:13:16.567801Z,KXBTC15M-26OCT042015-15,0.0040,17.61,no
2026-10-05T00:13:16.837396Z,KXBTC15M-26OCT042015-15,0.0050,0.01,yes
2026-10-05T00:13:16.837396Z,KXBTC15M-26OCT042015-15,0.0050,8.52,yes
2026-10-05T00:13:16.837396Z,KXBTC15M-26OCT042015-15,0.0050,15.00,yes
2026-10-05T00:13:16.837396Z,KXBTC15M-26OCT042015-15,0.0050,0.01,yes
2026-10-05T00:13:16.849275Z,KXBTC15M-26OCT042015-15,0.0050,6.48,yes
2026-10-05T00:13:16.849275Z,KXBTC15M-26OCT042015-15,0.0050,180.49,yes
2026-10-05T00:13:16.909091Z,KXBTC15M-26OCT042015-15,0.0060,42.61,yes
2026-10-05T00:13:16.909091Z,KXBTC15M-26OCT042015-15,0.0050,15.00,yes
2026-10-05T00:13:16.909091Z,KXBTC15M-26OCT042015-15,0.0050,0.01,yes
2026-10-05T00:13:16.909091Z,KXBTC15M-26OCT042015-15,0.0060,17.12,yes
2026-10-05T00:13:16.909091Z,KXBTC15M-26OCT042015-15,0.0050,43.37,yes
2026-10-05T00:13:16.909091Z,KXBTC15M-26OCT042015-15,0.0050,64.88,yes
2026-10-05T00:13:16.909091Z,KXBTC15M-26OCT042015-15,0.0050,0.01,yes
2026-10-05T00:13:16.912853Z,KXBTC15M-26OCT042015-15,0.0060,77.35,yes
2026-10-05T00:13:16.959618Z,KXBTC15M-26OCT042015-15,0.0050,14.15,yes
2026-10-05T00:13:16.959618Z,KXBTC15M-26OCT042015-15,0.0050,0.01,yes
2026-10-05T00:13:16.959618Z,KXBTC15M-26OCT042015-15,0.0050,0.01,yes
2026-10-05T00:13:16.964051Z,KXBTC15M-26OCT042015-15,0.0040,0.05,no
2026-10-05T00:13:16.972472Z,KXBTC15M-26OCT042015-15,0.0040,12.37,no
2026-10-05T00:13:16.973081Z,KXBTC15M-26OCT042015-15,0.0040,30.21,no
2026-10-05T00:13:16.998518Z,KXBTC15M-26OCT042015-15,0.0040,5.69,no
2026-10-05T00:13:17.067063Z,KXBTC15M-26OCT042015-15,0.0050,0.85,yes
2026-10-05T00:13:17.067063Z,KXBTC15M-26OCT042015-15,0.0050,0.01,yes
2026-10-05T00:13:17.067063Z,KXBTC15M-26OCT042015-15,0.0050,0.01,yes
2026-10-05T00:13:17.107763Z,KXBTC15M-26OCT042015-15,0.0040,0.01,no
2026-10-05T00:13:17.107763Z,KXBTC15M-26OCT042015-15,0.0040,15.00,no
2026-10-05T00:13:17.107763Z,KXBTC15M-26OCT042015-15,0.0040,69.62,no
2026-10-05T00:13:17.107763Z,KXBTC15M-26OCT042015-15,0.0040,15.00,no
2026-10-05T00:13:17.107763Z,KXBTC15M-26OCT042015-15,0.0040,0.85,no
2026-10-05T00:13:17.107763Z,KXBTC15M-26OCT042015-15,0.0040,15.00,no
2026-10-05T00:13:17.107763Z,KXBTC15M-26OCT042015-15,0.0040,20.00,no
2026-10-05T00:13:17.107763Z,KXBTC15M-26OCT042015-15,0.0050,500.00,no
2026-10-05T00:13:17.107763Z,KXBTC15M-26OCT042015-15,0.0050,500.00,no
2026-10-05T00:13:17.107763Z,KXBTC15M-26OCT042015-15,0.0040,15.00,no
2026-10-05T00:13:17.107763Z,KXBTC15M-26OCT042015-15,0.0040,0.01,no
2026-10-05T00:13:17.107763Z,KXBTC15M-26OCT042015-15,0.0030,3114.61,no
2026-10-05T00:13:17.107763Z,KXBTC15M-26OCT042015-15,0.0050,0.01,no
2026-10-05T00:13:17.107763Z,KXBTC15M-26OCT042015-15,0.0050,0.01,no
2026-10-05T00:13:17.107763Z,KXBTC15M-26OCT042015-15,0.0050,400.00,no
2026-10-05T00:13:17.108988Z,KXBTC15M-26OCT042015-15,0.0030,27.32,no
2026-10-05T00:13:17.118242Z,KXBTC15M-26OCT042015-15,0.0030,0.99,no
2026-10-05T00:13:17.118242Z,KXBTC15M-26OCT042015-15,0.0050,0.01,no
2026-10-05T00:13:17.119765Z,KXBTC15M-26OCT042015-15,0.0090,15.00,yes
2026-10-05T00:13:17.119765Z,KXBTC15M-26OCT042015-15,0.0090,128.57,yes
2026-10-05T00:13:17.119765Z,KXBTC15M-26OCT042015-15,0.0070,0.01,yes
2026-10-05T00:13:17.119765Z,KXBTC15M-26OCT042015-15,0.0070,0.01,yes
2026-10-05T00:13:17.119765Z,KXBTC15M-26OCT042015-15,0.0070,35.00,yes
2026-10-05T00:13:17.238691Z,KXBTC15M-26OCT042015-15,0.0060,1.16,yes
2026-10-05T00:13:17.265634Z,KXBTC15M-26OCT042015-15,0.0050,0.01,no
2026-10-05T00:13:17.265634Z,KXBTC15M-26OCT042015-15,0.0050,89.32,no
2026-10-05T00:13:17.291607Z,KXBTC15M-26OCT042015-15,0.0050,34.76,no
2026-10-05T00:13:17.345656Z,KXBTC15M-26OCT042015-15,0.0060,13.84,yes
2026-10-05T00:13:17.345656Z,KXBTC15M-26OCT042015-15,0.0060,0.01,yes
2026-10-05T00:13:17.345656Z,KXBTC15M-26OCT042015-15,0.0060,15.00,yes
2026-10-05T00:13:17.345656Z,KXBTC15M-26OCT042015-15,0.0070,22.93,yes
2026-10-05T00:13:17.345656Z,KXBTC15M-26OCT042015-15,0.0060,0.01,yes
2026-10-05T00:13:17.396235Z,KXBTC15M-26OCT042015-15,0.0060,15.00,yes
2026-10-05T00:13:17.396235Z,KXBTC15M-26OCT042015-15,0.0060,0.01,yes
2026-10-05T00:13:17.396235Z,KXBTC15M-26OCT042015-15,0.0070,0.01,yes
2026-10-05T00:13:17.396235Z,KXBTC15M-26OCT042015-15,0.0080,6.79,yes
2026-10-05T00:13:17.396235Z,KXBTC15M-26OCT042015-15,0.0080,15.00,yes
2026-10-05T00:13:17.396235Z,KXBTC15M-26OCT042015-15,0.0070,0.01,yes
2026-10-05T00:13:17.396235Z,KXBTC15M-26OCT042015-15,0.0070,3.18,yes
2026-10-05T00:13:17.408041Z,KXBTC15M-26OCT042015-15,0.0050,25.42,no
2026-10-05T00:13:17.437252Z,KXBTC15M-26OCT042015-15,0.0080,27.21,yes
2026-10-05T00:13:17.437252Z,KXBTC15M-26OCT042015-15,0.0080,0.01,yes
2026-10-05T00:13:17.437252Z,KXBTC15M-26OCT042015-15,0.0080,15.00,yes
2026-10-05T00:13:17.437252Z,KXBTC15M-26OCT042015-15,0.0080,61.51,yes
2026-10-05T00:13:17.445759Z,KXBTC15M-26OCT042015-15,0.0080,5.95,yes
2026-10-05T00:13:17.470545Z,KXBTC15M-26OCT042015-15,0.0080,50.61,yes
2026-10-05T00:13:17.529176Z,KXBTC15M-26OCT042015-15,0.0070,12.02,yes
2026-10-05T00:13:17.533943Z,KXBTC15M-26OCT042015-15,0.0070,36.33,yes
2026-10-05T00:13:17.559581Z,KXBTC15M-26OCT042015-15,0.0060,50.38,no
2026-10-05T00:13:17.559581Z,KXBTC15M-26OCT042015-15,0.0060,20.00,no
2026-10-05T00:13:17.559581Z,KXBTC15M-26OCT042015-15,0.0060,15.00,no
2026-10-05T00:13:17.559581Z,KXBTC15M-26OCT042015-15,0.0060,0.01,no
2026-10-05T00:13:17.559581Z,KXBTC15M-26OCT042015-15,0.0060,0.01,no
2026-10-05T00:13:17.559581Z,KXBTC15M-26OCT042015-15,0.0060,15.00,no
2026-10-05T00:13:17.591862Z,KXBTC15M-26OCT042015-15,0.0080,1.31,yes
2026-10-05T00:13:17.593557Z,KXBTC15M-26OCT042015-15,0.0060,39.18,no
2026-10-05T00:13:17.603598Z,KXBTC15M-26OCT042015-15,0.0080,36.33,yes
2026-10-05T00:13:17.675385Z,KXBTC15M-26OCT042015-15,0.0080,36.33,yes
2026-10-05T00:13:17.739797Z,KXBTC15M-26OCT042015-15,0.0080,172.22,yes
2026-10-05T00:13:17.739797Z,KXBTC15M-26OCT042015-15,0.0080,0.01,yes
2026-10-05T00:13:17.739797Z,KXBTC15M-26OCT042015-15,0.0080,24.00,yes
2026-10-05T00:13:17.739797Z,KXBTC15M-26OCT042015-15,0.0080,1.36,yes
2026-10-05T00:13:17.739797Z,KXBTC15M-26OCT042015-15,0.0080,0.01,yes
2026-10-05T00:13:17.741928Z,KXBTC15M-26OCT042015-15,0.0080,36.33,yes
2026-10-05T00:13:17.817493Z,KXBTC15M-26OCT042015-15,0.0080,36.33,yes
2026-10-05T00:13:17.823019Z,KXBTC15M-26OCT042015-15,0.0080,61.63,yes
2026-10-05T00:13:17.835446Z,KXBTC15M-26OCT042015-15,0.0080,115.73,yes
2026-10-05T00:13:17.894909Z,KXBTC15M-26OCT042015-15,0.0060,103.09,no
2026-10-05T00:13:17.895853Z,KXBTC15M-26OCT042015-15,0.0080,36.33,yes
2026-10-05T00:13:17.943939Z,KXBTC15M-26OCT042015-15,0.0080,39.54,yes
2026-10-05T00:13:17.943939Z,KXBTC15M-26OCT042015-15,0.0080,926.97,yes
2026-10-05T00:13:18.009656Z,KXBTC15M-26OCT042015-15,0.0090,21.55,yes
2026-10-05T00:13:18.009656Z,KXBTC15M-26OCT042015-15,0.0090,15.00,yes
2026-10-05T00:13:18.029426Z,KXBTC15M-26OCT042015-15,0.0090,23.88,yes
2026-10-05T00:13:18.029426Z,KXBTC15M-26OCT042015-15,0.0090,12.45,yes
2026-10-05T00:13:18.054046Z,KXBTC15M-26OCT042015-15,0.0070,1.29,no
2026-10-05T00:13:18.067177Z,KXBTC15M-26OCT042015-15,0.0090,103.73,yes
2026-10-05T00:13:18.19129Z,KXBTC15M-26OCT042015-15,0.0070,0.87,no
2026-10-05T00:13:18.192346Z,KXBTC15M-26OCT042015-15,0.0060,55.63,no
2026-10-05T00:13:18.192346Z,KXBTC15M-26OCT042015-15,0.0070,0.01,no
2026-10-05T00:13:18.192346Z,KXBTC15M-26OCT042015-15,0.0070,0.01,no
2026-10-05T00:13:18.192346Z,KXBTC15M-26OCT042015-15,0.0070,12.84,no
2026-10-05T00:13:18.192346Z,KXBTC15M-26OCT042015-15,0.0060,20.00,no
2026-10-05T00:13:18.196239Z,KXBTC15M-26OCT042015-15,0.0040,200.00,no
2026-10-05T00:13:18.196239Z,KXBTC15M-26OCT042015-15,0.0050,200.00,no
2026-10-05T00:13:18.196239Z,KXBTC15M-26OCT042015-15,0.0060,44.37,no
2026-10-05T00:13:18.196239Z,KXBTC15M-26OCT042015-15,0.0050,67.00,no
2026-10-05T00:13:18.196239Z,KXBTC15M-26OCT042015-15,0.0040,10.00,no
2026-10-05T00:13:18.196239Z,KXBTC15M-26OCT042015-15,0.0040,1500.00,no
2026-10-05T00:13:18.196239Z,KXBTC15M-26OCT042015-15,0.0040,150.00,no
2026-10-05T00:13:18.196239Z,KXBTC15M-26OCT042015-15,0.0030,410.10,no
2026-10-05T00:13:18.196239Z,KXBTC15M-26OCT042015-15,0.0050,15.00,no
2026-10-05T00:13:18.196239Z,KXBTC15M-26OCT042015-15,0.0050,15.00,no
2026-10-05T00:13:18.196239Z,KXBTC15M-26OCT042015-15,0.0050,15.00,no
2026-10-05T00:13:18.196239Z,KXBTC15M-26OCT042015-15,0.0050,15.00,no
2026-10-05T00:13:18.24168Z,KXBTC15M-26OCT042015-15,0.0070,0.01,no
2026-10-05T00:13:18.24168Z,KXBTC15M-26OCT042015-15,0.0040,13.11,no
2026-10-05T00:13:18.250712Z,KXBTC15M-26OCT042015-15,0.0050,31.52,yes
2026-10-05T00:13:18.283427Z,KXBTC15M-26OCT042015-15,0.0040,0.02,no
2026-10-05T00:13:18.28406Z,KXBTC15M-26OCT042015-15,0.0040,0.02,no
2026-10-05T00:13:18.285103Z,KXBTC15M-26OCT042015-15,0.0040,0.02,no
2026-10-05T00:13:18.288623Z,KXBTC15M-26OCT042015-15,0.0050,36.33,yes
2026-10-05T00:13:18.316016Z,KXBTC15M-26OCT042015-15,0.0040,8.72,no
2026-10-05T00:13:18.316016Z,KXBTC15M-26OCT042015-15,0.0040,6.83,no
2026-10-05T00:13:18.316016Z,KXBTC15M-26OCT042015-15,0.0040,0.01,no
2026-10-05T00:13:18.316016Z,KXBTC15M-26OCT042015-15,0.0040,0.01,no
2026-10-05T00:13:18.316016Z,KXBTC15M-26OCT042015-15,0.0040,0.02,no
2026-10-05T00:13:18.316016Z,KXBTC15M-26OCT042015-15,0.0040,0.02,no
2026-10-05T00:13:18.316016Z,KXBTC15M-26OCT042015-15,0.0040,0.02,no
2026-10-05T00:13:18.316016Z,KXBTC15M-26OCT042015-15,0.0040,13.11,no
2026-10-05T00:13:18.343492Z,KXBTC15M-26OCT042015-15,0.0050,426.73,yes
2026-10-05T00:13:18.351042Z,KXBTC15M-26OCT042015-15,0.0050,91.62,yes
2026-10-05T00:13:18.367081Z,KXBTC15M-26OCT042015-15,0.0040,0.01,no
2026-10-05T00:13:18.367081Z,KXBTC15M-26OCT042015-15,0.0040,13.98,no
2026-10-05T00:13:18.380476Z,KXBTC15M-26OCT042015-15,0.0050,81.82,yes
2026-10-05T00:13:18.466291Z,KXBTC15M-26OCT042015-15,0.0050,2.00,yes
2026-10-05T00:13:18.501359Z,KXBTC15M-26OCT042015-15,0.0040,13.98,no
2026-10-05T00:13:18.501359Z,KXBTC15M-26OCT042015-15,0.0040,6.02,no
2026-10-05T00:13:18.501359Z,KXBTC15M-26OCT042015-15,0.0040,0.01,no
2026-10-05T00:13:18.501359Z,KXBTC15M-26OCT042015-15,0.0040,0.01,no
2026-10-05T00:13:18.501359Z,KXBTC15M-26OCT042015-15,0.0030,1947.65,no
2026-10-05T00:13:18.508153Z,KXBTC15M-26OCT042015-15,0.0040,0.01,no
2026-10-05T00:13:18.508153Z,KXBTC15M-26OCT042015-15,0.0030,9.84,no
2026-10-05T00:13:18.53738Z,KXBTC15M-26OCT042015-15,0.0030,18.00,no
2026-10-05T00:13:18.560443Z,KXBTC15M-26OCT042015-15,0.0050,73.89,yes
2026-10-05T00:13:18.560443Z,KXBTC15M-26OCT042015-15,0.0040,15.00,yes
2026-10-05T00:13:18.560443Z,KXBTC15M-26OCT042015-15,0.0040,15.00,yes
2026-10-05T00:13:18.560443Z,KXBTC15M-26OCT042015-15,0.0040,0.01,yes
2026-10-05T00:13:18.560443Z,KXBTC15M-26OCT042015-15,0.0040,0.01,yes
2026-10-05T00:13:18.632628Z,KXBTC15M-26OCT042015-15,0.0030,98.28,no
2026-10-05T00:13:18.638496Z,KXBTC15M-26OCT042015-15,0.0050,570.33,yes
2026-10-05T00:13:18.670688Z,KXBTC15M-26OCT042015-15,0.0030,80.00,no
2026-10-05T00:13:18.670688Z,KXBTC15M-26OCT042015-15,0.0030,25.00,no
2026-10-05T00:13:18.670688Z,KXBTC15M-26OCT042015-15,0.0030,0.01,no
2026-10-05T00:13:18.670688Z,KXBTC15M-26OCT042015-15,0.0030,15.00,no
2026-10-05T00:13:18.670688Z,KXBTC15M-26OCT042015-15,0.0030,35.91,no
2026-10-05T00:13:18.670688Z,KXBTC15M-26OCT042015-15,0.0030,0.01,no
2026-10-05T00:13:18.670688Z,KXBTC15M-26OCT042015-15,0.0030,33.72,no
2026-10-05T00:13:18.670688Z,KXBTC15M-26OCT042015-15,0.0030,400.00,no
2026-10-05T00:13:18.689555Z,KXBTC15M-26OCT042015-15,0.0050,0.01,yes
2026-10-05T00:13:18.689555Z,KXBTC15M-26OCT042015-15,0.0050,0.01,yes
2026-10-05T00:13:18.689555Z,KXBTC15M-26OCT042015-15,0.0050,46.98,yes
2026-10-05T00:13:18.689555Z,KXBTC15M-26OCT042015-15,0.0050,3.00,yes
2026-10-05T00:13:18.697127Z,KXBTC15M-26OCT042015-15,0.0050,0.01,yes
2026-10-05T00:13:18.697127Z,KXBTC15M-26OCT042015-15,0.0050,35.03,yes
2026-10-05T00:13:18.697127Z,KXBTC15M-26OCT042015-15,0.0060,35.00,yes
2026-10-05T00:13:18.697127Z,KXBTC15M-26OCT042015-15,0.0080,0.08,yes
2026-10-05T00:13:18.697127Z,KXBTC15M-26OCT042015-15,0.0090,551.03,yes
2026-10-05T00:13:18.697127Z,KXBTC15M-26OCT042015-15,0.0070,17.00,yes
2026-10-05T00:13:18.697127Z,KXBTC15M-26OCT042015-15,0.0080,200.00,yes
2026-10-05T00:13:18.697127Z,KXBTC15M-26OCT042015-15,0.0090,176.05,yes
2026-10-05T00:13:18.702701Z,KXBTC15M-26OCT042015-15,0.0030,6.35,no
2026-10-05T00:13:18.720003Z,KXBTC15M-26OCT042015-15,0.0050,0.01,yes
2026-10-05T00:13:18.720003Z,KXBTC15M-26OCT042015-15,0.0050,0.01,yes
2026-10-05T00:13:18.72506Z,KXBTC15M-26OCT042015-15,0.0030,400.00,no
2026-10-05T00:13:18.72506Z,KXBTC15M-26OCT042015-15,0.0030,15.00,no
2026-10-05T00:13:18.72506Z,KXBTC15M-26OCT042015-15,0.0030,1500.00,no
2026-10-05T00:13:18.72506Z,KXBTC15M-26OCT042015-15,0.0030,0.01,no
2026-10-05T00:13:18.72506Z,KXBTC15M-26OCT042015-15,0.0030,25.00,no
2026-10-05T00:13:18.72506Z,KXBTC15M-26OCT042015-15,0.0030,113.83,no
2026-10-05T00:13:18.72506Z,KXBTC15M-26OCT042015-15,0.0030,157.74,no
2026-10-05T00:13:18.72506Z,KXBTC15M-26OCT042015-15,0.0030,0.01,no
2026-10-05T00:13:18.737264Z,KXBTC15M-26OCT042015-15,0.0030,1.00,no
2026-10-05T00:13:18.779093Z,KXBTC15M-26OCT042015-15,0.0040,15.00,yes
2026-10-05T00:13:18.779093Z,KXBTC15M-26OCT042015-15,0.0040,0.01,yes
2026-10-05T00:13:18.779093Z,KXBTC15M-26OCT042015-15,0.0040,15.00,yes
2026-10-05T00:13:18.779093Z,KXBTC15M-26OCT042015-15,0.0040,1500.00,yes
2026-10-05T00:13:18.779093Z,KXBTC15M-26OCT042015-15,0.0040,0.01,yes
2026-10-05T00:13:18.779093Z,KXBTC15M-26OCT042015-15,0.0040,500.00,yes
2026-10-05T00:13:18.779093Z,KXBTC15M-26OCT042015-15,0.0040,500.00,yes
2026-10-05T00:13:18.791823Z,KXBTC15M-26OCT042015-15,0.0020,7892.25,no
2026-10-05T00:13:18.791823Z,KXBTC15M-26OCT042015-15,0.0020,9264.63,no
2026-10-05T00:13:18.791823Z,KXBTC15M-26OCT042015-15,0.0030,0.01,no
2026-10-05T00:13:18.791823Z,KXBTC15M-26OCT042015-15,0.0030,200.00,no
2026-10-05T00:13:18.791823Z,KXBTC15M-26OCT042015-15,0.0030,35.17,no
2026-10-05T00:13:18.791823Z,KXBTC15M-26OCT042015-15,0.0030,1500.00,no
2026-10-05T00:13:18.791823Z,KXBTC15M-26OCT042015-15,0.0030,25.00,no
2026-10-05T00:13:18.791823Z,KXBTC15M-26OCT042015-15,0.0030,0.01,no
2026-10-05T00:13:18.791823Z,KXBTC15M-26OCT042015-15,0.0030,51.00,no
2026-10-05T00:13:18.791823Z,KXBTC15M-26OCT042015-15,0.0050,200.00,no
2026-10-05T00:13:18.791823Z,KXBTC15M-26OCT042015-15,0.0050,0.01,no
2026-10-05T00:13:18.791823Z,KXBTC15M-26OCT042015-15,0.0050,469.98,no
2026-10-05T00:13:18.791823Z,KXBTC15M-26OCT042015-15,0.0050,0.01,no
2026-10-05T00:13:18.791823Z,KXBTC15M-26OCT042015-15,0.0030,400.00,no
2026-10-05T00:13:18.796381Z,KXBTC15M-26OCT042015-15,0.0060,1.01,yes
2026-10-05T00:13:18.798895Z,KXBTC15M-26OCT042015-15,0.0030,15.00,no
2026-10-05T00:13:18.802102Z,KXBTC15M-26OCT042015-15,0.0020,982.75,no
2026-10-05T00:13:18.806073Z,KXBTC15M-26OCT042015-15,0.0020,98.97,no
2026-10-05T00:13:18.806073Z,KXBTC15M-26OCT042015-15,0.0030,0.01,no
2026-10-05T00:13:18.844808Z,KXBTC15M-26OCT042015-15,0.0030,15.00,yes
2026-10-05T00:13:18.849333Z,KXBTC15M-26OCT042015-15,0.0030,1.01,yes
2026-10-05T00:13:18.850141Z,KXBTC15M-26OCT042015-15,0.0030,1031.48,yes
2026-10-05T00:13:18.854439Z,KXBTC15M-26OCT042015-15,0.0030,11.21,yes
2026-10-05T00:13:18.866591Z,KXBTC15M-26OCT042015-15,0.0030,7.47,yes
2026-10-05T00:13:18.896742Z,KXBTC15M-26OCT042015-15,0.0030,373.95,yes
2026-10-05T00:13:18.944789Z,KXBTC15M-26OCT042015-15,0.0030,373.95,yes
2026-10-05T00:13:19.018061Z,KXBTC15M-26OCT042015-15,0.0020,7.85,no
2026-10-05T00:13:19.020315Z,KXBTC15M-26OCT042015-15,0.0030,186.97,yes
2026-10-05T00:13:19.036514Z,KXBTC15M-26OCT042015-15,0.0030,52.35,yes
2026-10-05T00:13:19.04862Z,KXBTC15M-26OCT042015-15,0.0020,9587.77,no
2026-10-05T00:13:19.058099Z,KXBTC15M-26OCT042015-15,0.0030,102.87,yes
2026-10-05T00:13:19.060983Z,KXBTC15M-26OCT042015-15,0.0030,11.44,yes
2026-10-05T00:13:19.073766Z,KXBTC15M-26OCT042015-15,0.0020,1867.20,no
2026-10-05T00:13:19.080101Z,KXBTC15M-26OCT042015-15,0.0020,899.41,no
2026-10-05T00:13:19.132214Z,KXBTC15M-26OCT042015-15,0.0030,18.69,yes
2026-10-05T00:13:19.139555Z,KXBTC15M-26OCT042015-15,0.0020,200.37,no
2026-10-05T00:13:19.180601Z,KXBTC15M-26OCT042015-15,0.0030,305.35,yes
2026-10-05T00:13:19.285458Z,KXBTC15M-26OCT042015-15,0.0020,462.86,no
2026-10-05T00:13:19.334643Z,KXBTC15M-26OCT042015-15,0.0030,1526.80,yes
2026-10-05T00:13:19.340313Z,KXBTC15M-26OCT042015-15,0.0030,102.87,yes
2026-10-05T00:13:19.340929Z,KXBTC15M-26OCT042015-15,0.0030,7.00,yes
2026-10-05T00:13:19.355293Z,KXBTC15M-26OCT042015-15,0.0030,500.00,yes
2026-10-05T00:13:19.356596Z,KXBTC15M-26OCT042015-15,0.0030,677.31,yes
2026-10-05T00:13:19.360814Z,KXBTC15M-26OCT042015-15,0.0030,2413.72,yes
2026-10-05T00:13:19.360814Z,KXBTC15M-26OCT042015-15,0.0030,2586.28,yes
2026-10-05T00:13:19.401904Z,KXBTC15M-26OCT042015-15,0.0030,47.80,yes
2026-10-05T00:13:19.527572Z,KXBTC15M-26OCT042015-15,0.0020,45.12,no
2026-10-05T00:13:19.64241Z,KXBTC15M-26OCT042015-15,0.0020,600.00,no
2026-10-05T00:13:19.648365Z,KXBTC15M-26OCT042015-15,0.0030,30.53,yes
2026-10-05T00:13:19.649824Z,KXBTC15M-26OCT042015-15,0.0030,2.58,yes
2026-10-05T00:13:19.659339Z,KXBTC15M-26OCT042015-15,0.0030,305.35,yes
2026-10-05T00:13:19.667688Z,KXBTC15M-26OCT042015-15,0.0030,105.94,yes
2026-10-05T00:13:19.71361Z,KXBTC15M-26OCT042015-15,0.0030,77.89,yes
2026-10-05T00:13:19.72129Z,KXBTC15M-26OCT042015-15,0.0030,610.72,yes
2026-10-05T00:13:19.742759Z,KXBTC15M-26OCT042015-15,0.0020,5009.31,no
2026-10-05T00:13:19.785485Z,KXBTC15M-26OCT042015-15,0.0030,305.35,yes
2026-10-05T00:13:19.805847Z,KXBTC15M-26OCT042015-15,0.0030,29.73,yes
2026-10-05T00:13:19.821001Z,KXBTC15M-26OCT042015-15,0.0030,130.60,yes
2026-10-05T00:13:19.873215Z,KXBTC15M-26OCT042015-15,0.0030,186.97,yes
2026-10-05T00:13:19.886042Z,KXBTC15M-26OCT042015-15,0.0030,3053.57,yes
2026-10-05T00:13:19.886365Z,KXBTC15M-26OCT042015-15,0.0020,3.31,no
2026-10-05T00:13:19.920543Z,KXBTC15M-26OCT042015-15,0.0030,305.35,yes
2026-10-05T00:13:19.942184Z,KXBTC15M-26OCT042015-15,0.0030,1526.80,yes
2026-10-05T00:13:19.979896Z,KXBTC15M-26OCT042015-15,0.0030,15.00,yes
2026-10-05T00:13:19.979896Z,KXBTC15M-26OCT042015-15,0.0030,98.97,yes
2026-10-05T00:13:19.979896Z,KXBTC15M-26OCT042015-15,0.0030,982.75,yes
2026-10-05T00:13:19.979896Z,KXBTC15M-26OCT042015-15,0.0030,0.01,yes
2026-10-05T00:13:19.979896Z,KXBTC15M-26OCT042015-15,0.0030,0.01,yes
2026-10-05T00:13:19.979896Z,KXBTC15M-26OCT042015-15,0.0030,116.73,yes
2026-10-05T00:13:19.979896Z,KXBTC15M-26OCT042015-15,0.0030,7.85,yes
2026-10-05T00:13:19.979896Z,KXBTC15M-26OCT042015-15,0.0030,305.48,yes
2026-10-05T00:13:19.993883Z,KXBTC15M-26OCT042015-15,0.0030,305.35,yes
2026-10-05T00:13:19.993915Z,KXBTC15M-26OCT042015-15,0.0030,14.96,yes
2026-10-05T00:13:20.007463Z,KXBTC15M-26OCT042015-15,0.0030,2.00,yes
2026-10-05T00:13:20.008681Z,KXBTC15M-26OCT042015-15,0.0030,2.02,yes
2026-10-05T00:13:20.014808Z,KXBTC15M-26OCT042015-15,0.0030,57.33,yes
2026-10-05T00:13:20.050665Z,KXBTC15M-26OCT042015-15,0.0030,31.88,yes
2026-10-05T00:13:20.08705Z,KXBTC15M-26OCT042015-15,0.0030,140.71,yes
2026-10-05T00:13:20.107529Z,KXBTC15M-26OCT042015-15,0.0030,1.32,yes
2026-10-05T00:13:20.123264Z,KXBTC15M-26OCT042015-15,0.0030,164.21,yes
2026-10-05T00:13:20.138743Z,KXBTC15M-26OCT042015-15,0.0030,3.31,yes
2026-10-05T00:13:20.160131Z,KXBTC15M-26OCT042015-15,0.0020,120.02,no
2026-10-05T00:13:20.162771Z,KXBTC15M-26OCT042015-15,0.0020,2003.72,no
2026-10-05T00:13:20.194978Z,KXBTC15M-26OCT042015-15,0.0020,35.06,no
2026-10-05T00:13:20.207905Z,KXBTC15M-26OCT042015-15,0.0030,122.15,yes
2026-10-05T00:13:20.220657Z,KXBTC15M-26OCT042015-15,0.0030,32.76,yes
2026-10-05T00:13:20.283931Z,KXBTC15M-26OCT042015-15,0.0030,610.72,yes
2026-10-05T00:13:20.299452Z,KXBTC15M-26OCT042015-15,0.0030,687.06,yes
2026-10-05T00:13:20.309219Z,KXBTC15M-26OCT042015-15,0.0030,15.27,yes
2026-10-05T00:13:20.326592Z,KXBTC15M-26OCT042015-15,0.0030,40.83,yes
2026-10-05T00:13:20.347459Z,KXBTC15M-26OCT042015-15,0.0030,310.00,yes
2026-10-05T00:13:20.363137Z,KXBTC15M-26OCT042015-15,0.0030,12.10,yes
2026-10-05T00:13:20.365264Z,KXBTC15M-26OCT042015-15,0.0030,5.30,yes
2026-10-05T00:13:20.395608Z,KXBTC15M-26OCT042015-15,0.0030,610.72,yes
2026-10-05T00:13:20.420973Z,KXBTC15M-26OCT042015-15,0.0020,0.02,no
2026-10-05T00:13:20.421007Z,KXBTC15M-26OCT042015-15,0.0020,0.02,no
2026-10-05T00:13:20.428265Z,KXBTC15M-26OCT042015-15,0.0030,466.73,yes
2026-10-05T00:13:20.47861Z,KXBTC15M-26OCT042015-15,0.0020,2003.72,no
2026-10-05T00:13:20.518203Z,KXBTC15M-26OCT042015-15,0.0020,63.86,no
2026-10-05T00:13:20.567693Z,KXBTC15M-26OCT042015-15,0.0020,275.07,no
2026-10-05T00:13:20.572134Z,KXBTC15M-26OCT042015-15,0.0030,40.97,yes
2026-10-05T00:13:20.598443Z,KXBTC15M-26OCT042015-15,0.0030,40.19,yes
2026-10-05T00:13:20.635424Z,KXBTC15M-26OCT042015-15,0.0020,2.00,no
2026-10-05T00:13:20.675365Z,KXBTC15M-26OCT042015-15,0.0030,305.35,yes
2026-10-05T00:13:20.689123Z,KXBTC15M-26OCT042015-15,0.0030,1.07,yes
2026-10-05T00:13:20.711799Z,KXBTC15M-26OCT042015-15,0.0030,5.02,yes
2026-10-05T00:13:20.737271Z,KXBTC15M-26OCT042015-15,0.0020,16.67,no
2026-10-05T00:13:20.75346Z,KXBTC15M-26OCT042015-15,0.0030,610.72,yes
2026-10-05T00:13:20.770436Z,KXBTC15M-26OCT042015-15,0.0030,7.13,yes
2026-10-05T00:13:20.806239Z,KXBTC15M-26OCT042015-15,0.0030,3.22,yes
2026-10-05T00:13:20.821876Z,KXBTC15M-26OCT042015-15,0.0030,305.35,yes
2026-10-05T00:13:20.829736Z,KXBTC15M-26OCT042015-15,0.0030,610.72,yes
2026-10-05T00:13:20.858407Z,KXBTC15M-26OCT042015-15,0.0020,19.64,no
2026-10-05T00:13:20.955314Z,KXBTC15M-26OCT042015-15,0.0030,305.35,yes
2026-10-05T00:13:21.041905Z,KXBTC15M-26OCT042015-15,0.0030,305.35,yes
2026-10-05T00:13:21.048292Z,KXBTC15M-26OCT042015-15,0.0030,3.71,yes
2026-10-05T00:13:21.055275Z,KXBTC15M-26OCT042015-15,0.0030,305.35,yes
2026-10-05T00:13:21.079911Z,KXBTC15M-26OCT042015-15,0.0030,311.59,yes
2026-10-05T00:13:21.092581Z,KXBTC15M-26OCT042015-15,0.0030,158.78,yes
2026-10-05T00:13:21.094061Z,KXBTC15M-26OCT042015-15,0.0030,200.00,yes
2026-10-05T00:13:21.143623Z,KXBTC15M-26OCT042015-15,0.0030,8.55,yes
2026-10-05T00:13:21.327072Z,KXBTC15M-26OCT042015-15,0.0030,619.86,yes
2026-10-05T00:13:21.327072Z,KXBTC15M-26OCT042015-15,0.0030,2117.14,yes
2026-10-05T00:13:21.358915Z,KXBTC15M-26OCT042015-15,0.0030,305.35,yes
2026-10-05T00:13:21.37509Z,KXBTC15M-26OCT042015-15,0.0030,941.99,yes
2026-10-05T00:13:21.37509Z,KXBTC15M-26OCT042015-15,0.0030,899.41,yes
2026-10-05T00:13:21.37509Z,KXBTC15M-26OCT042015-15,0.0030,206.54,yes
2026-10-05T00:13:21.37509Z,KXBTC15M-26OCT042015-15,0.0030,200.37,yes
2026-10-05T00:13:21.376557Z,KXBTC15M-26OCT042015-15,0.0030,130.00,yes
2026-10-05T00:13:21.462574Z,KXBTC15M-26OCT042015-15,0.0020,51.98,no
2026-10-05T00:13:21.48547Z,KXBTC15M-26OCT042015-15,0.0020,150.27,no
2026-10-05T00:13:21.496829Z,KXBTC15M-26OCT042015-15,0.0020,3.42,no
2026-10-05T00:13:21.535708Z,KXBTC15M-26OCT042015-15,0.0030,100.00,yes
2026-10-05T00:13:21.55074Z,KXBTC15M-26OCT042015-15,0.0030,5.06,yes
2026-10-05T00:13:21.556169Z,KXBTC15M-26OCT042015-15,0.0020,294.81,no
2026-10-05T00:13:21.557292Z,KXBTC15M-26OCT042015-15,0.0030,451.90,yes
2026-10-05T00:13:21.557292Z,KXBTC15M-26OCT042015-15,0.0030,462.86,yes
2026-10-05T00:13:21.557292Z,KXBTC15M-26OCT042015-15,0.0030,612.04,yes
2026-10-05T00:13:21.562431Z,KXBTC15M-26OCT042015-15,0.0030,5.06,yes
2026-10-05T00:13:21.571737Z,KXBTC15M-26OCT042015-15,0.0030,305.35,yes
2026-10-05T00:13:21.587954Z,KXBTC15M-26OCT042015-15,0.0030,3.04,yes
2026-10-05T00:13:21.596727Z,KXBTC15M-26OCT042015-15,0.0030,27.07,yes
2026-10-05T00:13:21.597903Z,KXBTC15M-26OCT042015-15,0.0030,45.82,yes
2026-10-05T00:13:21.637674Z,KXBTC15M-26OCT042015-15,0.0020,943.75,no
2026-10-05T00:13:21.642841Z,KXBTC15M-26OCT042015-15,0.0020,32.05,no
2026-10-05T00:13:21.669539Z,KXBTC15M-26OCT042015-15,0.0020,5.46,no
2026-10-05T00:13:21.742954Z,KXBTC15M-26OCT042015-15,0.0030,152.69,yes
2026-10-05T00:13:21.742954Z,KXBTC15M-26OCT042015-15,0.0030,152.66,yes
2026-10-05T00:13:21.807934Z,KXBTC15M-26OCT042015-15,0.0030,75.00,yes
2026-10-05T00:13:21.827698Z,KXBTC15M-26OCT042015-15,0.0030,14.96,yes
2026-10-05T00:13:21.830386Z,KXBTC15M-26OCT042015-15,0.0030,179.00,yes
2026-10-05T00:13:21.835483Z,KXBTC15M-26OCT042015-15,0.0030,1526.80,yes
2026-10-05T00:13:21.867882Z,KXBTC15M-26OCT042015-15,0.0030,315.00,yes
2026-10-05T00:13:21.888834Z,KXBTC15M-26OCT042015-15,0.0030,3.00,yes
2026-10-05T00:13:21.905464Z,KXBTC15M-26OCT042015-15,0.0030,852.00,yes
2026-10-05T00:13:21.938117Z,KXBTC15M-26OCT042015-15,0.0030,250.17,yes
2026-10-05T00:13:22.024149Z,KXBTC15M-26OCT042015-15,0.0030,75.00,yes
2026-10-05T00:13:22.033742Z,KXBTC15M-26OCT042015-15,0.0020,184.89,no
2026-10-05T00:13:22.071159Z,KXBTC15M-26OCT042015-15,0.0020,1402.60,no
2026-10-05T00:13:22.073688Z,KXBTC15M-26OCT042015-15,0.0030,87.39,yes
2026-10-05T00:13:22.100632Z,KXBTC15M-26OCT042015-15,0.0030,1488.84,yes
2026-10-05T00:13:22.100632Z,KXBTC15M-26OCT042015-15,0.0030,600.00,yes
2026-10-05T00:13:22.100632Z,KXBTC15M-26OCT042015-15,0.0030,381.13,yes
2026-10-05T00:13:22.100632Z,KXBTC15M-26OCT042015-15,0.0030,45.12,yes
2026-10-05T00:13:22.118918Z,KXBTC15M-26OCT042015-15,0.0030,2.25,yes
2026-10-05T00:13:22.12235Z,KXBTC15M-26OCT042015-15,0.0030,77.23,yes
2026-10-05T00:13:22.181867Z,KXBTC15M-26OCT042015-15,0.0030,1557.96,yes
2026-10-05T00:13:22.190769Z,KXBTC15M-26OCT042015-15,0.0030,104.43,yes
2026-10-05T00:13:22.213455Z,KXBTC15M-26OCT042015-15,0.0030,2748.20,yes
2026-10-05T00:13:22.292513Z,KXBTC15M-26OCT042015-15,0.0030,120.02,yes
2026-10-05T00:13:22.292513Z,KXBTC15M-26OCT042015-15,0.0030,28.89,yes
2026-10-05T00:13:22.292513Z,KXBTC15M-26OCT042015-15,0.0030,15.00,yes
2026-10-05T00:13:22.292513Z,KXBTC15M-26OCT042015-15,0.0030,0.01,yes
2026-10-05T00:13:22.292513Z,KXBTC15M-26OCT042015-15,0.0030,0.01,yes
2026-10-05T00:13:22.292513Z,KXBTC15M-26OCT042015-15,0.0030,3.31,yes
2026-10-05T00:13:22.292513Z,KXBTC15M-26OCT042015-15,0.0030,138.11,yes
2026-10-05T00:13:22.302751Z,KXBTC15M-26OCT042015-15,0.0030,990.07,yes
2026-10-05T00:13:22.302751Z,KXBTC15M-26OCT042015-15,0.0030,35.06,yes
2026-10-05T00:13:22.302751Z,KXBTC15M-26OCT042015-15,0.0030,1974.83,yes
2026-10-05T00:13:22.302751Z,KXBTC15M-26OCT042015-15,0.0030,0.02,yes
2026-10-05T00:13:22.302751Z,KXBTC15M-26OCT042015-15,0.0030,0.02,yes
2026-10-05T00:13:22.304895Z,KXBTC15M-26OCT042015-15,0.0030,116.42,yes
2026-10-05T00:13:22.324104Z,KXBTC15M-26OCT042015-15,0.0030,704.01,yes
2026-10-05T00:13:22.334111Z,KXBTC15M-26OCT042015-15,0.0030,48.27,yes
2026-10-05T00:13:22.334111Z,KXBTC15M-26OCT042015-15,0.0030,193.22,yes
2026-10-05T00:13:22.334111Z,KXBTC15M-26OCT042015-15,0.0030,63.86,yes
2026-10-05T00:13:22.359004Z,KXBTC15M-26OCT042015-15,0.0020,18.28,no
2026-10-05T00:13:22.401093Z,KXBTC15M-26OCT042015-15,0.0020,1547.52,no
2026-10-05T00:13:22.434944Z,KXBTC15M-26OCT042015-15,0.0030,3.98,yes
2026-10-05T00:13:22.434944Z,KXBTC15M-26OCT042015-15,0.0030,3.42,yes
2026-10-05T00:13:22.434944Z,KXBTC15M-26OCT042015-15,0.0030,51.98,yes
2026-10-05T00:13:22.434944Z,KXBTC15M-26OCT042015-15,0.0030,1.00,yes
2026-10-05T00:13:22.434944Z,KXBTC15M-26OCT042015-15,0.0030,150.27,yes
2026-10-05T00:13:22.434944Z,KXBTC15M-26OCT042015-15,0.0030,16.67,yes
2026-10-05T00:13:22.434944Z,KXBTC15M-26OCT042015-15,0.0030,226.80,yes
2026-10-05T00:13:22.434944Z,KXBTC15M-26OCT042015-15,0.0030,2.00,yes
2026-10-05T00:13:22.434944Z,KXBTC15M-26OCT042015-15,0.0030,19.64,yes
2026-10-05T00:13:22.437142Z,KXBTC15M-26OCT042015-15,0.0030,290.83,yes
2026-10-05T00:13:22.437142Z,KXBTC15M-26OCT042015-15,0.0030,319.89,yes
2026-10-05T00:13:22.437308Z,KXBTC15M-26OCT042015-15,0.0020,688.95,no
2026-10-05T00:13:22.529427Z,KXBTC15M-26OCT042015-15,0.0020,751.39,no
2026-10-05T00:13:22.553482Z,KXBTC15M-26OCT042015-15,0.0020,15.80,no
2026-10-05T00:13:22.601955Z,KXBTC15M-26OCT042015-15,0.0020,0.58,no
2026-10-05T00:13:22.612652Z,KXBTC15M-26OCT042015-15,0.0030,9.17,yes
2026-10-05T00:13:22.628596Z,KXBTC15M-26OCT042015-15,0.0020,3005.59,no
2026-10-05T00:13:22.706206Z,KXBTC15M-26OCT042015-15,0.0020,0.02,no
2026-10-05T00:13:22.77303Z,KXBTC15M-26OCT042015-15,0.0030,77.89,yes
2026-10-05T00:13:22.776938Z,KXBTC15M-26OCT042015-15,0.0030,11.11,yes
2026-10-05T00:13:22.82647Z,KXBTC15M-26OCT042015-15,0.0030,227.00,yes
2026-10-05T00:13:22.860286Z,KXBTC15M-26OCT042015-15,0.0030,88.00,yes
2026-10-05T00:13:22.865075Z,KXBTC15M-26OCT042015-15,0.0030,30.53,yes
2026-10-05T00:13:22.894471Z,KXBTC15M-26OCT042015-15,0.0030,29.10,yes
2026-10-05T00:13:22.907453Z,KXBTC15M-26OCT042015-15,0.0030,124.74,yes
2026-10-05T00:13:22.939783Z,KXBTC15M-26OCT042015-15,0.0030,2.08,yes
2026-10-05T00:13:22.970194Z,KXBTC15M-26OCT042015-15,0.0030,423.36,yes
2026-10-05T00:13:22.970194Z,KXBTC15M-26OCT042015-15,0.0030,184.89,yes
2026-10-05T00:13:22.970194Z,KXBTC15M-26OCT042015-15,0.0030,24.24,yes
2026-10-05T00:13:22.970194Z,KXBTC15M-26OCT042015-15,0.0030,5.46,yes
2026-10-05T00:13:22.970194Z,KXBTC15M-26OCT042015-15,0.0030,32.05,yes
2026-10-05T00:13:23.049123Z,KXBTC15M-26OCT042015-15,0.0020,0.17,no
2026-10-05T00:13:23.093776Z,KXBTC15M-26OCT042015-15,0.0030,23.77,yes
2026-10-05T00:13:23.1163Z,KXBTC15M-26OCT042015-15,0.0030,112.68,yes
2026-10-05T00:13:23.149527Z,KXBTC15M-26OCT042015-15,0.0030,6.28,yes
2026-10-05T00:13:23.160233Z,KXBTC15M-26OCT042015-15,0.0020,48.85,no
2026-10-05T00:13:23.299389Z,KXBTC15M-26OCT042015-15,0.0020,0.02,no
2026-10-05T00:13:23.312675Z,KXBTC15M-26OCT042015-15,0.0020,19.00,no
2026-10-05T00:13:23.343842Z,KXBTC15M-26OCT042015-15,0.0030,3.06,yes
2026-10-05T00:13:23.40662Z,KXBTC15M-26OCT042015-15,0.0030,610.72,yes
2026-10-05T00:13:23.473023Z,KXBTC15M-26OCT042015-15,0.0030,30.53,yes
2026-10-05T00:13:23.613917Z,KXBTC15M-26OCT042015-15,0.0020,88.16,no
2026-10-05T00:13:23.655864Z,KXBTC15M-26OCT042015-15,0.0030,9.17,yes
2026-10-05T00:13:23.664169Z,KXBTC15M-26OCT042015-15,0.0030,4.03,yes
2026-10-05T00:13:23.673244Z,KXBTC15M-26OCT042015-15,0.0030,120.00,yes
2026-10-05T00:13:23.678784Z,KXBTC15M-26OCT042015-15,0.0030,15.00,yes
2026-10-05T00:13:23.678784Z,KXBTC15M-26OCT042015-15,0.0030,59.00,yes
2026-10-05T00:13:23.678784Z,KXBTC15M-26OCT042015-15,0.0030,0.01,yes
2026-10-05T00:13:23.678784Z,KXBTC15M-26OCT042015-15,0.0030,0.01,yes
2026-10-05T00:13:23.678784Z,KXBTC15M-26OCT042015-15,0.0030,213.05,yes
2026-10-05T00:13:23.678784Z,KXBTC15M-26OCT042015-15,0.0030,18.28,yes
2026-10-05T00:13:23.727424Z,KXBTC15M-26OCT042015-15,0.0030,1334.47,yes
2026-10-05T00:13:23.727424Z,KXBTC15M-26OCT042015-15,0.0030,161.17,yes
2026-10-05T00:13:23.763875Z,KXBTC15M-26OCT042015-15,0.0020,0.02,no
2026-10-05T00:13:23.764361Z,KXBTC15M-26OCT042015-15,0.0020,0.02,no
2026-10-05T00:13:23.764458Z,KXBTC15M-26OCT042015-15,0.0020,0.02,no
2026-10-05T00:13:23.765928Z,KXBTC15M-26OCT042015-15,0.0020,0.02,no
2026-10-05T00:13:23.832831Z,KXBTC15M-26OCT042015-15,0.0030,254.26,yes
2026-10-05T00:13:23.84174Z,KXBTC15M-26OCT042015-15,0.0030,50.46,yes
2026-10-05T00:13:23.940115Z,KXBTC15M-26OCT042015-15,0.0020,30.58,no
2026-10-05T00:13:23.991959Z,KXBTC15M-26OCT042015-15,0.0020,4000.00,no
2026-10-05T00:13:24.009692Z,KXBTC15M-26OCT042015-15,0.0020,90.00,no
2026-10-05T00:13:24.010274Z,KXBTC15M-26OCT042015-15,0.0030,26.19,yes
2026-10-05T00:13:24.039677Z,KXBTC15M-26OCT042015-15,0.0030,2.38,yes
2026-10-05T00:13:24.11401Z,KXBTC15M-26OCT042015-15,0.0020,112.33,no
2026-10-05T00:13:24.1883Z,KXBTC15M-26OCT042015-15,0.0030,73.29,yes
2026-10-05T00:13:24.221849Z,KXBTC15M-26OCT042015-15,0.0020,71.50,no
2026-10-05T00:13:24.248071Z,KXBTC15M-26OCT042015-15,0.0030,3.06,yes
2026-10-05T00:13:24.252816Z,KXBTC15M-26OCT042015-15,0.0030,9.31,yes
2026-10-05T00:13:24.277591Z,KXBTC15M-26OCT042015-15,0.0030,5.35,yes
2026-10-05T00:13:24.388309Z,KXBTC15M-26OCT042015-15,0.0030,1.12,yes
2026-10-05T00:13:24.409016Z,KXBTC15M-26OCT042015-15,0.0020,502.89,no
2026-10-05T00:13:24.474431Z,KXBTC15M-26OCT042015-15,0.0020,5009.31,no
2026-10-05T00:13:24.487335Z,KXBTC15M-26OCT042015-15,0.0020,973.79,no
2026-10-05T00:13:24.487335Z,KXBTC15M-26OCT042015-15,0.0020,743.40,no
2026-10-05T00:13:24.503389Z,KXBTC15M-26OCT042015-15,0.0020,3005.59,no
2026-10-05T00:13:24.503447Z,KXBTC15M-26OCT042015-15,0.0020,48.85,no
2026-10-05T00:13:24.503897Z,KXBTC15M-26OCT042015-15,0.0020,751.39,no
2026-10-05T00:13:24.503958Z,KXBTC15M-26OCT042015-15,0.0020,102.36,no
2026-10-05T00:13:24.504092Z,KXBTC15M-26OCT042015-15,0.0020,66.25,no
2026-10-05T00:13:24.504162Z,KXBTC15M-26OCT042015-15,0.0020,743.40,no
2026-10-05T00:13:24.504169Z,KXBTC15M-26OCT042015-15,0.0020,90.00,no
2026-10-05T00:13:24.504326Z,KXBTC15M-26OCT042015-15,0.0020,4000.00,no
2026-10-05T00:13:24.504409Z,KXBTC15M-26OCT042015-15,0.0020,71.50,no
2026-10-05T00:13:24.504483Z,KXBTC15M-26OCT042015-15,0.0020,88.16,no
2026-10-05T00:13:24.504525Z,KXBTC15M-26OCT042015-15,0.0020,5009.31,no
2026-10-05T00:13:24.504546Z,KXBTC15M-26OCT042015-15,0.0020,502.89,no
2026-10-05T00:13:24.505777Z,KXBTC15M-26OCT042015-15,0.0020,112.33,no
2026-10-05T00:13:24.515346Z,KXBTC15M-26OCT042015-15,0.0020,17.61,no
2026-10-05T00:13:24.567145Z,KXBTC15M-26OCT042015-15,0.0030,10.00,yes
2026-10-05T00:13:24.567145Z,KXBTC15M-26OCT042015-15,0.0030,0.01,yes
2026-10-05T00:13:24.567145Z,KXBTC15M-26OCT042015-15,0.0030,261.33,yes
2026-10-05T00:13:24.567145Z,KXBTC15M-26OCT042015-15,0.0030,0.01,yes
2026-10-05T00:13:24.567145Z,KXBTC15M-26OCT042015-15,0.0030,15.00,yes
2026-10-05T00:13:24.567145Z,KXBTC15M-26OCT042015-15,0.0030,1.00,yes
2026-10-05T00:13:24.567145Z,KXBTC15M-26OCT042015-15,0.0030,15.00,yes
2026-10-05T00:13:24.567145Z,KXBTC15M-26OCT042015-15,0.0030,3.00,yes
2026-10-05T00:13:24.652541Z,KXBTC15M-26OCT042015-15,0.0020,6.16,no
2026-10-05T00:13:24.741116Z,KXBTC15M-26OCT042015-15,0.0030,45.82,yes
2026-10-05T00:13:24.812612Z,KXBTC15M-26OCT042015-15,0.0020,316.94,no
2026-10-05T00:13:24.829408Z,KXBTC15M-26OCT042015-15,0.0030,134.00,yes
2026-10-05T00:13:24.829408Z,KXBTC15M-26OCT042015-15,0.0030,200.00,yes
2026-10-05T00:13:24.829408Z,KXBTC15M-26OCT042015-15,0.0030,92.85,yes
2026-10-05T00:13:24.85725Z,KXBTC15M-26OCT042015-15,0.0030,1397.93,yes
2026-10-05T00:13:24.903178Z,KXBTC15M-26OCT042015-15,0.0020,0.95,no
2026-10-05T00:13:24.997727Z,KXBTC15M-26OCT042015-15,0.0030,512.00,yes
2026-10-05T00:13:25.086716Z,KXBTC15M-26OCT042015-15,0.0030,667.87,yes
2026-10-05T00:13:25.131774Z,KXBTC15M-26OCT042015-15,0.0030,34.54,yes
2026-10-05T00:13:25.195078Z,KXBTC15M-26OCT042015-15,0.0030,51.93,yes
2026-10-05T00:13:25.23586Z,KXBTC15M-26OCT042015-15,0.0020,51.09,no
2026-10-05T00:13:25.276748Z,KXBTC15M-26OCT042015-15,0.0030,17.08,yes
2026-10-05T00:13:25.309559Z,KXBTC15M-26OCT042015-15,0.0030,3053.57,yes
2026-10-05T00:13:25.529141Z,KXBTC15M-26OCT042015-15,0.0020,94.69,no
2026-10-05T00:13:25.55673Z,KXBTC15M-26OCT042015-15,0.0030,12.00,yes
2026-10-05T00:13:25.562441Z,KXBTC15M-26OCT042015-15,0.0030,169.20,yes
2026-10-05T00:13:25.664016Z,KXBTC15M-26OCT042015-15,0.0030,23.20,yes
2026-10-05T00:13:25.669708Z,KXBTC15M-26OCT042015-15,0.0030,1007.25,yes
2026-10-05T00:13:25.682073Z,KXBTC15M-26OCT042015-15,0.0030,31.16,yes
2026-10-05T00:13:25.715851Z,KXBTC15M-26OCT042015-15,0.0020,6.63,no
2026-10-05T00:13:25.76606Z,KXBTC15M-26OCT042015-15,0.0020,15.20,no
2026-10-05T00:13:25.766653Z,KXBTC15M-26OCT042015-15,0.0030,48.85,yes
2026-10-05T00:13:25.766653Z,KXBTC15M-26OCT042015-15,0.0030,332.27,yes
2026-10-05T00:13:25.766653Z,KXBTC15M-26OCT042015-15,0.0030,171.89,yes
2026-10-05T00:13:25.766653Z,KXBTC15M-26OCT042015-15,0.0030,973.79,yes
2026-10-05T00:13:25.809434Z,KXBTC15M-26OCT042015-15,0.0020,36.25,no
2026-10-05T00:13:25.818575Z,KXBTC15M-26OCT042015-15,0.0030,186.97,yes
2026-10-05T00:13:25.821231Z,KXBTC15M-26OCT042015-15,0.0020,3888.66,no
2026-10-05T00:13:25.821231Z,KXBTC15M-26OCT042015-15,0.0020,6129.97,no
2026-10-05T00:13:25.887217Z,KXBTC15M-26OCT042015-15,0.0030,496.74,yes
2026-10-05T00:13:25.911211Z,KXBTC15M-26OCT042015-15,0.0020,20.62,no
2026-10-05T00:13:25.921754Z,KXBTC15M-26OCT042015-15,0.0030,305.35,yes
2026-10-05T00:13:25.945095Z,KXBTC15M-26OCT042015-15,0.0030,305.35,yes
2026-10-05T00:13:25.980751Z,KXBTC15M-26OCT042015-15,0.0020,400.74,no
2026-10-05T00:13:25.995471Z,KXBTC15M-26OCT042015-15,0.0020,3.28,no
2026-10-05T00:13:26.067986Z,KXBTC15M-26OCT042015-15,0.0030,305.35,yes
2026-10-05T00:13:26.068399Z,KXBTC15M-26OCT042015-15,0.0030,1180.98,yes
2026-10-05T00:13:26.089284Z,KXBTC15M-26OCT042015-15,0.0020,11.11,no
2026-10-05T00:13:26.093083Z,KXBTC15M-26OCT042015-15,0.0020,6.35,no
2026-10-05T00:13:26.152042Z,KXBTC15M-26OCT042015-15,0.0020,0.02,no
2026-10-05T00:13:26.228495Z,KXBTC15M-26OCT042015-15,0.0020,5.15,no
2026-10-05T00:13:26.23499Z,KXBTC15M-26OCT042015-15,0.0020,3.00,no
2026-10-05T00:13:26.344821Z,KXBTC15M-26OCT042015-15,0.0030,1.00,yes
2026-10-05T00:13:26.362106Z,KXBTC15M-26OCT042015-15,0.0030,51.96,yes
2026-10-05T00:13:26.362106Z,KXBTC15M-26OCT042015-15,0.0030,102.36,yes
2026-10-05T00:13:26.362106Z,KXBTC15M-26OCT042015-15,0.0030,90.00,yes
2026-10-05T00:13:26.362106Z,KXBTC15M-26OCT042015-15,0.0030,364.43,yes
2026-10-05T00:13:26.362106Z,KXBTC15M-26OCT042015-15,0.0030,66.25,yes
2026-10-05T00:13:26.377037Z,KXBTC15M-26OCT042015-15,0.0030,151.00,yes
2026-10-05T00:13:26.383181Z,KXBTC15M-26OCT042015-15,0.0020,2.55,no
2026-10-05T00:13:26.405077Z,KXBTC15M-26OCT042015-15,0.0020,0.47,no
2026-10-05T00:13:26.445864Z,KXBTC15M-26OCT042015-15,0.0020,17.61,no
2026-10-05T00:13:26.448641Z,KXBTC15M-26OCT042015-15,0.0030,186.67,yes
2026-10-05T00:13:26.486297Z,KXBTC15M-26OCT042015-15,0.0030,573.69,yes
2026-10-05T00:13:26.486297Z,KXBTC15M-26OCT042015-15,0.0030,49.29,yes
2026-10-05T00:13:26.488335Z,KXBTC15M-26OCT042015-15,0.0030,4.00,yes
2026-10-05T00:13:26.589903Z,KXBTC15M-26OCT042015-15,0.0030,30.53,yes
2026-10-05T00:13:26.604702Z,KXBTC15M-26OCT042015-15,0.0020,2000.00,no
2026-10-05T00:13:26.682411Z,KXBTC15M-26OCT042015-15,0.0030,135.18,yes
2026-10-05T00:13:26.682411Z,KXBTC15M-26OCT042015-15,0.0030,4000.00,yes
2026-10-05T00:13:26.682411Z,KXBTC15M-26OCT042015-15,0.0030,112.33,yes
2026-10-05T00:13:26.682411Z,KXBTC15M-26OCT042015-15,0.0030,502.89,yes
2026-10-05T00:13:26.682411Z,KXBTC15M-26OCT042015-15,0.0030,3734.44,yes
2026-10-05T00:13:26.682411Z,KXBTC15M-26OCT042015-15,0.0030,88.16,yes
2026-10-05T00:13:26.719391Z,KXBTC15M-26OCT042015-15,0.0020,281.46,no
2026-10-05T00:13:26.758217Z,KXBTC15M-26OCT042015-15,0.0030,774.75,yes
2026-10-05T00:13:26.765214Z,KXBTC15M-26OCT042015-15,0.0020,0.02,no
2026-10-05T00:13:26.986092Z,KXBTC15M-26OCT042015-15,0.0030,305.35,yes
2026-10-05T00:13:26.990042Z,KXBTC15M-26OCT042015-15,0.0030,295.67,yes
2026-10-05T00:13:26.990042Z,KXBTC15M-26OCT042015-15,0.0030,71.50,yes
2026-10-05T00:13:26.990042Z,KXBTC15M-26OCT042015-15,0.0030,194.77,yes
2026-10-05T00:13:26.990042Z,KXBTC15M-26OCT042015-15,0.0030,15.00,yes
2026-10-05T00:13:26.990042Z,KXBTC15M-26OCT042015-15,0.0030,17.61,yes
2026-10-05T00:13:26.990042Z,KXBTC15M-26OCT042015-15,0.0030,6.16,yes
2026-10-05T00:13:26.990042Z,KXBTC15M-26OCT042015-15,0.0030,0.01,yes
2026-10-05T00:13:26.990042Z,KXBTC15M-26OCT042015-15,0.0030,10.00,yes
2026-10-05T00:13:27.051817Z,KXBTC15M-26OCT042015-15,0.0030,5.40,yes
2026-10-05T00:13:27.071733Z,KXBTC15M-26OCT042015-15,0.0020,16.02,no
2026-10-05T00:13:27.119766Z,KXBTC15M-26OCT042015-15,0.0030,3.88,yes
2026-10-05T00:13:27.160176Z,KXBTC15M-26OCT042015-15,0.0030,11.99,yes
2026-10-05T00:13:27.160176Z,KXBTC15M-26OCT042015-15,0.0030,293.36,yes
2026-10-05T00:13:27.160978Z,KXBTC15M-26OCT042015-15,0.0020,32.85,no
2026-10-05T00:13:27.249007Z,KXBTC15M-26OCT042015-15,0.0030,2.74,yes
2026-10-05T00:13:27.249007Z,KXBTC15M-26OCT042015-15,0.0030,106.64,yes
2026-10-05T00:13:27.249007Z,KXBTC15M-26OCT042015-15,0.0030,0.95,yes
2026-10-05T00:13:27.286113Z,KXBTC15M-26OCT042015-15,0.0030,30.53,yes
2026-10-05T00:13:27.32262Z,KXBTC15M-26OCT042015-15,0.0020,135.25,no
2026-10-05T00:13:27.365062Z,KXBTC15M-26OCT042015-15,0.0030,47.70,yes
2026-10-05T00:13:27.365062Z,KXBTC15M-26OCT042015-15,0.0030,17.82,yes
2026-10-05T00:13:27.425165Z,KXBTC15M-26OCT042015-15,0.0030,6.63,yes
2026-10-05T00:13:27.425165Z,KXBTC15M-26OCT042015-15,0.0030,36.25,yes
2026-10-05T00:13:27.425165Z,KXBTC15M-26OCT042015-15,0.0030,200.28,yes
2026-10-05T00:13:27.425165Z,KXBTC15M-26OCT042015-15,0.0030,46.99,yes
2026-10-05T00:13:27.425165Z,KXBTC15M-26OCT042015-15,0.0030,15.20,yes
2026-10-05T00:13:27.427521Z,KXBTC15M-26OCT042015-15,0.0030,38.34,yes
2026-10-05T00:13:27.492414Z,KXBTC15M-26OCT042015-15,0.0020,8.20,no
2026-10-05T00:13:27.556174Z,KXBTC15M-26OCT042015-15,0.0020,20.18,no
2026-10-05T00:13:27.71969Z,KXBTC15M-26OCT042015-15,0.0020,168.70,no
2026-10-05T00:13:27.767915Z,KXBTC15M-26OCT042015-15,0.0030,30.53,yes
2026-10-05T00:13:27.853093Z,KXBTC15M-26OCT042015-15,0.0030,751.00,yes
2026-10-05T00:13:27.916066Z,KXBTC15M-26OCT042015-15,0.0020,2.00,no
2026-10-05T00:13:28.024346Z,KXBTC15M-26OCT042015-15,0.0030,134.00,yes
2026-10-05T00:13:28.079041Z,KXBTC15M-26OCT042015-15,0.0030,20.18,yes
2026-10-05T00:13:28.079041Z,KXBTC15M-26OCT042015-15,0.0030,135.25,yes
2026-10-05T00:13:28.079041Z,KXBTC15M-26OCT042015-15,0.0030,2.00,yes
2026-10-05T00:13:28.079041Z,KXBTC15M-26OCT042015-15,0.0030,168.70,yes
2026-10-05T00:13:28.079041Z,KXBTC15M-26OCT042015-15,0.0030,16.02,yes
2026-10-05T00:13:28.079041Z,KXBTC15M-26OCT042015-15,0.0030,32.85,yes
2026-10-05T00:13:28.079041Z,KXBTC15M-26OCT042015-15,0.0030,400.00,yes
2026-10-05T00:13:28.079041Z,KXBTC15M-26OCT042015-15,0.0030,15.00,yes
2026-10-05T00:13:28.079041Z,KXBTC15M-26OCT042015-15,0.0030,16000.00,yes
2026-10-05T00:13:28.079041Z,KXBTC15M-26OCT042015-15,0.0030,8.20,yes
2026-10-05T00:13:28.079041Z,KXBTC15M-26OCT042015-15,0.0030,1.00,yes
2026-10-05T00:13:28.079041Z,KXBTC15M-26OCT042015-15,0.0030,2000.00,yes
2026-10-05T00:13:28.079041Z,KXBTC15M-26OCT042015-15,0.0030,0.02,yes
2026-10-05T00:13:28.079041Z,KXBTC15M-26OCT042015-15,0.0030,6.35,yes
2026-10-05T00:13:28.079041Z,KXBTC15M-26OCT042015-15,0.0030,0.47,yes
2026-10-05T00:13:28.079041Z,KXBTC15M-26OCT042015-15,0.0030,11.11,yes
2026-10-05T00:13:28.079041Z,KXBTC15M-26OCT042015-15,0.0030,3.00,yes
2026-10-05T00:13:28.079041Z,KXBTC15M-26OCT042015-15,0.0030,3.00,yes
2026-10-05T00:13:28.079041Z,KXBTC15M-26OCT042015-15,0.0030,17.61,yes
2026-10-05T00:13:28.079041Z,KXBTC15M-26OCT042015-15,0.0030,2.55,yes
2026-10-05T00:13:28.079041Z,KXBTC15M-26OCT042015-15,0.0030,281.46,yes
2026-10-05T00:13:28.079041Z,KXBTC15M-26OCT042015-15,0.0030,0.02,yes
2026-10-05T00:13:28.079041Z,KXBTC15M-26OCT042015-15,0.0030,5.15,yes
2026-10-05T00:13:28.079041Z,KXBTC15M-26OCT042015-15,0.0030,3.28,yes
2026-10-05T00:13:28.079041Z,KXBTC15M-26OCT042015-15,0.0030,400.74,yes
2026-10-05T00:13:28.079041Z,KXBTC15M-26OCT042015-15,0.0030,20.62,yes
2026-10-05T00:13:28.079041Z,KXBTC15M-26OCT042015-15,0.0030,4975.82,yes
2026-10-05T00:13:28.079041Z,KXBTC15M-26OCT042015-15,0.0030,3888.66,yes
2026-10-05T00:13:28.079041Z,KXBTC15M-26OCT042015-15,0.0040,872.16,yes
2026-10-05T00:13:28.079041Z,KXBTC15M-26OCT042015-15,0.0030,500.00,yes
2026-10-05T00:13:28.079041Z,KXBTC15M-26OCT042015-15,0.0030,500.00,yes
2026-10-05T00:13:28.145615Z,KXBTC15M-26OCT042015-15,0.0030,13.14,yes
2026-10-05T00:13:28.182893Z,KXBTC15M-26OCT042015-15,0.0030,15.00,yes
2026-10-05T00:13:28.182893Z,KXBTC15M-26OCT042015-15,0.0030,400.00,yes
2026-10-05T00:13:28.182893Z,KXBTC15M-26OCT042015-15,0.0030,1.86,yes
2026-10-05T00:13:28.182893Z,KXBTC15M-26OCT042015-15,0.0040,466.36,yes
2026-10-05T00:13:28.259745Z,KXBTC15M-26OCT042015-15,0.0040,235.15,yes
2026-10-05T00:13:28.259745Z,KXBTC15M-26OCT042015-15,0.0040,32.00,yes
2026-10-05T00:13:28.286432Z,KXBTC15M-26OCT042015-15,0.0020,500.93,no
2026-10-05T00:13:28.357187Z,KXBTC15M-26OCT042015-15,0.0020,2003.72,no
2026-10-05T00:13:28.37878Z,KXBTC15M-26OCT042015-15,0.0020,33.06,no
2026-10-05T00:13:28.462916Z,KXBTC15M-26OCT042015-15,0.0030,240.34,yes
2026-10-05T00:13:28.473725Z,KXBTC15M-26OCT042015-15,0.0030,240.34,yes
2026-10-05T00:13:28.547009Z,KXBTC15M-26OCT042015-15,0.0020,1300.00,no
2026-10-05T00:13:28.547009Z,KXBTC15M-26OCT042015-15,0.0020,3.00,no
2026-10-05T00:13:28.547009Z,KXBTC15M-26OCT042015-15,0.0020,26.00,no
2026-10-05T00:13:28.547009Z,KXBTC15M-26OCT042015-15,0.0020,3.00,no
2026-10-05T00:13:28.547009Z,KXBTC15M-26OCT042015-15,0.0020,3.00,no
2026-10-05T00:13:28.547009Z,KXBTC15M-26OCT042015-15,0.0020,3.00,no
2026-10-05T00:13:28.547009Z,KXBTC15M-26OCT042015-15,0.0020,3.00,no
2026-10-05T00:13:28.547009Z,KXBTC15M-26OCT042015-15,0.0020,1000.00,no
2026-10-05T00:13:28.547009Z,KXBTC15M-26OCT042015-15,0.0020,120.00,no
2026-10-05T00:13:28.547009Z,KXBTC15M-26OCT042015-15,0.0020,200.00,no
2026-10-05T00:13:28.547009Z,KXBTC15M-26OCT042015-15,0.0020,1000.00,no
2026-10-05T00:13:28.547009Z,KXBTC15M-26OCT042015-15,0.0020,8196.74,no
2026-10-05T00:13:28.547009Z,KXBTC15M-26OCT042015-15,0.0020,1000.00,no
2026-10-05T00:13:28.547009Z,KXBTC15M-26OCT042015-15,0.0020,100.00,no
2026-10-05T00:13:28.547009Z,KXBTC15M-26OCT042015-15,0.0010,6451.98,no
2026-10-05T00:13:28.547009Z,KXBTC15M-26OCT042015-15,0.0020,200.00,no
2026-10-05T00:13:28.547009Z,KXBTC15M-26OCT042015-15,0.0020,200.00,no
2026-10-05T00:13:28.547009Z,KXBTC15M-26OCT042015-15,0.0020,500.00,no
2026-10-05T00:13:28.547009Z,KXBTC15M-26OCT042015-15,0.0020,500.00,no
2026-10-05T00:13:28.547009Z,KXBTC15M-26OCT042015-15,0.0020,15.00,no
2026-10-05T00:13:28.547009Z,KXBTC15M-26OCT042015-15,0.0020,15.00,no
2026-10-05T00:13:28.547009Z,KXBTC15M-26OCT042015-15,0.0020,234.74,no
2026-10-05T00:13:28.547009Z,KXBTC15M-26OCT042015-15,0.0020,15.00,no
2026-10-05T00:13:28.547009Z,KXBTC15M-26OCT042015-15,0.0020,15.00,no
2026-10-05T00:13:28.547009Z,KXBTC15M-26OCT042015-15,0.0020,1.00,no
2026-10-05T00:13:28.547009Z,KXBTC15M-26OCT042015-15,0.0020,0.01,no
2026-10-05T00:13:28.547009Z,KXBTC15M-26OCT042015-15,0.0020,10.00,no
2026-10-05T00:13:28.547009Z,KXBTC15M-26OCT042015-15,0.0020,15.00,no
2026-10-05T00:13:28.547009Z,KXBTC15M-26OCT042015-15,0.0020,15.00,no
2026-10-05T00:13:28.547009Z,KXBTC15M-26OCT042015-15,0.0020,15.00,no
2026-10-05T00:13:28.547009Z,KXBTC15M-26OCT042015-15,0.0020,100.00,no
2026-10-05T00:13:28.547009Z,KXBTC15M-26OCT042015-15,0.0020,3750.00,no
2026-10-05T00:13:28.547009Z,KXBTC15M-26OCT042015-15,0.0020,150.00,no
2026-10-05T00:13:28.547009Z,KXBTC15M-26OCT042015-15,0.0020,0.01,no
2026-10-05T00:13:28.547009Z,KXBTC15M-26OCT042015-15,0.0020,15.00,no
2026-10-05T00:13:28.547009Z,KXBTC15M-26OCT042015-15,0.0020,28.00,no
2026-10-05T00:13:28.547009Z,KXBTC15M-26OCT042015-15,0.0020,10.00,no
2026-10-05T00:13:28.547009Z,KXBTC15M-26OCT042015-15,0.0020,278.74,no
2026-10-05T00:13:28.547009Z,KXBTC15M-26OCT042015-15,0.0020,13.78,no
2026-10-05T00:13:28.547009Z,KXBTC15M-26OCT042015-15,0.0020,400.00,no
2026-10-05T00:13:28.55262Z,KXBTC15M-26OCT042015-15,0.0010,3.10,no
2026-10-05T00:13:28.558643Z,KXBTC15M-26OCT042015-15,0.0020,0.01,no
2026-10-05T00:13:28.558643Z,KXBTC15M-26OCT042015-15,0.0020,0.01,no
2026-10-05T00:13:28.558643Z,KXBTC15M-26OCT042015-15,0.0020,28.00,no
2026-10-05T00:13:28.581052Z,KXBTC15M-26OCT042015-15,0.0020,311.59,yes
2026-10-05T00:13:28.630578Z,KXBTC15M-26OCT042015-15,0.0010,29.20,no
2026-10-05T00:13:28.64455Z,KXBTC15M-26OCT042015-15,0.0020,74.00,yes
2026-10-05T00:13:28.6457Z,KXBTC15M-26OCT042015-15,0.0010,2.00,no
2026-10-05T00:13:28.674176Z,KXBTC15M-26OCT042015-15,0.0020,79.56,yes
2026-10-05T00:13:28.683141Z,KXBTC15M-26OCT042015-15,0.0020,0.07,yes
2026-10-05T00:13:28.714281Z,KXBTC15M-26OCT042015-15,0.0010,1926.33,no
2026-10-05T00:13:28.734573Z,KXBTC15M-26OCT042015-15,0.0020,1063.00,yes
2026-10-05T00:13:28.766244Z,KXBTC15M-26OCT042015-15,0.0020,62.33,yes
2026-10-05T00:13:28.842182Z,KXBTC15M-26OCT042015-15,0.0010,23.36,no
2026-10-05T00:13:28.874508Z,KXBTC15M-26OCT042015-15,0.0020,2000.00,yes
2026-10-05T00:13:29.001907Z,KXBTC15M-26OCT042015-15,0.0010,14.94,no
2026-10-05T00:13:29.047992Z,KXBTC15M-26OCT042015-15,0.0010,200.18,no
2026-10-05T00:13:29.108516Z,KXBTC15M-26OCT042015-15,0.0020,458.01,yes
2026-10-05T00:13:29.165386Z,KXBTC15M-26OCT042015-15,0.0020,32.08,yes
2026-10-05T00:13:29.169412Z,KXBTC15M-26OCT042015-15,0.0020,1422.00,yes
2026-10-05T00:13:29.344559Z,KXBTC15M-26OCT042015-15,0.0020,2.46,yes
2026-10-05T00:13:29.369548Z,KXBTC15M-26OCT042015-15,0.0020,3.00,yes
2026-10-05T00:13:29.435747Z,KXBTC15M-26OCT042015-15,0.0020,458.01,yes
2026-10-05T00:13:29.440691Z,KXBTC15M-26OCT042015-15,0.0020,6.99,yes
2026-10-05T00:13:29.459905Z,KXBTC15M-26OCT042015-15,0.0020,393.12,yes
2026-10-05T00:13:29.5483Z,KXBTC15M-26OCT042015-15,0.0020,1.56,yes
2026-10-05T00:13:29.5483Z,KXBTC15M-26OCT042015-15,0.0020,0.01,yes
2026-10-05T00:13:29.5483Z,KXBTC15M-26OCT042015-15,0.0020,29.20,yes
2026-10-05T00:13:29.5483Z,KXBTC15M-26OCT042015-15,0.0020,3.10,yes
2026-10-05T00:13:29.5483Z,KXBTC15M-26OCT042015-15,0.0020,57.74,yes
2026-10-05T00:13:29.5483Z,KXBTC15M-26OCT042015-15,0.0020,0.01,yes
2026-10-05T00:13:29.619819Z,KXBTC15M-26OCT042015-15,0.0020,1589.56,yes
2026-10-05T00:13:29.619819Z,KXBTC15M-26OCT042015-15,0.0020,0.44,yes
2026-10-05T00:13:29.685521Z,KXBTC15M-26OCT042015-15,0.0020,73.23,yes
2026-10-05T00:13:29.705343Z,KXBTC15M-26OCT042015-15,0.0010,2.00,no
2026-10-05T00:13:29.74388Z,KXBTC15M-26OCT042015-15,0.0010,288.77,no
2026-10-05T00:13:29.7688Z,KXBTC15M-26OCT042015-15,0.0020,20.13,yes
2026-10-05T00:13:29.772018Z,KXBTC15M-26OCT042015-15,0.0020,14.94,yes
2026-10-05T00:13:29.772018Z,KXBTC15M-26OCT042015-15,0.0020,76.30,yes
2026-10-05T00:13:29.772018Z,KXBTC15M-26OCT042015-15,0.0020,243.41,yes
2026-10-05T00:13:29.772018Z,KXBTC15M-26OCT042015-15,0.0020,100.00,yes
2026-10-05T00:13:29.772018Z,KXBTC15M-26OCT042015-15,0.0020,23.36,yes
2026-10-05T00:13:29.794469Z,KXBTC15M-26OCT042015-15,0.0020,123.88,yes
2026-10-05T00:13:29.794469Z,KXBTC15M-26OCT042015-15,0.0020,315.18,yes
2026-10-05T00:13:29.794469Z,KXBTC15M-26OCT042015-15,0.0020,260.94,yes
2026-10-05T00:13:29.819303Z,KXBTC15M-26OCT042015-15,0.0020,91.62,yes
2026-10-05T00:13:29.87611Z,KXBTC15M-26OCT042015-15,0.0020,20.70,yes
2026-10-05T00:13:29.959306Z,KXBTC15M-26OCT042015-15,0.0020,25.00,yes
2026-10-05T00:13:29.987333Z,KXBTC15M-26OCT042015-15,0.0020,458.01,yes
2026-10-05T00:13:30.034328Z,KXBTC15M-26OCT042015-15,0.0020,45.80,yes
2026-10-05T00:13:30.062534Z,KXBTC15M-26OCT042015-15,0.0020,124.74,yes
2026-10-05T00:13:30.085914Z,KXBTC15M-26OCT042015-15,0.0010,1.17,no
2026-10-05T00:13:30.165644Z,KXBTC15M-26OCT042015-15,0.0020,200.00,yes
2026-10-05T00:13:30.253922Z,KXBTC15M-26OCT042015-15,0.0010,20.62,no
2026-10-05T00:13:30.353003Z,KXBTC15M-26OCT042015-15,0.0020,464.99,yes
2026-10-05T00:13:30.356034Z,KXBTC15M-26OCT042015-15,0.0020,0.12,yes
2026-10-05T00:13:30.406632Z,KXBTC15M-26OCT042015-15,0.0020,916.02,yes
2026-10-05T00:13:30.503149Z,KXBTC15M-26OCT042015-15,0.0020,458.01,yes
2026-10-05T00:13:30.542357Z,KXBTC15M-26OCT042015-15,0.0020,458.01,yes
2026-10-05T00:13:30.569764Z,KXBTC15M-26OCT042015-15,0.0020,27.41,yes
2026-10-05T00:13:30.591039Z,KXBTC15M-26OCT042015-15,0.0020,916.02,yes
2026-10-05T00:13:30.607345Z,KXBTC15M-26OCT042015-15,0.0010,33.94,no
2026-10-05T00:13:30.615358Z,KXBTC15M-26OCT042015-15,0.0010,50.00,no
2026-10-05T00:13:30.623883Z,KXBTC15M-26OCT042015-15,0.0010,73.13,no
2026-10-05T00:13:30.655641Z,KXBTC15M-26OCT042015-15,0.0020,132.42,yes
2026-10-05T00:13:30.679895Z,KXBTC15M-26OCT042015-15,0.0020,98.85,yes
2026-10-05T00:13:30.694404Z,KXBTC15M-26OCT042015-15,0.0020,458.01,yes
2026-10-05T00:13:30.697701Z,KXBTC15M-26OCT042015-15,0.0020,49.68,yes
2026-10-05T00:13:30.701343Z,KXBTC15M-26OCT042015-15,0.0020,31.16,yes
2026-10-05T00:13:30.709267Z,KXBTC15M-26OCT042015-15,0.0010,18880.00,no
2026-10-05T00:13:30.728142Z,KXBTC15M-26OCT042015-15,0.0020,49.14,yes
2026-10-05T00:13:30.730461Z,KXBTC15M-26OCT042015-15,0.0010,352.32,no
2026-10-05T00:13:30.774099Z,KXBTC15M-26OCT042015-15,0.0010,52.00,no
2026-10-05T00:13:30.786414Z,KXBTC15M-26OCT042015-15,0.0020,1.32,yes
2026-10-05T00:13:30.81393Z,KXBTC15M-26OCT042015-15,0.0010,502.00,no
2026-10-05T00:13:30.882518Z,KXBTC15M-26OCT042015-15,0.0020,916.02,yes
2026-10-05T00:13:30.905135Z,KXBTC15M-26OCT042015-15,0.0020,5.00,yes
2026-10-05T00:13:30.906888Z,KXBTC15M-26OCT042015-15,0.0010,100.09,no
2026-10-05T00:13:30.972792Z,KXBTC15M-26OCT042015-15,0.0010,270.79,no
2026-10-05T00:13:31.009035Z,KXBTC15M-26OCT042015-15,0.0010,129.12,no
2026-10-05T00:13:31.025741Z,KXBTC15M-26OCT042015-15,0.0010,499.43,no
2026-10-05T00:13:31.050217Z,KXBTC15M-26OCT042015-15,0.0020,0.55,yes
2026-10-05T00:13:31.057125Z,KXBTC15M-26OCT042015-15,0.0020,1800.00,yes
2026-10-05T00:13:31.063456Z,KXBTC15M-26OCT042015-15,0.0010,9.00,no
2026-10-05T00:13:31.075994Z,KXBTC15M-26OCT042015-15,0.0020,200.00,yes
2026-10-05T00:13:31.080599Z,KXBTC15M-26OCT042015-15,0.0020,2674.13,yes
2026-10-05T00:13:31.080599Z,KXBTC15M-26OCT042015-15,0.0020,1.00,yes
2026-10-05T00:13:31.080599Z,KXBTC15M-26OCT042015-15,0.0020,1989.99,yes
2026-10-05T00:13:31.093093Z,KXBTC15M-26OCT042015-15,0.0010,5.00,no
2026-10-05T00:13:31.121482Z,KXBTC15M-26OCT042015-15,0.0010,183.66,no
2026-10-05T00:13:31.238785Z,KXBTC15M-26OCT042015-15,0.0020,97.27,yes
2026-10-05T00:13:31.263105Z,KXBTC15M-26OCT042015-15,0.0020,20.62,yes
2026-10-05T00:13:31.263105Z,KXBTC15M-26OCT042015-15,0.0020,1583.57,yes
2026-10-05T00:13:31.263105Z,KXBTC15M-26OCT042015-15,0.0020,154.00,yes
2026-10-05T00:13:31.263105Z,KXBTC15M-26OCT042015-15,0.0020,1.17,yes
2026-10-05T00:13:31.263105Z,KXBTC15M-26OCT042015-15,0.0020,288.77,yes
2026-10-05T00:13:31.263105Z,KXBTC15M-26OCT042015-15,0.0020,978.60,yes
2026-10-05T00:13:31.263105Z,KXBTC15M-26OCT042015-15,0.0020,2.00,yes
2026-10-05T00:13:31.263105Z,KXBTC15M-26OCT042015-15,0.0020,0.01,yes
2026-10-05T00:13:31.263105Z,KXBTC15M-26OCT042015-15,0.0020,0.01,yes
2026-10-05T00:13:31.263105Z,KXBTC15M-26OCT042015-15,0.0020,400.00,yes
2026-10-05T00:13:31.266707Z,KXBTC15M-26OCT042015-15,0.0010,15.88,no
2026-10-05T00:13:31.309493Z,KXBTC15M-26OCT042015-15,0.0020,6.98,yes
2026-10-05T00:13:31.31686Z,KXBTC15M-26OCT042015-15,0.0010,84091.00,no
2026-10-05T00:13:31.325619Z,KXBTC15M-26OCT042015-15,0.0020,110.33,yes
2026-10-05T00:13:31.387193Z,KXBTC15M-26OCT042015-15,0.0020,0.92,yes
2026-10-05T00:13:31.400687Z,KXBTC15M-26OCT042015-15,0.0020,458.01,yes
2026-10-05T00:13:31.402227Z,KXBTC15M-26OCT042015-15,0.0020,22.92,yes
2026-10-05T00:13:31.43798Z,KXBTC15M-26OCT042015-15,0.0020,458.01,yes
2026-10-05T00:13:31.502686Z,KXBTC15M-26OCT042015-15,0.0020,1.25,yes
2026-10-05T00:13:31.524671Z,KXBTC15M-26OCT042015-15,0.0010,188.17,no
2026-10-05T00:13:31.637404Z,KXBTC15M-26OCT042015-15,0.0020,165.11,yes
2026-10-05T00:13:31.652169Z,KXBTC15M-26OCT042015-15,0.0020,306.87,yes
2026-10-05T00:13:31.666303Z,KXBTC15M-26OCT042015-15,0.0020,458.01,yes
2026-10-05T00:13:31.715667Z,KXBTC15M-26OCT042015-15,0.0020,9.93,yes
2026-10-05T00:13:31.757288Z,KXBTC15M-26OCT042015-15,0.0020,2334.99,yes
2026-10-05T00:13:31.767193Z,KXBTC15M-26OCT042015-15,0.0020,273.00,yes
2026-10-05T00:13:31.770944Z,KXBTC15M-26OCT042015-15,0.0020,11450.11,yes
2026-10-05T00:13:31.779002Z,KXBTC15M-26OCT042015-15,0.0010,1112.03,no
2026-10-05T00:13:31.787652Z,KXBTC15M-26OCT042015-15,0.0020,55.16,yes
2026-10-05T00:13:31.809682Z,KXBTC15M-26OCT042015-15,0.0020,828.15,yes
2026-10-05T00:13:31.809682Z,KXBTC15M-26OCT042015-15,0.0020,73.13,yes
2026-10-05T00:13:31.809682Z,KXBTC15M-26OCT042015-15,0.0020,33.94,yes
2026-10-05T00:13:31.809682Z,KXBTC15M-26OCT042015-15,0.0020,50.00,yes
2026-10-05T00:13:31.809682Z,KXBTC15M-26OCT042015-15,0.0020,1304.83,yes
2026-10-05T00:13:31.877023Z,KXBTC15M-26OCT042015-15,0.0020,32.42,yes
2026-10-05T00:13:31.965831Z,KXBTC15M-26OCT042015-15,0.0020,54.48,yes
2026-10-05T00:13:31.980637Z,KXBTC15M-26OCT042015-15,0.0010,5004.65,no
2026-10-05T00:13:31.99773Z,KXBTC15M-26OCT042015-15,0.0020,5000.00,yes
2026-10-05T00:13:32.039078Z,KXBTC15M-26OCT042015-15,0.0020,101.51,yes
2026-10-05T00:13:32.110133Z,KXBTC15M-26OCT042015-15,0.0020,91.62,yes
2026-10-05T00:13:32.120707Z,KXBTC15M-26OCT042015-15,0.0010,15.88,no
2026-10-05T00:13:32.124352Z,KXBTC15M-26OCT042015-15,0.0010,171.59,no
2026-10-05T00:13:32.159835Z,KXBTC15M-26OCT042015-15,0.0010,23.01,no
2026-10-05T00:13:32.285398Z,KXBTC15M-26OCT042015-15,0.0020,1832.05,yes
2026-10-05T00:13:32.397918Z,KXBTC15M-26OCT042015-15,0.0010,1.00,no
2026-10-05T00:13:32.424504Z,KXBTC15M-26OCT042015-15,0.0010,1.75,no
2026-10-05T00:13:32.498307Z,KXBTC15M-26OCT042015-15,0.0010,3.80,no
2026-10-05T00:13:32.568036Z,KXBTC15M-26OCT042015-15,0.0020,1.00,yes
2026-10-05T00:13:32.617262Z,KXBTC15M-26OCT042015-15,0.0020,0.02,yes
2026-10-05T00:13:32.61846Z,KXBTC15M-26OCT042015-15,0.0020,0.02,yes
2026-10-05T00:13:32.620537Z,KXBTC15M-26OCT042015-15,0.0020,0.02,yes
2026-10-05T00:13:32.622373Z,KXBTC15M-26OCT042015-15,0.0020,458.01,yes
2026-10-05T00:13:32.647935Z,KXBTC15M-26OCT042015-15,0.0020,0.39,yes
2026-10-05T00:13:32.648811Z,KXBTC15M-26OCT042015-15,0.0020,1.00,yes
2026-10-05T00:13:32.716774Z,KXBTC15M-26OCT042015-15,0.0020,792.84,yes
2026-10-05T00:13:32.741161Z,KXBTC15M-26OCT042015-15,0.0020,42.41,yes
2026-10-05T00:13:32.796777Z,KXBTC15M-26OCT042015-15,0.0020,85.41,yes
2026-10-05T00:13:32.855472Z,KXBTC15M-26OCT042015-15,0.0010,2001.86,no
2026-10-05T00:13:32.866631Z,KXBTC15M-26OCT042015-15,0.0010,240.34,no
2026-10-05T00:13:32.909963Z,KXBTC15M-26OCT042015-15,0.0020,7.46,yes
2026-10-05T00:13:32.948439Z,KXBTC15M-26OCT042015-15,0.0020,932.79,yes
2026-10-05T00:13:32.968234Z,KXBTC15M-26OCT042015-15,0.0010,42.85,no
2026-10-05T00:13:33.006906Z,KXBTC15M-26OCT042015-15,0.0010,425.39,no
2026-10-05T00:13:33.044513Z,KXBTC15M-26OCT042015-15,0.0020,458.01,yes
2026-10-05T00:13:33.079393Z,KXBTC15M-26OCT042015-15,0.0020,6.08,yes
2026-10-05T00:13:33.084511Z,KXBTC15M-26OCT042015-15,0.0010,900.83,no
2026-10-05T00:13:33.111254Z,KXBTC15M-26OCT042015-15,0.0020,2290.05,yes
2026-10-05T00:13:33.173041Z,KXBTC15M-26OCT042015-15,0.0020,50.00,yes
2026-10-05T00:13:33.190466Z,KXBTC15M-26OCT042015-15,0.0020,2.82,yes
2026-10-05T00:13:33.339544Z,KXBTC15M-26OCT042015-15,0.0020,1.10,yes
2026-10-05T00:13:33.398123Z,KXBTC15M-26OCT042015-15,0.0010,3.57,no
2026-10-05T00:13:33.405854Z,KXBTC15M-26OCT042015-15,0.0020,229.01,yes
2026-10-05T00:13:33.422078Z,KXBTC15M-26OCT042015-15,0.0020,45.80,yes
2026-10-05T00:13:33.465548Z,KXBTC15M-26OCT042015-15,0.0020,0.92,yes
2026-10-05T00:13:33.466418Z,KXBTC15M-26OCT042015-15,0.0020,210.69,yes
2026-10-05T00:13:33.563408Z,KXBTC15M-26OCT042015-15,0.0020,916.02,yes
2026-10-05T00:13:33.580424Z,KXBTC15M-26OCT042015-15,0.0010,13770.00,no
2026-10-05T00:13:33.630327Z,KXBTC15M-26OCT042015-15,0.0010,31.08,no
2026-10-05T00:13:33.662564Z,KXBTC15M-26OCT042015-15,0.0010,498.07,no
2026-10-05T00:13:33.672656Z,KXBTC15M-26OCT042015-15,0.0020,229.01,yes
2026-10-05T00:13:33.706264Z,KXBTC15M-26OCT042015-15,0.0020,458.01,yes
2026-10-05T00:13:33.741738Z,KXBTC15M-26OCT042015-15,0.0010,10000.00,no
2026-10-05T00:13:33.749572Z,KXBTC15M-26OCT042015-15,0.0010,200.00,no
2026-10-05T00:13:33.749572Z,KXBTC15M-26OCT042015-15,0.0010,1.00,no
2026-10-05T00:13:33.749572Z,KXBTC15M-26OCT042015-15,0.0010,5203.12,no
2026-10-05T00:13:33.749572Z,KXBTC15M-26OCT042015-15,0.0010,1.00,no
2026-10-05T00:13:33.749572Z,KXBTC15M-26OCT042015-15,0.0010,785.00,no
2026-10-05T00:13:33.749572Z,KXBTC15M-26OCT042015-15,0.0010,1.00,no
2026-10-05T00:13:33.749572Z,KXBTC15M-26OCT042015-15,0.0010,100.00,no
2026-10-05T00:13:33.749572Z,KXBTC15M-26OCT042015-15,0.0010,2000.00,no
2026-10-05T00:13:33.749572Z,KXBTC15M-26OCT042015-15,0.0010,200.00,no
2026-10-05T00:13:33.749572Z,KXBTC15M-26OCT042015-15,0.0010,200.00,no
2026-10-05T00:13:33.749572Z,KXBTC15M-26OCT042015-15,0.0010,120.00,no
2026-10-05T00:13:33.749572Z,KXBTC15M-26OCT042015-15,0.0010,284.00,no
2026-10-05T00:13:33.749572Z,KXBTC15M-26OCT042015-15,0.0010,18.00,no
2026-10-05T00:13:33.749572Z,KXBTC15M-26OCT042015-15,0.0010,375.00,no
2026-10-05T00:13:33.749572Z,KXBTC15M-26OCT042015-15,0.0010,75.00,no
2026-10-05T00:13:33.749572Z,KXBTC15M-26OCT042015-15,0.0010,217.00,no
2026-10-05T00:13:33.749572Z,KXBTC15M-26OCT042015-15,0.0010,75.00,no
2026-10-05T00:13:33.749572Z,KXBTC15M-26OCT042015-15,0.0010,4.00,no
2026-10-05T00:13:33.749572Z,KXBTC15M-26OCT042015-15,0.0010,2293.00,no
2026-10-05T00:13:33.749572Z,KXBTC15M-26OCT042015-15,0.0010,200.00,no
2026-10-05T00:13:33.749572Z,KXBTC15M-26OCT042015-15,0.0010,400.00,no
2026-10-05T00:13:33.749572Z,KXBTC15M-26OCT042015-15,0.0010,10.00,no
2026-10-05T00:13:33.749572Z,KXBTC15M-26OCT042015-15,0.0010,0.01,no
2026-10-05T00:13:33.749572Z,KXBTC15M-26OCT042015-15,0.0010,0.01,no
2026-10-05T00:13:33.749572Z,KXBTC15M-26OCT042015-15,0.0010,40.00,no
2026-10-05T00:13:33.749572Z,KXBTC15M-26OCT042015-15,0.0010,1500.00,no
2026-10-05T00:13:33.749572Z,KXBTC15M-26OCT042015-15,0.0010,10.00,no
2026-10-05T00:13:33.749572Z,KXBTC15M-26OCT042015-15,0.0010,45.00,no
2026-10-05T00:13:33.749572Z,KXBTC15M-26OCT042015-15,0.0010,67.00,no
2026-10-05T00:13:33.749572Z,KXBTC15M-26OCT042015-15,0.0010,1500.00,no
2026-10-05T00:13:33.749572Z,KXBTC15M-26OCT042015-15,0.0010,18.82,no
2026-10-05T00:13:33.749572Z,KXBTC15M-26OCT042015-15,0.0010,521.65,no
2026-10-05T00:13:33.749572Z,KXBTC15M-26OCT042015-15,0.0010,72.00,no
2026-10-05T00:13:33.749572Z,KXBTC15M-26OCT042015-15,0.0010,1784.81,no
2026-10-05T00:13:33.749572Z,KXBTC15M-26OCT042015-15,0.0010,10.00,no
2026-10-05T00:13:33.749572Z,KXBTC15M-26OCT042015-15,0.0010,0.08,no
2026-10-05T00:13:33.749572Z,KXBTC15M-26OCT042015-15,0.0010,3.00,no
2026-10-05T00:13:33.749572Z,KXBTC15M-26OCT042015-15,0.0010,50.00,no
2026-10-05T00:13:33.749572Z,KXBTC15M-26OCT042015-15,0.0010,20000.00,no
2026-10-05T00:13:33.749572Z,KXBTC15M-26OCT042015-15,0.0010,150.00,no
2026-10-05T00:13:33.749572Z,KXBTC15M-26OCT042015-15,0.0010,35.00,no
2026-10-05T00:13:33.749572Z,KXBTC15M-26OCT042015-15,0.0010,70.00,no
2026-10-05T00:13:33.749572Z,KXBTC15M-26OCT042015-15,0.0010,45.00,no
2026-10-05T00:13:33.749572Z,KXBTC15M-26OCT042015-15,0.0010,35.00,no
2026-10-05T00:13:33.749572Z,KXBTC15M-26OCT042015-15,0.0010,45.00,no
2026-10-05T00:13:33.749572Z,KXBTC15M-26OCT042015-15,0.0010,45.00,no
2026-10-05T00:13:33.749572Z,KXBTC15M-26OCT042015-15,0.0010,45.00,no
2026-10-05T00:13:33.749572Z,KXBTC15M-26OCT042015-15,0.0010,35.00,no
2026-10-05T00:13:33.749572Z,KXBTC15M-26OCT042015-15,0.0010,10.00,no
2026-10-05T00:13:33.749572Z,KXBTC15M-26OCT042015-15,0.0010,35.00,no
2026-10-05T00:13:33.749572Z,KXBTC15M-26OCT042015-15,0.0010,11.82,no
2026-10-05T00:13:33.749572Z,KXBTC15M-26OCT042015-15,0.0010,14.00,no
2026-10-05T00:13:33.759937Z,KXBTC15M-26OCT042015-15,0.0010,78.89,no
2026-10-05T00:13:33.760381Z,KXBTC15M-26OCT042015-15,0.0010,171.59,no
2026-10-05T00:13:33.760465Z,KXBTC15M-26OCT042015-15,0.0010,52.00,no
2026-10-05T00:13:33.760555Z,KXBTC15M-26OCT042015-15,0.0010,129.12,no
2026-10-05T00:13:33.760745Z,KXBTC15M-26OCT042015-15,0.0010,148.15,no
2026-10-05T00:13:33.760745Z,KXBTC15M-26OCT042015-15,0.0010,0.01,no
2026-10-05T00:13:33.760745Z,KXBTC15M-26OCT042015-15,0.0010,0.01,no
2026-10-05T00:13:33.760745Z,KXBTC15M-26OCT042015-15,0.0010,40.00,no
2026-10-05T00:13:33.760823Z,KXBTC15M-26OCT042015-15,0.0010,251.85,no
2026-10-05T00:13:33.79131Z,KXBTC15M-26OCT042015-15,0.0010,18.94,yes
2026-10-05T00:13:33.79131Z,KXBTC15M-26OCT042015-15,0.0010,183.66,yes
2026-10-05T00:13:33.79131Z,KXBTC15M-26OCT042015-15,0.0010,31.09,yes
2026-10-05T00:13:33.8248Z,KXBTC15M-26OCT042015-15,0.0010,14.54,yes
2026-10-05T00:13:33.8248Z,KXBTC15M-26OCT042015-15,0.0010,11.76,yes
2026-10-05T00:13:33.873925Z,KXBTC15M-26OCT042015-15,0.0010,42.00,yes
2026-10-05T00:13:33.919232Z,KXBTC15M-26OCT042015-15,0.0010,451.00,yes
2026-10-05T00:13:33.944616Z,KXBTC15M-26OCT042015-15,0.0010,934.72,yes
2026-10-05T00:13:34.060024Z,KXBTC15M-26OCT042015-15,0.0010,1402.08,yes
2026-10-05T00:13:34.064856Z,KXBTC15M-26OCT042015-15,0.0010,52.96,yes
2026-10-05T00:13:34.16728Z,KXBTC15M-26OCT042015-15,0.0010,823.58,yes
2026-10-05T00:13:34.16728Z,KXBTC15M-26OCT042015-15,0.0010,92.41,yes
2026-10-05T00:13:34.184252Z,KXBTC15M-26OCT042015-15,0.0010,3.93,yes
2026-10-05T00:13:34.240445Z,KXBTC15M-26OCT042015-15,0.0010,91.62,yes
2026-10-05T00:13:34.31261Z,KXBTC15M-26OCT042015-15,0.0010,0.95,yes
2026-10-05T00:13:34.337576Z,KXBTC15M-26OCT042015-15,0.0010,11.42,yes
2026-10-05T00:13:34.441421Z,KXBTC15M-26OCT042015-15,0.0010,265.66,yes
2026-10-05T00:13:34.45802Z,KXBTC15M-26OCT042015-15,0.0010,467.36,yes
2026-10-05T00:13:34.640835Z,KXBTC15M-26OCT042015-15,0.0010,915.99,yes
2026-10-05T00:13:34.65574Z,KXBTC15M-26OCT042015-15,0.0010,100.09,yes
2026-10-05T00:13:34.65574Z,KXBTC15M-26OCT042015-15,0.0010,3155.31,yes
2026-10-05T00:13:34.65574Z,KXBTC15M-26OCT042015-15,0.0010,240.34,yes
2026-10-05T00:13:34.65574Z,KXBTC15M-26OCT042015-15,0.0010,1084.03,yes
2026-10-05T00:13:34.671438Z,KXBTC15M-26OCT042015-15,0.0010,2.14,yes
2026-10-05T00:13:34.711679Z,KXBTC15M-26OCT042015-15,0.0010,1.00,yes
2026-10-05T00:13:34.788245Z,KXBTC15M-26OCT042015-15,0.0010,934.69,yes
2026-10-05T00:13:34.796667Z,KXBTC15M-26OCT042015-15,0.0010,915.99,yes
2026-10-05T00:13:34.798769Z,KXBTC15M-26OCT042015-15,0.0010,9.04,yes
2026-10-05T00:13:34.854312Z,KXBTC15M-26OCT042015-15,0.0010,467.39,yes
2026-10-05T00:13:34.881827Z,KXBTC15M-26OCT042015-15,0.0010,458.04,yes
2026-10-05T00:13:34.952254Z,KXBTC15M-26OCT042015-15,0.0010,357.29,yes
2026-10-05T00:13:34.980697Z,KXBTC15M-26OCT042015-15,0.0010,100.00,yes
2026-10-05T00:13:35.100313Z,KXBTC15M-26OCT042015-15,0.0010,540.00,yes
2026-10-05T00:13:35.118777Z,KXBTC15M-26OCT042015-15,0.0010,4.98,yes
2026-10-05T00:13:35.131932Z,KXBTC15M-26OCT042015-15,0.0010,1.21,yes
2026-10-05T00:13:35.141708Z,KXBTC15M-26OCT042015-15,0.0010,486.81,yes
2026-10-05T00:13:35.176859Z,KXBTC15M-26OCT042015-15,0.0010,237.61,yes
2026-10-05T00:13:35.1975Z,KXBTC15M-26OCT042015-15,0.0010,13.28,yes
2026-10-05T00:13:35.209585Z,KXBTC15M-26OCT042015-15,0.0010,57.37,yes
2026-10-05T00:13:35.213748Z,KXBTC15M-26OCT042015-15,0.0010,1831.90,yes
2026-10-05T00:13:35.27752Z,KXBTC15M-26OCT042015-15,0.0010,3418.00,yes
2026-10-05T00:13:35.345033Z,KXBTC15M-26OCT042015-15,0.0010,90.12,yes
2026-10-05T00:13:35.465644Z,KXBTC15M-26OCT042015-15,0.0010,32612.94,yes
2026-10-05T00:13:35.465644Z,KXBTC15M-26OCT042015-15,0.0010,2759.11,yes
2026-10-05T00:13:35.465644Z,KXBTC15M-26OCT042015-15,0.0010,10000.00,yes
2026-10-05T00:13:35.465644Z,KXBTC15M-26OCT042015-15,0.0010,425.39,yes
2026-10-05T00:13:35.747532Z,KXBTC15M-26OCT042015-15,0.0010,40.33,yes
2026-10-05T00:13:35.986571Z,KXBTC15M-26OCT042015-15,0.0010,50.00,yes
2026-10-05T00:13:36.099547Z,KXBTC15M-26OCT042015-15,0.0010,66.23,yes
2026-10-05T00:13:36.188372Z,KXBTC15M-26OCT042015-15,0.0010,202.64,yes
2026-10-05T00:13:36.217252Z,KXBTC15M-26OCT042015-15,0.0010,1831.90,yes
2026-10-05T00:13:36.241076Z,KXBTC15M-26OCT042015-15,0.0010,22.72,yes
2026-10-05T00:13:36.294457Z,KXBTC15M-26OCT042015-15,0.0010,670.00,yes
2026-10-05T00:13:36.429972Z,KXBTC15M-26OCT042015-15,0.0010,4579.77,yes
2026-10-05T00:13:36.43293Z,KXBTC15M-26OCT042015-15,0.0010,47.14,yes
2026-10-05T00:13:36.454417Z,KXBTC15M-26OCT042015-15,0.0010,908.45,yes
2026-10-05T00:13:36.529249Z,KXBTC15M-26OCT042015-15,0.0010,31.99,yes
2026-10-05T00:13:36.538887Z,KXBTC15M-26OCT042015-15,0.0010,5.02,yes
2026-10-05T00:13:36.645761Z,KXBTC15M-26OCT042015-15,0.0010,89.75,yes
2026-10-05T00:13:36.676582Z,KXBTC15M-26OCT042015-15,0.0010,67.08,yes
2026-10-05T00:13:36.717578Z,KXBTC15M-26OCT042015-15,0.0010,8976.30,yes
2026-10-05T00:13:36.730955Z,KXBTC15M-26OCT042015-15,0.0010,915.99,yes
2026-10-05T00:13:36.77543Z,KXBTC15M-26OCT042015-15,0.0010,138.00,yes
2026-10-05T00:13:36.815585Z,KXBTC15M-26OCT042015-15,0.0010,426.29,yes
2026-10-05T00:13:36.871575Z,KXBTC15M-26OCT042015-15,0.0010,25.61,yes
2026-10-05T00:13:36.974165Z,KXBTC15M-26OCT042015-15,0.0010,26.89,yes
2026-10-05T00:13:37.10746Z,KXBTC15M-26OCT042015-15,0.0010,4.55,yes
2026-10-05T00:13:37.157151Z,KXBTC15M-26OCT042015-15,0.0010,1.19,yes
2026-10-05T00:13:37.173011Z,KXBTC15M-26OCT042015-15,0.0010,16.55,yes
2026-10-05T00:13:37.356761Z,KXBTC15M-26OCT042015-15,0.0010,8243.55,yes
2026-10-05T00:13:37.421582Z,KXBTC15M-26OCT042015-15,0.0010,2040.00,yes
2026-10-05T00:13:37.443804Z,KXBTC15M-26OCT042015-15,0.0010,915.99,yes
2026-10-05T00:13:37.694089Z,KXBTC15M-26OCT042015-15,0.0010,50.00,yes
2026-10-05T00:13:37.750795Z,KXBTC15M-26OCT042015-15,0.0010,915.99,yes
2026-10-05T00:13:37.752811Z,KXBTC15M-26OCT042015-15,0.0010,0.36,yes
2026-10-05T00:13:37.785002Z,KXBTC15M-26OCT042015-15,0.0010,0.02,yes
2026-10-05T00:13:37.802403Z,KXBTC15M-26OCT042015-15,0.0010,398.85,yes
2026-10-05T00:13:37.897749Z,KXBTC15M-26OCT042015-15,0.0010,211.02,yes
2026-10-05T00:13:37.96105Z,KXBTC15M-26OCT042015-15,0.0010,10000.00,yes
2026-10-05T00:13:38.015138Z,KXBTC15M-26OCT042015-15,0.0010,5.00,yes
2026-10-05T00:13:38.026619Z,KXBTC15M-26OCT042015-15,0.0010,183.00,yes
2026-10-05T00:13:38.059826Z,KXBTC15M-26OCT042015-15,0.0010,153.69,yes
2026-10-05T00:13:38.168687Z,KXBTC15M-26OCT042015-15,0.0010,3663.81,yes
2026-10-05T00:13:38.180982Z,KXBTC15M-26OCT042015-15,0.0010,647.91,yes
2026-10-05T00:13:38.232934Z,KXBTC15M-26OCT042015-15,0.0010,438.67,yes
2026-10-05T00:13:38.242413Z,KXBTC15M-26OCT042015-15,0.0010,1.03,yes
2026-10-05T00:13:38.470306Z,KXBTC15M-26OCT042015-15,0.0010,5.00,yes
2026-10-05T00:13:38.509796Z,KXBTC15M-26OCT042015-15,0.0010,467.36,yes
2026-10-05T00:13:38.519035Z,KXBTC15M-26OCT042015-15,0.0010,915.99,yes
2026-10-05T00:13:38.531926Z,KXBTC15M-26OCT042015-15,0.0010,499.43,yes
2026-10-05T00:13:38.531926Z,KXBTC15M-26OCT042015-15,0.0010,3076.43,yes
2026-10-05T00:13:38.531926Z,KXBTC15M-26OCT042015-15,0.0010,1112.03,yes
2026-10-05T00:13:38.531926Z,KXBTC15M-26OCT042015-15,0.0010,502.00,yes
2026-10-05T00:13:38.531926Z,KXBTC15M-26OCT042015-15,0.0010,352.32,yes
2026-10-05T00:13:38.531926Z,KXBTC15M-26OCT042015-15,0.0010,2001.86,yes
2026-10-05T00:13:38.531926Z,KXBTC15M-26OCT042015-15,0.0010,791.78,yes
2026-10-05T00:13:38.531926Z,KXBTC15M-26OCT042015-15,0.0010,31.08,yes
2026-10-05T00:13:38.531926Z,KXBTC15M-26OCT042015-15,0.0010,900.83,yes
2026-10-05T00:13:38.531926Z,KXBTC15M-26OCT042015-15,0.0010,498.07,yes
2026-10-05T00:13:38.531926Z,KXBTC15M-26OCT042015-15,0.0010,5203.12,yes
2026-10-05T00:13:38.569703Z,KXBTC15M-26OCT042015-15,0.0010,35.52,yes
2026-10-05T00:13:38.606004Z,KXBTC15M-26OCT042015-15,0.0010,5.07,yes
2026-10-05T00:13:38.70498Z,KXBTC15M-26OCT042015-15,0.0010,11401.02,yes
2026-10-05T00:13:38.70498Z,KXBTC15M-26OCT042015-15,0.0010,6918.01,yes
2026-10-05T00:13:38.875649Z,KXBTC15M-26OCT042015-15,0.0010,915.99,yes
2026-10-05T00:13:38.999128Z,KXBTC15M-26OCT042015-15,0.0010,73.29,yes
2026-10-05T00:13:39.014288Z,KXBTC15M-26OCT042015-15,0.0010,915.99,yes
2026-10-05T00:13:39.17028Z,KXBTC15M-26OCT042015-15,0.0010,915.99,yes
2026-10-05T00:13:39.350406Z,KXBTC15M-26OCT042015-15,0.0010,5495.73,yes
2026-10-05T00:13:39.35707Z,KXBTC15M-26OCT042015-15,0.0010,1978.51,yes
2026-10-05T00:13:39.401736Z,KXBTC15M-26OCT042015-15,0.0010,2.31,yes
2026-10-05T00:13:39.514643Z,KXBTC15M-26OCT042015-15,0.0010,915.99,yes
2026-10-05T00:13:39.550554Z,KXBTC15M-26OCT042015-15,0.0010,5.23,yes
2026-10-05T00:13:39.610653Z,KXBTC15M-26OCT042015-15,0.0010,32.05,yes
2026-10-05T00:13:39.731915Z,KXBTC15M-26OCT042015-15,0.0010,184.50,yes
2026-10-05T00:13:39.798938Z,KXBTC15M-26OCT042015-15,0.0010,36.64,yes
2026-10-05T00:13:40.052633Z,KXBTC15M-26OCT042015-15,0.0010,6.02,yes
2026-10-05T00:13:40.064631Z,KXBTC15M-26OCT042015-15,0.0010,307.00,yes
2026-10-05T00:13:40.208853Z,KXBTC15M-26OCT042015-15,0.0010,12.59,yes
2026-10-05T00:13:40.269332Z,KXBTC15M-26OCT042015-15,0.0010,458.04,yes
2026-10-05T00:13:40.28977Z,KXBTC15M-26OCT042015-15,0.0010,826.12,yes
2026-10-05T00:13:40.28977Z,KXBTC15M-26OCT042015-15,0.0010,3832.12,yes
2026-10-05T00:13:40.28977Z,KXBTC15M-26OCT042015-15,0.0010,15.00,yes
2026-10-05T00:13:40.326368Z,KXBTC15M-26OCT042015-15,0.0010,22.06,yes
2026-10-05T00:13:40.33224Z,KXBTC15M-26OCT042015-15,0.0010,13.27,yes
2026-10-05T00:13:40.36959Z,KXBTC15M-26OCT042015-15,0.0010,2070.04,yes
2026-10-05T00:13:40.426138Z,KXBTC15M-26OCT042015-15,0.0010,209.87,yes
2026-10-05T00:13:40.456406Z,KXBTC15M-26OCT042015-15,0.0010,2.12,yes
2026-10-05T00:13:40.612405Z,KXBTC15M-26OCT042015-15,0.0010,3.18,yes
2026-10-05T00:13:40.633909Z,KXBTC15M-26OCT042015-15,0.0010,300.00,yes
2026-10-05T00:13:40.669014Z,KXBTC15M-26OCT042015-15,0.0010,8.57,yes
2026-10-05T00:13:40.734389Z,KXBTC15M-26OCT042015-15,0.0010,53.08,yes
2026-10-05T00:13:40.807607Z,KXBTC15M-26OCT042015-15,0.0010,4579.77,yes
2026-10-05T00:13:40.823549Z,KXBTC15M-26OCT042015-15,0.0010,183.25,yes
2026-10-05T00:13:40.848858Z,KXBTC15M-26OCT042015-15,0.0010,93.49,yes
2026-10-05T00:13:40.932974Z,KXBTC15M-26OCT042015-15,0.0010,180.00,yes
2026-10-05T00:13:41.049347Z,KXBTC15M-26OCT042015-15,0.0010,897.30,yes
2026-10-05T00:13:41.197665Z,KXBTC15M-26OCT042015-15,0.0010,9159.55,yes
2026-10-05T00:13:41.213848Z,KXBTC15M-26OCT042015-15,0.0010,24.25,yes
2026-10-05T00:13:41.232465Z,KXBTC15M-26OCT042015-15,0.0010,71.49,yes
2026-10-05T00:13:41.379219Z,KXBTC15M-26OCT042015-15,0.0010,47.14,yes
2026-10-05T00:13:41.410439Z,KXBTC15M-26OCT042015-15,0.0010,4579.77,yes
2026-10-05T00:13:41.443428Z,KXBTC15M-26OCT042015-15,0.0010,6112.00,yes
2026-10-05T00:13:41.590254Z,KXBTC15M-26OCT042015-15,0.0010,50.00,yes
2026-10-05T00:13:41.59252Z,KXBTC15M-26OCT042015-15,0.0010,2336.79,yes
2026-10-05T00:13:41.711142Z,KXBTC15M-26OCT042015-15,0.0010,915.99,yes
2026-10-05T00:13:41.718245Z,KXBTC15M-26OCT042015-15,0.0010,4673.54,yes
2026-10-05T00:13:41.719234Z,KXBTC15M-26OCT042015-15,0.0010,4579.77,yes
2026-10-05T00:13:41.733246Z,KXBTC15M-26OCT042015-15,0.0010,7.17,yes
2026-10-05T00:13:42.027181Z,KXBTC15M-26OCT042015-15,0.0010,915.99,yes
2026-10-05T00:13:42.050242Z,KXBTC15M-26OCT042015-15,0.0010,1926.33,yes
2026-10-05T00:13:42.109677Z,KXBTC15M-26OCT042015-15,0.0010,5.07,yes
2026-10-05T00:13:42.260328Z,KXBTC15M-26OCT042015-15,0.0010,91.62,yes
2026-10-05T00:13:42.295627Z,KXBTC15M-26OCT042015-15,0.0010,17.94,yes
2026-10-05T00:13:42.344183Z,KXBTC15M-26OCT042015-15,0.0010,1757.04,yes
2026-10-05T00:13:42.344183Z,KXBTC15M-26OCT042015-15,0.0010,37.47,yes
2026-10-05T00:13:42.344559Z,KXBTC15M-26OCT042015-15,0.0010,42.96,yes
2026-10-05T00:13:42.344559Z,KXBTC15M-26OCT042015-15,0.0010,3.00,yes
2026-10-05T00:13:42.344559Z,KXBTC15M-26OCT042015-15,0.0010,870.03,yes
2026-10-05T00:13:42.381498Z,KXBTC15M-26OCT042015-15,0.0010,54.04,yes
2026-10-05T00:13:42.554732Z,KXBTC15M-26OCT042015-15,0.0010,915.99,yes
2026-10-05T00:13:42.718035Z,KXBTC15M-26OCT042015-15,0.0010,915.99,yes
2026-10-05T00:13:42.786995Z,KXBTC15M-26OCT042015-15,0.0010,271.88,yes
2026-10-05T00:13:42.815386Z,KXBTC15M-26OCT042015-15,0.0010,251.99,yes
2026-10-05T00:13:43.010916Z,KXBTC15M-26OCT042015-15,0.0010,47.14,yes
2026-10-05T00:13:43.023874Z,KXBTC15M-26OCT042015-15,0.0010,39.95,yes
2026-10-05T00:13:43.079379Z,KXBTC15M-26OCT042015-15,0.0010,915.99,yes
2026-10-05T00:13:43.184676Z,KXBTC15M-26OCT042015-15,0.0010,458.04,yes
2026-10-05T00:13:43.195003Z,KXBTC15M-26OCT042015-15,0.0010,200.00,yes
2026-10-05T00:13:43.562926Z,KXBTC15M-26OCT042015-15,0.0010,130.03,yes
2026-10-05T00:13:43.583447Z,KXBTC15M-26OCT042015-15,0.0010,124.73,yes
2026-10-05T00:13:43.592493Z,KXBTC15M-26OCT042015-15,0.0010,41.20,yes
2026-10-05T00:13:43.592493Z,KXBTC15M-26OCT042015-15,0.0010,41.30,yes
2026-10-05T00:13:43.631319Z,KXBTC15M-26OCT042015-15,0.0010,1.00,yes
2026-10-05T00:13:43.834029Z,KXBTC15M-26OCT042015-15,0.0010,1831.90,yes
2026-10-05T00:13:43.852912Z,KXBTC15M-26OCT042015-15,0.0010,458.04,yes
2026-10-05T00:13:43.942811Z,KXBTC15M-26OCT042015-15,0.0010,613.76,yes
2026-10-05T00:13:43.991176Z,KXBTC15M-26OCT042015-15,0.0010,34.48,yes
2026-10-05T00:13:44.019783Z,KXBTC15M-26OCT042015-15,0.0010,55.49,yes
2026-10-05T00:13:44.019783Z,KXBTC15M-26OCT042015-15,0.0010,65.37,yes
2026-10-05T00:13:44.019783Z,KXBTC15M-26OCT042015-15,0.0010,1.00,yes
2026-10-05T00:13:44.058598Z,KXBTC15M-26OCT042015-15,0.0010,91.62,yes
2026-10-05T00:13:44.169051Z,KXBTC15M-26OCT042015-15,0.0010,1032.00,yes
2026-10-05T00:13:44.17143Z,KXBTC15M-26OCT042015-15,0.0010,5.00,yes
2026-10-05T00:13:44.240148Z,KXBTC15M-26OCT042015-15,0.0010,129.40,yes
2026-10-05T00:13:44.25029Z,KXBTC15M-26OCT042015-15,0.0010,10.47,yes
2026-10-05T00:13:44.492627Z,KXBTC15M-26OCT042015-15,0.0010,915.99,yes
2026-10-05T00:13:44.618025Z,KXBTC15M-26OCT042015-15,0.0010,915.99,yes
2026-10-05T00:13:44.665331Z,KXBTC15M-26OCT042015-15,0.0010,9159.55,yes
2026-10-05T00:13:44.817377Z,KXBTC15M-26OCT042015-15,0.0010,915.99,yes
2026-10-05T00:13:44.821859Z,KXBTC15M-26OCT042015-15,0.0010,4579.77,yes
2026-10-05T00:13:44.828658Z,KXBTC15M-26OCT042015-15,0.0010,506.12,yes
2026-10-05T00:13:44.997992Z,KXBTC15M-26OCT042015-15,0.0010,897.30,yes
2026-10-05T00:13:45.055752Z,KXBTC15M-26OCT042015-15,0.0010,200.00,yes
2026-10-05T00:13:45.064969Z,KXBTC15M-26OCT042015-15,0.0010,109.94,yes
2026-10-05T00:13:45.145601Z,KXBTC15M-26OCT042015-15,0.0010,70.26,yes
2026-10-05T00:13:45.185907Z,KXBTC15M-26OCT042015-15,0.0010,23.35,yes
2026-10-05T00:13:45.190886Z,KXBTC15M-26OCT042015-15,0.0010,4.73,yes
2026-10-05T00:13:45.269353Z,KXBTC15M-26OCT042015-15,0.0010,915.99,yes
2026-10-05T00:13:45.302782Z,KXBTC15M-26OCT042015-15,0.0010,1346.77,yes
2026-10-05T00:13:45.302782Z,KXBTC15M-26OCT042015-15,0.0010,1001.00,yes
2026-10-05T00:13:45.302782Z,KXBTC15M-26OCT042015-15,0.0010,1683.04,yes
2026-10-05T00:13:45.347033Z,KXBTC15M-26OCT042015-15,0.0010,111.74,yes
2026-10-05T00:13:45.411572Z,KXBTC15M-26OCT042015-15,0.0010,183.25,yes
2026-10-05T00:13:45.585154Z,KXBTC15M-26OCT042015-15,0.0010,485.48,yes
2026-10-05T00:13:45.648575Z,KXBTC15M-26OCT042015-15,0.0010,0.02,yes
2026-10-05T00:13:45.648788Z,KXBTC15M-26OCT042015-15,0.0010,0.02,yes
2026-10-05T00:13:45.751856Z,KXBTC15M-26OCT042015-15,0.0010,9159.55,yes
2026-10-05T00:13:45.849667Z,KXBTC15M-26OCT042015-15,0.0010,1831.90,yes
2026-10-05T00:13:45.864349Z,KXBTC15M-26OCT042015-15,0.0010,4673.54,yes
2026-10-05T00:13:45.983501Z,KXBTC15M-26OCT042015-15,0.0010,101.00,yes
2026-10-05T00:13:46.170005Z,KXBTC15M-26OCT042015-15,0.0010,1.03,yes
2026-10-05T00:13:46.18412Z,KXBTC15M-26OCT042015-15,0.0010,10.22,yes
2026-10-05T00:13:46.199828Z,KXBTC15M-26OCT042015-15,0.0010,915.99,yes
2026-10-05T00:13:46.447837Z,KXBTC15M-26OCT042015-15,0.0010,806.04,yes
2026-10-05T00:13:46.526062Z,KXBTC15M-26OCT042015-15,0.0010,915.99,yes
2026-10-05T00:13:46.532578Z,KXBTC15M-26OCT042015-15,0.0010,44.00,yes
2026-10-05T00:13:47.100467Z,KXBTC15M-26OCT042015-15,0.0010,91.62,yes
2026-10-05T00:13:47.158022Z,KXBTC15M-26OCT042015-15,0.0010,1831.90,yes
2026-10-05T00:13:47.237757Z,KXBTC15M-26OCT042015-15,0.0010,9159.55,yes
2026-10-05T00:13:47.269251Z,KXBTC15M-26OCT042015-15,0.0010,3.00,yes
2026-10-05T00:13:47.269251Z,KXBTC15M-26OCT042015-15,0.0010,912.99,yes
2026-10-05T00:13:47.352982Z,KXBTC15M-26OCT042015-15,0.0010,91.62,yes
2026-10-05T00:13:47.456132Z,KXBTC15M-26OCT042015-15,0.0010,915.99,yes
2026-10-05T00:13:47.60058Z,KXBTC15M-26OCT042015-15,0.0010,677.72,yes
2026-10-05T00:13:47.68197Z,KXBTC15M-26OCT042015-15,0.0010,2635.68,yes
2026-10-05T00:13:47.68197Z,KXBTC15M-26OCT042015-15,0.0010,1123.87,yes
2026-10-05T00:13:47.68197Z,KXBTC15M-26OCT042015-15,0.0010,1800.00,yes
2026-10-05T00:13:47.68197Z,KXBTC15M-26OCT042015-15,0.0010,1800.00,yes
2026-10-05T00:13:47.68197Z,KXBTC15M-26OCT042015-15,0.0010,1800.00,yes
2026-10-05T00:13:47.761445Z,KXBTC15M-26OCT042015-15,0.0010,37.41,yes
2026-10-05T00:13:47.908093Z,KXBTC15M-26OCT042015-15,0.0010,5.17,yes
2026-10-05T00:13:48.037779Z,KXBTC15M-26OCT042015-15,0.0010,2.11,yes
2026-10-05T00:13:48.186071Z,KXBTC15M-26OCT042015-15,0.0010,174.63,yes
2026-10-05T00:13:48.226962Z,KXBTC15M-26OCT042015-15,0.0010,257.67,yes
2026-10-05T00:13:48.268649Z,KXBTC15M-26OCT042015-15,0.0010,915.99,yes
2026-10-05T00:13:48.43325Z,KXBTC15M-26OCT042015-15,0.0010,117.15,yes
2026-10-05T00:13:48.43325Z,KXBTC15M-26OCT042015-15,0.0010,500.00,yes
2026-10-05T00:13:48.43325Z,KXBTC15M-26OCT042015-15,0.0010,10.01,yes
2026-10-05T00:13:48.43325Z,KXBTC15M-26OCT042015-15,0.0010,3.00,yes
2026-10-05T00:13:48.43325Z,KXBTC15M-26OCT042015-15,0.0010,285.83,yes
2026-10-05T00:13:48.528249Z,KXBTC15M-26OCT042015-15,0.0010,20.00,yes
2026-10-05T00:13:48.685874Z,KXBTC15M-26OCT042015-15,0.0010,915.99,yes
2026-10-05T00:13:48.850934Z,KXBTC15M-26OCT042015-15,0.0010,915.99,yes
2026-10-05T00:13:48.862007Z,KXBTC15M-26OCT042015-15,0.0010,183.25,yes
2026-10-05T00:13:49.11979Z,KXBTC15M-26OCT042015-15,0.0010,34.06,yes
2026-10-05T00:13:49.207738Z,KXBTC15M-26OCT042015-15,0.0010,915.99,yes
2026-10-05T00:13:49.221468Z,KXBTC15M-26OCT042015-15,0.0010,47.14,yes
2026-10-05T00:13:49.393511Z,KXBTC15M-26OCT042015-15,0.0010,458.04,yes
2026-10-05T00:13:49.424809Z,KXBTC15M-26OCT042015-15,0.0010,1794.51,yes
2026-10-05T00:13:49.486933Z,KXBTC15M-26OCT042015-15,0.0010,3.66,yes
2026-10-05T00:13:49.524613Z,KXBTC15M-26OCT042015-15,0.0010,915.99,yes
2026-10-05T00:13:49.613904Z,KXBTC15M-26OCT042015-15,0.0010,45.85,yes
2026-10-05T00:13:49.740701Z,KXBTC15M-26OCT042015-15,0.0010,1.95,yes
2026-10-05T00:13:49.823257Z,KXBTC15M-26OCT042015-15,0.0010,915.99,yes
2026-10-05T00:13:49.856486Z,KXBTC15M-26OCT042015-15,0.0010,91.62,yes
2026-10-05T00:13:49.869708Z,KXBTC15M-26OCT042015-15,0.0010,6.99,yes
2026-10-05T00:13:49.907944Z,KXBTC15M-26OCT042015-15,0.0010,219.90,yes
2026-10-05T00:13:49.932041Z,KXBTC15M-26OCT042015-15,0.0010,45.85,yes
2026-10-05T00:13:50.008266Z,KXBTC15M-26OCT042015-15,0.0010,0.02,yes
2026-10-05T00:13:50.014489Z,KXBTC15M-26OCT042015-15,0.0010,22.02,yes
2026-10-05T00:13:50.070754Z,KXBTC15M-26OCT042015-15,0.0010,6.31,yes
2026-10-05T00:13:50.115348Z,KXBTC15M-26OCT042015-15,0.0010,182.94,yes
2026-10-05T00:13:50.115348Z,KXBTC15M-26OCT042015-15,0.0010,80.00,yes
2026-10-05T00:13:50.115348Z,KXBTC15M-26OCT042015-15,0.0010,653.05,yes
2026-10-05T00:13:50.243037Z,KXBTC15M-26OCT042015-15,0.0010,11.79,yes
2026-10-05T00:13:50.415505Z,KXBTC15M-26OCT042015-15,0.0010,5.88,yes
2026-10-05T00:13:50.714073Z,KXBTC15M-26OCT042015-15,0.0020,845.00,yes
2026-10-05T00:13:50.714073Z,KXBTC15M-26OCT042015-15,0.0020,1.00,yes
2026-10-05T00:13:50.714073Z,KXBTC15M-26OCT042015-15,0.0020,3.00,yes
2026-10-05T00:13:50.714073Z,KXBTC15M-26OCT042015-15,0.0020,1945.93,yes
2026-10-05T00:13:50.714073Z,KXBTC15M-26OCT042015-15,0.0020,1500.00,yes
2026-10-05T00:13:50.714073Z,KXBTC15M-26OCT042015-15,0.0010,469.39,yes
2026-10-05T00:13:50.714073Z,KXBTC15M-26OCT042015-15,0.0010,3.00,yes
2026-10-05T00:13:50.714073Z,KXBTC15M-26OCT042015-15,0.0010,91.00,yes
2026-10-05T00:13:50.714073Z,KXBTC15M-26OCT042015-15,0.0010,101.83,yes
2026-10-05T00:13:50.761757Z,KXBTC15M-26OCT042015-15,0.0010,0.01,no
2026-10-05T00:13:50.761757Z,KXBTC15M-26OCT042015-15,0.0010,99.99,no
2026-10-05T00:13:50.784182Z,KXBTC15M-26OCT042015-15,0.0020,11.00,yes
2026-10-05T00:13:50.80237Z,KXBTC15M-26OCT042015-15,0.0010,12.04,no
2026-10-05T00:13:50.881535Z,KXBTC15M-26OCT042015-15,0.0020,30.69,yes
2026-10-05T00:13:50.881535Z,KXBTC15M-26OCT042015-15,0.0020,43.07,yes
2026-10-05T00:13:50.881535Z,KXBTC15M-26OCT042015-15,0.0020,0.01,yes
2026-10-05T00:13:51.014709Z,KXBTC15M-26OCT042015-15,0.0020,4.65,yes
2026-10-05T00:13:51.295592Z,KXBTC15M-26OCT042015-15,0.0010,1381.00,no
2026-10-05T00:13:51.379435Z,KXBTC15M-26OCT042015-15,0.0010,20.44,no
2026-10-05T00:13:51.379435Z,KXBTC15M-26OCT042015-15,0.0010,10.00,no
2026-10-05T00:13:51.379435Z,KXBTC15M-26OCT042015-15,0.0010,10.00,no
2026-10-05T00:13:51.379435Z,KXBTC15M-26OCT042015-15,0.0010,10.00,no
2026-10-05T00:13:51.47539Z,KXBTC15M-26OCT042015-15,0.0020,164.66,yes
2026-10-05T00:13:51.47539Z,KXBTC15M-26OCT042015-15,0.0020,64.35,yes
2026-10-05T00:13:51.543394Z,KXBTC15M-26OCT042015-15,0.0010,1.00,no
2026-10-05T00:13:51.636223Z,KXBTC15M-26OCT042015-15,0.0020,164.35,yes
2026-10-05T00:13:51.636223Z,KXBTC15M-26OCT042015-15,0.0020,135.65,yes
2026-10-05T00:13:51.636223Z,KXBTC15M-26OCT042015-15,0.0020,200.00,yes
2026-10-05T00:13:51.83752Z,KXBTC15M-26OCT042015-15,0.0020,458.01,yes
2026-10-05T00:13:51.843594Z,KXBTC15M-26OCT042015-15,0.0020,226.81,yes
2026-10-05T00:13:51.957717Z,KXBTC15M-26OCT042015-15,0.0020,45.80,yes
2026-10-05T00:13:51.972199Z,KXBTC15M-26OCT042015-15,0.0010,90.24,no
2026-10-05T00:13:52.019467Z,KXBTC15M-26OCT042015-15,0.0020,458.01,yes
2026-10-05T00:13:52.023402Z,KXBTC15M-26OCT042015-15,0.0020,13.75,yes
2026-10-05T00:13:52.052731Z,KXBTC15M-26OCT042015-15,0.0020,120.00,yes
2026-10-05T00:13:52.052731Z,KXBTC15M-26OCT042015-15,0.0020,3919.27,yes
2026-10-05T00:13:52.052731Z,KXBTC15M-26OCT042015-15,0.0020,5000.00,yes
2026-10-05T00:13:52.052731Z,KXBTC15M-26OCT042015-15,0.0020,120.82,yes
2026-10-05T00:13:52.143853Z,KXBTC15M-26OCT042015-15,0.0020,458.01,yes
2026-10-05T00:13:52.350034Z,KXBTC15M-26OCT042015-15,0.0020,458.01,yes
2026-10-05T00:13:52.398784Z,KXBTC15M-26OCT042015-15,0.0020,458.01,yes
2026-10-05T00:13:52.399185Z,KXBTC15M-26OCT042015-15,0.0010,1301.21,no
2026-10-05T00:13:52.582193Z,KXBTC15M-26OCT042015-15,0.0020,49.27,yes
2026-10-05T00:13:52.609147Z,KXBTC15M-26OCT042015-15,0.0020,8.94,yes
2026-10-05T00:13:52.610199Z,KXBTC15M-26OCT042015-15,0.0020,458.01,yes
2026-10-05T00:13:52.643607Z,KXBTC15M-26OCT042015-15,0.0020,45.80,yes
2026-10-05T00:13:52.703484Z,KXBTC15M-26OCT042015-15,0.0020,343.52,yes
2026-10-05T00:13:52.735024Z,KXBTC15M-26OCT042015-15,0.0010,2.57,no
2026-10-05T00:13:52.797973Z,KXBTC15M-26OCT042015-15,0.0020,4580.06,yes
2026-10-05T00:13:52.847375Z,KXBTC15M-26OCT042015-15,0.0010,42.64,no
2026-10-05T00:13:52.871013Z,KXBTC15M-26OCT042015-15,0.0010,80.00,no
2026-10-05T00:13:52.871013Z,KXBTC15M-26OCT042015-15,0.0010,10.00,no
2026-10-05T00:13:52.871013Z,KXBTC15M-26OCT042015-15,0.0010,500.00,no
2026-10-05T00:13:52.871013Z,KXBTC15M-26OCT042015-15,0.0010,10.00,no
2026-10-05T00:13:52.871013Z,KXBTC15M-26OCT042015-15,0.0010,10.00,no
2026-10-05T00:13:52.871013Z,KXBTC15M-26OCT042015-15,0.0010,487.83,no
2026-10-05T00:13:52.871013Z,KXBTC15M-26OCT042015-15,0.0010,11.00,no
2026-10-05T00:13:52.871013Z,KXBTC15M-26OCT042015-15,0.0010,400.00,no
2026-10-05T00:13:52.871013Z,KXBTC15M-26OCT042015-15,0.0010,43.07,no
2026-10-05T00:13:52.871013Z,KXBTC15M-26OCT042015-15,0.0010,0.01,no
2026-10-05T00:13:52.871013Z,KXBTC15M-26OCT042015-15,0.0010,40.00,no
2026-10-05T00:13:52.871013Z,KXBTC15M-26OCT042015-15,0.0010,0.01,no
2026-10-05T00:13:52.944065Z,KXBTC15M-26OCT042015-15,0.0010,6.08,yes
2026-10-05T00:13:52.944065Z,KXBTC15M-26OCT042015-15,0.0010,91.00,yes
2026-10-05T00:13:52.944065Z,KXBTC15M-26OCT042015-15,0.0020,136.61,yes
2026-10-05T00:13:52.978859Z,KXBTC15M-26OCT042015-15,0.0020,4580.06,yes
2026-10-05T00:13:52.984697Z,KXBTC15M-26OCT042015-15,0.0020,147.47,yes
2026-10-05T00:13:52.984697Z,KXBTC15M-26OCT042015-15,0.0020,20.44,yes
2026-10-05T00:13:52.984697Z,KXBTC15M-26OCT042015-15,0.0020,1.00,yes
2026-10-05T00:13:52.984697Z,KXBTC15M-26OCT042015-15,0.0020,1500.00,yes
2026-10-05T00:13:52.984697Z,KXBTC15M-26OCT042015-15,0.0020,90.24,yes
2026-10-05T00:13:52.984697Z,KXBTC15M-26OCT042015-15,0.0020,3.00,yes
2026-10-05T00:13:52.984697Z,KXBTC15M-26OCT042015-15,0.0020,0.01,yes
2026-10-05T00:13:52.984697Z,KXBTC15M-26OCT042015-15,0.0020,0.01,yes
2026-10-05T00:13:52.984697Z,KXBTC15M-26OCT042015-15,0.0020,527.88,yes
2026-10-05T00:13:52.99187Z,KXBTC15M-26OCT042015-15,0.0010,1.97,no
2026-10-05T00:13:53.034669Z,KXBTC15M-26OCT042015-15,0.0010,38.03,no
2026-10-05T00:13:53.034669Z,KXBTC15M-26OCT042015-15,0.0010,0.01,no
2026-10-05T00:13:53.034669Z,KXBTC15M-26OCT042015-15,0.0010,86.69,no
2026-10-05T00:13:53.075747Z,KXBTC15M-26OCT042015-15,0.0020,116.42,yes
2026-10-05T00:13:53.28953Z,KXBTC15M-26OCT042015-15,0.0020,458.01,yes
2026-10-05T00:13:53.30251Z,KXBTC15M-26OCT042015-15,0.0020,1.20,yes
2026-10-05T00:13:53.728766Z,KXBTC15M-26OCT042015-15,0.0020,45.80,yes
2026-10-05T00:13:53.769355Z,KXBTC15M-26OCT042015-15,0.0020,458.01,yes
2026-10-05T00:13:53.771298Z,KXBTC15M-26OCT042015-15,0.0010,53.17,no
2026-10-05T00:13:53.786658Z,KXBTC15M-26OCT042015-15,0.0020,17.92,yes
2026-10-05T00:13:53.786658Z,KXBTC15M-26OCT042015-15,0.0020,2.57,yes
2026-10-05T00:13:53.786658Z,KXBTC15M-26OCT042015-15,0.0020,42.64,yes
2026-10-05T00:13:53.786658Z,KXBTC15M-26OCT042015-15,0.0020,74.30,yes
2026-10-05T00:13:53.805177Z,KXBTC15M-26OCT042015-15,0.0010,80.07,no
2026-10-05T00:13:53.86058Z,KXBTC15M-26OCT042015-15,0.0010,5.00,no
2026-10-05T00:13:53.894411Z,KXBTC15M-26OCT042015-15,0.0020,1.93,yes
2026-10-05T00:13:53.996075Z,KXBTC15M-26OCT042015-15,0.0020,91.62,yes
2026-10-05T00:13:54.080413Z,KXBTC15M-26OCT042015-15,0.0020,1.71,yes
2026-10-05T00:13:54.091181Z,KXBTC15M-26OCT042015-15,0.0020,1.00,yes
2026-10-05T00:13:54.24031Z,KXBTC15M-26OCT042015-15,0.0010,0.80,no
2026-10-05T00:13:54.240927Z,KXBTC15M-26OCT042015-15,0.0010,1069.91,no
2026-10-05T00:13:54.241133Z,KXBTC15M-26OCT042015-15,0.0010,18.28,no
2026-10-05T00:13:54.261926Z,KXBTC15M-26OCT042015-15,0.0010,147.47,no
2026-10-05T00:13:54.261926Z,KXBTC15M-26OCT042015-15,0.0010,1.20,no
2026-10-05T00:13:54.261926Z,KXBTC15M-26OCT042015-15,0.0010,38.03,no
2026-10-05T00:13:54.261926Z,KXBTC15M-26OCT042015-15,0.0010,500.00,no
2026-10-05T00:13:54.261926Z,KXBTC15M-26OCT042015-15,0.0010,500.00,no
2026-10-05T00:13:54.261926Z,KXBTC15M-26OCT042015-15,0.0010,10.00,no
2026-10-05T00:13:54.261926Z,KXBTC15M-26OCT042015-15,0.0010,10.00,no
2026-10-05T00:13:54.261926Z,KXBTC15M-26OCT042015-15,0.0010,458.01,no
2026-10-05T00:13:54.261926Z,KXBTC15M-26OCT042015-15,0.0010,10.00,no
2026-10-05T00:13:54.261926Z,KXBTC15M-26OCT042015-15,0.0010,1.93,no
2026-10-05T00:13:54.261926Z,KXBTC15M-26OCT042015-15,0.0010,1.97,no
2026-10-05T00:13:54.261926Z,KXBTC15M-26OCT042015-15,0.0010,90.24,no
2026-10-05T00:13:54.261926Z,KXBTC15M-26OCT042015-15,0.0010,641.24,no
2026-10-05T00:13:54.261926Z,KXBTC15M-26OCT042015-15,0.0010,116.42,no
2026-10-05T00:13:54.261926Z,KXBTC15M-26OCT042015-15,0.0010,0.01,no
2026-10-05T00:13:54.261926Z,KXBTC15M-26OCT042015-15,0.0010,400.00,no
2026-10-05T00:13:54.261926Z,KXBTC15M-26OCT042015-15,0.0010,91.62,no
2026-10-05T00:13:54.261926Z,KXBTC15M-26OCT042015-15,0.0010,2.71,no
2026-10-05T00:13:54.261926Z,KXBTC15M-26OCT042015-15,0.0010,1.00,no
2026-10-05T00:13:54.261926Z,KXBTC15M-26OCT042015-15,0.0010,0.01,no
2026-10-05T00:13:54.261926Z,KXBTC15M-26OCT042015-15,0.0010,20.44,no
2026-10-05T00:13:54.300867Z,KXBTC15M-26OCT042015-15,0.0010,467.36,yes
2026-10-05T00:13:54.340107Z,KXBTC15M-26OCT042015-15,0.0010,23.39,yes
2026-10-05T00:13:54.495464Z,KXBTC15M-26OCT042015-15,0.0010,459.90,yes
2026-10-05T00:13:54.511377Z,KXBTC15M-26OCT042015-15,0.0020,0.09,yes
2026-10-05T00:13:54.511377Z,KXBTC15M-26OCT042015-15,0.0020,20.44,yes
2026-10-05T00:13:54.511377Z,KXBTC15M-26OCT042015-15,0.0020,717.10,yes
2026-10-05T00:13:54.511377Z,KXBTC15M-26OCT042015-15,0.0010,630.05,yes
2026-10-05T00:13:54.511377Z,KXBTC15M-26OCT042015-15,0.0020,1500.00,yes
2026-10-05T00:13:54.511377Z,KXBTC15M-26OCT042015-15,0.0020,43.07,yes
2026-10-05T00:13:54.511377Z,KXBTC15M-26OCT042015-15,0.0020,0.01,yes
2026-10-05T00:13:54.511377Z,KXBTC15M-26OCT042015-15,0.0020,0.01,yes
2026-10-05T00:13:54.511377Z,KXBTC15M-26OCT042015-15,0.0020,11.00,yes
2026-10-05T00:13:54.511377Z,KXBTC15M-26OCT042015-15,0.0020,373.65,yes
2026-10-05T00:13:54.621173Z,KXBTC15M-26OCT042015-15,0.0010,259.00,no
2026-10-05T00:13:54.623479Z,KXBTC15M-26OCT042015-15,0.0020,458.01,yes
2026-10-05T00:13:54.74325Z,KXBTC15M-26OCT042015-15,0.0020,5.35,yes
2026-10-05T00:13:54.828931Z,KXBTC15M-26OCT042015-15,0.0020,156.51,yes
2026-10-05T00:13:54.887616Z,KXBTC15M-26OCT042015-15,0.0020,3.42,yes
2026-10-05T00:13:54.934717Z,KXBTC15M-26OCT042015-15,0.0020,10.00,yes
2026-10-05T00:13:54.934717Z,KXBTC15M-26OCT042015-15,0.0020,10.00,yes
2026-10-05T00:13:54.934717Z,KXBTC15M-26OCT042015-15,0.0020,0.01,yes
2026-10-05T00:13:54.934717Z,KXBTC15M-26OCT042015-15,0.0020,10.00,yes
2026-10-05T00:13:54.934717Z,KXBTC15M-26OCT042015-15,0.0020,66.69,yes
2026-10-05T00:13:54.934717Z,KXBTC15M-26OCT042015-15,0.0020,0.01,yes
2026-10-05T00:13:54.934717Z,KXBTC15M-26OCT042015-15,0.0020,211.45,yes
2026-10-05T00:13:55.089367Z,KXBTC15M-26OCT042015-15,0.0020,45.80,yes
2026-10-05T00:13:55.108355Z,KXBTC15M-26OCT042015-15,0.0020,13.44,yes
2026-10-05T00:13:55.150106Z,KXBTC15M-26OCT042015-15,0.0010,100.09,no
2026-10-05T00:13:55.174568Z,KXBTC15M-26OCT042015-15,0.0020,10.00,yes
2026-10-05T00:13:55.174568Z,KXBTC15M-26OCT042015-15,0.0020,10.00,yes
2026-10-05T00:13:55.174568Z,KXBTC15M-26OCT042015-15,0.0020,102.92,yes
2026-10-05T00:13:55.174568Z,KXBTC15M-26OCT042015-15,0.0020,10.00,yes
2026-10-05T00:13:55.174568Z,KXBTC15M-26OCT042015-15,0.0020,0.01,yes
2026-10-05T00:13:55.174568Z,KXBTC15M-26OCT042015-15,0.0020,67.00,yes
2026-10-05T00:13:55.174568Z,KXBTC15M-26OCT042015-15,0.0020,0.01,yes
2026-10-05T00:13:55.174568Z,KXBTC15M-26OCT042015-15,0.0020,258.07,yes
2026-10-05T00:13:55.239174Z,KXBTC15M-26OCT042015-15,0.0020,458.01,yes
2026-10-05T00:13:55.282126Z,KXBTC15M-26OCT042015-15,0.0020,35.63,yes
2026-10-05T00:13:55.303053Z,KXBTC15M-26OCT042015-15,0.0020,8.00,yes
2026-10-05T00:13:55.337947Z,KXBTC15M-26OCT042015-15,0.0010,980.91,no
2026-10-05T00:13:55.343893Z,KXBTC15M-26OCT042015-15,0.0020,8.00,yes
2026-10-05T00:13:55.361138Z,KXBTC15M-26OCT042015-15,0.0020,12.04,yes
2026-10-05T00:13:55.372175Z,KXBTC15M-26OCT042015-15,0.0020,10.00,yes
2026-10-05T00:13:55.372175Z,KXBTC15M-26OCT042015-15,0.0020,0.01,yes
2026-10-05T00:13:55.372175Z,KXBTC15M-26OCT042015-15,0.0020,10.00,yes
2026-10-05T00:13:55.372175Z,KXBTC15M-26OCT042015-15,0.0020,10.00,yes
2026-10-05T00:13:55.372175Z,KXBTC15M-26OCT042015-15,0.0020,80.59,yes
2026-10-05T00:13:55.372175Z,KXBTC15M-26OCT042015-15,0.0020,89.40,yes
2026-10-05T00:13:55.37779Z,KXBTC15M-26OCT042015-15,0.0020,9.00,yes
2026-10-05T00:13:55.456053Z,KXBTC15M-26OCT042015-15,0.0030,273.25,yes
2026-10-05T00:13:55.456053Z,KXBTC15M-26OCT042015-15,0.0020,1410.41,yes
2026-10-05T00:13:55.474429Z,KXBTC15M-26OCT042015-15,0.0030,50.00,yes
2026-10-05T00:13:55.511783Z,KXBTC15M-26OCT042015-15,0.0030,7.00,yes
2026-10-05T00:13:55.596465Z,KXBTC15M-26OCT042015-15,0.0030,171.00,yes
2026-10-05T00:13:55.658754Z,KXBTC15M-26OCT042015-15,0.0030,11.64,yes
2026-10-05T00:13:55.663284Z,KXBTC15M-26OCT042015-15,0.0030,6.16,yes
2026-10-05T00:13:55.691557Z,KXBTC15M-26OCT042015-15,0.0030,4.32,yes
2026-10-05T00:13:55.706Z,KXBTC15M-26OCT042015-15,0.0020,47.04,no
2026-10-05T00:13:55.745302Z,KXBTC15M-26OCT042015-15,0.0030,1000.00,yes
2026-10-05T00:13:55.745302Z,KXBTC15M-26OCT042015-15,0.0030,52.27,yes
2026-10-05T00:13:55.745302Z,KXBTC15M-26OCT042015-15,0.0030,476.63,yes
2026-10-05T00:13:55.762057Z,KXBTC15M-26OCT042015-15,0.0020,240.00,no
2026-10-05T00:13:55.768326Z,KXBTC15M-26OCT042015-15,0.0030,522.93,yes
2026-10-05T00:13:55.820545Z,KXBTC15M-26OCT042015-15,0.0030,106.21,yes
2026-10-05T00:13:56.056937Z,KXBTC15M-26OCT042015-15,0.0020,11.02,no
2026-10-05T00:13:56.075422Z,KXBTC15M-26OCT042015-15,0.0030,4.50,yes
2026-10-05T00:13:56.091051Z,KXBTC15M-26OCT042015-15,0.0020,2.00,no
2026-10-05T00:13:56.144055Z,KXBTC15M-26OCT042015-15,0.0030,30.53,yes
2026-10-05T00:13:56.246427Z,KXBTC15M-26OCT042015-15,0.0030,61.23,yes
2026-10-05T00:13:56.285635Z,KXBTC15M-26OCT042015-15,0.0030,143.33,yes
2026-10-05T00:13:56.300298Z,KXBTC15M-26OCT042015-15,0.0020,80.90,no
2026-10-05T00:13:56.510923Z,KXBTC15M-26OCT042015-15,0.0020,10.01,no
2026-10-05T00:13:56.528725Z,KXBTC15M-26OCT042015-15,0.0040,14.25,yes
2026-10-05T00:13:56.528725Z,KXBTC15M-26OCT042015-15,0.0030,79.00,yes
2026-10-05T00:13:56.528725Z,KXBTC15M-26OCT042015-15,0.0030,73.00,yes
2026-10-05T00:13:56.528725Z,KXBTC15M-26OCT042015-15,0.0030,15.00,yes
2026-10-05T00:13:56.528725Z,KXBTC15M-26OCT042015-15,0.0030,1.00,yes
2026-10-05T00:13:56.528725Z,KXBTC15M-26OCT042015-15,0.0030,0.10,yes
2026-10-05T00:13:56.528725Z,KXBTC15M-26OCT042015-15,0.0030,3.00,yes
2026-10-05T00:13:56.528725Z,KXBTC15M-26OCT042015-15,0.0030,120.00,yes
2026-10-05T00:13:56.544468Z,KXBTC15M-26OCT042015-15,0.0020,2.00,no
2026-10-05T00:13:56.604627Z,KXBTC15M-26OCT042015-15,0.0030,5.00,yes
2026-10-05T00:13:56.650732Z,KXBTC15M-26OCT042015-15,0.0030,5.00,yes
2026-10-05T00:13:56.683626Z,KXBTC15M-26OCT042015-15,0.0030,10.53,yes
2026-10-05T00:13:56.683626Z,KXBTC15M-26OCT042015-15,0.0030,5.00,yes
2026-10-05T00:13:56.683626Z,KXBTC15M-26OCT042015-15,0.0030,15.00,yes
2026-10-05T00:13:56.68896Z,KXBTC15M-26OCT042015-15,0.0030,5.00,yes
2026-10-05T00:13:56.732512Z,KXBTC15M-26OCT042015-15,0.0030,5.00,yes
2026-10-05T00:13:56.771668Z,KXBTC15M-26OCT042015-15,0.0030,5.53,yes
2026-10-05T00:13:56.771668Z,KXBTC15M-26OCT042015-15,0.0030,24.47,yes
2026-10-05T00:13:56.932131Z,KXBTC15M-26OCT042015-15,0.0030,5.53,yes
2026-10-05T00:13:56.932131Z,KXBTC15M-26OCT042015-15,0.0030,9.47,yes
2026-10-05T00:13:56.946542Z,KXBTC15M-26OCT042015-15,0.0030,61.08,yes
2026-10-05T00:13:56.952707Z,KXBTC15M-26OCT042015-15,0.0030,155.79,yes
2026-10-05T00:13:56.966866Z,KXBTC15M-26OCT042015-15,0.0040,1.00,yes
2026-10-05T00:13:56.966866Z,KXBTC15M-26OCT042015-15,0.0040,0.11,yes
2026-10-05T00:13:56.966866Z,KXBTC15M-26OCT042015-15,0.0040,5.00,yes
2026-10-05T00:13:56.966866Z,KXBTC15M-26OCT042015-15,0.0040,56.47,yes
2026-10-05T00:13:56.966866Z,KXBTC15M-26OCT042015-15,0.0030,15.00,yes
2026-10-05T00:13:56.966866Z,KXBTC15M-26OCT042015-15,0.0040,23.00,yes
2026-10-05T00:13:56.966866Z,KXBTC15M-26OCT042015-15,0.0040,102.50,yes
2026-10-05T00:13:56.967618Z,KXBTC15M-26OCT042015-15,0.0020,11.02,no
2026-10-05T00:13:56.967893Z,KXBTC15M-26OCT042015-15,0.0040,1.16,yes
2026-10-05T00:13:56.995954Z,KXBTC15M-26OCT042015-15,0.0020,188.35,no
2026-10-05T00:13:57.090372Z,KXBTC15M-26OCT042015-15,0.0040,132.01,yes
2026-10-05T00:13:57.090372Z,KXBTC15M-26OCT042015-15,0.0040,44.00,yes
2026-10-05T00:13:57.090372Z,KXBTC15M-26OCT042015-15,0.0040,23.00,yes
2026-10-05T00:13:57.094007Z,KXBTC15M-26OCT042015-15,0.0040,23.00,yes
2026-10-05T00:13:57.16555Z,KXBTC15M-26OCT042015-15,0.0020,0.01,no
2026-10-05T00:13:57.16555Z,KXBTC15M-26OCT042015-15,0.0020,907.66,no
2026-10-05T00:13:57.16555Z,KXBTC15M-26OCT042015-15,0.0020,0.01,no
2026-10-05T00:13:57.16555Z,KXBTC15M-26OCT042015-15,0.0020,15.00,no
2026-10-05T00:13:57.16555Z,KXBTC15M-26OCT042015-15,0.0020,15.00,no
2026-10-05T00:13:57.16555Z,KXBTC15M-26OCT042015-15,0.0020,15.00,no
2026-10-05T00:13:57.16555Z,KXBTC15M-26OCT042015-15,0.0020,15.00,no
2026-10-05T00:13:57.16555Z,KXBTC15M-26OCT042015-15,0.0020,14.25,no
2026-10-05T00:13:57.16555Z,KXBTC15M-26OCT042015-15,0.0020,15.00,no
2026-10-05T00:13:57.16555Z,KXBTC15M-26OCT042015-15,0.0020,200.00,no
2026-10-05T00:13:57.16555Z,KXBTC15M-26OCT042015-15,0.0010,10.00,no
2026-10-05T00:13:57.16555Z,KXBTC15M-26OCT042015-15,0.0010,10.00,no
2026-10-05T00:13:57.16555Z,KXBTC15M-26OCT042015-15,0.0010,10.00,no
2026-10-05T00:13:57.16555Z,KXBTC15M-26OCT042015-15,0.0010,67.81,no
2026-10-05T00:13:57.16555Z,KXBTC15M-26OCT042015-15,0.0010,40.00,no
2026-10-05T00:13:57.16555Z,KXBTC15M-26OCT042015-15,0.0010,1165.26,no
2026-10-05T00:13:57.197032Z,KXBTC15M-26OCT042015-15,0.0020,11.09,yes
2026-10-05T00:13:57.232976Z,KXBTC15M-26OCT042015-15,0.0020,0.01,yes
2026-10-05T00:13:57.242289Z,KXBTC15M-26OCT042015-15,0.0020,28.00,yes
2026-10-05T00:13:57.25884Z,KXBTC15M-26OCT042015-15,0.0020,150.00,yes
2026-10-05T00:13:57.285824Z,KXBTC15M-26OCT042015-15,0.0020,8.00,yes
2026-10-05T00:13:57.286412Z,KXBTC15M-26OCT042015-15,0.0020,3.00,yes
2026-10-05T00:13:57.319092Z,KXBTC15M-26OCT042015-15,0.0010,6.62,no
2026-10-05T00:13:57.359416Z,KXBTC15M-26OCT042015-15,0.0020,23.49,yes
2026-10-05T00:13:57.376575Z,KXBTC15M-26OCT042015-15,0.0020,394.13,yes
2026-10-05T00:13:57.380048Z,KXBTC15M-26OCT042015-15,0.0020,50.00,yes
2026-10-05T00:13:57.414624Z,KXBTC15M-26OCT042015-15,0.0020,90.10,yes
2026-10-05T00:13:57.42031Z,KXBTC15M-26OCT042015-15,0.0030,30.00,yes
2026-10-05T00:13:57.42031Z,KXBTC15M-26OCT042015-15,0.0030,88.36,yes
2026-10-05T00:13:57.42031Z,KXBTC15M-26OCT042015-15,0.0020,0.01,yes
2026-10-05T00:13:57.42031Z,KXBTC15M-26OCT042015-15,0.0020,0.01,yes
2026-10-05T00:13:57.42031Z,KXBTC15M-26OCT042015-15,0.0020,6.62,yes
2026-10-05T00:13:57.42031Z,KXBTC15M-26OCT042015-15,0.0020,15.00,yes
2026-10-05T00:13:57.42031Z,KXBTC15M-26OCT042015-15,0.0020,10.00,yes
2026-10-05T00:13:57.44194Z,KXBTC15M-26OCT042015-15,0.0010,204.56,no
2026-10-05T00:13:57.44194Z,KXBTC15M-26OCT042015-15,0.0010,156.51,no
2026-10-05T00:13:57.44194Z,KXBTC15M-26OCT042015-15,0.0010,383.58,no
2026-10-05T00:13:57.44194Z,KXBTC15M-26OCT042015-15,0.0010,5.35,no
2026-10-05T00:13:57.462703Z,KXBTC15M-26OCT042015-15,0.0020,70.07,yes
2026-10-05T00:13:57.462703Z,KXBTC15M-26OCT042015-15,0.0020,15.00,yes
2026-10-05T00:13:57.462703Z,KXBTC15M-26OCT042015-15,0.0020,5.35,yes
2026-10-05T00:13:57.462703Z,KXBTC15M-26OCT042015-15,0.0020,383.58,yes
2026-10-05T00:13:57.498093Z,KXBTC15M-26OCT042015-15,0.0040,1082.42,yes
2026-10-05T00:13:57.498093Z,KXBTC15M-26OCT042015-15,0.0040,500.00,yes
2026-10-05T00:13:57.498093Z,KXBTC15M-26OCT042015-15,0.0030,30.00,yes
2026-10-05T00:13:57.498093Z,KXBTC15M-26OCT042015-15,0.0030,0.01,yes
2026-10-05T00:13:57.498093Z,KXBTC15M-26OCT042015-15,0.0020,204.56,yes
2026-10-05T00:13:57.498093Z,KXBTC15M-26OCT042015-15,0.0020,86.44,yes
2026-10-05T00:13:57.498093Z,KXBTC15M-26OCT042015-15,0.0020,15.00,yes
2026-10-05T00:13:57.498093Z,KXBTC15M-26OCT042015-15,0.0030,0.01,yes
2026-10-05T00:13:57.505849Z,KXBTC15M-26OCT042015-15,0.0010,2.65,no
2026-10-05T00:13:57.539633Z,KXBTC15M-26OCT042015-15,0.0040,415.24,yes
2026-10-05T00:13:57.539633Z,KXBTC15M-26OCT042015-15,0.0030,400.00,yes
2026-10-05T00:13:57.539633Z,KXBTC15M-26OCT042015-15,0.0040,67.81,yes
2026-10-05T00:13:57.539633Z,KXBTC15M-26OCT042015-15,0.0040,82.84,yes
2026-10-05T00:13:57.539633Z,KXBTC15M-26OCT042015-15,0.0030,2.65,yes
2026-10-05T00:13:57.539633Z,KXBTC15M-26OCT042015-15,0.0030,15.00,yes
2026-10-05T00:13:57.547791Z,KXBTC15M-26OCT042015-15,0.0020,500.00,no
2026-10-05T00:13:57.609875Z,KXBTC15M-26OCT042015-15,0.0040,13.80,yes
2026-10-05T00:13:57.627832Z,KXBTC15M-26OCT042015-15,0.0040,21.64,yes
2026-10-05T00:13:57.673033Z,KXBTC15M-26OCT042015-15,0.0040,98.84,yes
2026-10-05T00:13:57.709882Z,KXBTC15M-26OCT042015-15,0.0020,9.02,no
2026-10-05T00:13:57.755375Z,KXBTC15M-26OCT042015-15,0.0040,186.97,yes
2026-10-05T00:13:57.770466Z,KXBTC15M-26OCT042015-15,0.0040,4.00,yes
2026-10-05T00:13:57.771065Z,KXBTC15M-26OCT042015-15,0.0040,11.00,yes
2026-10-05T00:13:57.784449Z,KXBTC15M-26OCT042015-15,0.0040,225.36,yes
2026-10-05T00:13:57.810797Z,KXBTC15M-26OCT042015-15,0.0040,5.00,yes
2026-10-05T00:13:57.936522Z,KXBTC15M-26OCT042015-15,0.0040,225.36,yes
2026-10-05T00:13:57.952067Z,KXBTC15M-26OCT042015-15,0.0040,5.00,yes
2026-10-05T00:13:58.089352Z,KXBTC15M-26OCT042015-15,0.0050,250.00,yes
2026-10-05T00:13:58.160017Z,KXBTC15M-26OCT042015-15,0.0050,97.05,yes
2026-10-05T00:13:58.266637Z,KXBTC15M-26OCT042015-15,0.0020,13.72,no
2026-10-05T00:13:58.285765Z,KXBTC15M-26OCT042015-15,0.0050,150.00,yes
2026-10-05T00:13:58.330389Z,KXBTC15M-26OCT042015-15,0.0050,151.38,yes
2026-10-05T00:13:58.336109Z,KXBTC15M-26OCT042015-15,0.0020,7.67,no
2026-10-05T00:13:58.405542Z,KXBTC15M-26OCT042015-15,0.0020,156.40,no
2026-10-05T00:13:58.515298Z,KXBTC15M-26OCT042015-15,0.0020,200.00,no
2026-10-05T00:13:58.515298Z,KXBTC15M-26OCT042015-15,0.0020,0.01,no
2026-10-05T00:13:58.515298Z,KXBTC15M-26OCT042015-15,0.0020,0.01,no
2026-10-05T00:13:58.515298Z,KXBTC15M-26OCT042015-15,0.0020,15.00,no
2026-10-05T00:13:58.515298Z,KXBTC15M-26OCT042015-15,0.0020,227.43,no
2026-10-05T00:13:58.515298Z,KXBTC15M-26OCT042015-15,0.0020,258.85,no
2026-10-05T00:13:58.524952Z,KXBTC15M-26OCT042015-15,0.0050,37.39,yes
2026-10-05T00:13:58.601168Z,KXBTC15M-26OCT042015-15,0.0050,64.18,yes
2026-10-05T00:13:58.601168Z,KXBTC15M-26OCT042015-15,0.0050,54.82,yes
2026-10-05T00:13:58.647943Z,KXBTC15M-26OCT042015-15,0.0050,373.95,yes
2026-10-05T00:13:58.77215Z,KXBTC15M-26OCT042015-15,0.0050,250.00,yes
2026-10-05T00:13:58.810977Z,KXBTC15M-26OCT042015-15,0.0050,186.97,yes
2026-10-05T00:13:58.844621Z,KXBTC15M-26OCT042015-15,0.0030,94.10,no
2026-10-05T00:13:58.848588Z,KXBTC15M-26OCT042015-15,0.0050,122.21,yes
2026-10-05T00:13:58.863233Z,KXBTC15M-26OCT042015-15,0.0030,10.00,no
2026-10-05T00:13:58.867904Z,KXBTC15M-26OCT042015-15,0.0050,91.62,yes
2026-10-05T00:13:58.874969Z,KXBTC15M-26OCT042015-15,0.0030,21.62,no
2026-10-05T00:13:58.874969Z,KXBTC15M-26OCT042015-15,0.0030,0.01,no
2026-10-05T00:13:58.874969Z,KXBTC15M-26OCT042015-15,0.0030,0.01,no
2026-10-05T00:13:58.874969Z,KXBTC15M-26OCT042015-15,0.0030,20.26,no
2026-10-05T00:13:58.878266Z,KXBTC15M-26OCT042015-15,0.0030,73.26,no
2026-10-05T00:13:58.902748Z,KXBTC15M-26OCT042015-15,0.0040,0.01,no
2026-10-05T00:13:58.902748Z,KXBTC15M-26OCT042015-15,0.0040,164.99,no
2026-10-05T00:13:58.919867Z,KXBTC15M-26OCT042015-15,0.0040,0.01,no
2026-10-05T00:13:58.919867Z,KXBTC15M-26OCT042015-15,0.0040,35.01,no
2026-10-05T00:13:58.932243Z,KXBTC15M-26OCT042015-15,0.0050,185.43,yes
2026-10-05T00:13:58.932243Z,KXBTC15M-26OCT042015-15,0.0050,1.00,yes
2026-10-05T00:13:58.932243Z,KXBTC15M-26OCT042015-15,0.0050,0.12,yes
2026-10-05T00:13:58.932243Z,KXBTC15M-26OCT042015-15,0.0050,48.45,yes
2026-10-05T00:13:58.932243Z,KXBTC15M-26OCT042015-15,0.0050,15.00,yes
2026-10-05T00:13:58.935616Z,KXBTC15M-26OCT042015-15,0.0040,165.00,no
2026-10-05T00:13:58.999612Z,KXBTC15M-26OCT042015-15,0.0040,0.01,no
2026-10-05T00:13:58.999612Z,KXBTC15M-26OCT042015-15,0.0040,20.00,no
2026-10-05T00:13:58.999612Z,KXBTC15M-26OCT042015-15,0.0040,113.69,no
2026-10-05T00:13:58.999612Z,KXBTC15M-26OCT042015-15,0.0040,0.01,no
2026-10-05T00:13:58.999612Z,KXBTC15M-26OCT042015-15,0.0040,66.29,no
2026-10-05T00:13:59.039698Z,KXBTC15M-26OCT042015-15,0.0040,20.00,no
2026-10-05T00:13:59.039698Z,KXBTC15M-26OCT042015-15,0.0040,165.32,no
2026-10-05T00:13:59.039698Z,KXBTC15M-26OCT042015-15,0.0040,0.01,no
2026-10-05T00:13:59.039698Z,KXBTC15M-26OCT042015-15,0.0040,0.01,no
2026-10-05T00:13:59.101064Z,KXBTC15M-26OCT042015-15,0.0050,33.00,yes
2026-10-05T00:13:59.101064Z,KXBTC15M-26OCT042015-15,0.0050,43.12,yes
2026-10-05T00:13:59.101064Z,KXBTC15M-26OCT042015-15,0.0050,15.00,yes
2026-10-05T00:13:59.101064Z,KXBTC15M-26OCT042015-15,0.0050,0.01,yes
2026-10-05T00:13:59.101064Z,KXBTC15M-26OCT042015-15,0.0050,0.01,yes
2026-10-05T00:13:59.10791Z,KXBTC15M-26OCT042015-15,0.0050,23.01,yes
2026-10-05T00:13:59.110745Z,KXBTC15M-26OCT042015-15,0.0050,186.97,yes
2026-10-05T00:13:59.206654Z,KXBTC15M-26OCT042015-15,0.0040,0.01,no
2026-10-05T00:13:59.206654Z,KXBTC15M-26OCT042015-15,0.0040,15.00,no
2026-10-05T00:13:59.206654Z,KXBTC15M-26OCT042015-15,0.0040,34.98,no
2026-10-05T00:13:59.206654Z,KXBTC15M-26OCT042015-15,0.0040,0.01,no
2026-10-05T00:13:59.252153Z,KXBTC15M-26OCT042015-15,0.0040,40.00,no
2026-10-05T00:13:59.260679Z,KXBTC15M-26OCT042015-15,0.0040,325.02,no
2026-10-05T00:13:59.260679Z,KXBTC15M-26OCT042015-15,0.0040,193.94,no
2026-10-05T00:13:59.278813Z,KXBTC15M-26OCT042015-15,0.0040,0.01,no
2026-10-05T00:13:59.278813Z,KXBTC15M-26OCT042015-15,0.0040,0.01,no
2026-10-05T00:13:59.278813Z,KXBTC15M-26OCT042015-15,0.0040,199.98,no
2026-10-05T00:13:59.301612Z,KXBTC15M-26OCT042015-15,0.0040,0.01,no
2026-10-05T00:13:59.301612Z,KXBTC15M-26OCT042015-15,0.0040,0.01,no
2026-10-05T00:13:59.398397Z,KXBTC15M-26OCT042015-15,0.0050,186.97,yes
2026-10-05T00:13:59.40571Z,KXBTC15M-26OCT042015-15,0.0050,0.01,yes
2026-10-05T00:13:59.40571Z,KXBTC15M-26OCT042015-15,0.0050,0.01,yes
2026-10-05T00:13:59.40571Z,KXBTC15M-26OCT042015-15,0.0050,15.00,yes
2026-10-05T00:13:59.40571Z,KXBTC15M-26OCT042015-15,0.0050,59.93,yes
2026-10-05T00:13:59.40571Z,KXBTC15M-26OCT042015-15,0.0050,500.00,yes
2026-10-05T00:13:59.40571Z,KXBTC15M-26OCT042015-15,0.0050,119.85,yes
2026-10-05T00:13:59.410079Z,KXBTC15M-26OCT042015-15,0.0050,171.17,yes
2026-10-05T00:13:59.410079Z,KXBTC15M-26OCT042015-15,0.0060,12.06,yes
2026-10-05T00:13:59.535612Z,KXBTC15M-26OCT042015-15,0.0040,0.01,no
2026-10-05T00:13:59.535612Z,KXBTC15M-26OCT042015-15,0.0040,199.98,no
2026-10-05T00:13:59.535612Z,KXBTC15M-26OCT042015-15,0.0040,0.01,no
2026-10-05T00:13:59.55017Z,KXBTC15M-26OCT042015-15,0.0040,200.00,no
2026-10-05T00:13:59.563901Z,KXBTC15M-26OCT042015-15,0.0040,23.98,no
2026-10-05T00:13:59.563901Z,KXBTC15M-26OCT042015-15,0.0040,0.02,no
2026-10-05T00:13:59.637279Z,KXBTC15M-26OCT042015-15,0.0040,84.20,no
2026-10-05T00:13:59.637279Z,KXBTC15M-26OCT042015-15,0.0040,100.80,no
2026-10-05T00:13:59.637279Z,KXBTC15M-26OCT042015-15,0.0040,15.00,no
2026-10-05T00:13:59.648058Z,KXBTC15M-26OCT042015-15,0.0040,1.00,no
2026-10-05T00:13:59.712784Z,KXBTC15M-26OCT042015-15,0.0040,114.80,no
2026-10-05T00:13:59.712784Z,KXBTC15M-26OCT042015-15,0.0040,85.20,no
2026-10-05T00:13:59.747558Z,KXBTC15M-26OCT042015-15,0.0070,15.00,yes
2026-10-05T00:13:59.747558Z,KXBTC15M-26OCT042015-15,0.0050,0.01,yes
2026-10-05T00:13:59.747558Z,KXBTC15M-26OCT042015-15,0.0060,54.00,yes
2026-10-05T00:13:59.747558Z,KXBTC15M-26OCT042015-15,0.0050,15.00,yes
2026-10-05T00:13:59.747558Z,KXBTC15M-26OCT042015-15,0.0050,0.01,yes
2026-10-05T00:13:59.747558Z,KXBTC15M-26OCT042015-15,0.0080,32.63,yes
2026-10-05T00:13:59.747558Z,KXBTC15M-26OCT042015-15,0.0080,0.15,yes
2026-10-05T00:13:59.747558Z,KXBTC15M-26OCT042015-15,0.0070,0.14,yes
2026-10-05T00:13:59.747558Z,KXBTC15M-26OCT042015-15,0.0060,0.13,yes
2026-10-05T00:13:59.747558Z,KXBTC15M-26OCT042015-15,0.0060,5.00,yes
2026-10-05T00:13:59.747558Z,KXBTC15M-26OCT042015-15,0.0070,2.00,yes
2026-10-05T00:13:59.747558Z,KXBTC15M-26OCT042015-15,0.0070,2.00,yes
2026-10-05T00:13:59.747558Z,KXBTC15M-26OCT042015-15,0.0070,87.79,yes
2026-10-05T00:13:59.747558Z,KXBTC15M-26OCT042015-15,0.0070,1.00,yes
2026-10-05T00:13:59.747558Z,KXBTC15M-26OCT042015-15,0.0080,1.00,yes
2026-10-05T00:13:59.747558Z,KXBTC15M-26OCT042015-15,0.0060,1.00,yes
2026-10-05T00:13:59.747558Z,KXBTC15M-26OCT042015-15,0.0080,15.00,yes
2026-10-05T00:13:59.747558Z,KXBTC15M-26OCT042015-15,0.0080,10.00,yes
2026-10-05T00:13:59.747558Z,KXBTC15M-26OCT042015-15,0.0080,1.00,yes
2026-10-05T00:13:59.747558Z,KXBTC15M-26OCT042015-15,0.0080,2.00,yes
2026-10-05T00:13:59.747558Z,KXBTC15M-26OCT042015-15,0.0080,2.00,yes
2026-10-05T00:13:59.747558Z,KXBTC15M-26OCT042015-15,0.0080,3.00,yes
2026-10-05T00:13:59.78045Z,KXBTC15M-26OCT042015-15,0.0040,12.98,no
2026-10-05T00:13:59.78045Z,KXBTC15M-26OCT042015-15,0.0040,0.01,no
2026-10-05T00:13:59.78045Z,KXBTC15M-26OCT042015-15,0.0040,0.01,no
2026-10-05T00:13:59.806763Z,KXBTC15M-26OCT042015-15,0.0050,7.47,yes
2026-10-05T00:13:59.868951Z,KXBTC15M-26OCT042015-15,0.0040,11.73,no
2026-10-05T00:13:59.924979Z,KXBTC15M-26OCT042015-15,0.0040,11.73,no
2026-10-05T00:13:59.924979Z,KXBTC15M-26OCT042015-15,0.0040,188.27,no
2026-10-05T00:13:59.939105Z,KXBTC15M-26OCT042015-15,0.0040,3.27,no
2026-10-05T00:13:59.939105Z,KXBTC15M-26OCT042015-15,0.0040,6.73,no
2026-10-05T00:13:59.939105Z,KXBTC15M-26OCT042015-15,0.0040,15.00,no
2026-10-05T00:13:59.941537Z,KXBTC15M-26OCT042015-15,0.0050,7.53,yes
2026-10-05T00:13:59.941537Z,KXBTC15M-26OCT042015-15,0.0050,0.01,yes
2026-10-05T00:13:59.941537Z,KXBTC15M-26OCT042015-15,0.0060,7.45,yes
2026-10-05T00:13:59.941537Z,KXBTC15M-26OCT042015-15,0.0050,0.01,yes
2026-10-05T00:13:59.965997Z,KXBTC15M-26OCT042015-15,0.0050,15.00,yes
2026-10-05T00:13:59.965997Z,KXBTC15M-26OCT042015-15,0.0050,0.01,yes
2026-10-05T00:13:59.965997Z,KXBTC15M-26OCT042015-15,0.0050,0.01,yes
2026-10-05T00:13:59.965997Z,KXBTC15M-26OCT042015-15,0.0060,0.01,yes
2026-10-05T00:13:59.965997Z,KXBTC15M-26OCT042015-15,0.0060,0.01,yes
2026-10-05T00:13:59.965997Z,KXBTC15M-26OCT042015-15,0.0060,34.55,yes
2026-10-05T00:13:59.965997Z,KXBTC15M-26OCT042015-15,0.0080,40.00,yes
2026-10-05T00:13:59.965997Z,KXBTC15M-26OCT042015-15,0.0080,467.37,yes
2026-10-05T00:13:59.965997Z,KXBTC15M-26OCT042015-15,0.0080,87.47,yes
2026-10-05T00:13:59.993139Z,KXBTC15M-26OCT042015-15,0.0050,15.00,yes
2026-10-05T00:13:59.993139Z,KXBTC15M-26OCT042015-15,0.0080,4.70,yes
2026-10-05T00:13:59.997463Z,KXBTC15M-26OCT042015-15,0.0040,12.98,no
2026-10-05T00:13:59.997463Z,KXBTC15M-26OCT042015-15,0.0040,0.01,no
2026-10-05T00:13:59.997463Z,KXBTC15M-26OCT042015-15,0.0040,0.01,no
2026-10-05T00:14:00.03709Z,KXBTC15M-26OCT042015-15,0.0040,1.00,no
2026-10-05T00:14:00.041282Z,KXBTC15M-26OCT042015-15,0.0070,1.14,yes
2026-10-05T00:14:00.041282Z,KXBTC15M-26OCT042015-15,0.0050,0.01,yes
2026-10-05T00:14:00.041282Z,KXBTC15M-26OCT042015-15,0.0050,0.01,yes
2026-10-05T00:14:00.071036Z,KXBTC15M-26OCT042015-15,0.0040,14.00,no
2026-10-05T00:14:00.071036Z,KXBTC15M-26OCT042015-15,0.0040,15.00,no
2026-10-05T00:14:00.071036Z,KXBTC15M-26OCT042015-15,0.0020,12.06,no
2026-10-05T00:14:00.071036Z,KXBTC15M-26OCT042015-15,0.0020,15.00,no
2026-10-05T00:14:00.071036Z,KXBTC15M-26OCT042015-15,0.0020,2605.92,no
2026-10-05T00:14:00.071036Z,KXBTC15M-26OCT042015-15,0.0040,20.00,no
2026-10-05T00:14:00.071036Z,KXBTC15M-26OCT042015-15,0.0040,0.01,no
2026-10-05T00:14:00.071036Z,KXBTC15M-26OCT042015-15,0.0040,0.01,no
2026-10-05T00:14:00.071036Z,KXBTC15M-26OCT042015-15,0.0030,200.00,no
2026-10-05T00:14:00.071036Z,KXBTC15M-26OCT042015-15,0.0030,15.00,no
2026-10-05T00:14:00.071036Z,KXBTC15M-26OCT042015-15,0.0030,103.00,no
2026-10-05T00:14:00.088298Z,KXBTC15M-26OCT042015-15,0.0050,0.01,yes
2026-10-05T00:14:00.088298Z,KXBTC15M-26OCT042015-15,0.0050,0.01,yes
2026-10-05T00:14:00.088298Z,KXBTC15M-26OCT042015-15,0.0070,1.98,yes
2026-10-05T00:14:00.088298Z,KXBTC15M-26OCT042015-15,0.0060,53.00,yes
2026-10-05T00:14:00.094099Z,KXBTC15M-26OCT042015-15,0.0030,4.96,no
2026-10-05T00:14:00.094099Z,KXBTC15M-26OCT042015-15,0.0030,0.01,no
2026-10-05T00:14:00.094099Z,KXBTC15M-26OCT042015-15,0.0040,0.01,no
2026-10-05T00:14:00.094099Z,KXBTC15M-26OCT042015-15,0.0030,0.01,no
2026-10-05T00:14:00.094099Z,KXBTC15M-26OCT042015-15,0.0040,0.01,no
2026-10-05T00:14:00.106145Z,KXBTC15M-26OCT042015-15,0.0060,0.01,yes
2026-10-05T00:14:00.106145Z,KXBTC15M-26OCT042015-15,0.0060,0.01,yes
2026-10-05T00:14:00.119196Z,KXBTC15M-26OCT042015-15,0.0020,976.98,no
2026-10-05T00:14:00.119196Z,KXBTC15M-26OCT042015-15,0.0030,0.01,no
2026-10-05T00:14:00.119196Z,KXBTC15M-26OCT042015-15,0.0030,4.96,no
2026-10-05T00:14:00.119196Z,KXBTC15M-26OCT042015-15,0.0030,0.01,no
2026-10-05T00:14:00.119196Z,KXBTC15M-26OCT042015-15,0.0030,20.04,no
2026-10-05T00:14:00.146233Z,KXBTC15M-26OCT042015-15,0.0060,0.01,yes
2026-10-05T00:14:00.146233Z,KXBTC15M-26OCT042015-15,0.0070,8.98,yes
2026-10-05T00:14:00.146233Z,KXBTC15M-26OCT042015-15,0.0060,0.01,yes
2026-10-05T00:14:00.211873Z,KXBTC15M-26OCT042015-15,0.0060,0.01,yes
2026-10-05T00:14:00.211873Z,KXBTC15M-26OCT042015-15,0.0060,20.00,yes
2026-10-05T00:14:00.211873Z,KXBTC15M-26OCT042015-15,0.0070,185.89,yes
2026-10-05T00:14:00.211873Z,KXBTC15M-26OCT042015-15,0.0060,0.01,yes
2026-10-05T00:14:00.211873Z,KXBTC15M-26OCT042015-15,0.0060,40.00,yes
2026-10-05T00:14:00.243646Z,KXBTC15M-26OCT042015-15,0.0050,121.39,yes
2026-10-05T00:14:00.255576Z,KXBTC15M-26OCT042015-15,0.0050,0.01,yes
2026-10-05T00:14:00.255576Z,KXBTC15M-26OCT042015-15,0.0060,0.01,yes
2026-10-05T00:14:00.255576Z,KXBTC15M-26OCT042015-15,0.0050,0.01,yes
2026-10-05T00:14:00.255576Z,KXBTC15M-26OCT042015-15,0.0060,7.65,yes
2026-10-05T00:14:00.257825Z,KXBTC15M-26OCT042015-15,0.0060,200.00,yes
2026-10-05T00:14:00.257825Z,KXBTC15M-26OCT042015-15,0.0060,0.01,yes
2026-10-05T00:14:00.257825Z,KXBTC15M-26OCT042015-15,0.0060,12.35,yes
2026-10-05T00:14:00.257825Z,KXBTC15M-26OCT042015-15,0.0070,53.70,yes
2026-10-05T00:14:00.2604Z,KXBTC15M-26OCT042015-15,0.0020,225.78,no
2026-10-05T00:14:00.2604Z,KXBTC15M-26OCT042015-15,0.0030,0.01,no
2026-10-05T00:14:00.2604Z,KXBTC15M-26OCT042015-15,0.0030,94.00,no
2026-10-05T00:14:00.2604Z,KXBTC15M-26OCT042015-15,0.0030,0.01,no
2026-10-05T00:14:00.2604Z,KXBTC15M-26OCT042015-15,0.0030,25.00,no
2026-10-05T00:14:00.262033Z,KXBTC15M-26OCT042015-15,0.0060,7.65,yes
2026-10-05T00:14:00.262033Z,KXBTC15M-26OCT042015-15,0.0070,113.74,yes
2026-10-05T00:14:00.288365Z,KXBTC15M-26OCT042015-15,0.0030,0.01,no
2026-10-05T00:14:00.288365Z,KXBTC15M-26OCT042015-15,0.0030,25.00,no
2026-10-05T00:14:00.288365Z,KXBTC15M-26OCT042015-15,0.0030,0.01,no
2026-10-05T00:14:00.297712Z,KXBTC15M-26OCT042015-15,0.0060,0.01,yes
2026-10-05T00:14:00.297712Z,KXBTC15M-26OCT042015-15,0.0070,1.77,yes
2026-10-05T00:14:00.297712Z,KXBTC15M-26OCT042015-15,0.0060,0.01,yes
2026-10-05T00:14:00.325275Z,KXBTC15M-26OCT042015-15,0.0060,0.01,yes
2026-10-05T00:14:00.325275Z,KXBTC15M-26OCT042015-15,0.0060,15.32,yes
2026-10-05T00:14:00.325275Z,KXBTC15M-26OCT042015-15,0.0060,0.01,yes
2026-10-05T00:14:00.326099Z,KXBTC15M-26OCT042015-15,0.0060,15.34,yes
2026-10-05T00:14:00.379315Z,KXBTC15M-26OCT042015-15,0.0060,49.00,yes
2026-10-05T00:14:00.379315Z,KXBTC15M-26OCT042015-15,0.0060,20.00,yes
2026-10-05T00:14:00.379315Z,KXBTC15M-26OCT042015-15,0.0060,3.00,yes
2026-10-05T00:14:00.379315Z,KXBTC15M-26OCT042015-15,0.0070,178.00,yes
2026-10-05T00:14:00.427553Z,KXBTC15M-26OCT042015-15,0.0030,25.00,no
2026-10-05T00:14:00.434964Z,KXBTC15M-26OCT042015-15,0.0020,1191.32,no
2026-10-05T00:14:00.434964Z,KXBTC15M-26OCT042015-15,0.0010,2.00,no
2026-10-05T00:14:00.434964Z,KXBTC15M-26OCT042015-15,0.0010,2.00,no
2026-10-05T00:14:00.434964Z,KXBTC15M-26OCT042015-15,0.0010,355.00,no
2026-10-05T00:14:00.434964Z,KXBTC15M-26OCT042015-15,0.0030,200.00,no
2026-10-05T00:14:00.434964Z,KXBTC15M-26OCT042015-15,0.0030,0.01,no
2026-10-05T00:14:00.434964Z,KXBTC15M-26OCT042015-15,0.0010,80.00,no
2026-10-05T00:14:00.434964Z,KXBTC15M-26OCT042015-15,0.0030,83.00,no
2026-10-05T00:14:00.434964Z,KXBTC15M-26OCT042015-15,0.0030,0.01,no
2026-10-05T00:14:00.434964Z,KXBTC15M-26OCT042015-15,0.0010,500.00,no
2026-10-05T00:14:00.434964Z,KXBTC15M-26OCT042015-15,0.0020,200.00,no
2026-10-05T00:14:00.434964Z,KXBTC15M-26OCT042015-15,0.0010,7.66,no
2026-10-05T00:14:00.434964Z,KXBTC15M-26OCT042015-15,0.0010,0.42,no
2026-10-05T00:14:00.434964Z,KXBTC15M-26OCT042015-15,0.0010,15.00,no
2026-10-05T00:14:00.434964Z,KXBTC15M-26OCT042015-15,0.0010,10.00,no
2026-10-05T00:14:00.434964Z,KXBTC15M-26OCT042015-15,0.0010,15.00,no
2026-10-05T00:14:00.434964Z,KXBTC15M-26OCT042015-15,0.0010,6.62,no
2026-10-05T00:14:00.434964Z,KXBTC15M-26OCT042015-15,0.0010,36.29,no
2026-10-05T00:14:00.434964Z,KXBTC15M-26OCT042015-15,0.0010,15.00,no
2026-10-05T00:14:00.434964Z,KXBTC15M-26OCT042015-15,0.0010,10.00,no
2026-10-05T00:14:00.434964Z,KXBTC15M-26OCT042015-15,0.0010,10.00,no
2026-10-05T00:14:00.434964Z,KXBTC15M-26OCT042015-15,0.0010,1212.21,no
2026-10-05T00:14:00.434964Z,KXBTC15M-26OCT042015-15,0.0010,854.23,no
2026-10-05T00:14:00.477763Z,KXBTC15M-26OCT042015-15,0.0040,10.00,yes
2026-10-05T00:14:00.490323Z,KXBTC15M-26OCT042015-15,0.0030,0.01,no
2026-10-05T00:14:00.490323Z,KXBTC15M-26OCT042015-15,0.0030,0.01,no
2026-10-05T00:14:00.490323Z,KXBTC15M-26OCT042015-15,0.0010,40.00,no
2026-10-05T00:14:00.490323Z,KXBTC15M-26OCT042015-15,0.0020,0.01,no
2026-10-05T00:14:00.520681Z,KXBTC15M-26OCT042015-15,0.0010,11.00,yes
2026-10-05T00:14:00.572279Z,KXBTC15M-26OCT042015-15,0.0010,1553.86,yes
2026-10-05T00:14:00.572279Z,KXBTC15M-26OCT042015-15,0.0010,2749.02,yes
2026-10-05T00:14:00.58238Z,KXBTC15M-26OCT042015-15,0.0030,4057.81,no
2026-10-05T00:14:00.592542Z,KXBTC15M-26OCT042015-15,0.0040,0.01,yes
2026-10-05T00:14:00.592542Z,KXBTC15M-26OCT042015-15,0.0040,9.98,yes
2026-10-05T00:14:00.592542Z,KXBTC15M-26OCT042015-15,0.0040,0.01,yes
2026-10-05T00:14:00.5926Z,KXBTC15M-26OCT042015-15,0.0030,410.41,no
2026-10-05T00:14:00.642506Z,KXBTC15M-26OCT042015-15,0.0040,12.00,yes
2026-10-05T00:14:00.642782Z,KXBTC15M-26OCT042015-15,0.0040,5.00,yes
2026-10-05T00:14:00.658695Z,KXBTC15M-26OCT042015-15,0.0040,136.21,yes
2026-10-05T00:14:00.704913Z,KXBTC15M-26OCT042015-15,0.0030,280.00,no
2026-10-05T00:14:00.735822Z,KXBTC15M-26OCT042015-15,0.0040,23.91,yes
2026-10-05T00:14:00.735822Z,KXBTC15M-26OCT042015-15,0.0040,10.00,yes
2026-10-05T00:14:00.826728Z,KXBTC15M-26OCT042015-15,0.0040,15.00,yes
2026-10-05T00:14:00.872611Z,KXBTC15M-26OCT042015-15,0.0080,100.00,yes
2026-10-05T00:14:00.872611Z,KXBTC15M-26OCT042015-15,0.0080,49.25,yes
2026-10-05T00:14:00.872611Z,KXBTC15M-26OCT042015-15,0.0050,41.00,yes
2026-10-05T00:14:00.872611Z,KXBTC15M-26OCT042015-15,0.0040,0.01,yes
2026-10-05T00:14:00.872611Z,KXBTC15M-26OCT042015-15,0.0040,0.01,yes
2026-10-05T00:14:00.872611Z,KXBTC15M-26OCT042015-15,0.0060,416.00,yes
2026-10-05T00:14:00.872611Z,KXBTC15M-26OCT042015-15,0.0060,7.66,yes
2026-10-05T00:14:00.872611Z,KXBTC15M-26OCT042015-15,0.0040,38.00,yes
2026-10-05T00:14:00.872611Z,KXBTC15M-26OCT042015-15,0.0060,6.62,yes
2026-10-05T00:14:00.872611Z,KXBTC15M-26OCT042015-15,0.0060,10.00,yes
2026-10-05T00:14:00.872611Z,KXBTC15M-26OCT042015-15,0.0060,20.00,yes
2026-10-05T00:14:00.872611Z,KXBTC15M-26OCT042015-15,0.0070,704.80,yes
2026-10-05T00:14:00.872611Z,KXBTC15M-26OCT042015-15,0.0040,421.09,yes
2026-10-05T00:14:00.872611Z,KXBTC15M-26OCT042015-15,0.0080,107.83,yes
2026-10-05T00:14:00.917426Z,KXBTC15M-26OCT042015-15,0.0050,0.01,yes
2026-10-05T00:14:00.917426Z,KXBTC15M-26OCT042015-15,0.0050,0.01,yes
2026-10-05T00:14:00.917426Z,KXBTC15M-26OCT042015-15,0.0070,130.88,yes
2026-10-05T00:14:00.954155Z,KXBTC15M-26OCT042015-15,0.0010,40.00,no
2026-10-05T00:14:00.954155Z,KXBTC15M-26OCT042015-15,0.0030,948.90,no
2026-10-05T00:14:00.954155Z,KXBTC15M-26OCT042015-15,0.0030,0.01,no
2026-10-05T00:14:00.954155Z,KXBTC15M-26OCT042015-15,0.0030,0.01,no
2026-10-05T00:14:00.954155Z,KXBTC15M-26OCT042015-15,0.0010,10.00,no
2026-10-05T00:14:00.954155Z,KXBTC15M-26OCT042015-15,0.0020,78.00,no
2026-10-05T00:14:00.954155Z,KXBTC15M-26OCT042015-15,0.0010,20.00,no
2026-10-05T00:14:00.954155Z,KXBTC15M-26OCT042015-15,0.0010,10.00,no
2026-10-05T00:14:00.954155Z,KXBTC15M-26OCT042015-15,0.0010,10.00,no
2026-10-05T00:14:00.95753Z,KXBTC15M-26OCT042015-15,0.0010,10.00,yes
2026-10-05T00:14:01.036764Z,KXBTC15M-26OCT042015-15,0.0010,10.01,yes
2026-10-05T00:14:01.036764Z,KXBTC15M-26OCT042015-15,0.0010,1026.77,yes
2026-10-05T00:14:01.036764Z,KXBTC15M-26OCT042015-15,0.0040,30.64,yes
2026-10-05T00:14:01.125269Z,KXBTC15M-26OCT042015-15,0.0010,40.00,no
2026-10-05T00:14:01.125269Z,KXBTC15M-26OCT042015-15,0.0010,19.98,no
2026-10-05T00:14:01.125269Z,KXBTC15M-26OCT042015-15,0.0010,10.00,no
2026-10-05T00:14:01.125269Z,KXBTC15M-26OCT042015-15,0.0010,10.00,no
2026-10-05T00:14:01.125269Z,KXBTC15M-26OCT042015-15,0.0010,0.01,no
2026-10-05T00:14:01.125269Z,KXBTC15M-26OCT042015-15,0.0010,0.01,no
2026-10-05T00:14:01.125269Z,KXBTC15M-26OCT042015-15,0.0010,108.00,no
2026-10-05T00:14:01.125269Z,KXBTC15M-26OCT042015-15,0.0010,10.00,no
2026-10-05T00:14:01.134264Z,KXBTC15M-26OCT042015-15,0.0020,2.25,yes
2026-10-05T00:14:01.225259Z,KXBTC15M-26OCT042015-15,0.0010,39.98,no
2026-10-05T00:14:01.225259Z,KXBTC15M-26OCT042015-15,0.0010,0.01,no
2026-10-05T00:14:01.225259Z,KXBTC15M-26OCT042015-15,0.0010,0.01,no
2026-10-05T00:14:01.269186Z,KXBTC15M-26OCT042015-15,0.0020,0.01,yes
2026-10-05T00:14:01.269186Z,KXBTC15M-26OCT042015-15,0.0050,15.00,yes
2026-10-05T00:14:01.269186Z,KXBTC15M-26OCT042015-15,0.0020,7.75,yes
2026-10-05T00:14:01.269186Z,KXBTC15M-26OCT042015-15,0.0020,0.01,yes
2026-10-05T00:14:01.269186Z,KXBTC15M-26OCT042015-15,0.0050,93.75,yes
2026-10-05T00:14:01.269186Z,KXBTC15M-26OCT042015-15,0.0020,10.00,yes
2026-10-05T00:14:01.269186Z,KXBTC15M-26OCT042015-15,0.0050,91.48,yes
2026-10-05T00:14:01.269186Z,KXBTC15M-26OCT042015-15,0.0030,10.00,yes
2026-10-05T00:14:01.269186Z,KXBTC15M-26OCT042015-15,0.0040,23.00,yes
2026-10-05T00:14:01.269186Z,KXBTC15M-26OCT042015-15,0.0040,55.00,yes
2026-10-05T00:14:01.28526Z,KXBTC15M-26OCT042015-15,0.0050,2.27,yes
2026-10-05T00:14:01.28526Z,KXBTC15M-26OCT042015-15,0.0020,0.01,yes
2026-10-05T00:14:01.28526Z,KXBTC15M-26OCT042015-15,0.0050,64.00,yes
2026-10-05T00:14:01.28526Z,KXBTC15M-26OCT042015-15,0.0040,23.00,yes
2026-10-05T00:14:01.28526Z,KXBTC15M-26OCT042015-15,0.0050,93.75,yes
2026-10-05T00:14:01.28526Z,KXBTC15M-26OCT042015-15,0.0020,0.01,yes
2026-10-05T00:14:01.28526Z,KXBTC15M-26OCT042015-15,0.0050,15.00,yes
2026-10-05T00:14:01.28526Z,KXBTC15M-26OCT042015-15,0.0070,49.12,yes
2026-10-05T00:14:01.28526Z,KXBTC15M-26OCT042015-15,0.0070,152.24,yes
2026-10-05T00:14:01.329664Z,KXBTC15M-26OCT042015-15,0.0010,40.00,no
2026-10-05T00:14:01.329664Z,KXBTC15M-26OCT042015-15,0.0010,83.98,no
2026-10-05T00:14:01.329664Z,KXBTC15M-26OCT042015-15,0.0010,0.01,no
2026-10-05T00:14:01.329664Z,KXBTC15M-26OCT042015-15,0.0010,10.00,no
2026-10-05T00:14:01.329664Z,KXBTC15M-26OCT042015-15,0.0010,0.01,no
2026-10-05T00:14:01.329664Z,KXBTC15M-26OCT042015-15,0.0010,10.00,no
2026-10-05T00:14:01.329664Z,KXBTC15M-26OCT042015-15,0.0010,10.00,no
2026-10-05T00:14:01.434844Z,KXBTC15M-26OCT042015-15,0.0010,0.01,no
2026-10-05T00:14:01.434844Z,KXBTC15M-26OCT042015-15,0.0010,39.98,no
2026-10-05T00:14:01.434844Z,KXBTC15M-26OCT042015-15,0.0010,0.01,no
2026-10-05T00:14:01.434844Z,KXBTC15M-26OCT042015-15,0.0010,20.00,no
2026-10-05T00:14:01.548213Z,KXBTC15M-26OCT042015-15,0.0010,39.96,no
2026-10-05T00:14:01.548213Z,KXBTC15M-26OCT042015-15,0.0010,0.02,no
2026-10-05T00:14:01.548213Z,KXBTC15M-26OCT042015-15,0.0010,0.01,no
2026-10-05T00:14:01.548213Z,KXBTC15M-26OCT042015-15,0.0010,10.00,no
2026-10-05T00:14:01.548213Z,KXBTC15M-26OCT042015-15,0.0010,10.00,no
2026-10-05T00:14:01.548213Z,KXBTC15M-26OCT042015-15,0.0010,0.01,no
2026-10-05T00:14:01.548213Z,KXBTC15M-26OCT042015-15,0.0010,10.00,no
2026-10-05T00:14:01.683839Z,KXBTC15M-26OCT042015-15,0.0010,0.02,no
2026-10-05T00:14:01.683839Z,KXBTC15M-26OCT042015-15,0.0010,6.00,no
2026-10-05T00:14:01.683839Z,KXBTC15M-26OCT042015-15,0.0010,89.98,no
2026-10-05T00:14:01.736357Z,KXBTC15M-26OCT042015-15,0.0010,5.00,no
2026-10-05T00:14:01.891715Z,KXBTC15M-26OCT042015-15,0.0010,14.74,no
2026-10-05T00:14:01.958642Z,KXBTC15M-26OCT042015-15,0.0010,140.53,no
2026-10-05T00:14:01.958642Z,KXBTC15M-26OCT042015-15,0.0010,10.00,no
2026-10-05T00:14:01.958642Z,KXBTC15M-26OCT042015-15,0.0010,39.98,no
2026-10-05T00:14:01.958642Z,KXBTC15M-26OCT042015-15,0.0010,10.00,no
2026-10-05T00:14:01.958642Z,KXBTC15M-26OCT042015-15,0.0010,10.00,no
2026-10-05T00:14:01.958642Z,KXBTC15M-26OCT042015-15,0.0010,0.42,no
2026-10-05T00:14:01.958642Z,KXBTC15M-26OCT042015-15,0.0010,0.01,no
2026-10-05T00:14:01.958642Z,KXBTC15M-26OCT042015-15,0.0010,0.01,no
2026-10-05T00:14:01.958642Z,KXBTC15M-26OCT042015-15,0.0010,0.02,no
2026-10-05T00:14:02.072072Z,KXBTC15M-26OCT042015-15,0.0020,50.00,yes
2026-10-05T00:14:02.072072Z,KXBTC15M-26OCT042015-15,0.0030,6.68,yes
2026-10-05T00:14:02.072072Z,KXBTC15M-26OCT042015-15,0.0020,0.01,yes
2026-10-05T00:14:02.072072Z,KXBTC15M-26OCT042015-15,0.0010,289.03,yes
2026-10-05T00:14:02.072072Z,KXBTC15M-26OCT042015-15,0.0020,0.01,yes
2026-10-05T00:14:02.268419Z,KXBTC15M-26OCT042015-15,0.0070,0.10,yes
2026-10-05T00:14:02.268419Z,KXBTC15M-26OCT042015-15,0.0030,29.32,yes
2026-10-05T00:14:02.268419Z,KXBTC15M-26OCT042015-15,0.0070,17.00,yes
2026-10-05T00:14:02.268419Z,KXBTC15M-26OCT042015-15,0.0040,7.00,yes
2026-10-05T00:14:02.268419Z,KXBTC15M-26OCT042015-15,0.0050,64.00,yes
2026-10-05T00:14:02.268419Z,KXBTC15M-26OCT042015-15,0.0020,0.01,yes
2026-10-05T00:14:02.268419Z,KXBTC15M-26OCT042015-15,0.0060,10.00,yes
2026-10-05T00:14:02.268419Z,KXBTC15M-26OCT042015-15,0.0020,0.01,yes
2026-10-05T00:14:02.268419Z,KXBTC15M-26OCT042015-15,0.0050,64.00,yes
2026-10-05T00:14:02.268419Z,KXBTC15M-26OCT042015-15,0.0050,93.75,yes
2026-10-05T00:14:02.268419Z,KXBTC15M-26OCT042015-15,0.0050,93.75,yes
2026-10-05T00:14:02.268419Z,KXBTC15M-26OCT042015-15,0.0020,10.00,yes
2026-10-05T00:14:02.268419Z,KXBTC15M-26OCT042015-15,0.0020,10.00,yes
2026-10-05T00:14:02.268419Z,KXBTC15M-26OCT042015-15,0.0050,15.00,yes
2026-10-05T00:14:02.268419Z,KXBTC15M-26OCT042015-15,0.0080,307.91,yes
2026-10-05T00:14:02.284172Z,KXBTC15M-26OCT042015-15,0.0010,6.96,no
2026-10-05T00:14:02.284172Z,KXBTC15M-26OCT042015-15,0.0010,19.72,no
2026-10-05T00:14:02.284172Z,KXBTC15M-26OCT042015-15,0.0010,10.00,no
2026-10-05T00:14:02.284172Z,KXBTC15M-26OCT042015-15,0.0010,0.01,no
2026-10-05T00:14:02.284172Z,KXBTC15M-26OCT042015-15,0.0010,0.01,no
2026-10-05T00:14:02.284172Z,KXBTC15M-26OCT042015-15,0.0010,2.30,no
2026-10-05T00:14:02.467394Z,KXBTC15M-26OCT042015-15,0.0020,4.57,yes
2026-10-05T00:14:02.467394Z,KXBTC15M-26OCT042015-15,0.0020,0.01,yes
2026-10-05T00:14:02.467394Z,KXBTC15M-26OCT042015-15,0.0020,0.01,yes
2026-10-05T00:14:02.514783Z,KXBTC15M-26OCT042015-15,0.0020,0.01,yes
2026-10-05T00:14:02.514783Z,KXBTC15M-26OCT042015-15,0.0040,80.00,yes
2026-10-05T00:14:02.514783Z,KXBTC15M-26OCT042015-15,0.0020,10.00,yes
2026-10-05T00:14:02.514783Z,KXBTC15M-26OCT042015-15,0.0020,10.00,yes
2026-10-05T00:14:02.514783Z,KXBTC15M-26OCT042015-15,0.0020,4.43,yes
2026-10-05T00:14:02.514783Z,KXBTC15M-26OCT042015-15,0.0020,0.01,yes
2026-10-05T00:14:02.514783Z,KXBTC15M-26OCT042015-15,0.0040,50.91,yes
2026-10-05T00:14:02.514783Z,KXBTC15M-26OCT042015-15,0.0030,44.00,yes
2026-10-05T00:14:02.528244Z,KXBTC15M-26OCT042015-15,0.0010,0.01,no
2026-10-05T00:14:02.528244Z,KXBTC15M-26OCT042015-15,0.0010,0.26,no
2026-10-05T00:14:02.528244Z,KXBTC15M-26OCT042015-15,0.0010,19.72,no
2026-10-05T00:14:02.528244Z,KXBTC15M-26OCT042015-15,0.0010,0.01,no
2026-10-05T00:14:02.616847Z,KXBTC15M-26OCT042015-15,0.0020,0.01,yes
2026-10-05T00:14:02.616847Z,KXBTC15M-26OCT042015-15,0.0020,0.01,yes
2026-10-05T00:14:02.616847Z,KXBTC15M-26OCT042015-15,0.0020,37.37,yes
2026-10-05T00:14:02.676923Z,KXBTC15M-26OCT042015-15,0.0020,2.38,yes
2026-10-05T00:14:02.762674Z,KXBTC15M-26OCT042015-15,0.0020,0.01,yes
2026-10-05T00:14:02.762674Z,KXBTC15M-26OCT042015-15,0.0020,0.01,yes
2026-10-05T00:14:02.762674Z,KXBTC15M-26OCT042015-15,0.0050,64.00,yes
2026-10-05T00:14:02.762674Z,KXBTC15M-26OCT042015-15,0.0050,63.16,yes
2026-10-05T00:14:02.762674Z,KXBTC15M-26OCT042015-15,0.0020,10.00,yes
2026-10-05T00:14:02.762674Z,KXBTC15M-26OCT042015-15,0.0020,10.00,yes
2026-10-05T00:14:02.762674Z,KXBTC15M-26OCT042015-15,0.0020,0.25,yes
2026-10-05T00:14:02.762674Z,KXBTC15M-26OCT042015-15,0.0040,42.00,yes
2026-10-05T00:14:02.763598Z,KXBTC15M-26OCT042015-15,0.0010,10.00,no
2026-10-05T00:14:02.763598Z,KXBTC15M-26OCT042015-15,0.0010,77.00,no
2026-10-05T00:14:02.763598Z,KXBTC15M-26OCT042015-15,0.0010,0.01,no
2026-10-05T00:14:02.763598Z,KXBTC15M-26OCT042015-15,0.0010,10.00,no
2026-10-05T00:14:02.763598Z,KXBTC15M-26OCT042015-15,0.0010,10.00,no
2026-10-05T00:14:02.763598Z,KXBTC15M-26OCT042015-15,0.0010,19.16,no
2026-10-05T00:14:02.763598Z,KXBTC15M-26OCT042015-15,0.0010,0.01,no
2026-10-05T00:14:02.763598Z,KXBTC15M-26OCT042015-15,0.0010,0.56,no
2026-10-05T00:14:02.763598Z,KXBTC15M-26OCT042015-15,0.0010,0.30,no
2026-10-05T00:14:02.763598Z,KXBTC15M-26OCT042015-15,0.0010,19.98,no
2026-10-05T00:14:02.901105Z,KXBTC15M-26OCT042015-15,0.0020,0.01,yes
2026-10-05T00:14:02.901105Z,KXBTC15M-26OCT042015-15,0.0020,10.00,yes
2026-10-05T00:14:02.901105Z,KXBTC15M-26OCT042015-15,0.0020,10.00,yes
2026-10-05T00:14:02.901105Z,KXBTC15M-26OCT042015-15,0.0020,0.01,yes
2026-10-05T00:14:02.93259Z,KXBTC15M-26OCT042015-15,0.0040,0.70,yes
2026-10-05T00:14:02.97164Z,KXBTC15M-26OCT042015-15,0.0010,40.00,no
2026-10-05T00:14:02.97164Z,KXBTC15M-26OCT042015-15,0.0010,10.00,no
2026-10-05T00:14:02.97164Z,KXBTC15M-26OCT042015-15,0.0010,0.10,no
2026-10-05T00:14:02.97164Z,KXBTC15M-26OCT042015-15,0.0010,0.01,no
2026-10-05T00:14:02.97164Z,KXBTC15M-26OCT042015-15,0.0010,60.00,no
2026-10-05T00:14:02.97164Z,KXBTC15M-26OCT042015-15,0.0010,10.00,no
2026-10-05T00:14:02.97164Z,KXBTC15M-26OCT042015-15,0.0010,0.01,no
2026-10-05T00:14:02.97164Z,KXBTC15M-26OCT042015-15,0.0010,10.00,no
2026-10-05T00:14:03.083877Z,KXBTC15M-26OCT042015-15,0.0050,44.12,yes
2026-10-05T00:14:03.083877Z,KXBTC15M-26OCT042015-15,0.0040,51.30,yes
2026-10-05T00:14:03.083877Z,KXBTC15M-26OCT042015-15,0.0040,23.00,yes
2026-10-05T00:14:03.083877Z,KXBTC15M-26OCT042015-15,0.0050,16.00,yes
2026-10-05T00:14:03.083877Z,KXBTC15M-26OCT042015-15,0.0040,0.01,yes
2026-10-05T00:14:03.083877Z,KXBTC15M-26OCT042015-15,0.0040,0.01,yes
2026-10-05T00:14:03.277793Z,KXBTC15M-26OCT042015-15,0.0020,0.01,yes
2026-10-05T00:14:03.277793Z,KXBTC15M-26OCT042015-15,0.0020,0.01,yes
2026-10-05T00:14:03.277793Z,KXBTC15M-26OCT042015-15,0.0040,6.00,yes
2026-10-05T00:14:03.277793Z,KXBTC15M-26OCT042015-15,0.0020,10.00,yes
2026-10-05T00:14:03.277793Z,KXBTC15M-26OCT042015-15,0.0050,64.00,yes
2026-10-05T00:14:03.277793Z,KXBTC15M-26OCT042015-15,0.0050,52.63,yes
2026-10-05T00:14:03.277793Z,KXBTC15M-26OCT042015-15,0.0040,55.00,yes
2026-10-05T00:14:03.277793Z,KXBTC15M-26OCT042015-15,0.0020,10.00,yes
2026-10-05T00:14:03.559931Z,KXBTC15M-26OCT042015-15,0.0050,64.00,yes
2026-10-05T00:14:03.559931Z,KXBTC15M-26OCT042015-15,0.0020,0.01,yes
2026-10-05T00:14:03.559931Z,KXBTC15M-26OCT042015-15,0.0040,39.00,yes
2026-10-05T00:14:03.559931Z,KXBTC15M-26OCT042015-15,0.0020,10.00,yes
2026-10-05T00:14:03.559931Z,KXBTC15M-26OCT042015-15,0.0030,16.00,yes
2026-10-05T00:14:03.559931Z,KXBTC15M-26OCT042015-15,0.0020,10.00,yes
2026-10-05T00:14:03.559931Z,KXBTC15M-26OCT042015-15,0.0060,10.00,yes
2026-10-05T00:14:03.559931Z,KXBTC15M-26OCT042015-15,0.0060,20.00,yes
2026-10-05T00:14:03.559931Z,KXBTC15M-26OCT042015-15,0.0070,9.42,yes
2026-10-05T00:14:03.734689Z,KXBTC15M-26OCT042015-15,0.0010,10.00,no
2026-10-05T00:14:03.734689Z,KXBTC15M-26OCT042015-15,0.0010,10.00,no
2026-10-05T00:14:03.734689Z,KXBTC15M-26OCT042015-15,0.0010,0.01,no
2026-10-05T00:14:03.734689Z,KXBTC15M-26OCT042015-15,0.0010,40.00,no
2026-10-05T00:14:03.734689Z,KXBTC15M-26OCT042015-15,0.0010,10.00,no
2026-10-05T00:14:03.734689Z,KXBTC15M-26OCT042015-15,0.0010,0.01,no
2026-10-05T00:14:03.772599Z,KXBTC15M-26OCT042015-15,0.0060,10.00,yes
2026-10-05T00:14:03.772599Z,KXBTC15M-26OCT042015-15,0.0050,0.01,yes
2026-10-05T00:14:03.772599Z,KXBTC15M-26OCT042015-15,0.0050,0.01,yes
2026-10-05T00:14:03.772599Z,KXBTC15M-26OCT042015-15,0.0020,10.00,yes
2026-10-05T00:14:03.772599Z,KXBTC15M-26OCT042015-15,0.0050,57.00,yes
2026-10-05T00:14:03.772599Z,KXBTC15M-26OCT042015-15,0.0020,10.00,yes
2026-10-05T00:14:03.772599Z,KXBTC15M-26OCT042015-15,0.0070,0.07,yes
2026-10-05T00:14:03.833661Z,KXBTC15M-26OCT042015-15,0.0020,0.01,no
2026-10-05T00:14:03.833661Z,KXBTC15M-26OCT042015-15,0.0020,0.01,no
2026-10-05T00:14:03.833661Z,KXBTC15M-26OCT042015-15,0.0020,76.00,no
2026-10-05T00:14:03.840136Z,KXBTC15M-26OCT042015-15,0.0020,0.01,no
2026-10-05T00:14:03.850299Z,KXBTC15M-26OCT042015-15,0.0020,0.01,no
2026-10-05T00:14:03.850299Z,KXBTC15M-26OCT042015-15,0.0020,0.01,no
2026-10-05T00:14:03.869003Z,KXBTC15M-26OCT042015-15,0.0020,0.01,no
2026-10-05T00:14:03.869003Z,KXBTC15M-26OCT042015-15,0.0020,0.01,no
2026-10-05T00:14:03.869003Z,KXBTC15M-26OCT042015-15,0.0020,9.00,no
2026-10-05T00:14:03.883068Z,KXBTC15M-26OCT042015-15,0.0010,0.01,no
2026-10-05T00:14:03.883068Z,KXBTC15M-26OCT042015-15,0.0010,0.01,no
2026-10-05T00:14:03.883068Z,KXBTC15M-26OCT042015-15,0.0010,4.87,no
2026-10-05T00:14:03.883068Z,KXBTC15M-26OCT042015-15,0.0020,0.01,no
2026-10-05T00:14:03.883068Z,KXBTC15M-26OCT042015-15,0.0020,0.01,no
2026-10-05T00:14:04.021072Z,KXBTC15M-26OCT042015-15,0.0010,10.00,no
2026-10-05T00:14:04.021072Z,KXBTC15M-26OCT042015-15,0.0010,0.01,no
2026-10-05T00:14:04.021072Z,KXBTC15M-26OCT042015-15,0.0010,4.87,no
2026-10-05T00:14:04.021072Z,KXBTC15M-26OCT042015-15,0.0010,35.13,no
2026-10-05T00:14:04.021072Z,KXBTC15M-26OCT042015-15,0.0010,95.00,no
2026-10-05T00:14:04.021072Z,KXBTC15M-26OCT042015-15,0.0010,10.00,no
2026-10-05T00:14:04.021072Z,KXBTC15M-26OCT042015-15,0.0010,10.00,no
2026-10-05T00:14:04.021072Z,KXBTC15M-26OCT042015-15,0.0010,0.01,no
2026-10-05T00:14:04.103047Z,KXBTC15M-26OCT042015-15,0.0030,0.01,yes
2026-10-05T00:14:04.103047Z,KXBTC15M-26OCT042015-15,0.0020,0.01,yes
2026-10-05T00:14:04.103047Z,KXBTC15M-26OCT042015-15,0.0020,0.01,yes
2026-10-05T00:14:04.103047Z,KXBTC15M-26OCT042015-15,0.0030,10.00,yes
2026-10-05T00:14:04.103047Z,KXBTC15M-26OCT042015-15,0.0050,46.24,yes
2026-10-05T00:14:04.103047Z,KXBTC15M-26OCT042015-15,0.0040,60.00,yes
2026-10-05T00:14:04.103047Z,KXBTC15M-26OCT042015-15,0.0020,10.00,yes
2026-10-05T00:14:04.11247Z,KXBTC15M-26OCT042015-15,0.0060,6.53,yes
2026-10-05T00:14:04.11247Z,KXBTC15M-26OCT042015-15,0.0020,0.01,yes
2026-10-05T00:14:04.11247Z,KXBTC15M-26OCT042015-15,0.0020,0.01,yes
2026-10-05T00:14:04.135573Z,KXBTC15M-26OCT042015-15,0.0010,0.01,no
2026-10-05T00:14:04.135573Z,KXBTC15M-26OCT042015-15,0.0010,40.00,no
2026-10-05T00:14:04.135573Z,KXBTC15M-26OCT042015-15,0.0010,10.00,no
2026-10-05T00:14:04.135573Z,KXBTC15M-26OCT042015-15,0.0010,15.98,no
2026-10-05T00:14:04.135573Z,KXBTC15M-26OCT042015-15,0.0010,0.01,no
2026-10-05T00:14:04.216725Z,KXBTC15M-26OCT042015-15,0.0020,0.01,yes
2026-10-05T00:14:04.216725Z,KXBTC15M-26OCT042015-15,0.0040,9.98,yes
2026-10-05T00:14:04.216725Z,KXBTC15M-26OCT042015-15,0.0030,10.00,yes
2026-10-05T00:14:04.216725Z,KXBTC15M-26OCT042015-15,0.0020,0.01,yes
2026-10-05T00:14:04.23995Z,KXBTC15M-26OCT042015-15,0.0020,0.01,no
2026-10-05T00:14:04.23995Z,KXBTC15M-26OCT042015-15,0.0020,0.01,no
2026-10-05T00:14:04.23995Z,KXBTC15M-26OCT042015-15,0.0020,19.00,no
2026-10-05T00:14:04.246307Z,KXBTC15M-26OCT042015-15,0.0070,58.51,yes
2026-10-05T00:14:04.246307Z,KXBTC15M-26OCT042015-15,0.0070,4.00,yes
2026-10-05T00:14:04.246307Z,KXBTC15M-26OCT042015-15,0.0080,0.09,yes
2026-10-05T00:14:04.246307Z,KXBTC15M-26OCT042015-15,0.0070,17.00,yes
2026-10-05T00:14:04.246307Z,KXBTC15M-26OCT042015-15,0.0040,0.01,yes
2026-10-05T00:14:04.246307Z,KXBTC15M-26OCT042015-15,0.0050,20.00,yes
2026-10-05T00:14:04.246307Z,KXBTC15M-26OCT042015-15,0.0030,0.01,yes
2026-10-05T00:14:04.246307Z,KXBTC15M-26OCT042015-15,0.0030,0.01,yes
2026-10-05T00:14:04.246307Z,KXBTC15M-26OCT042015-15,0.0050,10.00,yes
2026-10-05T00:14:04.246307Z,KXBTC15M-26OCT042015-15,0.0040,37.02,yes
2026-10-05T00:14:04.246307Z,KXBTC15M-26OCT042015-15,0.0060,5.00,yes
2026-10-05T00:14:04.246307Z,KXBTC15M-26OCT042015-15,0.0060,3.47,yes
2026-10-05T00:14:04.255374Z,KXBTC15M-26OCT042015-15,0.0050,15.00,yes
2026-10-05T00:14:04.255374Z,KXBTC15M-26OCT042015-15,0.0040,0.01,yes
2026-10-05T00:14:04.255374Z,KXBTC15M-26OCT042015-15,0.0050,51.33,yes
2026-10-05T00:14:04.255374Z,KXBTC15M-26OCT042015-15,0.0050,93.75,yes
2026-10-05T00:14:04.255374Z,KXBTC15M-26OCT042015-15,0.0030,0.01,yes
2026-10-05T00:14:04.260267Z,KXBTC15M-26OCT042015-15,0.0020,0.01,no
2026-10-05T00:14:04.260267Z,KXBTC15M-26OCT042015-15,0.0020,0.01,no
2026-10-05T00:14:04.26805Z,KXBTC15M-26OCT042015-15,0.0080,1.27,yes
2026-10-05T00:14:04.26805Z,KXBTC15M-26OCT042015-15,0.0070,17.00,yes
2026-10-05T00:14:04.26805Z,KXBTC15M-26OCT042015-15,0.0070,108.00,yes
2026-10-05T00:14:04.312953Z,KXBTC15M-26OCT042015-15,0.0030,200.00,no
2026-10-05T00:14:04.328481Z,KXBTC15M-26OCT042015-15,0.0030,0.01,no
2026-10-05T00:14:04.328481Z,KXBTC15M-26OCT042015-15,0.0030,0.01,no
2026-10-05T00:14:04.339413Z,KXBTC15M-26OCT042015-15,0.0080,96.32,yes
2026-10-05T00:14:04.339413Z,KXBTC15M-26OCT042015-15,0.0060,10.00,yes
2026-10-05T00:14:04.339413Z,KXBTC15M-26OCT042015-15,0.0050,0.01,yes
2026-10-05T00:14:04.339413Z,KXBTC15M-26OCT042015-15,0.0060,6.00,yes
2026-10-05T00:14:04.339413Z,KXBTC15M-26OCT042015-15,0.0070,17.00,yes
2026-10-05T00:14:04.339413Z,KXBTC15M-26OCT042015-15,0.0050,0.01,yes
2026-10-05T00:14:04.339413Z,KXBTC15M-26OCT042015-15,0.0070,6.00,yes
2026-10-05T00:14:04.353609Z,KXBTC15M-26OCT042015-15,0.0050,5.38,yes
2026-10-05T00:14:04.364027Z,KXBTC15M-26OCT042015-15,0.0020,0.01,no
2026-10-05T00:14:04.364027Z,KXBTC15M-26OCT042015-15,0.0010,0.01,no
2026-10-05T00:14:04.364027Z,KXBTC15M-26OCT042015-15,0.0010,10.00,no
2026-10-05T00:14:04.364027Z,KXBTC15M-26OCT042015-15,0.0030,0.01,no
2026-10-05T00:14:04.364027Z,KXBTC15M-26OCT042015-15,0.0020,0.01,no
2026-10-05T00:14:04.364027Z,KXBTC15M-26OCT042015-15,0.0010,7.64,no
2026-10-05T00:14:04.364027Z,KXBTC15M-26OCT042015-15,0.0020,7.00,no
2026-10-05T00:14:04.364027Z,KXBTC15M-26OCT042015-15,0.0030,0.01,no
2026-10-05T00:14:04.364027Z,KXBTC15M-26OCT042015-15,0.0010,0.01,no
2026-10-05T00:14:04.364027Z,KXBTC15M-26OCT042015-15,0.0010,10.00,no
2026-10-05T00:14:04.364027Z,KXBTC15M-26OCT042015-15,0.0010,10.00,no
2026-10-05T00:14:04.372407Z,KXBTC15M-26OCT042015-15,0.0040,33.00,yes
2026-10-05T00:14:04.372407Z,KXBTC15M-26OCT042015-15,0.0040,4.24,yes
2026-10-05T00:14:04.372407Z,KXBTC15M-26OCT042015-15,0.0040,0.01,yes
2026-10-05T00:14:04.372407Z,KXBTC15M-26OCT042015-15,0.0040,0.01,yes
2026-10-05T00:14:04.491032Z,KXBTC15M-26OCT042015-15,0.0050,2.04,yes
2026-10-05T00:14:04.491032Z,KXBTC15M-26OCT042015-15,0.0040,0.01,yes
2026-10-05T00:14:04.491032Z,KXBTC15M-26OCT042015-15,0.0040,0.01,yes
2026-10-05T00:14:04.595673Z,KXBTC15M-26OCT042015-15,0.0040,0.01,yes
2026-10-05T00:14:04.595673Z,KXBTC15M-26OCT042015-15,0.0040,3.00,yes
2026-10-05T00:14:04.595673Z,KXBTC15M-26OCT042015-15,0.0050,10.33,yes
2026-10-05T00:14:04.595673Z,KXBTC15M-26OCT042015-15,0.0040,0.01,yes
2026-10-05T00:14:04.631826Z,KXBTC15M-26OCT042015-15,0.0020,0.01,no
2026-10-05T00:14:04.631826Z,KXBTC15M-26OCT042015-15,0.0020,28.00,no
2026-10-05T00:14:04.631826Z,KXBTC15M-26OCT042015-15,0.0020,0.01,no
2026-10-05T00:14:04.696201Z,KXBTC15M-26OCT042015-15,0.0030,0.01,yes
2026-10-05T00:14:04.696201Z,KXBTC15M-26OCT042015-15,0.0050,0.01,yes
2026-10-05T00:14:04.696201Z,KXBTC15M-26OCT042015-15,0.0050,2.84,yes
2026-10-05T00:14:04.696201Z,KXBTC15M-26OCT042015-15,0.0040,10.00,yes
2026-10-05T00:14:04.696201Z,KXBTC15M-26OCT042015-15,0.0040,0.01,yes
2026-10-05T00:14:04.696201Z,KXBTC15M-26OCT042015-15,0.0040,0.01,yes
2026-10-05T00:14:04.696201Z,KXBTC15M-26OCT042015-15,0.0040,23.00,yes
2026-10-05T00:14:04.696201Z,KXBTC15M-26OCT042015-15,0.0050,0.01,yes
2026-10-05T00:14:04.696201Z,KXBTC15M-26OCT042015-15,0.0040,32.00,yes
2026-10-05T00:14:04.696201Z,KXBTC15M-26OCT042015-15,0.0030,32.00,yes
2026-10-05T00:14:04.696201Z,KXBTC15M-26OCT042015-15,0.0030,0.01,yes
2026-10-05T00:14:04.696201Z,KXBTC15M-26OCT042015-15,0.0050,43.63,yes
2026-10-05T00:14:04.722638Z,KXBTC15M-26OCT042015-15,0.0020,0.01,no
2026-10-05T00:14:04.722638Z,KXBTC15M-26OCT042015-15,0.0020,0.01,no
2026-10-05T00:14:04.722638Z,KXBTC15M-26OCT042015-15,0.0020,16.98,no
2026-10-05T00:14:04.768602Z,KXBTC15M-26OCT042015-15,0.0020,1.00,no
2026-10-05T00:14:04.788081Z,KXBTC15M-26OCT042015-15,0.0030,3.91,yes
2026-10-05T00:14:04.803128Z,KXBTC15M-26OCT042015-15,0.0030,59.92,yes
2026-10-05T00:14:04.887215Z,KXBTC15M-26OCT042015-15,0.0030,254.13,yes
2026-10-05T00:14:04.887215Z,KXBTC15M-26OCT042015-15,0.0050,93.75,yes
2026-10-05T00:14:04.887215Z,KXBTC15M-26OCT042015-15,0.0050,93.75,yes
2026-10-05T00:14:04.887215Z,KXBTC15M-26OCT042015-15,0.0050,64.00,yes
2026-10-05T00:14:04.887215Z,KXBTC15M-26OCT042015-15,0.0060,10.00,yes
2026-10-05T00:14:04.887215Z,KXBTC15M-26OCT042015-15,0.0050,7.16,yes
2026-10-05T00:14:04.887215Z,KXBTC15M-26OCT042015-15,0.0030,12.17,yes
2026-10-05T00:14:04.887215Z,KXBTC15M-26OCT042015-15,0.0030,0.01,yes
2026-10-05T00:14:04.887215Z,KXBTC15M-26OCT042015-15,0.0050,45.00,yes
2026-10-05T00:14:04.887215Z,KXBTC15M-26OCT042015-15,0.0050,0.12,yes
2026-10-05T00:14:04.887215Z,KXBTC15M-26OCT042015-15,0.0040,23.00,yes
2026-10-05T00:14:04.887215Z,KXBTC15M-26OCT042015-15,0.0050,15.00,yes
2026-10-05T00:14:04.887215Z,KXBTC15M-26OCT042015-15,0.0030,0.01,yes
2026-10-05T00:14:04.887215Z,KXBTC15M-26OCT042015-15,0.0060,8.60,yes
2026-10-05T00:14:04.889858Z,KXBTC15M-26OCT042015-15,0.0080,40.00,yes
2026-10-05T00:14:04.889858Z,KXBTC15M-26OCT042015-15,0.0090,2.00,yes
2026-10-05T00:14:04.889858Z,KXBTC15M-26OCT042015-15,0.0090,2.00,yes
2026-10-05T00:14:04.889858Z,KXBTC15M-26OCT042015-15,0.0080,2.00,yes
2026-10-05T00:14:04.889858Z,KXBTC15M-26OCT042015-15,0.0080,394.41,yes
2026-10-05T00:14:04.889858Z,KXBTC15M-26OCT042015-15,0.0080,2.00,yes
2026-10-05T00:14:04.889858Z,KXBTC15M-26OCT042015-15,0.0080,0.11,yes
2026-10-05T00:14:04.889858Z,KXBTC15M-26OCT042015-15,0.0090,15.00,yes
2026-10-05T00:14:04.889858Z,KXBTC15M-26OCT042015-15,0.0060,0.13,yes
2026-10-05T00:14:04.889858Z,KXBTC15M-26OCT042015-15,0.0080,200.00,yes
2026-10-05T00:14:04.889858Z,KXBTC15M-26OCT042015-15,0.0060,1203.61,yes
2026-10-05T00:14:04.889858Z,KXBTC15M-26OCT042015-15,0.0080,99.00,yes
2026-10-05T00:14:04.889858Z,KXBTC15M-26OCT042015-15,0.0090,1.00,yes
2026-10-05T00:14:04.889858Z,KXBTC15M-26OCT042015-15,0.0090,3.00,yes
2026-10-05T00:14:04.889858Z,KXBTC15M-26OCT042015-15,0.0100,0.10,yes
2026-10-05T00:14:04.889858Z,KXBTC15M-26OCT042015-15,0.0090,0.09,yes
2026-10-05T00:14:04.889858Z,KXBTC15M-26OCT042015-15,0.0100,14.08,yes
2026-10-05T00:14:04.889858Z,KXBTC15M-26OCT042015-15,0.0100,30.00,yes
2026-10-05T00:14:04.903044Z,KXBTC15M-26OCT042015-15,0.0020,73.32,no
2026-10-05T00:14:04.903044Z,KXBTC15M-26OCT042015-15,0.0020,0.01,no
2026-10-05T00:14:04.903044Z,KXBTC15M-26OCT042015-15,0.0020,0.01,no
2026-10-05T00:14:04.922003Z,KXBTC15M-26OCT042015-15,0.0030,15.00,yes
2026-10-05T00:14:04.959557Z,KXBTC15M-26OCT042015-15,0.0020,2.00,no
2026-10-05T00:14:04.959557Z,KXBTC15M-26OCT042015-15,0.0010,2.00,no
2026-10-05T00:14:04.959557Z,KXBTC15M-26OCT042015-15,0.0010,40.00,no
2026-10-05T00:14:04.959557Z,KXBTC15M-26OCT042015-15,0.0010,10.00,no
2026-10-05T00:14:04.959557Z,KXBTC15M-26OCT042015-15,0.0020,2.00,no
2026-10-05T00:14:04.959557Z,KXBTC15M-26OCT042015-15,0.0010,10.00,no
2026-10-05T00:14:04.959557Z,KXBTC15M-26OCT042015-15,0.0010,2.00,no
2026-10-05T00:14:04.959557Z,KXBTC15M-26OCT042015-15,0.0020,0.01,no
2026-10-05T00:14:04.959557Z,KXBTC15M-26OCT042015-15,0.0020,0.01,no
2026-10-05T00:14:04.959557Z,KXBTC15M-26OCT042015-15,0.0010,105.00,no
2026-10-05T00:14:04.959557Z,KXBTC15M-26OCT042015-15,0.0010,10.00,no
2026-10-05T00:14:05.069638Z,KXBTC15M-26OCT042015-15,0.0080,100.00,yes
2026-10-05T00:14:05.069638Z,KXBTC15M-26OCT042015-15,0.0080,2.00,yes
2026-10-05T00:14:05.069638Z,KXBTC15M-26OCT042015-15,0.0080,20.00,yes
2026-10-05T00:14:05.069638Z,KXBTC15M-26OCT042015-15,0.0040,60.00,yes
2026-10-05T00:14:05.069638Z,KXBTC15M-26OCT042015-15,0.0030,0.01,yes
2026-10-05T00:14:05.069638Z,KXBTC15M-26OCT042015-15,0.0030,31.00,yes
2026-10-05T00:14:05.069638Z,KXBTC15M-26OCT042015-15,0.0040,16.00,yes
2026-10-05T00:14:05.069638Z,KXBTC15M-26OCT042015-15,0.0050,93.75,yes
2026-10-05T00:14:05.069638Z,KXBTC15M-26OCT042015-15,0.0100,73.81,yes
2026-10-05T00:14:05.069638Z,KXBTC15M-26OCT042015-15,0.0030,30.00,yes
2026-10-05T00:14:05.069638Z,KXBTC15M-26OCT042015-15,0.0050,64.00,yes
2026-10-05T00:14:05.069638Z,KXBTC15M-26OCT042015-15,0.0100,2.00,yes
2026-10-05T00:14:05.069638Z,KXBTC15M-26OCT042015-15,0.0090,2.00,yes
2026-10-05T00:14:05.069638Z,KXBTC15M-26OCT042015-15,0.0030,6.00,yes
2026-10-05T00:14:05.069638Z,KXBTC15M-26OCT042015-15,0.0040,0.12,yes
2026-10-05T00:14:05.069638Z,KXBTC15M-26OCT042015-15,0.0030,0.01,yes
2026-10-05T00:14:05.069638Z,KXBTC15M-26OCT042015-15,0.0040,10.00,yes
2026-10-05T00:14:05.069638Z,KXBTC15M-26OCT042015-15,0.0030,1.00,yes
2026-10-05T00:14:05.069638Z,KXBTC15M-26OCT042015-15,0.0050,64.00,yes
2026-10-05T00:14:05.069638Z,KXBTC15M-26OCT042015-15,0.0100,64.00,yes
2026-10-05T00:14:05.069638Z,KXBTC15M-26OCT042015-15,0.0100,15.00,yes
2026-10-05T00:14:05.069638Z,KXBTC15M-26OCT042015-15,0.0050,93.75,yes
2026-10-05T00:14:05.069638Z,KXBTC15M-26OCT042015-15,0.0040,10.00,yes
2026-10-05T00:14:05.069638Z,KXBTC15M-26OCT042015-15,0.0100,2.00,yes
2026-10-05T00:14:05.069638Z,KXBTC15M-26OCT042015-15,0.0080,2.00,yes
2026-10-05T00:14:05.069638Z,KXBTC15M-26OCT042015-15,0.0090,2.00,yes
2026-10-05T00:14:05.069638Z,KXBTC15M-26OCT042015-15,0.0040,57.00,yes
2026-10-05T00:14:05.069638Z,KXBTC15M-26OCT042015-15,0.0100,1.00,yes
2026-10-05T00:14:05.069638Z,KXBTC15M-26OCT042015-15,0.0100,15.00,yes
2026-10-05T00:14:05.069638Z,KXBTC15M-26OCT042015-15,0.0100,60.00,yes
2026-10-05T00:14:05.069638Z,KXBTC15M-26OCT042015-15,0.0100,4.00,yes
2026-10-05T00:14:05.069638Z,KXBTC15M-26OCT042015-15,0.0100,6.00,yes
2026-10-05T00:14:05.069638Z,KXBTC15M-26OCT042015-15,0.0100,8.00,yes
2026-10-05T00:14:05.069638Z,KXBTC15M-26OCT042015-15,0.0100,1.00,yes
2026-10-05T00:14:05.069638Z,KXBTC15M-26OCT042015-15,0.0100,24.90,yes
2026-10-05T00:14:05.069638Z,KXBTC15M-26OCT042015-15,0.0100,1.00,yes
2026-10-05T00:14:05.069638Z,KXBTC15M-26OCT042015-15,0.0110,38.44,yes
2026-10-05T00:14:05.069638Z,KXBTC15M-26OCT042015-15,0.0100,108.00,yes
2026-10-05T00:14:05.069638Z,KXBTC15M-26OCT042015-15,0.0100,26.32,yes
2026-10-05T00:14:05.070401Z,KXBTC15M-26OCT042015-15,0.0020,0.01,no
2026-10-05T00:14:05.070401Z,KXBTC15M-26OCT042015-15,0.0020,0.01,no
2026-10-05T00:14:05.105727Z,KXBTC15M-26OCT042015-15,0.0020,2.00,no
2026-10-05T00:14:05.105727Z,KXBTC15M-26OCT042015-15,0.0020,142.00,no
2026-10-05T00:14:05.105727Z,KXBTC15M-26OCT042015-15,0.0020,2.00,no
2026-10-05T00:14:05.124639Z,KXBTC15M-26OCT042015-15,0.0020,0.01,no
2026-10-05T00:14:05.124639Z,KXBTC15M-26OCT042015-15,0.0020,0.01,no
2026-10-05T00:14:05.125771Z,KXBTC15M-26OCT042015-15,0.0050,136.78,yes
2026-10-05T00:14:05.125771Z,KXBTC15M-26OCT042015-15,0.0030,13.00,yes
2026-10-05T00:14:05.125771Z,KXBTC15M-26OCT042015-15,0.0030,0.01,yes
2026-10-05T00:14:05.125771Z,KXBTC15M-26OCT042015-15,0.0030,0.01,yes
2026-10-05T00:14:05.149846Z,KXBTC15M-26OCT042015-15,0.0020,0.01,no
2026-10-05T00:14:05.149846Z,KXBTC15M-26OCT042015-15,0.0020,2.00,no
2026-10-05T00:14:05.149846Z,KXBTC15M-26OCT042015-15,0.0020,2.00,no
2026-10-05T00:14:05.149846Z,KXBTC15M-26OCT042015-15,0.0020,14.98,no
2026-10-05T00:14:05.149846Z,KXBTC15M-26OCT042015-15,0.0020,0.01,no
2026-10-05T00:14:05.158708Z,KXBTC15M-26OCT042015-15,0.0020,17.03,no
2026-10-05T00:14:05.213221Z,KXBTC15M-26OCT042015-15,0.0020,21.00,no
2026-10-05T00:14:05.213221Z,KXBTC15M-26OCT042015-15,0.0020,49.92,no
2026-10-05T00:14:05.213221Z,KXBTC15M-26OCT042015-15,0.0020,0.01,no
2026-10-05T00:14:05.213221Z,KXBTC15M-26OCT042015-15,0.0020,29.20,no
2026-10-05T00:14:05.213221Z,KXBTC15M-26OCT042015-15,0.0020,0.01,no
2026-10-05T00:14:05.221766Z,KXBTC15M-26OCT042015-15,0.0020,0.01,no
2026-10-05T00:14:05.221766Z,KXBTC15M-26OCT042015-15,0.0020,37.87,no
2026-10-05T00:14:05.221766Z,KXBTC15M-26OCT042015-15,0.0010,102.12,no
2026-10-05T00:14:05.221766Z,KXBTC15M-26OCT042015-15,0.0010,40.00,no
2026-10-05T00:14:05.221766Z,KXBTC15M-26OCT042015-15,0.0010,10.00,no
2026-10-05T00:14:05.221766Z,KXBTC15M-26OCT042015-15,0.0010,10.00,no
2026-10-05T00:14:05.352044Z,KXBTC15M-26OCT042015-15,0.0150,226.79,yes
2026-10-05T00:14:05.352044Z,KXBTC15M-26OCT042015-15,0.0050,69.22,yes
2026-10-05T00:14:05.352044Z,KXBTC15M-26OCT042015-15,0.0150,93.75,yes
2026-10-05T00:14:05.352044Z,KXBTC15M-26OCT042015-15,0.0090,20.00,yes
2026-10-05T00:14:05.352044Z,KXBTC15M-26OCT042015-15,0.0040,34.00,yes
2026-10-05T00:14:05.352044Z,KXBTC15M-26OCT042015-15,0.0100,2.00,yes
2026-10-05T00:14:05.352044Z,KXBTC15M-26OCT042015-15,0.0150,15.00,yes
2026-10-05T00:14:05.352044Z,KXBTC15M-26OCT042015-15,0.0110,2.00,yes
2026-10-05T00:14:05.352044Z,KXBTC15M-26OCT042015-15,0.0030,0.01,yes
2026-10-05T00:14:05.352044Z,KXBTC15M-26OCT042015-15,0.0100,2.00,yes
2026-10-05T00:14:05.352044Z,KXBTC15M-26OCT042015-15,0.0100,93.75,yes
2026-10-05T00:14:05.352044Z,KXBTC15M-26OCT042015-15,0.0100,4.00,yes
2026-10-05T00:14:05.352044Z,KXBTC15M-26OCT042015-15,0.0120,2.00,yes
2026-10-05T00:14:05.352044Z,KXBTC15M-26OCT042015-15,0.0090,17.00,yes
2026-10-05T00:14:05.352044Z,KXBTC15M-26OCT042015-15,0.0100,93.75,yes
2026-10-05T00:14:05.352044Z,KXBTC15M-26OCT042015-15,0.0030,0.01,yes
2026-10-05T00:14:05.352044Z,KXBTC15M-26OCT042015-15,0.0100,15.00,yes
2026-10-05T00:14:05.352044Z,KXBTC15M-26OCT042015-15,0.0100,64.00,yes
2026-10-05T00:14:05.352044Z,KXBTC15M-26OCT042015-15,0.0100,15.00,yes
2026-10-05T00:14:05.352044Z,KXBTC15M-26OCT042015-15,0.0150,93.75,yes
2026-10-05T00:14:05.352044Z,KXBTC15M-26OCT042015-15,0.0110,2.00,yes
2026-10-05T00:14:05.352044Z,KXBTC15M-26OCT042015-15,0.0100,10.00,yes
2026-10-05T00:14:05.352044Z,KXBTC15M-26OCT042015-15,0.0060,10.00,yes
2026-10-05T00:14:05.352044Z,KXBTC15M-26OCT042015-15,0.0060,10.00,yes
2026-10-05T00:14:05.352044Z,KXBTC15M-26OCT042015-15,0.0120,2.00,yes
2026-10-05T00:14:05.352044Z,KXBTC15M-26OCT042015-15,0.0060,10.00,yes
2026-10-05T00:14:05.352044Z,KXBTC15M-26OCT042015-15,0.0090,96.00,yes
2026-10-05T00:14:05.352044Z,KXBTC15M-26OCT042015-15,0.0100,64.00,yes
2026-10-05T00:14:05.352044Z,KXBTC15M-26OCT042015-15,0.0100,8.30,yes
2026-10-05T00:14:05.352044Z,KXBTC15M-26OCT042015-15,0.0110,10.59,yes
2026-10-05T00:14:05.352044Z,KXBTC15M-26OCT042015-15,0.0120,1.00,yes
2026-10-05T00:14:05.352044Z,KXBTC15M-26OCT042015-15,0.0130,1.00,yes
2026-10-05T00:14:05.352044Z,KXBTC15M-26OCT042015-15,0.0110,1.00,yes
2026-10-05T00:14:05.352044Z,KXBTC15M-26OCT042015-15,0.0120,1.00,yes
2026-10-05T00:14:05.352044Z,KXBTC15M-26OCT042015-15,0.0140,1.00,yes
2026-10-05T00:14:05.352044Z,KXBTC15M-26OCT042015-15,0.0110,461.56,yes
2026-10-05T00:14:05.352044Z,KXBTC15M-26OCT042015-15,0.0160,161.99,yes
2026-10-05T00:14:05.352044Z,KXBTC15M-26OCT042015-15,0.0130,500.00,yes
2026-10-05T00:14:05.352044Z,KXBTC15M-26OCT042015-15,0.0130,0.13,yes
2026-10-05T00:14:05.352044Z,KXBTC15M-26OCT042015-15,0.0140,0.14,yes
2026-10-05T00:14:05.352044Z,KXBTC15M-26OCT042015-15,0.0120,0.11,yes
2026-10-05T00:14:05.352044Z,KXBTC15M-26OCT042015-15,0.0150,0.14,yes
2026-10-05T00:14:05.352044Z,KXBTC15M-26OCT042015-15,0.0110,0.10,yes
2026-10-05T00:14:05.373796Z,KXBTC15M-26OCT042015-15,0.0090,685.00,no
2026-10-05T00:14:05.389913Z,KXBTC15M-26OCT042015-15,0.0090,206.00,no
2026-10-05T00:14:05.39369Z,KXBTC15M-26OCT042015-15,0.0090,2.01,no
2026-10-05T00:14:05.427566Z,KXBTC15M-26OCT042015-15,0.0070,0.01,no
2026-10-05T00:14:05.427566Z,KXBTC15M-26OCT042015-15,0.0090,0.01,no
2026-10-05T00:14:05.427566Z,KXBTC15M-26OCT042015-15,0.0090,0.01,no
2026-10-05T00:14:05.427566Z,KXBTC15M-26OCT042015-15,0.0070,0.01,no
2026-10-05T00:14:05.427566Z,KXBTC15M-26OCT042015-15,0.0050,368.89,no
2026-10-05T00:14:05.427566Z,KXBTC15M-26OCT042015-15,0.0070,500.00,no
2026-10-05T00:14:05.427566Z,KXBTC15M-26OCT042015-15,0.0060,2.00,no
2026-10-05T00:14:05.427566Z,KXBTC15M-26OCT042015-15,0.0060,2.00,no
2026-10-05T00:14:05.461004Z,KXBTC15M-26OCT042015-15,0.0060,64.05,yes
2026-10-05T00:14:05.521927Z,KXBTC15M-26OCT042015-15,0.0020,2.00,no
2026-10-05T00:14:05.521927Z,KXBTC15M-26OCT042015-15,0.0040,2.00,no
2026-10-05T00:14:05.521927Z,KXBTC15M-26OCT042015-15,0.0040,0.01,no
2026-10-05T00:14:05.521927Z,KXBTC15M-26OCT042015-15,0.0040,2.00,no
2026-10-05T00:14:05.521927Z,KXBTC15M-26OCT042015-15,0.0020,2.00,no
2026-10-05T00:14:05.521927Z,KXBTC15M-26OCT042015-15,0.0030,2.00,no
2026-10-05T00:14:05.521927Z,KXBTC15M-26OCT042015-15,0.0030,2.00,no
2026-10-05T00:14:05.521927Z,KXBTC15M-26OCT042015-15,0.0050,0.01,no
2026-10-05T00:14:05.521927Z,KXBTC15M-26OCT042015-15,0.0010,1.97,no
2026-10-05T00:14:05.521927Z,KXBTC15M-26OCT042015-15,0.0050,0.01,no
2026-10-05T00:14:05.523343Z,KXBTC15M-26OCT042015-15,0.0060,96.53,yes
2026-10-05T00:14:05.553904Z,KXBTC15M-26OCT042015-15,0.0040,0.01,no
2026-10-05T00:14:05.735306Z,KXBTC15M-26OCT042015-15,0.0040,0.01,no
2026-10-05T00:14:05.735306Z,KXBTC15M-26OCT042015-15,0.0010,5.89,no
2026-10-05T00:14:05.735306Z,KXBTC15M-26OCT042015-15,0.0040,0.01,no
2026-10-05T00:14:05.77946Z,KXBTC15M-26OCT042015-15,0.0050,5.70,yes
2026-10-05T00:14:05.799606Z,KXBTC15M-26OCT042015-15,0.0040,0.01,no
2026-10-05T00:14:05.799606Z,KXBTC15M-26OCT042015-15,0.0040,0.01,no
2026-10-05T00:14:05.799606Z,KXBTC15M-26OCT042015-15,0.0020,1.00,no
2026-10-05T00:14:05.799606Z,KXBTC15M-26OCT042015-15,0.0040,1.00,no
2026-10-05T00:14:05.799606Z,KXBTC15M-26OCT042015-15,0.0010,16.69,no
2026-10-05T00:14:05.799606Z,KXBTC15M-26OCT042015-15,0.0030,1.00,no
2026-10-05T00:14:05.854074Z,KXBTC15M-26OCT042015-15,0.0010,1.00,no
2026-10-05T00:14:05.854074Z,KXBTC15M-26OCT042015-15,0.0010,94.16,no
2026-10-05T00:14:05.854074Z,KXBTC15M-26OCT042015-15,0.0010,40.00,no
2026-10-05T00:14:05.854074Z,KXBTC15M-26OCT042015-15,0.0010,20.00,no
2026-10-05T00:14:05.854074Z,KXBTC15M-26OCT042015-15,0.0010,10.00,no
2026-10-05T00:14:05.854074Z,KXBTC15M-26OCT042015-15,0.0010,10.00,no
2026-10-05T00:14:05.854074Z,KXBTC15M-26OCT042015-15,0.0030,0.01,no
2026-10-05T00:14:05.854074Z,KXBTC15M-26OCT042015-15,0.0010,0.12,no
2026-10-05T00:14:05.854074Z,KXBTC15M-26OCT042015-15,0.0010,10.00,no
2026-10-05T00:14:05.854074Z,KXBTC15M-26OCT042015-15,0.0030,0.01,no
2026-10-05T00:14:05.858012Z,KXBTC15M-26OCT042015-15,0.0050,0.01,yes
2026-10-05T00:14:05.858012Z,KXBTC15M-26OCT042015-15,0.0060,345.28,yes
2026-10-05T00:14:05.858012Z,KXBTC15M-26OCT042015-15,0.0050,5.00,yes
2026-10-05T00:14:05.858012Z,KXBTC15M-26OCT042015-15,0.0050,0.01,yes
2026-10-05T00:14:05.858012Z,KXBTC15M-26OCT042015-15,0.0050,108.00,yes
2026-10-05T00:14:05.858012Z,KXBTC15M-26OCT042015-15,0.0050,19.00,yes
2026-10-05T00:14:05.858012Z,KXBTC15M-26OCT042015-15,0.0050,48.30,yes
2026-10-05T00:14:05.858012Z,KXBTC15M-26OCT042015-15,0.0050,10.00,yes
2026-10-05T00:14:05.861974Z,KXBTC15M-26OCT042015-15,0.0060,11.77,yes
2026-10-05T00:14:05.877471Z,KXBTC15M-26OCT042015-15,0.0050,19.00,yes
2026-10-05T00:14:05.877471Z,KXBTC15M-26OCT042015-15,0.0050,0.01,yes
2026-10-05T00:14:05.877471Z,KXBTC15M-26OCT042015-15,0.0040,10.00,yes
2026-10-05T00:14:05.877471Z,KXBTC15M-26OCT042015-15,0.0060,126.27,yes
2026-10-05T00:14:05.877471Z,KXBTC15M-26OCT042015-15,0.0040,0.01,yes
2026-10-05T00:14:05.877471Z,KXBTC15M-26OCT042015-15,0.0040,0.01,yes
2026-10-05T00:14:05.902353Z,KXBTC15M-26OCT042015-15,0.0040,0.01,yes
2026-10-05T00:14:05.902353Z,KXBTC15M-26OCT042015-15,0.0040,6.00,yes
2026-10-05T00:14:05.902353Z,KXBTC15M-26OCT042015-15,0.0050,0.01,yes
2026-10-05T00:14:05.902353Z,KXBTC15M-26OCT042015-15,0.0050,0.01,yes
2026-10-05T00:14:05.902353Z,KXBTC15M-26OCT042015-15,0.0050,6.00,yes
2026-10-05T00:14:05.902353Z,KXBTC15M-26OCT042015-15,0.0060,641.07,yes
2026-10-05T00:14:05.902353Z,KXBTC15M-26OCT042015-15,0.0040,0.01,yes
2026-10-05T00:14:05.902353Z,KXBTC15M-26OCT042015-15,0.0040,16.00,yes
2026-10-05T00:14:05.902353Z,KXBTC15M-26OCT042015-15,0.0050,19.00,yes
2026-10-05T00:14:05.932771Z,KXBTC15M-26OCT042015-15,0.0030,0.01,no
2026-10-05T00:14:05.932771Z,KXBTC15M-26OCT042015-15,0.0030,0.01,no
2026-10-05T00:14:05.932771Z,KXBTC15M-26OCT042015-15,0.0030,199.98,no
2026-10-05T00:14:05.948219Z,KXBTC15M-26OCT042015-15,0.0030,100.00,no
2026-10-05T00:14:05.963327Z,KXBTC15M-26OCT042015-15,0.0030,1.00,no
2026-10-05T00:14:05.98229Z,KXBTC15M-26OCT042015-15,0.0030,1.00,no
2026-10-05T00:14:05.98229Z,KXBTC15M-26OCT042015-15,0.0030,0.01,no
2026-10-05T00:14:05.98229Z,KXBTC15M-26OCT042015-15,0.0030,199.02,no
2026-10-05T00:14:05.98229Z,KXBTC15M-26OCT042015-15,0.0030,0.01,no
2026-10-05T00:14:06.069708Z,KXBTC15M-26OCT042015-15,0.0030,168.40,yes
2026-10-05T00:14:06.130741Z,KXBTC15M-26OCT042015-15,0.0030,186.97,yes
2026-10-05T00:14:06.135965Z,KXBTC15M-26OCT042015-15,0.0030,93.51,yes
2026-10-05T00:14:06.294099Z,KXBTC15M-26OCT042015-15,0.0040,43.00,yes
2026-10-05T00:14:06.294099Z,KXBTC15M-26OCT042015-15,0.0040,28.00,yes
2026-10-05T00:14:06.294099Z,KXBTC15M-26OCT042015-15,0.0030,570.73,yes
2026-10-05T00:14:06.294099Z,KXBTC15M-26OCT042015-15,0.0030,0.01,yes
2026-10-05T00:14:06.294099Z,KXBTC15M-26OCT042015-15,0.0030,0.01,yes
2026-10-05T00:14:06.377455Z,KXBTC15M-26OCT042015-15,0.0010,73.02,no
2026-10-05T00:14:06.377455Z,KXBTC15M-26OCT042015-15,0.0020,1.00,no
2026-10-05T00:14:06.377455Z,KXBTC15M-26OCT042015-15,0.0010,40.00,no
2026-10-05T00:14:06.377455Z,KXBTC15M-26OCT042015-15,0.0020,0.01,no
2026-10-05T00:14:06.377455Z,KXBTC15M-26OCT042015-15,0.0020,0.01,no
2026-10-05T00:14:06.444217Z,KXBTC15M-26OCT042015-15,0.0040,0.01,yes
2026-10-05T00:14:06.444217Z,KXBTC15M-26OCT042015-15,0.0040,17.83,yes
2026-10-05T00:14:06.444217Z,KXBTC15M-26OCT042015-15,0.0040,0.01,yes
2026-10-05T00:14:06.448084Z,KXBTC15M-26OCT042015-15,0.0040,7.97,yes
2026-10-05T00:14:06.467339Z,KXBTC15M-26OCT042015-15,0.0020,0.01,no
2026-10-05T00:14:06.467339Z,KXBTC15M-26OCT042015-15,0.0020,0.01,no
2026-10-05T00:14:06.467339Z,KXBTC15M-26OCT042015-15,0.0020,0.98,no
2026-10-05T00:14:06.545705Z,KXBTC15M-26OCT042015-15,0.0040,3.73,yes
2026-10-05T00:14:06.595358Z,KXBTC15M-26OCT042015-15,0.0020,1.00,no
2026-10-05T00:14:06.64074Z,KXBTC15M-26OCT042015-15,0.0020,25.00,no
2026-10-05T00:14:06.645874Z,KXBTC15M-26OCT042015-15,0.0040,0.01,yes
2026-10-05T00:14:06.645874Z,KXBTC15M-26OCT042015-15,0.0030,28.00,yes
2026-10-05T00:14:06.645874Z,KXBTC15M-26OCT042015-15,0.0030,0.01,yes
2026-10-05T00:14:06.645874Z,KXBTC15M-26OCT042015-15,0.0040,45.00,yes
2026-10-05T00:14:06.645874Z,KXBTC15M-26OCT042015-15,0.0030,0.01,yes
2026-10-05T00:14:06.645874Z,KXBTC15M-26OCT042015-15,0.0040,0.01,yes
2026-10-05T00:14:06.645874Z,KXBTC15M-26OCT042015-15,0.0050,19.00,yes
2026-10-05T00:14:06.645874Z,KXBTC15M-26OCT042015-15,0.0060,12.69,yes
2026-10-05T00:14:06.665802Z,KXBTC15M-26OCT042015-15,0.0020,1.00,no
2026-10-05T00:14:06.665802Z,KXBTC15M-26OCT042015-15,0.0020,1.00,no
2026-10-05T00:14:06.665802Z,KXBTC15M-26OCT042015-15,0.0020,1.02,no
2026-10-05T00:14:06.665802Z,KXBTC15M-26OCT042015-15,0.0020,0.98,no
2026-10-05T00:14:06.665802Z,KXBTC15M-26OCT042015-15,0.0020,25.00,no
2026-10-05T00:14:06.665802Z,KXBTC15M-26OCT042015-15,0.0020,0.01,no
2026-10-05T00:14:06.665802Z,KXBTC15M-26OCT042015-15,0.0020,16.00,no
2026-10-05T00:14:06.665802Z,KXBTC15M-26OCT042015-15,0.0020,0.01,no
2026-10-05T00:14:06.665802Z,KXBTC15M-26OCT042015-15,0.0010,143.98,no
2026-10-05T00:14:06.665802Z,KXBTC15M-26OCT042015-15,0.0010,1.00,no
2026-10-05T00:14:06.669913Z,KXBTC15M-26OCT042015-15,0.0010,1.00,no
2026-10-05T00:14:06.774238Z,KXBTC15M-26OCT042015-15,0.0020,0.01,no
2026-10-05T00:14:06.774238Z,KXBTC15M-26OCT042015-15,0.0020,0.99,no
2026-10-05T00:14:06.845841Z,KXBTC15M-26OCT042015-15,0.0020,1.00,no
2026-10-05T00:14:06.936752Z,KXBTC15M-26OCT042015-15,0.0050,19.00,yes
2026-10-05T00:14:06.936752Z,KXBTC15M-26OCT042015-15,0.0030,0.01,yes
2026-10-05T00:14:06.936752Z,KXBTC15M-26OCT042015-15,0.0040,32.00,yes
2026-10-05T00:14:06.936752Z,KXBTC15M-26OCT042015-15,0.0030,0.01,yes
2026-10-05T00:14:06.936752Z,KXBTC15M-26OCT042015-15,0.0060,115.19,yes
2026-10-05T00:14:06.945847Z,KXBTC15M-26OCT042015-15,0.0020,26.01,no
2026-10-05T00:14:06.945847Z,KXBTC15M-26OCT042015-15,0.0020,0.99,no
2026-10-05T00:14:06.945847Z,KXBTC15M-26OCT042015-15,0.0020,0.01,no
2026-10-05T00:14:06.945847Z,KXBTC15M-26OCT042015-15,0.0020,0.01,no
2026-10-05T00:14:06.945847Z,KXBTC15M-26OCT042015-15,0.0020,1.00,no
2026-10-05T00:14:06.945847Z,KXBTC15M-26OCT042015-15,0.0020,5.00,no
2026-10-05T00:14:06.945847Z,KXBTC15M-26OCT042015-15,0.0010,227.19,no
2026-10-05T00:14:06.988294Z,KXBTC15M-26OCT042015-15,0.0020,28.00,no
2026-10-05T00:14:06.988294Z,KXBTC15M-26OCT042015-15,0.0020,0.01,no
2026-10-05T00:14:06.988294Z,KXBTC15M-26OCT042015-15,0.0010,10.00,no
2026-10-05T00:14:06.988294Z,KXBTC15M-26OCT042015-15,0.0020,1.00,no
2026-10-05T00:14:06.988294Z,KXBTC15M-26OCT042015-15,0.0020,0.01,no
2026-10-05T00:14:06.988294Z,KXBTC15M-26OCT042015-15,0.0010,10.00,no
2026-10-05T00:14:06.988294Z,KXBTC15M-26OCT042015-15,0.0010,1.17,no
2026-10-05T00:14:06.988294Z,KXBTC15M-26OCT042015-15,0.0010,10.00,no
2026-10-05T00:14:06.988294Z,KXBTC15M-26OCT042015-15,0.0010,44.59,no
2026-10-05T00:14:06.988294Z,KXBTC15M-26OCT042015-15,0.0010,127.83,no
2026-10-05T00:14:06.993838Z,KXBTC15M-26OCT042015-15,0.0050,19.00,yes
2026-10-05T00:14:06.993838Z,KXBTC15M-26OCT042015-15,0.0050,7.00,yes
2026-10-05T00:14:06.993838Z,KXBTC15M-26OCT042015-15,0.0030,0.01,yes
2026-10-05T00:14:06.993838Z,KXBTC15M-26OCT042015-15,0.0030,0.01,yes
2026-10-05T00:14:06.993838Z,KXBTC15M-26OCT042015-15,0.0050,10.00,yes
2026-10-05T00:14:06.993838Z,KXBTC15M-26OCT042015-15,0.0050,10.00,yes
2026-10-05T00:14:06.993838Z,KXBTC15M-26OCT042015-15,0.0060,116.86,yes
2026-10-05T00:14:07.134731Z,KXBTC15M-26OCT042015-15,0.0050,18.52,yes
2026-10-05T00:14:07.134731Z,KXBTC15M-26OCT042015-15,0.0050,0.01,yes
2026-10-05T00:14:07.134731Z,KXBTC15M-26OCT042015-15,0.0040,6.00,yes
2026-10-05T00:14:07.134731Z,KXBTC15M-26OCT042015-15,0.0050,0.01,yes
2026-10-05T00:14:07.134731Z,KXBTC15M-26OCT042015-15,0.0040,0.01,yes
2026-10-05T00:14:07.134731Z,KXBTC15M-26OCT042015-15,0.0040,36.00,yes
2026-10-05T00:14:07.134731Z,KXBTC15M-26OCT042015-15,0.0040,0.01,yes
2026-10-05T00:14:07.201644Z,KXBTC15M-26OCT042015-15,0.0050,6.00,yes
2026-10-05T00:14:07.201644Z,KXBTC15M-26OCT042015-15,0.0040,0.01,yes
2026-10-05T00:14:07.201644Z,KXBTC15M-26OCT042015-15,0.0050,0.01,yes
2026-10-05T00:14:07.201644Z,KXBTC15M-26OCT042015-15,0.0050,19.00,yes
2026-10-05T00:14:07.201644Z,KXBTC15M-26OCT042015-15,0.0050,10.00,yes
2026-10-05T00:14:07.201644Z,KXBTC15M-26OCT042015-15,0.0040,0.01,yes
2026-10-05T00:14:07.201644Z,KXBTC15M-26OCT042015-15,0.0040,6.00,yes
2026-10-05T00:14:07.201644Z,KXBTC15M-26OCT042015-15,0.0050,0.01,yes
2026-10-05T00:14:07.201644Z,KXBTC15M-26OCT042015-15,0.0060,121.96,yes
2026-10-05T00:14:07.227815Z,KXBTC15M-26OCT042015-15,0.0040,0.01,yes
2026-10-05T00:14:07.227815Z,KXBTC15M-26OCT042015-15,0.0040,0.01,yes
2026-10-05T00:14:07.227815Z,KXBTC15M-26OCT042015-15,0.0050,0.16,yes
2026-10-05T00:14:07.232247Z,KXBTC15M-26OCT042015-15,0.0020,0.98,no
2026-10-05T00:14:07.232247Z,KXBTC15M-26OCT042015-15,0.0020,0.01,no
2026-10-05T00:14:07.232247Z,KXBTC15M-26OCT042015-15,0.0020,0.01,no
2026-10-05T00:14:07.265569Z,KXBTC15M-26OCT042015-15,0.0050,0.16,yes
2026-10-05T00:14:07.265569Z,KXBTC15M-26OCT042015-15,0.0050,0.01,yes
2026-10-05T00:14:07.265569Z,KXBTC15M-26OCT042015-15,0.0040,0.01,yes
2026-10-05T00:14:07.265569Z,KXBTC15M-26OCT042015-15,0.0050,0.01,yes
2026-10-05T00:14:07.265569Z,KXBTC15M-26OCT042015-15,0.0050,55.00,yes
2026-10-05T00:14:07.265569Z,KXBTC15M-26OCT042015-15,0.0040,0.01,yes
2026-10-05T00:14:07.265569Z,KXBTC15M-26OCT042015-15,0.0040,6.00,yes
2026-10-05T00:14:07.265569Z,KXBTC15M-26OCT042015-15,0.0050,18.84,yes
2026-10-05T00:14:07.265569Z,KXBTC15M-26OCT042015-15,0.0060,86.29,yes
2026-10-05T00:14:07.377082Z,KXBTC15M-26OCT042015-15,0.0010,40.00,no
2026-10-05T00:14:07.377082Z,KXBTC15M-26OCT042015-15,0.0010,10.00,no
2026-10-05T00:14:07.377082Z,KXBTC15M-26OCT042015-15,0.0010,5.61,no
2026-10-05T00:14:07.377082Z,KXBTC15M-26OCT042015-15,0.0020,0.01,no
2026-10-05T00:14:07.377082Z,KXBTC15M-26OCT042015-15,0.0020,0.01,no
2026-10-05T00:14:07.377082Z,KXBTC15M-26OCT042015-15,0.0010,10.00,no
2026-10-05T00:14:07.377082Z,KXBTC15M-26OCT042015-15,0.0020,0.02,no
2026-10-05T00:14:07.377082Z,KXBTC15M-26OCT042015-15,0.0020,75.00,no
2026-10-05T00:14:07.377082Z,KXBTC15M-26OCT042015-15,0.0010,1.00,no
2026-10-05T00:14:07.378407Z,KXBTC15M-26OCT042015-15,0.0010,322.16,yes
2026-10-05T00:14:07.464436Z,KXBTC15M-26OCT042015-15,0.0040,0.01,yes
2026-10-05T00:14:07.464436Z,KXBTC15M-26OCT042015-15,0.0040,32.00,yes
2026-10-05T00:14:07.464436Z,KXBTC15M-26OCT042015-15,0.0050,0.14,yes
2026-10-05T00:14:07.464436Z,KXBTC15M-26OCT042015-15,0.0040,0.01,yes
2026-10-05T00:14:07.464436Z,KXBTC15M-26OCT042015-15,0.0010,81.00,yes
2026-10-05T00:14:07.464436Z,KXBTC15M-26OCT042015-15,0.0060,81.00,yes
2026-10-05T00:14:07.464436Z,KXBTC15M-26OCT042015-15,0.0040,81.00,yes
2026-10-05T00:14:07.464436Z,KXBTC15M-26OCT042015-15,0.0020,81.00,yes
2026-10-05T00:14:07.464436Z,KXBTC15M-26OCT042015-15,0.0010,286.19,yes
2026-10-05T00:14:07.464436Z,KXBTC15M-26OCT042015-15,0.0050,19.00,yes
2026-10-05T00:14:07.464436Z,KXBTC15M-26OCT042015-15,0.0080,71.65,yes
2026-10-05T00:14:07.464436Z,KXBTC15M-26OCT042015-15,0.0080,2.00,yes
2026-10-05T00:14:07.464436Z,KXBTC15M-26OCT042015-15,0.0080,2.00,yes
2026-10-05T00:14:07.464436Z,KXBTC15M-26OCT042015-15,0.0060,347.01,yes
2026-10-05T00:14:07.650329Z,KXBTC15M-26OCT042015-15,0.0020,14.98,no
2026-10-05T00:14:07.650329Z,KXBTC15M-26OCT042015-15,0.0020,0.01,no
2026-10-05T00:14:07.650329Z,KXBTC15M-26OCT042015-15,0.0020,0.01,no
2026-10-05T00:14:07.650329Z,KXBTC15M-26OCT042015-15,0.0020,1.00,no
2026-10-05T00:14:07.751998Z,KXBTC15M-26OCT042015-15,0.0020,0.01,no
2026-10-05T00:14:07.751998Z,KXBTC15M-26OCT042015-15,0.0020,1.00,no
2026-10-05T00:14:07.751998Z,KXBTC15M-26OCT042015-15,0.0020,0.01,no
2026-10-05T00:14:07.751998Z,KXBTC15M-26OCT042015-15,0.0020,112.63,no
2026-10-05T00:14:07.751998Z,KXBTC15M-26OCT042015-15,0.0020,28.00,no
2026-10-05T00:14:07.776364Z,KXBTC15M-26OCT042015-15,0.0030,4.00,yes
2026-10-05T00:14:07.776364Z,KXBTC15M-26OCT042015-15,0.0040,10.00,yes
2026-10-05T00:14:07.776364Z,KXBTC15M-26OCT042015-15,0.0030,0.01,yes
2026-10-05T00:14:07.776364Z,KXBTC15M-26OCT042015-15,0.0040,24.00,yes
2026-10-05T00:14:07.776364Z,KXBTC15M-26OCT042015-15,0.0030,0.01,yes
2026-10-05T00:14:07.776364Z,KXBTC15M-26OCT042015-15,0.0050,44.66,yes
2026-10-05T00:14:07.819986Z,KXBTC15M-26OCT042015-15,0.0020,1.00,no
2026-10-05T00:14:07.819986Z,KXBTC15M-26OCT042015-15,0.0020,28.00,no
2026-10-05T00:14:07.819986Z,KXBTC15M-26OCT042015-15,0.0020,0.01,no
2026-10-05T00:14:07.819986Z,KXBTC15M-26OCT042015-15,0.0020,30.98,no
2026-10-05T00:14:07.819986Z,KXBTC15M-26OCT042015-15,0.0020,0.01,no
2026-10-05T00:14:07.859454Z,KXBTC15M-26OCT042015-15,0.0010,2.00,no
2026-10-05T00:14:07.859454Z,KXBTC15M-26OCT042015-15,0.0020,45.02,no
2026-10-05T00:14:07.859454Z,KXBTC15M-26OCT042015-15,0.0010,10.00,no
2026-10-05T00:14:07.859454Z,KXBTC15M-26OCT042015-15,0.0010,1.00,no
2026-10-05T00:14:07.859454Z,KXBTC15M-26OCT042015-15,0.0010,10.00,no
2026-10-05T00:14:07.859454Z,KXBTC15M-26OCT042015-15,0.0020,0.01,no
2026-10-05T00:14:07.859454Z,KXBTC15M-26OCT042015-15,0.0020,0.01,no
2026-10-05T00:14:07.859454Z,KXBTC15M-26OCT042015-15,0.0010,2.00,no
2026-10-05T00:14:07.859454Z,KXBTC15M-26OCT042015-15,0.0020,1.00,no
2026-10-05T00:14:07.859454Z,KXBTC15M-26OCT042015-15,0.0010,20.37,no
2026-10-05T00:14:07.875916Z,KXBTC15M-26OCT042015-15,0.0030,0.01,yes
2026-10-05T00:14:07.875916Z,KXBTC15M-26OCT042015-15,0.0060,10.00,yes
2026-10-05T00:14:07.875916Z,KXBTC15M-26OCT042015-15,0.0030,0.01,yes
2026-10-05T00:14:07.875916Z,KXBTC15M-26OCT042015-15,0.0070,17.00,yes
2026-10-05T00:14:07.875916Z,KXBTC15M-26OCT042015-15,0.0040,32.00,yes
2026-10-05T00:14:07.875916Z,KXBTC15M-26OCT042015-15,0.0050,0.01,yes
2026-10-05T00:14:07.875916Z,KXBTC15M-26OCT042015-15,0.0070,6.00,yes
2026-10-05T00:14:07.875916Z,KXBTC15M-26OCT042015-15,0.0040,10.00,yes
2026-10-05T00:14:07.875916Z,KXBTC15M-26OCT042015-15,0.0080,50.97,yes
2026-10-05T00:14:07.98622Z,KXBTC15M-26OCT042015-15,0.0020,8.00,no
2026-10-05T00:14:07.98622Z,KXBTC15M-26OCT042015-15,0.0020,0.01,no
2026-10-05T00:14:07.98622Z,KXBTC15M-26OCT042015-15,0.0020,1.00,no
2026-10-05T00:14:07.98622Z,KXBTC15M-26OCT042015-15,0.0020,0.01,no
2026-10-05T00:14:08.034027Z,KXBTC15M-26OCT042015-15,0.0070,17.00,yes
2026-10-05T00:14:08.034027Z,KXBTC15M-26OCT042015-15,0.0030,0.01,yes
2026-10-05T00:14:08.034027Z,KXBTC15M-26OCT042015-15,0.0050,10.00,yes
2026-10-05T00:14:08.034027Z,KXBTC15M-26OCT042015-15,0.0030,0.01,yes
2026-10-05T00:14:08.034027Z,KXBTC15M-26OCT042015-15,0.0050,53.00,yes
2026-10-05T00:14:08.034027Z,KXBTC15M-26OCT042015-15,0.0080,1091.97,yes
2026-10-05T00:14:08.066376Z,KXBTC15M-26OCT042015-15,0.0030,200.00,no
2026-10-05T00:14:08.087552Z,KXBTC15M-26OCT042015-15,0.0030,30.00,no
2026-10-05T00:14:08.102482Z,KXBTC15M-26OCT042015-15,0.0030,53.00,no
2026-10-05T00:14:08.195205Z,KXBTC15M-26OCT042015-15,0.0030,190.00,no
2026-10-05T00:14:08.304591Z,KXBTC15M-26OCT042015-15,0.0030,0.62,no
2026-10-05T00:14:08.368473Z,KXBTC15M-26OCT042015-15,0.0030,26.38,no
2026-10-05T00:14:08.368473Z,KXBTC15M-26OCT042015-15,0.0030,25.78,no
2026-10-05T00:14:08.416113Z,KXBTC15M-26OCT042015-15,0.0030,200.00,no
2026-10-05T00:14:08.434884Z,KXBTC15M-26OCT042015-15,0.0030,0.01,no
2026-10-05T00:14:08.434884Z,KXBTC15M-26OCT042015-15,0.0030,0.01,no
2026-10-05T00:14:08.434884Z,KXBTC15M-26OCT042015-15,0.0030,1.00,no
2026-10-05T00:14:08.434884Z,KXBTC15M-26OCT042015-15,0.0020,39.59,no
2026-10-05T00:14:08.436405Z,KXBTC15M-26OCT042015-15,0.0130,6.00,yes
2026-10-05T00:14:08.436405Z,KXBTC15M-26OCT042015-15,0.0060,10.00,yes
2026-10-05T00:14:08.436405Z,KXBTC15M-26OCT042015-15,0.0050,37.00,yes
2026-10-05T00:14:08.436405Z,KXBTC15M-26OCT042015-15,0.0040,4.00,yes
2026-10-05T00:14:08.436405Z,KXBTC15M-26OCT042015-15,0.0140,13.00,yes
2026-10-05T00:14:08.436405Z,KXBTC15M-26OCT042015-15,0.0040,0.01,yes
2026-10-05T00:14:08.436405Z,KXBTC15M-26OCT042015-15,0.0040,0.01,yes
2026-10-05T00:14:08.436405Z,KXBTC15M-26OCT042015-15,0.0140,6.00,yes
2026-10-05T00:14:08.436405Z,KXBTC15M-26OCT042015-15,0.0120,6.00,yes
2026-10-05T00:14:08.436405Z,KXBTC15M-26OCT042015-15,0.0100,10.00,yes
2026-10-05T00:14:08.436405Z,KXBTC15M-26OCT042015-15,0.0080,2.00,yes
2026-10-05T00:14:08.436405Z,KXBTC15M-26OCT042015-15,0.0080,2.00,yes
2026-10-05T00:14:08.436405Z,KXBTC15M-26OCT042015-15,0.0090,2.00,yes
2026-10-05T00:14:08.436405Z,KXBTC15M-26OCT042015-15,0.0080,10.00,yes
2026-10-05T00:14:08.436405Z,KXBTC15M-26OCT042015-15,0.0090,2.00,yes
2026-10-05T00:14:08.436405Z,KXBTC15M-26OCT042015-15,0.0150,28.96,yes
2026-10-05T00:14:08.436405Z,KXBTC15M-26OCT042015-15,0.0100,2.00,yes
2026-10-05T00:14:08.436405Z,KXBTC15M-26OCT042015-15,0.0100,2.00,yes
2026-10-05T00:14:08.436405Z,KXBTC15M-26OCT042015-15,0.0100,1.00,yes
2026-10-05T00:14:08.532466Z,KXBTC15M-26OCT042015-15,0.0040,20.00,no
2026-10-05T00:14:08.532466Z,KXBTC15M-26OCT042015-15,0.0040,2.00,no
2026-10-05T00:14:08.532466Z,KXBTC15M-26OCT042015-15,0.0040,1.00,no
2026-10-05T00:14:08.532466Z,KXBTC15M-26OCT042015-15,0.0040,0.01,no
2026-10-05T00:14:08.532466Z,KXBTC15M-26OCT042015-15,0.0040,2.00,no
2026-10-05T00:14:08.532466Z,KXBTC15M-26OCT042015-15,0.0040,0.01,no
2026-10-05T00:14:08.551825Z,KXBTC15M-26OCT042015-15,0.0040,0.01,no
2026-10-05T00:14:08.551825Z,KXBTC15M-26OCT042015-15,0.0040,0.01,no
2026-10-05T00:14:08.593219Z,KXBTC15M-26OCT042015-15,0.0040,12.21,yes
2026-10-05T00:14:08.845241Z,KXBTC15M-26OCT042015-15,0.0040,3.00,yes
2026-10-05T00:14:08.845241Z,KXBTC15M-26OCT042015-15,0.0090,28.00,yes
2026-10-05T00:14:08.845241Z,KXBTC15M-26OCT042015-15,0.0060,10.00,yes
2026-10-05T00:14:08.845241Z,KXBTC15M-26OCT042015-15,0.0040,0.01,yes
2026-10-05T00:14:08.845241Z,KXBTC15M-26OCT042015-15,0.0040,75.77,yes
2026-10-05T00:14:08.845241Z,KXBTC15M-26OCT042015-15,0.0040,0.01,yes
2026-10-05T00:14:08.845241Z,KXBTC15M-26OCT042015-15,0.0080,14.00,yes
2026-10-05T00:14:08.845241Z,KXBTC15M-26OCT042015-15,0.0050,38.00,yes
2026-10-05T00:14:08.845241Z,KXBTC15M-26OCT042015-15,0.0090,192.21,yes
2026-10-05T00:14:08.879012Z,KXBTC15M-26OCT042015-15,0.0060,0.13,yes
2026-10-05T00:14:08.879012Z,KXBTC15M-26OCT042015-15,0.0050,0.01,yes
2026-10-05T00:14:08.879012Z,KXBTC15M-26OCT042015-15,0.0050,0.01,yes
2026-10-05T00:14:08.913024Z,KXBTC15M-26OCT042015-15,0.0100,4.00,yes
2026-10-05T00:14:08.913024Z,KXBTC15M-26OCT042015-15,0.0060,0.01,yes
2026-10-05T00:14:08.913024Z,KXBTC15M-26OCT042015-15,0.0060,0.01,yes
2026-10-05T00:14:08.913024Z,KXBTC15M-26OCT042015-15,0.0090,0.01,yes
2026-10-05T00:14:08.913024Z,KXBTC15M-26OCT042015-15,0.0100,77.59,yes
2026-10-05T00:14:08.928049Z,KXBTC15M-26OCT042015-15,0.0010,500.00,no
2026-10-05T00:14:08.928049Z,KXBTC15M-26OCT042015-15,0.0010,1.00,no
2026-10-05T00:14:08.928049Z,KXBTC15M-26OCT042015-15,0.0030,2.00,no
2026-10-05T00:14:08.928049Z,KXBTC15M-26OCT042015-15,0.0030,25.00,no
2026-10-05T00:14:08.928049Z,KXBTC15M-26OCT042015-15,0.0030,2.00,no
2026-10-05T00:14:08.928049Z,KXBTC15M-26OCT042015-15,0.0020,2.00,no
2026-10-05T00:14:08.928049Z,KXBTC15M-26OCT042015-15,0.0030,0.01,no
2026-10-05T00:14:08.928049Z,KXBTC15M-26OCT042015-15,0.0030,0.01,no
2026-10-05T00:14:08.928049Z,KXBTC15M-26OCT042015-15,0.0010,1.00,no
2026-10-05T00:14:08.928049Z,KXBTC15M-26OCT042015-15,0.0020,1.00,no
2026-10-05T00:14:08.928049Z,KXBTC15M-26OCT042015-15,0.0030,56.00,no
2026-10-05T00:14:08.928049Z,KXBTC15M-26OCT042015-15,0.0030,1.00,no
2026-10-05T00:14:08.928049Z,KXBTC15M-26OCT042015-15,0.0020,2.00,no
2026-10-05T00:14:08.928049Z,KXBTC15M-26OCT042015-15,0.0010,10.00,no
2026-10-05T00:14:08.928049Z,KXBTC15M-26OCT042015-15,0.0010,0.14,no
2026-10-05T00:14:08.928049Z,KXBTC15M-26OCT042015-15,0.0020,77.00,no
2026-10-05T00:14:08.928049Z,KXBTC15M-26OCT042015-15,0.0010,10.00,no
2026-10-05T00:14:08.928049Z,KXBTC15M-26OCT042015-15,0.0010,10.00,no
2026-10-05T00:14:08.958057Z,KXBTC15M-26OCT042015-15,0.0080,0.01,yes
2026-10-05T00:14:08.958057Z,KXBTC15M-26OCT042015-15,0.0080,0.01,yes
2026-10-05T00:14:08.958057Z,KXBTC15M-26OCT042015-15,0.0080,14.00,yes
2026-10-05T00:14:08.958057Z,KXBTC15M-26OCT042015-15,0.0040,10.00,yes
2026-10-05T00:14:08.958057Z,KXBTC15M-26OCT042015-15,0.0080,2.00,yes
2026-10-05T00:14:08.958057Z,KXBTC15M-26OCT042015-15,0.0080,2.00,yes
2026-10-05T00:14:08.958057Z,KXBTC15M-26OCT042015-15,0.0050,10.00,yes
2026-10-05T00:14:08.958057Z,KXBTC15M-26OCT042015-15,0.0050,51.00,yes
2026-10-05T00:14:08.958057Z,KXBTC15M-26OCT042015-15,0.0090,567.74,yes
2026-10-05T00:14:08.985728Z,KXBTC15M-26OCT042015-15,0.0030,199.98,no
2026-10-05T00:14:08.985728Z,KXBTC15M-26OCT042015-15,0.0030,0.01,no
2026-10-05T00:14:08.985728Z,KXBTC15M-26OCT042015-15,0.0030,0.01,no
2026-10-05T00:14:08.994985Z,KXBTC15M-26OCT042015-15,0.0030,24.06,no
2026-10-05T00:14:09.000867Z,KXBTC15M-26OCT042015-15,0.0040,0.01,yes
2026-10-05T00:14:09.000867Z,KXBTC15M-26OCT042015-15,0.0040,0.01,yes
2026-10-05T00:14:09.000867Z,KXBTC15M-26OCT042015-15,0.0100,1.00,yes
2026-10-05T00:14:09.000867Z,KXBTC15M-26OCT042015-15,0.0090,17.00,yes
2026-10-05T00:14:09.000867Z,KXBTC15M-26OCT042015-15,0.0100,1.00,yes
2026-10-05T00:14:09.000867Z,KXBTC15M-26OCT042015-15,0.0100,2.00,yes
2026-10-05T00:14:09.000867Z,KXBTC15M-26OCT042015-15,0.0090,2.00,yes
2026-10-05T00:14:09.000867Z,KXBTC15M-26OCT042015-15,0.0100,2.00,yes
2026-10-05T00:14:09.000867Z,KXBTC15M-26OCT042015-15,0.0100,56.60,yes
2026-10-05T00:14:09.006129Z,KXBTC15M-26OCT042015-15,0.0030,200.00,no
2026-10-05T00:14:09.028065Z,KXBTC15M-26OCT042015-15,0.0030,200.00,no
2026-10-05T00:14:09.085743Z,KXBTC15M-26OCT042015-15,0.0030,600.71,no
2026-10-05T00:14:09.088397Z,KXBTC15M-26OCT042015-15,0.0060,0.01,yes
2026-10-05T00:14:09.088397Z,KXBTC15M-26OCT042015-15,0.0050,35.00,yes
2026-10-05T00:14:09.088397Z,KXBTC15M-26OCT042015-15,0.0100,64.00,yes
2026-10-05T00:14:09.088397Z,KXBTC15M-26OCT042015-15,0.0100,16.00,yes
2026-10-05T00:14:09.088397Z,KXBTC15M-26OCT042015-15,0.0040,0.01,yes
2026-10-05T00:14:09.088397Z,KXBTC15M-26OCT042015-15,0.0040,0.01,yes
2026-10-05T00:14:09.088397Z,KXBTC15M-26OCT042015-15,0.0080,0.15,yes
2026-10-05T00:14:09.088397Z,KXBTC15M-26OCT042015-15,0.0060,10.00,yes
2026-10-05T00:14:09.088397Z,KXBTC15M-26OCT042015-15,0.0100,15.00,yes
2026-10-05T00:14:09.088397Z,KXBTC15M-26OCT042015-15,0.0110,311.21,yes
2026-10-05T00:14:09.107791Z,KXBTC15M-26OCT042015-15,0.0060,138.81,yes
2026-10-05T00:14:09.107791Z,KXBTC15M-26OCT042015-15,0.0050,19.00,yes
2026-10-05T00:14:09.18142Z,KXBTC15M-26OCT042015-15,0.0050,18.70,yes
2026-10-05T00:14:09.18142Z,KXBTC15M-26OCT042015-15,0.0050,0.01,yes
2026-10-05T00:14:09.207624Z,KXBTC15M-26OCT042015-15,0.0060,75.83,yes
2026-10-05T00:14:09.207624Z,KXBTC15M-26OCT042015-15,0.0050,0.30,yes
2026-10-05T00:14:09.207624Z,KXBTC15M-26OCT042015-15,0.0050,7.00,yes
2026-10-05T00:14:09.207624Z,KXBTC15M-26OCT042015-15,0.0050,18.70,yes
2026-10-05T00:14:09.222076Z,KXBTC15M-26OCT042015-15,0.0060,9.37,yes
2026-10-05T00:14:09.366705Z,KXBTC15M-26OCT042015-15,0.0020,258.98,no
2026-10-05T00:14:09.366705Z,KXBTC15M-26OCT042015-15,0.0020,2.00,no
2026-10-05T00:14:09.366705Z,KXBTC15M-26OCT042015-15,0.0030,2.00,no
2026-10-05T00:14:09.366705Z,KXBTC15M-26OCT042015-15,0.0030,1.00,no
2026-10-05T00:14:09.366705Z,KXBTC15M-26OCT042015-15,0.0030,2.00,no
2026-10-05T00:14:09.366705Z,KXBTC15M-26OCT042015-15,0.0020,1.00,no
2026-10-05T00:14:09.366705Z,KXBTC15M-26OCT042015-15,0.0020,81.00,no
2026-10-05T00:14:09.366705Z,KXBTC15M-26OCT042015-15,0.0020,2.00,no
2026-10-05T00:14:09.366705Z,KXBTC15M-26OCT042015-15,0.0030,0.01,no
2026-10-05T00:14:09.366705Z,KXBTC15M-26OCT042015-15,0.0030,25.00,no
2026-10-05T00:14:09.366705Z,KXBTC15M-26OCT042015-15,0.0030,0.01,no
2026-10-05T00:14:09.38488Z,KXBTC15M-26OCT042015-15,0.0020,168.99,no
2026-10-05T00:14:09.38488Z,KXBTC15M-26OCT042015-15,0.0030,6.00,no
2026-10-05T00:14:09.38488Z,KXBTC15M-26OCT042015-15,0.0030,0.01,no
2026-10-05T00:14:09.38488Z,KXBTC15M-26OCT042015-15,0.0030,25.00,no
2026-10-05T00:14:09.390508Z,KXBTC15M-26OCT042015-15,0.0030,0.01,no
2026-10-05T00:14:09.390508Z,KXBTC15M-26OCT042015-15,0.0020,119.88,no
2026-10-05T00:14:09.398342Z,KXBTC15M-26OCT042015-15,0.0030,25.00,no
2026-10-05T00:14:09.398342Z,KXBTC15M-26OCT042015-15,0.0020,174.99,no
2026-10-05T00:14:09.398342Z,KXBTC15M-26OCT042015-15,0.0030,0.01,no
2026-10-05T00:14:09.413686Z,KXBTC15M-26OCT042015-15,0.0030,0.01,no
2026-10-05T00:14:09.413686Z,KXBTC15M-26OCT042015-15,0.0030,0.01,no
2026-10-05T00:14:09.413686Z,KXBTC15M-26OCT042015-15,0.0020,199.98,no
2026-10-05T00:14:09.527849Z,KXBTC15M-26OCT042015-15,0.0060,77.81,yes
2026-10-05T00:14:09.527849Z,KXBTC15M-26OCT042015-15,0.0050,0.01,yes
2026-10-05T00:14:09.527849Z,KXBTC15M-26OCT042015-15,0.0050,0.01,yes
2026-10-05T00:14:09.527849Z,KXBTC15M-26OCT042015-15,0.0050,2.00,yes
2026-10-05T00:14:09.527849Z,KXBTC15M-26OCT042015-15,0.0050,7.00,yes
2026-10-05T00:14:09.527849Z,KXBTC15M-26OCT042015-15,0.0050,19.00,yes
2026-10-05T00:14:09.527849Z,KXBTC15M-26OCT042015-15,0.0050,50.00,yes
2026-10-05T00:14:09.632279Z,KXBTC15M-26OCT042015-15,0.0050,0.01,yes
2026-10-05T00:14:09.632279Z,KXBTC15M-26OCT042015-15,0.0050,0.01,yes
2026-10-05T00:14:09.632279Z,KXBTC15M-26OCT042015-15,0.0050,19.00,yes
2026-10-05T00:14:09.632279Z,KXBTC15M-26OCT042015-15,0.0060,130.81,yes
2026-10-05T00:14:09.632279Z,KXBTC15M-26OCT042015-15,0.0050,6.00,yes
2026-10-05T00:14:09.645776Z,KXBTC15M-26OCT042015-15,0.0030,0.01,no
2026-10-05T00:14:09.645776Z,KXBTC15M-26OCT042015-15,0.0030,0.01,no
2026-10-05T00:14:09.645776Z,KXBTC15M-26OCT042015-15,0.0020,16.26,no
2026-10-05T00:14:09.681098Z,KXBTC15M-26OCT042015-15,0.0050,0.01,yes
2026-10-05T00:14:09.681098Z,KXBTC15M-26OCT042015-15,0.0050,0.01,yes
2026-10-05T00:14:09.681098Z,KXBTC15M-26OCT042015-15,0.0050,35.00,yes
2026-10-05T00:14:09.681098Z,KXBTC15M-26OCT042015-15,0.0050,3.94,yes
2026-10-05T00:14:09.740821Z,KXBTC15M-26OCT042015-15,0.0050,3.94,yes
2026-10-05T00:14:09.740821Z,KXBTC15M-26OCT042015-15,0.0060,284.49,yes
2026-10-05T00:14:09.740821Z,KXBTC15M-26OCT042015-15,0.0050,3.94,yes
2026-10-05T00:14:09.740821Z,KXBTC15M-26OCT042015-15,0.0050,0.01,yes
2026-10-05T00:14:09.740821Z,KXBTC15M-26OCT042015-15,0.0050,0.01,yes
2026-10-05T00:14:09.740821Z,KXBTC15M-26OCT042015-15,0.0050,6.00,yes
2026-10-05T00:14:09.740821Z,KXBTC15M-26OCT042015-15,0.0050,11.12,yes
2026-10-05T00:14:09.769933Z,KXBTC15M-26OCT042015-15,0.0020,200.00,no
2026-10-05T00:14:09.780759Z,KXBTC15M-26OCT042015-15,0.0020,25.04,no
2026-10-05T00:14:09.784157Z,KXBTC15M-26OCT042015-15,0.0020,48.09,no
2026-10-05T00:14:09.784157Z,KXBTC15M-26OCT042015-15,0.0020,70.89,no
2026-10-05T00:14:09.784157Z,KXBTC15M-26OCT042015-15,0.0020,81.00,no
2026-10-05T00:14:09.784157Z,KXBTC15M-26OCT042015-15,0.0020,0.01,no
2026-10-05T00:14:09.784157Z,KXBTC15M-26OCT042015-15,0.0020,0.01,no
2026-10-05T00:14:09.793182Z,KXBTC15M-26OCT042015-15,0.0020,120.00,no
2026-10-05T00:14:09.798375Z,KXBTC15M-26OCT042015-15,0.0020,200.00,no
2026-10-05T00:14:09.820005Z,KXBTC15M-26OCT042015-15,0.0070,17.00,yes
2026-10-05T00:14:09.820005Z,KXBTC15M-26OCT042015-15,0.0060,10.00,yes
2026-10-05T00:14:09.820005Z,KXBTC15M-26OCT042015-15,0.0060,0.01,yes
2026-10-05T00:14:09.820005Z,KXBTC15M-26OCT042015-15,0.0080,97.00,yes
2026-10-05T00:14:09.820005Z,KXBTC15M-26OCT042015-15,0.0060,0.01,yes
2026-10-05T00:14:09.820005Z,KXBTC15M-26OCT042015-15,0.0060,79.00,yes
2026-10-05T00:14:09.957553Z,KXBTC15M-26OCT042015-15,0.0060,0.01,yes
2026-10-05T00:14:09.957553Z,KXBTC15M-26OCT042015-15,0.0060,87.79,yes
2026-10-05T00:14:09.957553Z,KXBTC15M-26OCT042015-15,0.0060,0.01,yes
2026-10-05T00:14:09.957553Z,KXBTC15M-26OCT042015-15,0.0060,56.00,yes
2026-10-05T00:14:09.996559Z,KXBTC15M-26OCT042015-15,0.0060,5.00,no
2026-10-05T00:14:10.014202Z,KXBTC15M-26OCT042015-15,0.0060,7.01,no
2026-10-05T00:14:10.053019Z,KXBTC15M-26OCT042015-15,0.0060,20.00,no
2026-10-05T00:14:10.06785Z,KXBTC15M-26OCT042015-15,0.0060,2.00,no
2026-10-05T00:14:10.081421Z,KXBTC15M-26OCT042015-15,0.0060,11.00,no
2026-10-05T00:14:10.088584Z,KXBTC15M-26OCT042015-15,0.0060,4.00,no
2026-10-05T00:14:10.102671Z,KXBTC15M-26OCT042015-15,0.0070,0.63,yes
2026-10-05T00:14:10.143889Z,KXBTC15M-26OCT042015-15,0.0060,37.04,no
2026-10-05T00:14:10.262094Z,KXBTC15M-26OCT042015-15,0.0060,100.00,no
2026-10-05T00:14:10.262094Z,KXBTC15M-26OCT042015-15,0.0060,0.01,no
2026-10-05T00:14:10.262094Z,KXBTC15M-26OCT042015-15,0.0060,1270.14,no
2026-10-05T00:14:10.262094Z,KXBTC15M-26OCT042015-15,0.0060,0.01,no
2026-10-05T00:14:10.306019Z,KXBTC15M-26OCT042015-15,0.0060,0.01,no
2026-10-05T00:14:10.306019Z,KXBTC15M-26OCT042015-15,0.0060,0.01,no
2026-10-05T00:14:10.306019Z,KXBTC15M-26OCT042015-15,0.0040,5.50,no
2026-10-05T00:14:10.439668Z,KXBTC15M-26OCT042015-15,0.0040,3.95,no
2026-10-05T00:14:10.45467Z,KXBTC15M-26OCT042015-15,0.0060,12.23,yes
2026-10-05T00:14:10.45467Z,KXBTC15M-26OCT042015-15,0.0060,10.00,yes
2026-10-05T00:14:10.471986Z,KXBTC15M-26OCT042015-15,0.0060,0.01,yes
2026-10-05T00:14:10.471986Z,KXBTC15M-26OCT042015-15,0.0060,0.01,yes
2026-10-05T00:14:10.471986Z,KXBTC15M-26OCT042015-15,0.0060,29.77,yes
2026-10-05T00:14:10.471986Z,KXBTC15M-26OCT042015-15,0.0070,17.00,yes
2026-10-05T00:14:10.471986Z,KXBTC15M-26OCT042015-15,0.0080,77.62,yes
2026-10-05T00:14:10.516976Z,KXBTC15M-26OCT042015-15,0.0040,0.01,no
2026-10-05T00:14:10.516976Z,KXBTC15M-26OCT042015-15,0.0040,0.01,no
2026-10-05T00:14:10.516976Z,KXBTC15M-26OCT042015-15,0.0040,10.00,no
2026-10-05T00:14:10.516976Z,KXBTC15M-26OCT042015-15,0.0040,19.98,no
2026-10-05T00:14:10.518109Z,KXBTC15M-26OCT042015-15,0.0030,69.00,no
2026-10-05T00:14:10.518109Z,KXBTC15M-26OCT042015-15,0.0040,0.02,no
2026-10-05T00:14:10.518109Z,KXBTC15M-26OCT042015-15,0.0020,548.12,no
2026-10-05T00:14:10.546111Z,KXBTC15M-26OCT042015-15,0.0020,0.01,no
2026-10-05T00:14:10.546111Z,KXBTC15M-26OCT042015-15,0.0020,0.01,no
2026-10-05T00:14:10.546111Z,KXBTC15M-26OCT042015-15,0.0030,0.01,no
2026-10-05T00:14:10.546111Z,KXBTC15M-26OCT042015-15,0.0030,0.01,no
2026-10-05T00:14:10.546111Z,KXBTC15M-26OCT042015-15,0.0010,3.61,no
2026-10-05T00:14:10.581454Z,KXBTC15M-26OCT042015-15,0.0070,1.76,yes
2026-10-05T00:14:10.581454Z,KXBTC15M-26OCT042015-15,0.0060,0.01,yes
2026-10-05T00:14:10.581454Z,KXBTC15M-26OCT042015-15,0.0040,10.00,yes
2026-10-05T00:14:10.581454Z,KXBTC15M-26OCT042015-15,0.0060,50.00,yes
2026-10-05T00:14:10.581454Z,KXBTC15M-26OCT042015-15,0.0040,0.01,yes
2026-10-05T00:14:10.581454Z,KXBTC15M-26OCT042015-15,0.0060,0.01,yes
2026-10-05T00:14:10.581454Z,KXBTC15M-26OCT042015-15,0.0060,5.00,yes
2026-10-05T00:14:10.706561Z,KXBTC15M-26OCT042015-15,0.0040,0.01,yes
2026-10-05T00:14:10.706561Z,KXBTC15M-26OCT042015-15,0.0070,6.00,yes
2026-10-05T00:14:10.706561Z,KXBTC15M-26OCT042015-15,0.0060,35.00,yes
2026-10-05T00:14:10.706561Z,KXBTC15M-26OCT042015-15,0.0040,0.01,yes
2026-10-05T00:14:10.706561Z,KXBTC15M-26OCT042015-15,0.0060,6.00,yes
2026-10-05T00:14:10.706561Z,KXBTC15M-26OCT042015-15,0.0080,78.65,yes
2026-10-05T00:14:10.837182Z,KXBTC15M-26OCT042015-15,0.0050,10.00,yes
2026-10-05T00:14:10.837182Z,KXBTC15M-26OCT042015-15,0.0070,17.00,yes
2026-10-05T00:14:10.837182Z,KXBTC15M-26OCT042015-15,0.0050,0.01,yes
2026-10-05T00:14:10.837182Z,KXBTC15M-26OCT042015-15,0.0050,0.01,yes
2026-10-05T00:14:10.837182Z,KXBTC15M-26OCT042015-15,0.0070,55.00,yes
2026-10-05T00:14:10.837182Z,KXBTC15M-26OCT042015-15,0.0080,161.83,yes
2026-10-05T00:14:10.883905Z,KXBTC15M-26OCT042015-15,0.0030,0.01,no
2026-10-05T00:14:10.883905Z,KXBTC15M-26OCT042015-15,0.0030,0.01,no
2026-10-05T00:14:10.883905Z,KXBTC15M-26OCT042015-15,0.0030,88.52,no
2026-10-05T00:14:10.977985Z,KXBTC15M-26OCT042015-15,0.0070,17.00,yes
2026-10-05T00:14:10.977985Z,KXBTC15M-26OCT042015-15,0.0070,0.01,yes
2026-10-05T00:14:10.977985Z,KXBTC15M-26OCT042015-15,0.0070,6.00,yes
2026-10-05T00:14:10.977985Z,KXBTC15M-26OCT042015-15,0.0070,0.01,yes
2026-10-05T00:14:10.977985Z,KXBTC15M-26OCT042015-15,0.0070,65.00,yes
2026-10-05T00:14:10.977985Z,KXBTC15M-26OCT042015-15,0.0080,29.52,yes
2026-10-05T00:14:11.10368Z,KXBTC15M-26OCT042015-15,0.0030,0.01,no
2026-10-05T00:14:11.10368Z,KXBTC15M-26OCT042015-15,0.0030,0.01,no
2026-10-05T00:14:11.10368Z,KXBTC15M-26OCT042015-15,0.0030,66.66,no
2026-10-05T00:14:11.20149Z,KXBTC15M-26OCT042015-15,0.0070,0.01,yes
2026-10-05T00:14:11.20149Z,KXBTC15M-26OCT042015-15,0.0070,13.34,yes
2026-10-05T00:14:11.24996Z,KXBTC15M-26OCT042015-15,0.0070,0.48,yes
2026-10-05T00:14:11.24996Z,KXBTC15M-26OCT042015-15,0.0070,3.66,yes
2026-10-05T00:14:11.402599Z,KXBTC15M-26OCT042015-15,0.0030,1.52,no
2026-10-05T00:14:11.538148Z,KXBTC15M-26OCT042015-15,0.0070,3.66,yes
2026-10-05T00:14:11.538148Z,KXBTC15M-26OCT042015-15,0.0070,0.01,yes
2026-10-05T00:14:11.538148Z,KXBTC15M-26OCT042015-15,0.0070,0.01,yes
2026-10-05T00:14:11.538148Z,KXBTC15M-26OCT042015-15,0.0070,13.34,yes
2026-10-05T00:14:11.538148Z,KXBTC15M-26OCT042015-15,0.0070,65.52,yes
2026-10-05T00:14:11.538148Z,KXBTC15M-26OCT042015-15,0.0070,6.00,yes
2026-10-05T00:14:11.538148Z,KXBTC15M-26OCT042015-15,0.0080,35.25,yes
2026-10-05T00:14:11.686533Z,KXBTC15M-26OCT042015-15,0.0070,17.00,yes
2026-10-05T00:14:11.686533Z,KXBTC15M-26OCT042015-15,0.0070,6.00,yes
2026-10-05T00:14:11.686533Z,KXBTC15M-26OCT042015-15,0.0070,47.00,yes
2026-10-05T00:14:11.686533Z,KXBTC15M-26OCT042015-15,0.0080,2.00,yes
2026-10-05T00:14:11.686533Z,KXBTC15M-26OCT042015-15,0.0080,32.43,yes
2026-10-05T00:14:11.686533Z,KXBTC15M-26OCT042015-15,0.0080,20.13,yes
2026-10-05T00:14:11.722738Z,KXBTC15M-26OCT042015-15,0.0030,0.01,no
2026-10-05T00:14:11.722738Z,KXBTC15M-26OCT042015-15,0.0030,0.01,no
2026-10-05T00:14:11.722738Z,KXBTC15M-26OCT042015-15,0.0030,0.11,no
2026-10-05T00:14:11.787758Z,KXBTC15M-26OCT042015-15,0.0030,86.28,no
2026-10-05T00:14:11.795367Z,KXBTC15M-26OCT042015-15,0.0070,33.00,yes
2026-10-05T00:14:11.795367Z,KXBTC15M-26OCT042015-15,0.0080,0.01,yes
2026-10-05T00:14:11.795367Z,KXBTC15M-26OCT042015-15,0.0080,0.01,yes
2026-10-05T00:14:11.795367Z,KXBTC15M-26OCT042015-15,0.0080,8.38,yes
2026-10-05T00:14:11.795367Z,KXBTC15M-26OCT042015-15,0.0080,0.13,yes
2026-10-05T00:14:11.795367Z,KXBTC15M-26OCT042015-15,0.0080,80.57,yes
2026-10-05T00:14:11.838981Z,KXBTC15M-26OCT042015-15,0.0050,0.10,no
2026-10-05T00:14:11.919051Z,KXBTC15M-26OCT042015-15,0.0070,12.02,yes
2026-10-05T00:14:11.921609Z,KXBTC15M-26OCT042015-15,0.0050,0.01,no
2026-10-05T00:14:11.921609Z,KXBTC15M-26OCT042015-15,0.0050,0.01,no
2026-10-05T00:14:11.921609Z,KXBTC15M-26OCT042015-15,0.0030,79.10,no
2026-10-05T00:14:12.089291Z,KXBTC15M-26OCT042015-15,0.0100,191.00,yes
2026-10-05T00:14:12.089291Z,KXBTC15M-26OCT042015-15,0.0090,0.15,yes
2026-10-05T00:14:12.089291Z,KXBTC15M-26OCT042015-15,0.0090,2.00,yes
2026-10-05T00:14:12.089291Z,KXBTC15M-26OCT042015-15,0.0100,2.00,yes
2026-10-05T00:14:12.089291Z,KXBTC15M-26OCT042015-15,0.0100,2.00,yes
2026-10-05T00:14:12.089291Z,KXBTC15M-26OCT042015-15,0.0090,223.94,yes
2026-10-05T00:14:12.089291Z,KXBTC15M-26OCT042015-15,0.0080,20.00,yes
2026-10-05T00:14:12.089291Z,KXBTC15M-26OCT042015-15,0.0100,4.00,yes
2026-10-05T00:14:12.089291Z,KXBTC15M-26OCT042015-15,0.0100,8.00,yes
2026-10-05T00:14:12.089291Z,KXBTC15M-26OCT042015-15,0.0100,0.15,yes
2026-10-05T00:14:12.089291Z,KXBTC15M-26OCT042015-15,0.0090,50.00,yes
2026-10-05T00:14:12.089291Z,KXBTC15M-26OCT042015-15,0.0080,14.00,yes
2026-10-05T00:14:12.089291Z,KXBTC15M-26OCT042015-15,0.0080,6.00,yes
2026-10-05T00:14:12.089291Z,KXBTC15M-26OCT042015-15,0.0090,133.00,yes
2026-10-05T00:14:12.089291Z,KXBTC15M-26OCT042015-15,0.0070,69.00,yes
2026-10-05T00:14:12.089291Z,KXBTC15M-26OCT042015-15,0.0070,0.01,yes
2026-10-05T00:14:12.089291Z,KXBTC15M-26OCT042015-15,0.0070,0.01,yes
2026-10-05T00:14:12.089291Z,KXBTC15M-26OCT042015-15,0.0070,6.00,yes
2026-10-05T00:14:12.089291Z,KXBTC15M-26OCT042015-15,0.0100,984.36,yes
2026-10-05T00:14:12.11814Z,KXBTC15M-26OCT042015-15,0.0070,6.00,yes
2026-10-05T00:14:12.11814Z,KXBTC15M-26OCT042015-15,0.0080,0.54,yes
2026-10-05T00:14:12.194334Z,KXBTC15M-26OCT042015-15,0.0030,3.63,no
2026-10-05T00:14:12.194334Z,KXBTC15M-26OCT042015-15,0.0050,0.01,no
2026-10-05T00:14:12.194334Z,KXBTC15M-26OCT042015-15,0.0050,0.01,no
2026-10-05T00:14:12.241916Z,KXBTC15M-26OCT042015-15,0.0080,0.01,yes
2026-10-05T00:14:12.241916Z,KXBTC15M-26OCT042015-15,0.0080,52.14,yes
2026-10-05T00:14:12.262761Z,KXBTC15M-26OCT042015-15,0.0040,73.00,no
2026-10-05T00:14:12.262761Z,KXBTC15M-26OCT042015-15,0.0030,100.67,no
2026-10-05T00:14:12.262761Z,KXBTC15M-26OCT042015-15,0.0050,0.01,no
2026-10-05T00:14:12.262761Z,KXBTC15M-26OCT042015-15,0.0050,0.01,no
2026-10-05T00:14:12.297076Z,KXBTC15M-26OCT042015-15,0.0090,10.00,yes
2026-10-05T00:14:12.297076Z,KXBTC15M-26OCT042015-15,0.0080,0.01,yes
2026-10-05T00:14:12.297076Z,KXBTC15M-26OCT042015-15,0.0080,85.00,yes
2026-10-05T00:14:12.297076Z,KXBTC15M-26OCT042015-15,0.0090,17.00,yes
2026-10-05T00:14:12.297076Z,KXBTC15M-26OCT042015-15,0.0080,20.00,yes
2026-10-05T00:14:12.297076Z,KXBTC15M-26OCT042015-15,0.0080,0.01,yes
2026-10-05T00:14:12.297076Z,KXBTC15M-26OCT042015-15,0.0090,6.00,yes
2026-10-05T00:14:12.297076Z,KXBTC15M-26OCT042015-15,0.0080,6.00,yes
2026-10-05T00:14:12.297076Z,KXBTC15M-26OCT042015-15,0.0100,150.70,yes
2026-10-05T00:14:12.322457Z,KXBTC15M-26OCT042015-15,0.0020,2.00,no
2026-10-05T00:14:12.322457Z,KXBTC15M-26OCT042015-15,0.0030,2.00,no
2026-10-05T00:14:12.322457Z,KXBTC15M-26OCT042015-15,0.0020,13.60,no
2026-10-05T00:14:12.322457Z,KXBTC15M-26OCT042015-15,0.0030,0.01,no
2026-10-05T00:14:12.322457Z,KXBTC15M-26OCT042015-15,0.0030,2.00,no
2026-10-05T00:14:12.322457Z,KXBTC15M-26OCT042015-15,0.0030,0.01,no
2026-10-05T00:14:12.322457Z,KXBTC15M-26OCT042015-15,0.0050,0.01,no
2026-10-05T00:14:12.322457Z,KXBTC15M-26OCT042015-15,0.0050,0.01,no
2026-10-05T00:14:12.362379Z,KXBTC15M-26OCT042015-15,0.0050,0.01,no
2026-10-05T00:14:12.362379Z,KXBTC15M-26OCT042015-15,0.0050,0.01,no
2026-10-05T00:14:12.362379Z,KXBTC15M-26OCT042015-15,0.0020,199.98,no
2026-10-05T00:14:12.381402Z,KXBTC15M-26OCT042015-15,0.0040,36.98,no
2026-10-05T00:14:12.381402Z,KXBTC15M-26OCT042015-15,0.0050,0.01,no
2026-10-05T00:14:12.381402Z,KXBTC15M-26OCT042015-15,0.0050,0.01,no
2026-10-05T00:14:12.42884Z,KXBTC15M-26OCT042015-15,0.0080,2.00,yes
2026-10-05T00:14:12.42884Z,KXBTC15M-26OCT042015-15,0.0080,0.01,yes
2026-10-05T00:14:12.42884Z,KXBTC15M-26OCT042015-15,0.0090,2.00,yes
2026-10-05T00:14:12.42884Z,KXBTC15M-26OCT042015-15,0.0080,71.00,yes
2026-10-05T00:14:12.42884Z,KXBTC15M-26OCT042015-15,0.0080,6.00,yes
2026-10-05T00:14:12.42884Z,KXBTC15M-26OCT042015-15,0.0080,0.01,yes
2026-10-05T00:14:12.42884Z,KXBTC15M-26OCT042015-15,0.0090,17.00,yes
2026-10-05T00:14:12.42884Z,KXBTC15M-26OCT042015-15,0.0090,6.00,yes
2026-10-05T00:14:12.42884Z,KXBTC15M-26OCT042015-15,0.0100,3.53,yes
2026-10-05T00:14:12.512545Z,KXBTC15M-26OCT042015-15,0.0040,0.01,no
2026-10-05T00:14:12.512545Z,KXBTC15M-26OCT042015-15,0.0040,41.98,no
2026-10-05T00:14:12.512545Z,KXBTC15M-26OCT042015-15,0.0040,0.01,no
2026-10-05T00:14:12.523369Z,KXBTC15M-26OCT042015-15,0.0090,17.00,yes
2026-10-05T00:14:12.523369Z,KXBTC15M-26OCT042015-15,0.0080,0.01,yes
2026-10-05T00:14:12.523369Z,KXBTC15M-26OCT042015-15,0.0080,0.01,yes
2026-10-05T00:14:12.523369Z,KXBTC15M-26OCT042015-15,0.0080,20.00,yes
2026-10-05T00:14:12.523369Z,KXBTC15M-26OCT042015-15,0.0080,6.00,yes
2026-10-05T00:14:12.523369Z,KXBTC15M-26OCT042015-15,0.0100,57.50,yes
2026-10-05T00:14:12.548297Z,KXBTC15M-26OCT042015-15,0.0090,0.01,yes
2026-10-05T00:14:12.548297Z,KXBTC15M-26OCT042015-15,0.0090,0.01,yes
2026-10-05T00:14:12.548297Z,KXBTC15M-26OCT042015-15,0.0090,73.21,yes
2026-10-05T00:14:12.567726Z,KXBTC15M-26OCT042015-15,0.0090,70.00,yes
2026-10-05T00:14:12.567726Z,KXBTC15M-26OCT042015-15,0.0090,0.01,yes
2026-10-05T00:14:12.567726Z,KXBTC15M-26OCT042015-15,0.0090,0.01,yes
2026-10-05T00:14:12.567726Z,KXBTC15M-26OCT042015-15,0.0090,17.00,yes
2026-10-05T00:14:12.567726Z,KXBTC15M-26OCT042015-15,0.0100,9.93,yes
2026-10-05T00:14:12.639421Z,KXBTC15M-26OCT042015-15,0.0040,0.01,no
2026-10-05T00:14:12.639421Z,KXBTC15M-26OCT042015-15,0.0040,27.15,no
2026-10-05T00:14:12.639421Z,KXBTC15M-26OCT042015-15,0.0040,0.01,no
2026-10-05T00:14:12.65778Z,KXBTC15M-26OCT042015-15,0.0040,0.01,no
2026-10-05T00:14:12.65778Z,KXBTC15M-26OCT042015-15,0.0040,118.85,no
2026-10-05T00:14:12.65778Z,KXBTC15M-26OCT042015-15,0.0040,0.01,no
2026-10-05T00:14:12.66982Z,KXBTC15M-26OCT042015-15,0.0080,0.01,yes
2026-10-05T00:14:12.66982Z,KXBTC15M-26OCT042015-15,0.0080,0.01,yes
2026-10-05T00:14:12.66982Z,KXBTC15M-26OCT042015-15,0.0080,6.00,yes
2026-10-05T00:14:12.66982Z,KXBTC15M-26OCT042015-15,0.0090,17.00,yes
2026-10-05T00:14:12.66982Z,KXBTC15M-26OCT042015-15,0.0090,6.00,yes
2026-10-05T00:14:12.66982Z,KXBTC15M-26OCT042015-15,0.0100,64.49,yes
2026-10-05T00:14:12.730934Z,KXBTC15M-26OCT042015-15,0.0080,0.01,yes
2026-10-05T00:14:12.730934Z,KXBTC15M-26OCT042015-15,0.0080,0.01,yes
2026-10-05T00:14:12.730934Z,KXBTC15M-26OCT042015-15,0.0090,17.00,yes
2026-10-05T00:14:12.730934Z,KXBTC15M-26OCT042015-15,0.0080,20.00,yes
2026-10-05T00:14:12.730934Z,KXBTC15M-26OCT042015-15,0.0080,63.00,yes
2026-10-05T00:14:12.730934Z,KXBTC15M-26OCT042015-15,0.0100,376.34,yes
2026-10-05T00:14:12.898919Z,KXBTC15M-26OCT042015-15,0.0030,1.00,no
2026-10-05T00:14:12.953637Z,KXBTC15M-26OCT042015-15,0.0080,45.00,yes
2026-10-05T00:14:12.953637Z,KXBTC15M-26OCT042015-15,0.0080,0.01,yes
2026-10-05T00:14:12.953637Z,KXBTC15M-26OCT042015-15,0.0080,6.00,yes
2026-10-05T00:14:12.953637Z,KXBTC15M-26OCT042015-15,0.0090,6.00,yes
2026-10-05T00:14:12.953637Z,KXBTC15M-26OCT042015-15,0.0080,20.00,yes
2026-10-05T00:14:12.953637Z,KXBTC15M-26OCT042015-15,0.0090,17.00,yes
2026-10-05T00:14:12.953637Z,KXBTC15M-26OCT042015-15,0.0080,0.01,yes
2026-10-05T00:14:12.953637Z,KXBTC15M-26OCT042015-15,0.0100,1779.06,yes
2026-10-05T00:14:13.072062Z,KXBTC15M-26OCT042015-15,0.0080,11.14,yes
2026-10-05T00:14:13.236972Z,KXBTC15M-26OCT042015-15,0.0090,1.41,yes
2026-10-05T00:14:13.236972Z,KXBTC15M-26OCT042015-15,0.0090,58.00,yes
2026-10-05T00:14:13.236972Z,KXBTC15M-26OCT042015-15,0.0090,3.00,yes
2026-10-05T00:14:13.236972Z,KXBTC15M-26OCT042015-15,0.0090,6.00,yes
2026-10-05T00:14:13.236972Z,KXBTC15M-26OCT042015-15,0.0090,17.00,yes
2026-10-05T00:14:13.236972Z,KXBTC15M-26OCT042015-15,0.0060,10.00,yes
2026-10-05T00:14:13.358677Z,KXBTC15M-26OCT042015-15,0.0090,0.01,yes
2026-10-05T00:14:13.358677Z,KXBTC15M-26OCT042015-15,0.0090,0.01,yes
2026-10-05T00:14:13.358677Z,KXBTC15M-26OCT042015-15,0.0090,6.00,yes
2026-10-05T00:14:13.358677Z,KXBTC15M-26OCT042015-15,0.0060,6.00,yes
2026-10-05T00:14:13.358677Z,KXBTC15M-26OCT042015-15,0.0090,17.00,yes
2026-10-05T00:14:13.358677Z,KXBTC15M-26OCT042015-15,0.0070,6.00,yes
2026-10-05T00:14:13.358677Z,KXBTC15M-26OCT042015-15,0.0090,6.93,yes
2026-10-05T00:14:13.358677Z,KXBTC15M-26OCT042015-15,0.0060,10.00,yes
2026-10-05T00:14:13.440603Z,KXBTC15M-26OCT042015-15,0.0050,0.01,no
2026-10-05T00:14:13.440603Z,KXBTC15M-26OCT042015-15,0.0050,0.01,no
2026-10-05T00:14:13.440603Z,KXBTC15M-26OCT042015-15,0.0050,104.00,no
2026-10-05T00:14:13.45733Z,KXBTC15M-26OCT042015-15,0.0090,20.00,yes
2026-10-05T00:14:13.45733Z,KXBTC15M-26OCT042015-15,0.0040,30.98,yes
2026-10-05T00:14:13.45733Z,KXBTC15M-26OCT042015-15,0.0080,40.00,yes
2026-10-05T00:14:13.45733Z,KXBTC15M-26OCT042015-15,0.0040,0.01,yes
2026-10-05T00:14:13.45733Z,KXBTC15M-26OCT042015-15,0.0090,17.00,yes
2026-10-05T00:14:13.45733Z,KXBTC15M-26OCT042015-15,0.0080,0.01,yes
2026-10-05T00:14:13.45733Z,KXBTC15M-26OCT042015-15,0.0100,833.92,yes
2026-10-05T00:14:13.493766Z,KXBTC15M-26OCT042015-15,0.0030,0.01,no
2026-10-05T00:14:13.493766Z,KXBTC15M-26OCT042015-15,0.0020,100.00,no
2026-10-05T00:14:13.493766Z,KXBTC15M-26OCT042015-15,0.0020,0.01,no
2026-10-05T00:14:13.493766Z,KXBTC15M-26OCT042015-15,0.0030,0.01,no
2026-10-05T00:14:13.493766Z,KXBTC15M-26OCT042015-15,0.0010,2.00,no
2026-10-05T00:14:13.493766Z,KXBTC15M-26OCT042015-15,0.0020,2.00,no
2026-10-05T00:14:13.493766Z,KXBTC15M-26OCT042015-15,0.0020,2.00,no
2026-10-05T00:14:13.493766Z,KXBTC15M-26OCT042015-15,0.0010,29.36,no
2026-10-05T00:14:13.493766Z,KXBTC15M-26OCT042015-15,0.0010,2.00,no
2026-10-05T00:14:13.493766Z,KXBTC15M-26OCT042015-15,0.0030,25.00,no
2026-10-05T00:14:13.493766Z,KXBTC15M-26OCT042015-15,0.0010,6.39,no
2026-10-05T00:14:13.493766Z,KXBTC15M-26OCT042015-15,0.0010,10.00,no
2026-10-05T00:14:13.493766Z,KXBTC15M-26OCT042015-15,0.0010,10.00,no
2026-10-05T00:14:13.5131Z,KXBTC15M-26OCT042015-15,0.0080,2.00,yes
2026-10-05T00:14:13.5131Z,KXBTC15M-26OCT042015-15,0.0090,2.00,yes
2026-10-05T00:14:13.5131Z,KXBTC15M-26OCT042015-15,0.0060,0.01,yes
2026-10-05T00:14:13.5131Z,KXBTC15M-26OCT042015-15,0.0090,17.00,yes
2026-10-05T00:14:13.5131Z,KXBTC15M-26OCT042015-15,0.0080,2.00,yes
2026-10-05T00:14:13.5131Z,KXBTC15M-26OCT042015-15,0.0090,2.00,yes
2026-10-05T00:14:13.5131Z,KXBTC15M-26OCT042015-15,0.0070,0.01,yes
2026-10-05T00:14:13.5131Z,KXBTC15M-26OCT042015-15,0.0080,0.01,yes
2026-10-05T00:14:13.5131Z,KXBTC15M-26OCT042015-15,0.0100,432.75,yes
2026-10-05T00:14:13.5131Z,KXBTC15M-26OCT042015-15,0.0060,10.00,yes
2026-10-05T00:14:13.532196Z,KXBTC15M-26OCT042015-15,0.0020,28.00,no
2026-10-05T00:14:13.532196Z,KXBTC15M-26OCT042015-15,0.0030,0.01,no
2026-10-05T00:14:13.532196Z,KXBTC15M-26OCT042015-15,0.0020,2.00,no
2026-10-05T00:14:13.532196Z,KXBTC15M-26OCT042015-15,0.0030,0.01,no
2026-10-05T00:14:13.532196Z,KXBTC15M-26OCT042015-15,0.0030,25.00,no
2026-10-05T00:14:13.532196Z,KXBTC15M-26OCT042015-15,0.0020,2.00,no
2026-10-05T00:14:13.532196Z,KXBTC15M-26OCT042015-15,0.0010,3786.82,no
2026-10-05T00:14:13.743786Z,KXBTC15M-26OCT042015-15,0.0090,2.00,yes
2026-10-05T00:14:13.743786Z,KXBTC15M-26OCT042015-15,0.0090,0.01,yes
2026-10-05T00:14:13.743786Z,KXBTC15M-26OCT042015-15,0.0090,58.00,yes
2026-10-05T00:14:13.743786Z,KXBTC15M-26OCT042015-15,0.0090,17.00,yes
2026-10-05T00:14:13.743786Z,KXBTC15M-26OCT042015-15,0.0090,2.00,yes
2026-10-05T00:14:13.743786Z,KXBTC15M-26OCT042015-15,0.0080,6.00,yes
2026-10-05T00:14:13.743786Z,KXBTC15M-26OCT042015-15,0.0090,0.01,yes
2026-10-05T00:14:13.743786Z,KXBTC15M-26OCT042015-15,0.0090,6.00,yes
2026-10-05T00:14:13.743786Z,KXBTC15M-26OCT042015-15,0.0100,8.48,yes
2026-10-05T00:14:13.753429Z,KXBTC15M-26OCT042015-15,0.0050,0.01,no
2026-10-05T00:14:13.753429Z,KXBTC15M-26OCT042015-15,0.0050,0.01,no
2026-10-05T00:14:13.753429Z,KXBTC15M-26OCT042015-15,0.0020,0.01,no
2026-10-05T00:14:13.753429Z,KXBTC15M-26OCT042015-15,0.0050,75.00,no
2026-10-05T00:14:13.753429Z,KXBTC15M-26OCT042015-15,0.0020,0.01,no
2026-10-05T00:14:13.753429Z,KXBTC15M-26OCT042015-15,0.0010,1148.45,no
2026-10-05T00:14:13.758792Z,KXBTC15M-26OCT042015-15,0.0050,40.00,no
2026-10-05T00:14:13.758792Z,KXBTC15M-26OCT042015-15,0.0050,64.00,no
2026-10-05T00:14:13.775419Z,KXBTC15M-26OCT042015-15,0.0050,0.01,no
2026-10-05T00:14:13.7766Z,KXBTC15M-26OCT042015-15,0.0050,0.01,no
2026-10-05T00:14:13.876936Z,KXBTC15M-26OCT042015-15,0.0060,4.49,no
2026-10-05T00:14:13.876936Z,KXBTC15M-26OCT042015-15,0.0060,0.01,no
2026-10-05T00:14:13.876936Z,KXBTC15M-26OCT042015-15,0.0060,0.01,no
2026-10-05T00:14:13.904098Z,KXBTC15M-26OCT042015-15,0.0070,6.00,yes
2026-10-05T00:14:13.904098Z,KXBTC15M-26OCT042015-15,0.0070,0.01,yes
2026-10-05T00:14:13.904098Z,KXBTC15M-26OCT042015-15,0.0070,0.01,yes
2026-10-05T00:14:13.904098Z,KXBTC15M-26OCT042015-15,0.0090,17.00,yes
2026-10-05T00:14:13.904098Z,KXBTC15M-26OCT042015-15,0.0080,33.00,yes
2026-10-05T00:14:13.904098Z,KXBTC15M-26OCT042015-15,0.0090,6.00,yes
2026-10-05T00:14:13.904098Z,KXBTC15M-26OCT042015-15,0.0100,35.66,yes
2026-10-05T00:14:13.934975Z,KXBTC15M-26OCT042015-15,0.0080,6.00,yes
2026-10-05T00:14:13.934975Z,KXBTC15M-26OCT042015-15,0.0070,0.01,yes
2026-10-05T00:14:13.934975Z,KXBTC15M-26OCT042015-15,0.0080,0.01,yes
2026-10-05T00:14:13.934975Z,KXBTC15M-26OCT042015-15,0.0070,0.01,yes
2026-10-05T00:14:13.934975Z,KXBTC15M-26OCT042015-15,0.0090,17.00,yes
2026-10-05T00:14:13.934975Z,KXBTC15M-26OCT042015-15,0.0100,257.77,yes
2026-10-05T00:14:14.067518Z,KXBTC15M-26OCT042015-15,0.0060,0.01,no
2026-10-05T00:14:14.067518Z,KXBTC15M-26OCT042015-15,0.0060,0.01,no
2026-10-05T00:14:14.067518Z,KXBTC15M-26OCT042015-15,0.0060,5.00,no
2026-10-05T00:14:14.080727Z,KXBTC15M-26OCT042015-15,0.0060,8.25,no
2026-10-05T00:14:14.157203Z,KXBTC15M-26OCT042015-15,0.0100,382.28,yes
2026-10-05T00:14:14.157203Z,KXBTC15M-26OCT042015-15,0.0090,6.00,yes
2026-10-05T00:14:14.157203Z,KXBTC15M-26OCT042015-15,0.0070,0.01,yes
2026-10-05T00:14:14.157203Z,KXBTC15M-26OCT042015-15,0.0080,6.00,yes
2026-10-05T00:14:14.157203Z,KXBTC15M-26OCT042015-15,0.0070,0.01,yes
2026-10-05T00:14:14.157203Z,KXBTC15M-26OCT042015-15,0.0070,6.00,yes
2026-10-05T00:14:14.157203Z,KXBTC15M-26OCT042015-15,0.0090,17.00,yes
2026-10-05T00:14:14.157203Z,KXBTC15M-26OCT042015-15,0.0090,53.00,yes
2026-10-05T00:14:14.167515Z,KXBTC15M-26OCT042015-15,0.0070,0.01,yes
2026-10-05T00:14:14.167515Z,KXBTC15M-26OCT042015-15,0.0070,0.01,yes
2026-10-05T00:14:14.186192Z,KXBTC15M-26OCT042015-15,0.0050,110.00,no
2026-10-05T00:14:14.186192Z,KXBTC15M-26OCT042015-15,0.0060,0.01,no
2026-10-05T00:14:14.186192Z,KXBTC15M-26OCT042015-15,0.0060,0.01,no
2026-10-05T00:14:14.207555Z,KXBTC15M-26OCT042015-15,0.0020,2.00,no
2026-10-05T00:14:14.207555Z,KXBTC15M-26OCT042015-15,0.0020,2.00,no
2026-10-05T00:14:14.207555Z,KXBTC15M-26OCT042015-15,0.0020,31.32,no
2026-10-05T00:14:14.2346Z,KXBTC15M-26OCT042015-15,0.0030,101.85,yes
2026-10-05T00:14:14.235009Z,KXBTC15M-26OCT042015-15,0.0030,94.50,yes
2026-10-05T00:14:14.312531Z,KXBTC15M-26OCT042015-15,0.0020,28.00,no
2026-10-05T00:14:14.312531Z,KXBTC15M-26OCT042015-15,0.0020,0.01,no
2026-10-05T00:14:14.312531Z,KXBTC15M-26OCT042015-15,0.0020,201.84,no
2026-10-05T00:14:14.312531Z,KXBTC15M-26OCT042015-15,0.0020,0.01,no
2026-10-05T00:14:14.49928Z,KXBTC15M-26OCT042015-15,0.0020,1.96,no
2026-10-05T00:14:14.519029Z,KXBTC15M-26OCT042015-15,0.0020,11.80,no
2026-10-05T00:14:14.580744Z,KXBTC15M-26OCT042015-15,0.0030,943.71,yes
2026-10-05T00:14:14.583639Z,KXBTC15M-26OCT042015-15,0.0030,0.01,yes
2026-10-05T00:14:14.583639Z,KXBTC15M-26OCT042015-15,0.0080,40.00,yes
2026-10-05T00:14:14.583639Z,KXBTC15M-26OCT042015-15,0.0030,0.01,yes
2026-10-05T00:14:14.583639Z,KXBTC15M-26OCT042015-15,0.0090,9.35,yes
2026-10-05T00:14:14.583639Z,KXBTC15M-26OCT042015-15,0.0030,327.92,yes
2026-10-05T00:14:14.757916Z,KXBTC15M-26OCT042015-15,0.0050,67.00,no
2026-10-05T00:14:14.757916Z,KXBTC15M-26OCT042015-15,0.0050,0.01,no
2026-10-05T00:14:14.757916Z,KXBTC15M-26OCT042015-15,0.0050,0.01,no
2026-10-05T00:14:14.804471Z,KXBTC15M-26OCT042015-15,0.0010,160.52,no
2026-10-05T00:14:14.804471Z,KXBTC15M-26OCT042015-15,0.0020,0.01,no
2026-10-05T00:14:14.804471Z,KXBTC15M-26OCT042015-15,0.0020,8.00,no
2026-10-05T00:14:14.804471Z,KXBTC15M-26OCT042015-15,0.0020,28.00,no
2026-10-05T00:14:14.804471Z,KXBTC15M-26OCT042015-15,0.0020,0.01,no
2026-10-05T00:14:14.855101Z,KXBTC15M-26OCT042015-15,0.0010,41.22,no
2026-10-05T00:14:14.855101Z,KXBTC15M-26OCT042015-15,0.0020,0.01,no
2026-10-05T00:14:14.855101Z,KXBTC15M-26OCT042015-15,0.0050,0.01,no
2026-10-05T00:14:14.855101Z,KXBTC15M-26OCT042015-15,0.0050,0.01,no
2026-10-05T00:14:14.924291Z,KXBTC15M-26OCT042015-15,0.0010,268.27,no
2026-10-05T00:14:14.924291Z,KXBTC15M-26OCT042015-15,0.0050,0.01,no
2026-10-05T00:14:14.924291Z,KXBTC15M-26OCT042015-15,0.0040,89.00,no
2026-10-05T00:14:14.924291Z,KXBTC15M-26OCT042015-15,0.0050,0.01,no
2026-10-05T00:14:14.98219Z,KXBTC15M-26OCT042015-15,0.0080,8.95,yes
2026-10-05T00:14:14.98219Z,KXBTC15M-26OCT042015-15,0.0080,0.01,yes
2026-10-05T00:14:14.98219Z,KXBTC15M-26OCT042015-15,0.0080,0.01,yes
2026-10-05T00:14:15.02607Z,KXBTC15M-26OCT042015-15,0.0080,52.54,yes
2026-10-05T00:14:15.278629Z,KXBTC15M-26OCT042015-15,0.0050,116.88,yes
2026-10-05T00:14:15.417605Z,KXBTC15M-26OCT042015-15,0.0050,116.88,yes
2026-10-05T00:14:15.487866Z,KXBTC15M-26OCT042015-15,0.0040,0.01,no
2026-10-05T00:14:15.487866Z,KXBTC15M-26OCT042015-15,0.0040,0.01,no
2026-10-05T00:14:15.487866Z,KXBTC15M-26OCT042015-15,0.0030,39.54,no
2026-10-05T00:14:15.53998Z,KXBTC15M-26OCT042015-15,0.0010,80.87,no
2026-10-05T00:14:15.53998Z,KXBTC15M-26OCT042015-15,0.0020,28.00,no
2026-10-05T00:14:15.53998Z,KXBTC15M-26OCT042015-15,0.0030,0.01,no
2026-10-05T00:14:15.53998Z,KXBTC15M-26OCT042015-15,0.0040,0.01,no
2026-10-05T00:14:15.53998Z,KXBTC15M-26OCT042015-15,0.0030,60.46,no
2026-10-05T00:14:15.53998Z,KXBTC15M-26OCT042015-15,0.0040,0.01,no
2026-10-05T00:14:15.555857Z,KXBTC15M-26OCT042015-15,0.0020,1.36,no
2026-10-05T00:14:15.555857Z,KXBTC15M-26OCT042015-15,0.0040,0.01,no
2026-10-05T00:14:15.639803Z,KXBTC15M-26OCT042015-15,0.0050,0.05,yes
2026-10-05T00:14:15.64912Z,KXBTC15M-26OCT042015-15,0.0040,0.10,no
2026-10-05T00:14:15.681753Z,KXBTC15M-26OCT042015-15,0.0060,33.00,yes
2026-10-05T00:14:15.681753Z,KXBTC15M-26OCT042015-15,0.0080,348.73,yes
2026-10-05T00:14:15.681753Z,KXBTC15M-26OCT042015-15,0.0070,17.00,yes
2026-10-05T00:14:15.681753Z,KXBTC15M-26OCT042015-15,0.0050,766.19,yes
2026-10-05T00:14:15.681753Z,KXBTC15M-26OCT042015-15,0.0050,0.01,yes
2026-10-05T00:14:15.681753Z,KXBTC15M-26OCT042015-15,0.0050,0.01,yes
2026-10-05T00:14:15.814335Z,KXBTC15M-26OCT042015-15,0.0070,0.01,yes
2026-10-05T00:14:15.814335Z,KXBTC15M-26OCT042015-15,0.0070,0.01,yes
2026-10-05T00:14:15.814335Z,KXBTC15M-26OCT042015-15,0.0070,1.34,yes
2026-10-05T00:14:15.827722Z,KXBTC15M-26OCT042015-15,0.0050,0.01,no
2026-10-05T00:14:15.827722Z,KXBTC15M-26OCT042015-15,0.0030,58.96,no
2026-10-05T00:14:15.827722Z,KXBTC15M-26OCT042015-15,0.0040,0.01,no
2026-10-05T00:14:15.827722Z,KXBTC15M-26OCT042015-15,0.0040,0.01,no
2026-10-05T00:14:15.827722Z,KXBTC15M-26OCT042015-15,0.0050,0.01,no
2026-10-05T00:14:15.950687Z,KXBTC15M-26OCT042015-15,0.0060,5.71,yes
2026-10-05T00:14:15.955413Z,KXBTC15M-26OCT042015-15,0.0040,0.01,no
2026-10-05T00:14:15.955413Z,KXBTC15M-26OCT042015-15,0.0040,0.01,no
2026-10-05T00:14:15.955413Z,KXBTC15M-26OCT042015-15,0.0020,9.60,no
2026-10-05T00:14:16.015764Z,KXBTC15M-26OCT042015-15,0.0050,10.00,yes
2026-10-05T00:14:16.015764Z,KXBTC15M-26OCT042015-15,0.0050,8.69,yes
2026-10-05T00:14:16.218863Z,KXBTC15M-26OCT042015-15,0.0040,0.01,no
2026-10-05T00:14:16.218863Z,KXBTC15M-26OCT042015-15,0.0040,0.01,no
2026-10-05T00:14:16.285363Z,KXBTC15M-26OCT042015-15,0.0040,0.02,yes
2026-10-05T00:14:16.39838Z,KXBTC15M-26OCT042015-15,0.0030,0.01,yes
2026-10-05T00:14:16.39838Z,KXBTC15M-26OCT042015-15,0.0030,0.01,yes
2026-10-05T00:14:16.39838Z,KXBTC15M-26OCT042015-15,0.0030,10.00,yes
2026-10-05T00:14:16.39838Z,KXBTC15M-26OCT042015-15,0.0040,0.01,yes
2026-10-05T00:14:16.39838Z,KXBTC15M-26OCT042015-15,0.0040,0.01,yes
2026-10-05T00:14:16.39838Z,KXBTC15M-26OCT042015-15,0.0040,10.00,yes
2026-10-05T00:14:16.39838Z,KXBTC15M-26OCT042015-15,0.0060,204.80,yes
2026-10-05T00:14:16.39838Z,KXBTC15M-26OCT042015-15,0.0050,19.00,yes
2026-10-05T00:14:16.39838Z,KXBTC15M-26OCT042015-15,0.0050,23.31,yes
2026-10-05T00:14:16.497049Z,KXBTC15M-26OCT042015-15,0.0020,19.64,no
2026-10-05T00:14:16.498549Z,KXBTC15M-26OCT042015-15,0.0030,0.01,yes
2026-10-05T00:14:16.498549Z,KXBTC15M-26OCT042015-15,0.0050,6.00,yes
2026-10-05T00:14:16.498549Z,KXBTC15M-26OCT042015-15,0.0030,0.01,yes
2026-10-05T00:14:16.498549Z,KXBTC15M-26OCT042015-15,0.0060,46.37,yes
2026-10-05T00:14:16.64162Z,KXBTC15M-26OCT042015-15,0.0020,0.01,no
2026-10-05T00:14:16.64162Z,KXBTC15M-26OCT042015-15,0.0020,0.01,no
2026-10-05T00:14:16.64162Z,KXBTC15M-26OCT042015-15,0.0010,372.87,no
2026-10-05T00:14:16.64162Z,KXBTC15M-26OCT042015-15,0.0020,90.00,no
2026-10-05T00:14:16.64162Z,KXBTC15M-26OCT042015-15,0.0020,28.00,no
2026-10-05T00:14:16.68619Z,KXBTC15M-26OCT042015-15,0.0020,0.01,yes
2026-10-05T00:14:16.68619Z,KXBTC15M-26OCT042015-15,0.0020,0.01,yes
2026-10-05T00:14:16.68619Z,KXBTC15M-26OCT042015-15,0.0040,44.00,yes
2026-10-05T00:14:16.68619Z,KXBTC15M-26OCT042015-15,0.0030,0.01,yes
2026-10-05T00:14:16.68619Z,KXBTC15M-26OCT042015-15,0.0050,56.00,yes
2026-10-05T00:14:16.68619Z,KXBTC15M-26OCT042015-15,0.0060,10.00,yes
2026-10-05T00:14:16.68619Z,KXBTC15M-26OCT042015-15,0.0020,10.00,yes
2026-10-05T00:14:16.68619Z,KXBTC15M-26OCT042015-15,0.0030,0.01,yes
2026-10-05T00:14:16.68619Z,KXBTC15M-26OCT042015-15,0.0050,19.00,yes
2026-10-05T00:14:16.68619Z,KXBTC15M-26OCT042015-15,0.0100,7938.33,yes
2026-10-05T00:14:16.68619Z,KXBTC15M-26OCT042015-15,0.0030,10.00,yes
2026-10-05T00:14:16.68619Z,KXBTC15M-26OCT042015-15,0.0080,285.27,yes
2026-10-05T00:14:16.68619Z,KXBTC15M-26OCT042015-15,0.0090,2.00,yes
2026-10-05T00:14:16.68619Z,KXBTC15M-26OCT042015-15,0.0090,2.00,yes
2026-10-05T00:14:16.68619Z,KXBTC15M-26OCT042015-15,0.0060,1122.73,yes
2026-10-05T00:14:16.68619Z,KXBTC15M-26OCT042015-15,0.0060,463.44,yes
2026-10-05T00:14:16.710146Z,KXBTC15M-26OCT042015-15,0.0080,4.58,yes
2026-10-05T00:14:16.710146Z,KXBTC15M-26OCT042015-15,0.0020,0.01,yes
2026-10-05T00:14:16.710146Z,KXBTC15M-26OCT042015-15,0.0020,16.00,yes
2026-10-05T00:14:16.710146Z,KXBTC15M-26OCT042015-15,0.0030,28.00,yes
2026-10-05T00:14:16.710146Z,KXBTC15M-26OCT042015-15,0.0020,0.01,yes
2026-10-05T00:14:16.710146Z,KXBTC15M-26OCT042015-15,0.0030,0.01,yes
2026-10-05T00:14:16.874919Z,KXBTC15M-26OCT042015-15,0.0010,2.00,no
2026-10-05T00:14:16.874919Z,KXBTC15M-26OCT042015-15,0.0060,0.01,no
2026-10-05T00:14:16.874919Z,KXBTC15M-26OCT042015-15,0.0010,2.00,no
2026-10-05T00:14:16.874919Z,KXBTC15M-26OCT042015-15,0.0020,73.00,no
2026-10-05T00:14:16.874919Z,KXBTC15M-26OCT042015-15,0.0020,2.00,no
2026-10-05T00:14:16.874919Z,KXBTC15M-26OCT042015-15,0.0010,40.00,no
2026-10-05T00:14:16.874919Z,KXBTC15M-26OCT042015-15,0.0060,0.01,no
2026-10-05T00:14:16.874919Z,KXBTC15M-26OCT042015-15,0.0020,2.00,no
2026-10-05T00:14:16.874919Z,KXBTC15M-26OCT042015-15,0.0010,4111.62,no
2026-10-05T00:14:16.874919Z,KXBTC15M-26OCT042015-15,0.0010,10.00,no
2026-10-05T00:14:16.874919Z,KXBTC15M-26OCT042015-15,0.0010,10.00,no
2026-10-05T00:14:16.874919Z,KXBTC15M-26OCT042015-15,0.0010,17.00,no
2026-10-05T00:14:16.874919Z,KXBTC15M-26OCT042015-15,0.0010,10.00,no
2026-10-05T00:14:16.874919Z,KXBTC15M-26OCT042015-15,0.0010,20.00,no
2026-10-05T00:14:16.874919Z,KXBTC15M-26OCT042015-15,0.0010,0.71,no
2026-10-05T00:14:16.95381Z,KXBTC15M-26OCT042015-15,0.0010,164.52,yes
2026-10-05T00:14:16.982291Z,KXBTC15M-26OCT042015-15,0.0010,18.69,yes
2026-10-05T00:14:17.006965Z,KXBTC15M-26OCT042015-15,0.0010,201.61,yes
2026-10-05T00:14:17.017092Z,KXBTC15M-26OCT042015-15,0.0010,159.61,yes
2026-10-05T00:14:17.111239Z,KXBTC15M-26OCT042015-15,0.0010,76.37,yes
2026-10-05T00:14:17.162092Z,KXBTC15M-26OCT042015-15,0.0010,24.28,yes
2026-10-05T00:14:17.1842Z,KXBTC15M-26OCT042015-15,0.0010,1.15,yes
2026-10-05T00:14:17.308772Z,KXBTC15M-26OCT042015-15,0.0010,2.99,yes
2026-10-05T00:14:17.673849Z,KXBTC15M-26OCT042015-15,0.0010,1860.00,yes
2026-10-05T00:14:17.698675Z,KXBTC15M-26OCT042015-15,0.0010,4579.77,yes
2026-10-05T00:14:17.714293Z,KXBTC15M-26OCT042015-15,0.0010,1135.56,yes
2026-10-05T00:14:17.7647Z,KXBTC15M-26OCT042015-15,0.0010,458.04,yes
2026-10-05T00:14:17.93128Z,KXBTC15M-26OCT042015-15,0.0010,21.51,yes
2026-10-05T00:14:17.998652Z,KXBTC15M-26OCT042015-15,0.0010,915.99,yes
2026-10-05T00:14:18.224899Z,KXBTC15M-26OCT042015-15,0.0010,91.62,yes
2026-10-05T00:14:18.299465Z,KXBTC15M-26OCT042015-15,0.0010,10.02,yes
2026-10-05T00:14:18.45764Z,KXBTC15M-26OCT042015-15,0.0010,9159.55,yes
2026-10-05T00:14:18.763142Z,KXBTC15M-26OCT042015-15,0.0010,458.04,yes
2026-10-05T00:14:18.802918Z,KXBTC15M-26OCT042015-15,0.0010,782.79,yes
2026-10-05T00:14:18.802918Z,KXBTC15M-26OCT042015-15,0.0010,133.20,yes
2026-10-05T00:14:18.804005Z,KXBTC15M-26OCT042015-15,0.0010,8.00,yes
2026-10-05T00:14:18.835894Z,KXBTC15M-26OCT042015-15,0.0010,111.00,yes
2026-10-05T00:14:19.560276Z,KXBTC15M-26OCT042015-15,0.0010,12747.80,yes
2026-10-05T00:14:19.560276Z,KXBTC15M-26OCT042015-15,0.0010,3.00,yes
2026-10-05T00:14:19.560276Z,KXBTC15M-26OCT042015-15,0.0020,1.00,yes
2026-10-05T00:14:19.560276Z,KXBTC15M-26OCT042015-15,0.0010,45.02,yes
2026-10-05T00:14:19.560276Z,KXBTC15M-26OCT042015-15,0.0020,606.59,yes
2026-10-05T00:14:19.851161Z,KXBTC15M-26OCT042015-15,0.0020,35.06,yes
2026-10-05T00:14:20.177628Z,KXBTC15M-26OCT042015-15,0.0010,20.01,no
2026-10-05T00:14:20.299989Z,KXBTC15M-26OCT042015-15,0.0020,2.02,yes
2026-10-05T00:14:20.342592Z,KXBTC15M-26OCT042015-15,0.0010,17.00,no
2026-10-05T00:14:20.342592Z,KXBTC15M-26OCT042015-15,0.0010,218.99,no
2026-10-05T00:14:20.342592Z,KXBTC15M-26OCT042015-15,0.0010,10.00,no
2026-10-05T00:14:20.342592Z,KXBTC15M-26OCT042015-15,0.0010,10.00,no
2026-10-05T00:14:20.342592Z,KXBTC15M-26OCT042015-15,0.0010,0.01,no
2026-10-05T00:14:20.342592Z,KXBTC15M-26OCT042015-15,0.0010,40.00,no
2026-10-05T00:14:20.342592Z,KXBTC15M-26OCT042015-15,0.0010,0.01,no
2026-10-05T00:14:20.342592Z,KXBTC15M-26OCT042015-15,0.0010,68.99,no
2026-10-05T00:14:20.342592Z,KXBTC15M-26OCT042015-15,0.0010,10.00,no
2026-10-05T00:14:20.396731Z,KXBTC15M-26OCT042015-15,0.0020,91.62,yes
2026-10-05T00:14:20.854874Z,KXBTC15M-26OCT042015-15,0.0010,0.01,no
2026-10-05T00:14:20.854874Z,KXBTC15M-26OCT042015-15,0.0010,0.01,no
2026-10-05T00:14:20.854874Z,KXBTC15M-26OCT042015-15,0.0010,21.31,no
2026-10-05T00:14:20.854874Z,KXBTC15M-26OCT042015-15,0.0010,128.80,no
2026-10-05T00:14:20.896112Z,KXBTC15M-26OCT042015-15,0.0020,4.09,yes
2026-10-05T00:14:21.00095Z,KXBTC15M-26OCT042015-15,0.0010,18.69,no
2026-10-05T00:14:21.00095Z,KXBTC15M-26OCT042015-15,0.0010,0.01,no
2026-10-05T00:14:21.00095Z,KXBTC15M-26OCT042015-15,0.0010,10.00,no
2026-10-05T00:14:21.00095Z,KXBTC15M-26OCT042015-15,0.0010,103.00,no
2026-10-05T00:14:21.00095Z,KXBTC15M-26OCT042015-15,0.0010,10.00,no
2026-10-05T00:14:21.00095Z,KXBTC15M-26OCT042015-15,0.0010,0.01,no
2026-10-05T00:14:21.00095Z,KXBTC15M-26OCT042015-15,0.0010,21.31,no
2026-10-05T00:14:21.00095Z,KXBTC15M-26OCT042015-15,0.0010,10.00,no
2026-10-05T00:14:21.022942Z,KXBTC15M-26OCT042015-15,0.0010,91.00,yes
2026-10-05T00:14:21.022942Z,KXBTC15M-26OCT042015-15,0.0020,700.43,yes
2026-10-05T00:14:21.022942Z,KXBTC15M-26OCT042015-15,0.0010,143.29,yes
2026-10-05T00:14:21.118058Z,KXBTC15M-26OCT042015-15,0.0010,4246.28,yes
2026-10-05T00:14:21.170685Z,KXBTC15M-26OCT042015-15,0.0010,467.36,yes
2026-10-05T00:14:21.270066Z,KXBTC15M-26OCT042015-15,0.0010,46.74,yes
2026-10-05T00:14:21.321606Z,KXBTC15M-26OCT042015-15,0.0010,467.36,yes
2026-10-05T00:14:21.38281Z,KXBTC15M-26OCT042015-15,0.0010,2747.91,yes
2026-10-05T00:14:21.599095Z,KXBTC15M-26OCT042015-15,0.0010,1323.00,yes
2026-10-05T00:14:21.61648Z,KXBTC15M-26OCT042015-15,0.0010,915.99,yes
2026-10-05T00:14:21.649739Z,KXBTC15M-26OCT042015-15,0.0010,1831.90,yes
2026-10-05T00:14:21.782296Z,KXBTC15M-26OCT042015-15,0.0010,3.00,yes
2026-10-05T00:14:21.995935Z,KXBTC15M-26OCT042015-15,0.0010,467.36,yes
2026-10-05T00:14:22.021475Z,KXBTC15M-26OCT042015-15,0.0010,0.50,yes
2026-10-05T00:14:22.036687Z,KXBTC15M-26OCT042015-15,0.0010,1402.60,yes
2026-10-05T00:14:22.055391Z,KXBTC15M-26OCT042015-15,0.0010,915.99,yes
2026-10-05T00:14:22.133603Z,KXBTC15M-26OCT042015-15,0.0010,1831.90,yes
2026-10-05T00:14:22.154549Z,KXBTC15M-26OCT042015-15,0.0010,9.20,yes
2026-10-05T00:14:22.243637Z,KXBTC15M-26OCT042015-15,0.0010,915.99,yes
2026-10-05T00:14:22.293637Z,KXBTC15M-26OCT042015-15,0.0010,6.47,yes
2026-10-05T00:14:22.301769Z,KXBTC15M-26OCT042015-15,0.0010,19.17,yes
2026-10-05T00:14:22.306705Z,KXBTC15M-26OCT042015-15,0.0010,915.99,yes
2026-10-05T00:14:22.399894Z,KXBTC15M-26OCT042015-15,0.0010,5.21,yes
2026-10-05T00:14:22.446168Z,KXBTC15M-26OCT042015-15,0.0010,321.00,yes
2026-10-05T00:14:22.61044Z,KXBTC15M-26OCT042015-15,0.0010,9.97,yes
2026-10-05T00:14:22.932001Z,KXBTC15M-26OCT042015-15,0.0010,458.04,yes
2026-10-05T00:14:22.955519Z,KXBTC15M-26OCT042015-15,0.0010,89.33,yes
2026-10-05T00:14:23.06005Z,KXBTC15M-26OCT042015-15,0.0010,4.03,yes
2026-10-05T00:14:23.198476Z,KXBTC15M-26OCT042015-15,0.0010,458.04,yes
2026-10-05T00:14:23.23874Z,KXBTC15M-26OCT042015-15,0.0010,4579.77,yes
2026-10-05T00:14:23.247865Z,KXBTC15M-26OCT042015-15,0.0010,140.19,yes
2026-10-05T00:14:23.455332Z,KXBTC15M-26OCT042015-15,0.0010,9.20,yes
2026-10-05T00:14:23.574946Z,KXBTC15M-26OCT042015-15,0.0010,18.69,yes
2026-10-05T00:14:23.575524Z,KXBTC15M-26OCT042015-15,0.0010,458.04,yes
2026-10-05T00:14:23.585028Z,KXBTC15M-26OCT042015-15,0.0010,91.62,yes
2026-10-05T00:14:23.588593Z,KXBTC15M-26OCT042015-15,0.0010,924.66,yes
2026-10-05T00:14:23.709892Z,KXBTC15M-26OCT042015-15,0.0010,915.99,yes
2026-10-05T00:14:23.718981Z,KXBTC15M-26OCT042015-15,0.0010,915.99,yes
2026-10-05T00:14:23.759906Z,KXBTC15M-26OCT042015-15,0.0010,135.25,yes
2026-10-05T00:14:23.841999Z,KXBTC15M-26OCT042015-15,0.0010,915.99,yes
2026-10-05T00:14:23.864892Z,KXBTC15M-26OCT042015-15,0.0010,4579.77,yes
2026-10-05T00:14:24.149689Z,KXBTC15M-26OCT042015-15,0.0010,30.10,yes
2026-10-05T00:14:24.16021Z,KXBTC15M-26OCT042015-15,0.0010,450.00,yes
2026-10-05T00:14:24.274014Z,KXBTC15M-26OCT042015-15,0.0010,2.49,yes
2026-10-05T00:14:24.283385Z,KXBTC15M-26OCT042015-15,0.0010,311.59,yes
2026-10-05T00:14:24.355634Z,KXBTC15M-26OCT042015-15,0.0010,4579.77,yes
2026-10-05T00:14:24.659276Z,KXBTC15M-26OCT042015-15,0.0010,18.80,yes
2026-10-05T00:14:24.80353Z,KXBTC15M-26OCT042015-15,0.0010,108.75,yes
2026-10-05T00:14:24.883428Z,KXBTC15M-26OCT042015-15,0.0010,915.99,yes
2026-10-05T00:14:24.913599Z,KXBTC15M-26OCT042015-15,0.0010,15.00,yes
2026-10-05T00:14:24.935138Z,KXBTC15M-26OCT042015-15,0.0010,91.62,yes
2026-10-05T00:14:24.962732Z,KXBTC15M-26OCT042015-15,0.0010,2747.91,yes
2026-10-05T00:14:25.010915Z,KXBTC15M-26OCT042015-15,0.0010,3.04,yes
2026-10-05T00:14:25.040566Z,KXBTC15M-26OCT042015-15,0.0010,546.39,yes
2026-10-05T00:14:25.133461Z,KXBTC15M-26OCT042015-15,0.0010,0.21,yes
2026-10-05T00:14:25.174715Z,KXBTC15M-26OCT042015-15,0.0010,12.62,yes
2026-10-05T00:14:25.220954Z,KXBTC15M-26OCT042015-15,0.0010,13.80,yes
2026-10-05T00:14:25.234448Z,KXBTC15M-26OCT042015-15,0.0010,10.00,yes
2026-10-05T00:14:25.433578Z,KXBTC15M-26OCT042015-15,0.0010,108.48,yes
2026-10-05T00:14:25.535202Z,KXBTC15M-26OCT042015-15,0.0010,89.75,yes
2026-10-05T00:14:25.548341Z,KXBTC15M-26OCT042015-15,0.0010,269.75,yes
2026-10-05T00:14:25.565034Z,KXBTC15M-26OCT042015-15,0.0010,91.62,yes
2026-10-05T00:14:25.579317Z,KXBTC15M-26OCT042015-15,0.0010,9.20,yes
2026-10-05T00:14:25.619513Z,KXBTC15M-26OCT042015-15,0.0010,39.34,yes
2026-10-05T00:14:25.652228Z,KXBTC15M-26OCT042015-15,0.0010,1831.90,yes
2026-10-05T00:14:25.702022Z,KXBTC15M-26OCT042015-15,0.0010,18.85,yes
2026-10-05T00:14:25.744823Z,KXBTC15M-26OCT042015-15,0.0010,915.99,yes
2026-10-05T00:14:25.76321Z,KXBTC15M-26OCT042015-15,0.0010,9159.55,yes
2026-10-05T00:14:25.799232Z,KXBTC15M-26OCT042015-15,0.0010,187.68,yes
2026-10-05T00:14:25.823852Z,KXBTC15M-26OCT042015-15,0.0010,9.20,yes
2026-10-05T00:14:25.862777Z,KXBTC15M-26OCT042015-15,0.0010,1.01,yes
2026-10-05T00:14:25.908343Z,KXBTC15M-26OCT042015-15,0.0010,59.53,yes
2026-10-05T00:14:25.993884Z,KXBTC15M-26OCT042015-15,0.0010,2.20,yes
2026-10-05T00:14:26.134675Z,KXBTC15M-26OCT042015-15,0.0010,89.00,yes
2026-10-05T00:14:26.13744Z,KXBTC15M-26OCT042015-15,0.0010,915.99,yes
2026-10-05T00:14:26.158434Z,KXBTC15M-26OCT042015-15,0.0010,915.99,yes
2026-10-05T00:14:26.250644Z,KXBTC15M-26OCT042015-15,0.0010,4579.77,yes
2026-10-05T00:14:26.263285Z,KXBTC15M-26OCT042015-15,0.0010,91.62,yes
2026-10-05T00:14:26.365665Z,KXBTC15M-26OCT042015-15,0.0010,6.72,yes
2026-10-05T00:14:26.377461Z,KXBTC15M-26OCT042015-15,0.0010,915.99,yes
2026-10-05T00:14:26.455353Z,KXBTC15M-26OCT042015-15,0.0010,9159.55,yes
2026-10-05T00:14:26.47861Z,KXBTC15M-26OCT042015-15,0.0010,670.49,yes
2026-10-05T00:14:26.684349Z,KXBTC15M-26OCT042015-15,0.0010,0.58,yes
2026-10-05T00:14:26.734589Z,KXBTC15M-26OCT042015-15,0.0010,10000.00,yes
2026-10-05T00:14:26.86343Z,KXBTC15M-26OCT042015-15,0.0010,915.99,yes
2026-10-05T00:14:26.896388Z,KXBTC15M-26OCT042015-15,0.0010,915.99,yes
2026-10-05T00:14:26.995216Z,KXBTC15M-26OCT042015-15,0.0010,458.04,yes
2026-10-05T00:14:27.013869Z,KXBTC15M-26OCT042015-15,0.0010,4579.77,yes
2026-10-05T00:14:27.048288Z,KXBTC15M-26OCT042015-15,0.0010,4579.77,yes
2026-10-05T00:14:27.397657Z,KXBTC15M-26OCT042015-15,0.0010,451.00,yes
2026-10-05T00:14:27.449688Z,KXBTC15M-26OCT042015-15,0.0010,2.38,yes
2026-10-05T00:14:27.472333Z,KXBTC15M-26OCT042015-15,0.0010,200.00,yes
2026-10-05T00:14:27.489814Z,KXBTC15M-26OCT042015-15,0.0010,147.80,yes
2026-10-05T00:14:27.622134Z,KXBTC15M-26OCT042015-15,0.0010,9.20,yes
2026-10-05T00:14:27.696471Z,KXBTC15M-26OCT042015-15,0.0010,4579.77,yes
2026-10-05T00:14:27.739625Z,KXBTC15M-26OCT042015-15,0.0010,1121.53,yes
2026-10-05T00:14:27.783567Z,KXBTC15M-26OCT042015-15,0.0010,915.99,yes
2026-10-05T00:14:27.793794Z,KXBTC15M-26OCT042015-15,0.0010,915.99,yes
2026-10-05T00:14:27.844865Z,KXBTC15M-26OCT042015-15,0.0010,1831.90,yes
2026-10-05T00:14:27.926518Z,KXBTC15M-26OCT042015-15,0.0010,915.99,yes
2026-10-05T00:14:27.983464Z,KXBTC15M-26OCT042015-15,0.0010,1831.90,yes
2026-10-05T00:14:27.983901Z,KXBTC15M-26OCT042015-15,0.0010,915.99,yes
2026-10-05T00:14:28.165281Z,KXBTC15M-26OCT042015-15,0.0010,458.04,yes
2026-10-05T00:14:28.195323Z,KXBTC15M-26OCT042015-15,0.0010,915.99,yes
2026-10-05T00:14:28.231123Z,KXBTC15M-26OCT042015-15,0.0010,4579.77,yes
2026-10-05T00:14:28.245165Z,KXBTC15M-26OCT042015-15,0.0010,131.04,yes
2026-10-05T00:14:28.291403Z,KXBTC15M-26OCT042015-15,0.0010,915.99,yes
2026-10-05T00:14:28.305796Z,KXBTC15M-26OCT042015-15,0.0010,915.99,yes
2026-10-05T00:14:28.325461Z,KXBTC15M-26OCT042015-15,0.0010,127.11,yes
2026-10-05T00:14:28.611856Z,KXBTC15M-26OCT042015-15,0.0010,9159.55,yes
2026-10-05T00:14:28.649734Z,KXBTC15M-26OCT042015-15,0.0010,915.99,yes
2026-10-05T00:14:28.704699Z,KXBTC15M-26OCT042015-15,0.0010,915.99,yes
2026-10-05T00:14:28.842887Z,KXBTC15M-26OCT042015-15,0.0010,1831.90,yes
2026-10-05T00:14:28.921577Z,KXBTC15M-26OCT042015-15,0.0010,915.99,yes
2026-10-05T00:14:29.170148Z,KXBTC15M-26OCT042015-15,0.0010,915.99,yes
2026-10-05T00:14:29.170157Z,KXBTC15M-26OCT042015-15,0.0010,30.94,yes
2026-10-05T00:14:29.229009Z,KXBTC15M-26OCT042015-15,0.0010,915.99,yes
2026-10-05T00:14:29.24566Z,KXBTC15M-26OCT042015-15,0.0010,915.99,yes
2026-10-05T00:14:29.336185Z,KXBTC15M-26OCT042015-15,0.0010,91.62,yes
2026-10-05T00:14:29.424159Z,KXBTC15M-26OCT042015-15,0.0010,915.99,yes
2026-10-05T00:14:29.537094Z,KXBTC15M-26OCT042015-15,0.0010,915.99,yes
2026-10-05T00:14:29.662829Z,KXBTC15M-26OCT042015-15,0.0010,91.62,yes
2026-10-05T00:14:29.722254Z,KXBTC15M-26OCT042015-15,0.0010,100.83,yes
2026-10-05T00:14:29.832816Z,KXBTC15M-26OCT042015-15,0.0010,1000.00,yes
2026-10-05T00:14:29.858381Z,KXBTC15M-26OCT042015-15,0.0010,3.00,yes
2026-10-05T00:14:29.858381Z,KXBTC15M-26OCT042015-15,0.0010,258.83,yes
2026-10-05T00:14:29.858381Z,KXBTC15M-26OCT042015-15,0.0010,2000.00,yes
2026-10-05T00:14:29.858381Z,KXBTC15M-26OCT042015-15,0.0010,4101.98,yes
2026-10-05T00:14:29.858381Z,KXBTC15M-26OCT042015-15,0.0010,2000.00,yes
2026-10-05T00:14:29.858381Z,KXBTC15M-26OCT042015-15,0.0010,14.00,yes
2026-10-05T00:14:29.858381Z,KXBTC15M-26OCT042015-15,0.0010,19024.37,yes
2026-10-05T00:14:29.858381Z,KXBTC15M-26OCT042015-15,0.0010,216.21,yes
2026-10-05T00:14:29.858381Z,KXBTC15M-26OCT042015-15,0.0010,3.00,yes
2026-10-05T00:14:29.858381Z,KXBTC15M-26OCT042015-15,0.0010,8888.00,yes
2026-10-05T00:14:29.858381Z,KXBTC15M-26OCT042015-15,0.0010,128.58,yes
2026-10-05T00:14:29.873416Z,KXBTC15M-26OCT042015-15,0.0010,915.99,yes
2026-10-05T00:14:29.897452Z,KXBTC15M-26OCT042015-15,0.0010,915.99,yes
2026-10-05T00:14:30.161237Z,KXBTC15M-26OCT042015-15,0.0010,1.00,yes
2026-10-05T00:14:30.509287Z,KXBTC15M-26OCT042015-15,0.0010,4579.77,yes
2026-10-05T00:14:30.518633Z,KXBTC15M-26OCT042015-15,0.0010,915.99,yes
2026-10-05T00:14:30.551082Z,KXBTC15M-26OCT042015-15,0.0010,5.00,yes
2026-10-05T00:14:30.720691Z,KXBTC15M-26OCT042015-15,0.0010,9.20,yes
2026-10-05T00:14:30.772966Z,KXBTC15M-26OCT042015-15,0.0010,10.22,yes
2026-10-05T00:14:30.813403Z,KXBTC15M-26OCT042015-15,0.0010,4579.77,yes
2026-10-05T00:14:30.995218Z,KXBTC15M-26OCT042015-15,0.0010,229.01,yes
2026-10-05T00:14:31.023318Z,KXBTC15M-26OCT042015-15,0.0010,9159.55,yes
2026-10-05T00:14:31.043965Z,KXBTC15M-26OCT042015-15,0.0010,915.99,yes
2026-10-05T00:14:31.186979Z,KXBTC15M-26OCT042015-15,0.0010,4579.77,yes
2026-10-05T00:14:31.358287Z,KXBTC15M-26OCT042015-15,0.0010,915.99,yes
2026-10-05T00:14:31.427316Z,KXBTC15M-26OCT042015-15,0.0010,1008.93,yes
2026-10-05T00:14:31.68269Z,KXBTC15M-26OCT042015-15,0.0010,47.14,yes
2026-10-05T00:14:31.885762Z,KXBTC15M-26OCT042015-15,0.0010,4579.77,yes
2026-10-05T00:14:31.903134Z,KXBTC15M-26OCT042015-15,0.0010,915.99,yes
2026-10-05T00:14:32.071078Z,KXBTC15M-26OCT042015-15,0.0010,4579.77,yes
2026-10-05T00:14:32.260358Z,KXBTC15M-26OCT042015-15,0.0010,100.00,yes
2026-10-05T00:14:32.36577Z,KXBTC15M-26OCT042015-15,0.0010,915.99,yes
2026-10-05T00:14:32.478855Z,KXBTC15M-26OCT042015-15,0.0010,915.99,yes
2026-10-05T00:14:32.598971Z,KXBTC15M-26OCT042015-15,0.0010,4579.77,yes
2026-10-05T00:14:32.672889Z,KXBTC15M-26OCT042015-15,0.0010,915.99,yes
2026-10-05T00:14:32.729954Z,KXBTC15M-26OCT042015-15,0.0010,5.19,yes
2026-10-05T00:14:32.737254Z,KXBTC15M-26OCT042015-15,0.0010,915.99,yes
2026-10-05T00:14:32.897736Z,KXBTC15M-26OCT042015-15,0.0010,915.99,yes
2026-10-05T00:14:33.042112Z,KXBTC15M-26OCT042015-15,0.0010,770.51,yes
2026-10-05T00:14:33.108369Z,KXBTC15M-26OCT042015-15,0.0010,225.37,yes
2026-10-05T00:14:33.197251Z,KXBTC15M-26OCT042015-15,0.0010,915.99,yes
2026-10-05T00:14:33.302754Z,KXBTC15M-26OCT042015-15,0.0010,9159.55,yes
2026-10-05T00:14:33.455376Z,KXBTC15M-26OCT042015-15,0.0010,63.90,yes
2026-10-05T00:14:33.521757Z,KXBTC15M-26OCT042015-15,0.0010,3663.81,yes
2026-10-05T00:14:33.531789Z,KXBTC15M-26OCT042015-15,0.0010,930.00,yes
2026-10-05T00:14:33.557461Z,KXBTC15M-26OCT042015-15,0.0010,9049.00,yes
2026-10-05T00:14:33.681922Z,KXBTC15M-26OCT042015-15,0.0010,1831.90,yes
2026-10-05T00:14:33.784848Z,KXBTC15M-26OCT042015-15,0.0010,4579.77,yes
2026-10-05T00:14:33.853674Z,KXBTC15M-26OCT042015-15,0.0010,915.99,yes
2026-10-05T00:14:33.893509Z,KXBTC15M-26OCT042015-15,0.0010,62.57,yes
2026-10-05T00:14:33.939848Z,KXBTC15M-26OCT042015-15,0.0010,91.62,yes
2026-10-05T00:14:34.097567Z,KXBTC15M-26OCT042015-15,0.0010,915.99,yes
2026-10-05T00:14:34.605855Z,KXBTC15M-26OCT042015-15,0.0010,915.99,yes
2026-10-05T00:14:34.606587Z,KXBTC15M-26OCT042015-15,0.0010,10.82,yes
2026-10-05T00:14:34.793636Z,KXBTC15M-26OCT042015-15,0.0010,0.10,yes
2026-10-05T00:14:35.155099Z,KXBTC15M-26OCT042015-15,0.0010,89.75,yes
2026-10-05T00:14:35.21919Z,KXBTC15M-26OCT042015-15,0.0010,915.99,yes
2026-10-05T00:14:35.408588Z,KXBTC15M-26OCT042015-15,0.0010,5.58,yes
2026-10-05T00:14:35.411286Z,KXBTC15M-26OCT042015-15,0.0010,915.99,yes
2026-10-05T00:14:35.549857Z,KXBTC15M-26OCT042015-15,0.0010,915.99,yes
2026-10-05T00:14:35.763172Z,KXBTC15M-26OCT042015-15,0.0010,9159.55,yes
2026-10-05T00:14:35.78843Z,KXBTC15M-26OCT042015-15,0.0010,915.99,yes
2026-10-05T00:14:35.813984Z,KXBTC15M-26OCT042015-15,0.0010,745.55,yes
2026-10-05T00:14:35.813984Z,KXBTC15M-26OCT042015-15,0.0010,3.00,yes
2026-10-05T00:14:35.813984Z,KXBTC15M-26OCT042015-15,0.0010,1083.35,yes
2026-10-05T00:14:35.834811Z,KXBTC15M-26OCT042015-15,0.0010,200.00,yes
2026-10-05T00:14:35.834811Z,KXBTC15M-26OCT042015-15,0.0010,297.33,yes
2026-10-05T00:14:35.834811Z,KXBTC15M-26OCT042015-15,0.0010,400.65,yes
2026-10-05T00:14:35.834811Z,KXBTC15M-26OCT042015-15,0.0010,3.00,yes
2026-10-05T00:14:35.834811Z,KXBTC15M-26OCT042015-15,0.0010,15.01,yes
2026-10-05T00:14:35.984177Z,KXBTC15M-26OCT042015-15,0.0010,448.69,yes
2026-10-05T00:14:36.008766Z,KXBTC15M-26OCT042015-15,0.0010,140.19,yes
2026-10-05T00:14:36.111882Z,KXBTC15M-26OCT042015-15,0.0010,4579.77,yes
2026-10-05T00:14:36.213374Z,KXBTC15M-26OCT042015-15,0.0010,20.70,yes
2026-10-05T00:14:36.258835Z,KXBTC15M-26OCT042015-15,0.0010,338.97,yes
2026-10-05T00:14:36.293652Z,KXBTC15M-26OCT042015-15,0.0010,915.99,yes
2026-10-05T00:14:36.322347Z,KXBTC15M-26OCT042015-15,0.0010,34.94,yes
2026-10-05T00:14:36.540332Z,KXBTC15M-26OCT042015-15,0.0010,244.00,yes
2026-10-05T00:14:36.540332Z,KXBTC15M-26OCT042015-15,0.0010,100.00,yes
2026-10-05T00:14:36.540332Z,KXBTC15M-26OCT042015-15,0.0010,1144.35,yes
2026-10-05T00:14:36.540332Z,KXBTC15M-26OCT042015-15,0.0010,3091.42,yes
2026-10-05T00:14:36.698046Z,KXBTC15M-26OCT042015-15,0.0010,1831.90,yes
2026-10-05T00:14:36.769624Z,KXBTC15M-26OCT042015-15,0.0010,27.52,yes
2026-10-05T00:14:36.84461Z,KXBTC15M-26OCT042015-15,0.0010,350.00,yes
2026-10-05T00:14:36.853814Z,KXBTC15M-26OCT042015-15,0.0010,182.00,yes
2026-10-05T00:14:36.853814Z,KXBTC15M-26OCT042015-15,0.0010,7009.23,yes
2026-10-05T00:14:36.853814Z,KXBTC15M-26OCT042015-15,0.0010,1747.32,yes
2026-10-05T00:14:36.853814Z,KXBTC15M-26OCT042015-15,0.0010,221.00,yes
2026-10-05T00:14:36.93219Z,KXBTC15M-26OCT042015-15,0.0010,722.00,yes
2026-10-05T00:14:36.93219Z,KXBTC15M-26OCT042015-15,0.0010,6.68,yes
2026-10-05T00:14:36.93219Z,KXBTC15M-26OCT042015-15,0.0010,187.31,yes
2026-10-05T00:14:36.936776Z,KXBTC15M-26OCT042015-15,0.0010,50.00,yes
2026-10-05T00:14:36.973887Z,KXBTC15M-26OCT042015-15,0.0010,164870.66,yes
2026-10-05T00:14:37.030676Z,KXBTC15M-26OCT042015-15,0.0010,90.00,yes
2026-10-05T00:14:37.277535Z,KXBTC15M-26OCT042015-15,0.0010,1831.90,yes
2026-10-05T00:14:37.37133Z,KXBTC15M-26OCT042015-15,0.0010,293.10,yes
2026-10-05T00:14:37.394625Z,KXBTC15M-26OCT042015-15,0.0010,915.99,yes
2026-10-05T00:14:37.492949Z,KXBTC15M-26OCT042015-15,0.0010,0.11,yes
2026-10-05T00:14:37.511547Z,KXBTC15M-26OCT042015-15,0.0010,915.99,yes
2026-10-05T00:14:37.834723Z,KXBTC15M-26OCT042015-15,0.0010,16.12,yes
2026-10-05T00:14:37.956657Z,KXBTC15M-26OCT042015-15,0.0010,6.16,yes
2026-10-05T00:14:38.12518Z,KXBTC15M-26OCT042015-15,0.0010,904.00,yes
2026-10-05T00:14:38.136844Z,KXBTC15M-26OCT042015-15,0.0010,458.04,yes
2026-10-05T00:14:38.170747Z,KXBTC15M-26OCT042015-15,0.0010,5.00,yes
2026-10-05T00:14:38.235785Z,KXBTC15M-26OCT042015-15,0.0010,6411.64,yes
2026-10-05T00:14:38.296919Z,KXBTC15M-26OCT042015-15,0.0010,91.62,yes
2026-10-05T00:14:38.299427Z,KXBTC15M-26OCT042015-15,0.0010,915.99,yes
2026-10-05T00:14:38.503216Z,KXBTC15M-26OCT042015-15,0.0010,915.99,yes
2026-10-05T00:14:38.724764Z,KXBTC15M-26OCT042015-15,0.0010,558.78,yes
2026-10-05T00:14:38.752396Z,KXBTC15M-26OCT042015-15,0.0010,915.99,yes
2026-10-05T00:14:39.003971Z,KXBTC15M-26OCT042015-15,0.0010,915.99,yes
2026-10-05T00:14:39.085961Z,KXBTC15M-26OCT042015-15,0.0010,915.99,yes
2026-10-05T00:14:39.322258Z,KXBTC15M-26OCT042015-15,0.0010,10.59,yes
2026-10-05T00:14:39.365299Z,KXBTC15M-26OCT042015-15,0.0010,91.62,yes
2026-10-05T00:14:39.481966Z,KXBTC15M-26OCT042015-15,0.0010,82.50,yes
2026-10-05T00:14:39.518996Z,KXBTC15M-26OCT042015-15,0.0010,186.99,yes
2026-10-05T00:14:39.553599Z,KXBTC15M-26OCT042015-15,0.0010,229.01,yes
2026-10-05T00:14:39.627197Z,KXBTC15M-26OCT042015-15,0.0010,915.99,yes
2026-10-05T00:14:39.913964Z,KXBTC15M-26OCT042015-15,0.0010,915.99,yes
2026-10-05T00:14:39.978405Z,KXBTC15M-26OCT042015-15,0.0010,82.50,yes
2026-10-05T00:14:40.168029Z,KXBTC15M-26OCT042015-15,0.0010,34.93,yes
2026-10-05T00:14:40.246077Z,KXBTC15M-26OCT042015-15,0.0010,4486.31,yes
2026-10-05T00:14:40.253853Z,KXBTC15M-26OCT042015-15,0.0010,4579.77,yes
2026-10-05T00:14:40.939481Z,KXBTC15M-26OCT042015-15,0.0010,1831.90,yes
2026-10-05T00:14:40.943763Z,KXBTC15M-26OCT042015-15,0.0010,448.83,yes
2026-10-05T00:14:41.059458Z,KXBTC15M-26OCT042015-15,0.0010,897.67,yes
2026-10-05T00:14:41.307279Z,KXBTC15M-26OCT042015-15,0.0010,934.69,yes
2026-10-05T00:14:41.474789Z,KXBTC15M-26OCT042015-15,0.0010,904.00,yes
2026-10-05T00:14:41.654226Z,KXBTC15M-26OCT042015-15,0.0010,231.77,yes
2026-10-05T00:14:41.709177Z,KXBTC15M-26OCT042015-15,0.0010,54.96,yes
2026-10-05T00:14:41.950872Z,KXBTC15M-26OCT042015-15,0.0010,915.99,yes
2026-10-05T00:14:41.965774Z,KXBTC15M-26OCT042015-15,0.0010,90.00,yes
2026-10-05T00:14:42.275968Z,KXBTC15M-26OCT042015-15,0.0010,915.99,yes
2026-10-05T00:14:42.296938Z,KXBTC15M-26OCT042015-15,0.0010,915.99,yes
2026-10-05T00:14:42.386344Z,KXBTC15M-26OCT042015-15,0.0010,915.99,yes
2026-10-05T00:14:42.419061Z,KXBTC15M-26OCT042015-15,0.0010,1831.90,yes
2026-10-05T00:14:42.613565Z,KXBTC15M-26OCT042015-15,0.0010,475.71,yes
2026-10-05T00:14:43.066227Z,KXBTC15M-26OCT042015-15,0.0010,283.99,yes
2026-10-05T00:14:43.453693Z,KXBTC15M-26OCT042015-15,0.0010,1357.00,yes
2026-10-05T00:14:43.51369Z,KXBTC15M-26OCT042015-15,0.0010,4579.77,yes
2026-10-05T00:14:43.622534Z,KXBTC15M-26OCT042015-15,0.0010,91.62,yes
2026-10-05T00:14:43.674244Z,KXBTC15M-26OCT042015-15,0.0010,915.99,yes
2026-10-05T00:14:43.914343Z,KXBTC15M-26OCT042015-15,0.0010,915.99,yes
2026-10-05T00:14:44.19039Z,KXBTC15M-26OCT042015-15,0.0010,4579.77,yes
2026-10-05T00:14:44.203793Z,KXBTC15M-26OCT042015-15,0.0010,93.49,yes
2026-10-05T00:14:44.239077Z,KXBTC15M-26OCT042015-15,0.0010,329.76,yes
2026-10-05T00:14:44.252868Z,KXBTC15M-26OCT042015-15,0.0010,915.99,yes
2026-10-05T00:14:44.540577Z,KXBTC15M-26OCT042015-15,0.0010,915.99,yes
2026-10-05T00:14:44.630462Z,KXBTC15M-26OCT042015-15,0.0010,183.25,yes
2026-10-05T00:14:44.647359Z,KXBTC15M-26OCT042015-15,0.0010,915.99,yes
2026-10-05T00:14:44.918997Z,KXBTC15M-26OCT042015-15,0.0010,18319.03,yes
2026-10-05T00:14:44.953522Z,KXBTC15M-26OCT042015-15,0.0010,29.59,yes
2026-10-05T00:14:45.071482Z,KXBTC15M-26OCT042015-15,0.0010,2.43,yes
2026-10-05T00:14:45.566865Z,KXBTC15M-26OCT042015-15,0.0010,915.99,yes
2026-10-05T00:14:45.615328Z,KXBTC15M-26OCT042015-15,0.0010,91.62,yes
2026-10-05T00:14:45.641114Z,KXBTC15M-26OCT042015-15,0.0010,2.52,yes
2026-10-05T00:14:46.001191Z,KXBTC15M-26OCT042015-15,0.0010,309.00,yes
2026-10-05T00:14:46.153017Z,KXBTC15M-26OCT042015-15,0.0010,915.99,yes
2026-10-05T00:14:46.659656Z,KXBTC15M-26OCT042015-15,0.0010,11.90,yes
2026-10-05T00:14:46.747524Z,KXBTC15M-26OCT042015-15,0.0010,915.99,yes
2026-10-05T00:14:46.896473Z,KXBTC15M-26OCT042015-15,0.0010,91.62,yes
2026-10-05T00:12:50.982198Z,KXHYPE15M-26OCT042015-15,0.0110,50.51,no
2026-10-05T00:12:52.352053Z,KXHYPE15M-26OCT042015-15,0.0110,2.00,no
2026-10-05T00:12:53.058517Z,KXHYPE15M-26OCT042015-15,0.0110,6.16,no
2026-10-05T00:12:53.058517Z,KXHYPE15M-26OCT042015-15,0.0110,27.57,no
2026-10-05T00:12:54.137099Z,KXHYPE15M-26OCT042015-15,0.0050,11.00,no
2026-10-05T00:12:54.137099Z,KXHYPE15M-26OCT042015-15,0.0050,1.00,no
2026-10-05T00:12:54.137099Z,KXHYPE15M-26OCT042015-15,0.0070,12.64,no
2026-10-05T00:12:54.137099Z,KXHYPE15M-26OCT042015-15,0.0050,20.00,no
2026-10-05T00:12:54.137099Z,KXHYPE15M-26OCT042015-15,0.0060,20.00,no
2026-10-05T00:12:54.137099Z,KXHYPE15M-26OCT042015-15,0.0050,65.39,no
2026-10-05T00:12:54.137099Z,KXHYPE15M-26OCT042015-15,0.0080,0.03,no
2026-10-05T00:12:54.137099Z,KXHYPE15M-26OCT042015-15,0.0080,49.00,no
2026-10-05T00:12:54.137099Z,KXHYPE15M-26OCT042015-15,0.0060,0.03,no
2026-10-05T00:12:54.137099Z,KXHYPE15M-26OCT042015-15,0.0110,18.98,no
2026-10-05T00:12:54.137099Z,KXHYPE15M-26OCT042015-15,0.0070,0.03,no
2026-10-05T00:12:54.137099Z,KXHYPE15M-26OCT042015-15,0.0050,0.03,no
2026-10-05T00:12:54.137099Z,KXHYPE15M-26OCT042015-15,0.0060,4.00,no
2026-10-05T00:12:59.651056Z,KXHYPE15M-26OCT042015-15,0.0060,2.00,yes
2026-10-05T00:12:59.651056Z,KXHYPE15M-26OCT042015-15,0.0060,0.03,yes
2026-10-05T00:12:59.651056Z,KXHYPE15M-26OCT042015-15,0.0070,1.37,yes
2026-10-05T00:13:02.322939Z,KXHYPE15M-26OCT042015-15,0.0040,5.00,no
2026-10-05T00:13:03.135948Z,KXHYPE15M-26OCT042015-15,0.0040,1.00,no
2026-10-05T00:13:03.135948Z,KXHYPE15M-26OCT042015-15,0.0040,1.00,no
2026-10-05T00:13:03.135948Z,KXHYPE15M-26OCT042015-15,0.0040,1.00,no
2026-10-05T00:13:03.135948Z,KXHYPE15M-26OCT042015-15,0.0040,13.00,no
2026-10-05T00:13:03.135948Z,KXHYPE15M-26OCT042015-15,0.0030,3.36,no
2026-10-05T00:13:03.135948Z,KXHYPE15M-26OCT042015-15,0.0040,1.00,no
2026-10-05T00:13:03.135948Z,KXHYPE15M-26OCT042015-15,0.0040,1.00,no
2026-10-05T00:13:03.135948Z,KXHYPE15M-26OCT042015-15,0.0030,20.00,no
2026-10-05T00:13:03.135948Z,KXHYPE15M-26OCT042015-15,0.0040,15.00,no
2026-10-05T00:13:03.135948Z,KXHYPE15M-26OCT042015-15,0.0040,0.03,no
2026-10-05T00:13:03.135948Z,KXHYPE15M-26OCT042015-15,0.0040,9.00,no
2026-10-05T00:13:08.066676Z,KXHYPE15M-26OCT042015-15,0.0030,6.65,no
2026-10-05T00:13:08.200861Z,KXHYPE15M-26OCT042015-15,0.0070,3.63,yes
2026-10-05T00:13:08.200861Z,KXHYPE15M-26OCT042015-15,0.0070,2.00,yes
2026-10-05T00:13:08.495312Z,KXHYPE15M-26OCT042015-15,0.0100,3.32,yes
2026-10-05T00:13:08.495312Z,KXHYPE15M-26OCT042015-15,0.0100,6.90,yes
2026-10-05T00:13:10.614931Z,KXHYPE15M-26OCT042015-15,0.0140,2.00,yes
2026-10-05T00:13:10.614931Z,KXHYPE15M-26OCT042015-15,0.0060,0.03,yes
2026-10-05T00:13:10.614931Z,KXHYPE15M-26OCT042015-15,0.0050,0.03,yes
2026-10-05T00:13:10.614931Z,KXHYPE15M-26OCT042015-15,0.0150,13.94,yes
2026-10-05T00:13:10.61576Z,KXHYPE15M-26OCT042015-15,0.0150,3.00,yes
2026-10-05T00:13:10.778689Z,KXHYPE15M-26OCT042015-15,0.0050,5.00,no
2026-10-05T00:13:13.677448Z,KXHYPE15M-26OCT042015-15,0.0030,0.21,no
2026-10-05T00:13:18.514878Z,KXHYPE15M-26OCT042015-15,0.0060,0.03,no
2026-10-05T00:13:18.514878Z,KXHYPE15M-26OCT042015-15,0.0060,0.97,no
2026-10-05T00:13:24.922055Z,KXHYPE15M-26OCT042015-15,0.0060,2.00,yes
2026-10-05T00:13:27.261024Z,KXHYPE15M-26OCT042015-15,0.0020,100.00,no
2026-10-05T00:13:27.261024Z,KXHYPE15M-26OCT042015-15,0.0020,45.99,no
2026-10-05T00:13:27.261024Z,KXHYPE15M-26OCT042015-15,0.0030,2.00,no
2026-10-05T00:13:27.261024Z,KXHYPE15M-26OCT042015-15,0.0030,2.00,no
2026-10-05T00:13:27.261024Z,KXHYPE15M-26OCT042015-15,0.0030,7.78,no
2026-10-05T00:13:27.261024Z,KXHYPE15M-26OCT042015-15,0.0030,2.00,no
2026-10-05T00:13:27.261024Z,KXHYPE15M-26OCT042015-15,0.0030,2.00,no
2026-10-05T00:13:27.261024Z,KXHYPE15M-26OCT042015-15,0.0030,2.00,no
2026-10-05T00:13:27.261024Z,KXHYPE15M-26OCT042015-15,0.0030,0.03,no
2026-10-05T00:13:27.261024Z,KXHYPE15M-26OCT042015-15,0.0030,12.00,no
2026-10-05T00:13:27.261024Z,KXHYPE15M-26OCT042015-15,0.0030,225.00,no
2026-10-05T00:13:29.072284Z,KXHYPE15M-26OCT042015-15,0.0100,82.29,yes
2026-10-05T00:13:29.072284Z,KXHYPE15M-26OCT042015-15,0.0070,2.00,yes
2026-10-05T00:13:29.072284Z,KXHYPE15M-26OCT042015-15,0.0070,10.00,yes
2026-10-05T00:13:29.072284Z,KXHYPE15M-26OCT042015-15,0.0080,2.00,yes
2026-10-05T00:13:29.072284Z,KXHYPE15M-26OCT042015-15,0.0070,0.03,yes
2026-10-05T00:13:29.072284Z,KXHYPE15M-26OCT042015-15,0.0080,0.03,yes
2026-10-05T00:13:31.217058Z,KXHYPE15M-26OCT042015-15,0.0110,0.03,yes
2026-10-05T00:13:31.217058Z,KXHYPE15M-26OCT042015-15,0.0110,0.04,yes
2026-10-05T00:13:31.217058Z,KXHYPE15M-26OCT042015-15,0.0130,0.05,yes
2026-10-05T00:13:31.217058Z,KXHYPE15M-26OCT042015-15,0.0250,44.25,yes
2026-10-05T00:13:31.217058Z,KXHYPE15M-26OCT042015-15,0.0140,0.05,yes
2026-10-05T00:13:31.217058Z,KXHYPE15M-26OCT042015-15,0.0100,0.03,yes
2026-10-05T00:13:31.217058Z,KXHYPE15M-26OCT042015-15,0.0100,17.71,yes
2026-10-05T00:13:31.217058Z,KXHYPE15M-26OCT042015-15,0.0210,40.00,yes
2026-10-05T00:13:31.217058Z,KXHYPE15M-26OCT042015-15,0.0100,5.25,yes
2026-10-05T00:13:31.217058Z,KXHYPE15M-26OCT042015-15,0.0130,0.03,yes
2026-10-05T00:13:31.217058Z,KXHYPE15M-26OCT042015-15,0.0250,8.00,yes
2026-10-05T00:13:31.217058Z,KXHYPE15M-26OCT042015-15,0.0210,30.00,yes
2026-10-05T00:13:31.217058Z,KXHYPE15M-26OCT042015-15,0.0250,20.00,yes
2026-10-05T00:13:31.217058Z,KXHYPE15M-26OCT042015-15,0.0160,18.98,yes
2026-10-05T00:13:31.217058Z,KXHYPE15M-26OCT042015-15,0.0130,5.00,yes
2026-10-05T00:13:31.217058Z,KXHYPE15M-26OCT042015-15,0.0110,53.00,yes
2026-10-05T00:13:31.217058Z,KXHYPE15M-26OCT042015-15,0.0200,35.00,yes
2026-10-05T00:13:31.217058Z,KXHYPE15M-26OCT042015-15,0.0160,0.03,yes
2026-10-05T00:13:31.217058Z,KXHYPE15M-26OCT042015-15,0.0160,50.51,yes
2026-10-05T00:13:31.217058Z,KXHYPE15M-26OCT042015-15,0.0160,2.00,yes
2026-10-05T00:13:31.217058Z,KXHYPE15M-26OCT042015-15,0.0160,27.57,yes
2026-10-05T00:13:31.217058Z,KXHYPE15M-26OCT042015-15,0.0160,6.16,yes
2026-10-05T00:13:31.217058Z,KXHYPE15M-26OCT042015-15,0.0160,2.02,yes
2026-10-05T00:13:31.217058Z,KXHYPE15M-26OCT042015-15,0.0120,100.00,yes
2026-10-05T00:13:31.217058Z,KXHYPE15M-26OCT042015-15,0.0160,72.76,yes
2026-10-05T00:13:31.719531Z,KXHYPE15M-26OCT042015-15,0.0110,2.02,no
2026-10-05T00:13:31.719531Z,KXHYPE15M-26OCT042015-15,0.0110,9.98,no
2026-10-05T00:13:32.06824Z,KXHYPE15M-26OCT042015-15,0.0110,50.51,no
2026-10-05T00:13:32.06824Z,KXHYPE15M-26OCT042015-15,0.0110,18.98,no
2026-10-05T00:13:32.06824Z,KXHYPE15M-26OCT042015-15,0.0110,27.57,no
2026-10-05T00:13:32.06824Z,KXHYPE15M-26OCT042015-15,0.0110,62.78,no
2026-10-05T00:13:32.06824Z,KXHYPE15M-26OCT042015-15,0.0110,2.00,no
2026-10-05T00:13:32.06824Z,KXHYPE15M-26OCT042015-15,0.0110,6.16,no
2026-10-05T00:13:33.131241Z,KXHYPE15M-26OCT042015-15,0.0050,0.03,no
2026-10-05T00:13:33.131241Z,KXHYPE15M-26OCT042015-15,0.0040,0.03,no
2026-10-05T00:13:33.131241Z,KXHYPE15M-26OCT042015-15,0.0050,2.00,no
2026-10-05T00:13:33.131241Z,KXHYPE15M-26OCT042015-15,0.0030,0.03,no
2026-10-05T00:13:33.131241Z,KXHYPE15M-26OCT042015-15,0.0040,2.00,no
2026-10-05T00:13:33.131241Z,KXHYPE15M-26OCT042015-15,0.0030,2.39,no
2026-10-05T00:13:34.267105Z,KXHYPE15M-26OCT042015-15,0.0150,32.94,yes
2026-10-05T00:13:34.267105Z,KXHYPE15M-26OCT042015-15,0.0120,0.04,yes
2026-10-05T00:13:34.267105Z,KXHYPE15M-26OCT042015-15,0.0080,0.03,yes
2026-10-05T00:13:34.267105Z,KXHYPE15M-26OCT042015-15,0.0150,0.05,yes
2026-10-05T00:13:34.267105Z,KXHYPE15M-26OCT042015-15,0.0120,0.03,yes
2026-10-05T00:13:34.267105Z,KXHYPE15M-26OCT042015-15,0.0080,40.00,yes
2026-10-05T00:13:34.267105Z,KXHYPE15M-26OCT042015-15,0.0140,0.03,yes
2026-10-05T00:13:34.267105Z,KXHYPE15M-26OCT042015-15,0.0130,0.03,yes
2026-10-05T00:13:34.267105Z,KXHYPE15M-26OCT042015-15,0.0100,5.00,yes
2026-10-05T00:13:34.267105Z,KXHYPE15M-26OCT042015-15,0.0100,0.03,yes
2026-10-05T00:13:34.267105Z,KXHYPE15M-26OCT042015-15,0.0110,2.00,yes
2026-10-05T00:13:34.267105Z,KXHYPE15M-26OCT042015-15,0.0100,2.00,yes
2026-10-05T00:13:34.267105Z,KXHYPE15M-26OCT042015-15,0.0130,0.03,yes
2026-10-05T00:13:41.111861Z,KXHYPE15M-26OCT042015-15,0.0160,2.02,yes
2026-10-05T00:13:41.111861Z,KXHYPE15M-26OCT042015-15,0.0160,9.98,yes
2026-10-05T00:13:41.111861Z,KXHYPE15M-26OCT042015-15,0.0150,0.03,yes
2026-10-05T00:13:41.111861Z,KXHYPE15M-26OCT042015-15,0.0160,5.25,yes
2026-10-05T00:13:41.111861Z,KXHYPE15M-26OCT042015-15,0.0150,0.03,yes
2026-10-05T00:13:41.111861Z,KXHYPE15M-26OCT042015-15,0.0130,0.03,yes
2026-10-05T00:13:41.111861Z,KXHYPE15M-26OCT042015-15,0.0140,0.03,yes
2026-10-05T00:13:41.17096Z,KXHYPE15M-26OCT042015-15,0.0110,2.00,no
2026-10-05T00:13:43.095766Z,KXHYPE15M-26OCT042015-15,0.0110,4.47,no
2026-10-05T00:13:43.095766Z,KXHYPE15M-26OCT042015-15,0.0110,0.02,no
2026-10-05T00:13:44.876055Z,KXHYPE15M-26OCT042015-15,0.0160,28.00,yes
2026-10-05T00:13:44.928443Z,KXHYPE15M-26OCT042015-15,0.0320,0.13,yes
2026-10-05T00:13:44.928443Z,KXHYPE15M-26OCT042015-15,0.0290,2.00,yes
2026-10-05T00:13:44.928443Z,KXHYPE15M-26OCT042015-15,0.0280,2.00,yes
2026-10-05T00:13:44.928443Z,KXHYPE15M-26OCT042015-15,0.0160,4.47,yes
2026-10-05T00:13:44.928443Z,KXHYPE15M-26OCT042015-15,0.0200,0.03,yes
2026-10-05T00:13:44.928443Z,KXHYPE15M-26OCT042015-15,0.0210,0.03,yes
2026-10-05T00:13:44.928443Z,KXHYPE15M-26OCT042015-15,0.0160,0.02,yes
2026-10-05T00:13:44.928443Z,KXHYPE15M-26OCT042015-15,0.0180,0.04,yes
2026-10-05T00:13:44.928443Z,KXHYPE15M-26OCT042015-15,0.0170,0.04,yes
2026-10-05T00:13:44.928443Z,KXHYPE15M-26OCT042015-15,0.0190,0.05,yes
2026-10-05T00:13:44.928443Z,KXHYPE15M-26OCT042015-15,0.0160,0.04,yes
2026-10-05T00:13:44.928443Z,KXHYPE15M-26OCT042015-15,0.0200,0.05,yes
2026-10-05T00:13:44.928443Z,KXHYPE15M-26OCT042015-15,0.0230,0.06,yes
2026-10-05T00:13:44.928443Z,KXHYPE15M-26OCT042015-15,0.0220,0.06,yes
2026-10-05T00:13:44.928443Z,KXHYPE15M-26OCT042015-15,0.0210,0.05,yes
2026-10-05T00:13:44.928443Z,KXHYPE15M-26OCT042015-15,0.0240,0.07,yes
2026-10-05T00:13:44.928443Z,KXHYPE15M-26OCT042015-15,0.0290,0.10,yes
2026-10-05T00:13:44.928443Z,KXHYPE15M-26OCT042015-15,0.0310,0.12,yes
2026-10-05T00:13:44.928443Z,KXHYPE15M-26OCT042015-15,0.0300,0.11,yes
2026-10-05T00:13:44.928443Z,KXHYPE15M-26OCT042015-15,0.0330,0.14,yes
2026-10-05T00:13:44.928443Z,KXHYPE15M-26OCT042015-15,0.0160,2.00,yes
2026-10-05T00:13:44.928443Z,KXHYPE15M-26OCT042015-15,0.0280,0.09,yes
2026-10-05T00:13:44.928443Z,KXHYPE15M-26OCT042015-15,0.0250,0.08,yes
2026-10-05T00:13:44.928443Z,KXHYPE15M-26OCT042015-15,0.0270,0.09,yes
2026-10-05T00:13:44.928443Z,KXHYPE15M-26OCT042015-15,0.0260,0.08,yes
2026-10-05T00:13:44.928443Z,KXHYPE15M-26OCT042015-15,0.0160,29.53,yes
2026-10-05T00:13:44.928443Z,KXHYPE15M-26OCT042015-15,0.0160,50.51,yes
2026-10-05T00:13:44.928443Z,KXHYPE15M-26OCT042015-15,0.0160,27.57,yes
2026-10-05T00:13:44.928443Z,KXHYPE15M-26OCT042015-15,0.0160,6.16,yes
2026-10-05T00:13:44.928443Z,KXHYPE15M-26OCT042015-15,0.0160,18.98,yes
2026-10-05T00:13:44.928443Z,KXHYPE15M-26OCT042015-15,0.0160,2.00,yes
2026-10-05T00:13:44.928443Z,KXHYPE15M-26OCT042015-15,0.0260,8.47,yes
2026-10-05T00:13:44.928443Z,KXHYPE15M-26OCT042015-15,0.0270,8.48,yes
2026-10-05T00:13:44.928443Z,KXHYPE15M-26OCT042015-15,0.0270,8.48,yes
2026-10-05T00:13:45.173244Z,KXHYPE15M-26OCT042015-15,0.0320,1.00,yes
2026-10-05T00:13:45.173244Z,KXHYPE15M-26OCT042015-15,0.0330,8.53,yes
2026-10-05T00:13:45.173244Z,KXHYPE15M-26OCT042015-15,0.0320,0.03,yes
2026-10-05T00:13:45.173244Z,KXHYPE15M-26OCT042015-15,0.0330,0.03,yes
2026-10-05T00:13:45.257191Z,KXHYPE15M-26OCT042015-15,0.0300,1.00,no
2026-10-05T00:13:45.991656Z,KXHYPE15M-26OCT042015-15,0.0370,0.20,yes
2026-10-05T00:13:45.991656Z,KXHYPE15M-26OCT042015-15,0.0380,0.22,yes
2026-10-05T00:13:45.991656Z,KXHYPE15M-26OCT042015-15,0.0340,8.54,yes
2026-10-05T00:13:45.991656Z,KXHYPE15M-26OCT042015-15,0.0400,0.26,yes
2026-10-05T00:13:45.991656Z,KXHYPE15M-26OCT042015-15,0.0340,0.15,yes
2026-10-05T00:13:45.991656Z,KXHYPE15M-26OCT042015-15,0.0360,0.18,yes
2026-10-05T00:13:45.991656Z,KXHYPE15M-26OCT042015-15,0.0350,0.17,yes
2026-10-05T00:13:45.991656Z,KXHYPE15M-26OCT042015-15,0.0390,0.03,yes
2026-10-05T00:13:45.991656Z,KXHYPE15M-26OCT042015-15,0.0420,0.31,yes
2026-10-05T00:13:45.991656Z,KXHYPE15M-26OCT042015-15,0.0390,0.24,yes
2026-10-05T00:13:45.991656Z,KXHYPE15M-26OCT042015-15,0.0530,24.00,yes
2026-10-05T00:13:45.991656Z,KXHYPE15M-26OCT042015-15,0.0540,100.00,yes
2026-10-05T00:13:45.991656Z,KXHYPE15M-26OCT042015-15,0.0500,1.00,yes
2026-10-05T00:13:46.000545Z,KXHYPE15M-26OCT042015-15,0.0620,6.65,yes
2026-10-05T00:13:46.096402Z,KXHYPE15M-26OCT042015-15,0.0620,8.80,yes
2026-10-05T00:13:46.096402Z,KXHYPE15M-26OCT042015-15,0.0770,5.00,yes
2026-10-05T00:13:46.096402Z,KXHYPE15M-26OCT042015-15,0.0620,218.35,yes
2026-10-05T00:13:46.096402Z,KXHYPE15M-26OCT042015-15,0.0700,7.00,yes
2026-10-05T00:13:46.096402Z,KXHYPE15M-26OCT042015-15,0.0780,225.00,yes
2026-10-05T00:13:46.105268Z,KXHYPE15M-26OCT042015-15,0.0410,32.00,no
2026-10-05T00:13:46.290593Z,KXHYPE15M-26OCT042015-15,0.0590,8.23,yes
2026-10-05T00:13:46.290593Z,KXHYPE15M-26OCT042015-15,0.0590,8.77,yes
2026-10-05T00:13:46.558277Z,KXHYPE15M-26OCT042015-15,0.0730,5.00,yes
2026-10-05T00:13:46.558277Z,KXHYPE15M-26OCT042015-15,0.0590,0.54,yes
2026-10-05T00:13:46.558277Z,KXHYPE15M-26OCT042015-15,0.0740,1.66,yes
2026-10-05T00:13:46.61833Z,KXHYPE15M-26OCT042015-15,0.0730,1.71,yes
2026-10-05T00:13:46.805224Z,KXHYPE15M-26OCT042015-15,0.0440,10.00,no
2026-10-05T00:13:46.805224Z,KXHYPE15M-26OCT042015-15,0.0440,0.03,no
2026-10-05T00:13:46.805224Z,KXHYPE15M-26OCT042015-15,0.0440,5.00,no
2026-10-05T00:13:46.890385Z,KXHYPE15M-26OCT042015-15,0.0420,5.00,no
2026-10-05T00:13:47.115804Z,KXHYPE15M-26OCT042015-15,0.0730,2.00,yes
2026-10-05T00:13:47.115804Z,KXHYPE15M-26OCT042015-15,0.0900,1.00,yes
2026-10-05T00:13:47.115804Z,KXHYPE15M-26OCT042015-15,0.0800,1.00,yes
2026-10-05T00:13:47.115804Z,KXHYPE15M-26OCT042015-15,0.0740,223.34,yes
2026-10-05T00:13:47.115804Z,KXHYPE15M-26OCT042015-15,0.0740,0.03,yes
2026-10-05T00:13:47.115804Z,KXHYPE15M-26OCT042015-15,0.0740,2.00,yes
2026-10-05T00:13:47.115804Z,KXHYPE15M-26OCT042015-15,0.0750,0.03,yes
2026-10-05T00:13:47.115804Z,KXHYPE15M-26OCT042015-15,0.0910,1.00,yes
2026-10-05T00:13:47.115804Z,KXHYPE15M-26OCT042015-15,0.0940,225.00,yes
2026-10-05T00:13:47.723364Z,KXHYPE15M-26OCT042015-15,0.0410,10.00,no
2026-10-05T00:13:47.723364Z,KXHYPE15M-26OCT042015-15,0.0420,0.03,no
2026-10-05T00:13:47.723364Z,KXHYPE15M-26OCT042015-15,0.0400,0.03,no
2026-10-05T00:13:47.723364Z,KXHYPE15M-26OCT042015-15,0.0410,0.03,no
2026-10-05T00:13:47.723364Z,KXHYPE15M-26OCT042015-15,0.0420,22.00,no
2026-10-05T00:13:47.723364Z,KXHYPE15M-26OCT042015-15,0.0400,5.00,no
2026-10-05T00:13:47.997016Z,KXHYPE15M-26OCT042015-15,0.0410,0.03,no
2026-10-05T00:13:47.997016Z,KXHYPE15M-26OCT042015-15,0.0400,0.03,no
2026-10-05T00:13:49.546868Z,KXHYPE15M-26OCT042015-15,0.0350,2.00,yes
2026-10-05T00:13:49.546868Z,KXHYPE15M-26OCT042015-15,0.0340,2.00,yes
2026-10-05T00:13:49.546868Z,KXHYPE15M-26OCT042015-15,0.0350,0.04,yes
2026-10-05T00:13:49.546868Z,KXHYPE15M-26OCT042015-15,0.0360,0.04,yes
2026-10-05T00:13:50.811138Z,KXHYPE15M-26OCT042015-15,0.0340,0.03,yes
2026-10-05T00:13:50.811138Z,KXHYPE15M-26OCT042015-15,0.0350,0.04,yes
2026-10-05T00:13:50.811138Z,KXHYPE15M-26OCT042015-15,0.0350,2.00,yes
2026-10-05T00:13:50.934858Z,KXHYPE15M-26OCT042015-15,0.0370,0.04,yes
2026-10-05T00:13:50.934858Z,KXHYPE15M-26OCT042015-15,0.0380,0.05,yes
2026-10-05T00:13:50.934858Z,KXHYPE15M-26OCT042015-15,0.0390,0.05,yes
2026-10-05T00:13:50.934858Z,KXHYPE15M-26OCT042015-15,0.0360,2.00,yes
2026-10-05T00:13:51.181582Z,KXHYPE15M-26OCT042015-15,0.0380,0.86,yes
2026-10-05T00:13:51.181582Z,KXHYPE15M-26OCT042015-15,0.0370,2.00,yes
2026-10-05T00:13:51.983616Z,KXHYPE15M-26OCT042015-15,0.0310,0.03,no
2026-10-05T00:13:51.983616Z,KXHYPE15M-26OCT042015-15,0.0260,72.44,no
2026-10-05T00:13:51.983616Z,KXHYPE15M-26OCT042015-15,0.0270,29.00,no
2026-10-05T00:13:51.983616Z,KXHYPE15M-26OCT042015-15,0.0270,0.03,no
2026-10-05T00:13:51.983616Z,KXHYPE15M-26OCT042015-15,0.0310,1.00,no
2026-10-05T00:13:52.17819Z,KXHYPE15M-26OCT042015-15,0.0410,0.03,yes
2026-10-05T00:13:52.17819Z,KXHYPE15M-26OCT042015-15,0.0400,0.03,yes
2026-10-05T00:13:52.444359Z,KXHYPE15M-26OCT042015-15,0.0460,1.02,no
2026-10-05T00:13:52.582994Z,KXHYPE15M-26OCT042015-15,0.0480,0.12,no
2026-10-05T00:13:52.582994Z,KXHYPE15M-26OCT042015-15,0.0490,5.00,no
2026-10-05T00:13:53.195482Z,KXHYPE15M-26OCT042015-15,0.0680,1.00,yes
2026-10-05T00:13:53.195482Z,KXHYPE15M-26OCT042015-15,0.0680,0.03,yes
2026-10-05T00:13:53.195482Z,KXHYPE15M-26OCT042015-15,0.0630,0.03,yes
2026-10-05T00:13:53.195482Z,KXHYPE15M-26OCT042015-15,0.0630,1.00,yes
2026-10-05T00:13:53.19668Z,KXHYPE15M-26OCT042015-15,0.0930,8.00,yes
2026-10-05T00:13:53.208975Z,KXHYPE15M-26OCT042015-15,0.0570,10.00,no
2026-10-05T00:13:53.208975Z,KXHYPE15M-26OCT042015-15,0.0580,5.00,no
2026-10-05T00:13:53.208975Z,KXHYPE15M-26OCT042015-15,0.0570,10.91,no
2026-10-05T00:13:53.211323Z,KXHYPE15M-26OCT042015-15,0.0920,1.00,yes
2026-10-05T00:13:53.211323Z,KXHYPE15M-26OCT042015-15,0.0930,8.00,yes
2026-10-05T00:13:53.31326Z,KXHYPE15M-26OCT042015-15,0.0610,10.00,no
2026-10-05T00:13:53.31326Z,KXHYPE15M-26OCT042015-15,0.0590,10.00,no
2026-10-05T00:13:53.31326Z,KXHYPE15M-26OCT042015-15,0.0560,0.03,no
2026-10-05T00:13:53.31326Z,KXHYPE15M-26OCT042015-15,0.0570,5.00,no
2026-10-05T00:13:53.31326Z,KXHYPE15M-26OCT042015-15,0.0530,0.03,no
2026-10-05T00:13:53.31326Z,KXHYPE15M-26OCT042015-15,0.0500,40.82,no
2026-10-05T00:13:53.31326Z,KXHYPE15M-26OCT042015-15,0.0620,1.00,no
2026-10-05T00:13:53.31326Z,KXHYPE15M-26OCT042015-15,0.0540,0.03,no
2026-10-05T00:13:53.31326Z,KXHYPE15M-26OCT042015-15,0.0510,18.00,no
2026-10-05T00:13:53.863161Z,KXHYPE15M-26OCT042015-15,0.0860,0.03,yes
2026-10-05T00:13:53.863161Z,KXHYPE15M-26OCT042015-15,0.0870,0.03,yes
2026-10-05T00:13:53.863161Z,KXHYPE15M-26OCT042015-15,0.0930,35.94,yes
2026-10-05T00:13:53.86327Z,KXHYPE15M-26OCT042015-15,0.1100,0.03,yes
2026-10-05T00:13:53.86327Z,KXHYPE15M-26OCT042015-15,0.0930,1.06,yes
2026-10-05T00:13:53.86327Z,KXHYPE15M-26OCT042015-15,0.1300,0.03,yes
2026-10-05T00:13:53.863506Z,KXHYPE15M-26OCT042015-15,0.1500,7.00,yes
2026-10-05T00:13:53.863628Z,KXHYPE15M-26OCT042015-15,0.1500,0.03,yes
2026-10-05T00:13:53.863628Z,KXHYPE15M-26OCT042015-15,0.1600,21.00,yes
2026-10-05T00:13:53.863756Z,KXHYPE15M-26OCT042015-15,0.1700,0.03,yes
2026-10-05T00:13:53.86414Z,KXHYPE15M-26OCT042015-15,0.1800,5.00,yes
2026-10-05T00:13:53.864407Z,KXHYPE15M-26OCT042015-15,0.1800,5.00,yes
2026-10-05T00:13:53.864434Z,KXHYPE15M-26OCT042015-15,0.1800,1.00,yes
2026-10-05T00:13:53.864557Z,KXHYPE15M-26OCT042015-15,0.1800,5.00,yes
2026-10-05T00:13:53.865027Z,KXHYPE15M-26OCT042015-15,0.1900,0.99,yes
2026-10-05T00:13:53.865027Z,KXHYPE15M-26OCT042015-15,0.1800,4.00,yes
2026-10-05T00:13:53.865027Z,KXHYPE15M-26OCT042015-15,0.1800,0.01,yes
2026-10-05T00:13:53.865385Z,KXHYPE15M-26OCT042015-15,0.1900,14.01,yes
2026-10-05T00:13:53.865385Z,KXHYPE15M-26OCT042015-15,0.2000,20.00,yes
2026-10-05T00:13:53.866626Z,KXHYPE15M-26OCT042015-15,0.2300,100.00,yes
2026-10-05T00:13:53.866626Z,KXHYPE15M-26OCT042015-15,0.2300,64.00,yes
2026-10-05T00:13:53.866626Z,KXHYPE15M-26OCT042015-15,0.2200,20.00,yes
2026-10-05T00:13:53.89847Z,KXHYPE15M-26OCT042015-15,0.2200,1.00,no
2026-10-05T00:13:53.89847Z,KXHYPE15M-26OCT042015-15,0.2100,99.00,no
2026-10-05T00:13:53.902375Z,KXHYPE15M-26OCT042015-15,0.2100,100.00,no
2026-10-05T00:13:53.954168Z,KXHYPE15M-26OCT042015-15,0.2100,5.00,no
2026-10-05T00:13:53.954168Z,KXHYPE15M-26OCT042015-15,0.1900,6.00,no
2026-10-05T00:13:54.019613Z,KXHYPE15M-26OCT042015-15,0.2300,16.00,yes
2026-10-05T00:13:54.051118Z,KXHYPE15M-26OCT042015-15,0.1700,5.00,no
2026-10-05T00:13:54.322912Z,KXHYPE15M-26OCT042015-15,0.1700,25.00,yes
2026-10-05T00:13:54.525397Z,KXHYPE15M-26OCT042015-15,0.1700,32.00,yes
2026-10-05T00:13:54.764247Z,KXHYPE15M-26OCT042015-15,0.1700,9.00,yes
2026-10-05T00:13:54.764703Z,KXHYPE15M-26OCT042015-15,0.1500,9.72,no
2026-10-05T00:13:54.764703Z,KXHYPE15M-26OCT042015-15,0.1600,5.00,no
2026-10-05T00:13:54.781526Z,KXHYPE15M-26OCT042015-15,0.1600,5.00,no
2026-10-05T00:13:54.781526Z,KXHYPE15M-26OCT042015-15,0.1500,7.73,no
2026-10-05T00:13:54.848884Z,KXHYPE15M-26OCT042015-15,0.1700,18.49,yes
2026-10-05T00:13:54.926717Z,KXHYPE15M-26OCT042015-15,0.3800,225.00,yes
2026-10-05T00:13:54.926717Z,KXHYPE15M-26OCT042015-15,0.3200,2.00,yes
2026-10-05T00:13:54.926717Z,KXHYPE15M-26OCT042015-15,0.1800,25.00,yes
2026-10-05T00:13:54.926717Z,KXHYPE15M-26OCT042015-15,0.2700,225.00,yes
2026-10-05T00:13:54.926717Z,KXHYPE15M-26OCT042015-15,0.3100,225.00,yes
2026-10-05T00:13:54.926717Z,KXHYPE15M-26OCT042015-15,0.3800,20.00,yes
2026-10-05T00:13:54.926717Z,KXHYPE15M-26OCT042015-15,0.2900,225.00,yes
2026-10-05T00:13:54.926717Z,KXHYPE15M-26OCT042015-15,0.3600,225.00,yes
2026-10-05T00:13:54.926717Z,KXHYPE15M-26OCT042015-15,0.2300,209.00,yes
2026-10-05T00:13:54.926717Z,KXHYPE15M-26OCT042015-15,0.2500,225.00,yes
2026-10-05T00:13:54.926717Z,KXHYPE15M-26OCT042015-15,0.3400,225.00,yes
2026-10-05T00:13:54.926717Z,KXHYPE15M-26OCT042015-15,0.2300,0.03,yes
2026-10-05T00:13:54.926717Z,KXHYPE15M-26OCT042015-15,0.2100,0.03,yes
2026-10-05T00:13:54.926717Z,KXHYPE15M-26OCT042015-15,0.1900,0.03,yes
2026-10-05T00:13:54.926717Z,KXHYPE15M-26OCT042015-15,0.3700,1.00,yes
2026-10-05T00:13:54.926717Z,KXHYPE15M-26OCT042015-15,0.2900,0.03,yes
2026-10-05T00:13:54.926717Z,KXHYPE15M-26OCT042015-15,0.3400,20.00,yes
2026-10-05T00:13:54.926717Z,KXHYPE15M-26OCT042015-15,0.1700,0.03,yes
2026-10-05T00:13:54.926717Z,KXHYPE15M-26OCT042015-15,0.3600,20.00,yes
2026-10-05T00:13:54.926717Z,KXHYPE15M-26OCT042015-15,0.1700,140.51,yes
2026-10-05T00:13:54.926717Z,KXHYPE15M-26OCT042015-15,0.1800,0.03,yes
2026-10-05T00:13:54.926717Z,KXHYPE15M-26OCT042015-15,0.1900,225.00,yes
2026-10-05T00:13:54.926717Z,KXHYPE15M-26OCT042015-15,0.2500,0.03,yes
2026-10-05T00:13:54.926717Z,KXHYPE15M-26OCT042015-15,0.3100,0.03,yes
2026-10-05T00:13:54.926717Z,KXHYPE15M-26OCT042015-15,0.2100,225.00,yes
2026-10-05T00:13:54.926717Z,KXHYPE15M-26OCT042015-15,0.2700,0.03,yes
2026-10-05T00:13:54.926717Z,KXHYPE15M-26OCT042015-15,0.3800,10.82,yes
2026-10-05T00:13:54.94688Z,KXHYPE15M-26OCT042015-15,0.1800,24.00,yes
2026-10-05T00:13:55.079233Z,KXHYPE15M-26OCT042015-15,0.3200,15.00,yes
2026-10-05T00:13:55.079233Z,KXHYPE15M-26OCT042015-15,0.3100,225.00,yes
2026-10-05T00:13:55.216212Z,KXHYPE15M-26OCT042015-15,0.2300,5.00,no
2026-10-05T00:13:55.216212Z,KXHYPE15M-26OCT042015-15,0.2200,5.00,no
2026-10-05T00:13:55.344318Z,KXHYPE15M-26OCT042015-15,0.1900,50.23,no
2026-10-05T00:13:55.344318Z,KXHYPE15M-26OCT042015-15,0.2000,5.00,no
2026-10-05T00:13:55.365569Z,KXHYPE15M-26OCT042015-15,0.2100,5.00,no
2026-10-05T00:13:55.365569Z,KXHYPE15M-26OCT042015-15,0.2000,1.00,no
2026-10-05T00:13:55.560283Z,KXHYPE15M-26OCT042015-15,0.3100,0.72,yes
2026-10-05T00:13:55.952645Z,KXHYPE15M-26OCT042015-15,0.3200,0.03,yes
2026-10-05T00:13:55.952645Z,KXHYPE15M-26OCT042015-15,0.3400,20.00,yes
2026-10-05T00:13:55.952645Z,KXHYPE15M-26OCT042015-15,0.3200,2.00,yes
2026-10-05T00:13:55.952645Z,KXHYPE15M-26OCT042015-15,0.3300,0.03,yes
2026-10-05T00:13:55.952645Z,KXHYPE15M-26OCT042015-15,0.3400,0.03,yes
2026-10-05T00:13:55.952645Z,KXHYPE15M-26OCT042015-15,0.3100,0.03,yes
2026-10-05T00:13:55.952645Z,KXHYPE15M-26OCT042015-15,0.3200,1.00,yes
2026-10-05T00:13:55.952645Z,KXHYPE15M-26OCT042015-15,0.3500,0.03,yes
2026-10-05T00:13:55.952645Z,KXHYPE15M-26OCT042015-15,0.3200,5.00,yes
2026-10-05T00:13:55.952645Z,KXHYPE15M-26OCT042015-15,0.3200,1.00,yes
2026-10-05T00:13:55.952645Z,KXHYPE15M-26OCT042015-15,0.3300,0.07,yes
2026-10-05T00:13:55.952645Z,KXHYPE15M-26OCT042015-15,0.3100,225.00,yes
2026-10-05T00:13:55.952645Z,KXHYPE15M-26OCT042015-15,0.3200,0.05,yes
2026-10-05T00:13:55.952645Z,KXHYPE15M-26OCT042015-15,0.3500,225.00,yes
2026-10-05T00:13:55.952645Z,KXHYPE15M-26OCT042015-15,0.3300,225.00,yes
2026-10-05T00:13:56.066196Z,KXHYPE15M-26OCT042015-15,0.2400,5.00,no
2026-10-05T00:13:56.11756Z,KXHYPE15M-26OCT042015-15,0.3300,209.99,yes
2026-10-05T00:13:56.223405Z,KXHYPE15M-26OCT042015-15,0.2300,21.48,no
2026-10-05T00:13:56.223405Z,KXHYPE15M-26OCT042015-15,0.2300,25.00,no
2026-10-05T00:13:56.223405Z,KXHYPE15M-26OCT042015-15,0.2400,5.00,no
2026-10-05T00:13:56.874448Z,KXHYPE15M-26OCT042015-15,0.2500,40.97,no
2026-10-05T00:13:56.874448Z,KXHYPE15M-26OCT042015-15,0.2600,0.03,no
2026-10-05T00:13:56.874448Z,KXHYPE15M-26OCT042015-15,0.2700,5.00,no
2026-10-05T00:13:56.874448Z,KXHYPE15M-26OCT042015-15,0.2600,27.00,no
2026-10-05T00:13:56.874826Z,KXHYPE15M-26OCT042015-15,0.2500,96.00,no
2026-10-05T00:13:56.875077Z,KXHYPE15M-26OCT042015-15,0.2500,5.00,no
2026-10-05T00:13:56.875438Z,KXHYPE15M-26OCT042015-15,0.2100,4.94,no
2026-10-05T00:13:56.875438Z,KXHYPE15M-26OCT042015-15,0.2500,0.03,no
2026-10-05T00:13:56.875438Z,KXHYPE15M-26OCT042015-15,0.2300,0.03,no
2026-10-05T00:13:56.875819Z,KXHYPE15M-26OCT042015-15,0.2100,98.00,no
2026-10-05T00:13:56.876078Z,KXHYPE15M-26OCT042015-15,0.2100,5.00,no
2026-10-05T00:13:56.879681Z,KXHYPE15M-26OCT042015-15,0.2600,5.00,no
2026-10-05T00:13:57.08261Z,KXHYPE15M-26OCT042015-15,0.2100,62.99,no
2026-10-05T00:13:57.08261Z,KXHYPE15M-26OCT042015-15,0.2800,0.01,no
2026-10-05T00:13:57.264572Z,KXHYPE15M-26OCT042015-15,0.2300,16.00,no
2026-10-05T00:13:57.264572Z,KXHYPE15M-26OCT042015-15,0.2300,5.00,no
2026-10-05T00:13:57.292868Z,KXHYPE15M-26OCT042015-15,0.2300,1.80,no
2026-10-05T00:13:57.314716Z,KXHYPE15M-26OCT042015-15,0.2300,21.00,no
2026-10-05T00:13:57.582251Z,KXHYPE15M-26OCT042015-15,0.2100,5.00,no
2026-10-05T00:13:57.582251Z,KXHYPE15M-26OCT042015-15,0.2000,28.00,no
2026-10-05T00:13:57.582251Z,KXHYPE15M-26OCT042015-15,0.1900,37.98,no
2026-10-05T00:13:57.60777Z,KXHYPE15M-26OCT042015-15,0.2300,9.27,yes
2026-10-05T00:13:57.883702Z,KXHYPE15M-26OCT042015-15,0.2600,5.88,yes
2026-10-05T00:13:57.883702Z,KXHYPE15M-26OCT042015-15,0.2300,11.73,yes
2026-10-05T00:13:57.901708Z,KXHYPE15M-26OCT042015-15,0.2300,16.00,no
2026-10-05T00:13:57.901708Z,KXHYPE15M-26OCT042015-15,0.2300,5.00,no
2026-10-05T00:13:57.956474Z,KXHYPE15M-26OCT042015-15,0.2700,29.00,yes
2026-10-05T00:13:57.956474Z,KXHYPE15M-26OCT042015-15,0.2400,21.00,yes
2026-10-05T00:13:57.956474Z,KXHYPE15M-26OCT042015-15,0.2900,20.00,yes
2026-10-05T00:13:57.956474Z,KXHYPE15M-26OCT042015-15,0.3100,1.00,yes
2026-10-05T00:13:58.153154Z,KXHYPE15M-26OCT042015-15,0.2900,20.00,yes
2026-10-05T00:13:58.166155Z,KXHYPE15M-26OCT042015-15,0.3100,0.05,yes
2026-10-05T00:13:58.166155Z,KXHYPE15M-26OCT042015-15,0.3100,19.00,yes
2026-10-05T00:13:58.405088Z,KXHYPE15M-26OCT042015-15,0.3100,2.47,no
2026-10-05T00:13:58.419972Z,KXHYPE15M-26OCT042015-15,0.3100,1.00,no
2026-10-05T00:13:58.539212Z,KXHYPE15M-26OCT042015-15,0.3100,27.00,no
2026-10-05T00:13:58.539212Z,KXHYPE15M-26OCT042015-15,0.3100,11.62,no
2026-10-05T00:13:58.811434Z,KXHYPE15M-26OCT042015-15,0.3100,1.00,no
2026-10-05T00:13:58.868922Z,KXHYPE15M-26OCT042015-15,0.3100,5.00,no
2026-10-05T00:13:58.871125Z,KXHYPE15M-26OCT042015-15,0.4000,0.43,yes
2026-10-05T00:13:58.871125Z,KXHYPE15M-26OCT042015-15,0.3200,0.05,yes
2026-10-05T00:13:58.871125Z,KXHYPE15M-26OCT042015-15,0.3400,1.00,yes
2026-10-05T00:13:58.871125Z,KXHYPE15M-26OCT042015-15,0.3900,1.00,yes
2026-10-05T00:13:59.556687Z,KXHYPE15M-26OCT042015-15,0.3600,5.00,no
2026-10-05T00:13:59.559276Z,KXHYPE15M-26OCT042015-15,0.3500,5.00,no
2026-10-05T00:13:59.753812Z,KXHYPE15M-26OCT042015-15,0.3600,2.00,no
2026-10-05T00:13:59.914676Z,KXHYPE15M-26OCT042015-15,0.3800,20.00,yes
2026-10-05T00:14:00.049272Z,KXHYPE15M-26OCT042015-15,0.3600,32.00,no
2026-10-05T00:14:00.049272Z,KXHYPE15M-26OCT042015-15,0.3500,28.00,no
2026-10-05T00:14:00.049272Z,KXHYPE15M-26OCT042015-15,0.3600,5.00,no
2026-10-05T00:14:00.049272Z,KXHYPE15M-26OCT042015-15,0.3400,162.00,no
2026-10-05T00:14:00.316181Z,KXHYPE15M-26OCT042015-15,0.3400,5.00,no
2026-10-05T00:14:00.320661Z,KXHYPE15M-26OCT042015-15,0.3400,5.00,no
2026-10-05T00:14:00.320661Z,KXHYPE15M-26OCT042015-15,0.3300,0.90,no
2026-10-05T00:14:00.51868Z,KXHYPE15M-26OCT042015-15,0.3500,5.00,no
2026-10-05T00:14:00.51868Z,KXHYPE15M-26OCT042015-15,0.3100,6.60,no
2026-10-05T00:14:00.51868Z,KXHYPE15M-26OCT042015-15,0.3400,0.03,no
2026-10-05T00:14:00.518876Z,KXHYPE15M-26OCT042015-15,0.3100,21.40,no
2026-10-05T00:14:00.623492Z,KXHYPE15M-26OCT042015-15,0.2600,25.00,yes
2026-10-05T00:14:00.88906Z,KXHYPE15M-26OCT042015-15,0.1800,1.00,no
2026-10-05T00:14:00.88906Z,KXHYPE15M-26OCT042015-15,0.1800,0.03,no
2026-10-05T00:14:00.88906Z,KXHYPE15M-26OCT042015-15,0.2100,0.03,no
2026-10-05T00:14:00.88906Z,KXHYPE15M-26OCT042015-15,0.1800,14.91,no
2026-10-05T00:14:00.88906Z,KXHYPE15M-26OCT042015-15,0.2200,5.00,no
2026-10-05T00:14:00.88906Z,KXHYPE15M-26OCT042015-15,0.1900,0.03,no
2026-10-05T00:14:00.897036Z,KXHYPE15M-26OCT042015-15,0.1800,1.00,no
2026-10-05T00:14:00.897036Z,KXHYPE15M-26OCT042015-15,0.1700,20.00,no
2026-10-05T00:14:00.915531Z,KXHYPE15M-26OCT042015-15,0.1800,16.00,no
2026-10-05T00:14:00.915531Z,KXHYPE15M-26OCT042015-15,0.1900,5.00,no
2026-10-05T00:14:01.046109Z,KXHYPE15M-26OCT042015-15,0.1900,5.00,no
2026-10-05T00:14:01.046109Z,KXHYPE15M-26OCT042015-15,0.1800,25.00,no
2026-10-05T00:14:01.046109Z,KXHYPE15M-26OCT042015-15,0.1700,1.00,no
2026-10-05T00:14:01.046109Z,KXHYPE15M-26OCT042015-15,0.1700,0.03,no
2026-10-05T00:14:01.046109Z,KXHYPE15M-26OCT042015-15,0.1700,43.97,no
2026-10-05T00:14:01.046479Z,KXHYPE15M-26OCT042015-15,0.1700,50.00,no
2026-10-05T00:14:01.073514Z,KXHYPE15M-26OCT042015-15,0.1700,3.75,no
2026-10-05T00:14:01.189726Z,KXHYPE15M-26OCT042015-15,0.1700,21.00,no
2026-10-05T00:14:01.218974Z,KXHYPE15M-26OCT042015-15,0.1800,14.00,no
2026-10-05T00:14:01.218974Z,KXHYPE15M-26OCT042015-15,0.1700,7.00,no
2026-10-05T00:14:01.278104Z,KXHYPE15M-26OCT042015-15,0.1700,21.00,no
2026-10-05T00:14:01.284038Z,KXHYPE15M-26OCT042015-15,0.1700,21.00,no
2026-10-05T00:14:01.313197Z,KXHYPE15M-26OCT042015-15,0.1700,0.03,no
2026-10-05T00:14:01.313197Z,KXHYPE15M-26OCT042015-15,0.1600,1.00,no
2026-10-05T00:14:01.313197Z,KXHYPE15M-26OCT042015-15,0.1600,0.03,no
2026-10-05T00:14:01.313197Z,KXHYPE15M-26OCT042015-15,0.1500,19.94,no
2026-10-05T00:14:01.333504Z,KXHYPE15M-26OCT042015-15,0.1500,0.03,no
2026-10-05T00:14:01.623503Z,KXHYPE15M-26OCT042015-15,0.1800,4.21,yes
2026-10-05T00:14:01.647613Z,KXHYPE15M-26OCT042015-15,0.1600,35.00,no
2026-10-05T00:14:01.700516Z,KXHYPE15M-26OCT042015-15,0.1600,21.00,no
2026-10-05T00:14:01.949689Z,KXHYPE15M-26OCT042015-15,0.1800,16.79,yes
2026-10-05T00:14:01.955272Z,KXHYPE15M-26OCT042015-15,0.2100,21.00,no
2026-10-05T00:14:02.016618Z,KXHYPE15M-26OCT042015-15,0.2300,16.00,no
2026-10-05T00:14:02.016618Z,KXHYPE15M-26OCT042015-15,0.2400,5.00,no
2026-10-05T00:14:02.081472Z,KXHYPE15M-26OCT042015-15,0.2400,1.00,no
2026-10-05T00:14:02.081472Z,KXHYPE15M-26OCT042015-15,0.2400,5.00,no
2026-10-05T00:14:02.149164Z,KXHYPE15M-26OCT042015-15,0.2300,16.00,no
2026-10-05T00:14:02.149164Z,KXHYPE15M-26OCT042015-15,0.2400,5.00,no
2026-10-05T00:14:02.236366Z,KXHYPE15M-26OCT042015-15,0.2300,5.00,no
2026-10-05T00:14:02.236366Z,KXHYPE15M-26OCT042015-15,0.2400,5.00,no
2026-10-05T00:14:02.35271Z,KXHYPE15M-26OCT042015-15,0.2000,5.00,no
2026-10-05T00:14:02.363127Z,KXHYPE15M-26OCT042015-15,0.1600,16.00,no
2026-10-05T00:14:02.363127Z,KXHYPE15M-26OCT042015-15,0.1700,5.00,no
2026-10-05T00:14:02.382033Z,KXHYPE15M-26OCT042015-15,0.1600,16.00,no
2026-10-05T00:14:02.382033Z,KXHYPE15M-26OCT042015-15,0.1700,5.00,no
2026-10-05T00:14:02.386989Z,KXHYPE15M-26OCT042015-15,0.1600,94.18,no
2026-10-05T00:14:02.640082Z,KXHYPE15M-26OCT042015-15,0.1800,1.00,yes
2026-10-05T00:14:02.662873Z,KXHYPE15M-26OCT042015-15,0.1600,21.00,no
2026-10-05T00:14:02.892057Z,KXHYPE15M-26OCT042015-15,0.1700,5.25,yes
2026-10-05T00:14:03.052576Z,KXHYPE15M-26OCT042015-15,0.1600,6.00,no
2026-10-05T00:14:03.336611Z,KXHYPE15M-26OCT042015-15,0.1600,75.74,no
2026-10-05T00:14:03.336611Z,KXHYPE15M-26OCT042015-15,0.1600,15.82,no
2026-10-05T00:14:03.382679Z,KXHYPE15M-26OCT042015-15,0.1600,21.00,no
2026-10-05T00:14:03.56887Z,KXHYPE15M-26OCT042015-15,0.1600,21.00,no
2026-10-05T00:14:03.582392Z,KXHYPE15M-26OCT042015-15,0.1700,15.75,yes
2026-10-05T00:14:03.681972Z,KXHYPE15M-26OCT042015-15,0.1600,21.00,no
2026-10-05T00:14:03.702188Z,KXHYPE15M-26OCT042015-15,0.1800,21.00,yes
2026-10-05T00:14:03.702188Z,KXHYPE15M-26OCT042015-15,0.1800,0.03,yes
2026-10-05T00:14:03.775283Z,KXHYPE15M-26OCT042015-15,0.2100,21.00,no
2026-10-05T00:14:04.01557Z,KXHYPE15M-26OCT042015-15,0.2600,20.00,yes
2026-10-05T00:14:04.01557Z,KXHYPE15M-26OCT042015-15,0.2600,2.00,yes
2026-10-05T00:14:04.016339Z,KXHYPE15M-26OCT042015-15,0.2800,20.00,yes
2026-10-05T00:14:04.016339Z,KXHYPE15M-26OCT042015-15,0.3000,0.03,yes
2026-10-05T00:14:04.016339Z,KXHYPE15M-26OCT042015-15,0.3000,20.00,yes
2026-10-05T00:14:04.016339Z,KXHYPE15M-26OCT042015-15,0.2900,29.00,yes
2026-10-05T00:14:04.016378Z,KXHYPE15M-26OCT042015-15,0.3200,20.00,yes
2026-10-05T00:14:04.017809Z,KXHYPE15M-26OCT042015-15,0.2100,21.00,no
2026-10-05T00:14:04.02612Z,KXHYPE15M-26OCT042015-15,0.2800,21.00,no
2026-10-05T00:14:04.04047Z,KXHYPE15M-26OCT042015-15,0.2700,21.00,no
2026-10-05T00:14:04.335648Z,KXHYPE15M-26OCT042015-15,0.2300,21.00,no
2026-10-05T00:14:04.639235Z,KXHYPE15M-26OCT042015-15,0.2400,21.00,yes
2026-10-05T00:14:04.639235Z,KXHYPE15M-26OCT042015-15,0.2400,50.00,yes
2026-10-05T00:14:05.247077Z,KXHYPE15M-26OCT042015-15,0.1700,38.37,yes
2026-10-05T00:14:05.533775Z,KXHYPE15M-26OCT042015-15,0.1600,0.03,no
2026-10-05T00:14:05.533775Z,KXHYPE15M-26OCT042015-15,0.1600,27.00,no
2026-10-05T00:14:05.533775Z,KXHYPE15M-26OCT042015-15,0.1500,45.61,no
2026-10-05T00:14:05.533775Z,KXHYPE15M-26OCT042015-15,0.1600,162.00,no
2026-10-05T00:14:05.879082Z,KXHYPE15M-26OCT042015-15,0.1700,0.01,yes
2026-10-05T00:14:05.879082Z,KXHYPE15M-26OCT042015-15,0.1800,21.00,yes
2026-10-05T00:14:05.925787Z,KXHYPE15M-26OCT042015-15,0.2000,82.41,no
2026-10-05T00:14:06.115442Z,KXHYPE15M-26OCT042015-15,0.2200,21.00,yes
2026-10-05T00:14:06.115442Z,KXHYPE15M-26OCT042015-15,0.2200,0.03,yes
2026-10-05T00:14:06.116931Z,KXHYPE15M-26OCT042015-15,0.2900,29.00,yes
2026-10-05T00:14:06.413471Z,KXHYPE15M-26OCT042015-15,0.2200,2.00,no
2026-10-05T00:14:06.749817Z,KXHYPE15M-26OCT042015-15,0.2300,0.03,yes
2026-10-05T00:14:06.749817Z,KXHYPE15M-26OCT042015-15,0.2700,1.97,yes
2026-10-05T00:14:07.072363Z,KXHYPE15M-26OCT042015-15,0.2100,0.03,no
2026-10-05T00:14:07.072363Z,KXHYPE15M-26OCT042015-15,0.2100,12.97,no
2026-10-05T00:14:08.039698Z,KXHYPE15M-26OCT042015-15,0.2000,3.64,no
2026-10-05T00:14:08.07232Z,KXHYPE15M-26OCT042015-15,0.2000,1.00,no
2026-10-05T00:14:08.631152Z,KXHYPE15M-26OCT042015-15,0.2000,25.75,no
2026-10-05T00:14:08.835771Z,KXHYPE15M-26OCT042015-15,0.2000,61.00,no
2026-10-05T00:14:09.544045Z,KXHYPE15M-26OCT042015-15,0.2000,39.99,yes
2026-10-05T00:14:09.544045Z,KXHYPE15M-26OCT042015-15,0.2000,0.01,yes
2026-10-05T00:14:10.011525Z,KXHYPE15M-26OCT042015-15,0.1800,3.33,no
2026-10-05T00:14:10.489233Z,KXHYPE15M-26OCT042015-15,0.1900,100.00,no
2026-10-05T00:14:10.489233Z,KXHYPE15M-26OCT042015-15,0.1600,12.76,no
2026-10-05T00:14:10.489233Z,KXHYPE15M-26OCT042015-15,0.1900,24.00,no
2026-10-05T00:14:10.489233Z,KXHYPE15M-26OCT042015-15,0.1800,221.67,no
2026-10-05T00:14:10.66344Z,KXHYPE15M-26OCT042015-15,0.1400,225.00,no
2026-10-05T00:14:10.66344Z,KXHYPE15M-26OCT042015-15,0.1100,0.03,no
2026-10-05T00:14:10.66344Z,KXHYPE15M-26OCT042015-15,0.1600,212.24,no
2026-10-05T00:14:10.66344Z,KXHYPE15M-26OCT042015-15,0.1100,82.11,no
2026-10-05T00:14:10.66344Z,KXHYPE15M-26OCT042015-15,0.1500,4.00,no
2026-10-05T00:14:10.66344Z,KXHYPE15M-26OCT042015-15,0.1500,0.03,no
2026-10-05T00:14:10.66344Z,KXHYPE15M-26OCT042015-15,0.1400,0.03,no
2026-10-05T00:14:10.66344Z,KXHYPE15M-26OCT042015-15,0.1600,0.03,no
2026-10-05T00:14:10.66344Z,KXHYPE15M-26OCT042015-15,0.1200,0.03,no
2026-10-05T00:14:10.66344Z,KXHYPE15M-26OCT042015-15,0.1200,225.00,no
2026-10-05T00:14:11.022325Z,KXHYPE15M-26OCT042015-15,0.1400,7.13,no
2026-10-05T00:14:11.101743Z,KXHYPE15M-26OCT042015-15,0.1300,4.97,no
2026-10-05T00:14:11.101743Z,KXHYPE15M-26OCT042015-15,0.1400,0.03,no
2026-10-05T00:14:11.101892Z,KXHYPE15M-26OCT042015-15,0.1300,0.03,no
2026-10-05T00:14:11.101892Z,KXHYPE15M-26OCT042015-15,0.1300,3.03,no
2026-10-05T00:14:11.101892Z,KXHYPE15M-26OCT042015-15,0.1200,0.03,no
2026-10-05T00:14:11.101892Z,KXHYPE15M-26OCT042015-15,0.0860,30.91,no
2026-10-05T00:14:11.10237Z,KXHYPE15M-26OCT042015-15,0.0810,7.00,no
2026-10-05T00:14:11.102595Z,KXHYPE15M-26OCT042015-15,0.0810,15.00,no
2026-10-05T00:14:11.103705Z,KXHYPE15M-26OCT042015-15,0.0810,2.00,no
2026-10-05T00:14:11.104045Z,KXHYPE15M-26OCT042015-15,0.0810,3.00,no
2026-10-05T00:14:11.104329Z,KXHYPE15M-26OCT042015-15,0.0810,2.00,no
2026-10-05T00:14:11.104597Z,KXHYPE15M-26OCT042015-15,0.0810,3.00,no
2026-10-05T00:14:11.104621Z,KXHYPE15M-26OCT042015-15,0.0810,3.00,no
2026-10-05T00:14:11.122948Z,KXHYPE15M-26OCT042015-15,0.0810,99.00,no
2026-10-05T00:14:11.122949Z,KXHYPE15M-26OCT042015-15,0.0810,2.00,no
2026-10-05T00:14:11.123169Z,KXHYPE15M-26OCT042015-15,0.0810,43.00,no
2026-10-05T00:14:11.123216Z,KXHYPE15M-26OCT042015-15,0.0810,99.00,no
2026-10-05T00:14:11.274215Z,KXHYPE15M-26OCT042015-15,0.1600,29.00,yes
2026-10-05T00:14:11.274215Z,KXHYPE15M-26OCT042015-15,0.1300,5.00,yes
2026-10-05T00:14:11.275132Z,KXHYPE15M-26OCT042015-15,0.1400,0.03,yes
2026-10-05T00:14:11.275132Z,KXHYPE15M-26OCT042015-15,0.1500,0.03,yes
2026-10-05T00:14:11.275132Z,KXHYPE15M-26OCT042015-15,0.1700,0.03,yes
2026-10-05T00:14:11.275241Z,KXHYPE15M-26OCT042015-15,0.2000,0.03,yes
2026-10-05T00:14:11.275241Z,KXHYPE15M-26OCT042015-15,0.2000,10.01,yes
2026-10-05T00:14:11.276147Z,KXHYPE15M-26OCT042015-15,0.2200,0.03,yes
2026-10-05T00:14:11.276147Z,KXHYPE15M-26OCT042015-15,0.2300,0.03,yes
2026-10-05T00:14:11.276147Z,KXHYPE15M-26OCT042015-15,0.2200,0.04,yes
2026-10-05T00:14:11.276147Z,KXHYPE15M-26OCT042015-15,0.2300,17.00,yes
2026-10-05T00:14:11.278141Z,KXHYPE15M-26OCT042015-15,0.2400,1.00,yes
2026-10-05T00:14:11.278141Z,KXHYPE15M-26OCT042015-15,0.2400,0.03,yes
2026-10-05T00:14:11.278141Z,KXHYPE15M-26OCT042015-15,0.2500,0.03,yes
2026-10-05T00:14:11.278141Z,KXHYPE15M-26OCT042015-15,0.2400,0.04,yes
2026-10-05T00:14:11.278141Z,KXHYPE15M-26OCT042015-15,0.2500,0.04,yes
2026-10-05T00:14:11.285417Z,KXHYPE15M-26OCT042015-15,0.2200,5.00,yes
2026-10-05T00:14:11.285417Z,KXHYPE15M-26OCT042015-15,0.1900,25.00,yes
2026-10-05T00:14:11.288792Z,KXHYPE15M-26OCT042015-15,0.2200,15.00,yes
2026-10-05T00:14:11.288792Z,KXHYPE15M-26OCT042015-15,0.1800,5.00,yes
2026-10-05T00:14:11.297761Z,KXHYPE15M-26OCT042015-15,0.2300,3.22,no
2026-10-05T00:14:11.373032Z,KXHYPE15M-26OCT042015-15,0.2100,1.95,no
2026-10-05T00:14:11.82093Z,KXHYPE15M-26OCT042015-15,0.3300,0.97,yes
2026-10-05T00:14:11.82093Z,KXHYPE15M-26OCT042015-15,0.3200,0.03,yes
2026-10-05T00:14:12.391395Z,KXHYPE15M-26OCT042015-15,0.3200,5.00,yes
2026-10-05T00:14:12.84217Z,KXHYPE15M-26OCT042015-15,0.2600,1.34,no
2026-10-05T00:14:13.423065Z,KXHYPE15M-26OCT042015-15,0.2600,12.37,no
2026-10-05T00:14:13.439997Z,KXHYPE15M-26OCT042015-15,0.2600,0.19,no
2026-10-05T00:14:13.779545Z,KXHYPE15M-26OCT042015-15,0.3300,0.03,yes
2026-10-05T00:14:13.779545Z,KXHYPE15M-26OCT042015-15,0.3400,0.03,yes
2026-10-05T00:14:13.815129Z,KXHYPE15M-26OCT042015-15,0.3500,1.00,yes
2026-10-05T00:14:13.858653Z,KXHYPE15M-26OCT042015-15,0.3500,19.00,yes
2026-10-05T00:14:13.858653Z,KXHYPE15M-26OCT042015-15,0.3700,20.00,yes
2026-10-05T00:14:13.858653Z,KXHYPE15M-26OCT042015-15,0.3600,0.06,yes
2026-10-05T00:14:13.858653Z,KXHYPE15M-26OCT042015-15,0.3800,0.03,yes
2026-10-05T00:14:13.858653Z,KXHYPE15M-26OCT042015-15,0.3900,24.00,yes
2026-10-05T00:14:13.858653Z,KXHYPE15M-26OCT042015-15,0.3500,0.05,yes
2026-10-05T00:14:13.858653Z,KXHYPE15M-26OCT042015-15,0.3600,0.03,yes
2026-10-05T00:14:13.858653Z,KXHYPE15M-26OCT042015-15,0.3700,0.03,yes
2026-10-05T00:14:13.858653Z,KXHYPE15M-26OCT042015-15,0.3500,0.03,yes
2026-10-05T00:14:13.862228Z,KXHYPE15M-26OCT042015-15,0.4000,71.79,yes
2026-10-05T00:14:13.862228Z,KXHYPE15M-26OCT042015-15,0.4000,19.57,yes
2026-10-05T00:14:13.87739Z,KXHYPE15M-26OCT042015-15,0.4200,20.00,yes
2026-10-05T00:14:13.91422Z,KXHYPE15M-26OCT042015-15,0.4400,20.00,yes
2026-10-05T00:14:14.015548Z,KXHYPE15M-26OCT042015-15,0.4300,0.01,no
2026-10-05T00:14:14.015548Z,KXHYPE15M-26OCT042015-15,0.4200,26.00,no
2026-10-05T00:14:14.015548Z,KXHYPE15M-26OCT042015-15,0.4300,5.00,no
2026-10-05T00:14:14.039764Z,KXHYPE15M-26OCT042015-15,0.2900,1.00,no
2026-10-05T00:14:15.140059Z,KXHYPE15M-26OCT042015-15,0.2200,20.21,no
2026-10-05T00:14:16.656194Z,KXHYPE15M-26OCT042015-15,0.1900,8.45,no
2026-10-05T00:14:16.656194Z,KXHYPE15M-26OCT042015-15,0.1900,0.03,no
2026-10-05T00:14:16.664705Z,KXHYPE15M-26OCT042015-15,0.2400,0.03,yes
2026-10-05T00:14:16.664705Z,KXHYPE15M-26OCT042015-15,0.2500,0.03,yes
2026-10-05T00:14:17.104604Z,KXHYPE15M-26OCT042015-15,0.2000,0.03,no
2026-10-05T00:14:17.104604Z,KXHYPE15M-26OCT042015-15,0.1900,117.94,no
2026-10-05T00:14:17.104604Z,KXHYPE15M-26OCT042015-15,0.2100,0.03,no
2026-10-05T00:14:17.104604Z,KXHYPE15M-26OCT042015-15,0.2100,225.00,no
2026-10-05T00:14:17.104604Z,KXHYPE15M-26OCT042015-15,0.2000,28.00,no
2026-10-05T00:14:17.18888Z,KXHYPE15M-26OCT042015-15,0.2200,200.00,yes
2026-10-05T00:14:17.344179Z,KXHYPE15M-26OCT042015-15,0.2700,5.00,no
2026-10-05T00:14:17.344179Z,KXHYPE15M-26OCT042015-15,0.2700,27.00,no
2026-10-05T00:14:17.344179Z,KXHYPE15M-26OCT042015-15,0.2600,74.03,no
2026-10-05T00:14:18.140074Z,KXHYPE15M-26OCT042015-15,0.2800,0.04,yes
2026-10-05T00:14:18.140074Z,KXHYPE15M-26OCT042015-15,0.2800,0.13,yes
2026-10-05T00:14:18.527071Z,KXHYPE15M-26OCT042015-15,0.1900,98.61,no
2026-10-05T00:14:18.527071Z,KXHYPE15M-26OCT042015-15,0.1700,225.00,no
2026-10-05T00:14:18.527071Z,KXHYPE15M-26OCT042015-15,0.2000,7.00,no
2026-10-05T00:14:18.527071Z,KXHYPE15M-26OCT042015-15,0.1600,420.25,no
2026-10-05T00:14:18.527071Z,KXHYPE15M-26OCT042015-15,0.1900,0.03,no
2026-10-05T00:14:18.527071Z,KXHYPE15M-26OCT042015-15,0.2400,5.00,no
2026-10-05T00:14:18.527071Z,KXHYPE15M-26OCT042015-15,0.2100,0.03,no
2026-10-05T00:14:18.527071Z,KXHYPE15M-26OCT042015-15,0.2300,0.03,no
2026-10-05T00:14:18.527071Z,KXHYPE15M-26OCT042015-15,0.2000,0.03,no
2026-10-05T00:14:18.626947Z,KXHYPE15M-26OCT042015-15,0.1900,5.00,no
2026-10-05T00:14:18.751184Z,KXHYPE15M-26OCT042015-15,0.1800,1.00,no
2026-10-05T00:14:18.777413Z,KXHYPE15M-26OCT042015-15,0.1800,0.17,no
2026-10-05T00:14:18.777413Z,KXHYPE15M-26OCT042015-15,0.1800,0.03,no
2026-10-05T00:14:19.077758Z,KXHYPE15M-26OCT042015-15,0.1800,1.76,no
2026-10-05T00:14:19.09167Z,KXHYPE15M-26OCT042015-15,0.1800,2.00,no
2026-10-05T00:14:19.209018Z,KXHYPE15M-26OCT042015-15,0.1900,34.00,yes
2026-10-05T00:14:19.2246Z,KXHYPE15M-26OCT042015-15,0.1800,4.47,no
2026-10-05T00:14:19.268401Z,KXHYPE15M-26OCT042015-15,0.1700,0.03,no
2026-10-05T00:14:19.268401Z,KXHYPE15M-26OCT042015-15,0.1600,0.03,no
2026-10-05T00:14:19.268401Z,KXHYPE15M-26OCT042015-15,0.1500,0.03,no
2026-10-05T00:14:19.331388Z,KXHYPE15M-26OCT042015-15,0.1400,24.90,yes
2026-10-05T00:14:19.849521Z,KXHYPE15M-26OCT042015-15,0.1300,9.11,no
2026-10-05T00:14:19.946233Z,KXHYPE15M-26OCT042015-15,0.1000,7.00,no
2026-10-05T00:14:19.946233Z,KXHYPE15M-26OCT042015-15,0.1300,0.03,no
2026-10-05T00:14:19.946233Z,KXHYPE15M-26OCT042015-15,0.1000,0.03,no
2026-10-05T00:14:19.946233Z,KXHYPE15M-26OCT042015-15,0.0990,175.40,no
2026-10-05T00:14:20.099156Z,KXHYPE15M-26OCT042015-15,0.0910,20.00,no
2026-10-05T00:14:20.099156Z,KXHYPE15M-26OCT042015-15,0.0750,10.37,no
2026-10-05T00:14:20.099156Z,KXHYPE15M-26OCT042015-15,0.0990,0.03,no
2026-10-05T00:14:20.099156Z,KXHYPE15M-26OCT042015-15,0.0800,225.00,no
2026-10-05T00:14:20.099156Z,KXHYPE15M-26OCT042015-15,0.0990,49.60,no
2026-10-05T00:14:20.099156Z,KXHYPE15M-26OCT042015-15,0.0810,2.00,no
2026-10-05T00:14:20.110787Z,KXHYPE15M-26OCT042015-15,0.1300,2.22,no
2026-10-05T00:14:20.112029Z,KXHYPE15M-26OCT042015-15,0.1300,1.66,no
2026-10-05T00:14:21.029427Z,KXHYPE15M-26OCT042015-15,0.1200,100.00,no
2026-10-05T00:14:21.062739Z,KXHYPE15M-26OCT042015-15,0.0640,69.37,no
2026-10-05T00:14:21.062739Z,KXHYPE15M-26OCT042015-15,0.0750,9.63,no
2026-10-05T00:14:21.062739Z,KXHYPE15M-26OCT042015-15,0.0800,225.00,no
2026-10-05T00:14:21.062739Z,KXHYPE15M-26OCT042015-15,0.0650,3.00,no
2026-10-05T00:14:21.123544Z,KXHYPE15M-26OCT042015-15,0.0830,2.10,no
2026-10-05T00:14:21.125451Z,KXHYPE15M-26OCT042015-15,0.0830,1.57,no
2026-10-05T00:14:21.410943Z,KXHYPE15M-26OCT042015-15,0.1100,3.62,yes
2026-10-05T00:14:21.56758Z,KXHYPE15M-26OCT042015-15,0.0830,4.33,no
2026-10-05T00:14:21.599005Z,KXHYPE15M-26OCT042015-15,0.0830,0.03,no
2026-10-05T00:14:21.619717Z,KXHYPE15M-26OCT042015-15,0.0530,4.41,no
2026-10-05T00:14:21.619717Z,KXHYPE15M-26OCT042015-15,0.0580,20.00,no
2026-10-05T00:14:21.619717Z,KXHYPE15M-26OCT042015-15,0.0770,20.00,no
2026-10-05T00:14:21.776438Z,KXHYPE15M-26OCT042015-15,0.1100,28.00,yes
2026-10-05T00:14:22.088559Z,KXHYPE15M-26OCT042015-15,0.0600,20.00,no
2026-10-05T00:14:22.088559Z,KXHYPE15M-26OCT042015-15,0.0750,20.00,no
2026-10-05T00:14:22.088559Z,KXHYPE15M-26OCT042015-15,0.0750,0.03,no
2026-10-05T00:14:22.421594Z,KXHYPE15M-26OCT042015-15,0.1100,193.38,yes
2026-10-05T00:14:22.421594Z,KXHYPE15M-26OCT042015-15,0.1100,0.03,yes
2026-10-05T00:14:22.453092Z,KXHYPE15M-26OCT042015-15,0.0600,2.91,no
2026-10-05T00:14:22.453092Z,KXHYPE15M-26OCT042015-15,0.0660,20.00,no
2026-10-05T00:14:22.453092Z,KXHYPE15M-26OCT042015-15,0.0660,0.03,no
2026-10-05T00:14:22.688463Z,KXHYPE15M-26OCT042015-15,0.0620,1.66,no
2026-10-05T00:14:22.730246Z,KXHYPE15M-26OCT042015-15,0.0600,2.00,no
2026-10-05T00:14:22.730246Z,KXHYPE15M-26OCT042015-15,0.0600,0.03,no
2026-10-05T00:14:22.730246Z,KXHYPE15M-26OCT042015-15,0.0600,1.00,no
2026-10-05T00:14:22.730246Z,KXHYPE15M-26OCT042015-15,0.0590,153.85,no
2026-10-05T00:14:22.730246Z,KXHYPE15M-26OCT042015-15,0.0620,0.03,no
2026-10-05T00:14:22.730246Z,KXHYPE15M-26OCT042015-15,0.0620,18.34,no
2026-10-05T00:14:23.809815Z,KXHYPE15M-26OCT042015-15,0.0400,2.00,no
2026-10-05T00:14:24.207699Z,KXHYPE15M-26OCT042015-15,0.0400,50.00,no
2026-10-05T00:14:24.290876Z,KXHYPE15M-26OCT042015-15,0.0400,1.50,no
2026-10-05T00:14:24.301159Z,KXHYPE15M-26OCT042015-15,0.0400,25.96,no
2026-10-05T00:14:24.517723Z,KXHYPE15M-26OCT042015-15,0.0500,0.03,yes
2026-10-05T00:14:24.517723Z,KXHYPE15M-26OCT042015-15,0.0500,225.00,yes
2026-10-05T00:14:24.517723Z,KXHYPE15M-26OCT042015-15,0.0590,9.61,yes
2026-10-05T00:14:24.676618Z,KXHYPE15M-26OCT042015-15,0.0600,8.00,yes
2026-10-05T00:14:24.997572Z,KXHYPE15M-26OCT042015-15,0.0510,100.00,no
2026-10-05T00:14:25.043577Z,KXHYPE15M-26OCT042015-15,0.0600,96.66,yes
2026-10-05T00:14:25.090572Z,KXHYPE15M-26OCT042015-15,0.0510,18.00,no
2026-10-05T00:14:25.097632Z,KXHYPE15M-26OCT042015-15,0.0600,17.78,yes
2026-10-05T00:14:25.098745Z,KXHYPE15M-26OCT042015-15,0.0600,26.44,yes
2026-10-05T00:14:25.098845Z,KXHYPE15M-26OCT042015-15,0.0600,66.50,yes
2026-10-05T00:14:25.118905Z,KXHYPE15M-26OCT042015-15,0.0600,114.27,yes
2026-10-05T00:14:25.119634Z,KXHYPE15M-26OCT042015-15,0.0600,21.56,yes
2026-10-05T00:14:25.121873Z,KXHYPE15M-26OCT042015-15,0.0510,1.53,no
2026-10-05T00:14:25.122382Z,KXHYPE15M-26OCT042015-15,0.0510,2.04,no
2026-10-05T00:14:25.141781Z,KXHYPE15M-26OCT042015-15,0.0360,1.00,no
2026-10-05T00:14:25.141781Z,KXHYPE15M-26OCT042015-15,0.0360,1.00,no
2026-10-05T00:14:25.141781Z,KXHYPE15M-26OCT042015-15,0.0360,1.00,no
2026-10-05T00:14:25.141781Z,KXHYPE15M-26OCT042015-15,0.0360,1.00,no
2026-10-05T00:14:25.141781Z,KXHYPE15M-26OCT042015-15,0.0360,13.00,no
2026-10-05T00:14:25.141781Z,KXHYPE15M-26OCT042015-15,0.0350,186.57,no
2026-10-05T00:14:25.141781Z,KXHYPE15M-26OCT042015-15,0.0510,103.43,no
2026-10-05T00:14:25.578372Z,KXHYPE15M-26OCT042015-15,0.0660,11.23,yes
2026-10-05T00:14:25.578372Z,KXHYPE15M-26OCT042015-15,0.0600,0.03,yes
2026-10-05T00:14:25.578372Z,KXHYPE15M-26OCT042015-15,0.0600,18.79,yes
2026-10-05T00:14:26.075614Z,KXHYPE15M-26OCT042015-15,0.0510,7.11,yes
2026-10-05T00:14:26.157035Z,KXHYPE15M-26OCT042015-15,0.0660,20.08,yes
2026-10-05T00:14:26.157035Z,KXHYPE15M-26OCT042015-15,0.0650,24.00,yes
2026-10-05T00:14:26.157035Z,KXHYPE15M-26OCT042015-15,0.0510,69.89,yes
2026-10-05T00:14:26.157035Z,KXHYPE15M-26OCT042015-15,0.0510,0.03,yes
2026-10-05T00:14:26.157192Z,KXHYPE15M-26OCT042015-15,0.0660,45.69,yes
2026-10-05T00:14:26.157192Z,KXHYPE15M-26OCT042015-15,0.0660,0.03,yes
2026-10-05T00:14:26.157192Z,KXHYPE15M-26OCT042015-15,0.1100,0.03,yes
2026-10-05T00:14:26.157192Z,KXHYPE15M-26OCT042015-15,0.1100,49.24,yes
2026-10-05T00:14:26.157192Z,KXHYPE15M-26OCT042015-15,0.0870,4.00,yes
2026-10-05T00:14:26.157192Z,KXHYPE15M-26OCT042015-15,0.1100,0.01,yes
2026-10-05T00:14:26.157345Z,KXHYPE15M-26OCT042015-15,0.1100,140.00,yes
2026-10-05T00:14:26.157499Z,KXHYPE15M-26OCT042015-15,0.1200,0.03,yes
2026-10-05T00:14:26.157499Z,KXHYPE15M-26OCT042015-15,0.1200,0.13,yes
2026-10-05T00:14:26.157499Z,KXHYPE15M-26OCT042015-15,0.1100,35.76,yes
2026-10-05T00:14:26.197585Z,KXHYPE15M-26OCT042015-15,0.0360,2.04,no
2026-10-05T00:14:26.567561Z,KXHYPE15M-26OCT042015-15,0.1200,34.00,yes
2026-10-05T00:14:26.567561Z,KXHYPE15M-26OCT042015-15,0.0900,0.03,yes
2026-10-05T00:14:26.567561Z,KXHYPE15M-26OCT042015-15,0.1100,0.03,yes
2026-10-05T00:14:26.568815Z,KXHYPE15M-26OCT042015-15,0.1300,0.14,yes
2026-10-05T00:14:26.568815Z,KXHYPE15M-26OCT042015-15,0.1300,0.03,yes
2026-10-05T00:14:26.568815Z,KXHYPE15M-26OCT042015-15,0.1300,121.74,yes
2026-10-05T00:14:26.578723Z,KXHYPE15M-26OCT042015-15,0.1300,58.26,yes
2026-10-05T00:14:26.772944Z,KXHYPE15M-26OCT042015-15,0.1300,200.00,no
2026-10-05T00:14:27.075562Z,KXHYPE15M-26OCT042015-15,0.0890,138.00,no
2026-10-05T00:14:27.075562Z,KXHYPE15M-26OCT042015-15,0.0900,16.00,no
2026-10-05T00:14:27.075562Z,KXHYPE15M-26OCT042015-15,0.1000,20.00,no
2026-10-05T00:14:27.115413Z,KXHYPE15M-26OCT042015-15,0.0900,16.00,no
2026-10-05T00:14:27.115413Z,KXHYPE15M-26OCT042015-15,0.1000,20.00,no
2026-10-05T00:14:27.115413Z,KXHYPE15M-26OCT042015-15,0.0890,0.13,no
2026-10-05T00:14:27.115413Z,KXHYPE15M-26OCT042015-15,0.0720,163.87,no
2026-10-05T00:14:27.115413Z,KXHYPE15M-26OCT042015-15,0.0890,87.00,no
2026-10-05T00:14:27.115413Z,KXHYPE15M-26OCT042015-15,0.0770,20.00,no
2026-10-05T00:14:27.196648Z,KXHYPE15M-26OCT042015-15,0.1200,2.19,no
2026-10-05T00:14:27.426359Z,KXHYPE15M-26OCT042015-15,0.1000,0.24,yes
2026-10-05T00:14:27.622423Z,KXHYPE15M-26OCT042015-15,0.0820,21.25,yes
2026-10-05T00:14:28.114462Z,KXHYPE15M-26OCT042015-15,0.0620,15.00,no
2026-10-05T00:14:28.114462Z,KXHYPE15M-26OCT042015-15,0.0810,0.14,no
2026-10-05T00:14:28.114462Z,KXHYPE15M-26OCT042015-15,0.0520,271.86,no
2026-10-05T00:14:28.114462Z,KXHYPE15M-26OCT042015-15,0.0610,20.00,no
2026-10-05T00:14:28.186767Z,KXHYPE15M-26OCT042015-15,0.0640,102.44,yes
2026-10-05T00:14:28.199423Z,KXHYPE15M-26OCT042015-15,0.0370,2.06,no
2026-10-05T00:14:28.409758Z,KXHYPE15M-26OCT042015-15,0.0750,20.00,no
2026-10-05T00:14:28.409758Z,KXHYPE15M-26OCT042015-15,0.0590,5.45,no
2026-10-05T00:14:28.757632Z,KXHYPE15M-26OCT042015-15,0.1000,39.24,yes
2026-10-05T00:14:29.058565Z,KXHYPE15M-26OCT042015-15,0.0370,1.94,no
2026-10-05T00:14:29.058565Z,KXHYPE15M-26OCT042015-15,0.0370,0.03,no
2026-10-05T00:14:29.058565Z,KXHYPE15M-26OCT042015-15,0.0310,6.03,no
2026-10-05T00:14:29.107596Z,KXHYPE15M-26OCT042015-15,0.0300,200.00,no
2026-10-05T00:14:29.34859Z,KXHYPE15M-26OCT042015-15,0.0680,5.59,yes
2026-10-05T00:14:29.587446Z,KXHYPE15M-26OCT042015-15,0.0680,5.66,yes
2026-10-05T00:14:29.647118Z,KXHYPE15M-26OCT042015-15,0.0110,5.51,no
2026-10-05T00:14:29.647118Z,KXHYPE15M-26OCT042015-15,0.0110,5.25,no
2026-10-05T00:14:29.647118Z,KXHYPE15M-26OCT042015-15,0.0200,50.00,no
2026-10-05T00:14:29.647118Z,KXHYPE15M-26OCT042015-15,0.0110,29.53,no
2026-10-05T00:14:29.647118Z,KXHYPE15M-26OCT042015-15,0.0110,28.00,no
2026-10-05T00:14:29.647118Z,KXHYPE15M-26OCT042015-15,0.0110,2.00,no
2026-10-05T00:14:29.647118Z,KXHYPE15M-26OCT042015-15,0.0110,6.16,no
2026-10-05T00:14:29.647118Z,KXHYPE15M-26OCT042015-15,0.0110,18.98,no
2026-10-05T00:14:29.647118Z,KXHYPE15M-26OCT042015-15,0.0110,50.51,no
2026-10-05T00:14:29.647118Z,KXHYPE15M-26OCT042015-15,0.0110,4.47,no
2026-10-05T00:14:29.647118Z,KXHYPE15M-26OCT042015-15,0.0110,2.00,no
2026-10-05T00:14:29.647118Z,KXHYPE15M-26OCT042015-15,0.0110,27.57,no
2026-10-05T00:14:29.647118Z,KXHYPE15M-26OCT042015-15,0.0110,0.02,no
2026-10-05T00:14:29.647118Z,KXHYPE15M-26OCT042015-15,0.0100,50.00,no
2026-10-05T00:14:29.647118Z,KXHYPE15M-26OCT042015-15,0.0100,106.25,no
2026-10-05T00:14:29.647118Z,KXHYPE15M-26OCT042015-15,0.0200,0.03,no
2026-10-05T00:14:29.647118Z,KXHYPE15M-26OCT042015-15,0.0120,18.00,no
2026-10-05T00:14:30.078733Z,KXHYPE15M-26OCT042015-15,0.0100,176.42,yes
2026-10-05T00:14:30.22837Z,KXHYPE15M-26OCT042015-15,0.0100,48.58,yes
2026-10-05T00:14:30.22837Z,KXHYPE15M-26OCT042015-15,0.0100,0.03,yes
2026-10-05T00:14:30.22837Z,KXHYPE15M-26OCT042015-15,0.0150,2.39,yes
2026-10-05T00:14:30.502159Z,KXHYPE15M-26OCT042015-15,0.0150,0.03,yes
2026-10-05T00:14:30.502159Z,KXHYPE15M-26OCT042015-15,0.0150,32.97,yes
2026-10-05T00:14:30.502159Z,KXHYPE15M-26OCT042015-15,0.0100,225.00,yes
2026-10-05T00:14:30.6879Z,KXHYPE15M-26OCT042015-15,0.0160,0.97,yes
2026-10-05T00:14:30.6879Z,KXHYPE15M-26OCT042015-15,0.0100,0.03,yes
2026-10-05T00:14:31.175489Z,KXHYPE15M-26OCT042015-15,0.0160,5.25,yes
2026-10-05T00:14:31.175489Z,KXHYPE15M-26OCT042015-15,0.0160,28.00,yes
2026-10-05T00:14:31.175489Z,KXHYPE15M-26OCT042015-15,0.0160,0.59,yes
2026-10-05T00:14:31.175489Z,KXHYPE15M-26OCT042015-15,0.0160,4.54,yes
2026-10-05T00:14:31.175489Z,KXHYPE15M-26OCT042015-15,0.0160,29.53,yes
2026-10-05T00:14:31.175489Z,KXHYPE15M-26OCT042015-15,0.0150,48.00,yes
2026-10-05T00:14:31.175489Z,KXHYPE15M-26OCT042015-15,0.0150,0.03,yes
2026-10-05T00:14:31.175489Z,KXHYPE15M-26OCT042015-15,0.0150,1.00,yes
2026-10-05T00:14:31.672646Z,KXHYPE15M-26OCT042015-15,0.0160,2.00,yes
2026-10-05T00:14:31.672646Z,KXHYPE15M-26OCT042015-15,0.0160,27.57,yes
2026-10-05T00:14:31.672646Z,KXHYPE15M-26OCT042015-15,0.0160,2.92,yes
2026-10-05T00:14:31.672646Z,KXHYPE15M-26OCT042015-15,0.0160,49.92,yes
2026-10-05T00:14:32.198201Z,KXHYPE15M-26OCT042015-15,0.0150,2.00,no
2026-10-05T00:14:32.198201Z,KXHYPE15M-26OCT042015-15,0.0140,2.00,no
2026-10-05T00:14:32.198201Z,KXHYPE15M-26OCT042015-15,0.0110,0.59,no
2026-10-05T00:14:32.198201Z,KXHYPE15M-26OCT042015-15,0.0110,28.00,no
2026-10-05T00:14:32.198201Z,KXHYPE15M-26OCT042015-15,0.0110,5.25,no
2026-10-05T00:14:32.198201Z,KXHYPE15M-26OCT042015-15,0.0110,27.12,no
2026-10-05T00:14:32.198201Z,KXHYPE15M-26OCT042015-15,0.0110,29.53,no
2026-10-05T00:14:32.198201Z,KXHYPE15M-26OCT042015-15,0.0110,4.54,no
2026-10-05T00:14:32.198201Z,KXHYPE15M-26OCT042015-15,0.0110,0.97,no
2026-10-05T00:14:32.221176Z,KXHYPE15M-26OCT042015-15,0.0140,2.00,no
2026-10-05T00:14:32.32265Z,KXHYPE15M-26OCT042015-15,0.0070,2.00,no
2026-10-05T00:14:32.32265Z,KXHYPE15M-26OCT042015-15,0.0060,2.00,no
2026-10-05T00:14:32.32265Z,KXHYPE15M-26OCT042015-15,0.0030,22.14,no
2026-10-05T00:14:32.32265Z,KXHYPE15M-26OCT042015-15,0.0110,2.92,no
2026-10-05T00:14:32.32265Z,KXHYPE15M-26OCT042015-15,0.0110,2.00,no
2026-10-05T00:14:32.32265Z,KXHYPE15M-26OCT042015-15,0.0110,27.57,no
2026-10-05T00:14:32.32265Z,KXHYPE15M-26OCT042015-15,0.0110,22.80,no
2026-10-05T00:14:32.477977Z,KXHYPE15M-26OCT042015-15,0.0080,5.12,yes
2026-10-05T00:14:33.140842Z,KXHYPE15M-26OCT042015-15,0.0080,40.09,yes
2026-10-05T00:14:33.343084Z,KXHYPE15M-26OCT042015-15,0.0060,0.10,no
2026-10-05T00:14:34.123695Z,KXHYPE15M-26OCT042015-15,0.0070,61.00,yes
2026-10-05T00:14:34.613238Z,KXHYPE15M-26OCT042015-15,0.0020,100.20,no
2026-10-05T00:14:35.273425Z,KXHYPE15M-26OCT042015-15,0.0040,0.05,no
2026-10-05T00:14:35.410021Z,KXHYPE15M-26OCT042015-15,0.0070,57.00,yes
2026-10-05T00:14:35.435606Z,KXHYPE15M-26OCT042015-15,0.0070,32.00,yes
2026-10-05T00:14:35.435606Z,KXHYPE15M-26OCT042015-15,0.0070,360.70,yes
2026-10-05T00:14:35.572676Z,KXHYPE15M-26OCT042015-15,0.0070,4.00,yes
2026-10-05T00:14:36.113772Z,KXHYPE15M-26OCT042015-15,0.0070,20.00,yes
2026-10-05T00:14:36.114036Z,KXHYPE15M-26OCT042015-15,0.0150,33.67,yes
2026-10-05T00:14:36.114036Z,KXHYPE15M-26OCT042015-15,0.0070,65.30,yes
2026-10-05T00:14:36.114036Z,KXHYPE15M-26OCT042015-15,0.0070,0.03,yes
2026-10-05T00:14:36.193285Z,KXHYPE15M-26OCT042015-15,0.0150,20.00,yes
2026-10-05T00:14:36.208685Z,KXHYPE15M-26OCT042015-15,0.0160,4.54,yes
2026-10-05T00:14:36.208685Z,KXHYPE15M-26OCT042015-15,0.0160,0.97,yes
2026-10-05T00:14:36.208685Z,KXHYPE15M-26OCT042015-15,0.0160,28.00,yes
2026-10-05T00:14:36.208685Z,KXHYPE15M-26OCT042015-15,0.0160,5.25,yes
2026-10-05T00:14:36.208685Z,KXHYPE15M-26OCT042015-15,0.0160,22.35,yes
2026-10-05T00:14:36.208685Z,KXHYPE15M-26OCT042015-15,0.0160,18.98,yes
2026-10-05T00:14:36.208685Z,KXHYPE15M-26OCT042015-15,0.0160,0.03,yes
2026-10-05T00:14:36.208685Z,KXHYPE15M-26OCT042015-15,0.0160,2.00,yes
2026-10-05T00:14:36.208685Z,KXHYPE15M-26OCT042015-15,0.0160,0.02,yes
2026-10-05T00:14:36.208685Z,KXHYPE15M-26OCT042015-15,0.0160,4.47,yes
2026-10-05T00:14:36.208685Z,KXHYPE15M-26OCT042015-15,0.0160,3.24,yes
2026-10-05T00:14:36.218386Z,KXHYPE15M-26OCT042015-15,0.0020,0.04,no
2026-10-05T00:14:36.219706Z,KXHYPE15M-26OCT042015-15,0.0160,8.14,yes
2026-10-05T00:14:36.219706Z,KXHYPE15M-26OCT042015-15,0.0160,0.59,yes
2026-10-05T00:14:36.219706Z,KXHYPE15M-26OCT042015-15,0.0160,2.00,yes
2026-10-05T00:14:36.219706Z,KXHYPE15M-26OCT042015-15,0.0160,22.80,yes
2026-10-05T00:14:36.219706Z,KXHYPE15M-26OCT042015-15,0.0160,7.18,yes
2026-10-05T00:14:36.219706Z,KXHYPE15M-26OCT042015-15,0.0160,27.12,yes
2026-10-05T00:14:36.298206Z,KXHYPE15M-26OCT042015-15,0.0150,0.03,yes
2026-10-05T00:14:36.298206Z,KXHYPE15M-26OCT042015-15,0.0160,6.97,yes
2026-10-05T00:14:36.298477Z,KXHYPE15M-26OCT042015-15,0.0160,1.00,yes
2026-10-05T00:14:36.298818Z,KXHYPE15M-26OCT042015-15,0.0160,3.00,yes
2026-10-05T00:14:36.299439Z,KXHYPE15M-26OCT042015-15,0.0160,3.00,yes
2026-10-05T00:14:36.299477Z,KXHYPE15M-26OCT042015-15,0.0160,4.00,yes
2026-10-05T00:14:36.299667Z,KXHYPE15M-26OCT042015-15,0.0260,3.62,yes
2026-10-05T00:14:36.299667Z,KXHYPE15M-26OCT042015-15,0.0160,2.92,yes
2026-10-05T00:14:36.299667Z,KXHYPE15M-26OCT042015-15,0.0160,1.46,yes
2026-10-05T00:14:36.30476Z,KXHYPE15M-26OCT042015-15,0.0260,0.38,yes
2026-10-05T00:14:36.309241Z,KXHYPE15M-26OCT042015-15,0.0540,24.00,yes
2026-10-05T00:14:36.309241Z,KXHYPE15M-26OCT042015-15,0.0550,50.95,yes
2026-10-05T00:14:36.309412Z,KXHYPE15M-26OCT042015-15,0.0550,24.00,yes
2026-10-05T00:14:36.312908Z,KXHYPE15M-26OCT042015-15,0.0530,2.00,no
2026-10-05T00:14:36.323174Z,KXHYPE15M-26OCT042015-15,0.0530,223.00,no
2026-10-05T00:14:36.323174Z,KXHYPE15M-26OCT042015-15,0.0260,0.62,no
2026-10-05T00:14:36.340243Z,KXHYPE15M-26OCT042015-15,0.0690,223.62,no
2026-10-05T00:14:36.349497Z,KXHYPE15M-26OCT042015-15,0.0550,10.00,no
2026-10-05T00:14:36.353447Z,KXHYPE15M-26OCT042015-15,0.0810,3.00,yes
2026-10-05T00:14:36.35406Z,KXHYPE15M-26OCT042015-15,0.0810,3.00,yes
2026-10-05T00:14:36.354477Z,KXHYPE15M-26OCT042015-15,0.0810,3.00,yes
2026-10-05T00:14:36.365377Z,KXHYPE15M-26OCT042015-15,0.0790,5.00,no
2026-10-05T00:14:36.379542Z,KXHYPE15M-26OCT042015-15,0.0790,31.00,no
2026-10-05T00:14:36.445932Z,KXHYPE15M-26OCT042015-15,0.0640,92.00,no
2026-10-05T00:14:36.520944Z,KXHYPE15M-26OCT042015-15,0.0490,1.00,no
2026-10-05T00:14:36.612439Z,KXHYPE15M-26OCT042015-15,0.0810,7.00,yes
2026-10-05T00:14:36.613931Z,KXHYPE15M-26OCT042015-15,0.0810,3.00,yes
2026-10-05T00:14:36.614702Z,KXHYPE15M-26OCT042015-15,0.0810,0.03,yes
2026-10-05T00:14:36.614702Z,KXHYPE15M-26OCT042015-15,0.0810,1.00,yes
2026-10-05T00:14:36.616751Z,KXHYPE15M-26OCT042015-15,0.0810,3.00,yes
2026-10-05T00:14:36.621017Z,KXHYPE15M-26OCT042015-15,0.0810,17.00,yes
2026-10-05T00:14:36.621017Z,KXHYPE15M-26OCT042015-15,0.0830,0.03,yes
2026-10-05T00:14:36.621017Z,KXHYPE15M-26OCT042015-15,0.0830,1.00,yes
2026-10-05T00:14:36.629053Z,KXHYPE15M-26OCT042015-15,0.0990,31.00,yes
2026-10-05T00:14:36.629053Z,KXHYPE15M-26OCT042015-15,0.1000,128.37,yes
2026-10-05T00:14:36.629053Z,KXHYPE15M-26OCT042015-15,0.1000,0.03,yes
2026-10-05T00:14:36.629087Z,KXHYPE15M-26OCT042015-15,0.1000,400.64,yes
2026-10-05T00:14:36.630063Z,KXHYPE15M-26OCT042015-15,0.1000,2.00,yes
2026-10-05T00:14:36.632124Z,KXHYPE15M-26OCT042015-15,0.1000,2.00,yes
2026-10-05T00:14:36.632554Z,KXHYPE15M-26OCT042015-15,0.1000,18.00,yes
2026-10-05T00:14:36.632554Z,KXHYPE15M-26OCT042015-15,0.1000,16.99,yes
2026-10-05T00:14:36.641123Z,KXHYPE15M-26OCT042015-15,0.1400,1.97,yes
2026-10-05T00:14:36.641123Z,KXHYPE15M-26OCT042015-15,0.1400,0.03,yes
2026-10-05T00:14:36.644673Z,KXHYPE15M-26OCT042015-15,0.1400,3.00,yes
2026-10-05T00:14:36.719106Z,KXHYPE15M-26OCT042015-15,0.1400,15.03,yes
2026-10-05T00:14:36.719106Z,KXHYPE15M-26OCT042015-15,0.1400,0.03,yes
2026-10-05T00:14:36.871155Z,KXHYPE15M-26OCT042015-15,0.1800,0.03,yes
2026-10-05T00:14:36.871155Z,KXHYPE15M-26OCT042015-15,0.1600,0.03,yes
2026-10-05T00:14:36.871155Z,KXHYPE15M-26OCT042015-15,0.1600,0.04,yes
2026-10-05T00:14:36.871155Z,KXHYPE15M-26OCT042015-15,0.1700,0.04,yes
2026-10-05T00:14:36.871155Z,KXHYPE15M-26OCT042015-15,0.1500,0.03,yes
2026-10-05T00:14:36.871155Z,KXHYPE15M-26OCT042015-15,0.1700,0.03,yes
2026-10-05T00:14:36.871155Z,KXHYPE15M-26OCT042015-15,0.1800,0.04,yes
2026-10-05T00:14:36.871155Z,KXHYPE15M-26OCT042015-15,0.1500,0.17,yes
2026-10-05T00:14:36.871155Z,KXHYPE15M-26OCT042015-15,0.1900,73.65,yes
2026-10-05T00:14:36.871321Z,KXHYPE15M-26OCT042015-15,0.1900,22.15,yes
2026-10-05T00:14:36.873283Z,KXHYPE15M-26OCT042015-15,0.1400,39.00,no
2026-10-05T00:14:37.217538Z,KXHYPE15M-26OCT042015-15,0.1900,4.98,yes
2026-10-05T00:14:37.618528Z,KXHYPE15M-26OCT042015-15,0.2000,0.04,yes
2026-10-05T00:14:37.618528Z,KXHYPE15M-26OCT042015-15,0.2100,0.03,yes
2026-10-05T00:14:37.618528Z,KXHYPE15M-26OCT042015-15,0.2100,0.05,yes
2026-10-05T00:14:37.618528Z,KXHYPE15M-26OCT042015-15,0.1900,0.04,yes
2026-10-05T00:14:37.618528Z,KXHYPE15M-26OCT042015-15,0.1900,360.22,yes
2026-10-05T00:14:37.677207Z,KXHYPE15M-26OCT042015-15,0.2100,100.00,no
2026-10-05T00:14:37.677207Z,KXHYPE15M-26OCT042015-15,0.1500,23.00,no
2026-10-05T00:14:37.686768Z,KXHYPE15M-26OCT042015-15,0.1800,6.00,yes
2026-10-05T00:14:37.687285Z,KXHYPE15M-26OCT042015-15,0.1800,1.00,yes
2026-10-05T00:14:37.710408Z,KXHYPE15M-26OCT042015-15,0.1800,16.00,yes
2026-10-05T00:14:38.114442Z,KXHYPE15M-26OCT042015-15,0.1500,0.45,no
2026-10-05T00:14:38.114442Z,KXHYPE15M-26OCT042015-15,0.1200,225.00,no
2026-10-05T00:14:38.114442Z,KXHYPE15M-26OCT042015-15,0.1300,24.00,no
2026-10-05T00:14:38.114442Z,KXHYPE15M-26OCT042015-15,0.1300,0.03,no
2026-10-05T00:14:38.114442Z,KXHYPE15M-26OCT042015-15,0.0870,57.52,no
2026-10-05T00:14:38.134207Z,KXHYPE15M-26OCT042015-15,0.0870,44.37,no
2026-10-05T00:14:38.365932Z,KXHYPE15M-26OCT042015-15,0.0880,2.11,no
2026-10-05T00:14:39.522238Z,KXHYPE15M-26OCT042015-15,0.0220,5.00,no
2026-10-05T00:14:40.042579Z,KXHYPE15M-26OCT042015-15,0.0900,0.03,yes
2026-10-05T00:14:40.042579Z,KXHYPE15M-26OCT042015-15,0.0900,20.86,yes
2026-10-05T00:14:40.080756Z,KXHYPE15M-26OCT042015-15,0.1500,0.03,yes
2026-10-05T00:14:40.080756Z,KXHYPE15M-26OCT042015-15,0.1300,0.03,yes
2026-10-05T00:14:40.080756Z,KXHYPE15M-26OCT042015-15,0.1500,225.00,yes
2026-10-05T00:14:40.080756Z,KXHYPE15M-26OCT042015-15,0.1300,225.00,yes
2026-10-05T00:14:40.080756Z,KXHYPE15M-26OCT042015-15,0.0900,4.14,yes
2026-10-05T00:14:40.080756Z,KXHYPE15M-26OCT042015-15,0.1000,13.00,yes
2026-10-05T00:14:40.080756Z,KXHYPE15M-26OCT042015-15,0.1100,10.00,yes
2026-10-05T00:14:40.080756Z,KXHYPE15M-26OCT042015-15,0.1200,34.00,yes
2026-10-05T00:14:40.457799Z,KXHYPE15M-26OCT042015-15,0.0710,3.67,no
2026-10-05T00:14:40.624121Z,KXHYPE15M-26OCT042015-15,0.0870,0.54,no
2026-10-05T00:14:40.869643Z,KXHYPE15M-26OCT042015-15,0.1100,5.34,no
2026-10-05T00:14:40.96793Z,KXHYPE15M-26OCT042015-15,0.1100,2.27,no
2026-10-05T00:14:41.604453Z,KXHYPE15M-26OCT042015-15,0.1500,55.75,no
2026-10-05T00:14:42.019871Z,KXHYPE15M-26OCT042015-15,0.2100,0.04,yes
2026-10-05T00:14:42.019871Z,KXHYPE15M-26OCT042015-15,0.2100,0.03,yes
2026-10-05T00:14:42.019871Z,KXHYPE15M-26OCT042015-15,0.1900,0.03,yes
2026-10-05T00:14:42.019871Z,KXHYPE15M-26OCT042015-15,0.2000,0.03,yes
2026-10-05T00:14:42.019871Z,KXHYPE15M-26OCT042015-15,0.2000,0.03,yes
2026-10-05T00:14:42.301678Z,KXHYPE15M-26OCT042015-15,0.1700,16.44,no
2026-10-05T00:14:42.72178Z,KXHYPE15M-26OCT042015-15,0.2200,0.05,yes
2026-10-05T00:14:42.72178Z,KXHYPE15M-26OCT042015-15,0.2200,0.03,yes
2026-10-05T00:14:42.72178Z,KXHYPE15M-26OCT042015-15,0.2100,26.00,yes
2026-10-05T00:14:42.72178Z,KXHYPE15M-26OCT042015-15,0.2000,225.00,yes
2026-10-05T00:14:42.72178Z,KXHYPE15M-26OCT042015-15,0.2200,225.00,yes
2026-10-05T00:14:42.72178Z,KXHYPE15M-26OCT042015-15,0.2100,0.03,yes
2026-10-05T00:14:42.913992Z,KXHYPE15M-26OCT042015-15,0.1900,0.03,no
2026-10-05T00:14:42.913992Z,KXHYPE15M-26OCT042015-15,0.1900,0.03,no
2026-10-05T00:14:42.913992Z,KXHYPE15M-26OCT042015-15,0.1600,24.84,no
2026-10-05T00:14:42.941537Z,KXHYPE15M-26OCT042015-15,0.1600,1.50,no
2026-10-05T00:14:43.155473Z,KXHYPE15M-26OCT042015-15,0.2800,0.03,yes
2026-10-05T00:14:43.155473Z,KXHYPE15M-26OCT042015-15,0.2900,0.03,yes
2026-10-05T00:14:43.155473Z,KXHYPE15M-26OCT042015-15,0.2500,17.00,yes
2026-10-05T00:14:43.155473Z,KXHYPE15M-26OCT042015-15,0.2300,0.06,yes
2026-10-05T00:14:43.155473Z,KXHYPE15M-26OCT042015-15,0.2900,0.05,yes
2026-10-05T00:14:43.155473Z,KXHYPE15M-26OCT042015-15,0.2800,16.87,yes
2026-10-05T00:14:43.155473Z,KXHYPE15M-26OCT042015-15,0.2500,15.00,yes
2026-10-05T00:14:43.155473Z,KXHYPE15M-26OCT042015-15,0.2700,0.06,yes
2026-10-05T00:14:43.155473Z,KXHYPE15M-26OCT042015-15,0.2600,0.05,yes
2026-10-05T00:14:43.155473Z,KXHYPE15M-26OCT042015-15,0.2500,0.06,yes
2026-10-05T00:14:43.155473Z,KXHYPE15M-26OCT042015-15,0.2400,0.06,yes
2026-10-05T00:14:43.155473Z,KXHYPE15M-26OCT042015-15,0.2800,0.07,yes
2026-10-05T00:14:43.155473Z,KXHYPE15M-26OCT042015-15,0.2500,0.03,yes
2026-10-05T00:14:43.155473Z,KXHYPE15M-26OCT042015-15,0.2600,0.03,yes
2026-10-05T00:14:43.155473Z,KXHYPE15M-26OCT042015-15,0.2700,0.03,yes
2026-10-05T00:14:43.155473Z,KXHYPE15M-26OCT042015-15,0.2700,29.00,yes
2026-10-05T00:14:43.155473Z,KXHYPE15M-26OCT042015-15,0.2300,0.03,yes
2026-10-05T00:14:43.155473Z,KXHYPE15M-26OCT042015-15,0.2400,0.03,yes
2026-10-05T00:14:43.156499Z,KXHYPE15M-26OCT042015-15,0.3000,0.03,yes
2026-10-05T00:14:43.156499Z,KXHYPE15M-26OCT042015-15,0.3200,0.03,yes
2026-10-05T00:14:43.156499Z,KXHYPE15M-26OCT042015-15,0.3100,0.05,yes
2026-10-05T00:14:43.156499Z,KXHYPE15M-26OCT042015-15,0.3200,0.05,yes
2026-10-05T00:14:43.156499Z,KXHYPE15M-26OCT042015-15,0.3100,0.03,yes
2026-10-05T00:14:43.156499Z,KXHYPE15M-26OCT042015-15,0.3000,0.08,yes
2026-10-05T00:14:43.157852Z,KXHYPE15M-26OCT042015-15,0.3300,0.09,yes
2026-10-05T00:14:43.157852Z,KXHYPE15M-26OCT042015-15,0.3400,0.10,yes
2026-10-05T00:14:43.157852Z,KXHYPE15M-26OCT042015-15,0.3300,27.00,yes
2026-10-05T00:14:43.160221Z,KXHYPE15M-26OCT042015-15,0.3600,0.13,yes
2026-10-05T00:14:43.160221Z,KXHYPE15M-26OCT042015-15,0.3500,0.11,yes
2026-10-05T00:14:43.161957Z,KXHYPE15M-26OCT042015-15,0.3700,0.10,yes
2026-10-05T00:14:43.161957Z,KXHYPE15M-26OCT042015-15,0.3800,0.11,yes
2026-10-05T00:14:43.162449Z,KXHYPE15M-26OCT042015-15,0.3900,0.12,yes
2026-10-05T00:14:43.162449Z,KXHYPE15M-26OCT042015-15,0.4000,0.13,yes
2026-10-05T00:14:43.162449Z,KXHYPE15M-26OCT042015-15,0.3700,25.00,yes
2026-10-05T00:14:43.181109Z,KXHYPE15M-26OCT042015-15,0.4600,20.00,yes
2026-10-05T00:14:43.181109Z,KXHYPE15M-26OCT042015-15,0.4200,0.15,yes
2026-10-05T00:14:43.181109Z,KXHYPE15M-26OCT042015-15,0.4100,0.14,yes
2026-10-05T00:14:43.181109Z,KXHYPE15M-26OCT042015-15,0.4300,0.17,yes
2026-10-05T00:14:43.188679Z,KXHYPE15M-26OCT042015-15,0.4800,20.00,yes
2026-10-05T00:14:43.208952Z,KXHYPE15M-26OCT042015-15,0.5000,20.00,yes
2026-10-05T00:14:43.208952Z,KXHYPE15M-26OCT042015-15,0.5000,7.11,yes
2026-10-05T00:14:43.215617Z,KXHYPE15M-26OCT042015-15,0.5200,20.00,yes
2026-10-05T00:14:43.215617Z,KXHYPE15M-26OCT042015-15,0.5400,20.00,yes
2026-10-05T00:14:43.215617Z,KXHYPE15M-26OCT042015-15,0.5400,0.55,yes
2026-10-05T00:14:43.222904Z,KXHYPE15M-26OCT042015-15,0.5600,20.00,yes
2026-10-05T00:14:43.222904Z,KXHYPE15M-26OCT042015-15,0.5500,2.27,yes
2026-10-05T00:14:43.227427Z,KXHYPE15M-26OCT042015-15,0.5800,20.00,yes
2026-10-05T00:14:43.403087Z,KXHYPE15M-26OCT042015-15,0.6000,2.02,yes
2026-10-05T00:14:43.602785Z,KXHYPE15M-26OCT042015-15,0.6000,1.97,yes
2026-10-05T00:14:43.602785Z,KXHYPE15M-26OCT042015-15,0.5900,0.03,yes
2026-10-05T00:14:43.686839Z,KXHYPE15M-26OCT042015-15,0.5800,4.49,no
2026-10-05T00:14:43.693564Z,KXHYPE15M-26OCT042015-15,0.6000,2.00,yes
2026-10-05T00:14:43.693601Z,KXHYPE15M-26OCT042015-15,0.6000,3.00,yes
2026-10-05T00:14:43.694194Z,KXHYPE15M-26OCT042015-15,0.6000,11.01,yes
2026-10-05T00:14:43.694194Z,KXHYPE15M-26OCT042015-15,0.6000,0.03,yes
2026-10-05T00:14:43.694194Z,KXHYPE15M-26OCT042015-15,0.6100,0.03,yes
2026-10-05T00:14:43.702358Z,KXHYPE15M-26OCT042015-15,0.6100,5.00,no
2026-10-05T00:14:43.770314Z,KXHYPE15M-26OCT042015-15,0.6200,10.00,yes
2026-10-05T00:14:43.879938Z,KXHYPE15M-26OCT042015-15,0.6000,34.38,yes
2026-10-05T00:14:43.918799Z,KXHYPE15M-26OCT042015-15,0.5800,20.00,no
2026-10-05T00:14:43.93001Z,KXHYPE15M-26OCT042015-15,0.5700,122.00,yes
2026-10-05T00:14:43.936505Z,KXHYPE15M-26OCT042015-15,0.5700,2.06,yes
2026-10-05T00:14:43.941954Z,KXHYPE15M-26OCT042015-15,0.4800,27.00,no
2026-10-05T00:14:43.941954Z,KXHYPE15M-26OCT042015-15,0.4700,6.68,no
2026-10-05T00:14:43.995529Z,KXHYPE15M-26OCT042015-15,0.5500,75.00,yes
2026-10-05T00:14:44.066932Z,KXHYPE15M-26OCT042015-15,0.5500,150.00,yes
2026-10-05T00:14:44.066932Z,KXHYPE15M-26OCT042015-15,0.5600,25.00,yes
2026-10-05T00:14:44.066932Z,KXHYPE15M-26OCT042015-15,0.5700,100.94,yes
2026-10-05T00:14:44.066932Z,KXHYPE15M-26OCT042015-15,0.6000,76.06,yes
2026-10-05T00:14:44.087457Z,KXHYPE15M-26OCT042015-15,0.5500,114.00,yes
2026-10-05T00:14:44.08977Z,KXHYPE15M-26OCT042015-15,0.5500,13.00,yes
2026-10-05T00:14:44.095809Z,KXHYPE15M-26OCT042015-15,0.5700,184.00,yes
2026-10-05T00:14:44.095809Z,KXHYPE15M-26OCT042015-15,0.5500,98.00,yes
2026-10-05T00:14:44.095809Z,KXHYPE15M-26OCT042015-15,0.5600,25.00,yes
2026-10-05T00:14:44.123037Z,KXHYPE15M-26OCT042015-15,0.5700,1.00,yes
2026-10-05T00:14:44.15459Z,KXHYPE15M-26OCT042015-15,0.5700,2.00,yes
2026-10-05T00:14:44.197721Z,KXHYPE15M-26OCT042015-15,0.5700,38.00,yes
2026-10-05T00:14:44.197721Z,KXHYPE15M-26OCT042015-15,0.5900,24.00,yes
2026-10-05T00:14:44.197721Z,KXHYPE15M-26OCT042015-15,0.6000,30.00,yes
2026-10-05T00:14:44.31624Z,KXHYPE15M-26OCT042015-15,0.6200,3.00,yes
2026-10-05T00:14:44.361805Z,KXHYPE15M-26OCT042015-15,0.6200,2.00,yes
2026-10-05T00:14:44.438198Z,KXHYPE15M-26OCT042015-15,0.5600,116.94,no
2026-10-05T00:14:44.498558Z,KXHYPE15M-26OCT042015-15,0.6400,20.00,yes
2026-10-05T00:14:44.498558Z,KXHYPE15M-26OCT042015-15,0.6200,5.00,yes
2026-10-05T00:14:44.498558Z,KXHYPE15M-26OCT042015-15,0.6600,20.00,yes
2026-10-05T00:14:44.498558Z,KXHYPE15M-26OCT042015-15,0.6800,0.83,yes
2026-10-05T00:14:44.498558Z,KXHYPE15M-26OCT042015-15,0.6500,10.00,yes
2026-10-05T00:14:44.498558Z,KXHYPE15M-26OCT042015-15,0.6300,0.03,yes
2026-10-05T00:14:44.498558Z,KXHYPE15M-26OCT042015-15,0.6500,0.03,yes
2026-10-05T00:14:44.498558Z,KXHYPE15M-26OCT042015-15,0.6600,0.03,yes
2026-10-05T00:14:44.498558Z,KXHYPE15M-26OCT042015-15,0.6400,0.03,yes
2026-10-05T00:14:44.498558Z,KXHYPE15M-26OCT042015-15,0.6300,24.00,yes
2026-10-05T00:14:44.498558Z,KXHYPE15M-26OCT042015-15,0.6200,0.03,yes
2026-10-05T00:14:44.498558Z,KXHYPE15M-26OCT042015-15,0.6200,225.00,yes
2026-10-05T00:14:44.498558Z,KXHYPE15M-26OCT042015-15,0.6600,225.00,yes
2026-10-05T00:14:44.498558Z,KXHYPE15M-26OCT042015-15,0.6400,225.00,yes
2026-10-05T00:14:44.498558Z,KXHYPE15M-26OCT042015-15,0.6400,1.00,yes
2026-10-05T00:14:44.622884Z,KXHYPE15M-26OCT042015-15,0.5800,8.28,no
2026-10-05T00:14:44.687154Z,KXHYPE15M-26OCT042015-15,0.5800,2.28,no
2026-10-05T00:14:44.745548Z,KXHYPE15M-26OCT042015-15,0.5800,22.87,no
2026-10-05T00:14:44.763886Z,KXHYPE15M-26OCT042015-15,0.6200,0.03,yes
2026-10-05T00:14:44.765142Z,KXHYPE15M-26OCT042015-15,0.5700,25.00,no
2026-10-05T00:14:44.765142Z,KXHYPE15M-26OCT042015-15,0.5700,20.00,no
2026-10-05T00:14:44.766174Z,KXHYPE15M-26OCT042015-15,0.5500,20.00,no
2026-10-05T00:14:44.772941Z,KXHYPE15M-26OCT042015-15,0.5500,27.00,no
2026-10-05T00:14:44.875206Z,KXHYPE15M-26OCT042015-15,0.4800,28.00,yes
2026-10-05T00:14:45.090971Z,KXHYPE15M-26OCT042015-15,0.5000,0.24,no
2026-10-05T00:14:45.101111Z,KXHYPE15M-26OCT042015-15,0.5200,0.03,yes
2026-10-05T00:14:45.104047Z,KXHYPE15M-26OCT042015-15,0.5600,225.00,yes
2026-10-05T00:14:45.128215Z,KXHYPE15M-26OCT042015-15,0.5900,225.00,yes
2026-10-05T00:14:45.128215Z,KXHYPE15M-26OCT042015-15,0.6100,25.00,yes
2026-10-05T00:14:45.128215Z,KXHYPE15M-26OCT042015-15,0.6200,57.00,yes
2026-10-05T00:14:45.196245Z,KXHYPE15M-26OCT042015-15,0.5400,2.48,no
2026-10-05T00:14:45.259148Z,KXHYPE15M-26OCT042015-15,0.5600,8.25,no
2026-10-05T00:14:45.339983Z,KXHYPE15M-26OCT042015-15,0.6200,0.97,yes
2026-10-05T00:14:45.372887Z,KXHYPE15M-26OCT042015-15,0.5800,0.17,no
2026-10-05T00:14:45.620403Z,KXHYPE15M-26OCT042015-15,0.6200,15.10,no
2026-10-05T00:14:45.856625Z,KXHYPE15M-26OCT042015-15,0.6700,1.00,yes
2026-10-05T00:14:45.878074Z,KXHYPE15M-26OCT042015-15,0.6600,75.00,yes
2026-10-05T00:14:46.05458Z,KXHYPE15M-26OCT042015-15,0.6800,19.17,yes
2026-10-05T00:14:46.05458Z,KXHYPE15M-26OCT042015-15,0.7000,20.00,yes
2026-10-05T00:14:46.05458Z,KXHYPE15M-26OCT042015-15,0.6900,25.00,yes
2026-10-05T00:14:46.05458Z,KXHYPE15M-26OCT042015-15,0.6800,225.00,yes
2026-10-05T00:14:46.05458Z,KXHYPE15M-26OCT042015-15,0.7000,224.83,yes
2026-10-05T00:14:46.05458Z,KXHYPE15M-26OCT042015-15,0.6900,1.00,yes
2026-10-05T00:14:46.056032Z,KXHYPE15M-26OCT042015-15,0.6300,10.23,no
2026-10-05T00:14:46.083684Z,KXHYPE15M-26OCT042015-15,0.7200,20.00,yes
2026-10-05T00:14:46.083684Z,KXHYPE15M-26OCT042015-15,0.7400,20.00,yes
2026-10-05T00:14:46.083684Z,KXHYPE15M-26OCT042015-15,0.7400,16.00,yes
2026-10-05T00:14:46.083684Z,KXHYPE15M-26OCT042015-15,0.7200,225.00,yes
2026-10-05T00:14:46.083684Z,KXHYPE15M-26OCT042015-15,0.7300,26.00,yes
2026-10-05T00:14:46.090452Z,KXHYPE15M-26OCT042015-15,0.6700,29.35,no
2026-10-05T00:14:46.204857Z,KXHYPE15M-26OCT042015-15,0.7400,39.00,yes
2026-10-05T00:14:46.205537Z,KXHYPE15M-26OCT042015-15,0.7400,4.00,yes
2026-10-05T00:14:46.27739Z,KXHYPE15M-26OCT042015-15,0.7400,35.09,yes
2026-10-05T00:14:46.600386Z,KXHYPE15M-26OCT042015-15,0.7100,9.29,yes
2026-10-05T00:14:46.631427Z,KXHYPE15M-26OCT042015-15,0.7100,175.25,yes
2026-10-05T00:14:46.662946Z,KXHYPE15M-26OCT042015-15,0.6500,56.99,no
2026-10-05T00:14:46.662946Z,KXHYPE15M-26OCT042015-15,0.6900,0.01,no
2026-10-05T00:14:46.754488Z,KXHYPE15M-26OCT042015-15,0.7100,0.03,yes
2026-10-05T00:14:46.861953Z,KXHYPE15M-26OCT042015-15,0.7500,10.00,yes
2026-10-05T00:14:46.861953Z,KXHYPE15M-26OCT042015-15,0.7600,4.90,yes
2026-10-05T00:14:46.861953Z,KXHYPE15M-26OCT042015-15,0.7500,10.00,yes
2026-10-05T00:14:46.861953Z,KXHYPE15M-26OCT042015-15,0.7400,0.03,yes
2026-10-05T00:14:46.861953Z,KXHYPE15M-26OCT042015-15,0.7500,0.03,yes
2026-10-05T00:14:46.861953Z,KXHYPE15M-26OCT042015-15,0.7400,1.00,yes
2026-10-05T00:14:46.874524Z,KXHYPE15M-26OCT042015-15,0.7400,28.54,no
2026-10-05T00:14:47.054276Z,KXHYPE15M-26OCT042015-15,0.7500,12.00,yes
2026-10-05T00:14:47.071657Z,KXHYPE15M-26OCT042015-15,0.7500,2.56,yes
2026-10-05T00:14:47.091351Z,KXHYPE15M-26OCT042015-15,0.7700,1.00,yes
2026-10-05T00:14:47.091351Z,KXHYPE15M-26OCT042015-15,0.8000,14.78,yes
2026-10-05T00:14:47.091351Z,KXHYPE15M-26OCT042015-15,0.7600,15.10,yes
2026-10-05T00:14:47.091351Z,KXHYPE15M-26OCT042015-15,0.7800,20.00,yes
2026-10-05T00:14:47.091351Z,KXHYPE15M-26OCT042015-15,0.7900,2.00,yes
2026-10-05T00:14:47.091351Z,KXHYPE15M-26OCT042015-15,0.7800,0.03,yes
2026-10-05T00:14:47.091351Z,KXHYPE15M-26OCT042015-15,0.7700,0.03,yes
2026-10-05T00:14:47.091351Z,KXHYPE15M-26OCT042015-15,0.7900,0.03,yes
2026-10-05T00:14:47.091351Z,KXHYPE15M-26OCT042015-15,0.7700,225.00,yes
2026-10-05T00:14:47.091351Z,KXHYPE15M-26OCT042015-15,0.7600,0.03,yes
2026-10-05T00:14:47.091351Z,KXHYPE15M-26OCT042015-15,0.7600,28.00,yes
2026-10-05T00:14:47.091351Z,KXHYPE15M-26OCT042015-15,0.7900,1.00,yes
2026-10-05T00:14:47.23626Z,KXHYPE15M-26OCT042015-15,0.7400,1.00,no
2026-10-05T00:14:47.351207Z,KXHYPE15M-26OCT042015-15,0.8000,1.00,yes
2026-10-05T00:14:47.351207Z,KXHYPE15M-26OCT042015-15,0.8000,5.22,yes
2026-10-05T00:14:47.351207Z,KXHYPE15M-26OCT042015-15,0.8000,0.03,yes
2026-10-05T00:14:47.351207Z,KXHYPE15M-26OCT042015-15,0.7900,0.03,yes
2026-10-05T00:14:47.351207Z,KXHYPE15M-26OCT042015-15,0.7700,0.03,yes
2026-10-05T00:14:47.353156Z,KXHYPE15M-26OCT042015-15,0.8100,24.00,yes
2026-10-05T00:14:47.356024Z,KXHYPE15M-26OCT042015-15,0.8200,20.00,yes
2026-10-05T00:14:47.356024Z,KXHYPE15M-26OCT042015-15,0.8200,9.02,yes
2026-10-05T00:14:47.356024Z,KXHYPE15M-26OCT042015-15,0.8200,0.03,yes
2026-10-05T00:14:47.356024Z,KXHYPE15M-26OCT042015-15,0.8200,1.00,yes
2026-10-05T00:14:47.368396Z,KXHYPE15M-26OCT042015-15,0.8400,20.00,yes
2026-10-05T00:14:47.368396Z,KXHYPE15M-26OCT042015-15,0.8400,1.00,yes
2026-10-05T00:14:47.432427Z,KXHYPE15M-26OCT042015-15,0.8500,1.00,yes
2026-10-05T00:14:47.432427Z,KXHYPE15M-26OCT042015-15,0.8600,1.00,yes
2026-10-05T00:14:47.432427Z,KXHYPE15M-26OCT042015-15,0.8500,1.00,yes
2026-10-05T00:14:47.432427Z,KXHYPE15M-26OCT042015-15,0.8600,20.00,yes
2026-10-05T00:14:47.457267Z,KXHYPE15M-26OCT042015-15,0.8300,8.00,no
2026-10-05T00:14:47.547252Z,KXHYPE15M-26OCT042015-15,0.8300,5.59,no
2026-10-05T00:14:47.636102Z,KXHYPE15M-26OCT042015-15,0.8400,1.00,yes
2026-10-05T00:14:47.691403Z,KXHYPE15M-26OCT042015-15,0.8300,28.00,no
2026-10-05T00:14:47.700903Z,KXHYPE15M-26OCT042015-15,0.8300,7.05,no
2026-10-05T00:14:47.724192Z,KXHYPE15M-26OCT042015-15,0.8100,89.15,no
2026-10-05T00:14:47.724192Z,KXHYPE15M-26OCT042015-15,0.8300,176.36,no
2026-10-05T00:14:47.724192Z,KXHYPE15M-26OCT042015-15,0.8200,26.00,no
2026-10-05T00:14:47.936378Z,KXHYPE15M-26OCT042015-15,0.9150,4.47,yes
2026-10-05T00:14:47.936378Z,KXHYPE15M-26OCT042015-15,0.9000,20.00,yes
2026-10-05T00:14:47.936378Z,KXHYPE15M-26OCT042015-15,0.8800,20.00,yes
2026-10-05T00:14:47.936378Z,KXHYPE15M-26OCT042015-15,0.8700,1.00,yes
2026-10-05T00:14:47.936378Z,KXHYPE15M-26OCT042015-15,0.8800,2.00,yes
2026-10-05T00:14:47.936378Z,KXHYPE15M-26OCT042015-15,0.8700,0.03,yes
2026-10-05T00:14:47.936378Z,KXHYPE15M-26OCT042015-15,0.8900,0.03,yes
2026-10-05T00:14:47.936378Z,KXHYPE15M-26OCT042015-15,0.8800,0.03,yes
2026-10-05T00:14:47.936378Z,KXHYPE15M-26OCT042015-15,0.9100,2.00,yes
2026-10-05T00:14:47.936378Z,KXHYPE15M-26OCT042015-15,0.8900,1.00,yes
2026-10-05T00:14:48.006912Z,KXHYPE15M-26OCT042015-15,0.9150,1.00,yes
2026-10-05T00:14:48.092688Z,KXHYPE15M-26OCT042015-15,0.9120,4.00,yes
2026-10-05T00:14:48.183281Z,KXHYPE15M-26OCT042015-15,0.8900,1.97,yes
2026-10-05T00:14:48.195974Z,KXHYPE15M-26OCT042015-15,0.8900,16.62,yes
2026-10-05T00:14:48.250015Z,KXHYPE15M-26OCT042015-15,0.8900,10.00,yes
2026-10-05T00:14:48.433244Z,KXHYPE15M-26OCT042015-15,0.8900,225.00,yes
2026-10-05T00:14:48.433244Z,KXHYPE15M-26OCT042015-15,0.8900,0.03,yes
2026-10-05T00:14:48.742063Z,KXHYPE15M-26OCT042015-15,0.9090,1.00,yes
2026-10-05T00:14:48.859144Z,KXHYPE15M-26OCT042015-15,0.9090,0.10,yes
2026-10-05T00:14:48.870386Z,KXHYPE15M-26OCT042015-15,0.9090,104.93,yes
2026-10-05T00:14:48.889715Z,KXHYPE15M-26OCT042015-15,0.8500,2.92,no
2026-10-05T00:14:48.998062Z,KXHYPE15M-26OCT042015-15,0.8500,20.89,no
2026-10-05T00:14:49.035408Z,KXHYPE15M-26OCT042015-15,0.9150,14.53,yes
2026-10-05T00:14:49.035408Z,KXHYPE15M-26OCT042015-15,0.9160,0.41,yes
2026-10-05T00:14:49.035408Z,KXHYPE15M-26OCT042015-15,0.9120,225.00,yes
2026-10-05T00:14:49.035408Z,KXHYPE15M-26OCT042015-15,0.9090,0.03,yes
2026-10-05T00:14:49.035408Z,KXHYPE15M-26OCT042015-15,0.9150,0.03,yes
2026-10-05T00:14:49.035408Z,KXHYPE15M-26OCT042015-15,0.9110,13.00,yes
2026-10-05T00:14:49.05243Z,KXHYPE15M-26OCT042015-15,0.9160,0.59,yes
2026-10-05T00:14:49.05243Z,KXHYPE15M-26OCT042015-15,0.9200,0.44,yes
2026-10-05T00:14:49.05243Z,KXHYPE15M-26OCT042015-15,0.9160,0.03,yes
2026-10-05T00:14:49.056947Z,KXHYPE15M-26OCT042015-15,0.9260,0.54,yes
2026-10-05T00:14:49.056947Z,KXHYPE15M-26OCT042015-15,0.9200,1.56,yes
2026-10-05T00:14:49.084691Z,KXHYPE15M-26OCT042015-15,0.9450,225.00,yes
2026-10-05T00:14:49.084691Z,KXHYPE15M-26OCT042015-15,0.9600,13.54,yes
2026-10-05T00:14:49.084691Z,KXHYPE15M-26OCT042015-15,0.9300,20.00,yes
2026-10-05T00:14:49.084691Z,KXHYPE15M-26OCT042015-15,0.9450,20.00,yes
2026-10-05T00:14:49.084691Z,KXHYPE15M-26OCT042015-15,0.9560,1.00,yes
2026-10-05T00:14:49.084691Z,KXHYPE15M-26OCT042015-15,0.9500,1.00,yes
2026-10-05T00:14:49.084691Z,KXHYPE15M-26OCT042015-15,0.9500,3.00,yes
2026-10-05T00:14:49.084691Z,KXHYPE15M-26OCT042015-15,0.9500,1.00,yes
2026-10-05T00:14:49.084691Z,KXHYPE15M-26OCT042015-15,0.9460,1.00,yes
2026-10-05T00:14:49.084691Z,KXHYPE15M-26OCT042015-15,0.9360,1.00,yes
2026-10-05T00:14:49.084691Z,KXHYPE15M-26OCT042015-15,0.9260,0.46,yes
2026-10-05T00:14:49.084691Z,KXHYPE15M-26OCT042015-15,0.9560,1.00,yes
2026-10-05T00:14:49.084691Z,KXHYPE15M-26OCT042015-15,0.9400,1.00,yes
2026-10-05T00:14:49.084691Z,KXHYPE15M-26OCT042015-15,0.9440,16.00,yes
2026-10-05T00:14:49.084691Z,KXHYPE15M-26OCT042015-15,0.9300,2.00,yes
2026-10-05T00:14:49.213037Z,KXHYPE15M-26OCT042015-15,0.9200,0.03,yes
2026-10-05T00:14:49.277305Z,KXHYPE15M-26OCT042015-15,0.9700,12.00,yes
2026-10-05T00:14:49.277305Z,KXHYPE15M-26OCT042015-15,0.9600,6.46,yes
2026-10-05T00:14:49.277305Z,KXHYPE15M-26OCT042015-15,0.9690,1.00,yes
2026-10-05T00:14:49.277305Z,KXHYPE15M-26OCT042015-15,0.9660,2.00,yes
2026-10-05T00:14:49.277305Z,KXHYPE15M-26OCT042015-15,0.9700,2.00,yes
2026-10-05T00:14:49.277305Z,KXHYPE15M-26OCT042015-15,0.9690,21.00,yes
2026-10-05T00:14:49.277305Z,KXHYPE15M-26OCT042015-15,0.9700,174.54,yes
2026-10-05T00:14:49.277305Z,KXHYPE15M-26OCT042015-15,0.9600,1.00,yes
2026-10-05T00:14:49.467289Z,KXHYPE15M-26OCT042015-15,0.9360,42.47,no
2026-10-05T00:14:49.534258Z,KXHYPE15M-26OCT042015-15,0.9700,8.48,yes
2026-10-05T00:14:49.571699Z,KXHYPE15M-26OCT042015-15,0.9750,0.26,yes
2026-10-05T00:14:49.571699Z,KXHYPE15M-26OCT042015-15,0.9740,28.00,yes
2026-10-05T00:14:49.571699Z,KXHYPE15M-26OCT042015-15,0.9700,16.98,yes
2026-10-05T00:14:49.571699Z,KXHYPE15M-26OCT042015-15,0.9700,25.00,yes
2026-10-05T00:14:49.720553Z,KXHYPE15M-26OCT042015-15,0.9750,1.50,yes
2026-10-05T00:14:49.8098Z,KXHYPE15M-26OCT042015-15,0.9360,11.32,no
2026-10-05T00:14:49.99364Z,KXHYPE15M-26OCT042015-15,0.9750,20.00,yes
2026-10-05T00:14:49.99364Z,KXHYPE15M-26OCT042015-15,0.9800,20.00,yes
2026-10-05T00:14:49.99364Z,KXHYPE15M-26OCT042015-15,0.9760,4.00,yes
2026-10-05T00:14:49.99364Z,KXHYPE15M-26OCT042015-15,0.9790,1.00,yes
2026-10-05T00:14:49.99364Z,KXHYPE15M-26OCT042015-15,0.9760,0.03,yes
2026-10-05T00:14:49.99364Z,KXHYPE15M-26OCT042015-15,0.9750,0.03,yes
2026-10-05T00:14:49.99364Z,KXHYPE15M-26OCT042015-15,0.9780,31.00,yes
2026-10-05T00:14:49.99364Z,KXHYPE15M-26OCT042015-15,0.9780,0.03,yes
2026-10-05T00:14:49.99364Z,KXHYPE15M-26OCT042015-15,0.9770,0.03,yes
2026-10-05T00:14:49.99364Z,KXHYPE15M-26OCT042015-15,0.9790,0.03,yes
2026-10-05T00:14:49.99364Z,KXHYPE15M-26OCT042015-15,0.9790,22.00,yes
2026-10-05T00:14:49.99364Z,KXHYPE15M-26OCT042015-15,0.9800,36.51,yes
2026-10-05T00:14:50.074941Z,KXHYPE15M-26OCT042015-15,0.9800,3.75,yes
2026-10-05T00:14:50.091847Z,KXHYPE15M-26OCT042015-15,0.9800,7.77,yes
2026-10-05T00:14:50.205844Z,KXHYPE15M-26OCT042015-15,0.9800,1.01,yes
2026-10-05T00:14:50.257307Z,KXHYPE15M-26OCT042015-15,0.9800,1.50,yes
2026-10-05T00:14:50.444685Z,KXHYPE15M-26OCT042015-15,0.9520,20.00,no
2026-10-05T00:14:50.444685Z,KXHYPE15M-26OCT042015-15,0.9500,9.00,no
2026-10-05T00:14:50.444685Z,KXHYPE15M-26OCT042015-15,0.9240,22.00,no
2026-10-05T00:14:50.472627Z,KXHYPE15M-26OCT042015-15,0.9230,10.00,no
2026-10-05T00:14:50.484683Z,KXHYPE15M-26OCT042015-15,0.9800,5.09,yes
2026-10-05T00:14:50.685893Z,KXHYPE15M-26OCT042015-15,0.9800,10.00,yes
2026-10-05T00:14:50.781653Z,KXHYPE15M-26OCT042015-15,0.9800,1.50,yes
2026-10-05T00:14:50.78374Z,KXHYPE15M-26OCT042015-15,0.9800,79.16,yes
2026-10-05T00:14:50.793641Z,KXHYPE15M-26OCT042015-15,0.9510,1.00,no
2026-10-05T00:14:50.793641Z,KXHYPE15M-26OCT042015-15,0.9430,149.00,no
2026-10-05T00:14:50.793641Z,KXHYPE15M-26OCT042015-15,0.9640,225.00,no
2026-10-05T00:14:50.793641Z,KXHYPE15M-26OCT042015-15,0.9440,25.00,no
2026-10-05T00:14:50.954508Z,KXHYPE15M-26OCT042015-15,0.9590,3.98,no
2026-10-05T00:14:51.031444Z,KXHYPE15M-26OCT042015-15,0.9800,1.01,yes
2026-10-05T00:14:51.200164Z,KXHYPE15M-26OCT042015-15,0.9800,46.00,yes
2026-10-05T00:14:51.222492Z,KXHYPE15M-26OCT042015-15,0.9800,50.00,yes
2026-10-05T00:14:51.222492Z,KXHYPE15M-26OCT042015-15,0.9800,56.70,yes
2026-10-05T00:14:51.241921Z,KXHYPE15M-26OCT042015-15,0.9810,7.98,yes
2026-10-05T00:14:51.272153Z,KXHYPE15M-26OCT042015-15,0.9800,37.20,no
2026-10-05T00:14:51.408009Z,KXHYPE15M-26OCT042015-15,0.9810,1.00,yes
2026-10-05T00:14:51.43377Z,KXHYPE15M-26OCT042015-15,0.9800,47.34,no
2026-10-05T00:14:51.505641Z,KXHYPE15M-26OCT042015-15,0.9800,83.46,no
2026-10-05T00:14:51.701042Z,KXHYPE15M-26OCT042015-15,0.9820,20.00,yes
2026-10-05T00:14:51.701042Z,KXHYPE15M-26OCT042015-15,0.9810,11.02,yes
2026-10-05T00:14:51.701042Z,KXHYPE15M-26OCT042015-15,0.9810,0.03,yes
2026-10-05T00:14:51.701042Z,KXHYPE15M-26OCT042015-15,0.9820,0.03,yes
2026-10-05T00:14:51.7504Z,KXHYPE15M-26OCT042015-15,0.9830,20.00,yes
2026-10-05T00:14:51.7504Z,KXHYPE15M-26OCT042015-15,0.9830,0.02,yes
2026-10-05T00:14:51.886922Z,KXHYPE15M-26OCT042015-15,0.9840,20.00,yes
2026-10-05T00:14:51.886922Z,KXHYPE15M-26OCT042015-15,0.9830,0.01,yes
2026-10-05T00:14:51.886922Z,KXHYPE15M-26OCT042015-15,0.9840,0.03,yes
2026-10-05T00:14:51.908967Z,KXHYPE15M-26OCT042015-15,0.9850,20.00,yes
2026-10-05T00:14:51.908967Z,KXHYPE15M-26OCT042015-15,0.9850,33.00,yes
2026-10-05T00:14:51.908967Z,KXHYPE15M-26OCT042015-15,0.9850,0.02,yes
2026-10-05T00:14:51.915032Z,KXHYPE15M-26OCT042015-15,0.9860,5.42,yes
2026-10-05T00:14:51.915032Z,KXHYPE15M-26OCT042015-15,0.9850,0.01,yes
2026-10-05T00:14:51.960653Z,KXHYPE15M-26OCT042015-15,0.9800,0.58,no
2026-10-05T00:14:52.077626Z,KXHYPE15M-26OCT042015-15,0.9860,10.13,yes
2026-10-05T00:14:52.097685Z,KXHYPE15M-26OCT042015-15,0.9860,4.45,yes
2026-10-05T00:14:52.097685Z,KXHYPE15M-26OCT042015-15,0.9860,7.99,yes
2026-10-05T00:14:52.170733Z,KXHYPE15M-26OCT042015-15,0.9870,20.00,yes
2026-10-05T00:14:52.170733Z,KXHYPE15M-26OCT042015-15,0.9860,0.01,yes
2026-10-05T00:14:52.170733Z,KXHYPE15M-26OCT042015-15,0.9870,0.02,yes
2026-10-05T00:14:52.170733Z,KXHYPE15M-26OCT042015-15,0.9860,0.03,yes
2026-10-05T00:14:52.174752Z,KXHYPE15M-26OCT042015-15,0.9900,20.00,yes
2026-10-05T00:14:52.174752Z,KXHYPE15M-26OCT042015-15,0.9900,20.00,yes
2026-10-05T00:14:52.174752Z,KXHYPE15M-26OCT042015-15,0.9890,20.00,yes
2026-10-05T00:14:52.174752Z,KXHYPE15M-26OCT042015-15,0.9880,20.00,yes
2026-10-05T00:14:52.174752Z,KXHYPE15M-26OCT042015-15,0.9900,4.12,yes
2026-10-05T00:14:52.174752Z,KXHYPE15M-26OCT042015-15,0.9890,1.00,yes
2026-10-05T00:14:52.174752Z,KXHYPE15M-26OCT042015-15,0.9890,1.00,yes
2026-10-05T00:14:52.174752Z,KXHYPE15M-26OCT042015-15,0.9880,0.03,yes
2026-10-05T00:14:52.174752Z,KXHYPE15M-26OCT042015-15,0.9890,0.03,yes
2026-10-05T00:14:52.174752Z,KXHYPE15M-26OCT042015-15,0.9870,0.01,yes
2026-10-05T00:14:52.174752Z,KXHYPE15M-26OCT042015-15,0.9900,0.03,yes
2026-10-05T00:14:52.174752Z,KXHYPE15M-26OCT042015-15,0.9900,27.34,yes
2026-10-05T00:14:52.174752Z,KXHYPE15M-26OCT042015-15,0.9890,33.00,yes
2026-10-05T00:14:52.717765Z,KXHYPE15M-26OCT042015-15,0.9910,20.00,yes
2026-10-05T00:14:52.717765Z,KXHYPE15M-26OCT042015-15,0.9910,0.02,yes
2026-10-05T00:14:53.068229Z,KXHYPE15M-26OCT042015-15,0.9910,46.75,no
2026-10-05T00:14:53.081802Z,KXHYPE15M-26OCT042015-15,0.9910,6.86,no
2026-10-05T00:14:53.200536Z,KXHYPE15M-26OCT042015-15,0.9920,20.00,yes
2026-10-05T00:14:53.486222Z,KXHYPE15M-26OCT042015-15,0.9930,20.00,yes
2026-10-05T00:14:53.486222Z,KXHYPE15M-26OCT042015-15,0.9940,5.42,yes
2026-10-05T00:14:53.486222Z,KXHYPE15M-26OCT042015-15,0.9930,0.03,yes
2026-10-05T00:14:54.307087Z,KXHYPE15M-26OCT042015-15,0.9910,0.03,no
2026-10-05T00:14:54.307087Z,KXHYPE15M-26OCT042015-15,0.9920,2.00,no
2026-10-05T00:14:54.307087Z,KXHYPE15M-26OCT042015-15,0.9920,0.03,no
2026-10-05T00:14:54.307087Z,KXHYPE15M-26OCT042015-15,0.9930,2.00,no
2026-10-05T00:14:54.307087Z,KXHYPE15M-26OCT042015-15,0.9930,0.03,no
2026-10-05T00:14:54.307087Z,KXHYPE15M-26OCT042015-15,0.9910,171.39,no
2026-10-05T00:14:54.307087Z,KXHYPE15M-26OCT042015-15,0.9900,152.22,no
2026-10-05T00:14:54.307087Z,KXHYPE15M-26OCT042015-15,0.9920,65.00,no
2026-10-05T00:14:54.926256Z,KXHYPE15M-26OCT042015-15,0.9990,55.27,yes
2026-10-05T00:14:54.926256Z,KXHYPE15M-26OCT042015-15,0.9980,20.00,yes
2026-10-05T00:14:54.926256Z,KXHYPE15M-26OCT042015-15,0.9960,20.00,yes
2026-10-05T00:14:54.926256Z,KXHYPE15M-26OCT042015-15,0.9970,20.00,yes
2026-10-05T00:14:54.926256Z,KXHYPE15M-26OCT042015-15,0.9940,14.58,yes
2026-10-05T00:14:54.926256Z,KXHYPE15M-26OCT042015-15,0.9950,20.00,yes
2026-10-05T00:14:54.926256Z,KXHYPE15M-26OCT042015-15,0.9980,3.00,yes
2026-10-05T00:14:54.926256Z,KXHYPE15M-26OCT042015-15,0.9970,2.00,yes
2026-10-05T00:14:54.926256Z,KXHYPE15M-26OCT042015-15,0.9970,2.00,yes
2026-10-05T00:14:54.926256Z,KXHYPE15M-26OCT042015-15,0.9960,1.00,yes
2026-10-05T00:14:54.926256Z,KXHYPE15M-26OCT042015-15,0.9960,1.00,yes
2026-10-05T00:14:54.926256Z,KXHYPE15M-26OCT042015-15,0.9980,3.00,yes
2026-10-05T00:14:54.926256Z,KXHYPE15M-26OCT042015-15,0.9980,3.00,yes
2026-10-05T00:14:54.926256Z,KXHYPE15M-26OCT042015-15,0.9970,2.00,yes
2026-10-05T00:14:54.926256Z,KXHYPE15M-26OCT042015-15,0.9960,13.00,yes
2026-10-05T00:14:54.926256Z,KXHYPE15M-26OCT042015-15,0.9950,11.00,yes
2026-10-05T00:14:54.926256Z,KXHYPE15M-26OCT042015-15,0.9970,18.00,yes
2026-10-05T00:14:54.926256Z,KXHYPE15M-26OCT042015-15,0.9980,26.00,yes
2026-10-05T00:14:54.926256Z,KXHYPE15M-26OCT042015-15,0.9960,1.00,yes
2026-10-05T00:14:54.926256Z,KXHYPE15M-26OCT042015-15,0.9980,3.00,yes
2026-10-05T00:14:54.926256Z,KXHYPE15M-26OCT042015-15,0.9970,2.00,yes
2026-10-05T00:14:54.926256Z,KXHYPE15M-26OCT042015-15,0.9960,1.00,yes
2026-10-05T00:14:54.926256Z,KXHYPE15M-26OCT042015-15,0.9970,2.00,yes
2026-10-05T00:14:54.926256Z,KXHYPE15M-26OCT042015-15,0.9980,3.00,yes
2026-10-05T00:14:54.926256Z,KXHYPE15M-26OCT042015-15,0.9960,1.00,yes
2026-10-05T00:14:54.926256Z,KXHYPE15M-26OCT042015-15,0.9980,2.00,yes
2026-10-05T00:14:54.926256Z,KXHYPE15M-26OCT042015-15,0.9950,0.03,yes
2026-10-05T00:14:54.926256Z,KXHYPE15M-26OCT042015-15,0.9970,0.03,yes
2026-10-05T00:14:54.926256Z,KXHYPE15M-26OCT042015-15,0.9960,0.03,yes
2026-10-05T00:14:54.926256Z,KXHYPE15M-26OCT042015-15,0.9980,0.03,yes
2026-10-05T00:14:54.926256Z,KXHYPE15M-26OCT042015-15,0.9940,0.03,yes
2026-10-05T00:14:54.926256Z,KXHYPE15M-26OCT042015-15,0.9980,100.00,yes
2026-10-05T00:14:55.149166Z,KXHYPE15M-26OCT042015-15,0.9940,5.02,no
2026-10-05T00:14:55.149166Z,KXHYPE15M-26OCT042015-15,0.9970,2.00,no
2026-10-05T00:14:55.149166Z,KXHYPE15M-26OCT042015-15,0.9980,2.00,no
2026-10-05T00:14:55.21961Z,KXHYPE15M-26OCT042015-15,0.9990,99.00,yes
2026-10-05T00:14:55.448879Z,KXHYPE15M-26OCT042015-15,0.9980,0.03,no
2026-10-05T00:14:55.448879Z,KXHYPE15M-26OCT042015-15,0.9980,2.00,no
2026-10-05T00:14:55.448879Z,KXHYPE15M-26OCT042015-15,0.9980,15.58,no
2026-10-05T00:14:55.477329Z,KXHYPE15M-26OCT042015-15,0.9990,1.00,yes
2026-10-05T00:14:55.576533Z,KXHYPE15M-26OCT042015-15,0.9980,9.02,no
2026-10-05T00:14:55.873041Z,KXHYPE15M-26OCT042015-15,0.9990,100.09,yes
2026-10-05T00:14:55.993217Z,KXHYPE15M-26OCT042015-15,0.9800,0.01,no
2026-10-05T00:14:55.993217Z,KXHYPE15M-26OCT042015-15,0.9800,274.72,no
2026-10-05T00:14:55.993217Z,KXHYPE15M-26OCT042015-15,0.9800,18.01,no
2026-10-05T00:14:55.993217Z,KXHYPE15M-26OCT042015-15,0.9980,0.03,no
2026-10-05T00:14:55.993217Z,KXHYPE15M-26OCT042015-15,0.9890,3.00,no
2026-10-05T00:14:55.993217Z,KXHYPE15M-26OCT042015-15,0.9970,2.00,no
2026-10-05T00:14:55.993217Z,KXHYPE15M-26OCT042015-15,0.9970,0.03,no
2026-10-05T00:14:55.993217Z,KXHYPE15M-26OCT042015-15,0.9930,0.03,no
2026-10-05T00:14:55.993217Z,KXHYPE15M-26OCT042015-15,0.9980,75.40,no
2026-10-05T00:14:55.993217Z,KXHYPE15M-26OCT042015-15,0.9810,44.00,no
2026-10-05T00:14:55.993217Z,KXHYPE15M-26OCT042015-15,0.9930,225.00,no
2026-10-05T00:14:55.993217Z,KXHYPE15M-26OCT042015-15,0.9900,71.22,no
2026-10-05T00:14:56.069423Z,KXHYPE15M-26OCT042015-15,0.9990,9.11,yes
2026-10-05T00:14:56.360829Z,KXHYPE15M-26OCT042015-15,0.9990,20.00,yes
2026-10-05T00:14:56.360829Z,KXHYPE15M-26OCT042015-15,0.9990,1.00,yes
2026-10-05T00:14:56.360829Z,KXHYPE15M-26OCT042015-15,0.9990,35.53,yes
2026-10-05T00:14:56.360829Z,KXHYPE15M-26OCT042015-15,0.9990,1.00,yes
2026-10-05T00:14:56.360829Z,KXHYPE15M-26OCT042015-15,0.9990,1.00,yes
2026-10-05T00:14:56.360829Z,KXHYPE15M-26OCT042015-15,0.9990,8.00,yes
2026-10-05T00:14:56.360829Z,KXHYPE15M-26OCT042015-15,0.9990,36.00,yes
2026-10-05T00:14:56.360829Z,KXHYPE15M-26OCT042015-15,0.9990,6.47,yes
2026-10-05T00:14:56.360829Z,KXHYPE15M-26OCT042015-15,0.9990,5.00,yes
2026-10-05T00:14:56.360829Z,KXHYPE15M-26OCT042015-15,0.9990,79.00,yes
2026-10-05T00:14:56.401542Z,KXHYPE15M-26OCT042015-15,0.9960,187.00,no
2026-10-05T00:14:56.462692Z,KXHYPE15M-26OCT042015-15,0.9990,0.03,yes
2026-10-05T00:14:56.462692Z,KXHYPE15M-26OCT042015-15,0.9990,0.53,yes
2026-10-05T00:14:56.462692Z,KXHYPE15M-26OCT042015-15,0.9990,1.97,yes
2026-10-05T00:14:56.462692Z,KXHYPE15M-26OCT042015-15,0.9990,2.47,yes
2026-10-05T00:14:57.059007Z,KXHYPE15M-26OCT042015-15,0.9960,38.00,no
2026-10-05T00:14:57.059007Z,KXHYPE15M-26OCT042015-15,0.9810,44.00,no
2026-10-05T00:14:57.059007Z,KXHYPE15M-26OCT042015-15,0.9960,0.01,no
2026-10-05T00:14:57.059007Z,KXHYPE15M-26OCT042015-15,0.9800,1.89,no
2026-10-05T00:14:57.059007Z,KXHYPE15M-26OCT042015-15,0.9800,181.99,no
2026-10-05T00:14:57.411144Z,KXHYPE15M-26OCT042015-15,0.9800,5.00,no
2026-10-05T00:14:57.411144Z,KXHYPE15M-26OCT042015-15,0.9800,18.11,no
2026-10-05T00:14:57.411144Z,KXHYPE15M-26OCT042015-15,0.9800,20.00,no
2026-10-05T00:14:57.440475Z,KXHYPE15M-26OCT042015-15,0.9760,5.25,no
2026-10-05T00:14:57.440475Z,KXHYPE15M-26OCT042015-15,0.9790,2.00,no
2026-10-05T00:14:57.475807Z,KXHYPE15M-26OCT042015-15,0.9800,300.00,yes
2026-10-05T00:14:57.509654Z,KXHYPE15M-26OCT042015-15,0.9800,156.89,yes
2026-10-05T00:14:57.700158Z,KXHYPE15M-26OCT042015-15,0.9900,47.90,no
2026-10-05T00:14:57.813186Z,KXHYPE15M-26OCT042015-15,0.9990,55.00,yes
2026-10-05T00:14:57.813186Z,KXHYPE15M-26OCT042015-15,0.9980,18.00,yes
2026-10-05T00:14:57.993457Z,KXHYPE15M-26OCT042015-15,0.9900,193.41,no
2026-10-05T00:14:58.019597Z,KXHYPE15M-26OCT042015-15,0.9900,101.80,no
2026-10-05T00:14:59.213599Z,KXHYPE15M-26OCT042015-15,0.9990,77.84,no
2026-10-05T00:14:59.276917Z,KXHYPE15M-26OCT042015-15,0.9990,8.51,no
2026-10-05T00:14:59.488744Z,KXHYPE15M-26OCT042015-15,0.9990,915.99,no
2026-10-05T00:14:59.900641Z,KXHYPE15M-26OCT042015-15,0.9990,311.43,no
2026-10-05T00:13:38.808775Z,KXDOGE15M-26OCT042015-15,0.0100,1.00,no
2026-10-05T00:13:38.872028Z,KXDOGE15M-26OCT042015-15,0.0100,0.03,no
2026-10-05T00:13:38.872028Z,KXDOGE15M-26OCT042015-15,0.0100,0.97,no
2026-10-05T00:13:38.881946Z,KXDOGE15M-26OCT042015-15,0.0100,0.03,no
2026-10-05T00:13:38.910258Z,KXDOGE15M-26OCT042015-15,0.0100,1.00,no
2026-10-05T00:13:39.412578Z,KXDOGE15M-26OCT042015-15,0.0150,18.00,yes
2026-10-05T00:13:39.412578Z,KXDOGE15M-26OCT042015-15,0.0140,4.00,yes
2026-10-05T00:13:39.412578Z,KXDOGE15M-26OCT042015-15,0.0120,0.03,yes
2026-10-05T00:13:39.412578Z,KXDOGE15M-26OCT042015-15,0.0110,0.03,yes
2026-10-05T00:13:39.412578Z,KXDOGE15M-26OCT042015-15,0.0120,1.00,yes
2026-10-05T00:13:39.412578Z,KXDOGE15M-26OCT042015-15,0.0130,9.00,yes
2026-10-05T00:13:39.412578Z,KXDOGE15M-26OCT042015-15,0.0150,0.03,yes
2026-10-05T00:13:39.412578Z,KXDOGE15M-26OCT042015-15,0.0170,0.03,yes
2026-10-05T00:13:39.412578Z,KXDOGE15M-26OCT042015-15,0.0140,0.03,yes
2026-10-05T00:13:39.412578Z,KXDOGE15M-26OCT042015-15,0.0110,1.00,yes
2026-10-05T00:13:39.412578Z,KXDOGE15M-26OCT042015-15,0.0130,0.03,yes
2026-10-05T00:13:39.412578Z,KXDOGE15M-26OCT042015-15,0.0180,7.21,yes
2026-10-05T00:13:39.412578Z,KXDOGE15M-26OCT042015-15,0.0140,20.00,yes
2026-10-05T00:13:39.412578Z,KXDOGE15M-26OCT042015-15,0.0170,2.00,yes
2026-10-05T00:13:39.416273Z,KXDOGE15M-26OCT042015-15,0.0180,31.68,yes
2026-10-05T00:13:39.496166Z,KXDOGE15M-26OCT042015-15,0.0090,0.03,no
2026-10-05T00:13:39.496166Z,KXDOGE15M-26OCT042015-15,0.0090,3.00,no
2026-10-05T00:13:39.496166Z,KXDOGE15M-26OCT042015-15,0.0090,18.00,no
2026-10-05T00:13:39.496166Z,KXDOGE15M-26OCT042015-15,0.0090,3.00,no
2026-10-05T00:13:39.496166Z,KXDOGE15M-26OCT042015-15,0.0090,1.00,no
2026-10-05T00:13:39.496166Z,KXDOGE15M-26OCT042015-15,0.0080,0.03,no
2026-10-05T00:13:39.496166Z,KXDOGE15M-26OCT042015-15,0.0080,25.85,no
2026-10-05T00:13:40.504526Z,KXDOGE15M-26OCT042015-15,0.0090,1.00,no
2026-10-05T00:13:40.504526Z,KXDOGE15M-26OCT042015-15,0.0090,3.00,no
2026-10-05T00:13:40.511915Z,KXDOGE15M-26OCT042015-15,0.0090,4.00,no
2026-10-05T00:13:41.073771Z,KXDOGE15M-26OCT042015-15,0.0090,3.99,no
2026-10-05T00:13:41.073771Z,KXDOGE15M-26OCT042015-15,0.0100,0.01,no
2026-10-05T00:13:41.08348Z,KXDOGE15M-26OCT042015-15,0.0090,0.03,no
2026-10-05T00:13:41.200426Z,KXDOGE15M-26OCT042015-15,0.0190,8.00,yes
2026-10-05T00:13:41.200426Z,KXDOGE15M-26OCT042015-15,0.0190,9.00,yes
2026-10-05T00:13:41.200426Z,KXDOGE15M-26OCT042015-15,0.0190,6.21,yes
2026-10-05T00:13:41.200426Z,KXDOGE15M-26OCT042015-15,0.0190,107.89,yes
2026-10-05T00:13:41.200426Z,KXDOGE15M-26OCT042015-15,0.0190,1.00,yes
2026-10-05T00:13:41.200426Z,KXDOGE15M-26OCT042015-15,0.0150,43.00,yes
2026-10-05T00:13:41.200426Z,KXDOGE15M-26OCT042015-15,0.0180,0.03,yes
2026-10-05T00:13:41.200426Z,KXDOGE15M-26OCT042015-15,0.0140,83.00,yes
2026-10-05T00:13:41.200426Z,KXDOGE15M-26OCT042015-15,0.0160,83.00,yes
2026-10-05T00:13:41.200426Z,KXDOGE15M-26OCT042015-15,0.0170,10.00,yes
2026-10-05T00:13:41.281092Z,KXDOGE15M-26OCT042015-15,0.0100,0.03,no
2026-10-05T00:13:41.281092Z,KXDOGE15M-26OCT042015-15,0.0090,15.97,no
2026-10-05T00:13:41.85603Z,KXDOGE15M-26OCT042015-15,0.0130,5.00,no
2026-10-05T00:13:42.127625Z,KXDOGE15M-26OCT042015-15,0.0140,65.48,yes
2026-10-05T00:13:42.245644Z,KXDOGE15M-26OCT042015-15,0.0130,70.00,no
2026-10-05T00:13:42.478214Z,KXDOGE15M-26OCT042015-15,0.0140,45.48,yes
2026-10-05T00:13:42.478214Z,KXDOGE15M-26OCT042015-15,0.0140,20.00,yes
2026-10-05T00:13:42.966204Z,KXDOGE15M-26OCT042015-15,0.0130,5.70,no
2026-10-05T00:13:43.270149Z,KXDOGE15M-26OCT042015-15,0.0050,1.00,no
2026-10-05T00:13:43.270149Z,KXDOGE15M-26OCT042015-15,0.0040,1.00,no
2026-10-05T00:13:43.270149Z,KXDOGE15M-26OCT042015-15,0.0040,5.00,no
2026-10-05T00:13:43.270149Z,KXDOGE15M-26OCT042015-15,0.0060,3.99,no
2026-10-05T00:13:43.270149Z,KXDOGE15M-26OCT042015-15,0.0050,5.00,no
2026-10-05T00:13:43.270149Z,KXDOGE15M-26OCT042015-15,0.0050,1.00,no
2026-10-05T00:13:43.270149Z,KXDOGE15M-26OCT042015-15,0.0080,0.03,no
2026-10-05T00:13:43.270149Z,KXDOGE15M-26OCT042015-15,0.0130,0.03,no
2026-10-05T00:13:43.270149Z,KXDOGE15M-26OCT042015-15,0.0130,1.00,no
2026-10-05T00:13:43.270149Z,KXDOGE15M-26OCT042015-15,0.0130,8.00,no
2026-10-05T00:13:43.270149Z,KXDOGE15M-26OCT042015-15,0.0130,9.00,no
2026-10-05T00:13:43.270149Z,KXDOGE15M-26OCT042015-15,0.0070,31.00,no
2026-10-05T00:13:43.270149Z,KXDOGE15M-26OCT042015-15,0.0130,27.19,no
2026-10-05T00:13:43.270149Z,KXDOGE15M-26OCT042015-15,0.0130,6.21,no
2026-10-05T00:13:43.270149Z,KXDOGE15M-26OCT042015-15,0.0070,0.03,no
2026-10-05T00:13:43.270149Z,KXDOGE15M-26OCT042015-15,0.0060,100.00,no
2026-10-05T00:13:43.270149Z,KXDOGE15M-26OCT042015-15,0.0080,14.15,no
2026-10-05T00:13:43.270149Z,KXDOGE15M-26OCT042015-15,0.0050,225.00,no
2026-10-05T00:13:43.270149Z,KXDOGE15M-26OCT042015-15,0.0050,10.00,no
2026-10-05T00:13:43.270149Z,KXDOGE15M-26OCT042015-15,0.0060,0.03,no
2026-10-05T00:13:43.270149Z,KXDOGE15M-26OCT042015-15,0.0050,0.03,no
2026-10-05T00:13:43.270149Z,KXDOGE15M-26OCT042015-15,0.0040,260.02,no
2026-10-05T00:13:43.270149Z,KXDOGE15M-26OCT042015-15,0.0050,6.00,no
2026-10-05T00:13:43.270149Z,KXDOGE15M-26OCT042015-15,0.0040,1.00,no
2026-10-05T00:13:43.270149Z,KXDOGE15M-26OCT042015-15,0.0040,1.00,no
2026-10-05T00:13:43.270149Z,KXDOGE15M-26OCT042015-15,0.0040,1.00,no
2026-10-05T00:13:43.270149Z,KXDOGE15M-26OCT042015-15,0.0040,1.00,no
2026-10-05T00:13:43.270149Z,KXDOGE15M-26OCT042015-15,0.0050,11.00,no
2026-10-05T00:13:43.270149Z,KXDOGE15M-26OCT042015-15,0.0040,13.00,no
2026-10-05T00:13:43.270149Z,KXDOGE15M-26OCT042015-15,0.0040,1.00,no
2026-10-05T00:13:44.983322Z,KXDOGE15M-26OCT042015-15,0.0130,6.00,yes
2026-10-05T00:13:45.01466Z,KXDOGE15M-26OCT042015-15,0.0100,1.00,no
2026-10-05T00:13:45.222673Z,KXDOGE15M-26OCT042015-15,0.0180,45.00,yes
2026-10-05T00:13:45.222673Z,KXDOGE15M-26OCT042015-15,0.0140,23.00,yes
2026-10-05T00:13:45.222673Z,KXDOGE15M-26OCT042015-15,0.0170,1.00,yes
2026-10-05T00:13:45.222673Z,KXDOGE15M-26OCT042015-15,0.0160,1.00,yes
2026-10-05T00:13:45.222673Z,KXDOGE15M-26OCT042015-15,0.0170,10.00,yes
2026-10-05T00:13:45.222673Z,KXDOGE15M-26OCT042015-15,0.0190,13.00,yes
2026-10-05T00:13:45.222673Z,KXDOGE15M-26OCT042015-15,0.0180,7.00,yes
2026-10-05T00:13:45.28004Z,KXDOGE15M-26OCT042015-15,0.0190,5.70,yes
2026-10-05T00:13:45.28004Z,KXDOGE15M-26OCT042015-15,0.0190,27.19,yes
2026-10-05T00:13:45.28004Z,KXDOGE15M-26OCT042015-15,0.0190,9.00,yes
2026-10-05T00:13:45.28004Z,KXDOGE15M-26OCT042015-15,0.0190,8.00,yes
2026-10-05T00:13:45.28004Z,KXDOGE15M-26OCT042015-15,0.0190,6.21,yes
2026-10-05T00:13:45.28004Z,KXDOGE15M-26OCT042015-15,0.0190,1.00,yes
2026-10-05T00:13:45.28004Z,KXDOGE15M-26OCT042015-15,0.0170,83.00,yes
2026-10-05T00:13:45.28004Z,KXDOGE15M-26OCT042015-15,0.0160,83.00,yes
2026-10-05T00:13:45.28004Z,KXDOGE15M-26OCT042015-15,0.0180,5.00,yes
2026-10-05T00:13:45.28004Z,KXDOGE15M-26OCT042015-15,0.0160,20.00,yes
2026-10-05T00:13:45.28004Z,KXDOGE15M-26OCT042015-15,0.0160,44.00,yes
2026-10-05T00:13:45.28004Z,KXDOGE15M-26OCT042015-15,0.0190,70.00,yes
2026-10-05T00:13:45.28004Z,KXDOGE15M-26OCT042015-15,0.0190,5.00,yes
2026-10-05T00:13:45.28004Z,KXDOGE15M-26OCT042015-15,0.0190,1.00,yes
2026-10-05T00:13:45.28004Z,KXDOGE15M-26OCT042015-15,0.0190,0.76,yes
2026-10-05T00:13:45.28004Z,KXDOGE15M-26OCT042015-15,0.0190,0.34,yes
2026-10-05T00:13:45.28004Z,KXDOGE15M-26OCT042015-15,0.0190,7.79,yes
2026-10-05T00:13:45.28004Z,KXDOGE15M-26OCT042015-15,0.0190,5.00,yes
2026-10-05T00:13:45.28004Z,KXDOGE15M-26OCT042015-15,0.0190,0.01,yes
2026-10-05T00:13:45.422854Z,KXDOGE15M-26OCT042015-15,0.0170,10.14,yes
2026-10-05T00:13:45.44852Z,KXDOGE15M-26OCT042015-15,0.0170,10.00,yes
2026-10-05T00:13:45.630119Z,KXDOGE15M-26OCT042015-15,0.0170,21.00,yes
2026-10-05T00:13:45.630146Z,KXDOGE15M-26OCT042015-15,0.0180,0.03,yes
2026-10-05T00:13:45.645047Z,KXDOGE15M-26OCT042015-15,0.0230,37.00,yes
2026-10-05T00:13:45.793533Z,KXDOGE15M-26OCT042015-15,0.0230,5.00,no
2026-10-05T00:13:45.805992Z,KXDOGE15M-26OCT042015-15,0.0230,9.00,no
2026-10-05T00:13:45.817637Z,KXDOGE15M-26OCT042015-15,0.0230,3.00,no
2026-10-05T00:13:45.827212Z,KXDOGE15M-26OCT042015-15,0.0230,1.00,no
2026-10-05T00:13:45.92977Z,KXDOGE15M-26OCT042015-15,0.0240,4.00,yes
2026-10-05T00:13:45.92977Z,KXDOGE15M-26OCT042015-15,0.0240,1.00,yes
2026-10-05T00:13:45.997311Z,KXDOGE15M-26OCT042015-15,0.0240,2.00,yes
2026-10-05T00:13:45.997311Z,KXDOGE15M-26OCT042015-15,0.0240,3.00,yes
2026-10-05T00:13:46.027688Z,KXDOGE15M-26OCT042015-15,0.0240,10.00,yes
2026-10-05T00:13:46.055805Z,KXDOGE15M-26OCT042015-15,0.0240,2.30,yes
2026-10-05T00:13:46.105361Z,KXDOGE15M-26OCT042015-15,0.0230,10.00,no
2026-10-05T00:13:46.110595Z,KXDOGE15M-26OCT042015-15,0.0230,2.00,no
2026-10-05T00:13:46.110595Z,KXDOGE15M-26OCT042015-15,0.0230,5.00,no
2026-10-05T00:13:46.110595Z,KXDOGE15M-26OCT042015-15,0.0230,1.00,no
2026-10-05T00:13:46.110595Z,KXDOGE15M-26OCT042015-15,0.0230,5.00,no
2026-10-05T00:13:46.113652Z,KXDOGE15M-26OCT042015-15,0.0230,3.00,no
2026-10-05T00:13:46.117309Z,KXDOGE15M-26OCT042015-15,0.0240,10.18,yes
2026-10-05T00:13:46.130654Z,KXDOGE15M-26OCT042015-15,0.0240,5.00,yes
2026-10-05T00:13:46.132156Z,KXDOGE15M-26OCT042015-15,0.0240,0.03,yes
2026-10-05T00:13:46.132156Z,KXDOGE15M-26OCT042015-15,0.0240,52.52,yes
2026-10-05T00:13:46.132156Z,KXDOGE15M-26OCT042015-15,0.0250,83.00,yes
2026-10-05T00:13:46.132156Z,KXDOGE15M-26OCT042015-15,0.0250,0.03,yes
2026-10-05T00:13:46.132156Z,KXDOGE15M-26OCT042015-15,0.0250,25.00,yes
2026-10-05T00:13:46.132156Z,KXDOGE15M-26OCT042015-15,0.0270,3.39,yes
2026-10-05T00:13:46.29633Z,KXDOGE15M-26OCT042015-15,0.0260,48.31,yes
2026-10-05T00:13:46.311575Z,KXDOGE15M-26OCT042015-15,0.0260,7.00,yes
2026-10-05T00:13:46.314044Z,KXDOGE15M-26OCT042015-15,0.0260,27.69,yes
2026-10-05T00:13:46.314044Z,KXDOGE15M-26OCT042015-15,0.0260,14.12,yes
2026-10-05T00:13:46.318639Z,KXDOGE15M-26OCT042015-15,0.0260,0.03,yes
2026-10-05T00:13:46.318639Z,KXDOGE15M-26OCT042015-15,0.0260,6.00,yes
2026-10-05T00:13:46.318639Z,KXDOGE15M-26OCT042015-15,0.0260,19.88,yes
2026-10-05T00:13:46.319035Z,KXDOGE15M-26OCT042015-15,0.0230,10.00,no
2026-10-05T00:13:46.319035Z,KXDOGE15M-26OCT042015-15,0.0250,5.00,no
2026-10-05T00:13:46.319035Z,KXDOGE15M-26OCT042015-15,0.0230,10.00,no
2026-10-05T00:13:46.319035Z,KXDOGE15M-26OCT042015-15,0.0240,0.03,no
2026-10-05T00:13:46.319035Z,KXDOGE15M-26OCT042015-15,0.0240,1.00,no
2026-10-05T00:13:46.319035Z,KXDOGE15M-26OCT042015-15,0.0230,3.00,no
2026-10-05T00:13:46.319035Z,KXDOGE15M-26OCT042015-15,0.0230,1.00,no
2026-10-05T00:13:46.319035Z,KXDOGE15M-26OCT042015-15,0.0230,0.03,no
2026-10-05T00:13:46.319035Z,KXDOGE15M-26OCT042015-15,0.0220,6.94,no
2026-10-05T00:13:46.319035Z,KXDOGE15M-26OCT042015-15,0.0230,1.00,no
2026-10-05T00:13:46.319466Z,KXDOGE15M-26OCT042015-15,0.0270,83.00,yes
2026-10-05T00:13:46.319466Z,KXDOGE15M-26OCT042015-15,0.0270,0.03,yes
2026-10-05T00:13:46.319466Z,KXDOGE15M-26OCT042015-15,0.0270,11.61,yes
2026-10-05T00:13:46.331031Z,KXDOGE15M-26OCT042015-15,0.0270,10.15,yes
2026-10-05T00:13:46.331031Z,KXDOGE15M-26OCT042015-15,0.0260,10.00,yes
2026-10-05T00:13:46.333947Z,KXDOGE15M-26OCT042015-15,0.0270,62.85,yes
2026-10-05T00:13:46.340102Z,KXDOGE15M-26OCT042015-15,0.0270,10.00,yes
2026-10-05T00:13:46.340131Z,KXDOGE15M-26OCT042015-15,0.0280,81.91,yes
2026-10-05T00:13:46.340131Z,KXDOGE15M-26OCT042015-15,0.0280,0.03,yes
2026-10-05T00:13:46.340131Z,KXDOGE15M-26OCT042015-15,0.0280,5.00,yes
2026-10-05T00:13:46.340131Z,KXDOGE15M-26OCT042015-15,0.0280,1.00,yes
2026-10-05T00:13:46.433055Z,KXDOGE15M-26OCT042015-15,0.0290,45.00,no
2026-10-05T00:13:46.433561Z,KXDOGE15M-26OCT042015-15,0.0300,0.01,yes
2026-10-05T00:13:46.442536Z,KXDOGE15M-26OCT042015-15,0.0290,2.00,no
2026-10-05T00:13:46.446394Z,KXDOGE15M-26OCT042015-15,0.0290,7.00,no
2026-10-05T00:13:46.530818Z,KXDOGE15M-26OCT042015-15,0.0290,9.00,no
2026-10-05T00:13:46.613689Z,KXDOGE15M-26OCT042015-15,0.0300,5.00,yes
2026-10-05T00:13:46.613689Z,KXDOGE15M-26OCT042015-15,0.0300,0.99,yes
2026-10-05T00:13:46.613689Z,KXDOGE15M-26OCT042015-15,0.0300,4.01,yes
2026-10-05T00:13:46.668805Z,KXDOGE15M-26OCT042015-15,0.0300,9.00,yes
2026-10-05T00:13:46.675499Z,KXDOGE15M-26OCT042015-15,0.0300,8.30,yes
2026-10-05T00:13:46.713023Z,KXDOGE15M-26OCT042015-15,0.0300,23.47,yes
2026-10-05T00:13:46.866147Z,KXDOGE15M-26OCT042015-15,0.0300,0.03,yes
2026-10-05T00:13:46.866147Z,KXDOGE15M-26OCT042015-15,0.0310,0.03,yes
2026-10-05T00:13:46.866147Z,KXDOGE15M-26OCT042015-15,0.0310,4.00,yes
2026-10-05T00:13:46.866147Z,KXDOGE15M-26OCT042015-15,0.0300,155.22,yes
2026-10-05T00:13:46.868346Z,KXDOGE15M-26OCT042015-15,0.0320,0.03,yes
2026-10-05T00:13:46.868346Z,KXDOGE15M-26OCT042015-15,0.0350,0.03,yes
2026-10-05T00:13:46.868346Z,KXDOGE15M-26OCT042015-15,0.0330,0.03,yes
2026-10-05T00:13:46.868346Z,KXDOGE15M-26OCT042015-15,0.0340,0.03,yes
2026-10-05T00:13:46.868346Z,KXDOGE15M-26OCT042015-15,0.0350,1.00,yes
2026-10-05T00:13:46.868346Z,KXDOGE15M-26OCT042015-15,0.0340,1.00,yes
2026-10-05T00:13:46.868346Z,KXDOGE15M-26OCT042015-15,0.0360,0.04,yes
2026-10-05T00:13:46.868346Z,KXDOGE15M-26OCT042015-15,0.0350,72.00,yes
2026-10-05T00:13:46.868346Z,KXDOGE15M-26OCT042015-15,0.0330,5.00,yes
2026-10-05T00:13:46.868346Z,KXDOGE15M-26OCT042015-15,0.0350,0.04,yes
2026-10-05T00:13:46.868346Z,KXDOGE15M-26OCT042015-15,0.0330,9.00,yes
2026-10-05T00:13:46.868346Z,KXDOGE15M-26OCT042015-15,0.0340,0.04,yes
2026-10-05T00:13:46.868346Z,KXDOGE15M-26OCT042015-15,0.0320,5.00,yes
2026-10-05T00:13:46.868346Z,KXDOGE15M-26OCT042015-15,0.0320,5.00,yes
2026-10-05T00:13:46.868346Z,KXDOGE15M-26OCT042015-15,0.0320,1.00,yes
2026-10-05T00:13:46.868346Z,KXDOGE15M-26OCT042015-15,0.0330,0.04,yes
2026-10-05T00:13:46.898648Z,KXDOGE15M-26OCT042015-15,0.0390,28.85,yes
2026-10-05T00:13:46.898648Z,KXDOGE15M-26OCT042015-15,0.0370,0.04,yes
2026-10-05T00:13:46.898648Z,KXDOGE15M-26OCT042015-15,0.0380,0.04,yes
2026-10-05T00:13:46.898648Z,KXDOGE15M-26OCT042015-15,0.0390,1.00,yes
2026-10-05T00:13:46.898648Z,KXDOGE15M-26OCT042015-15,0.0390,0.07,yes
2026-10-05T00:13:46.940242Z,KXDOGE15M-26OCT042015-15,0.0460,1.00,yes
2026-10-05T00:13:46.940242Z,KXDOGE15M-26OCT042015-15,0.0400,1.00,yes
2026-10-05T00:13:46.940242Z,KXDOGE15M-26OCT042015-15,0.0410,0.05,yes
2026-10-05T00:13:46.940242Z,KXDOGE15M-26OCT042015-15,0.0420,0.06,yes
2026-10-05T00:13:46.940242Z,KXDOGE15M-26OCT042015-15,0.0400,0.08,yes
2026-10-05T00:13:46.940242Z,KXDOGE15M-26OCT042015-15,0.0400,281.22,yes
2026-10-05T00:13:47.223445Z,KXDOGE15M-26OCT042015-15,0.0510,1.00,yes
2026-10-05T00:13:47.223445Z,KXDOGE15M-26OCT042015-15,0.0510,8.00,yes
2026-10-05T00:13:47.235503Z,KXDOGE15M-26OCT042015-15,0.0510,6.00,yes
2026-10-05T00:13:48.241859Z,KXDOGE15M-26OCT042015-15,0.0510,9.19,yes
2026-10-05T00:13:48.268636Z,KXDOGE15M-26OCT042015-15,0.0420,25.68,no
2026-10-05T00:13:50.063933Z,KXDOGE15M-26OCT042015-15,0.0430,21.79,yes
2026-10-05T00:13:50.275184Z,KXDOGE15M-26OCT042015-15,0.0440,3.00,yes
2026-10-05T00:13:50.275184Z,KXDOGE15M-26OCT042015-15,0.0430,29.00,yes
2026-10-05T00:13:50.275184Z,KXDOGE15M-26OCT042015-15,0.0440,0.04,yes
2026-10-05T00:13:50.275184Z,KXDOGE15M-26OCT042015-15,0.0430,19.21,yes
2026-10-05T00:13:50.275184Z,KXDOGE15M-26OCT042015-15,0.0450,32.65,yes
2026-10-05T00:13:50.275184Z,KXDOGE15M-26OCT042015-15,0.0450,0.04,yes
2026-10-05T00:13:50.91015Z,KXDOGE15M-26OCT042015-15,0.0410,20.83,yes
2026-10-05T00:13:50.995228Z,KXDOGE15M-26OCT042015-15,0.0410,0.66,yes
2026-10-05T00:13:50.995228Z,KXDOGE15M-26OCT042015-15,0.0410,20.17,yes
2026-10-05T00:13:51.955593Z,KXDOGE15M-26OCT042015-15,0.0320,0.03,no
2026-10-05T00:13:51.955593Z,KXDOGE15M-26OCT042015-15,0.0310,3.97,no
2026-10-05T00:13:51.955593Z,KXDOGE15M-26OCT042015-15,0.0320,1.00,no
2026-10-05T00:13:51.963172Z,KXDOGE15M-26OCT042015-15,0.0310,5.00,no
2026-10-05T00:13:51.970741Z,KXDOGE15M-26OCT042015-15,0.0320,1.00,no
2026-10-05T00:13:51.970741Z,KXDOGE15M-26OCT042015-15,0.0310,10.00,no
2026-10-05T00:13:51.980874Z,KXDOGE15M-26OCT042015-15,0.0310,0.03,no
2026-10-05T00:13:51.980874Z,KXDOGE15M-26OCT042015-15,0.0310,11.97,no
2026-10-05T00:13:51.987145Z,KXDOGE15M-26OCT042015-15,0.0320,1.00,no
2026-10-05T00:13:51.987145Z,KXDOGE15M-26OCT042015-15,0.0310,2.00,no
2026-10-05T00:13:53.07058Z,KXDOGE15M-26OCT042015-15,0.0280,0.58,no
2026-10-05T00:13:53.07058Z,KXDOGE15M-26OCT042015-15,0.0250,2.47,no
2026-10-05T00:13:53.07058Z,KXDOGE15M-26OCT042015-15,0.0300,0.01,no
2026-10-05T00:13:53.364623Z,KXDOGE15M-26OCT042015-15,0.0100,25.00,no
2026-10-05T00:13:53.364623Z,KXDOGE15M-26OCT042015-15,0.0200,78.00,no
2026-10-05T00:13:53.364623Z,KXDOGE15M-26OCT042015-15,0.0200,5.00,no
2026-10-05T00:13:53.364623Z,KXDOGE15M-26OCT042015-15,0.0130,0.76,no
2026-10-05T00:13:53.364623Z,KXDOGE15M-26OCT042015-15,0.0060,59.00,no
2026-10-05T00:13:53.364623Z,KXDOGE15M-26OCT042015-15,0.0210,3.53,no
2026-10-05T00:13:53.364623Z,KXDOGE15M-26OCT042015-15,0.0130,5.70,no
2026-10-05T00:13:53.364623Z,KXDOGE15M-26OCT042015-15,0.0130,1.00,no
2026-10-05T00:13:53.364623Z,KXDOGE15M-26OCT042015-15,0.0130,0.34,no
2026-10-05T00:13:53.364623Z,KXDOGE15M-26OCT042015-15,0.0130,27.19,no
2026-10-05T00:13:53.364623Z,KXDOGE15M-26OCT042015-15,0.0130,5.00,no
2026-10-05T00:13:53.364623Z,KXDOGE15M-26OCT042015-15,0.0130,7.79,no
2026-10-05T00:13:53.364623Z,KXDOGE15M-26OCT042015-15,0.0080,133.00,no
2026-10-05T00:13:53.364623Z,KXDOGE15M-26OCT042015-15,0.0130,5.00,no
2026-10-05T00:13:53.364623Z,KXDOGE15M-26OCT042015-15,0.0130,9.00,no
2026-10-05T00:13:53.364623Z,KXDOGE15M-26OCT042015-15,0.0130,0.01,no
2026-10-05T00:13:53.364623Z,KXDOGE15M-26OCT042015-15,0.0090,103.00,no
2026-10-05T00:13:53.364623Z,KXDOGE15M-26OCT042015-15,0.0130,13.00,no
2026-10-05T00:13:53.364623Z,KXDOGE15M-26OCT042015-15,0.0130,70.00,no
2026-10-05T00:13:53.364623Z,KXDOGE15M-26OCT042015-15,0.0130,1.00,no
2026-10-05T00:13:53.364623Z,KXDOGE15M-26OCT042015-15,0.0130,1.00,no
2026-10-05T00:13:53.364623Z,KXDOGE15M-26OCT042015-15,0.0070,199.00,no
2026-10-05T00:13:53.364623Z,KXDOGE15M-26OCT042015-15,0.0130,6.21,no
2026-10-05T00:13:53.364623Z,KXDOGE15M-26OCT042015-15,0.0130,8.00,no
2026-10-05T00:13:53.364623Z,KXDOGE15M-26OCT042015-15,0.0060,204.00,no
2026-10-05T00:13:53.364623Z,KXDOGE15M-26OCT042015-15,0.0120,3.00,no
2026-10-05T00:13:53.364623Z,KXDOGE15M-26OCT042015-15,0.0210,0.03,no
2026-10-05T00:13:53.364623Z,KXDOGE15M-26OCT042015-15,0.0100,62.00,no
2026-10-05T00:13:53.364623Z,KXDOGE15M-26OCT042015-15,0.0110,9.00,no
2026-10-05T00:13:53.364623Z,KXDOGE15M-26OCT042015-15,0.0200,0.03,no
2026-10-05T00:13:53.364623Z,KXDOGE15M-26OCT042015-15,0.0060,442.54,no
2026-10-05T00:13:53.364623Z,KXDOGE15M-26OCT042015-15,0.0210,25.00,no
2026-10-05T00:13:54.09199Z,KXDOGE15M-26OCT042015-15,0.0180,1.00,yes
2026-10-05T00:13:54.09199Z,KXDOGE15M-26OCT042015-15,0.0180,36.50,yes
2026-10-05T00:13:54.114092Z,KXDOGE15M-26OCT042015-15,0.0170,5.00,no
2026-10-05T00:13:54.114092Z,KXDOGE15M-26OCT042015-15,0.0160,19.02,no
2026-10-05T00:13:55.094376Z,KXDOGE15M-26OCT042015-15,0.0180,0.74,no
2026-10-05T00:13:55.094376Z,KXDOGE15M-26OCT042015-15,0.0180,0.03,no
2026-10-05T00:13:55.219212Z,KXDOGE15M-26OCT042015-15,0.0180,1.00,no
2026-10-05T00:13:55.219212Z,KXDOGE15M-26OCT042015-15,0.0180,1.03,no
2026-10-05T00:13:55.797339Z,KXDOGE15M-26OCT042015-15,0.0190,7.79,yes
2026-10-05T00:13:55.797339Z,KXDOGE15M-26OCT042015-15,0.0190,5.00,yes
2026-10-05T00:13:55.797339Z,KXDOGE15M-26OCT042015-15,0.0190,13.00,yes
2026-10-05T00:13:55.797339Z,KXDOGE15M-26OCT042015-15,0.0190,22.47,yes
2026-10-05T00:13:55.874335Z,KXDOGE15M-26OCT042015-15,0.0140,5.00,no
2026-10-05T00:13:55.874335Z,KXDOGE15M-26OCT042015-15,0.0180,1.00,no
2026-10-05T00:13:55.874335Z,KXDOGE15M-26OCT042015-15,0.0150,1.00,no
2026-10-05T00:13:55.874335Z,KXDOGE15M-26OCT042015-15,0.0180,5.00,no
2026-10-05T00:13:55.882643Z,KXDOGE15M-26OCT042015-15,0.0150,5.00,no
2026-10-05T00:13:55.882643Z,KXDOGE15M-26OCT042015-15,0.0130,29.00,no
2026-10-05T00:13:55.889617Z,KXDOGE15M-26OCT042015-15,0.0140,4.00,no
2026-10-05T00:13:55.889617Z,KXDOGE15M-26OCT042015-15,0.0140,22.00,no
2026-10-05T00:13:55.889617Z,KXDOGE15M-26OCT042015-15,0.0180,1.00,no
2026-10-05T00:13:55.898756Z,KXDOGE15M-26OCT042015-15,0.0150,1.00,no
2026-10-05T00:13:55.898756Z,KXDOGE15M-26OCT042015-15,0.0130,3.00,no
2026-10-05T00:13:58.153676Z,KXDOGE15M-26OCT042015-15,0.0190,54.73,yes
2026-10-05T00:13:58.153676Z,KXDOGE15M-26OCT042015-15,0.0190,1.00,yes
2026-10-05T00:13:58.153676Z,KXDOGE15M-26OCT042015-15,0.0190,0.01,yes
2026-10-05T00:13:58.153676Z,KXDOGE15M-26OCT042015-15,0.0190,0.76,yes
2026-10-05T00:13:58.153676Z,KXDOGE15M-26OCT042015-15,0.0190,5.00,yes
2026-10-05T00:13:58.153676Z,KXDOGE15M-26OCT042015-15,0.0190,0.34,yes
2026-10-05T00:13:58.153769Z,KXDOGE15M-26OCT042015-15,0.0190,5.70,yes
2026-10-05T00:13:58.153769Z,KXDOGE15M-26OCT042015-15,0.0190,9.00,yes
2026-10-05T00:13:58.153769Z,KXDOGE15M-26OCT042015-15,0.0190,6.21,yes
2026-10-05T00:13:58.153769Z,KXDOGE15M-26OCT042015-15,0.0190,1.00,yes
2026-10-05T00:13:58.153769Z,KXDOGE15M-26OCT042015-15,0.0190,15.27,yes
2026-10-05T00:13:58.153769Z,KXDOGE15M-26OCT042015-15,0.0190,8.00,yes
2026-10-05T00:13:58.153769Z,KXDOGE15M-26OCT042015-15,0.0190,27.19,yes
2026-10-05T00:13:58.153769Z,KXDOGE15M-26OCT042015-15,0.0200,142.00,yes
2026-10-05T00:13:58.153769Z,KXDOGE15M-26OCT042015-15,0.0200,0.03,yes
2026-10-05T00:13:58.153769Z,KXDOGE15M-26OCT042015-15,0.0190,1.00,yes
2026-10-05T00:13:58.164424Z,KXDOGE15M-26OCT042015-15,0.0320,34.00,yes
2026-10-05T00:13:58.180309Z,KXDOGE15M-26OCT042015-15,0.0320,34.00,yes
2026-10-05T00:13:58.188778Z,KXDOGE15M-26OCT042015-15,0.0330,30.56,yes
2026-10-05T00:13:58.188778Z,KXDOGE15M-26OCT042015-15,0.0320,34.00,yes
2026-10-05T00:13:58.188778Z,KXDOGE15M-26OCT042015-15,0.0320,5.00,yes
2026-10-05T00:13:58.196931Z,KXDOGE15M-26OCT042015-15,0.0320,6.00,yes
2026-10-05T00:13:58.196931Z,KXDOGE15M-26OCT042015-15,0.0330,257.35,yes
2026-10-05T00:13:58.197069Z,KXDOGE15M-26OCT042015-15,0.0360,20.03,yes
2026-10-05T00:13:58.197069Z,KXDOGE15M-26OCT042015-15,0.0330,154.63,yes
2026-10-05T00:13:58.204174Z,KXDOGE15M-26OCT042015-15,0.0360,4.97,yes
2026-10-05T00:13:58.204174Z,KXDOGE15M-26OCT042015-15,0.0370,1.00,yes
2026-10-05T00:13:58.204174Z,KXDOGE15M-26OCT042015-15,0.0310,10.00,yes
2026-10-05T00:13:58.204174Z,KXDOGE15M-26OCT042015-15,0.0320,34.00,yes
2026-10-05T00:13:58.215699Z,KXDOGE15M-26OCT042015-15,0.0490,10.00,yes
2026-10-05T00:13:58.215699Z,KXDOGE15M-26OCT042015-15,0.0470,0.05,yes
2026-10-05T00:13:58.215699Z,KXDOGE15M-26OCT042015-15,0.0460,0.05,yes
2026-10-05T00:13:58.215699Z,KXDOGE15M-26OCT042015-15,0.0490,0.06,yes
2026-10-05T00:13:58.215699Z,KXDOGE15M-26OCT042015-15,0.0420,0.03,yes
2026-10-05T00:13:58.215699Z,KXDOGE15M-26OCT042015-15,0.0430,0.04,yes
2026-10-05T00:13:58.215699Z,KXDOGE15M-26OCT042015-15,0.0480,0.05,yes
2026-10-05T00:13:58.215699Z,KXDOGE15M-26OCT042015-15,0.0500,0.06,yes
2026-10-05T00:13:58.215699Z,KXDOGE15M-26OCT042015-15,0.0450,0.04,yes
2026-10-05T00:13:58.215699Z,KXDOGE15M-26OCT042015-15,0.0440,0.04,yes
2026-10-05T00:13:58.215699Z,KXDOGE15M-26OCT042015-15,0.0470,8.00,yes
2026-10-05T00:13:58.215699Z,KXDOGE15M-26OCT042015-15,0.0410,30.00,yes
2026-10-05T00:13:58.215699Z,KXDOGE15M-26OCT042015-15,0.0370,7.00,yes
2026-10-05T00:13:58.215699Z,KXDOGE15M-26OCT042015-15,0.0490,7.00,yes
2026-10-05T00:13:58.215699Z,KXDOGE15M-26OCT042015-15,0.0430,9.00,yes
2026-10-05T00:13:58.215699Z,KXDOGE15M-26OCT042015-15,0.0360,4.00,yes
2026-10-05T00:13:58.215699Z,KXDOGE15M-26OCT042015-15,0.0480,8.00,yes
2026-10-05T00:13:58.215699Z,KXDOGE15M-26OCT042015-15,0.0420,10.00,yes
2026-10-05T00:13:58.215699Z,KXDOGE15M-26OCT042015-15,0.0470,28.00,yes
2026-10-05T00:13:58.215699Z,KXDOGE15M-26OCT042015-15,0.0450,8.00,yes
2026-10-05T00:13:58.215699Z,KXDOGE15M-26OCT042015-15,0.0460,8.00,yes
2026-10-05T00:13:58.215699Z,KXDOGE15M-26OCT042015-15,0.0500,42.91,yes
2026-10-05T00:13:58.216841Z,KXDOGE15M-26OCT042015-15,0.0500,49.16,yes
2026-10-05T00:13:58.332089Z,KXDOGE15M-26OCT042015-15,0.0450,10.00,yes
2026-10-05T00:13:58.475463Z,KXDOGE15M-26OCT042015-15,0.0530,1.00,yes
2026-10-05T00:13:58.475463Z,KXDOGE15M-26OCT042015-15,0.0530,0.05,yes
2026-10-05T00:13:58.475463Z,KXDOGE15M-26OCT042015-15,0.0510,0.07,yes
2026-10-05T00:13:58.475463Z,KXDOGE15M-26OCT042015-15,0.0520,0.08,yes
2026-10-05T00:13:58.475463Z,KXDOGE15M-26OCT042015-15,0.0450,167.00,yes
2026-10-05T00:13:58.475463Z,KXDOGE15M-26OCT042015-15,0.0500,7.93,yes
2026-10-05T00:13:58.511461Z,KXDOGE15M-26OCT042015-15,0.0750,7.00,yes
2026-10-05T00:13:58.511461Z,KXDOGE15M-26OCT042015-15,0.0740,18.00,yes
2026-10-05T00:13:58.64045Z,KXDOGE15M-26OCT042015-15,0.0740,0.03,yes
2026-10-05T00:13:58.64045Z,KXDOGE15M-26OCT042015-15,0.0960,4.94,yes
2026-10-05T00:13:58.64045Z,KXDOGE15M-26OCT042015-15,0.0750,0.03,yes
2026-10-05T00:13:58.850913Z,KXDOGE15M-26OCT042015-15,0.0960,0.03,yes
2026-10-05T00:13:58.94331Z,KXDOGE15M-26OCT042015-15,0.0990,0.03,yes
2026-10-05T00:13:58.94331Z,KXDOGE15M-26OCT042015-15,0.1000,4.94,yes
2026-10-05T00:13:59.047509Z,KXDOGE15M-26OCT042015-15,0.1000,14.00,yes
2026-10-05T00:13:59.155979Z,KXDOGE15M-26OCT042015-15,0.0690,0.80,no
2026-10-05T00:13:59.21229Z,KXDOGE15M-26OCT042015-15,0.0690,78.13,no
2026-10-05T00:14:00.07561Z,KXDOGE15M-26OCT042015-15,0.0940,0.01,yes
2026-10-05T00:14:00.07561Z,KXDOGE15M-26OCT042015-15,0.0940,17.00,yes
2026-10-05T00:14:00.20288Z,KXDOGE15M-26OCT042015-15,0.0890,16.00,no
2026-10-05T00:14:00.20288Z,KXDOGE15M-26OCT042015-15,0.0930,5.00,no
2026-10-05T00:14:00.20288Z,KXDOGE15M-26OCT042015-15,0.0880,20.00,no
2026-10-05T00:14:00.20288Z,KXDOGE15M-26OCT042015-15,0.0850,50.00,no
2026-10-05T00:14:00.20288Z,KXDOGE15M-26OCT042015-15,0.0920,9.00,no
2026-10-05T00:14:00.204317Z,KXDOGE15M-26OCT042015-15,0.0850,1.00,no
2026-10-05T00:14:00.521981Z,KXDOGE15M-26OCT042015-15,0.0960,20.00,no
2026-10-05T00:14:00.521981Z,KXDOGE15M-26OCT042015-15,0.0960,5.00,no
2026-10-05T00:14:00.531146Z,KXDOGE15M-26OCT042015-15,0.0690,5.00,no
2026-10-05T00:14:00.531146Z,KXDOGE15M-26OCT042015-15,0.0680,0.03,no
2026-10-05T00:14:00.88374Z,KXDOGE15M-26OCT042015-15,0.0400,5.00,no
2026-10-05T00:14:00.88374Z,KXDOGE15M-26OCT042015-15,0.0530,20.00,no
2026-10-05T00:14:00.88374Z,KXDOGE15M-26OCT042015-15,0.0380,0.62,no
2026-10-05T00:14:02.653013Z,KXDOGE15M-26OCT042015-15,0.0160,6.41,yes
2026-10-05T00:14:03.454363Z,KXDOGE15M-26OCT042015-15,0.0140,0.80,yes
2026-10-05T00:14:03.748023Z,KXDOGE15M-26OCT042015-15,0.0140,41.00,yes
2026-10-05T00:14:03.748023Z,KXDOGE15M-26OCT042015-15,0.0140,1.20,yes
2026-10-05T00:14:03.748023Z,KXDOGE15M-26OCT042015-15,0.0160,21.34,yes
2026-10-05T00:14:04.046843Z,KXDOGE15M-26OCT042015-15,0.0140,5.00,no
2026-10-05T00:14:04.179262Z,KXDOGE15M-26OCT042015-15,0.0150,0.03,yes
2026-10-05T00:14:04.179262Z,KXDOGE15M-26OCT042015-15,0.0160,4.51,yes
2026-10-05T00:14:04.179262Z,KXDOGE15M-26OCT042015-15,0.0150,2.00,yes
2026-10-05T00:14:04.196704Z,KXDOGE15M-26OCT042015-15,0.0160,11.89,yes
2026-10-05T00:14:04.635578Z,KXDOGE15M-26OCT042015-15,0.0140,0.19,no
2026-10-05T00:14:04.635578Z,KXDOGE15M-26OCT042015-15,0.0140,15.00,no
2026-10-05T00:14:06.122709Z,KXDOGE15M-26OCT042015-15,0.0130,4.51,no
2026-10-05T00:14:06.122709Z,KXDOGE15M-26OCT042015-15,0.0130,13.00,no
2026-10-05T00:14:06.122709Z,KXDOGE15M-26OCT042015-15,0.0130,7.79,no
2026-10-05T00:14:06.671331Z,KXDOGE15M-26OCT042015-15,0.0130,1.00,no
2026-10-05T00:14:06.671331Z,KXDOGE15M-26OCT042015-15,0.0130,3.40,no
2026-10-05T00:14:06.671331Z,KXDOGE15M-26OCT042015-15,0.0130,0.34,no
2026-10-05T00:14:06.671331Z,KXDOGE15M-26OCT042015-15,0.0130,0.01,no
2026-10-05T00:14:06.671331Z,KXDOGE15M-26OCT042015-15,0.0130,0.76,no
2026-10-05T00:14:06.671331Z,KXDOGE15M-26OCT042015-15,0.0130,0.49,no
2026-10-05T00:14:06.906787Z,KXDOGE15M-26OCT042015-15,0.0130,1.60,no
2026-10-05T00:14:06.906787Z,KXDOGE15M-26OCT042015-15,0.0130,49.01,no
2026-10-05T00:14:07.176534Z,KXDOGE15M-26OCT042015-15,0.0130,2.00,no
2026-10-05T00:14:07.474115Z,KXDOGE15M-26OCT042015-15,0.0140,10.00,yes
2026-10-05T00:14:07.818238Z,KXDOGE15M-26OCT042015-15,0.0140,31.00,yes
2026-10-05T00:14:07.818238Z,KXDOGE15M-26OCT042015-15,0.0160,0.03,yes
2026-10-05T00:14:07.818238Z,KXDOGE15M-26OCT042015-15,0.0190,7.79,yes
2026-10-05T00:14:07.818238Z,KXDOGE15M-26OCT042015-15,0.0190,0.01,yes
2026-10-05T00:14:07.818238Z,KXDOGE15M-26OCT042015-15,0.0190,1.00,yes
2026-10-05T00:14:07.818238Z,KXDOGE15M-26OCT042015-15,0.0190,0.76,yes
2026-10-05T00:14:07.818238Z,KXDOGE15M-26OCT042015-15,0.0190,0.49,yes
2026-10-05T00:14:07.818238Z,KXDOGE15M-26OCT042015-15,0.0190,4.51,yes
2026-10-05T00:14:07.818238Z,KXDOGE15M-26OCT042015-15,0.0190,3.88,yes
2026-10-05T00:14:07.818238Z,KXDOGE15M-26OCT042015-15,0.0160,41.00,yes
2026-10-05T00:14:07.818238Z,KXDOGE15M-26OCT042015-15,0.0190,3.40,yes
2026-10-05T00:14:07.818238Z,KXDOGE15M-26OCT042015-15,0.0190,13.00,yes
2026-10-05T00:14:07.818238Z,KXDOGE15M-26OCT042015-15,0.0190,0.34,yes
2026-10-05T00:14:07.818238Z,KXDOGE15M-26OCT042015-15,0.0190,1.60,yes
2026-10-05T00:14:07.818238Z,KXDOGE15M-26OCT042015-15,0.0150,5.00,yes
2026-10-05T00:14:09.329254Z,KXDOGE15M-26OCT042015-15,0.0130,2.02,no
2026-10-05T00:14:09.397702Z,KXDOGE15M-26OCT042015-15,0.0130,6.27,no
2026-10-05T00:14:09.397702Z,KXDOGE15M-26OCT042015-15,0.0130,1.70,no
2026-10-05T00:14:10.020714Z,KXDOGE15M-26OCT042015-15,0.0130,1.60,no
2026-10-05T00:14:10.020714Z,KXDOGE15M-26OCT042015-15,0.0130,0.76,no
2026-10-05T00:14:10.020714Z,KXDOGE15M-26OCT042015-15,0.0130,1.00,no
2026-10-05T00:14:10.020714Z,KXDOGE15M-26OCT042015-15,0.0130,3.40,no
2026-10-05T00:14:10.020714Z,KXDOGE15M-26OCT042015-15,0.0130,0.01,no
2026-10-05T00:14:10.020714Z,KXDOGE15M-26OCT042015-15,0.0130,0.34,no
2026-10-05T00:14:10.020714Z,KXDOGE15M-26OCT042015-15,0.0130,1.00,no
2026-10-05T00:14:10.020714Z,KXDOGE15M-26OCT042015-15,0.0130,13.00,no
2026-10-05T00:14:10.020714Z,KXDOGE15M-26OCT042015-15,0.0130,0.49,no
2026-10-05T00:14:10.020714Z,KXDOGE15M-26OCT042015-15,0.0130,4.51,no
2026-10-05T00:14:10.020714Z,KXDOGE15M-26OCT042015-15,0.0130,7.79,no
2026-10-05T00:14:10.020714Z,KXDOGE15M-26OCT042015-15,0.0130,5.70,no
2026-10-05T00:14:10.020714Z,KXDOGE15M-26OCT042015-15,0.0130,27.19,no
2026-10-05T00:14:10.020714Z,KXDOGE15M-26OCT042015-15,0.0130,9.00,no
2026-10-05T00:14:10.020714Z,KXDOGE15M-26OCT042015-15,0.0130,6.21,no
2026-10-05T00:14:10.020714Z,KXDOGE15M-26OCT042015-15,0.0130,9.00,no
2026-10-05T00:14:10.020714Z,KXDOGE15M-26OCT042015-15,0.0130,1.00,no
2026-10-05T00:14:10.020714Z,KXDOGE15M-26OCT042015-15,0.0130,8.00,no
2026-10-05T00:14:10.188691Z,KXDOGE15M-26OCT042015-15,0.0100,87.09,no
2026-10-05T00:14:10.188691Z,KXDOGE15M-26OCT042015-15,0.0130,0.03,no
2026-10-05T00:14:10.188691Z,KXDOGE15M-26OCT042015-15,0.0130,2.88,no
2026-10-05T00:14:11.91446Z,KXDOGE15M-26OCT042015-15,0.0110,2.00,yes
2026-10-05T00:14:11.91446Z,KXDOGE15M-26OCT042015-15,0.0110,2.00,yes
2026-10-05T00:14:11.91446Z,KXDOGE15M-26OCT042015-15,0.0130,0.03,yes
2026-10-05T00:14:11.91446Z,KXDOGE15M-26OCT042015-15,0.0130,4.00,yes
2026-10-05T00:14:11.91446Z,KXDOGE15M-26OCT042015-15,0.0110,41.00,yes
2026-10-05T00:14:11.91446Z,KXDOGE15M-26OCT042015-15,0.0110,0.03,yes
2026-10-05T00:14:11.91446Z,KXDOGE15M-26OCT042015-15,0.0120,0.03,yes
2026-10-05T00:14:11.91446Z,KXDOGE15M-26OCT042015-15,0.0110,3.00,yes
2026-10-05T00:14:11.91446Z,KXDOGE15M-26OCT042015-15,0.0120,3.00,yes
2026-10-05T00:14:11.91446Z,KXDOGE15M-26OCT042015-15,0.0140,2.00,yes
2026-10-05T00:14:12.222961Z,KXDOGE15M-26OCT042015-15,0.0100,5.00,no
2026-10-05T00:14:13.066302Z,KXDOGE15M-26OCT042015-15,0.0110,1.07,yes
2026-10-05T00:14:13.066302Z,KXDOGE15M-26OCT042015-15,0.0110,3.00,yes
2026-10-05T00:14:13.377539Z,KXDOGE15M-26OCT042015-15,0.0100,5.00,no
2026-10-05T00:14:13.524162Z,KXDOGE15M-26OCT042015-15,0.0030,5.00,no
2026-10-05T00:14:13.524162Z,KXDOGE15M-26OCT042015-15,0.0030,1.00,no
2026-10-05T00:14:13.524162Z,KXDOGE15M-26OCT042015-15,0.0100,2.91,no
2026-10-05T00:14:13.524162Z,KXDOGE15M-26OCT042015-15,0.0040,27.00,no
2026-10-05T00:14:13.524162Z,KXDOGE15M-26OCT042015-15,0.0030,14.09,no
2026-10-05T00:14:14.795313Z,KXDOGE15M-26OCT042015-15,0.0020,128.72,no
2026-10-05T00:14:14.795313Z,KXDOGE15M-26OCT042015-15,0.0030,40.00,no
2026-10-05T00:14:14.795313Z,KXDOGE15M-26OCT042015-15,0.0030,3.91,no
2026-10-05T00:14:14.795313Z,KXDOGE15M-26OCT042015-15,0.0030,2.00,no
2026-10-05T00:14:14.795313Z,KXDOGE15M-26OCT042015-15,0.0030,2.00,no
2026-10-05T00:14:14.795313Z,KXDOGE15M-26OCT042015-15,0.0030,2.00,no
2026-10-05T00:14:14.795313Z,KXDOGE15M-26OCT042015-15,0.0030,2.00,no
2026-10-05T00:14:14.795313Z,KXDOGE15M-26OCT042015-15,0.0030,2.00,no
2026-10-05T00:14:16.013136Z,KXDOGE15M-26OCT042015-15,0.0050,2.00,yes
2026-10-05T00:14:16.013136Z,KXDOGE15M-26OCT042015-15,0.0050,2.09,yes
2026-10-05T00:14:16.013136Z,KXDOGE15M-26OCT042015-15,0.0040,3.00,yes
2026-10-05T00:14:16.013136Z,KXDOGE15M-26OCT042015-15,0.0040,3.00,yes
2026-10-05T00:14:16.409518Z,KXDOGE15M-26OCT042015-15,0.0040,3.00,yes
2026-10-05T00:14:16.409518Z,KXDOGE15M-26OCT042015-15,0.0050,3.00,yes
2026-10-05T00:14:16.409518Z,KXDOGE15M-26OCT042015-15,0.0060,2.00,yes
2026-10-05T00:14:16.409518Z,KXDOGE15M-26OCT042015-15,0.0050,10.91,yes
2026-10-05T00:14:16.409518Z,KXDOGE15M-26OCT042015-15,0.0070,1.00,yes
2026-10-05T00:14:16.409518Z,KXDOGE15M-26OCT042015-15,0.0070,82.96,yes
2026-10-05T00:14:17.53774Z,KXDOGE15M-26OCT042015-15,0.0170,2.06,yes
2026-10-05T00:14:17.53774Z,KXDOGE15M-26OCT042015-15,0.0100,0.03,yes
2026-10-05T00:14:17.53774Z,KXDOGE15M-26OCT042015-15,0.0060,14.00,yes
2026-10-05T00:14:17.53774Z,KXDOGE15M-26OCT042015-15,0.0090,0.03,yes
2026-10-05T00:14:17.53774Z,KXDOGE15M-26OCT042015-15,0.0100,5.00,yes
2026-10-05T00:14:17.53774Z,KXDOGE15M-26OCT042015-15,0.0080,0.03,yes
2026-10-05T00:14:17.53774Z,KXDOGE15M-26OCT042015-15,0.0080,8.00,yes
2026-10-05T00:14:17.53774Z,KXDOGE15M-26OCT042015-15,0.0180,45.00,yes
2026-10-05T00:14:17.53774Z,KXDOGE15M-26OCT042015-15,0.0090,3.00,yes
2026-10-05T00:14:17.53774Z,KXDOGE15M-26OCT042015-15,0.0060,0.03,yes
2026-10-05T00:14:17.53774Z,KXDOGE15M-26OCT042015-15,0.0080,3.00,yes
2026-10-05T00:14:17.53774Z,KXDOGE15M-26OCT042015-15,0.0140,4.00,yes
2026-10-05T00:14:17.53774Z,KXDOGE15M-26OCT042015-15,0.0140,0.03,yes
2026-10-05T00:14:17.53774Z,KXDOGE15M-26OCT042015-15,0.0100,3.00,yes
2026-10-05T00:14:17.53774Z,KXDOGE15M-26OCT042015-15,0.0170,2.00,yes
2026-10-05T00:14:17.53774Z,KXDOGE15M-26OCT042015-15,0.0140,6.00,yes
2026-10-05T00:14:17.53774Z,KXDOGE15M-26OCT042015-15,0.0090,33.00,yes
2026-10-05T00:14:17.53774Z,KXDOGE15M-26OCT042015-15,0.0100,8.00,yes
2026-10-05T00:14:17.53774Z,KXDOGE15M-26OCT042015-15,0.0160,16.00,yes
2026-10-05T00:14:17.53774Z,KXDOGE15M-26OCT042015-15,0.0100,3.16,yes
2026-10-05T00:14:17.53774Z,KXDOGE15M-26OCT042015-15,0.0150,20.00,yes
2026-10-05T00:14:17.53774Z,KXDOGE15M-26OCT042015-15,0.0070,45.76,yes
2026-10-05T00:14:17.53774Z,KXDOGE15M-26OCT042015-15,0.0190,35.79,yes
2026-10-05T00:14:19.576035Z,KXDOGE15M-26OCT042015-15,0.0020,1.00,no
2026-10-05T00:14:19.576035Z,KXDOGE15M-26OCT042015-15,0.0020,5.00,no
2026-10-05T00:14:19.576035Z,KXDOGE15M-26OCT042015-15,0.0020,354.00,no
2026-10-05T00:14:19.576035Z,KXDOGE15M-26OCT042015-15,0.0020,100.00,no
2026-10-05T00:14:19.576035Z,KXDOGE15M-26OCT042015-15,0.0020,10.00,no
2026-10-05T00:14:19.576035Z,KXDOGE15M-26OCT042015-15,0.0020,5.00,no
2026-10-05T00:14:19.576035Z,KXDOGE15M-26OCT042015-15,0.0020,83.00,no
2026-10-05T00:14:19.576035Z,KXDOGE15M-26OCT042015-15,0.0020,15.00,no
2026-10-05T00:14:19.576035Z,KXDOGE15M-26OCT042015-15,0.0020,26.00,no
2026-10-05T00:14:19.576035Z,KXDOGE15M-26OCT042015-15,0.0020,3.00,no
2026-10-05T00:14:19.576035Z,KXDOGE15M-26OCT042015-15,0.0020,3.00,no
2026-10-05T00:14:19.576035Z,KXDOGE15M-26OCT042015-15,0.0020,3.00,no
2026-10-05T00:14:19.576035Z,KXDOGE15M-26OCT042015-15,0.0020,3.00,no
2026-10-05T00:14:19.576035Z,KXDOGE15M-26OCT042015-15,0.0020,3.00,no
2026-10-05T00:14:19.576035Z,KXDOGE15M-26OCT042015-15,0.0020,5.00,no
2026-10-05T00:14:19.967475Z,KXDOGE15M-26OCT042015-15,0.0020,2.00,no
2026-10-05T00:14:20.894156Z,KXDOGE15M-26OCT042015-15,0.0020,2.00,no
2026-10-05T00:14:21.609036Z,KXDOGE15M-26OCT042015-15,0.0100,10.00,yes
2026-10-05T00:14:21.609036Z,KXDOGE15M-26OCT042015-15,0.0190,2.00,yes
2026-10-05T00:14:21.609036Z,KXDOGE15M-26OCT042015-15,0.0190,1.70,yes
2026-10-05T00:14:21.609036Z,KXDOGE15M-26OCT042015-15,0.0190,2.02,yes
2026-10-05T00:14:21.609036Z,KXDOGE15M-26OCT042015-15,0.0190,0.03,yes
2026-10-05T00:14:21.609036Z,KXDOGE15M-26OCT042015-15,0.0190,6.27,yes
2026-10-05T00:14:21.609036Z,KXDOGE15M-26OCT042015-15,0.0190,9.00,yes
2026-10-05T00:14:21.609036Z,KXDOGE15M-26OCT042015-15,0.0190,5.70,yes
2026-10-05T00:14:21.609036Z,KXDOGE15M-26OCT042015-15,0.0190,25.49,yes
2026-10-05T00:14:21.609036Z,KXDOGE15M-26OCT042015-15,0.0190,9.34,yes
2026-10-05T00:14:21.609036Z,KXDOGE15M-26OCT042015-15,0.0060,23.00,yes
2026-10-05T00:14:21.609036Z,KXDOGE15M-26OCT042015-15,0.0040,7.00,yes
2026-10-05T00:14:21.609036Z,KXDOGE15M-26OCT042015-15,0.0050,0.03,yes
2026-10-05T00:14:21.609036Z,KXDOGE15M-26OCT042015-15,0.0060,0.03,yes
2026-10-05T00:14:21.609036Z,KXDOGE15M-26OCT042015-15,0.0050,6.00,yes
2026-10-05T00:14:21.609036Z,KXDOGE15M-26OCT042015-15,0.0050,9.00,yes
2026-10-05T00:14:21.609036Z,KXDOGE15M-26OCT042015-15,0.0040,0.03,yes
2026-10-05T00:14:21.609036Z,KXDOGE15M-26OCT042015-15,0.0040,12.00,yes
2026-10-05T00:14:21.609036Z,KXDOGE15M-26OCT042015-15,0.0030,1.00,yes
2026-10-05T00:14:21.609036Z,KXDOGE15M-26OCT042015-15,0.0030,0.03,yes
2026-10-05T00:14:21.609036Z,KXDOGE15M-26OCT042015-15,0.0080,0.03,yes
2026-10-05T00:14:21.609036Z,KXDOGE15M-26OCT042015-15,0.0060,70.00,yes
2026-10-05T00:14:21.609036Z,KXDOGE15M-26OCT042015-15,0.0070,4.00,yes
2026-10-05T00:14:21.609036Z,KXDOGE15M-26OCT042015-15,0.0030,23.00,yes
2026-10-05T00:14:21.609036Z,KXDOGE15M-26OCT042015-15,0.0080,3.00,yes
2026-10-05T00:14:21.609036Z,KXDOGE15M-26OCT042015-15,0.0070,358.00,yes
2026-10-05T00:14:21.609036Z,KXDOGE15M-26OCT042015-15,0.0030,40.00,yes
2026-10-05T00:14:21.609036Z,KXDOGE15M-26OCT042015-15,0.0070,0.03,yes
2026-10-05T00:14:21.609036Z,KXDOGE15M-26OCT042015-15,0.0100,5.00,yes
2026-10-05T00:14:21.609036Z,KXDOGE15M-26OCT042015-15,0.0040,3.00,yes
2026-10-05T00:14:21.609036Z,KXDOGE15M-26OCT042015-15,0.0030,2.00,yes
2026-10-05T00:14:21.609036Z,KXDOGE15M-26OCT042015-15,0.0170,9.00,yes
2026-10-05T00:14:21.609036Z,KXDOGE15M-26OCT042015-15,0.0070,3.00,yes
2026-10-05T00:14:21.609036Z,KXDOGE15M-26OCT042015-15,0.0150,20.00,yes
2026-10-05T00:14:21.609036Z,KXDOGE15M-26OCT042015-15,0.0050,7.00,yes
2026-10-05T00:14:21.609036Z,KXDOGE15M-26OCT042015-15,0.0030,40.00,yes
2026-10-05T00:14:21.609036Z,KXDOGE15M-26OCT042015-15,0.0070,5.00,yes
2026-10-05T00:14:21.609036Z,KXDOGE15M-26OCT042015-15,0.0070,5.00,yes
2026-10-05T00:14:21.609036Z,KXDOGE15M-26OCT042015-15,0.0120,5.00,yes
2026-10-05T00:14:21.609036Z,KXDOGE15M-26OCT042015-15,0.0040,1.07,yes
2026-10-05T00:14:21.609036Z,KXDOGE15M-26OCT042015-15,0.0080,20.00,yes
2026-10-05T00:14:21.609036Z,KXDOGE15M-26OCT042015-15,0.0080,50.00,yes
2026-10-05T00:14:21.609036Z,KXDOGE15M-26OCT042015-15,0.0080,100.00,yes
2026-10-05T00:14:21.609036Z,KXDOGE15M-26OCT042015-15,0.0080,25.00,yes
2026-10-05T00:14:21.609036Z,KXDOGE15M-26OCT042015-15,0.0040,1.00,yes
2026-10-05T00:14:23.085181Z,KXDOGE15M-26OCT042015-15,0.0020,15.00,no
2026-10-05T00:14:23.085181Z,KXDOGE15M-26OCT042015-15,0.0020,2.05,no
2026-10-05T00:14:24.378663Z,KXDOGE15M-26OCT042015-15,0.0040,41.00,yes
2026-10-05T00:14:24.378663Z,KXDOGE15M-26OCT042015-15,0.0030,41.00,yes
2026-10-05T00:14:24.378663Z,KXDOGE15M-26OCT042015-15,0.0030,2.14,yes
2026-10-05T00:14:24.378663Z,KXDOGE15M-26OCT042015-15,0.0030,2.00,yes
2026-10-05T00:14:24.378663Z,KXDOGE15M-26OCT042015-15,0.0030,6.00,yes
2026-10-05T00:14:24.378663Z,KXDOGE15M-26OCT042015-15,0.0030,48.00,yes
2026-10-05T00:14:24.378663Z,KXDOGE15M-26OCT042015-15,0.0070,63.49,yes
2026-10-05T00:14:25.731156Z,KXDOGE15M-26OCT042015-15,0.0030,4.28,yes
2026-10-05T00:14:25.731156Z,KXDOGE15M-26OCT042015-15,0.0070,0.03,yes
2026-10-05T00:14:25.731156Z,KXDOGE15M-26OCT042015-15,0.0030,0.03,yes
2026-10-05T00:14:25.731156Z,KXDOGE15M-26OCT042015-15,0.0030,49.00,yes
2026-10-05T00:14:25.731156Z,KXDOGE15M-26OCT042015-15,0.0040,0.03,yes
2026-10-05T00:14:25.731156Z,KXDOGE15M-26OCT042015-15,0.0040,41.00,yes
2026-10-05T00:14:25.731156Z,KXDOGE15M-26OCT042015-15,0.0080,40.00,yes
2026-10-05T00:14:25.731156Z,KXDOGE15M-26OCT042015-15,0.0080,49.59,yes
2026-10-05T00:14:25.731156Z,KXDOGE15M-26OCT042015-15,0.0070,67.00,yes
2026-10-05T00:14:25.737056Z,KXDOGE15M-26OCT042015-15,0.0020,57.53,no
2026-10-05T00:14:25.737056Z,KXDOGE15M-26OCT042015-15,0.0020,7.95,no
2026-10-05T00:14:25.827641Z,KXDOGE15M-26OCT042015-15,0.0020,400.00,no
2026-10-05T00:14:26.007417Z,KXDOGE15M-26OCT042015-15,0.0030,3.53,yes
2026-10-05T00:14:27.773803Z,KXDOGE15M-26OCT042015-15,0.0030,6.64,yes
2026-10-05T00:14:27.773803Z,KXDOGE15M-26OCT042015-15,0.0070,2.00,yes
2026-10-05T00:14:27.773803Z,KXDOGE15M-26OCT042015-15,0.0070,15.00,yes
2026-10-05T00:14:27.773803Z,KXDOGE15M-26OCT042015-15,0.0060,37.00,yes
2026-10-05T00:14:27.773803Z,KXDOGE15M-26OCT042015-15,0.0070,11.00,yes
2026-10-05T00:14:27.773803Z,KXDOGE15M-26OCT042015-15,0.0050,10.00,yes
2026-10-05T00:14:27.773803Z,KXDOGE15M-26OCT042015-15,0.0070,60.86,yes
2026-10-05T00:14:27.773803Z,KXDOGE15M-26OCT042015-15,0.0060,1.00,yes
2026-10-05T00:14:27.773803Z,KXDOGE15M-26OCT042015-15,0.0060,0.03,yes
2026-10-05T00:14:27.773803Z,KXDOGE15M-26OCT042015-15,0.0050,0.03,yes
2026-10-05T00:14:27.773803Z,KXDOGE15M-26OCT042015-15,0.0050,1.00,yes
2026-10-05T00:14:27.773803Z,KXDOGE15M-26OCT042015-15,0.0030,0.03,yes
2026-10-05T00:14:29.903885Z,KXDOGE15M-26OCT042015-15,0.0020,366.40,no
2026-10-05T00:14:29.903885Z,KXDOGE15M-26OCT042015-15,0.0020,10.00,no
2026-10-05T00:14:29.903885Z,KXDOGE15M-26OCT042015-15,0.0020,9.00,no
2026-10-05T00:14:29.903885Z,KXDOGE15M-26OCT042015-15,0.0020,15.00,no
2026-10-05T00:14:30.017047Z,KXDOGE15M-26OCT042015-15,0.0020,36.93,no
2026-10-05T00:14:30.017047Z,KXDOGE15M-26OCT042015-15,0.0020,14.04,no
2026-10-05T00:14:30.017047Z,KXDOGE15M-26OCT042015-15,0.0020,0.03,no
2026-10-05T00:14:30.044986Z,KXDOGE15M-26OCT042015-15,0.0020,15.00,no
2026-10-05T00:14:30.044986Z,KXDOGE15M-26OCT042015-15,0.0020,10.00,no
2026-10-05T00:14:30.044986Z,KXDOGE15M-26OCT042015-15,0.0020,20.00,no
2026-10-05T00:14:30.051682Z,KXDOGE15M-26OCT042015-15,0.0010,2.00,no
2026-10-05T00:14:31.573942Z,KXDOGE15M-26OCT042015-15,0.0020,10.00,yes
2026-10-05T00:14:31.573942Z,KXDOGE15M-26OCT042015-15,0.0040,42.44,yes
2026-10-05T00:14:31.573942Z,KXDOGE15M-26OCT042015-15,0.0040,11.00,yes
2026-10-05T00:14:31.573942Z,KXDOGE15M-26OCT042015-15,0.0040,5.00,yes
2026-10-05T00:14:31.573942Z,KXDOGE15M-26OCT042015-15,0.0020,5.73,yes
2026-10-05T00:14:31.573942Z,KXDOGE15M-26OCT042015-15,0.0020,1.00,yes
2026-10-05T00:14:31.573942Z,KXDOGE15M-26OCT042015-15,0.0020,2.00,yes
2026-10-05T00:14:31.573942Z,KXDOGE15M-26OCT042015-15,0.0020,0.03,yes
2026-10-05T00:14:32.015126Z,KXDOGE15M-26OCT042015-15,0.0010,210.00,no
2026-10-05T00:14:32.116517Z,KXDOGE15M-26OCT042015-15,0.0010,210.00,no
2026-10-05T00:14:32.169135Z,KXDOGE15M-26OCT042015-15,0.0010,78.00,no
2026-10-05T00:14:32.169135Z,KXDOGE15M-26OCT042015-15,0.0010,132.00,no
2026-10-05T00:14:32.174294Z,KXDOGE15M-26OCT042015-15,0.0010,210.00,no
2026-10-05T00:14:32.183471Z,KXDOGE15M-26OCT042015-15,0.0010,4.00,no
2026-10-05T00:14:32.183471Z,KXDOGE15M-26OCT042015-15,0.0010,1.00,no
2026-10-05T00:14:32.183471Z,KXDOGE15M-26OCT042015-15,0.0010,1.00,no
2026-10-05T00:14:32.183471Z,KXDOGE15M-26OCT042015-15,0.0010,8.00,no
2026-10-05T00:14:32.512923Z,KXDOGE15M-26OCT042015-15,0.0010,1.00,no
2026-10-05T00:14:32.512923Z,KXDOGE15M-26OCT042015-15,0.0010,39.10,no
2026-10-05T00:14:32.512923Z,KXDOGE15M-26OCT042015-15,0.0010,1.00,no
2026-10-05T00:14:32.879516Z,KXDOGE15M-26OCT042015-15,0.0020,17.84,yes
2026-10-05T00:14:32.879516Z,KXDOGE15M-26OCT042015-15,0.0020,7.46,yes
2026-10-05T00:14:33.145573Z,KXDOGE15M-26OCT042015-15,0.0020,183.52,yes
2026-10-05T00:14:33.618401Z,KXDOGE15M-26OCT042015-15,0.0020,11.15,yes
2026-10-05T00:14:33.618401Z,KXDOGE15M-26OCT042015-15,0.0020,8.64,yes
2026-10-05T00:14:33.802273Z,KXDOGE15M-26OCT042015-15,0.0010,56.20,no
2026-10-05T00:14:33.802273Z,KXDOGE15M-26OCT042015-15,0.0010,43.90,no
2026-10-05T00:14:33.921173Z,KXDOGE15M-26OCT042015-15,0.0010,56.00,no
2026-10-05T00:14:34.007381Z,KXDOGE15M-26OCT042015-15,0.0010,39.00,no
2026-10-05T00:14:34.16081Z,KXDOGE15M-26OCT042015-15,0.0010,56.00,no
2026-10-05T00:14:34.199065Z,KXDOGE15M-26OCT042015-15,0.0010,44.20,no
2026-10-05T00:14:34.199065Z,KXDOGE15M-26OCT042015-15,0.0010,10.00,no
2026-10-05T00:14:34.199065Z,KXDOGE15M-26OCT042015-15,0.0010,1.80,no
2026-10-05T00:14:34.253772Z,KXDOGE15M-26OCT042015-15,0.0010,12.00,no
2026-10-05T00:14:34.253772Z,KXDOGE15M-26OCT042015-15,0.0010,34.00,no
2026-10-05T00:14:34.320646Z,KXDOGE15M-26OCT042015-15,0.0010,22.00,no
2026-10-05T00:14:34.320646Z,KXDOGE15M-26OCT042015-15,0.0010,14.00,no
2026-10-05T00:14:34.386941Z,KXDOGE15M-26OCT042015-15,0.0010,10.00,no
2026-10-05T00:14:34.491584Z,KXDOGE15M-26OCT042015-15,0.0010,15.00,no
2026-10-05T00:14:34.491584Z,KXDOGE15M-26OCT042015-15,0.0010,37.00,no
2026-10-05T00:14:34.614852Z,KXDOGE15M-26OCT042015-15,0.0010,14.00,no
2026-10-05T00:14:35.12974Z,KXDOGE15M-26OCT042015-15,0.0030,5.00,yes
2026-10-05T00:14:35.12974Z,KXDOGE15M-26OCT042015-15,0.0020,36.08,yes
2026-10-05T00:14:35.12974Z,KXDOGE15M-26OCT042015-15,0.0020,198.85,yes
2026-10-05T00:14:35.12974Z,KXDOGE15M-26OCT042015-15,0.0020,78.00,yes
2026-10-05T00:14:35.12974Z,KXDOGE15M-26OCT042015-15,0.0030,15.00,yes
2026-10-05T00:14:35.12974Z,KXDOGE15M-26OCT042015-15,0.0020,9.92,yes
2026-10-05T00:14:35.12974Z,KXDOGE15M-26OCT042015-15,0.0030,9.00,yes
2026-10-05T00:14:35.12974Z,KXDOGE15M-26OCT042015-15,0.0030,57.00,yes
2026-10-05T00:14:35.12974Z,KXDOGE15M-26OCT042015-15,0.0030,28.00,yes
2026-10-05T00:14:35.12974Z,KXDOGE15M-26OCT042015-15,0.0040,369.35,yes
2026-10-05T00:14:35.12974Z,KXDOGE15M-26OCT042015-15,0.0040,16.00,yes
2026-10-05T00:14:35.12974Z,KXDOGE15M-26OCT042015-15,0.0030,17.00,yes
2026-10-05T00:14:35.12974Z,KXDOGE15M-26OCT042015-15,0.0020,10.00,yes
2026-10-05T00:14:35.180957Z,KXDOGE15M-26OCT042015-15,0.0010,46.00,no
2026-10-05T00:14:35.180957Z,KXDOGE15M-26OCT042015-15,0.0010,36.00,no
2026-10-05T00:14:35.180957Z,KXDOGE15M-26OCT042015-15,0.0010,10.00,no
2026-10-05T00:14:35.180957Z,KXDOGE15M-26OCT042015-15,0.0010,5.00,no
2026-10-05T00:14:35.180957Z,KXDOGE15M-26OCT042015-15,0.0010,12.00,no
2026-10-05T00:14:35.274732Z,KXDOGE15M-26OCT042015-15,0.0010,0.03,no
2026-10-05T00:14:35.274732Z,KXDOGE15M-26OCT042015-15,0.0010,98.00,no
2026-10-05T00:14:35.274732Z,KXDOGE15M-26OCT042015-15,0.0010,9.97,no
2026-10-05T00:14:35.415277Z,KXDOGE15M-26OCT042015-15,0.0010,0.03,no
2026-10-05T00:14:35.415277Z,KXDOGE15M-26OCT042015-15,0.0010,8.97,no
2026-10-05T00:14:35.415277Z,KXDOGE15M-26OCT042015-15,0.0010,1.00,no
2026-10-05T00:14:36.076865Z,KXDOGE15M-26OCT042015-15,0.0010,0.21,no
2026-10-05T00:14:36.076865Z,KXDOGE15M-26OCT042015-15,0.0010,0.24,no
2026-10-05T00:14:48.385726Z,KXDOGE15M-26OCT042015-15,0.0010,93.49,yes
2026-10-05T00:14:41.754978Z,KXNATGAS15M-26OCT042015-15,0.9900,0.93,no
2026-10-05T00:13:58.552714Z,KXWTI15M-26OCT042015-15,0.0100,101.01,no
2026-10-05T00:14:00.917967Z,KXWTI15M-26OCT042015-15,0.0100,1.00,no
2026-10-05T00:14:00.930232Z,KXWTI15M-26OCT042015-15,0.0100,15.00,no
2026-10-05T00:14:02.682572Z,KXWTI15M-26OCT042015-15,0.0100,53.82,no
2026-10-05T00:14:03.34235Z,KXWTI15M-26OCT042015-15,0.0100,88.00,no
2026-10-05T00:14:05.503392Z,KXWTI15M-26OCT042015-15,0.0100,47.00,no
2026-10-05T00:14:07.159854Z,KXWTI15M-26OCT042015-15,0.0100,88.00,no
2026-10-05T00:14:08.977958Z,KXWTI15M-26OCT042015-15,0.0100,12.61,no
2026-10-05T00:14:10.037778Z,KXWTI15M-26OCT042015-15,0.0100,6.12,no
2026-10-05T00:14:10.457046Z,KXWTI15M-26OCT042015-15,0.0180,3.00,yes
2026-10-05T00:14:10.457046Z,KXWTI15M-26OCT042015-15,0.0180,3.00,yes
2026-10-05T00:14:10.457046Z,KXWTI15M-26OCT042015-15,0.0180,3.00,yes
2026-10-05T00:14:10.457046Z,KXWTI15M-26OCT042015-15,0.0180,3.00,yes
2026-10-05T00:14:10.457046Z,KXWTI15M-26OCT042015-15,0.0180,247.91,yes
2026-10-05T00:14:12.100566Z,KXWTI15M-26OCT042015-15,0.0100,0.42,no
2026-10-05T00:14:12.391518Z,KXWTI15M-26OCT042015-15,0.0100,15.00,no
2026-10-05T00:14:12.94344Z,KXWTI15M-26OCT042015-15,0.0160,58.47,yes
2026-10-05T00:14:13.034411Z,KXWTI15M-26OCT042015-15,0.0100,15.00,no
2026-10-05T00:14:13.038289Z,KXWTI15M-26OCT042015-15,0.0100,1.00,no
2026-10-05T00:14:13.038289Z,KXWTI15M-26OCT042015-15,0.0070,4.94,no
2026-10-05T00:14:13.038289Z,KXWTI15M-26OCT042015-15,0.0100,11.53,no
2026-10-05T00:14:13.038289Z,KXWTI15M-26OCT042015-15,0.0100,3.00,no
2026-10-05T00:14:13.038289Z,KXWTI15M-26OCT042015-15,0.0100,128.53,no
2026-10-05T00:14:13.36212Z,KXWTI15M-26OCT042015-15,0.0060,2.00,no
2026-10-05T00:14:13.960214Z,KXWTI15M-26OCT042015-15,0.0160,1.00,yes
2026-10-05T00:14:14.300019Z,KXWTI15M-26OCT042015-15,0.0160,3.00,yes
2026-10-05T00:14:14.300019Z,KXWTI15M-26OCT042015-15,0.0170,1.00,yes
2026-10-05T00:14:14.300019Z,KXWTI15M-26OCT042015-15,0.0180,40.00,yes
2026-10-05T00:14:14.300019Z,KXWTI15M-26OCT042015-15,0.0210,10.00,yes
2026-10-05T00:14:14.300019Z,KXWTI15M-26OCT042015-15,0.0160,177.53,yes
2026-10-05T00:14:14.300019Z,KXWTI15M-26OCT042015-15,0.0230,25.00,yes
2026-10-05T00:14:14.300019Z,KXWTI15M-26OCT042015-15,0.0240,30.00,yes
2026-10-05T00:14:14.300019Z,KXWTI15M-26OCT042015-15,0.0240,30.00,yes
2026-10-05T00:14:14.300019Z,KXWTI15M-26OCT042015-15,0.0240,60.00,yes
2026-10-05T00:14:14.300019Z,KXWTI15M-26OCT042015-15,0.0240,60.00,yes
2026-10-05T00:14:14.300019Z,KXWTI15M-26OCT042015-15,0.0400,236.27,yes
2026-10-05T00:14:15.249782Z,KXWTI15M-26OCT042015-15,0.0100,24.89,yes
2026-10-05T00:14:17.268068Z,KXWTI15M-26OCT042015-15,0.0100,7.10,yes
2026-10-05T00:14:17.275124Z,KXWTI15M-26OCT042015-15,0.0010,250.00,no
2026-10-05T00:14:17.275124Z,KXWTI15M-26OCT042015-15,0.0010,1.00,no
2026-10-05T00:14:17.275124Z,KXWTI15M-26OCT042015-15,0.0010,500.00,no
2026-10-05T00:14:17.275124Z,KXWTI15M-26OCT042015-15,0.0020,400.00,no
2026-10-05T00:14:17.275124Z,KXWTI15M-26OCT042015-15,0.0010,75.00,no
2026-10-05T00:14:17.275124Z,KXWTI15M-26OCT042015-15,0.0070,124.00,no
2026-10-05T00:14:17.275124Z,KXWTI15M-26OCT042015-15,0.0030,25.00,no
2026-10-05T00:14:17.275124Z,KXWTI15M-26OCT042015-15,0.0020,1.00,no
2026-10-05T00:14:17.275124Z,KXWTI15M-26OCT042015-15,0.0010,1.00,no
2026-10-05T00:14:17.275124Z,KXWTI15M-26OCT042015-15,0.0020,26.00,no
2026-10-05T00:14:17.275124Z,KXWTI15M-26OCT042015-15,0.0030,18.00,no
2026-10-05T00:14:17.275124Z,KXWTI15M-26OCT042015-15,0.0040,13.00,no
2026-10-05T00:14:17.275124Z,KXWTI15M-26OCT042015-15,0.0020,3.00,no
2026-10-05T00:14:17.275124Z,KXWTI15M-26OCT042015-15,0.0050,11.00,no
2026-10-05T00:14:17.275124Z,KXWTI15M-26OCT042015-15,0.0030,2.00,no
2026-10-05T00:14:17.275124Z,KXWTI15M-26OCT042015-15,0.0040,1.00,no
2026-10-05T00:14:17.275124Z,KXWTI15M-26OCT042015-15,0.0030,2.00,no
2026-10-05T00:14:17.275124Z,KXWTI15M-26OCT042015-15,0.0020,3.00,no
2026-10-05T00:14:17.275124Z,KXWTI15M-26OCT042015-15,0.0040,1.00,no
2026-10-05T00:14:17.275124Z,KXWTI15M-26OCT042015-15,0.0020,3.00,no
2026-10-05T00:14:17.275124Z,KXWTI15M-26OCT042015-15,0.0030,2.00,no
2026-10-05T00:14:17.275124Z,KXWTI15M-26OCT042015-15,0.0040,1.00,no
2026-10-05T00:14:17.275124Z,KXWTI15M-26OCT042015-15,0.0020,3.00,no
2026-10-05T00:14:17.275124Z,KXWTI15M-26OCT042015-15,0.0030,2.00,no
2026-10-05T00:14:17.275124Z,KXWTI15M-26OCT042015-15,0.0020,3.00,no
2026-10-05T00:14:17.275124Z,KXWTI15M-26OCT042015-15,0.0040,1.00,no
2026-10-05T00:14:17.275124Z,KXWTI15M-26OCT042015-15,0.0030,2.00,no
2026-10-05T00:14:17.275124Z,KXWTI15M-26OCT042015-15,0.0040,1.00,no
2026-10-05T00:14:17.335784Z,KXWTI15M-26OCT042015-15,0.0060,18.00,no
2026-10-05T00:14:17.376942Z,KXWTI15M-26OCT042015-15,0.0060,53.00,no
2026-10-05T00:14:18.566896Z,KXWTI15M-26OCT042015-15,0.0060,3.43,no
2026-10-05T00:14:18.566896Z,KXWTI15M-26OCT042015-15,0.0070,1.00,no
2026-10-05T00:14:19.659321Z,KXWTI15M-26OCT042015-15,0.0080,116.88,yes
2026-10-05T00:14:20.263757Z,KXWTI15M-26OCT042015-15,0.0080,233.77,yes
2026-10-05T00:14:21.138451Z,KXWTI15M-26OCT042015-15,0.0080,11.22,yes
2026-10-05T00:14:21.215485Z,KXWTI15M-26OCT042015-15,0.0070,25.00,no
2026-10-05T00:14:21.215485Z,KXWTI15M-26OCT042015-15,0.0060,122.22,no
2026-10-05T00:14:21.215485Z,KXWTI15M-26OCT042015-15,0.0070,3.62,no
2026-10-05T00:14:25.938643Z,KXWTI15M-26OCT042015-15,0.0070,13.35,yes
2026-10-05T00:14:27.035572Z,KXWTI15M-26OCT042015-15,0.0070,30.00,yes
2026-10-05T00:14:27.035572Z,KXWTI15M-26OCT042015-15,0.0070,60.00,yes
2026-10-05T00:14:27.035572Z,KXWTI15M-26OCT042015-15,0.0070,10.98,yes
2026-10-05T00:14:27.289693Z,KXWTI15M-26OCT042015-15,0.0020,361.87,no
2026-10-05T00:14:27.289693Z,KXWTI15M-26OCT042015-15,0.0060,553.35,no
2026-10-05T00:14:27.289693Z,KXWTI15M-26OCT042015-15,0.0060,113.00,no
2026-10-05T00:14:27.289693Z,KXWTI15M-26OCT042015-15,0.0010,31.00,no
2026-10-05T00:14:27.289693Z,KXWTI15M-26OCT042015-15,0.0060,1.00,no
2026-10-05T00:14:27.312375Z,KXWTI15M-26OCT042015-15,0.0030,179.00,no
2026-10-05T00:14:27.312375Z,KXWTI15M-26OCT042015-15,0.0040,21.00,no
2026-10-05T00:14:27.32918Z,KXWTI15M-26OCT042015-15,0.0030,200.00,no
2026-10-05T00:14:27.342176Z,KXWTI15M-26OCT042015-15,0.0030,200.00,no
2026-10-05T00:14:28.107037Z,KXWTI15M-26OCT042015-15,0.0050,14.78,no
2026-10-05T00:14:28.670103Z,KXWTI15M-26OCT042015-15,0.0050,74.22,no
2026-10-05T00:14:28.803702Z,KXWTI15M-26OCT042015-15,0.0040,88.00,no
2026-10-05T00:14:32.142065Z,KXWTI15M-26OCT042015-15,0.0030,28.38,no
2026-10-05T00:14:32.755414Z,KXWTI15M-26OCT042015-15,0.0030,3.40,no
2026-10-05T00:14:32.771844Z,KXWTI15M-26OCT042015-15,0.0050,3.00,yes
2026-10-05T00:14:32.771844Z,KXWTI15M-26OCT042015-15,0.0080,40.00,yes
2026-10-05T00:14:32.771844Z,KXWTI15M-26OCT042015-15,0.0070,3.00,yes
2026-10-05T00:14:32.771844Z,KXWTI15M-26OCT042015-15,0.0080,3.00,yes
2026-10-05T00:14:32.771844Z,KXWTI15M-26OCT042015-15,0.0090,325.78,yes
2026-10-05T00:14:32.771844Z,KXWTI15M-26OCT042015-15,0.0100,3.00,yes
2026-10-05T00:14:32.771844Z,KXWTI15M-26OCT042015-15,0.0100,18.01,yes
2026-10-05T00:14:32.771844Z,KXWTI15M-26OCT042015-15,0.0380,21.94,yes
2026-10-05T00:14:32.771844Z,KXWTI15M-26OCT042015-15,0.0070,43.00,yes
2026-10-05T00:14:36.428713Z,KXWTI15M-26OCT042015-15,0.0030,112.00,no
2026-10-05T00:14:36.428713Z,KXWTI15M-26OCT042015-15,0.0030,139.22,no
2026-10-05T00:14:36.428713Z,KXWTI15M-26OCT042015-15,0.0020,400.00,no
2026-10-05T00:14:36.428713Z,KXWTI15M-26OCT042015-15,0.0020,29.00,no
2026-10-05T00:14:36.603699Z,KXWTI15M-26OCT042015-15,0.0350,26.76,yes
2026-10-05T00:14:39.378683Z,KXWTI15M-26OCT042015-15,0.0010,100.09,no
2026-10-05T00:14:43.857796Z,KXWTI15M-26OCT042015-15,0.0010,115.00,no
2026-10-05T00:14:43.857796Z,KXWTI15M-26OCT042015-15,0.0010,31.00,no
2026-10-05T00:14:43.857796Z,KXWTI15M-26OCT042015-15,0.0010,80.00,no
2026-10-05T00:14:44.898998Z,KXWTI15M-26OCT042015-15,0.0020,458.01,yes
2026-10-05T00:14:45.160382Z,KXWTI15M-26OCT042015-15,0.0020,3.00,yes
2026-10-05T00:14:46.228209Z,KXWTI15M-26OCT042015-15,0.0010,256.13,yes
2026-10-05T00:14:48.304625Z,KXWTI15M-26OCT042015-15,0.0030,39.00,yes
2026-10-05T00:14:48.304625Z,KXWTI15M-26OCT042015-15,0.0020,3.00,yes
2026-10-05T00:14:48.304625Z,KXWTI15M-26OCT042015-15,0.0010,1255.87,yes
2026-10-05T00:14:48.304625Z,KXWTI15M-26OCT042015-15,0.0040,3.00,yes
2026-10-05T00:14:48.304625Z,KXWTI15M-26OCT042015-15,0.0100,30.00,yes
2026-10-05T00:14:48.304625Z,KXWTI15M-26OCT042015-15,0.0210,3.00,yes
2026-10-05T00:14:48.304625Z,KXWTI15M-26OCT042015-15,0.0030,480.00,yes
2026-10-05T00:14:48.304625Z,KXWTI15M-26OCT042015-15,0.0370,3.00,yes
2026-10-05T00:14:48.304625Z,KXWTI15M-26OCT042015-15,0.0380,1.00,yes
2026-10-05T00:14:48.304625Z,KXWTI15M-26OCT042015-15,0.0030,30.00,yes
2026-10-05T00:14:48.304625Z,KXWTI15M-26OCT042015-15,0.0390,114.99,yes
2026-10-05T00:14:48.331655Z,KXWTI15M-26OCT042015-15,0.0010,200.00,no
2026-10-05T00:14:48.345847Z,KXWTI15M-26OCT042015-15,0.0010,200.00,no
2026-10-05T00:14:48.361707Z,KXWTI15M-26OCT042015-15,0.0010,200.00,no
2026-10-05T00:14:48.761753Z,KXWTI15M-26OCT042015-15,0.0020,200.00,no
2026-10-05T00:14:48.777353Z,KXWTI15M-26OCT042015-15,0.0020,200.00,no
2026-10-05T00:14:48.816251Z,KXWTI15M-26OCT042015-15,0.0010,30.00,no
2026-10-05T00:14:50.64152Z,KXWTI15M-26OCT042015-15,0.0290,48.00,yes
2026-10-05T00:14:50.675204Z,KXWTI15M-26OCT042015-15,0.0010,7.00,no
2026-10-05T00:14:51.090768Z,KXWTI15M-26OCT042015-15,0.0010,100.09,no
2026-10-05T00:14:51.101063Z,KXWTI15M-26OCT042015-15,0.0010,11.00,no
2026-10-05T00:14:51.389697Z,KXWTI15M-26OCT042015-15,0.0010,1.00,no
2026-10-05T00:14:51.389697Z,KXWTI15M-26OCT042015-15,0.0010,1.91,no
2026-10-05T00:14:51.389697Z,KXWTI15M-26OCT042015-15,0.0010,23.69,no
2026-10-05T00:14:51.901444Z,KXWTI15M-26OCT042015-15,0.0290,64.57,yes
2026-10-05T00:14:58.091762Z,KXWTI15M-26OCT042015-15,0.0080,40.00,yes
2026-10-05T00:14:58.091762Z,KXWTI15M-26OCT042015-15,0.0050,93.00,yes
2026-10-05T00:14:58.091762Z,KXWTI15M-26OCT042015-15,0.0090,13.51,yes
2026-10-05T00:14:58.091762Z,KXWTI15M-26OCT042015-15,0.0050,3.00,yes
2026-10-05T00:14:58.5733Z,KXWTI15M-26OCT042015-15,0.0010,1.00,no
2026-10-05T00:14:58.5733Z,KXWTI15M-26OCT042015-15,0.0010,31.00,no
2026-10-05T00:14:58.5733Z,KXWTI15M-26OCT042015-15,0.0010,78.00,no
2026-10-05T00:25:56.083072Z,KXGOLD15M-26OCT042030-30,0.9890,2.52,yes
2026-10-05T00:25:56.232687Z,KXGOLD15M-26OCT042030-30,0.9880,3.33,no
2026-10-05T00:25:56.666996Z,KXGOLD15M-26OCT042030-30,0.9880,77.49,no
2026-10-05T00:25:56.77464Z,KXGOLD15M-26OCT042030-30,0.9890,109.00,yes
2026-10-05T00:25:56.77464Z,KXGOLD15M-26OCT042030-30,0.9890,5.00,yes
2026-10-05T00:25:56.77464Z,KXGOLD15M-26OCT042030-30,0.9890,350.00,yes
2026-10-05T00:25:56.77464Z,KXGOLD15M-26OCT042030-30,0.9890,600.00,yes
2026-10-05T00:25:56.77464Z,KXGOLD15M-26OCT042030-30,0.9890,380.00,yes
2026-10-05T00:25:56.77464Z,KXGOLD15M-26OCT042030-30,0.9890,2270.48,yes
2026-10-05T00:25:56.77464Z,KXGOLD15M-26OCT042030-30,0.9890,1.00,yes
2026-10-05T00:25:56.77464Z,KXGOLD15M-26OCT042030-30,0.9890,20.00,yes
2026-10-05T00:25:56.77464Z,KXGOLD15M-26OCT042030-30,0.9890,2.00,yes
2026-10-05T00:25:56.77464Z,KXGOLD15M-26OCT042030-30,0.9890,100.00,yes
2026-10-05T00:25:56.77464Z,KXGOLD15M-26OCT042030-30,0.9890,10.00,yes
2026-10-05T00:25:56.77464Z,KXGOLD15M-26OCT042030-30,0.9890,2.00,yes
2026-10-05T00:25:57.162277Z,KXGOLD15M-26OCT042030-30,0.9900,750.00,yes
2026-10-05T00:25:57.162277Z,KXGOLD15M-26OCT042030-30,0.9900,2069.00,yes
2026-10-05T00:25:57.162277Z,KXGOLD15M-26OCT042030-30,0.9900,3.34,yes
2026-10-05T00:25:57.162277Z,KXGOLD15M-26OCT042030-30,0.9900,1.00,yes
2026-10-05T00:25:57.162277Z,KXGOLD15M-26OCT042030-30,0.9900,75.00,yes
2026-10-05T00:25:57.162277Z,KXGOLD15M-26OCT042030-30,0.9900,7.81,yes
2026-10-05T00:25:57.162277Z,KXGOLD15M-26OCT042030-30,0.9900,2.00,yes
2026-10-05T00:25:57.162277Z,KXGOLD15M-26OCT042030-30,0.9900,1.50,yes
2026-10-05T00:25:57.162277Z,KXGOLD15M-26OCT042030-30,0.9900,53.08,yes
2026-10-05T00:25:57.162277Z,KXGOLD15M-26OCT042030-30,0.9900,200.00,yes
2026-10-05T00:25:57.162277Z,KXGOLD15M-26OCT042030-30,0.9900,0.33,yes
2026-10-05T00:25:57.162277Z,KXGOLD15M-26OCT042030-30,0.9900,6.23,yes
2026-10-05T00:25:57.162277Z,KXGOLD15M-26OCT042030-30,0.9900,19.52,yes
2026-10-05T00:25:57.162277Z,KXGOLD15M-26OCT042030-30,0.9900,2.58,yes
2026-10-05T00:25:57.162277Z,KXGOLD15M-26OCT042030-30,0.9900,11.79,yes
2026-10-05T00:25:57.833796Z,KXGOLD15M-26OCT042030-30,0.9890,8.51,no
2026-10-05T00:25:57.915233Z,KXGOLD15M-26OCT042030-30,0.9890,166.64,no
2026-10-05T00:25:58.137686Z,KXGOLD15M-26OCT042030-30,0.9900,0.25,yes
2026-10-05T00:25:59.040266Z,KXGOLD15M-26OCT042030-30,0.9900,3.78,yes
2026-10-05T00:25:59.322264Z,KXGOLD15M-26OCT042030-30,0.9900,135.72,yes
2026-10-05T00:25:59.635375Z,KXGOLD15M-26OCT042030-30,0.9890,55.83,no
2026-10-05T00:25:59.974529Z,KXGOLD15M-26OCT042030-30,0.9900,0.12,yes
2026-10-05T00:25:59.974529Z,KXGOLD15M-26OCT042030-30,0.9900,5.68,yes
2026-10-05T00:25:59.974529Z,KXGOLD15M-26OCT042030-30,0.9900,1.50,yes
2026-10-05T00:25:59.974529Z,KXGOLD15M-26OCT042030-30,0.9900,0.31,yes
2026-10-05T00:25:59.974529Z,KXGOLD15M-26OCT042030-30,0.9900,2.48,yes
2026-10-05T00:26:00.906599Z,KXGOLD15M-26OCT042030-30,0.9900,19.31,yes
2026-10-05T00:26:01.018525Z,KXGOLD15M-26OCT042030-30,0.9890,42.51,no
2026-10-05T00:26:01.094291Z,KXGOLD15M-26OCT042030-30,0.9900,5.04,yes
2026-10-05T00:26:01.111971Z,KXGOLD15M-26OCT042030-30,0.9890,42.51,no
2026-10-05T00:26:01.285106Z,KXGOLD15M-26OCT042030-30,0.9900,0.08,yes
2026-10-05T00:26:01.285106Z,KXGOLD15M-26OCT042030-30,0.9900,400.00,yes
2026-10-05T00:26:01.285106Z,KXGOLD15M-26OCT042030-30,0.9900,23.54,yes
2026-10-05T00:26:01.285106Z,KXGOLD15M-26OCT042030-30,0.9900,1.16,yes
2026-10-05T00:26:01.285106Z,KXGOLD15M-26OCT042030-30,0.9900,4.81,yes
2026-10-05T00:26:01.285106Z,KXGOLD15M-26OCT042030-30,0.9900,9.72,yes
2026-10-05T00:26:01.285106Z,KXGOLD15M-26OCT042030-30,0.9900,12.11,yes
2026-10-05T00:26:01.285106Z,KXGOLD15M-26OCT042030-30,0.9900,1.88,yes
2026-10-05T00:26:01.285106Z,KXGOLD15M-26OCT042030-30,0.9900,1.21,yes
2026-10-05T00:26:01.285106Z,KXGOLD15M-26OCT042030-30,0.9900,0.05,yes
2026-10-05T00:26:01.285106Z,KXGOLD15M-26OCT042030-30,0.9920,8.09,yes
2026-10-05T00:26:01.285106Z,KXGOLD15M-26OCT042030-30,0.9900,75.00,yes
2026-10-05T00:26:01.285106Z,KXGOLD15M-26OCT042030-30,0.9900,1.00,yes
2026-10-05T00:26:01.285106Z,KXGOLD15M-26OCT042030-30,0.9900,3.00,yes
2026-10-05T00:26:01.285106Z,KXGOLD15M-26OCT042030-30,0.9900,1.15,yes
2026-10-05T00:26:01.285106Z,KXGOLD15M-26OCT042030-30,0.9900,0.58,yes
2026-10-05T00:26:01.399751Z,KXGOLD15M-26OCT042030-30,0.9910,2.03,no
2026-10-05T00:26:02.172018Z,KXGOLD15M-26OCT042030-30,0.9920,5.00,yes
2026-10-05T00:26:02.172018Z,KXGOLD15M-26OCT042030-30,0.9920,117.00,yes
2026-10-05T00:26:02.367609Z,KXGOLD15M-26OCT042030-30,0.9920,51.95,no
2026-10-05T00:26:02.831343Z,KXGOLD15M-26OCT042030-30,0.9920,116.88,no
2026-10-05T00:26:03.300726Z,KXGOLD15M-26OCT042030-30,0.9920,1168.83,no
2026-10-05T00:26:03.654925Z,KXGOLD15M-26OCT042030-30,0.9920,116.88,no
2026-10-05T00:26:03.893785Z,KXGOLD15M-26OCT042030-30,0.9920,1.14,no
2026-10-05T00:26:03.985163Z,KXGOLD15M-26OCT042030-30,0.9930,29.22,yes
2026-10-05T00:26:03.985759Z,KXGOLD15M-26OCT042030-30,0.9920,100.00,no
2026-10-05T00:26:04.206341Z,KXGOLD15M-26OCT042030-30,0.9920,131.38,no
2026-10-05T00:26:04.498329Z,KXGOLD15M-26OCT042030-30,0.9920,5.08,no
2026-10-05T00:26:04.540852Z,KXGOLD15M-26OCT042030-30,0.9930,100.00,yes
2026-10-05T00:26:05.067294Z,KXGOLD15M-26OCT042030-30,0.9920,3.08,no
2026-10-05T00:26:05.158026Z,KXGOLD15M-26OCT042030-30,0.9920,12.63,no
2026-10-05T00:26:05.158026Z,KXGOLD15M-26OCT042030-30,0.9920,27.95,no
2026-10-05T00:26:05.158026Z,KXGOLD15M-26OCT042030-30,0.9920,251.78,no
2026-10-05T00:26:05.3587Z,KXGOLD15M-26OCT042030-30,0.9920,3.04,no
2026-10-05T00:26:06.05763Z,KXGOLD15M-26OCT042030-30,0.9930,5.03,yes
2026-10-05T00:26:06.831511Z,KXGOLD15M-26OCT042030-30,0.9920,5.03,no
2026-10-05T00:26:06.831511Z,KXGOLD15M-26OCT042030-30,0.9920,6.47,no
2026-10-05T00:26:06.831511Z,KXGOLD15M-26OCT042030-30,0.9920,100.00,no
2026-10-05T00:26:06.831511Z,KXGOLD15M-26OCT042030-30,0.9920,29.22,no
2026-10-05T00:26:06.831511Z,KXGOLD15M-26OCT042030-30,0.9920,100.00,no
2026-10-05T00:26:06.831511Z,KXGOLD15M-26OCT042030-30,0.9920,2270.48,no
2026-10-05T00:26:06.831511Z,KXGOLD15M-26OCT042030-30,0.9920,1293.34,no
2026-10-05T00:26:06.831511Z,KXGOLD15M-26OCT042030-30,0.9920,373.54,no
2026-10-05T00:26:06.831511Z,KXGOLD15M-26OCT042030-30,0.9920,300.00,no
2026-10-05T00:26:07.004239Z,KXGOLD15M-26OCT042030-30,0.9920,50.32,yes
2026-10-05T00:26:07.156357Z,KXGOLD15M-26OCT042030-30,0.9930,365.75,yes
2026-10-05T00:26:07.156357Z,KXGOLD15M-26OCT042030-30,0.9930,5.03,yes
2026-10-05T00:26:07.156357Z,KXGOLD15M-26OCT042030-30,0.9930,30.29,yes
2026-10-05T00:26:07.156357Z,KXGOLD15M-26OCT042030-30,0.9930,300.00,yes
2026-10-05T00:26:07.622688Z,KXGOLD15M-26OCT042030-30,0.9930,32.16,yes
2026-10-05T00:26:07.643949Z,KXGOLD15M-26OCT042030-30,0.9920,100.00,no
2026-10-05T00:26:07.643949Z,KXGOLD15M-26OCT042030-30,0.9920,365.75,no
2026-10-05T00:26:07.643949Z,KXGOLD15M-26OCT042030-30,0.9920,0.40,no
2026-10-05T00:26:07.654369Z,KXGOLD15M-26OCT042030-30,0.9910,75.00,no
2026-10-05T00:26:07.654369Z,KXGOLD15M-26OCT042030-30,0.9910,1.22,no
2026-10-05T00:26:07.761111Z,KXGOLD15M-26OCT042030-30,0.9900,5.04,no
2026-10-05T00:26:07.761111Z,KXGOLD15M-26OCT042030-30,0.9900,101.00,no
2026-10-05T00:26:07.761111Z,KXGOLD15M-26OCT042030-30,0.9900,40.00,no
2026-10-05T00:26:07.761111Z,KXGOLD15M-26OCT042030-30,0.9900,14.00,no
2026-10-05T00:26:07.899869Z,KXGOLD15M-26OCT042030-30,0.9920,100.00,yes
2026-10-05T00:26:08.061651Z,KXGOLD15M-26OCT042030-30,0.9900,101.00,no
2026-10-05T00:26:08.061651Z,KXGOLD15M-26OCT042030-30,0.9900,13.00,no
2026-10-05T00:26:08.853145Z,KXGOLD15M-26OCT042030-30,0.9890,75.00,no
2026-10-05T00:26:08.853145Z,KXGOLD15M-26OCT042030-30,0.9890,750.00,no
2026-10-05T00:26:08.902704Z,KXGOLD15M-26OCT042030-30,0.9880,350.00,no
2026-10-05T00:26:08.914398Z,KXGOLD15M-26OCT042030-30,0.9890,1.00,yes
2026-10-05T00:26:08.958014Z,KXGOLD15M-26OCT042030-30,0.9870,10.06,yes
2026-10-05T00:26:09.16813Z,KXGOLD15M-26OCT042030-30,0.9800,5.00,no
2026-10-05T00:26:09.16813Z,KXGOLD15M-26OCT042030-30,0.9800,4.00,no
2026-10-05T00:26:09.16813Z,KXGOLD15M-26OCT042030-30,0.9800,3.40,no
2026-10-05T00:26:09.16813Z,KXGOLD15M-26OCT042030-30,0.9800,10.07,no
2026-10-05T00:26:09.16813Z,KXGOLD15M-26OCT042030-30,0.9800,7.31,no
2026-10-05T00:26:09.16813Z,KXGOLD15M-26OCT042030-30,0.9800,3.56,no
2026-10-05T00:26:09.16813Z,KXGOLD15M-26OCT042030-30,0.9800,1.01,no
2026-10-05T00:26:09.16813Z,KXGOLD15M-26OCT042030-30,0.9800,10.00,no
2026-10-05T00:26:09.16813Z,KXGOLD15M-26OCT042030-30,0.9800,1.00,no
2026-10-05T00:26:09.16813Z,KXGOLD15M-26OCT042030-30,0.9800,14.21,no
2026-10-05T00:26:09.16813Z,KXGOLD15M-26OCT042030-30,0.9800,0.36,no
2026-10-05T00:26:09.16813Z,KXGOLD15M-26OCT042030-30,0.9800,0.08,no
2026-10-05T00:26:09.417083Z,KXGOLD15M-26OCT042030-30,0.9820,6.25,yes
2026-10-05T00:26:09.456356Z,KXGOLD15M-26OCT042030-30,0.9770,6.00,no
2026-10-05T00:26:09.577857Z,KXGOLD15M-26OCT042030-30,0.9760,30.00,no
2026-10-05T00:26:09.646215Z,KXGOLD15M-26OCT042030-30,0.9750,10.00,no
2026-10-05T00:26:09.802102Z,KXGOLD15M-26OCT042030-30,0.9730,5.08,yes
2026-10-05T00:26:09.860088Z,KXGOLD15M-26OCT042030-30,0.9700,60.00,no
2026-10-05T00:26:09.860088Z,KXGOLD15M-26OCT042030-30,0.9720,19.25,no
2026-10-05T00:26:09.860088Z,KXGOLD15M-26OCT042030-30,0.9710,256.00,no
2026-10-05T00:26:09.860088Z,KXGOLD15M-26OCT042030-30,0.9700,11.51,no
2026-10-05T00:26:09.860088Z,KXGOLD15M-26OCT042030-30,0.9700,4.74,no
2026-10-05T00:26:09.860088Z,KXGOLD15M-26OCT042030-30,0.9700,200.00,no
2026-10-05T00:26:09.860088Z,KXGOLD15M-26OCT042030-30,0.9700,2.00,no
2026-10-05T00:26:09.881958Z,KXGOLD15M-26OCT042030-30,0.9700,120.58,no
2026-10-05T00:26:09.916225Z,KXGOLD15M-26OCT042030-30,0.9700,140.68,no
2026-10-05T00:26:09.927839Z,KXGOLD15M-26OCT042030-30,0.9730,100.00,yes
2026-10-05T00:26:09.957013Z,KXGOLD15M-26OCT042030-30,0.9790,331.00,yes
2026-10-05T00:26:09.957013Z,KXGOLD15M-26OCT042030-30,0.9770,6.00,yes
2026-10-05T00:26:09.957013Z,KXGOLD15M-26OCT042030-30,0.9780,13.00,yes
2026-10-05T00:26:09.963835Z,KXGOLD15M-26OCT042030-30,0.9790,15.10,yes
2026-10-05T00:26:10.053024Z,KXGOLD15M-26OCT042030-30,0.9720,4.00,no
2026-10-05T00:26:10.053024Z,KXGOLD15M-26OCT042030-30,0.9730,65.00,no
2026-10-05T00:26:10.096164Z,KXGOLD15M-26OCT042030-30,0.9670,182.45,no
2026-10-05T00:26:10.096164Z,KXGOLD15M-26OCT042030-30,0.9700,65.00,no
2026-10-05T00:26:10.096164Z,KXGOLD15M-26OCT042030-30,0.9680,94.00,no
2026-10-05T00:26:10.096164Z,KXGOLD15M-26OCT042030-30,0.9690,30.00,no
2026-10-05T00:26:10.096164Z,KXGOLD15M-26OCT042030-30,0.9670,60.00,no
2026-10-05T00:26:10.206389Z,KXGOLD15M-26OCT042030-30,0.9680,40.00,no
2026-10-05T00:26:11.901736Z,KXGOLD15M-26OCT042030-30,0.9680,21.79,yes
2026-10-05T00:26:11.901736Z,KXGOLD15M-26OCT042030-30,0.9680,25.00,yes
2026-10-05T00:26:11.990039Z,KXGOLD15M-26OCT042030-30,0.9690,100.00,no
2026-10-05T00:26:11.990039Z,KXGOLD15M-26OCT042030-30,0.9690,93.00,no
2026-10-05T00:26:12.044449Z,KXGOLD15M-26OCT042030-30,0.9720,267.17,no
2026-10-05T00:26:12.058439Z,KXGOLD15M-26OCT042030-30,0.9680,14.19,no
2026-10-05T00:26:12.3803Z,KXGOLD15M-26OCT042030-30,0.9690,30.00,yes
2026-10-05T00:26:13.21072Z,KXGOLD15M-26OCT042030-30,0.9690,80.58,yes
2026-10-05T00:26:13.21072Z,KXGOLD15M-26OCT042030-30,0.9690,12.00,yes
2026-10-05T00:26:13.540581Z,KXGOLD15M-26OCT042030-30,0.9680,6.00,no
2026-10-05T00:26:13.540581Z,KXGOLD15M-26OCT042030-30,0.9680,23.26,no
2026-10-05T00:26:13.574784Z,KXGOLD15M-26OCT042030-30,0.9690,5.14,yes
2026-10-05T00:26:13.962364Z,KXGOLD15M-26OCT042030-30,0.9680,7.31,no
2026-10-05T00:26:14.452005Z,KXGOLD15M-26OCT042030-30,0.9690,123.27,yes
2026-10-05T00:26:14.866971Z,KXGOLD15M-26OCT042030-30,0.9680,58.53,no
2026-10-05T00:26:14.937095Z,KXGOLD15M-26OCT042030-30,0.9710,96.89,yes
2026-10-05T00:26:15.264778Z,KXGOLD15M-26OCT042030-30,0.9700,1.02,yes
2026-10-05T00:26:15.449643Z,KXGOLD15M-26OCT042030-30,0.9700,3.90,yes
2026-10-05T00:26:15.514731Z,KXGOLD15M-26OCT042030-30,0.9700,146.33,no
2026-10-05T00:26:15.523675Z,KXGOLD15M-26OCT042030-30,0.9790,9.11,yes
2026-10-05T00:26:15.523675Z,KXGOLD15M-26OCT042030-30,0.9780,70.00,yes
2026-10-05T00:26:15.523675Z,KXGOLD15M-26OCT042030-30,0.9760,50.00,yes
2026-10-05T00:26:15.523675Z,KXGOLD15M-26OCT042030-30,0.9740,36.00,yes
2026-10-05T00:26:15.620443Z,KXGOLD15M-26OCT042030-30,0.9700,146.33,no
2026-10-05T00:26:16.175547Z,KXGOLD15M-26OCT042030-30,0.9730,1.02,yes
2026-10-05T00:26:16.481047Z,KXGOLD15M-26OCT042030-30,0.9710,1.14,yes
2026-10-05T00:26:17.308887Z,KXGOLD15M-26OCT042030-30,0.9700,10.21,no
2026-10-05T00:26:17.308887Z,KXGOLD15M-26OCT042030-30,0.9700,10.00,no
2026-10-05T00:26:17.308887Z,KXGOLD15M-26OCT042030-30,0.9700,5.00,no
2026-10-05T00:26:17.308887Z,KXGOLD15M-26OCT042030-30,0.9700,6.00,no
2026-10-05T00:26:17.585179Z,KXGOLD15M-26OCT042030-30,0.9700,18.21,no
2026-10-05T00:26:17.585179Z,KXGOLD15M-26OCT042030-30,0.9700,13.00,no
2026-10-05T00:26:17.784Z,KXGOLD15M-26OCT042030-30,0.9710,179.79,yes
2026-10-05T00:26:17.784Z,KXGOLD15M-26OCT042030-30,0.9710,2098.86,yes
2026-10-05T00:26:17.784Z,KXGOLD15M-26OCT042030-30,0.9710,100.00,yes
2026-10-05T00:26:18.090316Z,KXGOLD15M-26OCT042030-30,0.9740,259.91,yes
2026-10-05T00:26:18.159503Z,KXGOLD15M-26OCT042030-30,0.9740,0.25,no
2026-10-05T00:26:19.023298Z,KXGOLD15M-26OCT042030-30,0.9740,13.10,no
2026-10-05T00:26:19.130854Z,KXGOLD15M-26OCT042030-30,0.9770,3.06,yes
2026-10-05T00:26:19.134256Z,KXGOLD15M-26OCT042030-30,0.9760,0.01,yes
2026-10-05T00:26:19.162884Z,KXGOLD15M-26OCT042030-30,0.9740,5.90,no
2026-10-05T00:26:19.162884Z,KXGOLD15M-26OCT042030-30,0.9720,6.00,no
2026-10-05T00:26:19.162884Z,KXGOLD15M-26OCT042030-30,0.9690,8.00,no
2026-10-05T00:26:19.162884Z,KXGOLD15M-26OCT042030-30,0.9690,70.15,no
2026-10-05T00:26:19.162884Z,KXGOLD15M-26OCT042030-30,0.9740,500.00,no
2026-10-05T00:26:19.162884Z,KXGOLD15M-26OCT042030-30,0.9740,100.00,no
2026-10-05T00:26:19.62606Z,KXGOLD15M-26OCT042030-30,0.9770,39.17,yes
2026-10-05T00:26:19.758706Z,KXGOLD15M-26OCT042030-30,0.9710,21.00,no
2026-10-05T00:26:19.758706Z,KXGOLD15M-26OCT042030-30,0.9690,90.35,no
2026-10-05T00:26:19.758706Z,KXGOLD15M-26OCT042030-30,0.9690,6.00,no
2026-10-05T00:26:19.758706Z,KXGOLD15M-26OCT042030-30,0.9690,5.00,no
2026-10-05T00:26:20.274809Z,KXGOLD15M-26OCT042030-30,0.9710,19.00,no
2026-10-05T00:26:20.274809Z,KXGOLD15M-26OCT042030-30,0.9710,500.00,no
2026-10-05T00:26:20.274809Z,KXGOLD15M-26OCT042030-30,0.9710,100.00,no
2026-10-05T00:26:20.829361Z,KXGOLD15M-26OCT042030-30,0.9700,2000.00,yes
2026-10-05T00:26:21.014632Z,KXGOLD15M-26OCT042030-30,0.9770,95.77,yes
2026-10-05T00:26:21.288405Z,KXGOLD15M-26OCT042030-30,0.9770,21.53,yes
2026-10-05T00:26:21.686948Z,KXGOLD15M-26OCT042030-30,0.9710,2.02,no
2026-10-05T00:26:21.70472Z,KXGOLD15M-26OCT042030-30,0.9770,10.07,yes
2026-10-05T00:26:22.625051Z,KXGOLD15M-26OCT042030-30,0.9710,15.97,no
2026-10-05T00:26:23.527273Z,KXGOLD15M-26OCT042030-30,0.9760,118.46,no
2026-10-05T00:26:23.527273Z,KXGOLD15M-26OCT042030-30,0.9770,5.00,no
2026-10-05T00:26:24.033396Z,KXGOLD15M-26OCT042030-30,0.9800,7.00,no
2026-10-05T00:26:24.033396Z,KXGOLD15M-26OCT042030-30,0.9800,44.66,no
2026-10-05T00:26:24.135593Z,KXGOLD15M-26OCT042030-30,0.9780,2.17,no
2026-10-05T00:26:24.354634Z,KXGOLD15M-26OCT042030-30,0.9810,1.01,yes
2026-10-05T00:26:24.936867Z,KXGOLD15M-26OCT042030-30,0.9770,7.00,no
2026-10-05T00:26:24.936867Z,KXGOLD15M-26OCT042030-30,0.9750,4.00,no
2026-10-05T00:26:25.15814Z,KXGOLD15M-26OCT042030-30,0.9800,10.14,no
2026-10-05T00:26:25.15814Z,KXGOLD15M-26OCT042030-30,0.9800,1.00,no
2026-10-05T00:26:27.305188Z,KXGOLD15M-26OCT042030-30,0.9800,12.07,no
2026-10-05T00:26:27.400765Z,KXGOLD15M-26OCT042030-30,0.9800,1.24,no
2026-10-05T00:26:28.414791Z,KXGOLD15M-26OCT042030-30,0.9800,23.39,no
2026-10-05T00:26:28.641528Z,KXGOLD15M-26OCT042030-30,0.9800,5.61,no
2026-10-05T00:26:28.65984Z,KXGOLD15M-26OCT042030-30,0.9800,4.67,no
2026-10-05T00:26:31.195051Z,KXGOLD15M-26OCT042030-30,0.9810,0.99,yes
2026-10-05T00:26:32.132354Z,KXGOLD15M-26OCT042030-30,0.9850,3.56,yes
2026-10-05T00:26:32.132354Z,KXGOLD15M-26OCT042030-30,0.9850,1.07,yes
2026-10-05T00:26:32.132354Z,KXGOLD15M-26OCT042030-30,0.9850,0.08,yes
2026-10-05T00:26:32.132354Z,KXGOLD15M-26OCT042030-30,0.9850,0.36,yes
2026-10-05T00:26:32.396578Z,KXGOLD15M-26OCT042030-30,0.9840,97.61,no
2026-10-05T00:26:32.98833Z,KXGOLD15M-26OCT042030-30,0.9880,65.00,yes
2026-10-05T00:26:32.98833Z,KXGOLD15M-26OCT042030-30,0.9850,14.21,yes
2026-10-05T00:26:32.98833Z,KXGOLD15M-26OCT042030-30,0.9850,7.31,yes
2026-10-05T00:26:32.98833Z,KXGOLD15M-26OCT042030-30,0.9850,9.00,yes
2026-10-05T00:26:32.98833Z,KXGOLD15M-26OCT042030-30,0.9850,1.01,yes
2026-10-05T00:26:32.98833Z,KXGOLD15M-26OCT042030-30,0.9850,3.40,yes
2026-10-05T00:26:32.98833Z,KXGOLD15M-26OCT042030-30,0.9890,400.00,yes
2026-10-05T00:26:32.98833Z,KXGOLD15M-26OCT042030-30,0.9890,60.00,yes
2026-10-05T00:26:32.98833Z,KXGOLD15M-26OCT042030-30,0.9890,60.00,yes
2026-10-05T00:26:32.98833Z,KXGOLD15M-26OCT042030-30,0.9880,22.00,yes
2026-10-05T00:26:32.98833Z,KXGOLD15M-26OCT042030-30,0.9900,75.00,yes
2026-10-05T00:26:32.98833Z,KXGOLD15M-26OCT042030-30,0.9900,16.00,yes
2026-10-05T00:26:32.98833Z,KXGOLD15M-26OCT042030-30,0.9860,23.00,yes
2026-10-05T00:26:32.98833Z,KXGOLD15M-26OCT042030-30,0.9900,22.69,yes
2026-10-05T00:26:32.98833Z,KXGOLD15M-26OCT042030-30,0.9890,50.00,yes
2026-10-05T00:26:32.98833Z,KXGOLD15M-26OCT042030-30,0.9890,50.00,yes
2026-10-05T00:26:32.98833Z,KXGOLD15M-26OCT042030-30,0.9880,40.00,yes
2026-10-05T00:26:32.98833Z,KXGOLD15M-26OCT042030-30,0.9880,92.00,yes
2026-10-05T00:26:33.22001Z,KXGOLD15M-26OCT042030-30,0.9840,12.99,no
2026-10-05T00:26:33.444974Z,KXGOLD15M-26OCT042030-30,0.9840,95.14,no
2026-10-05T00:26:33.811338Z,KXGOLD15M-26OCT042030-30,0.9840,12.00,no
2026-10-05T00:26:33.942324Z,KXGOLD15M-26OCT042030-30,0.9840,74.84,no
2026-10-05T00:26:34.59617Z,KXGOLD15M-26OCT042030-30,0.9870,20.22,yes
2026-10-05T00:26:34.639957Z,KXGOLD15M-26OCT042030-30,0.9840,5.81,no
2026-10-05T00:26:34.662461Z,KXGOLD15M-26OCT042030-30,0.9840,50.32,no
2026-10-05T00:26:35.883219Z,KXGOLD15M-26OCT042030-30,0.9840,292.36,no
2026-10-05T00:26:36.071574Z,KXGOLD15M-26OCT042030-30,0.9840,29.23,no
2026-10-05T00:26:36.179003Z,KXGOLD15M-26OCT042030-30,0.9840,9.35,no
2026-10-05T00:26:36.44693Z,KXGOLD15M-26OCT042030-30,0.9850,500.00,no
2026-10-05T00:26:36.44693Z,KXGOLD15M-26OCT042030-30,0.9840,79.25,no
2026-10-05T00:26:36.914703Z,KXGOLD15M-26OCT042030-30,0.9840,29.23,no
2026-10-05T00:26:36.95751Z,KXGOLD15M-26OCT042030-30,0.9840,58.47,no
2026-10-05T00:26:37.060492Z,KXGOLD15M-26OCT042030-30,0.9840,233.95,no
2026-10-05T00:26:37.114713Z,KXGOLD15M-26OCT042030-30,0.9880,2.02,yes
2026-10-05T00:26:37.324522Z,KXGOLD15M-26OCT042030-30,0.9860,233.95,no
2026-10-05T00:26:39.512963Z,KXGOLD15M-26OCT042030-30,0.9890,5.00,yes
2026-10-05T00:26:39.637917Z,KXGOLD15M-26OCT042030-30,0.9860,334.08,no
2026-10-05T00:26:40.19686Z,KXGOLD15M-26OCT042030-30,0.9890,10.10,yes
2026-10-05T00:26:40.740113Z,KXGOLD15M-26OCT042030-30,0.9890,19.90,yes
2026-10-05T00:26:40.749568Z,KXGOLD15M-26OCT042030-30,0.9900,75.00,yes
2026-10-05T00:26:41.713324Z,KXGOLD15M-26OCT042030-30,0.9910,1.09,no
2026-10-05T00:26:41.733467Z,KXGOLD15M-26OCT042030-30,0.9910,3.06,no
2026-10-05T00:26:41.910487Z,KXGOLD15M-26OCT042030-30,0.9910,101.83,no
2026-10-05T00:26:42.017243Z,KXGOLD15M-26OCT042030-30,0.9910,101.83,no
2026-10-05T00:26:42.179938Z,KXGOLD15M-26OCT042030-30,0.9910,101.83,no
2026-10-05T00:26:43.00453Z,KXGOLD15M-26OCT042030-30,0.9910,10.18,no
2026-10-05T00:26:43.121314Z,KXGOLD15M-26OCT042030-30,0.9920,0.77,yes
2026-10-05T00:26:43.638314Z,KXGOLD15M-26OCT042030-30,0.9910,180.18,no
2026-10-05T00:26:44.191711Z,KXGOLD15M-26OCT042030-30,0.9910,89.81,no
2026-10-05T00:26:44.696543Z,KXGOLD15M-26OCT042030-30,0.9910,203.65,no
2026-10-05T00:26:45.456973Z,KXGOLD15M-26OCT042030-30,0.9910,100.00,no
2026-10-05T00:26:46.552114Z,KXGOLD15M-26OCT042030-30,0.9910,72.73,no
2026-10-05T00:26:46.552594Z,KXGOLD15M-26OCT042030-30,0.9920,4.23,yes
2026-10-05T00:26:46.562959Z,KXGOLD15M-26OCT042030-30,0.9930,130.00,yes
2026-10-05T00:26:46.833059Z,KXGOLD15M-26OCT042030-30,0.9920,333.33,no
2026-10-05T00:26:46.901612Z,KXGOLD15M-26OCT042030-30,0.9920,10.39,no
2026-10-05T00:26:47.960485Z,KXGOLD15M-26OCT042030-30,0.9920,3.04,no
2026-10-05T00:26:48.180665Z,KXGOLD15M-26OCT042030-30,0.9920,100.00,no
2026-10-05T00:26:48.180665Z,KXGOLD15M-26OCT042030-30,0.9920,153.24,no
2026-10-05T00:26:48.191241Z,KXGOLD15M-26OCT042030-30,0.9920,75.00,no
2026-10-05T00:26:48.198116Z,KXGOLD15M-26OCT042030-30,0.9910,8.00,no
2026-10-05T00:26:48.198116Z,KXGOLD15M-26OCT042030-30,0.9920,25.00,no
2026-10-05T00:26:48.198116Z,KXGOLD15M-26OCT042030-30,0.9920,41.00,no
2026-10-05T00:26:48.207596Z,KXGOLD15M-26OCT042030-30,0.9910,67.00,no
2026-10-05T00:26:48.293817Z,KXGOLD15M-26OCT042030-30,0.9900,75.00,no
2026-10-05T00:26:48.573848Z,KXGOLD15M-26OCT042030-30,0.9880,500.00,no
2026-10-05T00:26:48.712961Z,KXGOLD15M-26OCT042030-30,0.9900,500.00,no
2026-10-05T00:26:49.055117Z,KXGOLD15M-26OCT042030-30,0.9860,24.56,no
2026-10-05T00:26:49.055117Z,KXGOLD15M-26OCT042030-30,0.9860,40.00,no
2026-10-05T00:26:49.155783Z,KXGOLD15M-26OCT042030-30,0.9890,0.75,yes
2026-10-05T00:26:50.015382Z,KXGOLD15M-26OCT042030-30,0.9890,40.00,no
2026-10-05T00:26:50.023875Z,KXGOLD15M-26OCT042030-30,0.9850,15.00,no
2026-10-05T00:26:51.140165Z,KXGOLD15M-26OCT042030-30,0.9840,51.98,no
2026-10-05T00:26:51.148111Z,KXGOLD15M-26OCT042030-30,0.9840,92.12,no
2026-10-05T00:26:51.225788Z,KXGOLD15M-26OCT042030-30,0.9840,355.90,no
2026-10-05T00:26:51.51567Z,KXGOLD15M-26OCT042030-30,0.9850,100.00,yes
2026-10-05T00:26:51.61044Z,KXGOLD15M-26OCT042030-30,0.9810,36.98,no
2026-10-05T00:26:51.926445Z,KXGOLD15M-26OCT042030-30,0.9840,202.00,no
2026-10-05T00:26:52.003424Z,KXGOLD15M-26OCT042030-30,0.9840,4.67,no
2026-10-05T00:26:52.758904Z,KXGOLD15M-26OCT042030-30,0.9840,58.47,no
2026-10-05T00:26:52.793243Z,KXGOLD15M-26OCT042030-30,0.9870,7.85,yes
2026-10-05T00:26:53.00102Z,KXGOLD15M-26OCT042030-30,0.9850,57.78,no
2026-10-05T00:26:53.75471Z,KXGOLD15M-26OCT042030-30,0.9850,15.59,no
2026-10-05T00:26:54.053184Z,KXGOLD15M-26OCT042030-30,0.9860,62.36,no
2026-10-05T00:26:54.487704Z,KXGOLD15M-26OCT042030-30,0.9860,57.88,no
2026-10-05T00:26:55.645176Z,KXGOLD15M-26OCT042030-30,0.9860,62.36,no
2026-10-05T00:26:57.047268Z,KXGOLD15M-26OCT042030-30,0.9850,84.73,no
2026-10-05T00:26:57.047268Z,KXGOLD15M-26OCT042030-30,0.9850,40.00,no
2026-10-05T00:26:57.047969Z,KXGOLD15M-26OCT042030-30,0.9850,62.36,no
2026-10-05T00:26:57.895035Z,KXGOLD15M-26OCT042030-30,0.9840,40.00,no
2026-10-05T00:26:57.905476Z,KXGOLD15M-26OCT042030-30,0.9800,1.07,no
2026-10-05T00:26:57.905476Z,KXGOLD15M-26OCT042030-30,0.9800,3.56,no
2026-10-05T00:26:57.905476Z,KXGOLD15M-26OCT042030-30,0.9800,0.08,no
2026-10-05T00:26:57.905476Z,KXGOLD15M-26OCT042030-30,0.9800,0.36,no
2026-10-05T00:26:57.905476Z,KXGOLD15M-26OCT042030-30,0.9800,19.53,no
2026-10-05T00:26:57.905476Z,KXGOLD15M-26OCT042030-30,0.9800,14.21,no
2026-10-05T00:26:57.905476Z,KXGOLD15M-26OCT042030-30,0.9800,3.40,no
2026-10-05T00:26:57.905476Z,KXGOLD15M-26OCT042030-30,0.9800,9.00,no
2026-10-05T00:26:57.905476Z,KXGOLD15M-26OCT042030-30,0.9800,1.01,no
2026-10-05T00:26:57.905476Z,KXGOLD15M-26OCT042030-30,0.9800,7.31,no
2026-10-05T00:26:57.908208Z,KXGOLD15M-26OCT042030-30,0.9800,4.00,no
2026-10-05T00:26:58.00694Z,KXGOLD15M-26OCT042030-30,0.9800,93.00,no
2026-10-05T00:26:58.193737Z,KXGOLD15M-26OCT042030-30,0.9840,1.86,yes
2026-10-05T00:27:00.65706Z,KXGOLD15M-26OCT042030-30,0.9830,53.93,no
2026-10-05T00:27:00.802697Z,KXGOLD15M-26OCT042030-30,0.9830,53.93,no
2026-10-05T00:27:01.472748Z,KXGOLD15M-26OCT042030-30,0.9840,492.49,no
2026-10-05T00:27:01.998555Z,KXGOLD15M-26OCT042030-30,0.9840,292.36,no
2026-10-05T00:27:02.073756Z,KXGOLD15M-26OCT042030-30,0.9850,0.08,yes
2026-10-05T00:27:02.073756Z,KXGOLD15M-26OCT042030-30,0.9850,1.32,yes
2026-10-05T00:27:02.318323Z,KXGOLD15M-26OCT042030-30,0.9840,3.09,no
2026-10-05T00:27:02.940237Z,KXGOLD15M-26OCT042030-30,0.9850,18.21,yes
2026-10-05T00:27:02.940237Z,KXGOLD15M-26OCT042030-30,0.9850,0.36,yes
2026-10-05T00:27:02.940237Z,KXGOLD15M-26OCT042030-30,0.9850,14.21,yes
2026-10-05T00:27:02.940237Z,KXGOLD15M-26OCT042030-30,0.9850,3.56,yes
2026-10-05T00:27:02.940237Z,KXGOLD15M-26OCT042030-30,0.9850,1.01,yes
2026-10-05T00:27:02.940237Z,KXGOLD15M-26OCT042030-30,0.9850,9.00,yes
2026-10-05T00:27:02.940237Z,KXGOLD15M-26OCT042030-30,0.9850,1.07,yes
2026-10-05T00:27:02.940237Z,KXGOLD15M-26OCT042030-30,0.9850,3.40,yes
2026-10-05T00:27:02.940237Z,KXGOLD15M-26OCT042030-30,0.9850,7.31,yes
2026-10-05T00:27:04.049396Z,KXGOLD15M-26OCT042030-30,0.9860,0.51,no
2026-10-05T00:27:04.154794Z,KXGOLD15M-26OCT042030-30,0.9860,104.91,no
2026-10-05T00:27:04.154794Z,KXGOLD15M-26OCT042030-30,0.9860,5.49,no
2026-10-05T00:27:04.621084Z,KXGOLD15M-26OCT042030-30,0.9880,34.38,yes
2026-10-05T00:27:05.459716Z,KXGOLD15M-26OCT042030-30,0.9880,101.00,no
2026-10-05T00:27:05.459716Z,KXGOLD15M-26OCT042030-30,0.9880,107.15,no
2026-10-05T00:27:05.459716Z,KXGOLD15M-26OCT042030-30,0.9880,21.00,no
2026-10-05T00:27:05.680358Z,KXGOLD15M-26OCT042030-30,0.9870,143.90,no
2026-10-05T00:27:05.994425Z,KXGOLD15M-26OCT042030-30,0.9880,30.00,no
2026-10-05T00:27:05.994425Z,KXGOLD15M-26OCT042030-30,0.9880,113.90,no
2026-10-05T00:27:06.106556Z,KXGOLD15M-26OCT042030-30,0.9870,71.95,no
2026-10-05T00:27:06.586344Z,KXGOLD15M-26OCT042030-30,0.9880,36.00,no
2026-10-05T00:27:06.586344Z,KXGOLD15M-26OCT042030-30,0.9880,116.77,no
2026-10-05T00:27:06.690347Z,KXGOLD15M-26OCT042030-30,0.9880,116.91,no
2026-10-05T00:27:07.410348Z,KXGOLD15M-26OCT042030-30,0.9880,92.58,no
2026-10-05T00:27:07.714759Z,KXGOLD15M-26OCT042030-30,0.9880,2.00,yes
2026-10-05T00:27:08.05127Z,KXGOLD15M-26OCT042030-30,0.9870,6.25,no
2026-10-05T00:27:08.684888Z,KXGOLD15M-26OCT042030-30,0.9870,9.75,no
2026-10-05T00:27:08.684888Z,KXGOLD15M-26OCT042030-30,0.9870,62.20,no
2026-10-05T00:27:08.767397Z,KXGOLD15M-26OCT042030-30,0.9860,1.00,no
2026-10-05T00:27:09.864431Z,KXGOLD15M-26OCT042030-30,0.9880,200.00,yes
2026-10-05T00:27:09.864431Z,KXGOLD15M-26OCT042030-30,0.9890,12.71,yes
2026-10-05T00:27:09.987802Z,KXGOLD15M-26OCT042030-30,0.9880,0.72,no
2026-10-05T00:27:10.598494Z,KXGOLD15M-26OCT042030-30,0.9880,5.90,no
2026-10-05T00:27:11.478148Z,KXGOLD15M-26OCT042030-30,0.9880,152.77,no
2026-10-05T00:27:11.901389Z,KXGOLD15M-26OCT042030-30,0.9880,8.57,no
2026-10-05T00:27:11.921494Z,KXGOLD15M-26OCT042030-30,0.9880,21.43,no
2026-10-05T00:27:11.921494Z,KXGOLD15M-26OCT042030-30,0.9880,56.51,no
2026-10-05T00:27:13.046602Z,KXGOLD15M-26OCT042030-30,0.9890,500.00,no
2026-10-05T00:27:13.046602Z,KXGOLD15M-26OCT042030-30,0.9890,17.00,no
2026-10-05T00:27:13.574729Z,KXGOLD15M-26OCT042030-30,0.9900,19.79,yes
2026-10-05T00:27:14.565752Z,KXGOLD15M-26OCT042030-30,0.9890,10.12,no
2026-10-05T00:27:14.655753Z,KXGOLD15M-26OCT042030-30,0.9890,425.11,no
2026-10-05T00:27:14.992391Z,KXGOLD15M-26OCT042030-30,0.9900,5.21,yes
2026-10-05T00:27:14.992391Z,KXGOLD15M-26OCT042030-30,0.9930,1.86,yes
2026-10-05T00:27:14.992391Z,KXGOLD15M-26OCT042030-30,0.9920,5.00,yes
2026-10-05T00:27:15.102873Z,KXGOLD15M-26OCT042030-30,0.9900,8.50,no
2026-10-05T00:27:15.304687Z,KXGOLD15M-26OCT042030-30,0.9950,750.00,yes
2026-10-05T00:27:15.304687Z,KXGOLD15M-26OCT042030-30,0.9940,500.00,yes
2026-10-05T00:27:15.304687Z,KXGOLD15M-26OCT042030-30,0.9960,1000.00,yes
2026-10-05T00:27:15.304687Z,KXGOLD15M-26OCT042030-30,0.9950,11.00,yes
2026-10-05T00:27:15.304687Z,KXGOLD15M-26OCT042030-30,0.9960,13.00,yes
2026-10-05T00:27:15.304687Z,KXGOLD15M-26OCT042030-30,0.9960,1.00,yes
2026-10-05T00:27:15.304687Z,KXGOLD15M-26OCT042030-30,0.9960,1.00,yes
2026-10-05T00:27:15.304687Z,KXGOLD15M-26OCT042030-30,0.9960,1.00,yes
2026-10-05T00:27:15.304687Z,KXGOLD15M-26OCT042030-30,0.9960,1.00,yes
2026-10-05T00:27:15.304687Z,KXGOLD15M-26OCT042030-30,0.9960,1.00,yes
2026-10-05T00:27:15.304687Z,KXGOLD15M-26OCT042030-30,0.9930,5.00,yes
2026-10-05T00:27:15.304687Z,KXGOLD15M-26OCT042030-30,0.9930,500.00,yes
2026-10-05T00:27:15.304687Z,KXGOLD15M-26OCT042030-30,0.9930,130.00,yes
2026-10-05T00:27:15.304687Z,KXGOLD15M-26OCT042030-30,0.9950,60.00,yes
2026-10-05T00:27:15.304687Z,KXGOLD15M-26OCT042030-30,0.9950,30.00,yes
2026-10-05T00:27:15.304687Z,KXGOLD15M-26OCT042030-30,0.9950,60.00,yes
2026-10-05T00:27:15.304687Z,KXGOLD15M-26OCT042030-30,0.9960,8732.05,yes
2026-10-05T00:27:15.304687Z,KXGOLD15M-26OCT042030-30,0.9930,50.14,yes
2026-10-05T00:27:15.398688Z,KXGOLD15M-26OCT042030-30,0.9940,85.02,no
2026-10-05T00:27:15.600801Z,KXGOLD15M-26OCT042030-30,0.9950,80.00,yes
2026-10-05T00:27:15.600801Z,KXGOLD15M-26OCT042030-30,0.9950,5.00,yes
2026-10-05T00:27:15.600801Z,KXGOLD15M-26OCT042030-30,0.9950,112.28,yes
2026-10-05T00:27:15.88612Z,KXGOLD15M-26OCT042030-30,0.9940,93.51,no
2026-10-05T00:27:16.422841Z,KXGOLD15M-26OCT042030-30,0.9940,117.59,no
2026-10-05T00:27:16.526606Z,KXGOLD15M-26OCT042030-30,0.9940,7.79,no
2026-10-05T00:27:16.654051Z,KXGOLD15M-26OCT042030-30,0.9940,425.11,no
2026-10-05T00:27:17.308491Z,KXGOLD15M-26OCT042030-30,0.9940,20.98,no
2026-10-05T00:27:17.308491Z,KXGOLD15M-26OCT042030-30,0.9940,290.66,no
2026-10-05T00:27:17.90881Z,KXGOLD15M-26OCT042030-30,0.9950,146.33,yes
2026-10-05T00:27:17.929413Z,KXGOLD15M-26OCT042030-30,0.9940,20.00,no
2026-10-05T00:27:18.183013Z,KXGOLD15M-26OCT042030-30,0.9940,311.64,no
2026-10-05T00:27:18.655542Z,KXGOLD15M-26OCT042030-30,0.9940,1.15,no
2026-10-05T00:27:19.684757Z,KXGOLD15M-26OCT042030-30,0.9940,152.71,no
2026-10-05T00:27:19.868142Z,KXGOLD15M-26OCT042030-30,0.9940,15.58,no
2026-10-05T00:27:19.889153Z,KXGOLD15M-26OCT042030-30,0.9940,208.26,no
2026-10-05T00:27:19.889153Z,KXGOLD15M-26OCT042030-30,0.9940,103.38,no
2026-10-05T00:27:19.936759Z,KXGOLD15M-26OCT042030-30,0.9940,8.25,no
2026-10-05T00:27:20.802644Z,KXGOLD15M-26OCT042030-30,0.9950,48.72,yes
2026-10-05T00:27:20.838226Z,KXGOLD15M-26OCT042030-30,0.9940,122.00,no
2026-10-05T00:27:20.890897Z,KXGOLD15M-26OCT042030-30,0.9940,132.47,no
2026-10-05T00:27:21.698632Z,KXGOLD15M-26OCT042030-30,0.9970,1250.00,yes
2026-10-05T00:27:21.698632Z,KXGOLD15M-26OCT042030-30,0.9970,2478.31,yes
2026-10-05T00:27:21.698632Z,KXGOLD15M-26OCT042030-30,0.9950,5.00,yes
2026-10-05T00:27:21.698632Z,KXGOLD15M-26OCT042030-30,0.9940,50.00,yes
2026-10-05T00:27:21.698632Z,KXGOLD15M-26OCT042030-30,0.9960,80.00,yes
2026-10-05T00:27:21.698632Z,KXGOLD15M-26OCT042030-30,0.9960,60.00,yes
2026-10-05T00:27:21.698632Z,KXGOLD15M-26OCT042030-30,0.9960,30.00,yes
2026-10-05T00:27:21.698632Z,KXGOLD15M-26OCT042030-30,0.9960,60.00,yes
2026-10-05T00:27:21.698632Z,KXGOLD15M-26OCT042030-30,0.9960,30.00,yes
2026-10-05T00:27:21.713417Z,KXGOLD15M-26OCT042030-30,0.9950,500.00,yes
2026-10-05T00:27:21.713519Z,KXGOLD15M-26OCT042030-30,0.9950,152.60,no
2026-10-05T00:27:21.908094Z,KXGOLD15M-26OCT042030-30,0.9950,1.56,no
2026-10-05T00:27:21.925542Z,KXGOLD15M-26OCT042030-30,0.9950,26.49,no
2026-10-05T00:27:21.948985Z,KXGOLD15M-26OCT042030-30,0.9950,658.44,no
2026-10-05T00:27:21.955355Z,KXGOLD15M-26OCT042030-30,0.9950,133.58,no
2026-10-05T00:27:22.172672Z,KXGOLD15M-26OCT042030-30,0.9950,447.92,no
2026-10-05T00:27:22.17375Z,KXGOLD15M-26OCT042030-30,0.9950,104.00,no
2026-10-05T00:27:22.389624Z,KXGOLD15M-26OCT042030-30,0.9940,297.11,no
2026-10-05T00:27:22.389624Z,KXGOLD15M-26OCT042030-30,0.9950,453.72,no
2026-10-05T00:27:22.613369Z,KXGOLD15M-26OCT042030-30,0.9950,200.74,yes
2026-10-05T00:27:23.235611Z,KXGOLD15M-26OCT042030-30,0.9940,20.32,no
2026-10-05T00:27:24.280319Z,KXGOLD15M-26OCT042030-30,0.9970,10.00,yes
2026-10-05T00:27:24.280319Z,KXGOLD15M-26OCT042030-30,0.9980,10.00,yes
2026-10-05T00:27:24.280319Z,KXGOLD15M-26OCT042030-30,0.9970,250.00,yes
2026-10-05T00:27:24.280319Z,KXGOLD15M-26OCT042030-30,0.9980,500.00,yes
2026-10-05T00:27:24.280319Z,KXGOLD15M-26OCT042030-30,0.9980,40.00,yes
2026-10-05T00:27:24.280319Z,KXGOLD15M-26OCT042030-30,0.9980,2400.00,yes
2026-10-05T00:27:24.280319Z,KXGOLD15M-26OCT042030-30,0.9970,521.69,yes
2026-10-05T00:27:24.280319Z,KXGOLD15M-26OCT042030-30,0.9980,1250.00,yes
2026-10-05T00:27:24.280319Z,KXGOLD15M-26OCT042030-30,0.9980,3.00,yes
2026-10-05T00:27:24.280319Z,KXGOLD15M-26OCT042030-30,0.9970,2.00,yes
2026-10-05T00:27:24.280319Z,KXGOLD15M-26OCT042030-30,0.9970,2.00,yes
2026-10-05T00:27:24.280319Z,KXGOLD15M-26OCT042030-30,0.9980,3.00,yes
2026-10-05T00:27:24.280319Z,KXGOLD15M-26OCT042030-30,0.9970,2.00,yes
2026-10-05T00:27:24.280319Z,KXGOLD15M-26OCT042030-30,0.9980,3.00,yes
2026-10-05T00:27:24.280319Z,KXGOLD15M-26OCT042030-30,0.9970,2.00,yes
2026-10-05T00:27:24.280319Z,KXGOLD15M-26OCT042030-30,0.9980,3.00,yes
2026-10-05T00:27:24.280319Z,KXGOLD15M-26OCT042030-30,0.9980,3.00,yes
2026-10-05T00:27:24.280319Z,KXGOLD15M-26OCT042030-30,0.9970,2.00,yes
2026-10-05T00:27:24.280319Z,KXGOLD15M-26OCT042030-30,0.9980,26.00,yes
2026-10-05T00:27:24.280319Z,KXGOLD15M-26OCT042030-30,0.9970,18.00,yes
2026-10-05T00:27:24.280319Z,KXGOLD15M-26OCT042030-30,0.9970,2000.00,yes
2026-10-05T00:27:24.280319Z,KXGOLD15M-26OCT042030-30,0.9980,2.00,yes
2026-10-05T00:27:24.280319Z,KXGOLD15M-26OCT042030-30,0.9980,2.00,yes
2026-10-05T00:27:24.280319Z,KXGOLD15M-26OCT042030-30,0.9980,2.00,yes
2026-10-05T00:27:24.280319Z,KXGOLD15M-26OCT042030-30,0.9980,43.10,yes
2026-10-05T00:27:24.280319Z,KXGOLD15M-26OCT042030-30,0.9970,1000.00,yes
2026-10-05T00:27:24.280319Z,KXGOLD15M-26OCT042030-30,0.9950,299.26,yes
2026-10-05T00:27:24.280319Z,KXGOLD15M-26OCT042030-30,0.9970,30.00,yes
2026-10-05T00:27:24.280319Z,KXGOLD15M-26OCT042030-30,0.9970,60.00,yes
2026-10-05T00:27:24.280319Z,KXGOLD15M-26OCT042030-30,0.9970,30.00,yes
2026-10-05T00:27:24.280319Z,KXGOLD15M-26OCT042030-30,0.9970,60.00,yes
2026-10-05T00:27:24.280319Z,KXGOLD15M-26OCT042030-30,0.9960,80.00,yes
2026-10-05T00:27:24.280319Z,KXGOLD15M-26OCT042030-30,0.9950,68.00,yes
2026-10-05T00:27:24.280319Z,KXGOLD15M-26OCT042030-30,0.9960,5.00,yes
2026-10-05T00:27:25.634869Z,KXGOLD15M-26OCT042030-30,0.9970,1.00,yes
2026-10-05T00:27:25.788563Z,KXGOLD15M-26OCT042030-30,0.9960,229.04,no
2026-10-05T00:27:26.423589Z,KXGOLD15M-26OCT042030-30,0.9960,3.97,no
2026-10-05T00:27:26.516957Z,KXGOLD15M-26OCT042030-30,0.9960,387.29,no
2026-10-05T00:27:26.516957Z,KXGOLD15M-26OCT042030-30,0.9960,1016.99,no
2026-10-05T00:27:26.52499Z,KXGOLD15M-26OCT042030-30,0.9950,213.07,no
2026-10-05T00:27:26.525276Z,KXGOLD15M-26OCT042030-30,0.9950,40.00,no
2026-10-05T00:27:26.525276Z,KXGOLD15M-26OCT042030-30,0.9950,131.38,no
2026-10-05T00:27:26.525276Z,KXGOLD15M-26OCT042030-30,0.9950,308.62,no
2026-10-05T00:27:26.525276Z,KXGOLD15M-26OCT042030-30,0.9950,20.00,no
2026-10-05T00:27:26.525609Z,KXGOLD15M-26OCT042030-30,0.9950,391.72,no
2026-10-05T00:27:26.525609Z,KXGOLD15M-26OCT042030-30,0.9950,68.62,no
2026-10-05T00:27:26.526318Z,KXGOLD15M-26OCT042030-30,0.9950,8.28,no
2026-10-05T00:27:26.526318Z,KXGOLD15M-26OCT042030-30,0.9950,2400.00,no
2026-10-05T00:27:26.52892Z,KXGOLD15M-26OCT042030-30,0.9940,219.59,no
2026-10-05T00:27:26.529534Z,KXGOLD15M-26OCT042030-30,0.9940,272.69,no
2026-10-05T00:27:26.530161Z,KXGOLD15M-26OCT042030-30,0.9940,348.96,no
2026-10-05T00:27:26.530777Z,KXGOLD15M-26OCT042030-30,0.9940,91.33,no
2026-10-05T00:27:26.530777Z,KXGOLD15M-26OCT042030-30,0.9940,5.21,no
2026-10-05T00:27:26.530777Z,KXGOLD15M-26OCT042030-30,0.9940,19.79,no
2026-10-05T00:27:26.530777Z,KXGOLD15M-26OCT042030-30,0.9940,200.20,no
2026-10-05T00:27:26.530777Z,KXGOLD15M-26OCT042030-30,0.9940,40.00,no
2026-10-05T00:27:26.532207Z,KXGOLD15M-26OCT042030-30,0.9940,49.80,no
2026-10-05T00:27:26.532207Z,KXGOLD15M-26OCT042030-30,0.9940,295.57,no
2026-10-05T00:27:26.534349Z,KXGOLD15M-26OCT042030-30,0.9940,152.18,no
2026-10-05T00:27:26.535013Z,KXGOLD15M-26OCT042030-30,0.9930,219.59,no
2026-10-05T00:27:26.535013Z,KXGOLD15M-26OCT042030-30,0.9940,52.25,no
2026-10-05T00:27:26.537631Z,KXGOLD15M-26OCT042030-30,0.9930,200.61,no
2026-10-05T00:27:26.708106Z,KXGOLD15M-26OCT042030-30,0.9940,500.00,yes
2026-10-05T00:27:26.708106Z,KXGOLD15M-26OCT042030-30,0.9970,81.00,yes
2026-10-05T00:27:26.708106Z,KXGOLD15M-26OCT042030-30,0.9980,40.00,yes
2026-10-05T00:27:26.708106Z,KXGOLD15M-26OCT042030-30,0.9950,53.00,yes
2026-10-05T00:27:26.708106Z,KXGOLD15M-26OCT042030-30,0.9980,5.00,yes
2026-10-05T00:27:26.708106Z,KXGOLD15M-26OCT042030-30,0.9980,500.00,yes
2026-10-05T00:27:26.708106Z,KXGOLD15M-26OCT042030-30,0.9980,809.40,yes
2026-10-05T00:27:27.150695Z,KXGOLD15M-26OCT042030-30,0.9930,39.80,no
2026-10-05T00:27:27.150695Z,KXGOLD15M-26OCT042030-30,0.9950,40.00,no
2026-10-05T00:27:27.18212Z,KXGOLD15M-26OCT042030-30,0.9940,500.00,yes
2026-10-05T00:27:27.291898Z,KXGOLD15M-26OCT042030-30,0.9940,372.33,yes
2026-10-05T00:27:27.444398Z,KXGOLD15M-26OCT042030-30,0.9950,10.89,yes
2026-10-05T00:27:27.444398Z,KXGOLD15M-26OCT042030-30,0.9940,127.67,yes
2026-10-05T00:27:27.86762Z,KXGOLD15M-26OCT042030-30,0.9930,12.00,no
2026-10-05T00:27:28.028249Z,KXGOLD15M-26OCT042030-30,0.9940,300.00,yes
2026-10-05T00:27:28.132084Z,KXGOLD15M-26OCT042030-30,0.9940,200.00,yes
2026-10-05T00:27:28.164984Z,KXGOLD15M-26OCT042030-30,0.9930,28.00,no
2026-10-05T00:27:28.164984Z,KXGOLD15M-26OCT042030-30,0.9930,105.52,no
2026-10-05T00:27:28.730472Z,KXGOLD15M-26OCT042030-30,0.9940,155.20,yes
2026-10-05T00:27:28.783503Z,KXGOLD15M-26OCT042030-30,0.9930,130.90,no
2026-10-05T00:27:29.120739Z,KXGOLD15M-26OCT042030-30,0.9940,1.47,yes
2026-10-05T00:27:29.252079Z,KXGOLD15M-26OCT042030-30,0.9940,232.80,yes
2026-10-05T00:27:29.349035Z,KXGOLD15M-26OCT042030-30,0.9940,74.84,yes
2026-10-05T00:27:29.522513Z,KXGOLD15M-26OCT042030-30,0.9930,130.90,no
2026-10-05T00:27:29.644014Z,KXGOLD15M-26OCT042030-30,0.9940,35.69,yes
2026-10-05T00:27:29.644014Z,KXGOLD15M-26OCT042030-30,0.9940,19.77,yes
2026-10-05T00:27:30.422063Z,KXGOLD15M-26OCT042030-30,0.9940,41.34,yes
2026-10-05T00:27:30.422063Z,KXGOLD15M-26OCT042030-30,0.9940,34.00,yes
2026-10-05T00:27:30.653745Z,KXGOLD15M-26OCT042030-30,0.9940,458.66,yes
2026-10-05T00:27:31.212036Z,KXGOLD15M-26OCT042030-30,0.9920,38.80,no
2026-10-05T00:27:31.212036Z,KXGOLD15M-26OCT042030-30,0.9920,58.20,no
2026-10-05T00:27:31.212036Z,KXGOLD15M-26OCT042030-30,0.9920,13.86,no
2026-10-05T00:27:31.212036Z,KXGOLD15M-26OCT042030-30,0.9910,5.19,no
2026-10-05T00:27:31.212036Z,KXGOLD15M-26OCT042030-30,0.9930,132.68,no
2026-10-05T00:27:32.260668Z,KXGOLD15M-26OCT042030-30,0.9930,28.05,no
2026-10-05T00:27:32.872252Z,KXGOLD15M-26OCT042030-30,0.9940,1.00,yes
2026-10-05T00:27:33.088388Z,KXGOLD15M-26OCT042030-30,0.9940,10.05,yes
2026-10-05T00:27:34.105589Z,KXGOLD15M-26OCT042030-30,0.9940,15.08,yes
2026-10-05T00:27:34.465734Z,KXGOLD15M-26OCT042030-30,0.9940,45.75,yes
2026-10-05T00:27:34.889261Z,KXGOLD15M-26OCT042030-30,0.9910,10.35,no
2026-10-05T00:27:34.889261Z,KXGOLD15M-26OCT042030-30,0.9930,11.95,no
2026-10-05T00:27:35.766131Z,KXGOLD15M-26OCT042030-30,0.9930,60.39,yes
2026-10-05T00:27:35.970664Z,KXGOLD15M-26OCT042030-30,0.9930,439.61,yes
2026-10-05T00:27:35.980472Z,KXGOLD15M-26OCT042030-30,0.9940,5.00,yes
2026-10-05T00:27:35.980919Z,KXGOLD15M-26OCT042030-30,0.9950,24.65,yes
2026-10-05T00:27:35.99088Z,KXGOLD15M-26OCT042030-30,0.9950,24.65,yes
2026-10-05T00:27:36.448787Z,KXGOLD15M-26OCT042030-30,0.9920,10.39,no
2026-10-05T00:27:36.608014Z,KXGOLD15M-26OCT042030-30,0.9940,1.00,yes
2026-10-05T00:27:37.57775Z,KXGOLD15M-26OCT042030-30,0.9950,0.65,yes
2026-10-05T00:27:37.652548Z,KXGOLD15M-26OCT042030-30,0.9930,628.18,no
2026-10-05T00:27:38.785439Z,KXGOLD15M-26OCT042030-30,0.9940,6.00,yes
2026-10-05T00:27:38.785439Z,KXGOLD15M-26OCT042030-30,0.9940,500.00,yes
2026-10-05T00:27:39.017221Z,KXGOLD15M-26OCT042030-30,0.9950,500.00,yes
2026-10-05T00:27:39.025166Z,KXGOLD15M-26OCT042030-30,0.9930,6.31,no
2026-10-05T00:27:39.253818Z,KXGOLD15M-26OCT042030-30,0.9930,0.59,no
2026-10-05T00:27:39.268562Z,KXGOLD15M-26OCT042030-30,0.9930,261.80,no
2026-10-05T00:27:39.955952Z,KXGOLD15M-26OCT042030-30,0.9940,3.11,no
2026-10-05T00:27:41.106411Z,KXGOLD15M-26OCT042030-30,0.9950,2.00,yes
2026-10-05T00:27:42.109221Z,KXGOLD15M-26OCT042030-30,0.9950,25.11,yes
2026-10-05T00:27:42.489864Z,KXGOLD15M-26OCT042030-30,0.9940,0.65,no
2026-10-05T00:27:42.680011Z,KXGOLD15M-26OCT042030-30,0.9940,4.76,no
2026-10-05T00:27:42.680011Z,KXGOLD15M-26OCT042030-30,0.9940,5.35,no
2026-10-05T00:27:43.891586Z,KXGOLD15M-26OCT042030-30,0.9940,5.14,no
2026-10-05T00:27:44.249802Z,KXGOLD15M-26OCT042030-30,0.9940,152.71,no
2026-10-05T00:27:44.386332Z,KXGOLD15M-26OCT042030-30,0.9940,77.91,no
2026-10-05T00:27:44.641821Z,KXGOLD15M-26OCT042030-30,0.9940,152.71,no
2026-10-05T00:27:45.571852Z,KXGOLD15M-26OCT042030-30,0.9950,6.00,yes
2026-10-05T00:27:45.571852Z,KXGOLD15M-26OCT042030-30,0.9950,5.00,yes
2026-10-05T00:27:46.075301Z,KXGOLD15M-26OCT042030-30,0.9960,5.00,yes
2026-10-05T00:27:46.075301Z,KXGOLD15M-26OCT042030-30,0.9970,848.31,yes
2026-10-05T00:27:46.075301Z,KXGOLD15M-26OCT042030-30,0.9960,50.00,yes
2026-10-05T00:27:46.075301Z,KXGOLD15M-26OCT042030-30,0.9960,80.00,yes
2026-10-05T00:27:46.308331Z,KXGOLD15M-26OCT042030-30,0.9960,5.00,yes
2026-10-05T00:27:46.308331Z,KXGOLD15M-26OCT042030-30,0.9960,80.00,yes
2026-10-05T00:27:46.308331Z,KXGOLD15M-26OCT042030-30,0.9960,36.00,yes
2026-10-05T00:27:48.555661Z,KXGOLD15M-26OCT042030-30,0.9960,10.10,no
2026-10-05T00:27:48.599834Z,KXGOLD15M-26OCT042030-30,0.9970,5.01,yes
2026-10-05T00:27:49.670655Z,KXGOLD15M-26OCT042030-30,0.9960,229.04,no
2026-10-05T00:27:50.938376Z,KXGOLD15M-26OCT042030-30,0.9950,6.00,no
2026-10-05T00:27:50.938376Z,KXGOLD15M-26OCT042030-30,0.9950,23.75,no
2026-10-05T00:27:50.938376Z,KXGOLD15M-26OCT042030-30,0.9950,23.75,no
2026-10-05T00:27:50.938376Z,KXGOLD15M-26OCT042030-30,0.9960,260.86,no
2026-10-05T00:27:50.938376Z,KXGOLD15M-26OCT042030-30,0.9960,95.01,no
2026-10-05T00:27:50.938376Z,KXGOLD15M-26OCT042030-30,0.9950,23.75,no
2026-10-05T00:27:50.938376Z,KXGOLD15M-26OCT042030-30,0.9960,95.01,no
2026-10-05T00:27:50.938376Z,KXGOLD15M-26OCT042030-30,0.9950,23.75,no
2026-10-05T00:27:50.938376Z,KXGOLD15M-26OCT042030-30,0.9950,39.32,no
2026-10-05T00:27:50.938376Z,KXGOLD15M-26OCT042030-30,0.9960,190.02,no
2026-10-05T00:27:50.938376Z,KXGOLD15M-26OCT042030-30,0.9960,95.01,no
2026-10-05T00:27:50.938376Z,KXGOLD15M-26OCT042030-30,0.9960,95.01,no
2026-10-05T00:27:50.938376Z,KXGOLD15M-26OCT042030-30,0.9960,95.01,no
2026-10-05T00:27:50.938376Z,KXGOLD15M-26OCT042030-30,0.9960,13.60,no
2026-10-05T00:27:50.938376Z,KXGOLD15M-26OCT042030-30,0.9960,40.00,no
2026-10-05T00:27:50.994055Z,KXGOLD15M-26OCT042030-30,0.9970,24.56,yes
2026-10-05T00:27:51.304822Z,KXGOLD15M-26OCT042030-30,0.9970,152.77,yes
2026-10-05T00:27:51.581101Z,KXGOLD15M-26OCT042030-30,0.9960,229.04,no
2026-10-05T00:27:52.003051Z,KXGOLD15M-26OCT042030-30,0.9970,300.83,yes
2026-10-05T00:27:52.253348Z,KXGOLD15M-26OCT042030-30,0.9960,16.00,no
2026-10-05T00:27:53.061147Z,KXGOLD15M-26OCT042030-30,0.9970,2516.83,yes
2026-10-05T00:27:53.061147Z,KXGOLD15M-26OCT042030-30,0.9970,250.00,yes
2026-10-05T00:27:53.061147Z,KXGOLD15M-26OCT042030-30,0.9970,30.00,yes
2026-10-05T00:27:53.061147Z,KXGOLD15M-26OCT042030-30,0.9970,41.08,yes
2026-10-05T00:27:53.546164Z,KXGOLD15M-26OCT042030-30,0.9960,3.02,no
2026-10-05T00:27:54.542796Z,KXGOLD15M-26OCT042030-30,0.9970,10.02,yes
2026-10-05T00:27:54.61963Z,KXGOLD15M-26OCT042030-30,0.9970,20.12,yes
2026-10-05T00:27:54.702087Z,KXGOLD15M-26OCT042030-30,0.9970,31.12,yes
2026-10-05T00:27:54.702087Z,KXGOLD15M-26OCT042030-30,0.9970,5.00,yes
2026-10-05T00:27:54.702087Z,KXGOLD15M-26OCT042030-30,0.9970,81.00,yes
2026-10-05T00:27:54.7054Z,KXGOLD15M-26OCT042030-30,0.9980,547.41,yes
2026-10-05T00:27:54.7054Z,KXGOLD15M-26OCT042030-30,0.9970,27.88,yes
2026-10-05T00:27:54.7054Z,KXGOLD15M-26OCT042030-30,0.9970,214.68,yes
2026-10-05T00:27:54.7054Z,KXGOLD15M-26OCT042030-30,0.9970,250.00,yes
2026-10-05T00:27:54.724172Z,KXGOLD15M-26OCT042030-30,0.9980,11.00,yes
2026-10-05T00:27:54.724172Z,KXGOLD15M-26OCT042030-30,0.9970,5.00,yes
2026-10-05T00:27:55.160948Z,KXGOLD15M-26OCT042030-30,0.9970,35.00,no
2026-10-05T00:27:55.468974Z,KXGOLD15M-26OCT042030-30,0.9980,2.00,yes
2026-10-05T00:27:55.838591Z,KXGOLD15M-26OCT042030-30,0.9980,4.00,yes
2026-10-05T00:27:56.476777Z,KXGOLD15M-26OCT042030-30,0.9980,4.91,yes
2026-10-05T00:27:56.82836Z,KXGOLD15M-26OCT042030-30,0.9980,5.00,yes
2026-10-05T00:27:57.616437Z,KXGOLD15M-26OCT042030-30,0.9980,500.93,yes
2026-10-05T00:27:57.703308Z,KXGOLD15M-26OCT042030-30,0.9970,305.35,no
2026-10-05T00:27:58.676851Z,KXGOLD15M-26OCT042030-30,0.9970,10.18,no
2026-10-05T00:27:58.73252Z,KXGOLD15M-26OCT042030-30,0.9970,155.88,no
2026-10-05T00:27:58.73252Z,KXGOLD15M-26OCT042030-30,0.9970,149.47,no
2026-10-05T00:27:59.297121Z,KXGOLD15M-26OCT042030-30,0.9970,65.41,no
2026-10-05T00:27:59.297121Z,KXGOLD15M-26OCT042030-30,0.9970,500.00,no
2026-10-05T00:27:59.47023Z,KXGOLD15M-26OCT042030-30,0.9970,3.00,no
2026-10-05T00:27:59.606787Z,KXGOLD15M-26OCT042030-30,0.9980,4.37,yes
2026-10-05T00:28:00.20588Z,KXGOLD15M-26OCT042030-30,0.9970,106.66,no
2026-10-05T00:28:00.661943Z,KXGOLD15M-26OCT042030-30,0.9980,200.00,yes
2026-10-05T00:28:01.683089Z,KXGOLD15M-26OCT042030-30,0.9970,305.35,no
2026-10-05T00:28:02.546708Z,KXGOLD15M-26OCT042030-30,0.9970,28.71,no
2026-10-05T00:28:02.546708Z,KXGOLD15M-26OCT042030-30,0.9970,29.83,no
2026-10-05T00:28:02.546708Z,KXGOLD15M-26OCT042030-30,0.9970,84.99,no
2026-10-05T00:28:02.583991Z,KXGOLD15M-26OCT042030-30,0.9970,66.18,no
2026-10-05T00:28:02.583991Z,KXGOLD15M-26OCT042030-30,0.9970,229.00,no
2026-10-05T00:28:02.583991Z,KXGOLD15M-26OCT042030-30,0.9970,10.17,no
2026-10-05T00:28:02.626208Z,KXGOLD15M-26OCT042030-30,0.9980,10.01,yes
2026-10-05T00:28:02.812473Z,KXGOLD15M-26OCT042030-30,0.9980,12.32,yes
2026-10-05T00:28:02.887049Z,KXGOLD15M-26OCT042030-30,0.9970,87.26,no
2026-10-05T00:28:03.031262Z,KXGOLD15M-26OCT042030-30,0.9970,59.23,no
2026-10-05T00:28:03.031262Z,KXGOLD15M-26OCT042030-30,0.9970,96.56,no
2026-10-05T00:28:03.617579Z,KXGOLD15M-26OCT042030-30,0.9970,84.05,no
2026-10-05T00:28:03.617579Z,KXGOLD15M-26OCT042030-30,0.9970,190.77,no
2026-10-05T00:28:04.133544Z,KXGOLD15M-26OCT042030-30,0.9970,250.00,yes
2026-10-05T00:28:04.133544Z,KXGOLD15M-26OCT042030-30,0.9970,6.00,yes
2026-10-05T00:28:04.133544Z,KXGOLD15M-26OCT042030-30,0.9970,5.00,yes
2026-10-05T00:28:04.133544Z,KXGOLD15M-26OCT042030-30,0.9970,81.00,yes
2026-10-05T00:28:04.133544Z,KXGOLD15M-26OCT042030-30,0.9970,41.00,yes
2026-10-05T00:28:04.185428Z,KXGOLD15M-26OCT042030-30,0.9980,58.47,yes
2026-10-05T00:28:04.195804Z,KXGOLD15M-26OCT042030-30,0.9980,73.93,yes
2026-10-05T00:28:04.736024Z,KXGOLD15M-26OCT042030-30,0.9980,25.04,yes
2026-10-05T00:28:05.099267Z,KXGOLD15M-26OCT042030-30,0.9980,1.00,yes
2026-10-05T00:28:05.540349Z,KXGOLD15M-26OCT042030-30,0.9980,200.00,yes
2026-10-05T00:28:05.819913Z,KXGOLD15M-26OCT042030-30,0.9980,50.00,yes
2026-10-05T00:28:05.965283Z,KXGOLD15M-26OCT042030-30,0.9970,299.12,no
2026-10-05T00:28:06.070636Z,KXGOLD15M-26OCT042030-30,0.9980,50.00,yes
2026-10-05T00:28:06.218256Z,KXGOLD15M-26OCT042030-30,0.9970,6.00,no
2026-10-05T00:28:06.218256Z,KXGOLD15M-26OCT042030-30,0.9970,121.79,no
2026-10-05T00:28:06.218256Z,KXGOLD15M-26OCT042030-30,0.9970,28.00,no
2026-10-05T00:28:06.414936Z,KXGOLD15M-26OCT042030-30,0.9970,39.92,no
2026-10-05T00:28:06.705268Z,KXGOLD15M-26OCT042030-30,0.9980,5.90,yes
2026-10-05T00:28:06.734844Z,KXGOLD15M-26OCT042030-30,0.9970,305.35,no
2026-10-05T00:28:06.872768Z,KXGOLD15M-26OCT042030-30,0.9970,18.69,no
2026-10-05T00:28:07.02553Z,KXGOLD15M-26OCT042030-30,0.9980,114.16,yes
2026-10-05T00:28:07.326531Z,KXGOLD15M-26OCT042030-30,0.9970,203.31,no
2026-10-05T00:28:07.326531Z,KXGOLD15M-26OCT042030-30,0.9970,102.04,no
2026-10-05T00:28:07.858174Z,KXGOLD15M-26OCT042030-30,0.9970,6.00,yes
2026-10-05T00:28:07.858174Z,KXGOLD15M-26OCT042030-30,0.9970,2.55,yes
2026-10-05T00:28:08.432061Z,KXGOLD15M-26OCT042030-30,0.9960,2.77,no
2026-10-05T00:28:08.905958Z,KXGOLD15M-26OCT042030-30,0.9970,6.00,yes
2026-10-05T00:28:09.716961Z,KXGOLD15M-26OCT042030-30,0.9970,78.16,yes
2026-10-05T00:28:09.716961Z,KXGOLD15M-26OCT042030-30,0.9970,5.00,yes
2026-10-05T00:28:09.716961Z,KXGOLD15M-26OCT042030-30,0.9970,72.45,yes
2026-10-05T00:28:10.206903Z,KXGOLD15M-26OCT042030-30,0.9960,229.04,no
2026-10-05T00:28:11.039025Z,KXGOLD15M-26OCT042030-30,0.9970,11.01,yes
2026-10-05T00:28:11.039025Z,KXGOLD15M-26OCT042030-30,0.9970,5.00,yes
2026-10-05T00:28:11.039025Z,KXGOLD15M-26OCT042030-30,0.9970,2.55,yes
2026-10-05T00:28:11.039025Z,KXGOLD15M-26OCT042030-30,0.9970,6.00,yes
2026-10-05T00:28:11.154951Z,KXGOLD15M-26OCT042030-30,0.9970,26.49,yes
2026-10-05T00:28:11.658048Z,KXGOLD15M-26OCT042030-30,0.9960,229.04,no
2026-10-05T00:28:11.716972Z,KXGOLD15M-26OCT042030-30,0.9970,5.00,yes
2026-10-05T00:28:11.716972Z,KXGOLD15M-26OCT042030-30,0.9970,26.49,yes
2026-10-05T00:28:11.716972Z,KXGOLD15M-26OCT042030-30,0.9970,19.56,yes
2026-10-05T00:28:11.716972Z,KXGOLD15M-26OCT042030-30,0.9970,34.95,yes
2026-10-05T00:28:11.716972Z,KXGOLD15M-26OCT042030-30,0.9970,171.84,yes
2026-10-05T00:28:12.216526Z,KXGOLD15M-26OCT042030-30,0.9980,203.47,yes
2026-10-05T00:28:12.459906Z,KXGOLD15M-26OCT042030-30,0.9970,233.72,no
2026-10-05T00:28:12.644699Z,KXGOLD15M-26OCT042030-30,0.9970,8.44,no
2026-10-05T00:28:12.644699Z,KXGOLD15M-26OCT042030-30,0.9970,500.00,no
2026-10-05T00:28:12.644699Z,KXGOLD15M-26OCT042030-30,0.9970,660.10,no
2026-10-05T00:28:13.504824Z,KXGOLD15M-26OCT042030-30,0.9980,173.37,yes
2026-10-05T00:28:13.62366Z,KXGOLD15M-26OCT042030-30,0.9980,13.83,yes
2026-10-05T00:28:13.62366Z,KXGOLD15M-26OCT042030-30,0.9980,142.71,yes
2026-10-05T00:28:13.655929Z,KXGOLD15M-26OCT042030-30,0.9970,305.35,no
2026-10-05T00:28:14.350308Z,KXGOLD15M-26OCT042030-30,0.9980,1136.13,yes
2026-10-05T00:28:14.350308Z,KXGOLD15M-26OCT042030-30,0.9980,486.17,yes
2026-10-05T00:28:14.556552Z,KXGOLD15M-26OCT042030-30,0.9970,3053.57,no
2026-10-05T00:28:14.693786Z,KXGOLD15M-26OCT042030-30,0.9980,1.70,yes
2026-10-05T00:28:14.731298Z,KXGOLD15M-26OCT042030-30,0.9970,61.08,no
2026-10-05T00:28:15.160456Z,KXGOLD15M-26OCT042030-30,0.9970,61.08,no
2026-10-05T00:28:15.35137Z,KXGOLD15M-26OCT042030-30,0.9980,1001.86,yes
2026-10-05T00:28:16.355269Z,KXGOLD15M-26OCT042030-30,0.9980,1.00,yes
2026-10-05T00:28:16.642683Z,KXGOLD15M-26OCT042030-30,0.9980,22.93,yes
2026-10-05T00:28:16.94097Z,KXGOLD15M-26OCT042030-30,0.9980,2.22,yes
2026-10-05T00:28:16.965957Z,KXGOLD15M-26OCT042030-30,0.9980,80.14,yes
2026-10-05T00:28:18.237197Z,KXGOLD15M-26OCT042030-30,0.9970,3053.57,no
2026-10-05T00:28:18.295586Z,KXGOLD15M-26OCT042030-30,0.9970,305.35,no
2026-10-05T00:28:18.329138Z,KXGOLD15M-26OCT042030-30,0.9970,155.79,no
2026-10-05T00:28:18.957209Z,KXGOLD15M-26OCT042030-30,0.9970,4.91,no
2026-10-05T00:28:19.955611Z,KXGOLD15M-26OCT042030-30,0.9970,225.13,no
2026-10-05T00:28:20.255661Z,KXGOLD15M-26OCT042030-30,0.9970,33.60,no
2026-10-05T00:28:20.633123Z,KXGOLD15M-26OCT042030-30,0.9970,40.00,no
2026-10-05T00:28:20.633123Z,KXGOLD15M-26OCT042030-30,0.9970,128.60,no
2026-10-05T00:28:20.633123Z,KXGOLD15M-26OCT042030-30,0.9970,486.17,no
2026-10-05T00:28:20.633123Z,KXGOLD15M-26OCT042030-30,0.9970,13.83,no
2026-10-05T00:28:20.633123Z,KXGOLD15M-26OCT042030-30,0.9970,500.00,no
2026-10-05T00:28:20.633123Z,KXGOLD15M-26OCT042030-30,0.9970,241.24,no
2026-10-05T00:28:20.633123Z,KXGOLD15M-26OCT042030-30,0.9970,80.47,no
2026-10-05T00:28:20.633123Z,KXGOLD15M-26OCT042030-30,0.9970,63.16,no
2026-10-05T00:28:20.633123Z,KXGOLD15M-26OCT042030-30,0.9970,18.23,no
2026-10-05T00:28:20.633123Z,KXGOLD15M-26OCT042030-30,0.9970,127.24,no
2026-10-05T00:28:20.633123Z,KXGOLD15M-26OCT042030-30,0.9970,188.12,no
2026-10-05T00:28:20.633123Z,KXGOLD15M-26OCT042030-30,0.9970,254.48,no
2026-10-05T00:28:20.633123Z,KXGOLD15M-26OCT042030-30,0.9970,127.24,no
2026-10-05T00:28:20.633123Z,KXGOLD15M-26OCT042030-30,0.9970,254.48,no
2026-10-05T00:28:20.633123Z,KXGOLD15M-26OCT042030-30,0.9970,8.76,no
2026-10-05T00:28:20.656126Z,KXGOLD15M-26OCT042030-30,0.9960,1103.12,no
2026-10-05T00:28:20.656126Z,KXGOLD15M-26OCT042030-30,0.9960,32.15,no
2026-10-05T00:28:20.656126Z,KXGOLD15M-26OCT042030-30,0.9960,36.36,no
2026-10-05T00:28:20.656126Z,KXGOLD15M-26OCT042030-30,0.9960,31.81,no
2026-10-05T00:28:20.656126Z,KXGOLD15M-26OCT042030-30,0.9960,31.81,no
2026-10-05T00:28:20.656126Z,KXGOLD15M-26OCT042030-30,0.9960,63.62,no
2026-10-05T00:28:20.656126Z,KXGOLD15M-26OCT042030-30,0.9960,144.16,no
2026-10-05T00:28:20.656126Z,KXGOLD15M-26OCT042030-30,0.9960,31.81,no
2026-10-05T00:28:22.017134Z,KXGOLD15M-26OCT042030-30,0.9970,2.00,yes
2026-10-05T00:28:22.161883Z,KXGOLD15M-26OCT042030-30,0.9970,20.56,yes
2026-10-05T00:28:22.161883Z,KXGOLD15M-26OCT042030-30,0.9970,4.00,yes
2026-10-05T00:28:22.454912Z,KXGOLD15M-26OCT042030-30,0.9960,310.96,no
2026-10-05T00:28:23.581357Z,KXGOLD15M-26OCT042030-30,0.9970,6.00,yes
2026-10-05T00:28:24.097113Z,KXGOLD15M-26OCT042030-30,0.9970,16.00,yes
2026-10-05T00:28:25.023963Z,KXGOLD15M-26OCT042030-30,0.9970,38.44,yes
2026-10-05T00:28:25.023963Z,KXGOLD15M-26OCT042030-30,0.9970,5.00,yes
2026-10-05T00:28:25.023963Z,KXGOLD15M-26OCT042030-30,0.9970,31.58,yes
2026-10-05T00:28:26.218066Z,KXGOLD15M-26OCT042030-30,0.9970,10.02,yes
2026-10-05T00:28:26.427359Z,KXGOLD15M-26OCT042030-30,0.9960,2.29,no
2026-10-05T00:28:27.249286Z,KXGOLD15M-26OCT042030-30,0.9960,0.76,no
2026-10-05T00:28:27.831799Z,KXGOLD15M-26OCT042030-30,0.9950,523.47,no
2026-10-05T00:28:27.831799Z,KXGOLD15M-26OCT042030-30,0.9960,185.99,no
2026-10-05T00:28:27.831799Z,KXGOLD15M-26OCT042030-30,0.9960,159.64,no
2026-10-05T00:28:27.831799Z,KXGOLD15M-26OCT042030-30,0.9960,79.82,no
2026-10-05T00:28:27.831799Z,KXGOLD15M-26OCT042030-30,0.9960,79.82,no
2026-10-05T00:28:27.831799Z,KXGOLD15M-26OCT042030-30,0.9960,159.64,no
2026-10-05T00:28:27.831799Z,KXGOLD15M-26OCT042030-30,0.9960,79.82,no
2026-10-05T00:28:27.831799Z,KXGOLD15M-26OCT042030-30,0.9960,11.46,no
2026-10-05T00:28:27.831799Z,KXGOLD15M-26OCT042030-30,0.9960,3.54,no
2026-10-05T00:28:27.831799Z,KXGOLD15M-26OCT042030-30,0.9960,3.54,no
2026-10-05T00:28:27.831799Z,KXGOLD15M-26OCT042030-30,0.9960,4.66,no
2026-10-05T00:28:27.831799Z,KXGOLD15M-26OCT042030-30,0.9960,4.66,no
2026-10-05T00:28:27.831799Z,KXGOLD15M-26OCT042030-30,0.9950,182.34,no
2026-10-05T00:28:27.831799Z,KXGOLD15M-26OCT042030-30,0.9950,300.83,no
2026-10-05T00:28:27.831799Z,KXGOLD15M-26OCT042030-30,0.9950,2516.83,no
2026-10-05T00:28:27.831799Z,KXGOLD15M-26OCT042030-30,0.9950,2400.00,no
2026-10-05T00:28:30.80452Z,KXGOLD15M-26OCT042030-30,0.9970,20.00,yes
2026-10-05T00:28:31.05154Z,KXGOLD15M-26OCT042030-30,0.9970,224.80,yes
2026-10-05T00:28:31.05154Z,KXGOLD15M-26OCT042030-30,0.9970,0.56,yes
2026-10-05T00:28:31.05154Z,KXGOLD15M-26OCT042030-30,0.9970,6.00,yes
2026-10-05T00:28:31.05154Z,KXGOLD15M-26OCT042030-30,0.9970,16.00,yes
2026-10-05T00:28:31.05154Z,KXGOLD15M-26OCT042030-30,0.9970,5.00,yes
2026-10-05T00:28:31.05154Z,KXGOLD15M-26OCT042030-30,0.9970,38.44,yes
2026-10-05T00:28:31.084003Z,KXGOLD15M-26OCT042030-30,0.9970,182.29,no
2026-10-05T00:28:31.239541Z,KXGOLD15M-26OCT042030-30,0.9980,118.00,yes
2026-10-05T00:28:31.334168Z,KXGOLD15M-26OCT042030-30,0.9970,303.82,no
2026-10-05T00:28:31.479974Z,KXGOLD15M-26OCT042030-30,0.9970,32.85,no
2026-10-05T00:28:31.479974Z,KXGOLD15M-26OCT042030-30,0.9970,13.89,no
2026-10-05T00:28:31.872665Z,KXGOLD15M-26OCT042030-30,0.9970,7.08,no
2026-10-05T00:28:31.872665Z,KXGOLD15M-26OCT042030-30,0.9970,121.15,no
2026-10-05T00:28:31.872665Z,KXGOLD15M-26OCT042030-30,0.9970,2.24,no
2026-10-05T00:28:31.872665Z,KXGOLD15M-26OCT042030-30,0.9970,5.18,no
2026-10-05T00:28:31.872665Z,KXGOLD15M-26OCT042030-30,0.9970,150.47,no
2026-10-05T00:28:31.872665Z,KXGOLD15M-26OCT042030-30,0.9970,0.32,no
2026-10-05T00:28:31.872665Z,KXGOLD15M-26OCT042030-30,0.9970,500.00,no
2026-10-05T00:28:31.872665Z,KXGOLD15M-26OCT042030-30,0.9970,224.80,no
2026-10-05T00:28:31.916677Z,KXGOLD15M-26OCT042030-30,0.9970,1.12,yes
2026-10-05T00:28:33.401583Z,KXGOLD15M-26OCT042030-30,0.9960,2.29,no
2026-10-05T00:28:33.853664Z,KXGOLD15M-26OCT042030-30,0.9970,5.01,yes
2026-10-05T00:28:34.731966Z,KXGOLD15M-26OCT042030-30,0.9970,248.70,yes
2026-10-05T00:28:34.731966Z,KXGOLD15M-26OCT042030-30,0.9970,81.00,yes
2026-10-05T00:28:34.731966Z,KXGOLD15M-26OCT042030-30,0.9970,1982.63,yes
2026-10-05T00:28:35.942597Z,KXGOLD15M-26OCT042030-30,0.9980,1.00,yes
2026-10-05T00:28:36.419545Z,KXGOLD15M-26OCT042030-30,0.9980,878.00,yes
2026-10-05T00:28:37.710066Z,KXGOLD15M-26OCT042030-30,0.9970,1.37,no
2026-10-05T00:28:37.790942Z,KXGOLD15M-26OCT042030-30,0.9960,37.71,no
2026-10-05T00:28:37.790942Z,KXGOLD15M-26OCT042030-30,0.9970,1.30,no
2026-10-05T00:28:37.790942Z,KXGOLD15M-26OCT042030-30,0.9950,148.79,no
2026-10-05T00:28:37.790942Z,KXGOLD15M-26OCT042030-30,0.9970,498.63,no
2026-10-05T00:28:37.790942Z,KXGOLD15M-26OCT042030-30,0.9970,248.70,no
2026-10-05T00:28:37.790942Z,KXGOLD15M-26OCT042030-30,0.9960,100.00,no
2026-10-05T00:28:37.790942Z,KXGOLD15M-26OCT042030-30,0.9950,226.53,no
2026-10-05T00:28:38.109578Z,KXGOLD15M-26OCT042030-30,0.9980,6.01,yes
2026-10-05T00:28:40.107936Z,KXGOLD15M-26OCT042030-30,0.9970,5.00,yes
2026-10-05T00:28:40.107936Z,KXGOLD15M-26OCT042030-30,0.9970,250.00,yes
2026-10-05T00:28:40.107936Z,KXGOLD15M-26OCT042030-30,0.9970,6.00,yes
2026-10-05T00:28:40.107936Z,KXGOLD15M-26OCT042030-30,0.9970,81.00,yes
2026-10-05T00:28:40.120558Z,KXGOLD15M-26OCT042030-30,0.9980,1352.53,yes
2026-10-05T00:28:40.419545Z,KXGOLD15M-26OCT042030-30,0.9970,233.72,no
2026-10-05T00:28:41.209533Z,KXGOLD15M-26OCT042030-30,0.9970,250.00,no
2026-10-05T00:28:41.209533Z,KXGOLD15M-26OCT042030-30,0.9970,266.28,no
2026-10-05T00:28:41.209533Z,KXGOLD15M-26OCT042030-30,0.9950,624.51,no
2026-10-05T00:28:41.302803Z,KXGOLD15M-26OCT042030-30,0.9980,200.37,yes
2026-10-05T00:28:41.503716Z,KXGOLD15M-26OCT042030-30,0.9950,374.03,no
2026-10-05T00:28:41.503716Z,KXGOLD15M-26OCT042030-30,0.9970,500.00,no
2026-10-05T00:28:41.503716Z,KXGOLD15M-26OCT042030-30,0.9970,6.00,no
2026-10-05T00:28:41.503716Z,KXGOLD15M-26OCT042030-30,0.9950,237.94,no
2026-10-05T00:28:43.272299Z,KXGOLD15M-26OCT042030-30,0.9950,375.97,no
2026-10-05T00:28:43.272299Z,KXGOLD15M-26OCT042030-30,0.9960,500.00,no
2026-10-05T00:28:43.272299Z,KXGOLD15M-26OCT042030-30,0.9950,158.78,no
2026-10-05T00:28:43.433072Z,KXGOLD15M-26OCT042030-30,0.9960,229.04,no
2026-10-05T00:28:43.491993Z,KXGOLD15M-26OCT042030-30,0.9970,3.00,yes
2026-10-05T00:28:43.773217Z,KXGOLD15M-26OCT042030-30,0.9960,203.32,no
2026-10-05T00:28:44.578446Z,KXGOLD15M-26OCT042030-30,0.9970,3.00,yes
2026-10-05T00:28:45.382726Z,KXGOLD15M-26OCT042030-30,0.9950,341.22,no
2026-10-05T00:28:45.382726Z,KXGOLD15M-26OCT042030-30,0.9950,750.00,no
2026-10-05T00:28:45.382726Z,KXGOLD15M-26OCT042030-30,0.9950,750.00,no
2026-10-05T00:28:45.382726Z,KXGOLD15M-26OCT042030-30,0.9950,977.52,no
2026-10-05T00:28:45.382726Z,KXGOLD15M-26OCT042030-30,0.9950,345.95,no
2026-10-05T00:28:45.382726Z,KXGOLD15M-26OCT042030-30,0.9950,155.65,no
2026-10-05T00:28:45.382726Z,KXGOLD15M-26OCT042030-30,0.9950,509.64,no
2026-10-05T00:28:45.382726Z,KXGOLD15M-26OCT042030-30,0.9960,67.64,no
2026-10-05T00:28:45.382726Z,KXGOLD15M-26OCT042030-30,0.9950,50.67,no
2026-10-05T00:28:46.268643Z,KXGOLD15M-26OCT042030-30,0.9960,458.07,no
2026-10-05T00:28:46.370823Z,KXGOLD15M-26OCT042030-30,0.9970,15.04,yes
2026-10-05T00:28:46.449054Z,KXGOLD15M-26OCT042030-30,0.9990,5000.00,yes
2026-10-05T00:28:46.449054Z,KXGOLD15M-26OCT042030-30,0.9990,8426.32,yes
2026-10-05T00:28:46.449054Z,KXGOLD15M-26OCT042030-30,0.9990,800.00,yes
2026-10-05T00:28:46.449054Z,KXGOLD15M-26OCT042030-30,0.9980,62.00,yes
2026-10-05T00:28:46.449054Z,KXGOLD15M-26OCT042030-30,0.9980,2500.00,yes
2026-10-05T00:28:46.449054Z,KXGOLD15M-26OCT042030-30,0.9970,3.00,yes
2026-10-05T00:28:46.449054Z,KXGOLD15M-26OCT042030-30,0.9970,15.04,yes
2026-10-05T00:28:46.449054Z,KXGOLD15M-26OCT042030-30,0.9980,2400.00,yes
2026-10-05T00:28:46.449054Z,KXGOLD15M-26OCT042030-30,0.9970,5.00,yes
2026-10-05T00:28:46.449054Z,KXGOLD15M-26OCT042030-30,0.9970,62.96,yes
2026-10-05T00:28:46.449054Z,KXGOLD15M-26OCT042030-30,0.9970,250.00,yes
2026-10-05T00:28:46.449054Z,KXGOLD15M-26OCT042030-30,0.9980,500.00,yes
2026-10-05T00:28:46.459083Z,KXGOLD15M-26OCT042030-30,0.9960,41.93,no
2026-10-05T00:28:46.459083Z,KXGOLD15M-26OCT042030-30,0.9960,72.60,no
2026-10-05T00:28:46.942893Z,KXGOLD15M-26OCT042030-30,0.9970,943.16,no
2026-10-05T00:28:47.331493Z,KXGOLD15M-26OCT042030-30,0.9970,213.76,no
2026-10-05T00:28:47.465814Z,KXGOLD15M-26OCT042030-30,0.9980,43.00,yes
2026-10-05T00:28:47.664885Z,KXGOLD15M-26OCT042030-30,0.9990,8.07,yes
2026-10-05T00:28:48.026754Z,KXGOLD15M-26OCT042030-30,0.9980,311.59,no
2026-10-05T00:28:48.794136Z,KXGOLD15M-26OCT042030-30,0.9990,1.00,yes
2026-10-05T00:28:49.100314Z,KXGOLD15M-26OCT042030-30,0.9980,243.79,no
2026-10-05T00:28:49.43642Z,KXGOLD15M-26OCT042030-30,0.9980,3000.00,no
2026-10-05T00:28:49.754429Z,KXGOLD15M-26OCT042030-30,0.9980,91.62,no
2026-10-05T00:28:50.068716Z,KXGOLD15M-26OCT042030-30,0.9980,458.01,no
2026-10-05T00:28:51.076277Z,KXGOLD15M-26OCT042030-30,0.9980,23.39,no
2026-10-05T00:28:51.425063Z,KXGOLD15M-26OCT042030-30,0.9980,3098.00,no
2026-10-05T00:28:51.425063Z,KXGOLD15M-26OCT042030-30,0.9980,1482.06,no
2026-10-05T00:28:52.215851Z,KXGOLD15M-26OCT042030-30,0.9990,1.00,yes
2026-10-05T00:28:52.350294Z,KXGOLD15M-26OCT042030-30,0.9980,1.09,no
2026-10-05T00:28:52.478999Z,KXGOLD15M-26OCT042030-30,0.9980,458.01,no
2026-10-05T00:28:52.712148Z,KXGOLD15M-26OCT042030-30,0.9990,1.00,yes
2026-10-05T00:28:52.712148Z,KXGOLD15M-26OCT042030-30,0.9990,1250.00,yes
2026-10-05T00:28:52.712148Z,KXGOLD15M-26OCT042030-30,0.9990,817.61,yes
2026-10-05T00:28:52.712148Z,KXGOLD15M-26OCT042030-30,0.9990,2500.00,yes
2026-10-05T00:28:52.712148Z,KXGOLD15M-26OCT042030-30,0.9990,10000.00,yes
2026-10-05T00:28:52.712148Z,KXGOLD15M-26OCT042030-30,0.9990,2000.00,yes
2026-10-05T00:28:52.712148Z,KXGOLD15M-26OCT042030-30,0.9990,30.00,yes
2026-10-05T00:28:52.712148Z,KXGOLD15M-26OCT042030-30,0.9990,30.00,yes
2026-10-05T00:28:52.712148Z,KXGOLD15M-26OCT042030-30,0.9990,60.00,yes
2026-10-05T00:28:52.712148Z,KXGOLD15M-26OCT042030-30,0.9990,60.00,yes
2026-10-05T00:28:52.712148Z,KXGOLD15M-26OCT042030-30,0.9990,17.75,yes
2026-10-05T00:28:52.712148Z,KXGOLD15M-26OCT042030-30,0.9990,182.75,yes
2026-10-05T00:28:52.712148Z,KXGOLD15M-26OCT042030-30,0.9990,1665.25,yes
2026-10-05T00:28:52.712148Z,KXGOLD15M-26OCT042030-30,0.9990,200.00,yes
2026-10-05T00:28:52.712148Z,KXGOLD15M-26OCT042030-30,0.9990,72.60,yes
2026-10-05T00:28:52.712148Z,KXGOLD15M-26OCT042030-30,0.9990,5.00,yes
2026-10-05T00:28:52.712148Z,KXGOLD15M-26OCT042030-30,0.9990,500.00,yes
2026-10-05T00:28:52.712148Z,KXGOLD15M-26OCT042030-30,0.9990,100.00,yes
2026-10-05T00:28:52.712148Z,KXGOLD15M-26OCT042030-30,0.9990,64.00,yes
2026-10-05T00:28:52.712148Z,KXGOLD15M-26OCT042030-30,0.9990,1.00,yes
2026-10-05T00:28:52.712148Z,KXGOLD15M-26OCT042030-30,0.9990,30.29,yes
2026-10-05T00:28:53.035838Z,KXGOLD15M-26OCT042030-30,0.9980,82.00,no
2026-10-05T00:28:53.308511Z,KXGOLD15M-26OCT042030-30,0.9990,0.03,yes
2026-10-05T00:28:53.466026Z,KXGOLD15M-26OCT042030-30,0.9990,617.64,yes
2026-10-05T00:28:53.466026Z,KXGOLD15M-26OCT042030-30,0.9990,199.97,yes
2026-10-05T00:28:53.466105Z,KXGOLD15M-26OCT042030-30,0.9990,10.07,yes
2026-10-05T00:28:54.931196Z,KXGOLD15M-26OCT042030-30,0.9980,229.01,no
2026-10-05T00:28:55.646369Z,KXGOLD15M-26OCT042030-30,0.9980,497.83,no
2026-10-05T00:28:55.646369Z,KXGOLD15M-26OCT042030-30,0.9980,72.60,no
2026-10-05T00:28:55.646369Z,KXGOLD15M-26OCT042030-30,0.9980,440.19,no
2026-10-05T00:28:56.63941Z,KXGOLD15M-26OCT042030-30,0.9980,229.01,no
2026-10-05T00:28:57.145818Z,KXGOLD15M-26OCT042030-30,0.9980,458.01,no
2026-10-05T00:28:58.261278Z,KXGOLD15M-26OCT042030-30,0.9980,122.79,no
2026-10-05T00:28:58.261278Z,KXGOLD15M-26OCT042030-30,0.9980,335.22,no
2026-10-05T00:28:58.930331Z,KXGOLD15M-26OCT042030-30,0.9980,458.01,no
2026-10-05T00:28:59.337045Z,KXGOLD15M-26OCT042030-30,0.9980,500.00,no
2026-10-05T00:28:59.337045Z,KXGOLD15M-26OCT042030-30,0.9980,500.00,no
2026-10-05T00:28:59.337045Z,KXGOLD15M-26OCT042030-30,0.9980,10.07,no
2026-10-05T00:28:59.337045Z,KXGOLD15M-26OCT042030-30,0.9980,617.64,no
2026-10-05T00:28:59.337045Z,KXGOLD15M-26OCT042030-30,0.9980,100.00,no
2026-10-05T00:28:59.337045Z,KXGOLD15M-26OCT042030-30,0.9980,1706.77,no
2026-10-05T00:28:59.337045Z,KXGOLD15M-26OCT042030-30,0.9980,1105.58,no
2026-10-05T00:28:59.337045Z,KXGOLD15M-26OCT042030-30,0.9980,40.00,no
2026-10-05T00:28:59.397071Z,KXGOLD15M-26OCT042030-30,0.9980,458.01,no
2026-10-05T00:28:59.488888Z,KXGOLD15M-26OCT042030-30,0.9990,5.00,yes
2026-10-05T00:28:59.488888Z,KXGOLD15M-26OCT042030-30,0.9990,5.00,yes
2026-10-05T00:29:01.460608Z,KXGOLD15M-26OCT042030-30,0.9990,10.00,yes
2026-10-05T00:29:02.827654Z,KXGOLD15M-26OCT042030-30,0.9980,229.01,no
2026-10-05T00:29:03.025122Z,KXGOLD15M-26OCT042030-30,0.9980,22.92,no
2026-10-05T00:29:03.398343Z,KXGOLD15M-26OCT042030-30,0.9980,2151.06,no
2026-10-05T00:29:04.214637Z,KXGOLD15M-26OCT042030-30,0.9980,467.36,no
2026-10-05T00:29:04.984346Z,KXGOLD15M-26OCT042030-30,0.9990,72.60,yes
2026-10-05T00:29:04.984346Z,KXGOLD15M-26OCT042030-30,0.9990,0.03,yes
2026-10-05T00:29:04.984346Z,KXGOLD15M-26OCT042030-30,0.9990,199.97,yes
2026-10-05T00:29:04.984346Z,KXGOLD15M-26OCT042030-30,0.9990,35.00,yes
2026-10-05T00:29:04.984346Z,KXGOLD15M-26OCT042030-30,0.9990,4.40,yes
2026-10-05T00:29:06.915548Z,KXGOLD15M-26OCT042030-30,0.9990,100.00,no
2026-10-05T00:29:06.915548Z,KXGOLD15M-26OCT042030-30,0.9980,6290.67,no
2026-10-05T00:29:06.915548Z,KXGOLD15M-26OCT042030-30,0.9990,500.00,no
2026-10-05T00:29:07.515652Z,KXGOLD15M-26OCT042030-30,0.9980,163.59,no
2026-10-05T00:29:07.515652Z,KXGOLD15M-26OCT042030-30,0.9990,500.00,no
2026-10-05T00:29:07.515652Z,KXGOLD15M-26OCT042030-30,0.9990,100.00,no
2026-10-05T00:29:08.171463Z,KXGOLD15M-26OCT042030-30,0.9990,2.22,no
2026-10-05T00:29:09.126595Z,KXGOLD15M-26OCT042030-30,0.9990,6.01,no
2026-10-05T00:29:10.248201Z,KXGOLD15M-26OCT042030-30,0.9990,491.77,no
2026-10-05T00:29:10.248201Z,KXGOLD15M-26OCT042030-30,0.9990,100.00,no
2026-10-05T00:29:10.248201Z,KXGOLD15M-26OCT042030-30,0.9980,168.24,no
2026-10-05T00:29:11.57658Z,KXGOLD15M-26OCT042030-30,0.9990,500.00,no
2026-10-05T00:29:11.57658Z,KXGOLD15M-26OCT042030-30,0.9990,100.00,no
2026-10-05T00:29:11.57658Z,KXGOLD15M-26OCT042030-30,0.9980,163.59,no
2026-10-05T00:29:14.108398Z,KXGOLD15M-26OCT042030-30,0.9980,163.59,no
2026-10-05T00:29:14.108398Z,KXGOLD15M-26OCT042030-30,0.9990,500.00,no
2026-10-05T00:29:14.108398Z,KXGOLD15M-26OCT042030-30,0.9990,100.00,no
2026-10-05T00:29:15.728745Z,KXGOLD15M-26OCT042030-30,0.9980,144.89,no
2026-10-05T00:29:15.728745Z,KXGOLD15M-26OCT042030-30,0.9990,100.00,no
2026-10-05T00:29:15.728745Z,KXGOLD15M-26OCT042030-30,0.9990,500.00,no
2026-10-05T00:29:15.728745Z,KXGOLD15M-26OCT042030-30,0.9990,40.00,no
2026-10-05T00:29:15.970056Z,KXGOLD15M-26OCT042030-30,0.9990,458.04,no
2026-10-05T00:29:16.819456Z,KXGOLD15M-26OCT042030-30,0.9990,100.00,no
2026-10-05T00:29:16.819456Z,KXGOLD15M-26OCT042030-30,0.9990,41.96,no
2026-10-05T00:29:17.573471Z,KXGOLD15M-26OCT042030-30,0.9980,6.00,no
2026-10-05T00:29:18.236781Z,KXGOLD15M-26OCT042030-30,0.9980,412.22,no
2026-10-05T00:29:18.32412Z,KXGOLD15M-26OCT042030-30,0.9980,458.01,no
2026-10-05T00:29:18.606707Z,KXGOLD15M-26OCT042030-30,0.9990,70.00,yes
2026-10-05T00:29:19.000954Z,KXGOLD15M-26OCT042030-30,0.9990,57.22,yes
2026-10-05T00:29:19.105114Z,KXGOLD15M-26OCT042030-30,0.9990,70.00,yes
2026-10-05T00:29:19.448129Z,KXGOLD15M-26OCT042030-30,0.9990,70.00,yes
2026-10-05T00:29:19.557367Z,KXGOLD15M-26OCT042030-30,0.9990,70.00,yes
2026-10-05T00:29:19.703931Z,KXGOLD15M-26OCT042030-30,0.9990,64.05,yes
2026-10-05T00:29:20.024372Z,KXGOLD15M-26OCT042030-30,0.9990,200.00,yes
2026-10-05T00:29:20.024372Z,KXGOLD15M-26OCT042030-30,0.9990,456.77,yes
2026-10-05T00:29:20.024372Z,KXGOLD15M-26OCT042030-30,0.9990,5.00,yes
2026-10-05T00:29:20.48033Z,KXGOLD15M-26OCT042030-30,0.9990,500.00,no
2026-10-05T00:29:20.48033Z,KXGOLD15M-26OCT042030-30,0.9980,12.42,no
2026-10-05T00:29:20.48033Z,KXGOLD15M-26OCT042030-30,0.9990,100.00,no
2026-10-05T00:29:20.48033Z,KXGOLD15M-26OCT042030-30,0.9980,151.17,no
2026-10-05T00:29:21.401174Z,KXGOLD15M-26OCT042030-30,0.9990,200.00,yes
2026-10-05T00:29:21.401174Z,KXGOLD15M-26OCT042030-30,0.9990,12.42,yes
2026-10-05T00:29:21.401174Z,KXGOLD15M-26OCT042030-30,0.9990,5.00,yes
2026-10-05T00:29:23.006872Z,KXGOLD15M-26OCT042030-30,0.9990,500.00,no
2026-10-05T00:29:23.006872Z,KXGOLD15M-26OCT042030-30,0.9990,100.00,no
2026-10-05T00:29:23.006872Z,KXGOLD15M-26OCT042030-30,0.9980,60.18,no
2026-10-05T00:29:23.006872Z,KXGOLD15M-26OCT042030-30,0.9980,103.41,no
2026-10-05T00:29:23.779779Z,KXGOLD15M-26OCT042030-30,0.9990,2.70,yes
2026-10-05T00:29:24.187141Z,KXGOLD15M-26OCT042030-30,0.9980,458.01,no
2026-10-05T00:29:25.390776Z,KXGOLD15M-26OCT042030-30,0.9980,916.02,no
2026-10-05T00:29:26.289036Z,KXGOLD15M-26OCT042030-30,0.9980,45.80,no
2026-10-05T00:29:26.827325Z,KXGOLD15M-26OCT042030-30,0.9990,57.48,yes
2026-10-05T00:29:26.827325Z,KXGOLD15M-26OCT042030-30,0.9990,200.00,yes
2026-10-05T00:29:26.827325Z,KXGOLD15M-26OCT042030-30,0.9990,5.00,yes
2026-10-05T00:29:29.145544Z,KXGOLD15M-26OCT042030-30,0.9990,915.99,no
2026-10-05T00:29:30.139221Z,KXGOLD15M-26OCT042030-30,0.9990,450.00,no
2026-10-05T00:29:31.158673Z,KXGOLD15M-26OCT042030-30,0.9990,593.53,no
2026-10-05T00:29:31.158673Z,KXGOLD15M-26OCT042030-30,0.9990,100.00,no
2026-10-05T00:29:31.158673Z,KXGOLD15M-26OCT042030-30,0.9980,116.84,no
2026-10-05T00:29:32.965667Z,KXGOLD15M-26OCT042030-30,0.9980,146.58,no
2026-10-05T00:29:33.427046Z,KXGOLD15M-26OCT042030-30,0.9980,36.15,no
2026-10-05T00:29:33.427046Z,KXGOLD15M-26OCT042030-30,0.9980,213.34,no
2026-10-05T00:29:33.564467Z,KXGOLD15M-26OCT042030-30,0.9990,28.04,no
2026-10-05T00:29:34.833653Z,KXGOLD15M-26OCT042030-30,0.9980,411.29,no
2026-10-05T00:29:34.833653Z,KXGOLD15M-26OCT042030-30,0.9990,11.96,no
2026-10-05T00:29:34.833653Z,KXGOLD15M-26OCT042030-30,0.9990,100.00,no
2026-10-05T00:29:35.555809Z,KXGOLD15M-26OCT042030-30,0.9980,52.56,no
2026-10-05T00:29:35.555809Z,KXGOLD15M-26OCT042030-30,0.9980,2.70,no
2026-10-05T00:29:35.555809Z,KXGOLD15M-26OCT042030-30,0.9980,12.42,no
2026-10-05T00:29:35.555809Z,KXGOLD15M-26OCT042030-30,0.9980,44.48,no
2026-10-05T00:29:35.572899Z,KXGOLD15M-26OCT042030-30,0.9990,3.00,yes
2026-10-05T00:29:35.809216Z,KXGOLD15M-26OCT042030-30,0.9980,921.72,no
2026-10-05T00:29:35.809216Z,KXGOLD15M-26OCT042030-30,0.9980,13.00,no
2026-10-05T00:29:35.819001Z,KXGOLD15M-26OCT042030-30,0.9990,52.88,yes
2026-10-05T00:29:35.819001Z,KXGOLD15M-26OCT042030-30,0.9990,9.42,yes
2026-10-05T00:29:35.819001Z,KXGOLD15M-26OCT042030-30,0.9990,2.70,yes
2026-10-05T00:29:36.172132Z,KXGOLD15M-26OCT042030-30,0.9980,45.80,no
2026-10-05T00:29:36.18594Z,KXGOLD15M-26OCT042030-30,0.9990,65.00,yes
2026-10-05T00:29:36.582648Z,KXGOLD15M-26OCT042030-30,0.9990,65.00,yes
2026-10-05T00:29:36.695592Z,KXGOLD15M-26OCT042030-30,0.9980,36.25,no
2026-10-05T00:29:36.695592Z,KXGOLD15M-26OCT042030-30,0.9980,32.48,no
2026-10-05T00:29:36.752572Z,KXGOLD15M-26OCT042030-30,0.9990,52.88,yes
2026-10-05T00:29:36.752572Z,KXGOLD15M-26OCT042030-30,0.9990,13.00,yes
2026-10-05T00:29:36.752572Z,KXGOLD15M-26OCT042030-30,0.9990,44.48,yes
2026-10-05T00:29:36.752572Z,KXGOLD15M-26OCT042030-30,0.9990,17.12,yes
2026-10-05T00:29:36.752572Z,KXGOLD15M-26OCT042030-30,0.9990,5.00,yes
2026-10-05T00:29:36.752572Z,KXGOLD15M-26OCT042030-30,0.9990,65.00,yes
2026-10-05T00:29:36.752572Z,KXGOLD15M-26OCT042030-30,0.9990,65.00,yes
2026-10-05T00:29:37.883678Z,KXGOLD15M-26OCT042030-30,0.9970,143.33,no
2026-10-05T00:29:37.883678Z,KXGOLD15M-26OCT042030-30,0.9990,150.00,no
2026-10-05T00:29:37.883678Z,KXGOLD15M-26OCT042030-30,0.9980,9.42,no
2026-10-05T00:29:37.883678Z,KXGOLD15M-26OCT042030-30,0.9980,3.00,no
2026-10-05T00:29:37.883678Z,KXGOLD15M-26OCT042030-30,0.9980,2.70,no
2026-10-05T00:29:37.883678Z,KXGOLD15M-26OCT042030-30,0.9980,44.48,no
2026-10-05T00:29:37.883678Z,KXGOLD15M-26OCT042030-30,0.9980,13.00,no
2026-10-05T00:29:37.883678Z,KXGOLD15M-26OCT042030-30,0.9980,36.25,no
2026-10-05T00:29:37.883678Z,KXGOLD15M-26OCT042030-30,0.9980,63.75,no
2026-10-05T00:29:37.907961Z,KXGOLD15M-26OCT042030-30,0.9990,49.00,yes
2026-10-05T00:29:37.907961Z,KXGOLD15M-26OCT042030-30,0.9990,3.00,yes
2026-10-05T00:29:38.671998Z,KXGOLD15M-26OCT042030-30,0.9990,44.48,yes
2026-10-05T00:29:38.671998Z,KXGOLD15M-26OCT042030-30,0.9990,151.00,yes
2026-10-05T00:29:38.671998Z,KXGOLD15M-26OCT042030-30,0.9990,5.00,yes
2026-10-05T00:29:38.671998Z,KXGOLD15M-26OCT042030-30,0.9990,49.00,yes
2026-10-05T00:29:38.671998Z,KXGOLD15M-26OCT042030-30,0.9990,13.00,yes
2026-10-05T00:29:38.671998Z,KXGOLD15M-26OCT042030-30,0.9990,9.42,yes
2026-10-05T00:29:38.671998Z,KXGOLD15M-26OCT042030-30,0.9990,2.70,yes
2026-10-05T00:29:38.78016Z,KXGOLD15M-26OCT042030-30,0.9980,5.37,no
2026-10-05T00:29:38.78016Z,KXGOLD15M-26OCT042030-30,0.9980,3.00,no
2026-10-05T00:29:38.912422Z,KXGOLD15M-26OCT042030-30,0.9980,13.75,no
2026-10-05T00:29:38.999016Z,KXGOLD15M-26OCT042030-30,0.9990,3.00,yes
2026-10-05T00:29:38.999016Z,KXGOLD15M-26OCT042030-30,0.9990,86.81,yes
2026-10-05T00:29:40.872264Z,KXGOLD15M-26OCT042030-30,0.9970,152.69,no
2026-10-05T00:29:40.872264Z,KXGOLD15M-26OCT042030-30,0.9980,3.00,no
2026-10-05T00:29:40.872264Z,KXGOLD15M-26OCT042030-30,0.9980,80.88,no
2026-10-05T00:29:40.872264Z,KXGOLD15M-26OCT042030-30,0.9980,13.75,no
2026-10-05T00:29:40.872264Z,KXGOLD15M-26OCT042030-30,0.9980,2.70,no
2026-10-05T00:29:40.872264Z,KXGOLD15M-26OCT042030-30,0.9980,44.48,no
2026-10-05T00:29:40.872264Z,KXGOLD15M-26OCT042030-30,0.9980,13.00,no
2026-10-05T00:29:40.872264Z,KXGOLD15M-26OCT042030-30,0.9980,9.42,no
2026-10-05T00:29:40.872264Z,KXGOLD15M-26OCT042030-30,0.9980,5.37,no
2026-10-05T00:29:40.872264Z,KXGOLD15M-26OCT042030-30,0.9980,65.00,no
2026-10-05T00:29:41.046298Z,KXGOLD15M-26OCT042030-30,0.9990,2.70,yes
2026-10-05T00:29:41.046298Z,KXGOLD15M-26OCT042030-30,0.9990,9.42,yes
2026-10-05T00:29:41.046298Z,KXGOLD15M-26OCT042030-30,0.9990,187.88,yes
2026-10-05T00:29:41.062469Z,KXGOLD15M-26OCT042030-30,0.9990,6.40,yes
2026-10-05T00:29:41.062469Z,KXGOLD15M-26OCT042030-30,0.9990,12.12,yes
2026-10-05T00:29:41.062469Z,KXGOLD15M-26OCT042030-30,0.9990,44.48,yes
2026-10-05T00:29:41.439396Z,KXGOLD15M-26OCT042030-30,0.9990,95.88,yes
2026-10-05T00:29:41.439396Z,KXGOLD15M-26OCT042030-30,0.9990,0.52,yes
2026-10-05T00:29:41.439396Z,KXGOLD15M-26OCT042030-30,0.9990,6.60,yes
2026-10-05T00:29:41.439396Z,KXGOLD15M-26OCT042030-30,0.9990,3.00,yes
2026-10-05T00:29:41.723508Z,KXGOLD15M-26OCT042030-30,0.9970,1427.99,no
2026-10-05T00:29:41.723508Z,KXGOLD15M-26OCT042030-30,0.9980,3.00,no
2026-10-05T00:29:41.723508Z,KXGOLD15M-26OCT042030-30,0.9980,44.48,no
2026-10-05T00:29:41.723508Z,KXGOLD15M-26OCT042030-30,0.9980,6.40,no
2026-10-05T00:29:41.723508Z,KXGOLD15M-26OCT042030-30,0.9980,6.60,no
2026-10-05T00:29:41.723508Z,KXGOLD15M-26OCT042030-30,0.9980,9.42,no
2026-10-05T00:29:41.723508Z,KXGOLD15M-26OCT042030-30,0.9980,2.70,no
2026-10-05T00:29:41.723508Z,KXGOLD15M-26OCT042030-30,0.9980,100.00,no
2026-10-05T00:29:42.067786Z,KXGOLD15M-26OCT042030-30,0.9990,9.42,yes
2026-10-05T00:29:42.067786Z,KXGOLD15M-26OCT042030-30,0.9990,2.70,yes
2026-10-05T00:29:42.067786Z,KXGOLD15M-26OCT042030-30,0.9990,94.48,yes
2026-10-05T00:29:42.582513Z,KXGOLD15M-26OCT042030-30,0.9970,134.47,no
2026-10-05T00:29:42.582513Z,KXGOLD15M-26OCT042030-30,0.9980,9.42,no
2026-10-05T00:29:42.582513Z,KXGOLD15M-26OCT042030-30,0.9980,2.70,no
2026-10-05T00:29:42.582513Z,KXGOLD15M-26OCT042030-30,0.9980,100.00,no
2026-10-05T00:29:42.582513Z,KXGOLD15M-26OCT042030-30,0.9980,65.00,no
2026-10-05T00:29:42.767506Z,KXGOLD15M-26OCT042030-30,0.9990,9.42,yes
2026-10-05T00:29:42.767506Z,KXGOLD15M-26OCT042030-30,0.9990,2.70,yes
2026-10-05T00:29:42.767506Z,KXGOLD15M-26OCT042030-30,0.9990,0.48,yes
2026-10-05T00:29:42.767506Z,KXGOLD15M-26OCT042030-30,0.9990,100.00,yes
2026-10-05T00:29:42.767506Z,KXGOLD15M-26OCT042030-30,0.9990,5.00,yes
2026-10-05T00:29:42.767506Z,KXGOLD15M-26OCT042030-30,0.9990,44.48,yes
2026-10-05T00:29:42.767506Z,KXGOLD15M-26OCT042030-30,0.9990,6.40,yes
2026-10-05T00:29:42.767506Z,KXGOLD15M-26OCT042030-30,0.9990,3.00,yes
2026-10-05T00:29:42.767506Z,KXGOLD15M-26OCT042030-30,0.9990,19.52,yes
2026-10-05T00:29:42.767506Z,KXGOLD15M-26OCT042030-30,0.9990,6.60,yes
2026-10-05T00:29:43.49472Z,KXGOLD15M-26OCT042030-30,0.9990,258.00,no
2026-10-05T00:29:43.49472Z,KXGOLD15M-26OCT042030-30,0.9980,82.86,no
2026-10-05T00:29:43.49472Z,KXGOLD15M-26OCT042030-30,0.9980,40.00,no
2026-10-05T00:29:45.761737Z,KXGOLD15M-26OCT042030-30,0.9970,1141.52,no
2026-10-05T00:29:45.761737Z,KXGOLD15M-26OCT042030-30,0.9970,301.14,no
2026-10-05T00:29:45.761737Z,KXGOLD15M-26OCT042030-30,0.9980,82.86,no
2026-10-05T00:29:45.761737Z,KXGOLD15M-26OCT042030-30,0.9980,3.00,no
2026-10-05T00:29:45.761737Z,KXGOLD15M-26OCT042030-30,0.9980,9.42,no
2026-10-05T00:29:45.761737Z,KXGOLD15M-26OCT042030-30,0.9980,17.14,no
2026-10-05T00:29:45.761737Z,KXGOLD15M-26OCT042030-30,0.9980,2.70,no
2026-10-05T00:29:45.761737Z,KXGOLD15M-26OCT042030-30,0.9980,6.60,no
2026-10-05T00:29:45.761737Z,KXGOLD15M-26OCT042030-30,0.9980,6.40,no
2026-10-05T00:29:45.761737Z,KXGOLD15M-26OCT042030-30,0.9980,44.48,no
2026-10-05T00:29:45.801942Z,KXGOLD15M-26OCT042030-30,0.9990,44.48,yes
2026-10-05T00:29:45.801942Z,KXGOLD15M-26OCT042030-30,0.9990,6.40,yes
2026-10-05T00:29:45.801942Z,KXGOLD15M-26OCT042030-30,0.9990,34.12,yes
2026-10-05T00:29:45.81756Z,KXGOLD15M-26OCT042030-30,0.9990,9.00,yes
2026-10-05T00:29:45.830322Z,KXGOLD15M-26OCT042030-30,0.9990,3.00,yes
2026-10-05T00:29:46.663848Z,KXGOLD15M-26OCT042030-30,0.9990,133.68,yes
2026-10-05T00:29:46.818249Z,KXGOLD15M-26OCT042030-30,0.9990,6.60,yes
2026-10-05T00:29:46.818249Z,KXGOLD15M-26OCT042030-30,0.9990,5.32,yes
2026-10-05T00:29:46.818249Z,KXGOLD15M-26OCT042030-30,0.9990,2.13,yes
2026-10-05T00:29:46.891159Z,KXGOLD15M-26OCT042030-30,0.9990,0.87,yes
2026-10-05T00:29:46.891159Z,KXGOLD15M-26OCT042030-30,0.9990,29.33,yes
2026-10-05T00:29:46.985693Z,KXGOLD15M-26OCT042030-30,0.9980,1.03,no
2026-10-05T00:29:47.075099Z,KXGOLD15M-26OCT042030-30,0.9980,43.45,no
2026-10-05T00:29:47.075099Z,KXGOLD15M-26OCT042030-30,0.9980,2.35,no
2026-10-05T00:29:47.240866Z,KXGOLD15M-26OCT042030-30,0.9990,37.21,yes
2026-10-05T00:29:47.64239Z,KXGOLD15M-26OCT042030-30,0.9990,13.09,yes
2026-10-05T00:29:48.25522Z,KXGOLD15M-26OCT042030-30,0.9970,198.86,no
2026-10-05T00:29:48.25522Z,KXGOLD15M-26OCT042030-30,0.9980,21.00,no
2026-10-05T00:29:48.25522Z,KXGOLD15M-26OCT042030-30,0.9980,6.60,no
2026-10-05T00:29:48.25522Z,KXGOLD15M-26OCT042030-30,0.9980,2.13,no
2026-10-05T00:29:48.25522Z,KXGOLD15M-26OCT042030-30,0.9980,0.87,no
2026-10-05T00:29:48.25522Z,KXGOLD15M-26OCT042030-30,0.9980,4.05,no
2026-10-05T00:29:48.25522Z,KXGOLD15M-26OCT042030-30,0.9970,87.80,no
2026-10-05T00:29:48.296557Z,KXGOLD15M-26OCT042030-30,0.9990,0.99,yes
2026-10-05T00:29:48.375421Z,KXGOLD15M-26OCT042030-30,0.9990,0.50,yes
2026-10-05T00:29:48.375421Z,KXGOLD15M-26OCT042030-30,0.9990,2.70,yes
2026-10-05T00:29:48.375421Z,KXGOLD15M-26OCT042030-30,0.9990,9.42,yes
2026-10-05T00:29:48.375421Z,KXGOLD15M-26OCT042030-30,0.9990,19.38,yes
2026-10-05T00:29:48.39125Z,KXGOLD15M-26OCT042030-30,0.9990,28.94,yes
2026-10-05T00:29:48.39125Z,KXGOLD15M-26OCT042030-30,0.9990,4.05,yes
2026-10-05T00:29:48.39125Z,KXGOLD15M-26OCT042030-30,0.9990,2.35,yes
2026-10-05T00:29:48.39125Z,KXGOLD15M-26OCT042030-30,0.9990,43.45,yes
2026-10-05T00:29:48.39125Z,KXGOLD15M-26OCT042030-30,0.9990,0.53,yes
2026-10-05T00:29:49.517812Z,KXGOLD15M-26OCT042030-30,0.9990,11.14,yes
2026-10-05T00:29:50.952748Z,KXGOLD15M-26OCT042030-30,0.9990,249.79,no
2026-10-05T00:29:52.387657Z,KXGOLD15M-26OCT042030-30,0.9990,609.78,no
2026-10-05T00:29:52.387657Z,KXGOLD15M-26OCT042030-30,0.9990,306.21,no
2026-10-05T00:29:52.81495Z,KXGOLD15M-26OCT042030-30,0.9990,5.14,no
2026-10-05T00:29:52.962697Z,KXGOLD15M-26OCT042030-30,0.9990,915.99,no
2026-10-05T00:29:53.544187Z,KXGOLD15M-26OCT042030-30,0.9990,417.09,no
2026-10-05T00:29:53.544187Z,KXGOLD15M-26OCT042030-30,0.9980,40.00,no
2026-10-05T00:29:53.544187Z,KXGOLD15M-26OCT042030-30,0.9980,100.00,no
2026-10-05T00:29:53.544187Z,KXGOLD15M-26OCT042030-30,0.9970,100.00,no
2026-10-05T00:29:53.544187Z,KXGOLD15M-26OCT042030-30,0.9980,2.70,no
2026-10-05T00:29:53.544187Z,KXGOLD15M-26OCT042030-30,0.9980,43.45,no
2026-10-05T00:29:53.544187Z,KXGOLD15M-26OCT042030-30,0.9970,5.00,no
2026-10-05T00:29:53.544187Z,KXGOLD15M-26OCT042030-30,0.9980,2.35,no
2026-10-05T00:29:53.544187Z,KXGOLD15M-26OCT042030-30,0.9980,0.50,no
2026-10-05T00:29:53.544187Z,KXGOLD15M-26OCT042030-30,0.9980,9.42,no
2026-10-05T00:29:53.544187Z,KXGOLD15M-26OCT042030-30,0.9980,0.53,no
2026-10-05T00:29:53.544187Z,KXGOLD15M-26OCT042030-30,0.9980,4.05,no
2026-10-05T00:29:53.544187Z,KXGOLD15M-26OCT042030-30,0.9960,179.97,no
2026-10-05T00:29:56.167605Z,KXGOLD15M-26OCT042030-30,0.9990,915.99,no
2026-10-05T00:29:56.90341Z,KXGOLD15M-26OCT042030-30,0.9990,80.14,no
2026-10-05T00:29:57.299107Z,KXGOLD15M-26OCT042030-30,0.9990,203.87,no
2026-10-05T00:29:57.299107Z,KXGOLD15M-26OCT042030-30,0.9990,2222.00,no
2026-10-05T00:29:57.299107Z,KXGOLD15M-26OCT042030-30,0.9960,1704.24,no
2026-10-05T00:29:59.587475Z,KXGOLD15M-26OCT042030-30,0.9990,257.09,no
2026-10-05T00:29:59.64345Z,KXGOLD15M-26OCT042030-30,0.9990,3.00,no
2026-10-05T00:26:25.035509Z,KXSOL15M-26OCT042030-30,0.0280,3.00,no
2026-10-05T00:26:25.035509Z,KXSOL15M-26OCT042030-30,0.0280,48.00,no
2026-10-05T00:26:26.153019Z,KXSOL15M-26OCT042030-30,0.0260,15.00,no
2026-10-05T00:26:26.153019Z,KXSOL15M-26OCT042030-30,0.0260,6.00,no
2026-10-05T00:26:27.049708Z,KXSOL15M-26OCT042030-30,0.0100,3.65,no
2026-10-05T00:26:27.049708Z,KXSOL15M-26OCT042030-30,0.0100,8.68,no
2026-10-05T00:26:27.049708Z,KXSOL15M-26OCT042030-30,0.0240,8.00,no
2026-10-05T00:26:27.049708Z,KXSOL15M-26OCT042030-30,0.0100,75.00,no
2026-10-05T00:26:27.049708Z,KXSOL15M-26OCT042030-30,0.0110,10.00,no
2026-10-05T00:26:27.049708Z,KXSOL15M-26OCT042030-30,0.0110,100.00,no
2026-10-05T00:26:27.049708Z,KXSOL15M-26OCT042030-30,0.0110,2.00,no
2026-10-05T00:26:27.049708Z,KXSOL15M-26OCT042030-30,0.0110,20.00,no
2026-10-05T00:26:27.049708Z,KXSOL15M-26OCT042030-30,0.0110,2.00,no
2026-10-05T00:26:27.049708Z,KXSOL15M-26OCT042030-30,0.0110,1.00,no
2026-10-05T00:26:27.049708Z,KXSOL15M-26OCT042030-30,0.0200,10.00,no
2026-10-05T00:26:27.049708Z,KXSOL15M-26OCT042030-30,0.0100,20.00,no
2026-10-05T00:26:27.049708Z,KXSOL15M-26OCT042030-30,0.0100,4.00,no
2026-10-05T00:26:27.049708Z,KXSOL15M-26OCT042030-30,0.0200,1.00,no
2026-10-05T00:26:27.049708Z,KXSOL15M-26OCT042030-30,0.0210,1.00,no
2026-10-05T00:26:27.049708Z,KXSOL15M-26OCT042030-30,0.0110,1.00,no
2026-10-05T00:26:27.049708Z,KXSOL15M-26OCT042030-30,0.0250,1.00,no
2026-10-05T00:26:27.049708Z,KXSOL15M-26OCT042030-30,0.0240,1.00,no
2026-10-05T00:26:27.049708Z,KXSOL15M-26OCT042030-30,0.0230,1.00,no
2026-10-05T00:26:27.049708Z,KXSOL15M-26OCT042030-30,0.0100,1.00,no
2026-10-05T00:26:27.049708Z,KXSOL15M-26OCT042030-30,0.0160,1.00,no
2026-10-05T00:26:27.049708Z,KXSOL15M-26OCT042030-30,0.0110,1.00,no
2026-10-05T00:26:27.049708Z,KXSOL15M-26OCT042030-30,0.0210,1.00,no
2026-10-05T00:26:27.049708Z,KXSOL15M-26OCT042030-30,0.0200,1.00,no
2026-10-05T00:26:27.049708Z,KXSOL15M-26OCT042030-30,0.0190,1.00,no
2026-10-05T00:26:27.049708Z,KXSOL15M-26OCT042030-30,0.0180,1.00,no
2026-10-05T00:26:27.049708Z,KXSOL15M-26OCT042030-30,0.0170,1.00,no
2026-10-05T00:26:27.049708Z,KXSOL15M-26OCT042030-30,0.0150,1.00,no
2026-10-05T00:26:27.049708Z,KXSOL15M-26OCT042030-30,0.0130,1.00,no
2026-10-05T00:26:27.049708Z,KXSOL15M-26OCT042030-30,0.0140,1.00,no
2026-10-05T00:26:27.049708Z,KXSOL15M-26OCT042030-30,0.0220,1.00,no
2026-10-05T00:26:27.049708Z,KXSOL15M-26OCT042030-30,0.0120,1.00,no
2026-10-05T00:26:27.049708Z,KXSOL15M-26OCT042030-30,0.0200,11.00,no
2026-10-05T00:26:27.049708Z,KXSOL15M-26OCT042030-30,0.0110,8.00,no
2026-10-05T00:26:27.049708Z,KXSOL15M-26OCT042030-30,0.0120,350.00,no
2026-10-05T00:26:27.049708Z,KXSOL15M-26OCT042030-30,0.0120,10.00,no
2026-10-05T00:26:27.049708Z,KXSOL15M-26OCT042030-30,0.0100,3.00,no
2026-10-05T00:26:27.049708Z,KXSOL15M-26OCT042030-30,0.0170,34.00,no
2026-10-05T00:26:27.049708Z,KXSOL15M-26OCT042030-30,0.0160,58.00,no
2026-10-05T00:26:27.049708Z,KXSOL15M-26OCT042030-30,0.0180,31.00,no
2026-10-05T00:26:27.049708Z,KXSOL15M-26OCT042030-30,0.0220,27.00,no
2026-10-05T00:26:27.049708Z,KXSOL15M-26OCT042030-30,0.0230,24.00,no
2026-10-05T00:26:27.049708Z,KXSOL15M-26OCT042030-30,0.0160,20.00,no
2026-10-05T00:26:27.049708Z,KXSOL15M-26OCT042030-30,0.0150,67.00,no
2026-10-05T00:26:27.049708Z,KXSOL15M-26OCT042030-30,0.0140,81.00,no
2026-10-05T00:26:27.049708Z,KXSOL15M-26OCT042030-30,0.0250,33.00,no
2026-10-05T00:26:27.049708Z,KXSOL15M-26OCT042030-30,0.0210,7.00,no
2026-10-05T00:26:27.049708Z,KXSOL15M-26OCT042030-30,0.0220,3.00,no
2026-10-05T00:26:27.049708Z,KXSOL15M-26OCT042030-30,0.0240,22.00,no
2026-10-05T00:26:27.049708Z,KXSOL15M-26OCT042030-30,0.0250,22.00,no
2026-10-05T00:26:27.049708Z,KXSOL15M-26OCT042030-30,0.0230,3.00,no
2026-10-05T00:26:27.049708Z,KXSOL15M-26OCT042030-30,0.0200,6.00,no
2026-10-05T00:26:27.049708Z,KXSOL15M-26OCT042030-30,0.0190,35.00,no
2026-10-05T00:26:27.049708Z,KXSOL15M-26OCT042030-30,0.0100,35.75,no
2026-10-05T00:26:27.049708Z,KXSOL15M-26OCT042030-30,0.0210,19.00,no
2026-10-05T00:26:27.049708Z,KXSOL15M-26OCT042030-30,0.0100,4.33,no
2026-10-05T00:26:27.049708Z,KXSOL15M-26OCT042030-30,0.0200,100.00,no
2026-10-05T00:26:27.071052Z,KXSOL15M-26OCT042030-30,0.0190,3.00,no
2026-10-05T00:26:27.08145Z,KXSOL15M-26OCT042030-30,0.0190,3.00,no
2026-10-05T00:26:27.116717Z,KXSOL15M-26OCT042030-30,0.0180,3.00,no
2026-10-05T00:26:27.270546Z,KXSOL15M-26OCT042030-30,0.0170,3.00,no
2026-10-05T00:26:27.777915Z,KXSOL15M-26OCT042030-30,0.0170,41.00,no
2026-10-05T00:26:28.122723Z,KXSOL15M-26OCT042030-30,0.0190,2.18,yes
2026-10-05T00:26:28.129799Z,KXSOL15M-26OCT042030-30,0.0160,57.00,no
2026-10-05T00:26:28.418775Z,KXSOL15M-26OCT042030-30,0.0150,3.00,no
2026-10-05T00:26:28.418775Z,KXSOL15M-26OCT042030-30,0.0140,7.00,no
2026-10-05T00:26:28.418775Z,KXSOL15M-26OCT042030-30,0.0150,7.00,no
2026-10-05T00:26:28.418775Z,KXSOL15M-26OCT042030-30,0.0140,3.00,no
2026-10-05T00:26:28.4217Z,KXSOL15M-26OCT042030-30,0.0170,12.00,yes
2026-10-05T00:26:28.4217Z,KXSOL15M-26OCT042030-30,0.0170,2.00,yes
2026-10-05T00:26:28.4217Z,KXSOL15M-26OCT042030-30,0.0160,35.00,yes
2026-10-05T00:26:28.421836Z,KXSOL15M-26OCT042030-30,0.0180,14.00,yes
2026-10-05T00:26:28.421836Z,KXSOL15M-26OCT042030-30,0.0180,45.00,yes
2026-10-05T00:26:28.421874Z,KXSOL15M-26OCT042030-30,0.0180,56.00,yes
2026-10-05T00:26:28.422189Z,KXSOL15M-26OCT042030-30,0.0180,28.31,yes
2026-10-05T00:26:28.422189Z,KXSOL15M-26OCT042030-30,0.0190,42.82,yes
2026-10-05T00:26:28.422448Z,KXSOL15M-26OCT042030-30,0.0200,10.00,yes
2026-10-05T00:26:28.422448Z,KXSOL15M-26OCT042030-30,0.0200,2.00,yes
2026-10-05T00:26:28.422499Z,KXSOL15M-26OCT042030-30,0.0200,8.00,yes
2026-10-05T00:26:28.422499Z,KXSOL15M-26OCT042030-30,0.0200,1.00,yes
2026-10-05T00:26:28.422877Z,KXSOL15M-26OCT042030-30,0.0230,11.00,yes
2026-10-05T00:26:28.423116Z,KXSOL15M-26OCT042030-30,0.0230,15.00,yes
2026-10-05T00:26:28.486268Z,KXSOL15M-26OCT042030-30,0.0200,3.00,no
2026-10-05T00:26:28.528029Z,KXSOL15M-26OCT042030-30,0.0170,1.31,no
2026-10-05T00:26:28.528029Z,KXSOL15M-26OCT042030-30,0.0190,5.00,no
2026-10-05T00:26:28.528029Z,KXSOL15M-26OCT042030-30,0.0180,3.00,no
2026-10-05T00:26:28.622811Z,KXSOL15M-26OCT042030-30,0.0200,8.00,no
2026-10-05T00:26:28.720587Z,KXSOL15M-26OCT042030-30,0.0200,3.00,no
2026-10-05T00:26:28.774754Z,KXSOL15M-26OCT042030-30,0.0220,3.00,no
2026-10-05T00:26:28.870709Z,KXSOL15M-26OCT042030-30,0.0220,8.00,no
2026-10-05T00:26:29.103768Z,KXSOL15M-26OCT042030-30,0.0200,11.00,no
2026-10-05T00:26:29.294227Z,KXSOL15M-26OCT042030-30,0.0190,11.00,no
2026-10-05T00:26:29.327751Z,KXSOL15M-26OCT042030-30,0.0200,3.00,no
2026-10-05T00:26:29.331804Z,KXSOL15M-26OCT042030-30,0.0200,3.00,no
2026-10-05T00:26:29.333606Z,KXSOL15M-26OCT042030-30,0.0200,3.00,no
2026-10-05T00:26:29.336487Z,KXSOL15M-26OCT042030-30,0.0200,3.00,no
2026-10-05T00:26:29.339215Z,KXSOL15M-26OCT042030-30,0.0200,3.00,no
2026-10-05T00:26:29.342181Z,KXSOL15M-26OCT042030-30,0.0200,3.00,no
2026-10-05T00:26:29.343576Z,KXSOL15M-26OCT042030-30,0.0200,4.00,no
2026-10-05T00:26:29.343793Z,KXSOL15M-26OCT042030-30,0.0200,3.00,no
2026-10-05T00:26:29.34509Z,KXSOL15M-26OCT042030-30,0.0200,4.00,no
2026-10-05T00:26:29.411294Z,KXSOL15M-26OCT042030-30,0.0200,14.34,no
2026-10-05T00:26:29.545214Z,KXSOL15M-26OCT042030-30,0.0200,38.00,no
2026-10-05T00:26:29.545214Z,KXSOL15M-26OCT042030-30,0.0200,1.00,no
2026-10-05T00:26:29.734934Z,KXSOL15M-26OCT042030-30,0.0190,19.35,no
2026-10-05T00:26:30.020219Z,KXSOL15M-26OCT042030-30,0.0210,1.00,yes
2026-10-05T00:26:30.64801Z,KXSOL15M-26OCT042030-30,0.0230,51.00,yes
2026-10-05T00:26:30.648184Z,KXSOL15M-26OCT042030-30,0.0230,13.00,yes
2026-10-05T00:26:30.648184Z,KXSOL15M-26OCT042030-30,0.0230,1.00,yes
2026-10-05T00:26:32.280044Z,KXSOL15M-26OCT042030-30,0.0230,18.00,no
2026-10-05T00:26:32.280044Z,KXSOL15M-26OCT042030-30,0.0220,32.90,no
2026-10-05T00:26:32.498354Z,KXSOL15M-26OCT042030-30,0.0220,6.00,no
2026-10-05T00:26:32.677346Z,KXSOL15M-26OCT042030-30,0.0250,8.00,yes
2026-10-05T00:26:32.677346Z,KXSOL15M-26OCT042030-30,0.0250,1.00,yes
2026-10-05T00:26:32.677346Z,KXSOL15M-26OCT042030-30,0.0240,6.00,yes
2026-10-05T00:26:32.677346Z,KXSOL15M-26OCT042030-30,0.0240,12.00,yes
2026-10-05T00:26:32.677346Z,KXSOL15M-26OCT042030-30,0.0250,9.00,yes
2026-10-05T00:26:32.677346Z,KXSOL15M-26OCT042030-30,0.0250,37.00,yes
2026-10-05T00:26:32.979553Z,KXSOL15M-26OCT042030-30,0.0260,1.07,yes
2026-10-05T00:26:32.988825Z,KXSOL15M-26OCT042030-30,0.0260,12.00,yes
2026-10-05T00:26:33.049441Z,KXSOL15M-26OCT042030-30,0.0260,11.60,yes
2026-10-05T00:26:33.151585Z,KXSOL15M-26OCT042030-30,0.0260,46.00,yes
2026-10-05T00:26:33.254503Z,KXSOL15M-26OCT042030-30,0.0250,5.00,no
2026-10-05T00:26:33.254503Z,KXSOL15M-26OCT042030-30,0.0250,5.00,no
2026-10-05T00:26:33.288108Z,KXSOL15M-26OCT042030-30,0.0260,12.00,yes
2026-10-05T00:26:33.373524Z,KXSOL15M-26OCT042030-30,0.0260,0.07,yes
2026-10-05T00:26:33.501952Z,KXSOL15M-26OCT042030-30,0.0260,13.00,yes
2026-10-05T00:26:33.567924Z,KXSOL15M-26OCT042030-30,0.0260,13.00,yes
2026-10-05T00:26:33.568127Z,KXSOL15M-26OCT042030-30,0.0260,20.26,yes
2026-10-05T00:26:33.568127Z,KXSOL15M-26OCT042030-30,0.0260,7.74,yes
2026-10-05T00:26:33.641621Z,KXSOL15M-26OCT042030-30,0.0260,2.60,yes
2026-10-05T00:26:33.736089Z,KXSOL15M-26OCT042030-30,0.0260,23.00,yes
2026-10-05T00:26:33.747946Z,KXSOL15M-26OCT042030-30,0.0260,2.00,yes
2026-10-05T00:26:33.864638Z,KXSOL15M-26OCT042030-30,0.0260,3.60,yes
2026-10-05T00:26:34.095168Z,KXSOL15M-26OCT042030-30,0.0260,25.00,yes
2026-10-05T00:26:34.37413Z,KXSOL15M-26OCT042030-30,0.0260,11.06,yes
2026-10-05T00:26:34.654025Z,KXSOL15M-26OCT042030-30,0.0240,5.06,no
2026-10-05T00:26:34.654025Z,KXSOL15M-26OCT042030-30,0.0260,5.00,no
2026-10-05T00:26:34.654025Z,KXSOL15M-26OCT042030-30,0.0250,10.00,no
2026-10-05T00:26:35.10525Z,KXSOL15M-26OCT042030-30,0.0260,5.00,no
2026-10-05T00:26:35.10525Z,KXSOL15M-26OCT042030-30,0.0260,1.00,no
2026-10-05T00:26:35.626611Z,KXSOL15M-26OCT042030-30,0.0270,4.00,yes
2026-10-05T00:26:35.626611Z,KXSOL15M-26OCT042030-30,0.0270,1.00,yes
2026-10-05T00:26:35.68503Z,KXSOL15M-26OCT042030-30,0.0290,3.00,yes
2026-10-05T00:26:35.68503Z,KXSOL15M-26OCT042030-30,0.0290,8.00,yes
2026-10-05T00:26:35.68503Z,KXSOL15M-26OCT042030-30,0.0280,39.00,yes
2026-10-05T00:26:35.68503Z,KXSOL15M-26OCT042030-30,0.0300,3.00,yes
2026-10-05T00:26:35.68503Z,KXSOL15M-26OCT042030-30,0.0410,2.57,yes
2026-10-05T00:26:35.68503Z,KXSOL15M-26OCT042030-30,0.0270,4.00,yes
2026-10-05T00:26:35.68503Z,KXSOL15M-26OCT042030-30,0.0360,8.00,yes
2026-10-05T00:26:35.68503Z,KXSOL15M-26OCT042030-30,0.0410,14.00,yes
2026-10-05T00:26:35.68503Z,KXSOL15M-26OCT042030-30,0.0400,6.00,yes
2026-10-05T00:26:35.68503Z,KXSOL15M-26OCT042030-30,0.0350,6.00,yes
2026-10-05T00:26:35.68503Z,KXSOL15M-26OCT042030-30,0.0300,1.00,yes
2026-10-05T00:26:35.68503Z,KXSOL15M-26OCT042030-30,0.0300,1.00,yes
2026-10-05T00:26:35.68503Z,KXSOL15M-26OCT042030-30,0.0300,22.00,yes
2026-10-05T00:26:35.68503Z,KXSOL15M-26OCT042030-30,0.0400,1.00,yes
2026-10-05T00:26:35.68503Z,KXSOL15M-26OCT042030-30,0.0310,31.00,yes
2026-10-05T00:26:35.68503Z,KXSOL15M-26OCT042030-30,0.0370,30.00,yes
2026-10-05T00:26:35.68503Z,KXSOL15M-26OCT042030-30,0.0350,1.00,yes
2026-10-05T00:26:35.68503Z,KXSOL15M-26OCT042030-30,0.0340,9.00,yes
2026-10-05T00:26:36.645917Z,KXSOL15M-26OCT042030-30,0.0310,3.00,yes
2026-10-05T00:26:36.645917Z,KXSOL15M-26OCT042030-30,0.0350,6.00,yes
2026-10-05T00:26:36.645917Z,KXSOL15M-26OCT042030-30,0.0370,10.00,yes
2026-10-05T00:26:36.645917Z,KXSOL15M-26OCT042030-30,0.0310,18.00,yes
2026-10-05T00:26:36.645917Z,KXSOL15M-26OCT042030-30,0.0380,43.64,yes
2026-10-05T00:26:36.645917Z,KXSOL15M-26OCT042030-30,0.0370,7.00,yes
2026-10-05T00:26:36.645917Z,KXSOL15M-26OCT042030-30,0.0300,47.00,yes
2026-10-05T00:26:36.645917Z,KXSOL15M-26OCT042030-30,0.0320,3.00,yes
2026-10-05T00:26:38.104576Z,KXSOL15M-26OCT042030-30,0.0310,14.28,no
2026-10-05T00:26:38.136714Z,KXSOL15M-26OCT042030-30,0.0360,72.00,no
2026-10-05T00:26:38.136714Z,KXSOL15M-26OCT042030-30,0.0370,3.00,no
2026-10-05T00:26:38.289455Z,KXSOL15M-26OCT042030-30,0.0370,31.00,no
2026-10-05T00:26:38.289455Z,KXSOL15M-26OCT042030-30,0.0360,8.00,no
2026-10-05T00:26:38.289455Z,KXSOL15M-26OCT042030-30,0.0370,6.00,no
2026-10-05T00:26:38.289455Z,KXSOL15M-26OCT042030-30,0.0370,5.00,no
2026-10-05T00:26:39.026554Z,KXSOL15M-26OCT042030-30,0.0400,7.00,yes
2026-10-05T00:26:39.026554Z,KXSOL15M-26OCT042030-30,0.0410,22.00,yes
2026-10-05T00:26:39.026554Z,KXSOL15M-26OCT042030-30,0.0410,3.00,yes
2026-10-05T00:26:39.026554Z,KXSOL15M-26OCT042030-30,0.0400,3.00,yes
2026-10-05T00:26:39.026554Z,KXSOL15M-26OCT042030-30,0.0400,25.00,yes
2026-10-05T00:26:39.026554Z,KXSOL15M-26OCT042030-30,0.0420,29.13,yes
2026-10-05T00:26:39.99934Z,KXSOL15M-26OCT042030-30,0.0340,31.20,yes
2026-10-05T00:26:40.457607Z,KXSOL15M-26OCT042030-30,0.0330,3.00,yes
2026-10-05T00:26:40.457607Z,KXSOL15M-26OCT042030-30,0.0330,3.88,yes
2026-10-05T00:26:43.881154Z,KXSOL15M-26OCT042030-30,0.0260,6.00,no
2026-10-05T00:26:43.881154Z,KXSOL15M-26OCT042030-30,0.0310,1.72,no
2026-10-05T00:26:43.881154Z,KXSOL15M-26OCT042030-30,0.0300,20.00,no
2026-10-05T00:26:43.881154Z,KXSOL15M-26OCT042030-30,0.0280,64.00,no
2026-10-05T00:26:43.881808Z,KXSOL15M-26OCT042030-30,0.0250,27.00,no
2026-10-05T00:26:44.08447Z,KXSOL15M-26OCT042030-30,0.0310,94.00,yes
2026-10-05T00:26:44.08447Z,KXSOL15M-26OCT042030-30,0.0320,22.00,yes
2026-10-05T00:26:44.08447Z,KXSOL15M-26OCT042030-30,0.0310,11.00,yes
2026-10-05T00:26:44.08447Z,KXSOL15M-26OCT042030-30,0.0300,7.00,yes
2026-10-05T00:26:44.08447Z,KXSOL15M-26OCT042030-30,0.0300,3.00,yes
2026-10-05T00:26:44.08447Z,KXSOL15M-26OCT042030-30,0.0290,3.00,yes
2026-10-05T00:26:44.273044Z,KXSOL15M-26OCT042030-30,0.0270,8.00,no
2026-10-05T00:26:44.273244Z,KXSOL15M-26OCT042030-30,0.0260,10.00,no
2026-10-05T00:26:44.273244Z,KXSOL15M-26OCT042030-30,0.0270,12.00,no
2026-10-05T00:26:44.273244Z,KXSOL15M-26OCT042030-30,0.0250,71.00,no
2026-10-05T00:26:44.273244Z,KXSOL15M-26OCT042030-30,0.0260,6.00,no
2026-10-05T00:26:44.500008Z,KXSOL15M-26OCT042030-30,0.0280,15.00,yes
2026-10-05T00:26:44.500008Z,KXSOL15M-26OCT042030-30,0.0290,8.00,yes
2026-10-05T00:26:44.500008Z,KXSOL15M-26OCT042030-30,0.0290,4.70,yes
2026-10-05T00:26:44.500008Z,KXSOL15M-26OCT042030-30,0.0280,31.00,yes
2026-10-05T00:26:44.722424Z,KXSOL15M-26OCT042030-30,0.0260,0.91,no
2026-10-05T00:26:45.074609Z,KXSOL15M-26OCT042030-30,0.0280,8.00,yes
2026-10-05T00:26:45.074609Z,KXSOL15M-26OCT042030-30,0.0280,9.00,yes
2026-10-05T00:26:45.074609Z,KXSOL15M-26OCT042030-30,0.0290,21.00,yes
2026-10-05T00:26:45.822573Z,KXSOL15M-26OCT042030-30,0.0290,8.00,yes
2026-10-05T00:26:45.822573Z,KXSOL15M-26OCT042030-30,0.0360,22.00,yes
2026-10-05T00:26:45.822573Z,KXSOL15M-26OCT042030-30,0.0390,5.00,yes
2026-10-05T00:26:45.822573Z,KXSOL15M-26OCT042030-30,0.0380,42.00,yes
2026-10-05T00:26:45.822573Z,KXSOL15M-26OCT042030-30,0.0350,6.00,yes
2026-10-05T00:26:45.822573Z,KXSOL15M-26OCT042030-30,0.0400,11.01,yes
2026-10-05T00:26:45.822573Z,KXSOL15M-26OCT042030-30,0.0300,350.00,yes
2026-10-05T00:26:45.822573Z,KXSOL15M-26OCT042030-30,0.0290,20.00,yes
2026-10-05T00:26:45.822573Z,KXSOL15M-26OCT042030-30,0.0320,3.00,yes
2026-10-05T00:26:45.822573Z,KXSOL15M-26OCT042030-30,0.0290,10.00,yes
2026-10-05T00:26:45.822573Z,KXSOL15M-26OCT042030-30,0.0310,3.00,yes
2026-10-05T00:26:45.822573Z,KXSOL15M-26OCT042030-30,0.0400,6.00,yes
2026-10-05T00:26:45.839257Z,KXSOL15M-26OCT042030-30,0.0330,1.00,yes
2026-10-05T00:26:46.962243Z,KXSOL15M-26OCT042030-30,0.0330,8.44,yes
2026-10-05T00:26:47.293972Z,KXSOL15M-26OCT042030-30,0.0440,0.92,yes
2026-10-05T00:26:47.293972Z,KXSOL15M-26OCT042030-30,0.0420,20.00,yes
2026-10-05T00:26:47.293972Z,KXSOL15M-26OCT042030-30,0.0350,14.00,yes
2026-10-05T00:26:47.293972Z,KXSOL15M-26OCT042030-30,0.0390,9.00,yes
2026-10-05T00:26:47.293972Z,KXSOL15M-26OCT042030-30,0.0390,10.00,yes
2026-10-05T00:26:47.293972Z,KXSOL15M-26OCT042030-30,0.0350,3.00,yes
2026-10-05T00:26:47.293972Z,KXSOL15M-26OCT042030-30,0.0360,1.00,yes
2026-10-05T00:26:47.293972Z,KXSOL15M-26OCT042030-30,0.0400,5.00,yes
2026-10-05T00:26:47.293972Z,KXSOL15M-26OCT042030-30,0.0330,14.56,yes
2026-10-05T00:26:47.293972Z,KXSOL15M-26OCT042030-30,0.0360,3.00,yes
2026-10-05T00:26:47.293972Z,KXSOL15M-26OCT042030-30,0.0400,338.99,yes
2026-10-05T00:26:48.171324Z,KXSOL15M-26OCT042030-30,0.0390,0.33,yes
2026-10-05T00:26:49.289761Z,KXSOL15M-26OCT042030-30,0.0350,19.00,yes
2026-10-05T00:26:49.289761Z,KXSOL15M-26OCT042030-30,0.0340,22.00,yes
2026-10-05T00:26:50.278291Z,KXSOL15M-26OCT042030-30,0.0480,4.00,yes
2026-10-05T00:26:50.278291Z,KXSOL15M-26OCT042030-30,0.0450,6.00,yes
2026-10-05T00:26:50.278291Z,KXSOL15M-26OCT042030-30,0.0410,3.00,yes
2026-10-05T00:26:50.278291Z,KXSOL15M-26OCT042030-30,0.0400,3.00,yes
2026-10-05T00:26:50.278291Z,KXSOL15M-26OCT042030-30,0.0460,1.00,yes
2026-10-05T00:26:50.278291Z,KXSOL15M-26OCT042030-30,0.0440,3.00,yes
2026-10-05T00:26:51.086152Z,KXSOL15M-26OCT042030-30,0.0410,3.00,yes
2026-10-05T00:26:51.086152Z,KXSOL15M-26OCT042030-30,0.0460,41.00,yes
2026-10-05T00:26:51.086152Z,KXSOL15M-26OCT042030-30,0.0470,1.00,yes
2026-10-05T00:26:51.086152Z,KXSOL15M-26OCT042030-30,0.0450,7.00,yes
2026-10-05T00:26:51.086152Z,KXSOL15M-26OCT042030-30,0.0470,9.00,yes
2026-10-05T00:26:51.086152Z,KXSOL15M-26OCT042030-30,0.0500,23.07,yes
2026-10-05T00:26:51.086152Z,KXSOL15M-26OCT042030-30,0.0490,10.00,yes
2026-10-05T00:26:51.086152Z,KXSOL15M-26OCT042030-30,0.0500,1.00,yes
2026-10-05T00:26:51.136208Z,KXSOL15M-26OCT042030-30,0.0410,5.00,yes
2026-10-05T00:26:51.136208Z,KXSOL15M-26OCT042030-30,0.0420,0.51,yes
2026-10-05T00:26:51.214523Z,KXSOL15M-26OCT042030-30,0.0340,6.00,no
2026-10-05T00:26:51.214523Z,KXSOL15M-26OCT042030-30,0.0380,10.00,no
2026-10-05T00:26:51.214523Z,KXSOL15M-26OCT042030-30,0.0330,9.00,no
2026-10-05T00:26:51.563433Z,KXSOL15M-26OCT042030-30,0.0380,8.00,yes
2026-10-05T00:26:51.563433Z,KXSOL15M-26OCT042030-30,0.0400,93.03,yes
2026-10-05T00:26:51.563433Z,KXSOL15M-26OCT042030-30,0.0370,7.00,yes
2026-10-05T00:26:51.563433Z,KXSOL15M-26OCT042030-30,0.0390,10.00,yes
2026-10-05T00:26:51.811023Z,KXSOL15M-26OCT042030-30,0.0390,9.98,yes
2026-10-05T00:26:51.811023Z,KXSOL15M-26OCT042030-30,0.0380,5.00,yes
2026-10-05T00:26:51.811023Z,KXSOL15M-26OCT042030-30,0.0390,9.00,yes
2026-10-05T00:26:52.60902Z,KXSOL15M-26OCT042030-30,0.0370,12.66,yes
2026-10-05T00:26:52.674868Z,KXSOL15M-26OCT042030-30,0.0380,5.00,yes
2026-10-05T00:26:52.674868Z,KXSOL15M-26OCT042030-30,0.0360,39.00,yes
2026-10-05T00:26:52.674868Z,KXSOL15M-26OCT042030-30,0.0370,5.34,yes
2026-10-05T00:26:52.674868Z,KXSOL15M-26OCT042030-30,0.0390,0.02,yes
2026-10-05T00:26:52.833845Z,KXSOL15M-26OCT042030-30,0.0330,41.00,no
2026-10-05T00:26:52.833845Z,KXSOL15M-26OCT042030-30,0.0320,1.00,no
2026-10-05T00:26:52.833845Z,KXSOL15M-26OCT042030-30,0.0340,35.00,no
2026-10-05T00:26:55.202141Z,KXSOL15M-26OCT042030-30,0.0400,115.45,yes
2026-10-05T00:26:55.56169Z,KXSOL15M-26OCT042030-30,0.0390,21.00,no
2026-10-05T00:26:55.56169Z,KXSOL15M-26OCT042030-30,0.0380,19.00,no
2026-10-05T00:26:55.56169Z,KXSOL15M-26OCT042030-30,0.0370,10.00,no
2026-10-05T00:26:56.670658Z,KXSOL15M-26OCT042030-30,0.0400,81.55,yes
2026-10-05T00:26:56.670658Z,KXSOL15M-26OCT042030-30,0.0390,28.00,yes
2026-10-05T00:26:56.670658Z,KXSOL15M-26OCT042030-30,0.0380,23.00,yes
2026-10-05T00:26:56.670658Z,KXSOL15M-26OCT042030-30,0.0380,8.00,yes
2026-10-05T00:26:56.916741Z,KXSOL15M-26OCT042030-30,0.0370,22.00,no
2026-10-05T00:26:56.916741Z,KXSOL15M-26OCT042030-30,0.0360,18.00,no
2026-10-05T00:26:56.916784Z,KXSOL15M-26OCT042030-30,0.0360,3.00,no
2026-10-05T00:26:57.525143Z,KXSOL15M-26OCT042030-30,0.0300,8.00,no
2026-10-05T00:26:57.742085Z,KXSOL15M-26OCT042030-30,0.0320,10.00,yes
2026-10-05T00:26:57.742085Z,KXSOL15M-26OCT042030-30,0.0330,10.00,yes
2026-10-05T00:26:57.742085Z,KXSOL15M-26OCT042030-30,0.0320,8.00,yes
2026-10-05T00:26:57.742085Z,KXSOL15M-26OCT042030-30,0.0320,10.00,yes
2026-10-05T00:26:58.337942Z,KXSOL15M-26OCT042030-30,0.0300,2.00,no
2026-10-05T00:26:58.338004Z,KXSOL15M-26OCT042030-30,0.0230,1.00,no
2026-10-05T00:26:58.338004Z,KXSOL15M-26OCT042030-30,0.0230,7.00,no
2026-10-05T00:26:58.338004Z,KXSOL15M-26OCT042030-30,0.0250,6.00,no
2026-10-05T00:26:58.375365Z,KXSOL15M-26OCT042030-30,0.0260,0.12,yes
2026-10-05T00:26:58.886722Z,KXSOL15M-26OCT042030-30,0.0230,9.75,no
2026-10-05T00:26:59.276702Z,KXSOL15M-26OCT042030-30,0.0230,20.00,yes
2026-10-05T00:26:59.797898Z,KXSOL15M-26OCT042030-30,0.0230,25.00,no
2026-10-05T00:26:59.797898Z,KXSOL15M-26OCT042030-30,0.0220,18.00,no
2026-10-05T00:27:00.054812Z,KXSOL15M-26OCT042030-30,0.0200,7.95,no
2026-10-05T00:27:00.054812Z,KXSOL15M-26OCT042030-30,0.0200,3.00,no
2026-10-05T00:27:00.274957Z,KXSOL15M-26OCT042030-30,0.0210,5.00,no
2026-10-05T00:27:00.364756Z,KXSOL15M-26OCT042030-30,0.0210,4.00,no
2026-10-05T00:27:00.364796Z,KXSOL15M-26OCT042030-30,0.0200,19.00,no
2026-10-05T00:27:00.36494Z,KXSOL15M-26OCT042030-30,0.0200,4.00,no
2026-10-05T00:27:00.760201Z,KXSOL15M-26OCT042030-30,0.0160,33.00,no
2026-10-05T00:27:00.760201Z,KXSOL15M-26OCT042030-30,0.0140,14.14,no
2026-10-05T00:27:00.760201Z,KXSOL15M-26OCT042030-30,0.0150,6.00,no
2026-10-05T00:27:00.760201Z,KXSOL15M-26OCT042030-30,0.0160,8.00,no
2026-10-05T00:27:00.760201Z,KXSOL15M-26OCT042030-30,0.0150,65.00,no
2026-10-05T00:27:02.368238Z,KXSOL15M-26OCT042030-30,0.0210,2.69,yes
2026-10-05T00:27:02.613538Z,KXSOL15M-26OCT042030-30,0.0190,2.00,no
2026-10-05T00:27:03.516935Z,KXSOL15M-26OCT042030-30,0.0180,6.00,no
2026-10-05T00:27:03.516935Z,KXSOL15M-26OCT042030-30,0.0180,3.00,no
2026-10-05T00:27:03.689588Z,KXSOL15M-26OCT042030-30,0.0160,5.78,no
2026-10-05T00:27:04.530661Z,KXSOL15M-26OCT042030-30,0.0210,0.61,yes
2026-10-05T00:27:05.038747Z,KXSOL15M-26OCT042030-30,0.0210,4.39,yes
2026-10-05T00:27:05.038747Z,KXSOL15M-26OCT042030-30,0.0210,17.89,yes
2026-10-05T00:27:05.047129Z,KXSOL15M-26OCT042030-30,0.0180,2.00,no
2026-10-05T00:27:05.059736Z,KXSOL15M-26OCT042030-30,0.0170,0.99,no
2026-10-05T00:27:05.851795Z,KXSOL15M-26OCT042030-30,0.0170,6.00,no
2026-10-05T00:27:05.851795Z,KXSOL15M-26OCT042030-30,0.0170,7.00,no
2026-10-05T00:27:05.851795Z,KXSOL15M-26OCT042030-30,0.0170,12.00,no
2026-10-05T00:27:05.851795Z,KXSOL15M-26OCT042030-30,0.0170,12.00,no
2026-10-05T00:27:05.851795Z,KXSOL15M-26OCT042030-30,0.0170,14.00,no
2026-10-05T00:27:06.451182Z,KXSOL15M-26OCT042030-30,0.0160,5.00,no
2026-10-05T00:27:06.451182Z,KXSOL15M-26OCT042030-30,0.0160,2.00,no
2026-10-05T00:27:06.451182Z,KXSOL15M-26OCT042030-30,0.0170,7.00,no
2026-10-05T00:27:06.451182Z,KXSOL15M-26OCT042030-30,0.0170,4.00,no
2026-10-05T00:27:07.080823Z,KXSOL15M-26OCT042030-30,0.0160,3.00,no
2026-10-05T00:27:07.080823Z,KXSOL15M-26OCT042030-30,0.0160,10.00,no
2026-10-05T00:27:07.080823Z,KXSOL15M-26OCT042030-30,0.0150,2.45,no
2026-10-05T00:27:07.080823Z,KXSOL15M-26OCT042030-30,0.0150,7.00,no
2026-10-05T00:27:07.080823Z,KXSOL15M-26OCT042030-30,0.0160,8.00,no
2026-10-05T00:27:07.080823Z,KXSOL15M-26OCT042030-30,0.0150,15.00,no
2026-10-05T00:27:07.080823Z,KXSOL15M-26OCT042030-30,0.0150,1.00,no
2026-10-05T00:27:07.111391Z,KXSOL15M-26OCT042030-30,0.0160,1.01,no
2026-10-05T00:27:07.340719Z,KXSOL15M-26OCT042030-30,0.0160,8.00,no
2026-10-05T00:27:07.412547Z,KXSOL15M-26OCT042030-30,0.0180,23.57,yes
2026-10-05T00:27:07.412547Z,KXSOL15M-26OCT042030-30,0.0180,11.00,yes
2026-10-05T00:27:07.412547Z,KXSOL15M-26OCT042030-30,0.0160,8.00,yes
2026-10-05T00:27:07.412547Z,KXSOL15M-26OCT042030-30,0.0180,1.00,yes
2026-10-05T00:27:08.762815Z,KXSOL15M-26OCT042030-30,0.0120,46.58,no
2026-10-05T00:27:08.762815Z,KXSOL15M-26OCT042030-30,0.0120,7.00,no
2026-10-05T00:27:08.762815Z,KXSOL15M-26OCT042030-30,0.0120,28.00,no
2026-10-05T00:27:09.813507Z,KXSOL15M-26OCT042030-30,0.0110,0.99,no
2026-10-05T00:27:09.813507Z,KXSOL15M-26OCT042030-30,0.0110,28.00,no
2026-10-05T00:27:09.813507Z,KXSOL15M-26OCT042030-30,0.0110,11.01,no
2026-10-05T00:27:10.249358Z,KXSOL15M-26OCT042030-30,0.0110,3.00,no
2026-10-05T00:27:10.249358Z,KXSOL15M-26OCT042030-30,0.0100,38.20,no
2026-10-05T00:27:10.249358Z,KXSOL15M-26OCT042030-30,0.0110,7.00,no
2026-10-05T00:27:10.249358Z,KXSOL15M-26OCT042030-30,0.0110,9.99,no
2026-10-05T00:27:10.249358Z,KXSOL15M-26OCT042030-30,0.0100,0.91,no
2026-10-05T00:27:10.249358Z,KXSOL15M-26OCT042030-30,0.0100,15.90,no
2026-10-05T00:27:10.249358Z,KXSOL15M-26OCT042030-30,0.0100,25.00,no
2026-10-05T00:27:10.618817Z,KXSOL15M-26OCT042030-30,0.0100,6.00,no
2026-10-05T00:27:10.786794Z,KXSOL15M-26OCT042030-30,0.0100,30.09,no
2026-10-05T00:27:11.038689Z,KXSOL15M-26OCT042030-30,0.0100,3.71,no
2026-10-05T00:27:11.038689Z,KXSOL15M-26OCT042030-30,0.0100,10.00,no
2026-10-05T00:27:11.038689Z,KXSOL15M-26OCT042030-30,0.0100,12.00,no
2026-10-05T00:27:11.038689Z,KXSOL15M-26OCT042030-30,0.0100,6.00,no
2026-10-05T00:27:11.038689Z,KXSOL15M-26OCT042030-30,0.0100,3.00,no
2026-10-05T00:27:11.038689Z,KXSOL15M-26OCT042030-30,0.0100,25.00,no
2026-10-05T00:27:12.179932Z,KXSOL15M-26OCT042030-30,0.0090,1.00,no
2026-10-05T00:27:12.179932Z,KXSOL15M-26OCT042030-30,0.0080,1.00,no
2026-10-05T00:27:12.179932Z,KXSOL15M-26OCT042030-30,0.0090,10.00,no
2026-10-05T00:27:12.179932Z,KXSOL15M-26OCT042030-30,0.0090,10.00,no
2026-10-05T00:27:12.179932Z,KXSOL15M-26OCT042030-30,0.0090,8.00,no
2026-10-05T00:27:12.179932Z,KXSOL15M-26OCT042030-30,0.0090,43.00,no
2026-10-05T00:27:12.179932Z,KXSOL15M-26OCT042030-30,0.0080,52.91,no
2026-10-05T00:27:12.516115Z,KXSOL15M-26OCT042030-30,0.0090,10.00,no
2026-10-05T00:27:12.516115Z,KXSOL15M-26OCT042030-30,0.0090,10.00,no
2026-10-05T00:27:12.516115Z,KXSOL15M-26OCT042030-30,0.0080,34.00,no
2026-10-05T00:27:12.521924Z,KXSOL15M-26OCT042030-30,0.0080,34.00,no
2026-10-05T00:27:12.79414Z,KXSOL15M-26OCT042030-30,0.0120,25.00,yes
2026-10-05T00:27:12.79414Z,KXSOL15M-26OCT042030-30,0.0120,15.00,yes
2026-10-05T00:27:12.79414Z,KXSOL15M-26OCT042030-30,0.0140,7.13,yes
2026-10-05T00:27:12.79414Z,KXSOL15M-26OCT042030-30,0.0130,100.00,yes
2026-10-05T00:27:13.654422Z,KXSOL15M-26OCT042030-30,0.0090,40.00,no
2026-10-05T00:27:13.654422Z,KXSOL15M-26OCT042030-30,0.0090,21.00,no
2026-10-05T00:27:13.654422Z,KXSOL15M-26OCT042030-30,0.0090,10.00,no
2026-10-05T00:27:13.654422Z,KXSOL15M-26OCT042030-30,0.0090,10.00,no
2026-10-05T00:27:13.996602Z,KXSOL15M-26OCT042030-30,0.0080,9.00,no
2026-10-05T00:27:14.005974Z,KXSOL15M-26OCT042030-30,0.0080,3.00,no
2026-10-05T00:27:14.013242Z,KXSOL15M-26OCT042030-30,0.0080,3.00,no
2026-10-05T00:27:14.03823Z,KXSOL15M-26OCT042030-30,0.0080,20.00,no
2026-10-05T00:27:14.076439Z,KXSOL15M-26OCT042030-30,0.0080,7.00,no
2026-10-05T00:27:14.08186Z,KXSOL15M-26OCT042030-30,0.0080,3.00,no
2026-10-05T00:27:14.098707Z,KXSOL15M-26OCT042030-30,0.0080,1.00,no
2026-10-05T00:27:14.102118Z,KXSOL15M-26OCT042030-30,0.0080,31.00,no
2026-10-05T00:27:14.65621Z,KXSOL15M-26OCT042030-30,0.0100,42.00,yes
2026-10-05T00:27:14.676121Z,KXSOL15M-26OCT042030-30,0.0100,26.00,yes
2026-10-05T00:27:14.68373Z,KXSOL15M-26OCT042030-30,0.0100,1.00,yes
2026-10-05T00:27:14.685292Z,KXSOL15M-26OCT042030-30,0.0100,11.00,yes
2026-10-05T00:27:14.685292Z,KXSOL15M-26OCT042030-30,0.0100,13.00,yes
2026-10-05T00:27:14.693581Z,KXSOL15M-26OCT042030-30,0.0100,24.00,yes
2026-10-05T00:27:14.744001Z,KXSOL15M-26OCT042030-30,0.0100,51.00,yes
2026-10-05T00:27:14.744001Z,KXSOL15M-26OCT042030-30,0.0120,1.00,yes
2026-10-05T00:27:14.744001Z,KXSOL15M-26OCT042030-30,0.0100,28.00,yes
2026-10-05T00:27:14.744001Z,KXSOL15M-26OCT042030-30,0.0100,10.00,yes
2026-10-05T00:27:14.744001Z,KXSOL15M-26OCT042030-30,0.0130,1.63,yes
2026-10-05T00:27:14.799329Z,KXSOL15M-26OCT042030-30,0.0100,3.00,no
2026-10-05T00:27:14.799329Z,KXSOL15M-26OCT042030-30,0.0100,32.00,no
2026-10-05T00:27:14.814051Z,KXSOL15M-26OCT042030-30,0.0100,34.00,no
2026-10-05T00:27:14.814051Z,KXSOL15M-26OCT042030-30,0.0100,6.00,no
2026-10-05T00:27:14.814051Z,KXSOL15M-26OCT042030-30,0.0100,2.00,no
2026-10-05T00:27:14.824718Z,KXSOL15M-26OCT042030-30,0.0100,4.00,no
2026-10-05T00:27:14.824718Z,KXSOL15M-26OCT042030-30,0.0100,8.00,no
2026-10-05T00:27:14.97984Z,KXSOL15M-26OCT042030-30,0.0100,10.00,no
2026-10-05T00:27:15.41751Z,KXSOL15M-26OCT042030-30,0.0090,10.00,no
2026-10-05T00:27:15.41751Z,KXSOL15M-26OCT042030-30,0.0090,4.00,no
2026-10-05T00:27:15.41751Z,KXSOL15M-26OCT042030-30,0.0090,48.00,no
2026-10-05T00:27:15.41751Z,KXSOL15M-26OCT042030-30,0.0090,10.00,no
2026-10-05T00:27:15.589339Z,KXSOL15M-26OCT042030-30,0.0060,1.00,no
2026-10-05T00:27:15.589339Z,KXSOL15M-26OCT042030-30,0.0070,1.00,no
2026-10-05T00:27:15.589339Z,KXSOL15M-26OCT042030-30,0.0090,73.00,no
2026-10-05T00:27:15.589339Z,KXSOL15M-26OCT042030-30,0.0090,10.00,no
2026-10-05T00:27:15.589339Z,KXSOL15M-26OCT042030-30,0.0090,54.00,no
2026-10-05T00:27:15.589339Z,KXSOL15M-26OCT042030-30,0.0090,10.00,no
2026-10-05T00:27:15.589339Z,KXSOL15M-26OCT042030-30,0.0080,3.00,no
2026-10-05T00:27:15.589339Z,KXSOL15M-26OCT042030-30,0.0080,96.00,no
2026-10-05T00:27:15.589339Z,KXSOL15M-26OCT042030-30,0.0070,428.00,no
2026-10-05T00:27:15.589339Z,KXSOL15M-26OCT042030-30,0.0060,173.25,no
2026-10-05T00:27:16.527674Z,KXSOL15M-26OCT042030-30,0.0100,92.51,yes
2026-10-05T00:27:16.527674Z,KXSOL15M-26OCT042030-30,0.0090,1.00,yes
2026-10-05T00:27:17.209831Z,KXSOL15M-26OCT042030-30,0.0090,1.00,yes
2026-10-05T00:27:17.209831Z,KXSOL15M-26OCT042030-30,0.0100,12.00,yes
2026-10-05T00:27:17.209831Z,KXSOL15M-26OCT042030-30,0.0100,20.00,yes
2026-10-05T00:27:17.209831Z,KXSOL15M-26OCT042030-30,0.0100,17.90,yes
2026-10-05T00:27:17.463771Z,KXSOL15M-26OCT042030-30,0.0080,10.00,no
2026-10-05T00:27:17.463771Z,KXSOL15M-26OCT042030-30,0.0080,8.00,no
2026-10-05T00:27:17.463771Z,KXSOL15M-26OCT042030-30,0.0080,22.01,no
2026-10-05T00:27:17.651182Z,KXSOL15M-26OCT042030-30,0.0070,103.00,no
2026-10-05T00:27:17.651182Z,KXSOL15M-26OCT042030-30,0.0080,10.00,no
2026-10-05T00:27:17.651182Z,KXSOL15M-26OCT042030-30,0.0080,8.00,no
2026-10-05T00:27:17.651182Z,KXSOL15M-26OCT042030-30,0.0070,4.79,no
2026-10-05T00:27:17.808004Z,KXSOL15M-26OCT042030-30,0.0080,18.00,yes
2026-10-05T00:27:17.808103Z,KXSOL15M-26OCT042030-30,0.0110,14.00,yes
2026-10-05T00:27:17.808103Z,KXSOL15M-26OCT042030-30,0.0120,1.00,yes
2026-10-05T00:27:17.808103Z,KXSOL15M-26OCT042030-30,0.0110,1.00,yes
2026-10-05T00:27:17.808103Z,KXSOL15M-26OCT042030-30,0.0120,32.90,yes
2026-10-05T00:27:17.808103Z,KXSOL15M-26OCT042030-30,0.0100,8.10,yes
2026-10-05T00:27:17.902041Z,KXSOL15M-26OCT042030-30,0.0080,42.00,no
2026-10-05T00:27:19.031114Z,KXSOL15M-26OCT042030-30,0.0090,7.31,yes
2026-10-05T00:27:19.087766Z,KXSOL15M-26OCT042030-30,0.0070,1.42,no
2026-10-05T00:27:21.686564Z,KXSOL15M-26OCT042030-30,0.0090,45.00,yes
2026-10-05T00:27:21.693517Z,KXSOL15M-26OCT042030-30,0.0090,4.00,yes
2026-10-05T00:27:21.701175Z,KXSOL15M-26OCT042030-30,0.0090,4.00,yes
2026-10-05T00:27:21.712088Z,KXSOL15M-26OCT042030-30,0.0090,4.00,yes
2026-10-05T00:27:21.746318Z,KXSOL15M-26OCT042030-30,0.0090,10.39,yes
2026-10-05T00:27:21.789918Z,KXSOL15M-26OCT042030-30,0.0090,36.00,yes
2026-10-05T00:27:21.798032Z,KXSOL15M-26OCT042030-30,0.0090,4.00,yes
2026-10-05T00:27:21.805019Z,KXSOL15M-26OCT042030-30,0.0090,4.00,yes
2026-10-05T00:27:21.812819Z,KXSOL15M-26OCT042030-30,0.0090,4.00,yes
2026-10-05T00:27:21.820273Z,KXSOL15M-26OCT042030-30,0.0090,4.00,yes
2026-10-05T00:27:21.891297Z,KXSOL15M-26OCT042030-30,0.0090,8.00,yes
2026-10-05T00:27:21.897507Z,KXSOL15M-26OCT042030-30,0.0090,4.00,yes
2026-10-05T00:27:21.906698Z,KXSOL15M-26OCT042030-30,0.0090,4.00,yes
2026-10-05T00:27:21.913413Z,KXSOL15M-26OCT042030-30,0.0090,4.00,yes
2026-10-05T00:27:21.920651Z,KXSOL15M-26OCT042030-30,0.0090,4.00,yes
2026-10-05T00:27:22.407541Z,KXSOL15M-26OCT042030-30,0.0090,10.39,yes
2026-10-05T00:27:22.75432Z,KXSOL15M-26OCT042030-30,0.0070,17.00,no
2026-10-05T00:27:22.75432Z,KXSOL15M-26OCT042030-30,0.0070,23.00,no
2026-10-05T00:27:22.75432Z,KXSOL15M-26OCT042030-30,0.0060,8.88,no
2026-10-05T00:27:22.75432Z,KXSOL15M-26OCT042030-30,0.0070,10.00,no
2026-10-05T00:27:22.75432Z,KXSOL15M-26OCT042030-30,0.0070,10.00,no
2026-10-05T00:27:22.75432Z,KXSOL15M-26OCT042030-30,0.0070,56.79,no
2026-10-05T00:27:24.61534Z,KXSOL15M-26OCT042030-30,0.0070,0.92,no
2026-10-05T00:27:24.739006Z,KXSOL15M-26OCT042030-30,0.0100,55.17,yes
2026-10-05T00:27:24.739006Z,KXSOL15M-26OCT042030-30,0.0090,41.91,yes
2026-10-05T00:27:24.815803Z,KXSOL15M-26OCT042030-30,0.0100,3.00,yes
2026-10-05T00:27:25.482527Z,KXSOL15M-26OCT042030-30,0.0070,0.92,no
2026-10-05T00:27:25.482527Z,KXSOL15M-26OCT042030-30,0.0070,9.08,no
2026-10-05T00:27:25.482527Z,KXSOL15M-26OCT042030-30,0.0070,10.00,no
2026-10-05T00:27:25.684418Z,KXSOL15M-26OCT042030-30,0.0070,17.00,yes
2026-10-05T00:27:25.684418Z,KXSOL15M-26OCT042030-30,0.0100,24.08,yes
2026-10-05T00:27:26.255226Z,KXSOL15M-26OCT042030-30,0.0100,120.75,yes
2026-10-05T00:27:26.255226Z,KXSOL15M-26OCT042030-30,0.0100,66.28,yes
2026-10-05T00:27:26.575838Z,KXSOL15M-26OCT042030-30,0.0070,0.01,no
2026-10-05T00:27:26.810217Z,KXSOL15M-26OCT042030-30,0.0070,10.00,no
2026-10-05T00:27:26.810217Z,KXSOL15M-26OCT042030-30,0.0070,10.00,no
2026-10-05T00:27:27.047603Z,KXSOL15M-26OCT042030-30,0.0050,11.00,no
2026-10-05T00:27:27.047603Z,KXSOL15M-26OCT042030-30,0.0050,1.00,no
2026-10-05T00:27:27.047603Z,KXSOL15M-26OCT042030-30,0.0050,19.88,no
2026-10-05T00:27:27.223164Z,KXSOL15M-26OCT042030-30,0.0100,25.00,yes
2026-10-05T00:27:27.333745Z,KXSOL15M-26OCT042030-30,0.0060,8.00,no
2026-10-05T00:27:27.333745Z,KXSOL15M-26OCT042030-30,0.0060,10.00,no
2026-10-05T00:27:27.340251Z,KXSOL15M-26OCT042030-30,0.0060,3.00,no
2026-10-05T00:27:28.690328Z,KXSOL15M-26OCT042030-30,0.0070,10.00,no
2026-10-05T00:27:28.690328Z,KXSOL15M-26OCT042030-30,0.0070,10.00,no
2026-10-05T00:27:28.751946Z,KXSOL15M-26OCT042030-30,0.0130,13.37,yes
2026-10-05T00:27:28.751946Z,KXSOL15M-26OCT042030-30,0.0130,16.33,yes
2026-10-05T00:27:28.751946Z,KXSOL15M-26OCT042030-30,0.0130,2.00,yes
2026-10-05T00:27:28.751946Z,KXSOL15M-26OCT042030-30,0.0130,1.00,yes
2026-10-05T00:27:28.751946Z,KXSOL15M-26OCT042030-30,0.0130,2.00,yes
2026-10-05T00:27:28.751946Z,KXSOL15M-26OCT042030-30,0.0120,1.00,yes
2026-10-05T00:27:28.751946Z,KXSOL15M-26OCT042030-30,0.0120,11.00,yes
2026-10-05T00:27:28.751946Z,KXSOL15M-26OCT042030-30,0.0110,1.00,yes
2026-10-05T00:27:28.751946Z,KXSOL15M-26OCT042030-30,0.0130,16.00,yes
2026-10-05T00:27:28.751946Z,KXSOL15M-26OCT042030-30,0.0130,2.00,yes
2026-10-05T00:27:28.751946Z,KXSOL15M-26OCT042030-30,0.0130,1.00,yes
2026-10-05T00:27:28.751946Z,KXSOL15M-26OCT042030-30,0.0110,0.04,yes
2026-10-05T00:27:28.751946Z,KXSOL15M-26OCT042030-30,0.0130,3.00,yes
2026-10-05T00:27:28.751946Z,KXSOL15M-26OCT042030-30,0.0120,0.04,yes
2026-10-05T00:27:28.751946Z,KXSOL15M-26OCT042030-30,0.0130,0.04,yes
2026-10-05T00:27:28.819123Z,KXSOL15M-26OCT042030-30,0.0060,49.31,no
2026-10-05T00:27:28.952284Z,KXSOL15M-26OCT042030-30,0.0120,10.00,yes
2026-10-05T00:27:29.875848Z,KXSOL15M-26OCT042030-30,0.0070,2.42,yes
2026-10-05T00:27:30.202861Z,KXSOL15M-26OCT042030-30,0.0080,1.42,yes
2026-10-05T00:27:30.202861Z,KXSOL15M-26OCT042030-30,0.0070,0.58,yes
2026-10-05T00:27:33.159889Z,KXSOL15M-26OCT042030-30,0.0080,1.58,yes
2026-10-05T00:27:33.324174Z,KXSOL15M-26OCT042030-30,0.0070,3.00,no
2026-10-05T00:27:33.326236Z,KXSOL15M-26OCT042030-30,0.0060,3.00,no
2026-10-05T00:27:33.646345Z,KXSOL15M-26OCT042030-30,0.0050,31.81,no
2026-10-05T00:27:33.646345Z,KXSOL15M-26OCT042030-30,0.0050,5.00,no
2026-10-05T00:27:33.646345Z,KXSOL15M-26OCT042030-30,0.0050,44.60,no
2026-10-05T00:27:33.646345Z,KXSOL15M-26OCT042030-30,0.0050,9.00,no
2026-10-05T00:27:33.646345Z,KXSOL15M-26OCT042030-30,0.0050,10.00,no
2026-10-05T00:27:33.935715Z,KXSOL15M-26OCT042030-30,0.0070,8.42,yes
2026-10-05T00:27:35.087576Z,KXSOL15M-26OCT042030-30,0.0060,11.00,no
2026-10-05T00:27:35.096034Z,KXSOL15M-26OCT042030-30,0.0060,5.00,no
2026-10-05T00:27:35.22326Z,KXSOL15M-26OCT042030-30,0.0060,5.00,no
2026-10-05T00:27:35.231508Z,KXSOL15M-26OCT042030-30,0.0060,5.00,no
2026-10-05T00:27:35.329426Z,KXSOL15M-26OCT042030-30,0.0060,5.00,no
2026-10-05T00:27:35.335421Z,KXSOL15M-26OCT042030-30,0.0060,5.00,no
2026-10-05T00:27:35.340722Z,KXSOL15M-26OCT042030-30,0.0060,5.00,no
2026-10-05T00:27:36.763432Z,KXSOL15M-26OCT042030-30,0.0120,14.00,yes
2026-10-05T00:27:36.763432Z,KXSOL15M-26OCT042030-30,0.0130,50.88,yes
2026-10-05T00:27:36.763432Z,KXSOL15M-26OCT042030-30,0.0100,4.00,yes
2026-10-05T00:27:36.763432Z,KXSOL15M-26OCT042030-30,0.0120,1.00,yes
2026-10-05T00:27:36.763432Z,KXSOL15M-26OCT042030-30,0.0090,4.00,yes
2026-10-05T00:27:36.763432Z,KXSOL15M-26OCT042030-30,0.0110,10.00,yes
2026-10-05T00:27:36.763432Z,KXSOL15M-26OCT042030-30,0.0120,5.00,yes
2026-10-05T00:27:36.763432Z,KXSOL15M-26OCT042030-30,0.0120,3.00,yes
2026-10-05T00:27:36.763432Z,KXSOL15M-26OCT042030-30,0.0120,18.00,yes
2026-10-05T00:27:36.763432Z,KXSOL15M-26OCT042030-30,0.0060,5.00,yes
2026-10-05T00:27:36.763432Z,KXSOL15M-26OCT042030-30,0.0110,0.05,yes
2026-10-05T00:27:36.763432Z,KXSOL15M-26OCT042030-30,0.0110,3.00,yes
2026-10-05T00:27:36.763432Z,KXSOL15M-26OCT042030-30,0.0100,0.04,yes
2026-10-05T00:27:36.763432Z,KXSOL15M-26OCT042030-30,0.0100,60.00,yes
2026-10-05T00:27:38.107047Z,KXSOL15M-26OCT042030-30,0.0130,41.42,yes
2026-10-05T00:27:38.107047Z,KXSOL15M-26OCT042030-30,0.0120,14.00,yes
2026-10-05T00:27:38.107047Z,KXSOL15M-26OCT042030-30,0.0130,1.00,yes
2026-10-05T00:27:38.107047Z,KXSOL15M-26OCT042030-30,0.0110,15.00,yes
2026-10-05T00:27:39.221567Z,KXSOL15M-26OCT042030-30,0.0060,30.23,no
2026-10-05T00:27:39.221567Z,KXSOL15M-26OCT042030-30,0.0070,10.00,no
2026-10-05T00:27:39.221567Z,KXSOL15M-26OCT042030-30,0.0070,10.00,no
2026-10-05T00:27:39.854572Z,KXSOL15M-26OCT042030-30,0.0120,1.00,yes
2026-10-05T00:27:39.854853Z,KXSOL15M-26OCT042030-30,0.0120,1.00,yes
2026-10-05T00:27:39.856231Z,KXSOL15M-26OCT042030-30,0.0120,9.75,yes
2026-10-05T00:27:40.037117Z,KXSOL15M-26OCT042030-30,0.0080,8.00,no
2026-10-05T00:27:40.037117Z,KXSOL15M-26OCT042030-30,0.0070,3.00,no
2026-10-05T00:27:40.037117Z,KXSOL15M-26OCT042030-30,0.0070,3.61,no
2026-10-05T00:27:40.037117Z,KXSOL15M-26OCT042030-30,0.0080,3.00,no
2026-10-05T00:27:40.115965Z,KXSOL15M-26OCT042030-30,0.0080,8.00,no
2026-10-05T00:27:40.115965Z,KXSOL15M-26OCT042030-30,0.0080,10.00,no
2026-10-05T00:27:40.832595Z,KXSOL15M-26OCT042030-30,0.0130,3.00,yes
2026-10-05T00:27:40.832595Z,KXSOL15M-26OCT042030-30,0.0080,18.00,yes
2026-10-05T00:27:40.832595Z,KXSOL15M-26OCT042030-30,0.0110,5.00,yes
2026-10-05T00:27:40.832595Z,KXSOL15M-26OCT042030-30,0.0110,12.00,yes
2026-10-05T00:27:40.832595Z,KXSOL15M-26OCT042030-30,0.0130,4.00,yes
2026-10-05T00:27:40.832595Z,KXSOL15M-26OCT042030-30,0.0120,2.00,yes
2026-10-05T00:27:40.832595Z,KXSOL15M-26OCT042030-30,0.0130,2.00,yes
2026-10-05T00:27:40.832595Z,KXSOL15M-26OCT042030-30,0.0120,3.25,yes
2026-10-05T00:27:40.832595Z,KXSOL15M-26OCT042030-30,0.0130,13.00,yes
2026-10-05T00:27:40.832595Z,KXSOL15M-26OCT042030-30,0.0140,12.37,yes
2026-10-05T00:27:40.832595Z,KXSOL15M-26OCT042030-30,0.0140,1.00,yes
2026-10-05T00:27:40.832595Z,KXSOL15M-26OCT042030-30,0.0140,1.00,yes
2026-10-05T00:27:40.832595Z,KXSOL15M-26OCT042030-30,0.0140,1.00,yes
2026-10-05T00:27:40.832595Z,KXSOL15M-26OCT042030-30,0.0140,2.00,yes
2026-10-05T00:27:41.767655Z,KXSOL15M-26OCT042030-30,0.0070,10.00,no
2026-10-05T00:27:41.767655Z,KXSOL15M-26OCT042030-30,0.0070,10.00,no
2026-10-05T00:27:41.884837Z,KXSOL15M-26OCT042030-30,0.0040,350.00,no
2026-10-05T00:27:41.884837Z,KXSOL15M-26OCT042030-30,0.0040,309.00,no
2026-10-05T00:27:41.884837Z,KXSOL15M-26OCT042030-30,0.0040,1.00,no
2026-10-05T00:27:41.884837Z,KXSOL15M-26OCT042030-30,0.0030,1.00,no
2026-10-05T00:27:41.884837Z,KXSOL15M-26OCT042030-30,0.0040,1.00,no
2026-10-05T00:27:41.884837Z,KXSOL15M-26OCT042030-30,0.0030,2.00,no
2026-10-05T00:27:41.884837Z,KXSOL15M-26OCT042030-30,0.0030,2.00,no
2026-10-05T00:27:41.884837Z,KXSOL15M-26OCT042030-30,0.0040,1.00,no
2026-10-05T00:27:41.884837Z,KXSOL15M-26OCT042030-30,0.0040,1.00,no
2026-10-05T00:27:41.884837Z,KXSOL15M-26OCT042030-30,0.0040,1.00,no
2026-10-05T00:27:41.884837Z,KXSOL15M-26OCT042030-30,0.0030,2.00,no
2026-10-05T00:27:41.884837Z,KXSOL15M-26OCT042030-30,0.0040,1.00,no
2026-10-05T00:27:41.884837Z,KXSOL15M-26OCT042030-30,0.0030,2.00,no
2026-10-05T00:27:41.884837Z,KXSOL15M-26OCT042030-30,0.0030,2.00,no
2026-10-05T00:27:41.884837Z,KXSOL15M-26OCT042030-30,0.0040,13.00,no
2026-10-05T00:27:41.884837Z,KXSOL15M-26OCT042030-30,0.0030,18.00,no
2026-10-05T00:27:41.884837Z,KXSOL15M-26OCT042030-30,0.0030,30.00,no
2026-10-05T00:27:41.884837Z,KXSOL15M-26OCT042030-30,0.0030,250.00,no
2026-10-05T00:27:41.884837Z,KXSOL15M-26OCT042030-30,0.0040,100.00,no
2026-10-05T00:27:41.884837Z,KXSOL15M-26OCT042030-30,0.0030,553.75,no
2026-10-05T00:27:41.884837Z,KXSOL15M-26OCT042030-30,0.0030,3.00,no
2026-10-05T00:27:41.884837Z,KXSOL15M-26OCT042030-30,0.0060,11.00,no
2026-10-05T00:27:41.884837Z,KXSOL15M-26OCT042030-30,0.0060,13.00,no
2026-10-05T00:27:41.884837Z,KXSOL15M-26OCT042030-30,0.0060,10.00,no
2026-10-05T00:27:41.884837Z,KXSOL15M-26OCT042030-30,0.0040,3.00,no
2026-10-05T00:27:41.884837Z,KXSOL15M-26OCT042030-30,0.0060,26.00,no
2026-10-05T00:27:41.884837Z,KXSOL15M-26OCT042030-30,0.0050,115.00,no
2026-10-05T00:27:41.884837Z,KXSOL15M-26OCT042030-30,0.0050,2.00,no
2026-10-05T00:27:41.884837Z,KXSOL15M-26OCT042030-30,0.0060,63.77,no
2026-10-05T00:27:41.884837Z,KXSOL15M-26OCT042030-30,0.0050,19.00,no
2026-10-05T00:27:43.406571Z,KXSOL15M-26OCT042030-30,0.0050,20.07,no
2026-10-05T00:27:45.120539Z,KXSOL15M-26OCT042030-30,0.0060,1.00,yes
2026-10-05T00:27:45.213767Z,KXSOL15M-26OCT042030-30,0.0050,58.00,no
2026-10-05T00:27:45.219137Z,KXSOL15M-26OCT042030-30,0.0050,2.00,no
2026-10-05T00:27:45.224184Z,KXSOL15M-26OCT042030-30,0.0050,2.00,no
2026-10-05T00:27:45.303942Z,KXSOL15M-26OCT042030-30,0.0060,29.00,yes
2026-10-05T00:27:45.303942Z,KXSOL15M-26OCT042030-30,0.0050,2.00,yes
2026-10-05T00:27:45.303942Z,KXSOL15M-26OCT042030-30,0.0060,18.00,yes
2026-10-05T00:27:45.304009Z,KXSOL15M-26OCT042030-30,0.0060,17.00,yes
2026-10-05T00:27:45.304148Z,KXSOL15M-26OCT042030-30,0.0060,99.00,yes
2026-10-05T00:27:45.377529Z,KXSOL15M-26OCT042030-30,0.0060,57.00,yes
2026-10-05T00:27:45.38362Z,KXSOL15M-26OCT042030-30,0.0060,5.00,yes
2026-10-05T00:27:45.392893Z,KXSOL15M-26OCT042030-30,0.0060,5.00,yes
2026-10-05T00:27:45.399032Z,KXSOL15M-26OCT042030-30,0.0060,5.00,yes
2026-10-05T00:27:45.405669Z,KXSOL15M-26OCT042030-30,0.0060,5.00,yes
2026-10-05T00:27:45.411167Z,KXSOL15M-26OCT042030-30,0.0060,5.00,yes
2026-10-05T00:27:45.62335Z,KXSOL15M-26OCT042030-30,0.0060,34.00,yes
2026-10-05T00:27:45.631661Z,KXSOL15M-26OCT042030-30,0.0060,5.00,yes
2026-10-05T00:27:45.637777Z,KXSOL15M-26OCT042030-30,0.0060,5.00,yes
2026-10-05T00:27:45.663744Z,KXSOL15M-26OCT042030-30,0.0060,5.00,yes
2026-10-05T00:27:45.929735Z,KXSOL15M-26OCT042030-30,0.0060,57.00,yes
2026-10-05T00:27:45.936998Z,KXSOL15M-26OCT042030-30,0.0060,5.00,yes
2026-10-05T00:27:45.944455Z,KXSOL15M-26OCT042030-30,0.0060,5.00,yes
2026-10-05T00:27:47.088023Z,KXSOL15M-26OCT042030-30,0.0060,114.00,yes
2026-10-05T00:27:47.096887Z,KXSOL15M-26OCT042030-30,0.0060,107.75,yes
2026-10-05T00:27:47.156556Z,KXSOL15M-26OCT042030-30,0.0070,100.00,no
2026-10-05T00:27:47.851606Z,KXSOL15M-26OCT042030-30,0.0060,2.72,no
2026-10-05T00:27:48.138885Z,KXSOL15M-26OCT042030-30,0.0070,2.00,yes
2026-10-05T00:27:48.362962Z,KXSOL15M-26OCT042030-30,0.0070,48.00,yes
2026-10-05T00:27:48.362962Z,KXSOL15M-26OCT042030-30,0.0070,65.00,yes
2026-10-05T00:27:48.362962Z,KXSOL15M-26OCT042030-30,0.0080,1.74,yes
2026-10-05T00:27:48.445351Z,KXSOL15M-26OCT042030-30,0.0070,100.00,no
2026-10-05T00:27:48.445351Z,KXSOL15M-26OCT042030-30,0.0070,20.00,no
2026-10-05T00:27:49.832248Z,KXSOL15M-26OCT042030-30,0.0070,18.00,no
2026-10-05T00:27:50.617409Z,KXSOL15M-26OCT042030-30,0.0080,34.00,yes
2026-10-05T00:27:50.649592Z,KXSOL15M-26OCT042030-30,0.0080,6.80,yes
2026-10-05T00:27:50.705479Z,KXSOL15M-26OCT042030-30,0.0080,58.44,yes
2026-10-05T00:27:50.836397Z,KXSOL15M-26OCT042030-30,0.0080,0.03,yes
2026-10-05T00:27:50.899506Z,KXSOL15M-26OCT042030-30,0.0070,100.00,no
2026-10-05T00:27:51.123693Z,KXSOL15M-26OCT042030-30,0.0060,5.00,no
2026-10-05T00:27:53.351039Z,KXSOL15M-26OCT042030-30,0.0060,3.28,no
2026-10-05T00:27:53.351039Z,KXSOL15M-26OCT042030-30,0.0060,1.72,no
2026-10-05T00:27:53.357749Z,KXSOL15M-26OCT042030-30,0.0060,4.00,no
2026-10-05T00:27:53.357749Z,KXSOL15M-26OCT042030-30,0.0060,1.00,no
2026-10-05T00:27:53.453751Z,KXSOL15M-26OCT042030-30,0.0060,5.00,no
2026-10-05T00:27:53.461948Z,KXSOL15M-26OCT042030-30,0.0060,1.00,no
2026-10-05T00:27:53.461948Z,KXSOL15M-26OCT042030-30,0.0060,4.00,no
2026-10-05T00:27:53.743976Z,KXSOL15M-26OCT042030-30,0.0080,6.29,yes
2026-10-05T00:27:56.044785Z,KXSOL15M-26OCT042030-30,0.0050,9.00,no
2026-10-05T00:27:56.044785Z,KXSOL15M-26OCT042030-30,0.0050,10.00,no
2026-10-05T00:27:56.102622Z,KXSOL15M-26OCT042030-30,0.0080,116.88,yes
2026-10-05T00:27:56.423338Z,KXSOL15M-26OCT042030-30,0.0040,10.00,no
2026-10-05T00:27:56.423338Z,KXSOL15M-26OCT042030-30,0.0040,7.00,no
2026-10-05T00:27:56.629771Z,KXSOL15M-26OCT042030-30,0.0040,7.00,no
2026-10-05T00:27:56.629771Z,KXSOL15M-26OCT042030-30,0.0040,10.00,no
2026-10-05T00:27:56.67494Z,KXSOL15M-26OCT042030-30,0.0030,2.10,no
2026-10-05T00:27:56.943848Z,KXSOL15M-26OCT042030-30,0.0040,2.00,yes
2026-10-05T00:27:56.949498Z,KXSOL15M-26OCT042030-30,0.0040,0.10,yes
2026-10-05T00:27:57.806424Z,KXSOL15M-26OCT042030-30,0.0040,1.43,no
2026-10-05T00:27:57.806424Z,KXSOL15M-26OCT042030-30,0.0040,7.00,no
2026-10-05T00:27:58.18284Z,KXSOL15M-26OCT042030-30,0.0070,3.00,yes
2026-10-05T00:27:58.18284Z,KXSOL15M-26OCT042030-30,0.0060,3.00,yes
2026-10-05T00:27:58.18284Z,KXSOL15M-26OCT042030-30,0.0080,9.13,yes
2026-10-05T00:27:58.18284Z,KXSOL15M-26OCT042030-30,0.0080,56.26,yes
2026-10-05T00:28:01.047425Z,KXSOL15M-26OCT042030-30,0.0050,10.00,no
2026-10-05T00:28:02.226101Z,KXSOL15M-26OCT042030-30,0.0060,7.00,no
2026-10-05T00:28:02.226101Z,KXSOL15M-26OCT042030-30,0.0060,10.00,no
2026-10-05T00:28:02.379049Z,KXSOL15M-26OCT042030-30,0.0050,5.00,no
2026-10-05T00:28:02.387156Z,KXSOL15M-26OCT042030-30,0.0050,5.00,no
2026-10-05T00:28:02.607807Z,KXSOL15M-26OCT042030-30,0.0040,3.65,no
2026-10-05T00:28:02.686445Z,KXSOL15M-26OCT042030-30,0.0130,29.25,yes
2026-10-05T00:28:02.686445Z,KXSOL15M-26OCT042030-30,0.0130,0.04,yes
2026-10-05T00:28:02.686445Z,KXSOL15M-26OCT042030-30,0.0120,58.35,yes
2026-10-05T00:28:02.686445Z,KXSOL15M-26OCT042030-30,0.0070,250.00,yes
2026-10-05T00:28:02.686445Z,KXSOL15M-26OCT042030-30,0.0100,58.34,yes
2026-10-05T00:28:02.686445Z,KXSOL15M-26OCT042030-30,0.0120,15.00,yes
2026-10-05T00:28:02.686445Z,KXSOL15M-26OCT042030-30,0.0130,12.00,yes
2026-10-05T00:28:02.686445Z,KXSOL15M-26OCT042030-30,0.0130,13.00,yes
2026-10-05T00:28:02.686445Z,KXSOL15M-26OCT042030-30,0.0080,30.74,yes
2026-10-05T00:28:02.686445Z,KXSOL15M-26OCT042030-30,0.0070,56.00,yes
2026-10-05T00:28:02.686445Z,KXSOL15M-26OCT042030-30,0.0100,7.02,yes
2026-10-05T00:28:02.686445Z,KXSOL15M-26OCT042030-30,0.0090,3.00,yes
2026-10-05T00:28:02.686445Z,KXSOL15M-26OCT042030-30,0.0100,3.00,yes
2026-10-05T00:28:02.993786Z,KXSOL15M-26OCT042030-30,0.0050,9.00,no
2026-10-05T00:28:02.993786Z,KXSOL15M-26OCT042030-30,0.0050,9.00,no
2026-10-05T00:28:03.002083Z,KXSOL15M-26OCT042030-30,0.0050,1.00,no
2026-10-05T00:28:03.002083Z,KXSOL15M-26OCT042030-30,0.0050,1.00,no
2026-10-05T00:28:03.008995Z,KXSOL15M-26OCT042030-30,0.0050,2.00,no
2026-10-05T00:28:04.392076Z,KXSOL15M-26OCT042030-30,0.0110,85.02,yes
2026-10-05T00:28:05.791555Z,KXSOL15M-26OCT042030-30,0.0070,4.00,no
2026-10-05T00:28:06.082711Z,KXSOL15M-26OCT042030-30,0.0150,0.04,yes
2026-10-05T00:28:06.082711Z,KXSOL15M-26OCT042030-30,0.0140,1.00,yes
2026-10-05T00:28:06.082711Z,KXSOL15M-26OCT042030-30,0.0140,0.05,yes
2026-10-05T00:28:06.082711Z,KXSOL15M-26OCT042030-30,0.0150,1.00,yes
2026-10-05T00:28:06.082711Z,KXSOL15M-26OCT042030-30,0.0140,3.63,yes
2026-10-05T00:28:06.082711Z,KXSOL15M-26OCT042030-30,0.0150,16.00,yes
2026-10-05T00:28:06.082711Z,KXSOL15M-26OCT042030-30,0.0150,2.00,yes
2026-10-05T00:28:06.082711Z,KXSOL15M-26OCT042030-30,0.0150,1.00,yes
2026-10-05T00:28:06.082711Z,KXSOL15M-26OCT042030-30,0.0150,20.00,yes
2026-10-05T00:28:06.082711Z,KXSOL15M-26OCT042030-30,0.0110,28.98,yes
2026-10-05T00:28:06.082711Z,KXSOL15M-26OCT042030-30,0.0120,114.00,yes
2026-10-05T00:28:06.082711Z,KXSOL15M-26OCT042030-30,0.0120,3.00,yes
2026-10-05T00:28:06.082711Z,KXSOL15M-26OCT042030-30,0.0130,3.00,yes
2026-10-05T00:28:06.082711Z,KXSOL15M-26OCT042030-30,0.0130,13.00,yes
2026-10-05T00:28:06.082711Z,KXSOL15M-26OCT042030-30,0.0130,100.00,yes
2026-10-05T00:28:06.082711Z,KXSOL15M-26OCT042030-30,0.0150,48.30,yes
2026-10-05T00:28:06.082711Z,KXSOL15M-26OCT042030-30,0.0140,309.00,yes
2026-10-05T00:28:06.966714Z,KXSOL15M-26OCT042030-30,0.0050,3.00,no
2026-10-05T00:28:06.966714Z,KXSOL15M-26OCT042030-30,0.0050,9.00,no
2026-10-05T00:28:06.966714Z,KXSOL15M-26OCT042030-30,0.0050,99.00,no
2026-10-05T00:28:06.966714Z,KXSOL15M-26OCT042030-30,0.0050,46.00,no
2026-10-05T00:28:07.512083Z,KXSOL15M-26OCT042030-30,0.0100,9.35,yes
2026-10-05T00:28:07.864259Z,KXSOL15M-26OCT042030-30,0.0100,3.65,yes
2026-10-05T00:28:07.864259Z,KXSOL15M-26OCT042030-30,0.0130,69.73,yes
2026-10-05T00:28:08.883439Z,KXSOL15M-26OCT042030-30,0.0050,9.00,no
2026-10-05T00:28:08.883439Z,KXSOL15M-26OCT042030-30,0.0050,9.00,no
2026-10-05T00:28:08.889635Z,KXSOL15M-26OCT042030-30,0.0050,1.00,no
2026-10-05T00:28:08.889635Z,KXSOL15M-26OCT042030-30,0.0050,1.00,no
2026-10-05T00:28:09.002306Z,KXSOL15M-26OCT042030-30,0.0050,2.00,no
2026-10-05T00:28:09.010352Z,KXSOL15M-26OCT042030-30,0.0050,2.00,no
2026-10-05T00:28:09.015586Z,KXSOL15M-26OCT042030-30,0.0050,2.00,no
2026-10-05T00:28:09.020961Z,KXSOL15M-26OCT042030-30,0.0050,2.00,no
2026-10-05T00:28:09.109093Z,KXSOL15M-26OCT042030-30,0.0050,2.00,no
2026-10-05T00:28:09.115839Z,KXSOL15M-26OCT042030-30,0.0050,1.00,no
2026-10-05T00:28:10.062873Z,KXSOL15M-26OCT042030-30,0.0050,2.00,no
2026-10-05T00:28:10.070855Z,KXSOL15M-26OCT042030-30,0.0050,2.00,no
2026-10-05T00:28:10.078023Z,KXSOL15M-26OCT042030-30,0.0050,2.00,no
2026-10-05T00:28:10.083411Z,KXSOL15M-26OCT042030-30,0.0050,2.00,no
2026-10-05T00:28:10.161883Z,KXSOL15M-26OCT042030-30,0.0050,2.00,no
2026-10-05T00:28:10.266682Z,KXSOL15M-26OCT042030-30,0.0050,6.00,no
2026-10-05T00:28:10.266682Z,KXSOL15M-26OCT042030-30,0.0050,10.00,no
2026-10-05T00:28:10.45067Z,KXSOL15M-26OCT042030-30,0.0050,6.00,no
2026-10-05T00:28:10.45067Z,KXSOL15M-26OCT042030-30,0.0050,10.00,no
2026-10-05T00:28:10.474668Z,KXSOL15M-26OCT042030-30,0.0050,2.00,no
2026-10-05T00:28:10.480401Z,KXSOL15M-26OCT042030-30,0.0050,2.00,no
2026-10-05T00:28:10.485705Z,KXSOL15M-26OCT042030-30,0.0050,2.00,no
2026-10-05T00:28:10.490842Z,KXSOL15M-26OCT042030-30,0.0050,2.00,no
2026-10-05T00:28:10.4981Z,KXSOL15M-26OCT042030-30,0.0050,2.00,no
2026-10-05T00:28:10.502605Z,KXSOL15M-26OCT042030-30,0.0050,2.00,no
2026-10-05T00:28:10.701455Z,KXSOL15M-26OCT042030-30,0.0050,4.00,no
2026-10-05T00:28:12.125588Z,KXSOL15M-26OCT042030-30,0.0050,4.00,yes
2026-10-05T00:28:12.125588Z,KXSOL15M-26OCT042030-30,0.0090,91.00,yes
2026-10-05T00:28:12.219753Z,KXSOL15M-26OCT042030-30,0.0050,6.00,no
2026-10-05T00:28:12.219753Z,KXSOL15M-26OCT042030-30,0.0050,10.00,no
2026-10-05T00:28:15.717312Z,KXSOL15M-26OCT042030-30,0.0050,15.59,yes
2026-10-05T00:28:15.817233Z,KXSOL15M-26OCT042030-30,0.0040,9.00,no
2026-10-05T00:28:17.752754Z,KXSOL15M-26OCT042030-30,0.0040,1.00,no
2026-10-05T00:28:18.35704Z,KXSOL15M-26OCT042030-30,0.0030,22.00,no
2026-10-05T00:28:19.027782Z,KXSOL15M-26OCT042030-30,0.0030,63.00,no
2026-10-05T00:28:19.311441Z,KXSOL15M-26OCT042030-30,0.0030,159.00,no
2026-10-05T00:28:19.317097Z,KXSOL15M-26OCT042030-30,0.0030,5.10,no
2026-10-05T00:28:19.317097Z,KXSOL15M-26OCT042030-30,0.0030,3.90,no
2026-10-05T00:28:19.326117Z,KXSOL15M-26OCT042030-30,0.0030,4.90,no
2026-10-05T00:28:19.818014Z,KXSOL15M-26OCT042030-30,0.0100,16.59,yes
2026-10-05T00:28:19.818014Z,KXSOL15M-26OCT042030-30,0.0040,159.00,yes
2026-10-05T00:28:19.818014Z,KXSOL15M-26OCT042030-30,0.0070,63.00,yes
2026-10-05T00:28:19.818014Z,KXSOL15M-26OCT042030-30,0.0040,3.90,yes
2026-10-05T00:28:19.818014Z,KXSOL15M-26OCT042030-30,0.0080,3.00,yes
2026-10-05T00:28:19.818014Z,KXSOL15M-26OCT042030-30,0.0100,30.00,yes
2026-10-05T00:28:19.818014Z,KXSOL15M-26OCT042030-30,0.0100,96.46,yes
2026-10-05T00:28:19.818014Z,KXSOL15M-26OCT042030-30,0.0090,22.00,yes
2026-10-05T00:28:19.818014Z,KXSOL15M-26OCT042030-30,0.0090,17.00,yes
2026-10-05T00:28:19.818014Z,KXSOL15M-26OCT042030-30,0.0090,3.00,yes
2026-10-05T00:28:19.818014Z,KXSOL15M-26OCT042030-30,0.0100,25.00,yes
2026-10-05T00:28:19.818014Z,KXSOL15M-26OCT042030-30,0.0040,100.00,yes
2026-10-05T00:28:19.818014Z,KXSOL15M-26OCT042030-30,0.0050,0.41,yes
2026-10-05T00:28:19.818014Z,KXSOL15M-26OCT042030-30,0.0090,65.00,yes
2026-10-05T00:28:20.181254Z,KXSOL15M-26OCT042030-30,0.0030,18.99,no
2026-10-05T00:28:20.181254Z,KXSOL15M-26OCT042030-30,0.0030,4.00,no
2026-10-05T00:28:20.181254Z,KXSOL15M-26OCT042030-30,0.0030,8.00,no
2026-10-05T00:28:20.181254Z,KXSOL15M-26OCT042030-30,0.0030,10.00,no
2026-10-05T00:28:20.943266Z,KXSOL15M-26OCT042030-30,0.0040,7.00,no
2026-10-05T00:28:20.943266Z,KXSOL15M-26OCT042030-30,0.0040,10.00,no
2026-10-05T00:28:22.710204Z,KXSOL15M-26OCT042030-30,0.0080,15.89,yes
2026-10-05T00:28:22.710204Z,KXSOL15M-26OCT042030-30,0.0030,100.00,yes
2026-10-05T00:28:22.97351Z,KXSOL15M-26OCT042030-30,0.0030,10.00,no
2026-10-05T00:28:23.372764Z,KXSOL15M-26OCT042030-30,0.0100,173.46,yes
2026-10-05T00:28:23.372764Z,KXSOL15M-26OCT042030-30,0.0030,8.00,yes
2026-10-05T00:28:23.372764Z,KXSOL15M-26OCT042030-30,0.0100,60.00,yes
2026-10-05T00:28:23.372764Z,KXSOL15M-26OCT042030-30,0.0090,17.00,yes
2026-10-05T00:28:23.372764Z,KXSOL15M-26OCT042030-30,0.0080,1.00,yes
2026-10-05T00:28:23.760844Z,KXSOL15M-26OCT042030-30,0.0020,21.00,no
2026-10-05T00:28:24.591385Z,KXSOL15M-26OCT042030-30,0.0030,14.00,yes
2026-10-05T00:28:26.194932Z,KXSOL15M-26OCT042030-30,0.0020,100.50,no
2026-10-05T00:28:26.782088Z,KXSOL15M-26OCT042030-30,0.0030,25.00,yes
2026-10-05T00:28:27.858974Z,KXSOL15M-26OCT042030-30,0.0020,4.00,no
2026-10-05T00:28:28.389474Z,KXSOL15M-26OCT042030-30,0.0020,4.00,no
2026-10-05T00:28:28.703607Z,KXSOL15M-26OCT042030-30,0.0020,9.00,no
2026-10-05T00:28:28.803955Z,KXSOL15M-26OCT042030-30,0.0020,72.00,no
2026-10-05T00:28:28.823928Z,KXSOL15M-26OCT042030-30,0.0030,37.00,yes
2026-10-05T00:28:29.85158Z,KXSOL15M-26OCT042030-30,0.0020,29.00,no
2026-10-05T00:28:29.972781Z,KXSOL15M-26OCT042030-30,0.0030,5.00,yes
2026-10-05T00:28:30.087882Z,KXSOL15M-26OCT042030-30,0.0020,16.00,no
2026-10-05T00:28:30.261782Z,KXSOL15M-26OCT042030-30,0.0020,9.00,no
2026-10-05T00:28:30.82377Z,KXSOL15M-26OCT042030-30,0.0020,6.00,no
2026-10-05T00:28:31.030777Z,KXSOL15M-26OCT042030-30,0.0020,14.00,no
2026-10-05T00:28:31.036791Z,KXSOL15M-26OCT042030-30,0.0020,1.00,no
2026-10-05T00:28:31.239174Z,KXSOL15M-26OCT042030-30,0.0020,89.00,no
2026-10-05T00:28:31.247464Z,KXSOL15M-26OCT042030-30,0.0020,1.00,no
2026-10-05T00:28:31.253397Z,KXSOL15M-26OCT042030-30,0.0020,1.00,no
2026-10-05T00:28:31.352314Z,KXSOL15M-26OCT042030-30,0.0020,34.85,no
2026-10-05T00:28:31.363493Z,KXSOL15M-26OCT042030-30,0.0020,14.00,no
2026-10-05T00:28:31.577381Z,KXSOL15M-26OCT042030-30,0.0020,9.00,no
2026-10-05T00:28:31.584445Z,KXSOL15M-26OCT042030-30,0.0020,9.00,no
2026-10-05T00:28:31.758646Z,KXSOL15M-26OCT042030-30,0.0020,5.81,no
2026-10-05T00:28:31.885504Z,KXSOL15M-26OCT042030-30,0.0020,9.00,no
2026-10-05T00:28:32.07745Z,KXSOL15M-26OCT042030-30,0.0020,50.00,no
2026-10-05T00:28:32.219358Z,KXSOL15M-26OCT042030-30,0.0030,50.23,yes
2026-10-05T00:28:32.957943Z,KXSOL15M-26OCT042030-30,0.0020,7.01,no
2026-10-05T00:28:33.271969Z,KXSOL15M-26OCT042030-30,0.0020,34.83,no
2026-10-05T00:28:33.271969Z,KXSOL15M-26OCT042030-30,0.0020,11.17,no
2026-10-05T00:28:33.279334Z,KXSOL15M-26OCT042030-30,0.0020,1.00,no
2026-10-05T00:28:33.548884Z,KXSOL15M-26OCT042030-30,0.0020,116.88,no
2026-10-05T00:28:33.733445Z,KXSOL15M-26OCT042030-30,0.0020,6.00,no
2026-10-05T00:28:33.738717Z,KXSOL15M-26OCT042030-30,0.0020,1.00,no
2026-10-05T00:28:34.265267Z,KXSOL15M-26OCT042030-30,0.0020,6.00,no
2026-10-05T00:28:34.272094Z,KXSOL15M-26OCT042030-30,0.0020,1.00,no
2026-10-05T00:28:34.86253Z,KXSOL15M-26OCT042030-30,0.0020,6.00,no
2026-10-05T00:28:35.409412Z,KXSOL15M-26OCT042030-30,0.0020,55.10,no
2026-10-05T00:28:36.179411Z,KXSOL15M-26OCT042030-30,0.0020,39.00,no
2026-10-05T00:28:36.186435Z,KXSOL15M-26OCT042030-30,0.0020,1.00,no
2026-10-05T00:28:36.281602Z,KXSOL15M-26OCT042030-30,0.0020,56.00,no
2026-10-05T00:28:36.30302Z,KXSOL15M-26OCT042030-30,0.0030,100.00,yes
2026-10-05T00:28:36.30302Z,KXSOL15M-26OCT042030-30,0.0070,17.82,yes
2026-10-05T00:28:36.30302Z,KXSOL15M-26OCT042030-30,0.0060,1.00,yes
2026-10-05T00:28:36.30302Z,KXSOL15M-26OCT042030-30,0.0050,6.00,yes
2026-10-05T00:28:36.30302Z,KXSOL15M-26OCT042030-30,0.0060,65.00,yes
2026-10-05T00:28:37.046416Z,KXSOL15M-26OCT042030-30,0.0020,1.00,no
2026-10-05T00:28:37.3484Z,KXSOL15M-26OCT042030-30,0.0020,24.00,no
2026-10-05T00:28:37.763949Z,KXSOL15M-26OCT042030-30,0.0030,43.04,yes
2026-10-05T00:28:38.155453Z,KXSOL15M-26OCT042030-30,0.0050,6.00,yes
2026-10-05T00:28:38.155453Z,KXSOL15M-26OCT042030-30,0.0070,3.83,yes
2026-10-05T00:28:38.155453Z,KXSOL15M-26OCT042030-30,0.0070,4.18,yes
2026-10-05T00:28:39.031913Z,KXSOL15M-26OCT042030-30,0.0070,51.76,yes
2026-10-05T00:28:39.031913Z,KXSOL15M-26OCT042030-30,0.0060,22.00,yes
2026-10-05T00:28:39.031913Z,KXSOL15M-26OCT042030-30,0.0030,100.00,yes
2026-10-05T00:28:40.761974Z,KXSOL15M-26OCT042030-30,0.0030,30.53,yes
2026-10-05T00:28:41.076413Z,KXSOL15M-26OCT042030-30,0.0020,55.00,no
2026-10-05T00:28:41.076413Z,KXSOL15M-26OCT042030-30,0.0020,100.00,no
2026-10-05T00:28:42.610889Z,KXSOL15M-26OCT042030-30,0.0020,2.00,no
2026-10-05T00:28:43.215878Z,KXSOL15M-26OCT042030-30,0.0020,103.39,no
2026-10-05T00:28:43.7477Z,KXSOL15M-26OCT042030-30,0.0020,123.00,no
2026-10-05T00:28:43.753932Z,KXSOL15M-26OCT042030-30,0.0020,2.00,no
2026-10-05T00:28:43.759596Z,KXSOL15M-26OCT042030-30,0.0020,2.00,no
2026-10-05T00:28:44.678437Z,KXSOL15M-26OCT042030-30,0.0020,2.00,no
2026-10-05T00:28:44.68702Z,KXSOL15M-26OCT042030-30,0.0020,5.00,no
2026-10-05T00:28:44.826505Z,KXSOL15M-26OCT042030-30,0.0020,22.00,no
2026-10-05T00:28:44.836818Z,KXSOL15M-26OCT042030-30,0.0020,2.00,no
2026-10-05T00:28:44.844821Z,KXSOL15M-26OCT042030-30,0.0020,2.00,no
2026-10-05T00:28:44.849819Z,KXSOL15M-26OCT042030-30,0.0020,2.00,no
2026-10-05T00:28:44.85886Z,KXSOL15M-26OCT042030-30,0.0020,2.00,no
2026-10-05T00:28:44.863268Z,KXSOL15M-26OCT042030-30,0.0020,5.00,no
2026-10-05T00:28:44.865463Z,KXSOL15M-26OCT042030-30,0.0020,2.00,no
2026-10-05T00:28:44.872697Z,KXSOL15M-26OCT042030-30,0.0020,2.00,no
2026-10-05T00:28:44.8784Z,KXSOL15M-26OCT042030-30,0.0020,2.00,no
2026-10-05T00:28:44.983325Z,KXSOL15M-26OCT042030-30,0.0020,2.00,no
2026-10-05T00:28:44.990735Z,KXSOL15M-26OCT042030-30,0.0020,2.00,no
2026-10-05T00:28:44.998841Z,KXSOL15M-26OCT042030-30,0.0020,2.00,no
2026-10-05T00:28:45.005745Z,KXSOL15M-26OCT042030-30,0.0020,5.00,no
2026-10-05T00:28:45.195026Z,KXSOL15M-26OCT042030-30,0.0020,2.00,no
2026-10-05T00:28:45.20443Z,KXSOL15M-26OCT042030-30,0.0020,2.00,no
2026-10-05T00:28:45.469495Z,KXSOL15M-26OCT042030-30,0.0030,100.00,yes
2026-10-05T00:28:45.469495Z,KXSOL15M-26OCT042030-30,0.0030,78.18,yes
2026-10-05T00:28:45.469495Z,KXSOL15M-26OCT042030-30,0.0030,2.00,yes
2026-10-05T00:28:45.609344Z,KXSOL15M-26OCT042030-30,0.0020,15.00,no
2026-10-05T00:28:45.625484Z,KXSOL15M-26OCT042030-30,0.0020,2.00,no
2026-10-05T00:28:45.630969Z,KXSOL15M-26OCT042030-30,0.0020,2.00,no
2026-10-05T00:28:45.635493Z,KXSOL15M-26OCT042030-30,0.0020,2.00,no
2026-10-05T00:28:45.7124Z,KXSOL15M-26OCT042030-30,0.0020,5.00,no
2026-10-05T00:28:45.720887Z,KXSOL15M-26OCT042030-30,0.0020,2.00,no
2026-10-05T00:28:45.728619Z,KXSOL15M-26OCT042030-30,0.0020,2.00,no
2026-10-05T00:28:45.735474Z,KXSOL15M-26OCT042030-30,0.0020,2.00,no
2026-10-05T00:28:45.741694Z,KXSOL15M-26OCT042030-30,0.0020,2.00,no
2026-10-05T00:28:45.74938Z,KXSOL15M-26OCT042030-30,0.0020,2.00,no
2026-10-05T00:28:45.919894Z,KXSOL15M-26OCT042030-30,0.0020,2.00,no
2026-10-05T00:28:45.928712Z,KXSOL15M-26OCT042030-30,0.0020,2.00,no
2026-10-05T00:28:45.958768Z,KXSOL15M-26OCT042030-30,0.0020,2.00,no
2026-10-05T00:28:46.089168Z,KXSOL15M-26OCT042030-30,0.0020,2.00,no
2026-10-05T00:28:46.096301Z,KXSOL15M-26OCT042030-30,0.0020,2.00,no
2026-10-05T00:28:46.451054Z,KXSOL15M-26OCT042030-30,0.0020,8.00,no
2026-10-05T00:28:46.457911Z,KXSOL15M-26OCT042030-30,0.0020,5.00,no
2026-10-05T00:28:46.463201Z,KXSOL15M-26OCT042030-30,0.0020,2.00,no
2026-10-05T00:28:46.779097Z,KXSOL15M-26OCT042030-30,0.0020,50.00,no
2026-10-05T00:28:46.921191Z,KXSOL15M-26OCT042030-30,0.0030,25.79,yes
2026-10-05T00:28:46.921191Z,KXSOL15M-26OCT042030-30,0.0030,25.21,yes
2026-10-05T00:28:47.417007Z,KXSOL15M-26OCT042030-30,0.0020,23.00,no
2026-10-05T00:28:47.423672Z,KXSOL15M-26OCT042030-30,0.0020,3.00,no
2026-10-05T00:28:47.577398Z,KXSOL15M-26OCT042030-30,0.0020,8.00,no
2026-10-05T00:28:49.040685Z,KXSOL15M-26OCT042030-30,0.0020,10.39,no
2026-10-05T00:28:49.040685Z,KXSOL15M-26OCT042030-30,0.0020,4.61,no
2026-10-05T00:28:49.049054Z,KXSOL15M-26OCT042030-30,0.0020,3.00,no
2026-10-05T00:28:49.054763Z,KXSOL15M-26OCT042030-30,0.0020,3.00,no
2026-10-05T00:28:49.087451Z,KXSOL15M-26OCT042030-30,0.0020,3.00,no
2026-10-05T00:28:49.087451Z,KXSOL15M-26OCT042030-30,0.0020,9.61,no
2026-10-05T00:28:49.087451Z,KXSOL15M-26OCT042030-30,0.0020,3.00,no
2026-10-05T00:28:49.087451Z,KXSOL15M-26OCT042030-30,0.0020,3.00,no
2026-10-05T00:28:49.087451Z,KXSOL15M-26OCT042030-30,0.0020,3.00,no
2026-10-05T00:28:49.087451Z,KXSOL15M-26OCT042030-30,0.0020,3.00,no
2026-10-05T00:28:49.087451Z,KXSOL15M-26OCT042030-30,0.0020,3.39,no
2026-10-05T00:28:49.095374Z,KXSOL15M-26OCT042030-30,0.0020,0.34,no
2026-10-05T00:28:49.095374Z,KXSOL15M-26OCT042030-30,0.0020,1.05,no
2026-10-05T00:28:49.095374Z,KXSOL15M-26OCT042030-30,0.0020,1.61,no
2026-10-05T00:28:49.101787Z,KXSOL15M-26OCT042030-30,0.0020,5.00,no
2026-10-05T00:28:49.109299Z,KXSOL15M-26OCT042030-30,0.0020,3.00,no
2026-10-05T00:28:49.110726Z,KXSOL15M-26OCT042030-30,0.0020,2.00,no
2026-10-05T00:28:49.116805Z,KXSOL15M-26OCT042030-30,0.0020,2.00,no
2026-10-05T00:28:49.123199Z,KXSOL15M-26OCT042030-30,0.0020,1.00,no
2026-10-05T00:28:49.123199Z,KXSOL15M-26OCT042030-30,0.0020,1.00,no
2026-10-05T00:28:50.588791Z,KXSOL15M-26OCT042030-30,0.0030,10.00,yes
2026-10-05T00:28:50.596237Z,KXSOL15M-26OCT042030-30,0.0030,6.00,yes
2026-10-05T00:28:51.205687Z,KXSOL15M-26OCT042030-30,0.0030,3.79,yes
2026-10-05T00:28:51.205687Z,KXSOL15M-26OCT042030-30,0.0030,5.00,yes
2026-10-05T00:28:51.205687Z,KXSOL15M-26OCT042030-30,0.0030,2.00,yes
2026-10-05T00:28:51.205687Z,KXSOL15M-26OCT042030-30,0.0030,2.00,yes
2026-10-05T00:28:51.205687Z,KXSOL15M-26OCT042030-30,0.0030,81.21,yes
2026-10-05T00:28:51.205687Z,KXSOL15M-26OCT042030-30,0.0030,2.00,yes
2026-10-05T00:28:51.208731Z,KXSOL15M-26OCT042030-30,0.0030,2.00,yes
2026-10-05T00:28:51.208731Z,KXSOL15M-26OCT042030-30,0.0030,2.00,yes
2026-10-05T00:28:51.208731Z,KXSOL15M-26OCT042030-30,0.0030,2.00,yes
2026-10-05T00:28:51.208731Z,KXSOL15M-26OCT042030-30,0.0030,18.21,yes
2026-10-05T00:28:51.208731Z,KXSOL15M-26OCT042030-30,0.0030,2.00,yes
2026-10-05T00:28:51.208731Z,KXSOL15M-26OCT042030-30,0.0030,5.00,yes
2026-10-05T00:28:51.208731Z,KXSOL15M-26OCT042030-30,0.0030,0.79,yes
2026-10-05T00:28:51.213806Z,KXSOL15M-26OCT042030-30,0.0030,2.00,yes
2026-10-05T00:28:51.213806Z,KXSOL15M-26OCT042030-30,0.0030,2.00,yes
2026-10-05T00:28:51.213806Z,KXSOL15M-26OCT042030-30,0.0030,1.21,yes
2026-10-05T00:28:51.213806Z,KXSOL15M-26OCT042030-30,0.0030,2.00,yes
2026-10-05T00:28:51.213806Z,KXSOL15M-26OCT042030-30,0.0030,2.00,yes
2026-10-05T00:28:51.213806Z,KXSOL15M-26OCT042030-30,0.0030,15.00,yes
2026-10-05T00:28:51.213806Z,KXSOL15M-26OCT042030-30,0.0030,2.00,yes
2026-10-05T00:28:51.213806Z,KXSOL15M-26OCT042030-30,0.0030,2.00,yes
2026-10-05T00:28:51.213806Z,KXSOL15M-26OCT042030-30,0.0030,5.00,yes
2026-10-05T00:28:51.213806Z,KXSOL15M-26OCT042030-30,0.0030,2.00,yes
2026-10-05T00:28:51.213806Z,KXSOL15M-26OCT042030-30,0.0030,2.00,yes
2026-10-05T00:28:51.213806Z,KXSOL15M-26OCT042030-30,0.0030,0.79,yes
2026-10-05T00:28:52.477345Z,KXSOL15M-26OCT042030-30,0.0020,2.00,no
2026-10-05T00:28:53.100511Z,KXSOL15M-26OCT042030-30,0.0020,444.81,no
2026-10-05T00:28:53.121645Z,KXSOL15M-26OCT042030-30,0.0020,2.00,no
2026-10-05T00:28:53.127462Z,KXSOL15M-26OCT042030-30,0.0020,2.00,no
2026-10-05T00:28:53.133636Z,KXSOL15M-26OCT042030-30,0.0020,2.00,no
2026-10-05T00:28:53.13831Z,KXSOL15M-26OCT042030-30,0.0020,2.00,no
2026-10-05T00:28:53.223052Z,KXSOL15M-26OCT042030-30,0.0020,25.00,no
2026-10-05T00:28:53.230354Z,KXSOL15M-26OCT042030-30,0.0020,2.00,no
2026-10-05T00:28:53.236886Z,KXSOL15M-26OCT042030-30,0.0020,2.00,no
2026-10-05T00:28:53.243019Z,KXSOL15M-26OCT042030-30,0.0020,2.00,no
2026-10-05T00:28:53.24923Z,KXSOL15M-26OCT042030-30,0.0020,2.00,no
2026-10-05T00:28:53.594808Z,KXSOL15M-26OCT042030-30,0.0020,2.00,no
2026-10-05T00:28:53.601341Z,KXSOL15M-26OCT042030-30,0.0020,2.00,no
2026-10-05T00:28:53.612444Z,KXSOL15M-26OCT042030-30,0.0020,2.00,no
2026-10-05T00:28:54.087351Z,KXSOL15M-26OCT042030-30,0.0020,2.00,no
2026-10-05T00:28:54.095154Z,KXSOL15M-26OCT042030-30,0.0020,2.00,no
2026-10-05T00:28:54.102951Z,KXSOL15M-26OCT042030-30,0.0020,2.00,no
2026-10-05T00:28:54.10919Z,KXSOL15M-26OCT042030-30,0.0020,2.00,no
2026-10-05T00:28:54.175166Z,KXSOL15M-26OCT042030-30,0.0020,22.00,no
2026-10-05T00:28:54.182818Z,KXSOL15M-26OCT042030-30,0.0020,2.00,no
2026-10-05T00:28:54.188354Z,KXSOL15M-26OCT042030-30,0.0020,2.00,no
2026-10-05T00:28:54.194584Z,KXSOL15M-26OCT042030-30,0.0020,2.00,no
2026-10-05T00:28:54.200005Z,KXSOL15M-26OCT042030-30,0.0020,2.00,no
2026-10-05T00:28:54.20539Z,KXSOL15M-26OCT042030-30,0.0020,2.00,no
2026-10-05T00:28:55.905054Z,KXSOL15M-26OCT042030-30,0.0020,2.00,no
2026-10-05T00:28:55.914495Z,KXSOL15M-26OCT042030-30,0.0020,2.00,no
2026-10-05T00:28:55.921439Z,KXSOL15M-26OCT042030-30,0.0020,2.00,no
2026-10-05T00:28:55.92879Z,KXSOL15M-26OCT042030-30,0.0020,2.00,no
2026-10-05T00:28:55.935467Z,KXSOL15M-26OCT042030-30,0.0020,2.00,no
2026-10-05T00:28:55.942055Z,KXSOL15M-26OCT042030-30,0.0020,2.00,no
2026-10-05T00:28:56.3197Z,KXSOL15M-26OCT042030-30,0.0020,2.00,no
2026-10-05T00:28:56.666557Z,KXSOL15M-26OCT042030-30,0.0020,2.00,no
2026-10-05T00:28:56.680041Z,KXSOL15M-26OCT042030-30,0.0020,2.00,no
2026-10-05T00:28:56.685932Z,KXSOL15M-26OCT042030-30,0.0020,2.00,no
2026-10-05T00:28:56.702409Z,KXSOL15M-26OCT042030-30,0.0030,46.35,yes
2026-10-05T00:28:56.702409Z,KXSOL15M-26OCT042030-30,0.0030,2.00,yes
2026-10-05T00:28:56.702409Z,KXSOL15M-26OCT042030-30,0.0030,8.00,yes
2026-10-05T00:28:56.702409Z,KXSOL15M-26OCT042030-30,0.0030,2.00,yes
2026-10-05T00:28:56.702409Z,KXSOL15M-26OCT042030-30,0.0030,2.00,yes
2026-10-05T00:28:56.702409Z,KXSOL15M-26OCT042030-30,0.0030,2.00,yes
2026-10-05T00:28:56.702409Z,KXSOL15M-26OCT042030-30,0.0030,2.00,yes
2026-10-05T00:28:56.702409Z,KXSOL15M-26OCT042030-30,0.0030,5.00,yes
2026-10-05T00:28:56.702409Z,KXSOL15M-26OCT042030-30,0.0030,50.00,yes
2026-10-05T00:28:56.702409Z,KXSOL15M-26OCT042030-30,0.0030,2.00,yes
2026-10-05T00:28:56.702409Z,KXSOL15M-26OCT042030-30,0.0030,100.00,yes
2026-10-05T00:28:56.702409Z,KXSOL15M-26OCT042030-30,0.0030,2.00,yes
2026-10-05T00:28:56.702409Z,KXSOL15M-26OCT042030-30,0.0030,3.00,yes
2026-10-05T00:28:56.702409Z,KXSOL15M-26OCT042030-30,0.0030,8.00,yes
2026-10-05T00:28:56.702409Z,KXSOL15M-26OCT042030-30,0.0030,23.00,yes
2026-10-05T00:28:56.702409Z,KXSOL15M-26OCT042030-30,0.0030,2.00,yes
2026-10-05T00:28:56.702409Z,KXSOL15M-26OCT042030-30,0.0030,2.00,yes
2026-10-05T00:28:56.702409Z,KXSOL15M-26OCT042030-30,0.0030,2.00,yes
2026-10-05T00:28:56.702409Z,KXSOL15M-26OCT042030-30,0.0030,1.21,yes
2026-10-05T00:28:56.702409Z,KXSOL15M-26OCT042030-30,0.0030,2.00,yes
2026-10-05T00:28:56.702409Z,KXSOL15M-26OCT042030-30,0.0030,5.00,yes
2026-10-05T00:28:56.702409Z,KXSOL15M-26OCT042030-30,0.0030,2.00,yes
2026-10-05T00:28:56.820984Z,KXSOL15M-26OCT042030-30,0.0020,10.00,no
2026-10-05T00:28:56.829823Z,KXSOL15M-26OCT042030-30,0.0020,2.00,no
2026-10-05T00:28:56.8367Z,KXSOL15M-26OCT042030-30,0.0020,2.00,no
2026-10-05T00:28:56.844526Z,KXSOL15M-26OCT042030-30,0.0020,2.00,no
2026-10-05T00:28:56.85129Z,KXSOL15M-26OCT042030-30,0.0020,2.00,no
2026-10-05T00:28:56.859701Z,KXSOL15M-26OCT042030-30,0.0020,2.00,no
2026-10-05T00:28:57.043368Z,KXSOL15M-26OCT042030-30,0.0020,5.00,no
2026-10-05T00:28:57.051108Z,KXSOL15M-26OCT042030-30,0.0020,2.00,no
2026-10-05T00:28:57.060395Z,KXSOL15M-26OCT042030-30,0.0020,2.00,no
2026-10-05T00:28:57.068776Z,KXSOL15M-26OCT042030-30,0.0020,2.00,no
2026-10-05T00:28:57.077162Z,KXSOL15M-26OCT042030-30,0.0020,2.00,no
2026-10-05T00:28:57.083742Z,KXSOL15M-26OCT042030-30,0.0020,2.00,no
2026-10-05T00:28:57.254219Z,KXSOL15M-26OCT042030-30,0.0020,2.00,no
2026-10-05T00:28:57.263809Z,KXSOL15M-26OCT042030-30,0.0020,2.00,no
2026-10-05T00:28:57.272401Z,KXSOL15M-26OCT042030-30,0.0020,2.00,no
2026-10-05T00:28:57.281243Z,KXSOL15M-26OCT042030-30,0.0020,2.00,no
2026-10-05T00:28:57.288048Z,KXSOL15M-26OCT042030-30,0.0020,2.00,no
2026-10-05T00:28:57.294875Z,KXSOL15M-26OCT042030-30,0.0020,2.00,no
2026-10-05T00:28:57.303072Z,KXSOL15M-26OCT042030-30,0.0020,2.00,no
2026-10-05T00:28:58.951058Z,KXSOL15M-26OCT042030-30,0.0020,32.00,no
2026-10-05T00:28:59.015514Z,KXSOL15M-26OCT042030-30,0.0020,2.00,no
2026-10-05T00:28:59.0265Z,KXSOL15M-26OCT042030-30,0.0020,2.00,no
2026-10-05T00:28:59.032696Z,KXSOL15M-26OCT042030-30,0.0020,2.00,no
2026-10-05T00:28:59.03781Z,KXSOL15M-26OCT042030-30,0.0020,2.00,no
2026-10-05T00:28:59.044323Z,KXSOL15M-26OCT042030-30,0.0020,2.00,no
2026-10-05T00:28:59.112361Z,KXSOL15M-26OCT042030-30,0.0020,80.80,no
2026-10-05T00:28:59.112361Z,KXSOL15M-26OCT042030-30,0.0010,318.35,no
2026-10-05T00:28:59.112361Z,KXSOL15M-26OCT042030-30,0.0010,500.00,no
2026-10-05T00:28:59.112361Z,KXSOL15M-26OCT042030-30,0.0010,200.00,no
2026-10-05T00:28:59.112361Z,KXSOL15M-26OCT042030-30,0.0020,2.00,no
2026-10-05T00:28:59.112361Z,KXSOL15M-26OCT042030-30,0.0020,1.00,no
2026-10-05T00:28:59.112361Z,KXSOL15M-26OCT042030-30,0.0020,10.00,no
2026-10-05T00:28:59.144286Z,KXSOL15M-26OCT042030-30,0.0020,10.00,no
2026-10-05T00:28:59.367776Z,KXSOL15M-26OCT042030-30,0.0010,1.00,no
2026-10-05T00:28:59.367776Z,KXSOL15M-26OCT042030-30,0.0010,51.00,no
2026-10-05T00:28:59.716336Z,KXSOL15M-26OCT042030-30,0.0010,24.00,no
2026-10-05T00:28:59.716336Z,KXSOL15M-26OCT042030-30,0.0010,1.00,no
2026-10-05T00:28:59.716336Z,KXSOL15M-26OCT042030-30,0.0010,1.00,no
2026-10-05T00:28:59.716336Z,KXSOL15M-26OCT042030-30,0.0010,3.00,no
2026-10-05T00:28:59.716336Z,KXSOL15M-26OCT042030-30,0.0010,10.00,no
2026-10-05T00:29:00.06354Z,KXSOL15M-26OCT042030-30,0.0010,13.00,no
2026-10-05T00:29:00.06354Z,KXSOL15M-26OCT042030-30,0.0010,38.00,no
2026-10-05T00:29:00.975962Z,KXSOL15M-26OCT042030-30,0.0020,1.74,yes
2026-10-05T00:29:01.083055Z,KXSOL15M-26OCT042030-30,0.0010,20.00,no
2026-10-05T00:29:01.083055Z,KXSOL15M-26OCT042030-30,0.0010,38.00,no
2026-10-05T00:29:01.537902Z,KXSOL15M-26OCT042030-30,0.0010,50.00,yes
2026-10-05T00:29:01.797387Z,KXSOL15M-26OCT042030-30,0.0010,8.43,yes
2026-10-05T00:29:08.492797Z,KXSOL15M-26OCT042030-30,0.0010,183.25,yes
2026-10-05T00:29:10.172778Z,KXSOL15M-26OCT042030-30,0.0010,8.65,yes
2026-10-05T00:29:10.172778Z,KXSOL15M-26OCT042030-30,0.0010,830.42,yes
2026-10-05T00:29:10.172778Z,KXSOL15M-26OCT042030-30,0.0010,358.32,yes
2026-10-05T00:29:10.172778Z,KXSOL15M-26OCT042030-30,0.0010,100.00,yes
2026-10-05T00:29:10.172778Z,KXSOL15M-26OCT042030-30,0.0010,153.00,yes
2026-10-05T00:29:10.172778Z,KXSOL15M-26OCT042030-30,0.0010,14.00,yes
2026-10-05T00:29:10.172778Z,KXSOL15M-26OCT042030-30,0.0010,71.00,yes
2026-10-05T00:29:10.172778Z,KXSOL15M-26OCT042030-30,0.0010,4.61,yes
2026-10-05T00:29:14.063996Z,KXSOL15M-26OCT042030-30,0.0010,1297.41,yes
2026-10-05T00:29:27.116057Z,KXSOL15M-26OCT042030-30,0.0010,47.14,yes
2026-10-05T00:29:40.214864Z,KXSOL15M-26OCT042030-30,0.0010,91.62,yes
2026-10-05T00:26:38.733801Z,KXPLATINUM15M-26OCT042030-30,0.9800,2.33,no
2026-10-05T00:26:51.386489Z,KXPLATINUM15M-26OCT042030-30,0.9900,100.00,yes
2026-10-05T00:26:53.894598Z,KXPLATINUM15M-26OCT042030-30,0.9800,140.37,no
2026-10-05T00:26:59.237109Z,KXPLATINUM15M-26OCT042030-30,0.9900,11.00,yes
2026-10-05T00:27:07.328677Z,KXPLATINUM15M-26OCT042030-30,0.9900,1.00,yes
2026-10-05T00:27:09.080756Z,KXPLATINUM15M-26OCT042030-30,0.9900,2.00,yes
2026-10-05T00:27:09.080756Z,KXPLATINUM15M-26OCT042030-30,0.9900,20.00,yes
2026-10-05T00:27:09.080756Z,KXPLATINUM15M-26OCT042030-30,0.9900,1.00,yes
2026-10-05T00:27:09.080756Z,KXPLATINUM15M-26OCT042030-30,0.9900,10.00,yes
2026-10-05T00:27:09.080756Z,KXPLATINUM15M-26OCT042030-30,0.9900,2.00,yes
2026-10-05T00:27:09.080756Z,KXPLATINUM15M-26OCT042030-30,0.9900,100.00,yes
2026-10-05T00:27:09.080756Z,KXPLATINUM15M-26OCT042030-30,0.9900,20.00,yes
2026-10-05T00:27:09.080756Z,KXPLATINUM15M-26OCT042030-30,0.9900,5.00,yes
2026-10-05T00:27:09.080756Z,KXPLATINUM15M-26OCT042030-30,0.9900,39.00,yes
2026-10-05T00:27:09.080756Z,KXPLATINUM15M-26OCT042030-30,0.9900,1.00,yes
2026-10-05T00:27:10.986517Z,KXPLATINUM15M-26OCT042030-30,0.9900,15.03,yes
2026-10-05T00:27:18.006275Z,KXPLATINUM15M-26OCT042030-30,0.9900,1.00,yes
2026-10-05T00:27:18.006275Z,KXPLATINUM15M-26OCT042030-30,0.9900,4.97,yes
2026-10-05T00:27:22.640257Z,KXPLATINUM15M-26OCT042030-30,0.9900,23.00,no
2026-10-05T00:27:30.903564Z,KXPLATINUM15M-26OCT042030-30,0.9900,30.00,no
2026-10-05T00:27:30.903564Z,KXPLATINUM15M-26OCT042030-30,0.9900,16.75,no
2026-10-05T00:27:32.495124Z,KXPLATINUM15M-26OCT042030-30,0.9900,16.75,no
2026-10-05T00:27:32.495124Z,KXPLATINUM15M-26OCT042030-30,0.9900,30.00,no
2026-10-05T00:27:53.762048Z,KXPLATINUM15M-26OCT042030-30,0.9900,76.25,no
2026-10-05T00:27:53.762048Z,KXPLATINUM15M-26OCT042030-30,0.9900,7.26,no
2026-10-05T00:27:53.762048Z,KXPLATINUM15M-26OCT042030-30,0.9900,10.00,no
2026-10-05T00:28:25.686809Z,KXPLATINUM15M-26OCT042030-30,0.9900,15.03,no
2026-10-05T00:28:25.686809Z,KXPLATINUM15M-26OCT042030-30,0.9900,12.74,no
2026-10-05T00:28:25.686809Z,KXPLATINUM15M-26OCT042030-30,0.9900,4.97,no
2026-10-05T00:28:25.686809Z,KXPLATINUM15M-26OCT042030-30,0.9900,64.26,no
2026-10-05T00:28:49.701501Z,KXPLATINUM15M-26OCT042030-30,0.9900,93.51,no
2026-10-05T00:26:55.5674Z,KXSILVER15M-26OCT042030-30,0.9780,15.28,yes
2026-10-05T00:26:56.951532Z,KXSILVER15M-26OCT042030-30,0.9790,24.98,yes
2026-10-05T00:26:59.970174Z,KXSILVER15M-26OCT042030-30,0.9790,10.00,yes
2026-10-05T00:26:59.970174Z,KXSILVER15M-26OCT042030-30,0.9790,1.00,yes
2026-10-05T00:27:03.258036Z,KXSILVER15M-26OCT042030-30,0.9840,0.56,yes
2026-10-05T00:27:04.755741Z,KXSILVER15M-26OCT042030-30,0.9770,75.92,no
2026-10-05T00:27:04.958773Z,KXSILVER15M-26OCT042030-30,0.9880,3.56,yes
2026-10-05T00:27:04.958773Z,KXSILVER15M-26OCT042030-30,0.9840,3.44,yes
2026-10-05T00:27:04.958773Z,KXSILVER15M-26OCT042030-30,0.9840,1.00,yes
2026-10-05T00:27:04.958773Z,KXSILVER15M-26OCT042030-30,0.9870,8.00,yes
2026-10-05T00:27:05.163478Z,KXSILVER15M-26OCT042030-30,0.9880,51.44,yes
2026-10-05T00:27:05.163478Z,KXSILVER15M-26OCT042030-30,0.9880,1.00,yes
2026-10-05T00:27:06.67483Z,KXSILVER15M-26OCT042030-30,0.9900,2.00,yes
2026-10-05T00:27:06.67483Z,KXSILVER15M-26OCT042030-30,0.9900,25.00,yes
2026-10-05T00:27:06.67483Z,KXSILVER15M-26OCT042030-30,0.9900,61.46,yes
2026-10-05T00:27:06.67483Z,KXSILVER15M-26OCT042030-30,0.9900,11.54,yes
2026-10-05T00:27:07.109445Z,KXSILVER15M-26OCT042030-30,0.9900,60.00,yes
2026-10-05T00:27:07.392855Z,KXSILVER15M-26OCT042030-30,0.9900,5.04,yes
2026-10-05T00:27:09.534676Z,KXSILVER15M-26OCT042030-30,0.9870,11.95,no
2026-10-05T00:27:09.534676Z,KXSILVER15M-26OCT042030-30,0.9870,60.00,no
2026-10-05T00:27:10.658589Z,KXSILVER15M-26OCT042030-30,0.9900,32.82,yes
2026-10-05T00:27:10.658589Z,KXSILVER15M-26OCT042030-30,0.9890,10.00,yes
2026-10-05T00:27:10.658589Z,KXSILVER15M-26OCT042030-30,0.9880,1.00,yes
2026-10-05T00:27:10.658589Z,KXSILVER15M-26OCT042030-30,0.9880,37.00,yes
2026-10-05T00:27:12.642237Z,KXSILVER15M-26OCT042030-30,0.9900,1.00,yes
2026-10-05T00:27:13.05684Z,KXSILVER15M-26OCT042030-30,0.9830,6.60,no
2026-10-05T00:27:13.05684Z,KXSILVER15M-26OCT042030-30,0.9870,25.00,no
2026-10-05T00:27:13.05684Z,KXSILVER15M-26OCT042030-30,0.9840,10.00,no
2026-10-05T00:27:13.05684Z,KXSILVER15M-26OCT042030-30,0.9860,23.00,no
2026-10-05T00:27:14.993315Z,KXSILVER15M-26OCT042030-30,0.9900,1.00,yes
2026-10-05T00:27:15.217128Z,KXSILVER15M-26OCT042030-30,0.9840,18.71,no
2026-10-05T00:27:15.217128Z,KXSILVER15M-26OCT042030-30,0.9850,42.00,no
2026-10-05T00:27:15.813791Z,KXSILVER15M-26OCT042030-30,0.9900,10.09,yes
2026-10-05T00:27:16.369972Z,KXSILVER15M-26OCT042030-30,0.9860,2.30,no
2026-10-05T00:27:18.120649Z,KXSILVER15M-26OCT042030-30,0.9900,196.98,yes
2026-10-05T00:27:19.946072Z,KXSILVER15M-26OCT042030-30,0.9900,350.00,yes
2026-10-05T00:27:20.517296Z,KXSILVER15M-26OCT042030-30,0.9890,20.40,no
2026-10-05T00:27:20.764545Z,KXSILVER15M-26OCT042030-30,0.9900,18.00,yes
2026-10-05T00:27:20.970443Z,KXSILVER15M-26OCT042030-30,0.9900,103.00,yes
2026-10-05T00:27:21.754824Z,KXSILVER15M-26OCT042030-30,0.9900,33.01,yes
2026-10-05T00:27:21.754824Z,KXSILVER15M-26OCT042030-30,0.9900,25.00,yes
2026-10-05T00:27:21.754824Z,KXSILVER15M-26OCT042030-30,0.9950,5.99,yes
2026-10-05T00:27:21.754824Z,KXSILVER15M-26OCT042030-30,0.9920,46.00,yes
2026-10-05T00:27:21.896368Z,KXSILVER15M-26OCT042030-30,0.9950,1.00,yes
2026-10-05T00:27:21.896368Z,KXSILVER15M-26OCT042030-30,0.9950,6.00,yes
2026-10-05T00:27:22.029031Z,KXSILVER15M-26OCT042030-30,0.9950,138.00,yes
2026-10-05T00:27:22.029031Z,KXSILVER15M-26OCT042030-30,0.9950,6.00,yes
2026-10-05T00:27:22.322727Z,KXSILVER15M-26OCT042030-30,0.9940,28.00,yes
2026-10-05T00:27:22.322727Z,KXSILVER15M-26OCT042030-30,0.9950,6.00,yes
2026-10-05T00:27:22.608361Z,KXSILVER15M-26OCT042030-30,0.9950,58.00,yes
2026-10-05T00:27:22.608361Z,KXSILVER15M-26OCT042030-30,0.9950,6.00,yes
2026-10-05T00:27:23.045637Z,KXSILVER15M-26OCT042030-30,0.9950,6.00,yes
2026-10-05T00:27:23.045637Z,KXSILVER15M-26OCT042030-30,0.9950,41.00,yes
2026-10-05T00:27:24.262709Z,KXSILVER15M-26OCT042030-30,0.9890,8.50,no
2026-10-05T00:27:27.053965Z,KXSILVER15M-26OCT042030-30,0.9920,1.00,yes
2026-10-05T00:27:27.124849Z,KXSILVER15M-26OCT042030-30,0.9950,49.00,yes
2026-10-05T00:27:27.124849Z,KXSILVER15M-26OCT042030-30,0.9920,149.00,yes
2026-10-05T00:27:27.62551Z,KXSILVER15M-26OCT042030-30,0.9910,20.88,no
2026-10-05T00:27:27.949449Z,KXSILVER15M-26OCT042030-30,0.9970,250.00,yes
2026-10-05T00:27:27.949449Z,KXSILVER15M-26OCT042030-30,0.9980,600.00,yes
2026-10-05T00:27:27.949449Z,KXSILVER15M-26OCT042030-30,0.9980,1570.00,yes
2026-10-05T00:27:27.949449Z,KXSILVER15M-26OCT042030-30,0.9960,6.00,yes
2026-10-05T00:27:27.949449Z,KXSILVER15M-26OCT042030-30,0.9970,1.00,yes
2026-10-05T00:27:27.949449Z,KXSILVER15M-26OCT042030-30,0.9960,78.00,yes
2026-10-05T00:27:28.026035Z,KXSILVER15M-26OCT042030-30,0.9950,166.64,no
2026-10-05T00:27:28.794382Z,KXSILVER15M-26OCT042030-30,0.9950,166.93,no
2026-10-05T00:27:36.31743Z,KXSILVER15M-26OCT042030-30,0.9950,91.62,no
2026-10-05T00:27:37.99822Z,KXSILVER15M-26OCT042030-30,0.9950,91.62,no
2026-10-05T00:27:39.164825Z,KXSILVER15M-26OCT042030-30,0.9960,1.00,yes
2026-10-05T00:27:39.164825Z,KXSILVER15M-26OCT042030-30,0.9960,150.00,yes
2026-10-05T00:27:40.35317Z,KXSILVER15M-26OCT042030-30,0.9970,6.00,yes
2026-10-05T00:27:40.35317Z,KXSILVER15M-26OCT042030-30,0.9970,85.25,yes
2026-10-05T00:27:52.899614Z,KXSILVER15M-26OCT042030-30,0.9960,0.56,no
2026-10-05T00:27:58.534012Z,KXSILVER15M-26OCT042030-30,0.9960,85.25,no
2026-10-05T00:27:58.534012Z,KXSILVER15M-26OCT042030-30,0.9960,4.28,no
2026-10-05T00:27:58.534012Z,KXSILVER15M-26OCT042030-30,0.9960,25.00,no
2026-10-05T00:27:58.866524Z,KXSILVER15M-26OCT042030-30,0.9960,229.04,no
2026-10-05T00:27:59.579934Z,KXSILVER15M-26OCT042030-30,0.9980,28.25,yes
2026-10-05T00:27:59.579934Z,KXSILVER15M-26OCT042030-30,0.9970,1.00,yes
2026-10-05T00:27:59.579934Z,KXSILVER15M-26OCT042030-30,0.9970,6.00,yes
2026-10-05T00:27:59.579934Z,KXSILVER15M-26OCT042030-30,0.9970,164.75,yes
2026-10-05T00:27:59.948612Z,KXSILVER15M-26OCT042030-30,0.9980,350.00,yes
2026-10-05T00:28:03.630746Z,KXSILVER15M-26OCT042030-30,0.9950,1053.19,no
2026-10-05T00:28:03.630746Z,KXSILVER15M-26OCT042030-30,0.9950,328.57,no
2026-10-05T00:28:03.630746Z,KXSILVER15M-26OCT042030-30,0.9960,16.68,no
2026-10-05T00:28:03.630746Z,KXSILVER15M-26OCT042030-30,0.9960,128.00,no
2026-10-05T00:28:03.630746Z,KXSILVER15M-26OCT042030-30,0.9960,164.75,no
2026-10-05T00:28:03.630746Z,KXSILVER15M-26OCT042030-30,0.9960,300.00,no
2026-10-05T00:28:04.617931Z,KXSILVER15M-26OCT042030-30,0.9950,99.09,no
2026-10-05T00:28:04.617931Z,KXSILVER15M-26OCT042030-30,0.9960,109.00,no
2026-10-05T00:28:08.832626Z,KXSILVER15M-26OCT042030-30,0.9960,23.37,no
2026-10-05T00:28:09.106402Z,KXSILVER15M-26OCT042030-30,0.9980,50.00,yes
2026-10-05T00:28:09.364904Z,KXSILVER15M-26OCT042030-30,0.9980,1.75,yes
2026-10-05T00:28:09.364904Z,KXSILVER15M-26OCT042030-30,0.9980,48.25,yes
2026-10-05T00:28:12.318725Z,KXSILVER15M-26OCT042030-30,0.9960,31.00,no
2026-10-05T00:28:12.318725Z,KXSILVER15M-26OCT042030-30,0.9960,48.25,no
2026-10-05T00:28:12.318725Z,KXSILVER15M-26OCT042030-30,0.9950,116.71,no
2026-10-05T00:28:13.714574Z,KXSILVER15M-26OCT042030-30,0.9980,6.29,yes
2026-10-05T00:28:15.536832Z,KXSILVER15M-26OCT042030-30,0.9950,186.97,no
2026-10-05T00:28:20.507415Z,KXSILVER15M-26OCT042030-30,0.9980,2.00,yes
2026-10-05T00:28:21.147447Z,KXSILVER15M-26OCT042030-30,0.9980,200.37,yes
2026-10-05T00:28:28.609853Z,KXSILVER15M-26OCT042030-30,0.9980,15.02,yes
2026-10-05T00:28:31.655262Z,KXSILVER15M-26OCT042030-30,0.9950,74.57,no
2026-10-05T00:28:31.655262Z,KXSILVER15M-26OCT042030-30,0.9950,25.00,no
2026-10-05T00:28:31.655262Z,KXSILVER15M-26OCT042030-30,0.9950,25.00,no
2026-10-05T00:28:31.655262Z,KXSILVER15M-26OCT042030-30,0.9950,25.00,no
2026-10-05T00:28:31.655262Z,KXSILVER15M-26OCT042030-30,0.9950,25.00,no
2026-10-05T00:28:31.655262Z,KXSILVER15M-26OCT042030-30,0.9950,12.40,no
2026-10-05T00:28:32.334122Z,KXSILVER15M-26OCT042030-30,0.9950,79.02,no
2026-10-05T00:28:32.334122Z,KXSILVER15M-26OCT042030-30,0.9950,12.60,no
2026-10-05T00:28:34.515837Z,KXSILVER15M-26OCT042030-30,0.9980,200.37,yes
2026-10-05T00:28:35.734253Z,KXSILVER15M-26OCT042030-30,0.9980,27.70,yes
2026-10-05T00:28:35.734253Z,KXSILVER15M-26OCT042030-30,0.9980,158.30,yes
2026-10-05T00:28:35.734253Z,KXSILVER15M-26OCT042030-30,0.9980,1.00,yes
2026-10-05T00:28:35.734253Z,KXSILVER15M-26OCT042030-30,0.9980,1.00,yes
2026-10-05T00:28:35.925716Z,KXSILVER15M-26OCT042030-30,0.9970,6.29,no
2026-10-05T00:28:35.925716Z,KXSILVER15M-26OCT042030-30,0.9970,110.58,no
2026-10-05T00:28:35.939085Z,KXSILVER15M-26OCT042030-30,0.9980,1.00,yes
2026-10-05T00:28:58.28636Z,KXSILVER15M-26OCT042030-30,0.9970,107.58,no
2026-10-05T00:28:58.28636Z,KXSILVER15M-26OCT042030-30,0.9970,43.42,no
2026-10-05T00:29:00.788345Z,KXSILVER15M-26OCT042030-30,0.9980,224.00,yes
2026-10-05T00:29:02.450996Z,KXSILVER15M-26OCT042030-30,0.9980,2.00,yes
2026-10-05T00:29:02.533259Z,KXSILVER15M-26OCT042030-30,0.9980,50.09,yes
2026-10-05T00:29:03.301308Z,KXSILVER15M-26OCT042030-30,0.9980,50.09,yes
2026-10-05T00:29:04.060191Z,KXSILVER15M-26OCT042030-30,0.9980,50.09,yes
2026-10-05T00:29:04.862734Z,KXSILVER15M-26OCT042030-30,0.9980,50.10,yes
2026-10-05T00:29:05.146757Z,KXSILVER15M-26OCT042030-30,0.9990,1.46,yes
2026-10-05T00:29:05.146757Z,KXSILVER15M-26OCT042030-30,0.9980,1.29,yes
2026-10-05T00:29:05.146757Z,KXSILVER15M-26OCT042030-30,0.9980,1.00,yes
2026-10-05T00:29:05.910493Z,KXSILVER15M-26OCT042030-30,0.9990,3.75,yes
2026-10-05T00:29:06.079084Z,KXSILVER15M-26OCT042030-30,0.9990,5.40,yes
2026-10-05T00:29:06.672184Z,KXSILVER15M-26OCT042030-30,0.9990,3.75,yes
2026-10-05T00:29:07.459111Z,KXSILVER15M-26OCT042030-30,0.9990,3.77,yes
2026-10-05T00:29:07.493948Z,KXSILVER15M-26OCT042030-30,0.9990,50.09,yes
2026-10-05T00:29:08.257442Z,KXSILVER15M-26OCT042030-30,0.9990,50.09,yes
2026-10-05T00:29:08.669403Z,KXSILVER15M-26OCT042030-30,0.9980,1.00,no
2026-10-05T00:29:08.669403Z,KXSILVER15M-26OCT042030-30,0.9980,50.72,no
2026-10-05T00:29:08.669403Z,KXSILVER15M-26OCT042030-30,0.9980,27.70,no
2026-10-05T00:29:08.669403Z,KXSILVER15M-26OCT042030-30,0.9980,5.40,no
2026-10-05T00:29:08.669403Z,KXSILVER15M-26OCT042030-30,0.9980,1.22,no
2026-10-05T00:29:08.669403Z,KXSILVER15M-26OCT042030-30,0.9980,1.46,no
2026-10-05T00:29:08.669403Z,KXSILVER15M-26OCT042030-30,0.9980,3.75,no
2026-10-05T00:29:09.015447Z,KXSILVER15M-26OCT042030-30,0.9990,50.09,yes
2026-10-05T00:29:09.804378Z,KXSILVER15M-26OCT042030-30,0.9990,50.10,yes
2026-10-05T00:29:17.424989Z,KXSILVER15M-26OCT042030-30,0.9990,60.00,yes
2026-10-05T00:29:17.434082Z,KXSILVER15M-26OCT042030-30,0.9990,150.00,yes
2026-10-05T00:29:17.648192Z,KXSILVER15M-26OCT042030-30,0.9990,1.00,yes
2026-10-05T00:29:17.648192Z,KXSILVER15M-26OCT042030-30,0.9990,71.50,yes
2026-10-05T00:29:17.648192Z,KXSILVER15M-26OCT042030-30,0.9990,27.50,yes
2026-10-05T00:29:19.130782Z,KXSILVER15M-26OCT042030-30,0.9990,322.50,yes
2026-10-05T00:29:19.130782Z,KXSILVER15M-26OCT042030-30,0.9990,1.00,yes
2026-10-05T00:29:19.130782Z,KXSILVER15M-26OCT042030-30,0.9990,5.40,yes
2026-10-05T00:29:19.130782Z,KXSILVER15M-26OCT042030-30,0.9990,1.22,yes
2026-10-05T00:29:19.130782Z,KXSILVER15M-26OCT042030-30,0.9990,1.46,yes
2026-10-05T00:29:19.130782Z,KXSILVER15M-26OCT042030-30,0.9990,3.75,yes
2026-10-05T00:29:19.130782Z,KXSILVER15M-26OCT042030-30,0.9990,7.00,yes
2026-10-05T00:29:19.130782Z,KXSILVER15M-26OCT042030-30,0.9990,10.00,yes
2026-10-05T00:29:19.219972Z,KXSILVER15M-26OCT042030-30,0.9990,147.67,no
2026-10-05T00:29:31.413729Z,KXSILVER15M-26OCT042030-30,0.9990,169.43,no
2026-10-05T00:29:34.110946Z,KXSILVER15M-26OCT042030-30,0.9980,2.53,no
2026-10-05T00:29:34.110946Z,KXSILVER15M-26OCT042030-30,0.9980,7.74,no
2026-10-05T00:29:34.110946Z,KXSILVER15M-26OCT042030-30,0.9980,3.77,no
2026-10-05T00:29:34.110946Z,KXSILVER15M-26OCT042030-30,0.9990,430.57,no
2026-10-05T00:29:37.743883Z,KXSILVER15M-26OCT042030-30,0.9990,1.00,yes
2026-10-05T00:29:37.743883Z,KXSILVER15M-26OCT042030-30,0.9990,7.74,yes
2026-10-05T00:29:37.743883Z,KXSILVER15M-26OCT042030-30,0.9990,10.00,yes
2026-10-05T00:29:37.743883Z,KXSILVER15M-26OCT042030-30,0.9990,3.77,yes
2026-10-05T00:29:37.743883Z,KXSILVER15M-26OCT042030-30,0.9990,2.53,yes
2026-10-05T00:29:48.791411Z,KXSILVER15M-26OCT042030-30,0.9990,897.30,no
2026-10-05T00:29:52.955111Z,KXSILVER15M-26OCT042030-30,0.9990,1.02,no
2026-10-05T00:27:11.092108Z,KXPALLADIUM15M-26OCT042030-30,0.9900,14.14,yes
2026-10-05T00:27:11.092108Z,KXPALLADIUM15M-26OCT042030-30,0.9900,1.00,yes
2026-10-05T00:27:13.387039Z,KXPALLADIUM15M-26OCT042030-30,0.9900,77.58,yes
2026-10-05T00:27:13.387039Z,KXPALLADIUM15M-26OCT042030-30,0.9900,5.86,yes
2026-10-05T00:27:13.387039Z,KXPALLADIUM15M-26OCT042030-30,0.9900,16.56,yes
2026-10-05T00:27:28.166068Z,KXPALLADIUM15M-26OCT042030-30,0.9900,20.00,yes
2026-10-05T00:27:28.166068Z,KXPALLADIUM15M-26OCT042030-30,0.9900,2.00,yes
2026-10-05T00:27:28.166068Z,KXPALLADIUM15M-26OCT042030-30,0.9900,10.00,yes
2026-10-05T00:27:28.166068Z,KXPALLADIUM15M-26OCT042030-30,0.9900,1.00,yes
2026-10-05T00:27:28.166068Z,KXPALLADIUM15M-26OCT042030-30,0.9900,2.00,yes
2026-10-05T00:27:28.166068Z,KXPALLADIUM15M-26OCT042030-30,0.9900,22.42,yes
2026-10-05T00:27:28.166068Z,KXPALLADIUM15M-26OCT042030-30,0.9900,30.00,yes
2026-10-05T00:27:28.166068Z,KXPALLADIUM15M-26OCT042030-30,0.9900,60.00,yes
2026-10-05T00:27:28.166068Z,KXPALLADIUM15M-26OCT042030-30,0.9900,30.00,yes
2026-10-05T00:27:28.166068Z,KXPALLADIUM15M-26OCT042030-30,0.9900,60.00,yes
2026-10-05T00:27:28.166068Z,KXPALLADIUM15M-26OCT042030-30,0.9900,19.58,yes
2026-10-05T00:27:28.97377Z,KXPALLADIUM15M-26OCT042030-30,0.9900,0.42,yes
2026-10-05T00:27:28.97377Z,KXPALLADIUM15M-26OCT042030-30,0.9900,42.58,yes
2026-10-05T00:27:28.97377Z,KXPALLADIUM15M-26OCT042030-30,0.9900,2.00,yes
2026-10-05T00:27:32.295378Z,KXPALLADIUM15M-26OCT042030-30,0.9900,1.00,yes
2026-10-05T00:27:32.295378Z,KXPALLADIUM15M-26OCT042030-30,0.9900,60.00,yes
2026-10-05T00:27:32.295378Z,KXPALLADIUM15M-26OCT042030-30,0.9900,30.00,yes
2026-10-05T00:27:32.295378Z,KXPALLADIUM15M-26OCT042030-30,0.9900,30.00,yes
2026-10-05T00:27:32.295378Z,KXPALLADIUM15M-26OCT042030-30,0.9900,60.00,yes
2026-10-05T00:27:35.709218Z,KXPALLADIUM15M-26OCT042030-30,0.9900,46.75,no
2026-10-05T00:28:14.250407Z,KXPALLADIUM15M-26OCT042030-30,0.9900,97.00,no
2026-10-05T00:28:43.155713Z,KXPALLADIUM15M-26OCT042030-30,0.9900,14.14,no
2026-10-05T00:28:43.155713Z,KXPALLADIUM15M-26OCT042030-30,0.9900,5.86,no
2026-10-05T00:28:43.155713Z,KXPALLADIUM15M-26OCT042030-30,0.9900,0.42,no
2026-10-05T00:28:43.155713Z,KXPALLADIUM15M-26OCT042030-30,0.9900,19.58,no
2026-10-05T00:28:43.155713Z,KXPALLADIUM15M-26OCT042030-30,0.9900,25.25,no
2026-10-05T00:28:43.155713Z,KXPALLADIUM15M-26OCT042030-30,0.9900,28.26,no
2026-10-05T00:28:54.779588Z,KXPALLADIUM15M-26OCT042030-30,0.9900,1.74,no
2026-10-05T00:28:54.779588Z,KXPALLADIUM15M-26OCT042030-30,0.9900,45.01,no
2026-10-05T00:27:11.276246Z,KXXRP15M-26OCT042030-30,0.0250,10.00,yes
2026-10-05T00:27:11.276246Z,KXXRP15M-26OCT042030-30,0.0250,3.78,yes
2026-10-05T00:27:11.276246Z,KXXRP15M-26OCT042030-30,0.0240,10.00,yes
2026-10-05T00:27:11.276246Z,KXXRP15M-26OCT042030-30,0.0220,22.00,yes
2026-10-05T00:27:11.276246Z,KXXRP15M-26OCT042030-30,0.0230,15.00,yes
2026-10-05T00:27:11.276246Z,KXXRP15M-26OCT042030-30,0.0270,52.27,yes
2026-10-05T00:27:11.812631Z,KXXRP15M-26OCT042030-30,0.0170,7.00,no
2026-10-05T00:27:11.812631Z,KXXRP15M-26OCT042030-30,0.0200,26.00,no
2026-10-05T00:27:11.812631Z,KXXRP15M-26OCT042030-30,0.0170,5.00,no
2026-10-05T00:27:11.812631Z,KXXRP15M-26OCT042030-30,0.0210,7.00,no
2026-10-05T00:27:11.812631Z,KXXRP15M-26OCT042030-30,0.0180,5.00,no
2026-10-05T00:27:11.812631Z,KXXRP15M-26OCT042030-30,0.0160,2.27,no
2026-10-05T00:27:13.031444Z,KXXRP15M-26OCT042030-30,0.0170,20.00,no
2026-10-05T00:27:13.226277Z,KXXRP15M-26OCT042030-30,0.0160,13.00,no
2026-10-05T00:27:13.536949Z,KXXRP15M-26OCT042030-30,0.0130,7.00,no
2026-10-05T00:27:13.536949Z,KXXRP15M-26OCT042030-30,0.0160,0.61,no
2026-10-05T00:27:13.536949Z,KXXRP15M-26OCT042030-30,0.0120,2.39,no
2026-10-05T00:27:13.652022Z,KXXRP15M-26OCT042030-30,0.0130,7.00,no
2026-10-05T00:27:13.652022Z,KXXRP15M-26OCT042030-30,0.0120,3.00,no
2026-10-05T00:27:13.815311Z,KXXRP15M-26OCT042030-30,0.0150,0.09,no
2026-10-05T00:27:14.359921Z,KXXRP15M-26OCT042030-30,0.0130,10.00,no
2026-10-05T00:27:14.477033Z,KXXRP15M-26OCT042030-30,0.0190,15.00,yes
2026-10-05T00:27:14.477033Z,KXXRP15M-26OCT042030-30,0.0180,5.00,yes
2026-10-05T00:27:14.477033Z,KXXRP15M-26OCT042030-30,0.0190,5.00,yes
2026-10-05T00:27:14.477033Z,KXXRP15M-26OCT042030-30,0.0200,7.50,yes
2026-10-05T00:27:14.477033Z,KXXRP15M-26OCT042030-30,0.0240,2.23,yes
2026-10-05T00:27:14.477033Z,KXXRP15M-26OCT042030-30,0.0240,10.00,yes
2026-10-05T00:27:15.23892Z,KXXRP15M-26OCT042030-30,0.0140,5.00,no
2026-10-05T00:27:15.23892Z,KXXRP15M-26OCT042030-30,0.0140,5.09,no
2026-10-05T00:27:15.23892Z,KXXRP15M-26OCT042030-30,0.0140,7.00,no
2026-10-05T00:27:15.587453Z,KXXRP15M-26OCT042030-30,0.0130,7.00,no
2026-10-05T00:27:15.587453Z,KXXRP15M-26OCT042030-30,0.0150,30.00,no
2026-10-05T00:27:15.587453Z,KXXRP15M-26OCT042030-30,0.0140,14.91,no
2026-10-05T00:27:15.587453Z,KXXRP15M-26OCT042030-30,0.0120,49.30,no
2026-10-05T00:27:15.84045Z,KXXRP15M-26OCT042030-30,0.0150,5.00,no
2026-10-05T00:27:15.889478Z,KXXRP15M-26OCT042030-30,0.0190,10.00,yes
2026-10-05T00:27:15.889478Z,KXXRP15M-26OCT042030-30,0.0180,4.00,yes
2026-10-05T00:27:15.889478Z,KXXRP15M-26OCT042030-30,0.0200,31.83,yes
2026-10-05T00:27:16.225446Z,KXXRP15M-26OCT042030-30,0.0140,15.00,no
2026-10-05T00:27:17.632674Z,KXXRP15M-26OCT042030-30,0.0250,7.50,yes
2026-10-05T00:27:17.632674Z,KXXRP15M-26OCT042030-30,0.0200,5.00,yes
2026-10-05T00:27:17.632674Z,KXXRP15M-26OCT042030-30,0.0230,5.00,yes
2026-10-05T00:27:17.632674Z,KXXRP15M-26OCT042030-30,0.0210,5.00,yes
2026-10-05T00:27:17.632674Z,KXXRP15M-26OCT042030-30,0.0260,10.00,yes
2026-10-05T00:27:17.632674Z,KXXRP15M-26OCT042030-30,0.0270,6.42,yes
2026-10-05T00:27:18.524734Z,KXXRP15M-26OCT042030-30,0.0230,3.00,no
2026-10-05T00:27:18.524734Z,KXXRP15M-26OCT042030-30,0.0200,7.50,no
2026-10-05T00:27:18.524734Z,KXXRP15M-26OCT042030-30,0.0240,44.00,no
2026-10-05T00:27:18.524734Z,KXXRP15M-26OCT042030-30,0.0210,0.10,no
2026-10-05T00:27:18.524734Z,KXXRP15M-26OCT042030-30,0.0180,5.98,no
2026-10-05T00:27:19.070228Z,KXXRP15M-26OCT042030-30,0.0250,33.50,yes
2026-10-05T00:27:19.451482Z,KXXRP15M-26OCT042030-30,0.0360,37.69,yes
2026-10-05T00:27:19.451482Z,KXXRP15M-26OCT042030-30,0.0290,10.00,yes
2026-10-05T00:27:19.451482Z,KXXRP15M-26OCT042030-30,0.0310,5.00,yes
2026-10-05T00:27:19.451482Z,KXXRP15M-26OCT042030-30,0.0310,20.00,yes
2026-10-05T00:27:19.451482Z,KXXRP15M-26OCT042030-30,0.0250,5.00,yes
2026-10-05T00:27:19.451482Z,KXXRP15M-26OCT042030-30,0.0240,5.00,yes
2026-10-05T00:27:19.451482Z,KXXRP15M-26OCT042030-30,0.0260,23.00,yes
2026-10-05T00:27:19.451482Z,KXXRP15M-26OCT042030-30,0.0300,19.00,yes
2026-10-05T00:27:19.451482Z,KXXRP15M-26OCT042030-30,0.0300,5.00,yes
2026-10-05T00:27:19.451482Z,KXXRP15M-26OCT042030-30,0.0300,100.00,yes
2026-10-05T00:27:19.451482Z,KXXRP15M-26OCT042030-30,0.0350,7.50,yes
2026-10-05T00:27:19.451482Z,KXXRP15M-26OCT042030-30,0.0300,32.68,yes
2026-10-05T00:27:19.451482Z,KXXRP15M-26OCT042030-30,0.0290,10.00,yes
2026-10-05T00:27:19.451482Z,KXXRP15M-26OCT042030-30,0.0300,7.50,yes
2026-10-05T00:27:19.451482Z,KXXRP15M-26OCT042030-30,0.0270,9.76,yes
2026-10-05T00:27:19.451482Z,KXXRP15M-26OCT042030-30,0.0300,1.00,yes
2026-10-05T00:27:19.712532Z,KXXRP15M-26OCT042030-30,0.0280,5.00,yes
2026-10-05T00:27:19.910327Z,KXXRP15M-26OCT042030-30,0.0150,7.50,no
2026-10-05T00:27:19.910327Z,KXXRP15M-26OCT042030-30,0.0130,10.00,no
2026-10-05T00:27:19.910327Z,KXXRP15M-26OCT042030-30,0.0230,92.00,no
2026-10-05T00:27:19.910327Z,KXXRP15M-26OCT042030-30,0.0230,7.00,no
2026-10-05T00:27:19.910327Z,KXXRP15M-26OCT042030-30,0.0220,84.00,no
2026-10-05T00:27:19.910327Z,KXXRP15M-26OCT042030-30,0.0200,5.00,no
2026-10-05T00:27:19.910327Z,KXXRP15M-26OCT042030-30,0.0200,5.00,no
2026-10-05T00:27:19.910327Z,KXXRP15M-26OCT042030-30,0.0200,7.50,no
2026-10-05T00:27:19.910327Z,KXXRP15M-26OCT042030-30,0.0190,5.00,no
2026-10-05T00:27:19.910327Z,KXXRP15M-26OCT042030-30,0.0200,40.00,no
2026-10-05T00:27:19.910327Z,KXXRP15M-26OCT042030-30,0.0120,111.66,no
2026-10-05T00:27:20.504303Z,KXXRP15M-26OCT042030-30,0.0220,77.00,yes
2026-10-05T00:27:20.504303Z,KXXRP15M-26OCT042030-30,0.0240,0.10,yes
2026-10-05T00:27:21.037927Z,KXXRP15M-26OCT042030-30,0.0180,10.00,no
2026-10-05T00:27:21.037927Z,KXXRP15M-26OCT042030-30,0.0170,5.00,no
2026-10-05T00:27:21.037927Z,KXXRP15M-26OCT042030-30,0.0180,0.10,no
2026-10-05T00:27:21.037927Z,KXXRP15M-26OCT042030-30,0.0180,7.00,no
2026-10-05T00:27:21.037927Z,KXXRP15M-26OCT042030-30,0.0160,27.72,no
2026-10-05T00:27:21.317699Z,KXXRP15M-26OCT042030-30,0.0240,7.04,yes
2026-10-05T00:27:21.467391Z,KXXRP15M-26OCT042030-30,0.0210,29.17,no
2026-10-05T00:27:21.68426Z,KXXRP15M-26OCT042030-30,0.0230,1.00,no
2026-10-05T00:27:22.285859Z,KXXRP15M-26OCT042030-30,0.0200,0.10,no
2026-10-05T00:27:23.487368Z,KXXRP15M-26OCT042030-30,0.0220,26.00,yes
2026-10-05T00:27:24.830839Z,KXXRP15M-26OCT042030-30,0.0190,13.00,no
2026-10-05T00:27:24.907444Z,KXXRP15M-26OCT042030-30,0.0180,65.00,no
2026-10-05T00:27:24.907444Z,KXXRP15M-26OCT042030-30,0.0170,96.00,no
2026-10-05T00:27:24.907444Z,KXXRP15M-26OCT042030-30,0.0180,7.00,no
2026-10-05T00:27:25.236339Z,KXXRP15M-26OCT042030-30,0.0200,13.81,yes
2026-10-05T00:27:25.236339Z,KXXRP15M-26OCT042030-30,0.0190,9.00,yes
2026-10-05T00:27:25.236339Z,KXXRP15M-26OCT042030-30,0.0180,140.00,yes
2026-10-05T00:27:26.351075Z,KXXRP15M-26OCT042030-30,0.0280,5.00,yes
2026-10-05T00:27:26.707912Z,KXXRP15M-26OCT042030-30,0.0210,5.00,yes
2026-10-05T00:27:27.402742Z,KXXRP15M-26OCT042030-30,0.0180,27.90,no
2026-10-05T00:27:27.678062Z,KXXRP15M-26OCT042030-30,0.0180,12.00,no
2026-10-05T00:27:27.686692Z,KXXRP15M-26OCT042030-30,0.0170,40.69,yes
2026-10-05T00:27:27.705421Z,KXXRP15M-26OCT042030-30,0.0170,58.00,yes
2026-10-05T00:27:28.113553Z,KXXRP15M-26OCT042030-30,0.0170,83.94,yes
2026-10-05T00:27:28.512152Z,KXXRP15M-26OCT042030-30,0.0170,53.93,yes
2026-10-05T00:27:29.208182Z,KXXRP15M-26OCT042030-30,0.0130,0.78,no
2026-10-05T00:27:29.426349Z,KXXRP15M-26OCT042030-30,0.0140,11.33,yes
2026-10-05T00:27:30.556593Z,KXXRP15M-26OCT042030-30,0.0150,8.12,yes
2026-10-05T00:27:31.20894Z,KXXRP15M-26OCT042030-30,0.0150,3.11,yes
2026-10-05T00:27:31.530815Z,KXXRP15M-26OCT042030-30,0.0140,0.12,no
2026-10-05T00:27:31.555855Z,KXXRP15M-26OCT042030-30,0.0150,6.23,yes
2026-10-05T00:27:31.591722Z,KXXRP15M-26OCT042030-30,0.0160,10.00,yes
2026-10-05T00:27:31.591722Z,KXXRP15M-26OCT042030-30,0.0200,20.00,yes
2026-10-05T00:27:31.591722Z,KXXRP15M-26OCT042030-30,0.0190,23.00,yes
2026-10-05T00:27:31.591722Z,KXXRP15M-26OCT042030-30,0.0150,7.00,yes
2026-10-05T00:27:31.591722Z,KXXRP15M-26OCT042030-30,0.0150,4.00,yes
2026-10-05T00:27:31.591722Z,KXXRP15M-26OCT042030-30,0.0200,71.90,yes
2026-10-05T00:27:31.591722Z,KXXRP15M-26OCT042030-30,0.0150,4.00,yes
2026-10-05T00:27:31.591722Z,KXXRP15M-26OCT042030-30,0.0150,27.54,yes
2026-10-05T00:27:31.591722Z,KXXRP15M-26OCT042030-30,0.0190,12.00,yes
2026-10-05T00:27:31.591722Z,KXXRP15M-26OCT042030-30,0.0170,51.44,yes
2026-10-05T00:27:31.591722Z,KXXRP15M-26OCT042030-30,0.0200,7.50,yes
2026-10-05T00:27:32.736877Z,KXXRP15M-26OCT042030-30,0.0140,10.00,no
2026-10-05T00:27:32.794417Z,KXXRP15M-26OCT042030-30,0.0100,1.00,no
2026-10-05T00:27:32.794417Z,KXXRP15M-26OCT042030-30,0.0100,25.00,no
2026-10-05T00:27:32.794417Z,KXXRP15M-26OCT042030-30,0.0100,20.00,no
2026-10-05T00:27:32.794417Z,KXXRP15M-26OCT042030-30,0.0100,50.00,no
2026-10-05T00:27:32.794417Z,KXXRP15M-26OCT042030-30,0.0100,1.00,no
2026-10-05T00:27:32.794417Z,KXXRP15M-26OCT042030-30,0.0090,1.00,no
2026-10-05T00:27:32.794417Z,KXXRP15M-26OCT042030-30,0.0060,1.00,no
2026-10-05T00:27:32.794417Z,KXXRP15M-26OCT042030-30,0.0070,1.00,no
2026-10-05T00:27:32.794417Z,KXXRP15M-26OCT042030-30,0.0080,1.00,no
2026-10-05T00:27:32.794417Z,KXXRP15M-26OCT042030-30,0.0100,1.00,no
2026-10-05T00:27:32.794417Z,KXXRP15M-26OCT042030-30,0.0100,181.41,no
2026-10-05T00:27:32.794417Z,KXXRP15M-26OCT042030-30,0.0100,20.10,no
2026-10-05T00:27:32.794417Z,KXXRP15M-26OCT042030-30,0.0100,25.98,no
2026-10-05T00:27:32.794417Z,KXXRP15M-26OCT042030-30,0.0100,10.71,no
2026-10-05T00:27:32.794417Z,KXXRP15M-26OCT042030-30,0.0100,34.64,no
2026-10-05T00:27:32.794417Z,KXXRP15M-26OCT042030-30,0.0100,21.87,no
2026-10-05T00:27:32.794417Z,KXXRP15M-26OCT042030-30,0.0100,1.64,no
2026-10-05T00:27:32.794417Z,KXXRP15M-26OCT042030-30,0.0100,2.08,no
2026-10-05T00:27:32.794417Z,KXXRP15M-26OCT042030-30,0.0120,161.65,no
2026-10-05T00:27:32.794417Z,KXXRP15M-26OCT042030-30,0.0090,17.67,no
2026-10-05T00:27:32.794417Z,KXXRP15M-26OCT042030-30,0.0080,1.00,no
2026-10-05T00:27:32.794417Z,KXXRP15M-26OCT042030-30,0.0140,59.88,no
2026-10-05T00:27:32.794417Z,KXXRP15M-26OCT042030-30,0.0130,7.00,no
2026-10-05T00:27:32.794417Z,KXXRP15M-26OCT042030-30,0.0110,5.00,no
2026-10-05T00:27:32.794417Z,KXXRP15M-26OCT042030-30,0.0100,5.00,no
2026-10-05T00:27:32.794417Z,KXXRP15M-26OCT042030-30,0.0130,10.00,no
2026-10-05T00:27:32.794417Z,KXXRP15M-26OCT042030-30,0.0140,47.00,no
2026-10-05T00:27:32.794417Z,KXXRP15M-26OCT042030-30,0.0100,37.00,no
2026-10-05T00:27:32.794417Z,KXXRP15M-26OCT042030-30,0.0070,8.00,no
2026-10-05T00:27:32.794417Z,KXXRP15M-26OCT042030-30,0.0100,7.50,no
2026-10-05T00:27:32.794417Z,KXXRP15M-26OCT042030-30,0.0100,40.00,no
2026-10-05T00:27:32.794417Z,KXXRP15M-26OCT042030-30,0.0060,201.26,no
2026-10-05T00:27:32.947602Z,KXXRP15M-26OCT042030-30,0.0080,0.56,no
2026-10-05T00:27:32.947602Z,KXXRP15M-26OCT042030-30,0.0100,7.50,no
2026-10-05T00:27:32.947602Z,KXXRP15M-26OCT042030-30,0.0090,5.00,no
2026-10-05T00:27:33.350539Z,KXXRP15M-26OCT042030-30,0.0110,55.00,no
2026-10-05T00:27:33.350539Z,KXXRP15M-26OCT042030-30,0.0130,5.00,no
2026-10-05T00:27:33.490703Z,KXXRP15M-26OCT042030-30,0.0130,5.00,yes
2026-10-05T00:27:33.966708Z,KXXRP15M-26OCT042030-30,0.0130,2.00,no
2026-10-05T00:27:34.394206Z,KXXRP15M-26OCT042030-30,0.0130,2.00,no
2026-10-05T00:27:34.394206Z,KXXRP15M-26OCT042030-30,0.0120,25.00,no
2026-10-05T00:27:34.394206Z,KXXRP15M-26OCT042030-30,0.0130,2.00,no
2026-10-05T00:27:34.394206Z,KXXRP15M-26OCT042030-30,0.0130,5.00,no
2026-10-05T00:27:35.424313Z,KXXRP15M-26OCT042030-30,0.0140,1.00,yes
2026-10-05T00:27:35.424313Z,KXXRP15M-26OCT042030-30,0.0160,5.41,yes
2026-10-05T00:27:35.424313Z,KXXRP15M-26OCT042030-30,0.0120,71.00,yes
2026-10-05T00:27:35.424313Z,KXXRP15M-26OCT042030-30,0.0110,36.00,yes
2026-10-05T00:27:35.424313Z,KXXRP15M-26OCT042030-30,0.0150,7.50,yes
2026-10-05T00:27:36.050936Z,KXXRP15M-26OCT042030-30,0.0110,0.02,no
2026-10-05T00:27:37.035276Z,KXXRP15M-26OCT042030-30,0.0120,201.26,yes
2026-10-05T00:27:37.035276Z,KXXRP15M-26OCT042030-30,0.0120,54.00,yes
2026-10-05T00:27:37.54177Z,KXXRP15M-26OCT042030-30,0.0160,19.59,yes
2026-10-05T00:27:37.54177Z,KXXRP15M-26OCT042030-30,0.0130,38.00,yes
2026-10-05T00:27:37.54177Z,KXXRP15M-26OCT042030-30,0.0140,5.00,yes
2026-10-05T00:27:37.54177Z,KXXRP15M-26OCT042030-30,0.0140,31.00,yes
2026-10-05T00:27:37.54177Z,KXXRP15M-26OCT042030-30,0.0180,12.00,yes
2026-10-05T00:27:37.54177Z,KXXRP15M-26OCT042030-30,0.0130,0.10,yes
2026-10-05T00:27:37.54177Z,KXXRP15M-26OCT042030-30,0.0190,11.97,yes
2026-10-05T00:27:37.54177Z,KXXRP15M-26OCT042030-30,0.0150,5.00,yes
2026-10-05T00:27:38.321124Z,KXXRP15M-26OCT042030-30,0.0150,0.10,yes
2026-10-05T00:27:38.321124Z,KXXRP15M-26OCT042030-30,0.0170,8.00,yes
2026-10-05T00:27:38.321124Z,KXXRP15M-26OCT042030-30,0.0170,5.00,yes
2026-10-05T00:27:38.321124Z,KXXRP15M-26OCT042030-30,0.0160,5.00,yes
2026-10-05T00:27:38.321124Z,KXXRP15M-26OCT042030-30,0.0190,3.15,yes
2026-10-05T00:27:40.729391Z,KXXRP15M-26OCT042030-30,0.0050,1.00,no
2026-10-05T00:27:40.729391Z,KXXRP15M-26OCT042030-30,0.0040,339.55,no
2026-10-05T00:27:40.729391Z,KXXRP15M-26OCT042030-30,0.0050,11.00,no
2026-10-05T00:27:40.729391Z,KXXRP15M-26OCT042030-30,0.0050,5.00,no
2026-10-05T00:27:40.729391Z,KXXRP15M-26OCT042030-30,0.0070,5.00,no
2026-10-05T00:27:40.729391Z,KXXRP15M-26OCT042030-30,0.0090,71.00,no
2026-10-05T00:27:40.729391Z,KXXRP15M-26OCT042030-30,0.0090,7.00,no
2026-10-05T00:27:40.729391Z,KXXRP15M-26OCT042030-30,0.0080,5.00,no
2026-10-05T00:27:40.729391Z,KXXRP15M-26OCT042030-30,0.0050,7.50,no
2026-10-05T00:27:40.729391Z,KXXRP15M-26OCT042030-30,0.0070,40.00,no
2026-10-05T00:27:40.729391Z,KXXRP15M-26OCT042030-30,0.0080,10.00,no
2026-10-05T00:27:41.135557Z,KXXRP15M-26OCT042030-30,0.0080,5.00,no
2026-10-05T00:27:41.18032Z,KXXRP15M-26OCT042030-30,0.0040,10.45,no
2026-10-05T00:27:41.18032Z,KXXRP15M-26OCT042030-30,0.0030,376.93,no
2026-10-05T00:27:41.18032Z,KXXRP15M-26OCT042030-30,0.0040,1.00,no
2026-10-05T00:27:41.18032Z,KXXRP15M-26OCT042030-30,0.0040,1.00,no
2026-10-05T00:27:41.18032Z,KXXRP15M-26OCT042030-30,0.0040,13.00,no
2026-10-05T00:27:41.18032Z,KXXRP15M-26OCT042030-30,0.0040,1.00,no
2026-10-05T00:27:41.18032Z,KXXRP15M-26OCT042030-30,0.0040,1.00,no
2026-10-05T00:27:41.18032Z,KXXRP15M-26OCT042030-30,0.0040,1.00,no
2026-10-05T00:27:41.18032Z,KXXRP15M-26OCT042030-30,0.0040,1.00,no
2026-10-05T00:27:41.18032Z,KXXRP15M-26OCT042030-30,0.0040,20.00,no
2026-10-05T00:27:41.18032Z,KXXRP15M-26OCT042030-30,0.0060,5.00,no
2026-10-05T00:27:41.18032Z,KXXRP15M-26OCT042030-30,0.0040,40.00,no
2026-10-05T00:27:41.18032Z,KXXRP15M-26OCT042030-30,0.0060,2.00,no
2026-10-05T00:27:41.18032Z,KXXRP15M-26OCT042030-30,0.0070,5.00,no
2026-10-05T00:27:41.18032Z,KXXRP15M-26OCT042030-30,0.0050,10.00,no
2026-10-05T00:27:41.18032Z,KXXRP15M-26OCT042030-30,0.0050,8.00,no
2026-10-05T00:27:41.18032Z,KXXRP15M-26OCT042030-30,0.0040,2.00,no
2026-10-05T00:27:41.345673Z,KXXRP15M-26OCT042030-30,0.0090,4.00,yes
2026-10-05T00:27:41.345673Z,KXXRP15M-26OCT042030-30,0.0100,2.00,yes
2026-10-05T00:27:41.345673Z,KXXRP15M-26OCT042030-30,0.0100,58.34,yes
2026-10-05T00:27:41.345673Z,KXXRP15M-26OCT042030-30,0.0120,26.34,yes
2026-10-05T00:27:41.372861Z,KXXRP15M-26OCT042030-30,0.0080,96.00,no
2026-10-05T00:27:41.375385Z,KXXRP15M-26OCT042030-30,0.0120,4.43,yes
2026-10-05T00:27:41.375385Z,KXXRP15M-26OCT042030-30,0.0120,21.56,yes
2026-10-05T00:27:42.12815Z,KXXRP15M-26OCT042030-30,0.0080,2.00,yes
2026-10-05T00:27:42.386192Z,KXXRP15M-26OCT042030-30,0.0080,20.00,yes
2026-10-05T00:27:42.386192Z,KXXRP15M-26OCT042030-30,0.0090,376.67,yes
2026-10-05T00:27:42.386192Z,KXXRP15M-26OCT042030-30,0.0080,138.33,yes
2026-10-05T00:27:42.386192Z,KXXRP15M-26OCT042030-30,0.0080,23.00,yes
2026-10-05T00:27:42.386192Z,KXXRP15M-26OCT042030-30,0.0080,23.00,yes
2026-10-05T00:27:43.406003Z,KXXRP15M-26OCT042030-30,0.0080,0.90,yes
2026-10-05T00:27:43.493945Z,KXXRP15M-26OCT042030-30,0.0120,0.72,yes
2026-10-05T00:27:43.493945Z,KXXRP15M-26OCT042030-30,0.0110,1.00,yes
2026-10-05T00:27:43.493945Z,KXXRP15M-26OCT042030-30,0.0090,2.00,yes
2026-10-05T00:27:43.493945Z,KXXRP15M-26OCT042030-30,0.0080,2.00,yes
2026-10-05T00:27:43.493945Z,KXXRP15M-26OCT042030-30,0.0090,12.00,yes
2026-10-05T00:27:43.493945Z,KXXRP15M-26OCT042030-30,0.0080,30.10,yes
2026-10-05T00:27:43.493945Z,KXXRP15M-26OCT042030-30,0.0100,40.00,yes
2026-10-05T00:27:43.85034Z,KXXRP15M-26OCT042030-30,0.0090,0.26,yes
2026-10-05T00:27:43.85034Z,KXXRP15M-26OCT042030-30,0.0110,0.70,yes
2026-10-05T00:27:43.85034Z,KXXRP15M-26OCT042030-30,0.0090,43.00,yes
2026-10-05T00:27:43.85034Z,KXXRP15M-26OCT042030-30,0.0100,6.00,yes
2026-10-05T00:27:44.160139Z,KXXRP15M-26OCT042030-30,0.0100,0.10,no
2026-10-05T00:27:44.160139Z,KXXRP15M-26OCT042030-30,0.0090,11.90,no
2026-10-05T00:27:44.160139Z,KXXRP15M-26OCT042030-30,0.0100,8.00,no
2026-10-05T00:27:44.779511Z,KXXRP15M-26OCT042030-30,0.0090,1.00,no
2026-10-05T00:27:44.779511Z,KXXRP15M-26OCT042030-30,0.0080,9.00,no
2026-10-05T00:27:44.779511Z,KXXRP15M-26OCT042030-30,0.0050,11.36,no
2026-10-05T00:27:44.779511Z,KXXRP15M-26OCT042030-30,0.0060,13.00,no
2026-10-05T00:27:44.779511Z,KXXRP15M-26OCT042030-30,0.0070,15.00,no
2026-10-05T00:27:45.197359Z,KXXRP15M-26OCT042030-30,0.0070,117.00,no
2026-10-05T00:27:45.197359Z,KXXRP15M-26OCT042030-30,0.0060,71.56,no
2026-10-05T00:27:45.197359Z,KXXRP15M-26OCT042030-30,0.0070,9.00,no
2026-10-05T00:27:45.197359Z,KXXRP15M-26OCT042030-30,0.0070,10.00,no
2026-10-05T00:27:45.209326Z,KXXRP15M-26OCT042030-30,0.0070,9.00,no
2026-10-05T00:27:46.068682Z,KXXRP15M-26OCT042030-30,0.0060,24.81,yes
2026-10-05T00:27:46.392471Z,KXXRP15M-26OCT042030-30,0.0050,5.02,no
2026-10-05T00:27:47.097668Z,KXXRP15M-26OCT042030-30,0.0050,29.23,no
2026-10-05T00:27:47.097668Z,KXXRP15M-26OCT042030-30,0.0050,8.00,no
2026-10-05T00:27:47.097668Z,KXXRP15M-26OCT042030-30,0.0050,5.62,no
2026-10-05T00:27:47.547395Z,KXXRP15M-26OCT042030-30,0.0050,22.10,no
2026-10-05T00:27:48.652617Z,KXXRP15M-26OCT042030-30,0.0070,6.00,yes
2026-10-05T00:27:48.652617Z,KXXRP15M-26OCT042030-30,0.0070,37.00,yes
2026-10-05T00:27:48.652689Z,KXXRP15M-26OCT042030-30,0.0070,57.00,yes
2026-10-05T00:27:48.652689Z,KXXRP15M-26OCT042030-30,0.0080,20.00,yes
2026-10-05T00:27:48.652693Z,KXXRP15M-26OCT042030-30,0.0080,7.00,yes
2026-10-05T00:27:49.716259Z,KXXRP15M-26OCT042030-30,0.0080,5.84,yes
2026-10-05T00:27:49.879794Z,KXXRP15M-26OCT042030-30,0.0080,40.00,yes
2026-10-05T00:27:52.309395Z,KXXRP15M-26OCT042030-30,0.0060,21.00,no
2026-10-05T00:27:52.309395Z,KXXRP15M-26OCT042030-30,0.0060,18.00,no
2026-10-05T00:27:52.309395Z,KXXRP15M-26OCT042030-30,0.0060,26.00,no
2026-10-05T00:27:52.309395Z,KXXRP15M-26OCT042030-30,0.0060,0.36,no
2026-10-05T00:27:54.139534Z,KXXRP15M-26OCT042030-30,0.0070,40.00,yes
2026-10-05T00:27:54.139534Z,KXXRP15M-26OCT042030-30,0.0070,0.07,yes
2026-10-05T00:27:55.530771Z,KXXRP15M-26OCT042030-30,0.0060,7.36,no
2026-10-05T00:27:55.530771Z,KXXRP15M-26OCT042030-30,0.0060,9.64,no
2026-10-05T00:27:56.117574Z,KXXRP15M-26OCT042030-30,0.0050,0.10,no
2026-10-05T00:27:56.117574Z,KXXRP15M-26OCT042030-30,0.0050,1.90,no
2026-10-05T00:27:56.124878Z,KXXRP15M-26OCT042030-30,0.0050,1.90,no
2026-10-05T00:27:57.14798Z,KXXRP15M-26OCT042030-30,0.0040,4.91,no
2026-10-05T00:27:57.569716Z,KXXRP15M-26OCT042030-30,0.0050,32.00,yes
2026-10-05T00:27:57.569716Z,KXXRP15M-26OCT042030-30,0.0060,14.29,yes
2026-10-05T00:27:58.316265Z,KXXRP15M-26OCT042030-30,0.0060,1.29,yes
2026-10-05T00:27:58.316265Z,KXXRP15M-26OCT042030-30,0.0060,2.71,yes
2026-10-05T00:27:59.219086Z,KXXRP15M-26OCT042030-30,0.0070,12.00,yes
2026-10-05T00:27:59.219086Z,KXXRP15M-26OCT042030-30,0.0080,14.03,yes
2026-10-05T00:27:59.219086Z,KXXRP15M-26OCT042030-30,0.0070,40.00,yes
2026-10-05T00:27:59.219086Z,KXXRP15M-26OCT042030-30,0.0060,3.71,yes
2026-10-05T00:27:59.219086Z,KXXRP15M-26OCT042030-30,0.0070,5.00,yes
2026-10-05T00:27:59.219086Z,KXXRP15M-26OCT042030-30,0.0060,50.00,yes
2026-10-05T00:27:59.526548Z,KXXRP15M-26OCT042030-30,0.0030,1.00,no
2026-10-05T00:27:59.526548Z,KXXRP15M-26OCT042030-30,0.0020,90.44,no
2026-10-05T00:27:59.526548Z,KXXRP15M-26OCT042030-30,0.0030,2.00,no
2026-10-05T00:27:59.526548Z,KXXRP15M-26OCT042030-30,0.0030,2.00,no
2026-10-05T00:27:59.526548Z,KXXRP15M-26OCT042030-30,0.0030,2.00,no
2026-10-05T00:27:59.526548Z,KXXRP15M-26OCT042030-30,0.0030,2.00,no
2026-10-05T00:27:59.526548Z,KXXRP15M-26OCT042030-30,0.0030,2.00,no
2026-10-05T00:27:59.526548Z,KXXRP15M-26OCT042030-30,0.0030,18.00,no
2026-10-05T00:27:59.526548Z,KXXRP15M-26OCT042030-30,0.0030,250.00,no
2026-10-05T00:27:59.526548Z,KXXRP15M-26OCT042030-30,0.0030,40.00,no
2026-10-05T00:27:59.526548Z,KXXRP15M-26OCT042030-30,0.0050,8.00,no
2026-10-05T00:27:59.526548Z,KXXRP15M-26OCT042030-30,0.0040,35.00,no
2026-10-05T00:27:59.526548Z,KXXRP15M-26OCT042030-30,0.0040,3.09,no
2026-10-05T00:27:59.526548Z,KXXRP15M-26OCT042030-30,0.0060,25.00,no
2026-10-05T00:27:59.526548Z,KXXRP15M-26OCT042030-30,0.0050,21.00,no
2026-10-05T00:27:59.850098Z,KXXRP15M-26OCT042030-30,0.0060,23.00,yes
2026-10-05T00:27:59.865849Z,KXXRP15M-26OCT042030-30,0.0060,17.00,yes
2026-10-05T00:27:59.876537Z,KXXRP15M-26OCT042030-30,0.0060,5.00,yes
2026-10-05T00:27:59.98103Z,KXXRP15M-26OCT042030-30,0.0060,18.00,yes
2026-10-05T00:28:00.131223Z,KXXRP15M-26OCT042030-30,0.0070,5.00,yes
2026-10-05T00:28:00.226285Z,KXXRP15M-26OCT042030-30,0.0070,17.00,yes
2026-10-05T00:28:00.739735Z,KXXRP15M-26OCT042030-30,0.0070,1.00,yes
2026-10-05T00:28:00.84687Z,KXXRP15M-26OCT042030-30,0.0070,38.00,yes
2026-10-05T00:28:02.002634Z,KXXRP15M-26OCT042030-30,0.0060,5.00,no
2026-10-05T00:28:02.737329Z,KXXRP15M-26OCT042030-30,0.0060,39.00,yes
2026-10-05T00:28:02.737329Z,KXXRP15M-26OCT042030-30,0.0060,1.53,yes
2026-10-05T00:28:03.836959Z,KXXRP15M-26OCT042030-30,0.0050,21.24,no
2026-10-05T00:28:03.836959Z,KXXRP15M-26OCT042030-30,0.0050,10.00,no
2026-10-05T00:28:03.836959Z,KXXRP15M-26OCT042030-30,0.0050,22.00,no
2026-10-05T00:28:03.836959Z,KXXRP15M-26OCT042030-30,0.0050,8.00,no
2026-10-05T00:28:03.836959Z,KXXRP15M-26OCT042030-30,0.0050,29.00,no
2026-10-05T00:28:04.096034Z,KXXRP15M-26OCT042030-30,0.0060,4.00,yes
2026-10-05T00:28:04.096034Z,KXXRP15M-26OCT042030-30,0.0060,24.00,yes
2026-10-05T00:28:04.096034Z,KXXRP15M-26OCT042030-30,0.0060,12.00,yes
2026-10-05T00:28:04.835707Z,KXXRP15M-26OCT042030-30,0.0060,31.00,yes
2026-10-05T00:28:04.854757Z,KXXRP15M-26OCT042030-30,0.0070,41.00,yes
2026-10-05T00:28:04.862719Z,KXXRP15M-26OCT042030-30,0.0070,8.00,yes
2026-10-05T00:28:05.079219Z,KXXRP15M-26OCT042030-30,0.0070,4.00,yes
2026-10-05T00:28:05.266076Z,KXXRP15M-26OCT042030-30,0.0070,130.90,yes
2026-10-05T00:28:05.695955Z,KXXRP15M-26OCT042030-30,0.0080,0.05,yes
2026-10-05T00:28:05.695955Z,KXXRP15M-26OCT042030-30,0.0070,5.10,yes
2026-10-05T00:28:05.695955Z,KXXRP15M-26OCT042030-30,0.0070,0.06,yes
2026-10-05T00:28:05.695955Z,KXXRP15M-26OCT042030-30,0.0080,7.97,yes
2026-10-05T00:28:06.13074Z,KXXRP15M-26OCT042030-30,0.0070,0.10,no
2026-10-05T00:28:06.13074Z,KXXRP15M-26OCT042030-30,0.0070,9.00,no
2026-10-05T00:28:06.13074Z,KXXRP15M-26OCT042030-30,0.0070,10.00,no
2026-10-05T00:28:06.186532Z,KXXRP15M-26OCT042030-30,0.0100,0.06,yes
2026-10-05T00:28:06.186532Z,KXXRP15M-26OCT042030-30,0.0090,0.06,yes
2026-10-05T00:28:06.186532Z,KXXRP15M-26OCT042030-30,0.0100,5.85,yes
2026-10-05T00:28:06.186532Z,KXXRP15M-26OCT042030-30,0.0080,19.03,yes
2026-10-05T00:28:06.186532Z,KXXRP15M-26OCT042030-30,0.0090,15.00,yes
2026-10-05T00:28:06.638626Z,KXXRP15M-26OCT042030-30,0.0070,20.00,no
2026-10-05T00:28:07.088346Z,KXXRP15M-26OCT042030-30,0.0090,11.00,yes
2026-10-05T00:28:07.088346Z,KXXRP15M-26OCT042030-30,0.0080,19.00,yes
2026-10-05T00:28:07.088346Z,KXXRP15M-26OCT042030-30,0.0100,5.90,yes
2026-10-05T00:28:07.088346Z,KXXRP15M-26OCT042030-30,0.0100,4.10,yes
2026-10-05T00:28:07.145738Z,KXXRP15M-26OCT042030-30,0.0070,25.00,no
2026-10-05T00:28:08.076573Z,KXXRP15M-26OCT042030-30,0.0070,40.00,yes
2026-10-05T00:28:09.223765Z,KXXRP15M-26OCT042030-30,0.0060,10.00,no
2026-10-05T00:28:09.223765Z,KXXRP15M-26OCT042030-30,0.0060,10.00,no
2026-10-05T00:28:09.925864Z,KXXRP15M-26OCT042030-30,0.0050,5.00,no
2026-10-05T00:28:09.925864Z,KXXRP15M-26OCT042030-30,0.0050,8.00,no
2026-10-05T00:28:10.650487Z,KXXRP15M-26OCT042030-30,0.0050,5.00,no
2026-10-05T00:28:10.650487Z,KXXRP15M-26OCT042030-30,0.0050,8.00,no
2026-10-05T00:28:10.650487Z,KXXRP15M-26OCT042030-30,0.0050,17.06,no
2026-10-05T00:28:10.650487Z,KXXRP15M-26OCT042030-30,0.0050,4.00,no
2026-10-05T00:28:10.912805Z,KXXRP15M-26OCT042030-30,0.0060,59.00,yes
2026-10-05T00:28:10.912805Z,KXXRP15M-26OCT042030-30,0.0060,21.00,yes
2026-10-05T00:28:11.304616Z,KXXRP15M-26OCT042030-30,0.0050,8.00,no
2026-10-05T00:28:11.304616Z,KXXRP15M-26OCT042030-30,0.0050,3.00,no
2026-10-05T00:28:11.401777Z,KXXRP15M-26OCT042030-30,0.0050,8.00,no
2026-10-05T00:28:11.401777Z,KXXRP15M-26OCT042030-30,0.0050,7.00,no
2026-10-05T00:28:12.184658Z,KXXRP15M-26OCT042030-30,0.0020,53.50,no
2026-10-05T00:28:12.184658Z,KXXRP15M-26OCT042030-30,0.0040,10.00,no
2026-10-05T00:28:12.184658Z,KXXRP15M-26OCT042030-30,0.0040,7.00,no
2026-10-05T00:28:12.184658Z,KXXRP15M-26OCT042030-30,0.0040,23.00,no
2026-10-05T00:28:12.184658Z,KXXRP15M-26OCT042030-30,0.0030,250.00,no
2026-10-05T00:28:12.184658Z,KXXRP15M-26OCT042030-30,0.0040,47.00,no
2026-10-05T00:28:12.184658Z,KXXRP15M-26OCT042030-30,0.0030,61.00,no
2026-10-05T00:28:12.184658Z,KXXRP15M-26OCT042030-30,0.0040,40.00,no
2026-10-05T00:28:12.263727Z,KXXRP15M-26OCT042030-30,0.0050,40.39,yes
2026-10-05T00:28:12.263727Z,KXXRP15M-26OCT042030-30,0.0040,86.00,yes
2026-10-05T00:28:12.27719Z,KXXRP15M-26OCT042030-30,0.0040,20.00,no
2026-10-05T00:28:12.530081Z,KXXRP15M-26OCT042030-30,0.0040,35.23,yes
2026-10-05T00:28:12.903549Z,KXXRP15M-26OCT042030-30,0.0040,45.43,yes
2026-10-05T00:28:13.790953Z,KXXRP15M-26OCT042030-30,0.0040,0.06,yes
2026-10-05T00:28:13.810155Z,KXXRP15M-26OCT042030-30,0.0040,5.00,yes
2026-10-05T00:28:13.909521Z,KXXRP15M-26OCT042030-30,0.0030,10.00,no
2026-10-05T00:28:13.909521Z,KXXRP15M-26OCT042030-30,0.0030,122.00,no
2026-10-05T00:28:13.909521Z,KXXRP15M-26OCT042030-30,0.0030,10.00,no
2026-10-05T00:28:13.909521Z,KXXRP15M-26OCT042030-30,0.0030,250.00,no
2026-10-05T00:28:13.909521Z,KXXRP15M-26OCT042030-30,0.0030,109.39,no
2026-10-05T00:28:15.080975Z,KXXRP15M-26OCT042030-30,0.0030,9.46,no
2026-10-05T00:28:15.237821Z,KXXRP15M-26OCT042030-30,0.0040,97.00,yes
2026-10-05T00:28:15.237821Z,KXXRP15M-26OCT042030-30,0.0090,27.00,yes
2026-10-05T00:28:15.237821Z,KXXRP15M-26OCT042030-30,0.0140,5.00,yes
2026-10-05T00:28:15.237821Z,KXXRP15M-26OCT042030-30,0.0110,11.00,yes
2026-10-05T00:28:15.237821Z,KXXRP15M-26OCT042030-30,0.0120,15.00,yes
2026-10-05T00:28:15.237821Z,KXXRP15M-26OCT042030-30,0.0150,30.09,yes
2026-10-05T00:28:15.237821Z,KXXRP15M-26OCT042030-30,0.0040,250.00,yes
2026-10-05T00:28:15.237821Z,KXXRP15M-26OCT042030-30,0.0130,14.00,yes
2026-10-05T00:28:15.237821Z,KXXRP15M-26OCT042030-30,0.0120,1.00,yes
2026-10-05T00:28:15.237821Z,KXXRP15M-26OCT042030-30,0.0060,0.05,yes
2026-10-05T00:28:15.237821Z,KXXRP15M-26OCT042030-30,0.0070,5.00,yes
2026-10-05T00:28:15.237821Z,KXXRP15M-26OCT042030-30,0.0050,10.61,yes
2026-10-05T00:28:15.237821Z,KXXRP15M-26OCT042030-30,0.0140,1.00,yes
2026-10-05T00:28:15.237821Z,KXXRP15M-26OCT042030-30,0.0150,1.00,yes
2026-10-05T00:28:15.237821Z,KXXRP15M-26OCT042030-30,0.0040,144.28,yes
2026-10-05T00:28:15.237821Z,KXXRP15M-26OCT042030-30,0.0050,53.00,yes
2026-10-05T00:28:15.237821Z,KXXRP15M-26OCT042030-30,0.0130,0.08,yes
2026-10-05T00:28:15.237821Z,KXXRP15M-26OCT042030-30,0.0140,0.09,yes
2026-10-05T00:28:15.237821Z,KXXRP15M-26OCT042030-30,0.0150,0.08,yes
2026-10-05T00:28:15.237821Z,KXXRP15M-26OCT042030-30,0.0120,0.07,yes
2026-10-05T00:28:15.237821Z,KXXRP15M-26OCT042030-30,0.0110,0.07,yes
2026-10-05T00:28:15.237821Z,KXXRP15M-26OCT042030-30,0.0080,5.00,yes
2026-10-05T00:28:15.237821Z,KXXRP15M-26OCT042030-30,0.0070,0.05,yes
2026-10-05T00:28:15.237821Z,KXXRP15M-26OCT042030-30,0.0100,30.00,yes
2026-10-05T00:28:15.237821Z,KXXRP15M-26OCT042030-30,0.0100,7.50,yes
2026-10-05T00:28:15.237821Z,KXXRP15M-26OCT042030-30,0.0150,7.50,yes
2026-10-05T00:28:15.237821Z,KXXRP15M-26OCT042030-30,0.0070,40.00,yes
2026-10-05T00:28:15.237821Z,KXXRP15M-26OCT042030-30,0.0100,19.10,yes
2026-10-05T00:28:15.625786Z,KXXRP15M-26OCT042030-30,0.0050,32.00,no
2026-10-05T00:28:15.625786Z,KXXRP15M-26OCT042030-30,0.0050,8.00,no
2026-10-05T00:28:15.625786Z,KXXRP15M-26OCT042030-30,0.0050,4.00,no
2026-10-05T00:28:15.625786Z,KXXRP15M-26OCT042030-30,0.0050,10.00,no
2026-10-05T00:28:15.826292Z,KXXRP15M-26OCT042030-30,0.0050,10.00,no
2026-10-05T00:28:15.826292Z,KXXRP15M-26OCT042030-30,0.0050,8.00,no
2026-10-05T00:28:16.324667Z,KXXRP15M-26OCT042030-30,0.0050,6.40,no
2026-10-05T00:28:16.324667Z,KXXRP15M-26OCT042030-30,0.0050,8.00,no
2026-10-05T00:28:16.324667Z,KXXRP15M-26OCT042030-30,0.0050,0.10,no
2026-10-05T00:28:16.324667Z,KXXRP15M-26OCT042030-30,0.0050,7.50,no
2026-10-05T00:28:16.335484Z,KXXRP15M-26OCT042030-30,0.0050,2.00,no
2026-10-05T00:28:16.34372Z,KXXRP15M-26OCT042030-30,0.0050,1.60,no
2026-10-05T00:28:16.34372Z,KXXRP15M-26OCT042030-30,0.0050,0.40,no
2026-10-05T00:28:16.352016Z,KXXRP15M-26OCT042030-30,0.0050,2.00,no
2026-10-05T00:28:17.04319Z,KXXRP15M-26OCT042030-30,0.0050,8.00,no
2026-10-05T00:28:17.04319Z,KXXRP15M-26OCT042030-30,0.0050,10.00,no
2026-10-05T00:28:17.050698Z,KXXRP15M-26OCT042030-30,0.0050,2.00,no
2026-10-05T00:28:17.062027Z,KXXRP15M-26OCT042030-30,0.0050,2.00,no
2026-10-05T00:28:17.068968Z,KXXRP15M-26OCT042030-30,0.0050,2.00,no
2026-10-05T00:28:17.247573Z,KXXRP15M-26OCT042030-30,0.0050,8.00,no
2026-10-05T00:28:17.254861Z,KXXRP15M-26OCT042030-30,0.0050,2.00,no
2026-10-05T00:28:17.263502Z,KXXRP15M-26OCT042030-30,0.0050,2.00,no
2026-10-05T00:28:17.274006Z,KXXRP15M-26OCT042030-30,0.0050,2.00,no
2026-10-05T00:28:17.554423Z,KXXRP15M-26OCT042030-30,0.0050,8.00,no
2026-10-05T00:28:17.646105Z,KXXRP15M-26OCT042030-30,0.0050,8.00,no
2026-10-05T00:28:17.646105Z,KXXRP15M-26OCT042030-30,0.0050,10.00,no
2026-10-05T00:28:17.653048Z,KXXRP15M-26OCT042030-30,0.0050,8.00,no
2026-10-05T00:28:17.778203Z,KXXRP15M-26OCT042030-30,0.0040,7.00,no
2026-10-05T00:28:17.778203Z,KXXRP15M-26OCT042030-30,0.0040,10.00,no
2026-10-05T00:28:19.233613Z,KXXRP15M-26OCT042030-30,0.0040,4.69,yes
2026-10-05T00:28:19.233613Z,KXXRP15M-26OCT042030-30,0.0040,7.00,yes
2026-10-05T00:28:19.233613Z,KXXRP15M-26OCT042030-30,0.0040,48.00,yes
2026-10-05T00:28:19.464807Z,KXXRP15M-26OCT042030-30,0.0030,100.60,no
2026-10-05T00:28:20.345557Z,KXXRP15M-26OCT042030-30,0.0030,1.00,no
2026-10-05T00:28:20.482266Z,KXXRP15M-26OCT042030-30,0.0090,5.54,yes
2026-10-05T00:28:20.482266Z,KXXRP15M-26OCT042030-30,0.0040,1.00,yes
2026-10-05T00:28:20.482266Z,KXXRP15M-26OCT042030-30,0.0040,100.60,yes
2026-10-05T00:28:20.482266Z,KXXRP15M-26OCT042030-30,0.0040,16.00,yes
2026-10-05T00:28:20.482266Z,KXXRP15M-26OCT042030-30,0.0040,21.00,yes
2026-10-05T00:28:20.482266Z,KXXRP15M-26OCT042030-30,0.0040,30.00,yes
2026-10-05T00:28:20.482266Z,KXXRP15M-26OCT042030-30,0.0040,0.31,yes
2026-10-05T00:28:20.482266Z,KXXRP15M-26OCT042030-30,0.0040,8.00,yes
2026-10-05T00:28:20.482266Z,KXXRP15M-26OCT042030-30,0.0060,5.00,yes
2026-10-05T00:28:20.482266Z,KXXRP15M-26OCT042030-30,0.0070,5.00,yes
2026-10-05T00:28:20.482266Z,KXXRP15M-26OCT042030-30,0.0080,40.00,yes
2026-10-05T00:28:21.497341Z,KXXRP15M-26OCT042030-30,0.0030,21.00,no
2026-10-05T00:28:21.505401Z,KXXRP15M-26OCT042030-30,0.0030,10.00,no
2026-10-05T00:28:21.510676Z,KXXRP15M-26OCT042030-30,0.0030,7.00,no
2026-10-05T00:28:21.641706Z,KXXRP15M-26OCT042030-30,0.0030,10.00,no
2026-10-05T00:28:21.649062Z,KXXRP15M-26OCT042030-30,0.0030,10.00,no
2026-10-05T00:28:23.232626Z,KXXRP15M-26OCT042030-30,0.0030,10.00,no
2026-10-05T00:28:23.246105Z,KXXRP15M-26OCT042030-30,0.0030,21.00,no
2026-10-05T00:28:23.254566Z,KXXRP15M-26OCT042030-30,0.0030,10.00,no
2026-10-05T00:28:23.261444Z,KXXRP15M-26OCT042030-30,0.0030,10.00,no
2026-10-05T00:28:23.429845Z,KXXRP15M-26OCT042030-30,0.0030,9.60,no
2026-10-05T00:28:23.429845Z,KXXRP15M-26OCT042030-30,0.0030,39.40,no
2026-10-05T00:28:23.542749Z,KXXRP15M-26OCT042030-30,0.0020,40.98,no
2026-10-05T00:28:24.717599Z,KXXRP15M-26OCT042030-30,0.0020,1184.00,no
2026-10-05T00:28:27.432708Z,KXXRP15M-26OCT042030-30,0.0030,1.00,yes
2026-10-05T00:28:27.846589Z,KXXRP15M-26OCT042030-30,0.0020,23.59,no
2026-10-05T00:28:28.860636Z,KXXRP15M-26OCT042030-30,0.0030,54.93,yes
2026-10-05T00:28:28.860636Z,KXXRP15M-26OCT042030-30,0.0030,29.00,yes
2026-10-05T00:28:28.860636Z,KXXRP15M-26OCT042030-30,0.0030,39.40,yes
2026-10-05T00:28:28.890741Z,KXXRP15M-26OCT042030-30,0.0030,25.07,yes
2026-10-05T00:28:28.890741Z,KXXRP15M-26OCT042030-30,0.0030,26.93,yes
2026-10-05T00:28:29.14346Z,KXXRP15M-26OCT042030-30,0.0030,5.02,yes
2026-10-05T00:28:29.34178Z,KXXRP15M-26OCT042030-30,0.0030,10.05,yes
2026-10-05T00:28:29.34178Z,KXXRP15M-26OCT042030-30,0.0030,12.95,yes
2026-10-05T00:28:30.888489Z,KXXRP15M-26OCT042030-30,0.0020,629.95,no
2026-10-05T00:28:30.888489Z,KXXRP15M-26OCT042030-30,0.0030,13.00,no
2026-10-05T00:28:30.888489Z,KXXRP15M-26OCT042030-30,0.0030,97.00,no
2026-10-05T00:28:30.888489Z,KXXRP15M-26OCT042030-30,0.0030,10.00,no
2026-10-05T00:28:31.378689Z,KXXRP15M-26OCT042030-30,0.0020,4.00,no
2026-10-05T00:28:31.378689Z,KXXRP15M-26OCT042030-30,0.0030,10.00,no
2026-10-05T00:28:31.378689Z,KXXRP15M-26OCT042030-30,0.0030,46.00,no
2026-10-05T00:28:31.54887Z,KXXRP15M-26OCT042030-30,0.0020,53.75,no
2026-10-05T00:28:32.261566Z,KXXRP15M-26OCT042030-30,0.0030,20.00,no
2026-10-05T00:28:32.524368Z,KXXRP15M-26OCT042030-30,0.0030,52.00,no
2026-10-05T00:28:32.524368Z,KXXRP15M-26OCT042030-30,0.0030,10.00,no
2026-10-05T00:28:32.812982Z,KXXRP15M-26OCT042030-30,0.0040,10.00,yes
2026-10-05T00:28:32.812982Z,KXXRP15M-26OCT042030-30,0.0040,10.00,yes
2026-10-05T00:28:32.812982Z,KXXRP15M-26OCT042030-30,0.0040,21.00,yes
2026-10-05T00:28:32.812982Z,KXXRP15M-26OCT042030-30,0.0040,10.00,yes
2026-10-05T00:28:32.812982Z,KXXRP15M-26OCT042030-30,0.0050,200.95,yes
2026-10-05T00:28:32.812982Z,KXXRP15M-26OCT042030-30,0.0040,21.00,yes
2026-10-05T00:28:32.812982Z,KXXRP15M-26OCT042030-30,0.0040,10.00,yes
2026-10-05T00:28:32.812982Z,KXXRP15M-26OCT042030-30,0.0040,10.00,yes
2026-10-05T00:28:32.812982Z,KXXRP15M-26OCT042030-30,0.0040,10.00,yes
2026-10-05T00:28:32.812982Z,KXXRP15M-26OCT042030-30,0.0040,7.00,yes
2026-10-05T00:28:32.812982Z,KXXRP15M-26OCT042030-30,0.0040,50.00,yes
2026-10-05T00:28:33.049098Z,KXXRP15M-26OCT042030-30,0.0020,77.88,no
2026-10-05T00:28:33.049098Z,KXXRP15M-26OCT042030-30,0.0030,10.00,no
2026-10-05T00:28:33.049098Z,KXXRP15M-26OCT042030-30,0.0030,15.00,no
2026-10-05T00:28:33.317628Z,KXXRP15M-26OCT042030-30,0.0020,954.00,no
2026-10-05T00:28:33.415226Z,KXXRP15M-26OCT042030-30,0.0020,423.00,no
2026-10-05T00:28:34.202369Z,KXXRP15M-26OCT042030-30,0.0020,23.32,no
2026-10-05T00:28:34.231104Z,KXXRP15M-26OCT042030-30,0.0020,50.00,no
2026-10-05T00:28:34.577698Z,KXXRP15M-26OCT042030-30,0.0020,130.90,no
2026-10-05T00:28:34.897287Z,KXXRP15M-26OCT042030-30,0.0040,35.00,yes
2026-10-05T00:28:34.897287Z,KXXRP15M-26OCT042030-30,0.0050,3.65,yes
2026-10-05T00:28:34.897287Z,KXXRP15M-26OCT042030-30,0.0030,24.00,yes
2026-10-05T00:28:34.897287Z,KXXRP15M-26OCT042030-30,0.0040,3.00,yes
2026-10-05T00:28:34.897287Z,KXXRP15M-26OCT042030-30,0.0030,19.00,yes
2026-10-05T00:28:34.897287Z,KXXRP15M-26OCT042030-30,0.0030,1.00,yes
2026-10-05T00:28:34.897287Z,KXXRP15M-26OCT042030-30,0.0030,30.00,yes
2026-10-05T00:28:36.7543Z,KXXRP15M-26OCT042030-30,0.0020,1.00,no
2026-10-05T00:28:37.196314Z,KXXRP15M-26OCT042030-30,0.0020,24.59,no
2026-10-05T00:28:38.370104Z,KXXRP15M-26OCT042030-30,0.0020,150.00,no
2026-10-05T00:28:38.803166Z,KXXRP15M-26OCT042030-30,0.0020,85.10,no
2026-10-05T00:28:38.803166Z,KXXRP15M-26OCT042030-30,0.0020,359.91,no
2026-10-05T00:28:39.385172Z,KXXRP15M-26OCT042030-30,0.0040,35.00,yes
2026-10-05T00:28:39.385172Z,KXXRP15M-26OCT042030-30,0.0040,41.31,yes
2026-10-05T00:28:39.910571Z,KXXRP15M-26OCT042030-30,0.0030,14.00,yes
2026-10-05T00:28:40.034849Z,KXXRP15M-26OCT042030-30,0.0020,140.09,no
2026-10-05T00:28:40.034849Z,KXXRP15M-26OCT042030-30,0.0020,59.91,no
2026-10-05T00:28:40.049361Z,KXXRP15M-26OCT042030-30,0.0020,200.00,no
2026-10-05T00:28:40.067301Z,KXXRP15M-26OCT042030-30,0.0020,59.91,no
2026-10-05T00:28:40.067301Z,KXXRP15M-26OCT042030-30,0.0020,140.09,no
2026-10-05T00:28:40.097075Z,KXXRP15M-26OCT042030-30,0.0020,122.00,no
2026-10-05T00:28:40.097075Z,KXXRP15M-26OCT042030-30,0.0030,78.00,no
2026-10-05T00:28:41.430625Z,KXXRP15M-26OCT042030-30,0.0040,35.00,yes
2026-10-05T00:28:41.430625Z,KXXRP15M-26OCT042030-30,0.0030,11.00,yes
2026-10-05T00:28:41.430625Z,KXXRP15M-26OCT042030-30,0.0030,91.00,yes
2026-10-05T00:28:41.430625Z,KXXRP15M-26OCT042030-30,0.0040,35.12,yes
2026-10-05T00:28:42.020025Z,KXXRP15M-26OCT042030-30,0.0030,21.00,no
2026-10-05T00:28:42.042814Z,KXXRP15M-26OCT042030-30,0.0030,15.00,no
2026-10-05T00:28:42.111374Z,KXXRP15M-26OCT042030-30,0.0030,39.00,no
2026-10-05T00:28:42.128583Z,KXXRP15M-26OCT042030-30,0.0030,36.00,no
2026-10-05T00:28:42.128583Z,KXXRP15M-26OCT042030-30,0.0030,5.00,no
2026-10-05T00:28:42.213594Z,KXXRP15M-26OCT042030-30,0.0030,36.00,no
2026-10-05T00:28:42.213594Z,KXXRP15M-26OCT042030-30,0.0030,41.00,no
2026-10-05T00:28:43.226206Z,KXXRP15M-26OCT042030-30,0.0020,7.12,no
2026-10-05T00:28:43.821972Z,KXXRP15M-26OCT042030-30,0.0020,2.00,no
2026-10-05T00:28:43.830654Z,KXXRP15M-26OCT042030-30,0.0020,2.00,no
2026-10-05T00:28:43.839393Z,KXXRP15M-26OCT042030-30,0.0020,2.00,no
2026-10-05T00:28:43.845769Z,KXXRP15M-26OCT042030-30,0.0020,2.00,no
2026-10-05T00:28:43.852033Z,KXXRP15M-26OCT042030-30,0.0020,2.00,no
2026-10-05T00:28:43.860326Z,KXXRP15M-26OCT042030-30,0.0020,2.00,no
2026-10-05T00:28:43.86965Z,KXXRP15M-26OCT042030-30,0.0020,2.00,no
2026-10-05T00:28:43.879989Z,KXXRP15M-26OCT042030-30,0.0020,5.00,no
2026-10-05T00:28:44.440238Z,KXXRP15M-26OCT042030-30,0.0020,25.04,no
2026-10-05T00:28:44.887695Z,KXXRP15M-26OCT042030-30,0.0020,204.70,no
2026-10-05T00:28:44.890293Z,KXXRP15M-26OCT042030-30,0.0010,331.47,no
2026-10-05T00:28:44.890293Z,KXXRP15M-26OCT042030-30,0.0020,3.00,no
2026-10-05T00:28:44.890293Z,KXXRP15M-26OCT042030-30,0.0020,3.00,no
2026-10-05T00:28:44.890293Z,KXXRP15M-26OCT042030-30,0.0020,3.00,no
2026-10-05T00:28:44.890293Z,KXXRP15M-26OCT042030-30,0.0020,3.00,no
2026-10-05T00:28:44.890293Z,KXXRP15M-26OCT042030-30,0.0020,3.00,no
2026-10-05T00:28:44.890293Z,KXXRP15M-26OCT042030-30,0.0020,26.00,no
2026-10-05T00:28:44.890293Z,KXXRP15M-26OCT042030-30,0.0020,62.23,no
2026-10-05T00:28:44.890293Z,KXXRP15M-26OCT042030-30,0.0020,5.00,no
2026-10-05T00:28:44.890293Z,KXXRP15M-26OCT042030-30,0.0020,5.00,no
2026-10-05T00:28:45.072639Z,KXXRP15M-26OCT042030-30,0.0020,5.00,yes
2026-10-05T00:28:45.072639Z,KXXRP15M-26OCT042030-30,0.0020,60.00,yes
2026-10-05T00:28:46.434948Z,KXXRP15M-26OCT042030-30,0.0010,7.10,no
2026-10-05T00:28:46.434948Z,KXXRP15M-26OCT042030-30,0.0020,5.00,no
2026-10-05T00:28:46.638731Z,KXXRP15M-26OCT042030-30,0.0020,5.58,yes
2026-10-05T00:28:47.498697Z,KXXRP15M-26OCT042030-30,0.0020,20.42,yes
2026-10-05T00:28:47.498697Z,KXXRP15M-26OCT042030-30,0.0020,25.38,yes
2026-10-05T00:28:47.981294Z,KXXRP15M-26OCT042030-30,0.0010,61.43,no
2026-10-05T00:28:47.981294Z,KXXRP15M-26OCT042030-30,0.0010,171.02,no
2026-10-05T00:28:48.11077Z,KXXRP15M-26OCT042030-30,0.0010,32.08,no
2026-10-05T00:28:49.738203Z,KXXRP15M-26OCT042030-30,0.0010,52.00,no
2026-10-05T00:28:50.660885Z,KXXRP15M-26OCT042030-30,0.0020,32.08,yes
2026-10-05T00:28:50.660885Z,KXXRP15M-26OCT042030-30,0.0020,171.02,yes
2026-10-05T00:28:50.660885Z,KXXRP15M-26OCT042030-30,0.0020,52.00,yes
2026-10-05T00:28:50.660885Z,KXXRP15M-26OCT042030-30,0.0020,11.62,yes
2026-10-05T00:28:50.660885Z,KXXRP15M-26OCT042030-30,0.0020,38.00,yes
2026-10-05T00:28:50.660885Z,KXXRP15M-26OCT042030-30,0.0030,7.12,yes
2026-10-05T00:28:50.660885Z,KXXRP15M-26OCT042030-30,0.0030,0.24,yes
2026-10-05T00:28:50.660885Z,KXXRP15M-26OCT042030-30,0.0030,2.00,yes
2026-10-05T00:28:50.660885Z,KXXRP15M-26OCT042030-30,0.0020,122.00,yes
2026-10-05T00:28:50.660885Z,KXXRP15M-26OCT042030-30,0.0020,24.79,yes
2026-10-05T00:28:57.325645Z,KXXRP15M-26OCT042030-30,0.0020,4.59,yes
2026-10-05T00:28:58.144032Z,KXXRP15M-26OCT042030-30,0.0010,1.00,no
2026-10-05T00:28:58.144032Z,KXXRP15M-26OCT042030-30,0.0010,244.90,no
2026-10-05T00:28:58.144032Z,KXXRP15M-26OCT042030-30,0.0010,500.00,no
2026-10-05T00:28:58.144032Z,KXXRP15M-26OCT042030-30,0.0010,350.00,no
2026-10-05T00:28:58.144032Z,KXXRP15M-26OCT042030-30,0.0010,1.00,no
2026-10-05T00:28:58.144032Z,KXXRP15M-26OCT042030-30,0.0010,1.00,no
2026-10-05T00:28:58.144032Z,KXXRP15M-26OCT042030-30,0.0010,400.00,no
2026-10-05T00:28:58.144032Z,KXXRP15M-26OCT042030-30,0.0010,200.00,no
2026-10-05T00:28:58.144032Z,KXXRP15M-26OCT042030-30,0.0010,0.72,no
2026-10-05T00:28:58.144032Z,KXXRP15M-26OCT042030-30,0.0010,40.00,no
2026-10-05T00:28:58.144032Z,KXXRP15M-26OCT042030-30,0.0010,43.00,no
2026-10-05T00:29:17.403172Z,KXXRP15M-26OCT042030-30,0.0010,3.79,yes
2026-10-05T00:29:18.057831Z,KXXRP15M-26OCT042030-30,0.0010,2400.60,yes
2026-10-05T00:29:18.057831Z,KXXRP15M-26OCT042030-30,0.0010,54.59,yes
2026-10-05T00:29:18.057831Z,KXXRP15M-26OCT042030-30,0.0010,30.00,yes
2026-10-05T00:29:28.25969Z,KXXRP15M-26OCT042030-30,0.0010,71.00,yes
2026-10-05T00:29:28.25969Z,KXXRP15M-26OCT042030-30,0.0010,30.00,yes
2026-10-05T00:29:28.25969Z,KXXRP15M-26OCT042030-30,0.0010,1223.00,yes
2026-10-05T00:29:28.25969Z,KXXRP15M-26OCT042030-30,0.0010,476.64,yes
2026-10-05T00:29:28.25969Z,KXXRP15M-26OCT042030-30,0.0010,1.76,yes
2026-10-05T00:29:28.25969Z,KXXRP15M-26OCT042030-30,0.0010,2106.40,yes
2026-10-05T00:29:28.25969Z,KXXRP15M-26OCT042030-30,0.0010,350.00,yes
2026-10-05T00:29:28.25969Z,KXXRP15M-26OCT042030-30,0.0010,14.00,yes
2026-10-05T00:29:28.25969Z,KXXRP15M-26OCT042030-30,0.0010,62.23,yes
2026-10-05T00:29:28.25969Z,KXXRP15M-26OCT042030-30,0.0010,204.70,yes
2026-10-05T00:29:28.25969Z,KXXRP15M-26OCT042030-30,0.0010,25.04,yes
2026-10-05T00:29:28.25969Z,KXXRP15M-26OCT042030-30,0.0010,2.00,yes
2026-10-05T00:29:28.25969Z,KXXRP15M-26OCT042030-30,0.0010,2.00,yes
2026-10-05T00:29:28.25969Z,KXXRP15M-26OCT042030-30,0.0010,2.00,yes
2026-10-05T00:29:28.25969Z,KXXRP15M-26OCT042030-30,0.0010,2.00,yes
2026-10-05T00:29:28.25969Z,KXXRP15M-26OCT042030-30,0.0010,2.00,yes
2026-10-05T00:29:28.25969Z,KXXRP15M-26OCT042030-30,0.0010,5.00,yes
2026-10-05T00:29:40.414436Z,KXXRP15M-26OCT042030-30,0.0010,82.50,yes
2026-10-05T00:29:42.100486Z,KXXRP15M-26OCT042030-30,0.0010,59.00,yes
2026-10-05T00:27:18.737761Z,KXCOPPER15M-26OCT042030-30,0.9900,100.00,yes
2026-10-05T00:27:19.769237Z,KXCOPPER15M-26OCT042030-30,0.9900,9.08,yes
2026-10-05T00:27:25.610564Z,KXCOPPER15M-26OCT042030-30,0.9900,1.00,yes
2026-10-05T00:27:26.990979Z,KXCOPPER15M-26OCT042030-30,0.9800,8.00,no
2026-10-05T00:27:28.242598Z,KXCOPPER15M-26OCT042030-30,0.9900,100.00,yes
2026-10-05T00:27:28.242598Z,KXCOPPER15M-26OCT042030-30,0.9900,2.00,yes
2026-10-05T00:27:28.242598Z,KXCOPPER15M-26OCT042030-30,0.9900,20.00,yes
2026-10-05T00:27:28.242598Z,KXCOPPER15M-26OCT042030-30,0.9900,2.00,yes
2026-10-05T00:27:28.242598Z,KXCOPPER15M-26OCT042030-30,0.9900,10.00,yes
2026-10-05T00:27:28.242598Z,KXCOPPER15M-26OCT042030-30,0.9900,1.00,yes
2026-10-05T00:27:28.242598Z,KXCOPPER15M-26OCT042030-30,0.9900,70.18,yes
2026-10-05T00:27:28.242598Z,KXCOPPER15M-26OCT042030-30,0.9900,20.00,yes
2026-10-05T00:27:28.242598Z,KXCOPPER15M-26OCT042030-30,0.9900,2.00,yes
2026-10-05T00:27:28.242598Z,KXCOPPER15M-26OCT042030-30,0.9900,65.82,yes
2026-10-05T00:27:28.242598Z,KXCOPPER15M-26OCT042030-30,0.9900,1.00,yes
2026-10-05T00:27:28.242598Z,KXCOPPER15M-26OCT042030-30,0.9900,6.00,yes
2026-10-05T00:27:29.941937Z,KXCOPPER15M-26OCT042030-30,0.9900,15.14,yes
2026-10-05T00:27:30.420187Z,KXCOPPER15M-26OCT042030-30,0.9900,5.73,yes
2026-10-05T00:27:33.255645Z,KXCOPPER15M-26OCT042030-30,0.9900,1.00,yes
2026-10-05T00:27:33.255645Z,KXCOPPER15M-26OCT042030-30,0.9900,8.95,yes
2026-10-05T00:27:33.255645Z,KXCOPPER15M-26OCT042030-30,0.9900,1.52,yes
2026-10-05T00:27:33.255645Z,KXCOPPER15M-26OCT042030-30,0.9900,81.53,yes
2026-10-05T00:27:33.255645Z,KXCOPPER15M-26OCT042030-30,0.9900,7.00,yes
2026-10-05T00:27:33.256371Z,KXCOPPER15M-26OCT042030-30,0.9900,54.22,yes
2026-10-05T00:27:33.256376Z,KXCOPPER15M-26OCT042030-30,0.9900,65.82,yes
2026-10-05T00:27:36.79595Z,KXCOPPER15M-26OCT042030-30,0.9800,1.00,no
2026-10-05T00:27:45.158226Z,KXCOPPER15M-26OCT042030-30,0.9900,104.45,yes
2026-10-05T00:27:47.82126Z,KXCOPPER15M-26OCT042030-30,0.9800,23.39,no
2026-10-05T00:27:48.424581Z,KXCOPPER15M-26OCT042030-30,0.9900,45.00,yes
2026-10-05T00:27:48.424581Z,KXCOPPER15M-26OCT042030-30,0.9900,50.00,yes
2026-10-05T00:27:48.424581Z,KXCOPPER15M-26OCT042030-30,0.9900,7.00,yes
2026-10-05T00:27:48.424581Z,KXCOPPER15M-26OCT042030-30,0.9900,1.00,yes
2026-10-05T00:27:48.424581Z,KXCOPPER15M-26OCT042030-30,0.9900,20.00,yes
2026-10-05T00:28:01.195962Z,KXCOPPER15M-26OCT042030-30,0.9900,93.51,no
2026-10-05T00:28:23.231996Z,KXCOPPER15M-26OCT042030-30,0.9900,10.18,no
2026-10-05T00:28:29.572767Z,KXCOPPER15M-26OCT042030-30,0.9900,93.51,no
2026-10-05T00:27:34.983684Z,KXUSDJPY15M-26OCT042030-30,0.0200,1.00,no
2026-10-05T00:27:34.983684Z,KXUSDJPY15M-26OCT042030-30,0.0200,2.23,no
2026-10-05T00:27:34.983684Z,KXUSDJPY15M-26OCT042030-30,0.0200,1.15,no
2026-10-05T00:27:53.772691Z,KXUSDJPY15M-26OCT042030-30,0.0400,3.00,yes
2026-10-05T00:27:53.772691Z,KXUSDJPY15M-26OCT042030-30,0.0300,3.00,yes
2026-10-05T00:27:53.772691Z,KXUSDJPY15M-26OCT042030-30,0.0400,3.00,yes
2026-10-05T00:27:53.772691Z,KXUSDJPY15M-26OCT042030-30,0.0200,3.00,yes
2026-10-05T00:27:53.772691Z,KXUSDJPY15M-26OCT042030-30,0.0500,16.81,yes
2026-10-05T00:27:53.772691Z,KXUSDJPY15M-26OCT042030-30,0.0300,1.00,yes
2026-10-05T00:27:53.772691Z,KXUSDJPY15M-26OCT042030-30,0.0300,3.00,yes
2026-10-05T00:27:53.772691Z,KXUSDJPY15M-26OCT042030-30,0.0200,60.00,yes
2026-10-05T00:27:53.772691Z,KXUSDJPY15M-26OCT042030-30,0.0200,30.00,yes
2026-10-05T00:27:53.772691Z,KXUSDJPY15M-26OCT042030-30,0.0300,50.00,yes
2026-10-05T00:28:00.130806Z,KXUSDJPY15M-26OCT042030-30,0.0100,10.00,no
2026-10-05T00:28:00.130806Z,KXUSDJPY15M-26OCT042030-30,0.0100,160.00,no
2026-10-05T00:28:00.130806Z,KXUSDJPY15M-26OCT042030-30,0.0100,1.00,no
2026-10-05T00:28:00.130806Z,KXUSDJPY15M-26OCT042030-30,0.0100,1.00,no
2026-10-05T00:28:00.130806Z,KXUSDJPY15M-26OCT042030-30,0.0100,3.41,no
2026-10-05T00:28:00.130806Z,KXUSDJPY15M-26OCT042030-30,0.0100,6.86,no
2026-10-05T00:28:00.130806Z,KXUSDJPY15M-26OCT042030-30,0.0100,2.00,no
2026-10-05T00:28:00.130806Z,KXUSDJPY15M-26OCT042030-30,0.0100,32.73,no
2026-10-05T00:28:27.530879Z,KXUSDJPY15M-26OCT042030-30,0.0200,53.58,yes
2026-10-05T00:28:27.530879Z,KXUSDJPY15M-26OCT042030-30,0.0200,30.00,yes
2026-10-05T00:28:27.530879Z,KXUSDJPY15M-26OCT042030-30,0.0200,10.00,yes
2026-10-05T00:28:51.095828Z,KXUSDJPY15M-26OCT042030-30,0.0100,46.75,yes
2026-10-05T00:29:04.306759Z,KXUSDJPY15M-26OCT042030-30,0.0100,1.00,yes
2026-10-05T00:27:19.004662Z,KXNEAR15M-26OCT042030-30,0.0110,1.00,no
2026-10-05T00:27:19.290384Z,KXNEAR15M-26OCT042030-30,0.0140,5.00,yes
2026-10-05T00:27:20.913407Z,KXNEAR15M-26OCT042030-30,0.0110,1.00,no
2026-10-05T00:27:21.607543Z,KXNEAR15M-26OCT042030-30,0.0130,1.00,no
2026-10-05T00:27:21.967611Z,KXNEAR15M-26OCT042030-30,0.0140,64.65,yes
2026-10-05T00:27:22.500455Z,KXNEAR15M-26OCT042030-30,0.0130,1.00,no
2026-10-05T00:27:24.429681Z,KXNEAR15M-26OCT042030-30,0.0110,10.00,no
2026-10-05T00:27:25.151559Z,KXNEAR15M-26OCT042030-30,0.0120,1.00,no
2026-10-05T00:27:25.610724Z,KXNEAR15M-26OCT042030-30,0.0150,11.00,yes
2026-10-05T00:27:25.666171Z,KXNEAR15M-26OCT042030-30,0.0140,1.00,no
2026-10-05T00:27:28.419037Z,KXNEAR15M-26OCT042030-30,0.0110,1.00,no
2026-10-05T00:27:29.675575Z,KXNEAR15M-26OCT042030-30,0.0170,2.25,yes
2026-10-05T00:27:29.675575Z,KXNEAR15M-26OCT042030-30,0.0140,0.03,yes
2026-10-05T00:27:30.059806Z,KXNEAR15M-26OCT042030-30,0.0110,10.00,no
2026-10-05T00:27:31.067144Z,KXNEAR15M-26OCT042030-30,0.0110,1.00,no
2026-10-05T00:27:31.323548Z,KXNEAR15M-26OCT042030-30,0.0110,1.00,no
2026-10-05T00:27:31.509387Z,KXNEAR15M-26OCT042030-30,0.0110,1.00,no
2026-10-05T00:27:31.516278Z,KXNEAR15M-26OCT042030-30,0.0110,1.00,no
2026-10-05T00:27:31.666993Z,KXNEAR15M-26OCT042030-30,0.0110,1.00,no
2026-10-05T00:27:31.678143Z,KXNEAR15M-26OCT042030-30,0.0110,1.00,no
2026-10-05T00:27:31.830197Z,KXNEAR15M-26OCT042030-30,0.0110,1.00,no
2026-10-05T00:27:32.23824Z,KXNEAR15M-26OCT042030-30,0.0110,1.00,no
2026-10-05T00:27:32.919982Z,KXNEAR15M-26OCT042030-30,0.0120,1.00,no
2026-10-05T00:27:33.471214Z,KXNEAR15M-26OCT042030-30,0.0150,31.15,yes
2026-10-05T00:27:33.471214Z,KXNEAR15M-26OCT042030-30,0.0150,0.03,yes
2026-10-05T00:27:34.04252Z,KXNEAR15M-26OCT042030-30,0.0150,10.93,yes
2026-10-05T00:27:34.231258Z,KXNEAR15M-26OCT042030-30,0.0110,6.00,no
2026-10-05T00:27:34.237782Z,KXNEAR15M-26OCT042030-30,0.0110,1.00,no
2026-10-05T00:27:34.304845Z,KXNEAR15M-26OCT042030-30,0.0110,1.00,no
2026-10-05T00:27:35.006182Z,KXNEAR15M-26OCT042030-30,0.0110,1.00,no
2026-10-05T00:27:35.640826Z,KXNEAR15M-26OCT042030-30,0.0110,1.00,no
2026-10-05T00:27:35.713845Z,KXNEAR15M-26OCT042030-30,0.0110,20.00,no
2026-10-05T00:27:35.719235Z,KXNEAR15M-26OCT042030-30,0.0110,1.00,no
2026-10-05T00:27:35.728076Z,KXNEAR15M-26OCT042030-30,0.0110,1.00,no
2026-10-05T00:27:35.936996Z,KXNEAR15M-26OCT042030-30,0.0110,17.00,no
2026-10-05T00:27:35.94361Z,KXNEAR15M-26OCT042030-30,0.0110,1.00,no
2026-10-05T00:27:35.94882Z,KXNEAR15M-26OCT042030-30,0.0110,1.00,no
2026-10-05T00:27:36.146139Z,KXNEAR15M-26OCT042030-30,0.0110,1.00,no
2026-10-05T00:27:36.366997Z,KXNEAR15M-26OCT042030-30,0.0110,1.00,no
2026-10-05T00:27:36.480139Z,KXNEAR15M-26OCT042030-30,0.0110,1.00,no
2026-10-05T00:27:36.579921Z,KXNEAR15M-26OCT042030-30,0.0110,6.05,no
2026-10-05T00:27:36.579921Z,KXNEAR15M-26OCT042030-30,0.0110,2.95,no
2026-10-05T00:27:36.719929Z,KXNEAR15M-26OCT042030-30,0.0110,1.00,no
2026-10-05T00:27:37.535419Z,KXNEAR15M-26OCT042030-30,0.0110,1.00,no
2026-10-05T00:27:38.091649Z,KXNEAR15M-26OCT042030-30,0.0110,1.00,no
2026-10-05T00:27:38.655186Z,KXNEAR15M-26OCT042030-30,0.0110,0.95,no
2026-10-05T00:27:38.655186Z,KXNEAR15M-26OCT042030-30,0.0110,0.05,no
2026-10-05T00:27:38.895902Z,KXNEAR15M-26OCT042030-30,0.0090,10.00,no
2026-10-05T00:27:38.895902Z,KXNEAR15M-26OCT042030-30,0.0100,10.00,no
2026-10-05T00:27:38.895902Z,KXNEAR15M-26OCT042030-30,0.0100,20.00,no
2026-10-05T00:27:38.895902Z,KXNEAR15M-26OCT042030-30,0.0100,25.00,no
2026-10-05T00:27:38.895902Z,KXNEAR15M-26OCT042030-30,0.0100,2.02,no
2026-10-05T00:27:38.895902Z,KXNEAR15M-26OCT042030-30,0.0100,4.37,no
2026-10-05T00:27:38.895902Z,KXNEAR15M-26OCT042030-30,0.0100,10.00,no
2026-10-05T00:27:38.895902Z,KXNEAR15M-26OCT042030-30,0.0090,15.61,no
2026-10-05T00:27:38.895902Z,KXNEAR15M-26OCT042030-30,0.0100,3.00,no
2026-10-05T00:27:39.064882Z,KXNEAR15M-26OCT042030-30,0.0080,10.00,no
2026-10-05T00:27:39.064882Z,KXNEAR15M-26OCT042030-30,0.0070,10.00,no
2026-10-05T00:27:39.064882Z,KXNEAR15M-26OCT042030-30,0.0080,5.00,no
2026-10-05T00:27:39.064882Z,KXNEAR15M-26OCT042030-30,0.0080,52.00,no
2026-10-05T00:27:39.064882Z,KXNEAR15M-26OCT042030-30,0.0070,19.00,no
2026-10-05T00:27:39.064882Z,KXNEAR15M-26OCT042030-30,0.0080,14.00,no
2026-10-05T00:27:39.143633Z,KXNEAR15M-26OCT042030-30,0.0090,20.00,yes
2026-10-05T00:27:39.143886Z,KXNEAR15M-26OCT042030-30,0.0090,20.00,yes
2026-10-05T00:27:39.143961Z,KXNEAR15M-26OCT042030-30,0.0090,20.00,yes
2026-10-05T00:27:41.800765Z,KXNEAR15M-26OCT042030-30,0.0070,2.00,no
2026-10-05T00:27:41.9475Z,KXNEAR15M-26OCT042030-30,0.0070,1.00,no
2026-10-05T00:27:42.209423Z,KXNEAR15M-26OCT042030-30,0.0070,2.00,no
2026-10-05T00:27:42.430761Z,KXNEAR15M-26OCT042030-30,0.0070,1.00,no
2026-10-05T00:27:42.522907Z,KXNEAR15M-26OCT042030-30,0.0070,3.00,no
2026-10-05T00:27:42.785078Z,KXNEAR15M-26OCT042030-30,0.0070,2.00,no
2026-10-05T00:27:43.038533Z,KXNEAR15M-26OCT042030-30,0.0070,1.00,no
2026-10-05T00:27:43.146893Z,KXNEAR15M-26OCT042030-30,0.0070,1.00,no
2026-10-05T00:27:44.029476Z,KXNEAR15M-26OCT042030-30,0.0060,7.00,no
2026-10-05T00:27:44.137256Z,KXNEAR15M-26OCT042030-30,0.0060,1.00,no
2026-10-05T00:27:44.386103Z,KXNEAR15M-26OCT042030-30,0.0040,10.00,no
2026-10-05T00:27:44.386103Z,KXNEAR15M-26OCT042030-30,0.0050,10.00,no
2026-10-05T00:27:44.386103Z,KXNEAR15M-26OCT042030-30,0.0060,2.00,no
2026-10-05T00:27:44.386103Z,KXNEAR15M-26OCT042030-30,0.0040,350.00,no
2026-10-05T00:27:44.386103Z,KXNEAR15M-26OCT042030-30,0.0040,1.00,no
2026-10-05T00:27:44.386103Z,KXNEAR15M-26OCT042030-30,0.0040,1.00,no
2026-10-05T00:27:44.386103Z,KXNEAR15M-26OCT042030-30,0.0040,1.00,no
2026-10-05T00:27:44.386103Z,KXNEAR15M-26OCT042030-30,0.0040,1.00,no
2026-10-05T00:27:44.386103Z,KXNEAR15M-26OCT042030-30,0.0040,1.00,no
2026-10-05T00:27:44.386103Z,KXNEAR15M-26OCT042030-30,0.0050,11.00,no
2026-10-05T00:27:44.386103Z,KXNEAR15M-26OCT042030-30,0.0040,13.00,no
2026-10-05T00:27:44.386103Z,KXNEAR15M-26OCT042030-30,0.0040,7.00,no
2026-10-05T00:27:44.386103Z,KXNEAR15M-26OCT042030-30,0.0040,0.03,no
2026-10-05T00:27:44.386103Z,KXNEAR15M-26OCT042030-30,0.0060,52.00,no
2026-10-05T00:27:44.386103Z,KXNEAR15M-26OCT042030-30,0.0060,6.00,no
2026-10-05T00:27:44.386103Z,KXNEAR15M-26OCT042030-30,0.0050,36.00,no
2026-10-05T00:27:46.475313Z,KXNEAR15M-26OCT042030-30,0.0040,1.00,no
2026-10-05T00:27:46.624527Z,KXNEAR15M-26OCT042030-30,0.0060,25.00,yes
2026-10-05T00:27:46.624527Z,KXNEAR15M-26OCT042030-30,0.0070,1.71,yes
2026-10-05T00:27:46.624527Z,KXNEAR15M-26OCT042030-30,0.0060,10.00,yes
2026-10-05T00:27:46.624527Z,KXNEAR15M-26OCT042030-30,0.0060,104.00,yes
2026-10-05T00:27:46.624527Z,KXNEAR15M-26OCT042030-30,0.0060,10.00,yes
2026-10-05T00:27:46.749251Z,KXNEAR15M-26OCT042030-30,0.0050,21.00,no
2026-10-05T00:27:46.757147Z,KXNEAR15M-26OCT042030-30,0.0050,1.00,no
2026-10-05T00:27:46.76685Z,KXNEAR15M-26OCT042030-30,0.0050,1.00,no
2026-10-05T00:27:46.780268Z,KXNEAR15M-26OCT042030-30,0.0050,1.00,no
2026-10-05T00:27:47.035212Z,KXNEAR15M-26OCT042030-30,0.0050,1.00,no
2026-10-05T00:27:47.104486Z,KXNEAR15M-26OCT042030-30,0.0050,1.00,no
2026-10-05T00:27:47.156935Z,KXNEAR15M-26OCT042030-30,0.0050,7.00,no
2026-10-05T00:27:47.278798Z,KXNEAR15M-26OCT042030-30,0.0050,1.00,no
2026-10-05T00:27:47.515586Z,KXNEAR15M-26OCT042030-30,0.0050,3.00,no
2026-10-05T00:27:47.559819Z,KXNEAR15M-26OCT042030-30,0.0050,1.00,no
2026-10-05T00:27:47.7912Z,KXNEAR15M-26OCT042030-30,0.0050,7.00,no
2026-10-05T00:27:48.005225Z,KXNEAR15M-26OCT042030-30,0.0050,3.00,no
2026-10-05T00:27:48.10697Z,KXNEAR15M-26OCT042030-30,0.0050,3.00,no
2026-10-05T00:27:48.115459Z,KXNEAR15M-26OCT042030-30,0.0050,1.00,no
2026-10-05T00:27:51.540362Z,KXNEAR15M-26OCT042030-30,0.0070,3.00,yes
2026-10-05T00:27:51.561022Z,KXNEAR15M-26OCT042030-30,0.0070,4.00,yes
2026-10-05T00:27:54.73521Z,KXNEAR15M-26OCT042030-30,0.0040,16.00,no
2026-10-05T00:27:54.73521Z,KXNEAR15M-26OCT042030-30,0.0040,3.00,no
2026-10-05T00:27:54.73521Z,KXNEAR15M-26OCT042030-30,0.0040,18.15,no
2026-10-05T00:27:54.73521Z,KXNEAR15M-26OCT042030-30,0.0040,0.03,no
2026-10-05T00:27:54.73521Z,KXNEAR15M-26OCT042030-30,0.0050,8.00,no
2026-10-05T00:27:54.73521Z,KXNEAR15M-26OCT042030-30,0.0050,5.00,no
2026-10-05T00:27:55.29347Z,KXNEAR15M-26OCT042030-30,0.0040,11.04,no
2026-10-05T00:27:57.019416Z,KXNEAR15M-26OCT042030-30,0.0050,1.00,yes
2026-10-05T00:27:57.019416Z,KXNEAR15M-26OCT042030-30,0.0060,104.00,yes
2026-10-05T00:27:57.451858Z,KXNEAR15M-26OCT042030-30,0.0050,1.00,no
2026-10-05T00:27:57.451858Z,KXNEAR15M-26OCT042030-30,0.0050,3.00,no
2026-10-05T00:27:57.62675Z,KXNEAR15M-26OCT042030-30,0.0040,6.00,no
2026-10-05T00:27:57.736671Z,KXNEAR15M-26OCT042030-30,0.0040,4.00,no
2026-10-05T00:27:57.842999Z,KXNEAR15M-26OCT042030-30,0.0040,14.00,no
2026-10-05T00:27:58.373Z,KXNEAR15M-26OCT042030-30,0.0050,1.00,yes
2026-10-05T00:27:59.613656Z,KXNEAR15M-26OCT042030-30,0.0060,3.00,no
2026-10-05T00:27:59.621987Z,KXNEAR15M-26OCT042030-30,0.0060,2.00,no
2026-10-05T00:27:59.810917Z,KXNEAR15M-26OCT042030-30,0.0060,3.00,no
2026-10-05T00:27:59.96794Z,KXNEAR15M-26OCT042030-30,0.0050,2.00,no
2026-10-05T00:28:00.387794Z,KXNEAR15M-26OCT042030-30,0.0050,2.00,yes
2026-10-05T00:28:00.455138Z,KXNEAR15M-26OCT042030-30,0.0050,2.00,yes
2026-10-05T00:28:01.120461Z,KXNEAR15M-26OCT042030-30,0.0070,2.00,yes
2026-10-05T00:28:01.120461Z,KXNEAR15M-26OCT042030-30,0.0070,1.00,yes
2026-10-05T00:28:01.120461Z,KXNEAR15M-26OCT042030-30,0.0070,7.00,yes
2026-10-05T00:28:01.12107Z,KXNEAR15M-26OCT042030-30,0.0070,1.00,yes
2026-10-05T00:28:01.121879Z,KXNEAR15M-26OCT042030-30,0.0070,1.00,yes
2026-10-05T00:28:01.12283Z,KXNEAR15M-26OCT042030-30,0.0080,32.00,yes
2026-10-05T00:28:01.12283Z,KXNEAR15M-26OCT042030-30,0.0080,10.00,yes
2026-10-05T00:28:01.199709Z,KXNEAR15M-26OCT042030-30,0.0070,5.00,no
2026-10-05T00:28:01.232277Z,KXNEAR15M-26OCT042030-30,0.0080,88.00,yes
2026-10-05T00:28:01.239486Z,KXNEAR15M-26OCT042030-30,0.0080,3.00,yes
2026-10-05T00:28:01.60838Z,KXNEAR15M-26OCT042030-30,0.0060,52.00,no
2026-10-05T00:28:01.60838Z,KXNEAR15M-26OCT042030-30,0.0050,2.00,no
2026-10-05T00:28:01.60838Z,KXNEAR15M-26OCT042030-30,0.0060,18.00,no
2026-10-05T00:28:01.60838Z,KXNEAR15M-26OCT042030-30,0.0050,5.59,no
2026-10-05T00:28:01.60838Z,KXNEAR15M-26OCT042030-30,0.0060,5.00,no
2026-10-05T00:28:01.60838Z,KXNEAR15M-26OCT042030-30,0.0070,14.00,no
2026-10-05T00:28:01.60838Z,KXNEAR15M-26OCT042030-30,0.0070,2.00,no
2026-10-05T00:28:02.309449Z,KXNEAR15M-26OCT042030-30,0.0060,5.00,no
2026-10-05T00:28:02.36781Z,KXNEAR15M-26OCT042030-30,0.0070,40.00,yes
2026-10-05T00:28:02.373141Z,KXNEAR15M-26OCT042030-30,0.0070,2.00,yes
2026-10-05T00:28:09.610843Z,KXNEAR15M-26OCT042030-30,0.0060,16.00,no
2026-10-05T00:28:09.61649Z,KXNEAR15M-26OCT042030-30,0.0060,3.00,no
2026-10-05T00:28:10.108692Z,KXNEAR15M-26OCT042030-30,0.0040,5.52,no
2026-10-05T00:28:11.123892Z,KXNEAR15M-26OCT042030-30,0.0030,17.87,no
2026-10-05T00:28:11.123892Z,KXNEAR15M-26OCT042030-30,0.0030,10.00,no
2026-10-05T00:28:11.123892Z,KXNEAR15M-26OCT042030-30,0.0040,52.00,no
2026-10-05T00:28:11.123892Z,KXNEAR15M-26OCT042030-30,0.0040,3.00,no
2026-10-05T00:28:11.123892Z,KXNEAR15M-26OCT042030-30,0.0040,15.48,no
2026-10-05T00:28:11.608751Z,KXNEAR15M-26OCT042030-30,0.0040,10.00,yes
2026-10-05T00:28:14.281076Z,KXNEAR15M-26OCT042030-30,0.0040,2.00,no
2026-10-05T00:28:14.281076Z,KXNEAR15M-26OCT042030-30,0.0040,1.00,no
2026-10-05T00:28:17.851804Z,KXNEAR15M-26OCT042030-30,0.0030,9.00,no
2026-10-05T00:28:17.858825Z,KXNEAR15M-26OCT042030-30,0.0030,7.00,no
2026-10-05T00:28:18.10281Z,KXNEAR15M-26OCT042030-30,0.0030,9.00,no
2026-10-05T00:28:18.111029Z,KXNEAR15M-26OCT042030-30,0.0030,7.00,no
2026-10-05T00:28:18.588725Z,KXNEAR15M-26OCT042030-30,0.0070,64.45,yes
2026-10-05T00:28:18.588725Z,KXNEAR15M-26OCT042030-30,0.0060,1.00,yes
2026-10-05T00:28:18.588725Z,KXNEAR15M-26OCT042030-30,0.0070,1.00,yes
2026-10-05T00:28:18.610966Z,KXNEAR15M-26OCT042030-30,0.0040,51.00,no
2026-10-05T00:28:18.613361Z,KXNEAR15M-26OCT042030-30,0.0030,9.00,no
2026-10-05T00:28:18.613361Z,KXNEAR15M-26OCT042030-30,0.0040,3.00,no
2026-10-05T00:28:18.613361Z,KXNEAR15M-26OCT042030-30,0.0040,1.00,no
2026-10-05T00:28:19.350914Z,KXNEAR15M-26OCT042030-30,0.0040,1.00,no
2026-10-05T00:28:19.350914Z,KXNEAR15M-26OCT042030-30,0.0040,2.00,no
2026-10-05T00:28:19.357797Z,KXNEAR15M-26OCT042030-30,0.0040,1.00,no
2026-10-05T00:28:19.512751Z,KXNEAR15M-26OCT042030-30,0.0050,30.00,yes
2026-10-05T00:28:19.860115Z,KXNEAR15M-26OCT042030-30,0.0030,4.00,no
2026-10-05T00:28:21.204171Z,KXNEAR15M-26OCT042030-30,0.0030,9.00,no
2026-10-05T00:28:21.209952Z,KXNEAR15M-26OCT042030-30,0.0030,4.00,no
2026-10-05T00:28:21.56037Z,KXNEAR15M-26OCT042030-30,0.0030,5.00,no
2026-10-05T00:28:22.925862Z,KXNEAR15M-26OCT042030-30,0.0030,18.00,no
2026-10-05T00:28:22.925862Z,KXNEAR15M-26OCT042030-30,0.0030,169.13,no
2026-10-05T00:28:22.925862Z,KXNEAR15M-26OCT042030-30,0.0030,2.00,no
2026-10-05T00:28:22.925862Z,KXNEAR15M-26OCT042030-30,0.0030,2.00,no
2026-10-05T00:28:22.925862Z,KXNEAR15M-26OCT042030-30,0.0030,2.00,no
2026-10-05T00:28:22.925862Z,KXNEAR15M-26OCT042030-30,0.0030,2.00,no
2026-10-05T00:28:22.925862Z,KXNEAR15M-26OCT042030-30,0.0030,2.00,no
2026-10-05T00:28:22.925862Z,KXNEAR15M-26OCT042030-30,0.0030,2.87,no
2026-10-05T00:28:23.070684Z,KXNEAR15M-26OCT042030-30,0.0030,21.87,no
2026-10-05T00:28:23.070684Z,KXNEAR15M-26OCT042030-30,0.0030,5.13,no
2026-10-05T00:28:23.216139Z,KXNEAR15M-26OCT042030-30,0.0030,1.13,no
2026-10-05T00:28:23.216139Z,KXNEAR15M-26OCT042030-30,0.0030,1.00,no
2026-10-05T00:28:23.216139Z,KXNEAR15M-26OCT042030-30,0.0030,2.87,no
2026-10-05T00:28:23.394796Z,KXNEAR15M-26OCT042030-30,0.0030,73.00,no
2026-10-05T00:28:23.401536Z,KXNEAR15M-26OCT042030-30,0.0030,73.00,no
2026-10-05T00:28:23.633688Z,KXNEAR15M-26OCT042030-30,0.0040,2.00,no
2026-10-05T00:28:26.253177Z,KXNEAR15M-26OCT042030-30,0.0030,100.27,no
2026-10-05T00:28:28.042813Z,KXNEAR15M-26OCT042030-30,0.0020,328.94,no
2026-10-05T00:28:28.042813Z,KXNEAR15M-26OCT042030-30,0.0030,2.73,no
2026-10-05T00:28:28.042813Z,KXNEAR15M-26OCT042030-30,0.0030,6.00,no
2026-10-05T00:28:28.042813Z,KXNEAR15M-26OCT042030-30,0.0030,13.00,no
2026-10-05T00:28:29.784113Z,KXNEAR15M-26OCT042030-30,0.0020,16.73,no
2026-10-05T00:28:29.784113Z,KXNEAR15M-26OCT042030-30,0.0020,71.06,no
2026-10-05T00:28:29.784113Z,KXNEAR15M-26OCT042030-30,0.0020,100.00,no
2026-10-05T00:28:29.784113Z,KXNEAR15M-26OCT042030-30,0.0020,10.00,no
2026-10-05T00:28:30.099938Z,KXNEAR15M-26OCT042030-30,0.0020,155.00,no
2026-10-05T00:28:32.512473Z,KXNEAR15M-26OCT042030-30,0.0020,1.00,no
2026-10-05T00:28:35.17884Z,KXNEAR15M-26OCT042030-30,0.0020,6.00,no
2026-10-05T00:28:35.18517Z,KXNEAR15M-26OCT042030-30,0.0020,1.00,no
2026-10-05T00:28:35.606708Z,KXNEAR15M-26OCT042030-30,0.0020,1.00,no
2026-10-05T00:28:35.613429Z,KXNEAR15M-26OCT042030-30,0.0020,1.00,no
2026-10-05T00:28:35.620763Z,KXNEAR15M-26OCT042030-30,0.0020,1.00,no
2026-10-05T00:28:35.802826Z,KXNEAR15M-26OCT042030-30,0.0020,1.00,no
2026-10-05T00:28:35.840666Z,KXNEAR15M-26OCT042030-30,0.0020,1.00,no
2026-10-05T00:28:35.842948Z,KXNEAR15M-26OCT042030-30,0.0020,4.00,no
2026-10-05T00:28:35.848318Z,KXNEAR15M-26OCT042030-30,0.0020,1.00,no
2026-10-05T00:28:37.235839Z,KXNEAR15M-26OCT042030-30,0.0020,6.00,no
2026-10-05T00:28:37.243562Z,KXNEAR15M-26OCT042030-30,0.0020,1.00,no
2026-10-05T00:28:37.250842Z,KXNEAR15M-26OCT042030-30,0.0020,1.00,no
2026-10-05T00:28:37.312626Z,KXNEAR15M-26OCT042030-30,0.0020,4.00,no
2026-10-05T00:28:37.319229Z,KXNEAR15M-26OCT042030-30,0.0020,1.00,no
2026-10-05T00:28:37.324705Z,KXNEAR15M-26OCT042030-30,0.0020,1.00,no
2026-10-05T00:28:37.345211Z,KXNEAR15M-26OCT042030-30,0.0020,4.00,no
2026-10-05T00:28:37.350542Z,KXNEAR15M-26OCT042030-30,0.0020,1.00,no
2026-10-05T00:28:37.356914Z,KXNEAR15M-26OCT042030-30,0.0020,1.00,no
2026-10-05T00:28:42.956766Z,KXNEAR15M-26OCT042030-30,0.0020,1.00,no
2026-10-05T00:28:43.5605Z,KXNEAR15M-26OCT042030-30,0.0020,1.00,no
2026-10-05T00:28:43.622616Z,KXNEAR15M-26OCT042030-30,0.0020,1.00,no
2026-10-05T00:28:43.630548Z,KXNEAR15M-26OCT042030-30,0.0020,1.00,no
2026-10-05T00:28:43.638026Z,KXNEAR15M-26OCT042030-30,0.0020,1.00,no
2026-10-05T00:28:43.669505Z,KXNEAR15M-26OCT042030-30,0.0020,11.00,no
2026-10-05T00:28:43.679529Z,KXNEAR15M-26OCT042030-30,0.0020,1.00,no
2026-10-05T00:28:43.68482Z,KXNEAR15M-26OCT042030-30,0.0020,1.00,no
2026-10-05T00:28:43.692059Z,KXNEAR15M-26OCT042030-30,0.0020,1.00,no
2026-10-05T00:28:44.187226Z,KXNEAR15M-26OCT042030-30,0.0020,4.00,no
2026-10-05T00:28:44.198841Z,KXNEAR15M-26OCT042030-30,0.0020,1.00,no
2026-10-05T00:28:44.209313Z,KXNEAR15M-26OCT042030-30,0.0020,1.00,no
2026-10-05T00:28:44.219601Z,KXNEAR15M-26OCT042030-30,0.0020,1.00,no
2026-10-05T00:28:45.672554Z,KXNEAR15M-26OCT042030-30,0.0020,1.00,no
2026-10-05T00:28:45.679789Z,KXNEAR15M-26OCT042030-30,0.0020,1.00,no
2026-10-05T00:28:46.088955Z,KXNEAR15M-26OCT042030-30,0.0020,109.23,no
2026-10-05T00:28:46.759561Z,KXNEAR15M-26OCT042030-30,0.0020,1.00,no
2026-10-05T00:28:49.509663Z,KXNEAR15M-26OCT042030-30,0.0020,4.47,no
2026-10-05T00:28:50.330182Z,KXNEAR15M-26OCT042030-30,0.0020,4.47,no
2026-10-05T00:28:51.17824Z,KXNEAR15M-26OCT042030-30,0.0020,4.47,no
2026-10-05T00:28:51.53882Z,KXNEAR15M-26OCT042030-30,0.0020,1.00,no
2026-10-05T00:28:51.644826Z,KXNEAR15M-26OCT042030-30,0.0020,1.00,no
2026-10-05T00:28:51.650288Z,KXNEAR15M-26OCT042030-30,0.0020,1.00,no
2026-10-05T00:28:51.99548Z,KXNEAR15M-26OCT042030-30,0.0020,4.46,no
2026-10-05T00:28:52.095574Z,KXNEAR15M-26OCT042030-30,0.0020,3.00,no
2026-10-05T00:28:52.471842Z,KXNEAR15M-26OCT042030-30,0.0020,1.00,no
2026-10-05T00:28:52.479289Z,KXNEAR15M-26OCT042030-30,0.0020,1.00,no
2026-10-05T00:28:52.486124Z,KXNEAR15M-26OCT042030-30,0.0020,0.87,no
2026-10-05T00:28:52.486124Z,KXNEAR15M-26OCT042030-30,0.0020,0.13,no
2026-10-05T00:28:52.561152Z,KXNEAR15M-26OCT042030-30,0.0020,1.00,no
2026-10-05T00:28:52.567175Z,KXNEAR15M-26OCT042030-30,0.0020,1.00,no
2026-10-05T00:28:52.813054Z,KXNEAR15M-26OCT042030-30,0.0020,0.13,no
2026-10-05T00:28:52.813054Z,KXNEAR15M-26OCT042030-30,0.0020,0.87,no
2026-10-05T00:28:52.872314Z,KXNEAR15M-26OCT042030-30,0.0020,2.13,no
2026-10-05T00:28:52.872314Z,KXNEAR15M-26OCT042030-30,0.0020,0.87,no
2026-10-05T00:28:53.0293Z,KXNEAR15M-26OCT042030-30,0.0020,1.00,no
2026-10-05T00:28:53.035389Z,KXNEAR15M-26OCT042030-30,0.0020,1.00,no
2026-10-05T00:28:53.12871Z,KXNEAR15M-26OCT042030-30,0.0020,3.00,no
2026-10-05T00:28:53.12871Z,KXNEAR15M-26OCT042030-30,0.0020,0.13,no
2026-10-05T00:28:53.12871Z,KXNEAR15M-26OCT042030-30,0.0020,3.00,no
2026-10-05T00:28:53.12871Z,KXNEAR15M-26OCT042030-30,0.0020,1.00,no
2026-10-05T00:28:53.634648Z,KXNEAR15M-26OCT042030-30,0.0010,3.00,no
2026-10-05T00:28:53.677286Z,KXNEAR15M-26OCT042030-30,0.0010,3.50,no
2026-10-05T00:28:54.466059Z,KXNEAR15M-26OCT042030-30,0.0010,3.50,no
2026-10-05T00:28:54.55552Z,KXNEAR15M-26OCT042030-30,0.0010,3.00,no
2026-10-05T00:28:55.279823Z,KXNEAR15M-26OCT042030-30,0.0010,52.00,no
2026-10-05T00:28:55.401076Z,KXNEAR15M-26OCT042030-30,0.0010,3.00,no
2026-10-05T00:28:56.23466Z,KXNEAR15M-26OCT042030-30,0.0010,3.00,no
2026-10-05T00:28:56.369804Z,KXNEAR15M-26OCT042030-30,0.0010,3.50,no
2026-10-05T00:28:57.276587Z,KXNEAR15M-26OCT042030-30,0.0010,3.50,no
2026-10-05T00:28:57.433004Z,KXNEAR15M-26OCT042030-30,0.0010,3.00,no
2026-10-05T00:28:58.242448Z,KXNEAR15M-26OCT042030-30,0.0010,3.00,no
2026-10-05T00:28:59.011326Z,KXNEAR15M-26OCT042030-30,0.0010,3.00,no
2026-10-05T00:29:04.80411Z,KXNEAR15M-26OCT042030-30,0.0010,10.00,no
2026-10-05T00:29:04.80411Z,KXNEAR15M-26OCT042030-30,0.0010,1.00,no
2026-10-05T00:29:04.80411Z,KXNEAR15M-26OCT042030-30,0.0010,113.00,no
2026-10-05T00:29:04.80411Z,KXNEAR15M-26OCT042030-30,0.0010,1.00,no
2026-10-05T00:29:04.80411Z,KXNEAR15M-26OCT042030-30,0.0010,80.00,no
2026-10-05T00:29:04.80411Z,KXNEAR15M-26OCT042030-30,0.0010,1.00,no
2026-10-05T00:27:30.158614Z,KXZEC15M-26OCT042030-30,0.9460,1.00,yes
2026-10-05T00:27:30.158614Z,KXZEC15M-26OCT042030-30,0.9500,0.15,yes
2026-10-05T00:27:30.158614Z,KXZEC15M-26OCT042030-30,0.9450,1.00,yes
2026-10-05T00:27:30.158614Z,KXZEC15M-26OCT042030-30,0.9460,1.00,yes
2026-10-05T00:27:30.791903Z,KXZEC15M-26OCT042030-30,0.9510,6.20,yes
2026-10-05T00:27:30.791903Z,KXZEC15M-26OCT042030-30,0.9490,1.00,yes
2026-10-05T00:27:31.050872Z,KXZEC15M-26OCT042030-30,0.9240,0.93,no
2026-10-05T00:27:31.791051Z,KXZEC15M-26OCT042030-30,0.9260,12.52,no
2026-10-05T00:27:38.549385Z,KXZEC15M-26OCT042030-30,0.9410,13.00,yes
2026-10-05T00:27:38.549385Z,KXZEC15M-26OCT042030-30,0.9420,38.75,yes
2026-10-05T00:27:38.549385Z,KXZEC15M-26OCT042030-30,0.9400,1.00,yes
2026-10-05T00:27:40.094138Z,KXZEC15M-26OCT042030-30,0.9240,44.00,no
2026-10-05T00:27:41.627112Z,KXZEC15M-26OCT042030-30,0.9240,44.00,no
2026-10-05T00:27:41.627112Z,KXZEC15M-26OCT042030-30,0.9240,8.00,no
2026-10-05T00:27:41.627112Z,KXZEC15M-26OCT042030-30,0.9230,10.00,no
2026-10-05T00:27:41.627112Z,KXZEC15M-26OCT042030-30,0.9230,1.00,no
2026-10-05T00:27:41.627112Z,KXZEC15M-26OCT042030-30,0.9220,40.11,no
2026-10-05T00:27:43.292376Z,KXZEC15M-26OCT042030-30,0.9440,1.00,yes
2026-10-05T00:27:43.292376Z,KXZEC15M-26OCT042030-30,0.9460,1.00,yes
2026-10-05T00:27:43.459866Z,KXZEC15M-26OCT042030-30,0.9460,21.00,no
2026-10-05T00:27:44.51047Z,KXZEC15M-26OCT042030-30,0.9730,4.31,yes
2026-10-05T00:27:44.51047Z,KXZEC15M-26OCT042030-30,0.9500,1.00,yes
2026-10-05T00:27:44.51047Z,KXZEC15M-26OCT042030-30,0.9600,1.00,yes
2026-10-05T00:27:44.51047Z,KXZEC15M-26OCT042030-30,0.9510,1.00,yes
2026-10-05T00:27:44.51047Z,KXZEC15M-26OCT042030-30,0.9600,1.00,yes
2026-10-05T00:27:44.51047Z,KXZEC15M-26OCT042030-30,0.9540,1.00,yes
2026-10-05T00:27:44.51047Z,KXZEC15M-26OCT042030-30,0.9550,1.00,yes
2026-10-05T00:27:44.51047Z,KXZEC15M-26OCT042030-30,0.9690,1.00,yes
2026-10-05T00:27:45.606598Z,KXZEC15M-26OCT042030-30,0.9700,2.02,yes
2026-10-05T00:27:47.118292Z,KXZEC15M-26OCT042030-30,0.9690,20.59,yes
2026-10-05T00:27:49.252523Z,KXZEC15M-26OCT042030-30,0.9720,1.00,yes
2026-10-05T00:27:49.252523Z,KXZEC15M-26OCT042030-30,0.9780,3.08,yes
2026-10-05T00:27:50.132448Z,KXZEC15M-26OCT042030-30,0.9460,17.36,no
2026-10-05T00:27:51.501623Z,KXZEC15M-26OCT042030-30,0.9790,10.19,yes
2026-10-05T00:27:51.785131Z,KXZEC15M-26OCT042030-30,0.9510,19.13,no
2026-10-05T00:27:52.831057Z,KXZEC15M-26OCT042030-30,0.9610,24.02,no
2026-10-05T00:27:54.077486Z,KXZEC15M-26OCT042030-30,0.9610,27.98,no
2026-10-05T00:27:54.077486Z,KXZEC15M-26OCT042030-30,0.9610,7.00,no
2026-10-05T00:27:55.137438Z,KXZEC15M-26OCT042030-30,0.9600,17.42,no
2026-10-05T00:27:55.137438Z,KXZEC15M-26OCT042030-30,0.9600,6.00,no
2026-10-05T00:27:56.920966Z,KXZEC15M-26OCT042030-30,0.9600,23.42,no
2026-10-05T00:27:57.916985Z,KXZEC15M-26OCT042030-30,0.9670,4.10,yes
2026-10-05T00:27:58.65726Z,KXZEC15M-26OCT042030-30,0.9600,12.00,no
2026-10-05T00:28:00.96363Z,KXZEC15M-26OCT042030-30,0.9620,11.88,yes
2026-10-05T00:28:01.205792Z,KXZEC15M-26OCT042030-30,0.9700,25.00,yes
2026-10-05T00:28:01.60354Z,KXZEC15M-26OCT042030-30,0.9710,18.66,no
2026-10-05T00:28:01.60354Z,KXZEC15M-26OCT042030-30,0.9700,27.34,no
2026-10-05T00:28:01.60354Z,KXZEC15M-26OCT042030-30,0.9720,52.00,no
2026-10-05T00:28:02.803351Z,KXZEC15M-26OCT042030-30,0.9840,3.00,yes
2026-10-05T00:28:02.803351Z,KXZEC15M-26OCT042030-30,0.9860,7.00,yes
2026-10-05T00:28:03.150797Z,KXZEC15M-26OCT042030-30,0.9900,13.86,yes
2026-10-05T00:28:03.150797Z,KXZEC15M-26OCT042030-30,0.9900,21.14,yes
2026-10-05T00:28:03.163369Z,KXZEC15M-26OCT042030-30,0.9900,1.00,yes
2026-10-05T00:28:03.177274Z,KXZEC15M-26OCT042030-30,0.9900,5.14,yes
2026-10-05T00:28:03.177274Z,KXZEC15M-26OCT042030-30,0.9900,2.27,yes
2026-10-05T00:28:03.177274Z,KXZEC15M-26OCT042030-30,0.9900,4.59,yes
2026-10-05T00:28:04.202568Z,KXZEC15M-26OCT042030-30,0.9790,1.66,no
2026-10-05T00:28:04.202568Z,KXZEC15M-26OCT042030-30,0.9800,1.42,no
2026-10-05T00:28:04.393814Z,KXZEC15M-26OCT042030-30,0.9900,0.98,yes
2026-10-05T00:28:04.393814Z,KXZEC15M-26OCT042030-30,0.9900,0.51,yes
2026-10-05T00:28:04.393814Z,KXZEC15M-26OCT042030-30,0.9900,25.00,yes
2026-10-05T00:28:04.393814Z,KXZEC15M-26OCT042030-30,0.9900,1.51,yes
2026-10-05T00:28:04.393814Z,KXZEC15M-26OCT042030-30,0.9900,22.00,yes
2026-10-05T00:28:05.039398Z,KXZEC15M-26OCT042030-30,0.9900,1.00,yes
2026-10-05T00:28:05.29453Z,KXZEC15M-26OCT042030-30,0.9800,23.39,no
2026-10-05T00:28:05.39072Z,KXZEC15M-26OCT042030-30,0.9900,25.00,yes
2026-10-05T00:28:05.39072Z,KXZEC15M-26OCT042030-30,0.9900,21.00,yes
2026-10-05T00:28:05.39072Z,KXZEC15M-26OCT042030-30,0.9900,1.00,yes
2026-10-05T00:28:06.465464Z,KXZEC15M-26OCT042030-30,0.9900,33.00,no
2026-10-05T00:28:06.465464Z,KXZEC15M-26OCT042030-30,0.9900,52.00,no
2026-10-05T00:28:06.465464Z,KXZEC15M-26OCT042030-30,0.9790,41.40,no
2026-10-05T00:28:06.465464Z,KXZEC15M-26OCT042030-30,0.9900,25.00,no
2026-10-05T00:28:06.465464Z,KXZEC15M-26OCT042030-30,0.9790,28.34,no
2026-10-05T00:28:06.465464Z,KXZEC15M-26OCT042030-30,0.9810,40.00,no
2026-10-05T00:28:06.465464Z,KXZEC15M-26OCT042030-30,0.9800,25.00,no
2026-10-05T00:28:06.465464Z,KXZEC15M-26OCT042030-30,0.9790,40.00,no
2026-10-05T00:28:06.779053Z,KXZEC15M-26OCT042030-30,0.9910,11.09,yes
2026-10-05T00:28:06.917711Z,KXZEC15M-26OCT042030-30,0.9910,5.04,yes
2026-10-05T00:28:10.642124Z,KXZEC15M-26OCT042030-30,0.9900,93.51,no
2026-10-05T00:28:11.470338Z,KXZEC15M-26OCT042030-30,0.9900,2.57,no
2026-10-05T00:28:12.382084Z,KXZEC15M-26OCT042030-30,0.9910,3.87,yes
2026-10-05T00:28:12.382084Z,KXZEC15M-26OCT042030-30,0.9920,20.00,yes
2026-10-05T00:28:12.382084Z,KXZEC15M-26OCT042030-30,0.9930,20.00,yes
2026-10-05T00:28:12.382084Z,KXZEC15M-26OCT042030-30,0.9920,25.00,yes
2026-10-05T00:28:12.382084Z,KXZEC15M-26OCT042030-30,0.9930,104.00,yes
2026-10-05T00:28:12.382084Z,KXZEC15M-26OCT042030-30,0.9930,41.79,yes
2026-10-05T00:28:14.9637Z,KXZEC15M-26OCT042030-30,0.9920,11.45,no
2026-10-05T00:28:15.922481Z,KXZEC15M-26OCT042030-30,0.9900,3.31,no
2026-10-05T00:28:15.922481Z,KXZEC15M-26OCT042030-30,0.9750,4.00,no
2026-10-05T00:28:15.922481Z,KXZEC15M-26OCT042030-30,0.9900,25.00,no
2026-10-05T00:28:15.922481Z,KXZEC15M-26OCT042030-30,0.9920,8.55,no
2026-10-05T00:28:15.922481Z,KXZEC15M-26OCT042030-30,0.9910,20.00,no
2026-10-05T00:28:15.922481Z,KXZEC15M-26OCT042030-30,0.9900,3.87,no
2026-10-05T00:28:15.922481Z,KXZEC15M-26OCT042030-30,0.9900,1.56,no
2026-10-05T00:28:15.922481Z,KXZEC15M-26OCT042030-30,0.9900,3.00,no
2026-10-05T00:28:15.922481Z,KXZEC15M-26OCT042030-30,0.9900,5.04,no
2026-10-05T00:28:15.922481Z,KXZEC15M-26OCT042030-30,0.9640,1.29,no
2026-10-05T00:28:15.922481Z,KXZEC15M-26OCT042030-30,0.9900,11.09,no
2026-10-05T00:28:16.124052Z,KXZEC15M-26OCT042030-30,0.9910,51.82,yes
2026-10-05T00:28:17.894993Z,KXZEC15M-26OCT042030-30,0.9710,32.28,no
2026-10-05T00:28:20.376926Z,KXZEC15M-26OCT042030-30,0.9770,30.03,yes
2026-10-05T00:28:20.794609Z,KXZEC15M-26OCT042030-30,0.9730,93.51,yes
2026-10-05T00:28:20.917516Z,KXZEC15M-26OCT042030-30,0.9380,1.96,no
2026-10-05T00:28:20.917516Z,KXZEC15M-26OCT042030-30,0.9700,5.00,no
2026-10-05T00:28:21.887497Z,KXZEC15M-26OCT042030-30,0.9390,10.00,no
2026-10-05T00:28:21.999045Z,KXZEC15M-26OCT042030-30,0.9780,21.78,yes
2026-10-05T00:28:23.154771Z,KXZEC15M-26OCT042030-30,0.9490,52.00,no
2026-10-05T00:28:23.154771Z,KXZEC15M-26OCT042030-30,0.9490,24.78,no
2026-10-05T00:28:23.299422Z,KXZEC15M-26OCT042030-30,0.9770,2.02,yes
2026-10-05T00:28:23.632463Z,KXZEC15M-26OCT042030-30,0.9500,3.00,no
2026-10-05T00:28:23.632463Z,KXZEC15M-26OCT042030-30,0.9500,52.00,no
2026-10-05T00:28:23.632463Z,KXZEC15M-26OCT042030-30,0.9490,5.78,no
2026-10-05T00:28:23.632463Z,KXZEC15M-26OCT042030-30,0.9490,9.22,no
2026-10-05T00:28:23.632463Z,KXZEC15M-26OCT042030-30,0.9480,30.00,no
2026-10-05T00:28:28.051016Z,KXZEC15M-26OCT042030-30,0.9810,3.20,yes
2026-10-05T00:28:28.051016Z,KXZEC15M-26OCT042030-30,0.9790,1.00,yes
2026-10-05T00:28:28.051016Z,KXZEC15M-26OCT042030-30,0.9740,1.00,yes
2026-10-05T00:28:28.051016Z,KXZEC15M-26OCT042030-30,0.9800,5.00,yes
2026-10-05T00:28:28.051016Z,KXZEC15M-26OCT042030-30,0.9800,1.00,yes
2026-10-05T00:28:28.430037Z,KXZEC15M-26OCT042030-30,0.9800,0.99,yes
2026-10-05T00:28:29.118134Z,KXZEC15M-26OCT042030-30,0.9350,4.33,no
2026-10-05T00:28:33.720726Z,KXZEC15M-26OCT042030-30,0.9430,13.00,no
2026-10-05T00:28:34.366258Z,KXZEC15M-26OCT042030-30,0.9470,0.99,no
2026-10-05T00:28:34.738823Z,KXZEC15M-26OCT042030-30,0.9830,40.00,yes
2026-10-05T00:28:35.594869Z,KXZEC15M-26OCT042030-30,0.9840,1.00,yes
2026-10-05T00:28:35.594869Z,KXZEC15M-26OCT042030-30,0.9830,4.01,yes
2026-10-05T00:28:35.594869Z,KXZEC15M-26OCT042030-30,0.9840,4.99,yes
2026-10-05T00:28:38.413872Z,KXZEC15M-26OCT042030-30,0.9840,11.14,yes
2026-10-05T00:28:41.573442Z,KXZEC15M-26OCT042030-30,0.9550,37.50,no
2026-10-05T00:28:42.368423Z,KXZEC15M-26OCT042030-30,0.9620,2.02,no
2026-10-05T00:28:43.543676Z,KXZEC15M-26OCT042030-30,0.9880,2.02,yes
2026-10-05T00:28:44.058359Z,KXZEC15M-26OCT042030-30,0.9880,2.98,yes
2026-10-05T00:28:44.058359Z,KXZEC15M-26OCT042030-30,0.9900,25.00,yes
2026-10-05T00:28:45.053514Z,KXZEC15M-26OCT042030-30,0.9780,52.00,no
2026-10-05T00:28:45.053514Z,KXZEC15M-26OCT042030-30,0.9770,72.03,no
2026-10-05T00:28:45.065885Z,KXZEC15M-26OCT042030-30,0.9930,1.00,yes
2026-10-05T00:28:47.752557Z,KXZEC15M-26OCT042030-30,0.9740,1.04,no
2026-10-05T00:28:48.183018Z,KXZEC15M-26OCT042030-30,0.9830,11.10,no
2026-10-05T00:28:48.323023Z,KXZEC15M-26OCT042030-30,0.9740,23.96,no
2026-10-05T00:28:50.114769Z,KXZEC15M-26OCT042030-30,0.9780,23.57,no
2026-10-05T00:28:50.45662Z,KXZEC15M-26OCT042030-30,0.9900,1.00,yes
2026-10-05T00:28:52.05845Z,KXZEC15M-26OCT042030-30,0.9900,16.00,yes
2026-10-05T00:28:52.05845Z,KXZEC15M-26OCT042030-30,0.9900,1.00,yes
2026-10-05T00:28:53.332256Z,KXZEC15M-26OCT042030-30,0.9940,14.38,yes
2026-10-05T00:28:53.332256Z,KXZEC15M-26OCT042030-30,0.9930,5.00,yes
2026-10-05T00:28:53.332256Z,KXZEC15M-26OCT042030-30,0.9930,30.00,yes
2026-10-05T00:28:54.427836Z,KXZEC15M-26OCT042030-30,0.9680,12.61,no
2026-10-05T00:28:54.427836Z,KXZEC15M-26OCT042030-30,0.9860,100.00,no
2026-10-05T00:28:54.427836Z,KXZEC15M-26OCT042030-30,0.9870,14.38,no
2026-10-05T00:28:54.427836Z,KXZEC15M-26OCT042030-30,0.9680,8.52,no
2026-10-05T00:28:54.4445Z,KXZEC15M-26OCT042030-30,0.9650,3.00,no
2026-10-05T00:28:54.4445Z,KXZEC15M-26OCT042030-30,0.9660,8.54,no
2026-10-05T00:28:54.4445Z,KXZEC15M-26OCT042030-30,0.9680,8.52,no
2026-10-05T00:28:54.4445Z,KXZEC15M-26OCT042030-30,0.9670,8.53,no
2026-10-05T00:28:54.4445Z,KXZEC15M-26OCT042030-30,0.9660,1.00,no
2026-10-05T00:28:54.728578Z,KXZEC15M-26OCT042030-30,0.9650,2.01,yes
2026-10-05T00:28:55.051031Z,KXZEC15M-26OCT042030-30,0.9650,68.00,yes
2026-10-05T00:28:55.057524Z,KXZEC15M-26OCT042030-30,0.9650,0.40,yes
2026-10-05T00:28:55.19056Z,KXZEC15M-26OCT042030-30,0.9680,32.00,no
2026-10-05T00:28:55.19056Z,KXZEC15M-26OCT042030-30,0.9670,23.00,no
2026-10-05T00:28:55.19056Z,KXZEC15M-26OCT042030-30,0.9600,53.34,no
2026-10-05T00:28:55.19056Z,KXZEC15M-26OCT042030-30,0.9900,10.00,no
2026-10-05T00:28:55.702122Z,KXZEC15M-26OCT042030-30,0.9850,100.00,no
2026-10-05T00:28:55.702122Z,KXZEC15M-26OCT042030-30,0.9850,3.00,no
2026-10-05T00:28:56.418715Z,KXZEC15M-26OCT042030-30,0.9670,5.00,no
2026-10-05T00:28:57.786787Z,KXZEC15M-26OCT042030-30,0.9830,53.93,no
2026-10-05T00:28:57.899519Z,KXZEC15M-26OCT042030-30,0.9920,9.00,yes
2026-10-05T00:28:57.899519Z,KXZEC15M-26OCT042030-30,0.9920,1.00,yes
2026-10-05T00:28:58.044073Z,KXZEC15M-26OCT042030-30,0.9930,1.00,yes
2026-10-05T00:28:59.367997Z,KXZEC15M-26OCT042030-30,0.9940,1.00,yes
2026-10-05T00:28:59.382341Z,KXZEC15M-26OCT042030-30,0.9920,58.92,no
2026-10-05T00:28:59.382341Z,KXZEC15M-26OCT042030-30,0.9930,1.00,no
2026-10-05T00:28:59.596276Z,KXZEC15M-26OCT042030-30,0.9940,4.62,yes
2026-10-05T00:28:59.596276Z,KXZEC15M-26OCT042030-30,0.9940,3.00,yes
2026-10-05T00:28:59.596276Z,KXZEC15M-26OCT042030-30,0.9940,17.38,yes
2026-10-05T00:28:59.596276Z,KXZEC15M-26OCT042030-30,0.9940,4.00,yes
2026-10-05T00:29:00.404862Z,KXZEC15M-26OCT042030-30,0.9940,5.00,yes
2026-10-05T00:29:01.00601Z,KXZEC15M-26OCT042030-30,0.9900,4.97,no
2026-10-05T00:29:01.00601Z,KXZEC15M-26OCT042030-30,0.9930,4.62,no
2026-10-05T00:29:01.00601Z,KXZEC15M-26OCT042030-30,0.9900,10.00,no
2026-10-05T00:29:01.00601Z,KXZEC15M-26OCT042030-30,0.9920,31.08,no
2026-10-05T00:29:01.00601Z,KXZEC15M-26OCT042030-30,0.9930,3.00,no
2026-10-05T00:29:01.00601Z,KXZEC15M-26OCT042030-30,0.9830,22.01,no
2026-10-05T00:29:01.00601Z,KXZEC15M-26OCT042030-30,0.9900,10.00,no
2026-10-05T00:29:01.737386Z,KXZEC15M-26OCT042030-30,0.9940,1.00,yes
2026-10-05T00:29:02.085474Z,KXZEC15M-26OCT042030-30,0.9950,20.00,yes
2026-10-05T00:29:02.085474Z,KXZEC15M-26OCT042030-30,0.9950,1.00,yes
2026-10-05T00:29:02.085474Z,KXZEC15M-26OCT042030-30,0.9940,1.00,yes
2026-10-05T00:29:02.085474Z,KXZEC15M-26OCT042030-30,0.9930,5.00,yes
2026-10-05T00:29:02.085474Z,KXZEC15M-26OCT042030-30,0.9940,17.00,yes
2026-10-05T00:29:02.085474Z,KXZEC15M-26OCT042030-30,0.9950,9.60,yes
2026-10-05T00:29:02.085474Z,KXZEC15M-26OCT042030-30,0.9950,11.00,yes
2026-10-05T00:29:02.636505Z,KXZEC15M-26OCT042030-30,0.9950,25.11,yes
2026-10-05T00:29:02.957487Z,KXZEC15M-26OCT042030-30,0.9970,20.00,yes
2026-10-05T00:29:02.957487Z,KXZEC15M-26OCT042030-30,0.9960,20.00,yes
2026-10-05T00:29:02.957487Z,KXZEC15M-26OCT042030-30,0.9980,26.67,yes
2026-10-05T00:29:02.957487Z,KXZEC15M-26OCT042030-30,0.9940,5.00,yes
2026-10-05T00:29:02.957487Z,KXZEC15M-26OCT042030-30,0.9940,18.00,yes
2026-10-05T00:29:02.957487Z,KXZEC15M-26OCT042030-30,0.9930,100.00,yes
2026-10-05T00:29:02.957487Z,KXZEC15M-26OCT042030-30,0.9950,65.29,yes
2026-10-05T00:29:02.957487Z,KXZEC15M-26OCT042030-30,0.9960,1.00,yes
2026-10-05T00:29:02.957487Z,KXZEC15M-26OCT042030-30,0.9970,2.00,yes
2026-10-05T00:29:02.957487Z,KXZEC15M-26OCT042030-30,0.9970,2.00,yes
2026-10-05T00:29:02.957487Z,KXZEC15M-26OCT042030-30,0.9960,1.00,yes
2026-10-05T00:29:02.957487Z,KXZEC15M-26OCT042030-30,0.9960,1.00,yes
2026-10-05T00:29:02.957487Z,KXZEC15M-26OCT042030-30,0.9970,2.00,yes
2026-10-05T00:29:02.957487Z,KXZEC15M-26OCT042030-30,0.9960,13.00,yes
2026-10-05T00:29:02.957487Z,KXZEC15M-26OCT042030-30,0.9970,18.00,yes
2026-10-05T00:29:02.957487Z,KXZEC15M-26OCT042030-30,0.9960,1.00,yes
2026-10-05T00:29:02.957487Z,KXZEC15M-26OCT042030-30,0.9970,2.00,yes
2026-10-05T00:29:02.957487Z,KXZEC15M-26OCT042030-30,0.9970,2.00,yes
2026-10-05T00:29:02.957487Z,KXZEC15M-26OCT042030-30,0.9960,1.00,yes
2026-10-05T00:29:03.375643Z,KXZEC15M-26OCT042030-30,0.9890,10.08,no
2026-10-05T00:29:03.375643Z,KXZEC15M-26OCT042030-30,0.9940,20.00,no
2026-10-05T00:29:03.375643Z,KXZEC15M-26OCT042030-30,0.9940,20.00,no
2026-10-05T00:29:03.375643Z,KXZEC15M-26OCT042030-30,0.9880,29.16,no
2026-10-05T00:29:03.928668Z,KXZEC15M-26OCT042030-30,0.9940,3.00,no
2026-10-05T00:29:03.928668Z,KXZEC15M-26OCT042030-30,0.9940,20.00,no
2026-10-05T00:29:04.05283Z,KXZEC15M-26OCT042030-30,0.9970,104.00,yes
2026-10-05T00:29:04.05283Z,KXZEC15M-26OCT042030-30,0.9970,5.00,yes
2026-10-05T00:29:04.05283Z,KXZEC15M-26OCT042030-30,0.9970,5.00,yes
2026-10-05T00:29:05.674639Z,KXZEC15M-26OCT042030-30,0.9980,2.00,yes
2026-10-05T00:29:05.906306Z,KXZEC15M-26OCT042030-30,0.9980,2.00,yes
2026-10-05T00:29:06.623279Z,KXZEC15M-26OCT042030-30,0.9980,48.66,yes
2026-10-05T00:29:06.906477Z,KXZEC15M-26OCT042030-30,0.9980,1.00,yes
2026-10-05T00:29:07.396566Z,KXZEC15M-26OCT042030-30,0.9960,1.00,no
2026-10-05T00:29:07.396566Z,KXZEC15M-26OCT042030-30,0.9950,52.00,no
2026-10-05T00:29:07.396566Z,KXZEC15M-26OCT042030-30,0.9940,33.28,no
2026-10-05T00:29:07.417626Z,KXZEC15M-26OCT042030-30,0.9950,52.00,no
2026-10-05T00:29:08.272775Z,KXZEC15M-26OCT042030-30,0.9970,0.09,yes
2026-10-05T00:29:09.796945Z,KXZEC15M-26OCT042030-30,0.9970,5.00,yes
2026-10-05T00:29:09.796945Z,KXZEC15M-26OCT042030-30,0.9970,1.01,yes
2026-10-05T00:29:10.221882Z,KXZEC15M-26OCT042030-30,0.9930,3.00,no
2026-10-05T00:29:10.221882Z,KXZEC15M-26OCT042030-30,0.9930,100.00,no
2026-10-05T00:29:10.221882Z,KXZEC15M-26OCT042030-30,0.9920,200.00,no
2026-10-05T00:29:10.221882Z,KXZEC15M-26OCT042030-30,0.9920,100.00,no
2026-10-05T00:29:10.221882Z,KXZEC15M-26OCT042030-30,0.9940,0.09,no
2026-10-05T00:29:10.221882Z,KXZEC15M-26OCT042030-30,0.9920,77.53,no
2026-10-05T00:29:10.221882Z,KXZEC15M-26OCT042030-30,0.9930,80.33,no
2026-10-05T00:29:10.221882Z,KXZEC15M-26OCT042030-30,0.9940,60.00,no
2026-10-05T00:29:13.245861Z,KXZEC15M-26OCT042030-30,0.9900,3.00,no
2026-10-05T00:29:13.245861Z,KXZEC15M-26OCT042030-30,0.9790,3.00,no
2026-10-05T00:29:13.245861Z,KXZEC15M-26OCT042030-30,0.9830,20.00,no
2026-10-05T00:29:13.245861Z,KXZEC15M-26OCT042030-30,0.9900,2.10,no
2026-10-05T00:29:13.245861Z,KXZEC15M-26OCT042030-30,0.9700,32.05,no
2026-10-05T00:29:13.291091Z,KXZEC15M-26OCT042030-30,0.9960,0.50,yes
2026-10-05T00:29:13.291091Z,KXZEC15M-26OCT042030-30,0.9960,0.50,yes
2026-10-05T00:29:14.687953Z,KXZEC15M-26OCT042030-30,0.9980,71.52,yes
2026-10-05T00:29:14.687953Z,KXZEC15M-26OCT042030-30,0.9980,19.67,yes
2026-10-05T00:29:14.687953Z,KXZEC15M-26OCT042030-30,0.9970,5.00,yes
2026-10-05T00:29:14.687953Z,KXZEC15M-26OCT042030-30,0.9970,3.99,yes
2026-10-05T00:29:18.020107Z,KXZEC15M-26OCT042030-30,0.9980,2.00,yes
2026-10-05T00:29:18.068739Z,KXZEC15M-26OCT042030-30,0.9980,36.00,yes
2026-10-05T00:29:18.434985Z,KXZEC15M-26OCT042030-30,0.9980,90.48,yes
2026-10-05T00:29:18.434985Z,KXZEC15M-26OCT042030-30,0.9990,58.99,yes
2026-10-05T00:29:18.434985Z,KXZEC15M-26OCT042030-30,0.9980,20.00,yes
2026-10-05T00:29:18.434985Z,KXZEC15M-26OCT042030-30,0.9980,3.00,yes
2026-10-05T00:29:18.434985Z,KXZEC15M-26OCT042030-30,0.9980,26.00,yes
2026-10-05T00:29:18.434985Z,KXZEC15M-26OCT042030-30,0.9980,3.00,yes
2026-10-05T00:29:18.434985Z,KXZEC15M-26OCT042030-30,0.9980,3.00,yes
2026-10-05T00:29:18.434985Z,KXZEC15M-26OCT042030-30,0.9980,3.00,yes
2026-10-05T00:29:18.434985Z,KXZEC15M-26OCT042030-30,0.9980,3.00,yes
2026-10-05T00:29:18.434985Z,KXZEC15M-26OCT042030-30,0.9980,104.00,yes
2026-10-05T00:29:18.434985Z,KXZEC15M-26OCT042030-30,0.9980,80.33,yes
2026-10-05T00:29:18.434985Z,KXZEC15M-26OCT042030-30,0.9980,105.00,yes
2026-10-05T00:29:18.434985Z,KXZEC15M-26OCT042030-30,0.9980,5.00,yes
2026-10-05T00:29:18.471007Z,KXZEC15M-26OCT042030-30,0.9940,58.99,no
2026-10-05T00:29:18.471007Z,KXZEC15M-26OCT042030-30,0.9940,20.00,no
2026-10-05T00:29:18.471007Z,KXZEC15M-26OCT042030-30,0.9940,45.56,no
2026-10-05T00:29:18.471007Z,KXZEC15M-26OCT042030-30,0.9940,60.00,no
2026-10-05T00:29:18.912784Z,KXZEC15M-26OCT042030-30,0.9960,0.50,yes
2026-10-05T00:29:19.949399Z,KXZEC15M-26OCT042030-30,0.9990,1.00,yes
2026-10-05T00:29:19.949399Z,KXZEC15M-26OCT042030-30,0.9990,20.00,yes
2026-10-05T00:29:19.949399Z,KXZEC15M-26OCT042030-30,0.9990,141.01,yes
2026-10-05T00:29:19.949399Z,KXZEC15M-26OCT042030-30,0.9990,1.00,yes
2026-10-05T00:29:19.949399Z,KXZEC15M-26OCT042030-30,0.9990,1.00,yes
2026-10-05T00:29:19.949399Z,KXZEC15M-26OCT042030-30,0.9980,5.00,yes
2026-10-05T00:29:19.949399Z,KXZEC15M-26OCT042030-30,0.9960,2.50,yes
2026-10-05T00:29:19.949399Z,KXZEC15M-26OCT042030-30,0.9990,28.66,yes
2026-10-05T00:29:20.762548Z,KXZEC15M-26OCT042030-30,0.9970,52.00,no
2026-10-05T00:29:20.762548Z,KXZEC15M-26OCT042030-30,0.9960,125.54,no
2026-10-05T00:29:20.762548Z,KXZEC15M-26OCT042030-30,0.9980,3.00,no
2026-10-05T00:29:20.762548Z,KXZEC15M-26OCT042030-30,0.9980,20.00,no
2026-10-05T00:29:20.762548Z,KXZEC15M-26OCT042030-30,0.9980,108.44,no
2026-10-05T00:29:21.572302Z,KXZEC15M-26OCT042030-30,0.9990,3.00,yes
2026-10-05T00:29:21.755951Z,KXZEC15M-26OCT042030-30,0.9950,52.00,no
2026-10-05T00:29:21.755951Z,KXZEC15M-26OCT042030-30,0.9970,52.00,no
2026-10-05T00:29:21.755951Z,KXZEC15M-26OCT042030-30,0.9960,69.00,no
2026-10-05T00:29:21.755951Z,KXZEC15M-26OCT042030-30,0.9960,15.47,no
2026-10-05T00:29:21.755951Z,KXZEC15M-26OCT042030-30,0.9950,34.01,no
2026-10-05T00:29:24.390921Z,KXZEC15M-26OCT042030-30,0.9970,5.00,yes
2026-10-05T00:29:24.390921Z,KXZEC15M-26OCT042030-30,0.9970,5.00,yes
2026-10-05T00:29:24.390921Z,KXZEC15M-26OCT042030-30,0.9970,0.50,yes
2026-10-05T00:29:24.390921Z,KXZEC15M-26OCT042030-30,0.9980,89.68,yes
2026-10-05T00:29:24.510247Z,KXZEC15M-26OCT042030-30,0.9950,115.00,no
2026-10-05T00:29:25.829532Z,KXZEC15M-26OCT042030-30,0.9980,1.00,yes
2026-10-05T00:29:26.05805Z,KXZEC15M-26OCT042030-30,0.9990,58.99,yes
2026-10-05T00:29:26.05805Z,KXZEC15M-26OCT042030-30,0.9990,125.54,yes
2026-10-05T00:29:26.05805Z,KXZEC15M-26OCT042030-30,0.9990,15.47,yes
2026-10-05T00:29:26.05805Z,KXZEC15M-26OCT042030-30,0.9980,4.00,yes
2026-10-05T00:29:26.05805Z,KXZEC15M-26OCT042030-30,0.9990,91.00,yes
2026-10-05T00:29:26.05805Z,KXZEC15M-26OCT042030-30,0.9980,105.00,yes
2026-10-05T00:29:26.235497Z,KXZEC15M-26OCT042030-30,0.9960,15.47,no
2026-10-05T00:29:26.235497Z,KXZEC15M-26OCT042030-30,0.9960,58.99,no
2026-10-05T00:29:26.235497Z,KXZEC15M-26OCT042030-30,0.9960,125.54,no
2026-10-05T00:29:26.235497Z,KXZEC15M-26OCT042030-30,0.9940,60.00,no
2026-10-05T00:29:26.235497Z,KXZEC15M-26OCT042030-30,0.9960,0.50,no
2026-10-05T00:29:26.235497Z,KXZEC15M-26OCT042030-30,0.9920,129.00,no
2026-10-05T00:29:26.235497Z,KXZEC15M-26OCT042030-30,0.9950,0.99,no
2026-10-05T00:29:26.235497Z,KXZEC15M-26OCT042030-30,0.9920,3.51,no
2026-10-05T00:29:26.235497Z,KXZEC15M-26OCT042030-30,0.9950,3.00,no
2026-10-05T00:29:26.235497Z,KXZEC15M-26OCT042030-30,0.9930,100.00,no
2026-10-05T00:29:26.235497Z,KXZEC15M-26OCT042030-30,0.9930,3.00,no
2026-10-05T00:29:26.235497Z,KXZEC15M-26OCT042030-30,0.9920,71.00,no
2026-10-05T00:29:27.117762Z,KXZEC15M-26OCT042030-30,0.9980,11.20,yes
2026-10-05T00:29:27.117762Z,KXZEC15M-26OCT042030-30,0.9980,100.00,yes
2026-10-05T00:29:27.556506Z,KXZEC15M-26OCT042030-30,0.9980,14.00,yes
2026-10-05T00:29:28.97559Z,KXZEC15M-26OCT042030-30,0.9990,2.00,yes
2026-10-05T00:29:30.024243Z,KXZEC15M-26OCT042030-30,0.9990,100.00,yes
2026-10-05T00:29:30.40416Z,KXZEC15M-26OCT042030-30,0.9990,15.47,yes
2026-10-05T00:29:30.40416Z,KXZEC15M-26OCT042030-30,0.9990,58.99,yes
2026-10-05T00:29:30.40416Z,KXZEC15M-26OCT042030-30,0.9990,75.00,yes
2026-10-05T00:29:30.40416Z,KXZEC15M-26OCT042030-30,0.9990,125.54,yes
2026-10-05T00:29:30.40416Z,KXZEC15M-26OCT042030-30,0.9990,5.00,yes
2026-10-05T00:29:30.40416Z,KXZEC15M-26OCT042030-30,0.9990,20.00,yes
2026-10-05T00:29:30.40416Z,KXZEC15M-26OCT042030-30,0.9990,1.00,yes
2026-10-05T00:29:30.40416Z,KXZEC15M-26OCT042030-30,0.9990,807.00,yes
2026-10-05T00:29:30.649422Z,KXZEC15M-26OCT042030-30,0.9980,17.95,no
2026-10-05T00:29:30.649422Z,KXZEC15M-26OCT042030-30,0.9980,3.00,no
2026-10-05T00:29:30.649422Z,KXZEC15M-26OCT042030-30,0.9980,58.99,no
2026-10-05T00:29:30.649422Z,KXZEC15M-26OCT042030-30,0.9980,2.06,no
2026-10-05T00:29:32.096264Z,KXZEC15M-26OCT042030-30,0.9990,58.99,yes
2026-10-05T00:29:32.096264Z,KXZEC15M-26OCT042030-30,0.9990,2.06,yes
2026-10-05T00:29:32.096264Z,KXZEC15M-26OCT042030-30,0.9990,12.00,yes
2026-10-05T00:29:33.885797Z,KXZEC15M-26OCT042030-30,0.9990,3.00,no
2026-10-05T00:29:33.885797Z,KXZEC15M-26OCT042030-30,0.9990,57.03,no
2026-10-05T00:29:33.885797Z,KXZEC15M-26OCT042030-30,0.9980,58.99,no
2026-10-05T00:29:33.885797Z,KXZEC15M-26OCT042030-30,0.9990,326.95,no
2026-10-05T00:29:33.885797Z,KXZEC15M-26OCT042030-30,0.9980,2.06,no
2026-10-05T00:29:33.885797Z,KXZEC15M-26OCT042030-30,0.9980,15.47,no
2026-10-05T00:29:33.885797Z,KXZEC15M-26OCT042030-30,0.9980,123.48,no
2026-10-05T00:29:33.885797Z,KXZEC15M-26OCT042030-30,0.9960,926.89,no
2026-10-05T00:29:35.198764Z,KXZEC15M-26OCT042030-30,0.9990,5.00,yes
2026-10-05T00:29:35.198764Z,KXZEC15M-26OCT042030-30,0.9990,58.99,yes
2026-10-05T00:29:35.198764Z,KXZEC15M-26OCT042030-30,0.9990,15.47,yes
2026-10-05T00:29:35.198764Z,KXZEC15M-26OCT042030-30,0.9990,15.00,yes
2026-10-05T00:29:35.198764Z,KXZEC15M-26OCT042030-30,0.9990,123.48,yes
2026-10-05T00:29:35.198764Z,KXZEC15M-26OCT042030-30,0.9990,2.06,yes
2026-10-05T00:29:40.81746Z,KXZEC15M-26OCT042030-30,0.9990,1.72,no
2026-10-05T00:29:45.060607Z,KXZEC15M-26OCT042030-30,0.9990,70.00,no
2026-10-05T00:27:34.955171Z,KXBNB15M-26OCT042030-30,0.0120,5.26,no
2026-10-05T00:27:34.955171Z,KXBNB15M-26OCT042030-30,0.0130,2.00,no
2026-10-05T00:27:36.031971Z,KXBNB15M-26OCT042030-30,0.0120,7.00,no
2026-10-05T00:27:36.347931Z,KXBNB15M-26OCT042030-30,0.0120,7.09,no
2026-10-05T00:27:36.347931Z,KXBNB15M-26OCT042030-30,0.0120,9.12,no
2026-10-05T00:27:37.309799Z,KXBNB15M-26OCT042030-30,0.0120,4.00,no
2026-10-05T00:27:37.594355Z,KXBNB15M-26OCT042030-30,0.0130,7.00,yes
2026-10-05T00:27:37.594355Z,KXBNB15M-26OCT042030-30,0.0130,7.09,yes
2026-10-05T00:27:37.594355Z,KXBNB15M-26OCT042030-30,0.0130,5.26,yes
2026-10-05T00:27:37.594355Z,KXBNB15M-26OCT042030-30,0.0140,3.00,yes
2026-10-05T00:27:37.594355Z,KXBNB15M-26OCT042030-30,0.0130,0.65,yes
2026-10-05T00:27:37.594355Z,KXBNB15M-26OCT042030-30,0.0160,17.00,yes
2026-10-05T00:27:41.037854Z,KXBNB15M-26OCT042030-30,0.0200,1.00,no
2026-10-05T00:27:41.417311Z,KXBNB15M-26OCT042030-30,0.0440,2.00,yes
2026-10-05T00:27:41.417311Z,KXBNB15M-26OCT042030-30,0.0430,2.00,yes
2026-10-05T00:27:41.417311Z,KXBNB15M-26OCT042030-30,0.0380,17.00,yes
2026-10-05T00:27:41.417311Z,KXBNB15M-26OCT042030-30,0.0390,17.00,yes
2026-10-05T00:27:41.417311Z,KXBNB15M-26OCT042030-30,0.0590,0.47,yes
2026-10-05T00:27:41.417311Z,KXBNB15M-26OCT042030-30,0.0580,20.00,yes
2026-10-05T00:27:41.417311Z,KXBNB15M-26OCT042030-30,0.0570,1.00,yes
2026-10-05T00:27:41.417311Z,KXBNB15M-26OCT042030-30,0.0500,1.00,yes
2026-10-05T00:27:41.77759Z,KXBNB15M-26OCT042030-30,0.0350,2.34,yes
2026-10-05T00:27:44.668711Z,KXBNB15M-26OCT042030-30,0.0200,88.00,no
2026-10-05T00:27:45.163341Z,KXBNB15M-26OCT042030-30,0.0200,2.04,no
2026-10-05T00:27:45.179186Z,KXBNB15M-26OCT042030-30,0.0200,10.18,no
2026-10-05T00:27:46.244065Z,KXBNB15M-26OCT042030-30,0.0390,23.00,yes
2026-10-05T00:27:46.244065Z,KXBNB15M-26OCT042030-30,0.0360,2.00,yes
2026-10-05T00:27:46.244065Z,KXBNB15M-26OCT042030-30,0.0350,2.00,yes
2026-10-05T00:27:46.244065Z,KXBNB15M-26OCT042030-30,0.0300,1.00,yes
2026-10-05T00:27:46.244065Z,KXBNB15M-26OCT042030-30,0.0400,31.93,yes
2026-10-05T00:27:46.244065Z,KXBNB15M-26OCT042030-30,0.0360,17.00,yes
2026-10-05T00:27:46.244065Z,KXBNB15M-26OCT042030-30,0.0350,17.00,yes
2026-10-05T00:27:47.06726Z,KXBNB15M-26OCT042030-30,0.0390,9.65,yes
2026-10-05T00:27:47.06726Z,KXBNB15M-26OCT042030-30,0.0250,17.00,yes
2026-10-05T00:27:47.06726Z,KXBNB15M-26OCT042030-30,0.0370,2.00,yes
2026-10-05T00:27:47.06726Z,KXBNB15M-26OCT042030-30,0.0240,17.00,yes
2026-10-05T00:27:47.06726Z,KXBNB15M-26OCT042030-30,0.0250,3.00,yes
2026-10-05T00:27:47.06726Z,KXBNB15M-26OCT042030-30,0.0380,2.00,yes
2026-10-05T00:27:47.06726Z,KXBNB15M-26OCT042030-30,0.0250,4.00,yes
2026-10-05T00:27:47.209898Z,KXBNB15M-26OCT042030-30,0.0240,4.65,yes
2026-10-05T00:27:47.599018Z,KXBNB15M-26OCT042030-30,0.0240,0.22,yes
2026-10-05T00:27:48.188156Z,KXBNB15M-26OCT042030-30,0.0240,2.00,yes
2026-10-05T00:27:50.524196Z,KXBNB15M-26OCT042030-30,0.0380,7.39,yes
2026-10-05T00:27:51.388787Z,KXBNB15M-26OCT042030-30,0.0210,1.00,no
2026-10-05T00:27:51.388787Z,KXBNB15M-26OCT042030-30,0.0210,9.00,no
2026-10-05T00:27:51.607622Z,KXBNB15M-26OCT042030-30,0.0380,9.61,yes
2026-10-05T00:27:51.607622Z,KXBNB15M-26OCT042030-30,0.0380,24.00,yes
2026-10-05T00:27:51.607622Z,KXBNB15M-26OCT042030-30,0.0390,17.00,yes
2026-10-05T00:27:51.607622Z,KXBNB15M-26OCT042030-30,0.0400,66.42,yes
2026-10-05T00:27:52.993143Z,KXBNB15M-26OCT042030-30,0.0210,1.99,no
2026-10-05T00:27:54.601833Z,KXBNB15M-26OCT042030-30,0.0110,5.99,no
2026-10-05T00:27:54.601833Z,KXBNB15M-26OCT042030-30,0.0200,0.01,no
2026-10-05T00:27:54.601833Z,KXBNB15M-26OCT042030-30,0.0150,2.00,no
2026-10-05T00:27:54.601833Z,KXBNB15M-26OCT042030-30,0.0160,2.00,no
2026-10-05T00:27:58.130358Z,KXBNB15M-26OCT042030-30,0.0110,4.01,no
2026-10-05T00:27:58.130358Z,KXBNB15M-26OCT042030-30,0.0110,6.00,no
2026-10-05T00:27:58.130358Z,KXBNB15M-26OCT042030-30,0.0110,20.00,no
2026-10-05T00:27:58.130358Z,KXBNB15M-26OCT042030-30,0.0110,1.00,no
2026-10-05T00:27:58.130358Z,KXBNB15M-26OCT042030-30,0.0110,1.00,no
2026-10-05T00:27:58.130358Z,KXBNB15M-26OCT042030-30,0.0110,37.00,no
2026-10-05T00:27:58.149024Z,KXBNB15M-26OCT042030-30,0.0120,1.00,yes
2026-10-05T00:27:59.907488Z,KXBNB15M-26OCT042030-30,0.0110,2.89,yes
2026-10-05T00:28:00.411233Z,KXBNB15M-26OCT042030-30,0.0100,10.00,no
2026-10-05T00:28:00.411233Z,KXBNB15M-26OCT042030-30,0.0100,1.10,no
2026-10-05T00:28:00.878699Z,KXBNB15M-26OCT042030-30,0.0100,5.00,no
2026-10-05T00:28:01.15464Z,KXBNB15M-26OCT042030-30,0.0080,20.00,no
2026-10-05T00:28:01.15464Z,KXBNB15M-26OCT042030-30,0.0070,16.76,no
2026-10-05T00:28:01.15464Z,KXBNB15M-26OCT042030-30,0.0090,20.00,no
2026-10-05T00:28:01.15464Z,KXBNB15M-26OCT042030-30,0.0100,13.90,no
2026-10-05T00:28:01.15464Z,KXBNB15M-26OCT042030-30,0.0100,20.00,no
2026-10-05T00:28:01.15464Z,KXBNB15M-26OCT042030-30,0.0100,25.00,no
2026-10-05T00:28:01.15464Z,KXBNB15M-26OCT042030-30,0.0100,1.00,no
2026-10-05T00:28:01.15464Z,KXBNB15M-26OCT042030-30,0.0100,2.00,no
2026-10-05T00:28:01.15464Z,KXBNB15M-26OCT042030-30,0.0100,2.36,no
2026-10-05T00:28:01.893209Z,KXBNB15M-26OCT042030-30,0.0070,3.00,no
2026-10-05T00:28:02.958333Z,KXBNB15M-26OCT042030-30,0.0070,0.24,no
2026-10-05T00:28:02.958333Z,KXBNB15M-26OCT042030-30,0.0060,9.76,no
2026-10-05T00:28:03.116094Z,KXBNB15M-26OCT042030-30,0.0060,10.24,no
2026-10-05T00:28:03.116094Z,KXBNB15M-26OCT042030-30,0.0060,9.87,no
2026-10-05T00:28:03.729606Z,KXBNB15M-26OCT042030-30,0.0080,56.00,yes
2026-10-05T00:28:03.729606Z,KXBNB15M-26OCT042030-30,0.0070,10.24,yes
2026-10-05T00:28:03.729606Z,KXBNB15M-26OCT042030-30,0.0080,0.24,yes
2026-10-05T00:28:03.729606Z,KXBNB15M-26OCT042030-30,0.0070,9.76,yes
2026-10-05T00:28:03.729606Z,KXBNB15M-26OCT042030-30,0.0080,3.00,yes
2026-10-05T00:28:03.729606Z,KXBNB15M-26OCT042030-30,0.0080,16.76,yes
2026-10-05T00:28:03.747355Z,KXBNB15M-26OCT042030-30,0.0080,3.00,yes
2026-10-05T00:28:03.747477Z,KXBNB15M-26OCT042030-30,0.0080,5.00,yes
2026-10-05T00:28:03.74765Z,KXBNB15M-26OCT042030-30,0.0080,2.00,yes
2026-10-05T00:28:03.7483Z,KXBNB15M-26OCT042030-30,0.0080,9.00,yes
2026-10-05T00:28:03.74854Z,KXBNB15M-26OCT042030-30,0.0080,3.00,yes
2026-10-05T00:28:04.482707Z,KXBNB15M-26OCT042030-30,0.0090,3.00,yes
2026-10-05T00:28:04.483966Z,KXBNB15M-26OCT042030-30,0.0090,7.00,yes
2026-10-05T00:28:04.485875Z,KXBNB15M-26OCT042030-30,0.0090,4.00,yes
2026-10-05T00:28:04.486941Z,KXBNB15M-26OCT042030-30,0.0090,3.00,yes
2026-10-05T00:28:04.487978Z,KXBNB15M-26OCT042030-30,0.0100,2.00,yes
2026-10-05T00:28:04.487978Z,KXBNB15M-26OCT042030-30,0.0090,3.00,yes
2026-10-05T00:28:04.488185Z,KXBNB15M-26OCT042030-30,0.0100,52.00,yes
2026-10-05T00:28:04.488185Z,KXBNB15M-26OCT042030-30,0.0110,17.11,yes
2026-10-05T00:28:04.488185Z,KXBNB15M-26OCT042030-30,0.0100,1.65,yes
2026-10-05T00:28:04.488185Z,KXBNB15M-26OCT042030-30,0.0110,1.10,yes
2026-10-05T00:28:04.488185Z,KXBNB15M-26OCT042030-30,0.0110,5.00,yes
2026-10-05T00:28:04.488185Z,KXBNB15M-26OCT042030-30,0.0100,18.00,yes
2026-10-05T00:28:04.488185Z,KXBNB15M-26OCT042030-30,0.0100,25.00,yes
2026-10-05T00:28:04.488185Z,KXBNB15M-26OCT042030-30,0.0110,13.90,yes
2026-10-05T00:28:04.92351Z,KXBNB15M-26OCT042030-30,0.0150,4.01,yes
2026-10-05T00:28:04.92351Z,KXBNB15M-26OCT042030-30,0.0150,3.00,yes
2026-10-05T00:28:04.92351Z,KXBNB15M-26OCT042030-30,0.0150,5.99,yes
2026-10-05T00:28:04.926488Z,KXBNB15M-26OCT042030-30,0.0150,7.00,yes
2026-10-05T00:28:04.926488Z,KXBNB15M-26OCT042030-30,0.0210,10.00,yes
2026-10-05T00:28:04.926488Z,KXBNB15M-26OCT042030-30,0.0240,0.50,yes
2026-10-05T00:28:04.971646Z,KXBNB15M-26OCT042030-30,0.0160,1.00,no
2026-10-05T00:28:04.971646Z,KXBNB15M-26OCT042030-30,0.0190,17.00,no
2026-10-05T00:28:04.971646Z,KXBNB15M-26OCT042030-30,0.0130,2.00,no
2026-10-05T00:28:04.971646Z,KXBNB15M-26OCT042030-30,0.0200,5.00,no
2026-10-05T00:28:04.971646Z,KXBNB15M-26OCT042030-30,0.0170,17.00,no
2026-10-05T00:28:04.971646Z,KXBNB15M-26OCT042030-30,0.0060,7.00,no
2026-10-05T00:28:04.971646Z,KXBNB15M-26OCT042030-30,0.0180,1.00,no
2026-10-05T00:28:05.01777Z,KXBNB15M-26OCT042030-30,0.0300,57.00,yes
2026-10-05T00:28:05.01777Z,KXBNB15M-26OCT042030-30,0.0300,5.00,yes
2026-10-05T00:28:05.01777Z,KXBNB15M-26OCT042030-30,0.0310,5.00,yes
2026-10-05T00:28:05.104875Z,KXBNB15M-26OCT042030-30,0.0290,4.00,no
2026-10-05T00:28:05.114394Z,KXBNB15M-26OCT042030-30,0.0290,3.00,no
2026-10-05T00:28:05.114394Z,KXBNB15M-26OCT042030-30,0.0300,5.00,no
2026-10-05T00:28:05.131213Z,KXBNB15M-26OCT042030-30,0.0300,5.00,no
2026-10-05T00:28:05.131213Z,KXBNB15M-26OCT042030-30,0.0270,5.00,no
2026-10-05T00:28:05.131213Z,KXBNB15M-26OCT042030-30,0.0290,10.00,no
2026-10-05T00:28:05.848025Z,KXBNB15M-26OCT042030-30,0.0360,17.00,yes
2026-10-05T00:28:05.848025Z,KXBNB15M-26OCT042030-30,0.0370,9.87,yes
2026-10-05T00:28:06.995297Z,KXBNB15M-26OCT042030-30,0.0290,0.48,no
2026-10-05T00:28:13.130926Z,KXBNB15M-26OCT042030-30,0.0110,9.90,no
2026-10-05T00:28:20.867384Z,KXBNB15M-26OCT042030-30,0.0100,25.00,no
2026-10-05T00:28:21.474522Z,KXBNB15M-26OCT042030-30,0.0050,2.00,no
2026-10-05T00:28:22.169344Z,KXBNB15M-26OCT042030-30,0.0050,2.00,no
2026-10-05T00:28:22.169344Z,KXBNB15M-26OCT042030-30,0.0050,28.00,no
2026-10-05T00:28:22.169344Z,KXBNB15M-26OCT042030-30,0.0050,20.00,no
2026-10-05T00:28:23.232829Z,KXBNB15M-26OCT042030-30,0.0050,3.00,no
2026-10-05T00:28:25.282124Z,KXBNB15M-26OCT042030-30,0.0050,6.00,no
2026-10-05T00:28:25.282124Z,KXBNB15M-26OCT042030-30,0.0050,11.00,no
2026-10-05T00:28:26.177755Z,KXBNB15M-26OCT042030-30,0.0060,2.00,yes
2026-10-05T00:28:26.177755Z,KXBNB15M-26OCT042030-30,0.0060,20.00,yes
2026-10-05T00:28:26.177755Z,KXBNB15M-26OCT042030-30,0.0050,2.00,yes
2026-10-05T00:28:26.177755Z,KXBNB15M-26OCT042030-30,0.0050,17.00,yes
2026-10-05T00:28:26.177755Z,KXBNB15M-26OCT042030-30,0.0060,12.01,yes
2026-10-05T00:28:27.083234Z,KXBNB15M-26OCT042030-30,0.0050,1.83,yes
2026-10-05T00:28:28.235239Z,KXBNB15M-26OCT042030-30,0.0100,10.00,yes
2026-10-05T00:28:28.235239Z,KXBNB15M-26OCT042030-30,0.0100,10.00,yes
2026-10-05T00:28:28.235239Z,KXBNB15M-26OCT042030-30,0.0100,54.81,yes
2026-10-05T00:28:28.235239Z,KXBNB15M-26OCT042030-30,0.0090,17.00,yes
2026-10-05T00:28:28.235239Z,KXBNB15M-26OCT042030-30,0.0060,2.00,yes
2026-10-05T00:28:28.235239Z,KXBNB15M-26OCT042030-30,0.0050,0.17,yes
2026-10-05T00:28:30.581939Z,KXBNB15M-26OCT042030-30,0.0040,10.00,no
2026-10-05T00:28:30.581939Z,KXBNB15M-26OCT042030-30,0.0040,20.00,no
2026-10-05T00:28:33.615737Z,KXBNB15M-26OCT042030-30,0.0030,250.00,no
2026-10-05T00:28:33.615737Z,KXBNB15M-26OCT042030-30,0.0030,2.00,no
2026-10-05T00:28:33.615737Z,KXBNB15M-26OCT042030-30,0.0040,1.00,no
2026-10-05T00:28:33.615737Z,KXBNB15M-26OCT042030-30,0.0030,2.00,no
2026-10-05T00:28:33.615737Z,KXBNB15M-26OCT042030-30,0.0040,1.00,no
2026-10-05T00:28:33.615737Z,KXBNB15M-26OCT042030-30,0.0030,2.00,no
2026-10-05T00:28:33.615737Z,KXBNB15M-26OCT042030-30,0.0040,1.00,no
2026-10-05T00:28:33.615737Z,KXBNB15M-26OCT042030-30,0.0030,2.00,no
2026-10-05T00:28:33.615737Z,KXBNB15M-26OCT042030-30,0.0040,1.00,no
2026-10-05T00:28:33.615737Z,KXBNB15M-26OCT042030-30,0.0030,18.00,no
2026-10-05T00:28:33.615737Z,KXBNB15M-26OCT042030-30,0.0040,3.00,no
2026-10-05T00:28:33.615737Z,KXBNB15M-26OCT042030-30,0.0030,2.00,no
2026-10-05T00:28:33.615737Z,KXBNB15M-26OCT042030-30,0.0040,1.00,no
2026-10-05T00:28:33.615737Z,KXBNB15M-26OCT042030-30,0.0030,100.00,no
2026-10-05T00:28:33.615737Z,KXBNB15M-26OCT042030-30,0.0020,94.31,no
2026-10-05T00:28:33.615737Z,KXBNB15M-26OCT042030-30,0.0030,20.00,no
2026-10-05T00:28:33.615737Z,KXBNB15M-26OCT042030-30,0.0040,1.00,no
2026-10-05T00:28:35.59326Z,KXBNB15M-26OCT042030-30,0.0020,5.69,no
2026-10-05T00:28:35.59326Z,KXBNB15M-26OCT042030-30,0.0020,1.70,no
2026-10-05T00:28:36.455167Z,KXBNB15M-26OCT042030-30,0.0020,131.70,no
2026-10-05T00:28:36.455167Z,KXBNB15M-26OCT042030-30,0.0020,18.30,no
2026-10-05T00:28:36.477856Z,KXBNB15M-26OCT042030-30,0.0030,18.30,yes
2026-10-05T00:28:36.477856Z,KXBNB15M-26OCT042030-30,0.0030,2.00,yes
2026-10-05T00:28:36.477856Z,KXBNB15M-26OCT042030-30,0.0040,2.00,yes
2026-10-05T00:28:36.477856Z,KXBNB15M-26OCT042030-30,0.0040,16.47,yes
2026-10-05T00:28:36.477856Z,KXBNB15M-26OCT042030-30,0.0040,17.00,yes
2026-10-05T00:28:36.477856Z,KXBNB15M-26OCT042030-30,0.0030,1.70,yes
2026-10-05T00:28:38.195411Z,KXBNB15M-26OCT042030-30,0.0030,9.00,yes
2026-10-05T00:28:38.195411Z,KXBNB15M-26OCT042030-30,0.0030,17.00,yes
2026-10-05T00:28:38.620259Z,KXBNB15M-26OCT042030-30,0.0020,40.90,no
2026-10-05T00:28:39.09368Z,KXBNB15M-26OCT042030-30,0.0020,327.40,no
2026-10-05T00:28:39.09368Z,KXBNB15M-26OCT042030-30,0.0020,26.00,no
2026-10-05T00:28:39.09368Z,KXBNB15M-26OCT042030-30,0.0020,3.00,no
2026-10-05T00:28:39.09368Z,KXBNB15M-26OCT042030-30,0.0020,3.00,no
2026-10-05T00:28:39.09368Z,KXBNB15M-26OCT042030-30,0.0020,3.00,no
2026-10-05T00:28:39.09368Z,KXBNB15M-26OCT042030-30,0.0020,3.00,no
2026-10-05T00:28:39.09368Z,KXBNB15M-26OCT042030-30,0.0020,3.00,no
2026-10-05T00:28:39.09368Z,KXBNB15M-26OCT042030-30,0.0020,4.00,no
2026-10-05T00:28:39.09368Z,KXBNB15M-26OCT042030-30,0.0020,1.00,no
2026-10-05T00:28:39.09368Z,KXBNB15M-26OCT042030-30,0.0020,1.00,no
2026-10-05T00:28:39.09368Z,KXBNB15M-26OCT042030-30,0.0020,1.00,no
2026-10-05T00:28:39.150254Z,KXBNB15M-26OCT042030-30,0.0020,52.34,yes
2026-10-05T00:28:44.692779Z,KXBNB15M-26OCT042030-30,0.0010,100.00,no
2026-10-05T00:28:44.692779Z,KXBNB15M-26OCT042030-30,0.0010,0.09,no
2026-10-05T00:28:47.738446Z,KXBNB15M-26OCT042030-30,0.0010,0.91,no
2026-10-05T00:28:47.738446Z,KXBNB15M-26OCT042030-30,0.0010,51.09,no
2026-10-05T00:28:55.784942Z,KXBNB15M-26OCT042030-30,0.0010,23.91,no
2026-10-05T00:28:55.784942Z,KXBNB15M-26OCT042030-30,0.0010,20.00,no
2026-10-05T00:28:55.784942Z,KXBNB15M-26OCT042030-30,0.0010,3.00,no
2026-10-05T00:28:55.784942Z,KXBNB15M-26OCT042030-30,0.0010,1.00,no
2026-10-05T00:28:55.784942Z,KXBNB15M-26OCT042030-30,0.0010,36.09,no
2026-10-05T00:28:55.791682Z,KXBNB15M-26OCT042030-30,0.0010,84.00,no
2026-10-05T00:28:55.799509Z,KXBNB15M-26OCT042030-30,0.0010,84.00,no
2026-10-05T00:28:55.805287Z,KXBNB15M-26OCT042030-30,0.0010,84.00,no
2026-10-05T00:28:55.813092Z,KXBNB15M-26OCT042030-30,0.0010,84.00,no
2026-10-05T00:28:55.822376Z,KXBNB15M-26OCT042030-30,0.0010,84.00,no
2026-10-05T00:28:56.426414Z,KXBNB15M-26OCT042030-30,0.0010,85.24,no
2026-10-05T00:28:57.100581Z,KXBNB15M-26OCT042030-30,0.0010,84.00,no
2026-10-05T00:28:57.154023Z,KXBNB15M-26OCT042030-30,0.0010,84.00,no
2026-10-05T00:28:57.210656Z,KXBNB15M-26OCT042030-30,0.0010,84.00,no
2026-10-05T00:28:57.724309Z,KXBNB15M-26OCT042030-30,0.0010,1.00,no
2026-10-05T00:28:57.947902Z,KXBNB15M-26OCT042030-30,0.0010,20.00,no
2026-10-05T00:28:59.50616Z,KXBNB15M-26OCT042030-30,0.0010,1.00,no
2026-10-05T00:28:59.50616Z,KXBNB15M-26OCT042030-30,0.0010,12.00,no
2026-10-05T00:28:59.50616Z,KXBNB15M-26OCT042030-30,0.0010,2.00,no
2026-10-05T00:28:59.50616Z,KXBNB15M-26OCT042030-30,0.0010,1.00,no
2026-10-05T00:28:59.50616Z,KXBNB15M-26OCT042030-30,0.0010,1.00,no
2026-10-05T00:28:59.50616Z,KXBNB15M-26OCT042030-30,0.0010,1.00,no
2026-10-05T00:28:59.50616Z,KXBNB15M-26OCT042030-30,0.0010,1.00,no
2026-10-05T00:28:59.50616Z,KXBNB15M-26OCT042030-30,0.0010,1.00,no
2026-10-05T00:29:00.516076Z,KXBNB15M-26OCT042030-30,0.0010,2.00,yes
2026-10-05T00:29:00.516076Z,KXBNB15M-26OCT042030-30,0.0010,81.04,yes
2026-10-05T00:29:00.516076Z,KXBNB15M-26OCT042030-30,0.0010,100.00,yes
2026-10-05T00:29:00.516076Z,KXBNB15M-26OCT042030-30,0.0010,250.00,yes
2026-10-05T00:29:00.516076Z,KXBNB15M-26OCT042030-30,0.0010,25.00,yes
2026-10-05T00:29:16.986043Z,KXBNB15M-26OCT042030-30,0.0010,10.18,yes
2026-10-05T00:29:56.613957Z,KXBNB15M-26OCT042030-30,0.0010,126.12,yes
2026-10-05T00:27:59.033473Z,KXBTC15M-26OCT042030-30,0.2000,8.18,yes
2026-10-05T00:27:59.041625Z,KXBTC15M-26OCT042030-30,0.1900,10.00,no
2026-10-05T00:27:59.041625Z,KXBTC15M-26OCT042030-30,0.1900,34.31,no
2026-10-05T00:27:59.041625Z,KXBTC15M-26OCT042030-30,0.1900,0.01,no
2026-10-05T00:27:59.041625Z,KXBTC15M-26OCT042030-30,0.1900,5.00,no
2026-10-05T00:27:59.041625Z,KXBTC15M-26OCT042030-30,0.1800,68.89,no
2026-10-05T00:27:59.041625Z,KXBTC15M-26OCT042030-30,0.1900,0.01,no
2026-10-05T00:27:59.041625Z,KXBTC15M-26OCT042030-30,0.1900,1.17,no
2026-10-05T00:27:59.060868Z,KXBTC15M-26OCT042030-30,0.1800,59.69,no
2026-10-05T00:27:59.071225Z,KXBTC15M-26OCT042030-30,0.1800,1.58,no
2026-10-05T00:27:59.076608Z,KXBTC15M-26OCT042030-30,0.1900,71.02,yes
2026-10-05T00:27:59.092103Z,KXBTC15M-26OCT042030-30,0.1900,107.38,yes
2026-10-05T00:27:59.133062Z,KXBTC15M-26OCT042030-30,0.1900,0.01,yes
2026-10-05T00:27:59.142628Z,KXBTC15M-26OCT042030-30,0.1800,343.00,no
2026-10-05T00:27:59.143839Z,KXBTC15M-26OCT042030-30,0.1800,1.59,no
2026-10-05T00:27:59.148268Z,KXBTC15M-26OCT042030-30,0.1900,350.00,yes
2026-10-05T00:27:59.150372Z,KXBTC15M-26OCT042030-30,0.1800,7.37,no
2026-10-05T00:27:59.150372Z,KXBTC15M-26OCT042030-30,0.1800,29.45,no
2026-10-05T00:27:59.150433Z,KXBTC15M-26OCT042030-30,0.1800,59.69,no
2026-10-05T00:27:59.181833Z,KXBTC15M-26OCT042030-30,0.1800,9.86,no
2026-10-05T00:27:59.181833Z,KXBTC15M-26OCT042030-30,0.1800,5.14,no
2026-10-05T00:27:59.181833Z,KXBTC15M-26OCT042030-30,0.1800,5.00,no
2026-10-05T00:27:59.194159Z,KXBTC15M-26OCT042030-30,0.1800,15.01,no
2026-10-05T00:27:59.224836Z,KXBTC15M-26OCT042030-30,0.1900,10.00,yes
2026-10-05T00:27:59.228618Z,KXBTC15M-26OCT042030-30,0.1900,261.59,yes
2026-10-05T00:27:59.228618Z,KXBTC15M-26OCT042030-30,0.1900,251.00,yes
2026-10-05T00:27:59.276776Z,KXBTC15M-26OCT042030-30,0.1800,15.96,no
2026-10-05T00:27:59.276776Z,KXBTC15M-26OCT042030-30,0.1800,19.85,no
2026-10-05T00:27:59.277971Z,KXBTC15M-26OCT042030-30,0.1900,22.00,yes
2026-10-05T00:27:59.301067Z,KXBTC15M-26OCT042030-30,0.1800,44.04,no
2026-10-05T00:27:59.301067Z,KXBTC15M-26OCT042030-30,0.1800,15.65,no
2026-10-05T00:27:59.31834Z,KXBTC15M-26OCT042030-30,0.1800,103.87,no
2026-10-05T00:27:59.361465Z,KXBTC15M-26OCT042030-30,0.1900,50.00,yes
2026-10-05T00:27:59.367977Z,KXBTC15M-26OCT042030-30,0.1900,4.73,yes
2026-10-05T00:27:59.371806Z,KXBTC15M-26OCT042030-30,0.1900,0.01,yes
2026-10-05T00:27:59.371806Z,KXBTC15M-26OCT042030-30,0.1900,0.01,yes
2026-10-05T00:27:59.371806Z,KXBTC15M-26OCT042030-30,0.1900,400.00,yes
2026-10-05T00:27:59.371806Z,KXBTC15M-26OCT042030-30,0.1900,17.00,yes
2026-10-05T00:27:59.371806Z,KXBTC15M-26OCT042030-30,0.1900,546.28,yes
2026-10-05T00:27:59.383809Z,KXBTC15M-26OCT042030-30,0.1900,209.94,no
2026-10-05T00:27:59.384253Z,KXBTC15M-26OCT042030-30,0.1900,131.00,no
2026-10-05T00:27:59.389512Z,KXBTC15M-26OCT042030-30,0.2000,100.00,yes
2026-10-05T00:27:59.389512Z,KXBTC15M-26OCT042030-30,0.2000,36.36,yes
2026-10-05T00:27:59.391692Z,KXBTC15M-26OCT042030-30,0.2000,136.36,yes
2026-10-05T00:27:59.400703Z,KXBTC15M-26OCT042030-30,0.2000,136.36,yes
2026-10-05T00:27:59.401863Z,KXBTC15M-26OCT042030-30,0.2000,136.36,yes
2026-10-05T00:27:59.430536Z,KXBTC15M-26OCT042030-30,0.1900,7.31,no
2026-10-05T00:27:59.470092Z,KXBTC15M-26OCT042030-30,0.2000,50.00,yes
2026-10-05T00:27:59.482432Z,KXBTC15M-26OCT042030-30,0.1900,3.00,no
2026-10-05T00:27:59.490672Z,KXBTC15M-26OCT042030-30,0.1900,23.54,no
2026-10-05T00:27:59.53358Z,KXBTC15M-26OCT042030-30,0.2000,50.00,yes
2026-10-05T00:27:59.53358Z,KXBTC15M-26OCT042030-30,0.2000,0.01,yes
2026-10-05T00:27:59.53358Z,KXBTC15M-26OCT042030-30,0.2000,326.69,yes
2026-10-05T00:27:59.53358Z,KXBTC15M-26OCT042030-30,0.2000,0.01,yes
2026-10-05T00:27:59.53358Z,KXBTC15M-26OCT042030-30,0.2000,4.56,yes
2026-10-05T00:27:59.53358Z,KXBTC15M-26OCT042030-30,0.2000,1.00,yes
2026-10-05T00:27:59.574961Z,KXBTC15M-26OCT042030-30,0.1900,0.01,no
2026-10-05T00:27:59.574961Z,KXBTC15M-26OCT042030-30,0.1900,5.98,no
2026-10-05T00:27:59.574961Z,KXBTC15M-26OCT042030-30,0.1900,0.01,no
2026-10-05T00:27:59.581807Z,KXBTC15M-26OCT042030-30,0.1900,8.43,no
2026-10-05T00:27:59.598232Z,KXBTC15M-26OCT042030-30,0.2000,50.00,yes
2026-10-05T00:27:59.605762Z,KXBTC15M-26OCT042030-30,0.1900,107.31,no
2026-10-05T00:27:59.614879Z,KXBTC15M-26OCT042030-30,0.1900,53.01,no
2026-10-05T00:27:59.639175Z,KXBTC15M-26OCT042030-30,0.1900,6.09,no
2026-10-05T00:27:59.668744Z,KXBTC15M-26OCT042030-30,0.1900,31.21,no
2026-10-05T00:27:59.674534Z,KXBTC15M-26OCT042030-30,0.2000,4.59,yes
2026-10-05T00:27:59.679784Z,KXBTC15M-26OCT042030-30,0.1900,4.56,no
2026-10-05T00:27:59.679784Z,KXBTC15M-26OCT042030-30,0.1800,65.42,no
2026-10-05T00:27:59.679784Z,KXBTC15M-26OCT042030-30,0.1900,0.01,no
2026-10-05T00:27:59.679784Z,KXBTC15M-26OCT042030-30,0.1900,228.00,no
2026-10-05T00:27:59.679784Z,KXBTC15M-26OCT042030-30,0.1900,0.01,no
2026-10-05T00:27:59.679784Z,KXBTC15M-26OCT042030-30,0.1900,5.00,no
2026-10-05T00:27:59.687068Z,KXBTC15M-26OCT042030-30,0.1800,29.99,no
2026-10-05T00:27:59.687068Z,KXBTC15M-26OCT042030-30,0.1900,0.01,no
2026-10-05T00:27:59.694887Z,KXBTC15M-26OCT042030-30,0.2000,0.72,yes
2026-10-05T00:27:59.70114Z,KXBTC15M-26OCT042030-30,0.1900,30.09,no
2026-10-05T00:27:59.70114Z,KXBTC15M-26OCT042030-30,0.1900,0.01,no
2026-10-05T00:27:59.706633Z,KXBTC15M-26OCT042030-30,0.1800,129.08,no
2026-10-05T00:27:59.706633Z,KXBTC15M-26OCT042030-30,0.1900,20.91,no
2026-10-05T00:27:59.706633Z,KXBTC15M-26OCT042030-30,0.1900,0.01,no
2026-10-05T00:27:59.713865Z,KXBTC15M-26OCT042030-30,0.1800,12.03,no
2026-10-05T00:27:59.713865Z,KXBTC15M-26OCT042030-30,0.1900,0.01,no
2026-10-05T00:27:59.727516Z,KXBTC15M-26OCT042030-30,0.1900,4.73,yes
2026-10-05T00:27:59.761757Z,KXBTC15M-26OCT042030-30,0.1800,6.15,no
2026-10-05T00:27:59.781501Z,KXBTC15M-26OCT042030-30,0.1800,17.22,no
2026-10-05T00:27:59.833011Z,KXBTC15M-26OCT042030-30,0.1900,4.73,yes
2026-10-05T00:27:59.838404Z,KXBTC15M-26OCT042030-30,0.1900,2.99,yes
2026-10-05T00:27:59.844563Z,KXBTC15M-26OCT042030-30,0.1900,10.00,yes
2026-10-05T00:27:59.844563Z,KXBTC15M-26OCT042030-30,0.1900,0.01,yes
2026-10-05T00:27:59.844563Z,KXBTC15M-26OCT042030-30,0.1900,19.28,yes
2026-10-05T00:27:59.844563Z,KXBTC15M-26OCT042030-30,0.1900,65.00,yes
2026-10-05T00:27:59.844563Z,KXBTC15M-26OCT042030-30,0.1900,0.01,yes
2026-10-05T00:27:59.851412Z,KXBTC15M-26OCT042030-30,0.1900,0.01,yes
2026-10-05T00:27:59.851412Z,KXBTC15M-26OCT042030-30,0.1900,0.01,yes
2026-10-05T00:27:59.854957Z,KXBTC15M-26OCT042030-30,0.1900,2.04,no
2026-10-05T00:27:59.861147Z,KXBTC15M-26OCT042030-30,0.1900,9.74,no
2026-10-05T00:27:59.86139Z,KXBTC15M-26OCT042030-30,0.2000,111.00,yes
2026-10-05T00:27:59.872537Z,KXBTC15M-26OCT042030-30,0.2000,0.01,yes
2026-10-05T00:27:59.872537Z,KXBTC15M-26OCT042030-30,0.2000,0.01,yes
2026-10-05T00:27:59.872537Z,KXBTC15M-26OCT042030-30,0.2100,75.20,yes
2026-10-05T00:27:59.872537Z,KXBTC15M-26OCT042030-30,0.2100,19.00,yes
2026-10-05T00:27:59.872537Z,KXBTC15M-26OCT042030-30,0.2100,6.00,yes
2026-10-05T00:27:59.87551Z,KXBTC15M-26OCT042030-30,0.1900,30.10,no
2026-10-05T00:27:59.892031Z,KXBTC15M-26OCT042030-30,0.2000,141.09,no
2026-10-05T00:27:59.892031Z,KXBTC15M-26OCT042030-30,0.2000,93.75,no
2026-10-05T00:27:59.912781Z,KXBTC15M-26OCT042030-30,0.2000,7.31,no
2026-10-05T00:27:59.914671Z,KXBTC15M-26OCT042030-30,0.2000,1108.33,no
2026-10-05T00:27:59.920069Z,KXBTC15M-26OCT042030-30,0.2000,12.04,no
2026-10-05T00:27:59.934374Z,KXBTC15M-26OCT042030-30,0.2000,4.30,no
2026-10-05T00:27:59.934374Z,KXBTC15M-26OCT042030-30,0.2000,97.00,no
2026-10-05T00:27:59.934374Z,KXBTC15M-26OCT042030-30,0.2000,0.01,no
2026-10-05T00:27:59.934374Z,KXBTC15M-26OCT042030-30,0.2000,400.00,no
2026-10-05T00:27:59.934374Z,KXBTC15M-26OCT042030-30,0.2000,10.00,no
2026-10-05T00:27:59.934374Z,KXBTC15M-26OCT042030-30,0.2000,18.00,no
2026-10-05T00:27:59.934374Z,KXBTC15M-26OCT042030-30,0.2000,126.00,no
2026-10-05T00:27:59.934374Z,KXBTC15M-26OCT042030-30,0.2000,0.01,no
2026-10-05T00:27:59.942717Z,KXBTC15M-26OCT042030-30,0.2100,18.00,yes
2026-10-05T00:27:59.984242Z,KXBTC15M-26OCT042030-30,0.2000,43.35,no
2026-10-05T00:27:59.992226Z,KXBTC15M-26OCT042030-30,0.2100,50.00,yes
2026-10-05T00:27:59.997279Z,KXBTC15M-26OCT042030-30,0.2000,0.01,no
2026-10-05T00:27:59.997279Z,KXBTC15M-26OCT042030-30,0.2000,53.65,no
2026-10-05T00:27:59.997279Z,KXBTC15M-26OCT042030-30,0.2000,51.00,no
2026-10-05T00:27:59.997279Z,KXBTC15M-26OCT042030-30,0.2000,0.01,no
2026-10-05T00:27:59.997279Z,KXBTC15M-26OCT042030-30,0.2000,17.16,no
2026-10-05T00:28:00.04557Z,KXBTC15M-26OCT042030-30,0.2100,8.65,yes
2026-10-05T00:28:00.059588Z,KXBTC15M-26OCT042030-30,0.2000,60.00,no
2026-10-05T00:28:00.063264Z,KXBTC15M-26OCT042030-30,0.2000,6.00,no
2026-10-05T00:28:00.065223Z,KXBTC15M-26OCT042030-30,0.2000,7.09,no
2026-10-05T00:28:00.111619Z,KXBTC15M-26OCT042030-30,0.2000,3.00,no
2026-10-05T00:28:00.15499Z,KXBTC15M-26OCT042030-30,0.2000,14.00,no
2026-10-05T00:28:00.163957Z,KXBTC15M-26OCT042030-30,0.2100,100.00,yes
2026-10-05T00:28:00.192695Z,KXBTC15M-26OCT042030-30,0.2100,15.47,yes
2026-10-05T00:28:00.198809Z,KXBTC15M-26OCT042030-30,0.2000,42.71,no
2026-10-05T00:28:00.198809Z,KXBTC15M-26OCT042030-30,0.2000,8.91,no
2026-10-05T00:28:00.198809Z,KXBTC15M-26OCT042030-30,0.2000,0.01,no
2026-10-05T00:28:00.198809Z,KXBTC15M-26OCT042030-30,0.2000,10.00,no
2026-10-05T00:28:00.202774Z,KXBTC15M-26OCT042030-30,0.2000,7.70,no
2026-10-05T00:28:00.206812Z,KXBTC15M-26OCT042030-30,0.2100,50.00,yes
2026-10-05T00:28:00.230654Z,KXBTC15M-26OCT042030-30,0.2000,10.10,no
2026-10-05T00:28:00.230991Z,KXBTC15M-26OCT042030-30,0.2000,6.02,no
2026-10-05T00:28:00.231966Z,KXBTC15M-26OCT042030-30,0.2000,2.42,no
2026-10-05T00:28:00.247807Z,KXBTC15M-26OCT042030-30,0.2100,5.00,yes
2026-10-05T00:28:00.267422Z,KXBTC15M-26OCT042030-30,0.2100,100.00,yes
2026-10-05T00:28:00.26764Z,KXBTC15M-26OCT042030-30,0.2100,10.00,yes
2026-10-05T00:28:00.26766Z,KXBTC15M-26OCT042030-30,0.2100,100.00,yes
2026-10-05T00:28:00.267681Z,KXBTC15M-26OCT042030-30,0.2100,99.00,yes
2026-10-05T00:28:00.269511Z,KXBTC15M-26OCT042030-30,0.2100,0.02,yes
2026-10-05T00:28:00.269586Z,KXBTC15M-26OCT042030-30,0.2000,0.64,no
2026-10-05T00:28:00.276526Z,KXBTC15M-26OCT042030-30,0.2100,1368.66,yes
2026-10-05T00:28:00.276526Z,KXBTC15M-26OCT042030-30,0.2100,1.00,yes
2026-10-05T00:28:00.276526Z,KXBTC15M-26OCT042030-30,0.2100,140.00,yes
2026-10-05T00:28:00.276526Z,KXBTC15M-26OCT042030-30,0.2100,0.01,yes
2026-10-05T00:28:00.276526Z,KXBTC15M-26OCT042030-30,0.2100,0.01,yes
2026-10-05T00:28:00.310367Z,KXBTC15M-26OCT042030-30,0.2200,6.00,yes
2026-10-05T00:28:00.310367Z,KXBTC15M-26OCT042030-30,0.2200,307.14,yes
2026-10-05T00:28:00.310367Z,KXBTC15M-26OCT042030-30,0.2200,0.01,yes
2026-10-05T00:28:00.310367Z,KXBTC15M-26OCT042030-30,0.2200,15.00,yes
2026-10-05T00:28:00.310531Z,KXBTC15M-26OCT042030-30,0.2200,3.00,yes
2026-10-05T00:28:00.318885Z,KXBTC15M-26OCT042030-30,0.2100,1.00,no
2026-10-05T00:28:00.320074Z,KXBTC15M-26OCT042030-30,0.2100,118.00,no
2026-10-05T00:28:00.320074Z,KXBTC15M-26OCT042030-30,0.2100,3.93,no
2026-10-05T00:28:00.323877Z,KXBTC15M-26OCT042030-30,0.2100,2.65,no
2026-10-05T00:28:00.333085Z,KXBTC15M-26OCT042030-30,0.2200,5.00,yes
2026-10-05T00:28:00.34386Z,KXBTC15M-26OCT042030-30,0.2100,0.01,no
2026-10-05T00:28:00.34386Z,KXBTC15M-26OCT042030-30,0.2100,36.64,no
2026-10-05T00:28:00.34386Z,KXBTC15M-26OCT042030-30,0.2100,0.01,no
2026-10-05T00:28:00.34386Z,KXBTC15M-26OCT042030-30,0.2100,0.01,no
2026-10-05T00:28:00.34386Z,KXBTC15M-26OCT042030-30,0.2100,6.00,no
2026-10-05T00:28:00.345512Z,KXBTC15M-26OCT042030-30,0.2100,5.91,no
2026-10-05T00:28:00.35978Z,KXBTC15M-26OCT042030-30,0.2100,0.12,no
2026-10-05T00:28:00.364982Z,KXBTC15M-26OCT042030-30,0.2100,4.00,no
2026-10-05T00:28:00.369982Z,KXBTC15M-26OCT042030-30,0.2100,4.81,no
2026-10-05T00:28:00.377452Z,KXBTC15M-26OCT042030-30,0.2200,2.72,yes
2026-10-05T00:28:00.379911Z,KXBTC15M-26OCT042030-30,0.2100,21.75,no
2026-10-05T00:28:00.416106Z,KXBTC15M-26OCT042030-30,0.2100,3.67,no
2026-10-05T00:28:00.449545Z,KXBTC15M-26OCT042030-30,0.2100,20.10,no
2026-10-05T00:28:00.449545Z,KXBTC15M-26OCT042030-30,0.2100,296.67,no
2026-10-05T00:28:00.45395Z,KXBTC15M-26OCT042030-30,0.2100,3.21,no
2026-10-05T00:28:00.45395Z,KXBTC15M-26OCT042030-30,0.2100,103.33,no
2026-10-05T00:28:00.45395Z,KXBTC15M-26OCT042030-30,0.2100,253.09,no
2026-10-05T00:28:00.45395Z,KXBTC15M-26OCT042030-30,0.2100,1.20,no
2026-10-05T00:28:00.45395Z,KXBTC15M-26OCT042030-30,0.2100,1.17,no
2026-10-05T00:28:00.470391Z,KXBTC15M-26OCT042030-30,0.2100,0.01,no
2026-10-05T00:28:00.470391Z,KXBTC15M-26OCT042030-30,0.2100,800.00,no
2026-10-05T00:28:00.470391Z,KXBTC15M-26OCT042030-30,0.2100,0.01,no
2026-10-05T00:28:00.470391Z,KXBTC15M-26OCT042030-30,0.2100,6.00,no
2026-10-05T00:28:00.470391Z,KXBTC15M-26OCT042030-30,0.2100,10.00,no
2026-10-05T00:28:00.470391Z,KXBTC15M-26OCT042030-30,0.2000,1277.86,no
2026-10-05T00:28:00.470391Z,KXBTC15M-26OCT042030-30,0.2100,98.00,no
2026-10-05T00:28:00.470391Z,KXBTC15M-26OCT042030-30,0.2100,5.00,no
2026-10-05T00:28:00.470391Z,KXBTC15M-26OCT042030-30,0.2100,546.91,no
2026-10-05T00:28:00.479965Z,KXBTC15M-26OCT042030-30,0.2100,76.20,no
2026-10-05T00:28:00.492291Z,KXBTC15M-26OCT042030-30,0.2100,6.16,no
2026-10-05T00:28:00.502602Z,KXBTC15M-26OCT042030-30,0.2100,12.48,no
2026-10-05T00:28:00.506933Z,KXBTC15M-26OCT042030-30,0.2200,41.00,yes
2026-10-05T00:28:00.52725Z,KXBTC15M-26OCT042030-30,0.2200,50.00,yes
2026-10-05T00:28:00.54239Z,KXBTC15M-26OCT042030-30,0.2200,50.00,yes
2026-10-05T00:28:00.560745Z,KXBTC15M-26OCT042030-30,0.2100,7.00,no
2026-10-05T00:28:00.569905Z,KXBTC15M-26OCT042030-30,0.2200,27.79,yes
2026-10-05T00:28:00.61752Z,KXBTC15M-26OCT042030-30,0.2100,72.36,no
2026-10-05T00:28:00.61752Z,KXBTC15M-26OCT042030-30,0.2100,47.64,no
2026-10-05T00:28:00.622506Z,KXBTC15M-26OCT042030-30,0.2100,1.17,no
2026-10-05T00:28:00.622506Z,KXBTC15M-26OCT042030-30,0.2100,3.36,no
2026-10-05T00:28:00.622506Z,KXBTC15M-26OCT042030-30,0.2100,0.27,no
2026-10-05T00:28:00.630602Z,KXBTC15M-26OCT042030-30,0.2000,25.00,no
2026-10-05T00:28:00.630602Z,KXBTC15M-26OCT042030-30,0.2000,11.01,no
2026-10-05T00:28:00.630602Z,KXBTC15M-26OCT042030-30,0.2100,1.16,no
2026-10-05T00:28:00.630602Z,KXBTC15M-26OCT042030-30,0.2100,5.00,no
2026-10-05T00:28:00.630602Z,KXBTC15M-26OCT042030-30,0.2000,97.00,no
2026-10-05T00:28:00.630602Z,KXBTC15M-26OCT042030-30,0.2000,250.06,no
2026-10-05T00:28:00.630602Z,KXBTC15M-26OCT042030-30,0.2100,399.73,no
2026-10-05T00:28:00.630602Z,KXBTC15M-26OCT042030-30,0.2100,100.00,no
2026-10-05T00:28:00.630602Z,KXBTC15M-26OCT042030-30,0.2100,5.00,no
2026-10-05T00:28:00.630602Z,KXBTC15M-26OCT042030-30,0.2100,0.01,no
2026-10-05T00:28:00.635924Z,KXBTC15M-26OCT042030-30,0.2200,10.00,yes
2026-10-05T00:28:00.639964Z,KXBTC15M-26OCT042030-30,0.2000,249.94,no
2026-10-05T00:28:00.639964Z,KXBTC15M-26OCT042030-30,0.2000,5.00,no
2026-10-05T00:28:00.639964Z,KXBTC15M-26OCT042030-30,0.2000,3.06,no
2026-10-05T00:28:00.639964Z,KXBTC15M-26OCT042030-30,0.2100,100.00,no
2026-10-05T00:28:00.655461Z,KXBTC15M-26OCT042030-30,0.2100,5.00,no
2026-10-05T00:28:00.655461Z,KXBTC15M-26OCT042030-30,0.2000,17.71,no
2026-10-05T00:28:00.655461Z,KXBTC15M-26OCT042030-30,0.2000,1.94,no
2026-10-05T00:28:00.681214Z,KXBTC15M-26OCT042030-30,0.2000,0.80,no
2026-10-05T00:28:00.728631Z,KXBTC15M-26OCT042030-30,0.2200,45.92,yes
2026-10-05T00:28:00.728631Z,KXBTC15M-26OCT042030-30,0.2100,0.01,yes
2026-10-05T00:28:00.728631Z,KXBTC15M-26OCT042030-30,0.2100,0.01,yes
2026-10-05T00:28:00.728631Z,KXBTC15M-26OCT042030-30,0.2100,23.06,yes
2026-10-05T00:28:00.742792Z,KXBTC15M-26OCT042030-30,0.2200,25.03,yes
2026-10-05T00:28:00.745535Z,KXBTC15M-26OCT042030-30,0.2100,0.01,no
2026-10-05T00:28:00.750063Z,KXBTC15M-26OCT042030-30,0.2100,4.99,no
2026-10-05T00:28:00.750063Z,KXBTC15M-26OCT042030-30,0.2100,0.28,no
2026-10-05T00:28:00.750063Z,KXBTC15M-26OCT042030-30,0.2100,5.00,no
2026-10-05T00:28:00.754998Z,KXBTC15M-26OCT042030-30,0.2200,21.55,yes
2026-10-05T00:28:00.760265Z,KXBTC15M-26OCT042030-30,0.2200,27.98,yes
2026-10-05T00:28:00.769412Z,KXBTC15M-26OCT042030-30,0.2100,9.72,no
2026-10-05T00:28:00.769412Z,KXBTC15M-26OCT042030-30,0.2100,113.55,no
2026-10-05T00:28:00.773342Z,KXBTC15M-26OCT042030-30,0.2100,12.47,no
2026-10-05T00:28:00.796876Z,KXBTC15M-26OCT042030-30,0.2100,83.00,no
2026-10-05T00:28:00.812467Z,KXBTC15M-26OCT042030-30,0.2100,50.00,no
2026-10-05T00:28:00.838989Z,KXBTC15M-26OCT042030-30,0.2100,48.00,no
2026-10-05T00:28:00.862413Z,KXBTC15M-26OCT042030-30,0.2200,1.00,yes
2026-10-05T00:28:00.862413Z,KXBTC15M-26OCT042030-30,0.2200,0.01,yes
2026-10-05T00:28:00.862413Z,KXBTC15M-26OCT042030-30,0.2200,0.01,yes
2026-10-05T00:28:00.862413Z,KXBTC15M-26OCT042030-30,0.2200,6.00,yes
2026-10-05T00:28:00.862413Z,KXBTC15M-26OCT042030-30,0.2200,0.34,yes
2026-10-05T00:28:00.874937Z,KXBTC15M-26OCT042030-30,0.2300,0.42,yes
2026-10-05T00:28:00.918535Z,KXBTC15M-26OCT042030-30,0.2300,1.57,yes
2026-10-05T00:28:00.931694Z,KXBTC15M-26OCT042030-30,0.1900,25.00,no
2026-10-05T00:28:00.931694Z,KXBTC15M-26OCT042030-30,0.2000,17.00,no
2026-10-05T00:28:00.931694Z,KXBTC15M-26OCT042030-30,0.2100,5.00,no
2026-10-05T00:28:00.931694Z,KXBTC15M-26OCT042030-30,0.2200,800.00,no
2026-10-05T00:28:00.931694Z,KXBTC15M-26OCT042030-30,0.1900,5.00,no
2026-10-05T00:28:00.931694Z,KXBTC15M-26OCT042030-30,0.2100,800.00,no
2026-10-05T00:28:00.931694Z,KXBTC15M-26OCT042030-30,0.2200,0.01,no
2026-10-05T00:28:00.931694Z,KXBTC15M-26OCT042030-30,0.2100,1500.00,no
2026-10-05T00:28:00.931694Z,KXBTC15M-26OCT042030-30,0.2000,0.05,no
2026-10-05T00:28:00.931694Z,KXBTC15M-26OCT042030-30,0.2000,500.00,no
2026-10-05T00:28:00.931694Z,KXBTC15M-26OCT042030-30,0.1900,500.00,no
2026-10-05T00:28:00.931694Z,KXBTC15M-26OCT042030-30,0.2100,15.00,no
2026-10-05T00:28:00.931694Z,KXBTC15M-26OCT042030-30,0.1900,5.00,no
2026-10-05T00:28:00.931694Z,KXBTC15M-26OCT042030-30,0.2000,5.00,no
2026-10-05T00:28:00.931694Z,KXBTC15M-26OCT042030-30,0.2100,1.19,no
2026-10-05T00:28:00.931694Z,KXBTC15M-26OCT042030-30,0.2100,93.75,no
2026-10-05T00:28:00.931694Z,KXBTC15M-26OCT042030-30,0.2100,93.75,no
2026-10-05T00:28:00.931694Z,KXBTC15M-26OCT042030-30,0.2000,99.00,no
2026-10-05T00:28:00.931694Z,KXBTC15M-26OCT042030-30,0.2100,0.01,no
2026-10-05T00:28:00.931694Z,KXBTC15M-26OCT042030-30,0.2200,0.01,no
2026-10-05T00:28:00.931694Z,KXBTC15M-26OCT042030-30,0.2200,10.00,no
2026-10-05T00:28:00.931694Z,KXBTC15M-26OCT042030-30,0.2100,800.00,no
2026-10-05T00:28:00.931694Z,KXBTC15M-26OCT042030-30,0.2100,98.00,no
2026-10-05T00:28:00.931694Z,KXBTC15M-26OCT042030-30,0.2000,5.00,no
2026-10-05T00:28:00.931694Z,KXBTC15M-26OCT042030-30,0.2100,1.16,no
2026-10-05T00:28:00.931694Z,KXBTC15M-26OCT042030-30,0.1900,5.00,no
2026-10-05T00:28:00.931694Z,KXBTC15M-26OCT042030-30,0.2000,122.52,no
2026-10-05T00:28:00.931694Z,KXBTC15M-26OCT042030-30,0.2200,400.00,no
2026-10-05T00:28:00.931694Z,KXBTC15M-26OCT042030-30,0.2100,0.01,no
2026-10-05T00:28:00.931694Z,KXBTC15M-26OCT042030-30,0.2100,15.00,no
2026-10-05T00:28:00.931694Z,KXBTC15M-26OCT042030-30,0.2200,2.93,no
2026-10-05T00:28:00.931694Z,KXBTC15M-26OCT042030-30,0.1900,98.00,no
2026-10-05T00:28:00.955784Z,KXBTC15M-26OCT042030-30,0.1900,1.12,yes
2026-10-05T00:28:00.958524Z,KXBTC15M-26OCT042030-30,0.2100,33.32,yes
2026-10-05T00:28:00.958524Z,KXBTC15M-26OCT042030-30,0.1900,0.01,yes
2026-10-05T00:28:00.958524Z,KXBTC15M-26OCT042030-30,0.2000,0.01,yes
2026-10-05T00:28:00.958524Z,KXBTC15M-26OCT042030-30,0.1900,0.01,yes
2026-10-05T00:28:00.958524Z,KXBTC15M-26OCT042030-30,0.2000,5.00,yes
2026-10-05T00:28:00.958524Z,KXBTC15M-26OCT042030-30,0.2000,0.01,yes
2026-10-05T00:28:00.967068Z,KXBTC15M-26OCT042030-30,0.2000,12.93,yes
2026-10-05T00:28:00.982788Z,KXBTC15M-26OCT042030-30,0.1900,32.76,no
2026-10-05T00:28:00.987531Z,KXBTC15M-26OCT042030-30,0.2100,49.98,yes
2026-10-05T00:28:00.987531Z,KXBTC15M-26OCT042030-30,0.2000,0.01,yes
2026-10-05T00:28:00.987531Z,KXBTC15M-26OCT042030-30,0.2000,0.01,yes
2026-10-05T00:28:00.995985Z,KXBTC15M-26OCT042030-30,0.2100,129.30,yes
2026-10-05T00:28:00.996389Z,KXBTC15M-26OCT042030-30,0.2000,4.09,no
2026-10-05T00:28:00.998002Z,KXBTC15M-26OCT042030-30,0.2000,10.00,no
2026-10-05T00:28:01.003258Z,KXBTC15M-26OCT042030-30,0.2100,4.31,yes
2026-10-05T00:28:01.006015Z,KXBTC15M-26OCT042030-30,0.2000,2.44,no
2026-10-05T00:28:01.021176Z,KXBTC15M-26OCT042030-30,0.2000,1000.00,no
2026-10-05T00:28:01.026506Z,KXBTC15M-26OCT042030-30,0.2100,1.04,yes
2026-10-05T00:28:01.028189Z,KXBTC15M-26OCT042030-30,0.2000,65.00,no
2026-10-05T00:28:01.032354Z,KXBTC15M-26OCT042030-30,0.2100,4.27,yes
2026-10-05T00:28:01.061076Z,KXBTC15M-26OCT042030-30,0.2100,81.00,yes
2026-10-05T00:28:01.073863Z,KXBTC15M-26OCT042030-30,0.2000,6.21,no
2026-10-05T00:28:01.0945Z,KXBTC15M-26OCT042030-30,0.2000,15.00,no
2026-10-05T00:28:01.0945Z,KXBTC15M-26OCT042030-30,0.2000,14.80,no
2026-10-05T00:28:01.0945Z,KXBTC15M-26OCT042030-30,0.2000,22.54,no
2026-10-05T00:28:01.099824Z,KXBTC15M-26OCT042030-30,0.2000,10.80,no
2026-10-05T00:28:01.099824Z,KXBTC15M-26OCT042030-30,0.2000,0.20,no
2026-10-05T00:28:01.14488Z,KXBTC15M-26OCT042030-30,0.2100,43.10,yes
2026-10-05T00:28:01.167204Z,KXBTC15M-26OCT042030-30,0.2000,6.10,no
2026-10-05T00:28:01.239834Z,KXBTC15M-26OCT042030-30,0.2000,63.13,no
2026-10-05T00:28:01.246713Z,KXBTC15M-26OCT042030-30,0.2000,86.28,no
2026-10-05T00:28:01.246713Z,KXBTC15M-26OCT042030-30,0.2000,13.72,no
2026-10-05T00:28:01.253742Z,KXBTC15M-26OCT042030-30,0.2100,7.03,yes
2026-10-05T00:28:01.260919Z,KXBTC15M-26OCT042030-30,0.2000,1.21,no
2026-10-05T00:28:01.2696Z,KXBTC15M-26OCT042030-30,0.2000,5.00,no
2026-10-05T00:28:01.274233Z,KXBTC15M-26OCT042030-30,0.2100,50.00,yes
2026-10-05T00:28:01.308767Z,KXBTC15M-26OCT042030-30,0.2000,36.00,no
2026-10-05T00:28:01.308767Z,KXBTC15M-26OCT042030-30,0.2000,6.00,no
2026-10-05T00:28:01.308767Z,KXBTC15M-26OCT042030-30,0.2000,407.51,no
2026-10-05T00:28:01.308767Z,KXBTC15M-26OCT042030-30,0.2000,64.00,no
2026-10-05T00:28:01.308767Z,KXBTC15M-26OCT042030-30,0.2000,2.23,no
2026-10-05T00:28:01.308767Z,KXBTC15M-26OCT042030-30,0.2000,64.00,no
2026-10-05T00:28:01.308767Z,KXBTC15M-26OCT042030-30,0.2000,6.26,no
2026-10-05T00:28:01.308767Z,KXBTC15M-26OCT042030-30,0.2000,18.00,no
2026-10-05T00:28:01.32608Z,KXBTC15M-26OCT042030-30,0.2000,2.00,no
2026-10-05T00:28:01.333583Z,KXBTC15M-26OCT042030-30,0.2100,96.65,yes
2026-10-05T00:28:01.333583Z,KXBTC15M-26OCT042030-30,0.2100,0.01,yes
2026-10-05T00:28:01.333583Z,KXBTC15M-26OCT042030-30,0.2100,0.01,yes
2026-10-05T00:28:01.333583Z,KXBTC15M-26OCT042030-30,0.2100,0.31,yes
2026-10-05T00:28:01.337087Z,KXBTC15M-26OCT042030-30,0.2000,7.19,no
2026-10-05T00:28:01.400373Z,KXBTC15M-26OCT042030-30,0.2000,31.00,no
2026-10-05T00:28:01.424006Z,KXBTC15M-26OCT042030-30,0.2100,1.98,yes
2026-10-05T00:28:01.435347Z,KXBTC15M-26OCT042030-30,0.2000,28.43,no
2026-10-05T00:28:01.435347Z,KXBTC15M-26OCT042030-30,0.2000,233.55,no
2026-10-05T00:28:01.435347Z,KXBTC15M-26OCT042030-30,0.2000,0.01,no
2026-10-05T00:28:01.435347Z,KXBTC15M-26OCT042030-30,0.2000,0.01,no
2026-10-05T00:28:01.439615Z,KXBTC15M-26OCT042030-30,0.2000,1.16,no
2026-10-05T00:28:01.439615Z,KXBTC15M-26OCT042030-30,0.1900,13.46,no
2026-10-05T00:28:01.439615Z,KXBTC15M-26OCT042030-30,0.2000,33.41,no
2026-10-05T00:28:01.439615Z,KXBTC15M-26OCT042030-30,0.2000,10.00,no
2026-10-05T00:28:01.439615Z,KXBTC15M-26OCT042030-30,0.2000,45.40,no
2026-10-05T00:28:01.439615Z,KXBTC15M-26OCT042030-30,0.2000,70.57,no
2026-10-05T00:28:01.439615Z,KXBTC15M-26OCT042030-30,0.2000,5.00,no
2026-10-05T00:28:01.441522Z,KXBTC15M-26OCT042030-30,0.1900,7.87,no
2026-10-05T00:28:01.442744Z,KXBTC15M-26OCT042030-30,0.2100,47.49,yes
2026-10-05T00:28:01.442744Z,KXBTC15M-26OCT042030-30,0.2100,10.00,yes
2026-10-05T00:28:01.442744Z,KXBTC15M-26OCT042030-30,0.2100,86.00,yes
2026-10-05T00:28:01.442744Z,KXBTC15M-26OCT042030-30,0.2100,1.66,yes
2026-10-05T00:28:01.442744Z,KXBTC15M-26OCT042030-30,0.2100,72.19,yes
2026-10-05T00:28:01.447727Z,KXBTC15M-26OCT042030-30,0.1900,97.00,no
2026-10-05T00:28:01.447727Z,KXBTC15M-26OCT042030-30,0.1800,17.57,no
2026-10-05T00:28:01.447727Z,KXBTC15M-26OCT042030-30,0.1900,5.00,no
2026-10-05T00:28:01.447727Z,KXBTC15M-26OCT042030-30,0.2000,0.01,no
2026-10-05T00:28:01.447727Z,KXBTC15M-26OCT042030-30,0.2000,0.01,no
2026-10-05T00:28:01.449828Z,KXBTC15M-26OCT042030-30,0.2000,12.18,no
2026-10-05T00:28:01.456456Z,KXBTC15M-26OCT042030-30,0.2000,10.19,no
2026-10-05T00:28:01.457842Z,KXBTC15M-26OCT042030-30,0.2000,0.01,no
2026-10-05T00:28:01.458455Z,KXBTC15M-26OCT042030-30,0.1800,46.36,no
2026-10-05T00:28:01.458455Z,KXBTC15M-26OCT042030-30,0.2000,28.62,no
2026-10-05T00:28:01.458455Z,KXBTC15M-26OCT042030-30,0.2000,0.01,no
2026-10-05T00:28:01.458455Z,KXBTC15M-26OCT042030-30,0.2000,0.01,no
2026-10-05T00:28:01.461793Z,KXBTC15M-26OCT042030-30,0.2100,4.51,yes
2026-10-05T00:28:01.463839Z,KXBTC15M-26OCT042030-30,0.2000,0.01,no
2026-10-05T00:28:01.474988Z,KXBTC15M-26OCT042030-30,0.1900,4.37,yes
2026-10-05T00:28:01.48989Z,KXBTC15M-26OCT042030-30,0.1900,11.00,yes
2026-10-05T00:28:01.490494Z,KXBTC15M-26OCT042030-30,0.1900,33.00,yes
2026-10-05T00:28:01.510037Z,KXBTC15M-26OCT042030-30,0.1900,12.00,yes
2026-10-05T00:28:01.516581Z,KXBTC15M-26OCT042030-30,0.1900,9.00,yes
2026-10-05T00:28:01.517628Z,KXBTC15M-26OCT042030-30,0.1900,11.00,yes
2026-10-05T00:28:01.51937Z,KXBTC15M-26OCT042030-30,0.1900,6.00,yes
2026-10-05T00:28:01.519974Z,KXBTC15M-26OCT042030-30,0.1900,11.00,yes
2026-10-05T00:28:01.520587Z,KXBTC15M-26OCT042030-30,0.1900,10.00,yes
2026-10-05T00:28:01.524714Z,KXBTC15M-26OCT042030-30,0.2000,93.36,yes
2026-10-05T00:28:01.524714Z,KXBTC15M-26OCT042030-30,0.1900,1392.63,yes
2026-10-05T00:28:01.524714Z,KXBTC15M-26OCT042030-30,0.1900,0.01,yes
2026-10-05T00:28:01.524714Z,KXBTC15M-26OCT042030-30,0.1900,0.01,yes
2026-10-05T00:28:01.524714Z,KXBTC15M-26OCT042030-30,0.1900,0.01,yes
2026-10-05T00:28:01.525263Z,KXBTC15M-26OCT042030-30,0.2000,10.00,yes
2026-10-05T00:28:01.529379Z,KXBTC15M-26OCT042030-30,0.2000,7.00,yes
2026-10-05T00:28:01.530194Z,KXBTC15M-26OCT042030-30,0.2000,4.00,yes
2026-10-05T00:28:01.542515Z,KXBTC15M-26OCT042030-30,0.1900,5.00,no
2026-10-05T00:28:01.542515Z,KXBTC15M-26OCT042030-30,0.1900,1.03,no
2026-10-05T00:28:01.55596Z,KXBTC15M-26OCT042030-30,0.2000,0.43,yes
2026-10-05T00:28:01.571151Z,KXBTC15M-26OCT042030-30,0.2100,10.98,yes
2026-10-05T00:28:01.571151Z,KXBTC15M-26OCT042030-30,0.2000,0.01,yes
2026-10-05T00:28:01.571151Z,KXBTC15M-26OCT042030-30,0.2000,1.00,yes
2026-10-05T00:28:01.571151Z,KXBTC15M-26OCT042030-30,0.2000,0.01,yes
2026-10-05T00:28:01.571154Z,KXBTC15M-26OCT042030-30,0.1900,2.41,no
2026-10-05T00:28:01.571778Z,KXBTC15M-26OCT042030-30,0.2100,15.00,yes
2026-10-05T00:28:01.576599Z,KXBTC15M-26OCT042030-30,0.1900,8.69,no
2026-10-05T00:28:01.576599Z,KXBTC15M-26OCT042030-30,0.1900,1.56,no
2026-10-05T00:28:01.590671Z,KXBTC15M-26OCT042030-30,0.2100,44.00,yes
2026-10-05T00:28:01.613199Z,KXBTC15M-26OCT042030-30,0.2100,12.00,yes
2026-10-05T00:28:01.613429Z,KXBTC15M-26OCT042030-30,0.2000,0.01,no
2026-10-05T00:28:01.613429Z,KXBTC15M-26OCT042030-30,0.2000,6.00,no
2026-10-05T00:28:01.613429Z,KXBTC15M-26OCT042030-30,0.2000,0.01,no
2026-10-05T00:28:01.613429Z,KXBTC15M-26OCT042030-30,0.2000,2.02,no
2026-10-05T00:28:01.616199Z,KXBTC15M-26OCT042030-30,0.2000,2.88,no
2026-10-05T00:28:01.616199Z,KXBTC15M-26OCT042030-30,0.1900,21.27,no
2026-10-05T00:28:01.628187Z,KXBTC15M-26OCT042030-30,0.2100,10.49,yes
2026-10-05T00:28:01.633389Z,KXBTC15M-26OCT042030-30,0.2100,10.00,yes
2026-10-05T00:28:01.639922Z,KXBTC15M-26OCT042030-30,0.2100,7.00,yes
2026-10-05T00:28:01.645802Z,KXBTC15M-26OCT042030-30,0.2000,0.01,no
2026-10-05T00:28:01.645802Z,KXBTC15M-26OCT042030-30,0.2000,0.01,no
2026-10-05T00:28:01.645802Z,KXBTC15M-26OCT042030-30,0.2000,0.01,no
2026-10-05T00:28:01.645802Z,KXBTC15M-26OCT042030-30,0.2000,6.00,no
2026-10-05T00:28:01.645802Z,KXBTC15M-26OCT042030-30,0.2000,51.00,no
2026-10-05T00:28:01.645802Z,KXBTC15M-26OCT042030-30,0.1900,49.97,no
2026-10-05T00:28:01.657728Z,KXBTC15M-26OCT042030-30,0.2100,9.09,yes
2026-10-05T00:28:01.676085Z,KXBTC15M-26OCT042030-30,0.2000,0.01,no
2026-10-05T00:28:01.676085Z,KXBTC15M-26OCT042030-30,0.1900,52.99,no
2026-10-05T00:28:01.676085Z,KXBTC15M-26OCT042030-30,0.2000,6.00,no
2026-10-05T00:28:01.688756Z,KXBTC15M-26OCT042030-30,0.1900,6.00,no
2026-10-05T00:28:01.707409Z,KXBTC15M-26OCT042030-30,0.2100,2.91,yes
2026-10-05T00:28:01.713743Z,KXBTC15M-26OCT042030-30,0.2100,1.00,yes
2026-10-05T00:28:01.713743Z,KXBTC15M-26OCT042030-30,0.2200,500.00,yes
2026-10-05T00:28:01.713743Z,KXBTC15M-26OCT042030-30,0.2100,0.01,yes
2026-10-05T00:28:01.713743Z,KXBTC15M-26OCT042030-30,0.2100,0.01,yes
2026-10-05T00:28:01.713743Z,KXBTC15M-26OCT042030-30,0.2200,6.00,yes
2026-10-05T00:28:01.713743Z,KXBTC15M-26OCT042030-30,0.2100,378.53,yes
2026-10-05T00:28:01.713743Z,KXBTC15M-26OCT042030-30,0.2100,129.08,yes
2026-10-05T00:28:01.713743Z,KXBTC15M-26OCT042030-30,0.2100,414.00,yes
2026-10-05T00:28:01.727023Z,KXBTC15M-26OCT042030-30,0.2000,140.90,no
2026-10-05T00:28:01.727023Z,KXBTC15M-26OCT042030-30,0.2000,9.10,no
2026-10-05T00:28:01.729128Z,KXBTC15M-26OCT042030-30,0.2200,2.79,yes
2026-10-05T00:28:01.731131Z,KXBTC15M-26OCT042030-30,0.2100,0.01,no
2026-10-05T00:28:01.731131Z,KXBTC15M-26OCT042030-30,0.2000,71.48,no
2026-10-05T00:28:01.751332Z,KXBTC15M-26OCT042030-30,0.2100,4.89,yes
2026-10-05T00:28:01.79403Z,KXBTC15M-26OCT042030-30,0.2100,420.00,yes
2026-10-05T00:28:01.821516Z,KXBTC15M-26OCT042030-30,0.2000,16.87,no
2026-10-05T00:28:01.821516Z,KXBTC15M-26OCT042030-30,0.2000,0.01,no
2026-10-05T00:28:01.821516Z,KXBTC15M-26OCT042030-30,0.2000,18.00,no
2026-10-05T00:28:01.821516Z,KXBTC15M-26OCT042030-30,0.2000,0.01,no
2026-10-05T00:28:01.821516Z,KXBTC15M-26OCT042030-30,0.2000,5.00,no
2026-10-05T00:28:01.846089Z,KXBTC15M-26OCT042030-30,0.2100,0.91,yes
2026-10-05T00:28:01.867573Z,KXBTC15M-26OCT042030-30,0.2000,22.94,no
2026-10-05T00:28:01.867573Z,KXBTC15M-26OCT042030-30,0.2000,51.00,no
2026-10-05T00:28:01.867573Z,KXBTC15M-26OCT042030-30,0.2000,0.01,no
2026-10-05T00:28:01.867573Z,KXBTC15M-26OCT042030-30,0.2000,0.01,no
2026-10-05T00:28:01.886352Z,KXBTC15M-26OCT042030-30,0.2000,2.00,no
2026-10-05T00:28:01.899887Z,KXBTC15M-26OCT042030-30,0.2100,0.47,yes
2026-10-05T00:28:01.907115Z,KXBTC15M-26OCT042030-30,0.2000,234.22,no
2026-10-05T00:28:01.946609Z,KXBTC15M-26OCT042030-30,0.2000,66.12,no
2026-10-05T00:28:01.957383Z,KXBTC15M-26OCT042030-30,0.2000,21.51,no
2026-10-05T00:28:01.959309Z,KXBTC15M-26OCT042030-30,0.2000,573.39,no
2026-10-05T00:28:01.959309Z,KXBTC15M-26OCT042030-30,0.2000,5.00,no
2026-10-05T00:28:01.959309Z,KXBTC15M-26OCT042030-30,0.2000,2.58,no
2026-10-05T00:28:01.959309Z,KXBTC15M-26OCT042030-30,0.2000,12.37,no
2026-10-05T00:28:01.974508Z,KXBTC15M-26OCT042030-30,0.2000,61.54,no
2026-10-05T00:28:01.981394Z,KXBTC15M-26OCT042030-30,0.2100,51.88,yes
2026-10-05T00:28:01.987336Z,KXBTC15M-26OCT042030-30,0.2000,139.70,no
2026-10-05T00:28:01.990029Z,KXBTC15M-26OCT042030-30,0.2000,717.55,no
2026-10-05T00:28:01.990029Z,KXBTC15M-26OCT042030-30,0.2000,0.01,no
2026-10-05T00:28:01.990029Z,KXBTC15M-26OCT042030-30,0.2000,725.37,no
2026-10-05T00:28:01.990029Z,KXBTC15M-26OCT042030-30,0.2000,0.01,no
2026-10-05T00:28:01.990029Z,KXBTC15M-26OCT042030-30,0.2000,6.00,no
2026-10-05T00:28:01.990029Z,KXBTC15M-26OCT042030-30,0.1900,351.22,no
2026-10-05T00:28:01.996691Z,KXBTC15M-26OCT042030-30,0.1900,6.03,no
2026-10-05T00:28:02.012697Z,KXBTC15M-26OCT042030-30,0.2000,0.04,yes
2026-10-05T00:28:02.018292Z,KXBTC15M-26OCT042030-30,0.1900,14.38,no
2026-10-05T00:28:02.028975Z,KXBTC15M-26OCT042030-30,0.1900,6.02,no
2026-10-05T00:28:02.036337Z,KXBTC15M-26OCT042030-30,0.1900,74.98,no
2026-10-05T00:28:02.082825Z,KXBTC15M-26OCT042030-30,0.2000,98.00,yes
2026-10-05T00:28:02.10465Z,KXBTC15M-26OCT042030-30,0.1900,14.10,no
2026-10-05T00:28:02.10465Z,KXBTC15M-26OCT042030-30,0.1900,16.00,no
2026-10-05T00:28:02.158188Z,KXBTC15M-26OCT042030-30,0.1900,97.00,no
2026-10-05T00:28:02.158188Z,KXBTC15M-26OCT042030-30,0.1900,1.16,no
2026-10-05T00:28:02.167898Z,KXBTC15M-26OCT042030-30,0.1800,5.00,no
2026-10-05T00:28:02.167898Z,KXBTC15M-26OCT042030-30,0.1800,5.00,no
2026-10-05T00:28:02.167898Z,KXBTC15M-26OCT042030-30,0.1800,36.07,no
2026-10-05T00:28:02.167898Z,KXBTC15M-26OCT042030-30,0.1800,13.09,no
2026-10-05T00:28:02.197451Z,KXBTC15M-26OCT042030-30,0.1900,50.00,yes
2026-10-05T00:28:02.234146Z,KXBTC15M-26OCT042030-30,0.1900,22.56,yes
2026-10-05T00:28:02.238647Z,KXBTC15M-26OCT042030-30,0.1900,45.12,yes
2026-10-05T00:28:02.265745Z,KXBTC15M-26OCT042030-30,0.1800,16.80,no
2026-10-05T00:28:02.283596Z,KXBTC15M-26OCT042030-30,0.1800,1.00,no
2026-10-05T00:28:02.309173Z,KXBTC15M-26OCT042030-30,0.1800,130.05,no
2026-10-05T00:28:02.309173Z,KXBTC15M-26OCT042030-30,0.1800,1.84,no
2026-10-05T00:28:02.309173Z,KXBTC15M-26OCT042030-30,0.1800,60.00,no
2026-10-05T00:28:02.309173Z,KXBTC15M-26OCT042030-30,0.1800,17.11,no
2026-10-05T00:28:02.313841Z,KXBTC15M-26OCT042030-30,0.1900,50.00,yes
2026-10-05T00:28:02.335049Z,KXBTC15M-26OCT042030-30,0.1900,50.51,yes
2026-10-05T00:28:02.337202Z,KXBTC15M-26OCT042030-30,0.1900,20.00,yes
2026-10-05T00:28:02.347008Z,KXBTC15M-26OCT042030-30,0.1800,11.44,no
2026-10-05T00:28:02.353758Z,KXBTC15M-26OCT042030-30,0.1700,5.00,no
2026-10-05T00:28:02.353758Z,KXBTC15M-26OCT042030-30,0.1700,5.00,no
2026-10-05T00:28:02.353758Z,KXBTC15M-26OCT042030-30,0.1800,1.19,no
2026-10-05T00:28:02.353758Z,KXBTC15M-26OCT042030-30,0.1800,1.16,no
2026-10-05T00:28:02.353758Z,KXBTC15M-26OCT042030-30,0.1800,107.86,no
2026-10-05T00:28:02.353758Z,KXBTC15M-26OCT042030-30,0.1700,119.79,no
2026-10-05T00:28:02.362132Z,KXBTC15M-26OCT042030-30,0.1900,50.00,yes
2026-10-05T00:28:02.374826Z,KXBTC15M-26OCT042030-30,0.1900,22.56,yes
2026-10-05T00:28:02.375037Z,KXBTC15M-26OCT042030-30,0.1800,0.01,no
2026-10-05T00:28:02.392578Z,KXBTC15M-26OCT042030-30,0.1900,50.00,yes
2026-10-05T00:28:02.400484Z,KXBTC15M-26OCT042030-30,0.1800,26.38,no
2026-10-05T00:28:02.401894Z,KXBTC15M-26OCT042030-30,0.1900,24.81,yes
2026-10-05T00:28:02.409821Z,KXBTC15M-26OCT042030-30,0.1800,2.58,no
2026-10-05T00:28:02.418857Z,KXBTC15M-26OCT042030-30,0.1900,0.01,yes
2026-10-05T00:28:02.444628Z,KXBTC15M-26OCT042030-30,0.1900,70.00,yes
2026-10-05T00:28:02.444628Z,KXBTC15M-26OCT042030-30,0.1900,0.01,yes
2026-10-05T00:28:02.444628Z,KXBTC15M-26OCT042030-30,0.1900,0.01,yes
2026-10-05T00:28:02.444628Z,KXBTC15M-26OCT042030-30,0.1900,97.00,yes
2026-10-05T00:28:02.444628Z,KXBTC15M-26OCT042030-30,0.1900,0.01,yes
2026-10-05T00:28:02.444628Z,KXBTC15M-26OCT042030-30,0.1900,40.00,yes
2026-10-05T00:28:02.444628Z,KXBTC15M-26OCT042030-30,0.1900,120.00,yes
2026-10-05T00:28:02.444628Z,KXBTC15M-26OCT042030-30,0.1900,5.00,yes
2026-10-05T00:28:02.463742Z,KXBTC15M-26OCT042030-30,0.1900,34.77,no
2026-10-05T00:28:02.482277Z,KXBTC15M-26OCT042030-30,0.1900,12.18,no
2026-10-05T00:28:02.482486Z,KXBTC15M-26OCT042030-30,0.1900,31.15,no
2026-10-05T00:28:02.494968Z,KXBTC15M-26OCT042030-30,0.1900,73.10,no
2026-10-05T00:28:02.500963Z,KXBTC15M-26OCT042030-30,0.2000,146.00,yes
2026-10-05T00:28:02.529871Z,KXBTC15M-26OCT042030-30,0.1900,29.75,no
2026-10-05T00:28:02.553702Z,KXBTC15M-26OCT042030-30,0.2000,200.00,yes
2026-10-05T00:28:02.560776Z,KXBTC15M-26OCT042030-30,0.2000,5.00,yes
2026-10-05T00:28:02.560776Z,KXBTC15M-26OCT042030-30,0.2000,0.01,yes
2026-10-05T00:28:02.560776Z,KXBTC15M-26OCT042030-30,0.2000,0.01,yes
2026-10-05T00:28:02.560776Z,KXBTC15M-26OCT042030-30,0.2000,25.00,yes
2026-10-05T00:28:02.560776Z,KXBTC15M-26OCT042030-30,0.2000,1.00,yes
2026-10-05T00:28:02.560776Z,KXBTC15M-26OCT042030-30,0.2000,5.00,yes
2026-10-05T00:28:02.560776Z,KXBTC15M-26OCT042030-30,0.2000,1.00,yes
2026-10-05T00:28:02.560776Z,KXBTC15M-26OCT042030-30,0.2000,154.00,yes
2026-10-05T00:28:02.560776Z,KXBTC15M-26OCT042030-30,0.2100,308.98,yes
2026-10-05T00:28:02.567252Z,KXBTC15M-26OCT042030-30,0.2000,20.00,yes
2026-10-05T00:28:02.5674Z,KXBTC15M-26OCT042030-30,0.1900,56.78,no
2026-10-05T00:28:02.5674Z,KXBTC15M-26OCT042030-30,0.1900,19.00,no
2026-10-05T00:28:02.5674Z,KXBTC15M-26OCT042030-30,0.1900,19.00,no
2026-10-05T00:28:02.569765Z,KXBTC15M-26OCT042030-30,0.2000,2.58,yes
2026-10-05T00:28:02.60076Z,KXBTC15M-26OCT042030-30,0.1900,30.10,no
2026-10-05T00:28:02.627033Z,KXBTC15M-26OCT042030-30,0.2000,27.38,yes
2026-10-05T00:28:02.636028Z,KXBTC15M-26OCT042030-30,0.2000,50.00,yes
2026-10-05T00:28:02.643065Z,KXBTC15M-26OCT042030-30,0.1900,8.52,no
2026-10-05T00:28:02.65737Z,KXBTC15M-26OCT042030-30,0.2000,294.06,yes
2026-10-05T00:28:02.700038Z,KXBTC15M-26OCT042030-30,0.2000,49.98,yes
2026-10-05T00:28:02.700038Z,KXBTC15M-26OCT042030-30,0.2000,0.01,yes
2026-10-05T00:28:02.700038Z,KXBTC15M-26OCT042030-30,0.2000,0.01,yes
2026-10-05T00:28:02.718663Z,KXBTC15M-26OCT042030-30,0.1900,0.16,no
2026-10-05T00:28:02.734374Z,KXBTC15M-26OCT042030-30,0.2000,0.01,yes
2026-10-05T00:28:02.734374Z,KXBTC15M-26OCT042030-30,0.2000,0.01,yes
2026-10-05T00:28:02.734374Z,KXBTC15M-26OCT042030-30,0.2000,10.00,yes
2026-10-05T00:28:02.734374Z,KXBTC15M-26OCT042030-30,0.2000,5.02,yes
2026-10-05T00:28:02.734374Z,KXBTC15M-26OCT042030-30,0.2000,15.00,yes
2026-10-05T00:28:02.735057Z,KXBTC15M-26OCT042030-30,0.2200,96.00,yes
2026-10-05T00:28:02.735975Z,KXBTC15M-26OCT042030-30,0.2200,50.00,yes
2026-10-05T00:28:02.759205Z,KXBTC15M-26OCT042030-30,0.2100,25.00,no
2026-10-05T00:28:02.764044Z,KXBTC15M-26OCT042030-30,0.2100,2.00,no
2026-10-05T00:28:02.770392Z,KXBTC15M-26OCT042030-30,0.2100,36.64,no
2026-10-05T00:28:02.776328Z,KXBTC15M-26OCT042030-30,0.2100,60.15,no
2026-10-05T00:28:02.780236Z,KXBTC15M-26OCT042030-30,0.2200,50.00,yes
2026-10-05T00:28:02.792831Z,KXBTC15M-26OCT042030-30,0.2100,122.07,no
2026-10-05T00:28:02.880582Z,KXBTC15M-26OCT042030-30,0.2100,0.01,no
2026-10-05T00:28:02.880582Z,KXBTC15M-26OCT042030-30,0.2100,0.01,no
2026-10-05T00:28:02.880582Z,KXBTC15M-26OCT042030-30,0.2100,0.98,no
2026-10-05T00:28:02.900572Z,KXBTC15M-26OCT042030-30,0.2100,0.01,no
2026-10-05T00:28:02.900572Z,KXBTC15M-26OCT042030-30,0.2100,0.01,no
2026-10-05T00:28:02.900572Z,KXBTC15M-26OCT042030-30,0.2100,6.03,no
2026-10-05T00:28:02.934343Z,KXBTC15M-26OCT042030-30,0.2100,0.01,no
2026-10-05T00:28:02.934343Z,KXBTC15M-26OCT042030-30,0.2100,5.00,no
2026-10-05T00:28:02.934343Z,KXBTC15M-26OCT042030-30,0.2100,0.01,no
2026-10-05T00:28:02.955726Z,KXBTC15M-26OCT042030-30,0.2100,1.00,no
2026-10-05T00:28:02.959369Z,KXBTC15M-26OCT042030-30,0.2100,12.00,no
2026-10-05T00:28:02.970075Z,KXBTC15M-26OCT042030-30,0.2100,20.36,no
2026-10-05T00:28:02.970075Z,KXBTC15M-26OCT042030-30,0.2100,4.00,no
2026-10-05T00:28:02.977913Z,KXBTC15M-26OCT042030-30,0.2100,48.00,no
2026-10-05T00:28:02.977913Z,KXBTC15M-26OCT042030-30,0.2000,35.74,no
2026-10-05T00:28:02.980997Z,KXBTC15M-26OCT042030-30,0.2200,147.28,yes
2026-10-05T00:28:03.045004Z,KXBTC15M-26OCT042030-30,0.2000,2.00,no
2026-10-05T00:28:03.049233Z,KXBTC15M-26OCT042030-30,0.2100,1.00,yes
2026-10-05T00:28:03.049233Z,KXBTC15M-26OCT042030-30,0.2100,88.27,yes
2026-10-05T00:28:03.07648Z,KXBTC15M-26OCT042030-30,0.2100,0.01,yes
2026-10-05T00:28:03.081862Z,KXBTC15M-26OCT042030-30,0.2100,21.55,yes
2026-10-05T00:28:03.098458Z,KXBTC15M-26OCT042030-30,0.1900,21.17,no
2026-10-05T00:28:03.098458Z,KXBTC15M-26OCT042030-30,0.2000,0.01,no
2026-10-05T00:28:03.098458Z,KXBTC15M-26OCT042030-30,0.2000,9.26,no
2026-10-05T00:28:03.098458Z,KXBTC15M-26OCT042030-30,0.2000,0.01,no
2026-10-05T00:28:03.147786Z,KXBTC15M-26OCT042030-30,0.2000,5.96,no
2026-10-05T00:28:03.147786Z,KXBTC15M-26OCT042030-30,0.2000,5.00,no
2026-10-05T00:28:03.149876Z,KXBTC15M-26OCT042030-30,0.2100,0.01,yes
2026-10-05T00:28:03.149876Z,KXBTC15M-26OCT042030-30,0.2100,0.01,yes
2026-10-05T00:28:03.149876Z,KXBTC15M-26OCT042030-30,0.2200,49.98,yes
2026-10-05T00:28:03.159026Z,KXBTC15M-26OCT042030-30,0.2200,7.00,yes
2026-10-05T00:28:03.169575Z,KXBTC15M-26OCT042030-30,0.2100,4.82,no
2026-10-05T00:28:03.184357Z,KXBTC15M-26OCT042030-30,0.2200,17.00,yes
2026-10-05T00:28:03.186034Z,KXBTC15M-26OCT042030-30,0.2100,31.18,no
2026-10-05T00:28:03.192857Z,KXBTC15M-26OCT042030-30,0.2100,193.41,no
2026-10-05T00:28:03.219494Z,KXBTC15M-26OCT042030-30,0.2100,11.22,no
2026-10-05T00:28:03.253033Z,KXBTC15M-26OCT042030-30,0.2100,67.87,no
2026-10-05T00:28:03.255952Z,KXBTC15M-26OCT042030-30,0.2100,7.31,no
2026-10-05T00:28:03.258062Z,KXBTC15M-26OCT042030-30,0.2100,7.46,no
2026-10-05T00:28:03.260402Z,KXBTC15M-26OCT042030-30,0.2200,0.04,yes
2026-10-05T00:28:03.290451Z,KXBTC15M-26OCT042030-30,0.2100,30.00,no
2026-10-05T00:28:03.300715Z,KXBTC15M-26OCT042030-30,0.2200,6.63,yes
2026-10-05T00:28:03.307159Z,KXBTC15M-26OCT042030-30,0.2200,12.00,yes
2026-10-05T00:28:03.320085Z,KXBTC15M-26OCT042030-30,0.2200,16.13,yes
2026-10-05T00:28:03.320085Z,KXBTC15M-26OCT042030-30,0.2200,6.00,yes
2026-10-05T00:28:03.320085Z,KXBTC15M-26OCT042030-30,0.2200,64.07,yes
2026-10-05T00:28:03.322679Z,KXBTC15M-26OCT042030-30,0.2100,220.00,no
2026-10-05T00:28:03.329995Z,KXBTC15M-26OCT042030-30,0.2200,23.90,yes
2026-10-05T00:28:03.33446Z,KXBTC15M-26OCT042030-30,0.2100,0.01,no
2026-10-05T00:28:03.33446Z,KXBTC15M-26OCT042030-30,0.2100,0.01,no
2026-10-05T00:28:03.33446Z,KXBTC15M-26OCT042030-30,0.2100,160.41,no
2026-10-05T00:28:03.33446Z,KXBTC15M-26OCT042030-30,0.2100,5.00,no
2026-10-05T00:28:03.33446Z,KXBTC15M-26OCT042030-30,0.2100,44.96,no
2026-10-05T00:28:03.33446Z,KXBTC15M-26OCT042030-30,0.2100,270.25,no
2026-10-05T00:28:03.389447Z,KXBTC15M-26OCT042030-30,0.1900,241.67,no
2026-10-05T00:28:03.394607Z,KXBTC15M-26OCT042030-30,0.2000,50.00,yes
2026-10-05T00:28:03.395094Z,KXBTC15M-26OCT042030-30,0.2000,21.55,yes
2026-10-05T00:28:03.402945Z,KXBTC15M-26OCT042030-30,0.2000,4.51,yes
2026-10-05T00:28:03.417041Z,KXBTC15M-26OCT042030-30,0.2000,0.01,yes
2026-10-05T00:28:03.422239Z,KXBTC15M-26OCT042030-30,0.2000,50.00,yes
2026-10-05T00:28:03.472563Z,KXBTC15M-26OCT042030-30,0.2000,2.15,yes
2026-10-05T00:28:03.474451Z,KXBTC15M-26OCT042030-30,0.1900,2.41,no
2026-10-05T00:28:03.482371Z,KXBTC15M-26OCT042030-30,0.2000,4.51,yes
2026-10-05T00:28:03.505982Z,KXBTC15M-26OCT042030-30,0.1900,13.66,no
2026-10-05T00:28:03.512725Z,KXBTC15M-26OCT042030-30,0.2000,2.00,yes
2026-10-05T00:28:03.523946Z,KXBTC15M-26OCT042030-30,0.2000,0.01,yes
2026-10-05T00:28:03.523946Z,KXBTC15M-26OCT042030-30,0.2000,0.01,yes
2026-10-05T00:28:03.523946Z,KXBTC15M-26OCT042030-30,0.2000,5.00,yes
2026-10-05T00:28:03.523946Z,KXBTC15M-26OCT042030-30,0.2100,44.98,yes
2026-10-05T00:28:03.528072Z,KXBTC15M-26OCT042030-30,0.2100,8.84,yes
2026-10-05T00:28:03.53728Z,KXBTC15M-26OCT042030-30,0.2100,39.17,yes
2026-10-05T00:28:03.53728Z,KXBTC15M-26OCT042030-30,0.2000,0.01,yes
2026-10-05T00:28:03.53728Z,KXBTC15M-26OCT042030-30,0.2000,0.01,yes
2026-10-05T00:28:03.53728Z,KXBTC15M-26OCT042030-30,0.2100,1.00,yes
2026-10-05T00:28:03.53728Z,KXBTC15M-26OCT042030-30,0.2000,5.00,yes
2026-10-05T00:28:03.53728Z,KXBTC15M-26OCT042030-30,0.2100,5.00,yes
2026-10-05T00:28:03.608608Z,KXBTC15M-26OCT042030-30,0.2100,50.00,yes
2026-10-05T00:28:03.635729Z,KXBTC15M-26OCT042030-30,0.2100,76.06,yes
2026-10-05T00:28:03.635729Z,KXBTC15M-26OCT042030-30,0.2100,0.01,yes
2026-10-05T00:28:03.635729Z,KXBTC15M-26OCT042030-30,0.2100,10.83,yes
2026-10-05T00:28:03.635729Z,KXBTC15M-26OCT042030-30,0.2100,0.01,yes
2026-10-05T00:28:03.654402Z,KXBTC15M-26OCT042030-30,0.2100,50.00,yes
2026-10-05T00:28:03.655809Z,KXBTC15M-26OCT042030-30,0.2000,97.79,no
2026-10-05T00:28:03.669082Z,KXBTC15M-26OCT042030-30,0.2000,50.00,no
2026-10-05T00:28:03.732754Z,KXBTC15M-26OCT042030-30,0.2000,60.22,no
2026-10-05T00:28:03.740302Z,KXBTC15M-26OCT042030-30,0.2100,0.01,yes
2026-10-05T00:28:03.740302Z,KXBTC15M-26OCT042030-30,0.2100,19.58,yes
2026-10-05T00:28:03.758767Z,KXBTC15M-26OCT042030-30,0.2000,123.61,no
2026-10-05T00:28:03.774533Z,KXBTC15M-26OCT042030-30,0.2000,18.38,no
2026-10-05T00:28:03.775123Z,KXBTC15M-26OCT042030-30,0.2100,50.00,yes
2026-10-05T00:28:03.778165Z,KXBTC15M-26OCT042030-30,0.2100,71.57,yes
2026-10-05T00:28:03.778165Z,KXBTC15M-26OCT042030-30,0.2100,0.01,yes
2026-10-05T00:28:03.778165Z,KXBTC15M-26OCT042030-30,0.2100,28.42,yes
2026-10-05T00:28:03.782728Z,KXBTC15M-26OCT042030-30,0.2000,12.61,no
2026-10-05T00:28:03.788975Z,KXBTC15M-26OCT042030-30,0.2000,18.19,no
2026-10-05T00:28:03.796573Z,KXBTC15M-26OCT042030-30,0.2100,43.10,yes
2026-10-05T00:28:03.811198Z,KXBTC15M-26OCT042030-30,0.2000,2.46,no
2026-10-05T00:28:03.819249Z,KXBTC15M-26OCT042030-30,0.2000,250.00,no
2026-10-05T00:28:03.830817Z,KXBTC15M-26OCT042030-30,0.2100,50.00,yes
2026-10-05T00:28:03.842773Z,KXBTC15M-26OCT042030-30,0.2000,51.16,no
2026-10-05T00:28:03.870265Z,KXBTC15M-26OCT042030-30,0.2100,4.31,yes
2026-10-05T00:28:03.870477Z,KXBTC15M-26OCT042030-30,0.2000,5.00,no
2026-10-05T00:28:03.870477Z,KXBTC15M-26OCT042030-30,0.2000,1.16,no
2026-10-05T00:28:03.870477Z,KXBTC15M-26OCT042030-30,0.2000,108.00,no
2026-10-05T00:28:03.870477Z,KXBTC15M-26OCT042030-30,0.2000,15.68,no
2026-10-05T00:28:03.870477Z,KXBTC15M-26OCT042030-30,0.2000,0.01,no
2026-10-05T00:28:03.870477Z,KXBTC15M-26OCT042030-30,0.2000,0.01,no
2026-10-05T00:28:03.870477Z,KXBTC15M-26OCT042030-30,0.2000,23.59,no
2026-10-05T00:28:03.88995Z,KXBTC15M-26OCT042030-30,0.1900,12.18,no
2026-10-05T00:28:03.920364Z,KXBTC15M-26OCT042030-30,0.1900,0.41,no
2026-10-05T00:28:03.939557Z,KXBTC15M-26OCT042030-30,0.2000,21.55,yes
2026-10-05T00:28:03.946542Z,KXBTC15M-26OCT042030-30,0.1900,0.01,no
2026-10-05T00:28:03.946542Z,KXBTC15M-26OCT042030-30,0.1900,136.31,no
2026-10-05T00:28:03.946542Z,KXBTC15M-26OCT042030-30,0.1900,0.01,no
2026-10-05T00:28:03.946542Z,KXBTC15M-26OCT042030-30,0.1900,12.31,no
2026-10-05T00:28:03.958568Z,KXBTC15M-26OCT042030-30,0.2000,348.30,yes
2026-10-05T00:28:03.968336Z,KXBTC15M-26OCT042030-30,0.2000,8.00,yes
2026-10-05T00:28:03.969151Z,KXBTC15M-26OCT042030-30,0.2000,11.00,yes
2026-10-05T00:28:03.970869Z,KXBTC15M-26OCT042030-30,0.2000,39.00,yes
2026-10-05T00:28:03.991182Z,KXBTC15M-26OCT042030-30,0.2000,23.00,yes
2026-10-05T00:28:03.996348Z,KXBTC15M-26OCT042030-30,0.1900,60.91,no
2026-10-05T00:28:04.008546Z,KXBTC15M-26OCT042030-30,0.2000,14.00,yes
2026-10-05T00:28:04.008749Z,KXBTC15M-26OCT042030-30,0.2000,97.94,yes
2026-10-05T00:28:04.013398Z,KXBTC15M-26OCT042030-30,0.2000,21.55,yes
2026-10-05T00:28:04.013819Z,KXBTC15M-26OCT042030-30,0.2000,25.00,yes
2026-10-05T00:28:04.021037Z,KXBTC15M-26OCT042030-30,0.2000,7.00,yes
2026-10-05T00:28:04.024542Z,KXBTC15M-26OCT042030-30,0.2000,32.00,yes
2026-10-05T00:28:04.027409Z,KXBTC15M-26OCT042030-30,0.2000,13.00,yes
2026-10-05T00:28:04.031727Z,KXBTC15M-26OCT042030-30,0.2000,16.00,yes
2026-10-05T00:28:04.050226Z,KXBTC15M-26OCT042030-30,0.2000,6.00,yes
2026-10-05T00:28:04.050874Z,KXBTC15M-26OCT042030-30,0.2000,13.00,yes
2026-10-05T00:28:04.078489Z,KXBTC15M-26OCT042030-30,0.1900,32.74,no
2026-10-05T00:28:04.125115Z,KXBTC15M-26OCT042030-30,0.2000,15.00,yes
2026-10-05T00:28:04.125115Z,KXBTC15M-26OCT042030-30,0.2000,76.00,yes
2026-10-05T00:28:04.125115Z,KXBTC15M-26OCT042030-30,0.2000,98.00,yes
2026-10-05T00:28:04.125115Z,KXBTC15M-26OCT042030-30,0.2000,45.52,yes
2026-10-05T00:28:04.159315Z,KXBTC15M-26OCT042030-30,0.2000,21.69,yes
2026-10-05T00:28:04.198879Z,KXBTC15M-26OCT042030-30,0.1900,1.20,no
2026-10-05T00:28:04.221977Z,KXBTC15M-26OCT042030-30,0.1900,60.91,no
2026-10-05T00:28:04.224605Z,KXBTC15M-26OCT042030-30,0.2000,4.51,yes
2026-10-05T00:28:04.226848Z,KXBTC15M-26OCT042030-30,0.1900,14.58,no
2026-10-05T00:28:04.247743Z,KXBTC15M-26OCT042030-30,0.1900,24.15,no
2026-10-05T00:28:04.271338Z,KXBTC15M-26OCT042030-30,0.1900,6.09,no
2026-10-05T00:28:04.284793Z,KXBTC15M-26OCT042030-30,0.2000,0.01,yes
2026-10-05T00:28:04.284793Z,KXBTC15M-26OCT042030-30,0.2000,0.01,yes
2026-10-05T00:28:04.284793Z,KXBTC15M-26OCT042030-30,0.2000,49.98,yes
2026-10-05T00:28:04.302991Z,KXBTC15M-26OCT042030-30,0.1900,0.96,no
2026-10-05T00:28:04.314062Z,KXBTC15M-26OCT042030-30,0.1900,321.93,no
2026-10-05T00:28:04.327314Z,KXBTC15M-26OCT042030-30,0.2000,9.46,yes
2026-10-05T00:28:04.332375Z,KXBTC15M-26OCT042030-30,0.1900,10.73,no
2026-10-05T00:28:04.341148Z,KXBTC15M-26OCT042030-30,0.2000,4.51,yes
2026-10-05T00:28:04.382385Z,KXBTC15M-26OCT042030-30,0.2000,50.00,yes
2026-10-05T00:28:04.386957Z,KXBTC15M-26OCT042030-30,0.1900,0.95,no
2026-10-05T00:28:04.421844Z,KXBTC15M-26OCT042030-30,0.1900,16.08,no
2026-10-05T00:28:04.424573Z,KXBTC15M-26OCT042030-30,0.1900,52.38,no
2026-10-05T00:28:04.449612Z,KXBTC15M-26OCT042030-30,0.2000,50.00,yes
2026-10-05T00:28:04.481515Z,KXBTC15M-26OCT042030-30,0.2000,0.01,yes
2026-10-05T00:28:04.481515Z,KXBTC15M-26OCT042030-30,0.2100,24.88,yes
2026-10-05T00:28:04.481515Z,KXBTC15M-26OCT042030-30,0.2000,6.06,yes
2026-10-05T00:28:04.481515Z,KXBTC15M-26OCT042030-30,0.2000,0.01,yes
2026-10-05T00:28:04.481515Z,KXBTC15M-26OCT042030-30,0.2000,336.05,yes
2026-10-05T00:28:04.481515Z,KXBTC15M-26OCT042030-30,0.2100,97.00,yes
2026-10-05T00:28:04.512445Z,KXBTC15M-26OCT042030-30,0.2100,1.15,yes
2026-10-05T00:28:04.532609Z,KXBTC15M-26OCT042030-30,0.2100,50.00,yes
2026-10-05T00:28:04.536306Z,KXBTC15M-26OCT042030-30,0.2100,0.01,yes
2026-10-05T00:28:04.536306Z,KXBTC15M-26OCT042030-30,0.2100,0.01,yes
2026-10-05T00:28:04.536306Z,KXBTC15M-26OCT042030-30,0.2100,3.97,yes
2026-10-05T00:28:04.536306Z,KXBTC15M-26OCT042030-30,0.2100,1.00,yes
2026-10-05T00:28:04.536306Z,KXBTC15M-26OCT042030-30,0.2100,0.01,yes
2026-10-05T00:28:04.549614Z,KXBTC15M-26OCT042030-30,0.2100,0.86,yes
2026-10-05T00:28:04.550536Z,KXBTC15M-26OCT042030-30,0.2000,14.57,no
2026-10-05T00:28:04.550536Z,KXBTC15M-26OCT042030-30,0.2000,0.01,no
2026-10-05T00:28:04.550536Z,KXBTC15M-26OCT042030-30,0.2000,0.01,no
2026-10-05T00:28:04.59355Z,KXBTC15M-26OCT042030-30,0.2100,5.00,yes
2026-10-05T00:28:04.59355Z,KXBTC15M-26OCT042030-30,0.2100,0.01,yes
2026-10-05T00:28:04.59355Z,KXBTC15M-26OCT042030-30,0.2100,0.01,yes
2026-10-05T00:28:04.594173Z,KXBTC15M-26OCT042030-30,0.2200,8.00,yes
2026-10-05T00:28:04.60605Z,KXBTC15M-26OCT042030-30,0.2200,0.01,yes
2026-10-05T00:28:04.60605Z,KXBTC15M-26OCT042030-30,0.2200,6.00,yes
2026-10-05T00:28:04.628128Z,KXBTC15M-26OCT042030-30,0.2100,5.00,no
2026-10-05T00:28:04.651566Z,KXBTC15M-26OCT042030-30,0.2200,5.02,yes
2026-10-05T00:28:04.672756Z,KXBTC15M-26OCT042030-30,0.2100,49.62,no
2026-10-05T00:28:04.678595Z,KXBTC15M-26OCT042030-30,0.2100,12.18,no
2026-10-05T00:28:04.699017Z,KXBTC15M-26OCT042030-30,0.2200,5.02,yes
2026-10-05T00:28:04.699017Z,KXBTC15M-26OCT042030-30,0.2200,0.01,yes
2026-10-05T00:28:04.699017Z,KXBTC15M-26OCT042030-30,0.2200,0.01,yes
2026-10-05T00:28:04.699017Z,KXBTC15M-26OCT042030-30,0.2200,0.98,yes
2026-10-05T00:28:04.699017Z,KXBTC15M-26OCT042030-30,0.2200,4.00,yes
2026-10-05T00:28:04.699017Z,KXBTC15M-26OCT042030-30,0.2300,5.00,yes
2026-10-05T00:28:04.700479Z,KXBTC15M-26OCT042030-30,0.2100,15.83,no
2026-10-05T00:28:04.702571Z,KXBTC15M-26OCT042030-30,0.2100,22.51,no
2026-10-05T00:28:04.703452Z,KXBTC15M-26OCT042030-30,0.2100,5.00,no
2026-10-05T00:28:04.710882Z,KXBTC15M-26OCT042030-30,0.2200,0.01,yes
2026-10-05T00:28:04.710882Z,KXBTC15M-26OCT042030-30,0.2300,44.77,yes
2026-10-05T00:28:04.713749Z,KXBTC15M-26OCT042030-30,0.2100,20.71,no
2026-10-05T00:28:04.718468Z,KXBTC15M-26OCT042030-30,0.2100,2.68,no
2026-10-05T00:28:04.747183Z,KXBTC15M-26OCT042030-30,0.2200,6.00,yes
2026-10-05T00:28:04.747183Z,KXBTC15M-26OCT042030-30,0.2200,0.01,yes
2026-10-05T00:28:04.747183Z,KXBTC15M-26OCT042030-30,0.2200,0.01,yes
2026-10-05T00:28:04.747183Z,KXBTC15M-26OCT042030-30,0.2300,16.54,yes
2026-10-05T00:28:04.759521Z,KXBTC15M-26OCT042030-30,0.2200,277.78,no
2026-10-05T00:28:04.77596Z,KXBTC15M-26OCT042030-30,0.2200,25.00,no
2026-10-05T00:28:04.776374Z,KXBTC15M-26OCT042030-30,0.2200,2.46,no
2026-10-05T00:28:04.781358Z,KXBTC15M-26OCT042030-30,0.2200,9.74,no
2026-10-05T00:28:04.792709Z,KXBTC15M-26OCT042030-30,0.2300,225.47,yes
2026-10-05T00:28:04.819495Z,KXBTC15M-26OCT042030-30,0.2300,14.18,yes
2026-10-05T00:28:04.860946Z,KXBTC15M-26OCT042030-30,0.2200,113.30,no
2026-10-05T00:28:04.862253Z,KXBTC15M-26OCT042030-30,0.2200,603.26,no
2026-10-05T00:28:04.909509Z,KXBTC15M-26OCT042030-30,0.2200,4.53,no
2026-10-05T00:28:04.911917Z,KXBTC15M-26OCT042030-30,0.2300,414.12,yes
2026-10-05T00:28:04.915869Z,KXBTC15M-26OCT042030-30,0.2300,0.99,yes
2026-10-05T00:28:04.917025Z,KXBTC15M-26OCT042030-30,0.2300,0.01,yes
2026-10-05T00:28:04.920364Z,KXBTC15M-26OCT042030-30,0.2300,21.11,yes
2026-10-05T00:28:04.934394Z,KXBTC15M-26OCT042030-30,0.2200,17.00,no
2026-10-05T00:28:04.934394Z,KXBTC15M-26OCT042030-30,0.2200,256.69,no
2026-10-05T00:28:04.934394Z,KXBTC15M-26OCT042030-30,0.2200,0.01,no
2026-10-05T00:28:04.934394Z,KXBTC15M-26OCT042030-30,0.2200,0.01,no
2026-10-05T00:28:04.934394Z,KXBTC15M-26OCT042030-30,0.2200,119.00,no
2026-10-05T00:28:04.934394Z,KXBTC15M-26OCT042030-30,0.2200,1.20,no
2026-10-05T00:28:04.934394Z,KXBTC15M-26OCT042030-30,0.2200,463.93,no
2026-10-05T00:28:04.934394Z,KXBTC15M-26OCT042030-30,0.2200,41.58,no
2026-10-05T00:28:04.934394Z,KXBTC15M-26OCT042030-30,0.2200,417.75,no
2026-10-05T00:28:04.934394Z,KXBTC15M-26OCT042030-30,0.2200,99.00,no
2026-10-05T00:28:04.934394Z,KXBTC15M-26OCT042030-30,0.2200,1.16,no
2026-10-05T00:28:04.934394Z,KXBTC15M-26OCT042030-30,0.2200,39.00,no
2026-10-05T00:28:04.942687Z,KXBTC15M-26OCT042030-30,0.2300,14.27,yes
2026-10-05T00:28:04.957203Z,KXBTC15M-26OCT042030-30,0.2100,25.79,no
2026-10-05T00:28:04.957203Z,KXBTC15M-26OCT042030-30,0.2200,0.01,no
2026-10-05T00:28:04.957203Z,KXBTC15M-26OCT042030-30,0.2200,0.01,no
2026-10-05T00:28:04.957203Z,KXBTC15M-26OCT042030-30,0.2200,5.00,no
2026-10-05T00:28:04.995283Z,KXBTC15M-26OCT042030-30,0.2200,2.52,no
2026-10-05T00:28:04.995283Z,KXBTC15M-26OCT042030-30,0.2200,0.01,no
2026-10-05T00:28:05.000298Z,KXBTC15M-26OCT042030-30,0.2200,22.18,no
2026-10-05T00:28:05.002875Z,KXBTC15M-26OCT042030-30,0.2100,64.94,no
2026-10-05T00:28:05.002875Z,KXBTC15M-26OCT042030-30,0.2200,26.30,no
2026-10-05T00:28:05.002875Z,KXBTC15M-26OCT042030-30,0.2200,1.19,no
2026-10-05T00:28:05.002875Z,KXBTC15M-26OCT042030-30,0.2200,0.01,no
2026-10-05T00:28:05.002875Z,KXBTC15M-26OCT042030-30,0.2200,0.01,no
2026-10-05T00:28:05.006252Z,KXBTC15M-26OCT042030-30,0.2100,5.00,no
2026-10-05T00:28:05.049521Z,KXBTC15M-26OCT042030-30,0.2100,3.62,no
2026-10-05T00:28:05.049521Z,KXBTC15M-26OCT042030-30,0.2200,0.01,no
2026-10-05T00:28:05.049521Z,KXBTC15M-26OCT042030-30,0.2200,0.01,no
2026-10-05T00:28:05.049521Z,KXBTC15M-26OCT042030-30,0.2200,0.01,no
2026-10-05T00:28:05.08691Z,KXBTC15M-26OCT042030-30,0.2100,6.00,no
2026-10-05T00:28:05.098597Z,KXBTC15M-26OCT042030-30,0.2100,67.80,no
2026-10-05T00:28:05.099012Z,KXBTC15M-26OCT042030-30,0.2100,0.01,no
2026-10-05T00:28:05.099012Z,KXBTC15M-26OCT042030-30,0.2100,193.32,no
2026-10-05T00:28:05.099012Z,KXBTC15M-26OCT042030-30,0.2100,30.46,no
2026-10-05T00:28:05.099012Z,KXBTC15M-26OCT042030-30,0.2100,334.20,no
2026-10-05T00:28:05.099012Z,KXBTC15M-26OCT042030-30,0.2100,46.00,no
2026-10-05T00:28:05.099012Z,KXBTC15M-26OCT042030-30,0.2100,0.01,no
2026-10-05T00:28:05.131892Z,KXBTC15M-26OCT042030-30,0.2200,12.45,yes
2026-10-05T00:28:05.154868Z,KXBTC15M-26OCT042030-30,0.2200,6.00,yes
2026-10-05T00:28:05.154868Z,KXBTC15M-26OCT042030-30,0.2200,0.01,yes
2026-10-05T00:28:05.154868Z,KXBTC15M-26OCT042030-30,0.2200,43.98,yes
2026-10-05T00:28:05.154868Z,KXBTC15M-26OCT042030-30,0.2200,0.01,yes
2026-10-05T00:28:05.162579Z,KXBTC15M-26OCT042030-30,0.2100,183.00,no
2026-10-05T00:28:05.18498Z,KXBTC15M-26OCT042030-30,0.2100,124.74,no
2026-10-05T00:28:05.211194Z,KXBTC15M-26OCT042030-30,0.2200,4.31,yes
2026-10-05T00:28:05.215322Z,KXBTC15M-26OCT042030-30,0.2100,2.09,no
2026-10-05T00:28:05.215838Z,KXBTC15M-26OCT042030-30,0.2200,10.00,yes
2026-10-05T00:28:05.221491Z,KXBTC15M-26OCT042030-30,0.2200,10.49,yes
2026-10-05T00:28:05.230055Z,KXBTC15M-26OCT042030-30,0.2200,0.01,yes
2026-10-05T00:28:05.230055Z,KXBTC15M-26OCT042030-30,0.2200,6.00,yes
2026-10-05T00:28:05.230055Z,KXBTC15M-26OCT042030-30,0.2200,29.22,yes
2026-10-05T00:28:05.230055Z,KXBTC15M-26OCT042030-30,0.2200,14.76,yes
2026-10-05T00:28:05.230055Z,KXBTC15M-26OCT042030-30,0.2200,0.01,yes
2026-10-05T00:28:05.239802Z,KXBTC15M-26OCT042030-30,0.2100,54.67,no
2026-10-05T00:28:05.264543Z,KXBTC15M-26OCT042030-30,0.2200,7.93,yes
2026-10-05T00:28:05.264543Z,KXBTC15M-26OCT042030-30,0.2200,5.00,yes
2026-10-05T00:28:05.271141Z,KXBTC15M-26OCT042030-30,0.2100,70.00,no
2026-10-05T00:28:05.279458Z,KXBTC15M-26OCT042030-30,0.2100,12.32,no
2026-10-05T00:28:05.280676Z,KXBTC15M-26OCT042030-30,0.2200,50.00,yes
2026-10-05T00:28:05.288644Z,KXBTC15M-26OCT042030-30,0.2100,18.49,no
2026-10-05T00:28:05.291104Z,KXBTC15M-26OCT042030-30,0.2000,6.00,no
2026-10-05T00:28:05.291104Z,KXBTC15M-26OCT042030-30,0.1900,1168.79,no
2026-10-05T00:28:05.291104Z,KXBTC15M-26OCT042030-30,0.2000,500.00,no
2026-10-05T00:28:05.291104Z,KXBTC15M-26OCT042030-30,0.2000,97.00,no
2026-10-05T00:28:05.291104Z,KXBTC15M-26OCT042030-30,0.1900,98.00,no
2026-10-05T00:28:05.291104Z,KXBTC15M-26OCT042030-30,0.1900,500.00,no
2026-10-05T00:28:05.291104Z,KXBTC15M-26OCT042030-30,0.2100,500.00,no
2026-10-05T00:28:05.291104Z,KXBTC15M-26OCT042030-30,0.2000,88.07,no
2026-10-05T00:28:05.291104Z,KXBTC15M-26OCT042030-30,0.2100,51.00,no
2026-10-05T00:28:05.291104Z,KXBTC15M-26OCT042030-30,0.2100,267.36,no
2026-10-05T00:28:05.291104Z,KXBTC15M-26OCT042030-30,0.2100,177.74,no
2026-10-05T00:28:05.291104Z,KXBTC15M-26OCT042030-30,0.2000,267.36,no
2026-10-05T00:28:05.291104Z,KXBTC15M-26OCT042030-30,0.2000,79.00,no
2026-10-05T00:28:05.291104Z,KXBTC15M-26OCT042030-30,0.2100,1.15,no
2026-10-05T00:28:05.291104Z,KXBTC15M-26OCT042030-30,0.2100,43.00,no
2026-10-05T00:28:05.291104Z,KXBTC15M-26OCT042030-30,0.2100,0.01,no
2026-10-05T00:28:05.291104Z,KXBTC15M-26OCT042030-30,0.2100,1034.69,no
2026-10-05T00:28:05.291104Z,KXBTC15M-26OCT042030-30,0.2100,0.01,no
2026-10-05T00:28:05.298873Z,KXBTC15M-26OCT042030-30,0.2200,0.01,yes
2026-10-05T00:28:05.298873Z,KXBTC15M-26OCT042030-30,0.2200,3.00,yes
2026-10-05T00:28:05.298873Z,KXBTC15M-26OCT042030-30,0.2200,2.00,yes
2026-10-05T00:28:05.298873Z,KXBTC15M-26OCT042030-30,0.2200,98.98,yes
2026-10-05T00:28:05.298873Z,KXBTC15M-26OCT042030-30,0.2200,0.01,yes
2026-10-05T00:28:05.298873Z,KXBTC15M-26OCT042030-30,0.2200,6.00,yes
2026-10-05T00:28:05.307249Z,KXBTC15M-26OCT042030-30,0.2100,0.82,no
2026-10-05T00:28:05.324995Z,KXBTC15M-26OCT042030-30,0.2100,6.23,no
2026-10-05T00:28:05.358693Z,KXBTC15M-26OCT042030-30,0.2200,169.14,yes
2026-10-05T00:28:05.360483Z,KXBTC15M-26OCT042030-30,0.2100,91.95,no
2026-10-05T00:28:05.360483Z,KXBTC15M-26OCT042030-30,0.2100,19.05,no
2026-10-05T00:28:05.360483Z,KXBTC15M-26OCT042030-30,0.2100,0.01,no
2026-10-05T00:28:05.360483Z,KXBTC15M-26OCT042030-30,0.2100,1.15,no
2026-10-05T00:28:05.360483Z,KXBTC15M-26OCT042030-30,0.2100,0.01,no
2026-10-05T00:28:05.372247Z,KXBTC15M-26OCT042030-30,0.2200,15.07,yes
2026-10-05T00:28:05.377473Z,KXBTC15M-26OCT042030-30,0.2100,10.00,no
2026-10-05T00:28:05.391588Z,KXBTC15M-26OCT042030-30,0.2000,200.00,no
2026-10-05T00:28:05.391588Z,KXBTC15M-26OCT042030-30,0.2000,5.00,no
2026-10-05T00:28:05.391588Z,KXBTC15M-26OCT042030-30,0.2100,100.00,no
2026-10-05T00:28:05.391588Z,KXBTC15M-26OCT042030-30,0.2100,5.00,no
2026-10-05T00:28:05.391588Z,KXBTC15M-26OCT042030-30,0.2100,5.00,no
2026-10-05T00:28:05.391588Z,KXBTC15M-26OCT042030-30,0.2100,120.95,no
2026-10-05T00:28:05.391588Z,KXBTC15M-26OCT042030-30,0.2100,0.01,no
2026-10-05T00:28:05.391588Z,KXBTC15M-26OCT042030-30,0.2000,100.00,no
2026-10-05T00:28:05.391588Z,KXBTC15M-26OCT042030-30,0.2100,0.01,no
2026-10-05T00:28:05.391588Z,KXBTC15M-26OCT042030-30,0.2000,5.00,no
2026-10-05T00:28:05.396995Z,KXBTC15M-26OCT042030-30,0.1900,1.23,no
2026-10-05T00:28:05.397821Z,KXBTC15M-26OCT042030-30,0.2100,30.55,no
2026-10-05T00:28:05.422117Z,KXBTC15M-26OCT042030-30,0.2200,7.19,yes
2026-10-05T00:28:05.422684Z,KXBTC15M-26OCT042030-30,0.2200,41.25,yes
2026-10-05T00:28:05.442952Z,KXBTC15M-26OCT042030-30,0.2200,4.31,yes
2026-10-05T00:28:05.464306Z,KXBTC15M-26OCT042030-30,0.2100,1.14,no
2026-10-05T00:28:05.464306Z,KXBTC15M-26OCT042030-30,0.2100,0.01,no
2026-10-05T00:28:05.464306Z,KXBTC15M-26OCT042030-30,0.2100,22.84,no
2026-10-05T00:28:05.464306Z,KXBTC15M-26OCT042030-30,0.2100,0.01,no
2026-10-05T00:28:05.4977Z,KXBTC15M-26OCT042030-30,0.2100,28.16,no
2026-10-05T00:28:05.4977Z,KXBTC15M-26OCT042030-30,0.2000,69.83,no
2026-10-05T00:28:05.4977Z,KXBTC15M-26OCT042030-30,0.2100,0.01,no
2026-10-05T00:28:05.539008Z,KXBTC15M-26OCT042030-30,0.2200,3.01,yes
2026-10-05T00:28:05.572271Z,KXBTC15M-26OCT042030-30,0.2200,46.00,yes
2026-10-05T00:28:05.573141Z,KXBTC15M-26OCT042030-30,0.2200,25.00,yes
2026-10-05T00:28:05.595942Z,KXBTC15M-26OCT042030-30,0.2100,3.73,no
2026-10-05T00:28:05.595942Z,KXBTC15M-26OCT042030-30,0.2100,0.01,no
2026-10-05T00:28:05.60171Z,KXBTC15M-26OCT042030-30,0.2200,25.00,yes
2026-10-05T00:28:05.616461Z,KXBTC15M-26OCT042030-30,0.2100,1.27,no
2026-10-05T00:28:05.616461Z,KXBTC15M-26OCT042030-30,0.2000,3.49,no
2026-10-05T00:28:05.616461Z,KXBTC15M-26OCT042030-30,0.2000,5.00,no
2026-10-05T00:28:05.616461Z,KXBTC15M-26OCT042030-30,0.2100,0.01,no
2026-10-05T00:28:05.626379Z,KXBTC15M-26OCT042030-30,0.2100,1.65,yes
2026-10-05T00:28:05.648659Z,KXBTC15M-26OCT042030-30,0.2000,30.55,no
2026-10-05T00:28:05.656867Z,KXBTC15M-26OCT042030-30,0.2100,52.00,yes
2026-10-05T00:28:05.674254Z,KXBTC15M-26OCT042030-30,0.2200,348.24,yes
2026-10-05T00:28:05.674254Z,KXBTC15M-26OCT042030-30,0.2200,98.00,yes
2026-10-05T00:28:05.674254Z,KXBTC15M-26OCT042030-30,0.2200,0.01,yes
2026-10-05T00:28:05.674254Z,KXBTC15M-26OCT042030-30,0.2100,3.46,yes
2026-10-05T00:28:05.674254Z,KXBTC15M-26OCT042030-30,0.2200,93.75,yes
2026-10-05T00:28:05.674254Z,KXBTC15M-26OCT042030-30,0.2100,500.00,yes
2026-10-05T00:28:05.674254Z,KXBTC15M-26OCT042030-30,0.2200,800.00,yes
2026-10-05T00:28:05.674254Z,KXBTC15M-26OCT042030-30,0.2100,0.01,yes
2026-10-05T00:28:05.674254Z,KXBTC15M-26OCT042030-30,0.2200,6.00,yes
2026-10-05T00:28:05.674254Z,KXBTC15M-26OCT042030-30,0.2100,0.01,yes
2026-10-05T00:28:05.674254Z,KXBTC15M-26OCT042030-30,0.2200,93.75,yes
2026-10-05T00:28:05.674254Z,KXBTC15M-26OCT042030-30,0.2200,15.00,yes
2026-10-05T00:28:05.674254Z,KXBTC15M-26OCT042030-30,0.2100,1446.35,yes
2026-10-05T00:28:05.674254Z,KXBTC15M-26OCT042030-30,0.2200,0.01,yes
2026-10-05T00:28:05.689541Z,KXBTC15M-26OCT042030-30,0.2300,12.37,yes
2026-10-05T00:28:05.730416Z,KXBTC15M-26OCT042030-30,0.2200,17.00,no
2026-10-05T00:28:05.733913Z,KXBTC15M-26OCT042030-30,0.2200,566.47,no
2026-10-05T00:28:05.734324Z,KXBTC15M-26OCT042030-30,0.2200,46.27,no
2026-10-05T00:28:05.734791Z,KXBTC15M-26OCT042030-30,0.2200,10.00,no
2026-10-05T00:28:05.734791Z,KXBTC15M-26OCT042030-30,0.2200,1520.67,no
2026-10-05T00:28:05.734791Z,KXBTC15M-26OCT042030-30,0.2200,0.01,no
2026-10-05T00:28:05.734791Z,KXBTC15M-26OCT042030-30,0.2200,0.01,no
2026-10-05T00:28:05.743164Z,KXBTC15M-26OCT042030-30,0.2200,50.00,yes
2026-10-05T00:28:05.749831Z,KXBTC15M-26OCT042030-30,0.2100,5.00,no
2026-10-05T00:28:05.775262Z,KXBTC15M-26OCT042030-30,0.2100,50.00,yes
2026-10-05T00:28:05.777962Z,KXBTC15M-26OCT042030-30,0.2000,6.49,no
2026-10-05T00:28:05.790042Z,KXBTC15M-26OCT042030-30,0.2000,15.00,no
2026-10-05T00:28:05.799757Z,KXBTC15M-26OCT042030-30,0.2100,413.00,yes
2026-10-05T00:28:05.813408Z,KXBTC15M-26OCT042030-30,0.2100,3.00,yes
2026-10-05T00:28:05.834895Z,KXBTC15M-26OCT042030-30,0.2000,6.14,no
2026-10-05T00:28:05.835105Z,KXBTC15M-26OCT042030-30,0.2000,111.56,no
2026-10-05T00:28:05.835105Z,KXBTC15M-26OCT042030-30,0.2000,0.01,no
2026-10-05T00:28:05.835105Z,KXBTC15M-26OCT042030-30,0.2000,11.37,no
2026-10-05T00:28:05.835105Z,KXBTC15M-26OCT042030-30,0.2000,0.01,no
2026-10-05T00:28:05.840931Z,KXBTC15M-26OCT042030-30,0.2000,1.04,no
2026-10-05T00:28:05.845435Z,KXBTC15M-26OCT042030-30,0.2100,43.10,yes
2026-10-05T00:28:05.877835Z,KXBTC15M-26OCT042030-30,0.2100,2.65,yes
2026-10-05T00:28:05.878444Z,KXBTC15M-26OCT042030-30,0.2000,5.92,no
2026-10-05T00:28:05.878444Z,KXBTC15M-26OCT042030-30,0.2000,1.41,no
2026-10-05T00:28:05.884714Z,KXBTC15M-26OCT042030-30,0.2000,93.81,no
2026-10-05T00:28:05.921331Z,KXBTC15M-26OCT042030-30,0.2100,2.65,yes
2026-10-05T00:28:05.934824Z,KXBTC15M-26OCT042030-30,0.1900,18.02,no
2026-10-05T00:28:05.934824Z,KXBTC15M-26OCT042030-30,0.2000,1.14,no
2026-10-05T00:28:05.934824Z,KXBTC15M-26OCT042030-30,0.2000,5.00,no
2026-10-05T00:28:05.964158Z,KXBTC15M-26OCT042030-30,0.2000,0.64,no
2026-10-05T00:28:05.977949Z,KXBTC15M-26OCT042030-30,0.2100,21.55,yes
2026-10-05T00:28:05.991786Z,KXBTC15M-26OCT042030-30,0.2100,11.28,yes
2026-10-05T00:28:06.010404Z,KXBTC15M-26OCT042030-30,0.2100,41.71,yes
2026-10-05T00:28:06.044908Z,KXBTC15M-26OCT042030-30,0.2100,1.23,yes
2026-10-05T00:28:06.049356Z,KXBTC15M-26OCT042030-30,0.2100,0.50,yes
2026-10-05T00:28:06.05931Z,KXBTC15M-26OCT042030-30,0.2100,59.00,yes
2026-10-05T00:28:06.062911Z,KXBTC15M-26OCT042030-30,0.2000,45.92,no
2026-10-05T00:28:06.068404Z,KXBTC15M-26OCT042030-30,0.2100,44.39,yes
2026-10-05T00:28:06.113672Z,KXBTC15M-26OCT042030-30,0.2000,18.33,no
2026-10-05T00:28:06.118277Z,KXBTC15M-26OCT042030-30,0.2000,25.53,no
2026-10-05T00:28:06.189971Z,KXBTC15M-26OCT042030-30,0.2100,12.00,yes
2026-10-05T00:28:06.256665Z,KXBTC15M-26OCT042030-30,0.2000,0.12,no
2026-10-05T00:28:06.259123Z,KXBTC15M-26OCT042030-30,0.2000,59.89,no
2026-10-05T00:28:06.262109Z,KXBTC15M-26OCT042030-30,0.2000,12.61,no
2026-10-05T00:28:06.285715Z,KXBTC15M-26OCT042030-30,0.2100,208.80,yes
2026-10-05T00:28:06.291721Z,KXBTC15M-26OCT042030-30,0.2000,24.44,no
2026-10-05T00:28:06.327936Z,KXBTC15M-26OCT042030-30,0.2000,0.12,no
2026-10-05T00:28:06.334419Z,KXBTC15M-26OCT042030-30,0.2100,13.53,yes
2026-10-05T00:28:06.408583Z,KXBTC15M-26OCT042030-30,0.2000,136.57,no
2026-10-05T00:28:06.41353Z,KXBTC15M-26OCT042030-30,0.2100,0.81,yes
2026-10-05T00:28:06.424215Z,KXBTC15M-26OCT042030-30,0.2000,6.08,no
2026-10-05T00:28:06.449027Z,KXBTC15M-26OCT042030-30,0.2100,45.12,yes
2026-10-05T00:28:06.460184Z,KXBTC15M-26OCT042030-30,0.2100,9.02,yes
2026-10-05T00:28:06.469595Z,KXBTC15M-26OCT042030-30,0.2100,0.01,yes
2026-10-05T00:28:06.469595Z,KXBTC15M-26OCT042030-30,0.2100,0.01,yes
2026-10-05T00:28:06.469595Z,KXBTC15M-26OCT042030-30,0.2100,11.66,yes
2026-10-05T00:28:06.469595Z,KXBTC15M-26OCT042030-30,0.2100,2.32,yes
2026-10-05T00:28:06.555961Z,KXBTC15M-26OCT042030-30,0.2000,200.00,no
2026-10-05T00:28:06.564979Z,KXBTC15M-26OCT042030-30,0.2000,61.63,no
2026-10-05T00:28:06.591527Z,KXBTC15M-26OCT042030-30,0.2100,2.25,yes
2026-10-05T00:28:06.597455Z,KXBTC15M-26OCT042030-30,0.2100,11.85,yes
2026-10-05T00:28:06.650325Z,KXBTC15M-26OCT042030-30,0.2000,57.93,no
2026-10-05T00:28:06.661219Z,KXBTC15M-26OCT042030-30,0.2100,82.58,yes
2026-10-05T00:28:06.661219Z,KXBTC15M-26OCT042030-30,0.2100,0.01,yes
2026-10-05T00:28:06.661219Z,KXBTC15M-26OCT042030-30,0.2100,0.01,yes
2026-10-05T00:28:06.661219Z,KXBTC15M-26OCT042030-30,0.2100,45.48,yes
2026-10-05T00:28:06.662911Z,KXBTC15M-26OCT042030-30,0.2000,15.26,no
2026-10-05T00:28:06.666747Z,KXBTC15M-26OCT042030-30,0.2100,2.70,yes
2026-10-05T00:28:06.672933Z,KXBTC15M-26OCT042030-30,0.2000,41.91,no
2026-10-05T00:28:06.679493Z,KXBTC15M-26OCT042030-30,0.2100,0.01,yes
2026-10-05T00:28:06.679493Z,KXBTC15M-26OCT042030-30,0.2100,0.01,yes
2026-10-05T00:28:06.688373Z,KXBTC15M-26OCT042030-30,0.2200,5.00,yes
2026-10-05T00:28:06.697818Z,KXBTC15M-26OCT042030-30,0.2100,1.00,no
2026-10-05T00:28:06.739598Z,KXBTC15M-26OCT042030-30,0.2200,495.00,yes
2026-10-05T00:28:06.739598Z,KXBTC15M-26OCT042030-30,0.2200,30.00,yes
2026-10-05T00:28:06.739598Z,KXBTC15M-26OCT042030-30,0.2200,97.00,yes
2026-10-05T00:28:06.739598Z,KXBTC15M-26OCT042030-30,0.2200,6.00,yes
2026-10-05T00:28:06.739598Z,KXBTC15M-26OCT042030-30,0.2200,0.01,yes
2026-10-05T00:28:06.739598Z,KXBTC15M-26OCT042030-30,0.2200,0.01,yes
2026-10-05T00:28:06.739598Z,KXBTC15M-26OCT042030-30,0.2300,3494.81,yes
2026-10-05T00:28:06.755625Z,KXBTC15M-26OCT042030-30,0.2200,2.95,yes
2026-10-05T00:28:06.759536Z,KXBTC15M-26OCT042030-30,0.2200,35.62,yes
2026-10-05T00:28:06.76185Z,KXBTC15M-26OCT042030-30,0.2100,14.00,no
2026-10-05T00:28:06.76482Z,KXBTC15M-26OCT042030-30,0.2200,0.01,yes
2026-10-05T00:28:06.790981Z,KXBTC15M-26OCT042030-30,0.2200,140.91,yes
2026-10-05T00:28:06.837812Z,KXBTC15M-26OCT042030-30,0.2100,25.88,no
2026-10-05T00:28:06.868146Z,KXBTC15M-26OCT042030-30,0.2100,17.75,no
2026-10-05T00:28:06.875625Z,KXBTC15M-26OCT042030-30,0.2100,315.21,no
2026-10-05T00:28:06.875625Z,KXBTC15M-26OCT042030-30,0.2100,741.37,no
2026-10-05T00:28:06.875625Z,KXBTC15M-26OCT042030-30,0.2100,51.00,no
2026-10-05T00:28:06.907386Z,KXBTC15M-26OCT042030-30,0.2200,16.14,yes
2026-10-05T00:28:06.917913Z,KXBTC15M-26OCT042030-30,0.2100,61.63,no
2026-10-05T00:28:06.929366Z,KXBTC15M-26OCT042030-30,0.2200,50.00,yes
2026-10-05T00:28:06.953733Z,KXBTC15M-26OCT042030-30,0.2200,1.48,yes
2026-10-05T00:28:06.957357Z,KXBTC15M-26OCT042030-30,0.2200,0.31,yes
2026-10-05T00:28:06.965892Z,KXBTC15M-26OCT042030-30,0.2200,33.49,yes
2026-10-05T00:28:06.975915Z,KXBTC15M-26OCT042030-30,0.2100,24.94,no
2026-10-05T00:28:06.989674Z,KXBTC15M-26OCT042030-30,0.2200,13.12,yes
2026-10-05T00:28:06.993614Z,KXBTC15M-26OCT042030-30,0.2200,71.03,yes
2026-10-05T00:28:07.018342Z,KXBTC15M-26OCT042030-30,0.2200,2.64,yes
2026-10-05T00:28:07.038022Z,KXBTC15M-26OCT042030-30,0.2100,98.22,no
2026-10-05T00:28:07.038022Z,KXBTC15M-26OCT042030-30,0.2100,82.99,no
2026-10-05T00:28:07.045462Z,KXBTC15M-26OCT042030-30,0.2200,170.00,yes
2026-10-05T00:28:07.054626Z,KXBTC15M-26OCT042030-30,0.2200,32.85,yes
2026-10-05T00:28:07.074036Z,KXBTC15M-26OCT042030-30,0.2100,243.00,no
2026-10-05T00:28:07.077194Z,KXBTC15M-26OCT042030-30,0.2100,4.07,no
2026-10-05T00:28:07.077194Z,KXBTC15M-26OCT042030-30,0.2100,167.86,no
2026-10-05T00:28:07.077194Z,KXBTC15M-26OCT042030-30,0.2100,5.00,no
2026-10-05T00:28:07.077194Z,KXBTC15M-26OCT042030-30,0.2100,0.01,no
2026-10-05T00:28:07.077194Z,KXBTC15M-26OCT042030-30,0.2100,0.01,no
2026-10-05T00:28:07.084396Z,KXBTC15M-26OCT042030-30,0.2100,4.14,yes
2026-10-05T00:28:07.098778Z,KXBTC15M-26OCT042030-30,0.2100,40.53,yes
2026-10-05T00:28:07.112257Z,KXBTC15M-26OCT042030-30,0.2100,22.56,yes
2026-10-05T00:28:07.128043Z,KXBTC15M-26OCT042030-30,0.2100,42.55,yes
2026-10-05T00:28:07.139955Z,KXBTC15M-26OCT042030-30,0.2100,7.87,yes
2026-10-05T00:28:07.146101Z,KXBTC15M-26OCT042030-30,0.2000,0.01,no
2026-10-05T00:28:07.146101Z,KXBTC15M-26OCT042030-30,0.2000,24.63,no
2026-10-05T00:28:07.146101Z,KXBTC15M-26OCT042030-30,0.2000,0.01,no
2026-10-05T00:28:07.153074Z,KXBTC15M-26OCT042030-30,0.2000,6.16,no
2026-10-05T00:28:07.160294Z,KXBTC15M-26OCT042030-30,0.2000,0.01,no
2026-10-05T00:28:07.160294Z,KXBTC15M-26OCT042030-30,0.2000,0.01,no
2026-10-05T00:28:07.17364Z,KXBTC15M-26OCT042030-30,0.2100,21.55,yes
2026-10-05T00:28:07.177229Z,KXBTC15M-26OCT042030-30,0.2100,242.70,yes
2026-10-05T00:28:07.189266Z,KXBTC15M-26OCT042030-30,0.2100,1.96,yes
2026-10-05T00:28:07.197537Z,KXBTC15M-26OCT042030-30,0.2000,2.42,no
2026-10-05T00:28:07.197537Z,KXBTC15M-26OCT042030-30,0.2000,0.01,no
2026-10-05T00:28:07.197537Z,KXBTC15M-26OCT042030-30,0.2000,0.01,no
2026-10-05T00:28:07.223444Z,KXBTC15M-26OCT042030-30,0.2000,48.58,no
2026-10-05T00:28:07.254906Z,KXBTC15M-26OCT042030-30,0.1900,251.72,no
2026-10-05T00:28:07.279288Z,KXBTC15M-26OCT042030-30,0.2000,13.36,yes
2026-10-05T00:28:07.284326Z,KXBTC15M-26OCT042030-30,0.2000,2.91,yes
2026-10-05T00:28:07.294549Z,KXBTC15M-26OCT042030-30,0.1900,10.51,no
2026-10-05T00:28:07.294549Z,KXBTC15M-26OCT042030-30,0.1900,19.59,no
2026-10-05T00:28:07.295151Z,KXBTC15M-26OCT042030-30,0.1900,60.39,no
2026-10-05T00:28:07.302421Z,KXBTC15M-26OCT042030-30,0.2000,43.10,yes
2026-10-05T00:28:07.309974Z,KXBTC15M-26OCT042030-30,0.2000,4.00,yes
2026-10-05T00:28:07.316734Z,KXBTC15M-26OCT042030-30,0.2000,129.30,yes
2026-10-05T00:28:07.319768Z,KXBTC15M-26OCT042030-30,0.2000,1.00,yes
2026-10-05T00:28:07.343244Z,KXBTC15M-26OCT042030-30,0.1900,36.92,no
2026-10-05T00:28:07.364933Z,KXBTC15M-26OCT042030-30,0.2000,277.75,yes
2026-10-05T00:28:07.364933Z,KXBTC15M-26OCT042030-30,0.2000,176.75,yes
2026-10-05T00:28:07.369923Z,KXBTC15M-26OCT042030-30,0.2000,50.00,yes
2026-10-05T00:28:07.383071Z,KXBTC15M-26OCT042030-30,0.2000,20.41,yes
2026-10-05T00:28:07.413611Z,KXBTC15M-26OCT042030-30,0.2000,60.98,yes
2026-10-05T00:28:07.413611Z,KXBTC15M-26OCT042030-30,0.2000,0.01,yes
2026-10-05T00:28:07.413611Z,KXBTC15M-26OCT042030-30,0.2000,0.01,yes
2026-10-05T00:28:07.429315Z,KXBTC15M-26OCT042030-30,0.2000,37.02,yes
2026-10-05T00:28:07.429315Z,KXBTC15M-26OCT042030-30,0.2000,5.98,yes
2026-10-05T00:28:07.497067Z,KXBTC15M-26OCT042030-30,0.2000,21.55,yes
2026-10-05T00:28:07.505483Z,KXBTC15M-26OCT042030-30,0.1900,1306.83,no
2026-10-05T00:28:07.507123Z,KXBTC15M-26OCT042030-30,0.2000,2.15,yes
2026-10-05T00:28:07.521659Z,KXBTC15M-26OCT042030-30,0.1900,1.18,no
2026-10-05T00:28:07.537388Z,KXBTC15M-26OCT042030-30,0.2000,0.01,yes
2026-10-05T00:28:07.537388Z,KXBTC15M-26OCT042030-30,0.2000,71.66,yes
2026-10-05T00:28:07.537388Z,KXBTC15M-26OCT042030-30,0.2000,35.32,yes
2026-10-05T00:28:07.537388Z,KXBTC15M-26OCT042030-30,0.2000,0.01,yes
2026-10-05T00:28:07.537388Z,KXBTC15M-26OCT042030-30,0.2000,1.00,yes
2026-10-05T00:28:07.54875Z,KXBTC15M-26OCT042030-30,0.2000,8.00,yes
2026-10-05T00:28:07.54875Z,KXBTC15M-26OCT042030-30,0.2000,27.34,yes
2026-10-05T00:28:07.54875Z,KXBTC15M-26OCT042030-30,0.2000,25.66,yes
2026-10-05T00:28:07.571207Z,KXBTC15M-26OCT042030-30,0.2000,0.04,yes
2026-10-05T00:28:07.590924Z,KXBTC15M-26OCT042030-30,0.2000,31.77,yes
2026-10-05T00:28:07.594848Z,KXBTC15M-26OCT042030-30,0.2000,50.00,yes
2026-10-05T00:28:07.596123Z,KXBTC15M-26OCT042030-30,0.2000,112.80,yes
2026-10-05T00:28:07.603564Z,KXBTC15M-26OCT042030-30,0.2000,66.27,yes
2026-10-05T00:28:07.603564Z,KXBTC15M-26OCT042030-30,0.2000,32.73,yes
2026-10-05T00:28:07.629682Z,KXBTC15M-26OCT042030-30,0.1900,0.01,no
2026-10-05T00:28:07.629682Z,KXBTC15M-26OCT042030-30,0.1800,42.73,no
2026-10-05T00:28:07.629682Z,KXBTC15M-26OCT042030-30,0.1900,0.01,no
2026-10-05T00:28:07.629682Z,KXBTC15M-26OCT042030-30,0.1900,5.00,no
2026-10-05T00:28:07.644859Z,KXBTC15M-26OCT042030-30,0.2000,50.00,yes
2026-10-05T00:28:07.651033Z,KXBTC15M-26OCT042030-30,0.1800,5.34,no
2026-10-05T00:28:07.651033Z,KXBTC15M-26OCT042030-30,0.1900,51.00,no
2026-10-05T00:28:07.724233Z,KXBTC15M-26OCT042030-30,0.1800,214.91,no
2026-10-05T00:28:07.725759Z,KXBTC15M-26OCT042030-30,0.2000,3.34,yes
2026-10-05T00:28:07.73074Z,KXBTC15M-26OCT042030-30,0.1800,1.20,no
2026-10-05T00:28:07.738187Z,KXBTC15M-26OCT042030-30,0.2000,4.31,yes
2026-10-05T00:28:07.775531Z,KXBTC15M-26OCT042030-30,0.2000,2.00,yes
2026-10-05T00:28:07.777909Z,KXBTC15M-26OCT042030-30,0.2000,8.35,yes
2026-10-05T00:28:07.784283Z,KXBTC15M-26OCT042030-30,0.1900,2.44,no
2026-10-05T00:28:07.791575Z,KXBTC15M-26OCT042030-30,0.1800,235.82,no
2026-10-05T00:28:07.791575Z,KXBTC15M-26OCT042030-30,0.1800,263.81,no
2026-10-05T00:28:07.791575Z,KXBTC15M-26OCT042030-30,0.1800,95.38,no
2026-10-05T00:28:07.791575Z,KXBTC15M-26OCT042030-30,0.1900,2.56,no
2026-10-05T00:28:07.794354Z,KXBTC15M-26OCT042030-30,0.2000,50.00,yes
2026-10-05T00:28:07.802474Z,KXBTC15M-26OCT042030-30,0.1900,13.80,yes
2026-10-05T00:28:07.806759Z,KXBTC15M-26OCT042030-30,0.1900,28.00,yes
2026-10-05T00:28:07.87357Z,KXBTC15M-26OCT042030-30,0.1900,189.39,yes
2026-10-05T00:28:07.926008Z,KXBTC15M-26OCT042030-30,0.1900,2.36,yes
2026-10-05T00:28:07.929054Z,KXBTC15M-26OCT042030-30,0.1900,413.00,yes
2026-10-05T00:28:07.978771Z,KXBTC15M-26OCT042030-30,0.1900,9.09,yes
2026-10-05T00:28:07.984779Z,KXBTC15M-26OCT042030-30,0.1900,1.67,yes
2026-10-05T00:28:08.024923Z,KXBTC15M-26OCT042030-30,0.1900,23.67,yes
2026-10-05T00:28:08.041909Z,KXBTC15M-26OCT042030-30,0.1900,50.00,yes
2026-10-05T00:28:08.067007Z,KXBTC15M-26OCT042030-30,0.1900,33.14,yes
2026-10-05T00:28:08.096255Z,KXBTC15M-26OCT042030-30,0.1900,23.05,yes
2026-10-05T00:28:08.096468Z,KXBTC15M-26OCT042030-30,0.1900,22.56,yes
2026-10-05T00:28:08.109284Z,KXBTC15M-26OCT042030-30,0.1900,23.67,yes
2026-10-05T00:28:08.119214Z,KXBTC15M-26OCT042030-30,0.1900,12.78,yes
2026-10-05T00:28:08.120166Z,KXBTC15M-26OCT042030-30,0.1900,300.00,yes
2026-10-05T00:28:08.120635Z,KXBTC15M-26OCT042030-30,0.1900,9.53,yes
2026-10-05T00:28:08.132905Z,KXBTC15M-26OCT042030-30,0.1900,0.01,yes
2026-10-05T00:28:08.132905Z,KXBTC15M-26OCT042030-30,0.1900,0.01,yes
2026-10-05T00:28:08.132905Z,KXBTC15M-26OCT042030-30,0.1900,29.37,yes
2026-10-05T00:28:08.148244Z,KXBTC15M-26OCT042030-30,0.1900,34.79,yes
2026-10-05T00:28:08.149631Z,KXBTC15M-26OCT042030-30,0.2000,15.98,yes
2026-10-05T00:28:08.149631Z,KXBTC15M-26OCT042030-30,0.1900,34.84,yes
2026-10-05T00:28:08.149631Z,KXBTC15M-26OCT042030-30,0.1900,0.01,yes
2026-10-05T00:28:08.149631Z,KXBTC15M-26OCT042030-30,0.1900,0.01,yes
2026-10-05T00:28:08.149828Z,KXBTC15M-26OCT042030-30,0.2000,23.67,yes
2026-10-05T00:28:08.167872Z,KXBTC15M-26OCT042030-30,0.1900,0.01,yes
2026-10-05T00:28:08.207607Z,KXBTC15M-26OCT042030-30,0.1900,23.99,yes
2026-10-05T00:28:08.212876Z,KXBTC15M-26OCT042030-30,0.1800,0.01,no
2026-10-05T00:28:08.212876Z,KXBTC15M-26OCT042030-30,0.1800,0.01,no
2026-10-05T00:28:08.212876Z,KXBTC15M-26OCT042030-30,0.1800,75.91,no
2026-10-05T00:28:08.212876Z,KXBTC15M-26OCT042030-30,0.1800,1.14,no
2026-10-05T00:28:08.225021Z,KXBTC15M-26OCT042030-30,0.1900,50.00,yes
2026-10-05T00:28:08.281808Z,KXBTC15M-26OCT042030-30,0.1900,1.00,yes
2026-10-05T00:28:08.288207Z,KXBTC15M-26OCT042030-30,0.1900,16.52,yes
2026-10-05T00:28:08.288207Z,KXBTC15M-26OCT042030-30,0.1900,0.01,yes
2026-10-05T00:28:08.288207Z,KXBTC15M-26OCT042030-30,0.1900,23.00,yes
2026-10-05T00:28:08.288207Z,KXBTC15M-26OCT042030-30,0.1900,0.01,yes
2026-10-05T00:28:08.290148Z,KXBTC15M-26OCT042030-30,0.1900,23.67,yes
2026-10-05T00:28:08.332043Z,KXBTC15M-26OCT042030-30,0.1800,150.00,no
2026-10-05T00:28:08.332043Z,KXBTC15M-26OCT042030-30,0.1800,4.09,no
2026-10-05T00:28:08.332043Z,KXBTC15M-26OCT042030-30,0.1800,32.58,no
2026-10-05T00:28:08.347101Z,KXBTC15M-26OCT042030-30,0.2000,397.72,yes
2026-10-05T00:28:08.347101Z,KXBTC15M-26OCT042030-30,0.1900,25.00,yes
2026-10-05T00:28:08.347101Z,KXBTC15M-26OCT042030-30,0.1900,0.01,yes
2026-10-05T00:28:08.347101Z,KXBTC15M-26OCT042030-30,0.1900,0.01,yes
2026-10-05T00:28:08.347101Z,KXBTC15M-26OCT042030-30,0.1900,25.00,yes
2026-10-05T00:28:08.367855Z,KXBTC15M-26OCT042030-30,0.2000,4.19,yes
2026-10-05T00:28:08.367855Z,KXBTC15M-26OCT042030-30,0.1900,0.01,yes
2026-10-05T00:28:08.367855Z,KXBTC15M-26OCT042030-30,0.1900,0.01,yes
2026-10-05T00:28:08.397674Z,KXBTC15M-26OCT042030-30,0.2100,5.00,yes
2026-10-05T00:28:08.397674Z,KXBTC15M-26OCT042030-30,0.2100,9.00,yes
2026-10-05T00:28:08.397674Z,KXBTC15M-26OCT042030-30,0.2000,1.00,yes
2026-10-05T00:28:08.397674Z,KXBTC15M-26OCT042030-30,0.2000,800.00,yes
2026-10-05T00:28:08.397674Z,KXBTC15M-26OCT042030-30,0.2000,97.00,yes
2026-10-05T00:28:08.397674Z,KXBTC15M-26OCT042030-30,0.2100,99.00,yes
2026-10-05T00:28:08.397674Z,KXBTC15M-26OCT042030-30,0.2000,1.00,yes
2026-10-05T00:28:08.397674Z,KXBTC15M-26OCT042030-30,0.2000,8.44,yes
2026-10-05T00:28:08.397674Z,KXBTC15M-26OCT042030-30,0.2100,233.79,yes
2026-10-05T00:28:08.397674Z,KXBTC15M-26OCT042030-30,0.2000,0.01,yes
2026-10-05T00:28:08.397674Z,KXBTC15M-26OCT042030-30,0.2000,0.01,yes
2026-10-05T00:28:08.397674Z,KXBTC15M-26OCT042030-30,0.2100,244.42,yes
2026-10-05T00:28:08.400939Z,KXBTC15M-26OCT042030-30,0.2100,2.10,yes
2026-10-05T00:28:08.409493Z,KXBTC15M-26OCT042030-30,0.1900,0.70,no
2026-10-05T00:28:08.409493Z,KXBTC15M-26OCT042030-30,0.1900,5.32,no
2026-10-05T00:28:08.418809Z,KXBTC15M-26OCT042030-30,0.1900,38.95,no
2026-10-05T00:28:08.421354Z,KXBTC15M-26OCT042030-30,0.1900,29.75,no
2026-10-05T00:28:08.43211Z,KXBTC15M-26OCT042030-30,0.1500,35.38,no
2026-10-05T00:28:08.43211Z,KXBTC15M-26OCT042030-30,0.1300,152.59,no
2026-10-05T00:28:08.43211Z,KXBTC15M-26OCT042030-30,0.1400,500.00,no
2026-10-05T00:28:08.43211Z,KXBTC15M-26OCT042030-30,0.1500,109.70,no
2026-10-05T00:28:08.43211Z,KXBTC15M-26OCT042030-30,0.1500,1.76,no
2026-10-05T00:28:08.43211Z,KXBTC15M-26OCT042030-30,0.1500,2.83,no
2026-10-05T00:28:08.43211Z,KXBTC15M-26OCT042030-30,0.1500,5.91,no
2026-10-05T00:28:08.43211Z,KXBTC15M-26OCT042030-30,0.1400,109.70,no
2026-10-05T00:28:08.43211Z,KXBTC15M-26OCT042030-30,0.1500,0.10,no
2026-10-05T00:28:08.43211Z,KXBTC15M-26OCT042030-30,0.1500,7.09,no
2026-10-05T00:28:08.43211Z,KXBTC15M-26OCT042030-30,0.1500,1.47,no
2026-10-05T00:28:08.43211Z,KXBTC15M-26OCT042030-30,0.1500,1.00,no
2026-10-05T00:28:08.43211Z,KXBTC15M-26OCT042030-30,0.1500,1.00,no
2026-10-05T00:28:08.43211Z,KXBTC15M-26OCT042030-30,0.1600,10.00,no
2026-10-05T00:28:08.43211Z,KXBTC15M-26OCT042030-30,0.1400,1.00,no
2026-10-05T00:28:08.43211Z,KXBTC15M-26OCT042030-30,0.1600,10.00,no
2026-10-05T00:28:08.43211Z,KXBTC15M-26OCT042030-30,0.1500,1.00,no
2026-10-05T00:28:08.43211Z,KXBTC15M-26OCT042030-30,0.1400,10.00,no
2026-10-05T00:28:08.43211Z,KXBTC15M-26OCT042030-30,0.1700,40.00,no
2026-10-05T00:28:08.43211Z,KXBTC15M-26OCT042030-30,0.1500,5.00,no
2026-10-05T00:28:08.43211Z,KXBTC15M-26OCT042030-30,0.1500,5.00,no
2026-10-05T00:28:08.43211Z,KXBTC15M-26OCT042030-30,0.1800,124.44,no
2026-10-05T00:28:08.43211Z,KXBTC15M-26OCT042030-30,0.1400,0.12,no
2026-10-05T00:28:08.43211Z,KXBTC15M-26OCT042030-30,0.1600,100.00,no
2026-10-05T00:28:08.43211Z,KXBTC15M-26OCT042030-30,0.1400,5.00,no
2026-10-05T00:28:08.43211Z,KXBTC15M-26OCT042030-30,0.1400,22.00,no
2026-10-05T00:28:08.43211Z,KXBTC15M-26OCT042030-30,0.1700,130.03,no
2026-10-05T00:28:08.43211Z,KXBTC15M-26OCT042030-30,0.1400,1.00,no
2026-10-05T00:28:08.43211Z,KXBTC15M-26OCT042030-30,0.1900,500.00,no
2026-10-05T00:28:08.43211Z,KXBTC15M-26OCT042030-30,0.1800,5.00,no
2026-10-05T00:28:08.43211Z,KXBTC15M-26OCT042030-30,0.1800,500.00,no
2026-10-05T00:28:08.43211Z,KXBTC15M-26OCT042030-30,0.1400,30.00,no
2026-10-05T00:28:08.43211Z,KXBTC15M-26OCT042030-30,0.1400,5.00,no
2026-10-05T00:28:08.43211Z,KXBTC15M-26OCT042030-30,0.1800,11.52,no
2026-10-05T00:28:08.43211Z,KXBTC15M-26OCT042030-30,0.1800,1.14,no
2026-10-05T00:28:08.43211Z,KXBTC15M-26OCT042030-30,0.1900,0.01,no
2026-10-05T00:28:08.43211Z,KXBTC15M-26OCT042030-30,0.1900,0.01,no
2026-10-05T00:28:08.43211Z,KXBTC15M-26OCT042030-30,0.1700,90.00,no
2026-10-05T00:28:08.43211Z,KXBTC15M-26OCT042030-30,0.1500,25.00,no
2026-10-05T00:28:08.43211Z,KXBTC15M-26OCT042030-30,0.1500,150.00,no
2026-10-05T00:28:08.43211Z,KXBTC15M-26OCT042030-30,0.1800,150.00,no
2026-10-05T00:28:08.43211Z,KXBTC15M-26OCT042030-30,0.1900,20.00,no
2026-10-05T00:28:08.43211Z,KXBTC15M-26OCT042030-30,0.1900,5.00,no
2026-10-05T00:28:08.43211Z,KXBTC15M-26OCT042030-30,0.1900,38.00,no
2026-10-05T00:28:08.43211Z,KXBTC15M-26OCT042030-30,0.1800,0.01,no
2026-10-05T00:28:08.43211Z,KXBTC15M-26OCT042030-30,0.1900,57.00,no
2026-10-05T00:28:08.43211Z,KXBTC15M-26OCT042030-30,0.1800,0.01,no
2026-10-05T00:28:08.43211Z,KXBTC15M-26OCT042030-30,0.1800,64.00,no
2026-10-05T00:28:08.43211Z,KXBTC15M-26OCT042030-30,0.1900,725.98,no
2026-10-05T00:28:08.43211Z,KXBTC15M-26OCT042030-30,0.1900,1500.00,no
2026-10-05T00:28:08.43211Z,KXBTC15M-26OCT042030-30,0.1600,500.00,no
2026-10-05T00:28:08.43211Z,KXBTC15M-26OCT042030-30,0.1500,500.00,no
2026-10-05T00:28:08.43211Z,KXBTC15M-26OCT042030-30,0.1400,62.37,no
2026-10-05T00:28:08.43211Z,KXBTC15M-26OCT042030-30,0.1700,500.00,no
2026-10-05T00:28:08.43211Z,KXBTC15M-26OCT042030-30,0.1400,25.00,no
2026-10-05T00:28:08.43211Z,KXBTC15M-26OCT042030-30,0.1500,1.20,no
2026-10-05T00:28:08.439685Z,KXBTC15M-26OCT042030-30,0.1700,5.89,no
2026-10-05T00:28:08.443049Z,KXBTC15M-26OCT042030-30,0.1800,9.96,yes
2026-10-05T00:28:08.451939Z,KXBTC15M-26OCT042030-30,0.1700,0.01,no
2026-10-05T00:28:08.451939Z,KXBTC15M-26OCT042030-30,0.1700,5.88,no
2026-10-05T00:28:08.456374Z,KXBTC15M-26OCT042030-30,0.1800,75.00,yes
2026-10-05T00:28:08.457393Z,KXBTC15M-26OCT042030-30,0.1700,6.59,no
2026-10-05T00:28:08.4725Z,KXBTC15M-26OCT042030-30,0.1800,9.96,yes
2026-10-05T00:28:08.487168Z,KXBTC15M-26OCT042030-30,0.1800,24.90,yes
2026-10-05T00:28:08.496973Z,KXBTC15M-26OCT042030-30,0.1800,40.59,yes
2026-10-05T00:28:08.500867Z,KXBTC15M-26OCT042030-30,0.1800,9.46,yes
2026-10-05T00:28:08.52372Z,KXBTC15M-26OCT042030-30,0.1700,13.55,no
2026-10-05T00:28:08.54253Z,KXBTC15M-26OCT042030-30,0.1800,145.88,yes
2026-10-05T00:28:08.544677Z,KXBTC15M-26OCT042030-30,0.1800,12.85,yes
2026-10-05T00:28:08.545752Z,KXBTC15M-26OCT042030-30,0.1800,13.00,yes
2026-10-05T00:28:08.57054Z,KXBTC15M-26OCT042030-30,0.1800,11.44,yes
2026-10-05T00:28:08.576173Z,KXBTC15M-26OCT042030-30,0.1700,23.59,no
2026-10-05T00:28:08.624936Z,KXBTC15M-26OCT042030-30,0.1700,1.19,no
2026-10-05T00:28:08.624936Z,KXBTC15M-26OCT042030-30,0.1700,0.01,no
2026-10-05T00:28:08.624936Z,KXBTC15M-26OCT042030-30,0.1700,50.39,no
2026-10-05T00:28:08.624936Z,KXBTC15M-26OCT042030-30,0.1700,7.40,no
2026-10-05T00:28:08.624936Z,KXBTC15M-26OCT042030-30,0.1700,0.01,no
2026-10-05T00:28:08.629906Z,KXBTC15M-26OCT042030-30,0.1800,11.15,yes
2026-10-05T00:28:08.661881Z,KXBTC15M-26OCT042030-30,0.1800,25.00,yes
2026-10-05T00:28:08.663079Z,KXBTC15M-26OCT042030-30,0.1700,2.35,no
2026-10-05T00:28:08.677288Z,KXBTC15M-26OCT042030-30,0.1800,4.98,yes
2026-10-05T00:28:08.688375Z,KXBTC15M-26OCT042030-30,0.1700,0.75,no
2026-10-05T00:28:08.688375Z,KXBTC15M-26OCT042030-30,0.1700,77.61,no
2026-10-05T00:28:08.713748Z,KXBTC15M-26OCT042030-30,0.1800,9.46,yes
2026-10-05T00:28:08.758852Z,KXBTC15M-26OCT042030-30,0.1800,50.00,yes
2026-10-05T00:28:08.773137Z,KXBTC15M-26OCT042030-30,0.1800,3.00,yes
2026-10-05T00:28:08.77382Z,KXBTC15M-26OCT042030-30,0.1800,4.98,yes
2026-10-05T00:28:08.774319Z,KXBTC15M-26OCT042030-30,0.1700,77.61,no
2026-10-05T00:28:08.774319Z,KXBTC15M-26OCT042030-30,0.1700,122.39,no
2026-10-05T00:28:08.803917Z,KXBTC15M-26OCT042030-30,0.1700,0.01,no
2026-10-05T00:28:08.803917Z,KXBTC15M-26OCT042030-30,0.1700,1.19,no
2026-10-05T00:28:08.803917Z,KXBTC15M-26OCT042030-30,0.1700,0.01,no
2026-10-05T00:28:08.803917Z,KXBTC15M-26OCT042030-30,0.1700,2.88,no
2026-10-05T00:28:08.803917Z,KXBTC15M-26OCT042030-30,0.1700,20.39,no
2026-10-05T00:28:08.803917Z,KXBTC15M-26OCT042030-30,0.1700,5.00,no
2026-10-05T00:28:08.803917Z,KXBTC15M-26OCT042030-30,0.1700,0.01,no
2026-10-05T00:28:08.820589Z,KXBTC15M-26OCT042030-30,0.1800,23.67,yes
2026-10-05T00:28:08.829639Z,KXBTC15M-26OCT042030-30,0.1800,0.44,yes
2026-10-05T00:28:08.84154Z,KXBTC15M-26OCT042030-30,0.1800,5.00,yes
2026-10-05T00:28:08.853867Z,KXBTC15M-26OCT042030-30,0.1800,0.01,yes
2026-10-05T00:28:08.853867Z,KXBTC15M-26OCT042030-30,0.1800,9.28,yes
2026-10-05T00:28:08.853867Z,KXBTC15M-26OCT042030-30,0.1800,0.01,yes
2026-10-05T00:28:08.853867Z,KXBTC15M-26OCT042030-30,0.1800,0.66,yes
2026-10-05T00:28:08.875841Z,KXBTC15M-26OCT042030-30,0.1800,4.98,yes
2026-10-05T00:28:08.887446Z,KXBTC15M-26OCT042030-30,0.1700,1.10,no
2026-10-05T00:28:08.92556Z,KXBTC15M-26OCT042030-30,0.1800,4.98,yes
2026-10-05T00:28:08.935255Z,KXBTC15M-26OCT042030-30,0.1700,119.06,no
2026-10-05T00:28:08.972274Z,KXBTC15M-26OCT042030-30,0.1800,14.62,yes
2026-10-05T00:28:08.977361Z,KXBTC15M-26OCT042030-30,0.1400,283.31,no
2026-10-05T00:28:08.977361Z,KXBTC15M-26OCT042030-30,0.1500,93.75,no
2026-10-05T00:28:08.977361Z,KXBTC15M-26OCT042030-30,0.1700,100.00,no
2026-10-05T00:28:08.977361Z,KXBTC15M-26OCT042030-30,0.1500,500.00,no
2026-10-05T00:28:08.977361Z,KXBTC15M-26OCT042030-30,0.1600,500.00,no
2026-10-05T00:28:08.977361Z,KXBTC15M-26OCT042030-30,0.1700,1.14,no
2026-10-05T00:28:08.977361Z,KXBTC15M-26OCT042030-30,0.1600,92.00,no
2026-10-05T00:28:08.977361Z,KXBTC15M-26OCT042030-30,0.1700,5.00,no
2026-10-05T00:28:08.977361Z,KXBTC15M-26OCT042030-30,0.1500,15.00,no
2026-10-05T00:28:08.977361Z,KXBTC15M-26OCT042030-30,0.1700,76.96,no
2026-10-05T00:28:08.977361Z,KXBTC15M-26OCT042030-30,0.1600,420.35,no
2026-10-05T00:28:08.977361Z,KXBTC15M-26OCT042030-30,0.1500,43.44,no
2026-10-05T00:28:08.977361Z,KXBTC15M-26OCT042030-30,0.1700,0.01,no
2026-10-05T00:28:08.977361Z,KXBTC15M-26OCT042030-30,0.1700,0.01,no
2026-10-05T00:28:08.977361Z,KXBTC15M-26OCT042030-30,0.1500,93.75,no
2026-10-05T00:28:08.977361Z,KXBTC15M-26OCT042030-30,0.1500,5.00,no
2026-10-05T00:28:08.977361Z,KXBTC15M-26OCT042030-30,0.1500,5.00,no
2026-10-05T00:28:08.977361Z,KXBTC15M-26OCT042030-30,0.1500,0.50,no
2026-10-05T00:28:08.977361Z,KXBTC15M-26OCT042030-30,0.1600,50.00,no
2026-10-05T00:28:08.977361Z,KXBTC15M-26OCT042030-30,0.1700,420.35,no
2026-10-05T00:28:08.977361Z,KXBTC15M-26OCT042030-30,0.1500,15.00,no
2026-10-05T00:28:09.040306Z,KXBTC15M-26OCT042030-30,0.1600,2.00,yes
2026-10-05T00:28:09.070575Z,KXBTC15M-26OCT042030-30,0.1600,2.62,yes
2026-10-05T00:28:09.07414Z,KXBTC15M-26OCT042030-30,0.1600,7.09,yes
2026-10-05T00:28:09.08795Z,KXBTC15M-26OCT042030-30,0.1500,14.59,no
2026-10-05T00:28:09.094251Z,KXBTC15M-26OCT042030-30,0.1600,1034.10,yes
2026-10-05T00:28:09.100929Z,KXBTC15M-26OCT042030-30,0.1600,26.26,yes
2026-10-05T00:28:09.128062Z,KXBTC15M-26OCT042030-30,0.1600,2.58,yes
2026-10-05T00:28:09.148821Z,KXBTC15M-26OCT042030-30,0.1500,0.11,no
2026-10-05T00:28:09.181145Z,KXBTC15M-26OCT042030-30,0.1600,10.50,yes
2026-10-05T00:28:09.181289Z,KXBTC15M-26OCT042030-30,0.1600,42.03,yes
2026-10-05T00:28:09.266488Z,KXBTC15M-26OCT042030-30,0.1600,5.25,yes
2026-10-05T00:28:09.292075Z,KXBTC15M-26OCT042030-30,0.1600,12.17,yes
2026-10-05T00:28:09.292075Z,KXBTC15M-26OCT042030-30,0.1600,56.00,yes
2026-10-05T00:28:09.292075Z,KXBTC15M-26OCT042030-30,0.1600,0.01,yes
2026-10-05T00:28:09.292075Z,KXBTC15M-26OCT042030-30,0.1600,0.01,yes
2026-10-05T00:28:09.292075Z,KXBTC15M-26OCT042030-30,0.1600,4.75,yes
2026-10-05T00:28:09.318775Z,KXBTC15M-26OCT042030-30,0.1600,0.01,yes
2026-10-05T00:28:09.318775Z,KXBTC15M-26OCT042030-30,0.1600,0.01,yes
2026-10-05T00:28:09.318775Z,KXBTC15M-26OCT042030-30,0.1700,3.71,yes
2026-10-05T00:28:09.356292Z,KXBTC15M-26OCT042030-30,0.1700,60.00,yes
2026-10-05T00:28:09.356292Z,KXBTC15M-26OCT042030-30,0.1700,0.01,yes
2026-10-05T00:28:09.356292Z,KXBTC15M-26OCT042030-30,0.1700,0.01,yes
2026-10-05T00:28:09.356292Z,KXBTC15M-26OCT042030-30,0.1700,1.00,yes
2026-10-05T00:28:09.356292Z,KXBTC15M-26OCT042030-30,0.1700,496.29,yes
2026-10-05T00:28:09.356292Z,KXBTC15M-26OCT042030-30,0.1800,192.38,yes
2026-10-05T00:28:09.356292Z,KXBTC15M-26OCT042030-30,0.1800,500.00,yes
2026-10-05T00:28:09.356851Z,KXBTC15M-26OCT042030-30,0.1800,12.00,yes
2026-10-05T00:28:09.364186Z,KXBTC15M-26OCT042030-30,0.1700,126.26,no
2026-10-05T00:28:09.384713Z,KXBTC15M-26OCT042030-30,0.1800,25.00,yes
2026-10-05T00:28:09.385369Z,KXBTC15M-26OCT042030-30,0.1700,1.00,no
2026-10-05T00:28:09.405546Z,KXBTC15M-26OCT042030-30,0.1800,56.37,yes
2026-10-05T00:28:09.438732Z,KXBTC15M-26OCT042030-30,0.1800,156.23,yes
2026-10-05T00:28:09.467173Z,KXBTC15M-26OCT042030-30,0.2000,6.90,no
2026-10-05T00:28:09.46717Z,KXBTC15M-26OCT042030-30,0.2000,760.00,yes
2026-10-05T00:28:09.46717Z,KXBTC15M-26OCT042030-30,0.1800,262.40,yes
2026-10-05T00:28:09.46717Z,KXBTC15M-26OCT042030-30,0.1800,1.00,yes
2026-10-05T00:28:09.46717Z,KXBTC15M-26OCT042030-30,0.1900,800.00,yes
2026-10-05T00:28:09.46717Z,KXBTC15M-26OCT042030-30,0.1800,0.01,yes
2026-10-05T00:28:09.46717Z,KXBTC15M-26OCT042030-30,0.1800,0.01,yes
2026-10-05T00:28:09.46717Z,KXBTC15M-26OCT042030-30,0.1800,2.00,yes
2026-10-05T00:28:09.46717Z,KXBTC15M-26OCT042030-30,0.2000,5.00,yes
2026-10-05T00:28:09.46717Z,KXBTC15M-26OCT042030-30,0.1800,10.00,yes
2026-10-05T00:28:09.46717Z,KXBTC15M-26OCT042030-30,0.1800,800.00,yes
2026-10-05T00:28:09.46717Z,KXBTC15M-26OCT042030-30,0.1900,500.00,yes
2026-10-05T00:28:09.46717Z,KXBTC15M-26OCT042030-30,0.2000,12.00,yes
2026-10-05T00:28:09.46717Z,KXBTC15M-26OCT042030-30,0.2000,500.00,yes
2026-10-05T00:28:09.46717Z,KXBTC15M-26OCT042030-30,0.1800,1.00,yes
2026-10-05T00:28:09.46717Z,KXBTC15M-26OCT042030-30,0.1800,500.00,yes
2026-10-05T00:28:09.46717Z,KXBTC15M-26OCT042030-30,0.2000,64.00,yes
2026-10-05T00:28:09.470026Z,KXBTC15M-26OCT042030-30,0.2000,118.52,no
2026-10-05T00:28:09.474023Z,KXBTC15M-26OCT042030-30,0.2100,469.05,yes
2026-10-05T00:28:09.505884Z,KXBTC15M-26OCT042030-30,0.2100,52.93,yes
2026-10-05T00:28:09.505884Z,KXBTC15M-26OCT042030-30,0.2100,30.95,yes
2026-10-05T00:28:09.51333Z,KXBTC15M-26OCT042030-30,0.2100,2.52,yes
2026-10-05T00:28:09.514156Z,KXBTC15M-26OCT042030-30,0.2000,2.40,no
2026-10-05T00:28:09.517646Z,KXBTC15M-26OCT042030-30,0.2100,33.17,yes
2026-10-05T00:28:09.523592Z,KXBTC15M-26OCT042030-30,0.2100,4.00,yes
2026-10-05T00:28:09.537756Z,KXBTC15M-26OCT042030-30,0.2100,26.54,yes
2026-10-05T00:28:09.544135Z,KXBTC15M-26OCT042030-30,0.2000,3.49,no
2026-10-05T00:28:09.553699Z,KXBTC15M-26OCT042030-30,0.2000,14.85,no
2026-10-05T00:28:09.576115Z,KXBTC15M-26OCT042030-30,0.2000,5.80,no
2026-10-05T00:28:09.586382Z,KXBTC15M-26OCT042030-30,0.2000,200.00,no
2026-10-05T00:28:09.590433Z,KXBTC15M-26OCT042030-30,0.2100,6.33,yes
2026-10-05T00:28:09.590433Z,KXBTC15M-26OCT042030-30,0.2100,6.29,yes
2026-10-05T00:28:09.590433Z,KXBTC15M-26OCT042030-30,0.2100,6.33,yes
2026-10-05T00:28:09.590433Z,KXBTC15M-26OCT042030-30,0.2100,5.93,yes
2026-10-05T00:28:09.590433Z,KXBTC15M-26OCT042030-30,0.2100,6.33,yes
2026-10-05T00:28:09.593494Z,KXBTC15M-26OCT042030-30,0.2100,0.40,yes
2026-10-05T00:28:09.593494Z,KXBTC15M-26OCT042030-30,0.2100,6.33,yes
2026-10-05T00:28:09.593494Z,KXBTC15M-26OCT042030-30,0.2100,8.43,yes
2026-10-05T00:28:09.593494Z,KXBTC15M-26OCT042030-30,0.2100,0.01,yes
2026-10-05T00:28:09.598985Z,KXBTC15M-26OCT042030-30,0.2100,12.92,yes
2026-10-05T00:28:09.616525Z,KXBTC15M-26OCT042030-30,0.2000,30.81,no
2026-10-05T00:28:09.616556Z,KXBTC15M-26OCT042030-30,0.2000,93.13,no
2026-10-05T00:28:09.618433Z,KXBTC15M-26OCT042030-30,0.2100,0.69,yes
2026-10-05T00:28:09.622492Z,KXBTC15M-26OCT042030-30,0.2100,92.00,yes
2026-10-05T00:28:09.62974Z,KXBTC15M-26OCT042030-30,0.2000,119.00,no
2026-10-05T00:28:09.637287Z,KXBTC15M-26OCT042030-30,0.2100,150.82,yes
2026-10-05T00:28:09.641109Z,KXBTC15M-26OCT042030-30,0.2000,71.01,no
2026-10-05T00:28:09.641518Z,KXBTC15M-26OCT042030-30,0.2000,0.01,no
2026-10-05T00:28:09.641518Z,KXBTC15M-26OCT042030-30,0.2000,18.00,no
2026-10-05T00:28:09.641518Z,KXBTC15M-26OCT042030-30,0.2000,671.67,no
2026-10-05T00:28:09.641518Z,KXBTC15M-26OCT042030-30,0.2000,5.00,no
2026-10-05T00:28:09.641518Z,KXBTC15M-26OCT042030-30,0.2000,0.01,no
2026-10-05T00:28:09.67297Z,KXBTC15M-26OCT042030-30,0.1800,0.01,no
2026-10-05T00:28:09.67297Z,KXBTC15M-26OCT042030-30,0.1800,34.91,no
2026-10-05T00:28:09.712837Z,KXBTC15M-26OCT042030-30,0.1800,0.01,no
2026-10-05T00:28:09.712837Z,KXBTC15M-26OCT042030-30,0.1700,0.01,no
2026-10-05T00:28:09.712837Z,KXBTC15M-26OCT042030-30,0.1700,31.54,no
2026-10-05T00:28:09.712837Z,KXBTC15M-26OCT042030-30,0.1700,22.00,no
2026-10-05T00:28:09.712837Z,KXBTC15M-26OCT042030-30,0.1800,0.01,no
2026-10-05T00:28:09.716084Z,KXBTC15M-26OCT042030-30,0.1900,8.81,yes
2026-10-05T00:28:09.731119Z,KXBTC15M-26OCT042030-30,0.1700,0.01,no
2026-10-05T00:28:09.731119Z,KXBTC15M-26OCT042030-30,0.1700,12.46,no
2026-10-05T00:28:09.731119Z,KXBTC15M-26OCT042030-30,0.1700,0.01,no
2026-10-05T00:28:09.7358Z,KXBTC15M-26OCT042030-30,0.1800,0.58,yes
2026-10-05T00:28:09.766482Z,KXBTC15M-26OCT042030-30,0.1700,0.01,no
2026-10-05T00:28:09.766482Z,KXBTC15M-26OCT042030-30,0.1700,0.01,no
2026-10-05T00:28:09.783555Z,KXBTC15M-26OCT042030-30,0.1600,0.66,no
2026-10-05T00:28:09.798695Z,KXBTC15M-26OCT042030-30,0.1700,12.08,yes
2026-10-05T00:28:09.798695Z,KXBTC15M-26OCT042030-30,0.1700,10.00,yes
2026-10-05T00:28:09.80012Z,KXBTC15M-26OCT042030-30,0.1700,13.80,yes
2026-10-05T00:28:09.829072Z,KXBTC15M-26OCT042030-30,0.1700,826.20,yes
2026-10-05T00:28:09.836374Z,KXBTC15M-26OCT042030-30,0.1700,10.00,yes
2026-10-05T00:28:09.862754Z,KXBTC15M-26OCT042030-30,0.1700,1.10,yes
2026-10-05T00:28:09.865234Z,KXBTC15M-26OCT042030-30,0.1600,38.18,no
2026-10-05T00:28:09.865234Z,KXBTC15M-26OCT042030-30,0.1600,22.34,no
2026-10-05T00:28:09.865234Z,KXBTC15M-26OCT042030-30,0.1600,0.01,no
2026-10-05T00:28:09.865234Z,KXBTC15M-26OCT042030-30,0.1600,0.01,no
2026-10-05T00:28:09.873824Z,KXBTC15M-26OCT042030-30,0.1600,226.82,no
2026-10-05T00:28:09.886462Z,KXBTC15M-26OCT042030-30,0.1600,0.90,yes
2026-10-05T00:28:09.888974Z,KXBTC15M-26OCT042030-30,0.1600,2.95,yes
2026-10-05T00:28:09.890349Z,KXBTC15M-26OCT042030-30,0.1600,15.95,yes
2026-10-05T00:28:09.899231Z,KXBTC15M-26OCT042030-30,0.1600,73.51,yes
2026-10-05T00:28:09.93203Z,KXBTC15M-26OCT042030-30,0.1600,0.05,yes
2026-10-05T00:28:09.952355Z,KXBTC15M-26OCT042030-30,0.1600,6.81,yes
2026-10-05T00:28:09.957507Z,KXBTC15M-26OCT042030-30,0.1600,10.00,yes
2026-10-05T00:28:09.957507Z,KXBTC15M-26OCT042030-30,0.1600,37.19,yes
2026-10-05T00:28:09.957507Z,KXBTC15M-26OCT042030-30,0.1600,0.01,yes
2026-10-05T00:28:09.957507Z,KXBTC15M-26OCT042030-30,0.1600,1.00,yes
2026-10-05T00:28:09.957507Z,KXBTC15M-26OCT042030-30,0.1600,0.01,yes
2026-10-05T00:28:09.957507Z,KXBTC15M-26OCT042030-30,0.1600,98.00,yes
2026-10-05T00:28:09.957507Z,KXBTC15M-26OCT042030-30,0.1600,1.00,yes
2026-10-05T00:28:09.957507Z,KXBTC15M-26OCT042030-30,0.1600,136.00,yes
2026-10-05T00:28:09.957507Z,KXBTC15M-26OCT042030-30,0.1600,400.00,yes
2026-10-05T00:28:09.957507Z,KXBTC15M-26OCT042030-30,0.1600,9.81,yes
2026-10-05T00:28:10.011312Z,KXBTC15M-26OCT042030-30,0.1500,176.17,no
2026-10-05T00:28:10.011312Z,KXBTC15M-26OCT042030-30,0.1500,43.27,no
2026-10-05T00:28:10.053408Z,KXBTC15M-26OCT042030-30,0.1500,22.16,no
2026-10-05T00:28:10.057078Z,KXBTC15M-26OCT042030-30,0.1600,60.32,yes
2026-10-05T00:28:10.058849Z,KXBTC15M-26OCT042030-30,0.1600,38.33,yes
2026-10-05T00:28:10.061918Z,KXBTC15M-26OCT042030-30,0.1600,0.01,yes
2026-10-05T00:28:10.061918Z,KXBTC15M-26OCT042030-30,0.1600,1.35,yes
2026-10-05T00:28:10.061918Z,KXBTC15M-26OCT042030-30,0.1600,0.01,yes
2026-10-05T00:28:10.061918Z,KXBTC15M-26OCT042030-30,0.1600,203.63,yes
2026-10-05T00:28:10.069397Z,KXBTC15M-26OCT042030-30,0.1600,21.88,yes
2026-10-05T00:28:10.077279Z,KXBTC15M-26OCT042030-30,0.1500,42.43,no
2026-10-05T00:28:10.093084Z,KXBTC15M-26OCT042030-30,0.1600,3.98,yes
2026-10-05T00:28:10.093084Z,KXBTC15M-26OCT042030-30,0.1600,1.00,yes
2026-10-05T00:28:10.098785Z,KXBTC15M-26OCT042030-30,0.1600,65.78,yes
2026-10-05T00:28:10.154023Z,KXBTC15M-26OCT042030-30,0.1600,0.01,yes
2026-10-05T00:28:10.154023Z,KXBTC15M-26OCT042030-30,0.1600,98.00,yes
2026-10-05T00:28:10.154023Z,KXBTC15M-26OCT042030-30,0.1600,102.42,yes
2026-10-05T00:28:10.154023Z,KXBTC15M-26OCT042030-30,0.1600,0.01,yes
2026-10-05T00:28:10.155444Z,KXBTC15M-26OCT042030-30,0.1600,179.30,yes
2026-10-05T00:28:10.169111Z,KXBTC15M-26OCT042030-30,0.1600,2.68,yes
2026-10-05T00:28:10.178638Z,KXBTC15M-26OCT042030-30,0.1600,17.64,yes
2026-10-05T00:28:10.20745Z,KXBTC15M-26OCT042030-30,0.1600,9.96,yes
2026-10-05T00:28:10.23241Z,KXBTC15M-26OCT042030-30,0.1600,1.33,yes
2026-10-05T00:28:10.266295Z,KXBTC15M-26OCT042030-30,0.1600,25.00,yes
2026-10-05T00:28:10.268104Z,KXBTC15M-26OCT042030-30,0.1500,8.00,no
2026-10-05T00:28:10.29307Z,KXBTC15M-26OCT042030-30,0.1600,50.00,yes
2026-10-05T00:28:10.302562Z,KXBTC15M-26OCT042030-30,0.1600,11.67,yes
2026-10-05T00:28:10.302562Z,KXBTC15M-26OCT042030-30,0.1600,0.30,yes
2026-10-05T00:28:10.329649Z,KXBTC15M-26OCT042030-30,0.1500,5.82,no
2026-10-05T00:28:10.333339Z,KXBTC15M-26OCT042030-30,0.1600,17.61,yes
2026-10-05T00:28:10.33816Z,KXBTC15M-26OCT042030-30,0.1500,149.01,no
2026-10-05T00:28:10.348518Z,KXBTC15M-26OCT042030-30,0.1600,59.02,yes
2026-10-05T00:28:10.391288Z,KXBTC15M-26OCT042030-30,0.1600,0.01,yes
2026-10-05T00:28:10.391288Z,KXBTC15M-26OCT042030-30,0.1600,10.00,yes
2026-10-05T00:28:10.391288Z,KXBTC15M-26OCT042030-30,0.1600,0.01,yes
2026-10-05T00:28:10.391288Z,KXBTC15M-26OCT042030-30,0.1600,50.18,yes
2026-10-05T00:28:10.391288Z,KXBTC15M-26OCT042030-30,0.1600,22.07,yes
2026-10-05T00:28:10.401687Z,KXBTC15M-26OCT042030-30,0.1500,5.26,no
2026-10-05T00:28:10.45128Z,KXBTC15M-26OCT042030-30,0.1600,0.01,yes
2026-10-05T00:28:10.45128Z,KXBTC15M-26OCT042030-30,0.1600,2.99,yes
2026-10-05T00:28:10.452697Z,KXBTC15M-26OCT042030-30,0.1600,1.41,yes
2026-10-05T00:28:10.483267Z,KXBTC15M-26OCT042030-30,0.1500,628.12,no
2026-10-05T00:28:10.510103Z,KXBTC15M-26OCT042030-30,0.1500,0.01,no
2026-10-05T00:28:10.510103Z,KXBTC15M-26OCT042030-30,0.1500,0.01,no
2026-10-05T00:28:10.510103Z,KXBTC15M-26OCT042030-30,0.1500,3.47,no
2026-10-05T00:28:10.530969Z,KXBTC15M-26OCT042030-30,0.1600,11.11,yes
2026-10-05T00:28:10.534118Z,KXBTC15M-26OCT042030-30,0.1600,1.48,yes
2026-10-05T00:28:10.540077Z,KXBTC15M-26OCT042030-30,0.1600,25.53,yes
2026-10-05T00:28:10.555746Z,KXBTC15M-26OCT042030-30,0.1600,8.28,yes
2026-10-05T00:28:10.555804Z,KXBTC15M-26OCT042030-30,0.1600,6.02,yes
2026-10-05T00:28:10.579747Z,KXBTC15M-26OCT042030-30,0.1600,29.51,yes
2026-10-05T00:28:10.593937Z,KXBTC15M-26OCT042030-30,0.1600,3.24,yes
2026-10-05T00:28:10.607581Z,KXBTC15M-26OCT042030-30,0.1600,5.90,yes
2026-10-05T00:28:10.63961Z,KXBTC15M-26OCT042030-30,0.1600,427.00,yes
2026-10-05T00:28:10.645051Z,KXBTC15M-26OCT042030-30,0.1600,13.34,yes
2026-10-05T00:28:10.650083Z,KXBTC15M-26OCT042030-30,0.1500,5.82,no
2026-10-05T00:28:10.652949Z,KXBTC15M-26OCT042030-30,0.1600,1.40,yes
2026-10-05T00:28:10.657809Z,KXBTC15M-26OCT042030-30,0.1600,1.67,yes
2026-10-05T00:28:10.661044Z,KXBTC15M-26OCT042030-30,0.1600,25.36,yes
2026-10-05T00:28:10.661966Z,KXBTC15M-26OCT042030-30,0.1600,14.75,yes
2026-10-05T00:28:10.67379Z,KXBTC15M-26OCT042030-30,0.1600,190.03,yes
2026-10-05T00:28:10.67379Z,KXBTC15M-26OCT042030-30,0.1600,0.01,yes
2026-10-05T00:28:10.67379Z,KXBTC15M-26OCT042030-30,0.1600,921.01,yes
2026-10-05T00:28:10.688199Z,KXBTC15M-26OCT042030-30,0.1600,0.01,yes
2026-10-05T00:28:10.688199Z,KXBTC15M-26OCT042030-30,0.1600,74.42,yes
2026-10-05T00:28:10.692958Z,KXBTC15M-26OCT042030-30,0.1500,232.84,no
2026-10-05T00:28:10.693415Z,KXBTC15M-26OCT042030-30,0.1600,20.00,yes
2026-10-05T00:28:10.695688Z,KXBTC15M-26OCT042030-30,0.1700,145.50,yes
2026-10-05T00:28:10.695688Z,KXBTC15M-26OCT042030-30,0.1700,88.90,yes
2026-10-05T00:28:10.695688Z,KXBTC15M-26OCT042030-30,0.1600,5.58,yes
2026-10-05T00:28:10.695688Z,KXBTC15M-26OCT042030-30,0.1600,10.00,yes
2026-10-05T00:28:10.695688Z,KXBTC15M-26OCT042030-30,0.1600,0.01,yes
2026-10-05T00:28:10.695688Z,KXBTC15M-26OCT042030-30,0.1600,0.01,yes
2026-10-05T00:28:10.709553Z,KXBTC15M-26OCT042030-30,0.1500,67.16,no
2026-10-05T00:28:10.709553Z,KXBTC15M-26OCT042030-30,0.1500,157.87,no
2026-10-05T00:28:10.709883Z,KXBTC15M-26OCT042030-30,0.1700,70.27,yes
2026-10-05T00:28:10.709883Z,KXBTC15M-26OCT042030-30,0.1600,0.01,yes
2026-10-05T00:28:10.709883Z,KXBTC15M-26OCT042030-30,0.1600,0.01,yes
2026-10-05T00:28:10.715232Z,KXBTC15M-26OCT042030-30,0.1700,61.27,yes
2026-10-05T00:28:10.720345Z,KXBTC15M-26OCT042030-30,0.1700,15.88,yes
2026-10-05T00:28:10.724053Z,KXBTC15M-26OCT042030-30,0.1600,7.49,no
2026-10-05T00:28:10.759209Z,KXBTC15M-26OCT042030-30,0.1700,186.33,yes
2026-10-05T00:28:10.76015Z,KXBTC15M-26OCT042030-30,0.1700,1.00,yes
2026-10-05T00:28:10.76015Z,KXBTC15M-26OCT042030-30,0.1700,8.00,yes
2026-10-05T00:28:10.76015Z,KXBTC15M-26OCT042030-30,0.1700,20.75,yes
2026-10-05T00:28:10.76015Z,KXBTC15M-26OCT042030-30,0.1700,20.25,yes
2026-10-05T00:28:10.773224Z,KXBTC15M-26OCT042030-30,0.1700,47.60,yes
2026-10-05T00:28:10.776221Z,KXBTC15M-26OCT042030-30,0.1800,174.89,yes
2026-10-05T00:28:10.776221Z,KXBTC15M-26OCT042030-30,0.1700,1.00,yes
2026-10-05T00:28:10.776221Z,KXBTC15M-26OCT042030-30,0.1700,0.01,yes
2026-10-05T00:28:10.776221Z,KXBTC15M-26OCT042030-30,0.1700,1.00,yes
2026-10-05T00:28:10.776221Z,KXBTC15M-26OCT042030-30,0.1700,30.15,yes
2026-10-05T00:28:10.776221Z,KXBTC15M-26OCT042030-30,0.1700,0.01,yes
2026-10-05T00:28:10.786787Z,KXBTC15M-26OCT042030-30,0.1700,35.46,yes
2026-10-05T00:28:10.81048Z,KXBTC15M-26OCT042030-30,0.1700,0.01,yes
2026-10-05T00:28:10.81048Z,KXBTC15M-26OCT042030-30,0.1700,97.00,yes
2026-10-05T00:28:10.81048Z,KXBTC15M-26OCT042030-30,0.1700,0.01,yes
2026-10-05T00:28:10.81048Z,KXBTC15M-26OCT042030-30,0.1700,247.83,yes
2026-10-05T00:28:10.81048Z,KXBTC15M-26OCT042030-30,0.1700,10.00,yes
2026-10-05T00:28:10.859859Z,KXBTC15M-26OCT042030-30,0.1700,12.10,yes
2026-10-05T00:28:10.863701Z,KXBTC15M-26OCT042030-30,0.1700,7.39,yes
2026-10-05T00:28:10.910622Z,KXBTC15M-26OCT042030-30,0.1700,1.47,yes
2026-10-05T00:28:10.940829Z,KXBTC15M-26OCT042030-30,0.1700,8.17,yes
2026-10-05T00:28:10.969413Z,KXBTC15M-26OCT042030-30,0.1600,11.64,no
2026-10-05T00:28:10.971954Z,KXBTC15M-26OCT042030-30,0.1800,100.00,yes
2026-10-05T00:28:10.971954Z,KXBTC15M-26OCT042030-30,0.1800,324.53,yes
2026-10-05T00:28:10.971954Z,KXBTC15M-26OCT042030-30,0.1700,1.00,yes
2026-10-05T00:28:10.971954Z,KXBTC15M-26OCT042030-30,0.1800,5.00,yes
2026-10-05T00:28:10.971954Z,KXBTC15M-26OCT042030-30,0.1700,0.01,yes
2026-10-05T00:28:10.971954Z,KXBTC15M-26OCT042030-30,0.1700,0.01,yes
2026-10-05T00:28:10.971954Z,KXBTC15M-26OCT042030-30,0.1700,97.00,yes
2026-10-05T00:28:10.971954Z,KXBTC15M-26OCT042030-30,0.1700,123.04,yes
2026-10-05T00:28:10.971954Z,KXBTC15M-26OCT042030-30,0.1800,246.41,yes
2026-10-05T00:28:10.971954Z,KXBTC15M-26OCT042030-30,0.1700,10.00,yes
2026-10-05T00:28:10.971954Z,KXBTC15M-26OCT042030-30,0.1800,50.00,yes
2026-10-05T00:28:10.982374Z,KXBTC15M-26OCT042030-30,0.1700,6.02,no
2026-10-05T00:28:10.98412Z,KXBTC15M-26OCT042030-30,0.1700,86.91,no
2026-10-05T00:28:10.984506Z,KXBTC15M-26OCT042030-30,0.1800,20.00,yes
2026-10-05T00:28:10.984506Z,KXBTC15M-26OCT042030-30,0.1800,5.00,yes
2026-10-05T00:28:10.991974Z,KXBTC15M-26OCT042030-30,0.1800,42.55,yes
2026-10-05T00:28:11.01174Z,KXBTC15M-26OCT042030-30,0.1800,1.35,yes
2026-10-05T00:28:11.017696Z,KXBTC15M-26OCT042030-30,0.1700,34.92,no
2026-10-05T00:28:11.026122Z,KXBTC15M-26OCT042030-30,0.1800,1.47,yes
2026-10-05T00:28:11.056808Z,KXBTC15M-26OCT042030-30,0.1800,11.19,yes
2026-10-05T00:28:11.059849Z,KXBTC15M-26OCT042030-30,0.1800,22.44,yes
2026-10-05T00:28:11.059849Z,KXBTC15M-26OCT042030-30,0.1800,18.40,yes
2026-10-05T00:28:11.062106Z,KXBTC15M-26OCT042030-30,0.1800,11.50,yes
2026-10-05T00:28:11.062254Z,KXBTC15M-26OCT042030-30,0.1800,169.67,yes
2026-10-05T00:28:11.068624Z,KXBTC15M-26OCT042030-30,0.1800,21.15,yes
2026-10-05T00:28:11.089432Z,KXBTC15M-26OCT042030-30,0.1700,254.29,no
2026-10-05T00:28:11.09517Z,KXBTC15M-26OCT042030-30,0.1800,89.70,yes
2026-10-05T00:28:11.114292Z,KXBTC15M-26OCT042030-30,0.1800,0.10,yes
2026-10-05T00:28:11.124686Z,KXBTC15M-26OCT042030-30,0.1800,6.55,yes
2026-10-05T00:28:11.125502Z,KXBTC15M-26OCT042030-30,0.1800,3.83,yes
2026-10-05T00:28:11.141995Z,KXBTC15M-26OCT042030-30,0.1800,53.61,yes
2026-10-05T00:28:11.141995Z,KXBTC15M-26OCT042030-30,0.1800,79.10,yes
2026-10-05T00:28:11.142593Z,KXBTC15M-26OCT042030-30,0.1800,2.39,yes
2026-10-05T00:28:11.142593Z,KXBTC15M-26OCT042030-30,0.1800,14.26,yes
2026-10-05T00:28:11.142593Z,KXBTC15M-26OCT042030-30,0.1800,0.01,yes
2026-10-05T00:28:11.149683Z,KXBTC15M-26OCT042030-30,0.1800,11.97,yes
2026-10-05T00:28:11.161516Z,KXBTC15M-26OCT042030-30,0.1800,1.70,yes
2026-10-05T00:28:11.188172Z,KXBTC15M-26OCT042030-30,0.1800,0.13,yes
2026-10-05T00:28:11.188233Z,KXBTC15M-26OCT042030-30,0.1700,34.90,no
2026-10-05T00:28:11.188233Z,KXBTC15M-26OCT042030-30,0.1700,0.01,no
2026-10-05T00:28:11.188233Z,KXBTC15M-26OCT042030-30,0.1700,0.01,no
2026-10-05T00:28:11.234578Z,KXBTC15M-26OCT042030-30,0.1800,6.15,yes
2026-10-05T00:28:11.235713Z,KXBTC15M-26OCT042030-30,0.1800,30.77,yes
2026-10-05T00:28:11.23611Z,KXBTC15M-26OCT042030-30,0.1800,7.29,yes
2026-10-05T00:28:11.255506Z,KXBTC15M-26OCT042030-30,0.1800,1.64,yes
2026-10-05T00:28:11.267621Z,KXBTC15M-26OCT042030-30,0.1800,16.47,yes
2026-10-05T00:28:11.270608Z,KXBTC15M-26OCT042030-30,0.1800,43.10,yes
2026-10-05T00:28:11.27533Z,KXBTC15M-26OCT042030-30,0.1800,10.20,yes
2026-10-05T00:28:11.282263Z,KXBTC15M-26OCT042030-30,0.1800,100.00,yes
2026-10-05T00:28:11.290727Z,KXBTC15M-26OCT042030-30,0.1800,0.07,yes
2026-10-05T00:28:11.304866Z,KXBTC15M-26OCT042030-30,0.1800,14.70,yes
2026-10-05T00:28:11.305282Z,KXBTC15M-26OCT042030-30,0.1800,1.45,yes
2026-10-05T00:28:11.307711Z,KXBTC15M-26OCT042030-30,0.1700,3.00,no
2026-10-05T00:28:11.309556Z,KXBTC15M-26OCT042030-30,0.1800,146.98,yes
2026-10-05T00:28:11.354921Z,KXBTC15M-26OCT042030-30,0.1600,23.00,no
2026-10-05T00:28:11.354921Z,KXBTC15M-26OCT042030-30,0.1700,462.10,no
2026-10-05T00:28:11.354921Z,KXBTC15M-26OCT042030-30,0.1700,44.00,no
2026-10-05T00:28:11.354921Z,KXBTC15M-26OCT042030-30,0.1700,88.00,no
2026-10-05T00:28:11.354921Z,KXBTC15M-26OCT042030-30,0.1700,0.01,no
2026-10-05T00:28:11.354921Z,KXBTC15M-26OCT042030-30,0.1700,0.01,no
2026-10-05T00:28:11.354921Z,KXBTC15M-26OCT042030-30,0.1700,800.00,no
2026-10-05T00:28:11.354921Z,KXBTC15M-26OCT042030-30,0.1600,23.00,no
2026-10-05T00:28:11.354921Z,KXBTC15M-26OCT042030-30,0.1600,64.00,no
2026-10-05T00:28:11.354921Z,KXBTC15M-26OCT042030-30,0.1600,500.00,no
2026-10-05T00:28:11.354921Z,KXBTC15M-26OCT042030-30,0.1600,64.00,no
2026-10-05T00:28:11.354921Z,KXBTC15M-26OCT042030-30,0.1600,500.00,no
2026-10-05T00:28:11.354921Z,KXBTC15M-26OCT042030-30,0.1600,23.00,no
2026-10-05T00:28:11.354921Z,KXBTC15M-26OCT042030-30,0.1700,5.00,no
2026-10-05T00:28:11.374691Z,KXBTC15M-26OCT042030-30,0.1700,34.64,no
2026-10-05T00:28:11.376956Z,KXBTC15M-26OCT042030-30,0.1800,38.00,yes
2026-10-05T00:28:11.409706Z,KXBTC15M-26OCT042030-30,0.1800,10.50,yes
2026-10-05T00:28:11.44238Z,KXBTC15M-26OCT042030-30,0.1800,30.77,yes
2026-10-05T00:28:11.446508Z,KXBTC15M-26OCT042030-30,0.1800,20.00,yes
2026-10-05T00:28:11.447145Z,KXBTC15M-26OCT042030-30,0.1800,9.63,yes
2026-10-05T00:28:11.460569Z,KXBTC15M-26OCT042030-30,0.1800,160.19,yes
2026-10-05T00:28:11.477014Z,KXBTC15M-26OCT042030-30,0.1800,262.62,yes
2026-10-05T00:28:11.481551Z,KXBTC15M-26OCT042030-30,0.1800,9.55,yes
2026-10-05T00:28:11.491565Z,KXBTC15M-26OCT042030-30,0.1800,269.00,yes
2026-10-05T00:28:11.502447Z,KXBTC15M-26OCT042030-30,0.1800,1.41,yes
2026-10-05T00:28:11.533237Z,KXBTC15M-26OCT042030-30,0.1800,84.00,yes
2026-10-05T00:28:11.54309Z,KXBTC15M-26OCT042030-30,0.1800,10.00,yes
2026-10-05T00:28:11.546318Z,KXBTC15M-26OCT042030-30,0.1800,86.06,yes
2026-10-05T00:28:11.54717Z,KXBTC15M-26OCT042030-30,0.1800,14.43,yes
2026-10-05T00:28:11.550432Z,KXBTC15M-26OCT042030-30,0.1700,114.61,no
2026-10-05T00:28:11.550432Z,KXBTC15M-26OCT042030-30,0.1700,0.01,no
2026-10-05T00:28:11.550432Z,KXBTC15M-26OCT042030-30,0.1700,16.36,no
2026-10-05T00:28:11.550432Z,KXBTC15M-26OCT042030-30,0.1700,0.01,no
2026-10-05T00:28:11.550432Z,KXBTC15M-26OCT042030-30,0.1700,0.01,no
2026-10-05T00:28:11.569287Z,KXBTC15M-26OCT042030-30,0.1700,33.00,no
2026-10-05T00:28:11.579059Z,KXBTC15M-26OCT042030-30,0.1800,4.14,yes
2026-10-05T00:28:11.585929Z,KXBTC15M-26OCT042030-30,0.1800,6.10,yes
2026-10-05T00:28:11.585929Z,KXBTC15M-26OCT042030-30,0.1800,368.14,yes
2026-10-05T00:28:11.585929Z,KXBTC15M-26OCT042030-30,0.1800,6.10,yes
2026-10-05T00:28:11.585929Z,KXBTC15M-26OCT042030-30,0.1800,6.10,yes
2026-10-05T00:28:11.585929Z,KXBTC15M-26OCT042030-30,0.1800,8.00,yes
2026-10-05T00:28:11.585929Z,KXBTC15M-26OCT042030-30,0.1800,17.00,yes
2026-10-05T00:28:11.585929Z,KXBTC15M-26OCT042030-30,0.1800,0.01,yes
2026-10-05T00:28:11.585929Z,KXBTC15M-26OCT042030-30,0.1800,0.01,yes
2026-10-05T00:28:11.585929Z,KXBTC15M-26OCT042030-30,0.1800,82.82,yes
2026-10-05T00:28:11.587321Z,KXBTC15M-26OCT042030-30,0.1800,2.99,yes
2026-10-05T00:28:11.593716Z,KXBTC15M-26OCT042030-30,0.1800,28.87,yes
2026-10-05T00:28:11.593716Z,KXBTC15M-26OCT042030-30,0.1800,86.30,yes
2026-10-05T00:28:11.602342Z,KXBTC15M-26OCT042030-30,0.1800,100.00,yes
2026-10-05T00:28:11.608054Z,KXBTC15M-26OCT042030-30,0.1800,6.49,yes
2026-10-05T00:28:11.617711Z,KXBTC15M-26OCT042030-30,0.1800,105.07,yes
2026-10-05T00:28:11.620209Z,KXBTC15M-26OCT042030-30,0.1700,67.00,no
2026-10-05T00:28:11.629935Z,KXBTC15M-26OCT042030-30,0.1800,200.00,yes
2026-10-05T00:28:11.635486Z,KXBTC15M-26OCT042030-30,0.1800,5.25,yes
2026-10-05T00:28:11.645422Z,KXBTC15M-26OCT042030-30,0.1700,200.00,no
2026-10-05T00:28:11.66112Z,KXBTC15M-26OCT042030-30,0.1800,26.26,yes
2026-10-05T00:28:11.686811Z,KXBTC15M-26OCT042030-30,0.1700,6.85,no
2026-10-05T00:28:11.69187Z,KXBTC15M-26OCT042030-30,0.1800,2.62,yes
2026-10-05T00:28:11.710007Z,KXBTC15M-26OCT042030-30,0.1800,78.00,yes
2026-10-05T00:28:11.718523Z,KXBTC15M-26OCT042030-30,0.1800,26.26,yes
2026-10-05T00:28:11.719106Z,KXBTC15M-26OCT042030-30,0.1800,3.57,yes
2026-10-05T00:28:11.728834Z,KXBTC15M-26OCT042030-30,0.1800,21.90,yes
2026-10-05T00:28:11.739689Z,KXBTC15M-26OCT042030-30,0.1800,36.80,yes
2026-10-05T00:28:11.754585Z,KXBTC15M-26OCT042030-30,0.1800,1.00,yes
2026-10-05T00:28:11.754585Z,KXBTC15M-26OCT042030-30,0.1800,52.00,yes
2026-10-05T00:28:11.754585Z,KXBTC15M-26OCT042030-30,0.1800,101.48,yes
2026-10-05T00:28:11.754585Z,KXBTC15M-26OCT042030-30,0.1800,100.00,yes
2026-10-05T00:28:11.754585Z,KXBTC15M-26OCT042030-30,0.1800,497.61,yes
2026-10-05T00:28:11.754585Z,KXBTC15M-26OCT042030-30,0.1800,99.00,yes
2026-10-05T00:28:11.774395Z,KXBTC15M-26OCT042030-30,0.1800,0.01,yes
2026-10-05T00:28:11.774395Z,KXBTC15M-26OCT042030-30,0.1800,6.10,yes
2026-10-05T00:28:11.774395Z,KXBTC15M-26OCT042030-30,0.1800,0.01,yes
2026-10-05T00:28:11.774395Z,KXBTC15M-26OCT042030-30,0.1800,6.10,yes
2026-10-05T00:28:11.774395Z,KXBTC15M-26OCT042030-30,0.1800,2.39,yes
2026-10-05T00:28:11.774395Z,KXBTC15M-26OCT042030-30,0.1800,337.88,yes
2026-10-05T00:28:11.795639Z,KXBTC15M-26OCT042030-30,0.1700,16.36,no
2026-10-05T00:28:11.795639Z,KXBTC15M-26OCT042030-30,0.1700,5.00,no
2026-10-05T00:28:11.799905Z,KXBTC15M-26OCT042030-30,0.1800,50.00,yes
2026-10-05T00:28:11.800699Z,KXBTC15M-26OCT042030-30,0.1800,4.37,yes
2026-10-05T00:28:11.804453Z,KXBTC15M-26OCT042030-30,0.1700,0.01,no
2026-10-05T00:28:11.804453Z,KXBTC15M-26OCT042030-30,0.1700,0.44,no
2026-10-05T00:28:11.804453Z,KXBTC15M-26OCT042030-30,0.1700,0.01,no
2026-10-05T00:28:11.804453Z,KXBTC15M-26OCT042030-30,0.1700,32.54,no
2026-10-05T00:28:11.806731Z,KXBTC15M-26OCT042030-30,0.1700,1.00,no
2026-10-05T00:28:11.825877Z,KXBTC15M-26OCT042030-30,0.1700,49.62,no
2026-10-05T00:28:11.828911Z,KXBTC15M-26OCT042030-30,0.1800,1.33,yes
2026-10-05T00:28:11.847803Z,KXBTC15M-26OCT042030-30,0.1800,3.94,yes
2026-10-05T00:28:11.866498Z,KXBTC15M-26OCT042030-30,0.1800,6.10,yes
2026-10-05T00:28:11.866498Z,KXBTC15M-26OCT042030-30,0.1800,2.48,yes
2026-10-05T00:28:11.866498Z,KXBTC15M-26OCT042030-30,0.1800,2.74,yes
2026-10-05T00:28:11.878973Z,KXBTC15M-26OCT042030-30,0.1800,12.26,yes
2026-10-05T00:28:11.878973Z,KXBTC15M-26OCT042030-30,0.1800,187.74,yes
2026-10-05T00:28:11.886891Z,KXBTC15M-26OCT042030-30,0.1800,1.00,yes
2026-10-05T00:28:11.906507Z,KXBTC15M-26OCT042030-30,0.1800,10.58,yes
2026-10-05T00:28:11.939665Z,KXBTC15M-26OCT042030-30,0.1800,26.26,yes
2026-10-05T00:28:11.955396Z,KXBTC15M-26OCT042030-30,0.1800,5.00,yes
2026-10-05T00:28:11.964016Z,KXBTC15M-26OCT042030-30,0.1700,0.01,no
2026-10-05T00:28:11.964016Z,KXBTC15M-26OCT042030-30,0.1700,11.07,no
2026-10-05T00:28:11.964016Z,KXBTC15M-26OCT042030-30,0.1600,172.92,no
2026-10-05T00:28:11.964016Z,KXBTC15M-26OCT042030-30,0.1700,5.00,no
2026-10-05T00:28:11.964016Z,KXBTC15M-26OCT042030-30,0.1700,0.01,no
2026-10-05T00:28:11.964016Z,KXBTC15M-26OCT042030-30,0.1700,0.01,no
2026-10-05T00:28:11.979346Z,KXBTC15M-26OCT042030-30,0.1800,0.26,yes
2026-10-05T00:28:11.988653Z,KXBTC15M-26OCT042030-30,0.1800,65.37,yes
2026-10-05T00:28:11.993342Z,KXBTC15M-26OCT042030-30,0.1800,1041.00,yes
2026-10-05T00:28:11.993653Z,KXBTC15M-26OCT042030-30,0.1800,78.80,yes
2026-10-05T00:28:12.006752Z,KXBTC15M-26OCT042030-30,0.1700,0.01,no
2026-10-05T00:28:12.006752Z,KXBTC15M-26OCT042030-30,0.1700,51.00,no
2026-10-05T00:28:12.006752Z,KXBTC15M-26OCT042030-30,0.1700,0.01,no
2026-10-05T00:28:12.006752Z,KXBTC15M-26OCT042030-30,0.1700,8.51,no
2026-10-05T00:28:12.010798Z,KXBTC15M-26OCT042030-30,0.1800,1.00,yes
2026-10-05T00:28:12.010798Z,KXBTC15M-26OCT042030-30,0.1800,25.26,yes
2026-10-05T00:28:12.013924Z,KXBTC15M-26OCT042030-30,0.1700,5.95,no
2026-10-05T00:28:12.014227Z,KXBTC15M-26OCT042030-30,0.1800,10.00,yes
2026-10-05T00:28:12.026376Z,KXBTC15M-26OCT042030-30,0.1800,10.00,yes
2026-10-05T00:28:12.03409Z,KXBTC15M-26OCT042030-30,0.1800,10.00,yes
2026-10-05T00:28:12.045624Z,KXBTC15M-26OCT042030-30,0.1800,10.00,yes
2026-10-05T00:28:12.057808Z,KXBTC15M-26OCT042030-30,0.1800,10.00,yes
2026-10-05T00:28:12.059273Z,KXBTC15M-26OCT042030-30,0.1800,5.25,yes
2026-10-05T00:28:12.064039Z,KXBTC15M-26OCT042030-30,0.1700,80.00,no
2026-10-05T00:28:12.064324Z,KXBTC15M-26OCT042030-30,0.1800,5.52,yes
2026-10-05T00:28:12.067376Z,KXBTC15M-26OCT042030-30,0.1800,10.00,yes
2026-10-05T00:28:12.070646Z,KXBTC15M-26OCT042030-30,0.1700,11.90,no
2026-10-05T00:28:12.072763Z,KXBTC15M-26OCT042030-30,0.1700,64.08,no
2026-10-05T00:28:12.090044Z,KXBTC15M-26OCT042030-30,0.1800,83.00,yes
2026-10-05T00:28:12.090044Z,KXBTC15M-26OCT042030-30,0.1800,400.00,yes
2026-10-05T00:28:12.090044Z,KXBTC15M-26OCT042030-30,0.1800,6.10,yes
2026-10-05T00:28:12.090044Z,KXBTC15M-26OCT042030-30,0.1800,0.01,yes
2026-10-05T00:28:12.090044Z,KXBTC15M-26OCT042030-30,0.1800,0.01,yes
2026-10-05T00:28:12.090044Z,KXBTC15M-26OCT042030-30,0.1800,16.00,yes
2026-10-05T00:28:12.090044Z,KXBTC15M-26OCT042030-30,0.1800,1.97,yes
2026-10-05T00:28:12.090044Z,KXBTC15M-26OCT042030-30,0.1800,1.00,yes
2026-10-05T00:28:12.090044Z,KXBTC15M-26OCT042030-30,0.1800,5.00,yes
2026-10-05T00:28:12.090044Z,KXBTC15M-26OCT042030-30,0.1800,5.00,yes
2026-10-05T00:28:12.091285Z,KXBTC15M-26OCT042030-30,0.1700,120.92,no
2026-10-05T00:28:12.124708Z,KXBTC15M-26OCT042030-30,0.1800,0.01,yes
2026-10-05T00:28:12.124708Z,KXBTC15M-26OCT042030-30,0.1800,0.01,yes
2026-10-05T00:28:12.124859Z,KXBTC15M-26OCT042030-30,0.1700,7.73,no
2026-10-05T00:28:12.124859Z,KXBTC15M-26OCT042030-30,0.1800,27.98,no
2026-10-05T00:28:12.142887Z,KXBTC15M-26OCT042030-30,0.1900,491.19,yes
2026-10-05T00:28:12.142887Z,KXBTC15M-26OCT042030-30,0.1900,73.81,yes
2026-10-05T00:28:12.147168Z,KXBTC15M-26OCT042030-30,0.1900,6.17,yes
2026-10-05T00:28:12.147168Z,KXBTC15M-26OCT042030-30,0.1900,0.01,yes
2026-10-05T00:28:12.147168Z,KXBTC15M-26OCT042030-30,0.1900,0.01,yes
2026-10-05T00:28:12.147168Z,KXBTC15M-26OCT042030-30,0.1900,25.19,yes
2026-10-05T00:28:12.147168Z,KXBTC15M-26OCT042030-30,0.2000,14.23,yes
2026-10-05T00:28:12.147168Z,KXBTC15M-26OCT042030-30,0.1900,5.00,yes
2026-10-05T00:28:12.147168Z,KXBTC15M-26OCT042030-30,0.1900,5.00,yes
2026-10-05T00:28:12.180356Z,KXBTC15M-26OCT042030-30,0.1900,1.14,yes
2026-10-05T00:28:12.180356Z,KXBTC15M-26OCT042030-30,0.1900,30.00,yes
2026-10-05T00:28:12.197905Z,KXBTC15M-26OCT042030-30,0.1900,5.00,yes
2026-10-05T00:28:12.214767Z,KXBTC15M-26OCT042030-30,0.1900,41.74,yes
2026-10-05T00:28:12.225646Z,KXBTC15M-26OCT042030-30,0.1900,10.00,yes
2026-10-05T00:28:12.225646Z,KXBTC15M-26OCT042030-30,0.1900,334.55,yes
2026-10-05T00:28:12.225646Z,KXBTC15M-26OCT042030-30,0.1900,50.12,yes
2026-10-05T00:28:12.225646Z,KXBTC15M-26OCT042030-30,0.1900,0.01,yes
2026-10-05T00:28:12.225646Z,KXBTC15M-26OCT042030-30,0.1900,0.01,yes
2026-10-05T00:28:12.244474Z,KXBTC15M-26OCT042030-30,0.1900,1.00,yes
2026-10-05T00:28:12.244474Z,KXBTC15M-26OCT042030-30,0.1900,0.01,yes
2026-10-05T00:28:12.244474Z,KXBTC15M-26OCT042030-30,0.1900,5.94,yes
2026-10-05T00:28:12.244474Z,KXBTC15M-26OCT042030-30,0.1900,1.00,yes
2026-10-05T00:28:12.244474Z,KXBTC15M-26OCT042030-30,0.1900,21.00,yes
2026-10-05T00:28:12.24852Z,KXBTC15M-26OCT042030-30,0.1900,6.16,yes
2026-10-05T00:28:12.264766Z,KXBTC15M-26OCT042030-30,0.1900,0.01,yes
2026-10-05T00:28:12.264766Z,KXBTC15M-26OCT042030-30,0.1900,0.01,yes
2026-10-05T00:28:12.264766Z,KXBTC15M-26OCT042030-30,0.1900,4.98,yes
2026-10-05T00:28:12.311959Z,KXBTC15M-26OCT042030-30,0.1900,0.01,yes
2026-10-05T00:28:12.311959Z,KXBTC15M-26OCT042030-30,0.1900,46.94,yes
2026-10-05T00:28:12.311959Z,KXBTC15M-26OCT042030-30,0.1900,0.01,yes
2026-10-05T00:28:12.311959Z,KXBTC15M-26OCT042030-30,0.1900,9.00,yes
2026-10-05T00:28:12.318927Z,KXBTC15M-26OCT042030-30,0.1800,2.21,no
2026-10-05T00:28:12.328381Z,KXBTC15M-26OCT042030-30,0.1900,2.85,yes
2026-10-05T00:28:12.356639Z,KXBTC15M-26OCT042030-30,0.1800,119.06,no
2026-10-05T00:28:12.419373Z,KXBTC15M-26OCT042030-30,0.1900,0.01,yes
2026-10-05T00:28:12.419373Z,KXBTC15M-26OCT042030-30,0.1900,14.86,yes
2026-10-05T00:28:12.419373Z,KXBTC15M-26OCT042030-30,0.1900,1.00,yes
2026-10-05T00:28:12.419373Z,KXBTC15M-26OCT042030-30,0.1900,0.01,yes
2026-10-05T00:28:12.45297Z,KXBTC15M-26OCT042030-30,0.1900,1.00,yes
2026-10-05T00:28:12.45297Z,KXBTC15M-26OCT042030-30,0.1900,400.00,yes
2026-10-05T00:28:12.45297Z,KXBTC15M-26OCT042030-30,0.1900,5.14,yes
2026-10-05T00:28:12.45297Z,KXBTC15M-26OCT042030-30,0.1900,5.00,yes
2026-10-05T00:28:12.45297Z,KXBTC15M-26OCT042030-30,0.1900,0.01,yes
2026-10-05T00:28:12.45297Z,KXBTC15M-26OCT042030-30,0.1900,0.01,yes
2026-10-05T00:28:12.45297Z,KXBTC15M-26OCT042030-30,0.1900,1.00,yes
2026-10-05T00:28:12.45297Z,KXBTC15M-26OCT042030-30,0.2000,153.84,yes
2026-10-05T00:28:12.50789Z,KXBTC15M-26OCT042030-30,0.1900,0.01,yes
2026-10-05T00:28:12.50789Z,KXBTC15M-26OCT042030-30,0.1900,0.01,yes
2026-10-05T00:28:12.50789Z,KXBTC15M-26OCT042030-30,0.1900,24.88,yes
2026-10-05T00:28:12.51323Z,KXBTC15M-26OCT042030-30,0.1900,23.56,yes
2026-10-05T00:28:12.533088Z,KXBTC15M-26OCT042030-30,0.1800,50.00,no
2026-10-05T00:28:12.533367Z,KXBTC15M-26OCT042030-30,0.1800,11.90,no
2026-10-05T00:28:12.548468Z,KXBTC15M-26OCT042030-30,0.1800,6.02,no
2026-10-05T00:28:12.551157Z,KXBTC15M-26OCT042030-30,0.1800,1.54,no
2026-10-05T00:28:12.564136Z,KXBTC15M-26OCT042030-30,0.1900,0.01,yes
2026-10-05T00:28:12.564136Z,KXBTC15M-26OCT042030-30,0.1900,1.00,yes
2026-10-05T00:28:12.564136Z,KXBTC15M-26OCT042030-30,0.1900,6.01,yes
2026-10-05T00:28:12.564136Z,KXBTC15M-26OCT042030-30,0.1900,0.01,yes
2026-10-05T00:28:12.565359Z,KXBTC15M-26OCT042030-30,0.1900,4.78,yes
2026-10-05T00:28:12.586104Z,KXBTC15M-26OCT042030-30,0.1900,1.47,yes
2026-10-05T00:28:12.586537Z,KXBTC15M-26OCT042030-30,0.1900,0.50,yes
2026-10-05T00:28:12.593357Z,KXBTC15M-26OCT042030-30,0.1900,7.62,yes
2026-10-05T00:28:12.619996Z,KXBTC15M-26OCT042030-30,0.1800,60.21,no
2026-10-05T00:28:12.626967Z,KXBTC15M-26OCT042030-30,0.1800,53.00,no
2026-10-05T00:28:12.65095Z,KXBTC15M-26OCT042030-30,0.1900,9.96,yes
2026-10-05T00:28:12.663733Z,KXBTC15M-26OCT042030-30,0.1900,200.00,yes
2026-10-05T00:28:12.66516Z,KXBTC15M-26OCT042030-30,0.1800,50.00,no
2026-10-05T00:28:12.67232Z,KXBTC15M-26OCT042030-30,0.1800,6.31,no
2026-10-05T00:28:12.673266Z,KXBTC15M-26OCT042030-30,0.1800,4.99,no
2026-10-05T00:28:12.673845Z,KXBTC15M-26OCT042030-30,0.1800,29.00,no
2026-10-05T00:28:12.681723Z,KXBTC15M-26OCT042030-30,0.1900,142.96,yes
2026-10-05T00:28:12.690457Z,KXBTC15M-26OCT042030-30,0.1900,1.45,yes
2026-10-05T00:28:12.700991Z,KXBTC15M-26OCT042030-30,0.1900,25.25,yes
2026-10-05T00:28:12.700991Z,KXBTC15M-26OCT042030-30,0.1900,0.01,yes
2026-10-05T00:28:12.700991Z,KXBTC15M-26OCT042030-30,0.1900,12.88,yes
2026-10-05T00:28:12.700991Z,KXBTC15M-26OCT042030-30,0.1900,1.00,yes
2026-10-05T00:28:12.700991Z,KXBTC15M-26OCT042030-30,0.1900,1.00,yes
2026-10-05T00:28:12.700991Z,KXBTC15M-26OCT042030-30,0.1900,18.00,yes
2026-10-05T00:28:12.700991Z,KXBTC15M-26OCT042030-30,0.1900,0.01,yes
2026-10-05T00:28:12.71332Z,KXBTC15M-26OCT042030-30,0.1900,8.97,yes
2026-10-05T00:28:12.725583Z,KXBTC15M-26OCT042030-30,0.1900,0.01,yes
2026-10-05T00:28:12.725583Z,KXBTC15M-26OCT042030-30,0.1900,0.01,yes
2026-10-05T00:28:12.725583Z,KXBTC15M-26OCT042030-30,0.1900,0.01,yes
2026-10-05T00:28:12.725583Z,KXBTC15M-26OCT042030-30,0.1900,7.96,yes
2026-10-05T00:28:12.725583Z,KXBTC15M-26OCT042030-30,0.1900,4.65,yes
2026-10-05T00:28:12.728399Z,KXBTC15M-26OCT042030-30,0.1900,12.63,yes
2026-10-05T00:28:12.740294Z,KXBTC15M-26OCT042030-30,0.1900,1.00,yes
2026-10-05T00:28:12.740294Z,KXBTC15M-26OCT042030-30,0.1900,0.01,yes
2026-10-05T00:28:12.740294Z,KXBTC15M-26OCT042030-30,0.1900,0.01,yes
2026-10-05T00:28:12.740294Z,KXBTC15M-26OCT042030-30,0.2000,29.14,yes
2026-10-05T00:28:12.741534Z,KXBTC15M-26OCT042030-30,0.1900,0.01,yes
2026-10-05T00:28:12.741534Z,KXBTC15M-26OCT042030-30,0.2000,199.99,yes
2026-10-05T00:28:12.773221Z,KXBTC15M-26OCT042030-30,0.2000,200.00,yes
2026-10-05T00:28:12.773221Z,KXBTC15M-26OCT042030-30,0.2000,6.25,yes
2026-10-05T00:28:12.773221Z,KXBTC15M-26OCT042030-30,0.2000,6.25,yes
2026-10-05T00:28:12.773221Z,KXBTC15M-26OCT042030-30,0.2000,6.25,yes
2026-10-05T00:28:12.773221Z,KXBTC15M-26OCT042030-30,0.2000,15.00,yes
2026-10-05T00:28:12.773221Z,KXBTC15M-26OCT042030-30,0.2000,0.01,yes
2026-10-05T00:28:12.773221Z,KXBTC15M-26OCT042030-30,0.2000,5.00,yes
2026-10-05T00:28:12.773221Z,KXBTC15M-26OCT042030-30,0.2000,6.25,yes
2026-10-05T00:28:12.773221Z,KXBTC15M-26OCT042030-30,0.2000,120.00,yes
2026-10-05T00:28:12.773221Z,KXBTC15M-26OCT042030-30,0.2000,0.01,yes
2026-10-05T00:28:12.773221Z,KXBTC15M-26OCT042030-30,0.2000,98.00,yes
2026-10-05T00:28:12.773221Z,KXBTC15M-26OCT042030-30,0.2000,102.80,yes
2026-10-05T00:28:12.773221Z,KXBTC15M-26OCT042030-30,0.2000,5.00,yes
2026-10-05T00:28:12.773221Z,KXBTC15M-26OCT042030-30,0.2000,5.00,yes
2026-10-05T00:28:12.778918Z,KXBTC15M-26OCT042030-30,0.2000,24.66,yes
2026-10-05T00:28:12.783288Z,KXBTC15M-26OCT042030-30,0.1800,433.97,no
2026-10-05T00:28:12.783288Z,KXBTC15M-26OCT042030-30,0.1900,5.00,no
2026-10-05T00:28:12.783288Z,KXBTC15M-26OCT042030-30,0.1900,0.01,no
2026-10-05T00:28:12.783288Z,KXBTC15M-26OCT042030-30,0.1900,0.01,no
2026-10-05T00:28:12.783288Z,KXBTC15M-26OCT042030-30,0.1900,0.01,no
2026-10-05T00:28:12.790333Z,KXBTC15M-26OCT042030-30,0.2000,12.60,yes
2026-10-05T00:28:12.790333Z,KXBTC15M-26OCT042030-30,0.1900,5.00,yes
2026-10-05T00:28:12.790333Z,KXBTC15M-26OCT042030-30,0.1900,5.00,yes
2026-10-05T00:28:12.792065Z,KXBTC15M-26OCT042030-30,0.1800,118.00,no
2026-10-05T00:28:12.794866Z,KXBTC15M-26OCT042030-30,0.2000,0.01,yes
2026-10-05T00:28:12.797675Z,KXBTC15M-26OCT042030-30,0.2000,17.32,yes
2026-10-05T00:28:12.799982Z,KXBTC15M-26OCT042030-30,0.2000,30.17,yes
2026-10-05T00:28:12.826703Z,KXBTC15M-26OCT042030-30,0.1900,0.01,no
2026-10-05T00:28:12.857812Z,KXBTC15M-26OCT042030-30,0.2000,174.98,yes
2026-10-05T00:28:12.860335Z,KXBTC15M-26OCT042030-30,0.2000,0.69,yes
2026-10-05T00:28:12.866381Z,KXBTC15M-26OCT042030-30,0.2000,27.98,yes
2026-10-05T00:28:12.886628Z,KXBTC15M-26OCT042030-30,0.2000,1.28,yes
2026-10-05T00:28:12.886733Z,KXBTC15M-26OCT042030-30,0.2000,13.14,yes
2026-10-05T00:28:12.887682Z,KXBTC15M-26OCT042030-30,0.2000,69.20,yes
2026-10-05T00:28:12.901337Z,KXBTC15M-26OCT042030-30,0.1900,85.50,no
2026-10-05T00:28:12.911405Z,KXBTC15M-26OCT042030-30,0.1900,46.19,no
2026-10-05T00:28:12.911405Z,KXBTC15M-26OCT042030-30,0.1900,85.49,no
2026-10-05T00:28:12.919077Z,KXBTC15M-26OCT042030-30,0.2000,163.00,yes
2026-10-05T00:28:12.952608Z,KXBTC15M-26OCT042030-30,0.1900,5.00,no
2026-10-05T00:28:12.952608Z,KXBTC15M-26OCT042030-30,0.1900,0.01,no
2026-10-05T00:28:12.952608Z,KXBTC15M-26OCT042030-30,0.1900,0.01,no
2026-10-05T00:28:12.952608Z,KXBTC15M-26OCT042030-30,0.1800,301.73,no
2026-10-05T00:28:12.952608Z,KXBTC15M-26OCT042030-30,0.1900,6.00,no
2026-10-05T00:28:12.952608Z,KXBTC15M-26OCT042030-30,0.1900,0.01,no
2026-10-05T00:28:12.952608Z,KXBTC15M-26OCT042030-30,0.1900,5.00,no
2026-10-05T00:28:12.973493Z,KXBTC15M-26OCT042030-30,0.2000,8.96,yes
2026-10-05T00:28:12.982578Z,KXBTC15M-26OCT042030-30,0.2000,2.01,yes
2026-10-05T00:28:12.983921Z,KXBTC15M-26OCT042030-30,0.1900,5.00,no
2026-10-05T00:28:12.983921Z,KXBTC15M-26OCT042030-30,0.1900,69.99,no
2026-10-05T00:28:12.983921Z,KXBTC15M-26OCT042030-30,0.1900,0.01,no
2026-10-05T00:28:12.985752Z,KXBTC15M-26OCT042030-30,0.2000,25.36,yes
2026-10-05T00:28:12.992216Z,KXBTC15M-26OCT042030-30,0.1900,1.20,no
2026-10-05T00:28:13.030039Z,KXBTC15M-26OCT042030-30,0.1900,27.00,no
2026-10-05T00:28:13.030458Z,KXBTC15M-26OCT042030-30,0.2000,89.23,yes
2026-10-05T00:28:13.066484Z,KXBTC15M-26OCT042030-30,0.2000,192.63,yes
2026-10-05T00:28:13.074935Z,KXBTC15M-26OCT042030-30,0.2000,23.83,yes
2026-10-05T00:28:13.088055Z,KXBTC15M-26OCT042030-30,0.2000,23.21,yes
2026-10-05T00:28:13.103942Z,KXBTC15M-26OCT042030-30,0.1900,1.00,no
2026-10-05T00:28:13.109444Z,KXBTC15M-26OCT042030-30,0.2000,50.00,yes
2026-10-05T00:28:13.13347Z,KXBTC15M-26OCT042030-30,0.2000,50.00,yes
2026-10-05T00:28:13.143115Z,KXBTC15M-26OCT042030-30,0.1900,6.00,no
2026-10-05T00:28:13.143949Z,KXBTC15M-26OCT042030-30,0.2000,6.57,yes
2026-10-05T00:28:13.159932Z,KXBTC15M-26OCT042030-30,0.1900,5.00,no
2026-10-05T00:28:13.159932Z,KXBTC15M-26OCT042030-30,0.1900,5.00,no
2026-10-05T00:28:13.159932Z,KXBTC15M-26OCT042030-30,0.1800,252.06,no
2026-10-05T00:28:13.159932Z,KXBTC15M-26OCT042030-30,0.1900,0.01,no
2026-10-05T00:28:13.159932Z,KXBTC15M-26OCT042030-30,0.1800,516.58,no
2026-10-05T00:28:13.159932Z,KXBTC15M-26OCT042030-30,0.1900,187.43,no
2026-10-05T00:28:13.159932Z,KXBTC15M-26OCT042030-30,0.1900,783.91,no
2026-10-05T00:28:13.159932Z,KXBTC15M-26OCT042030-30,0.1900,0.01,no
2026-10-05T00:28:13.169762Z,KXBTC15M-26OCT042030-30,0.2000,217.13,yes
2026-10-05T00:28:13.169762Z,KXBTC15M-26OCT042030-30,0.1900,1.00,yes
2026-10-05T00:28:13.174481Z,KXBTC15M-26OCT042030-30,0.2000,47.34,yes
2026-10-05T00:28:13.175219Z,KXBTC15M-26OCT042030-30,0.1900,0.01,yes
2026-10-05T00:28:13.175219Z,KXBTC15M-26OCT042030-30,0.1900,17.00,yes
2026-10-05T00:28:13.179849Z,KXBTC15M-26OCT042030-30,0.1900,0.01,no
2026-10-05T00:28:13.183969Z,KXBTC15M-26OCT042030-30,0.2000,99.43,yes
2026-10-05T00:28:13.187192Z,KXBTC15M-26OCT042030-30,0.2000,110.66,yes
2026-10-05T00:28:13.187277Z,KXBTC15M-26OCT042030-30,0.1900,0.99,no
2026-10-05T00:28:13.190406Z,KXBTC15M-26OCT042030-30,0.1900,0.12,no
2026-10-05T00:28:13.19164Z,KXBTC15M-26OCT042030-30,0.1900,37.49,no
2026-10-05T00:28:13.225145Z,KXBTC15M-26OCT042030-30,0.2000,5.57,yes
2026-10-05T00:28:13.233832Z,KXBTC15M-26OCT042030-30,0.2000,1.01,yes
2026-10-05T00:28:13.233832Z,KXBTC15M-26OCT042030-30,0.2000,37.70,yes
2026-10-05T00:28:13.233832Z,KXBTC15M-26OCT042030-30,0.2000,5.00,yes
2026-10-05T00:28:13.234927Z,KXBTC15M-26OCT042030-30,0.2000,16.60,yes
2026-10-05T00:28:13.234927Z,KXBTC15M-26OCT042030-30,0.2000,0.01,yes
2026-10-05T00:28:13.234927Z,KXBTC15M-26OCT042030-30,0.2000,3.99,yes
2026-10-05T00:28:13.234927Z,KXBTC15M-26OCT042030-30,0.2000,6.25,yes
2026-10-05T00:28:13.234927Z,KXBTC15M-26OCT042030-30,0.2000,0.01,yes
2026-10-05T00:28:13.234927Z,KXBTC15M-26OCT042030-30,0.2000,6.25,yes
2026-10-05T00:28:13.236998Z,KXBTC15M-26OCT042030-30,0.2000,7.87,yes
2026-10-05T00:28:13.238814Z,KXBTC15M-26OCT042030-30,0.1900,67.00,no
2026-10-05T00:28:13.246489Z,KXBTC15M-26OCT042030-30,0.2000,42.36,yes
2026-10-05T00:28:13.258674Z,KXBTC15M-26OCT042030-30,0.2000,2.41,yes
2026-10-05T00:28:13.265845Z,KXBTC15M-26OCT042030-30,0.2000,0.94,yes
2026-10-05T00:28:13.291588Z,KXBTC15M-26OCT042030-30,0.2000,6.25,yes
2026-10-05T00:28:13.291588Z,KXBTC15M-26OCT042030-30,0.2000,2.90,yes
2026-10-05T00:28:13.291588Z,KXBTC15M-26OCT042030-30,0.2000,108.41,yes
2026-10-05T00:28:13.292847Z,KXBTC15M-26OCT042030-30,0.2000,25.00,yes
2026-10-05T00:28:13.293984Z,KXBTC15M-26OCT042030-30,0.1900,24.59,no
2026-10-05T00:28:13.298332Z,KXBTC15M-26OCT042030-30,0.2000,39.71,yes
2026-10-05T00:28:13.308177Z,KXBTC15M-26OCT042030-30,0.2000,7.29,yes
2026-10-05T00:28:13.309479Z,KXBTC15M-26OCT042030-30,0.1900,12.18,no
2026-10-05T00:28:13.310431Z,KXBTC15M-26OCT042030-30,0.1900,16.00,no
2026-10-05T00:28:13.331364Z,KXBTC15M-26OCT042030-30,0.2000,200.00,yes
2026-10-05T00:28:13.348067Z,KXBTC15M-26OCT042030-30,0.2000,18.69,yes
2026-10-05T00:28:13.387352Z,KXBTC15M-26OCT042030-30,0.2000,14.07,yes
2026-10-05T00:28:13.387352Z,KXBTC15M-26OCT042030-30,0.2000,0.90,yes
2026-10-05T00:28:13.387352Z,KXBTC15M-26OCT042030-30,0.2000,6.00,yes
2026-10-05T00:28:13.38952Z,KXBTC15M-26OCT042030-30,0.1900,247.37,no
2026-10-05T00:28:13.38952Z,KXBTC15M-26OCT042030-30,0.1900,6.00,no
2026-10-05T00:28:13.38952Z,KXBTC15M-26OCT042030-30,0.1900,0.01,no
2026-10-05T00:28:13.38952Z,KXBTC15M-26OCT042030-30,0.1900,5.00,no
2026-10-05T00:28:13.38952Z,KXBTC15M-26OCT042030-30,0.1900,0.01,no
2026-10-05T00:28:13.38952Z,KXBTC15M-26OCT042030-30,0.1900,324.61,no
2026-10-05T00:28:13.395489Z,KXBTC15M-26OCT042030-30,0.2000,96.00,yes
2026-10-05T00:28:13.40241Z,KXBTC15M-26OCT042030-30,0.2000,5.25,yes
2026-10-05T00:28:13.416736Z,KXBTC15M-26OCT042030-30,0.2000,23.67,yes
2026-10-05T00:28:13.430188Z,KXBTC15M-26OCT042030-30,0.1900,5.00,no
2026-10-05T00:28:13.430188Z,KXBTC15M-26OCT042030-30,0.1900,0.01,no
2026-10-05T00:28:13.430188Z,KXBTC15M-26OCT042030-30,0.1900,0.01,no
2026-10-05T00:28:13.430188Z,KXBTC15M-26OCT042030-30,0.1900,0.01,no
2026-10-05T00:28:13.430188Z,KXBTC15M-26OCT042030-30,0.1900,0.01,no
2026-10-05T00:28:13.430188Z,KXBTC15M-26OCT042030-30,0.1900,5.00,no
2026-10-05T00:28:13.430188Z,KXBTC15M-26OCT042030-30,0.1800,18.61,no
2026-10-05T00:28:13.436875Z,KXBTC15M-26OCT042030-30,0.2000,50.00,yes
2026-10-05T00:28:13.443111Z,KXBTC15M-26OCT042030-30,0.1900,2.42,no
2026-10-05T00:28:13.443111Z,KXBTC15M-26OCT042030-30,0.1900,0.01,no
2026-10-05T00:28:13.446916Z,KXBTC15M-26OCT042030-30,0.2000,9.46,yes
2026-10-05T00:28:13.482971Z,KXBTC15M-26OCT042030-30,0.2000,50.00,yes
2026-10-05T00:28:13.546395Z,KXBTC15M-26OCT042030-30,0.1900,6.09,no
2026-10-05T00:28:13.56651Z,KXBTC15M-26OCT042030-30,0.2000,4.00,yes
2026-10-05T00:28:13.573262Z,KXBTC15M-26OCT042030-30,0.1900,16.50,no
2026-10-05T00:28:13.573262Z,KXBTC15M-26OCT042030-30,0.1900,42.49,no
2026-10-05T00:28:13.573262Z,KXBTC15M-26OCT042030-30,0.1900,0.01,no
2026-10-05T00:28:13.58284Z,KXBTC15M-26OCT042030-30,0.2000,38.52,yes
2026-10-05T00:28:13.586586Z,KXBTC15M-26OCT042030-30,0.2000,23.67,yes
2026-10-05T00:28:13.589975Z,KXBTC15M-26OCT042030-30,0.1900,18.06,no
2026-10-05T00:28:13.597408Z,KXBTC15M-26OCT042030-30,0.2000,271.64,yes
2026-10-05T00:28:13.60947Z,KXBTC15M-26OCT042030-30,0.2000,1.00,yes
2026-10-05T00:28:13.60947Z,KXBTC15M-26OCT042030-30,0.2000,0.01,yes
2026-10-05T00:28:13.60947Z,KXBTC15M-26OCT042030-30,0.2000,0.01,yes
2026-10-05T00:28:13.60947Z,KXBTC15M-26OCT042030-30,0.2000,913.72,yes
2026-10-05T00:28:13.60947Z,KXBTC15M-26OCT042030-30,0.2000,23.00,yes
2026-10-05T00:28:13.60947Z,KXBTC15M-26OCT042030-30,0.2000,400.00,yes
2026-10-05T00:28:13.60947Z,KXBTC15M-26OCT042030-30,0.2100,44.60,yes
2026-10-05T00:28:13.60947Z,KXBTC15M-26OCT042030-30,0.2100,15.00,yes
2026-10-05T00:28:13.60947Z,KXBTC15M-26OCT042030-30,0.2100,5.00,yes
2026-10-05T00:28:13.60947Z,KXBTC15M-26OCT042030-30,0.2100,5.00,yes
2026-10-05T00:28:13.60947Z,KXBTC15M-26OCT042030-30,0.2100,10.00,yes
2026-10-05T00:28:13.60947Z,KXBTC15M-26OCT042030-30,0.2100,500.00,yes
2026-10-05T00:28:13.60947Z,KXBTC15M-26OCT042030-30,0.2100,15.00,yes
2026-10-05T00:28:13.60947Z,KXBTC15M-26OCT042030-30,0.2100,10.00,yes
2026-10-05T00:28:13.610277Z,KXBTC15M-26OCT042030-30,0.2200,5.00,yes
2026-10-05T00:28:13.610277Z,KXBTC15M-26OCT042030-30,0.2200,6.00,yes
2026-10-05T00:28:13.610277Z,KXBTC15M-26OCT042030-30,0.2200,5.00,yes
2026-10-05T00:28:13.610277Z,KXBTC15M-26OCT042030-30,0.2200,10.00,yes
2026-10-05T00:28:13.610277Z,KXBTC15M-26OCT042030-30,0.2200,10.00,yes
2026-10-05T00:28:13.610277Z,KXBTC15M-26OCT042030-30,0.2200,10.00,yes
2026-10-05T00:28:13.610277Z,KXBTC15M-26OCT042030-30,0.2200,500.00,yes
2026-10-05T00:28:13.613145Z,KXBTC15M-26OCT042030-30,0.2300,1.00,yes
2026-10-05T00:28:13.613145Z,KXBTC15M-26OCT042030-30,0.2300,500.00,yes
2026-10-05T00:28:13.613145Z,KXBTC15M-26OCT042030-30,0.2300,0.10,yes
2026-10-05T00:28:13.613145Z,KXBTC15M-26OCT042030-30,0.2300,734.37,yes
2026-10-05T00:28:13.613145Z,KXBTC15M-26OCT042030-30,0.2300,5.00,yes
2026-10-05T00:28:13.619676Z,KXBTC15M-26OCT042030-30,0.2200,13.00,yes
2026-10-05T00:28:13.619837Z,KXBTC15M-26OCT042030-30,0.2300,5.00,yes
2026-10-05T00:28:13.619837Z,KXBTC15M-26OCT042030-30,0.2200,51.00,yes
2026-10-05T00:28:13.619837Z,KXBTC15M-26OCT042030-30,0.2300,15.00,yes
2026-10-05T00:28:13.619837Z,KXBTC15M-26OCT042030-30,0.2300,15.00,yes
2026-10-05T00:28:13.619837Z,KXBTC15M-26OCT042030-30,0.2200,64.00,yes
2026-10-05T00:28:13.619837Z,KXBTC15M-26OCT042030-30,0.2200,15.00,yes
2026-10-05T00:28:13.619837Z,KXBTC15M-26OCT042030-30,0.2300,5.00,yes
2026-10-05T00:28:13.619837Z,KXBTC15M-26OCT042030-30,0.2300,93.75,yes
2026-10-05T00:28:13.619837Z,KXBTC15M-26OCT042030-30,0.2200,15.00,yes
2026-10-05T00:28:13.619837Z,KXBTC15M-26OCT042030-30,0.2200,1.00,yes
2026-10-05T00:28:13.619837Z,KXBTC15M-26OCT042030-30,0.2400,10.00,yes
2026-10-05T00:28:13.619837Z,KXBTC15M-26OCT042030-30,0.2400,2.00,yes
2026-10-05T00:28:13.622703Z,KXBTC15M-26OCT042030-30,0.2200,5.00,yes
2026-10-05T00:28:13.626399Z,KXBTC15M-26OCT042030-30,0.2200,5.00,no
2026-10-05T00:28:13.633704Z,KXBTC15M-26OCT042030-30,0.2400,5.00,yes
2026-10-05T00:28:13.633704Z,KXBTC15M-26OCT042030-30,0.2400,5.00,yes
2026-10-05T00:28:13.633704Z,KXBTC15M-26OCT042030-30,0.2400,0.01,yes
2026-10-05T00:28:13.636898Z,KXBTC15M-26OCT042030-30,0.2300,7.00,no
2026-10-05T00:28:13.642215Z,KXBTC15M-26OCT042030-30,0.2400,0.01,yes
2026-10-05T00:28:13.64453Z,KXBTC15M-26OCT042030-30,0.2400,219.99,yes
2026-10-05T00:28:13.64453Z,KXBTC15M-26OCT042030-30,0.2400,0.01,yes
2026-10-05T00:28:13.649209Z,KXBTC15M-26OCT042030-30,0.2300,6.00,no
2026-10-05T00:28:13.660218Z,KXBTC15M-26OCT042030-30,0.2500,5.00,yes
2026-10-05T00:28:13.660218Z,KXBTC15M-26OCT042030-30,0.2500,5.00,yes
2026-10-05T00:28:13.660218Z,KXBTC15M-26OCT042030-30,0.2500,15.00,yes
2026-10-05T00:28:13.662725Z,KXBTC15M-26OCT042030-30,0.2400,13.00,no
2026-10-05T00:28:13.667539Z,KXBTC15M-26OCT042030-30,0.2500,0.01,yes
2026-10-05T00:28:13.667539Z,KXBTC15M-26OCT042030-30,0.2500,0.01,yes
2026-10-05T00:28:13.667539Z,KXBTC15M-26OCT042030-30,0.2500,23.99,yes
2026-10-05T00:28:13.689931Z,KXBTC15M-26OCT042030-30,0.2400,184.00,no
2026-10-05T00:28:13.704957Z,KXBTC15M-26OCT042030-30,0.2500,4.51,yes
2026-10-05T00:28:13.733195Z,KXBTC15M-26OCT042030-30,0.2500,86.40,yes
2026-10-05T00:28:13.752268Z,KXBTC15M-26OCT042030-30,0.2500,73.13,yes
2026-10-05T00:28:13.755934Z,KXBTC15M-26OCT042030-30,0.2400,1.00,no
2026-10-05T00:28:13.781796Z,KXBTC15M-26OCT042030-30,0.2500,0.01,yes
2026-10-05T00:28:13.781796Z,KXBTC15M-26OCT042030-30,0.2500,1.00,yes
2026-10-05T00:28:13.781796Z,KXBTC15M-26OCT042030-30,0.2500,5.00,yes
2026-10-05T00:28:13.781796Z,KXBTC15M-26OCT042030-30,0.2500,5.00,yes
2026-10-05T00:28:13.781796Z,KXBTC15M-26OCT042030-30,0.2500,19.00,yes
2026-10-05T00:28:13.781796Z,KXBTC15M-26OCT042030-30,0.2600,64.99,yes
2026-10-05T00:28:13.785557Z,KXBTC15M-26OCT042030-30,0.2500,23.92,yes
2026-10-05T00:28:13.790536Z,KXBTC15M-26OCT042030-30,0.2400,1.00,no
2026-10-05T00:28:13.794947Z,KXBTC15M-26OCT042030-30,0.2500,121.00,yes
2026-10-05T00:28:13.810151Z,KXBTC15M-26OCT042030-30,0.2400,14.08,no
2026-10-05T00:28:13.820401Z,KXBTC15M-26OCT042030-30,0.2500,19.50,yes
2026-10-05T00:28:13.826456Z,KXBTC15M-26OCT042030-30,0.2500,9.09,yes
2026-10-05T00:28:13.833984Z,KXBTC15M-26OCT042030-30,0.2500,19.71,yes
2026-10-05T00:28:13.843893Z,KXBTC15M-26OCT042030-30,0.2500,272.00,yes
2026-10-05T00:28:13.843941Z,KXBTC15M-26OCT042030-30,0.2500,95.00,yes
2026-10-05T00:28:13.845353Z,KXBTC15M-26OCT042030-30,0.2500,35.81,yes
2026-10-05T00:28:13.855086Z,KXBTC15M-26OCT042030-30,0.2500,0.03,yes
2026-10-05T00:28:13.855086Z,KXBTC15M-26OCT042030-30,0.2500,0.01,yes
2026-10-05T00:28:13.858341Z,KXBTC15M-26OCT042030-30,0.2400,2.00,no
2026-10-05T00:28:13.885016Z,KXBTC15M-26OCT042030-30,0.2500,0.43,yes
2026-10-05T00:28:13.890432Z,KXBTC15M-26OCT042030-30,0.2400,0.01,no
2026-10-05T00:28:13.890432Z,KXBTC15M-26OCT042030-30,0.2400,0.01,no
2026-10-05T00:28:13.890432Z,KXBTC15M-26OCT042030-30,0.2400,80.43,no
2026-10-05T00:28:13.890432Z,KXBTC15M-26OCT042030-30,0.2400,29.46,no
2026-10-05T00:28:13.890432Z,KXBTC15M-26OCT042030-30,0.2400,11.92,no
2026-10-05T00:28:13.925929Z,KXBTC15M-26OCT042030-30,0.2500,0.01,yes
2026-10-05T00:28:13.928405Z,KXBTC15M-26OCT042030-30,0.2400,0.54,no
2026-10-05T00:28:13.928405Z,KXBTC15M-26OCT042030-30,0.2400,2.01,no
2026-10-05T00:28:13.930326Z,KXBTC15M-26OCT042030-30,0.2400,1.00,no
2026-10-05T00:28:13.930326Z,KXBTC15M-26OCT042030-30,0.2300,489.09,no
2026-10-05T00:28:13.930326Z,KXBTC15M-26OCT042030-30,0.2300,474.34,no
2026-10-05T00:28:13.930326Z,KXBTC15M-26OCT042030-30,0.2400,59.22,no
2026-10-05T00:28:13.930326Z,KXBTC15M-26OCT042030-30,0.2400,2.00,no
2026-10-05T00:28:13.930326Z,KXBTC15M-26OCT042030-30,0.2400,20.00,no
2026-10-05T00:28:13.930326Z,KXBTC15M-26OCT042030-30,0.2400,0.01,no
2026-10-05T00:28:13.930326Z,KXBTC15M-26OCT042030-30,0.2400,0.01,no
2026-10-05T00:28:13.930326Z,KXBTC15M-26OCT042030-30,0.2300,6.00,no
2026-10-05T00:28:13.930326Z,KXBTC15M-26OCT042030-30,0.2400,1497.99,no
2026-10-05T00:28:13.930326Z,KXBTC15M-26OCT042030-30,0.2400,5.00,no
2026-10-05T00:28:13.930326Z,KXBTC15M-26OCT042030-30,0.2400,474.34,no
2026-10-05T00:28:13.930326Z,KXBTC15M-26OCT042030-30,0.2300,487.00,no
2026-10-05T00:28:13.930326Z,KXBTC15M-26OCT042030-30,0.2400,15.00,no
2026-10-05T00:28:13.930326Z,KXBTC15M-26OCT042030-30,0.2400,10.00,no
2026-10-05T00:28:13.948202Z,KXBTC15M-26OCT042030-30,0.2400,279.00,yes
2026-10-05T00:28:13.950264Z,KXBTC15M-26OCT042030-30,0.2400,19.69,yes
2026-10-05T00:28:13.990782Z,KXBTC15M-26OCT042030-30,0.2400,95.00,yes
2026-10-05T00:28:13.9947Z,KXBTC15M-26OCT042030-30,0.2300,80.00,no
2026-10-05T00:28:13.9947Z,KXBTC15M-26OCT042030-30,0.2300,0.01,no
2026-10-05T00:28:13.9947Z,KXBTC15M-26OCT042030-30,0.2300,0.01,no
2026-10-05T00:28:13.9947Z,KXBTC15M-26OCT042030-30,0.2200,98.60,no
2026-10-05T00:28:13.9947Z,KXBTC15M-26OCT042030-30,0.2200,500.00,no
2026-10-05T00:28:14.049452Z,KXBTC15M-26OCT042030-30,0.2300,8.00,no
2026-10-05T00:28:14.088129Z,KXBTC15M-26OCT042030-30,0.2400,123.19,yes
2026-10-05T00:28:14.10444Z,KXBTC15M-26OCT042030-30,0.2400,6.39,yes
2026-10-05T00:28:14.108294Z,KXBTC15M-26OCT042030-30,0.2300,31.00,no
2026-10-05T00:28:14.108724Z,KXBTC15M-26OCT042030-30,0.2400,2.00,yes
2026-10-05T00:28:14.169687Z,KXBTC15M-26OCT042030-30,0.2400,76.62,yes
2026-10-05T00:28:14.171923Z,KXBTC15M-26OCT042030-30,0.2400,28.18,yes
2026-10-05T00:28:14.179807Z,KXBTC15M-26OCT042030-30,0.2400,19.00,yes
2026-10-05T00:28:14.284081Z,KXBTC15M-26OCT042030-30,0.2400,2.50,yes
2026-10-05T00:28:14.286225Z,KXBTC15M-26OCT042030-30,0.2400,435.38,yes
2026-10-05T00:28:14.295573Z,KXBTC15M-26OCT042030-30,0.2300,0.41,no
2026-10-05T00:28:14.295573Z,KXBTC15M-26OCT042030-30,0.2300,0.01,no
2026-10-05T00:28:14.295573Z,KXBTC15M-26OCT042030-30,0.2300,0.01,no
2026-10-05T00:28:14.295573Z,KXBTC15M-26OCT042030-30,0.2300,14.57,no
2026-10-05T00:28:14.295573Z,KXBTC15M-26OCT042030-30,0.2300,12.00,no
2026-10-05T00:28:14.295573Z,KXBTC15M-26OCT042030-30,0.2300,10.00,no
2026-10-05T00:28:14.30488Z,KXBTC15M-26OCT042030-30,0.2400,1.90,yes
2026-10-05T00:28:14.31555Z,KXBTC15M-26OCT042030-30,0.2400,227.25,yes
2026-10-05T00:28:14.320785Z,KXBTC15M-26OCT042030-30,0.2300,7.00,no
2026-10-05T00:28:14.327546Z,KXBTC15M-26OCT042030-30,0.2400,11.40,yes
2026-10-05T00:28:14.339455Z,KXBTC15M-26OCT042030-30,0.2300,5.00,no
2026-10-05T00:28:14.359184Z,KXBTC15M-26OCT042030-30,0.2400,29.50,yes
2026-10-05T00:28:14.360201Z,KXBTC15M-26OCT042030-30,0.2400,3.95,yes
2026-10-05T00:28:14.374224Z,KXBTC15M-26OCT042030-30,0.2300,25.36,no
2026-10-05T00:28:14.377506Z,KXBTC15M-26OCT042030-30,0.2400,3.80,yes
2026-10-05T00:28:14.4154Z,KXBTC15M-26OCT042030-30,0.2400,7.60,yes
2026-10-05T00:28:14.445013Z,KXBTC15M-26OCT042030-30,0.2400,19.00,yes
2026-10-05T00:28:14.460783Z,KXBTC15M-26OCT042030-30,0.2300,11.00,no
2026-10-05T00:28:14.47105Z,KXBTC15M-26OCT042030-30,0.2400,1.97,yes
2026-10-05T00:28:14.479447Z,KXBTC15M-26OCT042030-30,0.2400,3.07,yes
2026-10-05T00:28:14.483501Z,KXBTC15M-26OCT042030-30,0.2400,3.80,yes
2026-10-05T00:28:14.491457Z,KXBTC15M-26OCT042030-30,0.2300,0.01,no
2026-10-05T00:28:14.491457Z,KXBTC15M-26OCT042030-30,0.2300,5.00,no
2026-10-05T00:28:14.491457Z,KXBTC15M-26OCT042030-30,0.2300,0.01,no
2026-10-05T00:28:14.491457Z,KXBTC15M-26OCT042030-30,0.2300,3.59,no
2026-10-05T00:28:14.491457Z,KXBTC15M-26OCT042030-30,0.2300,66.38,no
2026-10-05T00:28:14.491708Z,KXBTC15M-26OCT042030-30,0.2300,50.00,no
2026-10-05T00:28:14.514286Z,KXBTC15M-26OCT042030-30,0.2400,0.03,yes
2026-10-05T00:28:14.514875Z,KXBTC15M-26OCT042030-30,0.2400,38.00,yes
2026-10-05T00:28:14.542005Z,KXBTC15M-26OCT042030-30,0.2400,35.60,yes
2026-10-05T00:28:14.561878Z,KXBTC15M-26OCT042030-30,0.2400,10.00,yes
2026-10-05T00:28:14.561878Z,KXBTC15M-26OCT042030-30,0.2400,41.94,yes
2026-10-05T00:28:14.561878Z,KXBTC15M-26OCT042030-30,0.2400,1.00,yes
2026-10-05T00:28:14.561878Z,KXBTC15M-26OCT042030-30,0.2400,26.18,yes
2026-10-05T00:28:14.563884Z,KXBTC15M-26OCT042030-30,0.2300,11.00,no
2026-10-05T00:28:14.592593Z,KXBTC15M-26OCT042030-30,0.2300,19.91,no
2026-10-05T00:28:14.60119Z,KXBTC15M-26OCT042030-30,0.2400,7.91,yes
2026-10-05T00:28:14.623864Z,KXBTC15M-26OCT042030-30,0.2400,19.78,yes
2026-10-05T00:28:14.639858Z,KXBTC15M-26OCT042030-30,0.2300,10.00,no
2026-10-05T00:28:14.648035Z,KXBTC15M-26OCT042030-30,0.2400,138.15,yes
2026-10-05T00:28:14.648275Z,KXBTC15M-26OCT042030-30,0.2400,3.95,yes
2026-10-05T00:28:14.648333Z,KXBTC15M-26OCT042030-30,0.2400,138.15,yes
2026-10-05T00:28:14.649421Z,KXBTC15M-26OCT042030-30,0.2400,138.15,yes
2026-10-05T00:28:14.651255Z,KXBTC15M-26OCT042030-30,0.2400,0.01,yes
2026-10-05T00:28:14.651255Z,KXBTC15M-26OCT042030-30,0.2400,137.16,yes
2026-10-05T00:28:14.651255Z,KXBTC15M-26OCT042030-30,0.2400,0.97,yes
2026-10-05T00:28:14.651255Z,KXBTC15M-26OCT042030-30,0.2400,0.01,yes
2026-10-05T00:28:14.656554Z,KXBTC15M-26OCT042030-30,0.2300,1.00,no
2026-10-05T00:28:14.662271Z,KXBTC15M-26OCT042030-30,0.2400,5.56,yes
2026-10-05T00:28:14.683246Z,KXBTC15M-26OCT042030-30,0.2400,7.91,yes
2026-10-05T00:28:14.693016Z,KXBTC15M-26OCT042030-30,0.2300,9.30,no
2026-10-05T00:28:14.695072Z,KXBTC15M-26OCT042030-30,0.2400,2.17,yes
2026-10-05T00:28:14.714216Z,KXBTC15M-26OCT042030-30,0.2400,39.56,yes
2026-10-05T00:28:14.722241Z,KXBTC15M-26OCT042030-30,0.2400,7.91,yes
2026-10-05T00:28:14.722375Z,KXBTC15M-26OCT042030-30,0.2400,76.13,yes
2026-10-05T00:28:14.740152Z,KXBTC15M-26OCT042030-30,0.2400,3.95,yes
2026-10-05T00:28:14.745038Z,KXBTC15M-26OCT042030-30,0.2300,6.24,no
2026-10-05T00:28:14.754466Z,KXBTC15M-26OCT042030-30,0.2400,119.65,yes
2026-10-05T00:28:14.754466Z,KXBTC15M-26OCT042030-30,0.2400,6.35,yes
2026-10-05T00:28:14.754466Z,KXBTC15M-26OCT042030-30,0.2400,74.00,yes
2026-10-05T00:28:14.755749Z,KXBTC15M-26OCT042030-30,0.2400,1.00,yes
2026-10-05T00:28:14.755749Z,KXBTC15M-26OCT042030-30,0.2400,144.07,yes
2026-10-05T00:28:14.755749Z,KXBTC15M-26OCT042030-30,0.2400,53.93,yes
2026-10-05T00:28:14.755749Z,KXBTC15M-26OCT042030-30,0.2400,1.00,yes
2026-10-05T00:28:14.760458Z,KXBTC15M-26OCT042030-30,0.2400,11.86,yes
2026-10-05T00:28:14.761162Z,KXBTC15M-26OCT042030-30,0.2400,19.78,yes
2026-10-05T00:28:14.762449Z,KXBTC15M-26OCT042030-30,0.2400,9.29,yes
2026-10-05T00:28:14.762449Z,KXBTC15M-26OCT042030-30,0.2400,0.01,yes
2026-10-05T00:28:14.762449Z,KXBTC15M-26OCT042030-30,0.2400,0.01,yes
2026-10-05T00:28:14.762449Z,KXBTC15M-26OCT042030-30,0.2400,4.87,yes
2026-10-05T00:28:14.766394Z,KXBTC15M-26OCT042030-30,0.2400,1.13,yes
2026-10-05T00:28:14.766394Z,KXBTC15M-26OCT042030-30,0.2400,13.00,yes
2026-10-05T00:28:14.766394Z,KXBTC15M-26OCT042030-30,0.2400,6.87,yes
2026-10-05T00:28:14.773692Z,KXBTC15M-26OCT042030-30,0.2400,9.85,yes
2026-10-05T00:28:14.801216Z,KXBTC15M-26OCT042030-30,0.2500,27.56,yes
2026-10-05T00:28:14.801216Z,KXBTC15M-26OCT042030-30,0.2400,0.01,yes
2026-10-05T00:28:14.801216Z,KXBTC15M-26OCT042030-30,0.2400,0.01,yes
2026-10-05T00:28:14.801216Z,KXBTC15M-26OCT042030-30,0.2400,0.01,yes
2026-10-05T00:28:14.801216Z,KXBTC15M-26OCT042030-30,0.2400,0.01,yes
2026-10-05T00:28:14.805817Z,KXBTC15M-26OCT042030-30,0.2300,10.00,no
2026-10-05T00:28:14.821633Z,KXBTC15M-26OCT042030-30,0.2500,0.13,yes
2026-10-05T00:28:14.821633Z,KXBTC15M-26OCT042030-30,0.2400,0.01,yes
2026-10-05T00:28:14.821633Z,KXBTC15M-26OCT042030-30,0.2400,0.01,yes
2026-10-05T00:28:14.827517Z,KXBTC15M-26OCT042030-30,0.2500,20.00,yes
2026-10-05T00:28:14.830842Z,KXBTC15M-26OCT042030-30,0.2400,0.01,yes
2026-10-05T00:28:14.830842Z,KXBTC15M-26OCT042030-30,0.2400,0.01,yes
2026-10-05T00:28:14.863734Z,KXBTC15M-26OCT042030-30,0.2400,12.50,no
2026-10-05T00:28:14.863734Z,KXBTC15M-26OCT042030-30,0.2400,87.50,no
2026-10-05T00:28:14.874655Z,KXBTC15M-26OCT042030-30,0.2500,44.00,yes
2026-10-05T00:28:14.985957Z,KXBTC15M-26OCT042030-30,0.2500,0.38,yes
2026-10-05T00:28:14.997724Z,KXBTC15M-26OCT042030-30,0.2400,0.32,no
2026-10-05T00:28:15.02715Z,KXBTC15M-26OCT042030-30,0.2500,96.69,yes
2026-10-05T00:28:15.039945Z,KXBTC15M-26OCT042030-30,0.2400,11.00,no
2026-10-05T00:28:15.041116Z,KXBTC15M-26OCT042030-30,0.2500,7.56,yes
2026-10-05T00:28:15.047156Z,KXBTC15M-26OCT042030-30,0.2400,74.99,no
2026-10-05T00:28:15.049667Z,KXBTC15M-26OCT042030-30,0.2500,5.31,yes
2026-10-05T00:28:15.049711Z,KXBTC15M-26OCT042030-30,0.2400,30.00,no
2026-10-05T00:28:15.049711Z,KXBTC15M-26OCT042030-30,0.2400,6.00,no
2026-10-05T00:28:15.049711Z,KXBTC15M-26OCT042030-30,0.2400,5.00,no
2026-10-05T00:28:15.049711Z,KXBTC15M-26OCT042030-30,0.2400,36.96,no
2026-10-05T00:28:15.049711Z,KXBTC15M-26OCT042030-30,0.2400,41.00,no
2026-10-05T00:28:15.049711Z,KXBTC15M-26OCT042030-30,0.2400,264.88,no
2026-10-05T00:28:15.049711Z,KXBTC15M-26OCT042030-30,0.2400,217.21,no
2026-10-05T00:28:15.049711Z,KXBTC15M-26OCT042030-30,0.2400,0.01,no
2026-10-05T00:28:15.049711Z,KXBTC15M-26OCT042030-30,0.2400,0.01,no
2026-10-05T00:28:15.070393Z,KXBTC15M-26OCT042030-30,0.2400,0.01,no
2026-10-05T00:28:15.070393Z,KXBTC15M-26OCT042030-30,0.2400,4.99,no
2026-10-05T00:28:15.070598Z,KXBTC15M-26OCT042030-30,0.2400,51.00,no
2026-10-05T00:28:15.070598Z,KXBTC15M-26OCT042030-30,0.2400,0.01,no
2026-10-05T00:28:15.070598Z,KXBTC15M-26OCT042030-30,0.2400,22.99,no
2026-10-05T00:28:15.070598Z,KXBTC15M-26OCT042030-30,0.2400,1.01,no
2026-10-05T00:28:15.08737Z,KXBTC15M-26OCT042030-30,0.2400,200.00,no
2026-10-05T00:28:15.124496Z,KXBTC15M-26OCT042030-30,0.2400,20.44,no
2026-10-05T00:28:15.127158Z,KXBTC15M-26OCT042030-30,0.2400,7.86,no
2026-10-05T00:28:15.141628Z,KXBTC15M-26OCT042030-30,0.2400,0.20,no
2026-10-05T00:28:15.143365Z,KXBTC15M-26OCT042030-30,0.2400,2.67,no
2026-10-05T00:28:15.178574Z,KXBTC15M-26OCT042030-30,0.2400,12.78,no
2026-10-05T00:28:15.200603Z,KXBTC15M-26OCT042030-30,0.2500,7.04,yes
2026-10-05T00:28:15.218113Z,KXBTC15M-26OCT042030-30,0.2400,50.72,no
2026-10-05T00:28:15.251649Z,KXBTC15M-26OCT042030-30,0.2500,136.00,yes
2026-10-05T00:28:15.257856Z,KXBTC15M-26OCT042030-30,0.2400,2.58,no
2026-10-05T00:28:15.264789Z,KXBTC15M-26OCT042030-30,0.2400,5.00,no
2026-10-05T00:28:15.264789Z,KXBTC15M-26OCT042030-30,0.2400,0.01,no
2026-10-05T00:28:15.264789Z,KXBTC15M-26OCT042030-30,0.2400,0.01,no
2026-10-05T00:28:15.264789Z,KXBTC15M-26OCT042030-30,0.2400,17.24,no
2026-10-05T00:28:15.264789Z,KXBTC15M-26OCT042030-30,0.2300,28.86,no
2026-10-05T00:28:15.275459Z,KXBTC15M-26OCT042030-30,0.2400,29.99,yes
2026-10-05T00:28:15.284056Z,KXBTC15M-26OCT042030-30,0.2400,19.00,yes
2026-10-05T00:28:15.292873Z,KXBTC15M-26OCT042030-30,0.2300,3.80,no
2026-10-05T00:28:15.308513Z,KXBTC15M-26OCT042030-30,0.2300,6.78,no
2026-10-05T00:28:15.31679Z,KXBTC15M-26OCT042030-30,0.2600,5.00,yes
2026-10-05T00:28:15.31679Z,KXBTC15M-26OCT042030-30,0.2400,751.01,yes
2026-10-05T00:28:15.31679Z,KXBTC15M-26OCT042030-30,0.2400,14.71,yes
2026-10-05T00:28:15.31679Z,KXBTC15M-26OCT042030-30,0.2500,44.52,yes
2026-10-05T00:28:15.31679Z,KXBTC15M-26OCT042030-30,0.2400,1.00,yes
2026-10-05T00:28:15.31679Z,KXBTC15M-26OCT042030-30,0.2400,0.01,yes
2026-10-05T00:28:15.31679Z,KXBTC15M-26OCT042030-30,0.2400,41.88,yes
2026-10-05T00:28:15.31679Z,KXBTC15M-26OCT042030-30,0.2400,0.01,yes
2026-10-05T00:28:15.31679Z,KXBTC15M-26OCT042030-30,0.2500,155.33,yes
2026-10-05T00:28:15.31679Z,KXBTC15M-26OCT042030-30,0.2600,5.00,yes
2026-10-05T00:28:15.31679Z,KXBTC15M-26OCT042030-30,0.2400,18.00,yes
2026-10-05T00:28:15.31679Z,KXBTC15M-26OCT042030-30,0.2500,0.01,yes
2026-10-05T00:28:15.31679Z,KXBTC15M-26OCT042030-30,0.2500,0.01,yes
2026-10-05T00:28:15.31679Z,KXBTC15M-26OCT042030-30,0.2600,385.01,yes
2026-10-05T00:28:15.31679Z,KXBTC15M-26OCT042030-30,0.2600,100.00,yes
2026-10-05T00:28:15.318258Z,KXBTC15M-26OCT042030-30,0.2300,1.26,no
2026-10-05T00:28:15.328389Z,KXBTC15M-26OCT042030-30,0.2400,0.79,no
2026-10-05T00:28:15.373262Z,KXBTC15M-26OCT042030-30,0.2600,272.60,yes
2026-10-05T00:28:15.373262Z,KXBTC15M-26OCT042030-30,0.2500,1.00,yes
2026-10-05T00:28:15.391368Z,KXBTC15M-26OCT042030-30,0.2500,8.00,no
2026-10-05T00:28:15.425268Z,KXBTC15M-26OCT042030-30,0.2600,2.84,yes
2026-10-05T00:28:15.427999Z,KXBTC15M-26OCT042030-30,0.2500,10.00,no
2026-10-05T00:28:15.428261Z,KXBTC15M-26OCT042030-30,0.2500,21.99,no
2026-10-05T00:28:15.477388Z,KXBTC15M-26OCT042030-30,0.2600,78.00,yes
2026-10-05T00:28:15.485638Z,KXBTC15M-26OCT042030-30,0.2600,11.37,yes
2026-10-05T00:28:15.496714Z,KXBTC15M-26OCT042030-30,0.2600,18.00,yes
2026-10-05T00:28:15.498551Z,KXBTC15M-26OCT042030-30,0.2600,7.25,yes
2026-10-05T00:28:15.499768Z,KXBTC15M-26OCT042030-30,0.2600,7.40,yes
2026-10-05T00:28:15.511161Z,KXBTC15M-26OCT042030-30,0.2600,18.28,yes
2026-10-05T00:28:15.547541Z,KXBTC15M-26OCT042030-30,0.2500,5.00,no
2026-10-05T00:28:15.547541Z,KXBTC15M-26OCT042030-30,0.2400,37.43,no
2026-10-05T00:28:15.547541Z,KXBTC15M-26OCT042030-30,0.2500,0.01,no
2026-10-05T00:28:15.547541Z,KXBTC15M-26OCT042030-30,0.2500,0.01,no
2026-10-05T00:28:15.547541Z,KXBTC15M-26OCT042030-30,0.2500,16.55,no
2026-10-05T00:28:15.558348Z,KXBTC15M-26OCT042030-30,0.2600,7.39,yes
2026-10-05T00:28:15.566909Z,KXBTC15M-26OCT042030-30,0.2600,15.01,yes
2026-10-05T00:28:15.584435Z,KXBTC15M-26OCT042030-30,0.2600,30.68,yes
2026-10-05T00:28:15.589767Z,KXBTC15M-26OCT042030-30,0.2500,40.00,no
2026-10-05T00:28:15.60574Z,KXBTC15M-26OCT042030-30,0.2500,62.00,no
2026-10-05T00:28:15.60574Z,KXBTC15M-26OCT042030-30,0.2500,0.01,no
2026-10-05T00:28:15.60574Z,KXBTC15M-26OCT042030-30,0.2500,181.76,no
2026-10-05T00:28:15.60829Z,KXBTC15M-26OCT042030-30,0.2500,30.15,no
2026-10-05T00:28:15.60829Z,KXBTC15M-26OCT042030-30,0.2500,0.01,no
2026-10-05T00:28:15.60829Z,KXBTC15M-26OCT042030-30,0.2400,16.42,no
2026-10-05T00:28:15.609591Z,KXBTC15M-26OCT042030-30,0.2400,25.00,no
2026-10-05T00:28:15.62242Z,KXBTC15M-26OCT042030-30,0.2600,2.07,yes
2026-10-05T00:28:15.622942Z,KXBTC15M-26OCT042030-30,0.2600,2.00,yes
2026-10-05T00:28:15.640534Z,KXBTC15M-26OCT042030-30,0.2600,23.00,yes
2026-10-05T00:28:15.656349Z,KXBTC15M-26OCT042030-30,0.2400,7.98,no
2026-10-05T00:28:15.656349Z,KXBTC15M-26OCT042030-30,0.2500,5.00,no
2026-10-05T00:28:15.656349Z,KXBTC15M-26OCT042030-30,0.2500,0.01,no
2026-10-05T00:28:15.656349Z,KXBTC15M-26OCT042030-30,0.2500,0.01,no
2026-10-05T00:28:15.692584Z,KXBTC15M-26OCT042030-30,0.2500,3.80,yes
2026-10-05T00:28:15.69305Z,KXBTC15M-26OCT042030-30,0.2400,1.29,no
2026-10-05T00:28:15.724235Z,KXBTC15M-26OCT042030-30,0.2500,152.01,yes
2026-10-05T00:28:15.754312Z,KXBTC15M-26OCT042030-30,0.2500,3.50,yes
2026-10-05T00:28:15.765284Z,KXBTC15M-26OCT042030-30,0.2500,400.00,yes
2026-10-05T00:28:15.765284Z,KXBTC15M-26OCT042030-30,0.2500,0.01,yes
2026-10-05T00:28:15.765284Z,KXBTC15M-26OCT042030-30,0.2500,25.00,yes
2026-10-05T00:28:15.765284Z,KXBTC15M-26OCT042030-30,0.2500,640.69,yes
2026-10-05T00:28:15.765284Z,KXBTC15M-26OCT042030-30,0.2500,0.01,yes
2026-10-05T00:28:15.765284Z,KXBTC15M-26OCT042030-30,0.2500,1.00,yes
2026-10-05T00:28:15.765284Z,KXBTC15M-26OCT042030-30,0.2500,7.88,yes
2026-10-05T00:28:15.785226Z,KXBTC15M-26OCT042030-30,0.2600,18.28,yes
2026-10-05T00:28:15.7861Z,KXBTC15M-26OCT042030-30,0.2500,0.01,no
2026-10-05T00:28:15.813775Z,KXBTC15M-26OCT042030-30,0.2600,54.85,yes
2026-10-05T00:28:15.8169Z,KXBTC15M-26OCT042030-30,0.2600,1.75,yes
2026-10-05T00:28:15.819333Z,KXBTC15M-26OCT042030-30,0.2600,1.00,yes
2026-10-05T00:28:15.822233Z,KXBTC15M-26OCT042030-30,0.2600,8.00,yes
2026-10-05T00:28:15.842739Z,KXBTC15M-26OCT042030-30,0.2600,3.12,yes
2026-10-05T00:28:15.842739Z,KXBTC15M-26OCT042030-30,0.2600,0.51,yes
2026-10-05T00:28:15.842739Z,KXBTC15M-26OCT042030-30,0.2600,0.01,yes
2026-10-05T00:28:15.842739Z,KXBTC15M-26OCT042030-30,0.2600,0.01,yes
2026-10-05T00:28:15.84384Z,KXBTC15M-26OCT042030-30,0.2500,1.21,no
2026-10-05T00:28:15.844043Z,KXBTC15M-26OCT042030-30,0.2600,9.25,yes
2026-10-05T00:28:15.845969Z,KXBTC15M-26OCT042030-30,0.2500,182.75,no
2026-10-05T00:28:15.861115Z,KXBTC15M-26OCT042030-30,0.2500,12.98,no
2026-10-05T00:28:15.87109Z,KXBTC15M-26OCT042030-30,0.2500,391.45,no
2026-10-05T00:28:15.879191Z,KXBTC15M-26OCT042030-30,0.2500,1.29,no
2026-10-05T00:28:15.907552Z,KXBTC15M-26OCT042030-30,0.2500,35.67,no
2026-10-05T00:28:15.930024Z,KXBTC15M-26OCT042030-30,0.2600,0.01,yes
2026-10-05T00:28:15.930024Z,KXBTC15M-26OCT042030-30,0.2600,1.00,yes
2026-10-05T00:28:15.930024Z,KXBTC15M-26OCT042030-30,0.2600,0.01,yes
2026-10-05T00:28:15.930024Z,KXBTC15M-26OCT042030-30,0.2600,6.29,yes
2026-10-05T00:28:15.949163Z,KXBTC15M-26OCT042030-30,0.2500,72.07,no
2026-10-05T00:28:15.969936Z,KXBTC15M-26OCT042030-30,0.2500,131.04,no
2026-10-05T00:28:16.006021Z,KXBTC15M-26OCT042030-30,0.2600,11.59,yes
2026-10-05T00:28:16.006193Z,KXBTC15M-26OCT042030-30,0.2500,13.84,no
2026-10-05T00:28:16.019023Z,KXBTC15M-26OCT042030-30,0.2500,3.17,no
2026-10-05T00:28:16.034996Z,KXBTC15M-26OCT042030-30,0.2600,10.12,yes
2026-10-05T00:28:16.034996Z,KXBTC15M-26OCT042030-30,0.2600,8.16,yes
2026-10-05T00:28:16.035873Z,KXBTC15M-26OCT042030-30,0.2600,200.00,yes
2026-10-05T00:28:16.036466Z,KXBTC15M-26OCT042030-30,0.2600,400.00,yes
2026-10-05T00:28:16.036466Z,KXBTC15M-26OCT042030-30,0.2600,0.01,yes
2026-10-05T00:28:16.036466Z,KXBTC15M-26OCT042030-30,0.2600,0.01,yes
2026-10-05T00:28:16.036466Z,KXBTC15M-26OCT042030-30,0.2600,1291.84,yes
2026-10-05T00:28:16.036466Z,KXBTC15M-26OCT042030-30,0.2600,1.00,yes
2026-10-05T00:28:16.036466Z,KXBTC15M-26OCT042030-30,0.2700,127.46,yes
2026-10-05T00:28:16.045114Z,KXBTC15M-26OCT042030-30,0.2600,1.00,no
2026-10-05T00:28:16.045163Z,KXBTC15M-26OCT042030-30,0.2700,75.08,yes
2026-10-05T00:28:16.047515Z,KXBTC15M-26OCT042030-30,0.2600,126.89,no
2026-10-05T00:28:16.066422Z,KXBTC15M-26OCT042030-30,0.2600,26.77,no
2026-10-05T00:28:16.104482Z,KXBTC15M-26OCT042030-30,0.2600,34.30,no
2026-10-05T00:28:16.175206Z,KXBTC15M-26OCT042030-30,0.2600,161.04,no
2026-10-05T00:28:16.20724Z,KXBTC15M-26OCT042030-30,0.2600,6.47,no
2026-10-05T00:28:16.250466Z,KXBTC15M-26OCT042030-30,0.2700,35.90,yes
2026-10-05T00:28:16.264017Z,KXBTC15M-26OCT042030-30,0.2600,39.31,no
2026-10-05T00:28:16.291521Z,KXBTC15M-26OCT042030-30,0.2700,39.84,yes
2026-10-05T00:28:16.301005Z,KXBTC15M-26OCT042030-30,0.2700,1.78,yes
2026-10-05T00:28:16.315541Z,KXBTC15M-26OCT042030-30,0.2600,2.62,no
2026-10-05T00:28:16.335664Z,KXBTC15M-26OCT042030-30,0.2600,6.55,no
2026-10-05T00:28:16.341329Z,KXBTC15M-26OCT042030-30,0.2700,3.50,yes
2026-10-05T00:28:16.36251Z,KXBTC15M-26OCT042030-30,0.2700,125.41,yes
2026-10-05T00:28:16.416992Z,KXBTC15M-26OCT042030-30,0.2600,169.52,no
2026-10-05T00:28:16.416992Z,KXBTC15M-26OCT042030-30,0.2600,95.89,no
2026-10-05T00:28:16.416992Z,KXBTC15M-26OCT042030-30,0.2600,0.01,no
2026-10-05T00:28:16.416992Z,KXBTC15M-26OCT042030-30,0.2600,0.01,no
2026-10-05T00:28:16.428179Z,KXBTC15M-26OCT042030-30,0.2700,1.00,yes
2026-10-05T00:28:16.428179Z,KXBTC15M-26OCT042030-30,0.2700,91.40,yes
2026-10-05T00:28:16.428179Z,KXBTC15M-26OCT042030-30,0.2700,91.03,yes
2026-10-05T00:28:16.428179Z,KXBTC15M-26OCT042030-30,0.2700,25.00,yes
2026-10-05T00:28:16.449847Z,KXBTC15M-26OCT042030-30,0.2700,8.60,yes
2026-10-05T00:28:16.449847Z,KXBTC15M-26OCT042030-30,0.2700,5.97,yes
2026-10-05T00:28:16.449847Z,KXBTC15M-26OCT042030-30,0.2700,0.01,yes
2026-10-05T00:28:16.459231Z,KXBTC15M-26OCT042030-30,0.2700,6.80,yes
2026-10-05T00:28:16.472979Z,KXBTC15M-26OCT042030-30,0.2600,6.62,no
2026-10-05T00:28:16.472979Z,KXBTC15M-26OCT042030-30,0.2600,0.01,no
2026-10-05T00:28:16.487538Z,KXBTC15M-26OCT042030-30,0.2600,0.01,no
2026-10-05T00:28:16.487538Z,KXBTC15M-26OCT042030-30,0.2600,0.01,no
2026-10-05T00:28:16.487538Z,KXBTC15M-26OCT042030-30,0.2600,16.98,no
2026-10-05T00:28:16.500822Z,KXBTC15M-26OCT042030-30,0.2700,3.52,yes
2026-10-05T00:28:16.5106Z,KXBTC15M-26OCT042030-30,0.2700,2.95,yes
2026-10-05T00:28:16.560411Z,KXBTC15M-26OCT042030-30,0.2600,1.00,no
2026-10-05T00:28:16.565402Z,KXBTC15M-26OCT042030-30,0.2700,20.00,yes
2026-10-05T00:28:16.57025Z,KXBTC15M-26OCT042030-30,0.2500,48.98,no
2026-10-05T00:28:16.57025Z,KXBTC15M-26OCT042030-30,0.2600,0.01,no
2026-10-05T00:28:16.57025Z,KXBTC15M-26OCT042030-30,0.2600,1.00,no
2026-10-05T00:28:16.57025Z,KXBTC15M-26OCT042030-30,0.2600,0.01,no
2026-10-05T00:28:16.57025Z,KXBTC15M-26OCT042030-30,0.2600,13.00,no
2026-10-05T00:28:16.618963Z,KXBTC15M-26OCT042030-30,0.2700,17.20,yes
2026-10-05T00:28:16.666829Z,KXBTC15M-26OCT042030-30,0.2700,0.88,yes
2026-10-05T00:28:16.671974Z,KXBTC15M-26OCT042030-30,0.2700,7.04,yes
2026-10-05T00:28:16.690835Z,KXBTC15M-26OCT042030-30,0.2700,7.04,yes
2026-10-05T00:28:16.694661Z,KXBTC15M-26OCT042030-30,0.2600,75.98,no
2026-10-05T00:28:16.694661Z,KXBTC15M-26OCT042030-30,0.2600,0.01,no
2026-10-05T00:28:16.694661Z,KXBTC15M-26OCT042030-30,0.2600,0.01,no
2026-10-05T00:28:16.776065Z,KXBTC15M-26OCT042030-30,0.2500,428.50,no
2026-10-05T00:28:16.776065Z,KXBTC15M-26OCT042030-30,0.2600,26.02,no
2026-10-05T00:28:16.776065Z,KXBTC15M-26OCT042030-30,0.2600,0.01,no
2026-10-05T00:28:16.776065Z,KXBTC15M-26OCT042030-30,0.2600,0.01,no
2026-10-05T00:28:16.78999Z,KXBTC15M-26OCT042030-30,0.2600,1.82,yes
2026-10-05T00:28:16.80509Z,KXBTC15M-26OCT042030-30,0.2600,46.50,yes
2026-10-05T00:28:16.80509Z,KXBTC15M-26OCT042030-30,0.2600,8.18,yes
2026-10-05T00:28:16.811205Z,KXBTC15M-26OCT042030-30,0.2500,2.48,no
2026-10-05T00:28:16.811205Z,KXBTC15M-26OCT042030-30,0.2500,22.52,no
2026-10-05T00:28:16.811866Z,KXBTC15M-26OCT042030-30,0.2600,35.23,yes
2026-10-05T00:28:16.816277Z,KXBTC15M-26OCT042030-30,0.2600,23.46,yes
2026-10-05T00:28:16.818062Z,KXBTC15M-26OCT042030-30,0.2500,2.59,no
2026-10-05T00:28:16.83621Z,KXBTC15M-26OCT042030-30,0.2600,3.52,yes
2026-10-05T00:28:16.86435Z,KXBTC15M-26OCT042030-30,0.2500,1.53,no
2026-10-05T00:28:16.885765Z,KXBTC15M-26OCT042030-30,0.2600,17.61,yes
2026-10-05T00:28:16.887814Z,KXBTC15M-26OCT042030-30,0.2600,3.52,yes
2026-10-05T00:28:16.910956Z,KXBTC15M-26OCT042030-30,0.2600,13.80,yes
2026-10-05T00:28:16.931125Z,KXBTC15M-26OCT042030-30,0.2600,35.23,yes
2026-10-05T00:28:16.932219Z,KXBTC15M-26OCT042030-30,0.2600,1.01,yes
2026-10-05T00:28:16.943904Z,KXBTC15M-26OCT042030-30,0.2600,1.76,yes
2026-10-05T00:28:16.95794Z,KXBTC15M-26OCT042030-30,0.2600,25.00,yes
2026-10-05T00:28:16.95794Z,KXBTC15M-26OCT042030-30,0.2600,55.00,yes
2026-10-05T00:28:16.95794Z,KXBTC15M-26OCT042030-30,0.2600,0.01,yes
2026-10-05T00:28:16.95794Z,KXBTC15M-26OCT042030-30,0.2600,0.01,yes
2026-10-05T00:28:16.95794Z,KXBTC15M-26OCT042030-30,0.2600,294.62,yes
2026-10-05T00:28:16.95794Z,KXBTC15M-26OCT042030-30,0.2600,26.00,yes
2026-10-05T00:28:16.95794Z,KXBTC15M-26OCT042030-30,0.2600,618.36,yes
2026-10-05T00:28:16.963201Z,KXBTC15M-26OCT042030-30,0.2600,77.51,yes
2026-10-05T00:28:17.013192Z,KXBTC15M-26OCT042030-30,0.2500,32.50,no
2026-10-05T00:28:17.014619Z,KXBTC15M-26OCT042030-30,0.2600,2.14,yes
2026-10-05T00:28:17.025072Z,KXBTC15M-26OCT042030-30,0.2600,193.01,yes
2026-10-05T00:28:17.025072Z,KXBTC15M-26OCT042030-30,0.2600,88.86,yes
2026-10-05T00:28:17.025072Z,KXBTC15M-26OCT042030-30,0.2600,0.01,yes
2026-10-05T00:28:17.025072Z,KXBTC15M-26OCT042030-30,0.2600,0.01,yes
2026-10-05T00:28:17.03774Z,KXBTC15M-26OCT042030-30,0.2500,1.23,no
2026-10-05T00:28:17.061577Z,KXBTC15M-26OCT042030-30,0.2600,0.01,yes
2026-10-05T00:28:17.061577Z,KXBTC15M-26OCT042030-30,0.2600,0.01,yes
2026-10-05T00:28:17.061577Z,KXBTC15M-26OCT042030-30,0.2700,13.25,yes
2026-10-05T00:28:17.068744Z,KXBTC15M-26OCT042030-30,0.2600,7.04,yes
2026-10-05T00:28:17.073879Z,KXBTC15M-26OCT042030-30,0.2600,0.01,yes
2026-10-05T00:28:17.073879Z,KXBTC15M-26OCT042030-30,0.2600,44.37,yes
2026-10-05T00:28:17.073879Z,KXBTC15M-26OCT042030-30,0.2600,25.00,yes
2026-10-05T00:28:17.073879Z,KXBTC15M-26OCT042030-30,0.2700,400.00,yes
2026-10-05T00:28:17.073879Z,KXBTC15M-26OCT042030-30,0.2700,486.75,yes
2026-10-05T00:28:17.074896Z,KXBTC15M-26OCT042030-30,0.2800,20.70,yes
2026-10-05T00:28:17.098995Z,KXBTC15M-26OCT042030-30,0.2700,0.81,no
2026-10-05T00:28:17.112258Z,KXBTC15M-26OCT042030-30,0.2700,14.00,no
2026-10-05T00:28:17.115774Z,KXBTC15M-26OCT042030-30,0.2800,0.62,yes
2026-10-05T00:28:17.123905Z,KXBTC15M-26OCT042030-30,0.2800,5.90,yes
2026-10-05T00:28:17.136317Z,KXBTC15M-26OCT042030-30,0.2700,24.00,no
2026-10-05T00:28:17.158072Z,KXBTC15M-26OCT042030-30,0.2800,1.00,yes
2026-10-05T00:28:17.212421Z,KXBTC15M-26OCT042030-30,0.2800,10.84,yes
2026-10-05T00:28:17.233531Z,KXBTC15M-26OCT042030-30,0.2700,0.12,no
2026-10-05T00:28:17.244516Z,KXBTC15M-26OCT042030-30,0.2800,1.19,yes
2026-10-05T00:28:17.3212Z,KXBTC15M-26OCT042030-30,0.2700,10.00,no
2026-10-05T00:28:17.347441Z,KXBTC15M-26OCT042030-30,0.2700,174.11,no
2026-10-05T00:28:17.398837Z,KXBTC15M-26OCT042030-30,0.2800,1.00,yes
2026-10-05T00:28:17.402732Z,KXBTC15M-26OCT042030-30,0.2800,53.34,yes
2026-10-05T00:28:17.496511Z,KXBTC15M-26OCT042030-30,0.2700,100.00,no
2026-10-05T00:28:17.496511Z,KXBTC15M-26OCT042030-30,0.2700,0.01,no
2026-10-05T00:28:17.496511Z,KXBTC15M-26OCT042030-30,0.2700,4809.57,no
2026-10-05T00:28:17.496511Z,KXBTC15M-26OCT042030-30,0.2700,0.01,no
2026-10-05T00:28:17.496511Z,KXBTC15M-26OCT042030-30,0.2700,28.00,no
2026-10-05T00:28:17.496511Z,KXBTC15M-26OCT042030-30,0.2700,0.01,no
2026-10-05T00:28:17.506857Z,KXBTC15M-26OCT042030-30,0.2700,4.63,yes
2026-10-05T00:28:17.506857Z,KXBTC15M-26OCT042030-30,0.2700,1.00,yes
2026-10-05T00:28:17.506857Z,KXBTC15M-26OCT042030-30,0.2700,1.00,yes
2026-10-05T00:28:17.517493Z,KXBTC15M-26OCT042030-30,0.2700,0.01,yes
2026-10-05T00:28:17.558848Z,KXBTC15M-26OCT042030-30,0.2700,6.80,yes
2026-10-05T00:28:17.569696Z,KXBTC15M-26OCT042030-30,0.2600,0.01,no
2026-10-05T00:28:17.569696Z,KXBTC15M-26OCT042030-30,0.2600,42.00,no
2026-10-05T00:28:17.569696Z,KXBTC15M-26OCT042030-30,0.2600,30.00,no
2026-10-05T00:28:17.569696Z,KXBTC15M-26OCT042030-30,0.2600,0.01,no
2026-10-05T00:28:17.569696Z,KXBTC15M-26OCT042030-30,0.2500,14.04,no
2026-10-05T00:28:17.574742Z,KXBTC15M-26OCT042030-30,0.2600,34.00,yes
2026-10-05T00:28:17.594256Z,KXBTC15M-26OCT042030-30,0.2600,17.00,yes
2026-10-05T00:28:17.614113Z,KXBTC15M-26OCT042030-30,0.2600,13.14,yes
2026-10-05T00:28:17.614644Z,KXBTC15M-26OCT042030-30,0.2500,367.23,no
2026-10-05T00:28:17.614644Z,KXBTC15M-26OCT042030-30,0.2500,667.86,no
2026-10-05T00:28:17.615872Z,KXBTC15M-26OCT042030-30,0.2500,0.01,no
2026-10-05T00:28:17.615872Z,KXBTC15M-26OCT042030-30,0.2500,1.21,no
2026-10-05T00:28:17.615872Z,KXBTC15M-26OCT042030-30,0.2500,0.01,no
2026-10-05T00:28:17.615872Z,KXBTC15M-26OCT042030-30,0.2500,132.14,no
2026-10-05T00:28:17.615872Z,KXBTC15M-26OCT042030-30,0.2500,1.22,no
2026-10-05T00:28:17.620053Z,KXBTC15M-26OCT042030-30,0.2400,6.00,no
2026-10-05T00:28:17.620053Z,KXBTC15M-26OCT042030-30,0.2400,10.00,no
2026-10-05T00:28:17.620053Z,KXBTC15M-26OCT042030-30,0.2300,84.00,no
2026-10-05T00:28:17.620393Z,KXBTC15M-26OCT042030-30,0.2600,36.56,yes
2026-10-05T00:28:17.622033Z,KXBTC15M-26OCT042030-30,0.2600,1.00,yes
2026-10-05T00:28:17.638567Z,KXBTC15M-26OCT042030-30,0.2500,3.58,yes
2026-10-05T00:28:17.648826Z,KXBTC15M-26OCT042030-30,0.2400,0.91,no
2026-10-05T00:28:17.681679Z,KXBTC15M-26OCT042030-30,0.2500,1.00,yes
2026-10-05T00:28:17.688339Z,KXBTC15M-26OCT042030-30,0.2500,22.40,yes
2026-10-05T00:28:17.704312Z,KXBTC15M-26OCT042030-30,0.2500,27.20,yes
2026-10-05T00:28:17.714653Z,KXBTC15M-26OCT042030-30,0.2400,168.00,no
2026-10-05T00:28:17.79197Z,KXBTC15M-26OCT042030-30,0.2400,95.64,no
2026-10-05T00:28:17.796351Z,KXBTC15M-26OCT042030-30,0.2500,6.80,yes
2026-10-05T00:28:17.799164Z,KXBTC15M-26OCT042030-30,0.2500,17.00,yes
2026-10-05T00:28:17.807109Z,KXBTC15M-26OCT042030-30,0.2400,1.00,no
2026-10-05T00:28:17.825292Z,KXBTC15M-26OCT042030-30,0.2500,3.40,yes
2026-10-05T00:28:17.84221Z,KXBTC15M-26OCT042030-30,0.2500,85.00,yes
2026-10-05T00:28:17.842923Z,KXBTC15M-26OCT042030-30,0.2500,17.00,yes
2026-10-05T00:28:17.846251Z,KXBTC15M-26OCT042030-30,0.2500,0.25,yes
2026-10-05T00:28:17.848771Z,KXBTC15M-26OCT042030-30,0.2500,7.29,yes
2026-10-05T00:28:17.892667Z,KXBTC15M-26OCT042030-30,0.2500,10.35,yes
2026-10-05T00:28:17.920674Z,KXBTC15M-26OCT042030-30,0.2500,6.80,yes
2026-10-05T00:28:17.94946Z,KXBTC15M-26OCT042030-30,0.2500,25.00,yes
2026-10-05T00:28:17.953115Z,KXBTC15M-26OCT042030-30,0.2500,25.86,yes
2026-10-05T00:28:17.964863Z,KXBTC15M-26OCT042030-30,0.2300,500.00,no
2026-10-05T00:28:17.964863Z,KXBTC15M-26OCT042030-30,0.2400,5.36,no
2026-10-05T00:28:17.964863Z,KXBTC15M-26OCT042030-30,0.1800,1.21,no
2026-10-05T00:28:17.964863Z,KXBTC15M-26OCT042030-30,0.2100,15.00,no
2026-10-05T00:28:17.964863Z,KXBTC15M-26OCT042030-30,0.2400,100.00,no
2026-10-05T00:28:17.964863Z,KXBTC15M-26OCT042030-30,0.1700,44.37,no
2026-10-05T00:28:17.964863Z,KXBTC15M-26OCT042030-30,0.2400,800.00,no
2026-10-05T00:28:17.964863Z,KXBTC15M-26OCT042030-30,0.1700,5.00,no
2026-10-05T00:28:17.964863Z,KXBTC15M-26OCT042030-30,0.1800,15.00,no
2026-10-05T00:28:17.964863Z,KXBTC15M-26OCT042030-30,0.2100,6.00,no
2026-10-05T00:28:17.964863Z,KXBTC15M-26OCT042030-30,0.2400,0.01,no
2026-10-05T00:28:17.964863Z,KXBTC15M-26OCT042030-30,0.2400,0.01,no
2026-10-05T00:28:17.964863Z,KXBTC15M-26OCT042030-30,0.2000,1.00,no
2026-10-05T00:28:17.964863Z,KXBTC15M-26OCT042030-30,0.1900,25.00,no
2026-10-05T00:28:17.964863Z,KXBTC15M-26OCT042030-30,0.1800,5.00,no
2026-10-05T00:28:17.964863Z,KXBTC15M-26OCT042030-30,0.1700,25.00,no
2026-10-05T00:28:17.964863Z,KXBTC15M-26OCT042030-30,0.2000,500.00,no
2026-10-05T00:28:17.964863Z,KXBTC15M-26OCT042030-30,0.1800,25.00,no
2026-10-05T00:28:17.964863Z,KXBTC15M-26OCT042030-30,0.1900,500.00,no
2026-10-05T00:28:17.964863Z,KXBTC15M-26OCT042030-30,0.2200,500.00,no
2026-10-05T00:28:17.964863Z,KXBTC15M-26OCT042030-30,0.1800,500.00,no
2026-10-05T00:28:17.964863Z,KXBTC15M-26OCT042030-30,0.1800,20.00,no
2026-10-05T00:28:17.964863Z,KXBTC15M-26OCT042030-30,0.2100,500.00,no
2026-10-05T00:28:17.964863Z,KXBTC15M-26OCT042030-30,0.1600,270.46,no
2026-10-05T00:28:17.964863Z,KXBTC15M-26OCT042030-30,0.1800,100.00,no
2026-10-05T00:28:17.964863Z,KXBTC15M-26OCT042030-30,0.1600,19.77,no
2026-10-05T00:28:17.964863Z,KXBTC15M-26OCT042030-30,0.1800,2779.33,no
2026-10-05T00:28:17.964863Z,KXBTC15M-26OCT042030-30,0.1600,20.00,no
2026-10-05T00:28:17.964863Z,KXBTC15M-26OCT042030-30,0.1600,327.08,no
2026-10-05T00:28:17.964863Z,KXBTC15M-26OCT042030-30,0.1700,500.00,no
2026-10-05T00:28:17.964863Z,KXBTC15M-26OCT042030-30,0.1700,35.00,no
2026-10-05T00:28:17.987943Z,KXBTC15M-26OCT042030-30,0.2100,2.00,yes
2026-10-05T00:28:17.989082Z,KXBTC15M-26OCT042030-30,0.2100,36.56,yes
2026-10-05T00:28:18.002233Z,KXBTC15M-26OCT042030-30,0.2100,6.00,yes
2026-10-05T00:28:18.012944Z,KXBTC15M-26OCT042030-30,0.2100,7.31,yes
2026-10-05T00:28:18.017582Z,KXBTC15M-26OCT042030-30,0.2100,3.00,yes
2026-10-05T00:28:18.018886Z,KXBTC15M-26OCT042030-30,0.2100,17.00,yes
2026-10-05T00:28:18.042568Z,KXBTC15M-26OCT042030-30,0.2000,1.00,no
2026-10-05T00:28:18.056524Z,KXBTC15M-26OCT042030-30,0.2100,5.61,yes
2026-10-05T00:28:18.061528Z,KXBTC15M-26OCT042030-30,0.2100,0.32,yes
2026-10-05T00:28:18.069396Z,KXBTC15M-26OCT042030-30,0.2100,3.09,yes
2026-10-05T00:28:18.106344Z,KXBTC15M-26OCT042030-30,0.2100,17.00,yes
2026-10-05T00:28:18.125303Z,KXBTC15M-26OCT042030-30,0.2100,102.00,yes
2026-10-05T00:28:18.156373Z,KXBTC15M-26OCT042030-30,0.2100,176.18,yes
2026-10-05T00:28:18.173263Z,KXBTC15M-26OCT042030-30,0.2000,1.00,no
2026-10-05T00:28:18.178522Z,KXBTC15M-26OCT042030-30,0.2100,3.80,yes
2026-10-05T00:28:18.178528Z,KXBTC15M-26OCT042030-30,0.2100,19.00,yes
2026-10-05T00:28:18.187876Z,KXBTC15M-26OCT042030-30,0.2100,97.00,yes
2026-10-05T00:28:18.205352Z,KXBTC15M-26OCT042030-30,0.2100,8.00,yes
2026-10-05T00:28:18.248839Z,KXBTC15M-26OCT042030-30,0.2100,79.78,yes
2026-10-05T00:28:18.264477Z,KXBTC15M-26OCT042030-30,0.2000,56.99,no
2026-10-05T00:28:18.286082Z,KXBTC15M-26OCT042030-30,0.2100,2.69,yes
2026-10-05T00:28:18.317559Z,KXBTC15M-26OCT042030-30,0.2100,74.21,yes
2026-10-05T00:28:18.317559Z,KXBTC15M-26OCT042030-30,0.2100,17.00,yes
2026-10-05T00:28:18.32994Z,KXBTC15M-26OCT042030-30,0.2100,0.01,yes
2026-10-05T00:28:18.32994Z,KXBTC15M-26OCT042030-30,0.2100,8.95,yes
2026-10-05T00:28:18.32994Z,KXBTC15M-26OCT042030-30,0.2100,0.01,yes
2026-10-05T00:28:18.343044Z,KXBTC15M-26OCT042030-30,0.2100,44.04,yes
2026-10-05T00:28:18.343044Z,KXBTC15M-26OCT042030-30,0.2100,1.05,yes
2026-10-05T00:28:18.343858Z,KXBTC15M-26OCT042030-30,0.2100,5.00,yes
2026-10-05T00:28:18.346357Z,KXBTC15M-26OCT042030-30,0.2100,7.00,yes
2026-10-05T00:28:18.347178Z,KXBTC15M-26OCT042030-30,0.2100,10.00,yes
2026-10-05T00:28:18.363554Z,KXBTC15M-26OCT042030-30,0.2100,2.05,yes
2026-10-05T00:28:18.368114Z,KXBTC15M-26OCT042030-30,0.2100,7.31,yes
2026-10-05T00:28:18.397425Z,KXBTC15M-26OCT042030-30,0.2100,80.00,yes
2026-10-05T00:28:18.40407Z,KXBTC15M-26OCT042030-30,0.2100,18.00,yes
2026-10-05T00:28:18.421323Z,KXBTC15M-26OCT042030-30,0.2100,4.94,yes
2026-10-05T00:28:18.449498Z,KXBTC15M-26OCT042030-30,0.2100,31.00,yes
2026-10-05T00:28:18.483519Z,KXBTC15M-26OCT042030-30,0.2000,9.96,no
2026-10-05T00:28:18.522696Z,KXBTC15M-26OCT042030-30,0.2100,9.02,yes
2026-10-05T00:28:18.52987Z,KXBTC15M-26OCT042030-30,0.2000,12.32,no
2026-10-05T00:28:18.545032Z,KXBTC15M-26OCT042030-30,0.2100,37.00,yes
2026-10-05T00:28:18.571359Z,KXBTC15M-26OCT042030-30,0.2100,22.56,yes
2026-10-05T00:28:18.585764Z,KXBTC15M-26OCT042030-30,0.2100,22.56,yes
2026-10-05T00:28:18.603626Z,KXBTC15M-26OCT042030-30,0.2100,1.36,yes
2026-10-05T00:28:18.612288Z,KXBTC15M-26OCT042030-30,0.2100,9.02,yes
2026-10-05T00:28:18.613662Z,KXBTC15M-26OCT042030-30,0.2100,1.47,yes
2026-10-05T00:28:18.626179Z,KXBTC15M-26OCT042030-30,0.2100,19.00,yes
2026-10-05T00:28:18.629544Z,KXBTC15M-26OCT042030-30,0.2100,12.00,yes
2026-10-05T00:28:18.63191Z,KXBTC15M-26OCT042030-30,0.2100,9.02,yes
2026-10-05T00:28:18.643419Z,KXBTC15M-26OCT042030-30,0.2100,9.02,yes
2026-10-05T00:28:18.650591Z,KXBTC15M-26OCT042030-30,0.2100,22.80,yes
2026-10-05T00:28:18.659104Z,KXBTC15M-26OCT042030-30,0.2100,7.00,yes
2026-10-05T00:28:18.676981Z,KXBTC15M-26OCT042030-30,0.2000,2.46,no
2026-10-05T00:28:18.688545Z,KXBTC15M-26OCT042030-30,0.2000,23.69,no
2026-10-05T00:28:18.688545Z,KXBTC15M-26OCT042030-30,0.2000,0.01,no
2026-10-05T00:28:18.688545Z,KXBTC15M-26OCT042030-30,0.2000,13.27,no
2026-10-05T00:28:18.688545Z,KXBTC15M-26OCT042030-30,0.2000,0.01,no
2026-10-05T00:28:18.697528Z,KXBTC15M-26OCT042030-30,0.2100,8.83,yes
2026-10-05T00:28:18.697528Z,KXBTC15M-26OCT042030-30,0.2100,13.73,yes
2026-10-05T00:28:18.732656Z,KXBTC15M-26OCT042030-30,0.2100,0.09,yes
2026-10-05T00:28:18.743511Z,KXBTC15M-26OCT042030-30,0.2100,20.00,yes
2026-10-05T00:28:18.767575Z,KXBTC15M-26OCT042030-30,0.2100,7.19,yes
2026-10-05T00:28:18.788508Z,KXBTC15M-26OCT042030-30,0.2100,7.00,yes
2026-10-05T00:28:18.789318Z,KXBTC15M-26OCT042030-30,0.2100,73.00,yes
2026-10-05T00:28:18.796829Z,KXBTC15M-26OCT042030-30,0.2100,10.00,yes
2026-10-05T00:28:18.796829Z,KXBTC15M-26OCT042030-30,0.2100,17.00,yes
2026-10-05T00:28:18.796829Z,KXBTC15M-26OCT042030-30,0.2100,56.88,yes
2026-10-05T00:28:18.796829Z,KXBTC15M-26OCT042030-30,0.2100,0.01,yes
2026-10-05T00:28:18.796829Z,KXBTC15M-26OCT042030-30,0.2100,25.99,yes
2026-10-05T00:28:18.796829Z,KXBTC15M-26OCT042030-30,0.2100,800.00,yes
2026-10-05T00:28:18.796829Z,KXBTC15M-26OCT042030-30,0.2100,0.01,yes
2026-10-05T00:28:18.81796Z,KXBTC15M-26OCT042030-30,0.2100,6.99,yes
2026-10-05T00:28:18.828569Z,KXBTC15M-26OCT042030-30,0.2100,1.12,yes
2026-10-05T00:28:18.841406Z,KXBTC15M-26OCT042030-30,0.2100,6.81,yes
2026-10-05T00:28:18.85833Z,KXBTC15M-26OCT042030-30,0.2100,17.73,yes
2026-10-05T00:28:18.864478Z,KXBTC15M-26OCT042030-30,0.2000,2.46,no
2026-10-05T00:28:18.871223Z,KXBTC15M-26OCT042030-30,0.2100,9.02,yes
2026-10-05T00:28:18.897855Z,KXBTC15M-26OCT042030-30,0.2100,19.00,yes
2026-10-05T00:28:18.906Z,KXBTC15M-26OCT042030-30,0.2100,22.56,yes
2026-10-05T00:28:18.908484Z,KXBTC15M-26OCT042030-30,0.2000,1.10,no
2026-10-05T00:28:18.911653Z,KXBTC15M-26OCT042030-30,0.2100,4.51,yes
2026-10-05T00:28:18.91818Z,KXBTC15M-26OCT042030-30,0.2100,0.45,yes
2026-10-05T00:28:18.920188Z,KXBTC15M-26OCT042030-30,0.2100,4.51,yes
2026-10-05T00:28:18.922048Z,KXBTC15M-26OCT042030-30,0.2100,1.36,yes
2026-10-05T00:28:18.932802Z,KXBTC15M-26OCT042030-30,0.2100,22.56,yes
2026-10-05T00:28:18.955471Z,KXBTC15M-26OCT042030-30,0.2000,12.32,no
2026-10-05T00:28:18.961198Z,KXBTC15M-26OCT042030-30,0.2100,6.29,yes
2026-10-05T00:28:18.973736Z,KXBTC15M-26OCT042030-30,0.2000,5.68,no
2026-10-05T00:28:18.973736Z,KXBTC15M-26OCT042030-30,0.2000,3.00,no
2026-10-05T00:28:18.973736Z,KXBTC15M-26OCT042030-30,0.2000,12.04,no
2026-10-05T00:28:18.973736Z,KXBTC15M-26OCT042030-30,0.2000,1.21,no
2026-10-05T00:28:18.973736Z,KXBTC15M-26OCT042030-30,0.2000,100.00,no
2026-10-05T00:28:18.988122Z,KXBTC15M-26OCT042030-30,0.2100,2.00,yes
2026-10-05T00:28:18.991082Z,KXBTC15M-26OCT042030-30,0.2100,23.80,yes
2026-10-05T00:28:18.998436Z,KXBTC15M-26OCT042030-30,0.2100,89.00,yes
2026-10-05T00:28:19.004874Z,KXBTC15M-26OCT042030-30,0.2100,1159.82,yes
2026-10-05T00:28:19.025399Z,KXBTC15M-26OCT042030-30,0.2100,5.00,yes
2026-10-05T00:28:19.025399Z,KXBTC15M-26OCT042030-30,0.2100,1.90,yes
2026-10-05T00:28:19.07753Z,KXBTC15M-26OCT042030-30,0.2100,5.00,yes
2026-10-05T00:28:19.07753Z,KXBTC15M-26OCT042030-30,0.2100,13.10,yes
2026-10-05T00:28:19.07753Z,KXBTC15M-26OCT042030-30,0.2100,4.46,yes
2026-10-05T00:28:19.107808Z,KXBTC15M-26OCT042030-30,0.2100,2.83,yes
2026-10-05T00:28:19.108002Z,KXBTC15M-26OCT042030-30,0.2000,6.16,no
2026-10-05T00:28:19.121055Z,KXBTC15M-26OCT042030-30,0.2100,6.63,yes
2026-10-05T00:28:19.124328Z,KXBTC15M-26OCT042030-30,0.2100,6.33,yes
2026-10-05T00:28:19.124328Z,KXBTC15M-26OCT042030-30,0.2100,86.00,yes
2026-10-05T00:28:19.124328Z,KXBTC15M-26OCT042030-30,0.2100,6.33,yes
2026-10-05T00:28:19.124328Z,KXBTC15M-26OCT042030-30,0.2100,102.27,yes
2026-10-05T00:28:19.124328Z,KXBTC15M-26OCT042030-30,0.2100,386.08,yes
2026-10-05T00:28:19.124328Z,KXBTC15M-26OCT042030-30,0.2100,6.33,yes
2026-10-05T00:28:19.13888Z,KXBTC15M-26OCT042030-30,0.2100,36.09,yes
2026-10-05T00:28:19.140594Z,KXBTC15M-26OCT042030-30,0.2100,451.23,yes
2026-10-05T00:28:19.149315Z,KXBTC15M-26OCT042030-30,0.2100,22.56,yes
2026-10-05T00:28:19.18643Z,KXBTC15M-26OCT042030-30,0.2100,187.85,yes
2026-10-05T00:28:19.18643Z,KXBTC15M-26OCT042030-30,0.2100,169.13,yes
2026-10-05T00:28:19.18643Z,KXBTC15M-26OCT042030-30,0.2100,0.01,yes
2026-10-05T00:28:19.18643Z,KXBTC15M-26OCT042030-30,0.2100,0.01,yes
2026-10-05T00:28:19.189975Z,KXBTC15M-26OCT042030-30,0.2100,15.87,yes
2026-10-05T00:28:19.189975Z,KXBTC15M-26OCT042030-30,0.2100,6.69,yes
2026-10-05T00:28:19.193938Z,KXBTC15M-26OCT042030-30,0.2100,18.31,yes
2026-10-05T00:28:19.193938Z,KXBTC15M-26OCT042030-30,0.2100,4.25,yes
2026-10-05T00:28:19.19625Z,KXBTC15M-26OCT042030-30,0.2100,4.51,yes
2026-10-05T00:28:19.200358Z,KXBTC15M-26OCT042030-30,0.2100,703.38,yes
2026-10-05T00:28:19.200358Z,KXBTC15M-26OCT042030-30,0.2100,5.00,yes
2026-10-05T00:28:19.200358Z,KXBTC15M-26OCT042030-30,0.2100,6.00,yes
2026-10-05T00:28:19.200358Z,KXBTC15M-26OCT042030-30,0.2100,400.00,yes
2026-10-05T00:28:19.200358Z,KXBTC15M-26OCT042030-30,0.2100,11.24,yes
2026-10-05T00:28:19.200358Z,KXBTC15M-26OCT042030-30,0.2100,1.00,yes
2026-10-05T00:28:19.200358Z,KXBTC15M-26OCT042030-30,0.2100,10.00,yes
2026-10-05T00:28:19.200358Z,KXBTC15M-26OCT042030-30,0.2100,365.05,yes
2026-10-05T00:28:19.203932Z,KXBTC15M-26OCT042030-30,0.2100,93.06,yes
2026-10-05T00:28:19.203932Z,KXBTC15M-26OCT042030-30,0.2100,64.00,yes
2026-10-05T00:28:19.203932Z,KXBTC15M-26OCT042030-30,0.2100,0.01,yes
2026-10-05T00:28:19.203932Z,KXBTC15M-26OCT042030-30,0.2100,96.62,yes
2026-10-05T00:28:19.203932Z,KXBTC15M-26OCT042030-30,0.2100,93.75,yes
2026-10-05T00:28:19.203932Z,KXBTC15M-26OCT042030-30,0.2100,0.01,yes
2026-10-05T00:28:19.20566Z,KXBTC15M-26OCT042030-30,0.2100,1.56,yes
2026-10-05T00:28:19.20566Z,KXBTC15M-26OCT042030-30,0.2100,0.69,yes
2026-10-05T00:28:19.248998Z,KXBTC15M-26OCT042030-30,0.2100,1.00,yes
2026-10-05T00:28:19.248998Z,KXBTC15M-26OCT042030-30,0.2100,13.44,yes
2026-10-05T00:28:19.248998Z,KXBTC15M-26OCT042030-30,0.2100,8.12,yes
2026-10-05T00:28:19.249581Z,KXBTC15M-26OCT042030-30,0.2100,3.80,yes
2026-10-05T00:28:19.268972Z,KXBTC15M-26OCT042030-30,0.2100,4.49,yes
2026-10-05T00:28:19.268972Z,KXBTC15M-26OCT042030-30,0.2100,0.01,yes
2026-10-05T00:28:19.268972Z,KXBTC15M-26OCT042030-30,0.2100,0.01,yes
2026-10-05T00:28:19.277599Z,KXBTC15M-26OCT042030-30,0.2100,37.54,yes
2026-10-05T00:28:19.318946Z,KXBTC15M-26OCT042030-30,0.2100,0.01,yes
2026-10-05T00:28:19.318946Z,KXBTC15M-26OCT042030-30,0.2100,0.01,yes
2026-10-05T00:28:19.318946Z,KXBTC15M-26OCT042030-30,0.2100,24.48,yes
2026-10-05T00:28:19.3194Z,KXBTC15M-26OCT042030-30,0.2100,63.00,yes
2026-10-05T00:28:19.322349Z,KXBTC15M-26OCT042030-30,0.2100,1.55,yes
2026-10-05T00:28:19.326916Z,KXBTC15M-26OCT042030-30,0.2100,2.76,yes
2026-10-05T00:28:19.328053Z,KXBTC15M-26OCT042030-30,0.2100,0.45,yes
2026-10-05T00:28:19.379929Z,KXBTC15M-26OCT042030-30,0.2100,1.00,yes
2026-10-05T00:28:19.379929Z,KXBTC15M-26OCT042030-30,0.2100,93.75,yes
2026-10-05T00:28:19.379929Z,KXBTC15M-26OCT042030-30,0.2100,53.74,yes
2026-10-05T00:28:19.379929Z,KXBTC15M-26OCT042030-30,0.2100,1.51,yes
2026-10-05T00:28:19.40074Z,KXBTC15M-26OCT042030-30,0.2000,3.69,no
2026-10-05T00:28:19.405931Z,KXBTC15M-26OCT042030-30,0.2000,149.16,no
2026-10-05T00:28:19.418644Z,KXBTC15M-26OCT042030-30,0.2100,4.51,yes
2026-10-05T00:28:19.448165Z,KXBTC15M-26OCT042030-30,0.2100,45.12,yes
2026-10-05T00:28:19.476292Z,KXBTC15M-26OCT042030-30,0.2100,2.25,yes
2026-10-05T00:28:19.478933Z,KXBTC15M-26OCT042030-30,0.2100,135.37,yes
2026-10-05T00:28:19.480184Z,KXBTC15M-26OCT042030-30,0.2100,159.01,yes
2026-10-05T00:28:19.480184Z,KXBTC15M-26OCT042030-30,0.2100,21.00,yes
2026-10-05T00:28:19.480184Z,KXBTC15M-26OCT042030-30,0.2100,0.01,yes
2026-10-05T00:28:19.480184Z,KXBTC15M-26OCT042030-30,0.2100,10.00,yes
2026-10-05T00:28:19.480184Z,KXBTC15M-26OCT042030-30,0.2100,1.00,yes
2026-10-05T00:28:19.493087Z,KXBTC15M-26OCT042030-30,0.2200,156.31,yes
2026-10-05T00:28:19.497784Z,KXBTC15M-26OCT042030-30,0.2100,0.01,yes
2026-10-05T00:28:19.498318Z,KXBTC15M-26OCT042030-30,0.2100,0.01,yes
2026-10-05T00:28:19.502544Z,KXBTC15M-26OCT042030-30,0.2200,1.20,yes
2026-10-05T00:28:19.523611Z,KXBTC15M-26OCT042030-30,0.2100,0.01,yes
2026-10-05T00:28:19.542227Z,KXBTC15M-26OCT042030-30,0.2000,49.30,no
2026-10-05T00:28:19.552005Z,KXBTC15M-26OCT042030-30,0.2100,24.01,yes
2026-10-05T00:28:19.552005Z,KXBTC15M-26OCT042030-30,0.2100,0.99,yes
2026-10-05T00:28:19.556714Z,KXBTC15M-26OCT042030-30,0.2100,371.00,yes
2026-10-05T00:28:19.567988Z,KXBTC15M-26OCT042030-30,0.2000,24.61,no
2026-10-05T00:28:19.568191Z,KXBTC15M-26OCT042030-30,0.2000,24.65,no
2026-10-05T00:28:19.573531Z,KXBTC15M-26OCT042030-30,0.2100,4.99,yes
2026-10-05T00:28:19.573531Z,KXBTC15M-26OCT042030-30,0.2100,12.50,yes
2026-10-05T00:28:19.573531Z,KXBTC15M-26OCT042030-30,0.2200,42.23,yes
2026-10-05T00:28:19.589459Z,KXBTC15M-26OCT042030-30,0.2100,4.51,yes
2026-10-05T00:28:19.592523Z,KXBTC15M-26OCT042030-30,0.2100,0.01,yes
2026-10-05T00:28:19.59377Z,KXBTC15M-26OCT042030-30,0.2100,5.41,yes
2026-10-05T00:28:19.599855Z,KXBTC15M-26OCT042030-30,0.2000,30.81,no
2026-10-05T00:28:19.603318Z,KXBTC15M-26OCT042030-30,0.2100,1.03,yes
2026-10-05T00:28:19.603318Z,KXBTC15M-26OCT042030-30,0.2100,8.07,yes
2026-10-05T00:28:19.616184Z,KXBTC15M-26OCT042030-30,0.2100,0.45,yes
2026-10-05T00:28:19.616614Z,KXBTC15M-26OCT042030-30,0.2100,6.33,yes
2026-10-05T00:28:19.616614Z,KXBTC15M-26OCT042030-30,0.2100,14.95,yes
2026-10-05T00:28:19.616614Z,KXBTC15M-26OCT042030-30,0.2100,6.33,yes
2026-10-05T00:28:19.616614Z,KXBTC15M-26OCT042030-30,0.2100,6.33,yes
2026-10-05T00:28:19.616614Z,KXBTC15M-26OCT042030-30,0.2100,6.33,yes
2026-10-05T00:28:19.616614Z,KXBTC15M-26OCT042030-30,0.2100,4.85,yes
2026-10-05T00:28:19.626895Z,KXBTC15M-26OCT042030-30,0.2100,0.22,yes
2026-10-05T00:28:19.649876Z,KXBTC15M-26OCT042030-30,0.2100,4.51,yes
2026-10-05T00:28:19.67501Z,KXBTC15M-26OCT042030-30,0.2100,4.51,yes
2026-10-05T00:28:19.699707Z,KXBTC15M-26OCT042030-30,0.2100,22.56,yes
2026-10-05T00:28:19.707159Z,KXBTC15M-26OCT042030-30,0.2100,21.52,yes
2026-10-05T00:28:19.724897Z,KXBTC15M-26OCT042030-30,0.2100,6.55,yes
2026-10-05T00:28:19.776992Z,KXBTC15M-26OCT042030-30,0.2100,2.25,yes
2026-10-05T00:28:19.787017Z,KXBTC15M-26OCT042030-30,0.2100,45.12,yes
2026-10-05T00:28:19.794992Z,KXBTC15M-26OCT042030-30,0.2100,1.80,yes
2026-10-05T00:28:19.795539Z,KXBTC15M-26OCT042030-30,0.2100,2.14,yes
2026-10-05T00:28:19.799876Z,KXBTC15M-26OCT042030-30,0.2100,17.22,yes
2026-10-05T00:28:19.817698Z,KXBTC15M-26OCT042030-30,0.2100,1.00,yes
2026-10-05T00:28:19.817698Z,KXBTC15M-26OCT042030-30,0.2100,6.33,yes
2026-10-05T00:28:19.817698Z,KXBTC15M-26OCT042030-30,0.2100,1.69,yes
2026-10-05T00:28:19.828719Z,KXBTC15M-26OCT042030-30,0.2100,1.75,yes
2026-10-05T00:28:19.828719Z,KXBTC15M-26OCT042030-30,0.2100,12.50,yes
2026-10-05T00:28:19.828719Z,KXBTC15M-26OCT042030-30,0.2100,8.31,yes
2026-10-05T00:28:19.857656Z,KXBTC15M-26OCT042030-30,0.2100,1.00,yes
2026-10-05T00:28:19.857656Z,KXBTC15M-26OCT042030-30,0.2100,13.25,yes
2026-10-05T00:28:19.857656Z,KXBTC15M-26OCT042030-30,0.2100,81.75,yes
2026-10-05T00:28:19.886458Z,KXBTC15M-26OCT042030-30,0.2200,21.55,yes
2026-10-05T00:28:19.897665Z,KXBTC15M-26OCT042030-30,0.2200,42.58,yes
2026-10-05T00:28:19.923766Z,KXBTC15M-26OCT042030-30,0.2200,4.79,yes
2026-10-05T00:28:19.933703Z,KXBTC15M-26OCT042030-30,0.2100,0.01,no
2026-10-05T00:28:19.933703Z,KXBTC15M-26OCT042030-30,0.2100,0.01,no
2026-10-05T00:28:19.933703Z,KXBTC15M-26OCT042030-30,0.2100,32.97,no
2026-10-05T00:28:19.933703Z,KXBTC15M-26OCT042030-30,0.2100,0.01,no
2026-10-05T00:28:19.933703Z,KXBTC15M-26OCT042030-30,0.2100,17.00,no
2026-10-05T00:28:19.946945Z,KXBTC15M-26OCT042030-30,0.2100,0.10,no
2026-10-05T00:28:19.961184Z,KXBTC15M-26OCT042030-30,0.2100,6.08,no
2026-10-05T00:28:19.963099Z,KXBTC15M-26OCT042030-30,0.2100,1.59,no
2026-10-05T00:28:19.981565Z,KXBTC15M-26OCT042030-30,0.2200,4.50,yes
2026-10-05T00:28:20.060906Z,KXBTC15M-26OCT042030-30,0.2100,85.14,no
2026-10-05T00:28:20.060906Z,KXBTC15M-26OCT042030-30,0.2100,0.01,no
2026-10-05T00:28:20.060906Z,KXBTC15M-26OCT042030-30,0.2100,20.00,no
2026-10-05T00:28:20.060906Z,KXBTC15M-26OCT042030-30,0.2100,0.01,no
2026-10-05T00:28:20.060906Z,KXBTC15M-26OCT042030-30,0.2100,10.26,no
2026-10-05T00:28:20.060906Z,KXBTC15M-26OCT042030-30,0.2100,0.01,no
2026-10-05T00:28:20.060906Z,KXBTC15M-26OCT042030-30,0.2100,5.00,no
2026-10-05T00:28:20.070044Z,KXBTC15M-26OCT042030-30,0.2200,97.00,yes
2026-10-05T00:28:20.070044Z,KXBTC15M-26OCT042030-30,0.2200,89.28,yes
2026-10-05T00:28:20.070044Z,KXBTC15M-26OCT042030-30,0.2200,1.00,yes
2026-10-05T00:28:20.070044Z,KXBTC15M-26OCT042030-30,0.2200,226.84,yes
2026-10-05T00:28:20.081028Z,KXBTC15M-26OCT042030-30,0.2200,25.00,yes
2026-10-05T00:28:20.083007Z,KXBTC15M-26OCT042030-30,0.2200,2.15,yes
2026-10-05T00:28:20.10837Z,KXBTC15M-26OCT042030-30,0.2100,1.23,no
2026-10-05T00:28:20.115663Z,KXBTC15M-26OCT042030-30,0.2200,4.32,yes
2026-10-05T00:28:20.116173Z,KXBTC15M-26OCT042030-30,0.2100,1.17,no
2026-10-05T00:28:20.125386Z,KXBTC15M-26OCT042030-30,0.2100,0.01,no
2026-10-05T00:28:20.125386Z,KXBTC15M-26OCT042030-30,0.2100,48.60,no
2026-10-05T00:28:20.125386Z,KXBTC15M-26OCT042030-30,0.2100,0.01,no
2026-10-05T00:28:20.125386Z,KXBTC15M-26OCT042030-30,0.2000,11.38,no
2026-10-05T00:28:20.14168Z,KXBTC15M-26OCT042030-30,0.2000,11.09,no
2026-10-05T00:28:20.192774Z,KXBTC15M-26OCT042030-30,0.2100,9.66,yes
2026-10-05T00:28:20.206587Z,KXBTC15M-26OCT042030-30,0.2000,0.03,no
2026-10-05T00:28:20.210102Z,KXBTC15M-26OCT042030-30,0.2100,66.00,yes
2026-10-05T00:28:20.216286Z,KXBTC15M-26OCT042030-30,0.2100,3.40,yes
2026-10-05T00:28:20.218744Z,KXBTC15M-26OCT042030-30,0.2100,28.65,yes
2026-10-05T00:28:20.240497Z,KXBTC15M-26OCT042030-30,0.2100,63.90,yes
2026-10-05T00:28:20.263168Z,KXBTC15M-26OCT042030-30,0.2100,47.41,yes
2026-10-05T00:28:20.273549Z,KXBTC15M-26OCT042030-30,0.2100,18.04,yes
2026-10-05T00:28:20.273928Z,KXBTC15M-26OCT042030-30,0.2100,4.51,yes
2026-10-05T00:28:20.302149Z,KXBTC15M-26OCT042030-30,0.2000,42.15,no
2026-10-05T00:28:20.306052Z,KXBTC15M-26OCT042030-30,0.2000,1.23,no
2026-10-05T00:28:20.335439Z,KXBTC15M-26OCT042030-30,0.2100,107.75,yes
2026-10-05T00:28:20.335642Z,KXBTC15M-26OCT042030-30,0.2100,431.01,yes
2026-10-05T00:28:20.339752Z,KXBTC15M-26OCT042030-30,0.2100,0.01,yes
2026-10-05T00:28:20.339752Z,KXBTC15M-26OCT042030-30,0.2100,19.67,yes
2026-10-05T00:28:20.339752Z,KXBTC15M-26OCT042030-30,0.2100,0.01,yes
2026-10-05T00:28:20.339752Z,KXBTC15M-26OCT042030-30,0.2100,0.41,yes
2026-10-05T00:28:20.339752Z,KXBTC15M-26OCT042030-30,0.2100,23.00,yes
2026-10-05T00:28:20.344056Z,KXBTC15M-26OCT042030-30,0.2100,4.43,yes
2026-10-05T00:28:20.346827Z,KXBTC15M-26OCT042030-30,0.2100,65.18,yes
2026-10-05T00:28:20.361932Z,KXBTC15M-26OCT042030-30,0.2100,19.00,yes
2026-10-05T00:28:20.361962Z,KXBTC15M-26OCT042030-30,0.2100,10.98,yes
2026-10-05T00:28:20.361962Z,KXBTC15M-26OCT042030-30,0.2100,15.00,yes
2026-10-05T00:28:20.361962Z,KXBTC15M-26OCT042030-30,0.2100,7.12,yes
2026-10-05T00:28:20.361962Z,KXBTC15M-26OCT042030-30,0.2100,10.00,yes
2026-10-05T00:28:20.36502Z,KXBTC15M-26OCT042030-30,0.2100,10.00,yes
2026-10-05T00:28:20.36502Z,KXBTC15M-26OCT042030-30,0.2100,71.88,yes
2026-10-05T00:28:20.36502Z,KXBTC15M-26OCT042030-30,0.2200,1.00,yes
2026-10-05T00:28:20.36502Z,KXBTC15M-26OCT042030-30,0.2100,0.01,yes
2026-10-05T00:28:20.36502Z,KXBTC15M-26OCT042030-30,0.2100,0.01,yes
2026-10-05T00:28:20.36502Z,KXBTC15M-26OCT042030-30,0.2200,44.24,yes
2026-10-05T00:28:20.36502Z,KXBTC15M-26OCT042030-30,0.2300,145.29,yes
2026-10-05T00:28:20.395271Z,KXBTC15M-26OCT042030-30,0.2100,30.47,no
2026-10-05T00:28:20.410927Z,KXBTC15M-26OCT042030-30,0.2200,0.01,yes
2026-10-05T00:28:20.410927Z,KXBTC15M-26OCT042030-30,0.2200,3.47,yes
2026-10-05T00:28:20.410927Z,KXBTC15M-26OCT042030-30,0.2200,0.01,yes
2026-10-05T00:28:20.437865Z,KXBTC15M-26OCT042030-30,0.2100,0.54,no
2026-10-05T00:28:20.445186Z,KXBTC15M-26OCT042030-30,0.2200,15.92,yes
2026-10-05T00:28:20.447875Z,KXBTC15M-26OCT042030-30,0.2200,0.08,yes
2026-10-05T00:28:20.453081Z,KXBTC15M-26OCT042030-30,0.2100,1222.00,no
2026-10-05T00:28:20.475919Z,KXBTC15M-26OCT042030-30,0.2100,0.01,no
2026-10-05T00:28:20.475919Z,KXBTC15M-26OCT042030-30,0.2100,0.01,no
2026-10-05T00:28:20.475919Z,KXBTC15M-26OCT042030-30,0.2100,0.01,no
2026-10-05T00:28:20.475919Z,KXBTC15M-26OCT042030-30,0.2000,0.96,no
2026-10-05T00:28:20.48701Z,KXBTC15M-26OCT042030-30,0.2100,43.10,yes
2026-10-05T00:28:20.500997Z,KXBTC15M-26OCT042030-30,0.2100,0.01,yes
2026-10-05T00:28:20.501834Z,KXBTC15M-26OCT042030-30,0.2100,212.77,yes
2026-10-05T00:28:20.506582Z,KXBTC15M-26OCT042030-30,0.2000,3.66,no
2026-10-05T00:28:20.527831Z,KXBTC15M-26OCT042030-30,0.2000,5.99,no
2026-10-05T00:28:20.533329Z,KXBTC15M-26OCT042030-30,0.2100,66.47,yes
2026-10-05T00:28:20.568242Z,KXBTC15M-26OCT042030-30,0.2100,22.56,yes
2026-10-05T00:28:20.572766Z,KXBTC15M-26OCT042030-30,0.2000,2.38,no
2026-10-05T00:28:20.572766Z,KXBTC15M-26OCT042030-30,0.2000,32.00,no
2026-10-05T00:28:20.572766Z,KXBTC15M-26OCT042030-30,0.2000,0.01,no
2026-10-05T00:28:20.572766Z,KXBTC15M-26OCT042030-30,0.2000,0.01,no
2026-10-05T00:28:20.572766Z,KXBTC15M-26OCT042030-30,0.2000,1.21,no
2026-10-05T00:28:20.572766Z,KXBTC15M-26OCT042030-30,0.2000,86.39,no
2026-10-05T00:28:20.588102Z,KXBTC15M-26OCT042030-30,0.2100,45.12,yes
2026-10-05T00:28:20.633791Z,KXBTC15M-26OCT042030-30,0.2100,4.31,yes
2026-10-05T00:28:20.64476Z,KXBTC15M-26OCT042030-30,0.2100,17.00,yes
2026-10-05T00:28:20.647793Z,KXBTC15M-26OCT042030-30,0.2100,1.43,yes
2026-10-05T00:28:20.656092Z,KXBTC15M-26OCT042030-30,0.2100,2.25,yes
2026-10-05T00:28:20.693488Z,KXBTC15M-26OCT042030-30,0.2100,8.62,yes
2026-10-05T00:28:20.705485Z,KXBTC15M-26OCT042030-30,0.2100,178.19,yes
2026-10-05T00:28:20.709289Z,KXBTC15M-26OCT042030-30,0.2100,45.09,yes
2026-10-05T00:28:20.709656Z,KXBTC15M-26OCT042030-30,0.2100,6.34,yes
2026-10-05T00:28:20.716511Z,KXBTC15M-26OCT042030-30,0.2100,5.43,yes
2026-10-05T00:28:20.729346Z,KXBTC15M-26OCT042030-30,0.2100,112.42,yes
2026-10-05T00:28:20.744597Z,KXBTC15M-26OCT042030-30,0.2000,10.82,no
2026-10-05T00:28:20.760603Z,KXBTC15M-26OCT042030-30,0.2000,76.80,no
2026-10-05T00:28:20.760603Z,KXBTC15M-26OCT042030-30,0.2000,3.52,no
2026-10-05T00:28:20.760603Z,KXBTC15M-26OCT042030-30,0.2000,0.01,no
2026-10-05T00:28:20.760603Z,KXBTC15M-26OCT042030-30,0.2000,0.01,no
2026-10-05T00:28:20.760603Z,KXBTC15M-26OCT042030-30,0.2000,5.00,no
2026-10-05T00:28:20.761467Z,KXBTC15M-26OCT042030-30,0.2000,17.00,no
2026-10-05T00:28:20.761467Z,KXBTC15M-26OCT042030-30,0.2000,1.23,no
2026-10-05T00:28:20.767459Z,KXBTC15M-26OCT042030-30,0.1900,5.00,no
2026-10-05T00:28:20.767459Z,KXBTC15M-26OCT042030-30,0.1900,0.10,no
2026-10-05T00:28:20.768183Z,KXBTC15M-26OCT042030-30,0.1900,1.29,no
2026-10-05T00:28:20.769661Z,KXBTC15M-26OCT042030-30,0.1900,5.10,no
2026-10-05T00:28:20.770102Z,KXBTC15M-26OCT042030-30,0.1900,39.00,no
2026-10-05T00:28:20.770476Z,KXBTC15M-26OCT042030-30,0.1900,5.10,no
2026-10-05T00:28:20.770488Z,KXBTC15M-26OCT042030-30,0.1900,8.89,no
2026-10-05T00:28:20.770912Z,KXBTC15M-26OCT042030-30,0.1900,1.42,no
2026-10-05T00:28:20.775302Z,KXBTC15M-26OCT042030-30,0.1900,2.44,no
2026-10-05T00:28:20.777595Z,KXBTC15M-26OCT042030-30,0.1900,0.01,no
2026-10-05T00:28:20.777595Z,KXBTC15M-26OCT042030-30,0.1900,0.01,no
2026-10-05T00:28:20.777595Z,KXBTC15M-26OCT042030-30,0.1900,28.76,no
2026-10-05T00:28:20.781431Z,KXBTC15M-26OCT042030-30,0.2000,63.00,yes
2026-10-05T00:28:20.791031Z,KXBTC15M-26OCT042030-30,0.2000,35.13,yes
2026-10-05T00:28:20.791031Z,KXBTC15M-26OCT042030-30,0.2000,1.00,yes
2026-10-05T00:28:20.792222Z,KXBTC15M-26OCT042030-30,0.1900,1.20,no
2026-10-05T00:28:20.792827Z,KXBTC15M-26OCT042030-30,0.2000,278.03,yes
2026-10-05T00:28:20.793604Z,KXBTC15M-26OCT042030-30,0.2000,236.08,yes
2026-10-05T00:28:20.794023Z,KXBTC15M-26OCT042030-30,0.2000,21.00,yes
2026-10-05T00:28:20.804715Z,KXBTC15M-26OCT042030-30,0.1900,30.19,no
2026-10-05T00:28:20.81556Z,KXBTC15M-26OCT042030-30,0.2000,90.54,yes
2026-10-05T00:28:20.850236Z,KXBTC15M-26OCT042030-30,0.2000,3.42,yes
2026-10-05T00:28:20.851862Z,KXBTC15M-26OCT042030-30,0.2000,17.94,yes
2026-10-05T00:28:20.852456Z,KXBTC15M-26OCT042030-30,0.2000,20.00,yes
2026-10-05T00:28:20.859718Z,KXBTC15M-26OCT042030-30,0.2000,20.13,yes
2026-10-05T00:28:20.861733Z,KXBTC15M-26OCT042030-30,0.2000,9.02,yes
2026-10-05T00:28:20.865265Z,KXBTC15M-26OCT042030-30,0.2000,23.60,yes
2026-10-05T00:28:20.866513Z,KXBTC15M-26OCT042030-30,0.1900,0.01,no
2026-10-05T00:28:20.866513Z,KXBTC15M-26OCT042030-30,0.1900,106.42,no
2026-10-05T00:28:20.866513Z,KXBTC15M-26OCT042030-30,0.1800,80.00,no
2026-10-05T00:28:20.866513Z,KXBTC15M-26OCT042030-30,0.1900,0.01,no
2026-10-05T00:28:20.866513Z,KXBTC15M-26OCT042030-30,0.1800,2000.00,no
2026-10-05T00:28:20.866513Z,KXBTC15M-26OCT042030-30,0.1800,2.58,no
2026-10-05T00:28:20.873953Z,KXBTC15M-26OCT042030-30,0.2000,45.11,yes
2026-10-05T00:28:20.873953Z,KXBTC15M-26OCT042030-30,0.2000,253.89,yes
2026-10-05T00:28:20.884896Z,KXBTC15M-26OCT042030-30,0.1900,0.01,no
2026-10-05T00:28:20.893987Z,KXBTC15M-26OCT042030-30,0.1900,4.99,no
2026-10-05T00:28:20.893987Z,KXBTC15M-26OCT042030-30,0.1900,17.00,no
2026-10-05T00:28:20.893987Z,KXBTC15M-26OCT042030-30,0.1900,0.01,no
2026-10-05T00:28:20.934588Z,KXBTC15M-26OCT042030-30,0.2000,5.90,yes
2026-10-05T00:28:20.939582Z,KXBTC15M-26OCT042030-30,0.2000,1.92,yes
2026-10-05T00:28:20.940306Z,KXBTC15M-26OCT042030-30,0.2000,4.51,yes
2026-10-05T00:28:20.94125Z,KXBTC15M-26OCT042030-30,0.1900,1.00,no
2026-10-05T00:28:20.943661Z,KXBTC15M-26OCT042030-30,0.1900,0.59,no
2026-10-05T00:28:20.946589Z,KXBTC15M-26OCT042030-30,0.2000,45.12,yes
2026-10-05T00:28:20.94894Z,KXBTC15M-26OCT042030-30,0.2000,15.00,yes
2026-10-05T00:28:20.94894Z,KXBTC15M-26OCT042030-30,0.2000,21.95,yes
2026-10-05T00:28:20.94894Z,KXBTC15M-26OCT042030-30,0.2000,188.66,yes
2026-10-05T00:28:20.951673Z,KXBTC15M-26OCT042030-30,0.2000,40.44,yes
2026-10-05T00:28:21.000264Z,KXBTC15M-26OCT042030-30,0.1900,0.99,no
2026-10-05T00:28:21.017836Z,KXBTC15M-26OCT042030-30,0.1900,0.01,no
2026-10-05T00:28:21.017836Z,KXBTC15M-26OCT042030-30,0.1900,0.01,no
2026-10-05T00:28:21.017836Z,KXBTC15M-26OCT042030-30,0.1900,31.42,no
2026-10-05T00:28:21.017836Z,KXBTC15M-26OCT042030-30,0.1900,21.00,no
2026-10-05T00:28:21.033101Z,KXBTC15M-26OCT042030-30,0.1900,0.01,yes
2026-10-05T00:28:21.033427Z,KXBTC15M-26OCT042030-30,0.1900,4.51,yes
2026-10-05T00:28:21.061828Z,KXBTC15M-26OCT042030-30,0.1800,0.01,no
2026-10-05T00:28:21.061828Z,KXBTC15M-26OCT042030-30,0.1800,0.01,no
2026-10-05T00:28:21.061947Z,KXBTC15M-26OCT042030-30,0.1700,12.00,no
2026-10-05T00:28:21.062562Z,KXBTC15M-26OCT042030-30,0.1700,12.00,no
2026-10-05T00:28:21.088815Z,KXBTC15M-26OCT042030-30,0.1800,10.00,yes
2026-10-05T00:28:21.088815Z,KXBTC15M-26OCT042030-30,0.1800,90.00,yes
2026-10-05T00:28:21.125035Z,KXBTC15M-26OCT042030-30,0.1800,34.00,yes
2026-10-05T00:28:21.128504Z,KXBTC15M-26OCT042030-30,0.1700,1.00,no
2026-10-05T00:28:21.14566Z,KXBTC15M-26OCT042030-30,0.1900,10.00,yes
2026-10-05T00:28:21.14566Z,KXBTC15M-26OCT042030-30,0.1900,0.01,yes
2026-10-05T00:28:21.14566Z,KXBTC15M-26OCT042030-30,0.1800,8.00,yes
2026-10-05T00:28:21.14566Z,KXBTC15M-26OCT042030-30,0.1900,800.00,yes
2026-10-05T00:28:21.14566Z,KXBTC15M-26OCT042030-30,0.1800,400.00,yes
2026-10-05T00:28:21.14566Z,KXBTC15M-26OCT042030-30,0.1900,93.75,yes
2026-10-05T00:28:21.14566Z,KXBTC15M-26OCT042030-30,0.1900,0.01,yes
2026-10-05T00:28:21.14566Z,KXBTC15M-26OCT042030-30,0.1800,220.00,yes
2026-10-05T00:28:21.14566Z,KXBTC15M-26OCT042030-30,0.1900,93.75,yes
2026-10-05T00:28:21.14566Z,KXBTC15M-26OCT042030-30,0.1800,56.00,yes
2026-10-05T00:28:21.14566Z,KXBTC15M-26OCT042030-30,0.1900,99.00,yes
2026-10-05T00:28:21.14566Z,KXBTC15M-26OCT042030-30,0.1900,1500.00,yes
2026-10-05T00:28:21.14566Z,KXBTC15M-26OCT042030-30,0.1900,4.50,yes
2026-10-05T00:28:21.14566Z,KXBTC15M-26OCT042030-30,0.1800,0.01,yes
2026-10-05T00:28:21.14566Z,KXBTC15M-26OCT042030-30,0.1800,800.00,yes
2026-10-05T00:28:21.14566Z,KXBTC15M-26OCT042030-30,0.1800,0.01,yes
2026-10-05T00:28:21.14566Z,KXBTC15M-26OCT042030-30,0.2000,104.01,yes
2026-10-05T00:28:21.14566Z,KXBTC15M-26OCT042030-30,0.2000,31.36,yes
2026-10-05T00:28:21.14566Z,KXBTC15M-26OCT042030-30,0.1800,5.00,yes
2026-10-05T00:28:21.14566Z,KXBTC15M-26OCT042030-30,0.1800,66.00,yes
2026-10-05T00:28:21.14566Z,KXBTC15M-26OCT042030-30,0.2000,0.01,yes
2026-10-05T00:28:21.14566Z,KXBTC15M-26OCT042030-30,0.2000,15.00,yes
2026-10-05T00:28:21.14566Z,KXBTC15M-26OCT042030-30,0.2000,97.00,yes
2026-10-05T00:28:21.14566Z,KXBTC15M-26OCT042030-30,0.2000,132.00,yes
2026-10-05T00:28:21.14566Z,KXBTC15M-26OCT042030-30,0.2000,93.75,yes
2026-10-05T00:28:21.14566Z,KXBTC15M-26OCT042030-30,0.2000,15.00,yes
2026-10-05T00:28:21.14566Z,KXBTC15M-26OCT042030-30,0.1800,355.83,yes
2026-10-05T00:28:21.153835Z,KXBTC15M-26OCT042030-30,0.2000,26.00,yes
2026-10-05T00:28:21.153835Z,KXBTC15M-26OCT042030-30,0.1900,0.01,yes
2026-10-05T00:28:21.153835Z,KXBTC15M-26OCT042030-30,0.2100,45.71,yes
2026-10-05T00:28:21.165814Z,KXBTC15M-26OCT042030-30,0.1800,34.00,no
2026-10-05T00:28:21.209361Z,KXBTC15M-26OCT042030-30,0.1900,11.98,yes
2026-10-05T00:28:21.209361Z,KXBTC15M-26OCT042030-30,0.1900,0.01,yes
2026-10-05T00:28:21.209361Z,KXBTC15M-26OCT042030-30,0.1900,0.01,yes
2026-10-05T00:28:21.21173Z,KXBTC15M-26OCT042030-30,0.1800,59.51,no
2026-10-05T00:28:21.212228Z,KXBTC15M-26OCT042030-30,0.1900,0.75,yes
2026-10-05T00:28:21.234529Z,KXBTC15M-26OCT042030-30,0.1800,38.20,no
2026-10-05T00:28:21.255102Z,KXBTC15M-26OCT042030-30,0.1900,45.12,yes
2026-10-05T00:28:21.289358Z,KXBTC15M-26OCT042030-30,0.1900,7.29,yes
2026-10-05T00:28:21.298853Z,KXBTC15M-26OCT042030-30,0.1900,21.55,yes
2026-10-05T00:28:21.331393Z,KXBTC15M-26OCT042030-30,0.1900,37.59,yes
2026-10-05T00:28:21.331393Z,KXBTC15M-26OCT042030-30,0.1900,435.89,yes
2026-10-05T00:28:21.346265Z,KXBTC15M-26OCT042030-30,0.1800,3.00,no
2026-10-05T00:28:21.364255Z,KXBTC15M-26OCT042030-30,0.1800,1.25,no
2026-10-05T00:28:21.379768Z,KXBTC15M-26OCT042030-30,0.1900,10.80,yes
2026-10-05T00:28:21.434488Z,KXBTC15M-26OCT042030-30,0.1900,9.46,yes
2026-10-05T00:28:21.436635Z,KXBTC15M-26OCT042030-30,0.1800,5.96,no
2026-10-05T00:28:21.451821Z,KXBTC15M-26OCT042030-30,0.1900,0.01,yes
2026-10-05T00:28:21.451821Z,KXBTC15M-26OCT042030-30,0.1900,311.21,yes
2026-10-05T00:28:21.451821Z,KXBTC15M-26OCT042030-30,0.1900,5.00,yes
2026-10-05T00:28:21.451821Z,KXBTC15M-26OCT042030-30,0.1900,0.01,yes
2026-10-05T00:28:21.451821Z,KXBTC15M-26OCT042030-30,0.1900,187.47,yes
2026-10-05T00:28:21.452009Z,KXBTC15M-26OCT042030-30,0.1800,10.00,no
2026-10-05T00:28:21.459221Z,KXBTC15M-26OCT042030-30,0.1900,17.00,yes
2026-10-05T00:28:21.463121Z,KXBTC15M-26OCT042030-30,0.1800,17.85,no
2026-10-05T00:28:21.471021Z,KXBTC15M-26OCT042030-30,0.1900,7.12,yes
2026-10-05T00:28:21.471021Z,KXBTC15M-26OCT042030-30,0.1900,1.00,yes
2026-10-05T00:28:21.488575Z,KXBTC15M-26OCT042030-30,0.1800,23.87,no
2026-10-05T00:28:21.514576Z,KXBTC15M-26OCT042030-30,0.1900,71.00,yes
2026-10-05T00:28:21.514576Z,KXBTC15M-26OCT042030-30,0.1900,2.88,yes
2026-10-05T00:28:21.514576Z,KXBTC15M-26OCT042030-30,0.1900,100.43,yes
2026-10-05T00:28:21.558015Z,KXBTC15M-26OCT042030-30,0.1900,2.14,yes
2026-10-05T00:28:21.558015Z,KXBTC15M-26OCT042030-30,0.1900,0.01,yes
2026-10-05T00:28:21.558015Z,KXBTC15M-26OCT042030-30,0.1900,21.52,yes
2026-10-05T00:28:21.562126Z,KXBTC15M-26OCT042030-30,0.1800,39.74,no
2026-10-05T00:28:21.579082Z,KXBTC15M-26OCT042030-30,0.1900,34.00,yes
2026-10-05T00:28:21.581514Z,KXBTC15M-26OCT042030-30,0.1900,49.74,yes
2026-10-05T00:28:21.583949Z,KXBTC15M-26OCT042030-30,0.1800,45.76,no
2026-10-05T00:28:21.585139Z,KXBTC15M-26OCT042030-30,0.1900,115.63,yes
2026-10-05T00:28:21.585813Z,KXBTC15M-26OCT042030-30,0.1900,11.19,yes
2026-10-05T00:28:21.614101Z,KXBTC15M-26OCT042030-30,0.1900,22.56,yes
2026-10-05T00:28:21.631222Z,KXBTC15M-26OCT042030-30,0.1900,9.02,yes
2026-10-05T00:28:21.664975Z,KXBTC15M-26OCT042030-30,0.1900,9.42,yes
2026-10-05T00:28:21.691855Z,KXBTC15M-26OCT042030-30,0.1900,3.72,yes
2026-10-05T00:28:21.751685Z,KXBTC15M-26OCT042030-30,0.1900,23.67,yes
2026-10-05T00:28:21.772426Z,KXBTC15M-26OCT042030-30,0.1900,24.90,yes
2026-10-05T00:28:21.784578Z,KXBTC15M-26OCT042030-30,0.1900,24.90,yes
2026-10-05T00:28:21.795955Z,KXBTC15M-26OCT042030-30,0.1900,35.87,yes
2026-10-05T00:28:21.802927Z,KXBTC15M-26OCT042030-30,0.1900,119.00,yes
2026-10-05T00:28:21.814821Z,KXBTC15M-26OCT042030-30,0.1900,0.21,yes
2026-10-05T00:28:21.814821Z,KXBTC15M-26OCT042030-30,0.1900,9.75,yes
2026-10-05T00:28:21.8185Z,KXBTC15M-26OCT042030-30,0.1800,6.59,no
2026-10-05T00:28:21.832924Z,KXBTC15M-26OCT042030-30,0.1800,20.00,no
2026-10-05T00:28:21.869775Z,KXBTC15M-26OCT042030-30,0.1900,31.71,yes
2026-10-05T00:28:21.869775Z,KXBTC15M-26OCT042030-30,0.1900,0.01,yes
2026-10-05T00:28:21.869775Z,KXBTC15M-26OCT042030-30,0.1900,86.79,yes
2026-10-05T00:28:21.869775Z,KXBTC15M-26OCT042030-30,0.1900,5.00,yes
2026-10-05T00:28:21.869775Z,KXBTC15M-26OCT042030-30,0.1900,1.00,yes
2026-10-05T00:28:21.914841Z,KXBTC15M-26OCT042030-30,0.1800,18.85,no
2026-10-05T00:28:21.916192Z,KXBTC15M-26OCT042030-30,0.1900,24.90,yes
2026-10-05T00:28:21.945151Z,KXBTC15M-26OCT042030-30,0.1900,262.08,yes
2026-10-05T00:28:21.953748Z,KXBTC15M-26OCT042030-30,0.1900,24.90,yes
2026-10-05T00:28:21.969245Z,KXBTC15M-26OCT042030-30,0.1900,14.77,yes
2026-10-05T00:28:21.98324Z,KXBTC15M-26OCT042030-30,0.1900,14.79,yes
2026-10-05T00:28:21.997834Z,KXBTC15M-26OCT042030-30,0.1900,26.85,yes
2026-10-05T00:28:21.997834Z,KXBTC15M-26OCT042030-30,0.1900,72.76,yes
2026-10-05T00:28:21.999379Z,KXBTC15M-26OCT042030-30,0.1900,0.58,yes
2026-10-05T00:28:22.001241Z,KXBTC15M-26OCT042030-30,0.1900,4.98,yes
2026-10-05T00:28:22.010138Z,KXBTC15M-26OCT042030-30,0.1900,16.00,yes
2026-10-05T00:28:22.055372Z,KXBTC15M-26OCT042030-30,0.1900,6.17,yes
2026-10-05T00:28:22.055372Z,KXBTC15M-26OCT042030-30,0.1900,6.17,yes
2026-10-05T00:28:22.055372Z,KXBTC15M-26OCT042030-30,0.1900,0.01,yes
2026-10-05T00:28:22.055372Z,KXBTC15M-26OCT042030-30,0.1900,13.70,yes
2026-10-05T00:28:22.055372Z,KXBTC15M-26OCT042030-30,0.1900,6.17,yes
2026-10-05T00:28:22.055372Z,KXBTC15M-26OCT042030-30,0.1900,76.78,yes
2026-10-05T00:28:22.055372Z,KXBTC15M-26OCT042030-30,0.1900,1.00,yes
2026-10-05T00:28:22.088761Z,KXBTC15M-26OCT042030-30,0.1800,1.21,no
2026-10-05T00:28:22.093578Z,KXBTC15M-26OCT042030-30,0.1900,28.53,yes
2026-10-05T00:28:22.096035Z,KXBTC15M-26OCT042030-30,0.1900,21.77,yes
2026-10-05T00:28:22.096035Z,KXBTC15M-26OCT042030-30,0.1900,1.00,yes
2026-10-05T00:28:22.096035Z,KXBTC15M-26OCT042030-30,0.1900,27.03,yes
2026-10-05T00:28:22.096238Z,KXBTC15M-26OCT042030-30,0.1900,58.46,yes
2026-10-05T00:28:22.096854Z,KXBTC15M-26OCT042030-30,0.1900,4.98,yes
2026-10-05T00:28:22.127453Z,KXBTC15M-26OCT042030-30,0.1900,5.00,yes
2026-10-05T00:28:22.127453Z,KXBTC15M-26OCT042030-30,0.1900,58.80,yes
2026-10-05T00:28:22.127453Z,KXBTC15M-26OCT042030-30,0.1900,0.01,yes
2026-10-05T00:28:22.127453Z,KXBTC15M-26OCT042030-30,0.1900,321.44,yes
2026-10-05T00:28:22.140641Z,KXBTC15M-26OCT042030-30,0.1900,4.98,yes
2026-10-05T00:28:22.148742Z,KXBTC15M-26OCT042030-30,0.1900,74.71,yes
2026-10-05T00:28:22.150627Z,KXBTC15M-26OCT042030-30,0.1900,4.98,yes
2026-10-05T00:28:22.161281Z,KXBTC15M-26OCT042030-30,0.1900,5.43,yes
2026-10-05T00:28:22.175357Z,KXBTC15M-26OCT042030-30,0.1900,4.71,yes
2026-10-05T00:28:22.17638Z,KXBTC15M-26OCT042030-30,0.1900,24.90,yes
2026-10-05T00:28:22.182171Z,KXBTC15M-26OCT042030-30,0.1900,7.29,yes
2026-10-05T00:28:22.183278Z,KXBTC15M-26OCT042030-30,0.1900,142.57,yes
2026-10-05T00:28:22.188266Z,KXBTC15M-26OCT042030-30,0.1900,4.98,yes
2026-10-05T00:28:22.191457Z,KXBTC15M-26OCT042030-30,0.1900,7.29,yes
2026-10-05T00:28:22.204853Z,KXBTC15M-26OCT042030-30,0.1900,49.80,yes
2026-10-05T00:28:22.221152Z,KXBTC15M-26OCT042030-30,0.1900,43.00,yes
2026-10-05T00:28:22.235038Z,KXBTC15M-26OCT042030-30,0.1900,18.28,yes
2026-10-05T00:28:22.257049Z,KXBTC15M-26OCT042030-30,0.1800,60.21,no
2026-10-05T00:28:22.273065Z,KXBTC15M-26OCT042030-30,0.1900,6.39,yes
2026-10-05T00:28:22.27882Z,KXBTC15M-26OCT042030-30,0.1900,1.44,yes
2026-10-05T00:28:22.320362Z,KXBTC15M-26OCT042030-30,0.1900,4.23,yes
2026-10-05T00:28:22.320362Z,KXBTC15M-26OCT042030-30,0.1900,5.73,yes
2026-10-05T00:28:22.333722Z,KXBTC15M-26OCT042030-30,0.1800,6.02,no
2026-10-05T00:28:22.337725Z,KXBTC15M-26OCT042030-30,0.1900,6.17,yes
2026-10-05T00:28:22.337725Z,KXBTC15M-26OCT042030-30,0.1900,75.00,yes
2026-10-05T00:28:22.337725Z,KXBTC15M-26OCT042030-30,0.1900,0.01,yes
2026-10-05T00:28:22.337725Z,KXBTC15M-26OCT042030-30,0.1900,41.21,yes
2026-10-05T00:28:22.337725Z,KXBTC15M-26OCT042030-30,0.1900,5.00,yes
2026-10-05T00:28:22.337725Z,KXBTC15M-26OCT042030-30,0.1900,0.01,yes
2026-10-05T00:28:22.337725Z,KXBTC15M-26OCT042030-30,0.1900,50.26,yes
2026-10-05T00:28:22.337725Z,KXBTC15M-26OCT042030-30,0.1900,199.48,yes
2026-10-05T00:28:22.337725Z,KXBTC15M-26OCT042030-30,0.1900,6.17,yes
2026-10-05T00:28:22.337725Z,KXBTC15M-26OCT042030-30,0.1900,29.27,yes
2026-10-05T00:28:22.337725Z,KXBTC15M-26OCT042030-30,0.1900,6.17,yes
2026-10-05T00:28:22.337725Z,KXBTC15M-26OCT042030-30,0.1900,1.00,yes
2026-10-05T00:28:22.353422Z,KXBTC15M-26OCT042030-30,0.1900,43.00,yes
2026-10-05T00:28:22.368118Z,KXBTC15M-26OCT042030-30,0.1900,4.98,yes
2026-10-05T00:28:22.386125Z,KXBTC15M-26OCT042030-30,0.1900,4.98,yes
2026-10-05T00:28:22.39276Z,KXBTC15M-26OCT042030-30,0.1900,4.98,yes
2026-10-05T00:28:22.393316Z,KXBTC15M-26OCT042030-30,0.1900,14.94,yes
2026-10-05T00:28:22.395986Z,KXBTC15M-26OCT042030-30,0.1900,4.98,yes
2026-10-05T00:28:22.41377Z,KXBTC15M-26OCT042030-30,0.1900,9.02,yes
2026-10-05T00:28:22.418991Z,KXBTC15M-26OCT042030-30,0.1900,24.90,yes
2026-10-05T00:28:22.478689Z,KXBTC15M-26OCT042030-30,0.1900,4.98,yes
2026-10-05T00:28:22.480213Z,KXBTC15M-26OCT042030-30,0.1900,1.32,yes
2026-10-05T00:28:22.50984Z,KXBTC15M-26OCT042030-30,0.1900,2.37,yes
2026-10-05T00:28:22.510868Z,KXBTC15M-26OCT042030-30,0.1900,9.60,yes
2026-10-05T00:28:22.510868Z,KXBTC15M-26OCT042030-30,0.1900,10.40,yes
2026-10-05T00:28:22.531861Z,KXBTC15M-26OCT042030-30,0.1900,22.80,yes
2026-10-05T00:28:22.546482Z,KXBTC15M-26OCT042030-30,0.1900,2.50,yes
2026-10-05T00:28:22.546482Z,KXBTC15M-26OCT042030-30,0.1900,47.94,yes
2026-10-05T00:28:22.569997Z,KXBTC15M-26OCT042030-30,0.1900,1.00,yes
2026-10-05T00:28:22.569997Z,KXBTC15M-26OCT042030-30,0.1900,101.13,yes
2026-10-05T00:28:22.569997Z,KXBTC15M-26OCT042030-30,0.1900,54.50,yes
2026-10-05T00:28:22.572478Z,KXBTC15M-26OCT042030-30,0.1600,398.27,no
2026-10-05T00:28:22.572478Z,KXBTC15M-26OCT042030-30,0.1700,22.00,no
2026-10-05T00:28:22.572478Z,KXBTC15M-26OCT042030-30,0.1800,98.00,no
2026-10-05T00:28:22.572478Z,KXBTC15M-26OCT042030-30,0.1800,40.00,no
2026-10-05T00:28:22.572478Z,KXBTC15M-26OCT042030-30,0.1700,22.00,no
2026-10-05T00:28:22.572478Z,KXBTC15M-26OCT042030-30,0.1800,100.00,no
2026-10-05T00:28:22.572478Z,KXBTC15M-26OCT042030-30,0.1700,100.00,no
2026-10-05T00:28:22.572478Z,KXBTC15M-26OCT042030-30,0.1800,5.00,no
2026-10-05T00:28:22.572478Z,KXBTC15M-26OCT042030-30,0.1800,0.01,no
2026-10-05T00:28:22.572478Z,KXBTC15M-26OCT042030-30,0.1800,8.12,no
2026-10-05T00:28:22.572478Z,KXBTC15M-26OCT042030-30,0.1800,80.00,no
2026-10-05T00:28:22.572478Z,KXBTC15M-26OCT042030-30,0.1800,107.98,no
2026-10-05T00:28:22.572478Z,KXBTC15M-26OCT042030-30,0.1800,1.11,no
2026-10-05T00:28:22.572478Z,KXBTC15M-26OCT042030-30,0.1800,0.01,no
2026-10-05T00:28:22.572478Z,KXBTC15M-26OCT042030-30,0.1700,475.00,no
2026-10-05T00:28:22.579524Z,KXBTC15M-26OCT042030-30,0.1900,9.96,yes
2026-10-05T00:28:22.585463Z,KXBTC15M-26OCT042030-30,0.1900,9.74,yes
2026-10-05T00:28:22.593945Z,KXBTC15M-26OCT042030-30,0.1900,35.46,yes
2026-10-05T00:28:22.602341Z,KXBTC15M-26OCT042030-30,0.1800,14.94,no
2026-10-05T00:28:22.60305Z,KXBTC15M-26OCT042030-30,0.1900,5.00,yes
2026-10-05T00:28:22.60305Z,KXBTC15M-26OCT042030-30,0.1900,134.71,yes
2026-10-05T00:28:22.60305Z,KXBTC15M-26OCT042030-30,0.1900,0.01,yes
2026-10-05T00:28:22.60305Z,KXBTC15M-26OCT042030-30,0.1900,243.71,yes
2026-10-05T00:28:22.613129Z,KXBTC15M-26OCT042030-30,0.1800,1.34,no
2026-10-05T00:28:22.634733Z,KXBTC15M-26OCT042030-30,0.1900,124.51,yes
2026-10-05T00:28:22.647581Z,KXBTC15M-26OCT042030-30,0.1900,2.46,yes
2026-10-05T00:28:22.6548Z,KXBTC15M-26OCT042030-30,0.1900,1.95,yes
2026-10-05T00:28:22.6548Z,KXBTC15M-26OCT042030-30,0.1900,6.98,yes
2026-10-05T00:28:22.657071Z,KXBTC15M-26OCT042030-30,0.1900,4.98,yes
2026-10-05T00:28:22.660809Z,KXBTC15M-26OCT042030-30,0.1900,42.04,yes
2026-10-05T00:28:22.668906Z,KXBTC15M-26OCT042030-30,0.1900,170.00,yes
2026-10-05T00:28:22.704724Z,KXBTC15M-26OCT042030-30,0.1800,119.00,no
2026-10-05T00:28:22.721089Z,KXBTC15M-26OCT042030-30,0.1900,119.16,yes
2026-10-05T00:28:22.723696Z,KXBTC15M-26OCT042030-30,0.1800,7.36,no
2026-10-05T00:28:22.725757Z,KXBTC15M-26OCT042030-30,0.1900,79.44,yes
2026-10-05T00:28:22.74119Z,KXBTC15M-26OCT042030-30,0.1900,4.98,yes
2026-10-05T00:28:22.790712Z,KXBTC15M-26OCT042030-30,0.1900,3.83,yes
2026-10-05T00:28:22.811667Z,KXBTC15M-26OCT042030-30,0.1900,24.90,yes
2026-10-05T00:28:22.813995Z,KXBTC15M-26OCT042030-30,0.1900,30.00,yes
2026-10-05T00:28:22.819548Z,KXBTC15M-26OCT042030-30,0.1800,208.32,no
2026-10-05T00:28:22.830176Z,KXBTC15M-26OCT042030-30,0.1900,11.40,yes
2026-10-05T00:28:22.836752Z,KXBTC15M-26OCT042030-30,0.1900,152.00,yes
2026-10-05T00:28:22.836752Z,KXBTC15M-26OCT042030-30,0.1900,0.01,yes
2026-10-05T00:28:22.836752Z,KXBTC15M-26OCT042030-30,0.1900,27.12,yes
2026-10-05T00:28:22.836752Z,KXBTC15M-26OCT042030-30,0.1900,1002.29,yes
2026-10-05T00:28:22.836752Z,KXBTC15M-26OCT042030-30,0.1900,0.01,yes
2026-10-05T00:28:22.836752Z,KXBTC15M-26OCT042030-30,0.1900,40.00,yes
2026-10-05T00:28:22.839828Z,KXBTC15M-26OCT042030-30,0.1800,2.00,no
2026-10-05T00:28:22.850986Z,KXBTC15M-26OCT042030-30,0.1900,24.90,yes
2026-10-05T00:28:22.855633Z,KXBTC15M-26OCT042030-30,0.1900,38.81,yes
2026-10-05T00:28:22.87121Z,KXBTC15M-26OCT042030-30,0.1800,599.96,no
2026-10-05T00:28:22.90349Z,KXBTC15M-26OCT042030-30,0.1900,8.10,yes
2026-10-05T00:28:22.936398Z,KXBTC15M-26OCT042030-30,0.1900,9.96,yes
2026-10-05T00:28:22.957362Z,KXBTC15M-26OCT042030-30,0.1900,4.00,yes
2026-10-05T00:28:22.96591Z,KXBTC15M-26OCT042030-30,0.1800,0.99,no
2026-10-05T00:28:22.966067Z,KXBTC15M-26OCT042030-30,0.1900,27.98,yes
2026-10-05T00:28:22.968857Z,KXBTC15M-26OCT042030-30,0.1900,222.43,yes
2026-10-05T00:28:22.985005Z,KXBTC15M-26OCT042030-30,0.1900,7.29,yes
2026-10-05T00:28:22.985722Z,KXBTC15M-26OCT042030-30,0.1900,4.10,yes
2026-10-05T00:28:22.985722Z,KXBTC15M-26OCT042030-30,0.1900,29.41,yes
2026-10-05T00:28:22.985722Z,KXBTC15M-26OCT042030-30,0.1900,75.00,yes
2026-10-05T00:28:22.985722Z,KXBTC15M-26OCT042030-30,0.1900,1.00,yes
2026-10-05T00:28:22.98916Z,KXBTC15M-26OCT042030-30,0.1900,9.96,yes
2026-10-05T00:28:23.012399Z,KXBTC15M-26OCT042030-30,0.1900,13.12,yes
2026-10-05T00:28:23.012399Z,KXBTC15M-26OCT042030-30,0.1900,6.17,yes
2026-10-05T00:28:23.012399Z,KXBTC15M-26OCT042030-30,0.1900,36.94,yes
2026-10-05T00:28:23.066717Z,KXBTC15M-26OCT042030-30,0.1900,55.90,yes
2026-10-05T00:28:23.067837Z,KXBTC15M-26OCT042030-30,0.1900,4.98,yes
2026-10-05T00:28:23.070069Z,KXBTC15M-26OCT042030-30,0.1800,120.43,no
2026-10-05T00:28:23.079261Z,KXBTC15M-26OCT042030-30,0.1800,23.60,no
2026-10-05T00:28:23.127707Z,KXBTC15M-26OCT042030-30,0.1900,66.80,yes
2026-10-05T00:28:23.127707Z,KXBTC15M-26OCT042030-30,0.1900,83.00,yes
2026-10-05T00:28:23.127707Z,KXBTC15M-26OCT042030-30,0.1900,1.20,yes
2026-10-05T00:28:23.131736Z,KXBTC15M-26OCT042030-30,0.1900,9.96,yes
2026-10-05T00:28:23.149467Z,KXBTC15M-26OCT042030-30,0.1900,5.10,yes
2026-10-05T00:28:23.154597Z,KXBTC15M-26OCT042030-30,0.1900,0.49,yes
2026-10-05T00:28:23.16558Z,KXBTC15M-26OCT042030-30,0.1900,18.25,yes
2026-10-05T00:28:23.16558Z,KXBTC15M-26OCT042030-30,0.1900,1.00,yes
2026-10-05T00:28:23.16558Z,KXBTC15M-26OCT042030-30,0.1900,5.65,yes
2026-10-05T00:28:23.185159Z,KXBTC15M-26OCT042030-30,0.1900,182.00,yes
2026-10-05T00:28:23.192563Z,KXBTC15M-26OCT042030-30,0.1800,74.09,no
2026-10-05T00:28:23.192563Z,KXBTC15M-26OCT042030-30,0.1800,0.01,no
2026-10-05T00:28:23.192563Z,KXBTC15M-26OCT042030-30,0.1800,0.01,no
2026-10-05T00:28:23.192563Z,KXBTC15M-26OCT042030-30,0.1800,0.01,no
2026-10-05T00:28:23.192563Z,KXBTC15M-26OCT042030-30,0.1800,5.00,no
2026-10-05T00:28:23.192563Z,KXBTC15M-26OCT042030-30,0.1800,80.00,no
2026-10-05T00:28:23.192563Z,KXBTC15M-26OCT042030-30,0.1800,97.00,no
2026-10-05T00:28:23.192563Z,KXBTC15M-26OCT042030-30,0.1800,0.01,no
2026-10-05T00:28:23.192563Z,KXBTC15M-26OCT042030-30,0.1800,51.00,no
2026-10-05T00:28:23.192563Z,KXBTC15M-26OCT042030-30,0.1800,20.00,no
2026-10-05T00:28:23.192828Z,KXBTC15M-26OCT042030-30,0.1800,25.91,no
2026-10-05T00:28:23.19821Z,KXBTC15M-26OCT042030-30,0.1600,0.02,no
2026-10-05T00:28:23.198254Z,KXBTC15M-26OCT042030-30,0.1300,17.61,no
2026-10-05T00:28:23.198254Z,KXBTC15M-26OCT042030-30,0.1300,347.41,no
2026-10-05T00:28:23.198254Z,KXBTC15M-26OCT042030-30,0.1400,25.00,no
2026-10-05T00:28:23.198254Z,KXBTC15M-26OCT042030-30,0.1300,25.00,no
2026-10-05T00:28:23.198254Z,KXBTC15M-26OCT042030-30,0.1600,5.00,no
2026-10-05T00:28:23.198254Z,KXBTC15M-26OCT042030-30,0.1600,1.19,no
2026-10-05T00:28:23.198254Z,KXBTC15M-26OCT042030-30,0.1500,1.00,no
2026-10-05T00:28:23.198254Z,KXBTC15M-26OCT042030-30,0.1500,471.32,no
2026-10-05T00:28:23.198254Z,KXBTC15M-26OCT042030-30,0.1500,100.00,no
2026-10-05T00:28:23.198254Z,KXBTC15M-26OCT042030-30,0.1500,25.00,no
2026-10-05T00:28:23.198254Z,KXBTC15M-26OCT042030-30,0.1300,229.95,no
2026-10-05T00:28:23.198254Z,KXBTC15M-26OCT042030-30,0.1500,66.13,no
2026-10-05T00:28:23.198254Z,KXBTC15M-26OCT042030-30,0.1300,6.99,no
2026-10-05T00:28:23.198254Z,KXBTC15M-26OCT042030-30,0.1300,6.90,no
2026-10-05T00:28:23.198254Z,KXBTC15M-26OCT042030-30,0.1500,500.00,no
2026-10-05T00:28:23.198254Z,KXBTC15M-26OCT042030-30,0.1400,18.75,no
2026-10-05T00:28:23.198254Z,KXBTC15M-26OCT042030-30,0.1400,44.73,no
2026-10-05T00:28:23.198254Z,KXBTC15M-26OCT042030-30,0.1400,216.69,no
2026-10-05T00:28:23.198254Z,KXBTC15M-26OCT042030-30,0.1300,34.27,no
2026-10-05T00:28:23.198254Z,KXBTC15M-26OCT042030-30,0.1300,13.80,no
2026-10-05T00:28:23.198254Z,KXBTC15M-26OCT042030-30,0.1300,6.90,no
2026-10-05T00:28:23.198254Z,KXBTC15M-26OCT042030-30,0.1300,27.60,no
2026-10-05T00:28:23.198254Z,KXBTC15M-26OCT042030-30,0.1300,0.60,no
2026-10-05T00:28:23.198254Z,KXBTC15M-26OCT042030-30,0.1300,1.38,no
2026-10-05T00:28:23.198254Z,KXBTC15M-26OCT042030-30,0.1300,69.02,no
2026-10-05T00:28:23.198254Z,KXBTC15M-26OCT042030-30,0.1300,6.57,no
2026-10-05T00:28:23.202289Z,KXBTC15M-26OCT042030-30,0.1200,0.02,no
2026-10-05T00:28:23.205557Z,KXBTC15M-26OCT042030-30,0.1600,0.02,no
2026-10-05T00:28:23.206154Z,KXBTC15M-26OCT042030-30,0.1700,12.00,yes
2026-10-05T00:28:23.207631Z,KXBTC15M-26OCT042030-30,0.1600,48.00,no
2026-10-05T00:28:23.209841Z,KXBTC15M-26OCT042030-30,0.1200,34.00,no
2026-10-05T00:28:23.209841Z,KXBTC15M-26OCT042030-30,0.1200,45.76,no
2026-10-05T00:28:23.209841Z,KXBTC15M-26OCT042030-30,0.1100,428.86,no
2026-10-05T00:28:23.209841Z,KXBTC15M-26OCT042030-30,0.1200,499.98,no
2026-10-05T00:28:23.209841Z,KXBTC15M-26OCT042030-30,0.1200,1.00,no
2026-10-05T00:28:23.209841Z,KXBTC15M-26OCT042030-30,0.1400,500.00,no
2026-10-05T00:28:23.209841Z,KXBTC15M-26OCT042030-30,0.1300,500.00,no
2026-10-05T00:28:23.209841Z,KXBTC15M-26OCT042030-30,0.1300,224.00,no
2026-10-05T00:28:23.209841Z,KXBTC15M-26OCT042030-30,0.1500,500.00,no
2026-10-05T00:28:23.209841Z,KXBTC15M-26OCT042030-30,0.1200,6.00,no
2026-10-05T00:28:23.209841Z,KXBTC15M-26OCT042030-30,0.1200,100.00,no
2026-10-05T00:28:23.209841Z,KXBTC15M-26OCT042030-30,0.1200,1.00,no
2026-10-05T00:28:23.209841Z,KXBTC15M-26OCT042030-30,0.1200,25.00,no
2026-10-05T00:28:23.209841Z,KXBTC15M-26OCT042030-30,0.1200,100.00,no
2026-10-05T00:28:23.209841Z,KXBTC15M-26OCT042030-30,0.1200,13.44,no
2026-10-05T00:28:23.209841Z,KXBTC15M-26OCT042030-30,0.1200,1.36,no
2026-10-05T00:28:23.209841Z,KXBTC15M-26OCT042030-30,0.1200,4.14,no
2026-10-05T00:28:23.209841Z,KXBTC15M-26OCT042030-30,0.1200,3.65,no
2026-10-05T00:28:23.209841Z,KXBTC15M-26OCT042030-30,0.1200,6.81,no
2026-10-05T00:28:23.209841Z,KXBTC15M-26OCT042030-30,0.1200,5.00,no
2026-10-05T00:28:23.211508Z,KXBTC15M-26OCT042030-30,0.1200,0.02,no
2026-10-05T00:28:23.211729Z,KXBTC15M-26OCT042030-30,0.1600,29.00,yes
2026-10-05T00:28:23.213854Z,KXBTC15M-26OCT042030-30,0.1600,0.01,yes
2026-10-05T00:28:23.215575Z,KXBTC15M-26OCT042030-30,0.1600,72.07,yes
2026-10-05T00:28:23.215823Z,KXBTC15M-26OCT042030-30,0.1400,10.00,no
2026-10-05T00:28:23.215926Z,KXBTC15M-26OCT042030-30,0.1400,21.00,no
2026-10-05T00:28:23.2162Z,KXBTC15M-26OCT042030-30,0.1400,13.00,no
2026-10-05T00:28:23.217972Z,KXBTC15M-26OCT042030-30,0.1500,48.31,yes
2026-10-05T00:28:23.230607Z,KXBTC15M-26OCT042030-30,0.1500,119.00,yes
2026-10-05T00:28:23.243025Z,KXBTC15M-26OCT042030-30,0.1500,4.98,yes
2026-10-05T00:28:23.245848Z,KXBTC15M-26OCT042030-30,0.1500,106.99,yes
2026-10-05T00:28:23.254781Z,KXBTC15M-26OCT042030-30,0.1500,9.85,yes
2026-10-05T00:28:23.267533Z,KXBTC15M-26OCT042030-30,0.1500,15.00,yes
2026-10-05T00:28:23.267533Z,KXBTC15M-26OCT042030-30,0.1500,5.01,yes
2026-10-05T00:28:23.267533Z,KXBTC15M-26OCT042030-30,0.1500,70.47,yes
2026-10-05T00:28:23.267533Z,KXBTC15M-26OCT042030-30,0.1500,210.87,yes
2026-10-05T00:28:23.268522Z,KXBTC15M-26OCT042030-30,0.1500,6.55,yes
2026-10-05T00:28:23.279715Z,KXBTC15M-26OCT042030-30,0.1500,8.17,yes
2026-10-05T00:28:23.279715Z,KXBTC15M-26OCT042030-30,0.1500,16.73,yes
2026-10-05T00:28:23.286044Z,KXBTC15M-26OCT042030-30,0.1500,14.94,yes
2026-10-05T00:28:23.30183Z,KXBTC15M-26OCT042030-30,0.1500,43.30,yes
2026-10-05T00:28:23.304763Z,KXBTC15M-26OCT042030-30,0.1400,0.99,no
2026-10-05T00:28:23.304763Z,KXBTC15M-26OCT042030-30,0.1400,0.01,no
2026-10-05T00:28:23.341705Z,KXBTC15M-26OCT042030-30,0.1500,2.49,yes
2026-10-05T00:28:23.360711Z,KXBTC15M-26OCT042030-30,0.1500,24.85,yes
2026-10-05T00:28:23.360711Z,KXBTC15M-26OCT042030-30,0.1500,3.15,yes
2026-10-05T00:28:23.366032Z,KXBTC15M-26OCT042030-30,0.1500,0.19,yes
2026-10-05T00:28:23.371569Z,KXBTC15M-26OCT042030-30,0.1500,13.52,yes
2026-10-05T00:28:23.383008Z,KXBTC15M-26OCT042030-30,0.1300,499.98,no
2026-10-05T00:28:23.383008Z,KXBTC15M-26OCT042030-30,0.1400,0.01,no
2026-10-05T00:28:23.383008Z,KXBTC15M-26OCT042030-30,0.1400,0.01,no
2026-10-05T00:28:23.385691Z,KXBTC15M-26OCT042030-30,0.1300,2.00,no
2026-10-05T00:28:23.388599Z,KXBTC15M-26OCT042030-30,0.1500,19.50,yes
2026-10-05T00:28:23.391763Z,KXBTC15M-26OCT042030-30,0.1300,499.93,no
2026-10-05T00:28:23.391763Z,KXBTC15M-26OCT042030-30,0.1400,0.05,no
2026-10-05T00:28:23.391763Z,KXBTC15M-26OCT042030-30,0.1400,0.01,no
2026-10-05T00:28:23.391763Z,KXBTC15M-26OCT042030-30,0.1400,0.01,no
2026-10-05T00:28:23.391869Z,KXBTC15M-26OCT042030-30,0.1500,21.32,yes
2026-10-05T00:28:23.399852Z,KXBTC15M-26OCT042030-30,0.1200,500.00,no
2026-10-05T00:28:23.426505Z,KXBTC15M-26OCT042030-30,0.1200,0.98,no
2026-10-05T00:28:23.426505Z,KXBTC15M-26OCT042030-30,0.1200,0.01,no
2026-10-05T00:28:23.426505Z,KXBTC15M-26OCT042030-30,0.1200,0.01,no
2026-10-05T00:28:23.460146Z,KXBTC15M-26OCT042030-30,0.1300,0.91,yes
2026-10-05T00:28:23.463305Z,KXBTC15M-26OCT042030-30,0.1200,1.00,no
2026-10-05T00:28:23.468479Z,KXBTC15M-26OCT042030-30,0.1200,0.99,no
2026-10-05T00:28:23.476193Z,KXBTC15M-26OCT042030-30,0.1300,20.00,yes
2026-10-05T00:28:23.476545Z,KXBTC15M-26OCT042030-30,0.1200,17.00,no
2026-10-05T00:28:23.481238Z,KXBTC15M-26OCT042030-30,0.1300,4.94,yes
2026-10-05T00:28:23.48199Z,KXBTC15M-26OCT042030-30,0.1300,49.80,yes
2026-10-05T00:28:23.491961Z,KXBTC15M-26OCT042030-30,0.1300,67.33,yes
2026-10-05T00:28:23.492967Z,KXBTC15M-26OCT042030-30,0.1300,1.38,yes
2026-10-05T00:28:23.505386Z,KXBTC15M-26OCT042030-30,0.1300,6.00,yes
2026-10-05T00:28:23.517509Z,KXBTC15M-26OCT042030-30,0.1300,103.13,yes
2026-10-05T00:28:23.518745Z,KXBTC15M-26OCT042030-30,0.1100,16.41,no
2026-10-05T00:28:23.518745Z,KXBTC15M-26OCT042030-30,0.1200,0.01,no
2026-10-05T00:28:23.518745Z,KXBTC15M-26OCT042030-30,0.1200,0.01,no
2026-10-05T00:28:23.523443Z,KXBTC15M-26OCT042030-30,0.1300,12.53,yes
2026-10-05T00:28:23.544157Z,KXBTC15M-26OCT042030-30,0.1200,0.01,no
2026-10-05T00:28:23.549363Z,KXBTC15M-26OCT042030-30,0.1200,444.00,no
2026-10-05T00:28:23.560866Z,KXBTC15M-26OCT042030-30,0.1200,0.39,no
2026-10-05T00:28:23.572423Z,KXBTC15M-26OCT042030-30,0.1300,29.51,yes
2026-10-05T00:28:23.613406Z,KXBTC15M-26OCT042030-30,0.1300,14.79,yes
2026-10-05T00:28:23.613623Z,KXBTC15M-26OCT042030-30,0.1300,19.02,yes
2026-10-05T00:28:23.642113Z,KXBTC15M-26OCT042030-30,0.1200,4.00,no
2026-10-05T00:28:23.648119Z,KXBTC15M-26OCT042030-30,0.1300,0.10,yes
2026-10-05T00:28:23.650932Z,KXBTC15M-26OCT042030-30,0.1300,24.90,yes
2026-10-05T00:28:23.66187Z,KXBTC15M-26OCT042030-30,0.1200,15.00,no
2026-10-05T00:28:23.669095Z,KXBTC15M-26OCT042030-30,0.1300,6.00,yes
2026-10-05T00:28:23.669733Z,KXBTC15M-26OCT042030-30,0.1200,15.00,no
2026-10-05T00:28:23.684982Z,KXBTC15M-26OCT042030-30,0.1300,4.98,yes
2026-10-05T00:28:23.687325Z,KXBTC15M-26OCT042030-30,0.1200,8.00,no
2026-10-05T00:28:23.688937Z,KXBTC15M-26OCT042030-30,0.1300,59.02,yes
2026-10-05T00:28:23.713326Z,KXBTC15M-26OCT042030-30,0.1300,51.44,yes
2026-10-05T00:28:23.735344Z,KXBTC15M-26OCT042030-30,0.1300,0.06,yes
2026-10-05T00:28:23.739664Z,KXBTC15M-26OCT042030-30,0.1300,129.40,yes
2026-10-05T00:28:23.744913Z,KXBTC15M-26OCT042030-30,0.1300,24.90,yes
2026-10-05T00:28:23.751348Z,KXBTC15M-26OCT042030-30,0.1200,0.93,no
2026-10-05T00:28:23.753406Z,KXBTC15M-26OCT042030-30,0.1300,58.00,yes
2026-10-05T00:28:23.753836Z,KXBTC15M-26OCT042030-30,0.1300,7.25,yes
2026-10-05T00:28:23.763724Z,KXBTC15M-26OCT042030-30,0.1200,20.00,no
2026-10-05T00:28:23.789372Z,KXBTC15M-26OCT042030-30,0.1300,47.00,yes
2026-10-05T00:28:23.803297Z,KXBTC15M-26OCT042030-30,0.1200,1.00,no
2026-10-05T00:28:23.810862Z,KXBTC15M-26OCT042030-30,0.1300,6.29,yes
2026-10-05T00:28:23.813051Z,KXBTC15M-26OCT042030-30,0.1300,72.50,yes
2026-10-05T00:28:23.848698Z,KXBTC15M-26OCT042030-30,0.1200,40.00,no
2026-10-05T00:28:23.853305Z,KXBTC15M-26OCT042030-30,0.1300,115.00,yes
2026-10-05T00:28:23.858267Z,KXBTC15M-26OCT042030-30,0.1300,4.14,yes
2026-10-05T00:28:23.879165Z,KXBTC15M-26OCT042030-30,0.1200,10.00,no
2026-10-05T00:28:23.885286Z,KXBTC15M-26OCT042030-30,0.1300,65.25,yes
2026-10-05T00:28:23.906518Z,KXBTC15M-26OCT042030-30,0.1300,14.50,yes
2026-10-05T00:28:23.944713Z,KXBTC15M-26OCT042030-30,0.1300,2.61,yes
2026-10-05T00:28:23.951327Z,KXBTC15M-26OCT042030-30,0.1300,0.01,yes
2026-10-05T00:28:23.951327Z,KXBTC15M-26OCT042030-30,0.1300,74.49,yes
2026-10-05T00:28:23.951327Z,KXBTC15M-26OCT042030-30,0.1300,477.32,yes
2026-10-05T00:28:23.951327Z,KXBTC15M-26OCT042030-30,0.1300,6.00,yes
2026-10-05T00:28:23.951327Z,KXBTC15M-26OCT042030-30,0.1300,157.00,yes
2026-10-05T00:28:23.965152Z,KXBTC15M-26OCT042030-30,0.1300,4.42,yes
2026-10-05T00:28:23.9945Z,KXBTC15M-26OCT042030-30,0.1300,21.09,yes
2026-10-05T00:28:23.9945Z,KXBTC15M-26OCT042030-30,0.1300,12.00,yes
2026-10-05T00:28:23.9945Z,KXBTC15M-26OCT042030-30,0.1300,105.89,yes
2026-10-05T00:28:24.002617Z,KXBTC15M-26OCT042030-30,0.1200,1.00,no
2026-10-05T00:28:24.015288Z,KXBTC15M-26OCT042030-30,0.1200,15.00,no
2026-10-05T00:28:24.019224Z,KXBTC15M-26OCT042030-30,0.1200,10.00,no
2026-10-05T00:28:24.025812Z,KXBTC15M-26OCT042030-30,0.1200,2.00,no
2026-10-05T00:28:24.034026Z,KXBTC15M-26OCT042030-30,0.1300,36.25,yes
2026-10-05T00:28:24.081384Z,KXBTC15M-26OCT042030-30,0.1200,10.00,no
2026-10-05T00:28:24.087222Z,KXBTC15M-26OCT042030-30,0.1300,61.54,yes
2026-10-05T00:28:24.116506Z,KXBTC15M-26OCT042030-30,0.1300,5.00,yes
2026-10-05T00:28:24.116506Z,KXBTC15M-26OCT042030-30,0.1300,0.01,yes
2026-10-05T00:28:24.116506Z,KXBTC15M-26OCT042030-30,0.1300,7.49,yes
2026-10-05T00:28:24.116506Z,KXBTC15M-26OCT042030-30,0.1300,2.00,yes
2026-10-05T00:28:24.125986Z,KXBTC15M-26OCT042030-30,0.1300,1.45,yes
2026-10-05T00:28:24.132262Z,KXBTC15M-26OCT042030-30,0.1200,1.13,no
2026-10-05T00:28:24.13373Z,KXBTC15M-26OCT042030-30,0.1300,1.16,yes
2026-10-05T00:28:24.140617Z,KXBTC15M-26OCT042030-30,0.1300,6.10,yes
2026-10-05T00:28:24.158067Z,KXBTC15M-26OCT042030-30,0.1200,5.00,no
2026-10-05T00:28:24.159064Z,KXBTC15M-26OCT042030-30,0.1300,10.47,yes
2026-10-05T00:28:24.168686Z,KXBTC15M-26OCT042030-30,0.1300,36.25,yes
2026-10-05T00:28:24.169363Z,KXBTC15M-26OCT042030-30,0.1200,9.13,no
2026-10-05T00:28:24.171118Z,KXBTC15M-26OCT042030-30,0.1300,7.25,yes
2026-10-05T00:28:24.182541Z,KXBTC15M-26OCT042030-30,0.1300,1.00,yes
2026-10-05T00:28:24.182541Z,KXBTC15M-26OCT042030-30,0.1300,267.54,yes
2026-10-05T00:28:24.182541Z,KXBTC15M-26OCT042030-30,0.1500,10.00,yes
2026-10-05T00:28:24.182541Z,KXBTC15M-26OCT042030-30,0.1500,10.00,yes
2026-10-05T00:28:24.182541Z,KXBTC15M-26OCT042030-30,0.1300,105.00,yes
2026-10-05T00:28:24.182541Z,KXBTC15M-26OCT042030-30,0.1300,0.01,yes
2026-10-05T00:28:24.182541Z,KXBTC15M-26OCT042030-30,0.1400,28.00,yes
2026-10-05T00:28:24.182541Z,KXBTC15M-26OCT042030-30,0.1500,100.00,yes
2026-10-05T00:28:24.182541Z,KXBTC15M-26OCT042030-30,0.1600,81.09,yes
2026-10-05T00:28:24.182541Z,KXBTC15M-26OCT042030-30,0.1500,64.00,yes
2026-10-05T00:28:24.182541Z,KXBTC15M-26OCT042030-30,0.1300,22.00,yes
2026-10-05T00:28:24.182541Z,KXBTC15M-26OCT042030-30,0.1400,500.00,yes
2026-10-05T00:28:24.182541Z,KXBTC15M-26OCT042030-30,0.1300,0.01,yes
2026-10-05T00:28:24.182541Z,KXBTC15M-26OCT042030-30,0.1500,500.00,yes
2026-10-05T00:28:24.182541Z,KXBTC15M-26OCT042030-30,0.1400,5.00,yes
2026-10-05T00:28:24.182541Z,KXBTC15M-26OCT042030-30,0.1400,93.75,yes
2026-10-05T00:28:24.182541Z,KXBTC15M-26OCT042030-30,0.1400,15.00,yes
2026-10-05T00:28:24.182541Z,KXBTC15M-26OCT042030-30,0.1300,34.00,yes
2026-10-05T00:28:24.182541Z,KXBTC15M-26OCT042030-30,0.1400,72.00,yes
2026-10-05T00:28:24.182541Z,KXBTC15M-26OCT042030-30,0.1300,55.04,yes
2026-10-05T00:28:24.182541Z,KXBTC15M-26OCT042030-30,0.1300,1.00,yes
2026-10-05T00:28:24.182541Z,KXBTC15M-26OCT042030-30,0.1500,150.34,yes
2026-10-05T00:28:24.182541Z,KXBTC15M-26OCT042030-30,0.1500,10.00,yes
2026-10-05T00:28:24.182541Z,KXBTC15M-26OCT042030-30,0.1400,15.00,yes
2026-10-05T00:28:24.182541Z,KXBTC15M-26OCT042030-30,0.1400,2.00,yes
2026-10-05T00:28:24.182541Z,KXBTC15M-26OCT042030-30,0.1300,0.01,yes
2026-10-05T00:28:24.182541Z,KXBTC15M-26OCT042030-30,0.1300,97.00,yes
2026-10-05T00:28:24.182541Z,KXBTC15M-26OCT042030-30,0.1300,400.00,yes
2026-10-05T00:28:24.182541Z,KXBTC15M-26OCT042030-30,0.1500,6.00,yes
2026-10-05T00:28:24.182541Z,KXBTC15M-26OCT042030-30,0.1400,99.00,yes
2026-10-05T00:28:24.182827Z,KXBTC15M-26OCT042030-30,0.1200,17.00,no
2026-10-05T00:28:24.205467Z,KXBTC15M-26OCT042030-30,0.1300,5.06,no
2026-10-05T00:28:24.213074Z,KXBTC15M-26OCT042030-30,0.1300,3.38,no
2026-10-05T00:28:24.220712Z,KXBTC15M-26OCT042030-30,0.1400,4.38,yes
2026-10-05T00:28:24.222344Z,KXBTC15M-26OCT042030-30,0.1300,0.55,no
2026-10-05T00:28:24.230943Z,KXBTC15M-26OCT042030-30,0.1400,47.75,yes
2026-10-05T00:28:24.232317Z,KXBTC15M-26OCT042030-30,0.1400,74.28,yes
2026-10-05T00:28:24.232317Z,KXBTC15M-26OCT042030-30,0.1400,0.01,yes
2026-10-05T00:28:24.232317Z,KXBTC15M-26OCT042030-30,0.1400,9.53,yes
2026-10-05T00:28:24.232317Z,KXBTC15M-26OCT042030-30,0.1400,0.01,yes
2026-10-05T00:28:24.252887Z,KXBTC15M-26OCT042030-30,0.1400,9.33,yes
2026-10-05T00:28:24.260485Z,KXBTC15M-26OCT042030-30,0.1400,4.79,yes
2026-10-05T00:28:24.274509Z,KXBTC15M-26OCT042030-30,0.1400,172.08,yes
2026-10-05T00:28:24.292999Z,KXBTC15M-26OCT042030-30,0.1400,28.76,yes
2026-10-05T00:28:24.304774Z,KXBTC15M-26OCT042030-30,0.1400,20.71,yes
2026-10-05T00:28:24.322782Z,KXBTC15M-26OCT042030-30,0.1400,0.01,yes
2026-10-05T00:28:24.322782Z,KXBTC15M-26OCT042030-30,0.1400,210.90,yes
2026-10-05T00:28:24.322782Z,KXBTC15M-26OCT042030-30,0.1400,500.00,yes
2026-10-05T00:28:24.322782Z,KXBTC15M-26OCT042030-30,0.1400,116.60,yes
2026-10-05T00:28:24.322782Z,KXBTC15M-26OCT042030-30,0.1500,99.34,yes
2026-10-05T00:28:24.322782Z,KXBTC15M-26OCT042030-30,0.1400,1.00,yes
2026-10-05T00:28:24.322782Z,KXBTC15M-26OCT042030-30,0.1400,0.01,yes
2026-10-05T00:28:24.322782Z,KXBTC15M-26OCT042030-30,0.1400,75.00,yes
2026-10-05T00:28:24.322782Z,KXBTC15M-26OCT042030-30,0.1500,1500.00,yes
2026-10-05T00:28:24.322782Z,KXBTC15M-26OCT042030-30,0.1400,1.00,yes
2026-10-05T00:28:24.322782Z,KXBTC15M-26OCT042030-30,0.1400,154.80,yes
2026-10-05T00:28:24.330198Z,KXBTC15M-26OCT042030-30,0.1500,7.73,yes
2026-10-05T00:28:24.348999Z,KXBTC15M-26OCT042030-30,0.1500,30.75,yes
2026-10-05T00:28:24.348999Z,KXBTC15M-26OCT042030-30,0.1500,0.01,yes
2026-10-05T00:28:24.348999Z,KXBTC15M-26OCT042030-30,0.1500,0.01,yes
2026-10-05T00:28:24.349851Z,KXBTC15M-26OCT042030-30,0.1500,7.19,yes
2026-10-05T00:28:24.359473Z,KXBTC15M-26OCT042030-30,0.1400,24.00,no
2026-10-05T00:28:24.361375Z,KXBTC15M-26OCT042030-30,0.1400,104.00,no
2026-10-05T00:28:24.362744Z,KXBTC15M-26OCT042030-30,0.1400,222.21,no
2026-10-05T00:28:24.373158Z,KXBTC15M-26OCT042030-30,0.1500,32.42,yes
2026-10-05T00:28:24.385785Z,KXBTC15M-26OCT042030-30,0.1500,12.04,yes
2026-10-05T00:28:24.388393Z,KXBTC15M-26OCT042030-30,0.1500,317.60,yes
2026-10-05T00:28:24.388393Z,KXBTC15M-26OCT042030-30,0.1500,22.00,yes
2026-10-05T00:28:24.388393Z,KXBTC15M-26OCT042030-30,0.1500,51.85,yes
2026-10-05T00:28:24.407278Z,KXBTC15M-26OCT042030-30,0.1500,2.64,yes
2026-10-05T00:28:24.434699Z,KXBTC15M-26OCT042030-30,0.1400,1.11,no
2026-10-05T00:28:24.434753Z,KXBTC15M-26OCT042030-30,0.1500,6.41,yes
2026-10-05T00:28:24.447629Z,KXBTC15M-26OCT042030-30,0.1500,24.00,yes
2026-10-05T00:28:24.462917Z,KXBTC15M-26OCT042030-30,0.1400,1.00,no
2026-10-05T00:28:24.491775Z,KXBTC15M-26OCT042030-30,0.1500,11.00,yes
2026-10-05T00:28:24.495052Z,KXBTC15M-26OCT042030-30,0.1400,3.38,no
2026-10-05T00:28:24.495591Z,KXBTC15M-26OCT042030-30,0.1500,8.95,yes
2026-10-05T00:28:24.499837Z,KXBTC15M-26OCT042030-30,0.1500,3.83,yes
2026-10-05T00:28:24.508076Z,KXBTC15M-26OCT042030-30,0.1500,43.96,yes
2026-10-05T00:28:24.540855Z,KXBTC15M-26OCT042030-30,0.1500,1.00,yes
2026-10-05T00:28:24.554238Z,KXBTC15M-26OCT042030-30,0.1500,0.01,yes
2026-10-05T00:28:24.554238Z,KXBTC15M-26OCT042030-30,0.1500,70.35,yes
2026-10-05T00:28:24.554238Z,KXBTC15M-26OCT042030-30,0.1500,4.21,yes
2026-10-05T00:28:24.559182Z,KXBTC15M-26OCT042030-30,0.1500,24.59,yes
2026-10-05T00:28:24.560217Z,KXBTC15M-26OCT042030-30,0.1500,30.15,yes
2026-10-05T00:28:24.56639Z,KXBTC15M-26OCT042030-30,0.1500,1.00,yes
2026-10-05T00:28:24.56639Z,KXBTC15M-26OCT042030-30,0.1500,1.00,yes
2026-10-05T00:28:24.56639Z,KXBTC15M-26OCT042030-30,0.1500,22.22,yes
2026-10-05T00:28:24.56639Z,KXBTC15M-26OCT042030-30,0.1500,73.39,yes
2026-10-05T00:28:24.567612Z,KXBTC15M-26OCT042030-30,0.1500,10.53,yes
2026-10-05T00:28:24.578835Z,KXBTC15M-26OCT042030-30,0.1500,416.08,yes
2026-10-05T00:28:24.578835Z,KXBTC15M-26OCT042030-30,0.1500,114.92,yes
2026-10-05T00:28:24.583237Z,KXBTC15M-26OCT042030-30,0.1500,100.00,yes
2026-10-05T00:28:24.607923Z,KXBTC15M-26OCT042030-30,0.1500,29.83,yes
2026-10-05T00:28:24.613056Z,KXBTC15M-26OCT042030-30,0.1500,0.15,yes
2026-10-05T00:28:24.632986Z,KXBTC15M-26OCT042030-30,0.1500,67.87,yes
2026-10-05T00:28:24.640843Z,KXBTC15M-26OCT042030-30,0.1500,13.45,yes
2026-10-05T00:28:24.640843Z,KXBTC15M-26OCT042030-30,0.1500,87.23,yes
2026-10-05T00:28:24.641737Z,KXBTC15M-26OCT042030-30,0.1400,1.91,no
2026-10-05T00:28:24.648167Z,KXBTC15M-26OCT042030-30,0.1500,2.24,yes
2026-10-05T00:28:24.648167Z,KXBTC15M-26OCT042030-30,0.1500,1.00,yes
2026-10-05T00:28:24.648167Z,KXBTC15M-26OCT042030-30,0.1500,3.56,yes
2026-10-05T00:28:24.671955Z,KXBTC15M-26OCT042030-30,0.1400,5.00,no
2026-10-05T00:28:24.673644Z,KXBTC15M-26OCT042030-30,0.1500,38.34,yes
2026-10-05T00:28:24.67595Z,KXBTC15M-26OCT042030-30,0.1400,5.00,no
2026-10-05T00:28:24.685416Z,KXBTC15M-26OCT042030-30,0.1400,5.00,no
2026-10-05T00:28:24.685919Z,KXBTC15M-26OCT042030-30,0.1400,5.00,no
2026-10-05T00:28:24.686059Z,KXBTC15M-26OCT042030-30,0.1400,5.00,no
2026-10-05T00:28:24.686421Z,KXBTC15M-26OCT042030-30,0.1400,6.00,no
2026-10-05T00:28:24.688894Z,KXBTC15M-26OCT042030-30,0.1500,6.00,yes
2026-10-05T00:28:24.688894Z,KXBTC15M-26OCT042030-30,0.1500,1.00,yes
2026-10-05T00:28:24.688894Z,KXBTC15M-26OCT042030-30,0.1500,11.66,yes
2026-10-05T00:28:24.688894Z,KXBTC15M-26OCT042030-30,0.1500,500.00,yes
2026-10-05T00:28:24.688894Z,KXBTC15M-26OCT042030-30,0.1500,1.00,yes
2026-10-05T00:28:24.688894Z,KXBTC15M-26OCT042030-30,0.1600,135.54,yes
2026-10-05T00:28:24.693663Z,KXBTC15M-26OCT042030-30,0.1600,28.00,yes
2026-10-05T00:28:24.713436Z,KXBTC15M-26OCT042030-30,0.1400,16.12,no
2026-10-05T00:28:24.722984Z,KXBTC15M-26OCT042030-30,0.1500,2.00,yes
2026-10-05T00:28:24.725655Z,KXBTC15M-26OCT042030-30,0.1600,8.25,yes
2026-10-05T00:28:24.736647Z,KXBTC15M-26OCT042030-30,0.1500,0.01,no
2026-10-05T00:28:24.736647Z,KXBTC15M-26OCT042030-30,0.1500,0.01,no
2026-10-05T00:28:24.736647Z,KXBTC15M-26OCT042030-30,0.1500,4.98,no
2026-10-05T00:28:24.760654Z,KXBTC15M-26OCT042030-30,0.1500,5.00,no
2026-10-05T00:28:24.762397Z,KXBTC15M-26OCT042030-30,0.1500,80.00,no
2026-10-05T00:28:24.764102Z,KXBTC15M-26OCT042030-30,0.1600,66.35,yes
2026-10-05T00:28:24.767401Z,KXBTC15M-26OCT042030-30,0.1500,60.00,no
2026-10-05T00:28:24.771124Z,KXBTC15M-26OCT042030-30,0.1500,4.00,no
2026-10-05T00:28:24.771897Z,KXBTC15M-26OCT042030-30,0.1500,5.00,no
2026-10-05T00:28:24.776205Z,KXBTC15M-26OCT042030-30,0.1600,7.46,yes
2026-10-05T00:28:24.79612Z,KXBTC15M-26OCT042030-30,0.1600,4.39,yes
2026-10-05T00:28:24.804649Z,KXBTC15M-26OCT042030-30,0.1600,2.97,yes
2026-10-05T00:28:24.811587Z,KXBTC15M-26OCT042030-30,0.1500,14.20,no
2026-10-05T00:28:24.811587Z,KXBTC15M-26OCT042030-30,0.1400,129.08,no
2026-10-05T00:28:24.811587Z,KXBTC15M-26OCT042030-30,0.1500,0.01,no
2026-10-05T00:28:24.811587Z,KXBTC15M-26OCT042030-30,0.1500,3.70,no
2026-10-05T00:28:24.811587Z,KXBTC15M-26OCT042030-30,0.1500,0.01,no
2026-10-05T00:28:24.811587Z,KXBTC15M-26OCT042030-30,0.1500,24.00,no
2026-10-05T00:28:24.811587Z,KXBTC15M-26OCT042030-30,0.1500,24.00,no
2026-10-05T00:28:24.811587Z,KXBTC15M-26OCT042030-30,0.1500,5.00,no
2026-10-05T00:28:24.812235Z,KXBTC15M-26OCT042030-30,0.1400,100.00,no
2026-10-05T00:28:24.81464Z,KXBTC15M-26OCT042030-30,0.1400,70.00,no
2026-10-05T00:28:24.826733Z,KXBTC15M-26OCT042030-30,0.1400,2.26,no
2026-10-05T00:28:24.838817Z,KXBTC15M-26OCT042030-30,0.1400,56.80,no
2026-10-05T00:28:24.839998Z,KXBTC15M-26OCT042030-30,0.1500,26.80,yes
2026-10-05T00:28:24.861857Z,KXBTC15M-26OCT042030-30,0.1400,61.00,no
2026-10-05T00:28:24.867478Z,KXBTC15M-26OCT042030-30,0.1400,97.87,no
2026-10-05T00:28:24.938258Z,KXBTC15M-26OCT042030-30,0.1500,1.36,yes
2026-10-05T00:28:24.954227Z,KXBTC15M-26OCT042030-30,0.1400,1.00,no
2026-10-05T00:28:24.958791Z,KXBTC15M-26OCT042030-30,0.1500,38.76,yes
2026-10-05T00:28:24.981245Z,KXBTC15M-26OCT042030-30,0.1400,100.00,no
2026-10-05T00:28:24.997804Z,KXBTC15M-26OCT042030-30,0.1500,8.43,yes
2026-10-05T00:28:25.000321Z,KXBTC15M-26OCT042030-30,0.1400,0.01,no
2026-10-05T00:28:25.000321Z,KXBTC15M-26OCT042030-30,0.1400,39.98,no
2026-10-05T00:28:25.000321Z,KXBTC15M-26OCT042030-30,0.1400,0.01,no
2026-10-05T00:28:25.004515Z,KXBTC15M-26OCT042030-30,0.1400,1.57,no
2026-10-05T00:28:25.005924Z,KXBTC15M-26OCT042030-30,0.1500,6.29,yes
2026-10-05T00:28:25.008431Z,KXBTC15M-26OCT042030-30,0.1500,18.49,yes
2026-10-05T00:28:25.023837Z,KXBTC15M-26OCT042030-30,0.1400,11.00,no
2026-10-05T00:28:25.034794Z,KXBTC15M-26OCT042030-30,0.1400,5.69,no
2026-10-05T00:28:25.04501Z,KXBTC15M-26OCT042030-30,0.1500,6.29,yes
2026-10-05T00:28:25.073854Z,KXBTC15M-26OCT042030-30,0.1500,59.41,yes
2026-10-05T00:28:25.074127Z,KXBTC15M-26OCT042030-30,0.1400,80.23,no
2026-10-05T00:28:25.074127Z,KXBTC15M-26OCT042030-30,0.1400,19.76,no
2026-10-05T00:28:25.078217Z,KXBTC15M-26OCT042030-30,0.1400,0.01,no
2026-10-05T00:28:25.078217Z,KXBTC15M-26OCT042030-30,0.1400,4.60,no
2026-10-05T00:28:25.078217Z,KXBTC15M-26OCT042030-30,0.1400,0.01,no
2026-10-05T00:28:25.078217Z,KXBTC15M-26OCT042030-30,0.1400,26.00,no
2026-10-05T00:28:25.078217Z,KXBTC15M-26OCT042030-30,0.1400,0.05,no
2026-10-05T00:28:25.078217Z,KXBTC15M-26OCT042030-30,0.1400,19.77,no
2026-10-05T00:28:25.097987Z,KXBTC15M-26OCT042030-30,0.1400,0.01,yes
2026-10-05T00:28:25.098026Z,KXBTC15M-26OCT042030-30,0.1400,0.45,yes
2026-10-05T00:28:25.100503Z,KXBTC15M-26OCT042030-30,0.1400,66.00,yes
2026-10-05T00:28:25.106198Z,KXBTC15M-26OCT042030-30,0.1400,77.36,yes
2026-10-05T00:28:25.111983Z,KXBTC15M-26OCT042030-30,0.1400,125.84,yes
2026-10-05T00:28:25.114924Z,KXBTC15M-26OCT042030-30,0.1400,6.29,yes
2026-10-05T00:28:25.136981Z,KXBTC15M-26OCT042030-30,0.1400,0.94,yes
2026-10-05T00:28:25.153713Z,KXBTC15M-26OCT042030-30,0.1400,96.74,yes
2026-10-05T00:28:25.166279Z,KXBTC15M-26OCT042030-30,0.1100,16.98,no
2026-10-05T00:28:25.166279Z,KXBTC15M-26OCT042030-30,0.1000,2.55,no
2026-10-05T00:28:25.166279Z,KXBTC15M-26OCT042030-30,0.1000,32.82,no
2026-10-05T00:28:25.166279Z,KXBTC15M-26OCT042030-30,0.1000,100.00,no
2026-10-05T00:28:25.166279Z,KXBTC15M-26OCT042030-30,0.1000,70.72,no
2026-10-05T00:28:25.166279Z,KXBTC15M-26OCT042030-30,0.1000,55.90,no
2026-10-05T00:28:25.166279Z,KXBTC15M-26OCT042030-30,0.1000,500.00,no
2026-10-05T00:28:25.166279Z,KXBTC15M-26OCT042030-30,0.1100,54.73,no
2026-10-05T00:28:25.166279Z,KXBTC15M-26OCT042030-30,0.1000,12.00,no
2026-10-05T00:28:25.166279Z,KXBTC15M-26OCT042030-30,0.1000,5.00,no
2026-10-05T00:28:25.166279Z,KXBTC15M-26OCT042030-30,0.1000,61.54,no
2026-10-05T00:28:25.166279Z,KXBTC15M-26OCT042030-30,0.1000,30.00,no
2026-10-05T00:28:25.166279Z,KXBTC15M-26OCT042030-30,0.1000,150.00,no
2026-10-05T00:28:25.166279Z,KXBTC15M-26OCT042030-30,0.1300,1.25,no
2026-10-05T00:28:25.166279Z,KXBTC15M-26OCT042030-30,0.1300,20.00,no
2026-10-05T00:28:25.166279Z,KXBTC15M-26OCT042030-30,0.1300,0.01,no
2026-10-05T00:28:25.166279Z,KXBTC15M-26OCT042030-30,0.1300,0.01,no
2026-10-05T00:28:25.166279Z,KXBTC15M-26OCT042030-30,0.1300,500.00,no
2026-10-05T00:28:25.166279Z,KXBTC15M-26OCT042030-30,0.1300,800.00,no
2026-10-05T00:28:25.166279Z,KXBTC15M-26OCT042030-30,0.1100,5.00,no
2026-10-05T00:28:25.166279Z,KXBTC15M-26OCT042030-30,0.1200,483.00,no
2026-10-05T00:28:25.166279Z,KXBTC15M-26OCT042030-30,0.1100,240.00,no
2026-10-05T00:28:25.166279Z,KXBTC15M-26OCT042030-30,0.1100,6.99,no
2026-10-05T00:28:25.166279Z,KXBTC15M-26OCT042030-30,0.1000,0.07,no
2026-10-05T00:28:25.166279Z,KXBTC15M-26OCT042030-30,0.1000,0.78,no
2026-10-05T00:28:25.166279Z,KXBTC15M-26OCT042030-30,0.1000,12.78,no
2026-10-05T00:28:25.166279Z,KXBTC15M-26OCT042030-30,0.1000,1.27,no
2026-10-05T00:28:25.166279Z,KXBTC15M-26OCT042030-30,0.1000,126.81,no
2026-10-05T00:28:25.166279Z,KXBTC15M-26OCT042030-30,0.1000,25.56,no
2026-10-05T00:28:25.166279Z,KXBTC15M-26OCT042030-30,0.1000,1.00,no
2026-10-05T00:28:25.166279Z,KXBTC15M-26OCT042030-30,0.1100,1.00,no
2026-10-05T00:28:25.166279Z,KXBTC15M-26OCT042030-30,0.1000,3.88,no
2026-10-05T00:28:25.166279Z,KXBTC15M-26OCT042030-30,0.1000,262.74,no
2026-10-05T00:28:25.166279Z,KXBTC15M-26OCT042030-30,0.1000,0.27,no
2026-10-05T00:28:25.166279Z,KXBTC15M-26OCT042030-30,0.1000,68.00,no
2026-10-05T00:28:25.166279Z,KXBTC15M-26OCT042030-30,0.1100,3.09,no
2026-10-05T00:28:25.166279Z,KXBTC15M-26OCT042030-30,0.1100,121.00,no
2026-10-05T00:28:25.166279Z,KXBTC15M-26OCT042030-30,0.1100,2.00,no
2026-10-05T00:28:25.166279Z,KXBTC15M-26OCT042030-30,0.1000,169.18,no
2026-10-05T00:28:25.166279Z,KXBTC15M-26OCT042030-30,0.1100,0.10,no
2026-10-05T00:28:25.166279Z,KXBTC15M-26OCT042030-30,0.1000,16.74,no
2026-10-05T00:28:25.166279Z,KXBTC15M-26OCT042030-30,0.1000,35.23,no
2026-10-05T00:28:25.175265Z,KXBTC15M-26OCT042030-30,0.1200,150.00,no
2026-10-05T00:28:25.18247Z,KXBTC15M-26OCT042030-30,0.1200,13.76,no
2026-10-05T00:28:25.18247Z,KXBTC15M-26OCT042030-30,0.1200,0.01,no
2026-10-05T00:28:25.18247Z,KXBTC15M-26OCT042030-30,0.1200,0.01,no
2026-10-05T00:28:25.18247Z,KXBTC15M-26OCT042030-30,0.1200,1.22,no
2026-10-05T00:28:25.18319Z,KXBTC15M-26OCT042030-30,0.1300,7.39,yes
2026-10-05T00:28:25.190392Z,KXBTC15M-26OCT042030-30,0.1300,43.48,yes
2026-10-05T00:28:25.207047Z,KXBTC15M-26OCT042030-30,0.1200,1.00,no
2026-10-05T00:28:25.2151Z,KXBTC15M-26OCT042030-30,0.1200,4.00,no
2026-10-05T00:28:25.227785Z,KXBTC15M-26OCT042030-30,0.1200,0.02,no
2026-10-05T00:28:25.235124Z,KXBTC15M-26OCT042030-30,0.1200,1.30,no
2026-10-05T00:28:25.25077Z,KXBTC15M-26OCT042030-30,0.1300,92.29,yes
2026-10-05T00:28:25.257547Z,KXBTC15M-26OCT042030-30,0.1300,4.94,yes
2026-10-05T00:28:25.259468Z,KXBTC15M-26OCT042030-30,0.1200,42.00,no
2026-10-05T00:28:25.267085Z,KXBTC15M-26OCT042030-30,0.1300,340.00,yes
2026-10-05T00:28:25.267648Z,KXBTC15M-26OCT042030-30,0.1300,18.87,yes
2026-10-05T00:28:25.269378Z,KXBTC15M-26OCT042030-30,0.1200,37.00,no
2026-10-05T00:28:25.279118Z,KXBTC15M-26OCT042030-30,0.1200,10.00,no
2026-10-05T00:28:25.280146Z,KXBTC15M-26OCT042030-30,0.1200,1.00,no
2026-10-05T00:28:25.290662Z,KXBTC15M-26OCT042030-30,0.1300,6.26,yes
2026-10-05T00:28:25.294575Z,KXBTC15M-26OCT042030-30,0.1200,13.00,no
2026-10-05T00:28:25.308372Z,KXBTC15M-26OCT042030-30,0.1300,2.43,yes
2026-10-05T00:28:25.308824Z,KXBTC15M-26OCT042030-30,0.1300,6.23,yes
2026-10-05T00:28:25.335254Z,KXBTC15M-26OCT042030-30,0.1200,10.00,no
2026-10-05T00:28:25.336691Z,KXBTC15M-26OCT042030-30,0.1300,2.46,yes
2026-10-05T00:28:25.339488Z,KXBTC15M-26OCT042030-30,0.1300,399.93,yes
2026-10-05T00:28:25.367019Z,KXBTC15M-26OCT042030-30,0.1300,31.46,yes
2026-10-05T00:28:25.375816Z,KXBTC15M-26OCT042030-30,0.1300,117.84,yes
2026-10-05T00:28:25.375816Z,KXBTC15M-26OCT042030-30,0.1300,400.00,yes
2026-10-05T00:28:25.375816Z,KXBTC15M-26OCT042030-30,0.1300,4.00,yes
2026-10-05T00:28:25.375816Z,KXBTC15M-26OCT042030-30,0.1300,0.01,yes
2026-10-05T00:28:25.375816Z,KXBTC15M-26OCT042030-30,0.1300,144.00,yes
2026-10-05T00:28:25.375816Z,KXBTC15M-26OCT042030-30,0.1300,82.00,yes
2026-10-05T00:28:25.375816Z,KXBTC15M-26OCT042030-30,0.1300,245.00,yes
2026-10-05T00:28:25.375816Z,KXBTC15M-26OCT042030-30,0.1300,0.01,yes
2026-10-05T00:28:25.375816Z,KXBTC15M-26OCT042030-30,0.1300,1.00,yes
2026-10-05T00:28:25.405472Z,KXBTC15M-26OCT042030-30,0.1300,1.00,yes
2026-10-05T00:28:25.405472Z,KXBTC15M-26OCT042030-30,0.1300,0.01,yes
2026-10-05T00:28:25.405472Z,KXBTC15M-26OCT042030-30,0.1300,0.01,yes
2026-10-05T00:28:25.427814Z,KXBTC15M-26OCT042030-30,0.1200,4.98,no
2026-10-05T00:28:25.427814Z,KXBTC15M-26OCT042030-30,0.1200,0.01,no
2026-10-05T00:28:25.427814Z,KXBTC15M-26OCT042030-30,0.1200,0.01,no
2026-10-05T00:28:25.43621Z,KXBTC15M-26OCT042030-30,0.1300,1.00,yes
2026-10-05T00:28:25.43621Z,KXBTC15M-26OCT042030-30,0.1300,0.01,yes
2026-10-05T00:28:25.43621Z,KXBTC15M-26OCT042030-30,0.1300,32.66,yes
2026-10-05T00:28:25.43621Z,KXBTC15M-26OCT042030-30,0.1300,0.01,yes
2026-10-05T00:28:25.44491Z,KXBTC15M-26OCT042030-30,0.1200,3.04,no
2026-10-05T00:28:25.450065Z,KXBTC15M-26OCT042030-30,0.1200,59.00,no
2026-10-05T00:28:25.452016Z,KXBTC15M-26OCT042030-30,0.1200,2.99,no
2026-10-05T00:28:25.467273Z,KXBTC15M-26OCT042030-30,0.1200,5.00,no
2026-10-05T00:28:25.467449Z,KXBTC15M-26OCT042030-30,0.1200,20.00,no
2026-10-05T00:28:25.47103Z,KXBTC15M-26OCT042030-30,0.1200,5.00,no
2026-10-05T00:28:25.485572Z,KXBTC15M-26OCT042030-30,0.1300,0.01,yes
2026-10-05T00:28:25.485572Z,KXBTC15M-26OCT042030-30,0.1300,0.01,yes
2026-10-05T00:28:25.485572Z,KXBTC15M-26OCT042030-30,0.1300,2.39,yes
2026-10-05T00:28:25.49833Z,KXBTC15M-26OCT042030-30,0.1300,29.59,yes
2026-10-05T00:28:25.524862Z,KXBTC15M-26OCT042030-30,0.1300,7.22,yes
2026-10-05T00:28:25.534155Z,KXBTC15M-26OCT042030-30,0.1300,33.68,yes
2026-10-05T00:28:25.548043Z,KXBTC15M-26OCT042030-30,0.1300,6.29,yes
2026-10-05T00:28:25.556107Z,KXBTC15M-26OCT042030-30,0.1300,6.29,yes
2026-10-05T00:28:25.605253Z,KXBTC15M-26OCT042030-30,0.1200,55.54,no
2026-10-05T00:28:25.608745Z,KXBTC15M-26OCT042030-30,0.1300,0.01,yes
2026-10-05T00:28:25.608745Z,KXBTC15M-26OCT042030-30,0.1300,0.01,yes
2026-10-05T00:28:25.608745Z,KXBTC15M-26OCT042030-30,0.1300,1.19,yes
2026-10-05T00:28:25.608752Z,KXBTC15M-26OCT042030-30,0.1200,1117.71,no
2026-10-05T00:28:25.612819Z,KXBTC15M-26OCT042030-30,0.1300,316.12,yes
2026-10-05T00:28:25.612819Z,KXBTC15M-26OCT042030-30,0.1300,20.81,yes
2026-10-05T00:28:25.64277Z,KXBTC15M-26OCT042030-30,0.1300,358.65,yes
2026-10-05T00:28:25.653319Z,KXBTC15M-26OCT042030-30,0.1300,77.36,yes
2026-10-05T00:28:25.664262Z,KXBTC15M-26OCT042030-30,0.1200,79.73,no
2026-10-05T00:28:25.664262Z,KXBTC15M-26OCT042030-30,0.1200,5.00,no
2026-10-05T00:28:25.674178Z,KXBTC15M-26OCT042030-30,0.1300,7.25,yes
2026-10-05T00:28:25.677257Z,KXBTC15M-26OCT042030-30,0.1300,36.25,yes
2026-10-05T00:28:25.681425Z,KXBTC15M-26OCT042030-30,0.1300,26.88,yes
2026-10-05T00:28:25.683931Z,KXBTC15M-26OCT042030-30,0.1300,1.70,yes
2026-10-05T00:28:25.689076Z,KXBTC15M-26OCT042030-30,0.1200,0.01,no
2026-10-05T00:28:25.689076Z,KXBTC15M-26OCT042030-30,0.1200,93.00,no
2026-10-05T00:28:25.689076Z,KXBTC15M-26OCT042030-30,0.1200,31.00,no
2026-10-05T00:28:25.689076Z,KXBTC15M-26OCT042030-30,0.1200,50.04,no
2026-10-05T00:28:25.689076Z,KXBTC15M-26OCT042030-30,0.1200,0.01,no
2026-10-05T00:28:25.689076Z,KXBTC15M-26OCT042030-30,0.1200,441.94,no
2026-10-05T00:28:25.689076Z,KXBTC15M-26OCT042030-30,0.1200,500.00,no
2026-10-05T00:28:25.712608Z,KXBTC15M-26OCT042030-30,0.1300,45.82,yes
2026-10-05T00:28:25.713707Z,KXBTC15M-26OCT042030-30,0.1200,3.00,no
2026-10-05T00:28:25.718662Z,KXBTC15M-26OCT042030-30,0.1300,9.55,yes
2026-10-05T00:28:25.718921Z,KXBTC15M-26OCT042030-30,0.1300,34.00,yes
2026-10-05T00:28:25.753466Z,KXBTC15M-26OCT042030-30,0.1200,25.00,no
2026-10-05T00:28:25.754387Z,KXBTC15M-26OCT042030-30,0.1200,15.00,no
2026-10-05T00:28:25.755861Z,KXBTC15M-26OCT042030-30,0.1300,0.01,yes
2026-10-05T00:28:25.755861Z,KXBTC15M-26OCT042030-30,0.1300,400.00,yes
2026-10-05T00:28:25.755861Z,KXBTC15M-26OCT042030-30,0.1300,89.94,yes
2026-10-05T00:28:25.755861Z,KXBTC15M-26OCT042030-30,0.1300,0.01,yes
2026-10-05T00:28:25.755861Z,KXBTC15M-26OCT042030-30,0.1300,902.54,yes
2026-10-05T00:28:25.803025Z,KXBTC15M-26OCT042030-30,0.1300,0.01,yes
2026-10-05T00:28:25.803025Z,KXBTC15M-26OCT042030-30,0.1300,252.19,yes
2026-10-05T00:28:25.803025Z,KXBTC15M-26OCT042030-30,0.1300,0.01,yes
2026-10-05T00:28:25.822858Z,KXBTC15M-26OCT042030-30,0.1200,35.70,no
2026-10-05T00:28:25.822858Z,KXBTC15M-26OCT042030-30,0.1200,5.96,no
2026-10-05T00:28:25.822858Z,KXBTC15M-26OCT042030-30,0.1200,3.29,no
2026-10-05T00:28:25.825524Z,KXBTC15M-26OCT042030-30,0.1300,1.59,yes
2026-10-05T00:28:25.841927Z,KXBTC15M-26OCT042030-30,0.1200,3.00,no
2026-10-05T00:28:25.842263Z,KXBTC15M-26OCT042030-30,0.1200,40.00,no
2026-10-05T00:28:25.843758Z,KXBTC15M-26OCT042030-30,0.1400,10.73,yes
2026-10-05T00:28:25.843758Z,KXBTC15M-26OCT042030-30,0.1300,0.01,yes
2026-10-05T00:28:25.843758Z,KXBTC15M-26OCT042030-30,0.1300,400.00,yes
2026-10-05T00:28:25.843758Z,KXBTC15M-26OCT042030-30,0.1300,0.01,yes
2026-10-05T00:28:25.873154Z,KXBTC15M-26OCT042030-30,0.1300,25.00,no
2026-10-05T00:28:25.874115Z,KXBTC15M-26OCT042030-30,0.1400,35.88,yes
2026-10-05T00:28:25.874523Z,KXBTC15M-26OCT042030-30,0.1300,25.00,no
2026-10-05T00:28:25.897403Z,KXBTC15M-26OCT042030-30,0.1300,0.56,no
2026-10-05T00:28:25.909288Z,KXBTC15M-26OCT042030-30,0.1400,6.73,yes
2026-10-05T00:28:25.916334Z,KXBTC15M-26OCT042030-30,0.1400,99.00,yes
2026-10-05T00:28:25.926058Z,KXBTC15M-26OCT042030-30,0.1400,1.08,yes
2026-10-05T00:28:25.946405Z,KXBTC15M-26OCT042030-30,0.1300,0.84,no
2026-10-05T00:28:25.946405Z,KXBTC15M-26OCT042030-30,0.1300,0.01,no
2026-10-05T00:28:25.946405Z,KXBTC15M-26OCT042030-30,0.1300,0.01,no
2026-10-05T00:28:25.949415Z,KXBTC15M-26OCT042030-30,0.1400,28.00,yes
2026-10-05T00:28:25.979255Z,KXBTC15M-26OCT042030-30,0.1400,3.07,yes
2026-10-05T00:28:25.986777Z,KXBTC15M-26OCT042030-30,0.1300,20.00,no
2026-10-05T00:28:25.987901Z,KXBTC15M-26OCT042030-30,0.1300,0.01,no
2026-10-05T00:28:25.987901Z,KXBTC15M-26OCT042030-30,0.1300,0.01,no
2026-10-05T00:28:25.987901Z,KXBTC15M-26OCT042030-30,0.1300,35.16,no
2026-10-05T00:28:25.987901Z,KXBTC15M-26OCT042030-30,0.1300,17.09,no
2026-10-05T00:28:25.987901Z,KXBTC15M-26OCT042030-30,0.1300,56.73,no
2026-10-05T00:28:25.987901Z,KXBTC15M-26OCT042030-30,0.1300,3.68,no
2026-10-05T00:28:25.991833Z,KXBTC15M-26OCT042030-30,0.1300,25.00,no
2026-10-05T00:28:26.02513Z,KXBTC15M-26OCT042030-30,0.1400,26.49,yes
2026-10-05T00:28:26.02513Z,KXBTC15M-26OCT042030-30,0.1400,315.51,yes
2026-10-05T00:28:26.035885Z,KXBTC15M-26OCT042030-30,0.1400,306.08,yes
2026-10-05T00:28:26.035885Z,KXBTC15M-26OCT042030-30,0.1400,107.51,yes
2026-10-05T00:28:26.040475Z,KXBTC15M-26OCT042030-30,0.1400,20.94,yes
2026-10-05T00:28:26.046123Z,KXBTC15M-26OCT042030-30,0.1300,5.63,no
2026-10-05T00:28:26.046711Z,KXBTC15M-26OCT042030-30,0.1300,22.77,no
2026-10-05T00:28:26.047597Z,KXBTC15M-26OCT042030-30,0.1400,171.39,yes
2026-10-05T00:28:26.047597Z,KXBTC15M-26OCT042030-30,0.1400,2.00,yes
2026-10-05T00:28:26.047597Z,KXBTC15M-26OCT042030-30,0.1400,98.61,yes
2026-10-05T00:28:26.069486Z,KXBTC15M-26OCT042030-30,0.1400,79.25,yes
2026-10-05T00:28:26.076498Z,KXBTC15M-26OCT042030-30,0.1400,7.19,yes
2026-10-05T00:28:26.080092Z,KXBTC15M-26OCT042030-30,0.1300,0.02,no
2026-10-05T00:28:26.081458Z,KXBTC15M-26OCT042030-30,0.1300,7.04,no
2026-10-05T00:28:26.085984Z,KXBTC15M-26OCT042030-30,0.1300,0.02,no
2026-10-05T00:28:26.093017Z,KXBTC15M-26OCT042030-30,0.1300,1.13,no
2026-10-05T00:28:26.102512Z,KXBTC15M-26OCT042030-30,0.1300,4.00,no
2026-10-05T00:28:26.108352Z,KXBTC15M-26OCT042030-30,0.1400,53.68,yes
2026-10-05T00:28:26.120988Z,KXBTC15M-26OCT042030-30,0.1400,136.20,yes
2026-10-05T00:28:26.140905Z,KXBTC15M-26OCT042030-30,0.1400,2.96,yes
2026-10-05T00:28:26.169585Z,KXBTC15M-26OCT042030-30,0.1400,0.06,yes
2026-10-05T00:28:26.170572Z,KXBTC15M-26OCT042030-30,0.1300,9.01,no
2026-10-05T00:28:26.174038Z,KXBTC15M-26OCT042030-30,0.1300,69.96,no
2026-10-05T00:28:26.186287Z,KXBTC15M-26OCT042030-30,0.1400,22.05,yes
2026-10-05T00:28:26.186287Z,KXBTC15M-26OCT042030-30,0.1400,76.00,yes
2026-10-05T00:28:26.186287Z,KXBTC15M-26OCT042030-30,0.1400,1.00,yes
2026-10-05T00:28:26.186287Z,KXBTC15M-26OCT042030-30,0.1400,10.29,yes
2026-10-05T00:28:26.194741Z,KXBTC15M-26OCT042030-30,0.1400,0.43,yes
2026-10-05T00:28:26.199909Z,KXBTC15M-26OCT042030-30,0.1400,63.96,yes
2026-10-05T00:28:26.199909Z,KXBTC15M-26OCT042030-30,0.1400,65.56,yes
2026-10-05T00:28:26.199909Z,KXBTC15M-26OCT042030-30,0.1400,17.46,yes
2026-10-05T00:28:26.199909Z,KXBTC15M-26OCT042030-30,0.1400,0.01,yes
2026-10-05T00:28:26.199909Z,KXBTC15M-26OCT042030-30,0.1400,0.01,yes
2026-10-05T00:28:26.212733Z,KXBTC15M-26OCT042030-30,0.1300,1.91,no
2026-10-05T00:28:26.220088Z,KXBTC15M-26OCT042030-30,0.1400,1.35,yes
2026-10-05T00:28:26.248684Z,KXBTC15M-26OCT042030-30,0.1400,528.29,yes
2026-10-05T00:28:26.248684Z,KXBTC15M-26OCT042030-30,0.1400,117.92,yes
2026-10-05T00:28:26.248684Z,KXBTC15M-26OCT042030-30,0.1400,24.69,yes
2026-10-05T00:28:26.265635Z,KXBTC15M-26OCT042030-30,0.1400,8.00,yes
2026-10-05T00:28:26.271486Z,KXBTC15M-26OCT042030-30,0.1400,52.38,yes
2026-10-05T00:28:26.28807Z,KXBTC15M-26OCT042030-30,0.1300,35.31,no
2026-10-05T00:28:26.303353Z,KXBTC15M-26OCT042030-30,0.1300,28.07,no
2026-10-05T00:28:26.30427Z,KXBTC15M-26OCT042030-30,0.1400,6.73,yes
2026-10-05T00:28:26.31909Z,KXBTC15M-26OCT042030-30,0.1400,2.55,yes
2026-10-05T00:28:26.336145Z,KXBTC15M-26OCT042030-30,0.1400,23.84,yes
2026-10-05T00:28:26.338176Z,KXBTC15M-26OCT042030-30,0.1400,22.36,yes
2026-10-05T00:28:26.341274Z,KXBTC15M-26OCT042030-30,0.1300,0.01,no
2026-10-05T00:28:26.341274Z,KXBTC15M-26OCT042030-30,0.1300,1.26,no
2026-10-05T00:28:26.341274Z,KXBTC15M-26OCT042030-30,0.1300,1500.00,no
2026-10-05T00:28:26.341274Z,KXBTC15M-26OCT042030-30,0.1300,34.00,no
2026-10-05T00:28:26.341274Z,KXBTC15M-26OCT042030-30,0.1300,0.01,no
2026-10-05T00:28:26.341274Z,KXBTC15M-26OCT042030-30,0.1300,164.67,no
2026-10-05T00:28:26.341274Z,KXBTC15M-26OCT042030-30,0.1300,0.05,no
2026-10-05T00:28:26.344738Z,KXBTC15M-26OCT042030-30,0.1300,32.68,no
2026-10-05T00:28:26.344834Z,KXBTC15M-26OCT042030-30,0.1400,67.37,yes
2026-10-05T00:28:26.346884Z,KXBTC15M-26OCT042030-30,0.1300,1.13,no
2026-10-05T00:28:26.360543Z,KXBTC15M-26OCT042030-30,0.1400,106.00,yes
2026-10-05T00:28:26.360543Z,KXBTC15M-26OCT042030-30,0.1400,120.00,yes
2026-10-05T00:28:26.360543Z,KXBTC15M-26OCT042030-30,0.1400,1.00,yes
2026-10-05T00:28:26.360543Z,KXBTC15M-26OCT042030-30,0.1400,788.48,yes
2026-10-05T00:28:26.360543Z,KXBTC15M-26OCT042030-30,0.1400,22.00,yes
2026-10-05T00:28:26.360543Z,KXBTC15M-26OCT042030-30,0.1400,336.92,yes
2026-10-05T00:28:26.372779Z,KXBTC15M-26OCT042030-30,0.1400,10.05,yes
2026-10-05T00:28:26.382574Z,KXBTC15M-26OCT042030-30,0.1400,53.03,yes
2026-10-05T00:28:26.382574Z,KXBTC15M-26OCT042030-30,0.1400,61.02,yes
2026-10-05T00:28:26.382574Z,KXBTC15M-26OCT042030-30,0.1500,481.47,yes
2026-10-05T00:28:26.382574Z,KXBTC15M-26OCT042030-30,0.1400,22.00,yes
2026-10-05T00:28:26.382574Z,KXBTC15M-26OCT042030-30,0.1400,0.01,yes
2026-10-05T00:28:26.382574Z,KXBTC15M-26OCT042030-30,0.1400,0.01,yes
2026-10-05T00:28:26.382574Z,KXBTC15M-26OCT042030-30,0.1600,5.00,yes
2026-10-05T00:28:26.382574Z,KXBTC15M-26OCT042030-30,0.1400,1.00,yes
2026-10-05T00:28:26.382574Z,KXBTC15M-26OCT042030-30,0.1400,1500.00,yes
2026-10-05T00:28:26.382574Z,KXBTC15M-26OCT042030-30,0.1500,5.00,yes
2026-10-05T00:28:26.382574Z,KXBTC15M-26OCT042030-30,0.1500,8.00,yes
2026-10-05T00:28:26.382574Z,KXBTC15M-26OCT042030-30,0.1400,84.00,yes
2026-10-05T00:28:26.382574Z,KXBTC15M-26OCT042030-30,0.1400,80.00,yes
2026-10-05T00:28:26.382574Z,KXBTC15M-26OCT042030-30,0.1500,5.00,yes
2026-10-05T00:28:26.382574Z,KXBTC15M-26OCT042030-30,0.1500,11.00,yes
2026-10-05T00:28:26.382574Z,KXBTC15M-26OCT042030-30,0.1500,76.28,yes
2026-10-05T00:28:26.382574Z,KXBTC15M-26OCT042030-30,0.1500,100.00,yes
2026-10-05T00:28:26.382574Z,KXBTC15M-26OCT042030-30,0.1600,1.00,yes
2026-10-05T00:28:26.382574Z,KXBTC15M-26OCT042030-30,0.1500,5.00,yes
2026-10-05T00:28:26.382574Z,KXBTC15M-26OCT042030-30,0.1600,7.48,yes
2026-10-05T00:28:26.382574Z,KXBTC15M-26OCT042030-30,0.1500,500.00,yes
2026-10-05T00:28:26.382574Z,KXBTC15M-26OCT042030-30,0.1600,247.04,yes
2026-10-05T00:28:26.385273Z,KXBTC15M-26OCT042030-30,0.1300,0.01,no
2026-10-05T00:28:26.385273Z,KXBTC15M-26OCT042030-30,0.1300,1.25,no
2026-10-05T00:28:26.385273Z,KXBTC15M-26OCT042030-30,0.1300,0.01,no
2026-10-05T00:28:26.385273Z,KXBTC15M-26OCT042030-30,0.1300,1.00,no
2026-10-05T00:28:26.385273Z,KXBTC15M-26OCT042030-30,0.1200,8.73,no
2026-10-05T00:28:26.389137Z,KXBTC15M-26OCT042030-30,0.1300,14.50,yes
2026-10-05T00:28:26.391731Z,KXBTC15M-26OCT042030-30,0.1200,2.28,no
2026-10-05T00:28:26.398427Z,KXBTC15M-26OCT042030-30,0.1300,7.60,yes
2026-10-05T00:28:26.441465Z,KXBTC15M-26OCT042030-30,0.1300,33.68,yes
2026-10-05T00:28:26.452014Z,KXBTC15M-26OCT042030-30,0.1300,33.68,yes
2026-10-05T00:28:26.460369Z,KXBTC15M-26OCT042030-30,0.1200,5.00,no
2026-10-05T00:28:26.46157Z,KXBTC15M-26OCT042030-30,0.1300,10.89,yes
2026-10-05T00:28:26.466215Z,KXBTC15M-26OCT042030-30,0.1300,25.65,yes
2026-10-05T00:28:26.469646Z,KXBTC15M-26OCT042030-30,0.1300,33.68,yes
2026-10-05T00:28:26.480186Z,KXBTC15M-26OCT042030-30,0.1300,13.47,yes
2026-10-05T00:28:26.507564Z,KXBTC15M-26OCT042030-30,0.1300,67.37,yes
2026-10-05T00:28:26.515683Z,KXBTC15M-26OCT042030-30,0.1300,10.00,yes
2026-10-05T00:28:26.540783Z,KXBTC15M-26OCT042030-30,0.1300,6.01,yes
2026-10-05T00:28:26.556086Z,KXBTC15M-26OCT042030-30,0.1300,272.02,yes
2026-10-05T00:28:26.571792Z,KXBTC15M-26OCT042030-30,0.1200,22.00,no
2026-10-05T00:28:26.579676Z,KXBTC15M-26OCT042030-30,0.1300,0.32,yes
2026-10-05T00:28:26.58704Z,KXBTC15M-26OCT042030-30,0.1300,70.92,yes
2026-10-05T00:28:26.612665Z,KXBTC15M-26OCT042030-30,0.1300,12.00,yes
2026-10-05T00:28:26.620633Z,KXBTC15M-26OCT042030-30,0.1300,2.30,yes
2026-10-05T00:28:26.647873Z,KXBTC15M-26OCT042030-30,0.1300,120.14,yes
2026-10-05T00:28:26.653411Z,KXBTC15M-26OCT042030-30,0.1300,26.94,yes
2026-10-05T00:28:26.692014Z,KXBTC15M-26OCT042030-30,0.1200,12.89,no
2026-10-05T00:28:26.692423Z,KXBTC15M-26OCT042030-30,0.1300,1.59,yes
2026-10-05T00:28:26.702383Z,KXBTC15M-26OCT042030-30,0.1200,15.00,no
2026-10-05T00:28:26.720044Z,KXBTC15M-26OCT042030-30,0.1200,2.21,no
2026-10-05T00:28:26.783297Z,KXBTC15M-26OCT042030-30,0.1300,2.69,yes
2026-10-05T00:28:26.800433Z,KXBTC15M-26OCT042030-30,0.1200,3.38,no
2026-10-05T00:28:26.833128Z,KXBTC15M-26OCT042030-30,0.1200,398.15,no
2026-10-05T00:28:26.852424Z,KXBTC15M-26OCT042030-30,0.1300,34.55,yes
2026-10-05T00:28:26.852424Z,KXBTC15M-26OCT042030-30,0.1300,6.40,yes
2026-10-05T00:28:26.856846Z,KXBTC15M-26OCT042030-30,0.1300,13.47,yes
2026-10-05T00:28:26.863022Z,KXBTC15M-26OCT042030-30,0.1200,323.00,no
2026-10-05T00:28:26.863022Z,KXBTC15M-26OCT042030-30,0.1200,124.00,no
2026-10-05T00:28:26.863022Z,KXBTC15M-26OCT042030-30,0.1200,1.76,no
2026-10-05T00:28:26.863022Z,KXBTC15M-26OCT042030-30,0.1200,67.88,no
2026-10-05T00:28:26.863022Z,KXBTC15M-26OCT042030-30,0.1200,30.36,no
2026-10-05T00:28:26.865251Z,KXBTC15M-26OCT042030-30,0.1200,5.00,no
2026-10-05T00:28:26.865251Z,KXBTC15M-26OCT042030-30,0.1200,94.21,no
2026-10-05T00:28:26.865251Z,KXBTC15M-26OCT042030-30,0.1200,62.00,no
2026-10-05T00:28:26.865251Z,KXBTC15M-26OCT042030-30,0.1200,0.01,no
2026-10-05T00:28:26.865251Z,KXBTC15M-26OCT042030-30,0.1200,0.01,no
2026-10-05T00:28:26.865251Z,KXBTC15M-26OCT042030-30,0.1200,30.12,no
2026-10-05T00:28:26.902943Z,KXBTC15M-26OCT042030-30,0.1200,4.00,no
2026-10-05T00:28:26.923572Z,KXBTC15M-26OCT042030-30,0.1300,41.00,yes
2026-10-05T00:28:26.949724Z,KXBTC15M-26OCT042030-30,0.1200,13.00,no
2026-10-05T00:28:26.958826Z,KXBTC15M-26OCT042030-30,0.1300,14.50,yes
2026-10-05T00:28:26.977084Z,KXBTC15M-26OCT042030-30,0.1300,0.01,yes
2026-10-05T00:28:26.977084Z,KXBTC15M-26OCT042030-30,0.1300,8.63,yes
2026-10-05T00:28:26.977084Z,KXBTC15M-26OCT042030-30,0.1300,0.01,yes
2026-10-05T00:28:26.977084Z,KXBTC15M-26OCT042030-30,0.1300,5.00,yes
2026-10-05T00:28:26.977084Z,KXBTC15M-26OCT042030-30,0.1300,0.85,yes
2026-10-05T00:28:26.99747Z,KXBTC15M-26OCT042030-30,0.1200,12.39,no
2026-10-05T00:28:27.026694Z,KXBTC15M-26OCT042030-30,0.1500,0.16,yes
2026-10-05T00:28:27.026694Z,KXBTC15M-26OCT042030-30,0.1400,64.00,yes
2026-10-05T00:28:27.026694Z,KXBTC15M-26OCT042030-30,0.1400,35.00,yes
2026-10-05T00:28:27.026694Z,KXBTC15M-26OCT042030-30,0.1400,127.00,yes
2026-10-05T00:28:27.026694Z,KXBTC15M-26OCT042030-30,0.1300,0.01,yes
2026-10-05T00:28:27.026694Z,KXBTC15M-26OCT042030-30,0.1300,399.15,yes
2026-10-05T00:28:27.026694Z,KXBTC15M-26OCT042030-30,0.1300,6.00,yes
2026-10-05T00:28:27.026694Z,KXBTC15M-26OCT042030-30,0.1300,30.00,yes
2026-10-05T00:28:27.026694Z,KXBTC15M-26OCT042030-30,0.1400,136.00,yes
2026-10-05T00:28:27.026694Z,KXBTC15M-26OCT042030-30,0.1400,33.57,yes
2026-10-05T00:28:27.026694Z,KXBTC15M-26OCT042030-30,0.1400,1.00,yes
2026-10-05T00:28:27.026694Z,KXBTC15M-26OCT042030-30,0.1300,0.01,yes
2026-10-05T00:28:27.026694Z,KXBTC15M-26OCT042030-30,0.1300,1.10,yes
2026-10-05T00:28:27.043345Z,KXBTC15M-26OCT042030-30,0.1400,50.00,no
2026-10-05T00:28:27.052724Z,KXBTC15M-26OCT042030-30,0.1500,1.00,yes
2026-10-05T00:28:27.052724Z,KXBTC15M-26OCT042030-30,0.1500,0.01,yes
2026-10-05T00:28:27.052724Z,KXBTC15M-26OCT042030-30,0.1500,14.00,yes
2026-10-05T00:28:27.052724Z,KXBTC15M-26OCT042030-30,0.1500,0.01,yes
2026-10-05T00:28:27.052724Z,KXBTC15M-26OCT042030-30,0.1500,9.98,yes
2026-10-05T00:28:27.06502Z,KXBTC15M-26OCT042030-30,0.1500,12.78,yes
2026-10-05T00:28:27.067397Z,KXBTC15M-26OCT042030-30,0.1400,90.00,no
2026-10-05T00:28:27.070321Z,KXBTC15M-26OCT042030-30,0.1500,118.17,yes
2026-10-05T00:28:27.07494Z,KXBTC15M-26OCT042030-30,0.1500,5.99,yes
2026-10-05T00:28:27.086928Z,KXBTC15M-26OCT042030-30,0.1500,6.00,no
2026-10-05T00:28:27.111904Z,KXBTC15M-26OCT042030-30,0.1500,24.00,no
2026-10-05T00:28:27.112004Z,KXBTC15M-26OCT042030-30,0.1800,500.00,yes
2026-10-05T00:28:27.112004Z,KXBTC15M-26OCT042030-30,0.1700,500.00,yes
2026-10-05T00:28:27.112004Z,KXBTC15M-26OCT042030-30,0.1800,321.36,yes
2026-10-05T00:28:27.112004Z,KXBTC15M-26OCT042030-30,0.1700,5.00,yes
2026-10-05T00:28:27.112004Z,KXBTC15M-26OCT042030-30,0.1600,1500.00,yes
2026-10-05T00:28:27.112004Z,KXBTC15M-26OCT042030-30,0.1700,64.00,yes
2026-10-05T00:28:27.112004Z,KXBTC15M-26OCT042030-30,0.1600,26.85,yes
2026-10-05T00:28:27.112004Z,KXBTC15M-26OCT042030-30,0.1600,400.00,yes
2026-10-05T00:28:27.112004Z,KXBTC15M-26OCT042030-30,0.1700,26.85,yes
2026-10-05T00:28:27.112004Z,KXBTC15M-26OCT042030-30,0.1600,22.00,yes
2026-10-05T00:28:27.114356Z,KXBTC15M-26OCT042030-30,0.1500,66.00,no
2026-10-05T00:28:27.114356Z,KXBTC15M-26OCT042030-30,0.1500,58.99,no
2026-10-05T00:28:27.117228Z,KXBTC15M-26OCT042030-30,0.1600,169.03,no
2026-10-05T00:28:27.122833Z,KXBTC15M-26OCT042030-30,0.1700,12.00,yes
2026-10-05T00:28:27.123785Z,KXBTC15M-26OCT042030-30,0.1600,143.00,no
2026-10-05T00:28:27.131993Z,KXBTC15M-26OCT042030-30,0.1600,14.64,no
2026-10-05T00:28:27.136341Z,KXBTC15M-26OCT042030-30,0.1700,2.12,yes
2026-10-05T00:28:27.141099Z,KXBTC15M-26OCT042030-30,0.1700,6.02,yes
2026-10-05T00:28:27.141099Z,KXBTC15M-26OCT042030-30,0.1700,28.00,yes
2026-10-05T00:28:27.141099Z,KXBTC15M-26OCT042030-30,0.1700,6.02,yes
2026-10-05T00:28:27.141099Z,KXBTC15M-26OCT042030-30,0.1700,44.85,yes
2026-10-05T00:28:27.141099Z,KXBTC15M-26OCT042030-30,0.1700,3.90,yes
2026-10-05T00:28:27.148934Z,KXBTC15M-26OCT042030-30,0.1600,128.00,no
2026-10-05T00:28:27.156041Z,KXBTC15M-26OCT042030-30,0.1700,0.01,yes
2026-10-05T00:28:27.184447Z,KXBTC15M-26OCT042030-30,0.1600,1.12,no
2026-10-05T00:28:27.186673Z,KXBTC15M-26OCT042030-30,0.1600,836.00,no
2026-10-05T00:28:27.191749Z,KXBTC15M-26OCT042030-30,0.1700,52.57,yes
2026-10-05T00:28:27.205232Z,KXBTC15M-26OCT042030-30,0.1700,5.21,yes
2026-10-05T00:28:27.206329Z,KXBTC15M-26OCT042030-30,0.1600,0.01,no
2026-10-05T00:28:27.206329Z,KXBTC15M-26OCT042030-30,0.1600,0.01,no
2026-10-05T00:28:27.206329Z,KXBTC15M-26OCT042030-30,0.1600,0.97,no
2026-10-05T00:28:27.206329Z,KXBTC15M-26OCT042030-30,0.1600,0.01,no
2026-10-05T00:28:27.222238Z,KXBTC15M-26OCT042030-30,0.1500,96.78,no
2026-10-05T00:28:27.222238Z,KXBTC15M-26OCT042030-30,0.1500,0.01,no
2026-10-05T00:28:27.222238Z,KXBTC15M-26OCT042030-30,0.1600,2.85,no
2026-10-05T00:28:27.222238Z,KXBTC15M-26OCT042030-30,0.1500,13.01,no
2026-10-05T00:28:27.222238Z,KXBTC15M-26OCT042030-30,0.1600,0.01,no
2026-10-05T00:28:27.222238Z,KXBTC15M-26OCT042030-30,0.1600,0.01,no
2026-10-05T00:28:27.222238Z,KXBTC15M-26OCT042030-30,0.1500,0.01,no
2026-10-05T00:28:27.23851Z,KXBTC15M-26OCT042030-30,0.1700,13.99,yes
2026-10-05T00:28:27.246066Z,KXBTC15M-26OCT042030-30,0.1700,331.49,yes
2026-10-05T00:28:27.25461Z,KXBTC15M-26OCT042030-30,0.1200,533.95,no
2026-10-05T00:28:27.25461Z,KXBTC15M-26OCT042030-30,0.1200,500.00,no
2026-10-05T00:28:27.25461Z,KXBTC15M-26OCT042030-30,0.1200,337.29,no
2026-10-05T00:28:27.25461Z,KXBTC15M-26OCT042030-30,0.1200,98.00,no
2026-10-05T00:28:27.25461Z,KXBTC15M-26OCT042030-30,0.1500,47.00,no
2026-10-05T00:28:27.25461Z,KXBTC15M-26OCT042030-30,0.1200,15.00,no
2026-10-05T00:28:27.25461Z,KXBTC15M-26OCT042030-30,0.1600,0.01,no
2026-10-05T00:28:27.25461Z,KXBTC15M-26OCT042030-30,0.1200,93.75,no
2026-10-05T00:28:27.25461Z,KXBTC15M-26OCT042030-30,0.1300,15.00,no
2026-10-05T00:28:27.25461Z,KXBTC15M-26OCT042030-30,0.1200,64.00,no
2026-10-05T00:28:27.25461Z,KXBTC15M-26OCT042030-30,0.1200,93.75,no
2026-10-05T00:28:27.25461Z,KXBTC15M-26OCT042030-30,0.1400,500.00,no
2026-10-05T00:28:27.25461Z,KXBTC15M-26OCT042030-30,0.1300,500.00,no
2026-10-05T00:28:27.25461Z,KXBTC15M-26OCT042030-30,0.1300,15.00,no
2026-10-05T00:28:27.25461Z,KXBTC15M-26OCT042030-30,0.1600,51.00,no
2026-10-05T00:28:27.25461Z,KXBTC15M-26OCT042030-30,0.1200,64.00,no
2026-10-05T00:28:27.25461Z,KXBTC15M-26OCT042030-30,0.1600,0.01,no
2026-10-05T00:28:27.25461Z,KXBTC15M-26OCT042030-30,0.1200,15.00,no
2026-10-05T00:28:27.25461Z,KXBTC15M-26OCT042030-30,0.1300,4.00,no
2026-10-05T00:28:27.25461Z,KXBTC15M-26OCT042030-30,0.1500,0.01,no
2026-10-05T00:28:27.25461Z,KXBTC15M-26OCT042030-30,0.1600,0.01,no
2026-10-05T00:28:27.25461Z,KXBTC15M-26OCT042030-30,0.1500,403.22,no
2026-10-05T00:28:27.289958Z,KXBTC15M-26OCT042030-30,0.1400,0.01,no
2026-10-05T00:28:27.289958Z,KXBTC15M-26OCT042030-30,0.1400,0.01,no
2026-10-05T00:28:27.289958Z,KXBTC15M-26OCT042030-30,0.1400,54.98,no
2026-10-05T00:28:27.294309Z,KXBTC15M-26OCT042030-30,0.1500,382.67,yes
2026-10-05T00:28:27.303107Z,KXBTC15M-26OCT042030-30,0.1400,1.00,no
2026-10-05T00:28:27.325691Z,KXBTC15M-26OCT042030-30,0.1400,28.00,no
2026-10-05T00:28:27.331575Z,KXBTC15M-26OCT042030-30,0.1400,0.01,no
2026-10-05T00:28:27.331575Z,KXBTC15M-26OCT042030-30,0.1400,0.01,no
2026-10-05T00:28:27.331575Z,KXBTC15M-26OCT042030-30,0.1300,1.61,no
2026-10-05T00:28:27.331575Z,KXBTC15M-26OCT042030-30,0.1400,16.02,no
2026-10-05T00:28:27.38006Z,KXBTC15M-26OCT042030-30,0.1500,0.01,yes
2026-10-05T00:28:27.394317Z,KXBTC15M-26OCT042030-30,0.1500,2.23,yes
2026-10-05T00:28:27.422399Z,KXBTC15M-26OCT042030-30,0.1400,9.37,no
2026-10-05T00:28:27.426225Z,KXBTC15M-26OCT042030-30,0.1400,0.01,no
2026-10-05T00:28:27.426225Z,KXBTC15M-26OCT042030-30,0.1400,0.01,no
2026-10-05T00:28:27.426225Z,KXBTC15M-26OCT042030-30,0.1300,66.59,no
2026-10-05T00:28:27.426225Z,KXBTC15M-26OCT042030-30,0.1400,41.63,no
2026-10-05T00:28:27.426225Z,KXBTC15M-26OCT042030-30,0.1400,100.00,no
2026-10-05T00:28:27.462861Z,KXBTC15M-26OCT042030-30,0.1400,0.05,no
2026-10-05T00:28:27.462861Z,KXBTC15M-26OCT042030-30,0.1400,70.27,no
2026-10-05T00:28:27.462861Z,KXBTC15M-26OCT042030-30,0.1400,4.66,no
2026-10-05T00:28:27.462861Z,KXBTC15M-26OCT042030-30,0.1400,0.01,no
2026-10-05T00:28:27.462861Z,KXBTC15M-26OCT042030-30,0.1400,0.01,no
2026-10-05T00:28:27.501795Z,KXBTC15M-26OCT042030-30,0.1500,9.85,yes
2026-10-05T00:28:27.504736Z,KXBTC15M-26OCT042030-30,0.1500,5.55,yes
2026-10-05T00:28:27.507945Z,KXBTC15M-26OCT042030-30,0.1300,236.14,no
2026-10-05T00:28:27.507945Z,KXBTC15M-26OCT042030-30,0.1400,0.01,no
2026-10-05T00:28:27.507945Z,KXBTC15M-26OCT042030-30,0.1400,0.01,no
2026-10-05T00:28:27.524559Z,KXBTC15M-26OCT042030-30,0.1300,58.29,no
2026-10-05T00:28:27.524559Z,KXBTC15M-26OCT042030-30,0.1400,0.01,no
2026-10-05T00:28:27.524559Z,KXBTC15M-26OCT042030-30,0.1400,51.00,no
2026-10-05T00:28:27.526176Z,KXBTC15M-26OCT042030-30,0.1300,1.99,no
2026-10-05T00:28:27.526176Z,KXBTC15M-26OCT042030-30,0.1400,0.01,no
2026-10-05T00:28:27.52813Z,KXBTC15M-26OCT042030-30,0.1300,50.00,no
2026-10-05T00:28:27.538294Z,KXBTC15M-26OCT042030-30,0.1400,0.01,no
2026-10-05T00:28:27.538294Z,KXBTC15M-26OCT042030-30,0.1400,0.01,no
2026-10-05T00:28:27.550856Z,KXBTC15M-26OCT042030-30,0.1300,1.00,no
2026-10-05T00:28:27.550883Z,KXBTC15M-26OCT042030-30,0.1400,24.44,yes
2026-10-05T00:28:27.583018Z,KXBTC15M-26OCT042030-30,0.1400,15.38,yes
2026-10-05T00:28:27.587909Z,KXBTC15M-26OCT042030-30,0.1300,8.00,no
2026-10-05T00:28:27.592252Z,KXBTC15M-26OCT042030-30,0.1400,27.79,yes
2026-10-05T00:28:27.600821Z,KXBTC15M-26OCT042030-30,0.1400,0.01,yes
2026-10-05T00:28:27.600821Z,KXBTC15M-26OCT042030-30,0.1400,5.66,yes
2026-10-05T00:28:27.600821Z,KXBTC15M-26OCT042030-30,0.1400,16.11,yes
2026-10-05T00:28:27.600821Z,KXBTC15M-26OCT042030-30,0.1400,6.00,yes
2026-10-05T00:28:27.600821Z,KXBTC15M-26OCT042030-30,0.1400,0.01,yes
2026-10-05T00:28:27.605778Z,KXBTC15M-26OCT042030-30,0.1400,55.59,yes
2026-10-05T00:28:27.623399Z,KXBTC15M-26OCT042030-30,0.1300,23.34,no
2026-10-05T00:28:27.635966Z,KXBTC15M-26OCT042030-30,0.1400,0.16,yes
2026-10-05T00:28:27.647144Z,KXBTC15M-26OCT042030-30,0.1300,0.75,no
2026-10-05T00:28:27.672741Z,KXBTC15M-26OCT042030-30,0.1400,5.55,yes
2026-10-05T00:28:27.6748Z,KXBTC15M-26OCT042030-30,0.1300,8.00,no
2026-10-05T00:28:27.700716Z,KXBTC15M-26OCT042030-30,0.1400,12.04,yes
2026-10-05T00:28:27.740182Z,KXBTC15M-26OCT042030-30,0.1300,5.71,no
2026-10-05T00:28:27.740182Z,KXBTC15M-26OCT042030-30,0.1300,44.29,no
2026-10-05T00:28:27.761701Z,KXBTC15M-26OCT042030-30,0.1400,27.79,yes
2026-10-05T00:28:27.779429Z,KXBTC15M-26OCT042030-30,0.1400,15.04,yes
2026-10-05T00:28:27.779429Z,KXBTC15M-26OCT042030-30,0.1400,124.87,yes
2026-10-05T00:28:27.794842Z,KXBTC15M-26OCT042030-30,0.1400,31.46,yes
2026-10-05T00:28:27.821057Z,KXBTC15M-26OCT042030-30,0.1300,26.88,no
2026-10-05T00:28:27.838724Z,KXBTC15M-26OCT042030-30,0.1300,1.38,no
2026-10-05T00:28:27.843156Z,KXBTC15M-26OCT042030-30,0.1300,61.28,no
2026-10-05T00:28:27.843674Z,KXBTC15M-26OCT042030-30,0.1300,0.05,no
2026-10-05T00:28:27.843674Z,KXBTC15M-26OCT042030-30,0.1300,0.01,no
2026-10-05T00:28:27.843674Z,KXBTC15M-26OCT042030-30,0.1300,1.75,no
2026-10-05T00:28:27.843674Z,KXBTC15M-26OCT042030-30,0.1300,0.01,no
2026-10-05T00:28:27.843674Z,KXBTC15M-26OCT042030-30,0.1300,18.18,no
2026-10-05T00:28:27.870192Z,KXBTC15M-26OCT042030-30,0.1300,3.00,no
2026-10-05T00:28:27.872477Z,KXBTC15M-26OCT042030-30,0.1300,10.00,no
2026-10-05T00:28:27.88681Z,KXBTC15M-26OCT042030-30,0.1400,31.46,yes
2026-10-05T00:28:27.887079Z,KXBTC15M-26OCT042030-30,0.1300,14.83,no
2026-10-05T00:28:27.893714Z,KXBTC15M-26OCT042030-30,0.1300,5.63,no
2026-10-05T00:28:27.900442Z,KXBTC15M-26OCT042030-30,0.1300,130.36,no
2026-10-05T00:28:27.900442Z,KXBTC15M-26OCT042030-30,0.1300,38.78,no
2026-10-05T00:28:27.913856Z,KXBTC15M-26OCT042030-30,0.1400,22.23,yes
2026-10-05T00:28:27.914237Z,KXBTC15M-26OCT042030-30,0.1400,31.46,yes
2026-10-05T00:28:27.992047Z,KXBTC15M-26OCT042030-30,0.1400,13.34,yes
2026-10-05T00:28:28.045944Z,KXBTC15M-26OCT042030-30,0.1400,33.68,yes
2026-10-05T00:28:28.04774Z,KXBTC15M-26OCT042030-30,0.1300,60.00,no
2026-10-05T00:28:28.060446Z,KXBTC15M-26OCT042030-30,0.1400,33.68,yes
2026-10-05T00:28:28.063577Z,KXBTC15M-26OCT042030-30,0.1300,2.65,no
2026-10-05T00:28:28.08188Z,KXBTC15M-26OCT042030-30,0.1400,30.03,yes
2026-10-05T00:28:28.08188Z,KXBTC15M-26OCT042030-30,0.1400,3.65,yes
2026-10-05T00:28:28.086469Z,KXBTC15M-26OCT042030-30,0.1400,6.18,yes
2026-10-05T00:28:28.136333Z,KXBTC15M-26OCT042030-30,0.1400,34.34,yes
2026-10-05T00:28:28.136333Z,KXBTC15M-26OCT042030-30,0.1400,38.79,yes
2026-10-05T00:28:28.137698Z,KXBTC15M-26OCT042030-30,0.1400,13.47,yes
2026-10-05T00:28:28.138377Z,KXBTC15M-26OCT042030-30,0.1400,18.54,yes
2026-10-05T00:28:28.159564Z,KXBTC15M-26OCT042030-30,0.1400,81.32,yes
2026-10-05T00:28:28.167196Z,KXBTC15M-26OCT042030-30,0.1400,22.23,yes
2026-10-05T00:28:28.20485Z,KXBTC15M-26OCT042030-30,0.1300,300.00,no
2026-10-05T00:28:28.212914Z,KXBTC15M-26OCT042030-30,0.1400,33.68,yes
2026-10-05T00:28:28.221616Z,KXBTC15M-26OCT042030-30,0.1400,9.66,yes
2026-10-05T00:28:28.23208Z,KXBTC15M-26OCT042030-30,0.1400,38.68,yes
2026-10-05T00:28:28.269344Z,KXBTC15M-26OCT042030-30,0.1300,592.08,no
2026-10-05T00:28:28.275941Z,KXBTC15M-26OCT042030-30,0.1300,49.73,no
2026-10-05T00:28:28.275941Z,KXBTC15M-26OCT042030-30,0.1300,0.01,no
2026-10-05T00:28:28.275941Z,KXBTC15M-26OCT042030-30,0.1300,0.05,no
2026-10-05T00:28:28.275941Z,KXBTC15M-26OCT042030-30,0.1300,0.01,no
2026-10-05T00:28:28.296792Z,KXBTC15M-26OCT042030-30,0.1400,134.74,yes
2026-10-05T00:28:28.325387Z,KXBTC15M-26OCT042030-30,0.1400,13.34,yes
2026-10-05T00:28:28.325387Z,KXBTC15M-26OCT042030-30,0.1400,7.18,yes
2026-10-05T00:28:28.325387Z,KXBTC15M-26OCT042030-30,0.1400,0.01,yes
2026-10-05T00:28:28.325387Z,KXBTC15M-26OCT042030-30,0.1400,1.00,yes
2026-10-05T00:28:28.325387Z,KXBTC15M-26OCT042030-30,0.1400,0.01,yes
2026-10-05T00:28:28.331659Z,KXBTC15M-26OCT042030-30,0.1300,0.12,no
2026-10-05T00:28:28.349091Z,KXBTC15M-26OCT042030-30,0.1400,13.06,yes
2026-10-05T00:28:28.351473Z,KXBTC15M-26OCT042030-30,0.1400,7.09,yes
2026-10-05T00:28:28.362926Z,KXBTC15M-26OCT042030-30,0.1300,27.00,no
2026-10-05T00:28:28.368711Z,KXBTC15M-26OCT042030-30,0.1400,25.74,yes
2026-10-05T00:28:28.389669Z,KXBTC15M-26OCT042030-30,0.1300,20.15,no
2026-10-05T00:28:28.389669Z,KXBTC15M-26OCT042030-30,0.1300,1.25,no
2026-10-05T00:28:28.389669Z,KXBTC15M-26OCT042030-30,0.1300,131.23,no
2026-10-05T00:28:28.391461Z,KXBTC15M-26OCT042030-30,0.1300,175.00,no
2026-10-05T00:28:28.391593Z,KXBTC15M-26OCT042030-30,0.1300,5.68,no
2026-10-05T00:28:28.41183Z,KXBTC15M-26OCT042030-30,0.1400,20.17,yes
2026-10-05T00:28:28.471815Z,KXBTC15M-26OCT042030-30,0.1300,6.31,no
2026-10-05T00:28:28.474159Z,KXBTC15M-26OCT042030-30,0.1400,6.33,yes
2026-10-05T00:28:28.474159Z,KXBTC15M-26OCT042030-30,0.1400,236.76,yes
2026-10-05T00:28:28.474832Z,KXBTC15M-26OCT042030-30,0.1300,0.01,no
2026-10-05T00:28:28.474832Z,KXBTC15M-26OCT042030-30,0.1300,0.05,no
2026-10-05T00:28:28.474832Z,KXBTC15M-26OCT042030-30,0.1300,100.00,no
2026-10-05T00:28:28.474832Z,KXBTC15M-26OCT042030-30,0.1300,113.01,no
2026-10-05T00:28:28.474832Z,KXBTC15M-26OCT042030-30,0.1200,402.92,no
2026-10-05T00:28:28.474832Z,KXBTC15M-26OCT042030-30,0.1300,0.01,no
2026-10-05T00:28:28.474832Z,KXBTC15M-26OCT042030-30,0.1200,500.00,no
2026-10-05T00:28:28.477136Z,KXBTC15M-26OCT042030-30,0.1400,1.18,yes
2026-10-05T00:28:28.479464Z,KXBTC15M-26OCT042030-30,0.1300,31.00,yes
2026-10-05T00:28:28.493379Z,KXBTC15M-26OCT042030-30,0.1300,19.00,yes
2026-10-05T00:28:28.499884Z,KXBTC15M-26OCT042030-30,0.1200,52.36,no
2026-10-05T00:28:28.512604Z,KXBTC15M-26OCT042030-30,0.1200,344.72,no
2026-10-05T00:28:28.512604Z,KXBTC15M-26OCT042030-30,0.1200,97.00,no
2026-10-05T00:28:28.512604Z,KXBTC15M-26OCT042030-30,0.1200,0.01,no
2026-10-05T00:28:28.512604Z,KXBTC15M-26OCT042030-30,0.1200,1.22,no
2026-10-05T00:28:28.512604Z,KXBTC15M-26OCT042030-30,0.1200,12.05,no
2026-10-05T00:28:28.51652Z,KXBTC15M-26OCT042030-30,0.1200,8.94,no
2026-10-05T00:28:28.521276Z,KXBTC15M-26OCT042030-30,0.1300,30.77,yes
2026-10-05T00:28:28.535396Z,KXBTC15M-26OCT042030-30,0.1200,36.00,no
2026-10-05T00:28:28.53851Z,KXBTC15M-26OCT042030-30,0.1300,5.91,yes
2026-10-05T00:28:28.54891Z,KXBTC15M-26OCT042030-30,0.1300,67.37,yes
2026-10-05T00:28:28.555663Z,KXBTC15M-26OCT042030-30,0.1300,33.68,yes
2026-10-05T00:28:28.594847Z,KXBTC15M-26OCT042030-30,0.1300,13.47,yes
2026-10-05T00:28:28.621541Z,KXBTC15M-26OCT042030-30,0.1300,33.68,yes
2026-10-05T00:28:28.633366Z,KXBTC15M-26OCT042030-30,0.1200,12.00,no
2026-10-05T00:28:28.643022Z,KXBTC15M-26OCT042030-30,0.1300,343.00,yes
2026-10-05T00:28:28.664574Z,KXBTC15M-26OCT042030-30,0.1300,336.86,yes
2026-10-05T00:28:28.677484Z,KXBTC15M-26OCT042030-30,0.1200,38.62,no
2026-10-05T00:28:28.697742Z,KXBTC15M-26OCT042030-30,0.1300,2.42,yes
2026-10-05T00:28:28.698617Z,KXBTC15M-26OCT042030-30,0.1300,6.73,yes
2026-10-05T00:28:28.701261Z,KXBTC15M-26OCT042030-30,0.1300,10.69,yes
2026-10-05T00:28:28.714635Z,KXBTC15M-26OCT042030-30,0.1300,40.42,yes
2026-10-05T00:28:28.716912Z,KXBTC15M-26OCT042030-30,0.1200,117.72,no
2026-10-05T00:28:28.719958Z,KXBTC15M-26OCT042030-30,0.1200,5.57,no
2026-10-05T00:28:28.738631Z,KXBTC15M-26OCT042030-30,0.1300,0.01,yes
2026-10-05T00:28:28.738631Z,KXBTC15M-26OCT042030-30,0.1300,7.48,yes
2026-10-05T00:28:28.738631Z,KXBTC15M-26OCT042030-30,0.1300,0.01,yes
2026-10-05T00:28:28.744331Z,KXBTC15M-26OCT042030-30,0.1300,21.57,yes
2026-10-05T00:28:28.748216Z,KXBTC15M-26OCT042030-30,0.1300,4.00,yes
2026-10-05T00:28:28.753119Z,KXBTC15M-26OCT042030-30,0.1200,3.23,no
2026-10-05T00:28:28.782034Z,KXBTC15M-26OCT042030-30,0.1200,32.36,no
2026-10-05T00:28:28.790446Z,KXBTC15M-26OCT042030-30,0.1300,13.47,yes
2026-10-05T00:28:28.791719Z,KXBTC15M-26OCT042030-30,0.1200,55.54,no
2026-10-05T00:28:28.795244Z,KXBTC15M-26OCT042030-30,0.1300,7.62,yes
2026-10-05T00:28:28.811363Z,KXBTC15M-26OCT042030-30,0.1300,7.25,yes
2026-10-05T00:28:28.812997Z,KXBTC15M-26OCT042030-30,0.1200,235.53,no
2026-10-05T00:28:28.814658Z,KXBTC15M-26OCT042030-30,0.1400,113.70,yes
2026-10-05T00:28:28.814658Z,KXBTC15M-26OCT042030-30,0.1300,0.01,yes
2026-10-05T00:28:28.814658Z,KXBTC15M-26OCT042030-30,0.1300,2.00,yes
2026-10-05T00:28:28.814658Z,KXBTC15M-26OCT042030-30,0.1400,12.89,yes
2026-10-05T00:28:28.814658Z,KXBTC15M-26OCT042030-30,0.1300,64.00,yes
2026-10-05T00:28:28.814658Z,KXBTC15M-26OCT042030-30,0.1300,22.00,yes
2026-10-05T00:28:28.814658Z,KXBTC15M-26OCT042030-30,0.1300,0.01,yes
2026-10-05T00:28:28.814658Z,KXBTC15M-26OCT042030-30,0.1300,74.61,yes
2026-10-05T00:28:28.814658Z,KXBTC15M-26OCT042030-30,0.1300,98.00,yes
2026-10-05T00:28:28.814658Z,KXBTC15M-26OCT042030-30,0.1300,1.00,yes
2026-10-05T00:28:28.814658Z,KXBTC15M-26OCT042030-30,0.1400,50.00,yes
2026-10-05T00:28:28.814658Z,KXBTC15M-26OCT042030-30,0.1300,50.00,yes
2026-10-05T00:28:28.814658Z,KXBTC15M-26OCT042030-30,0.1400,3.78,yes
2026-10-05T00:28:28.814658Z,KXBTC15M-26OCT042030-30,0.1300,54.00,yes
2026-10-05T00:28:28.853Z,KXBTC15M-26OCT042030-30,0.1300,2.27,no
2026-10-05T00:28:28.860171Z,KXBTC15M-26OCT042030-30,0.1400,4.31,yes
2026-10-05T00:28:28.870316Z,KXBTC15M-26OCT042030-30,0.1300,10.23,no
2026-10-05T00:28:28.870316Z,KXBTC15M-26OCT042030-30,0.1300,0.02,no
2026-10-05T00:28:28.877198Z,KXBTC15M-26OCT042030-30,0.1400,33.68,yes
2026-10-05T00:28:28.88033Z,KXBTC15M-26OCT042030-30,0.1400,5.99,yes
2026-10-05T00:28:28.881037Z,KXBTC15M-26OCT042030-30,0.1400,20.24,yes
2026-10-05T00:28:28.881037Z,KXBTC15M-26OCT042030-30,0.1400,6.30,yes
2026-10-05T00:28:28.916934Z,KXBTC15M-26OCT042030-30,0.1400,8.33,yes
2026-10-05T00:28:28.935785Z,KXBTC15M-26OCT042030-30,0.1400,2.62,yes
2026-10-05T00:28:28.943756Z,KXBTC15M-26OCT042030-30,0.1400,12.00,yes
2026-10-05T00:28:28.992433Z,KXBTC15M-26OCT042030-30,0.1300,1.12,no
2026-10-05T00:28:29.009988Z,KXBTC15M-26OCT042030-30,0.1400,9.35,yes
2026-10-05T00:28:29.013537Z,KXBTC15M-26OCT042030-30,0.1300,1.12,no
2026-10-05T00:28:29.045136Z,KXBTC15M-26OCT042030-30,0.1400,6.73,yes
2026-10-05T00:28:29.078837Z,KXBTC15M-26OCT042030-30,0.1400,98.43,yes
2026-10-05T00:28:29.081488Z,KXBTC15M-26OCT042030-30,0.1300,5.63,no
2026-10-05T00:28:29.095751Z,KXBTC15M-26OCT042030-30,0.1300,30.55,no
2026-10-05T00:28:29.095751Z,KXBTC15M-26OCT042030-30,0.1300,2.11,no
2026-10-05T00:28:29.098665Z,KXBTC15M-26OCT042030-30,0.1300,2.00,no
2026-10-05T00:28:29.148571Z,KXBTC15M-26OCT042030-30,0.1300,0.01,no
2026-10-05T00:28:29.148571Z,KXBTC15M-26OCT042030-30,0.1300,65.45,no
2026-10-05T00:28:29.148571Z,KXBTC15M-26OCT042030-30,0.1300,5.16,no
2026-10-05T00:28:29.20805Z,KXBTC15M-26OCT042030-30,0.1400,12.01,yes
2026-10-05T00:28:29.250564Z,KXBTC15M-26OCT042030-30,0.1400,85.00,yes
2026-10-05T00:28:29.253487Z,KXBTC15M-26OCT042030-30,0.1300,1.00,no
2026-10-05T00:28:29.274034Z,KXBTC15M-26OCT042030-30,0.1300,50.79,no
2026-10-05T00:28:29.274034Z,KXBTC15M-26OCT042030-30,0.1300,0.01,no
2026-10-05T00:28:29.274034Z,KXBTC15M-26OCT042030-30,0.1300,93.84,no
2026-10-05T00:28:29.283842Z,KXBTC15M-26OCT042030-30,0.1300,16.87,no
2026-10-05T00:28:29.310994Z,KXBTC15M-26OCT042030-30,0.1400,50.00,yes
2026-10-05T00:28:29.343261Z,KXBTC15M-26OCT042030-30,0.1300,0.05,no
2026-10-05T00:28:29.360211Z,KXBTC15M-26OCT042030-30,0.1300,130.99,no
2026-10-05T00:28:29.365646Z,KXBTC15M-26OCT042030-30,0.1300,1.39,no
2026-10-05T00:28:29.376923Z,KXBTC15M-26OCT042030-30,0.1300,500.00,no
2026-10-05T00:28:29.408653Z,KXBTC15M-26OCT042030-30,0.1300,0.05,no
2026-10-05T00:28:29.408653Z,KXBTC15M-26OCT042030-30,0.1300,6.00,no
2026-10-05T00:28:29.408653Z,KXBTC15M-26OCT042030-30,0.1300,0.01,no
2026-10-05T00:28:29.408653Z,KXBTC15M-26OCT042030-30,0.1300,27.94,no
2026-10-05T00:28:29.408653Z,KXBTC15M-26OCT042030-30,0.1300,7.00,no
2026-10-05T00:28:29.411401Z,KXBTC15M-26OCT042030-30,0.1300,11.00,no
2026-10-05T00:28:29.437371Z,KXBTC15M-26OCT042030-30,0.1400,33.68,yes
2026-10-05T00:28:29.437989Z,KXBTC15M-26OCT042030-30,0.1400,134.74,yes
2026-10-05T00:28:29.456451Z,KXBTC15M-26OCT042030-30,0.1400,3.36,yes
2026-10-05T00:28:29.470661Z,KXBTC15M-26OCT042030-30,0.1400,31.44,yes
2026-10-05T00:28:29.478654Z,KXBTC15M-26OCT042030-30,0.1400,134.74,yes
2026-10-05T00:28:29.493225Z,KXBTC15M-26OCT042030-30,0.1300,0.01,no
2026-10-05T00:28:29.493225Z,KXBTC15M-26OCT042030-30,0.1300,0.01,no
2026-10-05T00:28:29.493225Z,KXBTC15M-26OCT042030-30,0.1300,11.98,no
2026-10-05T00:28:29.498133Z,KXBTC15M-26OCT042030-30,0.1300,113.90,no
2026-10-05T00:28:29.505502Z,KXBTC15M-26OCT042030-30,0.1400,23.49,yes
2026-10-05T00:28:29.508815Z,KXBTC15M-26OCT042030-30,0.1400,0.67,yes
2026-10-05T00:28:29.512503Z,KXBTC15M-26OCT042030-30,0.1200,65.18,no
2026-10-05T00:28:29.512503Z,KXBTC15M-26OCT042030-30,0.1300,0.01,no
2026-10-05T00:28:29.512503Z,KXBTC15M-26OCT042030-30,0.1300,0.05,no
2026-10-05T00:28:29.512503Z,KXBTC15M-26OCT042030-30,0.1300,0.01,no
2026-10-05T00:28:29.514363Z,KXBTC15M-26OCT042030-30,0.1400,3.90,yes
2026-10-05T00:28:29.527234Z,KXBTC15M-26OCT042030-30,0.1300,12.50,yes
2026-10-05T00:28:29.527234Z,KXBTC15M-26OCT042030-30,0.1300,122.24,yes
2026-10-05T00:28:29.533388Z,KXBTC15M-26OCT042030-30,0.1300,6.09,yes
2026-10-05T00:28:29.534789Z,KXBTC15M-26OCT042030-30,0.1200,17.85,no
2026-10-05T00:28:29.536008Z,KXBTC15M-26OCT042030-30,0.1300,6.73,yes
2026-10-05T00:28:29.541338Z,KXBTC15M-26OCT042030-30,0.1300,1.34,yes
2026-10-05T00:28:29.553557Z,KXBTC15M-26OCT042030-30,0.1200,2.21,no
2026-10-05T00:28:29.559578Z,KXBTC15M-26OCT042030-30,0.1300,13.47,yes
2026-10-05T00:28:29.597822Z,KXBTC15M-26OCT042030-30,0.1200,12.76,no
2026-10-05T00:28:29.597822Z,KXBTC15M-26OCT042030-30,0.1200,42.04,no
2026-10-05T00:28:29.600011Z,KXBTC15M-26OCT042030-30,0.1200,10.54,no
2026-10-05T00:28:29.603243Z,KXBTC15M-26OCT042030-30,0.1200,1.35,no
2026-10-05T00:28:29.612969Z,KXBTC15M-26OCT042030-30,0.1300,0.20,yes
2026-10-05T00:28:29.621409Z,KXBTC15M-26OCT042030-30,0.1300,34.69,yes
2026-10-05T00:28:29.649573Z,KXBTC15M-26OCT042030-30,0.1300,14.62,yes
2026-10-05T00:28:29.676626Z,KXBTC15M-26OCT042030-30,0.1200,5.57,no
2026-10-05T00:28:29.68756Z,KXBTC15M-26OCT042030-30,0.1200,112.00,no
2026-10-05T00:28:29.69943Z,KXBTC15M-26OCT042030-30,0.1300,49.80,yes
2026-10-05T00:28:29.700235Z,KXBTC15M-26OCT042030-30,0.1300,33.68,yes
2026-10-05T00:28:29.749842Z,KXBTC15M-26OCT042030-30,0.1300,7.29,yes
2026-10-05T00:28:29.763796Z,KXBTC15M-26OCT042030-30,0.1200,507.10,no
2026-10-05T00:28:29.769459Z,KXBTC15M-26OCT042030-30,0.1200,2.22,no
2026-10-05T00:28:29.804334Z,KXBTC15M-26OCT042030-30,0.1300,3.36,yes
2026-10-05T00:28:29.812919Z,KXBTC15M-26OCT042030-30,0.1300,23.67,yes
2026-10-05T00:28:29.82532Z,KXBTC15M-26OCT042030-30,0.1200,1.10,no
2026-10-05T00:28:29.826339Z,KXBTC15M-26OCT042030-30,0.1200,55.81,no
2026-10-05T00:28:29.831149Z,KXBTC15M-26OCT042030-30,0.1300,0.54,yes
2026-10-05T00:28:29.860731Z,KXBTC15M-26OCT042030-30,0.1200,338.06,no
2026-10-05T00:28:29.863621Z,KXBTC15M-26OCT042030-30,0.1300,7.25,yes
2026-10-05T00:28:29.887341Z,KXBTC15M-26OCT042030-30,0.1300,37.83,yes
2026-10-05T00:28:29.896091Z,KXBTC15M-26OCT042030-30,0.1200,11.16,no
2026-10-05T00:28:29.925388Z,KXBTC15M-26OCT042030-30,0.1200,5.63,no
2026-10-05T00:28:29.934996Z,KXBTC15M-26OCT042030-30,0.1200,11.15,no
2026-10-05T00:28:29.950694Z,KXBTC15M-26OCT042030-30,0.1300,12.32,yes
2026-10-05T00:28:29.951785Z,KXBTC15M-26OCT042030-30,0.1200,54.09,no
2026-10-05T00:28:29.962296Z,KXBTC15M-26OCT042030-30,0.1200,18.97,no
2026-10-05T00:28:29.965772Z,KXBTC15M-26OCT042030-30,0.1300,7.25,yes
2026-10-05T00:28:29.968147Z,KXBTC15M-26OCT042030-30,0.1200,31.55,no
2026-10-05T00:28:29.978416Z,KXBTC15M-26OCT042030-30,0.1300,281.00,yes
2026-10-05T00:28:29.999253Z,KXBTC15M-26OCT042030-30,0.1200,1.21,no
2026-10-05T00:28:29.999253Z,KXBTC15M-26OCT042030-30,0.1200,1.25,no
2026-10-05T00:28:29.999253Z,KXBTC15M-26OCT042030-30,0.1200,1.00,no
2026-10-05T00:28:30.004776Z,KXBTC15M-26OCT042030-30,0.1200,1.42,no
2026-10-05T00:28:30.011517Z,KXBTC15M-26OCT042030-30,0.1300,15.58,yes
2026-10-05T00:28:30.02488Z,KXBTC15M-26OCT042030-30,0.1200,90.00,no
2026-10-05T00:28:30.026335Z,KXBTC15M-26OCT042030-30,0.1300,119.06,yes
2026-10-05T00:28:30.043906Z,KXBTC15M-26OCT042030-30,0.1300,0.01,yes
2026-10-05T00:28:30.043906Z,KXBTC15M-26OCT042030-30,0.1300,7.87,yes
2026-10-05T00:28:30.043906Z,KXBTC15M-26OCT042030-30,0.1300,0.01,yes
2026-10-05T00:28:30.043906Z,KXBTC15M-26OCT042030-30,0.1300,1.99,yes
2026-10-05T00:28:30.052269Z,KXBTC15M-26OCT042030-30,0.1300,7.25,yes
2026-10-05T00:28:30.078435Z,KXBTC15M-26OCT042030-30,0.1300,14.62,yes
2026-10-05T00:28:30.096559Z,KXBTC15M-26OCT042030-30,0.1300,126.26,yes
2026-10-05T00:28:30.096559Z,KXBTC15M-26OCT042030-30,0.1300,226.10,yes
2026-10-05T00:28:30.104248Z,KXBTC15M-26OCT042030-30,0.1200,7.22,no
2026-10-05T00:28:30.120715Z,KXBTC15M-26OCT042030-30,0.1200,4.00,no
2026-10-05T00:28:30.132712Z,KXBTC15M-26OCT042030-30,0.1200,296.36,no
2026-10-05T00:28:30.132712Z,KXBTC15M-26OCT042030-30,0.1200,354.04,no
2026-10-05T00:28:30.132712Z,KXBTC15M-26OCT042030-30,0.1200,100.00,no
2026-10-05T00:28:30.132712Z,KXBTC15M-26OCT042030-30,0.1200,0.01,no
2026-10-05T00:28:30.132712Z,KXBTC15M-26OCT042030-30,0.1200,0.01,no
2026-10-05T00:28:30.132712Z,KXBTC15M-26OCT042030-30,0.1200,0.05,no
2026-10-05T00:28:30.132712Z,KXBTC15M-26OCT042030-30,0.1200,0.01,no
2026-10-05T00:28:30.132712Z,KXBTC15M-26OCT042030-30,0.1200,19.24,no
2026-10-05T00:28:30.171713Z,KXBTC15M-26OCT042030-30,0.1300,7.70,yes
2026-10-05T00:28:30.236446Z,KXBTC15M-26OCT042030-30,0.1300,0.01,yes
2026-10-05T00:28:30.236446Z,KXBTC15M-26OCT042030-30,0.1300,16.54,yes
2026-10-05T00:28:30.236446Z,KXBTC15M-26OCT042030-30,0.1300,166.20,yes
2026-10-05T00:28:30.245908Z,KXBTC15M-26OCT042030-30,0.1300,1.04,yes
2026-10-05T00:28:30.246375Z,KXBTC15M-26OCT042030-30,0.1200,46.96,no
2026-10-05T00:28:30.283307Z,KXBTC15M-26OCT042030-30,0.1300,10.00,yes
2026-10-05T00:28:30.284541Z,KXBTC15M-26OCT042030-30,0.1200,1.12,no
2026-10-05T00:28:30.305135Z,KXBTC15M-26OCT042030-30,0.1200,56.00,no
2026-10-05T00:28:30.305608Z,KXBTC15M-26OCT042030-30,0.1200,111.00,no
2026-10-05T00:28:30.313753Z,KXBTC15M-26OCT042030-30,0.1200,92.75,no
2026-10-05T00:28:30.320635Z,KXBTC15M-26OCT042030-30,0.1300,10.00,yes
2026-10-05T00:28:30.320635Z,KXBTC15M-26OCT042030-30,0.1300,22.96,yes
2026-10-05T00:28:30.320635Z,KXBTC15M-26OCT042030-30,0.1300,3.29,yes
2026-10-05T00:28:30.332832Z,KXBTC15M-26OCT042030-30,0.1200,55.00,no
2026-10-05T00:28:30.337688Z,KXBTC15M-26OCT042030-30,0.1200,1.80,no
2026-10-05T00:28:30.355757Z,KXBTC15M-26OCT042030-30,0.1300,25.00,yes
2026-10-05T00:28:30.362054Z,KXBTC15M-26OCT042030-30,0.1300,7.25,yes
2026-10-05T00:28:30.373035Z,KXBTC15M-26OCT042030-30,0.1200,1.00,no
2026-10-05T00:28:30.377327Z,KXBTC15M-26OCT042030-30,0.1200,6.69,no
2026-10-05T00:28:30.381793Z,KXBTC15M-26OCT042030-30,0.1300,41.91,yes
2026-10-05T00:28:30.401692Z,KXBTC15M-26OCT042030-30,0.1300,36.25,yes
2026-10-05T00:28:30.409523Z,KXBTC15M-26OCT042030-30,0.1300,1.20,yes
2026-10-05T00:28:30.410836Z,KXBTC15M-26OCT042030-30,0.1300,21.75,yes
2026-10-05T00:28:30.416972Z,KXBTC15M-26OCT042030-30,0.1300,7.25,yes
2026-10-05T00:28:30.419365Z,KXBTC15M-26OCT042030-30,0.1300,8.00,yes
2026-10-05T00:28:30.421878Z,KXBTC15M-26OCT042030-30,0.1300,72.50,yes
2026-10-05T00:28:30.439905Z,KXBTC15M-26OCT042030-30,0.1300,111.42,yes
2026-10-05T00:28:30.473089Z,KXBTC15M-26OCT042030-30,0.1300,14.50,yes
2026-10-05T00:28:30.49263Z,KXBTC15M-26OCT042030-30,0.1300,11.50,yes
2026-10-05T00:28:30.504541Z,KXBTC15M-26OCT042030-30,0.1200,26.00,no
2026-10-05T00:28:30.527011Z,KXBTC15M-26OCT042030-30,0.1200,3.38,no
2026-10-05T00:28:30.529361Z,KXBTC15M-26OCT042030-30,0.1300,42.16,yes
2026-10-05T00:28:30.542445Z,KXBTC15M-26OCT042030-30,0.1300,36.25,yes
2026-10-05T00:28:30.544602Z,KXBTC15M-26OCT042030-30,0.1200,35.26,no
2026-10-05T00:28:30.546381Z,KXBTC15M-26OCT042030-30,0.1300,1.11,yes
2026-10-05T00:28:30.554605Z,KXBTC15M-26OCT042030-30,0.1200,2.94,no
2026-10-05T00:28:30.598753Z,KXBTC15M-26OCT042030-30,0.1300,4.74,yes
2026-10-05T00:28:30.60441Z,KXBTC15M-26OCT042030-30,0.1200,116.58,no
2026-10-05T00:28:30.604981Z,KXBTC15M-26OCT042030-30,0.1200,9.70,no
2026-10-05T00:28:30.615581Z,KXBTC15M-26OCT042030-30,0.1300,725.07,yes
2026-10-05T00:28:30.619983Z,KXBTC15M-26OCT042030-30,0.1200,6.16,no
2026-10-05T00:28:30.63405Z,KXBTC15M-26OCT042030-30,0.1300,145.01,yes
2026-10-05T00:28:30.634252Z,KXBTC15M-26OCT042030-30,0.1200,29.10,no
2026-10-05T00:28:30.644041Z,KXBTC15M-26OCT042030-30,0.1200,111.10,no
2026-10-05T00:28:30.66956Z,KXBTC15M-26OCT042030-30,0.1300,1.38,yes
2026-10-05T00:28:30.670575Z,KXBTC15M-26OCT042030-30,0.1200,22.85,no
2026-10-05T00:28:30.670575Z,KXBTC15M-26OCT042030-30,0.1200,1.25,no
2026-10-05T00:28:30.670575Z,KXBTC15M-26OCT042030-30,0.1200,87.46,no
2026-10-05T00:28:30.681856Z,KXBTC15M-26OCT042030-30,0.1200,74.15,no
2026-10-05T00:28:30.681856Z,KXBTC15M-26OCT042030-30,0.1200,103.87,no
2026-10-05T00:28:30.681856Z,KXBTC15M-26OCT042030-30,0.1200,0.01,no
2026-10-05T00:28:30.681856Z,KXBTC15M-26OCT042030-30,0.1200,0.01,no
2026-10-05T00:28:30.682799Z,KXBTC15M-26OCT042030-30,0.1300,4.62,yes
2026-10-05T00:28:30.682799Z,KXBTC15M-26OCT042030-30,0.1300,67.88,yes
2026-10-05T00:28:30.693958Z,KXBTC15M-26OCT042030-30,0.1300,1.42,yes
2026-10-05T00:28:30.694775Z,KXBTC15M-26OCT042030-30,0.1200,6.00,no
2026-10-05T00:28:30.694775Z,KXBTC15M-26OCT042030-30,0.1200,296.13,no
2026-10-05T00:28:30.694775Z,KXBTC15M-26OCT042030-30,0.1200,505.19,no
2026-10-05T00:28:30.694775Z,KXBTC15M-26OCT042030-30,0.1200,0.05,no
2026-10-05T00:28:30.694775Z,KXBTC15M-26OCT042030-30,0.1200,6.25,no
2026-10-05T00:28:30.716293Z,KXBTC15M-26OCT042030-30,0.1200,0.11,no
2026-10-05T00:28:30.716899Z,KXBTC15M-26OCT042030-30,0.1200,0.24,no
2026-10-05T00:28:30.720743Z,KXBTC15M-26OCT042030-30,0.1300,12.81,yes
2026-10-05T00:28:30.720743Z,KXBTC15M-26OCT042030-30,0.1300,21.70,yes
2026-10-05T00:28:30.72993Z,KXBTC15M-26OCT042030-30,0.1200,563.44,no
2026-10-05T00:28:30.748123Z,KXBTC15M-26OCT042030-30,0.1200,5.63,no
2026-10-05T00:28:30.761704Z,KXBTC15M-26OCT042030-30,0.1200,16.90,no
2026-10-05T00:28:30.762521Z,KXBTC15M-26OCT042030-30,0.1300,10.00,yes
2026-10-05T00:28:30.762521Z,KXBTC15M-26OCT042030-30,0.1300,9.19,yes
2026-10-05T00:28:30.762521Z,KXBTC15M-26OCT042030-30,0.1300,23.00,yes
2026-10-05T00:28:30.762521Z,KXBTC15M-26OCT042030-30,0.1300,63.66,yes
2026-10-05T00:28:30.787354Z,KXBTC15M-26OCT042030-30,0.1300,7.25,yes
2026-10-05T00:28:30.791644Z,KXBTC15M-26OCT042030-30,0.1200,5.00,no
2026-10-05T00:28:30.79591Z,KXBTC15M-26OCT042030-30,0.1300,1.16,yes
2026-10-05T00:28:30.826244Z,KXBTC15M-26OCT042030-30,0.1300,7.29,yes
2026-10-05T00:28:30.850576Z,KXBTC15M-26OCT042030-30,0.1200,111.00,no
2026-10-05T00:28:30.850795Z,KXBTC15M-26OCT042030-30,0.1300,44.79,yes
2026-10-05T00:28:30.850795Z,KXBTC15M-26OCT042030-30,0.1300,10.64,yes
2026-10-05T00:28:30.862308Z,KXBTC15M-26OCT042030-30,0.1300,50.75,yes
2026-10-05T00:28:30.863873Z,KXBTC15M-26OCT042030-30,0.1200,11.18,no
2026-10-05T00:28:30.869824Z,KXBTC15M-26OCT042030-30,0.1200,11.26,no
2026-10-05T00:28:30.878891Z,KXBTC15M-26OCT042030-30,0.1300,123.26,yes
2026-10-05T00:28:30.889102Z,KXBTC15M-26OCT042030-30,0.1200,1.23,no
2026-10-05T00:28:30.909554Z,KXBTC15M-26OCT042030-30,0.1200,6.65,no
2026-10-05T00:28:30.909795Z,KXBTC15M-26OCT042030-30,0.1200,22.53,no
2026-10-05T00:28:30.926411Z,KXBTC15M-26OCT042030-30,0.1200,1.12,no
2026-10-05T00:28:30.932205Z,KXBTC15M-26OCT042030-30,0.1200,13.66,no
2026-10-05T00:28:30.93788Z,KXBTC15M-26OCT042030-30,0.1200,111.00,no
2026-10-05T00:28:30.94238Z,KXBTC15M-26OCT042030-30,0.1200,5.00,no
2026-10-05T00:28:30.943077Z,KXBTC15M-26OCT042030-30,0.1200,2.49,no
2026-10-05T00:28:30.948561Z,KXBTC15M-26OCT042030-30,0.1200,45.12,no
2026-10-05T00:28:30.959485Z,KXBTC15M-26OCT042030-30,0.1300,0.01,yes
2026-10-05T00:28:30.959485Z,KXBTC15M-26OCT042030-30,0.1300,0.01,yes
2026-10-05T00:28:30.959485Z,KXBTC15M-26OCT042030-30,0.1300,0.70,yes
2026-10-05T00:28:30.964666Z,KXBTC15M-26OCT042030-30,0.1200,137.48,no
2026-10-05T00:28:30.967628Z,KXBTC15M-26OCT042030-30,0.1300,14.50,yes
2026-10-05T00:28:30.974435Z,KXBTC15M-26OCT042030-30,0.1200,7.66,no
2026-10-05T00:28:30.974484Z,KXBTC15M-26OCT042030-30,0.1200,11.59,no
2026-10-05T00:28:30.981939Z,KXBTC15M-26OCT042030-30,0.1200,1.12,no
2026-10-05T00:28:30.98274Z,KXBTC15M-26OCT042030-30,0.1200,25.00,no
2026-10-05T00:28:31.013457Z,KXBTC15M-26OCT042030-30,0.1200,39.81,no
2026-10-05T00:28:31.028854Z,KXBTC15M-26OCT042030-30,0.1300,1.59,yes
2026-10-05T00:28:31.033595Z,KXBTC15M-26OCT042030-30,0.1200,4.89,no
2026-10-05T00:28:31.043187Z,KXBTC15M-26OCT042030-30,0.1200,0.75,no
2026-10-05T00:28:31.06036Z,KXBTC15M-26OCT042030-30,0.1300,50.00,yes
2026-10-05T00:28:31.065148Z,KXBTC15M-26OCT042030-30,0.1200,207.55,no
2026-10-05T00:28:31.065148Z,KXBTC15M-26OCT042030-30,0.1200,0.01,no
2026-10-05T00:28:31.065148Z,KXBTC15M-26OCT042030-30,0.1200,1.25,no
2026-10-05T00:28:31.065148Z,KXBTC15M-26OCT042030-30,0.1200,201.93,no
2026-10-05T00:28:31.065148Z,KXBTC15M-26OCT042030-30,0.1200,0.01,no
2026-10-05T00:28:31.071983Z,KXBTC15M-26OCT042030-30,0.1200,10.20,no
2026-10-05T00:28:31.075279Z,KXBTC15M-26OCT042030-30,0.1300,7.25,yes
2026-10-05T00:28:31.090615Z,KXBTC15M-26OCT042030-30,0.1200,91.33,no
2026-10-05T00:28:31.091995Z,KXBTC15M-26OCT042030-30,0.1200,0.42,no
2026-10-05T00:28:31.091995Z,KXBTC15M-26OCT042030-30,0.1200,98.00,no
2026-10-05T00:28:31.091995Z,KXBTC15M-26OCT042030-30,0.1200,0.05,no
2026-10-05T00:28:31.091995Z,KXBTC15M-26OCT042030-30,0.1200,8.67,no
2026-10-05T00:28:31.095427Z,KXBTC15M-26OCT042030-30,0.1200,5.43,no
2026-10-05T00:28:31.095427Z,KXBTC15M-26OCT042030-30,0.1200,0.01,no
2026-10-05T00:28:31.095427Z,KXBTC15M-26OCT042030-30,0.1200,0.01,no
2026-10-05T00:28:31.095427Z,KXBTC15M-26OCT042030-30,0.1200,16.95,no
2026-10-05T00:28:31.096253Z,KXBTC15M-26OCT042030-30,0.1300,32.85,yes
2026-10-05T00:28:31.097914Z,KXBTC15M-26OCT042030-30,0.1200,104.17,no
2026-10-05T00:28:31.126263Z,KXBTC15M-26OCT042030-30,0.1200,0.45,no
2026-10-05T00:28:31.12805Z,KXBTC15M-26OCT042030-30,0.1300,1.00,yes
2026-10-05T00:28:31.12805Z,KXBTC15M-26OCT042030-30,0.1300,2.00,yes
2026-10-05T00:28:31.12805Z,KXBTC15M-26OCT042030-30,0.1300,46.00,yes
2026-10-05T00:28:31.12805Z,KXBTC15M-26OCT042030-30,0.1300,17.79,yes
2026-10-05T00:28:31.12805Z,KXBTC15M-26OCT042030-30,0.1300,4.72,yes
2026-10-05T00:28:31.129604Z,KXBTC15M-26OCT042030-30,0.1300,184.31,yes
2026-10-05T00:28:31.129604Z,KXBTC15M-26OCT042030-30,0.1300,7.28,yes
2026-10-05T00:28:31.129604Z,KXBTC15M-26OCT042030-30,0.1300,0.01,yes
2026-10-05T00:28:31.156171Z,KXBTC15M-26OCT042030-30,0.1100,5.00,no
2026-10-05T00:28:31.156171Z,KXBTC15M-26OCT042030-30,0.1100,165.00,no
2026-10-05T00:28:31.156171Z,KXBTC15M-26OCT042030-30,0.1100,33.00,no
2026-10-05T00:28:31.156171Z,KXBTC15M-26OCT042030-30,0.1100,93.99,no
2026-10-05T00:28:31.156171Z,KXBTC15M-26OCT042030-30,0.1200,0.01,no
2026-10-05T00:28:31.156171Z,KXBTC15M-26OCT042030-30,0.1200,0.05,no
2026-10-05T00:28:31.156171Z,KXBTC15M-26OCT042030-30,0.1200,678.43,no
2026-10-05T00:28:31.156171Z,KXBTC15M-26OCT042030-30,0.1200,0.01,no
2026-10-05T00:28:31.156171Z,KXBTC15M-26OCT042030-30,0.1200,400.00,no
2026-10-05T00:28:31.156171Z,KXBTC15M-26OCT042030-30,0.1100,500.00,no
2026-10-05T00:28:31.156171Z,KXBTC15M-26OCT042030-30,0.1100,100.00,no
2026-10-05T00:28:31.156171Z,KXBTC15M-26OCT042030-30,0.1100,10.00,no
2026-10-05T00:28:31.164457Z,KXBTC15M-26OCT042030-30,0.1300,6.60,yes
2026-10-05T00:28:31.170692Z,KXBTC15M-26OCT042030-30,0.1300,7.19,yes
2026-10-05T00:28:31.172928Z,KXBTC15M-26OCT042030-30,0.1200,0.01,no
2026-10-05T00:28:31.172928Z,KXBTC15M-26OCT042030-30,0.1200,2.79,no
2026-10-05T00:28:31.177823Z,KXBTC15M-26OCT042030-30,0.1200,0.01,no
2026-10-05T00:28:31.182655Z,KXBTC15M-26OCT042030-30,0.1200,0.27,no
2026-10-05T00:28:31.190047Z,KXBTC15M-26OCT042030-30,0.1300,7.25,yes
2026-10-05T00:28:31.191767Z,KXBTC15M-26OCT042030-30,0.1200,0.01,no
2026-10-05T00:28:31.191767Z,KXBTC15M-26OCT042030-30,0.1200,8.05,no
2026-10-05T00:28:31.191767Z,KXBTC15M-26OCT042030-30,0.1200,47.93,no
2026-10-05T00:28:31.191767Z,KXBTC15M-26OCT042030-30,0.1200,0.01,no
2026-10-05T00:28:31.201616Z,KXBTC15M-26OCT042030-30,0.1300,10.47,yes
2026-10-05T00:28:31.221498Z,KXBTC15M-26OCT042030-30,0.1200,0.27,no
2026-10-05T00:28:31.222699Z,KXBTC15M-26OCT042030-30,0.1200,54.31,no
2026-10-05T00:28:31.25982Z,KXBTC15M-26OCT042030-30,0.1300,1.68,yes
2026-10-05T00:28:31.265554Z,KXBTC15M-26OCT042030-30,0.1200,3.01,no
2026-10-05T00:28:31.268002Z,KXBTC15M-26OCT042030-30,0.1300,1.37,yes
2026-10-05T00:28:31.269606Z,KXBTC15M-26OCT042030-30,0.1300,14.50,yes
2026-10-05T00:28:31.270438Z,KXBTC15M-26OCT042030-30,0.1200,9.01,no
2026-10-05T00:28:31.27166Z,KXBTC15M-26OCT042030-30,0.1200,24.88,no
2026-10-05T00:28:31.273608Z,KXBTC15M-26OCT042030-30,0.1200,62.96,no
2026-10-05T00:28:31.281682Z,KXBTC15M-26OCT042030-30,0.1200,11.26,no
2026-10-05T00:28:31.282622Z,KXBTC15M-26OCT042030-30,0.1300,1.18,yes
2026-10-05T00:28:31.286141Z,KXBTC15M-26OCT042030-30,0.1200,20.97,no
2026-10-05T00:28:31.300622Z,KXBTC15M-26OCT042030-30,0.1200,3.07,no
2026-10-05T00:28:31.301168Z,KXBTC15M-26OCT042030-30,0.1200,10.00,no
2026-10-05T00:28:31.301168Z,KXBTC15M-26OCT042030-30,0.1200,27.93,no
2026-10-05T00:28:31.301168Z,KXBTC15M-26OCT042030-30,0.1100,182.92,no
2026-10-05T00:28:31.301168Z,KXBTC15M-26OCT042030-30,0.1200,0.01,no
2026-10-05T00:28:31.317764Z,KXBTC15M-26OCT042030-30,0.1100,245.90,no
2026-10-05T00:28:31.321596Z,KXBTC15M-26OCT042030-30,0.1200,32.85,yes
2026-10-05T00:28:31.326187Z,KXBTC15M-26OCT042030-30,0.1100,154.60,no
2026-10-05T00:28:31.371254Z,KXBTC15M-26OCT042030-30,0.1100,6.38,no
2026-10-05T00:28:31.373438Z,KXBTC15M-26OCT042030-30,0.1200,3.55,yes
2026-10-05T00:28:31.381867Z,KXBTC15M-26OCT042030-30,0.1100,4.31,no
2026-10-05T00:28:31.384684Z,KXBTC15M-26OCT042030-30,0.1200,21.00,yes
2026-10-05T00:28:31.420938Z,KXBTC15M-26OCT042030-30,0.1100,2.00,no
2026-10-05T00:28:31.435555Z,KXBTC15M-26OCT042030-30,0.1200,20.00,yes
2026-10-05T00:28:31.437086Z,KXBTC15M-26OCT042030-30,0.1100,11.03,no
2026-10-05T00:28:31.458841Z,KXBTC15M-26OCT042030-30,0.1100,243.05,no
2026-10-05T00:28:31.461016Z,KXBTC15M-26OCT042030-30,0.1200,7.25,yes
2026-10-05T00:28:31.46931Z,KXBTC15M-26OCT042030-30,0.1100,1.09,no
2026-10-05T00:28:31.471178Z,KXBTC15M-26OCT042030-30,0.1200,613.75,yes
2026-10-05T00:28:31.483598Z,KXBTC15M-26OCT042030-30,0.1100,3.00,no
2026-10-05T00:28:31.503762Z,KXBTC15M-26OCT042030-30,0.1100,49.80,no
2026-10-05T00:28:31.515867Z,KXBTC15M-26OCT042030-30,0.1100,3.95,no
2026-10-05T00:28:31.532838Z,KXBTC15M-26OCT042030-30,0.1100,111.81,no
2026-10-05T00:28:31.540884Z,KXBTC15M-26OCT042030-30,0.1200,36.25,yes
2026-10-05T00:28:31.563189Z,KXBTC15M-26OCT042030-30,0.1200,17.61,yes
2026-10-05T00:28:31.622523Z,KXBTC15M-26OCT042030-30,0.1200,7.25,yes
2026-10-05T00:28:31.630372Z,KXBTC15M-26OCT042030-30,0.1100,11.80,no
2026-10-05T00:28:31.634673Z,KXBTC15M-26OCT042030-30,0.1200,14.50,yes
2026-10-05T00:28:31.635057Z,KXBTC15M-26OCT042030-30,0.1200,4.98,yes
2026-10-05T00:28:31.636026Z,KXBTC15M-26OCT042030-30,0.1100,2.20,no
2026-10-05T00:28:31.640544Z,KXBTC15M-26OCT042030-30,0.1100,27.60,no
2026-10-05T00:28:31.644329Z,KXBTC15M-26OCT042030-30,0.1100,2.20,no
2026-10-05T00:28:31.654896Z,KXBTC15M-26OCT042030-30,0.1100,4.31,no
2026-10-05T00:28:31.654896Z,KXBTC15M-26OCT042030-30,0.1100,81.80,no
2026-10-05T00:28:31.654896Z,KXBTC15M-26OCT042030-30,0.1100,5.00,no
2026-10-05T00:28:31.674032Z,KXBTC15M-26OCT042030-30,0.1100,1.78,no
2026-10-05T00:28:31.674175Z,KXBTC15M-26OCT042030-30,0.1200,49.00,yes
2026-10-05T00:28:31.676565Z,KXBTC15M-26OCT042030-30,0.1100,15.42,no
2026-10-05T00:28:31.676565Z,KXBTC15M-26OCT042030-30,0.1100,1.29,no
2026-10-05T00:28:31.691617Z,KXBTC15M-26OCT042030-30,0.1200,61.00,yes
2026-10-05T00:28:31.695028Z,KXBTC15M-26OCT042030-30,0.1200,6.00,yes
2026-10-05T00:28:31.695122Z,KXBTC15M-26OCT042030-30,0.1100,1.21,no
2026-10-05T00:28:31.695122Z,KXBTC15M-26OCT042030-30,0.1100,0.01,no
2026-10-05T00:28:31.695122Z,KXBTC15M-26OCT042030-30,0.1100,1.25,no
2026-10-05T00:28:31.695122Z,KXBTC15M-26OCT042030-30,0.1100,97.71,no
2026-10-05T00:28:31.695122Z,KXBTC15M-26OCT042030-30,0.1100,10.24,no
2026-10-05T00:28:31.703542Z,KXBTC15M-26OCT042030-30,0.1100,0.94,no
2026-10-05T00:28:31.724794Z,KXBTC15M-26OCT042030-30,0.1100,1.11,no
2026-10-05T00:28:31.74571Z,KXBTC15M-26OCT042030-30,0.1100,30.32,no
2026-10-05T00:28:31.746318Z,KXBTC15M-26OCT042030-30,0.1200,28.00,yes
2026-10-05T00:28:31.746318Z,KXBTC15M-26OCT042030-30,0.1200,0.01,yes
2026-10-05T00:28:31.746318Z,KXBTC15M-26OCT042030-30,0.1200,0.01,yes
2026-10-05T00:28:31.746318Z,KXBTC15M-26OCT042030-30,0.1200,8.23,yes
2026-10-05T00:28:31.756732Z,KXBTC15M-26OCT042030-30,0.1200,0.25,yes
2026-10-05T00:28:31.758804Z,KXBTC15M-26OCT042030-30,0.1100,2.20,no
2026-10-05T00:28:31.784125Z,KXBTC15M-26OCT042030-30,0.1200,7.25,yes
2026-10-05T00:28:31.794202Z,KXBTC15M-26OCT042030-30,0.1200,2.68,yes
2026-10-05T00:28:31.807845Z,KXBTC15M-26OCT042030-30,0.1200,17.61,yes
2026-10-05T00:28:31.807987Z,KXBTC15M-26OCT042030-30,0.1100,22.30,no
2026-10-05T00:28:31.82004Z,KXBTC15M-26OCT042030-30,0.1200,11.98,yes
2026-10-05T00:28:31.82004Z,KXBTC15M-26OCT042030-30,0.1200,0.02,yes
2026-10-05T00:28:31.826584Z,KXBTC15M-26OCT042030-30,0.1200,1.95,yes
2026-10-05T00:28:31.826584Z,KXBTC15M-26OCT042030-30,0.1200,4.88,yes
2026-10-05T00:28:31.826584Z,KXBTC15M-26OCT042030-30,0.1200,19.17,yes
2026-10-05T00:28:31.826584Z,KXBTC15M-26OCT042030-30,0.1200,35.00,yes
2026-10-05T00:28:31.850094Z,KXBTC15M-26OCT042030-30,0.1100,53.00,no
2026-10-05T00:28:31.850505Z,KXBTC15M-26OCT042030-30,0.1200,7.30,yes
2026-10-05T00:28:31.882611Z,KXBTC15M-26OCT042030-30,0.1100,1.11,no
2026-10-05T00:28:31.893718Z,KXBTC15M-26OCT042030-30,0.1200,20.97,yes
2026-10-05T00:28:31.893718Z,KXBTC15M-26OCT042030-30,0.1200,23.53,yes
2026-10-05T00:28:31.893718Z,KXBTC15M-26OCT042030-30,0.1200,0.01,yes
2026-10-05T00:28:31.893718Z,KXBTC15M-26OCT042030-30,0.1200,0.01,yes
2026-10-05T00:28:31.930692Z,KXBTC15M-26OCT042030-30,0.1100,22.30,no
2026-10-05T00:28:31.939991Z,KXBTC15M-26OCT042030-30,0.1100,10.97,no
2026-10-05T00:28:31.983039Z,KXBTC15M-26OCT042030-30,0.1100,150.00,no
2026-10-05T00:28:31.988932Z,KXBTC15M-26OCT042030-30,0.1100,1.00,no
2026-10-05T00:28:31.996874Z,KXBTC15M-26OCT042030-30,0.1100,5.49,no
2026-10-05T00:28:31.996874Z,KXBTC15M-26OCT042030-30,0.1100,94.51,no
2026-10-05T00:28:32.000372Z,KXBTC15M-26OCT042030-30,0.1100,1.09,no
2026-10-05T00:28:32.009931Z,KXBTC15M-26OCT042030-30,0.1100,12.04,no
2026-10-05T00:28:32.014488Z,KXBTC15M-26OCT042030-30,0.1100,111.50,no
2026-10-05T00:28:32.025843Z,KXBTC15M-26OCT042030-30,0.1100,36.25,no
2026-10-05T00:28:32.035479Z,KXBTC15M-26OCT042030-30,0.1100,59.41,no
2026-10-05T00:28:32.035757Z,KXBTC15M-26OCT042030-30,0.1100,120.00,no
2026-10-05T00:28:32.035876Z,KXBTC15M-26OCT042030-30,0.1100,5.00,no
2026-10-05T00:28:32.035904Z,KXBTC15M-26OCT042030-30,0.1100,120.00,no
2026-10-05T00:28:32.036565Z,KXBTC15M-26OCT042030-30,0.1100,120.00,no
2026-10-05T00:28:32.037579Z,KXBTC15M-26OCT042030-30,0.1100,118.66,no
2026-10-05T00:28:32.045234Z,KXBTC15M-26OCT042030-30,0.1100,31.74,no
2026-10-05T00:28:32.045741Z,KXBTC15M-26OCT042030-30,0.1100,10.00,no
2026-10-05T00:28:32.045741Z,KXBTC15M-26OCT042030-30,0.1100,256.67,no
2026-10-05T00:28:32.045741Z,KXBTC15M-26OCT042030-30,0.1100,33.33,no
2026-10-05T00:28:32.048302Z,KXBTC15M-26OCT042030-30,0.1100,12.00,no
2026-10-05T00:28:32.067211Z,KXBTC15M-26OCT042030-30,0.1100,26.55,no
2026-10-05T00:28:32.070422Z,KXBTC15M-26OCT042030-30,0.1100,67.33,no
2026-10-05T00:28:32.078984Z,KXBTC15M-26OCT042030-30,0.1100,439.54,no
2026-10-05T00:28:32.094334Z,KXBTC15M-26OCT042030-30,0.1200,6.25,yes
2026-10-05T00:28:32.099426Z,KXBTC15M-26OCT042030-30,0.1100,111.50,no
2026-10-05T00:28:32.108808Z,KXBTC15M-26OCT042030-30,0.1100,404.64,no
2026-10-05T00:28:32.124901Z,KXBTC15M-26OCT042030-30,0.1100,53.75,no
2026-10-05T00:28:32.124901Z,KXBTC15M-26OCT042030-30,0.1100,6.84,no
2026-10-05T00:28:32.127859Z,KXBTC15M-26OCT042030-30,0.1200,7.84,yes
2026-10-05T00:28:32.134651Z,KXBTC15M-26OCT042030-30,0.1100,103.69,no
2026-10-05T00:28:32.135649Z,KXBTC15M-26OCT042030-30,0.1100,197.56,no
2026-10-05T00:28:32.135649Z,KXBTC15M-26OCT042030-30,0.1100,365.13,no
2026-10-05T00:28:32.135649Z,KXBTC15M-26OCT042030-30,0.1100,0.05,no
2026-10-05T00:28:32.135649Z,KXBTC15M-26OCT042030-30,0.1100,1.24,no
2026-10-05T00:28:32.135649Z,KXBTC15M-26OCT042030-30,0.1100,0.01,no
2026-10-05T00:28:32.135649Z,KXBTC15M-26OCT042030-30,0.1100,5.00,no
2026-10-05T00:28:32.135649Z,KXBTC15M-26OCT042030-30,0.1100,100.00,no
2026-10-05T00:28:32.135649Z,KXBTC15M-26OCT042030-30,0.1100,0.01,no
2026-10-05T00:28:32.135822Z,KXBTC15M-26OCT042030-30,0.1200,3.92,yes
2026-10-05T00:28:32.139248Z,KXBTC15M-26OCT042030-30,0.1200,88.47,yes
2026-10-05T00:28:32.139248Z,KXBTC15M-26OCT042030-30,0.1200,92.02,yes
2026-10-05T00:28:32.145348Z,KXBTC15M-26OCT042030-30,0.1100,3.00,no
2026-10-05T00:28:32.152325Z,KXBTC15M-26OCT042030-30,0.1100,2.05,no
2026-10-05T00:28:32.157188Z,KXBTC15M-26OCT042030-30,0.1100,9.05,no
2026-10-05T00:28:32.159929Z,KXBTC15M-26OCT042030-30,0.1100,0.01,no
2026-10-05T00:28:32.159929Z,KXBTC15M-26OCT042030-30,0.1100,0.01,no
2026-10-05T00:28:32.159929Z,KXBTC15M-26OCT042030-30,0.1100,100.00,no
2026-10-05T00:28:32.159929Z,KXBTC15M-26OCT042030-30,0.1100,20.77,no
2026-10-05T00:28:32.159929Z,KXBTC15M-26OCT042030-30,0.1100,1.24,no
2026-10-05T00:28:32.159929Z,KXBTC15M-26OCT042030-30,0.1100,5.00,no
2026-10-05T00:28:32.159929Z,KXBTC15M-26OCT042030-30,0.1100,0.01,no
2026-10-05T00:28:32.159929Z,KXBTC15M-26OCT042030-30,0.1000,112.25,no
2026-10-05T00:28:32.187066Z,KXBTC15M-26OCT042030-30,0.1100,37.51,no
2026-10-05T00:28:32.188782Z,KXBTC15M-26OCT042030-30,0.1100,4.83,no
2026-10-05T00:28:32.193475Z,KXBTC15M-26OCT042030-30,0.1100,0.01,no
2026-10-05T00:28:32.215802Z,KXBTC15M-26OCT042030-30,0.1100,5.00,no
2026-10-05T00:28:32.234658Z,KXBTC15M-26OCT042030-30,0.1200,29.27,yes
2026-10-05T00:28:32.234658Z,KXBTC15M-26OCT042030-30,0.1200,0.01,yes
2026-10-05T00:28:32.234658Z,KXBTC15M-26OCT042030-30,0.1200,7.71,yes
2026-10-05T00:28:32.234658Z,KXBTC15M-26OCT042030-30,0.1200,0.01,yes
2026-10-05T00:28:32.234658Z,KXBTC15M-26OCT042030-30,0.1200,13.00,yes
2026-10-05T00:28:32.237913Z,KXBTC15M-26OCT042030-30,0.1100,1.11,no
2026-10-05T00:28:32.238984Z,KXBTC15M-26OCT042030-30,0.1100,40.00,no
2026-10-05T00:28:32.241079Z,KXBTC15M-26OCT042030-30,0.1100,2.95,no
2026-10-05T00:28:32.252875Z,KXBTC15M-26OCT042030-30,0.1200,3.64,yes
2026-10-05T00:28:32.269171Z,KXBTC15M-26OCT042030-30,0.1100,2.00,no
2026-10-05T00:28:32.272434Z,KXBTC15M-26OCT042030-30,0.1200,17.09,yes
2026-10-05T00:28:32.272434Z,KXBTC15M-26OCT042030-30,0.1200,111.41,yes
2026-10-05T00:28:32.272434Z,KXBTC15M-26OCT042030-30,0.1200,50.00,yes
2026-10-05T00:28:32.298065Z,KXBTC15M-26OCT042030-30,0.1200,1.00,yes
2026-10-05T00:28:32.303373Z,KXBTC15M-26OCT042030-30,0.1100,63.66,no
2026-10-05T00:28:32.303373Z,KXBTC15M-26OCT042030-30,0.1100,65.00,no
2026-10-05T00:28:32.303373Z,KXBTC15M-26OCT042030-30,0.1100,38.59,no
2026-10-05T00:28:32.313089Z,KXBTC15M-26OCT042030-30,0.1100,49.39,no
2026-10-05T00:28:32.326935Z,KXBTC15M-26OCT042030-30,0.1100,1.39,no
2026-10-05T00:28:32.361605Z,KXBTC15M-26OCT042030-30,0.1100,39.79,no
2026-10-05T00:28:32.361605Z,KXBTC15M-26OCT042030-30,0.1100,0.05,no
2026-10-05T00:28:32.361876Z,KXBTC15M-26OCT042030-30,0.1100,101.30,no
2026-10-05T00:28:32.369726Z,KXBTC15M-26OCT042030-30,0.1100,15.39,no
2026-10-05T00:28:32.398933Z,KXBTC15M-26OCT042030-30,0.1200,34.97,yes
2026-10-05T00:28:32.401036Z,KXBTC15M-26OCT042030-30,0.1100,1.23,no
2026-10-05T00:28:32.401036Z,KXBTC15M-26OCT042030-30,0.1100,5.00,no
2026-10-05T00:28:32.401036Z,KXBTC15M-26OCT042030-30,0.1100,0.01,no
2026-10-05T00:28:32.401036Z,KXBTC15M-26OCT042030-30,0.1100,0.01,no
2026-10-05T00:28:32.401036Z,KXBTC15M-26OCT042030-30,0.1000,4.67,no
2026-10-05T00:28:32.41627Z,KXBTC15M-26OCT042030-30,0.1100,5.25,no
2026-10-05T00:28:32.421025Z,KXBTC15M-26OCT042030-30,0.1100,1.23,no
2026-10-05T00:28:32.421025Z,KXBTC15M-26OCT042030-30,0.1100,5.00,no
2026-10-05T00:28:32.421025Z,KXBTC15M-26OCT042030-30,0.1100,0.75,no
2026-10-05T00:28:32.421025Z,KXBTC15M-26OCT042030-30,0.1100,8.78,no
2026-10-05T00:28:32.427047Z,KXBTC15M-26OCT042030-30,0.1200,5.99,yes
2026-10-05T00:28:32.428217Z,KXBTC15M-26OCT042030-30,0.1200,529.08,yes
2026-10-05T00:28:32.45195Z,KXBTC15M-26OCT042030-30,0.1200,4.51,yes
2026-10-05T00:28:32.453264Z,KXBTC15M-26OCT042030-30,0.1100,8.95,no
2026-10-05T00:28:32.453264Z,KXBTC15M-26OCT042030-30,0.1100,0.05,no
2026-10-05T00:28:32.45559Z,KXBTC15M-26OCT042030-30,0.1100,10.97,no
2026-10-05T00:28:32.457251Z,KXBTC15M-26OCT042030-30,0.1200,6.27,yes
2026-10-05T00:28:32.469401Z,KXBTC15M-26OCT042030-30,0.1200,71.35,yes
2026-10-05T00:28:32.481944Z,KXBTC15M-26OCT042030-30,0.1100,0.01,no
2026-10-05T00:28:32.481944Z,KXBTC15M-26OCT042030-30,0.1100,17.29,no
2026-10-05T00:28:32.481944Z,KXBTC15M-26OCT042030-30,0.1100,5.00,no
2026-10-05T00:28:32.484044Z,KXBTC15M-26OCT042030-30,0.1200,7.84,yes
2026-10-05T00:28:32.485729Z,KXBTC15M-26OCT042030-30,0.1100,21.96,no
2026-10-05T00:28:32.486231Z,KXBTC15M-26OCT042030-30,0.1100,74.25,no
2026-10-05T00:28:32.489729Z,KXBTC15M-26OCT042030-30,0.1100,4.19,no
2026-10-05T00:28:32.526784Z,KXBTC15M-26OCT042030-30,0.1100,2.95,no
2026-10-05T00:28:32.528078Z,KXBTC15M-26OCT042030-30,0.1200,115.06,yes
2026-10-05T00:28:32.535996Z,KXBTC15M-26OCT042030-30,0.1200,78.49,yes
2026-10-05T00:28:32.541584Z,KXBTC15M-26OCT042030-30,0.1100,168.55,no
2026-10-05T00:28:32.542913Z,KXBTC15M-26OCT042030-30,0.1100,1.40,no
2026-10-05T00:28:32.545601Z,KXBTC15M-26OCT042030-30,0.1100,13.00,no
2026-10-05T00:28:32.558722Z,KXBTC15M-26OCT042030-30,0.1200,71.35,yes
2026-10-05T00:28:32.575014Z,KXBTC15M-26OCT042030-30,0.1100,39.02,no
2026-10-05T00:28:32.577988Z,KXBTC15M-26OCT042030-30,0.1100,25.64,no
2026-10-05T00:28:32.58601Z,KXBTC15M-26OCT042030-30,0.1100,1131.75,no
2026-10-05T00:28:32.58601Z,KXBTC15M-26OCT042030-30,0.1100,594.97,no
2026-10-05T00:28:32.58601Z,KXBTC15M-26OCT042030-30,0.1100,5.00,no
2026-10-05T00:28:32.58601Z,KXBTC15M-26OCT042030-30,0.1100,0.05,no
2026-10-05T00:28:32.58601Z,KXBTC15M-26OCT042030-30,0.1100,10.00,no
2026-10-05T00:28:32.58601Z,KXBTC15M-26OCT042030-30,0.1100,1.23,no
2026-10-05T00:28:32.58601Z,KXBTC15M-26OCT042030-30,0.1100,400.00,no
2026-10-05T00:28:32.58601Z,KXBTC15M-26OCT042030-30,0.1100,224.00,no
2026-10-05T00:28:32.58601Z,KXBTC15M-26OCT042030-30,0.1000,25.36,no
2026-10-05T00:28:32.590084Z,KXBTC15M-26OCT042030-30,0.1200,10.34,yes
2026-10-05T00:28:32.605135Z,KXBTC15M-26OCT042030-30,0.1000,7.91,no
2026-10-05T00:28:32.608415Z,KXBTC15M-26OCT042030-30,0.1100,6.00,yes
2026-10-05T00:28:32.631533Z,KXBTC15M-26OCT042030-30,0.1000,2.83,no
2026-10-05T00:28:32.637342Z,KXBTC15M-26OCT042030-30,0.1000,5.00,no
2026-10-05T00:28:32.647649Z,KXBTC15M-26OCT042030-30,0.1000,55.97,no
2026-10-05T00:28:32.648543Z,KXBTC15M-26OCT042030-30,0.1000,4.19,no
2026-10-05T00:28:32.679227Z,KXBTC15M-26OCT042030-30,0.1000,2.18,no
2026-10-05T00:28:32.682561Z,KXBTC15M-26OCT042030-30,0.1100,35.55,yes
2026-10-05T00:28:32.703115Z,KXBTC15M-26OCT042030-30,0.1100,15.00,yes
2026-10-05T00:28:32.711054Z,KXBTC15M-26OCT042030-30,0.1100,15.00,yes
2026-10-05T00:28:32.722445Z,KXBTC15M-26OCT042030-30,0.1100,1.96,yes
2026-10-05T00:28:32.729206Z,KXBTC15M-26OCT042030-30,0.1000,3.00,no
2026-10-05T00:28:32.733236Z,KXBTC15M-26OCT042030-30,0.1000,1.10,no
2026-10-05T00:28:32.747379Z,KXBTC15M-26OCT042030-30,0.1000,5.45,no
2026-10-05T00:28:32.765924Z,KXBTC15M-26OCT042030-30,0.1000,96.19,no
2026-10-05T00:28:32.777591Z,KXBTC15M-26OCT042030-30,0.1000,69.57,no
2026-10-05T00:28:32.78015Z,KXBTC15M-26OCT042030-30,0.1000,1.23,no
2026-10-05T00:28:32.788964Z,KXBTC15M-26OCT042030-30,0.1000,60.91,no
2026-10-05T00:28:32.82145Z,KXBTC15M-26OCT042030-30,0.1000,6.00,no
2026-10-05T00:28:32.825132Z,KXBTC15M-26OCT042030-30,0.1000,109.27,no
2026-10-05T00:28:32.831286Z,KXBTC15M-26OCT042030-30,0.1100,15.00,yes
2026-10-05T00:28:32.836705Z,KXBTC15M-26OCT042030-30,0.1000,24.90,no
2026-10-05T00:28:32.872529Z,KXBTC15M-26OCT042030-30,0.1000,226.18,no
2026-10-05T00:28:32.884111Z,KXBTC15M-26OCT042030-30,0.1000,218.00,no
2026-10-05T00:28:32.887437Z,KXBTC15M-26OCT042030-30,0.1100,67.00,yes
2026-10-05T00:28:32.911121Z,KXBTC15M-26OCT042030-30,0.1100,100.00,yes
2026-10-05T00:28:32.914711Z,KXBTC15M-26OCT042030-30,0.1000,6.00,no
2026-10-05T00:28:32.925639Z,KXBTC15M-26OCT042030-30,0.1000,4.34,no
2026-10-05T00:28:32.93651Z,KXBTC15M-26OCT042030-30,0.1000,13.93,no
2026-10-05T00:28:32.943112Z,KXBTC15M-26OCT042030-30,0.1100,15.69,yes
2026-10-05T00:28:32.957284Z,KXBTC15M-26OCT042030-30,0.1000,19.78,no
2026-10-05T00:28:32.99102Z,KXBTC15M-26OCT042030-30,0.1000,90.47,no
2026-10-05T00:28:33.00601Z,KXBTC15M-26OCT042030-30,0.1000,2.00,no
2026-10-05T00:28:33.01178Z,KXBTC15M-26OCT042030-30,0.1000,0.37,no
2026-10-05T00:28:33.01178Z,KXBTC15M-26OCT042030-30,0.1000,8.50,no
2026-10-05T00:28:33.01178Z,KXBTC15M-26OCT042030-30,0.1000,25.36,no
2026-10-05T00:28:33.01178Z,KXBTC15M-26OCT042030-30,0.1000,2.00,no
2026-10-05T00:28:33.01178Z,KXBTC15M-26OCT042030-30,0.1000,25.00,no
2026-10-05T00:28:33.01178Z,KXBTC15M-26OCT042030-30,0.1000,1506.29,no
2026-10-05T00:28:33.01178Z,KXBTC15M-26OCT042030-30,0.1000,303.68,no
2026-10-05T00:28:33.01178Z,KXBTC15M-26OCT042030-30,0.1000,67.19,no
2026-10-05T00:28:33.01178Z,KXBTC15M-26OCT042030-30,0.1000,100.00,no
2026-10-05T00:28:33.01178Z,KXBTC15M-26OCT042030-30,0.1000,340.00,no
2026-10-05T00:28:33.0768Z,KXBTC15M-26OCT042030-30,0.1000,23.17,no
2026-10-05T00:28:33.095719Z,KXBTC15M-26OCT042030-30,0.1000,19.66,no
2026-10-05T00:28:33.096366Z,KXBTC15M-26OCT042030-30,0.1000,69.46,no
2026-10-05T00:28:33.097328Z,KXBTC15M-26OCT042030-30,0.1000,7.61,no
2026-10-05T00:28:33.116601Z,KXBTC15M-26OCT042030-30,0.1000,17.65,no
2026-10-05T00:28:33.122404Z,KXBTC15M-26OCT042030-30,0.1000,154.72,no
2026-10-05T00:28:33.130767Z,KXBTC15M-26OCT042030-30,0.1000,38.23,no
2026-10-05T00:28:33.131862Z,KXBTC15M-26OCT042030-30,0.1000,76.48,no
2026-10-05T00:28:33.1384Z,KXBTC15M-26OCT042030-30,0.1000,86.73,no
2026-10-05T00:28:33.1384Z,KXBTC15M-26OCT042030-30,0.1000,74.00,no
2026-10-05T00:28:33.1384Z,KXBTC15M-26OCT042030-30,0.1000,1.21,no
2026-10-05T00:28:33.1384Z,KXBTC15M-26OCT042030-30,0.1000,37.00,no
2026-10-05T00:28:33.1384Z,KXBTC15M-26OCT042030-30,0.1000,98.00,no
2026-10-05T00:28:33.1384Z,KXBTC15M-26OCT042030-30,0.1000,236.52,no
2026-10-05T00:28:33.1384Z,KXBTC15M-26OCT042030-30,0.1000,10.00,no
2026-10-05T00:28:33.152999Z,KXBTC15M-26OCT042030-30,0.1000,1.10,no
2026-10-05T00:28:33.169088Z,KXBTC15M-26OCT042030-30,0.1000,111.93,no
2026-10-05T00:28:33.186589Z,KXBTC15M-26OCT042030-30,0.1100,60.00,yes
2026-10-05T00:28:33.19348Z,KXBTC15M-26OCT042030-30,0.1000,2.20,no
2026-10-05T00:28:33.193989Z,KXBTC15M-26OCT042030-30,0.1000,13.36,no
2026-10-05T00:28:33.219619Z,KXBTC15M-26OCT042030-30,0.1000,5.51,no
2026-10-05T00:28:33.227517Z,KXBTC15M-26OCT042030-30,0.1000,70.62,no
2026-10-05T00:28:33.227517Z,KXBTC15M-26OCT042030-30,0.1000,29.38,no
2026-10-05T00:28:33.227762Z,KXBTC15M-26OCT042030-30,0.1000,220.67,no
2026-10-05T00:28:33.23231Z,KXBTC15M-26OCT042030-30,0.1100,50.00,yes
2026-10-05T00:28:33.234036Z,KXBTC15M-26OCT042030-30,0.1000,0.66,no
2026-10-05T00:28:33.248815Z,KXBTC15M-26OCT042030-30,0.1000,106.99,no
2026-10-05T00:28:33.255731Z,KXBTC15M-26OCT042030-30,0.1000,8.92,no
2026-10-05T00:28:33.262191Z,KXBTC15M-26OCT042030-30,0.1000,35.57,no
2026-10-05T00:28:33.26567Z,KXBTC15M-26OCT042030-30,0.1000,0.05,no
2026-10-05T00:28:33.26567Z,KXBTC15M-26OCT042030-30,0.1000,32.54,no
2026-10-05T00:28:33.26567Z,KXBTC15M-26OCT042030-30,0.1000,500.00,no
2026-10-05T00:28:33.26567Z,KXBTC15M-26OCT042030-30,0.1000,1.22,no
2026-10-05T00:28:33.26567Z,KXBTC15M-26OCT042030-30,0.1000,99.00,no
2026-10-05T00:28:33.26567Z,KXBTC15M-26OCT042030-30,0.1000,111.13,no
2026-10-05T00:28:33.281257Z,KXBTC15M-26OCT042030-30,0.0990,0.10,no
2026-10-05T00:28:33.281257Z,KXBTC15M-26OCT042030-30,0.0990,1.00,no
2026-10-05T00:28:33.281462Z,KXBTC15M-26OCT042030-30,0.0980,2.12,no
2026-10-05T00:28:33.281462Z,KXBTC15M-26OCT042030-30,0.0990,6.90,no
2026-10-05T00:28:33.311677Z,KXBTC15M-26OCT042030-30,0.1000,7.00,yes
2026-10-05T00:28:33.311677Z,KXBTC15M-26OCT042030-30,0.1100,18.64,yes
2026-10-05T00:28:33.311677Z,KXBTC15M-26OCT042030-30,0.1000,0.01,yes
2026-10-05T00:28:33.311677Z,KXBTC15M-26OCT042030-30,0.1000,0.01,yes
2026-10-05T00:28:33.311677Z,KXBTC15M-26OCT042030-30,0.1000,0.01,yes
2026-10-05T00:28:33.330279Z,KXBTC15M-26OCT042030-30,0.0990,0.01,no
2026-10-05T00:28:33.330279Z,KXBTC15M-26OCT042030-30,0.0990,33.85,no
2026-10-05T00:28:33.330279Z,KXBTC15M-26OCT042030-30,0.0990,7.00,no
2026-10-05T00:28:33.330279Z,KXBTC15M-26OCT042030-30,0.0990,0.01,no
2026-10-05T00:28:33.340383Z,KXBTC15M-26OCT042030-30,0.0990,75.00,no
2026-10-05T00:28:33.383218Z,KXBTC15M-26OCT042030-30,0.0990,3.67,yes
2026-10-05T00:28:33.389933Z,KXBTC15M-26OCT042030-30,0.0990,0.01,yes
2026-10-05T00:28:33.389933Z,KXBTC15M-26OCT042030-30,0.0990,30.87,yes
2026-10-05T00:28:33.389933Z,KXBTC15M-26OCT042030-30,0.0990,0.01,yes
2026-10-05T00:28:33.389933Z,KXBTC15M-26OCT042030-30,0.0990,4.33,yes
2026-10-05T00:28:33.389933Z,KXBTC15M-26OCT042030-30,0.0990,0.01,yes
2026-10-05T00:28:33.412949Z,KXBTC15M-26OCT042030-30,0.0980,26.47,no
2026-10-05T00:28:33.423704Z,KXBTC15M-26OCT042030-30,0.0990,13.61,yes
2026-10-05T00:28:33.436591Z,KXBTC15M-26OCT042030-30,0.0980,66.63,no
2026-10-05T00:28:33.444542Z,KXBTC15M-26OCT042030-30,0.0990,20.98,yes
2026-10-05T00:28:33.466356Z,KXBTC15M-26OCT042030-30,0.0980,262.62,no
2026-10-05T00:28:33.466673Z,KXBTC15M-26OCT042030-30,0.0990,16.00,yes
2026-10-05T00:28:33.466673Z,KXBTC15M-26OCT042030-30,0.0990,0.20,yes
2026-10-05T00:28:33.466673Z,KXBTC15M-26OCT042030-30,0.0990,29.54,yes
2026-10-05T00:28:33.466673Z,KXBTC15M-26OCT042030-30,0.0990,0.01,yes
2026-10-05T00:28:33.466673Z,KXBTC15M-26OCT042030-30,0.0990,0.01,yes
2026-10-05T00:28:33.467495Z,KXBTC15M-26OCT042030-30,0.0980,3.50,no
2026-10-05T00:28:33.470362Z,KXBTC15M-26OCT042030-30,0.0980,16.21,no
2026-10-05T00:28:33.508094Z,KXBTC15M-26OCT042030-30,0.0980,31.67,no
2026-10-05T00:28:33.515018Z,KXBTC15M-26OCT042030-30,0.0980,23.78,no
2026-10-05T00:28:33.537547Z,KXBTC15M-26OCT042030-30,0.0990,0.01,yes
2026-10-05T00:28:33.537547Z,KXBTC15M-26OCT042030-30,0.0990,0.01,yes
2026-10-05T00:28:33.537547Z,KXBTC15M-26OCT042030-30,0.0990,52.00,yes
2026-10-05T00:28:33.537547Z,KXBTC15M-26OCT042030-30,0.0990,1.00,yes
2026-10-05T00:28:33.537547Z,KXBTC15M-26OCT042030-30,0.1000,10.00,yes
2026-10-05T00:28:33.537547Z,KXBTC15M-26OCT042030-30,0.1000,164.67,yes
2026-10-05T00:28:33.537547Z,KXBTC15M-26OCT042030-30,0.0990,7.80,yes
2026-10-05T00:28:33.552045Z,KXBTC15M-26OCT042030-30,0.0980,24.90,no
2026-10-05T00:28:33.579019Z,KXBTC15M-26OCT042030-30,0.0990,0.01,yes
2026-10-05T00:28:33.579019Z,KXBTC15M-26OCT042030-30,0.0990,0.01,yes
2026-10-05T00:28:33.579019Z,KXBTC15M-26OCT042030-30,0.0990,27.98,yes
2026-10-05T00:28:33.628768Z,KXBTC15M-26OCT042030-30,0.0980,9.82,no
2026-10-05T00:28:33.639142Z,KXBTC15M-26OCT042030-30,0.0980,32.28,no
2026-10-05T00:28:33.639142Z,KXBTC15M-26OCT042030-30,0.0980,182.97,no
2026-10-05T00:28:33.639142Z,KXBTC15M-26OCT042030-30,0.0980,1.00,no
2026-10-05T00:28:33.651168Z,KXBTC15M-26OCT042030-30,0.0990,15.00,yes
2026-10-05T00:28:33.660625Z,KXBTC15M-26OCT042030-30,0.0980,4.09,no
2026-10-05T00:28:33.672394Z,KXBTC15M-26OCT042030-30,0.0980,4.79,no
2026-10-05T00:28:33.673399Z,KXBTC15M-26OCT042030-30,0.0980,4.40,no
2026-10-05T00:28:33.68253Z,KXBTC15M-26OCT042030-30,0.0990,0.85,yes
2026-10-05T00:28:33.686808Z,KXBTC15M-26OCT042030-30,0.0980,108.01,no
2026-10-05T00:28:33.707603Z,KXBTC15M-26OCT042030-30,0.0980,0.10,no
2026-10-05T00:28:33.710914Z,KXBTC15M-26OCT042030-30,0.0990,6.82,yes
2026-10-05T00:28:33.710914Z,KXBTC15M-26OCT042030-30,0.0990,20.00,yes
2026-10-05T00:28:33.710914Z,KXBTC15M-26OCT042030-30,0.0990,31.17,yes
2026-10-05T00:28:33.720645Z,KXBTC15M-26OCT042030-30,0.0990,4.27,yes
2026-10-05T00:28:33.730991Z,KXBTC15M-26OCT042030-30,0.0980,10.80,no
2026-10-05T00:28:33.751815Z,KXBTC15M-26OCT042030-30,0.0980,3.42,no
2026-10-05T00:28:33.751815Z,KXBTC15M-26OCT042030-30,0.0980,84.84,no
2026-10-05T00:28:33.765539Z,KXBTC15M-26OCT042030-30,0.0980,10.00,no
2026-10-05T00:28:33.776062Z,KXBTC15M-26OCT042030-30,0.0990,7.72,yes
2026-10-05T00:28:33.776062Z,KXBTC15M-26OCT042030-30,0.0990,0.01,yes
2026-10-05T00:28:33.776062Z,KXBTC15M-26OCT042030-30,0.0990,16.00,yes
2026-10-05T00:28:33.776062Z,KXBTC15M-26OCT042030-30,0.0990,36.91,yes
2026-10-05T00:28:33.776062Z,KXBTC15M-26OCT042030-30,0.0990,4.40,yes
2026-10-05T00:28:33.776062Z,KXBTC15M-26OCT042030-30,0.1000,94.60,yes
2026-10-05T00:28:33.776062Z,KXBTC15M-26OCT042030-30,0.0990,0.01,yes
2026-10-05T00:28:33.776062Z,KXBTC15M-26OCT042030-30,0.1000,7.00,yes
2026-10-05T00:28:33.785934Z,KXBTC15M-26OCT042030-30,0.1000,17.53,yes
2026-10-05T00:28:33.785934Z,KXBTC15M-26OCT042030-30,0.1000,0.01,yes
2026-10-05T00:28:33.785934Z,KXBTC15M-26OCT042030-30,0.1000,0.01,yes
2026-10-05T00:28:33.798179Z,KXBTC15M-26OCT042030-30,0.0980,12.00,no
2026-10-05T00:28:33.80023Z,KXBTC15M-26OCT042030-30,0.0980,30.32,no
2026-10-05T00:28:33.807566Z,KXBTC15M-26OCT042030-30,0.1100,111.29,yes
2026-10-05T00:28:33.807566Z,KXBTC15M-26OCT042030-30,0.1000,0.01,yes
2026-10-05T00:28:33.807566Z,KXBTC15M-26OCT042030-30,0.0990,3.00,yes
2026-10-05T00:28:33.822349Z,KXBTC15M-26OCT042030-30,0.0990,0.01,yes
2026-10-05T00:28:33.822349Z,KXBTC15M-26OCT042030-30,0.0990,0.01,yes
2026-10-05T00:28:33.823876Z,KXBTC15M-26OCT042030-30,0.1000,0.98,no
2026-10-05T00:28:33.823876Z,KXBTC15M-26OCT042030-30,0.0980,0.02,no
2026-10-05T00:28:33.837475Z,KXBTC15M-26OCT042030-30,0.1000,10.10,no
2026-10-05T00:28:33.85704Z,KXBTC15M-26OCT042030-30,0.1000,50.00,no
2026-10-05T00:28:33.858647Z,KXBTC15M-26OCT042030-30,0.1000,49.98,no
2026-10-05T00:28:33.858647Z,KXBTC15M-26OCT042030-30,0.1000,0.01,no
2026-10-05T00:28:33.858647Z,KXBTC15M-26OCT042030-30,0.1000,0.01,no
2026-10-05T00:28:33.866372Z,KXBTC15M-26OCT042030-30,0.1000,114.51,no
2026-10-05T00:28:33.866684Z,KXBTC15M-26OCT042030-30,0.1000,6.46,no
2026-10-05T00:28:33.868977Z,KXBTC15M-26OCT042030-30,0.1000,33.03,no
2026-10-05T00:28:33.896843Z,KXBTC15M-26OCT042030-30,0.1000,2.19,no
2026-10-05T00:28:33.913468Z,KXBTC15M-26OCT042030-30,0.1100,25.67,yes
2026-10-05T00:28:33.923602Z,KXBTC15M-26OCT042030-30,0.1100,3.52,yes
2026-10-05T00:28:33.96594Z,KXBTC15M-26OCT042030-30,0.1000,1.36,no
2026-10-05T00:28:33.979985Z,KXBTC15M-26OCT042030-30,0.1000,80.00,no
2026-10-05T00:28:33.980096Z,KXBTC15M-26OCT042030-30,0.1000,2.98,no
2026-10-05T00:28:33.983197Z,KXBTC15M-26OCT042030-30,0.1000,8.80,no
2026-10-05T00:28:33.987758Z,KXBTC15M-26OCT042030-30,0.1000,35.49,no
2026-10-05T00:28:34.003372Z,KXBTC15M-26OCT042030-30,0.1000,45.12,no
2026-10-05T00:28:34.055972Z,KXBTC15M-26OCT042030-30,0.1000,64.16,no
2026-10-05T00:28:34.055972Z,KXBTC15M-26OCT042030-30,0.1000,45.94,no
2026-10-05T00:28:34.065713Z,KXBTC15M-26OCT042030-30,0.1000,57.37,no
2026-10-05T00:28:34.065713Z,KXBTC15M-26OCT042030-30,0.1000,33.84,no
2026-10-05T00:28:34.076634Z,KXBTC15M-26OCT042030-30,0.1000,5.50,no
2026-10-05T00:28:34.097102Z,KXBTC15M-26OCT042030-30,0.1000,11.01,no
2026-10-05T00:28:34.098668Z,KXBTC15M-26OCT042030-30,0.1100,8.49,yes
2026-10-05T00:28:34.102636Z,KXBTC15M-26OCT042030-30,0.1100,0.79,yes
2026-10-05T00:28:34.106124Z,KXBTC15M-26OCT042030-30,0.1000,37.00,no
2026-10-05T00:28:34.106124Z,KXBTC15M-26OCT042030-30,0.1000,74.00,no
2026-10-05T00:28:34.106124Z,KXBTC15M-26OCT042030-30,0.1000,0.05,no
2026-10-05T00:28:34.106124Z,KXBTC15M-26OCT042030-30,0.1000,100.00,no
2026-10-05T00:28:34.106124Z,KXBTC15M-26OCT042030-30,0.1000,0.01,no
2026-10-05T00:28:34.106124Z,KXBTC15M-26OCT042030-30,0.0990,313.62,no
2026-10-05T00:28:34.106124Z,KXBTC15M-26OCT042030-30,0.1000,324.00,no
2026-10-05T00:28:34.106124Z,KXBTC15M-26OCT042030-30,0.1000,0.01,no
2026-10-05T00:28:34.106124Z,KXBTC15M-26OCT042030-30,0.1000,326.12,no
2026-10-05T00:28:34.106124Z,KXBTC15M-26OCT042030-30,0.1000,6.00,no
2026-10-05T00:28:34.106124Z,KXBTC15M-26OCT042030-30,0.1000,340.69,no
2026-10-05T00:28:34.114468Z,KXBTC15M-26OCT042030-30,0.0990,127.72,no
2026-10-05T00:28:34.118177Z,KXBTC15M-26OCT042030-30,0.0990,79.44,no
2026-10-05T00:28:34.122362Z,KXBTC15M-26OCT042030-30,0.0990,45.00,no
2026-10-05T00:28:34.126367Z,KXBTC15M-26OCT042030-30,0.0980,5.88,no
2026-10-05T00:28:34.126367Z,KXBTC15M-26OCT042030-30,0.0990,0.01,no
2026-10-05T00:28:34.126367Z,KXBTC15M-26OCT042030-30,0.0990,0.01,no
2026-10-05T00:28:34.146953Z,KXBTC15M-26OCT042030-30,0.0990,1.22,no
2026-10-05T00:28:34.146953Z,KXBTC15M-26OCT042030-30,0.0990,0.01,no
2026-10-05T00:28:34.146953Z,KXBTC15M-26OCT042030-30,0.0990,0.01,no
2026-10-05T00:28:34.146953Z,KXBTC15M-26OCT042030-30,0.0990,400.00,no
2026-10-05T00:28:34.146953Z,KXBTC15M-26OCT042030-30,0.0990,228.58,no
2026-10-05T00:28:34.16765Z,KXBTC15M-26OCT042030-30,0.0980,2.93,no
2026-10-05T00:28:34.16765Z,KXBTC15M-26OCT042030-30,0.0990,0.01,no
2026-10-05T00:28:34.16765Z,KXBTC15M-26OCT042030-30,0.0990,7.00,no
2026-10-05T00:28:34.16765Z,KXBTC15M-26OCT042030-30,0.0990,0.05,no
2026-10-05T00:28:34.16765Z,KXBTC15M-26OCT042030-30,0.0990,0.01,no
2026-10-05T00:28:34.170866Z,KXBTC15M-26OCT042030-30,0.0980,89.19,no
2026-10-05T00:28:34.170866Z,KXBTC15M-26OCT042030-30,0.0980,75.97,no
2026-10-05T00:28:34.172183Z,KXBTC15M-26OCT042030-30,0.0980,24.67,no
2026-10-05T00:28:34.183889Z,KXBTC15M-26OCT042030-30,0.0960,184.83,no
2026-10-05T00:28:34.183889Z,KXBTC15M-26OCT042030-30,0.0980,0.01,no
2026-10-05T00:28:34.183889Z,KXBTC15M-26OCT042030-30,0.0990,0.01,no
2026-10-05T00:28:34.183889Z,KXBTC15M-26OCT042030-30,0.0990,400.00,no
2026-10-05T00:28:34.183889Z,KXBTC15M-26OCT042030-30,0.0980,0.01,no
2026-10-05T00:28:34.183889Z,KXBTC15M-26OCT042030-30,0.0970,200.00,no
2026-10-05T00:28:34.183889Z,KXBTC15M-26OCT042030-30,0.0980,6.00,no
2026-10-05T00:28:34.183889Z,KXBTC15M-26OCT042030-30,0.0990,0.01,no
2026-10-05T00:28:34.183889Z,KXBTC15M-26OCT042030-30,0.0980,99.36,no
2026-10-05T00:28:34.186962Z,KXBTC15M-26OCT042030-30,0.0960,194.65,no
2026-10-05T00:28:34.190111Z,KXBTC15M-26OCT042030-30,0.0940,201.69,no
2026-10-05T00:28:34.190111Z,KXBTC15M-26OCT042030-30,0.0950,10.00,no
2026-10-05T00:28:34.190111Z,KXBTC15M-26OCT042030-30,0.0990,0.01,no
2026-10-05T00:28:34.190111Z,KXBTC15M-26OCT042030-30,0.0970,7.00,no
2026-10-05T00:28:34.190111Z,KXBTC15M-26OCT042030-30,0.0990,0.01,no
2026-10-05T00:28:34.190111Z,KXBTC15M-26OCT042030-30,0.0980,6.00,no
2026-10-05T00:28:34.190111Z,KXBTC15M-26OCT042030-30,0.0960,99.00,no
2026-10-05T00:28:34.190629Z,KXBTC15M-26OCT042030-30,0.0950,1.41,no
2026-10-05T00:28:34.192028Z,KXBTC15M-26OCT042030-30,0.0940,223.21,no
2026-10-05T00:28:34.192028Z,KXBTC15M-26OCT042030-30,0.0950,5.59,no
2026-10-05T00:28:34.210354Z,KXBTC15M-26OCT042030-30,0.0970,15.85,yes
2026-10-05T00:28:34.221442Z,KXBTC15M-26OCT042030-30,0.0950,0.72,no
2026-10-05T00:28:34.233445Z,KXBTC15M-26OCT042030-30,0.0960,1.00,yes
2026-10-05T00:28:34.240679Z,KXBTC15M-26OCT042030-30,0.0950,3.23,no
2026-10-05T00:28:34.252843Z,KXBTC15M-26OCT042030-30,0.0950,0.69,no
2026-10-05T00:28:34.262069Z,KXBTC15M-26OCT042030-30,0.0950,5.00,no
2026-10-05T00:28:34.265708Z,KXBTC15M-26OCT042030-30,0.0960,20.75,yes
2026-10-05T00:28:34.272297Z,KXBTC15M-26OCT042030-30,0.0950,88.36,no
2026-10-05T00:28:34.272297Z,KXBTC15M-26OCT042030-30,0.0950,150.60,no
2026-10-05T00:28:34.279561Z,KXBTC15M-26OCT042030-30,0.0950,192.55,no
2026-10-05T00:28:34.279561Z,KXBTC15M-26OCT042030-30,0.0950,249.40,no
2026-10-05T00:28:34.279561Z,KXBTC15M-26OCT042030-30,0.0950,87.67,no
2026-10-05T00:28:34.29294Z,KXBTC15M-26OCT042030-30,0.0950,28.74,no
2026-10-05T00:28:34.308676Z,KXBTC15M-26OCT042030-30,0.0960,0.01,yes
2026-10-05T00:28:34.308676Z,KXBTC15M-26OCT042030-30,0.0970,7.98,yes
2026-10-05T00:28:34.308676Z,KXBTC15M-26OCT042030-30,0.0960,0.01,yes
2026-10-05T00:28:34.308676Z,KXBTC15M-26OCT042030-30,0.0960,4.00,yes
2026-10-05T00:28:34.319944Z,KXBTC15M-26OCT042030-30,0.0960,0.01,yes
2026-10-05T00:28:34.319944Z,KXBTC15M-26OCT042030-30,0.0960,0.01,yes
2026-10-05T00:28:34.319944Z,KXBTC15M-26OCT042030-30,0.0970,49.98,yes
2026-10-05T00:28:34.328953Z,KXBTC15M-26OCT042030-30,0.0950,380.44,no
2026-10-05T00:28:34.331207Z,KXBTC15M-26OCT042030-30,0.0960,0.01,yes
2026-10-05T00:28:34.331207Z,KXBTC15M-26OCT042030-30,0.0960,0.01,yes
2026-10-05T00:28:34.331207Z,KXBTC15M-26OCT042030-30,0.0970,85.55,yes
2026-10-05T00:28:34.352514Z,KXBTC15M-26OCT042030-30,0.0950,16.93,no
2026-10-05T00:28:34.35886Z,KXBTC15M-26OCT042030-30,0.0960,0.01,yes
2026-10-05T00:28:34.35886Z,KXBTC15M-26OCT042030-30,0.0970,49.78,yes
2026-10-05T00:28:34.35886Z,KXBTC15M-26OCT042030-30,0.0960,0.01,yes
2026-10-05T00:28:34.388882Z,KXBTC15M-26OCT042030-30,0.0960,0.01,yes
2026-10-05T00:28:34.388882Z,KXBTC15M-26OCT042030-30,0.0960,0.01,yes
2026-10-05T00:28:34.388882Z,KXBTC15M-26OCT042030-30,0.0970,5.98,yes
2026-10-05T00:28:34.404099Z,KXBTC15M-26OCT042030-30,0.0950,19.00,no
2026-10-05T00:28:34.405149Z,KXBTC15M-26OCT042030-30,0.0950,24.90,no
2026-10-05T00:28:34.409561Z,KXBTC15M-26OCT042030-30,0.0950,1.09,no
2026-10-05T00:28:34.414734Z,KXBTC15M-26OCT042030-30,0.0960,0.01,yes
2026-10-05T00:28:34.414734Z,KXBTC15M-26OCT042030-30,0.0960,0.01,yes
2026-10-05T00:28:34.414734Z,KXBTC15M-26OCT042030-30,0.0970,10.98,yes
2026-10-05T00:28:34.417635Z,KXBTC15M-26OCT042030-30,0.0950,21.00,no
2026-10-05T00:28:34.421235Z,KXBTC15M-26OCT042030-30,0.0950,10.75,no
2026-10-05T00:28:34.436079Z,KXBTC15M-26OCT042030-30,0.0950,21.61,no
2026-10-05T00:28:34.445933Z,KXBTC15M-26OCT042030-30,0.0950,0.01,no
2026-10-05T00:28:34.445933Z,KXBTC15M-26OCT042030-30,0.0950,284.72,no
2026-10-05T00:28:34.445933Z,KXBTC15M-26OCT042030-30,0.0950,16.34,no
2026-10-05T00:28:34.445933Z,KXBTC15M-26OCT042030-30,0.0950,0.01,no
2026-10-05T00:28:34.459429Z,KXBTC15M-26OCT042030-30,0.0950,10.85,no
2026-10-05T00:28:34.460172Z,KXBTC15M-26OCT042030-30,0.0950,32.39,no
2026-10-05T00:28:34.460321Z,KXBTC15M-26OCT042030-30,0.0950,13.63,no
2026-10-05T00:28:34.460321Z,KXBTC15M-26OCT042030-30,0.0950,108.42,no
2026-10-05T00:28:34.499325Z,KXBTC15M-26OCT042030-30,0.0950,26.99,no
2026-10-05T00:28:34.516255Z,KXBTC15M-26OCT042030-30,0.0970,28.99,yes
2026-10-05T00:28:34.559258Z,KXBTC15M-26OCT042030-30,0.0950,0.73,no
2026-10-05T00:28:34.559893Z,KXBTC15M-26OCT042030-30,0.0950,1.99,no
2026-10-05T00:28:34.574122Z,KXBTC15M-26OCT042030-30,0.0950,19.29,no
2026-10-05T00:28:34.576056Z,KXBTC15M-26OCT042030-30,0.0950,1.09,no
2026-10-05T00:28:34.577591Z,KXBTC15M-26OCT042030-30,0.0900,27.69,no
2026-10-05T00:28:34.577591Z,KXBTC15M-26OCT042030-30,0.0950,400.00,no
2026-10-05T00:28:34.577591Z,KXBTC15M-26OCT042030-30,0.0910,7.00,no
2026-10-05T00:28:34.577591Z,KXBTC15M-26OCT042030-30,0.0910,40.00,no
2026-10-05T00:28:34.577591Z,KXBTC15M-26OCT042030-30,0.0910,40.00,no
2026-10-05T00:28:34.577591Z,KXBTC15M-26OCT042030-30,0.0950,36.28,no
2026-10-05T00:28:34.577591Z,KXBTC15M-26OCT042030-30,0.0950,0.01,no
2026-10-05T00:28:34.577591Z,KXBTC15M-26OCT042030-30,0.0950,0.01,no
2026-10-05T00:28:34.577591Z,KXBTC15M-26OCT042030-30,0.0950,23.00,no
2026-10-05T00:28:34.577591Z,KXBTC15M-26OCT042030-30,0.0930,5.00,no
2026-10-05T00:28:34.577591Z,KXBTC15M-26OCT042030-30,0.0950,500.00,no
2026-10-05T00:28:34.577591Z,KXBTC15M-26OCT042030-30,0.0900,1.79,no
2026-10-05T00:28:34.577591Z,KXBTC15M-26OCT042030-30,0.0900,4.08,no
2026-10-05T00:28:34.577591Z,KXBTC15M-26OCT042030-30,0.0900,11.99,no
2026-10-05T00:28:34.577591Z,KXBTC15M-26OCT042030-30,0.0900,5.00,no
2026-10-05T00:28:34.577591Z,KXBTC15M-26OCT042030-30,0.0900,1.43,no
2026-10-05T00:28:34.577591Z,KXBTC15M-26OCT042030-30,0.0900,32.95,no
2026-10-05T00:28:34.577591Z,KXBTC15M-26OCT042030-30,0.0900,7.57,no
2026-10-05T00:28:34.577591Z,KXBTC15M-26OCT042030-30,0.0900,77.14,no
2026-10-05T00:28:34.577591Z,KXBTC15M-26OCT042030-30,0.0900,26.54,no
2026-10-05T00:28:34.606754Z,KXBTC15M-26OCT042030-30,0.0960,0.01,yes
2026-10-05T00:28:34.606754Z,KXBTC15M-26OCT042030-30,0.0960,6.00,yes
2026-10-05T00:28:34.606754Z,KXBTC15M-26OCT042030-30,0.0960,25.84,yes
2026-10-05T00:28:34.606754Z,KXBTC15M-26OCT042030-30,0.0960,0.01,yes
2026-10-05T00:28:34.606754Z,KXBTC15M-26OCT042030-30,0.0960,32.00,yes
2026-10-05T00:28:34.60967Z,KXBTC15M-26OCT042030-30,0.0950,0.01,no
2026-10-05T00:28:34.60967Z,KXBTC15M-26OCT042030-30,0.0950,0.01,no
2026-10-05T00:28:34.60967Z,KXBTC15M-26OCT042030-30,0.0950,64.69,no
2026-10-05T00:28:34.656896Z,KXBTC15M-26OCT042030-30,0.0900,579.13,no
2026-10-05T00:28:34.656896Z,KXBTC15M-26OCT042030-30,0.0910,40.00,no
2026-10-05T00:28:34.656896Z,KXBTC15M-26OCT042030-30,0.0910,40.00,no
2026-10-05T00:28:34.656896Z,KXBTC15M-26OCT042030-30,0.0950,0.01,no
2026-10-05T00:28:34.656896Z,KXBTC15M-26OCT042030-30,0.0950,400.00,no
2026-10-05T00:28:34.656896Z,KXBTC15M-26OCT042030-30,0.0950,0.01,no
2026-10-05T00:28:34.656896Z,KXBTC15M-26OCT042030-30,0.0900,11.93,no
2026-10-05T00:28:34.656896Z,KXBTC15M-26OCT042030-30,0.0900,1.30,no
2026-10-05T00:28:34.692058Z,KXBTC15M-26OCT042030-30,0.0960,0.01,yes
2026-10-05T00:28:34.692058Z,KXBTC15M-26OCT042030-30,0.0960,74.16,yes
2026-10-05T00:28:34.692058Z,KXBTC15M-26OCT042030-30,0.0960,7.00,yes
2026-10-05T00:28:34.692058Z,KXBTC15M-26OCT042030-30,0.0960,95.71,yes
2026-10-05T00:28:34.692058Z,KXBTC15M-26OCT042030-30,0.0960,7.00,yes
2026-10-05T00:28:34.692058Z,KXBTC15M-26OCT042030-30,0.0960,0.01,yes
2026-10-05T00:28:34.694941Z,KXBTC15M-26OCT042030-30,0.0960,73.00,yes
2026-10-05T00:28:34.711408Z,KXBTC15M-26OCT042030-30,0.0960,12.00,yes
2026-10-05T00:28:34.724911Z,KXBTC15M-26OCT042030-30,0.0950,10.00,no
2026-10-05T00:28:34.724911Z,KXBTC15M-26OCT042030-30,0.0950,119.50,no
2026-10-05T00:28:34.724911Z,KXBTC15M-26OCT042030-30,0.0950,0.01,no
2026-10-05T00:28:34.724911Z,KXBTC15M-26OCT042030-30,0.0950,0.01,no
2026-10-05T00:28:34.733915Z,KXBTC15M-26OCT042030-30,0.0950,125.84,no
2026-10-05T00:28:34.738318Z,KXBTC15M-26OCT042030-30,0.0950,1.36,no
2026-10-05T00:28:34.740393Z,KXBTC15M-26OCT042030-30,0.0950,0.01,no
2026-10-05T00:28:34.740393Z,KXBTC15M-26OCT042030-30,0.0940,18.00,no
2026-10-05T00:28:34.740393Z,KXBTC15M-26OCT042030-30,0.0950,0.01,no
2026-10-05T00:28:34.740393Z,KXBTC15M-26OCT042030-30,0.0940,9.42,no
2026-10-05T00:28:34.74196Z,KXBTC15M-26OCT042030-30,0.0940,5.48,no
2026-10-05T00:28:34.743018Z,KXBTC15M-26OCT042030-30,0.0960,19.29,yes
2026-10-05T00:28:34.743018Z,KXBTC15M-26OCT042030-30,0.0960,14.71,yes
2026-10-05T00:28:34.746378Z,KXBTC15M-26OCT042030-30,0.0880,54.85,no
2026-10-05T00:28:34.746378Z,KXBTC15M-26OCT042030-30,0.0900,50.00,no
2026-10-05T00:28:34.746378Z,KXBTC15M-26OCT042030-30,0.0900,117.87,no
2026-10-05T00:28:34.746378Z,KXBTC15M-26OCT042030-30,0.0890,8.00,no
2026-10-05T00:28:34.746378Z,KXBTC15M-26OCT042030-30,0.0920,0.01,no
2026-10-05T00:28:34.746378Z,KXBTC15M-26OCT042030-30,0.0920,0.01,no
2026-10-05T00:28:34.746378Z,KXBTC15M-26OCT042030-30,0.0890,41.00,no
2026-10-05T00:28:34.746378Z,KXBTC15M-26OCT042030-30,0.0890,41.00,no
2026-10-05T00:28:34.746378Z,KXBTC15M-26OCT042030-30,0.0900,3.38,no
2026-10-05T00:28:34.803574Z,KXBTC15M-26OCT042030-30,0.0950,78.60,yes
2026-10-05T00:28:34.803574Z,KXBTC15M-26OCT042030-30,0.0950,0.01,yes
2026-10-05T00:28:34.803574Z,KXBTC15M-26OCT042030-30,0.0950,8.00,yes
2026-10-05T00:28:34.803574Z,KXBTC15M-26OCT042030-30,0.0950,0.01,yes
2026-10-05T00:28:34.806944Z,KXBTC15M-26OCT042030-30,0.0940,169.76,no
2026-10-05T00:28:34.817165Z,KXBTC15M-26OCT042030-30,0.0970,89.93,yes
2026-10-05T00:28:34.817165Z,KXBTC15M-26OCT042030-30,0.0950,0.01,yes
2026-10-05T00:28:34.817165Z,KXBTC15M-26OCT042030-30,0.0960,0.01,yes
2026-10-05T00:28:34.817165Z,KXBTC15M-26OCT042030-30,0.0960,7.00,yes
2026-10-05T00:28:34.817165Z,KXBTC15M-26OCT042030-30,0.0960,0.01,yes
2026-10-05T00:28:34.818077Z,KXBTC15M-26OCT042030-30,0.0940,0.01,no
2026-10-05T00:28:34.818077Z,KXBTC15M-26OCT042030-30,0.0940,24.57,no
2026-10-05T00:28:34.818077Z,KXBTC15M-26OCT042030-30,0.0940,0.01,no
2026-10-05T00:28:34.821095Z,KXBTC15M-26OCT042030-30,0.0940,10.00,no
2026-10-05T00:28:34.82547Z,KXBTC15M-26OCT042030-30,0.0900,1.22,no
2026-10-05T00:28:34.82547Z,KXBTC15M-26OCT042030-30,0.0890,50.77,no
2026-10-05T00:28:34.82547Z,KXBTC15M-26OCT042030-30,0.0890,11.00,no
2026-10-05T00:28:34.82547Z,KXBTC15M-26OCT042030-30,0.0900,0.01,no
2026-10-05T00:28:34.827223Z,KXBTC15M-26OCT042030-30,0.0960,42.77,yes
2026-10-05T00:28:34.827223Z,KXBTC15M-26OCT042030-30,0.0950,0.01,yes
2026-10-05T00:28:34.841421Z,KXBTC15M-26OCT042030-30,0.0940,0.01,no
2026-10-05T00:28:34.841421Z,KXBTC15M-26OCT042030-30,0.0900,7.00,no
2026-10-05T00:28:34.841421Z,KXBTC15M-26OCT042030-30,0.0940,0.01,no
2026-10-05T00:28:34.841421Z,KXBTC15M-26OCT042030-30,0.0900,46.76,no
2026-10-05T00:28:34.862991Z,KXBTC15M-26OCT042030-30,0.0950,0.01,yes
2026-10-05T00:28:34.862991Z,KXBTC15M-26OCT042030-30,0.0910,0.01,yes
2026-10-05T00:28:34.862991Z,KXBTC15M-26OCT042030-30,0.0960,22.66,yes
2026-10-05T00:28:34.862991Z,KXBTC15M-26OCT042030-30,0.0910,0.67,yes
2026-10-05T00:28:34.862991Z,KXBTC15M-26OCT042030-30,0.0950,0.01,yes
2026-10-05T00:28:34.862991Z,KXBTC15M-26OCT042030-30,0.0960,0.01,yes
2026-10-05T00:28:34.862991Z,KXBTC15M-26OCT042030-30,0.0910,0.01,yes
2026-10-05T00:28:34.862991Z,KXBTC15M-26OCT042030-30,0.0950,48.00,yes
2026-10-05T00:28:34.873827Z,KXBTC15M-26OCT042030-30,0.0950,27.99,yes
2026-10-05T00:28:34.873827Z,KXBTC15M-26OCT042030-30,0.0940,52.00,yes
2026-10-05T00:28:34.873827Z,KXBTC15M-26OCT042030-30,0.0910,0.01,yes
2026-10-05T00:28:34.939338Z,KXBTC15M-26OCT042030-30,0.0900,1.38,no
2026-10-05T00:28:34.939338Z,KXBTC15M-26OCT042030-30,0.0900,1.21,no
2026-10-05T00:28:34.939338Z,KXBTC15M-26OCT042030-30,0.0900,0.05,no
2026-10-05T00:28:34.939338Z,KXBTC15M-26OCT042030-30,0.0900,0.01,no
2026-10-05T00:28:34.955508Z,KXBTC15M-26OCT042030-30,0.0910,0.01,yes
2026-10-05T00:28:34.955508Z,KXBTC15M-26OCT042030-30,0.0910,0.01,yes
2026-10-05T00:28:34.955508Z,KXBTC15M-26OCT042030-30,0.0910,0.01,yes
2026-10-05T00:28:34.965828Z,KXBTC15M-26OCT042030-30,0.0970,290.07,yes
2026-10-05T00:28:34.965828Z,KXBTC15M-26OCT042030-30,0.0910,0.01,yes
2026-10-05T00:28:34.965828Z,KXBTC15M-26OCT042030-30,0.0910,0.01,yes
2026-10-05T00:28:34.967167Z,KXBTC15M-26OCT042030-30,0.0900,12.90,no
2026-10-05T00:28:34.967826Z,KXBTC15M-26OCT042030-30,0.0900,146.09,no
2026-10-05T00:28:34.976391Z,KXBTC15M-26OCT042030-30,0.0920,7.00,no
2026-10-05T00:28:34.976391Z,KXBTC15M-26OCT042030-30,0.0930,10.00,no
2026-10-05T00:28:34.976391Z,KXBTC15M-26OCT042030-30,0.0920,23.00,no
2026-10-05T00:28:34.976391Z,KXBTC15M-26OCT042030-30,0.0910,201.96,no
2026-10-05T00:28:35.00426Z,KXBTC15M-26OCT042030-30,0.0930,0.01,no
2026-10-05T00:28:35.00426Z,KXBTC15M-26OCT042030-30,0.0930,0.01,no
2026-10-05T00:28:35.00426Z,KXBTC15M-26OCT042030-30,0.0930,1.32,no
2026-10-05T00:28:35.00627Z,KXBTC15M-26OCT042030-30,0.0930,2.92,no
2026-10-05T00:28:35.019799Z,KXBTC15M-26OCT042030-30,0.0920,7.00,no
2026-10-05T00:28:35.019799Z,KXBTC15M-26OCT042030-30,0.0920,37.49,no
2026-10-05T00:28:35.019799Z,KXBTC15M-26OCT042030-30,0.0930,0.01,no
2026-10-05T00:28:35.019799Z,KXBTC15M-26OCT042030-30,0.0930,0.01,no
2026-10-05T00:28:35.038675Z,KXBTC15M-26OCT042030-30,0.0930,7.00,no
2026-10-05T00:28:35.038675Z,KXBTC15M-26OCT042030-30,0.0930,36.98,no
2026-10-05T00:28:35.038675Z,KXBTC15M-26OCT042030-30,0.0930,0.01,no
2026-10-05T00:28:35.038675Z,KXBTC15M-26OCT042030-30,0.0930,0.01,no
2026-10-05T00:28:35.042494Z,KXBTC15M-26OCT042030-30,0.0930,21.49,no
2026-10-05T00:28:35.043002Z,KXBTC15M-26OCT042030-30,0.0930,10.75,no
2026-10-05T00:28:35.057289Z,KXBTC15M-26OCT042030-30,0.0930,73.14,no
2026-10-05T00:28:35.066178Z,KXBTC15M-26OCT042030-30,0.0930,67.37,no
2026-10-05T00:28:35.077348Z,KXBTC15M-26OCT042030-30,0.0930,10.00,no
2026-10-05T00:28:35.081107Z,KXBTC15M-26OCT042030-30,0.0940,0.01,yes
2026-10-05T00:28:35.081107Z,KXBTC15M-26OCT042030-30,0.0940,0.01,yes
2026-10-05T00:28:35.081107Z,KXBTC15M-26OCT042030-30,0.0940,90.00,yes
2026-10-05T00:28:35.081107Z,KXBTC15M-26OCT042030-30,0.0940,26.25,yes
2026-10-05T00:28:35.088652Z,KXBTC15M-26OCT042030-30,0.0930,16.74,no
2026-10-05T00:28:35.090283Z,KXBTC15M-26OCT042030-30,0.0930,76.79,no
2026-10-05T00:28:35.09029Z,KXBTC15M-26OCT042030-30,0.0930,3.17,no
2026-10-05T00:28:35.119988Z,KXBTC15M-26OCT042030-30,0.0930,33.00,no
2026-10-05T00:28:35.135594Z,KXBTC15M-26OCT042030-30,0.0930,2.34,no
2026-10-05T00:28:35.149006Z,KXBTC15M-26OCT042030-30,0.0930,22.56,no
2026-10-05T00:28:35.149168Z,KXBTC15M-26OCT042030-30,0.0930,0.01,no
2026-10-05T00:28:35.149168Z,KXBTC15M-26OCT042030-30,0.0920,25.50,no
2026-10-05T00:28:35.149168Z,KXBTC15M-26OCT042030-30,0.0930,0.05,no
2026-10-05T00:28:35.149168Z,KXBTC15M-26OCT042030-30,0.0930,25.67,no
2026-10-05T00:28:35.149168Z,KXBTC15M-26OCT042030-30,0.0930,0.01,no
2026-10-05T00:28:35.149501Z,KXBTC15M-26OCT042030-30,0.0920,1.00,no
2026-10-05T00:28:35.173742Z,KXBTC15M-26OCT042030-30,0.0920,13.50,no
2026-10-05T00:28:35.173742Z,KXBTC15M-26OCT042030-30,0.0920,7.00,no
2026-10-05T00:28:35.173742Z,KXBTC15M-26OCT042030-30,0.0920,9.50,no
2026-10-05T00:28:35.190019Z,KXBTC15M-26OCT042030-30,0.0920,26.00,no
2026-10-05T00:28:35.190019Z,KXBTC15M-26OCT042030-30,0.0930,0.01,no
2026-10-05T00:28:35.190019Z,KXBTC15M-26OCT042030-30,0.0930,0.01,no
2026-10-05T00:28:35.190019Z,KXBTC15M-26OCT042030-30,0.0920,3.96,no
2026-10-05T00:28:35.190019Z,KXBTC15M-26OCT042030-30,0.0920,0.01,no
2026-10-05T00:28:35.190019Z,KXBTC15M-26OCT042030-30,0.0920,0.01,no
2026-10-05T00:28:35.191764Z,KXBTC15M-26OCT042030-30,0.0910,3.43,no
2026-10-05T00:28:35.191764Z,KXBTC15M-26OCT042030-30,0.0920,3.04,no
2026-10-05T00:28:35.192061Z,KXBTC15M-26OCT042030-30,0.0910,30.00,no
2026-10-05T00:28:35.195349Z,KXBTC15M-26OCT042030-30,0.0940,4.84,yes
2026-10-05T00:28:35.197294Z,KXBTC15M-26OCT042030-30,0.0910,53.74,no
2026-10-05T00:28:35.197294Z,KXBTC15M-26OCT042030-30,0.0920,0.01,no
2026-10-05T00:28:35.197455Z,KXBTC15M-26OCT042030-30,0.0910,27.95,no
2026-10-05T00:28:35.200771Z,KXBTC15M-26OCT042030-30,0.0910,16.99,no
2026-10-05T00:28:35.211116Z,KXBTC15M-26OCT042030-30,0.0940,21.27,yes
2026-10-05T00:28:35.220784Z,KXBTC15M-26OCT042030-30,0.0920,0.27,no
2026-10-05T00:28:35.220784Z,KXBTC15M-26OCT042030-30,0.0920,0.05,no
2026-10-05T00:28:35.225351Z,KXBTC15M-26OCT042030-30,0.0930,2.00,no
2026-10-05T00:28:35.230483Z,KXBTC15M-26OCT042030-30,0.0930,90.00,no
2026-10-05T00:28:35.231189Z,KXBTC15M-26OCT042030-30,0.0930,3.27,no
2026-10-05T00:28:35.241115Z,KXBTC15M-26OCT042030-30,0.0920,6.90,no
2026-10-05T00:28:35.24949Z,KXBTC15M-26OCT042030-30,0.0910,71.97,no
2026-10-05T00:28:35.262483Z,KXBTC15M-26OCT042030-30,0.0940,9.69,yes
2026-10-05T00:28:35.278919Z,KXBTC15M-26OCT042030-30,0.0920,60.06,no
2026-10-05T00:28:35.28018Z,KXBTC15M-26OCT042030-30,0.0920,10.00,no
2026-10-05T00:28:35.289305Z,KXBTC15M-26OCT042030-30,0.0920,58.52,no
2026-10-05T00:28:35.289305Z,KXBTC15M-26OCT042030-30,0.0920,7.00,no
2026-10-05T00:28:35.295798Z,KXBTC15M-26OCT042030-30,0.0910,684.30,no
2026-10-05T00:28:35.295798Z,KXBTC15M-26OCT042030-30,0.0920,400.00,no
2026-10-05T00:28:35.295798Z,KXBTC15M-26OCT042030-30,0.0920,7.00,no
2026-10-05T00:28:35.314749Z,KXBTC15M-26OCT042030-30,0.0920,8.68,yes
2026-10-05T00:28:35.317964Z,KXBTC15M-26OCT042030-30,0.0840,64.47,no
2026-10-05T00:28:35.317964Z,KXBTC15M-26OCT042030-30,0.0870,42.00,no
2026-10-05T00:28:35.317964Z,KXBTC15M-26OCT042030-30,0.0850,8.00,no
2026-10-05T00:28:35.317964Z,KXBTC15M-26OCT042030-30,0.0850,43.00,no
2026-10-05T00:28:35.317964Z,KXBTC15M-26OCT042030-30,0.0870,10.00,no
2026-10-05T00:28:35.317964Z,KXBTC15M-26OCT042030-30,0.0910,0.01,no
2026-10-05T00:28:35.322348Z,KXBTC15M-26OCT042030-30,0.0840,3.79,no
2026-10-05T00:28:35.322348Z,KXBTC15M-26OCT042030-30,0.0910,1.21,no
2026-10-05T00:28:35.377165Z,KXBTC15M-26OCT042030-30,0.0850,1.20,no
2026-10-05T00:28:35.377165Z,KXBTC15M-26OCT042030-30,0.0850,2.00,no
2026-10-05T00:28:35.384794Z,KXBTC15M-26OCT042030-30,0.0850,26.83,no
2026-10-05T00:28:35.388997Z,KXBTC15M-26OCT042030-30,0.0850,10.73,no
2026-10-05T00:28:35.427342Z,KXBTC15M-26OCT042030-30,0.0850,1.06,no
2026-10-05T00:28:35.430058Z,KXBTC15M-26OCT042030-30,0.0850,19.50,no
2026-10-05T00:28:35.432769Z,KXBTC15M-26OCT042030-30,0.0850,43.02,no
2026-10-05T00:28:35.449765Z,KXBTC15M-26OCT042030-30,0.0850,7.52,no
2026-10-05T00:28:35.460463Z,KXBTC15M-26OCT042030-30,0.0850,126.66,no
2026-10-05T00:28:35.465369Z,KXBTC15M-26OCT042030-30,0.0850,47.32,no
2026-10-05T00:28:35.465369Z,KXBTC15M-26OCT042030-30,0.0850,162.68,no
2026-10-05T00:28:35.477314Z,KXBTC15M-26OCT042030-30,0.0850,1.29,no
2026-10-05T00:28:35.501684Z,KXBTC15M-26OCT042030-30,0.0860,0.18,yes
2026-10-05T00:28:35.504232Z,KXBTC15M-26OCT042030-30,0.0860,6.00,yes
2026-10-05T00:28:35.509132Z,KXBTC15M-26OCT042030-30,0.0850,11.26,no
2026-10-05T00:28:35.525558Z,KXBTC15M-26OCT042030-30,0.0850,4.10,no
2026-10-05T00:28:35.536134Z,KXBTC15M-26OCT042030-30,0.0860,0.01,yes
2026-10-05T00:28:35.536134Z,KXBTC15M-26OCT042030-30,0.0860,8.16,yes
2026-10-05T00:28:35.536134Z,KXBTC15M-26OCT042030-30,0.0860,0.01,yes
2026-10-05T00:28:35.536134Z,KXBTC15M-26OCT042030-30,0.0860,1.82,yes
2026-10-05T00:28:35.552293Z,KXBTC15M-26OCT042030-30,0.0860,2.50,yes
2026-10-05T00:28:35.55692Z,KXBTC15M-26OCT042030-30,0.0850,0.24,no
2026-10-05T00:28:35.55692Z,KXBTC15M-26OCT042030-30,0.0850,0.01,no
2026-10-05T00:28:35.559635Z,KXBTC15M-26OCT042030-30,0.0840,1.00,no
2026-10-05T00:28:35.559635Z,KXBTC15M-26OCT042030-30,0.0840,5.00,no
2026-10-05T00:28:35.559635Z,KXBTC15M-26OCT042030-30,0.0830,2.00,no
2026-10-05T00:28:35.559635Z,KXBTC15M-26OCT042030-30,0.0830,139.24,no
2026-10-05T00:28:35.559635Z,KXBTC15M-26OCT042030-30,0.0850,7.76,no
2026-10-05T00:28:35.559635Z,KXBTC15M-26OCT042030-30,0.0830,8.00,no
2026-10-05T00:28:35.559635Z,KXBTC15M-26OCT042030-30,0.0830,9.00,no
2026-10-05T00:28:35.559882Z,KXBTC15M-26OCT042030-30,0.0830,7.33,no
2026-10-05T00:28:35.565093Z,KXBTC15M-26OCT042030-30,0.0850,7.31,no
2026-10-05T00:28:35.576194Z,KXBTC15M-26OCT042030-30,0.0850,49.80,no
2026-10-05T00:28:35.581648Z,KXBTC15M-26OCT042030-30,0.0850,53.67,no
2026-10-05T00:28:35.594611Z,KXBTC15M-26OCT042030-30,0.0860,10.00,yes
2026-10-05T00:28:35.596451Z,KXBTC15M-26OCT042030-30,0.0830,34.10,no
2026-10-05T00:28:35.596451Z,KXBTC15M-26OCT042030-30,0.0850,0.24,no
2026-10-05T00:28:35.607538Z,KXBTC15M-26OCT042030-30,0.0840,8.00,no
2026-10-05T00:28:35.607538Z,KXBTC15M-26OCT042030-30,0.0830,2.78,no
2026-10-05T00:28:35.613046Z,KXBTC15M-26OCT042030-30,0.0830,268.64,no
2026-10-05T00:28:35.618479Z,KXBTC15M-26OCT042030-30,0.0860,2.55,yes
2026-10-05T00:28:35.633454Z,KXBTC15M-26OCT042030-30,0.0840,14.50,no
2026-10-05T00:28:35.66081Z,KXBTC15M-26OCT042030-30,0.0840,266.65,no
2026-10-05T00:28:35.66081Z,KXBTC15M-26OCT042030-30,0.0840,400.00,no
2026-10-05T00:28:35.689913Z,KXBTC15M-26OCT042030-30,0.0840,60.44,no
2026-10-05T00:28:35.701367Z,KXBTC15M-26OCT042030-30,0.0840,1.04,no
2026-10-05T00:28:35.710186Z,KXBTC15M-26OCT042030-30,0.0840,48.24,no
2026-10-05T00:28:35.730369Z,KXBTC15M-26OCT042030-30,0.0860,3.95,yes
2026-10-05T00:28:35.730369Z,KXBTC15M-26OCT042030-30,0.0850,0.01,yes
2026-10-05T00:28:35.730369Z,KXBTC15M-26OCT042030-30,0.0850,0.01,yes
2026-10-05T00:28:35.730369Z,KXBTC15M-26OCT042030-30,0.0850,1.00,yes
2026-10-05T00:28:35.730369Z,KXBTC15M-26OCT042030-30,0.0860,11.15,yes
2026-10-05T00:28:35.751604Z,KXBTC15M-26OCT042030-30,0.0840,29.10,no
2026-10-05T00:28:35.751628Z,KXBTC15M-26OCT042030-30,0.0840,107.01,no
2026-10-05T00:28:35.75758Z,KXBTC15M-26OCT042030-30,0.0860,0.85,yes
2026-10-05T00:28:35.75758Z,KXBTC15M-26OCT042030-30,0.0850,0.01,yes
2026-10-05T00:28:35.75758Z,KXBTC15M-26OCT042030-30,0.0850,0.01,yes
2026-10-05T00:28:35.75758Z,KXBTC15M-26OCT042030-30,0.0860,9.93,yes
2026-10-05T00:28:35.76129Z,KXBTC15M-26OCT042030-30,0.0860,1.00,yes
2026-10-05T00:28:35.76129Z,KXBTC15M-26OCT042030-30,0.0860,9.07,yes
2026-10-05T00:28:35.76129Z,KXBTC15M-26OCT042030-30,0.0880,36.00,yes
2026-10-05T00:28:35.76129Z,KXBTC15M-26OCT042030-30,0.0880,5.01,yes
2026-10-05T00:28:35.76129Z,KXBTC15M-26OCT042030-30,0.0860,0.01,yes
2026-10-05T00:28:35.77054Z,KXBTC15M-26OCT042030-30,0.0840,104.26,no
2026-10-05T00:28:35.77054Z,KXBTC15M-26OCT042030-30,0.0840,3.49,no
2026-10-05T00:28:35.777839Z,KXBTC15M-26OCT042030-30,0.0880,500.00,yes
2026-10-05T00:28:35.777839Z,KXBTC15M-26OCT042030-30,0.0890,365.00,yes
2026-10-05T00:28:35.777839Z,KXBTC15M-26OCT042030-30,0.0880,87.00,yes
2026-10-05T00:28:35.777839Z,KXBTC15M-26OCT042030-30,0.0880,14.99,yes
2026-10-05T00:28:35.777839Z,KXBTC15M-26OCT042030-30,0.0850,0.01,yes
2026-10-05T00:28:35.777839Z,KXBTC15M-26OCT042030-30,0.0880,7.00,yes
2026-10-05T00:28:35.809432Z,KXBTC15M-26OCT042030-30,0.0840,5.32,no
2026-10-05T00:28:35.814084Z,KXBTC15M-26OCT042030-30,0.0860,0.01,yes
2026-10-05T00:28:35.814084Z,KXBTC15M-26OCT042030-30,0.0850,0.01,yes
2026-10-05T00:28:35.814084Z,KXBTC15M-26OCT042030-30,0.0850,0.01,yes
2026-10-05T00:28:35.814084Z,KXBTC15M-26OCT042030-30,0.0890,103.02,yes
2026-10-05T00:28:35.825785Z,KXBTC15M-26OCT042030-30,0.0850,0.01,yes
2026-10-05T00:28:35.825785Z,KXBTC15M-26OCT042030-30,0.0850,0.01,yes
2026-10-05T00:28:35.825785Z,KXBTC15M-26OCT042030-30,0.0890,56.03,yes
2026-10-05T00:28:35.851246Z,KXBTC15M-26OCT042030-30,0.0840,31.62,no
2026-10-05T00:28:35.858356Z,KXBTC15M-26OCT042030-30,0.0850,0.01,yes
2026-10-05T00:28:35.858356Z,KXBTC15M-26OCT042030-30,0.0850,0.01,yes
2026-10-05T00:28:35.858356Z,KXBTC15M-26OCT042030-30,0.0890,6.92,yes
2026-10-05T00:28:35.877768Z,KXBTC15M-26OCT042030-30,0.0840,22.58,no
2026-10-05T00:28:35.909488Z,KXBTC15M-26OCT042030-30,0.0840,34.23,no
2026-10-05T00:28:35.909488Z,KXBTC15M-26OCT042030-30,0.0840,236.22,no
2026-10-05T00:28:35.909488Z,KXBTC15M-26OCT042030-30,0.0840,0.01,no
2026-10-05T00:28:35.909488Z,KXBTC15M-26OCT042030-30,0.0840,0.01,no
2026-10-05T00:28:35.909679Z,KXBTC15M-26OCT042030-30,0.0840,21.28,no
2026-10-05T00:28:35.91047Z,KXBTC15M-26OCT042030-30,0.0840,75.67,no
2026-10-05T00:28:35.918268Z,KXBTC15M-26OCT042030-30,0.0870,0.01,yes
2026-10-05T00:28:35.918268Z,KXBTC15M-26OCT042030-30,0.0850,0.01,yes
2026-10-05T00:28:35.918268Z,KXBTC15M-26OCT042030-30,0.0870,0.01,yes
2026-10-05T00:28:35.918268Z,KXBTC15M-26OCT042030-30,0.0890,5.51,yes
2026-10-05T00:28:35.918268Z,KXBTC15M-26OCT042030-30,0.0850,0.01,yes
2026-10-05T00:28:35.922542Z,KXBTC15M-26OCT042030-30,0.0840,1.26,no
2026-10-05T00:28:35.935791Z,KXBTC15M-26OCT042030-30,0.0890,5.55,yes
2026-10-05T00:28:35.9476Z,KXBTC15M-26OCT042030-30,0.0840,24.90,no
2026-10-05T00:28:35.948213Z,KXBTC15M-26OCT042030-30,0.0820,24.94,no
2026-10-05T00:28:35.948213Z,KXBTC15M-26OCT042030-30,0.0840,400.00,no
2026-10-05T00:28:35.948213Z,KXBTC15M-26OCT042030-30,0.0840,125.37,no
2026-10-05T00:28:35.948213Z,KXBTC15M-26OCT042030-30,0.0840,0.01,no
2026-10-05T00:28:35.948213Z,KXBTC15M-26OCT042030-30,0.0830,8.00,no
2026-10-05T00:28:35.948213Z,KXBTC15M-26OCT042030-30,0.0840,0.01,no
2026-10-05T00:28:35.948213Z,KXBTC15M-26OCT042030-30,0.0840,0.05,no
2026-10-05T00:28:35.948213Z,KXBTC15M-26OCT042030-30,0.0830,178.19,no
2026-10-05T00:28:35.950497Z,KXBTC15M-26OCT042030-30,0.0820,5.36,no
2026-10-05T00:28:35.981939Z,KXBTC15M-26OCT042030-30,0.0860,0.01,yes
2026-10-05T00:28:35.981939Z,KXBTC15M-26OCT042030-30,0.0860,2.00,yes
2026-10-05T00:28:35.981939Z,KXBTC15M-26OCT042030-30,0.0890,7.48,yes
2026-10-05T00:28:35.981939Z,KXBTC15M-26OCT042030-30,0.0860,0.01,yes
2026-10-05T00:28:36.022879Z,KXBTC15M-26OCT042030-30,0.0840,0.01,no
2026-10-05T00:28:36.022879Z,KXBTC15M-26OCT042030-30,0.0840,399.99,no
2026-10-05T00:28:36.035165Z,KXBTC15M-26OCT042030-30,0.0820,467.43,no
2026-10-05T00:28:36.035165Z,KXBTC15M-26OCT042030-30,0.0840,0.01,no
2026-10-05T00:28:36.035165Z,KXBTC15M-26OCT042030-30,0.0830,88.00,no
2026-10-05T00:28:36.035165Z,KXBTC15M-26OCT042030-30,0.0840,0.05,no
2026-10-05T00:28:36.035165Z,KXBTC15M-26OCT042030-30,0.0830,500.00,no
2026-10-05T00:28:36.035165Z,KXBTC15M-26OCT042030-30,0.0830,8.00,no
2026-10-05T00:28:36.035165Z,KXBTC15M-26OCT042030-30,0.0840,0.01,no
2026-10-05T00:28:36.035165Z,KXBTC15M-26OCT042030-30,0.0840,0.01,no
2026-10-05T00:28:36.067049Z,KXBTC15M-26OCT042030-30,0.0800,500.00,no
2026-10-05T00:28:36.067049Z,KXBTC15M-26OCT042030-30,0.0820,2.27,no
2026-10-05T00:28:36.067049Z,KXBTC15M-26OCT042030-30,0.0830,0.01,no
2026-10-05T00:28:36.067049Z,KXBTC15M-26OCT042030-30,0.0820,0.01,no
2026-10-05T00:28:36.067049Z,KXBTC15M-26OCT042030-30,0.0810,8.00,no
2026-10-05T00:28:36.067049Z,KXBTC15M-26OCT042030-30,0.0820,0.01,no
2026-10-05T00:28:36.067049Z,KXBTC15M-26OCT042030-30,0.0830,8.00,no
2026-10-05T00:28:36.067049Z,KXBTC15M-26OCT042030-30,0.0820,2.00,no
2026-10-05T00:28:36.067049Z,KXBTC15M-26OCT042030-30,0.0810,2.00,no
2026-10-05T00:28:36.067049Z,KXBTC15M-26OCT042030-30,0.0810,2.00,no
2026-10-05T00:28:36.067049Z,KXBTC15M-26OCT042030-30,0.0810,24.00,no
2026-10-05T00:28:36.067049Z,KXBTC15M-26OCT042030-30,0.0800,5.00,no
2026-10-05T00:28:36.067049Z,KXBTC15M-26OCT042030-30,0.0800,35.63,no
2026-10-05T00:28:36.073793Z,KXBTC15M-26OCT042030-30,0.0840,42.92,no
2026-10-05T00:28:36.073793Z,KXBTC15M-26OCT042030-30,0.0840,0.01,no
2026-10-05T00:28:36.104505Z,KXBTC15M-26OCT042030-30,0.0850,0.01,yes
2026-10-05T00:28:36.104505Z,KXBTC15M-26OCT042030-30,0.0850,199.98,yes
2026-10-05T00:28:36.104505Z,KXBTC15M-26OCT042030-30,0.0850,0.01,yes
2026-10-05T00:28:36.104505Z,KXBTC15M-26OCT042030-30,0.0850,50.00,yes
2026-10-05T00:28:36.106807Z,KXBTC15M-26OCT042030-30,0.0840,0.01,no
2026-10-05T00:28:36.106807Z,KXBTC15M-26OCT042030-30,0.0820,0.05,no
2026-10-05T00:28:36.106807Z,KXBTC15M-26OCT042030-30,0.0840,0.01,no
2026-10-05T00:28:36.106807Z,KXBTC15M-26OCT042030-30,0.0820,0.01,no
2026-10-05T00:28:36.106807Z,KXBTC15M-26OCT042030-30,0.0820,0.01,no
2026-10-05T00:28:36.106807Z,KXBTC15M-26OCT042030-30,0.0810,1.21,no
2026-10-05T00:28:36.106807Z,KXBTC15M-26OCT042030-30,0.0800,2.22,no
2026-10-05T00:28:36.108452Z,KXBTC15M-26OCT042030-30,0.0850,0.25,yes
2026-10-05T00:28:36.115516Z,KXBTC15M-26OCT042030-30,0.0850,4.98,yes
2026-10-05T00:28:36.12325Z,KXBTC15M-26OCT042030-30,0.0810,8.00,no
2026-10-05T00:28:36.12325Z,KXBTC15M-26OCT042030-30,0.0840,0.01,no
2026-10-05T00:28:36.12325Z,KXBTC15M-26OCT042030-30,0.0840,0.01,no
2026-10-05T00:28:36.12325Z,KXBTC15M-26OCT042030-30,0.0800,389.03,no
2026-10-05T00:28:36.12325Z,KXBTC15M-26OCT042030-30,0.0800,2.95,no
2026-10-05T00:28:36.138628Z,KXBTC15M-26OCT042030-30,0.0840,0.01,no
2026-10-05T00:28:36.138628Z,KXBTC15M-26OCT042030-30,0.0840,0.01,no
2026-10-05T00:28:36.138628Z,KXBTC15M-26OCT042030-30,0.0800,1.85,no
2026-10-05T00:28:36.162505Z,KXBTC15M-26OCT042030-30,0.0800,50.00,no
2026-10-05T00:28:36.16915Z,KXBTC15M-26OCT042030-30,0.0800,0.01,no
2026-10-05T00:28:36.16915Z,KXBTC15M-26OCT042030-30,0.0800,84.57,no
2026-10-05T00:28:36.16915Z,KXBTC15M-26OCT042030-30,0.0800,0.01,no
2026-10-05T00:28:36.16915Z,KXBTC15M-26OCT042030-30,0.0800,400.00,no
2026-10-05T00:28:36.16915Z,KXBTC15M-26OCT042030-30,0.0800,21.86,no
2026-10-05T00:28:36.16915Z,KXBTC15M-26OCT042030-30,0.0800,5.00,no
2026-10-05T00:28:36.16915Z,KXBTC15M-26OCT042030-30,0.0800,6.16,no
2026-10-05T00:28:36.16915Z,KXBTC15M-26OCT042030-30,0.0800,3.69,no
2026-10-05T00:28:36.16915Z,KXBTC15M-26OCT042030-30,0.0800,1.23,no
2026-10-05T00:28:36.16915Z,KXBTC15M-26OCT042030-30,0.0800,12.20,no
2026-10-05T00:28:36.16915Z,KXBTC15M-26OCT042030-30,0.0800,4.25,no
2026-10-05T00:28:36.16915Z,KXBTC15M-26OCT042030-30,0.0800,1.21,no
2026-10-05T00:28:36.16915Z,KXBTC15M-26OCT042030-30,0.0800,2.07,no
2026-10-05T00:28:36.186368Z,KXBTC15M-26OCT042030-30,0.0820,5.81,no
2026-10-05T00:28:36.195628Z,KXBTC15M-26OCT042030-30,0.0820,25.00,no
2026-10-05T00:28:36.199494Z,KXBTC15M-26OCT042030-30,0.0740,1.00,no
2026-10-05T00:28:36.199494Z,KXBTC15M-26OCT042030-30,0.0720,500.00,no
2026-10-05T00:28:36.199494Z,KXBTC15M-26OCT042030-30,0.0740,500.00,no
2026-10-05T00:28:36.199494Z,KXBTC15M-26OCT042030-30,0.0760,500.00,no
2026-10-05T00:28:36.199494Z,KXBTC15M-26OCT042030-30,0.0800,0.01,no
2026-10-05T00:28:36.199494Z,KXBTC15M-26OCT042030-30,0.0770,8.00,no
2026-10-05T00:28:36.199494Z,KXBTC15M-26OCT042030-30,0.0750,15.00,no
2026-10-05T00:28:36.199494Z,KXBTC15M-26OCT042030-30,0.0770,2.00,no
2026-10-05T00:28:36.199494Z,KXBTC15M-26OCT042030-30,0.0750,64.00,no
2026-10-05T00:28:36.199494Z,KXBTC15M-26OCT042030-30,0.0780,2.00,no
2026-10-05T00:28:36.199494Z,KXBTC15M-26OCT042030-30,0.0790,2.00,no
2026-10-05T00:28:36.199494Z,KXBTC15M-26OCT042030-30,0.0820,69.19,no
2026-10-05T00:28:36.199494Z,KXBTC15M-26OCT042030-30,0.0720,5.49,no
2026-10-05T00:28:36.199494Z,KXBTC15M-26OCT042030-30,0.0780,2.00,no
2026-10-05T00:28:36.199494Z,KXBTC15M-26OCT042030-30,0.0770,48.00,no
2026-10-05T00:28:36.199494Z,KXBTC15M-26OCT042030-30,0.0800,46.00,no
2026-10-05T00:28:36.199494Z,KXBTC15M-26OCT042030-30,0.0800,100.00,no
2026-10-05T00:28:36.199494Z,KXBTC15M-26OCT042030-30,0.0790,24.00,no
2026-10-05T00:28:36.199494Z,KXBTC15M-26OCT042030-30,0.0750,64.00,no
2026-10-05T00:28:36.199494Z,KXBTC15M-26OCT042030-30,0.0770,2.00,no
2026-10-05T00:28:36.199494Z,KXBTC15M-26OCT042030-30,0.0780,67.66,no
2026-10-05T00:28:36.199494Z,KXBTC15M-26OCT042030-30,0.0810,100.00,no
2026-10-05T00:28:36.199494Z,KXBTC15M-26OCT042030-30,0.0820,400.00,no
2026-10-05T00:28:36.199494Z,KXBTC15M-26OCT042030-30,0.0760,2.00,no
2026-10-05T00:28:36.208849Z,KXBTC15M-26OCT042030-30,0.0820,51.30,no
2026-10-05T00:28:36.216782Z,KXBTC15M-26OCT042030-30,0.0830,1.23,yes
2026-10-05T00:28:36.220885Z,KXBTC15M-26OCT042030-30,0.0820,5.31,no
2026-10-05T00:28:36.24138Z,KXBTC15M-26OCT042030-30,0.0750,10.63,no
2026-10-05T00:28:36.242726Z,KXBTC15M-26OCT042030-30,0.0820,12.32,yes
2026-10-05T00:28:36.28762Z,KXBTC15M-26OCT042030-30,0.0750,1.00,no
2026-10-05T00:28:36.288314Z,KXBTC15M-26OCT042030-30,0.0730,2.00,no
2026-10-05T00:28:36.288314Z,KXBTC15M-26OCT042030-30,0.0750,0.20,no
2026-10-05T00:28:36.288314Z,KXBTC15M-26OCT042030-30,0.0740,2.00,no
2026-10-05T00:28:36.288314Z,KXBTC15M-26OCT042030-30,0.0730,4.30,no
2026-10-05T00:28:36.297468Z,KXBTC15M-26OCT042030-30,0.0700,22.00,no
2026-10-05T00:28:36.297468Z,KXBTC15M-26OCT042030-30,0.0700,1.10,no
2026-10-05T00:28:36.297468Z,KXBTC15M-26OCT042030-30,0.0700,22.00,no
2026-10-05T00:28:36.297468Z,KXBTC15M-26OCT042030-30,0.0700,0.10,no
2026-10-05T00:28:36.297468Z,KXBTC15M-26OCT042030-30,0.0700,60.21,no
2026-10-05T00:28:36.297468Z,KXBTC15M-26OCT042030-30,0.0700,29.49,no
2026-10-05T00:28:36.297468Z,KXBTC15M-26OCT042030-30,0.0700,70.00,no
2026-10-05T00:28:36.297468Z,KXBTC15M-26OCT042030-30,0.0700,4.63,no
2026-10-05T00:28:36.297468Z,KXBTC15M-26OCT042030-30,0.0700,2.72,no
2026-10-05T00:28:36.302624Z,KXBTC15M-26OCT042030-30,0.0690,52.00,no
2026-10-05T00:28:36.302624Z,KXBTC15M-26OCT042030-30,0.0660,1.17,no
2026-10-05T00:28:36.308458Z,KXBTC15M-26OCT042030-30,0.0700,52.73,yes
2026-10-05T00:28:36.33041Z,KXBTC15M-26OCT042030-30,0.0690,2.00,no
2026-10-05T00:28:36.33041Z,KXBTC15M-26OCT042030-30,0.0690,33.57,no
2026-10-05T00:28:36.33041Z,KXBTC15M-26OCT042030-30,0.0690,2.00,no
2026-10-05T00:28:36.337645Z,KXBTC15M-26OCT042030-30,0.0700,138.02,yes
2026-10-05T00:28:36.337645Z,KXBTC15M-26OCT042030-30,0.0700,881.99,yes
2026-10-05T00:28:36.36568Z,KXBTC15M-26OCT042030-30,0.0690,4.11,no
2026-10-05T00:28:36.36568Z,KXBTC15M-26OCT042030-30,0.0690,1.20,no
2026-10-05T00:28:36.372521Z,KXBTC15M-26OCT042030-30,0.0700,0.01,yes
2026-10-05T00:28:36.372521Z,KXBTC15M-26OCT042030-30,0.0700,0.01,yes
2026-10-05T00:28:36.372521Z,KXBTC15M-26OCT042030-30,0.0730,3.26,yes
2026-10-05T00:28:36.380695Z,KXBTC15M-26OCT042030-30,0.0690,5.25,no
2026-10-05T00:28:36.380695Z,KXBTC15M-26OCT042030-30,0.0710,2.00,no
2026-10-05T00:28:36.396915Z,KXBTC15M-26OCT042030-30,0.0730,21.39,yes
2026-10-05T00:28:36.403603Z,KXBTC15M-26OCT042030-30,0.0640,1.00,no
2026-10-05T00:28:36.403603Z,KXBTC15M-26OCT042030-30,0.0620,500.00,no
2026-10-05T00:28:36.403603Z,KXBTC15M-26OCT042030-30,0.0600,32.98,no
2026-10-05T00:28:36.403603Z,KXBTC15M-26OCT042030-30,0.0680,2.00,no
2026-10-05T00:28:36.403603Z,KXBTC15M-26OCT042030-30,0.0710,66.00,no
2026-10-05T00:28:36.403603Z,KXBTC15M-26OCT042030-30,0.0690,2.00,no
2026-10-05T00:28:36.403603Z,KXBTC15M-26OCT042030-30,0.0650,93.75,no
2026-10-05T00:28:36.403603Z,KXBTC15M-26OCT042030-30,0.0670,2.00,no
2026-10-05T00:28:36.403603Z,KXBTC15M-26OCT042030-30,0.0680,9.00,no
2026-10-05T00:28:36.403603Z,KXBTC15M-26OCT042030-30,0.0650,93.75,no
2026-10-05T00:28:36.403603Z,KXBTC15M-26OCT042030-30,0.0650,500.00,no
2026-10-05T00:28:36.403603Z,KXBTC15M-26OCT042030-30,0.0680,54.00,no
2026-10-05T00:28:36.403603Z,KXBTC15M-26OCT042030-30,0.0690,106.00,no
2026-10-05T00:28:36.403603Z,KXBTC15M-26OCT042030-30,0.0690,400.00,no
2026-10-05T00:28:36.403603Z,KXBTC15M-26OCT042030-30,0.0650,56.00,no
2026-10-05T00:28:36.403603Z,KXBTC15M-26OCT042030-30,0.0670,1500.00,no
2026-10-05T00:28:36.403603Z,KXBTC15M-26OCT042030-30,0.0670,2.00,no
2026-10-05T00:28:36.403603Z,KXBTC15M-26OCT042030-30,0.0650,15.00,no
2026-10-05T00:28:36.403603Z,KXBTC15M-26OCT042030-30,0.0650,15.00,no
2026-10-05T00:28:36.403603Z,KXBTC15M-26OCT042030-30,0.0650,64.00,no
2026-10-05T00:28:36.403603Z,KXBTC15M-26OCT042030-30,0.0690,0.01,no
2026-10-05T00:28:36.403603Z,KXBTC15M-26OCT042030-30,0.0680,2.00,no
2026-10-05T00:28:36.40401Z,KXBTC15M-26OCT042030-30,0.0730,471.13,yes
2026-10-05T00:28:36.41035Z,KXBTC15M-26OCT042030-30,0.0600,3.18,no
2026-10-05T00:28:36.419325Z,KXBTC15M-26OCT042030-30,0.0610,36.25,yes
2026-10-05T00:28:36.443708Z,KXBTC15M-26OCT042030-30,0.0610,5.52,yes
2026-10-05T00:28:36.464453Z,KXBTC15M-26OCT042030-30,0.0610,10.56,yes
2026-10-05T00:28:36.465623Z,KXBTC15M-26OCT042030-30,0.0600,11.82,no
2026-10-05T00:28:36.465623Z,KXBTC15M-26OCT042030-30,0.0600,20.04,no
2026-10-05T00:28:36.478933Z,KXBTC15M-26OCT042030-30,0.0600,1.20,no
2026-10-05T00:28:36.478933Z,KXBTC15M-26OCT042030-30,0.0600,22.00,no
2026-10-05T00:28:36.478933Z,KXBTC15M-26OCT042030-30,0.0600,2.00,no
2026-10-05T00:28:36.478933Z,KXBTC15M-26OCT042030-30,0.0600,2.00,no
2026-10-05T00:28:36.478933Z,KXBTC15M-26OCT042030-30,0.0600,303.37,no
2026-10-05T00:28:36.478933Z,KXBTC15M-26OCT042030-30,0.0600,5.69,no
2026-10-05T00:28:36.478933Z,KXBTC15M-26OCT042030-30,0.0600,50.00,no
2026-10-05T00:28:36.478933Z,KXBTC15M-26OCT042030-30,0.0600,18.38,no
2026-10-05T00:28:36.478933Z,KXBTC15M-26OCT042030-30,0.0600,14.68,no
2026-10-05T00:28:36.478933Z,KXBTC15M-26OCT042030-30,0.0600,18.18,no
2026-10-05T00:28:36.481776Z,KXBTC15M-26OCT042030-30,0.0610,1.10,yes
2026-10-05T00:28:36.489377Z,KXBTC15M-26OCT042030-30,0.0600,10.53,no
2026-10-05T00:28:36.493287Z,KXBTC15M-26OCT042030-30,0.0600,6.69,no
2026-10-05T00:28:36.494495Z,KXBTC15M-26OCT042030-30,0.0610,25.56,yes
2026-10-05T00:28:36.506671Z,KXBTC15M-26OCT042030-30,0.0610,14.38,yes
2026-10-05T00:28:36.549396Z,KXBTC15M-26OCT042030-30,0.0610,1.10,yes
2026-10-05T00:28:36.552646Z,KXBTC15M-26OCT042030-30,0.0600,0.10,no
2026-10-05T00:28:36.575231Z,KXBTC15M-26OCT042030-30,0.0600,13.66,no
2026-10-05T00:28:36.590586Z,KXBTC15M-26OCT042030-30,0.0600,49.68,no
2026-10-05T00:28:36.60319Z,KXBTC15M-26OCT042030-30,0.0600,15.97,no
2026-10-05T00:28:36.60319Z,KXBTC15M-26OCT042030-30,0.0600,8.27,no
2026-10-05T00:28:36.60319Z,KXBTC15M-26OCT042030-30,0.0600,1.20,no
2026-10-05T00:28:36.633289Z,KXBTC15M-26OCT042030-30,0.0610,81.79,yes
2026-10-05T00:28:36.640071Z,KXBTC15M-26OCT042030-30,0.0600,113.73,no
2026-10-05T00:28:36.640071Z,KXBTC15M-26OCT042030-30,0.0580,2.00,no
2026-10-05T00:28:36.640071Z,KXBTC15M-26OCT042030-30,0.0560,9.00,no
2026-10-05T00:28:36.640071Z,KXBTC15M-26OCT042030-30,0.0590,41.60,no
2026-10-05T00:28:36.640071Z,KXBTC15M-26OCT042030-30,0.0550,73.84,no
2026-10-05T00:28:36.640071Z,KXBTC15M-26OCT042030-30,0.0580,2.00,no
2026-10-05T00:28:36.640071Z,KXBTC15M-26OCT042030-30,0.0550,15.00,no
2026-10-05T00:28:36.640071Z,KXBTC15M-26OCT042030-30,0.0590,2.00,no
2026-10-05T00:28:36.640071Z,KXBTC15M-26OCT042030-30,0.0590,2.00,no
2026-10-05T00:28:36.657663Z,KXBTC15M-26OCT042030-30,0.0610,1.10,yes
2026-10-05T00:28:36.728052Z,KXBTC15M-26OCT042030-30,0.0600,14.50,no
2026-10-05T00:28:36.73332Z,KXBTC15M-26OCT042030-30,0.0600,24.90,no
2026-10-05T00:28:36.735804Z,KXBTC15M-26OCT042030-30,0.0610,1.10,yes
2026-10-05T00:28:36.746436Z,KXBTC15M-26OCT042030-30,0.0610,39.71,yes
2026-10-05T00:28:36.763808Z,KXBTC15M-26OCT042030-30,0.0610,44.05,yes
2026-10-05T00:28:36.775212Z,KXBTC15M-26OCT042030-30,0.0600,12.72,no
2026-10-05T00:28:36.780951Z,KXBTC15M-26OCT042030-30,0.0610,107.16,yes
2026-10-05T00:28:36.817072Z,KXBTC15M-26OCT042030-30,0.0610,130.99,yes
2026-10-05T00:28:36.85121Z,KXBTC15M-26OCT042030-30,0.0600,61.03,no
2026-10-05T00:28:36.85121Z,KXBTC15M-26OCT042030-30,0.0600,2.00,no
2026-10-05T00:28:36.85121Z,KXBTC15M-26OCT042030-30,0.0600,8.88,no
2026-10-05T00:28:36.853175Z,KXBTC15M-26OCT042030-30,0.0600,227.61,no
2026-10-05T00:28:36.870332Z,KXBTC15M-26OCT042030-30,0.0610,0.08,yes
2026-10-05T00:28:36.870943Z,KXBTC15M-26OCT042030-30,0.0600,1.19,no
2026-10-05T00:28:36.870943Z,KXBTC15M-26OCT042030-30,0.0600,4.10,no
2026-10-05T00:28:36.875076Z,KXBTC15M-26OCT042030-30,0.0610,5.91,yes
2026-10-05T00:28:36.876383Z,KXBTC15M-26OCT042030-30,0.0610,2.68,yes
2026-10-05T00:28:36.880728Z,KXBTC15M-26OCT042030-30,0.0600,1.19,no
2026-10-05T00:28:36.880728Z,KXBTC15M-26OCT042030-30,0.0600,121.08,no
2026-10-05T00:28:36.880728Z,KXBTC15M-26OCT042030-30,0.0600,0.05,no
2026-10-05T00:28:36.880728Z,KXBTC15M-26OCT042030-30,0.0600,77.90,no
2026-10-05T00:28:36.897995Z,KXBTC15M-26OCT042030-30,0.0600,5.00,no
2026-10-05T00:28:36.924861Z,KXBTC15M-26OCT042030-30,0.0590,2.00,no
2026-10-05T00:28:36.924861Z,KXBTC15M-26OCT042030-30,0.0590,38.48,no
2026-10-05T00:28:36.928797Z,KXBTC15M-26OCT042030-30,0.0610,10.00,yes
2026-10-05T00:28:36.942088Z,KXBTC15M-26OCT042030-30,0.0600,6.00,yes
2026-10-05T00:28:36.942088Z,KXBTC15M-26OCT042030-30,0.0610,13.00,yes
2026-10-05T00:28:36.952492Z,KXBTC15M-26OCT042030-30,0.0600,0.01,yes
2026-10-05T00:28:36.952492Z,KXBTC15M-26OCT042030-30,0.0600,8.00,yes
2026-10-05T00:28:36.952492Z,KXBTC15M-26OCT042030-30,0.0610,42.87,yes
2026-10-05T00:28:36.952492Z,KXBTC15M-26OCT042030-30,0.0600,0.01,yes
2026-10-05T00:28:36.956158Z,KXBTC15M-26OCT042030-30,0.0610,36.91,yes
2026-10-05T00:28:36.959865Z,KXBTC15M-26OCT042030-30,0.0590,9.53,no
2026-10-05T00:28:36.97991Z,KXBTC15M-26OCT042030-30,0.0590,2.11,no
2026-10-05T00:28:36.985651Z,KXBTC15M-26OCT042030-30,0.0590,31.46,no
2026-10-05T00:28:36.993641Z,KXBTC15M-26OCT042030-30,0.0590,0.06,no
2026-10-05T00:28:37.00308Z,KXBTC15M-26OCT042030-30,0.0600,1.08,yes
2026-10-05T00:28:37.00308Z,KXBTC15M-26OCT042030-30,0.0600,0.01,yes
2026-10-05T00:28:37.00308Z,KXBTC15M-26OCT042030-30,0.0600,0.01,yes
2026-10-05T00:28:37.011886Z,KXBTC15M-26OCT042030-30,0.0600,1.10,yes
2026-10-05T00:28:37.024565Z,KXBTC15M-26OCT042030-30,0.0600,6.00,yes
2026-10-05T00:28:37.024565Z,KXBTC15M-26OCT042030-30,0.0600,5.82,yes
2026-10-05T00:28:37.024565Z,KXBTC15M-26OCT042030-30,0.0600,36.00,yes
2026-10-05T00:28:37.024565Z,KXBTC15M-26OCT042030-30,0.0600,63.99,yes
2026-10-05T00:28:37.024756Z,KXBTC15M-26OCT042030-30,0.0590,10.40,no
2026-10-05T00:28:37.026765Z,KXBTC15M-26OCT042030-30,0.0590,0.83,no
2026-10-05T00:28:37.028971Z,KXBTC15M-26OCT042030-30,0.0600,48.01,yes
2026-10-05T00:28:37.028971Z,KXBTC15M-26OCT042030-30,0.0600,1.99,yes
2026-10-05T00:28:37.039221Z,KXBTC15M-26OCT042030-30,0.0600,19.00,yes
2026-10-05T00:28:37.052135Z,KXBTC15M-26OCT042030-30,0.0590,211.78,no
2026-10-05T00:28:37.065193Z,KXBTC15M-26OCT042030-30,0.0590,31.73,no
2026-10-05T00:28:37.066105Z,KXBTC15M-26OCT042030-30,0.0590,4.88,no
2026-10-05T00:28:37.076868Z,KXBTC15M-26OCT042030-30,0.0550,32.93,no
2026-10-05T00:28:37.076868Z,KXBTC15M-26OCT042030-30,0.0560,2.00,no
2026-10-05T00:28:37.076868Z,KXBTC15M-26OCT042030-30,0.0590,33.28,no
2026-10-05T00:28:37.076868Z,KXBTC15M-26OCT042030-30,0.0590,63.00,no
2026-10-05T00:28:37.076868Z,KXBTC15M-26OCT042030-30,0.0570,2.00,no
2026-10-05T00:28:37.076868Z,KXBTC15M-26OCT042030-30,0.0590,58.74,no
2026-10-05T00:28:37.076868Z,KXBTC15M-26OCT042030-30,0.0550,93.75,no
2026-10-05T00:28:37.076868Z,KXBTC15M-26OCT042030-30,0.0560,2.00,no
2026-10-05T00:28:37.076868Z,KXBTC15M-26OCT042030-30,0.0580,33.28,no
2026-10-05T00:28:37.076868Z,KXBTC15M-26OCT042030-30,0.0590,0.01,no
2026-10-05T00:28:37.076868Z,KXBTC15M-26OCT042030-30,0.0570,2.00,no
2026-10-05T00:28:37.076868Z,KXBTC15M-26OCT042030-30,0.0590,0.01,no
2026-10-05T00:28:37.076868Z,KXBTC15M-26OCT042030-30,0.0580,2.00,no
2026-10-05T00:28:37.076868Z,KXBTC15M-26OCT042030-30,0.0550,15.00,no
2026-10-05T00:28:37.076868Z,KXBTC15M-26OCT042030-30,0.0560,9.00,no
2026-10-05T00:28:37.077459Z,KXBTC15M-26OCT042030-30,0.0600,0.15,yes
2026-10-05T00:28:37.078887Z,KXBTC15M-26OCT042030-30,0.0600,16.43,yes
2026-10-05T00:28:37.084672Z,KXBTC15M-26OCT042030-30,0.0600,68.43,yes
2026-10-05T00:28:37.084672Z,KXBTC15M-26OCT042030-30,0.0600,0.01,yes
2026-10-05T00:28:37.084672Z,KXBTC15M-26OCT042030-30,0.0600,1.08,yes
2026-10-05T00:28:37.084672Z,KXBTC15M-26OCT042030-30,0.0600,48.99,yes
2026-10-05T00:28:37.084672Z,KXBTC15M-26OCT042030-30,0.0600,0.01,yes
2026-10-05T00:28:37.091365Z,KXBTC15M-26OCT042030-30,0.0600,1.01,yes
2026-10-05T00:28:37.091365Z,KXBTC15M-26OCT042030-30,0.0600,4.99,yes
2026-10-05T00:28:37.095528Z,KXBTC15M-26OCT042030-30,0.0600,14.36,yes
2026-10-05T00:28:37.116539Z,KXBTC15M-26OCT042030-30,0.0590,10.00,no
2026-10-05T00:28:37.120566Z,KXBTC15M-26OCT042030-30,0.0590,0.03,no
2026-10-05T00:28:37.139772Z,KXBTC15M-26OCT042030-30,0.0590,2.98,no
2026-10-05T00:28:37.162161Z,KXBTC15M-26OCT042030-30,0.0600,14.36,yes
2026-10-05T00:28:37.166338Z,KXBTC15M-26OCT042030-30,0.0590,12.17,no
2026-10-05T00:28:37.166338Z,KXBTC15M-26OCT042030-30,0.0590,8.99,no
2026-10-05T00:28:37.166338Z,KXBTC15M-26OCT042030-30,0.0590,0.01,no
2026-10-05T00:28:37.166338Z,KXBTC15M-26OCT042030-30,0.0590,0.01,no
2026-10-05T00:28:37.184079Z,KXBTC15M-26OCT042030-30,0.0590,2.00,no
2026-10-05T00:28:37.208435Z,KXBTC15M-26OCT042030-30,0.0560,8.07,no
2026-10-05T00:28:37.208435Z,KXBTC15M-26OCT042030-30,0.0590,0.01,no
2026-10-05T00:28:37.208435Z,KXBTC15M-26OCT042030-30,0.0560,65.00,no
2026-10-05T00:28:37.208435Z,KXBTC15M-26OCT042030-30,0.0570,400.00,no
2026-10-05T00:28:37.208435Z,KXBTC15M-26OCT042030-30,0.0590,0.01,no
2026-10-05T00:28:37.208435Z,KXBTC15M-26OCT042030-30,0.0580,45.00,no
2026-10-05T00:28:37.218313Z,KXBTC15M-26OCT042030-30,0.0590,800.00,yes
2026-10-05T00:28:37.218313Z,KXBTC15M-26OCT042030-30,0.0600,66.29,yes
2026-10-05T00:28:37.218313Z,KXBTC15M-26OCT042030-30,0.0600,5.82,yes
2026-10-05T00:28:37.218313Z,KXBTC15M-26OCT042030-30,0.0600,57.33,yes
2026-10-05T00:28:37.218313Z,KXBTC15M-26OCT042030-30,0.0600,1.10,yes
2026-10-05T00:28:37.218313Z,KXBTC15M-26OCT042030-30,0.0600,500.00,yes
2026-10-05T00:28:37.222706Z,KXBTC15M-26OCT042030-30,0.0580,126.00,no
2026-10-05T00:28:37.243005Z,KXBTC15M-26OCT042030-30,0.0570,30.76,yes
2026-10-05T00:28:37.252784Z,KXBTC15M-26OCT042030-30,0.0540,1.00,no
2026-10-05T00:28:37.252784Z,KXBTC15M-26OCT042030-30,0.0540,0.05,no
2026-10-05T00:28:37.261757Z,KXBTC15M-26OCT042030-30,0.0560,12.18,yes
2026-10-05T00:28:37.263601Z,KXBTC15M-26OCT042030-30,0.0540,213.64,no
2026-10-05T00:28:37.26994Z,KXBTC15M-26OCT042030-30,0.0540,50.00,no
2026-10-05T00:28:37.279982Z,KXBTC15M-26OCT042030-30,0.0550,1.12,yes
2026-10-05T00:28:37.29751Z,KXBTC15M-26OCT042030-30,0.0550,1.00,yes
2026-10-05T00:28:37.29751Z,KXBTC15M-26OCT042030-30,0.0550,44.00,yes
2026-10-05T00:28:37.29751Z,KXBTC15M-26OCT042030-30,0.0550,0.01,yes
2026-10-05T00:28:37.29751Z,KXBTC15M-26OCT042030-30,0.0550,6.88,yes
2026-10-05T00:28:37.29751Z,KXBTC15M-26OCT042030-30,0.0550,0.01,yes
2026-10-05T00:28:37.29751Z,KXBTC15M-26OCT042030-30,0.0550,1.00,yes
2026-10-05T00:28:37.29751Z,KXBTC15M-26OCT042030-30,0.0550,1.00,yes
2026-10-05T00:28:37.305977Z,KXBTC15M-26OCT042030-30,0.0550,0.01,yes
2026-10-05T00:28:37.305977Z,KXBTC15M-26OCT042030-30,0.0540,16.00,yes
2026-10-05T00:28:37.305977Z,KXBTC15M-26OCT042030-30,0.0550,0.01,yes
2026-10-05T00:28:37.306466Z,KXBTC15M-26OCT042030-30,0.0570,1.91,yes
2026-10-05T00:28:37.306466Z,KXBTC15M-26OCT042030-30,0.0570,8.00,yes
2026-10-05T00:28:37.306466Z,KXBTC15M-26OCT042030-30,0.0570,0.01,yes
2026-10-05T00:28:37.306466Z,KXBTC15M-26OCT042030-30,0.0570,25.24,yes
2026-10-05T00:28:37.306466Z,KXBTC15M-26OCT042030-30,0.0560,0.01,yes
2026-10-05T00:28:37.306466Z,KXBTC15M-26OCT042030-30,0.0560,0.01,yes
2026-10-05T00:28:37.306466Z,KXBTC15M-26OCT042030-30,0.0570,0.01,yes
2026-10-05T00:28:37.307037Z,KXBTC15M-26OCT042030-30,0.0530,2.62,no
2026-10-05T00:28:37.326769Z,KXBTC15M-26OCT042030-30,0.0530,6.38,no
2026-10-05T00:28:37.326769Z,KXBTC15M-26OCT042030-30,0.0530,18.53,no
2026-10-05T00:28:37.34491Z,KXBTC15M-26OCT042030-30,0.0530,10.00,no
2026-10-05T00:28:37.346465Z,KXBTC15M-26OCT042030-30,0.0530,1.00,no
2026-10-05T00:28:37.359519Z,KXBTC15M-26OCT042030-30,0.0540,0.01,yes
2026-10-05T00:28:37.359519Z,KXBTC15M-26OCT042030-30,0.0540,72.92,yes
2026-10-05T00:28:37.359519Z,KXBTC15M-26OCT042030-30,0.0540,0.01,yes
2026-10-05T00:28:37.37865Z,KXBTC15M-26OCT042030-30,0.0530,2.46,no
2026-10-05T00:28:37.382806Z,KXBTC15M-26OCT042030-30,0.0530,100.20,no
2026-10-05T00:28:37.382806Z,KXBTC15M-26OCT042030-30,0.0530,368.01,no
2026-10-05T00:28:37.382806Z,KXBTC15M-26OCT042030-30,0.0530,0.01,no
2026-10-05T00:28:37.382806Z,KXBTC15M-26OCT042030-30,0.0530,0.01,no
2026-10-05T00:28:37.382806Z,KXBTC15M-26OCT042030-30,0.0530,9.00,no
2026-10-05T00:28:37.382806Z,KXBTC15M-26OCT042030-30,0.0530,41.00,no
2026-10-05T00:28:37.391949Z,KXBTC15M-26OCT042030-30,0.0530,69.96,no
2026-10-05T00:28:37.401729Z,KXBTC15M-26OCT042030-30,0.0520,500.00,no
2026-10-05T00:28:37.401729Z,KXBTC15M-26OCT042030-30,0.0530,329.84,no
2026-10-05T00:28:37.401729Z,KXBTC15M-26OCT042030-30,0.0530,9.00,no
2026-10-05T00:28:37.401729Z,KXBTC15M-26OCT042030-30,0.0530,0.01,no
2026-10-05T00:28:37.401729Z,KXBTC15M-26OCT042030-30,0.0510,2.00,no
2026-10-05T00:28:37.401729Z,KXBTC15M-26OCT042030-30,0.0530,18.36,no
2026-10-05T00:28:37.401729Z,KXBTC15M-26OCT042030-30,0.0510,62.54,no
2026-10-05T00:28:37.401729Z,KXBTC15M-26OCT042030-30,0.0530,0.01,no
2026-10-05T00:28:37.401729Z,KXBTC15M-26OCT042030-30,0.0520,18.36,no
2026-10-05T00:28:37.401729Z,KXBTC15M-26OCT042030-30,0.0530,400.00,no
2026-10-05T00:28:37.401729Z,KXBTC15M-26OCT042030-30,0.0510,2.00,no
2026-10-05T00:28:37.408632Z,KXBTC15M-26OCT042030-30,0.0500,3.66,no
2026-10-05T00:28:37.408632Z,KXBTC15M-26OCT042030-30,0.0530,0.01,no
2026-10-05T00:28:37.408632Z,KXBTC15M-26OCT042030-30,0.0530,9.00,no
2026-10-05T00:28:37.408632Z,KXBTC15M-26OCT042030-30,0.0530,0.01,no
2026-10-05T00:28:37.408632Z,KXBTC15M-26OCT042030-30,0.0510,9.46,no
2026-10-05T00:28:37.408632Z,KXBTC15M-26OCT042030-30,0.0510,9.00,no
2026-10-05T00:28:37.431491Z,KXBTC15M-26OCT042030-30,0.0510,0.01,no
2026-10-05T00:28:37.431491Z,KXBTC15M-26OCT042030-30,0.0520,0.01,no
2026-10-05T00:28:37.431491Z,KXBTC15M-26OCT042030-30,0.0520,0.01,no
2026-10-05T00:28:37.431491Z,KXBTC15M-26OCT042030-30,0.0510,5.15,no
2026-10-05T00:28:37.432302Z,KXBTC15M-26OCT042030-30,0.0540,0.01,yes
2026-10-05T00:28:37.432302Z,KXBTC15M-26OCT042030-30,0.0540,0.01,yes
2026-10-05T00:28:37.432302Z,KXBTC15M-26OCT042030-30,0.0540,10.00,yes
2026-10-05T00:28:37.432302Z,KXBTC15M-26OCT042030-30,0.0540,226.14,yes
2026-10-05T00:28:37.447174Z,KXBTC15M-26OCT042030-30,0.0540,234.50,yes
2026-10-05T00:28:37.449436Z,KXBTC15M-26OCT042030-30,0.0500,92.35,no
2026-10-05T00:28:37.449436Z,KXBTC15M-26OCT042030-30,0.0500,2.34,no
2026-10-05T00:28:37.449436Z,KXBTC15M-26OCT042030-30,0.0510,9.00,no
2026-10-05T00:28:37.449436Z,KXBTC15M-26OCT042030-30,0.0530,0.01,no
2026-10-05T00:28:37.449436Z,KXBTC15M-26OCT042030-30,0.0510,0.01,no
2026-10-05T00:28:37.451284Z,KXBTC15M-26OCT042030-30,0.0500,6.12,no
2026-10-05T00:28:37.451284Z,KXBTC15M-26OCT042030-30,0.0500,6.57,no
2026-10-05T00:28:37.451284Z,KXBTC15M-26OCT042030-30,0.0460,500.00,no
2026-10-05T00:28:37.451284Z,KXBTC15M-26OCT042030-30,0.0500,407.65,no
2026-10-05T00:28:37.451284Z,KXBTC15M-26OCT042030-30,0.0480,500.00,no
2026-10-05T00:28:37.451284Z,KXBTC15M-26OCT042030-30,0.0500,500.00,no
2026-10-05T00:28:37.451284Z,KXBTC15M-26OCT042030-30,0.0500,3.00,no
2026-10-05T00:28:37.451284Z,KXBTC15M-26OCT042030-30,0.0500,1.00,no
2026-10-05T00:28:37.451284Z,KXBTC15M-26OCT042030-30,0.0500,4.00,no
2026-10-05T00:28:37.451284Z,KXBTC15M-26OCT042030-30,0.0500,6.00,no
2026-10-05T00:28:37.451284Z,KXBTC15M-26OCT042030-30,0.0500,19.78,no
2026-10-05T00:28:37.451284Z,KXBTC15M-26OCT042030-30,0.0460,2.00,no
2026-10-05T00:28:37.451284Z,KXBTC15M-26OCT042030-30,0.0500,93.75,no
2026-10-05T00:28:37.451284Z,KXBTC15M-26OCT042030-30,0.0490,2.00,no
2026-10-05T00:28:37.451284Z,KXBTC15M-26OCT042030-30,0.0490,11.01,no
2026-10-05T00:28:37.451284Z,KXBTC15M-26OCT042030-30,0.0470,2.00,no
2026-10-05T00:28:37.451284Z,KXBTC15M-26OCT042030-30,0.0480,2.00,no
2026-10-05T00:28:37.451284Z,KXBTC15M-26OCT042030-30,0.0500,11.01,no
2026-10-05T00:28:37.451284Z,KXBTC15M-26OCT042030-30,0.0470,2.00,no
2026-10-05T00:28:37.451284Z,KXBTC15M-26OCT042030-30,0.0500,15.00,no
2026-10-05T00:28:37.451284Z,KXBTC15M-26OCT042030-30,0.0500,3.38,no
2026-10-05T00:28:37.451284Z,KXBTC15M-26OCT042030-30,0.0500,0.24,no
2026-10-05T00:28:37.451284Z,KXBTC15M-26OCT042030-30,0.0500,8.51,no
2026-10-05T00:28:37.451284Z,KXBTC15M-26OCT042030-30,0.0500,2.27,no
2026-10-05T00:28:37.451284Z,KXBTC15M-26OCT042030-30,0.0500,0.50,no
2026-10-05T00:28:37.451284Z,KXBTC15M-26OCT042030-30,0.0500,42.83,no
2026-10-05T00:28:37.451284Z,KXBTC15M-26OCT042030-30,0.0500,1.21,no
2026-10-05T00:28:37.451284Z,KXBTC15M-26OCT042030-30,0.0500,41.03,no
2026-10-05T00:28:37.451284Z,KXBTC15M-26OCT042030-30,0.0500,2.28,no
2026-10-05T00:28:37.451284Z,KXBTC15M-26OCT042030-30,0.0500,92.62,no
2026-10-05T00:28:37.451284Z,KXBTC15M-26OCT042030-30,0.0500,1.06,no
2026-10-05T00:28:37.473771Z,KXBTC15M-26OCT042030-30,0.0530,44.97,no
2026-10-05T00:28:37.476008Z,KXBTC15M-26OCT042030-30,0.0540,153.82,yes
2026-10-05T00:28:37.507778Z,KXBTC15M-26OCT042030-30,0.0540,15.63,yes
2026-10-05T00:28:37.5112Z,KXBTC15M-26OCT042030-30,0.0530,3.00,no
2026-10-05T00:28:37.513903Z,KXBTC15M-26OCT042030-30,0.0530,50.00,no
2026-10-05T00:28:37.530596Z,KXBTC15M-26OCT042030-30,0.0540,1.29,yes
2026-10-05T00:28:37.54527Z,KXBTC15M-26OCT042030-30,0.0540,3.40,yes
2026-10-05T00:28:37.602377Z,KXBTC15M-26OCT042030-30,0.0540,8.68,yes
2026-10-05T00:28:37.604782Z,KXBTC15M-26OCT042030-30,0.0530,0.01,no
2026-10-05T00:28:37.604782Z,KXBTC15M-26OCT042030-30,0.0530,4.99,no
2026-10-05T00:28:37.610175Z,KXBTC15M-26OCT042030-30,0.0540,50.00,yes
2026-10-05T00:28:37.635924Z,KXBTC15M-26OCT042030-30,0.0530,30.00,no
2026-10-05T00:28:37.655074Z,KXBTC15M-26OCT042030-30,0.0500,54.55,no
2026-10-05T00:28:37.655074Z,KXBTC15M-26OCT042030-30,0.0530,19.00,no
2026-10-05T00:28:37.655074Z,KXBTC15M-26OCT042030-30,0.0460,9.00,no
2026-10-05T00:28:37.655074Z,KXBTC15M-26OCT042030-30,0.0530,365.01,no
2026-10-05T00:28:37.655074Z,KXBTC15M-26OCT042030-30,0.0530,0.05,no
2026-10-05T00:28:37.655074Z,KXBTC15M-26OCT042030-30,0.0450,39.17,no
2026-10-05T00:28:37.656951Z,KXBTC15M-26OCT042030-30,0.0510,22.56,no
2026-10-05T00:28:37.658128Z,KXBTC15M-26OCT042030-30,0.0540,1.00,yes
2026-10-05T00:28:37.658128Z,KXBTC15M-26OCT042030-30,0.0540,500.00,yes
2026-10-05T00:28:37.658128Z,KXBTC15M-26OCT042030-30,0.0540,2.00,yes
2026-10-05T00:28:37.658128Z,KXBTC15M-26OCT042030-30,0.0540,75.00,yes
2026-10-05T00:28:37.658128Z,KXBTC15M-26OCT042030-30,0.0540,106.54,yes
2026-10-05T00:28:37.658128Z,KXBTC15M-26OCT042030-30,0.0540,2.00,yes
2026-10-05T00:28:37.658128Z,KXBTC15M-26OCT042030-30,0.0540,0.01,yes
2026-10-05T00:28:37.658128Z,KXBTC15M-26OCT042030-30,0.0540,1.00,yes
2026-10-05T00:28:37.658128Z,KXBTC15M-26OCT042030-30,0.0540,0.01,yes
2026-10-05T00:28:37.670824Z,KXBTC15M-26OCT042030-30,0.0520,23.16,yes
2026-10-05T00:28:37.687124Z,KXBTC15M-26OCT042030-30,0.0520,476.84,yes
2026-10-05T00:28:37.687124Z,KXBTC15M-26OCT042030-30,0.0520,0.01,yes
2026-10-05T00:28:37.687124Z,KXBTC15M-26OCT042030-30,0.0520,0.01,yes
2026-10-05T00:28:37.689364Z,KXBTC15M-26OCT042030-30,0.0460,4.97,no
2026-10-05T00:28:37.689364Z,KXBTC15M-26OCT042030-30,0.0510,0.01,no
2026-10-05T00:28:37.689364Z,KXBTC15M-26OCT042030-30,0.0470,2.00,no
2026-10-05T00:28:37.689364Z,KXBTC15M-26OCT042030-30,0.0460,2.00,no
2026-10-05T00:28:37.689364Z,KXBTC15M-26OCT042030-30,0.0460,2.00,no
2026-10-05T00:28:37.690632Z,KXBTC15M-26OCT042030-30,0.0530,48.00,yes
2026-10-05T00:28:37.690632Z,KXBTC15M-26OCT042030-30,0.0530,52.00,yes
2026-10-05T00:28:37.709975Z,KXBTC15M-26OCT042030-30,0.0500,4.09,no
2026-10-05T00:28:37.709975Z,KXBTC15M-26OCT042030-30,0.0510,0.01,no
2026-10-05T00:28:37.709975Z,KXBTC15M-26OCT042030-30,0.0510,0.01,no
2026-10-05T00:28:37.710288Z,KXBTC15M-26OCT042030-30,0.0500,57.89,no
2026-10-05T00:28:37.710288Z,KXBTC15M-26OCT042030-30,0.0510,9.00,no
2026-10-05T00:28:37.710288Z,KXBTC15M-26OCT042030-30,0.0500,45.91,no
2026-10-05T00:28:37.710678Z,KXBTC15M-26OCT042030-30,0.0500,1.00,no
2026-10-05T00:28:37.754456Z,KXBTC15M-26OCT042030-30,0.0530,2.00,yes
2026-10-05T00:28:37.754456Z,KXBTC15M-26OCT042030-30,0.0540,75.47,yes
2026-10-05T00:28:37.754456Z,KXBTC15M-26OCT042030-30,0.0520,0.01,yes
2026-10-05T00:28:37.754456Z,KXBTC15M-26OCT042030-30,0.0520,2.00,yes
2026-10-05T00:28:37.754456Z,KXBTC15M-26OCT042030-30,0.0530,0.01,yes
2026-10-05T00:28:37.754456Z,KXBTC15M-26OCT042030-30,0.0520,0.01,yes
2026-10-05T00:28:37.76064Z,KXBTC15M-26OCT042030-30,0.0520,0.01,yes
2026-10-05T00:28:37.76064Z,KXBTC15M-26OCT042030-30,0.0520,0.01,yes
2026-10-05T00:28:37.76064Z,KXBTC15M-26OCT042030-30,0.0540,52.98,yes
2026-10-05T00:28:37.765795Z,KXBTC15M-26OCT042030-30,0.0520,25.24,no
2026-10-05T00:28:37.768594Z,KXBTC15M-26OCT042030-30,0.0520,1.32,no
2026-10-05T00:28:37.769363Z,KXBTC15M-26OCT042030-30,0.0540,113.61,yes
2026-10-05T00:28:37.783496Z,KXBTC15M-26OCT042030-30,0.0510,0.01,no
2026-10-05T00:28:37.783496Z,KXBTC15M-26OCT042030-30,0.0510,0.01,no
2026-10-05T00:28:37.783496Z,KXBTC15M-26OCT042030-30,0.0510,0.42,no
2026-10-05T00:28:37.783496Z,KXBTC15M-26OCT042030-30,0.0520,0.01,no
2026-10-05T00:28:37.783496Z,KXBTC15M-26OCT042030-30,0.0510,1.19,no
2026-10-05T00:28:37.785614Z,KXBTC15M-26OCT042030-30,0.0500,6.61,no
2026-10-05T00:28:37.785614Z,KXBTC15M-26OCT042030-30,0.0510,53.26,no
2026-10-05T00:28:37.785614Z,KXBTC15M-26OCT042030-30,0.0500,0.01,no
2026-10-05T00:28:37.785614Z,KXBTC15M-26OCT042030-30,0.0470,2.00,no
2026-10-05T00:28:37.785614Z,KXBTC15M-26OCT042030-30,0.0510,6.61,no
2026-10-05T00:28:37.785614Z,KXBTC15M-26OCT042030-30,0.0470,78.00,no
2026-10-05T00:28:37.785614Z,KXBTC15M-26OCT042030-30,0.0470,78.00,no
2026-10-05T00:28:37.785614Z,KXBTC15M-26OCT042030-30,0.0480,76.00,no
2026-10-05T00:28:37.785614Z,KXBTC15M-26OCT042030-30,0.0500,50.00,no
2026-10-05T00:28:37.785614Z,KXBTC15M-26OCT042030-30,0.0460,144.88,no
2026-10-05T00:28:37.785614Z,KXBTC15M-26OCT042030-30,0.0480,9.00,no
2026-10-05T00:28:37.785614Z,KXBTC15M-26OCT042030-30,0.0500,0.01,no
2026-10-05T00:28:37.785614Z,KXBTC15M-26OCT042030-30,0.0470,10.00,no
2026-10-05T00:28:37.793837Z,KXBTC15M-26OCT042030-30,0.0540,10.00,yes
2026-10-05T00:28:37.81493Z,KXBTC15M-26OCT042030-30,0.0500,0.80,no
2026-10-05T00:28:37.81493Z,KXBTC15M-26OCT042030-30,0.0520,0.01,no
2026-10-05T00:28:37.86268Z,KXBTC15M-26OCT042030-30,0.0530,0.01,yes
2026-10-05T00:28:37.86268Z,KXBTC15M-26OCT042030-30,0.0520,2.00,yes
2026-10-05T00:28:37.86268Z,KXBTC15M-26OCT042030-30,0.0520,4.00,yes
2026-10-05T00:28:37.86268Z,KXBTC15M-26OCT042030-30,0.0530,2.00,yes
2026-10-05T00:28:37.86268Z,KXBTC15M-26OCT042030-30,0.0530,0.01,yes
2026-10-05T00:28:37.86268Z,KXBTC15M-26OCT042030-30,0.0540,118.87,yes
2026-10-05T00:28:37.86524Z,KXBTC15M-26OCT042030-30,0.0540,44.00,yes
2026-10-05T00:28:37.870182Z,KXBTC15M-26OCT042030-30,0.0540,15.62,yes
2026-10-05T00:28:37.870182Z,KXBTC15M-26OCT042030-30,0.0530,0.01,yes
2026-10-05T00:28:37.880338Z,KXBTC15M-26OCT042030-30,0.0510,13.22,no
2026-10-05T00:28:37.895508Z,KXBTC15M-26OCT042030-30,0.0510,101.03,no
2026-10-05T00:28:37.898056Z,KXBTC15M-26OCT042030-30,0.0520,0.01,yes
2026-10-05T00:28:37.898056Z,KXBTC15M-26OCT042030-30,0.0530,0.01,yes
2026-10-05T00:28:37.898056Z,KXBTC15M-26OCT042030-30,0.0560,2.00,yes
2026-10-05T00:28:37.898056Z,KXBTC15M-26OCT042030-30,0.0540,0.01,yes
2026-10-05T00:28:37.898056Z,KXBTC15M-26OCT042030-30,0.0540,2.00,yes
2026-10-05T00:28:37.898056Z,KXBTC15M-26OCT042030-30,0.0520,35.29,yes
2026-10-05T00:28:37.898056Z,KXBTC15M-26OCT042030-30,0.0570,2.00,yes
2026-10-05T00:28:37.898056Z,KXBTC15M-26OCT042030-30,0.0530,0.01,yes
2026-10-05T00:28:37.898056Z,KXBTC15M-26OCT042030-30,0.0540,69.45,yes
2026-10-05T00:28:37.898056Z,KXBTC15M-26OCT042030-30,0.0570,8.00,yes
2026-10-05T00:28:37.898056Z,KXBTC15M-26OCT042030-30,0.0550,2.00,yes
2026-10-05T00:28:37.898056Z,KXBTC15M-26OCT042030-30,0.0540,0.01,yes
2026-10-05T00:28:37.898056Z,KXBTC15M-26OCT042030-30,0.0560,2.00,yes
2026-10-05T00:28:37.898056Z,KXBTC15M-26OCT042030-30,0.0520,0.01,yes
2026-10-05T00:28:37.898056Z,KXBTC15M-26OCT042030-30,0.0580,204.43,yes
2026-10-05T00:28:37.909546Z,KXBTC15M-26OCT042030-30,0.0580,114.24,yes
2026-10-05T00:28:37.909546Z,KXBTC15M-26OCT042030-30,0.0570,8.00,yes
2026-10-05T00:28:37.909546Z,KXBTC15M-26OCT042030-30,0.0520,0.01,yes
2026-10-05T00:28:37.909546Z,KXBTC15M-26OCT042030-30,0.0520,0.01,yes
2026-10-05T00:28:37.91663Z,KXBTC15M-26OCT042030-30,0.0520,0.01,yes
2026-10-05T00:28:37.91663Z,KXBTC15M-26OCT042030-30,0.0580,3.15,yes
2026-10-05T00:28:37.928607Z,KXBTC15M-26OCT042030-30,0.0530,20.00,no
2026-10-05T00:28:37.928607Z,KXBTC15M-26OCT042030-30,0.0550,0.01,no
2026-10-05T00:28:37.928607Z,KXBTC15M-26OCT042030-30,0.0510,4.00,no
2026-10-05T00:28:37.928607Z,KXBTC15M-26OCT042030-30,0.0510,30.53,no
2026-10-05T00:28:37.928607Z,KXBTC15M-26OCT042030-30,0.0550,0.01,no
2026-10-05T00:28:37.928607Z,KXBTC15M-26OCT042030-30,0.0520,9.00,no
2026-10-05T00:28:37.931037Z,KXBTC15M-26OCT042030-30,0.0550,157.00,no
2026-10-05T00:28:37.944442Z,KXBTC15M-26OCT042030-30,0.0580,2.22,yes
2026-10-05T00:28:37.957314Z,KXBTC15M-26OCT042030-30,0.0580,25.00,yes
2026-10-05T00:28:37.986134Z,KXBTC15M-26OCT042030-30,0.0560,1.19,no
2026-10-05T00:28:37.986134Z,KXBTC15M-26OCT042030-30,0.0560,0.01,no
2026-10-05T00:28:37.986134Z,KXBTC15M-26OCT042030-30,0.0550,0.01,no
2026-10-05T00:28:37.986134Z,KXBTC15M-26OCT042030-30,0.0500,2.00,no
2026-10-05T00:28:37.986134Z,KXBTC15M-26OCT042030-30,0.0500,25.38,no
2026-10-05T00:28:37.986134Z,KXBTC15M-26OCT042030-30,0.0550,0.01,no
2026-10-05T00:28:37.986134Z,KXBTC15M-26OCT042030-30,0.0500,2.00,no
2026-10-05T00:28:37.986134Z,KXBTC15M-26OCT042030-30,0.0560,0.01,no
2026-10-05T00:28:37.986134Z,KXBTC15M-26OCT042030-30,0.0510,9.00,no
2026-10-05T00:28:38.006952Z,KXBTC15M-26OCT042030-30,0.0540,3.67,no
2026-10-05T00:28:38.007869Z,KXBTC15M-26OCT042030-30,0.0540,5.33,no
2026-10-05T00:28:38.007869Z,KXBTC15M-26OCT042030-30,0.0500,73.00,no
2026-10-05T00:28:38.007869Z,KXBTC15M-26OCT042030-30,0.0500,400.00,no
2026-10-05T00:28:38.007869Z,KXBTC15M-26OCT042030-30,0.0530,0.01,no
2026-10-05T00:28:38.007869Z,KXBTC15M-26OCT042030-30,0.0500,0.01,no
2026-10-05T00:28:38.007869Z,KXBTC15M-26OCT042030-30,0.0500,0.01,no
2026-10-05T00:28:38.007869Z,KXBTC15M-26OCT042030-30,0.0500,25.47,no
2026-10-05T00:28:38.007869Z,KXBTC15M-26OCT042030-30,0.0510,9.00,no
2026-10-05T00:28:38.022698Z,KXBTC15M-26OCT042030-30,0.0550,2.31,no
2026-10-05T00:28:38.022925Z,KXBTC15M-26OCT042030-30,0.0510,74.29,no
2026-10-05T00:28:38.022925Z,KXBTC15M-26OCT042030-30,0.0540,0.01,no
2026-10-05T00:28:38.022925Z,KXBTC15M-26OCT042030-30,0.0550,6.69,no
2026-10-05T00:28:38.022925Z,KXBTC15M-26OCT042030-30,0.0510,9.00,no
2026-10-05T00:28:38.022925Z,KXBTC15M-26OCT042030-30,0.0550,0.01,no
2026-10-05T00:28:38.026249Z,KXBTC15M-26OCT042030-30,0.0510,5.00,no
2026-10-05T00:28:38.031271Z,KXBTC15M-26OCT042030-30,0.0620,5.00,yes
2026-10-05T00:28:38.031271Z,KXBTC15M-26OCT042030-30,0.0590,2.00,yes
2026-10-05T00:28:38.031271Z,KXBTC15M-26OCT042030-30,0.0590,2.00,yes
2026-10-05T00:28:38.031271Z,KXBTC15M-26OCT042030-30,0.0580,0.01,yes
2026-10-05T00:28:38.031271Z,KXBTC15M-26OCT042030-30,0.0600,50.00,yes
2026-10-05T00:28:38.031271Z,KXBTC15M-26OCT042030-30,0.0600,53.00,yes
2026-10-05T00:28:38.031271Z,KXBTC15M-26OCT042030-30,0.0600,336.64,yes
2026-10-05T00:28:38.031271Z,KXBTC15M-26OCT042030-30,0.0580,150.96,yes
2026-10-05T00:28:38.031271Z,KXBTC15M-26OCT042030-30,0.0600,200.00,yes
2026-10-05T00:28:38.031271Z,KXBTC15M-26OCT042030-30,0.0580,2.00,yes
2026-10-05T00:28:38.031271Z,KXBTC15M-26OCT042030-30,0.0570,8.00,yes
2026-10-05T00:28:38.031271Z,KXBTC15M-26OCT042030-30,0.0600,2.00,yes
2026-10-05T00:28:38.031271Z,KXBTC15M-26OCT042030-30,0.0590,200.00,yes
2026-10-05T00:28:38.031271Z,KXBTC15M-26OCT042030-30,0.0580,0.01,yes
2026-10-05T00:28:38.031271Z,KXBTC15M-26OCT042030-30,0.0670,204.93,yes
2026-10-05T00:28:38.031271Z,KXBTC15M-26OCT042030-30,0.0650,500.00,yes
2026-10-05T00:28:38.031271Z,KXBTC15M-26OCT042030-30,0.0610,500.00,yes
2026-10-05T00:28:38.031271Z,KXBTC15M-26OCT042030-30,0.0630,500.00,yes
2026-10-05T00:28:38.031271Z,KXBTC15M-26OCT042030-30,0.0570,0.01,yes
2026-10-05T00:28:38.031271Z,KXBTC15M-26OCT042030-30,0.0570,2.00,yes
2026-10-05T00:28:38.031271Z,KXBTC15M-26OCT042030-30,0.0570,0.01,yes
2026-10-05T00:28:38.031271Z,KXBTC15M-26OCT042030-30,0.0580,2.00,yes
2026-10-05T00:28:38.040468Z,KXBTC15M-26OCT042030-30,0.0560,10.48,no
2026-10-05T00:28:38.05657Z,KXBTC15M-26OCT042030-30,0.0560,11.48,no
2026-10-05T00:28:38.072456Z,KXBTC15M-26OCT042030-30,0.0560,51.52,no
2026-10-05T00:28:38.073257Z,KXBTC15M-26OCT042030-30,0.0560,105.07,no
2026-10-05T00:28:38.075345Z,KXBTC15M-26OCT042030-30,0.0560,25.34,no
2026-10-05T00:28:38.080392Z,KXBTC15M-26OCT042030-30,0.0560,5.14,no
2026-10-05T00:28:38.100425Z,KXBTC15M-26OCT042030-30,0.0590,0.01,yes
2026-10-05T00:28:38.100425Z,KXBTC15M-26OCT042030-30,0.0570,0.01,yes
2026-10-05T00:28:38.100425Z,KXBTC15M-26OCT042030-30,0.0590,0.01,yes
2026-10-05T00:28:38.100425Z,KXBTC15M-26OCT042030-30,0.0570,0.01,yes
2026-10-05T00:28:38.100425Z,KXBTC15M-26OCT042030-30,0.0630,1.18,yes
2026-10-05T00:28:38.104544Z,KXBTC15M-26OCT042030-30,0.0560,0.93,no
2026-10-05T00:28:38.107336Z,KXBTC15M-26OCT042030-30,0.0560,14.05,no
2026-10-05T00:28:38.126202Z,KXBTC15M-26OCT042030-30,0.0670,23.74,yes
2026-10-05T00:28:38.126202Z,KXBTC15M-26OCT042030-30,0.0650,2.00,yes
2026-10-05T00:28:38.126202Z,KXBTC15M-26OCT042030-30,0.0630,24.00,yes
2026-10-05T00:28:38.126202Z,KXBTC15M-26OCT042030-30,0.0640,2.00,yes
2026-10-05T00:28:38.126202Z,KXBTC15M-26OCT042030-30,0.0630,0.01,yes
2026-10-05T00:28:38.126202Z,KXBTC15M-26OCT042030-30,0.0650,2.00,yes
2026-10-05T00:28:38.126202Z,KXBTC15M-26OCT042030-30,0.0640,2.00,yes
2026-10-05T00:28:38.126202Z,KXBTC15M-26OCT042030-30,0.0650,88.00,yes
2026-10-05T00:28:38.126202Z,KXBTC15M-26OCT042030-30,0.0630,0.01,yes
2026-10-05T00:28:38.126202Z,KXBTC15M-26OCT042030-30,0.0630,0.82,yes
2026-10-05T00:28:38.126202Z,KXBTC15M-26OCT042030-30,0.0650,44.00,yes
2026-10-05T00:28:38.126202Z,KXBTC15M-26OCT042030-30,0.0630,2.00,yes
2026-10-05T00:28:38.126202Z,KXBTC15M-26OCT042030-30,0.0630,68.00,yes
2026-10-05T00:28:38.126343Z,KXBTC15M-26OCT042030-30,0.0620,57.89,no
2026-10-05T00:28:38.127607Z,KXBTC15M-26OCT042030-30,0.0620,179.90,no
2026-10-05T00:28:38.13707Z,KXBTC15M-26OCT042030-30,0.0670,12.52,yes
2026-10-05T00:28:38.13707Z,KXBTC15M-26OCT042030-30,0.0630,0.01,yes
2026-10-05T00:28:38.13707Z,KXBTC15M-26OCT042030-30,0.0630,10.00,yes
2026-10-05T00:28:38.138301Z,KXBTC15M-26OCT042030-30,0.0630,30.48,yes
2026-10-05T00:28:38.143642Z,KXBTC15M-26OCT042030-30,0.0490,389.45,no
2026-10-05T00:28:38.143642Z,KXBTC15M-26OCT042030-30,0.0620,500.00,no
2026-10-05T00:28:38.143642Z,KXBTC15M-26OCT042030-30,0.0550,64.00,no
2026-10-05T00:28:38.143642Z,KXBTC15M-26OCT042030-30,0.0620,320.10,no
2026-10-05T00:28:38.143642Z,KXBTC15M-26OCT042030-30,0.0550,64.00,no
2026-10-05T00:28:38.143642Z,KXBTC15M-26OCT042030-30,0.0500,64.00,no
2026-10-05T00:28:38.143642Z,KXBTC15M-26OCT042030-30,0.0580,2.00,no
2026-10-05T00:28:38.143642Z,KXBTC15M-26OCT042030-30,0.0560,2.00,no
2026-10-05T00:28:38.143642Z,KXBTC15M-26OCT042030-30,0.0500,93.75,no
2026-10-05T00:28:38.143642Z,KXBTC15M-26OCT042030-30,0.0600,500.00,no
2026-10-05T00:28:38.143642Z,KXBTC15M-26OCT042030-30,0.0560,275.99,no
2026-10-05T00:28:38.143642Z,KXBTC15M-26OCT042030-30,0.0500,15.00,no
2026-10-05T00:28:38.143642Z,KXBTC15M-26OCT042030-30,0.0500,68.28,no
2026-10-05T00:28:38.143642Z,KXBTC15M-26OCT042030-30,0.0570,2.00,no
2026-10-05T00:28:38.143642Z,KXBTC15M-26OCT042030-30,0.0550,93.75,no
2026-10-05T00:28:38.143642Z,KXBTC15M-26OCT042030-30,0.0580,2.00,no
2026-10-05T00:28:38.143642Z,KXBTC15M-26OCT042030-30,0.0510,23.00,no
2026-10-05T00:28:38.143642Z,KXBTC15M-26OCT042030-30,0.0560,2.00,no
2026-10-05T00:28:38.143642Z,KXBTC15M-26OCT042030-30,0.0500,64.00,no
2026-10-05T00:28:38.143642Z,KXBTC15M-26OCT042030-30,0.0550,15.00,no
2026-10-05T00:28:38.143642Z,KXBTC15M-26OCT042030-30,0.0570,9.00,no
2026-10-05T00:28:38.143642Z,KXBTC15M-26OCT042030-30,0.0570,2.00,no
2026-10-05T00:28:38.143642Z,KXBTC15M-26OCT042030-30,0.0540,500.00,no
2026-10-05T00:28:38.143642Z,KXBTC15M-26OCT042030-30,0.0620,0.01,no
2026-10-05T00:28:38.143642Z,KXBTC15M-26OCT042030-30,0.0550,93.75,no
2026-10-05T00:28:38.143642Z,KXBTC15M-26OCT042030-30,0.0540,83.16,no
2026-10-05T00:28:38.143642Z,KXBTC15M-26OCT042030-30,0.0620,0.01,no
2026-10-05T00:28:38.143642Z,KXBTC15M-26OCT042030-30,0.0520,500.00,no
2026-10-05T00:28:38.143642Z,KXBTC15M-26OCT042030-30,0.0620,400.00,no
2026-10-05T00:28:38.15234Z,KXBTC15M-26OCT042030-30,0.0490,0.93,no
2026-10-05T00:28:38.162381Z,KXBTC15M-26OCT042030-30,0.0510,84.11,yes
2026-10-05T00:28:38.173413Z,KXBTC15M-26OCT042030-30,0.0500,3.11,no
2026-10-05T00:28:38.173413Z,KXBTC15M-26OCT042030-30,0.0500,0.01,no
2026-10-05T00:28:38.173413Z,KXBTC15M-26OCT042030-30,0.0500,0.01,no
2026-10-05T00:28:38.173413Z,KXBTC15M-26OCT042030-30,0.0500,2.00,no
2026-10-05T00:28:38.173926Z,KXBTC15M-26OCT042030-30,0.0500,2.00,no
2026-10-05T00:28:38.173926Z,KXBTC15M-26OCT042030-30,0.0500,46.89,no
2026-10-05T00:28:38.20422Z,KXBTC15M-26OCT042030-30,0.0500,48.20,no
2026-10-05T00:28:38.217979Z,KXBTC15M-26OCT042030-30,0.0500,0.72,no
2026-10-05T00:28:38.234852Z,KXBTC15M-26OCT042030-30,0.0500,0.01,no
2026-10-05T00:28:38.234852Z,KXBTC15M-26OCT042030-30,0.0500,24.08,no
2026-10-05T00:28:38.234852Z,KXBTC15M-26OCT042030-30,0.0500,400.00,no
2026-10-05T00:28:38.234852Z,KXBTC15M-26OCT042030-30,0.0500,2.00,no
2026-10-05T00:28:38.234852Z,KXBTC15M-26OCT042030-30,0.0500,1.19,no
2026-10-05T00:28:38.234852Z,KXBTC15M-26OCT042030-30,0.0500,50.00,no
2026-10-05T00:28:38.234852Z,KXBTC15M-26OCT042030-30,0.0500,34.77,no
2026-10-05T00:28:38.234852Z,KXBTC15M-26OCT042030-30,0.0500,2.00,no
2026-10-05T00:28:38.234852Z,KXBTC15M-26OCT042030-30,0.0500,0.01,no
2026-10-05T00:28:38.235568Z,KXBTC15M-26OCT042030-30,0.0510,1.69,yes
2026-10-05T00:28:38.236587Z,KXBTC15M-26OCT042030-30,0.0510,5.00,yes
2026-10-05T00:28:38.239375Z,KXBTC15M-26OCT042030-30,0.0500,5.15,no
2026-10-05T00:28:38.24513Z,KXBTC15M-26OCT042030-30,0.0510,1.02,yes
2026-10-05T00:28:38.257004Z,KXBTC15M-26OCT042030-30,0.0500,23.29,no
2026-10-05T00:28:38.289362Z,KXBTC15M-26OCT042030-30,0.0500,29.59,no
2026-10-05T00:28:38.290384Z,KXBTC15M-26OCT042030-30,0.0510,39.74,yes
2026-10-05T00:28:38.290384Z,KXBTC15M-26OCT042030-30,0.0510,25.13,yes
2026-10-05T00:28:38.305471Z,KXBTC15M-26OCT042030-30,0.0500,2.00,no
2026-10-05T00:28:38.306951Z,KXBTC15M-26OCT042030-30,0.0500,87.32,no
2026-10-05T00:28:38.306951Z,KXBTC15M-26OCT042030-30,0.0500,0.01,no
2026-10-05T00:28:38.306951Z,KXBTC15M-26OCT042030-30,0.0500,0.01,no
2026-10-05T00:28:38.306951Z,KXBTC15M-26OCT042030-30,0.0500,26.20,no
2026-10-05T00:28:38.317687Z,KXBTC15M-26OCT042030-30,0.0500,288.47,no
2026-10-05T00:28:38.325557Z,KXBTC15M-26OCT042030-30,0.0500,1.18,no
2026-10-05T00:28:38.325557Z,KXBTC15M-26OCT042030-30,0.0490,2.00,no
2026-10-05T00:28:38.325557Z,KXBTC15M-26OCT042030-30,0.0490,2.00,no
2026-10-05T00:28:38.325557Z,KXBTC15M-26OCT042030-30,0.0500,0.05,no
2026-10-05T00:28:38.325557Z,KXBTC15M-26OCT042030-30,0.0500,0.01,no
2026-10-05T00:28:38.325557Z,KXBTC15M-26OCT042030-30,0.0490,124.54,no
2026-10-05T00:28:38.325557Z,KXBTC15M-26OCT042030-30,0.0500,50.00,no
2026-10-05T00:28:38.325557Z,KXBTC15M-26OCT042030-30,0.0500,26.00,no
2026-10-05T00:28:38.325557Z,KXBTC15M-26OCT042030-30,0.0500,0.01,no
2026-10-05T00:28:38.32617Z,KXBTC15M-26OCT042030-30,0.0440,2.00,no
2026-10-05T00:28:38.32617Z,KXBTC15M-26OCT042030-30,0.0400,10.00,no
2026-10-05T00:28:38.32617Z,KXBTC15M-26OCT042030-30,0.0400,6.00,no
2026-10-05T00:28:38.32617Z,KXBTC15M-26OCT042030-30,0.0400,27.50,no
2026-10-05T00:28:38.32617Z,KXBTC15M-26OCT042030-30,0.0400,31.55,no
2026-10-05T00:28:38.32617Z,KXBTC15M-26OCT042030-30,0.0400,1.00,no
2026-10-05T00:28:38.32617Z,KXBTC15M-26OCT042030-30,0.0440,500.00,no
2026-10-05T00:28:38.32617Z,KXBTC15M-26OCT042030-30,0.0460,80.00,no
2026-10-05T00:28:38.32617Z,KXBTC15M-26OCT042030-30,0.0450,15.00,no
2026-10-05T00:28:38.32617Z,KXBTC15M-26OCT042030-30,0.0450,64.00,no
2026-10-05T00:28:38.32617Z,KXBTC15M-26OCT042030-30,0.0480,2.00,no
2026-10-05T00:28:38.32617Z,KXBTC15M-26OCT042030-30,0.0450,93.75,no
2026-10-05T00:28:38.32617Z,KXBTC15M-26OCT042030-30,0.0480,2.00,no
2026-10-05T00:28:38.32617Z,KXBTC15M-26OCT042030-30,0.0490,275.46,no
2026-10-05T00:28:38.32617Z,KXBTC15M-26OCT042030-30,0.0460,160.00,no
2026-10-05T00:28:38.32617Z,KXBTC15M-26OCT042030-30,0.0470,9.00,no
2026-10-05T00:28:38.32617Z,KXBTC15M-26OCT042030-30,0.0450,15.00,no
2026-10-05T00:28:38.32617Z,KXBTC15M-26OCT042030-30,0.0450,93.75,no
2026-10-05T00:28:38.32617Z,KXBTC15M-26OCT042030-30,0.0400,51.12,no
2026-10-05T00:28:38.32617Z,KXBTC15M-26OCT042030-30,0.0400,14.58,no
2026-10-05T00:28:38.32617Z,KXBTC15M-26OCT042030-30,0.0400,2.46,no
2026-10-05T00:28:38.32617Z,KXBTC15M-26OCT042030-30,0.0410,10.00,no
2026-10-05T00:28:38.32617Z,KXBTC15M-26OCT042030-30,0.0400,6.25,no
2026-10-05T00:28:38.339036Z,KXBTC15M-26OCT042030-30,0.0400,92.08,no
2026-10-05T00:28:38.339036Z,KXBTC15M-26OCT042030-30,0.0410,10.00,no
2026-10-05T00:28:38.339036Z,KXBTC15M-26OCT042030-30,0.0450,15.00,no
2026-10-05T00:28:38.349396Z,KXBTC15M-26OCT042030-30,0.0440,2.00,no
2026-10-05T00:28:38.349396Z,KXBTC15M-26OCT042030-30,0.0410,5.99,no
2026-10-05T00:28:38.349396Z,KXBTC15M-26OCT042030-30,0.0450,2.00,no
2026-10-05T00:28:38.349396Z,KXBTC15M-26OCT042030-30,0.0450,0.01,no
2026-10-05T00:28:38.349396Z,KXBTC15M-26OCT042030-30,0.0450,2.00,no
2026-10-05T00:28:38.349396Z,KXBTC15M-26OCT042030-30,0.0430,2.00,no
2026-10-05T00:28:38.350607Z,KXBTC15M-26OCT042030-30,0.0400,2.91,no
2026-10-05T00:28:38.350607Z,KXBTC15M-26OCT042030-30,0.0410,1.20,no
2026-10-05T00:28:38.350607Z,KXBTC15M-26OCT042030-30,0.0410,4.01,no
2026-10-05T00:28:38.350607Z,KXBTC15M-26OCT042030-30,0.0440,2.00,no
2026-10-05T00:28:38.358069Z,KXBTC15M-26OCT042030-30,0.0400,77.51,no
2026-10-05T00:28:38.358069Z,KXBTC15M-26OCT042030-30,0.0450,0.01,no
2026-10-05T00:28:38.358069Z,KXBTC15M-26OCT042030-30,0.0420,2.00,no
2026-10-05T00:28:38.358069Z,KXBTC15M-26OCT042030-30,0.0450,2.00,no
2026-10-05T00:28:38.358069Z,KXBTC15M-26OCT042030-30,0.0400,21.27,no
2026-10-05T00:28:38.363856Z,KXBTC15M-26OCT042030-30,0.0460,8.00,yes
2026-10-05T00:28:38.369506Z,KXBTC15M-26OCT042030-30,0.0460,4.40,yes
2026-10-05T00:28:38.369998Z,KXBTC15M-26OCT042030-30,0.0460,13.00,yes
2026-10-05T00:28:38.380477Z,KXBTC15M-26OCT042030-30,0.0410,2.00,no
2026-10-05T00:28:38.380477Z,KXBTC15M-26OCT042030-30,0.0410,2.00,no
2026-10-05T00:28:38.380477Z,KXBTC15M-26OCT042030-30,0.0420,2.00,no
2026-10-05T00:28:38.380477Z,KXBTC15M-26OCT042030-30,0.0430,2.00,no
2026-10-05T00:28:38.380477Z,KXBTC15M-26OCT042030-30,0.0400,3.41,no
2026-10-05T00:28:38.387148Z,KXBTC15M-26OCT042030-30,0.0410,10.00,no
2026-10-05T00:28:38.387148Z,KXBTC15M-26OCT042030-30,0.0400,5.50,no
2026-10-05T00:28:38.400994Z,KXBTC15M-26OCT042030-30,0.0450,3.27,yes
2026-10-05T00:28:38.402399Z,KXBTC15M-26OCT042030-30,0.0460,56.50,yes
2026-10-05T00:28:38.402399Z,KXBTC15M-26OCT042030-30,0.0450,92.73,yes
2026-10-05T00:28:38.414985Z,KXBTC15M-26OCT042030-30,0.0420,1.18,no
2026-10-05T00:28:38.414985Z,KXBTC15M-26OCT042030-30,0.0420,28.82,no
2026-10-05T00:28:38.426357Z,KXBTC15M-26OCT042030-30,0.0420,30.00,no
2026-10-05T00:28:38.429959Z,KXBTC15M-26OCT042030-30,0.0420,1.82,no
2026-10-05T00:28:38.429959Z,KXBTC15M-26OCT042030-30,0.0420,28.18,no
2026-10-05T00:28:38.440984Z,KXBTC15M-26OCT042030-30,0.0430,19.00,no
2026-10-05T00:28:38.44507Z,KXBTC15M-26OCT042030-30,0.0430,10.50,no
2026-10-05T00:28:38.4458Z,KXBTC15M-26OCT042030-30,0.0440,5.57,yes
2026-10-05T00:28:38.4614Z,KXBTC15M-26OCT042030-30,0.0440,7.29,yes
2026-10-05T00:28:38.465512Z,KXBTC15M-26OCT042030-30,0.0430,57.00,no
2026-10-05T00:28:38.465512Z,KXBTC15M-26OCT042030-30,0.0430,275.00,no
2026-10-05T00:28:38.465512Z,KXBTC15M-26OCT042030-30,0.0430,9.00,no
2026-10-05T00:28:38.479291Z,KXBTC15M-26OCT042030-30,0.0410,7.08,no
2026-10-05T00:28:38.487924Z,KXBTC15M-26OCT042030-30,0.0440,0.01,yes
2026-10-05T00:28:38.487924Z,KXBTC15M-26OCT042030-30,0.0440,0.01,yes
2026-10-05T00:28:38.487924Z,KXBTC15M-26OCT042030-30,0.0440,35.14,yes
2026-10-05T00:28:38.487924Z,KXBTC15M-26OCT042030-30,0.0440,3.18,yes
2026-10-05T00:28:38.492111Z,KXBTC15M-26OCT042030-30,0.0440,64.69,yes
2026-10-05T00:28:38.492111Z,KXBTC15M-26OCT042030-30,0.0440,59.82,yes
2026-10-05T00:28:38.493567Z,KXBTC15M-26OCT042030-30,0.0400,8.73,no
2026-10-05T00:28:38.493567Z,KXBTC15M-26OCT042030-30,0.0410,7.08,no
2026-10-05T00:28:38.493567Z,KXBTC15M-26OCT042030-30,0.0400,69.82,no
2026-10-05T00:28:38.510263Z,KXBTC15M-26OCT042030-30,0.0410,10.00,no
2026-10-05T00:28:38.510263Z,KXBTC15M-26OCT042030-30,0.0400,14.35,no
2026-10-05T00:28:38.510263Z,KXBTC15M-26OCT042030-30,0.0430,0.01,no
2026-10-05T00:28:38.510263Z,KXBTC15M-26OCT042030-30,0.0420,66.53,no
2026-10-05T00:28:38.510263Z,KXBTC15M-26OCT042030-30,0.0430,0.01,no
2026-10-05T00:28:38.521199Z,KXBTC15M-26OCT042030-30,0.0430,313.15,no
2026-10-05T00:28:38.524975Z,KXBTC15M-26OCT042030-30,0.0440,0.01,yes
2026-10-05T00:28:38.524975Z,KXBTC15M-26OCT042030-30,0.0440,0.01,yes
2026-10-05T00:28:38.524975Z,KXBTC15M-26OCT042030-30,0.0450,1.47,yes
2026-10-05T00:28:38.529118Z,KXBTC15M-26OCT042030-30,0.0450,7.53,yes
2026-10-05T00:28:38.529118Z,KXBTC15M-26OCT042030-30,0.0460,8.33,yes
2026-10-05T00:28:38.529118Z,KXBTC15M-26OCT042030-30,0.0450,0.01,yes
2026-10-05T00:28:38.529118Z,KXBTC15M-26OCT042030-30,0.0450,0.01,yes
2026-10-05T00:28:38.52934Z,KXBTC15M-26OCT042030-30,0.0460,1.51,yes
2026-10-05T00:28:38.533174Z,KXBTC15M-26OCT042030-30,0.0440,0.01,yes
2026-10-05T00:28:38.533174Z,KXBTC15M-26OCT042030-30,0.0460,9.47,yes
2026-10-05T00:28:38.533174Z,KXBTC15M-26OCT042030-30,0.0440,0.01,yes
2026-10-05T00:28:38.533174Z,KXBTC15M-26OCT042030-30,0.0450,1.47,yes
2026-10-05T00:28:38.541108Z,KXBTC15M-26OCT042030-30,0.0400,6.92,no
2026-10-05T00:28:38.541108Z,KXBTC15M-26OCT042030-30,0.0430,0.01,no
2026-10-05T00:28:38.541108Z,KXBTC15M-26OCT042030-30,0.0430,0.01,no
2026-10-05T00:28:38.541108Z,KXBTC15M-26OCT042030-30,0.0420,9.00,no
2026-10-05T00:28:38.541108Z,KXBTC15M-26OCT042030-30,0.0430,1.18,no
2026-10-05T00:28:38.541108Z,KXBTC15M-26OCT042030-30,0.0390,1.88,no
2026-10-05T00:28:38.545271Z,KXBTC15M-26OCT042030-30,0.0460,173.53,yes
2026-10-05T00:28:38.546405Z,KXBTC15M-26OCT042030-30,0.0460,162.00,yes
2026-10-05T00:28:38.555296Z,KXBTC15M-26OCT042030-30,0.0430,85.60,no
2026-10-05T00:28:38.555296Z,KXBTC15M-26OCT042030-30,0.0440,83.00,no
2026-10-05T00:28:38.589561Z,KXBTC15M-26OCT042030-30,0.0450,9.00,yes
2026-10-05T00:28:38.589561Z,KXBTC15M-26OCT042030-30,0.0450,0.01,yes
2026-10-05T00:28:38.589561Z,KXBTC15M-26OCT042030-30,0.0450,0.01,yes
2026-10-05T00:28:38.589561Z,KXBTC15M-26OCT042030-30,0.0460,7.07,yes
2026-10-05T00:28:38.595747Z,KXBTC15M-26OCT042030-30,0.0460,1.51,yes
2026-10-05T00:28:38.603309Z,KXBTC15M-26OCT042030-30,0.0440,0.01,no
2026-10-05T00:28:38.603309Z,KXBTC15M-26OCT042030-30,0.0430,5.28,no
2026-10-05T00:28:38.603309Z,KXBTC15M-26OCT042030-30,0.0440,1.00,no
2026-10-05T00:28:38.603309Z,KXBTC15M-26OCT042030-30,0.0440,0.01,no
2026-10-05T00:28:38.603417Z,KXBTC15M-26OCT042030-30,0.0430,2.04,no
2026-10-05T00:28:38.605128Z,KXBTC15M-26OCT042030-30,0.0450,3.03,yes
2026-10-05T00:28:38.612118Z,KXBTC15M-26OCT042030-30,0.0450,0.01,yes
2026-10-05T00:28:38.612118Z,KXBTC15M-26OCT042030-30,0.0460,0.30,yes
2026-10-05T00:28:38.612118Z,KXBTC15M-26OCT042030-30,0.0450,0.01,yes
2026-10-05T00:28:38.61463Z,KXBTC15M-26OCT042030-30,0.0450,6.52,yes
2026-10-05T00:28:38.615209Z,KXBTC15M-26OCT042030-30,0.0440,1.17,no
2026-10-05T00:28:38.615209Z,KXBTC15M-26OCT042030-30,0.0440,0.01,no
2026-10-05T00:28:38.615209Z,KXBTC15M-26OCT042030-30,0.0430,8.81,no
2026-10-05T00:28:38.615209Z,KXBTC15M-26OCT042030-30,0.0430,0.01,no
2026-10-05T00:28:38.628975Z,KXBTC15M-26OCT042030-30,0.0410,33.98,no
2026-10-05T00:28:38.628975Z,KXBTC15M-26OCT042030-30,0.0420,24.00,no
2026-10-05T00:28:38.628975Z,KXBTC15M-26OCT042030-30,0.0430,0.01,no
2026-10-05T00:28:38.628975Z,KXBTC15M-26OCT042030-30,0.0430,0.01,no
2026-10-05T00:28:38.637066Z,KXBTC15M-26OCT042030-30,0.0400,53.23,no
2026-10-05T00:28:38.637066Z,KXBTC15M-26OCT042030-30,0.0430,0.01,no
2026-10-05T00:28:38.639383Z,KXBTC15M-26OCT042030-30,0.0410,0.01,no
2026-10-05T00:28:38.639383Z,KXBTC15M-26OCT042030-30,0.0410,500.00,no
2026-10-05T00:28:38.639383Z,KXBTC15M-26OCT042030-30,0.0400,38.77,no
2026-10-05T00:28:38.639383Z,KXBTC15M-26OCT042030-30,0.0400,92.00,no
2026-10-05T00:28:38.659599Z,KXBTC15M-26OCT042030-30,0.0390,26.74,no
2026-10-05T00:28:38.669626Z,KXBTC15M-26OCT042030-30,0.0340,434.17,no
2026-10-05T00:28:38.669626Z,KXBTC15M-26OCT042030-30,0.0370,500.00,no
2026-10-05T00:28:38.669626Z,KXBTC15M-26OCT042030-30,0.0370,2.00,no
2026-10-05T00:28:38.669626Z,KXBTC15M-26OCT042030-30,0.0350,15.00,no
2026-10-05T00:28:38.669626Z,KXBTC15M-26OCT042030-30,0.0380,2.00,no
2026-10-05T00:28:38.669626Z,KXBTC15M-26OCT042030-30,0.0360,2.00,no
2026-10-05T00:28:38.669626Z,KXBTC15M-26OCT042030-30,0.0360,2.00,no
2026-10-05T00:28:38.669626Z,KXBTC15M-26OCT042030-30,0.0370,10.00,no
2026-10-05T00:28:38.669626Z,KXBTC15M-26OCT042030-30,0.0360,102.00,no
2026-10-05T00:28:38.669626Z,KXBTC15M-26OCT042030-30,0.0370,2.00,no
2026-10-05T00:28:38.669626Z,KXBTC15M-26OCT042030-30,0.0380,2.00,no
2026-10-05T00:28:38.669626Z,KXBTC15M-26OCT042030-30,0.0350,10.00,no
2026-10-05T00:28:38.669626Z,KXBTC15M-26OCT042030-30,0.0370,53.23,no
2026-10-05T00:28:38.669626Z,KXBTC15M-26OCT042030-30,0.0350,93.75,no
2026-10-05T00:28:38.670033Z,KXBTC15M-26OCT042030-30,0.0400,13.62,yes
2026-10-05T00:28:38.678942Z,KXBTC15M-26OCT042030-30,0.0340,13.19,no
2026-10-05T00:28:38.679037Z,KXBTC15M-26OCT042030-30,0.0400,1.51,yes
2026-10-05T00:28:38.682611Z,KXBTC15M-26OCT042030-30,0.0340,1.87,no
2026-10-05T00:28:38.682611Z,KXBTC15M-26OCT042030-30,0.0350,1.20,no
2026-10-05T00:28:38.683031Z,KXBTC15M-26OCT042030-30,0.0340,10.25,no
2026-10-05T00:28:38.685988Z,KXBTC15M-26OCT042030-30,0.0340,4.00,no
2026-10-05T00:28:38.685988Z,KXBTC15M-26OCT042030-30,0.0330,6.27,no
2026-10-05T00:28:38.688318Z,KXBTC15M-26OCT042030-30,0.0400,162.00,yes
2026-10-05T00:28:38.690512Z,KXBTC15M-26OCT042030-30,0.0330,2.00,no
2026-10-05T00:28:38.711432Z,KXBTC15M-26OCT042030-30,0.0320,500.00,no
2026-10-05T00:28:38.711432Z,KXBTC15M-26OCT042030-30,0.0310,9.84,no
2026-10-05T00:28:38.711432Z,KXBTC15M-26OCT042030-30,0.0310,60.44,no
2026-10-05T00:28:38.711432Z,KXBTC15M-26OCT042030-30,0.0330,2.00,no
2026-10-05T00:28:38.711432Z,KXBTC15M-26OCT042030-30,0.0330,111.00,no
2026-10-05T00:28:38.711432Z,KXBTC15M-26OCT042030-30,0.0330,10.00,no
2026-10-05T00:28:38.711432Z,KXBTC15M-26OCT042030-30,0.0350,10.00,no
2026-10-05T00:28:38.711432Z,KXBTC15M-26OCT042030-30,0.0320,42.58,no
2026-10-05T00:28:38.711432Z,KXBTC15M-26OCT042030-30,0.0330,42.58,no
2026-10-05T00:28:38.711432Z,KXBTC15M-26OCT042030-30,0.0320,10.00,no
2026-10-05T00:28:38.711432Z,KXBTC15M-26OCT042030-30,0.0320,2.00,no
2026-10-05T00:28:38.711432Z,KXBTC15M-26OCT042030-30,0.0320,15.00,no
2026-10-05T00:28:38.725797Z,KXBTC15M-26OCT042030-30,0.0350,13.00,yes
2026-10-05T00:28:38.728378Z,KXBTC15M-26OCT042030-30,0.0350,63.90,yes
2026-10-05T00:28:38.730217Z,KXBTC15M-26OCT042030-30,0.0300,134.22,no
2026-10-05T00:28:38.730217Z,KXBTC15M-26OCT042030-30,0.0300,40.00,no
2026-10-05T00:28:38.730217Z,KXBTC15M-26OCT042030-30,0.0300,9.17,no
2026-10-05T00:28:38.730217Z,KXBTC15M-26OCT042030-30,0.0300,6.00,no
2026-10-05T00:28:38.730217Z,KXBTC15M-26OCT042030-30,0.0310,10.00,no
2026-10-05T00:28:38.730217Z,KXBTC15M-26OCT042030-30,0.0310,2.00,no
2026-10-05T00:28:38.763682Z,KXBTC15M-26OCT042030-30,0.0340,196.00,yes
2026-10-05T00:28:38.763682Z,KXBTC15M-26OCT042030-30,0.0350,54.00,yes
2026-10-05T00:28:38.787735Z,KXBTC15M-26OCT042030-30,0.0310,100.99,no
2026-10-05T00:28:38.791914Z,KXBTC15M-26OCT042030-30,0.0340,0.01,yes
2026-10-05T00:28:38.791914Z,KXBTC15M-26OCT042030-30,0.0340,0.01,yes
2026-10-05T00:28:38.791914Z,KXBTC15M-26OCT042030-30,0.0350,16.25,yes
2026-10-05T00:28:38.800482Z,KXBTC15M-26OCT042030-30,0.0340,0.01,yes
2026-10-05T00:28:38.800482Z,KXBTC15M-26OCT042030-30,0.0350,165.59,yes
2026-10-05T00:28:38.800482Z,KXBTC15M-26OCT042030-30,0.0340,0.01,yes
2026-10-05T00:28:38.80296Z,KXBTC15M-26OCT042030-30,0.0300,18.74,no
2026-10-05T00:28:38.80296Z,KXBTC15M-26OCT042030-30,0.0310,0.01,no
2026-10-05T00:28:38.80296Z,KXBTC15M-26OCT042030-30,0.0310,10.00,no
2026-10-05T00:28:38.80296Z,KXBTC15M-26OCT042030-30,0.0310,0.01,no
2026-10-05T00:28:38.80296Z,KXBTC15M-26OCT042030-30,0.0310,1.17,no
2026-10-05T00:28:38.80296Z,KXBTC15M-26OCT042030-30,0.0310,71.00,no
2026-10-05T00:28:38.827894Z,KXBTC15M-26OCT042030-30,0.0350,0.98,yes
2026-10-05T00:28:38.827894Z,KXBTC15M-26OCT042030-30,0.0340,0.01,yes
2026-10-05T00:28:38.827894Z,KXBTC15M-26OCT042030-30,0.0340,0.01,yes
2026-10-05T00:28:38.865865Z,KXBTC15M-26OCT042030-30,0.0300,92.93,no
2026-10-05T00:28:38.865865Z,KXBTC15M-26OCT042030-30,0.0300,47.04,no
2026-10-05T00:28:38.865865Z,KXBTC15M-26OCT042030-30,0.0300,200.00,no
2026-10-05T00:28:38.865865Z,KXBTC15M-26OCT042030-30,0.0300,3.17,no
2026-10-05T00:28:38.865865Z,KXBTC15M-26OCT042030-30,0.0300,6.66,no
2026-10-05T00:28:38.865865Z,KXBTC15M-26OCT042030-30,0.0300,25.00,no
2026-10-05T00:28:38.865865Z,KXBTC15M-26OCT042030-30,0.0320,1.16,no
2026-10-05T00:28:38.865865Z,KXBTC15M-26OCT042030-30,0.0310,25.55,no
2026-10-05T00:28:38.865865Z,KXBTC15M-26OCT042030-30,0.0310,118.00,no
2026-10-05T00:28:38.865865Z,KXBTC15M-26OCT042030-30,0.0320,0.01,no
2026-10-05T00:28:38.865865Z,KXBTC15M-26OCT042030-30,0.0310,0.01,no
2026-10-05T00:28:38.865865Z,KXBTC15M-26OCT042030-30,0.0310,10.00,no
2026-10-05T00:28:38.865865Z,KXBTC15M-26OCT042030-30,0.0310,0.01,no
2026-10-05T00:28:38.879276Z,KXBTC15M-26OCT042030-30,0.0340,0.01,yes
2026-10-05T00:28:38.879276Z,KXBTC15M-26OCT042030-30,0.0350,337.03,yes
2026-10-05T00:28:38.879276Z,KXBTC15M-26OCT042030-30,0.0340,0.01,yes
2026-10-05T00:28:38.882387Z,KXBTC15M-26OCT042030-30,0.0350,14.58,yes
2026-10-05T00:28:38.886624Z,KXBTC15M-26OCT042030-30,0.0300,183.93,no
2026-10-05T00:28:38.886624Z,KXBTC15M-26OCT042030-30,0.0330,0.01,no
2026-10-05T00:28:38.886624Z,KXBTC15M-26OCT042030-30,0.0320,10.00,no
2026-10-05T00:28:38.886624Z,KXBTC15M-26OCT042030-30,0.0330,0.01,no
2026-10-05T00:28:38.886624Z,KXBTC15M-26OCT042030-30,0.0310,10.00,no
2026-10-05T00:28:38.886624Z,KXBTC15M-26OCT042030-30,0.0310,20.44,no
2026-10-05T00:28:38.894052Z,KXBTC15M-26OCT042030-30,0.0300,223.14,no
2026-10-05T00:28:38.894052Z,KXBTC15M-26OCT042030-30,0.0330,10.00,no
2026-10-05T00:28:38.894052Z,KXBTC15M-26OCT042030-30,0.0300,14.79,no
2026-10-05T00:28:38.894052Z,KXBTC15M-26OCT042030-30,0.0300,4.14,no
2026-10-05T00:28:38.894052Z,KXBTC15M-26OCT042030-30,0.0300,400.00,no
2026-10-05T00:28:38.894052Z,KXBTC15M-26OCT042030-30,0.0300,135.62,no
2026-10-05T00:28:38.894052Z,KXBTC15M-26OCT042030-30,0.0300,33.00,no
2026-10-05T00:28:38.899775Z,KXBTC15M-26OCT042030-30,0.0340,0.01,yes
2026-10-05T00:28:38.899775Z,KXBTC15M-26OCT042030-30,0.0340,0.01,yes
2026-10-05T00:28:38.909302Z,KXBTC15M-26OCT042030-30,0.0320,0.01,no
2026-10-05T00:28:38.909302Z,KXBTC15M-26OCT042030-30,0.0330,0.01,no
2026-10-05T00:28:38.909302Z,KXBTC15M-26OCT042030-30,0.0320,10.00,no
2026-10-05T00:28:38.909302Z,KXBTC15M-26OCT042030-30,0.0300,46.07,no
2026-10-05T00:28:38.921189Z,KXBTC15M-26OCT042030-30,0.0340,11.00,yes
2026-10-05T00:28:38.921189Z,KXBTC15M-26OCT042030-30,0.0370,228.25,yes
2026-10-05T00:28:38.921189Z,KXBTC15M-26OCT042030-30,0.0350,0.01,yes
2026-10-05T00:28:38.921189Z,KXBTC15M-26OCT042030-30,0.0340,0.01,yes
2026-10-05T00:28:38.921189Z,KXBTC15M-26OCT042030-30,0.0350,0.01,yes
2026-10-05T00:28:38.921189Z,KXBTC15M-26OCT042030-30,0.0340,0.01,yes
2026-10-05T00:28:38.922637Z,KXBTC15M-26OCT042030-30,0.0370,0.50,yes
2026-10-05T00:28:38.92306Z,KXBTC15M-26OCT042030-30,0.0330,5.09,no
2026-10-05T00:28:38.927732Z,KXBTC15M-26OCT042030-30,0.0330,10.19,no
2026-10-05T00:28:38.946835Z,KXBTC15M-26OCT042030-30,0.0330,0.01,no
2026-10-05T00:28:38.946835Z,KXBTC15M-26OCT042030-30,0.0330,0.01,no
2026-10-05T00:28:38.946835Z,KXBTC15M-26OCT042030-30,0.0330,18.72,no
2026-10-05T00:28:38.946835Z,KXBTC15M-26OCT042030-30,0.0330,216.71,no
2026-10-05T00:28:38.955789Z,KXBTC15M-26OCT042030-30,0.0330,22.60,no
2026-10-05T00:28:38.970234Z,KXBTC15M-26OCT042030-30,0.0330,610.08,no
2026-10-05T00:28:38.973397Z,KXBTC15M-26OCT042030-30,0.0340,0.01,yes
2026-10-05T00:28:38.973397Z,KXBTC15M-26OCT042030-30,0.0340,0.01,yes
2026-10-05T00:28:38.980843Z,KXBTC15M-26OCT042030-30,0.0330,149.30,no
2026-10-05T00:28:38.989043Z,KXBTC15M-26OCT042030-30,0.0330,5.09,no
2026-10-05T00:28:39.000983Z,KXBTC15M-26OCT042030-30,0.0330,1.16,no
2026-10-05T00:28:39.000983Z,KXBTC15M-26OCT042030-30,0.0330,0.01,no
2026-10-05T00:28:39.000983Z,KXBTC15M-26OCT042030-30,0.0330,0.01,no
2026-10-05T00:28:39.000983Z,KXBTC15M-26OCT042030-30,0.0310,10.00,no
2026-10-05T00:28:39.000983Z,KXBTC15M-26OCT042030-30,0.0300,988.82,no
2026-10-05T00:28:39.029142Z,KXBTC15M-26OCT042030-30,0.0340,57.98,yes
2026-10-05T00:28:39.029142Z,KXBTC15M-26OCT042030-30,0.0340,0.01,yes
2026-10-05T00:28:39.029142Z,KXBTC15M-26OCT042030-30,0.0340,0.01,yes
2026-10-05T00:28:39.041781Z,KXBTC15M-26OCT042030-30,0.0340,0.02,yes
2026-10-05T00:28:39.092513Z,KXBTC15M-26OCT042030-30,0.0320,1.16,no
2026-10-05T00:28:39.092513Z,KXBTC15M-26OCT042030-30,0.0320,16.83,no
2026-10-05T00:28:39.092513Z,KXBTC15M-26OCT042030-30,0.0320,0.01,no
2026-10-05T00:28:39.110221Z,KXBTC15M-26OCT042030-30,0.0310,0.01,no
2026-10-05T00:28:39.110221Z,KXBTC15M-26OCT042030-30,0.0320,14.17,no
2026-10-05T00:28:39.110221Z,KXBTC15M-26OCT042030-30,0.0310,0.01,no
2026-10-05T00:28:39.110221Z,KXBTC15M-26OCT042030-30,0.0310,10.00,no
2026-10-05T00:28:39.110221Z,KXBTC15M-26OCT042030-30,0.0300,975.81,no
2026-10-05T00:28:39.110647Z,KXBTC15M-26OCT042030-30,0.0300,50.00,no
2026-10-05T00:28:39.114065Z,KXBTC15M-26OCT042030-30,0.0330,2.09,yes
2026-10-05T00:28:39.114065Z,KXBTC15M-26OCT042030-30,0.0330,0.01,yes
2026-10-05T00:28:39.114065Z,KXBTC15M-26OCT042030-30,0.0330,11.00,yes
2026-10-05T00:28:39.114065Z,KXBTC15M-26OCT042030-30,0.0330,0.01,yes
2026-10-05T00:28:39.121528Z,KXBTC15M-26OCT042030-30,0.0310,15.28,no
2026-10-05T00:28:39.131133Z,KXBTC15M-26OCT042030-30,0.0340,0.01,yes
2026-10-05T00:28:39.131133Z,KXBTC15M-26OCT042030-30,0.0330,0.01,yes
2026-10-05T00:28:39.131133Z,KXBTC15M-26OCT042030-30,0.0340,0.01,yes
2026-10-05T00:28:39.131133Z,KXBTC15M-26OCT042030-30,0.0340,11.00,yes
2026-10-05T00:28:39.131133Z,KXBTC15M-26OCT042030-30,0.0320,60.00,yes
2026-10-05T00:28:39.131133Z,KXBTC15M-26OCT042030-30,0.0330,0.01,yes
2026-10-05T00:28:39.131133Z,KXBTC15M-26OCT042030-30,0.0350,178.96,yes
2026-10-05T00:28:39.134984Z,KXBTC15M-26OCT042030-30,0.0310,2.16,no
2026-10-05T00:28:39.141323Z,KXBTC15M-26OCT042030-30,0.0310,0.01,no
2026-10-05T00:28:39.141323Z,KXBTC15M-26OCT042030-30,0.0310,0.01,no
2026-10-05T00:28:39.141323Z,KXBTC15M-26OCT042030-30,0.0310,0.85,no
2026-10-05T00:28:39.145362Z,KXBTC15M-26OCT042030-30,0.0320,0.01,yes
2026-10-05T00:28:39.145362Z,KXBTC15M-26OCT042030-30,0.0340,11.00,yes
2026-10-05T00:28:39.145362Z,KXBTC15M-26OCT042030-30,0.0330,8.00,yes
2026-10-05T00:28:39.145362Z,KXBTC15M-26OCT042030-30,0.0350,172.01,yes
2026-10-05T00:28:39.148913Z,KXBTC15M-26OCT042030-30,0.0320,0.01,yes
2026-10-05T00:28:39.148913Z,KXBTC15M-26OCT042030-30,0.0350,79.99,yes
2026-10-05T00:28:39.151568Z,KXBTC15M-26OCT042030-30,0.0310,0.01,no
2026-10-05T00:28:39.151568Z,KXBTC15M-26OCT042030-30,0.0310,10.00,no
2026-10-05T00:28:39.151568Z,KXBTC15M-26OCT042030-30,0.0310,0.01,no
2026-10-05T00:28:39.151568Z,KXBTC15M-26OCT042030-30,0.0310,0.30,no
2026-10-05T00:28:39.151568Z,KXBTC15M-26OCT042030-30,0.0300,111.38,no
2026-10-05T00:28:39.165167Z,KXBTC15M-26OCT042030-30,0.0340,0.01,yes
2026-10-05T00:28:39.165167Z,KXBTC15M-26OCT042030-30,0.0340,0.01,yes
2026-10-05T00:28:39.165167Z,KXBTC15M-26OCT042030-30,0.0350,0.02,yes
2026-10-05T00:28:39.173898Z,KXBTC15M-26OCT042030-30,0.0340,2.00,yes
2026-10-05T00:28:39.176758Z,KXBTC15M-26OCT042030-30,0.0340,500.00,yes
2026-10-05T00:28:39.176758Z,KXBTC15M-26OCT042030-30,0.0340,0.01,yes
2026-10-05T00:28:39.176758Z,KXBTC15M-26OCT042030-30,0.0340,200.00,yes
2026-10-05T00:28:39.176758Z,KXBTC15M-26OCT042030-30,0.0340,9.00,yes
2026-10-05T00:28:39.176758Z,KXBTC15M-26OCT042030-30,0.0340,0.01,yes
2026-10-05T00:28:39.176758Z,KXBTC15M-26OCT042030-30,0.0350,355.38,yes
2026-10-05T00:28:39.180837Z,KXBTC15M-26OCT042030-30,0.0330,0.01,yes
2026-10-05T00:28:39.180837Z,KXBTC15M-26OCT042030-30,0.0320,0.01,yes
2026-10-05T00:28:39.180837Z,KXBTC15M-26OCT042030-30,0.0340,2.00,yes
2026-10-05T00:28:39.180837Z,KXBTC15M-26OCT042030-30,0.0350,84.59,yes
2026-10-05T00:28:39.181829Z,KXBTC15M-26OCT042030-30,0.0350,27.44,yes
2026-10-05T00:28:39.183906Z,KXBTC15M-26OCT042030-30,0.0350,18.11,yes
2026-10-05T00:28:39.183906Z,KXBTC15M-26OCT042030-30,0.0350,64.00,yes
2026-10-05T00:28:39.183906Z,KXBTC15M-26OCT042030-30,0.0340,0.01,yes
2026-10-05T00:28:39.186992Z,KXBTC15M-26OCT042030-30,0.0320,0.01,yes
2026-10-05T00:28:39.186992Z,KXBTC15M-26OCT042030-30,0.0380,116.10,yes
2026-10-05T00:28:39.186992Z,KXBTC15M-26OCT042030-30,0.0350,45.89,yes
2026-10-05T00:28:39.188848Z,KXBTC15M-26OCT042030-30,0.0310,0.01,no
2026-10-05T00:28:39.188848Z,KXBTC15M-26OCT042030-30,0.0310,0.01,no
2026-10-05T00:28:39.188848Z,KXBTC15M-26OCT042030-30,0.0310,10.00,no
2026-10-05T00:28:39.188848Z,KXBTC15M-26OCT042030-30,0.0310,396.08,no
2026-10-05T00:28:39.191688Z,KXBTC15M-26OCT042030-30,0.0390,11.00,yes
2026-10-05T00:28:39.191688Z,KXBTC15M-26OCT042030-30,0.0380,41.06,yes
2026-10-05T00:28:39.191688Z,KXBTC15M-26OCT042030-30,0.0360,10.00,yes
2026-10-05T00:28:39.191688Z,KXBTC15M-26OCT042030-30,0.0350,0.01,yes
2026-10-05T00:28:39.191688Z,KXBTC15M-26OCT042030-30,0.0390,2.00,yes
2026-10-05T00:28:39.191688Z,KXBTC15M-26OCT042030-30,0.0400,55.54,yes
2026-10-05T00:28:39.191688Z,KXBTC15M-26OCT042030-30,0.0390,2.00,yes
2026-10-05T00:28:39.216033Z,KXBTC15M-26OCT042030-30,0.0310,8.00,no
2026-10-05T00:28:39.222194Z,KXBTC15M-26OCT042030-30,0.0350,0.01,yes
2026-10-05T00:28:39.222194Z,KXBTC15M-26OCT042030-30,0.0350,0.01,yes
2026-10-05T00:28:39.222194Z,KXBTC15M-26OCT042030-30,0.0400,6.37,yes
2026-10-05T00:28:39.225621Z,KXBTC15M-26OCT042030-30,0.0320,1.17,no
2026-10-05T00:28:39.242455Z,KXBTC15M-26OCT042030-30,0.0350,0.01,yes
2026-10-05T00:28:39.242455Z,KXBTC15M-26OCT042030-30,0.0400,59.99,yes
2026-10-05T00:28:39.246501Z,KXBTC15M-26OCT042030-30,0.0350,0.01,yes
2026-10-05T00:28:39.246501Z,KXBTC15M-26OCT042030-30,0.0350,0.01,yes
2026-10-05T00:28:39.246501Z,KXBTC15M-26OCT042030-30,0.0400,99.98,yes
2026-10-05T00:28:39.265269Z,KXBTC15M-26OCT042030-30,0.0390,1.00,yes
2026-10-05T00:28:39.271726Z,KXBTC15M-26OCT042030-30,0.0320,0.01,no
2026-10-05T00:28:39.271726Z,KXBTC15M-26OCT042030-30,0.0330,10.00,no
2026-10-05T00:28:39.271726Z,KXBTC15M-26OCT042030-30,0.0320,18.83,no
2026-10-05T00:28:39.271726Z,KXBTC15M-26OCT042030-30,0.0330,0.01,no
2026-10-05T00:28:39.271726Z,KXBTC15M-26OCT042030-30,0.0320,0.01,no
2026-10-05T00:28:39.271726Z,KXBTC15M-26OCT042030-30,0.0330,0.01,no
2026-10-05T00:28:39.271726Z,KXBTC15M-26OCT042030-30,0.0320,69.64,no
2026-10-05T00:28:39.277519Z,KXBTC15M-26OCT042030-30,0.0320,0.30,no
2026-10-05T00:28:39.295982Z,KXBTC15M-26OCT042030-30,0.0390,1.00,yes
2026-10-05T00:28:39.295982Z,KXBTC15M-26OCT042030-30,0.0390,9.11,yes
2026-10-05T00:28:39.295982Z,KXBTC15M-26OCT042030-30,0.0390,3.00,yes
2026-10-05T00:28:39.31203Z,KXBTC15M-26OCT042030-30,0.0320,66.96,no
2026-10-05T00:28:39.329757Z,KXBTC15M-26OCT042030-30,0.0320,15.16,no
2026-10-05T00:28:39.348522Z,KXBTC15M-26OCT042030-30,0.0390,0.01,yes
2026-10-05T00:28:39.348522Z,KXBTC15M-26OCT042030-30,0.0390,0.01,yes
2026-10-05T00:28:39.348522Z,KXBTC15M-26OCT042030-30,0.0390,25.64,yes
2026-10-05T00:28:39.348522Z,KXBTC15M-26OCT042030-30,0.0380,10.00,yes
2026-10-05T00:28:39.348522Z,KXBTC15M-26OCT042030-30,0.0380,0.01,yes
2026-10-05T00:28:39.348522Z,KXBTC15M-26OCT042030-30,0.0390,1.89,yes
2026-10-05T00:28:39.360636Z,KXBTC15M-26OCT042030-30,0.0320,1.02,no
2026-10-05T00:28:39.367678Z,KXBTC15M-26OCT042030-30,0.0320,1.15,no
2026-10-05T00:28:39.367678Z,KXBTC15M-26OCT042030-30,0.0320,10.00,no
2026-10-05T00:28:39.367678Z,KXBTC15M-26OCT042030-30,0.0320,0.01,no
2026-10-05T00:28:39.367678Z,KXBTC15M-26OCT042030-30,0.0320,0.01,no
2026-10-05T00:28:39.367678Z,KXBTC15M-26OCT042030-30,0.0320,74.92,no
2026-10-05T00:28:39.367678Z,KXBTC15M-26OCT042030-30,0.0310,261.36,no
2026-10-05T00:28:39.377111Z,KXBTC15M-26OCT042030-30,0.0320,51.43,no
2026-10-05T00:28:39.378613Z,KXBTC15M-26OCT042030-30,0.0320,0.01,no
2026-10-05T00:28:39.378613Z,KXBTC15M-26OCT042030-30,0.0320,10.00,no
2026-10-05T00:28:39.378613Z,KXBTC15M-26OCT042030-30,0.0310,188.52,no
2026-10-05T00:28:39.378613Z,KXBTC15M-26OCT042030-30,0.0320,0.01,no
2026-10-05T00:28:39.379771Z,KXBTC15M-26OCT042030-30,0.0370,24.00,yes
2026-10-05T00:28:39.379771Z,KXBTC15M-26OCT042030-30,0.0370,0.01,yes
2026-10-05T00:28:39.379771Z,KXBTC15M-26OCT042030-30,0.0380,0.01,yes
2026-10-05T00:28:39.379771Z,KXBTC15M-26OCT042030-30,0.0370,0.01,yes
2026-10-05T00:28:39.379771Z,KXBTC15M-26OCT042030-30,0.0370,84.00,yes
2026-10-05T00:28:39.379771Z,KXBTC15M-26OCT042030-30,0.0380,2.39,yes
2026-10-05T00:28:39.38362Z,KXBTC15M-26OCT042030-30,0.0310,20.57,no
2026-10-05T00:28:39.389377Z,KXBTC15M-26OCT042030-30,0.0370,0.01,yes
2026-10-05T00:28:39.389377Z,KXBTC15M-26OCT042030-30,0.0380,0.01,yes
2026-10-05T00:28:39.389377Z,KXBTC15M-26OCT042030-30,0.0370,200.00,yes
2026-10-05T00:28:39.389377Z,KXBTC15M-26OCT042030-30,0.0380,1.00,yes
2026-10-05T00:28:39.389377Z,KXBTC15M-26OCT042030-30,0.0380,8.61,yes
2026-10-05T00:28:39.389377Z,KXBTC15M-26OCT042030-30,0.0380,125.91,yes
2026-10-05T00:28:39.389377Z,KXBTC15M-26OCT042030-30,0.0370,0.01,yes
2026-10-05T00:28:39.389377Z,KXBTC15M-26OCT042030-30,0.0370,88.00,yes
2026-10-05T00:28:39.395125Z,KXBTC15M-26OCT042030-30,0.0390,484.61,yes
2026-10-05T00:28:39.395125Z,KXBTC15M-26OCT042030-30,0.0380,2.39,yes
2026-10-05T00:28:39.395125Z,KXBTC15M-26OCT042030-30,0.0350,15.00,yes
2026-10-05T00:28:39.395125Z,KXBTC15M-26OCT042030-30,0.0390,6.00,yes
2026-10-05T00:28:39.406224Z,KXBTC15M-26OCT042030-30,0.0380,0.01,yes
2026-10-05T00:28:39.406224Z,KXBTC15M-26OCT042030-30,0.0380,0.01,yes
2026-10-05T00:28:39.410583Z,KXBTC15M-26OCT042030-30,0.0370,0.01,yes
2026-10-05T00:28:39.410583Z,KXBTC15M-26OCT042030-30,0.0380,0.98,yes
2026-10-05T00:28:39.410583Z,KXBTC15M-26OCT042030-30,0.0370,0.01,yes
2026-10-05T00:28:39.437291Z,KXBTC15M-26OCT042030-30,0.0380,352.70,yes
2026-10-05T00:28:39.437291Z,KXBTC15M-26OCT042030-30,0.0380,32.00,yes
2026-10-05T00:28:39.437291Z,KXBTC15M-26OCT042030-30,0.0380,0.01,yes
2026-10-05T00:28:39.437291Z,KXBTC15M-26OCT042030-30,0.0380,0.98,yes
2026-10-05T00:28:39.437291Z,KXBTC15M-26OCT042030-30,0.0380,0.01,yes
2026-10-05T00:28:39.437291Z,KXBTC15M-26OCT042030-30,0.0380,10.02,yes
2026-10-05T00:28:39.443304Z,KXBTC15M-26OCT042030-30,0.0380,0.01,yes
2026-10-05T00:28:39.443304Z,KXBTC15M-26OCT042030-30,0.0380,0.01,yes
2026-10-05T00:28:39.443304Z,KXBTC15M-26OCT042030-30,0.0390,0.01,yes
2026-10-05T00:28:39.443304Z,KXBTC15M-26OCT042030-30,0.0400,238.93,yes
2026-10-05T00:28:39.450922Z,KXBTC15M-26OCT042030-30,0.0320,0.18,no
2026-10-05T00:28:39.450922Z,KXBTC15M-26OCT042030-30,0.0320,0.01,no
2026-10-05T00:28:39.51694Z,KXBTC15M-26OCT042030-30,0.0380,0.01,yes
2026-10-05T00:28:39.51694Z,KXBTC15M-26OCT042030-30,0.0380,1.85,yes
2026-10-05T00:28:39.51694Z,KXBTC15M-26OCT042030-30,0.0380,0.01,yes
2026-10-05T00:28:39.530825Z,KXBTC15M-26OCT042030-30,0.0350,0.01,no
2026-10-05T00:28:39.530825Z,KXBTC15M-26OCT042030-30,0.0350,0.01,no
2026-10-05T00:28:39.530825Z,KXBTC15M-26OCT042030-30,0.0320,0.01,no
2026-10-05T00:28:39.530825Z,KXBTC15M-26OCT042030-30,0.0320,0.01,no
2026-10-05T00:28:39.530825Z,KXBTC15M-26OCT042030-30,0.0310,874.41,no
2026-10-05T00:28:39.542335Z,KXBTC15M-26OCT042030-30,0.0320,924.16,yes
2026-10-05T00:28:39.552482Z,KXBTC15M-26OCT042030-30,0.0310,10.95,no
2026-10-05T00:28:39.552482Z,KXBTC15M-26OCT042030-30,0.0310,2.00,no
2026-10-05T00:28:39.552482Z,KXBTC15M-26OCT042030-30,0.0310,2.00,no
2026-10-05T00:28:39.5619Z,KXBTC15M-26OCT042030-30,0.0350,13.05,yes
2026-10-05T00:28:39.5619Z,KXBTC15M-26OCT042030-30,0.0330,0.01,yes
2026-10-05T00:28:39.5619Z,KXBTC15M-26OCT042030-30,0.0340,0.01,yes
2026-10-05T00:28:39.5619Z,KXBTC15M-26OCT042030-30,0.0340,0.01,yes
2026-10-05T00:28:39.5619Z,KXBTC15M-26OCT042030-30,0.0330,0.01,yes
2026-10-05T00:28:39.563118Z,KXBTC15M-26OCT042030-30,0.0350,50.95,yes
2026-10-05T00:28:39.563118Z,KXBTC15M-26OCT042030-30,0.0350,24.05,yes
2026-10-05T00:28:39.598673Z,KXBTC15M-26OCT042030-30,0.0340,11.00,yes
2026-10-05T00:28:39.598673Z,KXBTC15M-26OCT042030-30,0.0330,0.01,yes
2026-10-05T00:28:39.598673Z,KXBTC15M-26OCT042030-30,0.0350,54.24,yes
2026-10-05T00:28:39.598673Z,KXBTC15M-26OCT042030-30,0.0330,0.01,yes
2026-10-05T00:28:39.598673Z,KXBTC15M-26OCT042030-30,0.0350,40.00,yes
2026-10-05T00:28:39.601111Z,KXBTC15M-26OCT042030-30,0.0310,10.05,no
2026-10-05T00:28:39.601111Z,KXBTC15M-26OCT042030-30,0.0320,0.01,no
2026-10-05T00:28:39.601111Z,KXBTC15M-26OCT042030-30,0.0310,0.01,no
2026-10-05T00:28:39.601111Z,KXBTC15M-26OCT042030-30,0.0310,102.46,no
2026-10-05T00:28:39.601111Z,KXBTC15M-26OCT042030-30,0.0320,0.01,no
2026-10-05T00:28:39.601111Z,KXBTC15M-26OCT042030-30,0.0320,10.00,no
2026-10-05T00:28:39.601111Z,KXBTC15M-26OCT042030-30,0.0310,0.01,no
2026-10-05T00:28:39.611023Z,KXBTC15M-26OCT042030-30,0.0320,0.01,no
2026-10-05T00:28:39.611023Z,KXBTC15M-26OCT042030-30,0.0310,74.98,no
2026-10-05T00:28:39.611023Z,KXBTC15M-26OCT042030-30,0.0320,0.01,no
2026-10-05T00:28:39.615047Z,KXBTC15M-26OCT042030-30,0.0350,37.76,yes
2026-10-05T00:28:39.615047Z,KXBTC15M-26OCT042030-30,0.0330,0.01,yes
2026-10-05T00:28:39.615047Z,KXBTC15M-26OCT042030-30,0.0360,1.21,yes
2026-10-05T00:28:39.615047Z,KXBTC15M-26OCT042030-30,0.0350,0.01,yes
2026-10-05T00:28:39.615047Z,KXBTC15M-26OCT042030-30,0.0350,11.00,yes
2026-10-05T00:28:39.615047Z,KXBTC15M-26OCT042030-30,0.0330,0.01,yes
2026-10-05T00:28:39.625247Z,KXBTC15M-26OCT042030-30,0.0330,116.68,yes
2026-10-05T00:28:39.629769Z,KXBTC15M-26OCT042030-30,0.0320,0.01,no
2026-10-05T00:28:39.629769Z,KXBTC15M-26OCT042030-30,0.0310,4.36,no
2026-10-05T00:28:39.629769Z,KXBTC15M-26OCT042030-30,0.0310,0.01,no
2026-10-05T00:28:39.629769Z,KXBTC15M-26OCT042030-30,0.0310,0.01,no
2026-10-05T00:28:39.629769Z,KXBTC15M-26OCT042030-30,0.0320,0.01,no
2026-10-05T00:28:39.629769Z,KXBTC15M-26OCT042030-30,0.0310,36.75,no
2026-10-05T00:28:39.631064Z,KXBTC15M-26OCT042030-30,0.0330,26.97,yes
2026-10-05T00:28:39.656524Z,KXBTC15M-26OCT042030-30,0.0330,13.11,yes
2026-10-05T00:28:39.666775Z,KXBTC15M-26OCT042030-30,0.0330,1.87,yes
2026-10-05T00:28:39.669211Z,KXBTC15M-26OCT042030-30,0.0330,3.80,yes
2026-10-05T00:28:39.670564Z,KXBTC15M-26OCT042030-30,0.0320,0.01,no
2026-10-05T00:28:39.670564Z,KXBTC15M-26OCT042030-30,0.0320,0.01,no
2026-10-05T00:28:39.670564Z,KXBTC15M-26OCT042030-30,0.0310,500.00,no
2026-10-05T00:28:39.681038Z,KXBTC15M-26OCT042030-30,0.0320,0.01,no
2026-10-05T00:28:39.681038Z,KXBTC15M-26OCT042030-30,0.0320,0.01,no
2026-10-05T00:28:39.681038Z,KXBTC15M-26OCT042030-30,0.0300,20.55,no
2026-10-05T00:28:39.687522Z,KXBTC15M-26OCT042030-30,0.0330,162.00,yes
2026-10-05T00:28:39.69019Z,KXBTC15M-26OCT042030-30,0.0300,25.00,no
2026-10-05T00:28:39.69019Z,KXBTC15M-26OCT042030-30,0.0300,0.10,no
2026-10-05T00:28:39.69019Z,KXBTC15M-26OCT042030-30,0.0300,1.09,no
2026-10-05T00:28:39.69019Z,KXBTC15M-26OCT042030-30,0.0300,50.00,no
2026-10-05T00:28:39.69019Z,KXBTC15M-26OCT042030-30,0.0300,0.01,no
2026-10-05T00:28:39.69019Z,KXBTC15M-26OCT042030-30,0.0300,10.00,no
2026-10-05T00:28:39.69019Z,KXBTC15M-26OCT042030-30,0.0320,0.01,no
2026-10-05T00:28:39.69019Z,KXBTC15M-26OCT042030-30,0.0300,0.01,no
2026-10-05T00:28:39.69019Z,KXBTC15M-26OCT042030-30,0.0300,1.15,no
2026-10-05T00:28:39.69019Z,KXBTC15M-26OCT042030-30,0.0300,30.00,no
2026-10-05T00:28:39.69019Z,KXBTC15M-26OCT042030-30,0.0300,122.00,no
2026-10-05T00:28:39.69019Z,KXBTC15M-26OCT042030-30,0.0290,704.08,no
2026-10-05T00:28:39.69019Z,KXBTC15M-26OCT042030-30,0.0290,2.00,no
2026-10-05T00:28:39.69019Z,KXBTC15M-26OCT042030-30,0.0290,2.00,no
2026-10-05T00:28:39.69019Z,KXBTC15M-26OCT042030-30,0.0290,10.00,no
2026-10-05T00:28:39.69019Z,KXBTC15M-26OCT042030-30,0.0300,9.77,no
2026-10-05T00:28:39.69019Z,KXBTC15M-26OCT042030-30,0.0300,284.26,no
2026-10-05T00:28:39.69019Z,KXBTC15M-26OCT042030-30,0.0300,25.00,no
2026-10-05T00:28:39.69019Z,KXBTC15M-26OCT042030-30,0.0300,403.33,no
2026-10-05T00:28:39.710612Z,KXBTC15M-26OCT042030-30,0.0330,475.57,yes
2026-10-05T00:28:39.710612Z,KXBTC15M-26OCT042030-30,0.0330,125.03,yes
2026-10-05T00:28:39.710612Z,KXBTC15M-26OCT042030-30,0.0330,0.01,yes
2026-10-05T00:28:39.710612Z,KXBTC15M-26OCT042030-30,0.0330,0.01,yes
2026-10-05T00:28:39.721238Z,KXBTC15M-26OCT042030-30,0.0320,10.29,no
2026-10-05T00:28:39.751745Z,KXBTC15M-26OCT042030-30,0.0330,0.25,yes
2026-10-05T00:28:39.757648Z,KXBTC15M-26OCT042030-30,0.0320,0.01,no
2026-10-05T00:28:39.757648Z,KXBTC15M-26OCT042030-30,0.0320,0.01,no
2026-10-05T00:28:39.757648Z,KXBTC15M-26OCT042030-30,0.0310,5.99,no
2026-10-05T00:28:39.776329Z,KXBTC15M-26OCT042030-30,0.0330,2.46,yes
2026-10-05T00:28:39.781637Z,KXBTC15M-26OCT042030-30,0.0310,0.01,no
2026-10-05T00:28:39.781637Z,KXBTC15M-26OCT042030-30,0.0310,19.01,no
2026-10-05T00:28:39.781637Z,KXBTC15M-26OCT042030-30,0.0310,0.01,no
2026-10-05T00:28:39.790475Z,KXBTC15M-26OCT042030-30,0.0330,35.95,yes
2026-10-05T00:28:39.790697Z,KXBTC15M-26OCT042030-30,0.0300,20.99,no
2026-10-05T00:28:39.790697Z,KXBTC15M-26OCT042030-30,0.0300,0.01,no
2026-10-05T00:28:39.790697Z,KXBTC15M-26OCT042030-30,0.0310,0.01,no
2026-10-05T00:28:39.790697Z,KXBTC15M-26OCT042030-30,0.0300,0.01,no
2026-10-05T00:28:39.790697Z,KXBTC15M-26OCT042030-30,0.0310,0.01,no
2026-10-05T00:28:39.790697Z,KXBTC15M-26OCT042030-30,0.0300,30.00,no
2026-10-05T00:28:39.819732Z,KXBTC15M-26OCT042030-30,0.0310,0.01,no
2026-10-05T00:28:39.819732Z,KXBTC15M-26OCT042030-30,0.0310,0.01,no
2026-10-05T00:28:39.819732Z,KXBTC15M-26OCT042030-30,0.0300,3.38,no
2026-10-05T00:28:39.874197Z,KXBTC15M-26OCT042030-30,0.0310,0.01,no
2026-10-05T00:28:39.874197Z,KXBTC15M-26OCT042030-30,0.0310,0.01,no
2026-10-05T00:28:39.874197Z,KXBTC15M-26OCT042030-30,0.0310,77.00,no
2026-10-05T00:28:39.891896Z,KXBTC15M-26OCT042030-30,0.0300,24.71,no
2026-10-05T00:28:39.923933Z,KXBTC15M-26OCT042030-30,0.0330,48.07,yes
2026-10-05T00:28:39.943706Z,KXBTC15M-26OCT042030-30,0.0330,14.91,yes
2026-10-05T00:28:39.950929Z,KXBTC15M-26OCT042030-30,0.0400,15.00,yes
2026-10-05T00:28:39.950929Z,KXBTC15M-26OCT042030-30,0.0360,2.00,yes
2026-10-05T00:28:39.950929Z,KXBTC15M-26OCT042030-30,0.0380,2.00,yes
2026-10-05T00:28:39.950929Z,KXBTC15M-26OCT042030-30,0.0330,0.01,yes
2026-10-05T00:28:39.950929Z,KXBTC15M-26OCT042030-30,0.0370,2.00,yes
2026-10-05T00:28:39.950929Z,KXBTC15M-26OCT042030-30,0.0360,2.00,yes
2026-10-05T00:28:39.950929Z,KXBTC15M-26OCT042030-30,0.0380,3.00,yes
2026-10-05T00:28:39.950929Z,KXBTC15M-26OCT042030-30,0.0330,273.33,yes
2026-10-05T00:28:39.950929Z,KXBTC15M-26OCT042030-30,0.0400,93.75,yes
2026-10-05T00:28:39.950929Z,KXBTC15M-26OCT042030-30,0.0380,2.00,yes
2026-10-05T00:28:39.950929Z,KXBTC15M-26OCT042030-30,0.0370,2.00,yes
2026-10-05T00:28:39.950929Z,KXBTC15M-26OCT042030-30,0.0400,15.00,yes
2026-10-05T00:28:39.950929Z,KXBTC15M-26OCT042030-30,0.0390,7.00,yes
2026-10-05T00:28:39.950929Z,KXBTC15M-26OCT042030-30,0.0400,93.75,yes
2026-10-05T00:28:39.950929Z,KXBTC15M-26OCT042030-30,0.0390,11.00,yes
2026-10-05T00:28:39.950929Z,KXBTC15M-26OCT042030-30,0.0330,0.01,yes
2026-10-05T00:28:39.950929Z,KXBTC15M-26OCT042030-30,0.0400,64.00,yes
2026-10-05T00:28:39.950929Z,KXBTC15M-26OCT042030-30,0.0400,231.28,yes
2026-10-05T00:28:39.959635Z,KXBTC15M-26OCT042030-30,0.0450,15.00,yes
2026-10-05T00:28:39.959635Z,KXBTC15M-26OCT042030-30,0.0450,64.00,yes
2026-10-05T00:28:39.959635Z,KXBTC15M-26OCT042030-30,0.0450,15.00,yes
2026-10-05T00:28:39.960461Z,KXBTC15M-26OCT042030-30,0.0500,240.00,yes
2026-10-05T00:28:39.960461Z,KXBTC15M-26OCT042030-30,0.0500,36.00,yes
2026-10-05T00:28:39.960461Z,KXBTC15M-26OCT042030-30,0.0500,93.75,yes
2026-10-05T00:28:39.960461Z,KXBTC15M-26OCT042030-30,0.0500,15.00,yes
2026-10-05T00:28:39.960461Z,KXBTC15M-26OCT042030-30,0.0500,93.75,yes
2026-10-05T00:28:39.960461Z,KXBTC15M-26OCT042030-30,0.0510,650.00,yes
2026-10-05T00:28:39.960461Z,KXBTC15M-26OCT042030-30,0.0500,64.00,yes
2026-10-05T00:28:39.963614Z,KXBTC15M-26OCT042030-30,0.0520,0.02,yes
2026-10-05T00:28:39.964776Z,KXBTC15M-26OCT042030-30,0.0520,51.00,yes
2026-10-05T00:28:39.964878Z,KXBTC15M-26OCT042030-30,0.0520,198.98,yes
2026-10-05T00:28:39.964878Z,KXBTC15M-26OCT042030-30,0.0520,100.00,yes
2026-10-05T00:28:39.964878Z,KXBTC15M-26OCT042030-30,0.0530,23.67,yes
2026-10-05T00:28:39.965236Z,KXBTC15M-26OCT042030-30,0.0450,15.00,yes
2026-10-05T00:28:39.966043Z,KXBTC15M-26OCT042030-30,0.0490,9.00,yes
2026-10-05T00:28:39.966043Z,KXBTC15M-26OCT042030-30,0.0450,311.67,yes
2026-10-05T00:28:39.966043Z,KXBTC15M-26OCT042030-30,0.0490,12.00,yes
2026-10-05T00:28:39.968911Z,KXBTC15M-26OCT042030-30,0.0500,0.01,yes
2026-10-05T00:28:39.971976Z,KXBTC15M-26OCT042030-30,0.0450,21.00,no
2026-10-05T00:28:39.971976Z,KXBTC15M-26OCT042030-30,0.0450,15.00,no
2026-10-05T00:28:39.971976Z,KXBTC15M-26OCT042030-30,0.0450,93.75,no
2026-10-05T00:28:39.971976Z,KXBTC15M-26OCT042030-30,0.0450,486.00,no
2026-10-05T00:28:39.971976Z,KXBTC15M-26OCT042030-30,0.0450,15.00,no
2026-10-05T00:28:39.971976Z,KXBTC15M-26OCT042030-30,0.0440,330.75,no
2026-10-05T00:28:39.971976Z,KXBTC15M-26OCT042030-30,0.0450,68.25,no
2026-10-05T00:28:39.972178Z,KXBTC15M-26OCT042030-30,0.0440,36.53,no
2026-10-05T00:28:39.972178Z,KXBTC15M-26OCT042030-30,0.0440,0.01,no
2026-10-05T00:28:39.972178Z,KXBTC15M-26OCT042030-30,0.0440,169.25,no
2026-10-05T00:28:39.980586Z,KXBTC15M-26OCT042030-30,0.0490,0.01,yes
2026-10-05T00:28:39.980586Z,KXBTC15M-26OCT042030-30,0.0500,161.99,yes
2026-10-05T00:28:39.987161Z,KXBTC15M-26OCT042030-30,0.0500,417.00,yes
2026-10-05T00:28:39.996175Z,KXBTC15M-26OCT042030-30,0.0470,2.00,no
2026-10-05T00:28:39.996175Z,KXBTC15M-26OCT042030-30,0.0430,77.31,no
2026-10-05T00:28:39.996175Z,KXBTC15M-26OCT042030-30,0.0450,0.01,no
2026-10-05T00:28:39.996175Z,KXBTC15M-26OCT042030-30,0.0470,2.00,no
2026-10-05T00:28:39.996175Z,KXBTC15M-26OCT042030-30,0.0450,64.00,no
2026-10-05T00:28:39.996175Z,KXBTC15M-26OCT042030-30,0.0430,9.00,no
2026-10-05T00:28:39.996175Z,KXBTC15M-26OCT042030-30,0.0460,0.01,no
2026-10-05T00:28:39.996175Z,KXBTC15M-26OCT042030-30,0.0460,0.01,no
2026-10-05T00:28:39.996175Z,KXBTC15M-26OCT042030-30,0.0440,0.01,no
2026-10-05T00:28:39.998327Z,KXBTC15M-26OCT042030-30,0.0490,0.01,yes
2026-10-05T00:28:39.998327Z,KXBTC15M-26OCT042030-30,0.0530,69.97,yes
2026-10-05T00:28:39.998327Z,KXBTC15M-26OCT042030-30,0.0520,9.00,yes
2026-10-05T00:28:39.998327Z,KXBTC15M-26OCT042030-30,0.0500,0.01,yes
2026-10-05T00:28:39.998327Z,KXBTC15M-26OCT042030-30,0.0490,0.01,yes
2026-10-05T00:28:39.998327Z,KXBTC15M-26OCT042030-30,0.0500,83.00,yes
2026-10-05T00:28:40.013793Z,KXBTC15M-26OCT042030-30,0.0490,9.00,yes
2026-10-05T00:28:40.013793Z,KXBTC15M-26OCT042030-30,0.0500,152.98,yes
2026-10-05T00:28:40.013793Z,KXBTC15M-26OCT042030-30,0.0490,0.01,yes
2026-10-05T00:28:40.013793Z,KXBTC15M-26OCT042030-30,0.0490,0.01,yes
2026-10-05T00:28:40.027102Z,KXBTC15M-26OCT042030-30,0.0490,2.00,yes
2026-10-05T00:28:40.027102Z,KXBTC15M-26OCT042030-30,0.0490,2.00,yes
2026-10-05T00:28:40.027102Z,KXBTC15M-26OCT042030-30,0.0490,0.01,yes
2026-10-05T00:28:40.027102Z,KXBTC15M-26OCT042030-30,0.0500,148.99,yes
2026-10-05T00:28:40.027102Z,KXBTC15M-26OCT042030-30,0.0490,9.00,yes
2026-10-05T00:28:40.029529Z,KXBTC15M-26OCT042030-30,0.0500,72.36,yes
2026-10-05T00:28:40.029529Z,KXBTC15M-26OCT042030-30,0.0490,0.01,yes
2026-10-05T00:28:40.033815Z,KXBTC15M-26OCT042030-30,0.0450,23.96,no
2026-10-05T00:28:40.033815Z,KXBTC15M-26OCT042030-30,0.0460,0.01,no
2026-10-05T00:28:40.033815Z,KXBTC15M-26OCT042030-30,0.0480,0.01,no
2026-10-05T00:28:40.033815Z,KXBTC15M-26OCT042030-30,0.0480,0.01,no
2026-10-05T00:28:40.033815Z,KXBTC15M-26OCT042030-30,0.0470,0.01,no
2026-10-05T00:28:40.033845Z,KXBTC15M-26OCT042030-30,0.0500,92.00,yes
2026-10-05T00:28:40.046543Z,KXBTC15M-26OCT042030-30,0.0470,0.01,no
2026-10-05T00:28:40.046543Z,KXBTC15M-26OCT042030-30,0.0480,0.01,no
2026-10-05T00:28:40.046759Z,KXBTC15M-26OCT042030-30,0.0430,70.42,no
2026-10-05T00:28:40.046759Z,KXBTC15M-26OCT042030-30,0.0450,15.00,no
2026-10-05T00:28:40.046759Z,KXBTC15M-26OCT042030-30,0.0430,85.00,no
2026-10-05T00:28:40.046759Z,KXBTC15M-26OCT042030-30,0.0450,93.75,no
2026-10-05T00:28:40.046759Z,KXBTC15M-26OCT042030-30,0.0430,84.00,no
2026-10-05T00:28:40.046759Z,KXBTC15M-26OCT042030-30,0.0430,88.03,no
2026-10-05T00:28:40.049332Z,KXBTC15M-26OCT042030-30,0.0460,49.98,yes
2026-10-05T00:28:40.049332Z,KXBTC15M-26OCT042030-30,0.0490,0.01,yes
2026-10-05T00:28:40.049332Z,KXBTC15M-26OCT042030-30,0.0500,30.00,yes
2026-10-05T00:28:40.049332Z,KXBTC15M-26OCT042030-30,0.0490,0.01,yes
2026-10-05T00:28:40.049368Z,KXBTC15M-26OCT042030-30,0.0500,10.28,yes
2026-10-05T00:28:40.058179Z,KXBTC15M-26OCT042030-30,0.0460,0.01,yes
2026-10-05T00:28:40.058179Z,KXBTC15M-26OCT042030-30,0.0500,13.08,yes
2026-10-05T00:28:40.058179Z,KXBTC15M-26OCT042030-30,0.0490,16.00,yes
2026-10-05T00:28:40.058179Z,KXBTC15M-26OCT042030-30,0.0460,0.01,yes
2026-10-05T00:28:40.058179Z,KXBTC15M-26OCT042030-30,0.0490,9.00,yes
2026-10-05T00:28:40.066642Z,KXBTC15M-26OCT042030-30,0.0490,9.00,yes
2026-10-05T00:28:40.066642Z,KXBTC15M-26OCT042030-30,0.0460,0.01,yes
2026-10-05T00:28:40.066642Z,KXBTC15M-26OCT042030-30,0.0500,152.98,yes
2026-10-05T00:28:40.066642Z,KXBTC15M-26OCT042030-30,0.0490,0.01,yes
2026-10-05T00:28:40.080461Z,KXBTC15M-26OCT042030-30,0.0450,0.01,no
2026-10-05T00:28:40.080461Z,KXBTC15M-26OCT042030-30,0.0450,0.01,no
2026-10-05T00:28:40.080461Z,KXBTC15M-26OCT042030-30,0.0430,0.01,no
2026-10-05T00:28:40.080461Z,KXBTC15M-26OCT042030-30,0.0410,0.77,no
2026-10-05T00:28:40.080461Z,KXBTC15M-26OCT042030-30,0.0430,0.01,no
2026-10-05T00:28:40.080461Z,KXBTC15M-26OCT042030-30,0.0440,1.19,no
2026-10-05T00:28:40.096657Z,KXBTC15M-26OCT042030-30,0.0450,24.00,no
2026-10-05T00:28:40.096657Z,KXBTC15M-26OCT042030-30,0.0420,9.00,no
2026-10-05T00:28:40.096657Z,KXBTC15M-26OCT042030-30,0.0410,476.00,no
2026-10-05T00:28:40.111803Z,KXBTC15M-26OCT042030-30,0.0470,126.24,yes
2026-10-05T00:28:40.115888Z,KXBTC15M-26OCT042030-30,0.0460,20.70,yes
2026-10-05T00:28:40.138652Z,KXBTC15M-26OCT042030-30,0.0360,204.00,no
2026-10-05T00:28:40.138652Z,KXBTC15M-26OCT042030-30,0.0400,15.00,no
2026-10-05T00:28:40.138652Z,KXBTC15M-26OCT042030-30,0.0420,174.00,no
2026-10-05T00:28:40.138652Z,KXBTC15M-26OCT042030-30,0.0450,0.01,no
2026-10-05T00:28:40.138652Z,KXBTC15M-26OCT042030-30,0.0400,64.00,no
2026-10-05T00:28:40.138652Z,KXBTC15M-26OCT042030-30,0.0400,64.00,no
2026-10-05T00:28:40.138652Z,KXBTC15M-26OCT042030-30,0.0390,10.00,no
2026-10-05T00:28:40.138652Z,KXBTC15M-26OCT042030-30,0.0400,93.75,no
2026-10-05T00:28:40.138652Z,KXBTC15M-26OCT042030-30,0.0450,0.01,no
2026-10-05T00:28:40.138652Z,KXBTC15M-26OCT042030-30,0.0440,70.42,no
2026-10-05T00:28:40.138652Z,KXBTC15M-26OCT042030-30,0.0400,93.75,no
2026-10-05T00:28:40.138652Z,KXBTC15M-26OCT042030-30,0.0420,87.00,no
2026-10-05T00:28:40.138652Z,KXBTC15M-26OCT042030-30,0.0440,70.83,no
2026-10-05T00:28:40.138652Z,KXBTC15M-26OCT042030-30,0.0430,70.42,no
2026-10-05T00:28:40.138652Z,KXBTC15M-26OCT042030-30,0.0380,500.00,no
2026-10-05T00:28:40.138652Z,KXBTC15M-26OCT042030-30,0.0410,500.00,no
2026-10-05T00:28:40.138652Z,KXBTC15M-26OCT042030-30,0.0390,10.00,no
2026-10-05T00:28:40.138652Z,KXBTC15M-26OCT042030-30,0.0400,15.00,no
2026-10-05T00:28:40.138652Z,KXBTC15M-26OCT042030-30,0.0350,8.31,no
2026-10-05T00:28:40.160729Z,KXBTC15M-26OCT042030-30,0.0460,51.04,yes
2026-10-05T00:28:40.160729Z,KXBTC15M-26OCT042030-30,0.0460,0.01,yes
2026-10-05T00:28:40.160729Z,KXBTC15M-26OCT042030-30,0.0460,9.00,yes
2026-10-05T00:28:40.160729Z,KXBTC15M-26OCT042030-30,0.0460,0.01,yes
2026-10-05T00:28:40.161561Z,KXBTC15M-26OCT042030-30,0.0460,10.50,yes
2026-10-05T00:28:40.169477Z,KXBTC15M-26OCT042030-30,0.0460,24.16,yes
2026-10-05T00:28:40.169477Z,KXBTC15M-26OCT042030-30,0.0460,42.46,yes
2026-10-05T00:28:40.169477Z,KXBTC15M-26OCT042030-30,0.0450,4.00,yes
2026-10-05T00:28:40.170303Z,KXBTC15M-26OCT042030-30,0.0460,26.99,yes
2026-10-05T00:28:40.18611Z,KXBTC15M-26OCT042030-30,0.0440,0.01,no
2026-10-05T00:28:40.18611Z,KXBTC15M-26OCT042030-30,0.0440,0.01,no
2026-10-05T00:28:40.18611Z,KXBTC15M-26OCT042030-30,0.0440,1.01,no
2026-10-05T00:28:40.192468Z,KXBTC15M-26OCT042030-30,0.0400,0.85,no
2026-10-05T00:28:40.192468Z,KXBTC15M-26OCT042030-30,0.0440,0.18,no
2026-10-05T00:28:40.226719Z,KXBTC15M-26OCT042030-30,0.0450,0.01,yes
2026-10-05T00:28:40.226719Z,KXBTC15M-26OCT042030-30,0.0450,9.00,yes
2026-10-05T00:28:40.226719Z,KXBTC15M-26OCT042030-30,0.0450,40.00,yes
2026-10-05T00:28:40.226719Z,KXBTC15M-26OCT042030-30,0.0450,0.01,yes
2026-10-05T00:28:40.226719Z,KXBTC15M-26OCT042030-30,0.0450,70.97,yes
2026-10-05T00:28:40.228058Z,KXBTC15M-26OCT042030-30,0.0440,5.12,no
2026-10-05T00:28:40.228058Z,KXBTC15M-26OCT042030-30,0.0440,0.01,no
2026-10-05T00:28:40.228058Z,KXBTC15M-26OCT042030-30,0.0440,0.01,no
2026-10-05T00:28:40.234998Z,KXBTC15M-26OCT042030-30,0.0420,21.54,no
2026-10-05T00:28:40.234998Z,KXBTC15M-26OCT042030-30,0.0440,0.01,no
2026-10-05T00:28:40.301566Z,KXBTC15M-26OCT042030-30,0.0450,9.00,yes
2026-10-05T00:28:40.301566Z,KXBTC15M-26OCT042030-30,0.0450,0.01,yes
2026-10-05T00:28:40.301566Z,KXBTC15M-26OCT042030-30,0.0450,0.01,yes
2026-10-05T00:28:40.301566Z,KXBTC15M-26OCT042030-30,0.0470,373.76,yes
2026-10-05T00:28:40.301566Z,KXBTC15M-26OCT042030-30,0.0460,112.85,yes
2026-10-05T00:28:40.301566Z,KXBTC15M-26OCT042030-30,0.0450,500.00,yes
2026-10-05T00:28:40.301566Z,KXBTC15M-26OCT042030-30,0.0520,6.00,yes
2026-10-05T00:28:40.301566Z,KXBTC15M-26OCT042030-30,0.0500,64.00,yes
2026-10-05T00:28:40.301566Z,KXBTC15M-26OCT042030-30,0.0520,88.00,yes
2026-10-05T00:28:40.301566Z,KXBTC15M-26OCT042030-30,0.0550,15.00,yes
2026-10-05T00:28:40.301566Z,KXBTC15M-26OCT042030-30,0.0550,108.00,yes
2026-10-05T00:28:40.301566Z,KXBTC15M-26OCT042030-30,0.0500,500.00,yes
2026-10-05T00:28:40.301566Z,KXBTC15M-26OCT042030-30,0.0560,317.69,yes
2026-10-05T00:28:40.301566Z,KXBTC15M-26OCT042030-30,0.0530,430.03,yes
2026-10-05T00:28:40.308473Z,KXBTC15M-26OCT042030-30,0.0450,18.00,yes
2026-10-05T00:28:40.310422Z,KXBTC15M-26OCT042030-30,0.0440,1.15,no
2026-10-05T00:28:40.310422Z,KXBTC15M-26OCT042030-30,0.0440,0.01,no
2026-10-05T00:28:40.310422Z,KXBTC15M-26OCT042030-30,0.0420,0.01,no
2026-10-05T00:28:40.310422Z,KXBTC15M-26OCT042030-30,0.0430,0.01,no
2026-10-05T00:28:40.310422Z,KXBTC15M-26OCT042030-30,0.0440,0.01,no
2026-10-05T00:28:40.310422Z,KXBTC15M-26OCT042030-30,0.0420,3.34,no
2026-10-05T00:28:40.310422Z,KXBTC15M-26OCT042030-30,0.0410,65.46,no
2026-10-05T00:28:40.333846Z,KXBTC15M-26OCT042030-30,0.0440,0.01,no
2026-10-05T00:28:40.333846Z,KXBTC15M-26OCT042030-30,0.0440,0.01,no
2026-10-05T00:28:40.336574Z,KXBTC15M-26OCT042030-30,0.0450,0.01,yes
2026-10-05T00:28:40.336574Z,KXBTC15M-26OCT042030-30,0.0450,0.01,yes
2026-10-05T00:28:40.336574Z,KXBTC15M-26OCT042030-30,0.0490,37.48,yes
2026-10-05T00:28:40.339847Z,KXBTC15M-26OCT042030-30,0.0490,72.50,yes
2026-10-05T00:28:40.363038Z,KXBTC15M-26OCT042030-30,0.0450,0.01,yes
2026-10-05T00:28:40.363038Z,KXBTC15M-26OCT042030-30,0.0520,147.01,yes
2026-10-05T00:28:40.363038Z,KXBTC15M-26OCT042030-30,0.0490,0.01,yes
2026-10-05T00:28:40.363038Z,KXBTC15M-26OCT042030-30,0.0510,80.00,yes
2026-10-05T00:28:40.363038Z,KXBTC15M-26OCT042030-30,0.0450,0.01,yes
2026-10-05T00:28:40.363038Z,KXBTC15M-26OCT042030-30,0.0510,8.00,yes
2026-10-05T00:28:40.363038Z,KXBTC15M-26OCT042030-30,0.0490,390.02,yes
2026-10-05T00:28:40.363038Z,KXBTC15M-26OCT042030-30,0.0510,72.00,yes
2026-10-05T00:28:40.364664Z,KXBTC15M-26OCT042030-30,0.0520,16.89,yes
2026-10-05T00:28:40.365886Z,KXBTC15M-26OCT042030-30,0.0410,619.45,no
2026-10-05T00:28:40.365886Z,KXBTC15M-26OCT042030-30,0.0430,0.01,no
2026-10-05T00:28:40.365886Z,KXBTC15M-26OCT042030-30,0.0430,0.01,no
2026-10-05T00:28:40.365886Z,KXBTC15M-26OCT042030-30,0.0420,355.69,no
2026-10-05T00:28:40.365886Z,KXBTC15M-26OCT042030-30,0.0430,9.00,no
2026-10-05T00:28:40.365886Z,KXBTC15M-26OCT042030-30,0.0420,42.25,no
2026-10-05T00:28:40.428994Z,KXBTC15M-26OCT042030-30,0.0480,3.99,no
2026-10-05T00:28:40.428994Z,KXBTC15M-26OCT042030-30,0.0480,1.15,no
2026-10-05T00:28:40.437053Z,KXBTC15M-26OCT042030-30,0.0510,9.00,yes
2026-10-05T00:28:40.437053Z,KXBTC15M-26OCT042030-30,0.0510,0.01,yes
2026-10-05T00:28:40.437053Z,KXBTC15M-26OCT042030-30,0.0520,454.02,yes
2026-10-05T00:28:40.437053Z,KXBTC15M-26OCT042030-30,0.0510,0.01,yes
2026-10-05T00:28:40.441026Z,KXBTC15M-26OCT042030-30,0.0520,96.20,yes
2026-10-05T00:28:40.452979Z,KXBTC15M-26OCT042030-30,0.0420,18.00,no
2026-10-05T00:28:40.452979Z,KXBTC15M-26OCT042030-30,0.0450,93.75,no
2026-10-05T00:28:40.452979Z,KXBTC15M-26OCT042030-30,0.0340,500.00,no
2026-10-05T00:28:40.452979Z,KXBTC15M-26OCT042030-30,0.0470,78.00,no
2026-10-05T00:28:40.452979Z,KXBTC15M-26OCT042030-30,0.0480,33.80,no
2026-10-05T00:28:40.452979Z,KXBTC15M-26OCT042030-30,0.0480,0.01,no
2026-10-05T00:28:40.452979Z,KXBTC15M-26OCT042030-30,0.0370,500.00,no
2026-10-05T00:28:40.452979Z,KXBTC15M-26OCT042030-30,0.0470,3.99,no
2026-10-05T00:28:40.452979Z,KXBTC15M-26OCT042030-30,0.0350,64.00,no
2026-10-05T00:28:40.452979Z,KXBTC15M-26OCT042030-30,0.0490,0.01,no
2026-10-05T00:28:40.452979Z,KXBTC15M-26OCT042030-30,0.0440,500.00,no
2026-10-05T00:28:40.452979Z,KXBTC15M-26OCT042030-30,0.0470,0.01,no
2026-10-05T00:28:40.452979Z,KXBTC15M-26OCT042030-30,0.0390,500.00,no
2026-10-05T00:28:40.452979Z,KXBTC15M-26OCT042030-30,0.0450,64.00,no
2026-10-05T00:28:40.452979Z,KXBTC15M-26OCT042030-30,0.0470,5.01,no
2026-10-05T00:28:40.452979Z,KXBTC15M-26OCT042030-30,0.0490,500.00,no
2026-10-05T00:28:40.452979Z,KXBTC15M-26OCT042030-30,0.0410,500.00,no
2026-10-05T00:28:40.452979Z,KXBTC15M-26OCT042030-30,0.0400,15.00,no
2026-10-05T00:28:40.452979Z,KXBTC15M-26OCT042030-30,0.0450,15.00,no
2026-10-05T00:28:40.452979Z,KXBTC15M-26OCT042030-30,0.0400,30.00,no
2026-10-05T00:28:40.452979Z,KXBTC15M-26OCT042030-30,0.0490,75.00,no
2026-10-05T00:28:40.452979Z,KXBTC15M-26OCT042030-30,0.0460,1500.00,no
2026-10-05T00:28:40.452979Z,KXBTC15M-26OCT042030-30,0.0350,64.00,no
2026-10-05T00:28:40.452979Z,KXBTC15M-26OCT042030-30,0.0320,10.00,no
2026-10-05T00:28:40.452979Z,KXBTC15M-26OCT042030-30,0.0450,93.75,no
2026-10-05T00:28:40.452979Z,KXBTC15M-26OCT042030-30,0.0370,99.00,no
2026-10-05T00:28:40.452979Z,KXBTC15M-26OCT042030-30,0.0490,0.01,no
2026-10-05T00:28:40.452979Z,KXBTC15M-26OCT042030-30,0.0350,15.00,no
2026-10-05T00:28:40.452979Z,KXBTC15M-26OCT042030-30,0.0350,10.00,no
2026-10-05T00:28:40.454222Z,KXBTC15M-26OCT042030-30,0.0520,0.01,yes
2026-10-05T00:28:40.454222Z,KXBTC15M-26OCT042030-30,0.0510,0.01,yes
2026-10-05T00:28:40.454222Z,KXBTC15M-26OCT042030-30,0.0510,9.00,yes
2026-10-05T00:28:40.46128Z,KXBTC15M-26OCT042030-30,0.0500,109.28,yes
2026-10-05T00:28:40.472834Z,KXBTC15M-26OCT042030-30,0.0420,31.77,yes
2026-10-05T00:28:40.475925Z,KXBTC15M-26OCT042030-30,0.0420,162.00,yes
2026-10-05T00:28:40.489145Z,KXBTC15M-26OCT042030-30,0.0420,0.27,yes
2026-10-05T00:28:40.491115Z,KXBTC15M-26OCT042030-30,0.0420,0.21,yes
2026-10-05T00:28:40.495079Z,KXBTC15M-26OCT042030-30,0.0410,1.14,no
2026-10-05T00:28:40.495079Z,KXBTC15M-26OCT042030-30,0.0400,3.95,no
2026-10-05T00:28:40.512599Z,KXBTC15M-26OCT042030-30,0.0420,18.75,yes
2026-10-05T00:28:40.515815Z,KXBTC15M-26OCT042030-30,0.0350,15.00,no
2026-10-05T00:28:40.515815Z,KXBTC15M-26OCT042030-30,0.0350,93.75,no
2026-10-05T00:28:40.515815Z,KXBTC15M-26OCT042030-30,0.0390,2.00,no
2026-10-05T00:28:40.515815Z,KXBTC15M-26OCT042030-30,0.0350,56.13,no
2026-10-05T00:28:40.515815Z,KXBTC15M-26OCT042030-30,0.0400,0.01,no
2026-10-05T00:28:40.515815Z,KXBTC15M-26OCT042030-30,0.0360,10.00,no
2026-10-05T00:28:40.515815Z,KXBTC15M-26OCT042030-30,0.0400,46.05,no
2026-10-05T00:28:40.515815Z,KXBTC15M-26OCT042030-30,0.0350,93.75,no
2026-10-05T00:28:40.515815Z,KXBTC15M-26OCT042030-30,0.0400,0.01,no
2026-10-05T00:28:40.515815Z,KXBTC15M-26OCT042030-30,0.0350,12.38,no
2026-10-05T00:28:40.515815Z,KXBTC15M-26OCT042030-30,0.0400,2.00,no
2026-10-05T00:28:40.515815Z,KXBTC15M-26OCT042030-30,0.0400,30.00,no
2026-10-05T00:28:40.532146Z,KXBTC15M-26OCT042030-30,0.0360,13.63,yes
2026-10-05T00:28:40.53631Z,KXBTC15M-26OCT042030-30,0.0360,0.28,yes
2026-10-05T00:28:40.537774Z,KXBTC15M-26OCT042030-30,0.0360,30.77,yes
2026-10-05T00:28:40.543608Z,KXBTC15M-26OCT042030-30,0.0360,1.87,yes
2026-10-05T00:28:40.551373Z,KXBTC15M-26OCT042030-30,0.0200,18.00,no
2026-10-05T00:28:40.551373Z,KXBTC15M-26OCT042030-30,0.0240,8.00,no
2026-10-05T00:28:40.551373Z,KXBTC15M-26OCT042030-30,0.0200,30.77,no
2026-10-05T00:28:40.551373Z,KXBTC15M-26OCT042030-30,0.0250,200.00,no
2026-10-05T00:28:40.551373Z,KXBTC15M-26OCT042030-30,0.0250,200.00,no
2026-10-05T00:28:40.551373Z,KXBTC15M-26OCT042030-30,0.0200,10.00,no
2026-10-05T00:28:40.551373Z,KXBTC15M-26OCT042030-30,0.0200,25.00,no
2026-10-05T00:28:40.551373Z,KXBTC15M-26OCT042030-30,0.0210,1.00,no
2026-10-05T00:28:40.551373Z,KXBTC15M-26OCT042030-30,0.0210,1.00,no
2026-10-05T00:28:40.551373Z,KXBTC15M-26OCT042030-30,0.0190,1.00,no
2026-10-05T00:28:40.551373Z,KXBTC15M-26OCT042030-30,0.0170,1.00,no
2026-10-05T00:28:40.551373Z,KXBTC15M-26OCT042030-30,0.0180,1.00,no
2026-10-05T00:28:40.551373Z,KXBTC15M-26OCT042030-30,0.0200,1.00,no
2026-10-05T00:28:40.551373Z,KXBTC15M-26OCT042030-30,0.0180,150.00,no
2026-10-05T00:28:40.551373Z,KXBTC15M-26OCT042030-30,0.0200,11.00,no
2026-10-05T00:28:40.551373Z,KXBTC15M-26OCT042030-30,0.0240,160.00,no
2026-10-05T00:28:40.551373Z,KXBTC15M-26OCT042030-30,0.0170,150.00,no
2026-10-05T00:28:40.551373Z,KXBTC15M-26OCT042030-30,0.0190,150.00,no
2026-10-05T00:28:40.551373Z,KXBTC15M-26OCT042030-30,0.0220,10.00,no
2026-10-05T00:28:40.551373Z,KXBTC15M-26OCT042030-30,0.0200,150.00,no
2026-10-05T00:28:40.551373Z,KXBTC15M-26OCT042030-30,0.0200,29.50,no
2026-10-05T00:28:40.551373Z,KXBTC15M-26OCT042030-30,0.0160,151.68,no
2026-10-05T00:28:40.551373Z,KXBTC15M-26OCT042030-30,0.0200,330.00,no
2026-10-05T00:28:40.551373Z,KXBTC15M-26OCT042030-30,0.0200,6.00,no
2026-10-05T00:28:40.551373Z,KXBTC15M-26OCT042030-30,0.0200,200.00,no
2026-10-05T00:28:40.551373Z,KXBTC15M-26OCT042030-30,0.0160,660.00,no
2026-10-05T00:28:40.551373Z,KXBTC15M-26OCT042030-30,0.0160,384.00,no
2026-10-05T00:28:40.551373Z,KXBTC15M-26OCT042030-30,0.0220,330.00,no
2026-10-05T00:28:40.551373Z,KXBTC15M-26OCT042030-30,0.0160,841.00,no
2026-10-05T00:28:40.551373Z,KXBTC15M-26OCT042030-30,0.0260,10.00,no
2026-10-05T00:28:40.551373Z,KXBTC15M-26OCT042030-30,0.0300,15.00,no
2026-10-05T00:28:40.551373Z,KXBTC15M-26OCT042030-30,0.0350,0.01,no
2026-10-05T00:28:40.551373Z,KXBTC15M-26OCT042030-30,0.0260,10.00,no
2026-10-05T00:28:40.551373Z,KXBTC15M-26OCT042030-30,0.0210,696.00,no
2026-10-05T00:28:40.551373Z,KXBTC15M-26OCT042030-30,0.0300,93.75,no
2026-10-05T00:28:40.551373Z,KXBTC15M-26OCT042030-30,0.0240,500.00,no
2026-10-05T00:28:40.551373Z,KXBTC15M-26OCT042030-30,0.0250,10.00,no
2026-10-05T00:28:40.551373Z,KXBTC15M-26OCT042030-30,0.0200,50.00,no
2026-10-05T00:28:40.551373Z,KXBTC15M-26OCT042030-30,0.0300,50.00,no
2026-10-05T00:28:40.551373Z,KXBTC15M-26OCT042030-30,0.0300,100.00,no
2026-10-05T00:28:40.551373Z,KXBTC15M-26OCT042030-30,0.0270,136.00,no
2026-10-05T00:28:40.551373Z,KXBTC15M-26OCT042030-30,0.0300,73.63,no
2026-10-05T00:28:40.551373Z,KXBTC15M-26OCT042030-30,0.0300,15.00,no
2026-10-05T00:28:40.551373Z,KXBTC15M-26OCT042030-30,0.0200,1322.34,no
2026-10-05T00:28:40.551373Z,KXBTC15M-26OCT042030-30,0.0250,64.00,no
2026-10-05T00:28:40.551373Z,KXBTC15M-26OCT042030-30,0.0250,64.00,no
2026-10-05T00:28:40.551373Z,KXBTC15M-26OCT042030-30,0.0300,64.00,no
2026-10-05T00:28:40.551373Z,KXBTC15M-26OCT042030-30,0.0200,11.26,no
2026-10-05T00:28:40.551373Z,KXBTC15M-26OCT042030-30,0.0200,15.00,no
2026-10-05T00:28:40.551373Z,KXBTC15M-26OCT042030-30,0.0200,5.63,no
2026-10-05T00:28:40.551373Z,KXBTC15M-26OCT042030-30,0.0200,2.72,no
2026-10-05T00:28:40.551373Z,KXBTC15M-26OCT042030-30,0.0200,36.53,no
2026-10-05T00:28:40.551373Z,KXBTC15M-26OCT042030-30,0.0250,400.00,no
2026-10-05T00:28:40.551373Z,KXBTC15M-26OCT042030-30,0.0200,42.43,no
2026-10-05T00:28:40.551373Z,KXBTC15M-26OCT042030-30,0.0200,2.83,no
2026-10-05T00:28:40.551373Z,KXBTC15M-26OCT042030-30,0.0200,5.06,no
2026-10-05T00:28:40.551373Z,KXBTC15M-26OCT042030-30,0.0200,0.60,no
2026-10-05T00:28:40.551373Z,KXBTC15M-26OCT042030-30,0.0200,41.89,no
2026-10-05T00:28:40.556114Z,KXBTC15M-26OCT042030-30,0.0360,6.00,yes
2026-10-05T00:28:40.56128Z,KXBTC15M-26OCT042030-30,0.0360,42.00,yes
2026-10-05T00:28:40.571952Z,KXBTC15M-26OCT042030-30,0.0360,94.69,yes
2026-10-05T00:28:40.577039Z,KXBTC15M-26OCT042030-30,0.0350,0.01,no
2026-10-05T00:28:40.577039Z,KXBTC15M-26OCT042030-30,0.0350,48.99,no
2026-10-05T00:28:40.577448Z,KXBTC15M-26OCT042030-30,0.0290,150.00,no
2026-10-05T00:28:40.577448Z,KXBTC15M-26OCT042030-30,0.0240,500.00,no
2026-10-05T00:28:40.577448Z,KXBTC15M-26OCT042030-30,0.0350,0.01,no
2026-10-05T00:28:40.577448Z,KXBTC15M-26OCT042030-30,0.0300,15.00,no
2026-10-05T00:28:40.577448Z,KXBTC15M-26OCT042030-30,0.0250,10.00,no
2026-10-05T00:28:40.577448Z,KXBTC15M-26OCT042030-30,0.0300,50.00,no
2026-10-05T00:28:40.577448Z,KXBTC15M-26OCT042030-30,0.0300,64.00,no
2026-10-05T00:28:40.577448Z,KXBTC15M-26OCT042030-30,0.0200,35.89,no
2026-10-05T00:28:40.577448Z,KXBTC15M-26OCT042030-30,0.0300,15.00,no
2026-10-05T00:28:40.577448Z,KXBTC15M-26OCT042030-30,0.0300,1.10,no
2026-10-05T00:28:40.587126Z,KXBTC15M-26OCT042030-30,0.0210,339.99,no
2026-10-05T00:28:40.587126Z,KXBTC15M-26OCT042030-30,0.0200,14.11,no
2026-10-05T00:28:40.593623Z,KXBTC15M-26OCT042030-30,0.0200,42.46,yes
2026-10-05T00:28:40.599973Z,KXBTC15M-26OCT042030-30,0.0200,5.67,yes
2026-10-05T00:28:40.600581Z,KXBTC15M-26OCT042030-30,0.0200,44.04,yes
2026-10-05T00:28:40.605859Z,KXBTC15M-26OCT042030-30,0.0200,6.92,yes
2026-10-05T00:28:40.60737Z,KXBTC15M-26OCT042030-30,0.0200,22.97,yes
2026-10-05T00:28:40.611007Z,KXBTC15M-26OCT042030-30,0.0200,7.00,yes
2026-10-05T00:28:40.611441Z,KXBTC15M-26OCT042030-30,0.0200,6.18,yes
2026-10-05T00:28:40.612073Z,KXBTC15M-26OCT042030-30,0.0200,121.00,yes
2026-10-05T00:28:40.618608Z,KXBTC15M-26OCT042030-30,0.0200,1.53,yes
2026-10-05T00:28:40.622793Z,KXBTC15M-26OCT042030-30,0.0190,1.05,yes
2026-10-05T00:28:40.627759Z,KXBTC15M-26OCT042030-30,0.0190,4.15,yes
2026-10-05T00:28:40.627984Z,KXBTC15M-26OCT042030-30,0.0190,27.60,yes
2026-10-05T00:28:40.637436Z,KXBTC15M-26OCT042030-30,0.0190,117.20,yes
2026-10-05T00:28:40.637436Z,KXBTC15M-26OCT042030-30,0.0190,82.80,yes
2026-10-05T00:28:40.641819Z,KXBTC15M-26OCT042030-30,0.0190,20.83,yes
2026-10-05T00:28:40.648753Z,KXBTC15M-26OCT042030-30,0.0190,11.00,yes
2026-10-05T00:28:40.651854Z,KXBTC15M-26OCT042030-30,0.0190,1.87,yes
2026-10-05T00:28:40.652291Z,KXBTC15M-26OCT042030-30,0.0190,7.50,yes
2026-10-05T00:28:40.652291Z,KXBTC15M-26OCT042030-30,0.0190,33.50,yes
2026-10-05T00:28:40.654696Z,KXBTC15M-26OCT042030-30,0.0180,166.54,no
2026-10-05T00:28:40.654696Z,KXBTC15M-26OCT042030-30,0.0180,200.00,no
2026-10-05T00:28:40.654696Z,KXBTC15M-26OCT042030-30,0.0180,12.00,no
2026-10-05T00:28:40.654696Z,KXBTC15M-26OCT042030-30,0.0180,1.18,no
2026-10-05T00:28:40.654696Z,KXBTC15M-26OCT042030-30,0.0180,150.00,no
2026-10-05T00:28:40.657347Z,KXBTC15M-26OCT042030-30,0.0180,15.58,yes
2026-10-05T00:28:40.661322Z,KXBTC15M-26OCT042030-30,0.0180,1.00,yes
2026-10-05T00:28:40.676216Z,KXBTC15M-26OCT042030-30,0.0180,0.95,yes
2026-10-05T00:28:40.695576Z,KXBTC15M-26OCT042030-30,0.0180,1.57,yes
2026-10-05T00:28:40.695576Z,KXBTC15M-26OCT042030-30,0.0180,0.01,yes
2026-10-05T00:28:40.695576Z,KXBTC15M-26OCT042030-30,0.0180,0.01,yes
2026-10-05T00:28:40.696696Z,KXBTC15M-26OCT042030-30,0.0170,18.85,no
2026-10-05T00:28:40.699741Z,KXBTC15M-26OCT042030-30,0.0170,6.59,no
2026-10-05T00:28:40.69995Z,KXBTC15M-26OCT042030-30,0.0180,13.43,yes
2026-10-05T00:28:40.69995Z,KXBTC15M-26OCT042030-30,0.0200,0.01,yes
2026-10-05T00:28:40.69995Z,KXBTC15M-26OCT042030-30,0.0220,99.14,yes
2026-10-05T00:28:40.69995Z,KXBTC15M-26OCT042030-30,0.0190,0.01,yes
2026-10-05T00:28:40.69995Z,KXBTC15M-26OCT042030-30,0.0200,0.01,yes
2026-10-05T00:28:40.69995Z,KXBTC15M-26OCT042030-30,0.0190,0.01,yes
2026-10-05T00:28:40.706004Z,KXBTC15M-26OCT042030-30,0.0220,3.39,yes
2026-10-05T00:28:40.707845Z,KXBTC15M-26OCT042030-30,0.0220,20.00,yes
2026-10-05T00:28:40.717953Z,KXBTC15M-26OCT042030-30,0.0190,500.00,no
2026-10-05T00:28:40.717953Z,KXBTC15M-26OCT042030-30,0.0210,1.14,no
2026-10-05T00:28:40.717953Z,KXBTC15M-26OCT042030-30,0.0210,2.00,no
2026-10-05T00:28:40.717953Z,KXBTC15M-26OCT042030-30,0.0200,50.00,no
2026-10-05T00:28:40.717953Z,KXBTC15M-26OCT042030-30,0.0190,13.00,no
2026-10-05T00:28:40.717953Z,KXBTC15M-26OCT042030-30,0.0190,2.00,no
2026-10-05T00:28:40.717953Z,KXBTC15M-26OCT042030-30,0.0200,2.00,no
2026-10-05T00:28:40.717953Z,KXBTC15M-26OCT042030-30,0.0200,64.00,no
2026-10-05T00:28:40.717953Z,KXBTC15M-26OCT042030-30,0.0190,27.04,no
2026-10-05T00:28:40.717953Z,KXBTC15M-26OCT042030-30,0.0180,88.82,no
2026-10-05T00:28:40.72739Z,KXBTC15M-26OCT042030-30,0.0220,15.58,yes
2026-10-05T00:28:40.731054Z,KXBTC15M-26OCT042030-30,0.0200,7.04,no
2026-10-05T00:28:40.747961Z,KXBTC15M-26OCT042030-30,0.0200,2.06,no
2026-10-05T00:28:40.747961Z,KXBTC15M-26OCT042030-30,0.0210,1.18,no
2026-10-05T00:28:40.747961Z,KXBTC15M-26OCT042030-30,0.0210,0.01,no
2026-10-05T00:28:40.756231Z,KXBTC15M-26OCT042030-30,0.0210,150.00,no
2026-10-05T00:28:40.756231Z,KXBTC15M-26OCT042030-30,0.0200,54.90,no
2026-10-05T00:28:40.756231Z,KXBTC15M-26OCT042030-30,0.0200,50.00,no
2026-10-05T00:28:40.756231Z,KXBTC15M-26OCT042030-30,0.0200,0.01,no
2026-10-05T00:28:40.758244Z,KXBTC15M-26OCT042030-30,0.0180,1.01,no
2026-10-05T00:28:40.759265Z,KXBTC15M-26OCT042030-30,0.0200,0.97,yes
2026-10-05T00:28:40.764616Z,KXBTC15M-26OCT042030-30,0.0200,18.00,yes
2026-10-05T00:28:40.765936Z,KXBTC15M-26OCT042030-30,0.0200,48.00,yes
2026-10-05T00:28:40.767441Z,KXBTC15M-26OCT042030-30,0.0180,4.18,no
2026-10-05T00:28:40.786463Z,KXBTC15M-26OCT042030-30,0.0200,15.88,yes
2026-10-05T00:28:40.789051Z,KXBTC15M-26OCT042030-30,0.0190,54.08,no
2026-10-05T00:28:40.79106Z,KXBTC15M-26OCT042030-30,0.0200,21.41,yes
2026-10-05T00:28:40.79106Z,KXBTC15M-26OCT042030-30,0.0200,0.01,yes
2026-10-05T00:28:40.796487Z,KXBTC15M-26OCT042030-30,0.0190,0.22,no
2026-10-05T00:28:40.804344Z,KXBTC15M-26OCT042030-30,0.0200,15.58,yes
2026-10-05T00:28:40.821113Z,KXBTC15M-26OCT042030-30,0.0190,440.00,no
2026-10-05T00:28:40.821113Z,KXBTC15M-26OCT042030-30,0.0190,0.01,no
2026-10-05T00:28:40.821113Z,KXBTC15M-26OCT042030-30,0.0190,170.15,no
2026-10-05T00:28:40.821113Z,KXBTC15M-26OCT042030-30,0.0190,138.70,no
2026-10-05T00:28:40.821113Z,KXBTC15M-26OCT042030-30,0.0190,1.14,no
2026-10-05T00:28:40.855852Z,KXBTC15M-26OCT042030-30,0.0200,49.77,yes
2026-10-05T00:28:40.857911Z,KXBTC15M-26OCT042030-30,0.0190,0.01,no
2026-10-05T00:28:40.857911Z,KXBTC15M-26OCT042030-30,0.0190,1.18,no
2026-10-05T00:28:40.871279Z,KXBTC15M-26OCT042030-30,0.0190,51.00,yes
2026-10-05T00:28:40.883351Z,KXBTC15M-26OCT042030-30,0.0190,0.20,yes
2026-10-05T00:28:40.886817Z,KXBTC15M-26OCT042030-30,0.0190,13.62,yes
2026-10-05T00:28:40.886892Z,KXBTC15M-26OCT042030-30,0.0190,227.15,yes
2026-10-05T00:28:40.921336Z,KXBTC15M-26OCT042030-30,0.0180,0.01,no
2026-10-05T00:28:40.921336Z,KXBTC15M-26OCT042030-30,0.0180,44.67,no
2026-10-05T00:28:40.921336Z,KXBTC15M-26OCT042030-30,0.0180,0.01,no
2026-10-05T00:28:40.921336Z,KXBTC15M-26OCT042030-30,0.0180,500.00,no
2026-10-05T00:28:40.921336Z,KXBTC15M-26OCT042030-30,0.0180,203.00,no
2026-10-05T00:28:40.921336Z,KXBTC15M-26OCT042030-30,0.0180,2.31,no
2026-10-05T00:28:40.933251Z,KXBTC15M-26OCT042030-30,0.0190,0.01,yes
2026-10-05T00:28:40.933251Z,KXBTC15M-26OCT042030-30,0.0200,5.56,yes
2026-10-05T00:28:40.933251Z,KXBTC15M-26OCT042030-30,0.0190,0.01,yes
2026-10-05T00:28:40.933251Z,KXBTC15M-26OCT042030-30,0.0190,10.00,yes
2026-10-05T00:28:40.937936Z,KXBTC15M-26OCT042030-30,0.0190,18.28,no
2026-10-05T00:28:40.951176Z,KXBTC15M-26OCT042030-30,0.0200,48.00,yes
2026-10-05T00:28:40.954549Z,KXBTC15M-26OCT042030-30,0.0180,500.00,no
2026-10-05T00:28:40.954549Z,KXBTC15M-26OCT042030-30,0.0180,0.01,no
2026-10-05T00:28:40.954549Z,KXBTC15M-26OCT042030-30,0.0180,1.17,no
2026-10-05T00:28:40.954549Z,KXBTC15M-26OCT042030-30,0.0180,2.00,no
2026-10-05T00:28:40.954549Z,KXBTC15M-26OCT042030-30,0.0190,2.00,no
2026-10-05T00:28:40.954549Z,KXBTC15M-26OCT042030-30,0.0190,131.72,no
2026-10-05T00:28:40.954549Z,KXBTC15M-26OCT042030-30,0.0180,1.13,no
2026-10-05T00:28:40.975736Z,KXBTC15M-26OCT042030-30,0.0180,0.01,yes
2026-10-05T00:28:40.975736Z,KXBTC15M-26OCT042030-30,0.0180,111.97,yes
2026-10-05T00:28:40.975736Z,KXBTC15M-26OCT042030-30,0.0180,0.01,yes
2026-10-05T00:28:40.975736Z,KXBTC15M-26OCT042030-30,0.0190,50.01,yes
2026-10-05T00:28:40.998313Z,KXBTC15M-26OCT042030-30,0.0200,9.13,yes
2026-10-05T00:28:40.998313Z,KXBTC15M-26OCT042030-30,0.0200,0.01,yes
2026-10-05T00:28:40.998313Z,KXBTC15M-26OCT042030-30,0.0200,9.68,yes
2026-10-05T00:28:40.998313Z,KXBTC15M-26OCT042030-30,0.0190,0.01,yes
2026-10-05T00:28:40.998313Z,KXBTC15M-26OCT042030-30,0.0200,0.01,yes
2026-10-05T00:28:40.998313Z,KXBTC15M-26OCT042030-30,0.0200,1.00,yes
2026-10-05T00:28:40.998313Z,KXBTC15M-26OCT042030-30,0.0190,9.99,yes
2026-10-05T00:28:40.998313Z,KXBTC15M-26OCT042030-30,0.0200,192.00,yes
2026-10-05T00:28:40.998313Z,KXBTC15M-26OCT042030-30,0.0190,13.00,yes
2026-10-05T00:28:40.998313Z,KXBTC15M-26OCT042030-30,0.0190,0.01,yes
2026-10-05T00:28:41.010944Z,KXBTC15M-26OCT042030-30,0.0190,2.00,no
2026-10-05T00:28:41.010944Z,KXBTC15M-26OCT042030-30,0.0190,0.01,no
2026-10-05T00:28:41.010944Z,KXBTC15M-26OCT042030-30,0.0180,2.00,no
2026-10-05T00:28:41.010944Z,KXBTC15M-26OCT042030-30,0.0170,55.95,no
2026-10-05T00:28:41.010944Z,KXBTC15M-26OCT042030-30,0.0190,150.00,no
2026-10-05T00:28:41.019985Z,KXBTC15M-26OCT042030-30,0.0190,0.43,no
2026-10-05T00:28:41.019985Z,KXBTC15M-26OCT042030-30,0.0190,0.01,no
2026-10-05T00:28:41.021473Z,KXBTC15M-26OCT042030-30,0.0200,83.31,yes
2026-10-05T00:28:41.024523Z,KXBTC15M-26OCT042030-30,0.0200,128.00,yes
2026-10-05T00:28:41.027986Z,KXBTC15M-26OCT042030-30,0.0200,0.58,yes
2026-10-05T00:28:41.027986Z,KXBTC15M-26OCT042030-30,0.0200,3.56,yes
2026-10-05T00:28:41.082421Z,KXBTC15M-26OCT042030-30,0.0190,2.00,no
2026-10-05T00:28:41.082421Z,KXBTC15M-26OCT042030-30,0.0190,87.29,no
2026-10-05T00:28:41.082421Z,KXBTC15M-26OCT042030-30,0.0190,0.70,no
2026-10-05T00:28:41.082421Z,KXBTC15M-26OCT042030-30,0.0190,0.01,no
2026-10-05T00:28:41.092306Z,KXBTC15M-26OCT042030-30,0.0200,0.01,yes
2026-10-05T00:28:41.092306Z,KXBTC15M-26OCT042030-30,0.0200,5.77,yes
2026-10-05T00:28:41.105273Z,KXBTC15M-26OCT042030-30,0.0180,2.00,no
2026-10-05T00:28:41.105273Z,KXBTC15M-26OCT042030-30,0.0190,13.26,no
2026-10-05T00:28:41.105273Z,KXBTC15M-26OCT042030-30,0.0190,2.00,no
2026-10-05T00:28:41.105273Z,KXBTC15M-26OCT042030-30,0.0180,44.25,no
2026-10-05T00:28:41.105273Z,KXBTC15M-26OCT042030-30,0.0190,0.01,no
2026-10-05T00:28:41.105273Z,KXBTC15M-26OCT042030-30,0.0190,0.01,no
2026-10-05T00:28:41.105273Z,KXBTC15M-26OCT042030-30,0.0190,30.00,no
2026-10-05T00:28:41.13209Z,KXBTC15M-26OCT042030-30,0.0200,1.70,yes
2026-10-05T00:28:41.15391Z,KXBTC15M-26OCT042030-30,0.0190,2.00,no
2026-10-05T00:28:41.15391Z,KXBTC15M-26OCT042030-30,0.0190,0.01,no
2026-10-05T00:28:41.15391Z,KXBTC15M-26OCT042030-30,0.0190,47.23,no
2026-10-05T00:28:41.155586Z,KXBTC15M-26OCT042030-30,0.0200,1.09,yes
2026-10-05T00:28:41.166959Z,KXBTC15M-26OCT042030-30,0.0200,0.01,yes
2026-10-05T00:28:41.166959Z,KXBTC15M-26OCT042030-30,0.0200,1.70,yes
2026-10-05T00:28:41.166959Z,KXBTC15M-26OCT042030-30,0.0200,1.09,yes
2026-10-05T00:28:41.166959Z,KXBTC15M-26OCT042030-30,0.0200,4.44,yes
2026-10-05T00:28:41.166959Z,KXBTC15M-26OCT042030-30,0.0200,15.00,yes
2026-10-05T00:28:41.166959Z,KXBTC15M-26OCT042030-30,0.0200,0.01,yes
2026-10-05T00:28:41.166959Z,KXBTC15M-26OCT042030-30,0.0200,5.77,yes
2026-10-05T00:28:41.166959Z,KXBTC15M-26OCT042030-30,0.0210,17.83,yes
2026-10-05T00:28:41.169725Z,KXBTC15M-26OCT042030-30,0.0200,78.68,no
2026-10-05T00:28:41.169725Z,KXBTC15M-26OCT042030-30,0.0200,150.00,no
2026-10-05T00:28:41.177689Z,KXBTC15M-26OCT042030-30,0.0200,22.43,no
2026-10-05T00:28:41.177689Z,KXBTC15M-26OCT042030-30,0.0200,2.00,no
2026-10-05T00:28:41.197953Z,KXBTC15M-26OCT042030-30,0.0200,0.01,no
2026-10-05T00:28:41.197953Z,KXBTC15M-26OCT042030-30,0.0200,27.57,no
2026-10-05T00:28:41.197953Z,KXBTC15M-26OCT042030-30,0.0200,11.12,no
2026-10-05T00:28:41.197953Z,KXBTC15M-26OCT042030-30,0.0200,0.01,no
2026-10-05T00:28:41.214099Z,KXBTC15M-26OCT042030-30,0.0210,27.32,yes
2026-10-05T00:28:41.217731Z,KXBTC15M-26OCT042030-30,0.0210,0.01,yes
2026-10-05T00:28:41.217731Z,KXBTC15M-26OCT042030-30,0.0210,0.01,yes
2026-10-05T00:28:41.217731Z,KXBTC15M-26OCT042030-30,0.0230,12.00,yes
2026-10-05T00:28:41.217731Z,KXBTC15M-26OCT042030-30,0.0220,245.89,yes
2026-10-05T00:28:41.217731Z,KXBTC15M-26OCT042030-30,0.0210,122.68,yes
2026-10-05T00:28:41.217731Z,KXBTC15M-26OCT042030-30,0.0210,500.00,yes
2026-10-05T00:28:41.217731Z,KXBTC15M-26OCT042030-30,0.0240,1500.00,yes
2026-10-05T00:28:41.217731Z,KXBTC15M-26OCT042030-30,0.0210,429.00,yes
2026-10-05T00:28:41.217731Z,KXBTC15M-26OCT042030-30,0.0240,165.00,yes
2026-10-05T00:28:41.22142Z,KXBTC15M-26OCT042030-30,0.0210,150.00,no
2026-10-05T00:28:41.22142Z,KXBTC15M-26OCT042030-30,0.0210,6.27,no
2026-10-05T00:28:41.222222Z,KXBTC15M-26OCT042030-30,0.0260,162.00,yes
2026-10-05T00:28:41.225354Z,KXBTC15M-26OCT042030-30,0.0210,13.22,no
2026-10-05T00:28:41.245536Z,KXBTC15M-26OCT042030-30,0.0250,1.00,yes
2026-10-05T00:28:41.245536Z,KXBTC15M-26OCT042030-30,0.0260,49.00,yes
2026-10-05T00:28:41.254474Z,KXBTC15M-26OCT042030-30,0.0250,18.28,no
2026-10-05T00:28:41.323604Z,KXBTC15M-26OCT042030-30,0.0260,0.01,yes
2026-10-05T00:28:41.323604Z,KXBTC15M-26OCT042030-30,0.0260,0.01,yes
2026-10-05T00:28:41.323604Z,KXBTC15M-26OCT042030-30,0.0260,166.00,yes
2026-10-05T00:28:41.323604Z,KXBTC15M-26OCT042030-30,0.0280,31.77,yes
2026-10-05T00:28:41.339203Z,KXBTC15M-26OCT042030-30,0.0280,16.76,yes
2026-10-05T00:28:41.339445Z,KXBTC15M-26OCT042030-30,0.0280,18.57,yes
2026-10-05T00:28:41.339445Z,KXBTC15M-26OCT042030-30,0.0280,17.47,yes
2026-10-05T00:28:41.361282Z,KXBTC15M-26OCT042030-30,0.0280,0.01,yes
2026-10-05T00:28:41.361282Z,KXBTC15M-26OCT042030-30,0.0280,99.00,yes
2026-10-05T00:28:41.361282Z,KXBTC15M-26OCT042030-30,0.0280,73.43,yes
2026-10-05T00:28:41.361282Z,KXBTC15M-26OCT042030-30,0.0290,77.56,yes
2026-10-05T00:28:41.364417Z,KXBTC15M-26OCT042030-30,0.0280,10.00,no
2026-10-05T00:28:41.375616Z,KXBTC15M-26OCT042030-30,0.0290,25.00,yes
2026-10-05T00:28:41.395936Z,KXBTC15M-26OCT042030-30,0.0290,3.19,yes
2026-10-05T00:28:41.417551Z,KXBTC15M-26OCT042030-30,0.0280,10.18,no
2026-10-05T00:28:41.420237Z,KXBTC15M-26OCT042030-30,0.0290,0.21,yes
2026-10-05T00:28:41.422297Z,KXBTC15M-26OCT042030-30,0.0290,104.17,yes
2026-10-05T00:28:41.482382Z,KXBTC15M-26OCT042030-30,0.0320,5.00,yes
2026-10-05T00:28:41.482382Z,KXBTC15M-26OCT042030-30,0.0290,0.01,yes
2026-10-05T00:28:41.482382Z,KXBTC15M-26OCT042030-30,0.0290,4.00,yes
2026-10-05T00:28:41.482382Z,KXBTC15M-26OCT042030-30,0.0290,28.00,yes
2026-10-05T00:28:41.482382Z,KXBTC15M-26OCT042030-30,0.0290,36.00,yes
2026-10-05T00:28:41.482382Z,KXBTC15M-26OCT042030-30,0.0290,0.01,yes
2026-10-05T00:28:41.482382Z,KXBTC15M-26OCT042030-30,0.0290,1.00,yes
2026-10-05T00:28:41.482382Z,KXBTC15M-26OCT042030-30,0.0300,50.00,yes
2026-10-05T00:28:41.482382Z,KXBTC15M-26OCT042030-30,0.0290,4.87,yes
2026-10-05T00:28:41.482382Z,KXBTC15M-26OCT042030-30,0.0310,104.00,yes
2026-10-05T00:28:41.482382Z,KXBTC15M-26OCT042030-30,0.0330,64.26,yes
2026-10-05T00:28:41.482382Z,KXBTC15M-26OCT042030-30,0.0300,82.00,yes
2026-10-05T00:28:41.487301Z,KXBTC15M-26OCT042030-30,0.0290,50.85,no
2026-10-05T00:28:41.492786Z,KXBTC15M-26OCT042030-30,0.0340,152.26,yes
2026-10-05T00:28:41.492786Z,KXBTC15M-26OCT042030-30,0.0330,17.74,yes
2026-10-05T00:28:41.50659Z,KXBTC15M-26OCT042030-30,0.0340,12.59,yes
2026-10-05T00:28:41.524501Z,KXBTC15M-26OCT042030-30,0.0340,44.62,yes
2026-10-05T00:28:41.526968Z,KXBTC15M-26OCT042030-30,0.0330,80.78,no
2026-10-05T00:28:41.529066Z,KXBTC15M-26OCT042030-30,0.0340,19.59,yes
2026-10-05T00:28:41.542825Z,KXBTC15M-26OCT042030-30,0.0340,10.61,yes
2026-10-05T00:28:41.561558Z,KXBTC15M-26OCT042030-30,0.0330,69.22,no
2026-10-05T00:28:41.561558Z,KXBTC15M-26OCT042030-30,0.0320,111.79,no
2026-10-05T00:28:41.561558Z,KXBTC15M-26OCT042030-30,0.0330,2.00,no
2026-10-05T00:28:41.561558Z,KXBTC15M-26OCT042030-30,0.0320,2.00,no
2026-10-05T00:28:41.561558Z,KXBTC15M-26OCT042030-30,0.0330,0.01,no
2026-10-05T00:28:41.561558Z,KXBTC15M-26OCT042030-30,0.0330,0.01,no
2026-10-05T00:28:41.561558Z,KXBTC15M-26OCT042030-30,0.0330,80.12,no
2026-10-05T00:28:41.561558Z,KXBTC15M-26OCT042030-30,0.0320,42.00,no
2026-10-05T00:28:41.583269Z,KXBTC15M-26OCT042030-30,0.0340,11.90,yes
2026-10-05T00:28:41.589418Z,KXBTC15M-26OCT042030-30,0.0340,23.78,yes
2026-10-05T00:28:41.600787Z,KXBTC15M-26OCT042030-30,0.0340,7.20,yes
2026-10-05T00:28:41.600787Z,KXBTC15M-26OCT042030-30,0.0340,0.65,yes
2026-10-05T00:28:41.625973Z,KXBTC15M-26OCT042030-30,0.0340,25.44,yes
2026-10-05T00:28:41.63356Z,KXBTC15M-26OCT042030-30,0.0330,30.00,no
2026-10-05T00:28:41.63356Z,KXBTC15M-26OCT042030-30,0.0320,0.01,no
2026-10-05T00:28:41.63356Z,KXBTC15M-26OCT042030-30,0.0330,0.01,no
2026-10-05T00:28:41.63356Z,KXBTC15M-26OCT042030-30,0.0320,2.00,no
2026-10-05T00:28:41.63356Z,KXBTC15M-26OCT042030-30,0.0330,2.00,no
2026-10-05T00:28:41.63356Z,KXBTC15M-26OCT042030-30,0.0330,150.00,no
2026-10-05T00:28:41.63356Z,KXBTC15M-26OCT042030-30,0.0330,85.98,no
2026-10-05T00:28:41.63356Z,KXBTC15M-26OCT042030-30,0.0310,250.62,no
2026-10-05T00:28:41.63356Z,KXBTC15M-26OCT042030-30,0.0330,0.01,no
2026-10-05T00:28:41.639415Z,KXBTC15M-26OCT042030-30,0.0340,43.00,yes
2026-10-05T00:28:41.649181Z,KXBTC15M-26OCT042030-30,0.0330,2.00,no
2026-10-05T00:28:41.649181Z,KXBTC15M-26OCT042030-30,0.0330,0.01,no
2026-10-05T00:28:41.649181Z,KXBTC15M-26OCT042030-30,0.0320,18.31,no
2026-10-05T00:28:41.65669Z,KXBTC15M-26OCT042030-30,0.0340,1.00,yes
2026-10-05T00:28:41.65669Z,KXBTC15M-26OCT042030-30,0.0340,0.01,yes
2026-10-05T00:28:41.65669Z,KXBTC15M-26OCT042030-30,0.0340,424.36,yes
2026-10-05T00:28:41.65669Z,KXBTC15M-26OCT042030-30,0.0340,0.01,yes
2026-10-05T00:28:41.65669Z,KXBTC15M-26OCT042030-30,0.0340,44.30,yes
2026-10-05T00:28:41.679074Z,KXBTC15M-26OCT042030-30,0.0340,0.01,yes
2026-10-05T00:28:41.679074Z,KXBTC15M-26OCT042030-30,0.0340,10.51,yes
2026-10-05T00:28:41.679074Z,KXBTC15M-26OCT042030-30,0.0340,0.01,yes
2026-10-05T00:28:41.690813Z,KXBTC15M-26OCT042030-30,0.0330,0.01,no
2026-10-05T00:28:41.690813Z,KXBTC15M-26OCT042030-30,0.0330,0.33,no
2026-10-05T00:28:41.690813Z,KXBTC15M-26OCT042030-30,0.0330,0.01,no
2026-10-05T00:28:41.69918Z,KXBTC15M-26OCT042030-30,0.0320,0.01,no
2026-10-05T00:28:41.69918Z,KXBTC15M-26OCT042030-30,0.0310,869.41,no
2026-10-05T00:28:41.69918Z,KXBTC15M-26OCT042030-30,0.0320,131.69,no
2026-10-05T00:28:41.69918Z,KXBTC15M-26OCT042030-30,0.0330,0.01,no
2026-10-05T00:28:41.69918Z,KXBTC15M-26OCT042030-30,0.0330,1.67,no
2026-10-05T00:28:41.69918Z,KXBTC15M-26OCT042030-30,0.0330,22.00,no
2026-10-05T00:28:41.69918Z,KXBTC15M-26OCT042030-30,0.0320,2.00,no
2026-10-05T00:28:41.718681Z,KXBTC15M-26OCT042030-30,0.0320,71.98,yes
2026-10-05T00:28:41.738055Z,KXBTC15M-26OCT042030-30,0.0320,135.37,yes
2026-10-05T00:28:41.742496Z,KXBTC15M-26OCT042030-30,0.0320,7.31,yes
2026-10-05T00:28:41.750587Z,KXBTC15M-26OCT042030-30,0.0320,11.34,yes
2026-10-05T00:28:41.752015Z,KXBTC15M-26OCT042030-30,0.0320,169.03,yes
2026-10-05T00:28:41.774652Z,KXBTC15M-26OCT042030-30,0.0320,10.89,yes
2026-10-05T00:28:41.780544Z,KXBTC15M-26OCT042030-30,0.0320,112.68,yes
2026-10-05T00:28:41.802223Z,KXBTC15M-26OCT042030-30,0.0320,170.00,yes
2026-10-05T00:28:41.805468Z,KXBTC15M-26OCT042030-30,0.0310,3.10,no
2026-10-05T00:28:41.805468Z,KXBTC15M-26OCT042030-30,0.0310,0.01,no
2026-10-05T00:28:41.805468Z,KXBTC15M-26OCT042030-30,0.0310,2.00,no
2026-10-05T00:28:41.823751Z,KXBTC15M-26OCT042030-30,0.0320,0.01,yes
2026-10-05T00:28:41.823751Z,KXBTC15M-26OCT042030-30,0.0320,0.01,yes
2026-10-05T00:28:41.823751Z,KXBTC15M-26OCT042030-30,0.0320,112.15,yes
2026-10-05T00:28:41.829107Z,KXBTC15M-26OCT042030-30,0.0320,50.00,no
2026-10-05T00:28:41.836187Z,KXBTC15M-26OCT042030-30,0.0320,17.45,no
2026-10-05T00:28:41.854934Z,KXBTC15M-26OCT042030-30,0.0330,250.98,yes
2026-10-05T00:28:41.854934Z,KXBTC15M-26OCT042030-30,0.0330,11.00,yes
2026-10-05T00:28:41.854934Z,KXBTC15M-26OCT042030-30,0.0330,0.01,yes
2026-10-05T00:28:41.854934Z,KXBTC15M-26OCT042030-30,0.0330,0.01,yes
2026-10-05T00:28:41.866308Z,KXBTC15M-26OCT042030-30,0.0330,6.00,yes
2026-10-05T00:28:41.86953Z,KXBTC15M-26OCT042030-30,0.0330,6.00,yes
2026-10-05T00:28:41.872899Z,KXBTC15M-26OCT042030-30,0.0330,0.01,yes
2026-10-05T00:28:41.872899Z,KXBTC15M-26OCT042030-30,0.0330,0.01,yes
2026-10-05T00:28:41.872899Z,KXBTC15M-26OCT042030-30,0.0340,17.60,yes
2026-10-05T00:28:41.888561Z,KXBTC15M-26OCT042030-30,0.0340,155.04,yes
2026-10-05T00:28:41.890038Z,KXBTC15M-26OCT042030-30,0.0340,99.36,yes
2026-10-05T00:28:41.890038Z,KXBTC15M-26OCT042030-30,0.0340,67.29,yes
2026-10-05T00:28:41.890038Z,KXBTC15M-26OCT042030-30,0.0340,500.00,yes
2026-10-05T00:28:41.898922Z,KXBTC15M-26OCT042030-30,0.0320,5.84,no
2026-10-05T00:28:41.898922Z,KXBTC15M-26OCT042030-30,0.0320,82.55,no
2026-10-05T00:28:41.898922Z,KXBTC15M-26OCT042030-30,0.0330,0.01,no
2026-10-05T00:28:41.898922Z,KXBTC15M-26OCT042030-30,0.0320,2.00,no
2026-10-05T00:28:41.898922Z,KXBTC15M-26OCT042030-30,0.0330,2.00,no
2026-10-05T00:28:41.898922Z,KXBTC15M-26OCT042030-30,0.0330,0.01,no
2026-10-05T00:28:41.909355Z,KXBTC15M-26OCT042030-30,0.0340,0.01,yes
2026-10-05T00:28:41.909355Z,KXBTC15M-26OCT042030-30,0.0340,0.01,yes
2026-10-05T00:28:41.909355Z,KXBTC15M-26OCT042030-30,0.0350,28.83,yes
2026-10-05T00:28:41.918545Z,KXBTC15M-26OCT042030-30,0.0360,80.33,yes
2026-10-05T00:28:41.918545Z,KXBTC15M-26OCT042030-30,0.0350,1.00,yes
2026-10-05T00:28:41.918545Z,KXBTC15M-26OCT042030-30,0.0350,4.17,yes
2026-10-05T00:28:41.929269Z,KXBTC15M-26OCT042030-30,0.0360,71.35,yes
2026-10-05T00:28:41.929269Z,KXBTC15M-26OCT042030-30,0.0360,27.96,yes
2026-10-05T00:28:41.929474Z,KXBTC15M-26OCT042030-30,0.0360,1.00,yes
2026-10-05T00:28:41.929474Z,KXBTC15M-26OCT042030-30,0.0360,12.04,yes
2026-10-05T00:28:41.929898Z,KXBTC15M-26OCT042030-30,0.0370,114.11,yes
2026-10-05T00:28:41.929899Z,KXBTC15M-26OCT042030-30,0.0370,11.00,yes
2026-10-05T00:28:41.929899Z,KXBTC15M-26OCT042030-30,0.0390,295.27,yes
2026-10-05T00:28:41.929899Z,KXBTC15M-26OCT042030-30,0.0370,385.89,yes
2026-10-05T00:28:41.929899Z,KXBTC15M-26OCT042030-30,0.0390,33.00,yes
2026-10-05T00:28:41.930093Z,KXBTC15M-26OCT042030-30,0.0390,100.86,yes
2026-10-05T00:28:41.93336Z,KXBTC15M-26OCT042030-30,0.0360,0.01,yes
2026-10-05T00:28:41.93336Z,KXBTC15M-26OCT042030-30,0.0370,200.00,yes
2026-10-05T00:28:41.933438Z,KXBTC15M-26OCT042030-30,0.0420,8.82,yes
2026-10-05T00:28:41.934385Z,KXBTC15M-26OCT042030-30,0.0420,3.00,yes
2026-10-05T00:28:41.94045Z,KXBTC15M-26OCT042030-30,0.0420,4.18,yes
2026-10-05T00:28:41.941056Z,KXBTC15M-26OCT042030-30,0.0440,10.00,yes
2026-10-05T00:28:41.949943Z,KXBTC15M-26OCT042030-30,0.0510,1.00,yes
2026-10-05T00:28:41.949943Z,KXBTC15M-26OCT042030-30,0.0510,2.83,yes
2026-10-05T00:28:41.950474Z,KXBTC15M-26OCT042030-30,0.0510,400.00,yes
2026-10-05T00:28:41.952726Z,KXBTC15M-26OCT042030-30,0.0520,7.32,yes
2026-10-05T00:28:41.963033Z,KXBTC15M-26OCT042030-30,0.0500,515.33,no
2026-10-05T00:28:41.969842Z,KXBTC15M-26OCT042030-30,0.0510,1.12,no
2026-10-05T00:28:41.975097Z,KXBTC15M-26OCT042030-30,0.0510,5.14,no
2026-10-05T00:28:41.9845Z,KXBTC15M-26OCT042030-30,0.0540,1299.52,yes
2026-10-05T00:28:41.993227Z,KXBTC15M-26OCT042030-30,0.0530,13.17,yes
2026-10-05T00:28:42.003638Z,KXBTC15M-26OCT042030-30,0.0520,1.00,no
2026-10-05T00:28:42.02702Z,KXBTC15M-26OCT042030-30,0.0570,11.84,yes
2026-10-05T00:28:42.02702Z,KXBTC15M-26OCT042030-30,0.0550,7.00,yes
2026-10-05T00:28:42.02702Z,KXBTC15M-26OCT042030-30,0.0530,0.01,yes
2026-10-05T00:28:42.030536Z,KXBTC15M-26OCT042030-30,0.0570,1.36,yes
2026-10-05T00:28:42.056244Z,KXBTC15M-26OCT042030-30,0.0570,38.10,yes
2026-10-05T00:28:42.068003Z,KXBTC15M-26OCT042030-30,0.0570,131.04,yes
2026-10-05T00:28:42.106165Z,KXBTC15M-26OCT042030-30,0.0570,40.20,yes
2026-10-05T00:28:42.107501Z,KXBTC15M-26OCT042030-30,0.0520,90.96,no
2026-10-05T00:28:42.107501Z,KXBTC15M-26OCT042030-30,0.0520,0.01,no
2026-10-05T00:28:42.107501Z,KXBTC15M-26OCT042030-30,0.0520,9.00,no
2026-10-05T00:28:42.107501Z,KXBTC15M-26OCT042030-30,0.0560,0.01,no
2026-10-05T00:28:42.107501Z,KXBTC15M-26OCT042030-30,0.0560,0.01,no
2026-10-05T00:28:42.107501Z,KXBTC15M-26OCT042030-30,0.0520,0.01,no
2026-10-05T00:28:42.121366Z,KXBTC15M-26OCT042030-30,0.0570,30.10,yes
2026-10-05T00:28:42.135884Z,KXBTC15M-26OCT042030-30,0.0570,150.16,yes
2026-10-05T00:28:42.13929Z,KXBTC15M-26OCT042030-30,0.0560,0.36,no
2026-10-05T00:28:42.154115Z,KXBTC15M-26OCT042030-30,0.0450,64.00,no
2026-10-05T00:28:42.154115Z,KXBTC15M-26OCT042030-30,0.0450,64.00,no
2026-10-05T00:28:42.154115Z,KXBTC15M-26OCT042030-30,0.0490,500.00,no
2026-10-05T00:28:42.154115Z,KXBTC15M-26OCT042030-30,0.0500,10.00,no
2026-10-05T00:28:42.154115Z,KXBTC15M-26OCT042030-30,0.0460,500.00,no
2026-10-05T00:28:42.154115Z,KXBTC15M-26OCT042030-30,0.0450,500.00,no
2026-10-05T00:28:42.154115Z,KXBTC15M-26OCT042030-30,0.0470,500.00,no
2026-10-05T00:28:42.154115Z,KXBTC15M-26OCT042030-30,0.0440,150.00,no
2026-10-05T00:28:42.154115Z,KXBTC15M-26OCT042030-30,0.0510,1500.00,no
2026-10-05T00:28:42.154115Z,KXBTC15M-26OCT042030-30,0.0420,302.85,no
2026-10-05T00:28:42.154115Z,KXBTC15M-26OCT042030-30,0.0560,65.46,no
2026-10-05T00:28:42.154115Z,KXBTC15M-26OCT042030-30,0.0560,0.01,no
2026-10-05T00:28:42.154115Z,KXBTC15M-26OCT042030-30,0.0520,9.00,no
2026-10-05T00:28:42.154115Z,KXBTC15M-26OCT042030-30,0.0520,0.05,no
2026-10-05T00:28:42.154115Z,KXBTC15M-26OCT042030-30,0.0540,68.00,no
2026-10-05T00:28:42.154115Z,KXBTC15M-26OCT042030-30,0.0560,0.01,no
2026-10-05T00:28:42.167284Z,KXBTC15M-26OCT042030-30,0.0420,0.01,no
2026-10-05T00:28:42.167284Z,KXBTC15M-26OCT042030-30,0.0410,5.99,no
2026-10-05T00:28:42.196671Z,KXBTC15M-26OCT042030-30,0.0430,240.56,yes
2026-10-05T00:28:42.196941Z,KXBTC15M-26OCT042030-30,0.0430,18.44,yes
2026-10-05T00:28:42.229062Z,KXBTC15M-26OCT042030-30,0.0320,500.00,no
2026-10-05T00:28:42.229062Z,KXBTC15M-26OCT042030-30,0.0250,64.00,no
2026-10-05T00:28:42.229062Z,KXBTC15M-26OCT042030-30,0.0300,5.00,no
2026-10-05T00:28:42.229062Z,KXBTC15M-26OCT042030-30,0.0250,64.00,no
2026-10-05T00:28:42.229062Z,KXBTC15M-26OCT042030-30,0.0420,19.00,no
2026-10-05T00:28:42.229062Z,KXBTC15M-26OCT042030-30,0.0350,64.00,no
2026-10-05T00:28:42.229062Z,KXBTC15M-26OCT042030-30,0.0350,64.00,no
2026-10-05T00:28:42.229062Z,KXBTC15M-26OCT042030-30,0.0300,64.00,no
2026-10-05T00:28:42.229062Z,KXBTC15M-26OCT042030-30,0.0320,10.00,no
2026-10-05T00:28:42.229062Z,KXBTC15M-26OCT042030-30,0.0280,10.00,no
2026-10-05T00:28:42.229062Z,KXBTC15M-26OCT042030-30,0.0300,40.00,no
2026-10-05T00:28:42.229062Z,KXBTC15M-26OCT042030-30,0.0380,192.00,no
2026-10-05T00:28:42.229062Z,KXBTC15M-26OCT042030-30,0.0330,10.00,no
2026-10-05T00:28:42.229062Z,KXBTC15M-26OCT042030-30,0.0420,30.00,no
2026-10-05T00:28:42.229062Z,KXBTC15M-26OCT042030-30,0.0420,0.01,no
2026-10-05T00:28:42.229062Z,KXBTC15M-26OCT042030-30,0.0240,251.26,no
2026-10-05T00:28:42.229062Z,KXBTC15M-26OCT042030-30,0.0400,150.00,no
2026-10-05T00:28:42.229062Z,KXBTC15M-26OCT042030-30,0.0420,0.01,no
2026-10-05T00:28:42.229062Z,KXBTC15M-26OCT042030-30,0.0420,1.13,no
2026-10-05T00:28:42.229062Z,KXBTC15M-26OCT042030-30,0.0410,0.01,no
2026-10-05T00:28:42.253997Z,KXBTC15M-26OCT042030-30,0.0430,74.03,yes
2026-10-05T00:28:42.25423Z,KXBTC15M-26OCT042030-30,0.0430,4.00,yes
2026-10-05T00:28:42.255312Z,KXBTC15M-26OCT042030-30,0.0400,10.10,no
2026-10-05T00:28:42.275289Z,KXBTC15M-26OCT042030-30,0.0310,15.44,no
2026-10-05T00:28:42.275294Z,KXBTC15M-26OCT042030-30,0.0310,28.83,no
2026-10-05T00:28:42.317911Z,KXBTC15M-26OCT042030-30,0.0320,126.78,no
2026-10-05T00:28:42.322036Z,KXBTC15M-26OCT042030-30,0.0330,13.89,yes
2026-10-05T00:28:42.329711Z,KXBTC15M-26OCT042030-30,0.0330,16.39,yes
2026-10-05T00:28:42.355881Z,KXBTC15M-26OCT042030-30,0.0320,10.10,no
2026-10-05T00:28:42.359411Z,KXBTC15M-26OCT042030-30,0.0250,64.00,no
2026-10-05T00:28:42.359411Z,KXBTC15M-26OCT042030-30,0.0220,166.00,no
2026-10-05T00:28:42.359411Z,KXBTC15M-26OCT042030-30,0.0300,64.00,no
2026-10-05T00:28:42.359411Z,KXBTC15M-26OCT042030-30,0.0220,67.55,no
2026-10-05T00:28:42.359411Z,KXBTC15M-26OCT042030-30,0.0220,10.00,no
2026-10-05T00:28:42.359411Z,KXBTC15M-26OCT042030-30,0.0250,64.00,no
2026-10-05T00:28:42.359411Z,KXBTC15M-26OCT042030-30,0.0300,50.00,no
2026-10-05T00:28:42.359411Z,KXBTC15M-26OCT042030-30,0.0310,0.01,no
2026-10-05T00:28:42.359411Z,KXBTC15M-26OCT042030-30,0.0320,44.90,no
2026-10-05T00:28:42.363283Z,KXBTC15M-26OCT042030-30,0.0330,1.87,yes
2026-10-05T00:28:42.422504Z,KXBTC15M-26OCT042030-30,0.0320,2.05,no
2026-10-05T00:28:42.42767Z,KXBTC15M-26OCT042030-30,0.0330,16.45,yes
2026-10-05T00:28:42.435355Z,KXBTC15M-26OCT042030-30,0.0330,82.22,yes
2026-10-05T00:28:42.444027Z,KXBTC15M-26OCT042030-30,0.0330,13.11,yes
2026-10-05T00:28:42.456707Z,KXBTC15M-26OCT042030-30,0.0310,1.00,no
2026-10-05T00:28:42.46044Z,KXBTC15M-26OCT042030-30,0.0330,50.00,yes
2026-10-05T00:28:42.467004Z,KXBTC15M-26OCT042030-30,0.0330,36.21,yes
2026-10-05T00:28:42.505404Z,KXBTC15M-26OCT042030-30,0.0330,13.11,yes
2026-10-05T00:28:42.537086Z,KXBTC15M-26OCT042030-30,0.0330,14.28,yes
2026-10-05T00:28:42.558022Z,KXBTC15M-26OCT042030-30,0.0320,1.12,no
2026-10-05T00:28:42.558022Z,KXBTC15M-26OCT042030-30,0.0300,41.18,no
2026-10-05T00:28:42.558022Z,KXBTC15M-26OCT042030-30,0.0320,37.00,no
2026-10-05T00:28:42.559449Z,KXBTC15M-26OCT042030-30,0.0330,14.71,yes
2026-10-05T00:28:42.560723Z,KXBTC15M-26OCT042030-30,0.0350,38.22,yes
2026-10-05T00:28:42.560723Z,KXBTC15M-26OCT042030-30,0.0330,1227.76,yes
2026-10-05T00:28:42.560723Z,KXBTC15M-26OCT042030-30,0.0330,0.01,yes
2026-10-05T00:28:42.560723Z,KXBTC15M-26OCT042030-30,0.0330,0.01,yes
2026-10-05T00:28:42.560723Z,KXBTC15M-26OCT042030-30,0.0330,500.00,yes
2026-10-05T00:28:42.575507Z,KXBTC15M-26OCT042030-30,0.0340,100.00,no
2026-10-05T00:28:42.611919Z,KXBTC15M-26OCT042030-30,0.0340,10.29,no
2026-10-05T00:28:42.631482Z,KXBTC15M-26OCT042030-30,0.0350,0.01,yes
2026-10-05T00:28:42.631482Z,KXBTC15M-26OCT042030-30,0.0350,0.01,yes
2026-10-05T00:28:42.637909Z,KXBTC15M-26OCT042030-30,0.0420,79.36,yes
2026-10-05T00:28:42.640995Z,KXBTC15M-26OCT042030-30,0.0420,43.59,yes
2026-10-05T00:28:42.642229Z,KXBTC15M-26OCT042030-30,0.0420,21.79,yes
2026-10-05T00:28:42.659211Z,KXBTC15M-26OCT042030-30,0.0350,12.19,no
2026-10-05T00:28:42.662343Z,KXBTC15M-26OCT042030-30,0.0350,110.02,no
2026-10-05T00:28:42.66372Z,KXBTC15M-26OCT042030-30,0.0350,0.01,no
2026-10-05T00:28:42.66372Z,KXBTC15M-26OCT042030-30,0.0350,9.98,no
2026-10-05T00:28:42.66372Z,KXBTC15M-26OCT042030-30,0.0350,0.01,no
2026-10-05T00:28:42.67271Z,KXBTC15M-26OCT042030-30,0.0390,103.21,no
2026-10-05T00:28:42.686492Z,KXBTC15M-26OCT042030-30,0.0390,3.21,no
2026-10-05T00:28:42.687937Z,KXBTC15M-26OCT042030-30,0.0390,10.30,no
2026-10-05T00:28:42.711049Z,KXBTC15M-26OCT042030-30,0.0390,0.01,no
2026-10-05T00:28:42.711049Z,KXBTC15M-26OCT042030-30,0.0390,0.01,no
2026-10-05T00:28:42.711049Z,KXBTC15M-26OCT042030-30,0.0380,167.70,no
2026-10-05T00:28:42.711049Z,KXBTC15M-26OCT042030-30,0.0390,33.28,no
2026-10-05T00:28:42.733531Z,KXBTC15M-26OCT042030-30,0.0380,84.52,no
2026-10-05T00:28:42.742302Z,KXBTC15M-26OCT042030-30,0.0380,74.57,no
2026-10-05T00:28:42.748052Z,KXBTC15M-26OCT042030-30,0.0380,213.86,no
2026-10-05T00:28:42.749505Z,KXBTC15M-26OCT042030-30,0.0390,1.16,yes
2026-10-05T00:28:42.756108Z,KXBTC15M-26OCT042030-30,0.0390,1.87,yes
2026-10-05T00:28:42.756718Z,KXBTC15M-26OCT042030-30,0.0380,15.00,no
2026-10-05T00:28:42.761015Z,KXBTC15M-26OCT042030-30,0.0390,13.09,yes
2026-10-05T00:28:42.767008Z,KXBTC15M-26OCT042030-30,0.0380,5.99,no
2026-10-05T00:28:42.805817Z,KXBTC15M-26OCT042030-30,0.0380,24.73,no
2026-10-05T00:28:42.820141Z,KXBTC15M-26OCT042030-30,0.0380,12.85,no
2026-10-05T00:28:42.839127Z,KXBTC15M-26OCT042030-30,0.0390,15.60,yes
2026-10-05T00:28:42.848606Z,KXBTC15M-26OCT042030-30,0.0380,27.43,no
2026-10-05T00:28:42.869232Z,KXBTC15M-26OCT042030-30,0.0380,13.14,no
2026-10-05T00:28:42.870257Z,KXBTC15M-26OCT042030-30,0.0380,30.92,no
2026-10-05T00:28:42.886612Z,KXBTC15M-26OCT042030-30,0.0290,10.00,no
2026-10-05T00:28:42.886612Z,KXBTC15M-26OCT042030-30,0.0280,500.00,no
2026-10-05T00:28:42.886612Z,KXBTC15M-26OCT042030-30,0.0380,40.93,no
2026-10-05T00:28:42.886612Z,KXBTC15M-26OCT042030-30,0.0360,18.44,no
2026-10-05T00:28:42.886612Z,KXBTC15M-26OCT042030-30,0.0370,1500.00,no
2026-10-05T00:28:42.886612Z,KXBTC15M-26OCT042030-30,0.0370,18.44,no
2026-10-05T00:28:42.886612Z,KXBTC15M-26OCT042030-30,0.0320,500.00,no
2026-10-05T00:28:42.886612Z,KXBTC15M-26OCT042030-30,0.0300,64.00,no
2026-10-05T00:28:42.886612Z,KXBTC15M-26OCT042030-30,0.0300,64.00,no
2026-10-05T00:28:42.886612Z,KXBTC15M-26OCT042030-30,0.0300,500.00,no
2026-10-05T00:28:42.886612Z,KXBTC15M-26OCT042030-30,0.0280,500.00,no
2026-10-05T00:28:42.886612Z,KXBTC15M-26OCT042030-30,0.0330,22.00,no
2026-10-05T00:28:42.886612Z,KXBTC15M-26OCT042030-30,0.0260,365.99,no
2026-10-05T00:28:42.886612Z,KXBTC15M-26OCT042030-30,0.0280,494.01,no
2026-10-05T00:28:42.886612Z,KXBTC15M-26OCT042030-30,0.0340,500.00,no
2026-10-05T00:28:42.892199Z,KXBTC15M-26OCT042030-30,0.0250,12.00,no
2026-10-05T00:28:42.897488Z,KXBTC15M-26OCT042030-30,0.0270,50.00,yes
2026-10-05T00:28:42.920469Z,KXBTC15M-26OCT042030-30,0.0270,5.00,yes
2026-10-05T00:28:42.9217Z,KXBTC15M-26OCT042030-30,0.0270,45.00,yes
2026-10-05T00:28:42.925747Z,KXBTC15M-26OCT042030-30,0.0250,14.18,no
2026-10-05T00:28:42.925747Z,KXBTC15M-26OCT042030-30,0.0260,2.00,no
2026-10-05T00:28:42.925747Z,KXBTC15M-26OCT042030-30,0.0260,2.00,no
2026-10-05T00:28:42.941143Z,KXBTC15M-26OCT042030-30,0.0270,35.00,yes
2026-10-05T00:28:42.943746Z,KXBTC15M-26OCT042030-30,0.0270,2.66,yes
2026-10-05T00:28:42.96124Z,KXBTC15M-26OCT042030-30,0.0270,93.06,yes
2026-10-05T00:28:42.964123Z,KXBTC15M-26OCT042030-30,0.0240,2.00,no
2026-10-05T00:28:42.964123Z,KXBTC15M-26OCT042030-30,0.0210,458.84,no
2026-10-05T00:28:42.964123Z,KXBTC15M-26OCT042030-30,0.0210,11.00,no
2026-10-05T00:28:42.964123Z,KXBTC15M-26OCT042030-30,0.0260,2.00,no
2026-10-05T00:28:42.964123Z,KXBTC15M-26OCT042030-30,0.0250,2.00,no
2026-10-05T00:28:42.964123Z,KXBTC15M-26OCT042030-30,0.0250,2.00,no
2026-10-05T00:28:42.964123Z,KXBTC15M-26OCT042030-30,0.0220,10.00,no
2026-10-05T00:28:42.964123Z,KXBTC15M-26OCT042030-30,0.0260,150.00,no
2026-10-05T00:28:42.964123Z,KXBTC15M-26OCT042030-30,0.0250,19.73,no
2026-10-05T00:28:42.964123Z,KXBTC15M-26OCT042030-30,0.0260,40.00,no
2026-10-05T00:28:42.964123Z,KXBTC15M-26OCT042030-30,0.0240,2.00,no
2026-10-05T00:28:42.964123Z,KXBTC15M-26OCT042030-30,0.0260,2.00,no
2026-10-05T00:28:42.975718Z,KXBTC15M-26OCT042030-30,0.0200,9.48,no
2026-10-05T00:28:42.975718Z,KXBTC15M-26OCT042030-30,0.0210,63.16,no
2026-10-05T00:28:42.994603Z,KXBTC15M-26OCT042030-30,0.0210,304.79,no
2026-10-05T00:28:42.997482Z,KXBTC15M-26OCT042030-30,0.0120,256.00,no
2026-10-05T00:28:42.997482Z,KXBTC15M-26OCT042030-30,0.0160,384.00,no
2026-10-05T00:28:42.997482Z,KXBTC15M-26OCT042030-30,0.0140,384.00,no
2026-10-05T00:28:42.997482Z,KXBTC15M-26OCT042030-30,0.0130,256.00,no
2026-10-05T00:28:42.997482Z,KXBTC15M-26OCT042030-30,0.0150,384.00,no
2026-10-05T00:28:42.997482Z,KXBTC15M-26OCT042030-30,0.0130,1.00,no
2026-10-05T00:28:42.997482Z,KXBTC15M-26OCT042030-30,0.0120,1.00,no
2026-10-05T00:28:42.997482Z,KXBTC15M-26OCT042030-30,0.0150,1.00,no
2026-10-05T00:28:42.997482Z,KXBTC15M-26OCT042030-30,0.0140,1.00,no
2026-10-05T00:28:42.997482Z,KXBTC15M-26OCT042030-30,0.0160,1.00,no
2026-10-05T00:28:42.997482Z,KXBTC15M-26OCT042030-30,0.0150,384.00,no
2026-10-05T00:28:42.997482Z,KXBTC15M-26OCT042030-30,0.0120,2500.00,no
2026-10-05T00:28:42.997482Z,KXBTC15M-26OCT042030-30,0.0150,6.00,no
2026-10-05T00:28:42.997482Z,KXBTC15M-26OCT042030-30,0.0140,327.00,no
2026-10-05T00:28:42.997482Z,KXBTC15M-26OCT042030-30,0.0160,150.00,no
2026-10-05T00:28:42.997482Z,KXBTC15M-26OCT042030-30,0.0150,384.00,no
2026-10-05T00:28:42.997482Z,KXBTC15M-26OCT042030-30,0.0120,256.00,no
2026-10-05T00:28:42.997482Z,KXBTC15M-26OCT042030-30,0.0120,256.00,no
2026-10-05T00:28:42.997482Z,KXBTC15M-26OCT042030-30,0.0120,150.00,no
2026-10-05T00:28:42.997482Z,KXBTC15M-26OCT042030-30,0.0130,256.00,no
2026-10-05T00:28:42.997482Z,KXBTC15M-26OCT042030-30,0.0130,256.00,no
2026-10-05T00:28:42.997482Z,KXBTC15M-26OCT042030-30,0.0150,384.00,no
2026-10-05T00:28:42.997482Z,KXBTC15M-26OCT042030-30,0.0140,150.00,no
2026-10-05T00:28:42.997482Z,KXBTC15M-26OCT042030-30,0.0130,256.00,no
2026-10-05T00:28:42.997482Z,KXBTC15M-26OCT042030-30,0.0140,384.00,no
2026-10-05T00:28:42.997482Z,KXBTC15M-26OCT042030-30,0.0160,232.32,no
2026-10-05T00:28:42.997482Z,KXBTC15M-26OCT042030-30,0.0130,150.00,no
2026-10-05T00:28:42.997482Z,KXBTC15M-26OCT042030-30,0.0140,384.00,no
2026-10-05T00:28:42.997482Z,KXBTC15M-26OCT042030-30,0.0160,384.00,no
2026-10-05T00:28:42.997482Z,KXBTC15M-26OCT042030-30,0.0120,256.00,no
2026-10-05T00:28:42.997482Z,KXBTC15M-26OCT042030-30,0.0140,384.00,no
2026-10-05T00:28:42.997482Z,KXBTC15M-26OCT042030-30,0.0120,330.00,no
2026-10-05T00:28:42.997482Z,KXBTC15M-26OCT042030-30,0.0150,150.00,no
2026-10-05T00:28:42.997482Z,KXBTC15M-26OCT042030-30,0.0190,15.00,no
2026-10-05T00:28:42.997482Z,KXBTC15M-26OCT042030-30,0.0170,15.00,no
2026-10-05T00:28:42.997482Z,KXBTC15M-26OCT042030-30,0.0150,10.00,no
2026-10-05T00:28:42.997482Z,KXBTC15M-26OCT042030-30,0.0150,10.00,no
2026-10-05T00:28:42.997482Z,KXBTC15M-26OCT042030-30,0.0210,390.21,no
2026-10-05T00:28:42.997482Z,KXBTC15M-26OCT042030-30,0.0170,1505.00,no
2026-10-05T00:28:42.997482Z,KXBTC15M-26OCT042030-30,0.0210,2.00,no
2026-10-05T00:28:42.997482Z,KXBTC15M-26OCT042030-30,0.0210,500.00,no
2026-10-05T00:28:42.997482Z,KXBTC15M-26OCT042030-30,0.0210,2.00,no
2026-10-05T00:28:42.997482Z,KXBTC15M-26OCT042030-30,0.0120,1.00,no
2026-10-05T00:28:42.997482Z,KXBTC15M-26OCT042030-30,0.0150,64.00,no
2026-10-05T00:28:42.997482Z,KXBTC15M-26OCT042030-30,0.0210,72.00,no
2026-10-05T00:28:42.997482Z,KXBTC15M-26OCT042030-30,0.0160,281.00,no
2026-10-05T00:28:42.997482Z,KXBTC15M-26OCT042030-30,0.0170,277.00,no
2026-10-05T00:28:42.997482Z,KXBTC15M-26OCT042030-30,0.0200,0.99,no
2026-10-05T00:28:42.997482Z,KXBTC15M-26OCT042030-30,0.0170,3.00,no
2026-10-05T00:28:42.997482Z,KXBTC15M-26OCT042030-30,0.0210,11.06,no
2026-10-05T00:28:42.997482Z,KXBTC15M-26OCT042030-30,0.0200,11.06,no
2026-10-05T00:28:42.997482Z,KXBTC15M-26OCT042030-30,0.0200,2.00,no
2026-10-05T00:28:42.997482Z,KXBTC15M-26OCT042030-30,0.0210,1.12,no
2026-10-05T00:28:42.997482Z,KXBTC15M-26OCT042030-30,0.0160,10.00,no
2026-10-05T00:28:42.997482Z,KXBTC15M-26OCT042030-30,0.0200,50.00,no
2026-10-05T00:28:42.997482Z,KXBTC15M-26OCT042030-30,0.0130,1410.00,no
2026-10-05T00:28:42.997482Z,KXBTC15M-26OCT042030-30,0.0210,1.00,no
2026-10-05T00:28:42.997482Z,KXBTC15M-26OCT042030-30,0.0200,615.52,no
2026-10-05T00:28:42.997482Z,KXBTC15M-26OCT042030-30,0.0200,2.00,no
2026-10-05T00:28:42.997482Z,KXBTC15M-26OCT042030-30,0.0190,2.00,no
2026-10-05T00:28:42.997482Z,KXBTC15M-26OCT042030-30,0.0150,64.00,no
2026-10-05T00:28:42.997482Z,KXBTC15M-26OCT042030-30,0.0180,12.00,no
2026-10-05T00:28:42.997482Z,KXBTC15M-26OCT042030-30,0.0210,500.00,no
2026-10-05T00:28:42.997482Z,KXBTC15M-26OCT042030-30,0.0190,2.00,no
2026-10-05T00:28:42.997482Z,KXBTC15M-26OCT042030-30,0.0120,305.00,no
2026-10-05T00:28:42.997482Z,KXBTC15M-26OCT042030-30,0.0200,50.00,no
2026-10-05T00:28:42.997482Z,KXBTC15M-26OCT042030-30,0.0150,10.00,no
2026-10-05T00:28:42.997482Z,KXBTC15M-26OCT042030-30,0.0150,10.00,no
2026-10-05T00:28:42.997482Z,KXBTC15M-26OCT042030-30,0.0160,15.00,no
2026-10-05T00:28:42.997482Z,KXBTC15M-26OCT042030-30,0.0130,25.00,no
2026-10-05T00:28:43.01494Z,KXBTC15M-26OCT042030-30,0.0220,300.00,yes
2026-10-05T00:28:43.02231Z,KXBTC15M-26OCT042030-30,0.0200,50.00,no
2026-10-05T00:28:43.02231Z,KXBTC15M-26OCT042030-30,0.0190,2.00,no
2026-10-05T00:28:43.02231Z,KXBTC15M-26OCT042030-30,0.0190,158.00,no
2026-10-05T00:28:43.02231Z,KXBTC15M-26OCT042030-30,0.0190,2.00,no
2026-10-05T00:28:43.023848Z,KXBTC15M-26OCT042030-30,0.0190,5.99,no
2026-10-05T00:28:43.045617Z,KXBTC15M-26OCT042030-30,0.0180,12.00,yes
2026-10-05T00:28:43.046041Z,KXBTC15M-26OCT042030-30,0.0180,15.00,yes
2026-10-05T00:28:43.04712Z,KXBTC15M-26OCT042030-30,0.0180,66.73,yes
2026-10-05T00:28:43.063665Z,KXBTC15M-26OCT042030-30,0.0170,1.18,no
2026-10-05T00:28:43.063665Z,KXBTC15M-26OCT042030-30,0.0170,2.00,no
2026-10-05T00:28:43.063665Z,KXBTC15M-26OCT042030-30,0.0170,2.00,no
2026-10-05T00:28:43.063665Z,KXBTC15M-26OCT042030-30,0.0160,4.91,no
2026-10-05T00:28:43.064284Z,KXBTC15M-26OCT042030-30,0.0180,10.00,yes
2026-10-05T00:28:43.065586Z,KXBTC15M-26OCT042030-30,0.0180,728.00,yes
2026-10-05T00:28:43.070622Z,KXBTC15M-26OCT042030-30,0.0160,2.00,no
2026-10-05T00:28:43.070622Z,KXBTC15M-26OCT042030-30,0.0160,5.09,no
2026-10-05T00:28:43.070622Z,KXBTC15M-26OCT042030-30,0.0150,2.00,no
2026-10-05T00:28:43.070622Z,KXBTC15M-26OCT042030-30,0.0150,2.00,no
2026-10-05T00:28:43.070622Z,KXBTC15M-26OCT042030-30,0.0160,2.00,no
2026-10-05T00:28:43.070622Z,KXBTC15M-26OCT042030-30,0.0130,86.91,no
2026-10-05T00:28:43.080793Z,KXBTC15M-26OCT042030-30,0.0170,0.01,no
2026-10-05T00:28:43.080829Z,KXBTC15M-26OCT042030-30,0.0170,1.99,no
2026-10-05T00:28:43.088619Z,KXBTC15M-26OCT042030-30,0.0160,12.32,yes
2026-10-05T00:28:43.089974Z,KXBTC15M-26OCT042030-30,0.0180,0.01,yes
2026-10-05T00:28:43.089974Z,KXBTC15M-26OCT042030-30,0.0200,13.00,yes
2026-10-05T00:28:43.089974Z,KXBTC15M-26OCT042030-30,0.0210,82.00,yes
2026-10-05T00:28:43.089974Z,KXBTC15M-26OCT042030-30,0.0200,0.01,yes
2026-10-05T00:28:43.089974Z,KXBTC15M-26OCT042030-30,0.0180,0.01,yes
2026-10-05T00:28:43.089974Z,KXBTC15M-26OCT042030-30,0.0160,0.01,yes
2026-10-05T00:28:43.089974Z,KXBTC15M-26OCT042030-30,0.0200,0.01,yes
2026-10-05T00:28:43.089974Z,KXBTC15M-26OCT042030-30,0.0160,0.01,yes
2026-10-05T00:28:43.089974Z,KXBTC15M-26OCT042030-30,0.0180,0.01,yes
2026-10-05T00:28:43.089974Z,KXBTC15M-26OCT042030-30,0.0160,200.69,yes
2026-10-05T00:28:43.089974Z,KXBTC15M-26OCT042030-30,0.0210,11.88,yes
2026-10-05T00:28:43.094815Z,KXBTC15M-26OCT042030-30,0.0220,50.00,yes
2026-10-05T00:28:43.094815Z,KXBTC15M-26OCT042030-30,0.0220,200.00,yes
2026-10-05T00:28:43.098085Z,KXBTC15M-26OCT042030-30,0.0210,82.00,no
2026-10-05T00:28:43.099561Z,KXBTC15M-26OCT042030-30,0.0220,90.00,yes
2026-10-05T00:28:43.105623Z,KXBTC15M-26OCT042030-30,0.0220,15.00,yes
2026-10-05T00:28:43.10758Z,KXBTC15M-26OCT042030-30,0.0220,41.30,yes
2026-10-05T00:28:43.115669Z,KXBTC15M-26OCT042030-30,0.0210,33.00,no
2026-10-05T00:28:43.151713Z,KXBTC15M-26OCT042030-30,0.0220,11.00,yes
2026-10-05T00:28:43.152858Z,KXBTC15M-26OCT042030-30,0.0220,15.43,yes
2026-10-05T00:28:43.166377Z,KXBTC15M-26OCT042030-30,0.0220,15.00,yes
2026-10-05T00:28:43.17922Z,KXBTC15M-26OCT042030-30,0.0220,12.01,yes
2026-10-05T00:28:43.180478Z,KXBTC15M-26OCT042030-30,0.0210,0.01,no
2026-10-05T00:28:43.180478Z,KXBTC15M-26OCT042030-30,0.0210,13.86,no
2026-10-05T00:28:43.180478Z,KXBTC15M-26OCT042030-30,0.0210,35.00,no
2026-10-05T00:28:43.180478Z,KXBTC15M-26OCT042030-30,0.0210,0.01,no
2026-10-05T00:28:43.180478Z,KXBTC15M-26OCT042030-30,0.0210,1.12,no
2026-10-05T00:28:43.180478Z,KXBTC15M-26OCT042030-30,0.0210,50.00,no
2026-10-05T00:28:43.181384Z,KXBTC15M-26OCT042030-30,0.0220,4.14,yes
2026-10-05T00:28:43.192873Z,KXBTC15M-26OCT042030-30,0.0220,29.41,yes
2026-10-05T00:28:43.208734Z,KXBTC15M-26OCT042030-30,0.0220,88.94,yes
2026-10-05T00:28:43.213698Z,KXBTC15M-26OCT042030-30,0.0220,11.77,yes
2026-10-05T00:28:43.213698Z,KXBTC15M-26OCT042030-30,0.0220,238.23,yes
2026-10-05T00:28:43.228086Z,KXBTC15M-26OCT042030-30,0.0220,2.18,yes
2026-10-05T00:28:43.242963Z,KXBTC15M-26OCT042030-30,0.0220,21.27,yes
2026-10-05T00:28:43.243315Z,KXBTC15M-26OCT042030-30,0.0110,512.00,no
2026-10-05T00:28:43.243315Z,KXBTC15M-26OCT042030-30,0.0110,512.00,no
2026-10-05T00:28:43.243315Z,KXBTC15M-26OCT042030-30,0.0110,2500.00,no
2026-10-05T00:28:43.243315Z,KXBTC15M-26OCT042030-30,0.0110,448.68,no
2026-10-05T00:28:43.243315Z,KXBTC15M-26OCT042030-30,0.0210,1.11,no
2026-10-05T00:28:43.243315Z,KXBTC15M-26OCT042030-30,0.0200,50.00,no
2026-10-05T00:28:43.243315Z,KXBTC15M-26OCT042030-30,0.0150,64.00,no
2026-10-05T00:28:43.243315Z,KXBTC15M-26OCT042030-30,0.0120,280.00,no
2026-10-05T00:28:43.243315Z,KXBTC15M-26OCT042030-30,0.0210,63.11,no
2026-10-05T00:28:43.243315Z,KXBTC15M-26OCT042030-30,0.0200,500.00,no
2026-10-05T00:28:43.243315Z,KXBTC15M-26OCT042030-30,0.0130,1413.09,no
2026-10-05T00:28:43.243315Z,KXBTC15M-26OCT042030-30,0.0200,500.00,no
2026-10-05T00:28:43.243315Z,KXBTC15M-26OCT042030-30,0.0210,0.01,no
2026-10-05T00:28:43.243315Z,KXBTC15M-26OCT042030-30,0.0130,10.00,no
2026-10-05T00:28:43.243315Z,KXBTC15M-26OCT042030-30,0.0160,10.00,no
2026-10-05T00:28:43.243315Z,KXBTC15M-26OCT042030-30,0.0210,150.00,no
2026-10-05T00:28:43.243315Z,KXBTC15M-26OCT042030-30,0.0210,39.84,no
2026-10-05T00:28:43.243315Z,KXBTC15M-26OCT042030-30,0.0120,305.00,no
2026-10-05T00:28:43.243315Z,KXBTC15M-26OCT042030-30,0.0140,13.00,no
2026-10-05T00:28:43.243315Z,KXBTC15M-26OCT042030-30,0.0210,0.01,no
2026-10-05T00:28:43.247693Z,KXBTC15M-26OCT042030-30,0.0220,3.23,yes
2026-10-05T00:28:43.251715Z,KXBTC15M-26OCT042030-30,0.0120,15.00,yes
2026-10-05T00:28:43.260028Z,KXBTC15M-26OCT042030-30,0.0140,500.00,yes
2026-10-05T00:28:43.260028Z,KXBTC15M-26OCT042030-30,0.0120,1485.00,yes
2026-10-05T00:28:43.261635Z,KXBTC15M-26OCT042030-30,0.0140,3.23,yes
2026-10-05T00:28:43.262477Z,KXBTC15M-26OCT042030-30,0.0140,252.77,yes
2026-10-05T00:28:43.267533Z,KXBTC15M-26OCT042030-30,0.0180,0.01,yes
2026-10-05T00:28:43.267533Z,KXBTC15M-26OCT042030-30,0.0220,384.00,yes
2026-10-05T00:28:43.267533Z,KXBTC15M-26OCT042030-30,0.0220,63.18,yes
2026-10-05T00:28:43.267533Z,KXBTC15M-26OCT042030-30,0.0220,256.00,yes
2026-10-05T00:28:43.267533Z,KXBTC15M-26OCT042030-30,0.0190,13.00,yes
2026-10-05T00:28:43.267533Z,KXBTC15M-26OCT042030-30,0.0220,119.09,yes
2026-10-05T00:28:43.267533Z,KXBTC15M-26OCT042030-30,0.0180,0.01,yes
2026-10-05T00:28:43.267533Z,KXBTC15M-26OCT042030-30,0.0220,256.00,yes
2026-10-05T00:28:43.267533Z,KXBTC15M-26OCT042030-30,0.0140,0.01,yes
2026-10-05T00:28:43.287422Z,KXBTC15M-26OCT042030-30,0.0130,5.07,no
2026-10-05T00:28:43.303025Z,KXBTC15M-26OCT042030-30,0.0170,14.98,yes
2026-10-05T00:28:43.303025Z,KXBTC15M-26OCT042030-30,0.0140,0.01,yes
2026-10-05T00:28:43.303025Z,KXBTC15M-26OCT042030-30,0.0140,0.01,yes
2026-10-05T00:28:43.314134Z,KXBTC15M-26OCT042030-30,0.0160,1.27,no
2026-10-05T00:28:43.314349Z,KXBTC15M-26OCT042030-30,0.0160,2.00,no
2026-10-05T00:28:43.314349Z,KXBTC15M-26OCT042030-30,0.0160,55.73,no
2026-10-05T00:28:43.314349Z,KXBTC15M-26OCT042030-30,0.0160,2.00,no
2026-10-05T00:28:43.314349Z,KXBTC15M-26OCT042030-30,0.0150,2.00,no
2026-10-05T00:28:43.314349Z,KXBTC15M-26OCT042030-30,0.0150,28.26,no
2026-10-05T00:28:43.314349Z,KXBTC15M-26OCT042030-30,0.0140,9.53,no
2026-10-05T00:28:43.31791Z,KXBTC15M-26OCT042030-30,0.0170,2.21,yes
2026-10-05T00:28:43.329377Z,KXBTC15M-26OCT042030-30,0.0170,15.43,yes
2026-10-05T00:28:43.359233Z,KXBTC15M-26OCT042030-30,0.0170,42.54,yes
2026-10-05T00:28:43.363306Z,KXBTC15M-26OCT042030-30,0.0170,244.00,yes
2026-10-05T00:28:43.366668Z,KXBTC15M-26OCT042030-30,0.0170,13.24,yes
2026-10-05T00:28:43.369173Z,KXBTC15M-26OCT042030-30,0.0160,0.01,no
2026-10-05T00:28:43.369173Z,KXBTC15M-26OCT042030-30,0.0160,2.00,no
2026-10-05T00:28:43.369173Z,KXBTC15M-26OCT042030-30,0.0160,0.01,no
2026-10-05T00:28:43.369173Z,KXBTC15M-26OCT042030-30,0.0160,23.31,no
2026-10-05T00:28:43.369374Z,KXBTC15M-26OCT042030-30,0.0170,51.60,yes
2026-10-05T00:28:43.369374Z,KXBTC15M-26OCT042030-30,0.0170,0.01,yes
2026-10-05T00:28:43.369374Z,KXBTC15M-26OCT042030-30,0.0170,299.50,yes
2026-10-05T00:28:43.369374Z,KXBTC15M-26OCT042030-30,0.0170,0.01,yes
2026-10-05T00:28:43.374991Z,KXBTC15M-26OCT042030-30,0.0170,48.05,yes
2026-10-05T00:28:43.376919Z,KXBTC15M-26OCT042030-30,0.0170,0.01,yes
2026-10-05T00:28:43.383775Z,KXBTC15M-26OCT042030-30,0.0160,15.22,no
2026-10-05T00:28:43.389095Z,KXBTC15M-26OCT042030-30,0.0170,114.00,yes
2026-10-05T00:28:43.400915Z,KXBTC15M-26OCT042030-30,0.0170,16.70,yes
2026-10-05T00:28:43.4277Z,KXBTC15M-26OCT042030-30,0.0170,1.79,yes
2026-10-05T00:28:43.437292Z,KXBTC15M-26OCT042030-30,0.0160,4.97,no
2026-10-05T00:28:43.446567Z,KXBTC15M-26OCT042030-30,0.0170,2.72,yes
2026-10-05T00:28:43.446567Z,KXBTC15M-26OCT042030-30,0.0170,31.95,yes
2026-10-05T00:28:43.473766Z,KXBTC15M-26OCT042030-30,0.0170,23.73,yes
2026-10-05T00:28:43.474391Z,KXBTC15M-26OCT042030-30,0.0170,140.16,yes
2026-10-05T00:28:43.481314Z,KXBTC15M-26OCT042030-30,0.0170,41.97,yes
2026-10-05T00:28:43.487724Z,KXBTC15M-26OCT042030-30,0.0170,15.00,yes
2026-10-05T00:28:43.490338Z,KXBTC15M-26OCT042030-30,0.0170,150.00,yes
2026-10-05T00:28:43.490338Z,KXBTC15M-26OCT042030-30,0.0170,32.42,yes
2026-10-05T00:28:43.490338Z,KXBTC15M-26OCT042030-30,0.0170,0.01,yes
2026-10-05T00:28:43.490338Z,KXBTC15M-26OCT042030-30,0.0170,0.01,yes
2026-10-05T00:28:43.490338Z,KXBTC15M-26OCT042030-30,0.0170,67.56,yes
2026-10-05T00:28:43.493412Z,KXBTC15M-26OCT042030-30,0.0160,0.01,no
2026-10-05T00:28:43.493412Z,KXBTC15M-26OCT042030-30,0.0160,28.00,no
2026-10-05T00:28:43.493412Z,KXBTC15M-26OCT042030-30,0.0160,500.00,no
2026-10-05T00:28:43.493412Z,KXBTC15M-26OCT042030-30,0.0160,0.01,no
2026-10-05T00:28:43.493412Z,KXBTC15M-26OCT042030-30,0.0160,1204.37,no
2026-10-05T00:28:43.493412Z,KXBTC15M-26OCT042030-30,0.0160,1.11,no
2026-10-05T00:28:43.493412Z,KXBTC15M-26OCT042030-30,0.0160,456.50,no
2026-10-05T00:28:43.493412Z,KXBTC15M-26OCT042030-30,0.0160,10.00,no
2026-10-05T00:28:43.509624Z,KXBTC15M-26OCT042030-30,0.0160,2.00,no
2026-10-05T00:28:43.509624Z,KXBTC15M-26OCT042030-30,0.0160,0.01,no
2026-10-05T00:28:43.509624Z,KXBTC15M-26OCT042030-30,0.0160,4.48,no
2026-10-05T00:28:43.509624Z,KXBTC15M-26OCT042030-30,0.0160,0.01,no
2026-10-05T00:28:43.516019Z,KXBTC15M-26OCT042030-30,0.0170,82.44,yes
2026-10-05T00:28:43.516019Z,KXBTC15M-26OCT042030-30,0.0170,18.07,yes
2026-10-05T00:28:43.554483Z,KXBTC15M-26OCT042030-30,0.0170,25.00,yes
2026-10-05T00:28:43.569183Z,KXBTC15M-26OCT042030-30,0.0170,50.22,yes
2026-10-05T00:28:43.569183Z,KXBTC15M-26OCT042030-30,0.0170,106.93,yes
2026-10-05T00:28:43.569183Z,KXBTC15M-26OCT042030-30,0.0170,150.00,yes
2026-10-05T00:28:43.570185Z,KXBTC15M-26OCT042030-30,0.0170,3.00,yes
2026-10-05T00:28:43.59913Z,KXBTC15M-26OCT042030-30,0.0170,60.15,yes
2026-10-05T00:28:43.607036Z,KXBTC15M-26OCT042030-30,0.0160,0.99,no
2026-10-05T00:28:43.619326Z,KXBTC15M-26OCT042030-30,0.0170,24.02,yes
2026-10-05T00:28:43.619476Z,KXBTC15M-26OCT042030-30,0.0170,60.39,yes
2026-10-05T00:28:43.619476Z,KXBTC15M-26OCT042030-30,0.0170,12.61,yes
2026-10-05T00:28:43.625357Z,KXBTC15M-26OCT042030-30,0.0170,35.74,yes
2026-10-05T00:28:43.63172Z,KXBTC15M-26OCT042030-30,0.0160,18.77,no
2026-10-05T00:28:43.637938Z,KXBTC15M-26OCT042030-30,0.0160,24.59,no
2026-10-05T00:28:43.63888Z,KXBTC15M-26OCT042030-30,0.0170,42.54,yes
2026-10-05T00:28:43.647542Z,KXBTC15M-26OCT042030-30,0.0170,66.63,yes
2026-10-05T00:28:43.656911Z,KXBTC15M-26OCT042030-30,0.0160,0.58,no
2026-10-05T00:28:43.670577Z,KXBTC15M-26OCT042030-30,0.0170,3.67,yes
2026-10-05T00:28:43.690137Z,KXBTC15M-26OCT042030-30,0.0160,48.41,no
2026-10-05T00:28:43.690137Z,KXBTC15M-26OCT042030-30,0.0160,1.59,no
2026-10-05T00:28:43.693738Z,KXBTC15M-26OCT042030-30,0.0170,133.88,yes
2026-10-05T00:28:43.720389Z,KXBTC15M-26OCT042030-30,0.0170,0.01,yes
2026-10-05T00:28:43.720389Z,KXBTC15M-26OCT042030-30,0.0170,0.01,yes
2026-10-05T00:28:43.720389Z,KXBTC15M-26OCT042030-30,0.0170,105.83,yes
2026-10-05T00:28:43.720389Z,KXBTC15M-26OCT042030-30,0.0170,739.22,yes
2026-10-05T00:28:43.737427Z,KXBTC15M-26OCT042030-30,0.0170,74.13,yes
2026-10-05T00:28:43.739056Z,KXBTC15M-26OCT042030-30,0.0170,126.04,yes
2026-10-05T00:28:43.741561Z,KXBTC15M-26OCT042030-30,0.0170,77.07,yes
2026-10-05T00:28:43.741823Z,KXBTC15M-26OCT042030-30,0.0170,3.00,yes
2026-10-05T00:28:43.746287Z,KXBTC15M-26OCT042030-30,0.0170,42.54,yes
2026-10-05T00:28:43.751977Z,KXBTC15M-26OCT042030-30,0.0170,24.38,yes
2026-10-05T00:28:43.75728Z,KXBTC15M-26OCT042030-30,0.0170,10.28,yes
2026-10-05T00:28:43.77558Z,KXBTC15M-26OCT042030-30,0.0170,53.93,yes
2026-10-05T00:28:43.776536Z,KXBTC15M-26OCT042030-30,0.0170,53.93,yes
2026-10-05T00:28:43.777456Z,KXBTC15M-26OCT042030-30,0.0160,2.00,no
2026-10-05T00:28:43.777456Z,KXBTC15M-26OCT042030-30,0.0160,10.00,no
2026-10-05T00:28:43.777456Z,KXBTC15M-26OCT042030-30,0.0160,40.00,no
2026-10-05T00:28:43.777456Z,KXBTC15M-26OCT042030-30,0.0160,101.59,no
2026-10-05T00:28:43.777456Z,KXBTC15M-26OCT042030-30,0.0160,24.00,no
2026-10-05T00:28:43.777456Z,KXBTC15M-26OCT042030-30,0.0160,0.01,no
2026-10-05T00:28:43.777456Z,KXBTC15M-26OCT042030-30,0.0160,0.01,no
2026-10-05T00:28:43.781275Z,KXBTC15M-26OCT042030-30,0.0170,23.42,yes
2026-10-05T00:28:43.785178Z,KXBTC15M-26OCT042030-30,0.0170,19.58,yes
2026-10-05T00:28:43.789929Z,KXBTC15M-26OCT042030-30,0.0170,110.07,yes
2026-10-05T00:28:43.796481Z,KXBTC15M-26OCT042030-30,0.0170,27.88,yes
2026-10-05T00:28:43.803462Z,KXBTC15M-26OCT042030-30,0.0170,3.67,yes
2026-10-05T00:28:43.805002Z,KXBTC15M-26OCT042030-30,0.0170,53.93,yes
2026-10-05T00:28:43.845352Z,KXBTC15M-26OCT042030-30,0.0170,535.63,yes
2026-10-05T00:28:43.853048Z,KXBTC15M-26OCT042030-30,0.0170,219.77,yes
2026-10-05T00:28:43.858323Z,KXBTC15M-26OCT042030-30,0.0170,13.61,yes
2026-10-05T00:28:43.867192Z,KXBTC15M-26OCT042030-30,0.0170,3.67,yes
2026-10-05T00:28:43.868835Z,KXBTC15M-26OCT042030-30,0.0170,110.07,yes
2026-10-05T00:28:43.880973Z,KXBTC15M-26OCT042030-30,0.0170,118.39,yes
2026-10-05T00:28:43.893814Z,KXBTC15M-26OCT042030-30,0.0160,5.06,no
2026-10-05T00:28:43.893814Z,KXBTC15M-26OCT042030-30,0.0160,0.01,no
2026-10-05T00:28:43.904858Z,KXBTC15M-26OCT042030-30,0.0160,19.82,no
2026-10-05T00:28:43.918873Z,KXBTC15M-26OCT042030-30,0.0170,194.65,yes
2026-10-05T00:28:43.92662Z,KXBTC15M-26OCT042030-30,0.0160,150.00,no
2026-10-05T00:28:43.92662Z,KXBTC15M-26OCT042030-30,0.0150,98.57,no
2026-10-05T00:28:43.92662Z,KXBTC15M-26OCT042030-30,0.0160,0.01,no
2026-10-05T00:28:43.92662Z,KXBTC15M-26OCT042030-30,0.0160,10.00,no
2026-10-05T00:28:43.92662Z,KXBTC15M-26OCT042030-30,0.0160,20.00,no
2026-10-05T00:28:43.92662Z,KXBTC15M-26OCT042030-30,0.0160,0.01,no
2026-10-05T00:28:43.92662Z,KXBTC15M-26OCT042030-30,0.0160,26.12,no
2026-10-05T00:28:43.92662Z,KXBTC15M-26OCT042030-30,0.0160,40.00,no
2026-10-05T00:28:43.932701Z,KXBTC15M-26OCT042030-30,0.0170,12.65,yes
2026-10-05T00:28:43.959544Z,KXBTC15M-26OCT042030-30,0.0170,17.32,yes
2026-10-05T00:28:43.961532Z,KXBTC15M-26OCT042030-30,0.0170,139.70,yes
2026-10-05T00:28:43.963891Z,KXBTC15M-26OCT042030-30,0.0170,200.81,yes
2026-10-05T00:28:43.96836Z,KXBTC15M-26OCT042030-30,0.0170,2.20,yes
2026-10-05T00:28:43.974034Z,KXBTC15M-26OCT042030-30,0.0160,5.39,no
2026-10-05T00:28:43.974034Z,KXBTC15M-26OCT042030-30,0.0160,0.01,no
2026-10-05T00:28:43.982507Z,KXBTC15M-26OCT042030-30,0.0170,4.00,yes
2026-10-05T00:28:43.987804Z,KXBTC15M-26OCT042030-30,0.0170,3.67,yes
2026-10-05T00:28:43.995566Z,KXBTC15M-26OCT042030-30,0.0170,110.07,yes
2026-10-05T00:28:43.996172Z,KXBTC15M-26OCT042030-30,0.0170,67.00,yes
2026-10-05T00:28:44.002565Z,KXBTC15M-26OCT042030-30,0.0160,1.38,no
2026-10-05T00:28:44.007898Z,KXBTC15M-26OCT042030-30,0.0160,143.23,no
2026-10-05T00:28:44.017227Z,KXBTC15M-26OCT042030-30,0.0150,446.50,no
2026-10-05T00:28:44.023382Z,KXBTC15M-26OCT042030-30,0.0160,197.64,yes
2026-10-05T00:28:44.033065Z,KXBTC15M-26OCT042030-30,0.0160,41.93,yes
2026-10-05T00:28:44.036974Z,KXBTC15M-26OCT042030-30,0.0160,24.65,yes
2026-10-05T00:28:44.03875Z,KXBTC15M-26OCT042030-30,0.0160,169.76,yes
2026-10-05T00:28:44.039168Z,KXBTC15M-26OCT042030-30,0.0160,45.05,yes
2026-10-05T00:28:44.04449Z,KXBTC15M-26OCT042030-30,0.0160,3.67,yes
2026-10-05T00:28:44.048146Z,KXBTC15M-26OCT042030-30,0.0160,55.04,yes
2026-10-05T00:28:44.058588Z,KXBTC15M-26OCT042030-30,0.0160,32.33,yes
2026-10-05T00:28:44.066029Z,KXBTC15M-26OCT042030-30,0.0160,0.01,yes
2026-10-05T00:28:44.066029Z,KXBTC15M-26OCT042030-30,0.0160,0.01,yes
2026-10-05T00:28:44.066029Z,KXBTC15M-26OCT042030-30,0.0160,2.00,yes
2026-10-05T00:28:44.066029Z,KXBTC15M-26OCT042030-30,0.0160,2.00,yes
2026-10-05T00:28:44.066029Z,KXBTC15M-26OCT042030-30,0.0160,133.59,yes
2026-10-05T00:28:44.066029Z,KXBTC15M-26OCT042030-30,0.0160,1.00,yes
2026-10-05T00:28:44.07056Z,KXBTC15M-26OCT042030-30,0.0160,2.00,yes
2026-10-05T00:28:44.07056Z,KXBTC15M-26OCT042030-30,0.0160,13.00,yes
2026-10-05T00:28:44.07056Z,KXBTC15M-26OCT042030-30,0.0170,38.78,yes
2026-10-05T00:28:44.072431Z,KXBTC15M-26OCT042030-30,0.0170,111.56,yes
2026-10-05T00:28:44.075531Z,KXBTC15M-26OCT042030-30,0.0160,17.63,no
2026-10-05T00:28:44.077347Z,KXBTC15M-26OCT042030-30,0.0170,26.90,yes
2026-10-05T00:28:44.078498Z,KXBTC15M-26OCT042030-30,0.0160,90.00,no
2026-10-05T00:28:44.079604Z,KXBTC15M-26OCT042030-30,0.0160,0.01,no
2026-10-05T00:28:44.079604Z,KXBTC15M-26OCT042030-30,0.0150,95.00,no
2026-10-05T00:28:44.079604Z,KXBTC15M-26OCT042030-30,0.0160,42.37,no
2026-10-05T00:28:44.079604Z,KXBTC15M-26OCT042030-30,0.0150,81.46,no
2026-10-05T00:28:44.079604Z,KXBTC15M-26OCT042030-30,0.0150,0.01,no
2026-10-05T00:28:44.081211Z,KXBTC15M-26OCT042030-30,0.0150,50.00,no
2026-10-05T00:28:44.09289Z,KXBTC15M-26OCT042030-30,0.0170,103.13,yes
2026-10-05T00:28:44.101089Z,KXBTC15M-26OCT042030-30,0.0170,7.96,yes
2026-10-05T00:28:44.105022Z,KXBTC15M-26OCT042030-30,0.0170,15.00,yes
2026-10-05T00:28:44.10776Z,KXBTC15M-26OCT042030-30,0.0160,10.00,no
2026-10-05T00:28:44.10918Z,KXBTC15M-26OCT042030-30,0.0170,110.07,yes
2026-10-05T00:28:44.111919Z,KXBTC15M-26OCT042030-30,0.0170,40.80,yes
2026-10-05T00:28:44.127021Z,KXBTC15M-26OCT042030-30,0.0170,22.56,yes
2026-10-05T00:28:44.131614Z,KXBTC15M-26OCT042030-30,0.0160,5.07,no
2026-10-05T00:28:44.131821Z,KXBTC15M-26OCT042030-30,0.0170,15.88,yes
2026-10-05T00:28:44.134254Z,KXBTC15M-26OCT042030-30,0.0170,170.00,yes
2026-10-05T00:28:44.137959Z,KXBTC15M-26OCT042030-30,0.0170,132.71,yes
2026-10-05T00:28:44.165327Z,KXBTC15M-26OCT042030-30,0.0170,192.74,yes
2026-10-05T00:28:44.165626Z,KXBTC15M-26OCT042030-30,0.0170,19.10,yes
2026-10-05T00:28:44.167003Z,KXBTC15M-26OCT042030-30,0.0170,250.00,yes
2026-10-05T00:28:44.167003Z,KXBTC15M-26OCT042030-30,0.0170,3.00,yes
2026-10-05T00:28:44.167003Z,KXBTC15M-26OCT042030-30,0.0170,0.01,yes
2026-10-05T00:28:44.167003Z,KXBTC15M-26OCT042030-30,0.0170,0.01,yes
2026-10-05T00:28:44.167003Z,KXBTC15M-26OCT042030-30,0.0170,297.34,yes
2026-10-05T00:28:44.171829Z,KXBTC15M-26OCT042030-30,0.0170,10.20,yes
2026-10-05T00:28:44.179843Z,KXBTC15M-26OCT042030-30,0.0170,0.01,yes
2026-10-05T00:28:44.179843Z,KXBTC15M-26OCT042030-30,0.0170,0.01,yes
2026-10-05T00:28:44.179843Z,KXBTC15M-26OCT042030-30,0.0180,34.98,yes
2026-10-05T00:28:44.180872Z,KXBTC15M-26OCT042030-30,0.0180,1.38,yes
2026-10-05T00:28:44.181287Z,KXBTC15M-26OCT042030-30,0.0170,1.00,no
2026-10-05T00:28:44.185673Z,KXBTC15M-26OCT042030-30,0.0180,25.13,yes
2026-10-05T00:28:44.188632Z,KXBTC15M-26OCT042030-30,0.0180,86.82,yes
2026-10-05T00:28:44.188959Z,KXBTC15M-26OCT042030-30,0.0180,59.87,yes
2026-10-05T00:28:44.190029Z,KXBTC15M-26OCT042030-30,0.0180,3.67,yes
2026-10-05T00:28:44.196304Z,KXBTC15M-26OCT042030-30,0.0180,125.44,yes
2026-10-05T00:28:44.196894Z,KXBTC15M-26OCT042030-30,0.0180,5.00,yes
2026-10-05T00:28:44.196894Z,KXBTC15M-26OCT042030-30,0.0180,2.00,yes
2026-10-05T00:28:44.196894Z,KXBTC15M-26OCT042030-30,0.0180,0.01,yes
2026-10-05T00:28:44.196894Z,KXBTC15M-26OCT042030-30,0.0180,0.01,yes
2026-10-05T00:28:44.196894Z,KXBTC15M-26OCT042030-30,0.0190,13.00,yes
2026-10-05T00:28:44.196894Z,KXBTC15M-26OCT042030-30,0.0180,46.71,yes
2026-10-05T00:28:44.196894Z,KXBTC15M-26OCT042030-30,0.0200,1.37,yes
2026-10-05T00:28:44.201112Z,KXBTC15M-26OCT042030-30,0.0200,4.10,yes
2026-10-05T00:28:44.20158Z,KXBTC15M-26OCT042030-30,0.0210,13.00,yes
2026-10-05T00:28:44.20158Z,KXBTC15M-26OCT042030-30,0.0220,60.08,yes
2026-10-05T00:28:44.20158Z,KXBTC15M-26OCT042030-30,0.0200,44.53,yes
2026-10-05T00:28:44.20199Z,KXBTC15M-26OCT042030-30,0.0210,2.00,yes
2026-10-05T00:28:44.20199Z,KXBTC15M-26OCT042030-30,0.0220,83.00,yes
2026-10-05T00:28:44.208143Z,KXBTC15M-26OCT042030-30,0.0220,13.60,yes
2026-10-05T00:28:44.218844Z,KXBTC15M-26OCT042030-30,0.0210,0.01,yes
2026-10-05T00:28:44.218844Z,KXBTC15M-26OCT042030-30,0.0210,2.00,yes
2026-10-05T00:28:44.218844Z,KXBTC15M-26OCT042030-30,0.0210,0.01,yes
2026-10-05T00:28:44.218844Z,KXBTC15M-26OCT042030-30,0.0220,1.63,yes
2026-10-05T00:28:44.233981Z,KXBTC15M-26OCT042030-30,0.0220,35.00,yes
2026-10-05T00:28:44.239562Z,KXBTC15M-26OCT042030-30,0.0220,10.12,yes
2026-10-05T00:28:44.243698Z,KXBTC15M-26OCT042030-30,0.0220,37.88,yes
2026-10-05T00:28:44.245317Z,KXBTC15M-26OCT042030-30,0.0210,101.51,no
2026-10-05T00:28:44.253386Z,KXBTC15M-26OCT042030-30,0.0220,256.00,yes
2026-10-05T00:28:44.253386Z,KXBTC15M-26OCT042030-30,0.0220,384.00,yes
2026-10-05T00:28:44.253386Z,KXBTC15M-26OCT042030-30,0.0220,118.49,yes
2026-10-05T00:28:44.253386Z,KXBTC15M-26OCT042030-30,0.0220,384.00,yes
2026-10-05T00:28:44.253386Z,KXBTC15M-26OCT042030-30,0.0220,79.51,yes
2026-10-05T00:28:44.259691Z,KXBTC15M-26OCT042030-30,0.0220,67.68,yes
2026-10-05T00:28:44.287442Z,KXBTC15M-26OCT042030-30,0.0210,6.09,no
2026-10-05T00:28:44.288262Z,KXBTC15M-26OCT042030-30,0.0180,0.01,no
2026-10-05T00:28:44.288262Z,KXBTC15M-26OCT042030-30,0.0180,0.01,no
2026-10-05T00:28:44.288262Z,KXBTC15M-26OCT042030-30,0.0150,64.00,no
2026-10-05T00:28:44.288262Z,KXBTC15M-26OCT042030-30,0.0140,677.30,no
2026-10-05T00:28:44.288262Z,KXBTC15M-26OCT042030-30,0.0160,13.00,no
2026-10-05T00:28:44.288262Z,KXBTC15M-26OCT042030-30,0.0210,42.40,no
2026-10-05T00:28:44.288262Z,KXBTC15M-26OCT042030-30,0.0160,51.00,no
2026-10-05T00:28:44.288262Z,KXBTC15M-26OCT042030-30,0.0200,50.00,no
2026-10-05T00:28:44.288262Z,KXBTC15M-26OCT042030-30,0.0200,0.01,no
2026-10-05T00:28:44.288262Z,KXBTC15M-26OCT042030-30,0.0160,33.36,no
2026-10-05T00:28:44.288262Z,KXBTC15M-26OCT042030-30,0.0200,0.01,no
2026-10-05T00:28:44.288262Z,KXBTC15M-26OCT042030-30,0.0210,0.01,no
2026-10-05T00:28:44.288262Z,KXBTC15M-26OCT042030-30,0.0210,0.01,no
2026-10-05T00:28:44.288262Z,KXBTC15M-26OCT042030-30,0.0150,14.00,no
2026-10-05T00:28:44.292397Z,KXBTC15M-26OCT042030-30,0.0140,822.70,no
2026-10-05T00:28:44.292397Z,KXBTC15M-26OCT042030-30,0.0130,172.89,no
2026-10-05T00:28:44.295297Z,KXBTC15M-26OCT042030-30,0.0190,7.23,yes
2026-10-05T00:28:44.304182Z,KXBTC15M-26OCT042030-30,0.0160,123.04,yes
2026-10-05T00:28:44.305107Z,KXBTC15M-26OCT042030-30,0.0160,39.00,yes
2026-10-05T00:28:44.310818Z,KXBTC15M-26OCT042030-30,0.0160,6.07,yes
2026-10-05T00:28:44.311211Z,KXBTC15M-26OCT042030-30,0.0160,32.74,yes
2026-10-05T00:28:44.314255Z,KXBTC15M-26OCT042030-30,0.0160,10.71,yes
2026-10-05T00:28:44.316567Z,KXBTC15M-26OCT042030-30,0.0160,0.58,yes
2026-10-05T00:28:44.319967Z,KXBTC15M-26OCT042030-30,0.0160,43.99,yes
2026-10-05T00:28:44.324012Z,KXBTC15M-26OCT042030-30,0.0160,127.72,yes
2026-10-05T00:28:44.326724Z,KXBTC15M-26OCT042030-30,0.0150,0.01,no
2026-10-05T00:28:44.326724Z,KXBTC15M-26OCT042030-30,0.0150,5.30,no
2026-10-05T00:28:44.342223Z,KXBTC15M-26OCT042030-30,0.0150,7.85,no
2026-10-05T00:28:44.343537Z,KXBTC15M-26OCT042030-30,0.0150,9.74,no
2026-10-05T00:28:44.343942Z,KXBTC15M-26OCT042030-30,0.0160,178.17,yes
2026-10-05T00:28:44.347858Z,KXBTC15M-26OCT042030-30,0.0160,5.13,yes
2026-10-05T00:28:44.351088Z,KXBTC15M-26OCT042030-30,0.0160,26.83,yes
2026-10-05T00:28:44.368865Z,KXBTC15M-26OCT042030-30,0.0160,15.00,yes
2026-10-05T00:28:44.370726Z,KXBTC15M-26OCT042030-30,0.0160,17.94,yes
2026-10-05T00:28:44.371136Z,KXBTC15M-26OCT042030-30,0.0160,127.81,yes
2026-10-05T00:28:44.377539Z,KXBTC15M-26OCT042030-30,0.0160,745.27,yes
2026-10-05T00:28:44.377539Z,KXBTC15M-26OCT042030-30,0.0160,0.01,yes
2026-10-05T00:28:44.377539Z,KXBTC15M-26OCT042030-30,0.0180,0.01,yes
2026-10-05T00:28:44.377539Z,KXBTC15M-26OCT042030-30,0.0180,7.69,yes
2026-10-05T00:28:44.377539Z,KXBTC15M-26OCT042030-30,0.0160,2.00,yes
2026-10-05T00:28:44.377539Z,KXBTC15M-26OCT042030-30,0.0160,0.01,yes
2026-10-05T00:28:44.377539Z,KXBTC15M-26OCT042030-30,0.0180,0.01,yes
2026-10-05T00:28:44.377539Z,KXBTC15M-26OCT042030-30,0.0160,5.00,yes
2026-10-05T00:28:44.378561Z,KXBTC15M-26OCT042030-30,0.0180,3.23,yes
2026-10-05T00:28:44.380514Z,KXBTC15M-26OCT042030-30,0.0180,2.08,yes
2026-10-05T00:28:44.380514Z,KXBTC15M-26OCT042030-30,0.0190,66.48,yes
2026-10-05T00:28:44.38283Z,KXBTC15M-26OCT042030-30,0.0190,25.00,yes
2026-10-05T00:28:44.424854Z,KXBTC15M-26OCT042030-30,0.0200,50.00,yes
2026-10-05T00:28:44.424854Z,KXBTC15M-26OCT042030-30,0.0190,0.01,yes
2026-10-05T00:28:44.424854Z,KXBTC15M-26OCT042030-30,0.0210,437.90,yes
2026-10-05T00:28:44.424854Z,KXBTC15M-26OCT042030-30,0.0190,0.01,yes
2026-10-05T00:28:44.424854Z,KXBTC15M-26OCT042030-30,0.0200,2.00,yes
2026-10-05T00:28:44.436011Z,KXBTC15M-26OCT042030-30,0.0200,1.00,no
2026-10-05T00:28:44.441322Z,KXBTC15M-26OCT042030-30,0.0210,12.55,yes
2026-10-05T00:28:44.441322Z,KXBTC15M-26OCT042030-30,0.0210,2.00,yes
2026-10-05T00:28:44.447476Z,KXBTC15M-26OCT042030-30,0.0210,78.43,yes
2026-10-05T00:28:44.452475Z,KXBTC15M-26OCT042030-30,0.0210,10.60,yes
2026-10-05T00:28:44.45313Z,KXBTC15M-26OCT042030-30,0.0200,7.10,no
2026-10-05T00:28:44.456611Z,KXBTC15M-26OCT042030-30,0.0210,46.00,yes
2026-10-05T00:28:44.464557Z,KXBTC15M-26OCT042030-30,0.0210,0.53,yes
2026-10-05T00:28:44.476991Z,KXBTC15M-26OCT042030-30,0.0200,12.17,no
2026-10-05T00:28:44.480285Z,KXBTC15M-26OCT042030-30,0.0210,97.31,yes
2026-10-05T00:28:44.484817Z,KXBTC15M-26OCT042030-30,0.0210,0.01,yes
2026-10-05T00:28:44.484817Z,KXBTC15M-26OCT042030-30,0.0210,0.01,yes
2026-10-05T00:28:44.484817Z,KXBTC15M-26OCT042030-30,0.0210,179.75,yes
2026-10-05T00:28:44.484817Z,KXBTC15M-26OCT042030-30,0.0220,59.13,yes
2026-10-05T00:28:44.485813Z,KXBTC15M-26OCT042030-30,0.0220,10.70,yes
2026-10-05T00:28:44.485813Z,KXBTC15M-26OCT042030-30,0.0220,132.56,yes
2026-10-05T00:28:44.497171Z,KXBTC15M-26OCT042030-30,0.0210,47.41,no
2026-10-05T00:28:44.507227Z,KXBTC15M-26OCT042030-30,0.0220,200.00,yes
2026-10-05T00:28:44.518907Z,KXBTC15M-26OCT042030-30,0.0220,121.83,yes
2026-10-05T00:28:44.524695Z,KXBTC15M-26OCT042030-30,0.0220,4.00,yes
2026-10-05T00:28:44.57494Z,KXBTC15M-26OCT042030-30,0.0220,3.27,yes
2026-10-05T00:28:44.576159Z,KXBTC15M-26OCT042030-30,0.0220,14.70,yes
2026-10-05T00:28:44.578619Z,KXBTC15M-26OCT042030-30,0.0210,101.89,no
2026-10-05T00:28:44.617802Z,KXBTC15M-26OCT042030-30,0.0220,0.01,yes
2026-10-05T00:28:44.617802Z,KXBTC15M-26OCT042030-30,0.0220,0.01,yes
2026-10-05T00:28:44.617802Z,KXBTC15M-26OCT042030-30,0.0220,1.00,yes
2026-10-05T00:28:44.617802Z,KXBTC15M-26OCT042030-30,0.0220,35.64,yes
2026-10-05T00:28:44.617802Z,KXBTC15M-26OCT042030-30,0.0230,10.58,yes
2026-10-05T00:28:44.626776Z,KXBTC15M-26OCT042030-30,0.0230,83.17,yes
2026-10-05T00:28:44.627783Z,KXBTC15M-26OCT042030-30,0.0220,50.00,no
2026-10-05T00:28:44.666094Z,KXBTC15M-26OCT042030-30,0.0230,34.00,yes
2026-10-05T00:28:44.670272Z,KXBTC15M-26OCT042030-30,0.0230,740.00,yes
2026-10-05T00:28:44.67302Z,KXBTC15M-26OCT042030-30,0.0220,100.00,no
2026-10-05T00:28:44.674002Z,KXBTC15M-26OCT042030-30,0.0230,8.30,yes
2026-10-05T00:28:44.679604Z,KXBTC15M-26OCT042030-30,0.0230,1.00,yes
2026-10-05T00:28:44.702664Z,KXBTC15M-26OCT042030-30,0.0220,98.98,no
2026-10-05T00:28:44.702664Z,KXBTC15M-26OCT042030-30,0.0220,0.01,no
2026-10-05T00:28:44.702664Z,KXBTC15M-26OCT042030-30,0.0220,0.01,no
2026-10-05T00:28:44.702854Z,KXBTC15M-26OCT042030-30,0.0220,48.98,no
2026-10-05T00:28:44.702854Z,KXBTC15M-26OCT042030-30,0.0220,51.02,no
2026-10-05T00:28:44.71185Z,KXBTC15M-26OCT042030-30,0.0220,3.00,no
2026-10-05T00:28:44.712059Z,KXBTC15M-26OCT042030-30,0.0220,6.00,no
2026-10-05T00:28:44.728843Z,KXBTC15M-26OCT042030-30,0.0230,40.08,yes
2026-10-05T00:28:44.734996Z,KXBTC15M-26OCT042030-30,0.0230,1.08,yes
2026-10-05T00:28:44.753702Z,KXBTC15M-26OCT042030-30,0.0230,12.42,yes
2026-10-05T00:28:44.760484Z,KXBTC15M-26OCT042030-30,0.0230,47.34,yes
2026-10-05T00:28:44.79129Z,KXBTC15M-26OCT042030-30,0.0230,14.03,yes
2026-10-05T00:28:44.79129Z,KXBTC15M-26OCT042030-30,0.0230,185.97,yes
2026-10-05T00:28:44.806333Z,KXBTC15M-26OCT042030-30,0.0220,126.70,no
2026-10-05T00:28:44.806333Z,KXBTC15M-26OCT042030-30,0.0220,0.01,no
2026-10-05T00:28:44.806333Z,KXBTC15M-26OCT042030-30,0.0220,8.02,no
2026-10-05T00:28:44.806333Z,KXBTC15M-26OCT042030-30,0.0220,0.01,no
2026-10-05T00:28:44.809722Z,KXBTC15M-26OCT042030-30,0.0230,2.00,yes
2026-10-05T00:28:44.809722Z,KXBTC15M-26OCT042030-30,0.0230,7.00,yes
2026-10-05T00:28:44.809722Z,KXBTC15M-26OCT042030-30,0.0230,0.01,yes
2026-10-05T00:28:44.809722Z,KXBTC15M-26OCT042030-30,0.0230,0.01,yes
2026-10-05T00:28:44.809722Z,KXBTC15M-26OCT042030-30,0.0230,490.57,yes
2026-10-05T00:28:44.809722Z,KXBTC15M-26OCT042030-30,0.0230,314.03,yes
2026-10-05T00:28:44.816064Z,KXBTC15M-26OCT042030-30,0.0230,3.49,yes
2026-10-05T00:28:44.817573Z,KXBTC15M-26OCT042030-30,0.0230,113.54,yes
2026-10-05T00:28:44.825197Z,KXBTC15M-26OCT042030-30,0.0230,32.85,yes
2026-10-05T00:28:44.831247Z,KXBTC15M-26OCT042030-30,0.0230,106.66,yes
2026-10-05T00:28:44.832958Z,KXBTC15M-26OCT042030-30,0.0110,11.40,no
2026-10-05T00:28:44.832958Z,KXBTC15M-26OCT042030-30,0.0110,63.32,no
2026-10-05T00:28:44.832958Z,KXBTC15M-26OCT042030-30,0.0220,0.01,no
2026-10-05T00:28:44.832958Z,KXBTC15M-26OCT042030-30,0.0200,50.00,no
2026-10-05T00:28:44.832958Z,KXBTC15M-26OCT042030-30,0.0200,500.00,no
2026-10-05T00:28:44.832958Z,KXBTC15M-26OCT042030-30,0.0120,500.00,no
2026-10-05T00:28:44.832958Z,KXBTC15M-26OCT042030-30,0.0220,23.30,no
2026-10-05T00:28:44.832958Z,KXBTC15M-26OCT042030-30,0.0140,13.00,no
2026-10-05T00:28:44.832958Z,KXBTC15M-26OCT042030-30,0.0220,0.01,no
2026-10-05T00:28:44.832958Z,KXBTC15M-26OCT042030-30,0.0130,827.11,no
2026-10-05T00:28:44.835813Z,KXBTC15M-26OCT042030-30,0.0230,9.72,yes
2026-10-05T00:28:44.854047Z,KXBTC15M-26OCT042030-30,0.0120,3.38,yes
2026-10-05T00:28:44.893193Z,KXBTC15M-26OCT042030-30,0.0120,0.01,yes
2026-10-05T00:28:44.893193Z,KXBTC15M-26OCT042030-30,0.0140,2.00,yes
2026-10-05T00:28:44.893193Z,KXBTC15M-26OCT042030-30,0.0150,42.96,yes
2026-10-05T00:28:44.893193Z,KXBTC15M-26OCT042030-30,0.0140,0.01,yes
2026-10-05T00:28:44.893193Z,KXBTC15M-26OCT042030-30,0.0120,0.01,yes
2026-10-05T00:28:44.893193Z,KXBTC15M-26OCT042030-30,0.0150,2.00,yes
2026-10-05T00:28:44.893193Z,KXBTC15M-26OCT042030-30,0.0140,0.01,yes
2026-10-05T00:28:44.893193Z,KXBTC15M-26OCT042030-30,0.0120,63.32,yes
2026-10-05T00:28:44.893193Z,KXBTC15M-26OCT042030-30,0.0120,6.62,yes
2026-10-05T00:28:44.903649Z,KXBTC15M-26OCT042030-30,0.0160,3.67,yes
2026-10-05T00:28:44.925863Z,KXBTC15M-26OCT042030-30,0.0160,2.00,yes
2026-10-05T00:28:44.938476Z,KXBTC15M-26OCT042030-30,0.0160,10.00,yes
2026-10-05T00:28:44.940203Z,KXBTC15M-26OCT042030-30,0.0160,8.04,yes
2026-10-05T00:28:44.940203Z,KXBTC15M-26OCT042030-30,0.0160,48.33,yes
2026-10-05T00:28:44.944025Z,KXBTC15M-26OCT042030-30,0.0160,0.01,yes
2026-10-05T00:28:44.944025Z,KXBTC15M-26OCT042030-30,0.0160,430.22,yes
2026-10-05T00:28:44.944025Z,KXBTC15M-26OCT042030-30,0.0160,0.01,yes
2026-10-05T00:28:44.944025Z,KXBTC15M-26OCT042030-30,0.0160,4.96,yes
2026-10-05T00:28:44.944025Z,KXBTC15M-26OCT042030-30,0.0160,1.00,yes
2026-10-05T00:28:44.951677Z,KXBTC15M-26OCT042030-30,0.0160,197.80,yes
2026-10-05T00:28:44.967857Z,KXBTC15M-26OCT042030-30,0.0160,2.00,yes
2026-10-05T00:28:44.977245Z,KXBTC15M-26OCT042030-30,0.0160,11.64,yes
2026-10-05T00:28:44.991554Z,KXBTC15M-26OCT042030-30,0.0160,46.34,yes
2026-10-05T00:28:44.995783Z,KXBTC15M-26OCT042030-30,0.0160,0.01,yes
2026-10-05T00:28:44.995783Z,KXBTC15M-26OCT042030-30,0.0160,112.00,yes
2026-10-05T00:28:44.995783Z,KXBTC15M-26OCT042030-30,0.0160,79.71,yes
2026-10-05T00:28:44.995783Z,KXBTC15M-26OCT042030-30,0.0160,0.01,yes
2026-10-05T00:28:44.995783Z,KXBTC15M-26OCT042030-30,0.0160,4.96,yes
2026-10-05T00:28:44.995783Z,KXBTC15M-26OCT042030-30,0.0160,8.04,yes
2026-10-05T00:28:45.002182Z,KXBTC15M-26OCT042030-30,0.0160,248.46,yes
2026-10-05T00:28:45.002182Z,KXBTC15M-26OCT042030-30,0.0160,420.54,yes
2026-10-05T00:28:45.007075Z,KXBTC15M-26OCT042030-30,0.0160,15.00,yes
2026-10-05T00:28:45.008634Z,KXBTC15M-26OCT042030-30,0.0160,0.01,yes
2026-10-05T00:28:45.008634Z,KXBTC15M-26OCT042030-30,0.0160,13.00,yes
2026-10-05T00:28:45.008634Z,KXBTC15M-26OCT042030-30,0.0160,0.01,yes
2026-10-05T00:28:45.008634Z,KXBTC15M-26OCT042030-30,0.0170,241.19,yes
2026-10-05T00:28:45.012654Z,KXBTC15M-26OCT042030-30,0.0170,15.00,yes
2026-10-05T00:28:45.013977Z,KXBTC15M-26OCT042030-30,0.0160,13.00,yes
2026-10-05T00:28:45.013977Z,KXBTC15M-26OCT042030-30,0.0170,26.31,yes
2026-10-05T00:28:45.023475Z,KXBTC15M-26OCT042030-30,0.0170,53.93,yes
2026-10-05T00:28:45.025173Z,KXBTC15M-26OCT042030-30,0.0160,13.00,yes
2026-10-05T00:28:45.025173Z,KXBTC15M-26OCT042030-30,0.0170,75.13,yes
2026-10-05T00:28:45.026776Z,KXBTC15M-26OCT042030-30,0.0110,68.94,no
2026-10-05T00:28:45.026776Z,KXBTC15M-26OCT042030-30,0.0120,1.00,no
2026-10-05T00:28:45.026776Z,KXBTC15M-26OCT042030-30,0.0150,0.01,no
2026-10-05T00:28:45.026776Z,KXBTC15M-26OCT042030-30,0.0150,0.01,no
2026-10-05T00:28:45.032069Z,KXBTC15M-26OCT042030-30,0.0160,0.01,yes
2026-10-05T00:28:45.032069Z,KXBTC15M-26OCT042030-30,0.0160,5.88,yes
2026-10-05T00:28:45.043485Z,KXBTC15M-26OCT042030-30,0.0160,0.98,yes
2026-10-05T00:28:45.043485Z,KXBTC15M-26OCT042030-30,0.0160,0.01,yes
2026-10-05T00:28:45.043485Z,KXBTC15M-26OCT042030-30,0.0160,0.01,yes
2026-10-05T00:28:45.053516Z,KXBTC15M-26OCT042030-30,0.0150,2.98,no
2026-10-05T00:28:45.056859Z,KXBTC15M-26OCT042030-30,0.0110,270.83,no
2026-10-05T00:28:45.056859Z,KXBTC15M-26OCT042030-30,0.0110,8.75,no
2026-10-05T00:28:45.056859Z,KXBTC15M-26OCT042030-30,0.0150,1.95,no
2026-10-05T00:28:45.056859Z,KXBTC15M-26OCT042030-30,0.0150,48.02,no
2026-10-05T00:28:45.068669Z,KXBTC15M-26OCT042030-30,0.0120,10.00,yes
2026-10-05T00:28:45.068669Z,KXBTC15M-26OCT042030-30,0.0150,64.00,yes
2026-10-05T00:28:45.068669Z,KXBTC15M-26OCT042030-30,0.0120,2.00,yes
2026-10-05T00:28:45.068669Z,KXBTC15M-26OCT042030-30,0.0160,0.92,yes
2026-10-05T00:28:45.088395Z,KXBTC15M-26OCT042030-30,0.0150,0.01,yes
2026-10-05T00:28:45.088395Z,KXBTC15M-26OCT042030-30,0.0150,0.01,yes
2026-10-05T00:28:45.088395Z,KXBTC15M-26OCT042030-30,0.0160,0.98,yes
2026-10-05T00:28:45.121871Z,KXBTC15M-26OCT042030-30,0.0120,1.00,no
2026-10-05T00:28:45.144147Z,KXBTC15M-26OCT042030-30,0.0160,0.01,yes
2026-10-05T00:28:45.144147Z,KXBTC15M-26OCT042030-30,0.0160,52.00,yes
2026-10-05T00:28:45.144147Z,KXBTC15M-26OCT042030-30,0.0150,0.01,yes
2026-10-05T00:28:45.144147Z,KXBTC15M-26OCT042030-30,0.0150,0.01,yes
2026-10-05T00:28:45.144147Z,KXBTC15M-26OCT042030-30,0.0160,2.00,yes
2026-10-05T00:28:45.144147Z,KXBTC15M-26OCT042030-30,0.0150,1.00,yes
2026-10-05T00:28:45.144147Z,KXBTC15M-26OCT042030-30,0.0160,0.01,yes
2026-10-05T00:28:45.144147Z,KXBTC15M-26OCT042030-30,0.0170,42.41,yes
2026-10-05T00:28:45.159259Z,KXBTC15M-26OCT042030-30,0.0170,2.00,yes
2026-10-05T00:28:45.171999Z,KXBTC15M-26OCT042030-30,0.0120,287.61,no
2026-10-05T00:28:45.172141Z,KXBTC15M-26OCT042030-30,0.0110,29.17,no
2026-10-05T00:28:45.172141Z,KXBTC15M-26OCT042030-30,0.0110,8.85,no
2026-10-05T00:28:45.172141Z,KXBTC15M-26OCT042030-30,0.0120,36.16,no
2026-10-05T00:28:45.172141Z,KXBTC15M-26OCT042030-30,0.0120,0.01,no
2026-10-05T00:28:45.172141Z,KXBTC15M-26OCT042030-30,0.0120,15.00,no
2026-10-05T00:28:45.172141Z,KXBTC15M-26OCT042030-30,0.0120,0.01,no
2026-10-05T00:28:45.181997Z,KXBTC15M-26OCT042030-30,0.0160,0.01,yes
2026-10-05T00:28:45.181997Z,KXBTC15M-26OCT042030-30,0.0160,16.98,yes
2026-10-05T00:28:45.181997Z,KXBTC15M-26OCT042030-30,0.0160,0.01,yes
2026-10-05T00:28:45.196283Z,KXBTC15M-26OCT042030-30,0.0150,3.40,yes
2026-10-05T00:28:45.229551Z,KXBTC15M-26OCT042030-30,0.0150,5.45,yes
2026-10-05T00:28:45.229551Z,KXBTC15M-26OCT042030-30,0.0160,0.01,yes
2026-10-05T00:28:45.229551Z,KXBTC15M-26OCT042030-30,0.0140,1.00,yes
2026-10-05T00:28:45.229551Z,KXBTC15M-26OCT042030-30,0.0150,0.01,yes
2026-10-05T00:28:45.229551Z,KXBTC15M-26OCT042030-30,0.0160,0.01,yes
2026-10-05T00:28:45.229551Z,KXBTC15M-26OCT042030-30,0.0150,0.01,yes
2026-10-05T00:28:45.229551Z,KXBTC15M-26OCT042030-30,0.0170,26.81,yes
2026-10-05T00:28:45.230975Z,KXBTC15M-26OCT042030-30,0.0170,12.90,yes
2026-10-05T00:28:45.232395Z,KXBTC15M-26OCT042030-30,0.0120,0.01,no
2026-10-05T00:28:45.232395Z,KXBTC15M-26OCT042030-30,0.0120,2.22,no
2026-10-05T00:28:45.251479Z,KXBTC15M-26OCT042030-30,0.0130,20.22,no
2026-10-05T00:28:45.307423Z,KXBTC15M-26OCT042030-30,0.0140,0.01,yes
2026-10-05T00:28:45.307423Z,KXBTC15M-26OCT042030-30,0.0140,0.01,yes
2026-10-05T00:28:45.322463Z,KXBTC15M-26OCT042030-30,0.0140,0.01,yes
2026-10-05T00:28:45.322463Z,KXBTC15M-26OCT042030-30,0.0170,10.00,yes
2026-10-05T00:28:45.322463Z,KXBTC15M-26OCT042030-30,0.0170,2.00,yes
2026-10-05T00:28:45.322463Z,KXBTC15M-26OCT042030-30,0.0170,7.00,yes
2026-10-05T00:28:45.322463Z,KXBTC15M-26OCT042030-30,0.0180,2.00,yes
2026-10-05T00:28:45.322463Z,KXBTC15M-26OCT042030-30,0.0140,0.01,yes
2026-10-05T00:28:45.322463Z,KXBTC15M-26OCT042030-30,0.0170,0.01,yes
2026-10-05T00:28:45.322463Z,KXBTC15M-26OCT042030-30,0.0190,5.12,yes
2026-10-05T00:28:45.340034Z,KXBTC15M-26OCT042030-30,0.0130,2.04,no
2026-10-05T00:28:45.346581Z,KXBTC15M-26OCT042030-30,0.0140,0.01,yes
2026-10-05T00:28:45.346581Z,KXBTC15M-26OCT042030-30,0.0180,0.98,yes
2026-10-05T00:28:45.346581Z,KXBTC15M-26OCT042030-30,0.0140,0.01,yes
2026-10-05T00:28:45.349709Z,KXBTC15M-26OCT042030-30,0.0180,26.15,yes
2026-10-05T00:28:45.376472Z,KXBTC15M-26OCT042030-30,0.0140,0.01,yes
2026-10-05T00:28:45.376472Z,KXBTC15M-26OCT042030-30,0.0180,49.99,yes
2026-10-05T00:28:45.404185Z,KXBTC15M-26OCT042030-30,0.0130,0.01,no
2026-10-05T00:28:45.404185Z,KXBTC15M-26OCT042030-30,0.0130,30.31,no
2026-10-05T00:28:45.404185Z,KXBTC15M-26OCT042030-30,0.0130,0.01,no
2026-10-05T00:28:45.406921Z,KXBTC15M-26OCT042030-30,0.0130,5.99,no
2026-10-05T00:28:45.411822Z,KXBTC15M-26OCT042030-30,0.0180,0.01,yes
2026-10-05T00:28:45.411822Z,KXBTC15M-26OCT042030-30,0.0170,0.01,yes
2026-10-05T00:28:45.411822Z,KXBTC15M-26OCT042030-30,0.0170,0.01,yes
2026-10-05T00:28:45.411822Z,KXBTC15M-26OCT042030-30,0.0180,0.01,yes
2026-10-05T00:28:45.411822Z,KXBTC15M-26OCT042030-30,0.0190,43.31,yes
2026-10-05T00:28:45.421028Z,KXBTC15M-26OCT042030-30,0.0130,5.05,no
2026-10-05T00:28:45.429525Z,KXBTC15M-26OCT042030-30,0.0180,65.73,yes
2026-10-05T00:28:45.455018Z,KXBTC15M-26OCT042030-30,0.0180,1.00,yes
2026-10-05T00:28:45.455018Z,KXBTC15M-26OCT042030-30,0.0180,183.02,yes
2026-10-05T00:28:45.455018Z,KXBTC15M-26OCT042030-30,0.0180,8.00,yes
2026-10-05T00:28:45.455018Z,KXBTC15M-26OCT042030-30,0.0180,0.01,yes
2026-10-05T00:28:45.455018Z,KXBTC15M-26OCT042030-30,0.0190,396.90,yes
2026-10-05T00:28:45.469467Z,KXBTC15M-26OCT042030-30,0.0190,0.01,yes
2026-10-05T00:28:45.469467Z,KXBTC15M-26OCT042030-30,0.0190,0.01,yes
2026-10-05T00:28:45.486671Z,KXBTC15M-26OCT042030-30,0.0200,10.36,yes
2026-10-05T00:28:45.530164Z,KXBTC15M-26OCT042030-30,0.0180,0.23,yes
2026-10-05T00:28:45.538619Z,KXBTC15M-26OCT042030-30,0.0180,0.77,yes
2026-10-05T00:28:45.538619Z,KXBTC15M-26OCT042030-30,0.0180,13.00,yes
2026-10-05T00:28:45.538619Z,KXBTC15M-26OCT042030-30,0.0190,109.50,yes
2026-10-05T00:28:45.547495Z,KXBTC15M-26OCT042030-30,0.0190,0.12,yes
2026-10-05T00:28:45.549382Z,KXBTC15M-26OCT042030-30,0.0200,0.01,yes
2026-10-05T00:28:45.549382Z,KXBTC15M-26OCT042030-30,0.0200,2.00,yes
2026-10-05T00:28:45.549382Z,KXBTC15M-26OCT042030-30,0.0200,39.64,yes
2026-10-05T00:28:45.549382Z,KXBTC15M-26OCT042030-30,0.0210,272.37,yes
2026-10-05T00:28:45.549382Z,KXBTC15M-26OCT042030-30,0.0190,499.88,yes
2026-10-05T00:28:45.567642Z,KXBTC15M-26OCT042030-30,0.0180,20.22,no
2026-10-05T00:28:45.572678Z,KXBTC15M-26OCT042030-30,0.0180,3.91,no
2026-10-05T00:28:45.604773Z,KXBTC15M-26OCT042030-30,0.0180,225.61,no
2026-10-05T00:28:45.608106Z,KXBTC15M-26OCT042030-30,0.0200,25.92,yes
2026-10-05T00:28:45.608106Z,KXBTC15M-26OCT042030-30,0.0190,9.00,yes
2026-10-05T00:28:45.635441Z,KXBTC15M-26OCT042030-30,0.0200,22.74,yes
2026-10-05T00:28:45.635441Z,KXBTC15M-26OCT042030-30,0.0190,1.00,yes
2026-10-05T00:28:45.658397Z,KXBTC15M-26OCT042030-30,0.0180,606.77,no
2026-10-05T00:28:45.678211Z,KXBTC15M-26OCT042030-30,0.0200,1.34,yes
2026-10-05T00:28:45.678211Z,KXBTC15M-26OCT042030-30,0.0200,0.66,yes
2026-10-05T00:28:45.683871Z,KXBTC15M-26OCT042030-30,0.0180,20.70,no
2026-10-05T00:28:45.705037Z,KXBTC15M-26OCT042030-30,0.0180,384.63,no
2026-10-05T00:28:45.705037Z,KXBTC15M-26OCT042030-30,0.0180,0.01,no
2026-10-05T00:28:45.705037Z,KXBTC15M-26OCT042030-30,0.0180,0.01,no
2026-10-05T00:28:45.715251Z,KXBTC15M-26OCT042030-30,0.0100,200.00,no
2026-10-05T00:28:45.715251Z,KXBTC15M-26OCT042030-30,0.0100,6.00,no
2026-10-05T00:28:45.715251Z,KXBTC15M-26OCT042030-30,0.0100,69.45,no
2026-10-05T00:28:45.715251Z,KXBTC15M-26OCT042030-30,0.0110,141.15,no
2026-10-05T00:28:45.715251Z,KXBTC15M-26OCT042030-30,0.0110,1.00,no
2026-10-05T00:28:45.715251Z,KXBTC15M-26OCT042030-30,0.0110,1.00,no
2026-10-05T00:28:45.715251Z,KXBTC15M-26OCT042030-30,0.0110,20.00,no
2026-10-05T00:28:45.715251Z,KXBTC15M-26OCT042030-30,0.0110,100.00,no
2026-10-05T00:28:45.715251Z,KXBTC15M-26OCT042030-30,0.0110,1.00,no
2026-10-05T00:28:45.715251Z,KXBTC15M-26OCT042030-30,0.0110,2.00,no
2026-10-05T00:28:45.715251Z,KXBTC15M-26OCT042030-30,0.0110,2.00,no
2026-10-05T00:28:45.715251Z,KXBTC15M-26OCT042030-30,0.0110,10.00,no
2026-10-05T00:28:45.715251Z,KXBTC15M-26OCT042030-30,0.0110,1.00,no
2026-10-05T00:28:45.715251Z,KXBTC15M-26OCT042030-30,0.0110,1.00,no
2026-10-05T00:28:45.715251Z,KXBTC15M-26OCT042030-30,0.0110,352.00,no
2026-10-05T00:28:45.715251Z,KXBTC15M-26OCT042030-30,0.0180,0.01,no
2026-10-05T00:28:45.715251Z,KXBTC15M-26OCT042030-30,0.0140,13.00,no
2026-10-05T00:28:45.715251Z,KXBTC15M-26OCT042030-30,0.0170,8.97,no
2026-10-05T00:28:45.715251Z,KXBTC15M-26OCT042030-30,0.0150,115.37,no
2026-10-05T00:28:45.715251Z,KXBTC15M-26OCT042030-30,0.0110,2.00,no
2026-10-05T00:28:45.715251Z,KXBTC15M-26OCT042030-30,0.0180,0.01,no
2026-10-05T00:28:45.715251Z,KXBTC15M-26OCT042030-30,0.0130,500.00,no
2026-10-05T00:28:45.715251Z,KXBTC15M-26OCT042030-30,0.0120,2.00,no
2026-10-05T00:28:45.715251Z,KXBTC15M-26OCT042030-30,0.0120,48.78,no
2026-10-05T00:28:45.715251Z,KXBTC15M-26OCT042030-30,0.0130,2.00,no
2026-10-05T00:28:45.715251Z,KXBTC15M-26OCT042030-30,0.0140,13.00,no
2026-10-05T00:28:45.715251Z,KXBTC15M-26OCT042030-30,0.0120,13.00,no
2026-10-05T00:28:45.733788Z,KXBTC15M-26OCT042030-30,0.0180,27.00,yes
2026-10-05T00:28:45.745339Z,KXBTC15M-26OCT042030-30,0.0170,0.01,no
2026-10-05T00:28:45.745339Z,KXBTC15M-26OCT042030-30,0.0170,0.01,no
2026-10-05T00:28:45.745876Z,KXBTC15M-26OCT042030-30,0.0130,3.65,yes
2026-10-05T00:28:45.747268Z,KXBTC15M-26OCT042030-30,0.0180,56.71,yes
2026-10-05T00:28:45.747268Z,KXBTC15M-26OCT042030-30,0.0130,41.78,yes
2026-10-05T00:28:45.771388Z,KXBTC15M-26OCT042030-30,0.0130,141.15,yes
2026-10-05T00:28:45.777564Z,KXBTC15M-26OCT042030-30,0.0140,55.75,yes
2026-10-05T00:28:45.777564Z,KXBTC15M-26OCT042030-30,0.0130,0.01,yes
2026-10-05T00:28:45.777564Z,KXBTC15M-26OCT042030-30,0.0130,0.01,yes
2026-10-05T00:28:45.787471Z,KXBTC15M-26OCT042030-30,0.0140,246.44,yes
2026-10-05T00:28:45.814211Z,KXBTC15M-26OCT042030-30,0.0100,9.91,no
2026-10-05T00:28:45.817061Z,KXBTC15M-26OCT042030-30,0.0100,233.38,no
2026-10-05T00:28:45.817061Z,KXBTC15M-26OCT042030-30,0.0130,92.98,no
2026-10-05T00:28:45.843094Z,KXBTC15M-26OCT042030-30,0.0140,12.31,yes
2026-10-05T00:28:45.846959Z,KXBTC15M-26OCT042030-30,0.0100,14.26,no
2026-10-05T00:28:45.846959Z,KXBTC15M-26OCT042030-30,0.0100,3.08,no
2026-10-05T00:28:45.846959Z,KXBTC15M-26OCT042030-30,0.0120,0.01,no
2026-10-05T00:28:45.846959Z,KXBTC15M-26OCT042030-30,0.0120,0.01,no
2026-10-05T00:28:45.846959Z,KXBTC15M-26OCT042030-30,0.0110,17.00,no
2026-10-05T00:28:45.846959Z,KXBTC15M-26OCT042030-30,0.0110,1.13,no
2026-10-05T00:28:45.846959Z,KXBTC15M-26OCT042030-30,0.0110,27.00,no
2026-10-05T00:28:45.850138Z,KXBTC15M-26OCT042030-30,0.0140,7.33,yes
2026-10-05T00:28:45.856807Z,KXBTC15M-26OCT042030-30,0.0130,6.90,no
2026-10-05T00:28:45.856807Z,KXBTC15M-26OCT042030-30,0.0130,0.01,no
2026-10-05T00:28:45.875851Z,KXBTC15M-26OCT042030-30,0.0140,109.30,yes
2026-10-05T00:28:45.879652Z,KXBTC15M-26OCT042030-30,0.0140,45.43,yes
2026-10-05T00:28:45.888342Z,KXBTC15M-26OCT042030-30,0.0100,150.00,no
2026-10-05T00:28:45.888342Z,KXBTC15M-26OCT042030-30,0.0100,72.00,no
2026-10-05T00:28:45.888342Z,KXBTC15M-26OCT042030-30,0.0100,512.00,no
2026-10-05T00:28:45.888342Z,KXBTC15M-26OCT042030-30,0.0100,508.92,no
2026-10-05T00:28:45.888342Z,KXBTC15M-26OCT042030-30,0.0100,512.00,no
2026-10-05T00:28:45.888342Z,KXBTC15M-26OCT042030-30,0.0100,98.00,no
2026-10-05T00:28:45.888342Z,KXBTC15M-26OCT042030-30,0.0100,1.00,no
2026-10-05T00:28:45.888342Z,KXBTC15M-26OCT042030-30,0.0100,352.00,no
2026-10-05T00:28:45.888342Z,KXBTC15M-26OCT042030-30,0.0100,4.66,no
2026-10-05T00:28:45.888342Z,KXBTC15M-26OCT042030-30,0.0100,1.00,no
2026-10-05T00:28:45.888342Z,KXBTC15M-26OCT042030-30,0.0110,17.00,no
2026-10-05T00:28:45.888342Z,KXBTC15M-26OCT042030-30,0.0130,500.00,no
2026-10-05T00:28:45.888342Z,KXBTC15M-26OCT042030-30,0.0130,0.01,no
2026-10-05T00:28:45.888342Z,KXBTC15M-26OCT042030-30,0.0130,0.01,no
2026-10-05T00:28:45.888342Z,KXBTC15M-26OCT042030-30,0.0120,31.69,no
2026-10-05T00:28:45.888342Z,KXBTC15M-26OCT042030-30,0.0130,31.69,no
2026-10-05T00:28:45.889175Z,KXBTC15M-26OCT042030-30,0.0140,0.01,yes
2026-10-05T00:28:45.889175Z,KXBTC15M-26OCT042030-30,0.0140,22.75,yes
2026-10-05T00:28:45.889175Z,KXBTC15M-26OCT042030-30,0.0140,0.01,yes
2026-10-05T00:28:45.899147Z,KXBTC15M-26OCT042030-30,0.0140,11.82,yes
2026-10-05T00:28:45.902036Z,KXBTC15M-26OCT042030-30,0.0140,49.25,yes
2026-10-05T00:28:45.902447Z,KXBTC15M-26OCT042030-30,0.0140,50.00,yes
2026-10-05T00:28:45.917875Z,KXBTC15M-26OCT042030-30,0.0120,0.20,no
2026-10-05T00:28:45.917875Z,KXBTC15M-26OCT042030-30,0.0120,0.01,no
2026-10-05T00:28:45.917875Z,KXBTC15M-26OCT042030-30,0.0120,0.01,no
2026-10-05T00:28:45.918208Z,KXBTC15M-26OCT042030-30,0.0130,0.01,yes
2026-10-05T00:28:45.918208Z,KXBTC15M-26OCT042030-30,0.0130,150.00,yes
2026-10-05T00:28:45.918208Z,KXBTC15M-26OCT042030-30,0.0130,0.01,yes
2026-10-05T00:28:45.923525Z,KXBTC15M-26OCT042030-30,0.0110,8.67,no
2026-10-05T00:28:45.923525Z,KXBTC15M-26OCT042030-30,0.0120,317.54,no
2026-10-05T00:28:45.923525Z,KXBTC15M-26OCT042030-30,0.0110,17.00,no
2026-10-05T00:28:45.933045Z,KXBTC15M-26OCT042030-30,0.0130,49.25,yes
2026-10-05T00:28:45.942618Z,KXBTC15M-26OCT042030-30,0.0130,103.13,yes
2026-10-05T00:28:45.942618Z,KXBTC15M-26OCT042030-30,0.0130,0.01,yes
2026-10-05T00:28:45.942618Z,KXBTC15M-26OCT042030-30,0.0130,0.01,yes
2026-10-05T00:28:45.942618Z,KXBTC15M-26OCT042030-30,0.0130,103.73,yes
2026-10-05T00:28:45.950881Z,KXBTC15M-26OCT042030-30,0.0130,11.36,yes
2026-10-05T00:28:45.995365Z,KXBTC15M-26OCT042030-30,0.0130,57.34,yes
2026-10-05T00:28:46.005884Z,KXBTC15M-26OCT042030-30,0.0130,22.19,yes
2026-10-05T00:28:46.010272Z,KXBTC15M-26OCT042030-30,0.0130,237.59,yes
2026-10-05T00:28:46.029248Z,KXBTC15M-26OCT042030-30,0.0120,15.00,no
2026-10-05T00:28:46.029248Z,KXBTC15M-26OCT042030-30,0.0120,0.01,no
2026-10-05T00:28:46.029248Z,KXBTC15M-26OCT042030-30,0.0120,200.00,no
2026-10-05T00:28:46.029248Z,KXBTC15M-26OCT042030-30,0.0120,1.12,no
2026-10-05T00:28:46.029248Z,KXBTC15M-26OCT042030-30,0.0120,0.01,no
2026-10-05T00:28:46.029248Z,KXBTC15M-26OCT042030-30,0.0110,263.19,no
2026-10-05T00:28:46.029248Z,KXBTC15M-26OCT042030-30,0.0120,19.01,no
2026-10-05T00:28:46.034044Z,KXBTC15M-26OCT042030-30,0.0120,99.46,no
2026-10-05T00:28:46.03733Z,KXBTC15M-26OCT042030-30,0.0130,49.25,yes
2026-10-05T00:28:46.040494Z,KXBTC15M-26OCT042030-30,0.0130,0.30,yes
2026-10-05T00:28:46.045365Z,KXBTC15M-26OCT042030-30,0.0130,5.96,yes
2026-10-05T00:28:46.052293Z,KXBTC15M-26OCT042030-30,0.0120,100.93,no
2026-10-05T00:28:46.063994Z,KXBTC15M-26OCT042030-30,0.0130,112.22,yes
2026-10-05T00:28:46.063994Z,KXBTC15M-26OCT042030-30,0.0130,21.20,yes
2026-10-05T00:28:46.09184Z,KXBTC15M-26OCT042030-30,0.0130,8.00,yes
2026-10-05T00:28:46.093274Z,KXBTC15M-26OCT042030-30,0.0110,463.76,no
2026-10-05T00:28:46.093274Z,KXBTC15M-26OCT042030-30,0.0120,299.61,no
2026-10-05T00:28:46.093274Z,KXBTC15M-26OCT042030-30,0.0120,231.01,no
2026-10-05T00:28:46.093274Z,KXBTC15M-26OCT042030-30,0.0120,15.00,no
2026-10-05T00:28:46.093274Z,KXBTC15M-26OCT042030-30,0.0120,0.01,no
2026-10-05T00:28:46.093274Z,KXBTC15M-26OCT042030-30,0.0120,0.01,no
2026-10-05T00:28:46.094576Z,KXBTC15M-26OCT042030-30,0.0130,250.00,yes
2026-10-05T00:28:46.121291Z,KXBTC15M-26OCT042030-30,0.0130,32.23,yes
2026-10-05T00:28:46.121291Z,KXBTC15M-26OCT042030-30,0.0120,15.00,yes
2026-10-05T00:28:46.121291Z,KXBTC15M-26OCT042030-30,0.0120,0.01,yes
2026-10-05T00:28:46.121291Z,KXBTC15M-26OCT042030-30,0.0120,2.00,yes
2026-10-05T00:28:46.121291Z,KXBTC15M-26OCT042030-30,0.0120,0.01,yes
2026-10-05T00:28:46.121699Z,KXBTC15M-26OCT042030-30,0.0100,24.34,no
2026-10-05T00:28:46.121699Z,KXBTC15M-26OCT042030-30,0.0100,29.83,no
2026-10-05T00:28:46.121699Z,KXBTC15M-26OCT042030-30,0.0100,9.85,no
2026-10-05T00:28:46.121699Z,KXBTC15M-26OCT042030-30,0.0100,222.43,no
2026-10-05T00:28:46.121699Z,KXBTC15M-26OCT042030-30,0.0100,6.63,no
2026-10-05T00:28:46.121699Z,KXBTC15M-26OCT042030-30,0.0100,17.00,no
2026-10-05T00:28:46.121699Z,KXBTC15M-26OCT042030-30,0.0100,13.59,no
2026-10-05T00:28:46.121699Z,KXBTC15M-26OCT042030-30,0.0100,30.77,no
2026-10-05T00:28:46.121699Z,KXBTC15M-26OCT042030-30,0.0100,14.62,no
2026-10-05T00:28:46.121699Z,KXBTC15M-26OCT042030-30,0.0100,30.77,no
2026-10-05T00:28:46.121699Z,KXBTC15M-26OCT042030-30,0.0100,0.35,no
2026-10-05T00:28:46.121699Z,KXBTC15M-26OCT042030-30,0.0100,6.58,no
2026-10-05T00:28:46.121699Z,KXBTC15M-26OCT042030-30,0.0100,3.28,no
2026-10-05T00:28:46.121699Z,KXBTC15M-26OCT042030-30,0.0100,76.92,no
2026-10-05T00:28:46.121699Z,KXBTC15M-26OCT042030-30,0.0100,16.42,no
2026-10-05T00:28:46.121699Z,KXBTC15M-26OCT042030-30,0.0100,0.19,no
2026-10-05T00:28:46.121699Z,KXBTC15M-26OCT042030-30,0.0100,5.55,no
2026-10-05T00:28:46.121699Z,KXBTC15M-26OCT042030-30,0.0100,11.11,no
2026-10-05T00:28:46.121699Z,KXBTC15M-26OCT042030-30,0.0100,0.24,no
2026-10-05T00:28:46.121699Z,KXBTC15M-26OCT042030-30,0.0100,5.55,no
2026-10-05T00:28:46.121699Z,KXBTC15M-26OCT042030-30,0.0100,26.26,no
2026-10-05T00:28:46.121699Z,KXBTC15M-26OCT042030-30,0.0100,1.57,no
2026-10-05T00:28:46.121699Z,KXBTC15M-26OCT042030-30,0.0100,5.00,no
2026-10-05T00:28:46.121699Z,KXBTC15M-26OCT042030-30,0.0100,0.46,no
2026-10-05T00:28:46.121699Z,KXBTC15M-26OCT042030-30,0.0100,9.23,no
2026-10-05T00:28:46.121699Z,KXBTC15M-26OCT042030-30,0.0100,19.00,no
2026-10-05T00:28:46.121699Z,KXBTC15M-26OCT042030-30,0.0100,22.56,no
2026-10-05T00:28:46.121699Z,KXBTC15M-26OCT042030-30,0.0100,3.65,no
2026-10-05T00:28:46.121699Z,KXBTC15M-26OCT042030-30,0.0080,1.00,no
2026-10-05T00:28:46.121699Z,KXBTC15M-26OCT042030-30,0.0090,1.00,no
2026-10-05T00:28:46.121699Z,KXBTC15M-26OCT042030-30,0.0070,1071.60,no
2026-10-05T00:28:46.121699Z,KXBTC15M-26OCT042030-30,0.0070,1280.00,no
2026-10-05T00:28:46.121699Z,KXBTC15M-26OCT042030-30,0.0090,120.00,no
2026-10-05T00:28:46.121699Z,KXBTC15M-26OCT042030-30,0.0080,120.00,no
2026-10-05T00:28:46.121699Z,KXBTC15M-26OCT042030-30,0.0100,69.44,no
2026-10-05T00:28:46.121699Z,KXBTC15M-26OCT042030-30,0.0100,0.95,no
2026-10-05T00:28:46.121699Z,KXBTC15M-26OCT042030-30,0.0100,1.70,no
2026-10-05T00:28:46.121699Z,KXBTC15M-26OCT042030-30,0.0100,1.70,no
2026-10-05T00:28:46.121699Z,KXBTC15M-26OCT042030-30,0.0100,3.52,no
2026-10-05T00:28:46.121699Z,KXBTC15M-26OCT042030-30,0.0100,68.00,no
2026-10-05T00:28:46.121699Z,KXBTC15M-26OCT042030-30,0.0100,35.23,no
2026-10-05T00:28:46.121699Z,KXBTC15M-26OCT042030-30,0.0100,13.60,no
2026-10-05T00:28:46.121699Z,KXBTC15M-26OCT042030-30,0.0100,0.06,no
2026-10-05T00:28:46.121699Z,KXBTC15M-26OCT042030-30,0.0100,1.17,no
2026-10-05T00:28:46.121699Z,KXBTC15M-26OCT042030-30,0.0100,19.06,no
2026-10-05T00:28:46.121699Z,KXBTC15M-26OCT042030-30,0.0100,0.21,no
2026-10-05T00:28:46.121699Z,KXBTC15M-26OCT042030-30,0.0100,101.30,no
2026-10-05T00:28:46.121699Z,KXBTC15M-26OCT042030-30,0.0100,1.33,no
2026-10-05T00:28:46.121699Z,KXBTC15M-26OCT042030-30,0.0100,14.05,no
2026-10-05T00:28:46.121699Z,KXBTC15M-26OCT042030-30,0.0100,56.22,no
2026-10-05T00:28:46.121699Z,KXBTC15M-26OCT042030-30,0.0100,29.83,no
2026-10-05T00:28:46.121699Z,KXBTC15M-26OCT042030-30,0.0100,20.00,no
2026-10-05T00:28:46.121699Z,KXBTC15M-26OCT042030-30,0.0100,9.19,no
2026-10-05T00:28:46.121699Z,KXBTC15M-26OCT042030-30,0.0100,1.00,no
2026-10-05T00:28:46.121699Z,KXBTC15M-26OCT042030-30,0.0100,200.00,no
2026-10-05T00:28:46.121699Z,KXBTC15M-26OCT042030-30,0.0100,22.36,no
2026-10-05T00:28:46.121699Z,KXBTC15M-26OCT042030-30,0.0100,200.00,no
2026-10-05T00:28:46.121699Z,KXBTC15M-26OCT042030-30,0.0100,15.88,no
2026-10-05T00:28:46.121699Z,KXBTC15M-26OCT042030-30,0.0100,20.34,no
2026-10-05T00:28:46.121699Z,KXBTC15M-26OCT042030-30,0.0100,5.33,no
2026-10-05T00:28:46.121699Z,KXBTC15M-26OCT042030-30,0.0100,12.70,no
2026-10-05T00:28:46.121699Z,KXBTC15M-26OCT042030-30,0.0100,255.62,no
2026-10-05T00:28:46.121699Z,KXBTC15M-26OCT042030-30,0.0100,28.00,no
2026-10-05T00:28:46.121699Z,KXBTC15M-26OCT042030-30,0.0100,12.38,no
2026-10-05T00:28:46.121699Z,KXBTC15M-26OCT042030-30,0.0100,0.24,no
2026-10-05T00:28:46.121699Z,KXBTC15M-26OCT042030-30,0.0100,7.33,no
2026-10-05T00:28:46.121699Z,KXBTC15M-26OCT042030-30,0.0100,43.24,no
2026-10-05T00:28:46.121699Z,KXBTC15M-26OCT042030-30,0.0100,47.75,no
2026-10-05T00:28:46.121699Z,KXBTC15M-26OCT042030-30,0.0100,2.37,no
2026-10-05T00:28:46.121699Z,KXBTC15M-26OCT042030-30,0.0100,10.59,no
2026-10-05T00:28:46.121699Z,KXBTC15M-26OCT042030-30,0.0100,1.33,no
2026-10-05T00:28:46.121699Z,KXBTC15M-26OCT042030-30,0.0100,34.97,no
2026-10-05T00:28:46.121699Z,KXBTC15M-26OCT042030-30,0.0100,279.83,no
2026-10-05T00:28:46.121699Z,KXBTC15M-26OCT042030-30,0.0100,2.87,no
2026-10-05T00:28:46.121699Z,KXBTC15M-26OCT042030-30,0.0100,1.40,no
2026-10-05T00:28:46.121699Z,KXBTC15M-26OCT042030-30,0.0100,1.36,no
2026-10-05T00:28:46.121699Z,KXBTC15M-26OCT042030-30,0.0100,63.90,no
2026-10-05T00:28:46.121699Z,KXBTC15M-26OCT042030-30,0.0100,63.55,no
2026-10-05T00:28:46.121699Z,KXBTC15M-26OCT042030-30,0.0100,31.05,no
2026-10-05T00:28:46.121699Z,KXBTC15M-26OCT042030-30,0.0100,1.26,no
2026-10-05T00:28:46.121699Z,KXBTC15M-26OCT042030-30,0.0100,5.58,no
2026-10-05T00:28:46.121699Z,KXBTC15M-26OCT042030-30,0.0100,141.25,no
2026-10-05T00:28:46.121699Z,KXBTC15M-26OCT042030-30,0.0100,41.86,no
2026-10-05T00:28:46.121699Z,KXBTC15M-26OCT042030-30,0.0100,2.95,no
2026-10-05T00:28:46.121699Z,KXBTC15M-26OCT042030-30,0.0100,134.67,no
2026-10-05T00:28:46.121699Z,KXBTC15M-26OCT042030-30,0.0100,5.91,no
2026-10-05T00:28:46.121699Z,KXBTC15M-26OCT042030-30,0.0100,7.50,no
2026-10-05T00:28:46.121699Z,KXBTC15M-26OCT042030-30,0.0100,14.18,no
2026-10-05T00:28:46.121699Z,KXBTC15M-26OCT042030-30,0.0100,50.02,no
2026-10-05T00:28:46.121699Z,KXBTC15M-26OCT042030-30,0.0100,9.01,no
2026-10-05T00:28:46.121699Z,KXBTC15M-26OCT042030-30,0.0100,139.00,no
2026-10-05T00:28:46.121699Z,KXBTC15M-26OCT042030-30,0.0100,11.34,no
2026-10-05T00:28:46.121699Z,KXBTC15M-26OCT042030-30,0.0100,0.07,no
2026-10-05T00:28:46.121699Z,KXBTC15M-26OCT042030-30,0.0100,20.94,no
2026-10-05T00:28:46.121699Z,KXBTC15M-26OCT042030-30,0.0100,30.80,no
2026-10-05T00:28:46.121699Z,KXBTC15M-26OCT042030-30,0.0100,0.07,no
2026-10-05T00:28:46.121699Z,KXBTC15M-26OCT042030-30,0.0100,5.38,no
2026-10-05T00:28:46.121699Z,KXBTC15M-26OCT042030-30,0.0100,0.89,no
2026-10-05T00:28:46.121699Z,KXBTC15M-26OCT042030-30,0.0100,17.94,no
2026-10-05T00:28:46.121699Z,KXBTC15M-26OCT042030-30,0.0100,1.26,no
2026-10-05T00:28:46.121699Z,KXBTC15M-26OCT042030-30,0.0100,41.87,no
2026-10-05T00:28:46.121699Z,KXBTC15M-26OCT042030-30,0.0100,400.00,no
2026-10-05T00:28:46.121699Z,KXBTC15M-26OCT042030-30,0.0100,32.95,no
2026-10-05T00:28:46.121699Z,KXBTC15M-26OCT042030-30,0.0100,13.16,no
2026-10-05T00:28:46.121699Z,KXBTC15M-26OCT042030-30,0.0100,1.54,no
2026-10-05T00:28:46.121699Z,KXBTC15M-26OCT042030-30,0.0100,82.38,no
2026-10-05T00:28:46.121699Z,KXBTC15M-26OCT042030-30,0.0100,173.00,no
2026-10-05T00:28:46.121699Z,KXBTC15M-26OCT042030-30,0.0100,18.26,no
2026-10-05T00:28:46.121699Z,KXBTC15M-26OCT042030-30,0.0100,15.86,no
2026-10-05T00:28:46.121699Z,KXBTC15M-26OCT042030-30,0.0100,5.10,no
2026-10-05T00:28:46.121699Z,KXBTC15M-26OCT042030-30,0.0100,2.95,no
2026-10-05T00:28:46.121699Z,KXBTC15M-26OCT042030-30,0.0100,22.19,no
2026-10-05T00:28:46.121699Z,KXBTC15M-26OCT042030-30,0.0100,14.70,no
2026-10-05T00:28:46.121699Z,KXBTC15M-26OCT042030-30,0.0100,7.50,no
2026-10-05T00:28:46.121699Z,KXBTC15M-26OCT042030-30,0.0100,291.76,no
2026-10-05T00:28:46.121699Z,KXBTC15M-26OCT042030-30,0.0100,15.71,no
2026-10-05T00:28:46.121699Z,KXBTC15M-26OCT042030-30,0.0100,10.21,no
2026-10-05T00:28:46.121699Z,KXBTC15M-26OCT042030-30,0.0100,100.00,no
2026-10-05T00:28:46.121699Z,KXBTC15M-26OCT042030-30,0.0100,1.35,no
2026-10-05T00:28:46.121699Z,KXBTC15M-26OCT042030-30,0.0100,3.00,no
2026-10-05T00:28:46.121699Z,KXBTC15M-26OCT042030-30,0.0100,4.14,no
2026-10-05T00:28:46.121699Z,KXBTC15M-26OCT042030-30,0.0100,0.14,no
2026-10-05T00:28:46.121699Z,KXBTC15M-26OCT042030-30,0.0100,1.34,no
2026-10-05T00:28:46.121699Z,KXBTC15M-26OCT042030-30,0.0110,19.00,no
2026-10-05T00:28:46.121699Z,KXBTC15M-26OCT042030-30,0.0100,1.00,no
2026-10-05T00:28:46.121699Z,KXBTC15M-26OCT042030-30,0.0110,500.00,no
2026-10-05T00:28:46.121699Z,KXBTC15M-26OCT042030-30,0.0080,2.00,no
2026-10-05T00:28:46.121699Z,KXBTC15M-26OCT042030-30,0.0100,179.07,no
2026-10-05T00:28:46.121699Z,KXBTC15M-26OCT042030-30,0.0100,111.00,no
2026-10-05T00:28:46.121699Z,KXBTC15M-26OCT042030-30,0.0090,1.00,no
2026-10-05T00:28:46.121699Z,KXBTC15M-26OCT042030-30,0.0100,50.00,no
2026-10-05T00:28:46.121699Z,KXBTC15M-26OCT042030-30,0.0080,500.00,no
2026-10-05T00:28:46.121699Z,KXBTC15M-26OCT042030-30,0.0100,40.00,no
2026-10-05T00:28:46.121699Z,KXBTC15M-26OCT042030-30,0.0110,17.00,no
2026-10-05T00:28:46.121699Z,KXBTC15M-26OCT042030-30,0.0110,0.01,no
2026-10-05T00:28:46.121699Z,KXBTC15M-26OCT042030-30,0.0100,14.38,no
2026-10-05T00:28:46.121699Z,KXBTC15M-26OCT042030-30,0.0110,0.01,no
2026-10-05T00:28:46.121699Z,KXBTC15M-26OCT042030-30,0.0100,1.12,no
2026-10-05T00:28:46.121699Z,KXBTC15M-26OCT042030-30,0.0100,141.50,no
2026-10-05T00:28:46.121699Z,KXBTC15M-26OCT042030-30,0.0100,0.10,no
2026-10-05T00:28:46.121699Z,KXBTC15M-26OCT042030-30,0.0100,5.63,no
2026-10-05T00:28:46.121699Z,KXBTC15M-26OCT042030-30,0.0100,5.63,no
2026-10-05T00:28:46.121699Z,KXBTC15M-26OCT042030-30,0.0100,4.98,no
2026-10-05T00:28:46.121699Z,KXBTC15M-26OCT042030-30,0.0100,97.87,no
2026-10-05T00:28:46.121699Z,KXBTC15M-26OCT042030-30,0.0100,42.39,no
2026-10-05T00:28:46.121699Z,KXBTC15M-26OCT042030-30,0.0100,2.44,no
2026-10-05T00:28:46.121699Z,KXBTC15M-26OCT042030-30,0.0100,27.60,no
2026-10-05T00:28:46.121699Z,KXBTC15M-26OCT042030-30,0.0100,1.12,no
2026-10-05T00:28:46.121699Z,KXBTC15M-26OCT042030-30,0.0100,11.03,no
2026-10-05T00:28:46.121699Z,KXBTC15M-26OCT042030-30,0.0100,66.73,no
2026-10-05T00:28:46.121699Z,KXBTC15M-26OCT042030-30,0.0100,34.92,no
2026-10-05T00:28:46.121699Z,KXBTC15M-26OCT042030-30,0.0100,5.95,no
2026-10-05T00:28:46.121699Z,KXBTC15M-26OCT042030-30,0.0100,12.18,no
2026-10-05T00:28:46.121699Z,KXBTC15M-26OCT042030-30,0.0100,32.50,no
2026-10-05T00:28:46.121699Z,KXBTC15M-26OCT042030-30,0.0100,1.00,no
2026-10-05T00:28:46.121699Z,KXBTC15M-26OCT042030-30,0.0100,1.26,no
2026-10-05T00:28:46.121699Z,KXBTC15M-26OCT042030-30,0.0100,149.16,no
2026-10-05T00:28:46.121699Z,KXBTC15M-26OCT042030-30,0.0100,2.40,no
2026-10-05T00:28:46.121699Z,KXBTC15M-26OCT042030-30,0.0100,12.78,no
2026-10-05T00:28:46.121699Z,KXBTC15M-26OCT042030-30,0.0100,103.13,no
2026-10-05T00:28:46.121699Z,KXBTC15M-26OCT042030-30,0.0100,54.14,no
2026-10-05T00:28:46.121699Z,KXBTC15M-26OCT042030-30,0.0100,5.31,no
2026-10-05T00:28:46.121699Z,KXBTC15M-26OCT042030-30,0.0100,65.82,no
2026-10-05T00:28:46.121699Z,KXBTC15M-26OCT042030-30,0.0100,3.28,no
2026-10-05T00:28:46.121699Z,KXBTC15M-26OCT042030-30,0.0100,0.02,no
2026-10-05T00:28:46.121699Z,KXBTC15M-26OCT042030-30,0.0100,5.78,no
2026-10-05T00:28:46.121699Z,KXBTC15M-26OCT042030-30,0.0100,1.52,no
2026-10-05T00:28:46.121699Z,KXBTC15M-26OCT042030-30,0.0100,6.57,no
2026-10-05T00:28:46.121699Z,KXBTC15M-26OCT042030-30,0.0100,79.44,no
2026-10-05T00:28:46.121699Z,KXBTC15M-26OCT042030-30,0.0100,9.45,no
2026-10-05T00:28:46.121699Z,KXBTC15M-26OCT042030-30,0.0100,142.99,no
2026-10-05T00:28:46.121699Z,KXBTC15M-26OCT042030-30,0.0100,32.42,no
2026-10-05T00:28:46.121699Z,KXBTC15M-26OCT042030-30,0.0100,6.90,no
2026-10-05T00:28:46.121699Z,KXBTC15M-26OCT042030-30,0.0100,0.88,no
2026-10-05T00:28:46.121699Z,KXBTC15M-26OCT042030-30,0.0100,2.22,no
2026-10-05T00:28:46.121699Z,KXBTC15M-26OCT042030-30,0.0100,1.35,no
2026-10-05T00:28:46.121699Z,KXBTC15M-26OCT042030-30,0.0100,2.72,no
2026-10-05T00:28:46.121699Z,KXBTC15M-26OCT042030-30,0.0100,6.81,no
2026-10-05T00:28:46.121699Z,KXBTC15M-26OCT042030-30,0.0100,10.47,no
2026-10-05T00:28:46.121699Z,KXBTC15M-26OCT042030-30,0.0100,9.85,no
2026-10-05T00:28:46.121699Z,KXBTC15M-26OCT042030-30,0.0100,25.22,no
2026-10-05T00:28:46.121699Z,KXBTC15M-26OCT042030-30,0.0100,328.04,no
2026-10-05T00:28:46.121699Z,KXBTC15M-26OCT042030-30,0.0100,79.78,no
2026-10-05T00:28:46.121699Z,KXBTC15M-26OCT042030-30,0.0100,7.97,no
2026-10-05T00:28:46.121699Z,KXBTC15M-26OCT042030-30,0.0100,623.83,no
2026-10-05T00:28:46.121699Z,KXBTC15M-26OCT042030-30,0.0100,6.25,no
2026-10-05T00:28:46.121699Z,KXBTC15M-26OCT042030-30,0.0100,20.12,no
2026-10-05T00:28:46.121699Z,KXBTC15M-26OCT042030-30,0.0100,19.95,no
2026-10-05T00:28:46.121699Z,KXBTC15M-26OCT042030-30,0.0100,0.02,no
2026-10-05T00:28:46.121699Z,KXBTC15M-26OCT042030-30,0.0100,2.09,no
2026-10-05T00:28:46.121699Z,KXBTC15M-26OCT042030-30,0.0100,41.89,no
2026-10-05T00:28:46.121699Z,KXBTC15M-26OCT042030-30,0.0100,20.94,no
2026-10-05T00:28:46.121699Z,KXBTC15M-26OCT042030-30,0.0100,7.54,no
2026-10-05T00:28:46.121699Z,KXBTC15M-26OCT042030-30,0.0100,12.83,no
2026-10-05T00:28:46.121699Z,KXBTC15M-26OCT042030-30,0.0100,11.99,no
2026-10-05T00:28:46.121699Z,KXBTC15M-26OCT042030-30,0.0100,11.99,no
2026-10-05T00:28:46.121699Z,KXBTC15M-26OCT042030-30,0.0100,2.39,no
2026-10-05T00:28:46.121699Z,KXBTC15M-26OCT042030-30,0.0100,10.69,no
2026-10-05T00:28:46.121699Z,KXBTC15M-26OCT042030-30,0.0100,12.94,no
2026-10-05T00:28:46.121699Z,KXBTC15M-26OCT042030-30,0.0100,0.63,no
2026-10-05T00:28:46.121699Z,KXBTC15M-26OCT042030-30,0.0100,821.24,no
2026-10-05T00:28:46.130515Z,KXBTC15M-26OCT042030-30,0.0130,84.98,yes
2026-10-05T00:28:46.130515Z,KXBTC15M-26OCT042030-30,0.0120,0.01,yes
2026-10-05T00:28:46.130515Z,KXBTC15M-26OCT042030-30,0.0120,0.01,yes
2026-10-05T00:28:46.130515Z,KXBTC15M-26OCT042030-30,0.0120,15.00,yes
2026-10-05T00:28:46.135883Z,KXBTC15M-26OCT042030-30,0.0130,24.57,yes
2026-10-05T00:28:46.135883Z,KXBTC15M-26OCT042030-30,0.0140,3.66,yes
2026-10-05T00:28:46.135883Z,KXBTC15M-26OCT042030-30,0.0130,0.01,yes
2026-10-05T00:28:46.135883Z,KXBTC15M-26OCT042030-30,0.0140,3.08,yes
2026-10-05T00:28:46.135883Z,KXBTC15M-26OCT042030-30,0.0130,9.26,yes
2026-10-05T00:28:46.135883Z,KXBTC15M-26OCT042030-30,0.0120,2.00,yes
2026-10-05T00:28:46.135883Z,KXBTC15M-26OCT042030-30,0.0130,0.01,yes
2026-10-05T00:28:46.135883Z,KXBTC15M-26OCT042030-30,0.0130,2.00,yes
2026-10-05T00:28:46.135883Z,KXBTC15M-26OCT042030-30,0.0130,4.66,yes
2026-10-05T00:28:46.162326Z,KXBTC15M-26OCT042030-30,0.0120,0.01,yes
2026-10-05T00:28:46.162326Z,KXBTC15M-26OCT042030-30,0.0120,12.38,yes
2026-10-05T00:28:46.179792Z,KXBTC15M-26OCT042030-30,0.0110,12.00,no
2026-10-05T00:28:46.180198Z,KXBTC15M-26OCT042030-30,0.0120,267.27,yes
2026-10-05T00:28:46.197045Z,KXBTC15M-26OCT042030-30,0.0110,3.00,no
2026-10-05T00:28:46.197045Z,KXBTC15M-26OCT042030-30,0.0110,0.01,no
2026-10-05T00:28:46.197045Z,KXBTC15M-26OCT042030-30,0.0110,1.12,no
2026-10-05T00:28:46.197045Z,KXBTC15M-26OCT042030-30,0.0110,15.00,no
2026-10-05T00:28:46.197045Z,KXBTC15M-26OCT042030-30,0.0110,0.01,no
2026-10-05T00:28:46.201951Z,KXBTC15M-26OCT042030-30,0.0120,34.04,yes
2026-10-05T00:28:46.202911Z,KXBTC15M-26OCT042030-30,0.0120,0.51,yes
2026-10-05T00:28:46.210417Z,KXBTC15M-26OCT042030-30,0.0070,1.00,no
2026-10-05T00:28:46.210417Z,KXBTC15M-26OCT042030-30,0.0070,208.40,no
2026-10-05T00:28:46.210417Z,KXBTC15M-26OCT042030-30,0.0070,120.00,no
2026-10-05T00:28:46.210417Z,KXBTC15M-26OCT042030-30,0.0070,1280.00,no
2026-10-05T00:28:46.210417Z,KXBTC15M-26OCT042030-30,0.0070,900.08,no
2026-10-05T00:28:46.210417Z,KXBTC15M-26OCT042030-30,0.0070,1280.00,no
2026-10-05T00:28:46.210417Z,KXBTC15M-26OCT042030-30,0.0100,50.00,no
2026-10-05T00:28:46.210417Z,KXBTC15M-26OCT042030-30,0.0100,0.01,no
2026-10-05T00:28:46.210417Z,KXBTC15M-26OCT042030-30,0.0100,0.01,no
2026-10-05T00:28:46.210417Z,KXBTC15M-26OCT042030-30,0.0100,40.00,no
2026-10-05T00:28:46.221016Z,KXBTC15M-26OCT042030-30,0.0090,168.06,yes
2026-10-05T00:28:46.232111Z,KXBTC15M-26OCT042030-30,0.0070,49.56,no
2026-10-05T00:28:46.232111Z,KXBTC15M-26OCT042030-30,0.0080,0.01,no
2026-10-05T00:28:46.232111Z,KXBTC15M-26OCT042030-30,0.0080,2.00,no
2026-10-05T00:28:46.232111Z,KXBTC15M-26OCT042030-30,0.0080,17.00,no
2026-10-05T00:28:46.243424Z,KXBTC15M-26OCT042030-30,0.0090,120.00,yes
2026-10-05T00:28:46.243424Z,KXBTC15M-26OCT042030-30,0.0090,0.01,yes
2026-10-05T00:28:46.243424Z,KXBTC15M-26OCT042030-30,0.0090,2.00,yes
2026-10-05T00:28:46.243424Z,KXBTC15M-26OCT042030-30,0.0100,46.04,yes
2026-10-05T00:28:46.243424Z,KXBTC15M-26OCT042030-30,0.0090,0.01,yes
2026-10-05T00:28:46.243424Z,KXBTC15M-26OCT042030-30,0.0090,1331.94,yes
2026-10-05T00:28:46.245565Z,KXBTC15M-26OCT042030-30,0.0080,27.69,no
2026-10-05T00:28:46.249447Z,KXBTC15M-26OCT042030-30,0.0080,314.80,no
2026-10-05T00:28:46.249447Z,KXBTC15M-26OCT042030-30,0.0080,4.31,no
2026-10-05T00:28:46.251163Z,KXBTC15M-26OCT042030-30,0.0110,15.00,yes
2026-10-05T00:28:46.251163Z,KXBTC15M-26OCT042030-30,0.0100,3.96,yes
2026-10-05T00:28:46.251163Z,KXBTC15M-26OCT042030-30,0.0110,8.02,yes
2026-10-05T00:28:46.251163Z,KXBTC15M-26OCT042030-30,0.0110,0.01,yes
2026-10-05T00:28:46.251163Z,KXBTC15M-26OCT042030-30,0.0110,16.00,yes
2026-10-05T00:28:46.251163Z,KXBTC15M-26OCT042030-30,0.0110,0.01,yes
2026-10-05T00:28:46.251163Z,KXBTC15M-26OCT042030-30,0.0100,2.00,yes
2026-10-05T00:28:46.26005Z,KXBTC15M-26OCT042030-30,0.0100,0.01,yes
2026-10-05T00:28:46.26005Z,KXBTC15M-26OCT042030-30,0.0110,27.97,yes
2026-10-05T00:28:46.268428Z,KXBTC15M-26OCT042030-30,0.0110,158.99,yes
2026-10-05T00:28:46.268428Z,KXBTC15M-26OCT042030-30,0.0100,2.00,yes
2026-10-05T00:28:46.268428Z,KXBTC15M-26OCT042030-30,0.0100,0.01,yes
2026-10-05T00:28:46.285981Z,KXBTC15M-26OCT042030-30,0.0100,15.00,yes
2026-10-05T00:28:46.289241Z,KXBTC15M-26OCT042030-30,0.0100,23.54,yes
2026-10-05T00:28:46.302261Z,KXBTC15M-26OCT042030-30,0.0100,71.95,yes
2026-10-05T00:28:46.351626Z,KXBTC15M-26OCT042030-30,0.0090,4.94,no
2026-10-05T00:28:46.362352Z,KXBTC15M-26OCT042030-30,0.0100,71.95,yes
2026-10-05T00:28:46.382293Z,KXBTC15M-26OCT042030-30,0.0100,1.44,yes
2026-10-05T00:28:46.38883Z,KXBTC15M-26OCT042030-30,0.0100,309.38,yes
2026-10-05T00:28:46.38883Z,KXBTC15M-26OCT042030-30,0.0100,2.00,yes
2026-10-05T00:28:46.38883Z,KXBTC15M-26OCT042030-30,0.0100,15.00,yes
2026-10-05T00:28:46.38883Z,KXBTC15M-26OCT042030-30,0.0100,50.00,yes
2026-10-05T00:28:46.38883Z,KXBTC15M-26OCT042030-30,0.0100,24.52,yes
2026-10-05T00:28:46.393903Z,KXBTC15M-26OCT042030-30,0.0090,0.98,no
2026-10-05T00:28:46.40054Z,KXBTC15M-26OCT042030-30,0.0100,25.00,yes
2026-10-05T00:28:46.412743Z,KXBTC15M-26OCT042030-30,0.0100,16.00,yes
2026-10-05T00:28:46.412743Z,KXBTC15M-26OCT042030-30,0.0100,6.12,yes
2026-10-05T00:28:46.412743Z,KXBTC15M-26OCT042030-30,0.0100,143.63,yes
2026-10-05T00:28:46.415666Z,KXBTC15M-26OCT042030-30,0.0100,113.88,yes
2026-10-05T00:28:46.415666Z,KXBTC15M-26OCT042030-30,0.0100,30.02,yes
2026-10-05T00:28:46.422587Z,KXBTC15M-26OCT042030-30,0.0100,89.98,yes
2026-10-05T00:28:46.422587Z,KXBTC15M-26OCT042030-30,0.0100,200.00,yes
2026-10-05T00:28:46.422587Z,KXBTC15M-26OCT042030-30,0.0100,195.01,yes
2026-10-05T00:28:46.422587Z,KXBTC15M-26OCT042030-30,0.0100,0.01,yes
2026-10-05T00:28:46.422587Z,KXBTC15M-26OCT042030-30,0.0100,50.00,yes
2026-10-05T00:28:46.423813Z,KXBTC15M-26OCT042030-30,0.0100,61.97,yes
2026-10-05T00:28:46.440274Z,KXBTC15M-26OCT042030-30,0.0110,60.00,yes
2026-10-05T00:28:46.440274Z,KXBTC15M-26OCT042030-30,0.0100,50.00,yes
2026-10-05T00:28:46.442071Z,KXBTC15M-26OCT042030-30,0.0110,71.95,yes
2026-10-05T00:28:46.454021Z,KXBTC15M-26OCT042030-30,0.0100,3.07,yes
2026-10-05T00:28:46.454434Z,KXBTC15M-26OCT042030-30,0.0090,15.00,no
2026-10-05T00:28:46.454434Z,KXBTC15M-26OCT042030-30,0.0090,179.28,no
2026-10-05T00:28:46.454434Z,KXBTC15M-26OCT042030-30,0.0090,21.00,no
2026-10-05T00:28:46.454434Z,KXBTC15M-26OCT042030-30,0.0090,0.01,no
2026-10-05T00:28:46.454434Z,KXBTC15M-26OCT042030-30,0.0090,215.52,no
2026-10-05T00:28:46.454434Z,KXBTC15M-26OCT042030-30,0.0090,0.01,no
2026-10-05T00:28:46.454472Z,KXBTC15M-26OCT042030-30,0.0100,73.14,yes
2026-10-05T00:28:46.476694Z,KXBTC15M-26OCT042030-30,0.0100,250.00,yes
2026-10-05T00:28:46.493131Z,KXBTC15M-26OCT042030-30,0.0090,0.01,no
2026-10-05T00:28:46.493131Z,KXBTC15M-26OCT042030-30,0.0080,1209.64,no
2026-10-05T00:28:46.493131Z,KXBTC15M-26OCT042030-30,0.0090,0.01,no
2026-10-05T00:28:46.515567Z,KXBTC15M-26OCT042030-30,0.0100,22.04,yes
2026-10-05T00:28:46.52789Z,KXBTC15M-26OCT042030-30,0.0070,14.80,no
2026-10-05T00:28:46.53003Z,KXBTC15M-26OCT042030-30,0.0070,99.00,no
2026-10-05T00:28:46.556595Z,KXBTC15M-26OCT042030-30,0.0070,24.74,no
2026-10-05T00:28:46.561201Z,KXBTC15M-26OCT042030-30,0.0100,3.52,yes
2026-10-05T00:28:46.564686Z,KXBTC15M-26OCT042030-30,0.0100,1006.18,yes
2026-10-05T00:28:46.586021Z,KXBTC15M-26OCT042030-30,0.0100,50.00,yes
2026-10-05T00:28:46.588333Z,KXBTC15M-26OCT042030-30,0.0100,56.39,yes
2026-10-05T00:28:46.602634Z,KXBTC15M-26OCT042030-30,0.0100,250.00,yes
2026-10-05T00:28:46.617552Z,KXBTC15M-26OCT042030-30,0.0100,16.71,yes
2026-10-05T00:28:46.665117Z,KXBTC15M-26OCT042030-30,0.0100,1.00,yes
2026-10-05T00:28:46.671883Z,KXBTC15M-26OCT042030-30,0.0100,267.95,yes
2026-10-05T00:28:46.671883Z,KXBTC15M-26OCT042030-30,0.0100,12.60,yes
2026-10-05T00:28:46.679961Z,KXBTC15M-26OCT042030-30,0.0100,2.60,yes
2026-10-05T00:28:46.679961Z,KXBTC15M-26OCT042030-30,0.0100,2.40,yes
2026-10-05T00:28:46.680851Z,KXBTC15M-26OCT042030-30,0.0090,0.01,no
2026-10-05T00:28:46.680851Z,KXBTC15M-26OCT042030-30,0.0090,18.00,no
2026-10-05T00:28:46.680851Z,KXBTC15M-26OCT042030-30,0.0090,0.01,no
2026-10-05T00:28:46.680851Z,KXBTC15M-26OCT042030-30,0.0090,15.66,no
2026-10-05T00:28:46.690258Z,KXBTC15M-26OCT042030-30,0.0100,2.00,yes
2026-10-05T00:28:46.717319Z,KXBTC15M-26OCT042030-30,0.0100,45.40,yes
2026-10-05T00:28:46.717319Z,KXBTC15M-26OCT042030-30,0.0100,15.00,yes
2026-10-05T00:28:46.717319Z,KXBTC15M-26OCT042030-30,0.0100,2.00,yes
2026-10-05T00:28:46.717319Z,KXBTC15M-26OCT042030-30,0.0100,0.01,yes
2026-10-05T00:28:46.717319Z,KXBTC15M-26OCT042030-30,0.0100,88.76,yes
2026-10-05T00:28:46.717319Z,KXBTC15M-26OCT042030-30,0.0100,25.00,yes
2026-10-05T00:28:46.717319Z,KXBTC15M-26OCT042030-30,0.0100,0.01,yes
2026-10-05T00:28:46.724796Z,KXBTC15M-26OCT042030-30,0.0110,198.74,yes
2026-10-05T00:28:46.724796Z,KXBTC15M-26OCT042030-30,0.0100,51.24,yes
2026-10-05T00:28:46.724796Z,KXBTC15M-26OCT042030-30,0.0100,0.01,yes
2026-10-05T00:28:46.724796Z,KXBTC15M-26OCT042030-30,0.0100,0.01,yes
2026-10-05T00:28:46.732776Z,KXBTC15M-26OCT042030-30,0.0110,73.12,yes
2026-10-05T00:28:46.732776Z,KXBTC15M-26OCT042030-30,0.0100,0.01,yes
2026-10-05T00:28:46.732776Z,KXBTC15M-26OCT042030-30,0.0100,0.01,yes
2026-10-05T00:28:46.743658Z,KXBTC15M-26OCT042030-30,0.0110,295.98,yes
2026-10-05T00:28:46.810205Z,KXBTC15M-26OCT042030-30,0.0090,1.00,no
2026-10-05T00:28:46.82113Z,KXBTC15M-26OCT042030-30,0.0090,411.27,no
2026-10-05T00:28:46.824086Z,KXBTC15M-26OCT042030-30,0.0100,322.25,yes
2026-10-05T00:28:46.843361Z,KXBTC15M-26OCT042030-30,0.0100,93.51,yes
2026-10-05T00:28:46.844433Z,KXBTC15M-26OCT042030-30,0.0100,394.00,yes
2026-10-05T00:28:46.844632Z,KXBTC15M-26OCT042030-30,0.0100,2156.00,yes
2026-10-05T00:28:46.856375Z,KXBTC15M-26OCT042030-30,0.0100,2.11,yes
2026-10-05T00:28:46.881209Z,KXBTC15M-26OCT042030-30,0.0100,51.41,yes
2026-10-05T00:28:46.891026Z,KXBTC15M-26OCT042030-30,0.0100,21.27,yes
2026-10-05T00:28:46.900552Z,KXBTC15M-26OCT042030-30,0.0100,76.20,yes
2026-10-05T00:28:46.903915Z,KXBTC15M-26OCT042030-30,0.0100,24.45,yes
2026-10-05T00:28:46.905338Z,KXBTC15M-26OCT042030-30,0.0100,6.25,yes
2026-10-05T00:28:46.912909Z,KXBTC15M-26OCT042030-30,0.0100,467.59,yes
2026-10-05T00:28:46.915445Z,KXBTC15M-26OCT042030-30,0.0100,512.83,yes
2026-10-05T00:28:46.93098Z,KXBTC15M-26OCT042030-30,0.0100,300.00,yes
2026-10-05T00:28:46.939756Z,KXBTC15M-26OCT042030-30,0.0100,480.76,yes
2026-10-05T00:28:46.945022Z,KXBTC15M-26OCT042030-30,0.0100,1.00,yes
2026-10-05T00:28:46.951924Z,KXBTC15M-26OCT042030-30,0.0100,10.66,yes
2026-10-05T00:28:46.966303Z,KXBTC15M-26OCT042030-30,0.0090,0.01,no
2026-10-05T00:28:46.966303Z,KXBTC15M-26OCT042030-30,0.0090,15.00,no
2026-10-05T00:28:46.966303Z,KXBTC15M-26OCT042030-30,0.0090,0.01,no
2026-10-05T00:28:46.966303Z,KXBTC15M-26OCT042030-30,0.0090,15.00,no
2026-10-05T00:28:46.966303Z,KXBTC15M-26OCT042030-30,0.0090,121.24,no
2026-10-05T00:28:46.98914Z,KXBTC15M-26OCT042030-30,0.0100,93.51,yes
2026-10-05T00:28:46.99419Z,KXBTC15M-26OCT042030-30,0.0100,145.09,yes
2026-10-05T00:28:47.001909Z,KXBTC15M-26OCT042030-30,0.0100,200.75,yes
2026-10-05T00:28:47.005066Z,KXBTC15M-26OCT042030-30,0.0100,102.25,yes
2026-10-05T00:28:47.060171Z,KXBTC15M-26OCT042030-30,0.0100,69.02,yes
2026-10-05T00:28:47.061773Z,KXBTC15M-26OCT042030-30,0.0100,7.04,yes
2026-10-05T00:28:47.06356Z,KXBTC15M-26OCT042030-30,0.0100,27.63,yes
2026-10-05T00:28:47.064379Z,KXBTC15M-26OCT042030-30,0.0090,10.00,no
2026-10-05T00:28:47.071546Z,KXBTC15M-26OCT042030-30,0.0100,17.00,yes
2026-10-05T00:28:47.079532Z,KXBTC15M-26OCT042030-30,0.0060,81.01,no
2026-10-05T00:28:47.079532Z,KXBTC15M-26OCT042030-30,0.0070,1411.82,no
2026-10-05T00:28:47.079532Z,KXBTC15M-26OCT042030-30,0.0090,97.80,no
2026-10-05T00:28:47.079532Z,KXBTC15M-26OCT042030-30,0.0090,368.76,no
2026-10-05T00:28:47.079532Z,KXBTC15M-26OCT042030-30,0.0090,15.00,no
2026-10-05T00:28:47.079532Z,KXBTC15M-26OCT042030-30,0.0090,0.01,no
2026-10-05T00:28:47.079532Z,KXBTC15M-26OCT042030-30,0.0090,0.01,no
2026-10-05T00:28:47.081377Z,KXBTC15M-26OCT042030-30,0.0100,91.04,yes
2026-10-05T00:28:47.092061Z,KXBTC15M-26OCT042030-30,0.0100,66.00,yes
2026-10-05T00:28:47.0997Z,KXBTC15M-26OCT042030-30,0.0100,8.26,yes
2026-10-05T00:28:47.126149Z,KXBTC15M-26OCT042030-30,0.0060,275.98,no
2026-10-05T00:28:47.126149Z,KXBTC15M-26OCT042030-30,0.0090,0.01,no
2026-10-05T00:28:47.126149Z,KXBTC15M-26OCT042030-30,0.0090,0.01,no
2026-10-05T00:28:47.133364Z,KXBTC15M-26OCT042030-30,0.0100,1824.64,yes
2026-10-05T00:28:47.134366Z,KXBTC15M-26OCT042030-30,0.0060,98.61,no
2026-10-05T00:28:47.134366Z,KXBTC15M-26OCT042030-30,0.0090,0.01,no
2026-10-05T00:28:47.134366Z,KXBTC15M-26OCT042030-30,0.0090,0.01,no
2026-10-05T00:28:47.158462Z,KXBTC15M-26OCT042030-30,0.0100,129.52,yes
2026-10-05T00:28:47.164809Z,KXBTC15M-26OCT042030-30,0.0100,32.43,yes
2026-10-05T00:28:47.170853Z,KXBTC15M-26OCT042030-30,0.0100,135.63,yes
2026-10-05T00:28:47.172839Z,KXBTC15M-26OCT042030-30,0.0100,431.13,yes
2026-10-05T00:28:47.173347Z,KXBTC15M-26OCT042030-30,0.0070,1.99,no
2026-10-05T00:28:47.173347Z,KXBTC15M-26OCT042030-30,0.0090,0.01,no
2026-10-05T00:28:47.173347Z,KXBTC15M-26OCT042030-30,0.0090,0.01,no
2026-10-05T00:28:47.186833Z,KXBTC15M-26OCT042030-30,0.0100,189.02,yes
2026-10-05T00:28:47.197616Z,KXBTC15M-26OCT042030-30,0.0100,64.09,yes
2026-10-05T00:28:47.200795Z,KXBTC15M-26OCT042030-30,0.0100,374.07,yes
2026-10-05T00:28:47.203854Z,KXBTC15M-26OCT042030-30,0.0100,5.00,yes
2026-10-05T00:28:47.205888Z,KXBTC15M-26OCT042030-30,0.0080,19.00,no
2026-10-05T00:28:47.205888Z,KXBTC15M-26OCT042030-30,0.0070,0.73,no
2026-10-05T00:28:47.205888Z,KXBTC15M-26OCT042030-30,0.0090,0.01,no
2026-10-05T00:28:47.205888Z,KXBTC15M-26OCT042030-30,0.0090,0.01,no
2026-10-05T00:28:47.21016Z,KXBTC15M-26OCT042030-30,0.0100,91.04,yes
2026-10-05T00:28:47.226111Z,KXBTC15M-26OCT042030-30,0.0090,0.01,no
2026-10-05T00:28:47.226111Z,KXBTC15M-26OCT042030-30,0.0090,0.01,no
2026-10-05T00:28:47.226111Z,KXBTC15M-26OCT042030-30,0.0080,50.30,no
2026-10-05T00:28:47.230556Z,KXBTC15M-26OCT042030-30,0.0100,11.99,yes
2026-10-05T00:28:47.236584Z,KXBTC15M-26OCT042030-30,0.0090,0.01,no
2026-10-05T00:28:47.236584Z,KXBTC15M-26OCT042030-30,0.0090,0.01,no
2026-10-05T00:28:47.236584Z,KXBTC15M-26OCT042030-30,0.0080,6.54,no
2026-10-05T00:28:47.243463Z,KXBTC15M-26OCT042030-30,0.0100,36.64,yes
2026-10-05T00:28:47.249832Z,KXBTC15M-26OCT042030-30,0.0080,119.57,no
2026-10-05T00:28:47.259242Z,KXBTC15M-26OCT042030-30,0.0100,7.39,yes
2026-10-05T00:28:47.268612Z,KXBTC15M-26OCT042030-30,0.0100,20.43,yes
2026-10-05T00:28:47.285323Z,KXBTC15M-26OCT042030-30,0.0100,1.36,yes
2026-10-05T00:28:47.28749Z,KXBTC15M-26OCT042030-30,0.0100,93.51,yes
2026-10-05T00:28:47.292457Z,KXBTC15M-26OCT042030-30,0.0100,93.00,yes
2026-10-05T00:28:47.318427Z,KXBTC15M-26OCT042030-30,0.0100,100.00,yes
2026-10-05T00:28:47.327949Z,KXBTC15M-26OCT042030-30,0.0100,70.00,yes
2026-10-05T00:28:47.3287Z,KXBTC15M-26OCT042030-30,0.0100,91.04,yes
2026-10-05T00:28:47.329126Z,KXBTC15M-26OCT042030-30,0.0100,182.42,yes
2026-10-05T00:28:47.330321Z,KXBTC15M-26OCT042030-30,0.0100,267.77,yes
2026-10-05T00:28:47.330321Z,KXBTC15M-26OCT042030-30,0.0100,199.82,yes
2026-10-05T00:28:47.35027Z,KXBTC15M-26OCT042030-30,0.0100,2.00,yes
2026-10-05T00:28:47.35027Z,KXBTC15M-26OCT042030-30,0.0100,76.31,yes
2026-10-05T00:28:47.35027Z,KXBTC15M-26OCT042030-30,0.0100,15.00,yes
2026-10-05T00:28:47.35027Z,KXBTC15M-26OCT042030-30,0.0100,0.01,yes
2026-10-05T00:28:47.35027Z,KXBTC15M-26OCT042030-30,0.0100,0.01,yes
2026-10-05T00:28:47.35027Z,KXBTC15M-26OCT042030-30,0.0100,0.18,yes
2026-10-05T00:28:47.354233Z,KXBTC15M-26OCT042030-30,0.0100,51.43,yes
2026-10-05T00:28:47.361431Z,KXBTC15M-26OCT042030-30,0.0100,284.00,yes
2026-10-05T00:28:47.364015Z,KXBTC15M-26OCT042030-30,0.0100,93.51,yes
2026-10-05T00:28:47.366555Z,KXBTC15M-26OCT042030-30,0.0100,90.47,yes
2026-10-05T00:28:47.378719Z,KXBTC15M-26OCT042030-30,0.0090,0.01,no
2026-10-05T00:28:47.378719Z,KXBTC15M-26OCT042030-30,0.0080,95.17,no
2026-10-05T00:28:47.378719Z,KXBTC15M-26OCT042030-30,0.0090,0.01,no
2026-10-05T00:28:47.378719Z,KXBTC15M-26OCT042030-30,0.0080,373.89,no
2026-10-05T00:28:47.378719Z,KXBTC15M-26OCT042030-30,0.0090,15.00,no
2026-10-05T00:28:47.378719Z,KXBTC15M-26OCT042030-30,0.0080,17.00,no
2026-10-05T00:28:47.392511Z,KXBTC15M-26OCT042030-30,0.0080,122.07,yes
2026-10-05T00:28:47.394538Z,KXBTC15M-26OCT042030-30,0.0080,85.14,yes
2026-10-05T00:28:47.397974Z,KXBTC15M-26OCT042030-30,0.0070,0.01,no
2026-10-05T00:28:47.397974Z,KXBTC15M-26OCT042030-30,0.0070,0.01,no
2026-10-05T00:28:47.411413Z,KXBTC15M-26OCT042030-30,0.0070,24.65,yes
2026-10-05T00:28:47.416493Z,KXBTC15M-26OCT042030-30,0.0070,15.00,yes
2026-10-05T00:28:47.416493Z,KXBTC15M-26OCT042030-30,0.0070,0.01,yes
2026-10-05T00:28:47.416493Z,KXBTC15M-26OCT042030-30,0.0070,0.01,yes
2026-10-05T00:28:47.416493Z,KXBTC15M-26OCT042030-30,0.0080,70.16,yes
2026-10-05T00:28:47.416493Z,KXBTC15M-26OCT042030-30,0.0070,8.33,yes
2026-10-05T00:28:47.426279Z,KXBTC15M-26OCT042030-30,0.0060,800.00,no
2026-10-05T00:28:47.435879Z,KXBTC15M-26OCT042030-30,0.0070,0.01,yes
2026-10-05T00:28:47.435879Z,KXBTC15M-26OCT042030-30,0.0070,0.01,yes
2026-10-05T00:28:47.435879Z,KXBTC15M-26OCT042030-30,0.0080,23.98,yes
2026-10-05T00:28:47.435879Z,KXBTC15M-26OCT042030-30,0.0070,15.00,yes
2026-10-05T00:28:47.449762Z,KXBTC15M-26OCT042030-30,0.0080,7.60,yes
2026-10-05T00:28:47.4544Z,KXBTC15M-26OCT042030-30,0.0070,0.01,yes
2026-10-05T00:28:47.4544Z,KXBTC15M-26OCT042030-30,0.0080,187.01,yes
2026-10-05T00:28:47.4544Z,KXBTC15M-26OCT042030-30,0.0070,0.01,yes
2026-10-05T00:28:47.458339Z,KXBTC15M-26OCT042030-30,0.0070,93.51,yes
2026-10-05T00:28:47.459309Z,KXBTC15M-26OCT042030-30,0.0070,121.70,yes
2026-10-05T00:28:47.462118Z,KXBTC15M-26OCT042030-30,0.0060,50.00,no
2026-10-05T00:28:47.462118Z,KXBTC15M-26OCT042030-30,0.0060,24.40,no
2026-10-05T00:28:47.462118Z,KXBTC15M-26OCT042030-30,0.0060,1280.00,no
2026-10-05T00:28:47.462118Z,KXBTC15M-26OCT042030-30,0.0050,1321.58,no
2026-10-05T00:28:47.462118Z,KXBTC15M-26OCT042030-30,0.0060,120.00,no
2026-10-05T00:28:47.462118Z,KXBTC15M-26OCT042030-30,0.0060,1230.00,no
2026-10-05T00:28:47.462118Z,KXBTC15M-26OCT042030-30,0.0060,1.00,no
2026-10-05T00:28:47.462118Z,KXBTC15M-26OCT042030-30,0.0060,1280.00,no
2026-10-05T00:28:47.462118Z,KXBTC15M-26OCT042030-30,0.0060,15.00,no
2026-10-05T00:28:47.462118Z,KXBTC15M-26OCT042030-30,0.0060,0.01,no
2026-10-05T00:28:47.462118Z,KXBTC15M-26OCT042030-30,0.0060,76.18,no
2026-10-05T00:28:47.462118Z,KXBTC15M-26OCT042030-30,0.0060,500.00,no
2026-10-05T00:28:47.462118Z,KXBTC15M-26OCT042030-30,0.0060,20.00,no
2026-10-05T00:28:47.462118Z,KXBTC15M-26OCT042030-30,0.0060,15.00,no
2026-10-05T00:28:47.462118Z,KXBTC15M-26OCT042030-30,0.0060,0.01,no
2026-10-05T00:28:47.462118Z,KXBTC15M-26OCT042030-30,0.0060,78.00,no
2026-10-05T00:28:47.47617Z,KXBTC15M-26OCT042030-30,0.0070,93.51,yes
2026-10-05T00:28:47.482585Z,KXBTC15M-26OCT042030-30,0.0070,63.90,yes
2026-10-05T00:28:47.494133Z,KXBTC15M-26OCT042030-30,0.0070,34.00,yes
2026-10-05T00:28:47.500654Z,KXBTC15M-26OCT042030-30,0.0070,393.38,yes
2026-10-05T00:28:47.500654Z,KXBTC15M-26OCT042030-30,0.0070,0.01,yes
2026-10-05T00:28:47.500654Z,KXBTC15M-26OCT042030-30,0.0070,15.00,yes
2026-10-05T00:28:47.500654Z,KXBTC15M-26OCT042030-30,0.0070,1280.00,yes
2026-10-05T00:28:47.500654Z,KXBTC15M-26OCT042030-30,0.0070,0.01,yes
2026-10-05T00:28:47.500654Z,KXBTC15M-26OCT042030-30,0.0070,353.69,yes
2026-10-05T00:28:47.500654Z,KXBTC15M-26OCT042030-30,0.0070,120.00,yes
2026-10-05T00:28:47.500654Z,KXBTC15M-26OCT042030-30,0.0070,24.40,yes
2026-10-05T00:28:47.500654Z,KXBTC15M-26OCT042030-30,0.0070,50.00,yes
2026-10-05T00:28:47.500654Z,KXBTC15M-26OCT042030-30,0.0070,1280.00,yes
2026-10-05T00:28:47.520153Z,KXBTC15M-26OCT042030-30,0.0060,0.01,no
2026-10-05T00:28:47.520153Z,KXBTC15M-26OCT042030-30,0.0060,0.01,no
2026-10-05T00:28:47.520153Z,KXBTC15M-26OCT042030-30,0.0060,500.00,no
2026-10-05T00:28:47.520153Z,KXBTC15M-26OCT042030-30,0.0060,27.00,no
2026-10-05T00:28:47.520153Z,KXBTC15M-26OCT042030-30,0.0060,20.00,no
2026-10-05T00:28:47.520153Z,KXBTC15M-26OCT042030-30,0.0060,15.00,no
2026-10-05T00:28:47.535485Z,KXBTC15M-26OCT042030-30,0.0050,29.64,no
2026-10-05T00:28:47.539974Z,KXBTC15M-26OCT042030-30,0.0060,3.33,yes
2026-10-05T00:28:47.544003Z,KXBTC15M-26OCT042030-30,0.0050,2.00,no
2026-10-05T00:28:47.545965Z,KXBTC15M-26OCT042030-30,0.0060,20.00,yes
2026-10-05T00:28:47.548596Z,KXBTC15M-26OCT042030-30,0.0060,46.75,yes
2026-10-05T00:28:47.557107Z,KXBTC15M-26OCT042030-30,0.0060,26.58,yes
2026-10-05T00:28:47.558888Z,KXBTC15M-26OCT042030-30,0.0050,7.00,no
2026-10-05T00:28:47.574505Z,KXBTC15M-26OCT042030-30,0.0050,58.00,no
2026-10-05T00:28:47.590722Z,KXBTC15M-26OCT042030-30,0.0050,4.00,no
2026-10-05T00:28:47.593503Z,KXBTC15M-26OCT042030-30,0.0060,71.49,yes
2026-10-05T00:28:47.607142Z,KXBTC15M-26OCT042030-30,0.0050,1.00,no
2026-10-05T00:28:47.621514Z,KXBTC15M-26OCT042030-30,0.0060,22.69,yes
2026-10-05T00:28:47.623202Z,KXBTC15M-26OCT042030-30,0.0060,15.16,yes
2026-10-05T00:28:47.630014Z,KXBTC15M-26OCT042030-30,0.0050,49.41,no
2026-10-05T00:28:47.633503Z,KXBTC15M-26OCT042030-30,0.0060,11.92,yes
2026-10-05T00:28:47.637738Z,KXBTC15M-26OCT042030-30,0.0060,467.59,yes
2026-10-05T00:28:47.639115Z,KXBTC15M-26OCT042030-30,0.0060,36.53,yes
2026-10-05T00:28:47.644754Z,KXBTC15M-26OCT042030-30,0.0050,17.00,no
2026-10-05T00:28:47.650953Z,KXBTC15M-26OCT042030-30,0.0060,0.01,yes
2026-10-05T00:28:47.650953Z,KXBTC15M-26OCT042030-30,0.0060,37.52,yes
2026-10-05T00:28:47.650953Z,KXBTC15M-26OCT042030-30,0.0060,0.01,yes
2026-10-05T00:28:47.650953Z,KXBTC15M-26OCT042030-30,0.0060,7.18,yes
2026-10-05T00:28:47.65329Z,KXBTC15M-26OCT042030-30,0.0060,29.64,yes
2026-10-05T00:28:47.65329Z,KXBTC15M-26OCT042030-30,0.0060,15.00,yes
2026-10-05T00:28:47.65329Z,KXBTC15M-26OCT042030-30,0.0060,58.00,yes
2026-10-05T00:28:47.65329Z,KXBTC15M-26OCT042030-30,0.0060,7.82,yes
2026-10-05T00:28:47.65329Z,KXBTC15M-26OCT042030-30,0.0080,29.98,yes
2026-10-05T00:28:47.65329Z,KXBTC15M-26OCT042030-30,0.0070,876.31,yes
2026-10-05T00:28:47.65329Z,KXBTC15M-26OCT042030-30,0.0060,7.00,yes
2026-10-05T00:28:47.65329Z,KXBTC15M-26OCT042030-30,0.0060,4.00,yes
2026-10-05T00:28:47.65329Z,KXBTC15M-26OCT042030-30,0.0060,2.00,yes
2026-10-05T00:28:47.656534Z,KXBTC15M-26OCT042030-30,0.0080,195.08,yes
2026-10-05T00:28:47.656534Z,KXBTC15M-26OCT042030-30,0.0060,0.01,yes
2026-10-05T00:28:47.660784Z,KXBTC15M-26OCT042030-30,0.0050,1.00,no
2026-10-05T00:28:47.661697Z,KXBTC15M-26OCT042030-30,0.0080,361.08,yes
2026-10-05T00:28:47.676601Z,KXBTC15M-26OCT042030-30,0.0050,23.00,no
2026-10-05T00:28:47.67724Z,KXBTC15M-26OCT042030-30,0.0060,0.01,yes
2026-10-05T00:28:47.67724Z,KXBTC15M-26OCT042030-30,0.0080,22.35,yes
2026-10-05T00:28:47.67724Z,KXBTC15M-26OCT042030-30,0.0060,0.01,yes
2026-10-05T00:28:47.67724Z,KXBTC15M-26OCT042030-30,0.0060,1.00,yes
2026-10-05T00:28:47.684697Z,KXBTC15M-26OCT042030-30,0.0060,0.01,yes
2026-10-05T00:28:47.684697Z,KXBTC15M-26OCT042030-30,0.0080,68.11,yes
2026-10-05T00:28:47.686769Z,KXBTC15M-26OCT042030-30,0.0080,46.75,yes
2026-10-05T00:28:47.699131Z,KXBTC15M-26OCT042030-30,0.0060,0.01,yes
2026-10-05T00:28:47.699131Z,KXBTC15M-26OCT042030-30,0.0060,49.41,yes
2026-10-05T00:28:47.699131Z,KXBTC15M-26OCT042030-30,0.0060,0.01,yes
2026-10-05T00:28:47.699131Z,KXBTC15M-26OCT042030-30,0.0080,186.10,yes
2026-10-05T00:28:47.716706Z,KXBTC15M-26OCT042030-30,0.0060,2.87,yes
2026-10-05T00:28:47.735877Z,KXBTC15M-26OCT042030-30,0.0060,0.01,yes
2026-10-05T00:28:47.735877Z,KXBTC15M-26OCT042030-30,0.0060,0.01,yes
2026-10-05T00:28:47.735877Z,KXBTC15M-26OCT042030-30,0.0060,1.00,yes
2026-10-05T00:28:47.735877Z,KXBTC15M-26OCT042030-30,0.0080,78.36,yes
2026-10-05T00:28:47.735877Z,KXBTC15M-26OCT042030-30,0.0060,14.13,yes
2026-10-05T00:28:47.73618Z,KXBTC15M-26OCT042030-30,0.0080,42.00,yes
2026-10-05T00:28:47.744453Z,KXBTC15M-26OCT042030-30,0.0060,17.00,no
2026-10-05T00:28:47.750843Z,KXBTC15M-26OCT042030-30,0.0080,66.28,yes
2026-10-05T00:28:47.750843Z,KXBTC15M-26OCT042030-30,0.0060,6.00,yes
2026-10-05T00:28:47.755229Z,KXBTC15M-26OCT042030-30,0.0080,63.00,yes
2026-10-05T00:28:47.763024Z,KXBTC15M-26OCT042030-30,0.0080,12.50,yes
2026-10-05T00:28:47.767268Z,KXBTC15M-26OCT042030-30,0.0050,4.92,no
2026-10-05T00:28:47.79807Z,KXBTC15M-26OCT042030-30,0.0080,4.12,yes
2026-10-05T00:28:47.806998Z,KXBTC15M-26OCT042030-30,0.0080,33.17,yes
2026-10-05T00:28:47.825815Z,KXBTC15M-26OCT042030-30,0.0070,0.01,no
2026-10-05T00:28:47.825815Z,KXBTC15M-26OCT042030-30,0.0070,17.00,no
2026-10-05T00:28:47.825815Z,KXBTC15M-26OCT042030-30,0.0070,0.01,no
2026-10-05T00:28:47.825815Z,KXBTC15M-26OCT042030-30,0.0070,15.00,no
2026-10-05T00:28:47.825815Z,KXBTC15M-26OCT042030-30,0.0060,200.05,no
2026-10-05T00:28:47.826589Z,KXBTC15M-26OCT042030-30,0.0060,4.92,no
2026-10-05T00:28:47.828811Z,KXBTC15M-26OCT042030-30,0.0060,201.12,no
2026-10-05T00:28:47.840667Z,KXBTC15M-26OCT042030-30,0.0080,20.94,yes
2026-10-05T00:28:47.841908Z,KXBTC15M-26OCT042030-30,0.0080,260.00,yes
2026-10-05T00:28:47.851113Z,KXBTC15M-26OCT042030-30,0.0080,187.03,yes
2026-10-05T00:28:47.851742Z,KXBTC15M-26OCT042030-30,0.0080,53.57,yes
2026-10-05T00:28:47.861306Z,KXBTC15M-26OCT042030-30,0.0060,20.00,no
2026-10-05T00:28:47.861306Z,KXBTC15M-26OCT042030-30,0.0070,17.00,no
2026-10-05T00:28:47.861306Z,KXBTC15M-26OCT042030-30,0.0060,60.94,no
2026-10-05T00:28:47.861306Z,KXBTC15M-26OCT042030-30,0.0060,24.72,no
2026-10-05T00:28:47.861306Z,KXBTC15M-26OCT042030-30,0.0070,0.01,no
2026-10-05T00:28:47.861306Z,KXBTC15M-26OCT042030-30,0.0070,0.01,no
2026-10-05T00:28:47.864413Z,KXBTC15M-26OCT042030-30,0.0050,395.67,no
2026-10-05T00:28:47.864413Z,KXBTC15M-26OCT042030-30,0.0060,475.28,no
2026-10-05T00:28:47.924544Z,KXBTC15M-26OCT042030-30,0.0060,254.94,no
2026-10-05T00:28:47.924544Z,KXBTC15M-26OCT042030-30,0.0060,0.01,no
2026-10-05T00:28:47.924544Z,KXBTC15M-26OCT042030-30,0.0070,0.01,no
2026-10-05T00:28:47.924544Z,KXBTC15M-26OCT042030-30,0.0070,0.01,no
2026-10-05T00:28:47.924544Z,KXBTC15M-26OCT042030-30,0.0070,15.00,no
2026-10-05T00:28:47.924544Z,KXBTC15M-26OCT042030-30,0.0070,17.00,no
2026-10-05T00:28:47.924544Z,KXBTC15M-26OCT042030-30,0.0060,0.01,no
2026-10-05T00:28:47.929466Z,KXBTC15M-26OCT042030-30,0.0060,0.71,yes
2026-10-05T00:28:47.945943Z,KXBTC15M-26OCT042030-30,0.0060,11.49,yes
2026-10-05T00:28:47.970088Z,KXBTC15M-26OCT042030-30,0.0050,9.86,no
2026-10-05T00:28:47.970695Z,KXBTC15M-26OCT042030-30,0.0050,71.76,no
2026-10-05T00:28:47.978749Z,KXBTC15M-26OCT042030-30,0.0060,67.00,yes
2026-10-05T00:28:47.987452Z,KXBTC15M-26OCT042030-30,0.0050,4.16,no
2026-10-05T00:28:47.987452Z,KXBTC15M-26OCT042030-30,0.0050,407.05,no
2026-10-05T00:28:47.987452Z,KXBTC15M-26OCT042030-30,0.0050,2000.00,no
2026-10-05T00:28:48.021376Z,KXBTC15M-26OCT042030-30,0.0060,2000.00,yes
2026-10-05T00:28:48.021376Z,KXBTC15M-26OCT042030-30,0.0060,348.88,yes
2026-10-05T00:28:48.021376Z,KXBTC15M-26OCT042030-30,0.0060,29.49,yes
2026-10-05T00:28:48.021376Z,KXBTC15M-26OCT042030-30,0.0060,0.01,yes
2026-10-05T00:28:48.021376Z,KXBTC15M-26OCT042030-30,0.0060,0.01,yes
2026-10-05T00:28:48.028801Z,KXBTC15M-26OCT042030-30,0.0050,32.10,no
2026-10-05T00:28:48.034217Z,KXBTC15M-26OCT042030-30,0.0060,31.95,yes
2026-10-05T00:28:48.034217Z,KXBTC15M-26OCT042030-30,0.0060,58.17,yes
2026-10-05T00:28:48.034217Z,KXBTC15M-26OCT042030-30,0.0060,0.01,yes
2026-10-05T00:28:48.034217Z,KXBTC15M-26OCT042030-30,0.0060,0.01,yes
2026-10-05T00:28:48.034217Z,KXBTC15M-26OCT042030-30,0.0060,9.86,yes
2026-10-05T00:28:48.04302Z,KXBTC15M-26OCT042030-30,0.0060,39.81,yes
2026-10-05T00:28:48.04302Z,KXBTC15M-26OCT042030-30,0.0060,0.01,yes
2026-10-05T00:28:48.04302Z,KXBTC15M-26OCT042030-30,0.0060,4.16,yes
2026-10-05T00:28:48.04302Z,KXBTC15M-26OCT042030-30,0.0060,0.01,yes
2026-10-05T00:28:48.050861Z,KXBTC15M-26OCT042030-30,0.0060,23.37,yes
2026-10-05T00:28:48.067795Z,KXBTC15M-26OCT042030-30,0.0050,947.40,no
2026-10-05T00:28:48.076926Z,KXBTC15M-26OCT042030-30,0.0060,8.73,yes
2026-10-05T00:28:48.076926Z,KXBTC15M-26OCT042030-30,0.0060,0.01,yes
2026-10-05T00:28:48.076926Z,KXBTC15M-26OCT042030-30,0.0060,0.01,yes
2026-10-05T00:28:48.076926Z,KXBTC15M-26OCT042030-30,0.0080,83.83,yes
2026-10-05T00:28:48.097878Z,KXBTC15M-26OCT042030-30,0.0060,38.07,yes
2026-10-05T00:28:48.114163Z,KXBTC15M-26OCT042030-30,0.0050,613.45,no
2026-10-05T00:28:48.114163Z,KXBTC15M-26OCT042030-30,0.0050,692.55,no
2026-10-05T00:28:48.130494Z,KXBTC15M-26OCT042030-30,0.0050,1.00,no
2026-10-05T00:28:48.130494Z,KXBTC15M-26OCT042030-30,0.0050,1307.45,no
2026-10-05T00:28:48.130494Z,KXBTC15M-26OCT042030-30,0.0050,120.00,no
2026-10-05T00:28:48.130494Z,KXBTC15M-26OCT042030-30,0.0050,542.54,no
2026-10-05T00:28:48.131523Z,KXBTC15M-26OCT042030-30,0.0060,11.64,yes
2026-10-05T00:28:48.165618Z,KXBTC15M-26OCT042030-30,0.0050,11.00,no
2026-10-05T00:28:48.165618Z,KXBTC15M-26OCT042030-30,0.0050,481.46,no
2026-10-05T00:28:48.165618Z,KXBTC15M-26OCT042030-30,0.0050,60.00,no
2026-10-05T00:28:48.165618Z,KXBTC15M-26OCT042030-30,0.0050,90.00,no
2026-10-05T00:28:48.165618Z,KXBTC15M-26OCT042030-30,0.0050,50.00,no
2026-10-05T00:28:48.165618Z,KXBTC15M-26OCT042030-30,0.0050,90.00,no
2026-10-05T00:28:48.165618Z,KXBTC15M-26OCT042030-30,0.0050,100.00,no
2026-10-05T00:28:48.165618Z,KXBTC15M-26OCT042030-30,0.0050,50.00,no
2026-10-05T00:28:48.165618Z,KXBTC15M-26OCT042030-30,0.0050,54.08,no
2026-10-05T00:28:48.165618Z,KXBTC15M-26OCT042030-30,0.0050,50.00,no
2026-10-05T00:28:48.165618Z,KXBTC15M-26OCT042030-30,0.0050,5.00,no
2026-10-05T00:28:48.165618Z,KXBTC15M-26OCT042030-30,0.0050,50.00,no
2026-10-05T00:28:48.165618Z,KXBTC15M-26OCT042030-30,0.0050,50.00,no
2026-10-05T00:28:48.165618Z,KXBTC15M-26OCT042030-30,0.0050,90.00,no
2026-10-05T00:28:48.165618Z,KXBTC15M-26OCT042030-30,0.0050,50.00,no
2026-10-05T00:28:48.165618Z,KXBTC15M-26OCT042030-30,0.0050,35.00,no
2026-10-05T00:28:48.165618Z,KXBTC15M-26OCT042030-30,0.0050,90.00,no
2026-10-05T00:28:48.180072Z,KXBTC15M-26OCT042030-30,0.0060,75.66,yes
2026-10-05T00:28:48.194822Z,KXBTC15M-26OCT042030-30,0.0060,584.42,yes
2026-10-05T00:28:48.201626Z,KXBTC15M-26OCT042030-30,0.0060,137.73,yes
2026-10-05T00:28:48.209464Z,KXBTC15M-26OCT042030-30,0.0060,575.60,yes
2026-10-05T00:28:48.209464Z,KXBTC15M-26OCT042030-30,0.0060,99.88,yes
2026-10-05T00:28:48.209464Z,KXBTC15M-26OCT042030-30,0.0060,0.01,yes
2026-10-05T00:28:48.225905Z,KXBTC15M-26OCT042030-30,0.0060,11.22,yes
2026-10-05T00:28:48.244774Z,KXBTC15M-26OCT042030-30,0.0060,26.63,yes
2026-10-05T00:28:48.244774Z,KXBTC15M-26OCT042030-30,0.0060,297.08,yes
2026-10-05T00:28:48.257236Z,KXBTC15M-26OCT042030-30,0.0060,38.00,yes
2026-10-05T00:28:48.275515Z,KXBTC15M-26OCT042030-30,0.0060,27.60,yes
2026-10-05T00:28:48.275721Z,KXBTC15M-26OCT042030-30,0.0060,6.80,yes
2026-10-05T00:28:48.276549Z,KXBTC15M-26OCT042030-30,0.0050,10.62,no
2026-10-05T00:28:48.276549Z,KXBTC15M-26OCT042030-30,0.0050,50.00,no
2026-10-05T00:28:48.276549Z,KXBTC15M-26OCT042030-30,0.0050,45.92,no
2026-10-05T00:28:48.276549Z,KXBTC15M-26OCT042030-30,0.0050,50.00,no
2026-10-05T00:28:48.276549Z,KXBTC15M-26OCT042030-30,0.0050,90.00,no
2026-10-05T00:28:48.294335Z,KXBTC15M-26OCT042030-30,0.0050,2.89,no
2026-10-05T00:28:48.301921Z,KXBTC15M-26OCT042030-30,0.0060,233.77,yes
2026-10-05T00:28:48.308684Z,KXBTC15M-26OCT042030-30,0.0050,1.88,no
2026-10-05T00:28:48.325717Z,KXBTC15M-26OCT042030-30,0.0060,89.30,yes
2026-10-05T00:28:48.325717Z,KXBTC15M-26OCT042030-30,0.0060,495.12,yes
2026-10-05T00:28:48.353323Z,KXBTC15M-26OCT042030-30,0.0060,47.42,yes
2026-10-05T00:28:48.353323Z,KXBTC15M-26OCT042030-30,0.0060,120.00,yes
2026-10-05T00:28:48.353323Z,KXBTC15M-26OCT042030-30,0.0060,350.67,yes
2026-10-05T00:28:48.371523Z,KXBTC15M-26OCT042030-30,0.0060,43.22,yes
2026-10-05T00:28:48.371523Z,KXBTC15M-26OCT042030-30,0.0060,956.78,yes
2026-10-05T00:28:48.388888Z,KXBTC15M-26OCT042030-30,0.0060,58.09,yes
2026-10-05T00:28:48.399755Z,KXBTC15M-26OCT042030-30,0.0060,35.46,yes
2026-10-05T00:28:48.399998Z,KXBTC15M-26OCT042030-30,0.0060,344.69,yes
2026-10-05T00:28:48.399998Z,KXBTC15M-26OCT042030-30,0.0060,0.01,yes
2026-10-05T00:28:48.399998Z,KXBTC15M-26OCT042030-30,0.0060,0.01,yes
2026-10-05T00:28:48.399998Z,KXBTC15M-26OCT042030-30,0.0080,186.83,yes
2026-10-05T00:28:48.400517Z,KXBTC15M-26OCT042030-30,0.0080,80.00,yes
2026-10-05T00:28:48.434004Z,KXBTC15M-26OCT042030-30,0.0080,69.97,yes
2026-10-05T00:28:48.438988Z,KXBTC15M-26OCT042030-30,0.0040,1572.32,no
2026-10-05T00:28:48.438988Z,KXBTC15M-26OCT042030-30,0.0050,48.75,no
2026-10-05T00:28:48.438988Z,KXBTC15M-26OCT042030-30,0.0050,90.00,no
2026-10-05T00:28:48.438988Z,KXBTC15M-26OCT042030-30,0.0050,50.00,no
2026-10-05T00:28:48.438988Z,KXBTC15M-26OCT042030-30,0.0050,10.00,no
2026-10-05T00:28:48.438988Z,KXBTC15M-26OCT042030-30,0.0050,0.01,no
2026-10-05T00:28:48.438988Z,KXBTC15M-26OCT042030-30,0.0050,22.00,no
2026-10-05T00:28:48.438988Z,KXBTC15M-26OCT042030-30,0.0050,500.00,no
2026-10-05T00:28:48.438988Z,KXBTC15M-26OCT042030-30,0.0050,0.01,no
2026-10-05T00:28:48.438988Z,KXBTC15M-26OCT042030-30,0.0050,17.00,no
2026-10-05T00:28:48.438988Z,KXBTC15M-26OCT042030-30,0.0050,15.00,no
2026-10-05T00:28:48.438988Z,KXBTC15M-26OCT042030-30,0.0050,15.00,no
2026-10-05T00:28:48.438988Z,KXBTC15M-26OCT042030-30,0.0050,279.00,no
2026-10-05T00:28:48.438988Z,KXBTC15M-26OCT042030-30,0.0050,1500.00,no
2026-10-05T00:28:48.438988Z,KXBTC15M-26OCT042030-30,0.0050,29.00,no
2026-10-05T00:28:48.438988Z,KXBTC15M-26OCT042030-30,0.0050,500.00,no
2026-10-05T00:28:48.438988Z,KXBTC15M-26OCT042030-30,0.0050,74.61,no
2026-10-05T00:28:48.438988Z,KXBTC15M-26OCT042030-30,0.0050,100.00,no
2026-10-05T00:28:48.463819Z,KXBTC15M-26OCT042030-30,0.0060,54.15,yes
2026-10-05T00:28:48.465166Z,KXBTC15M-26OCT042030-30,0.0060,7.67,yes
2026-10-05T00:28:48.519179Z,KXBTC15M-26OCT042030-30,0.0060,1.45,yes
2026-10-05T00:28:48.53127Z,KXBTC15M-26OCT042030-30,0.0060,152.71,yes
2026-10-05T00:28:48.547782Z,KXBTC15M-26OCT042030-30,0.0060,31.16,yes
2026-10-05T00:28:48.563578Z,KXBTC15M-26OCT042030-30,0.0060,152.71,yes
2026-10-05T00:28:48.569658Z,KXBTC15M-26OCT042030-30,0.0060,46.29,yes
2026-10-05T00:28:48.57707Z,KXBTC15M-26OCT042030-30,0.0060,155.83,yes
2026-10-05T00:28:48.579868Z,KXBTC15M-26OCT042030-30,0.0050,0.01,no
2026-10-05T00:28:48.579868Z,KXBTC15M-26OCT042030-30,0.0050,17.00,no
2026-10-05T00:28:48.579868Z,KXBTC15M-26OCT042030-30,0.0050,0.01,no
2026-10-05T00:28:48.579868Z,KXBTC15M-26OCT042030-30,0.0050,27.18,no
2026-10-05T00:28:48.584523Z,KXBTC15M-26OCT042030-30,0.0060,5.18,yes
2026-10-05T00:28:48.588086Z,KXBTC15M-26OCT042030-30,0.0060,464.74,yes
2026-10-05T00:28:48.614199Z,KXBTC15M-26OCT042030-30,0.0050,22.00,no
2026-10-05T00:28:48.614199Z,KXBTC15M-26OCT042030-30,0.0050,704.82,no
2026-10-05T00:28:48.614199Z,KXBTC15M-26OCT042030-30,0.0050,277.85,no
2026-10-05T00:28:48.624974Z,KXBTC15M-26OCT042030-30,0.0040,0.63,no
2026-10-05T00:28:48.624974Z,KXBTC15M-26OCT042030-30,0.0050,222.15,no
2026-10-05T00:28:48.624974Z,KXBTC15M-26OCT042030-30,0.0050,25.00,no
2026-10-05T00:28:48.624974Z,KXBTC15M-26OCT042030-30,0.0050,500.00,no
2026-10-05T00:28:48.624974Z,KXBTC15M-26OCT042030-30,0.0050,22.00,no
2026-10-05T00:28:48.624974Z,KXBTC15M-26OCT042030-30,0.0050,0.01,no
2026-10-05T00:28:48.624974Z,KXBTC15M-26OCT042030-30,0.0050,39.00,no
2026-10-05T00:28:48.624974Z,KXBTC15M-26OCT042030-30,0.0050,10.00,no
2026-10-05T00:28:48.624974Z,KXBTC15M-26OCT042030-30,0.0050,0.01,no
2026-10-05T00:28:48.628315Z,KXBTC15M-26OCT042030-30,0.0060,152.71,yes
2026-10-05T00:28:48.633758Z,KXBTC15M-26OCT042030-30,0.0060,0.01,yes
2026-10-05T00:28:48.633758Z,KXBTC15M-26OCT042030-30,0.0060,15.00,yes
2026-10-05T00:28:48.633758Z,KXBTC15M-26OCT042030-30,0.0060,160.05,yes
2026-10-05T00:28:48.652209Z,KXBTC15M-26OCT042030-30,0.0060,165.66,yes
2026-10-05T00:28:48.655076Z,KXBTC15M-26OCT042030-30,0.0040,227.05,no
2026-10-05T00:28:48.655076Z,KXBTC15M-26OCT042030-30,0.0040,328.11,no
2026-10-05T00:28:48.655076Z,KXBTC15M-26OCT042030-30,0.0050,22.00,no
2026-10-05T00:28:48.655076Z,KXBTC15M-26OCT042030-30,0.0050,0.01,no
2026-10-05T00:28:48.655076Z,KXBTC15M-26OCT042030-30,0.0050,15.00,no
2026-10-05T00:28:48.655076Z,KXBTC15M-26OCT042030-30,0.0050,0.01,no
2026-10-05T00:28:48.655076Z,KXBTC15M-26OCT042030-30,0.0050,17.00,no
2026-10-05T00:28:48.718444Z,KXBTC15M-26OCT042030-30,0.0050,0.01,yes
2026-10-05T00:28:48.718444Z,KXBTC15M-26OCT042030-30,0.0050,0.01,yes
2026-10-05T00:28:48.718444Z,KXBTC15M-26OCT042030-30,0.0050,10.85,yes
2026-10-05T00:28:48.718444Z,KXBTC15M-26OCT042030-30,0.0050,15.00,yes
2026-10-05T00:28:48.721504Z,KXBTC15M-26OCT042030-30,0.0050,31.98,yes
2026-10-05T00:28:48.76217Z,KXBTC15M-26OCT042030-30,0.0050,131.04,yes
2026-10-05T00:28:48.772868Z,KXBTC15M-26OCT042030-30,0.0050,68.00,yes
2026-10-05T00:28:48.777304Z,KXBTC15M-26OCT042030-30,0.0040,24.60,no
2026-10-05T00:28:48.779749Z,KXBTC15M-26OCT042030-30,0.0050,86.24,yes
2026-10-05T00:28:48.779749Z,KXBTC15M-26OCT042030-30,0.0060,526.20,yes
2026-10-05T00:28:48.779749Z,KXBTC15M-26OCT042030-30,0.0050,0.01,yes
2026-10-05T00:28:48.779749Z,KXBTC15M-26OCT042030-30,0.0050,2.36,yes
2026-10-05T00:28:48.779749Z,KXBTC15M-26OCT042030-30,0.0050,15.00,yes
2026-10-05T00:28:48.779749Z,KXBTC15M-26OCT042030-30,0.0050,0.01,yes
2026-10-05T00:28:48.794591Z,KXBTC15M-26OCT042030-30,0.0060,709.40,yes
2026-10-05T00:28:48.798993Z,KXBTC15M-26OCT042030-30,0.0050,6.15,no
2026-10-05T00:28:48.798993Z,KXBTC15M-26OCT042030-30,0.0050,10.00,no
2026-10-05T00:28:48.798993Z,KXBTC15M-26OCT042030-30,0.0050,17.00,no
2026-10-05T00:28:48.82291Z,KXBTC15M-26OCT042030-30,0.0060,11.01,yes
2026-10-05T00:28:48.82291Z,KXBTC15M-26OCT042030-30,0.0060,40.75,yes
2026-10-05T00:28:48.829356Z,KXBTC15M-26OCT042030-30,0.0060,30.19,yes
2026-10-05T00:28:48.857789Z,KXBTC15M-26OCT042030-30,0.0060,77.91,yes
2026-10-05T00:28:48.893753Z,KXBTC15M-26OCT042030-30,0.0060,253.83,yes
2026-10-05T00:28:48.904144Z,KXBTC15M-26OCT042030-30,0.0060,10.55,yes
2026-10-05T00:28:48.90578Z,KXBTC15M-26OCT042030-30,0.0060,109.44,yes
2026-10-05T00:28:48.910146Z,KXBTC15M-26OCT042030-30,0.0060,15.88,yes
2026-10-05T00:28:48.929297Z,KXBTC15M-26OCT042030-30,0.0060,72.70,yes
2026-10-05T00:28:48.930439Z,KXBTC15M-26OCT042030-30,0.0060,231.00,yes
2026-10-05T00:28:48.94576Z,KXBTC15M-26OCT042030-30,0.0060,0.18,yes
2026-10-05T00:28:48.947057Z,KXBTC15M-26OCT042030-30,0.0060,159.24,yes
2026-10-05T00:28:48.947057Z,KXBTC15M-26OCT042030-30,0.0060,157.57,yes
2026-10-05T00:28:48.947057Z,KXBTC15M-26OCT042030-30,0.0060,0.63,yes
2026-10-05T00:28:48.957127Z,KXBTC15M-26OCT042030-30,0.0050,25.11,no
2026-10-05T00:28:48.957531Z,KXBTC15M-26OCT042030-30,0.0060,24.60,yes
2026-10-05T00:28:48.957531Z,KXBTC15M-26OCT042030-30,0.0060,0.01,yes
2026-10-05T00:28:48.957531Z,KXBTC15M-26OCT042030-30,0.0060,67.81,yes
2026-10-05T00:28:48.957531Z,KXBTC15M-26OCT042030-30,0.0060,0.01,yes
2026-10-05T00:28:48.957531Z,KXBTC15M-26OCT042030-30,0.0080,24.45,yes
2026-10-05T00:28:48.964715Z,KXBTC15M-26OCT042030-30,0.0060,3.67,no
2026-10-05T00:28:48.967603Z,KXBTC15M-26OCT042030-30,0.0070,16.86,yes
2026-10-05T00:28:48.970149Z,KXBTC15M-26OCT042030-30,0.0070,1.52,yes
2026-10-05T00:28:48.972854Z,KXBTC15M-26OCT042030-30,0.0060,13.33,no
2026-10-05T00:28:48.972854Z,KXBTC15M-26OCT042030-30,0.0060,41.92,no
2026-10-05T00:28:48.988813Z,KXBTC15M-26OCT042030-30,0.0070,107.19,yes
2026-10-05T00:28:48.989221Z,KXBTC15M-26OCT042030-30,0.0070,67.32,yes
2026-10-05T00:28:48.994219Z,KXBTC15M-26OCT042030-30,0.0060,0.01,no
2026-10-05T00:28:48.994219Z,KXBTC15M-26OCT042030-30,0.0060,0.07,no
2026-10-05T00:28:48.994219Z,KXBTC15M-26OCT042030-30,0.0060,20.00,no
2026-10-05T00:28:48.994219Z,KXBTC15M-26OCT042030-30,0.0060,0.01,no
2026-10-05T00:28:48.996058Z,KXBTC15M-26OCT042030-30,0.0070,46.15,yes
2026-10-05T00:28:49.01163Z,KXBTC15M-26OCT042030-30,0.0070,85.15,yes
2026-10-05T00:28:49.025535Z,KXBTC15M-26OCT042030-30,0.0060,9.02,no
2026-10-05T00:28:49.032939Z,KXBTC15M-26OCT042030-30,0.0080,11.67,yes
2026-10-05T00:28:49.032939Z,KXBTC15M-26OCT042030-30,0.0070,0.01,yes
2026-10-05T00:28:49.032939Z,KXBTC15M-26OCT042030-30,0.0070,0.01,yes
2026-10-05T00:28:49.067721Z,KXBTC15M-26OCT042030-30,0.0080,6.15,yes
2026-10-05T00:28:49.083473Z,KXBTC15M-26OCT042030-30,0.0080,19.24,yes
2026-10-05T00:28:49.090804Z,KXBTC15M-26OCT042030-30,0.0070,12.78,no
2026-10-05T00:28:49.105199Z,KXBTC15M-26OCT042030-30,0.0070,447.71,no
2026-10-05T00:28:49.105199Z,KXBTC15M-26OCT042030-30,0.0070,4.22,no
2026-10-05T00:28:49.105199Z,KXBTC15M-26OCT042030-30,0.0070,0.01,no
2026-10-05T00:28:49.105199Z,KXBTC15M-26OCT042030-30,0.0070,0.01,no
2026-10-05T00:28:49.119031Z,KXBTC15M-26OCT042030-30,0.0080,18.28,yes
2026-10-05T00:28:49.121975Z,KXBTC15M-26OCT042030-30,0.0080,16.74,yes
2026-10-05T00:28:49.124536Z,KXBTC15M-26OCT042030-30,0.0080,30.01,yes
2026-10-05T00:28:49.129153Z,KXBTC15M-26OCT042030-30,0.0080,76.95,yes
2026-10-05T00:28:49.16057Z,KXBTC15M-26OCT042030-30,0.0080,27.16,yes
2026-10-05T00:28:49.174159Z,KXBTC15M-26OCT042030-30,0.0080,79.78,yes
2026-10-05T00:28:49.178692Z,KXBTC15M-26OCT042030-30,0.0080,784.29,yes
2026-10-05T00:28:49.184766Z,KXBTC15M-26OCT042030-30,0.0070,84.00,no
2026-10-05T00:28:49.201527Z,KXBTC15M-26OCT042030-30,0.0070,1.11,no
2026-10-05T00:28:49.201527Z,KXBTC15M-26OCT042030-30,0.0070,0.01,no
2026-10-05T00:28:49.201527Z,KXBTC15M-26OCT042030-30,0.0070,0.01,no
2026-10-05T00:28:49.201527Z,KXBTC15M-26OCT042030-30,0.0070,17.40,no
2026-10-05T00:28:49.264562Z,KXBTC15M-26OCT042030-30,0.0070,14.75,no
2026-10-05T00:28:49.266248Z,KXBTC15M-26OCT042030-30,0.0080,8.81,yes
2026-10-05T00:28:49.270065Z,KXBTC15M-26OCT042030-30,0.0080,2.29,yes
2026-10-05T00:28:49.287369Z,KXBTC15M-26OCT042030-30,0.0070,5.02,no
2026-10-05T00:28:49.332693Z,KXBTC15M-26OCT042030-30,0.0080,121.93,yes
2026-10-05T00:28:49.344972Z,KXBTC15M-26OCT042030-30,0.0080,17.85,yes
2026-10-05T00:28:49.352952Z,KXBTC15M-26OCT042030-30,0.0080,191.35,yes
2026-10-05T00:28:49.368946Z,KXBTC15M-26OCT042030-30,0.0080,37.57,yes
2026-10-05T00:28:49.376078Z,KXBTC15M-26OCT042030-30,0.0080,28.43,yes
2026-10-05T00:28:49.379158Z,KXBTC15M-26OCT042030-30,0.0080,31.84,yes
2026-10-05T00:28:49.395579Z,KXBTC15M-26OCT042030-30,0.0070,34.15,no
2026-10-05T00:28:49.396524Z,KXBTC15M-26OCT042030-30,0.0080,340.00,yes
2026-10-05T00:28:49.407448Z,KXBTC15M-26OCT042030-30,0.0080,79.78,yes
2026-10-05T00:28:49.434906Z,KXBTC15M-26OCT042030-30,0.0080,69.96,yes
2026-10-05T00:28:49.467486Z,KXBTC15M-26OCT042030-30,0.0070,43.16,no
2026-10-05T00:28:49.478308Z,KXBTC15M-26OCT042030-30,0.0080,14.58,yes
2026-10-05T00:28:49.485204Z,KXBTC15M-26OCT042030-30,0.0080,20.43,yes
2026-10-05T00:28:49.49296Z,KXBTC15M-26OCT042030-30,0.0070,36.49,no
2026-10-05T00:28:49.511859Z,KXBTC15M-26OCT042030-30,0.0080,3.00,yes
2026-10-05T00:28:49.511859Z,KXBTC15M-26OCT042030-30,0.0080,94.37,yes
2026-10-05T00:28:49.511859Z,KXBTC15M-26OCT042030-30,0.0080,19.51,yes
2026-10-05T00:28:49.553055Z,KXBTC15M-26OCT042030-30,0.0080,116.88,yes
2026-10-05T00:28:49.553461Z,KXBTC15M-26OCT042030-30,0.0080,6.90,yes
2026-10-05T00:28:49.561577Z,KXBTC15M-26OCT042030-30,0.0080,37.78,yes
2026-10-05T00:28:49.561577Z,KXBTC15M-26OCT042030-30,0.0080,2.00,yes
2026-10-05T00:28:49.561577Z,KXBTC15M-26OCT042030-30,0.0080,356.71,yes
2026-10-05T00:28:49.561577Z,KXBTC15M-26OCT042030-30,0.0080,0.01,yes
2026-10-05T00:28:49.561577Z,KXBTC15M-26OCT042030-30,0.0080,0.01,yes
2026-10-05T00:28:49.561577Z,KXBTC15M-26OCT042030-30,0.0080,2.00,yes
2026-10-05T00:28:49.561577Z,KXBTC15M-26OCT042030-30,0.0080,1.49,yes
2026-10-05T00:28:49.570045Z,KXBTC15M-26OCT042030-30,0.0050,22.00,no
2026-10-05T00:28:49.570045Z,KXBTC15M-26OCT042030-30,0.0050,17.00,no
2026-10-05T00:28:49.570045Z,KXBTC15M-26OCT042030-30,0.0050,31.20,no
2026-10-05T00:28:49.570045Z,KXBTC15M-26OCT042030-30,0.0060,20.00,no
2026-10-05T00:28:49.570045Z,KXBTC15M-26OCT042030-30,0.0070,0.01,no
2026-10-05T00:28:49.570045Z,KXBTC15M-26OCT042030-30,0.0070,0.01,no
2026-10-05T00:28:49.570045Z,KXBTC15M-26OCT042030-30,0.0050,913.90,no
2026-10-05T00:28:49.570045Z,KXBTC15M-26OCT042030-30,0.0050,732.00,no
2026-10-05T00:28:49.573794Z,KXBTC15M-26OCT042030-30,0.0080,6.65,yes
2026-10-05T00:28:49.573794Z,KXBTC15M-26OCT042030-30,0.0080,0.01,yes
2026-10-05T00:28:49.573794Z,KXBTC15M-26OCT042030-30,0.0080,0.01,yes
2026-10-05T00:28:49.577106Z,KXBTC15M-26OCT042030-30,0.0070,11.09,yes
2026-10-05T00:28:49.604769Z,KXBTC15M-26OCT042030-30,0.0060,12.94,no
2026-10-05T00:28:49.614882Z,KXBTC15M-26OCT042030-30,0.0070,30.10,yes
2026-10-05T00:28:49.618838Z,KXBTC15M-26OCT042030-30,0.0070,11.67,yes
2026-10-05T00:28:49.629707Z,KXBTC15M-26OCT042030-30,0.0070,3.14,yes
2026-10-05T00:28:49.631619Z,KXBTC15M-26OCT042030-30,0.0060,2.01,no
2026-10-05T00:28:49.665605Z,KXBTC15M-26OCT042030-30,0.0070,19.20,yes
2026-10-05T00:28:49.668234Z,KXBTC15M-26OCT042030-30,0.0070,350.66,yes
2026-10-05T00:28:49.692991Z,KXBTC15M-26OCT042030-30,0.0070,48.35,yes
2026-10-05T00:28:49.696373Z,KXBTC15M-26OCT042030-30,0.0070,265.43,yes
2026-10-05T00:28:49.732075Z,KXBTC15M-26OCT042030-30,0.0070,25.22,yes
2026-10-05T00:28:49.732075Z,KXBTC15M-26OCT042030-30,0.0070,0.01,yes
2026-10-05T00:28:49.732075Z,KXBTC15M-26OCT042030-30,0.0070,0.01,yes
2026-10-05T00:28:49.775865Z,KXBTC15M-26OCT042030-30,0.0060,16.62,no
2026-10-05T00:28:49.775865Z,KXBTC15M-26OCT042030-30,0.0060,2.05,no
2026-10-05T00:28:49.812888Z,KXBTC15M-26OCT042030-30,0.0090,41.89,yes
2026-10-05T00:28:49.812888Z,KXBTC15M-26OCT042030-30,0.0090,2.00,yes
2026-10-05T00:28:49.812888Z,KXBTC15M-26OCT042030-30,0.0090,2.00,yes
2026-10-05T00:28:49.812888Z,KXBTC15M-26OCT042030-30,0.0070,0.01,yes
2026-10-05T00:28:49.812888Z,KXBTC15M-26OCT042030-30,0.0070,0.01,yes
2026-10-05T00:28:49.822504Z,KXBTC15M-26OCT042030-30,0.0080,116.88,yes
2026-10-05T00:28:49.826934Z,KXBTC15M-26OCT042030-30,0.0060,16.62,no
2026-10-05T00:28:49.826934Z,KXBTC15M-26OCT042030-30,0.0060,0.01,no
2026-10-05T00:28:49.826934Z,KXBTC15M-26OCT042030-30,0.0050,48.61,no
2026-10-05T00:28:49.826934Z,KXBTC15M-26OCT042030-30,0.0060,0.01,no
2026-10-05T00:28:49.826934Z,KXBTC15M-26OCT042030-30,0.0060,3.38,no
2026-10-05T00:28:49.826934Z,KXBTC15M-26OCT042030-30,0.0060,13.00,no
2026-10-05T00:28:49.826934Z,KXBTC15M-26OCT042030-30,0.0050,17.00,no
2026-10-05T00:28:49.834731Z,KXBTC15M-26OCT042030-30,0.0080,57.27,yes
2026-10-05T00:28:49.834949Z,KXBTC15M-26OCT042030-30,0.0080,4.88,yes
2026-10-05T00:28:49.846031Z,KXBTC15M-26OCT042030-30,0.0100,26.41,yes
2026-10-05T00:28:49.846031Z,KXBTC15M-26OCT042030-30,0.0080,0.01,yes
2026-10-05T00:28:49.846031Z,KXBTC15M-26OCT042030-30,0.0080,0.01,yes
2026-10-05T00:28:49.846034Z,KXBTC15M-26OCT042030-30,0.0100,39.56,yes
2026-10-05T00:28:49.850939Z,KXBTC15M-26OCT042030-30,0.0100,15.04,yes
2026-10-05T00:28:49.850939Z,KXBTC15M-26OCT042030-30,0.0100,51.60,yes
2026-10-05T00:28:49.872903Z,KXBTC15M-26OCT042030-30,0.0090,27.24,yes
2026-10-05T00:28:49.873387Z,KXBTC15M-26OCT042030-30,0.0090,2.24,yes
2026-10-05T00:28:49.898984Z,KXBTC15M-26OCT042030-30,0.0040,394.87,no
2026-10-05T00:28:49.898984Z,KXBTC15M-26OCT042030-30,0.0060,20.00,no
2026-10-05T00:28:49.898984Z,KXBTC15M-26OCT042030-30,0.0060,0.01,no
2026-10-05T00:28:49.898984Z,KXBTC15M-26OCT042030-30,0.0050,24.96,no
2026-10-05T00:28:49.898984Z,KXBTC15M-26OCT042030-30,0.0060,0.01,no
2026-10-05T00:28:49.898984Z,KXBTC15M-26OCT042030-30,0.0060,100.00,no
2026-10-05T00:28:49.898984Z,KXBTC15M-26OCT042030-30,0.0050,18.00,no
2026-10-05T00:28:49.898984Z,KXBTC15M-26OCT042030-30,0.0060,17.00,no
2026-10-05T00:28:49.898984Z,KXBTC15M-26OCT042030-30,0.0050,17.00,no
2026-10-05T00:28:49.903692Z,KXBTC15M-26OCT042030-30,0.0040,5.00,no
2026-10-05T00:28:49.917773Z,KXBTC15M-26OCT042030-30,0.0040,270.94,no
2026-10-05T00:28:49.917773Z,KXBTC15M-26OCT042030-30,0.0050,17.00,no
2026-10-05T00:28:49.917773Z,KXBTC15M-26OCT042030-30,0.0060,20.00,no
2026-10-05T00:28:49.917773Z,KXBTC15M-26OCT042030-30,0.0050,0.01,no
2026-10-05T00:28:49.917773Z,KXBTC15M-26OCT042030-30,0.0050,0.01,no
2026-10-05T00:28:49.917773Z,KXBTC15M-26OCT042030-30,0.0050,19.97,no
2026-10-05T00:28:49.918665Z,KXBTC15M-26OCT042030-30,0.0100,8.89,yes
2026-10-05T00:28:49.918665Z,KXBTC15M-26OCT042030-30,0.0090,0.01,yes
2026-10-05T00:28:49.918665Z,KXBTC15M-26OCT042030-30,0.0090,0.01,yes
2026-10-05T00:28:49.927591Z,KXBTC15M-26OCT042030-30,0.0100,111.57,yes
2026-10-05T00:28:49.927591Z,KXBTC15M-26OCT042030-30,0.0090,0.01,yes
2026-10-05T00:28:49.936227Z,KXBTC15M-26OCT042030-30,0.0100,40.00,yes
2026-10-05T00:28:49.936227Z,KXBTC15M-26OCT042030-30,0.0090,10.00,yes
2026-10-05T00:28:49.945444Z,KXBTC15M-26OCT042030-30,0.0100,16.90,yes
2026-10-05T00:28:49.972942Z,KXBTC15M-26OCT042030-30,0.0070,1.00,no
2026-10-05T00:28:49.987733Z,KXBTC15M-26OCT042030-30,0.0070,2.01,no
2026-10-05T00:28:50.061756Z,KXBTC15M-26OCT042030-30,0.0040,637.25,no
2026-10-05T00:28:50.061756Z,KXBTC15M-26OCT042030-30,0.0070,0.01,no
2026-10-05T00:28:50.061756Z,KXBTC15M-26OCT042030-30,0.0070,0.01,no
2026-10-05T00:28:50.061756Z,KXBTC15M-26OCT042030-30,0.0070,13.99,no
2026-10-05T00:28:50.061756Z,KXBTC15M-26OCT042030-30,0.0050,22.00,no
2026-10-05T00:28:50.061756Z,KXBTC15M-26OCT042030-30,0.0060,17.00,no
2026-10-05T00:28:50.063374Z,KXBTC15M-26OCT042030-30,0.0080,5.78,yes
2026-10-05T00:28:50.105902Z,KXBTC15M-26OCT042030-30,0.0080,91.45,yes
2026-10-05T00:28:50.128366Z,KXBTC15M-26OCT042030-30,0.0080,7.29,yes
2026-10-05T00:28:50.128646Z,KXBTC15M-26OCT042030-30,0.0080,69.43,yes
2026-10-05T00:28:50.132248Z,KXBTC15M-26OCT042030-30,0.0080,0.01,yes
2026-10-05T00:28:50.132248Z,KXBTC15M-26OCT042030-30,0.0080,0.01,yes
2026-10-05T00:28:50.132248Z,KXBTC15M-26OCT042030-30,0.0080,5.00,yes
2026-10-05T00:28:50.132248Z,KXBTC15M-26OCT042030-30,0.0080,96.99,yes
2026-10-05T00:28:50.132248Z,KXBTC15M-26OCT042030-30,0.0080,394.87,yes
2026-10-05T00:28:50.132248Z,KXBTC15M-26OCT042030-30,0.0080,178.78,yes
2026-10-05T00:28:50.178334Z,KXBTC15M-26OCT042030-30,0.0080,5.40,yes
2026-10-05T00:28:50.194154Z,KXBTC15M-26OCT042030-30,0.0080,284.14,yes
2026-10-05T00:28:50.194154Z,KXBTC15M-26OCT042030-30,0.0080,315.82,yes
2026-10-05T00:28:50.196385Z,KXBTC15M-26OCT042030-30,0.0080,571.01,yes
2026-10-05T00:28:50.228116Z,KXBTC15M-26OCT042030-30,0.0080,15.88,yes
2026-10-05T00:28:50.233408Z,KXBTC15M-26OCT042030-30,0.0070,17.00,no
2026-10-05T00:28:50.233408Z,KXBTC15M-26OCT042030-30,0.0070,0.01,no
2026-10-05T00:28:50.233408Z,KXBTC15M-26OCT042030-30,0.0070,241.98,no
2026-10-05T00:28:50.233408Z,KXBTC15M-26OCT042030-30,0.0070,0.01,no
2026-10-05T00:28:50.243116Z,KXBTC15M-26OCT042030-30,0.0070,11.27,no
2026-10-05T00:28:50.243116Z,KXBTC15M-26OCT042030-30,0.0070,0.01,no
2026-10-05T00:28:50.243116Z,KXBTC15M-26OCT042030-30,0.0070,0.01,no
2026-10-05T00:28:50.249816Z,KXBTC15M-26OCT042030-30,0.0080,50.36,yes
2026-10-05T00:28:50.249816Z,KXBTC15M-26OCT042030-30,0.0080,0.01,yes
2026-10-05T00:28:50.249816Z,KXBTC15M-26OCT042030-30,0.0080,0.01,yes
2026-10-05T00:28:50.249816Z,KXBTC15M-26OCT042030-30,0.0100,145.63,yes
2026-10-05T00:28:50.249816Z,KXBTC15M-26OCT042030-30,0.0100,2.00,yes
2026-10-05T00:28:50.249816Z,KXBTC15M-26OCT042030-30,0.0090,65.00,yes
2026-10-05T00:28:50.249816Z,KXBTC15M-26OCT042030-30,0.0100,203.67,yes
2026-10-05T00:28:50.257641Z,KXBTC15M-26OCT042030-30,0.0080,0.01,yes
2026-10-05T00:28:50.257641Z,KXBTC15M-26OCT042030-30,0.0080,0.01,yes
2026-10-05T00:28:50.257641Z,KXBTC15M-26OCT042030-30,0.0100,78.98,yes
2026-10-05T00:28:50.28196Z,KXBTC15M-26OCT042030-30,0.0100,22.70,yes
2026-10-05T00:28:50.283835Z,KXBTC15M-26OCT042030-30,0.0060,14.21,no
2026-10-05T00:28:50.283835Z,KXBTC15M-26OCT042030-30,0.0070,0.01,no
2026-10-05T00:28:50.283835Z,KXBTC15M-26OCT042030-30,0.0070,0.01,no
2026-10-05T00:28:50.313641Z,KXBTC15M-26OCT042030-30,0.0070,0.79,no
2026-10-05T00:28:50.319079Z,KXBTC15M-26OCT042030-30,0.0090,19.65,yes
2026-10-05T00:28:50.337066Z,KXBTC15M-26OCT042030-30,0.0070,2.01,no
2026-10-05T00:28:50.356794Z,KXBTC15M-26OCT042030-30,0.0090,28.05,yes
2026-10-05T00:28:50.371076Z,KXBTC15M-26OCT042030-30,0.0090,116.25,yes
2026-10-05T00:28:50.371076Z,KXBTC15M-26OCT042030-30,0.0090,0.01,yes
2026-10-05T00:28:50.371076Z,KXBTC15M-26OCT042030-30,0.0090,255.61,yes
2026-10-05T00:28:50.390579Z,KXBTC15M-26OCT042030-30,0.0080,2.14,yes
2026-10-05T00:28:50.390579Z,KXBTC15M-26OCT042030-30,0.0100,30.12,yes
2026-10-05T00:28:50.431211Z,KXBTC15M-26OCT042030-30,0.0040,1775.42,no
2026-10-05T00:28:50.431211Z,KXBTC15M-26OCT042030-30,0.0040,139.23,no
2026-10-05T00:28:50.431211Z,KXBTC15M-26OCT042030-30,0.0050,22.00,no
2026-10-05T00:28:50.431211Z,KXBTC15M-26OCT042030-30,0.0070,0.01,no
2026-10-05T00:28:50.431211Z,KXBTC15M-26OCT042030-30,0.0070,0.01,no
2026-10-05T00:28:50.431211Z,KXBTC15M-26OCT042030-30,0.0050,17.00,no
2026-10-05T00:28:50.431211Z,KXBTC15M-26OCT042030-30,0.0070,14.20,no
2026-10-05T00:28:50.441082Z,KXBTC15M-26OCT042030-30,0.0040,1.00,no
2026-10-05T00:28:50.441082Z,KXBTC15M-26OCT042030-30,0.0040,120.00,no
2026-10-05T00:28:50.441082Z,KXBTC15M-26OCT042030-30,0.0040,24.58,no
2026-10-05T00:28:50.441082Z,KXBTC15M-26OCT042030-30,0.0040,1.00,no
2026-10-05T00:28:50.441082Z,KXBTC15M-26OCT042030-30,0.0040,1.00,no
2026-10-05T00:28:50.441082Z,KXBTC15M-26OCT042030-30,0.0040,13.00,no
2026-10-05T00:28:50.441082Z,KXBTC15M-26OCT042030-30,0.0040,1.00,no
2026-10-05T00:28:50.441082Z,KXBTC15M-26OCT042030-30,0.0040,1.00,no
2026-10-05T00:28:50.441082Z,KXBTC15M-26OCT042030-30,0.0040,1.00,no
2026-10-05T00:28:50.441082Z,KXBTC15M-26OCT042030-30,0.0040,512.00,no
2026-10-05T00:28:50.441082Z,KXBTC15M-26OCT042030-30,0.0050,17.00,no
2026-10-05T00:28:50.441082Z,KXBTC15M-26OCT042030-30,0.0050,0.01,no
2026-10-05T00:28:50.441082Z,KXBTC15M-26OCT042030-30,0.0050,500.00,no
2026-10-05T00:28:50.441082Z,KXBTC15M-26OCT042030-30,0.0050,0.01,no
2026-10-05T00:28:50.441082Z,KXBTC15M-26OCT042030-30,0.0040,15.00,no
2026-10-05T00:28:50.441082Z,KXBTC15M-26OCT042030-30,0.0040,15.00,no
2026-10-05T00:28:50.441082Z,KXBTC15M-26OCT042030-30,0.0040,1210.53,no
2026-10-05T00:28:50.488874Z,KXBTC15M-26OCT042030-30,0.0060,69.22,yes
2026-10-05T00:28:50.511981Z,KXBTC15M-26OCT042030-30,0.0060,162.00,yes
2026-10-05T00:28:50.51335Z,KXBTC15M-26OCT042030-30,0.0060,35.98,yes
2026-10-05T00:28:50.521775Z,KXBTC15M-26OCT042030-30,0.0060,452.34,yes
2026-10-05T00:28:50.529185Z,KXBTC15M-26OCT042030-30,0.0060,6.99,yes
2026-10-05T00:28:50.624315Z,KXBTC15M-26OCT042030-30,0.0060,124.13,yes
2026-10-05T00:28:50.636584Z,KXBTC15M-26OCT042030-30,0.0060,90.14,yes
2026-10-05T00:28:50.640953Z,KXBTC15M-26OCT042030-30,0.0060,40.53,yes
2026-10-05T00:28:50.6613Z,KXBTC15M-26OCT042030-30,0.0030,784.14,no
2026-10-05T00:28:50.6613Z,KXBTC15M-26OCT042030-30,0.0040,22.00,no
2026-10-05T00:28:50.6613Z,KXBTC15M-26OCT042030-30,0.0050,0.01,no
2026-10-05T00:28:50.6613Z,KXBTC15M-26OCT042030-30,0.0040,20.00,no
2026-10-05T00:28:50.6613Z,KXBTC15M-26OCT042030-30,0.0050,15.97,no
2026-10-05T00:28:50.6613Z,KXBTC15M-26OCT042030-30,0.0040,17.00,no
2026-10-05T00:28:50.6613Z,KXBTC15M-26OCT042030-30,0.0050,500.00,no
2026-10-05T00:28:50.6613Z,KXBTC15M-26OCT042030-30,0.0050,0.01,no
2026-10-05T00:28:50.6613Z,KXBTC15M-26OCT042030-30,0.0040,500.00,no
2026-10-05T00:28:50.6613Z,KXBTC15M-26OCT042030-30,0.0040,15.97,no
2026-10-05T00:28:50.6613Z,KXBTC15M-26OCT042030-30,0.0050,345.09,no
2026-10-05T00:28:50.662702Z,KXBTC15M-26OCT042030-30,0.0060,170.00,yes
2026-10-05T00:28:50.67812Z,KXBTC15M-26OCT042030-30,0.0050,322.94,no
2026-10-05T00:28:50.67812Z,KXBTC15M-26OCT042030-30,0.0040,17.00,no
2026-10-05T00:28:50.67812Z,KXBTC15M-26OCT042030-30,0.0040,20.00,no
2026-10-05T00:28:50.67812Z,KXBTC15M-26OCT042030-30,0.0050,0.01,no
2026-10-05T00:28:50.686298Z,KXBTC15M-26OCT042030-30,0.0030,610.86,no
2026-10-05T00:28:50.686298Z,KXBTC15M-26OCT042030-30,0.0030,1357.24,no
2026-10-05T00:28:50.697578Z,KXBTC15M-26OCT042030-30,0.0050,120.00,yes
2026-10-05T00:28:50.697578Z,KXBTC15M-26OCT042030-30,0.0040,15.00,yes
2026-10-05T00:28:50.697578Z,KXBTC15M-26OCT042030-30,0.0040,414.05,yes
2026-10-05T00:28:50.697578Z,KXBTC15M-26OCT042030-30,0.0040,0.01,yes
2026-10-05T00:28:50.697578Z,KXBTC15M-26OCT042030-30,0.0040,0.01,yes
2026-10-05T00:28:50.70421Z,KXBTC15M-26OCT042030-30,0.0040,226.00,yes
2026-10-05T00:28:50.70421Z,KXBTC15M-26OCT042030-30,0.0050,57.82,yes
2026-10-05T00:28:50.70702Z,KXBTC15M-26OCT042030-30,0.0050,2.11,yes
2026-10-05T00:28:50.70702Z,KXBTC15M-26OCT042030-30,0.0040,0.01,yes
2026-10-05T00:28:50.70702Z,KXBTC15M-26OCT042030-30,0.0040,0.01,yes
2026-10-05T00:28:50.720353Z,KXBTC15M-26OCT042030-30,0.0040,38.00,yes
2026-10-05T00:28:50.729181Z,KXBTC15M-26OCT042030-30,0.0040,51.95,yes
2026-10-05T00:28:50.749758Z,KXBTC15M-26OCT042030-30,0.0040,965.42,yes
2026-10-05T00:28:50.75543Z,KXBTC15M-26OCT042030-30,0.0030,0.02,no
2026-10-05T00:28:50.799165Z,KXBTC15M-26OCT042030-30,0.0030,19.70,no
2026-10-05T00:28:50.8104Z,KXBTC15M-26OCT042030-30,0.0040,30.92,yes
2026-10-05T00:28:50.838015Z,KXBTC15M-26OCT042030-30,0.0040,77.91,yes
2026-10-05T00:28:50.855132Z,KXBTC15M-26OCT042030-30,0.0040,14.05,yes
2026-10-05T00:28:50.855722Z,KXBTC15M-26OCT042030-30,0.0030,4.01,no
2026-10-05T00:28:50.872686Z,KXBTC15M-26OCT042030-30,0.0040,32.85,yes
2026-10-05T00:28:50.889803Z,KXBTC15M-26OCT042030-30,0.0040,11.00,yes
2026-10-05T00:28:50.91879Z,KXBTC15M-26OCT042030-30,0.0040,100.00,yes
2026-10-05T00:28:50.93382Z,KXBTC15M-26OCT042030-30,0.0040,10.39,yes
2026-10-05T00:28:50.953923Z,KXBTC15M-26OCT042030-30,0.0040,1.06,yes
2026-10-05T00:28:50.988491Z,KXBTC15M-26OCT042030-30,0.0040,0.01,yes
2026-10-05T00:28:50.988491Z,KXBTC15M-26OCT042030-30,0.0040,8.51,yes
2026-10-05T00:28:50.988491Z,KXBTC15M-26OCT042030-30,0.0040,0.01,yes
2026-10-05T00:28:50.988491Z,KXBTC15M-26OCT042030-30,0.0040,23.69,yes
2026-10-05T00:28:51.056927Z,KXBTC15M-26OCT042030-30,0.0040,1.56,yes
2026-10-05T00:28:51.079555Z,KXBTC15M-26OCT042030-30,0.0040,0.21,yes
2026-10-05T00:28:51.079555Z,KXBTC15M-26OCT042030-30,0.0040,4.93,yes
2026-10-05T00:28:51.079555Z,KXBTC15M-26OCT042030-30,0.0040,0.02,yes
2026-10-05T00:28:51.116673Z,KXBTC15M-26OCT042030-30,0.0040,0.01,yes
2026-10-05T00:28:51.116673Z,KXBTC15M-26OCT042030-30,0.0040,0.01,yes
2026-10-05T00:28:51.116673Z,KXBTC15M-26OCT042030-30,0.0040,4.01,yes
2026-10-05T00:28:51.116673Z,KXBTC15M-26OCT042030-30,0.0040,19.49,yes
2026-10-05T00:28:51.116673Z,KXBTC15M-26OCT042030-30,0.0050,159.70,yes
2026-10-05T00:28:51.152872Z,KXBTC15M-26OCT042030-30,0.0040,11.77,no
2026-10-05T00:28:51.196346Z,KXBTC15M-26OCT042030-30,0.0050,137.48,yes
2026-10-05T00:28:51.21794Z,KXBTC15M-26OCT042030-30,0.0040,148.18,no
2026-10-05T00:28:51.21794Z,KXBTC15M-26OCT042030-30,0.0040,5.23,no
2026-10-05T00:28:51.265291Z,KXBTC15M-26OCT042030-30,0.0050,6.00,yes
2026-10-05T00:28:51.280518Z,KXBTC15M-26OCT042030-30,0.0050,10.00,yes
2026-10-05T00:28:51.280518Z,KXBTC15M-26OCT042030-30,0.0050,16.89,yes
2026-10-05T00:28:51.280518Z,KXBTC15M-26OCT042030-30,0.0060,24.58,yes
2026-10-05T00:28:51.280518Z,KXBTC15M-26OCT042030-30,0.0060,226.18,yes
2026-10-05T00:28:51.280518Z,KXBTC15M-26OCT042030-30,0.0060,301.47,yes
2026-10-05T00:28:51.280518Z,KXBTC15M-26OCT042030-30,0.0050,0.01,yes
2026-10-05T00:28:51.280518Z,KXBTC15M-26OCT042030-30,0.0050,200.00,yes
2026-10-05T00:28:51.306317Z,KXBTC15M-26OCT042030-30,0.0060,57.19,yes
2026-10-05T00:28:51.335478Z,KXBTC15M-26OCT042030-30,0.0060,1.60,yes
2026-10-05T00:28:51.36013Z,KXBTC15M-26OCT042030-30,0.0060,2.26,yes
2026-10-05T00:28:51.366239Z,KXBTC15M-26OCT042030-30,0.0060,115.00,yes
2026-10-05T00:28:51.376617Z,KXBTC15M-26OCT042030-30,0.0030,301.96,no
2026-10-05T00:28:51.376617Z,KXBTC15M-26OCT042030-30,0.0040,20.00,no
2026-10-05T00:28:51.376617Z,KXBTC15M-26OCT042030-30,0.0040,19.00,no
2026-10-05T00:28:51.376617Z,KXBTC15M-26OCT042030-30,0.0040,12.00,no
2026-10-05T00:28:51.376617Z,KXBTC15M-26OCT042030-30,0.0040,0.01,no
2026-10-05T00:28:51.376617Z,KXBTC15M-26OCT042030-30,0.0040,0.01,no
2026-10-05T00:28:51.383521Z,KXBTC15M-26OCT042030-30,0.0060,514.06,yes
2026-10-05T00:28:51.389839Z,KXBTC15M-26OCT042030-30,0.0060,16.04,yes
2026-10-05T00:28:51.410519Z,KXBTC15M-26OCT042030-30,0.0060,479.53,yes
2026-10-05T00:28:51.429435Z,KXBTC15M-26OCT042030-30,0.0050,4.43,yes
2026-10-05T00:28:51.448222Z,KXBTC15M-26OCT042030-30,0.0050,20.00,yes
2026-10-05T00:28:51.486721Z,KXBTC15M-26OCT042030-30,0.0040,5.00,no
2026-10-05T00:28:51.496632Z,KXBTC15M-26OCT042030-30,0.0050,19.66,yes
2026-10-05T00:28:51.536515Z,KXBTC15M-26OCT042030-30,0.0050,6.35,yes
2026-10-05T00:28:51.554956Z,KXBTC15M-26OCT042030-30,0.0050,182.18,yes
2026-10-05T00:28:51.557701Z,KXBTC15M-26OCT042030-30,0.0050,3.74,yes
2026-10-05T00:28:51.562205Z,KXBTC15M-26OCT042030-30,0.0050,49.62,yes
2026-10-05T00:28:51.623164Z,KXBTC15M-26OCT042030-30,0.0050,15.98,yes
2026-10-05T00:28:51.623164Z,KXBTC15M-26OCT042030-30,0.0050,75.63,yes
2026-10-05T00:28:51.63819Z,KXBTC15M-26OCT042030-30,0.0050,1.23,yes
2026-10-05T00:28:51.661246Z,KXBTC15M-26OCT042030-30,0.0050,1.12,yes
2026-10-05T00:28:51.678282Z,KXBTC15M-26OCT042030-30,0.0050,4.47,yes
2026-10-05T00:28:51.688182Z,KXBTC15M-26OCT042030-30,0.0050,116.88,yes
2026-10-05T00:28:51.701793Z,KXBTC15M-26OCT042030-30,0.0050,5.72,yes
2026-10-05T00:28:51.701793Z,KXBTC15M-26OCT042030-30,0.0050,0.67,yes
2026-10-05T00:28:51.723273Z,KXBTC15M-26OCT042030-30,0.0050,3.70,yes
2026-10-05T00:28:51.723273Z,KXBTC15M-26OCT042030-30,0.0050,0.01,yes
2026-10-05T00:28:51.723273Z,KXBTC15M-26OCT042030-30,0.0050,4.28,yes
2026-10-05T00:28:51.723273Z,KXBTC15M-26OCT042030-30,0.0050,0.01,yes
2026-10-05T00:28:51.724495Z,KXBTC15M-26OCT042030-30,0.0050,126.66,yes
2026-10-05T00:28:51.733586Z,KXBTC15M-26OCT042030-30,0.0060,21.06,yes
2026-10-05T00:28:51.752607Z,KXBTC15M-26OCT042030-30,0.0060,50.00,yes
2026-10-05T00:28:51.753409Z,KXBTC15M-26OCT042030-30,0.0040,10.03,no
2026-10-05T00:28:51.760733Z,KXBTC15M-26OCT042030-30,0.0040,1.97,no
2026-10-05T00:28:51.760733Z,KXBTC15M-26OCT042030-30,0.0040,6.22,no
2026-10-05T00:28:51.762502Z,KXBTC15M-26OCT042030-30,0.0060,137.11,yes
2026-10-05T00:28:51.802773Z,KXBTC15M-26OCT042030-30,0.0060,20.53,yes
2026-10-05T00:28:51.810351Z,KXBTC15M-26OCT042030-30,0.0060,81.22,yes
2026-10-05T00:28:51.885829Z,KXBTC15M-26OCT042030-30,0.0060,139.23,yes
2026-10-05T00:28:51.885829Z,KXBTC15M-26OCT042030-30,0.0060,53.64,yes
2026-10-05T00:28:51.885829Z,KXBTC15M-26OCT042030-30,0.0060,57.13,yes
2026-10-05T00:28:51.894297Z,KXBTC15M-26OCT042030-30,0.0060,14.09,yes
2026-10-05T00:28:51.924195Z,KXBTC15M-26OCT042030-30,0.0060,7.50,yes
2026-10-05T00:28:51.975232Z,KXBTC15M-26OCT042030-30,0.0060,1.38,yes
2026-10-05T00:28:52.020921Z,KXBTC15M-26OCT042030-30,0.0040,13.78,no
2026-10-05T00:28:52.020921Z,KXBTC15M-26OCT042030-30,0.0050,0.01,no
2026-10-05T00:28:52.020921Z,KXBTC15M-26OCT042030-30,0.0040,17.00,no
2026-10-05T00:28:52.020921Z,KXBTC15M-26OCT042030-30,0.0050,17.00,no
2026-10-05T00:28:52.020921Z,KXBTC15M-26OCT042030-30,0.0040,6.22,no
2026-10-05T00:28:52.020921Z,KXBTC15M-26OCT042030-30,0.0040,30.87,no
2026-10-05T00:28:52.020921Z,KXBTC15M-26OCT042030-30,0.0040,115.66,no
2026-10-05T00:28:52.020921Z,KXBTC15M-26OCT042030-30,0.0050,0.01,no
2026-10-05T00:28:52.029792Z,KXBTC15M-26OCT042030-30,0.0060,2.46,yes
2026-10-05T00:28:52.057067Z,KXBTC15M-26OCT042030-30,0.0060,0.01,yes
2026-10-05T00:28:52.057067Z,KXBTC15M-26OCT042030-30,0.0060,0.01,yes
2026-10-05T00:28:52.057067Z,KXBTC15M-26OCT042030-30,0.0060,15.93,yes
2026-10-05T00:28:52.10389Z,KXBTC15M-26OCT042030-30,0.0060,84.52,yes
2026-10-05T00:28:52.162315Z,KXBTC15M-26OCT042030-30,0.0060,35.23,yes
2026-10-05T00:28:52.166609Z,KXBTC15M-26OCT042030-30,0.0060,15.71,yes
2026-10-05T00:28:52.18317Z,KXBTC15M-26OCT042030-30,0.0060,1.52,yes
2026-10-05T00:28:52.193515Z,KXBTC15M-26OCT042030-30,0.0060,3.00,yes
2026-10-05T00:28:52.193515Z,KXBTC15M-26OCT042030-30,0.0060,163.02,yes
2026-10-05T00:28:52.193515Z,KXBTC15M-26OCT042030-30,0.0070,200.00,yes
2026-10-05T00:28:52.193515Z,KXBTC15M-26OCT042030-30,0.0060,200.00,yes
2026-10-05T00:28:52.193515Z,KXBTC15M-26OCT042030-30,0.0080,27.55,yes
2026-10-05T00:28:52.193515Z,KXBTC15M-26OCT042030-30,0.0070,2.00,yes
2026-10-05T00:28:52.193515Z,KXBTC15M-26OCT042030-30,0.0070,2.00,yes
2026-10-05T00:28:52.200617Z,KXBTC15M-26OCT042030-30,0.0050,0.19,no
2026-10-05T00:28:52.21514Z,KXBTC15M-26OCT042030-30,0.0050,4.51,no
2026-10-05T00:28:52.217525Z,KXBTC15M-26OCT042030-30,0.0050,93.02,no
2026-10-05T00:28:52.217525Z,KXBTC15M-26OCT042030-30,0.0050,51.00,no
2026-10-05T00:28:52.217525Z,KXBTC15M-26OCT042030-30,0.0050,0.01,no
2026-10-05T00:28:52.217525Z,KXBTC15M-26OCT042030-30,0.0050,107.64,no
2026-10-05T00:28:52.217525Z,KXBTC15M-26OCT042030-30,0.0050,12.30,no
2026-10-05T00:28:52.217525Z,KXBTC15M-26OCT042030-30,0.0050,500.00,no
2026-10-05T00:28:52.217525Z,KXBTC15M-26OCT042030-30,0.0050,408.01,no
2026-10-05T00:28:52.217525Z,KXBTC15M-26OCT042030-30,0.0050,22.00,no
2026-10-05T00:28:52.217525Z,KXBTC15M-26OCT042030-30,0.0050,0.01,no
2026-10-05T00:28:52.218493Z,KXBTC15M-26OCT042030-30,0.0080,43.24,yes
2026-10-05T00:28:52.306074Z,KXBTC15M-26OCT042030-30,0.0070,95.49,yes
2026-10-05T00:28:52.31159Z,KXBTC15M-26OCT042030-30,0.0070,103.71,yes
2026-10-05T00:28:52.313428Z,KXBTC15M-26OCT042030-30,0.0090,10.00,yes
2026-10-05T00:28:52.313428Z,KXBTC15M-26OCT042030-30,0.0070,144.97,yes
2026-10-05T00:28:52.313428Z,KXBTC15M-26OCT042030-30,0.0080,0.01,yes
2026-10-05T00:28:52.313428Z,KXBTC15M-26OCT042030-30,0.0080,0.01,yes
2026-10-05T00:28:52.313428Z,KXBTC15M-26OCT042030-30,0.0090,17.00,yes
2026-10-05T00:28:52.313428Z,KXBTC15M-26OCT042030-30,0.0090,2.00,yes
2026-10-05T00:28:52.313428Z,KXBTC15M-26OCT042030-30,0.0090,7.42,yes
2026-10-05T00:28:52.313428Z,KXBTC15M-26OCT042030-30,0.0080,66.00,yes
2026-10-05T00:28:52.313428Z,KXBTC15M-26OCT042030-30,0.0080,429.21,yes
2026-10-05T00:28:52.313428Z,KXBTC15M-26OCT042030-30,0.0090,2.00,yes
2026-10-05T00:28:52.314844Z,KXBTC15M-26OCT042030-30,0.0100,19.72,yes
2026-10-05T00:28:52.314844Z,KXBTC15M-26OCT042030-30,0.0090,2.58,yes
2026-10-05T00:28:52.320576Z,KXBTC15M-26OCT042030-30,0.0060,0.01,no
2026-10-05T00:28:52.320576Z,KXBTC15M-26OCT042030-30,0.0060,17.00,no
2026-10-05T00:28:52.320576Z,KXBTC15M-26OCT042030-30,0.0060,0.01,no
2026-10-05T00:28:52.32511Z,KXBTC15M-26OCT042030-30,0.0070,0.87,yes
2026-10-05T00:28:52.376561Z,KXBTC15M-26OCT042030-30,0.0070,1.86,yes
2026-10-05T00:28:52.399982Z,KXBTC15M-26OCT042030-30,0.0060,51.00,no
2026-10-05T00:28:52.399982Z,KXBTC15M-26OCT042030-30,0.0060,0.01,no
2026-10-05T00:28:52.399982Z,KXBTC15M-26OCT042030-30,0.0060,17.00,no
2026-10-05T00:28:52.399982Z,KXBTC15M-26OCT042030-30,0.0060,500.00,no
2026-10-05T00:28:52.399982Z,KXBTC15M-26OCT042030-30,0.0060,500.00,no
2026-10-05T00:28:52.399982Z,KXBTC15M-26OCT042030-30,0.0050,261.90,no
2026-10-05T00:28:52.399982Z,KXBTC15M-26OCT042030-30,0.0060,0.01,no
2026-10-05T00:28:52.399982Z,KXBTC15M-26OCT042030-30,0.0050,22.00,no
2026-10-05T00:28:52.407442Z,KXBTC15M-26OCT042030-30,0.0070,205.79,yes
2026-10-05T00:28:52.415236Z,KXBTC15M-26OCT042030-30,0.0070,25.97,yes
2026-10-05T00:28:52.447606Z,KXBTC15M-26OCT042030-30,0.0060,4.31,no
2026-10-05T00:28:52.450959Z,KXBTC15M-26OCT042030-30,0.0070,69.45,yes
2026-10-05T00:28:52.450959Z,KXBTC15M-26OCT042030-30,0.0070,0.01,yes
2026-10-05T00:28:52.450959Z,KXBTC15M-26OCT042030-30,0.0070,0.01,yes
2026-10-05T00:28:52.472574Z,KXBTC15M-26OCT042030-30,0.0060,20.00,no
2026-10-05T00:28:52.472574Z,KXBTC15M-26OCT042030-30,0.0060,12.69,no
2026-10-05T00:28:52.472574Z,KXBTC15M-26OCT042030-30,0.0060,0.01,no
2026-10-05T00:28:52.472574Z,KXBTC15M-26OCT042030-30,0.0060,0.01,no
2026-10-05T00:28:52.472574Z,KXBTC15M-26OCT042030-30,0.0050,10.95,no
2026-10-05T00:28:52.504211Z,KXBTC15M-26OCT042030-30,0.0070,0.01,yes
2026-10-05T00:28:52.504211Z,KXBTC15M-26OCT042030-30,0.0070,0.01,yes
2026-10-05T00:28:52.504211Z,KXBTC15M-26OCT042030-30,0.0070,248.86,yes
2026-10-05T00:28:52.504211Z,KXBTC15M-26OCT042030-30,0.0090,20.01,yes
2026-10-05T00:28:52.517454Z,KXBTC15M-26OCT042030-30,0.0100,160.17,yes
2026-10-05T00:28:52.517454Z,KXBTC15M-26OCT042030-30,0.0090,0.01,yes
2026-10-05T00:28:52.517454Z,KXBTC15M-26OCT042030-30,0.0090,0.01,yes
2026-10-05T00:28:52.517454Z,KXBTC15M-26OCT042030-30,0.0090,65.99,yes
2026-10-05T00:28:52.548871Z,KXBTC15M-26OCT042030-30,0.0060,0.01,no
2026-10-05T00:28:52.548871Z,KXBTC15M-26OCT042030-30,0.0060,13.81,no
2026-10-05T00:28:52.548871Z,KXBTC15M-26OCT042030-30,0.0060,17.00,no
2026-10-05T00:28:52.574645Z,KXBTC15M-26OCT042030-30,0.0100,20.57,yes
2026-10-05T00:28:52.576508Z,KXBTC15M-26OCT042030-30,0.0100,499.66,yes
2026-10-05T00:28:52.583106Z,KXBTC15M-26OCT042030-30,0.0060,71.32,no
2026-10-05T00:28:52.583106Z,KXBTC15M-26OCT042030-30,0.0060,0.01,no
2026-10-05T00:28:52.583106Z,KXBTC15M-26OCT042030-30,0.0060,51.00,no
2026-10-05T00:28:52.583106Z,KXBTC15M-26OCT042030-30,0.0060,6.19,no
2026-10-05T00:28:52.650036Z,KXBTC15M-26OCT042030-30,0.0090,64.00,yes
2026-10-05T00:28:52.650036Z,KXBTC15M-26OCT042030-30,0.0090,5.50,yes
2026-10-05T00:28:52.659185Z,KXBTC15M-26OCT042030-30,0.0090,46.75,yes
2026-10-05T00:28:52.66435Z,KXBTC15M-26OCT042030-30,0.0090,25.13,yes
2026-10-05T00:28:52.717399Z,KXBTC15M-26OCT042030-30,0.0090,13.62,yes
2026-10-05T00:28:52.760584Z,KXBTC15M-26OCT042030-30,0.0070,0.05,no
2026-10-05T00:28:52.786034Z,KXBTC15M-26OCT042030-30,0.0090,4.28,yes
2026-10-05T00:28:52.800491Z,KXBTC15M-26OCT042030-30,0.0090,2.52,yes
2026-10-05T00:28:52.81806Z,KXBTC15M-26OCT042030-30,0.0060,6.19,no
2026-10-05T00:28:52.81806Z,KXBTC15M-26OCT042030-30,0.0050,10.83,no
2026-10-05T00:28:52.81806Z,KXBTC15M-26OCT042030-30,0.0060,13.81,no
2026-10-05T00:28:52.81806Z,KXBTC15M-26OCT042030-30,0.0060,17.00,no
2026-10-05T00:28:52.81806Z,KXBTC15M-26OCT042030-30,0.0070,0.01,no
2026-10-05T00:28:52.81806Z,KXBTC15M-26OCT042030-30,0.0060,154.42,no
2026-10-05T00:28:52.81806Z,KXBTC15M-26OCT042030-30,0.0070,0.01,no
2026-10-05T00:28:52.81806Z,KXBTC15M-26OCT042030-30,0.0070,16.95,no
2026-10-05T00:28:52.824155Z,KXBTC15M-26OCT042030-30,0.0090,200.00,yes
2026-10-05T00:28:52.824155Z,KXBTC15M-26OCT042030-30,0.0090,229.22,yes
2026-10-05T00:28:52.844666Z,KXBTC15M-26OCT042030-30,0.0090,179.16,yes
2026-10-05T00:28:52.844666Z,KXBTC15M-26OCT042030-30,0.0090,0.01,yes
2026-10-05T00:28:52.844666Z,KXBTC15M-26OCT042030-30,0.0090,0.01,yes
2026-10-05T00:28:52.852745Z,KXBTC15M-26OCT042030-30,0.0090,207.46,yes
2026-10-05T00:28:52.876337Z,KXBTC15M-26OCT042030-30,0.0090,276.08,yes
2026-10-05T00:28:52.904012Z,KXBTC15M-26OCT042030-30,0.0090,31.17,yes
2026-10-05T00:28:52.937124Z,KXBTC15M-26OCT042030-30,0.0090,23.37,yes
2026-10-05T00:28:52.949707Z,KXBTC15M-26OCT042030-30,0.0090,0.01,yes
2026-10-05T00:28:52.949707Z,KXBTC15M-26OCT042030-30,0.0090,314.77,yes
2026-10-05T00:28:52.949707Z,KXBTC15M-26OCT042030-30,0.0090,17.00,yes
2026-10-05T00:28:52.949707Z,KXBTC15M-26OCT042030-30,0.0090,0.01,yes
2026-10-05T00:28:52.953327Z,KXBTC15M-26OCT042030-30,0.0090,23.53,yes
2026-10-05T00:28:52.963203Z,KXBTC15M-26OCT042030-30,0.0080,0.01,no
2026-10-05T00:28:52.963203Z,KXBTC15M-26OCT042030-30,0.0080,33.25,no
2026-10-05T00:28:52.963203Z,KXBTC15M-26OCT042030-30,0.0080,17.00,no
2026-10-05T00:28:52.963203Z,KXBTC15M-26OCT042030-30,0.0080,0.01,no
2026-10-05T00:28:52.963465Z,KXBTC15M-26OCT042030-30,0.0090,93.51,yes
2026-10-05T00:28:52.976992Z,KXBTC15M-26OCT042030-30,0.0090,0.01,yes
2026-10-05T00:28:52.976992Z,KXBTC15M-26OCT042030-30,0.0090,86.90,yes
2026-10-05T00:28:53.010622Z,KXBTC15M-26OCT042030-30,0.0090,0.01,yes
2026-10-05T00:28:53.010622Z,KXBTC15M-26OCT042030-30,0.0090,17.00,yes
2026-10-05T00:28:53.010622Z,KXBTC15M-26OCT042030-30,0.0090,0.60,yes
2026-10-05T00:28:53.054284Z,KXBTC15M-26OCT042030-30,0.0090,48.40,yes
2026-10-05T00:28:53.068849Z,KXBTC15M-26OCT042030-30,0.0100,419.22,yes
2026-10-05T00:28:53.068849Z,KXBTC15M-26OCT042030-30,0.0090,200.00,yes
2026-10-05T00:28:53.068849Z,KXBTC15M-26OCT042030-30,0.0090,17.00,yes
2026-10-05T00:28:53.068849Z,KXBTC15M-26OCT042030-30,0.0090,500.00,yes
2026-10-05T00:28:53.068849Z,KXBTC15M-26OCT042030-30,0.0100,1654.20,yes
2026-10-05T00:28:53.068849Z,KXBTC15M-26OCT042030-30,0.0090,451.00,yes
2026-10-05T00:28:53.068849Z,KXBTC15M-26OCT042030-30,0.0100,108.00,yes
2026-10-05T00:28:53.090148Z,KXBTC15M-26OCT042030-30,0.0100,2.00,yes
2026-10-05T00:28:53.090148Z,KXBTC15M-26OCT042030-30,0.0100,2.00,yes
2026-10-05T00:28:53.090148Z,KXBTC15M-26OCT042030-30,0.0100,62.00,yes
2026-10-05T00:28:53.090148Z,KXBTC15M-26OCT042030-30,0.0100,50.97,yes
2026-10-05T00:28:53.090148Z,KXBTC15M-26OCT042030-30,0.0100,95.80,yes
2026-10-05T00:28:53.152194Z,KXBTC15M-26OCT042030-30,0.0080,17.00,no
2026-10-05T00:28:53.152194Z,KXBTC15M-26OCT042030-30,0.0080,0.01,no
2026-10-05T00:28:53.152194Z,KXBTC15M-26OCT042030-30,0.0070,38.23,no
2026-10-05T00:28:53.152194Z,KXBTC15M-26OCT042030-30,0.0080,0.01,no
2026-10-05T00:28:53.15657Z,KXBTC15M-26OCT042030-30,0.0070,12.77,no
2026-10-05T00:28:53.157528Z,KXBTC15M-26OCT042030-30,0.0070,66.33,yes
2026-10-05T00:28:53.174314Z,KXBTC15M-26OCT042030-30,0.0070,113.95,yes
2026-10-05T00:28:53.177175Z,KXBTC15M-26OCT042030-30,0.0070,35.19,yes
2026-10-05T00:28:53.190108Z,KXBTC15M-26OCT042030-30,0.0100,1.00,yes
2026-10-05T00:28:53.190108Z,KXBTC15M-26OCT042030-30,0.0110,2.00,yes
2026-10-05T00:28:53.190108Z,KXBTC15M-26OCT042030-30,0.0120,2.00,yes
2026-10-05T00:28:53.190108Z,KXBTC15M-26OCT042030-30,0.0110,2.00,yes
2026-10-05T00:28:53.190108Z,KXBTC15M-26OCT042030-30,0.0120,2.00,yes
2026-10-05T00:28:53.190108Z,KXBTC15M-26OCT042030-30,0.0120,10.00,yes
2026-10-05T00:28:53.190108Z,KXBTC15M-26OCT042030-30,0.0100,0.01,yes
2026-10-05T00:28:53.190108Z,KXBTC15M-26OCT042030-30,0.0100,0.01,yes
2026-10-05T00:28:53.190108Z,KXBTC15M-26OCT042030-30,0.0100,16.00,yes
2026-10-05T00:28:53.190108Z,KXBTC15M-26OCT042030-30,0.0070,571.76,yes
2026-10-05T00:28:53.190108Z,KXBTC15M-26OCT042030-30,0.0100,64.00,yes
2026-10-05T00:28:53.190108Z,KXBTC15M-26OCT042030-30,0.0100,64.00,yes
2026-10-05T00:28:53.190108Z,KXBTC15M-26OCT042030-30,0.0110,385.23,yes
2026-10-05T00:28:53.190108Z,KXBTC15M-26OCT042030-30,0.0120,1280.00,yes
2026-10-05T00:28:53.190108Z,KXBTC15M-26OCT042030-30,0.0130,1280.00,yes
2026-10-05T00:28:53.190108Z,KXBTC15M-26OCT042030-30,0.0130,500.00,yes
2026-10-05T00:28:53.190108Z,KXBTC15M-26OCT042030-30,0.0130,20.34,yes
2026-10-05T00:28:53.190108Z,KXBTC15M-26OCT042030-30,0.0120,1071.60,yes
2026-10-05T00:28:53.190108Z,KXBTC15M-26OCT042030-30,0.0140,512.00,yes
2026-10-05T00:28:53.190108Z,KXBTC15M-26OCT042030-30,0.0100,1.00,yes
2026-10-05T00:28:53.190108Z,KXBTC15M-26OCT042030-30,0.0140,348.34,yes
2026-10-05T00:28:53.193289Z,KXBTC15M-26OCT042030-30,0.0150,54.37,yes
2026-10-05T00:28:53.193289Z,KXBTC15M-26OCT042030-30,0.0150,64.00,yes
2026-10-05T00:28:53.200953Z,KXBTC15M-26OCT042030-30,0.0100,7.00,yes
2026-10-05T00:28:53.200953Z,KXBTC15M-26OCT042030-30,0.0150,5.00,yes
2026-10-05T00:28:53.224925Z,KXBTC15M-26OCT042030-30,0.0110,80.61,yes
2026-10-05T00:28:53.257711Z,KXBTC15M-26OCT042030-30,0.0060,15.53,no
2026-10-05T00:28:53.260801Z,KXBTC15M-26OCT042030-30,0.0060,1.47,no
2026-10-05T00:28:53.260801Z,KXBTC15M-26OCT042030-30,0.0060,3.45,no
2026-10-05T00:28:53.271708Z,KXBTC15M-26OCT042030-30,0.0060,8.98,no
2026-10-05T00:28:53.340906Z,KXBTC15M-26OCT042030-30,0.0100,1.00,yes
2026-10-05T00:28:53.340906Z,KXBTC15M-26OCT042030-30,0.0110,10.00,yes
2026-10-05T00:28:53.340906Z,KXBTC15M-26OCT042030-30,0.0140,2.00,yes
2026-10-05T00:28:53.340906Z,KXBTC15M-26OCT042030-30,0.0140,2.00,yes
2026-10-05T00:28:53.340906Z,KXBTC15M-26OCT042030-30,0.0140,5.44,yes
2026-10-05T00:28:53.414806Z,KXBTC15M-26OCT042030-30,0.0120,2.13,no
2026-10-05T00:28:53.431331Z,KXBTC15M-26OCT042030-30,0.0120,12.45,no
2026-10-05T00:28:53.453886Z,KXBTC15M-26OCT042030-30,0.0030,1712.00,no
2026-10-05T00:28:53.453886Z,KXBTC15M-26OCT042030-30,0.0030,117.07,no
2026-10-05T00:28:53.453886Z,KXBTC15M-26OCT042030-30,0.0050,20.00,no
2026-10-05T00:28:53.453886Z,KXBTC15M-26OCT042030-30,0.0050,1216.32,no
2026-10-05T00:28:53.453886Z,KXBTC15M-26OCT042030-30,0.0060,20.00,no
2026-10-05T00:28:53.453886Z,KXBTC15M-26OCT042030-30,0.0040,250.00,no
2026-10-05T00:28:53.453886Z,KXBTC15M-26OCT042030-30,0.0050,2.00,no
2026-10-05T00:28:53.453886Z,KXBTC15M-26OCT042030-30,0.0070,2.00,no
2026-10-05T00:28:53.453886Z,KXBTC15M-26OCT042030-30,0.0120,0.01,no
2026-10-05T00:28:53.453886Z,KXBTC15M-26OCT042030-30,0.0060,2.00,no
2026-10-05T00:28:53.453886Z,KXBTC15M-26OCT042030-30,0.0050,64.00,no
2026-10-05T00:28:53.453886Z,KXBTC15M-26OCT042030-30,0.0050,2.00,no
2026-10-05T00:28:53.453886Z,KXBTC15M-26OCT042030-30,0.0120,0.01,no
2026-10-05T00:28:53.453886Z,KXBTC15M-26OCT042030-30,0.0120,92.73,no
2026-10-05T00:28:53.453886Z,KXBTC15M-26OCT042030-30,0.0060,17.00,no
2026-10-05T00:28:53.453886Z,KXBTC15M-26OCT042030-30,0.0100,50.00,no
2026-10-05T00:28:53.453886Z,KXBTC15M-26OCT042030-30,0.0120,500.00,no
2026-10-05T00:28:53.453886Z,KXBTC15M-26OCT042030-30,0.0120,500.00,no
2026-10-05T00:28:53.453886Z,KXBTC15M-26OCT042030-30,0.0060,2.00,no
2026-10-05T00:28:53.453886Z,KXBTC15M-26OCT042030-30,0.0070,17.00,no
2026-10-05T00:28:53.453886Z,KXBTC15M-26OCT042030-30,0.0070,2.00,no
2026-10-05T00:28:53.453886Z,KXBTC15M-26OCT042030-30,0.0110,237.73,no
2026-10-05T00:28:53.453886Z,KXBTC15M-26OCT042030-30,0.0060,5.00,no
2026-10-05T00:28:53.453886Z,KXBTC15M-26OCT042030-30,0.0040,169.13,no
2026-10-05T00:28:53.473432Z,KXBTC15M-26OCT042030-30,0.0070,0.01,yes
2026-10-05T00:28:53.473432Z,KXBTC15M-26OCT042030-30,0.0070,500.00,yes
2026-10-05T00:28:53.473432Z,KXBTC15M-26OCT042030-30,0.0070,0.01,yes
2026-10-05T00:28:53.473432Z,KXBTC15M-26OCT042030-30,0.0090,18.25,yes
2026-10-05T00:28:53.481376Z,KXBTC15M-26OCT042030-30,0.0090,99.75,yes
2026-10-05T00:28:53.485288Z,KXBTC15M-26OCT042030-30,0.0090,17.32,yes
2026-10-05T00:28:53.549499Z,KXBTC15M-26OCT042030-30,0.0070,117.24,yes
2026-10-05T00:28:53.626855Z,KXBTC15M-26OCT042030-30,0.0060,33.26,no
2026-10-05T00:28:53.626855Z,KXBTC15M-26OCT042030-30,0.0060,0.01,no
2026-10-05T00:28:53.626855Z,KXBTC15M-26OCT042030-30,0.0060,0.01,no
2026-10-05T00:28:53.626855Z,KXBTC15M-26OCT042030-30,0.0060,17.00,no
2026-10-05T00:28:53.68038Z,KXBTC15M-26OCT042030-30,0.0070,103.91,yes
2026-10-05T00:28:53.732244Z,KXBTC15M-26OCT042030-30,0.0070,14.91,yes
2026-10-05T00:28:53.767444Z,KXBTC15M-26OCT042030-30,0.0070,0.01,yes
2026-10-05T00:28:53.767444Z,KXBTC15M-26OCT042030-30,0.0070,500.00,yes
2026-10-05T00:28:53.767444Z,KXBTC15M-26OCT042030-30,0.0070,200.00,yes
2026-10-05T00:28:53.767444Z,KXBTC15M-26OCT042030-30,0.0070,1475.94,yes
2026-10-05T00:28:53.767444Z,KXBTC15M-26OCT042030-30,0.0090,294.19,yes
2026-10-05T00:28:53.767444Z,KXBTC15M-26OCT042030-30,0.0080,200.00,yes
2026-10-05T00:28:53.767444Z,KXBTC15M-26OCT042030-30,0.0070,0.01,yes
2026-10-05T00:28:53.767444Z,KXBTC15M-26OCT042030-30,0.0070,500.00,yes
2026-10-05T00:28:53.769207Z,KXBTC15M-26OCT042030-30,0.0060,50.28,no
2026-10-05T00:28:53.786605Z,KXBTC15M-26OCT042030-30,0.0070,0.15,no
2026-10-05T00:28:53.793019Z,KXBTC15M-26OCT042030-30,0.0090,70.49,yes
2026-10-05T00:28:53.793019Z,KXBTC15M-26OCT042030-30,0.0090,88.49,yes
2026-10-05T00:28:53.824909Z,KXBTC15M-26OCT042030-30,0.0030,88.00,no
2026-10-05T00:28:53.824909Z,KXBTC15M-26OCT042030-30,0.0030,1800.00,no
2026-10-05T00:28:53.824909Z,KXBTC15M-26OCT042030-30,0.0030,1.00,no
2026-10-05T00:28:53.824909Z,KXBTC15M-26OCT042030-30,0.0030,120.00,no
2026-10-05T00:28:53.824909Z,KXBTC15M-26OCT042030-30,0.0030,2.00,no
2026-10-05T00:28:53.824909Z,KXBTC15M-26OCT042030-30,0.0030,2.00,no
2026-10-05T00:28:53.824909Z,KXBTC15M-26OCT042030-30,0.0030,2.00,no
2026-10-05T00:28:53.824909Z,KXBTC15M-26OCT042030-30,0.0030,18.00,no
2026-10-05T00:28:53.824909Z,KXBTC15M-26OCT042030-30,0.0030,2.00,no
2026-10-05T00:28:53.824909Z,KXBTC15M-26OCT042030-30,0.0030,2.00,no
2026-10-05T00:28:53.824909Z,KXBTC15M-26OCT042030-30,0.0030,2500.00,no
2026-10-05T00:28:53.824909Z,KXBTC15M-26OCT042030-30,0.0030,250.00,no
2026-10-05T00:28:53.824909Z,KXBTC15M-26OCT042030-30,0.0030,10.00,no
2026-10-05T00:28:53.824909Z,KXBTC15M-26OCT042030-30,0.0030,166.00,no
2026-10-05T00:28:53.824909Z,KXBTC15M-26OCT042030-30,0.0070,16.85,no
2026-10-05T00:28:53.824909Z,KXBTC15M-26OCT042030-30,0.0070,220.85,no
2026-10-05T00:28:53.824909Z,KXBTC15M-26OCT042030-30,0.0050,200.00,no
2026-10-05T00:28:53.824909Z,KXBTC15M-26OCT042030-30,0.0050,17.00,no
2026-10-05T00:28:53.824909Z,KXBTC15M-26OCT042030-30,0.0060,500.00,no
2026-10-05T00:28:53.824909Z,KXBTC15M-26OCT042030-30,0.0070,301.00,no
2026-10-05T00:28:53.824909Z,KXBTC15M-26OCT042030-30,0.0060,0.01,no
2026-10-05T00:28:53.824909Z,KXBTC15M-26OCT042030-30,0.0060,200.00,no
2026-10-05T00:28:53.824909Z,KXBTC15M-26OCT042030-30,0.0070,0.01,no
2026-10-05T00:28:53.824909Z,KXBTC15M-26OCT042030-30,0.0040,281.00,no
2026-10-05T00:28:53.824909Z,KXBTC15M-26OCT042030-30,0.0060,0.01,no
2026-10-05T00:28:53.824909Z,KXBTC15M-26OCT042030-30,0.0070,0.01,no
2026-10-05T00:28:53.824909Z,KXBTC15M-26OCT042030-30,0.0030,2024.53,no
2026-10-05T00:28:53.824909Z,KXBTC15M-26OCT042030-30,0.0060,17.00,no
2026-10-05T00:28:53.824909Z,KXBTC15M-26OCT042030-30,0.0070,15.00,no
2026-10-05T00:28:53.824909Z,KXBTC15M-26OCT042030-30,0.0030,15.00,no
2026-10-05T00:28:53.824909Z,KXBTC15M-26OCT042030-30,0.0030,1220.00,no
2026-10-05T00:28:53.824909Z,KXBTC15M-26OCT042030-30,0.0030,15.00,no
2026-10-05T00:28:53.84934Z,KXBTC15M-26OCT042030-30,0.0080,5.61,yes
2026-10-05T00:28:53.860899Z,KXBTC15M-26OCT042030-30,0.0080,13.27,yes
2026-10-05T00:28:53.881382Z,KXBTC15M-26OCT042030-30,0.0070,0.01,no
2026-10-05T00:28:53.881382Z,KXBTC15M-26OCT042030-30,0.0070,45.23,no
2026-10-05T00:28:53.881382Z,KXBTC15M-26OCT042030-30,0.0070,0.01,no
2026-10-05T00:28:53.882398Z,KXBTC15M-26OCT042030-30,0.0080,88.00,yes
2026-10-05T00:28:53.882398Z,KXBTC15M-26OCT042030-30,0.0080,101.12,yes
2026-10-05T00:28:53.882398Z,KXBTC15M-26OCT042030-30,0.0080,521.46,yes
2026-10-05T00:28:53.905602Z,KXBTC15M-26OCT042030-30,0.0080,448.05,yes
2026-10-05T00:28:53.91522Z,KXBTC15M-26OCT042030-30,0.0080,23.92,yes
2026-10-05T00:28:53.98473Z,KXBTC15M-26OCT042030-30,0.0080,34.28,yes
2026-10-05T00:28:54.010899Z,KXBTC15M-26OCT042030-30,0.0080,1.00,yes
2026-10-05T00:28:54.029424Z,KXBTC15M-26OCT042030-30,0.0020,5625.19,no
2026-10-05T00:28:54.029424Z,KXBTC15M-26OCT042030-30,0.0030,17.00,no
2026-10-05T00:28:54.029424Z,KXBTC15M-26OCT042030-30,0.0050,91.80,no
2026-10-05T00:28:54.029424Z,KXBTC15M-26OCT042030-30,0.0070,500.00,no
2026-10-05T00:28:54.029424Z,KXBTC15M-26OCT042030-30,0.0030,250.00,no
2026-10-05T00:28:54.029424Z,KXBTC15M-26OCT042030-30,0.0040,17.00,no
2026-10-05T00:28:54.029424Z,KXBTC15M-26OCT042030-30,0.0070,317.00,no
2026-10-05T00:28:54.029424Z,KXBTC15M-26OCT042030-30,0.0070,5.77,no
2026-10-05T00:28:54.029424Z,KXBTC15M-26OCT042030-30,0.0070,0.01,no
2026-10-05T00:28:54.029424Z,KXBTC15M-26OCT042030-30,0.0070,0.01,no
2026-10-05T00:28:54.029424Z,KXBTC15M-26OCT042030-30,0.0050,23.00,no
2026-10-05T00:28:54.029424Z,KXBTC15M-26OCT042030-30,0.0030,25.00,no
2026-10-05T00:28:54.029424Z,KXBTC15M-26OCT042030-30,0.0030,10.00,no
2026-10-05T00:28:54.038855Z,KXBTC15M-26OCT042030-30,0.0030,17.00,no
2026-10-05T00:28:54.038855Z,KXBTC15M-26OCT042030-30,0.0030,25.00,no
2026-10-05T00:28:54.038855Z,KXBTC15M-26OCT042030-30,0.0030,278.67,no
2026-10-05T00:28:54.039077Z,KXBTC15M-26OCT042030-30,0.0030,133.58,yes
2026-10-05T00:28:54.04631Z,KXBTC15M-26OCT042030-30,0.0020,0.62,no
2026-10-05T00:28:54.055914Z,KXBTC15M-26OCT042030-30,0.0030,66.79,yes
2026-10-05T00:28:54.058426Z,KXBTC15M-26OCT042030-30,0.0030,66.79,yes
2026-10-05T00:28:54.074834Z,KXBTC15M-26OCT042030-30,0.0030,1335.72,yes
2026-10-05T00:28:54.094326Z,KXBTC15M-26OCT042030-30,0.0030,181.21,yes
2026-10-05T00:28:54.099382Z,KXBTC15M-26OCT042030-30,0.0030,546.00,yes
2026-10-05T00:28:54.099931Z,KXBTC15M-26OCT042030-30,0.0030,49.42,yes
2026-10-05T00:28:54.101506Z,KXBTC15M-26OCT042030-30,0.0030,60.21,yes
2026-10-05T00:28:54.108172Z,KXBTC15M-26OCT042030-30,0.0030,15.00,yes
2026-10-05T00:28:54.108172Z,KXBTC15M-26OCT042030-30,0.0030,2854.61,yes
2026-10-05T00:28:54.108172Z,KXBTC15M-26OCT042030-30,0.0030,0.01,yes
2026-10-05T00:28:54.108172Z,KXBTC15M-26OCT042030-30,0.0030,0.01,yes
2026-10-05T00:28:54.129152Z,KXBTC15M-26OCT042030-30,0.0030,0.01,yes
2026-10-05T00:28:54.129152Z,KXBTC15M-26OCT042030-30,0.0030,0.98,yes
2026-10-05T00:28:54.129152Z,KXBTC15M-26OCT042030-30,0.0030,0.01,yes
2026-10-05T00:28:54.142198Z,KXBTC15M-26OCT042030-30,0.0030,133.58,yes
2026-10-05T00:28:54.142797Z,KXBTC15M-26OCT042030-30,0.0050,10.00,yes
2026-10-05T00:28:54.142797Z,KXBTC15M-26OCT042030-30,0.0070,17.00,yes
2026-10-05T00:28:54.142797Z,KXBTC15M-26OCT042030-30,0.0030,0.01,yes
2026-10-05T00:28:54.142797Z,KXBTC15M-26OCT042030-30,0.0030,115.44,yes
2026-10-05T00:28:54.142797Z,KXBTC15M-26OCT042030-30,0.0030,0.01,yes
2026-10-05T00:28:54.142797Z,KXBTC15M-26OCT042030-30,0.0080,318.17,yes
2026-10-05T00:28:54.142797Z,KXBTC15M-26OCT042030-30,0.0040,10.00,yes
2026-10-05T00:28:54.148357Z,KXBTC15M-26OCT042030-30,0.0030,0.01,yes
2026-10-05T00:28:54.148357Z,KXBTC15M-26OCT042030-30,0.0080,10.27,yes
2026-10-05T00:28:54.157446Z,KXBTC15M-26OCT042030-30,0.0030,15.00,yes
2026-10-05T00:28:54.157446Z,KXBTC15M-26OCT042030-30,0.0080,16.77,yes
2026-10-05T00:28:54.191434Z,KXBTC15M-26OCT042030-30,0.0020,13.10,no
2026-10-05T00:28:54.196849Z,KXBTC15M-26OCT042030-30,0.0080,301.35,yes
2026-10-05T00:28:54.203986Z,KXBTC15M-26OCT042030-30,0.0050,10.00,yes
2026-10-05T00:28:54.203986Z,KXBTC15M-26OCT042030-30,0.0030,13.00,yes
2026-10-05T00:28:54.203986Z,KXBTC15M-26OCT042030-30,0.0070,10.00,yes
2026-10-05T00:28:54.203986Z,KXBTC15M-26OCT042030-30,0.0080,17.00,yes
2026-10-05T00:28:54.215726Z,KXBTC15M-26OCT042030-30,0.0070,17.00,yes
2026-10-05T00:28:54.215726Z,KXBTC15M-26OCT042030-30,0.0030,0.01,yes
2026-10-05T00:28:54.215726Z,KXBTC15M-26OCT042030-30,0.0080,107.73,yes
2026-10-05T00:28:54.215726Z,KXBTC15M-26OCT042030-30,0.0090,50.80,yes
2026-10-05T00:28:54.215726Z,KXBTC15M-26OCT042030-30,0.0080,22.00,yes
2026-10-05T00:28:54.264147Z,KXBTC15M-26OCT042030-30,0.0070,111.00,yes
2026-10-05T00:28:54.271766Z,KXBTC15M-26OCT042030-30,0.0060,2.01,no
2026-10-05T00:28:54.278308Z,KXBTC15M-26OCT042030-30,0.0070,247.58,yes
2026-10-05T00:28:54.278308Z,KXBTC15M-26OCT042030-30,0.0070,463.00,yes
2026-10-05T00:28:54.296325Z,KXBTC15M-26OCT042030-30,0.0070,163.00,yes
2026-10-05T00:28:54.296325Z,KXBTC15M-26OCT042030-30,0.0070,37.00,yes
2026-10-05T00:28:54.310279Z,KXBTC15M-26OCT042030-30,0.0070,60.00,yes
2026-10-05T00:28:54.321059Z,KXBTC15M-26OCT042030-30,0.0050,17.00,no
2026-10-05T00:28:54.321059Z,KXBTC15M-26OCT042030-30,0.0050,17.97,no
2026-10-05T00:28:54.321059Z,KXBTC15M-26OCT042030-30,0.0060,14.99,no
2026-10-05T00:28:54.321059Z,KXBTC15M-26OCT042030-30,0.0060,0.01,no
2026-10-05T00:28:54.321059Z,KXBTC15M-26OCT042030-30,0.0050,0.01,no
2026-10-05T00:28:54.321059Z,KXBTC15M-26OCT042030-30,0.0050,0.01,no
2026-10-05T00:28:54.321059Z,KXBTC15M-26OCT042030-30,0.0060,0.01,no
2026-10-05T00:28:54.321363Z,KXBTC15M-26OCT042030-30,0.0050,11.49,no
2026-10-05T00:28:54.35146Z,KXBTC15M-26OCT042030-30,0.0070,58.44,yes
2026-10-05T00:28:54.395819Z,KXBTC15M-26OCT042030-30,0.0070,76.79,yes
2026-10-05T00:28:54.411349Z,KXBTC15M-26OCT042030-30,0.0070,0.01,yes
2026-10-05T00:28:54.411349Z,KXBTC15M-26OCT042030-30,0.0070,141.77,yes
2026-10-05T00:28:54.411349Z,KXBTC15M-26OCT042030-30,0.0070,0.01,yes
2026-10-05T00:28:54.411349Z,KXBTC15M-26OCT042030-30,0.0070,85.82,yes
2026-10-05T00:28:54.416076Z,KXBTC15M-26OCT042030-30,0.0070,116.88,yes
2026-10-05T00:28:54.424608Z,KXBTC15M-26OCT042030-30,0.0070,58.44,yes
2026-10-05T00:28:54.429129Z,KXBTC15M-26OCT042030-30,0.0070,116.88,yes
2026-10-05T00:28:54.442317Z,KXBTC15M-26OCT042030-30,0.0070,3.80,yes
2026-10-05T00:28:54.490443Z,KXBTC15M-26OCT042030-30,0.0060,0.10,no
2026-10-05T00:28:54.49708Z,KXBTC15M-26OCT042030-30,0.0070,4.91,yes
2026-10-05T00:28:54.504019Z,KXBTC15M-26OCT042030-30,0.0070,13.76,yes
2026-10-05T00:28:54.507123Z,KXBTC15M-26OCT042030-30,0.0070,0.81,yes
2026-10-05T00:28:54.522846Z,KXBTC15M-26OCT042030-30,0.0070,467.53,yes
2026-10-05T00:28:54.543707Z,KXBTC15M-26OCT042030-30,0.0070,13.80,yes
2026-10-05T00:28:54.547147Z,KXBTC15M-26OCT042030-30,0.0070,116.88,yes
2026-10-05T00:28:54.555241Z,KXBTC15M-26OCT042030-30,0.0060,119.28,no
2026-10-05T00:28:54.555241Z,KXBTC15M-26OCT042030-30,0.0060,0.01,no
2026-10-05T00:28:54.555241Z,KXBTC15M-26OCT042030-30,0.0060,16.90,no
2026-10-05T00:28:54.555241Z,KXBTC15M-26OCT042030-30,0.0060,0.01,no
2026-10-05T00:28:54.584989Z,KXBTC15M-26OCT042030-30,0.0070,20.00,yes
2026-10-05T00:28:54.585065Z,KXBTC15M-26OCT042030-30,0.0060,0.01,no
2026-10-05T00:28:54.585065Z,KXBTC15M-26OCT042030-30,0.0060,0.01,no
2026-10-05T00:28:54.585065Z,KXBTC15M-26OCT042030-30,0.0050,4.98,no
2026-10-05T00:28:54.628865Z,KXBTC15M-26OCT042030-30,0.0070,6.50,yes
2026-10-05T00:28:54.629306Z,KXBTC15M-26OCT042030-30,0.0070,9.36,yes
2026-10-05T00:28:54.63401Z,KXBTC15M-26OCT042030-30,0.0070,115.00,yes
2026-10-05T00:28:54.641507Z,KXBTC15M-26OCT042030-30,0.0070,102.00,yes
2026-10-05T00:28:54.646285Z,KXBTC15M-26OCT042030-30,0.0070,399.99,yes
2026-10-05T00:28:54.647814Z,KXBTC15M-26OCT042030-30,0.0070,100.00,yes
2026-10-05T00:28:54.663905Z,KXBTC15M-26OCT042030-30,0.0070,0.41,yes
2026-10-05T00:28:54.670646Z,KXBTC15M-26OCT042030-30,0.0070,11.50,yes
2026-10-05T00:28:54.719672Z,KXBTC15M-26OCT042030-30,0.0060,0.01,no
2026-10-05T00:28:54.719672Z,KXBTC15M-26OCT042030-30,0.0060,0.01,no
2026-10-05T00:28:54.719672Z,KXBTC15M-26OCT042030-30,0.0060,0.40,no
2026-10-05T00:28:54.736813Z,KXBTC15M-26OCT042030-30,0.0060,5.02,no
2026-10-05T00:28:54.737826Z,KXBTC15M-26OCT042030-30,0.0020,59.35,no
2026-10-05T00:28:54.737826Z,KXBTC15M-26OCT042030-30,0.0050,0.01,no
2026-10-05T00:28:54.737826Z,KXBTC15M-26OCT042030-30,0.0050,16.56,no
2026-10-05T00:28:54.737826Z,KXBTC15M-26OCT042030-30,0.0040,200.00,no
2026-10-05T00:28:54.737826Z,KXBTC15M-26OCT042030-30,0.0030,25.00,no
2026-10-05T00:28:54.737826Z,KXBTC15M-26OCT042030-30,0.0060,0.01,no
2026-10-05T00:28:54.737826Z,KXBTC15M-26OCT042030-30,0.0060,0.01,no
2026-10-05T00:28:54.737826Z,KXBTC15M-26OCT042030-30,0.0040,24.00,no
2026-10-05T00:28:54.737826Z,KXBTC15M-26OCT042030-30,0.0030,17.00,no
2026-10-05T00:28:54.737826Z,KXBTC15M-26OCT042030-30,0.0060,37.58,no
2026-10-05T00:28:54.737826Z,KXBTC15M-26OCT042030-30,0.0050,17.00,no
2026-10-05T00:28:54.737826Z,KXBTC15M-26OCT042030-30,0.0050,0.01,no
2026-10-05T00:28:54.745885Z,KXBTC15M-26OCT042030-30,0.0060,0.01,no
2026-10-05T00:28:54.745885Z,KXBTC15M-26OCT042030-30,0.0040,7.51,no
2026-10-05T00:28:54.748105Z,KXBTC15M-26OCT042030-30,0.0070,19.63,yes
2026-10-05T00:28:54.748527Z,KXBTC15M-26OCT042030-30,0.0060,0.01,no
2026-10-05T00:28:54.748527Z,KXBTC15M-26OCT042030-30,0.0040,58.99,no
2026-10-05T00:28:54.760607Z,KXBTC15M-26OCT042030-30,0.0070,30.03,yes
2026-10-05T00:28:54.763942Z,KXBTC15M-26OCT042030-30,0.0070,130.90,yes
2026-10-05T00:28:54.791709Z,KXBTC15M-26OCT042030-30,0.0060,0.01,yes
2026-10-05T00:28:54.791709Z,KXBTC15M-26OCT042030-30,0.0060,77.46,yes
2026-10-05T00:28:54.791709Z,KXBTC15M-26OCT042030-30,0.0060,0.01,yes
2026-10-05T00:28:54.842424Z,KXBTC15M-26OCT042030-30,0.0050,12.54,no
2026-10-05T00:28:54.849226Z,KXBTC15M-26OCT042030-30,0.0060,422.54,yes
2026-10-05T00:28:54.849226Z,KXBTC15M-26OCT042030-30,0.0060,245.33,yes
2026-10-05T00:28:54.858689Z,KXBTC15M-26OCT042030-30,0.0060,133.56,yes
2026-10-05T00:28:54.858689Z,KXBTC15M-26OCT042030-30,0.0060,0.01,yes
2026-10-05T00:28:54.858689Z,KXBTC15M-26OCT042030-30,0.0060,0.01,yes
2026-10-05T00:28:54.864009Z,KXBTC15M-26OCT042030-30,0.0060,66.44,yes
2026-10-05T00:28:54.864009Z,KXBTC15M-26OCT042030-30,0.0070,200.00,yes
2026-10-05T00:28:54.864009Z,KXBTC15M-26OCT042030-30,0.0070,0.01,yes
2026-10-05T00:28:54.864009Z,KXBTC15M-26OCT042030-30,0.0080,10.00,yes
2026-10-05T00:28:54.864009Z,KXBTC15M-26OCT042030-30,0.0070,0.01,yes
2026-10-05T00:28:54.864009Z,KXBTC15M-26OCT042030-30,0.0080,1.76,yes
2026-10-05T00:28:54.864009Z,KXBTC15M-26OCT042030-30,0.0080,10.00,yes
2026-10-05T00:28:54.864009Z,KXBTC15M-26OCT042030-30,0.0060,267.95,yes
2026-10-05T00:28:54.864009Z,KXBTC15M-26OCT042030-30,0.0080,32.00,yes
2026-10-05T00:28:54.864009Z,KXBTC15M-26OCT042030-30,0.0070,79.70,yes
2026-10-05T00:28:54.879366Z,KXBTC15M-26OCT042030-30,0.0080,0.01,yes
2026-10-05T00:28:54.879366Z,KXBTC15M-26OCT042030-30,0.0080,0.01,yes
2026-10-05T00:28:54.879366Z,KXBTC15M-26OCT042030-30,0.0090,137.52,yes
2026-10-05T00:28:54.953838Z,KXBTC15M-26OCT042030-30,0.0040,16.00,no
2026-10-05T00:28:54.953838Z,KXBTC15M-26OCT042030-30,0.0070,0.01,no
2026-10-05T00:28:54.953838Z,KXBTC15M-26OCT042030-30,0.0050,0.01,no
2026-10-05T00:28:54.953838Z,KXBTC15M-26OCT042030-30,0.0070,17.00,no
2026-10-05T00:28:54.953838Z,KXBTC15M-26OCT042030-30,0.0050,0.01,no
2026-10-05T00:28:54.953838Z,KXBTC15M-26OCT042030-30,0.0070,0.01,no
2026-10-05T00:28:54.953838Z,KXBTC15M-26OCT042030-30,0.0050,4.46,no
2026-10-05T00:28:54.953838Z,KXBTC15M-26OCT042030-30,0.0060,0.01,no
2026-10-05T00:28:54.953838Z,KXBTC15M-26OCT042030-30,0.0050,12.00,no
2026-10-05T00:28:54.953838Z,KXBTC15M-26OCT042030-30,0.0030,15.47,no
2026-10-05T00:28:54.968073Z,KXBTC15M-26OCT042030-30,0.0080,35.21,yes
2026-10-05T00:28:54.968073Z,KXBTC15M-26OCT042030-30,0.0080,0.01,yes
2026-10-05T00:28:54.968073Z,KXBTC15M-26OCT042030-30,0.0080,0.01,yes
2026-10-05T00:28:54.984293Z,KXBTC15M-26OCT042030-30,0.0070,0.01,no
2026-10-05T00:28:54.984293Z,KXBTC15M-26OCT042030-30,0.0070,0.01,no
2026-10-05T00:28:55.040441Z,KXBTC15M-26OCT042030-30,0.0080,139.91,yes
2026-10-05T00:28:55.046701Z,KXBTC15M-26OCT042030-30,0.0080,17.45,yes
2026-10-05T00:28:55.086932Z,KXBTC15M-26OCT042030-30,0.0080,213.64,yes
2026-10-05T00:28:55.099629Z,KXBTC15M-26OCT042030-30,0.0080,14.00,yes
2026-10-05T00:28:55.147173Z,KXBTC15M-26OCT042030-30,0.0080,17.00,yes
2026-10-05T00:28:55.147173Z,KXBTC15M-26OCT042030-30,0.0080,500.00,yes
2026-10-05T00:28:55.147173Z,KXBTC15M-26OCT042030-30,0.0080,0.01,yes
2026-10-05T00:28:55.147173Z,KXBTC15M-26OCT042030-30,0.0080,115.00,yes
2026-10-05T00:28:55.147173Z,KXBTC15M-26OCT042030-30,0.0080,0.01,yes
2026-10-05T00:28:55.147173Z,KXBTC15M-26OCT042030-30,0.0080,200.00,yes
2026-10-05T00:28:55.147173Z,KXBTC15M-26OCT042030-30,0.0080,165.98,yes
2026-10-05T00:28:55.147173Z,KXBTC15M-26OCT042030-30,0.0080,2.00,yes
2026-10-05T00:28:55.171601Z,KXBTC15M-26OCT042030-30,0.0070,0.01,no
2026-10-05T00:28:55.171601Z,KXBTC15M-26OCT042030-30,0.0070,0.01,no
2026-10-05T00:28:55.191613Z,KXBTC15M-26OCT042030-30,0.0080,6.55,yes
2026-10-05T00:28:55.191613Z,KXBTC15M-26OCT042030-30,0.0080,0.01,yes
2026-10-05T00:28:55.191613Z,KXBTC15M-26OCT042030-30,0.0080,0.01,yes
2026-10-05T00:28:55.199322Z,KXBTC15M-26OCT042030-30,0.0080,132.97,yes
2026-10-05T00:28:55.225512Z,KXBTC15M-26OCT042030-30,0.0080,39.00,yes
2026-10-05T00:28:55.232722Z,KXBTC15M-26OCT042030-30,0.0040,17.00,no
2026-10-05T00:28:55.232722Z,KXBTC15M-26OCT042030-30,0.0070,0.01,no
2026-10-05T00:28:55.232722Z,KXBTC15M-26OCT042030-30,0.0040,15.16,no
2026-10-05T00:28:55.232722Z,KXBTC15M-26OCT042030-30,0.0060,17.00,no
2026-10-05T00:28:55.232722Z,KXBTC15M-26OCT042030-30,0.0070,0.01,no
2026-10-05T00:28:55.256881Z,KXBTC15M-26OCT042030-30,0.0080,208.67,yes
2026-10-05T00:28:55.291458Z,KXBTC15M-26OCT042030-30,0.0040,7.35,no
2026-10-05T00:28:55.291458Z,KXBTC15M-26OCT042030-30,0.0040,15.16,no
2026-10-05T00:28:55.291458Z,KXBTC15M-26OCT042030-30,0.0040,4.84,no
2026-10-05T00:28:55.291458Z,KXBTC15M-26OCT042030-30,0.0040,23.00,no
2026-10-05T00:28:55.291458Z,KXBTC15M-26OCT042030-30,0.0050,17.00,no
2026-10-05T00:28:55.291458Z,KXBTC15M-26OCT042030-30,0.0050,0.01,no
2026-10-05T00:28:55.291458Z,KXBTC15M-26OCT042030-30,0.0050,0.01,no
2026-10-05T00:28:55.295803Z,KXBTC15M-26OCT042030-30,0.0080,98.45,yes
2026-10-05T00:28:55.305203Z,KXBTC15M-26OCT042030-30,0.0080,5.67,yes
2026-10-05T00:28:55.31965Z,KXBTC15M-26OCT042030-30,0.0050,1.00,yes
2026-10-05T00:28:55.346824Z,KXBTC15M-26OCT042030-30,0.0050,61.33,yes
2026-10-05T00:28:55.353444Z,KXBTC15M-26OCT042030-30,0.0050,515.86,yes
2026-10-05T00:28:55.357065Z,KXBTC15M-26OCT042030-30,0.0050,155.83,yes
2026-10-05T00:28:55.35955Z,KXBTC15M-26OCT042030-30,0.0050,116.88,yes
2026-10-05T00:28:55.386554Z,KXBTC15M-26OCT042030-30,0.0050,116.88,yes
2026-10-05T00:28:55.41992Z,KXBTC15M-26OCT042030-30,0.0100,2.00,yes
2026-10-05T00:28:55.41992Z,KXBTC15M-26OCT042030-30,0.0100,64.00,yes
2026-10-05T00:28:55.41992Z,KXBTC15M-26OCT042030-30,0.0090,2.00,yes
2026-10-05T00:28:55.41992Z,KXBTC15M-26OCT042030-30,0.0100,2.00,yes
2026-10-05T00:28:55.41992Z,KXBTC15M-26OCT042030-30,0.0090,2.00,yes
2026-10-05T00:28:55.41992Z,KXBTC15M-26OCT042030-30,0.0100,16.73,yes
2026-10-05T00:28:55.41992Z,KXBTC15M-26OCT042030-30,0.0080,2.00,yes
2026-10-05T00:28:55.41992Z,KXBTC15M-26OCT042030-30,0.0090,17.00,yes
2026-10-05T00:28:55.41992Z,KXBTC15M-26OCT042030-30,0.0050,0.01,yes
2026-10-05T00:28:55.41992Z,KXBTC15M-26OCT042030-30,0.0070,14.00,yes
2026-10-05T00:28:55.41992Z,KXBTC15M-26OCT042030-30,0.0050,0.01,yes
2026-10-05T00:28:55.41992Z,KXBTC15M-26OCT042030-30,0.0080,2.00,yes
2026-10-05T00:28:55.41992Z,KXBTC15M-26OCT042030-30,0.0100,30.00,yes
2026-10-05T00:28:55.41992Z,KXBTC15M-26OCT042030-30,0.0090,61.68,yes
2026-10-05T00:28:55.41992Z,KXBTC15M-26OCT042030-30,0.0100,50.00,yes
2026-10-05T00:28:55.458104Z,KXBTC15M-26OCT042030-30,0.0040,0.01,no
2026-10-05T00:28:55.458104Z,KXBTC15M-26OCT042030-30,0.0040,12.61,no
2026-10-05T00:28:55.458104Z,KXBTC15M-26OCT042030-30,0.0040,9.65,no
2026-10-05T00:28:55.458104Z,KXBTC15M-26OCT042030-30,0.0040,0.01,no
2026-10-05T00:28:55.458104Z,KXBTC15M-26OCT042030-30,0.0040,20.00,no
2026-10-05T00:28:55.485997Z,KXBTC15M-26OCT042030-30,0.0070,329.50,yes
2026-10-05T00:28:55.485997Z,KXBTC15M-26OCT042030-30,0.0070,0.01,yes
2026-10-05T00:28:55.485997Z,KXBTC15M-26OCT042030-30,0.0070,0.01,yes
2026-10-05T00:28:55.48911Z,KXBTC15M-26OCT042030-30,0.0070,13.27,yes
2026-10-05T00:28:55.507911Z,KXBTC15M-26OCT042030-30,0.0070,0.01,yes
2026-10-05T00:28:55.507911Z,KXBTC15M-26OCT042030-30,0.0070,0.01,yes
2026-10-05T00:28:55.507911Z,KXBTC15M-26OCT042030-30,0.0070,287.23,yes
2026-10-05T00:28:55.507911Z,KXBTC15M-26OCT042030-30,0.0070,57.23,yes
2026-10-05T00:28:55.513192Z,KXBTC15M-26OCT042030-30,0.0070,91.17,yes
2026-10-05T00:28:55.52335Z,KXBTC15M-26OCT042030-30,0.0070,0.01,yes
2026-10-05T00:28:55.52335Z,KXBTC15M-26OCT042030-30,0.0070,5.99,yes
2026-10-05T00:28:55.533886Z,KXBTC15M-26OCT042030-30,0.0070,58.44,yes
2026-10-05T00:28:55.553387Z,KXBTC15M-26OCT042030-30,0.0050,208.13,no
2026-10-05T00:28:55.553387Z,KXBTC15M-26OCT042030-30,0.0050,252.85,no
2026-10-05T00:28:55.553387Z,KXBTC15M-26OCT042030-30,0.0050,17.00,no
2026-10-05T00:28:55.553387Z,KXBTC15M-26OCT042030-30,0.0050,500.00,no
2026-10-05T00:28:55.553387Z,KXBTC15M-26OCT042030-30,0.0050,22.00,no
2026-10-05T00:28:55.553387Z,KXBTC15M-26OCT042030-30,0.0050,0.01,no
2026-10-05T00:28:55.553387Z,KXBTC15M-26OCT042030-30,0.0050,0.01,no
2026-10-05T00:28:55.553779Z,KXBTC15M-26OCT042030-30,0.0070,58.44,yes
2026-10-05T00:28:55.564249Z,KXBTC15M-26OCT042030-30,0.0070,42.37,yes
2026-10-05T00:28:55.588382Z,KXBTC15M-26OCT042030-30,0.0070,116.88,yes
2026-10-05T00:28:55.654828Z,KXBTC15M-26OCT042030-30,0.0070,48.00,yes
2026-10-05T00:28:55.6582Z,KXBTC15M-26OCT042030-30,0.0070,0.01,yes
2026-10-05T00:28:55.6582Z,KXBTC15M-26OCT042030-30,0.0070,46.98,yes
2026-10-05T00:28:55.6582Z,KXBTC15M-26OCT042030-30,0.0070,0.01,yes
2026-10-05T00:28:55.6582Z,KXBTC15M-26OCT042030-30,0.0070,69.88,yes
2026-10-05T00:28:55.68429Z,KXBTC15M-26OCT042030-30,0.0150,500.00,yes
2026-10-05T00:28:55.68429Z,KXBTC15M-26OCT042030-30,0.0150,10.00,yes
2026-10-05T00:28:55.68429Z,KXBTC15M-26OCT042030-30,0.0200,928.71,yes
2026-10-05T00:28:55.68429Z,KXBTC15M-26OCT042030-30,0.0190,500.00,yes
2026-10-05T00:28:55.68429Z,KXBTC15M-26OCT042030-30,0.0170,500.00,yes
2026-10-05T00:28:55.68429Z,KXBTC15M-26OCT042030-30,0.0190,352.00,yes
2026-10-05T00:28:55.68429Z,KXBTC15M-26OCT042030-30,0.0200,64.00,yes
2026-10-05T00:28:55.68429Z,KXBTC15M-26OCT042030-30,0.0200,64.00,yes
2026-10-05T00:28:55.68429Z,KXBTC15M-26OCT042030-30,0.0200,15.00,yes
2026-10-05T00:28:55.68429Z,KXBTC15M-26OCT042030-30,0.0160,10.00,yes
2026-10-05T00:28:55.68429Z,KXBTC15M-26OCT042030-30,0.0120,10.00,yes
2026-10-05T00:28:55.68429Z,KXBTC15M-26OCT042030-30,0.0140,10.00,yes
2026-10-05T00:28:55.68429Z,KXBTC15M-26OCT042030-30,0.0070,240.26,yes
2026-10-05T00:28:55.68429Z,KXBTC15M-26OCT042030-30,0.0130,10.00,yes
2026-10-05T00:28:55.68429Z,KXBTC15M-26OCT042030-30,0.0100,1.00,yes
2026-10-05T00:28:55.68429Z,KXBTC15M-26OCT042030-30,0.0100,93.75,yes
2026-10-05T00:28:55.68429Z,KXBTC15M-26OCT042030-30,0.0120,2.00,yes
2026-10-05T00:28:55.68429Z,KXBTC15M-26OCT042030-30,0.0130,2.00,yes
2026-10-05T00:28:55.68429Z,KXBTC15M-26OCT042030-30,0.0100,15.00,yes
2026-10-05T00:28:55.68429Z,KXBTC15M-26OCT042030-30,0.0070,0.01,yes
2026-10-05T00:28:55.68429Z,KXBTC15M-26OCT042030-30,0.0070,0.01,yes
2026-10-05T00:28:55.68429Z,KXBTC15M-26OCT042030-30,0.0140,13.00,yes
2026-10-05T00:28:55.68429Z,KXBTC15M-26OCT042030-30,0.0070,500.00,yes
2026-10-05T00:28:55.68429Z,KXBTC15M-26OCT042030-30,0.0180,81.00,yes
2026-10-05T00:28:55.68429Z,KXBTC15M-26OCT042030-30,0.0100,30.00,yes
2026-10-05T00:28:55.68429Z,KXBTC15M-26OCT042030-30,0.0140,2.00,yes
2026-10-05T00:28:55.68429Z,KXBTC15M-26OCT042030-30,0.0070,453.02,yes
2026-10-05T00:28:55.68429Z,KXBTC15M-26OCT042030-30,0.0100,64.00,yes
2026-10-05T00:28:55.68429Z,KXBTC15M-26OCT042030-30,0.0100,5.00,yes
2026-10-05T00:28:55.68429Z,KXBTC15M-26OCT042030-30,0.0130,2.00,yes
2026-10-05T00:28:55.68429Z,KXBTC15M-26OCT042030-30,0.0080,200.00,yes
2026-10-05T00:28:55.68429Z,KXBTC15M-26OCT042030-30,0.0070,400.00,yes
2026-10-05T00:28:55.68429Z,KXBTC15M-26OCT042030-30,0.0100,93.75,yes
2026-10-05T00:28:55.68429Z,KXBTC15M-26OCT042030-30,0.0080,10.00,yes
2026-10-05T00:28:55.68429Z,KXBTC15M-26OCT042030-30,0.0100,2.00,yes
2026-10-05T00:28:55.68429Z,KXBTC15M-26OCT042030-30,0.0120,2.00,yes
2026-10-05T00:28:55.68429Z,KXBTC15M-26OCT042030-30,0.0150,64.00,yes
2026-10-05T00:28:55.68429Z,KXBTC15M-26OCT042030-30,0.0100,64.00,yes
2026-10-05T00:28:55.68429Z,KXBTC15M-26OCT042030-30,0.0130,117.07,yes
2026-10-05T00:28:55.68429Z,KXBTC15M-26OCT042030-30,0.0110,500.00,yes
2026-10-05T00:28:55.68429Z,KXBTC15M-26OCT042030-30,0.0150,64.00,yes
2026-10-05T00:28:55.68429Z,KXBTC15M-26OCT042030-30,0.0100,1.00,yes
2026-10-05T00:28:55.68429Z,KXBTC15M-26OCT042030-30,0.0150,15.00,yes
2026-10-05T00:28:55.684441Z,KXBTC15M-26OCT042030-30,0.0200,100.00,yes
2026-10-05T00:28:55.73614Z,KXBTC15M-26OCT042030-30,0.0190,619.21,no
2026-10-05T00:28:55.832331Z,KXBTC15M-26OCT042030-30,0.0200,48.35,yes
2026-10-05T00:28:55.838824Z,KXBTC15M-26OCT042030-30,0.0190,51.00,no
2026-10-05T00:28:55.847035Z,KXBTC15M-26OCT042030-30,0.0190,1.00,no
2026-10-05T00:28:55.847678Z,KXBTC15M-26OCT042030-30,0.0190,70.26,no
2026-10-05T00:28:55.85062Z,KXBTC15M-26OCT042030-30,0.0190,90.00,no
2026-10-05T00:28:55.859396Z,KXBTC15M-26OCT042030-30,0.0200,2000.00,yes
2026-10-05T00:28:55.865221Z,KXBTC15M-26OCT042030-30,0.0170,1.98,no
2026-10-05T00:28:55.865221Z,KXBTC15M-26OCT042030-30,0.0190,0.01,no
2026-10-05T00:28:55.865221Z,KXBTC15M-26OCT042030-30,0.0190,0.01,no
2026-10-05T00:28:55.873236Z,KXBTC15M-26OCT042030-30,0.0170,450.00,no
2026-10-05T00:28:55.879152Z,KXBTC15M-26OCT042030-30,0.0200,11.25,yes
2026-10-05T00:28:55.879152Z,KXBTC15M-26OCT042030-30,0.0180,2.00,yes
2026-10-05T00:28:55.879152Z,KXBTC15M-26OCT042030-30,0.0190,1.00,yes
2026-10-05T00:28:55.879152Z,KXBTC15M-26OCT042030-30,0.0190,1.00,yes
2026-10-05T00:28:55.879152Z,KXBTC15M-26OCT042030-30,0.0180,2.00,yes
2026-10-05T00:28:55.88095Z,KXBTC15M-26OCT042030-30,0.0120,0.02,no
2026-10-05T00:28:55.913266Z,KXBTC15M-26OCT042030-30,0.0180,5.00,yes
2026-10-05T00:28:55.913266Z,KXBTC15M-26OCT042030-30,0.0180,2.00,yes
2026-10-05T00:28:55.913266Z,KXBTC15M-26OCT042030-30,0.0180,35.62,yes
2026-10-05T00:28:55.913266Z,KXBTC15M-26OCT042030-30,0.0180,0.01,yes
2026-10-05T00:28:55.913266Z,KXBTC15M-26OCT042030-30,0.0180,259.60,yes
2026-10-05T00:28:55.913266Z,KXBTC15M-26OCT042030-30,0.0180,200.00,yes
2026-10-05T00:28:55.913266Z,KXBTC15M-26OCT042030-30,0.0180,400.00,yes
2026-10-05T00:28:55.913266Z,KXBTC15M-26OCT042030-30,0.0180,2.00,yes
2026-10-05T00:28:55.913266Z,KXBTC15M-26OCT042030-30,0.0180,13.00,yes
2026-10-05T00:28:55.913266Z,KXBTC15M-26OCT042030-30,0.0180,200.00,yes
2026-10-05T00:28:55.913266Z,KXBTC15M-26OCT042030-30,0.0180,0.01,yes
2026-10-05T00:28:56.002812Z,KXBTC15M-26OCT042030-30,0.0180,205.05,yes
2026-10-05T00:28:56.020859Z,KXBTC15M-26OCT042030-30,0.0180,14.03,yes
2026-10-05T00:28:56.02991Z,KXBTC15M-26OCT042030-30,0.0180,46.79,yes
2026-10-05T00:28:56.046546Z,KXBTC15M-26OCT042030-30,0.0180,24.05,yes
2026-10-05T00:28:56.046546Z,KXBTC15M-26OCT042030-30,0.0180,2.00,yes
2026-10-05T00:28:56.066121Z,KXBTC15M-26OCT042030-30,0.0180,0.01,yes
2026-10-05T00:28:56.066121Z,KXBTC15M-26OCT042030-30,0.0180,6.85,yes
2026-10-05T00:28:56.066121Z,KXBTC15M-26OCT042030-30,0.0180,0.01,yes
2026-10-05T00:28:56.149831Z,KXBTC15M-26OCT042030-30,0.0060,20.00,no
2026-10-05T00:28:56.149831Z,KXBTC15M-26OCT042030-30,0.0080,2.00,no
2026-10-05T00:28:56.149831Z,KXBTC15M-26OCT042030-30,0.0070,2.00,no
2026-10-05T00:28:56.149831Z,KXBTC15M-26OCT042030-30,0.0080,128.15,no
2026-10-05T00:28:56.149831Z,KXBTC15M-26OCT042030-30,0.0150,500.00,no
2026-10-05T00:28:56.149831Z,KXBTC15M-26OCT042030-30,0.0150,500.00,no
2026-10-05T00:28:56.149831Z,KXBTC15M-26OCT042030-30,0.0170,0.01,no
2026-10-05T00:28:56.149831Z,KXBTC15M-26OCT042030-30,0.0090,2.00,no
2026-10-05T00:28:56.149831Z,KXBTC15M-26OCT042030-30,0.0060,2.00,no
2026-10-05T00:28:56.149831Z,KXBTC15M-26OCT042030-30,0.0050,15.00,no
2026-10-05T00:28:56.149831Z,KXBTC15M-26OCT042030-30,0.0040,300.00,no
2026-10-05T00:28:56.149831Z,KXBTC15M-26OCT042030-30,0.0040,15.00,no
2026-10-05T00:28:56.149831Z,KXBTC15M-26OCT042030-30,0.0070,500.00,no
2026-10-05T00:28:56.149831Z,KXBTC15M-26OCT042030-30,0.0100,2.00,no
2026-10-05T00:28:56.149831Z,KXBTC15M-26OCT042030-30,0.0110,500.00,no
2026-10-05T00:28:56.149831Z,KXBTC15M-26OCT042030-30,0.0090,500.00,no
2026-10-05T00:28:56.149831Z,KXBTC15M-26OCT042030-30,0.0030,482.50,no
2026-10-05T00:28:56.149831Z,KXBTC15M-26OCT042030-30,0.0050,500.00,no
2026-10-05T00:28:56.149831Z,KXBTC15M-26OCT042030-30,0.0170,0.01,no
2026-10-05T00:28:56.149831Z,KXBTC15M-26OCT042030-30,0.0080,2.00,no
2026-10-05T00:28:56.155208Z,KXBTC15M-26OCT042030-30,0.0180,6.37,yes
2026-10-05T00:28:56.155208Z,KXBTC15M-26OCT042030-30,0.0180,6.15,yes
2026-10-05T00:28:56.160159Z,KXBTC15M-26OCT042030-30,0.0080,33.37,yes
2026-10-05T00:28:56.176363Z,KXBTC15M-26OCT042030-30,0.0060,2.00,no
2026-10-05T00:28:56.176363Z,KXBTC15M-26OCT042030-30,0.0060,20.00,no
2026-10-05T00:28:56.176363Z,KXBTC15M-26OCT042030-30,0.0060,0.01,no
2026-10-05T00:28:56.176363Z,KXBTC15M-26OCT042030-30,0.0050,17.00,no
2026-10-05T00:28:56.176363Z,KXBTC15M-26OCT042030-30,0.0060,0.01,no
2026-10-05T00:28:56.176363Z,KXBTC15M-26OCT042030-30,0.0060,17.00,no
2026-10-05T00:28:56.176363Z,KXBTC15M-26OCT042030-30,0.0050,43.98,no
2026-10-05T00:28:56.177583Z,KXBTC15M-26OCT042030-30,0.0080,46.79,yes
2026-10-05T00:28:56.202602Z,KXBTC15M-26OCT042030-30,0.0080,129.42,yes
2026-10-05T00:28:56.208419Z,KXBTC15M-26OCT042030-30,0.0080,60.39,yes
2026-10-05T00:28:56.223061Z,KXBTC15M-26OCT042030-30,0.0070,1.22,yes
2026-10-05T00:28:56.223061Z,KXBTC15M-26OCT042030-30,0.0080,9.75,yes
2026-10-05T00:28:56.271646Z,KXBTC15M-26OCT042030-30,0.0060,4.98,no
2026-10-05T00:28:56.289157Z,KXBTC15M-26OCT042030-30,0.0080,103.94,yes
2026-10-05T00:28:56.289157Z,KXBTC15M-26OCT042030-30,0.0070,0.01,yes
2026-10-05T00:28:56.289157Z,KXBTC15M-26OCT042030-30,0.0070,0.01,yes
2026-10-05T00:28:56.300706Z,KXBTC15M-26OCT042030-30,0.0070,0.01,yes
2026-10-05T00:28:56.300706Z,KXBTC15M-26OCT042030-30,0.0080,51.64,yes
2026-10-05T00:28:56.300706Z,KXBTC15M-26OCT042030-30,0.0070,0.01,yes
2026-10-05T00:28:56.334941Z,KXBTC15M-26OCT042030-30,0.0060,0.01,no
2026-10-05T00:28:56.334941Z,KXBTC15M-26OCT042030-30,0.0060,12.02,no
2026-10-05T00:28:56.334941Z,KXBTC15M-26OCT042030-30,0.0060,0.01,no
2026-10-05T00:28:56.334941Z,KXBTC15M-26OCT042030-30,0.0060,19.96,no
2026-10-05T00:28:56.337875Z,KXBTC15M-26OCT042030-30,0.0060,3.00,no
2026-10-05T00:28:56.337941Z,KXBTC15M-26OCT042030-30,0.0070,0.01,yes
2026-10-05T00:28:56.337941Z,KXBTC15M-26OCT042030-30,0.0070,0.01,yes
2026-10-05T00:28:56.337941Z,KXBTC15M-26OCT042030-30,0.0080,25.97,yes
2026-10-05T00:28:56.343541Z,KXBTC15M-26OCT042030-30,0.0080,0.01,yes
2026-10-05T00:28:56.343541Z,KXBTC15M-26OCT042030-30,0.0080,38.73,yes
2026-10-05T00:28:56.343541Z,KXBTC15M-26OCT042030-30,0.0100,236.89,yes
2026-10-05T00:28:56.343541Z,KXBTC15M-26OCT042030-30,0.0080,0.01,yes
2026-10-05T00:28:56.343541Z,KXBTC15M-26OCT042030-30,0.0080,10.00,yes
2026-10-05T00:28:56.355477Z,KXBTC15M-26OCT042030-30,0.0080,73.99,yes
2026-10-05T00:28:56.366453Z,KXBTC15M-26OCT042030-30,0.0070,5.00,no
2026-10-05T00:28:56.37277Z,KXBTC15M-26OCT042030-30,0.0100,0.01,yes
2026-10-05T00:28:56.37277Z,KXBTC15M-26OCT042030-30,0.0120,157.87,yes
2026-10-05T00:28:56.37277Z,KXBTC15M-26OCT042030-30,0.0100,0.01,yes
2026-10-05T00:28:56.37277Z,KXBTC15M-26OCT042030-30,0.0100,263.11,yes
2026-10-05T00:28:56.37277Z,KXBTC15M-26OCT042030-30,0.0100,1.00,yes
2026-10-05T00:28:56.37277Z,KXBTC15M-26OCT042030-30,0.0080,500.00,yes
2026-10-05T00:28:56.37277Z,KXBTC15M-26OCT042030-30,0.0080,500.00,yes
2026-10-05T00:28:56.411314Z,KXBTC15M-26OCT042030-30,0.0030,2.00,no
2026-10-05T00:28:56.411314Z,KXBTC15M-26OCT042030-30,0.0060,0.01,no
2026-10-05T00:28:56.411314Z,KXBTC15M-26OCT042030-30,0.0070,0.01,no
2026-10-05T00:28:56.411314Z,KXBTC15M-26OCT042030-30,0.0030,2.00,no
2026-10-05T00:28:56.411314Z,KXBTC15M-26OCT042030-30,0.0040,2.00,no
2026-10-05T00:28:56.411314Z,KXBTC15M-26OCT042030-30,0.0040,2.00,no
2026-10-05T00:28:56.411314Z,KXBTC15M-26OCT042030-30,0.0060,0.01,no
2026-10-05T00:28:56.411314Z,KXBTC15M-26OCT042030-30,0.0050,17.00,no
2026-10-05T00:28:56.411314Z,KXBTC15M-26OCT042030-30,0.0040,18.00,no
2026-10-05T00:28:56.411314Z,KXBTC15M-26OCT042030-30,0.0030,11.34,no
2026-10-05T00:28:56.411314Z,KXBTC15M-26OCT042030-30,0.0070,12.00,no
2026-10-05T00:28:56.411314Z,KXBTC15M-26OCT042030-30,0.0070,0.01,no
2026-10-05T00:28:56.454156Z,KXBTC15M-26OCT042030-30,0.0070,0.01,no
2026-10-05T00:28:56.454156Z,KXBTC15M-26OCT042030-30,0.0050,19.79,no
2026-10-05T00:28:56.454156Z,KXBTC15M-26OCT042030-30,0.0070,0.01,no
2026-10-05T00:28:56.47998Z,KXBTC15M-26OCT042030-30,0.0080,242.73,yes
2026-10-05T00:28:56.47998Z,KXBTC15M-26OCT042030-30,0.0080,400.00,yes
2026-10-05T00:28:56.47998Z,KXBTC15M-26OCT042030-30,0.0080,0.01,yes
2026-10-05T00:28:56.47998Z,KXBTC15M-26OCT042030-30,0.0080,0.01,yes
2026-10-05T00:28:56.47998Z,KXBTC15M-26OCT042030-30,0.0080,11.00,yes
2026-10-05T00:28:56.511761Z,KXBTC15M-26OCT042030-30,0.0090,0.01,yes
2026-10-05T00:28:56.511761Z,KXBTC15M-26OCT042030-30,0.0120,195.44,yes
2026-10-05T00:28:56.511761Z,KXBTC15M-26OCT042030-30,0.0100,0.01,yes
2026-10-05T00:28:56.511761Z,KXBTC15M-26OCT042030-30,0.0100,2.00,yes
2026-10-05T00:28:56.511761Z,KXBTC15M-26OCT042030-30,0.0120,342.13,yes
2026-10-05T00:28:56.511761Z,KXBTC15M-26OCT042030-30,0.0090,2.00,yes
2026-10-05T00:28:56.511761Z,KXBTC15M-26OCT042030-30,0.0090,2.00,yes
2026-10-05T00:28:56.511761Z,KXBTC15M-26OCT042030-30,0.0110,2.00,yes
2026-10-05T00:28:56.511761Z,KXBTC15M-26OCT042030-30,0.0100,0.01,yes
2026-10-05T00:28:56.511761Z,KXBTC15M-26OCT042030-30,0.0110,16.00,yes
2026-10-05T00:28:56.511761Z,KXBTC15M-26OCT042030-30,0.0090,0.01,yes
2026-10-05T00:28:56.511761Z,KXBTC15M-26OCT042030-30,0.0110,2.00,yes
2026-10-05T00:28:56.511761Z,KXBTC15M-26OCT042030-30,0.0100,2.00,yes
2026-10-05T00:28:56.512811Z,KXBTC15M-26OCT042030-30,0.0130,24.53,yes
2026-10-05T00:28:56.512811Z,KXBTC15M-26OCT042030-30,0.0130,10.00,yes
2026-10-05T00:28:56.512811Z,KXBTC15M-26OCT042030-30,0.0120,4.56,yes
2026-10-05T00:28:56.578865Z,KXBTC15M-26OCT042030-30,0.0070,17.00,no
2026-10-05T00:28:56.578865Z,KXBTC15M-26OCT042030-30,0.0070,0.01,no
2026-10-05T00:28:56.578865Z,KXBTC15M-26OCT042030-30,0.0070,0.01,no
2026-10-05T00:28:56.578865Z,KXBTC15M-26OCT042030-30,0.0070,286.10,no
2026-10-05T00:28:56.598903Z,KXBTC15M-26OCT042030-30,0.0080,2.79,yes
2026-10-05T00:28:56.608318Z,KXBTC15M-26OCT042030-30,0.0080,3.24,yes
2026-10-05T00:28:56.608318Z,KXBTC15M-26OCT042030-30,0.0080,8.21,yes
2026-10-05T00:28:56.611176Z,KXBTC15M-26OCT042030-30,0.0080,64.34,yes
2026-10-05T00:28:56.614431Z,KXBTC15M-26OCT042030-30,0.0070,0.01,no
2026-10-05T00:28:56.614431Z,KXBTC15M-26OCT042030-30,0.0070,0.01,no
2026-10-05T00:28:56.614431Z,KXBTC15M-26OCT042030-30,0.0070,186.82,no
2026-10-05T00:28:56.660445Z,KXBTC15M-26OCT042030-30,0.0070,0.01,no
2026-10-05T00:28:56.660445Z,KXBTC15M-26OCT042030-30,0.0070,100.29,no
2026-10-05T00:28:56.660445Z,KXBTC15M-26OCT042030-30,0.0070,0.01,no
2026-10-05T00:28:56.665597Z,KXBTC15M-26OCT042030-30,0.0140,2.00,yes
2026-10-05T00:28:56.665597Z,KXBTC15M-26OCT042030-30,0.0090,500.00,yes
2026-10-05T00:28:56.665597Z,KXBTC15M-26OCT042030-30,0.0090,500.00,yes
2026-10-05T00:28:56.665597Z,KXBTC15M-26OCT042030-30,0.0090,0.01,yes
2026-10-05T00:28:56.665597Z,KXBTC15M-26OCT042030-30,0.0080,0.01,yes
2026-10-05T00:28:56.665597Z,KXBTC15M-26OCT042030-30,0.0080,0.01,yes
2026-10-05T00:28:56.665597Z,KXBTC15M-26OCT042030-30,0.0090,0.01,yes
2026-10-05T00:28:56.665597Z,KXBTC15M-26OCT042030-30,0.0140,1.06,yes
2026-10-05T00:28:56.665597Z,KXBTC15M-26OCT042030-30,0.0110,16.00,yes
2026-10-05T00:28:56.665597Z,KXBTC15M-26OCT042030-30,0.0080,400.00,yes
2026-10-05T00:28:56.671246Z,KXBTC15M-26OCT042030-30,0.0070,0.01,no
2026-10-05T00:28:56.671246Z,KXBTC15M-26OCT042030-30,0.0070,0.01,no
2026-10-05T00:28:56.687854Z,KXBTC15M-26OCT042030-30,0.0130,1.00,yes
2026-10-05T00:28:56.687854Z,KXBTC15M-26OCT042030-30,0.0150,15.00,yes
2026-10-05T00:28:56.687854Z,KXBTC15M-26OCT042030-30,0.0150,2.00,yes
2026-10-05T00:28:56.687854Z,KXBTC15M-26OCT042030-30,0.0110,0.01,yes
2026-10-05T00:28:56.687854Z,KXBTC15M-26OCT042030-30,0.0150,49.05,yes
2026-10-05T00:28:56.687854Z,KXBTC15M-26OCT042030-30,0.0150,2.00,yes
2026-10-05T00:28:56.687854Z,KXBTC15M-26OCT042030-30,0.0140,0.94,yes
2026-10-05T00:28:56.687854Z,KXBTC15M-26OCT042030-30,0.0110,0.01,yes
2026-10-05T00:28:56.696913Z,KXBTC15M-26OCT042030-30,0.0080,17.00,no
2026-10-05T00:28:56.713775Z,KXBTC15M-26OCT042030-30,0.0080,17.00,no
2026-10-05T00:28:56.713775Z,KXBTC15M-26OCT042030-30,0.0070,2.00,no
2026-10-05T00:28:56.713775Z,KXBTC15M-26OCT042030-30,0.0060,2.00,no
2026-10-05T00:28:56.713775Z,KXBTC15M-26OCT042030-30,0.0040,21.00,no
2026-10-05T00:28:56.713775Z,KXBTC15M-26OCT042030-30,0.0080,0.01,no
2026-10-05T00:28:56.713775Z,KXBTC15M-26OCT042030-30,0.0070,0.01,no
2026-10-05T00:28:56.713775Z,KXBTC15M-26OCT042030-30,0.0080,17.00,no
2026-10-05T00:28:56.713775Z,KXBTC15M-26OCT042030-30,0.0030,104.42,no
2026-10-05T00:28:56.713775Z,KXBTC15M-26OCT042030-30,0.0090,17.00,no
2026-10-05T00:28:56.713775Z,KXBTC15M-26OCT042030-30,0.0060,0.01,no
2026-10-05T00:28:56.713775Z,KXBTC15M-26OCT042030-30,0.0070,2.00,no
2026-10-05T00:28:56.713775Z,KXBTC15M-26OCT042030-30,0.0080,2.00,no
2026-10-05T00:28:56.713775Z,KXBTC15M-26OCT042030-30,0.0080,0.01,no
2026-10-05T00:28:56.713775Z,KXBTC15M-26OCT042030-30,0.0060,2.00,no
2026-10-05T00:28:56.713775Z,KXBTC15M-26OCT042030-30,0.0080,2.00,no
2026-10-05T00:28:56.713775Z,KXBTC15M-26OCT042030-30,0.0060,0.01,no
2026-10-05T00:28:56.743736Z,KXBTC15M-26OCT042030-30,0.0100,5.00,yes
2026-10-05T00:28:56.743736Z,KXBTC15M-26OCT042030-30,0.0100,20.00,yes
2026-10-05T00:28:56.743736Z,KXBTC15M-26OCT042030-30,0.0100,2.00,yes
2026-10-05T00:28:56.743736Z,KXBTC15M-26OCT042030-30,0.0100,6.42,yes
2026-10-05T00:28:56.743736Z,KXBTC15M-26OCT042030-30,0.0100,0.01,yes
2026-10-05T00:28:56.743736Z,KXBTC15M-26OCT042030-30,0.0100,0.01,yes
2026-10-05T00:28:56.750776Z,KXBTC15M-26OCT042030-30,0.0100,0.02,yes
2026-10-05T00:28:56.780758Z,KXBTC15M-26OCT042030-30,0.0090,10.02,no
2026-10-05T00:28:56.816051Z,KXBTC15M-26OCT042030-30,0.0100,0.01,yes
2026-10-05T00:28:56.816051Z,KXBTC15M-26OCT042030-30,0.0100,51.96,yes
2026-10-05T00:28:56.816051Z,KXBTC15M-26OCT042030-30,0.0100,0.01,yes
2026-10-05T00:28:56.840686Z,KXBTC15M-26OCT042030-30,0.0100,0.01,yes
2026-10-05T00:28:56.840686Z,KXBTC15M-26OCT042030-30,0.0110,2.00,yes
2026-10-05T00:28:56.840686Z,KXBTC15M-26OCT042030-30,0.0110,5.00,yes
2026-10-05T00:28:56.840686Z,KXBTC15M-26OCT042030-30,0.0100,200.00,yes
2026-10-05T00:28:56.840686Z,KXBTC15M-26OCT042030-30,0.0100,0.01,yes
2026-10-05T00:28:56.840686Z,KXBTC15M-26OCT042030-30,0.0120,2.00,yes
2026-10-05T00:28:56.840686Z,KXBTC15M-26OCT042030-30,0.0120,15.00,yes
2026-10-05T00:28:56.840686Z,KXBTC15M-26OCT042030-30,0.0130,106.43,yes
2026-10-05T00:28:56.840686Z,KXBTC15M-26OCT042030-30,0.0110,200.00,yes
2026-10-05T00:28:56.862009Z,KXBTC15M-26OCT042030-30,0.0080,0.25,no
2026-10-05T00:28:56.862009Z,KXBTC15M-26OCT042030-30,0.0090,0.01,no
2026-10-05T00:28:56.862009Z,KXBTC15M-26OCT042030-30,0.0090,0.01,no
2026-10-05T00:28:56.862009Z,KXBTC15M-26OCT042030-30,0.0090,6.98,no
2026-10-05T00:28:56.894286Z,KXBTC15M-26OCT042030-30,0.0090,0.01,no
2026-10-05T00:28:56.894286Z,KXBTC15M-26OCT042030-30,0.0090,0.01,no
2026-10-05T00:28:56.894286Z,KXBTC15M-26OCT042030-30,0.0080,2.03,no
2026-10-05T00:28:56.895119Z,KXBTC15M-26OCT042030-30,0.0100,0.01,yes
2026-10-05T00:28:56.895119Z,KXBTC15M-26OCT042030-30,0.0110,3.85,yes
2026-10-05T00:28:56.895119Z,KXBTC15M-26OCT042030-30,0.0100,0.01,yes
2026-10-05T00:28:56.895119Z,KXBTC15M-26OCT042030-30,0.0100,20.00,yes
2026-10-05T00:28:56.915486Z,KXBTC15M-26OCT042030-30,0.0110,53.54,yes
2026-10-05T00:28:56.915486Z,KXBTC15M-26OCT042030-30,0.0100,0.01,yes
2026-10-05T00:28:56.915486Z,KXBTC15M-26OCT042030-30,0.0100,0.01,yes
2026-10-05T00:28:56.915486Z,KXBTC15M-26OCT042030-30,0.0110,1.00,yes
2026-10-05T00:28:56.952229Z,KXBTC15M-26OCT042030-30,0.0080,0.98,no
2026-10-05T00:28:56.952229Z,KXBTC15M-26OCT042030-30,0.0090,0.01,no
2026-10-05T00:28:56.952229Z,KXBTC15M-26OCT042030-30,0.0090,0.01,no
2026-10-05T00:28:56.964053Z,KXBTC15M-26OCT042030-30,0.0100,400.00,yes
2026-10-05T00:28:56.964053Z,KXBTC15M-26OCT042030-30,0.0100,0.01,yes
2026-10-05T00:28:56.964053Z,KXBTC15M-26OCT042030-30,0.0110,467.25,yes
2026-10-05T00:28:56.964053Z,KXBTC15M-26OCT042030-30,0.0100,0.01,yes
2026-10-05T00:28:56.985439Z,KXBTC15M-26OCT042030-30,0.0090,0.01,no
2026-10-05T00:28:56.985439Z,KXBTC15M-26OCT042030-30,0.0060,20.00,no
2026-10-05T00:28:56.985439Z,KXBTC15M-26OCT042030-30,0.0060,464.22,no
2026-10-05T00:28:56.985439Z,KXBTC15M-26OCT042030-30,0.0080,0.01,no
2026-10-05T00:28:56.985439Z,KXBTC15M-26OCT042030-30,0.0080,0.01,no
2026-10-05T00:28:56.985439Z,KXBTC15M-26OCT042030-30,0.0080,13.74,no
2026-10-05T00:28:56.985439Z,KXBTC15M-26OCT042030-30,0.0090,0.01,no
2026-10-05T00:28:56.986542Z,KXBTC15M-26OCT042030-30,0.0100,1.35,yes
2026-10-05T00:28:56.986542Z,KXBTC15M-26OCT042030-30,0.0110,34.63,yes
2026-10-05T00:28:56.986542Z,KXBTC15M-26OCT042030-30,0.0100,16.00,yes
2026-10-05T00:28:56.987991Z,KXBTC15M-26OCT042030-30,0.0110,2.50,yes
2026-10-05T00:28:56.996104Z,KXBTC15M-26OCT042030-30,0.0090,16.99,no
2026-10-05T00:28:56.997307Z,KXBTC15M-26OCT042030-30,0.0090,183.01,no
2026-10-05T00:28:57.009965Z,KXBTC15M-26OCT042030-30,0.0090,0.01,no
2026-10-05T00:28:57.009965Z,KXBTC15M-26OCT042030-30,0.0080,0.28,no
2026-10-05T00:28:57.009965Z,KXBTC15M-26OCT042030-30,0.0090,0.01,no
2026-10-05T00:28:57.015Z,KXBTC15M-26OCT042030-30,0.0130,604.04,yes
2026-10-05T00:28:57.015Z,KXBTC15M-26OCT042030-30,0.0100,0.01,yes
2026-10-05T00:28:57.015Z,KXBTC15M-26OCT042030-30,0.0110,0.01,yes
2026-10-05T00:28:57.015Z,KXBTC15M-26OCT042030-30,0.0100,19.00,yes
2026-10-05T00:28:57.015Z,KXBTC15M-26OCT042030-30,0.0100,0.01,yes
2026-10-05T00:28:57.015Z,KXBTC15M-26OCT042030-30,0.0110,0.01,yes
2026-10-05T00:28:57.015Z,KXBTC15M-26OCT042030-30,0.0100,16.00,yes
2026-10-05T00:28:57.032651Z,KXBTC15M-26OCT042030-30,0.0090,28.18,no
2026-10-05T00:28:57.147589Z,KXBTC15M-26OCT042030-30,0.0100,2.29,yes
2026-10-05T00:28:57.174347Z,KXBTC15M-26OCT042030-30,0.0100,100.95,yes
2026-10-05T00:28:57.174347Z,KXBTC15M-26OCT042030-30,0.0100,0.01,yes
2026-10-05T00:28:57.174347Z,KXBTC15M-26OCT042030-30,0.0100,27.71,yes
2026-10-05T00:28:57.186441Z,KXBTC15M-26OCT042030-30,0.0100,9.35,yes
2026-10-05T00:28:57.248797Z,KXBTC15M-26OCT042030-30,0.0090,2.01,no
2026-10-05T00:28:57.250082Z,KXBTC15M-26OCT042030-30,0.0090,90.59,no
2026-10-05T00:28:57.265893Z,KXBTC15M-26OCT042030-30,0.0090,23.67,no
2026-10-05T00:28:57.317619Z,KXBTC15M-26OCT042030-30,0.0100,146.29,yes
2026-10-05T00:28:57.317619Z,KXBTC15M-26OCT042030-30,0.0100,0.01,yes
2026-10-05T00:28:57.317619Z,KXBTC15M-26OCT042030-30,0.0100,18.00,yes
2026-10-05T00:28:57.317619Z,KXBTC15M-26OCT042030-30,0.0100,289.70,yes
2026-10-05T00:28:57.330325Z,KXBTC15M-26OCT042030-30,0.0100,14.39,yes
2026-10-05T00:28:57.3616Z,KXBTC15M-26OCT042030-30,0.0090,2.01,no
2026-10-05T00:28:57.369675Z,KXBTC15M-26OCT042030-30,0.0100,16.78,yes
2026-10-05T00:28:57.373427Z,KXBTC15M-26OCT042030-30,0.0100,79.13,yes
2026-10-05T00:28:57.401228Z,KXBTC15M-26OCT042030-30,0.0100,20.68,yes
2026-10-05T00:28:57.415677Z,KXBTC15M-26OCT042030-30,0.0090,26.04,no
2026-10-05T00:28:57.424133Z,KXBTC15M-26OCT042030-30,0.0100,93.51,yes
2026-10-05T00:28:57.438984Z,KXBTC15M-26OCT042030-30,0.0090,2.25,no
2026-10-05T00:28:57.450786Z,KXBTC15M-26OCT042030-30,0.0090,301.20,no
2026-10-05T00:28:57.464153Z,KXBTC15M-26OCT042030-30,0.0100,19.43,yes
2026-10-05T00:28:57.496711Z,KXBTC15M-26OCT042030-30,0.0100,92.29,yes
2026-10-05T00:28:57.496711Z,KXBTC15M-26OCT042030-30,0.0100,94.73,yes
2026-10-05T00:28:57.496711Z,KXBTC15M-26OCT042030-30,0.0100,0.01,yes
2026-10-05T00:28:57.533213Z,KXBTC15M-26OCT042030-30,0.0100,93.51,yes
2026-10-05T00:28:57.536278Z,KXBTC15M-26OCT042030-30,0.0100,211.76,yes
2026-10-05T00:28:57.536278Z,KXBTC15M-26OCT042030-30,0.0100,2.00,yes
2026-10-05T00:28:57.536278Z,KXBTC15M-26OCT042030-30,0.0100,12.21,yes
2026-10-05T00:28:57.536278Z,KXBTC15M-26OCT042030-30,0.0100,5.00,yes
2026-10-05T00:28:57.578865Z,KXBTC15M-26OCT042030-30,0.0090,179.49,no
2026-10-05T00:28:57.628388Z,KXBTC15M-26OCT042030-30,0.0100,6.21,yes
2026-10-05T00:28:57.628388Z,KXBTC15M-26OCT042030-30,0.0100,17.00,yes
2026-10-05T00:28:57.64579Z,KXBTC15M-26OCT042030-30,0.0090,6.23,no
2026-10-05T00:28:57.710671Z,KXBTC15M-26OCT042030-30,0.0110,0.31,yes
2026-10-05T00:28:57.710671Z,KXBTC15M-26OCT042030-30,0.0110,2.00,yes
2026-10-05T00:28:57.710671Z,KXBTC15M-26OCT042030-30,0.0110,5.00,yes
2026-10-05T00:28:57.728276Z,KXBTC15M-26OCT042030-30,0.0120,15.00,yes
2026-10-05T00:28:57.728276Z,KXBTC15M-26OCT042030-30,0.0120,54.95,yes
2026-10-05T00:28:57.728276Z,KXBTC15M-26OCT042030-30,0.0120,2.00,yes
2026-10-05T00:28:57.729078Z,KXBTC15M-26OCT042030-30,0.0090,500.00,no
2026-10-05T00:28:57.729078Z,KXBTC15M-26OCT042030-30,0.0090,0.01,no
2026-10-05T00:28:57.729078Z,KXBTC15M-26OCT042030-30,0.0090,493.77,no
2026-10-05T00:28:57.729078Z,KXBTC15M-26OCT042030-30,0.0090,0.01,no
2026-10-05T00:28:57.753857Z,KXBTC15M-26OCT042030-30,0.0090,0.01,no
2026-10-05T00:28:57.753857Z,KXBTC15M-26OCT042030-30,0.0080,4.60,no
2026-10-05T00:28:57.753857Z,KXBTC15M-26OCT042030-30,0.0090,0.01,no
2026-10-05T00:28:57.763202Z,KXBTC15M-26OCT042030-30,0.0100,16.00,yes
2026-10-05T00:28:57.763202Z,KXBTC15M-26OCT042030-30,0.0100,77.51,yes
2026-10-05T00:28:57.764362Z,KXBTC15M-26OCT042030-30,0.0080,1.00,no
2026-10-05T00:28:57.769696Z,KXBTC15M-26OCT042030-30,0.0100,93.00,yes
2026-10-05T00:28:57.833703Z,KXBTC15M-26OCT042030-30,0.0100,0.01,yes
2026-10-05T00:28:57.833703Z,KXBTC15M-26OCT042030-30,0.0100,6.20,yes
2026-10-05T00:28:57.833703Z,KXBTC15M-26OCT042030-30,0.0100,0.01,yes
2026-10-05T00:28:57.847037Z,KXBTC15M-26OCT042030-30,0.0100,93.51,yes
2026-10-05T00:28:57.857419Z,KXBTC15M-26OCT042030-30,0.0130,2.00,yes
2026-10-05T00:28:57.857419Z,KXBTC15M-26OCT042030-30,0.0110,200.00,yes
2026-10-05T00:28:57.857419Z,KXBTC15M-26OCT042030-30,0.0120,2.00,yes
2026-10-05T00:28:57.857419Z,KXBTC15M-26OCT042030-30,0.0130,778.02,yes
2026-10-05T00:28:57.857419Z,KXBTC15M-26OCT042030-30,0.0100,0.01,yes
2026-10-05T00:28:57.857419Z,KXBTC15M-26OCT042030-30,0.0120,15.00,yes
2026-10-05T00:28:57.857419Z,KXBTC15M-26OCT042030-30,0.0100,300.29,yes
2026-10-05T00:28:57.857419Z,KXBTC15M-26OCT042030-30,0.0100,0.01,yes
2026-10-05T00:28:57.901562Z,KXBTC15M-26OCT042030-30,0.0100,100.84,no
2026-10-05T00:28:57.910997Z,KXBTC15M-26OCT042030-30,0.0100,15.12,no
2026-10-05T00:28:57.92268Z,KXBTC15M-26OCT042030-30,0.0110,43.99,yes
2026-10-05T00:28:57.92268Z,KXBTC15M-26OCT042030-30,0.0110,20.00,yes
2026-10-05T00:28:57.92268Z,KXBTC15M-26OCT042030-30,0.0110,0.01,yes
2026-10-05T00:28:57.98462Z,KXBTC15M-26OCT042030-30,0.0120,33.05,yes
2026-10-05T00:28:57.98462Z,KXBTC15M-26OCT042030-30,0.0120,1.00,yes
2026-10-05T00:28:58.000307Z,KXBTC15M-26OCT042030-30,0.0100,6.50,no
2026-10-05T00:28:58.071628Z,KXBTC15M-26OCT042030-30,0.0110,170.05,yes
2026-10-05T00:28:58.074129Z,KXBTC15M-26OCT042030-30,0.0110,4.57,yes
2026-10-05T00:28:58.074657Z,KXBTC15M-26OCT042030-30,0.0110,10.91,yes
2026-10-05T00:28:58.105934Z,KXBTC15M-26OCT042030-30,0.0100,1377.54,no
2026-10-05T00:28:58.105934Z,KXBTC15M-26OCT042030-30,0.0100,434.08,no
2026-10-05T00:28:58.108611Z,KXBTC15M-26OCT042030-30,0.0100,3.00,no
2026-10-05T00:28:58.109481Z,KXBTC15M-26OCT042030-30,0.0100,0.01,no
2026-10-05T00:28:58.109481Z,KXBTC15M-26OCT042030-30,0.0100,0.01,no
2026-10-05T00:28:58.109481Z,KXBTC15M-26OCT042030-30,0.0100,50.00,no
2026-10-05T00:28:58.109481Z,KXBTC15M-26OCT042030-30,0.0100,500.00,no
2026-10-05T00:28:58.109481Z,KXBTC15M-26OCT042030-30,0.0100,62.92,no
2026-10-05T00:28:58.170044Z,KXBTC15M-26OCT042030-30,0.0100,23.98,no
2026-10-05T00:28:58.170044Z,KXBTC15M-26OCT042030-30,0.0100,0.01,no
2026-10-05T00:28:58.198365Z,KXBTC15M-26OCT042030-30,0.0110,30.00,yes
2026-10-05T00:28:58.198365Z,KXBTC15M-26OCT042030-30,0.0110,19.00,yes
2026-10-05T00:28:58.198365Z,KXBTC15M-26OCT042030-30,0.0110,36.02,yes
2026-10-05T00:28:58.210165Z,KXBTC15M-26OCT042030-30,0.0110,7.60,yes
2026-10-05T00:28:58.21627Z,KXBTC15M-26OCT042030-30,0.0110,3.06,yes
2026-10-05T00:28:58.273368Z,KXBTC15M-26OCT042030-30,0.0110,232.84,yes
2026-10-05T00:28:58.283053Z,KXBTC15M-26OCT042030-30,0.0110,4.25,yes
2026-10-05T00:28:58.300816Z,KXBTC15M-26OCT042030-30,0.0100,0.01,no
2026-10-05T00:28:58.300816Z,KXBTC15M-26OCT042030-30,0.0100,0.01,no
2026-10-05T00:28:58.300816Z,KXBTC15M-26OCT042030-30,0.0100,26.02,no
2026-10-05T00:28:58.300816Z,KXBTC15M-26OCT042030-30,0.0100,74.89,no
2026-10-05T00:28:58.321183Z,KXBTC15M-26OCT042030-30,0.0100,10.00,no
2026-10-05T00:28:58.324492Z,KXBTC15M-26OCT042030-30,0.0110,85.02,yes
2026-10-05T00:28:58.340084Z,KXBTC15M-26OCT042030-30,0.0100,50.00,no
2026-10-05T00:28:58.340084Z,KXBTC15M-26OCT042030-30,0.0100,171.66,no
2026-10-05T00:28:58.340084Z,KXBTC15M-26OCT042030-30,0.0100,0.01,no
2026-10-05T00:28:58.340084Z,KXBTC15M-26OCT042030-30,0.0100,0.01,no
2026-10-05T00:28:58.340084Z,KXBTC15M-26OCT042030-30,0.0070,10.00,no
2026-10-05T00:28:58.340084Z,KXBTC15M-26OCT042030-30,0.0050,127.60,no
2026-10-05T00:28:58.340084Z,KXBTC15M-26OCT042030-30,0.0100,84.00,no
2026-10-05T00:28:58.340084Z,KXBTC15M-26OCT042030-30,0.0050,30.00,no
2026-10-05T00:28:58.340084Z,KXBTC15M-26OCT042030-30,0.0060,30.00,no
2026-10-05T00:28:58.351506Z,KXBTC15M-26OCT042030-30,0.0050,1.93,no
2026-10-05T00:28:58.351506Z,KXBTC15M-26OCT042030-30,0.0050,8.32,no
2026-10-05T00:28:58.368731Z,KXBTC15M-26OCT042030-30,0.0060,85.02,yes
2026-10-05T00:28:58.368979Z,KXBTC15M-26OCT042030-30,0.0060,85.02,yes
2026-10-05T00:28:58.452899Z,KXBTC15M-26OCT042030-30,0.0060,8.50,yes
2026-10-05T00:28:58.463988Z,KXBTC15M-26OCT042030-30,0.0040,20.00,no
2026-10-05T00:28:58.463988Z,KXBTC15M-26OCT042030-30,0.0050,0.01,no
2026-10-05T00:28:58.463988Z,KXBTC15M-26OCT042030-30,0.0040,500.00,no
2026-10-05T00:28:58.463988Z,KXBTC15M-26OCT042030-30,0.0040,200.00,no
2026-10-05T00:28:58.463988Z,KXBTC15M-26OCT042030-30,0.0050,0.01,no
2026-10-05T00:28:58.463988Z,KXBTC15M-26OCT042030-30,0.0040,46.00,no
2026-10-05T00:28:58.463988Z,KXBTC15M-26OCT042030-30,0.0030,2.00,no
2026-10-05T00:28:58.463988Z,KXBTC15M-26OCT042030-30,0.0030,96.97,no
2026-10-05T00:28:58.463988Z,KXBTC15M-26OCT042030-30,0.0040,2.00,no
2026-10-05T00:28:58.504731Z,KXBTC15M-26OCT042030-30,0.0060,13.84,yes
2026-10-05T00:28:58.506227Z,KXBTC15M-26OCT042030-30,0.0060,85.02,yes
2026-10-05T00:28:58.510001Z,KXBTC15M-26OCT042030-30,0.0030,3.97,no
2026-10-05T00:28:58.510001Z,KXBTC15M-26OCT042030-30,0.0050,0.01,no
2026-10-05T00:28:58.510001Z,KXBTC15M-26OCT042030-30,0.0050,0.01,no
2026-10-05T00:28:58.510001Z,KXBTC15M-26OCT042030-30,0.0030,0.01,no
2026-10-05T00:28:58.519751Z,KXBTC15M-26OCT042030-30,0.0060,6.14,yes
2026-10-05T00:28:58.5633Z,KXBTC15M-26OCT042030-30,0.0060,17.00,yes
2026-10-05T00:28:58.584168Z,KXBTC15M-26OCT042030-30,0.0060,116.93,yes
2026-10-05T00:28:58.586812Z,KXBTC15M-26OCT042030-30,0.0060,56.97,yes
2026-10-05T00:28:58.59035Z,KXBTC15M-26OCT042030-30,0.0050,299.98,no
2026-10-05T00:28:58.59035Z,KXBTC15M-26OCT042030-30,0.0050,0.01,no
2026-10-05T00:28:58.59035Z,KXBTC15M-26OCT042030-30,0.0050,0.01,no
2026-10-05T00:28:58.596436Z,KXBTC15M-26OCT042030-30,0.0060,85.02,yes
2026-10-05T00:28:58.696499Z,KXBTC15M-26OCT042030-30,0.0060,0.01,yes
2026-10-05T00:28:58.696499Z,KXBTC15M-26OCT042030-30,0.0060,0.01,yes
2026-10-05T00:28:58.696499Z,KXBTC15M-26OCT042030-30,0.0060,28.63,yes
2026-10-05T00:28:58.705274Z,KXBTC15M-26OCT042030-30,0.0060,49.27,yes
2026-10-05T00:28:58.733696Z,KXBTC15M-26OCT042030-30,0.0060,0.01,yes
2026-10-05T00:28:58.733696Z,KXBTC15M-26OCT042030-30,0.0060,47.70,yes
2026-10-05T00:28:58.733696Z,KXBTC15M-26OCT042030-30,0.0060,306.90,yes
2026-10-05T00:28:58.733696Z,KXBTC15M-26OCT042030-30,0.0060,0.01,yes
2026-10-05T00:28:58.746202Z,KXBTC15M-26OCT042030-30,0.0060,85.02,yes
2026-10-05T00:28:58.750401Z,KXBTC15M-26OCT042030-30,0.0060,0.01,yes
2026-10-05T00:28:58.750401Z,KXBTC15M-26OCT042030-30,0.0080,76.92,yes
2026-10-05T00:28:58.750401Z,KXBTC15M-26OCT042030-30,0.0060,0.01,yes
2026-10-05T00:28:58.750401Z,KXBTC15M-26OCT042030-30,0.0060,8.08,yes
2026-10-05T00:28:58.770415Z,KXBTC15M-26OCT042030-30,0.0080,9.35,yes
2026-10-05T00:28:58.771004Z,KXBTC15M-26OCT042030-30,0.0080,85.02,yes
2026-10-05T00:28:58.785644Z,KXBTC15M-26OCT042030-30,0.0080,328.71,yes
2026-10-05T00:28:58.785644Z,KXBTC15M-26OCT042030-30,0.0080,0.01,yes
2026-10-05T00:28:58.785644Z,KXBTC15M-26OCT042030-30,0.0080,12.00,yes
2026-10-05T00:28:58.785644Z,KXBTC15M-26OCT042030-30,0.0080,500.00,yes
2026-10-05T00:28:58.785644Z,KXBTC15M-26OCT042030-30,0.0080,9.51,yes
2026-10-05T00:28:58.791199Z,KXBTC15M-26OCT042030-30,0.0080,73.99,yes
2026-10-05T00:28:58.79918Z,KXBTC15M-26OCT042030-30,0.0080,85.02,yes
2026-10-05T00:28:58.817032Z,KXBTC15M-26OCT042030-30,0.0080,170.05,yes
2026-10-05T00:28:58.826981Z,KXBTC15M-26OCT042030-30,0.0060,0.54,no
2026-10-05T00:28:58.836047Z,KXBTC15M-26OCT042030-30,0.0060,17.79,no
2026-10-05T00:28:58.844366Z,KXBTC15M-26OCT042030-30,0.0080,18.70,yes
2026-10-05T00:28:58.862066Z,KXBTC15M-26OCT042030-30,0.0060,200.37,no
2026-10-05T00:28:58.901455Z,KXBTC15M-26OCT042030-30,0.0060,3.00,no
2026-10-05T00:28:58.920117Z,KXBTC15M-26OCT042030-30,0.0070,79.13,yes
2026-10-05T00:28:58.922097Z,KXBTC15M-26OCT042030-30,0.0070,81.00,yes
2026-10-05T00:28:59.010399Z,KXBTC15M-26OCT042030-30,0.0060,0.02,no
2026-10-05T00:28:59.010537Z,KXBTC15M-26OCT042030-30,0.0060,500.00,no
2026-10-05T00:28:59.010537Z,KXBTC15M-26OCT042030-30,0.0060,1278.28,no
2026-10-05T00:28:59.010537Z,KXBTC15M-26OCT042030-30,0.0060,200.00,no
2026-10-05T00:28:59.010537Z,KXBTC15M-26OCT042030-30,0.0060,490.71,no
2026-10-05T00:28:59.010537Z,KXBTC15M-26OCT042030-30,0.0060,0.01,no
2026-10-05T00:28:59.017667Z,KXBTC15M-26OCT042030-30,0.0070,18.98,yes
2026-10-05T00:28:59.017667Z,KXBTC15M-26OCT042030-30,0.0070,0.01,yes
2026-10-05T00:28:59.017667Z,KXBTC15M-26OCT042030-30,0.0070,0.01,yes
2026-10-05T00:28:59.027832Z,KXBTC15M-26OCT042030-30,0.0070,231.00,yes
2026-10-05T00:28:59.059198Z,KXBTC15M-26OCT042030-30,0.0070,153.00,yes
2026-10-05T00:28:59.06178Z,KXBTC15M-26OCT042030-30,0.0060,0.01,no
2026-10-05T00:28:59.06178Z,KXBTC15M-26OCT042030-30,0.0060,242.37,no
2026-10-05T00:28:59.06178Z,KXBTC15M-26OCT042030-30,0.0060,0.01,no
2026-10-05T00:28:59.06178Z,KXBTC15M-26OCT042030-30,0.0030,753.51,no
2026-10-05T00:28:59.06178Z,KXBTC15M-26OCT042030-30,0.0040,20.00,no
2026-10-05T00:28:59.06178Z,KXBTC15M-26OCT042030-30,0.0040,32.00,no
2026-10-05T00:28:59.068406Z,KXBTC15M-26OCT042030-30,0.0060,0.01,no
2026-10-05T00:28:59.068406Z,KXBTC15M-26OCT042030-30,0.0050,10.03,no
2026-10-05T00:28:59.069421Z,KXBTC15M-26OCT042030-30,0.0050,86.91,no
2026-10-05T00:28:59.10572Z,KXBTC15M-26OCT042030-30,0.0070,3.00,yes
2026-10-05T00:28:59.11521Z,KXBTC15M-26OCT042030-30,0.0040,0.01,no
2026-10-05T00:28:59.11521Z,KXBTC15M-26OCT042030-30,0.0030,23.94,no
2026-10-05T00:28:59.11521Z,KXBTC15M-26OCT042030-30,0.0040,0.01,no
2026-10-05T00:28:59.11521Z,KXBTC15M-26OCT042030-30,0.0030,0.01,no
2026-10-05T00:28:59.11521Z,KXBTC15M-26OCT042030-30,0.0050,0.01,no
2026-10-05T00:28:59.11521Z,KXBTC15M-26OCT042030-30,0.0050,0.01,no
2026-10-05T00:28:59.11521Z,KXBTC15M-26OCT042030-30,0.0030,0.01,no
2026-10-05T00:28:59.18181Z,KXBTC15M-26OCT042030-30,0.0060,23.17,yes
2026-10-05T00:28:59.192348Z,KXBTC15M-26OCT042030-30,0.0060,116.88,yes
2026-10-05T00:28:59.219444Z,KXBTC15M-26OCT042030-30,0.0060,0.01,yes
2026-10-05T00:28:59.219444Z,KXBTC15M-26OCT042030-30,0.0060,0.01,yes
2026-10-05T00:28:59.219444Z,KXBTC15M-26OCT042030-30,0.0060,15.56,yes
2026-10-05T00:28:59.226468Z,KXBTC15M-26OCT042030-30,0.0020,217.69,no
2026-10-05T00:28:59.226468Z,KXBTC15M-26OCT042030-30,0.0030,0.01,no
2026-10-05T00:28:59.226468Z,KXBTC15M-26OCT042030-30,0.0030,35.00,no
2026-10-05T00:28:59.226468Z,KXBTC15M-26OCT042030-30,0.0040,0.01,no
2026-10-05T00:28:59.226468Z,KXBTC15M-26OCT042030-30,0.0030,25.00,no
2026-10-05T00:28:59.226468Z,KXBTC15M-26OCT042030-30,0.0040,200.00,no
2026-10-05T00:28:59.226468Z,KXBTC15M-26OCT042030-30,0.0040,0.01,no
2026-10-05T00:28:59.226468Z,KXBTC15M-26OCT042030-30,0.0030,0.01,no
2026-10-05T00:28:59.226468Z,KXBTC15M-26OCT042030-30,0.0040,257.37,no
2026-10-05T00:28:59.226468Z,KXBTC15M-26OCT042030-30,0.0030,200.00,no
2026-10-05T00:28:59.23562Z,KXBTC15M-26OCT042030-30,0.0040,218.00,no
2026-10-05T00:28:59.266447Z,KXBTC15M-26OCT042030-30,0.0060,0.01,yes
2026-10-05T00:28:59.266447Z,KXBTC15M-26OCT042030-30,0.0060,0.01,yes
2026-10-05T00:28:59.266447Z,KXBTC15M-26OCT042030-30,0.0060,13.00,yes
2026-10-05T00:28:59.266447Z,KXBTC15M-26OCT042030-30,0.0060,103.86,yes
2026-10-05T00:28:59.271057Z,KXBTC15M-26OCT042030-30,0.0070,28.44,yes
2026-10-05T00:28:59.271057Z,KXBTC15M-26OCT042030-30,0.0060,396.14,yes
2026-10-05T00:28:59.271057Z,KXBTC15M-26OCT042030-30,0.0060,500.00,yes
2026-10-05T00:28:59.274016Z,KXBTC15M-26OCT042030-30,0.0040,0.01,no
2026-10-05T00:28:59.274016Z,KXBTC15M-26OCT042030-30,0.0040,0.01,no
2026-10-05T00:28:59.274016Z,KXBTC15M-26OCT042030-30,0.0040,0.51,no
2026-10-05T00:28:59.302635Z,KXBTC15M-26OCT042030-30,0.0070,130.90,yes
2026-10-05T00:28:59.341561Z,KXBTC15M-26OCT042030-30,0.0070,130.90,yes
2026-10-05T00:28:59.387731Z,KXBTC15M-26OCT042030-30,0.0060,0.01,yes
2026-10-05T00:28:59.387731Z,KXBTC15M-26OCT042030-30,0.0060,0.01,yes
2026-10-05T00:28:59.387731Z,KXBTC15M-26OCT042030-30,0.0060,12.00,yes
2026-10-05T00:28:59.388918Z,KXBTC15M-26OCT042030-30,0.0070,130.90,yes
2026-10-05T00:28:59.400635Z,KXBTC15M-26OCT042030-30,0.0040,0.01,no
2026-10-05T00:28:59.400635Z,KXBTC15M-26OCT042030-30,0.0040,1.36,no
2026-10-05T00:28:59.400635Z,KXBTC15M-26OCT042030-30,0.0040,0.01,no
2026-10-05T00:28:59.409965Z,KXBTC15M-26OCT042030-30,0.0070,1.10,yes
2026-10-05T00:28:59.409965Z,KXBTC15M-26OCT042030-30,0.0060,0.01,yes
2026-10-05T00:28:59.447614Z,KXBTC15M-26OCT042030-30,0.0060,0.01,yes
2026-10-05T00:28:59.447614Z,KXBTC15M-26OCT042030-30,0.0070,130.88,yes
2026-10-05T00:28:59.447614Z,KXBTC15M-26OCT042030-30,0.0060,0.01,yes
2026-10-05T00:28:59.453665Z,KXBTC15M-26OCT042030-30,0.0070,6.00,yes
2026-10-05T00:28:59.547959Z,KXBTC15M-26OCT042030-30,0.0040,2.42,no
2026-10-05T00:28:59.561841Z,KXBTC15M-26OCT042030-30,0.0060,0.01,yes
2026-10-05T00:28:59.561841Z,KXBTC15M-26OCT042030-30,0.0060,0.01,yes
2026-10-05T00:28:59.561841Z,KXBTC15M-26OCT042030-30,0.0060,12.00,yes
2026-10-05T00:28:59.561841Z,KXBTC15M-26OCT042030-30,0.0060,214.32,yes
2026-10-05T00:28:59.582736Z,KXBTC15M-26OCT042030-30,0.0040,0.37,no
2026-10-05T00:28:59.595917Z,KXBTC15M-26OCT042030-30,0.0060,9.50,yes
2026-10-05T00:28:59.59718Z,KXBTC15M-26OCT042030-30,0.0060,83.33,yes
2026-10-05T00:28:59.607011Z,KXBTC15M-26OCT042030-30,0.0060,152.71,yes
2026-10-05T00:28:59.635942Z,KXBTC15M-26OCT042030-30,0.0020,1886.61,no
2026-10-05T00:28:59.635942Z,KXBTC15M-26OCT042030-30,0.0020,2084.05,no
2026-10-05T00:28:59.635942Z,KXBTC15M-26OCT042030-30,0.0040,500.00,no
2026-10-05T00:28:59.635942Z,KXBTC15M-26OCT042030-30,0.0030,14246.49,no
2026-10-05T00:28:59.635942Z,KXBTC15M-26OCT042030-30,0.0040,200.00,no
2026-10-05T00:28:59.635942Z,KXBTC15M-26OCT042030-30,0.0040,0.01,no
2026-10-05T00:28:59.635942Z,KXBTC15M-26OCT042030-30,0.0040,0.01,no
2026-10-05T00:28:59.635942Z,KXBTC15M-26OCT042030-30,0.0040,395.85,no
2026-10-05T00:28:59.635942Z,KXBTC15M-26OCT042030-30,0.0030,200.00,no
2026-10-05T00:28:59.635942Z,KXBTC15M-26OCT042030-30,0.0040,500.00,no
2026-10-05T00:28:59.635942Z,KXBTC15M-26OCT042030-30,0.0030,25.00,no
2026-10-05T00:28:59.647463Z,KXBTC15M-26OCT042030-30,0.0030,25.00,no
2026-10-05T00:28:59.647463Z,KXBTC15M-26OCT042030-30,0.0040,0.01,no
2026-10-05T00:28:59.647463Z,KXBTC15M-26OCT042030-30,0.0040,0.01,no
2026-10-05T00:28:59.647463Z,KXBTC15M-26OCT042030-30,0.0030,17.00,no
2026-10-05T00:28:59.648258Z,KXBTC15M-26OCT042030-30,0.0020,5.00,no
2026-10-05T00:28:59.649981Z,KXBTC15M-26OCT042030-30,0.0030,196.89,yes
2026-10-05T00:28:59.654697Z,KXBTC15M-26OCT042030-30,0.0020,9.82,no
2026-10-05T00:28:59.655756Z,KXBTC15M-26OCT042030-30,0.0030,2.07,yes
2026-10-05T00:28:59.676144Z,KXBTC15M-26OCT042030-30,0.0020,12.77,no
2026-10-05T00:28:59.678166Z,KXBTC15M-26OCT042030-30,0.0030,225.00,yes
2026-10-05T00:28:59.680245Z,KXBTC15M-26OCT042030-30,0.0030,110.99,yes
2026-10-05T00:28:59.708943Z,KXBTC15M-26OCT042030-30,0.0030,133.58,yes
2026-10-05T00:28:59.729594Z,KXBTC15M-26OCT042030-30,0.0030,173.00,yes
2026-10-05T00:28:59.742736Z,KXBTC15M-26OCT042030-30,0.0030,14.33,yes
2026-10-05T00:28:59.756311Z,KXBTC15M-26OCT042030-30,0.0030,54.54,yes
2026-10-05T00:28:59.790832Z,KXBTC15M-26OCT042030-30,0.0020,3.61,no
2026-10-05T00:28:59.796599Z,KXBTC15M-26OCT042030-30,0.0030,134.00,yes
2026-10-05T00:28:59.848217Z,KXBTC15M-26OCT042030-30,0.0030,49.42,yes
2026-10-05T00:28:59.876998Z,KXBTC15M-26OCT042030-30,0.0030,17.00,yes
2026-10-05T00:28:59.882774Z,KXBTC15M-26OCT042030-30,0.0020,39.00,no
2026-10-05T00:28:59.940696Z,KXBTC15M-26OCT042030-30,0.0030,85.29,yes
2026-10-05T00:28:59.991827Z,KXBTC15M-26OCT042030-30,0.0030,155.83,yes
2026-10-05T00:29:00.011692Z,KXBTC15M-26OCT042030-30,0.0030,283.56,yes
2026-10-05T00:29:00.011692Z,KXBTC15M-26OCT042030-30,0.0030,492.65,yes
2026-10-05T00:29:00.03127Z,KXBTC15M-26OCT042030-30,0.0020,250.00,no
2026-10-05T00:29:00.032584Z,KXBTC15M-26OCT042030-30,0.0020,800.00,no
2026-10-05T00:29:00.036765Z,KXBTC15M-26OCT042030-30,0.0030,46.74,yes
2026-10-05T00:29:00.0377Z,KXBTC15M-26OCT042030-30,0.0020,1002.00,no
2026-10-05T00:29:00.03802Z,KXBTC15M-26OCT042030-30,0.0020,1.00,no
2026-10-05T00:29:00.051589Z,KXBTC15M-26OCT042030-30,0.0030,453.00,yes
2026-10-05T00:29:00.067697Z,KXBTC15M-26OCT042030-30,0.0030,13.25,yes
2026-10-05T00:29:00.07368Z,KXBTC15M-26OCT042030-30,0.0020,3000.00,no
2026-10-05T00:29:00.08112Z,KXBTC15M-26OCT042030-30,0.0030,76.92,yes
2026-10-05T00:29:00.082091Z,KXBTC15M-26OCT042030-30,0.0030,8.32,yes
2026-10-05T00:29:00.143004Z,KXBTC15M-26OCT042030-30,0.0030,4.51,yes
2026-10-05T00:29:00.175252Z,KXBTC15M-26OCT042030-30,0.0020,32.05,no
2026-10-05T00:29:00.183376Z,KXBTC15M-26OCT042030-30,0.0020,13.00,no
2026-10-05T00:29:00.185299Z,KXBTC15M-26OCT042030-30,0.0030,435.00,yes
2026-10-05T00:29:00.185512Z,KXBTC15M-26OCT042030-30,0.0030,299.00,yes
2026-10-05T00:29:00.186981Z,KXBTC15M-26OCT042030-30,0.0030,70.47,yes
2026-10-05T00:29:00.190543Z,KXBTC15M-26OCT042030-30,0.0030,0.81,yes
2026-10-05T00:29:00.191765Z,KXBTC15M-26OCT042030-30,0.0030,392.42,yes
2026-10-05T00:29:00.191765Z,KXBTC15M-26OCT042030-30,0.0030,91.21,yes
2026-10-05T00:29:00.191765Z,KXBTC15M-26OCT042030-30,0.0030,9.82,yes
2026-10-05T00:29:00.191765Z,KXBTC15M-26OCT042030-30,0.0030,12.77,yes
2026-10-05T00:29:00.191765Z,KXBTC15M-26OCT042030-30,0.0030,0.01,yes
2026-10-05T00:29:00.191765Z,KXBTC15M-26OCT042030-30,0.0030,5.00,yes
2026-10-05T00:29:00.191765Z,KXBTC15M-26OCT042030-30,0.0030,0.01,yes
2026-10-05T00:29:00.224604Z,KXBTC15M-26OCT042030-30,0.0030,29.39,yes
2026-10-05T00:29:00.250844Z,KXBTC15M-26OCT042030-30,0.0030,250.00,yes
2026-10-05T00:29:00.270657Z,KXBTC15M-26OCT042030-30,0.0020,1.00,no
2026-10-05T00:29:00.321038Z,KXBTC15M-26OCT042030-30,0.0030,305.35,yes
2026-10-05T00:29:00.369017Z,KXBTC15M-26OCT042030-30,0.0030,30.83,yes
2026-10-05T00:29:00.388236Z,KXBTC15M-26OCT042030-30,0.0020,1.75,no
2026-10-05T00:29:00.388876Z,KXBTC15M-26OCT042030-30,0.0030,155.79,yes
2026-10-05T00:29:00.390529Z,KXBTC15M-26OCT042030-30,0.0030,129.00,yes
2026-10-05T00:29:00.430157Z,KXBTC15M-26OCT042030-30,0.0020,6.01,no
2026-10-05T00:29:00.432196Z,KXBTC15M-26OCT042030-30,0.0030,305.35,yes
2026-10-05T00:29:00.432205Z,KXBTC15M-26OCT042030-30,0.0030,305.35,yes
2026-10-05T00:29:00.43406Z,KXBTC15M-26OCT042030-30,0.0030,155.83,yes
2026-10-05T00:29:00.434669Z,KXBTC15M-26OCT042030-30,0.0030,350.12,yes
2026-10-05T00:29:00.443583Z,KXBTC15M-26OCT042030-30,0.0020,13.14,no
2026-10-05T00:29:00.457156Z,KXBTC15M-26OCT042030-30,0.0030,45.00,yes
2026-10-05T00:29:00.464917Z,KXBTC15M-26OCT042030-30,0.0030,305.35,yes
2026-10-05T00:29:00.470416Z,KXBTC15M-26OCT042030-30,0.0030,250.00,yes
2026-10-05T00:29:00.473301Z,KXBTC15M-26OCT042030-30,0.0030,4.00,yes
2026-10-05T00:29:00.502286Z,KXBTC15M-26OCT042030-30,0.0030,838.07,yes
2026-10-05T00:29:00.525528Z,KXBTC15M-26OCT042030-30,0.0020,1.00,no
2026-10-05T00:29:00.529564Z,KXBTC15M-26OCT042030-30,0.0030,3.06,yes
2026-10-05T00:29:00.542069Z,KXBTC15M-26OCT042030-30,0.0030,22.60,yes
2026-10-05T00:29:00.550644Z,KXBTC15M-26OCT042030-30,0.0030,310.00,yes
2026-10-05T00:29:00.563435Z,KXBTC15M-26OCT042030-30,0.0030,4.93,yes
2026-10-05T00:29:00.564169Z,KXBTC15M-26OCT042030-30,0.0030,136.57,yes
2026-10-05T00:29:00.57866Z,KXBTC15M-26OCT042030-30,0.0030,61.08,yes
2026-10-05T00:29:00.579665Z,KXBTC15M-26OCT042030-30,0.0030,155.79,yes
2026-10-05T00:29:00.585338Z,KXBTC15M-26OCT042030-30,0.0030,61.08,yes
2026-10-05T00:29:00.587637Z,KXBTC15M-26OCT042030-30,0.0030,103.00,yes
2026-10-05T00:29:00.59403Z,KXBTC15M-26OCT042030-30,0.0030,94.00,yes
2026-10-05T00:29:00.603564Z,KXBTC15M-26OCT042030-30,0.0020,0.29,no
2026-10-05T00:29:00.606966Z,KXBTC15M-26OCT042030-30,0.0030,50.28,yes
2026-10-05T00:29:00.61672Z,KXBTC15M-26OCT042030-30,0.0030,730.00,yes
2026-10-05T00:29:00.636059Z,KXBTC15M-26OCT042030-30,0.0030,1526.80,yes
2026-10-05T00:29:00.658779Z,KXBTC15M-26OCT042030-30,0.0030,17.22,yes
2026-10-05T00:29:00.672819Z,KXBTC15M-26OCT042030-30,0.0030,305.35,yes
2026-10-05T00:29:00.675983Z,KXBTC15M-26OCT042030-30,0.0030,310.00,yes
2026-10-05T00:29:00.686893Z,KXBTC15M-26OCT042030-30,0.0030,1557.96,yes
2026-10-05T00:29:00.690649Z,KXBTC15M-26OCT042030-30,0.0030,305.35,yes
2026-10-05T00:29:00.692897Z,KXBTC15M-26OCT042030-30,0.0030,122.68,yes
2026-10-05T00:29:00.701432Z,KXBTC15M-26OCT042030-30,0.0030,1355.68,yes
2026-10-05T00:29:00.705746Z,KXBTC15M-26OCT042030-30,0.0020,453.00,no
2026-10-05T00:29:00.706658Z,KXBTC15M-26OCT042030-30,0.0030,6.99,yes
2026-10-05T00:29:00.714581Z,KXBTC15M-26OCT042030-30,0.0030,305.35,yes
2026-10-05T00:29:00.726463Z,KXBTC15M-26OCT042030-30,0.0030,251.00,yes
2026-10-05T00:29:00.735973Z,KXBTC15M-26OCT042030-30,0.0030,111.50,yes
2026-10-05T00:29:00.761668Z,KXBTC15M-26OCT042030-30,0.0030,140.93,yes
2026-10-05T00:29:00.775253Z,KXBTC15M-26OCT042030-30,0.0030,172.00,yes
2026-10-05T00:29:00.776019Z,KXBTC15M-26OCT042030-30,0.0030,102.92,yes
2026-10-05T00:29:00.784516Z,KXBTC15M-26OCT042030-30,0.0030,305.35,yes
2026-10-05T00:29:00.787481Z,KXBTC15M-26OCT042030-30,0.0030,610.72,yes
2026-10-05T00:29:00.79772Z,KXBTC15M-26OCT042030-30,0.0030,10.76,yes
2026-10-05T00:29:00.805259Z,KXBTC15M-26OCT042030-30,0.0030,43.04,yes
2026-10-05T00:29:00.814111Z,KXBTC15M-26OCT042030-30,0.0030,1.12,yes
2026-10-05T00:29:00.823704Z,KXBTC15M-26OCT042030-30,0.0030,171.90,yes
2026-10-05T00:29:00.825338Z,KXBTC15M-26OCT042030-30,0.0030,72.58,yes
2026-10-05T00:29:00.82878Z,KXBTC15M-26OCT042030-30,0.0030,14.38,yes
2026-10-05T00:29:00.840393Z,KXBTC15M-26OCT042030-30,0.0020,4.98,no
2026-10-05T00:29:00.840598Z,KXBTC15M-26OCT042030-30,0.0030,122.55,yes
2026-10-05T00:29:00.841616Z,KXBTC15M-26OCT042030-30,0.0020,12.65,no
2026-10-05T00:29:00.843033Z,KXBTC15M-26OCT042030-30,0.0030,25.12,yes
2026-10-05T00:29:00.863375Z,KXBTC15M-26OCT042030-30,0.0030,654.42,yes
2026-10-05T00:29:00.863375Z,KXBTC15M-26OCT042030-30,0.0030,250.00,yes
2026-10-05T00:29:00.863375Z,KXBTC15M-26OCT042030-30,0.0030,250.00,yes
2026-10-05T00:29:00.863375Z,KXBTC15M-26OCT042030-30,0.0030,1002.00,yes
2026-10-05T00:29:00.863375Z,KXBTC15M-26OCT042030-30,0.0030,1.00,yes
2026-10-05T00:29:00.863375Z,KXBTC15M-26OCT042030-30,0.0030,39.00,yes
2026-10-05T00:29:00.863375Z,KXBTC15M-26OCT042030-30,0.0030,994.21,yes
2026-10-05T00:29:00.863375Z,KXBTC15M-26OCT042030-30,0.0030,293.65,yes
2026-10-05T00:29:00.863375Z,KXBTC15M-26OCT042030-30,0.0030,3.61,yes
2026-10-05T00:29:00.868889Z,KXBTC15M-26OCT042030-30,0.0030,115.59,yes
2026-10-05T00:29:00.901784Z,KXBTC15M-26OCT042030-30,0.0030,15.88,yes
2026-10-05T00:29:00.908816Z,KXBTC15M-26OCT042030-30,0.0030,86.66,yes
2026-10-05T00:29:00.908816Z,KXBTC15M-26OCT042030-30,0.0030,14.11,yes
2026-10-05T00:29:00.940797Z,KXBTC15M-26OCT042030-30,0.0030,298.30,yes
2026-10-05T00:29:00.945952Z,KXBTC15M-26OCT042030-30,0.0030,23.15,yes
2026-10-05T00:29:00.95656Z,KXBTC15M-26OCT042030-30,0.0030,178.04,yes
2026-10-05T00:29:00.960325Z,KXBTC15M-26OCT042030-30,0.0030,610.72,yes
2026-10-05T00:29:00.973991Z,KXBTC15M-26OCT042030-30,0.0030,610.72,yes
2026-10-05T00:29:00.982628Z,KXBTC15M-26OCT042030-30,0.0030,13.77,yes
2026-10-05T00:29:00.984689Z,KXBTC15M-26OCT042030-30,0.0030,610.72,yes
2026-10-05T00:29:00.989005Z,KXBTC15M-26OCT042030-30,0.0030,250.00,yes
2026-10-05T00:29:01.003761Z,KXBTC15M-26OCT042030-30,0.0030,1.75,yes
2026-10-05T00:29:01.003761Z,KXBTC15M-26OCT042030-30,0.0030,453.00,yes
2026-10-05T00:29:01.003761Z,KXBTC15M-26OCT042030-30,0.0030,1.00,yes
2026-10-05T00:29:01.003761Z,KXBTC15M-26OCT042030-30,0.0030,32.05,yes
2026-10-05T00:29:01.003761Z,KXBTC15M-26OCT042030-30,0.0030,0.29,yes
2026-10-05T00:29:01.003761Z,KXBTC15M-26OCT042030-30,0.0030,1946.97,yes
2026-10-05T00:29:01.003761Z,KXBTC15M-26OCT042030-30,0.0030,0.01,yes
2026-10-05T00:29:01.003761Z,KXBTC15M-26OCT042030-30,0.0030,317.92,yes
2026-10-05T00:29:01.003761Z,KXBTC15M-26OCT042030-30,0.0030,6.01,yes
2026-10-05T00:29:01.003761Z,KXBTC15M-26OCT042030-30,0.0030,13.00,yes
2026-10-05T00:29:01.003761Z,KXBTC15M-26OCT042030-30,0.0030,13.14,yes
2026-10-05T00:29:01.003761Z,KXBTC15M-26OCT042030-30,0.0030,261.00,yes
2026-10-05T00:29:01.003761Z,KXBTC15M-26OCT042030-30,0.0030,3.00,yes
2026-10-05T00:29:01.003761Z,KXBTC15M-26OCT042030-30,0.0030,3.42,yes
2026-10-05T00:29:01.003761Z,KXBTC15M-26OCT042030-30,0.0030,1.00,yes
2026-10-05T00:29:01.003761Z,KXBTC15M-26OCT042030-30,0.0030,0.01,yes
2026-10-05T00:29:01.010152Z,KXBTC15M-26OCT042030-30,0.0030,305.35,yes
2026-10-05T00:29:01.011049Z,KXBTC15M-26OCT042030-30,0.0030,36.56,yes
2026-10-05T00:29:01.031785Z,KXBTC15M-26OCT042030-30,0.0030,1526.80,yes
2026-10-05T00:29:01.032626Z,KXBTC15M-26OCT042030-30,0.0030,65.00,yes
2026-10-05T00:29:01.034088Z,KXBTC15M-26OCT042030-30,0.0020,5.00,no
2026-10-05T00:29:01.034471Z,KXBTC15M-26OCT042030-30,0.0020,620.00,no
2026-10-05T00:29:01.039898Z,KXBTC15M-26OCT042030-30,0.0020,41.07,no
2026-10-05T00:29:01.039936Z,KXBTC15M-26OCT042030-30,0.0030,1.38,yes
2026-10-05T00:29:01.04582Z,KXBTC15M-26OCT042030-30,0.0030,100.31,yes
2026-10-05T00:29:01.056669Z,KXBTC15M-26OCT042030-30,0.0030,704.72,yes
2026-10-05T00:29:01.06212Z,KXBTC15M-26OCT042030-30,0.0030,34.51,yes
2026-10-05T00:29:01.074372Z,KXBTC15M-26OCT042030-30,0.0020,226.42,no
2026-10-05T00:29:01.080308Z,KXBTC15M-26OCT042030-30,0.0020,3.00,no
2026-10-05T00:29:01.081861Z,KXBTC15M-26OCT042030-30,0.0020,921.00,no
2026-10-05T00:29:01.083081Z,KXBTC15M-26OCT042030-30,0.0030,12.65,yes
2026-10-05T00:29:01.083081Z,KXBTC15M-26OCT042030-30,0.0030,4.98,yes
2026-10-05T00:29:01.083081Z,KXBTC15M-26OCT042030-30,0.0030,230.77,yes
2026-10-05T00:29:01.083081Z,KXBTC15M-26OCT042030-30,0.0030,1278.40,yes
2026-10-05T00:29:01.087075Z,KXBTC15M-26OCT042030-30,0.0030,286.66,yes
2026-10-05T00:29:01.096476Z,KXBTC15M-26OCT042030-30,0.0030,2748.20,yes
2026-10-05T00:29:01.09961Z,KXBTC15M-26OCT042030-30,0.0030,60.00,yes
2026-10-05T00:29:01.111158Z,KXBTC15M-26OCT042030-30,0.0030,103.21,yes
2026-10-05T00:29:01.112287Z,KXBTC15M-26OCT042030-30,0.0030,90.08,yes
2026-10-05T00:29:01.117384Z,KXBTC15M-26OCT042030-30,0.0030,1500.00,yes
2026-10-05T00:29:01.12086Z,KXBTC15M-26OCT042030-30,0.0030,7.04,yes
2026-10-05T00:29:01.121342Z,KXBTC15M-26OCT042030-30,0.0020,81.00,no
2026-10-05T00:29:01.129562Z,KXBTC15M-26OCT042030-30,0.0030,2.01,yes
2026-10-05T00:29:01.138176Z,KXBTC15M-26OCT042030-30,0.0030,165.00,yes
2026-10-05T00:29:01.141395Z,KXBTC15M-26OCT042030-30,0.0030,531.00,yes
2026-10-05T00:29:01.147653Z,KXBTC15M-26OCT042030-30,0.0030,305.35,yes
2026-10-05T00:29:01.158799Z,KXBTC15M-26OCT042030-30,0.0030,1526.80,yes
2026-10-05T00:29:01.181349Z,KXBTC15M-26OCT042030-30,0.0020,351.00,no
2026-10-05T00:29:01.193941Z,KXBTC15M-26OCT042030-30,0.0030,610.72,yes
2026-10-05T00:29:01.214565Z,KXBTC15M-26OCT042030-30,0.0030,191.97,yes
2026-10-05T00:29:01.228569Z,KXBTC15M-26OCT042030-30,0.0030,127.00,yes
2026-10-05T00:29:01.299343Z,KXBTC15M-26OCT042030-30,0.0030,250.00,yes
2026-10-05T00:29:01.310584Z,KXBTC15M-26OCT042030-30,0.0020,67.00,no
2026-10-05T00:29:01.334086Z,KXBTC15M-26OCT042030-30,0.0030,184.00,yes
2026-10-05T00:29:01.358012Z,KXBTC15M-26OCT042030-30,0.0020,5010.00,no
2026-10-05T00:29:01.390393Z,KXBTC15M-26OCT042030-30,0.0020,0.80,no
2026-10-05T00:29:01.395717Z,KXBTC15M-26OCT042030-30,0.0020,1.00,no
2026-10-05T00:29:01.411534Z,KXBTC15M-26OCT042030-30,0.0030,148.00,yes
2026-10-05T00:29:01.426275Z,KXBTC15M-26OCT042030-30,0.0030,101.76,yes
2026-10-05T00:29:01.438298Z,KXBTC15M-26OCT042030-30,0.0030,1063.49,yes
2026-10-05T00:29:01.447231Z,KXBTC15M-26OCT042030-30,0.0030,31.14,yes
2026-10-05T00:29:01.457513Z,KXBTC15M-26OCT042030-30,0.0030,8.51,yes
2026-10-05T00:29:01.480089Z,KXBTC15M-26OCT042030-30,0.0030,155.79,yes
2026-10-05T00:29:01.480921Z,KXBTC15M-26OCT042030-30,0.0030,361.98,yes
2026-10-05T00:29:01.481564Z,KXBTC15M-26OCT042030-30,0.0030,178.74,yes
2026-10-05T00:29:01.496035Z,KXBTC15M-26OCT042030-30,0.0030,1250.00,yes
2026-10-05T00:29:01.496035Z,KXBTC15M-26OCT042030-30,0.0030,0.01,yes
2026-10-05T00:29:01.496035Z,KXBTC15M-26OCT042030-30,0.0030,521.87,yes
2026-10-05T00:29:01.496035Z,KXBTC15M-26OCT042030-30,0.0030,0.01,yes
2026-10-05T00:29:01.496035Z,KXBTC15M-26OCT042030-30,0.0030,921.00,yes
2026-10-05T00:29:01.496035Z,KXBTC15M-26OCT042030-30,0.0030,1279.78,yes
2026-10-05T00:29:01.513984Z,KXBTC15M-26OCT042030-30,0.0030,98.13,yes
2026-10-05T00:29:01.513984Z,KXBTC15M-26OCT042030-30,0.0030,34.12,yes
2026-10-05T00:29:01.558734Z,KXBTC15M-26OCT042030-30,0.0030,60.88,yes
2026-10-05T00:29:01.558734Z,KXBTC15M-26OCT042030-30,0.0030,46.88,yes
2026-10-05T00:29:01.565981Z,KXBTC15M-26OCT042030-30,0.0030,61.08,yes
2026-10-05T00:29:01.593309Z,KXBTC15M-26OCT042030-30,0.0030,85.00,yes
2026-10-05T00:29:01.596639Z,KXBTC15M-26OCT042030-30,0.0030,12.92,yes
2026-10-05T00:29:01.596639Z,KXBTC15M-26OCT042030-30,0.0030,19.46,yes
2026-10-05T00:29:01.596639Z,KXBTC15M-26OCT042030-30,0.0030,1.62,yes
2026-10-05T00:29:01.60051Z,KXBTC15M-26OCT042030-30,0.0030,40.61,yes
2026-10-05T00:29:01.624387Z,KXBTC15M-26OCT042030-30,0.0030,6.69,yes
2026-10-05T00:29:01.62745Z,KXBTC15M-26OCT042030-30,0.0030,12.98,yes
2026-10-05T00:29:01.633543Z,KXBTC15M-26OCT042030-30,0.0030,277.80,yes
2026-10-05T00:29:01.633543Z,KXBTC15M-26OCT042030-30,0.0030,1150.84,yes
2026-10-05T00:29:01.633543Z,KXBTC15M-26OCT042030-30,0.0030,67.00,yes
2026-10-05T00:29:01.637796Z,KXBTC15M-26OCT042030-30,0.0030,69.00,yes
2026-10-05T00:29:01.639899Z,KXBTC15M-26OCT042030-30,0.0030,1526.80,yes
2026-10-05T00:29:01.655335Z,KXBTC15M-26OCT042030-30,0.0020,0.29,no
2026-10-05T00:29:01.665544Z,KXBTC15M-26OCT042030-30,0.0030,95.32,yes
2026-10-05T00:29:01.671774Z,KXBTC15M-26OCT042030-30,0.0030,305.35,yes
2026-10-05T00:29:01.677537Z,KXBTC15M-26OCT042030-30,0.0030,250.00,yes
2026-10-05T00:29:01.690281Z,KXBTC15M-26OCT042030-30,0.0020,109.20,no
2026-10-05T00:29:01.699293Z,KXBTC15M-26OCT042030-30,0.0030,5.00,yes
2026-10-05T00:29:01.703579Z,KXBTC15M-26OCT042030-30,0.0030,939.31,yes
2026-10-05T00:29:01.704338Z,KXBTC15M-26OCT042030-30,0.0030,197.00,yes
2026-10-05T00:29:01.740978Z,KXBTC15M-26OCT042030-30,0.0030,13.70,yes
2026-10-05T00:29:01.754143Z,KXBTC15M-26OCT042030-30,0.0020,0.02,no
2026-10-05T00:29:01.755364Z,KXBTC15M-26OCT042030-30,0.0020,0.02,no
2026-10-05T00:29:01.786232Z,KXBTC15M-26OCT042030-30,0.0030,243.53,yes
2026-10-05T00:29:01.787532Z,KXBTC15M-26OCT042030-30,0.0020,123.22,no
2026-10-05T00:29:01.794586Z,KXBTC15M-26OCT042030-30,0.0030,12.58,yes
2026-10-05T00:29:01.80257Z,KXBTC15M-26OCT042030-30,0.0030,13.00,yes
2026-10-05T00:29:01.812274Z,KXBTC15M-26OCT042030-30,0.0030,68.56,yes
2026-10-05T00:29:01.834888Z,KXBTC15M-26OCT042030-30,0.0020,100.18,no
2026-10-05T00:29:01.840846Z,KXBTC15M-26OCT042030-30,0.0020,1.21,no
2026-10-05T00:29:01.843262Z,KXBTC15M-26OCT042030-30,0.0030,67.00,yes
2026-10-05T00:29:01.850926Z,KXBTC15M-26OCT042030-30,0.0030,1.00,yes
2026-10-05T00:29:01.850926Z,KXBTC15M-26OCT042030-30,0.0030,2007.07,yes
2026-10-05T00:29:01.850926Z,KXBTC15M-26OCT042030-30,0.0040,1.00,yes
2026-10-05T00:29:01.850926Z,KXBTC15M-26OCT042030-30,0.0030,0.29,yes
2026-10-05T00:29:01.850926Z,KXBTC15M-26OCT042030-30,0.0030,0.02,yes
2026-10-05T00:29:01.850926Z,KXBTC15M-26OCT042030-30,0.0030,109.20,yes
2026-10-05T00:29:01.850926Z,KXBTC15M-26OCT042030-30,0.0030,1.21,yes
2026-10-05T00:29:01.850926Z,KXBTC15M-26OCT042030-30,0.0040,66.70,yes
2026-10-05T00:29:01.850926Z,KXBTC15M-26OCT042030-30,0.0030,100.18,yes
2026-10-05T00:29:01.850926Z,KXBTC15M-26OCT042030-30,0.0030,0.02,yes
2026-10-05T00:29:01.850926Z,KXBTC15M-26OCT042030-30,0.0030,53.01,yes
2026-10-05T00:29:01.850926Z,KXBTC15M-26OCT042030-30,0.0030,123.22,yes
2026-10-05T00:29:01.850926Z,KXBTC15M-26OCT042030-30,0.0030,0.80,yes
2026-10-05T00:29:01.850926Z,KXBTC15M-26OCT042030-30,0.0030,0.01,yes
2026-10-05T00:29:01.850926Z,KXBTC15M-26OCT042030-30,0.0030,0.01,yes
2026-10-05T00:29:01.850926Z,KXBTC15M-26OCT042030-30,0.0030,281.11,yes
2026-10-05T00:29:01.850926Z,KXBTC15M-26OCT042030-30,0.0050,47.13,yes
2026-10-05T00:29:01.942433Z,KXBTC15M-26OCT042030-30,0.0040,0.01,yes
2026-10-05T00:29:01.942433Z,KXBTC15M-26OCT042030-30,0.0040,0.01,yes
2026-10-05T00:29:01.942433Z,KXBTC15M-26OCT042030-30,0.0050,185.11,yes
2026-10-05T00:29:01.942433Z,KXBTC15M-26OCT042030-30,0.0050,52.87,yes
2026-10-05T00:29:01.942433Z,KXBTC15M-26OCT042030-30,0.0040,12.00,yes
2026-10-05T00:29:01.955814Z,KXBTC15M-26OCT042030-30,0.0030,2.00,no
2026-10-05T00:29:01.960386Z,KXBTC15M-26OCT042030-30,0.0040,0.01,yes
2026-10-05T00:29:01.960386Z,KXBTC15M-26OCT042030-30,0.0050,3.05,yes
2026-10-05T00:29:01.975217Z,KXBTC15M-26OCT042030-30,0.0040,0.01,yes
2026-10-05T00:29:01.975217Z,KXBTC15M-26OCT042030-30,0.0050,1.76,yes
2026-10-05T00:29:01.985933Z,KXBTC15M-26OCT042030-30,0.0050,11.01,yes
2026-10-05T00:29:01.98613Z,KXBTC15M-26OCT042030-30,0.0030,25.04,no
2026-10-05T00:29:01.990555Z,KXBTC15M-26OCT042030-30,0.0030,3.00,no
2026-10-05T00:29:02.029266Z,KXBTC15M-26OCT042030-30,0.0040,0.01,yes
2026-10-05T00:29:02.029266Z,KXBTC15M-26OCT042030-30,0.0050,19.99,yes
2026-10-05T00:29:02.032634Z,KXBTC15M-26OCT042030-30,0.0030,16.75,no
2026-10-05T00:29:02.076336Z,KXBTC15M-26OCT042030-30,0.0030,1.80,no
2026-10-05T00:29:02.081686Z,KXBTC15M-26OCT042030-30,0.0040,0.02,yes
2026-10-05T00:29:02.123494Z,KXBTC15M-26OCT042030-30,0.0030,0.31,no
2026-10-05T00:29:02.127367Z,KXBTC15M-26OCT042030-30,0.0040,11.98,yes
2026-10-05T00:29:02.127367Z,KXBTC15M-26OCT042030-30,0.0050,26.87,yes
2026-10-05T00:29:02.141948Z,KXBTC15M-26OCT042030-30,0.0030,16.44,no
2026-10-05T00:29:02.153322Z,KXBTC15M-26OCT042030-30,0.0050,23.17,yes
2026-10-05T00:29:02.187365Z,KXBTC15M-26OCT042030-30,0.0040,8.04,yes
2026-10-05T00:29:02.198091Z,KXBTC15M-26OCT042030-30,0.0040,0.02,yes
2026-10-05T00:29:02.206608Z,KXBTC15M-26OCT042030-30,0.0040,0.02,yes
2026-10-05T00:29:02.218524Z,KXBTC15M-26OCT042030-30,0.0030,240.32,no
2026-10-05T00:29:02.218524Z,KXBTC15M-26OCT042030-30,0.0030,0.01,no
2026-10-05T00:29:02.218524Z,KXBTC15M-26OCT042030-30,0.0030,334.66,no
2026-10-05T00:29:02.218524Z,KXBTC15M-26OCT042030-30,0.0030,0.01,no
2026-10-05T00:29:02.218524Z,KXBTC15M-26OCT042030-30,0.0030,25.00,no
2026-10-05T00:29:02.222687Z,KXBTC15M-26OCT042030-30,0.0040,41.92,yes
2026-10-05T00:29:02.222687Z,KXBTC15M-26OCT042030-30,0.0050,113.78,yes
2026-10-05T00:29:02.223325Z,KXBTC15M-26OCT042030-30,0.0050,1.00,yes
2026-10-05T00:29:02.250907Z,KXBTC15M-26OCT042030-30,0.0040,0.01,yes
2026-10-05T00:29:02.250907Z,KXBTC15M-26OCT042030-30,0.0040,0.01,yes
2026-10-05T00:29:02.250907Z,KXBTC15M-26OCT042030-30,0.0050,218.83,yes
2026-10-05T00:29:02.273568Z,KXBTC15M-26OCT042030-30,0.0050,184.01,yes
2026-10-05T00:29:02.277299Z,KXBTC15M-26OCT042030-30,0.0050,11.98,yes
2026-10-05T00:29:02.299408Z,KXBTC15M-26OCT042030-30,0.0050,14.45,yes
2026-10-05T00:29:02.325356Z,KXBTC15M-26OCT042030-30,0.0030,0.01,no
2026-10-05T00:29:02.325356Z,KXBTC15M-26OCT042030-30,0.0030,25.00,no
2026-10-05T00:29:02.325356Z,KXBTC15M-26OCT042030-30,0.0030,0.01,no
2026-10-05T00:29:02.325356Z,KXBTC15M-26OCT042030-30,0.0030,210.22,no
2026-10-05T00:29:02.325356Z,KXBTC15M-26OCT042030-30,0.0030,259.68,no
2026-10-05T00:29:02.34051Z,KXBTC15M-26OCT042030-30,0.0050,103.98,yes
2026-10-05T00:29:02.36833Z,KXBTC15M-26OCT042030-30,0.0020,1954.64,no
2026-10-05T00:29:02.36833Z,KXBTC15M-26OCT042030-30,0.0030,25.00,no
2026-10-05T00:29:02.36833Z,KXBTC15M-26OCT042030-30,0.0030,0.01,no
2026-10-05T00:29:02.36833Z,KXBTC15M-26OCT042030-30,0.0030,0.01,no
2026-10-05T00:29:02.376969Z,KXBTC15M-26OCT042030-30,0.0050,666.20,yes
2026-10-05T00:29:02.383798Z,KXBTC15M-26OCT042030-30,0.0030,0.01,no
2026-10-05T00:29:02.383798Z,KXBTC15M-26OCT042030-30,0.0030,0.01,no
2026-10-05T00:29:02.383798Z,KXBTC15M-26OCT042030-30,0.0030,234.75,no
2026-10-05T00:29:02.383798Z,KXBTC15M-26OCT042030-30,0.0030,25.00,no
2026-10-05T00:29:02.404833Z,KXBTC15M-26OCT042030-30,0.0030,0.01,yes
2026-10-05T00:29:02.404833Z,KXBTC15M-26OCT042030-30,0.0030,0.01,yes
2026-10-05T00:29:02.407464Z,KXBTC15M-26OCT042030-30,0.0030,250.00,yes
2026-10-05T00:29:02.413602Z,KXBTC15M-26OCT042030-30,0.0030,288.00,yes
2026-10-05T00:29:02.420309Z,KXBTC15M-26OCT042030-30,0.0030,0.01,yes
2026-10-05T00:29:02.420309Z,KXBTC15M-26OCT042030-30,0.0030,0.01,yes
2026-10-05T00:29:02.420309Z,KXBTC15M-26OCT042030-30,0.0030,1156.87,yes
2026-10-05T00:29:02.420309Z,KXBTC15M-26OCT042030-30,0.0050,477.11,yes
2026-10-05T00:29:02.430549Z,KXBTC15M-26OCT042030-30,0.0030,0.01,yes
2026-10-05T00:29:02.454858Z,KXBTC15M-26OCT042030-30,0.0020,10.01,no
2026-10-05T00:29:02.487707Z,KXBTC15M-26OCT042030-30,0.0030,0.01,yes
2026-10-05T00:29:02.487707Z,KXBTC15M-26OCT042030-30,0.0030,0.01,yes
2026-10-05T00:29:02.487707Z,KXBTC15M-26OCT042030-30,0.0030,0.98,yes
2026-10-05T00:29:02.499551Z,KXBTC15M-26OCT042030-30,0.0040,9.03,yes
2026-10-05T00:29:02.499551Z,KXBTC15M-26OCT042030-30,0.0050,926.66,yes
2026-10-05T00:29:02.528167Z,KXBTC15M-26OCT042030-30,0.0050,250.00,yes
2026-10-05T00:29:02.607552Z,KXBTC15M-26OCT042030-30,0.0050,191.49,yes
2026-10-05T00:29:02.631539Z,KXBTC15M-26OCT042030-30,0.0040,9.00,yes
2026-10-05T00:29:02.631539Z,KXBTC15M-26OCT042030-30,0.0050,548.81,yes
2026-10-05T00:29:02.647843Z,KXBTC15M-26OCT042030-30,0.0020,175.95,no
2026-10-05T00:29:02.647843Z,KXBTC15M-26OCT042030-30,0.0030,25.00,no
2026-10-05T00:29:02.647843Z,KXBTC15M-26OCT042030-30,0.0030,0.01,no
2026-10-05T00:29:02.647843Z,KXBTC15M-26OCT042030-30,0.0030,4.41,no
2026-10-05T00:29:02.647843Z,KXBTC15M-26OCT042030-30,0.0030,0.01,no
2026-10-05T00:29:02.655025Z,KXBTC15M-26OCT042030-30,0.0030,25.00,no
2026-10-05T00:29:02.66378Z,KXBTC15M-26OCT042030-30,0.0030,0.01,no
2026-10-05T00:29:02.66378Z,KXBTC15M-26OCT042030-30,0.0030,0.01,no
2026-10-05T00:29:02.700009Z,KXBTC15M-26OCT042030-30,0.0040,0.01,yes
2026-10-05T00:29:02.700009Z,KXBTC15M-26OCT042030-30,0.0040,150.93,yes
2026-10-05T00:29:02.700009Z,KXBTC15M-26OCT042030-30,0.0040,0.01,yes
2026-10-05T00:29:02.700009Z,KXBTC15M-26OCT042030-30,0.0050,231.27,yes
2026-10-05T00:29:02.707819Z,KXBTC15M-26OCT042030-30,0.0030,0.01,no
2026-10-05T00:29:02.707819Z,KXBTC15M-26OCT042030-30,0.0030,25.00,no
2026-10-05T00:29:02.707819Z,KXBTC15M-26OCT042030-30,0.0030,0.01,no
2026-10-05T00:29:02.759184Z,KXBTC15M-26OCT042030-30,0.0040,0.01,yes
2026-10-05T00:29:02.759184Z,KXBTC15M-26OCT042030-30,0.0040,0.01,yes
2026-10-05T00:29:02.759184Z,KXBTC15M-26OCT042030-30,0.0050,249.98,yes
2026-10-05T00:29:02.790233Z,KXBTC15M-26OCT042030-30,0.0050,91.62,yes
2026-10-05T00:29:02.800513Z,KXBTC15M-26OCT042030-30,0.0030,10.03,no
2026-10-05T00:29:02.816086Z,KXBTC15M-26OCT042030-30,0.0050,241.96,yes
2026-10-05T00:29:02.835624Z,KXBTC15M-26OCT042030-30,0.0030,10.03,no
2026-10-05T00:29:02.871814Z,KXBTC15M-26OCT042030-30,0.0030,0.01,no
2026-10-05T00:29:02.871814Z,KXBTC15M-26OCT042030-30,0.0030,4.94,no
2026-10-05T00:29:02.871814Z,KXBTC15M-26OCT042030-30,0.0030,5.07,no
2026-10-05T00:29:02.871814Z,KXBTC15M-26OCT042030-30,0.0030,0.01,no
2026-10-05T00:29:02.95303Z,KXBTC15M-26OCT042030-30,0.0050,11.26,yes
2026-10-05T00:29:03.005367Z,KXBTC15M-26OCT042030-30,0.0050,17.61,yes
2026-10-05T00:29:03.021264Z,KXBTC15M-26OCT042030-30,0.0050,0.01,yes
2026-10-05T00:29:03.040184Z,KXBTC15M-26OCT042030-30,0.0050,0.02,yes
2026-10-05T00:29:03.043766Z,KXBTC15M-26OCT042030-30,0.0040,25.07,no
2026-10-05T00:29:03.107931Z,KXBTC15M-26OCT042030-30,0.0040,177.34,no
2026-10-05T00:29:03.109946Z,KXBTC15M-26OCT042030-30,0.0050,1.13,yes
2026-10-05T00:29:03.150724Z,KXBTC15M-26OCT042030-30,0.0050,250.00,yes
2026-10-05T00:29:03.166911Z,KXBTC15M-26OCT042030-30,0.0050,917.68,yes
2026-10-05T00:29:03.280575Z,KXBTC15M-26OCT042030-30,0.0040,14.00,no
2026-10-05T00:29:03.28538Z,KXBTC15M-26OCT042030-30,0.0050,250.00,yes
2026-10-05T00:29:03.302262Z,KXBTC15M-26OCT042030-30,0.0050,0.31,yes
2026-10-05T00:29:03.394695Z,KXBTC15M-26OCT042030-30,0.0050,18.69,yes
2026-10-05T00:29:03.398032Z,KXBTC15M-26OCT042030-30,0.0050,250.00,yes
2026-10-05T00:29:03.418957Z,KXBTC15M-26OCT042030-30,0.0040,22.79,no
2026-10-05T00:29:03.423861Z,KXBTC15M-26OCT042030-30,0.0040,50.00,no
2026-10-05T00:29:03.525005Z,KXBTC15M-26OCT042030-30,0.0050,11.60,yes
2026-10-05T00:29:03.534414Z,KXBTC15M-26OCT042030-30,0.0050,250.00,yes
2026-10-05T00:29:03.552006Z,KXBTC15M-26OCT042030-30,0.0050,37.39,yes
2026-10-05T00:29:03.552701Z,KXBTC15M-26OCT042030-30,0.0050,376.47,yes
2026-10-05T00:29:03.557723Z,KXBTC15M-26OCT042030-30,0.0040,4.08,no
2026-10-05T00:29:03.574646Z,KXBTC15M-26OCT042030-30,0.0040,2007.47,no
2026-10-05T00:29:03.585213Z,KXBTC15M-26OCT042030-30,0.0050,186.97,yes
2026-10-05T00:29:03.587157Z,KXBTC15M-26OCT042030-30,0.0050,12.00,yes
2026-10-05T00:29:03.622738Z,KXBTC15M-26OCT042030-30,0.0040,10.03,no
2026-10-05T00:29:03.635934Z,KXBTC15M-26OCT042030-30,0.0050,327.00,yes
2026-10-05T00:29:03.642248Z,KXBTC15M-26OCT042030-30,0.0050,45.81,yes
2026-10-05T00:29:03.65865Z,KXBTC15M-26OCT042030-30,0.0050,91.62,yes
2026-10-05T00:29:03.662124Z,KXBTC15M-26OCT042030-30,0.0050,186.97,yes
2026-10-05T00:29:03.694715Z,KXBTC15M-26OCT042030-30,0.0050,250.00,yes
2026-10-05T00:29:03.706032Z,KXBTC15M-26OCT042030-30,0.0050,19.00,yes
2026-10-05T00:29:03.812972Z,KXBTC15M-26OCT042030-30,0.0050,186.97,yes
2026-10-05T00:29:03.836137Z,KXBTC15M-26OCT042030-30,0.0050,13.00,yes
2026-10-05T00:29:03.841322Z,KXBTC15M-26OCT042030-30,0.0040,4.91,no
2026-10-05T00:29:03.857669Z,KXBTC15M-26OCT042030-30,0.0040,25.00,no
2026-10-05T00:29:03.864092Z,KXBTC15M-26OCT042030-30,0.0050,250.00,yes
2026-10-05T00:29:03.881273Z,KXBTC15M-26OCT042030-30,0.0040,994.12,no
2026-10-05T00:29:03.891688Z,KXBTC15M-26OCT042030-30,0.0040,665.19,no
2026-10-05T00:29:03.891688Z,KXBTC15M-26OCT042030-30,0.0040,0.01,no
2026-10-05T00:29:03.891688Z,KXBTC15M-26OCT042030-30,0.0040,0.01,no
2026-10-05T00:29:03.972824Z,KXBTC15M-26OCT042030-30,0.0020,1525.42,no
2026-10-05T00:29:03.972824Z,KXBTC15M-26OCT042030-30,0.0040,0.01,no
2026-10-05T00:29:03.972824Z,KXBTC15M-26OCT042030-30,0.0040,0.01,no
2026-10-05T00:29:03.972824Z,KXBTC15M-26OCT042030-30,0.0030,10.01,no
2026-10-05T00:29:03.972824Z,KXBTC15M-26OCT042030-30,0.0030,14.99,no
2026-10-05T00:29:03.980159Z,KXBTC15M-26OCT042030-30,0.0040,0.01,no
2026-10-05T00:29:03.980159Z,KXBTC15M-26OCT042030-30,0.0030,258.87,no
2026-10-05T00:29:03.980159Z,KXBTC15M-26OCT042030-30,0.0040,0.01,no
2026-10-05T00:29:04.007972Z,KXBTC15M-26OCT042030-30,0.0030,542.98,yes
2026-10-05T00:29:04.007972Z,KXBTC15M-26OCT042030-30,0.0030,0.01,yes
2026-10-05T00:29:04.007972Z,KXBTC15M-26OCT042030-30,0.0030,0.01,yes
2026-10-05T00:29:04.072101Z,KXBTC15M-26OCT042030-30,0.0030,0.01,yes
2026-10-05T00:29:04.072101Z,KXBTC15M-26OCT042030-30,0.0030,1.49,yes
2026-10-05T00:29:04.072101Z,KXBTC15M-26OCT042030-30,0.0030,0.01,yes
2026-10-05T00:29:04.072101Z,KXBTC15M-26OCT042030-30,0.0040,9.49,yes
2026-10-05T00:29:04.095981Z,KXBTC15M-26OCT042030-30,0.0020,16.32,no
2026-10-05T00:29:04.098927Z,KXBTC15M-26OCT042030-30,0.0030,0.01,yes
2026-10-05T00:29:04.098927Z,KXBTC15M-26OCT042030-30,0.0030,0.01,yes
2026-10-05T00:29:04.098927Z,KXBTC15M-26OCT042030-30,0.0030,220.62,yes
2026-10-05T00:29:04.115979Z,KXBTC15M-26OCT042030-30,0.0030,16.32,yes
2026-10-05T00:29:04.115979Z,KXBTC15M-26OCT042030-30,0.0030,0.01,yes
2026-10-05T00:29:04.115979Z,KXBTC15M-26OCT042030-30,0.0030,0.01,yes
2026-10-05T00:29:04.115979Z,KXBTC15M-26OCT042030-30,0.0040,170.63,yes
2026-10-05T00:29:04.141152Z,KXBTC15M-26OCT042030-30,0.0040,343.28,yes
2026-10-05T00:29:04.141152Z,KXBTC15M-26OCT042030-30,0.0030,0.01,yes
2026-10-05T00:29:04.141152Z,KXBTC15M-26OCT042030-30,0.0040,23.00,yes
2026-10-05T00:29:04.141152Z,KXBTC15M-26OCT042030-30,0.0040,322.81,yes
2026-10-05T00:29:04.141152Z,KXBTC15M-26OCT042030-30,0.0050,245.79,yes
2026-10-05T00:29:04.15523Z,KXBTC15M-26OCT042030-30,0.0040,0.01,yes
2026-10-05T00:29:04.15523Z,KXBTC15M-26OCT042030-30,0.0050,56.08,yes
2026-10-05T00:29:04.162112Z,KXBTC15M-26OCT042030-30,0.0020,49.18,no
2026-10-05T00:29:04.165473Z,KXBTC15M-26OCT042030-30,0.0020,25.88,no
2026-10-05T00:29:04.191211Z,KXBTC15M-26OCT042030-30,0.0020,393.46,no
2026-10-05T00:29:04.198784Z,KXBTC15M-26OCT042030-30,0.0040,15.00,yes
2026-10-05T00:29:04.210365Z,KXBTC15M-26OCT042030-30,0.0030,60.06,yes
2026-10-05T00:29:04.210365Z,KXBTC15M-26OCT042030-30,0.0030,70.83,yes
2026-10-05T00:29:04.236445Z,KXBTC15M-26OCT042030-30,0.0040,37.21,yes
2026-10-05T00:29:04.305305Z,KXBTC15M-26OCT042030-30,0.0030,161.31,yes
2026-10-05T00:29:04.39748Z,KXBTC15M-26OCT042030-30,0.0030,37.39,yes
2026-10-05T00:29:04.404465Z,KXBTC15M-26OCT042030-30,0.0020,132.55,no
2026-10-05T00:29:04.425946Z,KXBTC15M-26OCT042030-30,0.0030,86.72,yes
2026-10-05T00:29:04.425946Z,KXBTC15M-26OCT042030-30,0.0030,25.02,yes
2026-10-05T00:29:04.425946Z,KXBTC15M-26OCT042030-30,0.0030,24.25,yes
2026-10-05T00:29:04.425946Z,KXBTC15M-26OCT042030-30,0.0030,3.00,yes
2026-10-05T00:29:04.425946Z,KXBTC15M-26OCT042030-30,0.0030,0.01,yes
2026-10-05T00:29:04.439376Z,KXBTC15M-26OCT042030-30,0.0020,2648.98,no
2026-10-05T00:29:04.455384Z,KXBTC15M-26OCT042030-30,0.0030,186.97,yes
2026-10-05T00:29:04.456167Z,KXBTC15M-26OCT042030-30,0.0020,9.82,no
2026-10-05T00:29:04.469115Z,KXBTC15M-26OCT042030-30,0.0030,108.30,yes
2026-10-05T00:29:04.469115Z,KXBTC15M-26OCT042030-30,0.0030,970.15,yes
2026-10-05T00:29:04.515129Z,KXBTC15M-26OCT042030-30,0.0020,500.93,no
2026-10-05T00:29:04.51554Z,KXBTC15M-26OCT042030-30,0.0030,9.82,yes
2026-10-05T00:29:04.51554Z,KXBTC15M-26OCT042030-30,0.0040,23.00,yes
2026-10-05T00:29:04.51554Z,KXBTC15M-26OCT042030-30,0.0040,174.18,yes
2026-10-05T00:29:04.551696Z,KXBTC15M-26OCT042030-30,0.0030,150.00,yes
2026-10-05T00:29:04.551972Z,KXBTC15M-26OCT042030-30,0.0030,142.00,yes
2026-10-05T00:29:04.601696Z,KXBTC15M-26OCT042030-30,0.0040,41.07,yes
2026-10-05T00:29:04.601696Z,KXBTC15M-26OCT042030-30,0.0030,208.93,yes
2026-10-05T00:29:04.614781Z,KXBTC15M-26OCT042030-30,0.0020,60.11,no
2026-10-05T00:29:04.645655Z,KXBTC15M-26OCT042030-30,0.0020,600.00,no
2026-10-05T00:29:04.674251Z,KXBTC15M-26OCT042030-30,0.0030,8.90,yes
2026-10-05T00:29:04.677093Z,KXBTC15M-26OCT042030-30,0.0030,191.79,yes
2026-10-05T00:29:04.677093Z,KXBTC15M-26OCT042030-30,0.0030,51.21,yes
2026-10-05T00:29:04.713298Z,KXBTC15M-26OCT042030-30,0.0030,106.56,yes
2026-10-05T00:29:04.768443Z,KXBTC15M-26OCT042030-30,0.0030,301.65,yes
2026-10-05T00:29:04.768443Z,KXBTC15M-26OCT042030-30,0.0040,1276.61,yes
2026-10-05T00:29:04.768443Z,KXBTC15M-26OCT042030-30,0.0050,350.90,yes
2026-10-05T00:29:04.797322Z,KXBTC15M-26OCT042030-30,0.0050,2177.48,yes
2026-10-05T00:29:04.800092Z,KXBTC15M-26OCT042030-30,0.0050,51.19,yes
2026-10-05T00:29:04.822166Z,KXBTC15M-26OCT042030-30,0.0020,8.59,no
2026-10-05T00:29:04.836048Z,KXBTC15M-26OCT042030-30,0.0020,739.00,no
2026-10-05T00:29:04.837659Z,KXBTC15M-26OCT042030-30,0.0030,250.00,yes
2026-10-05T00:29:04.884266Z,KXBTC15M-26OCT042030-30,0.0030,8.59,yes
2026-10-05T00:29:04.884266Z,KXBTC15M-26OCT042030-30,0.0030,739.00,yes
2026-10-05T00:29:04.884266Z,KXBTC15M-26OCT042030-30,0.0050,251.14,yes
2026-10-05T00:29:04.894333Z,KXBTC15M-26OCT042030-30,0.0050,2.00,yes
2026-10-05T00:29:04.917997Z,KXBTC15M-26OCT042030-30,0.0020,200.00,no
2026-10-05T00:29:04.941085Z,KXBTC15M-26OCT042030-30,0.0040,23.37,yes
2026-10-05T00:29:04.946608Z,KXBTC15M-26OCT042030-30,0.0040,71.95,yes
2026-10-05T00:29:04.954999Z,KXBTC15M-26OCT042030-30,0.0040,42.79,yes
2026-10-05T00:29:04.962806Z,KXBTC15M-26OCT042030-30,0.0030,39.60,yes
2026-10-05T00:29:04.96743Z,KXBTC15M-26OCT042030-30,0.0020,3.00,no
2026-10-05T00:29:04.976931Z,KXBTC15M-26OCT042030-30,0.0030,17.20,yes
2026-10-05T00:29:04.99178Z,KXBTC15M-26OCT042030-30,0.0020,7.31,no
2026-10-05T00:29:05.012239Z,KXBTC15M-26OCT042030-30,0.0020,50.09,no
2026-10-05T00:29:05.039365Z,KXBTC15M-26OCT042030-30,0.0030,176.00,yes
2026-10-05T00:29:05.061542Z,KXBTC15M-26OCT042030-30,0.0030,371.42,yes
2026-10-05T00:29:05.063285Z,KXBTC15M-26OCT042030-30,0.0020,73.46,no
2026-10-05T00:29:05.073272Z,KXBTC15M-26OCT042030-30,0.0030,61.89,yes
2026-10-05T00:29:05.080093Z,KXBTC15M-26OCT042030-30,0.0020,100.20,no
2026-10-05T00:29:05.080363Z,KXBTC15M-26OCT042030-30,0.0020,1.16,no
2026-10-05T00:29:05.08353Z,KXBTC15M-26OCT042030-30,0.0030,60.00,yes
2026-10-05T00:29:05.093413Z,KXBTC15M-26OCT042030-30,0.0020,0.02,no
2026-10-05T00:29:05.129252Z,KXBTC15M-26OCT042030-30,0.0020,10.01,no
2026-10-05T00:29:05.13124Z,KXBTC15M-26OCT042030-30,0.0030,520.63,yes
2026-10-05T00:29:05.156361Z,KXBTC15M-26OCT042030-30,0.0030,1.30,yes
2026-10-05T00:29:05.174783Z,KXBTC15M-26OCT042030-30,0.0020,1180.19,no
2026-10-05T00:29:05.18092Z,KXBTC15M-26OCT042030-30,0.0030,298.00,yes
2026-10-05T00:29:05.193006Z,KXBTC15M-26OCT042030-30,0.0030,25.77,yes
2026-10-05T00:29:05.251247Z,KXBTC15M-26OCT042030-30,0.0020,5009.31,no
2026-10-05T00:29:05.259649Z,KXBTC15M-26OCT042030-30,0.0020,104.19,no
2026-10-05T00:29:05.261289Z,KXBTC15M-26OCT042030-30,0.0020,18.86,no
2026-10-05T00:29:05.268527Z,KXBTC15M-26OCT042030-30,0.0030,74.79,yes
2026-10-05T00:29:05.273776Z,KXBTC15M-26OCT042030-30,0.0030,161.00,yes
2026-10-05T00:29:05.321329Z,KXBTC15M-26OCT042030-30,0.0030,235.55,yes
2026-10-05T00:29:05.334754Z,KXBTC15M-26OCT042030-30,0.0030,186.97,yes
2026-10-05T00:29:05.362972Z,KXBTC15M-26OCT042030-30,0.0030,299.12,yes
2026-10-05T00:29:05.376434Z,KXBTC15M-26OCT042030-30,0.0020,686.00,no
2026-10-05T00:29:05.377244Z,KXBTC15M-26OCT042030-30,0.0020,3.00,no
2026-10-05T00:29:05.392261Z,KXBTC15M-26OCT042030-30,0.0030,305.35,yes
2026-10-05T00:29:05.39545Z,KXBTC15M-26OCT042030-30,0.0030,3.73,yes
2026-10-05T00:29:05.401921Z,KXBTC15M-26OCT042030-30,0.0030,19.00,yes
2026-10-05T00:29:05.506897Z,KXBTC15M-26OCT042030-30,0.0030,542.37,yes
2026-10-05T00:29:05.517937Z,KXBTC15M-26OCT042030-30,0.0020,500.93,no
2026-10-05T00:29:05.526963Z,KXBTC15M-26OCT042030-30,0.0020,98.18,no
2026-10-05T00:29:05.554263Z,KXBTC15M-26OCT042030-30,0.0030,190.00,yes
2026-10-05T00:29:05.568957Z,KXBTC15M-26OCT042030-30,0.0030,1.37,yes
2026-10-05T00:29:05.568957Z,KXBTC15M-26OCT042030-30,0.0030,10.01,yes
2026-10-05T00:29:05.568957Z,KXBTC15M-26OCT042030-30,0.0030,467.11,yes
2026-10-05T00:29:05.568957Z,KXBTC15M-26OCT042030-30,0.0030,82.69,yes
2026-10-05T00:29:05.568957Z,KXBTC15M-26OCT042030-30,0.0030,49.54,yes
2026-10-05T00:29:05.577632Z,KXBTC15M-26OCT042030-30,0.0020,158.29,no
2026-10-05T00:29:05.583179Z,KXBTC15M-26OCT042030-30,0.0030,109.11,yes
2026-10-05T00:29:05.583179Z,KXBTC15M-26OCT042030-30,0.0030,25.10,yes
2026-10-05T00:29:05.602242Z,KXBTC15M-26OCT042030-30,0.0030,469.13,yes
2026-10-05T00:29:05.665629Z,KXBTC15M-26OCT042030-30,0.0020,45.09,no
2026-10-05T00:29:05.673915Z,KXBTC15M-26OCT042030-30,0.0030,305.35,yes
2026-10-05T00:29:05.703735Z,KXBTC15M-26OCT042030-30,0.0030,250.00,yes
2026-10-05T00:29:05.719775Z,KXBTC15M-26OCT042030-30,0.0030,32.91,yes
2026-10-05T00:29:05.805481Z,KXBTC15M-26OCT042030-30,0.0030,344.31,yes
2026-10-05T00:29:05.805481Z,KXBTC15M-26OCT042030-30,0.0030,13.69,yes
2026-10-05T00:29:05.816556Z,KXBTC15M-26OCT042030-30,0.0030,108.04,yes
2026-10-05T00:29:05.821428Z,KXBTC15M-26OCT042030-30,0.0030,20.68,yes
2026-10-05T00:29:05.828988Z,KXBTC15M-26OCT042030-30,0.0020,8.83,no
2026-10-05T00:29:05.838274Z,KXBTC15M-26OCT042030-30,0.0030,1526.80,yes
2026-10-05T00:29:05.880898Z,KXBTC15M-26OCT042030-30,0.0030,30.53,yes
2026-10-05T00:29:05.894245Z,KXBTC15M-26OCT042030-30,0.0020,701.30,no
2026-10-05T00:29:05.902661Z,KXBTC15M-26OCT042030-30,0.0030,75.00,yes
2026-10-05T00:29:05.936372Z,KXBTC15M-26OCT042030-30,0.0030,218.62,yes
2026-10-05T00:29:05.945953Z,KXBTC15M-26OCT042030-30,0.0030,108.04,yes
2026-10-05T00:29:05.970671Z,KXBTC15M-26OCT042030-30,0.0030,108.01,yes
2026-10-05T00:29:05.971617Z,KXBTC15M-26OCT042030-30,0.0030,61.08,yes
2026-10-05T00:29:05.982523Z,KXBTC15M-26OCT042030-30,0.0030,38.00,yes
2026-10-05T00:29:05.999766Z,KXBTC15M-26OCT042030-30,0.0030,50.37,yes
2026-10-05T00:29:06.05409Z,KXBTC15M-26OCT042030-30,0.0030,18.97,yes
2026-10-05T00:29:06.06159Z,KXBTC15M-26OCT042030-30,0.0030,6.23,yes
2026-10-05T00:29:06.074338Z,KXBTC15M-26OCT042030-30,0.0030,115.00,yes
2026-10-05T00:29:06.079057Z,KXBTC15M-26OCT042030-30,0.0020,986.00,no
2026-10-05T00:29:06.09019Z,KXBTC15M-26OCT042030-30,0.0030,81.73,yes
2026-10-05T00:29:06.095628Z,KXBTC15M-26OCT042030-30,0.0030,296.21,yes
2026-10-05T00:29:06.113332Z,KXBTC15M-26OCT042030-30,0.0020,10.05,no
2026-10-05T00:29:06.118567Z,KXBTC15M-26OCT042030-30,0.0020,435.00,no
2026-10-05T00:29:06.205401Z,KXBTC15M-26OCT042030-30,0.0030,19.78,yes
2026-10-05T00:29:06.233836Z,KXBTC15M-26OCT042030-30,0.0030,250.00,yes
2026-10-05T00:29:06.290188Z,KXBTC15M-26OCT042030-30,0.0020,6.97,no
2026-10-05T00:29:06.335508Z,KXBTC15M-26OCT042030-30,0.0030,381.00,yes
2026-10-05T00:29:06.351192Z,KXBTC15M-26OCT042030-30,0.0030,108.23,yes
2026-10-05T00:29:06.373898Z,KXBTC15M-26OCT042030-30,0.0020,512.17,no
2026-10-05T00:29:06.386234Z,KXBTC15M-26OCT042030-30,0.0020,2.00,no
2026-10-05T00:29:06.411131Z,KXBTC15M-26OCT042030-30,0.0030,8.52,yes
2026-10-05T00:29:06.427362Z,KXBTC15M-26OCT042030-30,0.0030,305.35,yes
2026-10-05T00:29:06.429718Z,KXBTC15M-26OCT042030-30,0.0020,50.09,no
2026-10-05T00:29:06.443865Z,KXBTC15M-26OCT042030-30,0.0030,7.00,yes
2026-10-05T00:29:06.467048Z,KXBTC15M-26OCT042030-30,0.0030,181.33,yes
2026-10-05T00:29:06.488365Z,KXBTC15M-26OCT042030-30,0.0030,333.33,yes
2026-10-05T00:29:06.50209Z,KXBTC15M-26OCT042030-30,0.0020,9.85,no
2026-10-05T00:29:06.521287Z,KXBTC15M-26OCT042030-30,0.0030,155.79,yes
2026-10-05T00:29:06.529052Z,KXBTC15M-26OCT042030-30,0.0030,51.36,yes
2026-10-05T00:29:06.529052Z,KXBTC15M-26OCT042030-30,0.0030,27.41,yes
2026-10-05T00:29:06.563628Z,KXBTC15M-26OCT042030-30,0.0020,889.64,no
2026-10-05T00:29:06.56618Z,KXBTC15M-26OCT042030-30,0.0030,76.78,yes
2026-10-05T00:29:06.56618Z,KXBTC15M-26OCT042030-30,0.0030,209.71,yes
2026-10-05T00:29:06.56618Z,KXBTC15M-26OCT042030-30,0.0030,18.86,yes
2026-10-05T00:29:06.572814Z,KXBTC15M-26OCT042030-30,0.0030,71.00,yes
2026-10-05T00:29:06.605076Z,KXBTC15M-26OCT042030-30,0.0030,26.00,yes
2026-10-05T00:29:06.60576Z,KXBTC15M-26OCT042030-30,0.0020,520.96,no
2026-10-05T00:29:06.623799Z,KXBTC15M-26OCT042030-30,0.0030,5.99,yes
2026-10-05T00:29:06.642137Z,KXBTC15M-26OCT042030-30,0.0030,250.00,yes
2026-10-05T00:29:06.683194Z,KXBTC15M-26OCT042030-30,0.0030,61.08,yes
2026-10-05T00:29:06.7162Z,KXBTC15M-26OCT042030-30,0.0030,3.00,yes
2026-10-05T00:29:06.7162Z,KXBTC15M-26OCT042030-30,0.0030,120.24,yes
2026-10-05T00:29:06.7162Z,KXBTC15M-26OCT042030-30,0.0030,62.22,yes
2026-10-05T00:29:06.722535Z,KXBTC15M-26OCT042030-30,0.0030,22.00,yes
2026-10-05T00:29:06.728404Z,KXBTC15M-26OCT042030-30,0.0030,12.19,yes
2026-10-05T00:29:06.731846Z,KXBTC15M-26OCT042030-30,0.0030,168.61,yes
2026-10-05T00:29:06.731846Z,KXBTC15M-26OCT042030-30,0.0030,346.50,yes
2026-10-05T00:29:06.731846Z,KXBTC15M-26OCT042030-30,0.0030,98.18,yes
2026-10-05T00:29:06.731846Z,KXBTC15M-26OCT042030-30,0.0030,45.09,yes
2026-10-05T00:29:06.731846Z,KXBTC15M-26OCT042030-30,0.0030,8.83,yes
2026-10-05T00:29:06.731846Z,KXBTC15M-26OCT042030-30,0.0030,158.29,yes
2026-10-05T00:29:06.731846Z,KXBTC15M-26OCT042030-30,0.0030,701.30,yes
2026-10-05T00:29:06.737201Z,KXBTC15M-26OCT042030-30,0.0030,2.00,yes
2026-10-05T00:29:06.75433Z,KXBTC15M-26OCT042030-30,0.0030,163.23,yes
2026-10-05T00:29:06.755699Z,KXBTC15M-26OCT042030-30,0.0030,126.00,yes
2026-10-05T00:29:06.769571Z,KXBTC15M-26OCT042030-30,0.0030,12.00,yes
2026-10-05T00:29:06.800624Z,KXBTC15M-26OCT042030-30,0.0030,55.00,yes
2026-10-05T00:29:06.826481Z,KXBTC15M-26OCT042030-30,0.0030,14.05,yes
2026-10-05T00:29:06.829397Z,KXBTC15M-26OCT042030-30,0.0020,5.66,no
2026-10-05T00:29:06.836893Z,KXBTC15M-26OCT042030-30,0.0030,81.00,yes
2026-10-05T00:29:06.848223Z,KXBTC15M-26OCT042030-30,0.0030,1.00,yes
2026-10-05T00:29:06.853356Z,KXBTC15M-26OCT042030-30,0.0020,2.19,no
2026-10-05T00:29:06.881675Z,KXBTC15M-26OCT042030-30,0.0030,172.23,yes
2026-10-05T00:29:06.907764Z,KXBTC15M-26OCT042030-30,0.0030,51.81,yes
2026-10-05T00:29:06.907764Z,KXBTC15M-26OCT042030-30,0.0030,6.97,yes
2026-10-05T00:29:06.907764Z,KXBTC15M-26OCT042030-30,0.0030,10.05,yes
2026-10-05T00:29:06.907764Z,KXBTC15M-26OCT042030-30,0.0030,435.00,yes
2026-10-05T00:29:06.907764Z,KXBTC15M-26OCT042030-30,0.0030,190.88,yes
2026-10-05T00:29:06.908258Z,KXBTC15M-26OCT042030-30,0.0030,74.00,yes
2026-10-05T00:29:06.917836Z,KXBTC15M-26OCT042030-30,0.0030,9.85,yes
2026-10-05T00:29:06.917836Z,KXBTC15M-26OCT042030-30,0.0030,2.19,yes
2026-10-05T00:29:06.917836Z,KXBTC15M-26OCT042030-30,0.0030,1.26,yes
2026-10-05T00:29:06.917836Z,KXBTC15M-26OCT042030-30,0.0030,386.36,yes
2026-10-05T00:29:06.917836Z,KXBTC15M-26OCT042030-30,0.0030,2.00,yes
2026-10-05T00:29:06.917836Z,KXBTC15M-26OCT042030-30,0.0030,5.66,yes
2026-10-05T00:29:06.917836Z,KXBTC15M-26OCT042030-30,0.0030,889.64,yes
2026-10-05T00:29:06.917836Z,KXBTC15M-26OCT042030-30,0.0030,520.96,yes
2026-10-05T00:29:06.917836Z,KXBTC15M-26OCT042030-30,0.0030,50.09,yes
2026-10-05T00:29:06.917836Z,KXBTC15M-26OCT042030-30,0.0040,100.20,yes
2026-10-05T00:29:06.917836Z,KXBTC15M-26OCT042030-30,0.0040,23.00,yes
2026-10-05T00:29:06.917836Z,KXBTC15M-26OCT042030-30,0.0040,11.00,yes
2026-10-05T00:29:06.917836Z,KXBTC15M-26OCT042030-30,0.0050,2146.04,yes
2026-10-05T00:29:06.98445Z,KXBTC15M-26OCT042030-30,0.0020,1001.86,no
2026-10-05T00:29:07.003802Z,KXBTC15M-26OCT042030-30,0.0030,0.54,yes
2026-10-05T00:29:07.02764Z,KXBTC15M-26OCT042030-30,0.0030,16.42,yes
2026-10-05T00:29:07.028095Z,KXBTC15M-26OCT042030-30,0.0030,214.00,yes
2026-10-05T00:29:07.046067Z,KXBTC15M-26OCT042030-30,0.0030,3.06,yes
2026-10-05T00:29:07.073343Z,KXBTC15M-26OCT042030-30,0.0030,1.00,yes
2026-10-05T00:29:07.079394Z,KXBTC15M-26OCT042030-30,0.0020,20.00,no
2026-10-05T00:29:07.113099Z,KXBTC15M-26OCT042030-30,0.0020,500.93,no
2026-10-05T00:29:07.125904Z,KXBTC15M-26OCT042030-30,0.0020,13.10,no
2026-10-05T00:29:07.132536Z,KXBTC15M-26OCT042030-30,0.0030,54.31,yes
2026-10-05T00:29:07.137534Z,KXBTC15M-26OCT042030-30,0.0030,32.67,yes
2026-10-05T00:29:07.14526Z,KXBTC15M-26OCT042030-30,0.0030,155.79,yes
2026-10-05T00:29:07.267546Z,KXBTC15M-26OCT042030-30,0.0030,39.76,yes
2026-10-05T00:29:07.294086Z,KXBTC15M-26OCT042030-30,0.0030,19.90,yes
2026-10-05T00:29:07.328537Z,KXBTC15M-26OCT042030-30,0.0030,305.35,yes
2026-10-05T00:29:07.329332Z,KXBTC15M-26OCT042030-30,0.0020,2.09,no
2026-10-05T00:29:07.382284Z,KXBTC15M-26OCT042030-30,0.0030,79.30,yes
2026-10-05T00:29:07.388494Z,KXBTC15M-26OCT042030-30,0.0030,41.87,yes
2026-10-05T00:29:07.403997Z,KXBTC15M-26OCT042030-30,0.0030,20.00,yes
2026-10-05T00:29:07.403997Z,KXBTC15M-26OCT042030-30,0.0030,3.19,yes
2026-10-05T00:29:07.403997Z,KXBTC15M-26OCT042030-30,0.0030,37.89,yes
2026-10-05T00:29:07.415737Z,KXBTC15M-26OCT042030-30,0.0030,6.00,yes
2026-10-05T00:29:07.426858Z,KXBTC15M-26OCT042030-30,0.0030,10.00,yes
2026-10-05T00:29:07.441124Z,KXBTC15M-26OCT042030-30,0.0020,0.23,no
2026-10-05T00:29:07.446008Z,KXBTC15M-26OCT042030-30,0.0030,86.00,yes
2026-10-05T00:29:07.46183Z,KXBTC15M-26OCT042030-30,0.0030,129.03,yes
2026-10-05T00:29:07.487047Z,KXBTC15M-26OCT042030-30,0.0020,314.66,no
2026-10-05T00:29:07.503405Z,KXBTC15M-26OCT042030-30,0.0030,53.24,yes
2026-10-05T00:29:07.556289Z,KXBTC15M-26OCT042030-30,0.0030,2.09,yes
2026-10-05T00:29:07.556289Z,KXBTC15M-26OCT042030-30,0.0030,76.46,yes
2026-10-05T00:29:07.556289Z,KXBTC15M-26OCT042030-30,0.0030,0.23,yes
2026-10-05T00:29:07.556289Z,KXBTC15M-26OCT042030-30,0.0030,13.10,yes
2026-10-05T00:29:07.556289Z,KXBTC15M-26OCT042030-30,0.0030,213.47,yes
2026-10-05T00:29:07.588049Z,KXBTC15M-26OCT042030-30,0.0020,2.00,no
2026-10-05T00:29:07.627218Z,KXBTC15M-26OCT042030-30,0.0030,40.48,yes
2026-10-05T00:29:07.635103Z,KXBTC15M-26OCT042030-30,0.0030,2.84,yes
2026-10-05T00:29:07.681257Z,KXBTC15M-26OCT042030-30,0.0030,14.69,yes
2026-10-05T00:29:07.718395Z,KXBTC15M-26OCT042030-30,0.0030,64.00,yes
2026-10-05T00:29:07.725417Z,KXBTC15M-26OCT042030-30,0.0030,36.47,yes
2026-10-05T00:29:07.765711Z,KXBTC15M-26OCT042030-30,0.0030,30.53,yes
2026-10-05T00:29:07.87885Z,KXBTC15M-26OCT042030-30,0.0030,86.81,yes
2026-10-05T00:29:07.87885Z,KXBTC15M-26OCT042030-30,0.0030,2.00,yes
2026-10-05T00:29:07.87885Z,KXBTC15M-26OCT042030-30,0.0030,49.19,yes
2026-10-05T00:29:07.901345Z,KXBTC15M-26OCT042030-30,0.0030,170.27,yes
2026-10-05T00:29:07.92563Z,KXBTC15M-26OCT042030-30,0.0020,7.22,no
2026-10-05T00:29:07.945848Z,KXBTC15M-26OCT042030-30,0.0030,15.62,yes
2026-10-05T00:29:07.99889Z,KXBTC15M-26OCT042030-30,0.0030,30.00,yes
2026-10-05T00:29:08.002689Z,KXBTC15M-26OCT042030-30,0.0020,26.22,no
2026-10-05T00:29:08.093963Z,KXBTC15M-26OCT042030-30,0.0030,86.00,yes
2026-10-05T00:29:08.100862Z,KXBTC15M-26OCT042030-30,0.0030,5.89,yes
2026-10-05T00:29:08.113928Z,KXBTC15M-26OCT042030-30,0.0020,500.93,no
2026-10-05T00:29:08.114733Z,KXBTC15M-26OCT042030-30,0.0030,240.20,yes
2026-10-05T00:29:08.128262Z,KXBTC15M-26OCT042030-30,0.0030,500.93,yes
2026-10-05T00:29:08.128262Z,KXBTC15M-26OCT042030-30,0.0030,26.22,yes
2026-10-05T00:29:08.128262Z,KXBTC15M-26OCT042030-30,0.0030,1.16,yes
2026-10-05T00:29:08.128262Z,KXBTC15M-26OCT042030-30,0.0030,7.22,yes
2026-10-05T00:29:08.128262Z,KXBTC15M-26OCT042030-30,0.0040,191.14,yes
2026-10-05T00:29:08.128262Z,KXBTC15M-26OCT042030-30,0.0030,2326.90,yes
2026-10-05T00:29:08.166229Z,KXBTC15M-26OCT042030-30,0.0020,3.36,no
2026-10-05T00:29:08.181502Z,KXBTC15M-26OCT042030-30,0.0030,3.36,yes
2026-10-05T00:29:08.181502Z,KXBTC15M-26OCT042030-30,0.0040,146.09,yes
2026-10-05T00:29:08.308232Z,KXBTC15M-26OCT042030-30,0.0040,12.00,yes
2026-10-05T00:29:08.332359Z,KXBTC15M-26OCT042030-30,0.0040,3.42,yes
2026-10-05T00:29:08.405953Z,KXBTC15M-26OCT042030-30,0.0040,25.36,yes
2026-10-05T00:29:08.41413Z,KXBTC15M-26OCT042030-30,0.0040,33.30,yes
2026-10-05T00:29:08.437431Z,KXBTC15M-26OCT042030-30,0.0040,21.19,yes
2026-10-05T00:29:08.481839Z,KXBTC15M-26OCT042030-30,0.0020,500.93,no
2026-10-05T00:29:08.505849Z,KXBTC15M-26OCT042030-30,0.0020,0.02,no
2026-10-05T00:29:08.506477Z,KXBTC15M-26OCT042030-30,0.0020,0.02,no
2026-10-05T00:29:08.50989Z,KXBTC15M-26OCT042030-30,0.0020,0.02,no
2026-10-05T00:29:08.519243Z,KXBTC15M-26OCT042030-30,0.0020,158.88,no
2026-10-05T00:29:08.526075Z,KXBTC15M-26OCT042030-30,0.0030,53.00,yes
2026-10-05T00:29:08.588386Z,KXBTC15M-26OCT042030-30,0.0030,61.00,yes
2026-10-05T00:29:08.632223Z,KXBTC15M-26OCT042030-30,0.0030,6.03,yes
2026-10-05T00:29:08.665931Z,KXBTC15M-26OCT042030-30,0.0020,5.00,no
2026-10-05T00:29:08.715976Z,KXBTC15M-26OCT042030-30,0.0020,15.02,no
2026-10-05T00:29:08.746311Z,KXBTC15M-26OCT042030-30,0.0020,16.41,no
2026-10-05T00:29:08.779741Z,KXBTC15M-26OCT042030-30,0.0020,4340.00,no
2026-10-05T00:29:08.879325Z,KXBTC15M-26OCT042030-30,0.0020,6.73,no
2026-10-05T00:29:08.957926Z,KXBTC15M-26OCT042030-30,0.0030,305.35,yes
2026-10-05T00:29:08.986055Z,KXBTC15M-26OCT042030-30,0.0030,803.00,yes
2026-10-05T00:29:09.039744Z,KXBTC15M-26OCT042030-30,0.0020,34.06,no
2026-10-05T00:29:09.056588Z,KXBTC15M-26OCT042030-30,0.0020,36.45,no
2026-10-05T00:29:09.117722Z,KXBTC15M-26OCT042030-30,0.0030,6215.62,yes
2026-10-05T00:29:09.117722Z,KXBTC15M-26OCT042030-30,0.0030,0.02,yes
2026-10-05T00:29:09.117722Z,KXBTC15M-26OCT042030-30,0.0030,15.02,yes
2026-10-05T00:29:09.117722Z,KXBTC15M-26OCT042030-30,0.0030,0.02,yes
2026-10-05T00:29:09.117722Z,KXBTC15M-26OCT042030-30,0.0030,721.97,yes
2026-10-05T00:29:09.117722Z,KXBTC15M-26OCT042030-30,0.0030,158.88,yes
2026-10-05T00:29:09.117722Z,KXBTC15M-26OCT042030-30,0.0030,0.02,yes
2026-10-05T00:29:09.117722Z,KXBTC15M-26OCT042030-30,0.0030,5.00,yes
2026-10-05T00:29:09.117722Z,KXBTC15M-26OCT042030-30,0.0030,16.41,yes
2026-10-05T00:29:09.117722Z,KXBTC15M-26OCT042030-30,0.0030,500.93,yes
2026-10-05T00:29:09.137754Z,KXBTC15M-26OCT042030-30,0.0020,210.39,no
2026-10-05T00:29:09.157749Z,KXBTC15M-26OCT042030-30,0.0020,500.93,no
2026-10-05T00:29:09.180358Z,KXBTC15M-26OCT042030-30,0.0030,295.00,yes
2026-10-05T00:29:09.209518Z,KXBTC15M-26OCT042030-30,0.0030,9.84,yes
2026-10-05T00:29:09.32641Z,KXBTC15M-26OCT042030-30,0.0030,52.00,yes
2026-10-05T00:29:09.326508Z,KXBTC15M-26OCT042030-30,0.0030,98.00,yes
2026-10-05T00:29:09.35761Z,KXBTC15M-26OCT042030-30,0.0020,9.96,no
2026-10-05T00:29:09.368252Z,KXBTC15M-26OCT042030-30,0.0030,305.35,yes
2026-10-05T00:29:09.370443Z,KXBTC15M-26OCT042030-30,0.0020,604.00,no
2026-10-05T00:29:09.388689Z,KXBTC15M-26OCT042030-30,0.0020,100.18,no
2026-10-05T00:29:09.392334Z,KXBTC15M-26OCT042030-30,0.0030,305.35,yes
2026-10-05T00:29:09.416592Z,KXBTC15M-26OCT042030-30,0.0020,1367.00,no
2026-10-05T00:29:09.425624Z,KXBTC15M-26OCT042030-30,0.0020,45.26,no
2026-10-05T00:29:09.425624Z,KXBTC15M-26OCT042030-30,0.0020,458.63,no
2026-10-05T00:29:09.451308Z,KXBTC15M-26OCT042030-30,0.0020,210.39,no
2026-10-05T00:29:09.451495Z,KXBTC15M-26OCT042030-30,0.0020,87.20,no
2026-10-05T00:29:09.451967Z,KXBTC15M-26OCT042030-30,0.0020,243.78,no
2026-10-05T00:29:09.451967Z,KXBTC15M-26OCT042030-30,0.0020,257.15,no
2026-10-05T00:29:09.452276Z,KXBTC15M-26OCT042030-30,0.0020,1000.00,no
2026-10-05T00:29:09.452276Z,KXBTC15M-26OCT042030-30,0.0020,742.85,no
2026-10-05T00:29:09.452276Z,KXBTC15M-26OCT042030-30,0.0020,809.64,no
2026-10-05T00:29:09.452566Z,KXBTC15M-26OCT042030-30,0.0020,490.36,no
2026-10-05T00:29:09.452566Z,KXBTC15M-26OCT042030-30,0.0020,100.00,no
2026-10-05T00:29:09.452566Z,KXBTC15M-26OCT042030-30,0.0020,13.64,no
2026-10-05T00:29:09.452618Z,KXBTC15M-26OCT042030-30,0.0020,100.18,no
2026-10-05T00:29:09.453811Z,KXBTC15M-26OCT042030-30,0.0020,6.18,no
2026-10-05T00:29:09.453811Z,KXBTC15M-26OCT042030-30,0.0020,200.00,no
2026-10-05T00:29:09.453811Z,KXBTC15M-26OCT042030-30,0.0020,200.00,no
2026-10-05T00:29:09.453811Z,KXBTC15M-26OCT042030-30,0.0020,3.00,no
2026-10-05T00:29:09.453811Z,KXBTC15M-26OCT042030-30,0.0020,3.00,no
2026-10-05T00:29:09.453811Z,KXBTC15M-26OCT042030-30,0.0020,26.00,no
2026-10-05T00:29:09.453811Z,KXBTC15M-26OCT042030-30,0.0020,3.00,no
2026-10-05T00:29:09.453811Z,KXBTC15M-26OCT042030-30,0.0020,3.00,no
2026-10-05T00:29:09.453811Z,KXBTC15M-26OCT042030-30,0.0020,3.00,no
2026-10-05T00:29:09.453811Z,KXBTC15M-26OCT042030-30,0.0020,919.82,no
2026-10-05T00:29:09.455359Z,KXBTC15M-26OCT042030-30,0.0020,45.26,no
2026-10-05T00:29:09.474207Z,KXBTC15M-26OCT042030-30,0.0020,5.00,no
2026-10-05T00:29:09.485446Z,KXBTC15M-26OCT042030-30,0.0030,578.11,yes
2026-10-05T00:29:09.485446Z,KXBTC15M-26OCT042030-30,0.0030,210.39,yes
2026-10-05T00:29:09.485446Z,KXBTC15M-26OCT042030-30,0.0030,13.64,yes
2026-10-05T00:29:09.485446Z,KXBTC15M-26OCT042030-30,0.0030,458.63,yes
2026-10-05T00:29:09.485446Z,KXBTC15M-26OCT042030-30,0.0030,10.00,yes
2026-10-05T00:29:09.485446Z,KXBTC15M-26OCT042030-30,0.0030,256.03,yes
2026-10-05T00:29:09.488646Z,KXBTC15M-26OCT042030-30,0.0030,169.76,yes
2026-10-05T00:29:09.524183Z,KXBTC15M-26OCT042030-30,0.0030,127.81,yes
2026-10-05T00:29:09.539972Z,KXBTC15M-26OCT042030-30,0.0020,615.99,no
2026-10-05T00:29:09.554891Z,KXBTC15M-26OCT042030-30,0.0020,3.58,no
2026-10-05T00:29:09.584893Z,KXBTC15M-26OCT042030-30,0.0030,124.32,yes
2026-10-05T00:29:09.584893Z,KXBTC15M-26OCT042030-30,0.0030,181.03,yes
2026-10-05T00:29:09.593509Z,KXBTC15M-26OCT042030-30,0.0030,87.20,yes
2026-10-05T00:29:09.593509Z,KXBTC15M-26OCT042030-30,0.0030,110.32,yes
2026-10-05T00:29:09.593509Z,KXBTC15M-26OCT042030-30,0.0030,76.12,yes
2026-10-05T00:29:09.593509Z,KXBTC15M-26OCT042030-30,0.0030,6.18,yes
2026-10-05T00:29:09.593509Z,KXBTC15M-26OCT042030-30,0.0030,100.18,yes
2026-10-05T00:29:09.61276Z,KXBTC15M-26OCT042030-30,0.0020,102.63,no
2026-10-05T00:29:09.626389Z,KXBTC15M-26OCT042030-30,0.0020,10.47,no
2026-10-05T00:29:09.644968Z,KXBTC15M-26OCT042030-30,0.0030,3.48,yes
2026-10-05T00:29:09.657198Z,KXBTC15M-26OCT042030-30,0.0030,14.18,yes
2026-10-05T00:29:09.678474Z,KXBTC15M-26OCT042030-30,0.0030,92.16,yes
2026-10-05T00:29:09.687171Z,KXBTC15M-26OCT042030-30,0.0030,305.35,yes
2026-10-05T00:29:09.749317Z,KXBTC15M-26OCT042030-30,0.0030,217.36,yes
2026-10-05T00:29:09.749317Z,KXBTC15M-26OCT042030-30,0.0030,81.76,yes
2026-10-05T00:29:09.786432Z,KXBTC15M-26OCT042030-30,0.0040,1000.00,yes
2026-10-05T00:29:09.786432Z,KXBTC15M-26OCT042030-30,0.0030,162.02,yes
2026-10-05T00:29:09.786432Z,KXBTC15M-26OCT042030-30,0.0040,19.00,yes
2026-10-05T00:29:09.786432Z,KXBTC15M-26OCT042030-30,0.0040,3.00,yes
2026-10-05T00:29:09.786432Z,KXBTC15M-26OCT042030-30,0.0050,593.20,yes
2026-10-05T00:29:09.786432Z,KXBTC15M-26OCT042030-30,0.0040,659.50,yes
2026-10-05T00:29:09.819845Z,KXBTC15M-26OCT042030-30,0.0020,2.00,no
2026-10-05T00:29:09.833898Z,KXBTC15M-26OCT042030-30,0.0050,68.64,yes
2026-10-05T00:29:09.839282Z,KXBTC15M-26OCT042030-30,0.0020,141.17,no
2026-10-05T00:29:09.842968Z,KXBTC15M-26OCT042030-30,0.0050,35.23,yes
2026-10-05T00:29:09.850788Z,KXBTC15M-26OCT042030-30,0.0020,58.71,no
2026-10-05T00:29:09.877311Z,KXBTC15M-26OCT042030-30,0.0040,100.65,yes
2026-10-05T00:29:09.886208Z,KXBTC15M-26OCT042030-30,0.0040,10.61,yes
2026-10-05T00:29:09.89196Z,KXBTC15M-26OCT042030-30,0.0020,400.00,no
2026-10-05T00:29:09.89196Z,KXBTC15M-26OCT042030-30,0.0020,6.49,no
2026-10-05T00:29:09.89196Z,KXBTC15M-26OCT042030-30,0.0020,595.37,no
2026-10-05T00:29:09.929707Z,KXBTC15M-26OCT042030-30,0.0020,10.00,no
2026-10-05T00:29:09.929707Z,KXBTC15M-26OCT042030-30,0.0020,5.00,no
2026-10-05T00:29:09.929707Z,KXBTC15M-26OCT042030-30,0.0020,7.44,no
2026-10-05T00:29:09.929707Z,KXBTC15M-26OCT042030-30,0.0020,98.87,no
2026-10-05T00:29:09.929707Z,KXBTC15M-26OCT042030-30,0.0020,24.00,no
2026-10-05T00:29:09.929707Z,KXBTC15M-26OCT042030-30,0.0020,15.00,no
2026-10-05T00:29:09.929707Z,KXBTC15M-26OCT042030-30,0.0020,10.00,no
2026-10-05T00:29:09.939313Z,KXBTC15M-26OCT042030-30,0.0040,753.53,yes
2026-10-05T00:29:09.947879Z,KXBTC15M-26OCT042030-30,0.0020,250.46,no
2026-10-05T00:29:09.949316Z,KXBTC15M-26OCT042030-30,0.0020,0.10,no
2026-10-05T00:29:10.005102Z,KXBTC15M-26OCT042030-30,0.0020,69.31,no
2026-10-05T00:29:10.016456Z,KXBTC15M-26OCT042030-30,0.0020,410.41,no
2026-10-05T00:29:10.021989Z,KXBTC15M-26OCT042030-30,0.0040,49.80,yes
2026-10-05T00:29:10.048068Z,KXBTC15M-26OCT042030-30,0.0020,28.00,no
2026-10-05T00:29:10.048068Z,KXBTC15M-26OCT042030-30,0.0020,920.85,no
2026-10-05T00:29:10.048068Z,KXBTC15M-26OCT042030-30,0.0020,0.01,no
2026-10-05T00:29:10.048068Z,KXBTC15M-26OCT042030-30,0.0020,1875.00,no
2026-10-05T00:29:10.048068Z,KXBTC15M-26OCT042030-30,0.0020,496.94,no
2026-10-05T00:29:10.048068Z,KXBTC15M-26OCT042030-30,0.0020,748.23,no
2026-10-05T00:29:10.082845Z,KXBTC15M-26OCT042030-30,0.0020,727.35,no
2026-10-05T00:29:10.101301Z,KXBTC15M-26OCT042030-30,0.0040,49.64,yes
2026-10-05T00:29:10.115398Z,KXBTC15M-26OCT042030-30,0.0020,1002.00,no
2026-10-05T00:29:10.159691Z,KXBTC15M-26OCT042030-30,0.0020,30.03,no
2026-10-05T00:29:10.159958Z,KXBTC15M-26OCT042030-30,0.0040,23.76,yes
2026-10-05T00:29:10.163655Z,KXBTC15M-26OCT042030-30,0.0040,1.87,yes
2026-10-05T00:29:10.178232Z,KXBTC15M-26OCT042030-30,0.0040,10.14,yes
2026-10-05T00:29:10.178232Z,KXBTC15M-26OCT042030-30,0.0040,18.00,yes
2026-10-05T00:29:10.178232Z,KXBTC15M-26OCT042030-30,0.0040,0.01,yes
2026-10-05T00:29:10.178232Z,KXBTC15M-26OCT042030-30,0.0040,171.85,yes
2026-10-05T00:29:10.188691Z,KXBTC15M-26OCT042030-30,0.0020,20.00,no
2026-10-05T00:29:10.212019Z,KXBTC15M-26OCT042030-30,0.0040,18.69,yes
2026-10-05T00:29:10.243787Z,KXBTC15M-26OCT042030-30,0.0020,3.06,no
2026-10-05T00:29:10.261813Z,KXBTC15M-26OCT042030-30,0.0040,7.19,yes
2026-10-05T00:29:10.286061Z,KXBTC15M-26OCT042030-30,0.0020,2953.22,no
2026-10-05T00:29:10.286061Z,KXBTC15M-26OCT042030-30,0.0020,385.99,no
2026-10-05T00:29:10.30233Z,KXBTC15M-26OCT042030-30,0.0020,601.11,no
2026-10-05T00:29:10.353818Z,KXBTC15M-26OCT042030-30,0.0040,458.07,yes
2026-10-05T00:29:10.381848Z,KXBTC15M-26OCT042030-30,0.0020,34.40,no
2026-10-05T00:29:10.519283Z,KXBTC15M-26OCT042030-30,0.0020,53.00,no
2026-10-05T00:29:10.562838Z,KXBTC15M-26OCT042030-30,0.0020,1218.43,no
2026-10-05T00:29:10.564612Z,KXBTC15M-26OCT042030-30,0.0040,12.00,yes
2026-10-05T00:29:10.564612Z,KXBTC15M-26OCT042030-30,0.0040,0.59,yes
2026-10-05T00:29:10.59812Z,KXBTC15M-26OCT042030-30,0.0020,2157.57,no
2026-10-05T00:29:10.767525Z,KXBTC15M-26OCT042030-30,0.0040,1.29,yes
2026-10-05T00:29:10.784371Z,KXBTC15M-26OCT042030-30,0.0030,7.00,no
2026-10-05T00:29:10.784371Z,KXBTC15M-26OCT042030-30,0.0030,16.83,no
2026-10-05T00:29:10.790604Z,KXBTC15M-26OCT042030-30,0.0040,4.67,yes
2026-10-05T00:29:10.842308Z,KXBTC15M-26OCT042030-30,0.0040,181.71,yes
2026-10-05T00:29:10.842308Z,KXBTC15M-26OCT042030-30,0.0040,6.04,yes
2026-10-05T00:29:10.844769Z,KXBTC15M-26OCT042030-30,0.0030,5.00,no
2026-10-05T00:29:10.851851Z,KXBTC15M-26OCT042030-30,0.0040,6.47,yes
2026-10-05T00:29:10.916144Z,KXBTC15M-26OCT042030-30,0.0050,186.97,yes
2026-10-05T00:29:10.922196Z,KXBTC15M-26OCT042030-30,0.0050,166.95,yes
2026-10-05T00:29:10.945672Z,KXBTC15M-26OCT042030-30,0.0030,3.17,no
2026-10-05T00:29:10.945672Z,KXBTC15M-26OCT042030-30,0.0030,0.01,no
2026-10-05T00:29:10.945672Z,KXBTC15M-26OCT042030-30,0.0030,5.00,no
2026-10-05T00:29:10.945672Z,KXBTC15M-26OCT042030-30,0.0030,16.83,no
2026-10-05T00:29:10.945672Z,KXBTC15M-26OCT042030-30,0.0030,0.01,no
2026-10-05T00:29:10.945672Z,KXBTC15M-26OCT042030-30,0.0020,237.46,no
2026-10-05T00:29:10.979772Z,KXBTC15M-26OCT042030-30,0.0030,0.01,no
2026-10-05T00:29:10.979772Z,KXBTC15M-26OCT042030-30,0.0030,0.01,no
2026-10-05T00:29:10.979772Z,KXBTC15M-26OCT042030-30,0.0030,9.99,no
2026-10-05T00:29:11.007514Z,KXBTC15M-26OCT042030-30,0.0030,0.01,no
2026-10-05T00:29:11.007514Z,KXBTC15M-26OCT042030-30,0.0030,22.35,no
2026-10-05T00:29:11.052814Z,KXBTC15M-26OCT042030-30,0.0030,2.65,no
2026-10-05T00:29:11.052814Z,KXBTC15M-26OCT042030-30,0.0030,0.01,no
2026-10-05T00:29:11.052814Z,KXBTC15M-26OCT042030-30,0.0030,22.35,no
2026-10-05T00:29:11.052814Z,KXBTC15M-26OCT042030-30,0.0030,0.01,no
2026-10-05T00:29:11.052814Z,KXBTC15M-26OCT042030-30,0.0020,2717.10,no
2026-10-05T00:29:11.075445Z,KXBTC15M-26OCT042030-30,0.0020,10.00,no
2026-10-05T00:29:11.075445Z,KXBTC15M-26OCT042030-30,0.0020,0.01,no
2026-10-05T00:29:11.075445Z,KXBTC15M-26OCT042030-30,0.0020,10.00,no
2026-10-05T00:29:11.075445Z,KXBTC15M-26OCT042030-30,0.0030,0.01,no
2026-10-05T00:29:11.075445Z,KXBTC15M-26OCT042030-30,0.0030,0.01,no
2026-10-05T00:29:11.075445Z,KXBTC15M-26OCT042030-30,0.0020,28.00,no
2026-10-05T00:29:11.075445Z,KXBTC15M-26OCT042030-30,0.0020,27.71,no
2026-10-05T00:29:11.081429Z,KXBTC15M-26OCT042030-30,0.0040,882.61,yes
2026-10-05T00:29:11.081429Z,KXBTC15M-26OCT042030-30,0.0040,0.01,yes
2026-10-05T00:29:11.081429Z,KXBTC15M-26OCT042030-30,0.0040,0.01,yes
2026-10-05T00:29:11.081429Z,KXBTC15M-26OCT042030-30,0.0040,11.00,yes
2026-10-05T00:29:11.081429Z,KXBTC15M-26OCT042030-30,0.0020,41.26,yes
2026-10-05T00:29:11.084107Z,KXBTC15M-26OCT042030-30,0.0040,7.66,yes
2026-10-05T00:29:11.099824Z,KXBTC15M-26OCT042030-30,0.0010,462.89,no
2026-10-05T00:29:11.099824Z,KXBTC15M-26OCT042030-30,0.0020,0.01,no
2026-10-05T00:29:11.099824Z,KXBTC15M-26OCT042030-30,0.0020,0.01,no
2026-10-05T00:29:11.099824Z,KXBTC15M-26OCT042030-30,0.0020,28.00,no
2026-10-05T00:29:11.101386Z,KXBTC15M-26OCT042030-30,0.0010,51.63,no
2026-10-05T00:29:11.107302Z,KXBTC15M-26OCT042030-30,0.0020,0.01,no
2026-10-05T00:29:11.107302Z,KXBTC15M-26OCT042030-30,0.0020,28.00,no
2026-10-05T00:29:11.108036Z,KXBTC15M-26OCT042030-30,0.0020,103.00,yes
2026-10-05T00:29:11.109177Z,KXBTC15M-26OCT042030-30,0.0020,94.00,yes
2026-10-05T00:29:11.1517Z,KXBTC15M-26OCT042030-30,0.0010,9818.25,no
2026-10-05T00:29:11.155406Z,KXBTC15M-26OCT042030-30,0.0020,50.00,yes
2026-10-05T00:29:11.155406Z,KXBTC15M-26OCT042030-30,0.0020,183.72,yes
2026-10-05T00:29:11.181529Z,KXBTC15M-26OCT042030-30,0.0030,77.78,yes
2026-10-05T00:29:11.181529Z,KXBTC15M-26OCT042030-30,0.0030,0.01,yes
2026-10-05T00:29:11.181529Z,KXBTC15M-26OCT042030-30,0.0030,0.01,yes
2026-10-05T00:29:11.181529Z,KXBTC15M-26OCT042030-30,0.0020,9818.25,yes
2026-10-05T00:29:11.184715Z,KXBTC15M-26OCT042030-30,0.0040,2.02,yes
2026-10-05T00:29:11.366979Z,KXBTC15M-26OCT042030-30,0.0030,62.79,no
2026-10-05T00:29:11.420615Z,KXBTC15M-26OCT042030-30,0.0030,29.57,no
2026-10-05T00:29:11.451509Z,KXBTC15M-26OCT042030-30,0.0030,11.59,no
2026-10-05T00:29:11.451509Z,KXBTC15M-26OCT042030-30,0.0030,0.01,no
2026-10-05T00:29:11.451509Z,KXBTC15M-26OCT042030-30,0.0020,5.05,no
2026-10-05T00:29:11.451509Z,KXBTC15M-26OCT042030-30,0.0030,0.01,no
2026-10-05T00:29:11.604977Z,KXBTC15M-26OCT042030-30,0.0020,0.98,no
2026-10-05T00:29:11.604977Z,KXBTC15M-26OCT042030-30,0.0030,0.01,no
2026-10-05T00:29:11.604977Z,KXBTC15M-26OCT042030-30,0.0030,0.01,no
2026-10-05T00:29:11.614046Z,KXBTC15M-26OCT042030-30,0.0040,0.41,yes
2026-10-05T00:29:11.635102Z,KXBTC15M-26OCT042030-30,0.0040,3.06,yes
2026-10-05T00:29:11.646663Z,KXBTC15M-26OCT042030-30,0.0040,101.03,yes
2026-10-05T00:29:11.66907Z,KXBTC15M-26OCT042030-30,0.0050,172.59,yes
2026-10-05T00:29:11.66907Z,KXBTC15M-26OCT042030-30,0.0040,33.64,yes
2026-10-05T00:29:11.66907Z,KXBTC15M-26OCT042030-30,0.0040,10.00,yes
2026-10-05T00:29:11.66907Z,KXBTC15M-26OCT042030-30,0.0040,0.01,yes
2026-10-05T00:29:11.66907Z,KXBTC15M-26OCT042030-30,0.0040,0.01,yes
2026-10-05T00:29:11.911645Z,KXBTC15M-26OCT042030-30,0.0050,79.58,yes
2026-10-05T00:29:11.911645Z,KXBTC15M-26OCT042030-30,0.0040,0.01,yes
2026-10-05T00:29:11.911645Z,KXBTC15M-26OCT042030-30,0.0040,0.01,yes
2026-10-05T00:29:11.934989Z,KXBTC15M-26OCT042030-30,0.0010,2169.08,no
2026-10-05T00:29:11.934989Z,KXBTC15M-26OCT042030-30,0.0020,10.00,no
2026-10-05T00:29:11.934989Z,KXBTC15M-26OCT042030-30,0.0030,0.01,no
2026-10-05T00:29:11.934989Z,KXBTC15M-26OCT042030-30,0.0030,0.01,no
2026-10-05T00:29:11.934989Z,KXBTC15M-26OCT042030-30,0.0020,0.98,no
2026-10-05T00:29:11.934989Z,KXBTC15M-26OCT042030-30,0.0020,10.00,no
2026-10-05T00:29:11.934989Z,KXBTC15M-26OCT042030-30,0.0020,5.05,no
2026-10-05T00:29:11.934989Z,KXBTC15M-26OCT042030-30,0.0030,7.00,no
2026-10-05T00:29:11.934989Z,KXBTC15M-26OCT042030-30,0.0020,21.97,no
2026-10-05T00:29:11.943822Z,KXBTC15M-26OCT042030-30,0.0030,0.01,no
2026-10-05T00:29:11.943822Z,KXBTC15M-26OCT042030-30,0.0030,0.01,no
2026-10-05T00:29:11.946677Z,KXBTC15M-26OCT042030-30,0.0020,11.15,yes
2026-10-05T00:29:11.947494Z,KXBTC15M-26OCT042030-30,0.0010,5.00,no
2026-10-05T00:29:11.957914Z,KXBTC15M-26OCT042030-30,0.0010,2.00,no
2026-10-05T00:29:11.971037Z,KXBTC15M-26OCT042030-30,0.0010,86.34,no
2026-10-05T00:29:11.973943Z,KXBTC15M-26OCT042030-30,0.0010,698.00,no
2026-10-05T00:29:12.026682Z,KXBTC15M-26OCT042030-30,0.0020,0.01,yes
2026-10-05T00:29:12.026682Z,KXBTC15M-26OCT042030-30,0.0020,0.01,yes
2026-10-05T00:29:12.026682Z,KXBTC15M-26OCT042030-30,0.0020,17.98,yes
2026-10-05T00:29:12.059783Z,KXBTC15M-26OCT042030-30,0.0020,0.01,yes
2026-10-05T00:29:12.059783Z,KXBTC15M-26OCT042030-30,0.0020,0.01,yes
2026-10-05T00:29:12.059783Z,KXBTC15M-26OCT042030-30,0.0020,215.45,yes
2026-10-05T00:29:12.064324Z,KXBTC15M-26OCT042030-30,0.0030,50.79,yes
2026-10-05T00:29:12.103025Z,KXBTC15M-26OCT042030-30,0.0020,4.99,no
2026-10-05T00:29:12.103025Z,KXBTC15M-26OCT042030-30,0.0020,10.00,no
2026-10-05T00:29:12.103025Z,KXBTC15M-26OCT042030-30,0.0020,0.01,no
2026-10-05T00:29:12.103025Z,KXBTC15M-26OCT042030-30,0.0020,10.00,no
2026-10-05T00:29:12.111271Z,KXBTC15M-26OCT042030-30,0.0020,23.01,no
2026-10-05T00:29:12.111271Z,KXBTC15M-26OCT042030-30,0.0020,0.01,no
2026-10-05T00:29:12.111271Z,KXBTC15M-26OCT042030-30,0.0020,4.99,no
2026-10-05T00:29:12.111271Z,KXBTC15M-26OCT042030-30,0.0020,0.01,no
2026-10-05T00:29:12.17613Z,KXBTC15M-26OCT042030-30,0.0020,356.35,yes
2026-10-05T00:29:12.17613Z,KXBTC15M-26OCT042030-30,0.0020,0.01,yes
2026-10-05T00:29:12.17613Z,KXBTC15M-26OCT042030-30,0.0020,0.01,yes
2026-10-05T00:29:12.17613Z,KXBTC15M-26OCT042030-30,0.0020,10.00,yes
2026-10-05T00:29:12.182822Z,KXBTC15M-26OCT042030-30,0.0020,1183.25,yes
2026-10-05T00:29:12.182822Z,KXBTC15M-26OCT042030-30,0.0020,75.41,yes
2026-10-05T00:29:12.182822Z,KXBTC15M-26OCT042030-30,0.0020,47.34,yes
2026-10-05T00:29:12.189202Z,KXBTC15M-26OCT042030-30,0.0020,372.11,yes
2026-10-05T00:29:12.246746Z,KXBTC15M-26OCT042030-30,0.0010,0.91,no
2026-10-05T00:29:12.251664Z,KXBTC15M-26OCT042030-30,0.0020,215.47,yes
2026-10-05T00:29:12.266516Z,KXBTC15M-26OCT042030-30,0.0010,1.00,no
2026-10-05T00:29:12.278484Z,KXBTC15M-26OCT042030-30,0.0020,24.88,yes
2026-10-05T00:29:12.298916Z,KXBTC15M-26OCT042030-30,0.0020,105.07,yes
2026-10-05T00:29:12.344987Z,KXBTC15M-26OCT042030-30,0.0040,38.72,yes
2026-10-05T00:29:12.344987Z,KXBTC15M-26OCT042030-30,0.0040,10.00,yes
2026-10-05T00:29:12.344987Z,KXBTC15M-26OCT042030-30,0.0020,257.13,yes
2026-10-05T00:29:12.344987Z,KXBTC15M-26OCT042030-30,0.0020,0.91,yes
2026-10-05T00:29:12.344987Z,KXBTC15M-26OCT042030-30,0.0020,0.01,yes
2026-10-05T00:29:12.344987Z,KXBTC15M-26OCT042030-30,0.0020,1.00,yes
2026-10-05T00:29:12.344987Z,KXBTC15M-26OCT042030-30,0.0020,10.00,yes
2026-10-05T00:29:12.344987Z,KXBTC15M-26OCT042030-30,0.0040,23.00,yes
2026-10-05T00:29:12.344987Z,KXBTC15M-26OCT042030-30,0.0020,0.01,yes
2026-10-05T00:29:12.344987Z,KXBTC15M-26OCT042030-30,0.0030,10.00,yes
2026-10-05T00:29:12.375493Z,KXBTC15M-26OCT042030-30,0.0010,6.72,no
2026-10-05T00:29:12.400547Z,KXBTC15M-26OCT042030-30,0.0010,22.56,no
2026-10-05T00:29:12.466544Z,KXBTC15M-26OCT042030-30,0.0010,31.91,no
2026-10-05T00:29:12.481262Z,KXBTC15M-26OCT042030-30,0.0010,200.00,no
2026-10-05T00:29:12.52007Z,KXBTC15M-26OCT042030-30,0.0010,111.10,no
2026-10-05T00:29:12.55613Z,KXBTC15M-26OCT042030-30,0.0020,1.75,yes
2026-10-05T00:29:12.55613Z,KXBTC15M-26OCT042030-30,0.0020,0.01,yes
2026-10-05T00:29:12.585418Z,KXBTC15M-26OCT042030-30,0.0020,0.03,yes
2026-10-05T00:29:12.585418Z,KXBTC15M-26OCT042030-30,0.0020,4.97,yes
2026-10-05T00:29:12.622069Z,KXBTC15M-26OCT042030-30,0.0010,21.79,no
2026-10-05T00:29:12.755947Z,KXBTC15M-26OCT042030-30,0.0010,76.23,no
2026-10-05T00:29:12.784528Z,KXBTC15M-26OCT042030-30,0.0010,0.02,no
2026-10-05T00:29:12.785039Z,KXBTC15M-26OCT042030-30,0.0010,0.02,no
2026-10-05T00:29:12.799028Z,KXBTC15M-26OCT042030-30,0.0010,1.29,no
2026-10-05T00:29:12.808876Z,KXBTC15M-26OCT042030-30,0.0020,0.02,yes
2026-10-05T00:29:12.813705Z,KXBTC15M-26OCT042030-30,0.0020,1.23,yes
2026-10-05T00:29:12.819914Z,KXBTC15M-26OCT042030-30,0.0010,16.01,no
2026-10-05T00:29:12.851373Z,KXBTC15M-26OCT042030-30,0.0020,21.28,yes
2026-10-05T00:29:12.851373Z,KXBTC15M-26OCT042030-30,0.0020,24.48,yes
2026-10-05T00:29:12.895108Z,KXBTC15M-26OCT042030-30,0.0010,4.51,no
2026-10-05T00:29:12.962547Z,KXBTC15M-26OCT042030-30,0.0020,7.43,yes
2026-10-05T00:29:12.962547Z,KXBTC15M-26OCT042030-30,0.0020,2.57,yes
2026-10-05T00:29:12.967846Z,KXBTC15M-26OCT042030-30,0.0010,53.00,no
2026-10-05T00:29:13.027571Z,KXBTC15M-26OCT042030-30,0.0020,68.28,yes
2026-10-05T00:29:13.056904Z,KXBTC15M-26OCT042030-30,0.0010,15.01,no
2026-10-05T00:29:13.090649Z,KXBTC15M-26OCT042030-30,0.0010,120.11,no
2026-10-05T00:29:13.127358Z,KXBTC15M-26OCT042030-30,0.0010,17.15,no
2026-10-05T00:29:13.203951Z,KXBTC15M-26OCT042030-30,0.0020,49.64,yes
2026-10-05T00:29:13.233307Z,KXBTC15M-26OCT042030-30,0.0010,3.75,no
2026-10-05T00:29:13.235268Z,KXBTC15M-26OCT042030-30,0.0020,25.12,yes
2026-10-05T00:29:13.25798Z,KXBTC15M-26OCT042030-30,0.0010,22.78,no
2026-10-05T00:29:13.268813Z,KXBTC15M-26OCT042030-30,0.0010,1301.21,no
2026-10-05T00:29:13.269408Z,KXBTC15M-26OCT042030-30,0.0010,410.47,no
2026-10-05T00:29:13.288544Z,KXBTC15M-26OCT042030-30,0.0010,50.04,no
2026-10-05T00:29:13.291365Z,KXBTC15M-26OCT042030-30,0.0020,28.06,yes
2026-10-05T00:29:13.291365Z,KXBTC15M-26OCT042030-30,0.0020,54.39,yes
2026-10-05T00:29:13.423186Z,KXBTC15M-26OCT042030-30,0.0020,20.43,yes
2026-10-05T00:29:13.483519Z,KXBTC15M-26OCT042030-30,0.0020,1.29,yes
2026-10-05T00:29:13.483519Z,KXBTC15M-26OCT042030-30,0.0020,4.51,yes
2026-10-05T00:29:13.483519Z,KXBTC15M-26OCT042030-30,0.0020,62.61,yes
2026-10-05T00:29:13.483519Z,KXBTC15M-26OCT042030-30,0.0020,0.02,yes
2026-10-05T00:29:13.483519Z,KXBTC15M-26OCT042030-30,0.0020,0.01,yes
2026-10-05T00:29:13.483519Z,KXBTC15M-26OCT042030-30,0.0020,16.01,yes
2026-10-05T00:29:13.483519Z,KXBTC15M-26OCT042030-30,0.0020,38.84,yes
2026-10-05T00:29:13.483519Z,KXBTC15M-26OCT042030-30,0.0020,0.02,yes
2026-10-05T00:29:13.483519Z,KXBTC15M-26OCT042030-30,0.0020,21.79,yes
2026-10-05T00:29:13.483519Z,KXBTC15M-26OCT042030-30,0.0020,0.01,yes
2026-10-05T00:29:13.483519Z,KXBTC15M-26OCT042030-30,0.0020,3.00,yes
2026-10-05T00:29:13.483519Z,KXBTC15M-26OCT042030-30,0.0020,76.23,yes
2026-10-05T00:29:13.534844Z,KXBTC15M-26OCT042030-30,0.0020,54.33,yes
2026-10-05T00:29:13.534844Z,KXBTC15M-26OCT042030-30,0.0020,15.01,yes
2026-10-05T00:29:13.534844Z,KXBTC15M-26OCT042030-30,0.0020,14.16,yes
2026-10-05T00:29:13.569189Z,KXBTC15M-26OCT042030-30,0.0010,1484.00,no
2026-10-05T00:29:13.572552Z,KXBTC15M-26OCT042030-30,0.0020,44.87,yes
2026-10-05T00:29:13.578743Z,KXBTC15M-26OCT042030-30,0.0020,12.78,yes
2026-10-05T00:29:13.607107Z,KXBTC15M-26OCT042030-30,0.0020,17.15,yes
2026-10-05T00:29:13.607107Z,KXBTC15M-26OCT042030-30,0.0020,16.77,yes
2026-10-05T00:29:13.607107Z,KXBTC15M-26OCT042030-30,0.0020,8.13,yes
2026-10-05T00:29:13.607107Z,KXBTC15M-26OCT042030-30,0.0020,3.75,yes
2026-10-05T00:29:13.639197Z,KXBTC15M-26OCT042030-30,0.0020,59.15,yes
2026-10-05T00:29:13.639197Z,KXBTC15M-26OCT042030-30,0.0020,0.01,yes
2026-10-05T00:29:13.723604Z,KXBTC15M-26OCT042030-30,0.0020,21.57,yes
2026-10-05T00:29:13.754611Z,KXBTC15M-26OCT042030-30,0.0020,13.73,yes
2026-10-05T00:29:13.773132Z,KXBTC15M-26OCT042030-30,0.0020,240.63,yes
2026-10-05T00:29:13.792794Z,KXBTC15M-26OCT042030-30,0.0020,11.18,yes
2026-10-05T00:29:13.927795Z,KXBTC15M-26OCT042030-30,0.0010,1117.11,no
2026-10-05T00:29:13.928291Z,KXBTC15M-26OCT042030-30,0.0010,716.71,no
2026-10-05T00:29:13.939032Z,KXBTC15M-26OCT042030-30,0.0010,190.97,no
2026-10-05T00:29:13.958293Z,KXBTC15M-26OCT042030-30,0.0020,112.00,yes
2026-10-05T00:29:13.978298Z,KXBTC15M-26OCT042030-30,0.0020,6.03,yes
2026-10-05T00:29:14.037503Z,KXBTC15M-26OCT042030-30,0.0020,3.65,yes
2026-10-05T00:29:14.062297Z,KXBTC15M-26OCT042030-30,0.0010,12502.00,no
2026-10-05T00:29:14.091494Z,KXBTC15M-26OCT042030-30,0.0020,467.36,yes
2026-10-05T00:29:14.12365Z,KXBTC15M-26OCT042030-30,0.0020,1.35,yes
2026-10-05T00:29:14.125273Z,KXBTC15M-26OCT042030-30,0.0020,32.08,yes
2026-10-05T00:29:14.162398Z,KXBTC15M-26OCT042030-30,0.0010,25.02,no
2026-10-05T00:29:14.18189Z,KXBTC15M-26OCT042030-30,0.0020,916.02,yes
2026-10-05T00:29:14.196252Z,KXBTC15M-26OCT042030-30,0.0020,16.99,yes
2026-10-05T00:29:14.206768Z,KXBTC15M-26OCT042030-30,0.0020,53.16,yes
2026-10-05T00:29:14.214267Z,KXBTC15M-26OCT042030-30,0.0020,387.91,yes
2026-10-05T00:29:14.218557Z,KXBTC15M-26OCT042030-30,0.0020,247.69,yes
2026-10-05T00:29:14.366055Z,KXBTC15M-26OCT042030-30,0.0020,157.00,yes
2026-10-05T00:29:14.466588Z,KXBTC15M-26OCT042030-30,0.0020,458.01,yes
2026-10-05T00:29:14.467589Z,KXBTC15M-26OCT042030-30,0.0020,6.38,yes
2026-10-05T00:29:14.54388Z,KXBTC15M-26OCT042030-30,0.0020,508.00,yes
2026-10-05T00:29:14.550644Z,KXBTC15M-26OCT042030-30,0.0020,280.11,yes
2026-10-05T00:29:14.550644Z,KXBTC15M-26OCT042030-30,0.0020,635.91,yes
2026-10-05T00:29:14.569543Z,KXBTC15M-26OCT042030-30,0.0020,458.01,yes
2026-10-05T00:29:14.585658Z,KXBTC15M-26OCT042030-30,0.0010,150.13,no
2026-10-05T00:29:14.612722Z,KXBTC15M-26OCT042030-30,0.0020,5.96,yes
2026-10-05T00:29:14.636968Z,KXBTC15M-26OCT042030-30,0.0020,201.52,yes
2026-10-05T00:29:14.681687Z,KXBTC15M-26OCT042030-30,0.0010,161.69,no
2026-10-05T00:29:14.725063Z,KXBTC15M-26OCT042030-30,0.0010,358.65,no
2026-10-05T00:29:14.751998Z,KXBTC15M-26OCT042030-30,0.0020,1.00,yes
2026-10-05T00:29:14.888078Z,KXBTC15M-26OCT042030-30,0.0020,458.01,yes
2026-10-05T00:29:14.927158Z,KXBTC15M-26OCT042030-30,0.0010,60.05,no
2026-10-05T00:29:14.972278Z,KXBTC15M-26OCT042030-30,0.0020,458.01,yes
2026-10-05T00:29:14.981323Z,KXBTC15M-26OCT042030-30,0.0020,22.92,yes
2026-10-05T00:29:14.997671Z,KXBTC15M-26OCT042030-30,0.0010,600.55,no
2026-10-05T00:29:15.019372Z,KXBTC15M-26OCT042030-30,0.0020,63.00,yes
2026-10-05T00:29:15.067918Z,KXBTC15M-26OCT042030-30,0.0020,458.01,yes
2026-10-05T00:29:15.069538Z,KXBTC15M-26OCT042030-30,0.0020,64.13,yes
2026-10-05T00:29:15.114677Z,KXBTC15M-26OCT042030-30,0.0020,22.00,yes
2026-10-05T00:29:15.116776Z,KXBTC15M-26OCT042030-30,0.0010,10.47,no
2026-10-05T00:29:15.133746Z,KXBTC15M-26OCT042030-30,0.0010,61.47,no
2026-10-05T00:29:15.143393Z,KXBTC15M-26OCT042030-30,0.0020,51.12,yes
2026-10-05T00:29:15.224065Z,KXBTC15M-26OCT042030-30,0.0020,874.45,yes
2026-10-05T00:29:15.228694Z,KXBTC15M-26OCT042030-30,0.0010,17.61,no
2026-10-05T00:29:15.293251Z,KXBTC15M-26OCT042030-30,0.0020,16.21,yes
2026-10-05T00:29:15.295649Z,KXBTC15M-26OCT042030-30,0.0020,18.69,yes
2026-10-05T00:29:15.320748Z,KXBTC15M-26OCT042030-30,0.0020,14.10,yes
2026-10-05T00:29:15.341167Z,KXBTC15M-26OCT042030-30,0.0010,2.73,no
2026-10-05T00:29:15.373821Z,KXBTC15M-26OCT042030-30,0.0020,2290.05,yes
2026-10-05T00:29:15.444685Z,KXBTC15M-26OCT042030-30,0.0010,2839.96,no
2026-10-05T00:29:15.446624Z,KXBTC15M-26OCT042030-30,0.0020,3.52,yes
2026-10-05T00:29:15.510926Z,KXBTC15M-26OCT042030-30,0.0020,5.91,yes
2026-10-05T00:29:15.545982Z,KXBTC15M-26OCT042030-30,0.0010,80.07,no
2026-10-05T00:29:15.5687Z,KXBTC15M-26OCT042030-30,0.0010,0.35,no
2026-10-05T00:29:15.59187Z,KXBTC15M-26OCT042030-30,0.0020,934.89,yes
2026-10-05T00:29:15.647517Z,KXBTC15M-26OCT042030-30,0.0010,191.17,no
2026-10-05T00:29:15.649931Z,KXBTC15M-26OCT042030-30,0.0010,59.00,no
2026-10-05T00:29:15.653311Z,KXBTC15M-26OCT042030-30,0.0010,10.00,no
2026-10-05T00:29:15.718054Z,KXBTC15M-26OCT042030-30,0.0010,0.02,no
2026-10-05T00:29:15.772808Z,KXBTC15M-26OCT042030-30,0.0020,7.00,yes
2026-10-05T00:29:15.796794Z,KXBTC15M-26OCT042030-30,0.0020,47.78,yes
2026-10-05T00:29:15.818183Z,KXBTC15M-26OCT042030-30,0.0010,0.44,no
2026-10-05T00:29:15.874345Z,KXBTC15M-26OCT042030-30,0.0020,635.59,yes
2026-10-05T00:29:15.928345Z,KXBTC15M-26OCT042030-30,0.0020,89.75,yes
2026-10-05T00:29:15.931189Z,KXBTC15M-26OCT042030-30,0.0020,6.09,yes
2026-10-05T00:29:15.993738Z,KXBTC15M-26OCT042030-30,0.0020,476.00,yes
2026-10-05T00:29:16.033465Z,KXBTC15M-26OCT042030-30,0.0010,1.01,no
2026-10-05T00:29:16.048912Z,KXBTC15M-26OCT042030-30,0.0020,10.97,yes
2026-10-05T00:29:16.050381Z,KXBTC15M-26OCT042030-30,0.0020,1117.11,yes
2026-10-05T00:29:16.050381Z,KXBTC15M-26OCT042030-30,0.0020,0.01,yes
2026-10-05T00:29:16.050381Z,KXBTC15M-26OCT042030-30,0.0020,716.71,yes
2026-10-05T00:29:16.050381Z,KXBTC15M-26OCT042030-30,0.0020,922.00,yes
2026-10-05T00:29:16.050381Z,KXBTC15M-26OCT042030-30,0.0020,253.28,yes
2026-10-05T00:29:16.0913Z,KXBTC15M-26OCT042030-30,0.0020,43.10,yes
2026-10-05T00:29:16.105968Z,KXBTC15M-26OCT042030-30,0.0010,4500.00,no
2026-10-05T00:29:16.149527Z,KXBTC15M-26OCT042030-30,0.0010,25.02,no
2026-10-05T00:29:16.159114Z,KXBTC15M-26OCT042030-30,0.0010,10.00,no
2026-10-05T00:29:16.180163Z,KXBTC15M-26OCT042030-30,0.0010,20000.00,no
2026-10-05T00:29:16.180163Z,KXBTC15M-26OCT042030-30,0.0010,17237.98,no
2026-10-05T00:29:16.180163Z,KXBTC15M-26OCT042030-30,0.0010,62761.02,no
2026-10-05T00:29:16.188823Z,KXBTC15M-26OCT042030-30,0.0010,2762.02,no
2026-10-05T00:29:16.188823Z,KXBTC15M-26OCT042030-30,0.0010,77.94,no
2026-10-05T00:29:16.188867Z,KXBTC15M-26OCT042030-30,0.0010,25.02,no
2026-10-05T00:29:16.189014Z,KXBTC15M-26OCT042030-30,0.0010,97.04,no
2026-10-05T00:29:16.189014Z,KXBTC15M-26OCT042030-30,0.0010,261.61,no
2026-10-05T00:29:16.189088Z,KXBTC15M-26OCT042030-30,0.0010,410.47,no
2026-10-05T00:29:16.189133Z,KXBTC15M-26OCT042030-30,0.0010,60.05,no
2026-10-05T00:29:16.189144Z,KXBTC15M-26OCT042030-30,0.0010,61.47,no
2026-10-05T00:29:16.189219Z,KXBTC15M-26OCT042030-30,0.0010,518.90,no
2026-10-05T00:29:16.189282Z,KXBTC15M-26OCT042030-30,0.0010,785.00,no
2026-10-05T00:29:16.189282Z,KXBTC15M-26OCT042030-30,0.0010,687.50,no
2026-10-05T00:29:16.189282Z,KXBTC15M-26OCT042030-30,0.0010,100.00,no
2026-10-05T00:29:16.189282Z,KXBTC15M-26OCT042030-30,0.0010,200.00,no
2026-10-05T00:29:16.189282Z,KXBTC15M-26OCT042030-30,0.0010,200.00,no
2026-10-05T00:29:16.189282Z,KXBTC15M-26OCT042030-30,0.0010,1.00,no
2026-10-05T00:29:16.189282Z,KXBTC15M-26OCT042030-30,0.0010,1.00,no
2026-10-05T00:29:16.189282Z,KXBTC15M-26OCT042030-30,0.0010,120.00,no
2026-10-05T00:29:16.189282Z,KXBTC15M-26OCT042030-30,0.0010,10.00,no
2026-10-05T00:29:16.189282Z,KXBTC15M-26OCT042030-30,0.0010,50.00,no
2026-10-05T00:29:16.189282Z,KXBTC15M-26OCT042030-30,0.0010,1.00,no
2026-10-05T00:29:16.189282Z,KXBTC15M-26OCT042030-30,0.0010,131.00,no
2026-10-05T00:29:16.189282Z,KXBTC15M-26OCT042030-30,0.0010,21.00,no
2026-10-05T00:29:16.189282Z,KXBTC15M-26OCT042030-30,0.0010,10.83,no
2026-10-05T00:29:16.189282Z,KXBTC15M-26OCT042030-30,0.0010,75.00,no
2026-10-05T00:29:16.189282Z,KXBTC15M-26OCT042030-30,0.0010,75.00,no
2026-10-05T00:29:16.189282Z,KXBTC15M-26OCT042030-30,0.0010,75.00,no
2026-10-05T00:29:16.189282Z,KXBTC15M-26OCT042030-30,0.0010,25.00,no
2026-10-05T00:29:16.189282Z,KXBTC15M-26OCT042030-30,0.0010,2392.36,no
2026-10-05T00:29:16.189282Z,KXBTC15M-26OCT042030-30,0.0010,10.00,no
2026-10-05T00:29:16.189282Z,KXBTC15M-26OCT042030-30,0.0010,7471.31,no
2026-10-05T00:29:16.189282Z,KXBTC15M-26OCT042030-30,0.0010,10.00,no
2026-10-05T00:29:16.189282Z,KXBTC15M-26OCT042030-30,0.0010,50.00,no
2026-10-05T00:29:16.189332Z,KXBTC15M-26OCT042030-30,0.0010,190.97,no
2026-10-05T00:29:16.189432Z,KXBTC15M-26OCT042030-30,0.0010,161.69,no
2026-10-05T00:29:16.189441Z,KXBTC15M-26OCT042030-30,0.0010,600.55,no
2026-10-05T00:29:16.189446Z,KXBTC15M-26OCT042030-30,0.0010,59.00,no
2026-10-05T00:29:16.189451Z,KXBTC15M-26OCT042030-30,0.0010,80.07,no
2026-10-05T00:29:16.189739Z,KXBTC15M-26OCT042030-30,0.0010,50.04,no
2026-10-05T00:29:16.189753Z,KXBTC15M-26OCT042030-30,0.0010,77.65,no
2026-10-05T00:29:16.190359Z,KXBTC15M-26OCT042030-30,0.0010,1301.21,no
2026-10-05T00:29:16.190365Z,KXBTC15M-26OCT042030-30,0.0010,7.51,no
2026-10-05T00:29:16.190365Z,KXBTC15M-26OCT042030-30,0.0010,183.66,no
2026-10-05T00:29:16.19084Z,KXBTC15M-26OCT042030-30,0.0010,150.13,no
2026-10-05T00:29:16.190952Z,KXBTC15M-26OCT042030-30,0.0010,4500.00,no
2026-10-05T00:29:16.190977Z,KXBTC15M-26OCT042030-30,0.0010,51.81,no
2026-10-05T00:29:16.19798Z,KXBTC15M-26OCT042030-30,0.0010,5114.40,no
2026-10-05T00:29:16.19798Z,KXBTC15M-26OCT042030-30,0.0010,1500.00,no
2026-10-05T00:29:16.19798Z,KXBTC15M-26OCT042030-30,0.0010,250.00,no
2026-10-05T00:29:16.19798Z,KXBTC15M-26OCT042030-30,0.0010,4000.00,no
2026-10-05T00:29:16.19798Z,KXBTC15M-26OCT042030-30,0.0010,67.00,no
2026-10-05T00:29:16.19798Z,KXBTC15M-26OCT042030-30,0.0010,0.01,no
2026-10-05T00:29:16.19798Z,KXBTC15M-26OCT042030-30,0.0010,10.00,no
2026-10-05T00:29:16.19798Z,KXBTC15M-26OCT042030-30,0.0010,40.00,no
2026-10-05T00:29:16.19798Z,KXBTC15M-26OCT042030-30,0.0010,10.00,no
2026-10-05T00:29:16.19798Z,KXBTC15M-26OCT042030-30,0.0010,38.72,no
2026-10-05T00:29:16.19798Z,KXBTC15M-26OCT042030-30,0.0010,20.00,no
2026-10-05T00:29:16.19798Z,KXBTC15M-26OCT042030-30,0.0010,0.01,no
2026-10-05T00:29:16.19798Z,KXBTC15M-26OCT042030-30,0.0010,500.00,no
2026-10-05T00:29:16.315774Z,KXBTC15M-26OCT042030-30,0.0010,8048.63,yes
2026-10-05T00:29:16.319513Z,KXBTC15M-26OCT042030-30,0.0010,54.48,yes
2026-10-05T00:29:16.385876Z,KXBTC15M-26OCT042030-30,0.0010,71.00,yes
2026-10-05T00:29:16.422487Z,KXBTC15M-26OCT042030-30,0.0010,5.00,yes
2026-10-05T00:29:16.572458Z,KXBTC15M-26OCT042030-30,0.0010,61.91,yes
2026-10-05T00:29:16.686132Z,KXBTC15M-26OCT042030-30,0.0010,15.00,yes
2026-10-05T00:29:16.760646Z,KXBTC15M-26OCT042030-30,0.0010,9.53,yes
2026-10-05T00:29:16.764018Z,KXBTC15M-26OCT042030-30,0.0010,500.00,yes
2026-10-05T00:29:16.863291Z,KXBTC15M-26OCT042030-30,0.0010,4.09,yes
2026-10-05T00:29:16.875002Z,KXBTC15M-26OCT042030-30,0.0010,6.00,yes
2026-10-05T00:29:16.887411Z,KXBTC15M-26OCT042030-30,0.0010,2.81,yes
2026-10-05T00:29:16.931743Z,KXBTC15M-26OCT042030-30,0.0010,73.29,yes
2026-10-05T00:29:17.094151Z,KXBTC15M-26OCT042030-30,0.0010,1.00,yes
2026-10-05T00:29:17.127758Z,KXBTC15M-26OCT042030-30,0.0010,27478.50,yes
2026-10-05T00:29:17.251245Z,KXBTC15M-26OCT042030-30,0.0010,3.40,yes
2026-10-05T00:29:17.289353Z,KXBTC15M-26OCT042030-30,0.0010,7.98,yes
2026-10-05T00:29:17.34192Z,KXBTC15M-26OCT042030-30,0.0010,4579.77,yes
2026-10-05T00:29:17.350828Z,KXBTC15M-26OCT042030-30,0.0010,2747.91,yes
2026-10-05T00:29:17.359864Z,KXBTC15M-26OCT042030-30,0.0010,4437.92,yes
2026-10-05T00:29:17.359864Z,KXBTC15M-26OCT042030-30,0.0010,7540.58,yes
2026-10-05T00:29:17.393259Z,KXBTC15M-26OCT042030-30,0.0010,915.99,yes
2026-10-05T00:29:17.448909Z,KXBTC15M-26OCT042030-30,0.0010,915.99,yes
2026-10-05T00:29:17.479168Z,KXBTC15M-26OCT042030-30,0.0010,98.52,yes
2026-10-05T00:29:17.533447Z,KXBTC15M-26OCT042030-30,0.0010,14.53,yes
2026-10-05T00:29:17.545596Z,KXBTC15M-26OCT042030-30,0.0010,82.00,yes
2026-10-05T00:29:17.667158Z,KXBTC15M-26OCT042030-30,0.0010,92.41,yes
2026-10-05T00:29:17.671552Z,KXBTC15M-26OCT042030-30,0.0010,915.99,yes
2026-10-05T00:29:17.713977Z,KXBTC15M-26OCT042030-30,0.0010,10.01,yes
2026-10-05T00:29:17.788938Z,KXBTC15M-26OCT042030-30,0.0010,251.78,yes
2026-10-05T00:29:17.822258Z,KXBTC15M-26OCT042030-30,0.0010,114.00,yes
2026-10-05T00:29:17.842348Z,KXBTC15M-26OCT042030-30,0.0010,4.97,yes
2026-10-05T00:29:17.853978Z,KXBTC15M-26OCT042030-30,0.0010,71.76,yes
2026-10-05T00:29:18.061581Z,KXBTC15M-26OCT042030-30,0.0010,261.69,yes
2026-10-05T00:29:18.099002Z,KXBTC15M-26OCT042030-30,0.0010,38.68,yes
2026-10-05T00:29:18.163824Z,KXBTC15M-26OCT042030-30,0.0010,232.07,yes
2026-10-05T00:29:18.207634Z,KXBTC15M-26OCT042030-30,0.0010,47.14,yes
2026-10-05T00:29:18.232236Z,KXBTC15M-26OCT042030-30,0.0010,55.25,yes
2026-10-05T00:29:18.297568Z,KXBTC15M-26OCT042030-30,0.0010,1502.23,yes
2026-10-05T00:29:18.36148Z,KXBTC15M-26OCT042030-30,0.0010,44.20,yes
2026-10-05T00:29:18.43126Z,KXBTC15M-26OCT042030-30,0.0010,6.08,yes
2026-10-05T00:29:18.473382Z,KXBTC15M-26OCT042030-30,0.0010,91.62,yes
2026-10-05T00:29:18.595509Z,KXBTC15M-26OCT042030-30,0.0010,18.02,yes
2026-10-05T00:29:18.729459Z,KXBTC15M-26OCT042030-30,0.0010,11.16,yes
2026-10-05T00:29:18.750775Z,KXBTC15M-26OCT042030-30,0.0010,154.00,yes
2026-10-05T00:29:18.750775Z,KXBTC15M-26OCT042030-30,0.0010,81.00,yes
2026-10-05T00:29:18.750775Z,KXBTC15M-26OCT042030-30,0.0010,857.00,yes
2026-10-05T00:29:18.750775Z,KXBTC15M-26OCT042030-30,0.0010,80.00,yes
2026-10-05T00:29:18.750775Z,KXBTC15M-26OCT042030-30,0.0010,750.00,yes
2026-10-05T00:29:18.750775Z,KXBTC15M-26OCT042030-30,0.0010,387.01,yes
2026-10-05T00:29:18.750775Z,KXBTC15M-26OCT042030-30,0.0010,2005.51,yes
2026-10-05T00:29:18.750775Z,KXBTC15M-26OCT042030-30,0.0010,15.00,yes
2026-10-05T00:29:18.750775Z,KXBTC15M-26OCT042030-30,0.0010,250.25,yes
2026-10-05T00:29:18.754364Z,KXBTC15M-26OCT042030-30,0.0010,500.93,yes
2026-10-05T00:29:18.796813Z,KXBTC15M-26OCT042030-30,0.0010,295.98,yes
2026-10-05T00:29:18.92353Z,KXBTC15M-26OCT042030-30,0.0010,3.32,yes
2026-10-05T00:29:18.96883Z,KXBTC15M-26OCT042030-30,0.0010,8.81,yes
2026-10-05T00:29:19.10558Z,KXBTC15M-26OCT042030-30,0.0010,4.02,yes
2026-10-05T00:29:19.129212Z,KXBTC15M-26OCT042030-30,0.0010,1831.90,yes
2026-10-05T00:29:19.240779Z,KXBTC15M-26OCT042030-30,0.0010,0.02,yes
2026-10-05T00:29:19.319864Z,KXBTC15M-26OCT042030-30,0.0010,281.49,yes
2026-10-05T00:29:19.319864Z,KXBTC15M-26OCT042030-30,0.0010,3.00,yes
2026-10-05T00:29:19.319864Z,KXBTC15M-26OCT042030-30,0.0010,16.90,yes
2026-10-05T00:29:19.338626Z,KXBTC15M-26OCT042030-30,0.0010,915.99,yes
2026-10-05T00:29:19.369823Z,KXBTC15M-26OCT042030-30,0.0010,9.34,yes
2026-10-05T00:29:19.373811Z,KXBTC15M-26OCT042030-30,0.0010,91.62,yes
2026-10-05T00:29:19.492694Z,KXBTC15M-26OCT042030-30,0.0010,5.57,yes
2026-10-05T00:29:19.504515Z,KXBTC15M-26OCT042030-30,0.0010,47.98,yes
2026-10-05T00:29:19.614318Z,KXBTC15M-26OCT042030-30,0.0010,12.47,yes
2026-10-05T00:29:19.683311Z,KXBTC15M-26OCT042030-30,0.0010,29.64,yes
2026-10-05T00:29:19.689343Z,KXBTC15M-26OCT042030-30,0.0010,4.47,yes
2026-10-05T00:29:19.764492Z,KXBTC15M-26OCT042030-30,0.0010,915.99,yes
2026-10-05T00:29:19.911743Z,KXBTC15M-26OCT042030-30,0.0010,38.71,yes
2026-10-05T00:29:19.959264Z,KXBTC15M-26OCT042030-30,0.0010,127.81,yes
2026-10-05T00:29:19.964656Z,KXBTC15M-26OCT042030-30,0.0010,8.81,yes
2026-10-05T00:29:20.01956Z,KXBTC15M-26OCT042030-30,0.0010,542.09,yes
2026-10-05T00:29:20.095109Z,KXBTC15M-26OCT042030-30,0.0010,47.14,yes
2026-10-05T00:29:20.18953Z,KXBTC15M-26OCT042030-30,0.0010,4579.77,yes
2026-10-05T00:29:20.234204Z,KXBTC15M-26OCT042030-30,0.0010,14.25,yes
2026-10-05T00:29:20.330286Z,KXBTC15M-26OCT042030-30,0.0010,19.00,yes
2026-10-05T00:29:20.403157Z,KXBTC15M-26OCT042030-30,0.0010,120.43,yes
2026-10-05T00:29:20.449031Z,KXBTC15M-26OCT042030-30,0.0010,13.60,yes
2026-10-05T00:29:20.461953Z,KXBTC15M-26OCT042030-30,0.0010,222.00,yes
2026-10-05T00:29:20.479216Z,KXBTC15M-26OCT042030-30,0.0010,915.99,yes
2026-10-05T00:29:20.596602Z,KXBTC15M-26OCT042030-30,0.0010,84.00,yes
2026-10-05T00:29:20.676401Z,KXBTC15M-26OCT042030-30,0.0010,9.39,yes
2026-10-05T00:29:20.690912Z,KXBTC15M-26OCT042030-30,0.0010,114.97,yes
2026-10-05T00:29:20.799109Z,KXBTC15M-26OCT042030-30,0.0010,19.95,yes
2026-10-05T00:29:21.023725Z,KXBTC15M-26OCT042030-30,0.0010,12.53,yes
2026-10-05T00:29:21.046444Z,KXBTC15M-26OCT042030-30,0.0010,226.42,yes
2026-10-05T00:29:21.063485Z,KXBTC15M-26OCT042030-30,0.0010,10.29,yes
2026-10-05T00:29:21.401588Z,KXBTC15M-26OCT042030-30,0.0010,73.14,yes
2026-10-05T00:29:21.440791Z,KXBTC15M-26OCT042030-30,0.0010,210.00,yes
2026-10-05T00:29:21.47346Z,KXBTC15M-26OCT042030-30,0.0010,1831.90,yes
2026-10-05T00:29:21.564525Z,KXBTC15M-26OCT042030-30,0.0010,162.18,yes
2026-10-05T00:29:21.721221Z,KXBTC15M-26OCT042030-30,0.0010,340.00,yes
2026-10-05T00:29:22.02917Z,KXBTC15M-26OCT042030-30,0.0010,24.94,yes
2026-10-05T00:29:22.064047Z,KXBTC15M-26OCT042030-30,0.0010,9.20,yes
2026-10-05T00:29:22.36132Z,KXBTC15M-26OCT042030-30,0.0010,200.00,yes
2026-10-05T00:29:22.454877Z,KXBTC15M-26OCT042030-30,0.0010,8.97,yes
2026-10-05T00:29:22.481178Z,KXBTC15M-26OCT042030-30,0.0010,186.99,yes
2026-10-05T00:29:22.570902Z,KXBTC15M-26OCT042030-30,0.0010,1794.51,yes
2026-10-05T00:29:22.703353Z,KXBTC15M-26OCT042030-30,0.0010,536.08,yes
2026-10-05T00:29:22.941354Z,KXBTC15M-26OCT042030-30,0.0010,21.99,yes
2026-10-05T00:29:23.010434Z,KXBTC15M-26OCT042030-30,0.0010,242.00,yes
2026-10-05T00:29:23.067053Z,KXBTC15M-26OCT042030-30,0.0010,0.58,yes
2026-10-05T00:29:23.179561Z,KXBTC15M-26OCT042030-30,0.0010,915.99,yes
2026-10-05T00:29:23.272622Z,KXBTC15M-26OCT042030-30,0.0010,3.20,yes
2026-10-05T00:29:23.298022Z,KXBTC15M-26OCT042030-30,0.0010,133.00,yes
2026-10-05T00:29:23.336176Z,KXBTC15M-26OCT042030-30,0.0010,915.99,yes
2026-10-05T00:29:23.396105Z,KXBTC15M-26OCT042030-30,0.0010,311.59,yes
2026-10-05T00:29:23.476521Z,KXBTC15M-26OCT042030-30,0.0010,5.83,yes
2026-10-05T00:29:23.507458Z,KXBTC15M-26OCT042030-30,0.0010,915.99,yes
2026-10-05T00:29:23.573186Z,KXBTC15M-26OCT042030-30,0.0010,1373.95,yes
2026-10-05T00:29:23.609342Z,KXBTC15M-26OCT042030-30,0.0010,902.08,yes
2026-10-05T00:29:23.626652Z,KXBTC15M-26OCT042030-30,0.0010,118.02,yes
2026-10-05T00:29:23.689339Z,KXBTC15M-26OCT042030-30,0.0010,3.91,yes
2026-10-05T00:29:23.697454Z,KXBTC15M-26OCT042030-30,0.0010,151.15,yes
2026-10-05T00:29:23.855185Z,KXBTC15M-26OCT042030-30,0.0010,4.92,yes
2026-10-05T00:29:23.907127Z,KXBTC15M-26OCT042030-30,0.0010,9.20,yes
2026-10-05T00:29:23.934345Z,KXBTC15M-26OCT042030-30,0.0010,14.79,yes
2026-10-05T00:29:24.03206Z,KXBTC15M-26OCT042030-30,0.0010,14.00,yes
2026-10-05T00:29:24.055133Z,KXBTC15M-26OCT042030-30,0.0010,26.26,yes
2026-10-05T00:29:24.109462Z,KXBTC15M-26OCT042030-30,0.0010,91.62,yes
2026-10-05T00:29:24.363867Z,KXBTC15M-26OCT042030-30,0.0010,915.99,yes
2026-10-05T00:29:24.399908Z,KXBTC15M-26OCT042030-30,0.0010,29.17,yes
2026-10-05T00:29:24.401293Z,KXBTC15M-26OCT042030-30,0.0010,1.12,yes
2026-10-05T00:29:24.433601Z,KXBTC15M-26OCT042030-30,0.0010,10.19,yes
2026-10-05T00:29:24.610785Z,KXBTC15M-26OCT042030-30,0.0010,215.47,yes
2026-10-05T00:29:24.826866Z,KXBTC15M-26OCT042030-30,0.0010,91.62,yes
2026-10-05T00:29:24.862854Z,KXBTC15M-26OCT042030-30,0.0010,1.80,yes
2026-10-05T00:29:24.968173Z,KXBTC15M-26OCT042030-30,0.0010,915.99,yes
2026-10-05T00:29:24.983996Z,KXBTC15M-26OCT042030-30,0.0010,41.89,yes
2026-10-05T00:29:25.02431Z,KXBTC15M-26OCT042030-30,0.0010,14.00,yes
2026-10-05T00:29:25.323192Z,KXBTC15M-26OCT042030-30,0.0010,141.17,yes
2026-10-05T00:29:25.416143Z,KXBTC15M-26OCT042030-30,0.0010,91.62,yes
2026-10-05T00:29:25.416972Z,KXBTC15M-26OCT042030-30,0.0010,32.85,yes
2026-10-05T00:29:25.476221Z,KXBTC15M-26OCT042030-30,0.0010,314.00,yes
2026-10-05T00:29:25.48043Z,KXBTC15M-26OCT042030-30,0.0010,18.18,yes
2026-10-05T00:29:25.49065Z,KXBTC15M-26OCT042030-30,0.0010,2.89,yes
2026-10-05T00:29:25.501826Z,KXBTC15M-26OCT042030-30,0.0010,78.84,yes
2026-10-05T00:29:25.561505Z,KXBTC15M-26OCT042030-30,0.0010,4.99,yes
2026-10-05T00:29:25.599474Z,KXBTC15M-26OCT042030-30,0.0010,915.99,yes
2026-10-05T00:29:25.737001Z,KXBTC15M-26OCT042030-30,0.0010,200.22,yes
2026-10-05T00:29:25.766373Z,KXBTC15M-26OCT042030-30,0.0010,6.81,yes
2026-10-05T00:29:25.932991Z,KXBTC15M-26OCT042030-30,0.0010,7.29,yes
2026-10-05T00:29:26.193963Z,KXBTC15M-26OCT042030-30,0.0010,771.00,yes
2026-10-05T00:29:26.232092Z,KXBTC15M-26OCT042030-30,0.0010,5.14,yes
2026-10-05T00:29:26.336156Z,KXBTC15M-26OCT042030-30,0.0010,18.68,yes
2026-10-05T00:29:26.483591Z,KXBTC15M-26OCT042030-30,0.0010,3.00,yes
2026-10-05T00:29:26.607951Z,KXBTC15M-26OCT042030-30,0.0010,108.00,yes
2026-10-05T00:29:26.700848Z,KXBTC15M-26OCT042030-30,0.0010,346.47,yes
2026-10-05T00:29:26.733782Z,KXBTC15M-26OCT042030-30,0.0010,1.39,yes
2026-10-05T00:29:26.749185Z,KXBTC15M-26OCT042030-30,0.0010,1.00,yes
2026-10-05T00:29:26.802258Z,KXBTC15M-26OCT042030-30,0.0010,15.00,yes
2026-10-05T00:29:27.091612Z,KXBTC15M-26OCT042030-30,0.0010,200.00,yes
2026-10-05T00:29:27.09632Z,KXBTC15M-26OCT042030-30,0.0010,2.79,yes
2026-10-05T00:29:27.29325Z,KXBTC15M-26OCT042030-30,0.0010,522.13,yes
2026-10-05T00:29:27.321834Z,KXBTC15M-26OCT042030-30,0.0010,2.55,yes
2026-10-05T00:29:27.538026Z,KXBTC15M-26OCT042030-30,0.0010,79.44,yes
2026-10-05T00:29:27.607267Z,KXBTC15M-26OCT042030-30,0.0010,142.29,yes
2026-10-05T00:29:27.676451Z,KXBTC15M-26OCT042030-30,0.0010,8.59,yes
2026-10-05T00:29:27.842129Z,KXBTC15M-26OCT042030-30,0.0010,5.00,yes
2026-10-05T00:29:27.852353Z,KXBTC15M-26OCT042030-30,0.0010,1.00,yes
2026-10-05T00:29:27.913426Z,KXBTC15M-26OCT042030-30,0.0010,9.82,yes
2026-10-05T00:29:28.129645Z,KXBTC15M-26OCT042030-30,0.0010,30.52,yes
2026-10-05T00:29:28.302026Z,KXBTC15M-26OCT042030-30,0.0010,18319.03,yes
2026-10-05T00:29:28.354473Z,KXBTC15M-26OCT042030-30,0.0010,74.32,yes
2026-10-05T00:29:28.411871Z,KXBTC15M-26OCT042030-30,0.0010,32.85,yes
2026-10-05T00:29:28.465932Z,KXBTC15M-26OCT042030-30,0.0010,18.28,yes
2026-10-05T00:29:28.707357Z,KXBTC15M-26OCT042030-30,0.0010,6.00,yes
2026-10-05T00:29:28.79303Z,KXBTC15M-26OCT042030-30,0.0010,6.72,yes
2026-10-05T00:29:28.948387Z,KXBTC15M-26OCT042030-30,0.0010,0.03,yes
2026-10-05T00:29:29.37496Z,KXBTC15M-26OCT042030-30,0.0010,1831.90,yes
2026-10-05T00:29:29.516347Z,KXBTC15M-26OCT042030-30,0.0010,9.20,yes
2026-10-05T00:29:29.545391Z,KXBTC15M-26OCT042030-30,0.0010,2.87,yes
2026-10-05T00:29:29.600619Z,KXBTC15M-26OCT042030-30,0.0010,56.81,yes
2026-10-05T00:29:29.753154Z,KXBTC15M-26OCT042030-30,0.0010,4.35,yes
2026-10-05T00:29:29.79257Z,KXBTC15M-26OCT042030-30,0.0010,915.99,yes
2026-10-05T00:29:30.053317Z,KXBTC15M-26OCT042030-30,0.0010,915.99,yes
2026-10-05T00:29:30.16711Z,KXBTC15M-26OCT042030-30,0.0010,1.00,yes
2026-10-05T00:29:30.248827Z,KXBTC15M-26OCT042030-30,0.0010,483.08,yes
2026-10-05T00:29:30.248827Z,KXBTC15M-26OCT042030-30,0.0010,432.91,yes
2026-10-05T00:29:30.274435Z,KXBTC15M-26OCT042030-30,0.0010,132.00,yes
2026-10-05T00:29:30.411563Z,KXBTC15M-26OCT042030-30,0.0010,1.45,yes
2026-10-05T00:29:30.515915Z,KXBTC15M-26OCT042030-30,0.0010,1199.90,yes
2026-10-05T00:29:30.735735Z,KXBTC15M-26OCT042030-30,0.0010,500.00,yes
2026-10-05T00:29:30.745614Z,KXBTC15M-26OCT042030-30,0.0010,319.11,yes
2026-10-05T00:29:30.841038Z,KXBTC15M-26OCT042030-30,0.0010,915.99,yes
2026-10-05T00:29:30.842586Z,KXBTC15M-26OCT042030-30,0.0010,450.00,yes
2026-10-05T00:29:31.232523Z,KXBTC15M-26OCT042030-30,0.0010,155.71,yes
2026-10-05T00:29:31.255575Z,KXBTC15M-26OCT042030-30,0.0010,10.00,yes
2026-10-05T00:29:31.325458Z,KXBTC15M-26OCT042030-30,0.0010,915.99,yes
2026-10-05T00:29:31.333393Z,KXBTC15M-26OCT042030-30,0.0010,0.10,yes
2026-10-05T00:29:31.456835Z,KXBTC15M-26OCT042030-30,0.0010,485.48,yes
2026-10-05T00:29:31.630856Z,KXBTC15M-26OCT042030-30,0.0010,72.00,yes
2026-10-05T00:29:31.713016Z,KXBTC15M-26OCT042030-30,0.0010,18.28,yes
2026-10-05T00:29:31.927618Z,KXBTC15M-26OCT042030-30,0.0010,4579.77,yes
2026-10-05T00:29:32.08214Z,KXBTC15M-26OCT042030-30,0.0010,1.00,yes
2026-10-05T00:29:32.122511Z,KXBTC15M-26OCT042030-30,0.0010,1.17,yes
2026-10-05T00:29:32.440887Z,KXBTC15M-26OCT042030-30,0.0010,12.30,yes
2026-10-05T00:29:32.57064Z,KXBTC15M-26OCT042030-30,0.0010,19.50,yes
2026-10-05T00:29:32.708017Z,KXBTC15M-26OCT042030-30,0.0010,54.96,yes
2026-10-05T00:29:32.820615Z,KXBTC15M-26OCT042030-30,0.0010,5.38,yes
2026-10-05T00:29:32.872229Z,KXBTC15M-26OCT042030-30,0.0010,915.99,yes
2026-10-05T00:29:32.932752Z,KXBTC15M-26OCT042030-30,0.0010,30.12,yes
2026-10-05T00:29:32.970278Z,KXBTC15M-26OCT042030-30,0.0010,915.99,yes
2026-10-05T00:29:33.109199Z,KXBTC15M-26OCT042030-30,0.0010,1.64,yes
2026-10-05T00:29:33.346526Z,KXBTC15M-26OCT042030-30,0.0010,1.42,yes
2026-10-05T00:29:33.352478Z,KXBTC15M-26OCT042030-30,0.0010,19.00,yes
2026-10-05T00:29:33.39857Z,KXBTC15M-26OCT042030-30,0.0010,1.79,yes
2026-10-05T00:29:33.418982Z,KXBTC15M-26OCT042030-30,0.0010,50.00,yes
2026-10-05T00:29:33.452647Z,KXBTC15M-26OCT042030-30,0.0010,915.99,yes
2026-10-05T00:29:33.511787Z,KXBTC15M-26OCT042030-30,0.0010,22.88,yes
2026-10-05T00:29:33.663628Z,KXBTC15M-26OCT042030-30,0.0010,2.58,yes
2026-10-05T00:29:33.839568Z,KXBTC15M-26OCT042030-30,0.0010,4.98,yes
2026-10-05T00:29:33.886835Z,KXBTC15M-26OCT042030-30,0.0010,45.85,yes
2026-10-05T00:29:34.071681Z,KXBTC15M-26OCT042030-30,0.0010,451.00,yes
2026-10-05T00:29:34.247929Z,KXBTC15M-26OCT042030-30,0.0010,4.14,yes
2026-10-05T00:29:34.380214Z,KXBTC15M-26OCT042030-30,0.0010,1.16,yes
2026-10-05T00:29:34.389872Z,KXBTC15M-26OCT042030-30,0.0010,8.55,yes
2026-10-05T00:29:34.519855Z,KXBTC15M-26OCT042030-30,0.0010,15.38,yes
2026-10-05T00:29:34.532151Z,KXBTC15M-26OCT042030-30,0.0010,50.79,yes
2026-10-05T00:29:34.540147Z,KXBTC15M-26OCT042030-30,0.0010,4.28,yes
2026-10-05T00:29:34.866524Z,KXBTC15M-26OCT042030-30,0.0010,915.99,yes
2026-10-05T00:29:34.981518Z,KXBTC15M-26OCT042030-30,0.0010,21.28,yes
2026-10-05T00:29:34.984674Z,KXBTC15M-26OCT042030-30,0.0010,915.99,yes
2026-10-05T00:29:35.053369Z,KXBTC15M-26OCT042030-30,0.0010,89.20,yes
2026-10-05T00:29:35.05474Z,KXBTC15M-26OCT042030-30,0.0010,1831.90,yes
2026-10-05T00:29:35.177086Z,KXBTC15M-26OCT042030-30,0.0010,5.00,yes
2026-10-05T00:29:35.222614Z,KXBTC15M-26OCT042030-30,0.0010,458.04,yes
2026-10-05T00:29:35.324437Z,KXBTC15M-26OCT042030-30,0.0010,5.62,yes
2026-10-05T00:29:35.438859Z,KXBTC15M-26OCT042030-30,0.0010,4.94,yes
2026-10-05T00:29:35.791773Z,KXBTC15M-26OCT042030-30,0.0010,915.99,yes
2026-10-05T00:29:35.937674Z,KXBTC15M-26OCT042030-30,0.0010,915.99,yes
2026-10-05T00:29:36.415815Z,KXBTC15M-26OCT042030-30,0.0010,742.46,yes
2026-10-05T00:29:36.415815Z,KXBTC15M-26OCT042030-30,0.0010,173.53,yes
2026-10-05T00:29:36.445988Z,KXBTC15M-26OCT042030-30,0.0010,915.99,yes
2026-10-05T00:29:36.503734Z,KXBTC15M-26OCT042030-30,0.0010,42.79,yes
2026-10-05T00:29:36.525471Z,KXBTC15M-26OCT042030-30,0.0010,357.29,yes
2026-10-05T00:29:36.570293Z,KXBTC15M-26OCT042030-30,0.0010,458.04,yes
2026-10-05T00:29:36.585002Z,KXBTC15M-26OCT042030-30,0.0010,642.09,yes
2026-10-05T00:29:36.709569Z,KXBTC15M-26OCT042030-30,0.0010,9.20,yes
2026-10-05T00:29:36.785318Z,KXBTC15M-26OCT042030-30,0.0010,807.33,yes
2026-10-05T00:29:36.811929Z,KXBTC15M-26OCT042030-30,0.0010,915.99,yes
2026-10-05T00:29:36.952818Z,KXBTC15M-26OCT042030-30,0.0010,67.88,yes
2026-10-05T00:29:36.954658Z,KXBTC15M-26OCT042030-30,0.0010,6.41,yes
2026-10-05T00:29:37.42256Z,KXBTC15M-26OCT042030-30,0.0010,9.01,yes
2026-10-05T00:29:37.670316Z,KXBTC15M-26OCT042030-30,0.0010,7.85,yes
2026-10-05T00:29:37.690445Z,KXBTC15M-26OCT042030-30,0.0010,23.46,yes
2026-10-05T00:29:37.837852Z,KXBTC15M-26OCT042030-30,0.0010,9.20,yes
2026-10-05T00:29:37.875918Z,KXBTC15M-26OCT042030-30,0.0010,915.99,yes
2026-10-05T00:29:38.271568Z,KXBTC15M-26OCT042030-30,0.0010,751.15,yes
2026-10-05T00:29:38.366496Z,KXBTC15M-26OCT042030-30,0.0010,7327.64,yes
2026-10-05T00:29:38.540279Z,KXBTC15M-26OCT042030-30,0.0010,28.85,yes
2026-10-05T00:29:38.674714Z,KXBTC15M-26OCT042030-30,0.0010,915.99,yes
2026-10-05T00:29:38.689532Z,KXBTC15M-26OCT042030-30,0.0010,5.09,yes
2026-10-05T00:29:38.747088Z,KXBTC15M-26OCT042030-30,0.0010,18.69,yes
2026-10-05T00:29:38.786283Z,KXBTC15M-26OCT042030-30,0.0010,62.15,yes
2026-10-05T00:29:38.960823Z,KXBTC15M-26OCT042030-30,0.0010,280.39,yes
2026-10-05T00:29:38.990567Z,KXBTC15M-26OCT042030-30,0.0010,22.52,yes
2026-10-05T00:29:39.004714Z,KXBTC15M-26OCT042030-30,0.0010,3660.62,yes
2026-10-05T00:29:39.004714Z,KXBTC15M-26OCT042030-30,0.0010,842.38,yes
2026-10-05T00:29:39.004714Z,KXBTC15M-26OCT042030-30,0.0010,4656.55,yes
2026-10-05T00:29:39.384628Z,KXBTC15M-26OCT042030-30,0.0010,268.64,yes
2026-10-05T00:29:39.602295Z,KXBTC15M-26OCT042030-30,0.0010,915.99,yes
2026-10-05T00:29:39.74405Z,KXBTC15M-26OCT042030-30,0.0010,9159.55,yes
2026-10-05T00:29:40.317356Z,KXBTC15M-26OCT042030-30,0.0010,3.45,yes
2026-10-05T00:29:40.340542Z,KXBTC15M-26OCT042030-30,0.0010,1809.99,yes
2026-10-05T00:29:40.340542Z,KXBTC15M-26OCT042030-30,0.0010,2769.78,yes
2026-10-05T00:29:40.725312Z,KXBTC15M-26OCT042030-30,0.0010,3.12,yes
2026-10-05T00:29:40.856571Z,KXBTC15M-26OCT042030-30,0.0010,915.99,yes
2026-10-05T00:29:40.882799Z,KXBTC15M-26OCT042030-30,0.0010,18.63,yes
2026-10-05T00:29:40.952622Z,KXBTC15M-26OCT042030-30,0.0010,283.93,yes
2026-10-05T00:29:41.026359Z,KXBTC15M-26OCT042030-30,0.0010,24.90,yes
2026-10-05T00:29:41.133775Z,KXBTC15M-26OCT042030-30,0.0010,11.09,yes
2026-10-05T00:29:41.169943Z,KXBTC15M-26OCT042030-30,0.0010,91.62,yes
2026-10-05T00:29:41.611858Z,KXBTC15M-26OCT042030-30,0.0010,14.05,yes
2026-10-05T00:29:41.701427Z,KXBTC15M-26OCT042030-30,0.0010,458.04,yes
2026-10-05T00:29:42.161837Z,KXBTC15M-26OCT042030-30,0.0010,736.57,yes
2026-10-05T00:29:42.387747Z,KXBTC15M-26OCT042030-30,0.0010,915.99,yes
2026-10-05T00:29:42.443835Z,KXBTC15M-26OCT042030-30,0.0010,6411.64,yes
2026-10-05T00:29:42.521015Z,KXBTC15M-26OCT042030-30,0.0010,88.09,yes
2026-10-05T00:29:42.677279Z,KXBTC15M-26OCT042030-30,0.0010,2.00,yes
2026-10-05T00:29:42.705391Z,KXBTC15M-26OCT042030-30,0.0010,915.99,yes
2026-10-05T00:29:43.052132Z,KXBTC15M-26OCT042030-30,0.0010,10.77,yes
2026-10-05T00:29:43.099494Z,KXBTC15M-26OCT042030-30,0.0010,104.00,yes
2026-10-05T00:29:43.258667Z,KXBTC15M-26OCT042030-30,0.0010,9.68,yes
2026-10-05T00:29:43.258667Z,KXBTC15M-26OCT042030-30,0.0010,6.80,yes
2026-10-05T00:29:43.287465Z,KXBTC15M-26OCT042030-30,0.0010,11.24,yes
2026-10-05T00:29:43.482904Z,KXBTC15M-26OCT042030-30,0.0010,6.68,yes
2026-10-05T00:29:43.560938Z,KXBTC15M-26OCT042030-30,0.0010,15.88,yes
2026-10-05T00:29:43.603291Z,KXBTC15M-26OCT042030-30,0.0010,18.69,yes
2026-10-05T00:29:43.678593Z,KXBTC15M-26OCT042030-30,0.0010,609.26,yes
2026-10-05T00:29:43.678593Z,KXBTC15M-26OCT042030-30,0.0010,1825.00,yes
2026-10-05T00:29:43.678593Z,KXBTC15M-26OCT042030-30,0.0010,4900.29,yes
2026-10-05T00:29:43.678593Z,KXBTC15M-26OCT042030-30,0.0010,1825.00,yes
2026-10-05T00:29:43.679596Z,KXBTC15M-26OCT042030-30,0.0010,53.49,yes
2026-10-05T00:29:43.956642Z,KXBTC15M-26OCT042030-30,0.0010,50.00,yes
2026-10-05T00:29:43.987102Z,KXBTC15M-26OCT042030-30,0.0010,8.80,yes
2026-10-05T00:29:43.99417Z,KXBTC15M-26OCT042030-30,0.0010,12.94,yes
2026-10-05T00:29:44.163477Z,KXBTC15M-26OCT042030-30,0.0010,128.02,yes
2026-10-05T00:29:44.529965Z,KXBTC15M-26OCT042030-30,0.0010,141.01,yes
2026-10-05T00:29:44.567097Z,KXBTC15M-26OCT042030-30,0.0010,526.00,yes
2026-10-05T00:29:44.567097Z,KXBTC15M-26OCT042030-30,0.0010,30.00,yes
2026-10-05T00:29:44.567097Z,KXBTC15M-26OCT042030-30,0.0010,27.00,yes
2026-10-05T00:29:44.567097Z,KXBTC15M-26OCT042030-30,0.0010,821.48,yes
2026-10-05T00:29:44.567097Z,KXBTC15M-26OCT042030-30,0.0010,427.42,yes
2026-10-05T00:29:44.638963Z,KXBTC15M-26OCT042030-30,0.0010,4579.77,yes
2026-10-05T00:29:44.709534Z,KXBTC15M-26OCT042030-30,0.0010,20.78,yes
2026-10-05T00:29:45.338072Z,KXBTC15M-26OCT042030-30,0.0010,100.00,yes
2026-10-05T00:29:45.338072Z,KXBTC15M-26OCT042030-30,0.0010,100.00,yes
2026-10-05T00:29:45.338072Z,KXBTC15M-26OCT042030-30,0.0010,100.00,yes
2026-10-05T00:29:45.338072Z,KXBTC15M-26OCT042030-30,0.0010,100.00,yes
2026-10-05T00:29:45.338072Z,KXBTC15M-26OCT042030-30,0.0010,13425.53,yes
2026-10-05T00:29:45.338072Z,KXBTC15M-26OCT042030-30,0.0010,100.00,yes
2026-10-05T00:29:45.338072Z,KXBTC15M-26OCT042030-30,0.0010,100.00,yes
2026-10-05T00:29:45.338072Z,KXBTC15M-26OCT042030-30,0.0010,100.00,yes
2026-10-05T00:29:45.338072Z,KXBTC15M-26OCT042030-30,0.0010,100.00,yes
2026-10-05T00:29:45.338072Z,KXBTC15M-26OCT042030-30,0.0010,100.00,yes
2026-10-05T00:29:45.338072Z,KXBTC15M-26OCT042030-30,0.0010,4622.00,yes
2026-10-05T00:29:45.338072Z,KXBTC15M-26OCT042030-30,0.0010,100.00,yes
2026-10-05T00:29:45.338072Z,KXBTC15M-26OCT042030-30,0.0010,100.00,yes
2026-10-05T00:29:45.338072Z,KXBTC15M-26OCT042030-30,0.0010,100.00,yes
2026-10-05T00:29:45.338072Z,KXBTC15M-26OCT042030-30,0.0010,100.00,yes
2026-10-05T00:29:45.338072Z,KXBTC15M-26OCT042030-30,0.0010,100.00,yes
2026-10-05T00:29:45.338072Z,KXBTC15M-26OCT042030-30,0.0010,100.00,yes
2026-10-05T00:29:45.338072Z,KXBTC15M-26OCT042030-30,0.0010,100.00,yes
2026-10-05T00:29:45.338072Z,KXBTC15M-26OCT042030-30,0.0010,3.00,yes
2026-10-05T00:29:45.338072Z,KXBTC15M-26OCT042030-30,0.0010,316.31,yes
2026-10-05T00:29:45.338072Z,KXBTC15M-26OCT042030-30,0.0010,1604.89,yes
2026-10-05T00:29:45.338072Z,KXBTC15M-26OCT042030-30,0.0010,9878.00,yes
2026-10-05T00:29:45.338072Z,KXBTC15M-26OCT042030-30,0.0010,216.21,yes
2026-10-05T00:29:45.338072Z,KXBTC15M-26OCT042030-30,0.0010,4972.03,yes
2026-10-05T00:29:46.046369Z,KXBTC15M-26OCT042030-30,0.0010,2.01,yes
2026-10-05T00:29:46.098776Z,KXBTC15M-26OCT042030-30,0.0010,82.50,yes
2026-10-05T00:29:46.318618Z,KXBTC15M-26OCT042030-30,0.0010,6.99,yes
2026-10-05T00:29:47.111635Z,KXBTC15M-26OCT042030-30,0.0010,8.60,yes
2026-10-05T00:29:47.115929Z,KXBTC15M-26OCT042030-30,0.0010,0.36,yes
2026-10-05T00:29:47.774845Z,KXBTC15M-26OCT042030-30,0.0010,915.99,yes
2026-10-05T00:29:48.366831Z,KXBTC15M-26OCT042030-30,0.0010,5.07,yes
2026-10-05T00:29:48.45601Z,KXBTC15M-26OCT042030-30,0.0010,54.40,yes
2026-10-05T00:29:49.309825Z,KXBTC15M-26OCT042030-30,0.0010,85.00,yes
2026-10-05T00:29:49.342976Z,KXBTC15M-26OCT042030-30,0.0010,9159.55,yes
2026-10-05T00:29:49.402865Z,KXBTC15M-26OCT042030-30,0.0010,18319.03,yes
2026-10-05T00:29:49.975988Z,KXBTC15M-26OCT042030-30,0.0010,2000.00,yes
2026-10-05T00:29:49.975988Z,KXBTC15M-26OCT042030-30,0.0010,782.03,yes
2026-10-05T00:29:49.975988Z,KXBTC15M-26OCT042030-30,0.0010,500.00,yes
2026-10-05T00:29:49.975988Z,KXBTC15M-26OCT042030-30,0.0010,1500.00,yes
2026-10-05T00:29:49.975988Z,KXBTC15M-26OCT042030-30,0.0010,2378.97,yes
2026-10-05T00:29:49.975988Z,KXBTC15M-26OCT042030-30,0.0010,2839.00,yes
2026-10-05T00:29:50.272288Z,KXBTC15M-26OCT042030-30,0.0010,1.60,yes
2026-10-05T00:29:50.296103Z,KXBTC15M-26OCT042030-30,0.0010,4.64,yes
2026-10-05T00:29:50.681176Z,KXBTC15M-26OCT042030-30,0.0010,200.00,yes
2026-10-05T00:29:50.967525Z,KXBTC15M-26OCT042030-30,0.0010,11.73,yes
2026-10-05T00:29:50.967525Z,KXBTC15M-26OCT042030-30,0.0010,43.27,yes
2026-10-05T00:29:51.828512Z,KXBTC15M-26OCT042030-30,0.0010,116.68,yes
2026-10-05T00:29:52.462731Z,KXBTC15M-26OCT042030-30,0.0010,575.94,yes
2026-10-05T00:29:52.462731Z,KXBTC15M-26OCT042030-30,0.0010,340.05,yes
2026-10-05T00:29:52.756021Z,KXBTC15M-26OCT042030-30,0.0010,5.07,yes
2026-10-05T00:29:53.824342Z,KXBTC15M-26OCT042030-30,0.0010,418.99,yes
2026-10-05T00:29:53.824342Z,KXBTC15M-26OCT042030-30,0.0010,121.47,yes
2026-10-05T00:29:53.958138Z,KXBTC15M-26OCT042030-30,0.0010,37.46,yes
2026-10-05T00:29:53.958138Z,KXBTC15M-26OCT042030-30,0.0010,628.53,yes
2026-10-05T00:29:53.958138Z,KXBTC15M-26OCT042030-30,0.0010,250.00,yes
2026-10-05T00:29:54.365993Z,KXBTC15M-26OCT042030-30,0.0010,0.92,yes
2026-10-05T00:29:54.545395Z,KXBTC15M-26OCT042030-30,0.0010,3.00,yes
2026-10-05T00:29:54.81335Z,KXBTC15M-26OCT042030-30,0.0010,5.81,yes
2026-10-05T00:29:54.858088Z,KXBTC15M-26OCT042030-30,0.0010,915.99,yes
2026-10-05T00:29:55.08762Z,KXBTC15M-26OCT042030-30,0.0010,15282.21,yes
2026-10-05T00:29:55.08762Z,KXBTC15M-26OCT042030-30,0.0010,3036.82,yes
2026-10-05T00:29:56.921885Z,KXBTC15M-26OCT042030-30,0.0010,52.00,yes
2026-10-05T00:29:57.605594Z,KXBTC15M-26OCT042030-30,0.0010,91.62,yes
2026-10-05T00:29:58.302416Z,KXBTC15M-26OCT042030-30,0.0010,9.82,yes
2026-10-05T00:29:58.607955Z,KXBTC15M-26OCT042030-30,0.0010,9.20,yes
2026-10-05T00:29:58.682891Z,KXBTC15M-26OCT042030-30,0.0010,2747.91,yes
2026-10-05T00:29:59.207727Z,KXBTC15M-26OCT042030-30,0.0010,4.50,yes
2026-10-05T00:29:59.657677Z,KXBTC15M-26OCT042030-30,0.0010,458.04,yes
2026-10-05T00:28:09.35756Z,KXETH15M-26OCT042030-30,0.0220,1.00,no
2026-10-05T00:28:09.35756Z,KXETH15M-26OCT042030-30,0.0220,5.89,no
2026-10-05T00:28:09.35756Z,KXETH15M-26OCT042030-30,0.0220,1.11,no
2026-10-05T00:28:09.654301Z,KXETH15M-26OCT042030-30,0.0190,20.00,no
2026-10-05T00:28:09.654308Z,KXETH15M-26OCT042030-30,0.0190,14.00,no
2026-10-05T00:28:09.654308Z,KXETH15M-26OCT042030-30,0.0190,6.00,no
2026-10-05T00:28:09.654983Z,KXETH15M-26OCT042030-30,0.0190,8.00,no
2026-10-05T00:28:09.65504Z,KXETH15M-26OCT042030-30,0.0170,6.00,no
2026-10-05T00:28:09.65504Z,KXETH15M-26OCT042030-30,0.0190,2.00,no
2026-10-05T00:28:10.311679Z,KXETH15M-26OCT042030-30,0.0120,30.00,yes
2026-10-05T00:28:10.824761Z,KXETH15M-26OCT042030-30,0.0120,38.97,yes
2026-10-05T00:28:11.097582Z,KXETH15M-26OCT042030-30,0.0110,8.20,no
2026-10-05T00:28:11.097582Z,KXETH15M-26OCT042030-30,0.0110,12.00,no
2026-10-05T00:28:11.837983Z,KXETH15M-26OCT042030-30,0.0110,11.34,no
2026-10-05T00:28:11.89599Z,KXETH15M-26OCT042030-30,0.0120,38.92,yes
2026-10-05T00:28:11.89599Z,KXETH15M-26OCT042030-30,0.0120,2.03,yes
2026-10-05T00:28:12.220677Z,KXETH15M-26OCT042030-30,0.0120,3.72,yes
2026-10-05T00:28:12.220677Z,KXETH15M-26OCT042030-30,0.0120,0.08,yes
2026-10-05T00:28:12.364857Z,KXETH15M-26OCT042030-30,0.0120,13.28,yes
2026-10-05T00:28:12.364857Z,KXETH15M-26OCT042030-30,0.0120,20.00,yes
2026-10-05T00:28:12.364857Z,KXETH15M-26OCT042030-30,0.0120,8.00,yes
2026-10-05T00:28:12.364857Z,KXETH15M-26OCT042030-30,0.0130,33.61,yes
2026-10-05T00:28:12.753171Z,KXETH15M-26OCT042030-30,0.0120,7.79,yes
2026-10-05T00:28:12.760852Z,KXETH15M-26OCT042030-30,0.0120,2.00,yes
2026-10-05T00:28:12.760852Z,KXETH15M-26OCT042030-30,0.0120,9.00,yes
2026-10-05T00:28:12.760852Z,KXETH15M-26OCT042030-30,0.0120,12.21,yes
2026-10-05T00:28:12.951939Z,KXETH15M-26OCT042030-30,0.0120,3.00,yes
2026-10-05T00:28:13.744978Z,KXETH15M-26OCT042030-30,0.0120,12.93,yes
2026-10-05T00:28:13.744978Z,KXETH15M-26OCT042030-30,0.0120,1.00,yes
2026-10-05T00:28:13.744978Z,KXETH15M-26OCT042030-30,0.0120,17.00,yes
2026-10-05T00:28:13.846301Z,KXETH15M-26OCT042030-30,0.0120,12.07,yes
2026-10-05T00:28:13.846301Z,KXETH15M-26OCT042030-30,0.0130,7.00,yes
2026-10-05T00:28:13.846301Z,KXETH15M-26OCT042030-30,0.0150,11.00,yes
2026-10-05T00:28:13.846301Z,KXETH15M-26OCT042030-30,0.0130,13.00,yes
2026-10-05T00:28:13.846301Z,KXETH15M-26OCT042030-30,0.0160,3.67,yes
2026-10-05T00:28:13.846301Z,KXETH15M-26OCT042030-30,0.0130,7.39,yes
2026-10-05T00:28:13.846301Z,KXETH15M-26OCT042030-30,0.0140,1.00,yes
2026-10-05T00:28:13.846301Z,KXETH15M-26OCT042030-30,0.0160,11.00,yes
2026-10-05T00:28:13.846301Z,KXETH15M-26OCT042030-30,0.0130,28.00,yes
2026-10-05T00:28:13.964755Z,KXETH15M-26OCT042030-30,0.0120,6.00,yes
2026-10-05T00:28:14.757029Z,KXETH15M-26OCT042030-30,0.0100,63.97,no
2026-10-05T00:28:14.757029Z,KXETH15M-26OCT042030-30,0.0110,8.00,no
2026-10-05T00:28:14.757029Z,KXETH15M-26OCT042030-30,0.0110,4.00,no
2026-10-05T00:28:14.757029Z,KXETH15M-26OCT042030-30,0.0110,10.00,no
2026-10-05T00:28:14.757029Z,KXETH15M-26OCT042030-30,0.0110,48.00,no
2026-10-05T00:28:14.757029Z,KXETH15M-26OCT042030-30,0.0110,12.00,no
2026-10-05T00:28:14.757029Z,KXETH15M-26OCT042030-30,0.0110,0.46,no
2026-10-05T00:28:15.054755Z,KXETH15M-26OCT042030-30,0.0110,28.00,yes
2026-10-05T00:28:15.054755Z,KXETH15M-26OCT042030-30,0.0110,4.00,yes
2026-10-05T00:28:15.054755Z,KXETH15M-26OCT042030-30,0.0110,4.00,yes
2026-10-05T00:28:15.054755Z,KXETH15M-26OCT042030-30,0.0110,17.00,yes
2026-10-05T00:28:15.054755Z,KXETH15M-26OCT042030-30,0.0110,20.00,yes
2026-10-05T00:28:15.522155Z,KXETH15M-26OCT042030-30,0.0150,22.00,yes
2026-10-05T00:28:15.522155Z,KXETH15M-26OCT042030-30,0.0110,20.00,yes
2026-10-05T00:28:15.522155Z,KXETH15M-26OCT042030-30,0.0120,12.00,yes
2026-10-05T00:28:15.522155Z,KXETH15M-26OCT042030-30,0.0130,4.00,yes
2026-10-05T00:28:15.522155Z,KXETH15M-26OCT042030-30,0.0120,14.00,yes
2026-10-05T00:28:15.522155Z,KXETH15M-26OCT042030-30,0.0120,4.00,yes
2026-10-05T00:28:15.522155Z,KXETH15M-26OCT042030-30,0.0130,4.00,yes
2026-10-05T00:28:15.522155Z,KXETH15M-26OCT042030-30,0.0120,4.00,yes
2026-10-05T00:28:15.522155Z,KXETH15M-26OCT042030-30,0.0160,18.00,yes
2026-10-05T00:28:15.522155Z,KXETH15M-26OCT042030-30,0.0190,12.00,yes
2026-10-05T00:28:15.522155Z,KXETH15M-26OCT042030-30,0.0120,29.00,yes
2026-10-05T00:28:15.522155Z,KXETH15M-26OCT042030-30,0.0210,20.30,yes
2026-10-05T00:28:15.522155Z,KXETH15M-26OCT042030-30,0.0180,1.01,yes
2026-10-05T00:28:15.522155Z,KXETH15M-26OCT042030-30,0.0200,4.04,yes
2026-10-05T00:28:15.522155Z,KXETH15M-26OCT042030-30,0.0200,9.00,yes
2026-10-05T00:28:15.522155Z,KXETH15M-26OCT042030-30,0.0200,7.00,yes
2026-10-05T00:28:15.522155Z,KXETH15M-26OCT042030-30,0.0190,9.00,yes
2026-10-05T00:28:15.522155Z,KXETH15M-26OCT042030-30,0.0180,3.00,yes
2026-10-05T00:28:15.522155Z,KXETH15M-26OCT042030-30,0.0170,11.00,yes
2026-10-05T00:28:15.522155Z,KXETH15M-26OCT042030-30,0.0200,20.00,yes
2026-10-05T00:28:15.522155Z,KXETH15M-26OCT042030-30,0.0140,69.00,yes
2026-10-05T00:28:15.805062Z,KXETH15M-26OCT042030-30,0.0130,4.00,yes
2026-10-05T00:28:15.805062Z,KXETH15M-26OCT042030-30,0.0130,3.16,yes
2026-10-05T00:28:15.810441Z,KXETH15M-26OCT042030-30,0.0120,60.39,no
2026-10-05T00:28:15.87947Z,KXETH15M-26OCT042030-30,0.0120,1.72,no
2026-10-05T00:28:16.122968Z,KXETH15M-26OCT042030-30,0.0130,4.00,yes
2026-10-05T00:28:16.122968Z,KXETH15M-26OCT042030-30,0.0130,20.00,yes
2026-10-05T00:28:16.122968Z,KXETH15M-26OCT042030-30,0.0140,4.00,yes
2026-10-05T00:28:16.122968Z,KXETH15M-26OCT042030-30,0.0140,4.00,yes
2026-10-05T00:28:16.122968Z,KXETH15M-26OCT042030-30,0.0140,20.00,yes
2026-10-05T00:28:16.122968Z,KXETH15M-26OCT042030-30,0.0150,4.00,yes
2026-10-05T00:28:16.122968Z,KXETH15M-26OCT042030-30,0.0150,4.00,yes
2026-10-05T00:28:16.122968Z,KXETH15M-26OCT042030-30,0.0180,5.18,yes
2026-10-05T00:28:16.122968Z,KXETH15M-26OCT042030-30,0.0130,0.84,yes
2026-10-05T00:28:16.122968Z,KXETH15M-26OCT042030-30,0.0160,16.00,yes
2026-10-05T00:28:16.231003Z,KXETH15M-26OCT042030-30,0.0130,10.04,no
2026-10-05T00:28:16.462808Z,KXETH15M-26OCT042030-30,0.0150,20.00,yes
2026-10-05T00:28:16.462808Z,KXETH15M-26OCT042030-30,0.0150,8.01,yes
2026-10-05T00:28:16.462808Z,KXETH15M-26OCT042030-30,0.0150,4.00,yes
2026-10-05T00:28:16.462808Z,KXETH15M-26OCT042030-30,0.0150,4.00,yes
2026-10-05T00:28:16.462808Z,KXETH15M-26OCT042030-30,0.0140,4.00,yes
2026-10-05T00:28:16.462808Z,KXETH15M-26OCT042030-30,0.0140,4.00,yes
2026-10-05T00:28:16.462808Z,KXETH15M-26OCT042030-30,0.0140,20.00,yes
2026-10-05T00:28:16.514588Z,KXETH15M-26OCT042030-30,0.0190,13.00,yes
2026-10-05T00:28:16.514588Z,KXETH15M-26OCT042030-30,0.0160,4.00,yes
2026-10-05T00:28:16.514588Z,KXETH15M-26OCT042030-30,0.0150,15.99,yes
2026-10-05T00:28:16.514588Z,KXETH15M-26OCT042030-30,0.0200,12.00,yes
2026-10-05T00:28:16.514588Z,KXETH15M-26OCT042030-30,0.0180,1.00,yes
2026-10-05T00:28:16.514588Z,KXETH15M-26OCT042030-30,0.0150,4.00,yes
2026-10-05T00:28:16.514588Z,KXETH15M-26OCT042030-30,0.0140,4.00,yes
2026-10-05T00:28:16.514588Z,KXETH15M-26OCT042030-30,0.0210,24.00,yes
2026-10-05T00:28:16.514588Z,KXETH15M-26OCT042030-30,0.0160,4.00,yes
2026-10-05T00:28:16.514588Z,KXETH15M-26OCT042030-30,0.0210,10.00,yes
2026-10-05T00:28:16.514588Z,KXETH15M-26OCT042030-30,0.0160,5.00,yes
2026-10-05T00:28:16.514588Z,KXETH15M-26OCT042030-30,0.0200,9.00,yes
2026-10-05T00:28:16.514588Z,KXETH15M-26OCT042030-30,0.0190,20.00,yes
2026-10-05T00:28:16.514588Z,KXETH15M-26OCT042030-30,0.0140,4.00,yes
2026-10-05T00:28:16.514588Z,KXETH15M-26OCT042030-30,0.0150,4.00,yes
2026-10-05T00:28:16.514588Z,KXETH15M-26OCT042030-30,0.0150,20.00,yes
2026-10-05T00:28:16.514588Z,KXETH15M-26OCT042030-30,0.0140,20.00,yes
2026-10-05T00:28:16.514588Z,KXETH15M-26OCT042030-30,0.0230,69.10,yes
2026-10-05T00:28:16.92101Z,KXETH15M-26OCT042030-30,0.0150,18.12,yes
2026-10-05T00:28:17.128151Z,KXETH15M-26OCT042030-30,0.0130,3.00,yes
2026-10-05T00:28:17.570744Z,KXETH15M-26OCT042030-30,0.0100,62.68,no
2026-10-05T00:28:17.570744Z,KXETH15M-26OCT042030-30,0.0100,43.82,no
2026-10-05T00:28:17.570744Z,KXETH15M-26OCT042030-30,0.0110,12.00,no
2026-10-05T00:28:17.570744Z,KXETH15M-26OCT042030-30,0.0130,16.00,no
2026-10-05T00:28:17.570744Z,KXETH15M-26OCT042030-30,0.0130,13.00,no
2026-10-05T00:28:17.570744Z,KXETH15M-26OCT042030-30,0.0110,14.00,no
2026-10-05T00:28:17.570744Z,KXETH15M-26OCT042030-30,0.0120,9.89,no
2026-10-05T00:28:17.570744Z,KXETH15M-26OCT042030-30,0.0120,8.00,no
2026-10-05T00:28:17.570744Z,KXETH15M-26OCT042030-30,0.0110,20.00,no
2026-10-05T00:28:17.697107Z,KXETH15M-26OCT042030-30,0.0120,31.58,yes
2026-10-05T00:28:17.697107Z,KXETH15M-26OCT042030-30,0.0120,20.00,yes
2026-10-05T00:28:17.697107Z,KXETH15M-26OCT042030-30,0.0120,14.00,yes
2026-10-05T00:28:17.718625Z,KXETH15M-26OCT042030-30,0.0180,4.00,yes
2026-10-05T00:28:17.718625Z,KXETH15M-26OCT042030-30,0.0170,4.00,yes
2026-10-05T00:28:17.718625Z,KXETH15M-26OCT042030-30,0.0150,4.00,yes
2026-10-05T00:28:17.718625Z,KXETH15M-26OCT042030-30,0.0190,12.00,yes
2026-10-05T00:28:17.718625Z,KXETH15M-26OCT042030-30,0.0150,20.00,yes
2026-10-05T00:28:17.718625Z,KXETH15M-26OCT042030-30,0.0210,75.26,yes
2026-10-05T00:28:17.718625Z,KXETH15M-26OCT042030-30,0.0120,12.24,yes
2026-10-05T00:28:17.718625Z,KXETH15M-26OCT042030-30,0.0130,20.00,yes
2026-10-05T00:28:17.718625Z,KXETH15M-26OCT042030-30,0.0200,20.00,yes
2026-10-05T00:28:17.718625Z,KXETH15M-26OCT042030-30,0.0150,3.00,yes
2026-10-05T00:28:17.718625Z,KXETH15M-26OCT042030-30,0.0190,20.00,yes
2026-10-05T00:28:17.718625Z,KXETH15M-26OCT042030-30,0.0200,9.00,yes
2026-10-05T00:28:17.718625Z,KXETH15M-26OCT042030-30,0.0160,4.00,yes
2026-10-05T00:28:17.718625Z,KXETH15M-26OCT042030-30,0.0170,4.00,yes
2026-10-05T00:28:17.718625Z,KXETH15M-26OCT042030-30,0.0190,4.00,yes
2026-10-05T00:28:17.736661Z,KXETH15M-26OCT042030-30,0.0100,15.00,no
2026-10-05T00:28:18.170479Z,KXETH15M-26OCT042030-30,0.0110,20.00,yes
2026-10-05T00:28:18.170479Z,KXETH15M-26OCT042030-30,0.0110,11.00,yes
2026-10-05T00:28:18.170479Z,KXETH15M-26OCT042030-30,0.0110,15.00,yes
2026-10-05T00:28:18.170479Z,KXETH15M-26OCT042030-30,0.0110,10.00,yes
2026-10-05T00:28:18.170479Z,KXETH15M-26OCT042030-30,0.0120,20.00,yes
2026-10-05T00:28:18.730027Z,KXETH15M-26OCT042030-30,0.0120,15.00,yes
2026-10-05T00:28:18.730027Z,KXETH15M-26OCT042030-30,0.0110,20.00,yes
2026-10-05T00:28:18.730027Z,KXETH15M-26OCT042030-30,0.0110,5.00,yes
2026-10-05T00:28:19.024371Z,KXETH15M-26OCT042030-30,0.0100,0.82,no
2026-10-05T00:28:19.024371Z,KXETH15M-26OCT042030-30,0.0100,1.00,no
2026-10-05T00:28:19.024371Z,KXETH15M-26OCT042030-30,0.0100,1.00,no
2026-10-05T00:28:19.024371Z,KXETH15M-26OCT042030-30,0.0100,41.18,no
2026-10-05T00:28:19.035077Z,KXETH15M-26OCT042030-30,0.0100,14.00,no
2026-10-05T00:28:19.039004Z,KXETH15M-26OCT042030-30,0.0100,2.00,no
2026-10-05T00:28:19.039004Z,KXETH15M-26OCT042030-30,0.0100,10.18,no
2026-10-05T00:28:19.039004Z,KXETH15M-26OCT042030-30,0.0100,11.82,no
2026-10-05T00:28:19.044794Z,KXETH15M-26OCT042030-30,0.0100,0.40,no
2026-10-05T00:28:19.044794Z,KXETH15M-26OCT042030-30,0.0100,16.42,no
2026-10-05T00:28:19.044794Z,KXETH15M-26OCT042030-30,0.0100,13.18,no
2026-10-05T00:28:19.193189Z,KXETH15M-26OCT042030-30,0.0110,20.00,yes
2026-10-05T00:28:19.193189Z,KXETH15M-26OCT042030-30,0.0110,0.62,yes
2026-10-05T00:28:19.314807Z,KXETH15M-26OCT042030-30,0.0100,4.00,no
2026-10-05T00:28:19.636036Z,KXETH15M-26OCT042030-30,0.0110,0.62,yes
2026-10-05T00:28:19.636036Z,KXETH15M-26OCT042030-30,0.0110,4.00,yes
2026-10-05T00:28:19.636036Z,KXETH15M-26OCT042030-30,0.0110,5.38,yes
2026-10-05T00:28:19.686685Z,KXETH15M-26OCT042030-30,0.0110,31.99,yes
2026-10-05T00:28:19.686685Z,KXETH15M-26OCT042030-30,0.0110,0.38,yes
2026-10-05T00:28:20.069622Z,KXETH15M-26OCT042030-30,0.0110,0.82,yes
2026-10-05T00:28:20.069622Z,KXETH15M-26OCT042030-30,0.0110,9.19,yes
2026-10-05T00:28:20.069622Z,KXETH15M-26OCT042030-30,0.0110,5.99,yes
2026-10-05T00:28:20.458929Z,KXETH15M-26OCT042030-30,0.0100,57.36,no
2026-10-05T00:28:20.458929Z,KXETH15M-26OCT042030-30,0.0100,3.80,no
2026-10-05T00:28:20.458929Z,KXETH15M-26OCT042030-30,0.0100,5.00,no
2026-10-05T00:28:20.458929Z,KXETH15M-26OCT042030-30,0.0100,15.60,no
2026-10-05T00:28:20.692875Z,KXETH15M-26OCT042030-30,0.0110,65.00,yes
2026-10-05T00:28:20.692875Z,KXETH15M-26OCT042030-30,0.0110,1.83,yes
2026-10-05T00:28:20.692875Z,KXETH15M-26OCT042030-30,0.0110,8.01,yes
2026-10-05T00:28:20.692875Z,KXETH15M-26OCT042030-30,0.0110,10.18,yes
2026-10-05T00:28:20.759375Z,KXETH15M-26OCT042030-30,0.0100,85.57,no
2026-10-05T00:28:20.759375Z,KXETH15M-26OCT042030-30,0.0100,3.62,no
2026-10-05T00:28:20.759375Z,KXETH15M-26OCT042030-30,0.0100,9.02,no
2026-10-05T00:28:20.759375Z,KXETH15M-26OCT042030-30,0.0100,11.40,no
2026-10-05T00:28:20.759375Z,KXETH15M-26OCT042030-30,0.0100,10.65,no
2026-10-05T00:28:20.759375Z,KXETH15M-26OCT042030-30,0.0100,7.31,no
2026-10-05T00:28:20.759375Z,KXETH15M-26OCT042030-30,0.0090,39.98,no
2026-10-05T00:28:20.759375Z,KXETH15M-26OCT042030-30,0.0100,14.00,no
2026-10-05T00:28:20.759375Z,KXETH15M-26OCT042030-30,0.0100,11.00,no
2026-10-05T00:28:20.759375Z,KXETH15M-26OCT042030-30,0.0100,25.00,no
2026-10-05T00:28:20.759375Z,KXETH15M-26OCT042030-30,0.0100,1.37,no
2026-10-05T00:28:20.759375Z,KXETH15M-26OCT042030-30,0.0100,82.04,no
2026-10-05T00:28:20.759375Z,KXETH15M-26OCT042030-30,0.0100,5.04,no
2026-10-05T00:28:20.809282Z,KXETH15M-26OCT042030-30,0.0100,39.98,yes
2026-10-05T00:28:20.809282Z,KXETH15M-26OCT042030-30,0.0200,40.00,yes
2026-10-05T00:28:20.809282Z,KXETH15M-26OCT042030-30,0.0100,13.00,yes
2026-10-05T00:28:20.809282Z,KXETH15M-26OCT042030-30,0.0100,22.00,yes
2026-10-05T00:28:20.809282Z,KXETH15M-26OCT042030-30,0.0110,20.00,yes
2026-10-05T00:28:20.809282Z,KXETH15M-26OCT042030-30,0.0100,42.00,yes
2026-10-05T00:28:20.809282Z,KXETH15M-26OCT042030-30,0.0200,7.10,yes
2026-10-05T00:28:20.809282Z,KXETH15M-26OCT042030-30,0.0110,4.00,yes
2026-10-05T00:28:20.809282Z,KXETH15M-26OCT042030-30,0.0180,12.00,yes
2026-10-05T00:28:20.809282Z,KXETH15M-26OCT042030-30,0.0120,4.00,yes
2026-10-05T00:28:20.809282Z,KXETH15M-26OCT042030-30,0.0130,4.00,yes
2026-10-05T00:28:20.809282Z,KXETH15M-26OCT042030-30,0.0120,4.00,yes
2026-10-05T00:28:20.809282Z,KXETH15M-26OCT042030-30,0.0110,14.17,yes
2026-10-05T00:28:20.809282Z,KXETH15M-26OCT042030-30,0.0130,4.00,yes
2026-10-05T00:28:20.809282Z,KXETH15M-26OCT042030-30,0.0160,20.00,yes
2026-10-05T00:28:20.809282Z,KXETH15M-26OCT042030-30,0.0160,1.01,yes
2026-10-05T00:28:20.809282Z,KXETH15M-26OCT042030-30,0.0180,4.04,yes
2026-10-05T00:28:20.809282Z,KXETH15M-26OCT042030-30,0.0200,4.04,yes
2026-10-05T00:28:20.809282Z,KXETH15M-26OCT042030-30,0.0190,20.00,yes
2026-10-05T00:28:20.809282Z,KXETH15M-26OCT042030-30,0.0200,30.00,yes
2026-10-05T00:28:20.809282Z,KXETH15M-26OCT042030-30,0.0210,0.84,yes
2026-10-05T00:28:20.864059Z,KXETH15M-26OCT042030-30,0.0100,13.00,no
2026-10-05T00:28:20.864059Z,KXETH15M-26OCT042030-30,0.0100,12.00,no
2026-10-05T00:28:21.006452Z,KXETH15M-26OCT042030-30,0.0110,18.00,yes
2026-10-05T00:28:21.988519Z,KXETH15M-26OCT042030-30,0.0050,7.86,no
2026-10-05T00:28:21.988519Z,KXETH15M-26OCT042030-30,0.0050,1.00,no
2026-10-05T00:28:21.988519Z,KXETH15M-26OCT042030-30,0.0060,1.00,no
2026-10-05T00:28:21.988519Z,KXETH15M-26OCT042030-30,0.0070,1.00,no
2026-10-05T00:28:21.988519Z,KXETH15M-26OCT042030-30,0.0070,100.00,no
2026-10-05T00:28:21.988519Z,KXETH15M-26OCT042030-30,0.0080,100.00,no
2026-10-05T00:28:21.988519Z,KXETH15M-26OCT042030-30,0.0060,100.00,no
2026-10-05T00:28:21.988519Z,KXETH15M-26OCT042030-30,0.0050,100.00,no
2026-10-05T00:28:21.988519Z,KXETH15M-26OCT042030-30,0.0050,100.00,no
2026-10-05T00:28:21.988519Z,KXETH15M-26OCT042030-30,0.0090,60.02,no
2026-10-05T00:28:21.988519Z,KXETH15M-26OCT042030-30,0.0090,76.00,no
2026-10-05T00:28:21.988519Z,KXETH15M-26OCT042030-30,0.0060,20.00,no
2026-10-05T00:28:21.988519Z,KXETH15M-26OCT042030-30,0.0080,32.00,no
2026-10-05T00:28:21.988519Z,KXETH15M-26OCT042030-30,0.0080,12.00,no
2026-10-05T00:28:21.988519Z,KXETH15M-26OCT042030-30,0.0070,22.72,no
2026-10-05T00:28:22.055966Z,KXETH15M-26OCT042030-30,0.0080,14.91,yes
2026-10-05T00:28:22.092987Z,KXETH15M-26OCT042030-30,0.0080,0.09,yes
2026-10-05T00:28:22.092987Z,KXETH15M-26OCT042030-30,0.0080,2.31,yes
2026-10-05T00:28:22.341462Z,KXETH15M-26OCT042030-30,0.0080,55.24,yes
2026-10-05T00:28:22.341462Z,KXETH15M-26OCT042030-30,0.0080,22.69,yes
2026-10-05T00:28:22.341462Z,KXETH15M-26OCT042030-30,0.0080,100.00,yes
2026-10-05T00:28:22.341462Z,KXETH15M-26OCT042030-30,0.0080,100.00,yes
2026-10-05T00:28:23.064489Z,KXETH15M-26OCT042030-30,0.0100,60.02,yes
2026-10-05T00:28:23.064489Z,KXETH15M-26OCT042030-30,0.0100,30.00,yes
2026-10-05T00:28:23.064489Z,KXETH15M-26OCT042030-30,0.0210,35.00,yes
2026-10-05T00:28:23.064489Z,KXETH15M-26OCT042030-30,0.0210,40.00,yes
2026-10-05T00:28:23.064489Z,KXETH15M-26OCT042030-30,0.0220,15.00,yes
2026-10-05T00:28:23.064489Z,KXETH15M-26OCT042030-30,0.0100,12.00,yes
2026-10-05T00:28:23.064489Z,KXETH15M-26OCT042030-30,0.0100,25.00,yes
2026-10-05T00:28:23.064489Z,KXETH15M-26OCT042030-30,0.0190,12.00,yes
2026-10-05T00:28:23.064489Z,KXETH15M-26OCT042030-30,0.0210,40.00,yes
2026-10-05T00:28:23.064489Z,KXETH15M-26OCT042030-30,0.0090,10.00,yes
2026-10-05T00:28:23.064489Z,KXETH15M-26OCT042030-30,0.0080,44.76,yes
2026-10-05T00:28:23.064489Z,KXETH15M-26OCT042030-30,0.0090,100.00,yes
2026-10-05T00:28:23.064489Z,KXETH15M-26OCT042030-30,0.0080,14.00,yes
2026-10-05T00:28:23.064489Z,KXETH15M-26OCT042030-30,0.0210,20.00,yes
2026-10-05T00:28:23.064489Z,KXETH15M-26OCT042030-30,0.0210,40.00,yes
2026-10-05T00:28:23.064489Z,KXETH15M-26OCT042030-30,0.0120,4.00,yes
2026-10-05T00:28:23.064489Z,KXETH15M-26OCT042030-30,0.0150,9.00,yes
2026-10-05T00:28:23.064489Z,KXETH15M-26OCT042030-30,0.0110,1.00,yes
2026-10-05T00:28:23.064489Z,KXETH15M-26OCT042030-30,0.0130,20.00,yes
2026-10-05T00:28:23.064489Z,KXETH15M-26OCT042030-30,0.0190,20.00,yes
2026-10-05T00:28:23.064489Z,KXETH15M-26OCT042030-30,0.0150,4.00,yes
2026-10-05T00:28:23.064489Z,KXETH15M-26OCT042030-30,0.0200,40.00,yes
2026-10-05T00:28:23.064489Z,KXETH15M-26OCT042030-30,0.0140,4.00,yes
2026-10-05T00:28:23.064489Z,KXETH15M-26OCT042030-30,0.0130,4.00,yes
2026-10-05T00:28:23.064489Z,KXETH15M-26OCT042030-30,0.0140,4.00,yes
2026-10-05T00:28:23.064489Z,KXETH15M-26OCT042030-30,0.0130,4.00,yes
2026-10-05T00:28:23.064489Z,KXETH15M-26OCT042030-30,0.0210,423.90,yes
2026-10-05T00:28:23.064489Z,KXETH15M-26OCT042030-30,0.0230,169.79,yes
2026-10-05T00:28:23.064489Z,KXETH15M-26OCT042030-30,0.0220,100.00,yes
2026-10-05T00:28:23.193412Z,KXETH15M-26OCT042030-30,0.0080,22.00,no
2026-10-05T00:28:23.201486Z,KXETH15M-26OCT042030-30,0.0070,4.00,no
2026-10-05T00:28:23.201486Z,KXETH15M-26OCT042030-30,0.0070,3.00,no
2026-10-05T00:28:23.206362Z,KXETH15M-26OCT042030-30,0.0060,4.00,no
2026-10-05T00:28:23.206362Z,KXETH15M-26OCT042030-30,0.0060,20.00,no
2026-10-05T00:28:23.206362Z,KXETH15M-26OCT042030-30,0.0060,5.00,no
2026-10-05T00:28:23.296925Z,KXETH15M-26OCT042030-30,0.0050,3.14,no
2026-10-05T00:28:23.296925Z,KXETH15M-26OCT042030-30,0.0040,33.13,no
2026-10-05T00:28:23.296925Z,KXETH15M-26OCT042030-30,0.0050,12.00,no
2026-10-05T00:28:23.296925Z,KXETH15M-26OCT042030-30,0.0050,4.00,no
2026-10-05T00:28:23.296925Z,KXETH15M-26OCT042030-30,0.0050,20.00,no
2026-10-05T00:28:23.296925Z,KXETH15M-26OCT042030-30,0.0050,5.00,no
2026-10-05T00:28:23.298071Z,KXETH15M-26OCT042030-30,0.0070,31.00,yes
2026-10-05T00:28:23.358703Z,KXETH15M-26OCT042030-30,0.0100,9.00,yes
2026-10-05T00:28:23.358703Z,KXETH15M-26OCT042030-30,0.0090,100.00,yes
2026-10-05T00:28:23.358703Z,KXETH15M-26OCT042030-30,0.0120,0.96,yes
2026-10-05T00:28:23.413682Z,KXETH15M-26OCT042030-30,0.0040,459.96,no
2026-10-05T00:28:23.413682Z,KXETH15M-26OCT042030-30,0.0050,9.00,no
2026-10-05T00:28:23.413682Z,KXETH15M-26OCT042030-30,0.0050,12.00,no
2026-10-05T00:28:23.413682Z,KXETH15M-26OCT042030-30,0.0080,20.00,no
2026-10-05T00:28:23.494552Z,KXETH15M-26OCT042030-30,0.0150,20.00,yes
2026-10-05T00:28:23.494552Z,KXETH15M-26OCT042030-30,0.0120,3.04,yes
2026-10-05T00:28:23.494552Z,KXETH15M-26OCT042030-30,0.0150,14.00,yes
2026-10-05T00:28:23.494552Z,KXETH15M-26OCT042030-30,0.0160,33.13,yes
2026-10-05T00:28:23.494552Z,KXETH15M-26OCT042030-30,0.0130,4.00,yes
2026-10-05T00:28:23.494552Z,KXETH15M-26OCT042030-30,0.0140,4.00,yes
2026-10-05T00:28:23.494552Z,KXETH15M-26OCT042030-30,0.0120,65.00,yes
2026-10-05T00:28:23.494552Z,KXETH15M-26OCT042030-30,0.0150,9.00,yes
2026-10-05T00:28:23.494552Z,KXETH15M-26OCT042030-30,0.0140,4.00,yes
2026-10-05T00:28:23.494552Z,KXETH15M-26OCT042030-30,0.0150,4.00,yes
2026-10-05T00:28:23.494552Z,KXETH15M-26OCT042030-30,0.0130,4.00,yes
2026-10-05T00:28:23.494552Z,KXETH15M-26OCT042030-30,0.0160,30.32,yes
2026-10-05T00:28:23.494552Z,KXETH15M-26OCT042030-30,0.0150,9.00,yes
2026-10-05T00:28:23.780249Z,KXETH15M-26OCT042030-30,0.0090,32.00,yes
2026-10-05T00:28:23.780249Z,KXETH15M-26OCT042030-30,0.0100,3.49,yes
2026-10-05T00:28:23.780249Z,KXETH15M-26OCT042030-30,0.0080,31.00,yes
2026-10-05T00:28:23.824014Z,KXETH15M-26OCT042030-30,0.0090,42.65,yes
2026-10-05T00:28:24.102443Z,KXETH15M-26OCT042030-30,0.0070,2.01,no
2026-10-05T00:28:24.606875Z,KXETH15M-26OCT042030-30,0.0080,20.61,yes
2026-10-05T00:28:24.671538Z,KXETH15M-26OCT042030-30,0.0080,22.91,yes
2026-10-05T00:28:25.046326Z,KXETH15M-26OCT042030-30,0.0070,18.01,no
2026-10-05T00:28:25.046326Z,KXETH15M-26OCT042030-30,0.0070,1.99,no
2026-10-05T00:28:25.079293Z,KXETH15M-26OCT042030-30,0.0070,40.00,no
2026-10-05T00:28:25.079293Z,KXETH15M-26OCT042030-30,0.0070,2.99,no
2026-10-05T00:28:25.163327Z,KXETH15M-26OCT042030-30,0.0070,11.69,yes
2026-10-05T00:28:25.377254Z,KXETH15M-26OCT042030-30,0.0070,9.00,yes
2026-10-05T00:28:25.377254Z,KXETH15M-26OCT042030-30,0.0070,7.31,yes
2026-10-05T00:28:25.377254Z,KXETH15M-26OCT042030-30,0.0070,32.00,yes
2026-10-05T00:28:25.378901Z,KXETH15M-26OCT042030-30,0.0060,10.00,no
2026-10-05T00:28:25.378901Z,KXETH15M-26OCT042030-30,0.0060,4.00,no
2026-10-05T00:28:25.378901Z,KXETH15M-26OCT042030-30,0.0060,13.00,no
2026-10-05T00:28:25.378901Z,KXETH15M-26OCT042030-30,0.0060,4.00,no
2026-10-05T00:28:26.01912Z,KXETH15M-26OCT042030-30,0.0140,10.00,yes
2026-10-05T00:28:26.01912Z,KXETH15M-26OCT042030-30,0.0150,20.00,yes
2026-10-05T00:28:26.01912Z,KXETH15M-26OCT042030-30,0.0150,9.00,yes
2026-10-05T00:28:26.01912Z,KXETH15M-26OCT042030-30,0.0080,26.00,yes
2026-10-05T00:28:26.01912Z,KXETH15M-26OCT042030-30,0.0080,100.00,yes
2026-10-05T00:28:26.01912Z,KXETH15M-26OCT042030-30,0.0150,4.00,yes
2026-10-05T00:28:26.01912Z,KXETH15M-26OCT042030-30,0.0110,20.00,yes
2026-10-05T00:28:26.01912Z,KXETH15M-26OCT042030-30,0.0140,4.00,yes
2026-10-05T00:28:26.01912Z,KXETH15M-26OCT042030-30,0.0100,10.00,yes
2026-10-05T00:28:26.01912Z,KXETH15M-26OCT042030-30,0.0100,16.59,yes
2026-10-05T00:28:26.01912Z,KXETH15M-26OCT042030-30,0.0130,1.01,yes
2026-10-05T00:28:26.01912Z,KXETH15M-26OCT042030-30,0.0150,4.04,yes
2026-10-05T00:28:26.01912Z,KXETH15M-26OCT042030-30,0.0100,60.00,yes
2026-10-05T00:28:26.01912Z,KXETH15M-26OCT042030-30,0.0100,64.00,yes
2026-10-05T00:28:26.01912Z,KXETH15M-26OCT042030-30,0.0150,5.36,yes
2026-10-05T00:28:26.01912Z,KXETH15M-26OCT042030-30,0.0160,7.77,yes
2026-10-05T00:28:26.01912Z,KXETH15M-26OCT042030-30,0.0150,4.00,yes
2026-10-05T00:28:26.01912Z,KXETH15M-26OCT042030-30,0.0150,14.00,yes
2026-10-05T00:28:26.01912Z,KXETH15M-26OCT042030-30,0.0100,26.51,yes
2026-10-05T00:28:26.485425Z,KXETH15M-26OCT042030-30,0.0080,11.69,yes
2026-10-05T00:28:26.80623Z,KXETH15M-26OCT042030-30,0.0080,2.00,yes
2026-10-05T00:28:26.80623Z,KXETH15M-26OCT042030-30,0.0080,3.00,yes
2026-10-05T00:28:26.80623Z,KXETH15M-26OCT042030-30,0.0100,30.00,yes
2026-10-05T00:28:26.80623Z,KXETH15M-26OCT042030-30,0.0130,7.05,yes
2026-10-05T00:28:26.80623Z,KXETH15M-26OCT042030-30,0.0080,17.00,yes
2026-10-05T00:28:26.80623Z,KXETH15M-26OCT042030-30,0.0080,23.31,yes
2026-10-05T00:28:26.892974Z,KXETH15M-26OCT042030-30,0.0070,1.00,no
2026-10-05T00:28:27.10055Z,KXETH15M-26OCT042030-30,0.0090,95.46,yes
2026-10-05T00:28:27.18404Z,KXETH15M-26OCT042030-30,0.0040,13.00,no
2026-10-05T00:28:27.18404Z,KXETH15M-26OCT042030-30,0.0040,1.00,no
2026-10-05T00:28:27.18404Z,KXETH15M-26OCT042030-30,0.0040,1.00,no
2026-10-05T00:28:27.18404Z,KXETH15M-26OCT042030-30,0.0040,1.00,no
2026-10-05T00:28:27.18404Z,KXETH15M-26OCT042030-30,0.0040,1.00,no
2026-10-05T00:28:27.18404Z,KXETH15M-26OCT042030-30,0.0040,1.00,no
2026-10-05T00:28:27.18404Z,KXETH15M-26OCT042030-30,0.0040,31.91,no
2026-10-05T00:28:27.18404Z,KXETH15M-26OCT042030-30,0.0030,30.04,no
2026-10-05T00:28:27.18404Z,KXETH15M-26OCT042030-30,0.0040,100.00,no
2026-10-05T00:28:27.18404Z,KXETH15M-26OCT042030-30,0.0040,4.00,no
2026-10-05T00:28:27.18404Z,KXETH15M-26OCT042030-30,0.0050,4.00,no
2026-10-05T00:28:27.18404Z,KXETH15M-26OCT042030-30,0.0050,4.00,no
2026-10-05T00:28:27.18404Z,KXETH15M-26OCT042030-30,0.0050,20.00,no
2026-10-05T00:28:27.18404Z,KXETH15M-26OCT042030-30,0.0060,13.00,no
2026-10-05T00:28:27.18404Z,KXETH15M-26OCT042030-30,0.0050,9.00,no
2026-10-05T00:28:27.18404Z,KXETH15M-26OCT042030-30,0.0050,9.00,no
2026-10-05T00:28:27.18404Z,KXETH15M-26OCT042030-30,0.0070,1.00,no
2026-10-05T00:28:27.18404Z,KXETH15M-26OCT042030-30,0.0070,3.00,no
2026-10-05T00:28:27.18404Z,KXETH15M-26OCT042030-30,0.0060,4.00,no
2026-10-05T00:28:27.18404Z,KXETH15M-26OCT042030-30,0.0080,61.00,no
2026-10-05T00:28:27.866051Z,KXETH15M-26OCT042030-30,0.0060,1.00,no
2026-10-05T00:28:28.747873Z,KXETH15M-26OCT042030-30,0.0080,19.87,yes
2026-10-05T00:28:28.747873Z,KXETH15M-26OCT042030-30,0.0070,10.00,yes
2026-10-05T00:28:28.747873Z,KXETH15M-26OCT042030-30,0.0070,100.00,yes
2026-10-05T00:28:28.984335Z,KXETH15M-26OCT042030-30,0.0070,16.00,no
2026-10-05T00:28:28.984335Z,KXETH15M-26OCT042030-30,0.0070,25.00,no
2026-10-05T00:28:28.984335Z,KXETH15M-26OCT042030-30,0.0060,8.00,no
2026-10-05T00:28:29.003485Z,KXETH15M-26OCT042030-30,0.0060,20.11,no
2026-10-05T00:28:29.038866Z,KXETH15M-26OCT042030-30,0.0070,6.54,yes
2026-10-05T00:28:29.416053Z,KXETH15M-26OCT042030-30,0.0060,7.00,no
2026-10-05T00:28:29.950665Z,KXETH15M-26OCT042030-30,0.0060,13.00,yes
2026-10-05T00:28:29.950665Z,KXETH15M-26OCT042030-30,0.0060,2.58,yes
2026-10-05T00:28:29.959681Z,KXETH15M-26OCT042030-30,0.0050,13.00,no
2026-10-05T00:28:29.959681Z,KXETH15M-26OCT042030-30,0.0050,8.00,no
2026-10-05T00:28:29.959681Z,KXETH15M-26OCT042030-30,0.0050,4.00,no
2026-10-05T00:28:29.959681Z,KXETH15M-26OCT042030-30,0.0050,12.00,no
2026-10-05T00:28:29.959681Z,KXETH15M-26OCT042030-30,0.0050,7.00,no
2026-10-05T00:28:30.071033Z,KXETH15M-26OCT042030-30,0.0070,7.36,yes
2026-10-05T00:28:30.071033Z,KXETH15M-26OCT042030-30,0.0060,14.00,yes
2026-10-05T00:28:30.071033Z,KXETH15M-26OCT042030-30,0.0060,10.42,yes
2026-10-05T00:28:30.071033Z,KXETH15M-26OCT042030-30,0.0060,42.00,yes
2026-10-05T00:28:30.088907Z,KXETH15M-26OCT042030-30,0.0050,2.01,no
2026-10-05T00:28:30.136368Z,KXETH15M-26OCT042030-30,0.0080,1.00,yes
2026-10-05T00:28:30.136368Z,KXETH15M-26OCT042030-30,0.0070,0.64,yes
2026-10-05T00:28:30.136368Z,KXETH15M-26OCT042030-30,0.0080,100.00,yes
2026-10-05T00:28:30.136368Z,KXETH15M-26OCT042030-30,0.0130,10.00,yes
2026-10-05T00:28:30.136368Z,KXETH15M-26OCT042030-30,0.0120,56.00,yes
2026-10-05T00:28:30.136368Z,KXETH15M-26OCT042030-30,0.0160,64.45,yes
2026-10-05T00:28:30.136368Z,KXETH15M-26OCT042030-30,0.0150,20.00,yes
2026-10-05T00:28:30.136368Z,KXETH15M-26OCT042030-30,0.0150,14.00,yes
2026-10-05T00:28:30.136368Z,KXETH15M-26OCT042030-30,0.0130,4.00,yes
2026-10-05T00:28:30.136368Z,KXETH15M-26OCT042030-30,0.0090,30.04,yes
2026-10-05T00:28:30.136368Z,KXETH15M-26OCT042030-30,0.0140,20.00,yes
2026-10-05T00:28:30.136368Z,KXETH15M-26OCT042030-30,0.0150,4.00,yes
2026-10-05T00:28:30.136368Z,KXETH15M-26OCT042030-30,0.0140,4.00,yes
2026-10-05T00:28:30.136368Z,KXETH15M-26OCT042030-30,0.0140,4.00,yes
2026-10-05T00:28:30.136368Z,KXETH15M-26OCT042030-30,0.0150,4.00,yes
2026-10-05T00:28:30.136368Z,KXETH15M-26OCT042030-30,0.0130,4.00,yes
2026-10-05T00:28:30.340438Z,KXETH15M-26OCT042030-30,0.0070,3.00,no
2026-10-05T00:28:30.353841Z,KXETH15M-26OCT042030-30,0.0070,1.00,no
2026-10-05T00:28:30.353841Z,KXETH15M-26OCT042030-30,0.0070,4.00,no
2026-10-05T00:28:30.391938Z,KXETH15M-26OCT042030-30,0.0060,13.00,no
2026-10-05T00:28:30.391938Z,KXETH15M-26OCT042030-30,0.0060,4.00,no
2026-10-05T00:28:30.391938Z,KXETH15M-26OCT042030-30,0.0060,4.00,no
2026-10-05T00:28:30.543451Z,KXETH15M-26OCT042030-30,0.0100,41.36,yes
2026-10-05T00:28:30.543451Z,KXETH15M-26OCT042030-30,0.0080,21.00,yes
2026-10-05T00:28:30.6904Z,KXETH15M-26OCT042030-30,0.0050,4.00,no
2026-10-05T00:28:30.6904Z,KXETH15M-26OCT042030-30,0.0050,9.00,no
2026-10-05T00:28:30.6904Z,KXETH15M-26OCT042030-30,0.0050,4.00,no
2026-10-05T00:28:30.910697Z,KXETH15M-26OCT042030-30,0.0080,0.10,yes
2026-10-05T00:28:31.211009Z,KXETH15M-26OCT042030-30,0.0080,20.38,yes
2026-10-05T00:28:31.846654Z,KXETH15M-26OCT042030-30,0.0150,4.00,yes
2026-10-05T00:28:31.846654Z,KXETH15M-26OCT042030-30,0.0130,4.00,yes
2026-10-05T00:28:31.846654Z,KXETH15M-26OCT042030-30,0.0140,4.00,yes
2026-10-05T00:28:31.846654Z,KXETH15M-26OCT042030-30,0.0080,21.00,yes
2026-10-05T00:28:31.846654Z,KXETH15M-26OCT042030-30,0.0170,3.17,yes
2026-10-05T00:28:31.846654Z,KXETH15M-26OCT042030-30,0.0150,14.00,yes
2026-10-05T00:28:31.846654Z,KXETH15M-26OCT042030-30,0.0150,9.00,yes
2026-10-05T00:28:31.846654Z,KXETH15M-26OCT042030-30,0.0130,4.00,yes
2026-10-05T00:28:31.846654Z,KXETH15M-26OCT042030-30,0.0150,4.00,yes
2026-10-05T00:28:31.846654Z,KXETH15M-26OCT042030-30,0.0130,10.00,yes
2026-10-05T00:28:31.846654Z,KXETH15M-26OCT042030-30,0.0140,4.00,yes
2026-10-05T00:28:31.846654Z,KXETH15M-26OCT042030-30,0.0150,4.04,yes
2026-10-05T00:28:31.846654Z,KXETH15M-26OCT042030-30,0.0100,100.00,yes
2026-10-05T00:28:31.846654Z,KXETH15M-26OCT042030-30,0.0130,1.01,yes
2026-10-05T00:28:31.846654Z,KXETH15M-26OCT042030-30,0.0140,20.00,yes
2026-10-05T00:28:31.846654Z,KXETH15M-26OCT042030-30,0.0160,357.42,yes
2026-10-05T00:28:31.846654Z,KXETH15M-26OCT042030-30,0.0160,31.91,yes
2026-10-05T00:28:32.064574Z,KXETH15M-26OCT042030-30,0.0070,53.00,no
2026-10-05T00:28:32.064574Z,KXETH15M-26OCT042030-30,0.0070,13.00,no
2026-10-05T00:28:32.064574Z,KXETH15M-26OCT042030-30,0.0070,4.00,no
2026-10-05T00:28:32.064574Z,KXETH15M-26OCT042030-30,0.0070,4.00,no
2026-10-05T00:28:32.184542Z,KXETH15M-26OCT042030-30,0.0060,4.00,no
2026-10-05T00:28:32.184542Z,KXETH15M-26OCT042030-30,0.0060,4.00,no
2026-10-05T00:28:32.863677Z,KXETH15M-26OCT042030-30,0.0050,2.00,no
2026-10-05T00:28:32.873768Z,KXETH15M-26OCT042030-30,0.0050,2.00,no
2026-10-05T00:28:33.415554Z,KXETH15M-26OCT042030-30,0.0050,2.00,no
2026-10-05T00:28:33.428371Z,KXETH15M-26OCT042030-30,0.0050,2.00,no
2026-10-05T00:28:33.489641Z,KXETH15M-26OCT042030-30,0.0050,2.00,no
2026-10-05T00:28:33.867636Z,KXETH15M-26OCT042030-30,0.0050,2.00,yes
2026-10-05T00:28:33.867636Z,KXETH15M-26OCT042030-30,0.0050,54.00,yes
2026-10-05T00:28:34.344252Z,KXETH15M-26OCT042030-30,0.0060,5.00,yes
2026-10-05T00:28:34.344252Z,KXETH15M-26OCT042030-30,0.0060,55.00,yes
2026-10-05T00:28:34.344252Z,KXETH15M-26OCT042030-30,0.0060,9.00,yes
2026-10-05T00:28:35.366984Z,KXETH15M-26OCT042030-30,0.0070,12.62,yes
2026-10-05T00:28:35.366984Z,KXETH15M-26OCT042030-30,0.0070,16.00,yes
2026-10-05T00:28:36.400134Z,KXETH15M-26OCT042030-30,0.0050,21.00,no
2026-10-05T00:28:36.779259Z,KXETH15M-26OCT042030-30,0.0050,12.89,yes
2026-10-05T00:28:36.806592Z,KXETH15M-26OCT042030-30,0.0040,10.00,no
2026-10-05T00:28:36.806592Z,KXETH15M-26OCT042030-30,0.0040,8.54,no
2026-10-05T00:28:36.806592Z,KXETH15M-26OCT042030-30,0.0040,4.00,no
2026-10-05T00:28:36.806592Z,KXETH15M-26OCT042030-30,0.0040,20.00,no
2026-10-05T00:28:36.889313Z,KXETH15M-26OCT042030-30,0.0040,20.00,no
2026-10-05T00:28:36.889313Z,KXETH15M-26OCT042030-30,0.0040,10.00,no
2026-10-05T00:28:36.889313Z,KXETH15M-26OCT042030-30,0.0040,36.46,no
2026-10-05T00:28:36.889313Z,KXETH15M-26OCT042030-30,0.0040,12.00,no
2026-10-05T00:28:37.043153Z,KXETH15M-26OCT042030-30,0.0100,17.00,yes
2026-10-05T00:28:37.043153Z,KXETH15M-26OCT042030-30,0.0050,5.11,yes
2026-10-05T00:28:37.043153Z,KXETH15M-26OCT042030-30,0.0050,22.00,yes
2026-10-05T00:28:37.043153Z,KXETH15M-26OCT042030-30,0.0050,16.00,yes
2026-10-05T00:28:37.043153Z,KXETH15M-26OCT042030-30,0.0100,20.00,yes
2026-10-05T00:28:37.043153Z,KXETH15M-26OCT042030-30,0.0110,92.06,yes
2026-10-05T00:28:37.043153Z,KXETH15M-26OCT042030-30,0.0060,15.00,yes
2026-10-05T00:28:37.105376Z,KXETH15M-26OCT042030-30,0.0120,4.00,yes
2026-10-05T00:28:37.105376Z,KXETH15M-26OCT042030-30,0.0090,142.00,yes
2026-10-05T00:28:37.105376Z,KXETH15M-26OCT042030-30,0.0150,9.00,yes
2026-10-05T00:28:37.105376Z,KXETH15M-26OCT042030-30,0.0150,1.01,yes
2026-10-05T00:28:37.105376Z,KXETH15M-26OCT042030-30,0.0180,12.00,yes
2026-10-05T00:28:37.105376Z,KXETH15M-26OCT042030-30,0.0140,4.00,yes
2026-10-05T00:28:37.105376Z,KXETH15M-26OCT042030-30,0.0140,4.00,yes
2026-10-05T00:28:37.105376Z,KXETH15M-26OCT042030-30,0.0170,4.04,yes
2026-10-05T00:28:37.105376Z,KXETH15M-26OCT042030-30,0.0130,4.00,yes
2026-10-05T00:28:37.105376Z,KXETH15M-26OCT042030-30,0.0130,4.00,yes
2026-10-05T00:28:37.105376Z,KXETH15M-26OCT042030-30,0.0120,4.00,yes
2026-10-05T00:28:37.105376Z,KXETH15M-26OCT042030-30,0.0120,10.00,yes
2026-10-05T00:28:37.105376Z,KXETH15M-26OCT042030-30,0.0160,20.00,yes
2026-10-05T00:28:37.105376Z,KXETH15M-26OCT042030-30,0.0190,114.95,yes
2026-10-05T00:28:37.105376Z,KXETH15M-26OCT042030-30,0.0150,1.00,yes
2026-10-05T00:28:37.1214Z,KXETH15M-26OCT042030-30,0.0060,86.00,no
2026-10-05T00:28:37.1214Z,KXETH15M-26OCT042030-30,0.0060,4.00,no
2026-10-05T00:28:37.222507Z,KXETH15M-26OCT042030-30,0.0060,11.32,no
2026-10-05T00:28:37.222507Z,KXETH15M-26OCT042030-30,0.0060,4.00,no
2026-10-05T00:28:37.306435Z,KXETH15M-26OCT042030-30,0.0060,14.00,yes
2026-10-05T00:28:37.306435Z,KXETH15M-26OCT042030-30,0.0060,20.00,yes
2026-10-05T00:28:37.306435Z,KXETH15M-26OCT042030-30,0.0060,36.00,yes
2026-10-05T00:28:37.526198Z,KXETH15M-26OCT042030-30,0.0080,5.00,no
2026-10-05T00:28:37.801712Z,KXETH15M-26OCT042030-30,0.0060,11.00,yes
2026-10-05T00:28:37.848371Z,KXETH15M-26OCT042030-30,0.0060,5.00,yes
2026-10-05T00:28:37.86073Z,KXETH15M-26OCT042030-30,0.0060,5.00,yes
2026-10-05T00:28:38.001744Z,KXETH15M-26OCT042030-30,0.0040,4.00,no
2026-10-05T00:28:38.001744Z,KXETH15M-26OCT042030-30,0.0040,20.00,no
2026-10-05T00:28:38.001744Z,KXETH15M-26OCT042030-30,0.0040,20.00,no
2026-10-05T00:28:38.001744Z,KXETH15M-26OCT042030-30,0.0050,4.00,no
2026-10-05T00:28:38.001744Z,KXETH15M-26OCT042030-30,0.0050,12.00,no
2026-10-05T00:28:38.001744Z,KXETH15M-26OCT042030-30,0.0040,4.00,no
2026-10-05T00:28:39.034476Z,KXETH15M-26OCT042030-30,0.0050,21.62,yes
2026-10-05T00:28:39.130864Z,KXETH15M-26OCT042030-30,0.0040,32.08,no
2026-10-05T00:28:39.431946Z,KXETH15M-26OCT042030-30,0.0050,183.08,yes
2026-10-05T00:28:39.660656Z,KXETH15M-26OCT042030-30,0.0040,1.00,no
2026-10-05T00:28:39.968112Z,KXETH15M-26OCT042030-30,0.0050,935.00,yes
2026-10-05T00:28:39.977583Z,KXETH15M-26OCT042030-30,0.0050,2.00,yes
2026-10-05T00:28:39.9804Z,KXETH15M-26OCT042030-30,0.0050,4.00,yes
2026-10-05T00:28:39.989238Z,KXETH15M-26OCT042030-30,0.0050,25.00,yes
2026-10-05T00:28:39.99397Z,KXETH15M-26OCT042030-30,0.0050,41.00,yes
2026-10-05T00:28:39.999596Z,KXETH15M-26OCT042030-30,0.0050,18.00,yes
2026-10-05T00:28:40.054308Z,KXETH15M-26OCT042030-30,0.0050,33.00,yes
2026-10-05T00:28:40.064878Z,KXETH15M-26OCT042030-30,0.0050,2.00,yes
2026-10-05T00:28:40.181624Z,KXETH15M-26OCT042030-30,0.0050,186.97,yes
2026-10-05T00:28:40.190449Z,KXETH15M-26OCT042030-30,0.0040,32.00,no
2026-10-05T00:28:40.190449Z,KXETH15M-26OCT042030-30,0.0040,20.00,no
2026-10-05T00:28:40.485934Z,KXETH15M-26OCT042030-30,0.0040,20.00,yes
2026-10-05T00:28:40.876538Z,KXETH15M-26OCT042030-30,0.0030,20.38,no
2026-10-05T00:28:40.876538Z,KXETH15M-26OCT042030-30,0.0040,4.00,no
2026-10-05T00:28:40.876538Z,KXETH15M-26OCT042030-30,0.0040,4.00,no
2026-10-05T00:28:40.959488Z,KXETH15M-26OCT042030-30,0.0030,9.82,no
2026-10-05T00:28:41.273207Z,KXETH15M-26OCT042030-30,0.0030,52.96,no
2026-10-05T00:28:41.954978Z,KXETH15M-26OCT042030-30,0.0040,6.00,yes
2026-10-05T00:28:42.583774Z,KXETH15M-26OCT042030-30,0.0030,4.40,no
2026-10-05T00:28:42.886216Z,KXETH15M-26OCT042030-30,0.0040,15.18,yes
2026-10-05T00:28:42.886216Z,KXETH15M-26OCT042030-30,0.0040,3.82,yes
2026-10-05T00:28:42.890077Z,KXETH15M-26OCT042030-30,0.0040,1.00,yes
2026-10-05T00:28:42.890077Z,KXETH15M-26OCT042030-30,0.0040,52.96,yes
2026-10-05T00:28:42.890077Z,KXETH15M-26OCT042030-30,0.0040,5.20,yes
2026-10-05T00:28:42.890077Z,KXETH15M-26OCT042030-30,0.0040,4.40,yes
2026-10-05T00:28:43.05872Z,KXETH15M-26OCT042030-30,0.0040,1.00,no
2026-10-05T00:28:43.14643Z,KXETH15M-26OCT042030-30,0.0040,27.00,no
2026-10-05T00:28:43.270732Z,KXETH15M-26OCT042030-30,0.0040,2.00,no
2026-10-05T00:28:43.270732Z,KXETH15M-26OCT042030-30,0.0040,4.00,no
2026-10-05T00:28:43.282433Z,KXETH15M-26OCT042030-30,0.0040,5.00,no
2026-10-05T00:28:43.397133Z,KXETH15M-26OCT042030-30,0.0040,15.00,no
2026-10-05T00:28:43.54323Z,KXETH15M-26OCT042030-30,0.0040,5.00,no
2026-10-05T00:28:44.332467Z,KXETH15M-26OCT042030-30,0.0030,10.22,no
2026-10-05T00:28:44.414935Z,KXETH15M-26OCT042030-30,0.0040,10.22,yes
2026-10-05T00:28:44.414935Z,KXETH15M-26OCT042030-30,0.0040,20.00,yes
2026-10-05T00:28:44.414935Z,KXETH15M-26OCT042030-30,0.0040,53.00,yes
2026-10-05T00:28:44.414935Z,KXETH15M-26OCT042030-30,0.0040,18.00,yes
2026-10-05T00:28:44.414935Z,KXETH15M-26OCT042030-30,0.0050,290.81,yes
2026-10-05T00:28:44.622024Z,KXETH15M-26OCT042030-30,0.0030,41.39,no
2026-10-05T00:28:44.810118Z,KXETH15M-26OCT042030-30,0.0030,15.04,no
2026-10-05T00:28:45.90624Z,KXETH15M-26OCT042030-30,0.0040,43.10,yes
2026-10-05T00:28:46.458155Z,KXETH15M-26OCT042030-30,0.0040,10.00,yes
2026-10-05T00:28:46.458155Z,KXETH15M-26OCT042030-30,0.0040,8.90,yes
2026-10-05T00:28:46.458155Z,KXETH15M-26OCT042030-30,0.0040,15.04,yes
2026-10-05T00:28:46.458155Z,KXETH15M-26OCT042030-30,0.0040,161.97,yes
2026-10-05T00:28:46.708784Z,KXETH15M-26OCT042030-30,0.0030,3.57,no
2026-10-05T00:28:46.786885Z,KXETH15M-26OCT042030-30,0.0030,11.69,no
2026-10-05T00:28:48.063993Z,KXETH15M-26OCT042030-30,0.0040,20.00,yes
2026-10-05T00:28:48.063993Z,KXETH15M-26OCT042030-30,0.0040,28.00,yes
2026-10-05T00:28:48.063993Z,KXETH15M-26OCT042030-30,0.0040,26.00,yes
2026-10-05T00:28:48.063993Z,KXETH15M-26OCT042030-30,0.0040,99.03,yes
2026-10-05T00:28:48.063993Z,KXETH15M-26OCT042030-30,0.0040,11.69,yes
2026-10-05T00:28:48.063993Z,KXETH15M-26OCT042030-30,0.0040,3.57,yes
2026-10-05T00:28:48.063993Z,KXETH15M-26OCT042030-30,0.0050,35.53,yes
2026-10-05T00:28:49.81583Z,KXETH15M-26OCT042030-30,0.0050,373.95,yes
2026-10-05T00:28:50.556559Z,KXETH15M-26OCT042030-30,0.0040,23.37,yes
2026-10-05T00:28:50.774035Z,KXETH15M-26OCT042030-30,0.0040,31.00,yes
2026-10-05T00:28:50.774035Z,KXETH15M-26OCT042030-30,0.0040,6.63,yes
2026-10-05T00:28:50.774035Z,KXETH15M-26OCT042030-30,0.0050,287.83,yes
2026-10-05T00:28:54.089679Z,KXETH15M-26OCT042030-30,0.0030,2.00,no
2026-10-05T00:28:54.089679Z,KXETH15M-26OCT042030-30,0.0030,2.00,no
2026-10-05T00:28:54.089679Z,KXETH15M-26OCT042030-30,0.0030,2.00,no
2026-10-05T00:28:54.089679Z,KXETH15M-26OCT042030-30,0.0030,18.00,no
2026-10-05T00:28:54.089679Z,KXETH15M-26OCT042030-30,0.0030,2.00,no
2026-10-05T00:28:54.089679Z,KXETH15M-26OCT042030-30,0.0030,2.00,no
2026-10-05T00:28:54.089679Z,KXETH15M-26OCT042030-30,0.0020,624.82,no
2026-10-05T00:28:54.089679Z,KXETH15M-26OCT042030-30,0.0030,168.09,no
2026-10-05T00:28:54.089679Z,KXETH15M-26OCT042030-30,0.0030,17.00,no
2026-10-05T00:28:54.089679Z,KXETH15M-26OCT042030-30,0.0030,4.00,no
2026-10-05T00:28:54.089679Z,KXETH15M-26OCT042030-30,0.0030,4.00,no
2026-10-05T00:28:54.089679Z,KXETH15M-26OCT042030-30,0.0030,44.00,no
2026-10-05T00:28:54.152937Z,KXETH15M-26OCT042030-30,0.0020,53.04,no
2026-10-05T00:28:54.922731Z,KXETH15M-26OCT042030-30,0.0040,10.39,yes
2026-10-05T00:28:54.922731Z,KXETH15M-26OCT042030-30,0.0040,20.00,yes
2026-10-05T00:28:54.922731Z,KXETH15M-26OCT042030-30,0.0030,39.00,yes
2026-10-05T00:28:54.922731Z,KXETH15M-26OCT042030-30,0.0030,25.00,yes
2026-10-05T00:28:55.092915Z,KXETH15M-26OCT042030-30,0.0020,1590.00,no
2026-10-05T00:28:55.118006Z,KXETH15M-26OCT042030-30,0.0020,705.00,no
2026-10-05T00:28:55.132297Z,KXETH15M-26OCT042030-30,0.0040,32.08,yes
2026-10-05T00:28:55.234242Z,KXETH15M-26OCT042030-30,0.0020,1.00,no
2026-10-05T00:28:55.343264Z,KXETH15M-26OCT042030-30,0.0020,15.58,no
2026-10-05T00:28:55.827854Z,KXETH15M-26OCT042030-30,0.0020,39.44,no
2026-10-05T00:28:55.827854Z,KXETH15M-26OCT042030-30,0.0020,10.56,no
2026-10-05T00:28:55.912328Z,KXETH15M-26OCT042030-30,0.0020,50.09,no
2026-10-05T00:28:56.402044Z,KXETH15M-26OCT042030-30,0.0030,8.00,yes
2026-10-05T00:28:56.402044Z,KXETH15M-26OCT042030-30,0.0040,99.48,yes
2026-10-05T00:28:56.402044Z,KXETH15M-26OCT042030-30,0.0030,20.00,yes
2026-10-05T00:28:56.402044Z,KXETH15M-26OCT042030-30,0.0030,2.00,yes
2026-10-05T00:28:56.402044Z,KXETH15M-26OCT042030-30,0.0030,17.00,yes
2026-10-05T00:28:56.826745Z,KXETH15M-26OCT042030-30,0.0020,119.12,no
2026-10-05T00:28:56.826745Z,KXETH15M-26OCT042030-30,0.0030,24.00,no
2026-10-05T00:28:56.845591Z,KXETH15M-26OCT042030-30,0.0020,291.35,no
2026-10-05T00:28:56.845591Z,KXETH15M-26OCT042030-30,0.0020,100.00,no
2026-10-05T00:28:56.845591Z,KXETH15M-26OCT042030-30,0.0020,460.01,no
2026-10-05T00:28:56.845591Z,KXETH15M-26OCT042030-30,0.0030,51.00,no
2026-10-05T00:28:57.419172Z,KXETH15M-26OCT042030-30,0.0020,0.26,no
2026-10-05T00:28:57.885346Z,KXETH15M-26OCT042030-30,0.0030,29.00,yes
2026-10-05T00:28:57.885346Z,KXETH15M-26OCT042030-30,0.0030,22.00,yes
2026-10-05T00:28:57.885346Z,KXETH15M-26OCT042030-30,0.0030,86.42,yes
2026-10-05T00:28:58.224988Z,KXETH15M-26OCT042030-30,0.0030,27.49,yes
2026-10-05T00:28:58.28317Z,KXETH15M-26OCT042030-30,0.0030,305.35,yes
2026-10-05T00:28:58.645977Z,KXETH15M-26OCT042030-30,0.0020,5.00,no
2026-10-05T00:28:59.185691Z,KXETH15M-26OCT042030-30,0.0030,10.50,yes
2026-10-05T00:28:59.415689Z,KXETH15M-26OCT042030-30,0.0020,3.00,no
2026-10-05T00:28:59.415689Z,KXETH15M-26OCT042030-30,0.0020,26.00,no
2026-10-05T00:28:59.415689Z,KXETH15M-26OCT042030-30,0.0020,3.00,no
2026-10-05T00:28:59.415689Z,KXETH15M-26OCT042030-30,0.0020,3.00,no
2026-10-05T00:28:59.415689Z,KXETH15M-26OCT042030-30,0.0020,1.00,no
2026-10-05T00:28:59.415689Z,KXETH15M-26OCT042030-30,0.0020,3.00,no
2026-10-05T00:28:59.715314Z,KXETH15M-26OCT042030-30,0.0030,86.22,yes
2026-10-05T00:28:59.715412Z,KXETH15M-26OCT042030-30,0.0030,75.00,yes
2026-10-05T00:28:59.932695Z,KXETH15M-26OCT042030-30,0.0020,2.00,no
2026-10-05T00:28:59.932695Z,KXETH15M-26OCT042030-30,0.0010,92.00,no
2026-10-05T00:28:59.932695Z,KXETH15M-26OCT042030-30,0.0020,5.00,no
2026-10-05T00:28:59.932695Z,KXETH15M-26OCT042030-30,0.0020,62.00,no
2026-10-05T00:28:59.932695Z,KXETH15M-26OCT042030-30,0.0020,15.00,no
2026-10-05T00:28:59.932695Z,KXETH15M-26OCT042030-30,0.0020,74.00,no
2026-10-05T00:29:00.136986Z,KXETH15M-26OCT042030-30,0.0010,1.00,no
2026-10-05T00:29:00.276377Z,KXETH15M-26OCT042030-30,0.0010,2.00,no
2026-10-05T00:29:00.388961Z,KXETH15M-26OCT042030-30,0.0010,400.00,no
2026-10-05T00:29:00.886387Z,KXETH15M-26OCT042030-30,0.0010,650.00,no
2026-10-05T00:29:01.012998Z,KXETH15M-26OCT042030-30,0.0010,43.73,no
2026-10-05T00:29:01.049903Z,KXETH15M-26OCT042030-30,0.0010,619.00,no
2026-10-05T00:29:01.095404Z,KXETH15M-26OCT042030-30,0.0020,55.00,yes
2026-10-05T00:29:01.095404Z,KXETH15M-26OCT042030-30,0.0020,92.00,yes
2026-10-05T00:29:01.095404Z,KXETH15M-26OCT042030-30,0.0020,769.02,yes
2026-10-05T00:29:01.771592Z,KXETH15M-26OCT042030-30,0.0010,250.25,no
2026-10-05T00:29:01.965908Z,KXETH15M-26OCT042030-30,0.0010,13.00,no
2026-10-05T00:29:02.091667Z,KXETH15M-26OCT042030-30,0.0010,1604.89,no
2026-10-05T00:29:02.092238Z,KXETH15M-26OCT042030-30,0.0010,10.01,no
2026-10-05T00:29:02.187374Z,KXETH15M-26OCT042030-30,0.0010,1501.39,no
2026-10-05T00:29:02.848966Z,KXETH15M-26OCT042030-30,0.0010,500.00,no
2026-10-05T00:29:03.901365Z,KXETH15M-26OCT042030-30,0.0010,40.00,no
2026-10-05T00:29:04.22141Z,KXETH15M-26OCT042030-30,0.0010,200.00,no
2026-10-05T00:29:04.68799Z,KXETH15M-26OCT042030-30,0.0010,32.02,no
2026-10-05T00:29:05.214002Z,KXETH15M-26OCT042030-30,0.0010,36.99,no
2026-10-05T00:29:05.257203Z,KXETH15M-26OCT042030-30,0.0010,22.91,no
2026-10-05T00:29:05.350852Z,KXETH15M-26OCT042030-30,0.0010,318.00,no
2026-10-05T00:29:05.381534Z,KXETH15M-26OCT042030-30,0.0010,63.00,no
2026-10-05T00:29:06.631763Z,KXETH15M-26OCT042030-30,0.0010,50.00,no
2026-10-05T00:29:06.856505Z,KXETH15M-26OCT042030-30,0.0010,701.83,no
2026-10-05T00:29:06.949429Z,KXETH15M-26OCT042030-30,0.0010,727.81,no
2026-10-05T00:29:06.986004Z,KXETH15M-26OCT042030-30,0.0010,467.17,no
2026-10-05T00:29:06.986004Z,KXETH15M-26OCT042030-30,0.0010,373.21,no
2026-10-05T00:29:07.087314Z,KXETH15M-26OCT042030-30,0.0010,100.09,no
2026-10-05T00:29:07.139122Z,KXETH15M-26OCT042030-30,0.0010,155.00,no
2026-10-05T00:29:07.174285Z,KXETH15M-26OCT042030-30,0.0010,171.70,no
2026-10-05T00:29:07.174285Z,KXETH15M-26OCT042030-30,0.0010,328.30,no
2026-10-05T00:29:07.948621Z,KXETH15M-26OCT042030-30,0.0010,200.00,no
2026-10-05T00:29:07.94901Z,KXETH15M-26OCT042030-30,0.0010,230.13,no
2026-10-05T00:29:07.94901Z,KXETH15M-26OCT042030-30,0.0010,471.70,no
2026-10-05T00:29:07.949087Z,KXETH15M-26OCT042030-30,0.0010,80.94,no
2026-10-05T00:29:07.94929Z,KXETH15M-26OCT042030-30,0.0010,500.00,no
2026-10-05T00:29:07.949334Z,KXETH15M-26OCT042030-30,0.0010,40.00,no
2026-10-05T00:29:07.949334Z,KXETH15M-26OCT042030-30,0.0010,63.00,no
2026-10-05T00:29:07.949394Z,KXETH15M-26OCT042030-30,0.0010,50.00,no
2026-10-05T00:29:07.949438Z,KXETH15M-26OCT042030-30,0.0010,400.00,no
2026-10-05T00:29:07.94944Z,KXETH15M-26OCT042030-30,0.0010,43.73,no
2026-10-05T00:29:07.949576Z,KXETH15M-26OCT042030-30,0.0010,467.17,no
2026-10-05T00:29:07.949695Z,KXETH15M-26OCT042030-30,0.0010,36.99,no
2026-10-05T00:29:07.949699Z,KXETH15M-26OCT042030-30,0.0010,1.00,no
2026-10-05T00:29:07.949699Z,KXETH15M-26OCT042030-30,0.0010,1.00,no
2026-10-05T00:29:07.949699Z,KXETH15M-26OCT042030-30,0.0010,1.00,no
2026-10-05T00:29:07.949699Z,KXETH15M-26OCT042030-30,0.0010,88.04,no
2026-10-05T00:29:07.949699Z,KXETH15M-26OCT042030-30,0.0010,653.30,no
2026-10-05T00:29:07.949699Z,KXETH15M-26OCT042030-30,0.0010,169.96,no
2026-10-05T00:29:07.949699Z,KXETH15M-26OCT042030-30,0.0010,4.00,no
2026-10-05T00:29:07.949699Z,KXETH15M-26OCT042030-30,0.0010,22.00,no
2026-10-05T00:29:07.949699Z,KXETH15M-26OCT042030-30,0.0010,20.00,no
2026-10-05T00:29:07.949699Z,KXETH15M-26OCT042030-30,0.0010,67.00,no
2026-10-05T00:29:07.949699Z,KXETH15M-26OCT042030-30,0.0010,66.00,no
2026-10-05T00:29:07.949699Z,KXETH15M-26OCT042030-30,0.0010,4.00,no
2026-10-05T00:29:07.949699Z,KXETH15M-26OCT042030-30,0.0010,4.00,no
2026-10-05T00:29:07.949699Z,KXETH15M-26OCT042030-30,0.0010,20.00,no
2026-10-05T00:29:08.937108Z,KXETH15M-26OCT042030-30,0.0010,451.13,yes
2026-10-05T00:29:08.937108Z,KXETH15M-26OCT042030-30,0.0010,483.59,yes
2026-10-05T00:29:10.224627Z,KXETH15M-26OCT042030-30,0.0010,116.00,yes
2026-10-05T00:29:13.676829Z,KXETH15M-26OCT042030-30,0.0010,467.15,yes
2026-10-05T00:29:18.416428Z,KXETH15M-26OCT042030-30,0.0010,650.00,yes
2026-10-05T00:29:18.416428Z,KXETH15M-26OCT042030-30,0.0010,396.79,yes
2026-10-05T00:29:18.416428Z,KXETH15M-26OCT042030-30,0.0010,467.11,yes
2026-10-05T00:29:18.416428Z,KXETH15M-26OCT042030-30,0.0010,318.00,yes
2026-10-05T00:29:22.181643Z,KXETH15M-26OCT042030-30,0.0010,222.21,yes
2026-10-05T00:29:22.181643Z,KXETH15M-26OCT042030-30,0.0010,148.79,yes
2026-10-05T00:29:23.03989Z,KXETH15M-26OCT042030-30,0.0010,2.52,yes
2026-10-05T00:29:25.656834Z,KXETH15M-26OCT042030-30,0.0010,81.00,yes
2026-10-05T00:29:25.656834Z,KXETH15M-26OCT042030-30,0.0010,924.15,yes
2026-10-05T00:29:25.656834Z,KXETH15M-26OCT042030-30,0.0010,576.50,yes
2026-10-05T00:29:25.656834Z,KXETH15M-26OCT042030-30,0.0010,250.25,yes
2026-10-05T00:29:26.260721Z,KXETH15M-26OCT042030-30,0.0010,91.62,yes
2026-10-05T00:29:26.721868Z,KXETH15M-26OCT042030-30,0.0010,467.36,yes
2026-10-05T00:29:29.956884Z,KXETH15M-26OCT042030-30,0.0010,179.51,yes
2026-10-05T00:29:30.141069Z,KXETH15M-26OCT042030-30,0.0010,915.99,yes
2026-10-05T00:29:54.152159Z,KXETH15M-26OCT042030-30,0.0010,0.52,yes
2026-10-05T00:28:21.584263Z,KXDOGE15M-26OCT042030-30,0.0820,3.00,no
2026-10-05T00:28:21.605274Z,KXDOGE15M-26OCT042030-30,0.0820,2.00,no
2026-10-05T00:28:21.613521Z,KXDOGE15M-26OCT042030-30,0.0630,10.00,no
2026-10-05T00:28:21.615082Z,KXDOGE15M-26OCT042030-30,0.0570,1.00,no
2026-10-05T00:28:21.615082Z,KXDOGE15M-26OCT042030-30,0.0580,1.00,no
2026-10-05T00:28:21.615082Z,KXDOGE15M-26OCT042030-30,0.0610,1.00,no
2026-10-05T00:28:21.615082Z,KXDOGE15M-26OCT042030-30,0.0600,25.00,no
2026-10-05T00:28:21.771003Z,KXDOGE15M-26OCT042030-30,0.0570,2.00,yes
2026-10-05T00:28:21.771003Z,KXDOGE15M-26OCT042030-30,0.0570,5.05,yes
2026-10-05T00:28:21.772218Z,KXDOGE15M-26OCT042030-30,0.0840,27.00,yes
2026-10-05T00:28:21.772218Z,KXDOGE15M-26OCT042030-30,0.0850,25.00,yes
2026-10-05T00:28:21.772218Z,KXDOGE15M-26OCT042030-30,0.0790,3.00,yes
2026-10-05T00:28:21.772218Z,KXDOGE15M-26OCT042030-30,0.0800,3.00,yes
2026-10-05T00:28:21.772218Z,KXDOGE15M-26OCT042030-30,0.0900,56.51,yes
2026-10-05T00:28:21.772218Z,KXDOGE15M-26OCT042030-30,0.0880,10.00,yes
2026-10-05T00:28:21.775776Z,KXDOGE15M-26OCT042030-30,0.0550,1.00,no
2026-10-05T00:28:21.775776Z,KXDOGE15M-26OCT042030-30,0.0560,1.00,no
2026-10-05T00:28:21.775776Z,KXDOGE15M-26OCT042030-30,0.0570,1.00,no
2026-10-05T00:28:21.775776Z,KXDOGE15M-26OCT042030-30,0.0550,1.00,no
2026-10-05T00:28:21.817461Z,KXDOGE15M-26OCT042030-30,0.0810,3.00,yes
2026-10-05T00:28:21.817461Z,KXDOGE15M-26OCT042030-30,0.0790,2.00,yes
2026-10-05T00:28:21.817461Z,KXDOGE15M-26OCT042030-30,0.0820,14.00,yes
2026-10-05T00:28:21.8575Z,KXDOGE15M-26OCT042030-30,0.0890,4.10,yes
2026-10-05T00:28:21.8575Z,KXDOGE15M-26OCT042030-30,0.0830,3.00,yes
2026-10-05T00:28:21.8575Z,KXDOGE15M-26OCT042030-30,0.0860,5.00,yes
2026-10-05T00:28:21.8575Z,KXDOGE15M-26OCT042030-30,0.0820,3.00,yes
2026-10-05T00:28:21.8575Z,KXDOGE15M-26OCT042030-30,0.0820,11.00,yes
2026-10-05T00:28:21.8575Z,KXDOGE15M-26OCT042030-30,0.0820,5.48,yes
2026-10-05T00:28:21.8575Z,KXDOGE15M-26OCT042030-30,0.0830,2.00,yes
2026-10-05T00:28:21.8575Z,KXDOGE15M-26OCT042030-30,0.0870,2.00,yes
2026-10-05T00:28:21.973818Z,KXDOGE15M-26OCT042030-30,0.0830,2.00,yes
2026-10-05T00:28:22.064582Z,KXDOGE15M-26OCT042030-30,0.0800,2.00,yes
2026-10-05T00:28:22.064582Z,KXDOGE15M-26OCT042030-30,0.0840,3.00,yes
2026-10-05T00:28:22.081264Z,KXDOGE15M-26OCT042030-30,0.0840,22.00,yes
2026-10-05T00:28:22.081264Z,KXDOGE15M-26OCT042030-30,0.0880,2.00,yes
2026-10-05T00:28:22.133293Z,KXDOGE15M-26OCT042030-30,0.0850,6.00,yes
2026-10-05T00:28:22.203972Z,KXDOGE15M-26OCT042030-30,0.0850,5.00,yes
2026-10-05T00:28:22.276284Z,KXDOGE15M-26OCT042030-30,0.0840,10.57,no
2026-10-05T00:28:22.283078Z,KXDOGE15M-26OCT042030-30,0.0850,10.00,yes
2026-10-05T00:28:22.288739Z,KXDOGE15M-26OCT042030-30,0.0850,4.00,yes
2026-10-05T00:28:22.288739Z,KXDOGE15M-26OCT042030-30,0.0850,4.00,yes
2026-10-05T00:28:22.436488Z,KXDOGE15M-26OCT042030-30,0.0650,11.57,no
2026-10-05T00:28:22.436488Z,KXDOGE15M-26OCT042030-30,0.0840,8.43,no
2026-10-05T00:28:22.679658Z,KXDOGE15M-26OCT042030-30,0.0650,18.00,no
2026-10-05T00:28:22.679658Z,KXDOGE15M-26OCT042030-30,0.0650,146.00,no
2026-10-05T00:28:22.679658Z,KXDOGE15M-26OCT042030-30,0.0640,38.00,no
2026-10-05T00:28:22.679658Z,KXDOGE15M-26OCT042030-30,0.0630,25.00,no
2026-10-05T00:28:22.834943Z,KXDOGE15M-26OCT042030-30,0.0730,0.20,no
2026-10-05T00:28:22.834943Z,KXDOGE15M-26OCT042030-30,0.0760,1.80,no
2026-10-05T00:28:22.92495Z,KXDOGE15M-26OCT042030-30,0.0540,0.20,no
2026-10-05T00:28:22.92495Z,KXDOGE15M-26OCT042030-30,0.0730,0.80,no
2026-10-05T00:28:22.92495Z,KXDOGE15M-26OCT042030-30,0.0550,6.00,no
2026-10-05T00:28:22.93273Z,KXDOGE15M-26OCT042030-30,0.0540,1.00,no
2026-10-05T00:28:22.93273Z,KXDOGE15M-26OCT042030-30,0.0540,0.80,no
2026-10-05T00:28:23.037505Z,KXDOGE15M-26OCT042030-30,0.0530,1.00,no
2026-10-05T00:28:23.037505Z,KXDOGE15M-26OCT042030-30,0.0520,1.00,no
2026-10-05T00:28:23.037505Z,KXDOGE15M-26OCT042030-30,0.0760,2.00,no
2026-10-05T00:28:23.037505Z,KXDOGE15M-26OCT042030-30,0.0520,28.74,no
2026-10-05T00:28:23.202542Z,KXDOGE15M-26OCT042030-30,0.0500,2.00,no
2026-10-05T00:28:23.202542Z,KXDOGE15M-26OCT042030-30,0.0500,1.00,no
2026-10-05T00:28:23.202542Z,KXDOGE15M-26OCT042030-30,0.0500,3.00,no
2026-10-05T00:28:23.202542Z,KXDOGE15M-26OCT042030-30,0.0490,1.00,no
2026-10-05T00:28:23.202542Z,KXDOGE15M-26OCT042030-30,0.0480,1.00,no
2026-10-05T00:28:23.202542Z,KXDOGE15M-26OCT042030-30,0.0500,1.00,no
2026-10-05T00:28:23.202542Z,KXDOGE15M-26OCT042030-30,0.0510,1.00,no
2026-10-05T00:28:23.202542Z,KXDOGE15M-26OCT042030-30,0.0470,1.00,no
2026-10-05T00:28:23.202542Z,KXDOGE15M-26OCT042030-30,0.0510,1.00,no
2026-10-05T00:28:23.202542Z,KXDOGE15M-26OCT042030-30,0.0480,10.00,no
2026-10-05T00:28:23.202542Z,KXDOGE15M-26OCT042030-30,0.0500,1.13,no
2026-10-05T00:28:23.213056Z,KXDOGE15M-26OCT042030-30,0.0440,2.00,no
2026-10-05T00:28:23.213056Z,KXDOGE15M-26OCT042030-30,0.0430,1.00,no
2026-10-05T00:28:23.213056Z,KXDOGE15M-26OCT042030-30,0.0440,1.00,no
2026-10-05T00:28:23.213056Z,KXDOGE15M-26OCT042030-30,0.0460,1.00,no
2026-10-05T00:28:23.213056Z,KXDOGE15M-26OCT042030-30,0.0430,1.00,no
2026-10-05T00:28:23.213056Z,KXDOGE15M-26OCT042030-30,0.0450,1.00,no
2026-10-05T00:28:23.213056Z,KXDOGE15M-26OCT042030-30,0.0430,14.00,no
2026-10-05T00:28:23.29236Z,KXDOGE15M-26OCT042030-30,0.0600,32.00,yes
2026-10-05T00:28:23.29236Z,KXDOGE15M-26OCT042030-30,0.0600,18.00,yes
2026-10-05T00:28:23.311128Z,KXDOGE15M-26OCT042030-30,0.0600,22.37,yes
2026-10-05T00:28:23.35884Z,KXDOGE15M-26OCT042030-30,0.0420,1.00,no
2026-10-05T00:28:23.373114Z,KXDOGE15M-26OCT042030-30,0.0410,1.00,no
2026-10-05T00:28:23.425752Z,KXDOGE15M-26OCT042030-30,0.0400,2.00,no
2026-10-05T00:28:23.425752Z,KXDOGE15M-26OCT042030-30,0.0360,1.00,no
2026-10-05T00:28:23.425752Z,KXDOGE15M-26OCT042030-30,0.0380,1.00,no
2026-10-05T00:28:23.425752Z,KXDOGE15M-26OCT042030-30,0.0390,1.00,no
2026-10-05T00:28:23.425752Z,KXDOGE15M-26OCT042030-30,0.0370,1.00,no
2026-10-05T00:28:23.425752Z,KXDOGE15M-26OCT042030-30,0.0400,1.00,no
2026-10-05T00:28:23.460101Z,KXDOGE15M-26OCT042030-30,0.0340,4.00,no
2026-10-05T00:28:23.460101Z,KXDOGE15M-26OCT042030-30,0.0340,1.00,no
2026-10-05T00:28:23.460101Z,KXDOGE15M-26OCT042030-30,0.0350,1.00,no
2026-10-05T00:28:23.518702Z,KXDOGE15M-26OCT042030-30,0.0360,0.41,yes
2026-10-05T00:28:23.518702Z,KXDOGE15M-26OCT042030-30,0.0350,3.00,yes
2026-10-05T00:28:23.76068Z,KXDOGE15M-26OCT042030-30,0.0330,1.00,no
2026-10-05T00:28:23.76068Z,KXDOGE15M-26OCT042030-30,0.0320,1.00,no
2026-10-05T00:28:23.794728Z,KXDOGE15M-26OCT042030-30,0.0500,10.42,yes
2026-10-05T00:28:23.794728Z,KXDOGE15M-26OCT042030-30,0.0490,31.00,yes
2026-10-05T00:28:23.794728Z,KXDOGE15M-26OCT042030-30,0.0360,3.00,yes
2026-10-05T00:28:23.794728Z,KXDOGE15M-26OCT042030-30,0.0370,3.00,yes
2026-10-05T00:28:23.859276Z,KXDOGE15M-26OCT042030-30,0.0310,1.00,no
2026-10-05T00:28:23.859276Z,KXDOGE15M-26OCT042030-30,0.0310,1.00,no
2026-10-05T00:28:23.859276Z,KXDOGE15M-26OCT042030-30,0.0310,8.00,no
2026-10-05T00:28:23.934331Z,KXDOGE15M-26OCT042030-30,0.0300,2.00,no
2026-10-05T00:28:23.934331Z,KXDOGE15M-26OCT042030-30,0.0300,6.66,no
2026-10-05T00:28:23.934331Z,KXDOGE15M-26OCT042030-30,0.0300,1.00,no
2026-10-05T00:28:23.934331Z,KXDOGE15M-26OCT042030-30,0.0300,0.35,no
2026-10-05T00:28:23.934331Z,KXDOGE15M-26OCT042030-30,0.0300,17.99,no
2026-10-05T00:28:24.028675Z,KXDOGE15M-26OCT042030-30,0.0380,1.00,yes
2026-10-05T00:28:24.047294Z,KXDOGE15M-26OCT042030-30,0.0300,4.00,no
2026-10-05T00:28:24.400425Z,KXDOGE15M-26OCT042030-30,0.0370,3.00,yes
2026-10-05T00:28:24.400425Z,KXDOGE15M-26OCT042030-30,0.0390,2.00,yes
2026-10-05T00:28:24.400425Z,KXDOGE15M-26OCT042030-30,0.0420,1.69,yes
2026-10-05T00:28:24.400425Z,KXDOGE15M-26OCT042030-30,0.0380,2.00,yes
2026-10-05T00:28:24.577099Z,KXDOGE15M-26OCT042030-30,0.0300,6.99,no
2026-10-05T00:28:24.577099Z,KXDOGE15M-26OCT042030-30,0.0300,3.01,no
2026-10-05T00:28:24.866867Z,KXDOGE15M-26OCT042030-30,0.0370,3.00,yes
2026-10-05T00:28:24.866867Z,KXDOGE15M-26OCT042030-30,0.0350,2.00,yes
2026-10-05T00:28:24.866867Z,KXDOGE15M-26OCT042030-30,0.0490,31.00,yes
2026-10-05T00:28:24.866867Z,KXDOGE15M-26OCT042030-30,0.0440,4.00,yes
2026-10-05T00:28:24.866867Z,KXDOGE15M-26OCT042030-30,0.0500,70.62,yes
2026-10-05T00:28:24.866867Z,KXDOGE15M-26OCT042030-30,0.0480,1.00,yes
2026-10-05T00:28:25.22372Z,KXDOGE15M-26OCT042030-30,0.0310,1.00,no
2026-10-05T00:28:26.035658Z,KXDOGE15M-26OCT042030-30,0.0440,44.00,yes
2026-10-05T00:28:26.035658Z,KXDOGE15M-26OCT042030-30,0.0450,5.00,yes
2026-10-05T00:28:26.035658Z,KXDOGE15M-26OCT042030-30,0.0460,25.18,yes
2026-10-05T00:28:26.035658Z,KXDOGE15M-26OCT042030-30,0.0450,1.00,yes
2026-10-05T00:28:26.035658Z,KXDOGE15M-26OCT042030-30,0.0450,2.00,yes
2026-10-05T00:28:26.035658Z,KXDOGE15M-26OCT042030-30,0.0450,27.00,yes
2026-10-05T00:28:27.015927Z,KXDOGE15M-26OCT042030-30,0.0420,2.00,yes
2026-10-05T00:28:27.015927Z,KXDOGE15M-26OCT042030-30,0.0450,2.00,yes
2026-10-05T00:28:27.055754Z,KXDOGE15M-26OCT042030-30,0.0330,3.00,no
2026-10-05T00:28:27.055754Z,KXDOGE15M-26OCT042030-30,0.0330,6.00,no
2026-10-05T00:28:27.055754Z,KXDOGE15M-26OCT042030-30,0.0330,1.00,no
2026-10-05T00:28:27.574587Z,KXDOGE15M-26OCT042030-30,0.0430,36.00,yes
2026-10-05T00:28:28.686229Z,KXDOGE15M-26OCT042030-30,0.0440,1.00,yes
2026-10-05T00:28:28.686229Z,KXDOGE15M-26OCT042030-30,0.0440,2.00,yes
2026-10-05T00:28:28.686229Z,KXDOGE15M-26OCT042030-30,0.0430,2.00,yes
2026-10-05T00:28:28.686229Z,KXDOGE15M-26OCT042030-30,0.0450,2.00,yes
2026-10-05T00:28:29.130212Z,KXDOGE15M-26OCT042030-30,0.0340,0.81,no
2026-10-05T00:28:29.177955Z,KXDOGE15M-26OCT042030-30,0.0420,0.65,yes
2026-10-05T00:28:29.370605Z,KXDOGE15M-26OCT042030-30,0.0400,2.00,yes
2026-10-05T00:28:29.370605Z,KXDOGE15M-26OCT042030-30,0.0400,10.00,yes
2026-10-05T00:28:30.001737Z,KXDOGE15M-26OCT042030-30,0.0570,4.65,yes
2026-10-05T00:28:30.001737Z,KXDOGE15M-26OCT042030-30,0.0460,2.00,yes
2026-10-05T00:28:30.001737Z,KXDOGE15M-26OCT042030-30,0.0480,1.00,yes
2026-10-05T00:28:30.001737Z,KXDOGE15M-26OCT042030-30,0.0430,2.00,yes
2026-10-05T00:28:30.001737Z,KXDOGE15M-26OCT042030-30,0.0510,5.00,yes
2026-10-05T00:28:30.001737Z,KXDOGE15M-26OCT042030-30,0.0460,1.00,yes
2026-10-05T00:28:30.031954Z,KXDOGE15M-26OCT042030-30,0.0460,22.81,yes
2026-10-05T00:28:31.16434Z,KXDOGE15M-26OCT042030-30,0.0450,2.00,yes
2026-10-05T00:28:31.16434Z,KXDOGE15M-26OCT042030-30,0.0460,0.39,yes
2026-10-05T00:28:31.274646Z,KXDOGE15M-26OCT042030-30,0.0450,33.17,yes
2026-10-05T00:28:31.510017Z,KXDOGE15M-26OCT042030-30,0.0380,4.00,no
2026-10-05T00:28:31.510017Z,KXDOGE15M-26OCT042030-30,0.0310,27.00,no
2026-10-05T00:28:31.510017Z,KXDOGE15M-26OCT042030-30,0.0400,2.00,no
2026-10-05T00:28:31.510017Z,KXDOGE15M-26OCT042030-30,0.0370,4.00,no
2026-10-05T00:28:31.510017Z,KXDOGE15M-26OCT042030-30,0.0410,56.00,no
2026-10-05T00:28:31.510017Z,KXDOGE15M-26OCT042030-30,0.0300,29.51,no
2026-10-05T00:28:31.510017Z,KXDOGE15M-26OCT042030-30,0.0310,1.00,no
2026-10-05T00:28:31.510017Z,KXDOGE15M-26OCT042030-30,0.0320,1.00,no
2026-10-05T00:28:31.920195Z,KXDOGE15M-26OCT042030-30,0.0390,31.00,yes
2026-10-05T00:28:31.920195Z,KXDOGE15M-26OCT042030-30,0.0390,2.00,yes
2026-10-05T00:28:31.920195Z,KXDOGE15M-26OCT042030-30,0.0400,120.00,yes
2026-10-05T00:28:32.992581Z,KXDOGE15M-26OCT042030-30,0.0390,1.23,yes
2026-10-05T00:28:32.992581Z,KXDOGE15M-26OCT042030-30,0.0380,8.00,yes
2026-10-05T00:28:32.992581Z,KXDOGE15M-26OCT042030-30,0.0360,6.00,yes
2026-10-05T00:28:33.079255Z,KXDOGE15M-26OCT042030-30,0.0390,19.89,yes
2026-10-05T00:28:33.079255Z,KXDOGE15M-26OCT042030-30,0.0390,0.77,yes
2026-10-05T00:28:33.631714Z,KXDOGE15M-26OCT042030-30,0.0300,20.54,no
2026-10-05T00:28:33.631714Z,KXDOGE15M-26OCT042030-30,0.0310,27.00,no
2026-10-05T00:28:33.631714Z,KXDOGE15M-26OCT042030-30,0.0310,7.00,no
2026-10-05T00:28:33.631714Z,KXDOGE15M-26OCT042030-30,0.0310,6.00,no
2026-10-05T00:28:33.951168Z,KXDOGE15M-26OCT042030-30,0.0370,1.63,yes
2026-10-05T00:28:34.261938Z,KXDOGE15M-26OCT042030-30,0.0370,1.37,yes
2026-10-05T00:28:34.261938Z,KXDOGE15M-26OCT042030-30,0.0380,2.00,yes
2026-10-05T00:28:34.261938Z,KXDOGE15M-26OCT042030-30,0.0360,3.00,yes
2026-10-05T00:28:34.261938Z,KXDOGE15M-26OCT042030-30,0.0390,31.00,yes
2026-10-05T00:28:34.261938Z,KXDOGE15M-26OCT042030-30,0.0400,10.10,yes
2026-10-05T00:28:34.680774Z,KXDOGE15M-26OCT042030-30,0.0390,2.00,yes
2026-10-05T00:28:34.680774Z,KXDOGE15M-26OCT042030-30,0.0380,3.00,yes
2026-10-05T00:28:34.680774Z,KXDOGE15M-26OCT042030-30,0.0390,1.00,yes
2026-10-05T00:28:34.680774Z,KXDOGE15M-26OCT042030-30,0.0390,31.00,yes
2026-10-05T00:28:34.680774Z,KXDOGE15M-26OCT042030-30,0.0390,2.00,yes
2026-10-05T00:28:34.680774Z,KXDOGE15M-26OCT042030-30,0.0400,38.36,yes
2026-10-05T00:28:35.772452Z,KXDOGE15M-26OCT042030-30,0.0370,2.00,yes
2026-10-05T00:28:35.772452Z,KXDOGE15M-26OCT042030-30,0.0380,2.54,yes
2026-10-05T00:28:35.772452Z,KXDOGE15M-26OCT042030-30,0.0360,3.00,yes
2026-10-05T00:28:35.772452Z,KXDOGE15M-26OCT042030-30,0.0370,1.00,yes
2026-10-05T00:28:36.090859Z,KXDOGE15M-26OCT042030-30,0.0310,27.00,no
2026-10-05T00:28:36.090859Z,KXDOGE15M-26OCT042030-30,0.0310,5.00,no
2026-10-05T00:28:36.090859Z,KXDOGE15M-26OCT042030-30,0.0300,68.00,no
2026-10-05T00:28:36.091018Z,KXDOGE15M-26OCT042030-30,0.0300,33.00,no
2026-10-05T00:28:36.091539Z,KXDOGE15M-26OCT042030-30,0.0270,1.00,no
2026-10-05T00:28:36.091539Z,KXDOGE15M-26OCT042030-30,0.0290,1.00,no
2026-10-05T00:28:36.091539Z,KXDOGE15M-26OCT042030-30,0.0280,1.00,no
2026-10-05T00:28:36.091539Z,KXDOGE15M-26OCT042030-30,0.0300,25.00,no
2026-10-05T00:28:36.091539Z,KXDOGE15M-26OCT042030-30,0.0300,10.00,no
2026-10-05T00:28:36.091539Z,KXDOGE15M-26OCT042030-30,0.0300,41.96,no
2026-10-05T00:28:36.09621Z,KXDOGE15M-26OCT042030-30,0.0310,27.00,no
2026-10-05T00:28:36.492234Z,KXDOGE15M-26OCT042030-30,0.0240,8.00,no
2026-10-05T00:28:36.492234Z,KXDOGE15M-26OCT042030-30,0.0200,10.00,no
2026-10-05T00:28:36.492234Z,KXDOGE15M-26OCT042030-30,0.0210,1.00,no
2026-10-05T00:28:36.492234Z,KXDOGE15M-26OCT042030-30,0.0260,1.00,no
2026-10-05T00:28:36.492234Z,KXDOGE15M-26OCT042030-30,0.0240,1.00,no
2026-10-05T00:28:36.492234Z,KXDOGE15M-26OCT042030-30,0.0230,1.00,no
2026-10-05T00:28:36.492234Z,KXDOGE15M-26OCT042030-30,0.0220,1.00,no
2026-10-05T00:28:36.492234Z,KXDOGE15M-26OCT042030-30,0.0250,1.00,no
2026-10-05T00:28:36.492234Z,KXDOGE15M-26OCT042030-30,0.0210,1.00,no
2026-10-05T00:28:36.492234Z,KXDOGE15M-26OCT042030-30,0.0200,1.00,no
2026-10-05T00:28:36.492234Z,KXDOGE15M-26OCT042030-30,0.0260,24.00,no
2026-10-05T00:28:36.492234Z,KXDOGE15M-26OCT042030-30,0.0250,15.00,no
2026-10-05T00:28:36.726282Z,KXDOGE15M-26OCT042030-30,0.0200,1.00,no
2026-10-05T00:28:36.726282Z,KXDOGE15M-26OCT042030-30,0.0200,22.00,no
2026-10-05T00:28:36.924771Z,KXDOGE15M-26OCT042030-30,0.0200,5.00,no
2026-10-05T00:28:37.16756Z,KXDOGE15M-26OCT042030-30,0.0200,5.00,no
2026-10-05T00:28:37.17901Z,KXDOGE15M-26OCT042030-30,0.0200,18.00,no
2026-10-05T00:28:37.251513Z,KXDOGE15M-26OCT042030-30,0.0190,1.00,no
2026-10-05T00:28:37.350502Z,KXDOGE15M-26OCT042030-30,0.0160,1.00,no
2026-10-05T00:28:37.350502Z,KXDOGE15M-26OCT042030-30,0.0140,1.00,no
2026-10-05T00:28:37.350502Z,KXDOGE15M-26OCT042030-30,0.0180,1.00,no
2026-10-05T00:28:37.350502Z,KXDOGE15M-26OCT042030-30,0.0150,1.00,no
2026-10-05T00:28:37.350502Z,KXDOGE15M-26OCT042030-30,0.0170,1.00,no
2026-10-05T00:28:37.350502Z,KXDOGE15M-26OCT042030-30,0.0140,5.00,no
2026-10-05T00:28:37.520204Z,KXDOGE15M-26OCT042030-30,0.0160,3.00,yes
2026-10-05T00:28:37.520204Z,KXDOGE15M-26OCT042030-30,0.0190,5.14,yes
2026-10-05T00:28:37.520204Z,KXDOGE15M-26OCT042030-30,0.0150,3.00,yes
2026-10-05T00:28:38.531292Z,KXDOGE15M-26OCT042030-30,0.0130,97.09,no
2026-10-05T00:28:38.531292Z,KXDOGE15M-26OCT042030-30,0.0130,66.00,no
2026-10-05T00:28:38.583026Z,KXDOGE15M-26OCT042030-30,0.0130,1.00,no
2026-10-05T00:28:38.583026Z,KXDOGE15M-26OCT042030-30,0.0130,62.91,no
2026-10-05T00:28:38.583026Z,KXDOGE15M-26OCT042030-30,0.0130,38.02,no
2026-10-05T00:28:39.314204Z,KXDOGE15M-26OCT042030-30,0.0120,1.00,no
2026-10-05T00:28:39.314204Z,KXDOGE15M-26OCT042030-30,0.0120,6.00,no
2026-10-05T00:28:39.375997Z,KXDOGE15M-26OCT042030-30,0.0150,40.00,yes
2026-10-05T00:28:39.375997Z,KXDOGE15M-26OCT042030-30,0.0150,46.08,yes
2026-10-05T00:28:39.375997Z,KXDOGE15M-26OCT042030-30,0.0140,7.00,yes
2026-10-05T00:28:39.375997Z,KXDOGE15M-26OCT042030-30,0.0120,3.00,yes
2026-10-05T00:28:39.375997Z,KXDOGE15M-26OCT042030-30,0.0130,3.00,yes
2026-10-05T00:28:39.375997Z,KXDOGE15M-26OCT042030-30,0.0130,22.00,yes
2026-10-05T00:28:39.721893Z,KXDOGE15M-26OCT042030-30,0.0110,1.00,no
2026-10-05T00:28:39.721893Z,KXDOGE15M-26OCT042030-30,0.0110,1.00,no
2026-10-05T00:28:39.839501Z,KXDOGE15M-26OCT042030-30,0.0150,26.00,yes
2026-10-05T00:28:39.839501Z,KXDOGE15M-26OCT042030-30,0.0120,2.11,yes
2026-10-05T00:28:39.839501Z,KXDOGE15M-26OCT042030-30,0.0140,3.00,yes
2026-10-05T00:28:39.839501Z,KXDOGE15M-26OCT042030-30,0.0130,3.00,yes
2026-10-05T00:28:40.517555Z,KXDOGE15M-26OCT042030-30,0.0150,2.00,yes
2026-10-05T00:28:40.576038Z,KXDOGE15M-26OCT042030-30,0.0160,0.61,yes
2026-10-05T00:28:40.576038Z,KXDOGE15M-26OCT042030-30,0.0150,25.92,yes
2026-10-05T00:28:41.204142Z,KXDOGE15M-26OCT042030-30,0.0120,1.00,no
2026-10-05T00:28:41.933466Z,KXDOGE15M-26OCT042030-30,0.0130,21.00,no
2026-10-05T00:28:42.868207Z,KXDOGE15M-26OCT042030-30,0.0150,1.00,yes
2026-10-05T00:28:42.868207Z,KXDOGE15M-26OCT042030-30,0.0160,0.39,yes
2026-10-05T00:28:42.868207Z,KXDOGE15M-26OCT042030-30,0.0150,22.00,yes
2026-10-05T00:28:43.188878Z,KXDOGE15M-26OCT042030-30,0.0180,45.00,yes
2026-10-05T00:28:43.188878Z,KXDOGE15M-26OCT042030-30,0.0190,72.00,yes
2026-10-05T00:28:43.188878Z,KXDOGE15M-26OCT042030-30,0.0190,66.00,yes
2026-10-05T00:28:43.188878Z,KXDOGE15M-26OCT042030-30,0.0150,10.00,yes
2026-10-05T00:28:43.188878Z,KXDOGE15M-26OCT042030-30,0.0170,6.00,yes
2026-10-05T00:28:43.188878Z,KXDOGE15M-26OCT042030-30,0.0160,21.00,yes
2026-10-05T00:28:43.188878Z,KXDOGE15M-26OCT042030-30,0.0150,7.00,yes
2026-10-05T00:28:43.668171Z,KXDOGE15M-26OCT042030-30,0.0190,62.91,yes
2026-10-05T00:28:43.668171Z,KXDOGE15M-26OCT042030-30,0.0190,25.09,yes
2026-10-05T00:28:43.668171Z,KXDOGE15M-26OCT042030-30,0.0200,1.52,yes
2026-10-05T00:28:43.668171Z,KXDOGE15M-26OCT042030-30,0.0200,1.00,yes
2026-10-05T00:28:43.668171Z,KXDOGE15M-26OCT042030-30,0.0200,5.00,yes
2026-10-05T00:28:43.668171Z,KXDOGE15M-26OCT042030-30,0.0190,1.00,yes
2026-10-05T00:28:44.416118Z,KXDOGE15M-26OCT042030-30,0.0160,5.25,no
2026-10-05T00:28:44.706893Z,KXDOGE15M-26OCT042030-30,0.0160,6.00,no
2026-10-05T00:28:44.716218Z,KXDOGE15M-26OCT042030-30,0.0150,21.00,no
2026-10-05T00:28:44.723953Z,KXDOGE15M-26OCT042030-30,0.0140,22.00,no
2026-10-05T00:28:44.723953Z,KXDOGE15M-26OCT042030-30,0.0140,22.00,no
2026-10-05T00:28:44.787216Z,KXDOGE15M-26OCT042030-30,0.0140,0.71,no
2026-10-05T00:28:44.787216Z,KXDOGE15M-26OCT042030-30,0.0140,21.29,no
2026-10-05T00:28:44.896463Z,KXDOGE15M-26OCT042030-30,0.0130,19.00,no
2026-10-05T00:28:44.905593Z,KXDOGE15M-26OCT042030-30,0.0130,5.00,no
2026-10-05T00:28:45.015646Z,KXDOGE15M-26OCT042030-30,0.0130,48.00,no
2026-10-05T00:28:45.015646Z,KXDOGE15M-26OCT042030-30,0.0130,62.91,no
2026-10-05T00:28:45.015646Z,KXDOGE15M-26OCT042030-30,0.0130,25.09,no
2026-10-05T00:28:45.116217Z,KXDOGE15M-26OCT042030-30,0.0110,1.00,no
2026-10-05T00:28:45.116217Z,KXDOGE15M-26OCT042030-30,0.0110,1.00,no
2026-10-05T00:28:45.670906Z,KXDOGE15M-26OCT042030-30,0.0110,2.00,no
2026-10-05T00:28:45.872984Z,KXDOGE15M-26OCT042030-30,0.0110,10.00,no
2026-10-05T00:28:45.872984Z,KXDOGE15M-26OCT042030-30,0.0110,20.00,no
2026-10-05T00:28:45.872984Z,KXDOGE15M-26OCT042030-30,0.0110,38.00,no
2026-10-05T00:28:45.878178Z,KXDOGE15M-26OCT042030-30,0.0100,100.00,no
2026-10-05T00:28:45.878178Z,KXDOGE15M-26OCT042030-30,0.0100,1.00,no
2026-10-05T00:28:45.878178Z,KXDOGE15M-26OCT042030-30,0.0110,1.00,no
2026-10-05T00:28:45.878178Z,KXDOGE15M-26OCT042030-30,0.0100,20.00,no
2026-10-05T00:28:45.878178Z,KXDOGE15M-26OCT042030-30,0.0100,25.00,no
2026-10-05T00:28:45.878178Z,KXDOGE15M-26OCT042030-30,0.0110,62.00,no
2026-10-05T00:28:45.878178Z,KXDOGE15M-26OCT042030-30,0.0100,1.00,no
2026-10-05T00:28:45.886247Z,KXDOGE15M-26OCT042030-30,0.0080,1.00,no
2026-10-05T00:28:45.886247Z,KXDOGE15M-26OCT042030-30,0.0090,1.00,no
2026-10-05T00:28:45.886247Z,KXDOGE15M-26OCT042030-30,0.0100,11.09,no
2026-10-05T00:28:45.886247Z,KXDOGE15M-26OCT042030-30,0.0080,27.00,no
2026-10-05T00:28:45.886247Z,KXDOGE15M-26OCT042030-30,0.0100,0.01,no
2026-10-05T00:28:45.886247Z,KXDOGE15M-26OCT042030-30,0.0100,4.17,no
2026-10-05T00:28:45.964536Z,KXDOGE15M-26OCT042030-30,0.0070,1.00,no
2026-10-05T00:28:45.964536Z,KXDOGE15M-26OCT042030-30,0.0060,1.00,no
2026-10-05T00:28:45.964536Z,KXDOGE15M-26OCT042030-30,0.0070,4.00,no
2026-10-05T00:28:45.964536Z,KXDOGE15M-26OCT042030-30,0.0070,32.00,no
2026-10-05T00:28:45.964536Z,KXDOGE15M-26OCT042030-30,0.0060,11.49,no
2026-10-05T00:28:46.009897Z,KXDOGE15M-26OCT042030-30,0.0090,3.00,yes
2026-10-05T00:28:46.009897Z,KXDOGE15M-26OCT042030-30,0.0090,33.71,yes
2026-10-05T00:28:47.048346Z,KXDOGE15M-26OCT042030-30,0.0070,28.00,no
2026-10-05T00:28:47.048346Z,KXDOGE15M-26OCT042030-30,0.0070,37.00,no
2026-10-05T00:28:47.048346Z,KXDOGE15M-26OCT042030-30,0.0060,46.00,no
2026-10-05T00:28:47.059842Z,KXDOGE15M-26OCT042030-30,0.0110,25.00,yes
2026-10-05T00:28:47.059842Z,KXDOGE15M-26OCT042030-30,0.0160,44.00,yes
2026-10-05T00:28:47.059842Z,KXDOGE15M-26OCT042030-30,0.0110,6.00,yes
2026-10-05T00:28:47.059842Z,KXDOGE15M-26OCT042030-30,0.0100,4.97,yes
2026-10-05T00:28:47.059842Z,KXDOGE15M-26OCT042030-30,0.0090,5.00,yes
2026-10-05T00:28:47.059842Z,KXDOGE15M-26OCT042030-30,0.0160,5.00,yes
2026-10-05T00:28:47.059842Z,KXDOGE15M-26OCT042030-30,0.0080,9.00,yes
2026-10-05T00:28:47.059842Z,KXDOGE15M-26OCT042030-30,0.0080,3.00,yes
2026-10-05T00:28:47.059842Z,KXDOGE15M-26OCT042030-30,0.0090,3.00,yes
2026-10-05T00:28:47.059842Z,KXDOGE15M-26OCT042030-30,0.0090,2.00,yes
2026-10-05T00:28:47.059842Z,KXDOGE15M-26OCT042030-30,0.0100,10.00,yes
2026-10-05T00:28:47.059842Z,KXDOGE15M-26OCT042030-30,0.0080,3.00,yes
2026-10-05T00:28:47.059842Z,KXDOGE15M-26OCT042030-30,0.0100,10.00,yes
2026-10-05T00:28:47.059842Z,KXDOGE15M-26OCT042030-30,0.0170,5.57,yes
2026-10-05T00:28:47.400278Z,KXDOGE15M-26OCT042030-30,0.0050,1.00,no
2026-10-05T00:28:47.400278Z,KXDOGE15M-26OCT042030-30,0.0050,11.00,no
2026-10-05T00:28:47.400278Z,KXDOGE15M-26OCT042030-30,0.0050,1.00,no
2026-10-05T00:28:47.400278Z,KXDOGE15M-26OCT042030-30,0.0050,2.00,no
2026-10-05T00:28:47.400278Z,KXDOGE15M-26OCT042030-30,0.0050,5.00,no
2026-10-05T00:28:47.685925Z,KXDOGE15M-26OCT042030-30,0.0040,1.00,no
2026-10-05T00:28:47.685925Z,KXDOGE15M-26OCT042030-30,0.0040,3.36,no
2026-10-05T00:28:48.974811Z,KXDOGE15M-26OCT042030-30,0.0040,1.00,no
2026-10-05T00:28:48.981391Z,KXDOGE15M-26OCT042030-30,0.0040,1.00,no
2026-10-05T00:28:50.07145Z,KXDOGE15M-26OCT042030-30,0.0040,0.70,no
2026-10-05T00:28:50.07145Z,KXDOGE15M-26OCT042030-30,0.0040,1.00,no
2026-10-05T00:28:50.07145Z,KXDOGE15M-26OCT042030-30,0.0040,1.00,no
2026-10-05T00:28:50.07145Z,KXDOGE15M-26OCT042030-30,0.0040,7.64,no
2026-10-05T00:28:50.218421Z,KXDOGE15M-26OCT042030-30,0.0050,82.00,yes
2026-10-05T00:28:50.218421Z,KXDOGE15M-26OCT042030-30,0.0050,1.00,yes
2026-10-05T00:28:50.218421Z,KXDOGE15M-26OCT042030-30,0.0070,8.42,yes
2026-10-05T00:28:50.218421Z,KXDOGE15M-26OCT042030-30,0.0060,17.00,yes
2026-10-05T00:28:52.10055Z,KXDOGE15M-26OCT042030-30,0.0040,0.30,no
2026-10-05T00:28:52.10055Z,KXDOGE15M-26OCT042030-30,0.0040,0.70,no
2026-10-05T00:28:52.10055Z,KXDOGE15M-26OCT042030-30,0.0040,1.00,no
2026-10-05T00:28:52.243602Z,KXDOGE15M-26OCT042030-30,0.0060,1.00,yes
2026-10-05T00:28:52.243602Z,KXDOGE15M-26OCT042030-30,0.0140,5.00,yes
2026-10-05T00:28:52.243602Z,KXDOGE15M-26OCT042030-30,0.0170,13.00,yes
2026-10-05T00:28:52.243602Z,KXDOGE15M-26OCT042030-30,0.0160,13.00,yes
2026-10-05T00:28:52.243602Z,KXDOGE15M-26OCT042030-30,0.0100,3.00,yes
2026-10-05T00:28:52.243602Z,KXDOGE15M-26OCT042030-30,0.0050,31.00,yes
2026-10-05T00:28:52.243602Z,KXDOGE15M-26OCT042030-30,0.0110,3.00,yes
2026-10-05T00:28:52.243602Z,KXDOGE15M-26OCT042030-30,0.0050,36.00,yes
2026-10-05T00:28:52.243602Z,KXDOGE15M-26OCT042030-30,0.0140,1.00,yes
2026-10-05T00:28:52.243602Z,KXDOGE15M-26OCT042030-30,0.0140,10.00,yes
2026-10-05T00:28:52.243602Z,KXDOGE15M-26OCT042030-30,0.0180,45.00,yes
2026-10-05T00:28:52.243602Z,KXDOGE15M-26OCT042030-30,0.0190,17.02,yes
2026-10-05T00:28:52.285231Z,KXDOGE15M-26OCT042030-30,0.0050,96.00,no
2026-10-05T00:28:52.926704Z,KXDOGE15M-26OCT042030-30,0.0110,85.02,yes
2026-10-05T00:28:53.082414Z,KXDOGE15M-26OCT042030-30,0.0080,3.31,yes
2026-10-05T00:28:53.141669Z,KXDOGE15M-26OCT042030-30,0.0130,9.02,yes
2026-10-05T00:28:53.141669Z,KXDOGE15M-26OCT042030-30,0.0130,3.00,yes
2026-10-05T00:28:53.141669Z,KXDOGE15M-26OCT042030-30,0.0120,3.00,yes
2026-10-05T00:28:53.141669Z,KXDOGE15M-26OCT042030-30,0.0100,5.00,yes
2026-10-05T00:28:53.141669Z,KXDOGE15M-26OCT042030-30,0.0070,65.00,yes
2026-10-05T00:28:53.196825Z,KXDOGE15M-26OCT042030-30,0.0060,2.01,no
2026-10-05T00:28:53.32337Z,KXDOGE15M-26OCT042030-30,0.0050,3.00,no
2026-10-05T00:28:53.32337Z,KXDOGE15M-26OCT042030-30,0.0070,4.00,no
2026-10-05T00:28:53.72672Z,KXDOGE15M-26OCT042030-30,0.0040,0.30,no
2026-10-05T00:28:53.72672Z,KXDOGE15M-26OCT042030-30,0.0060,17.02,no
2026-10-05T00:28:53.72672Z,KXDOGE15M-26OCT042030-30,0.0070,9.00,no
2026-10-05T00:28:53.72672Z,KXDOGE15M-26OCT042030-30,0.0040,2.68,no
2026-10-05T00:28:53.72672Z,KXDOGE15M-26OCT042030-30,0.0040,27.00,no
2026-10-05T00:28:53.991838Z,KXDOGE15M-26OCT042030-30,0.0100,62.00,yes
2026-10-05T00:28:53.991838Z,KXDOGE15M-26OCT042030-30,0.0120,8.77,yes
2026-10-05T00:28:53.991838Z,KXDOGE15M-26OCT042030-30,0.0100,8.00,yes
2026-10-05T00:28:53.991838Z,KXDOGE15M-26OCT042030-30,0.0120,3.00,yes
2026-10-05T00:28:54.075785Z,KXDOGE15M-26OCT042030-30,0.0040,3.00,no
2026-10-05T00:28:54.075785Z,KXDOGE15M-26OCT042030-30,0.0040,27.00,no
2026-10-05T00:28:54.144536Z,KXDOGE15M-26OCT042030-30,0.0110,81.77,yes
2026-10-05T00:28:54.186075Z,KXDOGE15M-26OCT042030-30,0.0040,95.00,no
2026-10-05T00:28:54.186075Z,KXDOGE15M-26OCT042030-30,0.0040,27.00,no
2026-10-05T00:28:54.356737Z,KXDOGE15M-26OCT042030-30,0.0100,21.60,yes
2026-10-05T00:28:54.944464Z,KXDOGE15M-26OCT042030-30,0.0030,10.22,no
2026-10-05T00:28:55.288384Z,KXDOGE15M-26OCT042030-30,0.0120,4.07,yes
2026-10-05T00:28:55.288384Z,KXDOGE15M-26OCT042030-30,0.0120,3.00,yes
2026-10-05T00:28:55.288384Z,KXDOGE15M-26OCT042030-30,0.0110,12.00,yes
2026-10-05T00:28:55.288384Z,KXDOGE15M-26OCT042030-30,0.0120,8.25,yes
2026-10-05T00:28:55.293503Z,KXDOGE15M-26OCT042030-30,0.0040,10.00,no
2026-10-05T00:28:55.293503Z,KXDOGE15M-26OCT042030-30,0.0040,37.00,no
2026-10-05T00:28:55.532568Z,KXDOGE15M-26OCT042030-30,0.0040,18.00,no
2026-10-05T00:28:55.532568Z,KXDOGE15M-26OCT042030-30,0.0040,3.00,no
2026-10-05T00:28:55.532568Z,KXDOGE15M-26OCT042030-30,0.0040,17.00,no
2026-10-05T00:28:56.411787Z,KXDOGE15M-26OCT042030-30,0.0030,100.70,no
2026-10-05T00:28:56.519237Z,KXDOGE15M-26OCT042030-30,0.0040,63.00,yes
2026-10-05T00:28:56.519237Z,KXDOGE15M-26OCT042030-30,0.0040,48.92,yes
2026-10-05T00:28:57.099756Z,KXDOGE15M-26OCT042030-30,0.0030,2.00,no
2026-10-05T00:28:57.099756Z,KXDOGE15M-26OCT042030-30,0.0030,18.00,no
2026-10-05T00:28:57.099756Z,KXDOGE15M-26OCT042030-30,0.0030,2.00,no
2026-10-05T00:28:57.099756Z,KXDOGE15M-26OCT042030-30,0.0030,2.00,no
2026-10-05T00:28:57.099756Z,KXDOGE15M-26OCT042030-30,0.0030,2.00,no
2026-10-05T00:28:57.099756Z,KXDOGE15M-26OCT042030-30,0.0030,2.00,no
2026-10-05T00:28:57.099756Z,KXDOGE15M-26OCT042030-30,0.0030,139.08,no
2026-10-05T00:28:57.099756Z,KXDOGE15M-26OCT042030-30,0.0030,3.00,no
2026-10-05T00:28:57.099756Z,KXDOGE15M-26OCT042030-30,0.0030,0.92,no
2026-10-05T00:28:57.099756Z,KXDOGE15M-26OCT042030-30,0.0030,1.00,no
2026-10-05T00:28:57.108677Z,KXDOGE15M-26OCT042030-30,0.0020,400.00,no
2026-10-05T00:28:57.108677Z,KXDOGE15M-26OCT042030-30,0.0020,236.00,no
2026-10-05T00:28:57.126421Z,KXDOGE15M-26OCT042030-30,0.0020,282.00,no
2026-10-05T00:28:58.616528Z,KXDOGE15M-26OCT042030-30,0.0020,210.00,no
2026-10-05T00:28:58.67951Z,KXDOGE15M-26OCT042030-30,0.0020,210.00,no
2026-10-05T00:28:58.682721Z,KXDOGE15M-26OCT042030-30,0.0040,51.78,yes
2026-10-05T00:28:58.682721Z,KXDOGE15M-26OCT042030-30,0.0050,16.36,yes
2026-10-05T00:28:58.682721Z,KXDOGE15M-26OCT042030-30,0.0040,139.08,yes
2026-10-05T00:28:58.682721Z,KXDOGE15M-26OCT042030-30,0.0040,82.00,yes
2026-10-05T00:28:59.498772Z,KXDOGE15M-26OCT042030-30,0.0030,44.00,yes
2026-10-05T00:28:59.498772Z,KXDOGE15M-26OCT042030-30,0.0050,11.58,yes
2026-10-05T00:29:00.001612Z,KXDOGE15M-26OCT042030-30,0.0020,39.00,no
2026-10-05T00:29:00.180713Z,KXDOGE15M-26OCT042030-30,0.0030,1.00,yes
2026-10-05T00:29:00.180713Z,KXDOGE15M-26OCT042030-30,0.0040,82.00,yes
2026-10-05T00:29:00.180713Z,KXDOGE15M-26OCT042030-30,0.0050,119.93,yes
2026-10-05T00:29:00.452222Z,KXDOGE15M-26OCT042030-30,0.0050,100.25,yes
2026-10-05T00:29:00.452222Z,KXDOGE15M-26OCT042030-30,0.0050,88.13,yes
2026-10-05T00:29:00.686824Z,KXDOGE15M-26OCT042030-30,0.0020,224.44,no
2026-10-05T00:29:00.775183Z,KXDOGE15M-26OCT042030-30,0.0020,200.00,no
2026-10-05T00:29:01.042981Z,KXDOGE15M-26OCT042030-30,0.0020,598.56,no
2026-10-05T00:29:01.042981Z,KXDOGE15M-26OCT042030-30,0.0020,21.44,no
2026-10-05T00:29:01.753254Z,KXDOGE15M-26OCT042030-30,0.0020,53.00,no
2026-10-05T00:29:01.817338Z,KXDOGE15M-26OCT042030-30,0.0020,25.56,no
2026-10-05T00:29:01.817338Z,KXDOGE15M-26OCT042030-30,0.0020,15.54,no
2026-10-05T00:29:02.695674Z,KXDOGE15M-26OCT042030-30,0.0050,92.00,yes
2026-10-05T00:29:03.184657Z,KXDOGE15M-26OCT042030-30,0.0020,2.00,no
2026-10-05T00:29:03.191785Z,KXDOGE15M-26OCT042030-30,0.0020,2.00,no
2026-10-05T00:29:03.931997Z,KXDOGE15M-26OCT042030-30,0.0020,6.46,no
2026-10-05T00:29:03.931997Z,KXDOGE15M-26OCT042030-30,0.0020,3.00,no
2026-10-05T00:29:03.931997Z,KXDOGE15M-26OCT042030-30,0.0020,1.54,no
2026-10-05T00:29:03.931997Z,KXDOGE15M-26OCT042030-30,0.0020,3.00,no
2026-10-05T00:29:03.931997Z,KXDOGE15M-26OCT042030-30,0.0020,3.00,no
2026-10-05T00:29:03.939564Z,KXDOGE15M-26OCT042030-30,0.0020,3.00,no
2026-10-05T00:29:03.939564Z,KXDOGE15M-26OCT042030-30,0.0020,1.46,no
2026-10-05T00:29:03.939564Z,KXDOGE15M-26OCT042030-30,0.0020,2.54,no
2026-10-05T00:29:03.946831Z,KXDOGE15M-26OCT042030-30,0.0020,2.46,no
2026-10-05T00:29:03.946831Z,KXDOGE15M-26OCT042030-30,0.0020,2.54,no
2026-10-05T00:29:03.953569Z,KXDOGE15M-26OCT042030-30,0.0020,2.00,no
2026-10-05T00:29:03.960574Z,KXDOGE15M-26OCT042030-30,0.0020,2.00,no
2026-10-05T00:29:03.964849Z,KXDOGE15M-26OCT042030-30,0.0020,2.00,no
2026-10-05T00:29:04.35618Z,KXDOGE15M-26OCT042030-30,0.0050,23.09,yes
2026-10-05T00:29:04.35618Z,KXDOGE15M-26OCT042030-30,0.0050,89.75,yes
2026-10-05T00:29:04.35618Z,KXDOGE15M-26OCT042030-30,0.0030,6.15,yes
2026-10-05T00:29:04.35618Z,KXDOGE15M-26OCT042030-30,0.0030,0.01,yes
2026-10-05T00:29:04.35618Z,KXDOGE15M-26OCT042030-30,0.0030,13.00,yes
2026-10-05T00:29:04.35618Z,KXDOGE15M-26OCT042030-30,0.0040,82.00,yes
2026-10-05T00:29:08.990223Z,KXDOGE15M-26OCT042030-30,0.0020,1.46,no
2026-10-05T00:29:08.990223Z,KXDOGE15M-26OCT042030-30,0.0020,60.54,no
2026-10-05T00:29:08.990223Z,KXDOGE15M-26OCT042030-30,0.0020,1.00,no
2026-10-05T00:29:09.123518Z,KXDOGE15M-26OCT042030-30,0.0010,24.53,no
2026-10-05T00:29:09.291097Z,KXDOGE15M-26OCT042030-30,0.0020,10.00,no
2026-10-05T00:29:09.291097Z,KXDOGE15M-26OCT042030-30,0.0020,15.00,no
2026-10-05T00:29:09.625381Z,KXDOGE15M-26OCT042030-30,0.0020,15.00,no
2026-10-05T00:29:09.625381Z,KXDOGE15M-26OCT042030-30,0.0020,10.00,no
2026-10-05T00:29:09.866088Z,KXDOGE15M-26OCT042030-30,0.0020,15.00,no
2026-10-05T00:29:09.866088Z,KXDOGE15M-26OCT042030-30,0.0020,10.00,no
2026-10-05T00:29:09.985756Z,KXDOGE15M-26OCT042030-30,0.0030,24.53,yes
2026-10-05T00:29:09.985756Z,KXDOGE15M-26OCT042030-30,0.0040,1.00,yes
2026-10-05T00:29:09.985756Z,KXDOGE15M-26OCT042030-30,0.0040,15.37,yes
2026-10-05T00:29:10.045792Z,KXDOGE15M-26OCT042030-30,0.0020,10.00,no
2026-10-05T00:29:10.045792Z,KXDOGE15M-26OCT042030-30,0.0020,15.00,no
2026-10-05T00:29:10.332761Z,KXDOGE15M-26OCT042030-30,0.0010,14.00,no
2026-10-05T00:29:10.39993Z,KXDOGE15M-26OCT042030-30,0.0020,0.51,yes
2026-10-05T00:29:10.837991Z,KXDOGE15M-26OCT042030-30,0.0020,9.12,yes
2026-10-05T00:29:11.093567Z,KXDOGE15M-26OCT042030-30,0.0020,10.00,yes
2026-10-05T00:29:11.093567Z,KXDOGE15M-26OCT042030-30,0.0020,175.37,yes
2026-10-05T00:29:11.093567Z,KXDOGE15M-26OCT042030-30,0.0020,210.00,yes
2026-10-05T00:29:11.093567Z,KXDOGE15M-26OCT042030-30,0.0020,1.87,yes
2026-10-05T00:29:11.805555Z,KXDOGE15M-26OCT042030-30,0.0010,14.00,no
2026-10-05T00:29:13.383469Z,KXDOGE15M-26OCT042030-30,0.0050,374.90,yes
2026-10-05T00:29:13.383469Z,KXDOGE15M-26OCT042030-30,0.0040,0.05,yes
2026-10-05T00:29:13.383469Z,KXDOGE15M-26OCT042030-30,0.0040,15.00,yes
2026-10-05T00:29:13.383469Z,KXDOGE15M-26OCT042030-30,0.0040,15.00,yes
2026-10-05T00:29:13.383469Z,KXDOGE15M-26OCT042030-30,0.0040,15.00,yes
2026-10-05T00:29:13.383469Z,KXDOGE15M-26OCT042030-30,0.0040,0.37,yes
2026-10-05T00:29:13.383469Z,KXDOGE15M-26OCT042030-30,0.0040,0.01,yes
2026-10-05T00:29:13.383469Z,KXDOGE15M-26OCT042030-30,0.0020,14.00,yes
2026-10-05T00:29:13.383469Z,KXDOGE15M-26OCT042030-30,0.0040,15.00,yes
2026-10-05T00:29:13.383469Z,KXDOGE15M-26OCT042030-30,0.0020,200.00,yes
2026-10-05T00:29:13.383469Z,KXDOGE15M-26OCT042030-30,0.0020,598.56,yes
2026-10-05T00:29:13.383469Z,KXDOGE15M-26OCT042030-30,0.0020,261.57,yes
2026-10-05T00:29:13.383469Z,KXDOGE15M-26OCT042030-30,0.0020,154.00,yes
2026-10-05T00:29:13.383469Z,KXDOGE15M-26OCT042030-30,0.0020,14.00,yes
2026-10-05T00:29:13.383469Z,KXDOGE15M-26OCT042030-30,0.0020,10.00,yes
2026-10-05T00:29:13.383469Z,KXDOGE15M-26OCT042030-30,0.0040,3.00,yes
2026-10-05T00:29:13.383469Z,KXDOGE15M-26OCT042030-30,0.0040,9.63,yes
2026-10-05T00:29:13.975598Z,KXDOGE15M-26OCT042030-30,0.0010,33.03,no
2026-10-05T00:29:14.091385Z,KXDOGE15M-26OCT042030-30,0.0010,5.87,no
2026-10-05T00:29:15.039202Z,KXDOGE15M-26OCT042030-30,0.0010,408.57,no
2026-10-05T00:29:15.039202Z,KXDOGE15M-26OCT042030-30,0.0010,35.83,no
2026-10-05T00:29:15.835517Z,KXDOGE15M-26OCT042030-30,0.0010,115.68,no
2026-10-05T00:29:18.12285Z,KXDOGE15M-26OCT042030-30,0.0010,11.11,no
2026-10-05T00:29:18.285508Z,KXDOGE15M-26OCT042030-30,0.0010,186.17,no
2026-10-05T00:29:19.11023Z,KXDOGE15M-26OCT042030-30,0.0010,1.00,no
2026-10-05T00:29:19.11023Z,KXDOGE15M-26OCT042030-30,0.0010,1.00,no
2026-10-05T00:29:19.11023Z,KXDOGE15M-26OCT042030-30,0.0010,1.21,no
2026-10-05T00:29:19.11023Z,KXDOGE15M-26OCT042030-30,0.0010,1.00,no
2026-10-05T00:29:19.11023Z,KXDOGE15M-26OCT042030-30,0.0010,14.00,no
2026-10-05T00:29:19.11023Z,KXDOGE15M-26OCT042030-30,0.0010,14.00,no
2026-10-05T00:29:19.11023Z,KXDOGE15M-26OCT042030-30,0.0010,209.00,no
2026-10-05T00:29:19.11023Z,KXDOGE15M-26OCT042030-30,0.0010,10.00,no
2026-10-05T00:29:19.11023Z,KXDOGE15M-26OCT042030-30,0.0010,24.53,no
2026-10-05T00:29:19.11023Z,KXDOGE15M-26OCT042030-30,0.0010,3.00,no
2026-10-05T00:29:19.11023Z,KXDOGE15M-26OCT042030-30,0.0010,83.00,no
2026-10-05T00:29:19.11023Z,KXDOGE15M-26OCT042030-30,0.0010,212.26,no
2026-10-05T00:29:19.992666Z,KXDOGE15M-26OCT042030-30,0.0010,14.27,no
2026-10-05T00:29:19.992666Z,KXDOGE15M-26OCT042030-30,0.0010,185.73,no
2026-10-05T00:29:21.380204Z,KXDOGE15M-26OCT042030-30,0.0010,112.73,no
2026-10-05T00:29:21.380204Z,KXDOGE15M-26OCT042030-30,0.0010,10.00,no
2026-10-05T00:29:21.380204Z,KXDOGE15M-26OCT042030-30,0.0010,1.27,no
2026-10-05T00:29:22.135959Z,KXDOGE15M-26OCT042030-30,0.0020,1637.56,yes
2026-10-05T00:29:23.099164Z,KXDOGE15M-26OCT042030-30,0.0010,21.20,yes
2026-10-05T00:29:29.09653Z,KXDOGE15M-26OCT042030-30,0.0010,0.70,yes
2026-10-05T00:29:36.016716Z,KXDOGE15M-26OCT042030-30,0.0010,0.82,yes
2026-10-05T00:29:44.485452Z,KXDOGE15M-26OCT042030-30,0.0010,0.05,yes
2026-10-05T00:29:51.825005Z,KXDOGE15M-26OCT042030-30,0.0010,1831.90,yes
2026-10-05T00:28:27.054942Z,KXHYPE15M-26OCT042030-30,0.0670,1.00,no
2026-10-05T00:28:27.054942Z,KXHYPE15M-26OCT042030-30,0.0620,2.00,no
2026-10-05T00:28:27.054942Z,KXHYPE15M-26OCT042030-30,0.0630,2.00,no
2026-10-05T00:28:27.520157Z,KXHYPE15M-26OCT042030-30,0.0670,0.62,yes
2026-10-05T00:28:27.723562Z,KXHYPE15M-26OCT042030-30,0.0610,1.00,no
2026-10-05T00:28:27.937278Z,KXHYPE15M-26OCT042030-30,0.0910,4.99,yes
2026-10-05T00:28:27.937278Z,KXHYPE15M-26OCT042030-30,0.1200,21.14,yes
2026-10-05T00:28:27.937278Z,KXHYPE15M-26OCT042030-30,0.1000,20.00,yes
2026-10-05T00:28:27.937278Z,KXHYPE15M-26OCT042030-30,0.0950,2.00,yes
2026-10-05T00:28:27.937278Z,KXHYPE15M-26OCT042030-30,0.0800,1.00,yes
2026-10-05T00:28:27.937278Z,KXHYPE15M-26OCT042030-30,0.0690,3.43,yes
2026-10-05T00:28:27.937278Z,KXHYPE15M-26OCT042030-30,0.1100,2.00,yes
2026-10-05T00:28:27.937278Z,KXHYPE15M-26OCT042030-30,0.0900,1.00,yes
2026-10-05T00:28:27.937278Z,KXHYPE15M-26OCT042030-30,0.0960,2.00,yes
2026-10-05T00:28:27.937278Z,KXHYPE15M-26OCT042030-30,0.0890,25.00,yes
2026-10-05T00:28:27.937278Z,KXHYPE15M-26OCT042030-30,0.0690,5.00,yes
2026-10-05T00:28:27.937278Z,KXHYPE15M-26OCT042030-30,0.0970,2.00,yes
2026-10-05T00:28:27.937278Z,KXHYPE15M-26OCT042030-30,0.0670,9.38,yes
2026-10-05T00:28:28.025175Z,KXHYPE15M-26OCT042030-30,0.0670,10.00,yes
2026-10-05T00:28:28.025175Z,KXHYPE15M-26OCT042030-30,0.0690,5.00,yes
2026-10-05T00:28:28.025175Z,KXHYPE15M-26OCT042030-30,0.0680,10.00,yes
2026-10-05T00:28:28.069217Z,KXHYPE15M-26OCT042030-30,0.0620,2.00,no
2026-10-05T00:28:28.069217Z,KXHYPE15M-26OCT042030-30,0.0610,2.00,no
2026-10-05T00:28:28.489098Z,KXHYPE15M-26OCT042030-30,0.0680,10.00,yes
2026-10-05T00:28:28.489098Z,KXHYPE15M-26OCT042030-30,0.0680,3.67,yes
2026-10-05T00:28:28.664921Z,KXHYPE15M-26OCT042030-30,0.0530,17.00,no
2026-10-05T00:28:28.664921Z,KXHYPE15M-26OCT042030-30,0.0580,2.00,no
2026-10-05T00:28:28.664921Z,KXHYPE15M-26OCT042030-30,0.0590,2.00,no
2026-10-05T00:28:28.664921Z,KXHYPE15M-26OCT042030-30,0.0520,78.15,no
2026-10-05T00:28:28.664921Z,KXHYPE15M-26OCT042030-30,0.0560,6.00,no
2026-10-05T00:28:28.857699Z,KXHYPE15M-26OCT042030-30,0.0940,16.21,yes
2026-10-05T00:28:28.857699Z,KXHYPE15M-26OCT042030-30,0.0680,5.00,yes
2026-10-05T00:28:28.857699Z,KXHYPE15M-26OCT042030-30,0.0930,37.00,yes
2026-10-05T00:28:28.857699Z,KXHYPE15M-26OCT042030-30,0.0930,2.00,yes
2026-10-05T00:28:28.857699Z,KXHYPE15M-26OCT042030-30,0.0700,10.00,yes
2026-10-05T00:28:28.857699Z,KXHYPE15M-26OCT042030-30,0.0680,10.00,yes
2026-10-05T00:28:28.857699Z,KXHYPE15M-26OCT042030-30,0.0940,20.00,yes
2026-10-05T00:28:28.857699Z,KXHYPE15M-26OCT042030-30,0.0880,2.00,yes
2026-10-05T00:28:28.857699Z,KXHYPE15M-26OCT042030-30,0.0900,5.00,yes
2026-10-05T00:28:29.542334Z,KXHYPE15M-26OCT042030-30,0.0600,0.35,no
2026-10-05T00:28:29.875293Z,KXHYPE15M-26OCT042030-30,0.0680,5.00,yes
2026-10-05T00:28:29.875293Z,KXHYPE15M-26OCT042030-30,0.0690,8.03,yes
2026-10-05T00:28:29.875293Z,KXHYPE15M-26OCT042030-30,0.0670,10.00,yes
2026-10-05T00:28:30.366983Z,KXHYPE15M-26OCT042030-30,0.0590,2.00,no
2026-10-05T00:28:30.366983Z,KXHYPE15M-26OCT042030-30,0.0580,2.00,no
2026-10-05T00:28:30.528859Z,KXHYPE15M-26OCT042030-30,0.0880,5.00,yes
2026-10-05T00:28:30.528859Z,KXHYPE15M-26OCT042030-30,0.0870,2.00,yes
2026-10-05T00:28:30.528859Z,KXHYPE15M-26OCT042030-30,0.0690,1.97,yes
2026-10-05T00:28:30.528859Z,KXHYPE15M-26OCT042030-30,0.0890,1.02,yes
2026-10-05T00:28:30.528859Z,KXHYPE15M-26OCT042030-30,0.0680,5.00,yes
2026-10-05T00:28:30.528859Z,KXHYPE15M-26OCT042030-30,0.0670,10.00,yes
2026-10-05T00:28:30.931175Z,KXHYPE15M-26OCT042030-30,0.0670,10.00,yes
2026-10-05T00:28:30.931175Z,KXHYPE15M-26OCT042030-30,0.0680,0.14,yes
2026-10-05T00:28:32.262901Z,KXHYPE15M-26OCT042030-30,0.0520,1.05,no
2026-10-05T00:28:32.492889Z,KXHYPE15M-26OCT042030-30,0.0660,10.00,yes
2026-10-05T00:28:32.492889Z,KXHYPE15M-26OCT042030-30,0.0550,1.47,yes
2026-10-05T00:28:32.492889Z,KXHYPE15M-26OCT042030-30,0.0680,9.86,yes
2026-10-05T00:28:33.501519Z,KXHYPE15M-26OCT042030-30,0.0550,10.00,yes
2026-10-05T00:28:33.501519Z,KXHYPE15M-26OCT042030-30,0.0560,5.00,yes
2026-10-05T00:28:33.501519Z,KXHYPE15M-26OCT042030-30,0.0890,5.38,yes
2026-10-05T00:28:33.501519Z,KXHYPE15M-26OCT042030-30,0.0560,10.00,yes
2026-10-05T00:28:33.805158Z,KXHYPE15M-26OCT042030-30,0.0550,3.32,yes
2026-10-05T00:28:34.523107Z,KXHYPE15M-26OCT042030-30,0.0670,5.00,yes
2026-10-05T00:28:34.523107Z,KXHYPE15M-26OCT042030-30,0.0660,10.00,yes
2026-10-05T00:28:34.523107Z,KXHYPE15M-26OCT042030-30,0.0650,10.00,yes
2026-10-05T00:28:34.756838Z,KXHYPE15M-26OCT042030-30,0.0720,80.97,no
2026-10-05T00:28:34.756838Z,KXHYPE15M-26OCT042030-30,0.0750,2.00,no
2026-10-05T00:28:34.756838Z,KXHYPE15M-26OCT042030-30,0.0750,14.00,no
2026-10-05T00:28:34.756838Z,KXHYPE15M-26OCT042030-30,0.0740,2.00,no
2026-10-05T00:28:34.756838Z,KXHYPE15M-26OCT042030-30,0.0740,5.95,no
2026-10-05T00:28:34.859274Z,KXHYPE15M-26OCT042030-30,0.0850,2.00,yes
2026-10-05T00:28:34.859316Z,KXHYPE15M-26OCT042030-30,0.0900,2.00,yes
2026-10-05T00:28:34.859316Z,KXHYPE15M-26OCT042030-30,0.0920,7.00,yes
2026-10-05T00:28:34.859325Z,KXHYPE15M-26OCT042030-30,0.0920,13.00,yes
2026-10-05T00:28:34.859325Z,KXHYPE15M-26OCT042030-30,0.0920,5.00,yes
2026-10-05T00:28:35.550848Z,KXHYPE15M-26OCT042030-30,0.0500,0.51,no
2026-10-05T00:28:36.140174Z,KXHYPE15M-26OCT042030-30,0.0500,0.51,no
2026-10-05T00:28:36.140174Z,KXHYPE15M-26OCT042030-30,0.0500,1.00,no
2026-10-05T00:28:36.140174Z,KXHYPE15M-26OCT042030-30,0.0500,2.49,no
2026-10-05T00:28:36.140174Z,KXHYPE15M-26OCT042030-30,0.0500,1.00,no
2026-10-05T00:28:37.305168Z,KXHYPE15M-26OCT042030-30,0.0500,99.49,no
2026-10-05T00:28:37.305168Z,KXHYPE15M-26OCT042030-30,0.0500,10.00,no
2026-10-05T00:28:38.412042Z,KXHYPE15M-26OCT042030-30,0.0400,125.00,no
2026-10-05T00:28:38.412042Z,KXHYPE15M-26OCT042030-30,0.0340,4.00,no
2026-10-05T00:28:38.412042Z,KXHYPE15M-26OCT042030-30,0.0440,2.00,no
2026-10-05T00:28:38.412042Z,KXHYPE15M-26OCT042030-30,0.0440,1.00,no
2026-10-05T00:28:38.412042Z,KXHYPE15M-26OCT042030-30,0.0310,1.00,no
2026-10-05T00:28:38.412042Z,KXHYPE15M-26OCT042030-30,0.0300,6.66,no
2026-10-05T00:28:38.412042Z,KXHYPE15M-26OCT042030-30,0.0300,2.76,no
2026-10-05T00:28:38.412042Z,KXHYPE15M-26OCT042030-30,0.0400,1.00,no
2026-10-05T00:28:38.412042Z,KXHYPE15M-26OCT042030-30,0.0410,21.00,no
2026-10-05T00:28:38.412042Z,KXHYPE15M-26OCT042030-30,0.0350,2.00,no
2026-10-05T00:28:38.412042Z,KXHYPE15M-26OCT042030-30,0.0340,2.00,no
2026-10-05T00:28:38.480341Z,KXHYPE15M-26OCT042030-30,0.0300,67.02,no
2026-10-05T00:28:38.480341Z,KXHYPE15M-26OCT042030-30,0.0300,9.24,no
2026-10-05T00:28:38.480341Z,KXHYPE15M-26OCT042030-30,0.0300,1.00,no
2026-10-05T00:28:38.480341Z,KXHYPE15M-26OCT042030-30,0.0310,2.00,no
2026-10-05T00:28:38.480341Z,KXHYPE15M-26OCT042030-30,0.0320,26.00,no
2026-10-05T00:28:38.619865Z,KXHYPE15M-26OCT042030-30,0.0300,79.49,no
2026-10-05T00:28:38.689183Z,KXHYPE15M-26OCT042030-30,0.0650,7.21,yes
2026-10-05T00:28:39.079346Z,KXHYPE15M-26OCT042030-30,0.0300,19.49,no
2026-10-05T00:28:39.079346Z,KXHYPE15M-26OCT042030-30,0.0300,1.00,no
2026-10-05T00:28:39.079346Z,KXHYPE15M-26OCT042030-30,0.0300,25.00,no
2026-10-05T00:28:39.962435Z,KXHYPE15M-26OCT042030-30,0.0300,19.51,yes
2026-10-05T00:28:40.027309Z,KXHYPE15M-26OCT042030-30,0.0250,3.00,no
2026-10-05T00:28:40.135881Z,KXHYPE15M-26OCT042030-30,0.0310,2.00,no
2026-10-05T00:28:40.135881Z,KXHYPE15M-26OCT042030-30,0.0300,2.00,no
2026-10-05T00:28:40.365216Z,KXHYPE15M-26OCT042030-30,0.0280,2.00,no
2026-10-05T00:28:40.365216Z,KXHYPE15M-26OCT042030-30,0.0270,2.00,no
2026-10-05T00:28:41.101555Z,KXHYPE15M-26OCT042030-30,0.0270,2.00,no
2026-10-05T00:28:41.101555Z,KXHYPE15M-26OCT042030-30,0.0280,2.00,no
2026-10-05T00:28:41.101555Z,KXHYPE15M-26OCT042030-30,0.0250,3.58,no
2026-10-05T00:28:42.211314Z,KXHYPE15M-26OCT042030-30,0.0380,1.00,no
2026-10-05T00:28:44.018455Z,KXHYPE15M-26OCT042030-30,0.0250,2.00,no
2026-10-05T00:28:44.03281Z,KXHYPE15M-26OCT042030-30,0.0240,5.85,no
2026-10-05T00:28:45.631784Z,KXHYPE15M-26OCT042030-30,0.0420,10.00,yes
2026-10-05T00:28:45.631784Z,KXHYPE15M-26OCT042030-30,0.0440,10.00,yes
2026-10-05T00:28:45.631784Z,KXHYPE15M-26OCT042030-30,0.0380,2.00,yes
2026-10-05T00:28:45.631784Z,KXHYPE15M-26OCT042030-30,0.0390,2.00,yes
2026-10-05T00:28:45.631784Z,KXHYPE15M-26OCT042030-30,0.0510,2.00,yes
2026-10-05T00:28:45.631784Z,KXHYPE15M-26OCT042030-30,0.0530,24.00,yes
2026-10-05T00:28:45.631784Z,KXHYPE15M-26OCT042030-30,0.0540,42.55,yes
2026-10-05T00:28:46.095888Z,KXHYPE15M-26OCT042030-30,0.0390,2.79,yes
2026-10-05T00:28:46.095888Z,KXHYPE15M-26OCT042030-30,0.0370,2.00,yes
2026-10-05T00:28:46.095888Z,KXHYPE15M-26OCT042030-30,0.0360,2.00,yes
2026-10-05T00:28:46.754308Z,KXHYPE15M-26OCT042030-30,0.0240,1.02,no
2026-10-05T00:28:49.221747Z,KXHYPE15M-26OCT042030-30,0.0510,27.84,yes
2026-10-05T00:28:49.221747Z,KXHYPE15M-26OCT042030-30,0.0430,2.00,yes
2026-10-05T00:28:49.221747Z,KXHYPE15M-26OCT042030-30,0.0500,1.00,yes
2026-10-05T00:28:49.221747Z,KXHYPE15M-26OCT042030-30,0.0370,10.00,yes
2026-10-05T00:28:49.221747Z,KXHYPE15M-26OCT042030-30,0.0500,23.00,yes
2026-10-05T00:28:49.221747Z,KXHYPE15M-26OCT042030-30,0.0360,5.00,yes
2026-10-05T00:28:49.221747Z,KXHYPE15M-26OCT042030-30,0.0350,2.00,yes
2026-10-05T00:28:49.221747Z,KXHYPE15M-26OCT042030-30,0.0350,10.00,yes
2026-10-05T00:28:50.023862Z,KXHYPE15M-26OCT042030-30,0.0260,2.00,no
2026-10-05T00:28:50.398215Z,KXHYPE15M-26OCT042030-30,0.0240,1.13,no
2026-10-05T00:28:50.398215Z,KXHYPE15M-26OCT042030-30,0.0210,10.87,no
2026-10-05T00:28:50.398215Z,KXHYPE15M-26OCT042030-30,0.0230,2.00,no
2026-10-05T00:28:50.398215Z,KXHYPE15M-26OCT042030-30,0.0240,2.00,no
2026-10-05T00:28:50.398215Z,KXHYPE15M-26OCT042030-30,0.0220,34.00,no
2026-10-05T00:28:51.084377Z,KXHYPE15M-26OCT042030-30,0.0210,1.00,no
2026-10-05T00:28:51.084377Z,KXHYPE15M-26OCT042030-30,0.0200,250.00,no
2026-10-05T00:28:51.084377Z,KXHYPE15M-26OCT042030-30,0.0210,21.13,no
2026-10-05T00:28:51.084377Z,KXHYPE15M-26OCT042030-30,0.0150,33.00,no
2026-10-05T00:28:51.084377Z,KXHYPE15M-26OCT042030-30,0.0110,33.00,no
2026-10-05T00:28:51.084377Z,KXHYPE15M-26OCT042030-30,0.0110,12.87,no
2026-10-05T00:28:51.084377Z,KXHYPE15M-26OCT042030-30,0.0200,1.00,no
2026-10-05T00:28:51.084377Z,KXHYPE15M-26OCT042030-30,0.0200,10.00,no
2026-10-05T00:28:51.084377Z,KXHYPE15M-26OCT042030-30,0.0210,34.00,no
2026-10-05T00:28:51.084377Z,KXHYPE15M-26OCT042030-30,0.0150,2.00,no
2026-10-05T00:28:51.084377Z,KXHYPE15M-26OCT042030-30,0.0140,2.00,no
2026-10-05T00:28:51.084377Z,KXHYPE15M-26OCT042030-30,0.0200,50.00,no
2026-10-05T00:28:52.65197Z,KXHYPE15M-26OCT042030-30,0.0140,1.98,no
2026-10-05T00:28:52.823669Z,KXHYPE15M-26OCT042030-30,0.0130,2.00,no
2026-10-05T00:28:52.823669Z,KXHYPE15M-26OCT042030-30,0.0120,25.00,no
2026-10-05T00:28:54.103147Z,KXHYPE15M-26OCT042030-30,0.0140,2.00,no
2026-10-05T00:28:54.103147Z,KXHYPE15M-26OCT042030-30,0.0130,2.00,no
2026-10-05T00:28:54.115617Z,KXHYPE15M-26OCT042030-30,0.0110,29.00,no
2026-10-05T00:28:54.33403Z,KXHYPE15M-26OCT042030-30,0.0110,1.00,no
2026-10-05T00:28:54.406023Z,KXHYPE15M-26OCT042030-30,0.0160,12.87,yes
2026-10-05T00:28:54.406023Z,KXHYPE15M-26OCT042030-30,0.0150,3.33,yes
2026-10-05T00:28:54.406023Z,KXHYPE15M-26OCT042030-30,0.0160,2.17,yes
2026-10-05T00:28:54.406023Z,KXHYPE15M-26OCT042030-30,0.0160,10.00,yes
2026-10-05T00:28:54.45312Z,KXHYPE15M-26OCT042030-30,0.0160,1.00,yes
2026-10-05T00:28:54.45312Z,KXHYPE15M-26OCT042030-30,0.0150,10.00,yes
2026-10-05T00:28:54.45312Z,KXHYPE15M-26OCT042030-30,0.0160,26.83,yes
2026-10-05T00:28:54.45312Z,KXHYPE15M-26OCT042030-30,0.0170,10.00,yes
2026-10-05T00:28:54.45312Z,KXHYPE15M-26OCT042030-30,0.0210,0.97,yes
2026-10-05T00:28:54.45312Z,KXHYPE15M-26OCT042030-30,0.0200,1.00,yes
2026-10-05T00:28:54.72478Z,KXHYPE15M-26OCT042030-30,0.0150,6.23,yes
2026-10-05T00:28:54.883081Z,KXHYPE15M-26OCT042030-30,0.0110,107.21,no
2026-10-05T00:28:55.002091Z,KXHYPE15M-26OCT042030-30,0.0110,1.00,no
2026-10-05T00:28:55.002091Z,KXHYPE15M-26OCT042030-30,0.0110,29.92,no
2026-10-05T00:28:55.002091Z,KXHYPE15M-26OCT042030-30,0.0110,1.00,no
2026-10-05T00:28:55.002091Z,KXHYPE15M-26OCT042030-30,0.0110,12.87,no
2026-10-05T00:28:55.002091Z,KXHYPE15M-26OCT042030-30,0.0110,14.07,no
2026-10-05T00:28:55.002091Z,KXHYPE15M-26OCT042030-30,0.0110,2.17,no
2026-10-05T00:28:55.002091Z,KXHYPE15M-26OCT042030-30,0.0110,40.00,no
2026-10-05T00:28:55.079525Z,KXHYPE15M-26OCT042030-30,0.0110,10.00,no
2026-10-05T00:28:56.059629Z,KXHYPE15M-26OCT042030-30,0.0110,2.76,no
2026-10-05T00:28:56.059629Z,KXHYPE15M-26OCT042030-30,0.0110,10.00,no
2026-10-05T00:28:56.059629Z,KXHYPE15M-26OCT042030-30,0.0110,1.00,no
2026-10-05T00:28:56.059629Z,KXHYPE15M-26OCT042030-30,0.0110,31.24,no
2026-10-05T00:28:56.475946Z,KXHYPE15M-26OCT042030-30,0.0150,3.77,yes
2026-10-05T00:28:56.475946Z,KXHYPE15M-26OCT042030-30,0.0150,7.74,yes
2026-10-05T00:28:56.493131Z,KXHYPE15M-26OCT042030-30,0.0840,66.14,yes
2026-10-05T00:28:56.493131Z,KXHYPE15M-26OCT042030-30,0.0720,10.00,yes
2026-10-05T00:28:56.493131Z,KXHYPE15M-26OCT042030-30,0.0700,1.00,yes
2026-10-05T00:28:56.493131Z,KXHYPE15M-26OCT042030-30,0.0580,2.00,yes
2026-10-05T00:28:56.493131Z,KXHYPE15M-26OCT042030-30,0.0380,5.00,yes
2026-10-05T00:28:56.493131Z,KXHYPE15M-26OCT042030-30,0.0160,1.00,yes
2026-10-05T00:28:56.493131Z,KXHYPE15M-26OCT042030-30,0.0620,5.00,yes
2026-10-05T00:28:56.493131Z,KXHYPE15M-26OCT042030-30,0.0160,2.76,yes
2026-10-05T00:28:56.493131Z,KXHYPE15M-26OCT042030-30,0.0400,30.00,yes
2026-10-05T00:28:56.493131Z,KXHYPE15M-26OCT042030-30,0.0160,10.00,yes
2026-10-05T00:28:56.493131Z,KXHYPE15M-26OCT042030-30,0.0620,8.80,yes
2026-10-05T00:28:56.493131Z,KXHYPE15M-26OCT042030-30,0.0160,107.21,yes
2026-10-05T00:28:56.493131Z,KXHYPE15M-26OCT042030-30,0.0630,8.80,yes
2026-10-05T00:28:56.493131Z,KXHYPE15M-26OCT042030-30,0.0210,2.00,yes
2026-10-05T00:28:56.493131Z,KXHYPE15M-26OCT042030-30,0.0160,10.00,yes
2026-10-05T00:28:56.493131Z,KXHYPE15M-26OCT042030-30,0.0610,8.79,yes
2026-10-05T00:28:56.493131Z,KXHYPE15M-26OCT042030-30,0.0220,2.00,yes
2026-10-05T00:28:56.493131Z,KXHYPE15M-26OCT042030-30,0.0160,29.92,yes
2026-10-05T00:28:56.493131Z,KXHYPE15M-26OCT042030-30,0.0160,14.07,yes
2026-10-05T00:28:56.493131Z,KXHYPE15M-26OCT042030-30,0.0160,2.17,yes
2026-10-05T00:28:56.493131Z,KXHYPE15M-26OCT042030-30,0.0160,12.87,yes
2026-10-05T00:28:56.493131Z,KXHYPE15M-26OCT042030-30,0.0210,9.03,yes
2026-10-05T00:28:56.493131Z,KXHYPE15M-26OCT042030-30,0.0500,200.00,yes
2026-10-05T00:28:56.493131Z,KXHYPE15M-26OCT042030-30,0.0300,100.00,yes
2026-10-05T00:28:56.493131Z,KXHYPE15M-26OCT042030-30,0.0660,20.00,yes
2026-10-05T00:28:56.493131Z,KXHYPE15M-26OCT042030-30,0.0290,32.00,yes
2026-10-05T00:28:56.493131Z,KXHYPE15M-26OCT042030-30,0.0460,2.00,yes
2026-10-05T00:28:56.493131Z,KXHYPE15M-26OCT042030-30,0.0490,2.00,yes
2026-10-05T00:28:56.493131Z,KXHYPE15M-26OCT042030-30,0.0830,20.00,yes
2026-10-05T00:28:56.493131Z,KXHYPE15M-26OCT042030-30,0.0680,225.00,yes
2026-10-05T00:28:56.493131Z,KXHYPE15M-26OCT042030-30,0.0530,2.00,yes
2026-10-05T00:28:56.649389Z,KXHYPE15M-26OCT042030-30,0.0110,1.00,no
2026-10-05T00:28:57.758477Z,KXHYPE15M-26OCT042030-30,0.0160,1.00,yes
2026-10-05T00:28:57.758477Z,KXHYPE15M-26OCT042030-30,0.0200,9.18,yes
2026-10-05T00:28:57.758477Z,KXHYPE15M-26OCT042030-30,0.0200,2.00,yes
2026-10-05T00:28:58.395635Z,KXHYPE15M-26OCT042030-30,0.0120,2.00,no
2026-10-05T00:28:58.722505Z,KXHYPE15M-26OCT042030-30,0.0120,10.00,no
2026-10-05T00:28:58.817005Z,KXHYPE15M-26OCT042030-30,0.0120,20.00,no
2026-10-05T00:28:59.011778Z,KXHYPE15M-26OCT042030-30,0.0120,1.00,no
2026-10-05T00:28:59.011778Z,KXHYPE15M-26OCT042030-30,0.0120,10.00,no
2026-10-05T00:28:59.011778Z,KXHYPE15M-26OCT042030-30,0.0120,2.00,no
2026-10-05T00:28:59.011778Z,KXHYPE15M-26OCT042030-30,0.0120,2.00,no
2026-10-05T00:28:59.011778Z,KXHYPE15M-26OCT042030-30,0.0120,5.00,no
2026-10-05T00:28:59.011778Z,KXHYPE15M-26OCT042030-30,0.0120,7.00,no
2026-10-05T00:28:59.013325Z,KXHYPE15M-26OCT042030-30,0.0120,6.00,no
2026-10-05T00:28:59.176472Z,KXHYPE15M-26OCT042030-30,0.0110,19.00,no
2026-10-05T00:28:59.188545Z,KXHYPE15M-26OCT042030-30,0.0110,54.27,no
2026-10-05T00:29:00.009743Z,KXHYPE15M-26OCT042030-30,0.0110,3.00,no
2026-10-05T00:29:00.301974Z,KXHYPE15M-26OCT042030-30,0.0150,10.00,yes
2026-10-05T00:29:00.301974Z,KXHYPE15M-26OCT042030-30,0.0130,10.00,yes
2026-10-05T00:29:00.301974Z,KXHYPE15M-26OCT042030-30,0.0160,21.34,yes
2026-10-05T00:29:00.301974Z,KXHYPE15M-26OCT042030-30,0.0160,19.00,yes
2026-10-05T00:29:00.369985Z,KXHYPE15M-26OCT042030-30,0.0110,5.00,no
2026-10-05T00:29:00.914592Z,KXHYPE15M-26OCT042030-30,0.0110,10.00,no
2026-10-05T00:29:01.572636Z,KXHYPE15M-26OCT042030-30,0.0110,4.33,no
2026-10-05T00:29:01.674531Z,KXHYPE15M-26OCT042030-30,0.0100,17.59,no
2026-10-05T00:29:01.674531Z,KXHYPE15M-26OCT042030-30,0.0100,3.05,no
2026-10-05T00:29:01.674531Z,KXHYPE15M-26OCT042030-30,0.0100,2.00,no
2026-10-05T00:29:01.674531Z,KXHYPE15M-26OCT042030-30,0.0100,6.47,no
2026-10-05T00:29:01.674531Z,KXHYPE15M-26OCT042030-30,0.0110,19.00,no
2026-10-05T00:29:01.674531Z,KXHYPE15M-26OCT042030-30,0.0110,21.34,no
2026-10-05T00:29:01.674531Z,KXHYPE15M-26OCT042030-30,0.0110,2.00,no
2026-10-05T00:29:01.674531Z,KXHYPE15M-26OCT042030-30,0.0100,2.00,no
2026-10-05T00:29:01.674531Z,KXHYPE15M-26OCT042030-30,0.0110,1.00,no
2026-10-05T00:29:01.674531Z,KXHYPE15M-26OCT042030-30,0.0110,29.92,no
2026-10-05T00:29:01.674531Z,KXHYPE15M-26OCT042030-30,0.0110,12.87,no
2026-10-05T00:29:01.674531Z,KXHYPE15M-26OCT042030-30,0.0110,14.07,no
2026-10-05T00:29:01.674531Z,KXHYPE15M-26OCT042030-30,0.0110,1.00,no
2026-10-05T00:29:01.674531Z,KXHYPE15M-26OCT042030-30,0.0110,10.61,no
2026-10-05T00:29:01.674531Z,KXHYPE15M-26OCT042030-30,0.0110,2.76,no
2026-10-05T00:29:01.674531Z,KXHYPE15M-26OCT042030-30,0.0110,2.17,no
2026-10-05T00:29:01.674531Z,KXHYPE15M-26OCT042030-30,0.0110,10.00,no
2026-10-05T00:29:01.674531Z,KXHYPE15M-26OCT042030-30,0.0100,11.44,no
2026-10-05T00:29:02.266153Z,KXHYPE15M-26OCT042030-30,0.0070,82.47,yes
2026-10-05T00:29:02.274606Z,KXHYPE15M-26OCT042030-30,0.0120,4.98,yes
2026-10-05T00:29:02.617247Z,KXHYPE15M-26OCT042030-30,0.0090,2.00,no
2026-10-05T00:29:03.040509Z,KXHYPE15M-26OCT042030-30,0.0100,20.00,yes
2026-10-05T00:29:03.197688Z,KXHYPE15M-26OCT042030-30,0.0050,39.00,no
2026-10-05T00:29:03.308985Z,KXHYPE15M-26OCT042030-30,0.0140,10.76,yes
2026-10-05T00:29:04.129659Z,KXHYPE15M-26OCT042030-30,0.0120,31.83,yes
2026-10-05T00:29:04.133592Z,KXHYPE15M-26OCT042030-30,0.0120,3.66,yes
2026-10-05T00:29:05.075869Z,KXHYPE15M-26OCT042030-30,0.0050,4.78,no
2026-10-05T00:29:05.075869Z,KXHYPE15M-26OCT042030-30,0.0050,133.00,no
2026-10-05T00:29:05.075869Z,KXHYPE15M-26OCT042030-30,0.0050,1.00,no
2026-10-05T00:29:05.075869Z,KXHYPE15M-26OCT042030-30,0.0060,2.00,no
2026-10-05T00:29:05.075869Z,KXHYPE15M-26OCT042030-30,0.0060,51.00,no
2026-10-05T00:29:05.281358Z,KXHYPE15M-26OCT042030-30,0.0050,5.00,no
2026-10-05T00:29:06.086351Z,KXHYPE15M-26OCT042030-30,0.0050,1.22,no
2026-10-05T00:29:06.086351Z,KXHYPE15M-26OCT042030-30,0.0040,13.00,no
2026-10-05T00:29:06.086351Z,KXHYPE15M-26OCT042030-30,0.0040,1.00,no
2026-10-05T00:29:06.086351Z,KXHYPE15M-26OCT042030-30,0.0040,1.00,no
2026-10-05T00:29:06.086351Z,KXHYPE15M-26OCT042030-30,0.0040,1.00,no
2026-10-05T00:29:06.086351Z,KXHYPE15M-26OCT042030-30,0.0040,1.00,no
2026-10-05T00:29:06.086351Z,KXHYPE15M-26OCT042030-30,0.0040,1.00,no
2026-10-05T00:29:06.086351Z,KXHYPE15M-26OCT042030-30,0.0040,2.00,no
2026-10-05T00:29:06.086351Z,KXHYPE15M-26OCT042030-30,0.0050,2.00,no
2026-10-05T00:29:06.086351Z,KXHYPE15M-26OCT042030-30,0.0050,225.00,no
2026-10-05T00:29:06.343216Z,KXHYPE15M-26OCT042030-30,0.0030,2.00,no
2026-10-05T00:29:06.343216Z,KXHYPE15M-26OCT042030-30,0.0030,18.00,no
2026-10-05T00:29:06.343216Z,KXHYPE15M-26OCT042030-30,0.0030,2.00,no
2026-10-05T00:29:06.343216Z,KXHYPE15M-26OCT042030-30,0.0030,2.00,no
2026-10-05T00:29:06.343216Z,KXHYPE15M-26OCT042030-30,0.0030,2.00,no
2026-10-05T00:29:06.343216Z,KXHYPE15M-26OCT042030-30,0.0030,2.00,no
2026-10-05T00:29:06.343216Z,KXHYPE15M-26OCT042030-30,0.0020,200.00,no
2026-10-05T00:29:06.343216Z,KXHYPE15M-26OCT042030-30,0.0020,163.00,no
2026-10-05T00:29:06.343216Z,KXHYPE15M-26OCT042030-30,0.0050,225.00,no
2026-10-05T00:29:06.343216Z,KXHYPE15M-26OCT042030-30,0.0030,4.00,no
2026-10-05T00:29:06.400489Z,KXHYPE15M-26OCT042030-30,0.0100,0.67,yes
2026-10-05T00:29:06.400489Z,KXHYPE15M-26OCT042030-30,0.0060,100.00,yes
2026-10-05T00:29:06.400489Z,KXHYPE15M-26OCT042030-30,0.0100,1.67,yes
2026-10-05T00:29:06.822043Z,KXHYPE15M-26OCT042030-30,0.0020,22.04,no
2026-10-05T00:29:06.886971Z,KXHYPE15M-26OCT042030-30,0.0080,5.85,yes
2026-10-05T00:29:07.958635Z,KXHYPE15M-26OCT042030-30,0.0020,6.00,no
2026-10-05T00:29:08.995866Z,KXHYPE15M-26OCT042030-30,0.0050,127.86,yes
2026-10-05T00:29:09.639044Z,KXHYPE15M-26OCT042030-30,0.0040,1.00,yes
2026-10-05T00:29:09.639044Z,KXHYPE15M-26OCT042030-30,0.0050,49.32,yes
2026-10-05T00:29:10.066145Z,KXHYPE15M-26OCT042030-30,0.0020,13.00,no
2026-10-05T00:29:10.389205Z,KXHYPE15M-26OCT042030-30,0.0020,1.00,no
2026-10-05T00:29:10.957611Z,KXHYPE15M-26OCT042030-30,0.0060,35.23,yes
2026-10-05T00:29:12.21252Z,KXHYPE15M-26OCT042030-30,0.0020,20.00,no
2026-10-05T00:29:12.762885Z,KXHYPE15M-26OCT042030-30,0.0020,10.07,no
2026-10-05T00:29:13.275952Z,KXHYPE15M-26OCT042030-30,0.0020,101.21,no
2026-10-05T00:29:14.35273Z,KXHYPE15M-26OCT042030-30,0.0020,26.00,no
2026-10-05T00:29:14.35273Z,KXHYPE15M-26OCT042030-30,0.0020,3.00,no
2026-10-05T00:29:14.35273Z,KXHYPE15M-26OCT042030-30,0.0020,3.00,no
2026-10-05T00:29:14.35273Z,KXHYPE15M-26OCT042030-30,0.0020,3.00,no
2026-10-05T00:29:14.35273Z,KXHYPE15M-26OCT042030-30,0.0020,3.00,no
2026-10-05T00:29:14.35273Z,KXHYPE15M-26OCT042030-30,0.0020,3.00,no
2026-10-05T00:29:14.35273Z,KXHYPE15M-26OCT042030-30,0.0020,63.68,no
2026-10-05T00:29:14.35273Z,KXHYPE15M-26OCT042030-30,0.0010,238.89,no
2026-10-05T00:29:14.35273Z,KXHYPE15M-26OCT042030-30,0.0020,1.00,no
2026-10-05T00:29:14.35273Z,KXHYPE15M-26OCT042030-30,0.0020,1.00,no
2026-10-05T00:29:14.35273Z,KXHYPE15M-26OCT042030-30,0.0020,177.18,no
2026-10-05T00:29:14.35273Z,KXHYPE15M-26OCT042030-30,0.0020,6.00,no
2026-10-05T00:29:14.35273Z,KXHYPE15M-26OCT042030-30,0.0020,2.00,no
2026-10-05T00:29:14.958372Z,KXHYPE15M-26OCT042030-30,0.0010,38.89,no
2026-10-05T00:29:14.958372Z,KXHYPE15M-26OCT042030-30,0.0010,261.11,no
2026-10-05T00:29:15.095717Z,KXHYPE15M-26OCT042030-30,0.0030,261.11,yes
2026-10-05T00:29:15.095717Z,KXHYPE15M-26OCT042030-30,0.0030,100.00,yes
2026-10-05T00:29:15.095717Z,KXHYPE15M-26OCT042030-30,0.0040,106.31,yes
2026-10-05T00:29:17.913123Z,KXHYPE15M-26OCT042030-30,0.0010,1.00,no
2026-10-05T00:29:17.913123Z,KXHYPE15M-26OCT042030-30,0.0010,1.00,no
2026-10-05T00:29:17.913123Z,KXHYPE15M-26OCT042030-30,0.0010,241.11,no
2026-10-05T00:29:17.913123Z,KXHYPE15M-26OCT042030-30,0.0010,1.00,no
2026-10-05T00:29:17.913123Z,KXHYPE15M-26OCT042030-30,0.0010,3.00,no
2026-10-05T00:29:17.913123Z,KXHYPE15M-26OCT042030-30,0.0010,5.00,no
2026-10-05T00:29:17.913123Z,KXHYPE15M-26OCT042030-30,0.0010,3.00,no
2026-10-05T00:29:17.913123Z,KXHYPE15M-26OCT042030-30,0.0010,100.00,no
2026-10-05T00:29:17.913123Z,KXHYPE15M-26OCT042030-30,0.0010,261.11,no
2026-10-05T00:29:17.913123Z,KXHYPE15M-26OCT042030-30,0.0010,2.00,no
2026-10-05T00:29:17.913123Z,KXHYPE15M-26OCT042030-30,0.0010,10.00,no
2026-10-05T00:29:18.973493Z,KXHYPE15M-26OCT042030-30,0.0010,200.00,yes
2026-10-05T00:29:20.924345Z,KXHYPE15M-26OCT042030-30,0.0010,91.62,yes
2026-10-05T00:29:23.723204Z,KXHYPE15M-26OCT042030-30,0.0010,4.41,yes
2026-10-05T00:29:25.18299Z,KXHYPE15M-26OCT042030-30,0.0010,904.00,yes
2026-10-05T00:29:26.145798Z,KXHYPE15M-26OCT042030-30,0.0010,921.75,yes
2026-10-05T00:29:26.145798Z,KXHYPE15M-26OCT042030-30,0.0010,8.25,yes
2026-10-05T00:29:33.704494Z,KXHYPE15M-26OCT042030-30,0.0010,2.03,yes
2026-10-05T00:29:51.113239Z,KXHYPE15M-26OCT042030-30,0.0010,43.28,yes
2026-10-05T00:29:51.113239Z,KXHYPE15M-26OCT042030-30,0.0010,5.66,yes
2026-10-05T00:29:51.113239Z,KXHYPE15M-26OCT042030-30,0.0010,14.00,yes
2026-10-05T00:29:52.456682Z,KXHYPE15M-26OCT042030-30,0.0010,1.00,yes
2026-10-05T00:29:00.40943Z,KXEURUSD15M-26OCT042030-30,0.0100,1.00,no
2026-10-05T00:29:00.40943Z,KXEURUSD15M-26OCT042030-30,0.0100,74.43,no
2026-10-05T00:29:00.40943Z,KXEURUSD15M-26OCT042030-30,0.0100,10.00,no
2026-10-05T00:29:00.40943Z,KXEURUSD15M-26OCT042030-30,0.0100,1.00,no
2026-10-05T00:29:00.40943Z,KXEURUSD15M-26OCT042030-30,0.0100,49.57,no
2026-10-05T00:29:00.40943Z,KXEURUSD15M-26OCT042030-30,0.0100,2.00,no
2026-10-05T00:41:00.059205Z,KXDOGE15M-26OCT042045-45,0.9850,3.00,yes
2026-10-05T00:41:00.059205Z,KXDOGE15M-26OCT042045-45,0.9850,1.00,yes
2026-10-05T00:41:00.059205Z,KXDOGE15M-26OCT042045-45,0.9850,18.00,yes
2026-10-05T00:41:00.059205Z,KXDOGE15M-26OCT042045-45,0.9850,0.03,yes
2026-10-05T00:41:00.059205Z,KXDOGE15M-26OCT042045-45,0.9850,5.00,yes
2026-10-05T00:41:00.459914Z,KXDOGE15M-26OCT042045-45,0.9830,8.00,yes
2026-10-05T00:41:00.5945Z,KXDOGE15M-26OCT042045-45,0.9850,7.00,yes
2026-10-05T00:41:00.5945Z,KXDOGE15M-26OCT042045-45,0.9840,0.03,yes
2026-10-05T00:41:00.952283Z,KXDOGE15M-26OCT042045-45,0.9860,8.93,yes
2026-10-05T00:41:01.285529Z,KXDOGE15M-26OCT042045-45,0.9850,1.00,yes
2026-10-05T00:41:01.299762Z,KXDOGE15M-26OCT042045-45,0.9850,1.00,yes
2026-10-05T00:41:01.339117Z,KXDOGE15M-26OCT042045-45,0.9810,0.03,no
2026-10-05T00:41:01.339117Z,KXDOGE15M-26OCT042045-45,0.9820,0.03,no
2026-10-05T00:41:01.339117Z,KXDOGE15M-26OCT042045-45,0.9830,0.03,no
2026-10-05T00:41:01.339117Z,KXDOGE15M-26OCT042045-45,0.9790,24.32,no
2026-10-05T00:41:01.339117Z,KXDOGE15M-26OCT042045-45,0.9810,21.97,no
2026-10-05T00:41:01.721003Z,KXDOGE15M-26OCT042045-45,0.9840,0.03,yes
2026-10-05T00:41:02.057688Z,KXDOGE15M-26OCT042045-45,0.9770,12.65,no
2026-10-05T00:41:02.057688Z,KXDOGE15M-26OCT042045-45,0.9830,28.00,no
2026-10-05T00:41:02.057688Z,KXDOGE15M-26OCT042045-45,0.9790,6.68,no
2026-10-05T00:41:02.164647Z,KXDOGE15M-26OCT042045-45,0.9870,21.97,yes
2026-10-05T00:41:02.164647Z,KXDOGE15M-26OCT042045-45,0.9840,17.00,yes
2026-10-05T00:41:02.164647Z,KXDOGE15M-26OCT042045-45,0.9830,4.00,yes
2026-10-05T00:41:02.164647Z,KXDOGE15M-26OCT042045-45,0.9860,1.07,yes
2026-10-05T00:41:02.164647Z,KXDOGE15M-26OCT042045-45,0.9830,20.00,yes
2026-10-05T00:41:02.164647Z,KXDOGE15M-26OCT042045-45,0.9870,138.03,yes
2026-10-05T00:41:02.525369Z,KXDOGE15M-26OCT042045-45,0.9820,21.58,no
2026-10-05T00:41:02.525369Z,KXDOGE15M-26OCT042045-45,0.9820,3.00,no
2026-10-05T00:41:04.551681Z,KXDOGE15M-26OCT042045-45,0.9820,0.03,no
2026-10-05T00:41:04.551681Z,KXDOGE15M-26OCT042045-45,0.9850,7.00,no
2026-10-05T00:41:04.551681Z,KXDOGE15M-26OCT042045-45,0.9850,0.03,no
2026-10-05T00:41:04.551681Z,KXDOGE15M-26OCT042045-45,0.9850,7.00,no
2026-10-05T00:41:04.551681Z,KXDOGE15M-26OCT042045-45,0.9810,0.43,no
2026-10-05T00:41:04.551681Z,KXDOGE15M-26OCT042045-45,0.9820,29.00,no
2026-10-05T00:41:04.551681Z,KXDOGE15M-26OCT042045-45,0.9820,10.00,no
2026-10-05T00:41:05.060355Z,KXDOGE15M-26OCT042045-45,0.9850,2.00,yes
2026-10-05T00:41:06.060217Z,KXDOGE15M-26OCT042045-45,0.9860,4.00,yes
2026-10-05T00:41:06.060217Z,KXDOGE15M-26OCT042045-45,0.9860,8.00,yes
2026-10-05T00:41:06.060217Z,KXDOGE15M-26OCT042045-45,0.9860,0.03,yes
2026-10-05T00:41:07.466426Z,KXDOGE15M-26OCT042045-45,0.9870,0.43,yes
2026-10-05T00:41:07.550326Z,KXDOGE15M-26OCT042045-45,0.9880,1.73,yes
2026-10-05T00:41:07.550326Z,KXDOGE15M-26OCT042045-45,0.9880,0.27,yes
2026-10-05T00:41:07.573787Z,KXDOGE15M-26OCT042045-45,0.9870,30.00,no
2026-10-05T00:41:07.573787Z,KXDOGE15M-26OCT042045-45,0.9870,1.00,no
2026-10-05T00:41:09.752336Z,KXDOGE15M-26OCT042045-45,0.9840,26.00,no
2026-10-05T00:41:09.752336Z,KXDOGE15M-26OCT042045-45,0.9820,1.00,no
2026-10-05T00:41:09.752336Z,KXDOGE15M-26OCT042045-45,0.9810,22.25,no
2026-10-05T00:41:10.658882Z,KXDOGE15M-26OCT042045-45,0.9830,41.00,no
2026-10-05T00:41:10.658882Z,KXDOGE15M-26OCT042045-45,0.9810,3.00,no
2026-10-05T00:41:10.658882Z,KXDOGE15M-26OCT042045-45,0.9750,8.98,no
2026-10-05T00:41:10.658882Z,KXDOGE15M-26OCT042045-45,0.9800,3.00,no
2026-10-05T00:41:10.658882Z,KXDOGE15M-26OCT042045-45,0.9830,5.00,no
2026-10-05T00:41:10.658882Z,KXDOGE15M-26OCT042045-45,0.9790,10.00,no
2026-10-05T00:41:10.658882Z,KXDOGE15M-26OCT042045-45,0.9810,115.35,no
2026-10-05T00:41:10.658882Z,KXDOGE15M-26OCT042045-45,0.9810,21.97,no
2026-10-05T00:41:10.658882Z,KXDOGE15M-26OCT042045-45,0.9750,0.04,no
2026-10-05T00:41:10.658882Z,KXDOGE15M-26OCT042045-45,0.9810,0.43,no
2026-10-05T00:41:10.658882Z,KXDOGE15M-26OCT042045-45,0.9760,0.03,no
2026-10-05T00:41:10.658882Z,KXDOGE15M-26OCT042045-45,0.9760,1.00,no
2026-10-05T00:41:11.155524Z,KXDOGE15M-26OCT042045-45,0.9820,3.00,no
2026-10-05T00:41:11.547702Z,KXDOGE15M-26OCT042045-45,0.9870,1.00,yes
2026-10-05T00:41:11.547702Z,KXDOGE15M-26OCT042045-45,0.9870,4.00,yes
2026-10-05T00:41:11.838011Z,KXDOGE15M-26OCT042045-45,0.9810,4.00,no
2026-10-05T00:41:11.838011Z,KXDOGE15M-26OCT042045-45,0.9710,2.00,no
2026-10-05T00:41:11.838011Z,KXDOGE15M-26OCT042045-45,0.9820,23.00,no
2026-10-05T00:41:11.838011Z,KXDOGE15M-26OCT042045-45,0.9800,3.00,no
2026-10-05T00:41:11.838011Z,KXDOGE15M-26OCT042045-45,0.9800,4.54,no
2026-10-05T00:41:11.838011Z,KXDOGE15M-26OCT042045-45,0.9760,10.00,no
2026-10-05T00:41:11.838011Z,KXDOGE15M-26OCT042045-45,0.9760,0.03,no
2026-10-05T00:41:11.838011Z,KXDOGE15M-26OCT042045-45,0.9700,237.95,no
2026-10-05T00:41:11.838011Z,KXDOGE15M-26OCT042045-45,0.9790,3.00,no
2026-10-05T00:41:11.838011Z,KXDOGE15M-26OCT042045-45,0.9790,30.00,no
2026-10-05T00:41:11.838011Z,KXDOGE15M-26OCT042045-45,0.9750,11.02,no
2026-10-05T00:41:11.838011Z,KXDOGE15M-26OCT042045-45,0.9760,10.00,no
2026-10-05T00:41:11.838011Z,KXDOGE15M-26OCT042045-45,0.9770,1.00,no
2026-10-05T00:41:13.040171Z,KXDOGE15M-26OCT042045-45,0.9810,8.00,no
2026-10-05T00:41:13.890482Z,KXDOGE15M-26OCT042045-45,0.9790,14.26,no
2026-10-05T00:41:13.890482Z,KXDOGE15M-26OCT042045-45,0.9810,5.00,no
2026-10-05T00:41:13.890482Z,KXDOGE15M-26OCT042045-45,0.9800,3.00,no
2026-10-05T00:41:14.90549Z,KXDOGE15M-26OCT042045-45,0.9800,5.00,yes
2026-10-05T00:41:15.094232Z,KXDOGE15M-26OCT042045-45,0.9800,16.00,yes
2026-10-05T00:41:15.094232Z,KXDOGE15M-26OCT042045-45,0.9800,3.00,yes
2026-10-05T00:41:15.588138Z,KXDOGE15M-26OCT042045-45,0.9790,11.28,no
2026-10-05T00:41:15.588138Z,KXDOGE15M-26OCT042045-45,0.9800,11.00,no
2026-10-05T00:41:16.419641Z,KXDOGE15M-26OCT042045-45,0.9830,18.00,yes
2026-10-05T00:41:16.500459Z,KXDOGE15M-26OCT042045-45,0.9800,39.44,no
2026-10-05T00:41:17.551911Z,KXDOGE15M-26OCT042045-45,0.9800,8.04,no
2026-10-05T00:41:18.253469Z,KXDOGE15M-26OCT042045-45,0.9810,0.03,no
2026-10-05T00:41:18.253469Z,KXDOGE15M-26OCT042045-45,0.9800,82.21,no
2026-10-05T00:41:18.253469Z,KXDOGE15M-26OCT042045-45,0.9810,10.00,no
2026-10-05T00:41:22.063625Z,KXDOGE15M-26OCT042045-45,0.9840,4.82,yes
2026-10-05T00:41:22.709383Z,KXDOGE15M-26OCT042045-45,0.9860,1.01,yes
2026-10-05T00:41:22.766965Z,KXDOGE15M-26OCT042045-45,0.9820,0.03,no
2026-10-05T00:41:22.766965Z,KXDOGE15M-26OCT042045-45,0.9830,0.03,no
2026-10-05T00:41:22.766965Z,KXDOGE15M-26OCT042045-45,0.9840,12.00,no
2026-10-05T00:41:22.766965Z,KXDOGE15M-26OCT042045-45,0.9830,7.00,no
2026-10-05T00:41:22.766965Z,KXDOGE15M-26OCT042045-45,0.9840,0.03,no
2026-10-05T00:41:22.766965Z,KXDOGE15M-26OCT042045-45,0.9830,4.00,no
2026-10-05T00:41:22.766965Z,KXDOGE15M-26OCT042045-45,0.9820,300.00,no
2026-10-05T00:41:24.039217Z,KXDOGE15M-26OCT042045-45,0.9830,7.37,yes
2026-10-05T00:41:24.039217Z,KXDOGE15M-26OCT042045-45,0.9830,0.03,yes
2026-10-05T00:41:24.265088Z,KXDOGE15M-26OCT042045-45,0.9810,3.34,no
2026-10-05T00:41:24.750061Z,KXDOGE15M-26OCT042045-45,0.9860,18.00,yes
2026-10-05T00:41:24.750061Z,KXDOGE15M-26OCT042045-45,0.9850,29.00,yes
2026-10-05T00:41:24.750061Z,KXDOGE15M-26OCT042045-45,0.9900,10.00,yes
2026-10-05T00:41:24.750061Z,KXDOGE15M-26OCT042045-45,0.9890,10.00,yes
2026-10-05T00:41:24.750061Z,KXDOGE15M-26OCT042045-45,0.9900,197.83,yes
2026-10-05T00:41:24.750061Z,KXDOGE15M-26OCT042045-45,0.9860,0.17,yes
2026-10-05T00:41:24.750061Z,KXDOGE15M-26OCT042045-45,0.9870,18.25,yes
2026-10-05T00:41:24.750061Z,KXDOGE15M-26OCT042045-45,0.9870,115.35,yes
2026-10-05T00:41:24.750061Z,KXDOGE15M-26OCT042045-45,0.9870,0.43,yes
2026-10-05T00:41:24.750061Z,KXDOGE15M-26OCT042045-45,0.9870,21.97,yes
2026-10-05T00:41:24.750061Z,KXDOGE15M-26OCT042045-45,0.9870,4.00,yes
2026-10-05T00:41:24.750061Z,KXDOGE15M-26OCT042045-45,0.9900,75.00,yes
2026-10-05T00:41:25.807123Z,KXDOGE15M-26OCT042045-45,0.9820,3.00,no
2026-10-05T00:41:25.807123Z,KXDOGE15M-26OCT042045-45,0.9810,3.00,no
2026-10-05T00:41:25.807123Z,KXDOGE15M-26OCT042045-45,0.9810,18.25,no
2026-10-05T00:41:25.807123Z,KXDOGE15M-26OCT042045-45,0.9810,109.62,no
2026-10-05T00:41:25.807123Z,KXDOGE15M-26OCT042045-45,0.9830,75.00,no
2026-10-05T00:41:25.807123Z,KXDOGE15M-26OCT042045-45,0.9840,23.00,no
2026-10-05T00:41:25.807123Z,KXDOGE15M-26OCT042045-45,0.9870,1.00,no
2026-10-05T00:41:25.807123Z,KXDOGE15M-26OCT042045-45,0.9820,0.03,no
2026-10-05T00:41:25.807123Z,KXDOGE15M-26OCT042045-45,0.9840,0.03,no
2026-10-05T00:41:25.807123Z,KXDOGE15M-26OCT042045-45,0.9880,12.00,no
2026-10-05T00:41:25.807123Z,KXDOGE15M-26OCT042045-45,0.9880,7.00,no
2026-10-05T00:41:25.807123Z,KXDOGE15M-26OCT042045-45,0.9830,0.03,no
2026-10-05T00:41:25.807123Z,KXDOGE15M-26OCT042045-45,0.9820,10.00,no
2026-10-05T00:41:26.001227Z,KXDOGE15M-26OCT042045-45,0.9870,63.75,yes
2026-10-05T00:41:26.001227Z,KXDOGE15M-26OCT042045-45,0.9870,18.25,yes
2026-10-05T00:41:26.001566Z,KXDOGE15M-26OCT042045-45,0.9870,42.00,yes
2026-10-05T00:41:26.073951Z,KXDOGE15M-26OCT042045-45,0.9870,2.33,yes
2026-10-05T00:41:26.079509Z,KXDOGE15M-26OCT042045-45,0.9870,1.54,yes
2026-10-05T00:41:26.261684Z,KXDOGE15M-26OCT042045-45,0.9890,0.03,yes
2026-10-05T00:41:26.261684Z,KXDOGE15M-26OCT042045-45,0.9900,0.03,yes
2026-10-05T00:41:26.261684Z,KXDOGE15M-26OCT042045-45,0.9890,18.00,yes
2026-10-05T00:41:26.261684Z,KXDOGE15M-26OCT042045-45,0.9900,75.00,yes
2026-10-05T00:41:26.261684Z,KXDOGE15M-26OCT042045-45,0.9900,102.17,yes
2026-10-05T00:41:27.076231Z,KXDOGE15M-26OCT042045-45,0.9900,11.00,yes
2026-10-05T00:41:27.396182Z,KXDOGE15M-26OCT042045-45,0.9880,18.00,no
2026-10-05T00:41:27.396182Z,KXDOGE15M-26OCT042045-45,0.9890,10.00,no
2026-10-05T00:41:27.396182Z,KXDOGE15M-26OCT042045-45,0.9870,38.66,no
2026-10-05T00:41:27.654163Z,KXDOGE15M-26OCT042045-45,0.9900,0.09,yes
2026-10-05T00:41:28.316037Z,KXDOGE15M-26OCT042045-45,0.9900,1.00,yes
2026-10-05T00:41:28.675235Z,KXDOGE15M-26OCT042045-45,0.9900,5.00,yes
2026-10-05T00:41:28.675235Z,KXDOGE15M-26OCT042045-45,0.9900,0.03,yes
2026-10-05T00:41:28.675235Z,KXDOGE15M-26OCT042045-45,0.9900,7.00,yes
2026-10-05T00:41:30.283492Z,KXDOGE15M-26OCT042045-45,0.9900,1.59,no
2026-10-05T00:41:32.843953Z,KXDOGE15M-26OCT042045-45,0.9900,0.03,no
2026-10-05T00:41:32.843953Z,KXDOGE15M-26OCT042045-45,0.9900,8.41,no
2026-10-05T00:41:32.843953Z,KXDOGE15M-26OCT042045-45,0.9900,0.59,no
2026-10-05T00:41:32.843953Z,KXDOGE15M-26OCT042045-45,0.9900,0.01,no
2026-10-05T00:41:34.474376Z,KXDOGE15M-26OCT042045-45,0.9910,16.00,yes
2026-10-05T00:41:34.482148Z,KXDOGE15M-26OCT042045-45,0.9910,4.00,yes
2026-10-05T00:41:34.489701Z,KXDOGE15M-26OCT042045-45,0.9910,0.97,yes
2026-10-05T00:41:34.489701Z,KXDOGE15M-26OCT042045-45,0.9910,0.03,yes
2026-10-05T00:41:34.489701Z,KXDOGE15M-26OCT042045-45,0.9910,2.00,yes
2026-10-05T00:41:34.602641Z,KXDOGE15M-26OCT042045-45,0.9880,0.12,no
2026-10-05T00:41:34.602641Z,KXDOGE15M-26OCT042045-45,0.9900,16.00,no
2026-10-05T00:41:34.602641Z,KXDOGE15M-26OCT042045-45,0.9880,16.00,no
2026-10-05T00:41:34.602641Z,KXDOGE15M-26OCT042045-45,0.9880,4.00,no
2026-10-05T00:41:34.602641Z,KXDOGE15M-26OCT042045-45,0.9900,0.03,no
2026-10-05T00:41:34.602641Z,KXDOGE15M-26OCT042045-45,0.9880,20.00,no
2026-10-05T00:41:34.602641Z,KXDOGE15M-26OCT042045-45,0.9900,9.00,no
2026-10-05T00:41:34.602641Z,KXDOGE15M-26OCT042045-45,0.9880,0.03,no
2026-10-05T00:41:34.602641Z,KXDOGE15M-26OCT042045-45,0.9880,9.00,no
2026-10-05T00:41:35.077143Z,KXDOGE15M-26OCT042045-45,0.9920,96.77,yes
2026-10-05T00:41:36.057112Z,KXDOGE15M-26OCT042045-45,0.9910,12.92,yes
2026-10-05T00:41:37.692401Z,KXDOGE15M-26OCT042045-45,0.9920,26.00,yes
2026-10-05T00:41:37.692401Z,KXDOGE15M-26OCT042045-45,0.9910,0.07,yes
2026-10-05T00:41:37.692401Z,KXDOGE15M-26OCT042045-45,0.9920,26.00,yes
2026-10-05T00:41:37.692401Z,KXDOGE15M-26OCT042045-45,0.9920,10.00,yes
2026-10-05T00:41:37.692401Z,KXDOGE15M-26OCT042045-45,0.9930,122.57,yes
2026-10-05T00:41:39.032135Z,KXDOGE15M-26OCT042045-45,0.9920,5.00,yes
2026-10-05T00:41:39.038965Z,KXDOGE15M-26OCT042045-45,0.9920,1.00,yes
2026-10-05T00:41:39.577662Z,KXDOGE15M-26OCT042045-45,0.9930,3.00,yes
2026-10-05T00:41:39.584068Z,KXDOGE15M-26OCT042045-45,0.9930,6.00,yes
2026-10-05T00:41:39.590555Z,KXDOGE15M-26OCT042045-45,0.9930,2.00,yes
2026-10-05T00:41:39.595813Z,KXDOGE15M-26OCT042045-45,0.9930,1.00,yes
2026-10-05T00:41:41.30111Z,KXDOGE15M-26OCT042045-45,0.9810,5.73,no
2026-10-05T00:41:41.30111Z,KXDOGE15M-26OCT042045-45,0.9810,4.00,no
2026-10-05T00:41:41.30111Z,KXDOGE15M-26OCT042045-45,0.9810,0.43,no
2026-10-05T00:41:41.30111Z,KXDOGE15M-26OCT042045-45,0.9810,21.97,no
2026-10-05T00:41:41.30111Z,KXDOGE15M-26OCT042045-45,0.9860,10.00,no
2026-10-05T00:41:41.30111Z,KXDOGE15M-26OCT042045-45,0.9840,10.00,no
2026-10-05T00:41:41.30111Z,KXDOGE15M-26OCT042045-45,0.9850,9.00,no
2026-10-05T00:41:41.30111Z,KXDOGE15M-26OCT042045-45,0.9800,10.00,no
2026-10-05T00:41:41.30111Z,KXDOGE15M-26OCT042045-45,0.9870,9.00,no
2026-10-05T00:41:41.30111Z,KXDOGE15M-26OCT042045-45,0.9830,10.00,no
2026-10-05T00:41:41.30111Z,KXDOGE15M-26OCT042045-45,0.9860,9.00,no
2026-10-05T00:41:41.30111Z,KXDOGE15M-26OCT042045-45,0.9860,0.03,no
2026-10-05T00:41:41.30111Z,KXDOGE15M-26OCT042045-45,0.9850,0.03,no
2026-10-05T00:41:41.30111Z,KXDOGE15M-26OCT042045-45,0.9820,10.00,no
2026-10-05T00:41:41.30111Z,KXDOGE15M-26OCT042045-45,0.9830,1.00,no
2026-10-05T00:41:41.30111Z,KXDOGE15M-26OCT042045-45,0.9830,0.03,no
2026-10-05T00:41:41.30111Z,KXDOGE15M-26OCT042045-45,0.9810,42.00,no
2026-10-05T00:41:41.30111Z,KXDOGE15M-26OCT042045-45,0.9850,1.00,no
2026-10-05T00:41:41.30111Z,KXDOGE15M-26OCT042045-45,0.9870,36.34,no
2026-10-05T00:41:41.30111Z,KXDOGE15M-26OCT042045-45,0.9810,1.54,no
2026-10-05T00:41:41.30111Z,KXDOGE15M-26OCT042045-45,0.9810,63.75,no
2026-10-05T00:41:41.30111Z,KXDOGE15M-26OCT042045-45,0.9820,0.03,no
2026-10-05T00:41:41.30111Z,KXDOGE15M-26OCT042045-45,0.9810,18.25,no
2026-10-05T00:41:41.30111Z,KXDOGE15M-26OCT042045-45,0.9810,2.33,no
2026-10-05T00:41:41.30111Z,KXDOGE15M-26OCT042045-45,0.9840,19.00,no
2026-10-05T00:41:41.30111Z,KXDOGE15M-26OCT042045-45,0.9820,19.00,no
2026-10-05T00:41:41.30111Z,KXDOGE15M-26OCT042045-45,0.9840,0.03,no
2026-10-05T00:41:41.30111Z,KXDOGE15M-26OCT042045-45,0.9850,18.00,no
2026-10-05T00:41:41.30111Z,KXDOGE15M-26OCT042045-45,0.9810,19.00,no
2026-10-05T00:41:41.30111Z,KXDOGE15M-26OCT042045-45,0.9800,19.00,no
2026-10-05T00:41:41.30111Z,KXDOGE15M-26OCT042045-45,0.9830,19.00,no
2026-10-05T00:41:41.30111Z,KXDOGE15M-26OCT042045-45,0.9860,18.00,no
2026-10-05T00:41:41.30111Z,KXDOGE15M-26OCT042045-45,0.9870,18.00,no
2026-10-05T00:41:41.30111Z,KXDOGE15M-26OCT042045-45,0.9810,10.00,no
2026-10-05T00:41:41.30111Z,KXDOGE15M-26OCT042045-45,0.9840,3.00,no
2026-10-05T00:41:41.30111Z,KXDOGE15M-26OCT042045-45,0.9820,3.00,no
2026-10-05T00:41:41.30111Z,KXDOGE15M-26OCT042045-45,0.9900,71.00,no
2026-10-05T00:41:41.30111Z,KXDOGE15M-26OCT042045-45,0.9810,3.00,no
2026-10-05T00:41:41.30111Z,KXDOGE15M-26OCT042045-45,0.9830,3.00,no
2026-10-05T00:41:41.30111Z,KXDOGE15M-26OCT042045-45,0.9850,3.00,no
2026-10-05T00:41:41.30111Z,KXDOGE15M-26OCT042045-45,0.9870,2.00,no
2026-10-05T00:41:41.30111Z,KXDOGE15M-26OCT042045-45,0.9860,3.00,no
2026-10-05T00:41:41.30111Z,KXDOGE15M-26OCT042045-45,0.9860,30.00,no
2026-10-05T00:41:41.30111Z,KXDOGE15M-26OCT042045-45,0.9900,100.00,no
2026-10-05T00:41:41.30111Z,KXDOGE15M-26OCT042045-45,0.9920,10.00,no
2026-10-05T00:41:41.30111Z,KXDOGE15M-26OCT042045-45,0.9860,1.00,no
2026-10-05T00:41:41.30111Z,KXDOGE15M-26OCT042045-45,0.9830,1.00,no
2026-10-05T00:41:41.30111Z,KXDOGE15M-26OCT042045-45,0.9820,1.00,no
2026-10-05T00:41:41.30111Z,KXDOGE15M-26OCT042045-45,0.9920,12.00,no
2026-10-05T00:41:41.30111Z,KXDOGE15M-26OCT042045-45,0.9860,3.00,no
2026-10-05T00:41:41.30111Z,KXDOGE15M-26OCT042045-45,0.9900,64.00,no
2026-10-05T00:41:41.30111Z,KXDOGE15M-26OCT042045-45,0.9910,45.00,no
2026-10-05T00:41:41.30111Z,KXDOGE15M-26OCT042045-45,0.9840,3.00,no
2026-10-05T00:41:41.30111Z,KXDOGE15M-26OCT042045-45,0.9870,3.00,no
2026-10-05T00:41:41.30111Z,KXDOGE15M-26OCT042045-45,0.9810,4.00,no
2026-10-05T00:41:41.30111Z,KXDOGE15M-26OCT042045-45,0.9820,3.00,no
2026-10-05T00:41:41.30111Z,KXDOGE15M-26OCT042045-45,0.9900,46.00,no
2026-10-05T00:41:41.30111Z,KXDOGE15M-26OCT042045-45,0.9880,3.00,no
2026-10-05T00:41:41.30111Z,KXDOGE15M-26OCT042045-45,0.9870,0.03,no
2026-10-05T00:41:41.30111Z,KXDOGE15M-26OCT042045-45,0.9830,3.00,no
2026-10-05T00:41:41.30111Z,KXDOGE15M-26OCT042045-45,0.9830,3.00,no
2026-10-05T00:41:41.30111Z,KXDOGE15M-26OCT042045-45,0.9800,308.47,no
2026-10-05T00:41:41.30111Z,KXDOGE15M-26OCT042045-45,0.9850,3.00,no
2026-10-05T00:41:41.30111Z,KXDOGE15M-26OCT042045-45,0.9840,10.00,no
2026-10-05T00:41:41.30111Z,KXDOGE15M-26OCT042045-45,0.9820,3.00,no
2026-10-05T00:41:41.30111Z,KXDOGE15M-26OCT042045-45,0.9870,1.00,no
2026-10-05T00:41:41.30111Z,KXDOGE15M-26OCT042045-45,0.9800,270.31,no
2026-10-05T00:41:42.731944Z,KXDOGE15M-26OCT042045-45,0.9920,0.03,yes
2026-10-05T00:41:42.731944Z,KXDOGE15M-26OCT042045-45,0.9920,31.07,yes
2026-10-05T00:41:42.731944Z,KXDOGE15M-26OCT042045-45,0.9920,10.00,yes
2026-10-05T00:41:43.112579Z,KXDOGE15M-26OCT042045-45,0.9920,1.00,yes
2026-10-05T00:41:43.157124Z,KXDOGE15M-26OCT042045-45,0.9860,25.08,no
2026-10-05T00:41:43.157124Z,KXDOGE15M-26OCT042045-45,0.9910,8.00,no
2026-10-05T00:41:43.157124Z,KXDOGE15M-26OCT042045-45,0.9910,8.00,no
2026-10-05T00:41:43.157124Z,KXDOGE15M-26OCT042045-45,0.9910,8.00,no
2026-10-05T00:41:43.157124Z,KXDOGE15M-26OCT042045-45,0.9870,10.00,no
2026-10-05T00:41:43.157124Z,KXDOGE15M-26OCT042045-45,0.9910,1.00,no
2026-10-05T00:41:43.210317Z,KXDOGE15M-26OCT042045-45,0.9870,25.00,yes
2026-10-05T00:41:43.237232Z,KXDOGE15M-26OCT042045-45,0.9870,0.08,yes
2026-10-05T00:41:44.290037Z,KXDOGE15M-26OCT042045-45,0.9810,13.00,no
2026-10-05T00:41:44.290037Z,KXDOGE15M-26OCT042045-45,0.9830,0.03,no
2026-10-05T00:41:44.290037Z,KXDOGE15M-26OCT042045-45,0.9860,5.99,no
2026-10-05T00:41:44.290037Z,KXDOGE15M-26OCT042045-45,0.9810,1.00,no
2026-10-05T00:41:44.290037Z,KXDOGE15M-26OCT042045-45,0.9820,3.00,no
2026-10-05T00:41:44.290037Z,KXDOGE15M-26OCT042045-45,0.9810,11.06,no
2026-10-05T00:41:44.290037Z,KXDOGE15M-26OCT042045-45,0.9860,10.00,no
2026-10-05T00:41:44.290037Z,KXDOGE15M-26OCT042045-45,0.9850,10.00,no
2026-10-05T00:41:44.290037Z,KXDOGE15M-26OCT042045-45,0.9820,0.03,no
2026-10-05T00:41:44.290037Z,KXDOGE15M-26OCT042045-45,0.9860,1.00,no
2026-10-05T00:41:44.376267Z,KXDOGE15M-26OCT042045-45,0.9870,1.00,yes
2026-10-05T00:41:44.376267Z,KXDOGE15M-26OCT042045-45,0.9870,5.99,yes
2026-10-05T00:41:44.405855Z,KXDOGE15M-26OCT042045-45,0.9870,11.06,yes
2026-10-05T00:41:46.044948Z,KXDOGE15M-26OCT042045-45,0.9910,2.01,yes
2026-10-05T00:41:46.352374Z,KXDOGE15M-26OCT042045-45,0.9870,41.00,yes
2026-10-05T00:41:46.361699Z,KXDOGE15M-26OCT042045-45,0.9870,74.00,yes
2026-10-05T00:41:46.37465Z,KXDOGE15M-26OCT042045-45,0.9870,12.93,yes
2026-10-05T00:41:47.118061Z,KXDOGE15M-26OCT042045-45,0.9910,35.00,no
2026-10-05T00:41:47.118061Z,KXDOGE15M-26OCT042045-45,0.9900,58.51,no
2026-10-05T00:41:47.671718Z,KXDOGE15M-26OCT042045-45,0.9940,3.00,yes
2026-10-05T00:41:47.671718Z,KXDOGE15M-26OCT042045-45,0.9930,3.00,yes
2026-10-05T00:41:47.671718Z,KXDOGE15M-26OCT042045-45,0.9920,10.00,yes
2026-10-05T00:41:47.671718Z,KXDOGE15M-26OCT042045-45,0.9920,0.03,yes
2026-10-05T00:41:47.671718Z,KXDOGE15M-26OCT042045-45,0.9930,0.03,yes
2026-10-05T00:41:47.671718Z,KXDOGE15M-26OCT042045-45,0.9940,0.03,yes
2026-10-05T00:41:47.671718Z,KXDOGE15M-26OCT042045-45,0.9930,24.00,yes
2026-10-05T00:41:47.671718Z,KXDOGE15M-26OCT042045-45,0.9940,500.00,yes
2026-10-05T00:41:47.671718Z,KXDOGE15M-26OCT042045-45,0.9950,434.44,yes
2026-10-05T00:41:47.671718Z,KXDOGE15M-26OCT042045-45,0.9950,8.00,yes
2026-10-05T00:41:47.671718Z,KXDOGE15M-26OCT042045-45,0.9950,1.00,yes
2026-10-05T00:41:47.671718Z,KXDOGE15M-26OCT042045-45,0.9950,11.00,yes
2026-10-05T00:41:48.13366Z,KXDOGE15M-26OCT042045-45,0.9930,0.03,yes
2026-10-05T00:41:48.13366Z,KXDOGE15M-26OCT042045-45,0.9920,0.03,yes
2026-10-05T00:41:48.13366Z,KXDOGE15M-26OCT042045-45,0.9940,0.68,yes
2026-10-05T00:41:49.584157Z,KXDOGE15M-26OCT042045-45,0.9950,10.00,yes
2026-10-05T00:41:49.584157Z,KXDOGE15M-26OCT042045-45,0.9940,29.00,yes
2026-10-05T00:41:49.584157Z,KXDOGE15M-26OCT042045-45,0.9940,1.00,yes
2026-10-05T00:41:49.584157Z,KXDOGE15M-26OCT042045-45,0.9950,3.00,yes
2026-10-05T00:41:49.584157Z,KXDOGE15M-26OCT042045-45,0.9950,0.03,yes
2026-10-05T00:41:49.584157Z,KXDOGE15M-26OCT042045-45,0.9940,0.03,yes
2026-10-05T00:41:49.584157Z,KXDOGE15M-26OCT042045-45,0.9950,10.00,yes
2026-10-05T00:41:49.584157Z,KXDOGE15M-26OCT042045-45,0.9940,19.00,yes
2026-10-05T00:41:49.584157Z,KXDOGE15M-26OCT042045-45,0.9950,165.56,yes
2026-10-05T00:41:49.584157Z,KXDOGE15M-26OCT042045-45,0.9960,56.38,yes
2026-10-05T00:41:52.403799Z,KXDOGE15M-26OCT042045-45,0.9940,1.00,yes
2026-10-05T00:41:52.403799Z,KXDOGE15M-26OCT042045-45,0.9940,8.00,yes
2026-10-05T00:41:53.153389Z,KXDOGE15M-26OCT042045-45,0.9940,0.03,yes
2026-10-05T00:41:53.153389Z,KXDOGE15M-26OCT042045-45,0.9940,12.00,yes
2026-10-05T00:41:53.153389Z,KXDOGE15M-26OCT042045-45,0.9950,3.09,yes
2026-10-05T00:41:53.153389Z,KXDOGE15M-26OCT042045-45,0.9950,10.00,yes
2026-10-05T00:41:54.068514Z,KXDOGE15M-26OCT042045-45,0.9940,11.57,no
2026-10-05T00:41:55.216074Z,KXDOGE15M-26OCT042045-45,0.9950,5.97,yes
2026-10-05T00:41:55.216074Z,KXDOGE15M-26OCT042045-45,0.9950,0.03,yes
2026-10-05T00:41:55.225812Z,KXDOGE15M-26OCT042045-45,0.9950,2.00,yes
2026-10-05T00:41:55.233089Z,KXDOGE15M-26OCT042045-45,0.9950,2.00,yes
2026-10-05T00:41:55.239301Z,KXDOGE15M-26OCT042045-45,0.9950,2.00,yes
2026-10-05T00:41:55.352824Z,KXDOGE15M-26OCT042045-45,0.9950,6.00,yes
2026-10-05T00:41:55.740299Z,KXDOGE15M-26OCT042045-45,0.9950,2.00,yes
2026-10-05T00:41:57.027851Z,KXDOGE15M-26OCT042045-45,0.9940,1.43,no
2026-10-05T00:41:57.027851Z,KXDOGE15M-26OCT042045-45,0.9940,0.03,no
2026-10-05T00:41:57.027851Z,KXDOGE15M-26OCT042045-45,0.9940,6.00,no
2026-10-05T00:41:57.027851Z,KXDOGE15M-26OCT042045-45,0.9940,20.00,no
2026-10-05T00:41:58.21874Z,KXDOGE15M-26OCT042045-45,0.9950,0.03,yes
2026-10-05T00:41:58.21874Z,KXDOGE15M-26OCT042045-45,0.9950,10.00,yes
2026-10-05T00:41:58.21874Z,KXDOGE15M-26OCT042045-45,0.9950,5.00,yes
2026-10-05T00:41:58.21874Z,KXDOGE15M-26OCT042045-45,0.9950,2.00,yes
2026-10-05T00:41:58.21874Z,KXDOGE15M-26OCT042045-45,0.9950,5.97,yes
2026-10-05T00:41:58.21874Z,KXDOGE15M-26OCT042045-45,0.9950,2.00,yes
2026-10-05T00:41:58.21874Z,KXDOGE15M-26OCT042045-45,0.9950,2.00,yes
2026-10-05T00:41:59.836528Z,KXDOGE15M-26OCT042045-45,0.9930,65.45,no
2026-10-05T00:42:01.106899Z,KXDOGE15M-26OCT042045-45,0.9950,2.00,yes
2026-10-05T00:42:01.106899Z,KXDOGE15M-26OCT042045-45,0.9950,1.00,yes
2026-10-05T00:42:01.106899Z,KXDOGE15M-26OCT042045-45,0.9950,17.00,yes
2026-10-05T00:42:01.106899Z,KXDOGE15M-26OCT042045-45,0.9950,13.00,yes
2026-10-05T00:42:01.106899Z,KXDOGE15M-26OCT042045-45,0.9970,400.00,yes
2026-10-05T00:42:01.106899Z,KXDOGE15M-26OCT042045-45,0.9960,1.00,yes
2026-10-05T00:42:01.106899Z,KXDOGE15M-26OCT042045-45,0.9960,1.00,yes
2026-10-05T00:42:01.106899Z,KXDOGE15M-26OCT042045-45,0.9960,13.00,yes
2026-10-05T00:42:01.106899Z,KXDOGE15M-26OCT042045-45,0.9960,1.00,yes
2026-10-05T00:42:01.106899Z,KXDOGE15M-26OCT042045-45,0.9960,1.00,yes
2026-10-05T00:42:01.106899Z,KXDOGE15M-26OCT042045-45,0.9960,1.00,yes
2026-10-05T00:42:01.238707Z,KXDOGE15M-26OCT042045-45,0.9960,5.00,no
2026-10-05T00:42:01.245149Z,KXDOGE15M-26OCT042045-45,0.9960,2.00,no
2026-10-05T00:42:02.101619Z,KXDOGE15M-26OCT042045-45,0.9960,67.70,no
2026-10-05T00:42:03.201908Z,KXDOGE15M-26OCT042045-45,0.9970,348.00,yes
2026-10-05T00:42:03.994711Z,KXDOGE15M-26OCT042045-45,0.9930,15.24,no
2026-10-05T00:42:03.994711Z,KXDOGE15M-26OCT042045-45,0.9950,10.00,no
2026-10-05T00:42:03.994711Z,KXDOGE15M-26OCT042045-45,0.9940,1.00,no
2026-10-05T00:42:03.994711Z,KXDOGE15M-26OCT042045-45,0.9960,325.30,no
2026-10-05T00:42:03.994711Z,KXDOGE15M-26OCT042045-45,0.9930,40.00,no
2026-10-05T00:42:03.994711Z,KXDOGE15M-26OCT042045-45,0.9930,15.55,no
2026-10-05T00:42:05.87398Z,KXDOGE15M-26OCT042045-45,0.9950,48.50,no
2026-10-05T00:42:07.280652Z,KXDOGE15M-26OCT042045-45,0.9960,0.03,yes
2026-10-05T00:42:07.280652Z,KXDOGE15M-26OCT042045-45,0.9960,0.10,yes
2026-10-05T00:42:07.280652Z,KXDOGE15M-26OCT042045-45,0.9960,25.00,yes
2026-10-05T00:42:11.6742Z,KXDOGE15M-26OCT042045-45,0.9970,30.03,yes
2026-10-05T00:42:12.366349Z,KXDOGE15M-26OCT042045-45,0.9970,1.00,yes
2026-10-05T00:42:12.374655Z,KXDOGE15M-26OCT042045-45,0.9970,1.00,yes
2026-10-05T00:42:12.38328Z,KXDOGE15M-26OCT042045-45,0.9970,1.00,yes
2026-10-05T00:42:12.392454Z,KXDOGE15M-26OCT042045-45,0.9970,1.00,yes
2026-10-05T00:42:12.400197Z,KXDOGE15M-26OCT042045-45,0.9970,1.00,yes
2026-10-05T00:42:12.405746Z,KXDOGE15M-26OCT042045-45,0.9970,1.00,yes
2026-10-05T00:42:12.411531Z,KXDOGE15M-26OCT042045-45,0.9970,1.00,yes
2026-10-05T00:42:12.418813Z,KXDOGE15M-26OCT042045-45,0.9970,1.00,yes
2026-10-05T00:42:12.426495Z,KXDOGE15M-26OCT042045-45,0.9970,1.00,yes
2026-10-05T00:42:12.432131Z,KXDOGE15M-26OCT042045-45,0.9970,1.00,yes
2026-10-05T00:42:12.43787Z,KXDOGE15M-26OCT042045-45,0.9970,1.00,yes
2026-10-05T00:42:12.443507Z,KXDOGE15M-26OCT042045-45,0.9970,1.00,yes
2026-10-05T00:42:13.202228Z,KXDOGE15M-26OCT042045-45,0.9970,118.86,yes
2026-10-05T00:42:13.303562Z,KXDOGE15M-26OCT042045-45,0.9970,1.00,yes
2026-10-05T00:42:13.624655Z,KXDOGE15M-26OCT042045-45,0.9950,6.50,no
2026-10-05T00:42:13.624655Z,KXDOGE15M-26OCT042045-45,0.9960,1.00,no
2026-10-05T00:42:13.624655Z,KXDOGE15M-26OCT042045-45,0.9960,1.00,no
2026-10-05T00:42:13.624655Z,KXDOGE15M-26OCT042045-45,0.9960,1.00,no
2026-10-05T00:42:13.624655Z,KXDOGE15M-26OCT042045-45,0.9960,1.00,no
2026-10-05T00:42:13.624655Z,KXDOGE15M-26OCT042045-45,0.9960,1.00,no
2026-10-05T00:42:13.624655Z,KXDOGE15M-26OCT042045-45,0.9960,1.00,no
2026-10-05T00:42:13.624655Z,KXDOGE15M-26OCT042045-45,0.9960,1.00,no
2026-10-05T00:42:13.624655Z,KXDOGE15M-26OCT042045-45,0.9960,1.00,no
2026-10-05T00:42:13.624655Z,KXDOGE15M-26OCT042045-45,0.9960,1.00,no
2026-10-05T00:42:13.624655Z,KXDOGE15M-26OCT042045-45,0.9960,1.00,no
2026-10-05T00:42:13.624655Z,KXDOGE15M-26OCT042045-45,0.9960,1.00,no
2026-10-05T00:42:13.624655Z,KXDOGE15M-26OCT042045-45,0.9960,1.00,no
2026-10-05T00:42:13.624655Z,KXDOGE15M-26OCT042045-45,0.9950,15.99,no
2026-10-05T00:42:13.624655Z,KXDOGE15M-26OCT042045-45,0.9960,1.00,no
2026-10-05T00:42:13.624655Z,KXDOGE15M-26OCT042045-45,0.9960,118.86,no
2026-10-05T00:42:13.624655Z,KXDOGE15M-26OCT042045-45,0.9960,1.00,no
2026-10-05T00:42:14.434412Z,KXDOGE15M-26OCT042045-45,0.9970,2.00,yes
2026-10-05T00:42:14.442139Z,KXDOGE15M-26OCT042045-45,0.9970,2.00,yes
2026-10-05T00:42:17.449644Z,KXDOGE15M-26OCT042045-45,0.9970,27.75,yes
2026-10-05T00:42:18.481767Z,KXDOGE15M-26OCT042045-45,0.9960,2.34,no
2026-10-05T00:42:19.424941Z,KXDOGE15M-26OCT042045-45,0.9970,1.00,yes
2026-10-05T00:42:19.761476Z,KXDOGE15M-26OCT042045-45,0.9940,55.00,no
2026-10-05T00:42:19.761476Z,KXDOGE15M-26OCT042045-45,0.9930,49.76,no
2026-10-05T00:42:19.761476Z,KXDOGE15M-26OCT042045-45,0.9940,0.11,no
2026-10-05T00:42:19.761476Z,KXDOGE15M-26OCT042045-45,0.9960,1.00,no
2026-10-05T00:42:19.761476Z,KXDOGE15M-26OCT042045-45,0.9960,27.75,no
2026-10-05T00:42:19.761476Z,KXDOGE15M-26OCT042045-45,0.9950,0.10,no
2026-10-05T00:42:19.761476Z,KXDOGE15M-26OCT042045-45,0.9940,1.00,no
2026-10-05T00:42:19.761476Z,KXDOGE15M-26OCT042045-45,0.9960,0.66,no
2026-10-05T00:42:19.761476Z,KXDOGE15M-26OCT042045-45,0.9950,5.00,no
2026-10-05T00:42:19.761476Z,KXDOGE15M-26OCT042045-45,0.9960,2.00,no
2026-10-05T00:42:19.761476Z,KXDOGE15M-26OCT042045-45,0.9960,2.00,no
2026-10-05T00:42:19.761476Z,KXDOGE15M-26OCT042045-45,0.9950,14.04,no
2026-10-05T00:42:20.137272Z,KXDOGE15M-26OCT042045-45,0.9970,2.00,yes
2026-10-05T00:42:20.843048Z,KXDOGE15M-26OCT042045-45,0.9730,1.00,no
2026-10-05T00:42:20.843048Z,KXDOGE15M-26OCT042045-45,0.9720,1.00,no
2026-10-05T00:42:20.843048Z,KXDOGE15M-26OCT042045-45,0.9720,7.54,no
2026-10-05T00:42:20.843048Z,KXDOGE15M-26OCT042045-45,0.9790,3.00,no
2026-10-05T00:42:20.843048Z,KXDOGE15M-26OCT042045-45,0.9780,1.00,no
2026-10-05T00:42:20.843048Z,KXDOGE15M-26OCT042045-45,0.9740,1.00,no
2026-10-05T00:42:20.843048Z,KXDOGE15M-26OCT042045-45,0.9760,1.00,no
2026-10-05T00:42:20.843048Z,KXDOGE15M-26OCT042045-45,0.9770,1.00,no
2026-10-05T00:42:20.843048Z,KXDOGE15M-26OCT042045-45,0.9750,1.00,no
2026-10-05T00:42:20.843048Z,KXDOGE15M-26OCT042045-45,0.9750,2.00,no
2026-10-05T00:42:20.843048Z,KXDOGE15M-26OCT042045-45,0.9760,2.00,no
2026-10-05T00:42:20.843048Z,KXDOGE15M-26OCT042045-45,0.9740,2.00,no
2026-10-05T00:42:20.843048Z,KXDOGE15M-26OCT042045-45,0.9790,2.00,no
2026-10-05T00:42:20.843048Z,KXDOGE15M-26OCT042045-45,0.9730,2.00,no
2026-10-05T00:42:20.843048Z,KXDOGE15M-26OCT042045-45,0.9780,2.00,no
2026-10-05T00:42:20.843048Z,KXDOGE15M-26OCT042045-45,0.9720,3.00,no
2026-10-05T00:42:20.843048Z,KXDOGE15M-26OCT042045-45,0.9770,2.00,no
2026-10-05T00:42:20.843048Z,KXDOGE15M-26OCT042045-45,0.9810,11.06,no
2026-10-05T00:42:20.843048Z,KXDOGE15M-26OCT042045-45,0.9810,5.99,no
2026-10-05T00:42:20.843048Z,KXDOGE15M-26OCT042045-45,0.9810,1.00,no
2026-10-05T00:42:20.843048Z,KXDOGE15M-26OCT042045-45,0.9840,1.00,no
2026-10-05T00:42:20.843048Z,KXDOGE15M-26OCT042045-45,0.9810,0.08,no
2026-10-05T00:42:20.843048Z,KXDOGE15M-26OCT042045-45,0.9800,31.00,no
2026-10-05T00:42:20.843048Z,KXDOGE15M-26OCT042045-45,0.9810,13.94,no
2026-10-05T00:42:20.843048Z,KXDOGE15M-26OCT042045-45,0.9740,8.47,no
2026-10-05T00:42:20.843048Z,KXDOGE15M-26OCT042045-45,0.9810,74.00,no
2026-10-05T00:42:20.843048Z,KXDOGE15M-26OCT042045-45,0.9830,42.00,no
2026-10-05T00:42:20.843048Z,KXDOGE15M-26OCT042045-45,0.9740,8.47,no
2026-10-05T00:42:20.843048Z,KXDOGE15M-26OCT042045-45,0.9810,41.00,no
2026-10-05T00:42:20.843048Z,KXDOGE15M-26OCT042045-45,0.9900,41.49,no
2026-10-05T00:42:20.843048Z,KXDOGE15M-26OCT042045-45,0.9740,8.47,no
2026-10-05T00:42:20.843048Z,KXDOGE15M-26OCT042045-45,0.9810,12.93,no
2026-10-05T00:42:20.843048Z,KXDOGE15M-26OCT042045-45,0.9740,8.47,no
2026-10-05T00:42:20.843048Z,KXDOGE15M-26OCT042045-45,0.9730,8.48,no
2026-10-05T00:42:20.843048Z,KXDOGE15M-26OCT042045-45,0.9800,13.00,no
2026-10-05T00:42:20.843048Z,KXDOGE15M-26OCT042045-45,0.9750,1.00,no
2026-10-05T00:42:20.843048Z,KXDOGE15M-26OCT042045-45,0.9800,12.00,no
2026-10-05T00:42:20.843048Z,KXDOGE15M-26OCT042045-45,0.9730,8.48,no
2026-10-05T00:42:20.843048Z,KXDOGE15M-26OCT042045-45,0.9730,8.48,no
2026-10-05T00:42:20.843048Z,KXDOGE15M-26OCT042045-45,0.9730,8.48,no
2026-10-05T00:42:20.843048Z,KXDOGE15M-26OCT042045-45,0.9800,4.00,no
2026-10-05T00:42:20.843048Z,KXDOGE15M-26OCT042045-45,0.9820,4.00,no
2026-10-05T00:42:20.843048Z,KXDOGE15M-26OCT042045-45,0.9850,3.00,no
2026-10-05T00:42:20.843048Z,KXDOGE15M-26OCT042045-45,0.9880,3.00,no
2026-10-05T00:42:20.843048Z,KXDOGE15M-26OCT042045-45,0.9900,3.00,no
2026-10-05T00:42:20.843048Z,KXDOGE15M-26OCT042045-45,0.9890,3.00,no
2026-10-05T00:42:20.843048Z,KXDOGE15M-26OCT042045-45,0.9750,1.00,no
2026-10-05T00:42:20.843048Z,KXDOGE15M-26OCT042045-45,0.9830,3.00,no
2026-10-05T00:42:20.843048Z,KXDOGE15M-26OCT042045-45,0.9870,3.00,no
2026-10-05T00:42:20.843048Z,KXDOGE15M-26OCT042045-45,0.9910,56.00,no
2026-10-05T00:42:20.843048Z,KXDOGE15M-26OCT042045-45,0.9880,3.00,no
2026-10-05T00:42:20.843048Z,KXDOGE15M-26OCT042045-45,0.9860,3.00,no
2026-10-05T00:42:20.843048Z,KXDOGE15M-26OCT042045-45,0.9920,55.00,no
2026-10-05T00:42:20.843048Z,KXDOGE15M-26OCT042045-45,0.9840,3.00,no
2026-10-05T00:42:20.843048Z,KXDOGE15M-26OCT042045-45,0.9930,5.24,no
2026-10-05T00:42:20.843048Z,KXDOGE15M-26OCT042045-45,0.9810,4.00,no
2026-10-05T00:42:20.843048Z,KXDOGE15M-26OCT042045-45,0.9900,300.00,no
2026-10-05T00:42:20.843048Z,KXDOGE15M-26OCT042045-45,0.9900,0.50,no
2026-10-05T00:42:20.843048Z,KXDOGE15M-26OCT042045-45,0.9910,10.00,no
2026-10-05T00:42:20.843048Z,KXDOGE15M-26OCT042045-45,0.9850,5.00,no
2026-10-05T00:42:20.843048Z,KXDOGE15M-26OCT042045-45,0.9810,6.00,no
2026-10-05T00:42:20.843048Z,KXDOGE15M-26OCT042045-45,0.9870,5.00,no
2026-10-05T00:42:20.843048Z,KXDOGE15M-26OCT042045-45,0.9900,10.00,no
2026-10-05T00:42:20.843048Z,KXDOGE15M-26OCT042045-45,0.9890,1.00,no
2026-10-05T00:42:20.843048Z,KXDOGE15M-26OCT042045-45,0.9820,4.00,no
2026-10-05T00:42:20.843048Z,KXDOGE15M-26OCT042045-45,0.9910,41.00,no
2026-10-05T00:42:20.843048Z,KXDOGE15M-26OCT042045-45,0.9880,4.00,no
2026-10-05T00:42:20.843048Z,KXDOGE15M-26OCT042045-45,0.9860,4.00,no
2026-10-05T00:42:20.843048Z,KXDOGE15M-26OCT042045-45,0.9810,25.00,no
2026-10-05T00:42:20.843048Z,KXDOGE15M-26OCT042045-45,0.9820,25.00,no
2026-10-05T00:42:20.843048Z,KXDOGE15M-26OCT042045-45,0.9880,10.00,no
2026-10-05T00:42:20.843048Z,KXDOGE15M-26OCT042045-45,0.9910,206.00,no
2026-10-05T00:42:20.843048Z,KXDOGE15M-26OCT042045-45,0.9860,26.00,no
2026-10-05T00:42:20.843048Z,KXDOGE15M-26OCT042045-45,0.9830,25.00,no
2026-10-05T00:42:20.843048Z,KXDOGE15M-26OCT042045-45,0.9920,206.00,no
2026-10-05T00:42:20.843048Z,KXDOGE15M-26OCT042045-45,0.9840,25.00,no
2026-10-05T00:42:20.843048Z,KXDOGE15M-26OCT042045-45,0.9870,26.00,no
2026-10-05T00:42:20.843048Z,KXDOGE15M-26OCT042045-45,0.9900,205.00,no
2026-10-05T00:42:20.843048Z,KXDOGE15M-26OCT042045-45,0.9850,25.00,no
2026-10-05T00:42:20.843048Z,KXDOGE15M-26OCT042045-45,0.9870,10.00,no
2026-10-05T00:42:20.843048Z,KXDOGE15M-26OCT042045-45,0.9830,5.00,no
2026-10-05T00:42:20.843048Z,KXDOGE15M-26OCT042045-45,0.9840,4.00,no
2026-10-05T00:42:20.843048Z,KXDOGE15M-26OCT042045-45,0.9900,42.00,no
2026-10-05T00:42:20.843048Z,KXDOGE15M-26OCT042045-45,0.9920,40.00,no
2026-10-05T00:42:20.843048Z,KXDOGE15M-26OCT042045-45,0.9790,40.00,no
2026-10-05T00:42:20.843048Z,KXDOGE15M-26OCT042045-45,0.9790,45.00,no
2026-10-05T00:42:20.843048Z,KXDOGE15M-26OCT042045-45,0.9790,10.00,no
2026-10-05T00:42:20.843048Z,KXDOGE15M-26OCT042045-45,0.9890,3.00,no
2026-10-05T00:42:20.843048Z,KXDOGE15M-26OCT042045-45,0.9790,40.00,no
2026-10-05T00:42:20.843048Z,KXDOGE15M-26OCT042045-45,0.9900,60.00,no
2026-10-05T00:42:20.843048Z,KXDOGE15M-26OCT042045-45,0.9910,0.12,no
2026-10-05T00:42:20.843048Z,KXDOGE15M-26OCT042045-45,0.9900,40.00,no
2026-10-05T00:42:20.843048Z,KXDOGE15M-26OCT042045-45,0.9790,45.00,no
2026-10-05T00:42:20.843048Z,KXDOGE15M-26OCT042045-45,0.9790,40.00,no
2026-10-05T00:42:20.843048Z,KXDOGE15M-26OCT042045-45,0.9790,14.00,no
2026-10-05T00:42:20.843048Z,KXDOGE15M-26OCT042045-45,0.9790,40.00,no
2026-10-05T00:42:20.843048Z,KXDOGE15M-26OCT042045-45,0.9900,0.16,no
2026-10-05T00:42:20.843048Z,KXDOGE15M-26OCT042045-45,0.9750,200.00,no
2026-10-05T00:42:20.843048Z,KXDOGE15M-26OCT042045-45,0.9790,60.00,no
2026-10-05T00:42:20.843048Z,KXDOGE15M-26OCT042045-45,0.9930,0.12,no
2026-10-05T00:42:20.843048Z,KXDOGE15M-26OCT042045-45,0.9900,60.00,no
2026-10-05T00:42:20.843048Z,KXDOGE15M-26OCT042045-45,0.9790,40.00,no
2026-10-05T00:42:20.843048Z,KXDOGE15M-26OCT042045-45,0.9930,2.00,no
2026-10-05T00:42:20.843048Z,KXDOGE15M-26OCT042045-45,0.9790,55.00,no
2026-10-05T00:42:20.843048Z,KXDOGE15M-26OCT042045-45,0.9890,0.17,no
2026-10-05T00:42:20.843048Z,KXDOGE15M-26OCT042045-45,0.9800,350.00,no
2026-10-05T00:42:20.843048Z,KXDOGE15M-26OCT042045-45,0.9900,30.00,no
2026-10-05T00:42:20.930778Z,KXDOGE15M-26OCT042045-45,0.9950,5.00,yes
2026-10-05T00:42:21.250997Z,KXDOGE15M-26OCT042045-45,0.9950,5.00,yes
2026-10-05T00:42:21.250997Z,KXDOGE15M-26OCT042045-45,0.9950,0.03,yes
2026-10-05T00:42:22.405994Z,KXDOGE15M-26OCT042045-45,0.9920,0.14,no
2026-10-05T00:42:22.405994Z,KXDOGE15M-26OCT042045-45,0.9890,0.60,no
2026-10-05T00:42:24.424017Z,KXDOGE15M-26OCT042045-45,0.9960,2.00,yes
2026-10-05T00:42:26.443319Z,KXDOGE15M-26OCT042045-45,0.9950,0.03,yes
2026-10-05T00:42:26.443319Z,KXDOGE15M-26OCT042045-45,0.9960,6.94,yes
2026-10-05T00:42:26.443319Z,KXDOGE15M-26OCT042045-45,0.9960,0.03,yes
2026-10-05T00:42:26.443319Z,KXDOGE15M-26OCT042045-45,0.9960,25.00,yes
2026-10-05T00:42:26.443319Z,KXDOGE15M-26OCT042045-45,0.9950,10.00,yes
2026-10-05T00:42:26.443319Z,KXDOGE15M-26OCT042045-45,0.9960,8.00,yes
2026-10-05T00:42:26.780848Z,KXDOGE15M-26OCT042045-45,0.9840,0.32,no
2026-10-05T00:42:26.780848Z,KXDOGE15M-26OCT042045-45,0.9840,0.03,no
2026-10-05T00:42:26.780848Z,KXDOGE15M-26OCT042045-45,0.9870,0.03,no
2026-10-05T00:42:26.780848Z,KXDOGE15M-26OCT042045-45,0.9900,25.75,no
2026-10-05T00:42:26.780848Z,KXDOGE15M-26OCT042045-45,0.9830,0.35,no
2026-10-05T00:42:26.780848Z,KXDOGE15M-26OCT042045-45,0.9900,0.03,no
2026-10-05T00:42:26.780848Z,KXDOGE15M-26OCT042045-45,0.9890,0.03,no
2026-10-05T00:42:26.780848Z,KXDOGE15M-26OCT042045-45,0.9830,0.03,no
2026-10-05T00:42:26.780848Z,KXDOGE15M-26OCT042045-45,0.9820,0.38,no
2026-10-05T00:42:26.780848Z,KXDOGE15M-26OCT042045-45,0.9860,3.00,no
2026-10-05T00:42:26.780848Z,KXDOGE15M-26OCT042045-45,0.9880,0.03,no
2026-10-05T00:42:26.780848Z,KXDOGE15M-26OCT042045-45,0.9860,0.03,no
2026-10-05T00:42:26.780848Z,KXDOGE15M-26OCT042045-45,0.9850,0.03,no
2026-10-05T00:42:26.780848Z,KXDOGE15M-26OCT042045-45,0.9870,0.20,no
2026-10-05T00:42:26.780848Z,KXDOGE15M-26OCT042045-45,0.9870,10.00,no
2026-10-05T00:42:26.780848Z,KXDOGE15M-26OCT042045-45,0.9800,147.31,no
2026-10-05T00:42:26.780848Z,KXDOGE15M-26OCT042045-45,0.9880,0.20,no
2026-10-05T00:42:26.780848Z,KXDOGE15M-26OCT042045-45,0.9860,0.24,no
2026-10-05T00:42:26.780848Z,KXDOGE15M-26OCT042045-45,0.9850,0.27,no
2026-10-05T00:42:26.780848Z,KXDOGE15M-26OCT042045-45,0.9810,42.00,no
2026-10-05T00:42:26.780848Z,KXDOGE15M-26OCT042045-45,0.9890,10.00,no
2026-10-05T00:42:26.780848Z,KXDOGE15M-26OCT042045-45,0.9870,3.00,no
2026-10-05T00:42:27.695479Z,KXDOGE15M-26OCT042045-45,0.9870,0.61,yes
2026-10-05T00:42:27.710329Z,KXDOGE15M-26OCT042045-45,0.9870,159.00,yes
2026-10-05T00:42:27.729048Z,KXDOGE15M-26OCT042045-45,0.9870,0.39,yes
2026-10-05T00:42:28.511983Z,KXDOGE15M-26OCT042045-45,0.9960,25.00,yes
2026-10-05T00:42:28.511983Z,KXDOGE15M-26OCT042045-45,0.9960,0.03,yes
2026-10-05T00:42:28.511983Z,KXDOGE15M-26OCT042045-45,0.9950,3.00,yes
2026-10-05T00:42:28.511983Z,KXDOGE15M-26OCT042045-45,0.9960,3.00,yes
2026-10-05T00:42:28.511983Z,KXDOGE15M-26OCT042045-45,0.9950,10.00,yes
2026-10-05T00:42:28.511983Z,KXDOGE15M-26OCT042045-45,0.9960,37.22,yes
2026-10-05T00:42:28.511983Z,KXDOGE15M-26OCT042045-45,0.9950,0.03,yes
2026-10-05T00:42:28.529152Z,KXDOGE15M-26OCT042045-45,0.9960,25.00,yes
2026-10-05T00:42:28.529152Z,KXDOGE15M-26OCT042045-45,0.9950,20.00,yes
2026-10-05T00:42:28.529152Z,KXDOGE15M-26OCT042045-45,0.9970,53.36,yes
2026-10-05T00:42:28.529152Z,KXDOGE15M-26OCT042045-45,0.9970,30.00,yes
2026-10-05T00:42:28.529152Z,KXDOGE15M-26OCT042045-45,0.9970,2.00,yes
2026-10-05T00:42:28.529152Z,KXDOGE15M-26OCT042045-45,0.9970,18.00,yes
2026-10-05T00:42:28.529152Z,KXDOGE15M-26OCT042045-45,0.9970,1.09,yes
2026-10-05T00:42:30.779594Z,KXDOGE15M-26OCT042045-45,0.9940,15.58,no
2026-10-05T00:42:31.155511Z,KXDOGE15M-26OCT042045-45,0.9970,0.09,yes
2026-10-05T00:42:31.155511Z,KXDOGE15M-26OCT042045-45,0.9970,0.91,yes
2026-10-05T00:42:33.025698Z,KXDOGE15M-26OCT042045-45,0.9970,23.09,yes
2026-10-05T00:42:33.025698Z,KXDOGE15M-26OCT042045-45,0.9970,3.00,yes
2026-10-05T00:42:33.025698Z,KXDOGE15M-26OCT042045-45,0.9970,2.00,yes
2026-10-05T00:42:33.025698Z,KXDOGE15M-26OCT042045-45,0.9970,1.91,yes
2026-10-05T00:42:33.025698Z,KXDOGE15M-26OCT042045-45,0.9970,2.00,yes
2026-10-05T00:42:35.134528Z,KXDOGE15M-26OCT042045-45,0.9970,1.00,yes
2026-10-05T00:42:35.14037Z,KXDOGE15M-26OCT042045-45,0.9970,1.00,yes
2026-10-05T00:42:35.14662Z,KXDOGE15M-26OCT042045-45,0.9970,1.00,yes
2026-10-05T00:42:35.153407Z,KXDOGE15M-26OCT042045-45,0.9970,1.00,yes
2026-10-05T00:42:35.160889Z,KXDOGE15M-26OCT042045-45,0.9970,1.00,yes
2026-10-05T00:42:35.166616Z,KXDOGE15M-26OCT042045-45,0.9970,1.00,yes
2026-10-05T00:42:35.176917Z,KXDOGE15M-26OCT042045-45,0.9970,1.00,yes
2026-10-05T00:42:35.185438Z,KXDOGE15M-26OCT042045-45,0.9970,1.00,yes
2026-10-05T00:42:35.192895Z,KXDOGE15M-26OCT042045-45,0.9970,1.00,yes
2026-10-05T00:42:36.164237Z,KXDOGE15M-26OCT042045-45,0.9900,3.00,no
2026-10-05T00:42:36.164237Z,KXDOGE15M-26OCT042045-45,0.9900,4.00,no
2026-10-05T00:42:36.164237Z,KXDOGE15M-26OCT042045-45,0.9910,4.00,no
2026-10-05T00:42:36.164237Z,KXDOGE15M-26OCT042045-45,0.9930,23.09,no
2026-10-05T00:42:36.164237Z,KXDOGE15M-26OCT042045-45,0.9910,1.00,no
2026-10-05T00:42:36.164237Z,KXDOGE15M-26OCT042045-45,0.9930,30.00,no
2026-10-05T00:42:36.164237Z,KXDOGE15M-26OCT042045-45,0.9930,1.00,no
2026-10-05T00:42:36.164237Z,KXDOGE15M-26OCT042045-45,0.9930,1.00,no
2026-10-05T00:42:36.164237Z,KXDOGE15M-26OCT042045-45,0.9930,1.00,no
2026-10-05T00:42:36.164237Z,KXDOGE15M-26OCT042045-45,0.9930,1.00,no
2026-10-05T00:42:36.164237Z,KXDOGE15M-26OCT042045-45,0.9900,9.39,no
2026-10-05T00:42:36.164237Z,KXDOGE15M-26OCT042045-45,0.9930,1.00,no
2026-10-05T00:42:36.164237Z,KXDOGE15M-26OCT042045-45,0.9930,1.00,no
2026-10-05T00:42:36.164237Z,KXDOGE15M-26OCT042045-45,0.9930,1.00,no
2026-10-05T00:42:36.164237Z,KXDOGE15M-26OCT042045-45,0.9930,1.00,no
2026-10-05T00:42:36.164237Z,KXDOGE15M-26OCT042045-45,0.9930,1.00,no
2026-10-05T00:42:36.164237Z,KXDOGE15M-26OCT042045-45,0.9910,60.00,no
2026-10-05T00:42:36.164237Z,KXDOGE15M-26OCT042045-45,0.9920,10.00,no
2026-10-05T00:42:36.164237Z,KXDOGE15M-26OCT042045-45,0.9900,6.00,no
2026-10-05T00:42:36.164237Z,KXDOGE15M-26OCT042045-45,0.9930,53.36,no
2026-10-05T00:42:41.577066Z,KXDOGE15M-26OCT042045-45,0.9960,6.00,yes
2026-10-05T00:42:41.577066Z,KXDOGE15M-26OCT042045-45,0.9960,22.10,yes
2026-10-05T00:42:43.978224Z,KXDOGE15M-26OCT042045-45,0.9970,135.10,yes
2026-10-05T00:42:43.978546Z,KXDOGE15M-26OCT042045-45,0.9740,8.47,no
2026-10-05T00:42:43.978546Z,KXDOGE15M-26OCT042045-45,0.9740,8.47,no
2026-10-05T00:42:43.978546Z,KXDOGE15M-26OCT042045-45,0.9740,8.47,no
2026-10-05T00:42:43.978546Z,KXDOGE15M-26OCT042045-45,0.9740,8.47,no
2026-10-05T00:42:43.978546Z,KXDOGE15M-26OCT042045-45,0.9740,8.47,no
2026-10-05T00:42:43.978546Z,KXDOGE15M-26OCT042045-45,0.9740,8.47,no
2026-10-05T00:42:43.978546Z,KXDOGE15M-26OCT042045-45,0.9740,8.47,no
2026-10-05T00:42:43.978546Z,KXDOGE15M-26OCT042045-45,0.9740,8.47,no
2026-10-05T00:42:43.978546Z,KXDOGE15M-26OCT042045-45,0.9700,2.00,no
2026-10-05T00:42:43.978546Z,KXDOGE15M-26OCT042045-45,0.9700,2.00,no
2026-10-05T00:42:43.978546Z,KXDOGE15M-26OCT042045-45,0.9700,1.00,no
2026-10-05T00:42:43.978546Z,KXDOGE15M-26OCT042045-45,0.9720,8.49,no
2026-10-05T00:42:43.978546Z,KXDOGE15M-26OCT042045-45,0.9720,8.49,no
2026-10-05T00:42:43.978546Z,KXDOGE15M-26OCT042045-45,0.9700,1.00,no
2026-10-05T00:42:43.978546Z,KXDOGE15M-26OCT042045-45,0.9700,1.00,no
2026-10-05T00:42:43.978546Z,KXDOGE15M-26OCT042045-45,0.9710,3.00,no
2026-10-05T00:42:43.978546Z,KXDOGE15M-26OCT042045-45,0.9700,1.00,no
2026-10-05T00:42:43.978546Z,KXDOGE15M-26OCT042045-45,0.9710,1.00,no
2026-10-05T00:42:43.978546Z,KXDOGE15M-26OCT042045-45,0.9720,8.49,no
2026-10-05T00:42:43.978546Z,KXDOGE15M-26OCT042045-45,0.9720,0.95,no
2026-10-05T00:42:43.978546Z,KXDOGE15M-26OCT042045-45,0.9700,1.00,no
2026-10-05T00:42:43.978546Z,KXDOGE15M-26OCT042045-45,0.9690,40.00,no
2026-10-05T00:42:43.978546Z,KXDOGE15M-26OCT042045-45,0.9790,0.18,no
2026-10-05T00:42:43.978546Z,KXDOGE15M-26OCT042045-45,0.9820,0.14,no
2026-10-05T00:42:43.978546Z,KXDOGE15M-26OCT042045-45,0.9690,25.00,no
2026-10-05T00:42:43.978546Z,KXDOGE15M-26OCT042045-45,0.9750,4.00,no
2026-10-05T00:42:43.978546Z,KXDOGE15M-26OCT042045-45,0.9690,4.17,no
2026-10-05T00:42:43.978546Z,KXDOGE15M-26OCT042045-45,0.9790,10.00,no
2026-10-05T00:42:43.978546Z,KXDOGE15M-26OCT042045-45,0.9690,50.00,no
2026-10-05T00:42:43.978546Z,KXDOGE15M-26OCT042045-45,0.9770,0.22,no
2026-10-05T00:42:43.978546Z,KXDOGE15M-26OCT042045-45,0.9760,0.24,no
2026-10-05T00:42:43.978546Z,KXDOGE15M-26OCT042045-45,0.9800,350.00,no
2026-10-05T00:42:43.978546Z,KXDOGE15M-26OCT042045-45,0.9750,0.31,no
2026-10-05T00:42:43.978546Z,KXDOGE15M-26OCT042045-45,0.9900,0.01,no
2026-10-05T00:42:43.978546Z,KXDOGE15M-26OCT042045-45,0.9880,0.03,no
2026-10-05T00:42:43.978546Z,KXDOGE15M-26OCT042045-45,0.9780,0.25,no
2026-10-05T00:42:43.978546Z,KXDOGE15M-26OCT042045-45,0.9870,0.03,no
2026-10-05T00:42:43.978546Z,KXDOGE15M-26OCT042045-45,0.9910,0.03,no
2026-10-05T00:42:43.978546Z,KXDOGE15M-26OCT042045-45,0.9740,0.36,no
2026-10-05T00:42:43.978546Z,KXDOGE15M-26OCT042045-45,0.9860,0.03,no
2026-10-05T00:42:43.978546Z,KXDOGE15M-26OCT042045-45,0.9900,0.03,no
2026-10-05T00:42:43.978546Z,KXDOGE15M-26OCT042045-45,0.9810,159.00,no
2026-10-05T00:42:43.978546Z,KXDOGE15M-26OCT042045-45,0.9810,0.61,no
2026-10-05T00:42:43.978546Z,KXDOGE15M-26OCT042045-45,0.9810,0.39,no
2026-10-05T00:42:43.978546Z,KXDOGE15M-26OCT042045-45,0.9880,10.00,no
2026-10-05T00:42:43.978546Z,KXDOGE15M-26OCT042045-45,0.9870,1.00,no
2026-10-05T00:42:43.978546Z,KXDOGE15M-26OCT042045-45,0.9750,1.00,no
2026-10-05T00:42:43.978546Z,KXDOGE15M-26OCT042045-45,0.9860,30.00,no
2026-10-05T00:42:43.978546Z,KXDOGE15M-26OCT042045-45,0.9810,0.24,no
2026-10-05T00:42:43.978546Z,KXDOGE15M-26OCT042045-45,0.9850,0.11,no
2026-10-05T00:42:43.978546Z,KXDOGE15M-26OCT042045-45,0.9890,3.00,no
2026-10-05T00:42:43.978546Z,KXDOGE15M-26OCT042045-45,0.9880,1.00,no
2026-10-05T00:42:43.978546Z,KXDOGE15M-26OCT042045-45,0.9840,1.00,no
2026-10-05T00:42:43.978546Z,KXDOGE15M-26OCT042045-45,0.9830,0.13,no
2026-10-05T00:42:43.978546Z,KXDOGE15M-26OCT042045-45,0.9840,0.12,no
2026-10-05T00:42:43.978546Z,KXDOGE15M-26OCT042045-45,0.9860,10.00,no
2026-10-05T00:42:43.978546Z,KXDOGE15M-26OCT042045-45,0.9900,2.00,no
2026-10-05T00:42:43.978546Z,KXDOGE15M-26OCT042045-45,0.9820,44.00,no
2026-10-05T00:42:43.978546Z,KXDOGE15M-26OCT042045-45,0.9800,0.17,no
2026-10-05T00:42:43.978546Z,KXDOGE15M-26OCT042045-45,0.9910,1.00,no
2026-10-05T00:42:43.978546Z,KXDOGE15M-26OCT042045-45,0.9900,3.00,no
2026-10-05T00:42:44.392839Z,KXDOGE15M-26OCT042045-45,0.9960,62.41,yes
2026-10-05T00:42:44.400755Z,KXDOGE15M-26OCT042045-45,0.9960,1.00,yes
2026-10-05T00:42:45.083622Z,KXDOGE15M-26OCT042045-45,0.9930,2.99,yes
2026-10-05T00:42:45.083622Z,KXDOGE15M-26OCT042045-45,0.9930,0.03,yes
2026-10-05T00:42:46.100552Z,KXDOGE15M-26OCT042045-45,0.9930,2.36,yes
2026-10-05T00:42:46.100552Z,KXDOGE15M-26OCT042045-45,0.9930,0.03,yes
2026-10-05T00:42:48.001918Z,KXDOGE15M-26OCT042045-45,0.9960,25.00,yes
2026-10-05T00:42:48.001918Z,KXDOGE15M-26OCT042045-45,0.9970,0.03,yes
2026-10-05T00:42:48.001918Z,KXDOGE15M-26OCT042045-45,0.9960,0.03,yes
2026-10-05T00:42:48.001918Z,KXDOGE15M-26OCT042045-45,0.9960,2.00,yes
2026-10-05T00:42:48.001918Z,KXDOGE15M-26OCT042045-45,0.9970,3.00,yes
2026-10-05T00:42:48.001918Z,KXDOGE15M-26OCT042045-45,0.9960,9.00,yes
2026-10-05T00:42:48.001918Z,KXDOGE15M-26OCT042045-45,0.9970,82.81,yes
2026-10-05T00:42:48.001918Z,KXDOGE15M-26OCT042045-45,0.9980,202.52,yes
2026-10-05T00:42:50.943204Z,KXDOGE15M-26OCT042045-45,0.9740,8.47,no
2026-10-05T00:42:50.943204Z,KXDOGE15M-26OCT042045-45,0.9810,42.00,no
2026-10-05T00:42:50.943204Z,KXDOGE15M-26OCT042045-45,0.9910,10.00,no
2026-10-05T00:42:50.943204Z,KXDOGE15M-26OCT042045-45,0.9700,301.65,no
2026-10-05T00:42:50.943204Z,KXDOGE15M-26OCT042045-45,0.9810,0.13,no
2026-10-05T00:42:50.943204Z,KXDOGE15M-26OCT042045-45,0.9800,0.15,no
2026-10-05T00:42:50.943204Z,KXDOGE15M-26OCT042045-45,0.9780,0.18,no
2026-10-05T00:42:50.943204Z,KXDOGE15M-26OCT042045-45,0.9900,6.00,no
2026-10-05T00:42:50.943204Z,KXDOGE15M-26OCT042045-45,0.9950,1.00,no
2026-10-05T00:42:50.943204Z,KXDOGE15M-26OCT042045-45,0.9750,10.00,no
2026-10-05T00:42:50.943204Z,KXDOGE15M-26OCT042045-45,0.9950,10.00,no
2026-10-05T00:42:50.943204Z,KXDOGE15M-26OCT042045-45,0.9740,8.47,no
2026-10-05T00:42:50.943204Z,KXDOGE15M-26OCT042045-45,0.9740,8.47,no
2026-10-05T00:42:50.943204Z,KXDOGE15M-26OCT042045-45,0.9740,8.47,no
2026-10-05T00:42:50.943204Z,KXDOGE15M-26OCT042045-45,0.9740,8.47,no
2026-10-05T00:42:50.943204Z,KXDOGE15M-26OCT042045-45,0.9740,8.47,no
2026-10-05T00:42:50.943204Z,KXDOGE15M-26OCT042045-45,0.9950,0.13,no
2026-10-05T00:42:50.943204Z,KXDOGE15M-26OCT042045-45,0.9930,202.52,no
2026-10-05T00:42:50.943204Z,KXDOGE15M-26OCT042045-45,0.9890,3.00,no
2026-10-05T00:42:50.943204Z,KXDOGE15M-26OCT042045-45,0.9950,82.81,no
2026-10-05T00:42:50.943204Z,KXDOGE15M-26OCT042045-45,0.9880,3.00,no
2026-10-05T00:42:50.943204Z,KXDOGE15M-26OCT042045-45,0.9870,20.00,no
2026-10-05T00:42:50.943204Z,KXDOGE15M-26OCT042045-45,0.9940,0.15,no
2026-10-05T00:42:50.943204Z,KXDOGE15M-26OCT042045-45,0.9800,780.00,no
2026-10-05T00:42:50.943204Z,KXDOGE15M-26OCT042045-45,0.9930,0.16,no
2026-10-05T00:42:50.943204Z,KXDOGE15M-26OCT042045-45,0.9930,5.00,no
2026-10-05T00:42:50.943204Z,KXDOGE15M-26OCT042045-45,0.9950,56.00,no
2026-10-05T00:42:50.943204Z,KXDOGE15M-26OCT042045-45,0.9920,0.18,no
2026-10-05T00:42:50.943204Z,KXDOGE15M-26OCT042045-45,0.9950,2.00,no
2026-10-05T00:42:51.056076Z,KXDOGE15M-26OCT042045-45,0.9930,10.00,yes
2026-10-05T00:42:51.428748Z,KXDOGE15M-26OCT042045-45,0.9870,160.00,yes
2026-10-05T00:42:54.279101Z,KXDOGE15M-26OCT042045-45,0.9960,5.97,yes
2026-10-05T00:42:54.279101Z,KXDOGE15M-26OCT042045-45,0.9960,10.00,yes
2026-10-05T00:42:54.279101Z,KXDOGE15M-26OCT042045-45,0.9960,0.03,yes
2026-10-05T00:42:54.279101Z,KXDOGE15M-26OCT042045-45,0.9960,3.00,yes
2026-10-05T00:42:54.285592Z,KXDOGE15M-26OCT042045-45,0.9960,0.03,yes
2026-10-05T00:42:57.65728Z,KXDOGE15M-26OCT042045-45,0.9920,0.03,no
2026-10-05T00:42:57.65728Z,KXDOGE15M-26OCT042045-45,0.9920,1.00,no
2026-10-05T00:42:57.65728Z,KXDOGE15M-26OCT042045-45,0.9860,0.03,no
2026-10-05T00:42:57.65728Z,KXDOGE15M-26OCT042045-45,0.9870,0.03,no
2026-10-05T00:42:57.65728Z,KXDOGE15M-26OCT042045-45,0.9870,3.00,no
2026-10-05T00:42:57.65728Z,KXDOGE15M-26OCT042045-45,0.9880,10.00,no
2026-10-05T00:42:57.65728Z,KXDOGE15M-26OCT042045-45,0.9860,10.22,no
2026-10-05T00:42:57.65728Z,KXDOGE15M-26OCT042045-45,0.9860,0.14,no
2026-10-05T00:42:57.65728Z,KXDOGE15M-26OCT042045-45,0.9900,2.00,no
2026-10-05T00:42:57.65728Z,KXDOGE15M-26OCT042045-45,0.9910,1.00,no
2026-10-05T00:42:57.65728Z,KXDOGE15M-26OCT042045-45,0.9910,0.03,no
2026-10-05T00:42:57.65728Z,KXDOGE15M-26OCT042045-45,0.9900,0.03,no
2026-10-05T00:42:57.65728Z,KXDOGE15M-26OCT042045-45,0.9880,0.03,no
2026-10-05T00:42:57.65728Z,KXDOGE15M-26OCT042045-45,0.9880,3.00,no
2026-10-05T00:42:57.697722Z,KXDOGE15M-26OCT042045-45,0.9950,3.00,yes
2026-10-05T00:42:57.697722Z,KXDOGE15M-26OCT042045-45,0.9950,2.00,yes
2026-10-05T00:42:57.931325Z,KXDOGE15M-26OCT042045-45,0.9960,3.00,yes
2026-10-05T00:42:57.931325Z,KXDOGE15M-26OCT042045-45,0.9960,8.97,yes
2026-10-05T00:42:57.931325Z,KXDOGE15M-26OCT042045-45,0.9960,0.03,yes
2026-10-05T00:42:57.931325Z,KXDOGE15M-26OCT042045-45,0.9960,10.00,yes
2026-10-05T00:42:59.642185Z,KXDOGE15M-26OCT042045-45,0.9960,10.00,yes
2026-10-05T00:42:59.642185Z,KXDOGE15M-26OCT042045-45,0.9960,3.00,yes
2026-10-05T00:42:59.740843Z,KXDOGE15M-26OCT042045-45,0.9870,0.03,no
2026-10-05T00:42:59.740843Z,KXDOGE15M-26OCT042045-45,0.9870,10.00,no
2026-10-05T00:42:59.740843Z,KXDOGE15M-26OCT042045-45,0.9870,3.00,no
2026-10-05T00:42:59.740843Z,KXDOGE15M-26OCT042045-45,0.9880,3.00,no
2026-10-05T00:42:59.740843Z,KXDOGE15M-26OCT042045-45,0.9900,0.03,no
2026-10-05T00:42:59.740843Z,KXDOGE15M-26OCT042045-45,0.9860,0.03,no
2026-10-05T00:42:59.740843Z,KXDOGE15M-26OCT042045-45,0.9900,6.00,no
2026-10-05T00:42:59.740843Z,KXDOGE15M-26OCT042045-45,0.9880,0.03,no
2026-10-05T00:42:59.740843Z,KXDOGE15M-26OCT042045-45,0.9860,0.14,no
2026-10-05T00:42:59.740843Z,KXDOGE15M-26OCT042045-45,0.9860,46.57,no
2026-10-05T00:43:00.161063Z,KXDOGE15M-26OCT042045-45,0.9950,3.00,yes
2026-10-05T00:43:00.562861Z,KXDOGE15M-26OCT042045-45,0.9960,0.03,yes
2026-10-05T00:43:00.562861Z,KXDOGE15M-26OCT042045-45,0.9960,3.00,yes
2026-10-05T00:43:00.562861Z,KXDOGE15M-26OCT042045-45,0.9960,10.00,yes
2026-10-05T00:43:00.562861Z,KXDOGE15M-26OCT042045-45,0.9960,3.00,yes
2026-10-05T00:43:00.562861Z,KXDOGE15M-26OCT042045-45,0.9970,112.94,yes
2026-10-05T00:43:00.562861Z,KXDOGE15M-26OCT042045-45,0.9960,22.00,yes
2026-10-05T00:43:00.562861Z,KXDOGE15M-26OCT042045-45,0.9970,0.03,yes
2026-10-05T00:43:02.105687Z,KXDOGE15M-26OCT042045-45,0.9960,2.00,yes
2026-10-05T00:43:02.51506Z,KXDOGE15M-26OCT042045-45,0.9960,5.00,yes
2026-10-05T00:43:05.157303Z,KXDOGE15M-26OCT042045-45,0.9960,11.00,yes
2026-10-05T00:43:06.853798Z,KXDOGE15M-26OCT042045-45,0.9970,137.06,yes
2026-10-05T00:43:06.853798Z,KXDOGE15M-26OCT042045-45,0.9960,0.03,yes
2026-10-05T00:43:06.853798Z,KXDOGE15M-26OCT042045-45,0.9960,14.00,yes
2026-10-05T00:43:06.853798Z,KXDOGE15M-26OCT042045-45,0.9970,3.00,yes
2026-10-05T00:43:06.853798Z,KXDOGE15M-26OCT042045-45,0.9970,0.03,yes
2026-10-05T00:43:06.853798Z,KXDOGE15M-26OCT042045-45,0.9960,2.00,yes
2026-10-05T00:43:06.853798Z,KXDOGE15M-26OCT042045-45,0.9960,6.00,yes
2026-10-05T00:43:06.853798Z,KXDOGE15M-26OCT042045-45,0.9960,11.00,yes
2026-10-05T00:43:06.853798Z,KXDOGE15M-26OCT042045-45,0.9980,197.48,yes
2026-10-05T00:43:06.853798Z,KXDOGE15M-26OCT042045-45,0.9980,100.00,yes
2026-10-05T00:43:06.853798Z,KXDOGE15M-26OCT042045-45,0.9980,257.87,yes
2026-10-05T00:43:06.895477Z,KXDOGE15M-26OCT042045-45,0.9980,841.15,yes
2026-10-05T00:43:08.115173Z,KXDOGE15M-26OCT042045-45,0.9960,15.41,no
2026-10-05T00:43:09.457697Z,KXDOGE15M-26OCT042045-45,0.9960,119.69,no
2026-10-05T00:43:09.457697Z,KXDOGE15M-26OCT042045-45,0.9960,1.00,no
2026-10-05T00:43:09.457697Z,KXDOGE15M-26OCT042045-45,0.9960,103.68,no
2026-10-05T00:43:10.755753Z,KXDOGE15M-26OCT042045-45,0.9980,1.00,yes
2026-10-05T00:43:15.732285Z,KXDOGE15M-26OCT042045-45,0.9980,25.04,yes
2026-10-05T00:43:20.069151Z,KXDOGE15M-26OCT042045-45,0.9970,33.86,no
2026-10-05T00:43:20.251434Z,KXDOGE15M-26OCT042045-45,0.9970,24.00,no
2026-10-05T00:43:20.779199Z,KXDOGE15M-26OCT042045-45,0.9980,5.00,yes
2026-10-05T00:43:20.779199Z,KXDOGE15M-26OCT042045-45,0.9980,1.36,yes
2026-10-05T00:43:20.779199Z,KXDOGE15M-26OCT042045-45,0.9990,0.03,yes
2026-10-05T00:43:20.779199Z,KXDOGE15M-26OCT042045-45,0.9980,0.03,yes
2026-10-05T00:43:20.779199Z,KXDOGE15M-26OCT042045-45,0.9980,202.52,yes
2026-10-05T00:43:20.779199Z,KXDOGE15M-26OCT042045-45,0.9980,1250.00,yes
2026-10-05T00:43:20.779199Z,KXDOGE15M-26OCT042045-45,0.9980,100.00,yes
2026-10-05T00:43:20.779199Z,KXDOGE15M-26OCT042045-45,0.9990,3.00,yes
2026-10-05T00:43:20.779199Z,KXDOGE15M-26OCT042045-45,0.9980,83.00,yes
2026-10-05T00:43:20.779199Z,KXDOGE15M-26OCT042045-45,0.9990,83.00,yes
2026-10-05T00:43:20.779199Z,KXDOGE15M-26OCT042045-45,0.9980,3.00,yes
2026-10-05T00:43:20.779199Z,KXDOGE15M-26OCT042045-45,0.9990,10.00,yes
2026-10-05T00:43:20.779199Z,KXDOGE15M-26OCT042045-45,0.9980,500.00,yes
2026-10-05T00:43:20.779199Z,KXDOGE15M-26OCT042045-45,0.9990,1.00,yes
2026-10-05T00:43:20.779199Z,KXDOGE15M-26OCT042045-45,0.9980,874.94,yes
2026-10-05T00:43:20.779199Z,KXDOGE15M-26OCT042045-45,0.9990,1.00,yes
2026-10-05T00:43:20.779199Z,KXDOGE15M-26OCT042045-45,0.9990,500.00,yes
2026-10-05T00:43:20.779199Z,KXDOGE15M-26OCT042045-45,0.9980,3.00,yes
2026-10-05T00:43:20.779199Z,KXDOGE15M-26OCT042045-45,0.9980,3.00,yes
2026-10-05T00:43:20.779199Z,KXDOGE15M-26OCT042045-45,0.9980,3.00,yes
2026-10-05T00:43:20.779199Z,KXDOGE15M-26OCT042045-45,0.9980,3.00,yes
2026-10-05T00:43:20.779199Z,KXDOGE15M-26OCT042045-45,0.9980,3.00,yes
2026-10-05T00:43:20.779199Z,KXDOGE15M-26OCT042045-45,0.9980,26.00,yes
2026-10-05T00:43:20.779199Z,KXDOGE15M-26OCT042045-45,0.9990,1.00,yes
2026-10-05T00:43:26.099498Z,KXDOGE15M-26OCT042045-45,0.9980,1.00,no
2026-10-05T00:43:26.099498Z,KXDOGE15M-26OCT042045-45,0.9980,32.86,no
2026-10-05T00:43:27.634868Z,KXDOGE15M-26OCT042045-45,0.9990,5.00,yes
2026-10-05T00:43:30.740923Z,KXDOGE15M-26OCT042045-45,0.9990,4.81,yes
2026-10-05T00:43:30.740923Z,KXDOGE15M-26OCT042045-45,0.9990,48.19,yes
2026-10-05T00:43:31.268908Z,KXDOGE15M-26OCT042045-45,0.9990,48.19,yes
2026-10-05T00:43:31.268908Z,KXDOGE15M-26OCT042045-45,0.9990,5.00,yes
2026-10-05T00:43:31.268908Z,KXDOGE15M-26OCT042045-45,0.9990,0.03,yes
2026-10-05T00:43:31.268908Z,KXDOGE15M-26OCT042045-45,0.9990,151.81,yes
2026-10-05T00:43:32.090205Z,KXDOGE15M-26OCT042045-45,0.9990,33.87,no
2026-10-05T00:43:33.83363Z,KXDOGE15M-26OCT042045-45,0.9990,91.62,no
2026-10-05T00:43:34.590707Z,KXDOGE15M-26OCT042045-45,0.9990,915.99,no
2026-10-05T00:43:41.773302Z,KXDOGE15M-26OCT042045-45,0.9990,154.00,no
2026-10-05T00:43:41.773302Z,KXDOGE15M-26OCT042045-45,0.9990,124.23,no
2026-10-05T00:43:41.773302Z,KXDOGE15M-26OCT042045-45,0.9990,33.49,no
2026-10-05T00:43:41.773302Z,KXDOGE15M-26OCT042045-45,0.9990,137.06,no
2026-10-05T00:43:41.773302Z,KXDOGE15M-26OCT042045-45,0.9990,9.26,no
2026-10-05T00:43:42.171978Z,KXDOGE15M-26OCT042045-45,0.9990,229.01,no
2026-10-05T00:43:43.888208Z,KXDOGE15M-26OCT042045-45,0.9990,91.62,no
2026-10-05T00:43:50.412501Z,KXDOGE15M-26OCT042045-45,0.9990,805.14,no
2026-10-05T00:43:50.412501Z,KXDOGE15M-26OCT042045-45,0.9990,92.16,no
2026-10-05T00:43:51.971911Z,KXDOGE15M-26OCT042045-45,0.9990,186.99,no
2026-10-05T00:43:55.308607Z,KXDOGE15M-26OCT042045-45,0.9990,50.16,no
2026-10-05T00:44:09.571388Z,KXDOGE15M-26OCT042045-45,0.9990,750.00,no
2026-10-05T00:44:09.571388Z,KXDOGE15M-26OCT042045-45,0.9990,200.00,no
2026-10-05T00:44:09.571388Z,KXDOGE15M-26OCT042045-45,0.9990,1162.18,no
2026-10-05T00:44:09.571388Z,KXDOGE15M-26OCT042045-45,0.9980,71.00,no
2026-10-05T00:44:09.571388Z,KXDOGE15M-26OCT042045-45,0.9990,71.00,no
2026-10-05T00:44:09.571388Z,KXDOGE15M-26OCT042045-45,0.9960,71.00,no
2026-10-05T00:44:09.571388Z,KXDOGE15M-26OCT042045-45,0.9960,80.00,no
2026-10-05T00:44:09.571388Z,KXDOGE15M-26OCT042045-45,0.9970,0.17,no
2026-10-05T00:44:09.571388Z,KXDOGE15M-26OCT042045-45,0.9980,158.00,no
2026-10-05T00:44:09.571388Z,KXDOGE15M-26OCT042045-45,0.9980,508.00,no
2026-10-05T00:44:09.571388Z,KXDOGE15M-26OCT042045-45,0.9990,1.00,no
2026-10-05T00:44:09.571388Z,KXDOGE15M-26OCT042045-45,0.9990,5.00,no
2026-10-05T00:44:09.571388Z,KXDOGE15M-26OCT042045-45,0.9990,264.00,no
2026-10-05T00:44:09.571388Z,KXDOGE15M-26OCT042045-45,0.9950,257.87,no
2026-10-05T00:44:09.571388Z,KXDOGE15M-26OCT042045-45,0.9950,48.78,no
2026-10-05T00:44:09.571388Z,KXDOGE15M-26OCT042045-45,0.9960,400.00,no
2026-10-05T00:44:09.571388Z,KXDOGE15M-26OCT042045-45,0.9970,500.00,no
2026-10-05T00:44:09.571388Z,KXDOGE15M-26OCT042045-45,0.9990,170.69,no
2026-10-05T00:44:09.571388Z,KXDOGE15M-26OCT042045-45,0.9960,0.18,no
2026-10-05T00:44:09.571388Z,KXDOGE15M-26OCT042045-45,0.9980,0.17,no
2026-10-05T00:44:09.64941Z,KXDOGE15M-26OCT042045-45,0.9990,120.00,yes
2026-10-05T00:44:09.64941Z,KXDOGE15M-26OCT042045-45,0.9990,500.00,yes
2026-10-05T00:44:09.973499Z,KXDOGE15M-26OCT042045-45,0.9990,199.83,yes
2026-10-05T00:44:09.973499Z,KXDOGE15M-26OCT042045-45,0.9990,0.17,yes
2026-10-05T00:44:10.664762Z,KXDOGE15M-26OCT042045-45,0.9990,100.10,yes
2026-10-05T00:44:11.931409Z,KXDOGE15M-26OCT042045-45,0.9990,1.00,yes
2026-10-05T00:44:11.986378Z,KXDOGE15M-26OCT042045-45,0.9990,39.00,yes
2026-10-05T00:44:12.858316Z,KXDOGE15M-26OCT042045-45,0.9990,1.00,yes
2026-10-05T00:44:12.858316Z,KXDOGE15M-26OCT042045-45,0.9990,60.07,yes
2026-10-05T00:44:12.858316Z,KXDOGE15M-26OCT042045-45,0.9990,63.00,yes
2026-10-05T00:44:12.858316Z,KXDOGE15M-26OCT042045-45,0.9990,0.35,yes
2026-10-05T00:44:13.385183Z,KXDOGE15M-26OCT042045-45,0.9960,324.87,no
2026-10-05T00:44:13.385183Z,KXDOGE15M-26OCT042045-45,0.9970,500.00,no
2026-10-05T00:44:13.385183Z,KXDOGE15M-26OCT042045-45,0.9990,6346.54,no
2026-10-05T00:44:13.608212Z,KXDOGE15M-26OCT042045-45,0.9990,400.40,yes
2026-10-05T00:44:14.078945Z,KXDOGE15M-26OCT042045-45,0.9990,72.00,yes
2026-10-05T00:44:14.078945Z,KXDOGE15M-26OCT042045-45,0.9990,4.00,yes
2026-10-05T00:44:14.078945Z,KXDOGE15M-26OCT042045-45,0.9990,99.60,yes
2026-10-05T00:44:20.255506Z,KXDOGE15M-26OCT042045-45,0.9990,9.20,no
2026-10-05T00:44:21.656611Z,KXDOGE15M-26OCT042045-45,0.9990,90.00,no
2026-10-05T00:44:24.453913Z,KXDOGE15M-26OCT042045-45,0.9990,91.62,no
2026-10-05T00:44:30.64391Z,KXDOGE15M-26OCT042045-45,0.9990,207.58,no
2026-10-05T00:44:30.64391Z,KXDOGE15M-26OCT042045-45,0.9990,1022.38,no
2026-10-05T00:44:30.64391Z,KXDOGE15M-26OCT042045-45,0.9990,55.14,no
2026-10-05T00:44:34.562943Z,KXDOGE15M-26OCT042045-45,0.9990,915.99,no
2026-10-05T00:44:36.340025Z,KXDOGE15M-26OCT042045-45,0.9990,8.89,no
2026-10-05T00:44:36.340025Z,KXDOGE15M-26OCT042045-45,0.9990,61.63,no
2026-10-05T00:44:36.340025Z,KXDOGE15M-26OCT042045-45,0.9980,9.34,no
2026-10-05T00:44:36.362252Z,KXDOGE15M-26OCT042045-45,0.9990,9.00,yes
2026-10-05T00:44:36.394274Z,KXDOGE15M-26OCT042045-45,0.9990,0.34,yes
2026-10-05T00:44:36.394274Z,KXDOGE15M-26OCT042045-45,0.9990,6.00,yes
2026-10-05T00:44:42.149906Z,KXDOGE15M-26OCT042045-45,0.9980,4.59,no
2026-10-05T00:44:42.263441Z,KXDOGE15M-26OCT042045-45,0.9990,4.59,yes
2026-10-05T00:44:54.083003Z,KXDOGE15M-26OCT042045-45,0.9990,100.00,no
2026-10-05T00:44:54.083003Z,KXDOGE15M-26OCT042045-45,0.9990,801.57,no
2026-10-05T00:44:54.083003Z,KXDOGE15M-26OCT042045-45,0.9990,14.42,no
2026-10-05T00:41:10.454424Z,KXETH15M-26OCT042045-45,0.9660,4.24,no
2026-10-05T00:41:11.018941Z,KXETH15M-26OCT042045-45,0.9670,8.00,yes
2026-10-05T00:41:11.02152Z,KXETH15M-26OCT042045-45,0.9680,20.00,yes
2026-10-05T00:41:11.026574Z,KXETH15M-26OCT042045-45,0.9670,8.00,yes
2026-10-05T00:41:11.032502Z,KXETH15M-26OCT042045-45,0.9680,8.00,yes
2026-10-05T00:41:11.032502Z,KXETH15M-26OCT042045-45,0.9690,18.00,yes
2026-10-05T00:41:11.036865Z,KXETH15M-26OCT042045-45,0.9690,13.00,yes
2026-10-05T00:41:11.043483Z,KXETH15M-26OCT042045-45,0.9690,18.00,yes
2026-10-05T00:41:11.139618Z,KXETH15M-26OCT042045-45,0.9690,73.57,yes
2026-10-05T00:41:11.140837Z,KXETH15M-26OCT042045-45,0.9690,20.00,yes
2026-10-05T00:41:11.14648Z,KXETH15M-26OCT042045-45,0.9690,4.00,yes
2026-10-05T00:41:11.28264Z,KXETH15M-26OCT042045-45,0.9680,4.00,no
2026-10-05T00:41:11.28264Z,KXETH15M-26OCT042045-45,0.9680,4.00,no
2026-10-05T00:41:11.28264Z,KXETH15M-26OCT042045-45,0.9680,4.00,no
2026-10-05T00:41:11.28264Z,KXETH15M-26OCT042045-45,0.9680,13.83,no
2026-10-05T00:41:11.28264Z,KXETH15M-26OCT042045-45,0.9680,5.00,no
2026-10-05T00:41:11.30557Z,KXETH15M-26OCT042045-45,0.9690,5.00,yes
2026-10-05T00:41:11.31117Z,KXETH15M-26OCT042045-45,0.9690,4.00,yes
2026-10-05T00:41:11.421234Z,KXETH15M-26OCT042045-45,0.9690,5.00,yes
2026-10-05T00:41:11.492212Z,KXETH15M-26OCT042045-45,0.9690,2.00,yes
2026-10-05T00:41:11.495591Z,KXETH15M-26OCT042045-45,0.9690,1.00,yes
2026-10-05T00:41:11.631531Z,KXETH15M-26OCT042045-45,0.9680,10.09,no
2026-10-05T00:41:11.631531Z,KXETH15M-26OCT042045-45,0.9680,6.17,no
2026-10-05T00:41:11.631531Z,KXETH15M-26OCT042045-45,0.9680,8.00,no
2026-10-05T00:41:11.631531Z,KXETH15M-26OCT042045-45,0.9680,5.00,no
2026-10-05T00:41:11.759397Z,KXETH15M-26OCT042045-45,0.9680,1.35,no
2026-10-05T00:41:11.890453Z,KXETH15M-26OCT042045-45,0.9630,38.25,no
2026-10-05T00:41:11.890453Z,KXETH15M-26OCT042045-45,0.9680,2.56,no
2026-10-05T00:41:11.890453Z,KXETH15M-26OCT042045-45,0.9640,1.00,no
2026-10-05T00:41:11.890453Z,KXETH15M-26OCT042045-45,0.9640,4.00,no
2026-10-05T00:41:11.890453Z,KXETH15M-26OCT042045-45,0.9680,5.00,no
2026-10-05T00:41:11.890453Z,KXETH15M-26OCT042045-45,0.9660,8.00,no
2026-10-05T00:41:11.890453Z,KXETH15M-26OCT042045-45,0.9660,4.00,no
2026-10-05T00:41:11.890453Z,KXETH15M-26OCT042045-45,0.9660,4.00,no
2026-10-05T00:41:11.890453Z,KXETH15M-26OCT042045-45,0.9660,8.00,no
2026-10-05T00:41:11.890453Z,KXETH15M-26OCT042045-45,0.9670,4.00,no
2026-10-05T00:41:11.890453Z,KXETH15M-26OCT042045-45,0.9650,6.00,no
2026-10-05T00:41:11.890453Z,KXETH15M-26OCT042045-45,0.9680,4.00,no
2026-10-05T00:41:11.890453Z,KXETH15M-26OCT042045-45,0.9670,4.00,no
2026-10-05T00:41:11.890453Z,KXETH15M-26OCT042045-45,0.9660,4.00,no
2026-10-05T00:41:11.890453Z,KXETH15M-26OCT042045-45,0.9650,3.00,no
2026-10-05T00:41:11.890453Z,KXETH15M-26OCT042045-45,0.9640,11.00,no
2026-10-05T00:41:11.890453Z,KXETH15M-26OCT042045-45,0.9640,20.00,no
2026-10-05T00:41:11.897747Z,KXETH15M-26OCT042045-45,0.9680,5.00,no
2026-10-05T00:41:11.917054Z,KXETH15M-26OCT042045-45,0.9670,57.00,yes
2026-10-05T00:41:12.058325Z,KXETH15M-26OCT042045-45,0.9690,5.14,yes
2026-10-05T00:41:12.385395Z,KXETH15M-26OCT042045-45,0.9680,14.00,no
2026-10-05T00:41:12.385395Z,KXETH15M-26OCT042045-45,0.9680,5.00,no
2026-10-05T00:41:12.645344Z,KXETH15M-26OCT042045-45,0.9690,2.17,yes
2026-10-05T00:41:12.978406Z,KXETH15M-26OCT042045-45,0.9690,154.00,yes
2026-10-05T00:41:13.10654Z,KXETH15M-26OCT042045-45,0.9690,500.00,yes
2026-10-05T00:41:13.64942Z,KXETH15M-26OCT042045-45,0.9690,1.36,yes
2026-10-05T00:41:14.013165Z,KXETH15M-26OCT042045-45,0.9680,5.00,no
2026-10-05T00:41:14.063349Z,KXETH15M-26OCT042045-45,0.9680,5.00,no
2026-10-05T00:41:14.077939Z,KXETH15M-26OCT042045-45,0.9690,5.00,yes
2026-10-05T00:41:14.658115Z,KXETH15M-26OCT042045-45,0.9690,3.26,yes
2026-10-05T00:41:14.695763Z,KXETH15M-26OCT042045-45,0.9680,2.59,no
2026-10-05T00:41:14.743105Z,KXETH15M-26OCT042045-45,0.9660,4.00,no
2026-10-05T00:41:14.743105Z,KXETH15M-26OCT042045-45,0.9670,12.00,no
2026-10-05T00:41:14.743105Z,KXETH15M-26OCT042045-45,0.9660,3.00,no
2026-10-05T00:41:14.743105Z,KXETH15M-26OCT042045-45,0.9680,5.00,no
2026-10-05T00:41:14.743105Z,KXETH15M-26OCT042045-45,0.9650,4.00,no
2026-10-05T00:41:14.743105Z,KXETH15M-26OCT042045-45,0.9650,7.53,no
2026-10-05T00:41:14.743105Z,KXETH15M-26OCT042045-45,0.9660,4.00,no
2026-10-05T00:41:14.743105Z,KXETH15M-26OCT042045-45,0.9660,1.00,no
2026-10-05T00:41:14.889092Z,KXETH15M-26OCT042045-45,0.9670,7.00,yes
2026-10-05T00:41:14.889092Z,KXETH15M-26OCT042045-45,0.9670,22.00,yes
2026-10-05T00:41:14.889213Z,KXETH15M-26OCT042045-45,0.9670,8.00,yes
2026-10-05T00:41:14.889213Z,KXETH15M-26OCT042045-45,0.9670,10.00,yes
2026-10-05T00:41:14.970134Z,KXETH15M-26OCT042045-45,0.9680,1.04,no
2026-10-05T00:41:15.387049Z,KXETH15M-26OCT042045-45,0.9650,4.00,no
2026-10-05T00:41:15.387049Z,KXETH15M-26OCT042045-45,0.9660,10.00,no
2026-10-05T00:41:15.387049Z,KXETH15M-26OCT042045-45,0.9670,8.00,no
2026-10-05T00:41:15.387049Z,KXETH15M-26OCT042045-45,0.9680,21.00,no
2026-10-05T00:41:15.387049Z,KXETH15M-26OCT042045-45,0.9680,5.00,no
2026-10-05T00:41:15.387049Z,KXETH15M-26OCT042045-45,0.9660,4.00,no
2026-10-05T00:41:15.387049Z,KXETH15M-26OCT042045-45,0.9680,2.00,no
2026-10-05T00:41:15.387049Z,KXETH15M-26OCT042045-45,0.9650,2.88,no
2026-10-05T00:41:15.535656Z,KXETH15M-26OCT042045-45,0.9680,0.08,no
2026-10-05T00:41:15.742524Z,KXETH15M-26OCT042045-45,0.9690,205.95,yes
2026-10-05T00:41:15.819601Z,KXETH15M-26OCT042045-45,0.9690,107.00,yes
2026-10-05T00:41:15.8199Z,KXETH15M-26OCT042045-45,0.9690,1.00,yes
2026-10-05T00:41:15.820518Z,KXETH15M-26OCT042045-45,0.9690,1.00,yes
2026-10-05T00:41:15.836201Z,KXETH15M-26OCT042045-45,0.9690,7.00,yes
2026-10-05T00:41:15.842768Z,KXETH15M-26OCT042045-45,0.9690,5.00,yes
2026-10-05T00:41:16.009579Z,KXETH15M-26OCT042045-45,0.9690,121.51,yes
2026-10-05T00:41:16.277261Z,KXETH15M-26OCT042045-45,0.9690,35.00,yes
2026-10-05T00:41:16.552236Z,KXETH15M-26OCT042045-45,0.9690,2.08,yes
2026-10-05T00:41:16.556338Z,KXETH15M-26OCT042045-45,0.9690,51.48,yes
2026-10-05T00:41:16.593369Z,KXETH15M-26OCT042045-45,0.9680,12.00,no
2026-10-05T00:41:16.593369Z,KXETH15M-26OCT042045-45,0.9680,5.00,no
2026-10-05T00:41:16.593369Z,KXETH15M-26OCT042045-45,0.9650,3.42,no
2026-10-05T00:41:16.784265Z,KXETH15M-26OCT042045-45,0.9630,66.84,no
2026-10-05T00:41:16.784265Z,KXETH15M-26OCT042045-45,0.9640,11.00,no
2026-10-05T00:41:16.784265Z,KXETH15M-26OCT042045-45,0.9650,3.00,no
2026-10-05T00:41:16.784265Z,KXETH15M-26OCT042045-45,0.9640,10.00,no
2026-10-05T00:41:16.784265Z,KXETH15M-26OCT042045-45,0.9650,0.58,no
2026-10-05T00:41:16.784265Z,KXETH15M-26OCT042045-45,0.9660,10.00,no
2026-10-05T00:41:16.784265Z,KXETH15M-26OCT042045-45,0.9660,5.00,no
2026-10-05T00:41:16.784265Z,KXETH15M-26OCT042045-45,0.9640,1.00,no
2026-10-05T00:41:16.784265Z,KXETH15M-26OCT042045-45,0.9640,20.00,no
2026-10-05T00:41:16.792577Z,KXETH15M-26OCT042045-45,0.9670,18.00,yes
2026-10-05T00:41:16.866444Z,KXETH15M-26OCT042045-45,0.9670,8.00,yes
2026-10-05T00:41:16.866444Z,KXETH15M-26OCT042045-45,0.9680,2.00,yes
2026-10-05T00:41:16.866444Z,KXETH15M-26OCT042045-45,0.9680,20.00,yes
2026-10-05T00:41:16.866444Z,KXETH15M-26OCT042045-45,0.9670,2.00,yes
2026-10-05T00:41:17.15211Z,KXETH15M-26OCT042045-45,0.9680,6.88,no
2026-10-05T00:41:17.162275Z,KXETH15M-26OCT042045-45,0.9660,5.00,no
2026-10-05T00:41:17.162275Z,KXETH15M-26OCT042045-45,0.9680,5.00,no
2026-10-05T00:41:17.162275Z,KXETH15M-26OCT042045-45,0.9680,6.00,no
2026-10-05T00:41:17.162275Z,KXETH15M-26OCT042045-45,0.9650,8.20,no
2026-10-05T00:41:17.162275Z,KXETH15M-26OCT042045-45,0.9660,5.00,no
2026-10-05T00:41:17.552246Z,KXETH15M-26OCT042045-45,0.9690,8.05,yes
2026-10-05T00:41:17.552246Z,KXETH15M-26OCT042045-45,0.9680,8.00,yes
2026-10-05T00:41:17.552246Z,KXETH15M-26OCT042045-45,0.9680,20.00,yes
2026-10-05T00:41:18.0554Z,KXETH15M-26OCT042045-45,0.9670,1.03,yes
2026-10-05T00:41:18.561527Z,KXETH15M-26OCT042045-45,0.9670,4.12,yes
2026-10-05T00:41:18.561527Z,KXETH15M-26OCT042045-45,0.9670,0.97,yes
2026-10-05T00:41:18.586565Z,KXETH15M-26OCT042045-45,0.9670,1.12,yes
2026-10-05T00:41:18.586565Z,KXETH15M-26OCT042045-45,0.9670,22.88,yes
2026-10-05T00:41:18.705889Z,KXETH15M-26OCT042045-45,0.9660,4.00,no
2026-10-05T00:41:18.705889Z,KXETH15M-26OCT042045-45,0.9650,5.26,no
2026-10-05T00:41:18.705889Z,KXETH15M-26OCT042045-45,0.9660,5.00,no
2026-10-05T00:41:18.733737Z,KXETH15M-26OCT042045-45,0.9670,1.12,yes
2026-10-05T00:41:18.733737Z,KXETH15M-26OCT042045-45,0.9670,0.88,yes
2026-10-05T00:41:18.746338Z,KXETH15M-26OCT042045-45,0.9650,2.05,no
2026-10-05T00:41:18.746338Z,KXETH15M-26OCT042045-45,0.9660,5.00,no
2026-10-05T00:41:18.746338Z,KXETH15M-26OCT042045-45,0.9650,3.74,no
2026-10-05T00:41:18.826148Z,KXETH15M-26OCT042045-45,0.9660,2.35,no
2026-10-05T00:41:18.857931Z,KXETH15M-26OCT042045-45,0.9670,3.00,yes
2026-10-05T00:41:18.857931Z,KXETH15M-26OCT042045-45,0.9670,0.88,yes
2026-10-05T00:41:18.857931Z,KXETH15M-26OCT042045-45,0.9670,4.00,yes
2026-10-05T00:41:18.857931Z,KXETH15M-26OCT042045-45,0.9680,4.00,yes
2026-10-05T00:41:18.857931Z,KXETH15M-26OCT042045-45,0.9680,9.00,yes
2026-10-05T00:41:18.857931Z,KXETH15M-26OCT042045-45,0.9660,2.00,yes
2026-10-05T00:41:18.857931Z,KXETH15M-26OCT042045-45,0.9670,18.00,yes
2026-10-05T00:41:18.857931Z,KXETH15M-26OCT042045-45,0.9680,8.00,yes
2026-10-05T00:41:18.857931Z,KXETH15M-26OCT042045-45,0.9690,22.00,yes
2026-10-05T00:41:18.857931Z,KXETH15M-26OCT042045-45,0.9690,745.90,yes
2026-10-05T00:41:19.257939Z,KXETH15M-26OCT042045-45,0.9680,21.00,no
2026-10-05T00:41:19.498088Z,KXETH15M-26OCT042045-45,0.9690,13.00,yes
2026-10-05T00:41:19.498088Z,KXETH15M-26OCT042045-45,0.9690,4.00,yes
2026-10-05T00:41:19.809954Z,KXETH15M-26OCT042045-45,0.9690,18.00,no
2026-10-05T00:41:19.809954Z,KXETH15M-26OCT042045-45,0.9680,17.00,no
2026-10-05T00:41:19.809954Z,KXETH15M-26OCT042045-45,0.9690,3.00,no
2026-10-05T00:41:19.809954Z,KXETH15M-26OCT042045-45,0.9690,20.00,no
2026-10-05T00:41:20.695624Z,KXETH15M-26OCT042045-45,0.9670,1.31,yes
2026-10-05T00:41:20.695624Z,KXETH15M-26OCT042045-45,0.9670,9.00,yes
2026-10-05T00:41:20.973278Z,KXETH15M-26OCT042045-45,0.9670,8.00,yes
2026-10-05T00:41:20.973278Z,KXETH15M-26OCT042045-45,0.9670,16.69,yes
2026-10-05T00:41:20.973278Z,KXETH15M-26OCT042045-45,0.9680,25.31,yes
2026-10-05T00:41:21.196109Z,KXETH15M-26OCT042045-45,0.9670,3.00,no
2026-10-05T00:41:21.196109Z,KXETH15M-26OCT042045-45,0.9670,3.00,no
2026-10-05T00:41:21.196109Z,KXETH15M-26OCT042045-45,0.9670,4.00,no
2026-10-05T00:41:21.196109Z,KXETH15M-26OCT042045-45,0.9670,6.00,no
2026-10-05T00:41:21.334753Z,KXETH15M-26OCT042045-45,0.9660,7.00,no
2026-10-05T00:41:21.334753Z,KXETH15M-26OCT042045-45,0.9660,4.00,no
2026-10-05T00:41:21.429694Z,KXETH15M-26OCT042045-45,0.9650,0.31,no
2026-10-05T00:41:21.429694Z,KXETH15M-26OCT042045-45,0.9660,1.00,no
2026-10-05T00:41:21.593131Z,KXETH15M-26OCT042045-45,0.9670,18.00,yes
2026-10-05T00:41:21.593131Z,KXETH15M-26OCT042045-45,0.9670,8.00,yes
2026-10-05T00:41:21.593131Z,KXETH15M-26OCT042045-45,0.9670,4.00,yes
2026-10-05T00:41:21.593131Z,KXETH15M-26OCT042045-45,0.9670,2.00,yes
2026-10-05T00:41:21.594727Z,KXETH15M-26OCT042045-45,0.9680,916.69,yes
2026-10-05T00:41:21.599136Z,KXETH15M-26OCT042045-45,0.9690,22.00,yes
2026-10-05T00:41:21.62504Z,KXETH15M-26OCT042045-45,0.9700,1.00,yes
2026-10-05T00:41:21.62504Z,KXETH15M-26OCT042045-45,0.9700,1.00,yes
2026-10-05T00:41:21.62504Z,KXETH15M-26OCT042045-45,0.9700,1.00,yes
2026-10-05T00:41:21.683873Z,KXETH15M-26OCT042045-45,0.9750,6.00,yes
2026-10-05T00:41:21.692154Z,KXETH15M-26OCT042045-45,0.9750,0.35,yes
2026-10-05T00:41:22.034512Z,KXETH15M-26OCT042045-45,0.9770,34.67,no
2026-10-05T00:41:22.042586Z,KXETH15M-26OCT042045-45,0.9740,12.00,no
2026-10-05T00:41:22.042586Z,KXETH15M-26OCT042045-45,0.9730,380.42,no
2026-10-05T00:41:22.042586Z,KXETH15M-26OCT042045-45,0.9750,14.00,no
2026-10-05T00:41:22.042586Z,KXETH15M-26OCT042045-45,0.9740,19.00,no
2026-10-05T00:41:22.042586Z,KXETH15M-26OCT042045-45,0.9760,26.00,no
2026-10-05T00:41:22.042586Z,KXETH15M-26OCT042045-45,0.9760,3.00,no
2026-10-05T00:41:22.042586Z,KXETH15M-26OCT042045-45,0.9740,20.00,no
2026-10-05T00:41:22.042586Z,KXETH15M-26OCT042045-45,0.9770,65.33,no
2026-10-05T00:41:22.097146Z,KXETH15M-26OCT042045-45,0.9760,5.00,yes
2026-10-05T00:41:22.117875Z,KXETH15M-26OCT042045-45,0.9750,1.00,yes
2026-10-05T00:41:22.120373Z,KXETH15M-26OCT042045-45,0.9750,16.00,yes
2026-10-05T00:41:22.264477Z,KXETH15M-26OCT042045-45,0.9770,1.00,no
2026-10-05T00:41:22.276531Z,KXETH15M-26OCT042045-45,0.9770,1.00,no
2026-10-05T00:41:22.35069Z,KXETH15M-26OCT042045-45,0.9750,6.00,no
2026-10-05T00:41:22.392298Z,KXETH15M-26OCT042045-45,0.9770,1.00,yes
2026-10-05T00:41:22.532975Z,KXETH15M-26OCT042045-45,0.9750,6.00,no
2026-10-05T00:41:22.587218Z,KXETH15M-26OCT042045-45,0.9760,10.00,no
2026-10-05T00:41:22.609038Z,KXETH15M-26OCT042045-45,0.9730,2.06,no
2026-10-05T00:41:22.66648Z,KXETH15M-26OCT042045-45,0.9780,10.20,yes
2026-10-05T00:41:22.912512Z,KXETH15M-26OCT042045-45,0.9740,20.00,no
2026-10-05T00:41:22.912512Z,KXETH15M-26OCT042045-45,0.9750,6.00,no
2026-10-05T00:41:22.912512Z,KXETH15M-26OCT042045-45,0.9730,14.06,no
2026-10-05T00:41:22.912512Z,KXETH15M-26OCT042045-45,0.9740,22.00,no
2026-10-05T00:41:23.037181Z,KXETH15M-26OCT042045-45,0.9750,5.00,no
2026-10-05T00:41:23.109528Z,KXETH15M-26OCT042045-45,0.9750,1.00,no
2026-10-05T00:41:23.269894Z,KXETH15M-26OCT042045-45,0.9780,10.00,yes
2026-10-05T00:41:23.301606Z,KXETH15M-26OCT042045-45,0.9780,6.00,yes
2026-10-05T00:41:23.381893Z,KXETH15M-26OCT042045-45,0.9780,10.00,yes
2026-10-05T00:41:23.436945Z,KXETH15M-26OCT042045-45,0.9750,2.93,no
2026-10-05T00:41:23.436945Z,KXETH15M-26OCT042045-45,0.9750,5.00,no
2026-10-05T00:41:23.759554Z,KXETH15M-26OCT042045-45,0.9760,3.00,no
2026-10-05T00:41:23.885725Z,KXETH15M-26OCT042045-45,0.9760,3.00,no
2026-10-05T00:41:24.124626Z,KXETH15M-26OCT042045-45,0.9760,2.00,no
2026-10-05T00:41:24.126693Z,KXETH15M-26OCT042045-45,0.9760,1.00,no
2026-10-05T00:41:24.526011Z,KXETH15M-26OCT042045-45,0.9740,2.06,no
2026-10-05T00:41:24.591426Z,KXETH15M-26OCT042045-45,0.9750,3.77,yes
2026-10-05T00:41:24.679341Z,KXETH15M-26OCT042045-45,0.9750,9.23,yes
2026-10-05T00:41:24.679341Z,KXETH15M-26OCT042045-45,0.9750,3.00,yes
2026-10-05T00:41:24.690441Z,KXETH15M-26OCT042045-45,0.9760,2.77,yes
2026-10-05T00:41:24.690441Z,KXETH15M-26OCT042045-45,0.9760,1.00,yes
2026-10-05T00:41:25.100677Z,KXETH15M-26OCT042045-45,0.9780,6.00,yes
2026-10-05T00:41:25.10321Z,KXETH15M-26OCT042045-45,0.9780,1.00,yes
2026-10-05T00:41:25.107191Z,KXETH15M-26OCT042045-45,0.9780,12.00,yes
2026-10-05T00:41:25.110282Z,KXETH15M-26OCT042045-45,0.9780,24.00,yes
2026-10-05T00:41:25.11663Z,KXETH15M-26OCT042045-45,0.9780,6.00,yes
2026-10-05T00:41:25.326309Z,KXETH15M-26OCT042045-45,0.9770,5.00,no
2026-10-05T00:41:25.326309Z,KXETH15M-26OCT042045-45,0.9770,4.00,no
2026-10-05T00:41:25.326309Z,KXETH15M-26OCT042045-45,0.9770,6.00,no
2026-10-05T00:41:25.326309Z,KXETH15M-26OCT042045-45,0.9770,14.00,no
2026-10-05T00:41:25.326309Z,KXETH15M-26OCT042045-45,0.9770,10.48,no
2026-10-05T00:41:25.372687Z,KXETH15M-26OCT042045-45,0.9780,14.00,yes
2026-10-05T00:41:25.649617Z,KXETH15M-26OCT042045-45,0.9780,35.00,yes
2026-10-05T00:41:25.66675Z,KXETH15M-26OCT042045-45,0.9780,45.00,yes
2026-10-05T00:41:25.751254Z,KXETH15M-26OCT042045-45,0.9780,16.00,yes
2026-10-05T00:41:25.758464Z,KXETH15M-26OCT042045-45,0.9780,15.00,yes
2026-10-05T00:41:25.800465Z,KXETH15M-26OCT042045-45,0.9790,17.00,yes
2026-10-05T00:41:25.800465Z,KXETH15M-26OCT042045-45,0.9800,1.08,yes
2026-10-05T00:41:25.800465Z,KXETH15M-26OCT042045-45,0.9800,2.00,yes
2026-10-05T00:41:25.800465Z,KXETH15M-26OCT042045-45,0.9780,50.00,yes
2026-10-05T00:41:25.800465Z,KXETH15M-26OCT042045-45,0.9780,90.00,yes
2026-10-05T00:41:25.800465Z,KXETH15M-26OCT042045-45,0.9780,91.21,yes
2026-10-05T00:41:25.800465Z,KXETH15M-26OCT042045-45,0.9800,6.00,yes
2026-10-05T00:41:25.800465Z,KXETH15M-26OCT042045-45,0.9800,11.00,yes
2026-10-05T00:41:25.800465Z,KXETH15M-26OCT042045-45,0.9790,2.00,yes
2026-10-05T00:41:25.800465Z,KXETH15M-26OCT042045-45,0.9800,12.00,yes
2026-10-05T00:41:25.800465Z,KXETH15M-26OCT042045-45,0.9800,1.00,yes
2026-10-05T00:41:25.800465Z,KXETH15M-26OCT042045-45,0.9800,46.00,yes
2026-10-05T00:41:25.800465Z,KXETH15M-26OCT042045-45,0.9790,1.00,yes
2026-10-05T00:41:25.800465Z,KXETH15M-26OCT042045-45,0.9800,25.00,yes
2026-10-05T00:41:25.800465Z,KXETH15M-26OCT042045-45,0.9800,10.00,yes
2026-10-05T00:41:26.037277Z,KXETH15M-26OCT042045-45,0.9810,19.00,yes
2026-10-05T00:41:26.037277Z,KXETH15M-26OCT042045-45,0.9810,1.00,yes
2026-10-05T00:41:26.260652Z,KXETH15M-26OCT042045-45,0.9820,23.00,no
2026-10-05T00:41:26.260652Z,KXETH15M-26OCT042045-45,0.9810,34.00,no
2026-10-05T00:41:26.260652Z,KXETH15M-26OCT042045-45,0.9800,4.69,no
2026-10-05T00:41:26.305168Z,KXETH15M-26OCT042045-45,0.9820,21.00,yes
2026-10-05T00:41:26.69946Z,KXETH15M-26OCT042045-45,0.9850,11.00,yes
2026-10-05T00:41:26.69946Z,KXETH15M-26OCT042045-45,0.9850,20.00,yes
2026-10-05T00:41:26.69946Z,KXETH15M-26OCT042045-45,0.9850,10.58,yes
2026-10-05T00:41:26.69946Z,KXETH15M-26OCT042045-45,0.9850,3.00,yes
2026-10-05T00:41:26.69946Z,KXETH15M-26OCT042045-45,0.9850,6.00,yes
2026-10-05T00:41:26.69946Z,KXETH15M-26OCT042045-45,0.9850,44.00,yes
2026-10-05T00:41:26.888241Z,KXETH15M-26OCT042045-45,0.9850,3.04,yes
2026-10-05T00:41:27.013699Z,KXETH15M-26OCT042045-45,0.9830,8.00,no
2026-10-05T00:41:27.321577Z,KXETH15M-26OCT042045-45,0.9850,12.00,yes
2026-10-05T00:41:27.321577Z,KXETH15M-26OCT042045-45,0.9850,12.96,yes
2026-10-05T00:41:27.321577Z,KXETH15M-26OCT042045-45,0.9850,11.00,yes
2026-10-05T00:41:27.503817Z,KXETH15M-26OCT042045-45,0.9840,22.00,no
2026-10-05T00:41:27.503817Z,KXETH15M-26OCT042045-45,0.9850,7.00,no
2026-10-05T00:41:27.503817Z,KXETH15M-26OCT042045-45,0.9850,5.00,no
2026-10-05T00:41:27.503817Z,KXETH15M-26OCT042045-45,0.9840,1.00,no
2026-10-05T00:41:27.503817Z,KXETH15M-26OCT042045-45,0.9850,20.00,no
2026-10-05T00:41:27.503817Z,KXETH15M-26OCT042045-45,0.9820,0.98,no
2026-10-05T00:41:27.730984Z,KXETH15M-26OCT042045-45,0.9860,1.01,yes
2026-10-05T00:41:27.805893Z,KXETH15M-26OCT042045-45,0.9830,15.00,no
2026-10-05T00:41:27.805893Z,KXETH15M-26OCT042045-45,0.9830,7.00,no
2026-10-05T00:41:27.805893Z,KXETH15M-26OCT042045-45,0.9820,10.00,no
2026-10-05T00:41:28.075888Z,KXETH15M-26OCT042045-45,0.9830,16.00,yes
2026-10-05T00:41:28.64838Z,KXETH15M-26OCT042045-45,0.9850,20.00,yes
2026-10-05T00:41:28.64838Z,KXETH15M-26OCT042045-45,0.9850,22.00,yes
2026-10-05T00:41:28.64838Z,KXETH15M-26OCT042045-45,0.9850,11.00,yes
2026-10-05T00:41:28.823381Z,KXETH15M-26OCT042045-45,0.9850,11.00,yes
2026-10-05T00:41:28.823381Z,KXETH15M-26OCT042045-45,0.9850,28.00,yes
2026-10-05T00:41:28.921013Z,KXETH15M-26OCT042045-45,0.9860,60.00,yes
2026-10-05T00:41:29.162156Z,KXETH15M-26OCT042045-45,0.9800,17.97,no
2026-10-05T00:41:29.162156Z,KXETH15M-26OCT042045-45,0.9840,20.00,no
2026-10-05T00:41:29.162156Z,KXETH15M-26OCT042045-45,0.9810,12.00,no
2026-10-05T00:41:29.162156Z,KXETH15M-26OCT042045-45,0.9810,4.00,no
2026-10-05T00:41:29.162156Z,KXETH15M-26OCT042045-45,0.9850,5.00,no
2026-10-05T00:41:29.162156Z,KXETH15M-26OCT042045-45,0.9820,1.00,no
2026-10-05T00:41:29.162156Z,KXETH15M-26OCT042045-45,0.9850,9.00,no
2026-10-05T00:41:29.162156Z,KXETH15M-26OCT042045-45,0.9840,18.00,no
2026-10-05T00:41:29.162156Z,KXETH15M-26OCT042045-45,0.9820,1.00,no
2026-10-05T00:41:29.162156Z,KXETH15M-26OCT042045-45,0.9840,5.00,no
2026-10-05T00:41:29.162156Z,KXETH15M-26OCT042045-45,0.9850,1.00,no
2026-10-05T00:41:29.304732Z,KXETH15M-26OCT042045-45,0.9820,1.02,no
2026-10-05T00:41:29.34135Z,KXETH15M-26OCT042045-45,0.9820,0.98,no
2026-10-05T00:41:29.34135Z,KXETH15M-26OCT042045-45,0.9820,1.08,no
2026-10-05T00:41:29.570347Z,KXETH15M-26OCT042045-45,0.9840,26.00,yes
2026-10-05T00:41:30.036319Z,KXETH15M-26OCT042045-45,0.9840,1.70,no
2026-10-05T00:41:30.057748Z,KXETH15M-26OCT042045-45,0.9850,7.00,yes
2026-10-05T00:41:30.057748Z,KXETH15M-26OCT042045-45,0.9850,20.00,yes
2026-10-05T00:41:30.057748Z,KXETH15M-26OCT042045-45,0.9850,11.00,yes
2026-10-05T00:41:30.168979Z,KXETH15M-26OCT042045-45,0.9870,20.00,yes
2026-10-05T00:41:30.168979Z,KXETH15M-26OCT042045-45,0.9870,11.00,yes
2026-10-05T00:41:30.168979Z,KXETH15M-26OCT042045-45,0.9880,350.00,yes
2026-10-05T00:41:30.168979Z,KXETH15M-26OCT042045-45,0.9890,12.00,yes
2026-10-05T00:41:30.168979Z,KXETH15M-26OCT042045-45,0.9880,100.00,yes
2026-10-05T00:41:30.168979Z,KXETH15M-26OCT042045-45,0.9860,4.99,yes
2026-10-05T00:41:30.168979Z,KXETH15M-26OCT042045-45,0.9870,50.00,yes
2026-10-05T00:41:30.168979Z,KXETH15M-26OCT042045-45,0.9860,350.00,yes
2026-10-05T00:41:30.168979Z,KXETH15M-26OCT042045-45,0.9890,30.82,yes
2026-10-05T00:41:30.168979Z,KXETH15M-26OCT042045-45,0.9880,10.00,yes
2026-10-05T00:41:30.168979Z,KXETH15M-26OCT042045-45,0.9870,25.00,yes
2026-10-05T00:41:30.168979Z,KXETH15M-26OCT042045-45,0.9860,8.00,yes
2026-10-05T00:41:30.319789Z,KXETH15M-26OCT042045-45,0.9880,68.00,yes
2026-10-05T00:41:30.319789Z,KXETH15M-26OCT042045-45,0.9880,11.00,yes
2026-10-05T00:41:30.339963Z,KXETH15M-26OCT042045-45,0.9870,60.00,no
2026-10-05T00:41:30.339963Z,KXETH15M-26OCT042045-45,0.9870,8.00,no
2026-10-05T00:41:31.071339Z,KXETH15M-26OCT042045-45,0.9890,4.00,yes
2026-10-05T00:41:31.071339Z,KXETH15M-26OCT042045-45,0.9890,4.00,yes
2026-10-05T00:41:31.071339Z,KXETH15M-26OCT042045-45,0.9890,44.18,yes
2026-10-05T00:41:31.071339Z,KXETH15M-26OCT042045-45,0.9890,12.12,yes
2026-10-05T00:41:31.071339Z,KXETH15M-26OCT042045-45,0.9890,100.00,yes
2026-10-05T00:41:31.071339Z,KXETH15M-26OCT042045-45,0.9890,1.00,yes
2026-10-05T00:41:31.071339Z,KXETH15M-26OCT042045-45,0.9890,20.00,yes
2026-10-05T00:41:31.071339Z,KXETH15M-26OCT042045-45,0.9890,2.00,yes
2026-10-05T00:41:31.071339Z,KXETH15M-26OCT042045-45,0.9890,10.00,yes
2026-10-05T00:41:31.071339Z,KXETH15M-26OCT042045-45,0.9890,1.00,yes
2026-10-05T00:41:31.071339Z,KXETH15M-26OCT042045-45,0.9890,100.00,yes
2026-10-05T00:41:31.071339Z,KXETH15M-26OCT042045-45,0.9890,2.00,yes
2026-10-05T00:41:31.240518Z,KXETH15M-26OCT042045-45,0.9880,25.00,no
2026-10-05T00:41:31.240518Z,KXETH15M-26OCT042045-45,0.9880,10.00,no
2026-10-05T00:41:31.240518Z,KXETH15M-26OCT042045-45,0.9880,10.00,no
2026-10-05T00:41:31.240518Z,KXETH15M-26OCT042045-45,0.9880,2.00,no
2026-10-05T00:41:31.240518Z,KXETH15M-26OCT042045-45,0.9880,22.00,no
2026-10-05T00:41:31.319694Z,KXETH15M-26OCT042045-45,0.9830,13.00,no
2026-10-05T00:41:31.319694Z,KXETH15M-26OCT042045-45,0.9860,51.00,no
2026-10-05T00:41:31.319694Z,KXETH15M-26OCT042045-45,0.9880,75.00,no
2026-10-05T00:41:31.319694Z,KXETH15M-26OCT042045-45,0.9870,40.00,no
2026-10-05T00:41:31.319694Z,KXETH15M-26OCT042045-45,0.9820,150.74,no
2026-10-05T00:41:31.319694Z,KXETH15M-26OCT042045-45,0.9850,6.00,no
2026-10-05T00:41:31.319694Z,KXETH15M-26OCT042045-45,0.9830,20.00,no
2026-10-05T00:41:31.501108Z,KXETH15M-26OCT042045-45,0.9850,5.00,no
2026-10-05T00:41:31.501108Z,KXETH15M-26OCT042045-45,0.9850,0.12,no
2026-10-05T00:41:31.564671Z,KXETH15M-26OCT042045-45,0.9840,9.38,no
2026-10-05T00:41:31.564671Z,KXETH15M-26OCT042045-45,0.9850,8.88,no
2026-10-05T00:41:31.832647Z,KXETH15M-26OCT042045-45,0.9860,18.00,yes
2026-10-05T00:41:31.832647Z,KXETH15M-26OCT042045-45,0.9860,6.00,yes
2026-10-05T00:41:32.581394Z,KXETH15M-26OCT042045-45,0.9870,15.00,yes
2026-10-05T00:41:32.875293Z,KXETH15M-26OCT042045-45,0.9880,1.01,yes
2026-10-05T00:41:33.133356Z,KXETH15M-26OCT042045-45,0.9880,2.02,yes
2026-10-05T00:41:33.335207Z,KXETH15M-26OCT042045-45,0.9880,17.97,yes
2026-10-05T00:41:33.460962Z,KXETH15M-26OCT042045-45,0.9870,3.50,no
2026-10-05T00:41:33.539936Z,KXETH15M-26OCT042045-45,0.9850,3.26,no
2026-10-05T00:41:33.539936Z,KXETH15M-26OCT042045-45,0.9870,20.00,no
2026-10-05T00:41:33.539936Z,KXETH15M-26OCT042045-45,0.9870,6.50,no
2026-10-05T00:41:33.956447Z,KXETH15M-26OCT042045-45,0.9830,13.00,no
2026-10-05T00:41:33.956447Z,KXETH15M-26OCT042045-45,0.9860,3.00,no
2026-10-05T00:41:33.956447Z,KXETH15M-26OCT042045-45,0.9840,10.62,no
2026-10-05T00:41:33.956447Z,KXETH15M-26OCT042045-45,0.9820,82.57,no
2026-10-05T00:41:33.956447Z,KXETH15M-26OCT042045-45,0.9810,8.28,no
2026-10-05T00:41:33.956447Z,KXETH15M-26OCT042045-45,0.9830,22.00,no
2026-10-05T00:41:33.956447Z,KXETH15M-26OCT042045-45,0.9860,9.00,no
2026-10-05T00:41:33.956447Z,KXETH15M-26OCT042045-45,0.9860,18.00,no
2026-10-05T00:41:33.956447Z,KXETH15M-26OCT042045-45,0.9820,1.01,no
2026-10-05T00:41:34.093979Z,KXETH15M-26OCT042045-45,0.9860,22.00,yes
2026-10-05T00:41:34.097679Z,KXETH15M-26OCT042045-45,0.9870,2.83,yes
2026-10-05T00:41:34.314189Z,KXETH15M-26OCT042045-45,0.9850,6.54,no
2026-10-05T00:41:34.607421Z,KXETH15M-26OCT042045-45,0.9870,2.00,yes
2026-10-05T00:41:34.607421Z,KXETH15M-26OCT042045-45,0.9880,22.00,yes
2026-10-05T00:41:34.607421Z,KXETH15M-26OCT042045-45,0.9870,18.00,yes
2026-10-05T00:41:34.83606Z,KXETH15M-26OCT042045-45,0.9890,20.00,yes
2026-10-05T00:41:34.83606Z,KXETH15M-26OCT042045-45,0.9890,11.00,yes
2026-10-05T00:41:34.976142Z,KXETH15M-26OCT042045-45,0.9880,12.00,yes
2026-10-05T00:41:34.976142Z,KXETH15M-26OCT042045-45,0.9890,11.00,yes
2026-10-05T00:41:34.976142Z,KXETH15M-26OCT042045-45,0.9900,2.25,yes
2026-10-05T00:41:35.217232Z,KXETH15M-26OCT042045-45,0.9880,9.00,yes
2026-10-05T00:41:35.217232Z,KXETH15M-26OCT042045-45,0.9880,11.00,yes
2026-10-05T00:41:35.448924Z,KXETH15M-26OCT042045-45,0.9870,13.00,no
2026-10-05T00:41:35.448924Z,KXETH15M-26OCT042045-45,0.9880,22.00,no
2026-10-05T00:41:35.448924Z,KXETH15M-26OCT042045-45,0.9880,9.00,no
2026-10-05T00:41:35.448924Z,KXETH15M-26OCT042045-45,0.9870,10.00,no
2026-10-05T00:41:35.448924Z,KXETH15M-26OCT042045-45,0.9860,4.00,no
2026-10-05T00:41:35.448924Z,KXETH15M-26OCT042045-45,0.9820,12.00,no
2026-10-05T00:41:35.448924Z,KXETH15M-26OCT042045-45,0.9810,4.00,no
2026-10-05T00:41:35.448924Z,KXETH15M-26OCT042045-45,0.9810,3.46,no
2026-10-05T00:41:35.448924Z,KXETH15M-26OCT042045-45,0.9810,22.54,no
2026-10-05T00:41:35.914967Z,KXETH15M-26OCT042045-45,0.9880,3.00,yes
2026-10-05T00:41:36.099679Z,KXETH15M-26OCT042045-45,0.9860,1.03,no
2026-10-05T00:41:36.335585Z,KXETH15M-26OCT042045-45,0.9880,17.00,yes
2026-10-05T00:41:36.335585Z,KXETH15M-26OCT042045-45,0.9880,11.00,yes
2026-10-05T00:41:36.628432Z,KXETH15M-26OCT042045-45,0.9890,0.02,yes
2026-10-05T00:41:37.001025Z,KXETH15M-26OCT042045-45,0.9890,11.02,yes
2026-10-05T00:41:37.001025Z,KXETH15M-26OCT042045-45,0.9890,3.98,yes
2026-10-05T00:41:37.088003Z,KXETH15M-26OCT042045-45,0.9890,11.00,yes
2026-10-05T00:41:37.088003Z,KXETH15M-26OCT042045-45,0.9890,15.00,yes
2026-10-05T00:41:37.088003Z,KXETH15M-26OCT042045-45,0.9890,8.98,yes
2026-10-05T00:41:37.249787Z,KXETH15M-26OCT042045-45,0.9890,10.00,no
2026-10-05T00:41:37.249787Z,KXETH15M-26OCT042045-45,0.9890,6.00,no
2026-10-05T00:41:37.249787Z,KXETH15M-26OCT042045-45,0.9870,3.00,no
2026-10-05T00:41:37.509028Z,KXETH15M-26OCT042045-45,0.9820,12.00,no
2026-10-05T00:41:37.509028Z,KXETH15M-26OCT042045-45,0.9830,1.01,no
2026-10-05T00:41:37.509028Z,KXETH15M-26OCT042045-45,0.9880,21.00,no
2026-10-05T00:41:37.509028Z,KXETH15M-26OCT042045-45,0.9850,22.00,no
2026-10-05T00:41:37.509028Z,KXETH15M-26OCT042045-45,0.9880,2.00,no
2026-10-05T00:41:37.509028Z,KXETH15M-26OCT042045-45,0.9860,7.00,no
2026-10-05T00:41:37.509028Z,KXETH15M-26OCT042045-45,0.9830,20.00,no
2026-10-05T00:41:37.509028Z,KXETH15M-26OCT042045-45,0.9810,8.01,no
2026-10-05T00:41:37.600351Z,KXETH15M-26OCT042045-45,0.9870,11.26,no
2026-10-05T00:41:37.838689Z,KXETH15M-26OCT042045-45,0.9880,17.00,yes
2026-10-05T00:41:37.838689Z,KXETH15M-26OCT042045-45,0.9880,11.00,yes
2026-10-05T00:41:38.016868Z,KXETH15M-26OCT042045-45,0.9880,10.00,yes
2026-10-05T00:41:38.0261Z,KXETH15M-26OCT042045-45,0.9880,1.00,yes
2026-10-05T00:41:38.0261Z,KXETH15M-26OCT042045-45,0.9880,2.00,yes
2026-10-05T00:41:38.034746Z,KXETH15M-26OCT042045-45,0.9880,3.00,yes
2026-10-05T00:41:38.319351Z,KXETH15M-26OCT042045-45,0.9870,1.01,no
2026-10-05T00:41:38.590633Z,KXETH15M-26OCT042045-45,0.9880,17.00,yes
2026-10-05T00:41:38.978893Z,KXETH15M-26OCT042045-45,0.9880,6.00,no
2026-10-05T00:41:38.978893Z,KXETH15M-26OCT042045-45,0.9880,5.00,no
2026-10-05T00:41:39.342037Z,KXETH15M-26OCT042045-45,0.9880,4.00,yes
2026-10-05T00:41:39.342037Z,KXETH15M-26OCT042045-45,0.9880,11.00,yes
2026-10-05T00:41:40.068424Z,KXETH15M-26OCT042045-45,0.9890,3.00,yes
2026-10-05T00:41:40.068424Z,KXETH15M-26OCT042045-45,0.9890,2.00,yes
2026-10-05T00:41:40.09374Z,KXETH15M-26OCT042045-45,0.9890,26.00,yes
2026-10-05T00:41:40.279756Z,KXETH15M-26OCT042045-45,0.9900,4.00,yes
2026-10-05T00:41:40.279756Z,KXETH15M-26OCT042045-45,0.9950,9.00,yes
2026-10-05T00:41:40.279756Z,KXETH15M-26OCT042045-45,0.9920,4.00,yes
2026-10-05T00:41:40.279756Z,KXETH15M-26OCT042045-45,0.9950,9.00,yes
2026-10-05T00:41:40.279756Z,KXETH15M-26OCT042045-45,0.9910,4.00,yes
2026-10-05T00:41:40.279756Z,KXETH15M-26OCT042045-45,0.9910,4.00,yes
2026-10-05T00:41:40.279756Z,KXETH15M-26OCT042045-45,0.9940,20.00,yes
2026-10-05T00:41:40.279756Z,KXETH15M-26OCT042045-45,0.9900,36.00,yes
2026-10-05T00:41:40.279756Z,KXETH15M-26OCT042045-45,0.9900,9.00,yes
2026-10-05T00:41:40.279756Z,KXETH15M-26OCT042045-45,0.9920,22.00,yes
2026-10-05T00:41:40.279756Z,KXETH15M-26OCT042045-45,0.9910,10.00,yes
2026-10-05T00:41:40.279756Z,KXETH15M-26OCT042045-45,0.9930,4.00,yes
2026-10-05T00:41:40.279756Z,KXETH15M-26OCT042045-45,0.9940,1.01,yes
2026-10-05T00:41:40.279756Z,KXETH15M-26OCT042045-45,0.9920,4.00,yes
2026-10-05T00:41:40.279756Z,KXETH15M-26OCT042045-45,0.9900,1.58,yes
2026-10-05T00:41:40.279756Z,KXETH15M-26OCT042045-45,0.9900,7.96,yes
2026-10-05T00:41:40.279756Z,KXETH15M-26OCT042045-45,0.9900,6.38,yes
2026-10-05T00:41:40.279756Z,KXETH15M-26OCT042045-45,0.9900,15.87,yes
2026-10-05T00:41:40.279756Z,KXETH15M-26OCT042045-45,0.9950,5.00,yes
2026-10-05T00:41:40.279756Z,KXETH15M-26OCT042045-45,0.9920,25.00,yes
2026-10-05T00:41:40.279756Z,KXETH15M-26OCT042045-45,0.9960,210.88,yes
2026-10-05T00:41:40.279756Z,KXETH15M-26OCT042045-45,0.9940,1.00,yes
2026-10-05T00:41:40.279756Z,KXETH15M-26OCT042045-45,0.9950,1.00,yes
2026-10-05T00:41:40.279756Z,KXETH15M-26OCT042045-45,0.9950,100.00,yes
2026-10-05T00:41:40.279756Z,KXETH15M-26OCT042045-45,0.9930,100.00,yes
2026-10-05T00:41:40.279756Z,KXETH15M-26OCT042045-45,0.9900,6.00,yes
2026-10-05T00:41:40.279756Z,KXETH15M-26OCT042045-45,0.9910,100.00,yes
2026-10-05T00:41:40.279756Z,KXETH15M-26OCT042045-45,0.9960,741.00,yes
2026-10-05T00:41:40.279756Z,KXETH15M-26OCT042045-45,0.9960,100.00,yes
2026-10-05T00:41:40.279756Z,KXETH15M-26OCT042045-45,0.9900,9.75,yes
2026-10-05T00:41:40.279756Z,KXETH15M-26OCT042045-45,0.9950,100.00,yes
2026-10-05T00:41:40.279756Z,KXETH15M-26OCT042045-45,0.9920,100.00,yes
2026-10-05T00:41:40.279756Z,KXETH15M-26OCT042045-45,0.9900,100.00,yes
2026-10-05T00:41:40.279756Z,KXETH15M-26OCT042045-45,0.9940,100.00,yes
2026-10-05T00:41:40.279756Z,KXETH15M-26OCT042045-45,0.9900,1.00,yes
2026-10-05T00:41:40.279756Z,KXETH15M-26OCT042045-45,0.9900,75.00,yes
2026-10-05T00:41:40.279756Z,KXETH15M-26OCT042045-45,0.9900,20.09,yes
2026-10-05T00:41:40.279756Z,KXETH15M-26OCT042045-45,0.9900,34.06,yes
2026-10-05T00:41:40.279756Z,KXETH15M-26OCT042045-45,0.9900,0.26,yes
2026-10-05T00:41:40.279756Z,KXETH15M-26OCT042045-45,0.9900,32.29,yes
2026-10-05T00:41:40.279756Z,KXETH15M-26OCT042045-45,0.9900,6.48,yes
2026-10-05T00:41:40.279756Z,KXETH15M-26OCT042045-45,0.9900,2.00,yes
2026-10-05T00:41:40.279756Z,KXETH15M-26OCT042045-45,0.9950,11.00,yes
2026-10-05T00:41:40.279756Z,KXETH15M-26OCT042045-45,0.9900,7.05,yes
2026-10-05T00:41:40.279756Z,KXETH15M-26OCT042045-45,0.9900,20.00,yes
2026-10-05T00:41:40.279756Z,KXETH15M-26OCT042045-45,0.9900,2.34,yes
2026-10-05T00:41:40.769325Z,KXETH15M-26OCT042045-45,0.9920,2.00,no
2026-10-05T00:41:40.92315Z,KXETH15M-26OCT042045-45,0.9920,42.51,no
2026-10-05T00:41:41.417702Z,KXETH15M-26OCT042045-45,0.9920,17.03,no
2026-10-05T00:41:41.50524Z,KXETH15M-26OCT042045-45,0.9920,3.00,no
2026-10-05T00:41:41.545747Z,KXETH15M-26OCT042045-45,0.9920,9.00,no
2026-10-05T00:41:41.554348Z,KXETH15M-26OCT042045-45,0.9920,3.00,no
2026-10-05T00:41:41.565474Z,KXETH15M-26OCT042045-45,0.9920,5.00,no
2026-10-05T00:41:41.668543Z,KXETH15M-26OCT042045-45,0.9920,18.46,no
2026-10-05T00:41:41.668543Z,KXETH15M-26OCT042045-45,0.9920,27.25,no
2026-10-05T00:41:41.926261Z,KXETH15M-26OCT042045-45,0.9920,3.00,no
2026-10-05T00:41:42.045725Z,KXETH15M-26OCT042045-45,0.9920,69.75,no
2026-10-05T00:41:42.045725Z,KXETH15M-26OCT042045-45,0.9920,98.37,no
2026-10-05T00:41:42.999614Z,KXETH15M-26OCT042045-45,0.9920,46.19,no
2026-10-05T00:41:42.999614Z,KXETH15M-26OCT042045-45,0.9920,1.63,no
2026-10-05T00:41:43.333128Z,KXETH15M-26OCT042045-45,0.9920,3.00,no
2026-10-05T00:41:43.425544Z,KXETH15M-26OCT042045-45,0.9920,50.81,no
2026-10-05T00:41:43.425544Z,KXETH15M-26OCT042045-45,0.9910,23.00,no
2026-10-05T00:41:43.425544Z,KXETH15M-26OCT042045-45,0.9910,35.07,no
2026-10-05T00:41:43.572722Z,KXETH15M-26OCT042045-45,0.9920,55.00,yes
2026-10-05T00:41:43.572722Z,KXETH15M-26OCT042045-45,0.9920,11.00,yes
2026-10-05T00:41:43.958745Z,KXETH15M-26OCT042045-45,0.9920,116.88,no
2026-10-05T00:41:44.724844Z,KXETH15M-26OCT042045-45,0.9930,1.00,yes
2026-10-05T00:41:44.731141Z,KXETH15M-26OCT042045-45,0.9920,3.83,no
2026-10-05T00:41:44.731141Z,KXETH15M-26OCT042045-45,0.9920,28.00,no
2026-10-05T00:41:44.877096Z,KXETH15M-26OCT042045-45,0.9930,2.01,yes
2026-10-05T00:41:45.016891Z,KXETH15M-26OCT042045-45,0.9850,9.00,no
2026-10-05T00:41:45.016891Z,KXETH15M-26OCT042045-45,0.9890,100.00,no
2026-10-05T00:41:45.016891Z,KXETH15M-26OCT042045-45,0.9850,4.00,no
2026-10-05T00:41:45.016891Z,KXETH15M-26OCT042045-45,0.9870,20.00,no
2026-10-05T00:41:45.016891Z,KXETH15M-26OCT042045-45,0.9910,19.00,no
2026-10-05T00:41:45.016891Z,KXETH15M-26OCT042045-45,0.9890,75.00,no
2026-10-05T00:41:45.016891Z,KXETH15M-26OCT042045-45,0.9840,3.15,no
2026-10-05T00:41:45.016891Z,KXETH15M-26OCT042045-45,0.9850,9.00,no
2026-10-05T00:41:45.016891Z,KXETH15M-26OCT042045-45,0.9900,100.00,no
2026-10-05T00:41:45.016891Z,KXETH15M-26OCT042045-45,0.9910,64.93,no
2026-10-05T00:41:45.016891Z,KXETH15M-26OCT042045-45,0.9900,20.00,no
2026-10-05T00:41:45.016891Z,KXETH15M-26OCT042045-45,0.9840,4.00,no
2026-10-05T00:41:45.016891Z,KXETH15M-26OCT042045-45,0.9860,116.69,no
2026-10-05T00:41:45.016891Z,KXETH15M-26OCT042045-45,0.9910,100.00,no
2026-10-05T00:41:45.016891Z,KXETH15M-26OCT042045-45,0.9880,8.00,no
2026-10-05T00:41:45.016891Z,KXETH15M-26OCT042045-45,0.9880,74.25,no
2026-10-05T00:41:45.016891Z,KXETH15M-26OCT042045-45,0.9920,5.00,no
2026-10-05T00:41:45.016891Z,KXETH15M-26OCT042045-45,0.9900,34.00,no
2026-10-05T00:41:45.016891Z,KXETH15M-26OCT042045-45,0.9920,18.17,no
2026-10-05T00:41:45.016891Z,KXETH15M-26OCT042045-45,0.9880,22.00,no
2026-10-05T00:41:45.016891Z,KXETH15M-26OCT042045-45,0.9880,60.00,no
2026-10-05T00:41:45.016891Z,KXETH15M-26OCT042045-45,0.9880,50.00,no
2026-10-05T00:41:46.77426Z,KXETH15M-26OCT042045-45,0.9920,10.00,yes
2026-10-05T00:41:46.77426Z,KXETH15M-26OCT042045-45,0.9920,19.64,yes
2026-10-05T00:41:47.243852Z,KXETH15M-26OCT042045-45,0.9910,1.97,no
2026-10-05T00:41:47.7586Z,KXETH15M-26OCT042045-45,0.9910,2.92,yes
2026-10-05T00:41:47.909741Z,KXETH15M-26OCT042045-45,0.9930,4.00,yes
2026-10-05T00:41:47.909741Z,KXETH15M-26OCT042045-45,0.9910,10.00,yes
2026-10-05T00:41:47.909741Z,KXETH15M-26OCT042045-45,0.9940,9.00,yes
2026-10-05T00:41:47.909741Z,KXETH15M-26OCT042045-45,0.9910,30.08,yes
2026-10-05T00:41:47.909741Z,KXETH15M-26OCT042045-45,0.9910,6.00,yes
2026-10-05T00:41:47.909741Z,KXETH15M-26OCT042045-45,0.9940,7.86,yes
2026-10-05T00:41:47.909741Z,KXETH15M-26OCT042045-45,0.9920,22.00,yes
2026-10-05T00:41:47.909741Z,KXETH15M-26OCT042045-45,0.9930,14.00,yes
2026-10-05T00:41:47.909741Z,KXETH15M-26OCT042045-45,0.9920,9.00,yes
2026-10-05T00:41:47.909741Z,KXETH15M-26OCT042045-45,0.9940,4.00,yes
2026-10-05T00:41:47.909741Z,KXETH15M-26OCT042045-45,0.9930,20.00,yes
2026-10-05T00:41:47.909741Z,KXETH15M-26OCT042045-45,0.9940,4.00,yes
2026-10-05T00:41:47.909741Z,KXETH15M-26OCT042045-45,0.9930,0.99,yes
2026-10-05T00:41:48.371889Z,KXETH15M-26OCT042045-45,0.9920,10.03,no
2026-10-05T00:41:48.371889Z,KXETH15M-26OCT042045-45,0.9930,21.00,no
2026-10-05T00:41:48.371889Z,KXETH15M-26OCT042045-45,0.9930,39.00,no
2026-10-05T00:41:48.371889Z,KXETH15M-26OCT042045-45,0.9920,7.00,no
2026-10-05T00:41:48.60074Z,KXETH15M-26OCT042045-45,0.9960,39.00,yes
2026-10-05T00:41:48.60074Z,KXETH15M-26OCT042045-45,0.9940,20.00,yes
2026-10-05T00:41:48.60074Z,KXETH15M-26OCT042045-45,0.9940,65.00,yes
2026-10-05T00:41:48.60074Z,KXETH15M-26OCT042045-45,0.9960,4.00,yes
2026-10-05T00:41:48.60074Z,KXETH15M-26OCT042045-45,0.9960,4.00,yes
2026-10-05T00:41:48.60074Z,KXETH15M-26OCT042045-45,0.9940,4.00,yes
2026-10-05T00:41:48.60074Z,KXETH15M-26OCT042045-45,0.9940,8.00,yes
2026-10-05T00:41:48.60074Z,KXETH15M-26OCT042045-45,0.9950,32.00,yes
2026-10-05T00:41:48.60074Z,KXETH15M-26OCT042045-45,0.9960,48.00,yes
2026-10-05T00:41:48.60074Z,KXETH15M-26OCT042045-45,0.9950,4.00,yes
2026-10-05T00:41:48.60074Z,KXETH15M-26OCT042045-45,0.9960,4.00,yes
2026-10-05T00:41:48.60074Z,KXETH15M-26OCT042045-45,0.9950,3.00,yes
2026-10-05T00:41:48.60074Z,KXETH15M-26OCT042045-45,0.9960,1.00,yes
2026-10-05T00:41:48.60074Z,KXETH15M-26OCT042045-45,0.9970,200.00,yes
2026-10-05T00:41:48.60074Z,KXETH15M-26OCT042045-45,0.9970,46.98,yes
2026-10-05T00:41:48.60074Z,KXETH15M-26OCT042045-45,0.9960,1.00,yes
2026-10-05T00:41:48.60074Z,KXETH15M-26OCT042045-45,0.9960,1.00,yes
2026-10-05T00:41:48.60074Z,KXETH15M-26OCT042045-45,0.9960,13.00,yes
2026-10-05T00:41:48.60074Z,KXETH15M-26OCT042045-45,0.9960,1.00,yes
2026-10-05T00:41:48.60074Z,KXETH15M-26OCT042045-45,0.9960,1.00,yes
2026-10-05T00:41:48.60074Z,KXETH15M-26OCT042045-45,0.9960,1.00,yes
2026-10-05T00:41:49.081106Z,KXETH15M-26OCT042045-45,0.9950,2.28,no
2026-10-05T00:41:49.49051Z,KXETH15M-26OCT042045-45,0.9940,1.00,no
2026-10-05T00:41:49.49051Z,KXETH15M-26OCT042045-45,0.9930,24.00,no
2026-10-05T00:41:49.49051Z,KXETH15M-26OCT042045-45,0.9950,65.72,no
2026-10-05T00:41:49.49051Z,KXETH15M-26OCT042045-45,0.9940,22.00,no
2026-10-05T00:41:49.49051Z,KXETH15M-26OCT042045-45,0.9930,10.31,no
2026-10-05T00:41:49.49051Z,KXETH15M-26OCT042045-45,0.9950,46.98,no
2026-10-05T00:41:49.708758Z,KXETH15M-26OCT042045-45,0.9910,20.00,no
2026-10-05T00:41:49.708758Z,KXETH15M-26OCT042045-45,0.9910,120.82,no
2026-10-05T00:41:49.708758Z,KXETH15M-26OCT042045-45,0.9920,33.00,no
2026-10-05T00:41:49.708758Z,KXETH15M-26OCT042045-45,0.9920,7.00,no
2026-10-05T00:41:49.708758Z,KXETH15M-26OCT042045-45,0.9930,0.69,no
2026-10-05T00:41:49.708758Z,KXETH15M-26OCT042045-45,0.9920,0.97,no
2026-10-05T00:41:49.730374Z,KXETH15M-26OCT042045-45,0.9930,20.10,yes
2026-10-05T00:41:49.91954Z,KXETH15M-26OCT042045-45,0.9930,4.00,yes
2026-10-05T00:41:50.026235Z,KXETH15M-26OCT042045-45,0.9930,9.75,yes
2026-10-05T00:41:50.129088Z,KXETH15M-26OCT042045-45,0.9910,1.00,no
2026-10-05T00:41:50.129088Z,KXETH15M-26OCT042045-45,0.9910,5.00,no
2026-10-05T00:41:50.129088Z,KXETH15M-26OCT042045-45,0.9920,17.00,no
2026-10-05T00:41:50.129088Z,KXETH15M-26OCT042045-45,0.9910,20.00,no
2026-10-05T00:41:50.129088Z,KXETH15M-26OCT042045-45,0.9910,79.18,no
2026-10-05T00:41:50.129088Z,KXETH15M-26OCT042045-45,0.9900,64.77,no
2026-10-05T00:41:50.129088Z,KXETH15M-26OCT042045-45,0.9910,19.00,no
2026-10-05T00:41:51.237176Z,KXETH15M-26OCT042045-45,0.9910,7.62,no
2026-10-05T00:41:51.429748Z,KXETH15M-26OCT042045-45,0.9920,7.00,yes
2026-10-05T00:41:51.429748Z,KXETH15M-26OCT042045-45,0.9930,22.00,yes
2026-10-05T00:41:51.429748Z,KXETH15M-26OCT042045-45,0.9950,9.00,yes
2026-10-05T00:41:51.429748Z,KXETH15M-26OCT042045-45,0.9920,11.00,yes
2026-10-05T00:41:51.429748Z,KXETH15M-26OCT042045-45,0.9920,2.00,yes
2026-10-05T00:41:51.429748Z,KXETH15M-26OCT042045-45,0.9930,11.00,yes
2026-10-05T00:41:51.429748Z,KXETH15M-26OCT042045-45,0.9940,18.00,yes
2026-10-05T00:41:51.429748Z,KXETH15M-26OCT042045-45,0.9950,22.00,yes
2026-10-05T00:41:51.429748Z,KXETH15M-26OCT042045-45,0.9950,20.00,yes
2026-10-05T00:41:51.429748Z,KXETH15M-26OCT042045-45,0.9960,9.16,yes
2026-10-05T00:41:51.688363Z,KXETH15M-26OCT042045-45,0.9920,3.00,no
2026-10-05T00:41:51.688363Z,KXETH15M-26OCT042045-45,0.9920,15.00,no
2026-10-05T00:41:51.688363Z,KXETH15M-26OCT042045-45,0.9930,8.00,no
2026-10-05T00:41:51.688363Z,KXETH15M-26OCT042045-45,0.9920,9.00,no
2026-10-05T00:41:51.993467Z,KXETH15M-26OCT042045-45,0.9920,9.00,no
2026-10-05T00:41:52.549236Z,KXETH15M-26OCT042045-45,0.9920,11.00,no
2026-10-05T00:41:52.549236Z,KXETH15M-26OCT042045-45,0.9920,24.00,no
2026-10-05T00:41:52.549236Z,KXETH15M-26OCT042045-45,0.9910,11.00,no
2026-10-05T00:41:52.549236Z,KXETH15M-26OCT042045-45,0.9910,20.00,no
2026-10-05T00:41:52.549236Z,KXETH15M-26OCT042045-45,0.9910,19.00,no
2026-10-05T00:41:52.549236Z,KXETH15M-26OCT042045-45,0.9900,386.05,no
2026-10-05T00:41:53.537928Z,KXETH15M-26OCT042045-45,0.9920,13.00,no
2026-10-05T00:41:53.537928Z,KXETH15M-26OCT042045-45,0.9920,13.00,no
2026-10-05T00:41:53.537928Z,KXETH15M-26OCT042045-45,0.9910,19.00,no
2026-10-05T00:41:53.537928Z,KXETH15M-26OCT042045-45,0.9910,8.00,no
2026-10-05T00:41:53.537928Z,KXETH15M-26OCT042045-45,0.9920,11.00,no
2026-10-05T00:41:53.537928Z,KXETH15M-26OCT042045-45,0.9910,20.00,no
2026-10-05T00:41:53.537928Z,KXETH15M-26OCT042045-45,0.9900,155.82,no
2026-10-05T00:41:53.537928Z,KXETH15M-26OCT042045-45,0.9900,49.18,no
2026-10-05T00:41:55.106625Z,KXETH15M-26OCT042045-45,0.9920,15.00,no
2026-10-05T00:41:55.106625Z,KXETH15M-26OCT042045-45,0.9910,2.00,no
2026-10-05T00:41:55.106625Z,KXETH15M-26OCT042045-45,0.9910,19.00,no
2026-10-05T00:41:55.106625Z,KXETH15M-26OCT042045-45,0.9910,20.00,no
2026-10-05T00:41:55.106625Z,KXETH15M-26OCT042045-45,0.9900,20.54,no
2026-10-05T00:41:55.106625Z,KXETH15M-26OCT042045-45,0.9910,1.00,no
2026-10-05T00:41:55.106625Z,KXETH15M-26OCT042045-45,0.9920,19.00,no
2026-10-05T00:41:55.106625Z,KXETH15M-26OCT042045-45,0.9920,6.00,no
2026-10-05T00:41:55.111187Z,KXETH15M-26OCT042045-45,0.9930,1.79,yes
2026-10-05T00:41:55.137135Z,KXETH15M-26OCT042045-45,0.9910,2.32,no
2026-10-05T00:41:55.612472Z,KXETH15M-26OCT042045-45,0.9910,2.91,no
2026-10-05T00:41:55.719175Z,KXETH15M-26OCT042045-45,0.9920,5.00,yes
2026-10-05T00:41:55.736451Z,KXETH15M-26OCT042045-45,0.9910,4.59,no
2026-10-05T00:41:56.042098Z,KXETH15M-26OCT042045-45,0.9930,1.00,yes
2026-10-05T00:41:56.288733Z,KXETH15M-26OCT042045-45,0.9920,5.00,no
2026-10-05T00:41:56.288733Z,KXETH15M-26OCT042045-45,0.9920,12.00,no
2026-10-05T00:41:56.288733Z,KXETH15M-26OCT042045-45,0.9910,19.00,no
2026-10-05T00:41:56.288733Z,KXETH15M-26OCT042045-45,0.9920,21.00,no
2026-10-05T00:41:56.288733Z,KXETH15M-26OCT042045-45,0.9910,20.00,no
2026-10-05T00:41:56.288733Z,KXETH15M-26OCT042045-45,0.9900,25.59,no
2026-10-05T00:41:56.685171Z,KXETH15M-26OCT042045-45,0.9940,2.00,yes
2026-10-05T00:41:56.685171Z,KXETH15M-26OCT042045-45,0.9940,6.00,yes
2026-10-05T00:41:56.685171Z,KXETH15M-26OCT042045-45,0.9950,20.00,yes
2026-10-05T00:41:57.014411Z,KXETH15M-26OCT042045-45,0.9950,8.86,yes
2026-10-05T00:41:57.027664Z,KXETH15M-26OCT042045-45,0.9910,5.99,no
2026-10-05T00:41:57.027664Z,KXETH15M-26OCT042045-45,0.9930,14.00,no
2026-10-05T00:41:57.027664Z,KXETH15M-26OCT042045-45,0.9930,17.00,no
2026-10-05T00:41:57.345457Z,KXETH15M-26OCT042045-45,0.9930,5.14,no
2026-10-05T00:41:57.79975Z,KXETH15M-26OCT042045-45,0.9940,22.00,yes
2026-10-05T00:41:57.79975Z,KXETH15M-26OCT042045-45,0.9940,50.00,yes
2026-10-05T00:41:57.855949Z,KXETH15M-26OCT042045-45,0.9930,0.10,no
2026-10-05T00:41:58.258242Z,KXETH15M-26OCT042045-45,0.9940,10.00,yes
2026-10-05T00:41:58.258242Z,KXETH15M-26OCT042045-45,0.9940,10.00,yes
2026-10-05T00:41:59.224088Z,KXETH15M-26OCT042045-45,0.9940,16.00,no
2026-10-05T00:41:59.224088Z,KXETH15M-26OCT042045-45,0.9940,8.00,no
2026-10-05T00:41:59.372764Z,KXETH15M-26OCT042045-45,0.9920,8.00,no
2026-10-05T00:41:59.372764Z,KXETH15M-26OCT042045-45,0.9930,11.76,no
2026-10-05T00:41:59.372764Z,KXETH15M-26OCT042045-45,0.9910,20.00,no
2026-10-05T00:41:59.372764Z,KXETH15M-26OCT042045-45,0.9930,11.00,no
2026-10-05T00:41:59.372764Z,KXETH15M-26OCT042045-45,0.9900,13.37,no
2026-10-05T00:41:59.554207Z,KXETH15M-26OCT042045-45,0.9930,5.04,no
2026-10-05T00:41:59.717486Z,KXETH15M-26OCT042045-45,0.9930,8.96,no
2026-10-05T00:41:59.717486Z,KXETH15M-26OCT042045-45,0.9930,43.00,no
2026-10-05T00:41:59.81522Z,KXETH15M-26OCT042045-45,0.9910,20.00,no
2026-10-05T00:41:59.81522Z,KXETH15M-26OCT042045-45,0.9910,19.00,no
2026-10-05T00:41:59.81522Z,KXETH15M-26OCT042045-45,0.9920,2.00,no
2026-10-05T00:41:59.81522Z,KXETH15M-26OCT042045-45,0.9920,48.00,no
2026-10-05T00:41:59.81522Z,KXETH15M-26OCT042045-45,0.9900,14.91,no
2026-10-05T00:42:00.036307Z,KXETH15M-26OCT042045-45,0.9920,36.54,yes
2026-10-05T00:42:00.361951Z,KXETH15M-26OCT042045-45,0.9910,32.00,no
2026-10-05T00:42:00.361951Z,KXETH15M-26OCT042045-45,0.9910,19.00,no
2026-10-05T00:42:00.361951Z,KXETH15M-26OCT042045-45,0.9910,20.00,no
2026-10-05T00:42:00.361951Z,KXETH15M-26OCT042045-45,0.9900,22.51,no
2026-10-05T00:42:00.436884Z,KXETH15M-26OCT042045-45,0.9930,333.00,yes
2026-10-05T00:42:00.998102Z,KXETH15M-26OCT042045-45,0.9930,364.58,yes
2026-10-05T00:42:00.998102Z,KXETH15M-26OCT042045-45,0.9950,9.00,yes
2026-10-05T00:42:00.998102Z,KXETH15M-26OCT042045-45,0.9950,2.42,yes
2026-10-05T00:42:00.998102Z,KXETH15M-26OCT042045-45,0.9940,20.00,yes
2026-10-05T00:42:00.998102Z,KXETH15M-26OCT042045-45,0.9930,55.00,yes
2026-10-05T00:42:01.031231Z,KXETH15M-26OCT042045-45,0.9900,367.16,no
2026-10-05T00:42:01.031231Z,KXETH15M-26OCT042045-45,0.9930,13.00,no
2026-10-05T00:42:01.031231Z,KXETH15M-26OCT042045-45,0.9910,20.00,no
2026-10-05T00:42:01.031231Z,KXETH15M-26OCT042045-45,0.9920,20.00,no
2026-10-05T00:42:01.031231Z,KXETH15M-26OCT042045-45,0.9920,41.00,no
2026-10-05T00:42:01.031231Z,KXETH15M-26OCT042045-45,0.9930,13.00,no
2026-10-05T00:42:01.694241Z,KXETH15M-26OCT042045-45,0.9940,13.35,no
2026-10-05T00:42:01.731356Z,KXETH15M-26OCT042045-45,0.9930,13.35,no
2026-10-05T00:42:01.947221Z,KXETH15M-26OCT042045-45,0.9950,1.01,yes
2026-10-05T00:42:02.015227Z,KXETH15M-26OCT042045-45,0.9960,1.50,yes
2026-10-05T00:42:02.582846Z,KXETH15M-26OCT042045-45,0.9960,36.00,yes
2026-10-05T00:42:02.582846Z,KXETH15M-26OCT042045-45,0.9960,9.50,yes
2026-10-05T00:42:02.582846Z,KXETH15M-26OCT042045-45,0.9960,20.00,yes
2026-10-05T00:42:02.582846Z,KXETH15M-26OCT042045-45,0.9950,9.00,yes
2026-10-05T00:42:02.582846Z,KXETH15M-26OCT042045-45,0.9960,1.50,yes
2026-10-05T00:42:02.582846Z,KXETH15M-26OCT042045-45,0.9960,28.00,yes
2026-10-05T00:42:02.816191Z,KXETH15M-26OCT042045-45,0.9940,9.84,no
2026-10-05T00:42:03.335813Z,KXETH15M-26OCT042045-45,0.9940,2.16,no
2026-10-05T00:42:03.335813Z,KXETH15M-26OCT042045-45,0.9940,27.00,no
2026-10-05T00:42:03.446764Z,KXETH15M-26OCT042045-45,0.9940,27.00,yes
2026-10-05T00:42:03.446764Z,KXETH15M-26OCT042045-45,0.9940,35.00,yes
2026-10-05T00:42:03.548874Z,KXETH15M-26OCT042045-45,0.9920,1.36,no
2026-10-05T00:42:03.548874Z,KXETH15M-26OCT042045-45,0.9930,0.65,no
2026-10-05T00:42:04.259218Z,KXETH15M-26OCT042045-45,0.9910,20.00,no
2026-10-05T00:42:04.259218Z,KXETH15M-26OCT042045-45,0.9910,19.00,no
2026-10-05T00:42:04.259218Z,KXETH15M-26OCT042045-45,0.9930,16.00,no
2026-10-05T00:42:04.259218Z,KXETH15M-26OCT042045-45,0.9930,55.00,no
2026-10-05T00:42:04.259218Z,KXETH15M-26OCT042045-45,0.9910,0.05,no
2026-10-05T00:42:04.259218Z,KXETH15M-26OCT042045-45,0.9900,7.76,no
2026-10-05T00:42:05.382354Z,KXETH15M-26OCT042045-45,0.9950,9.09,yes
2026-10-05T00:42:05.601237Z,KXETH15M-26OCT042045-45,0.9900,8.96,no
2026-10-05T00:42:05.601237Z,KXETH15M-26OCT042045-45,0.9920,25.00,no
2026-10-05T00:42:05.601237Z,KXETH15M-26OCT042045-45,0.9910,20.00,no
2026-10-05T00:42:05.601237Z,KXETH15M-26OCT042045-45,0.9910,19.00,no
2026-10-05T00:42:05.601237Z,KXETH15M-26OCT042045-45,0.9910,20.00,no
2026-10-05T00:42:05.601237Z,KXETH15M-26OCT042045-45,0.9920,14.00,no
2026-10-05T00:42:06.16277Z,KXETH15M-26OCT042045-45,0.9960,5.64,yes
2026-10-05T00:42:06.16277Z,KXETH15M-26OCT042045-45,0.9920,5.00,yes
2026-10-05T00:42:06.16277Z,KXETH15M-26OCT042045-45,0.9950,9.00,yes
2026-10-05T00:42:06.16277Z,KXETH15M-26OCT042045-45,0.9940,1.00,yes
2026-10-05T00:42:06.16277Z,KXETH15M-26OCT042045-45,0.9920,4.00,yes
2026-10-05T00:42:06.427963Z,KXETH15M-26OCT042045-45,0.9960,38.00,yes
2026-10-05T00:42:06.427963Z,KXETH15M-26OCT042045-45,0.9960,5.36,yes
2026-10-05T00:42:06.427963Z,KXETH15M-26OCT042045-45,0.9960,20.00,yes
2026-10-05T00:42:06.427963Z,KXETH15M-26OCT042045-45,0.9960,39.00,yes
2026-10-05T00:42:06.427963Z,KXETH15M-26OCT042045-45,0.9950,166.00,yes
2026-10-05T00:42:06.427963Z,KXETH15M-26OCT042045-45,0.9960,5.64,yes
2026-10-05T00:42:06.438789Z,KXETH15M-26OCT042045-45,0.9950,9.00,yes
2026-10-05T00:42:06.438789Z,KXETH15M-26OCT042045-45,0.9950,7.00,yes
2026-10-05T00:42:06.448977Z,KXETH15M-26OCT042045-45,0.9950,2.00,yes
2026-10-05T00:42:06.826095Z,KXETH15M-26OCT042045-45,0.9950,0.71,no
2026-10-05T00:42:06.908308Z,KXETH15M-26OCT042045-45,0.9910,19.00,no
2026-10-05T00:42:06.908308Z,KXETH15M-26OCT042045-45,0.9920,22.00,no
2026-10-05T00:42:06.908308Z,KXETH15M-26OCT042045-45,0.9930,12.00,no
2026-10-05T00:42:06.908308Z,KXETH15M-26OCT042045-45,0.9910,20.00,no
2026-10-05T00:42:06.908308Z,KXETH15M-26OCT042045-45,0.9940,14.00,no
2026-10-05T00:42:06.908308Z,KXETH15M-26OCT042045-45,0.9950,5.29,no
2026-10-05T00:42:06.908308Z,KXETH15M-26OCT042045-45,0.9920,4.00,no
2026-10-05T00:42:06.908308Z,KXETH15M-26OCT042045-45,0.9930,7.00,no
2026-10-05T00:42:06.908308Z,KXETH15M-26OCT042045-45,0.9950,76.00,no
2026-10-05T00:42:07.117231Z,KXETH15M-26OCT042045-45,0.9960,26.00,yes
2026-10-05T00:42:07.117231Z,KXETH15M-26OCT042045-45,0.9960,11.00,yes
2026-10-05T00:42:07.499993Z,KXETH15M-26OCT042045-45,0.9950,12.00,yes
2026-10-05T00:42:07.499993Z,KXETH15M-26OCT042045-45,0.9950,28.00,yes
2026-10-05T00:42:07.499993Z,KXETH15M-26OCT042045-45,0.9950,8.00,yes
2026-10-05T00:42:07.499993Z,KXETH15M-26OCT042045-45,0.9950,20.00,yes
2026-10-05T00:42:07.86887Z,KXETH15M-26OCT042045-45,0.9960,10.00,yes
2026-10-05T00:42:07.86887Z,KXETH15M-26OCT042045-45,0.9960,56.00,yes
2026-10-05T00:42:09.18177Z,KXETH15M-26OCT042045-45,0.9950,10.00,no
2026-10-05T00:42:09.18177Z,KXETH15M-26OCT042045-45,0.9950,12.53,no
2026-10-05T00:42:10.628283Z,KXETH15M-26OCT042045-45,0.9950,0.22,no
2026-10-05T00:42:10.628283Z,KXETH15M-26OCT042045-45,0.9950,12.00,no
2026-10-05T00:42:10.628283Z,KXETH15M-26OCT042045-45,0.9950,6.47,no
2026-10-05T00:42:11.200625Z,KXETH15M-26OCT042045-45,0.9910,19.74,no
2026-10-05T00:42:11.200625Z,KXETH15M-26OCT042045-45,0.9940,24.00,no
2026-10-05T00:42:11.200625Z,KXETH15M-26OCT042045-45,0.9920,22.00,no
2026-10-05T00:42:11.200625Z,KXETH15M-26OCT042045-45,0.9930,6.00,no
2026-10-05T00:42:11.200625Z,KXETH15M-26OCT042045-45,0.9950,34.78,no
2026-10-05T00:42:11.200625Z,KXETH15M-26OCT042045-45,0.9930,3.00,no
2026-10-05T00:42:11.200625Z,KXETH15M-26OCT042045-45,0.9930,15.00,no
2026-10-05T00:42:11.200625Z,KXETH15M-26OCT042045-45,0.9950,17.00,no
2026-10-05T00:42:12.462173Z,KXETH15M-26OCT042045-45,0.9910,18.41,no
2026-10-05T00:42:12.462173Z,KXETH15M-26OCT042045-45,0.9910,19.00,no
2026-10-05T00:42:12.462173Z,KXETH15M-26OCT042045-45,0.9930,14.00,no
2026-10-05T00:42:12.462173Z,KXETH15M-26OCT042045-45,0.9940,15.00,no
2026-10-05T00:42:12.462173Z,KXETH15M-26OCT042045-45,0.9940,44.00,no
2026-10-05T00:42:12.462173Z,KXETH15M-26OCT042045-45,0.9930,20.00,no
2026-10-05T00:42:12.649855Z,KXETH15M-26OCT042045-45,0.9930,0.06,no
2026-10-05T00:42:12.649855Z,KXETH15M-26OCT042045-45,0.9930,3.94,no
2026-10-05T00:42:12.886021Z,KXETH15M-26OCT042045-45,0.9950,48.19,yes
2026-10-05T00:42:12.886021Z,KXETH15M-26OCT042045-45,0.9950,2.00,yes
2026-10-05T00:42:12.967408Z,KXETH15M-26OCT042045-45,0.9940,63.00,no
2026-10-05T00:42:13.195493Z,KXETH15M-26OCT042045-45,0.9960,33.95,yes
2026-10-05T00:42:13.195493Z,KXETH15M-26OCT042045-45,0.9960,10.00,yes
2026-10-05T00:42:13.195493Z,KXETH15M-26OCT042045-45,0.9960,1.00,yes
2026-10-05T00:42:13.195493Z,KXETH15M-26OCT042045-45,0.9960,20.00,yes
2026-10-05T00:42:13.444069Z,KXETH15M-26OCT042045-45,0.9860,1.00,no
2026-10-05T00:42:13.444069Z,KXETH15M-26OCT042045-45,0.9900,169.00,no
2026-10-05T00:42:13.444069Z,KXETH15M-26OCT042045-45,0.9900,116.00,no
2026-10-05T00:42:13.444069Z,KXETH15M-26OCT042045-45,0.9900,1.00,no
2026-10-05T00:42:13.444069Z,KXETH15M-26OCT042045-45,0.9900,10.00,no
2026-10-05T00:42:13.444069Z,KXETH15M-26OCT042045-45,0.9890,0.06,no
2026-10-05T00:42:13.444069Z,KXETH15M-26OCT042045-45,0.9850,3.00,no
2026-10-05T00:42:13.444069Z,KXETH15M-26OCT042045-45,0.9870,0.05,no
2026-10-05T00:42:13.444069Z,KXETH15M-26OCT042045-45,0.9860,0.05,no
2026-10-05T00:42:13.444069Z,KXETH15M-26OCT042045-45,0.9850,0.06,no
2026-10-05T00:42:13.444069Z,KXETH15M-26OCT042045-45,0.9900,1.00,no
2026-10-05T00:42:13.444069Z,KXETH15M-26OCT042045-45,0.9880,0.05,no
2026-10-05T00:42:13.444069Z,KXETH15M-26OCT042045-45,0.9900,76.00,no
2026-10-05T00:42:13.444069Z,KXETH15M-26OCT042045-45,0.9850,14.00,no
2026-10-05T00:42:13.444069Z,KXETH15M-26OCT042045-45,0.9850,9.00,no
2026-10-05T00:42:13.444069Z,KXETH15M-26OCT042045-45,0.9930,12.00,no
2026-10-05T00:42:13.444069Z,KXETH15M-26OCT042045-45,0.9910,17.97,no
2026-10-05T00:42:13.444069Z,KXETH15M-26OCT042045-45,0.9900,64.00,no
2026-10-05T00:42:13.444069Z,KXETH15M-26OCT042045-45,0.9900,22.00,no
2026-10-05T00:42:13.444069Z,KXETH15M-26OCT042045-45,0.9880,50.00,no
2026-10-05T00:42:13.444069Z,KXETH15M-26OCT042045-45,0.9870,20.00,no
2026-10-05T00:42:13.444069Z,KXETH15M-26OCT042045-45,0.9900,0.06,no
2026-10-05T00:42:13.444069Z,KXETH15M-26OCT042045-45,0.9900,60.00,no
2026-10-05T00:42:13.444069Z,KXETH15M-26OCT042045-45,0.9840,129.67,no
2026-10-05T00:42:13.444069Z,KXETH15M-26OCT042045-45,0.9860,4.00,no
2026-10-05T00:42:13.444069Z,KXETH15M-26OCT042045-45,0.9890,4.00,no
2026-10-05T00:42:13.444069Z,KXETH15M-26OCT042045-45,0.9880,1.01,no
2026-10-05T00:42:13.444069Z,KXETH15M-26OCT042045-45,0.9870,4.00,no
2026-10-05T00:42:13.444069Z,KXETH15M-26OCT042045-45,0.9870,4.00,no
2026-10-05T00:42:13.444069Z,KXETH15M-26OCT042045-45,0.9860,4.04,no
2026-10-05T00:42:13.444069Z,KXETH15M-26OCT042045-45,0.9880,4.00,no
2026-10-05T00:42:13.444069Z,KXETH15M-26OCT042045-45,0.9880,4.00,no
2026-10-05T00:42:15.219176Z,KXETH15M-26OCT042045-45,0.9940,1.00,yes
2026-10-05T00:42:16.022551Z,KXETH15M-26OCT042045-45,0.9940,3.00,yes
2026-10-05T00:42:16.022551Z,KXETH15M-26OCT042045-45,0.9940,3.00,yes
2026-10-05T00:42:16.251114Z,KXETH15M-26OCT042045-45,0.9940,16.00,no
2026-10-05T00:42:16.251114Z,KXETH15M-26OCT042045-45,0.9940,30.00,no
2026-10-05T00:42:16.378601Z,KXETH15M-26OCT042045-45,0.9930,5.00,no
2026-10-05T00:42:16.580474Z,KXETH15M-26OCT042045-45,0.9940,10.00,yes
2026-10-05T00:42:16.849422Z,KXETH15M-26OCT042045-45,0.9920,0.06,no
2026-10-05T00:42:16.849422Z,KXETH15M-26OCT042045-45,0.9910,0.06,no
2026-10-05T00:42:16.849422Z,KXETH15M-26OCT042045-45,0.9900,1.00,no
2026-10-05T00:42:16.849422Z,KXETH15M-26OCT042045-45,0.9930,9.00,no
2026-10-05T00:42:17.052151Z,KXETH15M-26OCT042045-45,0.9890,1.00,no
2026-10-05T00:42:17.052151Z,KXETH15M-26OCT042045-45,0.9890,49.00,no
2026-10-05T00:42:17.147174Z,KXETH15M-26OCT042045-45,0.9920,18.00,no
2026-10-05T00:42:17.147174Z,KXETH15M-26OCT042045-45,0.9920,30.00,no
2026-10-05T00:42:17.34291Z,KXETH15M-26OCT042045-45,0.9930,20.11,yes
2026-10-05T00:42:17.858541Z,KXETH15M-26OCT042045-45,0.9900,9.35,no
2026-10-05T00:42:18.391661Z,KXETH15M-26OCT042045-45,0.9870,4.00,no
2026-10-05T00:42:18.391661Z,KXETH15M-26OCT042045-45,0.9870,4.00,no
2026-10-05T00:42:18.391661Z,KXETH15M-26OCT042045-45,0.9910,44.00,no
2026-10-05T00:42:18.391661Z,KXETH15M-26OCT042045-45,0.9900,10.00,no
2026-10-05T00:42:18.391661Z,KXETH15M-26OCT042045-45,0.9890,22.00,no
2026-10-05T00:42:18.391661Z,KXETH15M-26OCT042045-45,0.9890,1.00,no
2026-10-05T00:42:18.391661Z,KXETH15M-26OCT042045-45,0.9920,15.00,no
2026-10-05T00:42:18.428645Z,KXETH15M-26OCT042045-45,0.9890,22.00,yes
2026-10-05T00:42:18.428645Z,KXETH15M-26OCT042045-45,0.9930,44.00,yes
2026-10-05T00:42:18.428645Z,KXETH15M-26OCT042045-45,0.9930,10.00,yes
2026-10-05T00:42:19.321498Z,KXETH15M-26OCT042045-45,0.9900,24.40,no
2026-10-05T00:42:19.321498Z,KXETH15M-26OCT042045-45,0.9930,20.00,no
2026-10-05T00:42:19.321498Z,KXETH15M-26OCT042045-45,0.9930,18.00,no
2026-10-05T00:42:19.321498Z,KXETH15M-26OCT042045-45,0.9920,14.00,no
2026-10-05T00:42:19.706899Z,KXETH15M-26OCT042045-45,0.9890,0.69,no
2026-10-05T00:42:19.706899Z,KXETH15M-26OCT042045-45,0.9920,17.00,no
2026-10-05T00:42:19.706899Z,KXETH15M-26OCT042045-45,0.9920,10.00,no
2026-10-05T00:42:19.706899Z,KXETH15M-26OCT042045-45,0.9920,12.00,no
2026-10-05T00:42:19.706899Z,KXETH15M-26OCT042045-45,0.9900,55.60,no
2026-10-05T00:42:19.706899Z,KXETH15M-26OCT042045-45,0.9900,1.00,no
2026-10-05T00:42:20.281788Z,KXETH15M-26OCT042045-45,0.9920,5.00,yes
2026-10-05T00:42:21.1424Z,KXETH15M-26OCT042045-45,0.9930,8.00,yes
2026-10-05T00:42:21.472223Z,KXETH15M-26OCT042045-45,0.9930,10.06,yes
2026-10-05T00:42:21.580093Z,KXETH15M-26OCT042045-45,0.9920,8.00,no
2026-10-05T00:42:21.580093Z,KXETH15M-26OCT042045-45,0.9920,11.00,no
2026-10-05T00:42:21.580093Z,KXETH15M-26OCT042045-45,0.9920,2.00,no
2026-10-05T00:42:21.580093Z,KXETH15M-26OCT042045-45,0.9920,3.00,no
2026-10-05T00:42:21.629823Z,KXETH15M-26OCT042045-45,0.9910,9.00,yes
2026-10-05T00:42:21.629823Z,KXETH15M-26OCT042045-45,0.9900,34.00,yes
2026-10-05T00:42:21.629823Z,KXETH15M-26OCT042045-45,0.9890,6.00,yes
2026-10-05T00:42:21.629823Z,KXETH15M-26OCT042045-45,0.9900,48.00,yes
2026-10-05T00:42:21.764307Z,KXETH15M-26OCT042045-45,0.9920,6.99,no
2026-10-05T00:42:22.803778Z,KXETH15M-26OCT042045-45,0.9940,4.00,yes
2026-10-05T00:42:22.803778Z,KXETH15M-26OCT042045-45,0.9940,8.00,yes
2026-10-05T00:42:22.831787Z,KXETH15M-26OCT042045-45,0.9950,4.00,yes
2026-10-05T00:42:22.840957Z,KXETH15M-26OCT042045-45,0.9950,2.00,yes
2026-10-05T00:42:22.854563Z,KXETH15M-26OCT042045-45,0.9950,3.00,yes
2026-10-05T00:42:22.854563Z,KXETH15M-26OCT042045-45,0.9950,1.00,yes
2026-10-05T00:42:24.288546Z,KXETH15M-26OCT042045-45,0.9940,1.50,no
2026-10-05T00:42:26.771786Z,KXETH15M-26OCT042045-45,0.9950,19.00,yes
2026-10-05T00:42:26.771786Z,KXETH15M-26OCT042045-45,0.9960,4.00,yes
2026-10-05T00:42:26.771786Z,KXETH15M-26OCT042045-45,0.9960,1.33,yes
2026-10-05T00:42:26.771786Z,KXETH15M-26OCT042045-45,0.9950,51.00,yes
2026-10-05T00:42:26.872483Z,KXETH15M-26OCT042045-45,0.9950,16.00,no
2026-10-05T00:42:26.872483Z,KXETH15M-26OCT042045-45,0.9950,20.00,no
2026-10-05T00:42:26.872483Z,KXETH15M-26OCT042045-45,0.9920,2.96,no
2026-10-05T00:42:27.841087Z,KXETH15M-26OCT042045-45,0.9950,2.93,yes
2026-10-05T00:42:28.31865Z,KXETH15M-26OCT042045-45,0.9940,18.00,no
2026-10-05T00:42:28.31865Z,KXETH15M-26OCT042045-45,0.9910,19.74,no
2026-10-05T00:42:28.31865Z,KXETH15M-26OCT042045-45,0.9940,19.00,no
2026-10-05T00:42:28.31865Z,KXETH15M-26OCT042045-45,0.9920,7.04,no
2026-10-05T00:42:28.397945Z,KXETH15M-26OCT042045-45,0.9950,10.05,yes
2026-10-05T00:42:29.033268Z,KXETH15M-26OCT042045-45,0.9950,2.06,yes
2026-10-05T00:42:29.033268Z,KXETH15M-26OCT042045-45,0.9950,0.95,yes
2026-10-05T00:42:29.209841Z,KXETH15M-26OCT042045-45,0.9950,18.00,no
2026-10-05T00:42:29.209841Z,KXETH15M-26OCT042045-45,0.9900,9.00,no
2026-10-05T00:42:29.209841Z,KXETH15M-26OCT042045-45,0.9950,15.00,no
2026-10-05T00:42:29.209841Z,KXETH15M-26OCT042045-45,0.9920,15.00,no
2026-10-05T00:42:29.209841Z,KXETH15M-26OCT042045-45,0.9870,14.00,no
2026-10-05T00:42:29.209841Z,KXETH15M-26OCT042045-45,0.9850,10.00,no
2026-10-05T00:42:29.209841Z,KXETH15M-26OCT042045-45,0.9860,5.00,no
2026-10-05T00:42:29.209841Z,KXETH15M-26OCT042045-45,0.9880,4.00,no
2026-10-05T00:42:29.209841Z,KXETH15M-26OCT042045-45,0.9900,50.00,no
2026-10-05T00:42:29.209841Z,KXETH15M-26OCT042045-45,0.9860,0.06,no
2026-10-05T00:42:29.209841Z,KXETH15M-26OCT042045-45,0.9870,0.06,no
2026-10-05T00:42:29.209841Z,KXETH15M-26OCT042045-45,0.9850,0.07,no
2026-10-05T00:42:29.209841Z,KXETH15M-26OCT042045-45,0.9850,20.00,no
2026-10-05T00:42:29.209841Z,KXETH15M-26OCT042045-45,0.9850,4.00,no
2026-10-05T00:42:29.209841Z,KXETH15M-26OCT042045-45,0.9850,9.00,no
2026-10-05T00:42:29.209841Z,KXETH15M-26OCT042045-45,0.9850,9.00,no
2026-10-05T00:42:29.209841Z,KXETH15M-26OCT042045-45,0.9870,4.00,no
2026-10-05T00:42:29.209841Z,KXETH15M-26OCT042045-45,0.9880,1.01,no
2026-10-05T00:42:29.209841Z,KXETH15M-26OCT042045-45,0.9860,4.00,no
2026-10-05T00:42:29.209841Z,KXETH15M-26OCT042045-45,0.9860,4.04,no
2026-10-05T00:42:29.209841Z,KXETH15M-26OCT042045-45,0.9870,4.00,no
2026-10-05T00:42:29.209841Z,KXETH15M-26OCT042045-45,0.9910,1.00,no
2026-10-05T00:42:29.209841Z,KXETH15M-26OCT042045-45,0.9860,19.00,no
2026-10-05T00:42:29.209841Z,KXETH15M-26OCT042045-45,0.9860,4.00,no
2026-10-05T00:42:29.209841Z,KXETH15M-26OCT042045-45,0.9840,65.43,no
2026-10-05T00:42:29.315337Z,KXETH15M-26OCT042045-45,0.9930,1.00,no
2026-10-05T00:42:29.455027Z,KXETH15M-26OCT042045-45,0.9940,4.00,yes
2026-10-05T00:42:29.455027Z,KXETH15M-26OCT042045-45,0.9940,4.00,yes
2026-10-05T00:42:29.634867Z,KXETH15M-26OCT042045-45,0.9940,1.00,no
2026-10-05T00:42:29.634867Z,KXETH15M-26OCT042045-45,0.9940,12.35,no
2026-10-05T00:42:30.048753Z,KXETH15M-26OCT042045-45,0.9950,4.00,yes
2026-10-05T00:42:30.048753Z,KXETH15M-26OCT042045-45,0.9950,2.00,yes
2026-10-05T00:42:30.048753Z,KXETH15M-26OCT042045-45,0.9950,4.00,yes
2026-10-05T00:42:31.704268Z,KXETH15M-26OCT042045-45,0.9900,4.03,no
2026-10-05T00:42:31.704268Z,KXETH15M-26OCT042045-45,0.9910,2.00,no
2026-10-05T00:42:31.704268Z,KXETH15M-26OCT042045-45,0.9940,12.00,no
2026-10-05T00:42:31.704268Z,KXETH15M-26OCT042045-45,0.9940,43.65,no
2026-10-05T00:42:31.704268Z,KXETH15M-26OCT042045-45,0.9920,13.00,no
2026-10-05T00:42:33.223562Z,KXETH15M-26OCT042045-45,0.9950,2.00,yes
2026-10-05T00:42:33.223562Z,KXETH15M-26OCT042045-45,0.9970,4.00,yes
2026-10-05T00:42:33.223562Z,KXETH15M-26OCT042045-45,0.9950,6.00,yes
2026-10-05T00:42:33.223562Z,KXETH15M-26OCT042045-45,0.9970,4.00,yes
2026-10-05T00:42:33.223562Z,KXETH15M-26OCT042045-45,0.9960,4.00,yes
2026-10-05T00:42:33.223562Z,KXETH15M-26OCT042045-45,0.9950,35.00,yes
2026-10-05T00:42:33.223562Z,KXETH15M-26OCT042045-45,0.9960,5.00,yes
2026-10-05T00:42:33.223562Z,KXETH15M-26OCT042045-45,0.9940,15.00,yes
2026-10-05T00:42:33.223562Z,KXETH15M-26OCT042045-45,0.9960,2.67,yes
2026-10-05T00:42:33.223562Z,KXETH15M-26OCT042045-45,0.9950,20.00,yes
2026-10-05T00:42:33.223562Z,KXETH15M-26OCT042045-45,0.9970,40.00,yes
2026-10-05T00:42:33.223562Z,KXETH15M-26OCT042045-45,0.9970,250.00,yes
2026-10-05T00:42:33.223562Z,KXETH15M-26OCT042045-45,0.9970,53.02,yes
2026-10-05T00:42:33.223562Z,KXETH15M-26OCT042045-45,0.9980,746.16,yes
2026-10-05T00:42:33.223562Z,KXETH15M-26OCT042045-45,0.9970,2.00,yes
2026-10-05T00:42:33.223562Z,KXETH15M-26OCT042045-45,0.9970,2.00,yes
2026-10-05T00:42:33.223562Z,KXETH15M-26OCT042045-45,0.9970,2.00,yes
2026-10-05T00:42:33.223562Z,KXETH15M-26OCT042045-45,0.9970,2.00,yes
2026-10-05T00:42:33.223562Z,KXETH15M-26OCT042045-45,0.9970,2.00,yes
2026-10-05T00:42:33.223562Z,KXETH15M-26OCT042045-45,0.9970,18.00,yes
2026-10-05T00:42:33.555843Z,KXETH15M-26OCT042045-45,0.9970,6.82,yes
2026-10-05T00:42:33.555843Z,KXETH15M-26OCT042045-45,0.9970,5.00,yes
2026-10-05T00:42:34.405898Z,KXETH15M-26OCT042045-45,0.9960,9.79,no
2026-10-05T00:42:35.149637Z,KXETH15M-26OCT042045-45,0.9970,4.70,yes
2026-10-05T00:42:35.835688Z,KXETH15M-26OCT042045-45,0.9960,19.00,no
2026-10-05T00:42:35.835688Z,KXETH15M-26OCT042045-45,0.9960,43.23,no
2026-10-05T00:42:35.835688Z,KXETH15M-26OCT042045-45,0.9950,136.49,no
2026-10-05T00:42:36.216307Z,KXETH15M-26OCT042045-45,0.9960,18.00,yes
2026-10-05T00:42:36.234837Z,KXETH15M-26OCT042045-45,0.9960,20.00,yes
2026-10-05T00:42:36.255941Z,KXETH15M-26OCT042045-45,0.9960,38.00,yes
2026-10-05T00:42:36.255941Z,KXETH15M-26OCT042045-45,0.9960,11.00,yes
2026-10-05T00:42:36.255941Z,KXETH15M-26OCT042045-45,0.9960,9.00,yes
2026-10-05T00:42:36.275427Z,KXETH15M-26OCT042045-45,0.9960,0.50,yes
2026-10-05T00:42:36.299618Z,KXETH15M-26OCT042045-45,0.9950,3.52,no
2026-10-05T00:42:36.380547Z,KXETH15M-26OCT042045-45,0.9960,2.00,yes
2026-10-05T00:42:36.413887Z,KXETH15M-26OCT042045-45,0.9950,186.97,no
2026-10-05T00:42:36.644447Z,KXETH15M-26OCT042045-45,0.9960,1.50,yes
2026-10-05T00:42:36.682168Z,KXETH15M-26OCT042045-45,0.9950,250.00,no
2026-10-05T00:42:36.682168Z,KXETH15M-26OCT042045-45,0.9950,419.18,no
2026-10-05T00:42:37.444064Z,KXETH15M-26OCT042045-45,0.9960,2.00,yes
2026-10-05T00:42:38.026987Z,KXETH15M-26OCT042045-45,0.9960,17.00,yes
2026-10-05T00:42:38.026987Z,KXETH15M-26OCT042045-45,0.9960,9.00,yes
2026-10-05T00:42:38.778545Z,KXETH15M-26OCT042045-45,0.9940,7.29,no
2026-10-05T00:42:39.432235Z,KXETH15M-26OCT042045-45,0.9940,22.00,no
2026-10-05T00:42:39.436953Z,KXETH15M-26OCT042045-45,0.9950,90.00,yes
2026-10-05T00:42:39.443444Z,KXETH15M-26OCT042045-45,0.9940,10.00,no
2026-10-05T00:42:39.45099Z,KXETH15M-26OCT042045-45,0.9950,18.00,yes
2026-10-05T00:42:39.45099Z,KXETH15M-26OCT042045-45,0.9950,1.00,yes
2026-10-05T00:42:39.792526Z,KXETH15M-26OCT042045-45,0.9950,22.00,yes
2026-10-05T00:42:39.792526Z,KXETH15M-26OCT042045-45,0.9960,4.00,yes
2026-10-05T00:42:39.792526Z,KXETH15M-26OCT042045-45,0.9960,24.00,yes
2026-10-05T00:42:39.857989Z,KXETH15M-26OCT042045-45,0.9940,37.00,no
2026-10-05T00:42:39.857989Z,KXETH15M-26OCT042045-45,0.9940,4.00,no
2026-10-05T00:42:39.857989Z,KXETH15M-26OCT042045-45,0.9940,0.71,no
2026-10-05T00:42:40.136425Z,KXETH15M-26OCT042045-45,0.9960,8.00,yes
2026-10-05T00:42:40.136425Z,KXETH15M-26OCT042045-45,0.9960,16.00,yes
2026-10-05T00:42:40.334608Z,KXETH15M-26OCT042045-45,0.9900,11.91,no
2026-10-05T00:42:40.334608Z,KXETH15M-26OCT042045-45,0.9940,2.00,no
2026-10-05T00:42:40.334608Z,KXETH15M-26OCT042045-45,0.9930,15.00,no
2026-10-05T00:42:40.334608Z,KXETH15M-26OCT042045-45,0.9910,20.00,no
2026-10-05T00:42:40.334608Z,KXETH15M-26OCT042045-45,0.9900,45.97,no
2026-10-05T00:42:40.613422Z,KXETH15M-26OCT042045-45,0.9930,14.00,no
2026-10-05T00:42:40.613422Z,KXETH15M-26OCT042045-45,0.9900,49.35,no
2026-10-05T00:42:40.613422Z,KXETH15M-26OCT042045-45,0.9910,20.00,no
2026-10-05T00:42:40.613422Z,KXETH15M-26OCT042045-45,0.9910,19.00,no
2026-10-05T00:42:40.613422Z,KXETH15M-26OCT042045-45,0.9930,5.00,no
2026-10-05T00:42:41.347786Z,KXETH15M-26OCT042045-45,0.9950,2.00,no
2026-10-05T00:42:41.358524Z,KXETH15M-26OCT042045-45,0.9950,2.00,no
2026-10-05T00:42:41.382386Z,KXETH15M-26OCT042045-45,0.9950,2.00,no
2026-10-05T00:42:41.389938Z,KXETH15M-26OCT042045-45,0.9950,2.00,no
2026-10-05T00:42:41.401787Z,KXETH15M-26OCT042045-45,0.9950,2.00,no
2026-10-05T00:42:41.416171Z,KXETH15M-26OCT042045-45,0.9950,2.00,no
2026-10-05T00:42:41.526652Z,KXETH15M-26OCT042045-45,0.9950,2.00,no
2026-10-05T00:42:41.606074Z,KXETH15M-26OCT042045-45,0.9950,4.00,no
2026-10-05T00:42:41.614538Z,KXETH15M-26OCT042045-45,0.9950,2.00,no
2026-10-05T00:42:41.622902Z,KXETH15M-26OCT042045-45,0.9950,2.00,no
2026-10-05T00:42:41.706562Z,KXETH15M-26OCT042045-45,0.9950,2.00,no
2026-10-05T00:42:41.715329Z,KXETH15M-26OCT042045-45,0.9950,2.00,no
2026-10-05T00:42:41.729847Z,KXETH15M-26OCT042045-45,0.9950,2.00,no
2026-10-05T00:42:41.741687Z,KXETH15M-26OCT042045-45,0.9950,2.00,no
2026-10-05T00:42:42.02232Z,KXETH15M-26OCT042045-45,0.9950,57.00,yes
2026-10-05T00:42:43.89894Z,KXETH15M-26OCT042045-45,0.9950,186.97,no
2026-10-05T00:42:44.06509Z,KXETH15M-26OCT042045-45,0.9950,62.95,no
2026-10-05T00:42:44.200096Z,KXETH15M-26OCT042045-45,0.9950,189.46,no
2026-10-05T00:42:44.264243Z,KXETH15M-26OCT042045-45,0.9970,128.60,yes
2026-10-05T00:42:44.264243Z,KXETH15M-26OCT042045-45,0.9970,4.00,yes
2026-10-05T00:42:44.264243Z,KXETH15M-26OCT042045-45,0.9960,33.00,yes
2026-10-05T00:42:44.264243Z,KXETH15M-26OCT042045-45,0.9960,20.00,yes
2026-10-05T00:42:44.264243Z,KXETH15M-26OCT042045-45,0.9960,11.00,yes
2026-10-05T00:42:44.451198Z,KXETH15M-26OCT042045-45,0.9970,8.02,yes
2026-10-05T00:42:45.375072Z,KXETH15M-26OCT042045-45,0.9910,19.00,no
2026-10-05T00:42:45.375072Z,KXETH15M-26OCT042045-45,0.9930,13.00,no
2026-10-05T00:42:45.375072Z,KXETH15M-26OCT042045-45,0.9900,122.51,no
2026-10-05T00:42:45.375072Z,KXETH15M-26OCT042045-45,0.9950,248.62,no
2026-10-05T00:42:45.375072Z,KXETH15M-26OCT042045-45,0.9920,1.00,no
2026-10-05T00:42:45.375072Z,KXETH15M-26OCT042045-45,0.9960,14.00,no
2026-10-05T00:42:45.375072Z,KXETH15M-26OCT042045-45,0.9910,1.01,no
2026-10-05T00:42:45.375072Z,KXETH15M-26OCT042045-45,0.9960,8.02,no
2026-10-05T00:42:45.375072Z,KXETH15M-26OCT042045-45,0.9960,16.00,no
2026-10-05T00:42:45.375072Z,KXETH15M-26OCT042045-45,0.9910,20.00,no
2026-10-05T00:42:45.375072Z,KXETH15M-26OCT042045-45,0.9950,128.60,no
2026-10-05T00:42:45.809914Z,KXETH15M-26OCT042045-45,0.9940,1.04,no
2026-10-05T00:42:47.475986Z,KXETH15M-26OCT042045-45,0.9900,274.03,no
2026-10-05T00:42:47.475986Z,KXETH15M-26OCT042045-45,0.9950,24.00,no
2026-10-05T00:42:47.475986Z,KXETH15M-26OCT042045-45,0.9910,19.00,no
2026-10-05T00:42:47.475986Z,KXETH15M-26OCT042045-45,0.9930,15.00,no
2026-10-05T00:42:47.475986Z,KXETH15M-26OCT042045-45,0.9950,25.00,no
2026-10-05T00:42:47.475986Z,KXETH15M-26OCT042045-45,0.9920,1.00,no
2026-10-05T00:42:48.055829Z,KXETH15M-26OCT042045-45,0.9950,22.00,yes
2026-10-05T00:42:48.164774Z,KXETH15M-26OCT042045-45,0.9960,3.00,yes
2026-10-05T00:42:48.174091Z,KXETH15M-26OCT042045-45,0.9960,4.00,yes
2026-10-05T00:42:48.188145Z,KXETH15M-26OCT042045-45,0.9960,8.00,yes
2026-10-05T00:42:48.51858Z,KXETH15M-26OCT042045-45,0.9950,15.96,no
2026-10-05T00:42:48.51858Z,KXETH15M-26OCT042045-45,0.9950,2.00,no
2026-10-05T00:42:50.379079Z,KXETH15M-26OCT042045-45,0.9960,1.00,yes
2026-10-05T00:42:50.583013Z,KXETH15M-26OCT042045-45,0.9960,36.00,yes
2026-10-05T00:42:50.583013Z,KXETH15M-26OCT042045-45,0.9960,10.00,yes
2026-10-05T00:42:50.583013Z,KXETH15M-26OCT042045-45,0.9960,1.00,yes
2026-10-05T00:42:50.583013Z,KXETH15M-26OCT042045-45,0.9970,3.17,yes
2026-10-05T00:42:50.609021Z,KXETH15M-26OCT042045-45,0.9970,20.00,yes
2026-10-05T00:42:50.609021Z,KXETH15M-26OCT042045-45,0.9970,30.00,yes
2026-10-05T00:42:50.609021Z,KXETH15M-26OCT042045-45,0.9970,7.00,yes
2026-10-05T00:42:50.609021Z,KXETH15M-26OCT042045-45,0.9970,5.00,yes
2026-10-05T00:42:50.609021Z,KXETH15M-26OCT042045-45,0.9970,110.21,yes
2026-10-05T00:42:50.877807Z,KXETH15M-26OCT042045-45,0.9970,5.89,no
2026-10-05T00:42:50.877807Z,KXETH15M-26OCT042045-45,0.9970,44.00,no
2026-10-05T00:42:51.790471Z,KXETH15M-26OCT042045-45,0.9970,2.00,no
2026-10-05T00:42:51.981242Z,KXETH15M-26OCT042045-45,0.9980,150.00,yes
2026-10-05T00:42:52.020883Z,KXETH15M-26OCT042045-45,0.9980,12.02,yes
2026-10-05T00:42:53.100384Z,KXETH15M-26OCT042045-45,0.9970,18.00,no
2026-10-05T00:42:53.100384Z,KXETH15M-26OCT042045-45,0.9970,24.11,no
2026-10-05T00:42:53.100384Z,KXETH15M-26OCT042045-45,0.9970,107.52,no
2026-10-05T00:42:53.561735Z,KXETH15M-26OCT042045-45,0.9970,15.00,no
2026-10-05T00:42:53.804672Z,KXETH15M-26OCT042045-45,0.9980,200.00,yes
2026-10-05T00:42:53.900417Z,KXETH15M-26OCT042045-45,0.9970,1.00,no
2026-10-05T00:42:53.963914Z,KXETH15M-26OCT042045-45,0.9980,101.41,yes
2026-10-05T00:42:54.028307Z,KXETH15M-26OCT042045-45,0.9980,2.00,yes
2026-10-05T00:42:54.152361Z,KXETH15M-26OCT042045-45,0.9980,200.00,yes
2026-10-05T00:42:54.311038Z,KXETH15M-26OCT042045-45,0.9980,150.00,yes
2026-10-05T00:42:56.165278Z,KXETH15M-26OCT042045-45,0.9970,333.33,no
2026-10-05T00:42:56.503261Z,KXETH15M-26OCT042045-45,0.9970,20.94,no
2026-10-05T00:43:00.250432Z,KXETH15M-26OCT042045-45,0.9980,1.00,yes
2026-10-05T00:43:00.456478Z,KXETH15M-26OCT042045-45,0.9970,51.48,no
2026-10-05T00:43:01.025485Z,KXETH15M-26OCT042045-45,0.9980,40.07,yes
2026-10-05T00:43:02.390211Z,KXETH15M-26OCT042045-45,0.9970,12.33,no
2026-10-05T00:43:02.41783Z,KXETH15M-26OCT042045-45,0.9980,63.38,yes
2026-10-05T00:43:02.5739Z,KXETH15M-26OCT042045-45,0.9980,5.00,yes
2026-10-05T00:43:04.900894Z,KXETH15M-26OCT042045-45,0.9970,37.39,no
2026-10-05T00:43:04.942079Z,KXETH15M-26OCT042045-45,0.9980,32.45,yes
2026-10-05T00:43:05.304968Z,KXETH15M-26OCT042045-45,0.9980,14.19,yes
2026-10-05T00:43:05.425531Z,KXETH15M-26OCT042045-45,0.9980,7.01,yes
2026-10-05T00:43:06.26223Z,KXETH15M-26OCT042045-45,0.9980,351.00,yes
2026-10-05T00:43:06.285336Z,KXETH15M-26OCT042045-45,0.9970,31.16,no
2026-10-05T00:43:07.018374Z,KXETH15M-26OCT042045-45,0.9980,200.00,yes
2026-10-05T00:43:07.032791Z,KXETH15M-26OCT042045-45,0.9980,200.00,yes
2026-10-05T00:43:07.048436Z,KXETH15M-26OCT042045-45,0.9980,200.00,yes
2026-10-05T00:43:07.106394Z,KXETH15M-26OCT042045-45,0.9980,200.00,yes
2026-10-05T00:43:07.142022Z,KXETH15M-26OCT042045-45,0.9980,5.71,yes
2026-10-05T00:43:07.228831Z,KXETH15M-26OCT042045-45,0.9980,81.40,yes
2026-10-05T00:43:07.228831Z,KXETH15M-26OCT042045-45,0.9980,118.60,yes
2026-10-05T00:43:07.268042Z,KXETH15M-26OCT042045-45,0.9980,200.00,yes
2026-10-05T00:43:07.302657Z,KXETH15M-26OCT042045-45,0.9980,30.03,yes
2026-10-05T00:43:07.367172Z,KXETH15M-26OCT042045-45,0.9980,11.43,yes
2026-10-05T00:43:07.367172Z,KXETH15M-26OCT042045-45,0.9980,188.57,yes
2026-10-05T00:43:07.411626Z,KXETH15M-26OCT042045-45,0.9980,50.00,yes
2026-10-05T00:43:07.446078Z,KXETH15M-26OCT042045-45,0.9980,61.43,yes
2026-10-05T00:43:07.446078Z,KXETH15M-26OCT042045-45,0.9980,100.00,yes
2026-10-05T00:43:07.446078Z,KXETH15M-26OCT042045-45,0.9980,38.57,yes
2026-10-05T00:43:07.540253Z,KXETH15M-26OCT042045-45,0.9980,5.00,yes
2026-10-05T00:43:07.540253Z,KXETH15M-26OCT042045-45,0.9980,29.00,yes
2026-10-05T00:43:07.540253Z,KXETH15M-26OCT042045-45,0.9980,92.00,yes
2026-10-05T00:43:07.540253Z,KXETH15M-26OCT042045-45,0.9980,1209.97,yes
2026-10-05T00:43:07.540253Z,KXETH15M-26OCT042045-45,0.9980,4.00,yes
2026-10-05T00:43:07.540253Z,KXETH15M-26OCT042045-45,0.9980,4.00,yes
2026-10-05T00:43:07.540253Z,KXETH15M-26OCT042045-45,0.9980,438.57,yes
2026-10-05T00:43:07.540253Z,KXETH15M-26OCT042045-45,0.9980,3.00,yes
2026-10-05T00:43:07.540253Z,KXETH15M-26OCT042045-45,0.9980,3.00,yes
2026-10-05T00:43:07.540253Z,KXETH15M-26OCT042045-45,0.9980,26.00,yes
2026-10-05T00:43:07.540253Z,KXETH15M-26OCT042045-45,0.9980,3.00,yes
2026-10-05T00:43:07.540253Z,KXETH15M-26OCT042045-45,0.9980,3.00,yes
2026-10-05T00:43:07.540253Z,KXETH15M-26OCT042045-45,0.9980,3.00,yes
2026-10-05T00:43:07.540253Z,KXETH15M-26OCT042045-45,0.9980,80.00,yes
2026-10-05T00:43:07.548277Z,KXETH15M-26OCT042045-45,0.9980,200.00,yes
2026-10-05T00:43:07.634335Z,KXETH15M-26OCT042045-45,0.9980,500.00,no
2026-10-05T00:43:08.566881Z,KXETH15M-26OCT042045-45,0.9990,65.06,yes
2026-10-05T00:43:09.539479Z,KXETH15M-26OCT042045-45,0.9980,916.02,no
2026-10-05T00:43:10.870063Z,KXETH15M-26OCT042045-45,0.9990,15.42,yes
2026-10-05T00:43:10.881264Z,KXETH15M-26OCT042045-45,0.9990,17.59,yes
2026-10-05T00:43:11.319228Z,KXETH15M-26OCT042045-45,0.9980,154.00,no
2026-10-05T00:43:11.478021Z,KXETH15M-26OCT042045-45,0.9980,458.01,no
2026-10-05T00:43:11.787361Z,KXETH15M-26OCT042045-45,0.9990,1.00,yes
2026-10-05T00:43:12.055204Z,KXETH15M-26OCT042045-45,0.9980,6.00,no
2026-10-05T00:43:12.103497Z,KXETH15M-26OCT042045-45,0.9990,21.64,yes
2026-10-05T00:43:12.193727Z,KXETH15M-26OCT042045-45,0.9980,1.50,no
2026-10-05T00:43:12.60813Z,KXETH15M-26OCT042045-45,0.9990,8.00,yes
2026-10-05T00:43:12.981185Z,KXETH15M-26OCT042045-45,0.9990,0.26,yes
2026-10-05T00:43:13.120025Z,KXETH15M-26OCT042045-45,0.9990,105.11,yes
2026-10-05T00:43:13.657247Z,KXETH15M-26OCT042045-45,0.9980,81.00,no
2026-10-05T00:43:14.126304Z,KXETH15M-26OCT042045-45,0.9980,458.01,no
2026-10-05T00:43:14.978007Z,KXETH15M-26OCT042045-45,0.9980,458.01,no
2026-10-05T00:43:15.194913Z,KXETH15M-26OCT042045-45,0.9980,0.35,no
2026-10-05T00:43:16.236169Z,KXETH15M-26OCT042045-45,0.9990,57.05,yes
2026-10-05T00:43:19.196852Z,KXETH15M-26OCT042045-45,0.9990,25.02,yes
2026-10-05T00:43:19.418948Z,KXETH15M-26OCT042045-45,0.9990,10.00,yes
2026-10-05T00:43:23.070795Z,KXETH15M-26OCT042045-45,0.9980,4.69,no
2026-10-05T00:43:23.619153Z,KXETH15M-26OCT042045-45,0.9990,48.12,yes
2026-10-05T00:43:24.332288Z,KXETH15M-26OCT042045-45,0.9990,1335.00,yes
2026-10-05T00:43:24.976269Z,KXETH15M-26OCT042045-45,0.9990,25.02,yes
2026-10-05T00:43:25.824763Z,KXETH15M-26OCT042045-45,0.9990,100.10,yes
2026-10-05T00:43:28.24539Z,KXETH15M-26OCT042045-45,0.9980,15.63,no
2026-10-05T00:43:29.425111Z,KXETH15M-26OCT042045-45,0.9990,185.17,yes
2026-10-05T00:43:30.314342Z,KXETH15M-26OCT042045-45,0.9990,53.80,yes
2026-10-05T00:43:30.460396Z,KXETH15M-26OCT042045-45,0.9990,267.00,yes
2026-10-05T00:43:30.767369Z,KXETH15M-26OCT042045-45,0.9990,53.00,yes
2026-10-05T00:43:31.034146Z,KXETH15M-26OCT042045-45,0.9990,200.00,yes
2026-10-05T00:43:31.049887Z,KXETH15M-26OCT042045-45,0.9990,200.00,yes
2026-10-05T00:43:31.105952Z,KXETH15M-26OCT042045-45,0.9990,275.25,yes
2026-10-05T00:43:31.121404Z,KXETH15M-26OCT042045-45,0.9990,1364.00,yes
2026-10-05T00:43:31.210685Z,KXETH15M-26OCT042045-45,0.9990,200.00,yes
2026-10-05T00:43:31.305946Z,KXETH15M-26OCT042045-45,0.9990,200.00,yes
2026-10-05T00:43:31.354689Z,KXETH15M-26OCT042045-45,0.9990,200.00,yes
2026-10-05T00:43:31.433401Z,KXETH15M-26OCT042045-45,0.9990,341.00,yes
2026-10-05T00:43:31.537994Z,KXETH15M-26OCT042045-45,0.9990,200.00,yes
2026-10-05T00:43:31.62317Z,KXETH15M-26OCT042045-45,0.9990,200.00,yes
2026-10-05T00:43:31.8554Z,KXETH15M-26OCT042045-45,0.9990,200.00,yes
2026-10-05T00:43:31.95143Z,KXETH15M-26OCT042045-45,0.9990,200.00,yes
2026-10-05T00:43:32.020785Z,KXETH15M-26OCT042045-45,0.9990,200.00,yes
2026-10-05T00:43:32.140402Z,KXETH15M-26OCT042045-45,0.9990,200.00,yes
2026-10-05T00:43:32.244263Z,KXETH15M-26OCT042045-45,0.9990,200.00,yes
2026-10-05T00:43:32.279702Z,KXETH15M-26OCT042045-45,0.9990,200.00,yes
2026-10-05T00:43:32.347092Z,KXETH15M-26OCT042045-45,0.9990,85.00,yes
2026-10-05T00:43:32.353949Z,KXETH15M-26OCT042045-45,0.9990,193.00,yes
2026-10-05T00:43:34.108765Z,KXETH15M-26OCT042045-45,0.9990,100.09,yes
2026-10-05T00:43:34.214244Z,KXETH15M-26OCT042045-45,0.9990,500.46,yes
2026-10-05T00:43:34.393583Z,KXETH15M-26OCT042045-45,0.9980,5.15,no
2026-10-05T00:43:34.452099Z,KXETH15M-26OCT042045-45,0.9990,2222.00,yes
2026-10-05T00:43:35.586127Z,KXETH15M-26OCT042045-45,0.9980,42.26,no
2026-10-05T00:43:35.656789Z,KXETH15M-26OCT042045-45,0.9990,5.00,yes
2026-10-05T00:43:35.859762Z,KXETH15M-26OCT042045-45,0.9990,3.17,yes
2026-10-05T00:43:35.912987Z,KXETH15M-26OCT042045-45,0.9990,27.55,yes
2026-10-05T00:43:36.688847Z,KXETH15M-26OCT042045-45,0.9990,27.55,yes
2026-10-05T00:43:36.70537Z,KXETH15M-26OCT042045-45,0.9990,15.01,yes
2026-10-05T00:43:36.85382Z,KXETH15M-26OCT042045-45,0.9990,1.00,yes
2026-10-05T00:43:37.125739Z,KXETH15M-26OCT042045-45,0.9980,458.01,no
2026-10-05T00:43:37.304445Z,KXETH15M-26OCT042045-45,0.9980,4.59,no
2026-10-05T00:43:37.332588Z,KXETH15M-26OCT042045-45,0.9990,30.56,yes
2026-10-05T00:43:37.332588Z,KXETH15M-26OCT042045-45,0.9990,6.44,yes
2026-10-05T00:43:37.454572Z,KXETH15M-26OCT042045-45,0.9990,27.55,yes
2026-10-05T00:43:37.525306Z,KXETH15M-26OCT042045-45,0.9990,44.00,yes
2026-10-05T00:43:37.525306Z,KXETH15M-26OCT042045-45,0.9990,0.75,yes
2026-10-05T00:43:37.525306Z,KXETH15M-26OCT042045-45,0.9990,4.00,yes
2026-10-05T00:43:37.525306Z,KXETH15M-26OCT042045-45,0.9990,4.00,yes
2026-10-05T00:43:37.525306Z,KXETH15M-26OCT042045-45,0.9990,97.00,yes
2026-10-05T00:43:37.525306Z,KXETH15M-26OCT042045-45,0.9990,58.00,yes
2026-10-05T00:43:37.525306Z,KXETH15M-26OCT042045-45,0.9990,100.00,yes
2026-10-05T00:43:37.525306Z,KXETH15M-26OCT042045-45,0.9990,1.00,yes
2026-10-05T00:43:37.525306Z,KXETH15M-26OCT042045-45,0.9990,2500.00,yes
2026-10-05T00:43:37.525306Z,KXETH15M-26OCT042045-45,0.9990,3.00,yes
2026-10-05T00:43:37.525306Z,KXETH15M-26OCT042045-45,0.9990,100.00,yes
2026-10-05T00:43:37.525306Z,KXETH15M-26OCT042045-45,0.9990,2000.00,yes
2026-10-05T00:43:37.525306Z,KXETH15M-26OCT042045-45,0.9990,400.00,yes
2026-10-05T00:43:37.525306Z,KXETH15M-26OCT042045-45,0.9990,566.01,yes
2026-10-05T00:43:37.525306Z,KXETH15M-26OCT042045-45,0.9990,1.00,yes
2026-10-05T00:43:37.525306Z,KXETH15M-26OCT042045-45,0.9990,1.00,yes
2026-10-05T00:43:37.525306Z,KXETH15M-26OCT042045-45,0.9990,1000.00,yes
2026-10-05T00:43:41.493613Z,KXETH15M-26OCT042045-45,0.9990,2.80,no
2026-10-05T00:43:45.718858Z,KXETH15M-26OCT042045-45,0.9990,7.00,no
2026-10-05T00:43:48.248605Z,KXETH15M-26OCT042045-45,0.9990,121.51,no
2026-10-05T00:43:50.485063Z,KXETH15M-26OCT042045-45,0.9990,36.69,no
2026-10-05T00:43:51.512152Z,KXETH15M-26OCT042045-45,0.9990,40.07,no
2026-10-05T00:43:51.858878Z,KXETH15M-26OCT042045-45,0.9990,9.20,no
2026-10-05T00:43:54.398616Z,KXETH15M-26OCT042045-45,0.9990,90.00,no
2026-10-05T00:43:55.210757Z,KXETH15M-26OCT042045-45,0.9990,32.45,no
2026-10-05T00:43:56.40506Z,KXETH15M-26OCT042045-45,0.9990,915.99,no
2026-10-05T00:44:00.36156Z,KXETH15M-26OCT042045-45,0.9990,91.62,no
2026-10-05T00:44:04.408924Z,KXETH15M-26OCT042045-45,0.9990,14.58,no
2026-10-05T00:44:04.932219Z,KXETH15M-26OCT042045-45,0.9990,12.02,no
2026-10-05T00:44:05.40291Z,KXETH15M-26OCT042045-45,0.9990,4.86,no
2026-10-05T00:44:05.668324Z,KXETH15M-26OCT042045-45,0.9990,3.21,no
2026-10-05T00:44:06.248854Z,KXETH15M-26OCT042045-45,0.9990,1.10,no
2026-10-05T00:44:06.358819Z,KXETH15M-26OCT042045-45,0.9990,19.97,no
2026-10-05T00:44:07.937923Z,KXETH15M-26OCT042045-45,0.9990,915.99,no
2026-10-05T00:44:08.992601Z,KXETH15M-26OCT042045-45,0.9990,4579.77,no
2026-10-05T00:44:09.289257Z,KXETH15M-26OCT042045-45,0.9990,1860.00,no
2026-10-05T00:44:09.41071Z,KXETH15M-26OCT042045-45,0.9990,0.26,no
2026-10-05T00:44:10.277501Z,KXETH15M-26OCT042045-45,0.9990,9.20,no
2026-10-05T00:44:10.397162Z,KXETH15M-26OCT042045-45,0.9990,4579.77,no
2026-10-05T00:44:11.636096Z,KXETH15M-26OCT042045-45,0.9990,90.00,no
2026-10-05T00:44:12.081912Z,KXETH15M-26OCT042045-45,0.9990,915.99,no
2026-10-05T00:44:12.409999Z,KXETH15M-26OCT042045-45,0.9990,1831.90,no
2026-10-05T00:44:12.703398Z,KXETH15M-26OCT042045-45,0.9990,10.00,no
2026-10-05T00:44:13.553225Z,KXETH15M-26OCT042045-45,0.9990,426.52,no
2026-10-05T00:44:15.26789Z,KXETH15M-26OCT042045-45,0.9990,3663.81,no
2026-10-05T00:44:15.394602Z,KXETH15M-26OCT042045-45,0.9990,915.99,no
2026-10-05T00:44:17.8563Z,KXETH15M-26OCT042045-45,0.9990,915.99,no
2026-10-05T00:44:19.664136Z,KXETH15M-26OCT042045-45,0.9990,761.99,no
2026-10-05T00:44:19.664136Z,KXETH15M-26OCT042045-45,0.9990,154.00,no
2026-10-05T00:44:20.749946Z,KXETH15M-26OCT042045-45,0.9990,81.00,no
2026-10-05T00:44:20.749946Z,KXETH15M-26OCT042045-45,0.9990,306.00,no
2026-10-05T00:44:20.749946Z,KXETH15M-26OCT042045-45,0.9990,96.31,no
2026-10-05T00:44:20.749946Z,KXETH15M-26OCT042045-45,0.9990,10.01,no
2026-10-05T00:44:20.749946Z,KXETH15M-26OCT042045-45,0.9990,500.00,no
2026-10-05T00:44:20.749946Z,KXETH15M-26OCT042045-45,0.9990,2500.00,no
2026-10-05T00:44:20.749946Z,KXETH15M-26OCT042045-45,0.9990,1111.00,no
2026-10-05T00:44:20.749946Z,KXETH15M-26OCT042045-45,0.9990,7480.39,no
2026-10-05T00:44:20.749946Z,KXETH15M-26OCT042045-45,0.9990,2251.39,no
2026-10-05T00:44:20.749946Z,KXETH15M-26OCT042045-45,0.9990,1950.00,no
2026-10-05T00:44:20.749946Z,KXETH15M-26OCT042045-45,0.9990,1604.89,no
2026-10-05T00:44:20.749946Z,KXETH15M-26OCT042045-45,0.9990,2222.00,no
2026-10-05T00:44:20.749946Z,KXETH15M-26OCT042045-45,0.9990,500.46,no
2026-10-05T00:44:20.749946Z,KXETH15M-26OCT042045-45,0.9990,100.09,no
2026-10-05T00:44:20.749946Z,KXETH15M-26OCT042045-45,0.9990,27.55,no
2026-10-05T00:44:20.749946Z,KXETH15M-26OCT042045-45,0.9990,27.55,no
2026-10-05T00:44:20.749946Z,KXETH15M-26OCT042045-45,0.9990,53.00,no
2026-10-05T00:44:20.749946Z,KXETH15M-26OCT042045-45,0.9990,53.80,no
2026-10-05T00:44:20.749946Z,KXETH15M-26OCT042045-45,0.9990,267.00,no
2026-10-05T00:44:20.749946Z,KXETH15M-26OCT042045-45,0.9990,185.17,no
2026-10-05T00:44:20.749946Z,KXETH15M-26OCT042045-45,0.9990,85.00,no
2026-10-05T00:44:20.749946Z,KXETH15M-26OCT042045-45,0.9990,193.00,no
2026-10-05T00:44:20.749946Z,KXETH15M-26OCT042045-45,0.9990,200.00,no
2026-10-05T00:44:20.749946Z,KXETH15M-26OCT042045-45,0.9990,200.00,no
2026-10-05T00:44:20.749946Z,KXETH15M-26OCT042045-45,0.9990,200.00,no
2026-10-05T00:44:20.749946Z,KXETH15M-26OCT042045-45,0.9990,200.00,no
2026-10-05T00:44:20.749946Z,KXETH15M-26OCT042045-45,0.9990,200.00,no
2026-10-05T00:44:20.749946Z,KXETH15M-26OCT042045-45,0.9990,1364.00,no
2026-10-05T00:44:20.749946Z,KXETH15M-26OCT042045-45,0.9990,200.00,no
2026-10-05T00:44:20.749946Z,KXETH15M-26OCT042045-45,0.9990,200.00,no
2026-10-05T00:44:20.749946Z,KXETH15M-26OCT042045-45,0.9990,275.25,no
2026-10-05T00:44:20.749946Z,KXETH15M-26OCT042045-45,0.9990,341.00,no
2026-10-05T00:44:20.749946Z,KXETH15M-26OCT042045-45,0.9990,200.00,no
2026-10-05T00:44:20.749946Z,KXETH15M-26OCT042045-45,0.9990,200.00,no
2026-10-05T00:44:20.749946Z,KXETH15M-26OCT042045-45,0.9990,200.00,no
2026-10-05T00:44:20.749946Z,KXETH15M-26OCT042045-45,0.9990,200.00,no
2026-10-05T00:44:20.749946Z,KXETH15M-26OCT042045-45,0.9990,200.00,no
2026-10-05T00:44:20.749946Z,KXETH15M-26OCT042045-45,0.9990,200.00,no
2026-10-05T00:44:20.749946Z,KXETH15M-26OCT042045-45,0.9990,1738.01,no
2026-10-05T00:44:20.749946Z,KXETH15M-26OCT042045-45,0.9990,30.56,no
2026-10-05T00:44:20.749946Z,KXETH15M-26OCT042045-45,0.9990,98.09,no
2026-10-05T00:44:20.749946Z,KXETH15M-26OCT042045-45,0.9990,1409.97,no
2026-10-05T00:44:20.749946Z,KXETH15M-26OCT042045-45,0.9990,581.00,no
2026-10-05T00:44:20.749946Z,KXETH15M-26OCT042045-45,0.9990,3826.00,no
2026-10-05T00:44:20.749946Z,KXETH15M-26OCT042045-45,0.9990,3.00,no
2026-10-05T00:44:20.749946Z,KXETH15M-26OCT042045-45,0.9990,5.00,no
2026-10-05T00:44:20.749946Z,KXETH15M-26OCT042045-45,0.9990,57.05,no
2026-10-05T00:44:20.749946Z,KXETH15M-26OCT042045-45,0.9990,25.02,no
2026-10-05T00:44:20.749946Z,KXETH15M-26OCT042045-45,0.9990,105.11,no
2026-10-05T00:44:20.749946Z,KXETH15M-26OCT042045-45,0.9990,100.10,no
2026-10-05T00:44:20.749946Z,KXETH15M-26OCT042045-45,0.9990,25.02,no
2026-10-05T00:44:20.749946Z,KXETH15M-26OCT042045-45,0.9990,1335.00,no
2026-10-05T00:44:20.749946Z,KXETH15M-26OCT042045-45,0.9990,48.12,no
2026-10-05T00:44:20.749946Z,KXETH15M-26OCT042045-45,0.9990,65.06,no
2026-10-05T00:44:20.749946Z,KXETH15M-26OCT042045-45,0.9990,500.00,no
2026-10-05T00:44:20.749946Z,KXETH15M-26OCT042045-45,0.9990,438.57,no
2026-10-05T00:44:20.749946Z,KXETH15M-26OCT042045-45,0.9990,61.43,no
2026-10-05T00:44:21.580506Z,KXETH15M-26OCT042045-45,0.9990,21.61,no
2026-10-05T00:44:21.580506Z,KXETH15M-26OCT042045-45,0.9990,894.38,no
2026-10-05T00:44:21.796266Z,KXETH15M-26OCT042045-45,0.9990,915.99,no
2026-10-05T00:44:21.884207Z,KXETH15M-26OCT042045-45,0.9990,8.00,no
2026-10-05T00:44:23.95543Z,KXETH15M-26OCT042045-45,0.9990,9.20,no
2026-10-05T00:44:25.38166Z,KXETH15M-26OCT042045-45,0.9990,897.30,no
2026-10-05T00:44:30.560027Z,KXETH15M-26OCT042045-45,0.9990,904.00,no
2026-10-05T00:44:31.697123Z,KXETH15M-26OCT042045-45,0.9990,1831.90,no
2026-10-05T00:44:31.881917Z,KXETH15M-26OCT042045-45,0.9990,91.62,no
2026-10-05T00:44:38.959787Z,KXETH15M-26OCT042045-45,0.9990,90.00,no
2026-10-05T00:44:39.388349Z,KXETH15M-26OCT042045-45,0.9990,12297.30,no
2026-10-05T00:44:39.388349Z,KXETH15M-26OCT042045-45,0.9990,10.09,no
2026-10-05T00:44:39.388349Z,KXETH15M-26OCT042045-45,0.9990,160.00,no
2026-10-05T00:44:39.388349Z,KXETH15M-26OCT042045-45,0.9990,678.07,no
2026-10-05T00:44:39.388349Z,KXETH15M-26OCT042045-45,0.9990,2000.00,no
2026-10-05T00:44:39.388349Z,KXETH15M-26OCT042045-45,0.9990,3126.22,no
2026-10-05T00:44:39.388349Z,KXETH15M-26OCT042045-45,0.9990,47.35,no
2026-10-05T00:44:43.664744Z,KXETH15M-26OCT042045-45,0.9990,37.15,no
2026-10-05T00:44:47.84832Z,KXETH15M-26OCT042045-45,0.9990,3.62,no
2026-10-05T00:44:54.608386Z,KXETH15M-26OCT042045-45,0.9990,90.00,no
2026-10-05T00:41:12.373545Z,KXXRP15M-26OCT042045-45,0.9820,1.01,yes
2026-10-05T00:41:13.240664Z,KXXRP15M-26OCT042045-45,0.9820,6.00,yes
2026-10-05T00:41:13.240664Z,KXXRP15M-26OCT042045-45,0.9820,2.00,yes
2026-10-05T00:41:13.240664Z,KXXRP15M-26OCT042045-45,0.9820,2.00,yes
2026-10-05T00:41:13.240664Z,KXXRP15M-26OCT042045-45,0.9820,23.00,yes
2026-10-05T00:41:13.240664Z,KXXRP15M-26OCT042045-45,0.9820,0.37,yes
2026-10-05T00:41:13.778881Z,KXXRP15M-26OCT042045-45,0.9830,5.08,yes
2026-10-05T00:41:14.746325Z,KXXRP15M-26OCT042045-45,0.9820,4.91,no
2026-10-05T00:41:16.285178Z,KXXRP15M-26OCT042045-45,0.9840,48.00,no
2026-10-05T00:41:16.285178Z,KXXRP15M-26OCT042045-45,0.9830,2.00,no
2026-10-05T00:41:16.355586Z,KXXRP15M-26OCT042045-45,0.9820,28.00,no
2026-10-05T00:41:16.355586Z,KXXRP15M-26OCT042045-45,0.9830,16.00,no
2026-10-05T00:41:16.355586Z,KXXRP15M-26OCT042045-45,0.9830,23.00,no
2026-10-05T00:41:16.355586Z,KXXRP15M-26OCT042045-45,0.9820,35.97,no
2026-10-05T00:41:16.355586Z,KXXRP15M-26OCT042045-45,0.9820,0.03,no
2026-10-05T00:41:16.686475Z,KXXRP15M-26OCT042045-45,0.9840,5.57,yes
2026-10-05T00:41:20.119975Z,KXXRP15M-26OCT042045-45,0.9820,17.00,yes
2026-10-05T00:41:20.119975Z,KXXRP15M-26OCT042045-45,0.9820,33.00,yes
2026-10-05T00:41:20.167313Z,KXXRP15M-26OCT042045-45,0.9830,15.44,yes
2026-10-05T00:41:20.404904Z,KXXRP15M-26OCT042045-45,0.9820,0.98,no
2026-10-05T00:41:21.010472Z,KXXRP15M-26OCT042045-45,0.9820,18.43,no
2026-10-05T00:41:21.010472Z,KXXRP15M-26OCT042045-45,0.9820,22.02,no
2026-10-05T00:41:21.010472Z,KXXRP15M-26OCT042045-45,0.9830,8.00,no
2026-10-05T00:41:21.657424Z,KXXRP15M-26OCT042045-45,0.9830,10.00,yes
2026-10-05T00:41:22.081205Z,KXXRP15M-26OCT042045-45,0.9830,10.39,no
2026-10-05T00:41:23.465401Z,KXXRP15M-26OCT042045-45,0.9840,1.00,yes
2026-10-05T00:41:23.465401Z,KXXRP15M-26OCT042045-45,0.9840,0.01,yes
2026-10-05T00:41:23.721447Z,KXXRP15M-26OCT042045-45,0.9830,3.00,no
2026-10-05T00:41:23.721447Z,KXXRP15M-26OCT042045-45,0.9830,23.96,no
2026-10-05T00:41:23.768974Z,KXXRP15M-26OCT042045-45,0.9850,26.51,yes
2026-10-05T00:41:23.768974Z,KXXRP15M-26OCT042045-45,0.9840,9.00,yes
2026-10-05T00:41:23.768974Z,KXXRP15M-26OCT042045-45,0.9850,1.00,yes
2026-10-05T00:41:24.29789Z,KXXRP15M-26OCT042045-45,0.9840,4.40,no
2026-10-05T00:41:24.29789Z,KXXRP15M-26OCT042045-45,0.9850,0.10,no
2026-10-05T00:41:25.127638Z,KXXRP15M-26OCT042045-45,0.9870,10.00,yes
2026-10-05T00:41:25.14956Z,KXXRP15M-26OCT042045-45,0.9880,1.01,yes
2026-10-05T00:41:25.233337Z,KXXRP15M-26OCT042045-45,0.9870,51.13,no
2026-10-05T00:41:25.991401Z,KXXRP15M-26OCT042045-45,0.9860,10.00,no
2026-10-05T00:41:26.000675Z,KXXRP15M-26OCT042045-45,0.9880,45.00,yes
2026-10-05T00:41:26.029333Z,KXXRP15M-26OCT042045-45,0.9880,0.43,yes
2026-10-05T00:41:26.029333Z,KXXRP15M-26OCT042045-45,0.9880,1.00,yes
2026-10-05T00:41:26.029333Z,KXXRP15M-26OCT042045-45,0.9880,98.57,yes
2026-10-05T00:41:26.136629Z,KXXRP15M-26OCT042045-45,0.9860,5.00,no
2026-10-05T00:41:26.136629Z,KXXRP15M-26OCT042045-45,0.9860,5.99,no
2026-10-05T00:41:26.136629Z,KXXRP15M-26OCT042045-45,0.9860,1.01,no
2026-10-05T00:41:26.136629Z,KXXRP15M-26OCT042045-45,0.9860,18.00,no
2026-10-05T00:41:26.136629Z,KXXRP15M-26OCT042045-45,0.9870,40.00,no
2026-10-05T00:41:26.149887Z,KXXRP15M-26OCT042045-45,0.9880,6.43,yes
2026-10-05T00:41:26.149887Z,KXXRP15M-26OCT042045-45,0.9880,5.57,yes
2026-10-05T00:41:26.313301Z,KXXRP15M-26OCT042045-45,0.9890,7.00,yes
2026-10-05T00:41:26.369683Z,KXXRP15M-26OCT042045-45,0.9890,16.00,yes
2026-10-05T00:41:26.465602Z,KXXRP15M-26OCT042045-45,0.9890,15.00,yes
2026-10-05T00:41:27.007988Z,KXXRP15M-26OCT042045-45,0.9890,10.00,yes
2026-10-05T00:41:27.010927Z,KXXRP15M-26OCT042045-45,0.9890,10.00,yes
2026-10-05T00:41:27.272122Z,KXXRP15M-26OCT042045-45,0.9850,16.00,no
2026-10-05T00:41:27.272122Z,KXXRP15M-26OCT042045-45,0.9860,40.00,no
2026-10-05T00:41:27.272122Z,KXXRP15M-26OCT042045-45,0.9880,114.00,no
2026-10-05T00:41:27.272122Z,KXXRP15M-26OCT042045-45,0.9850,7.00,no
2026-10-05T00:41:27.272122Z,KXXRP15M-26OCT042045-45,0.9880,5.00,no
2026-10-05T00:41:27.272122Z,KXXRP15M-26OCT042045-45,0.9850,7.50,no
2026-10-05T00:41:27.272122Z,KXXRP15M-26OCT042045-45,0.9870,5.00,no
2026-10-05T00:41:27.272122Z,KXXRP15M-26OCT042045-45,0.9870,137.58,no
2026-10-05T00:41:27.272122Z,KXXRP15M-26OCT042045-45,0.9850,15.41,no
2026-10-05T00:41:27.272122Z,KXXRP15M-26OCT042045-45,0.9870,36.00,no
2026-10-05T00:41:27.272122Z,KXXRP15M-26OCT042045-45,0.9850,15.00,no
2026-10-05T00:41:27.585411Z,KXXRP15M-26OCT042045-45,0.9860,30.77,yes
2026-10-05T00:41:27.613882Z,KXXRP15M-26OCT042045-45,0.9860,14.00,yes
2026-10-05T00:41:27.635984Z,KXXRP15M-26OCT042045-45,0.9870,5.25,yes
2026-10-05T00:41:27.823087Z,KXXRP15M-26OCT042045-45,0.9870,5.75,yes
2026-10-05T00:41:27.823087Z,KXXRP15M-26OCT042045-45,0.9870,6.00,yes
2026-10-05T00:41:28.112873Z,KXXRP15M-26OCT042045-45,0.9890,5.00,yes
2026-10-05T00:41:28.269732Z,KXXRP15M-26OCT042045-45,0.9800,7.50,no
2026-10-05T00:41:28.269732Z,KXXRP15M-26OCT042045-45,0.9840,5.00,no
2026-10-05T00:41:28.269732Z,KXXRP15M-26OCT042045-45,0.9850,10.00,no
2026-10-05T00:41:28.269732Z,KXXRP15M-26OCT042045-45,0.9830,40.00,no
2026-10-05T00:41:28.269732Z,KXXRP15M-26OCT042045-45,0.9850,10.00,no
2026-10-05T00:41:28.269732Z,KXXRP15M-26OCT042045-45,0.9790,14.98,no
2026-10-05T00:41:28.269732Z,KXXRP15M-26OCT042045-45,0.9820,1.00,no
2026-10-05T00:41:28.269732Z,KXXRP15M-26OCT042045-45,0.9850,5.00,no
2026-10-05T00:41:28.269732Z,KXXRP15M-26OCT042045-45,0.9790,4.00,no
2026-10-05T00:41:28.269732Z,KXXRP15M-26OCT042045-45,0.9830,1.00,no
2026-10-05T00:41:28.269732Z,KXXRP15M-26OCT042045-45,0.9850,84.59,no
2026-10-05T00:41:28.269732Z,KXXRP15M-26OCT042045-45,0.9800,15.00,no
2026-10-05T00:41:28.269732Z,KXXRP15M-26OCT042045-45,0.9810,1.00,no
2026-10-05T00:41:28.269732Z,KXXRP15M-26OCT042045-45,0.9800,5.00,no
2026-10-05T00:41:28.269732Z,KXXRP15M-26OCT042045-45,0.9860,0.10,no
2026-10-05T00:41:28.269732Z,KXXRP15M-26OCT042045-45,0.9850,36.00,no
2026-10-05T00:41:28.269732Z,KXXRP15M-26OCT042045-45,0.9840,1.00,no
2026-10-05T00:41:28.269732Z,KXXRP15M-26OCT042045-45,0.9850,5.00,no
2026-10-05T00:41:28.269732Z,KXXRP15M-26OCT042045-45,0.9790,0.04,no
2026-10-05T00:41:28.269732Z,KXXRP15M-26OCT042045-45,0.9810,10.00,no
2026-10-05T00:41:28.269732Z,KXXRP15M-26OCT042045-45,0.9800,5.00,no
2026-10-05T00:41:28.663567Z,KXXRP15M-26OCT042045-45,0.9740,0.05,no
2026-10-05T00:41:28.663567Z,KXXRP15M-26OCT042045-45,0.9760,0.05,no
2026-10-05T00:41:28.663567Z,KXXRP15M-26OCT042045-45,0.9770,0.04,no
2026-10-05T00:41:28.663567Z,KXXRP15M-26OCT042045-45,0.9790,5.02,no
2026-10-05T00:41:28.663567Z,KXXRP15M-26OCT042045-45,0.9770,5.00,no
2026-10-05T00:41:28.663567Z,KXXRP15M-26OCT042045-45,0.9750,20.00,no
2026-10-05T00:41:28.663567Z,KXXRP15M-26OCT042045-45,0.9810,12.00,no
2026-10-05T00:41:28.663567Z,KXXRP15M-26OCT042045-45,0.9840,24.00,no
2026-10-05T00:41:28.663567Z,KXXRP15M-26OCT042045-45,0.9840,5.00,no
2026-10-05T00:41:28.663567Z,KXXRP15M-26OCT042045-45,0.9840,8.00,no
2026-10-05T00:41:28.663567Z,KXXRP15M-26OCT042045-45,0.9800,7.50,no
2026-10-05T00:41:28.663567Z,KXXRP15M-26OCT042045-45,0.9800,17.00,no
2026-10-05T00:41:28.663567Z,KXXRP15M-26OCT042045-45,0.9840,13.00,no
2026-10-05T00:41:28.663567Z,KXXRP15M-26OCT042045-45,0.9830,5.00,no
2026-10-05T00:41:28.663567Z,KXXRP15M-26OCT042045-45,0.9800,40.00,no
2026-10-05T00:41:28.663567Z,KXXRP15M-26OCT042045-45,0.9770,38.00,no
2026-10-05T00:41:28.663567Z,KXXRP15M-26OCT042045-45,0.9780,0.03,no
2026-10-05T00:41:28.663567Z,KXXRP15M-26OCT042045-45,0.9750,0.03,no
2026-10-05T00:41:28.663567Z,KXXRP15M-26OCT042045-45,0.9730,75.19,no
2026-10-05T00:41:28.663567Z,KXXRP15M-26OCT042045-45,0.9750,9.00,no
2026-10-05T00:41:28.663567Z,KXXRP15M-26OCT042045-45,0.9760,30.00,no
2026-10-05T00:41:28.663567Z,KXXRP15M-26OCT042045-45,0.9740,1.00,no
2026-10-05T00:41:28.731382Z,KXXRP15M-26OCT042045-45,0.9860,152.00,yes
2026-10-05T00:41:28.837614Z,KXXRP15M-26OCT042045-45,0.9870,6.00,yes
2026-10-05T00:41:28.837614Z,KXXRP15M-26OCT042045-45,0.9870,17.00,yes
2026-10-05T00:41:28.859236Z,KXXRP15M-26OCT042045-45,0.9880,6.00,yes
2026-10-05T00:41:28.859236Z,KXXRP15M-26OCT042045-45,0.9880,18.00,yes
2026-10-05T00:41:28.859236Z,KXXRP15M-26OCT042045-45,0.9890,6.00,yes
2026-10-05T00:41:28.992048Z,KXXRP15M-26OCT042045-45,0.9890,10.00,yes
2026-10-05T00:41:29.746038Z,KXXRP15M-26OCT042045-45,0.9890,3.00,yes
2026-10-05T00:41:29.922529Z,KXXRP15M-26OCT042045-45,0.9890,1.00,yes
2026-10-05T00:41:29.922529Z,KXXRP15M-26OCT042045-45,0.9890,10.00,yes
2026-10-05T00:41:29.922529Z,KXXRP15M-26OCT042045-45,0.9890,41.52,yes
2026-10-05T00:41:29.922529Z,KXXRP15M-26OCT042045-45,0.9890,20.00,yes
2026-10-05T00:41:29.922529Z,KXXRP15M-26OCT042045-45,0.9890,30.00,yes
2026-10-05T00:41:30.228271Z,KXXRP15M-26OCT042045-45,0.9880,8.00,yes
2026-10-05T00:41:30.228271Z,KXXRP15M-26OCT042045-45,0.9880,10.00,yes
2026-10-05T00:41:30.228271Z,KXXRP15M-26OCT042045-45,0.9880,6.00,yes
2026-10-05T00:41:30.424741Z,KXXRP15M-26OCT042045-45,0.9880,25.00,yes
2026-10-05T00:41:30.424741Z,KXXRP15M-26OCT042045-45,0.9880,1.43,yes
2026-10-05T00:41:30.538923Z,KXXRP15M-26OCT042045-45,0.9880,3.00,yes
2026-10-05T00:41:30.548847Z,KXXRP15M-26OCT042045-45,0.9880,1.57,yes
2026-10-05T00:41:30.548847Z,KXXRP15M-26OCT042045-45,0.9880,1.43,yes
2026-10-05T00:41:30.868107Z,KXXRP15M-26OCT042045-45,0.9800,82.76,no
2026-10-05T00:41:30.868107Z,KXXRP15M-26OCT042045-45,0.9870,25.00,no
2026-10-05T00:41:30.868107Z,KXXRP15M-26OCT042045-45,0.9840,1.00,no
2026-10-05T00:41:30.868107Z,KXXRP15M-26OCT042045-45,0.9830,5.00,no
2026-10-05T00:41:30.868107Z,KXXRP15M-26OCT042045-45,0.9810,20.00,no
2026-10-05T00:41:30.868107Z,KXXRP15M-26OCT042045-45,0.9820,5.00,no
2026-10-05T00:41:30.868107Z,KXXRP15M-26OCT042045-45,0.9830,34.00,no
2026-10-05T00:41:30.868107Z,KXXRP15M-26OCT042045-45,0.9850,1.00,no
2026-10-05T00:41:30.868107Z,KXXRP15M-26OCT042045-45,0.9870,51.00,no
2026-10-05T00:41:30.868107Z,KXXRP15M-26OCT042045-45,0.9850,30.00,no
2026-10-05T00:41:30.868107Z,KXXRP15M-26OCT042045-45,0.9850,3.00,no
2026-10-05T00:41:30.868107Z,KXXRP15M-26OCT042045-45,0.9850,10.00,no
2026-10-05T00:41:30.868107Z,KXXRP15M-26OCT042045-45,0.9810,15.00,no
2026-10-05T00:41:30.868107Z,KXXRP15M-26OCT042045-45,0.9800,0.04,no
2026-10-05T00:41:30.868107Z,KXXRP15M-26OCT042045-45,0.9810,12.00,no
2026-10-05T00:41:30.868107Z,KXXRP15M-26OCT042045-45,0.9800,7.50,no
2026-10-05T00:41:30.868107Z,KXXRP15M-26OCT042045-45,0.9850,6.00,no
2026-10-05T00:41:31.067971Z,KXXRP15M-26OCT042045-45,0.9870,12.88,yes
2026-10-05T00:41:31.883938Z,KXXRP15M-26OCT042045-45,0.9850,8.00,no
2026-10-05T00:41:31.883938Z,KXXRP15M-26OCT042045-45,0.9840,7.00,no
2026-10-05T00:41:31.883938Z,KXXRP15M-26OCT042045-45,0.9830,3.00,no
2026-10-05T00:41:31.883938Z,KXXRP15M-26OCT042045-45,0.9810,10.00,no
2026-10-05T00:41:31.883938Z,KXXRP15M-26OCT042045-45,0.9800,188.83,no
2026-10-05T00:41:31.883938Z,KXXRP15M-26OCT042045-45,0.9810,5.00,no
2026-10-05T00:41:31.883938Z,KXXRP15M-26OCT042045-45,0.9810,12.00,no
2026-10-05T00:41:31.883938Z,KXXRP15M-26OCT042045-45,0.9820,1.00,no
2026-10-05T00:41:32.123026Z,KXXRP15M-26OCT042045-45,0.9870,23.00,yes
2026-10-05T00:41:32.313881Z,KXXRP15M-26OCT042045-45,0.9880,0.50,yes
2026-10-05T00:41:32.638643Z,KXXRP15M-26OCT042045-45,0.9880,15.93,yes
2026-10-05T00:41:32.638643Z,KXXRP15M-26OCT042045-45,0.9880,3.00,yes
2026-10-05T00:41:32.638643Z,KXXRP15M-26OCT042045-45,0.9880,8.07,yes
2026-10-05T00:41:32.638643Z,KXXRP15M-26OCT042045-45,0.9880,1.57,yes
2026-10-05T00:41:32.638643Z,KXXRP15M-26OCT042045-45,0.9880,1.43,yes
2026-10-05T00:41:32.730454Z,KXXRP15M-26OCT042045-45,0.9880,12.00,yes
2026-10-05T00:41:32.730454Z,KXXRP15M-26OCT042045-45,0.9880,6.00,yes
2026-10-05T00:41:32.824039Z,KXXRP15M-26OCT042045-45,0.9890,9.52,yes
2026-10-05T00:41:32.834166Z,KXXRP15M-26OCT042045-45,0.9890,39.00,yes
2026-10-05T00:41:32.850396Z,KXXRP15M-26OCT042045-45,0.9890,10.00,yes
2026-10-05T00:41:32.850396Z,KXXRP15M-26OCT042045-45,0.9890,6.00,yes
2026-10-05T00:41:32.850396Z,KXXRP15M-26OCT042045-45,0.9900,113.00,yes
2026-10-05T00:41:32.850396Z,KXXRP15M-26OCT042045-45,0.9900,1.00,yes
2026-10-05T00:41:32.850396Z,KXXRP15M-26OCT042045-45,0.9890,2.00,yes
2026-10-05T00:41:32.850396Z,KXXRP15M-26OCT042045-45,0.9890,2.00,yes
2026-10-05T00:41:32.850396Z,KXXRP15M-26OCT042045-45,0.9890,1.00,yes
2026-10-05T00:41:32.850396Z,KXXRP15M-26OCT042045-45,0.9890,9.96,yes
2026-10-05T00:41:32.850396Z,KXXRP15M-26OCT042045-45,0.9900,19.04,yes
2026-10-05T00:41:32.850396Z,KXXRP15M-26OCT042045-45,0.9900,75.00,yes
2026-10-05T00:41:32.850396Z,KXXRP15M-26OCT042045-45,0.9890,91.00,yes
2026-10-05T00:41:32.850396Z,KXXRP15M-26OCT042045-45,0.9890,20.00,yes
2026-10-05T00:41:33.11104Z,KXXRP15M-26OCT042045-45,0.9900,10.00,yes
2026-10-05T00:41:33.318129Z,KXXRP15M-26OCT042045-45,0.9900,19.00,yes
2026-10-05T00:41:33.318267Z,KXXRP15M-26OCT042045-45,0.9900,41.00,yes
2026-10-05T00:41:33.62826Z,KXXRP15M-26OCT042045-45,0.9860,8.74,no
2026-10-05T00:41:34.253874Z,KXXRP15M-26OCT042045-45,0.9900,100.00,yes
2026-10-05T00:41:34.291274Z,KXXRP15M-26OCT042045-45,0.9900,3.14,yes
2026-10-05T00:41:34.324684Z,KXXRP15M-26OCT042045-45,0.9900,15.47,yes
2026-10-05T00:41:34.324684Z,KXXRP15M-26OCT042045-45,0.9900,68.41,yes
2026-10-05T00:41:34.324684Z,KXXRP15M-26OCT042045-45,0.9900,15.87,yes
2026-10-05T00:41:34.324684Z,KXXRP15M-26OCT042045-45,0.9900,207.82,yes
2026-10-05T00:41:34.324684Z,KXXRP15M-26OCT042045-45,0.9900,8.12,yes
2026-10-05T00:41:34.324684Z,KXXRP15M-26OCT042045-45,0.9900,7.29,yes
2026-10-05T00:41:34.324684Z,KXXRP15M-26OCT042045-45,0.9900,20.00,yes
2026-10-05T00:41:34.324684Z,KXXRP15M-26OCT042045-45,0.9900,7.02,yes
2026-10-05T00:41:34.410557Z,KXXRP15M-26OCT042045-45,0.9900,10.00,yes
2026-10-05T00:41:35.061466Z,KXXRP15M-26OCT042045-45,0.9890,19.00,no
2026-10-05T00:41:35.438479Z,KXXRP15M-26OCT042045-45,0.9890,13.00,yes
2026-10-05T00:41:35.438479Z,KXXRP15M-26OCT042045-45,0.9880,28.00,yes
2026-10-05T00:41:35.438479Z,KXXRP15M-26OCT042045-45,0.9890,6.00,yes
2026-10-05T00:41:35.438479Z,KXXRP15M-26OCT042045-45,0.9890,10.00,yes
2026-10-05T00:41:35.820804Z,KXXRP15M-26OCT042045-45,0.9890,43.00,no
2026-10-05T00:41:35.820804Z,KXXRP15M-26OCT042045-45,0.9880,20.15,no
2026-10-05T00:41:35.863952Z,KXXRP15M-26OCT042045-45,0.9890,6.00,yes
2026-10-05T00:41:35.863952Z,KXXRP15M-26OCT042045-45,0.9890,10.00,yes
2026-10-05T00:41:35.863952Z,KXXRP15M-26OCT042045-45,0.9890,12.00,yes
2026-10-05T00:41:35.874018Z,KXXRP15M-26OCT042045-45,0.9900,46.00,yes
2026-10-05T00:41:37.386619Z,KXXRP15M-26OCT042045-45,0.9890,85.02,no
2026-10-05T00:41:37.726199Z,KXXRP15M-26OCT042045-45,0.9900,5.00,yes
2026-10-05T00:41:37.726199Z,KXXRP15M-26OCT042045-45,0.9900,1.15,yes
2026-10-05T00:41:37.744673Z,KXXRP15M-26OCT042045-45,0.9900,55.00,yes
2026-10-05T00:41:37.824023Z,KXXRP15M-26OCT042045-45,0.9900,18.85,yes
2026-10-05T00:41:38.018726Z,KXXRP15M-26OCT042045-45,0.9910,5.00,yes
2026-10-05T00:41:38.018726Z,KXXRP15M-26OCT042045-45,0.9910,12.00,yes
2026-10-05T00:41:38.018726Z,KXXRP15M-26OCT042045-45,0.9910,18.00,yes
2026-10-05T00:41:38.018726Z,KXXRP15M-26OCT042045-45,0.9910,6.00,yes
2026-10-05T00:41:38.018726Z,KXXRP15M-26OCT042045-45,0.9910,10.00,yes
2026-10-05T00:41:38.29725Z,KXXRP15M-26OCT042045-45,0.9900,15.00,no
2026-10-05T00:41:38.454282Z,KXXRP15M-26OCT042045-45,0.9900,0.91,no
2026-10-05T00:41:39.14438Z,KXXRP15M-26OCT042045-45,0.9900,99.00,no
2026-10-05T00:41:40.076635Z,KXXRP15M-26OCT042045-45,0.9900,18.48,yes
2026-10-05T00:41:40.223233Z,KXXRP15M-26OCT042045-45,0.9900,31.00,yes
2026-10-05T00:41:40.511056Z,KXXRP15M-26OCT042045-45,0.9890,27.98,no
2026-10-05T00:41:40.511056Z,KXXRP15M-26OCT042045-45,0.9850,75.00,no
2026-10-05T00:41:40.511056Z,KXXRP15M-26OCT042045-45,0.9830,1.00,no
2026-10-05T00:41:40.511056Z,KXXRP15M-26OCT042045-45,0.9810,54.00,no
2026-10-05T00:41:40.511056Z,KXXRP15M-26OCT042045-45,0.9840,40.00,no
2026-10-05T00:41:40.511056Z,KXXRP15M-26OCT042045-45,0.9810,1.00,no
2026-10-05T00:41:40.511056Z,KXXRP15M-26OCT042045-45,0.9800,5.00,no
2026-10-05T00:41:40.511056Z,KXXRP15M-26OCT042045-45,0.9850,7.50,no
2026-10-05T00:41:40.511056Z,KXXRP15M-26OCT042045-45,0.9890,25.00,no
2026-10-05T00:41:40.511056Z,KXXRP15M-26OCT042045-45,0.9890,1.00,no
2026-10-05T00:41:40.511056Z,KXXRP15M-26OCT042045-45,0.9810,5.00,no
2026-10-05T00:41:40.511056Z,KXXRP15M-26OCT042045-45,0.9860,4.00,no
2026-10-05T00:41:40.511056Z,KXXRP15M-26OCT042045-45,0.9880,4.00,no
2026-10-05T00:41:40.511056Z,KXXRP15M-26OCT042045-45,0.9870,4.00,no
2026-10-05T00:41:40.511056Z,KXXRP15M-26OCT042045-45,0.9840,5.00,no
2026-10-05T00:41:40.511056Z,KXXRP15M-26OCT042045-45,0.9880,2.00,no
2026-10-05T00:41:40.511056Z,KXXRP15M-26OCT042045-45,0.9830,5.00,no
2026-10-05T00:41:40.511056Z,KXXRP15M-26OCT042045-45,0.9820,5.00,no
2026-10-05T00:41:40.511056Z,KXXRP15M-26OCT042045-45,0.9840,4.00,no
2026-10-05T00:41:40.511056Z,KXXRP15M-26OCT042045-45,0.9830,4.00,no
2026-10-05T00:41:40.511056Z,KXXRP15M-26OCT042045-45,0.9850,4.00,no
2026-10-05T00:41:40.511056Z,KXXRP15M-26OCT042045-45,0.9880,29.00,no
2026-10-05T00:41:40.511056Z,KXXRP15M-26OCT042045-45,0.9850,49.00,no
2026-10-05T00:41:40.511056Z,KXXRP15M-26OCT042045-45,0.9800,8.00,no
2026-10-05T00:41:40.511056Z,KXXRP15M-26OCT042045-45,0.9810,8.00,no
2026-10-05T00:41:40.511056Z,KXXRP15M-26OCT042045-45,0.9820,7.00,no
2026-10-05T00:41:40.511056Z,KXXRP15M-26OCT042045-45,0.9870,7.00,no
2026-10-05T00:41:40.511056Z,KXXRP15M-26OCT042045-45,0.9880,7.00,no
2026-10-05T00:41:40.511056Z,KXXRP15M-26OCT042045-45,0.9860,7.00,no
2026-10-05T00:41:40.511056Z,KXXRP15M-26OCT042045-45,0.9840,7.00,no
2026-10-05T00:41:40.511056Z,KXXRP15M-26OCT042045-45,0.9830,7.00,no
2026-10-05T00:41:40.511056Z,KXXRP15M-26OCT042045-45,0.9850,7.00,no
2026-10-05T00:41:40.511056Z,KXXRP15M-26OCT042045-45,0.9890,1.15,no
2026-10-05T00:41:40.511056Z,KXXRP15M-26OCT042045-45,0.9890,18.85,no
2026-10-05T00:41:40.511056Z,KXXRP15M-26OCT042045-45,0.9890,55.00,no
2026-10-05T00:41:40.511056Z,KXXRP15M-26OCT042045-45,0.9800,77.42,no
2026-10-05T00:41:40.511056Z,KXXRP15M-26OCT042045-45,0.9860,13.00,no
2026-10-05T00:41:40.63209Z,KXXRP15M-26OCT042045-45,0.9900,13.00,yes
2026-10-05T00:41:41.03273Z,KXXRP15M-26OCT042045-45,0.9800,140.38,no
2026-10-05T00:41:41.03273Z,KXXRP15M-26OCT042045-45,0.9880,40.00,no
2026-10-05T00:41:41.03273Z,KXXRP15M-26OCT042045-45,0.9840,48.00,no
2026-10-05T00:41:41.03273Z,KXXRP15M-26OCT042045-45,0.9820,5.00,no
2026-10-05T00:41:41.03273Z,KXXRP15M-26OCT042045-45,0.9810,10.00,no
2026-10-05T00:41:41.03273Z,KXXRP15M-26OCT042045-45,0.9850,13.00,no
2026-10-05T00:41:41.03273Z,KXXRP15M-26OCT042045-45,0.9810,5.00,no
2026-10-05T00:41:41.165145Z,KXXRP15M-26OCT042045-45,0.9880,39.00,yes
2026-10-05T00:41:41.165145Z,KXXRP15M-26OCT042045-45,0.9890,5.00,yes
2026-10-05T00:41:41.165145Z,KXXRP15M-26OCT042045-45,0.9890,105.00,yes
2026-10-05T00:41:41.165145Z,KXXRP15M-26OCT042045-45,0.9880,18.00,yes
2026-10-05T00:41:41.165145Z,KXXRP15M-26OCT042045-45,0.9880,6.00,yes
2026-10-05T00:41:41.175221Z,KXXRP15M-26OCT042045-45,0.9900,3.50,yes
2026-10-05T00:41:41.175221Z,KXXRP15M-26OCT042045-45,0.9900,5.00,yes
2026-10-05T00:41:41.175221Z,KXXRP15M-26OCT042045-45,0.9900,25.00,yes
2026-10-05T00:41:41.402257Z,KXXRP15M-26OCT042045-45,0.9870,7.00,no
2026-10-05T00:41:41.402257Z,KXXRP15M-26OCT042045-45,0.9900,52.00,no
2026-10-05T00:41:41.402257Z,KXXRP15M-26OCT042045-45,0.9860,2.00,no
2026-10-05T00:41:41.402257Z,KXXRP15M-26OCT042045-45,0.9880,8.00,no
2026-10-05T00:41:41.402257Z,KXXRP15M-26OCT042045-45,0.9830,12.00,no
2026-10-05T00:41:41.402257Z,KXXRP15M-26OCT042045-45,0.9890,12.00,no
2026-10-05T00:41:41.402257Z,KXXRP15M-26OCT042045-45,0.9820,0.58,no
2026-10-05T00:41:41.806714Z,KXXRP15M-26OCT042045-45,0.9860,31.98,no
2026-10-05T00:41:41.806714Z,KXXRP15M-26OCT042045-45,0.9870,1.00,no
2026-10-05T00:41:42.14952Z,KXXRP15M-26OCT042045-45,0.9890,57.00,yes
2026-10-05T00:41:44.477637Z,KXXRP15M-26OCT042045-45,0.9900,15.00,no
2026-10-05T00:41:44.477637Z,KXXRP15M-26OCT042045-45,0.9890,2.40,no
2026-10-05T00:41:45.310169Z,KXXRP15M-26OCT042045-45,0.9850,0.47,no
2026-10-05T00:41:45.310169Z,KXXRP15M-26OCT042045-45,0.9900,16.00,no
2026-10-05T00:41:45.310169Z,KXXRP15M-26OCT042045-45,0.9890,2.00,no
2026-10-05T00:41:45.310169Z,KXXRP15M-26OCT042045-45,0.9900,11.00,no
2026-10-05T00:41:45.310169Z,KXXRP15M-26OCT042045-45,0.9890,25.00,no
2026-10-05T00:41:45.310169Z,KXXRP15M-26OCT042045-45,0.9890,6.60,no
2026-10-05T00:41:45.310169Z,KXXRP15M-26OCT042045-45,0.9850,6.00,no
2026-10-05T00:41:45.418552Z,KXXRP15M-26OCT042045-45,0.9890,1.79,yes
2026-10-05T00:41:45.433571Z,KXXRP15M-26OCT042045-45,0.9890,21.42,yes
2026-10-05T00:41:45.696353Z,KXXRP15M-26OCT042045-45,0.9900,10.00,yes
2026-10-05T00:41:45.696353Z,KXXRP15M-26OCT042045-45,0.9900,6.00,yes
2026-10-05T00:41:45.696353Z,KXXRP15M-26OCT042045-45,0.9890,7.00,yes
2026-10-05T00:41:45.696353Z,KXXRP15M-26OCT042045-45,0.9890,12.79,yes
2026-10-05T00:41:45.696353Z,KXXRP15M-26OCT042045-45,0.9900,2.00,yes
2026-10-05T00:41:45.696353Z,KXXRP15M-26OCT042045-45,0.9900,7.21,yes
2026-10-05T00:41:45.741073Z,KXXRP15M-26OCT042045-45,0.9900,0.79,yes
2026-10-05T00:41:45.741073Z,KXXRP15M-26OCT042045-45,0.9900,28.00,yes
2026-10-05T00:41:45.741073Z,KXXRP15M-26OCT042045-45,0.9900,9.21,yes
2026-10-05T00:41:45.741073Z,KXXRP15M-26OCT042045-45,0.9900,6.00,yes
2026-10-05T00:41:45.917799Z,KXXRP15M-26OCT042045-45,0.9900,5.21,yes
2026-10-05T00:41:45.917799Z,KXXRP15M-26OCT042045-45,0.9900,0.79,yes
2026-10-05T00:41:45.924295Z,KXXRP15M-26OCT042045-45,0.9900,0.79,yes
2026-10-05T00:41:45.941138Z,KXXRP15M-26OCT042045-45,0.9910,24.74,yes
2026-10-05T00:41:46.740404Z,KXXRP15M-26OCT042045-45,0.9910,2.76,no
2026-10-05T00:41:46.779377Z,KXXRP15M-26OCT042045-45,0.9910,51.95,no
2026-10-05T00:41:46.866044Z,KXXRP15M-26OCT042045-45,0.9900,99.21,no
2026-10-05T00:41:46.866044Z,KXXRP15M-26OCT042045-45,0.9900,58.00,no
2026-10-05T00:41:46.866044Z,KXXRP15M-26OCT042045-45,0.9900,230.79,no
2026-10-05T00:41:46.95933Z,KXXRP15M-26OCT042045-45,0.9910,20.15,yes
2026-10-05T00:41:47.007028Z,KXXRP15M-26OCT042045-45,0.9910,20.00,yes
2026-10-05T00:41:47.029814Z,KXXRP15M-26OCT042045-45,0.9910,6.00,yes
2026-10-05T00:41:47.029814Z,KXXRP15M-26OCT042045-45,0.9910,21.00,yes
2026-10-05T00:41:47.029814Z,KXXRP15M-26OCT042045-45,0.9910,19.85,yes
2026-10-05T00:41:47.247128Z,KXXRP15M-26OCT042045-45,0.9900,0.50,no
2026-10-05T00:41:47.433522Z,KXXRP15M-26OCT042045-45,0.9910,14.74,no
2026-10-05T00:41:47.644249Z,KXXRP15M-26OCT042045-45,0.9910,5.00,yes
2026-10-05T00:41:47.644249Z,KXXRP15M-26OCT042045-45,0.9910,6.00,yes
2026-10-05T00:41:48.236385Z,KXXRP15M-26OCT042045-45,0.9910,10.13,yes
2026-10-05T00:41:48.466339Z,KXXRP15M-26OCT042045-45,0.9910,5.08,no
2026-10-05T00:41:48.480042Z,KXXRP15M-26OCT042045-45,0.9920,100.75,yes
2026-10-05T00:41:50.115683Z,KXXRP15M-26OCT042045-45,0.9910,10.39,no
2026-10-05T00:41:50.215742Z,KXXRP15M-26OCT042045-45,0.9910,1.04,no
2026-10-05T00:41:51.124838Z,KXXRP15M-26OCT042045-45,0.9880,44.02,no
2026-10-05T00:41:51.124838Z,KXXRP15M-26OCT042045-45,0.9900,74.00,no
2026-10-05T00:41:51.124838Z,KXXRP15M-26OCT042045-45,0.9910,22.00,no
2026-10-05T00:41:51.124838Z,KXXRP15M-26OCT042045-45,0.9910,28.49,no
2026-10-05T00:41:52.112235Z,KXXRP15M-26OCT042045-45,0.9920,1.21,yes
2026-10-05T00:41:52.293683Z,KXXRP15M-26OCT042045-45,0.9920,7.00,yes
2026-10-05T00:41:52.303107Z,KXXRP15M-26OCT042045-45,0.9920,3.00,yes
2026-10-05T00:41:52.50746Z,KXXRP15M-26OCT042045-45,0.9920,1.00,yes
2026-10-05T00:41:53.675916Z,KXXRP15M-26OCT042045-45,0.9900,36.59,no
2026-10-05T00:41:53.675916Z,KXXRP15M-26OCT042045-45,0.9910,11.00,no
2026-10-05T00:41:53.743889Z,KXXRP15M-26OCT042045-45,0.9910,36.00,yes
2026-10-05T00:41:53.965874Z,KXXRP15M-26OCT042045-45,0.9880,14.92,no
2026-10-05T00:41:53.965874Z,KXXRP15M-26OCT042045-45,0.9900,39.00,no
2026-10-05T00:41:53.965874Z,KXXRP15M-26OCT042045-45,0.9900,11.41,no
2026-10-05T00:41:54.061061Z,KXXRP15M-26OCT042045-45,0.9900,3.43,yes
2026-10-05T00:41:54.180111Z,KXXRP15M-26OCT042045-45,0.9900,24.00,yes
2026-10-05T00:41:56.617514Z,KXXRP15M-26OCT042045-45,0.9920,7.00,yes
2026-10-05T00:41:56.617514Z,KXXRP15M-26OCT042045-45,0.9920,6.00,yes
2026-10-05T00:41:56.630565Z,KXXRP15M-26OCT042045-45,0.9930,68.00,yes
2026-10-05T00:41:56.630565Z,KXXRP15M-26OCT042045-45,0.9920,7.00,yes
2026-10-05T00:41:57.118428Z,KXXRP15M-26OCT042045-45,0.9920,7.00,yes
2026-10-05T00:41:57.118428Z,KXXRP15M-26OCT042045-45,0.9920,10.00,yes
2026-10-05T00:41:57.248809Z,KXXRP15M-26OCT042045-45,0.9930,1.00,yes
2026-10-05T00:41:57.765096Z,KXXRP15M-26OCT042045-45,0.9930,339.75,yes
2026-10-05T00:41:57.765096Z,KXXRP15M-26OCT042045-45,0.9920,10.00,yes
2026-10-05T00:41:57.765096Z,KXXRP15M-26OCT042045-45,0.9920,7.00,yes
2026-10-05T00:41:57.765096Z,KXXRP15M-26OCT042045-45,0.9920,0.07,yes
2026-10-05T00:41:58.145215Z,KXXRP15M-26OCT042045-45,0.9930,19.25,yes
2026-10-05T00:41:58.145215Z,KXXRP15M-26OCT042045-45,0.9930,7.00,yes
2026-10-05T00:41:58.145215Z,KXXRP15M-26OCT042045-45,0.9930,10.00,yes
2026-10-05T00:41:58.145215Z,KXXRP15M-26OCT042045-45,0.9930,60.75,yes
2026-10-05T00:41:58.145215Z,KXXRP15M-26OCT042045-45,0.9930,8.00,yes
2026-10-05T00:41:58.318073Z,KXXRP15M-26OCT042045-45,0.9930,0.25,yes
2026-10-05T00:41:58.318073Z,KXXRP15M-26OCT042045-45,0.9930,5.75,yes
2026-10-05T00:41:58.318073Z,KXXRP15M-26OCT042045-45,0.9930,7.00,yes
2026-10-05T00:41:58.318073Z,KXXRP15M-26OCT042045-45,0.9930,19.00,yes
2026-10-05T00:41:58.845384Z,KXXRP15M-26OCT042045-45,0.9920,2.00,no
2026-10-05T00:41:59.745998Z,KXXRP15M-26OCT042045-45,0.9930,16.75,yes
2026-10-05T00:41:59.745998Z,KXXRP15M-26OCT042045-45,0.9930,4.25,yes
2026-10-05T00:41:59.745998Z,KXXRP15M-26OCT042045-45,0.9930,7.00,yes
2026-10-05T00:42:00.06901Z,KXXRP15M-26OCT042045-45,0.9930,7.00,yes
2026-10-05T00:42:00.06901Z,KXXRP15M-26OCT042045-45,0.9930,10.00,yes
2026-10-05T00:42:00.273393Z,KXXRP15M-26OCT042045-45,0.9910,17.27,no
2026-10-05T00:42:00.273393Z,KXXRP15M-26OCT042045-45,0.9910,1.00,no
2026-10-05T00:42:00.273393Z,KXXRP15M-26OCT042045-45,0.9910,83.23,no
2026-10-05T00:42:00.273393Z,KXXRP15M-26OCT042045-45,0.9920,19.00,no
2026-10-05T00:42:00.273393Z,KXXRP15M-26OCT042045-45,0.9910,25.00,no
2026-10-05T00:42:00.273393Z,KXXRP15M-26OCT042045-45,0.9920,34.00,no
2026-10-05T00:42:00.856743Z,KXXRP15M-26OCT042045-45,0.9920,6.31,no
2026-10-05T00:42:01.047534Z,KXXRP15M-26OCT042045-45,0.9940,399.00,yes
2026-10-05T00:42:01.047534Z,KXXRP15M-26OCT042045-45,0.9930,7.00,yes
2026-10-05T00:42:01.047534Z,KXXRP15M-26OCT042045-45,0.9930,10.00,yes
2026-10-05T00:42:01.047534Z,KXXRP15M-26OCT042045-45,0.9930,35.00,yes
2026-10-05T00:42:01.347684Z,KXXRP15M-26OCT042045-45,0.9940,5.00,yes
2026-10-05T00:42:01.351608Z,KXXRP15M-26OCT042045-45,0.9940,17.00,yes
2026-10-05T00:42:01.355622Z,KXXRP15M-26OCT042045-45,0.9940,11.00,yes
2026-10-05T00:42:01.386627Z,KXXRP15M-26OCT042045-45,0.9940,45.00,yes
2026-10-05T00:42:01.393139Z,KXXRP15M-26OCT042045-45,0.9940,11.00,yes
2026-10-05T00:42:01.400727Z,KXXRP15M-26OCT042045-45,0.9940,5.00,yes
2026-10-05T00:42:01.407787Z,KXXRP15M-26OCT042045-45,0.9940,5.00,yes
2026-10-05T00:42:01.411185Z,KXXRP15M-26OCT042045-45,0.9930,5.84,no
2026-10-05T00:42:02.91577Z,KXXRP15M-26OCT042045-45,0.9940,2.00,yes
2026-10-05T00:42:02.91577Z,KXXRP15M-26OCT042045-45,0.9940,1.00,yes
2026-10-05T00:42:03.00415Z,KXXRP15M-26OCT042045-45,0.9930,1.00,no
2026-10-05T00:42:03.00415Z,KXXRP15M-26OCT042045-45,0.9910,43.77,no
2026-10-05T00:42:03.00415Z,KXXRP15M-26OCT042045-45,0.9910,7.00,no
2026-10-05T00:42:03.00415Z,KXXRP15M-26OCT042045-45,0.9930,34.16,no
2026-10-05T00:42:03.00415Z,KXXRP15M-26OCT042045-45,0.9900,14.07,no
2026-10-05T00:42:03.275957Z,KXXRP15M-26OCT042045-45,0.9930,18.00,yes
2026-10-05T00:42:03.275957Z,KXXRP15M-26OCT042045-45,0.9930,10.00,yes
2026-10-05T00:42:03.275957Z,KXXRP15M-26OCT042045-45,0.9930,7.00,yes
2026-10-05T00:42:03.654249Z,KXXRP15M-26OCT042045-45,0.9930,1.00,no
2026-10-05T00:42:03.654249Z,KXXRP15M-26OCT042045-45,0.9920,28.22,no
2026-10-05T00:42:03.663044Z,KXXRP15M-26OCT042045-45,0.9210,373.28,no
2026-10-05T00:42:03.663044Z,KXXRP15M-26OCT042045-45,0.9110,15.00,no
2026-10-05T00:42:03.663044Z,KXXRP15M-26OCT042045-45,0.9320,15.00,no
2026-10-05T00:42:03.663044Z,KXXRP15M-26OCT042045-45,0.9450,400.00,no
2026-10-05T00:42:03.663044Z,KXXRP15M-26OCT042045-45,0.9570,2.00,no
2026-10-05T00:42:03.663044Z,KXXRP15M-26OCT042045-45,0.9510,2.00,no
2026-10-05T00:42:03.663044Z,KXXRP15M-26OCT042045-45,0.9610,10.00,no
2026-10-05T00:42:03.663044Z,KXXRP15M-26OCT042045-45,0.8800,162.00,no
2026-10-05T00:42:03.663044Z,KXXRP15M-26OCT042045-45,0.9600,60.00,no
2026-10-05T00:42:03.663044Z,KXXRP15M-26OCT042045-45,0.9540,1.00,no
2026-10-05T00:42:03.663044Z,KXXRP15M-26OCT042045-45,0.9650,60.00,no
2026-10-05T00:42:03.663044Z,KXXRP15M-26OCT042045-45,0.8900,2.00,no
2026-10-05T00:42:03.663044Z,KXXRP15M-26OCT042045-45,0.9730,211.81,no
2026-10-05T00:42:03.663044Z,KXXRP15M-26OCT042045-45,0.9720,7.47,no
2026-10-05T00:42:03.663044Z,KXXRP15M-26OCT042045-45,0.9670,1.00,no
2026-10-05T00:42:03.663044Z,KXXRP15M-26OCT042045-45,0.9400,1.00,no
2026-10-05T00:42:03.663044Z,KXXRP15M-26OCT042045-45,0.9500,1.00,no
2026-10-05T00:42:03.663044Z,KXXRP15M-26OCT042045-45,0.9100,1.00,no
2026-10-05T00:42:03.663044Z,KXXRP15M-26OCT042045-45,0.9000,1.00,no
2026-10-05T00:42:03.663044Z,KXXRP15M-26OCT042045-45,0.9600,1.00,no
2026-10-05T00:42:03.663044Z,KXXRP15M-26OCT042045-45,0.9470,1.00,no
2026-10-05T00:42:03.663044Z,KXXRP15M-26OCT042045-45,0.9700,1.00,no
2026-10-05T00:42:03.663044Z,KXXRP15M-26OCT042045-45,0.9650,1.00,no
2026-10-05T00:42:03.663044Z,KXXRP15M-26OCT042045-45,0.9540,1.00,no
2026-10-05T00:42:03.663044Z,KXXRP15M-26OCT042045-45,0.6900,102.77,no
2026-10-05T00:42:03.663044Z,KXXRP15M-26OCT042045-45,0.7700,15.00,no
2026-10-05T00:42:03.663044Z,KXXRP15M-26OCT042045-45,0.8100,27.45,no
2026-10-05T00:42:03.663044Z,KXXRP15M-26OCT042045-45,0.8000,15.00,no
2026-10-05T00:42:03.663044Z,KXXRP15M-26OCT042045-45,0.7200,400.00,no
2026-10-05T00:42:03.663044Z,KXXRP15M-26OCT042045-45,0.7500,400.00,no
2026-10-05T00:42:03.663044Z,KXXRP15M-26OCT042045-45,0.7100,15.00,no
2026-10-05T00:42:03.663044Z,KXXRP15M-26OCT042045-45,0.7800,400.00,no
2026-10-05T00:42:03.663044Z,KXXRP15M-26OCT042045-45,0.7400,15.00,no
2026-10-05T00:42:03.663044Z,KXXRP15M-26OCT042045-45,0.8600,15.00,no
2026-10-05T00:42:03.663044Z,KXXRP15M-26OCT042045-45,0.8200,2.00,no
2026-10-05T00:42:03.663044Z,KXXRP15M-26OCT042045-45,0.8700,391.75,no
2026-10-05T00:42:03.663044Z,KXXRP15M-26OCT042045-45,0.8300,15.00,no
2026-10-05T00:42:03.663044Z,KXXRP15M-26OCT042045-45,0.8600,221.08,no
2026-10-05T00:42:03.663044Z,KXXRP15M-26OCT042045-45,0.8400,400.00,no
2026-10-05T00:42:03.663044Z,KXXRP15M-26OCT042045-45,0.7200,63.34,no
2026-10-05T00:42:03.663044Z,KXXRP15M-26OCT042045-45,0.8900,15.00,no
2026-10-05T00:42:03.663044Z,KXXRP15M-26OCT042045-45,0.9000,283.28,no
2026-10-05T00:42:03.663044Z,KXXRP15M-26OCT042045-45,0.9760,100.00,no
2026-10-05T00:42:03.663044Z,KXXRP15M-26OCT042045-45,0.9700,19.00,no
2026-10-05T00:42:03.663044Z,KXXRP15M-26OCT042045-45,0.9600,261.21,no
2026-10-05T00:42:03.663044Z,KXXRP15M-26OCT042045-45,0.9720,8.49,no
2026-10-05T00:42:03.663044Z,KXXRP15M-26OCT042045-45,0.9720,8.49,no
2026-10-05T00:42:03.663044Z,KXXRP15M-26OCT042045-45,0.7100,45.00,no
2026-10-05T00:42:03.663044Z,KXXRP15M-26OCT042045-45,0.9720,8.49,no
2026-10-05T00:42:03.663044Z,KXXRP15M-26OCT042045-45,0.9830,0.10,no
2026-10-05T00:42:03.663044Z,KXXRP15M-26OCT042045-45,0.9800,400.00,no
2026-10-05T00:42:03.663044Z,KXXRP15M-26OCT042045-45,0.9730,8.48,no
2026-10-05T00:42:03.663044Z,KXXRP15M-26OCT042045-45,0.9800,5.00,no
2026-10-05T00:42:03.663044Z,KXXRP15M-26OCT042045-45,0.9700,1.00,no
2026-10-05T00:42:03.663044Z,KXXRP15M-26OCT042045-45,0.9780,1.00,no
2026-10-05T00:42:03.663044Z,KXXRP15M-26OCT042045-45,0.8300,1.00,no
2026-10-05T00:42:03.663044Z,KXXRP15M-26OCT042045-45,0.9720,1.00,no
2026-10-05T00:42:03.663044Z,KXXRP15M-26OCT042045-45,0.9790,1.00,no
2026-10-05T00:42:03.663044Z,KXXRP15M-26OCT042045-45,0.9760,1.00,no
2026-10-05T00:42:03.663044Z,KXXRP15M-26OCT042045-45,0.9740,1.00,no
2026-10-05T00:42:03.663044Z,KXXRP15M-26OCT042045-45,0.9860,40.00,no
2026-10-05T00:42:03.663044Z,KXXRP15M-26OCT042045-45,0.9700,4.36,no
2026-10-05T00:42:03.663044Z,KXXRP15M-26OCT042045-45,0.9700,4.79,no
2026-10-05T00:42:03.663044Z,KXXRP15M-26OCT042045-45,0.9760,1.00,no
2026-10-05T00:42:03.663044Z,KXXRP15M-26OCT042045-45,0.9740,1.00,no
2026-10-05T00:42:03.663044Z,KXXRP15M-26OCT042045-45,0.8100,1.00,no
2026-10-05T00:42:03.663044Z,KXXRP15M-26OCT042045-45,0.9730,1.00,no
2026-10-05T00:42:03.663044Z,KXXRP15M-26OCT042045-45,0.7300,1.00,no
2026-10-05T00:42:03.663044Z,KXXRP15M-26OCT042045-45,0.9750,1.00,no
2026-10-05T00:42:03.663044Z,KXXRP15M-26OCT042045-45,0.9780,1.00,no
2026-10-05T00:42:03.663044Z,KXXRP15M-26OCT042045-45,0.9700,2.00,no
2026-10-05T00:42:03.663044Z,KXXRP15M-26OCT042045-45,0.9790,1.00,no
2026-10-05T00:42:03.663044Z,KXXRP15M-26OCT042045-45,0.9720,1.00,no
2026-10-05T00:42:03.663044Z,KXXRP15M-26OCT042045-45,0.9770,1.00,no
2026-10-05T00:42:03.663044Z,KXXRP15M-26OCT042045-45,0.8900,1.00,no
2026-10-05T00:42:03.663044Z,KXXRP15M-26OCT042045-45,0.9730,8.48,no
2026-10-05T00:42:03.663044Z,KXXRP15M-26OCT042045-45,0.9100,0.01,no
2026-10-05T00:42:03.663044Z,KXXRP15M-26OCT042045-45,0.9800,5.00,no
2026-10-05T00:42:03.663044Z,KXXRP15M-26OCT042045-45,0.9590,40.00,no
2026-10-05T00:42:03.663044Z,KXXRP15M-26OCT042045-45,0.9870,5.00,no
2026-10-05T00:42:03.663044Z,KXXRP15M-26OCT042045-45,0.9900,64.00,no
2026-10-05T00:42:03.663044Z,KXXRP15M-26OCT042045-45,0.9700,2.00,no
2026-10-05T00:42:03.663044Z,KXXRP15M-26OCT042045-45,0.8100,1.00,no
2026-10-05T00:42:03.663044Z,KXXRP15M-26OCT042045-45,0.9850,7.50,no
2026-10-05T00:42:03.663044Z,KXXRP15M-26OCT042045-45,0.9850,11.00,no
2026-10-05T00:42:03.663044Z,KXXRP15M-26OCT042045-45,0.9830,12.00,no
2026-10-05T00:42:03.663044Z,KXXRP15M-26OCT042045-45,0.9840,11.00,no
2026-10-05T00:42:03.663044Z,KXXRP15M-26OCT042045-45,0.8500,1.00,no
2026-10-05T00:42:03.663044Z,KXXRP15M-26OCT042045-45,0.9870,11.00,no
2026-10-05T00:42:03.663044Z,KXXRP15M-26OCT042045-45,0.9820,12.00,no
2026-10-05T00:42:03.663044Z,KXXRP15M-26OCT042045-45,0.9900,100.00,no
2026-10-05T00:42:03.663044Z,KXXRP15M-26OCT042045-45,0.9600,20.00,no
2026-10-05T00:42:03.663044Z,KXXRP15M-26OCT042045-45,0.9700,1.00,no
2026-10-05T00:42:03.663044Z,KXXRP15M-26OCT042045-45,0.9790,10.00,no
2026-10-05T00:42:03.663044Z,KXXRP15M-26OCT042045-45,0.9910,99.00,no
2026-10-05T00:42:03.663044Z,KXXRP15M-26OCT042045-45,0.9690,40.00,no
2026-10-05T00:42:03.663044Z,KXXRP15M-26OCT042045-45,0.9300,1.00,no
2026-10-05T00:42:03.663044Z,KXXRP15M-26OCT042045-45,0.9790,15.00,no
2026-10-05T00:42:03.663044Z,KXXRP15M-26OCT042045-45,0.9590,10.00,no
2026-10-05T00:42:03.663044Z,KXXRP15M-26OCT042045-45,0.9860,11.00,no
2026-10-05T00:42:03.663044Z,KXXRP15M-26OCT042045-45,0.9920,70.78,no
2026-10-05T00:42:03.663044Z,KXXRP15M-26OCT042045-45,0.9670,0.15,no
2026-10-05T00:42:03.663044Z,KXXRP15M-26OCT042045-45,0.9590,25.00,no
2026-10-05T00:42:03.663044Z,KXXRP15M-26OCT042045-45,0.9500,1.00,no
2026-10-05T00:42:03.663044Z,KXXRP15M-26OCT042045-45,0.9100,1.00,no
2026-10-05T00:42:03.663044Z,KXXRP15M-26OCT042045-45,0.8900,1.00,no
2026-10-05T00:42:03.663044Z,KXXRP15M-26OCT042045-45,0.9810,12.00,no
2026-10-05T00:42:03.663044Z,KXXRP15M-26OCT042045-45,0.9690,45.00,no
2026-10-05T00:42:03.663044Z,KXXRP15M-26OCT042045-45,0.8700,50.00,no
2026-10-05T00:42:03.663044Z,KXXRP15M-26OCT042045-45,0.9590,25.00,no
2026-10-05T00:42:03.663044Z,KXXRP15M-26OCT042045-45,0.9790,19.00,no
2026-10-05T00:42:03.663044Z,KXXRP15M-26OCT042045-45,0.9790,35.00,no
2026-10-05T00:42:03.663044Z,KXXRP15M-26OCT042045-45,0.9740,8.47,no
2026-10-05T00:42:03.663044Z,KXXRP15M-26OCT042045-45,0.7900,1.00,no
2026-10-05T00:42:03.663044Z,KXXRP15M-26OCT042045-45,0.7300,1.00,no
2026-10-05T00:42:03.663044Z,KXXRP15M-26OCT042045-45,0.9850,8.00,no
2026-10-05T00:42:03.663044Z,KXXRP15M-26OCT042045-45,0.9790,40.00,no
2026-10-05T00:42:03.663044Z,KXXRP15M-26OCT042045-45,0.9190,25.00,no
2026-10-05T00:42:03.663044Z,KXXRP15M-26OCT042045-45,0.7500,1.00,no
2026-10-05T00:42:03.663044Z,KXXRP15M-26OCT042045-45,0.9840,9.00,no
2026-10-05T00:42:03.663044Z,KXXRP15M-26OCT042045-45,0.9590,75.00,no
2026-10-05T00:42:03.663044Z,KXXRP15M-26OCT042045-45,0.9700,1.00,no
2026-10-05T00:42:03.663044Z,KXXRP15M-26OCT042045-45,0.9810,9.00,no
2026-10-05T00:42:03.663044Z,KXXRP15M-26OCT042045-45,0.9690,60.00,no
2026-10-05T00:42:03.663044Z,KXXRP15M-26OCT042045-45,0.9690,40.00,no
2026-10-05T00:42:03.663044Z,KXXRP15M-26OCT042045-45,0.9830,9.00,no
2026-10-05T00:42:03.663044Z,KXXRP15M-26OCT042045-45,0.9790,55.00,no
2026-10-05T00:42:03.663044Z,KXXRP15M-26OCT042045-45,0.8500,1.00,no
2026-10-05T00:42:03.663044Z,KXXRP15M-26OCT042045-45,0.9900,128.00,no
2026-10-05T00:42:03.663044Z,KXXRP15M-26OCT042045-45,0.7700,1.00,no
2026-10-05T00:42:03.663044Z,KXXRP15M-26OCT042045-45,0.9860,8.00,no
2026-10-05T00:42:03.663044Z,KXXRP15M-26OCT042045-45,0.9790,40.00,no
2026-10-05T00:42:03.663044Z,KXXRP15M-26OCT042045-45,0.9250,10.00,no
2026-10-05T00:42:03.663044Z,KXXRP15M-26OCT042045-45,0.8700,1.00,no
2026-10-05T00:42:03.663044Z,KXXRP15M-26OCT042045-45,0.9390,5.00,no
2026-10-05T00:42:03.663044Z,KXXRP15M-26OCT042045-45,0.9790,40.00,no
2026-10-05T00:42:03.663044Z,KXXRP15M-26OCT042045-45,0.9690,25.00,no
2026-10-05T00:42:03.663044Z,KXXRP15M-26OCT042045-45,0.9820,9.00,no
2026-10-05T00:42:03.663044Z,KXXRP15M-26OCT042045-45,0.9690,5.00,no
2026-10-05T00:42:03.663044Z,KXXRP15M-26OCT042045-45,0.9100,1.00,no
2026-10-05T00:42:03.663044Z,KXXRP15M-26OCT042045-45,0.9870,8.00,no
2026-10-05T00:42:03.663044Z,KXXRP15M-26OCT042045-45,0.9300,1.00,no
2026-10-05T00:42:03.663044Z,KXXRP15M-26OCT042045-45,0.9790,45.00,no
2026-10-05T00:42:03.663044Z,KXXRP15M-26OCT042045-45,0.9790,55.00,no
2026-10-05T00:42:03.663044Z,KXXRP15M-26OCT042045-45,0.9600,5.00,no
2026-10-05T00:42:03.663044Z,KXXRP15M-26OCT042045-45,0.9790,30.00,no
2026-10-05T00:42:03.663044Z,KXXRP15M-26OCT042045-45,0.9790,40.00,no
2026-10-05T00:42:03.663044Z,KXXRP15M-26OCT042045-45,0.9790,40.00,no
2026-10-05T00:42:03.663044Z,KXXRP15M-26OCT042045-45,0.9490,5.00,no
2026-10-05T00:42:03.663044Z,KXXRP15M-26OCT042045-45,0.9790,40.00,no
2026-10-05T00:42:03.663044Z,KXXRP15M-26OCT042045-45,0.9500,1.00,no
2026-10-05T00:42:03.663044Z,KXXRP15M-26OCT042045-45,0.9690,50.00,no
2026-10-05T00:42:03.663044Z,KXXRP15M-26OCT042045-45,0.8300,1.00,no
2026-10-05T00:42:03.663044Z,KXXRP15M-26OCT042045-45,0.9690,5.00,no
2026-10-05T00:42:03.663044Z,KXXRP15M-26OCT042045-45,0.9590,40.00,no
2026-10-05T00:42:03.663044Z,KXXRP15M-26OCT042045-45,0.9690,5.00,no
2026-10-05T00:42:03.663044Z,KXXRP15M-26OCT042045-45,0.9880,8.00,no
2026-10-05T00:42:03.663044Z,KXXRP15M-26OCT042045-45,0.9790,40.00,no
2026-10-05T00:42:03.663044Z,KXXRP15M-26OCT042045-45,0.9690,45.00,no
2026-10-05T00:42:03.663044Z,KXXRP15M-26OCT042045-45,0.9590,6.00,no
2026-10-05T00:42:03.663044Z,KXXRP15M-26OCT042045-45,0.9790,40.00,no
2026-10-05T00:42:03.663044Z,KXXRP15M-26OCT042045-45,0.9900,500.00,no
2026-10-05T00:42:03.663044Z,KXXRP15M-26OCT042045-45,0.9590,25.00,no
2026-10-05T00:42:03.663044Z,KXXRP15M-26OCT042045-45,0.9790,75.00,no
2026-10-05T00:42:03.663044Z,KXXRP15M-26OCT042045-45,0.9800,15.00,no
2026-10-05T00:42:03.663044Z,KXXRP15M-26OCT042045-45,0.9690,25.00,no
2026-10-05T00:42:03.663044Z,KXXRP15M-26OCT042045-45,0.9800,350.00,no
2026-10-05T00:42:03.663044Z,KXXRP15M-26OCT042045-45,0.9690,5.00,no
2026-10-05T00:42:03.663044Z,KXXRP15M-26OCT042045-45,0.8200,18.00,no
2026-10-05T00:42:03.663044Z,KXXRP15M-26OCT042045-45,0.9750,70.00,no
2026-10-05T00:42:03.663044Z,KXXRP15M-26OCT042045-45,0.9790,45.00,no
2026-10-05T00:42:03.663044Z,KXXRP15M-26OCT042045-45,0.9590,40.00,no
2026-10-05T00:42:03.663044Z,KXXRP15M-26OCT042045-45,0.9690,60.00,no
2026-10-05T00:42:03.663044Z,KXXRP15M-26OCT042045-45,0.9000,4.00,no
2026-10-05T00:42:03.663044Z,KXXRP15M-26OCT042045-45,0.9290,25.00,no
2026-10-05T00:42:03.663044Z,KXXRP15M-26OCT042045-45,0.9840,1.00,no
2026-10-05T00:42:03.663044Z,KXXRP15M-26OCT042045-45,0.9860,1.00,no
2026-10-05T00:42:03.663044Z,KXXRP15M-26OCT042045-45,0.9250,15.00,no
2026-10-05T00:42:03.663044Z,KXXRP15M-26OCT042045-45,0.9880,5.00,no
2026-10-05T00:42:03.663044Z,KXXRP15M-26OCT042045-45,0.9690,40.00,no
2026-10-05T00:42:03.663044Z,KXXRP15M-26OCT042045-45,0.8200,18.00,no
2026-10-05T00:42:03.663044Z,KXXRP15M-26OCT042045-45,0.9700,1.00,no
2026-10-05T00:42:03.663044Z,KXXRP15M-26OCT042045-45,0.9790,55.00,no
2026-10-05T00:42:03.663044Z,KXXRP15M-26OCT042045-45,0.9750,200.00,no
2026-10-05T00:42:03.663044Z,KXXRP15M-26OCT042045-45,0.9690,60.00,no
2026-10-05T00:42:03.663044Z,KXXRP15M-26OCT042045-45,0.9590,60.00,no
2026-10-05T00:42:03.663044Z,KXXRP15M-26OCT042045-45,0.9790,6.00,no
2026-10-05T00:42:03.663044Z,KXXRP15M-26OCT042045-45,0.9290,40.00,no
2026-10-05T00:42:03.663044Z,KXXRP15M-26OCT042045-45,0.9820,1.00,no
2026-10-05T00:42:03.663044Z,KXXRP15M-26OCT042045-45,0.8400,17.00,no
2026-10-05T00:42:03.663044Z,KXXRP15M-26OCT042045-45,0.9590,60.00,no
2026-10-05T00:42:03.663044Z,KXXRP15M-26OCT042045-45,0.9880,1.00,no
2026-10-05T00:42:03.663044Z,KXXRP15M-26OCT042045-45,0.9250,200.00,no
2026-10-05T00:42:03.663044Z,KXXRP15M-26OCT042045-45,0.9500,5.00,no
2026-10-05T00:42:03.663044Z,KXXRP15M-26OCT042045-45,0.9690,75.00,no
2026-10-05T00:42:03.663044Z,KXXRP15M-26OCT042045-45,0.9900,7.00,no
2026-10-05T00:42:03.663044Z,KXXRP15M-26OCT042045-45,0.9500,45.00,no
2026-10-05T00:42:03.663044Z,KXXRP15M-26OCT042045-45,0.9190,20.00,no
2026-10-05T00:42:03.663044Z,KXXRP15M-26OCT042045-45,0.9690,40.00,no
2026-10-05T00:42:03.663044Z,KXXRP15M-26OCT042045-45,0.9790,30.00,no
2026-10-05T00:42:03.663044Z,KXXRP15M-26OCT042045-45,0.9790,10.00,no
2026-10-05T00:42:03.663044Z,KXXRP15M-26OCT042045-45,0.9900,60.00,no
2026-10-05T00:42:03.663044Z,KXXRP15M-26OCT042045-45,0.9690,19.00,no
2026-10-05T00:42:03.663044Z,KXXRP15M-26OCT042045-45,0.9790,60.00,no
2026-10-05T00:42:03.663044Z,KXXRP15M-26OCT042045-45,0.9690,120.00,no
2026-10-05T00:42:03.663044Z,KXXRP15M-26OCT042045-45,0.9740,8.47,no
2026-10-05T00:42:03.663044Z,KXXRP15M-26OCT042045-45,0.9500,1.00,no
2026-10-05T00:42:03.663044Z,KXXRP15M-26OCT042045-45,0.9690,20.00,no
2026-10-05T00:42:03.663044Z,KXXRP15M-26OCT042045-45,0.9740,8.47,no
2026-10-05T00:42:03.663044Z,KXXRP15M-26OCT042045-45,0.9700,0.11,no
2026-10-05T00:42:03.663044Z,KXXRP15M-26OCT042045-45,0.9880,1.00,no
2026-10-05T00:42:03.663044Z,KXXRP15M-26OCT042045-45,0.9880,1.00,no
2026-10-05T00:42:03.663044Z,KXXRP15M-26OCT042045-45,0.9720,8.49,no
2026-10-05T00:42:03.663044Z,KXXRP15M-26OCT042045-45,0.9710,0.10,no
2026-10-05T00:42:03.663044Z,KXXRP15M-26OCT042045-45,0.9200,5.00,no
2026-10-05T00:42:03.663044Z,KXXRP15M-26OCT042045-45,0.9740,8.47,no
2026-10-05T00:42:03.663044Z,KXXRP15M-26OCT042045-45,0.9680,0.13,no
2026-10-05T00:42:03.663044Z,KXXRP15M-26OCT042045-45,0.9870,5.00,no
2026-10-05T00:42:03.663044Z,KXXRP15M-26OCT042045-45,0.9810,12.00,no
2026-10-05T00:42:03.663044Z,KXXRP15M-26OCT042045-45,0.9730,8.48,no
2026-10-05T00:42:03.663044Z,KXXRP15M-26OCT042045-45,0.8700,1.00,no
2026-10-05T00:42:03.663044Z,KXXRP15M-26OCT042045-45,0.9870,1.00,no
2026-10-05T00:42:03.663044Z,KXXRP15M-26OCT042045-45,0.9820,2.00,no
2026-10-05T00:42:03.663044Z,KXXRP15M-26OCT042045-45,0.7500,1.00,no
2026-10-05T00:42:03.663044Z,KXXRP15M-26OCT042045-45,0.9900,25.00,no
2026-10-05T00:42:03.663044Z,KXXRP15M-26OCT042045-45,0.9830,2.00,no
2026-10-05T00:42:03.663044Z,KXXRP15M-26OCT042045-45,0.9850,2.00,no
2026-10-05T00:42:03.663044Z,KXXRP15M-26OCT042045-45,0.9840,2.00,no
2026-10-05T00:42:03.663044Z,KXXRP15M-26OCT042045-45,0.9880,1.00,no
2026-10-05T00:42:03.663044Z,KXXRP15M-26OCT042045-45,0.9890,8.00,no
2026-10-05T00:42:03.663044Z,KXXRP15M-26OCT042045-45,0.9700,1.00,no
2026-10-05T00:42:03.663044Z,KXXRP15M-26OCT042045-45,0.9810,2.00,no
2026-10-05T00:42:03.663044Z,KXXRP15M-26OCT042045-45,0.9860,2.00,no
2026-10-05T00:42:03.663044Z,KXXRP15M-26OCT042045-45,0.9900,85.93,no
2026-10-05T00:42:03.663044Z,KXXRP15M-26OCT042045-45,0.9690,0.12,no
2026-10-05T00:42:03.663044Z,KXXRP15M-26OCT042045-45,0.9730,8.48,no
2026-10-05T00:42:03.663044Z,KXXRP15M-26OCT042045-45,0.9840,3.00,no
2026-10-05T00:42:03.663044Z,KXXRP15M-26OCT042045-45,0.7100,1.00,no
2026-10-05T00:42:03.663044Z,KXXRP15M-26OCT042045-45,0.9860,3.00,no
2026-10-05T00:42:03.663044Z,KXXRP15M-26OCT042045-45,0.7700,1.00,no
2026-10-05T00:42:03.663044Z,KXXRP15M-26OCT042045-45,0.9850,3.00,no
2026-10-05T00:42:03.663044Z,KXXRP15M-26OCT042045-45,0.9700,1.00,no
2026-10-05T00:42:03.663044Z,KXXRP15M-26OCT042045-45,0.9830,3.00,no
2026-10-05T00:42:03.663044Z,KXXRP15M-26OCT042045-45,0.9100,1.00,no
2026-10-05T00:42:03.663044Z,KXXRP15M-26OCT042045-45,0.9120,0.01,no
2026-10-05T00:42:03.663044Z,KXXRP15M-26OCT042045-45,0.8500,1.00,no
2026-10-05T00:42:03.663044Z,KXXRP15M-26OCT042045-45,0.9870,3.00,no
2026-10-05T00:42:03.663044Z,KXXRP15M-26OCT042045-45,0.9810,3.00,no
2026-10-05T00:42:03.663044Z,KXXRP15M-26OCT042045-45,0.9820,3.00,no
2026-10-05T00:42:03.663044Z,KXXRP15M-26OCT042045-45,0.9800,23.82,no
2026-10-05T00:42:03.663044Z,KXXRP15M-26OCT042045-45,0.9730,0.10,no
2026-10-05T00:42:03.663044Z,KXXRP15M-26OCT042045-45,0.9740,0.09,no
2026-10-05T00:42:03.663044Z,KXXRP15M-26OCT042045-45,0.9720,0.10,no
2026-10-05T00:42:03.663044Z,KXXRP15M-26OCT042045-45,0.9750,0.08,no
2026-10-05T00:42:03.663044Z,KXXRP15M-26OCT042045-45,0.8500,10.00,no
2026-10-05T00:42:03.699833Z,KXXRP15M-26OCT042045-45,0.9730,8.48,no
2026-10-05T00:42:03.699833Z,KXXRP15M-26OCT042045-45,0.9740,8.47,no
2026-10-05T00:42:03.699833Z,KXXRP15M-26OCT042045-45,0.9730,8.48,no
2026-10-05T00:42:03.699833Z,KXXRP15M-26OCT042045-45,0.9740,8.47,no
2026-10-05T00:42:03.699833Z,KXXRP15M-26OCT042045-45,0.9680,5.00,no
2026-10-05T00:42:03.699833Z,KXXRP15M-26OCT042045-45,0.9740,8.47,no
2026-10-05T00:42:03.699833Z,KXXRP15M-26OCT042045-45,0.9730,8.48,no
2026-10-05T00:42:03.699833Z,KXXRP15M-26OCT042045-45,0.9740,8.47,no
2026-10-05T00:42:03.699833Z,KXXRP15M-26OCT042045-45,0.9730,8.48,no
2026-10-05T00:42:03.699833Z,KXXRP15M-26OCT042045-45,0.9730,8.48,no
2026-10-05T00:42:03.699833Z,KXXRP15M-26OCT042045-45,0.9670,327.72,no
2026-10-05T00:42:03.701402Z,KXXRP15M-26OCT042045-45,0.9670,42.38,no
2026-10-05T00:42:03.705757Z,KXXRP15M-26OCT042045-45,0.9880,1.00,no
2026-10-05T00:42:03.705757Z,KXXRP15M-26OCT042045-45,0.9750,5.00,no
2026-10-05T00:42:03.705757Z,KXXRP15M-26OCT042045-45,0.9850,5.00,no
2026-10-05T00:42:03.705757Z,KXXRP15M-26OCT042045-45,0.9670,26.38,no
2026-10-05T00:42:03.705757Z,KXXRP15M-26OCT042045-45,0.9860,5.00,no
2026-10-05T00:42:03.705791Z,KXXRP15M-26OCT042045-45,0.9670,12.52,no
2026-10-05T00:42:03.712817Z,KXXRP15M-26OCT042045-45,0.9750,12.52,no
2026-10-05T00:42:03.712971Z,KXXRP15M-26OCT042045-45,0.9750,200.48,no
2026-10-05T00:42:03.719571Z,KXXRP15M-26OCT042045-45,0.9760,10.00,no
2026-10-05T00:42:03.722802Z,KXXRP15M-26OCT042045-45,0.9680,1.00,no
2026-10-05T00:42:03.722802Z,KXXRP15M-26OCT042045-45,0.9830,5.00,no
2026-10-05T00:42:03.722802Z,KXXRP15M-26OCT042045-45,0.9840,5.00,no
2026-10-05T00:42:03.733438Z,KXXRP15M-26OCT042045-45,0.9610,5.00,yes
2026-10-05T00:42:03.739195Z,KXXRP15M-26OCT042045-45,0.9610,10.22,yes
2026-10-05T00:42:03.743316Z,KXXRP15M-26OCT042045-45,0.9610,311.00,yes
2026-10-05T00:42:03.81668Z,KXXRP15M-26OCT042045-45,0.9610,54.00,yes
2026-10-05T00:42:03.824045Z,KXXRP15M-26OCT042045-45,0.9610,19.78,yes
2026-10-05T00:42:03.824869Z,KXXRP15M-26OCT042045-45,0.9870,7.00,yes
2026-10-05T00:42:03.824869Z,KXXRP15M-26OCT042045-45,0.9870,6.00,yes
2026-10-05T00:42:03.831504Z,KXXRP15M-26OCT042045-45,0.9610,25.00,yes
2026-10-05T00:42:03.831758Z,KXXRP15M-26OCT042045-45,0.9610,35.00,yes
2026-10-05T00:42:03.833324Z,KXXRP15M-26OCT042045-45,0.9610,19.00,yes
2026-10-05T00:42:03.844668Z,KXXRP15M-26OCT042045-45,0.9610,83.00,yes
2026-10-05T00:42:03.85339Z,KXXRP15M-26OCT042045-45,0.9610,55.00,yes
2026-10-05T00:42:03.863077Z,KXXRP15M-26OCT042045-45,0.9610,37.00,yes
2026-10-05T00:42:03.871394Z,KXXRP15M-26OCT042045-45,0.9610,25.00,yes
2026-10-05T00:42:03.875117Z,KXXRP15M-26OCT042045-45,0.9610,100.00,yes
2026-10-05T00:42:03.882172Z,KXXRP15M-26OCT042045-45,0.9610,3.00,yes
2026-10-05T00:42:03.939614Z,KXXRP15M-26OCT042045-45,0.9610,2.00,yes
2026-10-05T00:42:04.014396Z,KXXRP15M-26OCT042045-45,0.9850,40.00,yes
2026-10-05T00:42:04.014396Z,KXXRP15M-26OCT042045-45,0.9610,16.00,yes
2026-10-05T00:42:04.014396Z,KXXRP15M-26OCT042045-45,0.9900,5.00,yes
2026-10-05T00:42:04.014396Z,KXXRP15M-26OCT042045-45,0.9840,6.00,yes
2026-10-05T00:42:04.077765Z,KXXRP15M-26OCT042045-45,0.9640,350.00,yes
2026-10-05T00:42:04.105719Z,KXXRP15M-26OCT042045-45,0.9640,1.00,yes
2026-10-05T00:42:04.120248Z,KXXRP15M-26OCT042045-45,0.9640,49.00,yes
2026-10-05T00:42:04.209037Z,KXXRP15M-26OCT042045-45,0.9720,1.00,yes
2026-10-05T00:42:04.210637Z,KXXRP15M-26OCT042045-45,0.9720,399.00,yes
2026-10-05T00:42:04.210637Z,KXXRP15M-26OCT042045-45,0.9890,1.00,yes
2026-10-05T00:42:04.285282Z,KXXRP15M-26OCT042045-45,0.9830,0.91,no
2026-10-05T00:42:04.304169Z,KXXRP15M-26OCT042045-45,0.9890,3.00,yes
2026-10-05T00:42:04.467329Z,KXXRP15M-26OCT042045-45,0.9830,5.00,no
2026-10-05T00:42:04.476572Z,KXXRP15M-26OCT042045-45,0.9830,5.00,no
2026-10-05T00:42:04.493699Z,KXXRP15M-26OCT042045-45,0.9900,6.00,yes
2026-10-05T00:42:04.493699Z,KXXRP15M-26OCT042045-45,0.9900,7.50,yes
2026-10-05T00:42:04.694205Z,KXXRP15M-26OCT042045-45,0.9900,6.00,yes
2026-10-05T00:42:04.694205Z,KXXRP15M-26OCT042045-45,0.9900,10.00,yes
2026-10-05T00:42:04.694205Z,KXXRP15M-26OCT042045-45,0.9900,190.55,yes
2026-10-05T00:42:04.694205Z,KXXRP15M-26OCT042045-45,0.9900,7.50,yes
2026-10-05T00:42:05.072551Z,KXXRP15M-26OCT042045-45,0.9850,5.00,no
2026-10-05T00:42:05.072551Z,KXXRP15M-26OCT042045-45,0.9860,2.00,no
2026-10-05T00:42:05.072551Z,KXXRP15M-26OCT042045-45,0.9820,5.00,no
2026-10-05T00:42:05.072551Z,KXXRP15M-26OCT042045-45,0.9790,4.00,no
2026-10-05T00:42:05.072551Z,KXXRP15M-26OCT042045-45,0.9810,5.00,no
2026-10-05T00:42:05.072551Z,KXXRP15M-26OCT042045-45,0.9840,1.00,no
2026-10-05T00:42:05.072551Z,KXXRP15M-26OCT042045-45,0.9820,3.00,no
2026-10-05T00:42:05.189925Z,KXXRP15M-26OCT042045-45,0.9870,26.00,yes
2026-10-05T00:42:05.393618Z,KXXRP15M-26OCT042045-45,0.9850,10.00,yes
2026-10-05T00:42:05.492111Z,KXXRP15M-26OCT042045-45,0.9850,1.00,yes
2026-10-05T00:42:05.68912Z,KXXRP15M-26OCT042045-45,0.9850,24.00,yes
2026-10-05T00:42:05.748678Z,KXXRP15M-26OCT042045-45,0.9850,1.00,yes
2026-10-05T00:42:05.891486Z,KXXRP15M-26OCT042045-45,0.9850,7.00,yes
2026-10-05T00:42:06.092134Z,KXXRP15M-26OCT042045-45,0.9850,24.00,yes
2026-10-05T00:42:06.206046Z,KXXRP15M-26OCT042045-45,0.9850,1.00,yes
2026-10-05T00:42:06.225668Z,KXXRP15M-26OCT042045-45,0.9890,10.00,yes
2026-10-05T00:42:06.225668Z,KXXRP15M-26OCT042045-45,0.9880,39.68,yes
2026-10-05T00:42:06.225668Z,KXXRP15M-26OCT042045-45,0.9890,6.00,yes
2026-10-05T00:42:06.225668Z,KXXRP15M-26OCT042045-45,0.9870,60.00,yes
2026-10-05T00:42:06.225668Z,KXXRP15M-26OCT042045-45,0.9850,137.00,yes
2026-10-05T00:42:06.225668Z,KXXRP15M-26OCT042045-45,0.9900,4.66,yes
2026-10-05T00:42:06.225668Z,KXXRP15M-26OCT042045-45,0.9890,5.00,yes
2026-10-05T00:42:06.291692Z,KXXRP15M-26OCT042045-45,0.9900,1.00,yes
2026-10-05T00:42:07.065252Z,KXXRP15M-26OCT042045-45,0.9890,6.00,yes
2026-10-05T00:42:07.282443Z,KXXRP15M-26OCT042045-45,0.9900,4.00,yes
2026-10-05T00:42:07.282443Z,KXXRP15M-26OCT042045-45,0.9900,3.24,yes
2026-10-05T00:42:08.391007Z,KXXRP15M-26OCT042045-45,0.9850,5.00,no
2026-10-05T00:42:08.499653Z,KXXRP15M-26OCT042045-45,0.9850,5.00,no
2026-10-05T00:42:08.509671Z,KXXRP15M-26OCT042045-45,0.9850,5.00,no
2026-10-05T00:42:08.519684Z,KXXRP15M-26OCT042045-45,0.9850,5.00,no
2026-10-05T00:42:08.565366Z,KXXRP15M-26OCT042045-45,0.9910,5.08,yes
2026-10-05T00:42:08.565366Z,KXXRP15M-26OCT042045-45,0.9910,5.00,yes
2026-10-05T00:42:08.666555Z,KXXRP15M-26OCT042045-45,0.9850,3.00,no
2026-10-05T00:42:08.71212Z,KXXRP15M-26OCT042045-45,0.9910,0.92,yes
2026-10-05T00:42:08.71212Z,KXXRP15M-26OCT042045-45,0.9910,0.08,yes
2026-10-05T00:42:09.009393Z,KXXRP15M-26OCT042045-45,0.9850,3.00,no
2026-10-05T00:42:09.027435Z,KXXRP15M-26OCT042045-45,0.9910,3.00,yes
2026-10-05T00:42:09.086364Z,KXXRP15M-26OCT042045-45,0.9860,18.00,no
2026-10-05T00:42:09.225165Z,KXXRP15M-26OCT042045-45,0.9860,1.00,no
2026-10-05T00:42:09.442056Z,KXXRP15M-26OCT042045-45,0.9860,1.00,no
2026-10-05T00:42:09.442056Z,KXXRP15M-26OCT042045-45,0.9860,1.00,no
2026-10-05T00:42:09.545342Z,KXXRP15M-26OCT042045-45,0.9850,2.99,no
2026-10-05T00:42:09.545342Z,KXXRP15M-26OCT042045-45,0.9850,13.00,no
2026-10-05T00:42:09.545342Z,KXXRP15M-26OCT042045-45,0.9840,1.01,no
2026-10-05T00:42:10.397044Z,KXXRP15M-26OCT042045-45,0.9900,90.22,yes
2026-10-05T00:42:10.397044Z,KXXRP15M-26OCT042045-45,0.9890,0.10,yes
2026-10-05T00:42:10.397044Z,KXXRP15M-26OCT042045-45,0.9890,6.00,yes
2026-10-05T00:42:10.397044Z,KXXRP15M-26OCT042045-45,0.9890,3.68,yes
2026-10-05T00:42:10.653947Z,KXXRP15M-26OCT042045-45,0.9910,1.00,yes
2026-10-05T00:42:11.228484Z,KXXRP15M-26OCT042045-45,0.9900,7.50,yes
2026-10-05T00:42:11.228484Z,KXXRP15M-26OCT042045-45,0.9900,273.00,yes
2026-10-05T00:42:11.420142Z,KXXRP15M-26OCT042045-45,0.9920,15.03,yes
2026-10-05T00:42:11.420142Z,KXXRP15M-26OCT042045-45,0.9910,9.00,yes
2026-10-05T00:42:11.420142Z,KXXRP15M-26OCT042045-45,0.9910,6.00,yes
2026-10-05T00:42:11.493405Z,KXXRP15M-26OCT042045-45,0.9810,3.42,no
2026-10-05T00:42:11.493405Z,KXXRP15M-26OCT042045-45,0.9840,2.99,no
2026-10-05T00:42:11.493405Z,KXXRP15M-26OCT042045-45,0.9810,2.00,no
2026-10-05T00:42:11.493405Z,KXXRP15M-26OCT042045-45,0.9830,1.00,no
2026-10-05T00:42:11.493405Z,KXXRP15M-26OCT042045-45,0.9850,7.50,no
2026-10-05T00:42:11.493405Z,KXXRP15M-26OCT042045-45,0.9860,59.00,no
2026-10-05T00:42:11.493405Z,KXXRP15M-26OCT042045-45,0.9830,5.00,no
2026-10-05T00:42:11.493405Z,KXXRP15M-26OCT042045-45,0.9820,5.00,no
2026-10-05T00:42:11.493405Z,KXXRP15M-26OCT042045-45,0.9820,12.00,no
2026-10-05T00:42:12.467015Z,KXXRP15M-26OCT042045-45,0.9870,49.00,yes
2026-10-05T00:42:12.731787Z,KXXRP15M-26OCT042045-45,0.9870,28.00,yes
2026-10-05T00:42:13.043498Z,KXXRP15M-26OCT042045-45,0.9900,5.00,yes
2026-10-05T00:42:13.043498Z,KXXRP15M-26OCT042045-45,0.9900,1.00,yes
2026-10-05T00:42:13.144085Z,KXXRP15M-26OCT042045-45,0.9900,5.00,yes
2026-10-05T00:42:13.183745Z,KXXRP15M-26OCT042045-45,0.9910,1.00,yes
2026-10-05T00:42:13.374734Z,KXXRP15M-26OCT042045-45,0.9890,5.00,no
2026-10-05T00:42:14.322834Z,KXXRP15M-26OCT042045-45,0.9870,0.10,yes
2026-10-05T00:42:14.322834Z,KXXRP15M-26OCT042045-45,0.9880,0.91,yes
2026-10-05T00:42:14.521914Z,KXXRP15M-26OCT042045-45,0.9890,40.00,yes
2026-10-05T00:42:14.521914Z,KXXRP15M-26OCT042045-45,0.9880,9.00,yes
2026-10-05T00:42:14.521914Z,KXXRP15M-26OCT042045-45,0.9880,6.00,yes
2026-10-05T00:42:14.633095Z,KXXRP15M-26OCT042045-45,0.9900,7.50,yes
2026-10-05T00:42:14.704911Z,KXXRP15M-26OCT042045-45,0.9790,60.00,no
2026-10-05T00:42:14.704911Z,KXXRP15M-26OCT042045-45,0.9790,66.20,no
2026-10-05T00:42:14.704911Z,KXXRP15M-26OCT042045-45,0.9790,45.00,no
2026-10-05T00:42:14.704911Z,KXXRP15M-26OCT042045-45,0.9800,10.00,no
2026-10-05T00:42:14.704911Z,KXXRP15M-26OCT042045-45,0.9840,1.00,no
2026-10-05T00:42:14.704911Z,KXXRP15M-26OCT042045-45,0.9800,7.50,no
2026-10-05T00:42:14.704911Z,KXXRP15M-26OCT042045-45,0.9840,0.10,no
2026-10-05T00:42:14.704911Z,KXXRP15M-26OCT042045-45,0.9830,5.00,no
2026-10-05T00:42:14.704911Z,KXXRP15M-26OCT042045-45,0.9820,5.00,no
2026-10-05T00:42:14.704911Z,KXXRP15M-26OCT042045-45,0.9830,24.00,no
2026-10-05T00:42:14.704911Z,KXXRP15M-26OCT042045-45,0.9800,5.00,no
2026-10-05T00:42:14.709088Z,KXXRP15M-26OCT042045-45,0.9900,10.00,yes
2026-10-05T00:42:14.709088Z,KXXRP15M-26OCT042045-45,0.9900,7.50,yes
2026-10-05T00:42:14.782079Z,KXXRP15M-26OCT042045-45,0.9900,5.00,yes
2026-10-05T00:42:14.782079Z,KXXRP15M-26OCT042045-45,0.9880,14.00,yes
2026-10-05T00:42:14.782079Z,KXXRP15M-26OCT042045-45,0.9890,6.00,yes
2026-10-05T00:42:15.018411Z,KXXRP15M-26OCT042045-45,0.9900,145.48,yes
2026-10-05T00:42:15.018411Z,KXXRP15M-26OCT042045-45,0.9890,40.00,yes
2026-10-05T00:42:15.018411Z,KXXRP15M-26OCT042045-45,0.9890,10.00,yes
2026-10-05T00:42:15.018411Z,KXXRP15M-26OCT042045-45,0.9900,5.00,yes
2026-10-05T00:42:15.018411Z,KXXRP15M-26OCT042045-45,0.9900,7.50,yes
2026-10-05T00:42:15.018411Z,KXXRP15M-26OCT042045-45,0.9890,6.00,yes
2026-10-05T00:42:16.291459Z,KXXRP15M-26OCT042045-45,0.9830,2.50,no
2026-10-05T00:42:16.310812Z,KXXRP15M-26OCT042045-45,0.9840,25.37,yes
2026-10-05T00:42:16.712779Z,KXXRP15M-26OCT042045-45,0.9840,50.75,yes
2026-10-05T00:42:16.849427Z,KXXRP15M-26OCT042045-45,0.9840,31.00,yes
2026-10-05T00:42:16.849427Z,KXXRP15M-26OCT042045-45,0.9840,60.00,yes
2026-10-05T00:42:16.849427Z,KXXRP15M-26OCT042045-45,0.9900,246.14,yes
2026-10-05T00:42:16.849427Z,KXXRP15M-26OCT042045-45,0.9900,7.50,yes
2026-10-05T00:42:16.849427Z,KXXRP15M-26OCT042045-45,0.9890,6.00,yes
2026-10-05T00:42:16.849427Z,KXXRP15M-26OCT042045-45,0.9890,10.00,yes
2026-10-05T00:42:16.849427Z,KXXRP15M-26OCT042045-45,0.9840,144.96,yes
2026-10-05T00:42:16.899565Z,KXXRP15M-26OCT042045-45,0.9890,204.00,yes
2026-10-05T00:42:16.899565Z,KXXRP15M-26OCT042045-45,0.9900,94.34,yes
2026-10-05T00:42:16.961724Z,KXXRP15M-26OCT042045-45,0.9900,10.00,yes
2026-10-05T00:42:17.271408Z,KXXRP15M-26OCT042045-45,0.9840,0.50,no
2026-10-05T00:42:17.271408Z,KXXRP15M-26OCT042045-45,0.9830,2.38,no
2026-10-05T00:42:17.271408Z,KXXRP15M-26OCT042045-45,0.9840,13.00,no
2026-10-05T00:42:17.657263Z,KXXRP15M-26OCT042045-45,0.9850,1.00,yes
2026-10-05T00:42:17.910274Z,KXXRP15M-26OCT042045-45,0.9940,38.78,yes
2026-10-05T00:42:17.910274Z,KXXRP15M-26OCT042045-45,0.9920,5.00,yes
2026-10-05T00:42:17.910274Z,KXXRP15M-26OCT042045-45,0.9910,5.00,yes
2026-10-05T00:42:17.910274Z,KXXRP15M-26OCT042045-45,0.9930,10.00,yes
2026-10-05T00:42:17.910274Z,KXXRP15M-26OCT042045-45,0.9920,40.00,yes
2026-10-05T00:42:17.910274Z,KXXRP15M-26OCT042045-45,0.9850,0.22,yes
2026-10-05T00:42:17.910274Z,KXXRP15M-26OCT042045-45,0.9920,1.00,yes
2026-10-05T00:42:18.250398Z,KXXRP15M-26OCT042045-45,0.9900,0.10,yes
2026-10-05T00:42:18.250398Z,KXXRP15M-26OCT042045-45,0.9920,9.04,yes
2026-10-05T00:42:18.250398Z,KXXRP15M-26OCT042045-45,0.9910,10.00,yes
2026-10-05T00:42:18.250398Z,KXXRP15M-26OCT042045-45,0.9900,6.00,yes
2026-10-05T00:42:18.456224Z,KXXRP15M-26OCT042045-45,0.9920,2.00,yes
2026-10-05T00:42:19.01495Z,KXXRP15M-26OCT042045-45,0.9840,40.00,no
2026-10-05T00:42:19.01495Z,KXXRP15M-26OCT042045-45,0.9840,5.00,no
2026-10-05T00:42:19.01495Z,KXXRP15M-26OCT042045-45,0.9880,38.00,no
2026-10-05T00:42:19.01495Z,KXXRP15M-26OCT042045-45,0.9880,0.10,no
2026-10-05T00:42:19.01495Z,KXXRP15M-26OCT042045-45,0.9850,13.00,no
2026-10-05T00:42:19.01495Z,KXXRP15M-26OCT042045-45,0.9830,27.53,no
2026-10-05T00:42:19.191332Z,KXXRP15M-26OCT042045-45,0.9900,7.50,yes
2026-10-05T00:42:19.191332Z,KXXRP15M-26OCT042045-45,0.9890,13.00,yes
2026-10-05T00:42:19.191332Z,KXXRP15M-26OCT042045-45,0.9880,7.00,yes
2026-10-05T00:42:19.191332Z,KXXRP15M-26OCT042045-45,0.9890,34.00,yes
2026-10-05T00:42:19.666249Z,KXXRP15M-26OCT042045-45,0.9850,7.50,no
2026-10-05T00:42:19.666249Z,KXXRP15M-26OCT042045-45,0.9830,15.01,no
2026-10-05T00:42:19.666249Z,KXXRP15M-26OCT042045-45,0.9900,18.50,no
2026-10-05T00:42:19.666249Z,KXXRP15M-26OCT042045-45,0.9840,13.00,no
2026-10-05T00:42:19.666249Z,KXXRP15M-26OCT042045-45,0.9870,115.00,no
2026-10-05T00:42:19.666249Z,KXXRP15M-26OCT042045-45,0.9830,5.00,no
2026-10-05T00:42:19.666249Z,KXXRP15M-26OCT042045-45,0.9830,108.21,no
2026-10-05T00:42:20.378544Z,KXXRP15M-26OCT042045-45,0.9870,8.88,yes
2026-10-05T00:42:20.378544Z,KXXRP15M-26OCT042045-45,0.9860,0.10,yes
2026-10-05T00:42:20.800502Z,KXXRP15M-26OCT042045-45,0.9880,18.00,yes
2026-10-05T00:42:21.285405Z,KXXRP15M-26OCT042045-45,0.9890,2.00,yes
2026-10-05T00:42:21.644797Z,KXXRP15M-26OCT042045-45,0.9880,7.00,yes
2026-10-05T00:42:23.453448Z,KXXRP15M-26OCT042045-45,0.9920,40.70,yes
2026-10-05T00:42:23.453448Z,KXXRP15M-26OCT042045-45,0.9920,5.00,yes
2026-10-05T00:42:23.453448Z,KXXRP15M-26OCT042045-45,0.9920,7.00,yes
2026-10-05T00:42:23.818563Z,KXXRP15M-26OCT042045-45,0.9930,35.98,yes
2026-10-05T00:42:23.818563Z,KXXRP15M-26OCT042045-45,0.9930,5.00,yes
2026-10-05T00:42:24.167359Z,KXXRP15M-26OCT042045-45,0.9940,84.00,yes
2026-10-05T00:42:24.167359Z,KXXRP15M-26OCT042045-45,0.9940,5.00,yes
2026-10-05T00:42:24.167359Z,KXXRP15M-26OCT042045-45,0.9940,6.00,yes
2026-10-05T00:42:24.167359Z,KXXRP15M-26OCT042045-45,0.9940,34.00,yes
2026-10-05T00:42:24.167359Z,KXXRP15M-26OCT042045-45,0.9940,360.22,yes
2026-10-05T00:42:24.167359Z,KXXRP15M-26OCT042045-45,0.9950,2.52,yes
2026-10-05T00:42:24.167359Z,KXXRP15M-26OCT042045-45,0.9950,11.00,yes
2026-10-05T00:42:24.180851Z,KXXRP15M-26OCT042045-45,0.9890,22.00,yes
2026-10-05T00:42:24.19455Z,KXXRP15M-26OCT042045-45,0.9890,303.00,yes
2026-10-05T00:42:24.473165Z,KXXRP15M-26OCT042045-45,0.9890,75.00,yes
2026-10-05T00:42:27.145993Z,KXXRP15M-26OCT042045-45,0.9940,3.00,yes
2026-10-05T00:42:27.331719Z,KXXRP15M-26OCT042045-45,0.9940,40.00,yes
2026-10-05T00:42:27.342555Z,KXXRP15M-26OCT042045-45,0.9940,11.00,yes
2026-10-05T00:42:27.350251Z,KXXRP15M-26OCT042045-45,0.9940,5.00,yes
2026-10-05T00:42:27.692763Z,KXXRP15M-26OCT042045-45,0.9930,3.86,no
2026-10-05T00:42:27.84643Z,KXXRP15M-26OCT042045-45,0.9940,5.00,yes
2026-10-05T00:42:27.924226Z,KXXRP15M-26OCT042045-45,0.9930,94.14,no
2026-10-05T00:42:27.924226Z,KXXRP15M-26OCT042045-45,0.9920,17.00,no
2026-10-05T00:42:27.924226Z,KXXRP15M-26OCT042045-45,0.9860,5.00,no
2026-10-05T00:42:27.924226Z,KXXRP15M-26OCT042045-45,0.9900,17.00,no
2026-10-05T00:42:27.924226Z,KXXRP15M-26OCT042045-45,0.9860,16.34,no
2026-10-05T00:42:29.621143Z,KXXRP15M-26OCT042045-45,0.9940,34.00,yes
2026-10-05T00:42:29.628677Z,KXXRP15M-26OCT042045-45,0.9940,17.00,yes
2026-10-05T00:42:29.636302Z,KXXRP15M-26OCT042045-45,0.9940,5.00,yes
2026-10-05T00:42:29.644704Z,KXXRP15M-26OCT042045-45,0.9940,5.00,yes
2026-10-05T00:42:30.124243Z,KXXRP15M-26OCT042045-45,0.9930,80.00,no
2026-10-05T00:42:30.966461Z,KXXRP15M-26OCT042045-45,0.9940,11.00,yes
2026-10-05T00:42:31.011955Z,KXXRP15M-26OCT042045-45,0.9850,7.50,no
2026-10-05T00:42:31.011955Z,KXXRP15M-26OCT042045-45,0.9930,34.00,no
2026-10-05T00:42:31.011955Z,KXXRP15M-26OCT042045-45,0.9830,0.09,no
2026-10-05T00:42:31.011955Z,KXXRP15M-26OCT042045-45,0.9850,5.00,no
2026-10-05T00:42:31.011955Z,KXXRP15M-26OCT042045-45,0.9880,40.00,no
2026-10-05T00:42:31.099758Z,KXXRP15M-26OCT042045-45,0.9930,64.00,yes
2026-10-05T00:42:31.491354Z,KXXRP15M-26OCT042045-45,0.9850,7.50,no
2026-10-05T00:42:31.491354Z,KXXRP15M-26OCT042045-45,0.9840,5.00,no
2026-10-05T00:42:31.491354Z,KXXRP15M-26OCT042045-45,0.9810,12.00,no
2026-10-05T00:42:31.491354Z,KXXRP15M-26OCT042045-45,0.9850,5.00,no
2026-10-05T00:42:31.491354Z,KXXRP15M-26OCT042045-45,0.9880,196.00,no
2026-10-05T00:42:31.491354Z,KXXRP15M-26OCT042045-45,0.9840,40.00,no
2026-10-05T00:42:31.491354Z,KXXRP15M-26OCT042045-45,0.9820,0.09,no
2026-10-05T00:42:31.491354Z,KXXRP15M-26OCT042045-45,0.9800,7.25,no
2026-10-05T00:42:31.491354Z,KXXRP15M-26OCT042045-45,0.9800,5.00,no
2026-10-05T00:42:31.700067Z,KXXRP15M-26OCT042045-45,0.9900,25.68,no
2026-10-05T00:42:33.37177Z,KXXRP15M-26OCT042045-45,0.9940,6.54,yes
2026-10-05T00:42:33.37177Z,KXXRP15M-26OCT042045-45,0.9920,60.00,yes
2026-10-05T00:42:33.37177Z,KXXRP15M-26OCT042045-45,0.9920,5.00,yes
2026-10-05T00:42:33.37177Z,KXXRP15M-26OCT042045-45,0.9930,5.00,yes
2026-10-05T00:42:33.37177Z,KXXRP15M-26OCT042045-45,0.9930,7.00,yes
2026-10-05T00:42:33.37177Z,KXXRP15M-26OCT042045-45,0.9930,10.00,yes
2026-10-05T00:42:33.78353Z,KXXRP15M-26OCT042045-45,0.9910,1.00,no
2026-10-05T00:42:33.78353Z,KXXRP15M-26OCT042045-45,0.9920,45.00,no
2026-10-05T00:42:33.78353Z,KXXRP15M-26OCT042045-45,0.9900,47.51,no
2026-10-05T00:42:35.404567Z,KXXRP15M-26OCT042045-45,0.9930,0.09,yes
2026-10-05T00:42:35.404567Z,KXXRP15M-26OCT042045-45,0.9930,35.00,yes
2026-10-05T00:42:35.404567Z,KXXRP15M-26OCT042045-45,0.9940,5.00,yes
2026-10-05T00:42:35.404567Z,KXXRP15M-26OCT042045-45,0.9930,10.00,yes
2026-10-05T00:42:35.404567Z,KXXRP15M-26OCT042045-45,0.9950,5.00,yes
2026-10-05T00:42:35.404567Z,KXXRP15M-26OCT042045-45,0.9930,7.00,yes
2026-10-05T00:42:35.404567Z,KXXRP15M-26OCT042045-45,0.9940,257.46,yes
2026-10-05T00:42:35.404567Z,KXXRP15M-26OCT042045-45,0.9950,40.00,yes
2026-10-05T00:42:35.404567Z,KXXRP15M-26OCT042045-45,0.9950,34.00,yes
2026-10-05T00:42:35.404567Z,KXXRP15M-26OCT042045-45,0.9950,2.48,yes
2026-10-05T00:42:35.404567Z,KXXRP15M-26OCT042045-45,0.9960,106.62,yes
2026-10-05T00:42:35.422265Z,KXXRP15M-26OCT042045-45,0.9930,17.00,yes
2026-10-05T00:42:35.422265Z,KXXRP15M-26OCT042045-45,0.9950,6.00,yes
2026-10-05T00:42:35.422265Z,KXXRP15M-26OCT042045-45,0.9960,177.00,yes
2026-10-05T00:42:35.43588Z,KXXRP15M-26OCT042045-45,0.9930,10.00,yes
2026-10-05T00:42:35.43588Z,KXXRP15M-26OCT042045-45,0.9950,6.00,yes
2026-10-05T00:42:35.43588Z,KXXRP15M-26OCT042045-45,0.9960,53.00,yes
2026-10-05T00:42:35.453083Z,KXXRP15M-26OCT042045-45,0.9960,5.00,yes
2026-10-05T00:42:35.623775Z,KXXRP15M-26OCT042045-45,0.9930,11.69,no
2026-10-05T00:42:35.741217Z,KXXRP15M-26OCT042045-45,0.9940,1.01,yes
2026-10-05T00:42:36.416756Z,KXXRP15M-26OCT042045-45,0.9920,0.10,no
2026-10-05T00:42:36.416756Z,KXXRP15M-26OCT042045-45,0.9930,15.31,no
2026-10-05T00:42:36.416756Z,KXXRP15M-26OCT042045-45,0.9920,17.44,no
2026-10-05T00:42:36.416756Z,KXXRP15M-26OCT042045-45,0.9930,17.00,no
2026-10-05T00:42:37.775264Z,KXXRP15M-26OCT042045-45,0.9940,5.00,yes
2026-10-05T00:42:38.066334Z,KXXRP15M-26OCT042045-45,0.9940,0.09,yes
2026-10-05T00:42:38.066334Z,KXXRP15M-26OCT042045-45,0.9940,17.00,yes
2026-10-05T00:42:38.066334Z,KXXRP15M-26OCT042045-45,0.9940,10.00,yes
2026-10-05T00:42:39.53176Z,KXXRP15M-26OCT042045-45,0.9960,8.00,yes
2026-10-05T00:42:39.53176Z,KXXRP15M-26OCT042045-45,0.9960,7.00,yes
2026-10-05T00:42:39.53176Z,KXXRP15M-26OCT042045-45,0.9960,5.00,yes
2026-10-05T00:42:39.53176Z,KXXRP15M-26OCT042045-45,0.9960,8.38,yes
2026-10-05T00:42:39.53176Z,KXXRP15M-26OCT042045-45,0.9960,1.00,yes
2026-10-05T00:42:39.53176Z,KXXRP15M-26OCT042045-45,0.9960,1.00,yes
2026-10-05T00:42:39.53176Z,KXXRP15M-26OCT042045-45,0.9960,1.00,yes
2026-10-05T00:42:39.53176Z,KXXRP15M-26OCT042045-45,0.9960,1.00,yes
2026-10-05T00:42:39.53176Z,KXXRP15M-26OCT042045-45,0.9960,1.00,yes
2026-10-05T00:42:39.53176Z,KXXRP15M-26OCT042045-45,0.9960,13.00,yes
2026-10-05T00:42:39.54916Z,KXXRP15M-26OCT042045-45,0.9970,200.00,yes
2026-10-05T00:42:39.577947Z,KXXRP15M-26OCT042045-45,0.9970,200.00,yes
2026-10-05T00:42:39.840076Z,KXXRP15M-26OCT042045-45,0.9970,50.00,yes
2026-10-05T00:42:40.131739Z,KXXRP15M-26OCT042045-45,0.9960,39.23,yes
2026-10-05T00:42:40.147522Z,KXXRP15M-26OCT042045-45,0.9950,25.37,no
2026-10-05T00:42:40.726784Z,KXXRP15M-26OCT042045-45,0.9950,109.08,no
2026-10-05T00:42:40.726784Z,KXXRP15M-26OCT042045-45,0.9950,4.63,no
2026-10-05T00:42:40.726784Z,KXXRP15M-26OCT042045-45,0.9950,50.00,no
2026-10-05T00:42:41.106768Z,KXXRP15M-26OCT042045-45,0.9950,49.88,no
2026-10-05T00:42:42.379993Z,KXXRP15M-26OCT042045-45,0.9950,173.60,no
2026-10-05T00:42:42.379993Z,KXXRP15M-26OCT042045-45,0.9950,0.13,no
2026-10-05T00:42:42.379993Z,KXXRP15M-26OCT042045-45,0.9930,3.52,no
2026-10-05T00:42:45.064666Z,KXXRP15M-26OCT042045-45,0.9960,7.00,yes
2026-10-05T00:42:45.064666Z,KXXRP15M-26OCT042045-45,0.9960,56.00,yes
2026-10-05T00:42:45.064666Z,KXXRP15M-26OCT042045-45,0.9960,10.77,yes
2026-10-05T00:42:45.064666Z,KXXRP15M-26OCT042045-45,0.9960,10.00,yes
2026-10-05T00:42:45.064666Z,KXXRP15M-26OCT042045-45,0.9970,36.64,yes
2026-10-05T00:42:46.165931Z,KXXRP15M-26OCT042045-45,0.9970,34.00,yes
2026-10-05T00:42:46.165931Z,KXXRP15M-26OCT042045-45,0.9970,5.00,yes
2026-10-05T00:42:46.165931Z,KXXRP15M-26OCT042045-45,0.9970,163.00,yes
2026-10-05T00:42:46.165931Z,KXXRP15M-26OCT042045-45,0.9960,7.00,yes
2026-10-05T00:42:46.165931Z,KXXRP15M-26OCT042045-45,0.9960,10.00,yes
2026-10-05T00:42:46.165931Z,KXXRP15M-26OCT042045-45,0.9980,50.99,yes
2026-10-05T00:42:46.165931Z,KXXRP15M-26OCT042045-45,0.9970,163.36,yes
2026-10-05T00:42:46.165931Z,KXXRP15M-26OCT042045-45,0.9970,40.00,yes
2026-10-05T00:42:46.165931Z,KXXRP15M-26OCT042045-45,0.9970,18.00,yes
2026-10-05T00:42:46.165931Z,KXXRP15M-26OCT042045-45,0.9970,2.00,yes
2026-10-05T00:42:46.165931Z,KXXRP15M-26OCT042045-45,0.9970,2.00,yes
2026-10-05T00:42:46.165931Z,KXXRP15M-26OCT042045-45,0.9970,2.00,yes
2026-10-05T00:42:46.165931Z,KXXRP15M-26OCT042045-45,0.9970,2.00,yes
2026-10-05T00:42:46.165931Z,KXXRP15M-26OCT042045-45,0.9970,2.00,yes
2026-10-05T00:42:46.428483Z,KXXRP15M-26OCT042045-45,0.9970,24.78,no
2026-10-05T00:42:48.548494Z,KXXRP15M-26OCT042045-45,0.9950,36.64,no
2026-10-05T00:42:48.548494Z,KXXRP15M-26OCT042045-45,0.9970,26.22,no
2026-10-05T00:42:48.548494Z,KXXRP15M-26OCT042045-45,0.9950,163.36,no
2026-10-05T00:42:48.548494Z,KXXRP15M-26OCT042045-45,0.9940,17.99,no
2026-10-05T00:42:48.548494Z,KXXRP15M-26OCT042045-45,0.9950,17.00,no
2026-10-05T00:42:48.548494Z,KXXRP15M-26OCT042045-45,0.9970,37.00,no
2026-10-05T00:42:48.548494Z,KXXRP15M-26OCT042045-45,0.9940,0.13,no
2026-10-05T00:42:52.164156Z,KXXRP15M-26OCT042045-45,0.9970,33.14,no
2026-10-05T00:42:53.067847Z,KXXRP15M-26OCT042045-45,0.9980,200.00,yes
2026-10-05T00:42:53.080843Z,KXXRP15M-26OCT042045-45,0.9980,149.01,yes
2026-10-05T00:42:53.080843Z,KXXRP15M-26OCT042045-45,0.9980,50.99,yes
2026-10-05T00:42:53.097199Z,KXXRP15M-26OCT042045-45,0.9980,200.00,yes
2026-10-05T00:42:53.166101Z,KXXRP15M-26OCT042045-45,0.9980,200.00,yes
2026-10-05T00:42:53.280489Z,KXXRP15M-26OCT042045-45,0.9980,200.00,yes
2026-10-05T00:42:53.329846Z,KXXRP15M-26OCT042045-45,0.9980,200.00,yes
2026-10-05T00:42:53.56309Z,KXXRP15M-26OCT042045-45,0.9980,200.00,yes
2026-10-05T00:42:53.578795Z,KXXRP15M-26OCT042045-45,0.9980,200.00,yes
2026-10-05T00:42:53.593477Z,KXXRP15M-26OCT042045-45,0.9980,200.00,yes
2026-10-05T00:42:53.766012Z,KXXRP15M-26OCT042045-45,0.9980,200.00,yes
2026-10-05T00:42:53.781037Z,KXXRP15M-26OCT042045-45,0.9980,200.00,yes
2026-10-05T00:42:53.82552Z,KXXRP15M-26OCT042045-45,0.9980,200.00,yes
2026-10-05T00:42:53.906244Z,KXXRP15M-26OCT042045-45,0.9980,200.00,yes
2026-10-05T00:42:53.994501Z,KXXRP15M-26OCT042045-45,0.9980,200.00,yes
2026-10-05T00:42:54.077898Z,KXXRP15M-26OCT042045-45,0.9980,1.00,yes
2026-10-05T00:42:54.095025Z,KXXRP15M-26OCT042045-45,0.9980,200.00,yes
2026-10-05T00:42:54.168548Z,KXXRP15M-26OCT042045-45,0.9980,200.00,yes
2026-10-05T00:42:54.4089Z,KXXRP15M-26OCT042045-45,0.9980,200.00,yes
2026-10-05T00:42:54.856964Z,KXXRP15M-26OCT042045-45,0.9950,200.00,no
2026-10-05T00:42:54.856964Z,KXXRP15M-26OCT042045-45,0.9950,200.00,no
2026-10-05T00:42:54.856964Z,KXXRP15M-26OCT042045-45,0.9950,250.99,no
2026-10-05T00:42:54.856964Z,KXXRP15M-26OCT042045-45,0.9950,23.89,no
2026-10-05T00:42:54.856964Z,KXXRP15M-26OCT042045-45,0.9950,200.00,no
2026-10-05T00:42:54.856964Z,KXXRP15M-26OCT042045-45,0.9950,17.00,no
2026-10-05T00:42:54.856964Z,KXXRP15M-26OCT042045-45,0.9970,69.00,no
2026-10-05T00:42:56.086327Z,KXXRP15M-26OCT042045-45,0.9950,117.79,no
2026-10-05T00:42:56.086327Z,KXXRP15M-26OCT042045-45,0.9960,85.00,no
2026-10-05T00:42:58.088006Z,KXXRP15M-26OCT042045-45,0.9970,10.00,yes
2026-10-05T00:42:58.088006Z,KXXRP15M-26OCT042045-45,0.9970,3.00,yes
2026-10-05T00:42:58.088006Z,KXXRP15M-26OCT042045-45,0.9970,54.00,yes
2026-10-05T00:42:58.088006Z,KXXRP15M-26OCT042045-45,0.9980,84.00,yes
2026-10-05T00:42:58.403818Z,KXXRP15M-26OCT042045-45,0.9980,5.00,yes
2026-10-05T00:42:59.246847Z,KXXRP15M-26OCT042045-45,0.9980,64.85,yes
2026-10-05T00:43:00.143368Z,KXXRP15M-26OCT042045-45,0.9980,1.00,yes
2026-10-05T00:43:02.25358Z,KXXRP15M-26OCT042045-45,0.9980,5.00,yes
2026-10-05T00:43:02.547455Z,KXXRP15M-26OCT042045-45,0.9980,50.09,yes
2026-10-05T00:43:04.555191Z,KXXRP15M-26OCT042045-45,0.9980,738.07,yes
2026-10-05T00:43:04.555191Z,KXXRP15M-26OCT042045-45,0.9980,446.93,yes
2026-10-05T00:43:04.646132Z,KXXRP15M-26OCT042045-45,0.9960,17.00,no
2026-10-05T00:43:04.646132Z,KXXRP15M-26OCT042045-45,0.9970,30.00,no
2026-10-05T00:43:04.646132Z,KXXRP15M-26OCT042045-45,0.9970,53.00,no
2026-10-05T00:43:06.421476Z,KXXRP15M-26OCT042045-45,0.9970,57.00,no
2026-10-05T00:43:06.421476Z,KXXRP15M-26OCT042045-45,0.9970,20.89,no
2026-10-05T00:43:09.50144Z,KXXRP15M-26OCT042045-45,0.9980,5.00,yes
2026-10-05T00:43:09.50144Z,KXXRP15M-26OCT042045-45,0.9980,40.00,yes
2026-10-05T00:43:09.50144Z,KXXRP15M-26OCT042045-45,0.9980,646.93,yes
2026-10-05T00:43:09.50144Z,KXXRP15M-26OCT042045-45,0.9980,53.07,yes
2026-10-05T00:43:09.50144Z,KXXRP15M-26OCT042045-45,0.9980,500.00,yes
2026-10-05T00:43:09.50144Z,KXXRP15M-26OCT042045-45,0.9980,3.00,yes
2026-10-05T00:43:09.50144Z,KXXRP15M-26OCT042045-45,0.9980,3.00,yes
2026-10-05T00:43:09.50144Z,KXXRP15M-26OCT042045-45,0.9980,3.00,yes
2026-10-05T00:43:09.50144Z,KXXRP15M-26OCT042045-45,0.9980,3.00,yes
2026-10-05T00:43:09.50144Z,KXXRP15M-26OCT042045-45,0.9980,3.00,yes
2026-10-05T00:43:09.50144Z,KXXRP15M-26OCT042045-45,0.9980,26.00,yes
2026-10-05T00:43:09.50144Z,KXXRP15M-26OCT042045-45,0.9980,50.00,yes
2026-10-05T00:43:09.561052Z,KXXRP15M-26OCT042045-45,0.9980,8.04,yes
2026-10-05T00:43:09.561052Z,KXXRP15M-26OCT042045-45,0.9980,17.00,yes
2026-10-05T00:43:09.72472Z,KXXRP15M-26OCT042045-45,0.9970,54.78,no
2026-10-05T00:43:09.72472Z,KXXRP15M-26OCT042045-45,0.9970,23.11,no
2026-10-05T00:43:11.438628Z,KXXRP15M-26OCT042045-45,0.9970,72.42,no
2026-10-05T00:43:15.190484Z,KXXRP15M-26OCT042045-45,0.9980,425.00,yes
2026-10-05T00:43:15.535473Z,KXXRP15M-26OCT042045-45,0.9980,3.69,yes
2026-10-05T00:43:15.64636Z,KXXRP15M-26OCT042045-45,0.9980,11.89,yes
2026-10-05T00:43:15.64636Z,KXXRP15M-26OCT042045-45,0.9980,71.31,yes
2026-10-05T00:43:15.64636Z,KXXRP15M-26OCT042045-45,0.9980,17.00,yes
2026-10-05T00:43:16.418877Z,KXXRP15M-26OCT042045-45,0.9970,323.47,no
2026-10-05T00:43:16.418877Z,KXXRP15M-26OCT042045-45,0.9970,427.58,no
2026-10-05T00:43:16.418877Z,KXXRP15M-26OCT042045-45,0.9960,33.00,no
2026-10-05T00:43:16.418877Z,KXXRP15M-26OCT042045-45,0.9970,425.00,no
2026-10-05T00:43:16.418877Z,KXXRP15M-26OCT042045-45,0.9970,71.31,no
2026-10-05T00:43:16.418877Z,KXXRP15M-26OCT042045-45,0.9960,39.00,no
2026-10-05T00:43:16.418877Z,KXXRP15M-26OCT042045-45,0.9970,3.69,no
2026-10-05T00:43:16.418877Z,KXXRP15M-26OCT042045-45,0.9960,129.40,no
2026-10-05T00:43:16.418877Z,KXXRP15M-26OCT042045-45,0.9950,200.00,no
2026-10-05T00:43:16.418877Z,KXXRP15M-26OCT042045-45,0.9950,200.00,no
2026-10-05T00:43:16.418877Z,KXXRP15M-26OCT042045-45,0.9950,58.32,no
2026-10-05T00:43:16.418877Z,KXXRP15M-26OCT042045-45,0.9950,200.00,no
2026-10-05T00:43:16.418877Z,KXXRP15M-26OCT042045-45,0.9950,200.00,no
2026-10-05T00:43:16.418877Z,KXXRP15M-26OCT042045-45,0.9950,284.11,no
2026-10-05T00:43:18.920914Z,KXXRP15M-26OCT042045-45,0.9960,70.00,no
2026-10-05T00:43:20.070993Z,KXXRP15M-26OCT042045-45,0.9970,14.00,yes
2026-10-05T00:43:24.458818Z,KXXRP15M-26OCT042045-45,0.9970,3.00,yes
2026-10-05T00:43:24.458818Z,KXXRP15M-26OCT042045-45,0.9970,11.00,yes
2026-10-05T00:43:24.458818Z,KXXRP15M-26OCT042045-45,0.9970,0.56,yes
2026-10-05T00:43:24.458818Z,KXXRP15M-26OCT042045-45,0.9970,10.00,yes
2026-10-05T00:43:25.042888Z,KXXRP15M-26OCT042045-45,0.9970,7.01,yes
2026-10-05T00:43:25.519452Z,KXXRP15M-26OCT042045-45,0.9980,28.11,yes
2026-10-05T00:43:25.519452Z,KXXRP15M-26OCT042045-45,0.9980,84.42,yes
2026-10-05T00:43:25.519452Z,KXXRP15M-26OCT042045-45,0.9970,44.00,yes
2026-10-05T00:43:25.519452Z,KXXRP15M-26OCT042045-45,0.9970,3.00,yes
2026-10-05T00:43:25.519452Z,KXXRP15M-26OCT042045-45,0.9970,10.00,yes
2026-10-05T00:43:25.519452Z,KXXRP15M-26OCT042045-45,0.9970,29.43,yes
2026-10-05T00:43:26.870671Z,KXXRP15M-26OCT042045-45,0.9970,6.27,no
2026-10-05T00:43:26.870671Z,KXXRP15M-26OCT042045-45,0.9970,25.00,no
2026-10-05T00:43:26.870671Z,KXXRP15M-26OCT042045-45,0.9970,43.46,no
2026-10-05T00:43:26.870671Z,KXXRP15M-26OCT042045-45,0.9970,3.16,no
2026-10-05T00:43:30.366184Z,KXXRP15M-26OCT042045-45,0.9970,249.42,no
2026-10-05T00:43:30.366184Z,KXXRP15M-26OCT042045-45,0.9970,53.73,no
2026-10-05T00:43:30.366184Z,KXXRP15M-26OCT042045-45,0.9970,67.00,no
2026-10-05T00:43:30.366184Z,KXXRP15M-26OCT042045-45,0.9970,21.73,no
2026-10-05T00:43:30.366184Z,KXXRP15M-26OCT042045-45,0.9970,21.73,no
2026-10-05T00:43:30.366184Z,KXXRP15M-26OCT042045-45,0.9970,21.73,no
2026-10-05T00:43:30.366184Z,KXXRP15M-26OCT042045-45,0.9970,21.73,no
2026-10-05T00:43:30.366184Z,KXXRP15M-26OCT042045-45,0.9970,21.73,no
2026-10-05T00:43:30.797268Z,KXXRP15M-26OCT042045-45,0.9980,45.42,yes
2026-10-05T00:43:30.797268Z,KXXRP15M-26OCT042045-45,0.9980,7.58,yes
2026-10-05T00:43:30.867241Z,KXXRP15M-26OCT042045-45,0.9980,40.00,yes
2026-10-05T00:43:30.867241Z,KXXRP15M-26OCT042045-45,0.9980,10.00,yes
2026-10-05T00:43:30.867241Z,KXXRP15M-26OCT042045-45,0.9980,17.00,yes
2026-10-05T00:43:30.867241Z,KXXRP15M-26OCT042045-45,0.9980,454.58,yes
2026-10-05T00:43:30.867241Z,KXXRP15M-26OCT042045-45,0.9990,4933.42,yes
2026-10-05T00:43:31.017576Z,KXXRP15M-26OCT042045-45,0.9990,200.00,yes
2026-10-05T00:43:31.055481Z,KXXRP15M-26OCT042045-45,0.9990,2727.00,yes
2026-10-05T00:43:31.104071Z,KXXRP15M-26OCT042045-45,0.9990,200.00,yes
2026-10-05T00:43:31.385771Z,KXXRP15M-26OCT042045-45,0.9990,681.00,yes
2026-10-05T00:43:31.442635Z,KXXRP15M-26OCT042045-45,0.9990,200.00,yes
2026-10-05T00:43:31.693651Z,KXXRP15M-26OCT042045-45,0.9990,200.00,yes
2026-10-05T00:43:31.783891Z,KXXRP15M-26OCT042045-45,0.9990,126.00,yes
2026-10-05T00:43:32.304371Z,KXXRP15M-26OCT042045-45,0.9990,170.00,yes
2026-10-05T00:43:32.689746Z,KXXRP15M-26OCT042045-45,0.9990,43.00,yes
2026-10-05T00:43:34.962616Z,KXXRP15M-26OCT042045-45,0.9990,25.02,yes
2026-10-05T00:43:36.338562Z,KXXRP15M-26OCT042045-45,0.9990,4.00,yes
2026-10-05T00:43:37.244158Z,KXXRP15M-26OCT042045-45,0.9990,38.84,yes
2026-10-05T00:43:37.244158Z,KXXRP15M-26OCT042045-45,0.9990,5.56,yes
2026-10-05T00:43:37.244158Z,KXXRP15M-26OCT042045-45,0.9990,400.00,yes
2026-10-05T00:43:37.884867Z,KXXRP15M-26OCT042045-45,0.9990,200.00,yes
2026-10-05T00:43:37.884976Z,KXXRP15M-26OCT042045-45,0.9990,200.00,yes
2026-10-05T00:43:37.885012Z,KXXRP15M-26OCT042045-45,0.9990,34.00,yes
2026-10-05T00:43:37.885012Z,KXXRP15M-26OCT042045-45,0.9990,10.00,yes
2026-10-05T00:43:37.885012Z,KXXRP15M-26OCT042045-45,0.9990,40.00,yes
2026-10-05T00:43:37.885012Z,KXXRP15M-26OCT042045-45,0.9990,34.00,yes
2026-10-05T00:43:37.885012Z,KXXRP15M-26OCT042045-45,0.9990,0.26,yes
2026-10-05T00:43:37.885012Z,KXXRP15M-26OCT042045-45,0.9990,5.00,yes
2026-10-05T00:43:37.885012Z,KXXRP15M-26OCT042045-45,0.9990,500.00,yes
2026-10-05T00:43:37.885012Z,KXXRP15M-26OCT042045-45,0.9990,1.00,yes
2026-10-05T00:43:37.885012Z,KXXRP15M-26OCT042045-45,0.9990,61.16,yes
2026-10-05T00:43:37.885012Z,KXXRP15M-26OCT042045-45,0.9990,500.00,yes
2026-10-05T00:43:37.885012Z,KXXRP15M-26OCT042045-45,0.9990,1.00,yes
2026-10-05T00:43:37.885012Z,KXXRP15M-26OCT042045-45,0.9990,1.00,yes
2026-10-05T00:43:38.679962Z,KXXRP15M-26OCT042045-45,0.9990,77.58,no
2026-10-05T00:43:38.679962Z,KXXRP15M-26OCT042045-45,0.9990,3746.00,no
2026-10-05T00:43:38.679962Z,KXXRP15M-26OCT042045-45,0.9990,170.00,no
2026-10-05T00:43:38.679962Z,KXXRP15M-26OCT042045-45,0.9990,200.00,no
2026-10-05T00:43:38.679962Z,KXXRP15M-26OCT042045-45,0.9990,200.00,no
2026-10-05T00:43:38.679962Z,KXXRP15M-26OCT042045-45,0.9990,279.66,no
2026-10-05T00:43:41.966148Z,KXXRP15M-26OCT042045-45,0.9990,1.00,no
2026-10-05T00:43:42.458148Z,KXXRP15M-26OCT042045-45,0.9990,1.62,no
2026-10-05T00:43:43.97364Z,KXXRP15M-26OCT042045-45,0.9990,45.85,no
2026-10-05T00:44:00.858836Z,KXXRP15M-26OCT042045-45,0.9990,352.87,no
2026-10-05T00:44:00.858836Z,KXXRP15M-26OCT042045-45,0.9990,126.00,no
2026-10-05T00:44:00.858836Z,KXXRP15M-26OCT042045-45,0.9990,2727.00,no
2026-10-05T00:44:00.858836Z,KXXRP15M-26OCT042045-45,0.9990,454.58,no
2026-10-05T00:44:00.858836Z,KXXRP15M-26OCT042045-45,0.9990,45.42,no
2026-10-05T00:44:00.858836Z,KXXRP15M-26OCT042045-45,0.9990,226.11,no
2026-10-05T00:44:00.858836Z,KXXRP15M-26OCT042045-45,0.9990,38.79,no
2026-10-05T00:44:00.858836Z,KXXRP15M-26OCT042045-45,0.9990,21.00,no
2026-10-05T00:44:00.858836Z,KXXRP15M-26OCT042045-45,0.9990,320.00,no
2026-10-05T00:44:00.858836Z,KXXRP15M-26OCT042045-45,0.9990,268.00,no
2026-10-05T00:44:03.905139Z,KXXRP15M-26OCT042045-45,0.9990,98.14,no
2026-10-05T00:44:03.905139Z,KXXRP15M-26OCT042045-45,0.9990,2500.00,no
2026-10-05T00:44:03.905139Z,KXXRP15M-26OCT042045-45,0.9990,1.00,no
2026-10-05T00:44:03.905139Z,KXXRP15M-26OCT042045-45,0.9990,100.89,no
2026-10-05T00:44:05.339752Z,KXXRP15M-26OCT042045-45,0.9990,3.69,no
2026-10-05T00:44:06.06506Z,KXXRP15M-26OCT042045-45,0.9990,71.00,no
2026-10-05T00:44:06.06506Z,KXXRP15M-26OCT042045-45,0.9990,248.17,no
2026-10-05T00:44:06.06506Z,KXXRP15M-26OCT042045-45,0.9980,303.79,no
2026-10-05T00:44:07.259944Z,KXXRP15M-26OCT042045-45,0.9960,71.00,no
2026-10-05T00:44:07.259944Z,KXXRP15M-26OCT042045-45,0.9960,33.00,no
2026-10-05T00:44:07.259944Z,KXXRP15M-26OCT042045-45,0.9980,71.00,no
2026-10-05T00:44:07.259944Z,KXXRP15M-26OCT042045-45,0.9970,17.00,no
2026-10-05T00:44:07.259944Z,KXXRP15M-26OCT042045-45,0.9980,17.00,no
2026-10-05T00:44:07.259944Z,KXXRP15M-26OCT042045-45,0.9980,200.00,no
2026-10-05T00:44:07.259944Z,KXXRP15M-26OCT042045-45,0.9980,61.16,no
2026-10-05T00:44:07.259944Z,KXXRP15M-26OCT042045-45,0.9980,500.00,no
2026-10-05T00:44:07.259944Z,KXXRP15M-26OCT042045-45,0.9980,38.84,no
2026-10-05T00:44:07.259944Z,KXXRP15M-26OCT042045-45,0.9980,200.00,no
2026-10-05T00:44:07.259944Z,KXXRP15M-26OCT042045-45,0.9980,5.00,no
2026-10-05T00:44:07.259944Z,KXXRP15M-26OCT042045-45,0.9980,119.21,no
2026-10-05T00:44:07.259944Z,KXXRP15M-26OCT042045-45,0.9980,955.00,no
2026-10-05T00:44:07.259944Z,KXXRP15M-26OCT042045-45,0.9950,115.89,no
2026-10-05T00:44:07.259944Z,KXXRP15M-26OCT042045-45,0.9950,200.00,no
2026-10-05T00:44:07.259944Z,KXXRP15M-26OCT042045-45,0.9950,189.94,no
2026-10-05T00:44:07.259944Z,KXXRP15M-26OCT042045-45,0.9950,201.00,no
2026-10-05T00:44:07.259944Z,KXXRP15M-26OCT042045-45,0.9950,200.00,no
2026-10-05T00:44:07.292482Z,KXXRP15M-26OCT042045-45,0.9990,1.00,yes
2026-10-05T00:44:07.332795Z,KXXRP15M-26OCT042045-45,0.9990,0.16,yes
2026-10-05T00:44:07.332795Z,KXXRP15M-26OCT042045-45,0.9990,37.84,yes
2026-10-05T00:44:07.346859Z,KXXRP15M-26OCT042045-45,0.9990,10.00,yes
2026-10-05T00:44:07.346859Z,KXXRP15M-26OCT042045-45,0.9990,200.00,yes
2026-10-05T00:44:07.346859Z,KXXRP15M-26OCT042045-45,0.9990,40.00,yes
2026-10-05T00:44:07.346859Z,KXXRP15M-26OCT042045-45,0.9990,34.00,yes
2026-10-05T00:44:07.346859Z,KXXRP15M-26OCT042045-45,0.9990,199.84,yes
2026-10-05T00:44:07.346859Z,KXXRP15M-26OCT042045-45,0.9990,61.16,yes
2026-10-05T00:44:07.889694Z,KXXRP15M-26OCT042045-45,0.9970,37.75,no
2026-10-05T00:44:07.889694Z,KXXRP15M-26OCT042045-45,0.9970,1.00,no
2026-10-05T00:44:07.889694Z,KXXRP15M-26OCT042045-45,0.9990,62.00,no
2026-10-05T00:44:07.946048Z,KXXRP15M-26OCT042045-45,0.9990,1.00,yes
2026-10-05T00:44:07.946048Z,KXXRP15M-26OCT042045-45,0.9990,36.25,yes
2026-10-05T00:44:07.946048Z,KXXRP15M-26OCT042045-45,0.9990,37.75,yes
2026-10-05T00:44:08.242627Z,KXXRP15M-26OCT042045-45,0.9990,33.25,yes
2026-10-05T00:44:08.242627Z,KXXRP15M-26OCT042045-45,0.9990,3.75,yes
2026-10-05T00:44:08.487318Z,KXXRP15M-26OCT042045-45,0.9970,1.00,no
2026-10-05T00:44:08.487318Z,KXXRP15M-26OCT042045-45,0.9970,61.16,no
2026-10-05T00:44:08.487318Z,KXXRP15M-26OCT042045-45,0.9970,200.00,no
2026-10-05T00:44:08.487318Z,KXXRP15M-26OCT042045-45,0.9970,0.09,no
2026-10-05T00:44:08.487318Z,KXXRP15M-26OCT042045-45,0.9970,37.75,no
2026-10-05T00:44:08.487318Z,KXXRP15M-26OCT042045-45,0.9980,64.00,no
2026-10-05T00:44:08.487318Z,KXXRP15M-26OCT042045-45,0.9970,0.16,no
2026-10-05T00:44:08.487318Z,KXXRP15M-26OCT042045-45,0.9970,199.84,no
2026-10-05T00:44:08.487318Z,KXXRP15M-26OCT042045-45,0.9980,50.00,no
2026-10-05T00:44:08.487318Z,KXXRP15M-26OCT042045-45,0.9950,209.94,no
2026-10-05T00:44:08.487318Z,KXXRP15M-26OCT042045-45,0.9950,175.00,no
2026-10-05T00:44:08.487318Z,KXXRP15M-26OCT042045-45,0.9950,159.23,no
2026-10-05T00:44:08.487318Z,KXXRP15M-26OCT042045-45,0.9950,10.06,no
2026-10-05T00:44:08.955393Z,KXXRP15M-26OCT042045-45,0.9980,2.00,no
2026-10-05T00:44:09.056629Z,KXXRP15M-26OCT042045-45,0.9980,73.64,no
2026-10-05T00:44:09.454338Z,KXXRP15M-26OCT042045-45,0.9990,0.09,yes
2026-10-05T00:44:09.454338Z,KXXRP15M-26OCT042045-45,0.9990,0.16,yes
2026-10-05T00:44:09.454338Z,KXXRP15M-26OCT042045-45,0.9990,40.00,yes
2026-10-05T00:44:09.454338Z,KXXRP15M-26OCT042045-45,0.9990,159.75,yes
2026-10-05T00:44:10.764161Z,KXXRP15M-26OCT042045-45,0.9980,0.47,no
2026-10-05T00:44:10.764161Z,KXXRP15M-26OCT042045-45,0.9980,170.36,no
2026-10-05T00:44:10.764161Z,KXXRP15M-26OCT042045-45,0.9980,127.00,no
2026-10-05T00:44:10.764161Z,KXXRP15M-26OCT042045-45,0.9980,0.18,no
2026-10-05T00:44:10.764161Z,KXXRP15M-26OCT042045-45,0.9980,0.25,no
2026-10-05T00:44:10.764161Z,KXXRP15M-26OCT042045-45,0.9980,159.75,no
2026-10-05T00:44:11.495478Z,KXXRP15M-26OCT042045-45,0.9980,13.65,no
2026-10-05T00:44:12.032076Z,KXXRP15M-26OCT042045-45,0.9990,2.00,yes
2026-10-05T00:44:12.330227Z,KXXRP15M-26OCT042045-45,0.9990,38.09,yes
2026-10-05T00:44:12.330227Z,KXXRP15M-26OCT042045-45,0.9990,161.91,yes
2026-10-05T00:44:13.671787Z,KXXRP15M-26OCT042045-45,0.9990,61.16,yes
2026-10-05T00:44:13.671787Z,KXXRP15M-26OCT042045-45,0.9990,38.09,yes
2026-10-05T00:44:13.671787Z,KXXRP15M-26OCT042045-45,0.9990,37.75,yes
2026-10-05T00:44:13.671787Z,KXXRP15M-26OCT042045-45,0.9990,1.00,yes
2026-10-05T00:44:13.671787Z,KXXRP15M-26OCT042045-45,0.9990,34.00,yes
2026-10-05T00:44:13.671787Z,KXXRP15M-26OCT042045-45,0.9990,25.45,yes
2026-10-05T00:44:13.671787Z,KXXRP15M-26OCT042045-45,0.9990,0.25,yes
2026-10-05T00:44:13.671787Z,KXXRP15M-26OCT042045-45,0.9990,0.18,yes
2026-10-05T00:44:13.671787Z,KXXRP15M-26OCT042045-45,0.9990,159.75,yes
2026-10-05T00:44:13.964056Z,KXXRP15M-26OCT042045-45,0.9990,96.63,no
2026-10-05T00:44:15.328578Z,KXXRP15M-26OCT042045-45,0.9980,156.34,no
2026-10-05T00:44:15.328578Z,KXXRP15M-26OCT042045-45,0.9990,119.74,no
2026-10-05T00:44:15.328578Z,KXXRP15M-26OCT042045-45,0.9990,250.25,no
2026-10-05T00:44:16.947493Z,KXXRP15M-26OCT042045-45,0.9980,408.38,no
2026-10-05T00:44:16.947493Z,KXXRP15M-26OCT042045-45,0.9980,9.53,no
2026-10-05T00:44:16.947493Z,KXXRP15M-26OCT042045-45,0.9980,2.00,no
2026-10-05T00:44:16.947493Z,KXXRP15M-26OCT042045-45,0.9980,0.01,no
2026-10-05T00:44:16.947493Z,KXXRP15M-26OCT042045-45,0.9980,38.09,no
2026-10-05T00:44:16.973163Z,KXXRP15M-26OCT042045-45,0.9990,38.00,yes
2026-10-05T00:44:16.973163Z,KXXRP15M-26OCT042045-45,0.9990,2.00,yes
2026-10-05T00:44:17.053771Z,KXXRP15M-26OCT042045-45,0.9990,8.91,yes
2026-10-05T00:44:17.053771Z,KXXRP15M-26OCT042045-45,0.9990,34.00,yes
2026-10-05T00:44:17.053771Z,KXXRP15M-26OCT042045-45,0.9990,0.09,yes
2026-10-05T00:44:17.150997Z,KXXRP15M-26OCT042045-45,0.9990,33.38,yes
2026-10-05T00:44:17.150997Z,KXXRP15M-26OCT042045-45,0.9990,0.62,yes
2026-10-05T00:44:23.897626Z,KXXRP15M-26OCT042045-45,0.9990,900.00,no
2026-10-05T00:44:26.008402Z,KXXRP15M-26OCT042045-45,0.9990,915.99,no
2026-10-05T00:44:27.751122Z,KXXRP15M-26OCT042045-45,0.9990,915.99,no
2026-10-05T00:44:31.513872Z,KXXRP15M-26OCT042045-45,0.9990,5.00,no
2026-10-05T00:44:41.098455Z,KXXRP15M-26OCT042045-45,0.9990,4.18,no
2026-10-05T00:44:54.418223Z,KXXRP15M-26OCT042045-45,0.9990,82.50,no
2026-10-05T00:41:14.027455Z,KXBTC15M-26OCT042045-45,0.9830,55.53,no
2026-10-05T00:41:14.044153Z,KXBTC15M-26OCT042045-45,0.9830,33.00,no
2026-10-05T00:41:14.052936Z,KXBTC15M-26OCT042045-45,0.9830,2.36,no
2026-10-05T00:41:14.052936Z,KXBTC15M-26OCT042045-45,0.9830,44.97,no
2026-10-05T00:41:14.052936Z,KXBTC15M-26OCT042045-45,0.9830,0.01,no
2026-10-05T00:41:14.103557Z,KXBTC15M-26OCT042045-45,0.9840,11.65,yes
2026-10-05T00:41:14.106679Z,KXBTC15M-26OCT042045-45,0.9840,50.00,yes
2026-10-05T00:41:14.208399Z,KXBTC15M-26OCT042045-45,0.9830,5.00,no
2026-10-05T00:41:14.229464Z,KXBTC15M-26OCT042045-45,0.9840,0.01,yes
2026-10-05T00:41:14.229464Z,KXBTC15M-26OCT042045-45,0.9840,9.11,yes
2026-10-05T00:41:14.229464Z,KXBTC15M-26OCT042045-45,0.9840,0.01,yes
2026-10-05T00:41:14.257032Z,KXBTC15M-26OCT042045-45,0.9830,7.13,no
2026-10-05T00:41:14.270321Z,KXBTC15M-26OCT042045-45,0.9830,2.28,no
2026-10-05T00:41:14.27285Z,KXBTC15M-26OCT042045-45,0.9830,40.62,no
2026-10-05T00:41:14.27285Z,KXBTC15M-26OCT042045-45,0.9830,1.00,no
2026-10-05T00:41:14.27285Z,KXBTC15M-26OCT042045-45,0.9830,15.00,no
2026-10-05T00:41:14.27285Z,KXBTC15M-26OCT042045-45,0.9830,25.93,no
2026-10-05T00:41:14.352624Z,KXBTC15M-26OCT042045-45,0.9830,78.18,no
2026-10-05T00:41:14.352624Z,KXBTC15M-26OCT042045-45,0.9830,35.00,no
2026-10-05T00:41:14.352624Z,KXBTC15M-26OCT042045-45,0.9830,49.07,no
2026-10-05T00:41:14.352624Z,KXBTC15M-26OCT042045-45,0.9830,84.00,no
2026-10-05T00:41:14.355908Z,KXBTC15M-26OCT042045-45,0.9840,9.33,yes
2026-10-05T00:41:14.355908Z,KXBTC15M-26OCT042045-45,0.9840,5.89,yes
2026-10-05T00:41:14.513977Z,KXBTC15M-26OCT042045-45,0.9830,50.00,no
2026-10-05T00:41:14.513977Z,KXBTC15M-26OCT042045-45,0.9830,100.00,no
2026-10-05T00:41:14.513977Z,KXBTC15M-26OCT042045-45,0.9830,0.01,no
2026-10-05T00:41:14.513977Z,KXBTC15M-26OCT042045-45,0.9830,11.82,no
2026-10-05T00:41:14.513977Z,KXBTC15M-26OCT042045-45,0.9830,203.96,no
2026-10-05T00:41:14.513977Z,KXBTC15M-26OCT042045-45,0.9830,0.01,no
2026-10-05T00:41:14.513977Z,KXBTC15M-26OCT042045-45,0.9830,1.00,no
2026-10-05T00:41:14.513977Z,KXBTC15M-26OCT042045-45,0.9830,35.00,no
2026-10-05T00:41:14.513977Z,KXBTC15M-26OCT042045-45,0.9830,15.00,no
2026-10-05T00:41:14.528623Z,KXBTC15M-26OCT042045-45,0.9840,79.47,yes
2026-10-05T00:41:14.528623Z,KXBTC15M-26OCT042045-45,0.9840,5.67,yes
2026-10-05T00:41:14.604473Z,KXBTC15M-26OCT042045-45,0.9840,52.64,yes
2026-10-05T00:41:14.604473Z,KXBTC15M-26OCT042045-45,0.9840,15.00,yes
2026-10-05T00:41:14.604473Z,KXBTC15M-26OCT042045-45,0.9840,0.01,yes
2026-10-05T00:41:14.604473Z,KXBTC15M-26OCT042045-45,0.9840,17.55,yes
2026-10-05T00:41:14.604473Z,KXBTC15M-26OCT042045-45,0.9840,0.01,yes
2026-10-05T00:41:14.617212Z,KXBTC15M-26OCT042045-45,0.9830,0.01,no
2026-10-05T00:41:14.617212Z,KXBTC15M-26OCT042045-45,0.9830,8.26,no
2026-10-05T00:41:14.617212Z,KXBTC15M-26OCT042045-45,0.9830,15.00,no
2026-10-05T00:41:14.617212Z,KXBTC15M-26OCT042045-45,0.9830,1.00,no
2026-10-05T00:41:14.667732Z,KXBTC15M-26OCT042045-45,0.9830,0.01,no
2026-10-05T00:41:14.667732Z,KXBTC15M-26OCT042045-45,0.9830,0.01,no
2026-10-05T00:41:14.667732Z,KXBTC15M-26OCT042045-45,0.9830,91.74,no
2026-10-05T00:41:14.667732Z,KXBTC15M-26OCT042045-45,0.9830,18.31,no
2026-10-05T00:41:14.674978Z,KXBTC15M-26OCT042045-45,0.9840,9.85,yes
2026-10-05T00:41:14.744468Z,KXBTC15M-26OCT042045-45,0.9830,15.00,no
2026-10-05T00:41:14.744468Z,KXBTC15M-26OCT042045-45,0.9830,1.00,no
2026-10-05T00:41:14.770016Z,KXBTC15M-26OCT042045-45,0.9830,15.12,yes
2026-10-05T00:41:14.770016Z,KXBTC15M-26OCT042045-45,0.9830,0.10,yes
2026-10-05T00:41:14.774945Z,KXBTC15M-26OCT042045-45,0.9820,15.00,no
2026-10-05T00:41:14.774945Z,KXBTC15M-26OCT042045-45,0.9820,1.00,no
2026-10-05T00:41:14.774945Z,KXBTC15M-26OCT042045-45,0.9820,100.00,no
2026-10-05T00:41:14.774945Z,KXBTC15M-26OCT042045-45,0.9820,41.00,no
2026-10-05T00:41:14.774945Z,KXBTC15M-26OCT042045-45,0.9820,9.00,no
2026-10-05T00:41:14.888618Z,KXBTC15M-26OCT042045-45,0.9830,346.13,yes
2026-10-05T00:41:14.888618Z,KXBTC15M-26OCT042045-45,0.9830,0.01,yes
2026-10-05T00:41:14.888618Z,KXBTC15M-26OCT042045-45,0.9830,184.88,yes
2026-10-05T00:41:14.908499Z,KXBTC15M-26OCT042045-45,0.9830,153.87,yes
2026-10-05T00:41:14.908499Z,KXBTC15M-26OCT042045-45,0.9830,0.01,yes
2026-10-05T00:41:14.908499Z,KXBTC15M-26OCT042045-45,0.9830,0.01,yes
2026-10-05T00:41:15.102402Z,KXBTC15M-26OCT042045-45,0.9840,15.00,yes
2026-10-05T00:41:15.102402Z,KXBTC15M-26OCT042045-45,0.9840,15.00,yes
2026-10-05T00:41:15.102402Z,KXBTC15M-26OCT042045-45,0.9840,15.00,yes
2026-10-05T00:41:15.102402Z,KXBTC15M-26OCT042045-45,0.9840,15.00,yes
2026-10-05T00:41:15.102402Z,KXBTC15M-26OCT042045-45,0.9840,55.72,yes
2026-10-05T00:41:15.147281Z,KXBTC15M-26OCT042045-45,0.9830,110.07,no
2026-10-05T00:41:15.271915Z,KXBTC15M-26OCT042045-45,0.9830,55.55,no
2026-10-05T00:41:15.291593Z,KXBTC15M-26OCT042045-45,0.9830,2.59,no
2026-10-05T00:41:15.29225Z,KXBTC15M-26OCT042045-45,0.9850,15.00,yes
2026-10-05T00:41:15.29225Z,KXBTC15M-26OCT042045-45,0.9850,15.00,yes
2026-10-05T00:41:15.29225Z,KXBTC15M-26OCT042045-45,0.9840,0.01,yes
2026-10-05T00:41:15.29225Z,KXBTC15M-26OCT042045-45,0.9840,0.01,yes
2026-10-05T00:41:15.29225Z,KXBTC15M-26OCT042045-45,0.9850,72.78,yes
2026-10-05T00:41:15.294718Z,KXBTC15M-26OCT042045-45,0.9850,36.79,yes
2026-10-05T00:41:15.408058Z,KXBTC15M-26OCT042045-45,0.9850,5.61,yes
2026-10-05T00:41:15.408058Z,KXBTC15M-26OCT042045-45,0.9840,0.01,yes
2026-10-05T00:41:15.408058Z,KXBTC15M-26OCT042045-45,0.9840,0.01,yes
2026-10-05T00:41:15.423306Z,KXBTC15M-26OCT042045-45,0.9850,0.99,yes
2026-10-05T00:41:15.423306Z,KXBTC15M-26OCT042045-45,0.9840,0.01,yes
2026-10-05T00:41:15.448304Z,KXBTC15M-26OCT042045-45,0.9840,0.01,yes
2026-10-05T00:41:15.448304Z,KXBTC15M-26OCT042045-45,0.9840,0.01,yes
2026-10-05T00:41:15.461516Z,KXBTC15M-26OCT042045-45,0.9830,53.93,no
2026-10-05T00:41:15.605312Z,KXBTC15M-26OCT042045-45,0.9830,13.48,no
2026-10-05T00:41:15.621066Z,KXBTC15M-26OCT042045-45,0.9840,0.01,yes
2026-10-05T00:41:15.621066Z,KXBTC15M-26OCT042045-45,0.9840,0.01,yes
2026-10-05T00:41:15.621066Z,KXBTC15M-26OCT042045-45,0.9840,1.00,yes
2026-10-05T00:41:15.6263Z,KXBTC15M-26OCT042045-45,0.9830,28.06,no
2026-10-05T00:41:15.629065Z,KXBTC15M-26OCT042045-45,0.9830,53.93,no
2026-10-05T00:41:15.649197Z,KXBTC15M-26OCT042045-45,0.9830,2.28,no
2026-10-05T00:41:15.672673Z,KXBTC15M-26OCT042045-45,0.9830,7.15,no
2026-10-05T00:41:15.715299Z,KXBTC15M-26OCT042045-45,0.9830,34.84,no
2026-10-05T00:41:15.715299Z,KXBTC15M-26OCT042045-45,0.9830,19.09,no
2026-10-05T00:41:15.726117Z,KXBTC15M-26OCT042045-45,0.9840,4.95,yes
2026-10-05T00:41:15.726117Z,KXBTC15M-26OCT042045-45,0.9840,0.01,yes
2026-10-05T00:41:15.726117Z,KXBTC15M-26OCT042045-45,0.9840,0.01,yes
2026-10-05T00:41:15.730463Z,KXBTC15M-26OCT042045-45,0.9840,13.55,yes
2026-10-05T00:41:15.774001Z,KXBTC15M-26OCT042045-45,0.9830,53.93,no
2026-10-05T00:41:15.782192Z,KXBTC15M-26OCT042045-45,0.9830,53.93,no
2026-10-05T00:41:15.830477Z,KXBTC15M-26OCT042045-45,0.9830,1.51,no
2026-10-05T00:41:15.869197Z,KXBTC15M-26OCT042045-45,0.9830,53.93,no
2026-10-05T00:41:15.910321Z,KXBTC15M-26OCT042045-45,0.9830,110.07,no
2026-10-05T00:41:15.930959Z,KXBTC15M-26OCT042045-45,0.9830,3.93,no
2026-10-05T00:41:15.957687Z,KXBTC15M-26OCT042045-45,0.9830,2.40,no
2026-10-05T00:41:15.966307Z,KXBTC15M-26OCT042045-45,0.9830,53.93,no
2026-10-05T00:41:16.016741Z,KXBTC15M-26OCT042045-45,0.9830,27.52,no
2026-10-05T00:41:16.017156Z,KXBTC15M-26OCT042045-45,0.9830,8.16,no
2026-10-05T00:41:16.06517Z,KXBTC15M-26OCT042045-45,0.9830,21.86,no
2026-10-05T00:41:16.185487Z,KXBTC15M-26OCT042045-45,0.9830,26.96,no
2026-10-05T00:41:16.221307Z,KXBTC15M-26OCT042045-45,0.9830,0.01,no
2026-10-05T00:41:16.221307Z,KXBTC15M-26OCT042045-45,0.9830,50.03,no
2026-10-05T00:41:16.221307Z,KXBTC15M-26OCT042045-45,0.9830,13.00,no
2026-10-05T00:41:16.221307Z,KXBTC15M-26OCT042045-45,0.9830,47.03,no
2026-10-05T00:41:16.256826Z,KXBTC15M-26OCT042045-45,0.9830,19.26,no
2026-10-05T00:41:16.275515Z,KXBTC15M-26OCT042045-45,0.9830,5.72,no
2026-10-05T00:41:16.275515Z,KXBTC15M-26OCT042045-45,0.9830,0.10,no
2026-10-05T00:41:16.275515Z,KXBTC15M-26OCT042045-45,0.9830,30.71,no
2026-10-05T00:41:16.275515Z,KXBTC15M-26OCT042045-45,0.9830,15.00,no
2026-10-05T00:41:16.307058Z,KXBTC15M-26OCT042045-45,0.9830,103.37,no
2026-10-05T00:41:16.30856Z,KXBTC15M-26OCT042045-45,0.9830,26.75,no
2026-10-05T00:41:16.343009Z,KXBTC15M-26OCT042045-45,0.9830,53.93,no
2026-10-05T00:41:16.346883Z,KXBTC15M-26OCT042045-45,0.9840,1.01,yes
2026-10-05T00:41:16.351709Z,KXBTC15M-26OCT042045-45,0.9830,110.07,no
2026-10-05T00:41:16.429729Z,KXBTC15M-26OCT042045-45,0.9830,11.55,no
2026-10-05T00:41:16.474289Z,KXBTC15M-26OCT042045-45,0.9830,88.61,no
2026-10-05T00:41:16.474289Z,KXBTC15M-26OCT042045-45,0.9830,20.46,no
2026-10-05T00:41:16.474289Z,KXBTC15M-26OCT042045-45,0.9830,1.00,no
2026-10-05T00:41:16.53941Z,KXBTC15M-26OCT042045-45,0.9830,9.16,no
2026-10-05T00:41:16.541812Z,KXBTC15M-26OCT042045-45,0.9830,53.93,no
2026-10-05T00:41:16.566264Z,KXBTC15M-26OCT042045-45,0.9840,5.98,yes
2026-10-05T00:41:16.628908Z,KXBTC15M-26OCT042045-45,0.9830,10.21,no
2026-10-05T00:41:16.64301Z,KXBTC15M-26OCT042045-45,0.9830,106.24,no
2026-10-05T00:41:16.64301Z,KXBTC15M-26OCT042045-45,0.9830,68.38,no
2026-10-05T00:41:16.64301Z,KXBTC15M-26OCT042045-45,0.9830,0.01,no
2026-10-05T00:41:16.664061Z,KXBTC15M-26OCT042045-45,0.9830,8.00,no
2026-10-05T00:41:16.664061Z,KXBTC15M-26OCT042045-45,0.9830,21.62,no
2026-10-05T00:41:16.664061Z,KXBTC15M-26OCT042045-45,0.9830,24.31,no
2026-10-05T00:41:16.684611Z,KXBTC15M-26OCT042045-45,0.9840,256.53,yes
2026-10-05T00:41:16.684611Z,KXBTC15M-26OCT042045-45,0.9840,0.01,yes
2026-10-05T00:41:16.684611Z,KXBTC15M-26OCT042045-45,0.9840,0.01,yes
2026-10-05T00:41:16.684611Z,KXBTC15M-26OCT042045-45,0.9840,15.00,yes
2026-10-05T00:41:16.684611Z,KXBTC15M-26OCT042045-45,0.9850,6.45,yes
2026-10-05T00:41:16.685452Z,KXBTC15M-26OCT042045-45,0.9830,295.69,no
2026-10-05T00:41:16.685452Z,KXBTC15M-26OCT042045-45,0.9830,153.87,no
2026-10-05T00:41:16.685452Z,KXBTC15M-26OCT042045-45,0.9830,100.00,no
2026-10-05T00:41:16.685452Z,KXBTC15M-26OCT042045-45,0.9830,0.01,no
2026-10-05T00:41:16.685452Z,KXBTC15M-26OCT042045-45,0.9830,1.00,no
2026-10-05T00:41:16.685452Z,KXBTC15M-26OCT042045-45,0.9830,13.00,no
2026-10-05T00:41:16.685452Z,KXBTC15M-26OCT042045-45,0.9830,500.00,no
2026-10-05T00:41:16.685452Z,KXBTC15M-26OCT042045-45,0.9830,15.00,no
2026-10-05T00:41:16.685452Z,KXBTC15M-26OCT042045-45,0.9830,247.34,no
2026-10-05T00:41:16.685452Z,KXBTC15M-26OCT042045-45,0.9830,50.00,no
2026-10-05T00:41:16.695636Z,KXBTC15M-26OCT042045-45,0.9790,10.00,no
2026-10-05T00:41:16.695636Z,KXBTC15M-26OCT042045-45,0.9810,10.00,no
2026-10-05T00:41:16.695636Z,KXBTC15M-26OCT042045-45,0.9810,128.00,no
2026-10-05T00:41:16.695636Z,KXBTC15M-26OCT042045-45,0.9800,1.00,no
2026-10-05T00:41:16.695636Z,KXBTC15M-26OCT042045-45,0.9810,12.00,no
2026-10-05T00:41:16.695636Z,KXBTC15M-26OCT042045-45,0.9800,15.00,no
2026-10-05T00:41:16.695636Z,KXBTC15M-26OCT042045-45,0.9800,93.75,no
2026-10-05T00:41:16.695636Z,KXBTC15M-26OCT042045-45,0.9800,64.00,no
2026-10-05T00:41:16.695636Z,KXBTC15M-26OCT042045-45,0.9800,64.00,no
2026-10-05T00:41:16.695636Z,KXBTC15M-26OCT042045-45,0.9770,20.00,no
2026-10-05T00:41:16.695636Z,KXBTC15M-26OCT042045-45,0.9800,360.00,no
2026-10-05T00:41:16.695636Z,KXBTC15M-26OCT042045-45,0.9800,93.75,no
2026-10-05T00:41:16.695636Z,KXBTC15M-26OCT042045-45,0.9820,9.00,no
2026-10-05T00:41:16.695636Z,KXBTC15M-26OCT042045-45,0.9820,200.00,no
2026-10-05T00:41:16.695636Z,KXBTC15M-26OCT042045-45,0.9790,1.00,no
2026-10-05T00:41:16.695636Z,KXBTC15M-26OCT042045-45,0.9820,1.00,no
2026-10-05T00:41:16.695636Z,KXBTC15M-26OCT042045-45,0.9800,30.00,no
2026-10-05T00:41:16.695636Z,KXBTC15M-26OCT042045-45,0.9800,15.00,no
2026-10-05T00:41:16.695636Z,KXBTC15M-26OCT042045-45,0.9810,15.00,no
2026-10-05T00:41:16.695636Z,KXBTC15M-26OCT042045-45,0.9780,1.00,no
2026-10-05T00:41:16.695636Z,KXBTC15M-26OCT042045-45,0.9820,1000.00,no
2026-10-05T00:41:16.695636Z,KXBTC15M-26OCT042045-45,0.9790,150.00,no
2026-10-05T00:41:16.695636Z,KXBTC15M-26OCT042045-45,0.9830,0.01,no
2026-10-05T00:41:16.695636Z,KXBTC15M-26OCT042045-45,0.9830,152.66,no
2026-10-05T00:41:16.695636Z,KXBTC15M-26OCT042045-45,0.9830,0.01,no
2026-10-05T00:41:16.695636Z,KXBTC15M-26OCT042045-45,0.9810,2.00,no
2026-10-05T00:41:16.695636Z,KXBTC15M-26OCT042045-45,0.9830,100.00,no
2026-10-05T00:41:16.695636Z,KXBTC15M-26OCT042045-45,0.9770,1.00,no
2026-10-05T00:41:16.695636Z,KXBTC15M-26OCT042045-45,0.9830,200.00,no
2026-10-05T00:41:16.695636Z,KXBTC15M-26OCT042045-45,0.9830,13.00,no
2026-10-05T00:41:16.695636Z,KXBTC15M-26OCT042045-45,0.9760,705.40,no
2026-10-05T00:41:16.695636Z,KXBTC15M-26OCT042045-45,0.9800,1139.43,no
2026-10-05T00:41:16.695636Z,KXBTC15M-26OCT042045-45,0.9800,50.00,no
2026-10-05T00:41:16.695636Z,KXBTC15M-26OCT042045-45,0.9780,500.00,no
2026-10-05T00:41:16.695636Z,KXBTC15M-26OCT042045-45,0.9830,256.57,no
2026-10-05T00:41:16.695636Z,KXBTC15M-26OCT042045-45,0.9770,2.00,no
2026-10-05T00:41:16.695636Z,KXBTC15M-26OCT042045-45,0.9800,2.00,no
2026-10-05T00:41:16.695636Z,KXBTC15M-26OCT042045-45,0.9780,2.00,no
2026-10-05T00:41:16.695636Z,KXBTC15M-26OCT042045-45,0.9790,2.00,no
2026-10-05T00:41:16.695636Z,KXBTC15M-26OCT042045-45,0.9790,2.00,no
2026-10-05T00:41:16.695636Z,KXBTC15M-26OCT042045-45,0.9770,5.00,no
2026-10-05T00:41:16.695636Z,KXBTC15M-26OCT042045-45,0.9810,1.00,no
2026-10-05T00:41:16.695636Z,KXBTC15M-26OCT042045-45,0.9810,50.00,no
2026-10-05T00:41:16.695636Z,KXBTC15M-26OCT042045-45,0.9800,0.01,no
2026-10-05T00:41:16.695636Z,KXBTC15M-26OCT042045-45,0.9820,10.00,no
2026-10-05T00:41:16.695636Z,KXBTC15M-26OCT042045-45,0.9780,15.00,no
2026-10-05T00:41:16.695636Z,KXBTC15M-26OCT042045-45,0.9800,15.00,no
2026-10-05T00:41:16.704205Z,KXBTC15M-26OCT042045-45,0.9850,36.38,yes
2026-10-05T00:41:16.704205Z,KXBTC15M-26OCT042045-45,0.9850,0.01,yes
2026-10-05T00:41:16.708469Z,KXBTC15M-26OCT042045-45,0.9840,0.10,no
2026-10-05T00:41:16.708469Z,KXBTC15M-26OCT042045-45,0.9840,54.94,no
2026-10-05T00:41:16.720935Z,KXBTC15M-26OCT042045-45,0.9840,0.01,no
2026-10-05T00:41:16.720935Z,KXBTC15M-26OCT042045-45,0.9840,0.01,no
2026-10-05T00:41:16.720935Z,KXBTC15M-26OCT042045-45,0.9840,3.28,no
2026-10-05T00:41:16.74999Z,KXBTC15M-26OCT042045-45,0.9850,3.00,yes
2026-10-05T00:41:16.798162Z,KXBTC15M-26OCT042045-45,0.9830,18.51,no
2026-10-05T00:41:16.798162Z,KXBTC15M-26OCT042045-45,0.9840,0.01,no
2026-10-05T00:41:16.798162Z,KXBTC15M-26OCT042045-45,0.9830,0.01,no
2026-10-05T00:41:16.798162Z,KXBTC15M-26OCT042045-45,0.9830,0.01,no
2026-10-05T00:41:16.798162Z,KXBTC15M-26OCT042045-45,0.9840,0.01,no
2026-10-05T00:41:16.798162Z,KXBTC15M-26OCT042045-45,0.9840,11.72,no
2026-10-05T00:41:16.799342Z,KXBTC15M-26OCT042045-45,0.9830,69.00,no
2026-10-05T00:41:16.879821Z,KXBTC15M-26OCT042045-45,0.9840,0.10,no
2026-10-05T00:41:16.879821Z,KXBTC15M-26OCT042045-45,0.9840,400.00,no
2026-10-05T00:41:16.879821Z,KXBTC15M-26OCT042045-45,0.9840,15.00,no
2026-10-05T00:41:16.879821Z,KXBTC15M-26OCT042045-45,0.9840,1.00,no
2026-10-05T00:41:16.879821Z,KXBTC15M-26OCT042045-45,0.9840,94.49,no
2026-10-05T00:41:16.900205Z,KXBTC15M-26OCT042045-45,0.9830,40.02,no
2026-10-05T00:41:16.900205Z,KXBTC15M-26OCT042045-45,0.9830,0.01,no
2026-10-05T00:41:16.900205Z,KXBTC15M-26OCT042045-45,0.9840,15.00,no
2026-10-05T00:41:16.900205Z,KXBTC15M-26OCT042045-45,0.9830,0.01,no
2026-10-05T00:41:17.020943Z,KXBTC15M-26OCT042045-45,0.9830,35.00,no
2026-10-05T00:41:17.041151Z,KXBTC15M-26OCT042045-45,0.9830,12.30,no
2026-10-05T00:41:17.044816Z,KXBTC15M-26OCT042045-45,0.9830,2.52,no
2026-10-05T00:41:17.056308Z,KXBTC15M-26OCT042045-45,0.9830,1.02,no
2026-10-05T00:41:17.13351Z,KXBTC15M-26OCT042045-45,0.9830,6.55,no
2026-10-05T00:41:17.144959Z,KXBTC15M-26OCT042045-45,0.9830,26.75,no
2026-10-05T00:41:17.167015Z,KXBTC15M-26OCT042045-45,0.9830,1.45,no
2026-10-05T00:41:17.179186Z,KXBTC15M-26OCT042045-45,0.9830,9.47,no
2026-10-05T00:41:17.199763Z,KXBTC15M-26OCT042045-45,0.9840,2.00,yes
2026-10-05T00:41:17.199763Z,KXBTC15M-26OCT042045-45,0.9840,0.01,yes
2026-10-05T00:41:17.199763Z,KXBTC15M-26OCT042045-45,0.9850,8.64,yes
2026-10-05T00:41:17.199763Z,KXBTC15M-26OCT042045-45,0.9840,0.01,yes
2026-10-05T00:41:17.214644Z,KXBTC15M-26OCT042045-45,0.9830,110.07,no
2026-10-05T00:41:17.34172Z,KXBTC15M-26OCT042045-45,0.9840,12.00,no
2026-10-05T00:41:17.34172Z,KXBTC15M-26OCT042045-45,0.9840,0.01,no
2026-10-05T00:41:17.34172Z,KXBTC15M-26OCT042045-45,0.9840,0.10,no
2026-10-05T00:41:17.34172Z,KXBTC15M-26OCT042045-45,0.9840,0.01,no
2026-10-05T00:41:17.34172Z,KXBTC15M-26OCT042045-45,0.9840,23.40,no
2026-10-05T00:41:17.349896Z,KXBTC15M-26OCT042045-45,0.9840,18.47,no
2026-10-05T00:41:17.349896Z,KXBTC15M-26OCT042045-45,0.9840,15.00,no
2026-10-05T00:41:17.349896Z,KXBTC15M-26OCT042045-45,0.9840,76.60,no
2026-10-05T00:41:17.366312Z,KXBTC15M-26OCT042045-45,0.9840,55.04,no
2026-10-05T00:41:17.443109Z,KXBTC15M-26OCT042045-45,0.9840,55.04,no
2026-10-05T00:41:17.529454Z,KXBTC15M-26OCT042045-45,0.9840,110.07,no
2026-10-05T00:41:17.535677Z,KXBTC15M-26OCT042045-45,0.9840,17.50,no
2026-10-05T00:41:17.557782Z,KXBTC15M-26OCT042045-45,0.9840,10.06,no
2026-10-05T00:41:17.573872Z,KXBTC15M-26OCT042045-45,0.9850,7.73,yes
2026-10-05T00:41:17.598383Z,KXBTC15M-26OCT042045-45,0.9850,15.00,yes
2026-10-05T00:41:17.598383Z,KXBTC15M-26OCT042045-45,0.9850,15.00,yes
2026-10-05T00:41:17.598383Z,KXBTC15M-26OCT042045-45,0.9850,483.63,yes
2026-10-05T00:41:17.598383Z,KXBTC15M-26OCT042045-45,0.9850,15.00,yes
2026-10-05T00:41:17.598383Z,KXBTC15M-26OCT042045-45,0.9850,15.00,yes
2026-10-05T00:41:17.598383Z,KXBTC15M-26OCT042045-45,0.9850,0.01,yes
2026-10-05T00:41:17.598383Z,KXBTC15M-26OCT042045-45,0.9850,0.01,yes
2026-10-05T00:41:17.668338Z,KXBTC15M-26OCT042045-45,0.9850,0.01,no
2026-10-05T00:41:17.668338Z,KXBTC15M-26OCT042045-45,0.9850,0.01,no
2026-10-05T00:41:17.668338Z,KXBTC15M-26OCT042045-45,0.9850,1.00,no
2026-10-05T00:41:17.668338Z,KXBTC15M-26OCT042045-45,0.9850,283.88,no
2026-10-05T00:41:17.668338Z,KXBTC15M-26OCT042045-45,0.9850,100.00,no
2026-10-05T00:41:17.668338Z,KXBTC15M-26OCT042045-45,0.9850,0.10,no
2026-10-05T00:41:17.668338Z,KXBTC15M-26OCT042045-45,0.9850,15.00,no
2026-10-05T00:41:17.690219Z,KXBTC15M-26OCT042045-45,0.9850,116.12,no
2026-10-05T00:41:17.690219Z,KXBTC15M-26OCT042045-45,0.9850,57.88,no
2026-10-05T00:41:17.715276Z,KXBTC15M-26OCT042045-45,0.9850,0.01,no
2026-10-05T00:41:17.715276Z,KXBTC15M-26OCT042045-45,0.9850,1.00,no
2026-10-05T00:41:17.715276Z,KXBTC15M-26OCT042045-45,0.9850,0.01,no
2026-10-05T00:41:17.723712Z,KXBTC15M-26OCT042045-45,0.9850,1.00,no
2026-10-05T00:41:17.774367Z,KXBTC15M-26OCT042045-45,0.9860,15.00,yes
2026-10-05T00:41:17.774367Z,KXBTC15M-26OCT042045-45,0.9860,15.00,yes
2026-10-05T00:41:17.774367Z,KXBTC15M-26OCT042045-45,0.9860,2.00,yes
2026-10-05T00:41:17.774367Z,KXBTC15M-26OCT042045-45,0.9860,2.00,yes
2026-10-05T00:41:17.774367Z,KXBTC15M-26OCT042045-45,0.9860,89.43,yes
2026-10-05T00:41:17.791018Z,KXBTC15M-26OCT042045-45,0.9860,1.67,yes
2026-10-05T00:41:17.808461Z,KXBTC15M-26OCT042045-45,0.9850,6.51,no
2026-10-05T00:41:17.808461Z,KXBTC15M-26OCT042045-45,0.9850,14.00,no
2026-10-05T00:41:17.949629Z,KXBTC15M-26OCT042045-45,0.9850,25.25,no
2026-10-05T00:41:17.976446Z,KXBTC15M-26OCT042045-45,0.9850,59.39,no
2026-10-05T00:41:17.992426Z,KXBTC15M-26OCT042045-45,0.9850,59.14,no
2026-10-05T00:41:17.993081Z,KXBTC15M-26OCT042045-45,0.9850,1.00,no
2026-10-05T00:41:17.993081Z,KXBTC15M-26OCT042045-45,0.9850,0.01,no
2026-10-05T00:41:17.993081Z,KXBTC15M-26OCT042045-45,0.9850,24.45,no
2026-10-05T00:41:17.993081Z,KXBTC15M-26OCT042045-45,0.9850,249.71,no
2026-10-05T00:41:17.993081Z,KXBTC15M-26OCT042045-45,0.9850,0.01,no
2026-10-05T00:41:18.104361Z,KXBTC15M-26OCT042045-45,0.9850,124.73,no
2026-10-05T00:41:18.138861Z,KXBTC15M-26OCT042045-45,0.9850,1.00,no
2026-10-05T00:41:18.138861Z,KXBTC15M-26OCT042045-45,0.9840,314.79,no
2026-10-05T00:41:18.138861Z,KXBTC15M-26OCT042045-45,0.9840,1.00,no
2026-10-05T00:41:18.138861Z,KXBTC15M-26OCT042045-45,0.9850,15.00,no
2026-10-05T00:41:18.224629Z,KXBTC15M-26OCT042045-45,0.9850,10.62,no
2026-10-05T00:41:18.224629Z,KXBTC15M-26OCT042045-45,0.9850,15.00,no
2026-10-05T00:41:18.33007Z,KXBTC15M-26OCT042045-45,0.9860,16.52,yes
2026-10-05T00:41:18.349836Z,KXBTC15M-26OCT042045-45,0.9860,147.99,yes
2026-10-05T00:41:18.372948Z,KXBTC15M-26OCT042045-45,0.9860,0.01,yes
2026-10-05T00:41:18.372948Z,KXBTC15M-26OCT042045-45,0.9860,10.11,yes
2026-10-05T00:41:18.372948Z,KXBTC15M-26OCT042045-45,0.9860,0.01,yes
2026-10-05T00:41:18.41481Z,KXBTC15M-26OCT042045-45,0.9850,4.38,no
2026-10-05T00:41:18.41481Z,KXBTC15M-26OCT042045-45,0.9850,1.00,no
2026-10-05T00:41:18.41481Z,KXBTC15M-26OCT042045-45,0.9850,306.45,no
2026-10-05T00:41:18.424208Z,KXBTC15M-26OCT042045-45,0.9840,200.00,no
2026-10-05T00:41:18.424208Z,KXBTC15M-26OCT042045-45,0.9850,5.55,no
2026-10-05T00:41:18.424208Z,KXBTC15M-26OCT042045-45,0.9850,4.00,no
2026-10-05T00:41:18.424208Z,KXBTC15M-26OCT042045-45,0.9840,12.00,no
2026-10-05T00:41:18.424208Z,KXBTC15M-26OCT042045-45,0.9840,192.00,no
2026-10-05T00:41:18.424208Z,KXBTC15M-26OCT042045-45,0.9850,0.01,no
2026-10-05T00:41:18.424208Z,KXBTC15M-26OCT042045-45,0.9850,0.01,no
2026-10-05T00:41:18.424208Z,KXBTC15M-26OCT042045-45,0.9840,436.00,no
2026-10-05T00:41:18.424208Z,KXBTC15M-26OCT042045-45,0.9840,1.00,no
2026-10-05T00:41:18.424208Z,KXBTC15M-26OCT042045-45,0.9840,12.00,no
2026-10-05T00:41:18.424208Z,KXBTC15M-26OCT042045-45,0.9830,137.43,no
2026-10-05T00:41:18.429033Z,KXBTC15M-26OCT042045-45,0.9860,15.00,yes
2026-10-05T00:41:18.429033Z,KXBTC15M-26OCT042045-45,0.9860,4.89,yes
2026-10-05T00:41:18.429033Z,KXBTC15M-26OCT042045-45,0.9860,15.57,yes
2026-10-05T00:41:18.486889Z,KXBTC15M-26OCT042045-45,0.9860,15.00,yes
2026-10-05T00:41:18.486889Z,KXBTC15M-26OCT042045-45,0.9860,0.01,yes
2026-10-05T00:41:18.486889Z,KXBTC15M-26OCT042045-45,0.9860,15.00,yes
2026-10-05T00:41:18.486889Z,KXBTC15M-26OCT042045-45,0.9860,15.00,yes
2026-10-05T00:41:18.486889Z,KXBTC15M-26OCT042045-45,0.9860,53.98,yes
2026-10-05T00:41:18.486889Z,KXBTC15M-26OCT042045-45,0.9860,0.01,yes
2026-10-05T00:41:18.486889Z,KXBTC15M-26OCT042045-45,0.9860,200.00,yes
2026-10-05T00:41:18.514892Z,KXBTC15M-26OCT042045-45,0.9850,4.57,no
2026-10-05T00:41:18.574272Z,KXBTC15M-26OCT042045-45,0.9850,1.00,no
2026-10-05T00:41:18.574272Z,KXBTC15M-26OCT042045-45,0.9850,10.43,no
2026-10-05T00:41:18.574272Z,KXBTC15M-26OCT042045-45,0.9840,18.09,no
2026-10-05T00:41:18.574272Z,KXBTC15M-26OCT042045-45,0.9850,0.01,no
2026-10-05T00:41:18.574272Z,KXBTC15M-26OCT042045-45,0.9850,0.01,no
2026-10-05T00:41:18.583646Z,KXBTC15M-26OCT042045-45,0.9840,26.58,no
2026-10-05T00:41:18.586317Z,KXBTC15M-26OCT042045-45,0.9840,2.94,no
2026-10-05T00:41:18.605604Z,KXBTC15M-26OCT042045-45,0.9840,12.00,no
2026-10-05T00:41:18.605604Z,KXBTC15M-26OCT042045-45,0.9840,44.41,no
2026-10-05T00:41:18.605604Z,KXBTC15M-26OCT042045-45,0.9840,1.00,no
2026-10-05T00:41:18.63112Z,KXBTC15M-26OCT042045-45,0.9840,22.70,no
2026-10-05T00:41:18.67316Z,KXBTC15M-26OCT042045-45,0.9850,0.01,yes
2026-10-05T00:41:18.67316Z,KXBTC15M-26OCT042045-45,0.9850,0.01,yes
2026-10-05T00:41:18.67316Z,KXBTC15M-26OCT042045-45,0.9860,15.00,yes
2026-10-05T00:41:18.67316Z,KXBTC15M-26OCT042045-45,0.9860,3.21,yes
2026-10-05T00:41:18.673512Z,KXBTC15M-26OCT042045-45,0.9840,132.89,no
2026-10-05T00:41:18.673512Z,KXBTC15M-26OCT042045-45,0.9840,100.00,no
2026-10-05T00:41:18.673512Z,KXBTC15M-26OCT042045-45,0.9840,250.00,no
2026-10-05T00:41:18.673512Z,KXBTC15M-26OCT042045-45,0.9840,0.01,no
2026-10-05T00:41:18.673512Z,KXBTC15M-26OCT042045-45,0.9840,400.00,no
2026-10-05T00:41:18.673512Z,KXBTC15M-26OCT042045-45,0.9840,0.01,no
2026-10-05T00:41:18.673512Z,KXBTC15M-26OCT042045-45,0.9840,248.00,no
2026-10-05T00:41:18.673512Z,KXBTC15M-26OCT042045-45,0.9840,12.00,no
2026-10-05T00:41:18.673512Z,KXBTC15M-26OCT042045-45,0.9840,500.00,no
2026-10-05T00:41:18.673512Z,KXBTC15M-26OCT042045-45,0.9830,3690.13,no
2026-10-05T00:41:18.729776Z,KXBTC15M-26OCT042045-45,0.9830,400.00,no
2026-10-05T00:41:18.729776Z,KXBTC15M-26OCT042045-45,0.9830,0.01,no
2026-10-05T00:41:18.729776Z,KXBTC15M-26OCT042045-45,0.9830,0.01,no
2026-10-05T00:41:18.729776Z,KXBTC15M-26OCT042045-45,0.9830,15.00,no
2026-10-05T00:41:18.729776Z,KXBTC15M-26OCT042045-45,0.9830,1649.83,no
2026-10-05T00:41:18.734702Z,KXBTC15M-26OCT042045-45,0.9840,202.64,yes
2026-10-05T00:41:18.789884Z,KXBTC15M-26OCT042045-45,0.9830,0.10,yes
2026-10-05T00:41:18.789884Z,KXBTC15M-26OCT042045-45,0.9830,0.01,yes
2026-10-05T00:41:18.789884Z,KXBTC15M-26OCT042045-45,0.9830,0.01,yes
2026-10-05T00:41:18.789884Z,KXBTC15M-26OCT042045-45,0.9830,2.89,yes
2026-10-05T00:41:18.857484Z,KXBTC15M-26OCT042045-45,0.9820,1.03,no
2026-10-05T00:41:19.075824Z,KXBTC15M-26OCT042045-45,0.9820,1.26,no
2026-10-05T00:41:19.218205Z,KXBTC15M-26OCT042045-45,0.9820,53.49,no
2026-10-05T00:41:19.218205Z,KXBTC15M-26OCT042045-45,0.9820,3.71,no
2026-10-05T00:41:19.276927Z,KXBTC15M-26OCT042045-45,0.9820,36.51,no
2026-10-05T00:41:19.276927Z,KXBTC15M-26OCT042045-45,0.9820,1.36,no
2026-10-05T00:41:19.30767Z,KXBTC15M-26OCT042045-45,0.9830,136.17,yes
2026-10-05T00:41:19.30767Z,KXBTC15M-26OCT042045-45,0.9830,8.11,yes
2026-10-05T00:41:19.379014Z,KXBTC15M-26OCT042045-45,0.9820,367.22,no
2026-10-05T00:41:19.379014Z,KXBTC15M-26OCT042045-45,0.9820,48.64,no
2026-10-05T00:41:19.502621Z,KXBTC15M-26OCT042045-45,0.9820,32.78,no
2026-10-05T00:41:19.502621Z,KXBTC15M-26OCT042045-45,0.9820,7.00,no
2026-10-05T00:41:19.502621Z,KXBTC15M-26OCT042045-45,0.9820,35.00,no
2026-10-05T00:41:19.502621Z,KXBTC15M-26OCT042045-45,0.9810,25.02,no
2026-10-05T00:41:19.570097Z,KXBTC15M-26OCT042045-45,0.9810,4.58,no
2026-10-05T00:41:19.58736Z,KXBTC15M-26OCT042045-45,0.9830,0.99,yes
2026-10-05T00:41:19.58736Z,KXBTC15M-26OCT042045-45,0.9820,0.01,yes
2026-10-05T00:41:19.58736Z,KXBTC15M-26OCT042045-45,0.9820,0.01,yes
2026-10-05T00:41:19.668129Z,KXBTC15M-26OCT042045-45,0.9830,0.01,yes
2026-10-05T00:41:19.668129Z,KXBTC15M-26OCT042045-45,0.9830,0.01,yes
2026-10-05T00:41:19.668129Z,KXBTC15M-26OCT042045-45,0.9840,53.26,yes
2026-10-05T00:41:19.668129Z,KXBTC15M-26OCT042045-45,0.9830,15.00,yes
2026-10-05T00:41:19.668129Z,KXBTC15M-26OCT042045-45,0.9820,203.00,yes
2026-10-05T00:41:19.668129Z,KXBTC15M-26OCT042045-45,0.9820,0.01,yes
2026-10-05T00:41:19.668129Z,KXBTC15M-26OCT042045-45,0.9830,5.00,yes
2026-10-05T00:41:19.668129Z,KXBTC15M-26OCT042045-45,0.9820,0.01,yes
2026-10-05T00:41:19.693293Z,KXBTC15M-26OCT042045-45,0.9810,628.09,no
2026-10-05T00:41:19.736302Z,KXBTC15M-26OCT042045-45,0.9820,0.01,yes
2026-10-05T00:41:19.736302Z,KXBTC15M-26OCT042045-45,0.9830,137.98,yes
2026-10-05T00:41:19.736302Z,KXBTC15M-26OCT042045-45,0.9820,0.01,yes
2026-10-05T00:41:19.736302Z,KXBTC15M-26OCT042045-45,0.9830,94.00,yes
2026-10-05T00:41:19.771688Z,KXBTC15M-26OCT042045-45,0.9820,3.95,no
2026-10-05T00:41:19.785689Z,KXBTC15M-26OCT042045-45,0.9820,3.80,no
2026-10-05T00:41:19.787884Z,KXBTC15M-26OCT042045-45,0.9830,0.01,yes
2026-10-05T00:41:19.787884Z,KXBTC15M-26OCT042045-45,0.9830,0.01,yes
2026-10-05T00:41:19.787884Z,KXBTC15M-26OCT042045-45,0.9830,3.50,yes
2026-10-05T00:41:19.840013Z,KXBTC15M-26OCT042045-45,0.9830,3.52,yes
2026-10-05T00:41:19.85806Z,KXBTC15M-26OCT042045-45,0.9830,800.00,yes
2026-10-05T00:41:19.85806Z,KXBTC15M-26OCT042045-45,0.9840,610.85,yes
2026-10-05T00:41:19.85806Z,KXBTC15M-26OCT042045-45,0.9830,11.00,yes
2026-10-05T00:41:19.85806Z,KXBTC15M-26OCT042045-45,0.9830,0.01,yes
2026-10-05T00:41:19.85806Z,KXBTC15M-26OCT042045-45,0.9830,0.01,yes
2026-10-05T00:41:19.85806Z,KXBTC15M-26OCT042045-45,0.9830,492.98,yes
2026-10-05T00:41:19.892745Z,KXBTC15M-26OCT042045-45,0.9820,224.39,no
2026-10-05T00:41:19.892745Z,KXBTC15M-26OCT042045-45,0.9820,7.25,no
2026-10-05T00:41:19.892745Z,KXBTC15M-26OCT042045-45,0.9820,8.00,no
2026-10-05T00:41:19.892745Z,KXBTC15M-26OCT042045-45,0.9820,0.01,no
2026-10-05T00:41:19.892745Z,KXBTC15M-26OCT042045-45,0.9820,0.10,no
2026-10-05T00:41:19.892745Z,KXBTC15M-26OCT042045-45,0.9820,0.01,no
2026-10-05T00:41:19.915469Z,KXBTC15M-26OCT042045-45,0.9820,51.00,no
2026-10-05T00:41:19.947857Z,KXBTC15M-26OCT042045-45,0.9830,20.31,yes
2026-10-05T00:41:19.947857Z,KXBTC15M-26OCT042045-45,0.9830,0.01,yes
2026-10-05T00:41:19.963674Z,KXBTC15M-26OCT042045-45,0.9830,34.67,yes
2026-10-05T00:41:19.965361Z,KXBTC15M-26OCT042045-45,0.9820,5.40,no
2026-10-05T00:41:19.977942Z,KXBTC15M-26OCT042045-45,0.9820,98.49,no
2026-10-05T00:41:20.02106Z,KXBTC15M-26OCT042045-45,0.9840,13.98,yes
2026-10-05T00:41:20.02106Z,KXBTC15M-26OCT042045-45,0.9840,15.00,yes
2026-10-05T00:41:20.02106Z,KXBTC15M-26OCT042045-45,0.9860,15.00,yes
2026-10-05T00:41:20.02106Z,KXBTC15M-26OCT042045-45,0.9850,15.00,yes
2026-10-05T00:41:20.02106Z,KXBTC15M-26OCT042045-45,0.9840,15.00,yes
2026-10-05T00:41:20.02106Z,KXBTC15M-26OCT042045-45,0.9830,15.00,yes
2026-10-05T00:41:20.02106Z,KXBTC15M-26OCT042045-45,0.9830,0.01,yes
2026-10-05T00:41:20.02106Z,KXBTC15M-26OCT042045-45,0.9830,0.01,yes
2026-10-05T00:41:20.02106Z,KXBTC15M-26OCT042045-45,0.9860,22.00,yes
2026-10-05T00:41:20.029216Z,KXBTC15M-26OCT042045-45,0.9830,49.25,no
2026-10-05T00:41:20.047769Z,KXBTC15M-26OCT042045-45,0.9850,19.98,yes
2026-10-05T00:41:20.047769Z,KXBTC15M-26OCT042045-45,0.9840,0.01,yes
2026-10-05T00:41:20.047769Z,KXBTC15M-26OCT042045-45,0.9840,0.01,yes
2026-10-05T00:41:20.049566Z,KXBTC15M-26OCT042045-45,0.9830,3.88,no
2026-10-05T00:41:20.049566Z,KXBTC15M-26OCT042045-45,0.9830,0.01,no
2026-10-05T00:41:20.049566Z,KXBTC15M-26OCT042045-45,0.9830,0.10,no
2026-10-05T00:41:20.049566Z,KXBTC15M-26OCT042045-45,0.9830,0.01,no
2026-10-05T00:41:20.088401Z,KXBTC15M-26OCT042045-45,0.9840,15.00,yes
2026-10-05T00:41:20.095132Z,KXBTC15M-26OCT042045-45,0.9830,98.49,no
2026-10-05T00:41:20.097866Z,KXBTC15M-26OCT042045-45,0.9840,0.01,yes
2026-10-05T00:41:20.097866Z,KXBTC15M-26OCT042045-45,0.9840,214.00,yes
2026-10-05T00:41:20.097866Z,KXBTC15M-26OCT042045-45,0.9850,112.48,yes
2026-10-05T00:41:20.097866Z,KXBTC15M-26OCT042045-45,0.9840,0.01,yes
2026-10-05T00:41:20.11192Z,KXBTC15M-26OCT042045-45,0.9850,24.25,yes
2026-10-05T00:41:20.11192Z,KXBTC15M-26OCT042045-45,0.9850,0.01,yes
2026-10-05T00:41:20.11192Z,KXBTC15M-26OCT042045-45,0.9850,0.01,yes
2026-10-05T00:41:20.173634Z,KXBTC15M-26OCT042045-45,0.9840,15.00,no
2026-10-05T00:41:20.173634Z,KXBTC15M-26OCT042045-45,0.9840,0.01,no
2026-10-05T00:41:20.173634Z,KXBTC15M-26OCT042045-45,0.9840,15.00,no
2026-10-05T00:41:20.173634Z,KXBTC15M-26OCT042045-45,0.9840,0.01,no
2026-10-05T00:41:20.173634Z,KXBTC15M-26OCT042045-45,0.9840,0.10,no
2026-10-05T00:41:20.191758Z,KXBTC15M-26OCT042045-45,0.9850,17.81,yes
2026-10-05T00:41:20.200098Z,KXBTC15M-26OCT042045-45,0.9850,224.27,yes
2026-10-05T00:41:20.200098Z,KXBTC15M-26OCT042045-45,0.9850,0.01,yes
2026-10-05T00:41:20.200098Z,KXBTC15M-26OCT042045-45,0.9850,0.01,yes
2026-10-05T00:41:20.200098Z,KXBTC15M-26OCT042045-45,0.9850,482.19,yes
2026-10-05T00:41:20.200098Z,KXBTC15M-26OCT042045-45,0.9850,278.27,yes
2026-10-05T00:41:20.200098Z,KXBTC15M-26OCT042045-45,0.9850,11.00,yes
2026-10-05T00:41:20.227806Z,KXBTC15M-26OCT042045-45,0.9840,49.24,no
2026-10-05T00:41:20.227806Z,KXBTC15M-26OCT042045-45,0.9840,0.01,no
2026-10-05T00:41:20.232994Z,KXBTC15M-26OCT042045-45,0.9840,0.01,no
2026-10-05T00:41:20.232994Z,KXBTC15M-26OCT042045-45,0.9840,15.00,no
2026-10-05T00:41:20.232994Z,KXBTC15M-26OCT042045-45,0.9840,274.76,no
2026-10-05T00:41:20.232994Z,KXBTC15M-26OCT042045-45,0.9840,98.23,no
2026-10-05T00:41:20.449889Z,KXBTC15M-26OCT042045-45,0.9850,26.00,yes
2026-10-05T00:41:20.449889Z,KXBTC15M-26OCT042045-45,0.9850,15.00,yes
2026-10-05T00:41:20.453401Z,KXBTC15M-26OCT042045-45,0.9850,152.12,yes
2026-10-05T00:41:20.475675Z,KXBTC15M-26OCT042045-45,0.9850,1.98,yes
2026-10-05T00:41:20.520078Z,KXBTC15M-26OCT042045-45,0.9840,2.58,no
2026-10-05T00:41:20.550492Z,KXBTC15M-26OCT042045-45,0.9840,2.28,no
2026-10-05T00:41:20.614649Z,KXBTC15M-26OCT042045-45,0.9840,52.49,no
2026-10-05T00:41:20.627903Z,KXBTC15M-26OCT042045-45,0.9840,58.47,no
2026-10-05T00:41:20.699172Z,KXBTC15M-26OCT042045-45,0.9840,0.01,no
2026-10-05T00:41:20.699172Z,KXBTC15M-26OCT042045-45,0.9840,0.01,no
2026-10-05T00:41:20.699172Z,KXBTC15M-26OCT042045-45,0.9840,15.00,no
2026-10-05T00:41:20.699172Z,KXBTC15M-26OCT042045-45,0.9830,0.48,no
2026-10-05T00:41:20.699172Z,KXBTC15M-26OCT042045-45,0.9840,12.00,no
2026-10-05T00:41:20.71292Z,KXBTC15M-26OCT042045-45,0.9850,5.85,yes
2026-10-05T00:41:20.71292Z,KXBTC15M-26OCT042045-45,0.9850,0.01,yes
2026-10-05T00:41:20.71292Z,KXBTC15M-26OCT042045-45,0.9850,15.00,yes
2026-10-05T00:41:20.71292Z,KXBTC15M-26OCT042045-45,0.9850,15.00,yes
2026-10-05T00:41:20.71292Z,KXBTC15M-26OCT042045-45,0.9850,19.90,yes
2026-10-05T00:41:20.71292Z,KXBTC15M-26OCT042045-45,0.9850,0.01,yes
2026-10-05T00:41:20.757491Z,KXBTC15M-26OCT042045-45,0.9820,170.09,no
2026-10-05T00:41:20.757491Z,KXBTC15M-26OCT042045-45,0.9840,0.01,no
2026-10-05T00:41:20.757491Z,KXBTC15M-26OCT042045-45,0.9830,7.52,no
2026-10-05T00:41:20.757491Z,KXBTC15M-26OCT042045-45,0.9840,0.01,no
2026-10-05T00:41:20.757491Z,KXBTC15M-26OCT042045-45,0.9820,0.03,no
2026-10-05T00:41:20.757491Z,KXBTC15M-26OCT042045-45,0.9840,15.00,no
2026-10-05T00:41:20.757491Z,KXBTC15M-26OCT042045-45,0.9830,0.01,no
2026-10-05T00:41:20.757491Z,KXBTC15M-26OCT042045-45,0.9820,50.00,no
2026-10-05T00:41:20.757491Z,KXBTC15M-26OCT042045-45,0.9830,419.00,no
2026-10-05T00:41:20.757491Z,KXBTC15M-26OCT042045-45,0.9830,200.00,no
2026-10-05T00:41:20.757491Z,KXBTC15M-26OCT042045-45,0.9820,10.00,no
2026-10-05T00:41:20.757491Z,KXBTC15M-26OCT042045-45,0.9840,229.83,no
2026-10-05T00:41:20.805926Z,KXBTC15M-26OCT042045-45,0.9830,2.86,no
2026-10-05T00:41:20.83222Z,KXBTC15M-26OCT042045-45,0.9830,5.24,no
2026-10-05T00:41:20.874837Z,KXBTC15M-26OCT042045-45,0.9830,0.01,no
2026-10-05T00:41:20.874837Z,KXBTC15M-26OCT042045-45,0.9830,70.57,no
2026-10-05T00:41:20.874837Z,KXBTC15M-26OCT042045-45,0.9830,0.01,no
2026-10-05T00:41:20.874837Z,KXBTC15M-26OCT042045-45,0.9830,6.90,no
2026-10-05T00:41:20.874837Z,KXBTC15M-26OCT042045-45,0.9830,15.00,no
2026-10-05T00:41:20.874837Z,KXBTC15M-26OCT042045-45,0.9830,400.00,no
2026-10-05T00:41:20.888186Z,KXBTC15M-26OCT042045-45,0.9830,18.39,no
2026-10-05T00:41:20.888186Z,KXBTC15M-26OCT042045-45,0.9830,8.00,no
2026-10-05T00:41:20.888186Z,KXBTC15M-26OCT042045-45,0.9830,0.01,no
2026-10-05T00:41:20.888186Z,KXBTC15M-26OCT042045-45,0.9830,0.01,no
2026-10-05T00:41:20.911446Z,KXBTC15M-26OCT042045-45,0.9840,0.19,yes
2026-10-05T00:41:21.074542Z,KXBTC15M-26OCT042045-45,0.9830,46.82,no
2026-10-05T00:41:21.131948Z,KXBTC15M-26OCT042045-45,0.9840,372.11,yes
2026-10-05T00:41:21.237042Z,KXBTC15M-26OCT042045-45,0.9830,125.50,no
2026-10-05T00:41:21.241286Z,KXBTC15M-26OCT042045-45,0.9840,1.00,yes
2026-10-05T00:41:21.302036Z,KXBTC15M-26OCT042045-45,0.9830,0.01,no
2026-10-05T00:41:21.302036Z,KXBTC15M-26OCT042045-45,0.9830,7.00,no
2026-10-05T00:41:21.302036Z,KXBTC15M-26OCT042045-45,0.9830,15.00,no
2026-10-05T00:41:21.302036Z,KXBTC15M-26OCT042045-45,0.9830,0.01,no
2026-10-05T00:41:21.302036Z,KXBTC15M-26OCT042045-45,0.9830,31.91,no
2026-10-05T00:41:21.307105Z,KXBTC15M-26OCT042045-45,0.9830,127.18,no
2026-10-05T00:41:21.307105Z,KXBTC15M-26OCT042045-45,0.9830,68.09,no
2026-10-05T00:41:21.336173Z,KXBTC15M-26OCT042045-45,0.9830,2.04,no
2026-10-05T00:41:21.419406Z,KXBTC15M-26OCT042045-45,0.9830,11.55,no
2026-10-05T00:41:21.46159Z,KXBTC15M-26OCT042045-45,0.9840,5.07,yes
2026-10-05T00:41:21.565826Z,KXBTC15M-26OCT042045-45,0.9840,61.79,yes
2026-10-05T00:41:21.595222Z,KXBTC15M-26OCT042045-45,0.9840,15.00,yes
2026-10-05T00:41:21.595222Z,KXBTC15M-26OCT042045-45,0.9840,15.00,yes
2026-10-05T00:41:21.595222Z,KXBTC15M-26OCT042045-45,0.9840,0.01,yes
2026-10-05T00:41:21.595222Z,KXBTC15M-26OCT042045-45,0.9840,0.10,yes
2026-10-05T00:41:21.595222Z,KXBTC15M-26OCT042045-45,0.9840,0.01,yes
2026-10-05T00:41:21.606153Z,KXBTC15M-26OCT042045-45,0.9830,110.07,no
2026-10-05T00:41:21.614188Z,KXBTC15M-26OCT042045-45,0.9840,257.00,yes
2026-10-05T00:41:21.614188Z,KXBTC15M-26OCT042045-45,0.9840,15.00,yes
2026-10-05T00:41:21.616274Z,KXBTC15M-26OCT042045-45,0.9840,0.01,yes
2026-10-05T00:41:21.616274Z,KXBTC15M-26OCT042045-45,0.9840,0.01,yes
2026-10-05T00:41:21.62418Z,KXBTC15M-26OCT042045-45,0.9830,53.93,no
2026-10-05T00:41:21.679329Z,KXBTC15M-26OCT042045-45,0.9830,38.77,no
2026-10-05T00:41:21.681721Z,KXBTC15M-26OCT042045-45,0.9830,59.52,no
2026-10-05T00:41:21.681721Z,KXBTC15M-26OCT042045-45,0.9830,50.00,no
2026-10-05T00:41:21.681721Z,KXBTC15M-26OCT042045-45,0.9830,200.00,no
2026-10-05T00:41:21.681721Z,KXBTC15M-26OCT042045-45,0.9830,0.01,no
2026-10-05T00:41:21.681721Z,KXBTC15M-26OCT042045-45,0.9830,15.00,no
2026-10-05T00:41:21.681721Z,KXBTC15M-26OCT042045-45,0.9830,56.46,no
2026-10-05T00:41:21.681721Z,KXBTC15M-26OCT042045-45,0.9830,0.01,no
2026-10-05T00:41:21.734814Z,KXBTC15M-26OCT042045-45,0.9830,400.00,no
2026-10-05T00:41:21.764719Z,KXBTC15M-26OCT042045-45,0.9850,15.00,yes
2026-10-05T00:41:21.764719Z,KXBTC15M-26OCT042045-45,0.9850,15.00,yes
2026-10-05T00:41:21.764719Z,KXBTC15M-26OCT042045-45,0.9860,18.53,yes
2026-10-05T00:41:21.764719Z,KXBTC15M-26OCT042045-45,0.9840,15.00,yes
2026-10-05T00:41:21.764719Z,KXBTC15M-26OCT042045-45,0.9840,100.00,yes
2026-10-05T00:41:21.764719Z,KXBTC15M-26OCT042045-45,0.9840,0.01,yes
2026-10-05T00:41:21.764719Z,KXBTC15M-26OCT042045-45,0.9840,0.01,yes
2026-10-05T00:41:21.827453Z,KXBTC15M-26OCT042045-45,0.9830,9.62,no
2026-10-05T00:41:21.827453Z,KXBTC15M-26OCT042045-45,0.9830,7.00,no
2026-10-05T00:41:21.863829Z,KXBTC15M-26OCT042045-45,0.9830,53.93,no
2026-10-05T00:41:22.006756Z,KXBTC15M-26OCT042045-45,0.9830,10.78,no
2026-10-05T00:41:22.044932Z,KXBTC15M-26OCT042045-45,0.9860,242.47,yes
2026-10-05T00:41:22.044932Z,KXBTC15M-26OCT042045-45,0.9840,0.01,yes
2026-10-05T00:41:22.044932Z,KXBTC15M-26OCT042045-45,0.9840,0.01,yes
2026-10-05T00:41:22.113408Z,KXBTC15M-26OCT042045-45,0.9850,0.01,no
2026-10-05T00:41:22.113408Z,KXBTC15M-26OCT042045-45,0.9850,83.85,no
2026-10-05T00:41:22.113408Z,KXBTC15M-26OCT042045-45,0.9850,13.00,no
2026-10-05T00:41:22.152336Z,KXBTC15M-26OCT042045-45,0.9860,0.01,yes
2026-10-05T00:41:22.152336Z,KXBTC15M-26OCT042045-45,0.9860,0.01,yes
2026-10-05T00:41:22.152336Z,KXBTC15M-26OCT042045-45,0.9870,172.19,yes
2026-10-05T00:41:22.225809Z,KXBTC15M-26OCT042045-45,0.9860,0.01,no
2026-10-05T00:41:22.225809Z,KXBTC15M-26OCT042045-45,0.9860,0.10,no
2026-10-05T00:41:22.225809Z,KXBTC15M-26OCT042045-45,0.9860,17.40,no
2026-10-05T00:41:22.225809Z,KXBTC15M-26OCT042045-45,0.9860,0.01,no
2026-10-05T00:41:22.225809Z,KXBTC15M-26OCT042045-45,0.9860,10.00,no
2026-10-05T00:41:22.374694Z,KXBTC15M-26OCT042045-45,0.9860,1.00,no
2026-10-05T00:41:22.393823Z,KXBTC15M-26OCT042045-45,0.9860,65.40,no
2026-10-05T00:41:22.393823Z,KXBTC15M-26OCT042045-45,0.9860,113.60,no
2026-10-05T00:41:22.427598Z,KXBTC15M-26OCT042045-45,0.9870,15.00,yes
2026-10-05T00:41:22.427598Z,KXBTC15M-26OCT042045-45,0.9870,0.01,yes
2026-10-05T00:41:22.427598Z,KXBTC15M-26OCT042045-45,0.9880,200.00,yes
2026-10-05T00:41:22.427598Z,KXBTC15M-26OCT042045-45,0.9870,0.01,yes
2026-10-05T00:41:22.427598Z,KXBTC15M-26OCT042045-45,0.9870,200.00,yes
2026-10-05T00:41:22.427598Z,KXBTC15M-26OCT042045-45,0.9880,304.92,yes
2026-10-05T00:41:22.427598Z,KXBTC15M-26OCT042045-45,0.9880,94.00,yes
2026-10-05T00:41:22.427598Z,KXBTC15M-26OCT042045-45,0.9870,327.81,yes
2026-10-05T00:41:22.438473Z,KXBTC15M-26OCT042045-45,0.9860,27.52,no
2026-10-05T00:41:22.454122Z,KXBTC15M-26OCT042045-45,0.9860,6.08,no
2026-10-05T00:41:22.454122Z,KXBTC15M-26OCT042045-45,0.9860,15.00,no
2026-10-05T00:41:22.454122Z,KXBTC15M-26OCT042045-45,0.9860,29.28,no
2026-10-05T00:41:22.454122Z,KXBTC15M-26OCT042045-45,0.9860,500.00,no
2026-10-05T00:41:22.558756Z,KXBTC15M-26OCT042045-45,0.9860,1.02,no
2026-10-05T00:41:22.568365Z,KXBTC15M-26OCT042045-45,0.9860,275.18,no
2026-10-05T00:41:22.575801Z,KXBTC15M-26OCT042045-45,0.9860,40.00,no
2026-10-05T00:41:22.575801Z,KXBTC15M-26OCT042045-45,0.9860,194.52,no
2026-10-05T00:41:22.60039Z,KXBTC15M-26OCT042045-45,0.9860,2.64,no
2026-10-05T00:41:22.646494Z,KXBTC15M-26OCT042045-45,0.9860,952.25,no
2026-10-05T00:41:22.646494Z,KXBTC15M-26OCT042045-45,0.9860,357.36,no
2026-10-05T00:41:22.686529Z,KXBTC15M-26OCT042045-45,0.9860,55.04,no
2026-10-05T00:41:22.690477Z,KXBTC15M-26OCT042045-45,0.9870,0.01,yes
2026-10-05T00:41:22.690477Z,KXBTC15M-26OCT042045-45,0.9870,0.01,yes
2026-10-05T00:41:22.690477Z,KXBTC15M-26OCT042045-45,0.9870,29.76,yes
2026-10-05T00:41:22.725705Z,KXBTC15M-26OCT042045-45,0.9860,2.05,no
2026-10-05T00:41:22.757915Z,KXBTC15M-26OCT042045-45,0.9870,2.02,yes
2026-10-05T00:41:22.774831Z,KXBTC15M-26OCT042045-45,0.9860,0.55,no
2026-10-05T00:41:22.776484Z,KXBTC15M-26OCT042045-45,0.9870,97.32,yes
2026-10-05T00:41:22.82401Z,KXBTC15M-26OCT042045-45,0.9860,65.48,no
2026-10-05T00:41:22.824936Z,KXBTC15M-26OCT042045-45,0.9860,4.00,no
2026-10-05T00:41:22.844789Z,KXBTC15M-26OCT042045-45,0.9860,11.13,no
2026-10-05T00:41:22.852614Z,KXBTC15M-26OCT042045-45,0.9860,146.76,no
2026-10-05T00:41:22.99166Z,KXBTC15M-26OCT042045-45,0.9870,0.01,yes
2026-10-05T00:41:22.99166Z,KXBTC15M-26OCT042045-45,0.9870,0.01,yes
2026-10-05T00:41:22.99166Z,KXBTC15M-26OCT042045-45,0.9870,50.54,yes
2026-10-05T00:41:23.035757Z,KXBTC15M-26OCT042045-45,0.9870,190.30,yes
2026-10-05T00:41:23.041636Z,KXBTC15M-26OCT042045-45,0.9870,0.01,yes
2026-10-05T00:41:23.041636Z,KXBTC15M-26OCT042045-45,0.9870,44.76,yes
2026-10-05T00:41:23.041636Z,KXBTC15M-26OCT042045-45,0.9870,0.01,yes
2026-10-05T00:41:23.041636Z,KXBTC15M-26OCT042045-45,0.9880,251.86,yes
2026-10-05T00:41:23.041636Z,KXBTC15M-26OCT042045-45,0.9870,1.00,yes
2026-10-05T00:41:23.055767Z,KXBTC15M-26OCT042045-45,0.9860,224.97,no
2026-10-05T00:41:23.055767Z,KXBTC15M-26OCT042045-45,0.9860,7.00,no
2026-10-05T00:41:23.055767Z,KXBTC15M-26OCT042045-45,0.9860,10.00,no
2026-10-05T00:41:23.055767Z,KXBTC15M-26OCT042045-45,0.9850,100.00,no
2026-10-05T00:41:23.055767Z,KXBTC15M-26OCT042045-45,0.9860,200.00,no
2026-10-05T00:41:23.055767Z,KXBTC15M-26OCT042045-45,0.9860,13.00,no
2026-10-05T00:41:23.055767Z,KXBTC15M-26OCT042045-45,0.9860,15.00,no
2026-10-05T00:41:23.055767Z,KXBTC15M-26OCT042045-45,0.9850,136.20,no
2026-10-05T00:41:23.055767Z,KXBTC15M-26OCT042045-45,0.9860,500.00,no
2026-10-05T00:41:23.055767Z,KXBTC15M-26OCT042045-45,0.9850,209.00,no
2026-10-05T00:41:23.055767Z,KXBTC15M-26OCT042045-45,0.9860,352.57,no
2026-10-05T00:41:23.055767Z,KXBTC15M-26OCT042045-45,0.9860,0.01,no
2026-10-05T00:41:23.055767Z,KXBTC15M-26OCT042045-45,0.9860,0.01,no
2026-10-05T00:41:23.055767Z,KXBTC15M-26OCT042045-45,0.9860,400.00,no
2026-10-05T00:41:23.055767Z,KXBTC15M-26OCT042045-45,0.9860,500.00,no
2026-10-05T00:41:23.055767Z,KXBTC15M-26OCT042045-45,0.9860,10.00,no
2026-10-05T00:41:23.092974Z,KXBTC15M-26OCT042045-45,0.9860,35.81,no
2026-10-05T00:41:23.092974Z,KXBTC15M-26OCT042045-45,0.9860,0.01,no
2026-10-05T00:41:23.092974Z,KXBTC15M-26OCT042045-45,0.9860,0.01,no
2026-10-05T00:41:23.092974Z,KXBTC15M-26OCT042045-45,0.9860,15.00,no
2026-10-05T00:41:23.095519Z,KXBTC15M-26OCT042045-45,0.9860,133.63,no
2026-10-05T00:41:23.096827Z,KXBTC15M-26OCT042045-45,0.9870,10.00,yes
2026-10-05T00:41:23.130023Z,KXBTC15M-26OCT042045-45,0.9860,0.01,no
2026-10-05T00:41:23.130023Z,KXBTC15M-26OCT042045-45,0.9860,1.00,no
2026-10-05T00:41:23.130023Z,KXBTC15M-26OCT042045-45,0.9860,107.61,no
2026-10-05T00:41:23.130023Z,KXBTC15M-26OCT042045-45,0.9860,0.01,no
2026-10-05T00:41:23.130023Z,KXBTC15M-26OCT042045-45,0.9860,10.00,no
2026-10-05T00:41:23.130023Z,KXBTC15M-26OCT042045-45,0.9860,15.00,no
2026-10-05T00:41:23.136308Z,KXBTC15M-26OCT042045-45,0.9870,100.00,yes
2026-10-05T00:41:23.170134Z,KXBTC15M-26OCT042045-45,0.9860,19.32,no
2026-10-05T00:41:23.178447Z,KXBTC15M-26OCT042045-45,0.9860,7.11,no
2026-10-05T00:41:23.215716Z,KXBTC15M-26OCT042045-45,0.9870,690.00,yes
2026-10-05T00:41:23.215716Z,KXBTC15M-26OCT042045-45,0.9890,96.00,yes
2026-10-05T00:41:23.215716Z,KXBTC15M-26OCT042045-45,0.9870,500.00,yes
2026-10-05T00:41:23.215716Z,KXBTC15M-26OCT042045-45,0.9870,500.00,yes
2026-10-05T00:41:23.215716Z,KXBTC15M-26OCT042045-45,0.9880,1.00,yes
2026-10-05T00:41:23.215716Z,KXBTC15M-26OCT042045-45,0.9880,12.00,yes
2026-10-05T00:41:23.215716Z,KXBTC15M-26OCT042045-45,0.9890,1.00,yes
2026-10-05T00:41:23.215716Z,KXBTC15M-26OCT042045-45,0.9870,0.01,yes
2026-10-05T00:41:23.215716Z,KXBTC15M-26OCT042045-45,0.9880,1000.00,yes
2026-10-05T00:41:23.215716Z,KXBTC15M-26OCT042045-45,0.9870,15.00,yes
2026-10-05T00:41:23.215716Z,KXBTC15M-26OCT042045-45,0.9870,15.00,yes
2026-10-05T00:41:23.215716Z,KXBTC15M-26OCT042045-45,0.9880,305.00,yes
2026-10-05T00:41:23.215716Z,KXBTC15M-26OCT042045-45,0.9870,0.01,yes
2026-10-05T00:41:23.215716Z,KXBTC15M-26OCT042045-45,0.9870,15.00,yes
2026-10-05T00:41:23.215716Z,KXBTC15M-26OCT042045-45,0.9880,200.00,yes
2026-10-05T00:41:23.215716Z,KXBTC15M-26OCT042045-45,0.9870,250.18,yes
2026-10-05T00:41:23.215716Z,KXBTC15M-26OCT042045-45,0.9870,15.00,yes
2026-10-05T00:41:23.215716Z,KXBTC15M-26OCT042045-45,0.9870,200.00,yes
2026-10-05T00:41:23.215716Z,KXBTC15M-26OCT042045-45,0.9870,1.00,yes
2026-10-05T00:41:23.215716Z,KXBTC15M-26OCT042045-45,0.9890,100.00,yes
2026-10-05T00:41:23.215716Z,KXBTC15M-26OCT042045-45,0.9890,511.90,yes
2026-10-05T00:41:23.215716Z,KXBTC15M-26OCT042045-45,0.9900,6.00,yes
2026-10-05T00:41:23.215716Z,KXBTC15M-26OCT042045-45,0.9890,512.00,yes
2026-10-05T00:41:23.215716Z,KXBTC15M-26OCT042045-45,0.9900,72.00,yes
2026-10-05T00:41:23.215716Z,KXBTC15M-26OCT042045-45,0.9900,200.00,yes
2026-10-05T00:41:23.215716Z,KXBTC15M-26OCT042045-45,0.9890,150.00,yes
2026-10-05T00:41:23.215716Z,KXBTC15M-26OCT042045-45,0.9900,512.00,yes
2026-10-05T00:41:23.215716Z,KXBTC15M-26OCT042045-45,0.9900,1200.00,yes
2026-10-05T00:41:23.215716Z,KXBTC15M-26OCT042045-45,0.9890,12.12,yes
2026-10-05T00:41:23.215716Z,KXBTC15M-26OCT042045-45,0.9900,150.00,yes
2026-10-05T00:41:23.215716Z,KXBTC15M-26OCT042045-45,0.9900,327.00,yes
2026-10-05T00:41:23.215716Z,KXBTC15M-26OCT042045-45,0.9900,13.33,yes
2026-10-05T00:41:23.215716Z,KXBTC15M-26OCT042045-45,0.9900,512.00,yes
2026-10-05T00:41:23.215716Z,KXBTC15M-26OCT042045-45,0.9900,512.00,yes
2026-10-05T00:41:23.215716Z,KXBTC15M-26OCT042045-45,0.9900,1.00,yes
2026-10-05T00:41:23.215716Z,KXBTC15M-26OCT042045-45,0.9900,0.17,yes
2026-10-05T00:41:23.215716Z,KXBTC15M-26OCT042045-45,0.9900,343.41,yes
2026-10-05T00:41:23.215716Z,KXBTC15M-26OCT042045-45,0.9900,73.06,yes
2026-10-05T00:41:23.215716Z,KXBTC15M-26OCT042045-45,0.9900,352.00,yes
2026-10-05T00:41:23.215716Z,KXBTC15M-26OCT042045-45,0.9900,1.00,yes
2026-10-05T00:41:23.215716Z,KXBTC15M-26OCT042045-45,0.9890,352.00,yes
2026-10-05T00:41:23.215716Z,KXBTC15M-26OCT042045-45,0.9900,75.00,yes
2026-10-05T00:41:23.215716Z,KXBTC15M-26OCT042045-45,0.9900,54.80,yes
2026-10-05T00:41:23.215716Z,KXBTC15M-26OCT042045-45,0.9900,10.12,yes
2026-10-05T00:41:23.215716Z,KXBTC15M-26OCT042045-45,0.9900,3.65,yes
2026-10-05T00:41:23.215716Z,KXBTC15M-26OCT042045-45,0.9890,1.00,yes
2026-10-05T00:41:23.215716Z,KXBTC15M-26OCT042045-45,0.9900,0.60,yes
2026-10-05T00:41:23.215716Z,KXBTC15M-26OCT042045-45,0.9900,1.73,yes
2026-10-05T00:41:23.215716Z,KXBTC15M-26OCT042045-45,0.9900,8.66,yes
2026-10-05T00:41:23.215716Z,KXBTC15M-26OCT042045-45,0.9900,3.46,yes
2026-10-05T00:41:23.215716Z,KXBTC15M-26OCT042045-45,0.9900,9.13,yes
2026-10-05T00:41:23.215716Z,KXBTC15M-26OCT042045-45,0.9900,13.85,yes
2026-10-05T00:41:23.215716Z,KXBTC15M-26OCT042045-45,0.9890,1.00,yes
2026-10-05T00:41:23.215716Z,KXBTC15M-26OCT042045-45,0.9890,2.00,yes
2026-10-05T00:41:23.215716Z,KXBTC15M-26OCT042045-45,0.9890,2.00,yes
2026-10-05T00:41:23.215716Z,KXBTC15M-26OCT042045-45,0.9890,20.00,yes
2026-10-05T00:41:23.215716Z,KXBTC15M-26OCT042045-45,0.9890,1.00,yes
2026-10-05T00:41:23.215716Z,KXBTC15M-26OCT042045-45,0.9890,10.00,yes
2026-10-05T00:41:23.215716Z,KXBTC15M-26OCT042045-45,0.9890,100.00,yes
2026-10-05T00:41:23.215716Z,KXBTC15M-26OCT042045-45,0.9890,51.00,yes
2026-10-05T00:41:23.231323Z,KXBTC15M-26OCT042045-45,0.9860,70.00,no
2026-10-05T00:41:23.244635Z,KXBTC15M-26OCT042045-45,0.9870,0.01,yes
2026-10-05T00:41:23.244635Z,KXBTC15M-26OCT042045-45,0.9870,1.00,yes
2026-10-05T00:41:23.244635Z,KXBTC15M-26OCT042045-45,0.9870,74.85,yes
2026-10-05T00:41:23.244635Z,KXBTC15M-26OCT042045-45,0.9870,0.01,yes
2026-10-05T00:41:23.379575Z,KXBTC15M-26OCT042045-45,0.9880,0.99,yes
2026-10-05T00:41:23.379575Z,KXBTC15M-26OCT042045-45,0.9880,0.01,yes
2026-10-05T00:41:23.379575Z,KXBTC15M-26OCT042045-45,0.9880,0.01,yes
2026-10-05T00:41:23.381925Z,KXBTC15M-26OCT042045-45,0.9880,2.47,yes
2026-10-05T00:41:23.394334Z,KXBTC15M-26OCT042045-45,0.9870,12.34,no
2026-10-05T00:41:23.394959Z,KXBTC15M-26OCT042045-45,0.9870,11.27,no
2026-10-05T00:41:23.40232Z,KXBTC15M-26OCT042045-45,0.9870,33.41,no
2026-10-05T00:41:23.409701Z,KXBTC15M-26OCT042045-45,0.9870,0.10,no
2026-10-05T00:41:23.409701Z,KXBTC15M-26OCT042045-45,0.9870,79.11,no
2026-10-05T00:41:23.409701Z,KXBTC15M-26OCT042045-45,0.9870,192.00,no
2026-10-05T00:41:23.409701Z,KXBTC15M-26OCT042045-45,0.9870,341.02,no
2026-10-05T00:41:23.409701Z,KXBTC15M-26OCT042045-45,0.9870,0.01,no
2026-10-05T00:41:23.409701Z,KXBTC15M-26OCT042045-45,0.9870,150.00,no
2026-10-05T00:41:23.409701Z,KXBTC15M-26OCT042045-45,0.9870,76.00,no
2026-10-05T00:41:23.409701Z,KXBTC15M-26OCT042045-45,0.9870,14.00,no
2026-10-05T00:41:23.409701Z,KXBTC15M-26OCT042045-45,0.9870,0.01,no
2026-10-05T00:41:23.409701Z,KXBTC15M-26OCT042045-45,0.9870,150.00,no
2026-10-05T00:41:23.423193Z,KXBTC15M-26OCT042045-45,0.9870,36.99,no
2026-10-05T00:41:23.459697Z,KXBTC15M-26OCT042045-45,0.9870,12.44,no
2026-10-05T00:41:23.459697Z,KXBTC15M-26OCT042045-45,0.9870,15.00,no
2026-10-05T00:41:23.459697Z,KXBTC15M-26OCT042045-45,0.9870,21.99,no
2026-10-05T00:41:23.476733Z,KXBTC15M-26OCT042045-45,0.9870,156.15,no
2026-10-05T00:41:23.476733Z,KXBTC15M-26OCT042045-45,0.9870,175.56,no
2026-10-05T00:41:23.499218Z,KXBTC15M-26OCT042045-45,0.9870,500.00,no
2026-10-05T00:41:23.499218Z,KXBTC15M-26OCT042045-45,0.9870,8.20,no
2026-10-05T00:41:23.499218Z,KXBTC15M-26OCT042045-45,0.9870,43.85,no
2026-10-05T00:41:23.568995Z,KXBTC15M-26OCT042045-45,0.9880,0.01,yes
2026-10-05T00:41:23.568995Z,KXBTC15M-26OCT042045-45,0.9890,96.00,yes
2026-10-05T00:41:23.568995Z,KXBTC15M-26OCT042045-45,0.9880,0.01,yes
2026-10-05T00:41:23.568995Z,KXBTC15M-26OCT042045-45,0.9890,12.00,yes
2026-10-05T00:41:23.568995Z,KXBTC15M-26OCT042045-45,0.9880,11.54,yes
2026-10-05T00:41:23.568995Z,KXBTC15M-26OCT042045-45,0.9890,200.00,yes
2026-10-05T00:41:23.568995Z,KXBTC15M-26OCT042045-45,0.9900,1.00,yes
2026-10-05T00:41:23.568995Z,KXBTC15M-26OCT042045-45,0.9900,0.12,yes
2026-10-05T00:41:23.568995Z,KXBTC15M-26OCT042045-45,0.9900,37.44,yes
2026-10-05T00:41:23.568995Z,KXBTC15M-26OCT042045-45,0.9900,1.76,yes
2026-10-05T00:41:23.568995Z,KXBTC15M-26OCT042045-45,0.9900,28.79,yes
2026-10-05T00:41:23.568995Z,KXBTC15M-26OCT042045-45,0.9900,0.14,yes
2026-10-05T00:41:23.568995Z,KXBTC15M-26OCT042045-45,0.9900,8.36,yes
2026-10-05T00:41:23.568995Z,KXBTC15M-26OCT042045-45,0.9900,26.00,yes
2026-10-05T00:41:23.568995Z,KXBTC15M-26OCT042045-45,0.9900,6.55,yes
2026-10-05T00:41:23.568995Z,KXBTC15M-26OCT042045-45,0.9900,6.81,yes
2026-10-05T00:41:23.568995Z,KXBTC15M-26OCT042045-45,0.9900,74.32,yes
2026-10-05T00:41:23.568995Z,KXBTC15M-26OCT042045-45,0.9900,1.31,yes
2026-10-05T00:41:23.568995Z,KXBTC15M-26OCT042045-45,0.9900,0.11,yes
2026-10-05T00:41:23.568995Z,KXBTC15M-26OCT042045-45,0.9900,41.87,yes
2026-10-05T00:41:23.568995Z,KXBTC15M-26OCT042045-45,0.9900,29.17,yes
2026-10-05T00:41:23.568995Z,KXBTC15M-26OCT042045-45,0.9900,2.91,yes
2026-10-05T00:41:23.568995Z,KXBTC15M-26OCT042045-45,0.9900,7.29,yes
2026-10-05T00:41:23.568995Z,KXBTC15M-26OCT042045-45,0.9900,1.00,yes
2026-10-05T00:41:23.568995Z,KXBTC15M-26OCT042045-45,0.9900,3.44,yes
2026-10-05T00:41:23.568995Z,KXBTC15M-26OCT042045-45,0.9900,7.19,yes
2026-10-05T00:41:23.568995Z,KXBTC15M-26OCT042045-45,0.9900,7.29,yes
2026-10-05T00:41:23.568995Z,KXBTC15M-26OCT042045-45,0.9900,1.38,yes
2026-10-05T00:41:23.568995Z,KXBTC15M-26OCT042045-45,0.9900,30.48,yes
2026-10-05T00:41:23.568995Z,KXBTC15M-26OCT042045-45,0.9900,0.13,yes
2026-10-05T00:41:23.568995Z,KXBTC15M-26OCT042045-45,0.9900,14.58,yes
2026-10-05T00:41:23.568995Z,KXBTC15M-26OCT042045-45,0.9900,0.08,yes
2026-10-05T00:41:23.568995Z,KXBTC15M-26OCT042045-45,0.9900,3.69,yes
2026-10-05T00:41:23.568995Z,KXBTC15M-26OCT042045-45,0.9900,2.73,yes
2026-10-05T00:41:23.568995Z,KXBTC15M-26OCT042045-45,0.9900,45.72,yes
2026-10-05T00:41:23.568995Z,KXBTC15M-26OCT042045-45,0.9900,11.18,yes
2026-10-05T00:41:23.568995Z,KXBTC15M-26OCT042045-45,0.9900,16.74,yes
2026-10-05T00:41:23.568995Z,KXBTC15M-26OCT042045-45,0.9900,0.01,yes
2026-10-05T00:41:23.568995Z,KXBTC15M-26OCT042045-45,0.9900,160.78,yes
2026-10-05T00:41:23.568995Z,KXBTC15M-26OCT042045-45,0.9900,13.12,yes
2026-10-05T00:41:23.568995Z,KXBTC15M-26OCT042045-45,0.9900,10.00,yes
2026-10-05T00:41:23.568995Z,KXBTC15M-26OCT042045-45,0.9900,1.12,yes
2026-10-05T00:41:23.568995Z,KXBTC15M-26OCT042045-45,0.9900,0.72,yes
2026-10-05T00:41:23.568995Z,KXBTC15M-26OCT042045-45,0.9900,11.71,yes
2026-10-05T00:41:23.568995Z,KXBTC15M-26OCT042045-45,0.9900,0.23,yes
2026-10-05T00:41:23.568995Z,KXBTC15M-26OCT042045-45,0.9900,23.99,yes
2026-10-05T00:41:23.568995Z,KXBTC15M-26OCT042045-45,0.9900,1.14,yes
2026-10-05T00:41:23.568995Z,KXBTC15M-26OCT042045-45,0.9900,2.09,yes
2026-10-05T00:41:23.568995Z,KXBTC15M-26OCT042045-45,0.9900,0.33,yes
2026-10-05T00:41:23.568995Z,KXBTC15M-26OCT042045-45,0.9900,70.26,yes
2026-10-05T00:41:23.568995Z,KXBTC15M-26OCT042045-45,0.9900,1.88,yes
2026-10-05T00:41:23.568995Z,KXBTC15M-26OCT042045-45,0.9900,30.77,yes
2026-10-05T00:41:23.568995Z,KXBTC15M-26OCT042045-45,0.9900,14.36,yes
2026-10-05T00:41:23.568995Z,KXBTC15M-26OCT042045-45,0.9900,1.06,yes
2026-10-05T00:41:23.568995Z,KXBTC15M-26OCT042045-45,0.9900,19.70,yes
2026-10-05T00:41:23.568995Z,KXBTC15M-26OCT042045-45,0.9900,53.49,yes
2026-10-05T00:41:23.568995Z,KXBTC15M-26OCT042045-45,0.9900,0.02,yes
2026-10-05T00:41:23.568995Z,KXBTC15M-26OCT042045-45,0.9900,21.39,yes
2026-10-05T00:41:23.568995Z,KXBTC15M-26OCT042045-45,0.9900,3.08,yes
2026-10-05T00:41:23.568995Z,KXBTC15M-26OCT042045-45,0.9900,51.77,yes
2026-10-05T00:41:23.568995Z,KXBTC15M-26OCT042045-45,0.9900,20.51,yes
2026-10-05T00:41:23.568995Z,KXBTC15M-26OCT042045-45,0.9900,10.47,yes
2026-10-05T00:41:23.568995Z,KXBTC15M-26OCT042045-45,0.9900,44.72,yes
2026-10-05T00:41:23.568995Z,KXBTC15M-26OCT042045-45,0.9900,41.18,yes
2026-10-05T00:41:23.568995Z,KXBTC15M-26OCT042045-45,0.9900,12.61,yes
2026-10-05T00:41:23.568995Z,KXBTC15M-26OCT042045-45,0.9900,49.18,yes
2026-10-05T00:41:23.568995Z,KXBTC15M-26OCT042045-45,0.9900,11.71,yes
2026-10-05T00:41:23.568995Z,KXBTC15M-26OCT042045-45,0.9900,2.34,yes
2026-10-05T00:41:23.568995Z,KXBTC15M-26OCT042045-45,0.9900,0.13,yes
2026-10-05T00:41:23.568995Z,KXBTC15M-26OCT042045-45,0.9900,11.71,yes
2026-10-05T00:41:23.568995Z,KXBTC15M-26OCT042045-45,0.9900,35.12,yes
2026-10-05T00:41:23.568995Z,KXBTC15M-26OCT042045-45,0.9900,35.14,yes
2026-10-05T00:41:23.568995Z,KXBTC15M-26OCT042045-45,0.9900,46.84,yes
2026-10-05T00:41:23.568995Z,KXBTC15M-26OCT042045-45,0.9900,46.10,yes
2026-10-05T00:41:23.568995Z,KXBTC15M-26OCT042045-45,0.9900,12.29,yes
2026-10-05T00:41:23.568995Z,KXBTC15M-26OCT042045-45,0.9900,2.87,yes
2026-10-05T00:41:23.568995Z,KXBTC15M-26OCT042045-45,0.9900,14.05,yes
2026-10-05T00:41:23.568995Z,KXBTC15M-26OCT042045-45,0.9900,70.26,yes
2026-10-05T00:41:23.568995Z,KXBTC15M-26OCT042045-45,0.9900,0.34,yes
2026-10-05T00:41:23.568995Z,KXBTC15M-26OCT042045-45,0.9900,41.40,yes
2026-10-05T00:41:23.568995Z,KXBTC15M-26OCT042045-45,0.9900,0.27,yes
2026-10-05T00:41:23.568995Z,KXBTC15M-26OCT042045-45,0.9900,0.14,yes
2026-10-05T00:41:23.568995Z,KXBTC15M-26OCT042045-45,0.9900,119.96,yes
2026-10-05T00:41:23.568995Z,KXBTC15M-26OCT042045-45,0.9900,2.73,yes
2026-10-05T00:41:23.568995Z,KXBTC15M-26OCT042045-45,0.9900,0.29,yes
2026-10-05T00:41:23.568995Z,KXBTC15M-26OCT042045-45,0.9900,4.18,yes
2026-10-05T00:41:23.568995Z,KXBTC15M-26OCT042045-45,0.9900,31.42,yes
2026-10-05T00:41:23.568995Z,KXBTC15M-26OCT042045-45,0.9900,1.00,yes
2026-10-05T00:41:23.568995Z,KXBTC15M-26OCT042045-45,0.9900,40.00,yes
2026-10-05T00:41:23.568995Z,KXBTC15M-26OCT042045-45,0.9900,1.00,yes
2026-10-05T00:41:23.568995Z,KXBTC15M-26OCT042045-45,0.9900,0.02,yes
2026-10-05T00:41:23.568995Z,KXBTC15M-26OCT042045-45,0.9900,2.42,yes
2026-10-05T00:41:23.568995Z,KXBTC15M-26OCT042045-45,0.9900,3.00,yes
2026-10-05T00:41:23.568995Z,KXBTC15M-26OCT042045-45,0.9900,0.51,yes
2026-10-05T00:41:23.568995Z,KXBTC15M-26OCT042045-45,0.9900,89.88,yes
2026-10-05T00:41:23.568995Z,KXBTC15M-26OCT042045-45,0.9900,1.82,yes
2026-10-05T00:41:23.568995Z,KXBTC15M-26OCT042045-45,0.9900,55.81,yes
2026-10-05T00:41:23.568995Z,KXBTC15M-26OCT042045-45,0.9900,1.39,yes
2026-10-05T00:41:23.568995Z,KXBTC15M-26OCT042045-45,0.9900,20.00,yes
2026-10-05T00:41:23.568995Z,KXBTC15M-26OCT042045-45,0.9900,1.00,yes
2026-10-05T00:41:23.568995Z,KXBTC15M-26OCT042045-45,0.9900,1.97,yes
2026-10-05T00:41:23.57264Z,KXBTC15M-26OCT042045-45,0.9870,66.82,no
2026-10-05T00:41:23.613701Z,KXBTC15M-26OCT042045-45,0.9880,0.01,yes
2026-10-05T00:41:23.613701Z,KXBTC15M-26OCT042045-45,0.9880,0.01,yes
2026-10-05T00:41:23.613701Z,KXBTC15M-26OCT042045-45,0.9890,1000.00,yes
2026-10-05T00:41:23.613701Z,KXBTC15M-26OCT042045-45,0.9890,333.00,yes
2026-10-05T00:41:23.613701Z,KXBTC15M-26OCT042045-45,0.9900,2.10,yes
2026-10-05T00:41:23.613701Z,KXBTC15M-26OCT042045-45,0.9900,166.74,yes
2026-10-05T00:41:23.613701Z,KXBTC15M-26OCT042045-45,0.9900,30.00,yes
2026-10-05T00:41:23.613701Z,KXBTC15M-26OCT042045-45,0.9900,50.00,yes
2026-10-05T00:41:23.613701Z,KXBTC15M-26OCT042045-45,0.9900,6.00,yes
2026-10-05T00:41:23.613701Z,KXBTC15M-26OCT042045-45,0.9900,6.00,yes
2026-10-05T00:41:23.613701Z,KXBTC15M-26OCT042045-45,0.9900,16.33,yes
2026-10-05T00:41:23.613701Z,KXBTC15M-26OCT042045-45,0.9900,32.76,yes
2026-10-05T00:41:23.613701Z,KXBTC15M-26OCT042045-45,0.9900,69.95,yes
2026-10-05T00:41:23.613701Z,KXBTC15M-26OCT042045-45,0.9900,11.51,yes
2026-10-05T00:41:23.613701Z,KXBTC15M-26OCT042045-45,0.9900,11.16,yes
2026-10-05T00:41:23.613701Z,KXBTC15M-26OCT042045-45,0.9900,11.93,yes
2026-10-05T00:41:23.613701Z,KXBTC15M-26OCT042045-45,0.9900,31.42,yes
2026-10-05T00:41:23.613701Z,KXBTC15M-26OCT042045-45,0.9900,200.00,yes
2026-10-05T00:41:23.613701Z,KXBTC15M-26OCT042045-45,0.9900,2.45,yes
2026-10-05T00:41:23.637324Z,KXBTC15M-26OCT042045-45,0.9870,14.00,no
2026-10-05T00:41:23.637324Z,KXBTC15M-26OCT042045-45,0.9870,0.01,no
2026-10-05T00:41:23.637324Z,KXBTC15M-26OCT042045-45,0.9870,1.00,no
2026-10-05T00:41:23.637324Z,KXBTC15M-26OCT042045-45,0.9870,0.01,no
2026-10-05T00:41:23.637324Z,KXBTC15M-26OCT042045-45,0.9870,51.80,no
2026-10-05T00:41:23.638187Z,KXBTC15M-26OCT042045-45,0.9870,14.05,no
2026-10-05T00:41:23.700576Z,KXBTC15M-26OCT042045-45,0.9880,0.01,yes
2026-10-05T00:41:23.700576Z,KXBTC15M-26OCT042045-45,0.9880,0.01,yes
2026-10-05T00:41:23.700576Z,KXBTC15M-26OCT042045-45,0.9900,0.06,yes
2026-10-05T00:41:23.701755Z,KXBTC15M-26OCT042045-45,0.9900,9.61,yes
2026-10-05T00:41:23.701755Z,KXBTC15M-26OCT042045-45,0.9900,50.00,yes
2026-10-05T00:41:23.701755Z,KXBTC15M-26OCT042045-45,0.9900,41.02,yes
2026-10-05T00:41:23.794252Z,KXBTC15M-26OCT042045-45,0.9890,0.01,no
2026-10-05T00:41:23.794252Z,KXBTC15M-26OCT042045-45,0.9890,15.00,no
2026-10-05T00:41:23.794252Z,KXBTC15M-26OCT042045-45,0.9890,0.01,no
2026-10-05T00:41:23.794252Z,KXBTC15M-26OCT042045-45,0.9890,113.88,no
2026-10-05T00:41:23.794252Z,KXBTC15M-26OCT042045-45,0.9890,15.00,no
2026-10-05T00:41:23.823167Z,KXBTC15M-26OCT042045-45,0.9900,60.00,yes
2026-10-05T00:41:23.833789Z,KXBTC15M-26OCT042045-45,0.9890,45.72,no
2026-10-05T00:41:23.933445Z,KXBTC15M-26OCT042045-45,0.9900,6.00,yes
2026-10-05T00:41:23.94184Z,KXBTC15M-26OCT042045-45,0.9900,5.05,yes
2026-10-05T00:41:23.943693Z,KXBTC15M-26OCT042045-45,0.9890,7.19,no
2026-10-05T00:41:23.959404Z,KXBTC15M-26OCT042045-45,0.9900,9.79,yes
2026-10-05T00:41:23.97067Z,KXBTC15M-26OCT042045-45,0.9900,27.85,yes
2026-10-05T00:41:23.987171Z,KXBTC15M-26OCT042045-45,0.9900,9.91,yes
2026-10-05T00:41:23.994356Z,KXBTC15M-26OCT042045-45,0.9890,31.00,no
2026-10-05T00:41:23.994356Z,KXBTC15M-26OCT042045-45,0.9890,0.01,no
2026-10-05T00:41:23.994356Z,KXBTC15M-26OCT042045-45,0.9890,200.00,no
2026-10-05T00:41:23.994356Z,KXBTC15M-26OCT042045-45,0.9890,0.01,no
2026-10-05T00:41:23.994356Z,KXBTC15M-26OCT042045-45,0.9880,1.00,no
2026-10-05T00:41:23.994356Z,KXBTC15M-26OCT042045-45,0.9890,1.00,no
2026-10-05T00:41:23.994356Z,KXBTC15M-26OCT042045-45,0.9890,15.00,no
2026-10-05T00:41:23.994356Z,KXBTC15M-26OCT042045-45,0.9890,93.21,no
2026-10-05T00:41:23.994356Z,KXBTC15M-26OCT042045-45,0.9890,8.00,no
2026-10-05T00:41:23.994356Z,KXBTC15M-26OCT042045-45,0.9880,318.94,no
2026-10-05T00:41:24.036327Z,KXBTC15M-26OCT042045-45,0.9880,4.43,no
2026-10-05T00:41:24.036327Z,KXBTC15M-26OCT042045-45,0.9890,15.00,no
2026-10-05T00:41:24.036327Z,KXBTC15M-26OCT042045-45,0.9890,1.00,no
2026-10-05T00:41:24.036327Z,KXBTC15M-26OCT042045-45,0.9890,0.01,no
2026-10-05T00:41:24.036327Z,KXBTC15M-26OCT042045-45,0.9890,0.01,no
2026-10-05T00:41:24.041853Z,KXBTC15M-26OCT042045-45,0.9900,5.04,yes
2026-10-05T00:41:24.089704Z,KXBTC15M-26OCT042045-45,0.9880,359.76,no
2026-10-05T00:41:24.092508Z,KXBTC15M-26OCT042045-45,0.9890,2.88,yes
2026-10-05T00:41:24.092508Z,KXBTC15M-26OCT042045-45,0.9890,0.01,yes
2026-10-05T00:41:24.092508Z,KXBTC15M-26OCT042045-45,0.9890,0.10,yes
2026-10-05T00:41:24.092508Z,KXBTC15M-26OCT042045-45,0.9890,0.01,yes
2026-10-05T00:41:24.182773Z,KXBTC15M-26OCT042045-45,0.9880,147.99,no
2026-10-05T00:41:24.242431Z,KXBTC15M-26OCT042045-45,0.9880,51.88,no
2026-10-05T00:41:24.242431Z,KXBTC15M-26OCT042045-45,0.9880,0.01,no
2026-10-05T00:41:24.242431Z,KXBTC15M-26OCT042045-45,0.9880,0.01,no
2026-10-05T00:41:24.242431Z,KXBTC15M-26OCT042045-45,0.9880,130.76,no
2026-10-05T00:41:24.263409Z,KXBTC15M-26OCT042045-45,0.9890,0.01,yes
2026-10-05T00:41:24.263409Z,KXBTC15M-26OCT042045-45,0.9890,0.01,yes
2026-10-05T00:41:24.263409Z,KXBTC15M-26OCT042045-45,0.9900,14.85,yes
2026-10-05T00:41:24.300046Z,KXBTC15M-26OCT042045-45,0.9900,302.81,yes
2026-10-05T00:41:24.30345Z,KXBTC15M-26OCT042045-45,0.9890,0.10,no
2026-10-05T00:41:24.30345Z,KXBTC15M-26OCT042045-45,0.9880,25.45,no
2026-10-05T00:41:24.30345Z,KXBTC15M-26OCT042045-45,0.9890,0.01,no
2026-10-05T00:41:24.30345Z,KXBTC15M-26OCT042045-45,0.9890,15.00,no
2026-10-05T00:41:24.30345Z,KXBTC15M-26OCT042045-45,0.9890,0.01,no
2026-10-05T00:41:24.307074Z,KXBTC15M-26OCT042045-45,0.9880,43.79,no
2026-10-05T00:41:24.307074Z,KXBTC15M-26OCT042045-45,0.9880,0.01,no
2026-10-05T00:41:24.307074Z,KXBTC15M-26OCT042045-45,0.9880,72.19,no
2026-10-05T00:41:24.307074Z,KXBTC15M-26OCT042045-45,0.9880,0.01,no
2026-10-05T00:41:24.321666Z,KXBTC15M-26OCT042045-45,0.9890,0.01,no
2026-10-05T00:41:24.321666Z,KXBTC15M-26OCT042045-45,0.9880,48.72,no
2026-10-05T00:41:24.346324Z,KXBTC15M-26OCT042045-45,0.9900,4.95,yes
2026-10-05T00:41:24.378107Z,KXBTC15M-26OCT042045-45,0.9890,9.00,no
2026-10-05T00:41:24.38361Z,KXBTC15M-26OCT042045-45,0.9900,168.63,yes
2026-10-05T00:41:24.44088Z,KXBTC15M-26OCT042045-45,0.9880,93.98,no
2026-10-05T00:41:24.44088Z,KXBTC15M-26OCT042045-45,0.9890,0.01,no
2026-10-05T00:41:24.44088Z,KXBTC15M-26OCT042045-45,0.9890,0.01,no
2026-10-05T00:41:24.44088Z,KXBTC15M-26OCT042045-45,0.9890,6.00,no
2026-10-05T00:41:24.493479Z,KXBTC15M-26OCT042045-45,0.9900,10.77,yes
2026-10-05T00:41:24.493479Z,KXBTC15M-26OCT042045-45,0.9900,64.93,yes
2026-10-05T00:41:24.517023Z,KXBTC15M-26OCT042045-45,0.9900,5.12,yes
2026-10-05T00:41:24.517023Z,KXBTC15M-26OCT042045-45,0.9900,2.00,yes
2026-10-05T00:41:24.517023Z,KXBTC15M-26OCT042045-45,0.9900,2.00,yes
2026-10-05T00:41:24.517023Z,KXBTC15M-26OCT042045-45,0.9900,91.35,yes
2026-10-05T00:41:24.517023Z,KXBTC15M-26OCT042045-45,0.9900,500.00,yes
2026-10-05T00:41:24.517023Z,KXBTC15M-26OCT042045-45,0.9900,15.00,yes
2026-10-05T00:41:24.517023Z,KXBTC15M-26OCT042045-45,0.9900,75.00,yes
2026-10-05T00:41:24.517023Z,KXBTC15M-26OCT042045-45,0.9900,50.00,yes
2026-10-05T00:41:24.517023Z,KXBTC15M-26OCT042045-45,0.9900,200.00,yes
2026-10-05T00:41:24.517023Z,KXBTC15M-26OCT042045-45,0.9900,500.00,yes
2026-10-05T00:41:24.517023Z,KXBTC15M-26OCT042045-45,0.9900,15.00,yes
2026-10-05T00:41:24.517023Z,KXBTC15M-26OCT042045-45,0.9900,15.00,yes
2026-10-05T00:41:24.517023Z,KXBTC15M-26OCT042045-45,0.9900,100.00,yes
2026-10-05T00:41:24.517023Z,KXBTC15M-26OCT042045-45,0.9900,400.00,yes
2026-10-05T00:41:24.517023Z,KXBTC15M-26OCT042045-45,0.9900,553.00,yes
2026-10-05T00:41:24.517023Z,KXBTC15M-26OCT042045-45,0.9900,15.00,yes
2026-10-05T00:41:24.517023Z,KXBTC15M-26OCT042045-45,0.9900,15.00,yes
2026-10-05T00:41:24.517023Z,KXBTC15M-26OCT042045-45,0.9900,0.01,yes
2026-10-05T00:41:24.517023Z,KXBTC15M-26OCT042045-45,0.9900,0.01,yes
2026-10-05T00:41:24.517023Z,KXBTC15M-26OCT042045-45,0.9900,15.00,yes
2026-10-05T00:41:24.517023Z,KXBTC15M-26OCT042045-45,0.9900,15.00,yes
2026-10-05T00:41:24.517023Z,KXBTC15M-26OCT042045-45,0.9900,40.00,yes
2026-10-05T00:41:24.517023Z,KXBTC15M-26OCT042045-45,0.9900,350.00,yes
2026-10-05T00:41:24.517023Z,KXBTC15M-26OCT042045-45,0.9900,6.00,yes
2026-10-05T00:41:24.517023Z,KXBTC15M-26OCT042045-45,0.9900,6.00,yes
2026-10-05T00:41:24.517023Z,KXBTC15M-26OCT042045-45,0.9900,440.00,yes
2026-10-05T00:41:24.517023Z,KXBTC15M-26OCT042045-45,0.9900,5.00,yes
2026-10-05T00:41:24.517023Z,KXBTC15M-26OCT042045-45,0.9900,1.00,yes
2026-10-05T00:41:24.517023Z,KXBTC15M-26OCT042045-45,0.9900,31.55,yes
2026-10-05T00:41:24.517023Z,KXBTC15M-26OCT042045-45,0.9900,5.00,yes
2026-10-05T00:41:24.517023Z,KXBTC15M-26OCT042045-45,0.9900,11.51,yes
2026-10-05T00:41:24.517023Z,KXBTC15M-26OCT042045-45,0.9900,1.00,yes
2026-10-05T00:41:24.517023Z,KXBTC15M-26OCT042045-45,0.9900,0.40,yes
2026-10-05T00:41:24.517023Z,KXBTC15M-26OCT042045-45,0.9900,5.00,yes
2026-10-05T00:41:24.517023Z,KXBTC15M-26OCT042045-45,0.9900,0.60,yes
2026-10-05T00:41:24.517023Z,KXBTC15M-26OCT042045-45,0.9900,200.00,yes
2026-10-05T00:41:24.517023Z,KXBTC15M-26OCT042045-45,0.9900,0.40,yes
2026-10-05T00:41:24.517023Z,KXBTC15M-26OCT042045-45,0.9900,0.84,yes
2026-10-05T00:41:24.517023Z,KXBTC15M-26OCT042045-45,0.9900,1.15,yes
2026-10-05T00:41:24.517023Z,KXBTC15M-26OCT042045-45,0.9900,4.00,yes
2026-10-05T00:41:24.517023Z,KXBTC15M-26OCT042045-45,0.9900,4.00,yes
2026-10-05T00:41:24.517023Z,KXBTC15M-26OCT042045-45,0.9900,2.03,yes
2026-10-05T00:41:24.517023Z,KXBTC15M-26OCT042045-45,0.9900,0.44,yes
2026-10-05T00:41:24.578242Z,KXBTC15M-26OCT042045-45,0.9910,4.94,yes
2026-10-05T00:41:24.583679Z,KXBTC15M-26OCT042045-45,0.9900,143.90,no
2026-10-05T00:41:24.662015Z,KXBTC15M-26OCT042045-45,0.9900,42.51,no
2026-10-05T00:41:24.705791Z,KXBTC15M-26OCT042045-45,0.9910,27.11,yes
2026-10-05T00:41:24.742291Z,KXBTC15M-26OCT042045-45,0.9900,38.97,no
2026-10-05T00:41:24.796342Z,KXBTC15M-26OCT042045-45,0.9910,407.00,yes
2026-10-05T00:41:24.796342Z,KXBTC15M-26OCT042045-45,0.9910,0.01,yes
2026-10-05T00:41:24.796342Z,KXBTC15M-26OCT042045-45,0.9910,0.01,yes
2026-10-05T00:41:24.796342Z,KXBTC15M-26OCT042045-45,0.9910,52.96,yes
2026-10-05T00:41:24.796342Z,KXBTC15M-26OCT042045-45,0.9910,500.00,yes
2026-10-05T00:41:24.796342Z,KXBTC15M-26OCT042045-45,0.9910,87.95,yes
2026-10-05T00:41:24.812506Z,KXBTC15M-26OCT042045-45,0.9900,17.27,no
2026-10-05T00:41:24.862038Z,KXBTC15M-26OCT042045-45,0.9900,195.48,no
2026-10-05T00:41:24.898617Z,KXBTC15M-26OCT042045-45,0.9910,25.00,yes
2026-10-05T00:41:24.898617Z,KXBTC15M-26OCT042045-45,0.9910,1.00,yes
2026-10-05T00:41:24.898617Z,KXBTC15M-26OCT042045-45,0.9910,0.01,yes
2026-10-05T00:41:24.898617Z,KXBTC15M-26OCT042045-45,0.9910,0.01,yes
2026-10-05T00:41:24.898617Z,KXBTC15M-26OCT042045-45,0.9920,151.98,yes
2026-10-05T00:41:24.898617Z,KXBTC15M-26OCT042045-45,0.9920,8.00,yes
2026-10-05T00:41:24.898617Z,KXBTC15M-26OCT042045-45,0.9920,120.00,yes
2026-10-05T00:41:25.02498Z,KXBTC15M-26OCT042045-45,0.9920,27.46,yes
2026-10-05T00:41:25.034214Z,KXBTC15M-26OCT042045-45,0.9910,51.09,no
2026-10-05T00:41:25.055924Z,KXBTC15M-26OCT042045-45,0.9910,100.00,no
2026-10-05T00:41:25.071597Z,KXBTC15M-26OCT042045-45,0.9920,19.78,yes
2026-10-05T00:41:25.07859Z,KXBTC15M-26OCT042045-45,0.9920,0.78,yes
2026-10-05T00:41:25.07859Z,KXBTC15M-26OCT042045-45,0.9920,11.00,yes
2026-10-05T00:41:25.07859Z,KXBTC15M-26OCT042045-45,0.9920,25.44,yes
2026-10-05T00:41:25.087324Z,KXBTC15M-26OCT042045-45,0.9910,8.00,no
2026-10-05T00:41:25.088367Z,KXBTC15M-26OCT042045-45,0.9910,25.40,no
2026-10-05T00:41:25.113858Z,KXBTC15M-26OCT042045-45,0.9910,93.51,no
2026-10-05T00:41:25.182271Z,KXBTC15M-26OCT042045-45,0.9920,0.01,yes
2026-10-05T00:41:25.182271Z,KXBTC15M-26OCT042045-45,0.9920,1.00,yes
2026-10-05T00:41:25.182271Z,KXBTC15M-26OCT042045-45,0.9920,0.01,yes
2026-10-05T00:41:25.182271Z,KXBTC15M-26OCT042045-45,0.9920,39.00,yes
2026-10-05T00:41:25.182271Z,KXBTC15M-26OCT042045-45,0.9920,11.00,yes
2026-10-05T00:41:25.182271Z,KXBTC15M-26OCT042045-45,0.9930,496.96,yes
2026-10-05T00:41:25.212446Z,KXBTC15M-26OCT042045-45,0.9930,16.00,yes
2026-10-05T00:41:25.22221Z,KXBTC15M-26OCT042045-45,0.9920,14.96,no
2026-10-05T00:41:25.22633Z,KXBTC15M-26OCT042045-45,0.9930,40.00,yes
2026-10-05T00:41:25.231211Z,KXBTC15M-26OCT042045-45,0.9930,9.88,yes
2026-10-05T00:41:25.244871Z,KXBTC15M-26OCT042045-45,0.9930,33.00,yes
2026-10-05T00:41:25.261198Z,KXBTC15M-26OCT042045-45,0.9930,82.00,yes
2026-10-05T00:41:25.274321Z,KXBTC15M-26OCT042045-45,0.9920,221.04,no
2026-10-05T00:41:25.274321Z,KXBTC15M-26OCT042045-45,0.9920,0.01,no
2026-10-05T00:41:25.274321Z,KXBTC15M-26OCT042045-45,0.9920,0.01,no
2026-10-05T00:41:25.274321Z,KXBTC15M-26OCT042045-45,0.9920,90.65,no
2026-10-05T00:41:25.279667Z,KXBTC15M-26OCT042045-45,0.9930,33.00,yes
2026-10-05T00:41:25.302965Z,KXBTC15M-26OCT042045-45,0.9920,0.10,no
2026-10-05T00:41:25.375514Z,KXBTC15M-26OCT042045-45,0.9920,133.63,no
2026-10-05T00:41:25.393987Z,KXBTC15M-26OCT042045-45,0.9920,21.80,no
2026-10-05T00:41:25.419197Z,KXBTC15M-26OCT042045-45,0.9920,103.91,no
2026-10-05T00:41:25.494126Z,KXBTC15M-26OCT042045-45,0.9920,57.15,no
2026-10-05T00:41:25.500737Z,KXBTC15M-26OCT042045-45,0.9920,21.80,no
2026-10-05T00:41:25.558949Z,KXBTC15M-26OCT042045-45,0.9920,21.80,no
2026-10-05T00:41:25.569809Z,KXBTC15M-26OCT042045-45,0.9930,1.00,yes
2026-10-05T00:41:25.569809Z,KXBTC15M-26OCT042045-45,0.9930,15.00,yes
2026-10-05T00:41:25.569809Z,KXBTC15M-26OCT042045-45,0.9930,225.30,yes
2026-10-05T00:41:25.569809Z,KXBTC15M-26OCT042045-45,0.9930,2.00,yes
2026-10-05T00:41:25.569809Z,KXBTC15M-26OCT042045-45,0.9930,2.00,yes
2026-10-05T00:41:25.569809Z,KXBTC15M-26OCT042045-45,0.9930,100.00,yes
2026-10-05T00:41:25.569809Z,KXBTC15M-26OCT042045-45,0.9930,0.01,yes
2026-10-05T00:41:25.569809Z,KXBTC15M-26OCT042045-45,0.9930,46.00,yes
2026-10-05T00:41:25.569809Z,KXBTC15M-26OCT042045-45,0.9930,84.00,yes
2026-10-05T00:41:25.569809Z,KXBTC15M-26OCT042045-45,0.9930,15.00,yes
2026-10-05T00:41:25.569809Z,KXBTC15M-26OCT042045-45,0.9930,523.00,yes
2026-10-05T00:41:25.569809Z,KXBTC15M-26OCT042045-45,0.9930,0.01,yes
2026-10-05T00:41:25.569809Z,KXBTC15M-26OCT042045-45,0.9930,10.00,yes
2026-10-05T00:41:25.569809Z,KXBTC15M-26OCT042045-45,0.9930,1280.00,yes
2026-10-05T00:41:25.569809Z,KXBTC15M-26OCT042045-45,0.9930,120.00,yes
2026-10-05T00:41:25.569809Z,KXBTC15M-26OCT042045-45,0.9930,1280.00,yes
2026-10-05T00:41:25.569809Z,KXBTC15M-26OCT042045-45,0.9930,569.16,yes
2026-10-05T00:41:25.569809Z,KXBTC15M-26OCT042045-45,0.9930,1280.00,yes
2026-10-05T00:41:25.569809Z,KXBTC15M-26OCT042045-45,0.9930,2500.00,yes
2026-10-05T00:41:25.5904Z,KXBTC15M-26OCT042045-45,0.9920,0.01,no
2026-10-05T00:41:25.5904Z,KXBTC15M-26OCT042045-45,0.9920,46.12,no
2026-10-05T00:41:25.5904Z,KXBTC15M-26OCT042045-45,0.9920,82.00,no
2026-10-05T00:41:25.5904Z,KXBTC15M-26OCT042045-45,0.9920,40.00,no
2026-10-05T00:41:25.5904Z,KXBTC15M-26OCT042045-45,0.9920,9.88,no
2026-10-05T00:41:25.5904Z,KXBTC15M-26OCT042045-45,0.9920,15.00,no
2026-10-05T00:41:25.5904Z,KXBTC15M-26OCT042045-45,0.9920,5.53,no
2026-10-05T00:41:25.5904Z,KXBTC15M-26OCT042045-45,0.9920,33.00,no
2026-10-05T00:41:25.5904Z,KXBTC15M-26OCT042045-45,0.9920,0.01,no
2026-10-05T00:41:25.5904Z,KXBTC15M-26OCT042045-45,0.9920,16.00,no
2026-10-05T00:41:25.5904Z,KXBTC15M-26OCT042045-45,0.9920,33.00,no
2026-10-05T00:41:25.593135Z,KXBTC15M-26OCT042045-45,0.9920,57.15,no
2026-10-05T00:41:25.628536Z,KXBTC15M-26OCT042045-45,0.9920,21.80,no
2026-10-05T00:41:25.657881Z,KXBTC15M-26OCT042045-45,0.9920,113.57,no
2026-10-05T00:41:25.657881Z,KXBTC15M-26OCT042045-45,0.9920,115.52,no
2026-10-05T00:41:25.720055Z,KXBTC15M-26OCT042045-45,0.9920,21.80,no
2026-10-05T00:41:25.759708Z,KXBTC15M-26OCT042045-45,0.9920,1558.55,no
2026-10-05T00:41:25.788983Z,KXBTC15M-26OCT042045-45,0.9920,21.80,no
2026-10-05T00:41:25.849095Z,KXBTC15M-26OCT042045-45,0.9920,180.03,no
2026-10-05T00:41:25.850059Z,KXBTC15M-26OCT042045-45,0.9920,500.00,no
2026-10-05T00:41:25.850059Z,KXBTC15M-26OCT042045-45,0.9910,10.00,no
2026-10-05T00:41:25.850059Z,KXBTC15M-26OCT042045-45,0.9900,1500.00,no
2026-10-05T00:41:25.850059Z,KXBTC15M-26OCT042045-45,0.9900,4.94,no
2026-10-05T00:41:25.850059Z,KXBTC15M-26OCT042045-45,0.9900,50.00,no
2026-10-05T00:41:25.850059Z,KXBTC15M-26OCT042045-45,0.9910,120.00,no
2026-10-05T00:41:25.850059Z,KXBTC15M-26OCT042045-45,0.9900,27.11,no
2026-10-05T00:41:25.850059Z,KXBTC15M-26OCT042045-45,0.9920,222.00,no
2026-10-05T00:41:25.850059Z,KXBTC15M-26OCT042045-45,0.9900,75.00,no
2026-10-05T00:41:25.850059Z,KXBTC15M-26OCT042045-45,0.9900,62.50,no
2026-10-05T00:41:25.850059Z,KXBTC15M-26OCT042045-45,0.9900,1206.46,no
2026-10-05T00:41:25.850059Z,KXBTC15M-26OCT042045-45,0.9910,200.00,no
2026-10-05T00:41:25.850059Z,KXBTC15M-26OCT042045-45,0.9920,15.00,no
2026-10-05T00:41:25.850059Z,KXBTC15M-26OCT042045-45,0.9920,569.16,no
2026-10-05T00:41:25.850059Z,KXBTC15M-26OCT042045-45,0.9920,0.01,no
2026-10-05T00:41:25.850059Z,KXBTC15M-26OCT042045-45,0.9920,120.00,no
2026-10-05T00:41:25.850059Z,KXBTC15M-26OCT042045-45,0.9920,1280.00,no
2026-10-05T00:41:25.850059Z,KXBTC15M-26OCT042045-45,0.9910,1.00,no
2026-10-05T00:41:25.850059Z,KXBTC15M-26OCT042045-45,0.9920,0.01,no
2026-10-05T00:41:25.850059Z,KXBTC15M-26OCT042045-45,0.9920,200.00,no
2026-10-05T00:41:25.850059Z,KXBTC15M-26OCT042045-45,0.9920,1280.00,no
2026-10-05T00:41:25.850059Z,KXBTC15M-26OCT042045-45,0.9920,288.57,no
2026-10-05T00:41:25.850059Z,KXBTC15M-26OCT042045-45,0.9910,17.00,no
2026-10-05T00:41:25.850059Z,KXBTC15M-26OCT042045-45,0.9920,1280.00,no
2026-10-05T00:41:25.850059Z,KXBTC15M-26OCT042045-45,0.9910,805.00,no
2026-10-05T00:41:25.850059Z,KXBTC15M-26OCT042045-45,0.9920,1.00,no
2026-10-05T00:41:25.890392Z,KXBTC15M-26OCT042045-45,0.9910,18.69,yes
2026-10-05T00:41:25.934374Z,KXBTC15M-26OCT042045-45,0.9910,709.54,yes
2026-10-05T00:41:25.937484Z,KXBTC15M-26OCT042045-45,0.9910,2.92,yes
2026-10-05T00:41:25.961076Z,KXBTC15M-26OCT042045-45,0.9900,21.80,no
2026-10-05T00:41:25.999169Z,KXBTC15M-26OCT042045-45,0.9910,0.02,yes
2026-10-05T00:41:26.014889Z,KXBTC15M-26OCT042045-45,0.9900,3.65,no
2026-10-05T00:41:26.014889Z,KXBTC15M-26OCT042045-45,0.9900,35.17,no
2026-10-05T00:41:26.306078Z,KXBTC15M-26OCT042045-45,0.9900,1.00,no
2026-10-05T00:41:26.407117Z,KXBTC15M-26OCT042045-45,0.9900,93.51,no
2026-10-05T00:41:26.464378Z,KXBTC15M-26OCT042045-45,0.9910,373.36,yes
2026-10-05T00:41:26.491978Z,KXBTC15M-26OCT042045-45,0.9910,0.01,yes
2026-10-05T00:41:26.491978Z,KXBTC15M-26OCT042045-45,0.9910,0.01,yes
2026-10-05T00:41:26.507797Z,KXBTC15M-26OCT042045-45,0.9920,33.22,yes
2026-10-05T00:41:26.537892Z,KXBTC15M-26OCT042045-45,0.9910,8.71,no
2026-10-05T00:41:26.548671Z,KXBTC15M-26OCT042045-45,0.9910,15.00,no
2026-10-05T00:41:26.548671Z,KXBTC15M-26OCT042045-45,0.9910,400.00,no
2026-10-05T00:41:26.548671Z,KXBTC15M-26OCT042045-45,0.9910,0.10,no
2026-10-05T00:41:26.548671Z,KXBTC15M-26OCT042045-45,0.9910,0.01,no
2026-10-05T00:41:26.548671Z,KXBTC15M-26OCT042045-45,0.9910,0.01,no
2026-10-05T00:41:26.548671Z,KXBTC15M-26OCT042045-45,0.9910,1.29,no
2026-10-05T00:41:26.548671Z,KXBTC15M-26OCT042045-45,0.9910,15.00,no
2026-10-05T00:41:26.548671Z,KXBTC15M-26OCT042045-45,0.9910,12.00,no
2026-10-05T00:41:26.548671Z,KXBTC15M-26OCT042045-45,0.9910,14.18,no
2026-10-05T00:41:26.548671Z,KXBTC15M-26OCT042045-45,0.9910,10.00,no
2026-10-05T00:41:26.679627Z,KXBTC15M-26OCT042045-45,0.9920,0.01,yes
2026-10-05T00:41:26.679627Z,KXBTC15M-26OCT042045-45,0.9920,9.66,yes
2026-10-05T00:41:26.709833Z,KXBTC15M-26OCT042045-45,0.9910,93.51,no
2026-10-05T00:41:26.860254Z,KXBTC15M-26OCT042045-45,0.9910,0.93,no
2026-10-05T00:41:26.878353Z,KXBTC15M-26OCT042045-45,0.9920,5.34,yes
2026-10-05T00:41:26.878353Z,KXBTC15M-26OCT042045-45,0.9920,2.66,yes
2026-10-05T00:41:26.926062Z,KXBTC15M-26OCT042045-45,0.9930,363.02,yes
2026-10-05T00:41:26.926062Z,KXBTC15M-26OCT042045-45,0.9920,0.01,yes
2026-10-05T00:41:26.926062Z,KXBTC15M-26OCT042045-45,0.9920,15.00,yes
2026-10-05T00:41:26.926062Z,KXBTC15M-26OCT042045-45,0.9920,2.66,yes
2026-10-05T00:41:26.926062Z,KXBTC15M-26OCT042045-45,0.9920,0.01,yes
2026-10-05T00:41:26.926062Z,KXBTC15M-26OCT042045-45,0.9930,500.00,yes
2026-10-05T00:41:26.926062Z,KXBTC15M-26OCT042045-45,0.9930,15.00,yes
2026-10-05T00:41:26.926062Z,KXBTC15M-26OCT042045-45,0.9920,8.34,yes
2026-10-05T00:41:26.926062Z,KXBTC15M-26OCT042045-45,0.9930,84.00,yes
2026-10-05T00:41:26.941307Z,KXBTC15M-26OCT042045-45,0.9910,200.00,no
2026-10-05T00:41:26.941307Z,KXBTC15M-26OCT042045-45,0.9910,0.01,no
2026-10-05T00:41:26.941307Z,KXBTC15M-26OCT042045-45,0.9920,0.01,no
2026-10-05T00:41:26.941307Z,KXBTC15M-26OCT042045-45,0.9910,309.38,no
2026-10-05T00:41:26.941307Z,KXBTC15M-26OCT042045-45,0.9910,0.01,no
2026-10-05T00:41:26.941307Z,KXBTC15M-26OCT042045-45,0.9920,0.01,no
2026-10-05T00:41:26.941307Z,KXBTC15M-26OCT042045-45,0.9920,10.00,no
2026-10-05T00:41:26.941307Z,KXBTC15M-26OCT042045-45,0.9920,0.10,no
2026-10-05T00:41:27.041132Z,KXBTC15M-26OCT042045-45,0.9920,7.26,no
2026-10-05T00:41:27.053862Z,KXBTC15M-26OCT042045-45,0.9920,207.81,no
2026-10-05T00:41:27.102355Z,KXBTC15M-26OCT042045-45,0.9920,21.80,no
2026-10-05T00:41:27.173042Z,KXBTC15M-26OCT042045-45,0.9920,21.80,no
2026-10-05T00:41:27.173628Z,KXBTC15M-26OCT042045-45,0.9920,5.08,no
2026-10-05T00:41:27.190465Z,KXBTC15M-26OCT042045-45,0.9920,9.13,no
2026-10-05T00:41:27.304282Z,KXBTC15M-26OCT042045-45,0.9920,3.00,no
2026-10-05T00:41:27.327302Z,KXBTC15M-26OCT042045-45,0.9930,15.00,yes
2026-10-05T00:41:27.327302Z,KXBTC15M-26OCT042045-45,0.9930,0.01,yes
2026-10-05T00:41:27.327302Z,KXBTC15M-26OCT042045-45,0.9930,200.00,yes
2026-10-05T00:41:27.327302Z,KXBTC15M-26OCT042045-45,0.9930,0.01,yes
2026-10-05T00:41:27.327302Z,KXBTC15M-26OCT042045-45,0.9930,15.00,yes
2026-10-05T00:41:27.327302Z,KXBTC15M-26OCT042045-45,0.9940,19.98,yes
2026-10-05T00:41:27.334282Z,KXBTC15M-26OCT042045-45,0.9940,800.00,yes
2026-10-05T00:41:27.34182Z,KXBTC15M-26OCT042045-45,0.9930,10.00,no
2026-10-05T00:41:27.34182Z,KXBTC15M-26OCT042045-45,0.9930,0.10,no
2026-10-05T00:41:27.34182Z,KXBTC15M-26OCT042045-45,0.9930,0.01,no
2026-10-05T00:41:27.34182Z,KXBTC15M-26OCT042045-45,0.9920,32.49,no
2026-10-05T00:41:27.342326Z,KXBTC15M-26OCT042045-45,0.9940,250.00,yes
2026-10-05T00:41:27.352929Z,KXBTC15M-26OCT042045-45,0.9930,33.61,no
2026-10-05T00:41:27.386202Z,KXBTC15M-26OCT042045-45,0.9930,0.03,no
2026-10-05T00:41:27.540377Z,KXBTC15M-26OCT042045-45,0.9930,14.07,no
2026-10-05T00:41:27.55103Z,KXBTC15M-26OCT042045-45,0.9930,0.01,no
2026-10-05T00:41:27.55103Z,KXBTC15M-26OCT042045-45,0.9930,114.96,no
2026-10-05T00:41:27.55103Z,KXBTC15M-26OCT042045-45,0.9930,0.01,no
2026-10-05T00:41:27.55103Z,KXBTC15M-26OCT042045-45,0.9930,0.90,no
2026-10-05T00:41:27.55103Z,KXBTC15M-26OCT042045-45,0.9930,1.00,no
2026-10-05T00:41:27.566632Z,KXBTC15M-26OCT042045-45,0.9930,3.06,no
2026-10-05T00:41:27.578162Z,KXBTC15M-26OCT042045-45,0.9930,11.69,no
2026-10-05T00:41:27.608367Z,KXBTC15M-26OCT042045-45,0.9930,116.88,no
2026-10-05T00:41:27.611869Z,KXBTC15M-26OCT042045-45,0.9930,23.38,no
2026-10-05T00:41:27.663798Z,KXBTC15M-26OCT042045-45,0.9940,1.00,yes
2026-10-05T00:41:27.699284Z,KXBTC15M-26OCT042045-45,0.9930,130.03,no
2026-10-05T00:41:27.699284Z,KXBTC15M-26OCT042045-45,0.9930,100.00,no
2026-10-05T00:41:27.699284Z,KXBTC15M-26OCT042045-45,0.9930,31.77,no
2026-10-05T00:41:27.729557Z,KXBTC15M-26OCT042045-45,0.9930,233.77,no
2026-10-05T00:41:27.797599Z,KXBTC15M-26OCT042045-45,0.9930,10.24,no
2026-10-05T00:41:27.798923Z,KXBTC15M-26OCT042045-45,0.9940,8.68,yes
2026-10-05T00:41:27.851817Z,KXBTC15M-26OCT042045-45,0.9930,10.00,no
2026-10-05T00:41:27.851817Z,KXBTC15M-26OCT042045-45,0.9930,73.63,no
2026-10-05T00:41:27.851817Z,KXBTC15M-26OCT042045-45,0.9930,239.76,no
2026-10-05T00:41:27.851817Z,KXBTC15M-26OCT042045-45,0.9930,400.00,no
2026-10-05T00:41:27.851817Z,KXBTC15M-26OCT042045-45,0.9930,15.00,no
2026-10-05T00:41:27.851817Z,KXBTC15M-26OCT042045-45,0.9930,0.01,no
2026-10-05T00:41:27.851817Z,KXBTC15M-26OCT042045-45,0.9930,46.00,no
2026-10-05T00:41:27.851817Z,KXBTC15M-26OCT042045-45,0.9930,0.01,no
2026-10-05T00:41:27.851817Z,KXBTC15M-26OCT042045-45,0.9930,1.00,no
2026-10-05T00:41:27.902189Z,KXBTC15M-26OCT042045-45,0.9930,8.68,no
2026-10-05T00:41:27.902189Z,KXBTC15M-26OCT042045-45,0.9930,15.00,no
2026-10-05T00:41:27.902189Z,KXBTC15M-26OCT042045-45,0.9930,11.80,no
2026-10-05T00:41:27.902189Z,KXBTC15M-26OCT042045-45,0.9930,0.01,no
2026-10-05T00:41:27.902189Z,KXBTC15M-26OCT042045-45,0.9930,15.00,no
2026-10-05T00:41:27.902189Z,KXBTC15M-26OCT042045-45,0.9930,0.01,no
2026-10-05T00:41:27.908874Z,KXBTC15M-26OCT042045-45,0.9930,15.22,no
2026-10-05T00:41:27.94228Z,KXBTC15M-26OCT042045-45,0.9940,171.73,yes
2026-10-05T00:41:27.94228Z,KXBTC15M-26OCT042045-45,0.9940,200.34,yes
2026-10-05T00:41:27.959783Z,KXBTC15M-26OCT042045-45,0.9940,1108.27,yes
2026-10-05T00:41:27.959783Z,KXBTC15M-26OCT042045-45,0.9940,802.67,yes
2026-10-05T00:41:27.959783Z,KXBTC15M-26OCT042045-45,0.9940,50.00,yes
2026-10-05T00:41:28.008761Z,KXBTC15M-26OCT042045-45,0.9930,6.52,no
2026-10-05T00:41:28.008761Z,KXBTC15M-26OCT042045-45,0.9930,0.01,no
2026-10-05T00:41:28.008761Z,KXBTC15M-26OCT042045-45,0.9930,0.01,no
2026-10-05T00:41:28.025709Z,KXBTC15M-26OCT042045-45,0.9930,8.48,no
2026-10-05T00:41:28.025709Z,KXBTC15M-26OCT042045-45,0.9930,105.40,no
2026-10-05T00:41:28.025709Z,KXBTC15M-26OCT042045-45,0.9930,400.00,no
2026-10-05T00:41:28.040988Z,KXBTC15M-26OCT042045-45,0.9930,141.37,no
2026-10-05T00:41:28.040988Z,KXBTC15M-26OCT042045-45,0.9930,66.33,no
2026-10-05T00:41:28.046469Z,KXBTC15M-26OCT042045-45,0.9940,418.00,yes
2026-10-05T00:41:28.13922Z,KXBTC15M-26OCT042045-45,0.9930,500.00,no
2026-10-05T00:41:28.13922Z,KXBTC15M-26OCT042045-45,0.9930,1108.27,no
2026-10-05T00:41:28.13922Z,KXBTC15M-26OCT042045-45,0.9930,58.97,no
2026-10-05T00:41:28.13922Z,KXBTC15M-26OCT042045-45,0.9920,19.98,no
2026-10-05T00:41:28.13922Z,KXBTC15M-26OCT042045-45,0.9920,11.64,no
2026-10-05T00:41:28.13922Z,KXBTC15M-26OCT042045-45,0.9930,802.67,no
2026-10-05T00:41:28.13922Z,KXBTC15M-26OCT042045-45,0.9930,200.00,no
2026-10-05T00:41:28.13922Z,KXBTC15M-26OCT042045-45,0.9930,50.00,no
2026-10-05T00:41:28.13922Z,KXBTC15M-26OCT042045-45,0.9920,200.00,no
2026-10-05T00:41:28.13922Z,KXBTC15M-26OCT042045-45,0.9920,15.00,no
2026-10-05T00:41:28.13922Z,KXBTC15M-26OCT042045-45,0.9930,400.00,no
2026-10-05T00:41:28.13922Z,KXBTC15M-26OCT042045-45,0.9930,0.01,no
2026-10-05T00:41:28.13922Z,KXBTC15M-26OCT042045-45,0.9930,0.01,no
2026-10-05T00:41:28.13922Z,KXBTC15M-26OCT042045-45,0.9930,418.00,no
2026-10-05T00:41:28.13922Z,KXBTC15M-26OCT042045-45,0.9930,3811.22,no
2026-10-05T00:41:28.155618Z,KXBTC15M-26OCT042045-45,0.9930,0.10,yes
2026-10-05T00:41:28.155618Z,KXBTC15M-26OCT042045-45,0.9940,7.64,yes
2026-10-05T00:41:28.155618Z,KXBTC15M-26OCT042045-45,0.9940,9.33,yes
2026-10-05T00:41:28.161874Z,KXBTC15M-26OCT042045-45,0.9930,2.14,no
2026-10-05T00:41:28.192032Z,KXBTC15M-26OCT042045-45,0.9940,37.70,yes
2026-10-05T00:41:28.232832Z,KXBTC15M-26OCT042045-45,0.9930,0.01,no
2026-10-05T00:41:28.232832Z,KXBTC15M-26OCT042045-45,0.9930,12.86,no
2026-10-05T00:41:28.232832Z,KXBTC15M-26OCT042045-45,0.9930,0.01,no
2026-10-05T00:41:28.232832Z,KXBTC15M-26OCT042045-45,0.9930,152.10,no
2026-10-05T00:41:28.340489Z,KXBTC15M-26OCT042045-45,0.9930,5.91,no
2026-10-05T00:41:28.340489Z,KXBTC15M-26OCT042045-45,0.9930,9.33,no
2026-10-05T00:41:28.368966Z,KXBTC15M-26OCT042045-45,0.9940,775.08,yes
2026-10-05T00:41:28.368966Z,KXBTC15M-26OCT042045-45,0.9940,74.66,yes
2026-10-05T00:41:28.373026Z,KXBTC15M-26OCT042045-45,0.9920,330.96,no
2026-10-05T00:41:28.373026Z,KXBTC15M-26OCT042045-45,0.9930,1.73,no
2026-10-05T00:41:28.373026Z,KXBTC15M-26OCT042045-45,0.9930,0.01,no
2026-10-05T00:41:28.373026Z,KXBTC15M-26OCT042045-45,0.9930,15.00,no
2026-10-05T00:41:28.373026Z,KXBTC15M-26OCT042045-45,0.9930,37.70,no
2026-10-05T00:41:28.373026Z,KXBTC15M-26OCT042045-45,0.9930,0.01,no
2026-10-05T00:41:28.373026Z,KXBTC15M-26OCT042045-45,0.9930,200.00,no
2026-10-05T00:41:28.373881Z,KXBTC15M-26OCT042045-45,0.9920,91.33,no
2026-10-05T00:41:28.376258Z,KXBTC15M-26OCT042045-45,0.9920,6.68,no
2026-10-05T00:41:28.433069Z,KXBTC15M-26OCT042045-45,0.9940,1.00,yes
2026-10-05T00:41:28.440381Z,KXBTC15M-26OCT042045-45,0.9940,35.88,yes
2026-10-05T00:41:28.533619Z,KXBTC15M-26OCT042045-45,0.9930,151.42,no
2026-10-05T00:41:28.58408Z,KXBTC15M-26OCT042045-45,0.9940,11.58,yes
2026-10-05T00:41:28.635686Z,KXBTC15M-26OCT042045-45,0.9930,26.70,no
2026-10-05T00:41:28.671669Z,KXBTC15M-26OCT042045-45,0.9940,27.71,yes
2026-10-05T00:41:28.716674Z,KXBTC15M-26OCT042045-45,0.9930,31.00,no
2026-10-05T00:41:28.721538Z,KXBTC15M-26OCT042045-45,0.9930,65.45,no
2026-10-05T00:41:28.73939Z,KXBTC15M-26OCT042045-45,0.9940,0.01,yes
2026-10-05T00:41:28.73939Z,KXBTC15M-26OCT042045-45,0.9940,0.01,yes
2026-10-05T00:41:28.73939Z,KXBTC15M-26OCT042045-45,0.9940,610.00,yes
2026-10-05T00:41:28.73939Z,KXBTC15M-26OCT042045-45,0.9940,15.00,yes
2026-10-05T00:41:28.73939Z,KXBTC15M-26OCT042045-45,0.9940,15.00,yes
2026-10-05T00:41:28.73939Z,KXBTC15M-26OCT042045-45,0.9940,15.00,yes
2026-10-05T00:41:28.73939Z,KXBTC15M-26OCT042045-45,0.9940,15.00,yes
2026-10-05T00:41:28.73939Z,KXBTC15M-26OCT042045-45,0.9940,15.00,yes
2026-10-05T00:41:28.73939Z,KXBTC15M-26OCT042045-45,0.9940,15.00,yes
2026-10-05T00:41:28.73939Z,KXBTC15M-26OCT042045-45,0.9940,500.00,yes
2026-10-05T00:41:28.73939Z,KXBTC15M-26OCT042045-45,0.9940,16.00,yes
2026-10-05T00:41:28.73939Z,KXBTC15M-26OCT042045-45,0.9940,100.00,yes
2026-10-05T00:41:28.73939Z,KXBTC15M-26OCT042045-45,0.9940,15.00,yes
2026-10-05T00:41:28.73939Z,KXBTC15M-26OCT042045-45,0.9940,200.00,yes
2026-10-05T00:41:28.73939Z,KXBTC15M-26OCT042045-45,0.9940,500.00,yes
2026-10-05T00:41:28.73939Z,KXBTC15M-26OCT042045-45,0.9940,2500.00,yes
2026-10-05T00:41:28.73939Z,KXBTC15M-26OCT042045-45,0.9940,80.03,yes
2026-10-05T00:41:28.73939Z,KXBTC15M-26OCT042045-45,0.9940,428.75,yes
2026-10-05T00:41:28.803972Z,KXBTC15M-26OCT042045-45,0.9940,0.02,yes
2026-10-05T00:41:28.914681Z,KXBTC15M-26OCT042045-45,0.9930,52.09,no
2026-10-05T00:41:28.961266Z,KXBTC15M-26OCT042045-45,0.9940,15.98,yes
2026-10-05T00:41:28.961266Z,KXBTC15M-26OCT042045-45,0.9940,0.01,yes
2026-10-05T00:41:28.961266Z,KXBTC15M-26OCT042045-45,0.9940,100.00,yes
2026-10-05T00:41:28.961266Z,KXBTC15M-26OCT042045-45,0.9940,0.02,yes
2026-10-05T00:41:28.961266Z,KXBTC15M-26OCT042045-45,0.9940,110.03,yes
2026-10-05T00:41:28.996954Z,KXBTC15M-26OCT042045-45,0.9930,130.90,no
2026-10-05T00:41:29.046773Z,KXBTC15M-26OCT042045-45,0.9930,1.00,no
2026-10-05T00:41:29.059724Z,KXBTC15M-26OCT042045-45,0.9930,261.80,no
2026-10-05T00:41:29.065016Z,KXBTC15M-26OCT042045-45,0.9940,10.25,yes
2026-10-05T00:41:29.066848Z,KXBTC15M-26OCT042045-45,0.9930,261.99,no
2026-10-05T00:41:29.066848Z,KXBTC15M-26OCT042045-45,0.9930,15.00,no
2026-10-05T00:41:29.066848Z,KXBTC15M-26OCT042045-45,0.9930,35.88,no
2026-10-05T00:41:29.066848Z,KXBTC15M-26OCT042045-45,0.9930,200.00,no
2026-10-05T00:41:29.066848Z,KXBTC15M-26OCT042045-45,0.9930,0.01,no
2026-10-05T00:41:29.066848Z,KXBTC15M-26OCT042045-45,0.9930,1.00,no
2026-10-05T00:41:29.066848Z,KXBTC15M-26OCT042045-45,0.9930,54.72,no
2026-10-05T00:41:29.066848Z,KXBTC15M-26OCT042045-45,0.9930,74.66,no
2026-10-05T00:41:29.066848Z,KXBTC15M-26OCT042045-45,0.9930,11.58,no
2026-10-05T00:41:29.066848Z,KXBTC15M-26OCT042045-45,0.9930,27.71,no
2026-10-05T00:41:29.146442Z,KXBTC15M-26OCT042045-45,0.9930,2.43,no
2026-10-05T00:41:29.186883Z,KXBTC15M-26OCT042045-45,0.9940,100.00,yes
2026-10-05T00:41:29.186883Z,KXBTC15M-26OCT042045-45,0.9940,16.00,yes
2026-10-05T00:41:29.186883Z,KXBTC15M-26OCT042045-45,0.9940,0.01,yes
2026-10-05T00:41:29.186883Z,KXBTC15M-26OCT042045-45,0.9940,0.01,yes
2026-10-05T00:41:29.186883Z,KXBTC15M-26OCT042045-45,0.9940,29.72,yes
2026-10-05T00:41:29.186883Z,KXBTC15M-26OCT042045-45,0.9950,2000.00,yes
2026-10-05T00:41:29.186883Z,KXBTC15M-26OCT042045-45,0.9950,879.26,yes
2026-10-05T00:41:29.186883Z,KXBTC15M-26OCT042045-45,0.9950,2000.00,yes
2026-10-05T00:41:29.214793Z,KXBTC15M-26OCT042045-45,0.9930,10.68,no
2026-10-05T00:41:29.244433Z,KXBTC15M-26OCT042045-45,0.9940,16.00,yes
2026-10-05T00:41:29.244433Z,KXBTC15M-26OCT042045-45,0.9940,150.00,yes
2026-10-05T00:41:29.244433Z,KXBTC15M-26OCT042045-45,0.9940,0.01,yes
2026-10-05T00:41:29.244433Z,KXBTC15M-26OCT042045-45,0.9940,1.00,yes
2026-10-05T00:41:29.244433Z,KXBTC15M-26OCT042045-45,0.9940,0.01,yes
2026-10-05T00:41:29.263342Z,KXBTC15M-26OCT042045-45,0.9950,82.00,yes
2026-10-05T00:41:29.277771Z,KXBTC15M-26OCT042045-45,0.9950,33.00,yes
2026-10-05T00:41:29.283723Z,KXBTC15M-26OCT042045-45,0.9940,133.58,no
2026-10-05T00:41:29.307809Z,KXBTC15M-26OCT042045-45,0.9950,1.96,yes
2026-10-05T00:41:29.312284Z,KXBTC15M-26OCT042045-45,0.9940,133.58,no
2026-10-05T00:41:29.322624Z,KXBTC15M-26OCT042045-45,0.9950,4.83,yes
2026-10-05T00:41:29.416651Z,KXBTC15M-26OCT042045-45,0.9950,151.33,yes
2026-10-05T00:41:29.438019Z,KXBTC15M-26OCT042045-45,0.9940,3.65,no
2026-10-05T00:41:29.480306Z,KXBTC15M-26OCT042045-45,0.9940,14.69,no
2026-10-05T00:41:29.499698Z,KXBTC15M-26OCT042045-45,0.9940,66.79,no
2026-10-05T00:41:29.506665Z,KXBTC15M-26OCT042045-45,0.9950,47.29,yes
2026-10-05T00:41:29.563988Z,KXBTC15M-26OCT042045-45,0.9940,29.38,no
2026-10-05T00:41:29.571199Z,KXBTC15M-26OCT042045-45,0.9940,34.51,no
2026-10-05T00:41:29.592976Z,KXBTC15M-26OCT042045-45,0.9940,19.11,no
2026-10-05T00:41:29.607606Z,KXBTC15M-26OCT042045-45,0.9940,10.41,no
2026-10-05T00:41:29.673202Z,KXBTC15M-26OCT042045-45,0.9940,22.00,no
2026-10-05T00:41:29.711902Z,KXBTC15M-26OCT042045-45,0.9940,245.42,no
2026-10-05T00:41:29.726272Z,KXBTC15M-26OCT042045-45,0.9940,152.71,no
2026-10-05T00:41:29.760206Z,KXBTC15M-26OCT042045-45,0.9950,557.59,yes
2026-10-05T00:41:29.77184Z,KXBTC15M-26OCT042045-45,0.9940,152.71,no
2026-10-05T00:41:29.81411Z,KXBTC15M-26OCT042045-45,0.9940,5.00,no
2026-10-05T00:41:29.881694Z,KXBTC15M-26OCT042045-45,0.9940,149.59,no
2026-10-05T00:41:29.885417Z,KXBTC15M-26OCT042045-45,0.9950,9.30,yes
2026-10-05T00:41:29.916546Z,KXBTC15M-26OCT042045-45,0.9950,5.02,yes
2026-10-05T00:41:29.927846Z,KXBTC15M-26OCT042045-45,0.9940,155.83,no
2026-10-05T00:41:29.970354Z,KXBTC15M-26OCT042045-45,0.9940,311.64,no
2026-10-05T00:41:29.986482Z,KXBTC15M-26OCT042045-45,0.9950,4.85,yes
2026-10-05T00:41:30.015536Z,KXBTC15M-26OCT042045-45,0.9940,77.91,no
2026-10-05T00:41:30.018131Z,KXBTC15M-26OCT042045-45,0.9940,5.14,no
2026-10-05T00:41:30.060236Z,KXBTC15M-26OCT042045-45,0.9950,3.32,yes
2026-10-05T00:41:30.071985Z,KXBTC15M-26OCT042045-45,0.9940,22.44,no
2026-10-05T00:41:30.114351Z,KXBTC15M-26OCT042045-45,0.9940,15.00,no
2026-10-05T00:41:30.114351Z,KXBTC15M-26OCT042045-45,0.9940,35.70,no
2026-10-05T00:41:30.114351Z,KXBTC15M-26OCT042045-45,0.9940,86.89,no
2026-10-05T00:41:30.114351Z,KXBTC15M-26OCT042045-45,0.9940,15.00,no
2026-10-05T00:41:30.114351Z,KXBTC15M-26OCT042045-45,0.9940,0.01,no
2026-10-05T00:41:30.114351Z,KXBTC15M-26OCT042045-45,0.9940,0.01,no
2026-10-05T00:41:30.114351Z,KXBTC15M-26OCT042045-45,0.9940,0.10,no
2026-10-05T00:41:30.115735Z,KXBTC15M-26OCT042045-45,0.9940,8.05,no
2026-10-05T00:41:30.15843Z,KXBTC15M-26OCT042045-45,0.9940,25.86,no
2026-10-05T00:41:30.15843Z,KXBTC15M-26OCT042045-45,0.9940,12.25,no
2026-10-05T00:41:30.167946Z,KXBTC15M-26OCT042045-45,0.9940,0.53,no
2026-10-05T00:41:30.181485Z,KXBTC15M-26OCT042045-45,0.9940,9.13,no
2026-10-05T00:41:30.190798Z,KXBTC15M-26OCT042045-45,0.9950,220.25,yes
2026-10-05T00:41:30.190798Z,KXBTC15M-26OCT042045-45,0.9950,583.48,yes
2026-10-05T00:41:30.254194Z,KXBTC15M-26OCT042045-45,0.9940,21.39,no
2026-10-05T00:41:30.306248Z,KXBTC15M-26OCT042045-45,0.9940,31.09,no
2026-10-05T00:41:30.306248Z,KXBTC15M-26OCT042045-45,0.9940,1.00,no
2026-10-05T00:41:30.306248Z,KXBTC15M-26OCT042045-45,0.9940,24.91,no
2026-10-05T00:41:30.341478Z,KXBTC15M-26OCT042045-45,0.9950,183.86,yes
2026-10-05T00:41:30.350715Z,KXBTC15M-26OCT042045-45,0.9940,7.80,no
2026-10-05T00:41:30.352578Z,KXBTC15M-26OCT042045-45,0.9940,6.23,no
2026-10-05T00:41:30.428258Z,KXBTC15M-26OCT042045-45,0.9940,0.10,no
2026-10-05T00:41:30.513888Z,KXBTC15M-26OCT042045-45,0.9940,33.00,no
2026-10-05T00:41:30.513888Z,KXBTC15M-26OCT042045-45,0.9940,144.00,no
2026-10-05T00:41:30.513888Z,KXBTC15M-26OCT042045-45,0.9940,1.96,no
2026-10-05T00:41:30.513888Z,KXBTC15M-26OCT042045-45,0.9940,42.96,no
2026-10-05T00:41:30.513888Z,KXBTC15M-26OCT042045-45,0.9940,151.33,no
2026-10-05T00:41:30.513888Z,KXBTC15M-26OCT042045-45,0.9940,47.29,no
2026-10-05T00:41:30.513888Z,KXBTC15M-26OCT042045-45,0.9940,4.83,no
2026-10-05T00:41:30.513888Z,KXBTC15M-26OCT042045-45,0.9940,15.00,no
2026-10-05T00:41:30.513888Z,KXBTC15M-26OCT042045-45,0.9940,323.17,no
2026-10-05T00:41:30.582735Z,KXBTC15M-26OCT042045-45,0.9940,4.85,no
2026-10-05T00:41:30.582735Z,KXBTC15M-26OCT042045-45,0.9940,58.05,no
2026-10-05T00:41:30.582735Z,KXBTC15M-26OCT042045-45,0.9940,9.30,no
2026-10-05T00:41:30.582735Z,KXBTC15M-26OCT042045-45,0.9940,234.42,no
2026-10-05T00:41:30.582735Z,KXBTC15M-26OCT042045-45,0.9940,5.02,no
2026-10-05T00:41:30.59635Z,KXBTC15M-26OCT042045-45,0.9940,0.49,no
2026-10-05T00:41:30.608661Z,KXBTC15M-26OCT042045-45,0.9940,132.09,no
2026-10-05T00:41:30.677255Z,KXBTC15M-26OCT042045-45,0.9940,2.46,no
2026-10-05T00:41:30.734665Z,KXBTC15M-26OCT042045-45,0.9940,10.23,no
2026-10-05T00:41:30.756215Z,KXBTC15M-26OCT042045-45,0.9940,1.02,no
2026-10-05T00:41:30.796727Z,KXBTC15M-26OCT042045-45,0.9940,26.85,no
2026-10-05T00:41:30.812928Z,KXBTC15M-26OCT042045-45,0.9950,44.04,yes
2026-10-05T00:41:30.855327Z,KXBTC15M-26OCT042045-45,0.9940,15.58,no
2026-10-05T00:41:30.957745Z,KXBTC15M-26OCT042045-45,0.9940,7.79,no
2026-10-05T00:41:30.961767Z,KXBTC15M-26OCT042045-45,0.9940,32.07,no
2026-10-05T00:41:30.971473Z,KXBTC15M-26OCT042045-45,0.9940,1.52,no
2026-10-05T00:41:31.097557Z,KXBTC15M-26OCT042045-45,0.9940,155.00,no
2026-10-05T00:41:31.116864Z,KXBTC15M-26OCT042045-45,0.9950,71.03,yes
2026-10-05T00:41:31.183188Z,KXBTC15M-26OCT042045-45,0.9940,1152.00,no
2026-10-05T00:41:31.209992Z,KXBTC15M-26OCT042045-45,0.9940,191.92,no
2026-10-05T00:41:31.237429Z,KXBTC15M-26OCT042045-45,0.9940,0.01,no
2026-10-05T00:41:31.237429Z,KXBTC15M-26OCT042045-45,0.9940,110.82,no
2026-10-05T00:41:31.237429Z,KXBTC15M-26OCT042045-45,0.9940,3.32,no
2026-10-05T00:41:31.237429Z,KXBTC15M-26OCT042045-45,0.9940,15.00,no
2026-10-05T00:41:31.237429Z,KXBTC15M-26OCT042045-45,0.9940,0.01,no
2026-10-05T00:41:31.237429Z,KXBTC15M-26OCT042045-45,0.9940,182.48,no
2026-10-05T00:41:31.247237Z,KXBTC15M-26OCT042045-45,0.9940,38.07,no
2026-10-05T00:41:31.307934Z,KXBTC15M-26OCT042045-45,0.9940,115.59,no
2026-10-05T00:41:31.307934Z,KXBTC15M-26OCT042045-45,0.9940,434.59,no
2026-10-05T00:41:31.560482Z,KXBTC15M-26OCT042045-45,0.9940,73.06,no
2026-10-05T00:41:31.582886Z,KXBTC15M-26OCT042045-45,0.9940,3.02,no
2026-10-05T00:41:31.616829Z,KXBTC15M-26OCT042045-45,0.9940,28.58,no
2026-10-05T00:41:31.616829Z,KXBTC15M-26OCT042045-45,0.9940,124.13,no
2026-10-05T00:41:31.673702Z,KXBTC15M-26OCT042045-45,0.9930,40.58,no
2026-10-05T00:41:31.673702Z,KXBTC15M-26OCT042045-45,0.9940,0.01,no
2026-10-05T00:41:31.673702Z,KXBTC15M-26OCT042045-45,0.9940,15.00,no
2026-10-05T00:41:31.673702Z,KXBTC15M-26OCT042045-45,0.9940,71.03,no
2026-10-05T00:41:31.673702Z,KXBTC15M-26OCT042045-45,0.9940,0.01,no
2026-10-05T00:41:31.673702Z,KXBTC15M-26OCT042045-45,0.9940,59.73,no
2026-10-05T00:41:31.673702Z,KXBTC15M-26OCT042045-45,0.9940,44.04,no
2026-10-05T00:41:31.673702Z,KXBTC15M-26OCT042045-45,0.9940,75.00,no
2026-10-05T00:41:31.717525Z,KXBTC15M-26OCT042045-45,0.9940,3.29,yes
2026-10-05T00:41:31.732517Z,KXBTC15M-26OCT042045-45,0.9930,1.52,no
2026-10-05T00:41:31.740842Z,KXBTC15M-26OCT042045-45,0.9930,22.19,no
2026-10-05T00:41:31.753918Z,KXBTC15M-26OCT042045-45,0.9940,64.34,yes
2026-10-05T00:41:31.753918Z,KXBTC15M-26OCT042045-45,0.9940,146.71,yes
2026-10-05T00:41:31.808708Z,KXBTC15M-26OCT042045-45,0.9930,7.05,no
2026-10-05T00:41:31.816756Z,KXBTC15M-26OCT042045-45,0.9930,116.05,no
2026-10-05T00:41:31.816756Z,KXBTC15M-26OCT042045-45,0.9930,357.41,no
2026-10-05T00:41:31.835367Z,KXBTC15M-26OCT042045-45,0.9940,11.05,yes
2026-10-05T00:41:31.862629Z,KXBTC15M-26OCT042045-45,0.9930,33.74,no
2026-10-05T00:41:31.902549Z,KXBTC15M-26OCT042045-45,0.9940,16.00,yes
2026-10-05T00:41:31.902549Z,KXBTC15M-26OCT042045-45,0.9940,24.61,yes
2026-10-05T00:41:31.902549Z,KXBTC15M-26OCT042045-45,0.9940,0.01,yes
2026-10-05T00:41:31.902549Z,KXBTC15M-26OCT042045-45,0.9940,0.10,yes
2026-10-05T00:41:31.902549Z,KXBTC15M-26OCT042045-45,0.9940,40.52,yes
2026-10-05T00:41:31.902549Z,KXBTC15M-26OCT042045-45,0.9940,0.01,yes
2026-10-05T00:41:31.902549Z,KXBTC15M-26OCT042045-45,0.9940,35.00,yes
2026-10-05T00:41:31.902549Z,KXBTC15M-26OCT042045-45,0.9940,10.00,yes
2026-10-05T00:41:31.936485Z,KXBTC15M-26OCT042045-45,0.9930,5.83,no
2026-10-05T00:41:31.956574Z,KXBTC15M-26OCT042045-45,0.9940,109.48,yes
2026-10-05T00:41:31.956574Z,KXBTC15M-26OCT042045-45,0.9940,392.85,yes
2026-10-05T00:41:31.96255Z,KXBTC15M-26OCT042045-45,0.9940,2.44,yes
2026-10-05T00:41:31.96255Z,KXBTC15M-26OCT042045-45,0.9940,0.01,yes
2026-10-05T00:41:31.985661Z,KXBTC15M-26OCT042045-45,0.9930,130.90,no
2026-10-05T00:41:32.059785Z,KXBTC15M-26OCT042045-45,0.9940,7.30,yes
2026-10-05T00:41:32.099093Z,KXBTC15M-26OCT042045-45,0.9930,3.33,no
2026-10-05T00:41:32.171792Z,KXBTC15M-26OCT042045-45,0.9930,92.94,no
2026-10-05T00:41:32.213737Z,KXBTC15M-26OCT042045-45,0.9930,72.49,no
2026-10-05T00:41:32.24976Z,KXBTC15M-26OCT042045-45,0.9940,2.44,yes
2026-10-05T00:41:32.24976Z,KXBTC15M-26OCT042045-45,0.9940,6.26,yes
2026-10-05T00:41:32.24976Z,KXBTC15M-26OCT042045-45,0.9940,100.00,yes
2026-10-05T00:41:32.24976Z,KXBTC15M-26OCT042045-45,0.9940,0.01,yes
2026-10-05T00:41:32.24976Z,KXBTC15M-26OCT042045-45,0.9940,0.01,yes
2026-10-05T00:41:32.24976Z,KXBTC15M-26OCT042045-45,0.9940,200.00,yes
2026-10-05T00:41:32.24976Z,KXBTC15M-26OCT042045-45,0.9940,10.00,yes
2026-10-05T00:41:32.24976Z,KXBTC15M-26OCT042045-45,0.9940,7.30,yes
2026-10-05T00:41:32.24976Z,KXBTC15M-26OCT042045-45,0.9950,1117.59,yes
2026-10-05T00:41:32.24976Z,KXBTC15M-26OCT042045-45,0.9950,120.00,yes
2026-10-05T00:41:32.24976Z,KXBTC15M-26OCT042045-45,0.9950,876.96,yes
2026-10-05T00:41:32.275066Z,KXBTC15M-26OCT042045-45,0.9930,5.28,no
2026-10-05T00:41:32.301926Z,KXBTC15M-26OCT042045-45,0.9930,115.59,no
2026-10-05T00:41:32.301926Z,KXBTC15M-26OCT042045-45,0.9930,418.70,no
2026-10-05T00:41:32.330317Z,KXBTC15M-26OCT042045-45,0.9930,130.90,no
2026-10-05T00:41:32.347768Z,KXBTC15M-26OCT042045-45,0.9930,1335.72,no
2026-10-05T00:41:32.403921Z,KXBTC15M-26OCT042045-45,0.9930,2.92,no
2026-10-05T00:41:32.441722Z,KXBTC15M-26OCT042045-45,0.9930,26.74,no
2026-10-05T00:41:32.448169Z,KXBTC15M-26OCT042045-45,0.9930,132.85,no
2026-10-05T00:41:32.561342Z,KXBTC15M-26OCT042045-45,0.9930,77.65,no
2026-10-05T00:41:32.579292Z,KXBTC15M-26OCT042045-45,0.9940,8.00,yes
2026-10-05T00:41:32.579292Z,KXBTC15M-26OCT042045-45,0.9940,16.00,yes
2026-10-05T00:41:32.579292Z,KXBTC15M-26OCT042045-45,0.9940,0.01,yes
2026-10-05T00:41:32.579292Z,KXBTC15M-26OCT042045-45,0.9940,100.00,yes
2026-10-05T00:41:32.579292Z,KXBTC15M-26OCT042045-45,0.9940,10.00,yes
2026-10-05T00:41:32.579292Z,KXBTC15M-26OCT042045-45,0.9940,0.01,yes
2026-10-05T00:41:32.579292Z,KXBTC15M-26OCT042045-45,0.9940,200.00,yes
2026-10-05T00:41:32.579292Z,KXBTC15M-26OCT042045-45,0.9950,90.00,yes
2026-10-05T00:41:32.579292Z,KXBTC15M-26OCT042045-45,0.9950,50.00,yes
2026-10-05T00:41:32.579292Z,KXBTC15M-26OCT042045-45,0.9950,90.00,yes
2026-10-05T00:41:32.579292Z,KXBTC15M-26OCT042045-45,0.9950,100.00,yes
2026-10-05T00:41:32.579292Z,KXBTC15M-26OCT042045-45,0.9950,50.00,yes
2026-10-05T00:41:32.579292Z,KXBTC15M-26OCT042045-45,0.9950,84.11,yes
2026-10-05T00:41:32.579292Z,KXBTC15M-26OCT042045-45,0.9950,147.04,yes
2026-10-05T00:41:32.579292Z,KXBTC15M-26OCT042045-45,0.9950,11.00,yes
2026-10-05T00:41:32.589694Z,KXBTC15M-26OCT042045-45,0.9940,12.05,yes
2026-10-05T00:41:32.589694Z,KXBTC15M-26OCT042045-45,0.9940,0.01,yes
2026-10-05T00:41:32.618194Z,KXBTC15M-26OCT042045-45,0.9930,1.34,no
2026-10-05T00:41:32.689972Z,KXBTC15M-26OCT042045-45,0.9930,116.88,no
2026-10-05T00:41:32.745629Z,KXBTC15M-26OCT042045-45,0.9930,13.35,no
2026-10-05T00:41:32.764374Z,KXBTC15M-26OCT042045-45,0.9930,10.00,no
2026-10-05T00:41:32.775347Z,KXBTC15M-26OCT042045-45,0.9930,0.01,no
2026-10-05T00:41:32.775347Z,KXBTC15M-26OCT042045-45,0.9930,36.06,no
2026-10-05T00:41:32.775347Z,KXBTC15M-26OCT042045-45,0.9930,4.00,no
2026-10-05T00:41:32.836465Z,KXBTC15M-26OCT042045-45,0.9940,0.01,yes
2026-10-05T00:41:32.836465Z,KXBTC15M-26OCT042045-45,0.9940,9.02,yes
2026-10-05T00:41:32.836465Z,KXBTC15M-26OCT042045-45,0.9940,0.01,yes
2026-10-05T00:41:32.878121Z,KXBTC15M-26OCT042045-45,0.9930,29.75,no
2026-10-05T00:41:32.904281Z,KXBTC15M-26OCT042045-45,0.9930,130.90,no
2026-10-05T00:41:32.968343Z,KXBTC15M-26OCT042045-45,0.9930,29.17,no
2026-10-05T00:41:32.974096Z,KXBTC15M-26OCT042045-45,0.9930,15.00,no
2026-10-05T00:41:32.974096Z,KXBTC15M-26OCT042045-45,0.9930,0.01,no
2026-10-05T00:41:32.974096Z,KXBTC15M-26OCT042045-45,0.9930,71.51,no
2026-10-05T00:41:32.974096Z,KXBTC15M-26OCT042045-45,0.9930,306.18,no
2026-10-05T00:41:33.066583Z,KXBTC15M-26OCT042045-45,0.9930,530.27,no
2026-10-05T00:41:33.066583Z,KXBTC15M-26OCT042045-45,0.9930,805.45,no
2026-10-05T00:41:33.095248Z,KXBTC15M-26OCT042045-45,0.9930,96.61,no
2026-10-05T00:41:33.185778Z,KXBTC15M-26OCT042045-45,0.9930,130.90,no
2026-10-05T00:41:33.23775Z,KXBTC15M-26OCT042045-45,0.9930,130.90,no
2026-10-05T00:41:33.245732Z,KXBTC15M-26OCT042045-45,0.9930,120.00,no
2026-10-05T00:41:33.245732Z,KXBTC15M-26OCT042045-45,0.9930,200.00,no
2026-10-05T00:41:33.245732Z,KXBTC15M-26OCT042045-45,0.9930,228.91,no
2026-10-05T00:41:33.245732Z,KXBTC15M-26OCT042045-45,0.9930,85.84,no
2026-10-05T00:41:33.249603Z,KXBTC15M-26OCT042045-45,0.9930,130.90,no
2026-10-05T00:41:33.274836Z,KXBTC15M-26OCT042045-45,0.9930,91.33,no
2026-10-05T00:41:33.427421Z,KXBTC15M-26OCT042045-45,0.9930,11.10,no
2026-10-05T00:41:33.485098Z,KXBTC15M-26OCT042045-45,0.9930,80.83,no
2026-10-05T00:41:33.485098Z,KXBTC15M-26OCT042045-45,0.9930,47.40,no
2026-10-05T00:41:33.560385Z,KXBTC15M-26OCT042045-45,0.9930,17.56,no
2026-10-05T00:41:33.564271Z,KXBTC15M-26OCT042045-45,0.9930,33.80,no
2026-10-05T00:41:33.564271Z,KXBTC15M-26OCT042045-45,0.9930,0.01,no
2026-10-05T00:41:33.564271Z,KXBTC15M-26OCT042045-45,0.9930,15.00,no
2026-10-05T00:41:33.564271Z,KXBTC15M-26OCT042045-45,0.9930,0.01,no
2026-10-05T00:41:33.564271Z,KXBTC15M-26OCT042045-45,0.9930,82.08,no
2026-10-05T00:41:33.572649Z,KXBTC15M-26OCT042045-45,0.9930,130.90,no
2026-10-05T00:41:33.671002Z,KXBTC15M-26OCT042045-45,0.9930,130.90,no
2026-10-05T00:41:33.674027Z,KXBTC15M-26OCT042045-45,0.9930,17.02,no
2026-10-05T00:41:33.76008Z,KXBTC15M-26OCT042045-45,0.9930,13.35,no
2026-10-05T00:41:33.770966Z,KXBTC15M-26OCT042045-45,0.9930,130.90,no
2026-10-05T00:41:33.808262Z,KXBTC15M-26OCT042045-45,0.9930,87.77,no
2026-10-05T00:41:33.808262Z,KXBTC15M-26OCT042045-45,0.9930,43.13,no
2026-10-05T00:41:33.80852Z,KXBTC15M-26OCT042045-45,0.9930,130.90,no
2026-10-05T00:41:33.815361Z,KXBTC15M-26OCT042045-45,0.9940,6.98,yes
2026-10-05T00:41:33.815361Z,KXBTC15M-26OCT042045-45,0.9940,6.28,yes
2026-10-05T00:41:34.015322Z,KXBTC15M-26OCT042045-45,0.9930,133.58,no
2026-10-05T00:41:34.025955Z,KXBTC15M-26OCT042045-45,0.9940,7.00,yes
2026-10-05T00:41:34.026009Z,KXBTC15M-26OCT042045-45,0.9930,128.23,no
2026-10-05T00:41:34.047586Z,KXBTC15M-26OCT042045-45,0.9930,83.72,no
2026-10-05T00:41:34.153896Z,KXBTC15M-26OCT042045-45,0.9930,130.90,no
2026-10-05T00:41:34.157232Z,KXBTC15M-26OCT042045-45,0.9930,36.47,no
2026-10-05T00:41:34.181886Z,KXBTC15M-26OCT042045-45,0.9930,4.98,no
2026-10-05T00:41:34.184797Z,KXBTC15M-26OCT042045-45,0.9940,1.00,yes
2026-10-05T00:41:34.184797Z,KXBTC15M-26OCT042045-45,0.9940,15.00,yes
2026-10-05T00:41:34.184797Z,KXBTC15M-26OCT042045-45,0.9940,6.98,yes
2026-10-05T00:41:34.184797Z,KXBTC15M-26OCT042045-45,0.9940,0.01,yes
2026-10-05T00:41:34.184797Z,KXBTC15M-26OCT042045-45,0.9940,15.00,yes
2026-10-05T00:41:34.184797Z,KXBTC15M-26OCT042045-45,0.9940,9.02,yes
2026-10-05T00:41:34.184797Z,KXBTC15M-26OCT042045-45,0.9940,10.00,yes
2026-10-05T00:41:34.184797Z,KXBTC15M-26OCT042045-45,0.9940,86.72,yes
2026-10-05T00:41:34.184797Z,KXBTC15M-26OCT042045-45,0.9940,0.01,yes
2026-10-05T00:41:34.184797Z,KXBTC15M-26OCT042045-45,0.9950,12.84,yes
2026-10-05T00:41:34.184797Z,KXBTC15M-26OCT042045-45,0.9950,50.00,yes
2026-10-05T00:41:34.184797Z,KXBTC15M-26OCT042045-45,0.9950,50.00,yes
2026-10-05T00:41:34.184797Z,KXBTC15M-26OCT042045-45,0.9950,90.00,yes
2026-10-05T00:41:34.184797Z,KXBTC15M-26OCT042045-45,0.9950,50.00,yes
2026-10-05T00:41:34.184797Z,KXBTC15M-26OCT042045-45,0.9950,90.00,yes
2026-10-05T00:41:34.184797Z,KXBTC15M-26OCT042045-45,0.9950,15.89,yes
2026-10-05T00:41:34.199186Z,KXBTC15M-26OCT042045-45,0.9930,1.00,no
2026-10-05T00:41:34.296522Z,KXBTC15M-26OCT042045-45,0.9930,271.02,no
2026-10-05T00:41:34.296522Z,KXBTC15M-26OCT042045-45,0.9930,15.00,no
2026-10-05T00:41:34.296522Z,KXBTC15M-26OCT042045-45,0.9930,0.01,no
2026-10-05T00:41:34.296522Z,KXBTC15M-26OCT042045-45,0.9930,0.01,no
2026-10-05T00:41:34.296522Z,KXBTC15M-26OCT042045-45,0.9930,0.96,no
2026-10-05T00:41:34.301742Z,KXBTC15M-26OCT042045-45,0.9930,68.12,no
2026-10-05T00:41:34.346668Z,KXBTC15M-26OCT042045-45,0.9930,130.90,no
2026-10-05T00:41:34.426473Z,KXBTC15M-26OCT042045-45,0.9930,65.45,no
2026-10-05T00:41:34.459322Z,KXBTC15M-26OCT042045-45,0.9930,130.90,no
2026-10-05T00:41:34.53332Z,KXBTC15M-26OCT042045-45,0.9930,128.23,no
2026-10-05T00:41:34.541457Z,KXBTC15M-26OCT042045-45,0.9930,130.90,no
2026-10-05T00:41:34.573684Z,KXBTC15M-26OCT042045-45,0.9930,74.48,no
2026-10-05T00:41:34.573684Z,KXBTC15M-26OCT042045-45,0.9930,71.38,no
2026-10-05T00:41:34.579352Z,KXBTC15M-26OCT042045-45,0.9930,42.54,no
2026-10-05T00:41:34.622711Z,KXBTC15M-26OCT042045-45,0.9930,2.18,no
2026-10-05T00:41:34.628141Z,KXBTC15M-26OCT042045-45,0.9930,0.01,no
2026-10-05T00:41:34.628141Z,KXBTC15M-26OCT042045-45,0.9930,162.88,no
2026-10-05T00:41:34.628141Z,KXBTC15M-26OCT042045-45,0.9930,0.01,no
2026-10-05T00:41:34.628141Z,KXBTC15M-26OCT042045-45,0.9930,83.90,no
2026-10-05T00:41:34.628141Z,KXBTC15M-26OCT042045-45,0.9930,15.00,no
2026-10-05T00:41:34.725629Z,KXBTC15M-26OCT042045-45,0.9930,0.01,no
2026-10-05T00:41:34.725629Z,KXBTC15M-26OCT042045-45,0.9930,15.00,no
2026-10-05T00:41:34.725629Z,KXBTC15M-26OCT042045-45,0.9930,0.01,no
2026-10-05T00:41:34.725629Z,KXBTC15M-26OCT042045-45,0.9930,2.04,no
2026-10-05T00:41:34.858795Z,KXBTC15M-26OCT042045-45,0.9930,43.00,no
2026-10-05T00:41:34.859548Z,KXBTC15M-26OCT042045-45,0.9930,3.00,no
2026-10-05T00:41:34.876581Z,KXBTC15M-26OCT042045-45,0.9940,0.01,yes
2026-10-05T00:41:34.876581Z,KXBTC15M-26OCT042045-45,0.9940,0.01,yes
2026-10-05T00:41:34.876581Z,KXBTC15M-26OCT042045-45,0.9940,4.26,yes
2026-10-05T00:41:34.876581Z,KXBTC15M-26OCT042045-45,0.9940,3.76,yes
2026-10-05T00:41:34.879301Z,KXBTC15M-26OCT042045-45,0.9930,13.35,no
2026-10-05T00:41:34.929559Z,KXBTC15M-26OCT042045-45,0.9930,130.90,no
2026-10-05T00:41:34.954399Z,KXBTC15M-26OCT042045-45,0.9930,10.68,no
2026-10-05T00:41:35.008251Z,KXBTC15M-26OCT042045-45,0.9930,102.11,no
2026-10-05T00:41:35.021439Z,KXBTC15M-26OCT042045-45,0.9930,21.39,no
2026-10-05T00:41:35.047276Z,KXBTC15M-26OCT042045-45,0.9930,0.01,no
2026-10-05T00:41:35.047276Z,KXBTC15M-26OCT042045-45,0.9930,1.00,no
2026-10-05T00:41:35.047276Z,KXBTC15M-26OCT042045-45,0.9930,73.53,no
2026-10-05T00:41:35.047276Z,KXBTC15M-26OCT042045-45,0.9930,0.01,no
2026-10-05T00:41:35.047276Z,KXBTC15M-26OCT042045-45,0.9930,15.00,no
2026-10-05T00:41:35.091052Z,KXBTC15M-26OCT042045-45,0.9920,153.51,no
2026-10-05T00:41:35.101112Z,KXBTC15M-26OCT042045-45,0.9930,0.01,yes
2026-10-05T00:41:35.101112Z,KXBTC15M-26OCT042045-45,0.9930,0.10,yes
2026-10-05T00:41:35.101112Z,KXBTC15M-26OCT042045-45,0.9930,10.00,yes
2026-10-05T00:41:35.101112Z,KXBTC15M-26OCT042045-45,0.9930,1.01,yes
2026-10-05T00:41:35.20147Z,KXBTC15M-26OCT042045-45,0.9920,1.00,no
2026-10-05T00:41:35.213628Z,KXBTC15M-26OCT042045-45,0.9930,0.01,yes
2026-10-05T00:41:35.213628Z,KXBTC15M-26OCT042045-45,0.9930,0.01,yes
2026-10-05T00:41:35.213628Z,KXBTC15M-26OCT042045-45,0.9930,5.71,yes
2026-10-05T00:41:35.22823Z,KXBTC15M-26OCT042045-45,0.9930,10.69,yes
2026-10-05T00:41:35.288909Z,KXBTC15M-26OCT042045-45,0.9920,400.00,no
2026-10-05T00:41:35.288909Z,KXBTC15M-26OCT042045-45,0.9920,12.00,no
2026-10-05T00:41:35.288909Z,KXBTC15M-26OCT042045-45,0.9920,0.01,no
2026-10-05T00:41:35.288909Z,KXBTC15M-26OCT042045-45,0.9920,0.01,no
2026-10-05T00:41:35.288909Z,KXBTC15M-26OCT042045-45,0.9920,204.88,no
2026-10-05T00:41:35.288909Z,KXBTC15M-26OCT042045-45,0.9920,9.00,no
2026-10-05T00:41:35.288909Z,KXBTC15M-26OCT042045-45,0.9920,15.00,no
2026-10-05T00:41:35.288909Z,KXBTC15M-26OCT042045-45,0.9920,100.00,no
2026-10-05T00:41:35.288909Z,KXBTC15M-26OCT042045-45,0.9920,391.90,no
2026-10-05T00:41:35.331641Z,KXBTC15M-26OCT042045-45,0.9930,0.01,yes
2026-10-05T00:41:35.331641Z,KXBTC15M-26OCT042045-45,0.9930,10.00,yes
2026-10-05T00:41:35.331641Z,KXBTC15M-26OCT042045-45,0.9930,0.01,yes
2026-10-05T00:41:35.331641Z,KXBTC15M-26OCT042045-45,0.9930,38.60,yes
2026-10-05T00:41:35.331641Z,KXBTC15M-26OCT042045-45,0.9940,9.34,yes
2026-10-05T00:41:35.331641Z,KXBTC15M-26OCT042045-45,0.9940,15.00,yes
2026-10-05T00:41:35.331641Z,KXBTC15M-26OCT042045-45,0.9940,11.74,yes
2026-10-05T00:41:35.336224Z,KXBTC15M-26OCT042045-45,0.9920,9.30,no
2026-10-05T00:41:35.396416Z,KXBTC15M-26OCT042045-45,0.9930,0.01,no
2026-10-05T00:41:35.396416Z,KXBTC15M-26OCT042045-45,0.9930,1.29,no
2026-10-05T00:41:35.396416Z,KXBTC15M-26OCT042045-45,0.9930,0.01,no
2026-10-05T00:41:35.440331Z,KXBTC15M-26OCT042045-45,0.9940,1.50,yes
2026-10-05T00:41:35.442688Z,KXBTC15M-26OCT042045-45,0.9930,9.66,no
2026-10-05T00:41:35.445142Z,KXBTC15M-26OCT042045-45,0.9930,4.05,no
2026-10-05T00:41:35.445142Z,KXBTC15M-26OCT042045-45,0.9930,0.01,no
2026-10-05T00:41:35.450598Z,KXBTC15M-26OCT042045-45,0.9920,254.19,no
2026-10-05T00:41:35.472333Z,KXBTC15M-26OCT042045-45,0.9920,43.88,no
2026-10-05T00:41:35.472333Z,KXBTC15M-26OCT042045-45,0.9920,0.01,no
2026-10-05T00:41:35.472333Z,KXBTC15M-26OCT042045-45,0.9920,0.01,no
2026-10-05T00:41:35.472333Z,KXBTC15M-26OCT042045-45,0.9920,12.00,no
2026-10-05T00:41:35.506737Z,KXBTC15M-26OCT042045-45,0.9920,178.21,no
2026-10-05T00:41:35.624927Z,KXBTC15M-26OCT042045-45,0.9930,0.01,yes
2026-10-05T00:41:35.624927Z,KXBTC15M-26OCT042045-45,0.9930,15.00,yes
2026-10-05T00:41:35.624927Z,KXBTC15M-26OCT042045-45,0.9930,0.01,yes
2026-10-05T00:41:35.624927Z,KXBTC15M-26OCT042045-45,0.9940,16.80,yes
2026-10-05T00:41:35.671278Z,KXBTC15M-26OCT042045-45,0.9930,0.10,no
2026-10-05T00:41:35.671278Z,KXBTC15M-26OCT042045-45,0.9920,0.01,no
2026-10-05T00:41:35.671278Z,KXBTC15M-26OCT042045-45,0.9920,0.01,no
2026-10-05T00:41:35.671278Z,KXBTC15M-26OCT042045-45,0.9910,65.70,no
2026-10-05T00:41:35.671278Z,KXBTC15M-26OCT042045-45,0.9910,10.00,no
2026-10-05T00:41:35.793772Z,KXBTC15M-26OCT042045-45,0.9940,16.00,yes
2026-10-05T00:41:35.793772Z,KXBTC15M-26OCT042045-45,0.9940,500.00,yes
2026-10-05T00:41:35.793772Z,KXBTC15M-26OCT042045-45,0.9940,0.01,yes
2026-10-05T00:41:35.793772Z,KXBTC15M-26OCT042045-45,0.9940,15.00,yes
2026-10-05T00:41:35.793772Z,KXBTC15M-26OCT042045-45,0.9940,15.00,yes
2026-10-05T00:41:35.793772Z,KXBTC15M-26OCT042045-45,0.9940,0.01,yes
2026-10-05T00:41:35.793772Z,KXBTC15M-26OCT042045-45,0.9940,15.00,yes
2026-10-05T00:41:35.793772Z,KXBTC15M-26OCT042045-45,0.9940,500.00,yes
2026-10-05T00:41:35.793772Z,KXBTC15M-26OCT042045-45,0.9940,972.36,yes
2026-10-05T00:41:35.793772Z,KXBTC15M-26OCT042045-45,0.9940,15.00,yes
2026-10-05T00:41:35.793772Z,KXBTC15M-26OCT042045-45,0.9940,15.00,yes
2026-10-05T00:41:35.810189Z,KXBTC15M-26OCT042045-45,0.9940,14.58,no
2026-10-05T00:41:35.990884Z,KXBTC15M-26OCT042045-45,0.9950,3.43,yes
2026-10-05T00:41:36.121215Z,KXBTC15M-26OCT042045-45,0.9940,564.00,no
2026-10-05T00:41:36.183413Z,KXBTC15M-26OCT042045-45,0.9940,79.70,no
2026-10-05T00:41:36.222581Z,KXBTC15M-26OCT042045-45,0.9940,5.38,no
2026-10-05T00:41:36.247497Z,KXBTC15M-26OCT042045-45,0.9950,5.02,yes
2026-10-05T00:41:36.25405Z,KXBTC15M-26OCT042045-45,0.9950,6.02,yes
2026-10-05T00:41:36.263387Z,KXBTC15M-26OCT042045-45,0.9940,152.71,no
2026-10-05T00:41:36.269424Z,KXBTC15M-26OCT042045-45,0.9940,115.00,no
2026-10-05T00:41:36.368302Z,KXBTC15M-26OCT042045-45,0.9940,0.83,no
2026-10-05T00:41:36.371084Z,KXBTC15M-26OCT042045-45,0.9950,7.32,yes
2026-10-05T00:41:36.391233Z,KXBTC15M-26OCT042045-45,0.9940,311.64,no
2026-10-05T00:41:36.395977Z,KXBTC15M-26OCT042045-45,0.9950,11.82,yes
2026-10-05T00:41:36.51818Z,KXBTC15M-26OCT042045-45,0.9940,7.79,no
2026-10-05T00:41:36.561374Z,KXBTC15M-26OCT042045-45,0.9940,635.92,no
2026-10-05T00:41:36.628476Z,KXBTC15M-26OCT042045-45,0.9940,34.00,no
2026-10-05T00:41:36.638554Z,KXBTC15M-26OCT042045-45,0.9940,267.15,no
2026-10-05T00:41:36.648519Z,KXBTC15M-26OCT042045-45,0.9940,152.71,no
2026-10-05T00:41:36.652365Z,KXBTC15M-26OCT042045-45,0.9950,14.00,yes
2026-10-05T00:41:36.652365Z,KXBTC15M-26OCT042045-45,0.9950,400.00,yes
2026-10-05T00:41:36.652365Z,KXBTC15M-26OCT042045-45,0.9950,0.01,yes
2026-10-05T00:41:36.652365Z,KXBTC15M-26OCT042045-45,0.9950,0.01,yes
2026-10-05T00:41:36.652365Z,KXBTC15M-26OCT042045-45,0.9950,100.00,yes
2026-10-05T00:41:36.652365Z,KXBTC15M-26OCT042045-45,0.9950,1.00,yes
2026-10-05T00:41:36.652365Z,KXBTC15M-26OCT042045-45,0.9950,326.48,yes
2026-10-05T00:41:36.652365Z,KXBTC15M-26OCT042045-45,0.9950,90.00,yes
2026-10-05T00:41:36.652365Z,KXBTC15M-26OCT042045-45,0.9950,50.00,yes
2026-10-05T00:41:36.652365Z,KXBTC15M-26OCT042045-45,0.9950,35.00,yes
2026-10-05T00:41:36.652365Z,KXBTC15M-26OCT042045-45,0.9950,100.00,yes
2026-10-05T00:41:36.652365Z,KXBTC15M-26OCT042045-45,0.9950,50.00,yes
2026-10-05T00:41:36.652365Z,KXBTC15M-26OCT042045-45,0.9950,15.00,yes
2026-10-05T00:41:36.652365Z,KXBTC15M-26OCT042045-45,0.9950,15.00,yes
2026-10-05T00:41:36.652365Z,KXBTC15M-26OCT042045-45,0.9950,15.00,yes
2026-10-05T00:41:36.652365Z,KXBTC15M-26OCT042045-45,0.9950,46.00,yes
2026-10-05T00:41:36.652365Z,KXBTC15M-26OCT042045-45,0.9950,15.00,yes
2026-10-05T00:41:36.652365Z,KXBTC15M-26OCT042045-45,0.9950,100.00,yes
2026-10-05T00:41:36.652365Z,KXBTC15M-26OCT042045-45,0.9950,5.00,yes
2026-10-05T00:41:36.652365Z,KXBTC15M-26OCT042045-45,0.9950,90.00,yes
2026-10-05T00:41:36.652365Z,KXBTC15M-26OCT042045-45,0.9950,50.00,yes
2026-10-05T00:41:36.652365Z,KXBTC15M-26OCT042045-45,0.9950,100.00,yes
2026-10-05T00:41:36.652365Z,KXBTC15M-26OCT042045-45,0.9950,50.00,yes
2026-10-05T00:41:36.652365Z,KXBTC15M-26OCT042045-45,0.9950,50.00,yes
2026-10-05T00:41:36.652365Z,KXBTC15M-26OCT042045-45,0.9950,50.00,yes
2026-10-05T00:41:36.652365Z,KXBTC15M-26OCT042045-45,0.9950,50.00,yes
2026-10-05T00:41:36.652365Z,KXBTC15M-26OCT042045-45,0.9950,90.00,yes
2026-10-05T00:41:36.652365Z,KXBTC15M-26OCT042045-45,0.9950,90.00,yes
2026-10-05T00:41:36.652365Z,KXBTC15M-26OCT042045-45,0.9950,100.00,yes
2026-10-05T00:41:36.652365Z,KXBTC15M-26OCT042045-45,0.9950,90.00,yes
2026-10-05T00:41:36.652365Z,KXBTC15M-26OCT042045-45,0.9950,100.00,yes
2026-10-05T00:41:36.652365Z,KXBTC15M-26OCT042045-45,0.9950,100.00,yes
2026-10-05T00:41:36.652365Z,KXBTC15M-26OCT042045-45,0.9950,90.00,yes
2026-10-05T00:41:36.652365Z,KXBTC15M-26OCT042045-45,0.9950,180.00,yes
2026-10-05T00:41:36.652365Z,KXBTC15M-26OCT042045-45,0.9950,50.00,yes
2026-10-05T00:41:36.652365Z,KXBTC15M-26OCT042045-45,0.9950,50.00,yes
2026-10-05T00:41:36.652365Z,KXBTC15M-26OCT042045-45,0.9950,50.00,yes
2026-10-05T00:41:36.652365Z,KXBTC15M-26OCT042045-45,0.9950,100.00,yes
2026-10-05T00:41:36.652365Z,KXBTC15M-26OCT042045-45,0.9950,100.00,yes
2026-10-05T00:41:36.652365Z,KXBTC15M-26OCT042045-45,0.9950,50.00,yes
2026-10-05T00:41:36.652365Z,KXBTC15M-26OCT042045-45,0.9950,50.00,yes
2026-10-05T00:41:36.652365Z,KXBTC15M-26OCT042045-45,0.9950,90.00,yes
2026-10-05T00:41:36.652365Z,KXBTC15M-26OCT042045-45,0.9950,50.00,yes
2026-10-05T00:41:36.652365Z,KXBTC15M-26OCT042045-45,0.9950,90.00,yes
2026-10-05T00:41:36.652365Z,KXBTC15M-26OCT042045-45,0.9950,3.55,yes
2026-10-05T00:41:36.652365Z,KXBTC15M-26OCT042045-45,0.9950,90.00,yes
2026-10-05T00:41:36.652365Z,KXBTC15M-26OCT042045-45,0.9950,90.00,yes
2026-10-05T00:41:36.652365Z,KXBTC15M-26OCT042045-45,0.9950,50.00,yes
2026-10-05T00:41:36.652365Z,KXBTC15M-26OCT042045-45,0.9950,100.00,yes
2026-10-05T00:41:36.652365Z,KXBTC15M-26OCT042045-45,0.9950,90.00,yes
2026-10-05T00:41:36.652365Z,KXBTC15M-26OCT042045-45,0.9950,50.00,yes
2026-10-05T00:41:36.652365Z,KXBTC15M-26OCT042045-45,0.9950,90.00,yes
2026-10-05T00:41:36.652365Z,KXBTC15M-26OCT042045-45,0.9950,50.00,yes
2026-10-05T00:41:36.652365Z,KXBTC15M-26OCT042045-45,0.9950,50.00,yes
2026-10-05T00:41:36.652365Z,KXBTC15M-26OCT042045-45,0.9950,90.00,yes
2026-10-05T00:41:36.652365Z,KXBTC15M-26OCT042045-45,0.9950,50.00,yes
2026-10-05T00:41:36.652365Z,KXBTC15M-26OCT042045-45,0.9950,50.00,yes
2026-10-05T00:41:36.652365Z,KXBTC15M-26OCT042045-45,0.9950,90.00,yes
2026-10-05T00:41:36.652365Z,KXBTC15M-26OCT042045-45,0.9950,35.00,yes
2026-10-05T00:41:36.652365Z,KXBTC15M-26OCT042045-45,0.9950,35.00,yes
2026-10-05T00:41:36.652365Z,KXBTC15M-26OCT042045-45,0.9950,90.00,yes
2026-10-05T00:41:36.652365Z,KXBTC15M-26OCT042045-45,0.9950,50.00,yes
2026-10-05T00:41:36.652365Z,KXBTC15M-26OCT042045-45,0.9950,50.00,yes
2026-10-05T00:41:36.652365Z,KXBTC15M-26OCT042045-45,0.9950,50.00,yes
2026-10-05T00:41:36.652365Z,KXBTC15M-26OCT042045-45,0.9950,35.00,yes
2026-10-05T00:41:36.652365Z,KXBTC15M-26OCT042045-45,0.9950,100.00,yes
2026-10-05T00:41:36.652365Z,KXBTC15M-26OCT042045-45,0.9950,90.00,yes
2026-10-05T00:41:36.652365Z,KXBTC15M-26OCT042045-45,0.9950,200.00,yes
2026-10-05T00:41:36.652365Z,KXBTC15M-26OCT042045-45,0.9950,100.00,yes
2026-10-05T00:41:36.652365Z,KXBTC15M-26OCT042045-45,0.9950,50.00,yes
2026-10-05T00:41:36.652365Z,KXBTC15M-26OCT042045-45,0.9950,90.00,yes
2026-10-05T00:41:36.652365Z,KXBTC15M-26OCT042045-45,0.9950,270.00,yes
2026-10-05T00:41:36.652365Z,KXBTC15M-26OCT042045-45,0.9950,50.00,yes
2026-10-05T00:41:36.652365Z,KXBTC15M-26OCT042045-45,0.9950,100.00,yes
2026-10-05T00:41:36.652365Z,KXBTC15M-26OCT042045-45,0.9950,50.00,yes
2026-10-05T00:41:36.652365Z,KXBTC15M-26OCT042045-45,0.9950,180.00,yes
2026-10-05T00:41:36.652365Z,KXBTC15M-26OCT042045-45,0.9950,100.00,yes
2026-10-05T00:41:36.652365Z,KXBTC15M-26OCT042045-45,0.9950,35.00,yes
2026-10-05T00:41:36.652365Z,KXBTC15M-26OCT042045-45,0.9950,50.00,yes
2026-10-05T00:41:36.652365Z,KXBTC15M-26OCT042045-45,0.9950,50.00,yes
2026-10-05T00:41:36.652365Z,KXBTC15M-26OCT042045-45,0.9950,35.00,yes
2026-10-05T00:41:36.652365Z,KXBTC15M-26OCT042045-45,0.9950,50.00,yes
2026-10-05T00:41:36.652365Z,KXBTC15M-26OCT042045-45,0.9950,100.00,yes
2026-10-05T00:41:36.652365Z,KXBTC15M-26OCT042045-45,0.9950,35.00,yes
2026-10-05T00:41:36.652365Z,KXBTC15M-26OCT042045-45,0.9950,90.00,yes
2026-10-05T00:41:36.652365Z,KXBTC15M-26OCT042045-45,0.9950,90.00,yes
2026-10-05T00:41:36.652365Z,KXBTC15M-26OCT042045-45,0.9950,35.00,yes
2026-10-05T00:41:36.652365Z,KXBTC15M-26OCT042045-45,0.9950,50.00,yes
2026-10-05T00:41:36.652365Z,KXBTC15M-26OCT042045-45,0.9950,100.00,yes
2026-10-05T00:41:36.652365Z,KXBTC15M-26OCT042045-45,0.9950,50.00,yes
2026-10-05T00:41:36.652365Z,KXBTC15M-26OCT042045-45,0.9950,50.00,yes
2026-10-05T00:41:36.652365Z,KXBTC15M-26OCT042045-45,0.9950,200.00,yes
2026-10-05T00:41:36.652365Z,KXBTC15M-26OCT042045-45,0.9950,90.00,yes
2026-10-05T00:41:36.652365Z,KXBTC15M-26OCT042045-45,0.9950,270.00,yes
2026-10-05T00:41:36.652365Z,KXBTC15M-26OCT042045-45,0.9950,150.00,yes
2026-10-05T00:41:36.721704Z,KXBTC15M-26OCT042045-45,0.9940,152.71,no
2026-10-05T00:41:36.784275Z,KXBTC15M-26OCT042045-45,0.9950,14.00,yes
2026-10-05T00:41:36.784275Z,KXBTC15M-26OCT042045-45,0.9950,22.50,yes
2026-10-05T00:41:36.784275Z,KXBTC15M-26OCT042045-45,0.9950,0.01,yes
2026-10-05T00:41:36.784275Z,KXBTC15M-26OCT042045-45,0.9950,0.01,yes
2026-10-05T00:41:36.784275Z,KXBTC15M-26OCT042045-45,0.9950,100.00,yes
2026-10-05T00:41:36.804135Z,KXBTC15M-26OCT042045-45,0.9940,152.71,no
2026-10-05T00:41:36.809993Z,KXBTC15M-26OCT042045-45,0.9940,19.34,no
2026-10-05T00:41:36.848897Z,KXBTC15M-26OCT042045-45,0.9940,763.54,no
2026-10-05T00:41:36.851932Z,KXBTC15M-26OCT042045-45,0.9940,57.00,no
2026-10-05T00:41:36.895018Z,KXBTC15M-26OCT042045-45,0.9950,281.82,yes
2026-10-05T00:41:36.895018Z,KXBTC15M-26OCT042045-45,0.9950,14.00,yes
2026-10-05T00:41:36.895018Z,KXBTC15M-26OCT042045-45,0.9950,0.01,yes
2026-10-05T00:41:36.895018Z,KXBTC15M-26OCT042045-45,0.9950,0.01,yes
2026-10-05T00:41:36.895018Z,KXBTC15M-26OCT042045-45,0.9950,100.00,yes
2026-10-05T00:41:36.916187Z,KXBTC15M-26OCT042045-45,0.9940,14.00,no
2026-10-05T00:41:36.983379Z,KXBTC15M-26OCT042045-45,0.9940,2.62,no
2026-10-05T00:41:37.095996Z,KXBTC15M-26OCT042045-45,0.9940,18.24,no
2026-10-05T00:41:37.104845Z,KXBTC15M-26OCT042045-45,0.9940,152.71,no
2026-10-05T00:41:37.135498Z,KXBTC15M-26OCT042045-45,0.9940,167.98,no
2026-10-05T00:41:37.174962Z,KXBTC15M-26OCT042045-45,0.9940,191.92,no
2026-10-05T00:41:37.206987Z,KXBTC15M-26OCT042045-45,0.9940,18.24,no
2026-10-05T00:41:37.210104Z,KXBTC15M-26OCT042045-45,0.9940,2025.72,no
2026-10-05T00:41:37.237731Z,KXBTC15M-26OCT042045-45,0.9940,311.64,no
2026-10-05T00:41:37.261049Z,KXBTC15M-26OCT042045-45,0.9940,780.37,no
2026-10-05T00:41:37.261049Z,KXBTC15M-26OCT042045-45,0.9940,1.00,no
2026-10-05T00:41:37.261049Z,KXBTC15M-26OCT042045-45,0.9940,0.01,no
2026-10-05T00:41:37.261049Z,KXBTC15M-26OCT042045-45,0.9940,0.01,no
2026-10-05T00:41:37.261049Z,KXBTC15M-26OCT042045-45,0.9940,1546.84,no
2026-10-05T00:41:37.261049Z,KXBTC15M-26OCT042045-45,0.9940,15.00,no
2026-10-05T00:41:37.261049Z,KXBTC15M-26OCT042045-45,0.9940,500.00,no
2026-10-05T00:41:37.261049Z,KXBTC15M-26OCT042045-45,0.9940,210.93,no
2026-10-05T00:41:37.293071Z,KXBTC15M-26OCT042045-45,0.9940,1.52,no
2026-10-05T00:41:37.31883Z,KXBTC15M-26OCT042045-45,0.9950,0.01,yes
2026-10-05T00:41:37.31883Z,KXBTC15M-26OCT042045-45,0.9950,1.25,yes
2026-10-05T00:41:37.31883Z,KXBTC15M-26OCT042045-45,0.9950,0.01,yes
2026-10-05T00:41:37.411863Z,KXBTC15M-26OCT042045-45,0.9940,0.01,no
2026-10-05T00:41:37.411863Z,KXBTC15M-26OCT042045-45,0.9940,15.00,no
2026-10-05T00:41:37.411863Z,KXBTC15M-26OCT042045-45,0.9940,0.01,no
2026-10-05T00:41:37.453141Z,KXBTC15M-26OCT042045-45,0.9920,15.00,no
2026-10-05T00:41:37.453141Z,KXBTC15M-26OCT042045-45,0.9930,0.01,no
2026-10-05T00:41:37.453141Z,KXBTC15M-26OCT042045-45,0.9930,15.00,no
2026-10-05T00:41:37.453141Z,KXBTC15M-26OCT042045-45,0.9930,0.01,no
2026-10-05T00:41:37.453141Z,KXBTC15M-26OCT042045-45,0.9930,15.00,no
2026-10-05T00:41:37.453141Z,KXBTC15M-26OCT042045-45,0.9920,0.01,no
2026-10-05T00:41:37.453141Z,KXBTC15M-26OCT042045-45,0.9920,0.01,no
2026-10-05T00:41:37.453141Z,KXBTC15M-26OCT042045-45,0.9920,11.00,no
2026-10-05T00:41:37.453141Z,KXBTC15M-26OCT042045-45,0.9910,6.80,no
2026-10-05T00:41:37.510312Z,KXBTC15M-26OCT042045-45,0.9940,0.01,yes
2026-10-05T00:41:37.510312Z,KXBTC15M-26OCT042045-45,0.9940,9.00,yes
2026-10-05T00:41:37.510312Z,KXBTC15M-26OCT042045-45,0.9930,0.01,yes
2026-10-05T00:41:37.510312Z,KXBTC15M-26OCT042045-45,0.9930,0.01,yes
2026-10-05T00:41:37.510312Z,KXBTC15M-26OCT042045-45,0.9940,0.01,yes
2026-10-05T00:41:37.510312Z,KXBTC15M-26OCT042045-45,0.9930,1.00,yes
2026-10-05T00:41:37.524443Z,KXBTC15M-26OCT042045-45,0.9930,0.01,yes
2026-10-05T00:41:37.524443Z,KXBTC15M-26OCT042045-45,0.9940,15.00,yes
2026-10-05T00:41:37.524443Z,KXBTC15M-26OCT042045-45,0.9940,6.00,yes
2026-10-05T00:41:37.524443Z,KXBTC15M-26OCT042045-45,0.9940,3.01,yes
2026-10-05T00:41:37.525411Z,KXBTC15M-26OCT042045-45,0.9920,1.52,no
2026-10-05T00:41:37.560086Z,KXBTC15M-26OCT042045-45,0.9930,0.01,yes
2026-10-05T00:41:37.560086Z,KXBTC15M-26OCT042045-45,0.9940,11.99,yes
2026-10-05T00:41:37.560086Z,KXBTC15M-26OCT042045-45,0.9940,43.80,yes
2026-10-05T00:41:37.560086Z,KXBTC15M-26OCT042045-45,0.9930,0.01,yes
2026-10-05T00:41:37.580199Z,KXBTC15M-26OCT042045-45,0.9930,15.00,yes
2026-10-05T00:41:37.580199Z,KXBTC15M-26OCT042045-45,0.9940,505.43,yes
2026-10-05T00:41:37.603129Z,KXBTC15M-26OCT042045-45,0.9930,0.01,yes
2026-10-05T00:41:37.603129Z,KXBTC15M-26OCT042045-45,0.9930,0.01,yes
2026-10-05T00:41:37.603129Z,KXBTC15M-26OCT042045-45,0.9930,0.98,yes
2026-10-05T00:41:37.62379Z,KXBTC15M-26OCT042045-45,0.9930,0.01,yes
2026-10-05T00:41:37.640723Z,KXBTC15M-26OCT042045-45,0.9930,0.01,yes
2026-10-05T00:41:37.640723Z,KXBTC15M-26OCT042045-45,0.9930,0.01,yes
2026-10-05T00:41:37.640723Z,KXBTC15M-26OCT042045-45,0.9940,11.98,yes
2026-10-05T00:41:37.641271Z,KXBTC15M-26OCT042045-45,0.9920,86.18,no
2026-10-05T00:41:37.641271Z,KXBTC15M-26OCT042045-45,0.9920,8.48,no
2026-10-05T00:41:37.739276Z,KXBTC15M-26OCT042045-45,0.9930,7.22,no
2026-10-05T00:41:37.739276Z,KXBTC15M-26OCT042045-45,0.9930,0.10,no
2026-10-05T00:41:37.766459Z,KXBTC15M-26OCT042045-45,0.9920,12.55,no
2026-10-05T00:41:37.766459Z,KXBTC15M-26OCT042045-45,0.9930,7.78,no
2026-10-05T00:41:37.766459Z,KXBTC15M-26OCT042045-45,0.9930,15.00,no
2026-10-05T00:41:37.766459Z,KXBTC15M-26OCT042045-45,0.9930,0.01,no
2026-10-05T00:41:37.766459Z,KXBTC15M-26OCT042045-45,0.9930,0.01,no
2026-10-05T00:41:37.772877Z,KXBTC15M-26OCT042045-45,0.9930,1.00,no
2026-10-05T00:41:37.772877Z,KXBTC15M-26OCT042045-45,0.9920,14.00,no
2026-10-05T00:41:37.772877Z,KXBTC15M-26OCT042045-45,0.9920,1.00,no
2026-10-05T00:41:37.772877Z,KXBTC15M-26OCT042045-45,0.9930,0.01,no
2026-10-05T00:41:37.772877Z,KXBTC15M-26OCT042045-45,0.9920,187.45,no
2026-10-05T00:41:37.772877Z,KXBTC15M-26OCT042045-45,0.9930,0.01,no
2026-10-05T00:41:37.772877Z,KXBTC15M-26OCT042045-45,0.9920,148.17,no
2026-10-05T00:41:37.793152Z,KXBTC15M-26OCT042045-45,0.9920,40.83,no
2026-10-05T00:41:37.829688Z,KXBTC15M-26OCT042045-45,0.9930,0.01,yes
2026-10-05T00:41:37.829688Z,KXBTC15M-26OCT042045-45,0.9930,0.01,yes
2026-10-05T00:41:37.829688Z,KXBTC15M-26OCT042045-45,0.9940,10.45,yes
2026-10-05T00:41:37.864252Z,KXBTC15M-26OCT042045-45,0.9930,0.10,no
2026-10-05T00:41:37.864252Z,KXBTC15M-26OCT042045-45,0.9930,6.19,no
2026-10-05T00:41:37.938422Z,KXBTC15M-26OCT042045-45,0.9940,170.95,yes
2026-10-05T00:41:38.14841Z,KXBTC15M-26OCT042045-45,0.9930,8.81,no
2026-10-05T00:41:38.14841Z,KXBTC15M-26OCT042045-45,0.9930,0.01,no
2026-10-05T00:41:38.14841Z,KXBTC15M-26OCT042045-45,0.9920,120.56,no
2026-10-05T00:41:38.14841Z,KXBTC15M-26OCT042045-45,0.9930,0.01,no
2026-10-05T00:41:38.167266Z,KXBTC15M-26OCT042045-45,0.9920,122.95,no
2026-10-05T00:41:38.277848Z,KXBTC15M-26OCT042045-45,0.9920,49.25,no
2026-10-05T00:41:38.294399Z,KXBTC15M-26OCT042045-45,0.9920,310.20,no
2026-10-05T00:41:38.294399Z,KXBTC15M-26OCT042045-45,0.9920,0.01,no
2026-10-05T00:41:38.294399Z,KXBTC15M-26OCT042045-45,0.9920,12.00,no
2026-10-05T00:41:38.294399Z,KXBTC15M-26OCT042045-45,0.9920,321.79,no
2026-10-05T00:41:38.294399Z,KXBTC15M-26OCT042045-45,0.9920,200.00,no
2026-10-05T00:41:38.357094Z,KXBTC15M-26OCT042045-45,0.9930,0.01,yes
2026-10-05T00:41:38.357094Z,KXBTC15M-26OCT042045-45,0.9930,0.01,yes
2026-10-05T00:41:38.357094Z,KXBTC15M-26OCT042045-45,0.9930,1.00,yes
2026-10-05T00:41:38.357094Z,KXBTC15M-26OCT042045-45,0.9940,19.15,yes
2026-10-05T00:41:38.505541Z,KXBTC15M-26OCT042045-45,0.9920,7.46,no
2026-10-05T00:41:38.612094Z,KXBTC15M-26OCT042045-45,0.9930,0.01,yes
2026-10-05T00:41:38.612094Z,KXBTC15M-26OCT042045-45,0.9930,0.01,yes
2026-10-05T00:41:38.612094Z,KXBTC15M-26OCT042045-45,0.9940,100.54,yes
2026-10-05T00:41:38.643211Z,KXBTC15M-26OCT042045-45,0.9930,0.01,yes
2026-10-05T00:41:38.643211Z,KXBTC15M-26OCT042045-45,0.9930,0.01,yes
2026-10-05T00:41:38.643211Z,KXBTC15M-26OCT042045-45,0.9940,7.83,yes
2026-10-05T00:41:38.657765Z,KXBTC15M-26OCT042045-45,0.9920,182.34,no
2026-10-05T00:41:38.657765Z,KXBTC15M-26OCT042045-45,0.9920,290.90,no
2026-10-05T00:41:38.657765Z,KXBTC15M-26OCT042045-45,0.9920,100.00,no
2026-10-05T00:41:38.657765Z,KXBTC15M-26OCT042045-45,0.9920,0.01,no
2026-10-05T00:41:38.657765Z,KXBTC15M-26OCT042045-45,0.9930,0.10,no
2026-10-05T00:41:38.704917Z,KXBTC15M-26OCT042045-45,0.9930,0.01,yes
2026-10-05T00:41:38.704917Z,KXBTC15M-26OCT042045-45,0.9930,0.01,yes
2026-10-05T00:41:38.704917Z,KXBTC15M-26OCT042045-45,0.9940,43.57,yes
2026-10-05T00:41:38.749404Z,KXBTC15M-26OCT042045-45,0.9910,511.24,no
2026-10-05T00:41:38.749404Z,KXBTC15M-26OCT042045-45,0.9920,100.00,no
2026-10-05T00:41:38.749404Z,KXBTC15M-26OCT042045-45,0.9920,400.00,no
2026-10-05T00:41:38.749404Z,KXBTC15M-26OCT042045-45,0.9920,15.00,no
2026-10-05T00:41:38.749404Z,KXBTC15M-26OCT042045-45,0.9920,0.98,no
2026-10-05T00:41:38.749404Z,KXBTC15M-26OCT042045-45,0.9920,200.00,no
2026-10-05T00:41:38.749404Z,KXBTC15M-26OCT042045-45,0.9920,0.01,no
2026-10-05T00:41:38.749404Z,KXBTC15M-26OCT042045-45,0.9920,0.01,no
2026-10-05T00:41:38.749404Z,KXBTC15M-26OCT042045-45,0.9920,11.00,no
2026-10-05T00:41:38.749404Z,KXBTC15M-26OCT042045-45,0.9920,12.00,no
2026-10-05T00:41:38.775014Z,KXBTC15M-26OCT042045-45,0.9920,0.01,no
2026-10-05T00:41:38.775014Z,KXBTC15M-26OCT042045-45,0.9920,0.01,no
2026-10-05T00:41:38.775014Z,KXBTC15M-26OCT042045-45,0.9920,11.43,no
2026-10-05T00:41:38.918379Z,KXBTC15M-26OCT042045-45,0.9920,15.00,no
2026-10-05T00:41:38.918379Z,KXBTC15M-26OCT042045-45,0.9920,11.43,no
2026-10-05T00:41:38.918379Z,KXBTC15M-26OCT042045-45,0.9920,0.57,no
2026-10-05T00:41:38.918379Z,KXBTC15M-26OCT042045-45,0.9920,8.33,no
2026-10-05T00:41:38.918379Z,KXBTC15M-26OCT042045-45,0.9920,0.01,no
2026-10-05T00:41:38.918379Z,KXBTC15M-26OCT042045-45,0.9920,0.01,no
2026-10-05T00:41:38.937627Z,KXBTC15M-26OCT042045-45,0.9920,229.09,no
2026-10-05T00:41:38.949629Z,KXBTC15M-26OCT042045-45,0.9920,1.09,no
2026-10-05T00:41:38.976487Z,KXBTC15M-26OCT042045-45,0.9920,0.01,no
2026-10-05T00:41:38.976487Z,KXBTC15M-26OCT042045-45,0.9920,15.00,no
2026-10-05T00:41:38.976487Z,KXBTC15M-26OCT042045-45,0.9920,10.00,no
2026-10-05T00:41:38.976487Z,KXBTC15M-26OCT042045-45,0.9920,0.01,no
2026-10-05T00:41:38.976487Z,KXBTC15M-26OCT042045-45,0.9920,91.86,no
2026-10-05T00:41:39.041576Z,KXBTC15M-26OCT042045-45,0.9930,15.00,yes
2026-10-05T00:41:39.041576Z,KXBTC15M-26OCT042045-45,0.9930,6.14,yes
2026-10-05T00:41:39.041576Z,KXBTC15M-26OCT042045-45,0.9930,0.01,yes
2026-10-05T00:41:39.041576Z,KXBTC15M-26OCT042045-45,0.9930,0.01,yes
2026-10-05T00:41:39.041576Z,KXBTC15M-26OCT042045-45,0.9930,15.00,yes
2026-10-05T00:41:39.047287Z,KXBTC15M-26OCT042045-45,0.9920,0.01,no
2026-10-05T00:41:39.047287Z,KXBTC15M-26OCT042045-45,0.9920,0.01,no
2026-10-05T00:41:39.047287Z,KXBTC15M-26OCT042045-45,0.9920,2.04,no
2026-10-05T00:41:39.089719Z,KXBTC15M-26OCT042045-45,0.9930,200.00,yes
2026-10-05T00:41:39.089719Z,KXBTC15M-26OCT042045-45,0.9930,613.76,yes
2026-10-05T00:41:39.089719Z,KXBTC15M-26OCT042045-45,0.9930,125.24,yes
2026-10-05T00:41:39.103594Z,KXBTC15M-26OCT042045-45,0.9920,0.01,no
2026-10-05T00:41:39.103594Z,KXBTC15M-26OCT042045-45,0.9920,11.43,no
2026-10-05T00:41:39.103594Z,KXBTC15M-26OCT042045-45,0.9920,0.01,no
2026-10-05T00:41:39.175192Z,KXBTC15M-26OCT042045-45,0.9920,3.57,no
2026-10-05T00:41:39.175192Z,KXBTC15M-26OCT042045-45,0.9920,94.61,no
2026-10-05T00:41:39.177186Z,KXBTC15M-26OCT042045-45,0.9930,5.13,yes
2026-10-05T00:41:39.177186Z,KXBTC15M-26OCT042045-45,0.9930,15.00,yes
2026-10-05T00:41:39.204452Z,KXBTC15M-26OCT042045-45,0.9930,2.01,yes
2026-10-05T00:41:39.208354Z,KXBTC15M-26OCT042045-45,0.9940,15.00,yes
2026-10-05T00:41:39.208354Z,KXBTC15M-26OCT042045-45,0.9940,15.00,yes
2026-10-05T00:41:39.208354Z,KXBTC15M-26OCT042045-45,0.9940,15.00,yes
2026-10-05T00:41:39.208354Z,KXBTC15M-26OCT042045-45,0.9940,100.00,yes
2026-10-05T00:41:39.208354Z,KXBTC15M-26OCT042045-45,0.9940,2.00,yes
2026-10-05T00:41:39.208354Z,KXBTC15M-26OCT042045-45,0.9940,806.00,yes
2026-10-05T00:41:39.208354Z,KXBTC15M-26OCT042045-45,0.9930,7.86,yes
2026-10-05T00:41:39.208354Z,KXBTC15M-26OCT042045-45,0.9930,0.01,yes
2026-10-05T00:41:39.208354Z,KXBTC15M-26OCT042045-45,0.9930,15.00,yes
2026-10-05T00:41:39.208354Z,KXBTC15M-26OCT042045-45,0.9940,28.97,yes
2026-10-05T00:41:39.208354Z,KXBTC15M-26OCT042045-45,0.9930,0.01,yes
2026-10-05T00:41:39.311033Z,KXBTC15M-26OCT042045-45,0.9940,0.01,yes
2026-10-05T00:41:39.311033Z,KXBTC15M-26OCT042045-45,0.9940,0.01,yes
2026-10-05T00:41:39.311033Z,KXBTC15M-26OCT042045-45,0.9940,5.00,yes
2026-10-05T00:41:39.350085Z,KXBTC15M-26OCT042045-45,0.9930,0.01,no
2026-10-05T00:41:39.350085Z,KXBTC15M-26OCT042045-45,0.9930,0.10,no
2026-10-05T00:41:39.350085Z,KXBTC15M-26OCT042045-45,0.9930,0.01,no
2026-10-05T00:41:39.350085Z,KXBTC15M-26OCT042045-45,0.9930,0.70,no
2026-10-05T00:41:39.360842Z,KXBTC15M-26OCT042045-45,0.9930,10.52,no
2026-10-05T00:41:39.445755Z,KXBTC15M-26OCT042045-45,0.9930,0.01,no
2026-10-05T00:41:39.445755Z,KXBTC15M-26OCT042045-45,0.9930,15.00,no
2026-10-05T00:41:39.445755Z,KXBTC15M-26OCT042045-45,0.9930,0.01,no
2026-10-05T00:41:39.445755Z,KXBTC15M-26OCT042045-45,0.9930,3.78,no
2026-10-05T00:41:39.445755Z,KXBTC15M-26OCT042045-45,0.9920,90.08,no
2026-10-05T00:41:39.445755Z,KXBTC15M-26OCT042045-45,0.9920,8.00,no
2026-10-05T00:41:39.504933Z,KXBTC15M-26OCT042045-45,0.9930,15.00,no
2026-10-05T00:41:39.504933Z,KXBTC15M-26OCT042045-45,0.9930,0.01,no
2026-10-05T00:41:39.504933Z,KXBTC15M-26OCT042045-45,0.9930,0.01,no
2026-10-05T00:41:39.504933Z,KXBTC15M-26OCT042045-45,0.9920,43.42,no
2026-10-05T00:41:39.629589Z,KXBTC15M-26OCT042045-45,0.9940,15.00,yes
2026-10-05T00:41:39.629589Z,KXBTC15M-26OCT042045-45,0.9940,11.00,yes
2026-10-05T00:41:39.629589Z,KXBTC15M-26OCT042045-45,0.9940,2.75,yes
2026-10-05T00:41:39.629589Z,KXBTC15M-26OCT042045-45,0.9940,0.01,yes
2026-10-05T00:41:39.632814Z,KXBTC15M-26OCT042045-45,0.9960,450.00,yes
2026-10-05T00:41:39.632814Z,KXBTC15M-26OCT042045-45,0.9960,10.00,yes
2026-10-05T00:41:39.632814Z,KXBTC15M-26OCT042045-45,0.9950,32.00,yes
2026-10-05T00:41:39.632814Z,KXBTC15M-26OCT042045-45,0.9960,10.00,yes
2026-10-05T00:41:39.632814Z,KXBTC15M-26OCT042045-45,0.9950,15.00,yes
2026-10-05T00:41:39.632814Z,KXBTC15M-26OCT042045-45,0.9950,15.00,yes
2026-10-05T00:41:39.632814Z,KXBTC15M-26OCT042045-45,0.9960,150.00,yes
2026-10-05T00:41:39.632814Z,KXBTC15M-26OCT042045-45,0.9940,0.01,yes
2026-10-05T00:41:39.632814Z,KXBTC15M-26OCT042045-45,0.9940,200.00,yes
2026-10-05T00:41:39.632814Z,KXBTC15M-26OCT042045-45,0.9950,200.00,yes
2026-10-05T00:41:39.632814Z,KXBTC15M-26OCT042045-45,0.9940,2.25,yes
2026-10-05T00:41:39.632814Z,KXBTC15M-26OCT042045-45,0.9940,500.00,yes
2026-10-05T00:41:39.632814Z,KXBTC15M-26OCT042045-45,0.9940,15.00,yes
2026-10-05T00:41:39.632814Z,KXBTC15M-26OCT042045-45,0.9950,234.00,yes
2026-10-05T00:41:39.632814Z,KXBTC15M-26OCT042045-45,0.9940,500.00,yes
2026-10-05T00:41:39.632814Z,KXBTC15M-26OCT042045-45,0.9940,15.00,yes
2026-10-05T00:41:39.632814Z,KXBTC15M-26OCT042045-45,0.9960,915.00,yes
2026-10-05T00:41:39.632814Z,KXBTC15M-26OCT042045-45,0.9940,15.00,yes
2026-10-05T00:41:39.632814Z,KXBTC15M-26OCT042045-45,0.9970,120.00,yes
2026-10-05T00:41:39.632814Z,KXBTC15M-26OCT042045-45,0.9960,1800.00,yes
2026-10-05T00:41:39.632814Z,KXBTC15M-26OCT042045-45,0.9960,120.00,yes
2026-10-05T00:41:39.632814Z,KXBTC15M-26OCT042045-45,0.9960,1800.00,yes
2026-10-05T00:41:39.632814Z,KXBTC15M-26OCT042045-45,0.9960,1800.00,yes
2026-10-05T00:41:39.632814Z,KXBTC15M-26OCT042045-45,0.9970,1800.00,yes
2026-10-05T00:41:39.632814Z,KXBTC15M-26OCT042045-45,0.9970,1395.00,yes
2026-10-05T00:41:39.632814Z,KXBTC15M-26OCT042045-45,0.9970,1800.00,yes
2026-10-05T00:41:39.632814Z,KXBTC15M-26OCT042045-45,0.9970,1800.00,yes
2026-10-05T00:41:39.632814Z,KXBTC15M-26OCT042045-45,0.9970,5581.14,yes
2026-10-05T00:41:39.632814Z,KXBTC15M-26OCT042045-45,0.9960,512.00,yes
2026-10-05T00:41:39.632814Z,KXBTC15M-26OCT042045-45,0.9970,750.00,yes
2026-10-05T00:41:39.632814Z,KXBTC15M-26OCT042045-45,0.9960,1.00,yes
2026-10-05T00:41:39.632814Z,KXBTC15M-26OCT042045-45,0.9960,1.00,yes
2026-10-05T00:41:39.632814Z,KXBTC15M-26OCT042045-45,0.9960,1.00,yes
2026-10-05T00:41:39.632814Z,KXBTC15M-26OCT042045-45,0.9960,1.00,yes
2026-10-05T00:41:39.632814Z,KXBTC15M-26OCT042045-45,0.9960,1.00,yes
2026-10-05T00:41:39.632814Z,KXBTC15M-26OCT042045-45,0.9960,13.00,yes
2026-10-05T00:41:39.649907Z,KXBTC15M-26OCT042045-45,0.9960,150.00,yes
2026-10-05T00:41:39.649907Z,KXBTC15M-26OCT042045-45,0.9940,0.01,yes
2026-10-05T00:41:39.649907Z,KXBTC15M-26OCT042045-45,0.9950,351.00,yes
2026-10-05T00:41:39.649907Z,KXBTC15M-26OCT042045-45,0.9960,15.00,yes
2026-10-05T00:41:39.651985Z,KXBTC15M-26OCT042045-45,0.9960,100.00,no
2026-10-05T00:41:39.720989Z,KXBTC15M-26OCT042045-45,0.9960,8.63,no
2026-10-05T00:41:39.877602Z,KXBTC15M-26OCT042045-45,0.9970,1.00,yes
2026-10-05T00:41:39.892828Z,KXBTC15M-26OCT042045-45,0.9960,212.27,no
2026-10-05T00:41:39.892828Z,KXBTC15M-26OCT042045-45,0.9960,0.01,no
2026-10-05T00:41:39.892828Z,KXBTC15M-26OCT042045-45,0.9960,375.36,no
2026-10-05T00:41:39.892828Z,KXBTC15M-26OCT042045-45,0.9960,0.01,no
2026-10-05T00:41:39.943194Z,KXBTC15M-26OCT042045-45,0.9970,4.91,yes
2026-10-05T00:41:39.953834Z,KXBTC15M-26OCT042045-45,0.9970,0.02,yes
2026-10-05T00:41:40.046274Z,KXBTC15M-26OCT042045-45,0.9970,2.00,yes
2026-10-05T00:41:40.046274Z,KXBTC15M-26OCT042045-45,0.9970,12.07,yes
2026-10-05T00:41:40.046274Z,KXBTC15M-26OCT042045-45,0.9970,1.23,yes
2026-10-05T00:41:40.15039Z,KXBTC15M-26OCT042045-45,0.9960,249.58,no
2026-10-05T00:41:40.163442Z,KXBTC15M-26OCT042045-45,0.9960,116.88,no
2026-10-05T00:41:40.192346Z,KXBTC15M-26OCT042045-45,0.9960,11.45,no
2026-10-05T00:41:40.206392Z,KXBTC15M-26OCT042045-45,0.9960,58.44,no
2026-10-05T00:41:40.256585Z,KXBTC15M-26OCT042045-45,0.9970,6.80,yes
2026-10-05T00:41:40.256585Z,KXBTC15M-26OCT042045-45,0.9970,2.00,yes
2026-10-05T00:41:40.256585Z,KXBTC15M-26OCT042045-45,0.9970,2.00,yes
2026-10-05T00:41:40.256585Z,KXBTC15M-26OCT042045-45,0.9970,2.00,yes
2026-10-05T00:41:40.256585Z,KXBTC15M-26OCT042045-45,0.9970,0.77,yes
2026-10-05T00:41:40.271661Z,KXBTC15M-26OCT042045-45,0.9960,192.90,no
2026-10-05T00:41:40.293492Z,KXBTC15M-26OCT042045-45,0.9960,117.88,no
2026-10-05T00:41:40.375467Z,KXBTC15M-26OCT042045-45,0.9960,93.90,no
2026-10-05T00:41:40.419225Z,KXBTC15M-26OCT042045-45,0.9960,2.29,no
2026-10-05T00:41:40.512459Z,KXBTC15M-26OCT042045-45,0.9960,73.29,no
2026-10-05T00:41:40.519936Z,KXBTC15M-26OCT042045-45,0.9960,5.63,no
2026-10-05T00:41:40.607488Z,KXBTC15M-26OCT042045-45,0.9960,229.04,no
2026-10-05T00:41:40.631107Z,KXBTC15M-26OCT042045-45,0.9970,1.00,yes
2026-10-05T00:41:40.633344Z,KXBTC15M-26OCT042045-45,0.9970,2.90,yes
2026-10-05T00:41:40.671064Z,KXBTC15M-26OCT042045-45,0.9960,19.32,no
2026-10-05T00:41:40.730907Z,KXBTC15M-26OCT042045-45,0.9960,2023.19,no
2026-10-05T00:41:40.730907Z,KXBTC15M-26OCT042045-45,0.9960,1140.66,no
2026-10-05T00:41:40.730907Z,KXBTC15M-26OCT042045-45,0.9960,784.00,no
2026-10-05T00:41:40.730907Z,KXBTC15M-26OCT042045-45,0.9960,120.00,no
2026-10-05T00:41:40.730907Z,KXBTC15M-26OCT042045-45,0.9960,0.01,no
2026-10-05T00:41:40.730907Z,KXBTC15M-26OCT042045-45,0.9960,0.01,no
2026-10-05T00:41:40.730907Z,KXBTC15M-26OCT042045-45,0.9960,417.13,no
2026-10-05T00:41:40.730907Z,KXBTC15M-26OCT042045-45,0.9960,15.00,no
2026-10-05T00:41:40.730907Z,KXBTC15M-26OCT042045-45,0.9960,500.00,no
2026-10-05T00:41:40.820863Z,KXBTC15M-26OCT042045-45,0.9970,1.00,yes
2026-10-05T00:41:40.850951Z,KXBTC15M-26OCT042045-45,0.9960,110.33,no
2026-10-05T00:41:40.862673Z,KXBTC15M-26OCT042045-45,0.9960,20.24,no
2026-10-05T00:41:40.878285Z,KXBTC15M-26OCT042045-45,0.9960,23.36,no
2026-10-05T00:41:40.878285Z,KXBTC15M-26OCT042045-45,0.9960,0.01,no
2026-10-05T00:41:40.974408Z,KXBTC15M-26OCT042045-45,0.9960,0.01,no
2026-10-05T00:41:40.974408Z,KXBTC15M-26OCT042045-45,0.9960,15.00,no
2026-10-05T00:41:40.974408Z,KXBTC15M-26OCT042045-45,0.9960,0.01,no
2026-10-05T00:41:40.974408Z,KXBTC15M-26OCT042045-45,0.9960,0.01,no
2026-10-05T00:41:40.974408Z,KXBTC15M-26OCT042045-45,0.9960,42.87,no
2026-10-05T00:41:40.974408Z,KXBTC15M-26OCT042045-45,0.9960,36.00,no
2026-10-05T00:41:40.997262Z,KXBTC15M-26OCT042045-45,0.9960,22.11,no
2026-10-05T00:41:41.079761Z,KXBTC15M-26OCT042045-45,0.9970,30.00,yes
2026-10-05T00:41:41.121019Z,KXBTC15M-26OCT042045-45,0.9970,14.38,yes
2026-10-05T00:41:41.163459Z,KXBTC15M-26OCT042045-45,0.9960,15.00,no
2026-10-05T00:41:41.163459Z,KXBTC15M-26OCT042045-45,0.9960,8.34,no
2026-10-05T00:41:41.163459Z,KXBTC15M-26OCT042045-45,0.9960,15.00,no
2026-10-05T00:41:41.18606Z,KXBTC15M-26OCT042045-45,0.9960,120.12,no
2026-10-05T00:41:41.190593Z,KXBTC15M-26OCT042045-45,0.9960,15.09,no
2026-10-05T00:41:41.220994Z,KXBTC15M-26OCT042045-45,0.9960,0.01,no
2026-10-05T00:41:41.220994Z,KXBTC15M-26OCT042045-45,0.9960,15.00,no
2026-10-05T00:41:41.220994Z,KXBTC15M-26OCT042045-45,0.9960,107.45,no
2026-10-05T00:41:41.220994Z,KXBTC15M-26OCT042045-45,0.9950,380.00,no
2026-10-05T00:41:41.220994Z,KXBTC15M-26OCT042045-45,0.9950,448.08,no
2026-10-05T00:41:41.237738Z,KXBTC15M-26OCT042045-45,0.9960,3.77,yes
2026-10-05T00:41:41.293146Z,KXBTC15M-26OCT042045-45,0.9950,2.65,no
2026-10-05T00:41:41.326023Z,KXBTC15M-26OCT042045-45,0.9960,54.15,yes
2026-10-05T00:41:41.341555Z,KXBTC15M-26OCT042045-45,0.9950,33.30,no
2026-10-05T00:41:41.378322Z,KXBTC15M-26OCT042045-45,0.9950,18.26,no
2026-10-05T00:41:41.38649Z,KXBTC15M-26OCT042045-45,0.9950,555.29,no
2026-10-05T00:41:41.440973Z,KXBTC15M-26OCT042045-45,0.9960,92.08,yes
2026-10-05T00:41:41.440973Z,KXBTC15M-26OCT042045-45,0.9960,0.01,yes
2026-10-05T00:41:41.440973Z,KXBTC15M-26OCT042045-45,0.9960,132.22,yes
2026-10-05T00:41:41.440973Z,KXBTC15M-26OCT042045-45,0.9960,10.00,yes
2026-10-05T00:41:41.440973Z,KXBTC15M-26OCT042045-45,0.9960,51.00,yes
2026-10-05T00:41:41.440973Z,KXBTC15M-26OCT042045-45,0.9960,10.00,yes
2026-10-05T00:41:41.440973Z,KXBTC15M-26OCT042045-45,0.9960,15.00,yes
2026-10-05T00:41:41.472974Z,KXBTC15M-26OCT042045-45,0.9950,22.19,no
2026-10-05T00:41:41.509224Z,KXBTC15M-26OCT042045-45,0.9950,2.01,no
2026-10-05T00:41:41.537277Z,KXBTC15M-26OCT042045-45,0.9950,0.02,no
2026-10-05T00:41:41.599889Z,KXBTC15M-26OCT042045-45,0.9960,62.31,yes
2026-10-05T00:41:41.655751Z,KXBTC15M-26OCT042045-45,0.9950,0.02,no
2026-10-05T00:41:41.723011Z,KXBTC15M-26OCT042045-45,0.9950,4.54,no
2026-10-05T00:41:41.726494Z,KXBTC15M-26OCT042045-45,0.9950,10.07,no
2026-10-05T00:41:41.878329Z,KXBTC15M-26OCT042045-45,0.9950,77.95,no
2026-10-05T00:41:41.924058Z,KXBTC15M-26OCT042045-45,0.9950,91.62,no
2026-10-05T00:41:41.999192Z,KXBTC15M-26OCT042045-45,0.9960,8.31,yes
2026-10-05T00:41:41.999192Z,KXBTC15M-26OCT042045-45,0.9960,0.01,yes
2026-10-05T00:41:42.005205Z,KXBTC15M-26OCT042045-45,0.9960,3.86,yes
2026-10-05T00:41:42.014304Z,KXBTC15M-26OCT042045-45,0.9950,534.00,no
2026-10-05T00:41:42.014304Z,KXBTC15M-26OCT042045-45,0.9950,466.00,no
2026-10-05T00:41:42.072988Z,KXBTC15M-26OCT042045-45,0.9960,22.14,yes
2026-10-05T00:41:42.072988Z,KXBTC15M-26OCT042045-45,0.9960,87.83,yes
2026-10-05T00:41:42.072988Z,KXBTC15M-26OCT042045-45,0.9960,0.10,yes
2026-10-05T00:41:42.213453Z,KXBTC15M-26OCT042045-45,0.9960,10.93,yes
2026-10-05T00:41:42.248204Z,KXBTC15M-26OCT042045-45,0.9950,48.26,no
2026-10-05T00:41:42.327276Z,KXBTC15M-26OCT042045-45,0.9950,28.36,no
2026-10-05T00:41:42.335306Z,KXBTC15M-26OCT042045-45,0.9960,10.03,yes
2026-10-05T00:41:42.352944Z,KXBTC15M-26OCT042045-45,0.9950,916.19,no
2026-10-05T00:41:42.371066Z,KXBTC15M-26OCT042045-45,0.9950,6.47,no
2026-10-05T00:41:42.412Z,KXBTC15M-26OCT042045-45,0.9950,334.72,no
2026-10-05T00:41:42.412Z,KXBTC15M-26OCT042045-45,0.9950,1535.05,no
2026-10-05T00:41:42.547143Z,KXBTC15M-26OCT042045-45,0.9950,102.63,no
2026-10-05T00:41:42.56071Z,KXBTC15M-26OCT042045-45,0.9960,1.00,yes
2026-10-05T00:41:42.626883Z,KXBTC15M-26OCT042045-45,0.9960,34.12,yes
2026-10-05T00:41:42.637565Z,KXBTC15M-26OCT042045-45,0.9960,62.92,yes
2026-10-05T00:41:42.718667Z,KXBTC15M-26OCT042045-45,0.9950,41.13,no
2026-10-05T00:41:42.775969Z,KXBTC15M-26OCT042045-45,0.9960,0.19,yes
2026-10-05T00:41:42.822961Z,KXBTC15M-26OCT042045-45,0.9950,91.62,no
2026-10-05T00:41:42.858137Z,KXBTC15M-26OCT042045-45,0.9950,19.02,no
2026-10-05T00:41:42.858137Z,KXBTC15M-26OCT042045-45,0.9950,29.57,no
2026-10-05T00:41:42.915658Z,KXBTC15M-26OCT042045-45,0.9950,70.97,no
2026-10-05T00:41:42.915658Z,KXBTC15M-26OCT042045-45,0.9950,0.01,no
2026-10-05T00:41:42.915658Z,KXBTC15M-26OCT042045-45,0.9950,0.01,no
2026-10-05T00:41:42.915658Z,KXBTC15M-26OCT042045-45,0.9950,15.00,no
2026-10-05T00:41:42.915658Z,KXBTC15M-26OCT042045-45,0.9950,100.98,no
2026-10-05T00:41:43.011712Z,KXBTC15M-26OCT042045-45,0.9950,3.61,no
2026-10-05T00:41:43.058472Z,KXBTC15M-26OCT042045-45,0.9950,11.39,no
2026-10-05T00:41:43.058472Z,KXBTC15M-26OCT042045-45,0.9950,80.23,no
2026-10-05T00:41:43.090673Z,KXBTC15M-26OCT042045-45,0.9950,72.06,no
2026-10-05T00:41:43.149266Z,KXBTC15M-26OCT042045-45,0.9940,11.24,no
2026-10-05T00:41:43.155786Z,KXBTC15M-26OCT042045-45,0.9950,0.02,yes
2026-10-05T00:41:43.199361Z,KXBTC15M-26OCT042045-45,0.9940,3.58,no
2026-10-05T00:41:43.23611Z,KXBTC15M-26OCT042045-45,0.9940,0.33,no
2026-10-05T00:41:43.23611Z,KXBTC15M-26OCT042045-45,0.9940,0.18,no
2026-10-05T00:41:43.265334Z,KXBTC15M-26OCT042045-45,0.9940,9.67,no
2026-10-05T00:41:43.265334Z,KXBTC15M-26OCT042045-45,0.9940,0.33,no
2026-10-05T00:41:43.26774Z,KXBTC15M-26OCT042045-45,0.9940,35.46,no
2026-10-05T00:41:43.272485Z,KXBTC15M-26OCT042045-45,0.9950,126.37,yes
2026-10-05T00:41:43.304072Z,KXBTC15M-26OCT042045-45,0.9940,200.00,no
2026-10-05T00:41:43.304072Z,KXBTC15M-26OCT042045-45,0.9940,0.01,no
2026-10-05T00:41:43.304072Z,KXBTC15M-26OCT042045-45,0.9940,35.00,no
2026-10-05T00:41:43.304072Z,KXBTC15M-26OCT042045-45,0.9940,380.21,no
2026-10-05T00:41:43.304072Z,KXBTC15M-26OCT042045-45,0.9930,15.00,no
2026-10-05T00:41:43.304072Z,KXBTC15M-26OCT042045-45,0.9930,189.25,no
2026-10-05T00:41:43.313843Z,KXBTC15M-26OCT042045-45,0.9930,0.02,no
2026-10-05T00:41:43.429703Z,KXBTC15M-26OCT042045-45,0.9940,400.00,yes
2026-10-05T00:41:43.429703Z,KXBTC15M-26OCT042045-45,0.9950,23.61,yes
2026-10-05T00:41:43.429703Z,KXBTC15M-26OCT042045-45,0.9950,176.00,yes
2026-10-05T00:41:43.429703Z,KXBTC15M-26OCT042045-45,0.9950,200.00,yes
2026-10-05T00:41:43.429703Z,KXBTC15M-26OCT042045-45,0.9940,1.00,yes
2026-10-05T00:41:43.429703Z,KXBTC15M-26OCT042045-45,0.9940,0.01,yes
2026-10-05T00:41:43.429703Z,KXBTC15M-26OCT042045-45,0.9950,20.00,yes
2026-10-05T00:41:43.429703Z,KXBTC15M-26OCT042045-45,0.9940,200.00,yes
2026-10-05T00:41:43.429703Z,KXBTC15M-26OCT042045-45,0.9940,0.01,yes
2026-10-05T00:41:43.429703Z,KXBTC15M-26OCT042045-45,0.9940,100.00,yes
2026-10-05T00:41:43.429703Z,KXBTC15M-26OCT042045-45,0.9940,10.00,yes
2026-10-05T00:41:43.454731Z,KXBTC15M-26OCT042045-45,0.9950,88.00,yes
2026-10-05T00:41:43.454731Z,KXBTC15M-26OCT042045-45,0.9940,100.00,yes
2026-10-05T00:41:43.454731Z,KXBTC15M-26OCT042045-45,0.9940,0.01,yes
2026-10-05T00:41:43.454731Z,KXBTC15M-26OCT042045-45,0.9950,150.00,yes
2026-10-05T00:41:43.454731Z,KXBTC15M-26OCT042045-45,0.9940,0.01,yes
2026-10-05T00:41:43.454731Z,KXBTC15M-26OCT042045-45,0.9950,1464.00,yes
2026-10-05T00:41:43.454731Z,KXBTC15M-26OCT042045-45,0.9960,518.38,yes
2026-10-05T00:41:43.479176Z,KXBTC15M-26OCT042045-45,0.9940,0.01,yes
2026-10-05T00:41:43.479176Z,KXBTC15M-26OCT042045-45,0.9940,0.01,yes
2026-10-05T00:41:43.479176Z,KXBTC15M-26OCT042045-45,0.9950,44.00,yes
2026-10-05T00:41:43.479176Z,KXBTC15M-26OCT042045-45,0.9960,4.65,yes
2026-10-05T00:41:43.571568Z,KXBTC15M-26OCT042045-45,0.9940,0.01,yes
2026-10-05T00:41:43.571568Z,KXBTC15M-26OCT042045-45,0.9940,54.13,yes
2026-10-05T00:41:43.571568Z,KXBTC15M-26OCT042045-45,0.9940,0.01,yes
2026-10-05T00:41:43.622641Z,KXBTC15M-26OCT042045-45,0.9930,36.66,no
2026-10-05T00:41:43.629599Z,KXBTC15M-26OCT042045-45,0.9930,36.66,no
2026-10-05T00:41:43.683425Z,KXBTC15M-26OCT042045-45,0.9930,20.13,no
2026-10-05T00:41:43.715053Z,KXBTC15M-26OCT042045-45,0.9930,4.47,no
2026-10-05T00:41:43.728253Z,KXBTC15M-26OCT042045-45,0.9930,16.39,no
2026-10-05T00:41:43.745287Z,KXBTC15M-26OCT042045-45,0.9930,130.90,no
2026-10-05T00:41:43.759356Z,KXBTC15M-26OCT042045-45,0.9940,301.12,yes
2026-10-05T00:41:43.874567Z,KXBTC15M-26OCT042045-45,0.9930,53.38,no
2026-10-05T00:41:43.874567Z,KXBTC15M-26OCT042045-45,0.9930,77.52,no
2026-10-05T00:41:43.910488Z,KXBTC15M-26OCT042045-45,0.9930,36.79,no
2026-10-05T00:41:44.011386Z,KXBTC15M-26OCT042045-45,0.9930,13.85,no
2026-10-05T00:41:44.10233Z,KXBTC15M-26OCT042045-45,0.9940,361.48,yes
2026-10-05T00:41:44.10233Z,KXBTC15M-26OCT042045-45,0.9940,1.00,yes
2026-10-05T00:41:44.10233Z,KXBTC15M-26OCT042045-45,0.9940,0.01,yes
2026-10-05T00:41:44.10233Z,KXBTC15M-26OCT042045-45,0.9940,0.01,yes
2026-10-05T00:41:44.128095Z,KXBTC15M-26OCT042045-45,0.9940,0.01,yes
2026-10-05T00:41:44.128095Z,KXBTC15M-26OCT042045-45,0.9940,0.01,yes
2026-10-05T00:41:44.128095Z,KXBTC15M-26OCT042045-45,0.9940,100.00,yes
2026-10-05T00:41:44.171263Z,KXBTC15M-26OCT042045-45,0.9930,65.49,no
2026-10-05T00:41:44.171263Z,KXBTC15M-26OCT042045-45,0.9940,10.00,no
2026-10-05T00:41:44.171263Z,KXBTC15M-26OCT042045-45,0.9940,0.01,no
2026-10-05T00:41:44.171263Z,KXBTC15M-26OCT042045-45,0.9940,0.10,no
2026-10-05T00:41:44.171263Z,KXBTC15M-26OCT042045-45,0.9940,15.00,no
2026-10-05T00:41:44.171263Z,KXBTC15M-26OCT042045-45,0.9940,0.01,no
2026-10-05T00:41:44.214349Z,KXBTC15M-26OCT042045-45,0.9930,654.51,no
2026-10-05T00:41:44.358834Z,KXBTC15M-26OCT042045-45,0.9930,130.90,no
2026-10-05T00:41:44.426889Z,KXBTC15M-26OCT042045-45,0.9930,243.48,no
2026-10-05T00:41:44.487567Z,KXBTC15M-26OCT042045-45,0.9940,0.01,yes
2026-10-05T00:41:44.487567Z,KXBTC15M-26OCT042045-45,0.9940,0.01,yes
2026-10-05T00:41:44.487567Z,KXBTC15M-26OCT042045-45,0.9940,5.00,yes
2026-10-05T00:41:44.514505Z,KXBTC15M-26OCT042045-45,0.9930,261.80,no
2026-10-05T00:41:44.514619Z,KXBTC15M-26OCT042045-45,0.9930,33.39,no
2026-10-05T00:41:44.579474Z,KXBTC15M-26OCT042045-45,0.9930,63.59,no
2026-10-05T00:41:44.579474Z,KXBTC15M-26OCT042045-45,0.9930,306.41,no
2026-10-05T00:41:44.63182Z,KXBTC15M-26OCT042045-45,0.9930,184.81,no
2026-10-05T00:41:44.70617Z,KXBTC15M-26OCT042045-45,0.9930,205.15,no
2026-10-05T00:41:44.730402Z,KXBTC15M-26OCT042045-45,0.9930,128.23,no
2026-10-05T00:41:44.825213Z,KXBTC15M-26OCT042045-45,0.9940,1.00,yes
2026-10-05T00:41:44.880262Z,KXBTC15M-26OCT042045-45,0.9940,92.00,yes
2026-10-05T00:41:44.960693Z,KXBTC15M-26OCT042045-45,0.9930,25.91,no
2026-10-05T00:41:44.965905Z,KXBTC15M-26OCT042045-45,0.9930,65.00,no
2026-10-05T00:41:45.011113Z,KXBTC15M-26OCT042045-45,0.9930,261.80,no
2026-10-05T00:41:45.041853Z,KXBTC15M-26OCT042045-45,0.9930,26.40,no
2026-10-05T00:41:45.050026Z,KXBTC15M-26OCT042045-45,0.9930,12.65,no
2026-10-05T00:41:45.060204Z,KXBTC15M-26OCT042045-45,0.9940,6.16,yes
2026-10-05T00:41:45.09944Z,KXBTC15M-26OCT042045-45,0.9930,826.46,no
2026-10-05T00:41:45.09944Z,KXBTC15M-26OCT042045-45,0.9930,509.26,no
2026-10-05T00:41:45.125851Z,KXBTC15M-26OCT042045-45,0.9930,13.35,no
2026-10-05T00:41:45.132961Z,KXBTC15M-26OCT042045-45,0.9940,10.05,yes
2026-10-05T00:41:45.265525Z,KXBTC15M-26OCT042045-45,0.9930,0.54,no
2026-10-05T00:41:45.33173Z,KXBTC15M-26OCT042045-45,0.9960,10.35,yes
2026-10-05T00:41:45.33173Z,KXBTC15M-26OCT042045-45,0.9960,10.00,yes
2026-10-05T00:41:45.33173Z,KXBTC15M-26OCT042045-45,0.9960,51.00,yes
2026-10-05T00:41:45.33173Z,KXBTC15M-26OCT042045-45,0.9940,200.00,yes
2026-10-05T00:41:45.33173Z,KXBTC15M-26OCT042045-45,0.9940,100.00,yes
2026-10-05T00:41:45.33173Z,KXBTC15M-26OCT042045-45,0.9960,44.26,yes
2026-10-05T00:41:45.33173Z,KXBTC15M-26OCT042045-45,0.9940,1.00,yes
2026-10-05T00:41:45.33173Z,KXBTC15M-26OCT042045-45,0.9950,15.00,yes
2026-10-05T00:41:45.33173Z,KXBTC15M-26OCT042045-45,0.9950,200.00,yes
2026-10-05T00:41:45.33173Z,KXBTC15M-26OCT042045-45,0.9940,0.01,yes
2026-10-05T00:41:45.33173Z,KXBTC15M-26OCT042045-45,0.9940,0.01,yes
2026-10-05T00:41:45.33173Z,KXBTC15M-26OCT042045-45,0.9950,1.00,yes
2026-10-05T00:41:45.33173Z,KXBTC15M-26OCT042045-45,0.9960,15.00,yes
2026-10-05T00:41:45.33173Z,KXBTC15M-26OCT042045-45,0.9960,15.00,yes
2026-10-05T00:41:45.33173Z,KXBTC15M-26OCT042045-45,0.9950,22.00,yes
2026-10-05T00:41:45.33173Z,KXBTC15M-26OCT042045-45,0.9960,15.00,yes
2026-10-05T00:41:45.33173Z,KXBTC15M-26OCT042045-45,0.9960,5.00,yes
2026-10-05T00:41:45.33173Z,KXBTC15M-26OCT042045-45,0.9960,10.00,yes
2026-10-05T00:41:45.33173Z,KXBTC15M-26OCT042045-45,0.9960,4.65,yes
2026-10-05T00:41:45.357432Z,KXBTC15M-26OCT042045-45,0.9940,0.01,yes
2026-10-05T00:41:45.357432Z,KXBTC15M-26OCT042045-45,0.9940,40.52,yes
2026-10-05T00:41:45.359216Z,KXBTC15M-26OCT042045-45,0.9930,58.77,no
2026-10-05T00:41:45.366594Z,KXBTC15M-26OCT042045-45,0.9930,136.64,no
2026-10-05T00:41:45.457623Z,KXBTC15M-26OCT042045-45,0.9960,78.02,yes
2026-10-05T00:41:45.457623Z,KXBTC15M-26OCT042045-45,0.9950,11.00,yes
2026-10-05T00:41:45.457623Z,KXBTC15M-26OCT042045-45,0.9940,1.00,yes
2026-10-05T00:41:45.457623Z,KXBTC15M-26OCT042045-45,0.9940,0.01,yes
2026-10-05T00:41:45.457623Z,KXBTC15M-26OCT042045-45,0.9950,1.00,yes
2026-10-05T00:41:45.457623Z,KXBTC15M-26OCT042045-45,0.9940,200.00,yes
2026-10-05T00:41:45.457623Z,KXBTC15M-26OCT042045-45,0.9950,200.00,yes
2026-10-05T00:41:45.457623Z,KXBTC15M-26OCT042045-45,0.9940,0.01,yes
2026-10-05T00:41:45.457623Z,KXBTC15M-26OCT042045-45,0.9940,100.00,yes
2026-10-05T00:41:45.457623Z,KXBTC15M-26OCT042045-45,0.9950,14.00,yes
2026-10-05T00:41:45.457623Z,KXBTC15M-26OCT042045-45,0.9940,400.00,yes
2026-10-05T00:41:45.50572Z,KXBTC15M-26OCT042045-45,0.9930,6.54,no
2026-10-05T00:41:45.612657Z,KXBTC15M-26OCT042045-45,0.9930,24.90,no
2026-10-05T00:41:45.612657Z,KXBTC15M-26OCT042045-45,0.9930,0.01,no
2026-10-05T00:41:45.612657Z,KXBTC15M-26OCT042045-45,0.9930,0.01,no
2026-10-05T00:41:45.612657Z,KXBTC15M-26OCT042045-45,0.9930,231.54,no
2026-10-05T00:41:45.647967Z,KXBTC15M-26OCT042045-45,0.9930,15.70,no
2026-10-05T00:41:45.681642Z,KXBTC15M-26OCT042045-45,0.9930,18.26,no
2026-10-05T00:41:45.689806Z,KXBTC15M-26OCT042045-45,0.9940,61.62,yes
2026-10-05T00:41:45.689806Z,KXBTC15M-26OCT042045-45,0.9940,0.01,yes
2026-10-05T00:41:45.689806Z,KXBTC15M-26OCT042045-45,0.9940,0.01,yes
2026-10-05T00:41:45.692239Z,KXBTC15M-26OCT042045-45,0.9930,130.90,no
2026-10-05T00:41:45.750663Z,KXBTC15M-26OCT042045-45,0.9960,3.57,yes
2026-10-05T00:41:45.750663Z,KXBTC15M-26OCT042045-45,0.9940,1.00,yes
2026-10-05T00:41:45.750663Z,KXBTC15M-26OCT042045-45,0.9950,1.00,yes
2026-10-05T00:41:45.750663Z,KXBTC15M-26OCT042045-45,0.9940,0.01,yes
2026-10-05T00:41:45.750663Z,KXBTC15M-26OCT042045-45,0.9940,0.01,yes
2026-10-05T00:41:45.750663Z,KXBTC15M-26OCT042045-45,0.9950,14.00,yes
2026-10-05T00:41:45.802446Z,KXBTC15M-26OCT042045-45,0.9940,2.78,no
2026-10-05T00:41:45.802446Z,KXBTC15M-26OCT042045-45,0.9940,0.10,no
2026-10-05T00:41:45.802446Z,KXBTC15M-26OCT042045-45,0.9940,0.01,no
2026-10-05T00:41:45.802446Z,KXBTC15M-26OCT042045-45,0.9940,0.01,no
2026-10-05T00:41:45.886613Z,KXBTC15M-26OCT042045-45,0.9950,0.55,yes
2026-10-05T00:41:45.898235Z,KXBTC15M-26OCT042045-45,0.9940,121.34,no
2026-10-05T00:41:45.898235Z,KXBTC15M-26OCT042045-45,0.9940,0.01,no
2026-10-05T00:41:45.898235Z,KXBTC15M-26OCT042045-45,0.9940,12.22,no
2026-10-05T00:41:45.898235Z,KXBTC15M-26OCT042045-45,0.9940,0.01,no
2026-10-05T00:41:45.91632Z,KXBTC15M-26OCT042045-45,0.9950,239.34,yes
2026-10-05T00:41:45.91632Z,KXBTC15M-26OCT042045-45,0.9950,100.00,yes
2026-10-05T00:41:45.91632Z,KXBTC15M-26OCT042045-45,0.9950,0.01,yes
2026-10-05T00:41:45.91632Z,KXBTC15M-26OCT042045-45,0.9950,249.97,yes
2026-10-05T00:41:45.91632Z,KXBTC15M-26OCT042045-45,0.9950,200.00,yes
2026-10-05T00:41:45.91632Z,KXBTC15M-26OCT042045-45,0.9950,0.01,yes
2026-10-05T00:41:45.91632Z,KXBTC15M-26OCT042045-45,0.9950,15.00,yes
2026-10-05T00:41:45.964988Z,KXBTC15M-26OCT042045-45,0.9940,48.98,no
2026-10-05T00:41:45.971677Z,KXBTC15M-26OCT042045-45,0.9940,0.01,no
2026-10-05T00:41:45.971677Z,KXBTC15M-26OCT042045-45,0.9940,15.00,no
2026-10-05T00:41:45.971677Z,KXBTC15M-26OCT042045-45,0.9940,201.76,no
2026-10-05T00:41:45.971677Z,KXBTC15M-26OCT042045-45,0.9940,0.01,no
2026-10-05T00:41:45.971677Z,KXBTC15M-26OCT042045-45,0.9940,451.09,no
2026-10-05T00:41:45.976434Z,KXBTC15M-26OCT042045-45,0.9940,84.67,no
2026-10-05T00:41:45.976434Z,KXBTC15M-26OCT042045-45,0.9940,48.91,no
2026-10-05T00:41:46.006368Z,KXBTC15M-26OCT042045-45,0.9950,0.01,yes
2026-10-05T00:41:46.006368Z,KXBTC15M-26OCT042045-45,0.9950,0.01,yes
2026-10-05T00:41:46.006368Z,KXBTC15M-26OCT042045-45,0.9950,21.90,yes
2026-10-05T00:41:46.105665Z,KXBTC15M-26OCT042045-45,0.9950,78.10,yes
2026-10-05T00:41:46.105665Z,KXBTC15M-26OCT042045-45,0.9950,57.04,yes
2026-10-05T00:41:46.11774Z,KXBTC15M-26OCT042045-45,0.9930,32.17,no
2026-10-05T00:41:46.11774Z,KXBTC15M-26OCT042045-45,0.9940,0.01,no
2026-10-05T00:41:46.11774Z,KXBTC15M-26OCT042045-45,0.9940,0.01,no
2026-10-05T00:41:46.11774Z,KXBTC15M-26OCT042045-45,0.9940,15.00,no
2026-10-05T00:41:46.11774Z,KXBTC15M-26OCT042045-45,0.9930,19.60,no
2026-10-05T00:41:46.408881Z,KXBTC15M-26OCT042045-45,0.9940,20.00,no
2026-10-05T00:41:46.408881Z,KXBTC15M-26OCT042045-45,0.9940,0.01,no
2026-10-05T00:41:46.408881Z,KXBTC15M-26OCT042045-45,0.9940,0.01,no
2026-10-05T00:41:46.408881Z,KXBTC15M-26OCT042045-45,0.9940,15.00,no
2026-10-05T00:41:46.408881Z,KXBTC15M-26OCT042045-45,0.9940,0.03,no
2026-10-05T00:41:46.408881Z,KXBTC15M-26OCT042045-45,0.9940,98.53,no
2026-10-05T00:41:46.43028Z,KXBTC15M-26OCT042045-45,0.9950,10.04,yes
2026-10-05T00:41:46.476319Z,KXBTC15M-26OCT042045-45,0.9940,0.01,no
2026-10-05T00:41:46.476319Z,KXBTC15M-26OCT042045-45,0.9940,200.00,no
2026-10-05T00:41:46.476319Z,KXBTC15M-26OCT042045-45,0.9940,119.00,no
2026-10-05T00:41:46.476319Z,KXBTC15M-26OCT042045-45,0.9940,0.01,no
2026-10-05T00:41:46.476319Z,KXBTC15M-26OCT042045-45,0.9940,65.47,no
2026-10-05T00:41:46.476319Z,KXBTC15M-26OCT042045-45,0.9940,0.01,no
2026-10-05T00:41:46.476319Z,KXBTC15M-26OCT042045-45,0.9930,588.85,no
2026-10-05T00:41:46.502865Z,KXBTC15M-26OCT042045-45,0.9950,3.01,yes
2026-10-05T00:41:46.526968Z,KXBTC15M-26OCT042045-45,0.9940,0.01,no
2026-10-05T00:41:46.526968Z,KXBTC15M-26OCT042045-45,0.9940,0.01,no
2026-10-05T00:41:46.526968Z,KXBTC15M-26OCT042045-45,0.9930,78.98,no
2026-10-05T00:41:46.526968Z,KXBTC15M-26OCT042045-45,0.9930,33.00,no
2026-10-05T00:41:46.758023Z,KXBTC15M-26OCT042045-45,0.9940,0.01,no
2026-10-05T00:41:46.758023Z,KXBTC15M-26OCT042045-45,0.9940,1.00,no
2026-10-05T00:41:46.758023Z,KXBTC15M-26OCT042045-45,0.9940,0.01,no
2026-10-05T00:41:46.761821Z,KXBTC15M-26OCT042045-45,0.9950,502.33,yes
2026-10-05T00:41:46.788788Z,KXBTC15M-26OCT042045-45,0.9950,15.00,yes
2026-10-05T00:41:46.788788Z,KXBTC15M-26OCT042045-45,0.9950,500.00,yes
2026-10-05T00:41:46.788788Z,KXBTC15M-26OCT042045-45,0.9950,1.00,yes
2026-10-05T00:41:46.788788Z,KXBTC15M-26OCT042045-45,0.9950,15.00,yes
2026-10-05T00:41:46.788788Z,KXBTC15M-26OCT042045-45,0.9950,0.01,yes
2026-10-05T00:41:46.788788Z,KXBTC15M-26OCT042045-45,0.9950,500.00,yes
2026-10-05T00:41:46.788788Z,KXBTC15M-26OCT042045-45,0.9950,100.00,yes
2026-10-05T00:41:46.788788Z,KXBTC15M-26OCT042045-45,0.9950,0.01,yes
2026-10-05T00:41:46.788788Z,KXBTC15M-26OCT042045-45,0.9960,200.00,yes
2026-10-05T00:41:46.788788Z,KXBTC15M-26OCT042045-45,0.9960,10.00,yes
2026-10-05T00:41:46.788788Z,KXBTC15M-26OCT042045-45,0.9950,400.00,yes
2026-10-05T00:41:46.788788Z,KXBTC15M-26OCT042045-45,0.9950,200.00,yes
2026-10-05T00:41:46.788788Z,KXBTC15M-26OCT042045-45,0.9950,15.00,yes
2026-10-05T00:41:46.788788Z,KXBTC15M-26OCT042045-45,0.9950,3.00,yes
2026-10-05T00:41:46.788788Z,KXBTC15M-26OCT042045-45,0.9950,538.58,yes
2026-10-05T00:41:46.788788Z,KXBTC15M-26OCT042045-45,0.9960,15.00,yes
2026-10-05T00:41:46.788788Z,KXBTC15M-26OCT042045-45,0.9960,10.00,yes
2026-10-05T00:41:46.788788Z,KXBTC15M-26OCT042045-45,0.9970,17.00,yes
2026-10-05T00:41:46.788788Z,KXBTC15M-26OCT042045-45,0.9970,6.48,yes
2026-10-05T00:41:46.788788Z,KXBTC15M-26OCT042045-45,0.9970,10.00,yes
2026-10-05T00:41:46.788788Z,KXBTC15M-26OCT042045-45,0.9970,2443.92,yes
2026-10-05T00:41:46.803816Z,KXBTC15M-26OCT042045-45,0.9950,0.01,yes
2026-10-05T00:41:46.803816Z,KXBTC15M-26OCT042045-45,0.9950,0.01,yes
2026-10-05T00:41:46.920646Z,KXBTC15M-26OCT042045-45,0.9940,15.00,no
2026-10-05T00:41:46.920646Z,KXBTC15M-26OCT042045-45,0.9940,0.01,no
2026-10-05T00:41:46.920646Z,KXBTC15M-26OCT042045-45,0.9940,1.00,no
2026-10-05T00:41:46.920646Z,KXBTC15M-26OCT042045-45,0.9940,0.01,no
2026-10-05T00:41:46.920646Z,KXBTC15M-26OCT042045-45,0.9940,0.01,no
2026-10-05T00:41:46.920646Z,KXBTC15M-26OCT042045-45,0.9930,97.49,no
2026-10-05T00:41:46.920646Z,KXBTC15M-26OCT042045-45,0.9930,46.48,no
2026-10-05T00:41:46.920646Z,KXBTC15M-26OCT042045-45,0.9930,12.00,no
2026-10-05T00:41:46.926284Z,KXBTC15M-26OCT042045-45,0.9950,0.01,yes
2026-10-05T00:41:46.926284Z,KXBTC15M-26OCT042045-45,0.9950,0.01,yes
2026-10-05T00:41:46.926284Z,KXBTC15M-26OCT042045-45,0.9950,50.21,yes
2026-10-05T00:41:47.022956Z,KXBTC15M-26OCT042045-45,0.9940,0.01,yes
2026-10-05T00:41:47.022956Z,KXBTC15M-26OCT042045-45,0.9950,4.00,yes
2026-10-05T00:41:47.022956Z,KXBTC15M-26OCT042045-45,0.9940,1.00,yes
2026-10-05T00:41:47.022956Z,KXBTC15M-26OCT042045-45,0.9950,2.17,yes
2026-10-05T00:41:47.022956Z,KXBTC15M-26OCT042045-45,0.9950,0.01,yes
2026-10-05T00:41:47.022956Z,KXBTC15M-26OCT042045-45,0.9950,0.01,yes
2026-10-05T00:41:47.022956Z,KXBTC15M-26OCT042045-45,0.9940,0.01,yes
2026-10-05T00:41:47.082411Z,KXBTC15M-26OCT042045-45,0.9930,31.42,no
2026-10-05T00:41:47.124073Z,KXBTC15M-26OCT042045-45,0.9950,0.01,yes
2026-10-05T00:41:47.124073Z,KXBTC15M-26OCT042045-45,0.9940,1.00,yes
2026-10-05T00:41:47.124073Z,KXBTC15M-26OCT042045-45,0.9940,0.01,yes
2026-10-05T00:41:47.124073Z,KXBTC15M-26OCT042045-45,0.9940,0.01,yes
2026-10-05T00:41:47.124073Z,KXBTC15M-26OCT042045-45,0.9950,2.00,yes
2026-10-05T00:41:47.124073Z,KXBTC15M-26OCT042045-45,0.9960,1.17,yes
2026-10-05T00:41:47.124073Z,KXBTC15M-26OCT042045-45,0.9950,12.83,yes
2026-10-05T00:41:47.128545Z,KXBTC15M-26OCT042045-45,0.9930,32.40,no
2026-10-05T00:41:47.142428Z,KXBTC15M-26OCT042045-45,0.9970,25.00,yes
2026-10-05T00:41:47.142428Z,KXBTC15M-26OCT042045-45,0.9970,895.86,yes
2026-10-05T00:41:47.142428Z,KXBTC15M-26OCT042045-45,0.9970,1013.43,yes
2026-10-05T00:41:47.142428Z,KXBTC15M-26OCT042045-45,0.9950,1.00,yes
2026-10-05T00:41:47.142428Z,KXBTC15M-26OCT042045-45,0.9940,0.01,yes
2026-10-05T00:41:47.142428Z,KXBTC15M-26OCT042045-45,0.9940,0.01,yes
2026-10-05T00:41:47.142428Z,KXBTC15M-26OCT042045-45,0.9960,400.00,yes
2026-10-05T00:41:47.142428Z,KXBTC15M-26OCT042045-45,0.9960,1.00,yes
2026-10-05T00:41:47.142428Z,KXBTC15M-26OCT042045-45,0.9960,24.00,yes
2026-10-05T00:41:47.142428Z,KXBTC15M-26OCT042045-45,0.9960,1.17,yes
2026-10-05T00:41:47.142428Z,KXBTC15M-26OCT042045-45,0.9960,13.83,yes
2026-10-05T00:41:47.142428Z,KXBTC15M-26OCT042045-45,0.9960,10.00,yes
2026-10-05T00:41:47.142428Z,KXBTC15M-26OCT042045-45,0.9960,10.00,yes
2026-10-05T00:41:47.142428Z,KXBTC15M-26OCT042045-45,0.9970,15.00,yes
2026-10-05T00:41:47.142428Z,KXBTC15M-26OCT042045-45,0.9970,15.00,yes
2026-10-05T00:41:47.142428Z,KXBTC15M-26OCT042045-45,0.9970,15.00,yes
2026-10-05T00:41:47.142428Z,KXBTC15M-26OCT042045-45,0.9970,15.00,yes
2026-10-05T00:41:47.142428Z,KXBTC15M-26OCT042045-45,0.9970,8.52,yes
2026-10-05T00:41:47.142428Z,KXBTC15M-26OCT042045-45,0.9970,750.00,yes
2026-10-05T00:41:47.17562Z,KXBTC15M-26OCT042045-45,0.9970,336.43,yes
2026-10-05T00:41:47.17562Z,KXBTC15M-26OCT042045-45,0.9950,0.01,yes
2026-10-05T00:41:47.17562Z,KXBTC15M-26OCT042045-45,0.9950,100.00,yes
2026-10-05T00:41:47.17562Z,KXBTC15M-26OCT042045-45,0.9950,0.01,yes
2026-10-05T00:41:47.17562Z,KXBTC15M-26OCT042045-45,0.9960,15.00,yes
2026-10-05T00:41:47.247577Z,KXBTC15M-26OCT042045-45,0.9950,13.35,no
2026-10-05T00:41:47.326703Z,KXBTC15M-26OCT042045-45,0.9950,24.00,no
2026-10-05T00:41:47.326703Z,KXBTC15M-26OCT042045-45,0.9950,15.00,no
2026-10-05T00:41:47.326703Z,KXBTC15M-26OCT042045-45,0.9950,0.01,no
2026-10-05T00:41:47.326703Z,KXBTC15M-26OCT042045-45,0.9940,10.00,no
2026-10-05T00:41:47.326703Z,KXBTC15M-26OCT042045-45,0.9950,0.01,no
2026-10-05T00:41:47.326703Z,KXBTC15M-26OCT042045-45,0.9950,1.65,no
2026-10-05T00:41:47.326703Z,KXBTC15M-26OCT042045-45,0.9940,10.00,no
2026-10-05T00:41:47.326703Z,KXBTC15M-26OCT042045-45,0.9940,106.93,no
2026-10-05T00:41:47.344583Z,KXBTC15M-26OCT042045-45,0.9960,2.81,yes
2026-10-05T00:41:47.432158Z,KXBTC15M-26OCT042045-45,0.9950,0.01,no
2026-10-05T00:41:47.432158Z,KXBTC15M-26OCT042045-45,0.9940,467.85,no
2026-10-05T00:41:47.432158Z,KXBTC15M-26OCT042045-45,0.9950,184.00,no
2026-10-05T00:41:47.432158Z,KXBTC15M-26OCT042045-45,0.9950,15.00,no
2026-10-05T00:41:47.432158Z,KXBTC15M-26OCT042045-45,0.9950,1.00,no
2026-10-05T00:41:47.432158Z,KXBTC15M-26OCT042045-45,0.9950,0.01,no
2026-10-05T00:41:47.461266Z,KXBTC15M-26OCT042045-45,0.9960,12.19,yes
2026-10-05T00:41:47.461266Z,KXBTC15M-26OCT042045-45,0.9960,62.90,yes
2026-10-05T00:41:47.461266Z,KXBTC15M-26OCT042045-45,0.9960,0.01,yes
2026-10-05T00:41:47.461266Z,KXBTC15M-26OCT042045-45,0.9960,0.01,yes
2026-10-05T00:41:47.465235Z,KXBTC15M-26OCT042045-45,0.9950,15.00,no
2026-10-05T00:41:47.465235Z,KXBTC15M-26OCT042045-45,0.9950,0.01,no
2026-10-05T00:41:47.465235Z,KXBTC15M-26OCT042045-45,0.9940,118.56,no
2026-10-05T00:41:47.465235Z,KXBTC15M-26OCT042045-45,0.9950,0.01,no
2026-10-05T00:41:47.525968Z,KXBTC15M-26OCT042045-45,0.9970,257.78,yes
2026-10-05T00:41:47.525968Z,KXBTC15M-26OCT042045-45,0.9960,12.19,yes
2026-10-05T00:41:47.525968Z,KXBTC15M-26OCT042045-45,0.9960,0.01,yes
2026-10-05T00:41:47.525968Z,KXBTC15M-26OCT042045-45,0.9960,10.00,yes
2026-10-05T00:41:47.525968Z,KXBTC15M-26OCT042045-45,0.9960,15.00,yes
2026-10-05T00:41:47.525968Z,KXBTC15M-26OCT042045-45,0.9960,15.00,yes
2026-10-05T00:41:47.525968Z,KXBTC15M-26OCT042045-45,0.9960,15.00,yes
2026-10-05T00:41:47.525968Z,KXBTC15M-26OCT042045-45,0.9960,200.00,yes
2026-10-05T00:41:47.525968Z,KXBTC15M-26OCT042045-45,0.9960,0.01,yes
2026-10-05T00:41:47.525968Z,KXBTC15M-26OCT042045-45,0.9960,500.00,yes
2026-10-05T00:41:47.525968Z,KXBTC15M-26OCT042045-45,0.9960,10.00,yes
2026-10-05T00:41:47.525968Z,KXBTC15M-26OCT042045-45,0.9960,2.81,yes
2026-10-05T00:41:47.525968Z,KXBTC15M-26OCT042045-45,0.9960,1.00,yes
2026-10-05T00:41:47.525968Z,KXBTC15M-26OCT042045-45,0.9960,400.00,yes
2026-10-05T00:41:47.525968Z,KXBTC15M-26OCT042045-45,0.9960,15.00,yes
2026-10-05T00:41:47.525968Z,KXBTC15M-26OCT042045-45,0.9960,500.00,yes
2026-10-05T00:41:47.525968Z,KXBTC15M-26OCT042045-45,0.9960,37.10,yes
2026-10-05T00:41:47.525968Z,KXBTC15M-26OCT042045-45,0.9960,15.00,yes
2026-10-05T00:41:47.610916Z,KXBTC15M-26OCT042045-45,0.9950,11.69,no
2026-10-05T00:41:47.610916Z,KXBTC15M-26OCT042045-45,0.9950,15.00,no
2026-10-05T00:41:47.610916Z,KXBTC15M-26OCT042045-45,0.9950,0.01,no
2026-10-05T00:41:47.610916Z,KXBTC15M-26OCT042045-45,0.9950,0.01,no
2026-10-05T00:41:48.031115Z,KXBTC15M-26OCT042045-45,0.9960,0.01,yes
2026-10-05T00:41:48.031115Z,KXBTC15M-26OCT042045-45,0.9960,15.00,yes
2026-10-05T00:41:48.031115Z,KXBTC15M-26OCT042045-45,0.9960,41.08,yes
2026-10-05T00:41:48.120894Z,KXBTC15M-26OCT042045-45,0.9950,651.09,no
2026-10-05T00:41:48.120894Z,KXBTC15M-26OCT042045-45,0.9950,3.31,no
2026-10-05T00:41:48.120894Z,KXBTC15M-26OCT042045-45,0.9950,15.00,no
2026-10-05T00:41:48.120894Z,KXBTC15M-26OCT042045-45,0.9950,0.01,no
2026-10-05T00:41:48.120894Z,KXBTC15M-26OCT042045-45,0.9950,0.01,no
2026-10-05T00:41:48.126129Z,KXBTC15M-26OCT042045-45,0.9960,2.89,yes
2026-10-05T00:41:48.297014Z,KXBTC15M-26OCT042045-45,0.9960,70.47,yes
2026-10-05T00:41:48.482769Z,KXBTC15M-26OCT042045-45,0.9950,156.82,no
2026-10-05T00:41:48.482769Z,KXBTC15M-26OCT042045-45,0.9950,1.00,no
2026-10-05T00:41:48.507169Z,KXBTC15M-26OCT042045-45,0.9950,15.00,no
2026-10-05T00:41:48.507169Z,KXBTC15M-26OCT042045-45,0.9950,0.01,no
2026-10-05T00:41:48.507169Z,KXBTC15M-26OCT042045-45,0.9950,0.01,no
2026-10-05T00:41:48.507169Z,KXBTC15M-26OCT042045-45,0.9950,43.18,no
2026-10-05T00:41:48.507169Z,KXBTC15M-26OCT042045-45,0.9950,128.77,no
2026-10-05T00:41:48.806622Z,KXBTC15M-26OCT042045-45,0.9950,11.35,no
2026-10-05T00:41:48.836978Z,KXBTC15M-26OCT042045-45,0.9950,186.97,no
2026-10-05T00:41:48.976253Z,KXBTC15M-26OCT042045-45,0.9950,287.00,no
2026-10-05T00:41:48.986528Z,KXBTC15M-26OCT042045-45,0.9950,115.72,no
2026-10-05T00:41:49.026394Z,KXBTC15M-26OCT042045-45,0.9960,5.41,yes
2026-10-05T00:41:49.026394Z,KXBTC15M-26OCT042045-45,0.9960,0.01,yes
2026-10-05T00:41:49.026394Z,KXBTC15M-26OCT042045-45,0.9960,0.01,yes
2026-10-05T00:41:49.026394Z,KXBTC15M-26OCT042045-45,0.9960,15.00,yes
2026-10-05T00:41:49.026394Z,KXBTC15M-26OCT042045-45,0.9960,10.00,yes
2026-10-05T00:41:49.129204Z,KXBTC15M-26OCT042045-45,0.9950,97.28,no
2026-10-05T00:41:49.129204Z,KXBTC15M-26OCT042045-45,0.9950,89.69,no
2026-10-05T00:41:49.146091Z,KXBTC15M-26OCT042045-45,0.9950,186.97,no
2026-10-05T00:41:49.152192Z,KXBTC15M-26OCT042045-45,0.9950,186.97,no
2026-10-05T00:41:49.212315Z,KXBTC15M-26OCT042045-45,0.9950,7.60,no
2026-10-05T00:41:49.322134Z,KXBTC15M-26OCT042045-45,0.9930,120.70,no
2026-10-05T00:41:49.322134Z,KXBTC15M-26OCT042045-45,0.9950,200.00,no
2026-10-05T00:41:49.322134Z,KXBTC15M-26OCT042045-45,0.9950,500.00,no
2026-10-05T00:41:49.322134Z,KXBTC15M-26OCT042045-45,0.9950,817.04,no
2026-10-05T00:41:49.322134Z,KXBTC15M-26OCT042045-45,0.9950,0.01,no
2026-10-05T00:41:49.322134Z,KXBTC15M-26OCT042045-45,0.9950,0.01,no
2026-10-05T00:41:49.322134Z,KXBTC15M-26OCT042045-45,0.9930,2658.00,no
2026-10-05T00:41:49.322134Z,KXBTC15M-26OCT042045-45,0.9940,1000.00,no
2026-10-05T00:41:49.322134Z,KXBTC15M-26OCT042045-45,0.9930,1.00,no
2026-10-05T00:41:49.322134Z,KXBTC15M-26OCT042045-45,0.9940,1.00,no
2026-10-05T00:41:49.322134Z,KXBTC15M-26OCT042045-45,0.9940,200.00,no
2026-10-05T00:41:49.322134Z,KXBTC15M-26OCT042045-45,0.9950,15.00,no
2026-10-05T00:41:49.322134Z,KXBTC15M-26OCT042045-45,0.9950,120.00,no
2026-10-05T00:41:49.322134Z,KXBTC15M-26OCT042045-45,0.9950,1.00,no
2026-10-05T00:41:49.322134Z,KXBTC15M-26OCT042045-45,0.9940,10.00,no
2026-10-05T00:41:49.322134Z,KXBTC15M-26OCT042045-45,0.9950,10.00,no
2026-10-05T00:41:49.322134Z,KXBTC15M-26OCT042045-45,0.9950,113.15,no
2026-10-05T00:41:49.322134Z,KXBTC15M-26OCT042045-45,0.9930,15.00,no
2026-10-05T00:41:49.322134Z,KXBTC15M-26OCT042045-45,0.9940,558.13,no
2026-10-05T00:41:49.322134Z,KXBTC15M-26OCT042045-45,0.9940,8.00,no
2026-10-05T00:41:49.322134Z,KXBTC15M-26OCT042045-45,0.9940,56.66,no
2026-10-05T00:41:49.322134Z,KXBTC15M-26OCT042045-45,0.9930,15.00,no
2026-10-05T00:41:49.322134Z,KXBTC15M-26OCT042045-45,0.9930,108.00,no
2026-10-05T00:41:49.322134Z,KXBTC15M-26OCT042045-45,0.9950,28.77,no
2026-10-05T00:41:49.429615Z,KXBTC15M-26OCT042045-45,0.9930,587.00,yes
2026-10-05T00:41:49.46271Z,KXBTC15M-26OCT042045-45,0.9930,4.02,yes
2026-10-05T00:41:49.635549Z,KXBTC15M-26OCT042045-45,0.9920,0.62,no
2026-10-05T00:41:49.743764Z,KXBTC15M-26OCT042045-45,0.9920,329.26,no
2026-10-05T00:41:49.743764Z,KXBTC15M-26OCT042045-45,0.9920,14.38,no
2026-10-05T00:41:49.870104Z,KXBTC15M-26OCT042045-45,0.9930,50.32,yes
2026-10-05T00:41:49.958738Z,KXBTC15M-26OCT042045-45,0.9920,467.53,no
2026-10-05T00:41:50.023898Z,KXBTC15M-26OCT042045-45,0.9920,5.13,no
2026-10-05T00:41:50.050766Z,KXBTC15M-26OCT042045-45,0.9920,0.01,no
2026-10-05T00:41:50.050766Z,KXBTC15M-26OCT042045-45,0.9920,12.00,no
2026-10-05T00:41:50.050766Z,KXBTC15M-26OCT042045-45,0.9920,65.10,no
2026-10-05T00:41:50.050766Z,KXBTC15M-26OCT042045-45,0.9920,100.00,no
2026-10-05T00:41:50.050766Z,KXBTC15M-26OCT042045-45,0.9920,1.00,no
2026-10-05T00:41:50.050766Z,KXBTC15M-26OCT042045-45,0.9920,704.39,no
2026-10-05T00:41:50.050766Z,KXBTC15M-26OCT042045-45,0.9920,10.00,no
2026-10-05T00:41:50.073124Z,KXBTC15M-26OCT042045-45,0.9920,22.91,no
2026-10-05T00:41:50.114458Z,KXBTC15M-26OCT042045-45,0.9930,301.96,yes
2026-10-05T00:41:50.165095Z,KXBTC15M-26OCT042045-45,0.9930,20.00,yes
2026-10-05T00:41:50.196419Z,KXBTC15M-26OCT042045-45,0.9930,10.00,yes
2026-10-05T00:41:50.39828Z,KXBTC15M-26OCT042045-45,0.9930,14.35,yes
2026-10-05T00:41:50.420788Z,KXBTC15M-26OCT042045-45,0.9920,11.45,no
2026-10-05T00:41:50.48291Z,KXBTC15M-26OCT042045-45,0.9920,15.00,no
2026-10-05T00:41:50.48291Z,KXBTC15M-26OCT042045-45,0.9920,300.54,no
2026-10-05T00:41:50.48291Z,KXBTC15M-26OCT042045-45,0.9920,0.01,no
2026-10-05T00:41:50.48291Z,KXBTC15M-26OCT042045-45,0.9920,257.18,no
2026-10-05T00:41:50.495531Z,KXBTC15M-26OCT042045-45,0.9930,760.09,yes
2026-10-05T00:41:50.538981Z,KXBTC15M-26OCT042045-45,0.9930,15.00,yes
2026-10-05T00:41:50.538981Z,KXBTC15M-26OCT042045-45,0.9930,1.00,yes
2026-10-05T00:41:50.538981Z,KXBTC15M-26OCT042045-45,0.9930,0.01,yes
2026-10-05T00:41:50.538981Z,KXBTC15M-26OCT042045-45,0.9930,289.44,yes
2026-10-05T00:41:50.538981Z,KXBTC15M-26OCT042045-45,0.9930,200.00,yes
2026-10-05T00:41:50.538981Z,KXBTC15M-26OCT042045-45,0.9940,480.95,yes
2026-10-05T00:41:50.538981Z,KXBTC15M-26OCT042045-45,0.9930,0.01,yes
2026-10-05T00:41:50.562952Z,KXBTC15M-26OCT042045-45,0.9930,0.01,no
2026-10-05T00:41:50.562952Z,KXBTC15M-26OCT042045-45,0.9930,0.01,no
2026-10-05T00:41:50.562952Z,KXBTC15M-26OCT042045-45,0.9930,10.00,no
2026-10-05T00:41:50.562952Z,KXBTC15M-26OCT042045-45,0.9930,10.00,no
2026-10-05T00:41:50.562952Z,KXBTC15M-26OCT042045-45,0.9930,0.10,no
2026-10-05T00:41:50.562952Z,KXBTC15M-26OCT042045-45,0.9920,73.76,no
2026-10-05T00:41:50.562952Z,KXBTC15M-26OCT042045-45,0.9930,23.00,no
2026-10-05T00:41:50.690765Z,KXBTC15M-26OCT042045-45,0.9920,1.04,no
2026-10-05T00:41:50.694674Z,KXBTC15M-26OCT042045-45,0.9920,0.01,no
2026-10-05T00:41:50.694674Z,KXBTC15M-26OCT042045-45,0.9920,88.83,no
2026-10-05T00:41:50.694674Z,KXBTC15M-26OCT042045-45,0.9920,12.00,no
2026-10-05T00:41:50.694674Z,KXBTC15M-26OCT042045-45,0.9920,0.02,no
2026-10-05T00:41:50.694674Z,KXBTC15M-26OCT042045-45,0.9920,16.02,no
2026-10-05T00:41:50.77887Z,KXBTC15M-26OCT042045-45,0.9920,116.88,no
2026-10-05T00:41:50.784879Z,KXBTC15M-26OCT042045-45,0.9930,1.00,yes
2026-10-05T00:41:50.784879Z,KXBTC15M-26OCT042045-45,0.9940,26.25,yes
2026-10-05T00:41:50.784879Z,KXBTC15M-26OCT042045-45,0.9930,0.01,yes
2026-10-05T00:41:50.784879Z,KXBTC15M-26OCT042045-45,0.9930,0.01,yes
2026-10-05T00:41:50.784879Z,KXBTC15M-26OCT042045-45,0.9940,260.00,yes
2026-10-05T00:41:50.784879Z,KXBTC15M-26OCT042045-45,0.9940,15.00,yes
2026-10-05T00:41:50.796249Z,KXBTC15M-26OCT042045-45,0.9930,8.57,no
2026-10-05T00:41:50.972411Z,KXBTC15M-26OCT042045-45,0.9930,0.57,no
2026-10-05T00:41:50.972411Z,KXBTC15M-26OCT042045-45,0.9930,1.43,no
2026-10-05T00:41:50.981459Z,KXBTC15M-26OCT042045-45,0.9930,0.10,no
2026-10-05T00:41:50.981459Z,KXBTC15M-26OCT042045-45,0.9930,15.00,no
2026-10-05T00:41:50.981459Z,KXBTC15M-26OCT042045-45,0.9930,0.01,no
2026-10-05T00:41:50.981459Z,KXBTC15M-26OCT042045-45,0.9930,15.00,no
2026-10-05T00:41:50.981459Z,KXBTC15M-26OCT042045-45,0.9930,17.43,no
2026-10-05T00:41:50.981459Z,KXBTC15M-26OCT042045-45,0.9930,0.01,no
2026-10-05T00:41:50.981459Z,KXBTC15M-26OCT042045-45,0.9920,536.87,no
2026-10-05T00:41:51.027986Z,KXBTC15M-26OCT042045-45,0.9920,25.20,no
2026-10-05T00:41:51.029511Z,KXBTC15M-26OCT042045-45,0.9930,0.01,yes
2026-10-05T00:41:51.029511Z,KXBTC15M-26OCT042045-45,0.9940,97.00,yes
2026-10-05T00:41:51.029511Z,KXBTC15M-26OCT042045-45,0.9930,0.01,yes
2026-10-05T00:41:51.029511Z,KXBTC15M-26OCT042045-45,0.9930,1.00,yes
2026-10-05T00:41:51.029511Z,KXBTC15M-26OCT042045-45,0.9940,0.01,yes
2026-10-05T00:41:51.029511Z,KXBTC15M-26OCT042045-45,0.9940,15.00,yes
2026-10-05T00:41:51.029511Z,KXBTC15M-26OCT042045-45,0.9940,0.01,yes
2026-10-05T00:41:51.029511Z,KXBTC15M-26OCT042045-45,0.9940,1.00,yes
2026-10-05T00:41:51.029511Z,KXBTC15M-26OCT042045-45,0.9950,1.00,yes
2026-10-05T00:41:51.029511Z,KXBTC15M-26OCT042045-45,0.9950,15.00,yes
2026-10-05T00:41:51.029511Z,KXBTC15M-26OCT042045-45,0.9960,2.92,yes
2026-10-05T00:41:51.029511Z,KXBTC15M-26OCT042045-45,0.9960,15.00,yes
2026-10-05T00:41:51.04477Z,KXBTC15M-26OCT042045-45,0.9920,116.88,no
2026-10-05T00:41:51.06686Z,KXBTC15M-26OCT042045-45,0.9940,81.00,yes
2026-10-05T00:41:51.06686Z,KXBTC15M-26OCT042045-45,0.9930,1.00,yes
2026-10-05T00:41:51.06686Z,KXBTC15M-26OCT042045-45,0.9930,0.01,yes
2026-10-05T00:41:51.06686Z,KXBTC15M-26OCT042045-45,0.9930,0.01,yes
2026-10-05T00:41:51.06686Z,KXBTC15M-26OCT042045-45,0.9960,80.90,yes
2026-10-05T00:41:51.06686Z,KXBTC15M-26OCT042045-45,0.9960,15.00,yes
2026-10-05T00:41:51.06686Z,KXBTC15M-26OCT042045-45,0.9960,10.00,yes
2026-10-05T00:41:51.06686Z,KXBTC15M-26OCT042045-45,0.9960,12.08,yes
2026-10-05T00:41:51.069703Z,KXBTC15M-26OCT042045-45,0.9920,22.91,no
2026-10-05T00:41:51.08201Z,KXBTC15M-26OCT042045-45,0.9940,41.00,yes
2026-10-05T00:41:51.08201Z,KXBTC15M-26OCT042045-45,0.9930,0.01,yes
2026-10-05T00:41:51.08201Z,KXBTC15M-26OCT042045-45,0.9960,158.99,yes
2026-10-05T00:41:51.095396Z,KXBTC15M-26OCT042045-45,0.9930,0.01,yes
2026-10-05T00:41:51.095396Z,KXBTC15M-26OCT042045-45,0.9940,20.00,yes
2026-10-05T00:41:51.095396Z,KXBTC15M-26OCT042045-45,0.9960,179.99,yes
2026-10-05T00:41:51.294447Z,KXBTC15M-26OCT042045-45,0.9920,153.38,no
2026-10-05T00:41:51.381979Z,KXBTC15M-26OCT042045-45,0.9920,1.31,no
2026-10-05T00:41:51.398319Z,KXBTC15M-26OCT042045-45,0.9920,29.22,no
2026-10-05T00:41:51.430767Z,KXBTC15M-26OCT042045-45,0.9920,71.09,no
2026-10-05T00:41:51.430767Z,KXBTC15M-26OCT042045-45,0.9920,57.48,no
2026-10-05T00:41:51.479176Z,KXBTC15M-26OCT042045-45,0.9920,12.00,no
2026-10-05T00:41:51.479176Z,KXBTC15M-26OCT042045-45,0.9920,15.00,no
2026-10-05T00:41:51.479176Z,KXBTC15M-26OCT042045-45,0.9920,133.55,no
2026-10-05T00:41:51.479176Z,KXBTC15M-26OCT042045-45,0.9920,10.00,no
2026-10-05T00:41:51.479176Z,KXBTC15M-26OCT042045-45,0.9920,24.00,no
2026-10-05T00:41:51.479176Z,KXBTC15M-26OCT042045-45,0.9920,34.52,no
2026-10-05T00:41:51.479176Z,KXBTC15M-26OCT042045-45,0.9920,0.01,no
2026-10-05T00:41:51.479176Z,KXBTC15M-26OCT042045-45,0.9920,0.01,no
2026-10-05T00:41:51.530882Z,KXBTC15M-26OCT042045-45,0.9920,35.73,no
2026-10-05T00:41:51.530882Z,KXBTC15M-26OCT042045-45,0.9920,16.96,no
2026-10-05T00:41:51.695191Z,KXBTC15M-26OCT042045-45,0.9920,17.53,no
2026-10-05T00:41:51.762948Z,KXBTC15M-26OCT042045-45,0.9920,29.22,no
2026-10-05T00:41:51.806336Z,KXBTC15M-26OCT042045-45,0.9930,0.01,yes
2026-10-05T00:41:51.806336Z,KXBTC15M-26OCT042045-45,0.9930,0.01,yes
2026-10-05T00:41:51.806336Z,KXBTC15M-26OCT042045-45,0.9930,0.98,yes
2026-10-05T00:41:51.812347Z,KXBTC15M-26OCT042045-45,0.9920,116.88,no
2026-10-05T00:41:51.911562Z,KXBTC15M-26OCT042045-45,0.9930,0.01,yes
2026-10-05T00:41:51.911562Z,KXBTC15M-26OCT042045-45,0.9930,14.02,yes
2026-10-05T00:41:51.911562Z,KXBTC15M-26OCT042045-45,0.9930,0.01,yes
2026-10-05T00:41:51.962982Z,KXBTC15M-26OCT042045-45,0.9930,116.88,no
2026-10-05T00:41:51.982253Z,KXBTC15M-26OCT042045-45,0.9940,0.01,yes
2026-10-05T00:41:51.982253Z,KXBTC15M-26OCT042045-45,0.9940,0.01,yes
2026-10-05T00:41:51.982253Z,KXBTC15M-26OCT042045-45,0.9950,8.00,yes
2026-10-05T00:41:51.982253Z,KXBTC15M-26OCT042045-45,0.9940,0.06,yes
2026-10-05T00:41:51.982253Z,KXBTC15M-26OCT042045-45,0.9940,15.00,yes
2026-10-05T00:41:51.982253Z,KXBTC15M-26OCT042045-45,0.9960,12.11,yes
2026-10-05T00:41:51.982253Z,KXBTC15M-26OCT042045-45,0.9960,15.00,yes
2026-10-05T00:41:51.990641Z,KXBTC15M-26OCT042045-45,0.9930,5.84,no
2026-10-05T00:41:51.999407Z,KXBTC15M-26OCT042045-45,0.9940,0.01,yes
2026-10-05T00:41:51.999407Z,KXBTC15M-26OCT042045-45,0.9940,0.01,yes
2026-10-05T00:41:51.999407Z,KXBTC15M-26OCT042045-45,0.9950,183.98,yes
2026-10-05T00:41:51.999407Z,KXBTC15M-26OCT042045-45,0.9940,16.00,yes
2026-10-05T00:41:52.022068Z,KXBTC15M-26OCT042045-45,0.9950,193.98,yes
2026-10-05T00:41:52.022068Z,KXBTC15M-26OCT042045-45,0.9940,0.01,yes
2026-10-05T00:41:52.022068Z,KXBTC15M-26OCT042045-45,0.9940,0.01,yes
2026-10-05T00:41:52.022068Z,KXBTC15M-26OCT042045-45,0.9950,6.00,yes
2026-10-05T00:41:52.036064Z,KXBTC15M-26OCT042045-45,0.9940,0.01,yes
2026-10-05T00:41:52.036064Z,KXBTC15M-26OCT042045-45,0.9940,0.01,yes
2026-10-05T00:41:52.036064Z,KXBTC15M-26OCT042045-45,0.9950,147.98,yes
2026-10-05T00:41:52.036064Z,KXBTC15M-26OCT042045-45,0.9940,3.00,yes
2026-10-05T00:41:52.087832Z,KXBTC15M-26OCT042045-45,0.9950,1.00,yes
2026-10-05T00:41:52.458383Z,KXBTC15M-26OCT042045-45,0.9950,0.01,yes
2026-10-05T00:41:52.458383Z,KXBTC15M-26OCT042045-45,0.9950,24.15,yes
2026-10-05T00:41:52.458383Z,KXBTC15M-26OCT042045-45,0.9950,13.00,yes
2026-10-05T00:41:52.478409Z,KXBTC15M-26OCT042045-45,0.9940,0.01,no
2026-10-05T00:41:52.478409Z,KXBTC15M-26OCT042045-45,0.9940,0.01,no
2026-10-05T00:41:52.478409Z,KXBTC15M-26OCT042045-45,0.9940,15.00,no
2026-10-05T00:41:52.478409Z,KXBTC15M-26OCT042045-45,0.9940,15.00,no
2026-10-05T00:41:52.478409Z,KXBTC15M-26OCT042045-45,0.9940,237.13,no
2026-10-05T00:41:52.610178Z,KXBTC15M-26OCT042045-45,0.9940,42.00,no
2026-10-05T00:41:52.763941Z,KXBTC15M-26OCT042045-45,0.9950,2.91,yes
2026-10-05T00:41:52.80691Z,KXBTC15M-26OCT042045-45,0.9950,49.26,yes
2026-10-05T00:41:52.919749Z,KXBTC15M-26OCT042045-45,0.9940,57.64,no
2026-10-05T00:41:52.919749Z,KXBTC15M-26OCT042045-45,0.9940,32.52,no
2026-10-05T00:41:52.919749Z,KXBTC15M-26OCT042045-45,0.9940,59.43,no
2026-10-05T00:41:53.026438Z,KXBTC15M-26OCT042045-45,0.9940,31.16,no
2026-10-05T00:41:53.074826Z,KXBTC15M-26OCT042045-45,0.9940,77.91,no
2026-10-05T00:41:53.095816Z,KXBTC15M-26OCT042045-45,0.9940,43.30,no
2026-10-05T00:41:53.141254Z,KXBTC15M-26OCT042045-45,0.9940,15.58,no
2026-10-05T00:41:53.173524Z,KXBTC15M-26OCT042045-45,0.9950,15.07,yes
2026-10-05T00:41:53.24996Z,KXBTC15M-26OCT042045-45,0.9940,46.74,no
2026-10-05T00:41:53.407888Z,KXBTC15M-26OCT042045-45,0.9940,1.00,no
2026-10-05T00:41:53.407888Z,KXBTC15M-26OCT042045-45,0.9940,0.01,no
2026-10-05T00:41:53.407888Z,KXBTC15M-26OCT042045-45,0.9930,5.92,no
2026-10-05T00:41:53.407888Z,KXBTC15M-26OCT042045-45,0.9930,15.00,no
2026-10-05T00:41:53.407888Z,KXBTC15M-26OCT042045-45,0.9940,15.00,no
2026-10-05T00:41:53.407888Z,KXBTC15M-26OCT042045-45,0.9940,17.87,no
2026-10-05T00:41:53.407888Z,KXBTC15M-26OCT042045-45,0.9940,0.01,no
2026-10-05T00:41:53.407888Z,KXBTC15M-26OCT042045-45,0.9930,13.00,no
2026-10-05T00:41:53.429878Z,KXBTC15M-26OCT042045-45,0.9940,0.10,yes
2026-10-05T00:41:53.429878Z,KXBTC15M-26OCT042045-45,0.9940,0.01,yes
2026-10-05T00:41:53.429878Z,KXBTC15M-26OCT042045-45,0.9940,0.01,yes
2026-10-05T00:41:53.429878Z,KXBTC15M-26OCT042045-45,0.9950,0.87,yes
2026-10-05T00:41:53.429878Z,KXBTC15M-26OCT042045-45,0.9950,0.01,yes
2026-10-05T00:41:53.435028Z,KXBTC15M-26OCT042045-45,0.9930,20.94,no
2026-10-05T00:41:53.457258Z,KXBTC15M-26OCT042045-45,0.9930,75.70,no
2026-10-05T00:41:53.477269Z,KXBTC15M-26OCT042045-45,0.9940,0.01,yes
2026-10-05T00:41:53.477269Z,KXBTC15M-26OCT042045-45,0.9950,1.00,yes
2026-10-05T00:41:53.477269Z,KXBTC15M-26OCT042045-45,0.9940,0.01,yes
2026-10-05T00:41:53.477269Z,KXBTC15M-26OCT042045-45,0.9950,15.00,yes
2026-10-05T00:41:53.477269Z,KXBTC15M-26OCT042045-45,0.9950,14.00,yes
2026-10-05T00:41:53.477269Z,KXBTC15M-26OCT042045-45,0.9950,14.13,yes
2026-10-05T00:41:53.477269Z,KXBTC15M-26OCT042045-45,0.9950,15.00,yes
2026-10-05T00:41:53.477269Z,KXBTC15M-26OCT042045-45,0.9950,0.01,yes
2026-10-05T00:41:53.477269Z,KXBTC15M-26OCT042045-45,0.9960,116.75,yes
2026-10-05T00:41:53.477269Z,KXBTC15M-26OCT042045-45,0.9960,1.00,yes
2026-10-05T00:41:53.477269Z,KXBTC15M-26OCT042045-45,0.9960,10.00,yes
2026-10-05T00:41:53.477269Z,KXBTC15M-26OCT042045-45,0.9960,10.00,yes
2026-10-05T00:41:53.601305Z,KXBTC15M-26OCT042045-45,0.9950,7.02,yes
2026-10-05T00:41:53.601305Z,KXBTC15M-26OCT042045-45,0.9950,0.01,yes
2026-10-05T00:41:53.611902Z,KXBTC15M-26OCT042045-45,0.9940,0.10,no
2026-10-05T00:41:53.611902Z,KXBTC15M-26OCT042045-45,0.9940,0.01,no
2026-10-05T00:41:53.611902Z,KXBTC15M-26OCT042045-45,0.9940,15.00,no
2026-10-05T00:41:53.611902Z,KXBTC15M-26OCT042045-45,0.9940,95.85,no
2026-10-05T00:41:53.611902Z,KXBTC15M-26OCT042045-45,0.9940,10.00,no
2026-10-05T00:41:53.611902Z,KXBTC15M-26OCT042045-45,0.9940,15.00,no
2026-10-05T00:41:53.611902Z,KXBTC15M-26OCT042045-45,0.9940,0.01,no
2026-10-05T00:41:53.611902Z,KXBTC15M-26OCT042045-45,0.9940,10.00,no
2026-10-05T00:41:53.701532Z,KXBTC15M-26OCT042045-45,0.9940,0.01,no
2026-10-05T00:41:53.701532Z,KXBTC15M-26OCT042045-45,0.9940,15.00,no
2026-10-05T00:41:53.701532Z,KXBTC15M-26OCT042045-45,0.9940,0.01,no
2026-10-05T00:41:53.701532Z,KXBTC15M-26OCT042045-45,0.9940,1.12,no
2026-10-05T00:41:53.701532Z,KXBTC15M-26OCT042045-45,0.9940,1.00,no
2026-10-05T00:41:53.810149Z,KXBTC15M-26OCT042045-45,0.9940,1.03,no
2026-10-05T00:41:53.82451Z,KXBTC15M-26OCT042045-45,0.9940,7.85,no
2026-10-05T00:41:53.82451Z,KXBTC15M-26OCT042045-45,0.9940,7.73,no
2026-10-05T00:41:53.8277Z,KXBTC15M-26OCT042045-45,0.9940,0.01,no
2026-10-05T00:41:53.8277Z,KXBTC15M-26OCT042045-45,0.9940,2.27,no
2026-10-05T00:41:53.8277Z,KXBTC15M-26OCT042045-45,0.9940,1.00,no
2026-10-05T00:41:53.8277Z,KXBTC15M-26OCT042045-45,0.9940,0.01,no
2026-10-05T00:41:53.8277Z,KXBTC15M-26OCT042045-45,0.9940,15.00,no
2026-10-05T00:41:53.881514Z,KXBTC15M-26OCT042045-45,0.9940,0.01,yes
2026-10-05T00:41:53.881514Z,KXBTC15M-26OCT042045-45,0.9950,2.99,yes
2026-10-05T00:41:53.881514Z,KXBTC15M-26OCT042045-45,0.9950,6.98,yes
2026-10-05T00:41:53.881514Z,KXBTC15M-26OCT042045-45,0.9940,0.01,yes
2026-10-05T00:41:53.881514Z,KXBTC15M-26OCT042045-45,0.9950,0.01,yes
2026-10-05T00:41:53.899995Z,KXBTC15M-26OCT042045-45,0.9930,57.00,no
2026-10-05T00:41:53.999856Z,KXBTC15M-26OCT042045-45,0.9950,0.01,yes
2026-10-05T00:41:53.999856Z,KXBTC15M-26OCT042045-45,0.9960,10.00,yes
2026-10-05T00:41:53.999856Z,KXBTC15M-26OCT042045-45,0.9960,10.00,yes
2026-10-05T00:41:53.999856Z,KXBTC15M-26OCT042045-45,0.9950,15.00,yes
2026-10-05T00:41:53.999856Z,KXBTC15M-26OCT042045-45,0.9950,0.01,yes
2026-10-05T00:41:53.999856Z,KXBTC15M-26OCT042045-45,0.9950,15.00,yes
2026-10-05T00:41:53.999856Z,KXBTC15M-26OCT042045-45,0.9950,7.02,yes
2026-10-05T00:41:53.999856Z,KXBTC15M-26OCT042045-45,0.9950,12.01,yes
2026-10-05T00:41:53.999856Z,KXBTC15M-26OCT042045-45,0.9940,0.01,yes
2026-10-05T00:41:53.999856Z,KXBTC15M-26OCT042045-45,0.9950,15.00,yes
2026-10-05T00:41:53.999856Z,KXBTC15M-26OCT042045-45,0.9950,200.00,yes
2026-10-05T00:41:53.999856Z,KXBTC15M-26OCT042045-45,0.9950,1.00,yes
2026-10-05T00:41:53.999856Z,KXBTC15M-26OCT042045-45,0.9940,0.01,yes
2026-10-05T00:41:53.999856Z,KXBTC15M-26OCT042045-45,0.9960,200.00,yes
2026-10-05T00:41:53.999856Z,KXBTC15M-26OCT042045-45,0.9950,6.98,yes
2026-10-05T00:41:53.999856Z,KXBTC15M-26OCT042045-45,0.9960,798.25,yes
2026-10-05T00:41:53.999856Z,KXBTC15M-26OCT042045-45,0.9970,633.98,yes
2026-10-05T00:41:53.999856Z,KXBTC15M-26OCT042045-45,0.9960,34.00,yes
2026-10-05T00:41:53.999856Z,KXBTC15M-26OCT042045-45,0.9970,10.00,yes
2026-10-05T00:41:54.097198Z,KXBTC15M-26OCT042045-45,0.9950,0.01,yes
2026-10-05T00:41:54.097198Z,KXBTC15M-26OCT042045-45,0.9950,0.01,yes
2026-10-05T00:41:54.097198Z,KXBTC15M-26OCT042045-45,0.9950,1.62,yes
2026-10-05T00:41:54.128267Z,KXBTC15M-26OCT042045-45,0.9940,60.90,no
2026-10-05T00:41:54.128267Z,KXBTC15M-26OCT042045-45,0.9940,0.10,no
2026-10-05T00:41:54.223982Z,KXBTC15M-26OCT042045-45,0.9940,133.58,no
2026-10-05T00:41:54.230086Z,KXBTC15M-26OCT042045-45,0.9940,13.00,no
2026-10-05T00:41:54.250123Z,KXBTC15M-26OCT042045-45,0.9940,232.52,no
2026-10-05T00:41:54.250123Z,KXBTC15M-26OCT042045-45,0.9940,0.01,no
2026-10-05T00:41:54.250123Z,KXBTC15M-26OCT042045-45,0.9940,0.01,no
2026-10-05T00:41:54.250123Z,KXBTC15M-26OCT042045-45,0.9940,10.00,no
2026-10-05T00:41:54.250123Z,KXBTC15M-26OCT042045-45,0.9940,10.00,no
2026-10-05T00:41:54.250123Z,KXBTC15M-26OCT042045-45,0.9940,273.05,no
2026-10-05T00:41:54.263529Z,KXBTC15M-26OCT042045-45,0.9940,89.49,no
2026-10-05T00:41:54.44204Z,KXBTC15M-26OCT042045-45,0.9940,15.92,no
2026-10-05T00:41:54.458213Z,KXBTC15M-26OCT042045-45,0.9940,1.97,no
2026-10-05T00:41:54.509399Z,KXBTC15M-26OCT042045-45,0.9940,19.11,no
2026-10-05T00:41:54.509399Z,KXBTC15M-26OCT042045-45,0.9940,119.57,no
2026-10-05T00:41:54.528816Z,KXBTC15M-26OCT042045-45,0.9940,47.00,no
2026-10-05T00:41:54.730512Z,KXBTC15M-26OCT042045-45,0.9950,10.04,yes
2026-10-05T00:41:54.82797Z,KXBTC15M-26OCT042045-45,0.9940,15.58,no
2026-10-05T00:41:54.870497Z,KXBTC15M-26OCT042045-45,0.9940,77.91,no
2026-10-05T00:41:54.929578Z,KXBTC15M-26OCT042045-45,0.9950,0.02,yes
2026-10-05T00:41:54.933954Z,KXBTC15M-26OCT042045-45,0.9950,3.32,yes
2026-10-05T00:41:54.933954Z,KXBTC15M-26OCT042045-45,0.9950,0.01,yes
2026-10-05T00:41:54.933954Z,KXBTC15M-26OCT042045-45,0.9950,0.01,yes
2026-10-05T00:41:54.954582Z,KXBTC15M-26OCT042045-45,0.9950,500.00,no
2026-10-05T00:41:54.954582Z,KXBTC15M-26OCT042045-45,0.9950,96.77,no
2026-10-05T00:41:54.954582Z,KXBTC15M-26OCT042045-45,0.9950,182.36,no
2026-10-05T00:41:55.008412Z,KXBTC15M-26OCT042045-45,0.9950,0.01,no
2026-10-05T00:41:55.008412Z,KXBTC15M-26OCT042045-45,0.9950,103.23,no
2026-10-05T00:41:55.008412Z,KXBTC15M-26OCT042045-45,0.9950,0.01,no
2026-10-05T00:41:55.008412Z,KXBTC15M-26OCT042045-45,0.9950,12.06,no
2026-10-05T00:41:55.038368Z,KXBTC15M-26OCT042045-45,0.9950,40.69,no
2026-10-05T00:41:55.038368Z,KXBTC15M-26OCT042045-45,0.9950,2.94,no
2026-10-05T00:41:55.10581Z,KXBTC15M-26OCT042045-45,0.9960,3.95,yes
2026-10-05T00:41:55.1198Z,KXBTC15M-26OCT042045-45,0.9950,467.48,no
2026-10-05T00:41:55.128647Z,KXBTC15M-26OCT042045-45,0.9960,15.00,yes
2026-10-05T00:41:55.128647Z,KXBTC15M-26OCT042045-45,0.9960,3.95,yes
2026-10-05T00:41:55.128647Z,KXBTC15M-26OCT042045-45,0.9960,10.00,yes
2026-10-05T00:41:55.128647Z,KXBTC15M-26OCT042045-45,0.9970,10.00,yes
2026-10-05T00:41:55.128647Z,KXBTC15M-26OCT042045-45,0.9970,30.54,yes
2026-10-05T00:41:55.128647Z,KXBTC15M-26OCT042045-45,0.9960,11.05,yes
2026-10-05T00:41:55.128647Z,KXBTC15M-26OCT042045-45,0.9960,0.01,yes
2026-10-05T00:41:55.128647Z,KXBTC15M-26OCT042045-45,0.9960,0.01,yes
2026-10-05T00:41:55.128647Z,KXBTC15M-26OCT042045-45,0.9970,116.02,yes
2026-10-05T00:41:55.156959Z,KXBTC15M-26OCT042045-45,0.9960,155.83,no
2026-10-05T00:41:55.218084Z,KXBTC15M-26OCT042045-45,0.9960,15.00,no
2026-10-05T00:41:55.218084Z,KXBTC15M-26OCT042045-45,0.9960,0.01,no
2026-10-05T00:41:55.218084Z,KXBTC15M-26OCT042045-45,0.9950,0.01,no
2026-10-05T00:41:55.218084Z,KXBTC15M-26OCT042045-45,0.9960,15.00,no
2026-10-05T00:41:55.218084Z,KXBTC15M-26OCT042045-45,0.9960,0.01,no
2026-10-05T00:41:55.218084Z,KXBTC15M-26OCT042045-45,0.9950,0.01,no
2026-10-05T00:41:55.218084Z,KXBTC15M-26OCT042045-45,0.9950,133.99,no
2026-10-05T00:41:55.218084Z,KXBTC15M-26OCT042045-45,0.9950,135.97,no
2026-10-05T00:41:55.26084Z,KXBTC15M-26OCT042045-45,0.9970,10.00,yes
2026-10-05T00:41:55.26084Z,KXBTC15M-26OCT042045-45,0.9970,400.00,yes
2026-10-05T00:41:55.26084Z,KXBTC15M-26OCT042045-45,0.9970,10.00,yes
2026-10-05T00:41:55.26084Z,KXBTC15M-26OCT042045-45,0.9970,200.00,yes
2026-10-05T00:41:55.26084Z,KXBTC15M-26OCT042045-45,0.9970,16.00,yes
2026-10-05T00:41:55.26084Z,KXBTC15M-26OCT042045-45,0.9970,15.00,yes
2026-10-05T00:41:55.26084Z,KXBTC15M-26OCT042045-45,0.9970,0.01,yes
2026-10-05T00:41:55.26084Z,KXBTC15M-26OCT042045-45,0.9970,15.00,yes
2026-10-05T00:41:55.26084Z,KXBTC15M-26OCT042045-45,0.9970,0.01,yes
2026-10-05T00:41:55.26084Z,KXBTC15M-26OCT042045-45,0.9970,100.00,yes
2026-10-05T00:41:55.26084Z,KXBTC15M-26OCT042045-45,0.9970,15.00,yes
2026-10-05T00:41:55.26084Z,KXBTC15M-26OCT042045-45,0.9980,3488.05,yes
2026-10-05T00:41:55.274065Z,KXBTC15M-26OCT042045-45,0.9970,16.00,yes
2026-10-05T00:41:55.274065Z,KXBTC15M-26OCT042045-45,0.9970,0.01,yes
2026-10-05T00:41:55.274065Z,KXBTC15M-26OCT042045-45,0.9970,0.01,yes
2026-10-05T00:41:55.274065Z,KXBTC15M-26OCT042045-45,0.9970,400.00,yes
2026-10-05T00:41:55.29163Z,KXBTC15M-26OCT042045-45,0.9970,750.00,no
2026-10-05T00:41:55.330873Z,KXBTC15M-26OCT042045-45,0.9980,2.00,yes
2026-10-05T00:41:55.338243Z,KXBTC15M-26OCT042045-45,0.9980,7.44,yes
2026-10-05T00:41:55.475238Z,KXBTC15M-26OCT042045-45,0.9970,186.97,no
2026-10-05T00:41:55.509363Z,KXBTC15M-26OCT042045-45,0.9970,72.83,no
2026-10-05T00:41:55.573138Z,KXBTC15M-26OCT042045-45,0.9970,159.67,no
2026-10-05T00:41:55.602381Z,KXBTC15M-26OCT042045-45,0.9970,13.44,no
2026-10-05T00:41:55.722509Z,KXBTC15M-26OCT042045-45,0.9970,919.91,no
2026-10-05T00:41:55.737726Z,KXBTC15M-26OCT042045-45,0.9970,43.04,no
2026-10-05T00:41:55.83195Z,KXBTC15M-26OCT042045-45,0.9970,4.61,no
2026-10-05T00:41:55.843124Z,KXBTC15M-26OCT042045-45,0.9970,10.00,no
2026-10-05T00:41:55.95945Z,KXBTC15M-26OCT042045-45,0.9980,1553.35,yes
2026-10-05T00:41:56.008732Z,KXBTC15M-26OCT042045-45,0.9970,25.01,no
2026-10-05T00:41:56.030051Z,KXBTC15M-26OCT042045-45,0.9970,5.01,no
2026-10-05T00:41:56.090033Z,KXBTC15M-26OCT042045-45,0.9970,20.00,no
2026-10-05T00:41:56.095839Z,KXBTC15M-26OCT042045-45,0.9970,10.00,no
2026-10-05T00:41:56.143103Z,KXBTC15M-26OCT042045-45,0.9970,305.35,no
2026-10-05T00:41:56.203078Z,KXBTC15M-26OCT042045-45,0.9980,72.00,yes
2026-10-05T00:41:56.227628Z,KXBTC15M-26OCT042045-45,0.9980,3.00,yes
2026-10-05T00:41:56.246392Z,KXBTC15M-26OCT042045-45,0.9970,3.13,no
2026-10-05T00:41:56.27001Z,KXBTC15M-26OCT042045-45,0.9970,30.53,no
2026-10-05T00:41:56.340841Z,KXBTC15M-26OCT042045-45,0.9970,5.00,no
2026-10-05T00:41:56.432377Z,KXBTC15M-26OCT042045-45,0.9970,154.76,no
2026-10-05T00:41:56.433522Z,KXBTC15M-26OCT042045-45,0.9970,11.60,no
2026-10-05T00:41:56.435155Z,KXBTC15M-26OCT042045-45,0.9970,12.18,no
2026-10-05T00:41:56.446561Z,KXBTC15M-26OCT042045-45,0.9970,305.35,no
2026-10-05T00:41:56.520379Z,KXBTC15M-26OCT042045-45,0.9970,9.00,no
2026-10-05T00:41:56.520379Z,KXBTC15M-26OCT042045-45,0.9970,0.01,no
2026-10-05T00:41:56.520379Z,KXBTC15M-26OCT042045-45,0.9970,13.59,no
2026-10-05T00:41:56.520379Z,KXBTC15M-26OCT042045-45,0.9970,15.00,no
2026-10-05T00:41:56.520379Z,KXBTC15M-26OCT042045-45,0.9970,254.08,no
2026-10-05T00:41:56.520379Z,KXBTC15M-26OCT042045-45,0.9970,200.00,no
2026-10-05T00:41:56.520379Z,KXBTC15M-26OCT042045-45,0.9970,0.01,no
2026-10-05T00:41:56.520379Z,KXBTC15M-26OCT042045-45,0.9970,10.00,no
2026-10-05T00:41:56.529439Z,KXBTC15M-26OCT042045-45,0.9970,1.00,no
2026-10-05T00:41:56.529439Z,KXBTC15M-26OCT042045-45,0.9970,203.08,no
2026-10-05T00:41:56.529439Z,KXBTC15M-26OCT042045-45,0.9970,495.92,no
2026-10-05T00:41:56.559856Z,KXBTC15M-26OCT042045-45,0.9970,69.24,no
2026-10-05T00:41:56.559856Z,KXBTC15M-26OCT042045-45,0.9970,76.64,no
2026-10-05T00:41:56.586932Z,KXBTC15M-26OCT042045-45,0.9970,191.35,no
2026-10-05T00:41:56.620862Z,KXBTC15M-26OCT042045-45,0.9970,305.35,no
2026-10-05T00:41:56.622306Z,KXBTC15M-26OCT042045-45,0.9970,3.00,no
2026-10-05T00:41:56.622306Z,KXBTC15M-26OCT042045-45,0.9970,200.00,no
2026-10-05T00:41:56.622306Z,KXBTC15M-26OCT042045-45,0.9970,72.00,no
2026-10-05T00:41:56.622306Z,KXBTC15M-26OCT042045-45,0.9970,15.00,no
2026-10-05T00:41:56.622306Z,KXBTC15M-26OCT042045-45,0.9970,1695.77,no
2026-10-05T00:41:56.622306Z,KXBTC15M-26OCT042045-45,0.9970,0.01,no
2026-10-05T00:41:56.622306Z,KXBTC15M-26OCT042045-45,0.9970,25.80,no
2026-10-05T00:41:56.622306Z,KXBTC15M-26OCT042045-45,0.9970,0.01,no
2026-10-05T00:41:56.622306Z,KXBTC15M-26OCT042045-45,0.9970,979.66,no
2026-10-05T00:41:56.775227Z,KXBTC15M-26OCT042045-45,0.9970,5.02,no
2026-10-05T00:41:56.775858Z,KXBTC15M-26OCT042045-45,0.9980,56.76,yes
2026-10-05T00:41:56.79584Z,KXBTC15M-26OCT042045-45,0.9970,305.35,no
2026-10-05T00:41:56.879892Z,KXBTC15M-26OCT042045-45,0.9970,104.32,no
2026-10-05T00:41:56.879892Z,KXBTC15M-26OCT042045-45,0.9970,45.66,no
2026-10-05T00:41:56.879892Z,KXBTC15M-26OCT042045-45,0.9970,0.01,no
2026-10-05T00:41:56.879892Z,KXBTC15M-26OCT042045-45,0.9970,0.01,no
2026-10-05T00:41:56.889059Z,KXBTC15M-26OCT042045-45,0.9980,113.21,yes
2026-10-05T00:41:56.919427Z,KXBTC15M-26OCT042045-45,0.9970,13.10,no
2026-10-05T00:41:56.953712Z,KXBTC15M-26OCT042045-45,0.9970,10.00,no
2026-10-05T00:41:56.953712Z,KXBTC15M-26OCT042045-45,0.9970,1.00,no
2026-10-05T00:41:56.953712Z,KXBTC15M-26OCT042045-45,0.9970,1.90,no
2026-10-05T00:41:56.953712Z,KXBTC15M-26OCT042045-45,0.9970,8.05,no
2026-10-05T00:41:56.960124Z,KXBTC15M-26OCT042045-45,0.9980,0.10,yes
2026-10-05T00:41:57.00056Z,KXBTC15M-26OCT042045-45,0.9970,30.00,no
2026-10-05T00:41:57.18777Z,KXBTC15M-26OCT042045-45,0.9980,5.00,yes
2026-10-05T00:41:57.192574Z,KXBTC15M-26OCT042045-45,0.9970,3.00,no
2026-10-05T00:41:57.202003Z,KXBTC15M-26OCT042045-45,0.9970,2.00,no
2026-10-05T00:41:57.204726Z,KXBTC15M-26OCT042045-45,0.9970,2.00,no
2026-10-05T00:41:57.217442Z,KXBTC15M-26OCT042045-45,0.9970,0.01,no
2026-10-05T00:41:57.217442Z,KXBTC15M-26OCT042045-45,0.9970,0.01,no
2026-10-05T00:41:57.217442Z,KXBTC15M-26OCT042045-45,0.9970,11.95,no
2026-10-05T00:41:57.217442Z,KXBTC15M-26OCT042045-45,0.9970,70.41,no
2026-10-05T00:41:57.231714Z,KXBTC15M-26OCT042045-45,0.9970,30.53,no
2026-10-05T00:41:57.244776Z,KXBTC15M-26OCT042045-45,0.9970,1.92,no
2026-10-05T00:41:57.265201Z,KXBTC15M-26OCT042045-45,0.9970,10.30,no
2026-10-05T00:41:57.265201Z,KXBTC15M-26OCT042045-45,0.9970,0.86,no
2026-10-05T00:41:57.265201Z,KXBTC15M-26OCT042045-45,0.9970,10.14,no
2026-10-05T00:41:57.427805Z,KXBTC15M-26OCT042045-45,0.9980,2.00,yes
2026-10-05T00:41:57.55005Z,KXBTC15M-26OCT042045-45,0.9970,1.00,no
2026-10-05T00:41:57.55005Z,KXBTC15M-26OCT042045-45,0.9970,1.54,no
2026-10-05T00:41:57.55005Z,KXBTC15M-26OCT042045-45,0.9970,14.14,no
2026-10-05T00:41:57.622261Z,KXBTC15M-26OCT042045-45,0.9970,0.01,no
2026-10-05T00:41:57.622261Z,KXBTC15M-26OCT042045-45,0.9970,8.46,no
2026-10-05T00:41:57.622261Z,KXBTC15M-26OCT042045-45,0.9970,15.00,no
2026-10-05T00:41:57.622261Z,KXBTC15M-26OCT042045-45,0.9970,5.00,no
2026-10-05T00:41:57.622261Z,KXBTC15M-26OCT042045-45,0.9970,0.01,no
2026-10-05T00:41:57.622261Z,KXBTC15M-26OCT042045-45,0.9970,1.00,no
2026-10-05T00:41:57.622261Z,KXBTC15M-26OCT042045-45,0.9960,15.00,no
2026-10-05T00:41:57.622261Z,KXBTC15M-26OCT042045-45,0.9960,39.85,no
2026-10-05T00:41:57.68036Z,KXBTC15M-26OCT042045-45,0.9980,14.16,yes
2026-10-05T00:41:57.775506Z,KXBTC15M-26OCT042045-45,0.9970,15.00,no
2026-10-05T00:41:57.775506Z,KXBTC15M-26OCT042045-45,0.9970,1.00,no
2026-10-05T00:41:57.775506Z,KXBTC15M-26OCT042045-45,0.9970,16.00,no
2026-10-05T00:41:57.775506Z,KXBTC15M-26OCT042045-45,0.9970,0.01,no
2026-10-05T00:41:57.775506Z,KXBTC15M-26OCT042045-45,0.9970,0.01,no
2026-10-05T00:41:57.775506Z,KXBTC15M-26OCT042045-45,0.9970,15.00,no
2026-10-05T00:41:57.867632Z,KXBTC15M-26OCT042045-45,0.9960,10.00,no
2026-10-05T00:41:57.867632Z,KXBTC15M-26OCT042045-45,0.9960,1.00,no
2026-10-05T00:41:57.867632Z,KXBTC15M-26OCT042045-45,0.9960,148.52,no
2026-10-05T00:41:57.867632Z,KXBTC15M-26OCT042045-45,0.9960,76.17,no
2026-10-05T00:41:57.878403Z,KXBTC15M-26OCT042045-45,0.9960,0.01,no
2026-10-05T00:41:57.878403Z,KXBTC15M-26OCT042045-45,0.9960,51.48,no
2026-10-05T00:41:57.878403Z,KXBTC15M-26OCT042045-45,0.9960,71.04,no
2026-10-05T00:41:57.906603Z,KXBTC15M-26OCT042045-45,0.9960,0.01,no
2026-10-05T00:41:57.906603Z,KXBTC15M-26OCT042045-45,0.9960,1.00,no
2026-10-05T00:41:57.906603Z,KXBTC15M-26OCT042045-45,0.9960,0.01,no
2026-10-05T00:41:57.906603Z,KXBTC15M-26OCT042045-45,0.9950,8.19,no
2026-10-05T00:41:57.926876Z,KXBTC15M-26OCT042045-45,0.9950,11.00,no
2026-10-05T00:41:57.926876Z,KXBTC15M-26OCT042045-45,0.9950,882.39,no
2026-10-05T00:41:57.926876Z,KXBTC15M-26OCT042045-45,0.9950,1.00,no
2026-10-05T00:41:57.926876Z,KXBTC15M-26OCT042045-45,0.9950,15.00,no
2026-10-05T00:41:57.926876Z,KXBTC15M-26OCT042045-45,0.9950,1.81,no
2026-10-05T00:41:57.964902Z,KXBTC15M-26OCT042045-45,0.9950,2.91,no
2026-10-05T00:41:58.066978Z,KXBTC15M-26OCT042045-45,0.9950,25.12,no
2026-10-05T00:41:58.471404Z,KXBTC15M-26OCT042045-45,0.9950,22.78,no
2026-10-05T00:41:58.552969Z,KXBTC15M-26OCT042045-45,0.9950,66.80,no
2026-10-05T00:41:58.552969Z,KXBTC15M-26OCT042045-45,0.9950,0.01,no
2026-10-05T00:41:58.552969Z,KXBTC15M-26OCT042045-45,0.9950,0.01,no
2026-10-05T00:41:58.552969Z,KXBTC15M-26OCT042045-45,0.9950,200.00,no
2026-10-05T00:41:58.552969Z,KXBTC15M-26OCT042045-45,0.9950,10.00,no
2026-10-05T00:41:58.552969Z,KXBTC15M-26OCT042045-45,0.9950,1058.90,no
2026-10-05T00:41:58.601758Z,KXBTC15M-26OCT042045-45,0.9940,10000.00,no
2026-10-05T00:41:58.601758Z,KXBTC15M-26OCT042045-45,0.9940,380.00,no
2026-10-05T00:41:58.601758Z,KXBTC15M-26OCT042045-45,0.9940,15.00,no
2026-10-05T00:41:58.601758Z,KXBTC15M-26OCT042045-45,0.9940,59.00,no
2026-10-05T00:41:58.601758Z,KXBTC15M-26OCT042045-45,0.9940,1000.00,no
2026-10-05T00:41:58.601758Z,KXBTC15M-26OCT042045-45,0.9940,200.00,no
2026-10-05T00:41:58.601758Z,KXBTC15M-26OCT042045-45,0.9940,10.00,no
2026-10-05T00:41:58.601758Z,KXBTC15M-26OCT042045-45,0.9950,200.00,no
2026-10-05T00:41:58.601758Z,KXBTC15M-26OCT042045-45,0.9950,0.01,no
2026-10-05T00:41:58.601758Z,KXBTC15M-26OCT042045-45,0.9950,599.09,no
2026-10-05T00:41:58.601758Z,KXBTC15M-26OCT042045-45,0.9950,0.01,no
2026-10-05T00:41:58.601758Z,KXBTC15M-26OCT042045-45,0.9940,21.00,no
2026-10-05T00:41:58.601758Z,KXBTC15M-26OCT042045-45,0.9950,1000.00,no
2026-10-05T00:41:58.601758Z,KXBTC15M-26OCT042045-45,0.9930,1630.20,no
2026-10-05T00:41:58.697564Z,KXBTC15M-26OCT042045-45,0.9970,2.44,yes
2026-10-05T00:41:58.697564Z,KXBTC15M-26OCT042045-45,0.9960,0.01,yes
2026-10-05T00:41:58.697564Z,KXBTC15M-26OCT042045-45,0.9960,0.01,yes
2026-10-05T00:41:58.778819Z,KXBTC15M-26OCT042045-45,0.9950,440.00,no
2026-10-05T00:41:58.778819Z,KXBTC15M-26OCT042045-45,0.9950,0.01,no
2026-10-05T00:41:58.778819Z,KXBTC15M-26OCT042045-45,0.9950,0.01,no
2026-10-05T00:41:58.778819Z,KXBTC15M-26OCT042045-45,0.9950,105.91,no
2026-10-05T00:41:58.778819Z,KXBTC15M-26OCT042045-45,0.9950,15.00,no
2026-10-05T00:41:58.963733Z,KXBTC15M-26OCT042045-45,0.9960,1.00,yes
2026-10-05T00:41:59.11546Z,KXBTC15M-26OCT042045-45,0.9950,0.01,no
2026-10-05T00:41:59.11546Z,KXBTC15M-26OCT042045-45,0.9940,14.05,no
2026-10-05T00:41:59.11546Z,KXBTC15M-26OCT042045-45,0.9950,0.01,no
2026-10-05T00:41:59.203964Z,KXBTC15M-26OCT042045-45,0.9930,1340.34,no
2026-10-05T00:41:59.203964Z,KXBTC15M-26OCT042045-45,0.9940,100.00,no
2026-10-05T00:41:59.203964Z,KXBTC15M-26OCT042045-45,0.9940,400.00,no
2026-10-05T00:41:59.203964Z,KXBTC15M-26OCT042045-45,0.9940,0.01,no
2026-10-05T00:41:59.203964Z,KXBTC15M-26OCT042045-45,0.9940,0.01,no
2026-10-05T00:41:59.203964Z,KXBTC15M-26OCT042045-45,0.9940,500.00,no
2026-10-05T00:41:59.203964Z,KXBTC15M-26OCT042045-45,0.9940,200.00,no
2026-10-05T00:41:59.203964Z,KXBTC15M-26OCT042045-45,0.9940,19.00,no
2026-10-05T00:41:59.203964Z,KXBTC15M-26OCT042045-45,0.9940,10.00,no
2026-10-05T00:41:59.203964Z,KXBTC15M-26OCT042045-45,0.9940,985.95,no
2026-10-05T00:41:59.210131Z,KXBTC15M-26OCT042045-45,0.9950,0.01,yes
2026-10-05T00:41:59.210131Z,KXBTC15M-26OCT042045-45,0.9950,0.01,yes
2026-10-05T00:41:59.210131Z,KXBTC15M-26OCT042045-45,0.9950,14.00,yes
2026-10-05T00:41:59.210131Z,KXBTC15M-26OCT042045-45,0.9960,12.07,yes
2026-10-05T00:41:59.210131Z,KXBTC15M-26OCT042045-45,0.9960,0.01,yes
2026-10-05T00:41:59.210131Z,KXBTC15M-26OCT042045-45,0.9960,14.00,yes
2026-10-05T00:41:59.210131Z,KXBTC15M-26OCT042045-45,0.9960,0.01,yes
2026-10-05T00:41:59.233502Z,KXBTC15M-26OCT042045-45,0.9950,14.00,yes
2026-10-05T00:41:59.233502Z,KXBTC15M-26OCT042045-45,0.9950,0.01,yes
2026-10-05T00:41:59.233502Z,KXBTC15M-26OCT042045-45,0.9950,0.01,yes
2026-10-05T00:41:59.233502Z,KXBTC15M-26OCT042045-45,0.9960,185.98,yes
2026-10-05T00:41:59.23874Z,KXBTC15M-26OCT042045-45,0.9940,0.01,no
2026-10-05T00:41:59.23874Z,KXBTC15M-26OCT042045-45,0.9940,38.26,no
2026-10-05T00:41:59.23874Z,KXBTC15M-26OCT042045-45,0.9940,116.00,no
2026-10-05T00:41:59.23874Z,KXBTC15M-26OCT042045-45,0.9940,0.01,no
2026-10-05T00:41:59.249529Z,KXBTC15M-26OCT042045-45,0.9950,0.01,yes
2026-10-05T00:41:59.249529Z,KXBTC15M-26OCT042045-45,0.9950,14.00,yes
2026-10-05T00:41:59.249529Z,KXBTC15M-26OCT042045-45,0.9960,185.99,yes
2026-10-05T00:41:59.264421Z,KXBTC15M-26OCT042045-45,0.9950,14.00,yes
2026-10-05T00:41:59.264421Z,KXBTC15M-26OCT042045-45,0.9950,0.01,yes
2026-10-05T00:41:59.264421Z,KXBTC15M-26OCT042045-45,0.9950,0.01,yes
2026-10-05T00:41:59.264421Z,KXBTC15M-26OCT042045-45,0.9960,51.98,yes
2026-10-05T00:41:59.352273Z,KXBTC15M-26OCT042045-45,0.9940,131.49,no
2026-10-05T00:41:59.352273Z,KXBTC15M-26OCT042045-45,0.9940,61.74,no
2026-10-05T00:41:59.386884Z,KXBTC15M-26OCT042045-45,0.9940,154.28,no
2026-10-05T00:41:59.477694Z,KXBTC15M-26OCT042045-45,0.9950,0.01,yes
2026-10-05T00:41:59.477694Z,KXBTC15M-26OCT042045-45,0.9950,19.76,yes
2026-10-05T00:41:59.477694Z,KXBTC15M-26OCT042045-45,0.9950,0.01,yes
2026-10-05T00:41:59.481673Z,KXBTC15M-26OCT042045-45,0.9950,25.09,yes
2026-10-05T00:41:59.493733Z,KXBTC15M-26OCT042045-45,0.9960,2.99,yes
2026-10-05T00:41:59.493733Z,KXBTC15M-26OCT042045-45,0.9950,0.01,yes
2026-10-05T00:41:59.493733Z,KXBTC15M-26OCT042045-45,0.9950,0.01,yes
2026-10-05T00:41:59.530245Z,KXBTC15M-26OCT042045-45,0.9940,77.00,no
2026-10-05T00:41:59.552571Z,KXBTC15M-26OCT042045-45,0.9940,15.00,no
2026-10-05T00:41:59.552571Z,KXBTC15M-26OCT042045-45,0.9940,89.68,no
2026-10-05T00:41:59.552571Z,KXBTC15M-26OCT042045-45,0.9940,0.01,no
2026-10-05T00:41:59.552571Z,KXBTC15M-26OCT042045-45,0.9940,37.23,no
2026-10-05T00:41:59.552571Z,KXBTC15M-26OCT042045-45,0.9940,324.00,no
2026-10-05T00:41:59.552571Z,KXBTC15M-26OCT042045-45,0.9940,0.01,no
2026-10-05T00:41:59.558054Z,KXBTC15M-26OCT042045-45,0.9930,1972.46,no
2026-10-05T00:41:59.558054Z,KXBTC15M-26OCT042045-45,0.9940,116.00,no
2026-10-05T00:41:59.558054Z,KXBTC15M-26OCT042045-45,0.9940,110.32,no
2026-10-05T00:41:59.558054Z,KXBTC15M-26OCT042045-45,0.9940,17.00,no
2026-10-05T00:41:59.558054Z,KXBTC15M-26OCT042045-45,0.9940,500.00,no
2026-10-05T00:41:59.558054Z,KXBTC15M-26OCT042045-45,0.9940,541.97,no
2026-10-05T00:41:59.558054Z,KXBTC15M-26OCT042045-45,0.9940,100.00,no
2026-10-05T00:41:59.558054Z,KXBTC15M-26OCT042045-45,0.9930,154.90,no
2026-10-05T00:41:59.822175Z,KXBTC15M-26OCT042045-45,0.9940,152.71,no
2026-10-05T00:42:00.014701Z,KXBTC15M-26OCT042045-45,0.9940,0.01,no
2026-10-05T00:42:00.014701Z,KXBTC15M-26OCT042045-45,0.9940,0.01,no
2026-10-05T00:42:00.014701Z,KXBTC15M-26OCT042045-45,0.9940,23.97,no
2026-10-05T00:42:00.022018Z,KXBTC15M-26OCT042045-45,0.9950,0.01,yes
2026-10-05T00:42:00.022018Z,KXBTC15M-26OCT042045-45,0.9950,0.01,yes
2026-10-05T00:42:00.022018Z,KXBTC15M-26OCT042045-45,0.9950,9.98,yes
2026-10-05T00:42:00.123295Z,KXBTC15M-26OCT042045-45,0.9940,61.08,no
2026-10-05T00:42:00.219481Z,KXBTC15M-26OCT042045-45,0.9950,5.02,yes
2026-10-05T00:42:00.219481Z,KXBTC15M-26OCT042045-45,0.9960,12.01,yes
2026-10-05T00:42:00.219481Z,KXBTC15M-26OCT042045-45,0.9960,2.99,yes
2026-10-05T00:42:00.219481Z,KXBTC15M-26OCT042045-45,0.9960,46.78,yes
2026-10-05T00:42:00.219481Z,KXBTC15M-26OCT042045-45,0.9950,0.01,yes
2026-10-05T00:42:00.219481Z,KXBTC15M-26OCT042045-45,0.9950,0.01,yes
2026-10-05T00:42:00.31421Z,KXBTC15M-26OCT042045-45,0.9960,100.38,yes
2026-10-05T00:42:00.31421Z,KXBTC15M-26OCT042045-45,0.9950,0.01,yes
2026-10-05T00:42:00.31421Z,KXBTC15M-26OCT042045-45,0.9950,0.01,yes
2026-10-05T00:42:00.31421Z,KXBTC15M-26OCT042045-45,0.9950,14.00,yes
2026-10-05T00:42:00.410356Z,KXBTC15M-26OCT042045-45,0.9940,77.91,no
2026-10-05T00:42:00.421073Z,KXBTC15M-26OCT042045-45,0.9940,10.69,no
2026-10-05T00:42:00.487132Z,KXBTC15M-26OCT042045-45,0.9950,0.01,yes
2026-10-05T00:42:00.487132Z,KXBTC15M-26OCT042045-45,0.9950,0.01,yes
2026-10-05T00:42:00.487132Z,KXBTC15M-26OCT042045-45,0.9950,14.00,yes
2026-10-05T00:42:00.515106Z,KXBTC15M-26OCT042045-45,0.9960,200.00,yes
2026-10-05T00:42:00.524033Z,KXBTC15M-26OCT042045-45,0.9950,155.83,no
2026-10-05T00:42:00.532476Z,KXBTC15M-26OCT042045-45,0.9960,165.00,yes
2026-10-05T00:42:00.554194Z,KXBTC15M-26OCT042045-45,0.9960,15.00,yes
2026-10-05T00:42:00.561674Z,KXBTC15M-26OCT042045-45,0.9900,302.11,no
2026-10-05T00:42:00.561674Z,KXBTC15M-26OCT042045-45,0.9900,302.11,no
2026-10-05T00:42:00.561674Z,KXBTC15M-26OCT042045-45,0.9900,3021.67,no
2026-10-05T00:42:00.561674Z,KXBTC15M-26OCT042045-45,0.9910,1000.00,no
2026-10-05T00:42:00.561674Z,KXBTC15M-26OCT042045-45,0.9900,10.32,no
2026-10-05T00:42:00.561674Z,KXBTC15M-26OCT042045-45,0.9900,50.00,no
2026-10-05T00:42:00.561674Z,KXBTC15M-26OCT042045-45,0.9910,2000.00,no
2026-10-05T00:42:00.561674Z,KXBTC15M-26OCT042045-45,0.9930,5.00,no
2026-10-05T00:42:00.561674Z,KXBTC15M-26OCT042045-45,0.9940,929.00,no
2026-10-05T00:42:00.561674Z,KXBTC15M-26OCT042045-45,0.9940,200.00,no
2026-10-05T00:42:00.561674Z,KXBTC15M-26OCT042045-45,0.9940,260.00,no
2026-10-05T00:42:00.561674Z,KXBTC15M-26OCT042045-45,0.9920,12.00,no
2026-10-05T00:42:00.561674Z,KXBTC15M-26OCT042045-45,0.9940,16.00,no
2026-10-05T00:42:00.561674Z,KXBTC15M-26OCT042045-45,0.9910,10.00,no
2026-10-05T00:42:00.561674Z,KXBTC15M-26OCT042045-45,0.9940,16.00,no
2026-10-05T00:42:00.561674Z,KXBTC15M-26OCT042045-45,0.9950,156.00,no
2026-10-05T00:42:00.561674Z,KXBTC15M-26OCT042045-45,0.9950,0.01,no
2026-10-05T00:42:00.561674Z,KXBTC15M-26OCT042045-45,0.9950,0.01,no
2026-10-05T00:42:00.561674Z,KXBTC15M-26OCT042045-45,0.9940,0.01,no
2026-10-05T00:42:00.561674Z,KXBTC15M-26OCT042045-45,0.9910,150.00,no
2026-10-05T00:42:00.561674Z,KXBTC15M-26OCT042045-45,0.9940,642.89,no
2026-10-05T00:42:00.561674Z,KXBTC15M-26OCT042045-45,0.9950,200.00,no
2026-10-05T00:42:00.561674Z,KXBTC15M-26OCT042045-45,0.9950,15.00,no
2026-10-05T00:42:00.561674Z,KXBTC15M-26OCT042045-45,0.9950,30.17,no
2026-10-05T00:42:00.561674Z,KXBTC15M-26OCT042045-45,0.9940,812.00,no
2026-10-05T00:42:00.561674Z,KXBTC15M-26OCT042045-45,0.9940,0.01,no
2026-10-05T00:42:00.561674Z,KXBTC15M-26OCT042045-45,0.9930,261.00,no
2026-10-05T00:42:00.561674Z,KXBTC15M-26OCT042045-45,0.9910,2.00,no
2026-10-05T00:42:00.561674Z,KXBTC15M-26OCT042045-45,0.9920,2.00,no
2026-10-05T00:42:00.561674Z,KXBTC15M-26OCT042045-45,0.9930,479.08,no
2026-10-05T00:42:00.561674Z,KXBTC15M-26OCT042045-45,0.9910,2.00,no
2026-10-05T00:42:00.561674Z,KXBTC15M-26OCT042045-45,0.9930,15.00,no
2026-10-05T00:42:00.561674Z,KXBTC15M-26OCT042045-45,0.9910,15.00,no
2026-10-05T00:42:00.561674Z,KXBTC15M-26OCT042045-45,0.9920,2.00,no
2026-10-05T00:42:00.561674Z,KXBTC15M-26OCT042045-45,0.9930,2.00,no
2026-10-05T00:42:00.561674Z,KXBTC15M-26OCT042045-45,0.9920,10.00,no
2026-10-05T00:42:00.561674Z,KXBTC15M-26OCT042045-45,0.9930,15.00,no
2026-10-05T00:42:00.561674Z,KXBTC15M-26OCT042045-45,0.9930,10.00,no
2026-10-05T00:42:00.581133Z,KXBTC15M-26OCT042045-45,0.9950,76.66,no
2026-10-05T00:42:00.583564Z,KXBTC15M-26OCT042045-45,0.9950,20.00,no
2026-10-05T00:42:00.590277Z,KXBTC15M-26OCT042045-45,0.9950,15.00,no
2026-10-05T00:42:00.604634Z,KXBTC15M-26OCT042045-45,0.9960,15.00,yes
2026-10-05T00:42:00.604634Z,KXBTC15M-26OCT042045-45,0.9960,0.01,yes
2026-10-05T00:42:00.604634Z,KXBTC15M-26OCT042045-45,0.9960,0.01,yes
2026-10-05T00:42:00.604634Z,KXBTC15M-26OCT042045-45,0.9960,149.98,yes
2026-10-05T00:42:00.604634Z,KXBTC15M-26OCT042045-45,0.9960,15.00,yes
2026-10-05T00:42:00.604634Z,KXBTC15M-26OCT042045-45,0.9960,10.00,yes
2026-10-05T00:42:00.604634Z,KXBTC15M-26OCT042045-45,0.9960,10.00,yes
2026-10-05T00:42:00.612968Z,KXBTC15M-26OCT042045-45,0.9950,0.01,no
2026-10-05T00:42:00.612968Z,KXBTC15M-26OCT042045-45,0.9950,0.01,no
2026-10-05T00:42:00.66611Z,KXBTC15M-26OCT042045-45,0.9950,15.00,no
2026-10-05T00:42:00.66611Z,KXBTC15M-26OCT042045-45,0.9940,0.01,no
2026-10-05T00:42:00.66611Z,KXBTC15M-26OCT042045-45,0.9950,0.01,no
2026-10-05T00:42:00.66611Z,KXBTC15M-26OCT042045-45,0.9940,0.01,no
2026-10-05T00:42:00.66611Z,KXBTC15M-26OCT042045-45,0.9950,0.01,no
2026-10-05T00:42:00.66611Z,KXBTC15M-26OCT042045-45,0.9940,70.67,no
2026-10-05T00:42:00.688324Z,KXBTC15M-26OCT042045-45,0.9950,200.00,yes
2026-10-05T00:42:00.794382Z,KXBTC15M-26OCT042045-45,0.9940,149.59,no
2026-10-05T00:42:00.890729Z,KXBTC15M-26OCT042045-45,0.9960,10.00,yes
2026-10-05T00:42:00.890729Z,KXBTC15M-26OCT042045-45,0.9960,200.00,yes
2026-10-05T00:42:00.890729Z,KXBTC15M-26OCT042045-45,0.9950,0.01,yes
2026-10-05T00:42:00.890729Z,KXBTC15M-26OCT042045-45,0.9960,1680.02,yes
2026-10-05T00:42:00.890729Z,KXBTC15M-26OCT042045-45,0.9950,14.00,yes
2026-10-05T00:42:00.890729Z,KXBTC15M-26OCT042045-45,0.9960,10.00,yes
2026-10-05T00:42:00.890729Z,KXBTC15M-26OCT042045-45,0.9960,15.00,yes
2026-10-05T00:42:00.890729Z,KXBTC15M-26OCT042045-45,0.9950,0.01,yes
2026-10-05T00:42:00.890729Z,KXBTC15M-26OCT042045-45,0.9970,15.00,yes
2026-10-05T00:42:00.890729Z,KXBTC15M-26OCT042045-45,0.9970,7.56,yes
2026-10-05T00:42:00.890729Z,KXBTC15M-26OCT042045-45,0.9970,3063.44,yes
2026-10-05T00:42:00.895902Z,KXBTC15M-26OCT042045-45,0.9950,0.01,yes
2026-10-05T00:42:00.895902Z,KXBTC15M-26OCT042045-45,0.9950,0.01,yes
2026-10-05T00:42:00.910121Z,KXBTC15M-26OCT042045-45,0.9960,0.01,yes
2026-10-05T00:42:00.910121Z,KXBTC15M-26OCT042045-45,0.9960,15.00,yes
2026-10-05T00:42:00.910121Z,KXBTC15M-26OCT042045-45,0.9970,184.99,yes
2026-10-05T00:42:00.924262Z,KXBTC15M-26OCT042045-45,0.9960,15.00,yes
2026-10-05T00:42:00.924262Z,KXBTC15M-26OCT042045-45,0.9960,0.01,yes
2026-10-05T00:42:00.924262Z,KXBTC15M-26OCT042045-45,0.9960,0.01,yes
2026-10-05T00:42:00.924262Z,KXBTC15M-26OCT042045-45,0.9970,184.98,yes
2026-10-05T00:42:00.936031Z,KXBTC15M-26OCT042045-45,0.9960,0.01,yes
2026-10-05T00:42:00.936031Z,KXBTC15M-26OCT042045-45,0.9960,0.01,yes
2026-10-05T00:42:00.936031Z,KXBTC15M-26OCT042045-45,0.9960,15.00,yes
2026-10-05T00:42:00.936031Z,KXBTC15M-26OCT042045-45,0.9970,184.98,yes
2026-10-05T00:42:00.947065Z,KXBTC15M-26OCT042045-45,0.9970,37.77,yes
2026-10-05T00:42:01.143661Z,KXBTC15M-26OCT042045-45,0.9950,0.02,yes
2026-10-05T00:42:01.145322Z,KXBTC15M-26OCT042045-45,0.9950,0.02,yes
2026-10-05T00:42:01.152794Z,KXBTC15M-26OCT042045-45,0.9950,5.46,yes
2026-10-05T00:42:01.163147Z,KXBTC15M-26OCT042045-45,0.9970,41.00,yes
2026-10-05T00:42:01.163147Z,KXBTC15M-26OCT042045-45,0.9970,15.00,yes
2026-10-05T00:42:01.163147Z,KXBTC15M-26OCT042045-45,0.9970,15.00,yes
2026-10-05T00:42:01.163147Z,KXBTC15M-26OCT042045-45,0.9950,14.00,yes
2026-10-05T00:42:01.163147Z,KXBTC15M-26OCT042045-45,0.9970,10.00,yes
2026-10-05T00:42:01.163147Z,KXBTC15M-26OCT042045-45,0.9950,94.50,yes
2026-10-05T00:42:01.163147Z,KXBTC15M-26OCT042045-45,0.9950,0.01,yes
2026-10-05T00:42:01.163147Z,KXBTC15M-26OCT042045-45,0.9960,10.00,yes
2026-10-05T00:42:01.163147Z,KXBTC15M-26OCT042045-45,0.9960,10.00,yes
2026-10-05T00:42:01.173096Z,KXBTC15M-26OCT042045-45,0.9980,0.25,yes
2026-10-05T00:42:01.194181Z,KXBTC15M-26OCT042045-45,0.9980,24.00,yes
2026-10-05T00:42:01.28996Z,KXBTC15M-26OCT042045-45,0.9970,0.01,no
2026-10-05T00:42:01.28996Z,KXBTC15M-26OCT042045-45,0.9970,0.01,no
2026-10-05T00:42:01.28996Z,KXBTC15M-26OCT042045-45,0.9970,24.00,no
2026-10-05T00:42:01.28996Z,KXBTC15M-26OCT042045-45,0.9970,15.00,no
2026-10-05T00:42:01.28996Z,KXBTC15M-26OCT042045-45,0.9970,84.00,no
2026-10-05T00:42:01.304637Z,KXBTC15M-26OCT042045-45,0.9950,11.00,no
2026-10-05T00:42:01.304637Z,KXBTC15M-26OCT042045-45,0.9960,10.00,no
2026-10-05T00:42:01.304637Z,KXBTC15M-26OCT042045-45,0.9950,10.00,no
2026-10-05T00:42:01.304637Z,KXBTC15M-26OCT042045-45,0.9960,10.00,no
2026-10-05T00:42:01.304637Z,KXBTC15M-26OCT042045-45,0.9960,0.01,no
2026-10-05T00:42:01.304637Z,KXBTC15M-26OCT042045-45,0.9960,0.01,no
2026-10-05T00:42:01.343546Z,KXBTC15M-26OCT042045-45,0.9940,38.18,no
2026-10-05T00:42:01.506363Z,KXBTC15M-26OCT042045-45,0.9940,1.82,no
2026-10-05T00:42:01.529415Z,KXBTC15M-26OCT042045-45,0.9940,72.41,no
2026-10-05T00:42:01.529415Z,KXBTC15M-26OCT042045-45,0.9940,80.30,no
2026-10-05T00:42:01.560933Z,KXBTC15M-26OCT042045-45,0.9940,119.70,no
2026-10-05T00:42:01.560933Z,KXBTC15M-26OCT042045-45,0.9940,33.01,no
2026-10-05T00:42:01.64579Z,KXBTC15M-26OCT042045-45,0.9950,6.76,yes
2026-10-05T00:42:01.66324Z,KXBTC15M-26OCT042045-45,0.9970,16.00,yes
2026-10-05T00:42:01.66324Z,KXBTC15M-26OCT042045-45,0.9970,2.00,yes
2026-10-05T00:42:01.66324Z,KXBTC15M-26OCT042045-45,0.9970,18.21,yes
2026-10-05T00:42:01.66324Z,KXBTC15M-26OCT042045-45,0.9950,0.01,yes
2026-10-05T00:42:01.66324Z,KXBTC15M-26OCT042045-45,0.9950,0.01,yes
2026-10-05T00:42:01.66324Z,KXBTC15M-26OCT042045-45,0.9950,52.22,yes
2026-10-05T00:42:01.66324Z,KXBTC15M-26OCT042045-45,0.9970,10.00,yes
2026-10-05T00:42:01.684394Z,KXBTC15M-26OCT042045-45,0.9970,200.00,yes
2026-10-05T00:42:01.708985Z,KXBTC15M-26OCT042045-45,0.9970,200.00,yes
2026-10-05T00:42:01.72502Z,KXBTC15M-26OCT042045-45,0.9970,99.98,yes
2026-10-05T00:42:01.72502Z,KXBTC15M-26OCT042045-45,0.9970,0.01,yes
2026-10-05T00:42:01.72502Z,KXBTC15M-26OCT042045-45,0.9970,0.01,yes
2026-10-05T00:42:01.72502Z,KXBTC15M-26OCT042045-45,0.9970,100.00,yes
2026-10-05T00:42:01.735018Z,KXBTC15M-26OCT042045-45,0.9970,49.13,yes
2026-10-05T00:42:01.792142Z,KXBTC15M-26OCT042045-45,0.9970,200.00,yes
2026-10-05T00:42:01.933573Z,KXBTC15M-26OCT042045-45,0.9970,0.30,yes
2026-10-05T00:42:02.079662Z,KXBTC15M-26OCT042045-45,0.9950,2.04,no
2026-10-05T00:42:02.125803Z,KXBTC15M-26OCT042045-45,0.9970,16.21,yes
2026-10-05T00:42:02.149119Z,KXBTC15M-26OCT042045-45,0.9960,159.15,no
2026-10-05T00:42:02.331255Z,KXBTC15M-26OCT042045-45,0.9970,54.15,yes
2026-10-05T00:42:02.356225Z,KXBTC15M-26OCT042045-45,0.9960,18.69,no
2026-10-05T00:42:02.364611Z,KXBTC15M-26OCT042045-45,0.9970,11.18,yes
2026-10-05T00:42:02.375251Z,KXBTC15M-26OCT042045-45,0.9960,0.01,no
2026-10-05T00:42:02.375251Z,KXBTC15M-26OCT042045-45,0.9960,166.44,no
2026-10-05T00:42:02.375251Z,KXBTC15M-26OCT042045-45,0.9960,0.01,no
2026-10-05T00:42:02.375251Z,KXBTC15M-26OCT042045-45,0.9960,114.25,no
2026-10-05T00:42:02.378114Z,KXBTC15M-26OCT042045-45,0.9970,20.17,yes
2026-10-05T00:42:02.378114Z,KXBTC15M-26OCT042045-45,0.9970,16.00,yes
2026-10-05T00:42:02.378114Z,KXBTC15M-26OCT042045-45,0.9970,69.05,yes
2026-10-05T00:42:02.378114Z,KXBTC15M-26OCT042045-45,0.9970,400.00,yes
2026-10-05T00:42:02.410181Z,KXBTC15M-26OCT042045-45,0.9970,241.49,yes
2026-10-05T00:42:02.411175Z,KXBTC15M-26OCT042045-45,0.9930,216.10,no
2026-10-05T00:42:02.411175Z,KXBTC15M-26OCT042045-45,0.9940,84.00,no
2026-10-05T00:42:02.411175Z,KXBTC15M-26OCT042045-45,0.9950,12.00,no
2026-10-05T00:42:02.411175Z,KXBTC15M-26OCT042045-45,0.9950,7.96,no
2026-10-05T00:42:02.411175Z,KXBTC15M-26OCT042045-45,0.9950,933.04,no
2026-10-05T00:42:02.411175Z,KXBTC15M-26OCT042045-45,0.9940,200.00,no
2026-10-05T00:42:02.411175Z,KXBTC15M-26OCT042045-45,0.9960,0.01,no
2026-10-05T00:42:02.411175Z,KXBTC15M-26OCT042045-45,0.9960,13.69,no
2026-10-05T00:42:02.411175Z,KXBTC15M-26OCT042045-45,0.9950,429.00,no
2026-10-05T00:42:02.411175Z,KXBTC15M-26OCT042045-45,0.9950,200.00,no
2026-10-05T00:42:02.411175Z,KXBTC15M-26OCT042045-45,0.9960,0.01,no
2026-10-05T00:42:02.411175Z,KXBTC15M-26OCT042045-45,0.9940,15.00,no
2026-10-05T00:42:02.503059Z,KXBTC15M-26OCT042045-45,0.9970,0.01,yes
2026-10-05T00:42:02.503059Z,KXBTC15M-26OCT042045-45,0.9970,0.01,yes
2026-10-05T00:42:02.503059Z,KXBTC15M-26OCT042045-45,0.9970,100.00,yes
2026-10-05T00:42:02.503059Z,KXBTC15M-26OCT042045-45,0.9970,10.00,yes
2026-10-05T00:42:02.503059Z,KXBTC15M-26OCT042045-45,0.9970,73.98,yes
2026-10-05T00:42:02.503059Z,KXBTC15M-26OCT042045-45,0.9970,16.00,yes
2026-10-05T00:42:02.526099Z,KXBTC15M-26OCT042045-45,0.9950,159.12,no
2026-10-05T00:42:02.526099Z,KXBTC15M-26OCT042045-45,0.9960,0.01,no
2026-10-05T00:42:02.526099Z,KXBTC15M-26OCT042045-45,0.9950,0.01,no
2026-10-05T00:42:02.526099Z,KXBTC15M-26OCT042045-45,0.9960,0.01,no
2026-10-05T00:42:02.611572Z,KXBTC15M-26OCT042045-45,0.9970,42.00,yes
2026-10-05T00:42:02.629328Z,KXBTC15M-26OCT042045-45,0.9940,133.64,no
2026-10-05T00:42:02.629328Z,KXBTC15M-26OCT042045-45,0.9960,0.01,no
2026-10-05T00:42:02.629328Z,KXBTC15M-26OCT042045-45,0.9960,0.03,no
2026-10-05T00:42:02.629328Z,KXBTC15M-26OCT042045-45,0.9950,0.01,no
2026-10-05T00:42:02.629328Z,KXBTC15M-26OCT042045-45,0.9940,15.00,no
2026-10-05T00:42:02.629328Z,KXBTC15M-26OCT042045-45,0.9950,11.00,no
2026-10-05T00:42:02.629328Z,KXBTC15M-26OCT042045-45,0.9960,0.01,no
2026-10-05T00:42:02.658306Z,KXBTC15M-26OCT042045-45,0.9970,200.00,yes
2026-10-05T00:42:02.667403Z,KXBTC15M-26OCT042045-45,0.9970,0.02,yes
2026-10-05T00:42:02.6762Z,KXBTC15M-26OCT042045-45,0.9970,101.00,yes
2026-10-05T00:42:02.6762Z,KXBTC15M-26OCT042045-45,0.9970,84.00,yes
2026-10-05T00:42:02.6762Z,KXBTC15M-26OCT042045-45,0.9960,15.00,yes
2026-10-05T00:42:02.693241Z,KXBTC15M-26OCT042045-45,0.9960,146.00,yes
2026-10-05T00:42:02.732482Z,KXBTC15M-26OCT042045-45,0.9950,81.23,no
2026-10-05T00:42:02.764166Z,KXBTC15M-26OCT042045-45,0.9960,0.01,yes
2026-10-05T00:42:02.764166Z,KXBTC15M-26OCT042045-45,0.9970,0.01,yes
2026-10-05T00:42:02.764166Z,KXBTC15M-26OCT042045-45,0.9960,400.00,yes
2026-10-05T00:42:02.764166Z,KXBTC15M-26OCT042045-45,0.9960,15.00,yes
2026-10-05T00:42:02.764166Z,KXBTC15M-26OCT042045-45,0.9960,0.01,yes
2026-10-05T00:42:02.764166Z,KXBTC15M-26OCT042045-45,0.9970,276.84,yes
2026-10-05T00:42:02.764166Z,KXBTC15M-26OCT042045-45,0.9970,200.00,yes
2026-10-05T00:42:02.764166Z,KXBTC15M-26OCT042045-45,0.9960,100.00,yes
2026-10-05T00:42:02.782244Z,KXBTC15M-26OCT042045-45,0.9960,14.99,yes
2026-10-05T00:42:02.782244Z,KXBTC15M-26OCT042045-45,0.9960,15.00,yes
2026-10-05T00:42:02.782244Z,KXBTC15M-26OCT042045-45,0.9960,0.01,yes
2026-10-05T00:42:02.854499Z,KXBTC15M-26OCT042045-45,0.9950,57.10,no
2026-10-05T00:42:02.914506Z,KXBTC15M-26OCT042045-45,0.9950,16.84,no
2026-10-05T00:42:03.011331Z,KXBTC15M-26OCT042045-45,0.9950,1.00,no
2026-10-05T00:42:03.133279Z,KXBTC15M-26OCT042045-45,0.9950,0.01,no
2026-10-05T00:42:03.133279Z,KXBTC15M-26OCT042045-45,0.9950,0.01,no
2026-10-05T00:42:03.133279Z,KXBTC15M-26OCT042045-45,0.9950,7.83,no
2026-10-05T00:42:03.133279Z,KXBTC15M-26OCT042045-45,0.9950,1.49,no
2026-10-05T00:42:03.133279Z,KXBTC15M-26OCT042045-45,0.9950,177.63,no
2026-10-05T00:42:03.244489Z,KXBTC15M-26OCT042045-45,0.9950,0.01,no
2026-10-05T00:42:03.244489Z,KXBTC15M-26OCT042045-45,0.9950,64.98,no
2026-10-05T00:42:03.244489Z,KXBTC15M-26OCT042045-45,0.9950,0.01,no
2026-10-05T00:42:03.247593Z,KXBTC15M-26OCT042045-45,0.9950,19.60,no
2026-10-05T00:42:03.307992Z,KXBTC15M-26OCT042045-45,0.9950,186.97,no
2026-10-05T00:42:03.32359Z,KXBTC15M-26OCT042045-45,0.9950,47.17,no
2026-10-05T00:42:03.32359Z,KXBTC15M-26OCT042045-45,0.9950,44.45,no
2026-10-05T00:42:03.332334Z,KXBTC15M-26OCT042045-45,0.9950,9.02,no
2026-10-05T00:42:03.335473Z,KXBTC15M-26OCT042045-45,0.9950,0.01,no
2026-10-05T00:42:03.335473Z,KXBTC15M-26OCT042045-45,0.9950,275.46,no
2026-10-05T00:42:03.335473Z,KXBTC15M-26OCT042045-45,0.9950,0.01,no
2026-10-05T00:42:03.344101Z,KXBTC15M-26OCT042045-45,0.9950,0.01,no
2026-10-05T00:42:03.344101Z,KXBTC15M-26OCT042045-45,0.9940,110.74,no
2026-10-05T00:42:03.344101Z,KXBTC15M-26OCT042045-45,0.9940,20.00,no
2026-10-05T00:42:03.355417Z,KXBTC15M-26OCT042045-45,0.9930,0.01,no
2026-10-05T00:42:03.355417Z,KXBTC15M-26OCT042045-45,0.9930,100.00,no
2026-10-05T00:42:03.355417Z,KXBTC15M-26OCT042045-45,0.9930,19.00,no
2026-10-05T00:42:03.355417Z,KXBTC15M-26OCT042045-45,0.9930,10.00,no
2026-10-05T00:42:03.355417Z,KXBTC15M-26OCT042045-45,0.9930,10.00,no
2026-10-05T00:42:03.355417Z,KXBTC15M-26OCT042045-45,0.9930,15.00,no
2026-10-05T00:42:03.467547Z,KXBTC15M-26OCT042045-45,0.9920,16.12,no
2026-10-05T00:42:03.6101Z,KXBTC15M-26OCT042045-45,0.9930,0.01,yes
2026-10-05T00:42:03.6101Z,KXBTC15M-26OCT042045-45,0.9940,33.20,yes
2026-10-05T00:42:03.6101Z,KXBTC15M-26OCT042045-45,0.9930,0.01,yes
2026-10-05T00:42:03.710695Z,KXBTC15M-26OCT042045-45,0.9940,0.01,yes
2026-10-05T00:42:03.710695Z,KXBTC15M-26OCT042045-45,0.9940,0.01,yes
2026-10-05T00:42:03.710695Z,KXBTC15M-26OCT042045-45,0.9940,51.17,yes
2026-10-05T00:42:03.876128Z,KXBTC15M-26OCT042045-45,0.9940,0.01,yes
2026-10-05T00:42:03.876128Z,KXBTC15M-26OCT042045-45,0.9940,0.01,yes
2026-10-05T00:42:03.876128Z,KXBTC15M-26OCT042045-45,0.9950,469.51,yes
2026-10-05T00:42:03.876128Z,KXBTC15M-26OCT042045-45,0.9940,16.00,yes
2026-10-05T00:42:03.876128Z,KXBTC15M-26OCT042045-45,0.9950,15.00,yes
2026-10-05T00:42:03.944746Z,KXBTC15M-26OCT042045-45,0.9950,9.84,yes
2026-10-05T00:42:03.978982Z,KXBTC15M-26OCT042045-45,0.9950,98.54,yes
2026-10-05T00:42:04.147808Z,KXBTC15M-26OCT042045-45,0.9950,41.43,yes
2026-10-05T00:42:04.198127Z,KXBTC15M-26OCT042045-45,0.9950,233.76,yes
2026-10-05T00:42:04.245656Z,KXBTC15M-26OCT042045-45,0.9940,66.79,no
2026-10-05T00:42:04.356702Z,KXBTC15M-26OCT042045-45,0.9940,5.57,no
2026-10-05T00:42:04.356702Z,KXBTC15M-26OCT042045-45,0.9940,61.21,no
2026-10-05T00:42:04.356702Z,KXBTC15M-26OCT042045-45,0.9940,0.01,no
2026-10-05T00:42:04.377979Z,KXBTC15M-26OCT042045-45,0.9940,11.43,no
2026-10-05T00:42:04.377979Z,KXBTC15M-26OCT042045-45,0.9940,55.35,no
2026-10-05T00:42:04.377979Z,KXBTC15M-26OCT042045-45,0.9940,0.01,no
2026-10-05T00:42:04.456617Z,KXBTC15M-26OCT042045-45,0.9950,8.02,yes
2026-10-05T00:42:04.554264Z,KXBTC15M-26OCT042045-45,0.9940,49.86,no
2026-10-05T00:42:04.743706Z,KXBTC15M-26OCT042045-45,0.9950,80.00,yes
2026-10-05T00:42:04.743913Z,KXBTC15M-26OCT042045-45,0.9940,226.44,no
2026-10-05T00:42:04.743913Z,KXBTC15M-26OCT042045-45,0.9940,637.73,no
2026-10-05T00:42:04.743913Z,KXBTC15M-26OCT042045-45,0.9940,288.00,no
2026-10-05T00:42:04.743913Z,KXBTC15M-26OCT042045-45,0.9940,0.01,no
2026-10-05T00:42:04.743913Z,KXBTC15M-26OCT042045-45,0.9940,0.01,no
2026-10-05T00:42:04.743913Z,KXBTC15M-26OCT042045-45,0.9940,406.05,no
2026-10-05T00:42:04.766754Z,KXBTC15M-26OCT042045-45,0.9950,111.98,yes
2026-10-05T00:42:04.766754Z,KXBTC15M-26OCT042045-45,0.9950,400.00,yes
2026-10-05T00:42:04.766754Z,KXBTC15M-26OCT042045-45,0.9950,0.01,yes
2026-10-05T00:42:04.766754Z,KXBTC15M-26OCT042045-45,0.9950,100.00,yes
2026-10-05T00:42:04.766754Z,KXBTC15M-26OCT042045-45,0.9950,0.01,yes
2026-10-05T00:42:04.766754Z,KXBTC15M-26OCT042045-45,0.9950,1000.00,yes
2026-10-05T00:42:04.766754Z,KXBTC15M-26OCT042045-45,0.9950,388.00,yes
2026-10-05T00:42:04.891443Z,KXBTC15M-26OCT042045-45,0.9940,3.00,no
2026-10-05T00:42:04.900686Z,KXBTC15M-26OCT042045-45,0.9940,24.80,no
2026-10-05T00:42:04.900686Z,KXBTC15M-26OCT042045-45,0.9940,127.91,no
2026-10-05T00:42:04.92374Z,KXBTC15M-26OCT042045-45,0.9950,0.01,yes
2026-10-05T00:42:04.92374Z,KXBTC15M-26OCT042045-45,0.9950,1.98,yes
2026-10-05T00:42:04.92374Z,KXBTC15M-26OCT042045-45,0.9950,400.00,yes
2026-10-05T00:42:04.92374Z,KXBTC15M-26OCT042045-45,0.9950,100.00,yes
2026-10-05T00:42:04.92374Z,KXBTC15M-26OCT042045-45,0.9950,0.01,yes
2026-10-05T00:42:04.97348Z,KXBTC15M-26OCT042045-45,0.9950,111.92,yes
2026-10-05T00:42:05.058948Z,KXBTC15M-26OCT042045-45,0.9950,50.23,yes
2026-10-05T00:42:05.062478Z,KXBTC15M-26OCT042045-45,0.9950,14.13,yes
2026-10-05T00:42:05.062478Z,KXBTC15M-26OCT042045-45,0.9950,35.87,yes
2026-10-05T00:42:05.076449Z,KXBTC15M-26OCT042045-45,0.9940,349.26,no
2026-10-05T00:42:05.155994Z,KXBTC15M-26OCT042045-45,0.9940,1.18,no
2026-10-05T00:42:05.171907Z,KXBTC15M-26OCT042045-45,0.9950,2.91,yes
2026-10-05T00:42:05.229292Z,KXBTC15M-26OCT042045-45,0.9940,59.21,no
2026-10-05T00:42:05.243369Z,KXBTC15M-26OCT042045-45,0.9950,51.24,yes
2026-10-05T00:42:05.302493Z,KXBTC15M-26OCT042045-45,0.9950,2.00,yes
2026-10-05T00:42:05.319072Z,KXBTC15M-26OCT042045-45,0.9950,0.01,yes
2026-10-05T00:42:05.319072Z,KXBTC15M-26OCT042045-45,0.9950,0.01,yes
2026-10-05T00:42:05.319072Z,KXBTC15M-26OCT042045-45,0.9950,141.61,yes
2026-10-05T00:42:05.319072Z,KXBTC15M-26OCT042045-45,0.9950,29.72,yes
2026-10-05T00:42:05.42435Z,KXBTC15M-26OCT042045-45,0.9950,100.46,yes
2026-10-05T00:42:05.558082Z,KXBTC15M-26OCT042045-45,0.9940,62.95,no
2026-10-05T00:42:05.558082Z,KXBTC15M-26OCT042045-45,0.9940,14.96,no
2026-10-05T00:42:05.572225Z,KXBTC15M-26OCT042045-45,0.9950,157.93,yes
2026-10-05T00:42:05.572225Z,KXBTC15M-26OCT042045-45,0.9950,114.74,yes
2026-10-05T00:42:05.572225Z,KXBTC15M-26OCT042045-45,0.9950,732.00,yes
2026-10-05T00:42:05.706742Z,KXBTC15M-26OCT042045-45,0.9940,75.47,no
2026-10-05T00:42:05.706742Z,KXBTC15M-26OCT042045-45,0.9940,0.01,no
2026-10-05T00:42:05.706742Z,KXBTC15M-26OCT042045-45,0.9940,1.04,no
2026-10-05T00:42:05.706742Z,KXBTC15M-26OCT042045-45,0.9940,0.01,no
2026-10-05T00:42:05.713328Z,KXBTC15M-26OCT042045-45,0.9950,0.01,yes
2026-10-05T00:42:05.713328Z,KXBTC15M-26OCT042045-45,0.9950,0.01,yes
2026-10-05T00:42:05.713328Z,KXBTC15M-26OCT042045-45,0.9950,70.30,yes
2026-10-05T00:42:05.733763Z,KXBTC15M-26OCT042045-45,0.9950,10.04,yes
2026-10-05T00:42:05.751203Z,KXBTC15M-26OCT042045-45,0.9940,38.07,no
2026-10-05T00:42:05.821852Z,KXBTC15M-26OCT042045-45,0.9940,152.71,no
2026-10-05T00:42:05.850874Z,KXBTC15M-26OCT042045-45,0.9940,152.71,no
2026-10-05T00:42:05.866321Z,KXBTC15M-26OCT042045-45,0.9940,77.91,no
2026-10-05T00:42:05.907118Z,KXBTC15M-26OCT042045-45,0.9940,2.09,no
2026-10-05T00:42:05.971047Z,KXBTC15M-26OCT042045-45,0.9950,5.02,yes
2026-10-05T00:42:05.998418Z,KXBTC15M-26OCT042045-45,0.9950,0.01,yes
2026-10-05T00:42:05.998418Z,KXBTC15M-26OCT042045-45,0.9950,0.01,yes
2026-10-05T00:42:05.998418Z,KXBTC15M-26OCT042045-45,0.9960,0.08,yes
2026-10-05T00:42:06.065024Z,KXBTC15M-26OCT042045-45,0.9950,0.01,yes
2026-10-05T00:42:06.065024Z,KXBTC15M-26OCT042045-45,0.9950,0.01,yes
2026-10-05T00:42:06.065024Z,KXBTC15M-26OCT042045-45,0.9950,0.98,yes
2026-10-05T00:42:06.125566Z,KXBTC15M-26OCT042045-45,0.9940,38.07,no
2026-10-05T00:42:06.142981Z,KXBTC15M-26OCT042045-45,0.9940,126.27,no
2026-10-05T00:42:06.142981Z,KXBTC15M-26OCT042045-45,0.9940,26.44,no
2026-10-05T00:42:06.145465Z,KXBTC15M-26OCT042045-45,0.9940,39.88,no
2026-10-05T00:42:06.199457Z,KXBTC15M-26OCT042045-45,0.9940,132.85,no
2026-10-05T00:42:06.228933Z,KXBTC15M-26OCT042045-45,0.9950,2.92,yes
2026-10-05T00:42:06.255983Z,KXBTC15M-26OCT042045-45,0.9950,17.48,yes
2026-10-05T00:42:06.273856Z,KXBTC15M-26OCT042045-45,0.9930,10.00,no
2026-10-05T00:42:06.273856Z,KXBTC15M-26OCT042045-45,0.9930,48.69,no
2026-10-05T00:42:06.273856Z,KXBTC15M-26OCT042045-45,0.9940,16.00,no
2026-10-05T00:42:06.273856Z,KXBTC15M-26OCT042045-45,0.9940,200.00,no
2026-10-05T00:42:06.273856Z,KXBTC15M-26OCT042045-45,0.9940,0.01,no
2026-10-05T00:42:06.273856Z,KXBTC15M-26OCT042045-45,0.9940,488.83,no
2026-10-05T00:42:06.273856Z,KXBTC15M-26OCT042045-45,0.9940,0.01,no
2026-10-05T00:42:06.434475Z,KXBTC15M-26OCT042045-45,0.9940,26.23,no
2026-10-05T00:42:06.434475Z,KXBTC15M-26OCT042045-45,0.9940,0.01,no
2026-10-05T00:42:06.434475Z,KXBTC15M-26OCT042045-45,0.9940,0.01,no
2026-10-05T00:42:06.499853Z,KXBTC15M-26OCT042045-45,0.9950,0.01,yes
2026-10-05T00:42:06.499853Z,KXBTC15M-26OCT042045-45,0.9950,87.86,yes
2026-10-05T00:42:06.499853Z,KXBTC15M-26OCT042045-45,0.9950,0.01,yes
2026-10-05T00:42:06.499853Z,KXBTC15M-26OCT042045-45,0.9950,379.60,yes
2026-10-05T00:42:06.563795Z,KXBTC15M-26OCT042045-45,0.9940,4.58,no
2026-10-05T00:42:06.584733Z,KXBTC15M-26OCT042045-45,0.9940,77.91,no
2026-10-05T00:42:06.586976Z,KXBTC15M-26OCT042045-45,0.9940,152.71,no
2026-10-05T00:42:06.617436Z,KXBTC15M-26OCT042045-45,0.9940,5.15,no
2026-10-05T00:42:06.626448Z,KXBTC15M-26OCT042045-45,0.9960,10.00,yes
2026-10-05T00:42:06.626448Z,KXBTC15M-26OCT042045-45,0.9960,14.92,yes
2026-10-05T00:42:06.626448Z,KXBTC15M-26OCT042045-45,0.9960,15.00,yes
2026-10-05T00:42:06.626448Z,KXBTC15M-26OCT042045-45,0.9950,200.00,yes
2026-10-05T00:42:06.626448Z,KXBTC15M-26OCT042045-45,0.9950,0.01,yes
2026-10-05T00:42:06.626448Z,KXBTC15M-26OCT042045-45,0.9960,198.98,yes
2026-10-05T00:42:06.626448Z,KXBTC15M-26OCT042045-45,0.9950,500.00,yes
2026-10-05T00:42:06.626448Z,KXBTC15M-26OCT042045-45,0.9950,500.00,yes
2026-10-05T00:42:06.626448Z,KXBTC15M-26OCT042045-45,0.9950,0.01,yes
2026-10-05T00:42:06.626448Z,KXBTC15M-26OCT042045-45,0.9950,779.00,yes
2026-10-05T00:42:06.626448Z,KXBTC15M-26OCT042045-45,0.9950,12.14,yes
2026-10-05T00:42:06.729748Z,KXBTC15M-26OCT042045-45,0.9950,0.01,yes
2026-10-05T00:42:06.729748Z,KXBTC15M-26OCT042045-45,0.9950,0.01,yes
2026-10-05T00:42:06.729748Z,KXBTC15M-26OCT042045-45,0.9950,14.00,yes
2026-10-05T00:42:06.729748Z,KXBTC15M-26OCT042045-45,0.9950,22.61,yes
2026-10-05T00:42:06.729748Z,KXBTC15M-26OCT042045-45,0.9950,100.00,yes
2026-10-05T00:42:06.738425Z,KXBTC15M-26OCT042045-45,0.9950,500.00,yes
2026-10-05T00:42:06.738425Z,KXBTC15M-26OCT042045-45,0.9950,0.01,yes
2026-10-05T00:42:06.738425Z,KXBTC15M-26OCT042045-45,0.9950,1464.00,yes
2026-10-05T00:42:06.738425Z,KXBTC15M-26OCT042045-45,0.9950,500.00,yes
2026-10-05T00:42:06.738425Z,KXBTC15M-26OCT042045-45,0.9950,200.00,yes
2026-10-05T00:42:06.738425Z,KXBTC15M-26OCT042045-45,0.9950,84.42,yes
2026-10-05T00:42:06.738425Z,KXBTC15M-26OCT042045-45,0.9950,366.39,yes
2026-10-05T00:42:06.738425Z,KXBTC15M-26OCT042045-45,0.9950,0.01,yes
2026-10-05T00:42:06.758442Z,KXBTC15M-26OCT042045-45,0.9950,0.01,yes
2026-10-05T00:42:06.758442Z,KXBTC15M-26OCT042045-45,0.9950,36.21,yes
2026-10-05T00:42:06.758442Z,KXBTC15M-26OCT042045-45,0.9950,14.00,yes
2026-10-05T00:42:06.758442Z,KXBTC15M-26OCT042045-45,0.9950,0.01,yes
2026-10-05T00:42:06.79942Z,KXBTC15M-26OCT042045-45,0.9940,5.00,no
2026-10-05T00:42:06.815392Z,KXBTC15M-26OCT042045-45,0.9940,0.01,no
2026-10-05T00:42:06.815392Z,KXBTC15M-26OCT042045-45,0.9940,3.85,no
2026-10-05T00:42:06.815392Z,KXBTC15M-26OCT042045-45,0.9940,440.23,no
2026-10-05T00:42:06.815392Z,KXBTC15M-26OCT042045-45,0.9940,0.01,no
2026-10-05T00:42:06.923194Z,KXBTC15M-26OCT042045-45,0.9970,10.00,yes
2026-10-05T00:42:06.923194Z,KXBTC15M-26OCT042045-45,0.9970,145.18,yes
2026-10-05T00:42:06.923194Z,KXBTC15M-26OCT042045-45,0.9960,10.00,yes
2026-10-05T00:42:06.923194Z,KXBTC15M-26OCT042045-45,0.9960,10.00,yes
2026-10-05T00:42:06.923194Z,KXBTC15M-26OCT042045-45,0.9950,0.01,yes
2026-10-05T00:42:06.923194Z,KXBTC15M-26OCT042045-45,0.9960,200.00,yes
2026-10-05T00:42:06.923194Z,KXBTC15M-26OCT042045-45,0.9950,0.01,yes
2026-10-05T00:42:06.923194Z,KXBTC15M-26OCT042045-45,0.9950,14.00,yes
2026-10-05T00:42:06.923194Z,KXBTC15M-26OCT042045-45,0.9950,100.00,yes
2026-10-05T00:42:06.923194Z,KXBTC15M-26OCT042045-45,0.9950,200.00,yes
2026-10-05T00:42:06.938906Z,KXBTC15M-26OCT042045-45,0.9960,15.00,yes
2026-10-05T00:42:06.938906Z,KXBTC15M-26OCT042045-45,0.9960,100.00,yes
2026-10-05T00:42:06.938906Z,KXBTC15M-26OCT042045-45,0.9960,0.01,yes
2026-10-05T00:42:06.944288Z,KXBTC15M-26OCT042045-45,0.9970,99.99,yes
2026-10-05T00:42:06.944288Z,KXBTC15M-26OCT042045-45,0.9960,100.00,yes
2026-10-05T00:42:06.944288Z,KXBTC15M-26OCT042045-45,0.9950,0.01,yes
2026-10-05T00:42:06.962061Z,KXBTC15M-26OCT042045-45,0.9970,70.00,yes
2026-10-05T00:42:06.962061Z,KXBTC15M-26OCT042045-45,0.9960,15.00,yes
2026-10-05T00:42:06.962061Z,KXBTC15M-26OCT042045-45,0.9960,100.00,yes
2026-10-05T00:42:07.004974Z,KXBTC15M-26OCT042045-45,0.9960,0.01,yes
2026-10-05T00:42:07.014083Z,KXBTC15M-26OCT042045-45,0.9950,36.99,no
2026-10-05T00:42:07.067994Z,KXBTC15M-26OCT042045-45,0.9960,359.89,yes
2026-10-05T00:42:07.251517Z,KXBTC15M-26OCT042045-45,0.9950,1.00,no
2026-10-05T00:42:07.429612Z,KXBTC15M-26OCT042045-45,0.9960,5.07,yes
2026-10-05T00:42:07.429612Z,KXBTC15M-26OCT042045-45,0.9960,15.00,yes
2026-10-05T00:42:07.536702Z,KXBTC15M-26OCT042045-45,0.9950,527.00,no
2026-10-05T00:42:07.536702Z,KXBTC15M-26OCT042045-45,0.9950,0.01,no
2026-10-05T00:42:07.536702Z,KXBTC15M-26OCT042045-45,0.9950,150.01,no
2026-10-05T00:42:07.536702Z,KXBTC15M-26OCT042045-45,0.9950,212.81,no
2026-10-05T00:42:07.536702Z,KXBTC15M-26OCT042045-45,0.9950,500.00,no
2026-10-05T00:42:07.543953Z,KXBTC15M-26OCT042045-45,0.9950,0.01,no
2026-10-05T00:42:07.543953Z,KXBTC15M-26OCT042045-45,0.9950,287.19,no
2026-10-05T00:42:07.576665Z,KXBTC15M-26OCT042045-45,0.9950,0.01,no
2026-10-05T00:42:07.576665Z,KXBTC15M-26OCT042045-45,0.9950,0.01,no
2026-10-05T00:42:07.576665Z,KXBTC15M-26OCT042045-45,0.9940,81.79,no
2026-10-05T00:42:07.658587Z,KXBTC15M-26OCT042045-45,0.9950,14.91,yes
2026-10-05T00:42:07.753933Z,KXBTC15M-26OCT042045-45,0.9940,3.73,no
2026-10-05T00:42:07.965444Z,KXBTC15M-26OCT042045-45,0.9950,0.01,yes
2026-10-05T00:42:07.965444Z,KXBTC15M-26OCT042045-45,0.9950,14.00,yes
2026-10-05T00:42:07.965444Z,KXBTC15M-26OCT042045-45,0.9950,23.77,yes
2026-10-05T00:42:07.965444Z,KXBTC15M-26OCT042045-45,0.9950,0.01,yes
2026-10-05T00:42:07.986974Z,KXBTC15M-26OCT042045-45,0.9940,60.87,no
2026-10-05T00:42:07.986974Z,KXBTC15M-26OCT042045-45,0.9940,15.48,no
2026-10-05T00:42:08.009327Z,KXBTC15M-26OCT042045-45,0.9950,1.00,yes
2026-10-05T00:42:08.064429Z,KXBTC15M-26OCT042045-45,0.9950,19.32,yes
2026-10-05T00:42:08.227702Z,KXBTC15M-26OCT042045-45,0.9950,15.00,yes
2026-10-05T00:42:08.24793Z,KXBTC15M-26OCT042045-45,0.9940,152.71,no
2026-10-05T00:42:08.332997Z,KXBTC15M-26OCT042045-45,0.9940,15.58,no
2026-10-05T00:42:08.33735Z,KXBTC15M-26OCT042045-45,0.9940,227.00,no
2026-10-05T00:42:08.33735Z,KXBTC15M-26OCT042045-45,0.9940,0.01,no
2026-10-05T00:42:08.33735Z,KXBTC15M-26OCT042045-45,0.9940,29.00,no
2026-10-05T00:42:08.33735Z,KXBTC15M-26OCT042045-45,0.9940,0.01,no
2026-10-05T00:42:08.33735Z,KXBTC15M-26OCT042045-45,0.9940,13.00,no
2026-10-05T00:42:08.33735Z,KXBTC15M-26OCT042045-45,0.9940,170.84,no
2026-10-05T00:42:08.383657Z,KXBTC15M-26OCT042045-45,0.9950,35.00,yes
2026-10-05T00:42:08.438907Z,KXBTC15M-26OCT042045-45,0.9940,0.01,no
2026-10-05T00:42:08.438907Z,KXBTC15M-26OCT042045-45,0.9940,0.01,no
2026-10-05T00:42:08.438907Z,KXBTC15M-26OCT042045-45,0.9940,198.62,no
2026-10-05T00:42:08.438907Z,KXBTC15M-26OCT042045-45,0.9940,113.00,no
2026-10-05T00:42:08.874221Z,KXBTC15M-26OCT042045-45,0.9940,12.00,no
2026-10-05T00:42:08.874221Z,KXBTC15M-26OCT042045-45,0.9930,0.09,no
2026-10-05T00:42:08.874221Z,KXBTC15M-26OCT042045-45,0.9940,0.01,no
2026-10-05T00:42:08.874221Z,KXBTC15M-26OCT042045-45,0.9940,0.01,no
2026-10-05T00:42:08.874221Z,KXBTC15M-26OCT042045-45,0.9930,15.00,no
2026-10-05T00:42:08.874221Z,KXBTC15M-26OCT042045-45,0.9930,10.00,no
2026-10-05T00:42:08.929762Z,KXBTC15M-26OCT042045-45,0.9930,4.60,no
2026-10-05T00:42:08.935563Z,KXBTC15M-26OCT042045-45,0.9940,10.00,yes
2026-10-05T00:42:08.945892Z,KXBTC15M-26OCT042045-45,0.9940,200.93,yes
2026-10-05T00:42:09.020059Z,KXBTC15M-26OCT042045-45,0.9940,0.01,yes
2026-10-05T00:42:09.020059Z,KXBTC15M-26OCT042045-45,0.9940,0.01,yes
2026-10-05T00:42:09.020059Z,KXBTC15M-26OCT042045-45,0.9950,15.00,yes
2026-10-05T00:42:09.020059Z,KXBTC15M-26OCT042045-45,0.9950,94.00,yes
2026-10-05T00:42:09.020059Z,KXBTC15M-26OCT042045-45,0.9960,10.19,yes
2026-10-05T00:42:09.020059Z,KXBTC15M-26OCT042045-45,0.9950,15.00,yes
2026-10-05T00:42:09.020059Z,KXBTC15M-26OCT042045-45,0.9940,16.00,yes
2026-10-05T00:42:09.020059Z,KXBTC15M-26OCT042045-45,0.9960,10.00,yes
2026-10-05T00:42:09.020059Z,KXBTC15M-26OCT042045-45,0.9940,100.00,yes
2026-10-05T00:42:09.154606Z,KXBTC15M-26OCT042045-45,0.9940,0.01,yes
2026-10-05T00:42:09.154606Z,KXBTC15M-26OCT042045-45,0.9950,14.00,yes
2026-10-05T00:42:09.154606Z,KXBTC15M-26OCT042045-45,0.9950,10.29,yes
2026-10-05T00:42:09.154606Z,KXBTC15M-26OCT042045-45,0.9940,0.01,yes
2026-10-05T00:42:09.164534Z,KXBTC15M-26OCT042045-45,0.9930,27.48,no
2026-10-05T00:42:09.166391Z,KXBTC15M-26OCT042045-45,0.9940,9.29,yes
2026-10-05T00:42:09.210204Z,KXBTC15M-26OCT042045-45,0.9940,16.00,yes
2026-10-05T00:42:09.210204Z,KXBTC15M-26OCT042045-45,0.9940,0.01,yes
2026-10-05T00:42:09.210204Z,KXBTC15M-26OCT042045-45,0.9940,0.01,yes
2026-10-05T00:42:09.210204Z,KXBTC15M-26OCT042045-45,0.9940,3.42,yes
2026-10-05T00:42:09.321858Z,KXBTC15M-26OCT042045-45,0.9940,0.01,yes
2026-10-05T00:42:09.321858Z,KXBTC15M-26OCT042045-45,0.9940,0.01,yes
2026-10-05T00:42:09.321858Z,KXBTC15M-26OCT042045-45,0.9940,4.00,yes
2026-10-05T00:42:09.445897Z,KXBTC15M-26OCT042045-45,0.9970,824.95,yes
2026-10-05T00:42:09.445897Z,KXBTC15M-26OCT042045-45,0.9970,10.00,yes
2026-10-05T00:42:09.445897Z,KXBTC15M-26OCT042045-45,0.9960,915.00,yes
2026-10-05T00:42:09.445897Z,KXBTC15M-26OCT042045-45,0.9960,24.00,yes
2026-10-05T00:42:09.445897Z,KXBTC15M-26OCT042045-45,0.9960,11.00,yes
2026-10-05T00:42:09.445897Z,KXBTC15M-26OCT042045-45,0.9950,200.00,yes
2026-10-05T00:42:09.445897Z,KXBTC15M-26OCT042045-45,0.9960,4.00,yes
2026-10-05T00:42:09.445897Z,KXBTC15M-26OCT042045-45,0.9940,0.01,yes
2026-10-05T00:42:09.445897Z,KXBTC15M-26OCT042045-45,0.9940,100.00,yes
2026-10-05T00:42:09.445897Z,KXBTC15M-26OCT042045-45,0.9960,10.00,yes
2026-10-05T00:42:09.445897Z,KXBTC15M-26OCT042045-45,0.9950,129.71,yes
2026-10-05T00:42:09.445897Z,KXBTC15M-26OCT042045-45,0.9970,684.83,yes
2026-10-05T00:42:09.445897Z,KXBTC15M-26OCT042045-45,0.9970,38.00,yes
2026-10-05T00:42:09.465939Z,KXBTC15M-26OCT042045-45,0.9960,4.70,yes
2026-10-05T00:42:09.465939Z,KXBTC15M-26OCT042045-45,0.9960,15.00,yes
2026-10-05T00:42:09.536332Z,KXBTC15M-26OCT042045-45,0.9950,164.98,yes
2026-10-05T00:42:09.617244Z,KXBTC15M-26OCT042045-45,0.9940,14.00,no
2026-10-05T00:42:09.617244Z,KXBTC15M-26OCT042045-45,0.9940,491.11,no
2026-10-05T00:42:09.617244Z,KXBTC15M-26OCT042045-45,0.9940,15.00,no
2026-10-05T00:42:09.617244Z,KXBTC15M-26OCT042045-45,0.9940,0.01,no
2026-10-05T00:42:09.617244Z,KXBTC15M-26OCT042045-45,0.9940,0.01,no
2026-10-05T00:42:09.618147Z,KXBTC15M-26OCT042045-45,0.9950,200.93,yes
2026-10-05T00:42:09.664383Z,KXBTC15M-26OCT042045-45,0.9930,65.45,no
2026-10-05T00:42:09.689935Z,KXBTC15M-26OCT042045-45,0.9950,70.00,yes
2026-10-05T00:42:09.689935Z,KXBTC15M-26OCT042045-45,0.9950,46.89,yes
2026-10-05T00:42:09.689935Z,KXBTC15M-26OCT042045-45,0.9950,14.00,yes
2026-10-05T00:42:09.689935Z,KXBTC15M-26OCT042045-45,0.9950,134.09,yes
2026-10-05T00:42:09.689935Z,KXBTC15M-26OCT042045-45,0.9950,100.00,yes
2026-10-05T00:42:09.853757Z,KXBTC15M-26OCT042045-45,0.9950,49.80,yes
2026-10-05T00:42:09.88893Z,KXBTC15M-26OCT042045-45,0.9940,0.01,no
2026-10-05T00:42:09.88893Z,KXBTC15M-26OCT042045-45,0.9940,0.01,no
2026-10-05T00:42:09.88893Z,KXBTC15M-26OCT042045-45,0.9940,216.00,no
2026-10-05T00:42:09.88893Z,KXBTC15M-26OCT042045-45,0.9940,12.00,no
2026-10-05T00:42:09.90574Z,KXBTC15M-26OCT042045-45,0.9930,164.00,no
2026-10-05T00:42:09.90574Z,KXBTC15M-26OCT042045-45,0.9920,15.00,no
2026-10-05T00:42:09.90574Z,KXBTC15M-26OCT042045-45,0.9930,0.07,no
2026-10-05T00:42:09.90574Z,KXBTC15M-26OCT042045-45,0.9940,0.01,no
2026-10-05T00:42:09.90574Z,KXBTC15M-26OCT042045-45,0.9930,0.01,no
2026-10-05T00:42:09.90574Z,KXBTC15M-26OCT042045-45,0.9930,10.00,no
2026-10-05T00:42:09.90574Z,KXBTC15M-26OCT042045-45,0.9940,304.00,no
2026-10-05T00:42:09.90574Z,KXBTC15M-26OCT042045-45,0.9930,456.00,no
2026-10-05T00:42:09.90574Z,KXBTC15M-26OCT042045-45,0.9940,332.00,no
2026-10-05T00:42:09.90574Z,KXBTC15M-26OCT042045-45,0.9920,150.00,no
2026-10-05T00:42:09.90574Z,KXBTC15M-26OCT042045-45,0.9920,287.28,no
2026-10-05T00:42:09.90574Z,KXBTC15M-26OCT042045-45,0.9920,700.00,no
2026-10-05T00:42:09.90574Z,KXBTC15M-26OCT042045-45,0.9920,10.00,no
2026-10-05T00:42:09.90574Z,KXBTC15M-26OCT042045-45,0.9920,15.00,no
2026-10-05T00:42:09.906766Z,KXBTC15M-26OCT042045-45,0.9950,103.31,yes
2026-10-05T00:42:09.906766Z,KXBTC15M-26OCT042045-45,0.9950,86.69,yes
2026-10-05T00:42:09.934324Z,KXBTC15M-26OCT042045-45,0.9940,0.01,no
2026-10-05T00:42:09.934324Z,KXBTC15M-26OCT042045-45,0.9940,0.01,no
2026-10-05T00:42:10.028362Z,KXBTC15M-26OCT042045-45,0.9940,11.86,yes
2026-10-05T00:42:10.102123Z,KXBTC15M-26OCT042045-45,0.9940,13.08,yes
2026-10-05T00:42:10.162465Z,KXBTC15M-26OCT042045-45,0.9940,11.05,yes
2026-10-05T00:42:10.168119Z,KXBTC15M-26OCT042045-45,0.9940,301.40,yes
2026-10-05T00:42:10.176309Z,KXBTC15M-26OCT042045-45,0.9940,5.02,yes
2026-10-05T00:42:10.261038Z,KXBTC15M-26OCT042045-45,0.9930,0.01,no
2026-10-05T00:42:10.261038Z,KXBTC15M-26OCT042045-45,0.9930,0.01,no
2026-10-05T00:42:10.261038Z,KXBTC15M-26OCT042045-45,0.9930,5.96,no
2026-10-05T00:42:10.317182Z,KXBTC15M-26OCT042045-45,0.9930,80.00,no
2026-10-05T00:42:10.317182Z,KXBTC15M-26OCT042045-45,0.9930,0.01,no
2026-10-05T00:42:10.317182Z,KXBTC15M-26OCT042045-45,0.9930,0.01,no
2026-10-05T00:42:10.317182Z,KXBTC15M-26OCT042045-45,0.9930,15.04,no
2026-10-05T00:42:10.317182Z,KXBTC15M-26OCT042045-45,0.9920,20.67,no
2026-10-05T00:42:10.35202Z,KXBTC15M-26OCT042045-45,0.9920,2.91,no
2026-10-05T00:42:10.359078Z,KXBTC15M-26OCT042045-45,0.9910,2000.00,no
2026-10-05T00:42:10.359078Z,KXBTC15M-26OCT042045-45,0.9920,500.00,no
2026-10-05T00:42:10.359078Z,KXBTC15M-26OCT042045-45,0.9920,500.00,no
2026-10-05T00:42:10.359078Z,KXBTC15M-26OCT042045-45,0.9910,1000.00,no
2026-10-05T00:42:10.359078Z,KXBTC15M-26OCT042045-45,0.9920,0.01,no
2026-10-05T00:42:10.359078Z,KXBTC15M-26OCT042045-45,0.9910,200.00,no
2026-10-05T00:42:10.359078Z,KXBTC15M-26OCT042045-45,0.9920,200.00,no
2026-10-05T00:42:10.359078Z,KXBTC15M-26OCT042045-45,0.9920,300.00,no
2026-10-05T00:42:10.359078Z,KXBTC15M-26OCT042045-45,0.9920,0.01,no
2026-10-05T00:42:10.359078Z,KXBTC15M-26OCT042045-45,0.9920,15.00,no
2026-10-05T00:42:10.359078Z,KXBTC15M-26OCT042045-45,0.9920,12.00,no
2026-10-05T00:42:10.359078Z,KXBTC15M-26OCT042045-45,0.9920,0.10,no
2026-10-05T00:42:10.359078Z,KXBTC15M-26OCT042045-45,0.9920,150.00,no
2026-10-05T00:42:10.359078Z,KXBTC15M-26OCT042045-45,0.9920,272.40,no
2026-10-05T00:42:10.359078Z,KXBTC15M-26OCT042045-45,0.9900,679.58,no
2026-10-05T00:42:10.559661Z,KXBTC15M-26OCT042045-45,0.9930,22.12,yes
2026-10-05T00:42:10.563746Z,KXBTC15M-26OCT042045-45,0.9920,20.24,no
2026-10-05T00:42:10.563746Z,KXBTC15M-26OCT042045-45,0.9920,30.00,no
2026-10-05T00:42:10.70692Z,KXBTC15M-26OCT042045-45,0.9920,26.84,no
2026-10-05T00:42:10.820931Z,KXBTC15M-26OCT042045-45,0.9930,30.03,yes
2026-10-05T00:42:10.918536Z,KXBTC15M-26OCT042045-45,0.9930,1.00,yes
2026-10-05T00:42:10.939082Z,KXBTC15M-26OCT042045-45,0.9920,102.92,no
2026-10-05T00:42:10.939082Z,KXBTC15M-26OCT042045-45,0.9920,0.01,no
2026-10-05T00:42:10.939082Z,KXBTC15M-26OCT042045-45,0.9920,13.94,no
2026-10-05T00:42:10.939082Z,KXBTC15M-26OCT042045-45,0.9920,0.01,no
2026-10-05T00:42:10.993089Z,KXBTC15M-26OCT042045-45,0.9920,78.46,no
2026-10-05T00:42:10.993089Z,KXBTC15M-26OCT042045-45,0.9910,197.13,no
2026-10-05T00:42:10.993089Z,KXBTC15M-26OCT042045-45,0.9920,92.40,no
2026-10-05T00:42:10.993089Z,KXBTC15M-26OCT042045-45,0.9920,27.00,no
2026-10-05T00:42:10.993089Z,KXBTC15M-26OCT042045-45,0.9920,150.00,no
2026-10-05T00:42:10.993089Z,KXBTC15M-26OCT042045-45,0.9920,0.01,no
2026-10-05T00:42:10.993089Z,KXBTC15M-26OCT042045-45,0.9920,0.01,no
2026-10-05T00:42:11.011364Z,KXBTC15M-26OCT042045-45,0.9920,0.01,no
2026-10-05T00:42:11.011364Z,KXBTC15M-26OCT042045-45,0.9920,0.01,no
2026-10-05T00:42:11.051376Z,KXBTC15M-26OCT042045-45,0.9930,7.97,yes
2026-10-05T00:42:11.124831Z,KXBTC15M-26OCT042045-45,0.9920,11.45,no
2026-10-05T00:42:11.318416Z,KXBTC15M-26OCT042045-45,0.9930,61.00,yes
2026-10-05T00:42:11.318416Z,KXBTC15M-26OCT042045-45,0.9930,500.00,yes
2026-10-05T00:42:11.318416Z,KXBTC15M-26OCT042045-45,0.9940,250.00,yes
2026-10-05T00:42:11.318416Z,KXBTC15M-26OCT042045-45,0.9950,2108.06,yes
2026-10-05T00:42:11.318416Z,KXBTC15M-26OCT042045-45,0.9950,64.00,yes
2026-10-05T00:42:11.318416Z,KXBTC15M-26OCT042045-45,0.9940,200.00,yes
2026-10-05T00:42:11.318416Z,KXBTC15M-26OCT042045-45,0.9930,0.01,yes
2026-10-05T00:42:11.318416Z,KXBTC15M-26OCT042045-45,0.9940,14.98,yes
2026-10-05T00:42:11.318416Z,KXBTC15M-26OCT042045-45,0.9940,15.00,yes
2026-10-05T00:42:11.318416Z,KXBTC15M-26OCT042045-45,0.9930,500.00,yes
2026-10-05T00:42:11.318416Z,KXBTC15M-26OCT042045-45,0.9930,0.01,yes
2026-10-05T00:42:11.318416Z,KXBTC15M-26OCT042045-45,0.9930,984.88,yes
2026-10-05T00:42:11.318416Z,KXBTC15M-26OCT042045-45,0.9950,64.00,yes
2026-10-05T00:42:11.318416Z,KXBTC15M-26OCT042045-45,0.9930,200.00,yes
2026-10-05T00:42:11.318416Z,KXBTC15M-26OCT042045-45,0.9940,16.00,yes
2026-10-05T00:42:11.318416Z,KXBTC15M-26OCT042045-45,0.9940,35.00,yes
2026-10-05T00:42:11.318416Z,KXBTC15M-26OCT042045-45,0.9950,15.00,yes
2026-10-05T00:42:11.339014Z,KXBTC15M-26OCT042045-45,0.9920,12.60,no
2026-10-05T00:42:11.357167Z,KXBTC15M-26OCT042045-45,0.9930,0.01,yes
2026-10-05T00:42:11.357167Z,KXBTC15M-26OCT042045-45,0.9930,0.01,yes
2026-10-05T00:42:11.361802Z,KXBTC15M-26OCT042045-45,0.9940,39.56,yes
2026-10-05T00:42:11.361802Z,KXBTC15M-26OCT042045-45,0.9930,0.01,yes
2026-10-05T00:42:11.361802Z,KXBTC15M-26OCT042045-45,0.9940,0.01,yes
2026-10-05T00:42:11.395185Z,KXBTC15M-26OCT042045-45,0.9930,14.00,no
2026-10-05T00:42:11.395185Z,KXBTC15M-26OCT042045-45,0.9930,15.00,no
2026-10-05T00:42:11.395185Z,KXBTC15M-26OCT042045-45,0.9930,10.00,no
2026-10-05T00:42:11.395185Z,KXBTC15M-26OCT042045-45,0.9930,0.01,no
2026-10-05T00:42:11.395185Z,KXBTC15M-26OCT042045-45,0.9930,290.27,no
2026-10-05T00:42:11.395185Z,KXBTC15M-26OCT042045-45,0.9930,0.01,no
2026-10-05T00:42:11.395807Z,KXBTC15M-26OCT042045-45,0.9940,0.01,yes
2026-10-05T00:42:11.395807Z,KXBTC15M-26OCT042045-45,0.9940,0.01,yes
2026-10-05T00:42:11.395807Z,KXBTC15M-26OCT042045-45,0.9940,16.00,yes
2026-10-05T00:42:11.395807Z,KXBTC15M-26OCT042045-45,0.9950,43.16,yes
2026-10-05T00:42:11.406678Z,KXBTC15M-26OCT042045-45,0.9940,0.01,yes
2026-10-05T00:42:11.406678Z,KXBTC15M-26OCT042045-45,0.9950,311.63,yes
2026-10-05T00:42:11.407777Z,KXBTC15M-26OCT042045-45,0.9960,10.00,yes
2026-10-05T00:42:11.407777Z,KXBTC15M-26OCT042045-45,0.9950,0.01,yes
2026-10-05T00:42:11.407777Z,KXBTC15M-26OCT042045-45,0.9950,400.00,yes
2026-10-05T00:42:11.407777Z,KXBTC15M-26OCT042045-45,0.9960,200.00,yes
2026-10-05T00:42:11.407777Z,KXBTC15M-26OCT042045-45,0.9950,200.00,yes
2026-10-05T00:42:11.407777Z,KXBTC15M-26OCT042045-45,0.9950,100.00,yes
2026-10-05T00:42:11.407777Z,KXBTC15M-26OCT042045-45,0.9950,498.00,yes
2026-10-05T00:42:11.407777Z,KXBTC15M-26OCT042045-45,0.9960,15.00,yes
2026-10-05T00:42:11.407777Z,KXBTC15M-26OCT042045-45,0.9970,5359.86,yes
2026-10-05T00:42:11.407777Z,KXBTC15M-26OCT042045-45,0.9950,37.15,yes
2026-10-05T00:42:11.407777Z,KXBTC15M-26OCT042045-45,0.9970,10.00,yes
2026-10-05T00:42:11.407777Z,KXBTC15M-26OCT042045-45,0.9960,15.00,yes
2026-10-05T00:42:11.407777Z,KXBTC15M-26OCT042045-45,0.9960,10.00,yes
2026-10-05T00:42:11.407777Z,KXBTC15M-26OCT042045-45,0.9960,40.00,yes
2026-10-05T00:42:11.558316Z,KXBTC15M-26OCT042045-45,0.9940,0.01,yes
2026-10-05T00:42:11.558316Z,KXBTC15M-26OCT042045-45,0.9940,6.61,yes
2026-10-05T00:42:11.558316Z,KXBTC15M-26OCT042045-45,0.9940,0.01,yes
2026-10-05T00:42:11.558316Z,KXBTC15M-26OCT042045-45,0.9940,16.00,yes
2026-10-05T00:42:11.558316Z,KXBTC15M-26OCT042045-45,0.9940,15.00,yes
2026-10-05T00:42:11.660528Z,KXBTC15M-26OCT042045-45,0.9940,9.85,yes
2026-10-05T00:42:11.766456Z,KXBTC15M-26OCT042045-45,0.9930,0.01,no
2026-10-05T00:42:11.766456Z,KXBTC15M-26OCT042045-45,0.9930,0.01,no
2026-10-05T00:42:11.766456Z,KXBTC15M-26OCT042045-45,0.9930,4.66,no
2026-10-05T00:42:11.778644Z,KXBTC15M-26OCT042045-45,0.9930,116.88,no
2026-10-05T00:42:11.786012Z,KXBTC15M-26OCT042045-45,0.9940,48.20,yes
2026-10-05T00:42:11.786012Z,KXBTC15M-26OCT042045-45,0.9940,0.01,yes
2026-10-05T00:42:11.786012Z,KXBTC15M-26OCT042045-45,0.9940,0.01,yes
2026-10-05T00:42:11.786012Z,KXBTC15M-26OCT042045-45,0.9940,1.77,yes
2026-10-05T00:42:11.848089Z,KXBTC15M-26OCT042045-45,0.9940,0.01,yes
2026-10-05T00:42:11.848089Z,KXBTC15M-26OCT042045-45,0.9940,100.00,yes
2026-10-05T00:42:11.848089Z,KXBTC15M-26OCT042045-45,0.9940,400.00,yes
2026-10-05T00:42:11.848089Z,KXBTC15M-26OCT042045-45,0.9950,571.95,yes
2026-10-05T00:42:11.848089Z,KXBTC15M-26OCT042045-45,0.9940,0.01,yes
2026-10-05T00:42:11.858348Z,KXBTC15M-26OCT042045-45,0.9950,200.00,yes
2026-10-05T00:42:11.858348Z,KXBTC15M-26OCT042045-45,0.9950,0.01,yes
2026-10-05T00:42:11.858348Z,KXBTC15M-26OCT042045-45,0.9950,160.05,yes
2026-10-05T00:42:11.858348Z,KXBTC15M-26OCT042045-45,0.9950,394.00,yes
2026-10-05T00:42:11.858348Z,KXBTC15M-26OCT042045-45,0.9950,100.00,yes
2026-10-05T00:42:11.870738Z,KXBTC15M-26OCT042045-45,0.9950,0.01,yes
2026-10-05T00:42:11.870738Z,KXBTC15M-26OCT042045-45,0.9950,19.70,yes
2026-10-05T00:42:11.870738Z,KXBTC15M-26OCT042045-45,0.9940,0.01,yes
2026-10-05T00:42:11.996001Z,KXBTC15M-26OCT042045-45,0.9940,0.50,yes
2026-10-05T00:42:11.996001Z,KXBTC15M-26OCT042045-45,0.9940,0.01,yes
2026-10-05T00:42:12.003443Z,KXBTC15M-26OCT042045-45,0.9930,63.12,no
2026-10-05T00:42:12.008556Z,KXBTC15M-26OCT042045-45,0.9940,10.16,yes
2026-10-05T00:42:12.058246Z,KXBTC15M-26OCT042045-45,0.9930,43.56,no
2026-10-05T00:42:12.058246Z,KXBTC15M-26OCT042045-45,0.9930,87.34,no
2026-10-05T00:42:12.112092Z,KXBTC15M-26OCT042045-45,0.9940,149.99,yes
2026-10-05T00:42:12.194507Z,KXBTC15M-26OCT042045-45,0.9930,44.00,no
2026-10-05T00:42:12.252878Z,KXBTC15M-26OCT042045-45,0.9940,1.00,yes
2026-10-05T00:42:12.252878Z,KXBTC15M-26OCT042045-45,0.9940,0.01,yes
2026-10-05T00:42:12.252878Z,KXBTC15M-26OCT042045-45,0.9950,18.95,yes
2026-10-05T00:42:12.252878Z,KXBTC15M-26OCT042045-45,0.9940,16.00,yes
2026-10-05T00:42:12.427185Z,KXBTC15M-26OCT042045-45,0.9940,16.00,yes
2026-10-05T00:42:12.427185Z,KXBTC15M-26OCT042045-45,0.9940,0.01,yes
2026-10-05T00:42:12.427185Z,KXBTC15M-26OCT042045-45,0.9950,1.00,yes
2026-10-05T00:42:12.427185Z,KXBTC15M-26OCT042045-45,0.9950,198.13,yes
2026-10-05T00:42:12.427185Z,KXBTC15M-26OCT042045-45,0.9940,1.00,yes
2026-10-05T00:42:12.427185Z,KXBTC15M-26OCT042045-45,0.9950,178.05,yes
2026-10-05T00:42:12.57409Z,KXBTC15M-26OCT042045-45,0.9940,0.01,no
2026-10-05T00:42:12.57409Z,KXBTC15M-26OCT042045-45,0.9940,0.01,no
2026-10-05T00:42:12.57409Z,KXBTC15M-26OCT042045-45,0.9940,15.00,no
2026-10-05T00:42:12.57409Z,KXBTC15M-26OCT042045-45,0.9930,118.56,no
2026-10-05T00:42:12.613131Z,KXBTC15M-26OCT042045-45,0.9940,267.15,no
2026-10-05T00:42:12.654638Z,KXBTC15M-26OCT042045-45,0.9940,72.72,no
2026-10-05T00:42:12.654638Z,KXBTC15M-26OCT042045-45,0.9940,60.85,no
2026-10-05T00:42:12.654638Z,KXBTC15M-26OCT042045-45,0.9940,0.01,no
2026-10-05T00:42:12.700961Z,KXBTC15M-26OCT042045-45,0.9960,576.81,yes
2026-10-05T00:42:12.700961Z,KXBTC15M-26OCT042045-45,0.9950,500.00,yes
2026-10-05T00:42:12.700961Z,KXBTC15M-26OCT042045-45,0.9950,400.00,yes
2026-10-05T00:42:12.700961Z,KXBTC15M-26OCT042045-45,0.9950,200.00,yes
2026-10-05T00:42:12.700961Z,KXBTC15M-26OCT042045-45,0.9950,500.00,yes
2026-10-05T00:42:12.700961Z,KXBTC15M-26OCT042045-45,0.9950,100.00,yes
2026-10-05T00:42:12.700961Z,KXBTC15M-26OCT042045-45,0.9950,0.01,yes
2026-10-05T00:42:12.700961Z,KXBTC15M-26OCT042045-45,0.9950,0.01,yes
2026-10-05T00:42:12.700961Z,KXBTC15M-26OCT042045-45,0.9950,1.00,yes
2026-10-05T00:42:12.700961Z,KXBTC15M-26OCT042045-45,0.9950,98.00,yes
2026-10-05T00:42:12.700961Z,KXBTC15M-26OCT042045-45,0.9950,14.00,yes
2026-10-05T00:42:12.700961Z,KXBTC15M-26OCT042045-45,0.9950,15.00,yes
2026-10-05T00:42:12.700961Z,KXBTC15M-26OCT042045-45,0.9960,10.00,yes
2026-10-05T00:42:12.700961Z,KXBTC15M-26OCT042045-45,0.9960,10.00,yes
2026-10-05T00:42:12.70171Z,KXBTC15M-26OCT042045-45,0.9940,43.28,no
2026-10-05T00:42:12.70171Z,KXBTC15M-26OCT042045-45,0.9940,575.00,no
2026-10-05T00:42:12.70171Z,KXBTC15M-26OCT042045-45,0.9940,0.01,no
2026-10-05T00:42:12.70171Z,KXBTC15M-26OCT042045-45,0.9940,0.01,no
2026-10-05T00:42:12.70171Z,KXBTC15M-26OCT042045-45,0.9930,200.00,no
2026-10-05T00:42:12.70171Z,KXBTC15M-26OCT042045-45,0.9930,309.06,no
2026-10-05T00:42:12.70171Z,KXBTC15M-26OCT042045-45,0.9930,10.00,no
2026-10-05T00:42:12.70171Z,KXBTC15M-26OCT042045-45,0.9930,17.00,no
2026-10-05T00:42:12.841721Z,KXBTC15M-26OCT042045-45,0.9950,500.00,yes
2026-10-05T00:42:12.841721Z,KXBTC15M-26OCT042045-45,0.9950,100.00,yes
2026-10-05T00:42:12.841721Z,KXBTC15M-26OCT042045-45,0.9950,400.00,yes
2026-10-05T00:42:12.841721Z,KXBTC15M-26OCT042045-45,0.9950,14.00,yes
2026-10-05T00:42:12.841721Z,KXBTC15M-26OCT042045-45,0.9950,0.01,yes
2026-10-05T00:42:12.841721Z,KXBTC15M-26OCT042045-45,0.9950,1.00,yes
2026-10-05T00:42:12.841721Z,KXBTC15M-26OCT042045-45,0.9960,10.00,yes
2026-10-05T00:42:12.841721Z,KXBTC15M-26OCT042045-45,0.9950,0.01,yes
2026-10-05T00:42:12.841721Z,KXBTC15M-26OCT042045-45,0.9960,229.64,yes
2026-10-05T00:42:12.841721Z,KXBTC15M-26OCT042045-45,0.9960,10.00,yes
2026-10-05T00:42:12.841721Z,KXBTC15M-26OCT042045-45,0.9950,500.00,yes
2026-10-05T00:42:12.841721Z,KXBTC15M-26OCT042045-45,0.9960,1.00,yes
2026-10-05T00:42:12.841721Z,KXBTC15M-26OCT042045-45,0.9950,49.00,yes
2026-10-05T00:42:12.841721Z,KXBTC15M-26OCT042045-45,0.9960,200.00,yes
2026-10-05T00:42:12.841721Z,KXBTC15M-26OCT042045-45,0.9970,65.00,yes
2026-10-05T00:42:12.841721Z,KXBTC15M-26OCT042045-45,0.9970,2925.40,yes
2026-10-05T00:42:12.841721Z,KXBTC15M-26OCT042045-45,0.9970,10.00,yes
2026-10-05T00:42:12.858506Z,KXBTC15M-26OCT042045-45,0.9940,0.02,no
2026-10-05T00:42:12.965671Z,KXBTC15M-26OCT042045-45,0.9940,14.98,no
2026-10-05T00:42:12.965671Z,KXBTC15M-26OCT042045-45,0.9940,12.00,no
2026-10-05T00:42:12.965671Z,KXBTC15M-26OCT042045-45,0.9940,0.01,no
2026-10-05T00:42:12.965671Z,KXBTC15M-26OCT042045-45,0.9940,0.01,no
2026-10-05T00:42:12.965671Z,KXBTC15M-26OCT042045-45,0.9940,254.12,no
2026-10-05T00:42:12.970097Z,KXBTC15M-26OCT042045-45,0.9930,0.02,no
2026-10-05T00:42:13.071844Z,KXBTC15M-26OCT042045-45,0.9940,0.01,no
2026-10-05T00:42:13.071844Z,KXBTC15M-26OCT042045-45,0.9940,0.01,no
2026-10-05T00:42:13.12984Z,KXBTC15M-26OCT042045-45,0.9950,2.28,yes
2026-10-05T00:42:13.12984Z,KXBTC15M-26OCT042045-45,0.9950,0.01,yes
2026-10-05T00:42:13.285439Z,KXBTC15M-26OCT042045-45,0.9920,150.07,no
2026-10-05T00:42:13.285439Z,KXBTC15M-26OCT042045-45,0.9910,15.00,no
2026-10-05T00:42:13.285439Z,KXBTC15M-26OCT042045-45,0.9930,85.77,no
2026-10-05T00:42:13.285439Z,KXBTC15M-26OCT042045-45,0.9930,150.07,no
2026-10-05T00:42:13.285439Z,KXBTC15M-26OCT042045-45,0.9920,46.18,no
2026-10-05T00:42:13.285439Z,KXBTC15M-26OCT042045-45,0.9910,5.00,no
2026-10-05T00:42:13.285439Z,KXBTC15M-26OCT042045-45,0.9930,34.14,no
2026-10-05T00:42:13.285439Z,KXBTC15M-26OCT042045-45,0.9910,328.00,no
2026-10-05T00:42:13.285439Z,KXBTC15M-26OCT042045-45,0.9920,150.00,no
2026-10-05T00:42:13.285439Z,KXBTC15M-26OCT042045-45,0.9930,0.01,no
2026-10-05T00:42:13.285439Z,KXBTC15M-26OCT042045-45,0.9930,200.00,no
2026-10-05T00:42:13.285439Z,KXBTC15M-26OCT042045-45,0.9910,80.00,no
2026-10-05T00:42:13.285439Z,KXBTC15M-26OCT042045-45,0.9910,17.00,no
2026-10-05T00:42:13.285439Z,KXBTC15M-26OCT042045-45,0.9930,18.00,no
2026-10-05T00:42:13.285439Z,KXBTC15M-26OCT042045-45,0.9920,200.00,no
2026-10-05T00:42:13.285439Z,KXBTC15M-26OCT042045-45,0.9920,1000.00,no
2026-10-05T00:42:13.285439Z,KXBTC15M-26OCT042045-45,0.9930,0.01,no
2026-10-05T00:42:13.285439Z,KXBTC15M-26OCT042045-45,0.9920,10.00,no
2026-10-05T00:42:13.285439Z,KXBTC15M-26OCT042045-45,0.9900,929.81,no
2026-10-05T00:42:13.374721Z,KXBTC15M-26OCT042045-45,0.9930,283.18,yes
2026-10-05T00:42:13.374721Z,KXBTC15M-26OCT042045-45,0.9930,0.01,yes
2026-10-05T00:42:13.374721Z,KXBTC15M-26OCT042045-45,0.9930,500.00,yes
2026-10-05T00:42:13.374721Z,KXBTC15M-26OCT042045-45,0.9930,500.00,yes
2026-10-05T00:42:13.374721Z,KXBTC15M-26OCT042045-45,0.9930,523.00,yes
2026-10-05T00:42:13.374721Z,KXBTC15M-26OCT042045-45,0.9930,0.01,yes
2026-10-05T00:42:13.374721Z,KXBTC15M-26OCT042045-45,0.9930,200.00,yes
2026-10-05T00:42:13.384171Z,KXBTC15M-26OCT042045-45,0.9940,100.34,yes
2026-10-05T00:42:13.384171Z,KXBTC15M-26OCT042045-45,0.9930,0.01,yes
2026-10-05T00:42:13.384171Z,KXBTC15M-26OCT042045-45,0.9930,0.01,yes
2026-10-05T00:42:13.384171Z,KXBTC15M-26OCT042045-45,0.9930,15.00,yes
2026-10-05T00:42:13.483052Z,KXBTC15M-26OCT042045-45,0.9940,9.82,yes
2026-10-05T00:42:13.483052Z,KXBTC15M-26OCT042045-45,0.9930,0.01,yes
2026-10-05T00:42:13.483052Z,KXBTC15M-26OCT042045-45,0.9940,0.01,yes
2026-10-05T00:42:13.483052Z,KXBTC15M-26OCT042045-45,0.9940,0.01,yes
2026-10-05T00:42:13.486923Z,KXBTC15M-26OCT042045-45,0.9940,32.14,yes
2026-10-05T00:42:13.639097Z,KXBTC15M-26OCT042045-45,0.9950,1.00,yes
2026-10-05T00:42:13.639097Z,KXBTC15M-26OCT042045-45,0.9970,10.00,yes
2026-10-05T00:42:13.639097Z,KXBTC15M-26OCT042045-45,0.9960,1.00,yes
2026-10-05T00:42:13.639097Z,KXBTC15M-26OCT042045-45,0.9950,15.00,yes
2026-10-05T00:42:13.639097Z,KXBTC15M-26OCT042045-45,0.9970,1.00,yes
2026-10-05T00:42:13.639097Z,KXBTC15M-26OCT042045-45,0.9970,49.00,yes
2026-10-05T00:42:13.639097Z,KXBTC15M-26OCT042045-45,0.9960,10.00,yes
2026-10-05T00:42:13.639097Z,KXBTC15M-26OCT042045-45,0.9960,10.00,yes
2026-10-05T00:42:13.639097Z,KXBTC15M-26OCT042045-45,0.9970,24.33,yes
2026-10-05T00:42:13.639097Z,KXBTC15M-26OCT042045-45,0.9940,361.00,yes
2026-10-05T00:42:13.639097Z,KXBTC15M-26OCT042045-45,0.9960,15.00,yes
2026-10-05T00:42:13.639097Z,KXBTC15M-26OCT042045-45,0.9930,5.00,yes
2026-10-05T00:42:13.717432Z,KXBTC15M-26OCT042045-45,0.9930,10.00,no
2026-10-05T00:42:13.717432Z,KXBTC15M-26OCT042045-45,0.9920,43.29,no
2026-10-05T00:42:13.717432Z,KXBTC15M-26OCT042045-45,0.9940,0.01,no
2026-10-05T00:42:13.717432Z,KXBTC15M-26OCT042045-45,0.9930,0.01,no
2026-10-05T00:42:13.717432Z,KXBTC15M-26OCT042045-45,0.9940,15.00,no
2026-10-05T00:42:13.717432Z,KXBTC15M-26OCT042045-45,0.9930,0.01,no
2026-10-05T00:42:13.717432Z,KXBTC15M-26OCT042045-45,0.9940,13.00,no
2026-10-05T00:42:13.717432Z,KXBTC15M-26OCT042045-45,0.9940,0.01,no
2026-10-05T00:42:13.788879Z,KXBTC15M-26OCT042045-45,0.9940,0.01,no
2026-10-05T00:42:13.788879Z,KXBTC15M-26OCT042045-45,0.9920,4.60,no
2026-10-05T00:42:13.788879Z,KXBTC15M-26OCT042045-45,0.9920,10.00,no
2026-10-05T00:42:13.788879Z,KXBTC15M-26OCT042045-45,0.9920,0.01,no
2026-10-05T00:42:13.788879Z,KXBTC15M-26OCT042045-45,0.9940,0.01,no
2026-10-05T00:42:13.788879Z,KXBTC15M-26OCT042045-45,0.9920,0.01,no
2026-10-05T00:42:13.788879Z,KXBTC15M-26OCT042045-45,0.9920,20.71,no
2026-10-05T00:42:13.815352Z,KXBTC15M-26OCT042045-45,0.9950,5.02,yes
2026-10-05T00:42:13.961358Z,KXBTC15M-26OCT042045-45,0.9950,114.00,yes
2026-10-05T00:42:13.971741Z,KXBTC15M-26OCT042045-45,0.9950,732.00,yes
2026-10-05T00:42:13.971741Z,KXBTC15M-26OCT042045-45,0.9950,15.00,yes
2026-10-05T00:42:13.971741Z,KXBTC15M-26OCT042045-45,0.9950,280.98,yes
2026-10-05T00:42:13.971741Z,KXBTC15M-26OCT042045-45,0.9950,181.00,yes
2026-10-05T00:42:13.971741Z,KXBTC15M-26OCT042045-45,0.9950,200.00,yes
2026-10-05T00:42:13.971741Z,KXBTC15M-26OCT042045-45,0.9950,100.00,yes
2026-10-05T00:42:13.971741Z,KXBTC15M-26OCT042045-45,0.9950,0.01,yes
2026-10-05T00:42:13.971741Z,KXBTC15M-26OCT042045-45,0.9950,0.01,yes
2026-10-05T00:42:13.971741Z,KXBTC15M-26OCT042045-45,0.9950,85.78,yes
2026-10-05T00:42:13.971741Z,KXBTC15M-26OCT042045-45,0.9950,233.24,yes
2026-10-05T00:42:14.182902Z,KXBTC15M-26OCT042045-45,0.9940,0.01,no
2026-10-05T00:42:14.182902Z,KXBTC15M-26OCT042045-45,0.9940,12.00,no
2026-10-05T00:42:14.182902Z,KXBTC15M-26OCT042045-45,0.9940,0.01,no
2026-10-05T00:42:14.182902Z,KXBTC15M-26OCT042045-45,0.9940,75.26,no
2026-10-05T00:42:14.239089Z,KXBTC15M-26OCT042045-45,0.9940,115.74,no
2026-10-05T00:42:14.284676Z,KXBTC15M-26OCT042045-45,0.9940,264.00,no
2026-10-05T00:42:14.284676Z,KXBTC15M-26OCT042045-45,0.9940,1200.62,no
2026-10-05T00:42:14.284676Z,KXBTC15M-26OCT042045-45,0.9940,500.00,no
2026-10-05T00:42:14.284676Z,KXBTC15M-26OCT042045-45,0.9940,425.00,no
2026-10-05T00:42:14.284676Z,KXBTC15M-26OCT042045-45,0.9940,885.27,no
2026-10-05T00:42:14.495181Z,KXBTC15M-26OCT042045-45,0.9940,43.95,no
2026-10-05T00:42:14.769479Z,KXBTC15M-26OCT042045-45,0.9940,77.91,no
2026-10-05T00:42:14.818729Z,KXBTC15M-26OCT042045-45,0.9950,48.99,yes
2026-10-05T00:42:14.818729Z,KXBTC15M-26OCT042045-45,0.9950,1.00,yes
2026-10-05T00:42:14.818729Z,KXBTC15M-26OCT042045-45,0.9950,0.01,yes
2026-10-05T00:42:15.003214Z,KXBTC15M-26OCT042045-45,0.9940,152.71,no
2026-10-05T00:42:15.125618Z,KXBTC15M-26OCT042045-45,0.9940,4.39,no
2026-10-05T00:42:15.447739Z,KXBTC15M-26OCT042045-45,0.9940,116.32,no
2026-10-05T00:42:15.447739Z,KXBTC15M-26OCT042045-45,0.9940,36.39,no
2026-10-05T00:42:15.464823Z,KXBTC15M-26OCT042045-45,0.9940,0.01,no
2026-10-05T00:42:15.464823Z,KXBTC15M-26OCT042045-45,0.9940,0.01,no
2026-10-05T00:42:15.464823Z,KXBTC15M-26OCT042045-45,0.9940,11.00,no
2026-10-05T00:42:15.464823Z,KXBTC15M-26OCT042045-45,0.9940,211.32,no
2026-10-05T00:42:15.464823Z,KXBTC15M-26OCT042045-45,0.9940,89.30,no
2026-10-05T00:42:15.46984Z,KXBTC15M-26OCT042045-45,0.9950,1.00,yes
2026-10-05T00:42:15.50352Z,KXBTC15M-26OCT042045-45,0.9950,167.84,yes
2026-10-05T00:42:15.50352Z,KXBTC15M-26OCT042045-45,0.9950,1.00,yes
2026-10-05T00:42:15.50352Z,KXBTC15M-26OCT042045-45,0.9950,0.01,yes
2026-10-05T00:42:15.50352Z,KXBTC15M-26OCT042045-45,0.9950,0.01,yes
2026-10-05T00:42:15.50352Z,KXBTC15M-26OCT042045-45,0.9950,400.00,yes
2026-10-05T00:42:15.50352Z,KXBTC15M-26OCT042045-45,0.9950,50.01,yes
2026-10-05T00:42:15.555624Z,KXBTC15M-26OCT042045-45,0.9950,5.02,yes
2026-10-05T00:42:15.59352Z,KXBTC15M-26OCT042045-45,0.9950,94.98,yes
2026-10-05T00:42:15.59352Z,KXBTC15M-26OCT042045-45,0.9950,90.00,yes
2026-10-05T00:42:15.59352Z,KXBTC15M-26OCT042045-45,0.9950,400.00,yes
2026-10-05T00:42:15.59352Z,KXBTC15M-26OCT042045-45,0.9950,0.01,yes
2026-10-05T00:42:15.59352Z,KXBTC15M-26OCT042045-45,0.9950,17.80,yes
2026-10-05T00:42:15.59352Z,KXBTC15M-26OCT042045-45,0.9950,0.01,yes
2026-10-05T00:42:15.594899Z,KXBTC15M-26OCT042045-45,0.9940,444.99,no
2026-10-05T00:42:15.691586Z,KXBTC15M-26OCT042045-45,0.9950,5.02,yes
2026-10-05T00:42:15.753113Z,KXBTC15M-26OCT042045-45,0.9940,3.00,no
2026-10-05T00:42:15.760399Z,KXBTC15M-26OCT042045-45,0.9940,102.32,no
2026-10-05T00:42:15.845073Z,KXBTC15M-26OCT042045-45,0.9940,149.59,no
2026-10-05T00:42:15.931989Z,KXBTC15M-26OCT042045-45,0.9940,1.02,no
2026-10-05T00:42:15.997742Z,KXBTC15M-26OCT042045-45,0.9940,320.99,no
2026-10-05T00:42:15.997742Z,KXBTC15M-26OCT042045-45,0.9940,1227.25,no
2026-10-05T00:42:15.997742Z,KXBTC15M-26OCT042045-45,0.9940,10.00,no
2026-10-05T00:42:16.173058Z,KXBTC15M-26OCT042045-45,0.9950,0.02,yes
2026-10-05T00:42:16.228211Z,KXBTC15M-26OCT042045-45,0.9950,18.05,yes
2026-10-05T00:42:16.380086Z,KXBTC15M-26OCT042045-45,0.9950,5.02,yes
2026-10-05T00:42:16.386677Z,KXBTC15M-26OCT042045-45,0.9940,722.80,no
2026-10-05T00:42:16.386677Z,KXBTC15M-26OCT042045-45,0.9940,0.01,no
2026-10-05T00:42:16.386677Z,KXBTC15M-26OCT042045-45,0.9940,0.01,no
2026-10-05T00:42:16.386677Z,KXBTC15M-26OCT042045-45,0.9940,40.72,no
2026-10-05T00:42:16.512751Z,KXBTC15M-26OCT042045-45,0.9950,2.52,yes
2026-10-05T00:42:16.524955Z,KXBTC15M-26OCT042045-45,0.9950,27.26,yes
2026-10-05T00:42:16.639302Z,KXBTC15M-26OCT042045-45,0.9940,203.28,no
2026-10-05T00:42:16.639302Z,KXBTC15M-26OCT042045-45,0.9940,108.36,no
2026-10-05T00:42:16.706031Z,KXBTC15M-26OCT042045-45,0.9950,0.01,yes
2026-10-05T00:42:16.706031Z,KXBTC15M-26OCT042045-45,0.9950,45.00,yes
2026-10-05T00:42:16.706031Z,KXBTC15M-26OCT042045-45,0.9950,221.93,yes
2026-10-05T00:42:16.706031Z,KXBTC15M-26OCT042045-45,0.9950,1.00,yes
2026-10-05T00:42:16.706031Z,KXBTC15M-26OCT042045-45,0.9950,142.11,yes
2026-10-05T00:42:16.706031Z,KXBTC15M-26OCT042045-45,0.9950,400.00,yes
2026-10-05T00:42:16.706031Z,KXBTC15M-26OCT042045-45,0.9950,0.01,yes
2026-10-05T00:42:16.706031Z,KXBTC15M-26OCT042045-45,0.9950,100.00,yes
2026-10-05T00:42:16.801674Z,KXBTC15M-26OCT042045-45,0.9940,10.00,no
2026-10-05T00:42:16.801674Z,KXBTC15M-26OCT042045-45,0.9940,0.01,no
2026-10-05T00:42:16.801674Z,KXBTC15M-26OCT042045-45,0.9940,0.01,no
2026-10-05T00:42:16.801674Z,KXBTC15M-26OCT042045-45,0.9940,232.19,no
2026-10-05T00:42:16.801674Z,KXBTC15M-26OCT042045-45,0.9940,10.00,no
2026-10-05T00:42:16.865397Z,KXBTC15M-26OCT042045-45,0.9950,0.01,yes
2026-10-05T00:42:16.865397Z,KXBTC15M-26OCT042045-45,0.9950,0.01,yes
2026-10-05T00:42:16.865397Z,KXBTC15M-26OCT042045-45,0.9950,278.07,yes
2026-10-05T00:42:16.865397Z,KXBTC15M-26OCT042045-45,0.9950,425.18,yes
2026-10-05T00:42:17.005375Z,KXBTC15M-26OCT042045-45,0.9940,0.01,no
2026-10-05T00:42:17.005375Z,KXBTC15M-26OCT042045-45,0.9940,7.27,no
2026-10-05T00:42:17.005375Z,KXBTC15M-26OCT042045-45,0.9940,0.01,no
2026-10-05T00:42:17.108446Z,KXBTC15M-26OCT042045-45,0.9950,5.02,yes
2026-10-05T00:42:17.138196Z,KXBTC15M-26OCT042045-45,0.9930,344.98,no
2026-10-05T00:42:17.138196Z,KXBTC15M-26OCT042045-45,0.9930,10.00,no
2026-10-05T00:42:17.138196Z,KXBTC15M-26OCT042045-45,0.9940,0.01,no
2026-10-05T00:42:17.138196Z,KXBTC15M-26OCT042045-45,0.9940,15.00,no
2026-10-05T00:42:17.138196Z,KXBTC15M-26OCT042045-45,0.9940,0.01,no
2026-10-05T00:42:17.139174Z,KXBTC15M-26OCT042045-45,0.9930,21.88,no
2026-10-05T00:42:17.235929Z,KXBTC15M-26OCT042045-45,0.9930,0.15,no
2026-10-05T00:42:17.475552Z,KXBTC15M-26OCT042045-45,0.9950,5.28,yes
2026-10-05T00:42:17.477793Z,KXBTC15M-26OCT042045-45,0.9950,1.00,yes
2026-10-05T00:42:17.477793Z,KXBTC15M-26OCT042045-45,0.9950,0.01,yes
2026-10-05T00:42:17.477793Z,KXBTC15M-26OCT042045-45,0.9950,400.00,yes
2026-10-05T00:42:17.477793Z,KXBTC15M-26OCT042045-45,0.9950,189.70,yes
2026-10-05T00:42:17.477793Z,KXBTC15M-26OCT042045-45,0.9950,0.01,yes
2026-10-05T00:42:17.477793Z,KXBTC15M-26OCT042045-45,0.9950,23.00,yes
2026-10-05T00:42:17.477793Z,KXBTC15M-26OCT042045-45,0.9950,100.00,yes
2026-10-05T00:42:17.477793Z,KXBTC15M-26OCT042045-45,0.9950,251.52,yes
2026-10-05T00:42:17.477793Z,KXBTC15M-26OCT042045-45,0.9950,15.00,yes
2026-10-05T00:42:17.477793Z,KXBTC15M-26OCT042045-45,0.9950,500.00,yes
2026-10-05T00:42:17.621298Z,KXBTC15M-26OCT042045-45,0.9940,0.01,no
2026-10-05T00:42:17.621298Z,KXBTC15M-26OCT042045-45,0.9940,0.01,no
2026-10-05T00:42:17.665266Z,KXBTC15M-26OCT042045-45,0.9950,2.89,yes
2026-10-05T00:42:17.665266Z,KXBTC15M-26OCT042045-45,0.9950,0.01,yes
2026-10-05T00:42:17.665266Z,KXBTC15M-26OCT042045-45,0.9950,0.01,yes
2026-10-05T00:42:17.952692Z,KXBTC15M-26OCT042045-45,0.9950,4.10,yes
2026-10-05T00:42:18.007896Z,KXBTC15M-26OCT042045-45,0.9940,1.31,no
2026-10-05T00:42:18.028244Z,KXBTC15M-26OCT042045-45,0.9940,118.54,no
2026-10-05T00:42:18.028244Z,KXBTC15M-26OCT042045-45,0.9940,0.01,no
2026-10-05T00:42:18.028244Z,KXBTC15M-26OCT042045-45,0.9940,13.69,no
2026-10-05T00:42:18.028244Z,KXBTC15M-26OCT042045-45,0.9940,0.01,no
2026-10-05T00:42:18.069382Z,KXBTC15M-26OCT042045-45,0.9950,0.47,yes
2026-10-05T00:42:18.092204Z,KXBTC15M-26OCT042045-45,0.9930,20.00,no
2026-10-05T00:42:18.092204Z,KXBTC15M-26OCT042045-45,0.9930,112.24,no
2026-10-05T00:42:18.092204Z,KXBTC15M-26OCT042045-45,0.9940,0.01,no
2026-10-05T00:42:18.092204Z,KXBTC15M-26OCT042045-45,0.9940,0.01,no
2026-10-05T00:42:18.172818Z,KXBTC15M-26OCT042045-45,0.9930,263.40,no
2026-10-05T00:42:18.172818Z,KXBTC15M-26OCT042045-45,0.9940,0.01,no
2026-10-05T00:42:18.172818Z,KXBTC15M-26OCT042045-45,0.9940,0.01,no
2026-10-05T00:42:18.172818Z,KXBTC15M-26OCT042045-45,0.9930,0.01,no
2026-10-05T00:42:18.33362Z,KXBTC15M-26OCT042045-45,0.9940,0.01,no
2026-10-05T00:42:18.33362Z,KXBTC15M-26OCT042045-45,0.9930,0.98,no
2026-10-05T00:42:18.33362Z,KXBTC15M-26OCT042045-45,0.9940,0.01,no
2026-10-05T00:42:18.367715Z,KXBTC15M-26OCT042045-45,0.9930,167.77,no
2026-10-05T00:42:18.367715Z,KXBTC15M-26OCT042045-45,0.9930,17.02,no
2026-10-05T00:42:18.367715Z,KXBTC15M-26OCT042045-45,0.9940,0.01,no
2026-10-05T00:42:18.367715Z,KXBTC15M-26OCT042045-45,0.9940,0.01,no
2026-10-05T00:42:18.373793Z,KXBTC15M-26OCT042045-45,0.9930,532.94,no
2026-10-05T00:42:18.373793Z,KXBTC15M-26OCT042045-45,0.9940,0.01,no
2026-10-05T00:42:18.373793Z,KXBTC15M-26OCT042045-45,0.9940,0.01,no
2026-10-05T00:42:18.453482Z,KXBTC15M-26OCT042045-45,0.9930,0.17,no
2026-10-05T00:42:18.453482Z,KXBTC15M-26OCT042045-45,0.9940,0.01,no
2026-10-05T00:42:18.453482Z,KXBTC15M-26OCT042045-45,0.9940,0.01,no
2026-10-05T00:42:18.496783Z,KXBTC15M-26OCT042045-45,0.9950,0.01,yes
2026-10-05T00:42:18.496783Z,KXBTC15M-26OCT042045-45,0.9950,6.43,yes
2026-10-05T00:42:18.496783Z,KXBTC15M-26OCT042045-45,0.9950,400.00,yes
2026-10-05T00:42:18.496783Z,KXBTC15M-26OCT042045-45,0.9950,1.00,yes
2026-10-05T00:42:18.496783Z,KXBTC15M-26OCT042045-45,0.9950,0.01,yes
2026-10-05T00:42:18.496783Z,KXBTC15M-26OCT042045-45,0.9950,85.04,yes
2026-10-05T00:42:18.591889Z,KXBTC15M-26OCT042045-45,0.9950,36.03,yes
2026-10-05T00:42:18.674327Z,KXBTC15M-26OCT042045-45,0.9970,250.00,yes
2026-10-05T00:42:18.674327Z,KXBTC15M-26OCT042045-45,0.9970,1.00,yes
2026-10-05T00:42:18.674327Z,KXBTC15M-26OCT042045-45,0.9960,15.00,yes
2026-10-05T00:42:18.674327Z,KXBTC15M-26OCT042045-45,0.9960,10.00,yes
2026-10-05T00:42:18.674327Z,KXBTC15M-26OCT042045-45,0.9970,52.00,yes
2026-10-05T00:42:18.674327Z,KXBTC15M-26OCT042045-45,0.9960,1.00,yes
2026-10-05T00:42:18.674327Z,KXBTC15M-26OCT042045-45,0.9970,547.34,yes
2026-10-05T00:42:18.674327Z,KXBTC15M-26OCT042045-45,0.9970,10.00,yes
2026-10-05T00:42:18.674327Z,KXBTC15M-26OCT042045-45,0.9950,15.00,yes
2026-10-05T00:42:18.674327Z,KXBTC15M-26OCT042045-45,0.9950,500.00,yes
2026-10-05T00:42:18.674327Z,KXBTC15M-26OCT042045-45,0.9950,0.01,yes
2026-10-05T00:42:18.674327Z,KXBTC15M-26OCT042045-45,0.9950,6.00,yes
2026-10-05T00:42:18.674327Z,KXBTC15M-26OCT042045-45,0.9950,400.00,yes
2026-10-05T00:42:18.674327Z,KXBTC15M-26OCT042045-45,0.9950,0.01,yes
2026-10-05T00:42:18.674327Z,KXBTC15M-26OCT042045-45,0.9960,915.00,yes
2026-10-05T00:42:18.674327Z,KXBTC15M-26OCT042045-45,0.9950,500.00,yes
2026-10-05T00:42:18.674327Z,KXBTC15M-26OCT042045-45,0.9950,216.37,yes
2026-10-05T00:42:18.674327Z,KXBTC15M-26OCT042045-45,0.9950,1.00,yes
2026-10-05T00:42:18.674327Z,KXBTC15M-26OCT042045-45,0.9950,78.93,yes
2026-10-05T00:42:18.674327Z,KXBTC15M-26OCT042045-45,0.9960,200.00,yes
2026-10-05T00:42:18.674327Z,KXBTC15M-26OCT042045-45,0.9970,24.00,yes
2026-10-05T00:42:18.674327Z,KXBTC15M-26OCT042045-45,0.9960,915.00,yes
2026-10-05T00:42:18.674327Z,KXBTC15M-26OCT042045-45,0.9950,100.00,yes
2026-10-05T00:42:18.674327Z,KXBTC15M-26OCT042045-45,0.9970,261.00,yes
2026-10-05T00:42:18.770895Z,KXBTC15M-26OCT042045-45,0.9950,0.01,yes
2026-10-05T00:42:18.770895Z,KXBTC15M-26OCT042045-45,0.9950,3.00,yes
2026-10-05T00:42:18.770895Z,KXBTC15M-26OCT042045-45,0.9950,106.44,yes
2026-10-05T00:42:18.770895Z,KXBTC15M-26OCT042045-45,0.9950,0.01,yes
2026-10-05T00:42:18.794637Z,KXBTC15M-26OCT042045-45,0.9950,1.00,yes
2026-10-05T00:42:18.794637Z,KXBTC15M-26OCT042045-45,0.9950,0.01,yes
2026-10-05T00:42:18.794637Z,KXBTC15M-26OCT042045-45,0.9950,0.01,yes
2026-10-05T00:42:18.794637Z,KXBTC15M-26OCT042045-45,0.9950,3.00,yes
2026-10-05T00:42:18.794637Z,KXBTC15M-26OCT042045-45,0.9950,1.00,yes
2026-10-05T00:42:18.800638Z,KXBTC15M-26OCT042045-45,0.9950,4.00,yes
2026-10-05T00:42:18.93806Z,KXBTC15M-26OCT042045-45,0.9940,0.01,no
2026-10-05T00:42:18.93806Z,KXBTC15M-26OCT042045-45,0.9940,120.24,no
2026-10-05T00:42:18.93806Z,KXBTC15M-26OCT042045-45,0.9940,12.00,no
2026-10-05T00:42:18.93806Z,KXBTC15M-26OCT042045-45,0.9940,0.01,no
2026-10-05T00:42:18.977029Z,KXBTC15M-26OCT042045-45,0.9950,0.01,yes
2026-10-05T00:42:18.977029Z,KXBTC15M-26OCT042045-45,0.9950,8.45,yes
2026-10-05T00:42:18.977029Z,KXBTC15M-26OCT042045-45,0.9950,0.01,yes
2026-10-05T00:42:19.324787Z,KXBTC15M-26OCT042045-45,0.9940,65.22,no
2026-10-05T00:42:19.324787Z,KXBTC15M-26OCT042045-45,0.9940,1.00,no
2026-10-05T00:42:19.324787Z,KXBTC15M-26OCT042045-45,0.9940,11.00,no
2026-10-05T00:42:19.324787Z,KXBTC15M-26OCT042045-45,0.9940,129.76,no
2026-10-05T00:42:19.324787Z,KXBTC15M-26OCT042045-45,0.9940,0.01,no
2026-10-05T00:42:19.324787Z,KXBTC15M-26OCT042045-45,0.9940,0.01,no
2026-10-05T00:42:19.324787Z,KXBTC15M-26OCT042045-45,0.9940,184.00,no
2026-10-05T00:42:19.324787Z,KXBTC15M-26OCT042045-45,0.9940,212.00,no
2026-10-05T00:42:19.324787Z,KXBTC15M-26OCT042045-45,0.9940,10.00,no
2026-10-05T00:42:19.341227Z,KXBTC15M-26OCT042045-45,0.9950,5.31,yes
2026-10-05T00:42:19.355053Z,KXBTC15M-26OCT042045-45,0.9950,1.00,yes
2026-10-05T00:42:19.355053Z,KXBTC15M-26OCT042045-45,0.9950,500.00,yes
2026-10-05T00:42:19.355053Z,KXBTC15M-26OCT042045-45,0.9960,1.00,yes
2026-10-05T00:42:19.355053Z,KXBTC15M-26OCT042045-45,0.9950,186.12,yes
2026-10-05T00:42:19.355053Z,KXBTC15M-26OCT042045-45,0.9960,15.00,yes
2026-10-05T00:42:19.355053Z,KXBTC15M-26OCT042045-45,0.9950,386.24,yes
2026-10-05T00:42:19.355053Z,KXBTC15M-26OCT042045-45,0.9950,0.01,yes
2026-10-05T00:42:19.355053Z,KXBTC15M-26OCT042045-45,0.9950,0.01,yes
2026-10-05T00:42:19.355053Z,KXBTC15M-26OCT042045-45,0.9950,1.00,yes
2026-10-05T00:42:19.355053Z,KXBTC15M-26OCT042045-45,0.9960,184.45,yes
2026-10-05T00:42:19.414371Z,KXBTC15M-26OCT042045-45,0.9950,0.01,yes
2026-10-05T00:42:19.414371Z,KXBTC15M-26OCT042045-45,0.9950,79.76,yes
2026-10-05T00:42:19.414371Z,KXBTC15M-26OCT042045-45,0.9950,0.01,yes
2026-10-05T00:42:19.499962Z,KXBTC15M-26OCT042045-45,0.9950,48.23,yes
2026-10-05T00:42:19.499962Z,KXBTC15M-26OCT042045-45,0.9950,0.01,yes
2026-10-05T00:42:19.499962Z,KXBTC15M-26OCT042045-45,0.9950,1.00,yes
2026-10-05T00:42:19.499962Z,KXBTC15M-26OCT042045-45,0.9950,0.01,yes
2026-10-05T00:42:19.510449Z,KXBTC15M-26OCT042045-45,0.9940,0.01,no
2026-10-05T00:42:19.510449Z,KXBTC15M-26OCT042045-45,0.9940,0.01,no
2026-10-05T00:42:19.510449Z,KXBTC15M-26OCT042045-45,0.9940,118.68,no
2026-10-05T00:42:19.510449Z,KXBTC15M-26OCT042045-45,0.9940,192.94,no
2026-10-05T00:42:19.671529Z,KXBTC15M-26OCT042045-45,0.9950,4.27,yes
2026-10-05T00:42:19.761881Z,KXBTC15M-26OCT042045-45,0.9940,155.00,no
2026-10-05T00:42:19.780247Z,KXBTC15M-26OCT042045-45,0.9940,2.00,no
2026-10-05T00:42:19.797506Z,KXBTC15M-26OCT042045-45,0.9940,37.99,no
2026-10-05T00:42:19.844414Z,KXBTC15M-26OCT042045-45,0.9950,197.92,yes
2026-10-05T00:42:19.893227Z,KXBTC15M-26OCT042045-45,0.9940,61.00,no
2026-10-05T00:42:19.91623Z,KXBTC15M-26OCT042045-45,0.9950,31.29,yes
2026-10-05T00:42:19.959233Z,KXBTC15M-26OCT042045-45,0.9950,1.00,yes
2026-10-05T00:42:19.966571Z,KXBTC15M-26OCT042045-45,0.9960,795.30,yes
2026-10-05T00:42:19.966571Z,KXBTC15M-26OCT042045-45,0.9960,112.01,yes
2026-10-05T00:42:19.966571Z,KXBTC15M-26OCT042045-45,0.9960,15.00,yes
2026-10-05T00:42:19.966571Z,KXBTC15M-26OCT042045-45,0.9950,500.00,yes
2026-10-05T00:42:19.966571Z,KXBTC15M-26OCT042045-45,0.9950,0.01,yes
2026-10-05T00:42:19.966571Z,KXBTC15M-26OCT042045-45,0.9950,117.29,yes
2026-10-05T00:42:19.966571Z,KXBTC15M-26OCT042045-45,0.9950,0.01,yes
2026-10-05T00:42:19.966571Z,KXBTC15M-26OCT042045-45,0.9950,1.00,yes
2026-10-05T00:42:19.966571Z,KXBTC15M-26OCT042045-45,0.9960,1.00,yes
2026-10-05T00:42:19.966571Z,KXBTC15M-26OCT042045-45,0.9950,112.01,yes
2026-10-05T00:42:19.966571Z,KXBTC15M-26OCT042045-45,0.9960,10.00,yes
2026-10-05T00:42:20.228576Z,KXBTC15M-26OCT042045-45,0.9950,4.98,yes
2026-10-05T00:42:20.228576Z,KXBTC15M-26OCT042045-45,0.9950,0.01,yes
2026-10-05T00:42:20.228576Z,KXBTC15M-26OCT042045-45,0.9950,0.01,yes
2026-10-05T00:42:20.277245Z,KXBTC15M-26OCT042045-45,0.9940,0.30,no
2026-10-05T00:42:20.277245Z,KXBTC15M-26OCT042045-45,0.9940,0.01,no
2026-10-05T00:42:20.277245Z,KXBTC15M-26OCT042045-45,0.9940,4.92,no
2026-10-05T00:42:20.277245Z,KXBTC15M-26OCT042045-45,0.9940,0.01,no
2026-10-05T00:42:20.294327Z,KXBTC15M-26OCT042045-45,0.9940,12.46,no
2026-10-05T00:42:20.383134Z,KXBTC15M-26OCT042045-45,0.9940,11.93,no
2026-10-05T00:42:20.38904Z,KXBTC15M-26OCT042045-45,0.9950,395.02,yes
2026-10-05T00:42:20.38904Z,KXBTC15M-26OCT042045-45,0.9950,0.01,yes
2026-10-05T00:42:20.38904Z,KXBTC15M-26OCT042045-45,0.9950,1.00,yes
2026-10-05T00:42:20.38904Z,KXBTC15M-26OCT042045-45,0.9950,256.81,yes
2026-10-05T00:42:20.38904Z,KXBTC15M-26OCT042045-45,0.9950,0.01,yes
2026-10-05T00:42:20.557068Z,KXBTC15M-26OCT042045-45,0.9940,31.16,no
2026-10-05T00:42:20.660033Z,KXBTC15M-26OCT042045-45,0.9940,12.00,no
2026-10-05T00:42:20.660033Z,KXBTC15M-26OCT042045-45,0.9940,0.83,no
2026-10-05T00:42:20.660033Z,KXBTC15M-26OCT042045-45,0.9940,43.83,no
2026-10-05T00:42:20.660033Z,KXBTC15M-26OCT042045-45,0.9940,0.01,no
2026-10-05T00:42:20.660033Z,KXBTC15M-26OCT042045-45,0.9940,706.59,no
2026-10-05T00:42:20.660033Z,KXBTC15M-26OCT042045-45,0.9940,0.01,no
2026-10-05T00:42:20.740715Z,KXBTC15M-26OCT042045-45,0.9960,15.00,yes
2026-10-05T00:42:20.740715Z,KXBTC15M-26OCT042045-45,0.9960,1.00,yes
2026-10-05T00:42:20.740715Z,KXBTC15M-26OCT042045-45,0.9950,0.01,yes
2026-10-05T00:42:20.740715Z,KXBTC15M-26OCT042045-45,0.9950,1.00,yes
2026-10-05T00:42:20.740715Z,KXBTC15M-26OCT042045-45,0.9950,0.01,yes
2026-10-05T00:42:20.80948Z,KXBTC15M-26OCT042045-45,0.9940,3.68,no
2026-10-05T00:42:20.80948Z,KXBTC15M-26OCT042045-45,0.9940,1.00,no
2026-10-05T00:42:20.80948Z,KXBTC15M-26OCT042045-45,0.9940,0.01,no
2026-10-05T00:42:20.80948Z,KXBTC15M-26OCT042045-45,0.9940,136.00,no
2026-10-05T00:42:20.80948Z,KXBTC15M-26OCT042045-45,0.9940,293.41,no
2026-10-05T00:42:20.80948Z,KXBTC15M-26OCT042045-45,0.9940,10.00,no
2026-10-05T00:42:20.80948Z,KXBTC15M-26OCT042045-45,0.9940,0.01,no
2026-10-05T00:42:20.80948Z,KXBTC15M-26OCT042045-45,0.9940,200.00,no
2026-10-05T00:42:20.80948Z,KXBTC15M-26OCT042045-45,0.9940,56.00,no
2026-10-05T00:42:20.80948Z,KXBTC15M-26OCT042045-45,0.9940,265.44,no
2026-10-05T00:42:20.870333Z,KXBTC15M-26OCT042045-45,0.9960,4.89,yes
2026-10-05T00:42:20.870333Z,KXBTC15M-26OCT042045-45,0.9950,0.01,yes
2026-10-05T00:42:20.870333Z,KXBTC15M-26OCT042045-45,0.9950,0.01,yes
2026-10-05T00:42:20.936657Z,KXBTC15M-26OCT042045-45,0.9960,6.06,yes
2026-10-05T00:42:20.936657Z,KXBTC15M-26OCT042045-45,0.9950,0.01,yes
2026-10-05T00:42:20.936657Z,KXBTC15M-26OCT042045-45,0.9950,1.00,yes
2026-10-05T00:42:20.936657Z,KXBTC15M-26OCT042045-45,0.9950,0.01,yes
2026-10-05T00:42:20.936657Z,KXBTC15M-26OCT042045-45,0.9960,0.01,yes
2026-10-05T00:42:20.953071Z,KXBTC15M-26OCT042045-45,0.9940,14.91,no
2026-10-05T00:42:20.955656Z,KXBTC15M-26OCT042045-45,0.9960,4.51,yes
2026-10-05T00:42:20.955656Z,KXBTC15M-26OCT042045-45,0.9950,0.01,yes
2026-10-05T00:42:20.955656Z,KXBTC15M-26OCT042045-45,0.9950,0.01,yes
2026-10-05T00:42:20.95978Z,KXBTC15M-26OCT042045-45,0.9940,52.08,no
2026-10-05T00:42:20.975961Z,KXBTC15M-26OCT042045-45,0.9970,50.00,yes
2026-10-05T00:42:20.975961Z,KXBTC15M-26OCT042045-45,0.9970,76.83,yes
2026-10-05T00:42:20.975961Z,KXBTC15M-26OCT042045-45,0.9950,0.01,yes
2026-10-05T00:42:20.975961Z,KXBTC15M-26OCT042045-45,0.9960,0.01,yes
2026-10-05T00:42:20.975961Z,KXBTC15M-26OCT042045-45,0.9960,0.01,yes
2026-10-05T00:42:20.975961Z,KXBTC15M-26OCT042045-45,0.9960,4.43,yes
2026-10-05T00:42:20.975961Z,KXBTC15M-26OCT042045-45,0.9960,4.51,yes
2026-10-05T00:42:20.975961Z,KXBTC15M-26OCT042045-45,0.9960,1.00,yes
2026-10-05T00:42:20.975961Z,KXBTC15M-26OCT042045-45,0.9960,6.06,yes
2026-10-05T00:42:21.020853Z,KXBTC15M-26OCT042045-45,0.9960,10.00,no
2026-10-05T00:42:21.020853Z,KXBTC15M-26OCT042045-45,0.9950,10.00,no
2026-10-05T00:42:21.020853Z,KXBTC15M-26OCT042045-45,0.9950,0.01,no
2026-10-05T00:42:21.020853Z,KXBTC15M-26OCT042045-45,0.9950,15.00,no
2026-10-05T00:42:21.020853Z,KXBTC15M-26OCT042045-45,0.9950,0.01,no
2026-10-05T00:42:21.020853Z,KXBTC15M-26OCT042045-45,0.9950,120.81,no
2026-10-05T00:42:21.064315Z,KXBTC15M-26OCT042045-45,0.9950,2.28,no
2026-10-05T00:42:21.223834Z,KXBTC15M-26OCT042045-45,0.9950,4.91,no
2026-10-05T00:42:21.365019Z,KXBTC15M-26OCT042045-45,0.9950,38.96,no
2026-10-05T00:42:21.38175Z,KXBTC15M-26OCT042045-45,0.9950,1.00,no
2026-10-05T00:42:21.430448Z,KXBTC15M-26OCT042045-45,0.9950,44.11,no
2026-10-05T00:42:21.452017Z,KXBTC15M-26OCT042045-45,0.9960,71.79,yes
2026-10-05T00:42:21.452017Z,KXBTC15M-26OCT042045-45,0.9960,15.00,yes
2026-10-05T00:42:21.452017Z,KXBTC15M-26OCT042045-45,0.9960,15.00,yes
2026-10-05T00:42:21.484241Z,KXBTC15M-26OCT042045-45,0.9960,4.68,yes
2026-10-05T00:42:21.484241Z,KXBTC15M-26OCT042045-45,0.9960,0.01,yes
2026-10-05T00:42:21.484241Z,KXBTC15M-26OCT042045-45,0.9960,0.01,yes
2026-10-05T00:42:21.484241Z,KXBTC15M-26OCT042045-45,0.9960,1.00,yes
2026-10-05T00:42:21.523789Z,KXBTC15M-26OCT042045-45,0.9950,10.93,no
2026-10-05T00:42:21.580189Z,KXBTC15M-26OCT042045-45,0.9960,2.11,yes
2026-10-05T00:42:21.690735Z,KXBTC15M-26OCT042045-45,0.9950,5.23,no
2026-10-05T00:42:21.811669Z,KXBTC15M-26OCT042045-45,0.9970,197.54,yes
2026-10-05T00:42:21.811669Z,KXBTC15M-26OCT042045-45,0.9960,107.20,yes
2026-10-05T00:42:21.811669Z,KXBTC15M-26OCT042045-45,0.9960,2.11,yes
2026-10-05T00:42:21.811669Z,KXBTC15M-26OCT042045-45,0.9960,400.00,yes
2026-10-05T00:42:21.811669Z,KXBTC15M-26OCT042045-45,0.9960,4.68,yes
2026-10-05T00:42:21.811669Z,KXBTC15M-26OCT042045-45,0.9960,8.21,yes
2026-10-05T00:42:21.811669Z,KXBTC15M-26OCT042045-45,0.9970,10.00,yes
2026-10-05T00:42:21.811669Z,KXBTC15M-26OCT042045-45,0.9970,173.17,yes
2026-10-05T00:42:21.826722Z,KXBTC15M-26OCT042045-45,0.9950,0.01,no
2026-10-05T00:42:21.826722Z,KXBTC15M-26OCT042045-45,0.9950,10.00,no
2026-10-05T00:42:21.826722Z,KXBTC15M-26OCT042045-45,0.9950,139.50,no
2026-10-05T00:42:21.87658Z,KXBTC15M-26OCT042045-45,0.9970,11.94,yes
2026-10-05T00:42:21.881845Z,KXBTC15M-26OCT042045-45,0.9970,4.06,yes
2026-10-05T00:42:21.881845Z,KXBTC15M-26OCT042045-45,0.9980,283.80,yes
2026-10-05T00:42:21.896913Z,KXBTC15M-26OCT042045-45,0.9970,11.94,yes
2026-10-05T00:42:21.896913Z,KXBTC15M-26OCT042045-45,0.9970,4.06,yes
2026-10-05T00:42:21.911574Z,KXBTC15M-26OCT042045-45,0.9970,268.00,no
2026-10-05T00:42:21.911574Z,KXBTC15M-26OCT042045-45,0.9960,129.89,no
2026-10-05T00:42:21.911574Z,KXBTC15M-26OCT042045-45,0.9960,15.00,no
2026-10-05T00:42:21.911574Z,KXBTC15M-26OCT042045-45,0.9970,0.01,no
2026-10-05T00:42:21.911574Z,KXBTC15M-26OCT042045-45,0.9960,148.00,no
2026-10-05T00:42:21.911574Z,KXBTC15M-26OCT042045-45,0.9970,0.01,no
2026-10-05T00:42:21.911574Z,KXBTC15M-26OCT042045-45,0.9960,0.01,no
2026-10-05T00:42:21.911574Z,KXBTC15M-26OCT042045-45,0.9960,0.01,no
2026-10-05T00:42:21.927444Z,KXBTC15M-26OCT042045-45,0.9970,0.01,no
2026-10-05T00:42:21.927444Z,KXBTC15M-26OCT042045-45,0.9960,0.01,no
2026-10-05T00:42:22.002281Z,KXBTC15M-26OCT042045-45,0.9950,646.76,no
2026-10-05T00:42:22.002281Z,KXBTC15M-26OCT042045-45,0.9950,12.50,no
2026-10-05T00:42:22.033923Z,KXBTC15M-26OCT042045-45,0.9950,916.19,no
2026-10-05T00:42:22.063025Z,KXBTC15M-26OCT042045-45,0.9950,186.97,no
2026-10-05T00:42:22.064273Z,KXBTC15M-26OCT042045-45,0.9950,1.52,no
2026-10-05T00:42:22.170605Z,KXBTC15M-26OCT042045-45,0.9960,28.11,yes
2026-10-05T00:42:22.182522Z,KXBTC15M-26OCT042045-45,0.9960,25.00,yes
2026-10-05T00:42:22.238572Z,KXBTC15M-26OCT042045-45,0.9950,139.00,no
2026-10-05T00:42:22.246452Z,KXBTC15M-26OCT042045-45,0.9960,15.38,yes
2026-10-05T00:42:22.326837Z,KXBTC15M-26OCT042045-45,0.9950,2180.98,no
2026-10-05T00:42:22.509327Z,KXBTC15M-26OCT042045-45,0.9960,0.02,yes
2026-10-05T00:42:22.509708Z,KXBTC15M-26OCT042045-45,0.9960,0.02,yes
2026-10-05T00:42:22.510317Z,KXBTC15M-26OCT042045-45,0.9960,0.02,yes
2026-10-05T00:42:22.511887Z,KXBTC15M-26OCT042045-45,0.9960,0.02,yes
2026-10-05T00:42:22.636672Z,KXBTC15M-26OCT042045-45,0.9960,29.26,yes
2026-10-05T00:42:22.860233Z,KXBTC15M-26OCT042045-45,0.9960,153.28,yes
2026-10-05T00:42:22.895423Z,KXBTC15M-26OCT042045-45,0.9950,59.00,no
2026-10-05T00:42:22.904754Z,KXBTC15M-26OCT042045-45,0.9950,373.95,no
2026-10-05T00:42:22.969672Z,KXBTC15M-26OCT042045-45,0.9950,2.91,no
2026-10-05T00:42:22.970887Z,KXBTC15M-26OCT042045-45,0.9960,20.07,yes
2026-10-05T00:42:22.981618Z,KXBTC15M-26OCT042045-45,0.9950,5.02,no
2026-10-05T00:42:23.036933Z,KXBTC15M-26OCT042045-45,0.9960,20.07,yes
2026-10-05T00:42:23.079629Z,KXBTC15M-26OCT042045-45,0.9960,385.43,yes
2026-10-05T00:42:23.223498Z,KXBTC15M-26OCT042045-45,0.9960,0.02,yes
2026-10-05T00:42:23.512129Z,KXBTC15M-26OCT042045-45,0.9960,935.48,yes
2026-10-05T00:42:23.554615Z,KXBTC15M-26OCT042045-45,0.9960,45.88,yes
2026-10-05T00:42:23.664168Z,KXBTC15M-26OCT042045-45,0.9950,916.19,no
2026-10-05T00:42:23.699809Z,KXBTC15M-26OCT042045-45,0.9960,16.39,yes
2026-10-05T00:42:23.781449Z,KXBTC15M-26OCT042045-45,0.9950,79.60,no
2026-10-05T00:42:23.996371Z,KXBTC15M-26OCT042045-45,0.9960,10.03,yes
2026-10-05T00:42:24.069812Z,KXBTC15M-26OCT042045-45,0.9960,19.26,yes
2026-10-05T00:42:24.086861Z,KXBTC15M-26OCT042045-45,0.9960,5.00,yes
2026-10-05T00:42:24.116559Z,KXBTC15M-26OCT042045-45,0.9960,1.00,yes
2026-10-05T00:42:24.125833Z,KXBTC15M-26OCT042045-45,0.9950,186.97,no
2026-10-05T00:42:24.134095Z,KXBTC15M-26OCT042045-45,0.9960,0.02,yes
2026-10-05T00:42:24.134406Z,KXBTC15M-26OCT042045-45,0.9960,0.02,yes
2026-10-05T00:42:24.135541Z,KXBTC15M-26OCT042045-45,0.9960,0.02,yes
2026-10-05T00:42:24.147288Z,KXBTC15M-26OCT042045-45,0.9960,0.02,yes
2026-10-05T00:42:24.210248Z,KXBTC15M-26OCT042045-45,0.9950,186.97,no
2026-10-05T00:42:24.492407Z,KXBTC15M-26OCT042045-45,0.9950,50.30,no
2026-10-05T00:42:24.543576Z,KXBTC15M-26OCT042045-45,0.9960,24.31,yes
2026-10-05T00:42:24.54571Z,KXBTC15M-26OCT042045-45,0.9960,14.95,yes
2026-10-05T00:42:24.58439Z,KXBTC15M-26OCT042045-45,0.9940,39.50,no
2026-10-05T00:42:24.58439Z,KXBTC15M-26OCT042045-45,0.9950,25.32,no
2026-10-05T00:42:24.58439Z,KXBTC15M-26OCT042045-45,0.9910,336.00,no
2026-10-05T00:42:24.58439Z,KXBTC15M-26OCT042045-45,0.9910,0.08,no
2026-10-05T00:42:24.58439Z,KXBTC15M-26OCT042045-45,0.9940,200.00,no
2026-10-05T00:42:24.58439Z,KXBTC15M-26OCT042045-45,0.9950,150.00,no
2026-10-05T00:42:24.58439Z,KXBTC15M-26OCT042045-45,0.9940,1000.00,no
2026-10-05T00:42:24.58439Z,KXBTC15M-26OCT042045-45,0.9930,262.00,no
2026-10-05T00:42:24.58439Z,KXBTC15M-26OCT042045-45,0.9950,10.00,no
2026-10-05T00:42:24.58439Z,KXBTC15M-26OCT042045-45,0.9950,500.00,no
2026-10-05T00:42:24.58439Z,KXBTC15M-26OCT042045-45,0.9910,2.00,no
2026-10-05T00:42:24.58439Z,KXBTC15M-26OCT042045-45,0.9930,15.00,no
2026-10-05T00:42:24.58439Z,KXBTC15M-26OCT042045-45,0.9950,173.17,no
2026-10-05T00:42:24.58439Z,KXBTC15M-26OCT042045-45,0.9930,15.00,no
2026-10-05T00:42:24.58439Z,KXBTC15M-26OCT042045-45,0.9950,102.32,no
2026-10-05T00:42:24.58439Z,KXBTC15M-26OCT042045-45,0.9950,10.00,no
2026-10-05T00:42:24.58439Z,KXBTC15M-26OCT042045-45,0.9950,0.01,no
2026-10-05T00:42:24.58439Z,KXBTC15M-26OCT042045-45,0.9950,10.00,no
2026-10-05T00:42:24.58439Z,KXBTC15M-26OCT042045-45,0.9940,76.83,no
2026-10-05T00:42:24.58439Z,KXBTC15M-26OCT042045-45,0.9950,4067.67,no
2026-10-05T00:42:24.58439Z,KXBTC15M-26OCT042045-45,0.9910,15.00,no
2026-10-05T00:42:24.58439Z,KXBTC15M-26OCT042045-45,0.9950,0.01,no
2026-10-05T00:42:24.58439Z,KXBTC15M-26OCT042045-45,0.9910,15.00,no
2026-10-05T00:42:24.58439Z,KXBTC15M-26OCT042045-45,0.9950,200.00,no
2026-10-05T00:42:24.58439Z,KXBTC15M-26OCT042045-45,0.9920,2.00,no
2026-10-05T00:42:24.58439Z,KXBTC15M-26OCT042045-45,0.9950,100.00,no
2026-10-05T00:42:24.58439Z,KXBTC15M-26OCT042045-45,0.9910,2.00,no
2026-10-05T00:42:24.58439Z,KXBTC15M-26OCT042045-45,0.9920,1.00,no
2026-10-05T00:42:24.58439Z,KXBTC15M-26OCT042045-45,0.9950,44.24,no
2026-10-05T00:42:24.58439Z,KXBTC15M-26OCT042045-45,0.9950,400.00,no
2026-10-05T00:42:24.58439Z,KXBTC15M-26OCT042045-45,0.9950,66.36,no
2026-10-05T00:42:24.58439Z,KXBTC15M-26OCT042045-45,0.9950,500.00,no
2026-10-05T00:42:24.58439Z,KXBTC15M-26OCT042045-45,0.9920,10.00,no
2026-10-05T00:42:24.58439Z,KXBTC15M-26OCT042045-45,0.9950,22.12,no
2026-10-05T00:42:24.58439Z,KXBTC15M-26OCT042045-45,0.9910,17.00,no
2026-10-05T00:42:24.58439Z,KXBTC15M-26OCT042045-45,0.9940,87.55,no
2026-10-05T00:42:24.58439Z,KXBTC15M-26OCT042045-45,0.9920,226.41,no
2026-10-05T00:42:24.58439Z,KXBTC15M-26OCT042045-45,0.9950,11.00,no
2026-10-05T00:42:24.58439Z,KXBTC15M-26OCT042045-45,0.9940,79.45,no
2026-10-05T00:42:24.58439Z,KXBTC15M-26OCT042045-45,0.9900,4383.29,no
2026-10-05T00:42:24.597242Z,KXBTC15M-26OCT042045-45,0.9950,150.00,no
2026-10-05T00:42:24.597242Z,KXBTC15M-26OCT042045-45,0.9950,0.01,no
2026-10-05T00:42:24.609971Z,KXBTC15M-26OCT042045-45,0.9950,653.87,yes
2026-10-05T00:42:24.646536Z,KXBTC15M-26OCT042045-45,0.9950,0.01,yes
2026-10-05T00:42:24.646536Z,KXBTC15M-26OCT042045-45,0.9950,4.99,yes
2026-10-05T00:42:24.825587Z,KXBTC15M-26OCT042045-45,0.9940,0.01,yes
2026-10-05T00:42:24.825587Z,KXBTC15M-26OCT042045-45,0.9950,84.35,yes
2026-10-05T00:42:24.825587Z,KXBTC15M-26OCT042045-45,0.9940,0.01,yes
2026-10-05T00:42:24.825587Z,KXBTC15M-26OCT042045-45,0.9940,16.00,yes
2026-10-05T00:42:24.950981Z,KXBTC15M-26OCT042045-45,0.9950,8.03,yes
2026-10-05T00:42:24.950981Z,KXBTC15M-26OCT042045-45,0.9950,15.00,yes
2026-10-05T00:42:24.96201Z,KXBTC15M-26OCT042045-45,0.9950,28.49,yes
2026-10-05T00:42:24.96201Z,KXBTC15M-26OCT042045-45,0.9950,6.97,yes
2026-10-05T00:42:25.03948Z,KXBTC15M-26OCT042045-45,0.9950,3.00,yes
2026-10-05T00:42:25.115649Z,KXBTC15M-26OCT042045-45,0.9950,359.67,yes
2026-10-05T00:42:25.212916Z,KXBTC15M-26OCT042045-45,0.9950,1.97,yes
2026-10-05T00:42:25.221078Z,KXBTC15M-26OCT042045-45,0.9940,36.33,no
2026-10-05T00:42:25.284799Z,KXBTC15M-26OCT042045-45,0.9940,35.27,no
2026-10-05T00:42:25.293408Z,KXBTC15M-26OCT042045-45,0.9940,0.01,no
2026-10-05T00:42:25.293408Z,KXBTC15M-26OCT042045-45,0.9940,0.01,no
2026-10-05T00:42:25.293408Z,KXBTC15M-26OCT042045-45,0.9940,26.00,no
2026-10-05T00:42:25.293408Z,KXBTC15M-26OCT042045-45,0.9940,78.40,no
2026-10-05T00:42:25.293408Z,KXBTC15M-26OCT042045-45,0.9940,100.00,no
2026-10-05T00:42:25.293408Z,KXBTC15M-26OCT042045-45,0.9940,10.00,no
2026-10-05T00:42:25.293408Z,KXBTC15M-26OCT042045-45,0.9940,85.58,no
2026-10-05T00:42:25.293408Z,KXBTC15M-26OCT042045-45,0.9940,200.00,no
2026-10-05T00:42:25.38Z,KXBTC15M-26OCT042045-45,0.9940,36.33,no
2026-10-05T00:42:25.438331Z,KXBTC15M-26OCT042045-45,0.9940,278.09,no
2026-10-05T00:42:25.438331Z,KXBTC15M-26OCT042045-45,0.9940,221.91,no
2026-10-05T00:42:25.570895Z,KXBTC15M-26OCT042045-45,0.9940,36.33,no
2026-10-05T00:42:25.571012Z,KXBTC15M-26OCT042045-45,0.9940,86.22,no
2026-10-05T00:42:25.571012Z,KXBTC15M-26OCT042045-45,0.9940,172.00,no
2026-10-05T00:42:25.571012Z,KXBTC15M-26OCT042045-45,0.9940,0.01,no
2026-10-05T00:42:25.571012Z,KXBTC15M-26OCT042045-45,0.9940,0.01,no
2026-10-05T00:42:25.571012Z,KXBTC15M-26OCT042045-45,0.9940,241.76,no
2026-10-05T00:42:25.661794Z,KXBTC15M-26OCT042045-45,0.9950,11.55,yes
2026-10-05T00:42:25.76137Z,KXBTC15M-26OCT042045-45,0.9950,40.10,yes
2026-10-05T00:42:25.76137Z,KXBTC15M-26OCT042045-45,0.9950,1.97,yes
2026-10-05T00:42:25.76137Z,KXBTC15M-26OCT042045-45,0.9950,0.01,yes
2026-10-05T00:42:25.76137Z,KXBTC15M-26OCT042045-45,0.9950,0.01,yes
2026-10-05T00:42:25.76137Z,KXBTC15M-26OCT042045-45,0.9950,0.48,yes
2026-10-05T00:42:25.848514Z,KXBTC15M-26OCT042045-45,0.9950,1.92,yes
2026-10-05T00:42:25.867024Z,KXBTC15M-26OCT042045-45,0.9950,157.98,yes
2026-10-05T00:42:25.867024Z,KXBTC15M-26OCT042045-45,0.9950,5.27,yes
2026-10-05T00:42:26.179793Z,KXBTC15M-26OCT042045-45,0.9950,2.45,yes
2026-10-05T00:42:26.179793Z,KXBTC15M-26OCT042045-45,0.9950,0.01,yes
2026-10-05T00:42:26.179793Z,KXBTC15M-26OCT042045-45,0.9950,0.01,yes
2026-10-05T00:42:26.179793Z,KXBTC15M-26OCT042045-45,0.9950,11.55,yes
2026-10-05T00:42:26.179793Z,KXBTC15M-26OCT042045-45,0.9950,237.10,yes
2026-10-05T00:42:26.326132Z,KXBTC15M-26OCT042045-45,0.9940,13.78,no
2026-10-05T00:42:26.326132Z,KXBTC15M-26OCT042045-45,0.9940,62.75,no
2026-10-05T00:42:26.357371Z,KXBTC15M-26OCT042045-45,0.9950,0.01,yes
2026-10-05T00:42:26.357371Z,KXBTC15M-26OCT042045-45,0.9960,100.00,yes
2026-10-05T00:42:26.357371Z,KXBTC15M-26OCT042045-45,0.9950,435.00,yes
2026-10-05T00:42:26.357371Z,KXBTC15M-26OCT042045-45,0.9950,0.01,yes
2026-10-05T00:42:26.357371Z,KXBTC15M-26OCT042045-45,0.9950,14.00,yes
2026-10-05T00:42:26.357371Z,KXBTC15M-26OCT042045-45,0.9970,15.00,yes
2026-10-05T00:42:26.357371Z,KXBTC15M-26OCT042045-45,0.9960,256.88,yes
2026-10-05T00:42:26.357371Z,KXBTC15M-26OCT042045-45,0.9970,1.00,yes
2026-10-05T00:42:26.357371Z,KXBTC15M-26OCT042045-45,0.9960,8250.90,yes
2026-10-05T00:42:26.357371Z,KXBTC15M-26OCT042045-45,0.9970,957.93,yes
2026-10-05T00:42:26.357371Z,KXBTC15M-26OCT042045-45,0.9970,15.00,yes
2026-10-05T00:42:26.411975Z,KXBTC15M-26OCT042045-45,0.9960,0.01,yes
2026-10-05T00:42:26.411975Z,KXBTC15M-26OCT042045-45,0.9960,0.01,yes
2026-10-05T00:42:26.411975Z,KXBTC15M-26OCT042045-45,0.9950,0.01,yes
2026-10-05T00:42:26.411975Z,KXBTC15M-26OCT042045-45,0.9960,4.87,yes
2026-10-05T00:42:26.411975Z,KXBTC15M-26OCT042045-45,0.9950,0.01,yes
2026-10-05T00:42:26.435337Z,KXBTC15M-26OCT042045-45,0.9960,3.00,yes
2026-10-05T00:42:26.468037Z,KXBTC15M-26OCT042045-45,0.9960,0.01,yes
2026-10-05T00:42:26.468037Z,KXBTC15M-26OCT042045-45,0.9960,1.87,yes
2026-10-05T00:42:26.468037Z,KXBTC15M-26OCT042045-45,0.9960,5.26,yes
2026-10-05T00:42:26.468037Z,KXBTC15M-26OCT042045-45,0.9960,3.00,yes
2026-10-05T00:42:26.468037Z,KXBTC15M-26OCT042045-45,0.9960,4.87,yes
2026-10-05T00:42:26.468037Z,KXBTC15M-26OCT042045-45,0.9960,0.01,yes
2026-10-05T00:42:26.468037Z,KXBTC15M-26OCT042045-45,0.9970,24.59,yes
2026-10-05T00:42:26.546658Z,KXBTC15M-26OCT042045-45,0.9970,20.88,yes
2026-10-05T00:42:26.579674Z,KXBTC15M-26OCT042045-45,0.9970,111.92,yes
2026-10-05T00:42:26.579674Z,KXBTC15M-26OCT042045-45,0.9970,16.00,yes
2026-10-05T00:42:26.579674Z,KXBTC15M-26OCT042045-45,0.9970,23.12,yes
2026-10-05T00:42:26.609758Z,KXBTC15M-26OCT042045-45,0.9950,15.58,no
2026-10-05T00:42:26.613213Z,KXBTC15M-26OCT042045-45,0.9950,62.33,no
2026-10-05T00:42:26.697453Z,KXBTC15M-26OCT042045-45,0.9950,15.00,no
2026-10-05T00:42:26.697453Z,KXBTC15M-26OCT042045-45,0.9950,0.58,no
2026-10-05T00:42:26.73335Z,KXBTC15M-26OCT042045-45,0.9970,28.76,yes
2026-10-05T00:42:26.73335Z,KXBTC15M-26OCT042045-45,0.9960,229.12,yes
2026-10-05T00:42:26.73335Z,KXBTC15M-26OCT042045-45,0.9960,181.91,yes
2026-10-05T00:42:26.73335Z,KXBTC15M-26OCT042045-45,0.9960,15.00,yes
2026-10-05T00:42:26.73335Z,KXBTC15M-26OCT042045-45,0.9960,500.00,yes
2026-10-05T00:42:26.73335Z,KXBTC15M-26OCT042045-45,0.9960,15.00,yes
2026-10-05T00:42:26.737595Z,KXBTC15M-26OCT042045-45,0.9950,77.91,no
2026-10-05T00:42:26.79066Z,KXBTC15M-26OCT042045-45,0.9970,37.00,yes
2026-10-05T00:42:26.79066Z,KXBTC15M-26OCT042045-45,0.9970,139.77,yes
2026-10-05T00:42:26.79066Z,KXBTC15M-26OCT042045-45,0.9970,1220.00,yes
2026-10-05T00:42:26.79066Z,KXBTC15M-26OCT042045-45,0.9970,500.00,yes
2026-10-05T00:42:26.79066Z,KXBTC15M-26OCT042045-45,0.9970,400.00,yes
2026-10-05T00:42:26.79066Z,KXBTC15M-26OCT042045-45,0.9970,16.00,yes
2026-10-05T00:42:26.79066Z,KXBTC15M-26OCT042045-45,0.9980,2006.96,yes
2026-10-05T00:42:26.800403Z,KXBTC15M-26OCT042045-45,0.9970,16.00,yes
2026-10-05T00:42:26.804372Z,KXBTC15M-26OCT042045-45,0.9970,2.00,no
2026-10-05T00:42:26.815233Z,KXBTC15M-26OCT042045-45,0.9980,58.35,yes
2026-10-05T00:42:26.840429Z,KXBTC15M-26OCT042045-45,0.9970,143.58,no
2026-10-05T00:42:26.879702Z,KXBTC15M-26OCT042045-45,0.9970,155.83,no
2026-10-05T00:42:26.917791Z,KXBTC15M-26OCT042045-45,0.9970,4.91,no
2026-10-05T00:42:27.008017Z,KXBTC15M-26OCT042045-45,0.9970,13.40,no
2026-10-05T00:42:27.025044Z,KXBTC15M-26OCT042045-45,0.9970,138.00,no
2026-10-05T00:42:27.105293Z,KXBTC15M-26OCT042045-45,0.9980,12.87,yes
2026-10-05T00:42:27.208221Z,KXBTC15M-26OCT042045-45,0.9970,934.89,no
2026-10-05T00:42:27.211065Z,KXBTC15M-26OCT042045-45,0.9980,180.03,yes
2026-10-05T00:42:27.244603Z,KXBTC15M-26OCT042045-45,0.9980,2.00,yes
2026-10-05T00:42:27.348406Z,KXBTC15M-26OCT042045-45,0.9980,22.86,yes
2026-10-05T00:42:27.590476Z,KXBTC15M-26OCT042045-45,0.9970,11.05,no
2026-10-05T00:42:27.62914Z,KXBTC15M-26OCT042045-45,0.9980,2.00,yes
2026-10-05T00:42:27.658768Z,KXBTC15M-26OCT042045-45,0.9980,19.78,yes
2026-10-05T00:42:27.669408Z,KXBTC15M-26OCT042045-45,0.9980,28.05,yes
2026-10-05T00:42:27.696343Z,KXBTC15M-26OCT042045-45,0.9970,305.35,no
2026-10-05T00:42:27.83686Z,KXBTC15M-26OCT042045-45,0.9970,0.01,no
2026-10-05T00:42:27.83686Z,KXBTC15M-26OCT042045-45,0.9970,281.99,no
2026-10-05T00:42:27.83686Z,KXBTC15M-26OCT042045-45,0.9970,23.34,no
2026-10-05T00:42:27.83686Z,KXBTC15M-26OCT042045-45,0.9970,0.01,no
2026-10-05T00:42:27.85436Z,KXBTC15M-26OCT042045-45,0.9980,8.11,yes
2026-10-05T00:42:27.85436Z,KXBTC15M-26OCT042045-45,0.9980,41.98,yes
2026-10-05T00:42:27.872881Z,KXBTC15M-26OCT042045-45,0.9970,11.05,no
2026-10-05T00:42:27.884737Z,KXBTC15M-26OCT042045-45,0.9970,274.98,no
2026-10-05T00:42:27.884737Z,KXBTC15M-26OCT042045-45,0.9970,13.00,no
2026-10-05T00:42:27.884737Z,KXBTC15M-26OCT042045-45,0.9970,23.61,no
2026-10-05T00:42:27.886285Z,KXBTC15M-26OCT042045-45,0.9970,30.53,no
2026-10-05T00:42:27.99205Z,KXBTC15M-26OCT042045-45,0.9970,218.00,no
2026-10-05T00:42:28.036296Z,KXBTC15M-26OCT042045-45,0.9970,0.18,no
2026-10-05T00:42:28.106676Z,KXBTC15M-26OCT042045-45,0.9970,305.35,no
2026-10-05T00:42:28.113936Z,KXBTC15M-26OCT042045-45,0.9980,3.00,yes
2026-10-05T00:42:28.132082Z,KXBTC15M-26OCT042045-45,0.9970,8.55,no
2026-10-05T00:42:28.210074Z,KXBTC15M-26OCT042045-45,0.9970,8.51,no
2026-10-05T00:42:28.210074Z,KXBTC15M-26OCT042045-45,0.9970,41.85,no
2026-10-05T00:42:28.217076Z,KXBTC15M-26OCT042045-45,0.9970,2.01,no
2026-10-05T00:42:28.23944Z,KXBTC15M-26OCT042045-45,0.9960,401.39,no
2026-10-05T00:42:28.23944Z,KXBTC15M-26OCT042045-45,0.9970,0.01,no
2026-10-05T00:42:28.23944Z,KXBTC15M-26OCT042045-45,0.9970,0.01,no
2026-10-05T00:42:28.23944Z,KXBTC15M-26OCT042045-45,0.9970,169.48,no
2026-10-05T00:42:28.23944Z,KXBTC15M-26OCT042045-45,0.9970,1.00,no
2026-10-05T00:42:28.23944Z,KXBTC15M-26OCT042045-45,0.9970,28.00,no
2026-10-05T00:42:28.23944Z,KXBTC15M-26OCT042045-45,0.9970,42.00,no
2026-10-05T00:42:28.23944Z,KXBTC15M-26OCT042045-45,0.9970,22.00,no
2026-10-05T00:42:28.23944Z,KXBTC15M-26OCT042045-45,0.9970,8.11,no
2026-10-05T00:42:28.23944Z,KXBTC15M-26OCT042045-45,0.9970,25.00,no
2026-10-05T00:42:28.23944Z,KXBTC15M-26OCT042045-45,0.9970,3.00,no
2026-10-05T00:42:28.251748Z,KXBTC15M-26OCT042045-45,0.9980,60.47,yes
2026-10-05T00:42:28.370104Z,KXBTC15M-26OCT042045-45,0.9970,8.32,no
2026-10-05T00:42:28.39739Z,KXBTC15M-26OCT042045-45,0.9980,10.01,yes
2026-10-05T00:42:28.430728Z,KXBTC15M-26OCT042045-45,0.9980,428.79,yes
2026-10-05T00:42:28.461065Z,KXBTC15M-26OCT042045-45,0.9980,49.18,yes
2026-10-05T00:42:28.58781Z,KXBTC15M-26OCT042045-45,0.9980,596.83,yes
2026-10-05T00:42:28.58781Z,KXBTC15M-26OCT042045-45,0.9980,19440.44,yes
2026-10-05T00:42:28.618527Z,KXBTC15M-26OCT042045-45,0.9970,4.44,no
2026-10-05T00:42:28.618527Z,KXBTC15M-26OCT042045-45,0.9970,6.68,no
2026-10-05T00:42:28.67135Z,KXBTC15M-26OCT042045-45,0.9980,12.17,yes
2026-10-05T00:42:28.718304Z,KXBTC15M-26OCT042045-45,0.9980,10.01,yes
2026-10-05T00:42:28.768288Z,KXBTC15M-26OCT042045-45,0.9970,0.01,no
2026-10-05T00:42:28.768288Z,KXBTC15M-26OCT042045-45,0.9970,10.01,no
2026-10-05T00:42:28.768288Z,KXBTC15M-26OCT042045-45,0.9970,184.06,no
2026-10-05T00:42:28.768288Z,KXBTC15M-26OCT042045-45,0.9970,0.01,no
2026-10-05T00:42:28.768288Z,KXBTC15M-26OCT042045-45,0.9970,56.03,no
2026-10-05T00:42:28.768288Z,KXBTC15M-26OCT042045-45,0.9970,1.00,no
2026-10-05T00:42:28.823541Z,KXBTC15M-26OCT042045-45,0.9980,0.15,yes
2026-10-05T00:42:28.884434Z,KXBTC15M-26OCT042045-45,0.9980,78.14,yes
2026-10-05T00:42:28.95034Z,KXBTC15M-26OCT042045-45,0.9970,5.00,no
2026-10-05T00:42:28.983073Z,KXBTC15M-26OCT042045-45,0.9980,1.00,yes
2026-10-05T00:42:29.073221Z,KXBTC15M-26OCT042045-45,0.9970,49.18,no
2026-10-05T00:42:29.073221Z,KXBTC15M-26OCT042045-45,0.9970,335.69,no
2026-10-05T00:42:29.073221Z,KXBTC15M-26OCT042045-45,0.9970,596.83,no
2026-10-05T00:42:29.073221Z,KXBTC15M-26OCT042045-45,0.9970,239.73,no
2026-10-05T00:42:29.1327Z,KXBTC15M-26OCT042045-45,0.9970,305.35,no
2026-10-05T00:42:29.148225Z,KXBTC15M-26OCT042045-45,0.9980,0.02,yes
2026-10-05T00:42:29.192331Z,KXBTC15M-26OCT042045-45,0.9970,400.00,no
2026-10-05T00:42:29.240032Z,KXBTC15M-26OCT042045-45,0.9980,5009.31,yes
2026-10-05T00:42:29.241345Z,KXBTC15M-26OCT042045-45,0.9970,610.72,no
2026-10-05T00:42:29.324575Z,KXBTC15M-26OCT042045-45,0.9970,748.17,no
2026-10-05T00:42:29.460054Z,KXBTC15M-26OCT042045-45,0.9980,0.02,yes
2026-10-05T00:42:29.4611Z,KXBTC15M-26OCT042045-45,0.9980,0.02,yes
2026-10-05T00:42:29.462467Z,KXBTC15M-26OCT042045-45,0.9970,155.79,no
2026-10-05T00:42:29.47839Z,KXBTC15M-26OCT042045-45,0.9980,0.02,yes
2026-10-05T00:42:29.481536Z,KXBTC15M-26OCT042045-45,0.9970,305.35,no
2026-10-05T00:42:29.513619Z,KXBTC15M-26OCT042045-45,0.9970,1605.13,no
2026-10-05T00:42:29.555043Z,KXBTC15M-26OCT042045-45,0.9970,11.11,no
2026-10-05T00:42:29.558111Z,KXBTC15M-26OCT042045-45,0.9970,493.56,no
2026-10-05T00:42:29.597857Z,KXBTC15M-26OCT042045-45,0.9980,11.11,yes
2026-10-05T00:42:29.606782Z,KXBTC15M-26OCT042045-45,0.9970,610.72,no
2026-10-05T00:42:29.629477Z,KXBTC15M-26OCT042045-45,0.9970,50.23,no
2026-10-05T00:42:29.631355Z,KXBTC15M-26OCT042045-45,0.9970,9771.41,no
2026-10-05T00:42:29.649813Z,KXBTC15M-26OCT042045-45,0.9970,1.00,no
2026-10-05T00:42:29.649813Z,KXBTC15M-26OCT042045-45,0.9970,1967.40,no
2026-10-05T00:42:29.649813Z,KXBTC15M-26OCT042045-45,0.9970,0.02,no
2026-10-05T00:42:29.649813Z,KXBTC15M-26OCT042045-45,0.9970,0.01,no
2026-10-05T00:42:29.649813Z,KXBTC15M-26OCT042045-45,0.9970,4037.21,no
2026-10-05T00:42:29.649813Z,KXBTC15M-26OCT042045-45,0.9970,78.14,no
2026-10-05T00:42:29.649813Z,KXBTC15M-26OCT042045-45,0.9970,0.15,no
2026-10-05T00:42:29.649813Z,KXBTC15M-26OCT042045-45,0.9970,10.01,no
2026-10-05T00:42:29.649813Z,KXBTC15M-26OCT042045-45,0.9970,12.17,no
2026-10-05T00:42:29.649813Z,KXBTC15M-26OCT042045-45,0.9970,0.01,no
2026-10-05T00:42:29.649813Z,KXBTC15M-26OCT042045-45,0.9970,1.00,no
2026-10-05T00:42:29.730266Z,KXBTC15M-26OCT042045-45,0.9970,610.72,no
2026-10-05T00:42:29.938771Z,KXBTC15M-26OCT042045-45,0.9970,93.49,no
2026-10-05T00:42:29.958249Z,KXBTC15M-26OCT042045-45,0.9970,5.17,no
2026-10-05T00:42:30.13318Z,KXBTC15M-26OCT042045-45,0.9980,88.16,yes
2026-10-05T00:42:30.198867Z,KXBTC15M-26OCT042045-45,0.9980,2.00,yes
2026-10-05T00:42:30.200912Z,KXBTC15M-26OCT042045-45,0.9980,1.00,yes
2026-10-05T00:42:30.245581Z,KXBTC15M-26OCT042045-45,0.9970,1526.80,no
2026-10-05T00:42:30.333067Z,KXBTC15M-26OCT042045-45,0.9970,10.16,no
2026-10-05T00:42:30.417438Z,KXBTC15M-26OCT042045-45,0.9980,6.00,yes
2026-10-05T00:42:30.570784Z,KXBTC15M-26OCT042045-45,0.9970,155.79,no
2026-10-05T00:42:30.636976Z,KXBTC15M-26OCT042045-45,0.9970,114.40,no
2026-10-05T00:42:30.77603Z,KXBTC15M-26OCT042045-45,0.9980,18.38,yes
2026-10-05T00:42:30.803558Z,KXBTC15M-26OCT042045-45,0.9980,14.02,yes
2026-10-05T00:42:30.817328Z,KXBTC15M-26OCT042045-45,0.9970,305.35,no
2026-10-05T00:42:30.834863Z,KXBTC15M-26OCT042045-45,0.9980,1.66,yes
2026-10-05T00:42:30.961741Z,KXBTC15M-26OCT042045-45,0.9970,0.01,no
2026-10-05T00:42:30.961741Z,KXBTC15M-26OCT042045-45,0.9970,11.11,no
2026-10-05T00:42:30.961741Z,KXBTC15M-26OCT042045-45,0.9970,0.02,no
2026-10-05T00:42:30.961741Z,KXBTC15M-26OCT042045-45,0.9970,220.03,no
2026-10-05T00:42:30.961741Z,KXBTC15M-26OCT042045-45,0.9970,80.37,no
2026-10-05T00:42:30.961741Z,KXBTC15M-26OCT042045-45,0.9970,0.02,no
2026-10-05T00:42:30.961741Z,KXBTC15M-26OCT042045-45,0.9970,0.01,no
2026-10-05T00:42:30.961741Z,KXBTC15M-26OCT042045-45,0.9970,0.02,no
2026-10-05T00:42:30.964344Z,KXBTC15M-26OCT042045-45,0.9970,13.27,no
2026-10-05T00:42:31.05577Z,KXBTC15M-26OCT042045-45,0.9980,1.56,yes
2026-10-05T00:42:31.128406Z,KXBTC15M-26OCT042045-45,0.9970,305.35,no
2026-10-05T00:42:31.153889Z,KXBTC15M-26OCT042045-45,0.9970,52.36,no
2026-10-05T00:42:31.288944Z,KXBTC15M-26OCT042045-45,0.9970,5756.69,no
2026-10-05T00:42:31.288944Z,KXBTC15M-26OCT042045-45,0.9970,1548.65,no
2026-10-05T00:42:31.311254Z,KXBTC15M-26OCT042045-45,0.9970,37.16,no
2026-10-05T00:42:31.384082Z,KXBTC15M-26OCT042045-45,0.9970,7.99,no
2026-10-05T00:42:31.404036Z,KXBTC15M-26OCT042045-45,0.9970,1304.00,no
2026-10-05T00:42:31.468037Z,KXBTC15M-26OCT042045-45,0.9970,155.83,no
2026-10-05T00:42:31.505149Z,KXBTC15M-26OCT042045-45,0.9980,0.05,yes
2026-10-05T00:42:31.719977Z,KXBTC15M-26OCT042045-45,0.9970,30.00,no
2026-10-05T00:42:31.880972Z,KXBTC15M-26OCT042045-45,0.9970,934.76,no
2026-10-05T00:42:31.901982Z,KXBTC15M-26OCT042045-45,0.9980,500.93,yes
2026-10-05T00:42:31.928106Z,KXBTC15M-26OCT042045-45,0.9970,610.72,no
2026-10-05T00:42:31.967759Z,KXBTC15M-26OCT042045-45,0.9970,13.14,no
2026-10-05T00:42:31.984817Z,KXBTC15M-26OCT042045-45,0.9980,19.03,yes
2026-10-05T00:42:32.062775Z,KXBTC15M-26OCT042045-45,0.9970,51.00,no
2026-10-05T00:42:32.106859Z,KXBTC15M-26OCT042045-45,0.9970,25.00,no
2026-10-05T00:42:32.213777Z,KXBTC15M-26OCT042045-45,0.9970,43.04,no
2026-10-05T00:42:32.323287Z,KXBTC15M-26OCT042045-45,0.9970,3053.57,no
2026-10-05T00:42:32.348107Z,KXBTC15M-26OCT042045-45,0.9970,43.04,no
2026-10-05T00:42:32.3533Z,KXBTC15M-26OCT042045-45,0.9980,1.00,yes
2026-10-05T00:42:32.37994Z,KXBTC15M-26OCT042045-45,0.9970,5.32,no
2026-10-05T00:42:32.505333Z,KXBTC15M-26OCT042045-45,0.9980,5009.31,yes
2026-10-05T00:42:32.555536Z,KXBTC15M-26OCT042045-45,0.9970,103.84,no
2026-10-05T00:42:32.704757Z,KXBTC15M-26OCT042045-45,0.9970,2442.85,no
2026-10-05T00:42:32.722787Z,KXBTC15M-26OCT042045-45,0.9980,1.50,yes
2026-10-05T00:42:33.093417Z,KXBTC15M-26OCT042045-45,0.9970,12.12,no
2026-10-05T00:42:33.119007Z,KXBTC15M-26OCT042045-45,0.9970,77.89,no
2026-10-05T00:42:33.119584Z,KXBTC15M-26OCT042045-45,0.9970,1292.04,no
2026-10-05T00:42:33.119584Z,KXBTC15M-26OCT042045-45,0.9970,0.01,no
2026-10-05T00:42:33.119584Z,KXBTC15M-26OCT042045-45,0.9970,14.02,no
2026-10-05T00:42:33.119584Z,KXBTC15M-26OCT042045-45,0.9970,1.00,no
2026-10-05T00:42:33.119584Z,KXBTC15M-26OCT042045-45,0.9970,88.16,no
2026-10-05T00:42:33.119584Z,KXBTC15M-26OCT042045-45,0.9970,1.66,no
2026-10-05T00:42:33.119584Z,KXBTC15M-26OCT042045-45,0.9970,0.01,no
2026-10-05T00:42:33.119584Z,KXBTC15M-26OCT042045-45,0.9970,18.38,no
2026-10-05T00:42:33.119584Z,KXBTC15M-26OCT042045-45,0.9970,2.00,no
2026-10-05T00:42:33.119584Z,KXBTC15M-26OCT042045-45,0.9970,6.00,no
2026-10-05T00:42:33.119584Z,KXBTC15M-26OCT042045-45,0.9970,132.07,no
2026-10-05T00:42:33.119584Z,KXBTC15M-26OCT042045-45,0.9970,1.00,no
2026-10-05T00:42:33.119584Z,KXBTC15M-26OCT042045-45,0.9970,0.05,no
2026-10-05T00:42:33.119584Z,KXBTC15M-26OCT042045-45,0.9970,1.56,no
2026-10-05T00:42:33.257717Z,KXBTC15M-26OCT042045-45,0.9980,0.56,yes
2026-10-05T00:42:33.311562Z,KXBTC15M-26OCT042045-45,0.9970,230.06,no
2026-10-05T00:42:33.604273Z,KXBTC15M-26OCT042045-45,0.9970,40.00,no
2026-10-05T00:42:33.678536Z,KXBTC15M-26OCT042045-45,0.9980,60.11,yes
2026-10-05T00:42:33.678784Z,KXBTC15M-26OCT042045-45,0.9970,1.00,no
2026-10-05T00:42:33.678784Z,KXBTC15M-26OCT042045-45,0.9970,1407.97,no
2026-10-05T00:42:33.678784Z,KXBTC15M-26OCT042045-45,0.9970,98.80,no
2026-10-05T00:42:33.678784Z,KXBTC15M-26OCT042045-45,0.9970,19.03,no
2026-10-05T00:42:33.678944Z,KXBTC15M-26OCT042045-45,0.9980,38.07,yes
2026-10-05T00:42:33.699101Z,KXBTC15M-26OCT042045-45,0.9970,305.35,no
2026-10-05T00:42:33.704121Z,KXBTC15M-26OCT042045-45,0.9980,28.38,yes
2026-10-05T00:42:33.731383Z,KXBTC15M-26OCT042045-45,0.9980,5000.00,yes
2026-10-05T00:42:33.810343Z,KXBTC15M-26OCT042045-45,0.9970,10.05,no
2026-10-05T00:42:33.863802Z,KXBTC15M-26OCT042045-45,0.9970,136.63,no
2026-10-05T00:42:33.91371Z,KXBTC15M-26OCT042045-45,0.9970,3053.57,no
2026-10-05T00:42:34.121517Z,KXBTC15M-26OCT042045-45,0.9980,40.29,yes
2026-10-05T00:42:34.12707Z,KXBTC15M-26OCT042045-45,0.9980,16.00,yes
2026-10-05T00:42:34.144411Z,KXBTC15M-26OCT042045-45,0.9970,28.38,no
2026-10-05T00:42:34.144411Z,KXBTC15M-26OCT042045-45,0.9970,0.56,no
2026-10-05T00:42:34.144411Z,KXBTC15M-26OCT042045-45,0.9970,60.11,no
2026-10-05T00:42:34.144411Z,KXBTC15M-26OCT042045-45,0.9970,79.97,no
2026-10-05T00:42:34.144411Z,KXBTC15M-26OCT042045-45,0.9970,0.01,no
2026-10-05T00:42:34.144411Z,KXBTC15M-26OCT042045-45,0.9970,0.01,no
2026-10-05T00:42:34.144411Z,KXBTC15M-26OCT042045-45,0.9970,38.07,no
2026-10-05T00:42:34.144411Z,KXBTC15M-26OCT042045-45,0.9970,1.00,no
2026-10-05T00:42:34.144411Z,KXBTC15M-26OCT042045-45,0.9970,95.74,no
2026-10-05T00:42:34.144411Z,KXBTC15M-26OCT042045-45,0.9970,1.50,no
2026-10-05T00:42:34.206752Z,KXBTC15M-26OCT042045-45,0.9970,13.00,no
2026-10-05T00:42:34.273304Z,KXBTC15M-26OCT042045-45,0.9970,43.04,no
2026-10-05T00:42:34.297542Z,KXBTC15M-26OCT042045-45,0.9980,0.02,yes
2026-10-05T00:42:34.389879Z,KXBTC15M-26OCT042045-45,0.9970,227.00,no
2026-10-05T00:42:34.411313Z,KXBTC15M-26OCT042045-45,0.9980,28.35,yes
2026-10-05T00:42:34.484088Z,KXBTC15M-26OCT042045-45,0.9970,5.87,no
2026-10-05T00:42:34.708983Z,KXBTC15M-26OCT042045-45,0.9970,598.26,no
2026-10-05T00:42:34.716822Z,KXBTC15M-26OCT042045-45,0.9970,75.00,no
2026-10-05T00:42:34.830116Z,KXBTC15M-26OCT042045-45,0.9980,36.00,yes
2026-10-05T00:42:34.830116Z,KXBTC15M-26OCT042045-45,0.9980,17.00,yes
2026-10-05T00:42:34.830116Z,KXBTC15M-26OCT042045-45,0.9980,400.00,yes
2026-10-05T00:42:34.830116Z,KXBTC15M-26OCT042045-45,0.9980,17.00,yes
2026-10-05T00:42:34.830116Z,KXBTC15M-26OCT042045-45,0.9980,500.00,yes
2026-10-05T00:42:34.830116Z,KXBTC15M-26OCT042045-45,0.9980,2.00,yes
2026-10-05T00:42:34.830116Z,KXBTC15M-26OCT042045-45,0.9980,500.00,yes
2026-10-05T00:42:34.830116Z,KXBTC15M-26OCT042045-45,0.9980,15.00,yes
2026-10-05T00:42:34.830116Z,KXBTC15M-26OCT042045-45,0.9980,0.01,yes
2026-10-05T00:42:34.830116Z,KXBTC15M-26OCT042045-45,0.9980,196.48,yes
2026-10-05T00:42:34.830116Z,KXBTC15M-26OCT042045-45,0.9980,0.01,yes
2026-10-05T00:42:34.830116Z,KXBTC15M-26OCT042045-45,0.9980,262.00,yes
2026-10-05T00:42:34.830116Z,KXBTC15M-26OCT042045-45,0.9980,15.00,yes
2026-10-05T00:42:34.830116Z,KXBTC15M-26OCT042045-45,0.9980,40.00,yes
2026-10-05T00:42:34.830116Z,KXBTC15M-26OCT042045-45,0.9980,250.00,yes
2026-10-05T00:42:34.830116Z,KXBTC15M-26OCT042045-45,0.9980,150.00,yes
2026-10-05T00:42:34.830116Z,KXBTC15M-26OCT042045-45,0.9980,15.00,yes
2026-10-05T00:42:34.830116Z,KXBTC15M-26OCT042045-45,0.9980,15.00,yes
2026-10-05T00:42:34.830116Z,KXBTC15M-26OCT042045-45,0.9980,15.00,yes
2026-10-05T00:42:34.830116Z,KXBTC15M-26OCT042045-45,0.9980,15.00,yes
2026-10-05T00:42:34.830116Z,KXBTC15M-26OCT042045-45,0.9980,15.00,yes
2026-10-05T00:42:34.830116Z,KXBTC15M-26OCT042045-45,0.9980,15.00,yes
2026-10-05T00:42:34.830116Z,KXBTC15M-26OCT042045-45,0.9980,15.00,yes
2026-10-05T00:42:34.830116Z,KXBTC15M-26OCT042045-45,0.9980,14.12,yes
2026-10-05T00:42:34.830116Z,KXBTC15M-26OCT042045-45,0.9980,39.00,yes
2026-10-05T00:42:34.830116Z,KXBTC15M-26OCT042045-45,0.9980,5.00,yes
2026-10-05T00:42:34.830116Z,KXBTC15M-26OCT042045-45,0.9980,500.00,yes
2026-10-05T00:42:34.830116Z,KXBTC15M-26OCT042045-45,0.9980,500.00,yes
2026-10-05T00:42:34.830116Z,KXBTC15M-26OCT042045-45,0.9980,1300.00,yes
2026-10-05T00:42:34.830116Z,KXBTC15M-26OCT042045-45,0.9980,1000.00,yes
2026-10-05T00:42:34.830116Z,KXBTC15M-26OCT042045-45,0.9980,120.00,yes
2026-10-05T00:42:34.830116Z,KXBTC15M-26OCT042045-45,0.9980,1000.00,yes
2026-10-05T00:42:34.830116Z,KXBTC15M-26OCT042045-45,0.9980,1000.00,yes
2026-10-05T00:42:34.830116Z,KXBTC15M-26OCT042045-45,0.9980,3404.82,yes
2026-10-05T00:42:34.830116Z,KXBTC15M-26OCT042045-45,0.9980,3.00,yes
2026-10-05T00:42:34.830116Z,KXBTC15M-26OCT042045-45,0.9980,26.00,yes
2026-10-05T00:42:34.830116Z,KXBTC15M-26OCT042045-45,0.9980,3.00,yes
2026-10-05T00:42:34.830116Z,KXBTC15M-26OCT042045-45,0.9980,3.00,yes
2026-10-05T00:42:34.830116Z,KXBTC15M-26OCT042045-45,0.9980,3.00,yes
2026-10-05T00:42:34.830116Z,KXBTC15M-26OCT042045-45,0.9980,3.00,yes
2026-10-05T00:42:34.830116Z,KXBTC15M-26OCT042045-45,0.9980,20.00,yes
2026-10-05T00:42:34.831989Z,KXBTC15M-26OCT042045-45,0.9980,74.00,yes
2026-10-05T00:42:34.867421Z,KXBTC15M-26OCT042045-45,0.9970,305.35,no
2026-10-05T00:42:35.03744Z,KXBTC15M-26OCT042045-45,0.9970,6.00,no
2026-10-05T00:42:35.11051Z,KXBTC15M-26OCT042045-45,0.9980,17.00,yes
2026-10-05T00:42:35.11051Z,KXBTC15M-26OCT042045-45,0.9980,21.33,yes
2026-10-05T00:42:35.11051Z,KXBTC15M-26OCT042045-45,0.9980,0.01,yes
2026-10-05T00:42:35.11051Z,KXBTC15M-26OCT042045-45,0.9980,150.00,yes
2026-10-05T00:42:35.11051Z,KXBTC15M-26OCT042045-45,0.9980,0.01,yes
2026-10-05T00:42:35.111996Z,KXBTC15M-26OCT042045-45,0.9970,4.02,no
2026-10-05T00:42:35.266478Z,KXBTC15M-26OCT042045-45,0.9970,22.13,no
2026-10-05T00:42:35.500128Z,KXBTC15M-26OCT042045-45,0.9970,10.05,no
2026-10-05T00:42:35.501769Z,KXBTC15M-26OCT042045-45,0.9970,1000.00,no
2026-10-05T00:42:35.52124Z,KXBTC15M-26OCT042045-45,0.9970,305.35,no
2026-10-05T00:42:35.597138Z,KXBTC15M-26OCT042045-45,0.9970,16.00,no
2026-10-05T00:42:35.597138Z,KXBTC15M-26OCT042045-45,0.9970,40.29,no
2026-10-05T00:42:35.597138Z,KXBTC15M-26OCT042045-45,0.9970,662.93,no
2026-10-05T00:42:35.597138Z,KXBTC15M-26OCT042045-45,0.9970,1.00,no
2026-10-05T00:42:35.597138Z,KXBTC15M-26OCT042045-45,0.9970,28.35,no
2026-10-05T00:42:35.597138Z,KXBTC15M-26OCT042045-45,0.9970,0.01,no
2026-10-05T00:42:35.597138Z,KXBTC15M-26OCT042045-45,0.9970,0.02,no
2026-10-05T00:42:35.597138Z,KXBTC15M-26OCT042045-45,0.9970,0.01,no
2026-10-05T00:42:35.597138Z,KXBTC15M-26OCT042045-45,0.9970,2304.96,no
2026-10-05T00:42:35.635822Z,KXBTC15M-26OCT042045-45,0.9970,43.04,no
2026-10-05T00:42:35.656421Z,KXBTC15M-26OCT042045-45,0.9980,203.35,yes
2026-10-05T00:42:35.739437Z,KXBTC15M-26OCT042045-45,0.9970,147.96,no
2026-10-05T00:42:35.986623Z,KXBTC15M-26OCT042045-45,0.9980,9.00,yes
2026-10-05T00:42:36.012325Z,KXBTC15M-26OCT042045-45,0.9970,305.35,no
2026-10-05T00:42:36.401384Z,KXBTC15M-26OCT042045-45,0.9970,2.04,no
2026-10-05T00:42:36.414706Z,KXBTC15M-26OCT042045-45,0.9970,29.91,no
2026-10-05T00:42:36.51575Z,KXBTC15M-26OCT042045-45,0.9970,136.00,no
2026-10-05T00:42:36.54813Z,KXBTC15M-26OCT042045-45,0.9970,19.70,no
2026-10-05T00:42:36.676089Z,KXBTC15M-26OCT042045-45,0.9980,7.85,yes
2026-10-05T00:42:36.737849Z,KXBTC15M-26OCT042045-45,0.9970,115.15,no
2026-10-05T00:42:36.832929Z,KXBTC15M-26OCT042045-45,0.9970,305.35,no
2026-10-05T00:42:36.877424Z,KXBTC15M-26OCT042045-45,0.9980,258.47,yes
2026-10-05T00:42:36.877424Z,KXBTC15M-26OCT042045-45,0.9980,150.00,yes
2026-10-05T00:42:36.877424Z,KXBTC15M-26OCT042045-45,0.9980,0.01,yes
2026-10-05T00:42:36.877424Z,KXBTC15M-26OCT042045-45,0.9980,0.01,yes
2026-10-05T00:42:36.877424Z,KXBTC15M-26OCT042045-45,0.9980,17.00,yes
2026-10-05T00:42:36.877424Z,KXBTC15M-26OCT042045-45,0.9990,4579.56,yes
2026-10-05T00:42:36.888698Z,KXBTC15M-26OCT042045-45,0.9980,0.01,yes
2026-10-05T00:42:36.888698Z,KXBTC15M-26OCT042045-45,0.9980,17.00,yes
2026-10-05T00:42:36.888698Z,KXBTC15M-26OCT042045-45,0.9980,0.01,yes
2026-10-05T00:42:36.917769Z,KXBTC15M-26OCT042045-45,0.9980,3000.00,no
2026-10-05T00:42:36.94486Z,KXBTC15M-26OCT042045-45,0.9980,311.59,no
2026-10-05T00:42:36.958081Z,KXBTC15M-26OCT042045-45,0.9980,311.59,no
2026-10-05T00:42:36.973159Z,KXBTC15M-26OCT042045-45,0.9980,75.00,no
2026-10-05T00:42:36.993452Z,KXBTC15M-26OCT042045-45,0.9980,22.12,no
2026-10-05T00:42:36.994274Z,KXBTC15M-26OCT042045-45,0.9990,35.96,yes
2026-10-05T00:42:37.083311Z,KXBTC15M-26OCT042045-45,0.9990,19.62,yes
2026-10-05T00:42:37.183652Z,KXBTC15M-26OCT042045-45,0.9990,9.80,yes
2026-10-05T00:42:37.221438Z,KXBTC15M-26OCT042045-45,0.9980,380.00,no
2026-10-05T00:42:37.324809Z,KXBTC15M-26OCT042045-45,0.9980,35.96,no
2026-10-05T00:42:37.324809Z,KXBTC15M-26OCT042045-45,0.9980,19.62,no
2026-10-05T00:42:37.324809Z,KXBTC15M-26OCT042045-45,0.9980,524.16,no
2026-10-05T00:42:37.324809Z,KXBTC15M-26OCT042045-45,0.9980,292.00,no
2026-10-05T00:42:37.324809Z,KXBTC15M-26OCT042045-45,0.9980,1.00,no
2026-10-05T00:42:37.324809Z,KXBTC15M-26OCT042045-45,0.9980,15.00,no
2026-10-05T00:42:37.324809Z,KXBTC15M-26OCT042045-45,0.9980,15.00,no
2026-10-05T00:42:37.324809Z,KXBTC15M-26OCT042045-45,0.9980,0.01,no
2026-10-05T00:42:37.324809Z,KXBTC15M-26OCT042045-45,0.9980,462.24,no
2026-10-05T00:42:37.324809Z,KXBTC15M-26OCT042045-45,0.9980,0.01,no
2026-10-05T00:42:37.362695Z,KXBTC15M-26OCT042045-45,0.9980,0.01,no
2026-10-05T00:42:37.362695Z,KXBTC15M-26OCT042045-45,0.9980,0.01,no
2026-10-05T00:42:37.362695Z,KXBTC15M-26OCT042045-45,0.9980,1113.23,no
2026-10-05T00:42:37.362695Z,KXBTC15M-26OCT042045-45,0.9980,100.00,no
2026-10-05T00:42:37.362695Z,KXBTC15M-26OCT042045-45,0.9980,45.42,no
2026-10-05T00:42:37.362695Z,KXBTC15M-26OCT042045-45,0.9980,15.00,no
2026-10-05T00:42:37.362695Z,KXBTC15M-26OCT042045-45,0.9980,9.80,no
2026-10-05T00:42:37.362695Z,KXBTC15M-26OCT042045-45,0.9980,1.00,no
2026-10-05T00:42:37.362695Z,KXBTC15M-26OCT042045-45,0.9980,60.58,no
2026-10-05T00:42:37.362695Z,KXBTC15M-26OCT042045-45,0.9970,34.95,no
2026-10-05T00:42:37.362695Z,KXBTC15M-26OCT042045-45,0.9970,120.00,no
2026-10-05T00:42:37.362695Z,KXBTC15M-26OCT042045-45,0.9970,500.00,no
2026-10-05T00:42:37.370763Z,KXBTC15M-26OCT042045-45,0.9980,68.06,no
2026-10-05T00:42:37.37342Z,KXBTC15M-26OCT042045-45,0.9990,2.00,yes
2026-10-05T00:42:37.448114Z,KXBTC15M-26OCT042045-45,0.9990,35.23,yes
2026-10-05T00:42:37.602077Z,KXBTC15M-26OCT042045-45,0.9980,3.63,no
2026-10-05T00:42:37.67722Z,KXBTC15M-26OCT042045-45,0.9990,9.80,yes
2026-10-05T00:42:37.712034Z,KXBTC15M-26OCT042045-45,0.9980,16.98,no
2026-10-05T00:42:37.753172Z,KXBTC15M-26OCT042045-45,0.9980,0.01,no
2026-10-05T00:42:37.753172Z,KXBTC15M-26OCT042045-45,0.9980,1.00,no
2026-10-05T00:42:37.753172Z,KXBTC15M-26OCT042045-45,0.9980,2.00,no
2026-10-05T00:42:37.753172Z,KXBTC15M-26OCT042045-45,0.9980,9.80,no
2026-10-05T00:42:37.753172Z,KXBTC15M-26OCT042045-45,0.9980,15.00,no
2026-10-05T00:42:37.753172Z,KXBTC15M-26OCT042045-45,0.9980,35.23,no
2026-10-05T00:42:37.753172Z,KXBTC15M-26OCT042045-45,0.9980,8.66,no
2026-10-05T00:42:37.753172Z,KXBTC15M-26OCT042045-45,0.9980,14.70,no
2026-10-05T00:42:37.753172Z,KXBTC15M-26OCT042045-45,0.9980,0.01,no
2026-10-05T00:42:37.753172Z,KXBTC15M-26OCT042045-45,0.9980,67.15,no
2026-10-05T00:42:37.753172Z,KXBTC15M-26OCT042045-45,0.9970,303.39,no
2026-10-05T00:42:37.753172Z,KXBTC15M-26OCT042045-45,0.9970,965.05,no
2026-10-05T00:42:37.892422Z,KXBTC15M-26OCT042045-45,0.9980,44.04,yes
2026-10-05T00:42:38.267011Z,KXBTC15M-26OCT042045-45,0.9970,50.23,no
2026-10-05T00:42:38.872978Z,KXBTC15M-26OCT042045-45,0.9970,310.00,no
2026-10-05T00:42:38.939571Z,KXBTC15M-26OCT042045-45,0.9980,5.00,yes
2026-10-05T00:42:38.944113Z,KXBTC15M-26OCT042045-45,0.9970,0.20,no
2026-10-05T00:42:39.140455Z,KXBTC15M-26OCT042045-45,0.9980,100.96,yes
2026-10-05T00:42:39.140455Z,KXBTC15M-26OCT042045-45,0.9980,0.01,yes
2026-10-05T00:42:39.140455Z,KXBTC15M-26OCT042045-45,0.9980,0.01,yes
2026-10-05T00:42:39.140455Z,KXBTC15M-26OCT042045-45,0.9980,5.02,yes
2026-10-05T00:42:39.35483Z,KXBTC15M-26OCT042045-45,0.9970,4.59,no
2026-10-05T00:42:39.402614Z,KXBTC15M-26OCT042045-45,0.9980,0.01,yes
2026-10-05T00:42:39.402614Z,KXBTC15M-26OCT042045-45,0.9980,15.55,yes
2026-10-05T00:42:39.402614Z,KXBTC15M-26OCT042045-45,0.9980,0.01,yes
2026-10-05T00:42:39.402614Z,KXBTC15M-26OCT042045-45,0.9980,5.02,yes
2026-10-05T00:42:39.402614Z,KXBTC15M-26OCT042045-45,0.9980,11.98,yes
2026-10-05T00:42:39.507384Z,KXBTC15M-26OCT042045-45,0.9980,10.01,yes
2026-10-05T00:42:39.518279Z,KXBTC15M-26OCT042045-45,0.9970,104.74,no
2026-10-05T00:42:39.631377Z,KXBTC15M-26OCT042045-45,0.9970,6.10,no
2026-10-05T00:42:39.633811Z,KXBTC15M-26OCT042045-45,0.9970,84.60,no
2026-10-05T00:42:39.633811Z,KXBTC15M-26OCT042045-45,0.9970,220.75,no
2026-10-05T00:42:39.650544Z,KXBTC15M-26OCT042045-45,0.9970,52.36,no
2026-10-05T00:42:39.701362Z,KXBTC15M-26OCT042045-45,0.9970,3.06,no
2026-10-05T00:42:39.823019Z,KXBTC15M-26OCT042045-45,0.9970,12.27,no
2026-10-05T00:42:39.877773Z,KXBTC15M-26OCT042045-45,0.9970,610.72,no
2026-10-05T00:42:39.8809Z,KXBTC15M-26OCT042045-45,0.9970,21.33,no
2026-10-05T00:42:39.8809Z,KXBTC15M-26OCT042045-45,0.9970,46.03,no
2026-10-05T00:42:39.8809Z,KXBTC15M-26OCT042045-45,0.9970,1.00,no
2026-10-05T00:42:39.8809Z,KXBTC15M-26OCT042045-45,0.9970,236.99,no
2026-10-05T00:42:40.002634Z,KXBTC15M-26OCT042045-45,0.9970,9.00,no
2026-10-05T00:42:40.002634Z,KXBTC15M-26OCT042045-45,0.9970,7.85,no
2026-10-05T00:42:40.002634Z,KXBTC15M-26OCT042045-45,0.9970,131.18,no
2026-10-05T00:42:40.002634Z,KXBTC15M-26OCT042045-45,0.9970,157.32,no
2026-10-05T00:42:40.01746Z,KXBTC15M-26OCT042045-45,0.9980,111.82,yes
2026-10-05T00:42:40.01746Z,KXBTC15M-26OCT042045-45,0.9980,124.44,yes
2026-10-05T00:42:40.01746Z,KXBTC15M-26OCT042045-45,0.9980,0.01,yes
2026-10-05T00:42:40.01746Z,KXBTC15M-26OCT042045-45,0.9980,0.01,yes
2026-10-05T00:42:40.01746Z,KXBTC15M-26OCT042045-45,0.9980,17.00,yes
2026-10-05T00:42:40.051945Z,KXBTC15M-26OCT042045-45,0.9990,14.75,yes
2026-10-05T00:42:40.112945Z,KXBTC15M-26OCT042045-45,0.9980,77.89,no
2026-10-05T00:42:40.117323Z,KXBTC15M-26OCT042045-45,0.9980,3.64,no
2026-10-05T00:42:40.134704Z,KXBTC15M-26OCT042045-45,0.9990,588.77,yes
2026-10-05T00:42:40.24466Z,KXBTC15M-26OCT042045-45,0.9980,45.19,no
2026-10-05T00:42:40.24466Z,KXBTC15M-26OCT042045-45,0.9980,14.90,no
2026-10-05T00:42:40.24466Z,KXBTC15M-26OCT042045-45,0.9980,0.01,no
2026-10-05T00:42:40.24466Z,KXBTC15M-26OCT042045-45,0.9980,0.01,no
2026-10-05T00:42:40.262543Z,KXBTC15M-26OCT042045-45,0.9980,1.00,no
2026-10-05T00:42:40.262543Z,KXBTC15M-26OCT042045-45,0.9980,46.48,no
2026-10-05T00:42:40.262543Z,KXBTC15M-26OCT042045-45,0.9980,14.75,no
2026-10-05T00:42:40.262543Z,KXBTC15M-26OCT042045-45,0.9980,0.10,no
2026-10-05T00:42:40.449688Z,KXBTC15M-26OCT042045-45,0.9990,2842.60,yes
2026-10-05T00:42:40.490775Z,KXBTC15M-26OCT042045-45,0.9980,542.00,no
2026-10-05T00:42:40.667187Z,KXBTC15M-26OCT042045-45,0.9980,15.00,no
2026-10-05T00:42:40.667187Z,KXBTC15M-26OCT042045-45,0.9980,0.01,no
2026-10-05T00:42:40.667187Z,KXBTC15M-26OCT042045-45,0.9980,170.90,no
2026-10-05T00:42:40.667187Z,KXBTC15M-26OCT042045-45,0.9980,1.00,no
2026-10-05T00:42:40.667187Z,KXBTC15M-26OCT042045-45,0.9980,0.01,no
2026-10-05T00:42:40.667187Z,KXBTC15M-26OCT042045-45,0.9980,46.77,no
2026-10-05T00:42:40.68077Z,KXBTC15M-26OCT042045-45,0.9990,3002.79,yes
2026-10-05T00:42:40.876151Z,KXBTC15M-26OCT042045-45,0.9990,1164.07,yes
2026-10-05T00:42:40.945171Z,KXBTC15M-26OCT042045-45,0.9990,7695.05,yes
2026-10-05T00:42:40.945171Z,KXBTC15M-26OCT042045-45,0.9990,12323.56,yes
2026-10-05T00:42:40.958291Z,KXBTC15M-26OCT042045-45,0.9980,73.99,no
2026-10-05T00:42:40.965762Z,KXBTC15M-26OCT042045-45,0.9990,1.13,yes
2026-10-05T00:42:40.972788Z,KXBTC15M-26OCT042045-45,0.9980,197.92,no
2026-10-05T00:42:41.222551Z,KXBTC15M-26OCT042045-45,0.9990,73.31,yes
2026-10-05T00:42:41.231854Z,KXBTC15M-26OCT042045-45,0.9980,458.01,no
2026-10-05T00:42:41.257716Z,KXBTC15M-26OCT042045-45,0.9980,0.02,no
2026-10-05T00:42:41.259363Z,KXBTC15M-26OCT042045-45,0.9980,0.02,no
2026-10-05T00:42:41.259384Z,KXBTC15M-26OCT042045-45,0.9980,0.02,no
2026-10-05T00:42:41.261231Z,KXBTC15M-26OCT042045-45,0.9980,126.01,no
2026-10-05T00:42:41.294597Z,KXBTC15M-26OCT042045-45,0.9980,22.92,no
2026-10-05T00:42:41.307649Z,KXBTC15M-26OCT042045-45,0.9990,52.52,yes
2026-10-05T00:42:41.348211Z,KXBTC15M-26OCT042045-45,0.9980,9.36,no
2026-10-05T00:42:41.457965Z,KXBTC15M-26OCT042045-45,0.9980,7.24,no
2026-10-05T00:42:41.530947Z,KXBTC15M-26OCT042045-45,0.9990,15.01,yes
2026-10-05T00:42:41.549696Z,KXBTC15M-26OCT042045-45,0.9990,136.12,yes
2026-10-05T00:42:41.690236Z,KXBTC15M-26OCT042045-45,0.9990,1.00,yes
2026-10-05T00:42:41.792524Z,KXBTC15M-26OCT042045-45,0.9980,2.80,no
2026-10-05T00:42:41.837755Z,KXBTC15M-26OCT042045-45,0.9980,8.04,no
2026-10-05T00:42:41.950076Z,KXBTC15M-26OCT042045-45,0.9990,10.00,yes
2026-10-05T00:42:41.987055Z,KXBTC15M-26OCT042045-45,0.9980,458.01,no
2026-10-05T00:42:41.995055Z,KXBTC15M-26OCT042045-45,0.9980,1307.34,no
2026-10-05T00:42:41.995055Z,KXBTC15M-26OCT042045-45,0.9980,0.01,no
2026-10-05T00:42:41.995055Z,KXBTC15M-26OCT042045-45,0.9980,1.00,no
2026-10-05T00:42:41.995055Z,KXBTC15M-26OCT042045-45,0.9980,966.70,no
2026-10-05T00:42:41.995055Z,KXBTC15M-26OCT042045-45,0.9980,15.00,no
2026-10-05T00:42:42.010687Z,KXBTC15M-26OCT042045-45,0.9980,45.76,no
2026-10-05T00:42:42.073038Z,KXBTC15M-26OCT042045-45,0.9980,235.12,no
2026-10-05T00:42:42.078343Z,KXBTC15M-26OCT042045-45,0.9990,192.17,yes
2026-10-05T00:42:42.158855Z,KXBTC15M-26OCT042045-45,0.9980,458.01,no
2026-10-05T00:42:42.348708Z,KXBTC15M-26OCT042045-45,0.9980,1297.20,no
2026-10-05T00:42:42.348708Z,KXBTC15M-26OCT042045-45,0.9980,501.98,no
2026-10-05T00:42:42.507114Z,KXBTC15M-26OCT042045-45,0.9980,1627.96,no
2026-10-05T00:42:42.507114Z,KXBTC15M-26OCT042045-45,0.9980,662.09,no
2026-10-05T00:42:42.507224Z,KXBTC15M-26OCT042045-45,0.9980,46.62,no
2026-10-05T00:42:42.520521Z,KXBTC15M-26OCT042045-45,0.9980,224.34,no
2026-10-05T00:42:42.563313Z,KXBTC15M-26OCT042045-45,0.9990,18.10,yes
2026-10-05T00:42:42.571158Z,KXBTC15M-26OCT042045-45,0.9990,15.95,yes
2026-10-05T00:42:42.743325Z,KXBTC15M-26OCT042045-45,0.9980,0.12,no
2026-10-05T00:42:42.771168Z,KXBTC15M-26OCT042045-45,0.9980,13.75,no
2026-10-05T00:42:42.791662Z,KXBTC15M-26OCT042045-45,0.9990,21833.00,yes
2026-10-05T00:42:43.008479Z,KXBTC15M-26OCT042045-45,0.9980,156.00,no
2026-10-05T00:42:43.095823Z,KXBTC15M-26OCT042045-45,0.9990,7695.05,yes
2026-10-05T00:42:43.097479Z,KXBTC15M-26OCT042045-45,0.9980,98.00,no
2026-10-05T00:42:43.280639Z,KXBTC15M-26OCT042045-45,0.9980,458.01,no
2026-10-05T00:42:43.286007Z,KXBTC15M-26OCT042045-45,0.9980,458.01,no
2026-10-05T00:42:43.301496Z,KXBTC15M-26OCT042045-45,0.9980,45.80,no
2026-10-05T00:42:43.435104Z,KXBTC15M-26OCT042045-45,0.9990,2.00,yes
2026-10-05T00:42:43.468619Z,KXBTC15M-26OCT042045-45,0.9980,916.02,no
2026-10-05T00:42:43.52859Z,KXBTC15M-26OCT042045-45,0.9980,1832.05,no
2026-10-05T00:42:43.575067Z,KXBTC15M-26OCT042045-45,0.9980,3.08,no
2026-10-05T00:42:43.746946Z,KXBTC15M-26OCT042045-45,0.9990,386.35,yes
2026-10-05T00:42:43.859942Z,KXBTC15M-26OCT042045-45,0.9990,22.49,yes
2026-10-05T00:42:43.914188Z,KXBTC15M-26OCT042045-45,0.9990,521.48,yes
2026-10-05T00:42:44.00853Z,KXBTC15M-26OCT042045-45,0.9980,1.26,no
2026-10-05T00:42:44.015038Z,KXBTC15M-26OCT042045-45,0.9990,3.99,yes
2026-10-05T00:42:44.025595Z,KXBTC15M-26OCT042045-45,0.9980,4673.54,no
2026-10-05T00:42:44.097349Z,KXBTC15M-26OCT042045-45,0.9980,11.00,no
2026-10-05T00:42:44.215571Z,KXBTC15M-26OCT042045-45,0.9980,22.10,no
2026-10-05T00:42:44.37236Z,KXBTC15M-26OCT042045-45,0.9980,875.29,no
2026-10-05T00:42:44.426176Z,KXBTC15M-26OCT042045-45,0.9990,2.00,yes
2026-10-05T00:42:44.506612Z,KXBTC15M-26OCT042045-45,0.9980,860.61,no
2026-10-05T00:42:44.506612Z,KXBTC15M-26OCT042045-45,0.9980,1.13,no
2026-10-05T00:42:44.506612Z,KXBTC15M-26OCT042045-45,0.9980,15.01,no
2026-10-05T00:42:44.506612Z,KXBTC15M-26OCT042045-45,0.9980,136.12,no
2026-10-05T00:42:44.506612Z,KXBTC15M-26OCT042045-45,0.9980,1.00,no
2026-10-05T00:42:44.506612Z,KXBTC15M-26OCT042045-45,0.9980,73.31,no
2026-10-05T00:42:44.506612Z,KXBTC15M-26OCT042045-45,0.9980,0.01,no
2026-10-05T00:42:44.506612Z,KXBTC15M-26OCT042045-45,0.9980,10.00,no
2026-10-05T00:42:44.506612Z,KXBTC15M-26OCT042045-45,0.9980,52.52,no
2026-10-05T00:42:44.506612Z,KXBTC15M-26OCT042045-45,0.9980,3322.92,no
2026-10-05T00:42:44.506612Z,KXBTC15M-26OCT042045-45,0.9980,0.01,no
2026-10-05T00:42:44.506612Z,KXBTC15M-26OCT042045-45,0.9980,1.00,no
2026-10-05T00:42:44.506612Z,KXBTC15M-26OCT042045-45,0.9980,192.17,no
2026-10-05T00:42:44.506612Z,KXBTC15M-26OCT042045-45,0.9980,15.00,no
2026-10-05T00:42:44.537644Z,KXBTC15M-26OCT042045-45,0.9980,229.01,no
2026-10-05T00:42:44.573947Z,KXBTC15M-26OCT042045-45,0.9990,600.55,yes
2026-10-05T00:42:44.618836Z,KXBTC15M-26OCT042045-45,0.9990,188.17,yes
2026-10-05T00:42:44.736017Z,KXBTC15M-26OCT042045-45,0.9990,4.57,yes
2026-10-05T00:42:44.771535Z,KXBTC15M-26OCT042045-45,0.9980,69.23,no
2026-10-05T00:42:44.831628Z,KXBTC15M-26OCT042045-45,0.9990,3986.00,yes
2026-10-05T00:42:44.860651Z,KXBTC15M-26OCT042045-45,0.9980,91.56,no
2026-10-05T00:42:44.864255Z,KXBTC15M-26OCT042045-45,0.9980,8.37,no
2026-10-05T00:42:44.942183Z,KXBTC15M-26OCT042045-45,0.9980,5.15,no
2026-10-05T00:42:45.157827Z,KXBTC15M-26OCT042045-45,0.9980,50.00,no
2026-10-05T00:42:45.286575Z,KXBTC15M-26OCT042045-45,0.9980,2.52,no
2026-10-05T00:42:45.296236Z,KXBTC15M-26OCT042045-45,0.9980,1557.96,no
2026-10-05T00:42:45.651728Z,KXBTC15M-26OCT042045-45,0.9990,50.04,yes
2026-10-05T00:42:45.768725Z,KXBTC15M-26OCT042045-45,0.9980,3.00,no
2026-10-05T00:42:45.779843Z,KXBTC15M-26OCT042045-45,0.9990,32.02,yes
2026-10-05T00:42:45.809768Z,KXBTC15M-26OCT042045-45,0.9980,4.59,no
2026-10-05T00:42:45.860039Z,KXBTC15M-26OCT042045-45,0.9990,1356.26,yes
2026-10-05T00:42:46.042723Z,KXBTC15M-26OCT042045-45,0.9990,1411.08,yes
2026-10-05T00:42:46.079196Z,KXBTC15M-26OCT042045-45,0.9990,80.07,yes
2026-10-05T00:42:46.372907Z,KXBTC15M-26OCT042045-45,0.9990,1.25,yes
2026-10-05T00:42:46.426511Z,KXBTC15M-26OCT042045-45,0.9980,201.52,no
2026-10-05T00:42:46.456226Z,KXBTC15M-26OCT042045-45,0.9990,1.57,yes
2026-10-05T00:42:46.574641Z,KXBTC15M-26OCT042045-45,0.9980,25.98,no
2026-10-05T00:42:46.597797Z,KXBTC15M-26OCT042045-45,0.9980,454.09,no
2026-10-05T00:42:46.652958Z,KXBTC15M-26OCT042045-45,0.9980,719.18,no
2026-10-05T00:42:47.050939Z,KXBTC15M-26OCT042045-45,0.9980,5.02,no
2026-10-05T00:42:47.081921Z,KXBTC15M-26OCT042045-45,0.9980,46.74,no
2026-10-05T00:42:47.15579Z,KXBTC15M-26OCT042045-45,0.9990,6.15,yes
2026-10-05T00:42:47.521162Z,KXBTC15M-26OCT042045-45,0.9990,41.89,yes
2026-10-05T00:42:47.558169Z,KXBTC15M-26OCT042045-45,0.9980,119.10,no
2026-10-05T00:42:47.60621Z,KXBTC15M-26OCT042045-45,0.9980,45.80,no
2026-10-05T00:42:47.611007Z,KXBTC15M-26OCT042045-45,0.9980,2290.05,no
2026-10-05T00:42:47.72722Z,KXBTC15M-26OCT042045-45,0.9980,5.14,no
2026-10-05T00:42:47.877825Z,KXBTC15M-26OCT042045-45,0.9980,2.30,no
2026-10-05T00:42:47.958095Z,KXBTC15M-26OCT042045-45,0.9980,200.00,no
2026-10-05T00:42:48.04979Z,KXBTC15M-26OCT042045-45,0.9990,0.02,yes
2026-10-05T00:42:48.050218Z,KXBTC15M-26OCT042045-45,0.9990,0.02,yes
2026-10-05T00:42:48.295665Z,KXBTC15M-26OCT042045-45,0.9990,263.00,yes
2026-10-05T00:42:48.343711Z,KXBTC15M-26OCT042045-45,0.9980,311.59,no
2026-10-05T00:42:48.354338Z,KXBTC15M-26OCT042045-45,0.9980,143.94,no
2026-10-05T00:42:48.511462Z,KXBTC15M-26OCT042045-45,0.9980,17.18,no
2026-10-05T00:42:48.664827Z,KXBTC15M-26OCT042045-45,0.9980,104.73,no
2026-10-05T00:42:48.736814Z,KXBTC15M-26OCT042045-45,0.9990,40.20,yes
2026-10-05T00:42:48.851915Z,KXBTC15M-26OCT042045-45,0.9980,4580.06,no
2026-10-05T00:42:48.874782Z,KXBTC15M-26OCT042045-45,0.9990,750.83,yes
2026-10-05T00:42:48.880905Z,KXBTC15M-26OCT042045-45,0.9980,20.00,no
2026-10-05T00:42:49.028003Z,KXBTC15M-26OCT042045-45,0.9990,25.02,yes
2026-10-05T00:42:49.078266Z,KXBTC15M-26OCT042045-45,0.9980,8.63,no
2026-10-05T00:42:49.272828Z,KXBTC15M-26OCT042045-45,0.9980,45.00,no
2026-10-05T00:42:49.411977Z,KXBTC15M-26OCT042045-45,0.9980,125.07,no
2026-10-05T00:42:49.494882Z,KXBTC15M-26OCT042045-45,0.9990,12.23,yes
2026-10-05T00:42:49.566747Z,KXBTC15M-26OCT042045-45,0.9990,1.00,yes
2026-10-05T00:42:49.577552Z,KXBTC15M-26OCT042045-45,0.9980,458.01,no
2026-10-05T00:42:49.679797Z,KXBTC15M-26OCT042045-45,0.9980,458.01,no
2026-10-05T00:42:49.770919Z,KXBTC15M-26OCT042045-45,0.9990,150.16,yes
2026-10-05T00:42:50.010286Z,KXBTC15M-26OCT042045-45,0.9980,9.80,no
2026-10-05T00:42:50.284746Z,KXBTC15M-26OCT042045-45,0.9980,251.91,no
2026-10-05T00:42:50.394219Z,KXBTC15M-26OCT042045-45,0.9980,464.99,no
2026-10-05T00:42:50.416929Z,KXBTC15M-26OCT042045-45,0.9980,152.12,no
2026-10-05T00:42:50.459362Z,KXBTC15M-26OCT042045-45,0.9990,62.49,yes
2026-10-05T00:42:50.581791Z,KXBTC15M-26OCT042045-45,0.9990,123.64,yes
2026-10-05T00:42:50.628664Z,KXBTC15M-26OCT042045-45,0.9980,916.02,no
2026-10-05T00:42:50.685719Z,KXBTC15M-26OCT042045-45,0.9980,327.14,no
2026-10-05T00:42:50.6892Z,KXBTC15M-26OCT042045-45,0.9990,12.06,yes
2026-10-05T00:42:50.698462Z,KXBTC15M-26OCT042045-45,0.9990,100.00,yes
2026-10-05T00:42:50.811091Z,KXBTC15M-26OCT042045-45,0.9980,45.80,no
2026-10-05T00:42:51.093433Z,KXBTC15M-26OCT042045-45,0.9980,5.14,no
2026-10-05T00:42:51.098755Z,KXBTC15M-26OCT042045-45,0.9990,10.00,yes
2026-10-05T00:42:51.156084Z,KXBTC15M-26OCT042045-45,0.9980,59.57,no
2026-10-05T00:42:51.172149Z,KXBTC15M-26OCT042045-45,0.9980,229.01,no
2026-10-05T00:42:51.172976Z,KXBTC15M-26OCT042045-45,0.9990,40.03,yes
2026-10-05T00:42:51.247427Z,KXBTC15M-26OCT042045-45,0.9990,15.51,yes
2026-10-05T00:42:51.271505Z,KXBTC15M-26OCT042045-45,0.9980,4.50,no
2026-10-05T00:42:51.305822Z,KXBTC15M-26OCT042045-45,0.9980,6870.08,no
2026-10-05T00:42:51.422251Z,KXBTC15M-26OCT042045-45,0.9980,45.80,no
2026-10-05T00:42:51.47546Z,KXBTC15M-26OCT042045-45,0.9990,3054.16,yes
2026-10-05T00:42:51.511676Z,KXBTC15M-26OCT042045-45,0.9980,9.13,no
2026-10-05T00:42:51.552804Z,KXBTC15M-26OCT042045-45,0.9980,791.09,no
2026-10-05T00:42:51.578337Z,KXBTC15M-26OCT042045-45,0.9990,0.02,yes
2026-10-05T00:42:51.578757Z,KXBTC15M-26OCT042045-45,0.9990,0.02,yes
2026-10-05T00:42:51.582771Z,KXBTC15M-26OCT042045-45,0.9990,1302.59,yes
2026-10-05T00:42:51.58789Z,KXBTC15M-26OCT042045-45,0.9990,0.02,yes
2026-10-05T00:42:51.588117Z,KXBTC15M-26OCT042045-45,0.9990,0.02,yes
2026-10-05T00:42:51.589457Z,KXBTC15M-26OCT042045-45,0.9990,0.02,yes
2026-10-05T00:42:51.788168Z,KXBTC15M-26OCT042045-45,0.9980,1.89,no
2026-10-05T00:42:51.788634Z,KXBTC15M-26OCT042045-45,0.9990,16.01,yes
2026-10-05T00:42:51.900059Z,KXBTC15M-26OCT042045-45,0.9990,400.00,yes
2026-10-05T00:42:51.926126Z,KXBTC15M-26OCT042045-45,0.9990,527.00,yes
2026-10-05T00:42:51.993061Z,KXBTC15M-26OCT042045-45,0.9980,9.34,no
2026-10-05T00:42:52.091577Z,KXBTC15M-26OCT042045-45,0.9990,1.00,yes
2026-10-05T00:42:52.099757Z,KXBTC15M-26OCT042045-45,0.9980,114.50,no
2026-10-05T00:42:52.24758Z,KXBTC15M-26OCT042045-45,0.9980,116.11,no
2026-10-05T00:42:52.25258Z,KXBTC15M-26OCT042045-45,0.9980,4580.06,no
2026-10-05T00:42:52.27667Z,KXBTC15M-26OCT042045-45,0.9980,0.40,no
2026-10-05T00:42:52.291967Z,KXBTC15M-26OCT042045-45,0.9990,24.10,yes
2026-10-05T00:42:52.309589Z,KXBTC15M-26OCT042045-45,0.9980,2290.05,no
2026-10-05T00:42:52.638987Z,KXBTC15M-26OCT042045-45,0.9980,458.01,no
2026-10-05T00:42:52.92179Z,KXBTC15M-26OCT042045-45,0.9990,120.92,yes
2026-10-05T00:42:53.025623Z,KXBTC15M-26OCT042045-45,0.9990,0.01,yes
2026-10-05T00:42:53.178443Z,KXBTC15M-26OCT042045-45,0.9980,412.00,no
2026-10-05T00:42:53.247468Z,KXBTC15M-26OCT042045-45,0.9980,32.02,no
2026-10-05T00:42:53.366602Z,KXBTC15M-26OCT042045-45,0.9990,10009.30,yes
2026-10-05T00:42:53.373163Z,KXBTC15M-26OCT042045-45,0.9980,4.57,no
2026-10-05T00:42:53.55382Z,KXBTC15M-26OCT042045-45,0.9990,25.74,yes
2026-10-05T00:42:53.587707Z,KXBTC15M-26OCT042045-45,0.9980,3000.00,no
2026-10-05T00:42:53.692739Z,KXBTC15M-26OCT042045-45,0.9980,45.80,no
2026-10-05T00:42:53.69373Z,KXBTC15M-26OCT042045-45,0.9990,84.00,yes
2026-10-05T00:42:53.695832Z,KXBTC15M-26OCT042045-45,0.9990,86.78,yes
2026-10-05T00:42:54.140865Z,KXBTC15M-26OCT042045-45,0.9980,458.01,no
2026-10-05T00:42:54.461671Z,KXBTC15M-26OCT042045-45,0.9980,5.19,no
2026-10-05T00:42:54.684292Z,KXBTC15M-26OCT042045-45,0.9980,75.11,no
2026-10-05T00:42:54.68692Z,KXBTC15M-26OCT042045-45,0.9980,46.08,no
2026-10-05T00:42:54.724829Z,KXBTC15M-26OCT042045-45,0.9990,500.46,yes
2026-10-05T00:42:54.743433Z,KXBTC15M-26OCT042045-45,0.9990,2.00,yes
2026-10-05T00:42:54.801765Z,KXBTC15M-26OCT042045-45,0.9980,40.18,no
2026-10-05T00:42:54.803269Z,KXBTC15M-26OCT042045-45,0.9980,0.02,no
2026-10-05T00:42:54.806432Z,KXBTC15M-26OCT042045-45,0.9980,916.02,no
2026-10-05T00:42:54.806821Z,KXBTC15M-26OCT042045-45,0.9980,40.07,no
2026-10-05T00:42:54.876918Z,KXBTC15M-26OCT042045-45,0.9980,916.02,no
2026-10-05T00:42:55.005214Z,KXBTC15M-26OCT042045-45,0.9990,5230.00,yes
2026-10-05T00:42:55.152815Z,KXBTC15M-26OCT042045-45,0.9990,7.60,yes
2026-10-05T00:42:55.172756Z,KXBTC15M-26OCT042045-45,0.9990,305.35,yes
2026-10-05T00:42:55.173387Z,KXBTC15M-26OCT042045-45,0.9980,50.94,no
2026-10-05T00:42:55.269063Z,KXBTC15M-26OCT042045-45,0.9990,1.00,yes
2026-10-05T00:42:55.348169Z,KXBTC15M-26OCT042045-45,0.9990,117.28,yes
2026-10-05T00:42:55.361129Z,KXBTC15M-26OCT042045-45,0.9980,9.34,no
2026-10-05T00:42:55.409674Z,KXBTC15M-26OCT042045-45,0.9980,16.79,no
2026-10-05T00:42:55.478024Z,KXBTC15M-26OCT042045-45,0.9990,40.69,yes
2026-10-05T00:42:55.495425Z,KXBTC15M-26OCT042045-45,0.9990,3.64,yes
2026-10-05T00:42:55.522475Z,KXBTC15M-26OCT042045-45,0.9980,146.00,no
2026-10-05T00:42:55.534067Z,KXBTC15M-26OCT042045-45,0.9980,458.01,no
2026-10-05T00:42:55.53425Z,KXBTC15M-26OCT042045-45,0.9980,916.02,no
2026-10-05T00:42:55.640315Z,KXBTC15M-26OCT042045-45,0.9980,916.02,no
2026-10-05T00:42:55.743162Z,KXBTC15M-26OCT042045-45,0.9980,224.34,no
2026-10-05T00:42:55.771386Z,KXBTC15M-26OCT042045-45,0.9990,211.22,yes
2026-10-05T00:42:55.832062Z,KXBTC15M-26OCT042045-45,0.9980,29.17,no
2026-10-05T00:42:55.973641Z,KXBTC15M-26OCT042045-45,0.9980,8.31,no
2026-10-05T00:42:55.992206Z,KXBTC15M-26OCT042045-45,0.9990,468.93,yes
2026-10-05T00:42:55.998567Z,KXBTC15M-26OCT042045-45,0.9990,178.99,yes
2026-10-05T00:42:56.004582Z,KXBTC15M-26OCT042045-45,0.9980,443.97,no
2026-10-05T00:42:56.070196Z,KXBTC15M-26OCT042045-45,0.9990,4.02,yes
2026-10-05T00:42:56.096854Z,KXBTC15M-26OCT042045-45,0.9980,26.63,no
2026-10-05T00:42:56.260371Z,KXBTC15M-26OCT042045-45,0.9980,17.50,no
2026-10-05T00:42:56.298442Z,KXBTC15M-26OCT042045-45,0.9990,5.00,yes
2026-10-05T00:42:56.398393Z,KXBTC15M-26OCT042045-45,0.9990,0.02,yes
2026-10-05T00:42:56.599175Z,KXBTC15M-26OCT042045-45,0.9990,57.05,yes
2026-10-05T00:42:56.633985Z,KXBTC15M-26OCT042045-45,0.9980,458.01,no
2026-10-05T00:42:56.672186Z,KXBTC15M-26OCT042045-45,0.9980,6.00,no
2026-10-05T00:42:56.700786Z,KXBTC15M-26OCT042045-45,0.9980,448.66,no
2026-10-05T00:42:56.761553Z,KXBTC15M-26OCT042045-45,0.9990,200.00,yes
2026-10-05T00:42:57.038671Z,KXBTC15M-26OCT042045-45,0.9980,40.00,no
2026-10-05T00:42:57.152175Z,KXBTC15M-26OCT042045-45,0.9980,458.01,no
2026-10-05T00:42:57.228774Z,KXBTC15M-26OCT042045-45,0.9990,88.08,yes
2026-10-05T00:42:57.237701Z,KXBTC15M-26OCT042045-45,0.9980,916.02,no
2026-10-05T00:42:57.312832Z,KXBTC15M-26OCT042045-45,0.9990,149.59,yes
2026-10-05T00:42:57.334155Z,KXBTC15M-26OCT042045-45,0.9990,80.03,yes
2026-10-05T00:42:57.599076Z,KXBTC15M-26OCT042045-45,0.9990,50.00,yes
2026-10-05T00:42:57.628376Z,KXBTC15M-26OCT042045-45,0.9980,254.00,no
2026-10-05T00:42:57.988715Z,KXBTC15M-26OCT042045-45,0.9990,45.00,yes
2026-10-05T00:42:57.988715Z,KXBTC15M-26OCT042045-45,0.9990,75.00,yes
2026-10-05T00:42:57.988715Z,KXBTC15M-26OCT042045-45,0.9990,50.00,yes
2026-10-05T00:42:57.988715Z,KXBTC15M-26OCT042045-45,0.9990,1.00,yes
2026-10-05T00:42:57.988715Z,KXBTC15M-26OCT042045-45,0.9990,45.00,yes
2026-10-05T00:42:57.988715Z,KXBTC15M-26OCT042045-45,0.9990,35.00,yes
2026-10-05T00:42:57.988715Z,KXBTC15M-26OCT042045-45,0.9990,35.00,yes
2026-10-05T00:42:57.988715Z,KXBTC15M-26OCT042045-45,0.9990,45.00,yes
2026-10-05T00:42:57.988715Z,KXBTC15M-26OCT042045-45,0.9990,76.27,yes
2026-10-05T00:42:57.988715Z,KXBTC15M-26OCT042045-45,0.9990,35.00,yes
2026-10-05T00:42:57.988715Z,KXBTC15M-26OCT042045-45,0.9990,75.00,yes
2026-10-05T00:42:57.988715Z,KXBTC15M-26OCT042045-45,0.9990,75.00,yes
2026-10-05T00:42:57.988715Z,KXBTC15M-26OCT042045-45,0.9990,75.00,yes
2026-10-05T00:42:57.988715Z,KXBTC15M-26OCT042045-45,0.9990,75.00,yes
2026-10-05T00:42:57.988715Z,KXBTC15M-26OCT042045-45,0.9990,45.00,yes
2026-10-05T00:42:57.988715Z,KXBTC15M-26OCT042045-45,0.9990,35.00,yes
2026-10-05T00:42:57.988715Z,KXBTC15M-26OCT042045-45,0.9990,35.00,yes
2026-10-05T00:42:57.988715Z,KXBTC15M-26OCT042045-45,0.9990,150.00,yes
2026-10-05T00:42:57.988715Z,KXBTC15M-26OCT042045-45,0.9990,2245.39,yes
2026-10-05T00:42:57.988715Z,KXBTC15M-26OCT042045-45,0.9990,75.00,yes
2026-10-05T00:42:57.988715Z,KXBTC15M-26OCT042045-45,0.9990,10.19,yes
2026-10-05T00:42:57.988715Z,KXBTC15M-26OCT042045-45,0.9990,808.48,yes
2026-10-05T00:42:57.988715Z,KXBTC15M-26OCT042045-45,0.9990,75.00,yes
2026-10-05T00:42:57.988715Z,KXBTC15M-26OCT042045-45,0.9990,75.00,yes
2026-10-05T00:42:57.988715Z,KXBTC15M-26OCT042045-45,0.9990,35.00,yes
2026-10-05T00:42:57.988715Z,KXBTC15M-26OCT042045-45,0.9990,75.00,yes
2026-10-05T00:42:57.988715Z,KXBTC15M-26OCT042045-45,0.9990,35.00,yes
2026-10-05T00:42:57.988715Z,KXBTC15M-26OCT042045-45,0.9990,75.00,yes
2026-10-05T00:42:57.988715Z,KXBTC15M-26OCT042045-45,0.9990,75.00,yes
2026-10-05T00:42:57.988715Z,KXBTC15M-26OCT042045-45,0.9990,75.00,yes
2026-10-05T00:42:57.988715Z,KXBTC15M-26OCT042045-45,0.9990,75.00,yes
2026-10-05T00:42:57.988715Z,KXBTC15M-26OCT042045-45,0.9990,967.26,yes
2026-10-05T00:42:57.988715Z,KXBTC15M-26OCT042045-45,0.9990,75.00,yes
2026-10-05T00:42:57.988715Z,KXBTC15M-26OCT042045-45,0.9990,0.01,yes
2026-10-05T00:42:57.988715Z,KXBTC15M-26OCT042045-45,0.9990,100.00,yes
2026-10-05T00:42:57.988715Z,KXBTC15M-26OCT042045-45,0.9990,5.00,yes
2026-10-05T00:42:57.988715Z,KXBTC15M-26OCT042045-45,0.9990,35.00,yes
2026-10-05T00:42:57.988715Z,KXBTC15M-26OCT042045-45,0.9990,15.00,yes
2026-10-05T00:42:57.988715Z,KXBTC15M-26OCT042045-45,0.9990,15.00,yes
2026-10-05T00:42:57.988715Z,KXBTC15M-26OCT042045-45,0.9990,0.01,yes
2026-10-05T00:42:57.988715Z,KXBTC15M-26OCT042045-45,0.9990,15.00,yes
2026-10-05T00:42:57.988715Z,KXBTC15M-26OCT042045-45,0.9990,15.00,yes
2026-10-05T00:42:57.988715Z,KXBTC15M-26OCT042045-45,0.9990,17.07,yes
2026-10-05T00:42:57.988715Z,KXBTC15M-26OCT042045-45,0.9990,15.00,yes
2026-10-05T00:42:57.988715Z,KXBTC15M-26OCT042045-45,0.9990,15.00,yes
2026-10-05T00:42:57.988715Z,KXBTC15M-26OCT042045-45,0.9990,15.00,yes
2026-10-05T00:42:57.988715Z,KXBTC15M-26OCT042045-45,0.9990,15.00,yes
2026-10-05T00:42:57.988715Z,KXBTC15M-26OCT042045-45,0.9990,10.00,yes
2026-10-05T00:42:57.988715Z,KXBTC15M-26OCT042045-45,0.9990,0.25,yes
2026-10-05T00:42:57.988715Z,KXBTC15M-26OCT042045-45,0.9990,10.00,yes
2026-10-05T00:42:57.988715Z,KXBTC15M-26OCT042045-45,0.9990,10.00,yes
2026-10-05T00:42:57.988715Z,KXBTC15M-26OCT042045-45,0.9990,5000.00,yes
2026-10-05T00:42:57.988715Z,KXBTC15M-26OCT042045-45,0.9990,1981.37,yes
2026-10-05T00:42:57.988715Z,KXBTC15M-26OCT042045-45,0.9990,35.00,yes
2026-10-05T00:42:57.988715Z,KXBTC15M-26OCT042045-45,0.9990,149.33,yes
2026-10-05T00:42:57.988715Z,KXBTC15M-26OCT042045-45,0.9990,35.00,yes
2026-10-05T00:42:57.988715Z,KXBTC15M-26OCT042045-45,0.9990,200.00,yes
2026-10-05T00:42:57.988715Z,KXBTC15M-26OCT042045-45,0.9990,200.00,yes
2026-10-05T00:42:57.988715Z,KXBTC15M-26OCT042045-45,0.9990,200.00,yes
2026-10-05T00:42:57.988715Z,KXBTC15M-26OCT042045-45,0.9990,100.00,yes
2026-10-05T00:42:57.988715Z,KXBTC15M-26OCT042045-45,0.9990,1.00,yes
2026-10-05T00:42:57.988715Z,KXBTC15M-26OCT042045-45,0.9990,1.00,yes
2026-10-05T00:42:57.988715Z,KXBTC15M-26OCT042045-45,0.9990,2000.00,yes
2026-10-05T00:42:57.988715Z,KXBTC15M-26OCT042045-45,0.9990,120.00,yes
2026-10-05T00:42:57.988715Z,KXBTC15M-26OCT042045-45,0.9990,20000.00,yes
2026-10-05T00:42:57.988715Z,KXBTC15M-26OCT042045-45,0.9990,59954.28,yes
2026-10-05T00:42:57.988715Z,KXBTC15M-26OCT042045-45,0.9990,20.00,yes
2026-10-05T00:42:57.988715Z,KXBTC15M-26OCT042045-45,0.9990,1.00,yes
2026-10-05T00:42:57.988715Z,KXBTC15M-26OCT042045-45,0.9990,5000.00,yes
2026-10-05T00:42:58.055982Z,KXBTC15M-26OCT042045-45,0.9990,239.92,no
2026-10-05T00:42:58.124963Z,KXBTC15M-26OCT042045-45,0.9990,440.00,no
2026-10-05T00:42:58.320817Z,KXBTC15M-26OCT042045-45,0.9990,2336.79,no
2026-10-05T00:42:59.006955Z,KXBTC15M-26OCT042045-45,0.9990,5495.73,no
2026-10-05T00:42:59.333503Z,KXBTC15M-26OCT042045-45,0.9990,300.00,no
2026-10-05T00:42:59.987799Z,KXBTC15M-26OCT042045-45,0.9990,6000.00,no
2026-10-05T00:43:00.15829Z,KXBTC15M-26OCT042045-45,0.9990,915.99,no
2026-10-05T00:43:00.16617Z,KXBTC15M-26OCT042045-45,0.9990,5.00,no
2026-10-05T00:43:00.221293Z,KXBTC15M-26OCT042045-45,0.9990,669.53,no
2026-10-05T00:43:00.351317Z,KXBTC15M-26OCT042045-45,0.9990,897.30,no
2026-10-05T00:43:00.416247Z,KXBTC15M-26OCT042045-45,0.9990,915.99,no
2026-10-05T00:43:00.507882Z,KXBTC15M-26OCT042045-45,0.9990,8.43,no
2026-10-05T00:43:00.563265Z,KXBTC15M-26OCT042045-45,0.9990,82.50,no
2026-10-05T00:43:00.832472Z,KXBTC15M-26OCT042045-45,0.9990,180.26,no
2026-10-05T00:43:00.994489Z,KXBTC15M-26OCT042045-45,0.9990,91.62,no
2026-10-05T00:43:01.021626Z,KXBTC15M-26OCT042045-45,0.9990,0.06,no
2026-10-05T00:43:01.164633Z,KXBTC15M-26OCT042045-45,0.9990,38.00,no
2026-10-05T00:43:01.389996Z,KXBTC15M-26OCT042045-45,0.9990,325.00,no
2026-10-05T00:43:01.466928Z,KXBTC15M-26OCT042045-45,0.9990,31.29,no
2026-10-05T00:43:01.518763Z,KXBTC15M-26OCT042045-45,0.9990,1.93,no
2026-10-05T00:43:01.596342Z,KXBTC15M-26OCT042045-45,0.9990,414.64,no
2026-10-05T00:43:01.740723Z,KXBTC15M-26OCT042045-45,0.9990,915.99,no
2026-10-05T00:43:02.004385Z,KXBTC15M-26OCT042045-45,0.9990,229.01,no
2026-10-05T00:43:02.098135Z,KXBTC15M-26OCT042045-45,0.9990,25.57,no
2026-10-05T00:43:02.336747Z,KXBTC15M-26OCT042045-45,0.9990,100.00,no
2026-10-05T00:43:02.342434Z,KXBTC15M-26OCT042045-45,0.9990,79.43,no
2026-10-05T00:43:03.079183Z,KXBTC15M-26OCT042045-45,0.9990,9.07,no
2026-10-05T00:43:03.083314Z,KXBTC15M-26OCT042045-45,0.9990,3.79,no
2026-10-05T00:43:03.382049Z,KXBTC15M-26OCT042045-45,0.9990,64.00,no
2026-10-05T00:43:03.449826Z,KXBTC15M-26OCT042045-45,0.9990,915.99,no
2026-10-05T00:43:03.669334Z,KXBTC15M-26OCT042045-45,0.9990,1.82,no
2026-10-05T00:43:03.876572Z,KXBTC15M-26OCT042045-45,0.9990,311.65,no
2026-10-05T00:43:04.241773Z,KXBTC15M-26OCT042045-45,0.9990,458.04,no
2026-10-05T00:43:04.335231Z,KXBTC15M-26OCT042045-45,0.9990,915.99,no
2026-10-05T00:43:04.352144Z,KXBTC15M-26OCT042045-45,0.9990,74.62,no
2026-10-05T00:43:04.46678Z,KXBTC15M-26OCT042045-45,0.9990,897.30,no
2026-10-05T00:43:04.55853Z,KXBTC15M-26OCT042045-45,0.9990,91.62,no
2026-10-05T00:43:04.629065Z,KXBTC15M-26OCT042045-45,0.9990,451.00,no
2026-10-05T00:43:04.712188Z,KXBTC15M-26OCT042045-45,0.9990,10.04,no
2026-10-05T00:43:04.730365Z,KXBTC15M-26OCT042045-45,0.9990,68.64,no
2026-10-05T00:43:04.989435Z,KXBTC15M-26OCT042045-45,0.9990,48.67,no
2026-10-05T00:43:05.042019Z,KXBTC15M-26OCT042045-45,0.9990,3.87,no
2026-10-05T00:43:05.574168Z,KXBTC15M-26OCT042045-45,0.9990,4579.77,no
2026-10-05T00:43:05.602327Z,KXBTC15M-26OCT042045-45,0.9990,14.49,no
2026-10-05T00:43:06.155767Z,KXBTC15M-26OCT042045-45,0.9990,22.88,no
2026-10-05T00:43:06.212427Z,KXBTC15M-26OCT042045-45,0.9990,34.04,no
2026-10-05T00:43:06.561609Z,KXBTC15M-26OCT042045-45,0.9990,1949.00,no
2026-10-05T00:43:06.565253Z,KXBTC15M-26OCT042045-45,0.9990,7.86,no
2026-10-05T00:43:06.58323Z,KXBTC15M-26OCT042045-45,0.9990,930.00,no
2026-10-05T00:43:06.738753Z,KXBTC15M-26OCT042045-45,0.9990,915.99,no
2026-10-05T00:43:06.781094Z,KXBTC15M-26OCT042045-45,0.9990,280.39,no
2026-10-05T00:43:06.826709Z,KXBTC15M-26OCT042045-45,0.9990,467.36,no
2026-10-05T00:43:07.063218Z,KXBTC15M-26OCT042045-45,0.9990,157.70,no
2026-10-05T00:43:07.246718Z,KXBTC15M-26OCT042045-45,0.9990,261.69,no
2026-10-05T00:43:07.618397Z,KXBTC15M-26OCT042045-45,0.9990,0.02,no
2026-10-05T00:43:07.654675Z,KXBTC15M-26OCT042045-45,0.9990,915.99,no
2026-10-05T00:43:07.962876Z,KXBTC15M-26OCT042045-45,0.9990,915.99,no
2026-10-05T00:43:08.009489Z,KXBTC15M-26OCT042045-45,0.9990,5.07,no
2026-10-05T00:43:08.052772Z,KXBTC15M-26OCT042045-45,0.9990,37.98,no
2026-10-05T00:43:08.135934Z,KXBTC15M-26OCT042045-45,0.9990,2.01,no
2026-10-05T00:43:08.27967Z,KXBTC15M-26OCT042045-45,0.9990,91.62,no
2026-10-05T00:43:08.524588Z,KXBTC15M-26OCT042045-45,0.9990,915.99,no
2026-10-05T00:43:08.667443Z,KXBTC15M-26OCT042045-45,0.9990,915.99,no
2026-10-05T00:43:08.720765Z,KXBTC15M-26OCT042045-45,0.9990,11.38,no
2026-10-05T00:43:08.754566Z,KXBTC15M-26OCT042045-45,0.9990,915.99,no
2026-10-05T00:43:08.841032Z,KXBTC15M-26OCT042045-45,0.9990,4.18,no
2026-10-05T00:43:08.986172Z,KXBTC15M-26OCT042045-45,0.9990,54.96,no
2026-10-05T00:43:09.168265Z,KXBTC15M-26OCT042045-45,0.9990,10.07,no
2026-10-05T00:43:09.292533Z,KXBTC15M-26OCT042045-45,0.9990,915.99,no
2026-10-05T00:43:09.309028Z,KXBTC15M-26OCT042045-45,0.9990,10167.09,no
2026-10-05T00:43:09.370202Z,KXBTC15M-26OCT042045-45,0.9990,751.15,no
2026-10-05T00:43:09.4013Z,KXBTC15M-26OCT042045-45,0.9990,448.69,no
2026-10-05T00:43:09.451496Z,KXBTC15M-26OCT042045-45,0.9990,188.85,no
2026-10-05T00:43:09.461967Z,KXBTC15M-26OCT042045-45,0.9990,2.08,no
2026-10-05T00:43:10.161456Z,KXBTC15M-26OCT042045-45,0.9990,915.99,no
2026-10-05T00:43:10.540879Z,KXBTC15M-26OCT042045-45,0.9990,915.99,no
2026-10-05T00:43:10.713821Z,KXBTC15M-26OCT042045-45,0.9990,915.99,no
2026-10-05T00:43:11.170603Z,KXBTC15M-26OCT042045-45,0.9990,12.02,no
2026-10-05T00:43:11.208332Z,KXBTC15M-26OCT042045-45,0.9990,915.99,no
2026-10-05T00:43:11.328525Z,KXBTC15M-26OCT042045-45,0.9990,91.62,no
2026-10-05T00:43:11.51755Z,KXBTC15M-26OCT042045-45,0.9990,9.20,no
2026-10-05T00:43:11.579803Z,KXBTC15M-26OCT042045-45,0.9990,10.03,no
2026-10-05T00:43:11.630203Z,KXBTC15M-26OCT042045-45,0.9990,851.90,no
2026-10-05T00:43:11.696513Z,KXBTC15M-26OCT042045-45,0.9990,18.69,no
2026-10-05T00:43:11.834593Z,KXBTC15M-26OCT042045-45,0.9990,915.99,no
2026-10-05T00:43:12.105713Z,KXBTC15M-26OCT042045-45,0.9990,540.46,no
2026-10-05T00:43:12.126623Z,KXBTC15M-26OCT042045-45,0.9990,91.62,no
2026-10-05T00:43:12.174425Z,KXBTC15M-26OCT042045-45,0.9990,4579.77,no
2026-10-05T00:43:12.521653Z,KXBTC15M-26OCT042045-45,0.9990,21.14,no
2026-10-05T00:43:12.569608Z,KXBTC15M-26OCT042045-45,0.9990,37.33,no
2026-10-05T00:43:12.61583Z,KXBTC15M-26OCT042045-45,0.9990,3.52,no
2026-10-05T00:43:12.692517Z,KXBTC15M-26OCT042045-45,0.9990,0.02,no
2026-10-05T00:43:12.78395Z,KXBTC15M-26OCT042045-45,0.9990,915.99,no
2026-10-05T00:43:12.79822Z,KXBTC15M-26OCT042045-45,0.9990,915.99,no
2026-10-05T00:43:12.810962Z,KXBTC15M-26OCT042045-45,0.9990,15.01,no
2026-10-05T00:43:12.952234Z,KXBTC15M-26OCT042045-45,0.9990,45.85,no
2026-10-05T00:43:13.036987Z,KXBTC15M-26OCT042045-45,0.9990,915.99,no
2026-10-05T00:43:13.394339Z,KXBTC15M-26OCT042045-45,0.9990,28.09,no
2026-10-05T00:43:13.626919Z,KXBTC15M-26OCT042045-45,0.9990,9.39,no
2026-10-05T00:43:13.678128Z,KXBTC15M-26OCT042045-45,0.9990,21.00,no
2026-10-05T00:43:13.71046Z,KXBTC15M-26OCT042045-45,0.9990,915.99,no
2026-10-05T00:43:14.076225Z,KXBTC15M-26OCT042045-45,0.9990,915.99,no
2026-10-05T00:43:14.386471Z,KXBTC15M-26OCT042045-45,0.9990,915.99,no
2026-10-05T00:43:14.492475Z,KXBTC15M-26OCT042045-45,0.9990,14.35,no
2026-10-05T00:43:14.710229Z,KXBTC15M-26OCT042045-45,0.9990,5.13,no
2026-10-05T00:43:14.781883Z,KXBTC15M-26OCT042045-45,0.9990,24.70,no
2026-10-05T00:43:14.82143Z,KXBTC15M-26OCT042045-45,0.9990,6.85,no
2026-10-05T00:43:14.944555Z,KXBTC15M-26OCT042045-45,0.9990,915.99,no
2026-10-05T00:43:15.050023Z,KXBTC15M-26OCT042045-45,0.9990,9.98,no
2026-10-05T00:43:15.050903Z,KXBTC15M-26OCT042045-45,0.9990,4.18,no
2026-10-05T00:43:15.076575Z,KXBTC15M-26OCT042045-45,0.9990,915.99,no
2026-10-05T00:43:15.139679Z,KXBTC15M-26OCT042045-45,0.9990,448.83,no
2026-10-05T00:43:15.141984Z,KXBTC15M-26OCT042045-45,0.9990,23.42,no
2026-10-05T00:43:15.1422Z,KXBTC15M-26OCT042045-45,0.9990,9.20,no
2026-10-05T00:43:15.467578Z,KXBTC15M-26OCT042045-45,0.9990,43.08,no
2026-10-05T00:43:15.623423Z,KXBTC15M-26OCT042045-45,0.9990,0.02,no
2026-10-05T00:43:15.648092Z,KXBTC15M-26OCT042045-45,0.9990,40.20,no
2026-10-05T00:43:15.765432Z,KXBTC15M-26OCT042045-45,0.9990,91.62,no
2026-10-05T00:43:15.824057Z,KXBTC15M-26OCT042045-45,0.9990,91.62,no
2026-10-05T00:43:15.941108Z,KXBTC15M-26OCT042045-45,0.9990,4.57,no
2026-10-05T00:43:16.068762Z,KXBTC15M-26OCT042045-45,0.9990,4.30,no
2026-10-05T00:43:16.132349Z,KXBTC15M-26OCT042045-45,0.9990,0.02,no
2026-10-05T00:43:16.166381Z,KXBTC15M-26OCT042045-45,0.9990,142.38,no
2026-10-05T00:43:16.272599Z,KXBTC15M-26OCT042045-45,0.9990,9.25,no
2026-10-05T00:43:16.370319Z,KXBTC15M-26OCT042045-45,0.9990,24.15,no
2026-10-05T00:43:16.473743Z,KXBTC15M-26OCT042045-45,0.9990,229.01,no
2026-10-05T00:43:16.570112Z,KXBTC15M-26OCT042045-45,0.9990,1.40,no
2026-10-05T00:43:16.638985Z,KXBTC15M-26OCT042045-45,0.9990,1831.90,no
2026-10-05T00:43:16.641527Z,KXBTC15M-26OCT042045-45,0.9990,0.02,no
2026-10-05T00:43:16.641559Z,KXBTC15M-26OCT042045-45,0.9990,0.02,no
2026-10-05T00:43:16.644781Z,KXBTC15M-26OCT042045-45,0.9990,0.02,no
2026-10-05T00:43:16.660564Z,KXBTC15M-26OCT042045-45,0.9990,0.02,no
2026-10-05T00:43:16.775094Z,KXBTC15M-26OCT042045-45,0.9990,0.02,no
2026-10-05T00:43:17.142913Z,KXBTC15M-26OCT042045-45,0.9990,35.00,no
2026-10-05T00:43:17.270734Z,KXBTC15M-26OCT042045-45,0.9990,0.51,no
2026-10-05T00:43:17.494874Z,KXBTC15M-26OCT042045-45,0.9990,915.99,no
2026-10-05T00:43:17.783493Z,KXBTC15M-26OCT042045-45,0.9990,8972.62,no
2026-10-05T00:43:17.848887Z,KXBTC15M-26OCT042045-45,0.9990,44.72,no
2026-10-05T00:43:17.849495Z,KXBTC15M-26OCT042045-45,0.9990,15.71,no
2026-10-05T00:43:18.025755Z,KXBTC15M-26OCT042045-45,0.9990,139.34,no
2026-10-05T00:43:18.207192Z,KXBTC15M-26OCT042045-45,0.9990,833.57,no
2026-10-05T00:43:18.712485Z,KXBTC15M-26OCT042045-45,0.9990,51.19,no
2026-10-05T00:43:18.777793Z,KXBTC15M-26OCT042045-45,0.9990,37.39,no
2026-10-05T00:43:18.78616Z,KXBTC15M-26OCT042045-45,0.9990,2803.99,no
2026-10-05T00:43:18.933548Z,KXBTC15M-26OCT042045-45,0.9990,10.66,no
2026-10-05T00:43:19.291874Z,KXBTC15M-26OCT042045-45,0.9990,19674.56,no
2026-10-05T00:43:19.845627Z,KXBTC15M-26OCT042045-45,0.9990,6.47,no
2026-10-05T00:43:19.881272Z,KXBTC15M-26OCT042045-45,0.9990,915.99,no
2026-10-05T00:43:20.257174Z,KXBTC15M-26OCT042045-45,0.9990,20.00,no
2026-10-05T00:43:20.548892Z,KXBTC15M-26OCT042045-45,0.9990,10.05,no
2026-10-05T00:43:20.667273Z,KXBTC15M-26OCT042045-45,0.9990,0.02,no
2026-10-05T00:43:20.941643Z,KXBTC15M-26OCT042045-45,0.9990,9.20,no
2026-10-05T00:43:21.105802Z,KXBTC15M-26OCT042045-45,0.9990,623.74,no
2026-10-05T00:43:21.106816Z,KXBTC15M-26OCT042045-45,0.9990,288.02,no
2026-10-05T00:43:21.255142Z,KXBTC15M-26OCT042045-45,0.9990,140.00,no
2026-10-05T00:43:21.412689Z,KXBTC15M-26OCT042045-45,0.9990,7.43,no
2026-10-05T00:43:21.437234Z,KXBTC15M-26OCT042045-45,0.9990,86.00,no
2026-10-05T00:43:21.605756Z,KXBTC15M-26OCT042045-45,0.9990,362.79,no
2026-10-05T00:43:22.725864Z,KXBTC15M-26OCT042045-45,0.9990,200.00,no
2026-10-05T00:43:22.858353Z,KXBTC15M-26OCT042045-45,0.9990,25.74,no
2026-10-05T00:43:23.236522Z,KXBTC15M-26OCT042045-45,0.9990,915.99,no
2026-10-05T00:43:23.483666Z,KXBTC15M-26OCT042045-45,0.9990,144.82,no
2026-10-05T00:43:23.823688Z,KXBTC15M-26OCT042045-45,0.9990,47.14,no
2026-10-05T00:43:24.048798Z,KXBTC15M-26OCT042045-45,0.9990,467.15,no
2026-10-05T00:43:24.138798Z,KXBTC15M-26OCT042045-45,0.9990,0.02,no
2026-10-05T00:43:24.767327Z,KXBTC15M-26OCT042045-45,0.9990,915.99,no
2026-10-05T00:43:24.826932Z,KXBTC15M-26OCT042045-45,0.9990,915.99,no
2026-10-05T00:43:24.889489Z,KXBTC15M-26OCT042045-45,0.9990,930.00,no
2026-10-05T00:43:24.936736Z,KXBTC15M-26OCT042045-45,0.9990,897.30,no
2026-10-05T00:43:25.290021Z,KXBTC15M-26OCT042045-45,0.9990,500.00,no
2026-10-05T00:43:25.71712Z,KXBTC15M-26OCT042045-45,0.9990,4.57,no
2026-10-05T00:43:26.214059Z,KXBTC15M-26OCT042045-45,0.9990,3663.81,no
2026-10-05T00:43:26.284405Z,KXBTC15M-26OCT042045-45,0.9990,537.00,no
2026-10-05T00:43:27.110779Z,KXBTC15M-26OCT042045-45,0.9990,31.42,no
2026-10-05T00:43:27.238028Z,KXBTC15M-26OCT042045-45,0.9990,1000.00,no
2026-10-05T00:43:27.496752Z,KXBTC15M-26OCT042045-45,0.9990,1831.90,no
2026-10-05T00:43:27.765992Z,KXBTC15M-26OCT042045-45,0.9990,73.29,no
2026-10-05T00:43:27.787562Z,KXBTC15M-26OCT042045-45,0.9990,1831.90,no
2026-10-05T00:43:27.879065Z,KXBTC15M-26OCT042045-45,0.9990,1831.90,no
2026-10-05T00:43:28.23133Z,KXBTC15M-26OCT042045-45,0.9990,915.99,no
2026-10-05T00:43:28.284463Z,KXBTC15M-26OCT042045-45,0.9990,55.21,no
2026-10-05T00:43:28.48701Z,KXBTC15M-26OCT042045-45,0.9990,915.99,no
2026-10-05T00:43:28.754505Z,KXBTC15M-26OCT042045-45,0.9990,10.93,no
2026-10-05T00:43:29.042761Z,KXBTC15M-26OCT042045-45,0.9990,10.04,no
2026-10-05T00:43:29.356927Z,KXBTC15M-26OCT042045-45,0.9990,193.23,no
2026-10-05T00:43:29.553021Z,KXBTC15M-26OCT042045-45,0.9990,175.53,no
2026-10-05T00:43:30.048867Z,KXBTC15M-26OCT042045-45,0.9990,930.00,no
2026-10-05T00:43:30.569142Z,KXBTC15M-26OCT042045-45,0.9990,4579.77,no
2026-10-05T00:43:30.685286Z,KXBTC15M-26OCT042045-45,0.9990,5.02,no
2026-10-05T00:43:31.089108Z,KXBTC15M-26OCT042045-45,0.9990,75.43,no
2026-10-05T00:43:31.720089Z,KXBTC15M-26OCT042045-45,0.9990,1831.90,no
2026-10-05T00:43:31.920567Z,KXBTC15M-26OCT042045-45,0.9990,67.43,no
2026-10-05T00:43:32.548007Z,KXBTC15M-26OCT042045-45,0.9990,7.50,no
2026-10-05T00:43:32.612407Z,KXBTC15M-26OCT042045-45,0.9990,38.69,no
2026-10-05T00:43:33.122919Z,KXBTC15M-26OCT042045-45,0.9990,200.00,no
2026-10-05T00:43:33.122919Z,KXBTC15M-26OCT042045-45,0.9990,468.93,no
2026-10-05T00:43:33.122919Z,KXBTC15M-26OCT042045-45,0.9990,178.99,no
2026-10-05T00:43:33.122919Z,KXBTC15M-26OCT042045-45,0.9990,57.05,no
2026-10-05T00:43:33.122919Z,KXBTC15M-26OCT042045-45,0.9990,50.00,no
2026-10-05T00:43:33.122919Z,KXBTC15M-26OCT042045-45,0.9990,80.03,no
2026-10-05T00:43:33.122919Z,KXBTC15M-26OCT042045-45,0.9990,149.59,no
2026-10-05T00:43:33.122919Z,KXBTC15M-26OCT042045-45,0.9990,96.76,no
2026-10-05T00:43:33.122919Z,KXBTC15M-26OCT042045-45,0.9990,88.08,no
2026-10-05T00:43:33.122919Z,KXBTC15M-26OCT042045-45,0.9990,18569.40,no
2026-10-05T00:43:33.122919Z,KXBTC15M-26OCT042045-45,0.9990,9715.50,no
2026-10-05T00:43:33.122919Z,KXBTC15M-26OCT042045-45,0.9990,24.10,no
2026-10-05T00:43:33.122919Z,KXBTC15M-26OCT042045-45,0.9990,120.92,no
2026-10-05T00:43:33.122919Z,KXBTC15M-26OCT042045-45,0.9990,10009.30,no
2026-10-05T00:43:33.122919Z,KXBTC15M-26OCT042045-45,0.9990,84.00,no
2026-10-05T00:43:33.122919Z,KXBTC15M-26OCT042045-45,0.9990,25.74,no
2026-10-05T00:43:33.122919Z,KXBTC15M-26OCT042045-45,0.9990,86.78,no
2026-10-05T00:43:33.122919Z,KXBTC15M-26OCT042045-45,0.9990,500.46,no
2026-10-05T00:43:33.122919Z,KXBTC15M-26OCT042045-45,0.9990,91.00,no
2026-10-05T00:43:33.122919Z,KXBTC15M-26OCT042045-45,0.9990,40.69,no
2026-10-05T00:43:33.122919Z,KXBTC15M-26OCT042045-45,0.9990,305.35,no
2026-10-05T00:43:33.122919Z,KXBTC15M-26OCT042045-45,0.9990,211.22,no
2026-10-05T00:43:33.122919Z,KXBTC15M-26OCT042045-45,0.9990,117.28,no
2026-10-05T00:43:33.122919Z,KXBTC15M-26OCT042045-45,0.9990,5230.00,no
2026-10-05T00:43:33.122919Z,KXBTC15M-26OCT042045-45,0.9990,750.83,no
2026-10-05T00:43:33.122919Z,KXBTC15M-26OCT042045-45,0.9990,40.20,no
2026-10-05T00:43:33.122919Z,KXBTC15M-26OCT042045-45,0.9990,263.00,no
2026-10-05T00:43:33.122919Z,KXBTC15M-26OCT042045-45,0.9990,150.16,no
2026-10-05T00:43:33.122919Z,KXBTC15M-26OCT042045-45,0.9990,25.02,no
2026-10-05T00:43:33.122919Z,KXBTC15M-26OCT042045-45,0.9990,100.00,no
2026-10-05T00:43:33.122919Z,KXBTC15M-26OCT042045-45,0.9990,62.49,no
2026-10-05T00:43:33.122919Z,KXBTC15M-26OCT042045-45,0.9990,123.64,no
2026-10-05T00:43:33.122919Z,KXBTC15M-26OCT042045-45,0.9990,400.00,no
2026-10-05T00:43:33.122919Z,KXBTC15M-26OCT042045-45,0.9990,527.00,no
2026-10-05T00:43:33.122919Z,KXBTC15M-26OCT042045-45,0.9990,40.03,no
2026-10-05T00:43:33.122919Z,KXBTC15M-26OCT042045-45,0.9990,1302.59,no
2026-10-05T00:43:33.122919Z,KXBTC15M-26OCT042045-45,0.9990,3054.16,no
2026-10-05T00:43:33.122919Z,KXBTC15M-26OCT042045-45,0.9990,16.01,no
2026-10-05T00:43:33.122919Z,KXBTC15M-26OCT042045-45,0.9990,600.55,no
2026-10-05T00:43:33.122919Z,KXBTC15M-26OCT042045-45,0.9990,3986.00,no
2026-10-05T00:43:33.122919Z,KXBTC15M-26OCT042045-45,0.9990,188.17,no
2026-10-05T00:43:33.122919Z,KXBTC15M-26OCT042045-45,0.9990,32.02,no
2026-10-05T00:43:33.122919Z,KXBTC15M-26OCT042045-45,0.9990,1356.26,no
2026-10-05T00:43:33.122919Z,KXBTC15M-26OCT042045-45,0.9990,50.04,no
2026-10-05T00:43:33.122919Z,KXBTC15M-26OCT042045-45,0.9990,80.07,no
2026-10-05T00:43:33.122919Z,KXBTC15M-26OCT042045-45,0.9990,1411.08,no
2026-10-05T00:43:33.122919Z,KXBTC15M-26OCT042045-45,0.9990,41.89,no
2026-10-05T00:43:33.122919Z,KXBTC15M-26OCT042045-45,0.9990,21833.00,no
2026-10-05T00:43:33.122919Z,KXBTC15M-26OCT042045-45,0.9990,18.10,no
2026-10-05T00:43:33.122919Z,KXBTC15M-26OCT042045-45,0.9990,15.95,no
2026-10-05T00:43:33.122919Z,KXBTC15M-26OCT042045-45,0.9990,386.35,no
2026-10-05T00:43:33.122919Z,KXBTC15M-26OCT042045-45,0.9990,521.48,no
2026-10-05T00:43:33.122919Z,KXBTC15M-26OCT042045-45,0.9990,22.49,no
2026-10-05T00:43:33.122919Z,KXBTC15M-26OCT042045-45,0.9990,7695.05,no
2026-10-05T00:43:33.157297Z,KXBTC15M-26OCT042045-45,0.9990,9159.55,no
2026-10-05T00:43:33.335612Z,KXBTC15M-26OCT042045-45,0.9990,6.09,no
2026-10-05T00:43:33.672986Z,KXBTC15M-26OCT042045-45,0.9990,1831.90,no
2026-10-05T00:43:34.213772Z,KXBTC15M-26OCT042045-45,0.9990,309.44,no
2026-10-05T00:43:34.53894Z,KXBTC15M-26OCT042045-45,0.9990,4579.77,no
2026-10-05T00:43:34.740838Z,KXBTC15M-26OCT042045-45,0.9990,35.96,no
2026-10-05T00:43:34.74564Z,KXBTC15M-26OCT042045-45,0.9990,18.57,no
2026-10-05T00:43:35.296538Z,KXBTC15M-26OCT042045-45,0.9990,2747.91,no
2026-10-05T00:43:35.312Z,KXBTC15M-26OCT042045-45,0.9990,7.00,no
2026-10-05T00:43:35.368506Z,KXBTC15M-26OCT042045-45,0.9990,458.04,no
2026-10-05T00:43:35.445126Z,KXBTC15M-26OCT042045-45,0.9990,915.99,no
2026-10-05T00:43:35.473924Z,KXBTC15M-26OCT042045-45,0.9990,91.62,no
2026-10-05T00:43:35.679874Z,KXBTC15M-26OCT042045-45,0.9990,428.09,no
2026-10-05T00:43:35.850251Z,KXBTC15M-26OCT042045-45,0.9990,476.00,no
2026-10-05T00:43:35.925009Z,KXBTC15M-26OCT042045-45,0.9990,224.34,no
2026-10-05T00:43:36.172082Z,KXBTC15M-26OCT042045-45,0.9990,4579.77,no
2026-10-05T00:43:36.204186Z,KXBTC15M-26OCT042045-45,0.9990,9.20,no
2026-10-05T00:43:36.249443Z,KXBTC15M-26OCT042045-45,0.9990,0.02,no
2026-10-05T00:43:36.25765Z,KXBTC15M-26OCT042045-45,0.9990,229.01,no
2026-10-05T00:43:36.297671Z,KXBTC15M-26OCT042045-45,0.9990,11.93,no
2026-10-05T00:43:36.494494Z,KXBTC15M-26OCT042045-45,0.9990,915.99,no
2026-10-05T00:43:36.665389Z,KXBTC15M-26OCT042045-45,0.9990,49.26,no
2026-10-05T00:43:36.879458Z,KXBTC15M-26OCT042045-45,0.9990,91.62,no
2026-10-05T00:43:37.00686Z,KXBTC15M-26OCT042045-45,0.9990,9159.55,no
2026-10-05T00:43:37.147014Z,KXBTC15M-26OCT042045-45,0.9990,1831.90,no
2026-10-05T00:43:37.459438Z,KXBTC15M-26OCT042045-45,0.9990,0.05,no
2026-10-05T00:43:37.57007Z,KXBTC15M-26OCT042045-45,0.9990,100.56,no
2026-10-05T00:43:37.589171Z,KXBTC15M-26OCT042045-45,0.9990,915.99,no
2026-10-05T00:43:37.8927Z,KXBTC15M-26OCT042045-45,0.9990,915.99,no
2026-10-05T00:43:38.292416Z,KXBTC15M-26OCT042045-45,0.9990,30.71,no
2026-10-05T00:43:38.775158Z,KXBTC15M-26OCT042045-45,0.9990,915.99,no
2026-10-05T00:43:38.984374Z,KXBTC15M-26OCT042045-45,0.9990,18.00,no
2026-10-05T00:43:39.291727Z,KXBTC15M-26OCT042045-45,0.9990,915.99,no
2026-10-05T00:43:39.3301Z,KXBTC15M-26OCT042045-45,0.9990,915.99,no
2026-10-05T00:43:39.534265Z,KXBTC15M-26OCT042045-45,0.9990,23.09,no
2026-10-05T00:43:39.820091Z,KXBTC15M-26OCT042045-45,0.9990,915.99,no
2026-10-05T00:43:39.907192Z,KXBTC15M-26OCT042045-45,0.9990,11001.11,no
2026-10-05T00:43:39.907192Z,KXBTC15M-26OCT042045-45,0.9990,6401.91,no
2026-10-05T00:43:39.991597Z,KXBTC15M-26OCT042045-45,0.9990,0.02,no
2026-10-05T00:43:40.019779Z,KXBTC15M-26OCT042045-45,0.9990,1244.51,no
2026-10-05T00:43:40.019779Z,KXBTC15M-26OCT042045-45,0.9990,15.00,no
2026-10-05T00:43:40.019779Z,KXBTC15M-26OCT042045-45,0.9990,4236.22,no
2026-10-05T00:43:40.410354Z,KXBTC15M-26OCT042045-45,0.9990,23.33,no
2026-10-05T00:43:40.46189Z,KXBTC15M-26OCT042045-45,0.9990,7.18,no
2026-10-05T00:43:40.55922Z,KXBTC15M-26OCT042045-45,0.9990,1831.90,no
2026-10-05T00:43:41.090771Z,KXBTC15M-26OCT042045-45,0.9990,9346.48,no
2026-10-05T00:43:41.448154Z,KXBTC15M-26OCT042045-45,0.9990,5.00,no
2026-10-05T00:43:41.465596Z,KXBTC15M-26OCT042045-45,0.9990,467.39,no
2026-10-05T00:43:41.549278Z,KXBTC15M-26OCT042045-45,0.9990,1.00,no
2026-10-05T00:43:41.921574Z,KXBTC15M-26OCT042045-45,0.9990,19.78,no
2026-10-05T00:43:41.976719Z,KXBTC15M-26OCT042045-45,0.9990,1831.90,no
2026-10-05T00:43:42.274195Z,KXBTC15M-26OCT042045-45,0.9990,915.99,no
2026-10-05T00:43:42.410892Z,KXBTC15M-26OCT042045-45,0.9990,260.12,no
2026-10-05T00:43:42.847679Z,KXBTC15M-26OCT042045-45,0.9990,3432.60,no
2026-10-05T00:43:42.847679Z,KXBTC15M-26OCT042045-45,0.9990,1053.71,no
2026-10-05T00:43:42.929639Z,KXBTC15M-26OCT042045-45,0.9990,95.00,no
2026-10-05T00:43:43.250292Z,KXBTC15M-26OCT042045-45,0.9990,915.99,no
2026-10-05T00:43:43.380079Z,KXBTC15M-26OCT042045-45,0.9990,3.00,no
2026-10-05T00:43:43.561326Z,KXBTC15M-26OCT042045-45,0.9990,12.61,no
2026-10-05T00:43:44.005921Z,KXBTC15M-26OCT042045-45,0.9990,2.00,no
2026-10-05T00:43:45.039054Z,KXBTC15M-26OCT042045-45,0.9990,538.80,no
2026-10-05T00:43:45.039054Z,KXBTC15M-26OCT042045-45,0.9990,1293.10,no
2026-10-05T00:43:45.062463Z,KXBTC15M-26OCT042045-45,0.9990,19.62,no
2026-10-05T00:43:45.199146Z,KXBTC15M-26OCT042045-45,0.9990,201.57,no
2026-10-05T00:43:45.284949Z,KXBTC15M-26OCT042045-45,0.9990,13.31,no
2026-10-05T00:43:45.590111Z,KXBTC15M-26OCT042045-45,0.9990,6.99,no
2026-10-05T00:43:45.669783Z,KXBTC15M-26OCT042045-45,0.9990,45.85,no
2026-10-05T00:43:46.113008Z,KXBTC15M-26OCT042045-45,0.9990,915.99,no
2026-10-05T00:43:46.120592Z,KXBTC15M-26OCT042045-45,0.9990,915.99,no
2026-10-05T00:43:46.517635Z,KXBTC15M-26OCT042045-45,0.9990,18.69,no
2026-10-05T00:43:46.642943Z,KXBTC15M-26OCT042045-45,0.9990,4.41,no
2026-10-05T00:43:46.867349Z,KXBTC15M-26OCT042045-45,0.9990,1831.90,no
2026-10-05T00:43:46.892665Z,KXBTC15M-26OCT042045-45,0.9990,91.62,no
2026-10-05T00:43:46.903323Z,KXBTC15M-26OCT042045-45,0.9990,458.04,no
2026-10-05T00:43:47.077154Z,KXBTC15M-26OCT042045-45,0.9990,0.02,no
2026-10-05T00:43:47.077431Z,KXBTC15M-26OCT042045-45,0.9990,0.02,no
2026-10-05T00:43:47.083413Z,KXBTC15M-26OCT042045-45,0.9990,3.00,no
2026-10-05T00:43:47.166542Z,KXBTC15M-26OCT042045-45,0.9990,2.40,no
2026-10-05T00:43:47.704361Z,KXBTC15M-26OCT042045-45,0.9990,16.58,no
2026-10-05T00:43:47.834016Z,KXBTC15M-26OCT042045-45,0.9990,915.99,no
2026-10-05T00:43:47.97159Z,KXBTC15M-26OCT042045-45,0.9990,4.31,no
2026-10-05T00:43:48.017285Z,KXBTC15M-26OCT042045-45,0.9990,45.85,no
2026-10-05T00:43:48.253577Z,KXBTC15M-26OCT042045-45,0.9990,1000.00,no
2026-10-05T00:43:48.706679Z,KXBTC15M-26OCT042045-45,0.9990,0.57,no
2026-10-05T00:43:49.128185Z,KXBTC15M-26OCT042045-45,0.9990,10.18,no
2026-10-05T00:43:49.207321Z,KXBTC15M-26OCT042045-45,0.9990,915.99,no
2026-10-05T00:43:49.32535Z,KXBTC15M-26OCT042045-45,0.9990,439.71,no
2026-10-05T00:43:49.371375Z,KXBTC15M-26OCT042045-45,0.9990,91.62,no
2026-10-05T00:43:49.379023Z,KXBTC15M-26OCT042045-45,0.9990,20.18,no
2026-10-05T00:43:49.391328Z,KXBTC15M-26OCT042045-45,0.9990,70.00,no
2026-10-05T00:43:49.39324Z,KXBTC15M-26OCT042045-45,0.9990,91.62,no
2026-10-05T00:43:49.551892Z,KXBTC15M-26OCT042045-45,0.9990,229.01,no
2026-10-05T00:43:49.66807Z,KXBTC15M-26OCT042045-45,0.9990,47.14,no
2026-10-05T00:43:49.92318Z,KXBTC15M-26OCT042045-45,0.9990,37.15,no
2026-10-05T00:43:50.159904Z,KXBTC15M-26OCT042045-45,0.9990,0.02,no
2026-10-05T00:43:50.362942Z,KXBTC15M-26OCT042045-45,0.9990,915.99,no
2026-10-05T00:43:50.63099Z,KXBTC15M-26OCT042045-45,0.9990,20.59,no
2026-10-05T00:43:50.650332Z,KXBTC15M-26OCT042045-45,0.9990,1.70,no
2026-10-05T00:43:50.853641Z,KXBTC15M-26OCT042045-45,0.9990,915.99,no
2026-10-05T00:43:51.403459Z,KXBTC15M-26OCT042045-45,0.9990,2.00,no
2026-10-05T00:43:51.807316Z,KXBTC15M-26OCT042045-45,0.9990,91.62,no
2026-10-05T00:43:52.544934Z,KXBTC15M-26OCT042045-45,0.9990,4.18,no
2026-10-05T00:43:52.771805Z,KXBTC15M-26OCT042045-45,0.9990,2.10,no
2026-10-05T00:43:52.834777Z,KXBTC15M-26OCT042045-45,0.9990,358.93,no
2026-10-05T00:43:53.02108Z,KXBTC15M-26OCT042045-45,0.9990,18319.03,no
2026-10-05T00:43:55.115092Z,KXBTC15M-26OCT042045-45,0.9990,915.99,no
2026-10-05T00:43:55.380685Z,KXBTC15M-26OCT042045-45,0.9990,904.00,no
2026-10-05T00:43:55.541992Z,KXBTC15M-26OCT042045-45,0.9990,632.03,no
2026-10-05T00:43:56.08316Z,KXBTC15M-26OCT042045-45,0.9990,1.67,no
2026-10-05T00:43:56.293839Z,KXBTC15M-26OCT042045-45,0.9990,915.99,no
2026-10-05T00:43:56.4869Z,KXBTC15M-26OCT042045-45,0.9990,915.99,no
2026-10-05T00:43:56.789816Z,KXBTC15M-26OCT042045-45,0.9990,91.62,no
2026-10-05T00:43:56.840656Z,KXBTC15M-26OCT042045-45,0.9990,0.02,no
2026-10-05T00:43:56.978324Z,KXBTC15M-26OCT042045-45,0.9990,5.02,no
2026-10-05T00:43:57.125663Z,KXBTC15M-26OCT042045-45,0.9990,7.56,no
2026-10-05T00:43:57.296187Z,KXBTC15M-26OCT042045-45,0.9990,4.00,no
2026-10-05T00:43:57.780708Z,KXBTC15M-26OCT042045-45,0.9990,11.00,no
2026-10-05T00:43:57.895526Z,KXBTC15M-26OCT042045-45,0.9990,47.98,no
2026-10-05T00:43:58.799002Z,KXBTC15M-26OCT042045-45,0.9990,915.99,no
2026-10-05T00:43:59.293002Z,KXBTC15M-26OCT042045-45,0.9990,915.99,no
2026-10-05T00:43:59.368664Z,KXBTC15M-26OCT042045-45,0.9990,5.09,no
2026-10-05T00:43:59.59261Z,KXBTC15M-26OCT042045-45,0.9990,18.26,no
2026-10-05T00:43:59.772862Z,KXBTC15M-26OCT042045-45,0.9990,5.51,no
2026-10-05T00:43:59.781569Z,KXBTC15M-26OCT042045-45,0.9990,187.28,no
2026-10-05T00:43:59.781569Z,KXBTC15M-26OCT042045-45,0.9990,857.00,no
2026-10-05T00:43:59.781569Z,KXBTC15M-26OCT042045-45,0.9990,8295.72,no
2026-10-05T00:44:00.112321Z,KXBTC15M-26OCT042045-45,0.9990,127.29,no
2026-10-05T00:44:00.112321Z,KXBTC15M-26OCT042045-45,0.9990,7519.13,no
2026-10-05T00:44:00.112321Z,KXBTC15M-26OCT042045-45,0.9990,562.72,no
2026-10-05T00:44:00.112321Z,KXBTC15M-26OCT042045-45,0.9990,10108.00,no
2026-10-05T00:44:00.112321Z,KXBTC15M-26OCT042045-45,0.9990,1.89,no
2026-10-05T00:44:00.157505Z,KXBTC15M-26OCT042045-45,0.9990,14.87,no
2026-10-05T00:44:00.291581Z,KXBTC15M-26OCT042045-45,0.9990,8.51,no
2026-10-05T00:44:00.300052Z,KXBTC15M-26OCT042045-45,0.9990,458.04,no
2026-10-05T00:44:00.480107Z,KXBTC15M-26OCT042045-45,0.9990,915.99,no
2026-10-05T00:44:00.535242Z,KXBTC15M-26OCT042045-45,0.9990,44.04,no
2026-10-05T00:44:00.643605Z,KXBTC15M-26OCT042045-45,0.9990,1039.42,no
2026-10-05T00:44:00.643605Z,KXBTC15M-26OCT042045-45,0.9990,792.48,no
2026-10-05T00:44:00.80533Z,KXBTC15M-26OCT042045-45,0.9990,2.00,no
2026-10-05T00:44:01.034738Z,KXBTC15M-26OCT042045-45,0.9990,915.99,no
2026-10-05T00:44:01.118039Z,KXBTC15M-26OCT042045-45,0.9990,3160.47,no
2026-10-05T00:44:01.118039Z,KXBTC15M-26OCT042045-45,0.9990,81.00,no
2026-10-05T00:44:01.118039Z,KXBTC15M-26OCT042045-45,0.9990,67.00,no
2026-10-05T00:44:01.118039Z,KXBTC15M-26OCT042045-45,0.9990,453.00,no
2026-10-05T00:44:01.118039Z,KXBTC15M-26OCT042045-45,0.9990,352.00,no
2026-10-05T00:44:01.118039Z,KXBTC15M-26OCT042045-45,0.9990,12287.00,no
2026-10-05T00:44:01.118039Z,KXBTC15M-26OCT042045-45,0.9990,2289.53,no
2026-10-05T00:44:01.217076Z,KXBTC15M-26OCT042045-45,0.9990,4579.77,no
2026-10-05T00:44:01.250544Z,KXBTC15M-26OCT042045-45,0.9990,915.99,no
2026-10-05T00:44:01.281175Z,KXBTC15M-26OCT042045-45,0.9990,27.37,no
2026-10-05T00:44:01.518729Z,KXBTC15M-26OCT042045-45,0.9990,21.08,no
2026-10-05T00:44:01.558307Z,KXBTC15M-26OCT042045-45,0.9990,100.00,no
2026-10-05T00:44:01.558307Z,KXBTC15M-26OCT042045-45,0.9990,1942.92,no
2026-10-05T00:44:01.558307Z,KXBTC15M-26OCT042045-45,0.9990,1335.00,no
2026-10-05T00:44:01.558307Z,KXBTC15M-26OCT042045-45,0.9990,1295.32,no
2026-10-05T00:44:01.64225Z,KXBTC15M-26OCT042045-45,0.9990,1047.38,no
2026-10-05T00:44:01.64225Z,KXBTC15M-26OCT042045-45,0.9990,671.00,no
2026-10-05T00:44:01.64225Z,KXBTC15M-26OCT042045-45,0.9990,500.00,no
2026-10-05T00:44:01.64225Z,KXBTC15M-26OCT042045-45,0.9990,100.00,no
2026-10-05T00:44:01.64225Z,KXBTC15M-26OCT042045-45,0.9990,1000.00,no
2026-10-05T00:44:01.64225Z,KXBTC15M-26OCT042045-45,0.9990,100.00,no
2026-10-05T00:44:01.64225Z,KXBTC15M-26OCT042045-45,0.9990,500.00,no
2026-10-05T00:44:01.64225Z,KXBTC15M-26OCT042045-45,0.9990,100.00,no
2026-10-05T00:44:01.64225Z,KXBTC15M-26OCT042045-45,0.9990,100.00,no
2026-10-05T00:44:01.64225Z,KXBTC15M-26OCT042045-45,0.9990,5157.08,no
2026-10-05T00:44:01.64225Z,KXBTC15M-26OCT042045-45,0.9990,700.00,no
2026-10-05T00:44:01.64225Z,KXBTC15M-26OCT042045-45,0.9990,100.00,no
2026-10-05T00:44:01.857598Z,KXBTC15M-26OCT042045-45,0.9990,14.12,no
2026-10-05T00:44:01.908332Z,KXBTC15M-26OCT042045-45,0.9990,10.18,no
2026-10-05T00:44:01.931996Z,KXBTC15M-26OCT042045-45,0.9990,0.02,no
2026-10-05T00:44:02.020133Z,KXBTC15M-26OCT042045-45,0.9990,2.98,no
2026-10-05T00:44:02.379167Z,KXBTC15M-26OCT042045-45,0.9990,9.20,no
2026-10-05T00:44:02.547614Z,KXBTC15M-26OCT042045-45,0.9990,10.20,no
2026-10-05T00:44:02.601132Z,KXBTC15M-26OCT042045-45,0.9990,9.47,no
2026-10-05T00:44:02.629907Z,KXBTC15M-26OCT042045-45,0.9990,22.61,no
2026-10-05T00:44:02.674132Z,KXBTC15M-26OCT042045-45,0.9990,915.99,no
2026-10-05T00:44:02.745984Z,KXBTC15M-26OCT042045-45,0.9990,915.99,no
2026-10-05T00:44:03.087771Z,KXBTC15M-26OCT042045-45,0.9990,9.20,no
2026-10-05T00:44:03.1866Z,KXBTC15M-26OCT042045-45,0.9990,84.60,no
2026-10-05T00:44:03.1866Z,KXBTC15M-26OCT042045-45,0.9990,831.39,no
2026-10-05T00:44:03.216386Z,KXBTC15M-26OCT042045-45,0.9990,247.38,no
2026-10-05T00:44:03.216386Z,KXBTC15M-26OCT042045-45,0.9990,668.61,no
2026-10-05T00:44:03.261323Z,KXBTC15M-26OCT042045-45,0.9990,100.00,no
2026-10-05T00:44:03.261323Z,KXBTC15M-26OCT042045-45,0.9990,500.00,no
2026-10-05T00:44:03.261323Z,KXBTC15M-26OCT042045-45,0.9990,500.00,no
2026-10-05T00:44:03.261323Z,KXBTC15M-26OCT042045-45,0.9990,2727.15,no
2026-10-05T00:44:03.261323Z,KXBTC15M-26OCT042045-45,0.9990,752.62,no
2026-10-05T00:44:03.327084Z,KXBTC15M-26OCT042045-45,0.9990,476.55,no
2026-10-05T00:44:03.327084Z,KXBTC15M-26OCT042045-45,0.9990,166.59,no
2026-10-05T00:44:03.327084Z,KXBTC15M-26OCT042045-45,0.9990,272.85,no
2026-10-05T00:44:03.340354Z,KXBTC15M-26OCT042045-45,0.9990,4382.10,no
2026-10-05T00:44:03.340354Z,KXBTC15M-26OCT042045-45,0.9990,4027.45,no
2026-10-05T00:44:03.340354Z,KXBTC15M-26OCT042045-45,0.9990,750.00,no
2026-10-05T00:44:03.609897Z,KXBTC15M-26OCT042045-45,0.9990,12.91,no
2026-10-05T00:44:03.687856Z,KXBTC15M-26OCT042045-45,0.9990,183.25,no
2026-10-05T00:44:03.69002Z,KXBTC15M-26OCT042045-45,0.9990,732.83,no
2026-10-05T00:44:03.848806Z,KXBTC15M-26OCT042045-45,0.9990,150.00,no
2026-10-05T00:44:03.956469Z,KXBTC15M-26OCT042045-45,0.9990,2383.71,no
2026-10-05T00:44:03.956469Z,KXBTC15M-26OCT042045-45,0.9990,1000.00,no
2026-10-05T00:44:03.956469Z,KXBTC15M-26OCT042045-45,0.9990,2000.00,no
2026-10-05T00:44:03.956469Z,KXBTC15M-26OCT042045-45,0.9990,154.00,no
2026-10-05T00:44:03.956469Z,KXBTC15M-26OCT042045-45,0.9990,80.00,no
2026-10-05T00:44:03.956469Z,KXBTC15M-26OCT042045-45,0.9990,500.00,no
2026-10-05T00:44:03.956469Z,KXBTC15M-26OCT042045-45,0.9990,1000.00,no
2026-10-05T00:44:03.956469Z,KXBTC15M-26OCT042045-45,0.9990,11.00,no
2026-10-05T00:44:03.956469Z,KXBTC15M-26OCT042045-45,0.9990,250.00,no
2026-10-05T00:44:03.956469Z,KXBTC15M-26OCT042045-45,0.9990,1500.00,no
2026-10-05T00:44:03.956469Z,KXBTC15M-26OCT042045-45,0.9990,93.91,no
2026-10-05T00:44:04.023043Z,KXBTC15M-26OCT042045-45,0.9990,3.53,no
2026-10-05T00:44:04.282763Z,KXBTC15M-26OCT042045-45,0.9990,915.99,no
2026-10-05T00:44:04.400925Z,KXBTC15M-26OCT042045-45,0.9990,11.68,no
2026-10-05T00:44:04.497451Z,KXBTC15M-26OCT042045-45,0.9990,915.99,no
2026-10-05T00:44:04.531407Z,KXBTC15M-26OCT042045-45,0.9990,500.00,no
2026-10-05T00:44:04.546114Z,KXBTC15M-26OCT042045-45,0.9990,26.58,no
2026-10-05T00:44:04.630431Z,KXBTC15M-26OCT042045-45,0.9990,17.27,no
2026-10-05T00:44:04.79437Z,KXBTC15M-26OCT042045-45,0.9990,22898.76,no
2026-10-05T00:44:04.887637Z,KXBTC15M-26OCT042045-45,0.9990,23.42,no
2026-10-05T00:44:05.004987Z,KXBTC15M-26OCT042045-45,0.9990,32.35,no
2026-10-05T00:44:05.107836Z,KXBTC15M-26OCT042045-45,0.9990,40.87,no
2026-10-05T00:44:05.645182Z,KXBTC15M-26OCT042045-45,0.9990,915.99,no
2026-10-05T00:44:05.655053Z,KXBTC15M-26OCT042045-45,0.9990,1831.90,no
2026-10-05T00:44:05.782909Z,KXBTC15M-26OCT042045-45,0.9990,915.99,no
2026-10-05T00:44:05.835091Z,KXBTC15M-26OCT042045-45,0.9990,5.02,no
2026-10-05T00:44:05.942387Z,KXBTC15M-26OCT042045-45,0.9990,27.52,no
2026-10-05T00:44:05.953572Z,KXBTC15M-26OCT042045-45,0.9990,915.99,no
2026-10-05T00:44:05.95546Z,KXBTC15M-26OCT042045-45,0.9990,0.02,no
2026-10-05T00:44:05.996023Z,KXBTC15M-26OCT042045-45,0.9990,915.99,no
2026-10-05T00:44:06.014128Z,KXBTC15M-26OCT042045-45,0.9990,91.62,no
2026-10-05T00:44:06.073793Z,KXBTC15M-26OCT042045-45,0.9990,9.80,no
2026-10-05T00:44:06.11117Z,KXBTC15M-26OCT042045-45,0.9990,1.73,no
2026-10-05T00:44:06.244728Z,KXBTC15M-26OCT042045-45,0.9990,13739.29,no
2026-10-05T00:44:06.253816Z,KXBTC15M-26OCT042045-45,0.9990,2.12,no
2026-10-05T00:44:06.459115Z,KXBTC15M-26OCT042045-45,0.9990,5.14,no
2026-10-05T00:44:06.507299Z,KXBTC15M-26OCT042045-45,0.9990,915.99,no
2026-10-05T00:44:06.518137Z,KXBTC15M-26OCT042045-45,0.9990,915.99,no
2026-10-05T00:44:06.781037Z,KXBTC15M-26OCT042045-45,0.9990,38.07,no
2026-10-05T00:44:06.843654Z,KXBTC15M-26OCT042045-45,0.9990,137.00,no
2026-10-05T00:44:06.905563Z,KXBTC15M-26OCT042045-45,0.9990,1.47,no
2026-10-05T00:44:06.940313Z,KXBTC15M-26OCT042045-45,0.9990,70.01,no
2026-10-05T00:44:06.945079Z,KXBTC15M-26OCT042045-45,0.9990,2.05,no
2026-10-05T00:44:06.966623Z,KXBTC15M-26OCT042045-45,0.9990,346.32,no
2026-10-05T00:44:07.082133Z,KXBTC15M-26OCT042045-45,0.9990,16.90,no
2026-10-05T00:44:07.191871Z,KXBTC15M-26OCT042045-45,0.9990,3.86,no
2026-10-05T00:44:07.316195Z,KXBTC15M-26OCT042045-45,0.9990,4579.77,no
2026-10-05T00:44:07.479413Z,KXBTC15M-26OCT042045-45,0.9990,915.99,no
2026-10-05T00:44:07.558787Z,KXBTC15M-26OCT042045-45,0.9990,13739.29,no
2026-10-05T00:44:07.603136Z,KXBTC15M-26OCT042045-45,0.9990,897.30,no
2026-10-05T00:44:07.816809Z,KXBTC15M-26OCT042045-45,0.9990,2.00,no
2026-10-05T00:44:07.825066Z,KXBTC15M-26OCT042045-45,0.9990,1831.90,no
2026-10-05T00:44:07.968986Z,KXBTC15M-26OCT042045-45,0.9990,915.99,no
2026-10-05T00:44:07.986862Z,KXBTC15M-26OCT042045-45,0.9990,9159.55,no
2026-10-05T00:44:08.118248Z,KXBTC15M-26OCT042045-45,0.9990,20.94,no
2026-10-05T00:44:08.192006Z,KXBTC15M-26OCT042045-45,0.9990,6399.21,no
2026-10-05T00:44:08.192006Z,KXBTC15M-26OCT042045-45,0.9990,2510.34,no
2026-10-05T00:44:08.192006Z,KXBTC15M-26OCT042045-45,0.9990,250.00,no
2026-10-05T00:44:08.271378Z,KXBTC15M-26OCT042045-45,0.9990,8826.79,no
2026-10-05T00:44:08.271378Z,KXBTC15M-26OCT042045-45,0.9990,1.00,no
2026-10-05T00:44:08.271378Z,KXBTC15M-26OCT042045-45,0.9990,331.76,no
2026-10-05T00:44:08.328234Z,KXBTC15M-26OCT042045-45,0.9990,915.99,no
2026-10-05T00:44:08.416774Z,KXBTC15M-26OCT042045-45,0.9990,4579.77,no
2026-10-05T00:44:08.540539Z,KXBTC15M-26OCT042045-45,0.9990,13172.48,no
2026-10-05T00:44:08.540539Z,KXBTC15M-26OCT042045-45,0.9990,5146.55,no
2026-10-05T00:44:08.616666Z,KXBTC15M-26OCT042045-45,0.9990,934.69,no
2026-10-05T00:44:08.645455Z,KXBTC15M-26OCT042045-45,0.9990,915.99,no
2026-10-05T00:44:08.653997Z,KXBTC15M-26OCT042045-45,0.9990,2890.77,no
2026-10-05T00:44:08.653997Z,KXBTC15M-26OCT042045-45,0.9990,189.00,no
2026-10-05T00:44:08.653997Z,KXBTC15M-26OCT042045-45,0.9990,1500.00,no
2026-10-05T00:44:08.662477Z,KXBTC15M-26OCT042045-45,0.9990,1097.81,no
2026-10-05T00:44:08.662477Z,KXBTC15M-26OCT042045-45,0.9990,500.00,no
2026-10-05T00:44:08.662477Z,KXBTC15M-26OCT042045-45,0.9990,1811.00,no
2026-10-05T00:44:08.662477Z,KXBTC15M-26OCT042045-45,0.9990,250.00,no
2026-10-05T00:44:08.662477Z,KXBTC15M-26OCT042045-45,0.9990,5.00,no
2026-10-05T00:44:08.710882Z,KXBTC15M-26OCT042045-45,0.9990,93.49,no
2026-10-05T00:44:08.975598Z,KXBTC15M-26OCT042045-45,0.9990,17010.33,no
2026-10-05T00:44:08.975598Z,KXBTC15M-26OCT042045-45,0.9990,1000.00,no
2026-10-05T00:44:08.975598Z,KXBTC15M-26OCT042045-45,0.9990,308.70,no
2026-10-05T00:44:08.976724Z,KXBTC15M-26OCT042045-45,0.9990,87015.07,no
2026-10-05T00:44:09.074788Z,KXBTC15M-26OCT042045-45,0.9990,6.90,no
2026-10-05T00:44:09.182797Z,KXBTC15M-26OCT042045-45,0.9990,27.85,no
2026-10-05T00:44:09.36279Z,KXBTC15M-26OCT042045-45,0.9990,458.04,no
2026-10-05T00:44:09.529349Z,KXBTC15M-26OCT042045-45,0.9990,9159.55,no
2026-10-05T00:44:09.67648Z,KXBTC15M-26OCT042045-45,0.9990,9.20,no
2026-10-05T00:44:09.88271Z,KXBTC15M-26OCT042045-45,0.9990,3.00,no
2026-10-05T00:44:09.946704Z,KXBTC15M-26OCT042045-45,0.9990,458.04,no
2026-10-05T00:44:09.967371Z,KXBTC15M-26OCT042045-45,0.9990,39385.79,no
2026-10-05T00:44:10.091521Z,KXBTC15M-26OCT042045-45,0.9990,1831.90,no
2026-10-05T00:44:10.292489Z,KXBTC15M-26OCT042045-45,0.9990,915.99,no
2026-10-05T00:44:10.446036Z,KXBTC15M-26OCT042045-45,0.9990,915.99,no
2026-10-05T00:44:10.496118Z,KXBTC15M-26OCT042045-45,0.9990,915.99,no
2026-10-05T00:44:10.685826Z,KXBTC15M-26OCT042045-45,0.9990,1831.90,no
2026-10-05T00:44:11.089558Z,KXBTC15M-26OCT042045-45,0.9990,4579.77,no
2026-10-05T00:44:11.337155Z,KXBTC15M-26OCT042045-45,0.9990,18319.03,no
2026-10-05T00:44:11.457646Z,KXBTC15M-26OCT042045-45,0.9990,1.26,no
2026-10-05T00:44:11.473309Z,KXBTC15M-26OCT042045-45,0.9990,915.99,no
2026-10-05T00:44:11.926545Z,KXBTC15M-26OCT042045-45,0.9990,915.99,no
2026-10-05T00:44:12.132873Z,KXBTC15M-26OCT042045-45,0.9990,851.90,no
2026-10-05T00:44:12.254137Z,KXBTC15M-26OCT042045-45,0.9990,1831.90,no
2026-10-05T00:44:12.277877Z,KXBTC15M-26OCT042045-45,0.9990,915.99,no
2026-10-05T00:44:12.279034Z,KXBTC15M-26OCT042045-45,0.9990,311.43,no
2026-10-05T00:44:12.421451Z,KXBTC15M-26OCT042045-45,0.9990,904.00,no
2026-10-05T00:44:12.586353Z,KXBTC15M-26OCT042045-45,0.9990,91.62,no
2026-10-05T00:44:12.898375Z,KXBTC15M-26OCT042045-45,0.9990,10.70,no
2026-10-05T00:44:12.956554Z,KXBTC15M-26OCT042045-45,0.9990,915.99,no
2026-10-05T00:44:12.989515Z,KXBTC15M-26OCT042045-45,0.9990,915.99,no
2026-10-05T00:44:13.067892Z,KXBTC15M-26OCT042045-45,0.9990,915.99,no
2026-10-05T00:44:13.184152Z,KXBTC15M-26OCT042045-45,0.9990,915.99,no
2026-10-05T00:44:13.606857Z,KXBTC15M-26OCT042045-45,0.9990,9346.48,no
2026-10-05T00:44:13.637001Z,KXBTC15M-26OCT042045-45,0.9990,91.62,no
2026-10-05T00:44:13.748212Z,KXBTC15M-26OCT042045-45,0.9990,4579.77,no
2026-10-05T00:44:13.757316Z,KXBTC15M-26OCT042045-45,0.9990,45.85,no
2026-10-05T00:44:14.019621Z,KXBTC15M-26OCT042045-45,0.9990,915.99,no
2026-10-05T00:44:14.335088Z,KXBTC15M-26OCT042045-45,0.9990,4673.24,no
2026-10-05T00:44:14.769849Z,KXBTC15M-26OCT042045-45,0.9990,4579.77,no
2026-10-05T00:44:14.918487Z,KXBTC15M-26OCT042045-45,0.9990,915.99,no
2026-10-05T00:44:15.018913Z,KXBTC15M-26OCT042045-45,0.9990,915.99,no
2026-10-05T00:44:15.337566Z,KXBTC15M-26OCT042045-45,0.9990,14.35,no
2026-10-05T00:44:15.477859Z,KXBTC15M-26OCT042045-45,0.9990,70.26,no
2026-10-05T00:44:15.615504Z,KXBTC15M-26OCT042045-45,0.9990,0.51,no
2026-10-05T00:44:15.732017Z,KXBTC15M-26OCT042045-45,0.9990,3.46,no
2026-10-05T00:44:15.746874Z,KXBTC15M-26OCT042045-45,0.9990,4579.77,no
2026-10-05T00:44:15.799009Z,KXBTC15M-26OCT042045-45,0.9990,3205.86,no
2026-10-05T00:44:15.958812Z,KXBTC15M-26OCT042045-45,0.9990,1000.00,no
2026-10-05T00:44:16.135672Z,KXBTC15M-26OCT042045-45,0.9990,1831.90,no
2026-10-05T00:44:16.266562Z,KXBTC15M-26OCT042045-45,0.9990,52.79,no
2026-10-05T00:44:16.380263Z,KXBTC15M-26OCT042045-45,0.9990,9.20,no
2026-10-05T00:44:16.493142Z,KXBTC15M-26OCT042045-45,0.9990,915.99,no
2026-10-05T00:44:16.533621Z,KXBTC15M-26OCT042045-45,0.9990,915.99,no
2026-10-05T00:44:17.16152Z,KXBTC15M-26OCT042045-45,0.9990,4673.24,no
2026-10-05T00:44:17.520786Z,KXBTC15M-26OCT042045-45,0.9990,915.99,no
2026-10-05T00:44:17.542574Z,KXBTC15M-26OCT042045-45,0.9990,4.72,no
2026-10-05T00:44:17.722806Z,KXBTC15M-26OCT042045-45,0.9990,9.93,no
2026-10-05T00:44:17.763921Z,KXBTC15M-26OCT042045-45,0.9990,91.62,no
2026-10-05T00:44:18.042595Z,KXBTC15M-26OCT042045-45,0.9990,72.01,no
2026-10-05T00:44:18.155825Z,KXBTC15M-26OCT042045-45,0.9990,9159.55,no
2026-10-05T00:44:18.380261Z,KXBTC15M-26OCT042045-45,0.9990,681.97,no
2026-10-05T00:44:18.48461Z,KXBTC15M-26OCT042045-45,0.9990,9159.55,no
2026-10-05T00:44:18.626451Z,KXBTC15M-26OCT042045-45,0.9990,0.68,no
2026-10-05T00:44:18.661789Z,KXBTC15M-26OCT042045-45,0.9990,915.99,no
2026-10-05T00:44:18.772597Z,KXBTC15M-26OCT042045-45,0.9990,0.02,no
2026-10-05T00:44:18.985366Z,KXBTC15M-26OCT042045-45,0.9990,2747.91,no
2026-10-05T00:44:19.07048Z,KXBTC15M-26OCT042045-45,0.9990,897.30,no
2026-10-05T00:44:19.112901Z,KXBTC15M-26OCT042045-45,0.9990,90.00,no
2026-10-05T00:44:19.244281Z,KXBTC15M-26OCT042045-45,0.9990,2.92,no
2026-10-05T00:44:19.506603Z,KXBTC15M-26OCT042045-45,0.9990,9.20,no
2026-10-05T00:44:19.913483Z,KXBTC15M-26OCT042045-45,0.9990,915.99,no
2026-10-05T00:44:19.916687Z,KXBTC15M-26OCT042045-45,0.9990,457.61,no
2026-10-05T00:44:20.00854Z,KXBTC15M-26OCT042045-45,0.9990,366.41,no
2026-10-05T00:44:20.510531Z,KXBTC15M-26OCT042045-45,0.9990,35.13,no
2026-10-05T00:44:20.776915Z,KXBTC15M-26OCT042045-45,0.9990,915.99,no
2026-10-05T00:44:20.985676Z,KXBTC15M-26OCT042045-45,0.9990,1261.05,no
2026-10-05T00:44:21.293157Z,KXBTC15M-26OCT042045-45,0.9990,224.34,no
2026-10-05T00:44:21.311422Z,KXBTC15M-26OCT042045-45,0.9990,42.00,no
2026-10-05T00:44:21.415625Z,KXBTC15M-26OCT042045-45,0.9990,37.42,no
2026-10-05T00:44:21.454718Z,KXBTC15M-26OCT042045-45,0.9990,5.62,no
2026-10-05T00:44:22.009698Z,KXBTC15M-26OCT042045-45,0.9990,46.70,no
2026-10-05T00:44:22.470273Z,KXBTC15M-26OCT042045-45,0.9990,21.00,no
2026-10-05T00:44:22.691658Z,KXBTC15M-26OCT042045-45,0.9990,9159.55,no
2026-10-05T00:44:22.808687Z,KXBTC15M-26OCT042045-45,0.9990,10991.37,no
2026-10-05T00:44:23.639983Z,KXBTC15M-26OCT042045-45,0.9990,1.00,no
2026-10-05T00:44:23.671813Z,KXBTC15M-26OCT042045-45,0.9990,2747.91,no
2026-10-05T00:44:23.935758Z,KXBTC15M-26OCT042045-45,0.9990,91.62,no
2026-10-05T00:44:24.176169Z,KXBTC15M-26OCT042045-45,0.9990,458.04,no
2026-10-05T00:44:24.877742Z,KXBTC15M-26OCT042045-45,0.9990,915.99,no
2026-10-05T00:44:25.019688Z,KXBTC15M-26OCT042045-45,0.9990,5.58,no
2026-10-05T00:44:25.728625Z,KXBTC15M-26OCT042045-45,0.9990,23.33,no
2026-10-05T00:44:26.161859Z,KXBTC15M-26OCT042045-45,0.9990,5000.00,no
2026-10-05T00:44:26.161859Z,KXBTC15M-26OCT042045-45,0.9990,3399.14,no
2026-10-05T00:44:26.161859Z,KXBTC15M-26OCT042045-45,0.9990,9919.89,no
2026-10-05T00:44:26.504323Z,KXBTC15M-26OCT042045-45,0.9990,9.20,no
2026-10-05T00:44:26.651556Z,KXBTC15M-26OCT042045-45,0.9990,930.00,no
2026-10-05T00:44:26.839049Z,KXBTC15M-26OCT042045-45,0.9990,915.99,no
2026-10-05T00:44:27.086947Z,KXBTC15M-26OCT042045-45,0.9990,915.99,no
2026-10-05T00:44:28.456927Z,KXBTC15M-26OCT042045-45,0.9990,21.08,no
2026-10-05T00:44:28.581192Z,KXBTC15M-26OCT042045-45,0.9990,0.02,no
2026-10-05T00:44:29.497968Z,KXBTC15M-26OCT042045-45,0.9990,616.58,no
2026-10-05T00:44:29.497968Z,KXBTC15M-26OCT042045-45,0.9990,4.00,no
2026-10-05T00:44:29.497968Z,KXBTC15M-26OCT042045-45,0.9990,295.41,no
2026-10-05T00:44:30.033004Z,KXBTC15M-26OCT042045-45,0.9990,70.51,no
2026-10-05T00:44:30.577583Z,KXBTC15M-26OCT042045-45,0.9990,2000.00,no
2026-10-05T00:44:30.577583Z,KXBTC15M-26OCT042045-45,0.9990,2000.00,no
2026-10-05T00:44:30.577583Z,KXBTC15M-26OCT042045-45,0.9990,134.08,no
2026-10-05T00:44:30.577583Z,KXBTC15M-26OCT042045-45,0.9990,445.69,no
2026-10-05T00:44:30.968064Z,KXBTC15M-26OCT042045-45,0.9990,91.62,no
2026-10-05T00:44:31.290422Z,KXBTC15M-26OCT042045-45,0.9990,10.00,no
2026-10-05T00:44:31.938167Z,KXBTC15M-26OCT042045-45,0.9990,202.69,no
2026-10-05T00:44:31.938167Z,KXBTC15M-26OCT042045-45,0.9990,255.35,no
2026-10-05T00:44:32.462722Z,KXBTC15M-26OCT042045-45,0.9990,897.30,no
2026-10-05T00:44:33.372876Z,KXBTC15M-26OCT042045-45,0.9990,90.00,no
2026-10-05T00:44:34.513295Z,KXBTC15M-26OCT042045-45,0.9990,0.02,no
2026-10-05T00:44:34.603605Z,KXBTC15M-26OCT042045-45,0.9990,4229.48,no
2026-10-05T00:44:34.603605Z,KXBTC15M-26OCT042045-45,0.9990,10.00,no
2026-10-05T00:44:34.603605Z,KXBTC15M-26OCT042045-45,0.9990,13796.00,no
2026-10-05T00:44:34.603605Z,KXBTC15M-26OCT042045-45,0.9990,26.22,no
2026-10-05T00:44:34.603605Z,KXBTC15M-26OCT042045-45,0.9990,257.33,no
2026-10-05T00:44:35.189193Z,KXBTC15M-26OCT042045-45,0.9990,0.19,no
2026-10-05T00:44:35.640942Z,KXBTC15M-26OCT042045-45,0.9990,4.36,no
2026-10-05T00:44:35.776203Z,KXBTC15M-26OCT042045-45,0.9990,149.59,no
2026-10-05T00:44:35.950121Z,KXBTC15M-26OCT042045-45,0.9990,14689.15,no
2026-10-05T00:44:35.950121Z,KXBTC15M-26OCT042045-45,0.9990,2500.00,no
2026-10-05T00:44:35.950121Z,KXBTC15M-26OCT042045-45,0.9990,500.00,no
2026-10-05T00:44:35.950121Z,KXBTC15M-26OCT042045-45,0.9990,1604.89,no
2026-10-05T00:44:35.950121Z,KXBTC15M-26OCT042045-45,0.9990,2161.55,no
2026-10-05T00:44:35.950121Z,KXBTC15M-26OCT042045-45,0.9990,4622.00,no
2026-10-05T00:44:35.950121Z,KXBTC15M-26OCT042045-45,0.9990,2000.00,no
2026-10-05T00:44:35.950121Z,KXBTC15M-26OCT042045-45,0.9990,4076.53,no
2026-10-05T00:44:35.950121Z,KXBTC15M-26OCT042045-45,0.9990,100.00,no
2026-10-05T00:44:35.950121Z,KXBTC15M-26OCT042045-45,0.9990,10.01,no
2026-10-05T00:44:35.950121Z,KXBTC15M-26OCT042045-45,0.9990,8616.38,no
2026-10-05T00:44:35.950121Z,KXBTC15M-26OCT042045-45,0.9990,2756.52,no
2026-10-05T00:44:35.950121Z,KXBTC15M-26OCT042045-45,0.9990,1000.00,no
2026-10-05T00:44:35.950121Z,KXBTC15M-26OCT042045-45,0.9990,750.00,no
2026-10-05T00:44:35.950121Z,KXBTC15M-26OCT042045-45,0.9990,410.41,no
2026-10-05T00:44:36.764691Z,KXBTC15M-26OCT042045-45,0.9990,9159.55,no
2026-10-05T00:44:37.852459Z,KXBTC15M-26OCT042045-45,0.9990,15.01,no
2026-10-05T00:44:37.913985Z,KXBTC15M-26OCT042045-45,0.9990,0.02,no
2026-10-05T00:44:38.19709Z,KXBTC15M-26OCT042045-45,0.9990,82.36,no
2026-10-05T00:44:41.234115Z,KXBTC15M-26OCT042045-45,0.9990,476.37,no
2026-10-05T00:44:41.234115Z,KXBTC15M-26OCT042045-45,0.9990,165.63,no
2026-10-05T00:44:41.234115Z,KXBTC15M-26OCT042045-45,0.9990,81.00,no
2026-10-05T00:44:41.704808Z,KXBTC15M-26OCT042045-45,0.9990,109.94,no
2026-10-05T00:44:43.004738Z,KXBTC15M-26OCT042045-45,0.9990,77.79,no
2026-10-05T00:44:43.633715Z,KXBTC15M-26OCT042045-45,0.9990,346.64,no
2026-10-05T00:44:43.633715Z,KXBTC15M-26OCT042045-45,0.9990,569.35,no
2026-10-05T00:44:43.790196Z,KXBTC15M-26OCT042045-45,0.9990,5.07,no
2026-10-05T00:44:44.088101Z,KXBTC15M-26OCT042045-45,0.9990,31.28,no
2026-10-05T00:44:45.209818Z,KXBTC15M-26OCT042045-45,0.9990,8.81,no
2026-10-05T00:44:47.741878Z,KXBTC15M-26OCT042045-45,0.9990,14.10,no
2026-10-05T00:44:47.80574Z,KXBTC15M-26OCT042045-45,0.9990,1000.00,no
2026-10-05T00:44:47.80574Z,KXBTC15M-26OCT042045-45,0.9990,100.00,no
2026-10-05T00:44:47.80574Z,KXBTC15M-26OCT042045-45,0.9990,43.30,no
2026-10-05T00:44:47.80574Z,KXBTC15M-26OCT042045-45,0.9990,100.00,no
2026-10-05T00:44:47.80574Z,KXBTC15M-26OCT042045-45,0.9990,588.60,no
2026-10-05T00:44:48.148198Z,KXBTC15M-26OCT042045-45,0.9990,25.02,no
2026-10-05T00:44:48.419177Z,KXBTC15M-26OCT042045-45,0.9990,2.35,no
2026-10-05T00:44:49.155795Z,KXBTC15M-26OCT042045-45,0.9990,100.00,no
2026-10-05T00:44:49.155795Z,KXBTC15M-26OCT042045-45,0.9990,100.00,no
2026-10-05T00:44:49.155795Z,KXBTC15M-26OCT042045-45,0.9990,100.00,no
2026-10-05T00:44:49.155795Z,KXBTC15M-26OCT042045-45,0.9990,100.00,no
2026-10-05T00:44:49.155795Z,KXBTC15M-26OCT042045-45,0.9990,29.33,no
2026-10-05T00:44:49.155795Z,KXBTC15M-26OCT042045-45,0.9990,100.00,no
2026-10-05T00:44:49.155795Z,KXBTC15M-26OCT042045-45,0.9990,100.00,no
2026-10-05T00:44:49.155795Z,KXBTC15M-26OCT042045-45,0.9990,100.00,no
2026-10-05T00:44:49.155795Z,KXBTC15M-26OCT042045-45,0.9990,186.66,no
2026-10-05T00:44:51.209051Z,KXBTC15M-26OCT042045-45,0.9990,100.00,no
2026-10-05T00:44:51.209051Z,KXBTC15M-26OCT042045-45,0.9990,100.00,no
2026-10-05T00:44:51.209051Z,KXBTC15M-26OCT042045-45,0.9990,1297.34,no
2026-10-05T00:44:51.209051Z,KXBTC15M-26OCT042045-45,0.9990,100.00,no
2026-10-05T00:44:51.209051Z,KXBTC15M-26OCT042045-45,0.9990,234.56,no
2026-10-05T00:44:51.259678Z,KXBTC15M-26OCT042045-45,0.9990,38.64,no
2026-10-05T00:44:52.388501Z,KXBTC15M-26OCT042045-45,0.9990,915.99,no
2026-10-05T00:44:53.785601Z,KXBTC15M-26OCT042045-45,0.9990,639.76,no
2026-10-05T00:44:53.785601Z,KXBTC15M-26OCT042045-45,0.9990,1192.14,no
2026-10-05T00:44:54.221658Z,KXBTC15M-26OCT042045-45,0.9990,1.00,no
2026-10-05T00:44:54.69421Z,KXBTC15M-26OCT042045-45,0.9990,0.02,no
2026-10-05T00:44:55.12805Z,KXBTC15M-26OCT042045-45,0.9990,0.02,no
2026-10-05T00:44:55.855685Z,KXBTC15M-26OCT042045-45,0.9990,5.68,no
2026-10-05T00:44:56.85752Z,KXBTC15M-26OCT042045-45,0.9990,5.11,no
2026-10-05T00:44:57.387366Z,KXBTC15M-26OCT042045-45,0.9990,103.07,no
2026-10-05T00:44:57.686289Z,KXBTC15M-26OCT042045-45,0.9990,91.62,no
2026-10-05T00:44:59.918992Z,KXBTC15M-26OCT042045-45,0.9990,4579.77,no
2026-10-05T00:41:24.302972Z,KXSOL15M-26OCT042045-45,0.9530,12.56,no
2026-10-05T00:41:25.127796Z,KXSOL15M-26OCT042045-45,0.9600,13.00,yes
2026-10-05T00:41:25.128036Z,KXSOL15M-26OCT042045-45,0.9600,80.00,yes
2026-10-05T00:41:25.315302Z,KXSOL15M-26OCT042045-45,0.9600,10.00,yes
2026-10-05T00:41:25.371898Z,KXSOL15M-26OCT042045-45,0.9600,50.00,yes
2026-10-05T00:41:25.572939Z,KXSOL15M-26OCT042045-45,0.9600,3.00,yes
2026-10-05T00:41:25.753321Z,KXSOL15M-26OCT042045-45,0.9600,4.00,yes
2026-10-05T00:41:25.753321Z,KXSOL15M-26OCT042045-45,0.9690,3.98,yes
2026-10-05T00:41:25.753321Z,KXSOL15M-26OCT042045-45,0.9650,6.00,yes
2026-10-05T00:41:25.753321Z,KXSOL15M-26OCT042045-45,0.9680,3.00,yes
2026-10-05T00:41:25.753321Z,KXSOL15M-26OCT042045-45,0.9670,3.00,yes
2026-10-05T00:41:25.753321Z,KXSOL15M-26OCT042045-45,0.9650,1.00,yes
2026-10-05T00:41:25.753321Z,KXSOL15M-26OCT042045-45,0.9620,1.00,yes
2026-10-05T00:41:25.753321Z,KXSOL15M-26OCT042045-45,0.9660,1.00,yes
2026-10-05T00:41:25.753321Z,KXSOL15M-26OCT042045-45,0.9670,1.00,yes
2026-10-05T00:41:25.753321Z,KXSOL15M-26OCT042045-45,0.9690,1.00,yes
2026-10-05T00:41:25.753321Z,KXSOL15M-26OCT042045-45,0.9640,1.00,yes
2026-10-05T00:41:25.753321Z,KXSOL15M-26OCT042045-45,0.9630,1.00,yes
2026-10-05T00:41:25.753321Z,KXSOL15M-26OCT042045-45,0.9680,1.00,yes
2026-10-05T00:41:25.753321Z,KXSOL15M-26OCT042045-45,0.9660,2.00,yes
2026-10-05T00:41:25.753321Z,KXSOL15M-26OCT042045-45,0.9690,1.00,yes
2026-10-05T00:41:26.09211Z,KXSOL15M-26OCT042045-45,0.9670,68.00,no
2026-10-05T00:41:26.099562Z,KXSOL15M-26OCT042045-45,0.9670,2.00,no
2026-10-05T00:41:26.145706Z,KXSOL15M-26OCT042045-45,0.9670,80.50,no
2026-10-05T00:41:26.332471Z,KXSOL15M-26OCT042045-45,0.9700,1.00,yes
2026-10-05T00:41:26.332471Z,KXSOL15M-26OCT042045-45,0.9700,10.34,yes
2026-10-05T00:41:26.332471Z,KXSOL15M-26OCT042045-45,0.9700,1.00,yes
2026-10-05T00:41:26.332471Z,KXSOL15M-26OCT042045-45,0.9700,6.66,yes
2026-10-05T00:41:26.414844Z,KXSOL15M-26OCT042045-45,0.9690,5.58,no
2026-10-05T00:41:26.564395Z,KXSOL15M-26OCT042045-45,0.9700,2.00,yes
2026-10-05T00:41:26.564395Z,KXSOL15M-26OCT042045-45,0.9700,16.39,yes
2026-10-05T00:41:26.564395Z,KXSOL15M-26OCT042045-45,0.9700,15.95,yes
2026-10-05T00:41:26.564395Z,KXSOL15M-26OCT042045-45,0.9700,14.66,yes
2026-10-05T00:41:26.564395Z,KXSOL15M-26OCT042045-45,0.9700,2.00,yes
2026-10-05T00:41:26.587913Z,KXSOL15M-26OCT042045-45,0.9690,6.51,no
2026-10-05T00:41:26.754742Z,KXSOL15M-26OCT042045-45,0.9690,3.00,no
2026-10-05T00:41:26.903583Z,KXSOL15M-26OCT042045-45,0.9730,8.39,yes
2026-10-05T00:41:26.903583Z,KXSOL15M-26OCT042045-45,0.9700,8.61,yes
2026-10-05T00:41:26.903583Z,KXSOL15M-26OCT042045-45,0.9730,1.00,yes
2026-10-05T00:41:26.903583Z,KXSOL15M-26OCT042045-45,0.9710,1.00,yes
2026-10-05T00:41:26.903583Z,KXSOL15M-26OCT042045-45,0.9720,1.00,yes
2026-10-05T00:41:26.980576Z,KXSOL15M-26OCT042045-45,0.9790,1.00,yes
2026-10-05T00:41:26.980576Z,KXSOL15M-26OCT042045-45,0.9760,1.00,yes
2026-10-05T00:41:26.980576Z,KXSOL15M-26OCT042045-45,0.9750,1.00,yes
2026-10-05T00:41:26.980576Z,KXSOL15M-26OCT042045-45,0.9780,1.00,yes
2026-10-05T00:41:26.980576Z,KXSOL15M-26OCT042045-45,0.9770,1.00,yes
2026-10-05T00:41:26.980576Z,KXSOL15M-26OCT042045-45,0.9740,1.00,yes
2026-10-05T00:41:26.980576Z,KXSOL15M-26OCT042045-45,0.9760,4.00,yes
2026-10-05T00:41:26.980576Z,KXSOL15M-26OCT042045-45,0.9790,10.00,yes
2026-10-05T00:41:27.098163Z,KXSOL15M-26OCT042045-45,0.9780,10.00,yes
2026-10-05T00:41:27.588333Z,KXSOL15M-26OCT042045-45,0.9670,1.51,no
2026-10-05T00:41:27.588333Z,KXSOL15M-26OCT042045-45,0.9700,8.00,no
2026-10-05T00:41:27.588333Z,KXSOL15M-26OCT042045-45,0.9690,3.00,no
2026-10-05T00:41:27.588333Z,KXSOL15M-26OCT042045-45,0.9650,6.00,no
2026-10-05T00:41:27.588333Z,KXSOL15M-26OCT042045-45,0.9620,10.50,no
2026-10-05T00:41:27.588333Z,KXSOL15M-26OCT042045-45,0.9620,7.00,no
2026-10-05T00:41:27.588333Z,KXSOL15M-26OCT042045-45,0.9700,20.00,no
2026-10-05T00:41:27.603631Z,KXSOL15M-26OCT042045-45,0.9680,3.00,no
2026-10-05T00:41:27.686325Z,KXSOL15M-26OCT042045-45,0.9690,41.84,no
2026-10-05T00:41:28.064767Z,KXSOL15M-26OCT042045-45,0.9750,23.15,yes
2026-10-05T00:41:28.064767Z,KXSOL15M-26OCT042045-45,0.9730,46.00,yes
2026-10-05T00:41:28.064767Z,KXSOL15M-26OCT042045-45,0.9740,78.00,yes
2026-10-05T00:41:28.064767Z,KXSOL15M-26OCT042045-45,0.9730,6.00,yes
2026-10-05T00:41:28.729698Z,KXSOL15M-26OCT042045-45,0.9770,77.00,yes
2026-10-05T00:41:29.214272Z,KXSOL15M-26OCT042045-45,0.9780,6.00,yes
2026-10-05T00:41:29.214272Z,KXSOL15M-26OCT042045-45,0.9750,11.75,yes
2026-10-05T00:41:29.214272Z,KXSOL15M-26OCT042045-45,0.9800,6.00,yes
2026-10-05T00:41:29.214272Z,KXSOL15M-26OCT042045-45,0.9800,20.00,yes
2026-10-05T00:41:29.214272Z,KXSOL15M-26OCT042045-45,0.9800,11.00,yes
2026-10-05T00:41:29.214272Z,KXSOL15M-26OCT042045-45,0.9800,1.00,yes
2026-10-05T00:41:29.214272Z,KXSOL15M-26OCT042045-45,0.9810,0.25,yes
2026-10-05T00:41:29.214272Z,KXSOL15M-26OCT042045-45,0.9800,10.00,yes
2026-10-05T00:41:29.214272Z,KXSOL15M-26OCT042045-45,0.9800,1.00,yes
2026-10-05T00:41:29.214272Z,KXSOL15M-26OCT042045-45,0.9790,17.00,yes
2026-10-05T00:41:29.221785Z,KXSOL15M-26OCT042045-45,0.9820,0.25,yes
2026-10-05T00:41:29.221785Z,KXSOL15M-26OCT042045-45,0.9810,0.75,yes
2026-10-05T00:41:29.234347Z,KXSOL15M-26OCT042045-45,0.9840,6.00,yes
2026-10-05T00:41:29.234347Z,KXSOL15M-26OCT042045-45,0.9850,1.00,yes
2026-10-05T00:41:29.234347Z,KXSOL15M-26OCT042045-45,0.9820,0.75,yes
2026-10-05T00:41:29.234347Z,KXSOL15M-26OCT042045-45,0.9830,1.00,yes
2026-10-05T00:41:29.234347Z,KXSOL15M-26OCT042045-45,0.9860,0.25,yes
2026-10-05T00:41:29.234347Z,KXSOL15M-26OCT042045-45,0.9840,1.00,yes
2026-10-05T00:41:29.297088Z,KXSOL15M-26OCT042045-45,0.9720,8.00,no
2026-10-05T00:41:29.297088Z,KXSOL15M-26OCT042045-45,0.9740,20.00,no
2026-10-05T00:41:29.297088Z,KXSOL15M-26OCT042045-45,0.9790,3.00,no
2026-10-05T00:41:29.297088Z,KXSOL15M-26OCT042045-45,0.9750,6.00,no
2026-10-05T00:41:29.297088Z,KXSOL15M-26OCT042045-45,0.9780,3.00,no
2026-10-05T00:41:29.297088Z,KXSOL15M-26OCT042045-45,0.9740,1.00,no
2026-10-05T00:41:29.297088Z,KXSOL15M-26OCT042045-45,0.9720,71.24,no
2026-10-05T00:41:29.447226Z,KXSOL15M-26OCT042045-45,0.9790,2.35,no
2026-10-05T00:41:29.447226Z,KXSOL15M-26OCT042045-45,0.9800,15.00,no
2026-10-05T00:41:29.57748Z,KXSOL15M-26OCT042045-45,0.9750,6.00,no
2026-10-05T00:41:29.57748Z,KXSOL15M-26OCT042045-45,0.9750,3.00,no
2026-10-05T00:41:29.57748Z,KXSOL15M-26OCT042045-45,0.9750,3.76,no
2026-10-05T00:41:29.57748Z,KXSOL15M-26OCT042045-45,0.9790,1.65,no
2026-10-05T00:41:29.57748Z,KXSOL15M-26OCT042045-45,0.9750,13.00,no
2026-10-05T00:41:29.57748Z,KXSOL15M-26OCT042045-45,0.9770,3.00,no
2026-10-05T00:41:29.57748Z,KXSOL15M-26OCT042045-45,0.9760,3.00,no
2026-10-05T00:41:30.091345Z,KXSOL15M-26OCT042045-45,0.9760,78.00,no
2026-10-05T00:41:30.091345Z,KXSOL15M-26OCT042045-45,0.9650,6.00,no
2026-10-05T00:41:30.091345Z,KXSOL15M-26OCT042045-45,0.9690,7.00,no
2026-10-05T00:41:30.091345Z,KXSOL15M-26OCT042045-45,0.9700,20.00,no
2026-10-05T00:41:30.091345Z,KXSOL15M-26OCT042045-45,0.9700,6.00,no
2026-10-05T00:41:30.091345Z,KXSOL15M-26OCT042045-45,0.9720,1.00,no
2026-10-05T00:41:30.091345Z,KXSOL15M-26OCT042045-45,0.9750,0.24,no
2026-10-05T00:41:30.091345Z,KXSOL15M-26OCT042045-45,0.9710,8.00,no
2026-10-05T00:41:30.091345Z,KXSOL15M-26OCT042045-45,0.9690,5.00,no
2026-10-05T00:41:30.091345Z,KXSOL15M-26OCT042045-45,0.9740,3.00,no
2026-10-05T00:41:30.091345Z,KXSOL15M-26OCT042045-45,0.9730,3.00,no
2026-10-05T00:41:30.091345Z,KXSOL15M-26OCT042045-45,0.9710,7.00,no
2026-10-05T00:41:30.091345Z,KXSOL15M-26OCT042045-45,0.9680,32.00,no
2026-10-05T00:41:30.091345Z,KXSOL15M-26OCT042045-45,0.9670,350.00,no
2026-10-05T00:41:30.091345Z,KXSOL15M-26OCT042045-45,0.9700,9.00,no
2026-10-05T00:41:30.091345Z,KXSOL15M-26OCT042045-45,0.9720,4.00,no
2026-10-05T00:41:30.091345Z,KXSOL15M-26OCT042045-45,0.9700,140.00,no
2026-10-05T00:41:30.091345Z,KXSOL15M-26OCT042045-45,0.9610,3.50,no
2026-10-05T00:41:30.091345Z,KXSOL15M-26OCT042045-45,0.9560,169.94,no
2026-10-05T00:41:30.091345Z,KXSOL15M-26OCT042045-45,0.9640,100.00,no
2026-10-05T00:41:30.275877Z,KXSOL15M-26OCT042045-45,0.9720,3.00,no
2026-10-05T00:41:30.275877Z,KXSOL15M-26OCT042045-45,0.9710,3.00,no
2026-10-05T00:41:30.275877Z,KXSOL15M-26OCT042045-45,0.9690,1.24,no
2026-10-05T00:41:30.593187Z,KXSOL15M-26OCT042045-45,0.9700,3.00,no
2026-10-05T00:41:30.593187Z,KXSOL15M-26OCT042045-45,0.9690,0.25,no
2026-10-05T00:41:30.926703Z,KXSOL15M-26OCT042045-45,0.9760,11.00,yes
2026-10-05T00:41:30.926703Z,KXSOL15M-26OCT042045-45,0.9800,6.00,yes
2026-10-05T00:41:30.926703Z,KXSOL15M-26OCT042045-45,0.9780,3.00,yes
2026-10-05T00:41:30.926703Z,KXSOL15M-26OCT042045-45,0.9790,3.00,yes
2026-10-05T00:41:30.926703Z,KXSOL15M-26OCT042045-45,0.9790,15.00,yes
2026-10-05T00:41:30.926703Z,KXSOL15M-26OCT042045-45,0.9770,11.00,yes
2026-10-05T00:41:30.926703Z,KXSOL15M-26OCT042045-45,0.9820,20.00,yes
2026-10-05T00:41:30.926703Z,KXSOL15M-26OCT042045-45,0.9810,6.00,yes
2026-10-05T00:41:30.926703Z,KXSOL15M-26OCT042045-45,0.9850,27.00,yes
2026-10-05T00:41:30.926703Z,KXSOL15M-26OCT042045-45,0.9840,12.00,yes
2026-10-05T00:41:30.926703Z,KXSOL15M-26OCT042045-45,0.9850,6.00,yes
2026-10-05T00:41:30.926703Z,KXSOL15M-26OCT042045-45,0.9850,19.59,yes
2026-10-05T00:41:30.970025Z,KXSOL15M-26OCT042045-45,0.9850,60.00,no
2026-10-05T00:41:30.977665Z,KXSOL15M-26OCT042045-45,0.9850,0.41,no
2026-10-05T00:41:31.064878Z,KXSOL15M-26OCT042045-45,0.9860,32.00,yes
2026-10-05T00:41:31.064878Z,KXSOL15M-26OCT042045-45,0.9850,6.00,yes
2026-10-05T00:41:31.064878Z,KXSOL15M-26OCT042045-45,0.9850,7.00,yes
2026-10-05T00:41:31.064878Z,KXSOL15M-26OCT042045-45,0.9810,3.00,yes
2026-10-05T00:41:31.064878Z,KXSOL15M-26OCT042045-45,0.9800,3.00,yes
2026-10-05T00:41:31.064878Z,KXSOL15M-26OCT042045-45,0.9850,10.00,yes
2026-10-05T00:41:31.064878Z,KXSOL15M-26OCT042045-45,0.9880,19.25,yes
2026-10-05T00:41:31.064878Z,KXSOL15M-26OCT042045-45,0.9880,10.00,yes
2026-10-05T00:41:31.064878Z,KXSOL15M-26OCT042045-45,0.9860,0.75,yes
2026-10-05T00:41:31.064878Z,KXSOL15M-26OCT042045-45,0.9870,1.00,yes
2026-10-05T00:41:31.064878Z,KXSOL15M-26OCT042045-45,0.9860,8.00,yes
2026-10-05T00:41:31.185783Z,KXSOL15M-26OCT042045-45,0.9820,19.00,no
2026-10-05T00:41:31.294411Z,KXSOL15M-26OCT042045-45,0.9820,0.25,no
2026-10-05T00:41:31.294411Z,KXSOL15M-26OCT042045-45,0.9800,7.80,no
2026-10-05T00:41:31.832338Z,KXSOL15M-26OCT042045-45,0.9800,1.07,no
2026-10-05T00:41:32.856061Z,KXSOL15M-26OCT042045-45,0.9800,1.00,no
2026-10-05T00:41:33.926128Z,KXSOL15M-26OCT042045-45,0.9800,0.13,no
2026-10-05T00:41:33.926128Z,KXSOL15M-26OCT042045-45,0.9770,20.92,no
2026-10-05T00:41:33.926128Z,KXSOL15M-26OCT042045-45,0.9810,23.00,no
2026-10-05T00:41:33.926128Z,KXSOL15M-26OCT042045-45,0.9800,34.00,no
2026-10-05T00:41:33.926128Z,KXSOL15M-26OCT042045-45,0.9810,33.00,no
2026-10-05T00:41:33.926128Z,KXSOL15M-26OCT042045-45,0.9790,4.00,no
2026-10-05T00:41:33.92748Z,KXSOL15M-26OCT042045-45,0.9850,7.00,yes
2026-10-05T00:41:33.92748Z,KXSOL15M-26OCT042045-45,0.9840,3.00,yes
2026-10-05T00:41:33.92748Z,KXSOL15M-26OCT042045-45,0.9850,3.00,yes
2026-10-05T00:41:33.92748Z,KXSOL15M-26OCT042045-45,0.9820,8.82,yes
2026-10-05T00:41:33.92748Z,KXSOL15M-26OCT042045-45,0.9850,8.18,yes
2026-10-05T00:41:33.92748Z,KXSOL15M-26OCT042045-45,0.9830,10.00,yes
2026-10-05T00:41:35.190242Z,KXSOL15M-26OCT042045-45,0.9790,35.00,no
2026-10-05T00:41:35.233661Z,KXSOL15M-26OCT042045-45,0.9720,8.00,no
2026-10-05T00:41:35.233661Z,KXSOL15M-26OCT042045-45,0.9700,60.71,no
2026-10-05T00:41:35.233661Z,KXSOL15M-26OCT042045-45,0.9720,5.00,no
2026-10-05T00:41:35.233661Z,KXSOL15M-26OCT042045-45,0.9700,6.00,no
2026-10-05T00:41:35.233661Z,KXSOL15M-26OCT042045-45,0.9770,3.00,no
2026-10-05T00:41:35.233661Z,KXSOL15M-26OCT042045-45,0.9780,3.00,no
2026-10-05T00:41:35.233661Z,KXSOL15M-26OCT042045-45,0.9710,18.00,no
2026-10-05T00:41:36.243409Z,KXSOL15M-26OCT042045-45,0.9710,8.00,no
2026-10-05T00:41:36.243409Z,KXSOL15M-26OCT042045-45,0.9710,10.00,no
2026-10-05T00:41:36.243409Z,KXSOL15M-26OCT042045-45,0.9720,5.00,no
2026-10-05T00:41:36.243409Z,KXSOL15M-26OCT042045-45,0.9780,33.00,no
2026-10-05T00:41:36.243409Z,KXSOL15M-26OCT042045-45,0.9750,6.00,no
2026-10-05T00:41:36.243409Z,KXSOL15M-26OCT042045-45,0.9770,22.00,no
2026-10-05T00:41:36.243409Z,KXSOL15M-26OCT042045-45,0.9790,2.00,no
2026-10-05T00:41:36.243409Z,KXSOL15M-26OCT042045-45,0.9780,3.00,no
2026-10-05T00:41:36.243409Z,KXSOL15M-26OCT042045-45,0.9770,3.00,no
2026-10-05T00:41:36.243409Z,KXSOL15M-26OCT042045-45,0.9700,204.59,no
2026-10-05T00:41:36.275326Z,KXSOL15M-26OCT042045-45,0.9730,5.84,no
2026-10-05T00:41:36.275326Z,KXSOL15M-26OCT042045-45,0.9740,3.00,no
2026-10-05T00:41:36.275326Z,KXSOL15M-26OCT042045-45,0.9750,3.00,no
2026-10-05T00:41:36.750516Z,KXSOL15M-26OCT042045-45,0.9750,54.00,no
2026-10-05T00:41:36.750516Z,KXSOL15M-26OCT042045-45,0.9740,5.45,no
2026-10-05T00:41:37.87614Z,KXSOL15M-26OCT042045-45,0.9800,6.00,yes
2026-10-05T00:41:37.87614Z,KXSOL15M-26OCT042045-45,0.9790,2.00,yes
2026-10-05T00:41:37.87614Z,KXSOL15M-26OCT042045-45,0.9790,8.00,yes
2026-10-05T00:41:37.87614Z,KXSOL15M-26OCT042045-45,0.9810,2.00,yes
2026-10-05T00:41:37.87614Z,KXSOL15M-26OCT042045-45,0.9780,8.00,yes
2026-10-05T00:41:37.87614Z,KXSOL15M-26OCT042045-45,0.9780,1.00,yes
2026-10-05T00:41:37.87614Z,KXSOL15M-26OCT042045-45,0.9810,13.00,yes
2026-10-05T00:41:37.87614Z,KXSOL15M-26OCT042045-45,0.9800,11.00,yes
2026-10-05T00:41:38.224416Z,KXSOL15M-26OCT042045-45,0.9810,6.85,yes
2026-10-05T00:41:38.667294Z,KXSOL15M-26OCT042045-45,0.9800,0.10,yes
2026-10-05T00:41:38.670111Z,KXSOL15M-26OCT042045-45,0.9800,0.10,yes
2026-10-05T00:41:38.914067Z,KXSOL15M-26OCT042045-45,0.9780,8.57,yes
2026-10-05T00:41:39.232696Z,KXSOL15M-26OCT042045-45,0.9740,0.55,no
2026-10-05T00:41:39.232696Z,KXSOL15M-26OCT042045-45,0.9780,27.00,no
2026-10-05T00:41:39.232696Z,KXSOL15M-26OCT042045-45,0.9770,15.00,no
2026-10-05T00:41:39.232696Z,KXSOL15M-26OCT042045-45,0.9750,3.00,no
2026-10-05T00:41:39.232696Z,KXSOL15M-26OCT042045-45,0.9750,6.00,no
2026-10-05T00:41:39.232696Z,KXSOL15M-26OCT042045-45,0.9740,3.00,no
2026-10-05T00:41:39.358454Z,KXSOL15M-26OCT042045-45,0.9790,10.00,no
2026-10-05T00:41:39.412966Z,KXSOL15M-26OCT042045-45,0.9790,1.93,no
2026-10-05T00:41:39.768854Z,KXSOL15M-26OCT042045-45,0.9720,8.96,no
2026-10-05T00:41:39.768854Z,KXSOL15M-26OCT042045-45,0.9740,5.00,no
2026-10-05T00:41:39.768854Z,KXSOL15M-26OCT042045-45,0.9730,8.00,no
2026-10-05T00:41:39.768854Z,KXSOL15M-26OCT042045-45,0.9760,6.00,no
2026-10-05T00:41:39.768854Z,KXSOL15M-26OCT042045-45,0.9790,3.07,no
2026-10-05T00:41:39.768854Z,KXSOL15M-26OCT042045-45,0.9730,3.00,no
2026-10-05T00:41:40.239907Z,KXSOL15M-26OCT042045-45,0.9780,18.00,yes
2026-10-05T00:41:40.239907Z,KXSOL15M-26OCT042045-45,0.9790,1.49,yes
2026-10-05T00:41:40.239907Z,KXSOL15M-26OCT042045-45,0.9780,6.00,yes
2026-10-05T00:41:40.588493Z,KXSOL15M-26OCT042045-45,0.9790,2.57,yes
2026-10-05T00:41:41.075299Z,KXSOL15M-26OCT042045-45,0.9700,36.35,no
2026-10-05T00:41:41.075299Z,KXSOL15M-26OCT042045-45,0.9710,10.00,no
2026-10-05T00:41:41.075299Z,KXSOL15M-26OCT042045-45,0.9710,8.00,no
2026-10-05T00:41:41.075299Z,KXSOL15M-26OCT042045-45,0.9720,8.00,no
2026-10-05T00:41:41.075299Z,KXSOL15M-26OCT042045-45,0.9730,5.00,no
2026-10-05T00:41:41.644623Z,KXSOL15M-26OCT042045-45,0.9760,1.61,yes
2026-10-05T00:41:42.823003Z,KXSOL15M-26OCT042045-45,0.9770,9.00,yes
2026-10-05T00:41:42.823003Z,KXSOL15M-26OCT042045-45,0.9800,0.23,yes
2026-10-05T00:41:42.823003Z,KXSOL15M-26OCT042045-45,0.9800,6.00,yes
2026-10-05T00:41:42.824215Z,KXSOL15M-26OCT042045-45,0.9720,16.00,no
2026-10-05T00:41:42.824215Z,KXSOL15M-26OCT042045-45,0.9720,7.20,no
2026-10-05T00:41:44.154612Z,KXSOL15M-26OCT042045-45,0.9730,13.03,no
2026-10-05T00:41:44.154612Z,KXSOL15M-26OCT042045-45,0.9740,21.00,no
2026-10-05T00:41:44.891517Z,KXSOL15M-26OCT042045-45,0.9750,3.06,yes
2026-10-05T00:41:45.256787Z,KXSOL15M-26OCT042045-45,0.9750,1.11,yes
2026-10-05T00:41:45.562138Z,KXSOL15M-26OCT042045-45,0.9750,2.52,yes
2026-10-05T00:41:45.991965Z,KXSOL15M-26OCT042045-45,0.9780,9.00,yes
2026-10-05T00:41:45.991965Z,KXSOL15M-26OCT042045-45,0.9790,11.00,yes
2026-10-05T00:41:45.992654Z,KXSOL15M-26OCT042045-45,0.9810,3.00,yes
2026-10-05T00:41:45.992654Z,KXSOL15M-26OCT042045-45,0.9800,10.00,yes
2026-10-05T00:41:45.993196Z,KXSOL15M-26OCT042045-45,0.9810,3.00,yes
2026-10-05T00:41:45.993196Z,KXSOL15M-26OCT042045-45,0.9820,3.00,yes
2026-10-05T00:41:45.993196Z,KXSOL15M-26OCT042045-45,0.9810,11.00,yes
2026-10-05T00:41:45.99384Z,KXSOL15M-26OCT042045-45,0.9820,8.00,yes
2026-10-05T00:41:46.557606Z,KXSOL15M-26OCT042045-45,0.9800,4.45,no
2026-10-05T00:41:46.564812Z,KXSOL15M-26OCT042045-45,0.9870,21.00,yes
2026-10-05T00:41:46.564812Z,KXSOL15M-26OCT042045-45,0.9870,20.00,yes
2026-10-05T00:41:46.564812Z,KXSOL15M-26OCT042045-45,0.9870,6.00,yes
2026-10-05T00:41:46.564812Z,KXSOL15M-26OCT042045-45,0.9870,3.00,yes
2026-10-05T00:41:46.564812Z,KXSOL15M-26OCT042045-45,0.9880,0.05,yes
2026-10-05T00:41:46.984196Z,KXSOL15M-26OCT042045-45,0.9870,6.00,yes
2026-10-05T00:41:46.984196Z,KXSOL15M-26OCT042045-45,0.9870,10.00,yes
2026-10-05T00:41:47.132276Z,KXSOL15M-26OCT042045-45,0.9880,35.40,yes
2026-10-05T00:41:47.424707Z,KXSOL15M-26OCT042045-45,0.9870,2.02,yes
2026-10-05T00:41:47.592251Z,KXSOL15M-26OCT042045-45,0.9860,34.95,no
2026-10-05T00:41:47.592251Z,KXSOL15M-26OCT042045-45,0.9860,0.05,no
2026-10-05T00:41:47.597946Z,KXSOL15M-26OCT042045-45,0.9860,0.45,no
2026-10-05T00:41:47.80836Z,KXSOL15M-26OCT042045-45,0.9870,5.36,yes
2026-10-05T00:41:47.80836Z,KXSOL15M-26OCT042045-45,0.9860,56.00,yes
2026-10-05T00:41:47.80836Z,KXSOL15M-26OCT042045-45,0.9870,10.00,yes
2026-10-05T00:41:47.80836Z,KXSOL15M-26OCT042045-45,0.9870,6.00,yes
2026-10-05T00:41:47.896713Z,KXSOL15M-26OCT042045-45,0.9870,0.91,yes
2026-10-05T00:41:48.0876Z,KXSOL15M-26OCT042045-45,0.9870,4.00,yes
2026-10-05T00:41:48.093139Z,KXSOL15M-26OCT042045-45,0.9870,2.00,yes
2026-10-05T00:41:48.093139Z,KXSOL15M-26OCT042045-45,0.9870,2.00,yes
2026-10-05T00:41:48.120327Z,KXSOL15M-26OCT042045-45,0.9870,2.00,yes
2026-10-05T00:41:48.396094Z,KXSOL15M-26OCT042045-45,0.9830,99.00,no
2026-10-05T00:41:48.396094Z,KXSOL15M-26OCT042045-45,0.9820,86.00,no
2026-10-05T00:41:48.396094Z,KXSOL15M-26OCT042045-45,0.9820,17.44,no
2026-10-05T00:41:48.396094Z,KXSOL15M-26OCT042045-45,0.9830,11.00,no
2026-10-05T00:41:49.134194Z,KXSOL15M-26OCT042045-45,0.9860,3.03,yes
2026-10-05T00:41:50.166758Z,KXSOL15M-26OCT042045-45,0.9860,2.15,yes
2026-10-05T00:41:50.388016Z,KXSOL15M-26OCT042045-45,0.9850,6.85,no
2026-10-05T00:41:50.388016Z,KXSOL15M-26OCT042045-45,0.9850,100.00,no
2026-10-05T00:41:50.588197Z,KXSOL15M-26OCT042045-45,0.9850,5.00,yes
2026-10-05T00:41:51.587815Z,KXSOL15M-26OCT042045-45,0.9840,9.29,yes
2026-10-05T00:41:52.322868Z,KXSOL15M-26OCT042045-45,0.9840,5.07,yes
2026-10-05T00:41:53.716613Z,KXSOL15M-26OCT042045-45,0.9850,7.45,no
2026-10-05T00:41:53.823379Z,KXSOL15M-26OCT042045-45,0.9850,13.00,no
2026-10-05T00:41:53.823379Z,KXSOL15M-26OCT042045-45,0.9840,8.23,no
2026-10-05T00:41:53.823379Z,KXSOL15M-26OCT042045-45,0.9840,8.00,no
2026-10-05T00:41:54.454553Z,KXSOL15M-26OCT042045-45,0.9830,10.00,no
2026-10-05T00:41:54.607049Z,KXSOL15M-26OCT042045-45,0.9840,2.43,yes
2026-10-05T00:41:54.892472Z,KXSOL15M-26OCT042045-45,0.9840,5.00,yes
2026-10-05T00:41:55.094996Z,KXSOL15M-26OCT042045-45,0.9860,14.00,yes
2026-10-05T00:41:55.094996Z,KXSOL15M-26OCT042045-45,0.9860,9.82,yes
2026-10-05T00:41:55.105035Z,KXSOL15M-26OCT042045-45,0.9870,12.00,yes
2026-10-05T00:41:55.105035Z,KXSOL15M-26OCT042045-45,0.9870,6.00,yes
2026-10-05T00:41:55.105035Z,KXSOL15M-26OCT042045-45,0.9870,6.00,yes
2026-10-05T00:41:55.893757Z,KXSOL15M-26OCT042045-45,0.9880,0.88,yes
2026-10-05T00:41:56.301286Z,KXSOL15M-26OCT042045-45,0.9870,71.95,no
2026-10-05T00:41:56.623108Z,KXSOL15M-26OCT042045-45,0.9870,2.19,yes
2026-10-05T00:41:56.625999Z,KXSOL15M-26OCT042045-45,0.9870,10.00,yes
2026-10-05T00:41:56.625999Z,KXSOL15M-26OCT042045-45,0.9870,3.81,yes
2026-10-05T00:41:58.540681Z,KXSOL15M-26OCT042045-45,0.9870,20.00,no
2026-10-05T00:41:58.540681Z,KXSOL15M-26OCT042045-45,0.9870,2.00,no
2026-10-05T00:41:58.540681Z,KXSOL15M-26OCT042045-45,0.9870,8.01,no
2026-10-05T00:41:58.639624Z,KXSOL15M-26OCT042045-45,0.9880,200.00,yes
2026-10-05T00:41:58.73967Z,KXSOL15M-26OCT042045-45,0.9870,19.00,no
2026-10-05T00:41:58.927573Z,KXSOL15M-26OCT042045-45,0.9870,20.00,yes
2026-10-05T00:41:58.927573Z,KXSOL15M-26OCT042045-45,0.9880,5.28,yes
2026-10-05T00:41:59.597393Z,KXSOL15M-26OCT042045-45,0.9870,48.00,no
2026-10-05T00:41:59.597393Z,KXSOL15M-26OCT042045-45,0.9870,9.00,no
2026-10-05T00:41:59.597393Z,KXSOL15M-26OCT042045-45,0.9860,0.88,no
2026-10-05T00:41:59.597393Z,KXSOL15M-26OCT042045-45,0.9860,75.85,no
2026-10-05T00:41:59.761739Z,KXSOL15M-26OCT042045-45,0.9880,25.00,yes
2026-10-05T00:41:59.886195Z,KXSOL15M-26OCT042045-45,0.9880,1.01,yes
2026-10-05T00:42:00.17359Z,KXSOL15M-26OCT042045-45,0.9880,10.00,yes
2026-10-05T00:42:00.175018Z,KXSOL15M-26OCT042045-45,0.9880,10.00,yes
2026-10-05T00:42:00.580797Z,KXSOL15M-26OCT042045-45,0.9870,71.95,no
2026-10-05T00:42:00.781675Z,KXSOL15M-26OCT042045-45,0.9870,4.00,no
2026-10-05T00:42:00.781675Z,KXSOL15M-26OCT042045-45,0.9870,3.19,no
2026-10-05T00:42:01.270412Z,KXSOL15M-26OCT042045-45,0.9880,2.00,yes
2026-10-05T00:42:01.295262Z,KXSOL15M-26OCT042045-45,0.9880,11.00,yes
2026-10-05T00:42:01.310303Z,KXSOL15M-26OCT042045-45,0.9880,2.87,yes
2026-10-05T00:42:01.310303Z,KXSOL15M-26OCT042045-45,0.9880,30.13,yes
2026-10-05T00:42:01.317354Z,KXSOL15M-26OCT042045-45,0.9880,3.00,yes
2026-10-05T00:42:01.376389Z,KXSOL15M-26OCT042045-45,0.9890,8.00,yes
2026-10-05T00:42:01.376389Z,KXSOL15M-26OCT042045-45,0.9890,10.00,yes
2026-10-05T00:42:01.376389Z,KXSOL15M-26OCT042045-45,0.9890,1.00,yes
2026-10-05T00:42:01.376389Z,KXSOL15M-26OCT042045-45,0.9890,16.00,yes
2026-10-05T00:42:01.393304Z,KXSOL15M-26OCT042045-45,0.9890,54.00,yes
2026-10-05T00:42:01.407015Z,KXSOL15M-26OCT042045-45,0.9890,13.00,yes
2026-10-05T00:42:02.509016Z,KXSOL15M-26OCT042045-45,0.9890,3.00,yes
2026-10-05T00:42:02.541362Z,KXSOL15M-26OCT042045-45,0.9890,3.00,yes
2026-10-05T00:42:02.556502Z,KXSOL15M-26OCT042045-45,0.9880,77.94,no
2026-10-05T00:42:02.605288Z,KXSOL15M-26OCT042045-45,0.9890,11.00,yes
2026-10-05T00:42:02.605288Z,KXSOL15M-26OCT042045-45,0.9890,2.00,yes
2026-10-05T00:42:02.605288Z,KXSOL15M-26OCT042045-45,0.9890,2.00,yes
2026-10-05T00:42:02.605288Z,KXSOL15M-26OCT042045-45,0.9890,5.00,yes
2026-10-05T00:42:02.637692Z,KXSOL15M-26OCT042045-45,0.9890,6.71,yes
2026-10-05T00:42:02.63963Z,KXSOL15M-26OCT042045-45,0.9890,2.00,yes
2026-10-05T00:42:02.63963Z,KXSOL15M-26OCT042045-45,0.9890,10.00,yes
2026-10-05T00:42:02.63963Z,KXSOL15M-26OCT042045-45,0.9890,3.00,yes
2026-10-05T00:42:02.63963Z,KXSOL15M-26OCT042045-45,0.9890,8.29,yes
2026-10-05T00:42:02.63963Z,KXSOL15M-26OCT042045-45,0.9890,51.00,yes
2026-10-05T00:42:02.804406Z,KXSOL15M-26OCT042045-45,0.9860,45.00,no
2026-10-05T00:42:02.804406Z,KXSOL15M-26OCT042045-45,0.9870,13.00,no
2026-10-05T00:42:02.804406Z,KXSOL15M-26OCT042045-45,0.9890,35.00,no
2026-10-05T00:42:02.804406Z,KXSOL15M-26OCT042045-45,0.9870,1.00,no
2026-10-05T00:42:02.804406Z,KXSOL15M-26OCT042045-45,0.9880,3.00,no
2026-10-05T00:42:02.804406Z,KXSOL15M-26OCT042045-45,0.9870,3.00,no
2026-10-05T00:42:03.034549Z,KXSOL15M-26OCT042045-45,0.9900,3.00,yes
2026-10-05T00:42:03.034549Z,KXSOL15M-26OCT042045-45,0.9900,25.00,yes
2026-10-05T00:42:03.034549Z,KXSOL15M-26OCT042045-45,0.9900,22.00,yes
2026-10-05T00:42:03.141231Z,KXSOL15M-26OCT042045-45,0.9900,17.00,yes
2026-10-05T00:42:03.141231Z,KXSOL15M-26OCT042045-45,0.9900,3.00,yes
2026-10-05T00:42:03.637287Z,KXSOL15M-26OCT042045-45,0.9890,2.94,yes
2026-10-05T00:42:04.062063Z,KXSOL15M-26OCT042045-45,0.9890,0.99,yes
2026-10-05T00:42:04.42675Z,KXSOL15M-26OCT042045-45,0.9890,10.00,yes
2026-10-05T00:42:04.42675Z,KXSOL15M-26OCT042045-45,0.9890,5.00,yes
2026-10-05T00:42:04.42675Z,KXSOL15M-26OCT042045-45,0.9890,4.00,yes
2026-10-05T00:42:04.42675Z,KXSOL15M-26OCT042045-45,0.9890,6.07,yes
2026-10-05T00:42:04.42675Z,KXSOL15M-26OCT042045-45,0.9890,18.00,yes
2026-10-05T00:42:04.550752Z,KXSOL15M-26OCT042045-45,0.9900,169.89,yes
2026-10-05T00:42:04.550752Z,KXSOL15M-26OCT042045-45,0.9900,4.47,yes
2026-10-05T00:42:04.550752Z,KXSOL15M-26OCT042045-45,0.9900,0.35,yes
2026-10-05T00:42:04.550752Z,KXSOL15M-26OCT042045-45,0.9900,3.00,yes
2026-10-05T00:42:04.550752Z,KXSOL15M-26OCT042045-45,0.9900,7.37,yes
2026-10-05T00:42:04.550752Z,KXSOL15M-26OCT042045-45,0.9900,2.00,yes
2026-10-05T00:42:04.550752Z,KXSOL15M-26OCT042045-45,0.9900,3.24,yes
2026-10-05T00:42:04.550752Z,KXSOL15M-26OCT042045-45,0.9900,29.82,yes
2026-10-05T00:42:04.550752Z,KXSOL15M-26OCT042045-45,0.9900,3.86,yes
2026-10-05T00:42:05.05671Z,KXSOL15M-26OCT042045-45,0.9880,11.00,no
2026-10-05T00:42:05.05671Z,KXSOL15M-26OCT042045-45,0.9890,7.00,no
2026-10-05T00:42:05.05671Z,KXSOL15M-26OCT042045-45,0.9890,7.00,no
2026-10-05T00:42:05.079312Z,KXSOL15M-26OCT042045-45,0.9880,3.23,no
2026-10-05T00:42:05.931392Z,KXSOL15M-26OCT042045-45,0.9900,10.00,yes
2026-10-05T00:42:06.278692Z,KXSOL15M-26OCT042045-45,0.9900,120.11,yes
2026-10-05T00:42:06.278692Z,KXSOL15M-26OCT042045-45,0.9900,17.52,yes
2026-10-05T00:42:06.650944Z,KXSOL15M-26OCT042045-45,0.9900,0.28,yes
2026-10-05T00:42:06.666801Z,KXSOL15M-26OCT042045-45,0.9900,4.00,yes
2026-10-05T00:42:06.707983Z,KXSOL15M-26OCT042045-45,0.9900,5.00,yes
2026-10-05T00:42:06.914568Z,KXSOL15M-26OCT042045-45,0.9900,0.01,yes
2026-10-05T00:42:07.086583Z,KXSOL15M-26OCT042045-45,0.9890,0.85,no
2026-10-05T00:42:07.529381Z,KXSOL15M-26OCT042045-45,0.9900,25.00,yes
2026-10-05T00:42:07.529381Z,KXSOL15M-26OCT042045-45,0.9910,5.87,yes
2026-10-05T00:42:07.529381Z,KXSOL15M-26OCT042045-45,0.9910,10.00,yes
2026-10-05T00:42:07.529381Z,KXSOL15M-26OCT042045-45,0.9910,7.00,yes
2026-10-05T00:42:07.529381Z,KXSOL15M-26OCT042045-45,0.9900,2.57,yes
2026-10-05T00:42:07.600653Z,KXSOL15M-26OCT042045-45,0.9850,3.00,no
2026-10-05T00:42:07.600653Z,KXSOL15M-26OCT042045-45,0.9810,0.05,no
2026-10-05T00:42:07.600653Z,KXSOL15M-26OCT042045-45,0.9820,0.04,no
2026-10-05T00:42:07.600653Z,KXSOL15M-26OCT042045-45,0.9850,0.04,no
2026-10-05T00:42:07.600653Z,KXSOL15M-26OCT042045-45,0.9830,5.00,no
2026-10-05T00:42:07.600653Z,KXSOL15M-26OCT042045-45,0.9800,3.00,no
2026-10-05T00:42:07.600653Z,KXSOL15M-26OCT042045-45,0.9850,6.00,no
2026-10-05T00:42:07.600653Z,KXSOL15M-26OCT042045-45,0.9900,100.00,no
2026-10-05T00:42:07.600653Z,KXSOL15M-26OCT042045-45,0.9880,10.77,no
2026-10-05T00:42:07.600653Z,KXSOL15M-26OCT042045-45,0.9890,13.15,no
2026-10-05T00:42:07.600653Z,KXSOL15M-26OCT042045-45,0.9890,15.00,no
2026-10-05T00:42:07.600653Z,KXSOL15M-26OCT042045-45,0.9850,16.00,no
2026-10-05T00:42:07.600653Z,KXSOL15M-26OCT042045-45,0.9860,16.00,no
2026-10-05T00:42:07.600653Z,KXSOL15M-26OCT042045-45,0.9820,16.00,no
2026-10-05T00:42:07.600653Z,KXSOL15M-26OCT042045-45,0.9840,16.00,no
2026-10-05T00:42:07.600653Z,KXSOL15M-26OCT042045-45,0.9880,15.00,no
2026-10-05T00:42:07.600653Z,KXSOL15M-26OCT042045-45,0.9870,16.00,no
2026-10-05T00:42:07.600653Z,KXSOL15M-26OCT042045-45,0.9810,16.00,no
2026-10-05T00:42:07.600653Z,KXSOL15M-26OCT042045-45,0.9830,16.00,no
2026-10-05T00:42:07.600653Z,KXSOL15M-26OCT042045-45,0.9870,173.57,no
2026-10-05T00:42:07.600653Z,KXSOL15M-26OCT042045-45,0.9800,8.00,no
2026-10-05T00:42:07.600653Z,KXSOL15M-26OCT042045-45,0.9860,3.00,no
2026-10-05T00:42:07.600653Z,KXSOL15M-26OCT042045-45,0.9800,72.70,no
2026-10-05T00:42:07.600653Z,KXSOL15M-26OCT042045-45,0.9880,14.00,no
2026-10-05T00:42:07.600653Z,KXSOL15M-26OCT042045-45,0.9800,6.00,no
2026-10-05T00:42:07.600653Z,KXSOL15M-26OCT042045-45,0.9810,65.00,no
2026-10-05T00:42:07.600653Z,KXSOL15M-26OCT042045-45,0.9850,1.00,no
2026-10-05T00:42:08.163219Z,KXSOL15M-26OCT042045-45,0.9900,27.00,yes
2026-10-05T00:42:08.163219Z,KXSOL15M-26OCT042045-45,0.9900,5.00,yes
2026-10-05T00:42:09.322102Z,KXSOL15M-26OCT042045-45,0.9910,2.87,yes
2026-10-05T00:42:09.322102Z,KXSOL15M-26OCT042045-45,0.9910,1.13,yes
2026-10-05T00:42:09.330701Z,KXSOL15M-26OCT042045-45,0.9910,3.00,yes
2026-10-05T00:42:09.330701Z,KXSOL15M-26OCT042045-45,0.9910,1.00,yes
2026-10-05T00:42:10.915589Z,KXSOL15M-26OCT042045-45,0.9920,3.12,yes
2026-10-05T00:42:10.915589Z,KXSOL15M-26OCT042045-45,0.9910,9.00,yes
2026-10-05T00:42:10.915589Z,KXSOL15M-26OCT042045-45,0.9910,11.00,yes
2026-10-05T00:42:10.915589Z,KXSOL15M-26OCT042045-45,0.9910,3.00,yes
2026-10-05T00:42:10.915589Z,KXSOL15M-26OCT042045-45,0.9910,4.00,yes
2026-10-05T00:42:11.760008Z,KXSOL15M-26OCT042045-45,0.9920,25.18,yes
2026-10-05T00:42:12.578068Z,KXSOL15M-26OCT042045-45,0.9920,251.87,yes
2026-10-05T00:42:12.912767Z,KXSOL15M-26OCT042045-45,0.9900,76.68,no
2026-10-05T00:42:12.912767Z,KXSOL15M-26OCT042045-45,0.9910,11.00,no
2026-10-05T00:42:12.912767Z,KXSOL15M-26OCT042045-45,0.9910,7.00,no
2026-10-05T00:42:13.573929Z,KXSOL15M-26OCT042045-45,0.9910,0.05,yes
2026-10-05T00:42:14.732022Z,KXSOL15M-26OCT042045-45,0.9880,1.00,no
2026-10-05T00:42:14.732022Z,KXSOL15M-26OCT042045-45,0.9880,0.92,no
2026-10-05T00:42:14.732022Z,KXSOL15M-26OCT042045-45,0.9890,1.00,no
2026-10-05T00:42:14.732022Z,KXSOL15M-26OCT042045-45,0.9890,25.00,no
2026-10-05T00:42:14.732022Z,KXSOL15M-26OCT042045-45,0.9900,64.00,no
2026-10-05T00:42:14.732022Z,KXSOL15M-26OCT042045-45,0.9910,28.00,no
2026-10-05T00:42:14.732022Z,KXSOL15M-26OCT042045-45,0.9910,100.00,no
2026-10-05T00:42:14.732022Z,KXSOL15M-26OCT042045-45,0.9900,1.00,no
2026-10-05T00:42:14.732022Z,KXSOL15M-26OCT042045-45,0.9900,19.00,no
2026-10-05T00:42:15.039411Z,KXSOL15M-26OCT042045-45,0.9900,10.18,no
2026-10-05T00:42:15.342823Z,KXSOL15M-26OCT042045-45,0.9920,19.84,yes
2026-10-05T00:42:15.342823Z,KXSOL15M-26OCT042045-45,0.9910,8.00,yes
2026-10-05T00:42:15.342823Z,KXSOL15M-26OCT042045-45,0.9910,16.00,yes
2026-10-05T00:42:15.342823Z,KXSOL15M-26OCT042045-45,0.9920,6.16,yes
2026-10-05T00:42:19.000321Z,KXSOL15M-26OCT042045-45,0.9920,3.16,yes
2026-10-05T00:42:19.000321Z,KXSOL15M-26OCT042045-45,0.9920,1.84,yes
2026-10-05T00:42:19.087357Z,KXSOL15M-26OCT042045-45,0.9920,0.16,yes
2026-10-05T00:42:19.087357Z,KXSOL15M-26OCT042045-45,0.9920,6.84,yes
2026-10-05T00:42:19.093374Z,KXSOL15M-26OCT042045-45,0.9920,3.00,yes
2026-10-05T00:42:20.039746Z,KXSOL15M-26OCT042045-45,0.9920,1.00,yes
2026-10-05T00:42:21.069294Z,KXSOL15M-26OCT042045-45,0.9920,9.00,yes
2026-10-05T00:42:21.069294Z,KXSOL15M-26OCT042045-45,0.9920,7.00,yes
2026-10-05T00:42:21.069294Z,KXSOL15M-26OCT042045-45,0.9920,11.00,yes
2026-10-05T00:42:21.069294Z,KXSOL15M-26OCT042045-45,0.9920,8.00,yes
2026-10-05T00:42:22.295277Z,KXSOL15M-26OCT042045-45,0.9920,1.00,yes
2026-10-05T00:42:22.34488Z,KXSOL15M-26OCT042045-45,0.9910,99.75,no
2026-10-05T00:42:22.52602Z,KXSOL15M-26OCT042045-45,0.9920,7.00,yes
2026-10-05T00:42:22.529359Z,KXSOL15M-26OCT042045-45,0.9920,1.00,yes
2026-10-05T00:42:22.529359Z,KXSOL15M-26OCT042045-45,0.9920,10.00,yes
2026-10-05T00:42:23.211297Z,KXSOL15M-26OCT042045-45,0.9930,100.65,yes
2026-10-05T00:42:23.214971Z,KXSOL15M-26OCT042045-45,0.9930,5.00,yes
2026-10-05T00:42:23.843367Z,KXSOL15M-26OCT042045-45,0.9920,30.98,no
2026-10-05T00:42:24.886808Z,KXSOL15M-26OCT042045-45,0.9930,0.55,yes
2026-10-05T00:42:25.637121Z,KXSOL15M-26OCT042045-45,0.9930,9.00,yes
2026-10-05T00:42:25.637121Z,KXSOL15M-26OCT042045-45,0.9930,0.13,yes
2026-10-05T00:42:25.637121Z,KXSOL15M-26OCT042045-45,0.9940,7.08,yes
2026-10-05T00:42:26.736736Z,KXSOL15M-26OCT042045-45,0.9940,25.14,yes
2026-10-05T00:42:27.442961Z,KXSOL15M-26OCT042045-45,0.9940,4.69,yes
2026-10-05T00:42:28.568638Z,KXSOL15M-26OCT042045-45,0.9930,3.03,no
2026-10-05T00:42:28.737458Z,KXSOL15M-26OCT042045-45,0.9940,7.00,yes
2026-10-05T00:42:28.737458Z,KXSOL15M-26OCT042045-45,0.9940,4.00,yes
2026-10-05T00:42:28.744978Z,KXSOL15M-26OCT042045-45,0.9940,4.00,yes
2026-10-05T00:42:29.101706Z,KXSOL15M-26OCT042045-45,0.9940,7.00,yes
2026-10-05T00:42:29.101706Z,KXSOL15M-26OCT042045-45,0.9950,20.00,yes
2026-10-05T00:42:29.101706Z,KXSOL15M-26OCT042045-45,0.9940,2.00,yes
2026-10-05T00:42:29.101706Z,KXSOL15M-26OCT042045-45,0.9950,5.00,yes
2026-10-05T00:42:29.101706Z,KXSOL15M-26OCT042045-45,0.9950,600.00,yes
2026-10-05T00:42:29.101706Z,KXSOL15M-26OCT042045-45,0.9950,11.00,yes
2026-10-05T00:42:29.639976Z,KXSOL15M-26OCT042045-45,0.9950,6.00,yes
2026-10-05T00:42:30.088009Z,KXSOL15M-26OCT042045-45,0.9960,18.00,yes
2026-10-05T00:42:30.094292Z,KXSOL15M-26OCT042045-45,0.9960,4.00,yes
2026-10-05T00:42:30.101435Z,KXSOL15M-26OCT042045-45,0.9960,1.00,yes
2026-10-05T00:42:30.138437Z,KXSOL15M-26OCT042045-45,0.9960,4.00,yes
2026-10-05T00:42:30.190283Z,KXSOL15M-26OCT042045-45,0.9960,40.99,yes
2026-10-05T00:42:30.282873Z,KXSOL15M-26OCT042045-45,0.9950,18.69,no
2026-10-05T00:42:30.694796Z,KXSOL15M-26OCT042045-45,0.9950,2.00,no
2026-10-05T00:42:30.834797Z,KXSOL15M-26OCT042045-45,0.9960,7.00,yes
2026-10-05T00:42:30.84039Z,KXSOL15M-26OCT042045-45,0.9960,1.00,yes
2026-10-05T00:42:30.846022Z,KXSOL15M-26OCT042045-45,0.9960,1.00,yes
2026-10-05T00:42:32.07603Z,KXSOL15M-26OCT042045-45,0.9950,0.94,no
2026-10-05T00:42:32.07603Z,KXSOL15M-26OCT042045-45,0.9950,3.00,no
2026-10-05T00:42:32.637547Z,KXSOL15M-26OCT042045-45,0.9960,5.02,yes
2026-10-05T00:42:32.637547Z,KXSOL15M-26OCT042045-45,0.9960,5.01,yes
2026-10-05T00:42:33.843505Z,KXSOL15M-26OCT042045-45,0.9960,5.02,yes
2026-10-05T00:42:35.351921Z,KXSOL15M-26OCT042045-45,0.9950,0.06,no
2026-10-05T00:42:35.351921Z,KXSOL15M-26OCT042045-45,0.9950,26.06,no
2026-10-05T00:42:35.351921Z,KXSOL15M-26OCT042045-45,0.9940,24.55,no
2026-10-05T00:42:35.823921Z,KXSOL15M-26OCT042045-45,0.9950,10.00,no
2026-10-05T00:42:35.823921Z,KXSOL15M-26OCT042045-45,0.9940,0.06,no
2026-10-05T00:42:35.823921Z,KXSOL15M-26OCT042045-45,0.9930,39.99,no
2026-10-05T00:42:36.225594Z,KXSOL15M-26OCT042045-45,0.9960,10.00,yes
2026-10-05T00:42:36.225594Z,KXSOL15M-26OCT042045-45,0.9960,56.32,yes
2026-10-05T00:42:36.225594Z,KXSOL15M-26OCT042045-45,0.9960,6.00,yes
2026-10-05T00:42:36.225594Z,KXSOL15M-26OCT042045-45,0.9960,1.00,yes
2026-10-05T00:42:36.225594Z,KXSOL15M-26OCT042045-45,0.9960,7.98,yes
2026-10-05T00:42:36.225594Z,KXSOL15M-26OCT042045-45,0.9960,1.00,yes
2026-10-05T00:42:36.225594Z,KXSOL15M-26OCT042045-45,0.9960,1.00,yes
2026-10-05T00:42:36.225594Z,KXSOL15M-26OCT042045-45,0.9960,1.00,yes
2026-10-05T00:42:36.225594Z,KXSOL15M-26OCT042045-45,0.9960,1.00,yes
2026-10-05T00:42:36.955224Z,KXSOL15M-26OCT042045-45,0.9930,0.06,no
2026-10-05T00:42:36.955224Z,KXSOL15M-26OCT042045-45,0.9910,3.00,no
2026-10-05T00:42:36.955224Z,KXSOL15M-26OCT042045-45,0.9930,73.01,no
2026-10-05T00:42:36.955224Z,KXSOL15M-26OCT042045-45,0.9920,112.00,no
2026-10-05T00:42:36.955224Z,KXSOL15M-26OCT042045-45,0.9910,112.00,no
2026-10-05T00:42:36.955224Z,KXSOL15M-26OCT042045-45,0.9950,100.00,no
2026-10-05T00:42:36.955224Z,KXSOL15M-26OCT042045-45,0.9950,43.00,no
2026-10-05T00:42:36.955224Z,KXSOL15M-26OCT042045-45,0.9920,3.00,no
2026-10-05T00:42:36.955224Z,KXSOL15M-26OCT042045-45,0.9920,0.07,no
2026-10-05T00:42:36.955224Z,KXSOL15M-26OCT042045-45,0.9910,39.00,no
2026-10-05T00:42:36.955224Z,KXSOL15M-26OCT042045-45,0.9910,1.00,no
2026-10-05T00:42:36.955224Z,KXSOL15M-26OCT042045-45,0.9920,1.00,no
2026-10-05T00:42:36.955224Z,KXSOL15M-26OCT042045-45,0.9910,6.00,no
2026-10-05T00:42:36.955224Z,KXSOL15M-26OCT042045-45,0.9920,6.00,no
2026-10-05T00:42:36.955224Z,KXSOL15M-26OCT042045-45,0.9920,1.00,no
2026-10-05T00:42:36.955224Z,KXSOL15M-26OCT042045-45,0.9910,1.00,no
2026-10-05T00:42:36.955224Z,KXSOL15M-26OCT042045-45,0.9930,1.00,no
2026-10-05T00:42:36.955224Z,KXSOL15M-26OCT042045-45,0.9910,18.00,no
2026-10-05T00:42:36.955224Z,KXSOL15M-26OCT042045-45,0.9900,81.36,no
2026-10-05T00:42:37.078758Z,KXSOL15M-26OCT042045-45,0.9950,29.00,yes
2026-10-05T00:42:37.078758Z,KXSOL15M-26OCT042045-45,0.9950,6.00,yes
2026-10-05T00:42:38.431071Z,KXSOL15M-26OCT042045-45,0.9950,27.15,no
2026-10-05T00:42:38.909483Z,KXSOL15M-26OCT042045-45,0.9960,5.00,yes
2026-10-05T00:42:38.968704Z,KXSOL15M-26OCT042045-45,0.9960,4.00,yes
2026-10-05T00:42:38.968704Z,KXSOL15M-26OCT042045-45,0.9960,6.00,yes
2026-10-05T00:42:38.968704Z,KXSOL15M-26OCT042045-45,0.9960,5.00,yes
2026-10-05T00:42:38.975523Z,KXSOL15M-26OCT042045-45,0.9960,5.00,yes
2026-10-05T00:42:38.981352Z,KXSOL15M-26OCT042045-45,0.9960,1.00,yes
2026-10-05T00:42:39.065899Z,KXSOL15M-26OCT042045-45,0.9950,8.57,no
2026-10-05T00:42:39.088535Z,KXSOL15M-26OCT042045-45,0.9960,4.00,yes
2026-10-05T00:42:39.088535Z,KXSOL15M-26OCT042045-45,0.9960,6.00,yes
2026-10-05T00:42:40.051053Z,KXSOL15M-26OCT042045-45,0.9950,2.00,no
2026-10-05T00:42:40.664156Z,KXSOL15M-26OCT042045-45,0.9950,47.00,yes
2026-10-05T00:42:41.422431Z,KXSOL15M-26OCT042045-45,0.9950,17.00,no
2026-10-05T00:42:41.422431Z,KXSOL15M-26OCT042045-45,0.9950,21.00,no
2026-10-05T00:42:41.422431Z,KXSOL15M-26OCT042045-45,0.9950,41.66,no
2026-10-05T00:42:41.431314Z,KXSOL15M-26OCT042045-45,0.9950,4.24,no
2026-10-05T00:42:42.062737Z,KXSOL15M-26OCT042045-45,0.9950,14.00,yes
2026-10-05T00:42:42.062737Z,KXSOL15M-26OCT042045-45,0.9950,21.00,yes
2026-10-05T00:42:42.795776Z,KXSOL15M-26OCT042045-45,0.9960,2.52,yes
2026-10-05T00:42:42.795776Z,KXSOL15M-26OCT042045-45,0.9960,36.00,yes
2026-10-05T00:42:44.138322Z,KXSOL15M-26OCT042045-45,0.9960,1.61,yes
2026-10-05T00:42:45.201978Z,KXSOL15M-26OCT042045-45,0.9950,25.28,no
2026-10-05T00:42:48.15966Z,KXSOL15M-26OCT042045-45,0.9960,10.00,yes
2026-10-05T00:42:48.15966Z,KXSOL15M-26OCT042045-45,0.9960,6.00,yes
2026-10-05T00:42:48.167373Z,KXSOL15M-26OCT042045-45,0.9960,6.00,yes
2026-10-05T00:42:48.321616Z,KXSOL15M-26OCT042045-45,0.9970,11.00,yes
2026-10-05T00:42:48.329176Z,KXSOL15M-26OCT042045-45,0.9970,11.00,yes
2026-10-05T00:42:49.118895Z,KXSOL15M-26OCT042045-45,0.9960,3.16,no
2026-10-05T00:42:49.711323Z,KXSOL15M-26OCT042045-45,0.9970,46.60,yes
2026-10-05T00:42:49.997383Z,KXSOL15M-26OCT042045-45,0.9960,2.02,no
2026-10-05T00:42:50.221233Z,KXSOL15M-26OCT042045-45,0.9960,2.15,no
2026-10-05T00:42:51.231328Z,KXSOL15M-26OCT042045-45,0.9970,3.00,yes
2026-10-05T00:42:51.334899Z,KXSOL15M-26OCT042045-45,0.9970,7.00,yes
2026-10-05T00:42:51.339119Z,KXSOL15M-26OCT042045-45,0.9970,5.00,yes
2026-10-05T00:42:51.343687Z,KXSOL15M-26OCT042045-45,0.9970,2.00,yes
2026-10-05T00:42:51.593279Z,KXSOL15M-26OCT042045-45,0.9970,39.00,yes
2026-10-05T00:42:51.599529Z,KXSOL15M-26OCT042045-45,0.9970,18.00,yes
2026-10-05T00:42:51.606434Z,KXSOL15M-26OCT042045-45,0.9970,7.00,yes
2026-10-05T00:42:51.61805Z,KXSOL15M-26OCT042045-45,0.9970,18.00,yes
2026-10-05T00:42:51.632805Z,KXSOL15M-26OCT042045-45,0.9970,7.00,yes
2026-10-05T00:42:51.996566Z,KXSOL15M-26OCT042045-45,0.9970,29.00,yes
2026-10-05T00:42:52.002704Z,KXSOL15M-26OCT042045-45,0.9970,18.00,yes
2026-10-05T00:42:52.008044Z,KXSOL15M-26OCT042045-45,0.9970,7.00,yes
2026-10-05T00:42:52.015792Z,KXSOL15M-26OCT042045-45,0.9970,7.00,yes
2026-10-05T00:42:53.453389Z,KXSOL15M-26OCT042045-45,0.9960,2.67,no
2026-10-05T00:42:53.453389Z,KXSOL15M-26OCT042045-45,0.9960,54.60,no
2026-10-05T00:42:53.828545Z,KXSOL15M-26OCT042045-45,0.9960,1.37,no
2026-10-05T00:42:53.828545Z,KXSOL15M-26OCT042045-45,0.9960,11.00,no
2026-10-05T00:42:53.828545Z,KXSOL15M-26OCT042045-45,0.9960,11.00,no
2026-10-05T00:42:54.987469Z,KXSOL15M-26OCT042045-45,0.9960,5.00,no
2026-10-05T00:42:54.994322Z,KXSOL15M-26OCT042045-45,0.9960,3.00,no
2026-10-05T00:42:54.999904Z,KXSOL15M-26OCT042045-45,0.9960,2.00,no
2026-10-05T00:42:55.0064Z,KXSOL15M-26OCT042045-45,0.9960,1.00,no
2026-10-05T00:42:55.774763Z,KXSOL15M-26OCT042045-45,0.9970,7.97,yes
2026-10-05T00:42:55.926098Z,KXSOL15M-26OCT042045-45,0.9970,22.00,yes
2026-10-05T00:43:00.300301Z,KXSOL15M-26OCT042045-45,0.9970,1.00,yes
2026-10-05T00:43:01.865612Z,KXSOL15M-26OCT042045-45,0.9980,5.00,yes
2026-10-05T00:43:01.865612Z,KXSOL15M-26OCT042045-45,0.9980,1562.50,yes
2026-10-05T00:43:01.865612Z,KXSOL15M-26OCT042045-45,0.9970,2.00,yes
2026-10-05T00:43:01.865612Z,KXSOL15M-26OCT042045-45,0.9970,69.00,yes
2026-10-05T00:43:01.865612Z,KXSOL15M-26OCT042045-45,0.9980,100.00,yes
2026-10-05T00:43:01.865612Z,KXSOL15M-26OCT042045-45,0.9990,529.37,yes
2026-10-05T00:43:01.865612Z,KXSOL15M-26OCT042045-45,0.9990,300.00,yes
2026-10-05T00:43:01.865612Z,KXSOL15M-26OCT042045-45,0.9980,550.00,yes
2026-10-05T00:43:01.865612Z,KXSOL15M-26OCT042045-45,0.9980,500.00,yes
2026-10-05T00:43:01.865612Z,KXSOL15M-26OCT042045-45,0.9980,1000.00,yes
2026-10-05T00:43:01.865612Z,KXSOL15M-26OCT042045-45,0.9980,500.00,yes
2026-10-05T00:43:01.865612Z,KXSOL15M-26OCT042045-45,0.9970,5.43,yes
2026-10-05T00:43:01.865612Z,KXSOL15M-26OCT042045-45,0.9980,26.00,yes
2026-10-05T00:43:01.865612Z,KXSOL15M-26OCT042045-45,0.9970,18.00,yes
2026-10-05T00:43:01.865612Z,KXSOL15M-26OCT042045-45,0.9980,3.00,yes
2026-10-05T00:43:01.865612Z,KXSOL15M-26OCT042045-45,0.9980,3.00,yes
2026-10-05T00:43:01.865612Z,KXSOL15M-26OCT042045-45,0.9970,2.00,yes
2026-10-05T00:43:01.865612Z,KXSOL15M-26OCT042045-45,0.9980,100.00,yes
2026-10-05T00:43:01.865612Z,KXSOL15M-26OCT042045-45,0.9980,3.00,yes
2026-10-05T00:43:01.865612Z,KXSOL15M-26OCT042045-45,0.9970,2.00,yes
2026-10-05T00:43:01.865612Z,KXSOL15M-26OCT042045-45,0.9970,2.00,yes
2026-10-05T00:43:01.865612Z,KXSOL15M-26OCT042045-45,0.9970,2.00,yes
2026-10-05T00:43:01.865612Z,KXSOL15M-26OCT042045-45,0.9980,3.00,yes
2026-10-05T00:43:01.865612Z,KXSOL15M-26OCT042045-45,0.9970,2.00,yes
2026-10-05T00:43:01.865612Z,KXSOL15M-26OCT042045-45,0.9980,3.00,yes
2026-10-05T00:43:01.865612Z,KXSOL15M-26OCT042045-45,0.9980,30.00,yes
2026-10-05T00:43:01.865612Z,KXSOL15M-26OCT042045-45,0.9970,30.00,yes
2026-10-05T00:43:02.786352Z,KXSOL15M-26OCT042045-45,0.9960,7.00,no
2026-10-05T00:43:02.786352Z,KXSOL15M-26OCT042045-45,0.9960,3.00,no
2026-10-05T00:43:02.786352Z,KXSOL15M-26OCT042045-45,0.9960,5.00,no
2026-10-05T00:43:02.786352Z,KXSOL15M-26OCT042045-45,0.9960,18.77,no
2026-10-05T00:43:02.786352Z,KXSOL15M-26OCT042045-45,0.9960,2.00,no
2026-10-05T00:43:02.786352Z,KXSOL15M-26OCT042045-45,0.9960,34.23,no
2026-10-05T00:43:04.595617Z,KXSOL15M-26OCT042045-45,0.9990,24.53,yes
2026-10-05T00:43:05.556913Z,KXSOL15M-26OCT042045-45,0.9980,7.00,yes
2026-10-05T00:43:05.556913Z,KXSOL15M-26OCT042045-45,0.9980,43.00,yes
2026-10-05T00:43:06.830133Z,KXSOL15M-26OCT042045-45,0.9990,338.93,yes
2026-10-05T00:43:09.723145Z,KXSOL15M-26OCT042045-45,0.9970,1.00,no
2026-10-05T00:43:09.723145Z,KXSOL15M-26OCT042045-45,0.9970,30.00,no
2026-10-05T00:43:09.723145Z,KXSOL15M-26OCT042045-45,0.9970,20.00,no
2026-10-05T00:43:09.838619Z,KXSOL15M-26OCT042045-45,0.9980,24.53,yes
2026-10-05T00:43:09.83905Z,KXSOL15M-26OCT042045-45,0.9980,10.00,yes
2026-10-05T00:43:09.83905Z,KXSOL15M-26OCT042045-45,0.9980,51.00,yes
2026-10-05T00:43:09.83905Z,KXSOL15M-26OCT042045-45,0.9980,21.47,yes
2026-10-05T00:43:09.83905Z,KXSOL15M-26OCT042045-45,0.9980,16.00,yes
2026-10-05T00:43:09.882558Z,KXSOL15M-26OCT042045-45,0.9980,26.00,no
2026-10-05T00:43:09.950772Z,KXSOL15M-26OCT042045-45,0.9990,6.72,yes
2026-10-05T00:43:10.356511Z,KXSOL15M-26OCT042045-45,0.9990,2.28,yes
2026-10-05T00:43:12.972248Z,KXSOL15M-26OCT042045-45,0.9980,114.50,no
2026-10-05T00:43:13.046711Z,KXSOL15M-26OCT042045-45,0.9980,3.06,no
2026-10-05T00:43:13.209045Z,KXSOL15M-26OCT042045-45,0.9990,32.02,yes
2026-10-05T00:43:15.647155Z,KXSOL15M-26OCT042045-45,0.9980,77.55,no
2026-10-05T00:43:16.446697Z,KXSOL15M-26OCT042045-45,0.9980,100.00,no
2026-10-05T00:43:16.978393Z,KXSOL15M-26OCT042045-45,0.9980,338.93,no
2026-10-05T00:43:16.978393Z,KXSOL15M-26OCT042045-45,0.9980,9.29,no
2026-10-05T00:43:16.978393Z,KXSOL15M-26OCT042045-45,0.9980,109.79,no
2026-10-05T00:43:17.305531Z,KXSOL15M-26OCT042045-45,0.9980,91.62,no
2026-10-05T00:43:18.099616Z,KXSOL15M-26OCT042045-45,0.9980,140.06,no
2026-10-05T00:43:21.989215Z,KXSOL15M-26OCT042045-45,0.9990,41.02,yes
2026-10-05T00:43:23.737341Z,KXSOL15M-26OCT042045-45,0.9990,200.00,yes
2026-10-05T00:43:24.468868Z,KXSOL15M-26OCT042045-45,0.9980,45.80,no
2026-10-05T00:43:25.824444Z,KXSOL15M-26OCT042045-45,0.9990,100.10,yes
2026-10-05T00:43:26.605757Z,KXSOL15M-26OCT042045-45,0.9990,158.88,yes
2026-10-05T00:43:26.605757Z,KXSOL15M-26OCT042045-45,0.9990,39.88,yes
2026-10-05T00:43:28.585005Z,KXSOL15M-26OCT042045-45,0.9990,50.96,yes
2026-10-05T00:43:29.865432Z,KXSOL15M-26OCT042045-45,0.9990,25.02,yes
2026-10-05T00:43:30.830891Z,KXSOL15M-26OCT042045-45,0.9990,53.00,yes
2026-10-05T00:43:35.527237Z,KXSOL15M-26OCT042045-45,0.9990,48.00,yes
2026-10-05T00:43:35.527237Z,KXSOL15M-26OCT042045-45,0.9990,32.97,yes
2026-10-05T00:43:35.527237Z,KXSOL15M-26OCT042045-45,0.9990,0.25,yes
2026-10-05T00:43:35.527237Z,KXSOL15M-26OCT042045-45,0.9990,1.00,yes
2026-10-05T00:43:35.527237Z,KXSOL15M-26OCT042045-45,0.9990,1.00,yes
2026-10-05T00:43:35.527237Z,KXSOL15M-26OCT042045-45,0.9990,31.14,yes
2026-10-05T00:43:35.527237Z,KXSOL15M-26OCT042045-45,0.9990,1.00,yes
2026-10-05T00:43:41.586475Z,KXSOL15M-26OCT042045-45,0.9990,508.36,no
2026-10-05T00:43:41.586475Z,KXSOL15M-26OCT042045-45,0.9990,154.00,no
2026-10-05T00:43:41.586475Z,KXSOL15M-26OCT042045-45,0.9990,18.00,no
2026-10-05T00:43:41.586475Z,KXSOL15M-26OCT042045-45,0.9990,29.00,no
2026-10-05T00:43:41.586475Z,KXSOL15M-26OCT042045-45,0.9990,7.97,no
2026-10-05T00:43:41.586475Z,KXSOL15M-26OCT042045-45,0.9990,22.00,no
2026-10-05T00:43:41.586475Z,KXSOL15M-26OCT042045-45,0.9990,7.00,no
2026-10-05T00:43:41.586475Z,KXSOL15M-26OCT042045-45,0.9990,20.23,no
2026-10-05T00:43:41.586475Z,KXSOL15M-26OCT042045-45,0.9990,18.00,no
2026-10-05T00:43:41.586475Z,KXSOL15M-26OCT042045-45,0.9990,7.00,no
2026-10-05T00:43:41.586475Z,KXSOL15M-26OCT042045-45,0.9990,18.00,no
2026-10-05T00:43:41.586475Z,KXSOL15M-26OCT042045-45,0.9990,100.00,no
2026-10-05T00:43:41.586475Z,KXSOL15M-26OCT042045-45,0.9990,5.43,no
2026-10-05T00:43:41.586475Z,KXSOL15M-26OCT042045-45,0.9990,1.00,no
2026-10-05T00:43:49.240079Z,KXSOL15M-26OCT042045-45,0.9990,747.37,no
2026-10-05T00:43:49.240079Z,KXSOL15M-26OCT042045-45,0.9990,180.32,no
2026-10-05T00:43:49.240079Z,KXSOL15M-26OCT042045-45,0.9990,7.00,no
2026-10-05T00:43:51.797895Z,KXSOL15M-26OCT042045-45,0.9990,129.36,no
2026-10-05T00:43:51.797895Z,KXSOL15M-26OCT042045-45,0.9990,2.00,no
2026-10-05T00:43:51.797895Z,KXSOL15M-26OCT042045-45,0.9990,319.68,no
2026-10-05T00:43:51.797895Z,KXSOL15M-26OCT042045-45,0.9990,7.00,no
2026-10-05T00:43:58.420656Z,KXSOL15M-26OCT042045-45,0.9990,9.20,no
2026-10-05T00:44:04.692465Z,KXSOL15M-26OCT042045-45,0.9990,934.69,no
2026-10-05T00:44:06.144323Z,KXSOL15M-26OCT042045-45,0.9990,10.03,no
2026-10-05T00:44:07.273549Z,KXSOL15M-26OCT042045-45,0.9990,518.72,no
2026-10-05T00:44:07.273549Z,KXSOL15M-26OCT042045-45,0.9990,5.00,no
2026-10-05T00:44:07.273549Z,KXSOL15M-26OCT042045-45,0.9990,238.27,no
2026-10-05T00:44:07.273549Z,KXSOL15M-26OCT042045-45,0.9990,1.00,no
2026-10-05T00:44:07.273549Z,KXSOL15M-26OCT042045-45,0.9990,153.00,no
2026-10-05T00:44:09.365563Z,KXSOL15M-26OCT042045-45,0.9990,19.86,no
2026-10-05T00:44:15.159093Z,KXSOL15M-26OCT042045-45,0.9990,897.30,no
2026-10-05T00:44:19.976153Z,KXSOL15M-26OCT042045-45,0.9990,10.65,no
2026-10-05T00:44:20.190113Z,KXSOL15M-26OCT042045-45,0.9990,535.37,no
2026-10-05T00:44:20.190113Z,KXSOL15M-26OCT042045-45,0.9990,1333.92,no
2026-10-05T00:44:25.425006Z,KXSOL15M-26OCT042045-45,0.9990,9.20,no
2026-10-05T00:44:36.059987Z,KXSOL15M-26OCT042045-45,0.9990,55.43,no
2026-10-05T00:44:36.059987Z,KXSOL15M-26OCT042045-45,0.9990,206.84,no
2026-10-05T00:44:36.059987Z,KXSOL15M-26OCT042045-45,0.9990,1.00,no
2026-10-05T00:44:38.952589Z,KXSOL15M-26OCT042045-45,0.9990,10.59,no
2026-10-05T00:44:55.476782Z,KXSOL15M-26OCT042045-45,0.9990,45.85,no
2026-10-05T00:41:33.493479Z,KXBNB15M-26OCT042045-45,0.9830,13.96,no
2026-10-05T00:41:33.493479Z,KXBNB15M-26OCT042045-45,0.9840,20.00,no
2026-10-05T00:41:33.493479Z,KXBNB15M-26OCT042045-45,0.9850,20.00,no
2026-10-05T00:41:33.493479Z,KXBNB15M-26OCT042045-45,0.9840,2.00,no
2026-10-05T00:41:33.493479Z,KXBNB15M-26OCT042045-45,0.9850,2.00,no
2026-10-05T00:41:33.659928Z,KXBNB15M-26OCT042045-45,0.9870,1.01,yes
2026-10-05T00:41:33.996495Z,KXBNB15M-26OCT042045-45,0.9870,7.00,yes
2026-10-05T00:41:34.042726Z,KXBNB15M-26OCT042045-45,0.9820,2.00,no
2026-10-05T00:41:34.042726Z,KXBNB15M-26OCT042045-45,0.9810,2.00,no
2026-10-05T00:41:34.042726Z,KXBNB15M-26OCT042045-45,0.9690,18.49,no
2026-10-05T00:41:34.042726Z,KXBNB15M-26OCT042045-45,0.9690,4.00,no
2026-10-05T00:41:34.042726Z,KXBNB15M-26OCT042045-45,0.9790,5.00,no
2026-10-05T00:41:34.042726Z,KXBNB15M-26OCT042045-45,0.9820,20.00,no
2026-10-05T00:41:34.042726Z,KXBNB15M-26OCT042045-45,0.9830,6.04,no
2026-10-05T00:41:34.042726Z,KXBNB15M-26OCT042045-45,0.9800,20.00,no
2026-10-05T00:41:34.042726Z,KXBNB15M-26OCT042045-45,0.9810,20.00,no
2026-10-05T00:41:34.042726Z,KXBNB15M-26OCT042045-45,0.9790,5.59,no
2026-10-05T00:41:34.042726Z,KXBNB15M-26OCT042045-45,0.9790,9.41,no
2026-10-05T00:41:34.166228Z,KXBNB15M-26OCT042045-45,0.9870,1.00,yes
2026-10-05T00:41:34.578673Z,KXBNB15M-26OCT042045-45,0.9700,28.09,no
2026-10-05T00:41:34.578673Z,KXBNB15M-26OCT042045-45,0.9810,2.00,no
2026-10-05T00:41:34.578673Z,KXBNB15M-26OCT042045-45,0.9800,2.00,no
2026-10-05T00:41:35.075832Z,KXBNB15M-26OCT042045-45,0.9870,10.00,yes
2026-10-05T00:41:35.076045Z,KXBNB15M-26OCT042045-45,0.9870,10.00,yes
2026-10-05T00:41:35.967577Z,KXBNB15M-26OCT042045-45,0.9790,2.00,no
2026-10-05T00:41:35.967577Z,KXBNB15M-26OCT042045-45,0.9700,28.09,no
2026-10-05T00:41:35.967577Z,KXBNB15M-26OCT042045-45,0.9780,2.00,no
2026-10-05T00:41:39.051261Z,KXBNB15M-26OCT042045-45,0.9780,2.00,no
2026-10-05T00:41:39.051261Z,KXBNB15M-26OCT042045-45,0.9700,17.78,no
2026-10-05T00:41:39.051261Z,KXBNB15M-26OCT042045-45,0.9790,2.00,no
2026-10-05T00:41:42.234014Z,KXBNB15M-26OCT042045-45,0.9690,34.00,no
2026-10-05T00:41:42.234014Z,KXBNB15M-26OCT042045-45,0.9590,58.47,no
2026-10-05T00:41:42.234014Z,KXBNB15M-26OCT042045-45,0.9590,25.00,no
2026-10-05T00:41:42.234014Z,KXBNB15M-26OCT042045-45,0.9690,6.00,no
2026-10-05T00:41:42.234014Z,KXBNB15M-26OCT042045-45,0.9770,2.00,no
2026-10-05T00:41:42.234014Z,KXBNB15M-26OCT042045-45,0.9780,2.00,no
2026-10-05T00:41:42.234014Z,KXBNB15M-26OCT042045-45,0.9590,100.00,no
2026-10-05T00:41:42.234014Z,KXBNB15M-26OCT042045-45,0.9590,6.00,no
2026-10-05T00:41:42.234014Z,KXBNB15M-26OCT042045-45,0.9690,5.00,no
2026-10-05T00:41:42.234014Z,KXBNB15M-26OCT042045-45,0.9760,4.00,no
2026-10-05T00:41:49.800458Z,KXBNB15M-26OCT042045-45,0.9850,8.11,yes
2026-10-05T00:41:54.938997Z,KXBNB15M-26OCT042045-45,0.9850,1.00,yes
2026-10-05T00:41:54.953573Z,KXBNB15M-26OCT042045-45,0.9850,0.89,yes
2026-10-05T00:41:54.971799Z,KXBNB15M-26OCT042045-45,0.9860,25.00,yes
2026-10-05T00:41:54.971799Z,KXBNB15M-26OCT042045-45,0.9870,37.00,yes
2026-10-05T00:41:59.385151Z,KXBNB15M-26OCT042045-45,0.9710,9.04,no
2026-10-05T00:41:59.385151Z,KXBNB15M-26OCT042045-45,0.9800,5.00,no
2026-10-05T00:41:59.385151Z,KXBNB15M-26OCT042045-45,0.9860,2.00,no
2026-10-05T00:41:59.385151Z,KXBNB15M-26OCT042045-45,0.9850,28.00,no
2026-10-05T00:41:59.385151Z,KXBNB15M-26OCT042045-45,0.9850,2.00,no
2026-10-05T00:41:59.385151Z,KXBNB15M-26OCT042045-45,0.9790,4.00,no
2026-10-05T00:42:00.539006Z,KXBNB15M-26OCT042045-45,0.9860,5.00,yes
2026-10-05T00:42:00.710224Z,KXBNB15M-26OCT042045-45,0.9860,60.00,yes
2026-10-05T00:42:01.277059Z,KXBNB15M-26OCT042045-45,0.9860,2.00,yes
2026-10-05T00:42:01.598493Z,KXBNB15M-26OCT042045-45,0.9860,25.00,yes
2026-10-05T00:42:01.598493Z,KXBNB15M-26OCT042045-45,0.9860,3.00,yes
2026-10-05T00:42:01.598493Z,KXBNB15M-26OCT042045-45,0.9870,22.00,yes
2026-10-05T00:42:01.625862Z,KXBNB15M-26OCT042045-45,0.9870,2.01,yes
2026-10-05T00:42:01.625862Z,KXBNB15M-26OCT042045-45,0.9870,47.99,yes
2026-10-05T00:42:01.714805Z,KXBNB15M-26OCT042045-45,0.9870,10.00,yes
2026-10-05T00:42:05.600628Z,KXBNB15M-26OCT042045-45,0.9880,28.00,yes
2026-10-05T00:42:05.600628Z,KXBNB15M-26OCT042045-45,0.9880,8.00,yes
2026-10-05T00:42:05.600628Z,KXBNB15M-26OCT042045-45,0.9890,2.00,yes
2026-10-05T00:42:05.600628Z,KXBNB15M-26OCT042045-45,0.9890,12.55,yes
2026-10-05T00:42:12.149273Z,KXBNB15M-26OCT042045-45,0.9890,3.00,yes
2026-10-05T00:42:12.149273Z,KXBNB15M-26OCT042045-45,0.9890,9.00,yes
2026-10-05T00:42:12.149273Z,KXBNB15M-26OCT042045-45,0.9900,25.55,yes
2026-10-05T00:42:12.149273Z,KXBNB15M-26OCT042045-45,0.9890,4.00,yes
2026-10-05T00:42:12.149273Z,KXBNB15M-26OCT042045-45,0.9900,20.00,yes
2026-10-05T00:42:12.149273Z,KXBNB15M-26OCT042045-45,0.9900,2.00,yes
2026-10-05T00:42:12.149273Z,KXBNB15M-26OCT042045-45,0.9890,1.45,yes
2026-10-05T00:42:12.149273Z,KXBNB15M-26OCT042045-45,0.9900,25.00,yes
2026-10-05T00:42:12.149273Z,KXBNB15M-26OCT042045-45,0.9890,1.00,yes
2026-10-05T00:42:12.149273Z,KXBNB15M-26OCT042045-45,0.9900,1.00,yes
2026-10-05T00:42:12.149273Z,KXBNB15M-26OCT042045-45,0.9890,9.00,yes
2026-10-05T00:42:12.149273Z,KXBNB15M-26OCT042045-45,0.9900,3.00,yes
2026-10-05T00:42:12.149273Z,KXBNB15M-26OCT042045-45,0.9900,20.00,yes
2026-10-05T00:42:12.149273Z,KXBNB15M-26OCT042045-45,0.9900,25.00,yes
2026-10-05T00:42:12.149273Z,KXBNB15M-26OCT042045-45,0.9890,1.00,yes
2026-10-05T00:42:14.720342Z,KXBNB15M-26OCT042045-45,0.9900,15.14,yes
2026-10-05T00:42:14.803684Z,KXBNB15M-26OCT042045-45,0.9940,1.00,yes
2026-10-05T00:42:14.803684Z,KXBNB15M-26OCT042045-45,0.9900,25.00,yes
2026-10-05T00:42:14.803684Z,KXBNB15M-26OCT042045-45,0.9900,59.31,yes
2026-10-05T00:42:14.803684Z,KXBNB15M-26OCT042045-45,0.9900,8.00,yes
2026-10-05T00:42:14.803684Z,KXBNB15M-26OCT042045-45,0.9950,31.00,yes
2026-10-05T00:42:14.803684Z,KXBNB15M-26OCT042045-45,0.9960,20.00,yes
2026-10-05T00:42:14.803684Z,KXBNB15M-26OCT042045-45,0.9920,20.00,yes
2026-10-05T00:42:14.803684Z,KXBNB15M-26OCT042045-45,0.9940,20.00,yes
2026-10-05T00:42:14.803684Z,KXBNB15M-26OCT042045-45,0.9930,20.00,yes
2026-10-05T00:42:14.803684Z,KXBNB15M-26OCT042045-45,0.9950,20.00,yes
2026-10-05T00:42:14.803684Z,KXBNB15M-26OCT042045-45,0.9910,20.00,yes
2026-10-05T00:42:14.803684Z,KXBNB15M-26OCT042045-45,0.9960,469.29,yes
2026-10-05T00:42:14.803684Z,KXBNB15M-26OCT042045-45,0.9950,11.00,yes
2026-10-05T00:42:15.072307Z,KXBNB15M-26OCT042045-45,0.9940,2.00,no
2026-10-05T00:42:15.072307Z,KXBNB15M-26OCT042045-45,0.9940,20.00,no
2026-10-05T00:42:15.072307Z,KXBNB15M-26OCT042045-45,0.9920,11.52,no
2026-10-05T00:42:15.072307Z,KXBNB15M-26OCT042045-45,0.9950,2.00,no
2026-10-05T00:42:15.072307Z,KXBNB15M-26OCT042045-45,0.9930,20.00,no
2026-10-05T00:42:15.072307Z,KXBNB15M-26OCT042045-45,0.9950,20.00,no
2026-10-05T00:42:17.691142Z,KXBNB15M-26OCT042045-45,0.9930,12.00,no
2026-10-05T00:42:17.691142Z,KXBNB15M-26OCT042045-45,0.9930,2.00,no
2026-10-05T00:42:17.691468Z,KXBNB15M-26OCT042045-45,0.9920,8.48,no
2026-10-05T00:42:17.691468Z,KXBNB15M-26OCT042045-45,0.9920,2.00,no
2026-10-05T00:42:17.782863Z,KXBNB15M-26OCT042045-45,0.9880,1.00,no
2026-10-05T00:42:17.782863Z,KXBNB15M-26OCT042045-45,0.9890,20.00,no
2026-10-05T00:42:17.782863Z,KXBNB15M-26OCT042045-45,0.9900,25.00,no
2026-10-05T00:42:17.782863Z,KXBNB15M-26OCT042045-45,0.9900,20.00,no
2026-10-05T00:42:17.782863Z,KXBNB15M-26OCT042045-45,0.9910,20.00,no
2026-10-05T00:42:18.189746Z,KXBNB15M-26OCT042045-45,0.9920,17.00,yes
2026-10-05T00:42:18.189746Z,KXBNB15M-26OCT042045-45,0.9900,8.00,yes
2026-10-05T00:42:18.189746Z,KXBNB15M-26OCT042045-45,0.9890,20.00,yes
2026-10-05T00:42:18.189746Z,KXBNB15M-26OCT042045-45,0.9900,2.00,yes
2026-10-05T00:42:18.189746Z,KXBNB15M-26OCT042045-45,0.9890,2.00,yes
2026-10-05T00:42:19.93464Z,KXBNB15M-26OCT042045-45,0.9940,0.43,yes
2026-10-05T00:42:23.068742Z,KXBNB15M-26OCT042045-45,0.9940,5.50,no
2026-10-05T00:42:23.068742Z,KXBNB15M-26OCT042045-45,0.9940,2.00,no
2026-10-05T00:42:23.068742Z,KXBNB15M-26OCT042045-45,0.9930,2.00,no
2026-10-05T00:42:23.068742Z,KXBNB15M-26OCT042045-45,0.9920,50.26,no
2026-10-05T00:42:23.871502Z,KXBNB15M-26OCT042045-45,0.9960,1.00,yes
2026-10-05T00:42:23.871502Z,KXBNB15M-26OCT042045-45,0.9960,17.00,yes
2026-10-05T00:42:23.871502Z,KXBNB15M-26OCT042045-45,0.9960,8.00,yes
2026-10-05T00:42:23.871502Z,KXBNB15M-26OCT042045-45,0.9970,206.03,yes
2026-10-05T00:42:23.871502Z,KXBNB15M-26OCT042045-45,0.9970,20.00,yes
2026-10-05T00:42:23.871502Z,KXBNB15M-26OCT042045-45,0.9970,100.00,yes
2026-10-05T00:42:23.871502Z,KXBNB15M-26OCT042045-45,0.9960,1.00,yes
2026-10-05T00:42:23.871502Z,KXBNB15M-26OCT042045-45,0.9960,1.00,yes
2026-10-05T00:42:23.871502Z,KXBNB15M-26OCT042045-45,0.9960,1.00,yes
2026-10-05T00:42:23.871502Z,KXBNB15M-26OCT042045-45,0.9960,1.00,yes
2026-10-05T00:42:23.871502Z,KXBNB15M-26OCT042045-45,0.9960,1.00,yes
2026-10-05T00:42:23.871502Z,KXBNB15M-26OCT042045-45,0.9960,13.00,yes
2026-10-05T00:42:33.991279Z,KXBNB15M-26OCT042045-45,0.9960,2.00,no
2026-10-05T00:42:33.995787Z,KXBNB15M-26OCT042045-45,0.9960,2.00,no
2026-10-05T00:42:38.232997Z,KXBNB15M-26OCT042045-45,0.9970,10.00,yes
2026-10-05T00:42:39.618888Z,KXBNB15M-26OCT042045-45,0.9970,5.00,yes
2026-10-05T00:42:42.000904Z,KXBNB15M-26OCT042045-45,0.9970,1.00,yes
2026-10-05T00:42:42.000904Z,KXBNB15M-26OCT042045-45,0.9970,28.97,yes
2026-10-05T00:42:42.000904Z,KXBNB15M-26OCT042045-45,0.9980,51.34,yes
2026-10-05T00:42:42.000904Z,KXBNB15M-26OCT042045-45,0.9970,2.00,yes
2026-10-05T00:42:42.000904Z,KXBNB15M-26OCT042045-45,0.9970,2.00,yes
2026-10-05T00:42:42.000904Z,KXBNB15M-26OCT042045-45,0.9970,2.00,yes
2026-10-05T00:42:42.000904Z,KXBNB15M-26OCT042045-45,0.9970,2.00,yes
2026-10-05T00:42:42.000904Z,KXBNB15M-26OCT042045-45,0.9970,2.00,yes
2026-10-05T00:42:42.000904Z,KXBNB15M-26OCT042045-45,0.9970,18.00,yes
2026-10-05T00:42:42.876949Z,KXBNB15M-26OCT042045-45,0.9980,2.96,yes
2026-10-05T00:42:49.499844Z,KXBNB15M-26OCT042045-45,0.9970,1.13,no
2026-10-05T00:42:49.499844Z,KXBNB15M-26OCT042045-45,0.9970,2.00,no
2026-10-05T00:42:49.684522Z,KXBNB15M-26OCT042045-45,0.9980,17.46,yes
2026-10-05T00:42:50.128251Z,KXBNB15M-26OCT042045-45,0.9980,3.00,yes
2026-10-05T00:42:52.511487Z,KXBNB15M-26OCT042045-45,0.9980,25.24,yes
2026-10-05T00:42:52.511487Z,KXBNB15M-26OCT042045-45,0.9980,62.76,yes
2026-10-05T00:42:58.316905Z,KXBNB15M-26OCT042045-45,0.9970,2.16,no
2026-10-05T00:42:58.744715Z,KXBNB15M-26OCT042045-45,0.9980,16.02,yes
2026-10-05T00:42:59.040951Z,KXBNB15M-26OCT042045-45,0.9960,8.01,no
2026-10-05T00:42:59.040951Z,KXBNB15M-26OCT042045-45,0.9970,5.00,no
2026-10-05T00:42:59.040951Z,KXBNB15M-26OCT042045-45,0.9970,0.03,no
2026-10-05T00:42:59.040951Z,KXBNB15M-26OCT042045-45,0.9970,28.97,no
2026-10-05T00:42:59.040951Z,KXBNB15M-26OCT042045-45,0.9970,2.00,no
2026-10-05T00:42:59.040951Z,KXBNB15M-26OCT042045-45,0.9970,206.03,no
2026-10-05T00:42:59.040951Z,KXBNB15M-26OCT042045-45,0.9960,18.00,no
2026-10-05T00:42:59.040951Z,KXBNB15M-26OCT042045-45,0.9960,0.03,no
2026-10-05T00:42:59.040951Z,KXBNB15M-26OCT042045-45,0.9960,2.00,no
2026-10-05T00:42:59.040951Z,KXBNB15M-26OCT042045-45,0.9970,10.00,no
2026-10-05T00:42:59.040951Z,KXBNB15M-26OCT042045-45,0.9970,20.71,no
2026-10-05T00:43:00.074475Z,KXBNB15M-26OCT042045-45,0.9980,20.00,yes
2026-10-05T00:43:00.074475Z,KXBNB15M-26OCT042045-45,0.9980,42.76,yes
2026-10-05T00:43:01.888972Z,KXBNB15M-26OCT042045-45,0.9980,5.00,yes
2026-10-05T00:43:02.45064Z,KXBNB15M-26OCT042045-45,0.9980,5.00,yes
2026-10-05T00:43:03.402735Z,KXBNB15M-26OCT042045-45,0.9980,40.90,yes
2026-10-05T00:43:05.086396Z,KXBNB15M-26OCT042045-45,0.9980,1.00,yes
2026-10-05T00:43:07.339224Z,KXBNB15M-26OCT042045-45,0.9980,30.03,yes
2026-10-05T00:43:08.265238Z,KXBNB15M-26OCT042045-45,0.9980,140.00,yes
2026-10-05T00:43:08.979064Z,KXBNB15M-26OCT042045-45,0.9980,6.78,yes
2026-10-05T00:43:09.00795Z,KXBNB15M-26OCT042045-45,0.9980,140.00,yes
2026-10-05T00:43:10.590385Z,KXBNB15M-26OCT042045-45,0.9970,5.00,no
2026-10-05T00:43:10.590385Z,KXBNB15M-26OCT042045-45,0.9970,40.90,no
2026-10-05T00:43:10.590385Z,KXBNB15M-26OCT042045-45,0.9970,20.00,no
2026-10-05T00:43:10.590385Z,KXBNB15M-26OCT042045-45,0.9970,2.00,no
2026-10-05T00:43:10.590385Z,KXBNB15M-26OCT042045-45,0.9970,42.76,no
2026-10-05T00:43:10.590385Z,KXBNB15M-26OCT042045-45,0.9970,5.00,no
2026-10-05T00:43:10.590385Z,KXBNB15M-26OCT042045-45,0.9970,140.00,no
2026-10-05T00:43:10.590385Z,KXBNB15M-26OCT042045-45,0.9970,18.12,no
2026-10-05T00:43:10.590385Z,KXBNB15M-26OCT042045-45,0.9970,6.78,no
2026-10-05T00:43:10.590385Z,KXBNB15M-26OCT042045-45,0.9970,30.03,no
2026-10-05T00:43:10.590385Z,KXBNB15M-26OCT042045-45,0.9970,1.00,no
2026-10-05T00:43:10.75084Z,KXBNB15M-26OCT042045-45,0.9980,1.00,yes
2026-10-05T00:43:10.75084Z,KXBNB15M-26OCT042045-45,0.9980,4.00,yes
2026-10-05T00:43:10.75084Z,KXBNB15M-26OCT042045-45,0.9980,3.00,yes
2026-10-05T00:43:10.75084Z,KXBNB15M-26OCT042045-45,0.9980,1.00,yes
2026-10-05T00:43:10.75084Z,KXBNB15M-26OCT042045-45,0.9980,30.00,yes
2026-10-05T00:43:10.75084Z,KXBNB15M-26OCT042045-45,0.9980,88.53,yes
2026-10-05T00:43:10.75084Z,KXBNB15M-26OCT042045-45,0.9980,3.00,yes
2026-10-05T00:43:10.75084Z,KXBNB15M-26OCT042045-45,0.9980,3.00,yes
2026-10-05T00:43:10.75084Z,KXBNB15M-26OCT042045-45,0.9980,26.00,yes
2026-10-05T00:43:10.75084Z,KXBNB15M-26OCT042045-45,0.9980,3.00,yes
2026-10-05T00:43:10.75084Z,KXBNB15M-26OCT042045-45,0.9980,3.00,yes
2026-10-05T00:43:10.75084Z,KXBNB15M-26OCT042045-45,0.9980,3.00,yes
2026-10-05T00:43:11.007955Z,KXBNB15M-26OCT042045-45,0.9990,20.00,yes
2026-10-05T00:43:22.02925Z,KXBNB15M-26OCT042045-45,0.9990,20.00,yes
2026-10-05T00:43:24.389736Z,KXBNB15M-26OCT042045-45,0.9990,1226.00,yes
2026-10-05T00:43:24.389736Z,KXBNB15M-26OCT042045-45,0.9990,1.00,yes
2026-10-05T00:43:24.389736Z,KXBNB15M-26OCT042045-45,0.9990,80.00,yes
2026-10-05T00:43:24.389736Z,KXBNB15M-26OCT042045-45,0.9990,1.00,yes
2026-10-05T00:43:24.389736Z,KXBNB15M-26OCT042045-45,0.9990,7.00,yes
2026-10-05T00:43:24.389736Z,KXBNB15M-26OCT042045-45,0.9990,20.00,yes
2026-10-05T00:43:30.111134Z,KXBNB15M-26OCT042045-45,0.9990,30.00,yes
2026-10-05T00:43:30.516779Z,KXBNB15M-26OCT042045-45,0.9990,267.00,yes
2026-10-05T00:43:30.682254Z,KXBNB15M-26OCT042045-45,0.9990,53.00,yes
2026-10-05T00:43:33.154517Z,KXBNB15M-26OCT042045-45,0.9990,140.00,yes
2026-10-05T00:43:34.528855Z,KXBNB15M-26OCT042045-45,0.9990,7.00,yes
2026-10-05T00:43:36.793367Z,KXBNB15M-26OCT042045-45,0.9990,1.00,yes
2026-10-05T00:43:37.124202Z,KXBNB15M-26OCT042045-45,0.9990,100.00,yes
2026-10-05T00:43:41.962677Z,KXBNB15M-26OCT042045-45,0.9990,62.00,yes
2026-10-05T00:43:45.520889Z,KXBNB15M-26OCT042045-45,0.9990,1.00,yes
2026-10-05T00:43:45.520889Z,KXBNB15M-26OCT042045-45,0.9990,2.00,yes
2026-10-05T00:43:45.520889Z,KXBNB15M-26OCT042045-45,0.9990,13.00,yes
2026-10-05T00:43:45.520889Z,KXBNB15M-26OCT042045-45,0.9990,0.06,yes
2026-10-05T00:43:45.520889Z,KXBNB15M-26OCT042045-45,0.9990,2.00,yes
2026-10-05T00:43:45.520889Z,KXBNB15M-26OCT042045-45,0.9990,1.00,yes
2026-10-05T00:43:48.687196Z,KXBNB15M-26OCT042045-45,0.9990,11.47,no
2026-10-05T00:43:48.687196Z,KXBNB15M-26OCT042045-45,0.9990,88.53,no
2026-10-05T00:43:58.401043Z,KXBNB15M-26OCT042045-45,0.9990,2.14,no
2026-10-05T00:44:06.263273Z,KXBNB15M-26OCT042045-45,0.9990,458.04,no
2026-10-05T00:44:22.782975Z,KXBNB15M-26OCT042045-45,0.9990,15.71,no
2026-10-05T00:44:23.225545Z,KXBNB15M-26OCT042045-45,0.9990,37.39,no
2026-10-05T00:41:59.287093Z,KXNEAR15M-26OCT042045-45,0.9750,5.00,yes
2026-10-05T00:41:59.287093Z,KXNEAR15M-26OCT042045-45,0.9760,0.08,yes
2026-10-05T00:41:59.287093Z,KXNEAR15M-26OCT042045-45,0.9750,0.03,yes
2026-10-05T00:42:00.534642Z,KXNEAR15M-26OCT042045-45,0.9770,2.00,yes
2026-10-05T00:42:00.534642Z,KXNEAR15M-26OCT042045-45,0.9780,2.00,yes
2026-10-05T00:42:00.534642Z,KXNEAR15M-26OCT042045-45,0.9800,4.00,yes
2026-10-05T00:42:00.534642Z,KXNEAR15M-26OCT042045-45,0.9810,0.93,yes
2026-10-05T00:42:00.534642Z,KXNEAR15M-26OCT042045-45,0.9790,3.00,yes
2026-10-05T00:42:00.534642Z,KXNEAR15M-26OCT042045-45,0.9780,1.00,yes
2026-10-05T00:42:00.534642Z,KXNEAR15M-26OCT042045-45,0.9770,1.00,yes
2026-10-05T00:42:00.534642Z,KXNEAR15M-26OCT042045-45,0.9760,0.92,yes
2026-10-05T00:42:00.534642Z,KXNEAR15M-26OCT042045-45,0.9760,5.00,yes
2026-10-05T00:42:00.534642Z,KXNEAR15M-26OCT042045-45,0.9800,0.03,yes
2026-10-05T00:42:00.534642Z,KXNEAR15M-26OCT042045-45,0.9790,0.03,yes
2026-10-05T00:42:00.534642Z,KXNEAR15M-26OCT042045-45,0.9760,0.03,yes
2026-10-05T00:42:00.534642Z,KXNEAR15M-26OCT042045-45,0.9770,0.03,yes
2026-10-05T00:42:00.534642Z,KXNEAR15M-26OCT042045-45,0.9780,0.03,yes
2026-10-05T00:42:00.756272Z,KXNEAR15M-26OCT042045-45,0.9780,3.00,no
2026-10-05T00:42:00.98052Z,KXNEAR15M-26OCT042045-45,0.9780,18.00,no
2026-10-05T00:42:00.98052Z,KXNEAR15M-26OCT042045-45,0.9790,9.00,no
2026-10-05T00:42:01.280131Z,KXNEAR15M-26OCT042045-45,0.9810,2.00,yes
2026-10-05T00:42:07.689098Z,KXNEAR15M-26OCT042045-45,0.9820,5.11,no
2026-10-05T00:42:08.292948Z,KXNEAR15M-26OCT042045-45,0.9820,12.99,no
2026-10-05T00:42:09.251335Z,KXNEAR15M-26OCT042045-45,0.9860,1.00,yes
2026-10-05T00:42:09.251335Z,KXNEAR15M-26OCT042045-45,0.9860,0.01,yes
2026-10-05T00:42:10.077785Z,KXNEAR15M-26OCT042045-45,0.9870,1.00,yes
2026-10-05T00:42:10.43161Z,KXNEAR15M-26OCT042045-45,0.9830,1.00,no
2026-10-05T00:42:10.43161Z,KXNEAR15M-26OCT042045-45,0.9840,52.00,no
2026-10-05T00:42:10.43161Z,KXNEAR15M-26OCT042045-45,0.9820,0.03,no
2026-10-05T00:42:10.43161Z,KXNEAR15M-26OCT042045-45,0.9810,11.59,no
2026-10-05T00:42:10.43161Z,KXNEAR15M-26OCT042045-45,0.9820,33.90,no
2026-10-05T00:42:10.561347Z,KXNEAR15M-26OCT042045-45,0.9860,2.11,yes
2026-10-05T00:42:11.153636Z,KXNEAR15M-26OCT042045-45,0.9850,2.00,yes
2026-10-05T00:42:11.153636Z,KXNEAR15M-26OCT042045-45,0.9850,0.03,yes
2026-10-05T00:42:11.153636Z,KXNEAR15M-26OCT042045-45,0.9850,2.00,yes
2026-10-05T00:42:11.153636Z,KXNEAR15M-26OCT042045-45,0.9860,14.97,yes
2026-10-05T00:42:11.153636Z,KXNEAR15M-26OCT042045-45,0.9850,1.00,yes
2026-10-05T00:42:11.163252Z,KXNEAR15M-26OCT042045-45,0.9860,1.00,yes
2026-10-05T00:42:11.233827Z,KXNEAR15M-26OCT042045-45,0.9860,20.00,yes
2026-10-05T00:42:11.48411Z,KXNEAR15M-26OCT042045-45,0.9830,25.43,no
2026-10-05T00:42:12.566556Z,KXNEAR15M-26OCT042045-45,0.9840,6.56,yes
2026-10-05T00:42:12.970747Z,KXNEAR15M-26OCT042045-45,0.9830,19.00,no
2026-10-05T00:42:13.274Z,KXNEAR15M-26OCT042045-45,0.9820,1.00,no
2026-10-05T00:42:14.552097Z,KXNEAR15M-26OCT042045-45,0.9810,4.00,yes
2026-10-05T00:42:14.552097Z,KXNEAR15M-26OCT042045-45,0.9810,5.00,yes
2026-10-05T00:42:14.552097Z,KXNEAR15M-26OCT042045-45,0.9820,4.00,yes
2026-10-05T00:42:14.552097Z,KXNEAR15M-26OCT042045-45,0.9810,0.03,yes
2026-10-05T00:42:14.552097Z,KXNEAR15M-26OCT042045-45,0.9820,0.03,yes
2026-10-05T00:42:14.552097Z,KXNEAR15M-26OCT042045-45,0.9830,36.94,yes
2026-10-05T00:42:15.480114Z,KXNEAR15M-26OCT042045-45,0.9860,0.03,yes
2026-10-05T00:42:15.480114Z,KXNEAR15M-26OCT042045-45,0.9850,0.03,yes
2026-10-05T00:42:15.480114Z,KXNEAR15M-26OCT042045-45,0.9840,19.00,yes
2026-10-05T00:42:15.480114Z,KXNEAR15M-26OCT042045-45,0.9850,5.00,yes
2026-10-05T00:42:15.480114Z,KXNEAR15M-26OCT042045-45,0.9850,6.00,yes
2026-10-05T00:42:15.480114Z,KXNEAR15M-26OCT042045-45,0.9870,3.43,yes
2026-10-05T00:42:15.480114Z,KXNEAR15M-26OCT042045-45,0.9860,2.00,yes
2026-10-05T00:42:16.043932Z,KXNEAR15M-26OCT042045-45,0.9860,1.00,yes
2026-10-05T00:42:16.492866Z,KXNEAR15M-26OCT042045-45,0.9860,0.03,yes
2026-10-05T00:42:17.669772Z,KXNEAR15M-26OCT042045-45,0.9860,1.00,yes
2026-10-05T00:42:17.941176Z,KXNEAR15M-26OCT042045-45,0.9850,2.00,yes
2026-10-05T00:42:17.941176Z,KXNEAR15M-26OCT042045-45,0.9850,2.00,yes
2026-10-05T00:42:18.071619Z,KXNEAR15M-26OCT042045-45,0.9850,3.00,yes
2026-10-05T00:42:18.071619Z,KXNEAR15M-26OCT042045-45,0.9850,2.00,yes
2026-10-05T00:42:18.077222Z,KXNEAR15M-26OCT042045-45,0.9850,0.03,yes
2026-10-05T00:42:20.760986Z,KXNEAR15M-26OCT042045-45,0.9850,1.00,yes
2026-10-05T00:42:26.004729Z,KXNEAR15M-26OCT042045-45,0.9860,1.00,yes
2026-10-05T00:42:27.005262Z,KXNEAR15M-26OCT042045-45,0.9880,1.00,yes
2026-10-05T00:42:27.845213Z,KXNEAR15M-26OCT042045-45,0.9880,5.00,yes
2026-10-05T00:42:27.845213Z,KXNEAR15M-26OCT042045-45,0.9880,0.03,yes
2026-10-05T00:42:27.845213Z,KXNEAR15M-26OCT042045-45,0.9880,2.00,yes
2026-10-05T00:42:27.845213Z,KXNEAR15M-26OCT042045-45,0.9880,2.00,yes
2026-10-05T00:42:27.845213Z,KXNEAR15M-26OCT042045-45,0.9880,5.00,yes
2026-10-05T00:42:27.845213Z,KXNEAR15M-26OCT042045-45,0.9880,4.14,yes
2026-10-05T00:42:28.559383Z,KXNEAR15M-26OCT042045-45,0.9880,2.00,yes
2026-10-05T00:42:28.76402Z,KXNEAR15M-26OCT042045-45,0.9870,0.72,no
2026-10-05T00:42:30.05311Z,KXNEAR15M-26OCT042045-45,0.9880,0.03,yes
2026-10-05T00:42:30.05311Z,KXNEAR15M-26OCT042045-45,0.9880,3.00,yes
2026-10-05T00:42:30.05311Z,KXNEAR15M-26OCT042045-45,0.9880,2.00,yes
2026-10-05T00:42:30.05311Z,KXNEAR15M-26OCT042045-45,0.9890,4.97,yes
2026-10-05T00:42:30.268958Z,KXNEAR15M-26OCT042045-45,0.9890,5.03,yes
2026-10-05T00:42:30.268958Z,KXNEAR15M-26OCT042045-45,0.9890,13.97,yes
2026-10-05T00:42:30.554953Z,KXNEAR15M-26OCT042045-45,0.9890,6.03,yes
2026-10-05T00:42:30.554953Z,KXNEAR15M-26OCT042045-45,0.9890,6.97,yes
2026-10-05T00:42:30.5613Z,KXNEAR15M-26OCT042045-45,0.9890,1.00,yes
2026-10-05T00:42:30.685132Z,KXNEAR15M-26OCT042045-45,0.9890,0.97,yes
2026-10-05T00:42:30.685132Z,KXNEAR15M-26OCT042045-45,0.9890,2.03,yes
2026-10-05T00:42:30.713314Z,KXNEAR15M-26OCT042045-45,0.9890,3.97,yes
2026-10-05T00:42:30.713314Z,KXNEAR15M-26OCT042045-45,0.9890,0.03,yes
2026-10-05T00:42:30.895449Z,KXNEAR15M-26OCT042045-45,0.9890,14.00,yes
2026-10-05T00:42:31.035947Z,KXNEAR15M-26OCT042045-45,0.9890,1.00,yes
2026-10-05T00:42:31.58693Z,KXNEAR15M-26OCT042045-45,0.9890,1.00,yes
2026-10-05T00:42:31.640004Z,KXNEAR15M-26OCT042045-45,0.9890,0.01,yes
2026-10-05T00:42:32.087271Z,KXNEAR15M-26OCT042045-45,0.9890,1.00,yes
2026-10-05T00:42:32.615174Z,KXNEAR15M-26OCT042045-45,0.9890,1.00,yes
2026-10-05T00:42:32.736709Z,KXNEAR15M-26OCT042045-45,0.9890,5.00,yes
2026-10-05T00:42:33.155644Z,KXNEAR15M-26OCT042045-45,0.9890,1.00,yes
2026-10-05T00:42:33.207151Z,KXNEAR15M-26OCT042045-45,0.9890,3.00,yes
2026-10-05T00:42:33.67875Z,KXNEAR15M-26OCT042045-45,0.9890,1.00,yes
2026-10-05T00:42:34.200639Z,KXNEAR15M-26OCT042045-45,0.9890,1.00,yes
2026-10-05T00:42:34.70151Z,KXNEAR15M-26OCT042045-45,0.9890,1.00,yes
2026-10-05T00:42:34.889913Z,KXNEAR15M-26OCT042045-45,0.9890,0.50,yes
2026-10-05T00:42:34.993396Z,KXNEAR15M-26OCT042045-45,0.9890,0.50,yes
2026-10-05T00:42:35.25043Z,KXNEAR15M-26OCT042045-45,0.9890,1.00,yes
2026-10-05T00:42:35.53083Z,KXNEAR15M-26OCT042045-45,0.9890,1.00,yes
2026-10-05T00:42:35.656137Z,KXNEAR15M-26OCT042045-45,0.9890,3.00,yes
2026-10-05T00:42:35.767858Z,KXNEAR15M-26OCT042045-45,0.9890,1.00,yes
2026-10-05T00:42:36.144336Z,KXNEAR15M-26OCT042045-45,0.9890,1.00,yes
2026-10-05T00:42:36.271601Z,KXNEAR15M-26OCT042045-45,0.9890,4.00,yes
2026-10-05T00:42:36.280961Z,KXNEAR15M-26OCT042045-45,0.9890,1.00,yes
2026-10-05T00:42:36.310463Z,KXNEAR15M-26OCT042045-45,0.9880,12.52,no
2026-10-05T00:42:36.560908Z,KXNEAR15M-26OCT042045-45,0.9890,1.00,yes
2026-10-05T00:42:36.93868Z,KXNEAR15M-26OCT042045-45,0.9890,1.00,yes
2026-10-05T00:42:36.963365Z,KXNEAR15M-26OCT042045-45,0.9890,1.00,yes
2026-10-05T00:42:37.064944Z,KXNEAR15M-26OCT042045-45,0.9890,1.00,yes
2026-10-05T00:42:37.247039Z,KXNEAR15M-26OCT042045-45,0.9890,1.00,yes
2026-10-05T00:42:37.357261Z,KXNEAR15M-26OCT042045-45,0.9890,1.00,yes
2026-10-05T00:42:37.465062Z,KXNEAR15M-26OCT042045-45,0.9890,1.00,yes
2026-10-05T00:42:37.997787Z,KXNEAR15M-26OCT042045-45,0.9890,1.00,yes
2026-10-05T00:42:37.997888Z,KXNEAR15M-26OCT042045-45,0.9890,1.00,yes
2026-10-05T00:42:38.033728Z,KXNEAR15M-26OCT042045-45,0.9880,19.00,no
2026-10-05T00:42:38.035222Z,KXNEAR15M-26OCT042045-45,0.9880,20.00,no
2026-10-05T00:42:38.097881Z,KXNEAR15M-26OCT042045-45,0.9890,3.00,yes
2026-10-05T00:42:38.503357Z,KXNEAR15M-26OCT042045-45,0.9890,1.00,yes
2026-10-05T00:42:39.005314Z,KXNEAR15M-26OCT042045-45,0.9890,1.00,yes
2026-10-05T00:42:39.013593Z,KXNEAR15M-26OCT042045-45,0.9890,9.00,yes
2026-10-05T00:42:39.603641Z,KXNEAR15M-26OCT042045-45,0.9890,1.00,yes
2026-10-05T00:42:40.167324Z,KXNEAR15M-26OCT042045-45,0.9890,1.00,yes
2026-10-05T00:42:40.52697Z,KXNEAR15M-26OCT042045-45,0.9890,1.00,yes
2026-10-05T00:42:40.721849Z,KXNEAR15M-26OCT042045-45,0.9890,1.00,yes
2026-10-05T00:42:40.764793Z,KXNEAR15M-26OCT042045-45,0.9890,1.00,yes
2026-10-05T00:42:41.307249Z,KXNEAR15M-26OCT042045-45,0.9890,1.00,yes
2026-10-05T00:42:41.336428Z,KXNEAR15M-26OCT042045-45,0.9890,3.00,yes
2026-10-05T00:42:41.844631Z,KXNEAR15M-26OCT042045-45,0.9890,1.00,yes
2026-10-05T00:42:41.930703Z,KXNEAR15M-26OCT042045-45,0.9890,0.03,yes
2026-10-05T00:42:41.930703Z,KXNEAR15M-26OCT042045-45,0.9900,14.95,yes
2026-10-05T00:42:41.930703Z,KXNEAR15M-26OCT042045-45,0.9900,10.00,yes
2026-10-05T00:42:41.930703Z,KXNEAR15M-26OCT042045-45,0.9890,1.00,yes
2026-10-05T00:42:41.930703Z,KXNEAR15M-26OCT042045-45,0.9890,20.02,yes
2026-10-05T00:42:41.930703Z,KXNEAR15M-26OCT042045-45,0.9890,2.00,yes
2026-10-05T00:42:41.930703Z,KXNEAR15M-26OCT042045-45,0.9890,2.00,yes
2026-10-05T00:42:42.365925Z,KXNEAR15M-26OCT042045-45,0.9900,1.00,yes
2026-10-05T00:42:42.896802Z,KXNEAR15M-26OCT042045-45,0.9900,1.00,yes
2026-10-05T00:42:43.42674Z,KXNEAR15M-26OCT042045-45,0.9900,1.00,yes
2026-10-05T00:42:43.99221Z,KXNEAR15M-26OCT042045-45,0.9900,1.00,yes
2026-10-05T00:42:44.07487Z,KXNEAR15M-26OCT042045-45,0.9890,7.00,no
2026-10-05T00:42:44.07487Z,KXNEAR15M-26OCT042045-45,0.9890,2.00,no
2026-10-05T00:42:44.07487Z,KXNEAR15M-26OCT042045-45,0.9890,10.00,no
2026-10-05T00:42:44.083738Z,KXNEAR15M-26OCT042045-45,0.9890,1.00,no
2026-10-05T00:42:44.131829Z,KXNEAR15M-26OCT042045-45,0.9890,1.00,no
2026-10-05T00:42:44.131829Z,KXNEAR15M-26OCT042045-45,0.9890,1.00,no
2026-10-05T00:42:44.131829Z,KXNEAR15M-26OCT042045-45,0.9890,1.00,no
2026-10-05T00:42:44.131829Z,KXNEAR15M-26OCT042045-45,0.9890,1.00,no
2026-10-05T00:42:44.313355Z,KXNEAR15M-26OCT042045-45,0.9930,4.49,yes
2026-10-05T00:42:44.313355Z,KXNEAR15M-26OCT042045-45,0.9920,6.00,yes
2026-10-05T00:42:44.313355Z,KXNEAR15M-26OCT042045-45,0.9900,0.03,yes
2026-10-05T00:42:44.313355Z,KXNEAR15M-26OCT042045-45,0.9910,7.00,yes
2026-10-05T00:42:44.313355Z,KXNEAR15M-26OCT042045-45,0.9900,7.00,yes
2026-10-05T00:42:44.313355Z,KXNEAR15M-26OCT042045-45,0.9910,0.03,yes
2026-10-05T00:42:44.313355Z,KXNEAR15M-26OCT042045-45,0.9920,0.03,yes
2026-10-05T00:42:44.313355Z,KXNEAR15M-26OCT042045-45,0.9920,10.00,yes
2026-10-05T00:42:44.313355Z,KXNEAR15M-26OCT042045-45,0.9910,10.00,yes
2026-10-05T00:42:44.313355Z,KXNEAR15M-26OCT042045-45,0.9930,10.00,yes
2026-10-05T00:42:44.313355Z,KXNEAR15M-26OCT042045-45,0.9900,6.05,yes
2026-10-05T00:42:44.313355Z,KXNEAR15M-26OCT042045-45,0.9900,20.00,yes
2026-10-05T00:42:45.657423Z,KXNEAR15M-26OCT042045-45,0.9920,1.00,yes
2026-10-05T00:42:45.919356Z,KXNEAR15M-26OCT042045-45,0.9910,2.00,no
2026-10-05T00:42:51.25545Z,KXNEAR15M-26OCT042045-45,0.9940,1.00,yes
2026-10-05T00:42:51.492895Z,KXNEAR15M-26OCT042045-45,0.9930,10.69,no
2026-10-05T00:42:51.492895Z,KXNEAR15M-26OCT042045-45,0.9930,1.00,no
2026-10-05T00:42:51.991989Z,KXNEAR15M-26OCT042045-45,0.9940,9.00,yes
2026-10-05T00:42:54.172562Z,KXNEAR15M-26OCT042045-45,0.9940,1.00,yes
2026-10-05T00:42:56.8368Z,KXNEAR15M-26OCT042045-45,0.9940,1.00,yes
2026-10-05T00:42:57.073397Z,KXNEAR15M-26OCT042045-45,0.9940,3.00,yes
2026-10-05T00:42:57.195703Z,KXNEAR15M-26OCT042045-45,0.9940,5.00,yes
2026-10-05T00:42:57.195703Z,KXNEAR15M-26OCT042045-45,0.9940,3.00,yes
2026-10-05T00:42:57.195703Z,KXNEAR15M-26OCT042045-45,0.9950,10.00,yes
2026-10-05T00:42:57.195703Z,KXNEAR15M-26OCT042045-45,0.9950,7.67,yes
2026-10-05T00:42:57.290729Z,KXNEAR15M-26OCT042045-45,0.9940,0.03,yes
2026-10-05T00:42:57.290729Z,KXNEAR15M-26OCT042045-45,0.9950,0.97,yes
2026-10-05T00:42:57.29774Z,KXNEAR15M-26OCT042045-45,0.9950,1.00,yes
2026-10-05T00:42:57.582556Z,KXNEAR15M-26OCT042045-45,0.9950,1.00,yes
2026-10-05T00:42:58.772236Z,KXNEAR15M-26OCT042045-45,0.9920,0.03,no
2026-10-05T00:42:58.772236Z,KXNEAR15M-26OCT042045-45,0.9940,0.03,no
2026-10-05T00:42:58.772236Z,KXNEAR15M-26OCT042045-45,0.9940,10.00,no
2026-10-05T00:42:58.772236Z,KXNEAR15M-26OCT042045-45,0.9940,1.00,no
2026-10-05T00:42:58.772236Z,KXNEAR15M-26OCT042045-45,0.9930,0.03,no
2026-10-05T00:42:58.772236Z,KXNEAR15M-26OCT042045-45,0.9910,8.00,no
2026-10-05T00:42:58.772236Z,KXNEAR15M-26OCT042045-45,0.9930,6.05,no
2026-10-05T00:42:58.772236Z,KXNEAR15M-26OCT042045-45,0.9910,16.94,no
2026-10-05T00:42:58.772236Z,KXNEAR15M-26OCT042045-45,0.9920,10.00,no
2026-10-05T00:42:58.772236Z,KXNEAR15M-26OCT042045-45,0.9930,14.95,no
2026-10-05T00:42:58.772236Z,KXNEAR15M-26OCT042045-45,0.9930,9.00,no
2026-10-05T00:42:58.772236Z,KXNEAR15M-26OCT042045-45,0.9920,3.00,no
2026-10-05T00:42:58.772236Z,KXNEAR15M-26OCT042045-45,0.9930,41.31,no
2026-10-05T00:42:58.772236Z,KXNEAR15M-26OCT042045-45,0.9920,3.00,no
2026-10-05T00:42:59.199082Z,KXNEAR15M-26OCT042045-45,0.9940,18.00,yes
2026-10-05T00:43:00.203221Z,KXNEAR15M-26OCT042045-45,0.9940,2.00,yes
2026-10-05T00:43:01.389482Z,KXNEAR15M-26OCT042045-45,0.9940,2.97,yes
2026-10-05T00:43:01.389482Z,KXNEAR15M-26OCT042045-45,0.9940,0.03,yes
2026-10-05T00:43:01.900992Z,KXNEAR15M-26OCT042045-45,0.9950,0.64,yes
2026-10-05T00:43:01.900992Z,KXNEAR15M-26OCT042045-45,0.9950,0.36,yes
2026-10-05T00:43:03.471065Z,KXNEAR15M-26OCT042045-45,0.9950,4.61,yes
2026-10-05T00:43:03.471065Z,KXNEAR15M-26OCT042045-45,0.9950,0.03,yes
2026-10-05T00:43:03.471065Z,KXNEAR15M-26OCT042045-45,0.9950,4.36,yes
2026-10-05T00:43:03.478287Z,KXNEAR15M-26OCT042045-45,0.9950,1.00,yes
2026-10-05T00:43:03.560855Z,KXNEAR15M-26OCT042045-45,0.9950,2.00,yes
2026-10-05T00:43:03.560855Z,KXNEAR15M-26OCT042045-45,0.9950,5.00,yes
2026-10-05T00:43:03.560855Z,KXNEAR15M-26OCT042045-45,0.9960,7.00,yes
2026-10-05T00:43:03.568943Z,KXNEAR15M-26OCT042045-45,0.9960,1.00,yes
2026-10-05T00:43:03.983988Z,KXNEAR15M-26OCT042045-45,0.9960,12.00,yes
2026-10-05T00:43:04.010434Z,KXNEAR15M-26OCT042045-45,0.9960,1.00,yes
2026-10-05T00:43:04.08741Z,KXNEAR15M-26OCT042045-45,0.9960,5.00,yes
2026-10-05T00:43:04.095488Z,KXNEAR15M-26OCT042045-45,0.9960,1.00,yes
2026-10-05T00:43:04.840195Z,KXNEAR15M-26OCT042045-45,0.9960,10.00,yes
2026-10-05T00:43:04.840195Z,KXNEAR15M-26OCT042045-45,0.9960,1.00,yes
2026-10-05T00:43:04.840195Z,KXNEAR15M-26OCT042045-45,0.9960,1.00,yes
2026-10-05T00:43:04.840195Z,KXNEAR15M-26OCT042045-45,0.9960,1.00,yes
2026-10-05T00:43:04.840195Z,KXNEAR15M-26OCT042045-45,0.9960,13.00,yes
2026-10-05T00:43:04.840195Z,KXNEAR15M-26OCT042045-45,0.9960,1.00,yes
2026-10-05T00:43:05.136543Z,KXNEAR15M-26OCT042045-45,0.9960,0.03,yes
2026-10-05T00:43:05.136543Z,KXNEAR15M-26OCT042045-45,0.9960,0.97,yes
2026-10-05T00:43:05.136543Z,KXNEAR15M-26OCT042045-45,0.9960,1.00,yes
2026-10-05T00:43:05.252466Z,KXNEAR15M-26OCT042045-45,0.9960,4.03,yes
2026-10-05T00:43:05.252466Z,KXNEAR15M-26OCT042045-45,0.9960,1.97,yes
2026-10-05T00:43:05.259966Z,KXNEAR15M-26OCT042045-45,0.9960,1.00,yes
2026-10-05T00:43:05.784847Z,KXNEAR15M-26OCT042045-45,0.9960,1.00,yes
2026-10-05T00:43:05.937879Z,KXNEAR15M-26OCT042045-45,0.9950,3.00,no
2026-10-05T00:43:05.937879Z,KXNEAR15M-26OCT042045-45,0.9950,10.00,no
2026-10-05T00:43:05.937879Z,KXNEAR15M-26OCT042045-45,0.9950,0.03,no
2026-10-05T00:43:05.937879Z,KXNEAR15M-26OCT042045-45,0.9950,5.00,no
2026-10-05T00:43:05.937879Z,KXNEAR15M-26OCT042045-45,0.9950,1.00,no
2026-10-05T00:43:05.937879Z,KXNEAR15M-26OCT042045-45,0.9950,8.00,no
2026-10-05T00:43:05.937879Z,KXNEAR15M-26OCT042045-45,0.9930,33.88,no
2026-10-05T00:43:06.012632Z,KXNEAR15M-26OCT042045-45,0.9950,2.00,yes
2026-10-05T00:43:06.019515Z,KXNEAR15M-26OCT042045-45,0.9950,2.00,yes
2026-10-05T00:43:06.305419Z,KXNEAR15M-26OCT042045-45,0.9950,8.00,yes
2026-10-05T00:43:06.312481Z,KXNEAR15M-26OCT042045-45,0.9950,4.00,yes
2026-10-05T00:43:06.561174Z,KXNEAR15M-26OCT042045-45,0.9950,2.00,yes
2026-10-05T00:43:07.325941Z,KXNEAR15M-26OCT042045-45,0.9960,1.03,yes
2026-10-05T00:43:07.325941Z,KXNEAR15M-26OCT042045-45,0.9960,0.03,yes
2026-10-05T00:43:07.325941Z,KXNEAR15M-26OCT042045-45,0.9950,0.03,yes
2026-10-05T00:43:07.325941Z,KXNEAR15M-26OCT042045-45,0.9950,3.00,yes
2026-10-05T00:43:07.325941Z,KXNEAR15M-26OCT042045-45,0.9960,4.03,yes
2026-10-05T00:43:07.325941Z,KXNEAR15M-26OCT042045-45,0.9960,0.97,yes
2026-10-05T00:43:07.325941Z,KXNEAR15M-26OCT042045-45,0.9970,10.94,yes
2026-10-05T00:43:07.325941Z,KXNEAR15M-26OCT042045-45,0.9970,10.00,yes
2026-10-05T00:43:08.748968Z,KXNEAR15M-26OCT042045-45,0.9960,1.00,yes
2026-10-05T00:43:08.752964Z,KXNEAR15M-26OCT042045-45,0.9960,1.00,yes
2026-10-05T00:43:09.322731Z,KXNEAR15M-26OCT042045-45,0.9960,1.00,yes
2026-10-05T00:43:09.859067Z,KXNEAR15M-26OCT042045-45,0.9960,1.00,yes
2026-10-05T00:43:12.197119Z,KXNEAR15M-26OCT042045-45,0.9960,1.00,yes
2026-10-05T00:43:12.412539Z,KXNEAR15M-26OCT042045-45,0.9960,1.00,yes
2026-10-05T00:43:12.418464Z,KXNEAR15M-26OCT042045-45,0.9960,1.00,yes
2026-10-05T00:43:12.937154Z,KXNEAR15M-26OCT042045-45,0.9960,1.00,yes
2026-10-05T00:43:15.148809Z,KXNEAR15M-26OCT042045-45,0.9960,5.02,yes
2026-10-05T00:43:15.148809Z,KXNEAR15M-26OCT042045-45,0.9960,2.00,yes
2026-10-05T00:43:15.330219Z,KXNEAR15M-26OCT042045-45,0.9960,0.99,yes
2026-10-05T00:43:15.330219Z,KXNEAR15M-26OCT042045-45,0.9960,0.03,yes
2026-10-05T00:43:15.330219Z,KXNEAR15M-26OCT042045-45,0.9960,1.00,yes
2026-10-05T00:43:15.330219Z,KXNEAR15M-26OCT042045-45,0.9960,1.00,yes
2026-10-05T00:43:15.330219Z,KXNEAR15M-26OCT042045-45,0.9960,1.00,yes
2026-10-05T00:43:15.330219Z,KXNEAR15M-26OCT042045-45,0.9960,1.00,yes
2026-10-05T00:43:15.792593Z,KXNEAR15M-26OCT042045-45,0.9960,0.99,yes
2026-10-05T00:43:15.792593Z,KXNEAR15M-26OCT042045-45,0.9960,0.01,yes
2026-10-05T00:43:16.320739Z,KXNEAR15M-26OCT042045-45,0.9960,1.00,yes
2026-10-05T00:43:22.856161Z,KXNEAR15M-26OCT042045-45,0.9960,101.62,yes
2026-10-05T00:43:22.856161Z,KXNEAR15M-26OCT042045-45,0.9960,4.99,yes
2026-10-05T00:43:22.856161Z,KXNEAR15M-26OCT042045-45,0.9960,0.01,yes
2026-10-05T00:43:22.856161Z,KXNEAR15M-26OCT042045-45,0.9960,3.01,yes
2026-10-05T00:43:23.076888Z,KXNEAR15M-26OCT042045-45,0.9960,5.00,yes
2026-10-05T00:43:23.076888Z,KXNEAR15M-26OCT042045-45,0.9960,5.00,yes
2026-10-05T00:43:23.294293Z,KXNEAR15M-26OCT042045-45,0.9970,91.62,yes
2026-10-05T00:43:24.76205Z,KXNEAR15M-26OCT042045-45,0.9960,5.00,yes
2026-10-05T00:43:24.76205Z,KXNEAR15M-26OCT042045-45,0.9960,5.00,yes
2026-10-05T00:43:24.76205Z,KXNEAR15M-26OCT042045-45,0.9960,10.00,yes
2026-10-05T00:43:24.76205Z,KXNEAR15M-26OCT042045-45,0.9960,6.00,yes
2026-10-05T00:43:24.76205Z,KXNEAR15M-26OCT042045-45,0.9970,24.15,yes
2026-10-05T00:43:26.82828Z,KXNEAR15M-26OCT042045-45,0.9900,10.00,no
2026-10-05T00:43:26.82828Z,KXNEAR15M-26OCT042045-45,0.9950,10.94,no
2026-10-05T00:43:26.82828Z,KXNEAR15M-26OCT042045-45,0.9900,25.00,no
2026-10-05T00:43:26.82828Z,KXNEAR15M-26OCT042045-45,0.9900,30.00,no
2026-10-05T00:43:26.82828Z,KXNEAR15M-26OCT042045-45,0.9900,1.66,no
2026-10-05T00:43:26.82828Z,KXNEAR15M-26OCT042045-45,0.9900,14.00,no
2026-10-05T00:43:26.82828Z,KXNEAR15M-26OCT042045-45,0.9950,91.62,no
2026-10-05T00:43:26.82828Z,KXNEAR15M-26OCT042045-45,0.9960,1.00,no
2026-10-05T00:43:26.82828Z,KXNEAR15M-26OCT042045-45,0.9960,4.00,no
2026-10-05T00:43:26.82828Z,KXNEAR15M-26OCT042045-45,0.9950,24.15,no
2026-10-05T00:43:26.82828Z,KXNEAR15M-26OCT042045-45,0.9910,8.00,no
2026-10-05T00:43:26.82828Z,KXNEAR15M-26OCT042045-45,0.9960,10.00,no
2026-10-05T00:43:26.82828Z,KXNEAR15M-26OCT042045-45,0.9960,0.03,no
2026-10-05T00:43:26.82828Z,KXNEAR15M-26OCT042045-45,0.9900,29.56,no
2026-10-05T00:43:26.82828Z,KXNEAR15M-26OCT042045-45,0.9960,5.00,no
2026-10-05T00:43:26.82828Z,KXNEAR15M-26OCT042045-45,0.9950,0.03,no
2026-10-05T00:43:26.82828Z,KXNEAR15M-26OCT042045-45,0.9940,52.00,no
2026-10-05T00:43:26.82828Z,KXNEAR15M-26OCT042045-45,0.9940,0.03,no
2026-10-05T00:43:26.82828Z,KXNEAR15M-26OCT042045-45,0.9930,0.03,no
2026-10-05T00:43:26.82828Z,KXNEAR15M-26OCT042045-45,0.9950,52.00,no
2026-10-05T00:43:26.82828Z,KXNEAR15M-26OCT042045-45,0.9920,0.04,no
2026-10-05T00:43:26.82828Z,KXNEAR15M-26OCT042045-45,0.9910,0.04,no
2026-10-05T00:43:26.82828Z,KXNEAR15M-26OCT042045-45,0.9900,0.04,no
2026-10-05T00:43:26.82828Z,KXNEAR15M-26OCT042045-45,0.9900,3.00,no
2026-10-05T00:43:26.82828Z,KXNEAR15M-26OCT042045-45,0.9950,1.00,no
2026-10-05T00:43:26.989151Z,KXNEAR15M-26OCT042045-45,0.9960,3.00,yes
2026-10-05T00:43:26.994746Z,KXNEAR15M-26OCT042045-45,0.9960,5.00,yes
2026-10-05T00:43:27.000283Z,KXNEAR15M-26OCT042045-45,0.9960,1.00,yes
2026-10-05T00:43:27.008909Z,KXNEAR15M-26OCT042045-45,0.9960,1.00,yes
2026-10-05T00:43:27.132283Z,KXNEAR15M-26OCT042045-45,0.9960,2.00,yes
2026-10-05T00:43:27.138132Z,KXNEAR15M-26OCT042045-45,0.9960,1.00,yes
2026-10-05T00:43:27.14378Z,KXNEAR15M-26OCT042045-45,0.9960,1.00,yes
2026-10-05T00:43:27.519323Z,KXNEAR15M-26OCT042045-45,0.9960,1.00,yes
2026-10-05T00:43:27.526512Z,KXNEAR15M-26OCT042045-45,0.9960,1.00,yes
2026-10-05T00:43:27.958645Z,KXNEAR15M-26OCT042045-45,0.9960,3.00,yes
2026-10-05T00:43:27.96408Z,KXNEAR15M-26OCT042045-45,0.9960,2.00,yes
2026-10-05T00:43:27.971812Z,KXNEAR15M-26OCT042045-45,0.9960,1.00,yes
2026-10-05T00:43:28.092564Z,KXNEAR15M-26OCT042045-45,0.9960,5.00,yes
2026-10-05T00:43:28.098541Z,KXNEAR15M-26OCT042045-45,0.9960,2.00,yes
2026-10-05T00:43:28.104248Z,KXNEAR15M-26OCT042045-45,0.9960,1.00,yes
2026-10-05T00:43:30.123031Z,KXNEAR15M-26OCT042045-45,0.9960,1.00,yes
2026-10-05T00:43:30.644812Z,KXNEAR15M-26OCT042045-45,0.9960,1.00,yes
2026-10-05T00:43:31.231875Z,KXNEAR15M-26OCT042045-45,0.9960,1.00,yes
2026-10-05T00:43:31.697707Z,KXNEAR15M-26OCT042045-45,0.9960,71.00,yes
2026-10-05T00:43:31.697707Z,KXNEAR15M-26OCT042045-45,0.9960,5.00,yes
2026-10-05T00:43:31.697707Z,KXNEAR15M-26OCT042045-45,0.9960,5.00,yes
2026-10-05T00:43:33.398503Z,KXNEAR15M-26OCT042045-45,0.9970,42.78,yes
2026-10-05T00:43:40.724347Z,KXNEAR15M-26OCT042045-45,0.9960,154.00,no
2026-10-05T00:43:40.724347Z,KXNEAR15M-26OCT042045-45,0.9960,52.00,no
2026-10-05T00:43:40.724347Z,KXNEAR15M-26OCT042045-45,0.9960,23.04,no
2026-10-05T00:43:42.209513Z,KXNEAR15M-26OCT042045-45,0.9970,11.03,yes
2026-10-05T00:43:43.520927Z,KXNEAR15M-26OCT042045-45,0.9970,10.62,yes
2026-10-05T00:43:47.996661Z,KXNEAR15M-26OCT042045-45,0.9960,1.00,no
2026-10-05T00:43:48.001323Z,KXNEAR15M-26OCT042045-45,0.9960,1.00,no
2026-10-05T00:43:48.008931Z,KXNEAR15M-26OCT042045-45,0.9960,1.00,no
2026-10-05T00:43:52.305263Z,KXNEAR15M-26OCT042045-45,0.9970,9.00,yes
2026-10-05T00:43:52.310928Z,KXNEAR15M-26OCT042045-45,0.9970,6.00,yes
2026-10-05T00:43:52.316241Z,KXNEAR15M-26OCT042045-45,0.9970,3.00,yes
2026-10-05T00:43:52.324045Z,KXNEAR15M-26OCT042045-45,0.9970,2.00,yes
2026-10-05T00:43:53.063004Z,KXNEAR15M-26OCT042045-45,0.9970,4.00,yes
2026-10-05T00:43:53.072318Z,KXNEAR15M-26OCT042045-45,0.9970,2.00,yes
2026-10-05T00:43:53.671027Z,KXNEAR15M-26OCT042045-45,0.9970,2.00,yes
2026-10-05T00:43:54.279141Z,KXNEAR15M-26OCT042045-45,0.9970,2.00,yes
2026-10-05T00:43:54.876953Z,KXNEAR15M-26OCT042045-45,0.9970,3.00,yes
2026-10-05T00:43:55.510795Z,KXNEAR15M-26OCT042045-45,0.9970,3.00,yes
2026-10-05T00:43:56.080842Z,KXNEAR15M-26OCT042045-45,0.9970,3.00,yes
2026-10-05T00:43:56.086537Z,KXNEAR15M-26OCT042045-45,0.9970,2.00,yes
2026-10-05T00:43:56.658885Z,KXNEAR15M-26OCT042045-45,0.9970,4.00,yes
2026-10-05T00:43:56.665469Z,KXNEAR15M-26OCT042045-45,0.9970,2.00,yes
2026-10-05T00:43:56.799084Z,KXNEAR15M-26OCT042045-45,0.9970,5.00,yes
2026-10-05T00:43:56.805145Z,KXNEAR15M-26OCT042045-45,0.9970,3.00,yes
2026-10-05T00:43:56.845327Z,KXNEAR15M-26OCT042045-45,0.9970,2.00,yes
2026-10-05T00:43:57.642649Z,KXNEAR15M-26OCT042045-45,0.9970,1.00,yes
2026-10-05T00:43:57.642649Z,KXNEAR15M-26OCT042045-45,0.9970,5.00,yes
2026-10-05T00:43:57.642649Z,KXNEAR15M-26OCT042045-45,0.9970,2.00,yes
2026-10-05T00:43:57.642649Z,KXNEAR15M-26OCT042045-45,0.9970,2.00,yes
2026-10-05T00:43:57.642649Z,KXNEAR15M-26OCT042045-45,0.9970,2.00,yes
2026-10-05T00:43:57.642649Z,KXNEAR15M-26OCT042045-45,0.9970,2.00,yes
2026-10-05T00:43:57.642649Z,KXNEAR15M-26OCT042045-45,0.9970,2.00,yes
2026-10-05T00:43:57.642649Z,KXNEAR15M-26OCT042045-45,0.9970,18.00,yes
2026-10-05T00:43:57.642649Z,KXNEAR15M-26OCT042045-45,0.9970,1.86,yes
2026-10-05T00:43:57.900124Z,KXNEAR15M-26OCT042045-45,0.9980,53.00,yes
2026-10-05T00:43:59.345643Z,KXNEAR15M-26OCT042045-45,0.9980,104.00,yes
2026-10-05T00:43:59.345643Z,KXNEAR15M-26OCT042045-45,0.9980,0.03,yes
2026-10-05T00:43:59.345643Z,KXNEAR15M-26OCT042045-45,0.9980,5.00,yes
2026-10-05T00:43:59.345643Z,KXNEAR15M-26OCT042045-45,0.9980,26.00,yes
2026-10-05T00:43:59.345643Z,KXNEAR15M-26OCT042045-45,0.9980,3.00,yes
2026-10-05T00:43:59.345643Z,KXNEAR15M-26OCT042045-45,0.9980,3.00,yes
2026-10-05T00:43:59.345643Z,KXNEAR15M-26OCT042045-45,0.9980,3.00,yes
2026-10-05T00:43:59.345643Z,KXNEAR15M-26OCT042045-45,0.9980,3.00,yes
2026-10-05T00:43:59.345643Z,KXNEAR15M-26OCT042045-45,0.9980,3.00,yes
2026-10-05T00:43:59.345643Z,KXNEAR15M-26OCT042045-45,0.9980,10.00,yes
2026-10-05T00:43:59.345643Z,KXNEAR15M-26OCT042045-45,0.9980,100.00,yes
2026-10-05T00:43:59.345643Z,KXNEAR15M-26OCT042045-45,0.9980,147.00,yes
2026-10-05T00:44:02.194456Z,KXNEAR15M-26OCT042045-45,0.9990,0.03,yes
2026-10-05T00:44:02.194456Z,KXNEAR15M-26OCT042045-45,0.9990,5.00,yes
2026-10-05T00:44:02.194456Z,KXNEAR15M-26OCT042045-45,0.9990,4.00,yes
2026-10-05T00:44:02.194456Z,KXNEAR15M-26OCT042045-45,0.9990,18.00,yes
2026-10-05T00:44:02.194456Z,KXNEAR15M-26OCT042045-45,0.9990,0.24,yes
2026-10-05T00:44:02.194456Z,KXNEAR15M-26OCT042045-45,0.9990,1.00,yes
2026-10-05T00:44:02.194456Z,KXNEAR15M-26OCT042045-45,0.9990,200.00,yes
2026-10-05T00:44:02.194456Z,KXNEAR15M-26OCT042045-45,0.9990,1.00,yes
2026-10-05T00:44:02.194456Z,KXNEAR15M-26OCT042045-45,0.9990,10.00,yes
2026-10-05T00:44:02.194456Z,KXNEAR15M-26OCT042045-45,0.9990,1.00,yes
2026-10-05T00:44:12.997986Z,KXNEAR15M-26OCT042045-45,0.9990,3.00,no
2026-10-05T00:44:12.997986Z,KXNEAR15M-26OCT042045-45,0.9990,6.00,no
2026-10-05T00:44:12.997986Z,KXNEAR15M-26OCT042045-45,0.9990,2.00,no
2026-10-05T00:44:12.997986Z,KXNEAR15M-26OCT042045-45,0.9990,9.00,no
2026-10-05T00:44:12.997986Z,KXNEAR15M-26OCT042045-45,0.9990,1.86,no
2026-10-05T00:44:12.997986Z,KXNEAR15M-26OCT042045-45,0.9960,9.34,no
2026-10-05T00:44:12.997986Z,KXNEAR15M-26OCT042045-45,0.9970,10.00,no
2026-10-05T00:44:12.997986Z,KXNEAR15M-26OCT042045-45,0.9990,2.00,no
2026-10-05T00:44:12.997986Z,KXNEAR15M-26OCT042045-45,0.9990,4.00,no
2026-10-05T00:44:12.997986Z,KXNEAR15M-26OCT042045-45,0.9990,2.00,no
2026-10-05T00:44:12.997986Z,KXNEAR15M-26OCT042045-45,0.9990,3.00,no
2026-10-05T00:44:12.997986Z,KXNEAR15M-26OCT042045-45,0.9990,2.00,no
2026-10-05T00:44:12.997986Z,KXNEAR15M-26OCT042045-45,0.9990,3.00,no
2026-10-05T00:44:12.997986Z,KXNEAR15M-26OCT042045-45,0.9990,2.00,no
2026-10-05T00:44:12.997986Z,KXNEAR15M-26OCT042045-45,0.9990,2.00,no
2026-10-05T00:44:12.997986Z,KXNEAR15M-26OCT042045-45,0.9990,3.00,no
2026-10-05T00:44:12.997986Z,KXNEAR15M-26OCT042045-45,0.9990,2.00,no
2026-10-05T00:44:12.997986Z,KXNEAR15M-26OCT042045-45,0.9990,5.00,no
2026-10-05T00:44:12.997986Z,KXNEAR15M-26OCT042045-45,0.9990,4.00,no
2026-10-05T00:44:12.997986Z,KXNEAR15M-26OCT042045-45,0.9990,3.00,no
2026-10-05T00:44:12.997986Z,KXNEAR15M-26OCT042045-45,0.9990,16.74,no
2026-10-05T00:44:12.997986Z,KXNEAR15M-26OCT042045-45,0.9990,11.03,no
2026-10-05T00:44:12.997986Z,KXNEAR15M-26OCT042045-45,0.9990,10.62,no
2026-10-05T00:44:12.997986Z,KXNEAR15M-26OCT042045-45,0.9980,10.00,no
2026-10-05T00:44:12.997986Z,KXNEAR15M-26OCT042045-45,0.9990,52.00,no
2026-10-05T00:44:12.997986Z,KXNEAR15M-26OCT042045-45,0.9980,200.00,no
2026-10-05T00:44:12.997986Z,KXNEAR15M-26OCT042045-45,0.9980,52.00,no
2026-10-05T00:44:12.997986Z,KXNEAR15M-26OCT042045-45,0.9990,896.00,no
2026-10-05T00:44:12.997986Z,KXNEAR15M-26OCT042045-45,0.9990,71.00,no
2026-10-05T00:44:12.997986Z,KXNEAR15M-26OCT042045-45,0.9980,71.00,no
2026-10-05T00:44:13.36516Z,KXNEAR15M-26OCT042045-45,0.9980,39.00,yes
2026-10-05T00:44:13.873101Z,KXNEAR15M-26OCT042045-45,0.9980,5.00,yes
2026-10-05T00:44:14.099576Z,KXNEAR15M-26OCT042045-45,0.9980,5.00,yes
2026-10-05T00:44:14.222472Z,KXNEAR15M-26OCT042045-45,0.9960,6.58,no
2026-10-05T00:44:14.222472Z,KXNEAR15M-26OCT042045-45,0.9970,0.05,no
2026-10-05T00:44:14.222472Z,KXNEAR15M-26OCT042045-45,0.9970,1.00,no
2026-10-05T00:44:14.222472Z,KXNEAR15M-26OCT042045-45,0.9970,21.00,no
2026-10-05T00:44:14.222472Z,KXNEAR15M-26OCT042045-45,0.9970,52.00,no
2026-10-05T00:44:14.882067Z,KXNEAR15M-26OCT042045-45,0.9990,1.00,yes
2026-10-05T00:44:15.332476Z,KXNEAR15M-26OCT042045-45,0.9990,199.00,yes
2026-10-05T00:44:15.332476Z,KXNEAR15M-26OCT042045-45,0.9990,1.00,yes
2026-10-05T00:44:16.11111Z,KXNEAR15M-26OCT042045-45,0.9980,10.00,no
2026-10-05T00:44:16.11111Z,KXNEAR15M-26OCT042045-45,0.9970,1.00,no
2026-10-05T00:44:16.11111Z,KXNEAR15M-26OCT042045-45,0.9980,16.00,no
2026-10-05T00:44:16.11111Z,KXNEAR15M-26OCT042045-45,0.9960,0.07,no
2026-10-05T00:44:16.11111Z,KXNEAR15M-26OCT042045-45,0.9980,0.01,no
2026-10-05T00:44:16.11111Z,KXNEAR15M-26OCT042045-45,0.9970,199.00,no
2026-10-05T00:44:16.11111Z,KXNEAR15M-26OCT042045-45,0.9960,64.42,no
2026-10-05T00:44:16.11111Z,KXNEAR15M-26OCT042045-45,0.9950,1.86,no
2026-10-05T00:44:16.446154Z,KXNEAR15M-26OCT042045-45,0.9970,28.00,yes
2026-10-05T00:44:16.66423Z,KXNEAR15M-26OCT042045-45,0.9980,0.03,yes
2026-10-05T00:44:16.66423Z,KXNEAR15M-26OCT042045-45,0.9970,0.03,yes
2026-10-05T00:44:16.66423Z,KXNEAR15M-26OCT042045-45,0.9980,5.00,yes
2026-10-05T00:44:16.66423Z,KXNEAR15M-26OCT042045-45,0.9980,62.00,yes
2026-10-05T00:44:23.792947Z,KXNEAR15M-26OCT042045-45,0.9990,100.09,yes
2026-10-05T00:44:24.100191Z,KXNEAR15M-26OCT042045-45,0.9990,2.00,yes
2026-10-05T00:44:24.100191Z,KXNEAR15M-26OCT042045-45,0.9990,0.12,yes
2026-10-05T00:44:24.100191Z,KXNEAR15M-26OCT042045-45,0.9990,0.03,yes
2026-10-05T00:44:24.100191Z,KXNEAR15M-26OCT042045-45,0.9990,199.00,yes
2026-10-05T00:44:24.100191Z,KXNEAR15M-26OCT042045-45,0.9990,3.00,yes
2026-10-05T00:44:24.100191Z,KXNEAR15M-26OCT042045-45,0.9990,1.00,yes
2026-10-05T00:44:24.100191Z,KXNEAR15M-26OCT042045-45,0.9990,16.00,yes
2026-10-05T00:44:24.100191Z,KXNEAR15M-26OCT042045-45,0.9990,9.34,yes
2026-10-05T00:44:24.100191Z,KXNEAR15M-26OCT042045-45,0.9990,4.51,yes
2026-10-05T00:44:24.100191Z,KXNEAR15M-26OCT042045-45,0.9990,1.00,yes
2026-10-05T00:44:38.884074Z,KXNEAR15M-26OCT042045-45,0.9950,101.14,no
2026-10-05T00:44:38.884074Z,KXNEAR15M-26OCT042045-45,0.9950,0.05,no
2026-10-05T00:44:38.884074Z,KXNEAR15M-26OCT042045-45,0.9940,5.48,no
2026-10-05T00:44:38.884074Z,KXNEAR15M-26OCT042045-45,0.9950,3.00,no
2026-10-05T00:44:38.884074Z,KXNEAR15M-26OCT042045-45,0.9960,52.00,no
2026-10-05T00:44:38.884074Z,KXNEAR15M-26OCT042045-45,0.9960,0.06,no
2026-10-05T00:44:38.884074Z,KXNEAR15M-26OCT042045-45,0.9970,199.00,no
2026-10-05T00:44:38.884074Z,KXNEAR15M-26OCT042045-45,0.9950,9.00,no
2026-10-05T00:44:38.884074Z,KXNEAR15M-26OCT042045-45,0.9980,52.00,no
2026-10-05T00:44:38.884074Z,KXNEAR15M-26OCT042045-45,0.9970,1.00,no
2026-10-05T00:44:38.884074Z,KXNEAR15M-26OCT042045-45,0.9980,0.05,no
2026-10-05T00:44:38.884074Z,KXNEAR15M-26OCT042045-45,0.9970,0.05,no
2026-10-05T00:44:38.884074Z,KXNEAR15M-26OCT042045-45,0.9980,1.00,no
2026-10-05T00:44:38.909337Z,KXNEAR15M-26OCT042045-45,0.9990,199.00,yes
2026-10-05T00:44:38.909337Z,KXNEAR15M-26OCT042045-45,0.9990,1.00,yes
2026-10-05T00:44:38.948432Z,KXNEAR15M-26OCT042045-45,0.9970,104.00,yes
2026-10-05T00:44:39.307318Z,KXNEAR15M-26OCT042045-45,0.9990,15.95,yes
2026-10-05T00:44:39.307318Z,KXNEAR15M-26OCT042045-45,0.9990,0.05,yes
2026-10-05T00:44:40.656564Z,KXNEAR15M-26OCT042045-45,0.9990,0.16,no
2026-10-05T00:44:42.24862Z,KXNEAR15M-26OCT042045-45,0.9990,0.47,no
2026-10-05T00:44:47.531241Z,KXNEAR15M-26OCT042045-45,0.9990,6.72,no
2026-10-05T00:42:27.439249Z,KXNATGAS15M-26OCT042045-45,0.9800,0.49,no
2026-10-05T00:42:29.454235Z,KXNATGAS15M-26OCT042045-45,0.9800,17.00,no
2026-10-05T00:42:31.189553Z,KXNATGAS15M-26OCT042045-45,0.9900,11.10,yes
2026-10-05T00:42:33.137242Z,KXNATGAS15M-26OCT042045-45,0.9900,6.05,yes
2026-10-05T00:42:34.72098Z,KXNATGAS15M-26OCT042045-45,0.9900,1.00,yes
2026-10-05T00:42:36.544867Z,KXNATGAS15M-26OCT042045-45,0.9900,50.46,yes
2026-10-05T00:42:37.165053Z,KXNATGAS15M-26OCT042045-45,0.9800,19.41,no
2026-10-05T00:42:38.380335Z,KXNATGAS15M-26OCT042045-45,0.9900,147.39,yes
2026-10-05T00:42:38.380335Z,KXNATGAS15M-26OCT042045-45,0.9900,152.61,yes
2026-10-05T00:42:43.388219Z,KXNATGAS15M-26OCT042045-45,0.9900,147.39,yes
2026-10-05T00:42:43.388354Z,KXNATGAS15M-26OCT042045-45,0.9900,50.46,yes
2026-10-05T00:42:43.390703Z,KXNATGAS15M-26OCT042045-45,0.9900,63.06,yes
2026-10-05T00:42:50.926867Z,KXNATGAS15M-26OCT042045-45,0.9800,8.39,no
2026-10-05T00:42:52.427743Z,KXNATGAS15M-26OCT042045-45,0.9800,5.61,no
2026-10-05T00:42:54.717326Z,KXNATGAS15M-26OCT042045-45,0.9800,14.74,no
2026-10-05T00:42:55.917509Z,KXNATGAS15M-26OCT042045-45,0.9800,10.29,no
2026-10-05T00:42:58.802156Z,KXNATGAS15M-26OCT042045-45,0.9800,1.13,no
2026-10-05T00:42:59.482364Z,KXNATGAS15M-26OCT042045-45,0.9800,55.00,no
2026-10-05T00:42:59.482364Z,KXNATGAS15M-26OCT042045-45,0.9800,1.00,no
2026-10-05T00:42:59.482364Z,KXNATGAS15M-26OCT042045-45,0.9800,40.00,no
2026-10-05T00:42:59.482364Z,KXNATGAS15M-26OCT042045-45,0.9700,117.43,no
2026-10-05T00:42:59.482364Z,KXNATGAS15M-26OCT042045-45,0.9800,146.37,no
2026-10-05T00:42:59.482364Z,KXNATGAS15M-26OCT042045-45,0.9700,2.00,no
2026-10-05T00:43:00.325251Z,KXNATGAS15M-26OCT042045-45,0.9900,5.00,yes
2026-10-05T00:43:03.663457Z,KXNATGAS15M-26OCT042045-45,0.9800,55.91,no
2026-10-05T00:43:05.660581Z,KXNATGAS15M-26OCT042045-45,0.9900,14.55,yes
2026-10-05T00:43:07.906662Z,KXNATGAS15M-26OCT042045-45,0.9800,0.26,no
2026-10-05T00:43:09.185852Z,KXNATGAS15M-26OCT042045-45,0.9800,50.00,no
2026-10-05T00:43:13.294626Z,KXNATGAS15M-26OCT042045-45,0.9900,8.00,yes
2026-10-05T00:43:13.294626Z,KXNATGAS15M-26OCT042045-45,0.9900,1.00,yes
2026-10-05T00:43:13.294626Z,KXNATGAS15M-26OCT042045-45,0.9900,6.00,yes
2026-10-05T00:43:13.294626Z,KXNATGAS15M-26OCT042045-45,0.9900,25.00,yes
2026-10-05T00:43:13.294626Z,KXNATGAS15M-26OCT042045-45,0.9900,2.00,yes
2026-10-05T00:43:13.294626Z,KXNATGAS15M-26OCT042045-45,0.9900,2.00,yes
2026-10-05T00:43:13.294626Z,KXNATGAS15M-26OCT042045-45,0.9900,10.00,yes
2026-10-05T00:43:13.294626Z,KXNATGAS15M-26OCT042045-45,0.9900,20.00,yes
2026-10-05T00:43:13.294626Z,KXNATGAS15M-26OCT042045-45,0.9900,2.00,yes
2026-10-05T00:43:13.294626Z,KXNATGAS15M-26OCT042045-45,0.9900,100.00,yes
2026-10-05T00:43:13.294626Z,KXNATGAS15M-26OCT042045-45,0.9900,1.00,yes
2026-10-05T00:43:13.294626Z,KXNATGAS15M-26OCT042045-45,0.9900,20.00,yes
2026-10-05T00:43:13.294626Z,KXNATGAS15M-26OCT042045-45,0.9900,3.00,yes
2026-10-05T00:43:16.162187Z,KXNATGAS15M-26OCT042045-45,0.9800,5.79,no
2026-10-05T00:43:16.162187Z,KXNATGAS15M-26OCT042045-45,0.9800,40.00,no
2026-10-05T00:43:16.162187Z,KXNATGAS15M-26OCT042045-45,0.9800,1.00,no
2026-10-05T00:43:23.059727Z,KXNATGAS15M-26OCT042045-45,0.9900,11.99,yes
2026-10-05T00:43:23.059727Z,KXNATGAS15M-26OCT042045-45,0.9900,2.00,yes
2026-10-05T00:43:23.059727Z,KXNATGAS15M-26OCT042045-45,0.9900,1.00,yes
2026-10-05T00:43:23.059727Z,KXNATGAS15M-26OCT042045-45,0.9900,1.00,yes
2026-10-05T00:43:23.059727Z,KXNATGAS15M-26OCT042045-45,0.9900,3.00,yes
2026-10-05T00:43:23.059727Z,KXNATGAS15M-26OCT042045-45,0.9900,2.00,yes
2026-10-05T00:43:23.059727Z,KXNATGAS15M-26OCT042045-45,0.9900,20.00,yes
2026-10-05T00:43:23.059727Z,KXNATGAS15M-26OCT042045-45,0.9900,4.00,yes
2026-10-05T00:43:23.059727Z,KXNATGAS15M-26OCT042045-45,0.9900,2.68,yes
2026-10-05T00:43:23.059727Z,KXNATGAS15M-26OCT042045-45,0.9900,2.00,yes
2026-10-05T00:43:23.059727Z,KXNATGAS15M-26OCT042045-45,0.9900,97.00,yes
2026-10-05T00:43:23.059727Z,KXNATGAS15M-26OCT042045-45,0.9900,7.50,yes
2026-10-05T00:43:23.059727Z,KXNATGAS15M-26OCT042045-45,0.9900,110.24,yes
2026-10-05T00:43:26.782739Z,KXNATGAS15M-26OCT042045-45,0.9900,15.24,no
2026-10-05T00:43:27.875333Z,KXNATGAS15M-26OCT042045-45,0.9900,4.67,no
2026-10-05T00:43:28.494482Z,KXNATGAS15M-26OCT042045-45,0.9900,4.03,no
2026-10-05T00:43:29.769093Z,KXNATGAS15M-26OCT042045-45,0.9900,81.06,no
2026-10-05T00:43:29.769093Z,KXNATGAS15M-26OCT042045-45,0.9900,23.00,no
2026-10-05T00:43:29.769093Z,KXNATGAS15M-26OCT042045-45,0.9900,20.00,no
2026-10-05T00:43:29.769093Z,KXNATGAS15M-26OCT042045-45,0.9900,61.65,no
2026-10-05T00:43:29.769093Z,KXNATGAS15M-26OCT042045-45,0.9900,37.00,no
2026-10-05T00:43:56.506597Z,KXNATGAS15M-26OCT042045-45,0.9900,0.37,no
2026-10-05T00:43:56.506597Z,KXNATGAS15M-26OCT042045-45,0.9900,23.00,no
2026-10-05T00:44:11.448529Z,KXNATGAS15M-26OCT042045-45,0.9900,46.75,no
2026-10-05T00:44:44.333028Z,KXNATGAS15M-26OCT042045-45,0.9900,9.35,no
2026-10-05T00:42:59.00995Z,KXZEC15M-26OCT042045-45,0.9840,54.75,no
2026-10-05T00:42:59.093655Z,KXZEC15M-26OCT042045-45,0.9840,35.79,no
2026-10-05T00:43:00.474972Z,KXZEC15M-26OCT042045-45,0.9880,5.00,no
2026-10-05T00:43:00.986739Z,KXZEC15M-26OCT042045-45,0.9890,49.00,yes
2026-10-05T00:43:00.986801Z,KXZEC15M-26OCT042045-45,0.9890,12.73,yes
2026-10-05T00:43:00.986801Z,KXZEC15M-26OCT042045-45,0.9890,1.00,yes
2026-10-05T00:43:00.986801Z,KXZEC15M-26OCT042045-45,0.9890,0.03,yes
2026-10-05T00:43:00.986801Z,KXZEC15M-26OCT042045-45,0.9890,36.24,yes
2026-10-05T00:43:01.083289Z,KXZEC15M-26OCT042045-45,0.9890,2.00,yes
2026-10-05T00:43:01.145394Z,KXZEC15M-26OCT042045-45,0.9890,16.00,yes
2026-10-05T00:43:01.145394Z,KXZEC15M-26OCT042045-45,0.9890,3.00,yes
2026-10-05T00:43:01.145394Z,KXZEC15M-26OCT042045-45,0.9900,16.00,yes
2026-10-05T00:43:01.167104Z,KXZEC15M-26OCT042045-45,0.9900,54.00,yes
2026-10-05T00:43:01.179793Z,KXZEC15M-26OCT042045-45,0.9900,7.00,yes
2026-10-05T00:43:01.179793Z,KXZEC15M-26OCT042045-45,0.9900,6.00,yes
2026-10-05T00:43:01.25213Z,KXZEC15M-26OCT042045-45,0.9890,0.03,yes
2026-10-05T00:43:01.434676Z,KXZEC15M-26OCT042045-45,0.9900,10.00,yes
2026-10-05T00:43:02.027258Z,KXZEC15M-26OCT042045-45,0.9890,1.40,no
2026-10-05T00:43:02.027258Z,KXZEC15M-26OCT042045-45,0.9890,3.29,no
2026-10-05T00:43:02.027258Z,KXZEC15M-26OCT042045-45,0.9870,11.26,no
2026-10-05T00:43:02.145352Z,KXZEC15M-26OCT042045-45,0.9900,9.00,yes
2026-10-05T00:43:02.145352Z,KXZEC15M-26OCT042045-45,0.9900,16.00,yes
2026-10-05T00:43:02.624043Z,KXZEC15M-26OCT042045-45,0.9870,9.00,no
2026-10-05T00:43:02.624043Z,KXZEC15M-26OCT042045-45,0.9850,28.62,no
2026-10-05T00:43:02.624043Z,KXZEC15M-26OCT042045-45,0.9870,10.00,no
2026-10-05T00:43:02.624043Z,KXZEC15M-26OCT042045-45,0.9870,40.74,no
2026-10-05T00:43:03.168785Z,KXZEC15M-26OCT042045-45,0.9900,9.00,yes
2026-10-05T00:43:03.168785Z,KXZEC15M-26OCT042045-45,0.9900,25.00,yes
2026-10-05T00:43:03.168785Z,KXZEC15M-26OCT042045-45,0.9900,16.00,yes
2026-10-05T00:43:03.635164Z,KXZEC15M-26OCT042045-45,0.9900,2.02,yes
2026-10-05T00:43:03.756019Z,KXZEC15M-26OCT042045-45,0.9840,5.20,no
2026-10-05T00:43:03.756019Z,KXZEC15M-26OCT042045-45,0.9830,52.00,no
2026-10-05T00:43:03.756019Z,KXZEC15M-26OCT042045-45,0.9890,1.00,no
2026-10-05T00:43:03.756019Z,KXZEC15M-26OCT042045-45,0.9850,23.38,no
2026-10-05T00:43:03.756019Z,KXZEC15M-26OCT042045-45,0.9810,16.00,no
2026-10-05T00:43:03.756019Z,KXZEC15M-26OCT042045-45,0.9810,2.80,no
2026-10-05T00:43:03.756019Z,KXZEC15M-26OCT042045-45,0.9810,54.00,no
2026-10-05T00:43:03.756019Z,KXZEC15M-26OCT042045-45,0.9840,5.00,no
2026-10-05T00:43:03.756019Z,KXZEC15M-26OCT042045-45,0.9850,6.00,no
2026-10-05T00:43:03.756019Z,KXZEC15M-26OCT042045-45,0.9820,100.00,no
2026-10-05T00:43:04.637823Z,KXZEC15M-26OCT042045-45,0.9900,6.10,yes
2026-10-05T00:43:04.637823Z,KXZEC15M-26OCT042045-45,0.9900,1.98,yes
2026-10-05T00:43:04.737144Z,KXZEC15M-26OCT042045-45,0.9900,1.00,yes
2026-10-05T00:43:04.80283Z,KXZEC15M-26OCT042045-45,0.9860,12.03,no
2026-10-05T00:43:04.80283Z,KXZEC15M-26OCT042045-45,0.9890,3.32,no
2026-10-05T00:43:05.647909Z,KXZEC15M-26OCT042045-45,0.9880,1.12,no
2026-10-05T00:43:06.480838Z,KXZEC15M-26OCT042045-45,0.9900,0.25,yes
2026-10-05T00:43:06.512752Z,KXZEC15M-26OCT042045-45,0.9900,5.04,yes
2026-10-05T00:43:06.64157Z,KXZEC15M-26OCT042045-45,0.9900,19.19,yes
2026-10-05T00:43:06.951454Z,KXZEC15M-26OCT042045-45,0.9880,14.36,no
2026-10-05T00:43:07.19398Z,KXZEC15M-26OCT042045-45,0.9900,3.00,yes
2026-10-05T00:43:07.645081Z,KXZEC15M-26OCT042045-45,0.9900,6.06,yes
2026-10-05T00:43:08.15476Z,KXZEC15M-26OCT042045-45,0.9900,0.84,yes
2026-10-05T00:43:08.15476Z,KXZEC15M-26OCT042045-45,0.9900,0.16,yes
2026-10-05T00:43:08.639522Z,KXZEC15M-26OCT042045-45,0.9900,1.09,yes
2026-10-05T00:43:08.639522Z,KXZEC15M-26OCT042045-45,0.9900,0.93,yes
2026-10-05T00:43:10.238415Z,KXZEC15M-26OCT042045-45,0.9890,55.62,no
2026-10-05T00:43:10.553896Z,KXZEC15M-26OCT042045-45,0.9900,4.47,yes
2026-10-05T00:43:11.454214Z,KXZEC15M-26OCT042045-45,0.9900,2.00,yes
2026-10-05T00:43:11.459873Z,KXZEC15M-26OCT042045-45,0.9900,2.00,yes
2026-10-05T00:43:12.11202Z,KXZEC15M-26OCT042045-45,0.9900,25.00,yes
2026-10-05T00:43:12.11202Z,KXZEC15M-26OCT042045-45,0.9900,90.60,yes
2026-10-05T00:43:12.534818Z,KXZEC15M-26OCT042045-45,0.9890,0.03,no
2026-10-05T00:43:12.534818Z,KXZEC15M-26OCT042045-45,0.9890,52.00,no
2026-10-05T00:43:12.534818Z,KXZEC15M-26OCT042045-45,0.9890,33.39,no
2026-10-05T00:43:13.247915Z,KXZEC15M-26OCT042045-45,0.9920,18.12,yes
2026-10-05T00:43:13.247915Z,KXZEC15M-26OCT042045-45,0.9920,0.03,yes
2026-10-05T00:43:13.247915Z,KXZEC15M-26OCT042045-45,0.9920,5.00,yes
2026-10-05T00:43:13.247915Z,KXZEC15M-26OCT042045-45,0.9920,7.00,yes
2026-10-05T00:43:13.962377Z,KXZEC15M-26OCT042045-45,0.9920,5.55,yes
2026-10-05T00:43:19.019357Z,KXZEC15M-26OCT042045-45,0.9900,0.03,no
2026-10-05T00:43:19.430304Z,KXZEC15M-26OCT042045-45,0.9890,12.90,no
2026-10-05T00:43:19.451468Z,KXZEC15M-26OCT042045-45,0.9880,5.36,no
2026-10-05T00:43:19.451468Z,KXZEC15M-26OCT042045-45,0.9890,12.10,no
2026-10-05T00:43:19.871929Z,KXZEC15M-26OCT042045-45,0.9880,0.03,no
2026-10-05T00:43:19.871929Z,KXZEC15M-26OCT042045-45,0.9860,0.04,no
2026-10-05T00:43:19.871929Z,KXZEC15M-26OCT042045-45,0.9870,0.05,no
2026-10-05T00:43:19.871929Z,KXZEC15M-26OCT042045-45,0.9860,1.88,no
2026-10-05T00:43:20.62657Z,KXZEC15M-26OCT042045-45,0.9920,0.03,yes
2026-10-05T00:43:20.62657Z,KXZEC15M-26OCT042045-45,0.9920,5.00,yes
2026-10-05T00:43:20.62657Z,KXZEC15M-26OCT042045-45,0.9920,17.13,yes
2026-10-05T00:43:21.655649Z,KXZEC15M-26OCT042045-45,0.9890,20.00,yes
2026-10-05T00:43:23.188043Z,KXZEC15M-26OCT042045-45,0.9900,18.16,yes
2026-10-05T00:43:23.705043Z,KXZEC15M-26OCT042045-45,0.9880,52.00,no
2026-10-05T00:43:23.705043Z,KXZEC15M-26OCT042045-45,0.9880,20.00,no
2026-10-05T00:43:23.705043Z,KXZEC15M-26OCT042045-45,0.9890,18.16,no
2026-10-05T00:43:24.432499Z,KXZEC15M-26OCT042045-45,0.9910,9.21,yes
2026-10-05T00:43:24.432499Z,KXZEC15M-26OCT042045-45,0.9900,1.84,yes
2026-10-05T00:43:24.432499Z,KXZEC15M-26OCT042045-45,0.9900,0.03,yes
2026-10-05T00:43:26.943441Z,KXZEC15M-26OCT042045-45,0.9860,0.04,no
2026-10-05T00:43:26.943441Z,KXZEC15M-26OCT042045-45,0.9860,12.23,no
2026-10-05T00:43:26.943441Z,KXZEC15M-26OCT042045-45,0.9880,52.00,no
2026-10-05T00:43:26.943441Z,KXZEC15M-26OCT042045-45,0.9890,1.84,no
2026-10-05T00:43:26.943441Z,KXZEC15M-26OCT042045-45,0.9900,9.21,no
2026-10-05T00:43:26.943441Z,KXZEC15M-26OCT042045-45,0.9890,0.03,no
2026-10-05T00:43:26.943441Z,KXZEC15M-26OCT042045-45,0.9900,0.03,no
2026-10-05T00:43:26.943441Z,KXZEC15M-26OCT042045-45,0.9900,1.00,no
2026-10-05T00:43:26.943441Z,KXZEC15M-26OCT042045-45,0.9880,0.03,no
2026-10-05T00:43:27.390657Z,KXZEC15M-26OCT042045-45,0.9810,2.98,no
2026-10-05T00:43:27.390657Z,KXZEC15M-26OCT042045-45,0.9850,100.00,no
2026-10-05T00:43:27.390657Z,KXZEC15M-26OCT042045-45,0.9850,0.04,no
2026-10-05T00:43:27.390657Z,KXZEC15M-26OCT042045-45,0.9840,0.06,no
2026-10-05T00:43:27.390657Z,KXZEC15M-26OCT042045-45,0.9830,0.06,no
2026-10-05T00:43:27.390657Z,KXZEC15M-26OCT042045-45,0.9820,0.06,no
2026-10-05T00:43:27.390657Z,KXZEC15M-26OCT042045-45,0.9880,52.00,no
2026-10-05T00:43:27.390657Z,KXZEC15M-26OCT042045-45,0.9890,52.00,no
2026-10-05T00:43:27.390657Z,KXZEC15M-26OCT042045-45,0.9840,0.03,no
2026-10-05T00:43:29.42829Z,KXZEC15M-26OCT042045-45,0.9910,7.05,yes
2026-10-05T00:43:29.670656Z,KXZEC15M-26OCT042045-45,0.9910,97.10,yes
2026-10-05T00:43:29.670656Z,KXZEC15M-26OCT042045-45,0.9910,3.74,yes
2026-10-05T00:43:30.130419Z,KXZEC15M-26OCT042045-45,0.9920,10.64,yes
2026-10-05T00:43:30.167451Z,KXZEC15M-26OCT042045-45,0.9920,2.01,yes
2026-10-05T00:43:33.176945Z,KXZEC15M-26OCT042045-45,0.9920,0.03,yes
2026-10-05T00:43:33.176945Z,KXZEC15M-26OCT042045-45,0.9930,8.72,yes
2026-10-05T00:43:33.176945Z,KXZEC15M-26OCT042045-45,0.9920,7.35,yes
2026-10-05T00:43:34.172798Z,KXZEC15M-26OCT042045-45,0.9930,11.28,yes
2026-10-05T00:43:34.172798Z,KXZEC15M-26OCT042045-45,0.9930,13.88,yes
2026-10-05T00:43:34.797073Z,KXZEC15M-26OCT042045-45,0.9930,11.07,yes
2026-10-05T00:43:36.509098Z,KXZEC15M-26OCT042045-45,0.9910,10.64,no
2026-10-05T00:43:36.509098Z,KXZEC15M-26OCT042045-45,0.9910,19.45,no
2026-10-05T00:43:36.509098Z,KXZEC15M-26OCT042045-45,0.9910,2.01,no
2026-10-05T00:43:36.509098Z,KXZEC15M-26OCT042045-45,0.9920,11.28,no
2026-10-05T00:43:36.509098Z,KXZEC15M-26OCT042045-45,0.9910,7.35,no
2026-10-05T00:43:36.509098Z,KXZEC15M-26OCT042045-45,0.9920,8.72,no
2026-10-05T00:43:36.509098Z,KXZEC15M-26OCT042045-45,0.9910,0.03,no
2026-10-05T00:43:36.509098Z,KXZEC15M-26OCT042045-45,0.9920,52.00,no
2026-10-05T00:43:38.462266Z,KXZEC15M-26OCT042045-45,0.9930,11.07,yes
2026-10-05T00:43:38.462266Z,KXZEC15M-26OCT042045-45,0.9930,13.88,yes
2026-10-05T00:43:38.462266Z,KXZEC15M-26OCT042045-45,0.9930,5.00,yes
2026-10-05T00:43:38.462266Z,KXZEC15M-26OCT042045-45,0.9930,5.05,yes
2026-10-05T00:43:38.462266Z,KXZEC15M-26OCT042045-45,0.9940,174.90,yes
2026-10-05T00:43:40.599811Z,KXZEC15M-26OCT042045-45,0.9900,0.21,no
2026-10-05T00:43:40.599811Z,KXZEC15M-26OCT042045-45,0.9900,7.05,no
2026-10-05T00:43:40.599811Z,KXZEC15M-26OCT042045-45,0.9900,3.74,no
2026-10-05T00:43:41.206279Z,KXZEC15M-26OCT042045-45,0.9940,11.06,yes
2026-10-05T00:43:45.305263Z,KXZEC15M-26OCT042045-45,0.9790,13.32,no
2026-10-05T00:43:45.305263Z,KXZEC15M-26OCT042045-45,0.9890,0.03,no
2026-10-05T00:43:45.305263Z,KXZEC15M-26OCT042045-45,0.9900,0.03,no
2026-10-05T00:43:45.305263Z,KXZEC15M-26OCT042045-45,0.9910,0.03,no
2026-10-05T00:43:45.305263Z,KXZEC15M-26OCT042045-45,0.9880,0.03,no
2026-10-05T00:43:45.305263Z,KXZEC15M-26OCT042045-45,0.9890,52.00,no
2026-10-05T00:43:45.305263Z,KXZEC15M-26OCT042045-45,0.9910,52.00,no
2026-10-05T00:43:45.305263Z,KXZEC15M-26OCT042045-45,0.9890,41.00,no
2026-10-05T00:43:45.305263Z,KXZEC15M-26OCT042045-45,0.9870,0.03,no
2026-10-05T00:43:45.305263Z,KXZEC15M-26OCT042045-45,0.9900,5.00,no
2026-10-05T00:43:45.305263Z,KXZEC15M-26OCT042045-45,0.9830,0.04,no
2026-10-05T00:43:45.305263Z,KXZEC15M-26OCT042045-45,0.9820,0.05,no
2026-10-05T00:43:45.305263Z,KXZEC15M-26OCT042045-45,0.9900,24.79,no
2026-10-05T00:43:45.305263Z,KXZEC15M-26OCT042045-45,0.9840,0.04,no
2026-10-05T00:43:45.305263Z,KXZEC15M-26OCT042045-45,0.9880,100.00,no
2026-10-05T00:43:45.305263Z,KXZEC15M-26OCT042045-45,0.9790,0.08,no
2026-10-05T00:43:45.305263Z,KXZEC15M-26OCT042045-45,0.9800,0.07,no
2026-10-05T00:43:45.305263Z,KXZEC15M-26OCT042045-45,0.9870,100.00,no
2026-10-05T00:43:45.305263Z,KXZEC15M-26OCT042045-45,0.9810,0.07,no
2026-10-05T00:43:45.305263Z,KXZEC15M-26OCT042045-45,0.9810,1.22,no
2026-10-05T00:43:45.799556Z,KXZEC15M-26OCT042045-45,0.9940,59.55,yes
2026-10-05T00:43:45.799556Z,KXZEC15M-26OCT042045-45,0.9940,0.03,yes
2026-10-05T00:43:45.799556Z,KXZEC15M-26OCT042045-45,0.9940,18.00,yes
2026-10-05T00:43:45.799556Z,KXZEC15M-26OCT042045-45,0.9940,20.00,yes
2026-10-05T00:43:45.799556Z,KXZEC15M-26OCT042045-45,0.9940,14.04,yes
2026-10-05T00:43:48.470485Z,KXZEC15M-26OCT042045-45,0.9930,2.73,no
2026-10-05T00:43:49.27942Z,KXZEC15M-26OCT042045-45,0.9950,1.01,yes
2026-10-05T00:43:49.27942Z,KXZEC15M-26OCT042045-45,0.9940,0.76,yes
2026-10-05T00:43:49.27942Z,KXZEC15M-26OCT042045-45,0.9950,11.00,yes
2026-10-05T00:43:49.27942Z,KXZEC15M-26OCT042045-45,0.9950,1.00,yes
2026-10-05T00:43:49.347433Z,KXZEC15M-26OCT042045-45,0.9940,1.01,no
2026-10-05T00:43:49.347433Z,KXZEC15M-26OCT042045-45,0.9930,20.00,no
2026-10-05T00:43:49.347433Z,KXZEC15M-26OCT042045-45,0.9930,49.27,no
2026-10-05T00:43:50.467856Z,KXZEC15M-26OCT042045-45,0.9920,35.35,no
2026-10-05T00:43:50.851655Z,KXZEC15M-26OCT042045-45,0.9910,34.10,no
2026-10-05T00:43:50.851655Z,KXZEC15M-26OCT042045-45,0.9910,0.03,no
2026-10-05T00:43:51.516622Z,KXZEC15M-26OCT042045-45,0.9960,5.00,yes
2026-10-05T00:43:51.516622Z,KXZEC15M-26OCT042045-45,0.9950,104.00,yes
2026-10-05T00:43:51.516622Z,KXZEC15M-26OCT042045-45,0.9960,104.00,yes
2026-10-05T00:43:51.516622Z,KXZEC15M-26OCT042045-45,0.9950,0.03,yes
2026-10-05T00:43:51.516622Z,KXZEC15M-26OCT042045-45,0.9960,0.03,yes
2026-10-05T00:43:51.516622Z,KXZEC15M-26OCT042045-45,0.9950,14.00,yes
2026-10-05T00:43:51.516622Z,KXZEC15M-26OCT042045-45,0.9960,20.00,yes
2026-10-05T00:43:51.516622Z,KXZEC15M-26OCT042045-45,0.9950,18.99,yes
2026-10-05T00:43:51.516622Z,KXZEC15M-26OCT042045-45,0.9960,13.00,yes
2026-10-05T00:43:51.516622Z,KXZEC15M-26OCT042045-45,0.9960,1.00,yes
2026-10-05T00:43:51.516622Z,KXZEC15M-26OCT042045-45,0.9960,1.00,yes
2026-10-05T00:43:51.516622Z,KXZEC15M-26OCT042045-45,0.9960,1.00,yes
2026-10-05T00:43:51.516622Z,KXZEC15M-26OCT042045-45,0.9960,1.00,yes
2026-10-05T00:43:51.516622Z,KXZEC15M-26OCT042045-45,0.9960,1.00,yes
2026-10-05T00:43:51.516622Z,KXZEC15M-26OCT042045-45,0.9970,217.72,yes
2026-10-05T00:43:54.9658Z,KXZEC15M-26OCT042045-45,0.9960,10.42,yes
2026-10-05T00:43:55.561665Z,KXZEC15M-26OCT042045-45,0.9950,52.00,no
2026-10-05T00:43:55.561665Z,KXZEC15M-26OCT042045-45,0.9950,20.00,no
2026-10-05T00:43:55.561665Z,KXZEC15M-26OCT042045-45,0.9950,0.03,no
2026-10-05T00:43:56.337856Z,KXZEC15M-26OCT042045-45,0.9960,8.81,yes
2026-10-05T00:43:57.017541Z,KXZEC15M-26OCT042045-45,0.9960,8.81,yes
2026-10-05T00:43:57.017541Z,KXZEC15M-26OCT042045-45,0.9960,0.03,yes
2026-10-05T00:43:57.017541Z,KXZEC15M-26OCT042045-45,0.9960,10.42,yes
2026-10-05T00:43:57.017541Z,KXZEC15M-26OCT042045-45,0.9960,5.00,yes
2026-10-05T00:43:57.017541Z,KXZEC15M-26OCT042045-45,0.9960,0.77,yes
2026-10-05T00:43:57.346022Z,KXZEC15M-26OCT042045-45,0.9960,520.64,no
2026-10-05T00:43:59.049997Z,KXZEC15M-26OCT042045-45,0.9970,11.03,yes
2026-10-05T00:43:59.392213Z,KXZEC15M-26OCT042045-45,0.9960,39.97,no
2026-10-05T00:43:59.656555Z,KXZEC15M-26OCT042045-45,0.9970,19.03,yes
2026-10-05T00:43:59.656555Z,KXZEC15M-26OCT042045-45,0.9970,6.97,yes
2026-10-05T00:43:59.656555Z,KXZEC15M-26OCT042045-45,0.9970,2.00,yes
2026-10-05T00:43:59.656555Z,KXZEC15M-26OCT042045-45,0.9970,2.00,yes
2026-10-05T00:43:59.656555Z,KXZEC15M-26OCT042045-45,0.9970,2.00,yes
2026-10-05T00:43:59.656555Z,KXZEC15M-26OCT042045-45,0.9970,2.00,yes
2026-10-05T00:43:59.656555Z,KXZEC15M-26OCT042045-45,0.9970,2.00,yes
2026-10-05T00:44:00.148884Z,KXZEC15M-26OCT042045-45,0.9960,9.00,no
2026-10-05T00:44:00.148973Z,KXZEC15M-26OCT042045-45,0.9960,99.00,no
2026-10-05T00:44:00.159993Z,KXZEC15M-26OCT042045-45,0.9960,14.00,no
2026-10-05T00:44:00.16419Z,KXZEC15M-26OCT042045-45,0.9960,19.00,no
2026-10-05T00:44:00.564442Z,KXZEC15M-26OCT042045-45,0.9960,5.04,no
2026-10-05T00:44:00.702309Z,KXZEC15M-26OCT042045-45,0.9960,425.57,no
2026-10-05T00:44:00.822169Z,KXZEC15M-26OCT042045-45,0.9960,5.48,no
2026-10-05T00:44:06.213435Z,KXZEC15M-26OCT042045-45,0.9970,0.03,yes
2026-10-05T00:44:06.213435Z,KXZEC15M-26OCT042045-45,0.9970,0.97,yes
2026-10-05T00:44:06.213435Z,KXZEC15M-26OCT042045-45,0.9980,10.01,yes
2026-10-05T00:44:06.256398Z,KXZEC15M-26OCT042045-45,0.9980,54.43,yes
2026-10-05T00:44:07.055972Z,KXZEC15M-26OCT042045-45,0.9970,0.03,yes
2026-10-05T00:44:07.055972Z,KXZEC15M-26OCT042045-45,0.9970,0.50,yes
2026-10-05T00:44:07.055972Z,KXZEC15M-26OCT042045-45,0.9970,5.00,yes
2026-10-05T00:44:07.055972Z,KXZEC15M-26OCT042045-45,0.9970,5.00,yes
2026-10-05T00:44:07.055972Z,KXZEC15M-26OCT042045-45,0.9980,43.90,yes
2026-10-05T00:44:07.818518Z,KXZEC15M-26OCT042045-45,0.9980,54.43,yes
2026-10-05T00:44:08.57683Z,KXZEC15M-26OCT042045-45,0.9980,37.23,yes
2026-10-05T00:44:08.57683Z,KXZEC15M-26OCT042045-45,0.9980,17.20,yes
2026-10-05T00:44:10.203004Z,KXZEC15M-26OCT042045-45,0.9980,1.00,yes
2026-10-05T00:44:10.706403Z,KXZEC15M-26OCT042045-45,0.9980,111.20,yes
2026-10-05T00:44:11.303063Z,KXZEC15M-26OCT042045-45,0.9940,0.03,no
2026-10-05T00:44:11.303063Z,KXZEC15M-26OCT042045-45,0.9920,0.03,no
2026-10-05T00:44:11.303063Z,KXZEC15M-26OCT042045-45,0.9930,0.03,no
2026-10-05T00:44:11.303063Z,KXZEC15M-26OCT042045-45,0.9950,0.03,no
2026-10-05T00:44:11.303063Z,KXZEC15M-26OCT042045-45,0.9960,0.03,no
2026-10-05T00:44:11.303063Z,KXZEC15M-26OCT042045-45,0.9960,19.03,no
2026-10-05T00:44:11.303063Z,KXZEC15M-26OCT042045-45,0.9970,100.00,no
2026-10-05T00:44:11.303063Z,KXZEC15M-26OCT042045-45,0.9940,18.99,no
2026-10-05T00:44:11.303063Z,KXZEC15M-26OCT042045-45,0.9960,52.00,no
2026-10-05T00:44:11.303063Z,KXZEC15M-26OCT042045-45,0.9970,52.00,no
2026-10-05T00:44:11.303063Z,KXZEC15M-26OCT042045-45,0.9960,0.97,no
2026-10-05T00:44:11.303063Z,KXZEC15M-26OCT042045-45,0.9950,200.00,no
2026-10-05T00:44:11.303063Z,KXZEC15M-26OCT042045-45,0.9970,0.03,no
2026-10-05T00:44:11.303063Z,KXZEC15M-26OCT042045-45,0.9930,51.00,no
2026-10-05T00:44:11.303063Z,KXZEC15M-26OCT042045-45,0.9970,154.00,no
2026-10-05T00:44:11.303063Z,KXZEC15M-26OCT042045-45,0.9970,0.50,no
2026-10-05T00:44:11.303063Z,KXZEC15M-26OCT042045-45,0.9920,40.00,no
2026-10-05T00:44:11.303063Z,KXZEC15M-26OCT042045-45,0.9970,0.01,no
2026-10-05T00:44:11.303063Z,KXZEC15M-26OCT042045-45,0.9920,90.00,no
2026-10-05T00:44:11.303063Z,KXZEC15M-26OCT042045-45,0.9920,99.59,no
2026-10-05T00:44:11.303063Z,KXZEC15M-26OCT042045-45,0.9920,17.00,no
2026-10-05T00:44:11.438677Z,KXZEC15M-26OCT042045-45,0.9980,5.00,yes
2026-10-05T00:44:11.438677Z,KXZEC15M-26OCT042045-45,0.9980,0.03,yes
2026-10-05T00:44:11.438677Z,KXZEC15M-26OCT042045-45,0.9980,20.00,yes
2026-10-05T00:44:11.438677Z,KXZEC15M-26OCT042045-45,0.9980,3.00,yes
2026-10-05T00:44:11.438677Z,KXZEC15M-26OCT042045-45,0.9980,3.00,yes
2026-10-05T00:44:11.438677Z,KXZEC15M-26OCT042045-45,0.9980,3.00,yes
2026-10-05T00:44:11.438677Z,KXZEC15M-26OCT042045-45,0.9980,3.00,yes
2026-10-05T00:44:11.438677Z,KXZEC15M-26OCT042045-45,0.9980,3.00,yes
2026-10-05T00:44:11.438677Z,KXZEC15M-26OCT042045-45,0.9980,26.00,yes
2026-10-05T00:44:11.438677Z,KXZEC15M-26OCT042045-45,0.9980,70.60,yes
2026-10-05T00:44:12.301641Z,KXZEC15M-26OCT042045-45,0.9920,58.69,no
2026-10-05T00:44:12.301641Z,KXZEC15M-26OCT042045-45,0.9930,51.00,no
2026-10-05T00:44:12.301641Z,KXZEC15M-26OCT042045-45,0.9960,0.03,no
2026-10-05T00:44:12.301641Z,KXZEC15M-26OCT042045-45,0.9970,1.00,no
2026-10-05T00:44:12.301641Z,KXZEC15M-26OCT042045-45,0.9930,0.03,no
2026-10-05T00:44:12.301641Z,KXZEC15M-26OCT042045-45,0.9970,0.03,no
2026-10-05T00:44:12.301641Z,KXZEC15M-26OCT042045-45,0.9970,20.00,no
2026-10-05T00:44:12.301641Z,KXZEC15M-26OCT042045-45,0.9960,1.00,no
2026-10-05T00:44:12.75576Z,KXZEC15M-26OCT042045-45,0.9930,0.84,no
2026-10-05T00:44:12.75576Z,KXZEC15M-26OCT042045-45,0.9960,100.00,no
2026-10-05T00:44:13.218812Z,KXZEC15M-26OCT042045-45,0.9930,0.04,no
2026-10-05T00:44:13.218812Z,KXZEC15M-26OCT042045-45,0.9930,22.46,no
2026-10-05T00:44:14.404481Z,KXZEC15M-26OCT042045-45,0.9980,5.00,yes
2026-10-05T00:44:14.404481Z,KXZEC15M-26OCT042045-45,0.9980,77.53,yes
2026-10-05T00:44:14.404481Z,KXZEC15M-26OCT042045-45,0.9970,0.50,yes
2026-10-05T00:44:14.404481Z,KXZEC15M-26OCT042045-45,0.9970,5.00,yes
2026-10-05T00:44:15.674391Z,KXZEC15M-26OCT042045-45,0.9980,22.04,yes
2026-10-05T00:44:16.525093Z,KXZEC15M-26OCT042045-45,0.9980,53.00,yes
2026-10-05T00:44:16.988329Z,KXZEC15M-26OCT042045-45,0.9980,0.06,yes
2026-10-05T00:44:18.678644Z,KXZEC15M-26OCT042045-45,0.9940,0.50,no
2026-10-05T00:44:18.678644Z,KXZEC15M-26OCT042045-45,0.9960,52.00,no
2026-10-05T00:44:18.678644Z,KXZEC15M-26OCT042045-45,0.9950,52.00,no
2026-10-05T00:44:18.678644Z,KXZEC15M-26OCT042045-45,0.9960,0.01,no
2026-10-05T00:44:18.678644Z,KXZEC15M-26OCT042045-45,0.9960,100.00,no
2026-10-05T00:44:18.678644Z,KXZEC15M-26OCT042045-45,0.9930,6.68,no
2026-10-05T00:44:24.319475Z,KXZEC15M-26OCT042045-45,0.9980,39.56,yes
2026-10-05T00:44:24.319475Z,KXZEC15M-26OCT042045-45,0.9970,5.00,yes
2026-10-05T00:44:24.319475Z,KXZEC15M-26OCT042045-45,0.9970,5.00,yes
2026-10-05T00:44:24.319475Z,KXZEC15M-26OCT042045-45,0.9970,0.50,yes
2026-10-05T00:44:24.319475Z,KXZEC15M-26OCT042045-45,0.9970,0.03,yes
2026-10-05T00:44:26.742157Z,KXZEC15M-26OCT042045-45,0.9980,14.00,yes
2026-10-05T00:44:27.089869Z,KXZEC15M-26OCT042045-45,0.9980,105.00,yes
2026-10-05T00:44:27.089869Z,KXZEC15M-26OCT042045-45,0.9980,5.00,yes
2026-10-05T00:44:27.089869Z,KXZEC15M-26OCT042045-45,0.9980,96.62,yes
2026-10-05T00:44:27.089869Z,KXZEC15M-26OCT042045-45,0.9980,93.38,yes
2026-10-05T00:44:29.484768Z,KXZEC15M-26OCT042045-45,0.9980,300.55,yes
2026-10-05T00:44:29.706173Z,KXZEC15M-26OCT042045-45,0.9980,400.00,yes
2026-10-05T00:44:29.763186Z,KXZEC15M-26OCT042045-45,0.9990,210.00,yes
2026-10-05T00:44:29.763186Z,KXZEC15M-26OCT042045-45,0.9980,5.00,yes
2026-10-05T00:44:29.763186Z,KXZEC15M-26OCT042045-45,0.9990,40.00,yes
2026-10-05T00:44:29.763186Z,KXZEC15M-26OCT042045-45,0.9980,365.56,yes
2026-10-05T00:44:29.763186Z,KXZEC15M-26OCT042045-45,0.9990,0.22,yes
2026-10-05T00:44:29.763186Z,KXZEC15M-26OCT042045-45,0.9990,20.00,yes
2026-10-05T00:44:29.763186Z,KXZEC15M-26OCT042045-45,0.9990,1.00,yes
2026-10-05T00:44:29.763186Z,KXZEC15M-26OCT042045-45,0.9990,200.00,yes
2026-10-05T00:44:29.763186Z,KXZEC15M-26OCT042045-45,0.9990,1.00,yes
2026-10-05T00:44:29.763186Z,KXZEC15M-26OCT042045-45,0.9990,1.00,yes
2026-10-05T00:44:34.116119Z,KXZEC15M-26OCT042045-45,0.9600,0.36,no
2026-10-05T00:44:34.116119Z,KXZEC15M-26OCT042045-45,0.9660,0.21,no
2026-10-05T00:44:34.116119Z,KXZEC15M-26OCT042045-45,0.9650,0.23,no
2026-10-05T00:44:34.116119Z,KXZEC15M-26OCT042045-45,0.9670,0.19,no
2026-10-05T00:44:34.116119Z,KXZEC15M-26OCT042045-45,0.9620,0.30,no
2026-10-05T00:44:34.116119Z,KXZEC15M-26OCT042045-45,0.9610,0.33,no
2026-10-05T00:44:34.116119Z,KXZEC15M-26OCT042045-45,0.9640,0.25,no
2026-10-05T00:44:34.116119Z,KXZEC15M-26OCT042045-45,0.9630,0.28,no
2026-10-05T00:44:34.116119Z,KXZEC15M-26OCT042045-45,0.9690,0.16,no
2026-10-05T00:44:34.116119Z,KXZEC15M-26OCT042045-45,0.9700,0.17,no
2026-10-05T00:44:34.116119Z,KXZEC15M-26OCT042045-45,0.9680,0.17,no
2026-10-05T00:44:34.116119Z,KXZEC15M-26OCT042045-45,0.9720,0.15,no
2026-10-05T00:44:34.116119Z,KXZEC15M-26OCT042045-45,0.9710,0.16,no
2026-10-05T00:44:34.116119Z,KXZEC15M-26OCT042045-45,0.9730,0.13,no
2026-10-05T00:44:34.116119Z,KXZEC15M-26OCT042045-45,0.9770,0.09,no
2026-10-05T00:44:34.116119Z,KXZEC15M-26OCT042045-45,0.9740,0.12,no
2026-10-05T00:44:34.116119Z,KXZEC15M-26OCT042045-45,0.9760,0.10,no
2026-10-05T00:44:34.116119Z,KXZEC15M-26OCT042045-45,0.9750,0.11,no
2026-10-05T00:44:34.116119Z,KXZEC15M-26OCT042045-45,0.9780,0.09,no
2026-10-05T00:44:34.116119Z,KXZEC15M-26OCT042045-45,0.9700,100.00,no
2026-10-05T00:44:34.116119Z,KXZEC15M-26OCT042045-45,0.9700,100.00,no
2026-10-05T00:44:34.116119Z,KXZEC15M-26OCT042045-45,0.9400,315.10,no
2026-10-05T00:44:34.116119Z,KXZEC15M-26OCT042045-45,0.9430,100.00,no
2026-10-05T00:44:34.116119Z,KXZEC15M-26OCT042045-45,0.9920,55.00,no
2026-10-05T00:44:34.116119Z,KXZEC15M-26OCT042045-45,0.9690,5.00,no
2026-10-05T00:44:34.116119Z,KXZEC15M-26OCT042045-45,0.9920,10.00,no
2026-10-05T00:44:34.116119Z,KXZEC15M-26OCT042045-45,0.9900,5.00,no
2026-10-05T00:44:34.116119Z,KXZEC15M-26OCT042045-45,0.9900,30.00,no
2026-10-05T00:44:34.116119Z,KXZEC15M-26OCT042045-45,0.9900,10.00,no
2026-10-05T00:44:34.116119Z,KXZEC15M-26OCT042045-45,0.9900,20.00,no
2026-10-05T00:44:34.116119Z,KXZEC15M-26OCT042045-45,0.9920,5.00,no
2026-10-05T00:44:34.116119Z,KXZEC15M-26OCT042045-45,0.9900,10.00,no
2026-10-05T00:44:34.116119Z,KXZEC15M-26OCT042045-45,0.9900,5.00,no
2026-10-05T00:44:34.116119Z,KXZEC15M-26OCT042045-45,0.9920,25.00,no
2026-10-05T00:44:34.116119Z,KXZEC15M-26OCT042045-45,0.9900,500.00,no
2026-10-05T00:44:34.116119Z,KXZEC15M-26OCT042045-45,0.9920,20.00,no
2026-10-05T00:44:34.116119Z,KXZEC15M-26OCT042045-45,0.9920,25.00,no
2026-10-05T00:44:34.116119Z,KXZEC15M-26OCT042045-45,0.9920,25.00,no
2026-10-05T00:44:34.116119Z,KXZEC15M-26OCT042045-45,0.9960,175.00,no
2026-10-05T00:44:34.116119Z,KXZEC15M-26OCT042045-45,0.9810,1.00,no
2026-10-05T00:44:34.116119Z,KXZEC15M-26OCT042045-45,0.9940,52.00,no
2026-10-05T00:44:34.116119Z,KXZEC15M-26OCT042045-45,0.9970,20.00,no
2026-10-05T00:44:34.116119Z,KXZEC15M-26OCT042045-45,0.9970,200.00,no
2026-10-05T00:44:34.116119Z,KXZEC15M-26OCT042045-45,0.9500,895.27,no
2026-10-05T00:44:34.116119Z,KXZEC15M-26OCT042045-45,0.9840,3.00,no
2026-10-05T00:44:34.116119Z,KXZEC15M-26OCT042045-45,0.9950,150.00,no
2026-10-05T00:44:34.116119Z,KXZEC15M-26OCT042045-45,0.9950,100.00,no
2026-10-05T00:44:34.116119Z,KXZEC15M-26OCT042045-45,0.9930,240.00,no
2026-10-05T00:44:34.116119Z,KXZEC15M-26OCT042045-45,0.9440,1.19,no
2026-10-05T00:44:34.116119Z,KXZEC15M-26OCT042045-45,0.9440,8.81,no
2026-10-05T00:44:34.116119Z,KXZEC15M-26OCT042045-45,0.9930,0.04,no
2026-10-05T00:44:34.116119Z,KXZEC15M-26OCT042045-45,0.9440,1.98,no
2026-10-05T00:44:34.116119Z,KXZEC15M-26OCT042045-45,0.9450,2.89,no
2026-10-05T00:44:34.116119Z,KXZEC15M-26OCT042045-45,0.9970,90.00,no
2026-10-05T00:44:34.116119Z,KXZEC15M-26OCT042045-45,0.9920,0.04,no
2026-10-05T00:44:34.116119Z,KXZEC15M-26OCT042045-45,0.9920,111.00,no
2026-10-05T00:44:34.116119Z,KXZEC15M-26OCT042045-45,0.9920,71.00,no
2026-10-05T00:44:34.116119Z,KXZEC15M-26OCT042045-45,0.9920,1.00,no
2026-10-05T00:44:34.116119Z,KXZEC15M-26OCT042045-45,0.9470,2.39,no
2026-10-05T00:44:34.116119Z,KXZEC15M-26OCT042045-45,0.9460,2.62,no
2026-10-05T00:44:34.116119Z,KXZEC15M-26OCT042045-45,0.9480,13.51,no
2026-10-05T00:44:34.116119Z,KXZEC15M-26OCT042045-45,0.9890,10.13,no
2026-10-05T00:44:34.116119Z,KXZEC15M-26OCT042045-45,0.9850,0.07,no
2026-10-05T00:44:34.116119Z,KXZEC15M-26OCT042045-45,0.9840,0.08,no
2026-10-05T00:44:34.116119Z,KXZEC15M-26OCT042045-45,0.9850,20.00,no
2026-10-05T00:44:34.116119Z,KXZEC15M-26OCT042045-45,0.9900,4.98,no
2026-10-05T00:44:34.116119Z,KXZEC15M-26OCT042045-45,0.9900,0.04,no
2026-10-05T00:44:34.116119Z,KXZEC15M-26OCT042045-45,0.9910,0.04,no
2026-10-05T00:44:34.116119Z,KXZEC15M-26OCT042045-45,0.9880,0.05,no
2026-10-05T00:44:34.116119Z,KXZEC15M-26OCT042045-45,0.9890,0.05,no
2026-10-05T00:44:34.116119Z,KXZEC15M-26OCT042045-45,0.9830,0.08,no
2026-10-05T00:44:34.116119Z,KXZEC15M-26OCT042045-45,0.9860,0.06,no
2026-10-05T00:44:34.116119Z,KXZEC15M-26OCT042045-45,0.9870,0.06,no
2026-10-05T00:44:34.116119Z,KXZEC15M-26OCT042045-45,0.9810,0.04,no
2026-10-05T00:44:34.116119Z,KXZEC15M-26OCT042045-45,0.9800,0.05,no
2026-10-05T00:44:34.116119Z,KXZEC15M-26OCT042045-45,0.9860,100.00,no
2026-10-05T00:44:34.116119Z,KXZEC15M-26OCT042045-45,0.9790,0.05,no
2026-10-05T00:44:34.116119Z,KXZEC15M-26OCT042045-45,0.9820,0.04,no
2026-10-05T00:44:34.116119Z,KXZEC15M-26OCT042045-45,0.9480,0.93,no
2026-10-05T00:44:34.116119Z,KXZEC15M-26OCT042045-45,0.9550,0.48,no
2026-10-05T00:44:34.116119Z,KXZEC15M-26OCT042045-45,0.9510,0.70,no
2026-10-05T00:44:34.116119Z,KXZEC15M-26OCT042045-45,0.9530,0.58,no
2026-10-05T00:44:34.116119Z,KXZEC15M-26OCT042045-45,0.9500,0.77,no
2026-10-05T00:44:34.116119Z,KXZEC15M-26OCT042045-45,0.9520,0.64,no
2026-10-05T00:44:34.116119Z,KXZEC15M-26OCT042045-45,0.9490,0.84,no
2026-10-05T00:44:34.116119Z,KXZEC15M-26OCT042045-45,0.9590,0.33,no
2026-10-05T00:44:34.116119Z,KXZEC15M-26OCT042045-45,0.9560,0.44,no
2026-10-05T00:44:34.116119Z,KXZEC15M-26OCT042045-45,0.9540,0.53,no
2026-10-05T00:44:34.116119Z,KXZEC15M-26OCT042045-45,0.9580,0.36,no
2026-10-05T00:44:34.116119Z,KXZEC15M-26OCT042045-45,0.9570,0.40,no
2026-10-05T00:44:34.208059Z,KXZEC15M-26OCT042045-45,0.9990,100.00,yes
2026-10-05T00:44:34.519562Z,KXZEC15M-26OCT042045-45,0.9970,5.00,yes
2026-10-05T00:44:34.519562Z,KXZEC15M-26OCT042045-45,0.9960,0.04,yes
2026-10-05T00:44:34.519562Z,KXZEC15M-26OCT042045-45,0.9970,5.00,yes
2026-10-05T00:44:34.519562Z,KXZEC15M-26OCT042045-45,0.9980,194.96,yes
2026-10-05T00:44:34.736829Z,KXZEC15M-26OCT042045-45,0.9980,5.04,yes
2026-10-05T00:44:34.736829Z,KXZEC15M-26OCT042045-45,0.9980,103.96,yes
2026-10-05T00:44:34.736829Z,KXZEC15M-26OCT042045-45,0.9980,5.00,yes
2026-10-05T00:44:34.871618Z,KXZEC15M-26OCT042045-45,0.9980,5.00,yes
2026-10-05T00:44:35.208555Z,KXZEC15M-26OCT042045-45,0.9950,39.60,no
2026-10-05T00:44:35.603725Z,KXZEC15M-26OCT042045-45,0.9980,104.26,yes
2026-10-05T00:44:35.603725Z,KXZEC15M-26OCT042045-45,0.9960,44.74,yes
2026-10-05T00:44:39.065099Z,KXZEC15M-26OCT042045-45,0.9960,69.00,no
2026-10-05T00:44:39.065099Z,KXZEC15M-26OCT042045-45,0.9950,75.47,no
2026-10-05T00:44:39.065099Z,KXZEC15M-26OCT042045-45,0.9960,52.00,no
2026-10-05T00:44:39.153069Z,KXZEC15M-26OCT042045-45,0.9980,0.50,yes
2026-10-05T00:44:42.006607Z,KXZEC15M-26OCT042045-45,0.9980,2.50,yes
2026-10-05T00:44:42.006607Z,KXZEC15M-26OCT042045-45,0.9980,2.50,yes
2026-10-05T00:44:44.068997Z,KXZEC15M-26OCT042045-45,0.9990,69.00,yes
2026-10-05T00:44:44.068997Z,KXZEC15M-26OCT042045-45,0.9990,18.00,yes
2026-10-05T00:44:44.068997Z,KXZEC15M-26OCT042045-45,0.9990,13.00,yes
2026-10-05T00:44:44.068997Z,KXZEC15M-26OCT042045-45,0.9990,100.00,yes
2026-10-05T00:44:45.923523Z,KXZEC15M-26OCT042045-45,0.9990,97.47,yes
2026-10-05T00:44:45.923523Z,KXZEC15M-26OCT042045-45,0.9990,1.00,yes
2026-10-05T00:44:56.990146Z,KXZEC15M-26OCT042045-45,0.9980,121.39,no
2026-10-05T00:44:59.678881Z,KXZEC15M-26OCT042045-45,0.9990,467.36,no
2026-10-05T00:44:59.886077Z,KXZEC15M-26OCT042045-45,0.9990,2198.55,no
2026-10-05T00:43:15.315657Z,KXHYPE15M-26OCT042045-45,0.0400,5.17,no
2026-10-05T00:43:16.222758Z,KXHYPE15M-26OCT042045-45,0.0210,10.03,no
2026-10-05T00:43:16.222758Z,KXHYPE15M-26OCT042045-45,0.0220,34.00,no
2026-10-05T00:43:16.222758Z,KXHYPE15M-26OCT042045-45,0.0370,0.03,no
2026-10-05T00:43:16.222758Z,KXHYPE15M-26OCT042045-45,0.0350,5.00,no
2026-10-05T00:43:16.222758Z,KXHYPE15M-26OCT042045-45,0.0310,1.00,no
2026-10-05T00:43:16.222758Z,KXHYPE15M-26OCT042045-45,0.0240,1.00,no
2026-10-05T00:43:16.222758Z,KXHYPE15M-26OCT042045-45,0.0310,0.03,no
2026-10-05T00:43:16.576083Z,KXHYPE15M-26OCT042045-45,0.0390,11.00,yes
2026-10-05T00:43:16.576083Z,KXHYPE15M-26OCT042045-45,0.0660,2.00,yes
2026-10-05T00:43:16.576083Z,KXHYPE15M-26OCT042045-45,0.0650,2.00,yes
2026-10-05T00:43:16.576083Z,KXHYPE15M-26OCT042045-45,0.0680,0.12,yes
2026-10-05T00:43:16.805433Z,KXHYPE15M-26OCT042045-45,0.0270,0.05,no
2026-10-05T00:43:16.805433Z,KXHYPE15M-26OCT042045-45,0.0360,0.03,no
2026-10-05T00:43:16.805433Z,KXHYPE15M-26OCT042045-45,0.0300,0.03,no
2026-10-05T00:43:16.890279Z,KXHYPE15M-26OCT042045-45,0.0090,68.84,no
2026-10-05T00:43:16.890279Z,KXHYPE15M-26OCT042045-45,0.0190,1.00,no
2026-10-05T00:43:16.890279Z,KXHYPE15M-26OCT042045-45,0.0110,4.00,no
2026-10-05T00:43:16.890279Z,KXHYPE15M-26OCT042045-45,0.0110,0.04,no
2026-10-05T00:43:16.890279Z,KXHYPE15M-26OCT042045-45,0.0110,12.29,no
2026-10-05T00:43:16.890279Z,KXHYPE15M-26OCT042045-45,0.0110,1.14,no
2026-10-05T00:43:16.890279Z,KXHYPE15M-26OCT042045-45,0.0110,0.19,no
2026-10-05T00:43:16.890279Z,KXHYPE15M-26OCT042045-45,0.0110,1.71,no
2026-10-05T00:43:16.890279Z,KXHYPE15M-26OCT042045-45,0.0130,1.00,no
2026-10-05T00:43:16.890279Z,KXHYPE15M-26OCT042045-45,0.0110,6.81,no
2026-10-05T00:43:16.890279Z,KXHYPE15M-26OCT042045-45,0.0160,1.00,no
2026-10-05T00:43:16.890279Z,KXHYPE15M-26OCT042045-45,0.0110,1.07,no
2026-10-05T00:43:16.890279Z,KXHYPE15M-26OCT042045-45,0.0110,0.05,no
2026-10-05T00:43:16.890279Z,KXHYPE15M-26OCT042045-45,0.0110,1.00,no
2026-10-05T00:43:16.890279Z,KXHYPE15M-26OCT042045-45,0.0110,8.39,no
2026-10-05T00:43:16.890279Z,KXHYPE15M-26OCT042045-45,0.0110,2.00,no
2026-10-05T00:43:16.890279Z,KXHYPE15M-26OCT042045-45,0.0110,1.00,no
2026-10-05T00:43:16.890279Z,KXHYPE15M-26OCT042045-45,0.0110,16.51,no
2026-10-05T00:43:16.890279Z,KXHYPE15M-26OCT042045-45,0.0110,4.00,no
2026-10-05T00:43:16.890279Z,KXHYPE15M-26OCT042045-45,0.0110,5.36,no
2026-10-05T00:43:16.890279Z,KXHYPE15M-26OCT042045-45,0.0110,1.51,no
2026-10-05T00:43:16.890279Z,KXHYPE15M-26OCT042045-45,0.0110,1.52,no
2026-10-05T00:43:16.890279Z,KXHYPE15M-26OCT042045-45,0.0110,2.00,no
2026-10-05T00:43:16.890279Z,KXHYPE15M-26OCT042045-45,0.0110,26.00,no
2026-10-05T00:43:16.890279Z,KXHYPE15M-26OCT042045-45,0.0110,16.33,no
2026-10-05T00:43:16.890279Z,KXHYPE15M-26OCT042045-45,0.0110,0.49,no
2026-10-05T00:43:16.890279Z,KXHYPE15M-26OCT042045-45,0.0110,5.25,no
2026-10-05T00:43:16.890279Z,KXHYPE15M-26OCT042045-45,0.0110,37.00,no
2026-10-05T00:43:16.890279Z,KXHYPE15M-26OCT042045-45,0.0120,4.00,no
2026-10-05T00:43:16.890279Z,KXHYPE15M-26OCT042045-45,0.0260,2.00,no
2026-10-05T00:43:16.890279Z,KXHYPE15M-26OCT042045-45,0.0270,0.95,no
2026-10-05T00:43:16.890279Z,KXHYPE15M-26OCT042045-45,0.0230,1.00,no
2026-10-05T00:43:16.890279Z,KXHYPE15M-26OCT042045-45,0.0270,2.00,no
2026-10-05T00:43:16.890279Z,KXHYPE15M-26OCT042045-45,0.0110,24.34,no
2026-10-05T00:43:16.890279Z,KXHYPE15M-26OCT042045-45,0.0100,25.00,no
2026-10-05T00:43:16.938861Z,KXHYPE15M-26OCT042045-45,0.0240,2.00,no
2026-10-05T00:43:16.938861Z,KXHYPE15M-26OCT042045-45,0.0230,2.00,no
2026-10-05T00:43:17.579391Z,KXHYPE15M-26OCT042045-45,0.0160,8.42,yes
2026-10-05T00:43:17.782919Z,KXHYPE15M-26OCT042045-45,0.0140,2.00,no
2026-10-05T00:43:17.782919Z,KXHYPE15M-26OCT042045-45,0.0150,2.00,no
2026-10-05T00:43:17.782919Z,KXHYPE15M-26OCT042045-45,0.0150,1.00,no
2026-10-05T00:43:17.782919Z,KXHYPE15M-26OCT042045-45,0.0100,0.03,no
2026-10-05T00:43:17.782919Z,KXHYPE15M-26OCT042045-45,0.0140,0.03,no
2026-10-05T00:43:17.782919Z,KXHYPE15M-26OCT042045-45,0.0150,0.03,no
2026-10-05T00:43:17.782919Z,KXHYPE15M-26OCT042045-45,0.0120,0.03,no
2026-10-05T00:43:17.782919Z,KXHYPE15M-26OCT042045-45,0.0100,25.00,no
2026-10-05T00:43:17.782919Z,KXHYPE15M-26OCT042045-45,0.0120,1.00,no
2026-10-05T00:43:17.878216Z,KXHYPE15M-26OCT042045-45,0.0120,2.00,no
2026-10-05T00:43:17.878216Z,KXHYPE15M-26OCT042045-45,0.0110,0.03,no
2026-10-05T00:43:18.117821Z,KXHYPE15M-26OCT042045-45,0.0110,5.93,no
2026-10-05T00:43:18.117821Z,KXHYPE15M-26OCT042045-45,0.0110,2.00,no
2026-10-05T00:43:18.117821Z,KXHYPE15M-26OCT042045-45,0.0110,2.00,no
2026-10-05T00:43:18.12904Z,KXHYPE15M-26OCT042045-45,0.0110,2.49,no
2026-10-05T00:43:18.460489Z,KXHYPE15M-26OCT042045-45,0.0160,2.17,yes
2026-10-05T00:43:19.29064Z,KXHYPE15M-26OCT042045-45,0.0160,1.00,yes
2026-10-05T00:43:19.29064Z,KXHYPE15M-26OCT042045-45,0.0160,16.51,yes
2026-10-05T00:43:19.29064Z,KXHYPE15M-26OCT042045-45,0.0160,1.00,yes
2026-10-05T00:43:19.29064Z,KXHYPE15M-26OCT042045-45,0.0160,2.00,yes
2026-10-05T00:43:19.29064Z,KXHYPE15M-26OCT042045-45,0.0160,0.03,yes
2026-10-05T00:43:19.29064Z,KXHYPE15M-26OCT042045-45,0.0160,0.49,yes
2026-10-05T00:43:19.29064Z,KXHYPE15M-26OCT042045-45,0.0160,3.32,yes
2026-10-05T00:43:19.29064Z,KXHYPE15M-26OCT042045-45,0.0160,26.00,yes
2026-10-05T00:43:19.29064Z,KXHYPE15M-26OCT042045-45,0.0160,1.51,yes
2026-10-05T00:43:19.29064Z,KXHYPE15M-26OCT042045-45,0.0160,16.33,yes
2026-10-05T00:43:19.29064Z,KXHYPE15M-26OCT042045-45,0.0160,2.00,yes
2026-10-05T00:43:19.29064Z,KXHYPE15M-26OCT042045-45,0.0160,37.00,yes
2026-10-05T00:43:19.29064Z,KXHYPE15M-26OCT042045-45,0.0160,9.75,yes
2026-10-05T00:43:19.656874Z,KXHYPE15M-26OCT042045-45,0.0110,1.00,no
2026-10-05T00:43:19.656874Z,KXHYPE15M-26OCT042045-45,0.0130,0.03,no
2026-10-05T00:43:19.656874Z,KXHYPE15M-26OCT042045-45,0.0110,9.75,no
2026-10-05T00:43:19.656874Z,KXHYPE15M-26OCT042045-45,0.0110,0.25,no
2026-10-05T00:43:19.656874Z,KXHYPE15M-26OCT042045-45,0.0120,2.00,no
2026-10-05T00:43:19.656874Z,KXHYPE15M-26OCT042045-45,0.0120,0.03,no
2026-10-05T00:43:19.656874Z,KXHYPE15M-26OCT042045-45,0.0130,2.00,no
2026-10-05T00:43:19.656874Z,KXHYPE15M-26OCT042045-45,0.0110,0.03,no
2026-10-05T00:43:19.656874Z,KXHYPE15M-26OCT042045-45,0.0110,2.17,no
2026-10-05T00:43:19.656874Z,KXHYPE15M-26OCT042045-45,0.0110,3.00,no
2026-10-05T00:43:20.048585Z,KXHYPE15M-26OCT042045-45,0.0160,1.52,yes
2026-10-05T00:43:20.048585Z,KXHYPE15M-26OCT042045-45,0.0160,5.36,yes
2026-10-05T00:43:20.048585Z,KXHYPE15M-26OCT042045-45,0.0160,0.19,yes
2026-10-05T00:43:20.048585Z,KXHYPE15M-26OCT042045-45,0.0160,0.05,yes
2026-10-05T00:43:20.048585Z,KXHYPE15M-26OCT042045-45,0.0160,1.71,yes
2026-10-05T00:43:20.048585Z,KXHYPE15M-26OCT042045-45,0.0160,5.25,yes
2026-10-05T00:43:20.048585Z,KXHYPE15M-26OCT042045-45,0.0160,7.83,yes
2026-10-05T00:43:20.048585Z,KXHYPE15M-26OCT042045-45,0.0160,1.07,yes
2026-10-05T00:43:20.048585Z,KXHYPE15M-26OCT042045-45,0.0160,0.68,yes
2026-10-05T00:43:20.048585Z,KXHYPE15M-26OCT042045-45,0.0160,8.39,yes
2026-10-05T00:43:20.048585Z,KXHYPE15M-26OCT042045-45,0.0160,1.14,yes
2026-10-05T00:43:20.048585Z,KXHYPE15M-26OCT042045-45,0.0160,6.81,yes
2026-10-05T00:43:20.071599Z,KXHYPE15M-26OCT042045-45,0.0120,1.00,no
2026-10-05T00:43:20.071599Z,KXHYPE15M-26OCT042045-45,0.0120,0.03,no
2026-10-05T00:43:20.071599Z,KXHYPE15M-26OCT042045-45,0.0110,29.97,no
2026-10-05T00:43:20.218691Z,KXHYPE15M-26OCT042045-45,0.0180,48.68,yes
2026-10-05T00:43:20.218691Z,KXHYPE15M-26OCT042045-45,0.0160,0.03,yes
2026-10-05T00:43:20.218691Z,KXHYPE15M-26OCT042045-45,0.0160,9.75,yes
2026-10-05T00:43:20.218691Z,KXHYPE15M-26OCT042045-45,0.0160,2.17,yes
2026-10-05T00:43:20.218691Z,KXHYPE15M-26OCT042045-45,0.0160,0.25,yes
2026-10-05T00:43:20.218691Z,KXHYPE15M-26OCT042045-45,0.0160,2.00,yes
2026-10-05T00:43:20.218691Z,KXHYPE15M-26OCT042045-45,0.0160,5.93,yes
2026-10-05T00:43:20.218691Z,KXHYPE15M-26OCT042045-45,0.0160,2.49,yes
2026-10-05T00:43:20.218691Z,KXHYPE15M-26OCT042045-45,0.0160,2.00,yes
2026-10-05T00:43:20.218691Z,KXHYPE15M-26OCT042045-45,0.0160,25.00,yes
2026-10-05T00:43:20.218691Z,KXHYPE15M-26OCT042045-45,0.0160,0.04,yes
2026-10-05T00:43:20.218691Z,KXHYPE15M-26OCT042045-45,0.0160,4.46,yes
2026-10-05T00:43:20.218691Z,KXHYPE15M-26OCT042045-45,0.0160,4.00,yes
2026-10-05T00:43:20.669304Z,KXHYPE15M-26OCT042045-45,0.0110,0.29,no
2026-10-05T00:43:20.669304Z,KXHYPE15M-26OCT042045-45,0.0110,6.78,no
2026-10-05T00:43:21.779668Z,KXHYPE15M-26OCT042045-45,0.0110,16.04,no
2026-10-05T00:43:21.779668Z,KXHYPE15M-26OCT042045-45,0.0110,26.00,no
2026-10-05T00:43:21.779668Z,KXHYPE15M-26OCT042045-45,0.0110,7.96,no
2026-10-05T00:43:21.835324Z,KXHYPE15M-26OCT042045-45,0.0160,2.30,yes
2026-10-05T00:43:22.011765Z,KXHYPE15M-26OCT042045-45,0.0160,16.04,yes
2026-10-05T00:43:22.011765Z,KXHYPE15M-26OCT042045-45,0.0160,21.04,yes
2026-10-05T00:43:22.011765Z,KXHYPE15M-26OCT042045-45,0.0160,0.29,yes
2026-10-05T00:43:22.011765Z,KXHYPE15M-26OCT042045-45,0.0160,0.03,yes
2026-10-05T00:43:22.011765Z,KXHYPE15M-26OCT042045-45,0.0160,6.78,yes
2026-10-05T00:43:22.011765Z,KXHYPE15M-26OCT042045-45,0.0160,27.67,yes
2026-10-05T00:43:22.340154Z,KXHYPE15M-26OCT042045-45,0.0110,2.00,no
2026-10-05T00:43:22.340154Z,KXHYPE15M-26OCT042045-45,0.0110,1.51,no
2026-10-05T00:43:22.340154Z,KXHYPE15M-26OCT042045-45,0.0110,1.00,no
2026-10-05T00:43:22.340154Z,KXHYPE15M-26OCT042045-45,0.0110,0.03,no
2026-10-05T00:43:22.340154Z,KXHYPE15M-26OCT042045-45,0.0110,3.32,no
2026-10-05T00:43:22.340154Z,KXHYPE15M-26OCT042045-45,0.0110,8.55,no
2026-10-05T00:43:22.340154Z,KXHYPE15M-26OCT042045-45,0.0110,1.00,no
2026-10-05T00:43:22.340154Z,KXHYPE15M-26OCT042045-45,0.0110,2.00,no
2026-10-05T00:43:22.340154Z,KXHYPE15M-26OCT042045-45,0.0110,0.49,no
2026-10-05T00:43:22.340154Z,KXHYPE15M-26OCT042045-45,0.0100,67.21,no
2026-10-05T00:43:22.340154Z,KXHYPE15M-26OCT042045-45,0.0110,27.67,no
2026-10-05T00:43:22.340154Z,KXHYPE15M-26OCT042045-45,0.0110,0.29,no
2026-10-05T00:43:22.340154Z,KXHYPE15M-26OCT042045-45,0.0110,16.04,no
2026-10-05T00:43:22.340154Z,KXHYPE15M-26OCT042045-45,0.0110,21.04,no
2026-10-05T00:43:22.340154Z,KXHYPE15M-26OCT042045-45,0.0110,6.78,no
2026-10-05T00:43:22.340154Z,KXHYPE15M-26OCT042045-45,0.0110,1.00,no
2026-10-05T00:43:22.340154Z,KXHYPE15M-26OCT042045-45,0.0110,2.30,no
2026-10-05T00:43:22.340154Z,KXHYPE15M-26OCT042045-45,0.0110,1.71,no
2026-10-05T00:43:22.340154Z,KXHYPE15M-26OCT042045-45,0.0110,7.83,no
2026-10-05T00:43:22.340154Z,KXHYPE15M-26OCT042045-45,0.0110,2.17,no
2026-10-05T00:43:22.340154Z,KXHYPE15M-26OCT042045-45,0.0110,2.49,no
2026-10-05T00:43:22.340154Z,KXHYPE15M-26OCT042045-45,0.0110,9.75,no
2026-10-05T00:43:22.340154Z,KXHYPE15M-26OCT042045-45,0.0110,5.36,no
2026-10-05T00:43:22.340154Z,KXHYPE15M-26OCT042045-45,0.0110,0.05,no
2026-10-05T00:43:22.340154Z,KXHYPE15M-26OCT042045-45,0.0110,1.07,no
2026-10-05T00:43:22.340154Z,KXHYPE15M-26OCT042045-45,0.0110,2.00,no
2026-10-05T00:43:22.340154Z,KXHYPE15M-26OCT042045-45,0.0110,0.04,no
2026-10-05T00:43:22.340154Z,KXHYPE15M-26OCT042045-45,0.0110,5.25,no
2026-10-05T00:43:22.340154Z,KXHYPE15M-26OCT042045-45,0.0110,4.00,no
2026-10-05T00:43:22.340154Z,KXHYPE15M-26OCT042045-45,0.0110,4.46,no
2026-10-05T00:43:22.340154Z,KXHYPE15M-26OCT042045-45,0.0110,2.00,no
2026-10-05T00:43:22.340154Z,KXHYPE15M-26OCT042045-45,0.0110,1.00,no
2026-10-05T00:43:22.340154Z,KXHYPE15M-26OCT042045-45,0.0110,6.81,no
2026-10-05T00:43:22.340154Z,KXHYPE15M-26OCT042045-45,0.0110,0.68,no
2026-10-05T00:43:22.340154Z,KXHYPE15M-26OCT042045-45,0.0110,5.93,no
2026-10-05T00:43:22.340154Z,KXHYPE15M-26OCT042045-45,0.0110,8.39,no
2026-10-05T00:43:22.340154Z,KXHYPE15M-26OCT042045-45,0.0110,0.25,no
2026-10-05T00:43:22.340154Z,KXHYPE15M-26OCT042045-45,0.0110,1.52,no
2026-10-05T00:43:22.340154Z,KXHYPE15M-26OCT042045-45,0.0110,1.14,no
2026-10-05T00:43:22.340154Z,KXHYPE15M-26OCT042045-45,0.0110,0.19,no
2026-10-05T00:43:22.760866Z,KXHYPE15M-26OCT042045-45,0.0100,15.00,no
2026-10-05T00:43:23.704547Z,KXHYPE15M-26OCT042045-45,0.0100,20.78,no
2026-10-05T00:43:23.724289Z,KXHYPE15M-26OCT042045-45,0.0180,20.16,yes
2026-10-05T00:43:23.724289Z,KXHYPE15M-26OCT042045-45,0.0210,2.00,yes
2026-10-05T00:43:23.724289Z,KXHYPE15M-26OCT042045-45,0.0220,2.00,yes
2026-10-05T00:43:23.724289Z,KXHYPE15M-26OCT042045-45,0.0180,0.03,yes
2026-10-05T00:43:23.724289Z,KXHYPE15M-26OCT042045-45,0.0210,0.03,yes
2026-10-05T00:43:23.724289Z,KXHYPE15M-26OCT042045-45,0.0160,4.96,yes
2026-10-05T00:43:23.724289Z,KXHYPE15M-26OCT042045-45,0.0160,7.96,yes
2026-10-05T00:43:23.724289Z,KXHYPE15M-26OCT042045-45,0.0160,1.00,yes
2026-10-05T00:43:23.724289Z,KXHYPE15M-26OCT042045-45,0.0160,2.00,yes
2026-10-05T00:43:23.724289Z,KXHYPE15M-26OCT042045-45,0.0160,8.39,yes
2026-10-05T00:43:23.724289Z,KXHYPE15M-26OCT042045-45,0.0160,8.55,yes
2026-10-05T00:43:23.724289Z,KXHYPE15M-26OCT042045-45,0.0160,0.19,yes
2026-10-05T00:43:23.724289Z,KXHYPE15M-26OCT042045-45,0.0160,5.25,yes
2026-10-05T00:43:23.724289Z,KXHYPE15M-26OCT042045-45,0.0160,0.03,yes
2026-10-05T00:43:23.724289Z,KXHYPE15M-26OCT042045-45,0.0160,0.68,yes
2026-10-05T00:43:23.724289Z,KXHYPE15M-26OCT042045-45,0.0160,1.00,yes
2026-10-05T00:43:23.724289Z,KXHYPE15M-26OCT042045-45,0.0160,0.05,yes
2026-10-05T00:43:23.724289Z,KXHYPE15M-26OCT042045-45,0.0160,1.07,yes
2026-10-05T00:43:23.724289Z,KXHYPE15M-26OCT042045-45,0.0160,2.00,yes
2026-10-05T00:43:23.724289Z,KXHYPE15M-26OCT042045-45,0.0160,1.14,yes
2026-10-05T00:43:23.724289Z,KXHYPE15M-26OCT042045-45,0.0160,0.49,yes
2026-10-05T00:43:23.724289Z,KXHYPE15M-26OCT042045-45,0.0300,40.00,yes
2026-10-05T00:43:23.724289Z,KXHYPE15M-26OCT042045-45,0.0160,5.36,yes
2026-10-05T00:43:23.724289Z,KXHYPE15M-26OCT042045-45,0.0160,3.32,yes
2026-10-05T00:43:23.724289Z,KXHYPE15M-26OCT042045-45,0.0160,1.51,yes
2026-10-05T00:43:23.724289Z,KXHYPE15M-26OCT042045-45,0.0210,75.00,yes
2026-10-05T00:43:23.724289Z,KXHYPE15M-26OCT042045-45,0.0160,1.52,yes
2026-10-05T00:43:23.724289Z,KXHYPE15M-26OCT042045-45,0.0310,3.71,yes
2026-10-05T00:43:23.724289Z,KXHYPE15M-26OCT042045-45,0.0160,6.81,yes
2026-10-05T00:43:23.724289Z,KXHYPE15M-26OCT042045-45,0.0160,0.04,yes
2026-10-05T00:43:23.724289Z,KXHYPE15M-26OCT042045-45,0.0160,2.17,yes
2026-10-05T00:43:23.724289Z,KXHYPE15M-26OCT042045-45,0.0160,0.25,yes
2026-10-05T00:43:23.724289Z,KXHYPE15M-26OCT042045-45,0.0160,1.71,yes
2026-10-05T00:43:23.724289Z,KXHYPE15M-26OCT042045-45,0.0160,5.93,yes
2026-10-05T00:43:23.724289Z,KXHYPE15M-26OCT042045-45,0.0160,2.00,yes
2026-10-05T00:43:23.724289Z,KXHYPE15M-26OCT042045-45,0.0160,9.75,yes
2026-10-05T00:43:23.724289Z,KXHYPE15M-26OCT042045-45,0.0160,2.49,yes
2026-10-05T00:43:23.724289Z,KXHYPE15M-26OCT042045-45,0.0160,2.00,yes
2026-10-05T00:43:23.724289Z,KXHYPE15M-26OCT042045-45,0.0160,27.67,yes
2026-10-05T00:43:23.724289Z,KXHYPE15M-26OCT042045-45,0.0160,2.30,yes
2026-10-05T00:43:23.724289Z,KXHYPE15M-26OCT042045-45,0.0160,0.29,yes
2026-10-05T00:43:23.724289Z,KXHYPE15M-26OCT042045-45,0.0160,4.46,yes
2026-10-05T00:43:23.724289Z,KXHYPE15M-26OCT042045-45,0.0250,20.00,yes
2026-10-05T00:43:23.724289Z,KXHYPE15M-26OCT042045-45,0.0160,7.83,yes
2026-10-05T00:43:23.724289Z,KXHYPE15M-26OCT042045-45,0.0160,4.00,yes
2026-10-05T00:43:23.724289Z,KXHYPE15M-26OCT042045-45,0.0160,21.04,yes
2026-10-05T00:43:23.724289Z,KXHYPE15M-26OCT042045-45,0.0160,6.78,yes
2026-10-05T00:43:23.724289Z,KXHYPE15M-26OCT042045-45,0.0160,16.04,yes
2026-10-05T00:43:23.724289Z,KXHYPE15M-26OCT042045-45,0.0250,8.00,yes
2026-10-05T00:43:24.111216Z,KXHYPE15M-26OCT042045-45,0.0110,40.00,no
2026-10-05T00:43:24.111216Z,KXHYPE15M-26OCT042045-45,0.0110,0.04,no
2026-10-05T00:43:24.111216Z,KXHYPE15M-26OCT042045-45,0.0110,4.96,no
2026-10-05T00:43:24.773121Z,KXHYPE15M-26OCT042045-45,0.0110,2.01,no
2026-10-05T00:43:25.099998Z,KXHYPE15M-26OCT042045-45,0.0210,5.20,yes
2026-10-05T00:43:25.099998Z,KXHYPE15M-26OCT042045-45,0.0210,30.00,yes
2026-10-05T00:43:25.33605Z,KXHYPE15M-26OCT042045-45,0.0210,0.19,yes
2026-10-05T00:43:25.33605Z,KXHYPE15M-26OCT042045-45,0.0160,2.01,yes
2026-10-05T00:43:25.33605Z,KXHYPE15M-26OCT042045-45,0.0160,0.04,yes
2026-10-05T00:43:25.33605Z,KXHYPE15M-26OCT042045-45,0.0160,4.96,yes
2026-10-05T00:43:25.410304Z,KXHYPE15M-26OCT042045-45,0.0110,2.00,no
2026-10-05T00:43:25.410304Z,KXHYPE15M-26OCT042045-45,0.0110,2.00,no
2026-10-05T00:43:25.410304Z,KXHYPE15M-26OCT042045-45,0.0110,0.49,no
2026-10-05T00:43:25.410304Z,KXHYPE15M-26OCT042045-45,0.0110,5.91,no
2026-10-05T00:43:25.410304Z,KXHYPE15M-26OCT042045-45,0.0110,1.00,no
2026-10-05T00:43:25.410304Z,KXHYPE15M-26OCT042045-45,0.0110,8.55,no
2026-10-05T00:43:25.410304Z,KXHYPE15M-26OCT042045-45,0.0110,0.19,no
2026-10-05T00:43:25.410304Z,KXHYPE15M-26OCT042045-45,0.0110,1.00,no
2026-10-05T00:43:25.410304Z,KXHYPE15M-26OCT042045-45,0.0110,8.39,no
2026-10-05T00:43:25.410304Z,KXHYPE15M-26OCT042045-45,0.0110,3.32,no
2026-10-05T00:43:25.410304Z,KXHYPE15M-26OCT042045-45,0.0110,1.07,no
2026-10-05T00:43:25.410304Z,KXHYPE15M-26OCT042045-45,0.0110,4.00,no
2026-10-05T00:43:25.410304Z,KXHYPE15M-26OCT042045-45,0.0110,1.14,no
2026-10-05T00:43:25.410304Z,KXHYPE15M-26OCT042045-45,0.0110,0.05,no
2026-10-05T00:43:25.410304Z,KXHYPE15M-26OCT042045-45,0.0110,0.68,no
2026-10-05T00:43:25.410304Z,KXHYPE15M-26OCT042045-45,0.0110,0.25,no
2026-10-05T00:43:25.410304Z,KXHYPE15M-26OCT042045-45,0.0110,1.52,no
2026-10-05T00:43:25.410304Z,KXHYPE15M-26OCT042045-45,0.0110,5.36,no
2026-10-05T00:43:25.410304Z,KXHYPE15M-26OCT042045-45,0.0110,5.93,no
2026-10-05T00:43:25.410304Z,KXHYPE15M-26OCT042045-45,0.0110,7.83,no
2026-10-05T00:43:25.410304Z,KXHYPE15M-26OCT042045-45,0.0110,1.71,no
2026-10-05T00:43:25.410304Z,KXHYPE15M-26OCT042045-45,0.0110,2.00,no
2026-10-05T00:43:25.410304Z,KXHYPE15M-26OCT042045-45,0.0110,2.00,no
2026-10-05T00:43:25.410304Z,KXHYPE15M-26OCT042045-45,0.0110,4.18,no
2026-10-05T00:43:25.410304Z,KXHYPE15M-26OCT042045-45,0.0110,6.81,no
2026-10-05T00:43:25.410304Z,KXHYPE15M-26OCT042045-45,0.0110,9.75,no
2026-10-05T00:43:25.410304Z,KXHYPE15M-26OCT042045-45,0.0110,4.46,no
2026-10-05T00:43:25.410304Z,KXHYPE15M-26OCT042045-45,0.0110,0.04,no
2026-10-05T00:43:25.410304Z,KXHYPE15M-26OCT042045-45,0.0110,1.51,no
2026-10-05T00:43:25.410304Z,KXHYPE15M-26OCT042045-45,0.0110,2.17,no
2026-10-05T00:43:25.410304Z,KXHYPE15M-26OCT042045-45,0.0110,5.25,no
2026-10-05T00:43:25.410304Z,KXHYPE15M-26OCT042045-45,0.0110,2.49,no
2026-10-05T00:43:26.268146Z,KXHYPE15M-26OCT042045-45,0.0160,3.33,yes
2026-10-05T00:43:26.348098Z,KXHYPE15M-26OCT042045-45,0.0240,1.00,yes
2026-10-05T00:43:26.348098Z,KXHYPE15M-26OCT042045-45,0.0240,0.03,yes
2026-10-05T00:43:26.348098Z,KXHYPE15M-26OCT042045-45,0.0250,0.03,yes
2026-10-05T00:43:26.348098Z,KXHYPE15M-26OCT042045-45,0.0250,0.63,yes
2026-10-05T00:43:26.348098Z,KXHYPE15M-26OCT042045-45,0.0210,0.03,yes
2026-10-05T00:43:26.348098Z,KXHYPE15M-26OCT042045-45,0.0160,2.58,yes
2026-10-05T00:43:26.348098Z,KXHYPE15M-26OCT042045-45,0.0160,1.51,yes
2026-10-05T00:43:26.348098Z,KXHYPE15M-26OCT042045-45,0.0160,2.00,yes
2026-10-05T00:43:26.348098Z,KXHYPE15M-26OCT042045-45,0.0160,8.55,yes
2026-10-05T00:43:26.348098Z,KXHYPE15M-26OCT042045-45,0.0160,1.00,yes
2026-10-05T00:43:26.348098Z,KXHYPE15M-26OCT042045-45,0.0160,0.49,yes
2026-10-05T00:43:26.348098Z,KXHYPE15M-26OCT042045-45,0.0160,5.25,yes
2026-10-05T00:43:26.348098Z,KXHYPE15M-26OCT042045-45,0.0160,1.00,yes
2026-10-05T00:43:26.348098Z,KXHYPE15M-26OCT042045-45,0.0160,5.36,yes
2026-10-05T00:43:26.348098Z,KXHYPE15M-26OCT042045-45,0.0210,34.61,yes
2026-10-05T00:43:26.348098Z,KXHYPE15M-26OCT042045-45,0.0160,0.03,yes
2026-10-05T00:43:26.348098Z,KXHYPE15M-26OCT042045-45,0.0160,2.00,yes
2026-10-05T00:43:26.348098Z,KXHYPE15M-26OCT042045-45,0.0160,3.32,yes
2026-10-05T00:43:26.348098Z,KXHYPE15M-26OCT042045-45,0.0160,1.52,yes
2026-10-05T00:43:26.348098Z,KXHYPE15M-26OCT042045-45,0.0160,0.68,yes
2026-10-05T00:43:26.348098Z,KXHYPE15M-26OCT042045-45,0.0160,8.39,yes
2026-10-05T00:43:26.348098Z,KXHYPE15M-26OCT042045-45,0.0210,15.00,yes
2026-10-05T00:43:26.348098Z,KXHYPE15M-26OCT042045-45,0.0160,4.46,yes
2026-10-05T00:43:26.348098Z,KXHYPE15M-26OCT042045-45,0.0160,1.71,yes
2026-10-05T00:43:26.348098Z,KXHYPE15M-26OCT042045-45,0.0160,7.83,yes
2026-10-05T00:43:26.348098Z,KXHYPE15M-26OCT042045-45,0.0160,6.81,yes
2026-10-05T00:43:26.348098Z,KXHYPE15M-26OCT042045-45,0.0160,0.04,yes
2026-10-05T00:43:26.348098Z,KXHYPE15M-26OCT042045-45,0.0160,1.14,yes
2026-10-05T00:43:26.348098Z,KXHYPE15M-26OCT042045-45,0.0160,0.05,yes
2026-10-05T00:43:26.348098Z,KXHYPE15M-26OCT042045-45,0.0160,0.19,yes
2026-10-05T00:43:26.348098Z,KXHYPE15M-26OCT042045-45,0.0160,1.07,yes
2026-10-05T00:43:26.348098Z,KXHYPE15M-26OCT042045-45,0.0250,25.00,yes
2026-10-05T00:43:26.648551Z,KXHYPE15M-26OCT042045-45,0.0160,5.93,yes
2026-10-05T00:43:26.648551Z,KXHYPE15M-26OCT042045-45,0.0160,2.00,yes
2026-10-05T00:43:26.648551Z,KXHYPE15M-26OCT042045-45,0.0160,4.00,yes
2026-10-05T00:43:26.648551Z,KXHYPE15M-26OCT042045-45,0.0160,0.65,yes
2026-10-05T00:43:26.648551Z,KXHYPE15M-26OCT042045-45,0.0160,2.00,yes
2026-10-05T00:43:26.648551Z,KXHYPE15M-26OCT042045-45,0.0160,0.03,yes
2026-10-05T00:43:26.833567Z,KXHYPE15M-26OCT042045-45,0.0160,1.84,yes
2026-10-05T00:43:26.833567Z,KXHYPE15M-26OCT042045-45,0.0160,2.17,yes
2026-10-05T00:43:26.833567Z,KXHYPE15M-26OCT042045-45,0.0160,1.83,yes
2026-10-05T00:43:27.059149Z,KXHYPE15M-26OCT042045-45,0.0110,7.14,no
2026-10-05T00:43:27.059149Z,KXHYPE15M-26OCT042045-45,0.0110,27.67,no
2026-10-05T00:43:27.059149Z,KXHYPE15M-26OCT042045-45,0.0110,0.82,no
2026-10-05T00:43:27.059149Z,KXHYPE15M-26OCT042045-45,0.0110,6.78,no
2026-10-05T00:43:27.059149Z,KXHYPE15M-26OCT042045-45,0.0110,2.30,no
2026-10-05T00:43:27.059149Z,KXHYPE15M-26OCT042045-45,0.0110,0.29,no
2026-10-05T00:43:27.124654Z,KXHYPE15M-26OCT042045-45,0.0100,209.75,no
2026-10-05T00:43:27.124654Z,KXHYPE15M-26OCT042045-45,0.0110,1.00,no
2026-10-05T00:43:27.124654Z,KXHYPE15M-26OCT042045-45,0.0110,0.04,no
2026-10-05T00:43:27.124654Z,KXHYPE15M-26OCT042045-45,0.0110,0.18,no
2026-10-05T00:43:27.124654Z,KXHYPE15M-26OCT042045-45,0.0110,21.04,no
2026-10-05T00:43:27.124654Z,KXHYPE15M-26OCT042045-45,0.0110,2.01,no
2026-10-05T00:43:27.124654Z,KXHYPE15M-26OCT042045-45,0.0110,8.90,no
2026-10-05T00:43:27.124654Z,KXHYPE15M-26OCT042045-45,0.0110,4.96,no
2026-10-05T00:43:27.124654Z,KXHYPE15M-26OCT042045-45,0.0110,1.00,no
2026-10-05T00:43:27.124654Z,KXHYPE15M-26OCT042045-45,0.0110,8.55,no
2026-10-05T00:43:27.124654Z,KXHYPE15M-26OCT042045-45,0.0110,2.00,no
2026-10-05T00:43:27.124654Z,KXHYPE15M-26OCT042045-45,0.0110,1.00,no
2026-10-05T00:43:27.124654Z,KXHYPE15M-26OCT042045-45,0.0110,3.32,no
2026-10-05T00:43:27.124654Z,KXHYPE15M-26OCT042045-45,0.0110,1.00,no
2026-10-05T00:43:27.124654Z,KXHYPE15M-26OCT042045-45,0.0110,3.33,no
2026-10-05T00:43:27.124654Z,KXHYPE15M-26OCT042045-45,0.0110,0.49,no
2026-10-05T00:43:27.124654Z,KXHYPE15M-26OCT042045-45,0.0110,1.51,no
2026-10-05T00:43:27.124654Z,KXHYPE15M-26OCT042045-45,0.0110,2.58,no
2026-10-05T00:43:27.124654Z,KXHYPE15M-26OCT042045-45,0.0110,2.00,no
2026-10-05T00:43:27.124654Z,KXHYPE15M-26OCT042045-45,0.0110,0.68,no
2026-10-05T00:43:27.124654Z,KXHYPE15M-26OCT042045-45,0.0110,8.39,no
2026-10-05T00:43:27.124654Z,KXHYPE15M-26OCT042045-45,0.0110,0.82,no
2026-10-05T00:43:27.124654Z,KXHYPE15M-26OCT042045-45,0.0110,5.36,no
2026-10-05T00:43:27.670917Z,KXHYPE15M-26OCT042045-45,0.0110,5.00,no
2026-10-05T00:43:27.670917Z,KXHYPE15M-26OCT042045-45,0.0110,3.00,no
2026-10-05T00:43:27.678422Z,KXHYPE15M-26OCT042045-45,0.0250,4.49,yes
2026-10-05T00:43:27.678422Z,KXHYPE15M-26OCT042045-45,0.0160,7.92,yes
2026-10-05T00:43:27.678422Z,KXHYPE15M-26OCT042045-45,0.0160,0.03,yes
2026-10-05T00:43:27.678422Z,KXHYPE15M-26OCT042045-45,0.0240,1.00,yes
2026-10-05T00:43:27.678422Z,KXHYPE15M-26OCT042045-45,0.0160,0.25,yes
2026-10-05T00:43:28.403927Z,KXHYPE15M-26OCT042045-45,0.0110,0.19,no
2026-10-05T00:43:28.403927Z,KXHYPE15M-26OCT042045-45,0.0110,7.83,no
2026-10-05T00:43:28.403927Z,KXHYPE15M-26OCT042045-45,0.0110,2.00,no
2026-10-05T00:43:28.403927Z,KXHYPE15M-26OCT042045-45,0.0110,2.17,no
2026-10-05T00:43:28.403927Z,KXHYPE15M-26OCT042045-45,0.0110,0.25,no
2026-10-05T00:43:28.403927Z,KXHYPE15M-26OCT042045-45,0.0110,4.00,no
2026-10-05T00:43:28.403927Z,KXHYPE15M-26OCT042045-45,0.0110,0.04,no
2026-10-05T00:43:28.403927Z,KXHYPE15M-26OCT042045-45,0.0110,1.84,no
2026-10-05T00:43:28.403927Z,KXHYPE15M-26OCT042045-45,0.0110,1.83,no
2026-10-05T00:43:28.403927Z,KXHYPE15M-26OCT042045-45,0.0110,5.93,no
2026-10-05T00:43:28.403927Z,KXHYPE15M-26OCT042045-45,0.0110,2.00,no
2026-10-05T00:43:28.403927Z,KXHYPE15M-26OCT042045-45,0.0110,1.07,no
2026-10-05T00:43:28.403927Z,KXHYPE15M-26OCT042045-45,0.0110,0.05,no
2026-10-05T00:43:28.403927Z,KXHYPE15M-26OCT042045-45,0.0110,1.14,no
2026-10-05T00:43:28.403927Z,KXHYPE15M-26OCT042045-45,0.0110,1.52,no
2026-10-05T00:43:28.403927Z,KXHYPE15M-26OCT042045-45,0.0110,4.46,no
2026-10-05T00:43:28.403927Z,KXHYPE15M-26OCT042045-45,0.0110,1.71,no
2026-10-05T00:43:28.403927Z,KXHYPE15M-26OCT042045-45,0.0110,0.03,no
2026-10-05T00:43:28.403927Z,KXHYPE15M-26OCT042045-45,0.0110,0.65,no
2026-10-05T00:43:28.403927Z,KXHYPE15M-26OCT042045-45,0.0110,6.81,no
2026-10-05T00:43:28.403927Z,KXHYPE15M-26OCT042045-45,0.0140,2.00,no
2026-10-05T00:43:28.651277Z,KXHYPE15M-26OCT042045-45,0.0100,2.95,no
2026-10-05T00:43:28.651277Z,KXHYPE15M-26OCT042045-45,0.0110,2.00,no
2026-10-05T00:43:28.651277Z,KXHYPE15M-26OCT042045-45,0.0110,0.03,no
2026-10-05T00:43:28.651602Z,KXHYPE15M-26OCT042045-45,0.0160,27.67,yes
2026-10-05T00:43:28.651602Z,KXHYPE15M-26OCT042045-45,0.0160,2.30,yes
2026-10-05T00:43:28.651602Z,KXHYPE15M-26OCT042045-45,0.0160,6.78,yes
2026-10-05T00:43:28.651602Z,KXHYPE15M-26OCT042045-45,0.0160,8.55,yes
2026-10-05T00:43:28.651602Z,KXHYPE15M-26OCT042045-45,0.0160,2.00,yes
2026-10-05T00:43:28.651602Z,KXHYPE15M-26OCT042045-45,0.0160,2.00,yes
2026-10-05T00:43:28.651602Z,KXHYPE15M-26OCT042045-45,0.0160,8.90,yes
2026-10-05T00:43:28.651602Z,KXHYPE15M-26OCT042045-45,0.0160,1.00,yes
2026-10-05T00:43:28.651602Z,KXHYPE15M-26OCT042045-45,0.0160,0.29,yes
2026-10-05T00:43:28.651602Z,KXHYPE15M-26OCT042045-45,0.0160,3.33,yes
2026-10-05T00:43:28.651602Z,KXHYPE15M-26OCT042045-45,0.0160,7.14,yes
2026-10-05T00:43:28.651602Z,KXHYPE15M-26OCT042045-45,0.0160,0.49,yes
2026-10-05T00:43:28.651602Z,KXHYPE15M-26OCT042045-45,0.0160,0.03,yes
2026-10-05T00:43:28.651602Z,KXHYPE15M-26OCT042045-45,0.0160,2.58,yes
2026-10-05T00:43:28.651602Z,KXHYPE15M-26OCT042045-45,0.0160,1.51,yes
2026-10-05T00:43:28.651602Z,KXHYPE15M-26OCT042045-45,0.0160,0.04,yes
2026-10-05T00:43:28.651602Z,KXHYPE15M-26OCT042045-45,0.0160,0.83,yes
2026-10-05T00:43:28.651602Z,KXHYPE15M-26OCT042045-45,0.0160,2.01,yes
2026-10-05T00:43:28.651602Z,KXHYPE15M-26OCT042045-45,0.0160,4.96,yes
2026-10-05T00:43:28.651602Z,KXHYPE15M-26OCT042045-45,0.0160,1.00,yes
2026-10-05T00:43:28.651602Z,KXHYPE15M-26OCT042045-45,0.0160,21.04,yes
2026-10-05T00:43:28.985918Z,KXHYPE15M-26OCT042045-45,0.0100,10.09,no
2026-10-05T00:43:29.257722Z,KXHYPE15M-26OCT042045-45,0.0110,7.92,no
2026-10-05T00:43:29.257722Z,KXHYPE15M-26OCT042045-45,0.0110,0.25,no
2026-10-05T00:43:29.257722Z,KXHYPE15M-26OCT042045-45,0.0110,1.00,no
2026-10-05T00:43:30.198964Z,KXHYPE15M-26OCT042045-45,0.0240,2.00,yes
2026-10-05T00:43:30.198964Z,KXHYPE15M-26OCT042045-45,0.0160,1.14,yes
2026-10-05T00:43:30.198964Z,KXHYPE15M-26OCT042045-45,0.0160,6.81,yes
2026-10-05T00:43:30.198964Z,KXHYPE15M-26OCT042045-45,0.0230,2.00,yes
2026-10-05T00:43:30.198964Z,KXHYPE15M-26OCT042045-45,0.0160,2.17,yes
2026-10-05T00:43:30.198964Z,KXHYPE15M-26OCT042045-45,0.0180,0.03,yes
2026-10-05T00:43:30.198964Z,KXHYPE15M-26OCT042045-45,0.0160,4.00,yes
2026-10-05T00:43:30.198964Z,KXHYPE15M-26OCT042045-45,0.0160,0.19,yes
2026-10-05T00:43:30.198964Z,KXHYPE15M-26OCT042045-45,0.0160,1.84,yes
2026-10-05T00:43:30.198964Z,KXHYPE15M-26OCT042045-45,0.0160,7.83,yes
2026-10-05T00:43:30.198964Z,KXHYPE15M-26OCT042045-45,0.0160,1.71,yes
2026-10-05T00:43:30.198964Z,KXHYPE15M-26OCT042045-45,0.0160,2.00,yes
2026-10-05T00:43:30.198964Z,KXHYPE15M-26OCT042045-45,0.0160,0.25,yes
2026-10-05T00:43:30.198964Z,KXHYPE15M-26OCT042045-45,0.0160,0.04,yes
2026-10-05T00:43:30.198964Z,KXHYPE15M-26OCT042045-45,0.0160,5.93,yes
2026-10-05T00:43:30.198964Z,KXHYPE15M-26OCT042045-45,0.0190,0.04,yes
2026-10-05T00:43:30.198964Z,KXHYPE15M-26OCT042045-45,0.0160,0.05,yes
2026-10-05T00:43:30.198964Z,KXHYPE15M-26OCT042045-45,0.0160,1.83,yes
2026-10-05T00:43:30.198964Z,KXHYPE15M-26OCT042045-45,0.0160,0.03,yes
2026-10-05T00:43:30.198964Z,KXHYPE15M-26OCT042045-45,0.0160,4.46,yes
2026-10-05T00:43:30.198964Z,KXHYPE15M-26OCT042045-45,0.0190,0.03,yes
2026-10-05T00:43:30.198964Z,KXHYPE15M-26OCT042045-45,0.0170,0.03,yes
2026-10-05T00:43:30.198964Z,KXHYPE15M-26OCT042045-45,0.0160,1.07,yes
2026-10-05T00:43:30.198964Z,KXHYPE15M-26OCT042045-45,0.0160,2.00,yes
2026-10-05T00:43:30.198964Z,KXHYPE15M-26OCT042045-45,0.0160,5.00,yes
2026-10-05T00:43:30.198964Z,KXHYPE15M-26OCT042045-45,0.0160,1.52,yes
2026-10-05T00:43:30.198964Z,KXHYPE15M-26OCT042045-45,0.0160,0.65,yes
2026-10-05T00:43:30.198964Z,KXHYPE15M-26OCT042045-45,0.0150,0.03,yes
2026-10-05T00:43:30.198964Z,KXHYPE15M-26OCT042045-45,0.0150,10.00,yes
2026-10-05T00:43:30.198964Z,KXHYPE15M-26OCT042045-45,0.0180,0.03,yes
2026-10-05T00:43:30.198964Z,KXHYPE15M-26OCT042045-45,0.0230,0.05,yes
2026-10-05T00:43:30.198964Z,KXHYPE15M-26OCT042045-45,0.0290,1.00,yes
2026-10-05T00:43:30.198964Z,KXHYPE15M-26OCT042045-45,0.0290,0.03,yes
2026-10-05T00:43:30.198964Z,KXHYPE15M-26OCT042045-45,0.0300,40.00,yes
2026-10-05T00:43:30.198964Z,KXHYPE15M-26OCT042045-45,0.0400,5.00,yes
2026-10-05T00:43:30.198964Z,KXHYPE15M-26OCT042045-45,0.0310,71.00,yes
2026-10-05T00:43:30.198964Z,KXHYPE15M-26OCT042045-45,0.0240,1.00,yes
2026-10-05T00:43:30.198964Z,KXHYPE15M-26OCT042045-45,0.0410,37.46,yes
2026-10-05T00:43:30.198964Z,KXHYPE15M-26OCT042045-45,0.0310,60.00,yes
2026-10-05T00:43:30.198964Z,KXHYPE15M-26OCT042045-45,0.0240,0.03,yes
2026-10-05T00:43:30.198964Z,KXHYPE15M-26OCT042045-45,0.0210,0.03,yes
2026-10-05T00:43:30.198964Z,KXHYPE15M-26OCT042045-45,0.0160,8.39,yes
2026-10-05T00:43:30.198964Z,KXHYPE15M-26OCT042045-45,0.0210,0.03,yes
2026-10-05T00:43:30.198964Z,KXHYPE15M-26OCT042045-45,0.0170,0.03,yes
2026-10-05T00:43:30.198964Z,KXHYPE15M-26OCT042045-45,0.0160,5.36,yes
2026-10-05T00:43:30.198964Z,KXHYPE15M-26OCT042045-45,0.0220,0.03,yes
2026-10-05T00:43:30.198964Z,KXHYPE15M-26OCT042045-45,0.0160,0.68,yes
2026-10-05T00:43:30.198964Z,KXHYPE15M-26OCT042045-45,0.0160,0.03,yes
2026-10-05T00:43:30.198964Z,KXHYPE15M-26OCT042045-45,0.0160,2.49,yes
2026-10-05T00:43:30.198964Z,KXHYPE15M-26OCT042045-45,0.0290,6.00,yes
2026-10-05T00:43:30.310208Z,KXHYPE15M-26OCT042045-45,0.0110,2.02,no
2026-10-05T00:43:32.354806Z,KXHYPE15M-26OCT042045-45,0.0160,5.84,yes
2026-10-05T00:43:32.602376Z,KXHYPE15M-26OCT042045-45,0.0160,0.03,yes
2026-10-05T00:43:32.602376Z,KXHYPE15M-26OCT042045-45,0.0160,0.25,yes
2026-10-05T00:43:32.602376Z,KXHYPE15M-26OCT042045-45,0.0160,2.08,yes
2026-10-05T00:43:32.602376Z,KXHYPE15M-26OCT042045-45,0.0160,1.75,yes
2026-10-05T00:43:33.096463Z,KXHYPE15M-26OCT042045-45,0.0270,0.05,yes
2026-10-05T00:43:33.096463Z,KXHYPE15M-26OCT042045-45,0.0370,6.00,yes
2026-10-05T00:43:33.096463Z,KXHYPE15M-26OCT042045-45,0.0390,1.00,yes
2026-10-05T00:43:33.096463Z,KXHYPE15M-26OCT042045-45,0.0250,0.03,yes
2026-10-05T00:43:33.096463Z,KXHYPE15M-26OCT042045-45,0.0400,26.00,yes
2026-10-05T00:43:33.096463Z,KXHYPE15M-26OCT042045-45,0.0210,0.03,yes
2026-10-05T00:43:33.096463Z,KXHYPE15M-26OCT042045-45,0.0210,0.03,yes
2026-10-05T00:43:33.096463Z,KXHYPE15M-26OCT042045-45,0.0160,0.27,yes
2026-10-05T00:43:33.096463Z,KXHYPE15M-26OCT042045-45,0.0240,0.04,yes
2026-10-05T00:43:33.096463Z,KXHYPE15M-26OCT042045-45,0.0260,2.00,yes
2026-10-05T00:43:33.096463Z,KXHYPE15M-26OCT042045-45,0.0250,2.00,yes
2026-10-05T00:43:33.096463Z,KXHYPE15M-26OCT042045-45,0.0230,0.03,yes
2026-10-05T00:43:33.096463Z,KXHYPE15M-26OCT042045-45,0.0250,0.04,yes
2026-10-05T00:43:33.096463Z,KXHYPE15M-26OCT042045-45,0.0160,0.03,yes
2026-10-05T00:43:33.096463Z,KXHYPE15M-26OCT042045-45,0.0240,29.00,yes
2026-10-05T00:43:33.096463Z,KXHYPE15M-26OCT042045-45,0.0410,22.00,yes
2026-10-05T00:43:33.096463Z,KXHYPE15M-26OCT042045-45,0.0480,3.23,yes
2026-10-05T00:43:33.41136Z,KXHYPE15M-26OCT042045-45,0.0260,2.00,yes
2026-10-05T00:43:33.41136Z,KXHYPE15M-26OCT042045-45,0.0270,0.73,yes
2026-10-05T00:43:37.924918Z,KXHYPE15M-26OCT042045-45,0.0200,63.00,yes
2026-10-05T00:43:37.924918Z,KXHYPE15M-26OCT042045-45,0.0200,11.72,yes
2026-10-05T00:43:37.924918Z,KXHYPE15M-26OCT042045-45,0.0200,0.03,yes
2026-10-05T00:43:38.244645Z,KXHYPE15M-26OCT042045-45,0.0140,1.00,no
2026-10-05T00:43:38.515436Z,KXHYPE15M-26OCT042045-45,0.0150,0.03,yes
2026-10-05T00:43:38.515436Z,KXHYPE15M-26OCT042045-45,0.0200,5.00,yes
2026-10-05T00:43:38.515436Z,KXHYPE15M-26OCT042045-45,0.0150,3.33,yes
2026-10-05T00:43:38.515436Z,KXHYPE15M-26OCT042045-45,0.0200,0.03,yes
2026-10-05T00:43:38.515436Z,KXHYPE15M-26OCT042045-45,0.0200,3.28,yes
2026-10-05T00:43:38.515436Z,KXHYPE15M-26OCT042045-45,0.0290,0.05,yes
2026-10-05T00:43:38.515436Z,KXHYPE15M-26OCT042045-45,0.0200,15.00,yes
2026-10-05T00:43:38.515436Z,KXHYPE15M-26OCT042045-45,0.0210,4.00,yes
2026-10-05T00:43:38.515436Z,KXHYPE15M-26OCT042045-45,0.0230,0.03,yes
2026-10-05T00:43:38.515436Z,KXHYPE15M-26OCT042045-45,0.0200,2.00,yes
2026-10-05T00:43:38.515436Z,KXHYPE15M-26OCT042045-45,0.0260,100.00,yes
2026-10-05T00:43:38.515436Z,KXHYPE15M-26OCT042045-45,0.0260,1.00,yes
2026-10-05T00:43:38.515436Z,KXHYPE15M-26OCT042045-45,0.0280,0.03,yes
2026-10-05T00:43:38.515436Z,KXHYPE15M-26OCT042045-45,0.0280,0.04,yes
2026-10-05T00:43:38.515436Z,KXHYPE15M-26OCT042045-45,0.0260,0.03,yes
2026-10-05T00:43:38.515436Z,KXHYPE15M-26OCT042045-45,0.0230,1.00,yes
2026-10-05T00:43:38.515436Z,KXHYPE15M-26OCT042045-45,0.0230,0.03,yes
2026-10-05T00:43:38.515436Z,KXHYPE15M-26OCT042045-45,0.0260,0.04,yes
2026-10-05T00:43:38.515436Z,KXHYPE15M-26OCT042045-45,0.0240,0.03,yes
2026-10-05T00:43:38.515436Z,KXHYPE15M-26OCT042045-45,0.0250,36.00,yes
2026-10-05T00:43:38.515436Z,KXHYPE15M-26OCT042045-45,0.0210,2.00,yes
2026-10-05T00:43:38.515436Z,KXHYPE15M-26OCT042045-45,0.0310,6.00,yes
2026-10-05T00:43:38.515436Z,KXHYPE15M-26OCT042045-45,0.0210,0.03,yes
2026-10-05T00:43:38.515436Z,KXHYPE15M-26OCT042045-45,0.0250,4.00,yes
2026-10-05T00:43:38.515436Z,KXHYPE15M-26OCT042045-45,0.0240,0.03,yes
2026-10-05T00:43:38.515436Z,KXHYPE15M-26OCT042045-45,0.0270,0.04,yes
2026-10-05T00:43:38.515436Z,KXHYPE15M-26OCT042045-45,0.0250,0.03,yes
2026-10-05T00:43:38.515436Z,KXHYPE15M-26OCT042045-45,0.0300,0.05,yes
2026-10-05T00:43:38.515436Z,KXHYPE15M-26OCT042045-45,0.0250,0.03,yes
2026-10-05T00:43:40.000489Z,KXHYPE15M-26OCT042045-45,0.0140,11.00,no
2026-10-05T00:43:40.000489Z,KXHYPE15M-26OCT042045-45,0.0130,0.74,no
2026-10-05T00:43:40.000489Z,KXHYPE15M-26OCT042045-45,0.0120,37.00,no
2026-10-05T00:43:40.000489Z,KXHYPE15M-26OCT042045-45,0.0110,14.95,no
2026-10-05T00:43:40.000489Z,KXHYPE15M-26OCT042045-45,0.0110,0.28,no
2026-10-05T00:43:40.000489Z,KXHYPE15M-26OCT042045-45,0.0120,0.03,no
2026-10-05T00:43:40.000489Z,KXHYPE15M-26OCT042045-45,0.0120,2.00,no
2026-10-05T00:43:40.079403Z,KXHYPE15M-26OCT042045-45,0.0110,0.21,no
2026-10-05T00:43:40.079403Z,KXHYPE15M-26OCT042045-45,0.0110,12.72,no
2026-10-05T00:43:40.079403Z,KXHYPE15M-26OCT042045-45,0.0110,0.29,no
2026-10-05T00:43:40.079403Z,KXHYPE15M-26OCT042045-45,0.0110,6.78,no
2026-10-05T00:43:40.201286Z,KXHYPE15M-26OCT042045-45,0.0110,8.90,no
2026-10-05T00:43:40.201286Z,KXHYPE15M-26OCT042045-45,0.0110,1.00,no
2026-10-05T00:43:40.201286Z,KXHYPE15M-26OCT042045-45,0.0110,0.49,no
2026-10-05T00:43:40.201286Z,KXHYPE15M-26OCT042045-45,0.0110,0.83,no
2026-10-05T00:43:40.201286Z,KXHYPE15M-26OCT042045-45,0.0110,2.58,no
2026-10-05T00:43:40.201286Z,KXHYPE15M-26OCT042045-45,0.0110,0.04,no
2026-10-05T00:43:40.201286Z,KXHYPE15M-26OCT042045-45,0.0110,2.01,no
2026-10-05T00:43:40.201286Z,KXHYPE15M-26OCT042045-45,0.0110,3.33,no
2026-10-05T00:43:40.201286Z,KXHYPE15M-26OCT042045-45,0.0110,6.93,no
2026-10-05T00:43:40.201286Z,KXHYPE15M-26OCT042045-45,0.0110,0.68,no
2026-10-05T00:43:40.201286Z,KXHYPE15M-26OCT042045-45,0.0110,2.49,no
2026-10-05T00:43:40.201286Z,KXHYPE15M-26OCT042045-45,0.0110,8.55,no
2026-10-05T00:43:40.201286Z,KXHYPE15M-26OCT042045-45,0.0110,1.51,no
2026-10-05T00:43:40.201286Z,KXHYPE15M-26OCT042045-45,0.0110,4.96,no
2026-10-05T00:43:40.201286Z,KXHYPE15M-26OCT042045-45,0.0110,1.00,no
2026-10-05T00:43:40.201286Z,KXHYPE15M-26OCT042045-45,0.0110,2.00,no
2026-10-05T00:43:40.201286Z,KXHYPE15M-26OCT042045-45,0.0110,1.66,no
2026-10-05T00:43:40.201286Z,KXHYPE15M-26OCT042045-45,0.0110,2.00,no
2026-10-05T00:43:40.201286Z,KXHYPE15M-26OCT042045-45,0.0110,21.04,no
2026-10-05T00:43:40.542153Z,KXHYPE15M-26OCT042045-45,0.0150,19.47,yes
2026-10-05T00:43:41.5681Z,KXHYPE15M-26OCT042045-45,0.0150,2.14,yes
2026-10-05T00:43:41.953641Z,KXHYPE15M-26OCT042045-45,0.0150,43.91,yes
2026-10-05T00:43:41.953641Z,KXHYPE15M-26OCT042045-45,0.0150,0.03,yes
2026-10-05T00:43:41.953641Z,KXHYPE15M-26OCT042045-45,0.0150,18.39,yes
2026-10-05T00:43:41.953641Z,KXHYPE15M-26OCT042045-45,0.0150,0.03,yes
2026-10-05T00:43:43.626887Z,KXHYPE15M-26OCT042045-45,0.0150,20.00,yes
2026-10-05T00:43:43.660218Z,KXHYPE15M-26OCT042045-45,0.0110,0.40,no
2026-10-05T00:43:43.803367Z,KXHYPE15M-26OCT042045-45,0.0110,2.00,no
2026-10-05T00:43:44.079348Z,KXHYPE15M-26OCT042045-45,0.0110,0.25,no
2026-10-05T00:43:44.079348Z,KXHYPE15M-26OCT042045-45,0.0110,5.36,no
2026-10-05T00:43:44.079348Z,KXHYPE15M-26OCT042045-45,0.0110,0.05,no
2026-10-05T00:43:44.079348Z,KXHYPE15M-26OCT042045-45,0.0110,4.33,no
2026-10-05T00:43:44.079348Z,KXHYPE15M-26OCT042045-45,0.0110,1.52,no
2026-10-05T00:43:44.079348Z,KXHYPE15M-26OCT042045-45,0.0110,5.00,no
2026-10-05T00:43:44.079348Z,KXHYPE15M-26OCT042045-45,0.0110,0.25,no
2026-10-05T00:43:44.079348Z,KXHYPE15M-26OCT042045-45,0.0110,1.75,no
2026-10-05T00:43:44.079348Z,KXHYPE15M-26OCT042045-45,0.0110,5.84,no
2026-10-05T00:43:44.079348Z,KXHYPE15M-26OCT042045-45,0.0110,2.08,no
2026-10-05T00:43:44.079348Z,KXHYPE15M-26OCT042045-45,0.0110,4.00,no
2026-10-05T00:43:44.079348Z,KXHYPE15M-26OCT042045-45,0.0110,2.00,no
2026-10-05T00:43:44.079348Z,KXHYPE15M-26OCT042045-45,0.0110,0.04,no
2026-10-05T00:43:44.079348Z,KXHYPE15M-26OCT042045-45,0.0110,1.84,no
2026-10-05T00:43:44.079348Z,KXHYPE15M-26OCT042045-45,0.0110,7.83,no
2026-10-05T00:43:44.079348Z,KXHYPE15M-26OCT042045-45,0.0110,4.46,no
2026-10-05T00:43:44.079348Z,KXHYPE15M-26OCT042045-45,0.0110,2.17,no
2026-10-05T00:43:44.079348Z,KXHYPE15M-26OCT042045-45,0.0110,2.00,no
2026-10-05T00:43:44.079348Z,KXHYPE15M-26OCT042045-45,0.0110,1.07,no
2026-10-05T00:43:44.079348Z,KXHYPE15M-26OCT042045-45,0.0110,6.81,no
2026-10-05T00:43:44.079348Z,KXHYPE15M-26OCT042045-45,0.0110,1.83,no
2026-10-05T00:43:44.079348Z,KXHYPE15M-26OCT042045-45,0.0110,0.65,no
2026-10-05T00:43:44.079348Z,KXHYPE15M-26OCT042045-45,0.0110,1.14,no
2026-10-05T00:43:44.079348Z,KXHYPE15M-26OCT042045-45,0.0110,0.19,no
2026-10-05T00:43:44.079348Z,KXHYPE15M-26OCT042045-45,0.0110,1.71,no
2026-10-05T00:43:44.079348Z,KXHYPE15M-26OCT042045-45,0.0110,5.93,no
2026-10-05T00:43:44.079348Z,KXHYPE15M-26OCT042045-45,0.0100,25.00,no
2026-10-05T00:43:44.079348Z,KXHYPE15M-26OCT042045-45,0.0110,0.27,no
2026-10-05T00:43:44.079348Z,KXHYPE15M-26OCT042045-45,0.0110,2.00,no
2026-10-05T00:43:44.079348Z,KXHYPE15M-26OCT042045-45,0.0100,2.00,no
2026-10-05T00:43:44.079348Z,KXHYPE15M-26OCT042045-45,0.0110,40.00,no
2026-10-05T00:43:44.079348Z,KXHYPE15M-26OCT042045-45,0.0100,274.22,no
2026-10-05T00:43:44.961168Z,KXHYPE15M-26OCT042045-45,0.0100,0.03,yes
2026-10-05T00:43:44.961168Z,KXHYPE15M-26OCT042045-45,0.0100,10.00,yes
2026-10-05T00:43:44.961168Z,KXHYPE15M-26OCT042045-45,0.0130,20.15,yes
2026-10-05T00:43:44.961168Z,KXHYPE15M-26OCT042045-45,0.0100,10.00,yes
2026-10-05T00:43:46.267661Z,KXHYPE15M-26OCT042045-45,0.0080,2.00,no
2026-10-05T00:43:46.267661Z,KXHYPE15M-26OCT042045-45,0.0070,2.00,no
2026-10-05T00:43:46.267661Z,KXHYPE15M-26OCT042045-45,0.0080,0.03,no
2026-10-05T00:43:46.267661Z,KXHYPE15M-26OCT042045-45,0.0060,20.00,no
2026-10-05T00:43:46.267661Z,KXHYPE15M-26OCT042045-45,0.0060,0.03,no
2026-10-05T00:43:46.267661Z,KXHYPE15M-26OCT042045-45,0.0060,33.00,no
2026-10-05T00:43:46.267661Z,KXHYPE15M-26OCT042045-45,0.0070,0.03,no
2026-10-05T00:43:46.267661Z,KXHYPE15M-26OCT042045-45,0.0050,20.05,no
2026-10-05T00:43:48.330396Z,KXHYPE15M-26OCT042045-45,0.0100,10.00,yes
2026-10-05T00:43:48.330396Z,KXHYPE15M-26OCT042045-45,0.0100,0.03,yes
2026-10-05T00:43:48.330396Z,KXHYPE15M-26OCT042045-45,0.0130,0.03,yes
2026-10-05T00:43:48.330396Z,KXHYPE15M-26OCT042045-45,0.0140,0.03,yes
2026-10-05T00:43:48.330396Z,KXHYPE15M-26OCT042045-45,0.0140,20.05,yes
2026-10-05T00:43:48.330396Z,KXHYPE15M-26OCT042045-45,0.0140,100.00,yes
2026-10-05T00:43:48.330396Z,KXHYPE15M-26OCT042045-45,0.0130,51.00,yes
2026-10-05T00:43:48.330396Z,KXHYPE15M-26OCT042045-45,0.0150,23.69,yes
2026-10-05T00:43:48.338565Z,KXHYPE15M-26OCT042045-45,0.0150,0.89,yes
2026-10-05T00:43:48.987758Z,KXHYPE15M-26OCT042045-45,0.0150,25.91,yes
2026-10-05T00:43:48.987758Z,KXHYPE15M-26OCT042045-45,0.0150,36.00,yes
2026-10-05T00:43:48.987758Z,KXHYPE15M-26OCT042045-45,0.0150,0.03,yes
2026-10-05T00:43:48.987758Z,KXHYPE15M-26OCT042045-45,0.0150,0.42,yes
2026-10-05T00:43:49.748873Z,KXHYPE15M-26OCT042045-45,0.0060,2.00,no
2026-10-05T00:43:49.748873Z,KXHYPE15M-26OCT042045-45,0.0060,1.01,no
2026-10-05T00:43:49.975857Z,KXHYPE15M-26OCT042045-45,0.0060,0.03,no
2026-10-05T00:43:49.975857Z,KXHYPE15M-26OCT042045-45,0.0060,21.97,no
2026-10-05T00:43:50.029157Z,KXHYPE15M-26OCT042045-45,0.0160,10.80,yes
2026-10-05T00:43:50.029157Z,KXHYPE15M-26OCT042045-45,0.0160,0.28,yes
2026-10-05T00:43:50.029157Z,KXHYPE15M-26OCT042045-45,0.0150,48.00,yes
2026-10-05T00:43:50.029157Z,KXHYPE15M-26OCT042045-45,0.0150,2.00,yes
2026-10-05T00:43:50.029157Z,KXHYPE15M-26OCT042045-45,0.0150,0.03,yes
2026-10-05T00:43:50.517819Z,KXHYPE15M-26OCT042045-45,0.0110,10.72,no
2026-10-05T00:43:50.517819Z,KXHYPE15M-26OCT042045-45,0.0110,0.28,no
2026-10-05T00:43:51.139381Z,KXHYPE15M-26OCT042045-45,0.0150,0.62,yes
2026-10-05T00:43:51.194096Z,KXHYPE15M-26OCT042045-45,0.0150,0.82,yes
2026-10-05T00:43:51.194096Z,KXHYPE15M-26OCT042045-45,0.0150,1.38,yes
2026-10-05T00:43:51.654723Z,KXHYPE15M-26OCT042045-45,0.0110,0.03,no
2026-10-05T00:43:51.654723Z,KXHYPE15M-26OCT042045-45,0.0110,0.08,no
2026-10-05T00:43:52.307858Z,KXHYPE15M-26OCT042045-45,0.0080,6.23,yes
2026-10-05T00:43:53.618087Z,KXHYPE15M-26OCT042045-45,0.0080,7.93,yes
2026-10-05T00:43:53.858484Z,KXHYPE15M-26OCT042045-45,0.0100,3.00,yes
2026-10-05T00:43:53.858484Z,KXHYPE15M-26OCT042045-45,0.0080,40.00,yes
2026-10-05T00:43:53.858484Z,KXHYPE15M-26OCT042045-45,0.0090,0.03,yes
2026-10-05T00:43:53.858484Z,KXHYPE15M-26OCT042045-45,0.0080,100.00,yes
2026-10-05T00:43:53.858484Z,KXHYPE15M-26OCT042045-45,0.0100,100.00,yes
2026-10-05T00:43:53.858484Z,KXHYPE15M-26OCT042045-45,0.0080,185.84,yes
2026-10-05T00:43:53.858484Z,KXHYPE15M-26OCT042045-45,0.0100,25.00,yes
2026-10-05T00:43:53.858484Z,KXHYPE15M-26OCT042045-45,0.0080,0.03,yes
2026-10-05T00:43:53.858484Z,KXHYPE15M-26OCT042045-45,0.0100,0.03,yes
2026-10-05T00:43:53.858484Z,KXHYPE15M-26OCT042045-45,0.0090,76.00,yes
2026-10-05T00:43:56.555142Z,KXHYPE15M-26OCT042045-45,0.0120,100.00,yes
2026-10-05T00:43:56.555142Z,KXHYPE15M-26OCT042045-45,0.0120,0.03,yes
2026-10-05T00:43:56.555142Z,KXHYPE15M-26OCT042045-45,0.0150,44.28,yes
2026-10-05T00:43:56.650651Z,KXHYPE15M-26OCT042045-45,0.0150,3.05,yes
2026-10-05T00:43:57.063729Z,KXHYPE15M-26OCT042045-45,0.0050,0.03,no
2026-10-05T00:43:57.063729Z,KXHYPE15M-26OCT042045-45,0.0060,2.00,no
2026-10-05T00:43:57.063729Z,KXHYPE15M-26OCT042045-45,0.0050,2.00,no
2026-10-05T00:43:57.063729Z,KXHYPE15M-26OCT042045-45,0.0050,2.00,no
2026-10-05T00:43:57.063729Z,KXHYPE15M-26OCT042045-45,0.0060,74.00,no
2026-10-05T00:43:57.063729Z,KXHYPE15M-26OCT042045-45,0.0050,11.00,no
2026-10-05T00:43:57.063729Z,KXHYPE15M-26OCT042045-45,0.0050,225.00,no
2026-10-05T00:43:57.063729Z,KXHYPE15M-26OCT042045-45,0.0050,141.95,no
2026-10-05T00:43:57.063729Z,KXHYPE15M-26OCT042045-45,0.0050,1.00,no
2026-10-05T00:43:57.838732Z,KXHYPE15M-26OCT042045-45,0.0160,5.36,yes
2026-10-05T00:43:57.838732Z,KXHYPE15M-26OCT042045-45,0.0160,5.84,yes
2026-10-05T00:43:57.838732Z,KXHYPE15M-26OCT042045-45,0.0160,2.08,yes
2026-10-05T00:43:57.838732Z,KXHYPE15M-26OCT042045-45,0.0160,1.07,yes
2026-10-05T00:43:57.838732Z,KXHYPE15M-26OCT042045-45,0.0160,2.00,yes
2026-10-05T00:43:57.838732Z,KXHYPE15M-26OCT042045-45,0.0160,5.00,yes
2026-10-05T00:43:57.838732Z,KXHYPE15M-26OCT042045-45,0.0160,0.19,yes
2026-10-05T00:43:57.838732Z,KXHYPE15M-26OCT042045-45,0.0160,2.17,yes
2026-10-05T00:43:57.838732Z,KXHYPE15M-26OCT042045-45,0.0160,0.25,yes
2026-10-05T00:43:57.838732Z,KXHYPE15M-26OCT042045-45,0.0160,5.93,yes
2026-10-05T00:43:57.838732Z,KXHYPE15M-26OCT042045-45,0.0160,6.81,yes
2026-10-05T00:43:57.838732Z,KXHYPE15M-26OCT042045-45,0.0160,0.25,yes
2026-10-05T00:43:57.838732Z,KXHYPE15M-26OCT042045-45,0.0160,1.83,yes
2026-10-05T00:43:57.838732Z,KXHYPE15M-26OCT042045-45,0.0160,1.71,yes
2026-10-05T00:43:57.838732Z,KXHYPE15M-26OCT042045-45,0.0160,1.52,yes
2026-10-05T00:43:57.838732Z,KXHYPE15M-26OCT042045-45,0.0160,0.05,yes
2026-10-05T00:43:57.838732Z,KXHYPE15M-26OCT042045-45,0.0160,4.33,yes
2026-10-05T00:43:57.838732Z,KXHYPE15M-26OCT042045-45,0.0160,2.00,yes
2026-10-05T00:43:57.838732Z,KXHYPE15M-26OCT042045-45,0.0160,4.00,yes
2026-10-05T00:43:57.838732Z,KXHYPE15M-26OCT042045-45,0.0160,1.84,yes
2026-10-05T00:43:57.838732Z,KXHYPE15M-26OCT042045-45,0.0160,7.83,yes
2026-10-05T00:43:57.838732Z,KXHYPE15M-26OCT042045-45,0.0160,0.04,yes
2026-10-05T00:43:57.838732Z,KXHYPE15M-26OCT042045-45,0.0160,4.46,yes
2026-10-05T00:43:57.838732Z,KXHYPE15M-26OCT042045-45,0.0160,1.14,yes
2026-10-05T00:43:57.838732Z,KXHYPE15M-26OCT042045-45,0.0160,0.65,yes
2026-10-05T00:43:57.838732Z,KXHYPE15M-26OCT042045-45,0.0160,0.40,yes
2026-10-05T00:43:57.838732Z,KXHYPE15M-26OCT042045-45,0.0160,2.00,yes
2026-10-05T00:43:57.838732Z,KXHYPE15M-26OCT042045-45,0.0240,0.06,yes
2026-10-05T00:43:57.838732Z,KXHYPE15M-26OCT042045-45,0.0230,0.05,yes
2026-10-05T00:43:57.838732Z,KXHYPE15M-26OCT042045-45,0.0210,0.05,yes
2026-10-05T00:43:57.838732Z,KXHYPE15M-26OCT042045-45,0.0200,0.04,yes
2026-10-05T00:43:57.838732Z,KXHYPE15M-26OCT042045-45,0.0220,0.05,yes
2026-10-05T00:43:57.838732Z,KXHYPE15M-26OCT042045-45,0.0160,0.21,yes
2026-10-05T00:43:57.838732Z,KXHYPE15M-26OCT042045-45,0.0160,12.72,yes
2026-10-05T00:43:57.838732Z,KXHYPE15M-26OCT042045-45,0.0160,4.15,yes
2026-10-05T00:43:57.838732Z,KXHYPE15M-26OCT042045-45,0.0160,1.66,yes
2026-10-05T00:43:57.838732Z,KXHYPE15M-26OCT042045-45,0.0160,1.00,yes
2026-10-05T00:43:57.838732Z,KXHYPE15M-26OCT042045-45,0.0160,6.93,yes
2026-10-05T00:43:57.838732Z,KXHYPE15M-26OCT042045-45,0.0190,0.03,yes
2026-10-05T00:43:57.838732Z,KXHYPE15M-26OCT042045-45,0.0160,8.90,yes
2026-10-05T00:43:57.838732Z,KXHYPE15M-26OCT042045-45,0.0160,0.68,yes
2026-10-05T00:43:57.838732Z,KXHYPE15M-26OCT042045-45,0.0160,4.96,yes
2026-10-05T00:43:57.838732Z,KXHYPE15M-26OCT042045-45,0.0160,2.49,yes
2026-10-05T00:43:57.838732Z,KXHYPE15M-26OCT042045-45,0.0160,0.29,yes
2026-10-05T00:43:57.838732Z,KXHYPE15M-26OCT042045-45,0.0160,21.04,yes
2026-10-05T00:43:57.838732Z,KXHYPE15M-26OCT042045-45,0.0180,0.04,yes
2026-10-05T00:43:57.838732Z,KXHYPE15M-26OCT042045-45,0.0160,2.00,yes
2026-10-05T00:43:57.838732Z,KXHYPE15M-26OCT042045-45,0.0190,0.04,yes
2026-10-05T00:43:57.838732Z,KXHYPE15M-26OCT042045-45,0.0160,1.51,yes
2026-10-05T00:43:57.838732Z,KXHYPE15M-26OCT042045-45,0.0160,8.55,yes
2026-10-05T00:43:57.838732Z,KXHYPE15M-26OCT042045-45,0.0160,0.03,yes
2026-10-05T00:43:57.838732Z,KXHYPE15M-26OCT042045-45,0.0160,2.00,yes
2026-10-05T00:43:57.838732Z,KXHYPE15M-26OCT042045-45,0.0160,2.58,yes
2026-10-05T00:43:57.838732Z,KXHYPE15M-26OCT042045-45,0.0170,0.03,yes
2026-10-05T00:43:57.838732Z,KXHYPE15M-26OCT042045-45,0.0160,0.49,yes
2026-10-05T00:43:57.838732Z,KXHYPE15M-26OCT042045-45,0.0160,3.33,yes
2026-10-05T00:43:57.838732Z,KXHYPE15M-26OCT042045-45,0.0160,0.04,yes
2026-10-05T00:43:57.838732Z,KXHYPE15M-26OCT042045-45,0.0160,1.00,yes
2026-10-05T00:43:57.838732Z,KXHYPE15M-26OCT042045-45,0.0160,6.78,yes
2026-10-05T00:43:57.838732Z,KXHYPE15M-26OCT042045-45,0.0160,2.01,yes
2026-10-05T00:43:57.838732Z,KXHYPE15M-26OCT042045-45,0.0180,0.03,yes
2026-10-05T00:43:57.838732Z,KXHYPE15M-26OCT042045-45,0.0160,0.83,yes
2026-10-05T00:43:57.838732Z,KXHYPE15M-26OCT042045-45,0.0250,0.03,yes
2026-10-05T00:43:57.838732Z,KXHYPE15M-26OCT042045-45,0.0250,0.03,yes
2026-10-05T00:43:57.838732Z,KXHYPE15M-26OCT042045-45,0.0200,0.03,yes
2026-10-05T00:43:57.838732Z,KXHYPE15M-26OCT042045-45,0.0230,1.00,yes
2026-10-05T00:43:57.838732Z,KXHYPE15M-26OCT042045-45,0.0230,0.03,yes
2026-10-05T00:43:57.838732Z,KXHYPE15M-26OCT042045-45,0.0130,2.00,yes
2026-10-05T00:43:57.838732Z,KXHYPE15M-26OCT042045-45,0.0100,0.03,yes
2026-10-05T00:43:57.838732Z,KXHYPE15M-26OCT042045-45,0.0250,34.60,yes
2026-10-05T00:43:57.838732Z,KXHYPE15M-26OCT042045-45,0.0140,141.95,yes
2026-10-05T00:43:57.838732Z,KXHYPE15M-26OCT042045-45,0.0130,0.03,yes
2026-10-05T00:43:57.838732Z,KXHYPE15M-26OCT042045-45,0.0070,100.00,yes
2026-10-05T00:43:57.838732Z,KXHYPE15M-26OCT042045-45,0.0140,0.03,yes
2026-10-05T00:43:57.838732Z,KXHYPE15M-26OCT042045-45,0.0140,2.00,yes
2026-10-05T00:43:57.838732Z,KXHYPE15M-26OCT042045-45,0.0160,5.00,yes
2026-10-05T00:43:57.838732Z,KXHYPE15M-26OCT042045-45,0.0200,10.00,yes
2026-10-05T00:43:57.838732Z,KXHYPE15M-26OCT042045-45,0.0150,0.03,yes
2026-10-05T00:43:57.838732Z,KXHYPE15M-26OCT042045-45,0.0100,30.00,yes
2026-10-05T00:43:57.838732Z,KXHYPE15M-26OCT042045-45,0.0150,200.00,yes
2026-10-05T00:43:57.838732Z,KXHYPE15M-26OCT042045-45,0.0210,45.00,yes
2026-10-05T00:43:57.838732Z,KXHYPE15M-26OCT042045-45,0.0200,40.00,yes
2026-10-05T00:43:57.838732Z,KXHYPE15M-26OCT042045-45,0.0210,10.00,yes
2026-10-05T00:43:57.838732Z,KXHYPE15M-26OCT042045-45,0.0120,50.00,yes
2026-10-05T00:43:57.838732Z,KXHYPE15M-26OCT042045-45,0.0160,0.08,yes
2026-10-05T00:43:57.838732Z,KXHYPE15M-26OCT042045-45,0.0160,10.72,yes
2026-10-05T00:43:57.838732Z,KXHYPE15M-26OCT042045-45,0.0160,0.28,yes
2026-10-05T00:43:57.838732Z,KXHYPE15M-26OCT042045-45,0.0210,0.03,yes
2026-10-05T00:43:57.838732Z,KXHYPE15M-26OCT042045-45,0.0160,0.03,yes
2026-10-05T00:43:57.838732Z,KXHYPE15M-26OCT042045-45,0.0170,0.03,yes
2026-10-05T00:43:57.838732Z,KXHYPE15M-26OCT042045-45,0.0200,82.21,yes
2026-10-05T00:43:57.838732Z,KXHYPE15M-26OCT042045-45,0.0160,0.27,yes
2026-10-05T00:43:57.838732Z,KXHYPE15M-26OCT042045-45,0.0160,1.75,yes
2026-10-05T00:43:58.083903Z,KXHYPE15M-26OCT042045-45,0.0090,0.06,no
2026-10-05T00:43:58.083903Z,KXHYPE15M-26OCT042045-45,0.0050,2.00,no
2026-10-05T00:43:58.083903Z,KXHYPE15M-26OCT042045-45,0.0050,59.97,no
2026-10-05T00:43:58.083903Z,KXHYPE15M-26OCT042045-45,0.0060,2.00,no
2026-10-05T00:43:58.083903Z,KXHYPE15M-26OCT042045-45,0.0060,0.03,no
2026-10-05T00:43:58.270016Z,KXHYPE15M-26OCT042045-45,0.0230,6.00,yes
2026-10-05T00:43:58.270016Z,KXHYPE15M-26OCT042045-45,0.0130,2.00,yes
2026-10-05T00:43:58.270016Z,KXHYPE15M-26OCT042045-45,0.0140,2.00,yes
2026-10-05T00:43:58.270016Z,KXHYPE15M-26OCT042045-45,0.0150,0.03,yes
2026-10-05T00:43:58.270016Z,KXHYPE15M-26OCT042045-45,0.0100,0.03,yes
2026-10-05T00:43:58.270016Z,KXHYPE15M-26OCT042045-45,0.0240,30.45,yes
2026-10-05T00:43:58.270016Z,KXHYPE15M-26OCT042045-45,0.0230,1.00,yes
2026-10-05T00:43:58.270016Z,KXHYPE15M-26OCT042045-45,0.0150,5.00,yes
2026-10-05T00:43:58.270016Z,KXHYPE15M-26OCT042045-45,0.0100,30.00,yes
2026-10-05T00:43:58.492162Z,KXHYPE15M-26OCT042045-45,0.0110,4.09,no
2026-10-05T00:43:58.492162Z,KXHYPE15M-26OCT042045-45,0.0110,2.58,no
2026-10-05T00:43:58.492162Z,KXHYPE15M-26OCT042045-45,0.0110,3.33,no
2026-10-05T00:43:58.532501Z,KXHYPE15M-26OCT042045-45,0.0110,2.00,no
2026-10-05T00:43:58.532501Z,KXHYPE15M-26OCT042045-45,0.0110,1.00,no
2026-10-05T00:43:58.532501Z,KXHYPE15M-26OCT042045-45,0.0110,0.49,no
2026-10-05T00:43:58.532501Z,KXHYPE15M-26OCT042045-45,0.0110,2.00,no
2026-10-05T00:43:58.532501Z,KXHYPE15M-26OCT042045-45,0.0110,1.51,no
2026-10-05T00:43:58.532501Z,KXHYPE15M-26OCT042045-45,0.0110,4.46,no
2026-10-05T00:43:59.098933Z,KXHYPE15M-26OCT042045-45,0.0080,0.36,no
2026-10-05T00:43:59.098933Z,KXHYPE15M-26OCT042045-45,0.0060,8.00,no
2026-10-05T00:43:59.098933Z,KXHYPE15M-26OCT042045-45,0.0060,0.03,no
2026-10-05T00:43:59.098933Z,KXHYPE15M-26OCT042045-45,0.0050,0.03,no
2026-10-05T00:43:59.098933Z,KXHYPE15M-26OCT042045-45,0.0060,2.00,no
2026-10-05T00:43:59.098933Z,KXHYPE15M-26OCT042045-45,0.0050,2.00,no
2026-10-05T00:43:59.244452Z,KXHYPE15M-26OCT042045-45,0.0090,40.44,yes
2026-10-05T00:43:59.272809Z,KXHYPE15M-26OCT042045-45,0.0040,1.00,no
2026-10-05T00:43:59.272809Z,KXHYPE15M-26OCT042045-45,0.0040,1.00,no
2026-10-05T00:43:59.272809Z,KXHYPE15M-26OCT042045-45,0.0040,1.00,no
2026-10-05T00:43:59.272809Z,KXHYPE15M-26OCT042045-45,0.0040,13.00,no
2026-10-05T00:43:59.272809Z,KXHYPE15M-26OCT042045-45,0.0040,0.11,no
2026-10-05T00:43:59.272809Z,KXHYPE15M-26OCT042045-45,0.0040,1.00,no
2026-10-05T00:44:00.545209Z,KXHYPE15M-26OCT042045-45,0.0080,0.03,yes
2026-10-05T00:44:00.545209Z,KXHYPE15M-26OCT042045-45,0.0090,21.47,yes
2026-10-05T00:44:00.545209Z,KXHYPE15M-26OCT042045-45,0.0080,90.00,yes
2026-10-05T00:44:00.564036Z,KXHYPE15M-26OCT042045-45,0.0090,0.03,yes
2026-10-05T00:44:00.564036Z,KXHYPE15M-26OCT042045-45,0.0100,13.54,yes
2026-10-05T00:44:00.564036Z,KXHYPE15M-26OCT042045-45,0.0100,5.13,yes
2026-10-05T00:44:01.035952Z,KXHYPE15M-26OCT042045-45,0.0040,0.03,no
2026-10-05T00:44:01.035952Z,KXHYPE15M-26OCT042045-45,0.0030,0.03,no
2026-10-05T00:44:01.035952Z,KXHYPE15M-26OCT042045-45,0.0030,2.00,no
2026-10-05T00:44:01.035952Z,KXHYPE15M-26OCT042045-45,0.0040,2.00,no
2026-10-05T00:44:01.035952Z,KXHYPE15M-26OCT042045-45,0.0030,64.00,no
2026-10-05T00:44:01.035952Z,KXHYPE15M-26OCT042045-45,0.0040,237.00,no
2026-10-05T00:44:01.035952Z,KXHYPE15M-26OCT042045-45,0.0040,0.89,no
2026-10-05T00:44:01.035952Z,KXHYPE15M-26OCT042045-45,0.0030,2.00,no
2026-10-05T00:44:01.035952Z,KXHYPE15M-26OCT042045-45,0.0030,2.00,no
2026-10-05T00:44:01.035952Z,KXHYPE15M-26OCT042045-45,0.0030,2.00,no
2026-10-05T00:44:01.035952Z,KXHYPE15M-26OCT042045-45,0.0030,2.00,no
2026-10-05T00:44:01.035952Z,KXHYPE15M-26OCT042045-45,0.0030,2.00,no
2026-10-05T00:44:01.035952Z,KXHYPE15M-26OCT042045-45,0.0030,18.00,no
2026-10-05T00:44:01.035952Z,KXHYPE15M-26OCT042045-45,0.0020,86.05,no
2026-10-05T00:44:01.035952Z,KXHYPE15M-26OCT042045-45,0.0020,200.00,no
2026-10-05T00:44:01.126995Z,KXHYPE15M-26OCT042045-45,0.0020,1.00,no
2026-10-05T00:44:01.389231Z,KXHYPE15M-26OCT042045-45,0.0020,250.25,no
2026-10-05T00:44:01.580491Z,KXHYPE15M-26OCT042045-45,0.0090,93.51,yes
2026-10-05T00:44:01.630271Z,KXHYPE15M-26OCT042045-45,0.0090,7.48,yes
2026-10-05T00:44:03.125626Z,KXHYPE15M-26OCT042045-45,0.0080,45.07,yes
2026-10-05T00:44:03.685264Z,KXHYPE15M-26OCT042045-45,0.0070,224.70,yes
2026-10-05T00:44:04.953052Z,KXHYPE15M-26OCT042045-45,0.0020,59.00,no
2026-10-05T00:44:04.953052Z,KXHYPE15M-26OCT042045-45,0.0020,1.00,no
2026-10-05T00:44:04.953052Z,KXHYPE15M-26OCT042045-45,0.0020,3.00,no
2026-10-05T00:44:04.953052Z,KXHYPE15M-26OCT042045-45,0.0020,3.00,no
2026-10-05T00:44:04.953052Z,KXHYPE15M-26OCT042045-45,0.0020,3.00,no
2026-10-05T00:44:04.953052Z,KXHYPE15M-26OCT042045-45,0.0020,3.00,no
2026-10-05T00:44:04.953052Z,KXHYPE15M-26OCT042045-45,0.0020,3.00,no
2026-10-05T00:44:04.953052Z,KXHYPE15M-26OCT042045-45,0.0020,26.00,no
2026-10-05T00:44:04.953052Z,KXHYPE15M-26OCT042045-45,0.0020,62.70,no
2026-10-05T00:44:04.953052Z,KXHYPE15M-26OCT042045-45,0.0010,136.30,no
2026-10-05T00:44:06.265687Z,KXHYPE15M-26OCT042045-45,0.0010,39.00,no
2026-10-05T00:44:06.346824Z,KXHYPE15M-26OCT042045-45,0.0020,11.00,yes
2026-10-05T00:44:06.346824Z,KXHYPE15M-26OCT042045-45,0.0020,39.00,yes
2026-10-05T00:44:07.109945Z,KXHYPE15M-26OCT042045-45,0.0020,43.21,yes
2026-10-05T00:44:07.588674Z,KXHYPE15M-26OCT042045-45,0.0020,286.79,yes
2026-10-05T00:44:10.795337Z,KXHYPE15M-26OCT042045-45,0.0010,82.21,no
2026-10-05T00:44:11.257279Z,KXHYPE15M-26OCT042045-45,0.0010,1.00,no
2026-10-05T00:44:11.270112Z,KXHYPE15M-26OCT042045-45,0.0010,22.80,no
2026-10-05T00:44:12.13313Z,KXHYPE15M-26OCT042045-45,0.0010,39.00,no
2026-10-05T00:44:12.13313Z,KXHYPE15M-26OCT042045-45,0.0010,1.00,no
2026-10-05T00:44:12.13313Z,KXHYPE15M-26OCT042045-45,0.0010,2.00,no
2026-10-05T00:44:12.13313Z,KXHYPE15M-26OCT042045-45,0.0010,0.03,no
2026-10-05T00:44:12.13313Z,KXHYPE15M-26OCT042045-45,0.0010,45.07,no
2026-10-05T00:44:12.13313Z,KXHYPE15M-26OCT042045-45,0.0010,2.00,no
2026-10-05T00:44:12.13313Z,KXHYPE15M-26OCT042045-45,0.0010,85.00,no
2026-10-05T00:44:12.13313Z,KXHYPE15M-26OCT042045-45,0.0010,1.00,no
2026-10-05T00:44:12.13313Z,KXHYPE15M-26OCT042045-45,0.0010,1.00,no
2026-10-05T00:44:12.13313Z,KXHYPE15M-26OCT042045-45,0.0010,280.00,no
2026-10-05T00:44:12.13313Z,KXHYPE15M-26OCT042045-45,0.0010,218.69,no
2026-10-05T00:44:12.13313Z,KXHYPE15M-26OCT042045-45,0.0010,1.00,no
2026-10-05T00:44:12.985956Z,KXHYPE15M-26OCT042045-45,0.0010,46.74,yes
2026-10-05T00:44:13.095873Z,KXHYPE15M-26OCT042045-45,0.0010,489.82,yes
2026-10-05T00:44:13.471282Z,KXHYPE15M-26OCT042045-45,0.0010,3.00,yes
2026-10-05T00:44:19.647934Z,KXHYPE15M-26OCT042045-45,0.0010,45.85,yes
2026-10-05T00:44:27.133219Z,KXHYPE15M-26OCT042045-45,0.0080,55.00,yes
2026-10-05T00:44:27.133219Z,KXHYPE15M-26OCT042045-45,0.0080,40.00,yes
2026-10-05T00:44:27.133219Z,KXHYPE15M-26OCT042045-45,0.0010,33.00,yes
2026-10-05T00:44:27.133219Z,KXHYPE15M-26OCT042045-45,0.0080,40.00,yes
2026-10-05T00:44:27.133219Z,KXHYPE15M-26OCT042045-45,0.0080,35.79,yes
2026-10-05T00:44:27.133219Z,KXHYPE15M-26OCT042045-45,0.0080,75.00,yes
2026-10-05T00:44:27.133219Z,KXHYPE15M-26OCT042045-45,0.0080,10.00,yes
2026-10-05T00:44:27.133219Z,KXHYPE15M-26OCT042045-45,0.0080,40.00,yes
2026-10-05T00:44:27.133219Z,KXHYPE15M-26OCT042045-45,0.0030,40.00,yes
2026-10-05T00:44:27.133219Z,KXHYPE15M-26OCT042045-45,0.0010,48.59,yes
2026-10-05T00:44:27.133219Z,KXHYPE15M-26OCT042045-45,0.0020,39.00,yes
2026-10-05T00:44:27.133219Z,KXHYPE15M-26OCT042045-45,0.0020,218.69,yes
2026-10-05T00:44:27.133219Z,KXHYPE15M-26OCT042045-45,0.0020,82.21,yes
2026-10-05T00:44:27.133219Z,KXHYPE15M-26OCT042045-45,0.0020,1.00,yes
2026-10-05T00:44:27.133219Z,KXHYPE15M-26OCT042045-45,0.0020,22.80,yes
2026-10-05T00:44:27.133219Z,KXHYPE15M-26OCT042045-45,0.0040,136.30,yes
2026-10-05T00:44:27.133219Z,KXHYPE15M-26OCT042045-45,0.0040,200.00,yes
2026-10-05T00:44:27.133219Z,KXHYPE15M-26OCT042045-45,0.0050,0.04,yes
2026-10-05T00:44:27.133219Z,KXHYPE15M-26OCT042045-45,0.0040,0.03,yes
2026-10-05T00:44:27.133219Z,KXHYPE15M-26OCT042045-45,0.0030,0.03,yes
2026-10-05T00:44:27.133219Z,KXHYPE15M-26OCT042045-45,0.0020,0.03,yes
2026-10-05T00:44:27.133219Z,KXHYPE15M-26OCT042045-45,0.0060,0.04,yes
2026-10-05T00:44:27.133219Z,KXHYPE15M-26OCT042045-45,0.0070,0.04,yes
2026-10-05T00:44:27.133219Z,KXHYPE15M-26OCT042045-45,0.0080,0.05,yes
2026-10-05T00:44:27.991874Z,KXHYPE15M-26OCT042045-45,0.0080,21.51,yes
2026-10-05T00:44:27.991874Z,KXHYPE15M-26OCT042045-45,0.0070,85.00,yes
2026-10-05T00:44:27.991874Z,KXHYPE15M-26OCT042045-45,0.0070,0.03,yes
2026-10-05T00:44:27.991874Z,KXHYPE15M-26OCT042045-45,0.0030,40.00,yes
2026-10-05T00:44:27.991874Z,KXHYPE15M-26OCT042045-45,0.0020,1.00,yes
2026-10-05T00:44:27.991874Z,KXHYPE15M-26OCT042045-45,0.0080,4.21,yes
2026-10-05T00:44:28.478198Z,KXHYPE15M-26OCT042045-45,0.0080,0.71,yes
2026-10-05T00:44:28.861546Z,KXHYPE15M-26OCT042045-45,0.0010,14.00,no
2026-10-05T00:44:31.595222Z,KXHYPE15M-26OCT042045-45,0.0010,45.85,no
2026-10-05T00:44:31.622162Z,KXHYPE15M-26OCT042045-45,0.0010,1.00,no
2026-10-05T00:44:32.053858Z,KXHYPE15M-26OCT042045-45,0.0010,84.85,no
2026-10-05T00:44:32.053858Z,KXHYPE15M-26OCT042045-45,0.0010,17.00,no
2026-10-05T00:44:32.053858Z,KXHYPE15M-26OCT042045-45,0.0010,21.36,no
2026-10-05T00:44:32.053858Z,KXHYPE15M-26OCT042045-45,0.0010,136.30,no
2026-10-05T00:44:32.053858Z,KXHYPE15M-26OCT042045-45,0.0010,22.80,no
2026-10-05T00:44:32.053858Z,KXHYPE15M-26OCT042045-45,0.0010,39.00,no
2026-10-05T00:44:32.053858Z,KXHYPE15M-26OCT042045-45,0.0010,218.69,no
2026-10-05T00:44:32.053858Z,KXHYPE15M-26OCT042045-45,0.0010,1.00,no
2026-10-05T00:44:32.138397Z,KXHYPE15M-26OCT042045-45,0.0010,4.85,no
2026-10-05T00:44:32.138397Z,KXHYPE15M-26OCT042045-45,0.0010,0.03,no
2026-10-05T00:44:32.138397Z,KXHYPE15M-26OCT042045-45,0.0010,0.15,no
2026-10-05T00:44:32.138397Z,KXHYPE15M-26OCT042045-45,0.0010,0.29,no
2026-10-05T00:44:32.57628Z,KXHYPE15M-26OCT042045-45,0.0050,1.00,yes
2026-10-05T00:44:32.57628Z,KXHYPE15M-26OCT042045-45,0.0050,22.80,yes
2026-10-05T00:44:32.57628Z,KXHYPE15M-26OCT042045-45,0.0050,21.36,yes
2026-10-05T00:44:32.57628Z,KXHYPE15M-26OCT042045-45,0.0050,94.96,yes
2026-10-05T00:44:32.57628Z,KXHYPE15M-26OCT042045-45,0.0050,1.00,yes
2026-10-05T00:44:32.57628Z,KXHYPE15M-26OCT042045-45,0.0050,45.85,yes
2026-10-05T00:44:32.597366Z,KXHYPE15M-26OCT042045-45,0.0010,45.00,no
2026-10-05T00:44:32.753162Z,KXHYPE15M-26OCT042045-45,0.0010,21.36,no
2026-10-05T00:44:32.753162Z,KXHYPE15M-26OCT042045-45,0.0010,1.00,no
2026-10-05T00:44:32.753162Z,KXHYPE15M-26OCT042045-45,0.0010,2.00,no
2026-10-05T00:44:32.753162Z,KXHYPE15M-26OCT042045-45,0.0010,1.00,no
2026-10-05T00:44:32.753162Z,KXHYPE15M-26OCT042045-45,0.0010,22.80,no
2026-10-05T00:44:32.753162Z,KXHYPE15M-26OCT042045-45,0.0010,0.85,no
2026-10-05T00:44:32.753162Z,KXHYPE15M-26OCT042045-45,0.0010,93.99,no
2026-10-05T00:44:32.753162Z,KXHYPE15M-26OCT042045-45,0.0010,1.00,no
2026-10-05T00:44:34.454209Z,KXHYPE15M-26OCT042045-45,0.0010,0.97,no
2026-10-05T00:44:34.454209Z,KXHYPE15M-26OCT042045-45,0.0010,0.03,no
2026-10-05T00:44:34.632307Z,KXHYPE15M-26OCT042045-45,0.0050,0.97,yes
2026-10-05T00:44:34.632307Z,KXHYPE15M-26OCT042045-45,0.0050,136.30,yes
2026-10-05T00:44:34.632307Z,KXHYPE15M-26OCT042045-45,0.0050,0.85,yes
2026-10-05T00:44:34.632307Z,KXHYPE15M-26OCT042045-45,0.0050,0.04,yes
2026-10-05T00:44:34.632307Z,KXHYPE15M-26OCT042045-45,0.0050,1.00,yes
2026-10-05T00:44:34.632307Z,KXHYPE15M-26OCT042045-45,0.0050,21.36,yes
2026-10-05T00:44:34.632307Z,KXHYPE15M-26OCT042045-45,0.0050,45.00,yes
2026-10-05T00:44:34.632307Z,KXHYPE15M-26OCT042045-45,0.0080,40.00,yes
2026-10-05T00:44:34.632307Z,KXHYPE15M-26OCT042045-45,0.0060,0.04,yes
2026-10-05T00:44:34.632307Z,KXHYPE15M-26OCT042045-45,0.0050,116.79,yes
2026-10-05T00:44:34.632307Z,KXHYPE15M-26OCT042045-45,0.0050,123.73,yes
2026-10-05T00:44:34.632307Z,KXHYPE15M-26OCT042045-45,0.0050,39.00,yes
2026-10-05T00:44:34.632307Z,KXHYPE15M-26OCT042045-45,0.0050,1.00,yes
2026-10-05T00:44:34.632307Z,KXHYPE15M-26OCT042045-45,0.0080,40.00,yes
2026-10-05T00:44:34.632307Z,KXHYPE15M-26OCT042045-45,0.0080,231.93,yes
2026-10-05T00:44:34.632307Z,KXHYPE15M-26OCT042045-45,0.0060,3.00,yes
2026-10-05T00:44:34.632307Z,KXHYPE15M-26OCT042045-45,0.0070,0.03,yes
2026-10-05T00:44:34.632307Z,KXHYPE15M-26OCT042045-45,0.0060,1.00,yes
2026-10-05T00:44:34.632307Z,KXHYPE15M-26OCT042045-45,0.0080,40.00,yes
2026-10-05T00:44:34.632307Z,KXHYPE15M-26OCT042045-45,0.0080,27.00,yes
2026-10-05T00:44:34.632307Z,KXHYPE15M-26OCT042045-45,0.0070,14.00,yes
2026-10-05T00:44:34.632307Z,KXHYPE15M-26OCT042045-45,0.0070,85.00,yes
2026-10-05T00:44:34.632307Z,KXHYPE15M-26OCT042045-45,0.0070,450.00,yes
2026-10-05T00:44:34.632307Z,KXHYPE15M-26OCT042045-45,0.0080,0.03,yes
2026-10-05T00:44:34.653031Z,KXHYPE15M-26OCT042045-45,0.0010,123.00,no
2026-10-05T00:44:34.754008Z,KXHYPE15M-26OCT042045-45,0.0010,136.30,no
2026-10-05T00:44:34.754008Z,KXHYPE15M-26OCT042045-45,0.0010,116.79,no
2026-10-05T00:44:34.754008Z,KXHYPE15M-26OCT042045-45,0.0010,99.00,no
2026-10-05T00:44:34.754008Z,KXHYPE15M-26OCT042045-45,0.0010,0.97,no
2026-10-05T00:44:34.754008Z,KXHYPE15M-26OCT042045-45,0.0010,0.73,no
2026-10-05T00:44:34.754008Z,KXHYPE15M-26OCT042045-45,0.0010,21.36,no
2026-10-05T00:44:34.754008Z,KXHYPE15M-26OCT042045-45,0.0010,1.00,no
2026-10-05T00:44:34.754008Z,KXHYPE15M-26OCT042045-45,0.0010,39.00,no
2026-10-05T00:44:34.754008Z,KXHYPE15M-26OCT042045-45,0.0010,0.85,no
2026-10-05T00:44:34.754008Z,KXHYPE15M-26OCT042045-45,0.0010,1.00,no
2026-10-05T00:44:34.754008Z,KXHYPE15M-26OCT042045-45,0.0010,14.00,no
2026-10-05T00:44:34.754008Z,KXHYPE15M-26OCT042045-45,0.0010,1.00,no
2026-10-05T00:44:34.754008Z,KXHYPE15M-26OCT042045-45,0.0010,45.00,no
2026-10-05T00:44:34.881326Z,KXHYPE15M-26OCT042045-45,0.0010,0.04,no
2026-10-05T00:44:34.881326Z,KXHYPE15M-26OCT042045-45,0.0010,4.96,no
2026-10-05T00:44:36.246814Z,KXHYPE15M-26OCT042045-45,0.0010,0.10,yes
2026-10-05T00:44:39.48524Z,KXHYPE15M-26OCT042045-45,0.0010,100.00,no
2026-10-05T00:44:41.799104Z,KXHYPE15M-26OCT042045-45,0.0060,80.93,yes
2026-10-05T00:44:41.818677Z,KXHYPE15M-26OCT042045-45,0.0010,80.00,no
2026-10-05T00:44:42.576051Z,KXHYPE15M-26OCT042045-45,0.0010,0.93,no
2026-10-05T00:44:48.423863Z,KXHYPE15M-26OCT042045-45,0.0010,9.93,yes
2026-10-05T00:44:49.499488Z,KXHYPE15M-26OCT042045-45,0.0010,897.30,yes
2026-10-05T00:44:49.595816Z,KXHYPE15M-26OCT042045-45,0.0010,451.00,yes
2026-10-05T00:44:52.34154Z,KXHYPE15M-26OCT042045-45,0.0010,236.32,yes
2026-10-05T00:44:57.355713Z,KXHYPE15M-26OCT042045-45,0.0010,9.20,yes
2026-10-05T00:44:58.826353Z,KXHYPE15M-26OCT042045-45,0.0010,36.64,yes
2026-10-05T00:43:17.707855Z,KXCOPPER15M-26OCT042045-45,0.9900,3.32,yes
2026-10-05T00:43:17.707855Z,KXCOPPER15M-26OCT042045-45,0.9900,20.00,yes
2026-10-05T00:43:17.707855Z,KXCOPPER15M-26OCT042045-45,0.9900,100.00,yes
2026-10-05T00:43:17.707855Z,KXCOPPER15M-26OCT042045-45,0.9900,7.00,yes
2026-10-05T00:43:17.707855Z,KXCOPPER15M-26OCT042045-45,0.9900,14.12,yes
2026-10-05T00:43:17.707855Z,KXCOPPER15M-26OCT042045-45,0.9900,1.64,yes
2026-10-05T00:43:21.775407Z,KXCOPPER15M-26OCT042045-45,0.9800,1.33,no
2026-10-05T00:43:21.775407Z,KXCOPPER15M-26OCT042045-45,0.9800,3.34,no
2026-10-05T00:43:23.320558Z,KXCOPPER15M-26OCT042045-45,0.9800,5.09,no
2026-10-05T00:43:32.471787Z,KXCOPPER15M-26OCT042045-45,0.9900,5.00,yes
2026-10-05T00:43:33.954445Z,KXCOPPER15M-26OCT042045-45,0.9900,1.00,yes
2026-10-05T00:43:34.980567Z,KXCOPPER15M-26OCT042045-45,0.9900,9.59,yes
2026-10-05T00:43:38.86443Z,KXCOPPER15M-26OCT042045-45,0.9900,5.78,yes
2026-10-05T00:43:40.654767Z,KXCOPPER15M-26OCT042045-45,0.9900,22.20,yes
2026-10-05T00:43:40.764482Z,KXCOPPER15M-26OCT042045-45,0.9800,11.69,no
2026-10-05T00:43:42.63648Z,KXCOPPER15M-26OCT042045-45,0.9900,20.00,yes
2026-10-05T00:43:42.63648Z,KXCOPPER15M-26OCT042045-45,0.9900,7.00,yes
2026-10-05T00:43:42.63648Z,KXCOPPER15M-26OCT042045-45,0.9900,56.43,yes
2026-10-05T00:43:43.68022Z,KXCOPPER15M-26OCT042045-45,0.9900,1.00,no
2026-10-05T00:43:48.228712Z,KXCOPPER15M-26OCT042045-45,0.9900,1.95,no
2026-10-05T00:43:48.228712Z,KXCOPPER15M-26OCT042045-45,0.9900,1.09,no
2026-10-05T00:44:37.067677Z,KXCOPPER15M-26OCT042045-45,0.9900,9.00,no
2026-10-05T00:44:37.067677Z,KXCOPPER15M-26OCT042045-45,0.9900,20.00,no
2026-10-05T00:44:37.067677Z,KXCOPPER15M-26OCT042045-45,0.9900,12.05,no
2026-10-05T00:44:37.067677Z,KXCOPPER15M-26OCT042045-45,0.9900,3.91,no
2026-10-05T00:44:37.067677Z,KXCOPPER15M-26OCT042045-45,0.9900,1.79,no
2026-10-05T00:43:27.245465Z,KXGOLD15M-26OCT042045-45,0.0210,1500.00,no
2026-10-05T00:43:27.257363Z,KXGOLD15M-26OCT042045-45,0.0180,50.00,no
2026-10-05T00:43:27.257363Z,KXGOLD15M-26OCT042045-45,0.0180,28.51,no
2026-10-05T00:43:27.257363Z,KXGOLD15M-26OCT042045-45,0.0200,23.00,no
2026-10-05T00:43:27.29611Z,KXGOLD15M-26OCT042045-45,0.0180,557.21,no
2026-10-05T00:43:27.551174Z,KXGOLD15M-26OCT042045-45,0.0200,65.52,no
2026-10-05T00:43:27.805323Z,KXGOLD15M-26OCT042045-45,0.0240,1.44,yes
2026-10-05T00:43:28.018835Z,KXGOLD15M-26OCT042045-45,0.0210,51.28,no
2026-10-05T00:43:28.018835Z,KXGOLD15M-26OCT042045-45,0.0210,19.00,no
2026-10-05T00:43:28.23009Z,KXGOLD15M-26OCT042045-45,0.0200,50.88,no
2026-10-05T00:43:28.588145Z,KXGOLD15M-26OCT042045-45,0.0260,105.85,yes
2026-10-05T00:43:28.605259Z,KXGOLD15M-26OCT042045-45,0.0260,360.06,yes
2026-10-05T00:43:28.621998Z,KXGOLD15M-26OCT042045-45,0.0210,61.11,no
2026-10-05T00:43:28.653285Z,KXGOLD15M-26OCT042045-45,0.0260,180.03,yes
2026-10-05T00:43:28.752404Z,KXGOLD15M-26OCT042045-45,0.0260,18.00,yes
2026-10-05T00:43:28.930536Z,KXGOLD15M-26OCT042045-45,0.0260,72.01,yes
2026-10-05T00:43:29.168883Z,KXGOLD15M-26OCT042045-45,0.0250,25.00,yes
2026-10-05T00:43:29.168883Z,KXGOLD15M-26OCT042045-45,0.0250,11.00,yes
2026-10-05T00:43:29.305036Z,KXGOLD15M-26OCT042045-45,0.0190,14.11,no
2026-10-05T00:43:29.620644Z,KXGOLD15M-26OCT042045-45,0.0260,50.00,yes
2026-10-05T00:43:29.620644Z,KXGOLD15M-26OCT042045-45,0.0260,10.01,yes
2026-10-05T00:43:29.620644Z,KXGOLD15M-26OCT042045-45,0.0240,12.00,yes
2026-10-05T00:43:30.243224Z,KXGOLD15M-26OCT042045-45,0.0300,47.37,yes
2026-10-05T00:43:30.243224Z,KXGOLD15M-26OCT042045-45,0.0200,11.00,yes
2026-10-05T00:43:30.243224Z,KXGOLD15M-26OCT042045-45,0.0260,50.00,yes
2026-10-05T00:43:30.243224Z,KXGOLD15M-26OCT042045-45,0.0290,102.00,yes
2026-10-05T00:43:30.243224Z,KXGOLD15M-26OCT042045-45,0.0250,41.94,yes
2026-10-05T00:43:30.243224Z,KXGOLD15M-26OCT042045-45,0.0300,10.00,yes
2026-10-05T00:43:30.439223Z,KXGOLD15M-26OCT042045-45,0.0150,9.13,no
2026-10-05T00:43:30.520718Z,KXGOLD15M-26OCT042045-45,0.0180,156.06,yes
2026-10-05T00:43:30.607146Z,KXGOLD15M-26OCT042045-45,0.0200,40.00,yes
2026-10-05T00:43:30.607146Z,KXGOLD15M-26OCT042045-45,0.0210,22.42,yes
2026-10-05T00:43:30.672549Z,KXGOLD15M-26OCT042045-45,0.0210,12.00,yes
2026-10-05T00:43:30.672549Z,KXGOLD15M-26OCT042045-45,0.0290,14.37,yes
2026-10-05T00:43:30.672549Z,KXGOLD15M-26OCT042045-45,0.0290,50.00,yes
2026-10-05T00:43:30.672549Z,KXGOLD15M-26OCT042045-45,0.0210,113.49,yes
2026-10-05T00:43:30.693699Z,KXGOLD15M-26OCT042045-45,0.0290,93.64,yes
2026-10-05T00:43:30.777409Z,KXGOLD15M-26OCT042045-45,0.0160,15.20,no
2026-10-05T00:43:31.115418Z,KXGOLD15M-26OCT042045-45,0.0250,36.02,yes
2026-10-05T00:43:31.194196Z,KXGOLD15M-26OCT042045-45,0.0150,22.00,no
2026-10-05T00:43:31.24445Z,KXGOLD15M-26OCT042045-45,0.0150,425.62,no
2026-10-05T00:43:31.24445Z,KXGOLD15M-26OCT042045-45,0.0150,28.07,no
2026-10-05T00:43:31.24445Z,KXGOLD15M-26OCT042045-45,0.0150,11.93,no
2026-10-05T00:43:31.24445Z,KXGOLD15M-26OCT042045-45,0.0150,23.00,no
2026-10-05T00:43:31.24445Z,KXGOLD15M-26OCT042045-45,0.0150,68.87,no
2026-10-05T00:43:31.347394Z,KXGOLD15M-26OCT042045-45,0.0230,33.00,yes
2026-10-05T00:43:31.522058Z,KXGOLD15M-26OCT042045-45,0.0150,25.35,no
2026-10-05T00:43:31.634549Z,KXGOLD15M-26OCT042045-45,0.0230,31.00,yes
2026-10-05T00:43:31.634549Z,KXGOLD15M-26OCT042045-45,0.0260,604.67,yes
2026-10-05T00:43:31.662319Z,KXGOLD15M-26OCT042045-45,0.0280,167.04,yes
2026-10-05T00:43:32.064997Z,KXGOLD15M-26OCT042045-45,0.0210,10.00,yes
2026-10-05T00:43:32.064997Z,KXGOLD15M-26OCT042045-45,0.0200,11.93,yes
2026-10-05T00:43:32.064997Z,KXGOLD15M-26OCT042045-45,0.0200,28.07,yes
2026-10-05T00:43:32.064997Z,KXGOLD15M-26OCT042045-45,0.0250,19.66,yes
2026-10-05T00:43:32.075965Z,KXGOLD15M-26OCT042045-45,0.0160,11.71,no
2026-10-05T00:43:32.511827Z,KXGOLD15M-26OCT042045-45,0.0160,19.00,no
2026-10-05T00:43:32.511827Z,KXGOLD15M-26OCT042045-45,0.0160,6.00,no
2026-10-05T00:43:32.511827Z,KXGOLD15M-26OCT042045-45,0.0160,45.54,no
2026-10-05T00:43:32.739207Z,KXGOLD15M-26OCT042045-45,0.0150,351.58,no
2026-10-05T00:43:32.739207Z,KXGOLD15M-26OCT042045-45,0.0150,96.00,no
2026-10-05T00:43:32.739207Z,KXGOLD15M-26OCT042045-45,0.0150,11.93,no
2026-10-05T00:43:32.739207Z,KXGOLD15M-26OCT042045-45,0.0150,19.00,no
2026-10-05T00:43:32.739207Z,KXGOLD15M-26OCT042045-45,0.0150,28.07,no
2026-10-05T00:43:32.835352Z,KXGOLD15M-26OCT042045-45,0.0140,4.86,no
2026-10-05T00:43:33.427064Z,KXGOLD15M-26OCT042045-45,0.0150,119.87,yes
2026-10-05T00:43:33.427064Z,KXGOLD15M-26OCT042045-45,0.0150,4.86,yes
2026-10-05T00:43:33.619226Z,KXGOLD15M-26OCT042045-45,0.0150,519.82,yes
2026-10-05T00:43:34.129888Z,KXGOLD15M-26OCT042045-45,0.0160,156.00,yes
2026-10-05T00:43:34.129888Z,KXGOLD15M-26OCT042045-45,0.0160,114.09,yes
2026-10-05T00:43:34.181773Z,KXGOLD15M-26OCT042045-45,0.0170,22.95,yes
2026-10-05T00:43:34.500091Z,KXGOLD15M-26OCT042045-45,0.0150,177.47,no
2026-10-05T00:43:34.699019Z,KXGOLD15M-26OCT042045-45,0.0170,53.93,yes
2026-10-05T00:43:34.745357Z,KXGOLD15M-26OCT042045-45,0.0170,2.44,yes
2026-10-05T00:43:35.159817Z,KXGOLD15M-26OCT042045-45,0.0150,5.39,no
2026-10-05T00:43:35.240634Z,KXGOLD15M-26OCT042045-45,0.0150,557.26,no
2026-10-05T00:43:35.63354Z,KXGOLD15M-26OCT042045-45,0.0140,37.01,no
2026-10-05T00:43:35.63354Z,KXGOLD15M-26OCT042045-45,0.0140,2.99,no
2026-10-05T00:43:36.344307Z,KXGOLD15M-26OCT042045-45,0.0150,308.84,yes
2026-10-05T00:43:36.344307Z,KXGOLD15M-26OCT042045-45,0.0150,2.99,yes
2026-10-05T00:43:36.783855Z,KXGOLD15M-26OCT042045-45,0.0160,5.00,yes
2026-10-05T00:43:36.817342Z,KXGOLD15M-26OCT042045-45,0.0160,471.66,yes
2026-10-05T00:43:37.307073Z,KXGOLD15M-26OCT042045-45,0.0140,1.00,no
2026-10-05T00:43:37.456308Z,KXGOLD15M-26OCT042045-45,0.0140,3.21,no
2026-10-05T00:43:37.692077Z,KXGOLD15M-26OCT042045-45,0.0140,202.64,no
2026-10-05T00:43:37.763712Z,KXGOLD15M-26OCT042045-45,0.0150,116.94,yes
2026-10-05T00:43:37.841942Z,KXGOLD15M-26OCT042045-45,0.0150,175.16,yes
2026-10-05T00:43:38.00555Z,KXGOLD15M-26OCT042045-45,0.0160,48.90,yes
2026-10-05T00:43:38.112427Z,KXGOLD15M-26OCT042045-45,0.0160,10.00,yes
2026-10-05T00:43:38.732502Z,KXGOLD15M-26OCT042045-45,0.0130,18.75,no
2026-10-05T00:43:38.964963Z,KXGOLD15M-26OCT042045-45,0.0130,14.09,no
2026-10-05T00:43:39.23394Z,KXGOLD15M-26OCT042045-45,0.0130,54.00,no
2026-10-05T00:43:39.28533Z,KXGOLD15M-26OCT042045-45,0.0150,1138.67,yes
2026-10-05T00:43:39.412934Z,KXGOLD15M-26OCT042045-45,0.0160,13.00,yes
2026-10-05T00:43:39.412934Z,KXGOLD15M-26OCT042045-45,0.0160,223.44,yes
2026-10-05T00:43:39.515013Z,KXGOLD15M-26OCT042045-45,0.0190,95.65,yes
2026-10-05T00:43:39.645564Z,KXGOLD15M-26OCT042045-45,0.0150,3.12,yes
2026-10-05T00:43:39.711778Z,KXGOLD15M-26OCT042045-45,0.0130,556.73,no
2026-10-05T00:43:39.860421Z,KXGOLD15M-26OCT042045-45,0.0130,45.99,no
2026-10-05T00:43:40.266882Z,KXGOLD15M-26OCT042045-45,0.0140,124.73,yes
2026-10-05T00:43:42.002222Z,KXGOLD15M-26OCT042045-45,0.0130,3.20,no
2026-10-05T00:43:42.198995Z,KXGOLD15M-26OCT042045-45,0.0140,800.00,yes
2026-10-05T00:43:42.548625Z,KXGOLD15M-26OCT042045-45,0.0140,25.83,no
2026-10-05T00:43:42.577205Z,KXGOLD15M-26OCT042045-45,0.0150,36.88,yes
2026-10-05T00:43:42.577205Z,KXGOLD15M-26OCT042045-45,0.0150,274.95,yes
2026-10-05T00:43:42.706382Z,KXGOLD15M-26OCT042045-45,0.0140,1014.19,no
2026-10-05T00:43:43.079667Z,KXGOLD15M-26OCT042045-45,0.0180,9.34,yes
2026-10-05T00:43:43.700084Z,KXGOLD15M-26OCT042045-45,0.0130,28.00,no
2026-10-05T00:43:43.700084Z,KXGOLD15M-26OCT042045-45,0.0130,1.78,no
2026-10-05T00:43:44.115795Z,KXGOLD15M-26OCT042045-45,0.0300,10.00,yes
2026-10-05T00:43:44.115795Z,KXGOLD15M-26OCT042045-45,0.0400,154.00,yes
2026-10-05T00:43:44.115795Z,KXGOLD15M-26OCT042045-45,0.0200,11.93,yes
2026-10-05T00:43:44.115795Z,KXGOLD15M-26OCT042045-45,0.0300,154.00,yes
2026-10-05T00:43:44.115795Z,KXGOLD15M-26OCT042045-45,0.0290,11.45,yes
2026-10-05T00:43:44.115795Z,KXGOLD15M-26OCT042045-45,0.0300,11.00,yes
2026-10-05T00:43:44.115795Z,KXGOLD15M-26OCT042045-45,0.0200,28.07,yes
2026-10-05T00:43:44.115795Z,KXGOLD15M-26OCT042045-45,0.0330,30.00,yes
2026-10-05T00:43:44.115795Z,KXGOLD15M-26OCT042045-45,0.0350,60.00,yes
2026-10-05T00:43:44.115795Z,KXGOLD15M-26OCT042045-45,0.0600,18.00,yes
2026-10-05T00:43:44.115795Z,KXGOLD15M-26OCT042045-45,0.0200,50.00,yes
2026-10-05T00:43:44.115795Z,KXGOLD15M-26OCT042045-45,0.0290,6.00,yes
2026-10-05T00:43:44.115795Z,KXGOLD15M-26OCT042045-45,0.0270,30.00,yes
2026-10-05T00:43:44.115795Z,KXGOLD15M-26OCT042045-45,0.0160,10.00,yes
2026-10-05T00:43:44.115795Z,KXGOLD15M-26OCT042045-45,0.0340,60.00,yes
2026-10-05T00:43:44.115795Z,KXGOLD15M-26OCT042045-45,0.0280,2100.00,yes
2026-10-05T00:43:44.115795Z,KXGOLD15M-26OCT042045-45,0.0320,300.00,yes
2026-10-05T00:43:44.115795Z,KXGOLD15M-26OCT042045-45,0.0500,154.00,yes
2026-10-05T00:43:44.115795Z,KXGOLD15M-26OCT042045-45,0.0260,100.00,yes
2026-10-05T00:43:44.115795Z,KXGOLD15M-26OCT042045-45,0.0240,40.00,yes
2026-10-05T00:43:44.115795Z,KXGOLD15M-26OCT042045-45,0.0150,1500.00,yes
2026-10-05T00:43:44.115795Z,KXGOLD15M-26OCT042045-45,0.0270,102.00,yes
2026-10-05T00:43:44.115795Z,KXGOLD15M-26OCT042045-45,0.0210,300.00,yes
2026-10-05T00:43:44.115795Z,KXGOLD15M-26OCT042045-45,0.0610,400.00,yes
2026-10-05T00:43:44.115795Z,KXGOLD15M-26OCT042045-45,0.0300,10.00,yes
2026-10-05T00:43:44.115795Z,KXGOLD15M-26OCT042045-45,0.0400,49.30,yes
2026-10-05T00:43:44.115795Z,KXGOLD15M-26OCT042045-45,0.0700,6.00,yes
2026-10-05T00:43:44.115795Z,KXGOLD15M-26OCT042045-45,0.0750,2.00,yes
2026-10-05T00:43:44.115795Z,KXGOLD15M-26OCT042045-45,0.0810,392.58,yes
2026-10-05T00:43:44.115795Z,KXGOLD15M-26OCT042045-45,0.0710,400.00,yes
2026-10-05T00:43:44.115795Z,KXGOLD15M-26OCT042045-45,0.0800,10.00,yes
2026-10-05T00:43:44.436601Z,KXGOLD15M-26OCT042045-45,0.0240,400.00,no
2026-10-05T00:43:44.436601Z,KXGOLD15M-26OCT042045-45,0.0240,100.00,no
2026-10-05T00:43:44.591251Z,KXGOLD15M-26OCT042045-45,0.0160,50.44,no
2026-10-05T00:43:44.591251Z,KXGOLD15M-26OCT042045-45,0.0170,101.00,no
2026-10-05T00:43:44.591251Z,KXGOLD15M-26OCT042045-45,0.0220,400.00,no
2026-10-05T00:43:44.655919Z,KXGOLD15M-26OCT042045-45,0.0170,1500.00,yes
2026-10-05T00:43:44.655919Z,KXGOLD15M-26OCT042045-45,0.0170,25.00,yes
2026-10-05T00:43:44.655919Z,KXGOLD15M-26OCT042045-45,0.0170,10.00,yes
2026-10-05T00:43:44.726076Z,KXGOLD15M-26OCT042045-45,0.0180,25.00,yes
2026-10-05T00:43:44.776865Z,KXGOLD15M-26OCT042045-45,0.0190,25.00,yes
2026-10-05T00:43:44.7997Z,KXGOLD15M-26OCT042045-45,0.0200,25.00,yes
2026-10-05T00:43:44.901362Z,KXGOLD15M-26OCT042045-45,0.0210,25.00,yes
2026-10-05T00:43:45.130639Z,KXGOLD15M-26OCT042045-45,0.0200,25.00,yes
2026-10-05T00:43:45.130639Z,KXGOLD15M-26OCT042045-45,0.0200,15.00,yes
2026-10-05T00:43:45.456098Z,KXGOLD15M-26OCT042045-45,0.0220,15.99,yes
2026-10-05T00:43:45.456098Z,KXGOLD15M-26OCT042045-45,0.0220,25.00,yes
2026-10-05T00:43:46.028646Z,KXGOLD15M-26OCT042045-45,0.0200,1.00,yes
2026-10-05T00:43:46.028646Z,KXGOLD15M-26OCT042045-45,0.0210,25.00,yes
2026-10-05T00:43:46.028646Z,KXGOLD15M-26OCT042045-45,0.0220,25.00,yes
2026-10-05T00:43:46.028646Z,KXGOLD15M-26OCT042045-45,0.0200,25.00,yes
2026-10-05T00:43:46.028646Z,KXGOLD15M-26OCT042045-45,0.0220,12.00,yes
2026-10-05T00:43:46.028646Z,KXGOLD15M-26OCT042045-45,0.0190,25.00,yes
2026-10-05T00:43:46.028646Z,KXGOLD15M-26OCT042045-45,0.0240,97.11,yes
2026-10-05T00:43:46.598759Z,KXGOLD15M-26OCT042045-45,0.0200,16.00,yes
2026-10-05T00:43:46.598759Z,KXGOLD15M-26OCT042045-45,0.0190,25.00,yes
2026-10-05T00:43:46.598759Z,KXGOLD15M-26OCT042045-45,0.0200,25.00,yes
2026-10-05T00:43:46.598759Z,KXGOLD15M-26OCT042045-45,0.0180,25.00,yes
2026-10-05T00:43:46.598759Z,KXGOLD15M-26OCT042045-45,0.0300,15.20,yes
2026-10-05T00:43:46.598759Z,KXGOLD15M-26OCT042045-45,0.0220,25.00,yes
2026-10-05T00:43:46.598759Z,KXGOLD15M-26OCT042045-45,0.0210,25.00,yes
2026-10-05T00:43:46.598759Z,KXGOLD15M-26OCT042045-45,0.0300,10.00,yes
2026-10-05T00:43:46.780718Z,KXGOLD15M-26OCT042045-45,0.0190,25.00,yes
2026-10-05T00:43:46.780718Z,KXGOLD15M-26OCT042045-45,0.0200,20.49,yes
2026-10-05T00:43:46.878049Z,KXGOLD15M-26OCT042045-45,0.0190,24.62,yes
2026-10-05T00:43:47.58436Z,KXGOLD15M-26OCT042045-45,0.0250,72.11,yes
2026-10-05T00:43:47.58436Z,KXGOLD15M-26OCT042045-45,0.0240,102.00,yes
2026-10-05T00:43:47.58436Z,KXGOLD15M-26OCT042045-45,0.0200,11.00,yes
2026-10-05T00:43:47.58436Z,KXGOLD15M-26OCT042045-45,0.0190,0.38,yes
2026-10-05T00:43:47.58436Z,KXGOLD15M-26OCT042045-45,0.0200,4.51,yes
2026-10-05T00:43:47.836335Z,KXGOLD15M-26OCT042045-45,0.0170,388.70,no
2026-10-05T00:43:47.885262Z,KXGOLD15M-26OCT042045-45,0.0160,341.07,no
2026-10-05T00:43:47.992323Z,KXGOLD15M-26OCT042045-45,0.0180,25.00,yes
2026-10-05T00:43:48.00659Z,KXGOLD15M-26OCT042045-45,0.0190,10.26,yes
2026-10-05T00:43:48.067037Z,KXGOLD15M-26OCT042045-45,0.0190,14.74,yes
2026-10-05T00:43:48.067037Z,KXGOLD15M-26OCT042045-45,0.0200,4.33,yes
2026-10-05T00:43:48.067037Z,KXGOLD15M-26OCT042045-45,0.0180,25.00,yes
2026-10-05T00:43:48.105748Z,KXGOLD15M-26OCT042045-45,0.0200,11.00,yes
2026-10-05T00:43:48.105748Z,KXGOLD15M-26OCT042045-45,0.0260,4.82,yes
2026-10-05T00:43:48.105748Z,KXGOLD15M-26OCT042045-45,0.0190,25.00,yes
2026-10-05T00:43:48.318126Z,KXGOLD15M-26OCT042045-45,0.0180,85.54,yes
2026-10-05T00:43:48.482467Z,KXGOLD15M-26OCT042045-45,0.0170,25.00,yes
2026-10-05T00:43:48.652933Z,KXGOLD15M-26OCT042045-45,0.0210,25.00,yes
2026-10-05T00:43:48.652933Z,KXGOLD15M-26OCT042045-45,0.0190,25.00,yes
2026-10-05T00:43:48.652933Z,KXGOLD15M-26OCT042045-45,0.0210,14.00,yes
2026-10-05T00:43:48.652933Z,KXGOLD15M-26OCT042045-45,0.0250,68.15,yes
2026-10-05T00:43:48.652933Z,KXGOLD15M-26OCT042045-45,0.0170,25.00,yes
2026-10-05T00:43:48.652933Z,KXGOLD15M-26OCT042045-45,0.0200,25.00,yes
2026-10-05T00:43:48.973662Z,KXGOLD15M-26OCT042045-45,0.0160,8.15,no
2026-10-05T00:43:48.973662Z,KXGOLD15M-26OCT042045-45,0.0160,2.00,no
2026-10-05T00:43:49.070873Z,KXGOLD15M-26OCT042045-45,0.0200,39.82,yes
2026-10-05T00:43:49.381318Z,KXGOLD15M-26OCT042045-45,0.0160,558.31,no
2026-10-05T00:43:49.553768Z,KXGOLD15M-26OCT042045-45,0.0150,11.93,no
2026-10-05T00:43:49.553768Z,KXGOLD15M-26OCT042045-45,0.0150,28.07,no
2026-10-05T00:43:49.628095Z,KXGOLD15M-26OCT042045-45,0.0200,40.00,yes
2026-10-05T00:43:49.628095Z,KXGOLD15M-26OCT042045-45,0.0200,16.70,yes
2026-10-05T00:43:49.628095Z,KXGOLD15M-26OCT042045-45,0.0180,29.00,yes
2026-10-05T00:43:49.704016Z,KXGOLD15M-26OCT042045-45,0.0190,213.38,yes
2026-10-05T00:43:49.72505Z,KXGOLD15M-26OCT042045-45,0.0190,79.47,yes
2026-10-05T00:43:49.773987Z,KXGOLD15M-26OCT042045-45,0.0170,2.46,yes
2026-10-05T00:43:50.102448Z,KXGOLD15M-26OCT042045-45,0.0150,5.25,no
2026-10-05T00:43:50.673684Z,KXGOLD15M-26OCT042045-45,0.0160,212.35,yes
2026-10-05T00:43:50.982756Z,KXGOLD15M-26OCT042045-45,0.0160,29.00,yes
2026-10-05T00:43:51.001667Z,KXGOLD15M-26OCT042045-45,0.0160,51.36,yes
2026-10-05T00:43:51.376892Z,KXGOLD15M-26OCT042045-45,0.0160,29.23,yes
2026-10-05T00:43:51.38151Z,KXGOLD15M-26OCT042045-45,0.0160,58.47,yes
2026-10-05T00:43:51.450491Z,KXGOLD15M-26OCT042045-45,0.0160,292.36,yes
2026-10-05T00:43:51.515713Z,KXGOLD15M-26OCT042045-45,0.0160,1.02,yes
2026-10-05T00:43:51.690587Z,KXGOLD15M-26OCT042045-45,0.0160,58.47,yes
2026-10-05T00:43:51.727552Z,KXGOLD15M-26OCT042045-45,0.0160,14.61,yes
2026-10-05T00:43:51.735146Z,KXGOLD15M-26OCT042045-45,0.0160,9.35,yes
2026-10-05T00:43:51.967186Z,KXGOLD15M-26OCT042045-45,0.0150,7.52,no
2026-10-05T00:43:52.143538Z,KXGOLD15M-26OCT042045-45,0.0160,58.47,yes
2026-10-05T00:43:52.25611Z,KXGOLD15M-26OCT042045-45,0.0160,29.23,yes
2026-10-05T00:43:52.366191Z,KXGOLD15M-26OCT042045-45,0.0160,8.36,yes
2026-10-05T00:43:52.382015Z,KXGOLD15M-26OCT042045-45,0.0160,292.36,yes
2026-10-05T00:43:52.505774Z,KXGOLD15M-26OCT042045-45,0.0150,3.93,no
2026-10-05T00:43:52.505774Z,KXGOLD15M-26OCT042045-45,0.0150,34.07,no
2026-10-05T00:43:52.574716Z,KXGOLD15M-26OCT042045-45,0.0120,49.68,no
2026-10-05T00:43:52.619994Z,KXGOLD15M-26OCT042045-45,0.0150,58.47,yes
2026-10-05T00:43:52.961176Z,KXGOLD15M-26OCT042045-45,0.0120,202.25,no
2026-10-05T00:43:52.993008Z,KXGOLD15M-26OCT042045-45,0.0150,42.54,yes
2026-10-05T00:43:53.092018Z,KXGOLD15M-26OCT042045-45,0.0150,110.07,yes
2026-10-05T00:43:53.284416Z,KXGOLD15M-26OCT042045-45,0.0150,0.53,yes
2026-10-05T00:43:53.470353Z,KXGOLD15M-26OCT042045-45,0.0150,32.43,yes
2026-10-05T00:43:53.495463Z,KXGOLD15M-26OCT042045-45,0.0150,62.36,yes
2026-10-05T00:43:53.547172Z,KXGOLD15M-26OCT042045-45,0.0150,122.12,yes
2026-10-05T00:43:53.661527Z,KXGOLD15M-26OCT042045-45,0.0150,62.36,yes
2026-10-05T00:43:53.666682Z,KXGOLD15M-26OCT042045-45,0.0130,564.30,no
2026-10-05T00:43:53.773348Z,KXGOLD15M-26OCT042045-45,0.0150,81.29,yes
2026-10-05T00:43:53.886113Z,KXGOLD15M-26OCT042045-45,0.0150,23.07,yes
2026-10-05T00:43:54.060515Z,KXGOLD15M-26OCT042045-45,0.0150,48.95,yes
2026-10-05T00:43:54.137889Z,KXGOLD15M-26OCT042045-45,0.0150,1222.38,yes
2026-10-05T00:43:54.261093Z,KXGOLD15M-26OCT042045-45,0.0150,124.73,yes
2026-10-05T00:43:54.394664Z,KXGOLD15M-26OCT042045-45,0.0130,45.32,no
2026-10-05T00:43:54.569215Z,KXGOLD15M-26OCT042045-45,0.0120,110.00,no
2026-10-05T00:43:54.569215Z,KXGOLD15M-26OCT042045-45,0.0120,1.00,no
2026-10-05T00:43:54.569215Z,KXGOLD15M-26OCT042045-45,0.0120,174.07,no
2026-10-05T00:43:54.59563Z,KXGOLD15M-26OCT042045-45,0.0110,19.83,no
2026-10-05T00:43:54.90332Z,KXGOLD15M-26OCT042045-45,0.0120,17.50,yes
2026-10-05T00:43:54.90332Z,KXGOLD15M-26OCT042045-45,0.0120,24.00,yes
2026-10-05T00:43:54.968026Z,KXGOLD15M-26OCT042045-45,0.0120,311.83,yes
2026-10-05T00:43:55.272594Z,KXGOLD15M-26OCT042045-45,0.0110,5.05,no
2026-10-05T00:43:55.373147Z,KXGOLD15M-26OCT042045-45,0.0200,7.52,yes
2026-10-05T00:43:55.373147Z,KXGOLD15M-26OCT042045-45,0.0200,3.93,yes
2026-10-05T00:43:55.373147Z,KXGOLD15M-26OCT042045-45,0.0200,5.25,yes
2026-10-05T00:43:55.373147Z,KXGOLD15M-26OCT042045-45,0.0200,11.93,yes
2026-10-05T00:43:55.373147Z,KXGOLD15M-26OCT042045-45,0.0220,30.00,yes
2026-10-05T00:43:55.373147Z,KXGOLD15M-26OCT042045-45,0.0210,30.00,yes
2026-10-05T00:43:55.373147Z,KXGOLD15M-26OCT042045-45,0.0200,11.37,yes
2026-10-05T00:43:55.373147Z,KXGOLD15M-26OCT042045-45,0.0200,1.00,yes
2026-10-05T00:43:55.373147Z,KXGOLD15M-26OCT042045-45,0.0180,300.00,yes
2026-10-05T00:43:55.373147Z,KXGOLD15M-26OCT042045-45,0.0120,18.00,yes
2026-10-05T00:43:55.373147Z,KXGOLD15M-26OCT042045-45,0.0120,5.05,yes
2026-10-05T00:43:55.373147Z,KXGOLD15M-26OCT042045-45,0.0120,19.83,yes
2026-10-05T00:43:55.373147Z,KXGOLD15M-26OCT042045-45,0.0220,300.00,yes
2026-10-05T00:43:55.373147Z,KXGOLD15M-26OCT042045-45,0.0150,60.00,yes
2026-10-05T00:43:55.373147Z,KXGOLD15M-26OCT042045-45,0.0240,793.65,yes
2026-10-05T00:43:55.373147Z,KXGOLD15M-26OCT042045-45,0.0120,1500.00,yes
2026-10-05T00:43:55.373147Z,KXGOLD15M-26OCT042045-45,0.0210,102.00,yes
2026-10-05T00:43:55.373147Z,KXGOLD15M-26OCT042045-45,0.0160,60.00,yes
2026-10-05T00:43:55.373147Z,KXGOLD15M-26OCT042045-45,0.0220,100.00,yes
2026-10-05T00:43:55.373147Z,KXGOLD15M-26OCT042045-45,0.0190,40.00,yes
2026-10-05T00:43:55.50719Z,KXGOLD15M-26OCT042045-45,0.0160,20.37,yes
2026-10-05T00:43:55.518723Z,KXGOLD15M-26OCT042045-45,0.0150,1.01,no
2026-10-05T00:43:55.682643Z,KXGOLD15M-26OCT042045-45,0.0150,5.25,no
2026-10-05T00:43:55.682643Z,KXGOLD15M-26OCT042045-45,0.0150,11.93,no
2026-10-05T00:43:55.682643Z,KXGOLD15M-26OCT042045-45,0.0150,3.93,no
2026-10-05T00:43:55.682643Z,KXGOLD15M-26OCT042045-45,0.0150,27.80,no
2026-10-05T00:43:55.682643Z,KXGOLD15M-26OCT042045-45,0.0150,7.52,no
2026-10-05T00:43:55.682643Z,KXGOLD15M-26OCT042045-45,0.0150,10.36,no
2026-10-05T00:43:56.051362Z,KXGOLD15M-26OCT042045-45,0.0110,5.05,no
2026-10-05T00:43:56.451771Z,KXGOLD15M-26OCT042045-45,0.0120,6.45,yes
2026-10-05T00:43:56.506722Z,KXGOLD15M-26OCT042045-45,0.0120,292.36,yes
2026-10-05T00:43:56.78218Z,KXGOLD15M-26OCT042045-45,0.0120,389.71,yes
2026-10-05T00:43:57.08373Z,KXGOLD15M-26OCT042045-45,0.0110,320.07,no
2026-10-05T00:43:57.08373Z,KXGOLD15M-26OCT042045-45,0.0110,2.61,no
2026-10-05T00:43:57.08373Z,KXGOLD15M-26OCT042045-45,0.0110,1.00,no
2026-10-05T00:43:57.08373Z,KXGOLD15M-26OCT042045-45,0.0110,2.00,no
2026-10-05T00:43:57.152546Z,KXGOLD15M-26OCT042045-45,0.0110,146.00,no
2026-10-05T00:43:57.152546Z,KXGOLD15M-26OCT042045-45,0.0110,763.35,no
2026-10-05T00:43:57.152546Z,KXGOLD15M-26OCT042045-45,0.0110,31.21,no
2026-10-05T00:43:57.152546Z,KXGOLD15M-26OCT042045-45,0.0110,2.00,no
2026-10-05T00:43:57.152546Z,KXGOLD15M-26OCT042045-45,0.0110,7.39,no
2026-10-05T00:43:57.152546Z,KXGOLD15M-26OCT042045-45,0.0110,100.00,no
2026-10-05T00:43:57.152546Z,KXGOLD15M-26OCT042045-45,0.0110,20.00,no
2026-10-05T00:43:57.262543Z,KXGOLD15M-26OCT042045-45,0.0110,155.89,yes
2026-10-05T00:43:57.585421Z,KXGOLD15M-26OCT042045-45,0.0110,85.02,yes
2026-10-05T00:43:57.594841Z,KXGOLD15M-26OCT042045-45,0.0110,77.94,yes
2026-10-05T00:43:57.601777Z,KXGOLD15M-26OCT042045-45,0.0100,300.00,no
2026-10-05T00:43:57.601777Z,KXGOLD15M-26OCT042045-45,0.0100,406.57,no
2026-10-05T00:43:57.875026Z,KXGOLD15M-26OCT042045-45,0.0100,2.00,no
2026-10-05T00:43:57.875026Z,KXGOLD15M-26OCT042045-45,0.0100,3.11,no
2026-10-05T00:43:57.875026Z,KXGOLD15M-26OCT042045-45,0.0100,16.21,no
2026-10-05T00:43:57.875026Z,KXGOLD15M-26OCT042045-45,0.0100,5.28,no
2026-10-05T00:43:57.875026Z,KXGOLD15M-26OCT042045-45,0.0100,108.66,no
2026-10-05T00:43:57.875026Z,KXGOLD15M-26OCT042045-45,0.0100,343.43,no
2026-10-05T00:43:57.875026Z,KXGOLD15M-26OCT042045-45,0.0100,25.00,no
2026-10-05T00:43:57.875026Z,KXGOLD15M-26OCT042045-45,0.0100,1.00,no
2026-10-05T00:43:57.966233Z,KXGOLD15M-26OCT042045-45,0.0100,6.16,no
2026-10-05T00:43:57.966233Z,KXGOLD15M-26OCT042045-45,0.0100,6.18,no
2026-10-05T00:43:57.966233Z,KXGOLD15M-26OCT042045-45,0.0100,1.26,no
2026-10-05T00:43:57.966233Z,KXGOLD15M-26OCT042045-45,0.0100,1.17,no
2026-10-05T00:43:57.966233Z,KXGOLD15M-26OCT042045-45,0.0100,1.27,no
2026-10-05T00:43:57.966233Z,KXGOLD15M-26OCT042045-45,0.0100,270.16,no
2026-10-05T00:43:57.966233Z,KXGOLD15M-26OCT042045-45,0.0100,2.43,no
2026-10-05T00:43:57.966233Z,KXGOLD15M-26OCT042045-45,0.0100,2.46,no
2026-10-05T00:43:57.966233Z,KXGOLD15M-26OCT042045-45,0.0100,1.16,no
2026-10-05T00:43:57.966233Z,KXGOLD15M-26OCT042045-45,0.0100,37.95,no
2026-10-05T00:43:57.966233Z,KXGOLD15M-26OCT042045-45,0.0100,18.58,no
2026-10-05T00:43:57.966233Z,KXGOLD15M-26OCT042045-45,0.0100,1.41,no
2026-10-05T00:43:57.966233Z,KXGOLD15M-26OCT042045-45,0.0100,2.12,no
2026-10-05T00:43:57.966233Z,KXGOLD15M-26OCT042045-45,0.0100,2.65,no
2026-10-05T00:43:57.966233Z,KXGOLD15M-26OCT042045-45,0.0100,1.21,no
2026-10-05T00:43:57.966233Z,KXGOLD15M-26OCT042045-45,0.0100,0.65,no
2026-10-05T00:43:57.966233Z,KXGOLD15M-26OCT042045-45,0.0100,2.55,no
2026-10-05T00:43:57.966233Z,KXGOLD15M-26OCT042045-45,0.0100,3.53,no
2026-10-05T00:43:57.966233Z,KXGOLD15M-26OCT042045-45,0.0100,7.19,no
2026-10-05T00:43:57.966233Z,KXGOLD15M-26OCT042045-45,0.0100,44.17,no
2026-10-05T00:43:57.966233Z,KXGOLD15M-26OCT042045-45,0.0100,44.73,no
2026-10-05T00:43:57.966233Z,KXGOLD15M-26OCT042045-45,0.0100,10.75,no
2026-10-05T00:43:57.966233Z,KXGOLD15M-26OCT042045-45,0.0100,1.16,no
2026-10-05T00:43:57.966233Z,KXGOLD15M-26OCT042045-45,0.0100,91.34,no
2026-10-05T00:43:57.966233Z,KXGOLD15M-26OCT042045-45,0.0100,1.00,no
2026-10-05T00:43:58.193839Z,KXGOLD15M-26OCT042045-45,0.0110,423.45,yes
2026-10-05T00:43:58.482496Z,KXGOLD15M-26OCT042045-45,0.0110,248.30,yes
2026-10-05T00:43:58.90672Z,KXGOLD15M-26OCT042045-45,0.0100,1.07,no
2026-10-05T00:43:58.90672Z,KXGOLD15M-26OCT042045-45,0.0100,5.06,no
2026-10-05T00:43:58.90672Z,KXGOLD15M-26OCT042045-45,0.0100,220.87,no
2026-10-05T00:43:58.90672Z,KXGOLD15M-26OCT042045-45,0.0100,129.84,no
2026-10-05T00:43:58.924145Z,KXGOLD15M-26OCT042045-45,0.0100,32.00,no
2026-10-05T00:43:58.947455Z,KXGOLD15M-26OCT042045-45,0.0100,400.00,no
2026-10-05T00:43:58.947455Z,KXGOLD15M-26OCT042045-45,0.0100,747.13,no
2026-10-05T00:43:58.948105Z,KXGOLD15M-26OCT042045-45,0.0090,16.01,no
2026-10-05T00:43:59.036942Z,KXGOLD15M-26OCT042045-45,0.0100,300.79,no
2026-10-05T00:43:59.347322Z,KXGOLD15M-26OCT042045-45,0.0110,8.50,yes
2026-10-05T00:43:59.468677Z,KXGOLD15M-26OCT042045-45,0.0110,2.35,yes
2026-10-05T00:43:59.494161Z,KXGOLD15M-26OCT042045-45,0.0100,99.21,no
2026-10-05T00:43:59.679195Z,KXGOLD15M-26OCT042045-45,0.0110,23.64,yes
2026-10-05T00:43:59.679195Z,KXGOLD15M-26OCT042045-45,0.0110,147.42,yes
2026-10-05T00:43:59.679195Z,KXGOLD15M-26OCT042045-45,0.0110,343.43,yes
2026-10-05T00:43:59.789418Z,KXGOLD15M-26OCT042045-45,0.0110,20.64,yes
2026-10-05T00:43:59.789418Z,KXGOLD15M-26OCT042045-45,0.0110,1.36,yes
2026-10-05T00:44:00.340084Z,KXGOLD15M-26OCT042045-45,0.0110,300.00,yes
2026-10-05T00:44:00.340084Z,KXGOLD15M-26OCT042045-45,0.0110,30.00,yes
2026-10-05T00:44:00.462866Z,KXGOLD15M-26OCT042045-45,0.0110,53.17,no
2026-10-05T00:44:00.925404Z,KXGOLD15M-26OCT042045-45,0.0100,1.00,no
2026-10-05T00:44:01.383068Z,KXGOLD15M-26OCT042045-45,0.0110,85.02,yes
2026-10-05T00:44:01.449334Z,KXGOLD15M-26OCT042045-45,0.0100,23.14,no
2026-10-05T00:44:01.509053Z,KXGOLD15M-26OCT042045-45,0.0100,100.93,no
2026-10-05T00:44:01.519664Z,KXGOLD15M-26OCT042045-45,0.0100,19.17,no
2026-10-05T00:44:01.720465Z,KXGOLD15M-26OCT042045-45,0.0110,192.13,yes
2026-10-05T00:44:01.720465Z,KXGOLD15M-26OCT042045-45,0.0110,232.98,yes
2026-10-05T00:44:01.770132Z,KXGOLD15M-26OCT042045-45,0.0110,42.51,yes
2026-10-05T00:44:02.144759Z,KXGOLD15M-26OCT042045-45,0.0110,274.72,no
2026-10-05T00:44:02.839261Z,KXGOLD15M-26OCT042045-45,0.0110,166.64,yes
2026-10-05T00:44:02.861797Z,KXGOLD15M-26OCT042045-45,0.0100,25.23,no
2026-10-05T00:44:02.946919Z,KXGOLD15M-26OCT042045-45,0.0120,5.05,yes
2026-10-05T00:44:02.946919Z,KXGOLD15M-26OCT042045-45,0.0120,320.07,yes
2026-10-05T00:44:02.969347Z,KXGOLD15M-26OCT042045-45,0.0100,274.77,no
2026-10-05T00:44:02.969347Z,KXGOLD15M-26OCT042045-45,0.0080,558.70,no
2026-10-05T00:44:02.969347Z,KXGOLD15M-26OCT042045-45,0.0110,1500.00,no
2026-10-05T00:44:02.969347Z,KXGOLD15M-26OCT042045-45,0.0100,17.00,no
2026-10-05T00:44:02.969347Z,KXGOLD15M-26OCT042045-45,0.0090,131.00,no
2026-10-05T00:44:02.969347Z,KXGOLD15M-26OCT042045-45,0.0090,38.00,no
2026-10-05T00:44:03.067545Z,KXGOLD15M-26OCT042045-45,0.0140,5.00,yes
2026-10-05T00:44:03.460839Z,KXGOLD15M-26OCT042045-45,0.0140,0.83,yes
2026-10-05T00:44:03.720059Z,KXGOLD15M-26OCT042045-45,0.0090,212.35,no
2026-10-05T00:44:03.723804Z,KXGOLD15M-26OCT042045-45,0.0090,221.61,no
2026-10-05T00:44:04.377707Z,KXGOLD15M-26OCT042045-45,0.0090,8.06,no
2026-10-05T00:44:04.484462Z,KXGOLD15M-26OCT042045-45,0.0110,19.00,no
2026-10-05T00:44:04.49056Z,KXGOLD15M-26OCT042045-45,0.0090,0.59,no
2026-10-05T00:44:04.579921Z,KXGOLD15M-26OCT042045-45,0.0130,1500.00,yes
2026-10-05T00:44:04.589033Z,KXGOLD15M-26OCT042045-45,0.0150,30.00,yes
2026-10-05T00:44:04.589033Z,KXGOLD15M-26OCT042045-45,0.0150,12.00,yes
2026-10-05T00:44:04.589033Z,KXGOLD15M-26OCT042045-45,0.0150,40.00,yes
2026-10-05T00:44:04.610759Z,KXGOLD15M-26OCT042045-45,0.0200,1.01,yes
2026-10-05T00:44:04.610759Z,KXGOLD15M-26OCT042045-45,0.0200,11.93,yes
2026-10-05T00:44:04.610759Z,KXGOLD15M-26OCT042045-45,0.0200,5.25,yes
2026-10-05T00:44:04.610759Z,KXGOLD15M-26OCT042045-45,0.0200,10.36,yes
2026-10-05T00:44:04.610759Z,KXGOLD15M-26OCT042045-45,0.0200,3.93,yes
2026-10-05T00:44:04.610759Z,KXGOLD15M-26OCT042045-45,0.0200,7.52,yes
2026-10-05T00:44:04.814009Z,KXGOLD15M-26OCT042045-45,0.0160,7.00,no
2026-10-05T00:44:04.870546Z,KXGOLD15M-26OCT042045-45,0.0160,85.26,no
2026-10-05T00:44:04.892663Z,KXGOLD15M-26OCT042045-45,0.0160,1.59,no
2026-10-05T00:44:05.253978Z,KXGOLD15M-26OCT042045-45,0.0160,1.00,no
2026-10-05T00:44:05.533162Z,KXGOLD15M-26OCT042045-45,0.0160,10.54,no
2026-10-05T00:44:06.337823Z,KXGOLD15M-26OCT042045-45,0.0160,23.00,no
2026-10-05T00:44:06.337823Z,KXGOLD15M-26OCT042045-45,0.0150,10.36,no
2026-10-05T00:44:06.337823Z,KXGOLD15M-26OCT042045-45,0.0150,1.63,no
2026-10-05T00:44:06.337823Z,KXGOLD15M-26OCT042045-45,0.0150,1.01,no
2026-10-05T00:44:06.450364Z,KXGOLD15M-26OCT042045-45,0.0160,84.84,no
2026-10-05T00:44:06.981033Z,KXGOLD15M-26OCT042045-45,0.0190,9.65,yes
2026-10-05T00:44:07.34172Z,KXGOLD15M-26OCT042045-45,0.0190,24.62,yes
2026-10-05T00:44:07.436354Z,KXGOLD15M-26OCT042045-45,0.0160,13.48,no
2026-10-05T00:44:07.489477Z,KXGOLD15M-26OCT042045-45,0.0190,48.26,yes
2026-10-05T00:44:07.589089Z,KXGOLD15M-26OCT042045-45,0.0170,33.85,no
2026-10-05T00:44:07.650703Z,KXGOLD15M-26OCT042045-45,0.0160,8.34,no
2026-10-05T00:44:07.752303Z,KXGOLD15M-26OCT042045-45,0.0160,478.52,no
2026-10-05T00:44:07.984418Z,KXGOLD15M-26OCT042045-45,0.0160,497.87,no
2026-10-05T00:44:07.997575Z,KXGOLD15M-26OCT042045-45,0.0190,24.62,yes
2026-10-05T00:44:08.309428Z,KXGOLD15M-26OCT042045-45,0.0150,3.93,no
2026-10-05T00:44:08.309428Z,KXGOLD15M-26OCT042045-45,0.0150,10.30,no
2026-10-05T00:44:08.309428Z,KXGOLD15M-26OCT042045-45,0.0150,7.52,no
2026-10-05T00:44:08.309428Z,KXGOLD15M-26OCT042045-45,0.0150,5.25,no
2026-10-05T00:44:08.31298Z,KXGOLD15M-26OCT042045-45,0.0150,70.00,no
2026-10-05T00:44:08.425043Z,KXGOLD15M-26OCT042045-45,0.0190,24.62,yes
2026-10-05T00:44:08.496206Z,KXGOLD15M-26OCT042045-45,0.0140,28.00,no
2026-10-05T00:44:08.496206Z,KXGOLD15M-26OCT042045-45,0.0140,1.00,no
2026-10-05T00:44:08.496206Z,KXGOLD15M-26OCT042045-45,0.0140,58.45,no
2026-10-05T00:44:09.314092Z,KXGOLD15M-26OCT042045-45,0.0140,70.00,no
2026-10-05T00:44:09.364095Z,KXGOLD15M-26OCT042045-45,0.0170,10.38,yes
2026-10-05T00:44:09.401943Z,KXGOLD15M-26OCT042045-45,0.0170,1489.62,yes
2026-10-05T00:44:09.440586Z,KXGOLD15M-26OCT042045-45,0.0140,2.56,no
2026-10-05T00:44:09.503222Z,KXGOLD15M-26OCT042045-45,0.0130,49.64,no
2026-10-05T00:44:10.170973Z,KXGOLD15M-26OCT042045-45,0.0130,24.82,no
2026-10-05T00:44:10.175813Z,KXGOLD15M-26OCT042045-45,0.0200,1.63,yes
2026-10-05T00:44:10.175813Z,KXGOLD15M-26OCT042045-45,0.0200,1.01,yes
2026-10-05T00:44:10.175813Z,KXGOLD15M-26OCT042045-45,0.0200,10.36,yes
2026-10-05T00:44:10.175813Z,KXGOLD15M-26OCT042045-45,0.0200,5.25,yes
2026-10-05T00:44:10.175813Z,KXGOLD15M-26OCT042045-45,0.0200,3.93,yes
2026-10-05T00:44:10.175813Z,KXGOLD15M-26OCT042045-45,0.0200,10.30,yes
2026-10-05T00:44:10.175813Z,KXGOLD15M-26OCT042045-45,0.0200,7.52,yes
2026-10-05T00:44:10.175813Z,KXGOLD15M-26OCT042045-45,0.0200,14.00,yes
2026-10-05T00:44:10.501988Z,KXGOLD15M-26OCT042045-45,0.0150,3.93,no
2026-10-05T00:44:10.501988Z,KXGOLD15M-26OCT042045-45,0.0150,10.36,no
2026-10-05T00:44:10.501988Z,KXGOLD15M-26OCT042045-45,0.0150,10.30,no
2026-10-05T00:44:10.501988Z,KXGOLD15M-26OCT042045-45,0.0150,1.01,no
2026-10-05T00:44:10.501988Z,KXGOLD15M-26OCT042045-45,0.0150,5.25,no
2026-10-05T00:44:10.501988Z,KXGOLD15M-26OCT042045-45,0.0150,1.63,no
2026-10-05T00:44:10.501988Z,KXGOLD15M-26OCT042045-45,0.0150,7.52,no
2026-10-05T00:44:10.501988Z,KXGOLD15M-26OCT042045-45,0.0140,22.00,no
2026-10-05T00:44:10.840884Z,KXGOLD15M-26OCT042045-45,0.0150,15.58,no
2026-10-05T00:44:11.010439Z,KXGOLD15M-26OCT042045-45,0.0150,70.00,no
2026-10-05T00:44:11.391434Z,KXGOLD15M-26OCT042045-45,0.0180,49.25,yes
2026-10-05T00:44:11.43741Z,KXGOLD15M-26OCT042045-45,0.0180,10.39,yes
2026-10-05T00:44:11.457014Z,KXGOLD15M-26OCT042045-45,0.0180,49.25,yes
2026-10-05T00:44:11.50969Z,KXGOLD15M-26OCT042045-45,0.0140,70.00,no
2026-10-05T00:44:11.847095Z,KXGOLD15M-26OCT042045-45,0.0170,25.99,yes
2026-10-05T00:44:11.866448Z,KXGOLD15M-26OCT042045-45,0.0140,15.00,no
2026-10-05T00:44:11.882827Z,KXGOLD15M-26OCT042045-45,0.0180,12.00,yes
2026-10-05T00:44:12.078262Z,KXGOLD15M-26OCT042045-45,0.0140,70.00,no
2026-10-05T00:44:12.313078Z,KXGOLD15M-26OCT042045-45,0.0130,20.00,yes
2026-10-05T00:44:12.673613Z,KXGOLD15M-26OCT042045-45,0.0130,71.95,yes
2026-10-05T00:44:12.962459Z,KXGOLD15M-26OCT042045-45,0.0130,25.27,no
2026-10-05T00:44:13.26702Z,KXGOLD15M-26OCT042045-45,0.0130,71.95,yes
2026-10-05T00:44:13.306189Z,KXGOLD15M-26OCT042045-45,0.0140,13.00,yes
2026-10-05T00:44:13.383945Z,KXGOLD15M-26OCT042045-45,0.0120,70.00,no
2026-10-05T00:44:13.761192Z,KXGOLD15M-26OCT042045-45,0.0130,101.79,yes
2026-10-05T00:44:14.697706Z,KXGOLD15M-26OCT042045-45,0.0140,229.38,yes
2026-10-05T00:44:14.697706Z,KXGOLD15M-26OCT042045-45,0.0140,19.00,yes
2026-10-05T00:44:14.740976Z,KXGOLD15M-26OCT042045-45,0.0120,15.00,no
2026-10-05T00:44:15.286428Z,KXGOLD15M-26OCT042045-45,0.0100,1.00,no
2026-10-05T00:44:15.286428Z,KXGOLD15M-26OCT042045-45,0.0090,13.84,no
2026-10-05T00:44:15.287963Z,KXGOLD15M-26OCT042045-45,0.0130,16.00,yes
2026-10-05T00:44:15.287963Z,KXGOLD15M-26OCT042045-45,0.0130,117.63,yes
2026-10-05T00:44:16.351902Z,KXGOLD15M-26OCT042045-45,0.0070,402.62,no
2026-10-05T00:44:16.585542Z,KXGOLD15M-26OCT042045-45,0.0080,93.51,yes
2026-10-05T00:44:16.601744Z,KXGOLD15M-26OCT042045-45,0.0090,100.00,yes
2026-10-05T00:44:16.601744Z,KXGOLD15M-26OCT042045-45,0.0080,309.11,yes
2026-10-05T00:44:16.601744Z,KXGOLD15M-26OCT042045-45,0.0100,58.48,yes
2026-10-05T00:44:16.80067Z,KXGOLD15M-26OCT042045-45,0.0090,1500.00,yes
2026-10-05T00:44:16.80067Z,KXGOLD15M-26OCT042045-45,0.0100,200.37,yes
2026-10-05T00:44:17.283923Z,KXGOLD15M-26OCT042045-45,0.0080,12.71,no
2026-10-05T00:44:17.543544Z,KXGOLD15M-26OCT042045-45,0.0100,93.51,yes
2026-10-05T00:44:17.658244Z,KXGOLD15M-26OCT042045-45,0.0100,93.51,yes
2026-10-05T00:44:17.982868Z,KXGOLD15M-26OCT042045-45,0.0100,93.51,yes
2026-10-05T00:44:18.576264Z,KXGOLD15M-26OCT042045-45,0.0100,93.51,yes
2026-10-05T00:44:18.822204Z,KXGOLD15M-26OCT042045-45,0.0090,14.11,no
2026-10-05T00:44:18.946146Z,KXGOLD15M-26OCT042045-45,0.0090,403.37,no
2026-10-05T00:44:19.016179Z,KXGOLD15M-26OCT042045-45,0.0090,1082.52,no
2026-10-05T00:44:19.604099Z,KXGOLD15M-26OCT042045-45,0.0100,155.89,yes
2026-10-05T00:44:20.238426Z,KXGOLD15M-26OCT042045-45,0.0100,93.51,yes
2026-10-05T00:44:20.283461Z,KXGOLD15M-26OCT042045-45,0.0090,17.00,no
2026-10-05T00:44:20.876844Z,KXGOLD15M-26OCT042045-45,0.0100,487.00,yes
2026-10-05T00:44:21.172644Z,KXGOLD15M-26OCT042045-45,0.0100,9.35,yes
2026-10-05T00:44:21.180921Z,KXGOLD15M-26OCT042045-45,0.0100,93.51,yes
2026-10-05T00:44:21.321577Z,KXGOLD15M-26OCT042045-45,0.0090,9.11,no
2026-10-05T00:44:21.321577Z,KXGOLD15M-26OCT042045-45,0.0090,1.00,no
2026-10-05T00:44:21.469088Z,KXGOLD15M-26OCT042045-45,0.0080,29.64,no
2026-10-05T00:44:22.233539Z,KXGOLD15M-26OCT042045-45,0.0100,10.27,yes
2026-10-05T00:44:22.312103Z,KXGOLD15M-26OCT042045-45,0.0090,10.62,no
2026-10-05T00:44:22.799457Z,KXGOLD15M-26OCT042045-45,0.0100,2.80,yes
2026-10-05T00:44:23.400441Z,KXGOLD15M-26OCT042045-45,0.0090,504.22,no
2026-10-05T00:44:23.985368Z,KXGOLD15M-26OCT042045-45,0.0090,73.95,no
2026-10-05T00:44:24.295148Z,KXGOLD15M-26OCT042045-45,0.0090,93.51,yes
2026-10-05T00:44:24.677483Z,KXGOLD15M-26OCT042045-45,0.0080,5.03,no
2026-10-05T00:44:24.913187Z,KXGOLD15M-26OCT042045-45,0.0080,40.99,no
2026-10-05T00:44:25.084579Z,KXGOLD15M-26OCT042045-45,0.0080,1333.96,no
2026-10-05T00:44:25.085036Z,KXGOLD15M-26OCT042045-45,0.0100,16.83,yes
2026-10-05T00:44:25.372407Z,KXGOLD15M-26OCT042045-45,0.0080,3.80,no
2026-10-05T00:44:26.151317Z,KXGOLD15M-26OCT042045-45,0.0100,3.05,yes
2026-10-05T00:44:26.241845Z,KXGOLD15M-26OCT042045-45,0.0080,0.02,no
2026-10-05T00:44:26.447083Z,KXGOLD15M-26OCT042045-45,0.0080,30.22,no
2026-10-05T00:44:26.503734Z,KXGOLD15M-26OCT042045-45,0.0080,1469.76,no
2026-10-05T00:44:26.503734Z,KXGOLD15M-26OCT042045-45,0.0070,160.00,no
2026-10-05T00:44:26.503734Z,KXGOLD15M-26OCT042045-45,0.0070,100.00,no
2026-10-05T00:44:26.503734Z,KXGOLD15M-26OCT042045-45,0.0080,40.00,no
2026-10-05T00:44:26.503734Z,KXGOLD15M-26OCT042045-45,0.0060,147.00,no
2026-10-05T00:44:26.503734Z,KXGOLD15M-26OCT042045-45,0.0070,97.38,no
2026-10-05T00:44:26.600289Z,KXGOLD15M-26OCT042045-45,0.0070,7.48,yes
2026-10-05T00:44:26.870004Z,KXGOLD15M-26OCT042045-45,0.0070,139.52,yes
2026-10-05T00:44:26.893825Z,KXGOLD15M-26OCT042045-45,0.0080,370.21,yes
2026-10-05T00:44:26.893825Z,KXGOLD15M-26OCT042045-45,0.0080,97.38,yes
2026-10-05T00:44:27.00538Z,KXGOLD15M-26OCT042045-45,0.0090,21.51,yes
2026-10-05T00:44:27.730259Z,KXGOLD15M-26OCT042045-45,0.0090,203.65,yes
2026-10-05T00:44:28.051559Z,KXGOLD15M-26OCT042045-45,0.0090,1500.00,yes
2026-10-05T00:44:28.051559Z,KXGOLD15M-26OCT042045-45,0.0100,50.49,yes
2026-10-05T00:44:28.567395Z,KXGOLD15M-26OCT042045-45,0.0090,93.51,yes
2026-10-05T00:44:28.67663Z,KXGOLD15M-26OCT042045-45,0.0080,11.42,no
2026-10-05T00:44:28.92894Z,KXGOLD15M-26OCT042045-45,0.0100,187.03,yes
2026-10-05T00:44:29.20511Z,KXGOLD15M-26OCT042045-45,0.0080,14.05,no
2026-10-05T00:44:29.217943Z,KXGOLD15M-26OCT042045-45,0.0080,95.65,no
2026-10-05T00:44:29.555781Z,KXGOLD15M-26OCT042045-45,0.0080,50.37,no
2026-10-05T00:44:29.69984Z,KXGOLD15M-26OCT042045-45,0.0080,1449.63,no
2026-10-05T00:44:29.708817Z,KXGOLD15M-26OCT042045-45,0.0070,1.00,no
2026-10-05T00:44:29.949318Z,KXGOLD15M-26OCT042045-45,0.0060,22.00,no
2026-10-05T00:44:29.949318Z,KXGOLD15M-26OCT042045-45,0.0060,79.00,no
2026-10-05T00:44:29.949318Z,KXGOLD15M-26OCT042045-45,0.0060,353.00,no
2026-10-05T00:44:29.96189Z,KXGOLD15M-26OCT042045-45,0.0050,22.00,no
2026-10-05T00:44:29.96189Z,KXGOLD15M-26OCT042045-45,0.0050,750.00,no
2026-10-05T00:44:30.3386Z,KXGOLD15M-26OCT042045-45,0.0040,24.63,no
2026-10-05T00:44:30.687741Z,KXGOLD15M-26OCT042045-45,0.0040,20.00,no
2026-10-05T00:44:30.781342Z,KXGOLD15M-26OCT042045-45,0.0050,63.00,yes
2026-10-05T00:44:30.781342Z,KXGOLD15M-26OCT042045-45,0.0050,24.63,yes
2026-10-05T00:44:30.781342Z,KXGOLD15M-26OCT042045-45,0.0050,20.00,yes
2026-10-05T00:44:30.781342Z,KXGOLD15M-26OCT042045-45,0.0060,172.92,yes
2026-10-05T00:44:31.012528Z,KXGOLD15M-26OCT042045-45,0.0050,31.15,yes
2026-10-05T00:44:31.105891Z,KXGOLD15M-26OCT042045-45,0.0050,38.96,yes
2026-10-05T00:44:31.405807Z,KXGOLD15M-26OCT042045-45,0.0060,103.91,yes
2026-10-05T00:44:31.527431Z,KXGOLD15M-26OCT042045-45,0.0060,88.57,yes
2026-10-05T00:44:31.690088Z,KXGOLD15M-26OCT042045-45,0.0060,111.48,yes
2026-10-05T00:44:31.811598Z,KXGOLD15M-26OCT042045-45,0.0040,200.66,no
2026-10-05T00:44:31.829485Z,KXGOLD15M-26OCT042045-45,0.0040,222.00,no
2026-10-05T00:44:31.829485Z,KXGOLD15M-26OCT042045-45,0.0040,754.71,no
2026-10-05T00:44:32.37522Z,KXGOLD15M-26OCT042045-45,0.0030,200.00,no
2026-10-05T00:44:32.702054Z,KXGOLD15M-26OCT042045-45,0.0030,1.00,no
2026-10-05T00:44:32.848311Z,KXGOLD15M-26OCT042045-45,0.0030,3.80,no
2026-10-05T00:44:33.02149Z,KXGOLD15M-26OCT042045-45,0.0040,8.06,yes
2026-10-05T00:44:33.053912Z,KXGOLD15M-26OCT042045-45,0.0040,2.29,yes
2026-10-05T00:44:33.342083Z,KXGOLD15M-26OCT042045-45,0.0030,62.42,no
2026-10-05T00:44:33.379004Z,KXGOLD15M-26OCT042045-45,0.0040,30.32,yes
2026-10-05T00:44:33.549148Z,KXGOLD15M-26OCT042045-45,0.0040,69.71,yes
2026-10-05T00:44:33.549148Z,KXGOLD15M-26OCT042045-45,0.0040,159.33,yes
2026-10-05T00:44:33.808319Z,KXGOLD15M-26OCT042045-45,0.0030,0.15,no
2026-10-05T00:44:34.098187Z,KXGOLD15M-26OCT042045-45,0.0040,2243.58,yes
2026-10-05T00:44:34.222759Z,KXGOLD15M-26OCT042045-45,0.0040,46.74,yes
2026-10-05T00:44:34.321505Z,KXGOLD15M-26OCT042045-45,0.0040,229.04,yes
2026-10-05T00:44:34.540932Z,KXGOLD15M-26OCT042045-45,0.0040,70.00,yes
2026-10-05T00:44:34.56935Z,KXGOLD15M-26OCT042045-45,0.0030,375.70,no
2026-10-05T00:44:34.736745Z,KXGOLD15M-26OCT042045-45,0.0030,20.66,no
2026-10-05T00:44:34.861924Z,KXGOLD15M-26OCT042045-45,0.0040,229.04,yes
2026-10-05T00:44:34.949049Z,KXGOLD15M-26OCT042045-45,0.0040,203.02,yes
2026-10-05T00:44:35.030037Z,KXGOLD15M-26OCT042045-45,0.0030,200.00,no
2026-10-05T00:44:35.045454Z,KXGOLD15M-26OCT042045-45,0.0040,69.99,yes
2026-10-05T00:44:35.053306Z,KXGOLD15M-26OCT042045-45,0.0030,186.00,no
2026-10-05T00:44:35.791961Z,KXGOLD15M-26OCT042045-45,0.0030,24.56,no
2026-10-05T00:44:36.195282Z,KXGOLD15M-26OCT042045-45,0.0030,3.00,no
2026-10-05T00:44:37.469061Z,KXGOLD15M-26OCT042045-45,0.0040,229.04,yes
2026-10-05T00:44:37.929666Z,KXGOLD15M-26OCT042045-45,0.0030,24.90,no
2026-10-05T00:44:38.1003Z,KXGOLD15M-26OCT042045-45,0.0040,4.67,yes
2026-10-05T00:44:38.25979Z,KXGOLD15M-26OCT042045-45,0.0030,129.63,no
2026-10-05T00:44:39.041482Z,KXGOLD15M-26OCT042045-45,0.0040,0.73,yes
2026-10-05T00:44:39.063685Z,KXGOLD15M-26OCT042045-45,0.0040,229.04,yes
2026-10-05T00:44:39.297285Z,KXGOLD15M-26OCT042045-45,0.0040,24.93,yes
2026-10-05T00:44:39.309533Z,KXGOLD15M-26OCT042045-45,0.0030,1.00,no
2026-10-05T00:44:39.902897Z,KXGOLD15M-26OCT042045-45,0.0020,3.00,no
2026-10-05T00:44:39.902897Z,KXGOLD15M-26OCT042045-45,0.0020,3.00,no
2026-10-05T00:44:39.902897Z,KXGOLD15M-26OCT042045-45,0.0020,3.00,no
2026-10-05T00:44:39.902897Z,KXGOLD15M-26OCT042045-45,0.0020,3.00,no
2026-10-05T00:44:39.902897Z,KXGOLD15M-26OCT042045-45,0.0020,33.00,no
2026-10-05T00:44:39.902897Z,KXGOLD15M-26OCT042045-45,0.0020,1.00,no
2026-10-05T00:44:39.902897Z,KXGOLD15M-26OCT042045-45,0.0020,89.00,no
2026-10-05T00:44:39.902897Z,KXGOLD15M-26OCT042045-45,0.0020,2400.00,no
2026-10-05T00:44:39.902897Z,KXGOLD15M-26OCT042045-45,0.0030,17.18,no
2026-10-05T00:44:39.902897Z,KXGOLD15M-26OCT042045-45,0.0020,1250.00,no
2026-10-05T00:44:39.902897Z,KXGOLD15M-26OCT042045-45,0.0010,246.87,no
2026-10-05T00:44:39.96769Z,KXGOLD15M-26OCT042045-45,0.0030,246.87,yes
2026-10-05T00:44:39.96769Z,KXGOLD15M-26OCT042045-45,0.0030,786.49,yes
2026-10-05T00:44:40.251945Z,KXGOLD15M-26OCT042045-45,0.0010,40.82,no
2026-10-05T00:44:40.278416Z,KXGOLD15M-26OCT042045-45,0.0020,33.00,yes
2026-10-05T00:44:40.517082Z,KXGOLD15M-26OCT042045-45,0.0020,622.51,yes
2026-10-05T00:44:40.517082Z,KXGOLD15M-26OCT042045-45,0.0020,7.82,yes
2026-10-05T00:44:41.139488Z,KXGOLD15M-26OCT042045-45,0.0010,1000.93,no
2026-10-05T00:44:41.175971Z,KXGOLD15M-26OCT042045-45,0.0020,8.23,yes
2026-10-05T00:44:41.228416Z,KXGOLD15M-26OCT042045-45,0.0020,183.63,yes
2026-10-05T00:44:41.228416Z,KXGOLD15M-26OCT042045-45,0.0020,2932.26,yes
2026-10-05T00:44:41.332709Z,KXGOLD15M-26OCT042045-45,0.0020,233.72,yes
2026-10-05T00:44:41.510247Z,KXGOLD15M-26OCT042045-45,0.0010,147.12,no
2026-10-05T00:44:41.772166Z,KXGOLD15M-26OCT042045-45,0.0020,186.94,yes
2026-10-05T00:44:42.326978Z,KXGOLD15M-26OCT042045-45,0.0010,400.00,no
2026-10-05T00:44:42.326978Z,KXGOLD15M-26OCT042045-45,0.0010,186.94,no
2026-10-05T00:44:42.326978Z,KXGOLD15M-26OCT042045-45,0.0010,183.63,no
2026-10-05T00:44:42.326978Z,KXGOLD15M-26OCT042045-45,0.0010,233.72,no
2026-10-05T00:44:42.326978Z,KXGOLD15M-26OCT042045-45,0.0010,33.00,no
2026-10-05T00:44:42.326978Z,KXGOLD15M-26OCT042045-45,0.0010,94.00,no
2026-10-05T00:44:42.326978Z,KXGOLD15M-26OCT042045-45,0.0010,7.82,no
2026-10-05T00:44:42.326978Z,KXGOLD15M-26OCT042045-45,0.0010,200.00,no
2026-10-05T00:44:42.326978Z,KXGOLD15M-26OCT042045-45,0.0010,246.87,no
2026-10-05T00:44:42.326978Z,KXGOLD15M-26OCT042045-45,0.0010,17.35,no
2026-10-05T00:44:42.326978Z,KXGOLD15M-26OCT042045-45,0.0010,1.00,no
2026-10-05T00:44:42.326978Z,KXGOLD15M-26OCT042045-45,0.0010,1250.00,no
2026-10-05T00:44:42.326978Z,KXGOLD15M-26OCT042045-45,0.0010,3564.26,no
2026-10-05T00:44:42.342733Z,KXGOLD15M-26OCT042045-45,0.0020,1108.24,yes
2026-10-05T00:44:42.342733Z,KXGOLD15M-26OCT042045-45,0.0020,147.12,yes
2026-10-05T00:44:42.342733Z,KXGOLD15M-26OCT042045-45,0.0020,396.64,yes
2026-10-05T00:44:42.43724Z,KXGOLD15M-26OCT042045-45,0.0020,116.84,yes
2026-10-05T00:44:42.529856Z,KXGOLD15M-26OCT042045-45,0.0010,150.00,no
2026-10-05T00:44:42.833676Z,KXGOLD15M-26OCT042045-45,0.0010,12.69,no
2026-10-05T00:44:43.626463Z,KXGOLD15M-26OCT042045-45,0.0010,52.33,no
2026-10-05T00:44:43.836299Z,KXGOLD15M-26OCT042045-45,0.0020,458.01,yes
2026-10-05T00:44:44.016314Z,KXGOLD15M-26OCT042045-45,0.0020,458.01,yes
2026-10-05T00:44:44.295835Z,KXGOLD15M-26OCT042045-45,0.0010,11.44,no
2026-10-05T00:44:44.708077Z,KXGOLD15M-26OCT042045-45,0.0010,126.92,no
2026-10-05T00:44:44.708077Z,KXGOLD15M-26OCT042045-45,0.0010,200.00,no
2026-10-05T00:44:44.708077Z,KXGOLD15M-26OCT042045-45,0.0010,173.54,no
2026-10-05T00:44:44.720353Z,KXGOLD15M-26OCT042045-45,0.0010,205.00,no
2026-10-05T00:44:44.724607Z,KXGOLD15M-26OCT042045-45,0.0020,9.34,yes
2026-10-05T00:44:44.975997Z,KXGOLD15M-26OCT042045-45,0.0010,199.16,no
2026-10-05T00:44:44.975997Z,KXGOLD15M-26OCT042045-45,0.0010,147.12,no
2026-10-05T00:44:44.975997Z,KXGOLD15M-26OCT042045-45,0.0010,64.72,no
2026-10-05T00:44:46.081155Z,KXGOLD15M-26OCT042045-45,0.0020,15.00,yes
2026-10-05T00:44:47.712951Z,KXGOLD15M-26OCT042045-45,0.0010,100.00,yes
2026-10-05T00:44:47.712951Z,KXGOLD15M-26OCT042045-45,0.0020,800.00,yes
2026-10-05T00:44:47.712951Z,KXGOLD15M-26OCT042045-45,0.0010,100.00,yes
2026-10-05T00:44:48.120561Z,KXGOLD15M-26OCT042045-45,0.0020,5.11,yes
2026-10-05T00:44:48.600312Z,KXGOLD15M-26OCT042045-45,0.0010,1402.08,yes
2026-10-05T00:44:50.075483Z,KXGOLD15M-26OCT042045-45,0.0010,6.09,yes
2026-10-05T00:44:51.884037Z,KXGOLD15M-26OCT042045-45,0.0010,1.46,yes
2026-10-05T00:44:52.532655Z,KXGOLD15M-26OCT042045-45,0.0010,258.00,yes
2026-10-05T00:44:52.532655Z,KXGOLD15M-26OCT042045-45,0.0020,1250.00,yes
2026-10-05T00:44:52.532655Z,KXGOLD15M-26OCT042045-45,0.0020,246.87,yes
2026-10-05T00:44:52.532655Z,KXGOLD15M-26OCT042045-45,0.0020,186.94,yes
2026-10-05T00:44:52.532655Z,KXGOLD15M-26OCT042045-45,0.0020,183.63,yes
2026-10-05T00:44:52.532655Z,KXGOLD15M-26OCT042045-45,0.0020,33.00,yes
2026-10-05T00:44:52.532655Z,KXGOLD15M-26OCT042045-45,0.0020,233.72,yes
2026-10-05T00:44:52.532655Z,KXGOLD15M-26OCT042045-45,0.0020,593.71,yes
2026-10-05T00:44:52.532655Z,KXGOLD15M-26OCT042045-45,0.0020,7.82,yes
2026-10-05T00:44:52.532655Z,KXGOLD15M-26OCT042045-45,0.0020,126.92,yes
2026-10-05T00:44:52.532655Z,KXGOLD15M-26OCT042045-45,0.0020,64.72,yes
2026-10-05T00:44:52.532655Z,KXGOLD15M-26OCT042045-45,0.0020,147.12,yes
2026-10-05T00:44:52.532655Z,KXGOLD15M-26OCT042045-45,0.0020,205.00,yes
2026-10-05T00:44:52.532655Z,KXGOLD15M-26OCT042045-45,0.0020,40.00,yes
2026-10-05T00:44:52.532655Z,KXGOLD15M-26OCT042045-45,0.0010,100.00,yes
2026-10-05T00:44:52.532655Z,KXGOLD15M-26OCT042045-45,0.0010,90.37,yes
2026-10-05T00:44:52.532655Z,KXGOLD15M-26OCT042045-45,0.0020,1000.00,yes
2026-10-05T00:44:52.532655Z,KXGOLD15M-26OCT042045-45,0.0030,84.13,yes
2026-10-05T00:44:53.630717Z,KXGOLD15M-26OCT042045-45,0.0030,5.03,yes
2026-10-05T00:44:54.34412Z,KXGOLD15M-26OCT042045-45,0.0030,61.08,yes
2026-10-05T00:44:55.839118Z,KXGOLD15M-26OCT042045-45,0.0030,934.76,yes
2026-10-05T00:44:55.877446Z,KXGOLD15M-26OCT042045-45,0.0030,1361.80,yes
2026-10-05T00:44:55.877446Z,KXGOLD15M-26OCT042045-45,0.0030,165.00,yes
2026-10-05T00:44:57.133296Z,KXGOLD15M-26OCT042045-45,0.0030,105.96,yes
2026-10-05T00:44:57.133296Z,KXGOLD15M-26OCT042045-45,0.0020,100.00,yes
2026-10-05T00:44:57.133296Z,KXGOLD15M-26OCT042045-45,0.0010,40.00,yes
2026-10-05T00:44:57.133296Z,KXGOLD15M-26OCT042045-45,0.0010,366.00,yes
2026-10-05T00:44:57.632748Z,KXGOLD15M-26OCT042045-45,0.0030,305.35,yes
2026-10-05T00:44:58.427552Z,KXGOLD15M-26OCT042045-45,0.0030,1284.27,yes
2026-10-05T00:44:58.427552Z,KXGOLD15M-26OCT042045-45,0.0040,3.80,yes
2026-10-05T00:44:58.427552Z,KXGOLD15M-26OCT042045-45,0.0040,1.00,yes
2026-10-05T00:44:58.427552Z,KXGOLD15M-26OCT042045-45,0.0040,62.42,yes
2026-10-05T00:44:58.427552Z,KXGOLD15M-26OCT042045-45,0.0040,0.15,yes
2026-10-05T00:44:58.427552Z,KXGOLD15M-26OCT042045-45,0.0040,220.24,yes
2026-10-05T00:44:59.887019Z,KXGOLD15M-26OCT042045-45,0.0010,760.00,yes
2026-10-05T00:43:41.892398Z,KXSILVER15M-26OCT042045-45,0.9660,4.31,no
2026-10-05T00:43:44.330692Z,KXSILVER15M-26OCT042045-45,0.9750,8.00,no
2026-10-05T00:43:44.330692Z,KXSILVER15M-26OCT042045-45,0.9730,10.85,no
2026-10-05T00:43:44.330692Z,KXSILVER15M-26OCT042045-45,0.9740,7.00,no
2026-10-05T00:43:44.403219Z,KXSILVER15M-26OCT042045-45,0.9780,1.00,yes
2026-10-05T00:43:45.077187Z,KXSILVER15M-26OCT042045-45,0.9800,1.00,yes
2026-10-05T00:43:46.239622Z,KXSILVER15M-26OCT042045-45,0.9790,16.00,yes
2026-10-05T00:43:46.239622Z,KXSILVER15M-26OCT042045-45,0.9800,50.00,yes
2026-10-05T00:43:46.239622Z,KXSILVER15M-26OCT042045-45,0.9800,1.00,yes
2026-10-05T00:43:46.34098Z,KXSILVER15M-26OCT042045-45,0.9860,1.00,yes
2026-10-05T00:43:47.389772Z,KXSILVER15M-26OCT042045-45,0.9860,1.97,yes
2026-10-05T00:43:47.772237Z,KXSILVER15M-26OCT042045-45,0.9860,2.02,yes
2026-10-05T00:43:47.789007Z,KXSILVER15M-26OCT042045-45,0.9860,17.25,yes
2026-10-05T00:43:47.789007Z,KXSILVER15M-26OCT042045-45,0.9860,3.01,yes
2026-10-05T00:43:48.362416Z,KXSILVER15M-26OCT042045-45,0.9860,40.75,yes
2026-10-05T00:43:48.362416Z,KXSILVER15M-26OCT042045-45,0.9890,20.00,yes
2026-10-05T00:43:48.362416Z,KXSILVER15M-26OCT042045-45,0.9890,2.00,yes
2026-10-05T00:43:48.362416Z,KXSILVER15M-26OCT042045-45,0.9890,84.48,yes
2026-10-05T00:43:48.362416Z,KXSILVER15M-26OCT042045-45,0.9880,55.00,yes
2026-10-05T00:43:48.897244Z,KXSILVER15M-26OCT042045-45,0.9740,12.31,no
2026-10-05T00:43:48.897244Z,KXSILVER15M-26OCT042045-45,0.9810,55.00,no
2026-10-05T00:43:48.897244Z,KXSILVER15M-26OCT042045-45,0.9750,34.00,no
2026-10-05T00:43:48.897244Z,KXSILVER15M-26OCT042045-45,0.9760,7.00,no
2026-10-05T00:43:50.859732Z,KXSILVER15M-26OCT042045-45,0.9870,20.24,yes
2026-10-05T00:43:51.410249Z,KXSILVER15M-26OCT042045-45,0.9880,30.08,yes
2026-10-05T00:43:51.410249Z,KXSILVER15M-26OCT042045-45,0.9870,62.00,yes
2026-10-05T00:43:54.098656Z,KXSILVER15M-26OCT042045-45,0.9860,5.06,yes
2026-10-05T00:43:54.600634Z,KXSILVER15M-26OCT042045-45,0.9810,30.08,no
2026-10-05T00:43:54.956571Z,KXSILVER15M-26OCT042045-45,0.9860,5.06,yes
2026-10-05T00:43:55.548119Z,KXSILVER15M-26OCT042045-45,0.9860,5.07,yes
2026-10-05T00:43:59.915727Z,KXSILVER15M-26OCT042045-45,0.9770,1.00,yes
2026-10-05T00:44:01.710177Z,KXSILVER15M-26OCT042045-45,0.9870,8.00,yes
2026-10-05T00:44:01.710177Z,KXSILVER15M-26OCT042045-45,0.9890,52.04,yes
2026-10-05T00:44:01.710177Z,KXSILVER15M-26OCT042045-45,0.9810,45.00,yes
2026-10-05T00:44:01.710177Z,KXSILVER15M-26OCT042045-45,0.9880,30.08,yes
2026-10-05T00:44:01.710177Z,KXSILVER15M-26OCT042045-45,0.9820,14.00,yes
2026-10-05T00:44:01.710177Z,KXSILVER15M-26OCT042045-45,0.9880,24.92,yes
2026-10-05T00:44:01.710177Z,KXSILVER15M-26OCT042045-45,0.9890,1.00,yes
2026-10-05T00:44:01.710177Z,KXSILVER15M-26OCT042045-45,0.9890,2.00,yes
2026-10-05T00:44:01.710177Z,KXSILVER15M-26OCT042045-45,0.9890,10.00,yes
2026-10-05T00:44:01.710177Z,KXSILVER15M-26OCT042045-45,0.9890,15.52,yes
2026-10-05T00:44:04.870349Z,KXSILVER15M-26OCT042045-45,0.9860,133.57,no
2026-10-05T00:44:06.006019Z,KXSILVER15M-26OCT042045-45,0.9810,25.10,no
2026-10-05T00:44:06.006019Z,KXSILVER15M-26OCT042045-45,0.9810,24.92,no
2026-10-05T00:44:06.006019Z,KXSILVER15M-26OCT042045-45,0.9820,0.01,no
2026-10-05T00:44:06.006019Z,KXSILVER15M-26OCT042045-45,0.9840,119.00,no
2026-10-05T00:44:06.595228Z,KXSILVER15M-26OCT042045-45,0.9880,2.02,yes
2026-10-05T00:44:06.929923Z,KXSILVER15M-26OCT042045-45,0.9880,1.00,yes
2026-10-05T00:44:07.248329Z,KXSILVER15M-26OCT042045-45,0.9830,0.41,no
2026-10-05T00:44:09.906839Z,KXSILVER15M-26OCT042045-45,0.9890,10.00,yes
2026-10-05T00:44:09.906839Z,KXSILVER15M-26OCT042045-45,0.9880,25.10,yes
2026-10-05T00:44:09.906839Z,KXSILVER15M-26OCT042045-45,0.9880,21.90,yes
2026-10-05T00:44:09.906839Z,KXSILVER15M-26OCT042045-45,0.9900,48.36,yes
2026-10-05T00:44:11.863665Z,KXSILVER15M-26OCT042045-45,0.9900,15.00,yes
2026-10-05T00:44:14.633738Z,KXSILVER15M-26OCT042045-45,0.9810,2.02,no
2026-10-05T00:44:14.633738Z,KXSILVER15M-26OCT042045-45,0.9830,47.00,no
2026-10-05T00:44:14.633738Z,KXSILVER15M-26OCT042045-45,0.9810,1.00,no
2026-10-05T00:44:14.633738Z,KXSILVER15M-26OCT042045-45,0.9760,8.31,no
2026-10-05T00:44:14.633738Z,KXSILVER15M-26OCT042045-45,0.9830,0.01,no
2026-10-05T00:44:14.633738Z,KXSILVER15M-26OCT042045-45,0.9810,25.10,no
2026-10-05T00:44:14.633738Z,KXSILVER15M-26OCT042045-45,0.9810,21.90,no
2026-10-05T00:44:14.633738Z,KXSILVER15M-26OCT042045-45,0.9810,4.98,no
2026-10-05T00:44:14.633738Z,KXSILVER15M-26OCT042045-45,0.9770,8.00,no
2026-10-05T00:44:16.148495Z,KXSILVER15M-26OCT042045-45,0.9880,2.02,yes
2026-10-05T00:44:16.148495Z,KXSILVER15M-26OCT042045-45,0.9880,9.10,yes
2026-10-05T00:44:16.148495Z,KXSILVER15M-26OCT042045-45,0.9880,1.00,yes
2026-10-05T00:44:16.148495Z,KXSILVER15M-26OCT042045-45,0.9880,4.98,yes
2026-10-05T00:44:16.148495Z,KXSILVER15M-26OCT042045-45,0.9880,21.90,yes
2026-10-05T00:44:17.337817Z,KXSILVER15M-26OCT042045-45,0.9810,28.00,no
2026-10-05T00:44:17.337817Z,KXSILVER15M-26OCT042045-45,0.9810,12.26,no
2026-10-05T00:44:17.337817Z,KXSILVER15M-26OCT042045-45,0.9810,1.00,no
2026-10-05T00:44:17.337817Z,KXSILVER15M-26OCT042045-45,0.9810,4.98,no
2026-10-05T00:44:17.337817Z,KXSILVER15M-26OCT042045-45,0.9810,2.02,no
2026-10-05T00:44:17.781564Z,KXSILVER15M-26OCT042045-45,0.9880,1.01,yes
2026-10-05T00:44:19.319727Z,KXSILVER15M-26OCT042045-45,0.9880,5.29,yes
2026-10-05T00:44:20.509909Z,KXSILVER15M-26OCT042045-45,0.9810,5.29,no
2026-10-05T00:44:20.509909Z,KXSILVER15M-26OCT042045-45,0.9810,0.01,no
2026-10-05T00:44:20.509909Z,KXSILVER15M-26OCT042045-45,0.9810,1.01,no
2026-10-05T00:44:20.509909Z,KXSILVER15M-26OCT042045-45,0.9810,23.21,no
2026-10-05T00:44:20.509909Z,KXSILVER15M-26OCT042045-45,0.9810,9.10,no
2026-10-05T00:44:20.509909Z,KXSILVER15M-26OCT042045-45,0.9810,9.64,no
2026-10-05T00:44:21.240747Z,KXSILVER15M-26OCT042045-45,0.9760,316.60,no
2026-10-05T00:44:21.240747Z,KXSILVER15M-26OCT042045-45,0.9770,8.00,no
2026-10-05T00:44:21.240747Z,KXSILVER15M-26OCT042045-45,0.9790,68.00,no
2026-10-05T00:44:22.086546Z,KXSILVER15M-26OCT042045-45,0.9780,21.27,no
2026-10-05T00:44:22.480991Z,KXSILVER15M-26OCT042045-45,0.9880,9.70,yes
2026-10-05T00:44:22.480991Z,KXSILVER15M-26OCT042045-45,0.9880,0.30,yes
2026-10-05T00:44:22.609091Z,KXSILVER15M-26OCT042045-45,0.9880,2.02,yes
2026-10-05T00:44:22.609091Z,KXSILVER15M-26OCT042045-45,0.9880,12.26,yes
2026-10-05T00:44:22.609091Z,KXSILVER15M-26OCT042045-45,0.9880,4.68,yes
2026-10-05T00:44:22.609091Z,KXSILVER15M-26OCT042045-45,0.9880,1.00,yes
2026-10-05T00:44:22.609091Z,KXSILVER15M-26OCT042045-45,0.9880,9.10,yes
2026-10-05T00:44:22.609091Z,KXSILVER15M-26OCT042045-45,0.9880,9.64,yes
2026-10-05T00:44:22.609091Z,KXSILVER15M-26OCT042045-45,0.9880,1.01,yes
2026-10-05T00:44:22.609091Z,KXSILVER15M-26OCT042045-45,0.9880,0.29,yes
2026-10-05T00:44:23.086011Z,KXSILVER15M-26OCT042045-45,0.9880,5.00,yes
2026-10-05T00:44:23.086011Z,KXSILVER15M-26OCT042045-45,0.9900,96.02,yes
2026-10-05T00:44:24.204799Z,KXSILVER15M-26OCT042045-45,0.9900,10.09,yes
2026-10-05T00:44:24.257352Z,KXSILVER15M-26OCT042045-45,0.9900,15.00,yes
2026-10-05T00:44:25.404382Z,KXSILVER15M-26OCT042045-45,0.9900,1.00,yes
2026-10-05T00:44:25.431271Z,KXSILVER15M-26OCT042045-45,0.9900,2.00,yes
2026-10-05T00:44:25.61049Z,KXSILVER15M-26OCT042045-45,0.9900,3.02,yes
2026-10-05T00:44:26.658146Z,KXSILVER15M-26OCT042045-45,0.9900,2.00,yes
2026-10-05T00:44:26.658146Z,KXSILVER15M-26OCT042045-45,0.9900,2.97,yes
2026-10-05T00:44:26.658146Z,KXSILVER15M-26OCT042045-45,0.9900,60.52,yes
2026-10-05T00:44:26.658146Z,KXSILVER15M-26OCT042045-45,0.9900,9.51,yes
2026-10-05T00:44:27.084261Z,KXSILVER15M-26OCT042045-45,0.9900,39.48,yes
2026-10-05T00:44:27.084261Z,KXSILVER15M-26OCT042045-45,0.9900,42.28,yes
2026-10-05T00:44:27.468067Z,KXSILVER15M-26OCT042045-45,0.9880,7.00,no
2026-10-05T00:44:27.468067Z,KXSILVER15M-26OCT042045-45,0.9890,35.00,no
2026-10-05T00:44:27.468067Z,KXSILVER15M-26OCT042045-45,0.9870,16.47,no
2026-10-05T00:44:28.583036Z,KXSILVER15M-26OCT042045-45,0.9970,6.00,yes
2026-10-05T00:44:28.583036Z,KXSILVER15M-26OCT042045-45,0.9940,60.00,yes
2026-10-05T00:44:28.583036Z,KXSILVER15M-26OCT042045-45,0.9950,55.00,yes
2026-10-05T00:44:28.583036Z,KXSILVER15M-26OCT042045-45,0.9900,2.87,yes
2026-10-05T00:44:28.583036Z,KXSILVER15M-26OCT042045-45,0.9900,3.98,yes
2026-10-05T00:44:28.583036Z,KXSILVER15M-26OCT042045-45,0.9900,33.92,yes
2026-10-05T00:44:28.583036Z,KXSILVER15M-26OCT042045-45,0.9950,11.00,yes
2026-10-05T00:44:28.583036Z,KXSILVER15M-26OCT042045-45,0.9960,13.00,yes
2026-10-05T00:44:28.583036Z,KXSILVER15M-26OCT042045-45,0.9970,18.00,yes
2026-10-05T00:44:28.583036Z,KXSILVER15M-26OCT042045-45,0.9900,1.00,yes
2026-10-05T00:44:28.583036Z,KXSILVER15M-26OCT042045-45,0.9970,2.00,yes
2026-10-05T00:44:28.583036Z,KXSILVER15M-26OCT042045-45,0.9960,1.00,yes
2026-10-05T00:44:28.583036Z,KXSILVER15M-26OCT042045-45,0.9970,2.00,yes
2026-10-05T00:44:28.583036Z,KXSILVER15M-26OCT042045-45,0.9960,1.00,yes
2026-10-05T00:44:28.583036Z,KXSILVER15M-26OCT042045-45,0.9960,1.00,yes
2026-10-05T00:44:28.583036Z,KXSILVER15M-26OCT042045-45,0.9960,1.00,yes
2026-10-05T00:44:28.583036Z,KXSILVER15M-26OCT042045-45,0.9970,2.00,yes
2026-10-05T00:44:28.583036Z,KXSILVER15M-26OCT042045-45,0.9960,1.00,yes
2026-10-05T00:44:28.583036Z,KXSILVER15M-26OCT042045-45,0.9970,2.00,yes
2026-10-05T00:44:28.583036Z,KXSILVER15M-26OCT042045-45,0.9970,2.00,yes
2026-10-05T00:44:28.583036Z,KXSILVER15M-26OCT042045-45,0.9980,14.48,yes
2026-10-05T00:44:29.983555Z,KXSILVER15M-26OCT042045-45,0.9960,3.01,yes
2026-10-05T00:44:30.768426Z,KXSILVER15M-26OCT042045-45,0.9960,50.18,yes
2026-10-05T00:44:34.531509Z,KXSILVER15M-26OCT042045-45,0.9970,6.00,yes
2026-10-05T00:44:34.531509Z,KXSILVER15M-26OCT042045-45,0.9970,62.00,yes
2026-10-05T00:44:34.531509Z,KXSILVER15M-26OCT042045-45,0.9980,32.23,yes
2026-10-05T00:44:36.016537Z,KXSILVER15M-26OCT042045-45,0.9930,5.75,no
2026-10-05T00:44:36.242835Z,KXSILVER15M-26OCT042045-45,0.9970,3.00,yes
2026-10-05T00:44:37.34316Z,KXSILVER15M-26OCT042045-45,0.9930,111.26,no
2026-10-05T00:44:40.350719Z,KXSILVER15M-26OCT042045-45,0.9940,0.01,no
2026-10-05T00:44:40.350719Z,KXSILVER15M-26OCT042045-45,0.9940,13.35,no
2026-10-05T00:44:40.350719Z,KXSILVER15M-26OCT042045-45,0.9940,13.00,no
2026-10-05T00:44:40.610032Z,KXSILVER15M-26OCT042045-45,0.9940,16.00,no
2026-10-05T00:44:40.610032Z,KXSILVER15M-26OCT042045-45,0.9940,37.99,no
2026-10-05T00:44:40.610032Z,KXSILVER15M-26OCT042045-45,0.9920,1.00,no
2026-10-05T00:44:40.610032Z,KXSILVER15M-26OCT042045-45,0.9900,27.57,no
2026-10-05T00:44:40.610032Z,KXSILVER15M-26OCT042045-45,0.9930,46.71,no
2026-10-05T00:44:47.206446Z,KXSILVER15M-26OCT042045-45,0.9980,10.68,yes
2026-10-05T00:44:48.036792Z,KXSILVER15M-26OCT042045-45,0.9980,32.00,yes
2026-10-05T00:44:49.430646Z,KXSILVER15M-26OCT042045-45,0.9980,3.00,yes
2026-10-05T00:44:49.710404Z,KXSILVER15M-26OCT042045-45,0.9980,5.00,yes
2026-10-05T00:44:50.0692Z,KXSILVER15M-26OCT042045-45,0.9980,20.00,yes
2026-10-05T00:44:50.64232Z,KXSILVER15M-26OCT042045-45,0.9980,4.00,yes
2026-10-05T00:44:50.787154Z,KXSILVER15M-26OCT042045-45,0.9980,1.00,yes
2026-10-05T00:44:50.787154Z,KXSILVER15M-26OCT042045-45,0.9980,1.00,yes
2026-10-05T00:44:50.787154Z,KXSILVER15M-26OCT042045-45,0.9990,10.00,yes
2026-10-05T00:44:50.787154Z,KXSILVER15M-26OCT042045-45,0.9980,1.00,yes
2026-10-05T00:44:50.787154Z,KXSILVER15M-26OCT042045-45,0.9990,1.00,yes
2026-10-05T00:44:50.787154Z,KXSILVER15M-26OCT042045-45,0.9980,26.00,yes
2026-10-05T00:44:50.787154Z,KXSILVER15M-26OCT042045-45,0.9980,3.00,yes
2026-10-05T00:44:50.787154Z,KXSILVER15M-26OCT042045-45,0.9980,3.00,yes
2026-10-05T00:44:50.787154Z,KXSILVER15M-26OCT042045-45,0.9980,3.00,yes
2026-10-05T00:44:50.787154Z,KXSILVER15M-26OCT042045-45,0.9980,3.00,yes
2026-10-05T00:44:50.787154Z,KXSILVER15M-26OCT042045-45,0.9980,3.00,yes
2026-10-05T00:44:50.787154Z,KXSILVER15M-26OCT042045-45,0.9980,1078.61,yes
2026-10-05T00:44:50.787154Z,KXSILVER15M-26OCT042045-45,0.9990,1.00,yes
2026-10-05T00:43:57.277229Z,KXWTI15M-26OCT042045-45,0.9870,48.07,no
2026-10-05T00:43:59.253845Z,KXWTI15M-26OCT042045-45,0.9870,71.95,no
2026-10-05T00:43:59.657332Z,KXWTI15M-26OCT042045-45,0.9870,71.95,no
2026-10-05T00:44:00.42551Z,KXWTI15M-26OCT042045-45,0.9920,8.66,no
2026-10-05T00:44:00.681097Z,KXWTI15M-26OCT042045-45,0.9920,22.21,no
2026-10-05T00:44:01.500533Z,KXWTI15M-26OCT042045-45,0.9920,39.00,no
2026-10-05T00:44:01.531219Z,KXWTI15M-26OCT042045-45,0.9920,114.09,no
2026-10-05T00:44:01.804455Z,KXWTI15M-26OCT042045-45,0.9900,1.27,no
2026-10-05T00:44:01.804455Z,KXWTI15M-26OCT042045-45,0.9900,10.00,no
2026-10-05T00:44:01.986417Z,KXWTI15M-26OCT042045-45,0.9820,126.72,no
2026-10-05T00:44:02.2045Z,KXWTI15M-26OCT042045-45,0.9900,300.33,no
2026-10-05T00:44:02.263792Z,KXWTI15M-26OCT042045-45,0.9900,71.95,no
2026-10-05T00:44:03.534306Z,KXWTI15M-26OCT042045-45,0.9950,10.04,yes
2026-10-05T00:44:03.808222Z,KXWTI15M-26OCT042045-45,0.9900,6.00,no
2026-10-05T00:44:04.726445Z,KXWTI15M-26OCT042045-45,0.9950,25.11,yes
2026-10-05T00:44:04.796431Z,KXWTI15M-26OCT042045-45,0.9820,30.14,no
2026-10-05T00:44:07.028193Z,KXWTI15M-26OCT042045-45,0.9820,125.86,no
2026-10-05T00:44:07.028193Z,KXWTI15M-26OCT042045-45,0.9800,120.25,no
2026-10-05T00:44:07.442157Z,KXWTI15M-26OCT042045-45,0.9820,51.98,no
2026-10-05T00:44:08.447158Z,KXWTI15M-26OCT042045-45,0.9900,25.99,no
2026-10-05T00:44:09.723107Z,KXWTI15M-26OCT042045-45,0.9850,16.00,no
2026-10-05T00:44:09.723107Z,KXWTI15M-26OCT042045-45,0.9900,14.01,no
2026-10-05T00:44:09.723107Z,KXWTI15M-26OCT042045-45,0.9810,24.00,no
2026-10-05T00:44:09.723107Z,KXWTI15M-26OCT042045-45,0.9800,3.97,no
2026-10-05T00:44:10.907107Z,KXWTI15M-26OCT042045-45,0.9820,11.43,no
2026-10-05T00:44:12.080134Z,KXWTI15M-26OCT042045-45,0.9820,36.50,no
2026-10-05T00:44:12.55442Z,KXWTI15M-26OCT042045-45,0.9950,40.23,yes
2026-10-05T00:44:12.55442Z,KXWTI15M-26OCT042045-45,0.9950,10.00,yes
2026-10-05T00:44:13.245484Z,KXWTI15M-26OCT042045-45,0.9950,1.00,yes
2026-10-05T00:44:14.220773Z,KXWTI15M-26OCT042045-45,0.9950,5.02,yes
2026-10-05T00:44:14.592773Z,KXWTI15M-26OCT042045-45,0.9820,51.94,no
2026-10-05T00:44:16.733716Z,KXWTI15M-26OCT042045-45,0.9950,5.09,yes
2026-10-05T00:44:16.733716Z,KXWTI15M-26OCT042045-45,0.9950,8.98,yes
2026-10-05T00:44:16.733716Z,KXWTI15M-26OCT042045-45,0.9950,5.02,yes
2026-10-05T00:44:16.733716Z,KXWTI15M-26OCT042045-45,0.9950,1.00,yes
2026-10-05T00:44:17.398058Z,KXWTI15M-26OCT042045-45,0.9850,62.36,no
2026-10-05T00:44:17.566432Z,KXWTI15M-26OCT042045-45,0.9850,32.00,no
2026-10-05T00:44:17.728513Z,KXWTI15M-26OCT042045-45,0.9950,11.39,yes
2026-10-05T00:44:18.840977Z,KXWTI15M-26OCT042045-45,0.9950,1.00,yes
2026-10-05T00:44:19.854802Z,KXWTI15M-26OCT042045-45,0.9850,1.00,no
2026-10-05T00:44:19.854802Z,KXWTI15M-26OCT042045-45,0.9850,5.23,no
2026-10-05T00:44:20.084288Z,KXWTI15M-26OCT042045-45,0.9950,15.00,yes
2026-10-05T00:44:20.084288Z,KXWTI15M-26OCT042045-45,0.9950,10.11,yes
2026-10-05T00:44:22.541148Z,KXWTI15M-26OCT042045-45,0.9950,50.23,yes
2026-10-05T00:44:24.336101Z,KXWTI15M-26OCT042045-45,0.9830,3.68,no
2026-10-05T00:44:25.719253Z,KXWTI15M-26OCT042045-45,0.9830,5.23,no
2026-10-05T00:44:28.995457Z,KXWTI15M-26OCT042045-45,0.9950,16.45,yes
2026-10-05T00:44:29.792426Z,KXWTI15M-26OCT042045-45,0.9830,17.34,no
2026-10-05T00:44:29.792426Z,KXWTI15M-26OCT042045-45,0.9830,31.09,no
2026-10-05T00:44:29.792426Z,KXWTI15M-26OCT042045-45,0.9830,61.64,no
2026-10-05T00:44:30.121016Z,KXWTI15M-26OCT042045-45,0.9950,59.26,yes
2026-10-05T00:44:30.193022Z,KXWTI15M-26OCT042045-45,0.9820,0.62,no
2026-10-05T00:44:30.765921Z,KXWTI15M-26OCT042045-45,0.9950,15.00,yes
2026-10-05T00:44:30.765921Z,KXWTI15M-26OCT042045-45,0.9950,1.00,yes
2026-10-05T00:44:30.89973Z,KXWTI15M-26OCT042045-45,0.9960,41.00,yes
2026-10-05T00:44:30.89973Z,KXWTI15M-26OCT042045-45,0.9960,1.75,yes
2026-10-05T00:44:30.89973Z,KXWTI15M-26OCT042045-45,0.9960,1.00,yes
2026-10-05T00:44:30.89973Z,KXWTI15M-26OCT042045-45,0.9960,13.00,yes
2026-10-05T00:44:30.89973Z,KXWTI15M-26OCT042045-45,0.9960,1.00,yes
2026-10-05T00:44:30.89973Z,KXWTI15M-26OCT042045-45,0.9960,1.00,yes
2026-10-05T00:44:30.89973Z,KXWTI15M-26OCT042045-45,0.9960,1.00,yes
2026-10-05T00:44:30.89973Z,KXWTI15M-26OCT042045-45,0.9960,1.00,yes
2026-10-05T00:44:31.385683Z,KXWTI15M-26OCT042045-45,0.9970,17.00,yes
2026-10-05T00:44:31.385683Z,KXWTI15M-26OCT042045-45,0.9970,2.00,yes
2026-10-05T00:44:31.385683Z,KXWTI15M-26OCT042045-45,0.9970,18.00,yes
2026-10-05T00:44:31.385683Z,KXWTI15M-26OCT042045-45,0.9970,2.00,yes
2026-10-05T00:44:31.385683Z,KXWTI15M-26OCT042045-45,0.9970,2.00,yes
2026-10-05T00:44:31.385683Z,KXWTI15M-26OCT042045-45,0.9970,2.00,yes
2026-10-05T00:44:31.385683Z,KXWTI15M-26OCT042045-45,0.9970,2.00,yes
2026-10-05T00:44:31.385683Z,KXWTI15M-26OCT042045-45,0.9970,103.00,yes
2026-10-05T00:44:32.572372Z,KXWTI15M-26OCT042045-45,0.9800,75.78,no
2026-10-05T00:44:32.572372Z,KXWTI15M-26OCT042045-45,0.9910,169.00,no
2026-10-05T00:44:32.572372Z,KXWTI15M-26OCT042045-45,0.9830,1.00,no
2026-10-05T00:44:32.572372Z,KXWTI15M-26OCT042045-45,0.9910,1.00,no
2026-10-05T00:44:32.572372Z,KXWTI15M-26OCT042045-45,0.9890,103.00,no
2026-10-05T00:44:32.572372Z,KXWTI15M-26OCT042045-45,0.9800,2.24,no
2026-10-05T00:44:35.120511Z,KXWTI15M-26OCT042045-45,0.9830,1.00,no
2026-10-05T00:44:35.120511Z,KXWTI15M-26OCT042045-45,0.9820,4.16,no
2026-10-05T00:44:35.896493Z,KXWTI15M-26OCT042045-45,0.9980,2.00,yes
2026-10-05T00:44:36.333799Z,KXWTI15M-26OCT042045-45,0.9980,3.00,yes
2026-10-05T00:44:36.805363Z,KXWTI15M-26OCT042045-45,0.9910,4.27,no
2026-10-05T00:44:37.870334Z,KXWTI15M-26OCT042045-45,0.9910,0.73,no
2026-10-05T00:44:37.870334Z,KXWTI15M-26OCT042045-45,0.9910,1.00,no
2026-10-05T00:44:37.870334Z,KXWTI15M-26OCT042045-45,0.9910,82.43,no
2026-10-05T00:44:38.047971Z,KXWTI15M-26OCT042045-45,0.9980,200.00,yes
2026-10-05T00:44:38.064341Z,KXWTI15M-26OCT042045-45,0.9980,161.00,yes
2026-10-05T00:44:39.17659Z,KXWTI15M-26OCT042045-45,0.9980,111.00,yes
2026-10-05T00:44:39.17659Z,KXWTI15M-26OCT042045-45,0.9980,12.00,yes
2026-10-05T00:44:39.17659Z,KXWTI15M-26OCT042045-45,0.9980,1.00,yes
2026-10-05T00:44:39.17659Z,KXWTI15M-26OCT042045-45,0.9980,1.00,yes
2026-10-05T00:44:39.17659Z,KXWTI15M-26OCT042045-45,0.9980,3.00,yes
2026-10-05T00:44:39.17659Z,KXWTI15M-26OCT042045-45,0.9980,26.00,yes
2026-10-05T00:44:39.17659Z,KXWTI15M-26OCT042045-45,0.9980,3.00,yes
2026-10-05T00:44:39.17659Z,KXWTI15M-26OCT042045-45,0.9980,3.00,yes
2026-10-05T00:44:39.17659Z,KXWTI15M-26OCT042045-45,0.9980,3.00,yes
2026-10-05T00:44:39.17659Z,KXWTI15M-26OCT042045-45,0.9980,3.00,yes
2026-10-05T00:44:39.17659Z,KXWTI15M-26OCT042045-45,0.9990,9.37,yes
2026-10-05T00:44:39.17659Z,KXWTI15M-26OCT042045-45,0.9980,34.00,yes
2026-10-05T00:44:40.252869Z,KXWTI15M-26OCT042045-45,0.9940,9.37,no
2026-10-05T00:44:40.252869Z,KXWTI15M-26OCT042045-45,0.9940,24.63,no
2026-10-05T00:44:41.133856Z,KXWTI15M-26OCT042045-45,0.9940,38.18,no
2026-10-05T00:44:41.515984Z,KXWTI15M-26OCT042045-45,0.9940,10.00,no
2026-10-05T00:44:41.515984Z,KXWTI15M-26OCT042045-45,0.9940,49.00,no
2026-10-05T00:44:43.67435Z,KXWTI15M-26OCT042045-45,0.9940,10.00,no
2026-10-05T00:44:44.53283Z,KXWTI15M-26OCT042045-45,0.9990,9.37,yes
2026-10-05T00:44:44.53283Z,KXWTI15M-26OCT042045-45,0.9990,25.00,yes
2026-10-05T00:44:44.53283Z,KXWTI15M-26OCT042045-45,0.9980,5.00,yes
2026-10-05T00:44:44.53283Z,KXWTI15M-26OCT042045-45,0.9980,95.00,yes
2026-10-05T00:44:44.53283Z,KXWTI15M-26OCT042045-45,0.9990,1.00,yes
2026-10-05T00:44:44.53283Z,KXWTI15M-26OCT042045-45,0.9990,1.00,yes
2026-10-05T00:44:44.53283Z,KXWTI15M-26OCT042045-45,0.9990,490.63,yes
2026-10-05T00:44:45.151707Z,KXWTI15M-26OCT042045-45,0.9960,229.04,no
2026-10-05T00:44:45.372393Z,KXWTI15M-26OCT042045-45,0.9990,53.29,yes
2026-10-05T00:44:46.071223Z,KXWTI15M-26OCT042045-45,0.9990,80.00,yes
2026-10-05T00:44:46.071223Z,KXWTI15M-26OCT042045-45,0.9990,25.00,yes
2026-10-05T00:44:46.646152Z,KXWTI15M-26OCT042045-45,0.9980,5.24,no
2026-10-05T00:44:46.986153Z,KXWTI15M-26OCT042045-45,0.9980,78.70,no
2026-10-05T00:44:48.795458Z,KXWTI15M-26OCT042045-45,0.9980,831.89,no
2026-10-05T00:44:49.195929Z,KXWTI15M-26OCT042045-45,0.9980,8.06,no
2026-10-05T00:44:51.283004Z,KXWTI15M-26OCT042045-45,0.9970,30.00,no
2026-10-05T00:44:51.283004Z,KXWTI15M-26OCT042045-45,0.9970,125.75,no
2026-10-05T00:44:52.698537Z,KXWTI15M-26OCT042045-45,0.9970,2.09,no
2026-10-05T00:44:54.855497Z,KXWTI15M-26OCT042045-45,0.9970,30.91,no
2026-10-05T00:44:54.855497Z,KXWTI15M-26OCT042045-45,0.9960,210.34,no
2026-10-05T00:44:59.163687Z,KXWTI15M-26OCT042045-45,0.9990,31.16,no
2026-10-05T00:44:59.605319Z,KXWTI15M-26OCT042045-45,0.9990,91.03,no
2026-10-05T00:44:11.194845Z,KXGBPUSD15M-26OCT042045-30,0.9900,2.00,yes
2026-10-05T00:44:15.040687Z,KXGBPUSD15M-26OCT042045-30,0.9900,1.00,yes
2026-10-05T00:44:15.040687Z,KXGBPUSD15M-26OCT042045-30,0.9900,2.00,yes
2026-10-05T00:44:15.040687Z,KXGBPUSD15M-26OCT042045-30,0.9900,1.00,yes
2026-10-05T00:44:15.040687Z,KXGBPUSD15M-26OCT042045-30,0.9900,10.00,yes
2026-10-05T00:44:15.040687Z,KXGBPUSD15M-26OCT042045-30,0.9900,1.00,yes
2026-10-05T00:44:15.040687Z,KXGBPUSD15M-26OCT042045-30,0.9900,78.00,yes
2026-10-05T00:44:47.4636Z,KXGBPUSD15M-26OCT042045-30,0.9800,40.70,no
2026-10-05T00:44:47.4636Z,KXGBPUSD15M-26OCT042045-30,0.9900,7.00,no
2026-10-05T00:44:47.4636Z,KXGBPUSD15M-26OCT042045-30,0.9900,5.00,no
2026-10-05T00:55:35.107569Z,KXBNB15M-26OCT042100-00,0.9860,3.00,yes
2026-10-05T00:55:35.107569Z,KXBNB15M-26OCT042100-00,0.9860,7.00,yes
2026-10-05T00:55:35.117188Z,KXBNB15M-26OCT042100-00,0.9870,10.00,yes
2026-10-05T00:55:36.063595Z,KXBNB15M-26OCT042100-00,0.9870,150.00,yes
2026-10-05T00:55:38.708472Z,KXBNB15M-26OCT042100-00,0.9870,10.00,yes
2026-10-05T00:55:38.708472Z,KXBNB15M-26OCT042100-00,0.9870,45.00,yes
2026-10-05T00:55:38.708472Z,KXBNB15M-26OCT042100-00,0.9880,2.00,yes
2026-10-05T00:55:38.708472Z,KXBNB15M-26OCT042100-00,0.9870,3.00,yes
2026-10-05T00:55:40.065157Z,KXBNB15M-26OCT042100-00,0.9890,1.00,yes
2026-10-05T00:55:40.065157Z,KXBNB15M-26OCT042100-00,0.9890,1.00,yes
2026-10-05T00:55:40.065157Z,KXBNB15M-26OCT042100-00,0.9900,10.00,yes
2026-10-05T00:55:40.065157Z,KXBNB15M-26OCT042100-00,0.9890,9.00,yes
2026-10-05T00:55:40.065157Z,KXBNB15M-26OCT042100-00,0.9890,6.00,yes
2026-10-05T00:55:40.065157Z,KXBNB15M-26OCT042100-00,0.9880,8.00,yes
2026-10-05T00:55:40.065157Z,KXBNB15M-26OCT042100-00,0.9890,10.00,yes
2026-10-05T00:55:40.065157Z,KXBNB15M-26OCT042100-00,0.9900,7.02,yes
2026-10-05T00:55:40.065157Z,KXBNB15M-26OCT042100-00,0.9890,20.00,yes
2026-10-05T00:55:40.065157Z,KXBNB15M-26OCT042100-00,0.9880,28.00,yes
2026-10-05T00:55:40.065157Z,KXBNB15M-26OCT042100-00,0.9880,1.00,yes
2026-10-05T00:55:40.525831Z,KXBNB15M-26OCT042100-00,0.9900,6.00,yes
2026-10-05T00:55:40.839608Z,KXBNB15M-26OCT042100-00,0.9900,1.00,yes
2026-10-05T00:55:41.711606Z,KXBNB15M-26OCT042100-00,0.9890,0.96,no
2026-10-05T00:55:43.1848Z,KXBNB15M-26OCT042100-00,0.9900,19.19,yes
2026-10-05T00:55:43.1848Z,KXBNB15M-26OCT042100-00,0.9900,5.98,yes
2026-10-05T00:55:43.1848Z,KXBNB15M-26OCT042100-00,0.9900,1.00,yes
2026-10-05T00:55:43.1848Z,KXBNB15M-26OCT042100-00,0.9900,75.00,yes
2026-10-05T00:55:43.1848Z,KXBNB15M-26OCT042100-00,0.9900,25.00,yes
2026-10-05T00:55:44.446698Z,KXBNB15M-26OCT042100-00,0.9890,5.98,no
2026-10-05T00:55:44.446698Z,KXBNB15M-26OCT042100-00,0.9890,2.00,no
2026-10-05T00:55:44.446698Z,KXBNB15M-26OCT042100-00,0.9890,18.47,no
2026-10-05T00:55:44.446698Z,KXBNB15M-26OCT042100-00,0.9890,3.00,no
2026-10-05T00:55:44.446698Z,KXBNB15M-26OCT042100-00,0.9890,1.00,no
2026-10-05T00:55:44.446698Z,KXBNB15M-26OCT042100-00,0.9890,6.06,no
2026-10-05T00:55:44.446698Z,KXBNB15M-26OCT042100-00,0.9890,6.00,no
2026-10-05T00:55:45.07481Z,KXBNB15M-26OCT042100-00,0.9900,0.81,yes
2026-10-05T00:55:45.07481Z,KXBNB15M-26OCT042100-00,0.9900,2.79,yes
2026-10-05T00:55:45.07481Z,KXBNB15M-26OCT042100-00,0.9900,18.40,yes
2026-10-05T00:55:45.07481Z,KXBNB15M-26OCT042100-00,0.9900,8.00,yes
2026-10-05T00:55:48.018839Z,KXBNB15M-26OCT042100-00,0.9900,0.44,yes
2026-10-05T00:55:50.174494Z,KXBNB15M-26OCT042100-00,0.9900,0.04,yes
2026-10-05T00:56:00.376641Z,KXBNB15M-26OCT042100-00,0.9900,50.00,yes
2026-10-05T00:56:02.746209Z,KXBNB15M-26OCT042100-00,0.9900,8.00,yes
2026-10-05T00:56:02.746209Z,KXBNB15M-26OCT042100-00,0.9900,6.12,yes
2026-10-05T00:56:10.51993Z,KXBNB15M-26OCT042100-00,0.9900,4.00,no
2026-10-05T00:56:19.009347Z,KXBNB15M-26OCT042100-00,0.9910,20.00,yes
2026-10-05T00:56:19.235498Z,KXBNB15M-26OCT042100-00,0.9910,2.00,no
2026-10-05T00:56:19.235498Z,KXBNB15M-26OCT042100-00,0.9900,39.11,no
2026-10-05T00:56:19.235498Z,KXBNB15M-26OCT042100-00,0.9910,18.40,no
2026-10-05T00:56:19.235498Z,KXBNB15M-26OCT042100-00,0.9910,34.00,no
2026-10-05T00:56:19.509665Z,KXBNB15M-26OCT042100-00,0.9910,0.59,no
2026-10-05T00:56:19.509665Z,KXBNB15M-26OCT042100-00,0.9910,0.44,no
2026-10-05T00:56:19.616865Z,KXBNB15M-26OCT042100-00,0.9920,20.00,yes
2026-10-05T00:56:20.776571Z,KXBNB15M-26OCT042100-00,0.9920,2.00,no
2026-10-05T00:56:20.776571Z,KXBNB15M-26OCT042100-00,0.9920,4.42,no
2026-10-05T00:56:21.203147Z,KXBNB15M-26OCT042100-00,0.9930,20.00,yes
2026-10-05T00:56:21.740412Z,KXBNB15M-26OCT042100-00,0.9940,20.00,yes
2026-10-05T00:56:21.740412Z,KXBNB15M-26OCT042100-00,0.9940,6.09,yes
2026-10-05T00:56:40.991966Z,KXBNB15M-26OCT042100-00,0.9940,6.12,no
2026-10-05T00:56:40.991966Z,KXBNB15M-26OCT042100-00,0.9940,2.00,no
2026-10-05T00:56:40.991966Z,KXBNB15M-26OCT042100-00,0.9940,9.90,no
2026-10-05T00:56:40.991966Z,KXBNB15M-26OCT042100-00,0.9940,50.00,no
2026-10-05T00:56:40.991966Z,KXBNB15M-26OCT042100-00,0.9940,0.04,no
2026-10-05T00:56:43.784988Z,KXBNB15M-26OCT042100-00,0.9940,38.18,no
2026-10-05T00:56:51.671674Z,KXBNB15M-26OCT042100-00,0.9940,0.13,no
2026-10-05T00:56:51.671674Z,KXBNB15M-26OCT042100-00,0.9940,2.00,no
2026-10-05T00:56:51.671674Z,KXBNB15M-26OCT042100-00,0.9940,4.03,no
2026-10-05T00:56:55.887244Z,KXBNB15M-26OCT042100-00,0.9950,3.00,yes
2026-10-05T00:56:55.887244Z,KXBNB15M-26OCT042100-00,0.9950,20.00,yes
2026-10-05T00:56:55.887244Z,KXBNB15M-26OCT042100-00,0.9950,11.00,yes
2026-10-05T00:56:55.887244Z,KXBNB15M-26OCT042100-00,0.9950,31.00,yes
2026-10-05T00:56:55.887244Z,KXBNB15M-26OCT042100-00,0.9950,20.00,yes
2026-10-05T00:56:55.90716Z,KXBNB15M-26OCT042100-00,0.9960,1.00,yes
2026-10-05T00:56:55.90716Z,KXBNB15M-26OCT042100-00,0.9960,1.00,yes
2026-10-05T00:56:55.90716Z,KXBNB15M-26OCT042100-00,0.9960,1.00,yes
2026-10-05T00:56:55.90716Z,KXBNB15M-26OCT042100-00,0.9960,1.00,yes
2026-10-05T00:56:55.90716Z,KXBNB15M-26OCT042100-00,0.9960,1.00,yes
2026-10-05T00:56:55.90716Z,KXBNB15M-26OCT042100-00,0.9960,13.00,yes
2026-10-05T00:56:55.90716Z,KXBNB15M-26OCT042100-00,0.9960,20.00,yes
2026-10-05T00:56:58.133165Z,KXBNB15M-26OCT042100-00,0.9970,637.11,yes
2026-10-05T00:56:58.133165Z,KXBNB15M-26OCT042100-00,0.9970,20.00,yes
2026-10-05T00:56:58.133165Z,KXBNB15M-26OCT042100-00,0.9970,100.00,yes
2026-10-05T00:57:02.485101Z,KXBNB15M-26OCT042100-00,0.9970,13.00,yes
2026-10-05T00:57:02.485101Z,KXBNB15M-26OCT042100-00,0.9970,2.00,yes
2026-10-05T00:57:02.485101Z,KXBNB15M-26OCT042100-00,0.9970,2.00,yes
2026-10-05T00:57:02.485101Z,KXBNB15M-26OCT042100-00,0.9970,2.00,yes
2026-10-05T00:57:02.485101Z,KXBNB15M-26OCT042100-00,0.9970,2.00,yes
2026-10-05T00:57:02.485101Z,KXBNB15M-26OCT042100-00,0.9970,2.00,yes
2026-10-05T00:57:02.485101Z,KXBNB15M-26OCT042100-00,0.9970,18.00,yes
2026-10-05T00:57:02.485101Z,KXBNB15M-26OCT042100-00,0.9980,247.17,yes
2026-10-05T00:57:02.485101Z,KXBNB15M-26OCT042100-00,0.9980,100.00,yes
2026-10-05T00:57:02.485101Z,KXBNB15M-26OCT042100-00,0.9970,112.89,yes
2026-10-05T00:57:05.730379Z,KXBNB15M-26OCT042100-00,0.9980,4.00,yes
2026-10-05T00:57:06.051353Z,KXBNB15M-26OCT042100-00,0.9980,10.00,yes
2026-10-05T00:57:06.799033Z,KXBNB15M-26OCT042100-00,0.9980,7.75,yes
2026-10-05T00:57:07.060122Z,KXBNB15M-26OCT042100-00,0.9980,30.00,yes
2026-10-05T00:57:07.060122Z,KXBNB15M-26OCT042100-00,0.9980,25.33,yes
2026-10-05T00:57:07.060122Z,KXBNB15M-26OCT042100-00,0.9980,131.08,yes
2026-10-05T00:57:07.060122Z,KXBNB15M-26OCT042100-00,0.9980,20.00,yes
2026-10-05T00:57:07.060122Z,KXBNB15M-26OCT042100-00,0.9980,500.00,yes
2026-10-05T00:57:07.840431Z,KXBNB15M-26OCT042100-00,0.9980,40.00,yes
2026-10-05T00:57:07.840431Z,KXBNB15M-26OCT042100-00,0.9980,303.93,yes
2026-10-05T00:57:07.840431Z,KXBNB15M-26OCT042100-00,0.9980,1.00,yes
2026-10-05T00:57:07.840431Z,KXBNB15M-26OCT042100-00,0.9980,0.67,yes
2026-10-05T00:57:07.840431Z,KXBNB15M-26OCT042100-00,0.9980,3.00,yes
2026-10-05T00:57:07.840431Z,KXBNB15M-26OCT042100-00,0.9980,3.00,yes
2026-10-05T00:57:07.840431Z,KXBNB15M-26OCT042100-00,0.9980,3.00,yes
2026-10-05T00:57:07.840431Z,KXBNB15M-26OCT042100-00,0.9980,3.00,yes
2026-10-05T00:57:07.840431Z,KXBNB15M-26OCT042100-00,0.9980,3.00,yes
2026-10-05T00:57:10.937353Z,KXBNB15M-26OCT042100-00,0.9970,1.73,no
2026-10-05T00:57:13.7856Z,KXBNB15M-26OCT042100-00,0.9970,0.27,no
2026-10-05T00:57:13.7856Z,KXBNB15M-26OCT042100-00,0.9970,1.00,no
2026-10-05T00:57:13.7856Z,KXBNB15M-26OCT042100-00,0.9970,20.00,no
2026-10-05T00:57:13.7856Z,KXBNB15M-26OCT042100-00,0.9970,284.08,no
2026-10-05T00:57:22.363633Z,KXBNB15M-26OCT042100-00,0.9980,196.07,yes
2026-10-05T00:57:22.363633Z,KXBNB15M-26OCT042100-00,0.9980,20.00,yes
2026-10-05T00:57:22.363633Z,KXBNB15M-26OCT042100-00,0.9980,1.00,yes
2026-10-05T00:57:22.363633Z,KXBNB15M-26OCT042100-00,0.9990,4.00,yes
2026-10-05T00:57:22.363633Z,KXBNB15M-26OCT042100-00,0.9990,20.00,yes
2026-10-05T00:57:22.363633Z,KXBNB15M-26OCT042100-00,0.9990,1.00,yes
2026-10-05T00:57:22.363633Z,KXBNB15M-26OCT042100-00,0.9990,1.00,yes
2026-10-05T00:57:22.363633Z,KXBNB15M-26OCT042100-00,0.9990,3324.00,yes
2026-10-05T00:57:22.363633Z,KXBNB15M-26OCT042100-00,0.9990,100.00,yes
2026-10-05T00:57:22.363633Z,KXBNB15M-26OCT042100-00,0.9990,1690.11,yes
2026-10-05T00:57:25.169198Z,KXBNB15M-26OCT042100-00,0.9980,20.00,no
2026-10-05T00:57:25.169198Z,KXBNB15M-26OCT042100-00,0.9980,196.07,no
2026-10-05T00:57:25.169198Z,KXBNB15M-26OCT042100-00,0.9980,41.94,no
2026-10-05T00:57:25.169198Z,KXBNB15M-26OCT042100-00,0.9980,100.00,no
2026-10-05T00:57:25.169198Z,KXBNB15M-26OCT042100-00,0.9980,100.00,no
2026-10-05T00:57:25.375278Z,KXBNB15M-26OCT042100-00,0.9990,0.13,yes
2026-10-05T00:57:25.375278Z,KXBNB15M-26OCT042100-00,0.9990,53.00,yes
2026-10-05T00:57:25.375278Z,KXBNB15M-26OCT042100-00,0.9990,100.00,yes
2026-10-05T00:57:25.375278Z,KXBNB15M-26OCT042100-00,0.9990,27.00,yes
2026-10-05T00:57:25.375278Z,KXBNB15M-26OCT042100-00,0.9990,809.89,yes
2026-10-05T00:57:25.375278Z,KXBNB15M-26OCT042100-00,0.9990,1.00,yes
2026-10-05T00:57:25.375278Z,KXBNB15M-26OCT042100-00,0.9990,30.00,yes
2026-10-05T00:57:30.03895Z,KXBNB15M-26OCT042100-00,0.9990,915.99,no
2026-10-05T00:57:42.612759Z,KXBNB15M-26OCT042100-00,0.9990,458.04,no
2026-10-05T00:57:49.82254Z,KXBNB15M-26OCT042100-00,0.9990,183.25,no
2026-10-05T00:57:57.157373Z,KXBNB15M-26OCT042100-00,0.9990,458.04,no
2026-10-05T00:57:57.603594Z,KXBNB15M-26OCT042100-00,0.9990,29.00,no
2026-10-05T00:58:10.835509Z,KXBNB15M-26OCT042100-00,0.9990,258.66,no
2026-10-05T00:58:10.835509Z,KXBNB15M-26OCT042100-00,0.9990,61.98,no
2026-10-05T00:58:21.071462Z,KXBNB15M-26OCT042100-00,0.9990,183.25,no
2026-10-05T00:58:25.617978Z,KXBNB15M-26OCT042100-00,0.9990,183.25,no
2026-10-05T00:59:08.580138Z,KXBNB15M-26OCT042100-00,0.9990,91.62,no
2026-10-05T00:59:11.420908Z,KXBNB15M-26OCT042100-00,0.9990,607.51,no
2026-10-05T00:59:11.420908Z,KXBNB15M-26OCT042100-00,0.9990,289.79,no
2026-10-05T00:59:14.460623Z,KXBNB15M-26OCT042100-00,0.9990,9.39,no
2026-10-05T00:59:22.381415Z,KXBNB15M-26OCT042100-00,0.9990,20.21,no
2026-10-05T00:59:22.381415Z,KXBNB15M-26OCT042100-00,0.9990,112.89,no
2026-10-05T00:59:22.381415Z,KXBNB15M-26OCT042100-00,0.9990,324.94,no
2026-10-05T00:59:45.981063Z,KXBNB15M-26OCT042100-00,0.9990,175.06,no
2026-10-05T00:59:45.981063Z,KXBNB15M-26OCT042100-00,0.9990,19.85,no
2026-10-05T00:59:45.981063Z,KXBNB15M-26OCT042100-00,0.9990,263.13,no
2026-10-05T00:56:01.221508Z,KXWTI15M-26OCT042100-00,0.0080,39.00,yes
2026-10-05T00:56:01.441591Z,KXWTI15M-26OCT042100-00,0.0060,19.43,no
2026-10-05T00:56:02.024188Z,KXWTI15M-26OCT042100-00,0.0030,103.00,no
2026-10-05T00:56:02.024188Z,KXWTI15M-26OCT042100-00,0.0030,400.58,no
2026-10-05T00:56:02.024188Z,KXWTI15M-26OCT042100-00,0.0040,1.00,no
2026-10-05T00:56:02.024188Z,KXWTI15M-26OCT042100-00,0.0040,1.00,no
2026-10-05T00:56:02.024188Z,KXWTI15M-26OCT042100-00,0.0040,1.00,no
2026-10-05T00:56:02.024188Z,KXWTI15M-26OCT042100-00,0.0040,1.00,no
2026-10-05T00:56:02.024188Z,KXWTI15M-26OCT042100-00,0.0040,1.00,no
2026-10-05T00:56:02.024188Z,KXWTI15M-26OCT042100-00,0.0040,13.00,no
2026-10-05T00:56:02.024188Z,KXWTI15M-26OCT042100-00,0.0040,21.00,no
2026-10-05T00:56:02.024188Z,KXWTI15M-26OCT042100-00,0.0060,58.57,no
2026-10-05T00:56:03.765753Z,KXWTI15M-26OCT042100-00,0.0050,186.97,yes
2026-10-05T00:56:03.924006Z,KXWTI15M-26OCT042100-00,0.0050,186.97,yes
2026-10-05T00:56:04.085759Z,KXWTI15M-26OCT042100-00,0.0050,26.06,yes
2026-10-05T00:56:05.73054Z,KXWTI15M-26OCT042100-00,0.0080,40.00,yes
2026-10-05T00:56:05.73054Z,KXWTI15M-26OCT042100-00,0.0110,50.16,yes
2026-10-05T00:56:05.73054Z,KXWTI15M-26OCT042100-00,0.0090,6.00,yes
2026-10-05T00:56:10.932442Z,KXWTI15M-26OCT042100-00,0.0140,20.04,yes
2026-10-05T00:56:10.932442Z,KXWTI15M-26OCT042100-00,0.0090,7.00,yes
2026-10-05T00:56:10.932442Z,KXWTI15M-26OCT042100-00,0.0110,52.84,yes
2026-10-05T00:56:14.90053Z,KXWTI15M-26OCT042100-00,0.0140,66.82,yes
2026-10-05T00:56:14.90053Z,KXWTI15M-26OCT042100-00,0.0130,35.00,yes
2026-10-05T00:56:14.90053Z,KXWTI15M-26OCT042100-00,0.0090,12.00,yes
2026-10-05T00:56:14.90053Z,KXWTI15M-26OCT042100-00,0.0090,40.00,yes
2026-10-05T00:56:23.004236Z,KXWTI15M-26OCT042100-00,0.0120,19.10,yes
2026-10-05T00:56:23.349637Z,KXWTI15M-26OCT042100-00,0.0120,16.00,yes
2026-10-05T00:56:23.349637Z,KXWTI15M-26OCT042100-00,0.0130,28.00,yes
2026-10-05T00:56:23.349637Z,KXWTI15M-26OCT042100-00,0.0140,56.94,yes
2026-10-05T00:56:23.349637Z,KXWTI15M-26OCT042100-00,0.0120,40.00,yes
2026-10-05T00:56:24.396475Z,KXWTI15M-26OCT042100-00,0.0100,1.01,no
2026-10-05T00:56:24.85244Z,KXWTI15M-26OCT042100-00,0.0100,0.16,no
2026-10-05T00:56:26.50273Z,KXWTI15M-26OCT042100-00,0.0160,35.66,yes
2026-10-05T00:56:26.50273Z,KXWTI15M-26OCT042100-00,0.0140,26.00,yes
2026-10-05T00:56:28.56973Z,KXWTI15M-26OCT042100-00,0.0110,8.00,yes
2026-10-05T00:56:28.56973Z,KXWTI15M-26OCT042100-00,0.0160,41.51,yes
2026-10-05T00:56:28.56973Z,KXWTI15M-26OCT042100-00,0.0110,16.00,yes
2026-10-05T00:56:28.644008Z,KXWTI15M-26OCT042100-00,0.0100,5.00,no
2026-10-05T00:56:30.913745Z,KXWTI15M-26OCT042100-00,0.0140,34.00,yes
2026-10-05T00:56:30.913745Z,KXWTI15M-26OCT042100-00,0.0140,5.00,yes
2026-10-05T00:56:33.740852Z,KXWTI15M-26OCT042100-00,0.0140,2.67,yes
2026-10-05T00:56:34.887751Z,KXWTI15M-26OCT042100-00,0.0100,5.00,no
2026-10-05T00:56:35.045403Z,KXWTI15M-26OCT042100-00,0.0140,10.00,yes
2026-10-05T00:56:40.217336Z,KXWTI15M-26OCT042100-00,0.0140,12.33,yes
2026-10-05T00:56:40.217336Z,KXWTI15M-26OCT042100-00,0.0140,40.00,yes
2026-10-05T00:56:40.217336Z,KXWTI15M-26OCT042100-00,0.0140,13.15,yes
2026-10-05T00:56:42.66831Z,KXWTI15M-26OCT042100-00,0.0100,45.45,no
2026-10-05T00:56:46.611119Z,KXWTI15M-26OCT042100-00,0.0100,37.00,no
2026-10-05T00:56:48.451696Z,KXWTI15M-26OCT042100-00,0.0140,30.00,yes
2026-10-05T00:56:48.451696Z,KXWTI15M-26OCT042100-00,0.0140,3.41,yes
2026-10-05T00:56:49.787759Z,KXWTI15M-26OCT042100-00,0.0140,25.12,yes
2026-10-05T00:56:50.542676Z,KXWTI15M-26OCT042100-00,0.0140,34.14,yes
2026-10-05T00:56:50.542676Z,KXWTI15M-26OCT042100-00,0.0140,30.00,yes
2026-10-05T00:56:52.943099Z,KXWTI15M-26OCT042100-00,0.0100,1560.00,no
2026-10-05T00:56:52.943099Z,KXWTI15M-26OCT042100-00,0.0100,656.38,no
2026-10-05T00:56:52.943099Z,KXWTI15M-26OCT042100-00,0.0100,1.00,no
2026-10-05T00:56:52.981622Z,KXWTI15M-26OCT042100-00,0.0040,179.00,no
2026-10-05T00:56:52.981622Z,KXWTI15M-26OCT042100-00,0.0040,21.00,no
2026-10-05T00:56:52.999489Z,KXWTI15M-26OCT042100-00,0.0040,200.00,no
2026-10-05T00:56:53.013803Z,KXWTI15M-26OCT042100-00,0.0040,200.00,no
2026-10-05T00:56:53.244523Z,KXWTI15M-26OCT042100-00,0.0040,200.00,no
2026-10-05T00:56:53.26498Z,KXWTI15M-26OCT042100-00,0.0040,200.00,no
2026-10-05T00:56:53.283868Z,KXWTI15M-26OCT042100-00,0.0040,200.00,no
2026-10-05T00:56:53.458043Z,KXWTI15M-26OCT042100-00,0.0040,200.00,no
2026-10-05T00:56:53.475798Z,KXWTI15M-26OCT042100-00,0.0040,200.00,no
2026-10-05T00:56:53.594838Z,KXWTI15M-26OCT042100-00,0.0040,21.00,no
2026-10-05T00:56:53.594838Z,KXWTI15M-26OCT042100-00,0.0040,39.00,no
2026-10-05T00:56:53.615268Z,KXWTI15M-26OCT042100-00,0.0100,43.82,yes
2026-10-05T00:56:53.615268Z,KXWTI15M-26OCT042100-00,0.0080,23.00,yes
2026-10-05T00:56:53.671038Z,KXWTI15M-26OCT042100-00,0.0030,200.00,no
2026-10-05T00:56:57.131485Z,KXWTI15M-26OCT042100-00,0.0050,186.97,yes
2026-10-05T00:56:57.861618Z,KXWTI15M-26OCT042100-00,0.0040,21.00,no
2026-10-05T00:56:57.861618Z,KXWTI15M-26OCT042100-00,0.0040,41.00,no
2026-10-05T00:56:57.861618Z,KXWTI15M-26OCT042100-00,0.0030,1011.05,no
2026-10-05T00:56:57.879905Z,KXWTI15M-26OCT042100-00,0.0030,200.00,no
2026-10-05T00:56:57.893628Z,KXWTI15M-26OCT042100-00,0.0030,200.00,no
2026-10-05T00:56:57.908198Z,KXWTI15M-26OCT042100-00,0.0030,200.00,no
2026-10-05T00:56:57.969093Z,KXWTI15M-26OCT042100-00,0.0030,200.00,no
2026-10-05T00:56:58.076397Z,KXWTI15M-26OCT042100-00,0.0030,200.00,no
2026-10-05T00:56:58.147785Z,KXWTI15M-26OCT042100-00,0.0030,200.00,no
2026-10-05T00:56:58.217683Z,KXWTI15M-26OCT042100-00,0.0030,200.00,no
2026-10-05T00:56:58.362335Z,KXWTI15M-26OCT042100-00,0.0030,200.00,no
2026-10-05T00:56:58.38054Z,KXWTI15M-26OCT042100-00,0.0030,200.00,no
2026-10-05T00:56:58.435705Z,KXWTI15M-26OCT042100-00,0.0050,109.68,yes
2026-10-05T00:56:58.435705Z,KXWTI15M-26OCT042100-00,0.0050,13.03,yes
2026-10-05T00:56:58.574041Z,KXWTI15M-26OCT042100-00,0.0030,200.00,no
2026-10-05T00:56:58.595604Z,KXWTI15M-26OCT042100-00,0.0030,200.00,no
2026-10-05T00:56:58.631698Z,KXWTI15M-26OCT042100-00,0.0030,200.00,no
2026-10-05T00:56:58.785575Z,KXWTI15M-26OCT042100-00,0.0030,200.00,no
2026-10-05T00:56:58.802213Z,KXWTI15M-26OCT042100-00,0.0030,200.00,no
2026-10-05T00:56:58.998192Z,KXWTI15M-26OCT042100-00,0.0030,200.00,no
2026-10-05T00:56:59.012547Z,KXWTI15M-26OCT042100-00,0.0030,140.00,no
2026-10-05T00:57:00.138194Z,KXWTI15M-26OCT042100-00,0.0050,96.65,yes
2026-10-05T00:57:00.138194Z,KXWTI15M-26OCT042100-00,0.0050,90.32,yes
2026-10-05T00:57:01.718521Z,KXWTI15M-26OCT042100-00,0.0050,200.00,yes
2026-10-05T00:57:01.718521Z,KXWTI15M-26OCT042100-00,0.0050,103.35,yes
2026-10-05T00:57:01.718521Z,KXWTI15M-26OCT042100-00,0.0050,18.65,yes
2026-10-05T00:57:01.972772Z,KXWTI15M-26OCT042100-00,0.0030,179.00,no
2026-10-05T00:57:01.979045Z,KXWTI15M-26OCT042100-00,0.0030,200.00,no
2026-10-05T00:57:01.981844Z,KXWTI15M-26OCT042100-00,0.0030,200.00,no
2026-10-05T00:57:02.225639Z,KXWTI15M-26OCT042100-00,0.0030,200.00,no
2026-10-05T00:57:02.227872Z,KXWTI15M-26OCT042100-00,0.0030,200.00,no
2026-10-05T00:57:02.229912Z,KXWTI15M-26OCT042100-00,0.0030,200.00,no
2026-10-05T00:57:02.232384Z,KXWTI15M-26OCT042100-00,0.0030,200.00,no
2026-10-05T00:57:02.234709Z,KXWTI15M-26OCT042100-00,0.0030,200.00,no
2026-10-05T00:57:13.159364Z,KXWTI15M-26OCT042100-00,0.0050,1.87,yes
2026-10-05T00:57:14.442319Z,KXWTI15M-26OCT042100-00,0.0030,109.46,no
2026-10-05T00:57:14.74204Z,KXWTI15M-26OCT042100-00,0.0030,25.00,no
2026-10-05T00:57:14.74204Z,KXWTI15M-26OCT042100-00,0.0030,2.00,no
2026-10-05T00:57:14.74204Z,KXWTI15M-26OCT042100-00,0.0030,2.00,no
2026-10-05T00:57:14.74204Z,KXWTI15M-26OCT042100-00,0.0030,2.00,no
2026-10-05T00:57:14.74204Z,KXWTI15M-26OCT042100-00,0.0030,2.00,no
2026-10-05T00:57:14.74204Z,KXWTI15M-26OCT042100-00,0.0030,2.00,no
2026-10-05T00:57:14.74204Z,KXWTI15M-26OCT042100-00,0.0030,18.00,no
2026-10-05T00:57:14.74204Z,KXWTI15M-26OCT042100-00,0.0030,10.00,no
2026-10-05T00:57:14.74204Z,KXWTI15M-26OCT042100-00,0.0030,140.54,no
2026-10-05T00:57:17.62393Z,KXWTI15M-26OCT042100-00,0.0020,1.00,no
2026-10-05T00:57:20.575796Z,KXWTI15M-26OCT042100-00,0.0030,456.00,yes
2026-10-05T00:57:23.944171Z,KXWTI15M-26OCT042100-00,0.0020,10.92,no
2026-10-05T00:57:25.718069Z,KXWTI15M-26OCT042100-00,0.0030,5.00,yes
2026-10-05T00:57:26.585333Z,KXWTI15M-26OCT042100-00,0.0020,62.96,no
2026-10-05T00:57:27.086406Z,KXWTI15M-26OCT042100-00,0.0030,77.89,yes
2026-10-05T00:57:29.367013Z,KXWTI15M-26OCT042100-00,0.0030,934.76,yes
2026-10-05T00:57:31.594642Z,KXWTI15M-26OCT042100-00,0.0030,18.69,yes
2026-10-05T00:57:37.027756Z,KXWTI15M-26OCT042100-00,0.0020,37.39,no
2026-10-05T00:57:37.511543Z,KXWTI15M-26OCT042100-00,0.0030,305.35,yes
2026-10-05T00:57:42.476188Z,KXWTI15M-26OCT042100-00,0.0030,56.65,yes
2026-10-05T00:57:42.476188Z,KXWTI15M-26OCT042100-00,0.0030,140.54,yes
2026-10-05T00:57:42.476188Z,KXWTI15M-26OCT042100-00,0.0030,737.57,yes
2026-10-05T00:57:42.89253Z,KXWTI15M-26OCT042100-00,0.0030,5.00,yes
2026-10-05T00:57:44.960677Z,KXWTI15M-26OCT042100-00,0.0030,2.47,yes
2026-10-05T00:57:44.960677Z,KXWTI15M-26OCT042100-00,0.0030,47.81,yes
2026-10-05T00:57:45.829448Z,KXWTI15M-26OCT042100-00,0.0020,47.98,no
2026-10-05T00:57:45.90003Z,KXWTI15M-26OCT042100-00,0.0030,37.53,yes
2026-10-05T00:57:45.90003Z,KXWTI15M-26OCT042100-00,0.0050,900.57,yes
2026-10-05T00:57:45.90003Z,KXWTI15M-26OCT042100-00,0.0050,10.00,yes
2026-10-05T00:57:48.021818Z,KXWTI15M-26OCT042100-00,0.0050,373.95,yes
2026-10-05T00:57:48.564038Z,KXWTI15M-26OCT042100-00,0.0020,1.00,no
2026-10-05T00:57:48.815035Z,KXWTI15M-26OCT042100-00,0.0050,37.39,yes
2026-10-05T00:57:48.945261Z,KXWTI15M-26OCT042100-00,0.0050,186.97,yes
2026-10-05T00:57:55.272208Z,KXWTI15M-26OCT042100-00,0.0020,79.88,no
2026-10-05T00:57:56.701701Z,KXWTI15M-26OCT042100-00,0.0020,228.72,no
2026-10-05T00:57:56.701701Z,KXWTI15M-26OCT042100-00,0.0020,1.00,no
2026-10-05T00:57:56.701701Z,KXWTI15M-26OCT042100-00,0.0020,1.00,no
2026-10-05T00:57:56.701701Z,KXWTI15M-26OCT042100-00,0.0020,26.00,no
2026-10-05T00:57:56.701701Z,KXWTI15M-26OCT042100-00,0.0020,3.00,no
2026-10-05T00:57:56.701701Z,KXWTI15M-26OCT042100-00,0.0020,3.00,no
2026-10-05T00:57:56.701701Z,KXWTI15M-26OCT042100-00,0.0020,3.00,no
2026-10-05T00:57:56.701701Z,KXWTI15M-26OCT042100-00,0.0020,3.00,no
2026-10-05T00:57:56.701701Z,KXWTI15M-26OCT042100-00,0.0020,3.00,no
2026-10-05T00:57:56.701701Z,KXWTI15M-26OCT042100-00,0.0020,5.00,no
2026-10-05T00:57:56.701701Z,KXWTI15M-26OCT042100-00,0.0020,2000.00,no
2026-10-05T00:57:56.701701Z,KXWTI15M-26OCT042100-00,0.0020,558.87,no
2026-10-05T00:57:56.701701Z,KXWTI15M-26OCT042100-00,0.0020,500.00,no
2026-10-05T00:57:57.559661Z,KXWTI15M-26OCT042100-00,0.0020,21.03,no
2026-10-05T00:58:01.075236Z,KXWTI15M-26OCT042100-00,0.0030,305.35,yes
2026-10-05T00:58:04.425463Z,KXWTI15M-26OCT042100-00,0.0030,10.00,yes
2026-10-05T00:58:06.62113Z,KXWTI15M-26OCT042100-00,0.0030,305.35,yes
2026-10-05T00:58:07.021368Z,KXWTI15M-26OCT042100-00,0.0030,29.91,yes
2026-10-05T00:58:07.387003Z,KXWTI15M-26OCT042100-00,0.0020,0.25,no
2026-10-05T00:58:07.387003Z,KXWTI15M-26OCT042100-00,0.0020,29.00,no
2026-10-05T00:58:07.387003Z,KXWTI15M-26OCT042100-00,0.0020,400.00,no
2026-10-05T00:58:07.387003Z,KXWTI15M-26OCT042100-00,0.0020,500.00,no
2026-10-05T00:58:07.387003Z,KXWTI15M-26OCT042100-00,0.0020,1.00,no
2026-10-05T00:58:09.096422Z,KXWTI15M-26OCT042100-00,0.0020,4.00,yes
2026-10-05T00:58:09.962879Z,KXWTI15M-26OCT042100-00,0.0020,27.00,yes
2026-10-05T00:58:10.254357Z,KXWTI15M-26OCT042100-00,0.0020,10.00,yes
2026-10-05T00:58:13.154402Z,KXWTI15M-26OCT042100-00,0.0020,458.01,yes
2026-10-05T00:58:13.223154Z,KXWTI15M-26OCT042100-00,0.0020,623.19,yes
2026-10-05T00:58:16.679718Z,KXWTI15M-26OCT042100-00,0.0020,13.00,yes
2026-10-05T00:58:19.102659Z,KXWTI15M-26OCT042100-00,0.0010,25.00,no
2026-10-05T00:58:19.102659Z,KXWTI15M-26OCT042100-00,0.0010,76.37,no
2026-10-05T00:58:19.123529Z,KXWTI15M-26OCT042100-00,0.0010,25.00,no
2026-10-05T00:58:20.592953Z,KXWTI15M-26OCT042100-00,0.0020,10.00,yes
2026-10-05T00:58:20.923372Z,KXWTI15M-26OCT042100-00,0.0010,200.00,no
2026-10-05T00:58:21.180897Z,KXWTI15M-26OCT042100-00,0.0010,50.00,no
2026-10-05T00:58:21.441097Z,KXWTI15M-26OCT042100-00,0.0010,46.00,no
2026-10-05T00:58:22.037503Z,KXWTI15M-26OCT042100-00,0.0020,69.00,yes
2026-10-05T00:58:22.136382Z,KXWTI15M-26OCT042100-00,0.0020,10.00,yes
2026-10-05T00:58:24.774666Z,KXWTI15M-26OCT042100-00,0.0020,45.80,yes
2026-10-05T00:58:24.94296Z,KXWTI15M-26OCT042100-00,0.0020,54.96,yes
2026-10-05T00:58:28.182855Z,KXWTI15M-26OCT042100-00,0.0020,229.01,yes
2026-10-05T00:58:29.653676Z,KXWTI15M-26OCT042100-00,0.0010,53.37,no
2026-10-05T00:58:29.653676Z,KXWTI15M-26OCT042100-00,0.0010,102.63,no
2026-10-05T00:58:30.46182Z,KXWTI15M-26OCT042100-00,0.0020,82.00,yes
2026-10-05T00:58:35.584045Z,KXWTI15M-26OCT042100-00,0.0010,1.00,no
2026-10-05T00:58:35.681783Z,KXWTI15M-26OCT042100-00,0.0010,94.03,no
2026-10-05T00:58:35.681783Z,KXWTI15M-26OCT042100-00,0.0010,1.00,no
2026-10-05T00:58:35.681783Z,KXWTI15M-26OCT042100-00,0.0010,20.63,no
2026-10-05T00:58:40.988802Z,KXWTI15M-26OCT042100-00,0.0010,125.00,no
2026-10-05T00:58:41.754831Z,KXWTI15M-26OCT042100-00,0.0010,125.00,no
2026-10-05T00:58:42.530312Z,KXWTI15M-26OCT042100-00,0.0010,45.00,no
2026-10-05T00:58:42.530312Z,KXWTI15M-26OCT042100-00,0.0010,31.00,no
2026-10-05T00:58:42.530312Z,KXWTI15M-26OCT042100-00,0.0010,48.00,no
2026-10-05T00:58:42.530312Z,KXWTI15M-26OCT042100-00,0.0010,1.00,no
2026-10-05T00:58:43.330964Z,KXWTI15M-26OCT042100-00,0.0010,125.00,no
2026-10-05T00:58:43.610864Z,KXWTI15M-26OCT042100-00,0.0010,343.00,no
2026-10-05T00:58:44.313098Z,KXWTI15M-26OCT042100-00,0.0010,1.06,no
2026-10-05T00:58:45.68227Z,KXWTI15M-26OCT042100-00,0.0010,125.00,no
2026-10-05T00:58:46.488701Z,KXWTI15M-26OCT042100-00,0.0010,17.06,no
2026-10-05T00:58:46.488701Z,KXWTI15M-26OCT042100-00,0.0010,107.94,no
2026-10-05T00:58:47.277033Z,KXWTI15M-26OCT042100-00,0.0010,125.00,no
2026-10-05T00:58:48.094438Z,KXWTI15M-26OCT042100-00,0.0010,125.00,no
2026-10-05T00:58:50.056389Z,KXWTI15M-26OCT042100-00,0.0010,2.00,no
2026-10-05T00:58:51.227488Z,KXWTI15M-26OCT042100-00,0.0010,373.94,no
2026-10-05T00:58:54.715611Z,KXWTI15M-26OCT042100-00,0.0010,11.08,no
2026-10-05T00:58:55.862799Z,KXWTI15M-26OCT042100-00,0.0010,100.10,no
2026-10-05T00:58:57.557674Z,KXWTI15M-26OCT042100-00,0.0010,10.81,no
2026-10-05T00:58:58.176017Z,KXWTI15M-26OCT042100-00,0.0010,2.07,no
2026-10-05T00:58:58.176017Z,KXWTI15M-26OCT042100-00,0.0010,21.44,no
2026-10-05T00:58:58.94005Z,KXWTI15M-26OCT042100-00,0.0010,23.51,no
2026-10-05T00:58:59.701175Z,KXWTI15M-26OCT042100-00,0.0010,23.51,no
2026-10-05T00:58:59.880406Z,KXWTI15M-26OCT042100-00,0.0010,702.98,no
2026-10-05T00:58:59.880406Z,KXWTI15M-26OCT042100-00,0.0010,31.00,no
2026-10-05T00:58:59.956313Z,KXWTI15M-26OCT042100-00,0.0010,256.13,yes
2026-10-05T00:59:05.807674Z,KXWTI15M-26OCT042100-00,0.0010,8.00,yes
2026-10-05T00:59:15.854177Z,KXWTI15M-26OCT042100-00,0.0010,89.75,yes
2026-10-05T00:59:44.038074Z,KXWTI15M-26OCT042100-00,0.0010,915.99,yes
2026-10-05T00:59:46.748194Z,KXWTI15M-26OCT042100-00,0.0010,1.00,yes
2026-10-05T00:59:47.156833Z,KXWTI15M-26OCT042100-00,0.0010,379.91,yes
2026-10-05T00:59:47.156833Z,KXWTI15M-26OCT042100-00,0.0010,78.13,yes
2026-10-05T00:59:50.908567Z,KXWTI15M-26OCT042100-00,0.0010,93.49,yes
2026-10-05T00:59:51.173185Z,KXWTI15M-26OCT042100-00,0.0010,64.18,yes
2026-10-05T00:59:58.029054Z,KXWTI15M-26OCT042100-00,0.0010,2.00,yes
2026-10-05T00:57:13.160982Z,KXGBPUSD15M-26OCT042100-30,0.0200,7.31,yes
2026-10-05T00:57:13.160982Z,KXGBPUSD15M-26OCT042100-30,0.0200,10.00,yes
2026-10-05T00:57:13.160982Z,KXGBPUSD15M-26OCT042100-30,0.0100,1.00,yes
2026-10-05T00:57:13.160982Z,KXGBPUSD15M-26OCT042100-30,0.0100,1.00,yes
2026-10-05T00:57:13.160982Z,KXGBPUSD15M-26OCT042100-30,0.0100,10.00,yes
2026-10-05T00:57:17.744455Z,KXGBPUSD15M-26OCT042100-30,0.0200,30.00,yes
2026-10-05T00:57:17.744455Z,KXGBPUSD15M-26OCT042100-30,0.0200,20.00,yes
2026-10-05T00:59:38.056126Z,KXGBPUSD15M-26OCT042100-30,0.0200,90.77,yes
2026-10-05T00:59:38.056126Z,KXGBPUSD15M-26OCT042100-30,0.0100,5.00,yes
2026-10-05T00:57:25.239912Z,KXSILVER15M-26OCT042100-00,0.9670,23.34,no
2026-10-05T00:57:27.749448Z,KXSILVER15M-26OCT042100-00,0.9700,0.25,yes
2026-10-05T00:57:32.20412Z,KXSILVER15M-26OCT042100-00,0.9700,1.00,yes
2026-10-05T00:57:32.20412Z,KXSILVER15M-26OCT042100-00,0.9770,24.23,yes
2026-10-05T00:57:32.20412Z,KXSILVER15M-26OCT042100-00,0.9760,4.00,yes
2026-10-05T00:57:32.20412Z,KXSILVER15M-26OCT042100-00,0.9700,24.31,yes
2026-10-05T00:57:32.20412Z,KXSILVER15M-26OCT042100-00,0.9700,0.75,yes
2026-10-05T00:57:32.455875Z,KXSILVER15M-26OCT042100-00,0.9750,4.00,no
2026-10-05T00:57:33.706434Z,KXSILVER15M-26OCT042100-00,0.9770,150.00,no
2026-10-05T00:57:33.706434Z,KXSILVER15M-26OCT042100-00,0.9770,4.14,no
2026-10-05T00:57:34.687695Z,KXSILVER15M-26OCT042100-00,0.9770,5.29,no
2026-10-05T00:57:34.741527Z,KXSILVER15M-26OCT042100-00,0.9770,10.17,no
2026-10-05T00:57:35.672272Z,KXSILVER15M-26OCT042100-00,0.9790,1.00,yes
2026-10-05T00:57:35.672272Z,KXSILVER15M-26OCT042100-00,0.9800,17.37,yes
2026-10-05T00:57:35.672272Z,KXSILVER15M-26OCT042100-00,0.9800,1.00,yes
2026-10-05T00:57:35.672272Z,KXSILVER15M-26OCT042100-00,0.9780,1.00,yes
2026-10-05T00:57:40.555789Z,KXSILVER15M-26OCT042100-00,0.9800,5.56,yes
2026-10-05T00:57:40.685915Z,KXSILVER15M-26OCT042100-00,0.9800,10.18,yes
2026-10-05T00:57:42.280454Z,KXSILVER15M-26OCT042100-00,0.9800,2.03,yes
2026-10-05T00:57:43.880049Z,KXSILVER15M-26OCT042100-00,0.9780,127.62,no
2026-10-05T00:57:43.992641Z,KXSILVER15M-26OCT042100-00,0.9800,5.09,yes
2026-10-05T00:57:48.388392Z,KXSILVER15M-26OCT042100-00,0.9760,39.00,no
2026-10-05T00:57:51.817674Z,KXSILVER15M-26OCT042100-00,0.9790,22.28,no
2026-10-05T00:57:55.333075Z,KXSILVER15M-26OCT042100-00,0.9790,0.55,no
2026-10-05T00:57:57.070439Z,KXSILVER15M-26OCT042100-00,0.9800,2.03,yes
2026-10-05T00:57:58.312893Z,KXSILVER15M-26OCT042100-00,0.9790,22.28,no
2026-10-05T00:57:58.330041Z,KXSILVER15M-26OCT042100-00,0.9800,2.00,yes
2026-10-05T00:57:58.753005Z,KXSILVER15M-26OCT042100-00,0.9850,13.58,yes
2026-10-05T00:57:58.753005Z,KXSILVER15M-26OCT042100-00,0.9800,1.00,yes
2026-10-05T00:57:58.753005Z,KXSILVER15M-26OCT042100-00,0.9800,5.74,yes
2026-10-05T00:57:59.506523Z,KXSILVER15M-26OCT042100-00,0.9840,62.67,no
2026-10-05T00:58:01.761635Z,KXSILVER15M-26OCT042100-00,0.9840,58.47,no
2026-10-05T00:58:02.704161Z,KXSILVER15M-26OCT042100-00,0.9810,4.92,no
2026-10-05T00:58:03.276647Z,KXSILVER15M-26OCT042100-00,0.9860,1.00,yes
2026-10-05T00:58:03.276647Z,KXSILVER15M-26OCT042100-00,0.9860,1.00,yes
2026-10-05T00:58:03.276647Z,KXSILVER15M-26OCT042100-00,0.9860,8.00,yes
2026-10-05T00:58:04.272388Z,KXSILVER15M-26OCT042100-00,0.9810,3.00,no
2026-10-05T00:58:04.996051Z,KXSILVER15M-26OCT042100-00,0.9860,61.00,yes
2026-10-05T00:58:04.996051Z,KXSILVER15M-26OCT042100-00,0.9860,1.00,yes
2026-10-05T00:58:08.304842Z,KXSILVER15M-26OCT042100-00,0.9850,12.00,no
2026-10-05T00:58:08.304842Z,KXSILVER15M-26OCT042100-00,0.9840,120.45,no
2026-10-05T00:58:08.304842Z,KXSILVER15M-26OCT042100-00,0.9850,10.00,no
2026-10-05T00:58:08.304842Z,KXSILVER15M-26OCT042100-00,0.9850,5.00,no
2026-10-05T00:58:09.679253Z,KXSILVER15M-26OCT042100-00,0.9880,1.00,yes
2026-10-05T00:58:10.202402Z,KXSILVER15M-26OCT042100-00,0.9880,1.00,yes
2026-10-05T00:58:11.55045Z,KXSILVER15M-26OCT042100-00,0.9860,2.04,no
2026-10-05T00:58:13.130444Z,KXSILVER15M-26OCT042100-00,0.9880,1.00,yes
2026-10-05T00:58:13.130444Z,KXSILVER15M-26OCT042100-00,0.9900,1.31,yes
2026-10-05T00:58:13.130444Z,KXSILVER15M-26OCT042100-00,0.9900,0.32,yes
2026-10-05T00:58:13.130444Z,KXSILVER15M-26OCT042100-00,0.9890,100.00,yes
2026-10-05T00:58:13.130444Z,KXSILVER15M-26OCT042100-00,0.9890,10.00,yes
2026-10-05T00:58:13.130444Z,KXSILVER15M-26OCT042100-00,0.9890,20.00,yes
2026-10-05T00:58:13.130444Z,KXSILVER15M-26OCT042100-00,0.9890,1.00,yes
2026-10-05T00:58:13.130444Z,KXSILVER15M-26OCT042100-00,0.9890,2.00,yes
2026-10-05T00:58:13.130444Z,KXSILVER15M-26OCT042100-00,0.9890,2.00,yes
2026-10-05T00:58:13.130444Z,KXSILVER15M-26OCT042100-00,0.9900,2.00,yes
2026-10-05T00:58:13.130444Z,KXSILVER15M-26OCT042100-00,0.9900,25.00,yes
2026-10-05T00:58:13.130444Z,KXSILVER15M-26OCT042100-00,0.9880,54.00,yes
2026-10-05T00:58:13.130444Z,KXSILVER15M-26OCT042100-00,0.9900,200.00,yes
2026-10-05T00:58:13.130444Z,KXSILVER15M-26OCT042100-00,0.9900,35.25,yes
2026-10-05T00:58:13.130444Z,KXSILVER15M-26OCT042100-00,0.9900,0.09,yes
2026-10-05T00:58:13.130444Z,KXSILVER15M-26OCT042100-00,0.9900,3.46,yes
2026-10-05T00:58:13.130444Z,KXSILVER15M-26OCT042100-00,0.9900,100.00,yes
2026-10-05T00:58:15.03204Z,KXSILVER15M-26OCT042100-00,0.9870,63.95,no
2026-10-05T00:58:15.03204Z,KXSILVER15M-26OCT042100-00,0.9880,1.00,no
2026-10-05T00:58:15.03204Z,KXSILVER15M-26OCT042100-00,0.9880,7.00,no
2026-10-05T00:58:15.582568Z,KXSILVER15M-26OCT042100-00,0.9870,71.95,no
2026-10-05T00:58:15.641642Z,KXSILVER15M-26OCT042100-00,0.9910,25.00,yes
2026-10-05T00:58:15.650908Z,KXSILVER15M-26OCT042100-00,0.9920,7.00,yes
2026-10-05T00:58:15.650908Z,KXSILVER15M-26OCT042100-00,0.9920,7.00,yes
2026-10-05T00:58:15.651557Z,KXSILVER15M-26OCT042100-00,0.9930,25.00,yes
2026-10-05T00:58:15.652182Z,KXSILVER15M-26OCT042100-00,0.9930,25.00,yes
2026-10-05T00:58:15.652188Z,KXSILVER15M-26OCT042100-00,0.9930,25.00,yes
2026-10-05T00:58:15.65284Z,KXSILVER15M-26OCT042100-00,0.9930,25.00,yes
2026-10-05T00:58:15.657132Z,KXSILVER15M-26OCT042100-00,0.9930,25.00,yes
2026-10-05T00:58:15.885131Z,KXSILVER15M-26OCT042100-00,0.9930,945.32,yes
2026-10-05T00:58:15.915543Z,KXSILVER15M-26OCT042100-00,0.9930,554.68,yes
2026-10-05T00:58:16.138839Z,KXSILVER15M-26OCT042100-00,0.9920,25.00,no
2026-10-05T00:58:16.138839Z,KXSILVER15M-26OCT042100-00,0.9920,71.39,no
2026-10-05T00:58:16.997189Z,KXSILVER15M-26OCT042100-00,0.9920,60.00,no
2026-10-05T00:58:16.997189Z,KXSILVER15M-26OCT042100-00,0.9920,208.07,no
2026-10-05T00:58:17.240776Z,KXSILVER15M-26OCT042100-00,0.9910,25.00,no
2026-10-05T00:58:17.240776Z,KXSILVER15M-26OCT042100-00,0.9900,25.00,no
2026-10-05T00:58:17.240776Z,KXSILVER15M-26OCT042100-00,0.9920,143.00,no
2026-10-05T00:58:17.678186Z,KXSILVER15M-26OCT042100-00,0.9890,100.00,yes
2026-10-05T00:58:17.951623Z,KXSILVER15M-26OCT042100-00,0.9890,300.00,yes
2026-10-05T00:58:18.032409Z,KXSILVER15M-26OCT042100-00,0.9890,200.00,yes
2026-10-05T00:58:18.256303Z,KXSILVER15M-26OCT042100-00,0.9900,60.00,no
2026-10-05T00:58:18.53078Z,KXSILVER15M-26OCT042100-00,0.9960,6.00,yes
2026-10-05T00:58:18.53078Z,KXSILVER15M-26OCT042100-00,0.9950,184.00,yes
2026-10-05T00:58:18.53078Z,KXSILVER15M-26OCT042100-00,0.9970,250.00,yes
2026-10-05T00:58:18.53078Z,KXSILVER15M-26OCT042100-00,0.9980,161.86,yes
2026-10-05T00:58:18.565035Z,KXSILVER15M-26OCT042100-00,0.9900,60.00,no
2026-10-05T00:58:18.565035Z,KXSILVER15M-26OCT042100-00,0.9900,16.00,no
2026-10-05T00:58:18.88943Z,KXSILVER15M-26OCT042100-00,0.9910,141.84,no
2026-10-05T00:58:19.961287Z,KXSILVER15M-26OCT042100-00,0.9960,184.00,yes
2026-10-05T00:58:19.961287Z,KXSILVER15M-26OCT042100-00,0.9970,6.00,yes
2026-10-05T00:58:19.961287Z,KXSILVER15M-26OCT042100-00,0.9980,310.00,yes
2026-10-05T00:58:20.084729Z,KXSILVER15M-26OCT042100-00,0.9950,310.00,no
2026-10-05T00:58:26.086006Z,KXSILVER15M-26OCT042100-00,0.9910,10.18,no
2026-10-05T00:58:26.115102Z,KXSILVER15M-26OCT042100-00,0.9960,1.00,yes
2026-10-05T00:58:26.115102Z,KXSILVER15M-26OCT042100-00,0.9970,2.35,yes
2026-10-05T00:58:26.115102Z,KXSILVER15M-26OCT042100-00,0.9970,6.00,yes
2026-10-05T00:58:26.115102Z,KXSILVER15M-26OCT042100-00,0.9960,91.00,yes
2026-10-05T00:58:27.223281Z,KXSILVER15M-26OCT042100-00,0.9910,16.52,no
2026-10-05T00:58:27.223281Z,KXSILVER15M-26OCT042100-00,0.9910,10.00,no
2026-10-05T00:58:27.223281Z,KXSILVER15M-26OCT042100-00,0.9910,9.84,no
2026-10-05T00:58:30.856085Z,KXSILVER15M-26OCT042100-00,0.9970,118.00,yes
2026-10-05T00:58:31.323048Z,KXSILVER15M-26OCT042100-00,0.9970,129.65,yes
2026-10-05T00:58:31.323048Z,KXSILVER15M-26OCT042100-00,0.9970,1.00,yes
2026-10-05T00:58:31.323048Z,KXSILVER15M-26OCT042100-00,0.9970,6.00,yes
2026-10-05T00:58:32.55672Z,KXSILVER15M-26OCT042100-00,0.9960,22.24,no
2026-10-05T00:58:32.55672Z,KXSILVER15M-26OCT042100-00,0.9960,300.00,no
2026-10-05T00:58:32.55672Z,KXSILVER15M-26OCT042100-00,0.9960,155.00,no
2026-10-05T00:58:35.051422Z,KXSILVER15M-26OCT042100-00,0.9970,10.05,no
2026-10-05T00:58:35.785737Z,KXSILVER15M-26OCT042100-00,0.9980,1.00,yes
2026-10-05T00:58:36.210165Z,KXSILVER15M-26OCT042100-00,0.9980,880.00,yes
2026-10-05T00:58:36.953373Z,KXSILVER15M-26OCT042100-00,0.9960,9.46,no
2026-10-05T00:58:36.953373Z,KXSILVER15M-26OCT042100-00,0.9960,107.41,no
2026-10-05T00:58:38.936863Z,KXSILVER15M-26OCT042100-00,0.9960,37.19,no
2026-10-05T00:58:47.68752Z,KXSILVER15M-26OCT042100-00,0.9970,44.52,no
2026-10-05T00:58:47.68752Z,KXSILVER15M-26OCT042100-00,0.9970,2.35,no
2026-10-05T00:58:47.68752Z,KXSILVER15M-26OCT042100-00,0.9970,8.48,no
2026-10-05T00:58:47.68752Z,KXSILVER15M-26OCT042100-00,0.9970,250.00,no
2026-10-05T00:58:52.651738Z,KXSILVER15M-26OCT042100-00,0.9980,2.00,yes
2026-10-05T00:58:52.878634Z,KXSILVER15M-26OCT042100-00,0.9970,10.44,no
2026-10-05T00:58:56.786161Z,KXSILVER15M-26OCT042100-00,0.9980,0.93,yes
2026-10-05T00:58:57.647126Z,KXSILVER15M-26OCT042100-00,0.9980,2.00,yes
2026-10-05T00:58:59.013863Z,KXSILVER15M-26OCT042100-00,0.9970,150.00,no
2026-10-05T00:58:59.013863Z,KXSILVER15M-26OCT042100-00,0.9970,92.31,no
2026-10-05T00:58:59.013863Z,KXSILVER15M-26OCT042100-00,0.9970,63.04,no
2026-10-05T00:58:59.95648Z,KXSILVER15M-26OCT042100-00,0.9980,500.00,yes
2026-10-05T00:59:00.24776Z,KXSILVER15M-26OCT042100-00,0.9980,229.00,yes
2026-10-05T00:59:00.654165Z,KXSILVER15M-26OCT042100-00,0.9980,21.00,yes
2026-10-05T00:59:01.746673Z,KXSILVER15M-26OCT042100-00,0.9980,43.93,yes
2026-10-05T00:59:01.746673Z,KXSILVER15M-26OCT042100-00,0.9980,54.07,yes
2026-10-05T00:59:01.746673Z,KXSILVER15M-26OCT042100-00,0.9980,1.00,yes
2026-10-05T00:59:01.746673Z,KXSILVER15M-26OCT042100-00,0.9980,1.00,yes
2026-10-05T00:59:04.351737Z,KXSILVER15M-26OCT042100-00,0.9980,10.01,yes
2026-10-05T00:59:07.852392Z,KXSILVER15M-26OCT042100-00,0.9980,201.00,yes
2026-10-05T00:59:13.628662Z,KXSILVER15M-26OCT042100-00,0.9980,200.37,yes
2026-10-05T00:59:13.89861Z,KXSILVER15M-26OCT042100-00,0.9970,0.01,no
2026-10-05T00:59:13.89861Z,KXSILVER15M-26OCT042100-00,0.9970,6.22,no
2026-10-05T00:59:14.011146Z,KXSILVER15M-26OCT042100-00,0.9980,22.28,yes
2026-10-05T00:59:15.048114Z,KXSILVER15M-26OCT042100-00,0.9980,5.00,yes
2026-10-05T00:59:15.048114Z,KXSILVER15M-26OCT042100-00,0.9980,1.00,yes
2026-10-05T00:59:15.048114Z,KXSILVER15M-26OCT042100-00,0.9980,122.41,yes
2026-10-05T00:59:17.183104Z,KXSILVER15M-26OCT042100-00,0.9990,60.00,yes
2026-10-05T00:59:22.770501Z,KXSILVER15M-26OCT042100-00,0.9990,200.18,yes
2026-10-05T00:59:26.25248Z,KXSILVER15M-26OCT042100-00,0.9990,120.48,yes
2026-10-05T00:59:29.967225Z,KXSILVER15M-26OCT042100-00,0.9990,10.00,yes
2026-10-05T00:59:29.967225Z,KXSILVER15M-26OCT042100-00,0.9990,1.00,yes
2026-10-05T00:59:29.967225Z,KXSILVER15M-26OCT042100-00,0.9990,119.34,yes
2026-10-05T00:59:29.967225Z,KXSILVER15M-26OCT042100-00,0.9990,1.00,yes
2026-10-05T00:59:34.732797Z,KXSILVER15M-26OCT042100-00,0.9980,458.01,no
2026-10-05T00:59:35.012969Z,KXSILVER15M-26OCT042100-00,0.9990,221.88,no
2026-10-05T00:59:35.790305Z,KXSILVER15M-26OCT042100-00,0.9990,18.69,no
2026-10-05T00:59:38.61961Z,KXSILVER15M-26OCT042100-00,0.9990,5.00,no
2026-10-05T00:59:38.61961Z,KXSILVER15M-26OCT042100-00,0.9990,359.43,no
2026-10-05T00:59:38.61961Z,KXSILVER15M-26OCT042100-00,0.9980,285.09,no
2026-10-05T00:59:45.935315Z,KXSILVER15M-26OCT042100-00,0.9990,47.65,no
2026-10-05T00:59:53.000325Z,KXSILVER15M-26OCT042100-00,0.9990,10.01,no
2026-10-05T00:59:55.916044Z,KXSILVER15M-26OCT042100-00,0.9990,16.00,no
2026-10-05T00:58:05.877213Z,KXEURUSD15M-26OCT042100-30,0.0100,0.90,no
2026-10-05T00:58:32.872009Z,KXEURUSD15M-26OCT042100-30,0.0100,10.00,yes
2026-10-05T00:58:32.872009Z,KXEURUSD15M-26OCT042100-30,0.0100,1.00,yes
2026-10-05T00:58:32.872009Z,KXEURUSD15M-26OCT042100-30,0.0100,1.00,yes
2026-10-05T00:58:32.872119Z,KXEURUSD15M-26OCT042100-30,0.0200,300.00,yes
2026-10-05T00:58:32.872119Z,KXEURUSD15M-26OCT042100-30,0.0200,2.00,yes
2026-10-05T00:58:58.040798Z,KXEURUSD15M-26OCT042100-30,0.0100,2.00,no
2026-10-05T00:59:19.634035Z,KXEURUSD15M-26OCT042100-30,0.0200,30.00,no
2026-10-05T00:59:19.634035Z,KXEURUSD15M-26OCT042100-30,0.0200,60.00,no
2026-10-05T00:59:27.635232Z,KXEURUSD15M-26OCT042100-30,0.0200,60.00,no
2026-10-05T00:59:27.635232Z,KXEURUSD15M-26OCT042100-30,0.0200,30.00,no
2026-10-05T00:59:38.268346Z,KXEURUSD15M-26OCT042100-30,0.0300,27.23,yes
2026-10-05T00:59:38.268346Z,KXEURUSD15M-26OCT042100-30,0.0100,5.00,yes
2026-10-05T00:59:38.268346Z,KXEURUSD15M-26OCT042100-30,0.0200,2.11,yes
2026-10-05T00:59:45.287074Z,KXEURUSD15M-26OCT042100-30,0.0300,0.31,yes
2026-10-05T00:57:25.030038Z,KXETH15M-26OCT042100-00,0.7700,45.66,no
2026-10-05T00:57:25.07469Z,KXETH15M-26OCT042100-00,0.7800,27.75,yes
2026-10-05T00:57:25.242826Z,KXETH15M-26OCT042100-00,0.7800,5.00,yes
2026-10-05T00:57:25.392652Z,KXETH15M-26OCT042100-00,0.7700,4.12,no
2026-10-05T00:57:25.72707Z,KXETH15M-26OCT042100-00,0.7600,10.00,no
2026-10-05T00:57:25.777467Z,KXETH15M-26OCT042100-00,0.7500,10.00,no
2026-10-05T00:57:25.783536Z,KXETH15M-26OCT042100-00,0.7300,1.00,no
2026-10-05T00:57:25.783536Z,KXETH15M-26OCT042100-00,0.7300,1.00,no
2026-10-05T00:57:25.792969Z,KXETH15M-26OCT042100-00,0.7200,0.62,no
2026-10-05T00:57:26.245388Z,KXETH15M-26OCT042100-00,0.7200,24.00,yes
2026-10-05T00:57:26.287439Z,KXETH15M-26OCT042100-00,0.7200,6.39,yes
2026-10-05T00:57:26.481505Z,KXETH15M-26OCT042100-00,0.7200,43.61,yes
2026-10-05T00:57:26.575078Z,KXETH15M-26OCT042100-00,0.7500,19.00,yes
2026-10-05T00:57:26.575078Z,KXETH15M-26OCT042100-00,0.7400,5.00,yes
2026-10-05T00:57:26.575078Z,KXETH15M-26OCT042100-00,0.7500,16.00,yes
2026-10-05T00:57:26.575078Z,KXETH15M-26OCT042100-00,0.7500,16.00,yes
2026-10-05T00:57:26.575078Z,KXETH15M-26OCT042100-00,0.7500,16.00,yes
2026-10-05T00:57:26.575078Z,KXETH15M-26OCT042100-00,0.7300,50.00,yes
2026-10-05T00:57:26.575078Z,KXETH15M-26OCT042100-00,0.7300,66.00,yes
2026-10-05T00:57:26.585295Z,KXETH15M-26OCT042100-00,0.7600,16.00,yes
2026-10-05T00:57:26.585295Z,KXETH15M-26OCT042100-00,0.7600,16.00,yes
2026-10-05T00:57:26.585295Z,KXETH15M-26OCT042100-00,0.7600,16.00,yes
2026-10-05T00:57:26.598525Z,KXETH15M-26OCT042100-00,0.7600,20.00,yes
2026-10-05T00:57:26.598525Z,KXETH15M-26OCT042100-00,0.7600,5.00,yes
2026-10-05T00:57:26.633101Z,KXETH15M-26OCT042100-00,0.7700,21.00,yes
2026-10-05T00:57:26.640407Z,KXETH15M-26OCT042100-00,0.7800,21.00,yes
2026-10-05T00:57:26.641008Z,KXETH15M-26OCT042100-00,0.7900,20.00,yes
2026-10-05T00:57:26.646428Z,KXETH15M-26OCT042100-00,0.7900,5.00,yes
2026-10-05T00:57:26.658141Z,KXETH15M-26OCT042100-00,0.7900,5.00,yes
2026-10-05T00:57:26.658141Z,KXETH15M-26OCT042100-00,0.7900,22.00,yes
2026-10-05T00:57:26.662307Z,KXETH15M-26OCT042100-00,0.8000,23.00,yes
2026-10-05T00:57:26.745854Z,KXETH15M-26OCT042100-00,0.8000,54.00,yes
2026-10-05T00:57:26.745854Z,KXETH15M-26OCT042100-00,0.8000,50.00,yes
2026-10-05T00:57:26.750612Z,KXETH15M-26OCT042100-00,0.8000,54.00,yes
2026-10-05T00:57:26.751538Z,KXETH15M-26OCT042100-00,0.8000,55.00,yes
2026-10-05T00:57:26.754717Z,KXETH15M-26OCT042100-00,0.8000,66.00,yes
2026-10-05T00:57:28.043956Z,KXETH15M-26OCT042100-00,0.8000,9.00,no
2026-10-05T00:57:28.108749Z,KXETH15M-26OCT042100-00,0.8000,6.00,no
2026-10-05T00:57:28.909729Z,KXETH15M-26OCT042100-00,0.8000,9.46,no
2026-10-05T00:57:29.067026Z,KXETH15M-26OCT042100-00,0.8000,22.98,no
2026-10-05T00:57:29.234012Z,KXETH15M-26OCT042100-00,0.8000,18.13,no
2026-10-05T00:57:29.568776Z,KXETH15M-26OCT042100-00,0.8200,10.79,yes
2026-10-05T00:57:29.568776Z,KXETH15M-26OCT042100-00,0.8100,50.00,yes
2026-10-05T00:57:29.727556Z,KXETH15M-26OCT042100-00,0.8200,1.18,yes
2026-10-05T00:57:30.457231Z,KXETH15M-26OCT042100-00,0.8200,1.42,yes
2026-10-05T00:57:30.457231Z,KXETH15M-26OCT042100-00,0.8200,13.03,yes
2026-10-05T00:57:30.501602Z,KXETH15M-26OCT042100-00,0.8100,6.31,no
2026-10-05T00:57:31.293104Z,KXETH15M-26OCT042100-00,0.8200,0.89,yes
2026-10-05T00:57:31.643819Z,KXETH15M-26OCT042100-00,0.8200,1.28,yes
2026-10-05T00:57:31.684239Z,KXETH15M-26OCT042100-00,0.8200,12.04,yes
2026-10-05T00:57:31.751664Z,KXETH15M-26OCT042100-00,0.8100,5.67,no
2026-10-05T00:57:31.788773Z,KXETH15M-26OCT042100-00,0.8200,2.60,yes
2026-10-05T00:57:33.115257Z,KXETH15M-26OCT042100-00,0.8100,7.00,no
2026-10-05T00:57:33.115257Z,KXETH15M-26OCT042100-00,0.8100,1.00,no
2026-10-05T00:57:33.115257Z,KXETH15M-26OCT042100-00,0.8100,16.00,no
2026-10-05T00:57:33.979524Z,KXETH15M-26OCT042100-00,0.8400,27.00,yes
2026-10-05T00:57:33.979524Z,KXETH15M-26OCT042100-00,0.8400,2.78,yes
2026-10-05T00:57:33.979524Z,KXETH15M-26OCT042100-00,0.8200,0.01,yes
2026-10-05T00:57:33.979524Z,KXETH15M-26OCT042100-00,0.8400,1.00,yes
2026-10-05T00:57:33.979524Z,KXETH15M-26OCT042100-00,0.8300,50.00,yes
2026-10-05T00:57:33.979524Z,KXETH15M-26OCT042100-00,0.8300,26.00,yes
2026-10-05T00:57:34.166954Z,KXETH15M-26OCT042100-00,0.8300,7.67,no
2026-10-05T00:57:34.201839Z,KXETH15M-26OCT042100-00,0.8400,23.24,yes
2026-10-05T00:57:34.527557Z,KXETH15M-26OCT042100-00,0.8400,8.72,yes
2026-10-05T00:57:34.527557Z,KXETH15M-26OCT042100-00,0.8400,3.76,yes
2026-10-05T00:57:34.56619Z,KXETH15M-26OCT042100-00,0.8300,5.55,no
2026-10-05T00:57:34.876657Z,KXETH15M-26OCT042100-00,0.8300,25.21,no
2026-10-05T00:57:35.293117Z,KXETH15M-26OCT042100-00,0.8400,29.43,yes
2026-10-05T00:57:35.423341Z,KXETH15M-26OCT042100-00,0.8400,11.85,yes
2026-10-05T00:57:35.423341Z,KXETH15M-26OCT042100-00,0.8400,5.80,yes
2026-10-05T00:57:36.26729Z,KXETH15M-26OCT042100-00,0.8300,5.52,no
2026-10-05T00:57:36.366587Z,KXETH15M-26OCT042100-00,0.8400,5.34,yes
2026-10-05T00:57:36.366587Z,KXETH15M-26OCT042100-00,0.8400,18.20,yes
2026-10-05T00:57:37.393085Z,KXETH15M-26OCT042100-00,0.8300,210.47,no
2026-10-05T00:57:38.708877Z,KXETH15M-26OCT042100-00,0.8300,13.71,no
2026-10-05T00:57:39.046894Z,KXETH15M-26OCT042100-00,0.8300,7.60,no
2026-10-05T00:57:39.278698Z,KXETH15M-26OCT042100-00,0.8300,5.55,no
2026-10-05T00:57:39.46493Z,KXETH15M-26OCT042100-00,0.8400,44.66,yes
2026-10-05T00:57:39.483431Z,KXETH15M-26OCT042100-00,0.8500,29.00,yes
2026-10-05T00:57:39.488334Z,KXETH15M-26OCT042100-00,0.8600,56.00,yes
2026-10-05T00:57:39.488334Z,KXETH15M-26OCT042100-00,0.8600,31.00,yes
2026-10-05T00:57:39.488334Z,KXETH15M-26OCT042100-00,0.8600,1.00,yes
2026-10-05T00:57:39.489777Z,KXETH15M-26OCT042100-00,0.8700,20.00,yes
2026-10-05T00:57:39.489777Z,KXETH15M-26OCT042100-00,0.8700,34.05,yes
2026-10-05T00:57:39.489777Z,KXETH15M-26OCT042100-00,0.8700,6.99,yes
2026-10-05T00:57:39.489777Z,KXETH15M-26OCT042100-00,0.8700,6.99,yes
2026-10-05T00:57:39.489777Z,KXETH15M-26OCT042100-00,0.8700,1.00,yes
2026-10-05T00:57:39.490406Z,KXETH15M-26OCT042100-00,0.8800,9.00,yes
2026-10-05T00:57:39.490406Z,KXETH15M-26OCT042100-00,0.8800,20.00,yes
2026-10-05T00:57:39.490406Z,KXETH15M-26OCT042100-00,0.8800,10.00,yes
2026-10-05T00:57:39.490406Z,KXETH15M-26OCT042100-00,0.8800,0.63,yes
2026-10-05T00:57:39.490406Z,KXETH15M-26OCT042100-00,0.8800,1.00,yes
2026-10-05T00:57:39.490406Z,KXETH15M-26OCT042100-00,0.8800,1.00,yes
2026-10-05T00:57:39.57621Z,KXETH15M-26OCT042100-00,0.8800,1.65,no
2026-10-05T00:57:39.776457Z,KXETH15M-26OCT042100-00,0.8800,0.01,no
2026-10-05T00:57:40.38979Z,KXETH15M-26OCT042100-00,0.8900,50.00,yes
2026-10-05T00:57:40.38979Z,KXETH15M-26OCT042100-00,0.8800,14.00,yes
2026-10-05T00:57:40.38979Z,KXETH15M-26OCT042100-00,0.8900,2.00,yes
2026-10-05T00:57:40.38979Z,KXETH15M-26OCT042100-00,0.8900,65.07,yes
2026-10-05T00:57:40.38979Z,KXETH15M-26OCT042100-00,0.8900,2.62,yes
2026-10-05T00:57:40.38979Z,KXETH15M-26OCT042100-00,0.8900,1.00,yes
2026-10-05T00:57:40.38979Z,KXETH15M-26OCT042100-00,0.8900,1.00,yes
2026-10-05T00:57:40.846665Z,KXETH15M-26OCT042100-00,0.8800,0.84,yes
2026-10-05T00:57:40.877673Z,KXETH15M-26OCT042100-00,0.8700,0.32,no
2026-10-05T00:57:41.057486Z,KXETH15M-26OCT042100-00,0.8800,5.00,yes
2026-10-05T00:57:41.638855Z,KXETH15M-26OCT042100-00,0.8900,38.00,yes
2026-10-05T00:57:41.684797Z,KXETH15M-26OCT042100-00,0.9000,0.51,yes
2026-10-05T00:57:41.684797Z,KXETH15M-26OCT042100-00,0.9000,5.00,yes
2026-10-05T00:57:41.814663Z,KXETH15M-26OCT042100-00,0.9000,3.96,yes
2026-10-05T00:57:41.814663Z,KXETH15M-26OCT042100-00,0.9000,1.00,yes
2026-10-05T00:57:41.814663Z,KXETH15M-26OCT042100-00,0.9000,0.49,yes
2026-10-05T00:57:42.012923Z,KXETH15M-26OCT042100-00,0.9000,0.10,yes
2026-10-05T00:57:42.090649Z,KXETH15M-26OCT042100-00,0.9000,41.00,yes
2026-10-05T00:57:42.090649Z,KXETH15M-26OCT042100-00,0.9090,4.04,yes
2026-10-05T00:57:42.090649Z,KXETH15M-26OCT042100-00,0.9070,4.04,yes
2026-10-05T00:57:42.090649Z,KXETH15M-26OCT042100-00,0.9050,1.01,yes
2026-10-05T00:57:42.090649Z,KXETH15M-26OCT042100-00,0.9020,16.00,yes
2026-10-05T00:57:42.090649Z,KXETH15M-26OCT042100-00,0.9030,6.00,yes
2026-10-05T00:57:42.090649Z,KXETH15M-26OCT042100-00,0.9040,4.00,yes
2026-10-05T00:57:42.090649Z,KXETH15M-26OCT042100-00,0.9040,36.00,yes
2026-10-05T00:57:42.090649Z,KXETH15M-26OCT042100-00,0.9090,6.00,yes
2026-10-05T00:57:42.090649Z,KXETH15M-26OCT042100-00,0.9000,50.00,yes
2026-10-05T00:57:42.090649Z,KXETH15M-26OCT042100-00,0.9090,20.00,yes
2026-10-05T00:57:42.090649Z,KXETH15M-26OCT042100-00,0.9050,9.00,yes
2026-10-05T00:57:42.090649Z,KXETH15M-26OCT042100-00,0.9000,16.00,yes
2026-10-05T00:57:42.090649Z,KXETH15M-26OCT042100-00,0.9100,113.32,yes
2026-10-05T00:57:42.090649Z,KXETH15M-26OCT042100-00,0.9020,16.00,yes
2026-10-05T00:57:42.090649Z,KXETH15M-26OCT042100-00,0.9010,16.00,yes
2026-10-05T00:57:42.090649Z,KXETH15M-26OCT042100-00,0.9000,25.28,yes
2026-10-05T00:57:42.090649Z,KXETH15M-26OCT042100-00,0.9000,1.00,yes
2026-10-05T00:57:42.090649Z,KXETH15M-26OCT042100-00,0.9000,10.23,yes
2026-10-05T00:57:42.090649Z,KXETH15M-26OCT042100-00,0.9100,8.51,yes
2026-10-05T00:57:42.090649Z,KXETH15M-26OCT042100-00,0.9100,2.08,yes
2026-10-05T00:57:42.090649Z,KXETH15M-26OCT042100-00,0.9060,1.00,yes
2026-10-05T00:57:42.090649Z,KXETH15M-26OCT042100-00,0.9070,1.00,yes
2026-10-05T00:57:42.090649Z,KXETH15M-26OCT042100-00,0.9050,1.00,yes
2026-10-05T00:57:42.090649Z,KXETH15M-26OCT042100-00,0.9080,1.00,yes
2026-10-05T00:57:42.090649Z,KXETH15M-26OCT042100-00,0.9090,1.00,yes
2026-10-05T00:57:42.090649Z,KXETH15M-26OCT042100-00,0.9010,1.00,yes
2026-10-05T00:57:42.090649Z,KXETH15M-26OCT042100-00,0.9030,1.00,yes
2026-10-05T00:57:42.090649Z,KXETH15M-26OCT042100-00,0.9100,1.00,yes
2026-10-05T00:57:42.090649Z,KXETH15M-26OCT042100-00,0.9040,1.00,yes
2026-10-05T00:57:42.090649Z,KXETH15M-26OCT042100-00,0.9020,1.00,yes
2026-10-05T00:57:42.203456Z,KXETH15M-26OCT042100-00,0.8900,8.00,no
2026-10-05T00:57:42.604708Z,KXETH15M-26OCT042100-00,0.8900,5.00,no
2026-10-05T00:57:42.843417Z,KXETH15M-26OCT042100-00,0.8900,249.00,no
2026-10-05T00:57:42.843417Z,KXETH15M-26OCT042100-00,0.8900,5.00,no
2026-10-05T00:57:42.843417Z,KXETH15M-26OCT042100-00,0.8900,1.00,no
2026-10-05T00:57:42.843417Z,KXETH15M-26OCT042100-00,0.8900,7.49,no
2026-10-05T00:57:42.843417Z,KXETH15M-26OCT042100-00,0.8900,1.00,no
2026-10-05T00:57:43.128353Z,KXETH15M-26OCT042100-00,0.8800,20.00,yes
2026-10-05T00:57:43.128353Z,KXETH15M-26OCT042100-00,0.8800,4.61,yes
2026-10-05T00:57:43.128353Z,KXETH15M-26OCT042100-00,0.8800,5.00,yes
2026-10-05T00:57:43.128353Z,KXETH15M-26OCT042100-00,0.8800,9.00,yes
2026-10-05T00:57:43.151802Z,KXETH15M-26OCT042100-00,0.8700,4.83,no
2026-10-05T00:57:43.151802Z,KXETH15M-26OCT042100-00,0.8700,16.00,no
2026-10-05T00:57:43.151802Z,KXETH15M-26OCT042100-00,0.8700,14.14,no
2026-10-05T00:57:43.209122Z,KXETH15M-26OCT042100-00,0.8800,1.52,yes
2026-10-05T00:57:43.331659Z,KXETH15M-26OCT042100-00,0.8900,220.01,yes
2026-10-05T00:57:43.331659Z,KXETH15M-26OCT042100-00,0.8800,5.00,yes
2026-10-05T00:57:43.964125Z,KXETH15M-26OCT042100-00,0.8800,5.00,yes
2026-10-05T00:57:44.275382Z,KXETH15M-26OCT042100-00,0.8700,0.72,no
2026-10-05T00:57:44.312293Z,KXETH15M-26OCT042100-00,0.8900,25.14,yes
2026-10-05T00:57:44.312293Z,KXETH15M-26OCT042100-00,0.8800,5.00,yes
2026-10-05T00:57:44.312293Z,KXETH15M-26OCT042100-00,0.8800,0.01,yes
2026-10-05T00:57:44.350446Z,KXETH15M-26OCT042100-00,0.8800,1.12,yes
2026-10-05T00:57:44.415078Z,KXETH15M-26OCT042100-00,0.8900,50.00,yes
2026-10-05T00:57:44.415078Z,KXETH15M-26OCT042100-00,0.8800,5.00,yes
2026-10-05T00:57:44.527248Z,KXETH15M-26OCT042100-00,0.8700,8.12,no
2026-10-05T00:57:44.527248Z,KXETH15M-26OCT042100-00,0.8700,5.14,no
2026-10-05T00:57:45.032112Z,KXETH15M-26OCT042100-00,0.8800,55.00,no
2026-10-05T00:57:45.345874Z,KXETH15M-26OCT042100-00,0.8900,5.57,yes
2026-10-05T00:57:46.321918Z,KXETH15M-26OCT042100-00,0.8900,50.00,yes
2026-10-05T00:57:46.321918Z,KXETH15M-26OCT042100-00,0.8900,32.43,yes
2026-10-05T00:57:46.321918Z,KXETH15M-26OCT042100-00,0.9000,27.59,yes
2026-10-05T00:57:46.321918Z,KXETH15M-26OCT042100-00,0.8900,1.18,yes
2026-10-05T00:57:46.342925Z,KXETH15M-26OCT042100-00,0.8800,0.47,no
2026-10-05T00:57:46.342925Z,KXETH15M-26OCT042100-00,0.8800,6.00,no
2026-10-05T00:57:46.49381Z,KXETH15M-26OCT042100-00,0.8900,3.33,yes
2026-10-05T00:57:46.690769Z,KXETH15M-26OCT042100-00,0.8800,9.53,no
2026-10-05T00:57:46.690769Z,KXETH15M-26OCT042100-00,0.8800,5.38,no
2026-10-05T00:57:46.835481Z,KXETH15M-26OCT042100-00,0.8800,3.78,no
2026-10-05T00:57:46.835481Z,KXETH15M-26OCT042100-00,0.8800,6.00,no
2026-10-05T00:57:46.96529Z,KXETH15M-26OCT042100-00,0.8800,11.15,yes
2026-10-05T00:57:47.010684Z,KXETH15M-26OCT042100-00,0.8800,11.15,yes
2026-10-05T00:57:47.041512Z,KXETH15M-26OCT042100-00,0.8700,16.00,no
2026-10-05T00:57:47.566222Z,KXETH15M-26OCT042100-00,0.8600,15.00,no
2026-10-05T00:57:48.266972Z,KXETH15M-26OCT042100-00,0.8700,9.00,yes
2026-10-05T00:57:48.266972Z,KXETH15M-26OCT042100-00,0.8700,0.22,yes
2026-10-05T00:57:48.608821Z,KXETH15M-26OCT042100-00,0.8600,2.68,no
2026-10-05T00:57:48.798799Z,KXETH15M-26OCT042100-00,0.8600,1.00,no
2026-10-05T00:57:49.008015Z,KXETH15M-26OCT042100-00,0.8700,0.78,yes
2026-10-05T00:57:49.008015Z,KXETH15M-26OCT042100-00,0.8700,0.35,yes
2026-10-05T00:57:49.227789Z,KXETH15M-26OCT042100-00,0.8600,2.29,no
2026-10-05T00:57:49.485575Z,KXETH15M-26OCT042100-00,0.8700,56.00,yes
2026-10-05T00:57:49.538435Z,KXETH15M-26OCT042100-00,0.8700,23.67,yes
2026-10-05T00:57:49.540954Z,KXETH15M-26OCT042100-00,0.8700,1.13,yes
2026-10-05T00:57:50.2352Z,KXETH15M-26OCT042100-00,0.8600,2.65,no
2026-10-05T00:57:50.705949Z,KXETH15M-26OCT042100-00,0.8700,102.41,yes
2026-10-05T00:57:51.192927Z,KXETH15M-26OCT042100-00,0.8600,6.38,no
2026-10-05T00:57:51.192927Z,KXETH15M-26OCT042100-00,0.8600,0.35,no
2026-10-05T00:57:51.28502Z,KXETH15M-26OCT042100-00,0.8700,1.00,yes
2026-10-05T00:57:51.299578Z,KXETH15M-26OCT042100-00,0.8600,1.35,no
2026-10-05T00:57:51.339888Z,KXETH15M-26OCT042100-00,0.8700,10.93,yes
2026-10-05T00:57:51.400202Z,KXETH15M-26OCT042100-00,0.8600,17.75,no
2026-10-05T00:57:51.686462Z,KXETH15M-26OCT042100-00,0.8700,56.95,yes
2026-10-05T00:57:52.336748Z,KXETH15M-26OCT042100-00,0.8700,2.27,yes
2026-10-05T00:57:52.486929Z,KXETH15M-26OCT042100-00,0.8700,21.74,yes
2026-10-05T00:57:52.486929Z,KXETH15M-26OCT042100-00,0.8700,6.73,yes
2026-10-05T00:57:52.980445Z,KXETH15M-26OCT042100-00,0.8600,2.02,no
2026-10-05T00:57:52.994381Z,KXETH15M-26OCT042100-00,0.8600,6.73,no
2026-10-05T00:57:53.58804Z,KXETH15M-26OCT042100-00,0.8700,3.41,yes
2026-10-05T00:57:53.802179Z,KXETH15M-26OCT042100-00,0.8600,132.00,no
2026-10-05T00:57:54.112992Z,KXETH15M-26OCT042100-00,0.8700,24.85,yes
2026-10-05T00:57:54.199883Z,KXETH15M-26OCT042100-00,0.8800,9.00,yes
2026-10-05T00:57:54.199883Z,KXETH15M-26OCT042100-00,0.8800,35.00,yes
2026-10-05T00:57:54.199883Z,KXETH15M-26OCT042100-00,0.8900,118.80,yes
2026-10-05T00:57:54.199883Z,KXETH15M-26OCT042100-00,0.8900,34.67,yes
2026-10-05T00:57:54.25417Z,KXETH15M-26OCT042100-00,0.8800,9.01,yes
2026-10-05T00:57:54.500599Z,KXETH15M-26OCT042100-00,0.8600,85.88,no
2026-10-05T00:57:54.500599Z,KXETH15M-26OCT042100-00,0.8600,0.01,no
2026-10-05T00:57:54.500599Z,KXETH15M-26OCT042100-00,0.8600,15.00,no
2026-10-05T00:57:54.500599Z,KXETH15M-26OCT042100-00,0.8600,11.00,no
2026-10-05T00:57:54.500599Z,KXETH15M-26OCT042100-00,0.8600,1.00,no
2026-10-05T00:57:54.500599Z,KXETH15M-26OCT042100-00,0.8600,15.11,no
2026-10-05T00:57:55.345129Z,KXETH15M-26OCT042100-00,0.8600,3.00,no
2026-10-05T00:57:55.345129Z,KXETH15M-26OCT042100-00,0.8600,9.00,no
2026-10-05T00:57:55.664468Z,KXETH15M-26OCT042100-00,0.8700,6.72,no
2026-10-05T00:57:55.675239Z,KXETH15M-26OCT042100-00,0.8900,38.00,yes
2026-10-05T00:57:55.675239Z,KXETH15M-26OCT042100-00,0.8800,25.99,yes
2026-10-05T00:57:55.807691Z,KXETH15M-26OCT042100-00,0.9150,9.00,yes
2026-10-05T00:57:55.807691Z,KXETH15M-26OCT042100-00,0.9150,6.00,yes
2026-10-05T00:57:55.807691Z,KXETH15M-26OCT042100-00,0.9140,1.00,yes
2026-10-05T00:57:55.807691Z,KXETH15M-26OCT042100-00,0.9130,1.00,yes
2026-10-05T00:57:55.807691Z,KXETH15M-26OCT042100-00,0.9120,1.00,yes
2026-10-05T00:57:55.807691Z,KXETH15M-26OCT042100-00,0.9150,1.00,yes
2026-10-05T00:57:55.807691Z,KXETH15M-26OCT042100-00,0.9110,1.00,yes
2026-10-05T00:57:55.82151Z,KXETH15M-26OCT042100-00,0.9170,9.00,yes
2026-10-05T00:57:55.82151Z,KXETH15M-26OCT042100-00,0.9160,1.00,yes
2026-10-05T00:57:55.82151Z,KXETH15M-26OCT042100-00,0.9180,1.00,yes
2026-10-05T00:57:55.82151Z,KXETH15M-26OCT042100-00,0.9170,1.00,yes
2026-10-05T00:57:55.82151Z,KXETH15M-26OCT042100-00,0.9160,1.00,yes
2026-10-05T00:57:55.924463Z,KXETH15M-26OCT042100-00,0.9190,1.00,yes
2026-10-05T00:57:56.592395Z,KXETH15M-26OCT042100-00,0.9170,7.00,yes
2026-10-05T00:57:56.638031Z,KXETH15M-26OCT042100-00,0.9120,0.01,no
2026-10-05T00:57:56.638031Z,KXETH15M-26OCT042100-00,0.9130,1.00,no
2026-10-05T00:57:56.728014Z,KXETH15M-26OCT042100-00,0.9200,0.18,yes
2026-10-05T00:57:56.728014Z,KXETH15M-26OCT042100-00,0.9200,1.00,yes
2026-10-05T00:57:56.728014Z,KXETH15M-26OCT042100-00,0.9200,5.00,yes
2026-10-05T00:57:56.752789Z,KXETH15M-26OCT042100-00,0.9260,3.00,yes
2026-10-05T00:57:56.752789Z,KXETH15M-26OCT042100-00,0.9260,1.00,yes
2026-10-05T00:57:56.752789Z,KXETH15M-26OCT042100-00,0.9240,1.00,yes
2026-10-05T00:57:56.752789Z,KXETH15M-26OCT042100-00,0.9220,1.00,yes
2026-10-05T00:57:56.752789Z,KXETH15M-26OCT042100-00,0.9250,1.00,yes
2026-10-05T00:57:56.752789Z,KXETH15M-26OCT042100-00,0.9210,1.00,yes
2026-10-05T00:57:56.752789Z,KXETH15M-26OCT042100-00,0.9230,1.00,yes
2026-10-05T00:57:56.752789Z,KXETH15M-26OCT042100-00,0.9260,1.00,yes
2026-10-05T00:57:56.845925Z,KXETH15M-26OCT042100-00,0.9300,9.00,yes
2026-10-05T00:57:56.845925Z,KXETH15M-26OCT042100-00,0.9300,12.00,yes
2026-10-05T00:57:56.845925Z,KXETH15M-26OCT042100-00,0.9290,1.00,yes
2026-10-05T00:57:56.845925Z,KXETH15M-26OCT042100-00,0.9300,1.00,yes
2026-10-05T00:57:56.845925Z,KXETH15M-26OCT042100-00,0.9270,1.00,yes
2026-10-05T00:57:56.845925Z,KXETH15M-26OCT042100-00,0.9280,1.00,yes
2026-10-05T00:57:56.850736Z,KXETH15M-26OCT042100-00,0.9300,16.00,yes
2026-10-05T00:57:56.899054Z,KXETH15M-26OCT042100-00,0.9300,1.00,yes
2026-10-05T00:57:57.10298Z,KXETH15M-26OCT042100-00,0.9300,7.52,yes
2026-10-05T00:57:57.265984Z,KXETH15M-26OCT042100-00,0.9300,14.00,yes
2026-10-05T00:57:57.274109Z,KXETH15M-26OCT042100-00,0.9300,16.00,yes
2026-10-05T00:57:57.277804Z,KXETH15M-26OCT042100-00,0.9300,5.00,yes
2026-10-05T00:57:57.288545Z,KXETH15M-26OCT042100-00,0.9300,4.05,yes
2026-10-05T00:57:57.427006Z,KXETH15M-26OCT042100-00,0.9290,4.00,no
2026-10-05T00:57:57.427006Z,KXETH15M-26OCT042100-00,0.9290,4.00,no
2026-10-05T00:57:57.427006Z,KXETH15M-26OCT042100-00,0.9290,7.00,no
2026-10-05T00:57:57.508795Z,KXETH15M-26OCT042100-00,0.9300,26.74,yes
2026-10-05T00:57:57.57621Z,KXETH15M-26OCT042100-00,0.9290,1.00,no
2026-10-05T00:57:57.57621Z,KXETH15M-26OCT042100-00,0.9290,17.87,no
2026-10-05T00:57:57.57621Z,KXETH15M-26OCT042100-00,0.9290,4.00,no
2026-10-05T00:57:57.57621Z,KXETH15M-26OCT042100-00,0.9290,15.00,no
2026-10-05T00:57:57.663867Z,KXETH15M-26OCT042100-00,0.9270,4.00,no
2026-10-05T00:57:57.663867Z,KXETH15M-26OCT042100-00,0.9280,4.00,no
2026-10-05T00:57:57.663867Z,KXETH15M-26OCT042100-00,0.9260,4.00,no
2026-10-05T00:57:57.663867Z,KXETH15M-26OCT042100-00,0.9270,4.00,no
2026-10-05T00:57:57.663867Z,KXETH15M-26OCT042100-00,0.9280,4.00,no
2026-10-05T00:57:57.663867Z,KXETH15M-26OCT042100-00,0.9250,198.37,no
2026-10-05T00:57:57.663867Z,KXETH15M-26OCT042100-00,0.9280,20.00,no
2026-10-05T00:57:57.663867Z,KXETH15M-26OCT042100-00,0.9260,9.00,no
2026-10-05T00:57:57.663867Z,KXETH15M-26OCT042100-00,0.9280,1.00,no
2026-10-05T00:57:57.801184Z,KXETH15M-26OCT042100-00,0.9300,10.00,yes
2026-10-05T00:57:57.85077Z,KXETH15M-26OCT042100-00,0.9300,1.18,yes
2026-10-05T00:57:57.85077Z,KXETH15M-26OCT042100-00,0.9300,8.82,yes
2026-10-05T00:57:57.960272Z,KXETH15M-26OCT042100-00,0.9280,4.00,no
2026-10-05T00:57:57.960272Z,KXETH15M-26OCT042100-00,0.9270,4.00,no
2026-10-05T00:57:57.960272Z,KXETH15M-26OCT042100-00,0.9260,9.89,no
2026-10-05T00:57:57.960272Z,KXETH15M-26OCT042100-00,0.9270,10.00,no
2026-10-05T00:57:57.960272Z,KXETH15M-26OCT042100-00,0.9290,4.00,no
2026-10-05T00:57:57.960272Z,KXETH15M-26OCT042100-00,0.9270,4.00,no
2026-10-05T00:57:57.960272Z,KXETH15M-26OCT042100-00,0.9290,4.00,no
2026-10-05T00:57:57.960272Z,KXETH15M-26OCT042100-00,0.9280,20.00,no
2026-10-05T00:57:57.960272Z,KXETH15M-26OCT042100-00,0.9280,4.00,no
2026-10-05T00:57:58.043667Z,KXETH15M-26OCT042100-00,0.9280,0.18,no
2026-10-05T00:57:58.043667Z,KXETH15M-26OCT042100-00,0.9280,4.00,no
2026-10-05T00:57:58.043667Z,KXETH15M-26OCT042100-00,0.9290,4.00,no
2026-10-05T00:57:58.043667Z,KXETH15M-26OCT042100-00,0.9290,4.00,no
2026-10-05T00:57:58.090185Z,KXETH15M-26OCT042100-00,0.9280,2.06,no
2026-10-05T00:57:58.090185Z,KXETH15M-26OCT042100-00,0.9280,3.82,no
2026-10-05T00:57:58.155062Z,KXETH15M-26OCT042100-00,0.9290,3.00,yes
2026-10-05T00:57:58.193205Z,KXETH15M-26OCT042100-00,0.9290,4.00,yes
2026-10-05T00:57:58.19521Z,KXETH15M-26OCT042100-00,0.9270,10.00,no
2026-10-05T00:57:58.19521Z,KXETH15M-26OCT042100-00,0.9280,17.94,no
2026-10-05T00:57:58.19521Z,KXETH15M-26OCT042100-00,0.9270,12.63,no
2026-10-05T00:57:58.19521Z,KXETH15M-26OCT042100-00,0.9280,4.00,no
2026-10-05T00:57:58.19521Z,KXETH15M-26OCT042100-00,0.9280,41.00,no
2026-10-05T00:57:58.599421Z,KXETH15M-26OCT042100-00,0.9270,4.00,no
2026-10-05T00:57:58.599421Z,KXETH15M-26OCT042100-00,0.9270,4.00,no
2026-10-05T00:57:58.599421Z,KXETH15M-26OCT042100-00,0.9270,28.37,no
2026-10-05T00:57:58.599421Z,KXETH15M-26OCT042100-00,0.9260,9.00,no
2026-10-05T00:57:58.599421Z,KXETH15M-26OCT042100-00,0.9260,20.00,no
2026-10-05T00:57:58.599421Z,KXETH15M-26OCT042100-00,0.9260,4.00,no
2026-10-05T00:57:58.599421Z,KXETH15M-26OCT042100-00,0.9260,4.00,no
2026-10-05T00:57:58.599421Z,KXETH15M-26OCT042100-00,0.9250,43.05,no
2026-10-05T00:57:58.624504Z,KXETH15M-26OCT042100-00,0.9270,10.00,no
2026-10-05T00:57:58.624504Z,KXETH15M-26OCT042100-00,0.9260,4.00,no
2026-10-05T00:57:58.624504Z,KXETH15M-26OCT042100-00,0.9260,4.00,no
2026-10-05T00:57:58.624504Z,KXETH15M-26OCT042100-00,0.9260,20.00,no
2026-10-05T00:57:58.624504Z,KXETH15M-26OCT042100-00,0.9270,20.00,no
2026-10-05T00:57:58.624504Z,KXETH15M-26OCT042100-00,0.9270,4.00,no
2026-10-05T00:57:58.624504Z,KXETH15M-26OCT042100-00,0.9270,4.00,no
2026-10-05T00:57:58.624504Z,KXETH15M-26OCT042100-00,0.9260,20.00,no
2026-10-05T00:57:58.624504Z,KXETH15M-26OCT042100-00,0.9250,125.57,no
2026-10-05T00:57:58.695179Z,KXETH15M-26OCT042100-00,0.9270,5.45,no
2026-10-05T00:57:58.860833Z,KXETH15M-26OCT042100-00,0.9270,14.45,no
2026-10-05T00:57:58.863279Z,KXETH15M-26OCT042100-00,0.9260,9.00,no
2026-10-05T00:57:58.863279Z,KXETH15M-26OCT042100-00,0.9260,20.00,no
2026-10-05T00:57:58.863279Z,KXETH15M-26OCT042100-00,0.9270,0.10,no
2026-10-05T00:57:58.863279Z,KXETH15M-26OCT042100-00,0.9270,4.00,no
2026-10-05T00:57:58.863279Z,KXETH15M-26OCT042100-00,0.9270,20.00,no
2026-10-05T00:57:58.863279Z,KXETH15M-26OCT042100-00,0.9260,4.00,no
2026-10-05T00:57:58.863279Z,KXETH15M-26OCT042100-00,0.9250,7.46,no
2026-10-05T00:57:58.910633Z,KXETH15M-26OCT042100-00,0.9270,10.10,no
2026-10-05T00:57:58.974113Z,KXETH15M-26OCT042100-00,0.9270,9.90,no
2026-10-05T00:57:58.974113Z,KXETH15M-26OCT042100-00,0.9270,4.00,no
2026-10-05T00:57:58.974113Z,KXETH15M-26OCT042100-00,0.9230,13.02,no
2026-10-05T00:57:58.974113Z,KXETH15M-26OCT042100-00,0.9260,4.00,no
2026-10-05T00:57:58.974113Z,KXETH15M-26OCT042100-00,0.9260,20.00,no
2026-10-05T00:57:58.974113Z,KXETH15M-26OCT042100-00,0.9230,4.00,no
2026-10-05T00:57:58.974113Z,KXETH15M-26OCT042100-00,0.9260,9.00,no
2026-10-05T00:57:58.974113Z,KXETH15M-26OCT042100-00,0.9250,4.00,no
2026-10-05T00:57:58.974113Z,KXETH15M-26OCT042100-00,0.9250,4.00,no
2026-10-05T00:57:58.974113Z,KXETH15M-26OCT042100-00,0.9250,125.55,no
2026-10-05T00:57:59.081893Z,KXETH15M-26OCT042100-00,0.9270,2.14,yes
2026-10-05T00:57:59.090031Z,KXETH15M-26OCT042100-00,0.9260,5.89,no
2026-10-05T00:57:59.269029Z,KXETH15M-26OCT042100-00,0.9260,20.00,no
2026-10-05T00:57:59.269029Z,KXETH15M-26OCT042100-00,0.9260,14.11,no
2026-10-05T00:57:59.269029Z,KXETH15M-26OCT042100-00,0.9260,9.00,no
2026-10-05T00:57:59.269029Z,KXETH15M-26OCT042100-00,0.9250,57.63,no
2026-10-05T00:57:59.317812Z,KXETH15M-26OCT042100-00,0.9280,6.00,yes
2026-10-05T00:57:59.317812Z,KXETH15M-26OCT042100-00,0.9290,1.00,yes
2026-10-05T00:57:59.317812Z,KXETH15M-26OCT042100-00,0.9270,24.86,yes
2026-10-05T00:57:59.317812Z,KXETH15M-26OCT042100-00,0.9300,4.77,yes
2026-10-05T00:57:59.317812Z,KXETH15M-26OCT042100-00,0.9310,0.37,yes
2026-10-05T00:57:59.504052Z,KXETH15M-26OCT042100-00,0.9310,0.63,yes
2026-10-05T00:57:59.504052Z,KXETH15M-26OCT042100-00,0.9320,1.00,yes
2026-10-05T00:57:59.504052Z,KXETH15M-26OCT042100-00,0.9330,0.37,yes
2026-10-05T00:57:59.504183Z,KXETH15M-26OCT042100-00,0.9340,1.00,yes
2026-10-05T00:57:59.504183Z,KXETH15M-26OCT042100-00,0.9330,0.63,yes
2026-10-05T00:57:59.504183Z,KXETH15M-26OCT042100-00,0.9350,0.37,yes
2026-10-05T00:57:59.504827Z,KXETH15M-26OCT042100-00,0.9350,0.37,yes
2026-10-05T00:57:59.504827Z,KXETH15M-26OCT042100-00,0.9350,0.63,yes
2026-10-05T00:57:59.504859Z,KXETH15M-26OCT042100-00,0.9350,1.00,yes
2026-10-05T00:57:59.643384Z,KXETH15M-26OCT042100-00,0.9350,1.21,no
2026-10-05T00:57:59.656803Z,KXETH15M-26OCT042100-00,0.9350,20.00,no
2026-10-05T00:57:59.656803Z,KXETH15M-26OCT042100-00,0.9340,6.47,no
2026-10-05T00:57:59.656803Z,KXETH15M-26OCT042100-00,0.9350,1.00,no
2026-10-05T00:57:59.656803Z,KXETH15M-26OCT042100-00,0.9350,18.79,no
2026-10-05T00:57:59.656803Z,KXETH15M-26OCT042100-00,0.9350,11.00,no
2026-10-05T00:57:59.656803Z,KXETH15M-26OCT042100-00,0.9350,6.00,no
2026-10-05T00:57:59.986342Z,KXETH15M-26OCT042100-00,0.9360,3.33,yes
2026-10-05T00:57:59.986342Z,KXETH15M-26OCT042100-00,0.9360,3.00,yes
2026-10-05T00:57:59.986342Z,KXETH15M-26OCT042100-00,0.9360,1.00,yes
2026-10-05T00:57:59.986342Z,KXETH15M-26OCT042100-00,0.9360,1.00,yes
2026-10-05T00:58:00.007375Z,KXETH15M-26OCT042100-00,0.9350,18.10,no
2026-10-05T00:58:00.007375Z,KXETH15M-26OCT042100-00,0.9350,20.00,no
2026-10-05T00:58:00.031102Z,KXETH15M-26OCT042100-00,0.9350,6.00,no
2026-10-05T00:58:00.250999Z,KXETH15M-26OCT042100-00,0.9350,4.00,yes
2026-10-05T00:58:00.252131Z,KXETH15M-26OCT042100-00,0.9340,11.00,no
2026-10-05T00:58:00.306098Z,KXETH15M-26OCT042100-00,0.9390,18.00,yes
2026-10-05T00:58:00.306098Z,KXETH15M-26OCT042100-00,0.9380,7.00,yes
2026-10-05T00:58:00.306098Z,KXETH15M-26OCT042100-00,0.9360,15.67,yes
2026-10-05T00:58:00.306098Z,KXETH15M-26OCT042100-00,0.9380,4.00,yes
2026-10-05T00:58:00.306098Z,KXETH15M-26OCT042100-00,0.9370,4.00,yes
2026-10-05T00:58:00.306098Z,KXETH15M-26OCT042100-00,0.9360,4.00,yes
2026-10-05T00:58:00.306098Z,KXETH15M-26OCT042100-00,0.9350,2.00,yes
2026-10-05T00:58:00.306098Z,KXETH15M-26OCT042100-00,0.9350,4.00,yes
2026-10-05T00:58:00.306098Z,KXETH15M-26OCT042100-00,0.9360,4.00,yes
2026-10-05T00:58:00.306098Z,KXETH15M-26OCT042100-00,0.9350,15.00,yes
2026-10-05T00:58:00.306098Z,KXETH15M-26OCT042100-00,0.9370,4.00,yes
2026-10-05T00:58:00.306098Z,KXETH15M-26OCT042100-00,0.9400,18.81,yes
2026-10-05T00:58:00.306098Z,KXETH15M-26OCT042100-00,0.9370,1.00,yes
2026-10-05T00:58:00.306098Z,KXETH15M-26OCT042100-00,0.9390,1.00,yes
2026-10-05T00:58:00.306098Z,KXETH15M-26OCT042100-00,0.9400,1.00,yes
2026-10-05T00:58:00.306098Z,KXETH15M-26OCT042100-00,0.9380,1.00,yes
2026-10-05T00:58:00.65278Z,KXETH15M-26OCT042100-00,0.9360,2.27,no
2026-10-05T00:58:00.670631Z,KXETH15M-26OCT042100-00,0.9380,10.00,yes
2026-10-05T00:58:01.242535Z,KXETH15M-26OCT042100-00,0.9370,4.00,no
2026-10-05T00:58:01.553129Z,KXETH15M-26OCT042100-00,0.9370,1.00,no
2026-10-05T00:58:01.553129Z,KXETH15M-26OCT042100-00,0.9370,1.72,no
2026-10-05T00:58:01.711676Z,KXETH15M-26OCT042100-00,0.9360,1.13,no
2026-10-05T00:58:01.77715Z,KXETH15M-26OCT042100-00,0.9320,50.00,no
2026-10-05T00:58:01.77715Z,KXETH15M-26OCT042100-00,0.9270,20.00,no
2026-10-05T00:58:01.77715Z,KXETH15M-26OCT042100-00,0.9330,5.00,no
2026-10-05T00:58:01.77715Z,KXETH15M-26OCT042100-00,0.9250,9.00,no
2026-10-05T00:58:01.77715Z,KXETH15M-26OCT042100-00,0.9250,9.00,no
2026-10-05T00:58:01.77715Z,KXETH15M-26OCT042100-00,0.9330,10.00,no
2026-10-05T00:58:01.77715Z,KXETH15M-26OCT042100-00,0.9260,65.00,no
2026-10-05T00:58:01.77715Z,KXETH15M-26OCT042100-00,0.9250,153.57,no
2026-10-05T00:58:01.77715Z,KXETH15M-26OCT042100-00,0.9310,6.00,no
2026-10-05T00:58:01.77715Z,KXETH15M-26OCT042100-00,0.9320,2.00,no
2026-10-05T00:58:01.77715Z,KXETH15M-26OCT042100-00,0.9360,16.60,no
2026-10-05T00:58:01.77715Z,KXETH15M-26OCT042100-00,0.9300,5.00,no
2026-10-05T00:58:01.77715Z,KXETH15M-26OCT042100-00,0.9300,9.00,no
2026-10-05T00:58:01.77715Z,KXETH15M-26OCT042100-00,0.9350,5.00,no
2026-10-05T00:58:01.77715Z,KXETH15M-26OCT042100-00,0.9350,20.00,no
2026-10-05T00:58:01.785434Z,KXETH15M-26OCT042100-00,0.9250,70.00,no
2026-10-05T00:58:01.785434Z,KXETH15M-26OCT042100-00,0.9000,9.00,no
2026-10-05T00:58:01.785434Z,KXETH15M-26OCT042100-00,0.9000,9.00,no
2026-10-05T00:58:01.785434Z,KXETH15M-26OCT042100-00,0.9100,9.00,no
2026-10-05T00:58:01.785434Z,KXETH15M-26OCT042100-00,0.9150,9.00,no
2026-10-05T00:58:01.785434Z,KXETH15M-26OCT042100-00,0.9200,175.00,no
2026-10-05T00:58:01.785434Z,KXETH15M-26OCT042100-00,0.9180,4.00,no
2026-10-05T00:58:01.785434Z,KXETH15M-26OCT042100-00,0.9170,4.00,no
2026-10-05T00:58:01.785434Z,KXETH15M-26OCT042100-00,0.9300,9.00,no
2026-10-05T00:58:01.785434Z,KXETH15M-26OCT042100-00,0.9200,2.00,no
2026-10-05T00:58:01.785434Z,KXETH15M-26OCT042100-00,0.9190,4.00,no
2026-10-05T00:58:01.785434Z,KXETH15M-26OCT042100-00,0.9260,9.00,no
2026-10-05T00:58:01.785434Z,KXETH15M-26OCT042100-00,0.9180,4.00,no
2026-10-05T00:58:01.785434Z,KXETH15M-26OCT042100-00,0.9190,5.00,no
2026-10-05T00:58:01.785434Z,KXETH15M-26OCT042100-00,0.9190,4.00,no
2026-10-05T00:58:01.785434Z,KXETH15M-26OCT042100-00,0.9360,20.00,no
2026-10-05T00:58:01.785434Z,KXETH15M-26OCT042100-00,0.9350,20.00,no
2026-10-05T00:58:01.785434Z,KXETH15M-26OCT042100-00,0.9330,20.00,no
2026-10-05T00:58:01.785434Z,KXETH15M-26OCT042100-00,0.9100,22.00,no
2026-10-05T00:58:01.785434Z,KXETH15M-26OCT042100-00,0.9000,1.00,no
2026-10-05T00:58:01.785434Z,KXETH15M-26OCT042100-00,0.9200,9.00,no
2026-10-05T00:58:01.785434Z,KXETH15M-26OCT042100-00,0.9200,4.00,no
2026-10-05T00:58:01.785434Z,KXETH15M-26OCT042100-00,0.9200,5.00,no
2026-10-05T00:58:01.785434Z,KXETH15M-26OCT042100-00,0.9100,65.00,no
2026-10-05T00:58:01.785434Z,KXETH15M-26OCT042100-00,0.9200,9.00,no
2026-10-05T00:58:01.797873Z,KXETH15M-26OCT042100-00,0.9260,9.00,no
2026-10-05T00:58:01.798207Z,KXETH15M-26OCT042100-00,0.9190,5.00,no
2026-10-05T00:58:01.798207Z,KXETH15M-26OCT042100-00,0.9190,4.00,no
2026-10-05T00:58:01.798207Z,KXETH15M-26OCT042100-00,0.8900,20.00,no
2026-10-05T00:58:01.798207Z,KXETH15M-26OCT042100-00,0.8800,100.00,no
2026-10-05T00:58:01.79879Z,KXETH15M-26OCT042100-00,0.9330,6.00,no
2026-10-05T00:58:01.798948Z,KXETH15M-26OCT042100-00,0.9100,175.00,no
2026-10-05T00:58:01.79912Z,KXETH15M-26OCT042100-00,0.9180,9.00,no
2026-10-05T00:58:01.801836Z,KXETH15M-26OCT042100-00,0.8900,10.00,no
2026-10-05T00:58:01.801836Z,KXETH15M-26OCT042100-00,0.8700,11.00,no
2026-10-05T00:58:01.801836Z,KXETH15M-26OCT042100-00,0.8600,30.00,no
2026-10-05T00:58:01.801836Z,KXETH15M-26OCT042100-00,0.8700,100.00,no
2026-10-05T00:58:01.812863Z,KXETH15M-26OCT042100-00,0.9000,22.00,no
2026-10-05T00:58:01.819418Z,KXETH15M-26OCT042100-00,0.9000,5.00,no
2026-10-05T00:58:01.83624Z,KXETH15M-26OCT042100-00,0.8600,38.00,yes
2026-10-05T00:58:02.036181Z,KXETH15M-26OCT042100-00,0.9090,37.00,yes
2026-10-05T00:58:02.142727Z,KXETH15M-26OCT042100-00,0.9260,14.15,yes
2026-10-05T00:58:02.326Z,KXETH15M-26OCT042100-00,0.9390,0.01,yes
2026-10-05T00:58:02.326Z,KXETH15M-26OCT042100-00,0.9380,1.00,yes
2026-10-05T00:58:02.418338Z,KXETH15M-26OCT042100-00,0.9380,20.00,yes
2026-10-05T00:58:02.543843Z,KXETH15M-26OCT042100-00,0.9390,3.00,yes
2026-10-05T00:58:02.543843Z,KXETH15M-26OCT042100-00,0.9390,0.99,yes
2026-10-05T00:58:02.543843Z,KXETH15M-26OCT042100-00,0.9390,2.00,yes
2026-10-05T00:58:02.543843Z,KXETH15M-26OCT042100-00,0.9400,9.01,yes
2026-10-05T00:58:02.5579Z,KXETH15M-26OCT042100-00,0.9360,4.65,no
2026-10-05T00:58:02.782976Z,KXETH15M-26OCT042100-00,0.9440,8.00,yes
2026-10-05T00:58:02.782976Z,KXETH15M-26OCT042100-00,0.9380,4.00,yes
2026-10-05T00:58:02.782976Z,KXETH15M-26OCT042100-00,0.9470,8.00,yes
2026-10-05T00:58:02.782976Z,KXETH15M-26OCT042100-00,0.9480,8.00,yes
2026-10-05T00:58:02.782976Z,KXETH15M-26OCT042100-00,0.9390,4.00,yes
2026-10-05T00:58:02.782976Z,KXETH15M-26OCT042100-00,0.9450,9.00,yes
2026-10-05T00:58:02.782976Z,KXETH15M-26OCT042100-00,0.9370,4.00,yes
2026-10-05T00:58:02.782976Z,KXETH15M-26OCT042100-00,0.9430,8.00,yes
2026-10-05T00:58:02.782976Z,KXETH15M-26OCT042100-00,0.9480,11.00,yes
2026-10-05T00:58:02.782976Z,KXETH15M-26OCT042100-00,0.9460,8.00,yes
2026-10-05T00:58:02.782976Z,KXETH15M-26OCT042100-00,0.9400,25.00,yes
2026-10-05T00:58:02.782976Z,KXETH15M-26OCT042100-00,0.9400,12.00,yes
2026-10-05T00:58:02.782976Z,KXETH15M-26OCT042100-00,0.9460,1.00,yes
2026-10-05T00:58:02.782976Z,KXETH15M-26OCT042100-00,0.9400,0.61,yes
2026-10-05T00:58:02.782976Z,KXETH15M-26OCT042100-00,0.9480,1.00,yes
2026-10-05T00:58:02.782976Z,KXETH15M-26OCT042100-00,0.9460,1.00,yes
2026-10-05T00:58:02.782976Z,KXETH15M-26OCT042100-00,0.9470,1.00,yes
2026-10-05T00:58:02.782976Z,KXETH15M-26OCT042100-00,0.9450,1.00,yes
2026-10-05T00:58:02.782976Z,KXETH15M-26OCT042100-00,0.9490,1.00,yes
2026-10-05T00:58:02.782976Z,KXETH15M-26OCT042100-00,0.9410,1.00,yes
2026-10-05T00:58:02.782976Z,KXETH15M-26OCT042100-00,0.9440,1.00,yes
2026-10-05T00:58:02.782976Z,KXETH15M-26OCT042100-00,0.9500,3.59,yes
2026-10-05T00:58:02.782976Z,KXETH15M-26OCT042100-00,0.9430,1.00,yes
2026-10-05T00:58:02.782976Z,KXETH15M-26OCT042100-00,0.9420,1.00,yes
2026-10-05T00:58:02.819502Z,KXETH15M-26OCT042100-00,0.9380,1.29,yes
2026-10-05T00:58:02.819502Z,KXETH15M-26OCT042100-00,0.9370,4.00,yes
2026-10-05T00:58:02.835128Z,KXETH15M-26OCT042100-00,0.9370,4.00,yes
2026-10-05T00:58:02.835128Z,KXETH15M-26OCT042100-00,0.9380,2.71,yes
2026-10-05T00:58:02.885911Z,KXETH15M-26OCT042100-00,0.9380,4.00,yes
2026-10-05T00:58:02.954308Z,KXETH15M-26OCT042100-00,0.9390,0.21,yes
2026-10-05T00:58:03.053597Z,KXETH15M-26OCT042100-00,0.9420,14.00,yes
2026-10-05T00:58:03.053597Z,KXETH15M-26OCT042100-00,0.9430,14.00,yes
2026-10-05T00:58:03.055573Z,KXETH15M-26OCT042100-00,0.9380,4.00,no
2026-10-05T00:58:03.055573Z,KXETH15M-26OCT042100-00,0.9370,20.95,no
2026-10-05T00:58:03.055573Z,KXETH15M-26OCT042100-00,0.9380,20.00,no
2026-10-05T00:58:03.055573Z,KXETH15M-26OCT042100-00,0.9380,11.00,no
2026-10-05T00:58:03.055573Z,KXETH15M-26OCT042100-00,0.9380,1.00,no
2026-10-05T00:58:03.061085Z,KXETH15M-26OCT042100-00,0.9490,24.00,yes
2026-10-05T00:58:03.061085Z,KXETH15M-26OCT042100-00,0.9450,6.00,yes
2026-10-05T00:58:03.332612Z,KXETH15M-26OCT042100-00,0.9500,1.26,yes
2026-10-05T00:58:03.332612Z,KXETH15M-26OCT042100-00,0.9500,3.00,yes
2026-10-05T00:58:03.332612Z,KXETH15M-26OCT042100-00,0.9500,1.00,yes
2026-10-05T00:58:03.332612Z,KXETH15M-26OCT042100-00,0.9500,6.00,yes
2026-10-05T00:58:03.332612Z,KXETH15M-26OCT042100-00,0.9500,1.00,yes
2026-10-05T00:58:03.332612Z,KXETH15M-26OCT042100-00,0.9500,2.41,yes
2026-10-05T00:58:03.432095Z,KXETH15M-26OCT042100-00,0.9600,2.00,yes
2026-10-05T00:58:03.432095Z,KXETH15M-26OCT042100-00,0.9600,6.09,yes
2026-10-05T00:58:03.432095Z,KXETH15M-26OCT042100-00,0.9600,28.47,yes
2026-10-05T00:58:03.432095Z,KXETH15M-26OCT042100-00,0.9590,4.00,yes
2026-10-05T00:58:03.432095Z,KXETH15M-26OCT042100-00,0.9590,7.00,yes
2026-10-05T00:58:03.432095Z,KXETH15M-26OCT042100-00,0.9600,4.00,yes
2026-10-05T00:58:03.432095Z,KXETH15M-26OCT042100-00,0.9610,4.00,yes
2026-10-05T00:58:03.432095Z,KXETH15M-26OCT042100-00,0.9560,1.00,yes
2026-10-05T00:58:03.432095Z,KXETH15M-26OCT042100-00,0.9600,1.00,yes
2026-10-05T00:58:03.432095Z,KXETH15M-26OCT042100-00,0.9510,1.00,yes
2026-10-05T00:58:03.432095Z,KXETH15M-26OCT042100-00,0.9610,1.00,yes
2026-10-05T00:58:03.432095Z,KXETH15M-26OCT042100-00,0.9550,1.00,yes
2026-10-05T00:58:03.432095Z,KXETH15M-26OCT042100-00,0.9580,1.00,yes
2026-10-05T00:58:03.432095Z,KXETH15M-26OCT042100-00,0.9590,1.00,yes
2026-10-05T00:58:03.432095Z,KXETH15M-26OCT042100-00,0.9600,1.00,yes
2026-10-05T00:58:03.432095Z,KXETH15M-26OCT042100-00,0.9540,1.00,yes
2026-10-05T00:58:03.432095Z,KXETH15M-26OCT042100-00,0.9520,1.00,yes
2026-10-05T00:58:03.432095Z,KXETH15M-26OCT042100-00,0.9570,1.00,yes
2026-10-05T00:58:03.432095Z,KXETH15M-26OCT042100-00,0.9560,1.00,yes
2026-10-05T00:58:03.432095Z,KXETH15M-26OCT042100-00,0.9530,1.00,yes
2026-10-05T00:58:03.432095Z,KXETH15M-26OCT042100-00,0.9620,0.44,yes
2026-10-05T00:58:03.432095Z,KXETH15M-26OCT042100-00,0.9600,6.00,yes
2026-10-05T00:58:03.451216Z,KXETH15M-26OCT042100-00,0.9650,2.00,yes
2026-10-05T00:58:03.451216Z,KXETH15M-26OCT042100-00,0.9650,8.00,yes
2026-10-05T00:58:03.451216Z,KXETH15M-26OCT042100-00,0.9640,8.00,yes
2026-10-05T00:58:03.451216Z,KXETH15M-26OCT042100-00,0.9670,15.00,yes
2026-10-05T00:58:03.451216Z,KXETH15M-26OCT042100-00,0.9640,4.00,yes
2026-10-05T00:58:03.451216Z,KXETH15M-26OCT042100-00,0.9660,14.00,yes
2026-10-05T00:58:03.451216Z,KXETH15M-26OCT042100-00,0.9630,4.00,yes
2026-10-05T00:58:03.451216Z,KXETH15M-26OCT042100-00,0.9620,4.00,yes
2026-10-05T00:58:03.451216Z,KXETH15M-26OCT042100-00,0.9680,6.44,yes
2026-10-05T00:58:03.451216Z,KXETH15M-26OCT042100-00,0.9660,2.00,yes
2026-10-05T00:58:03.451216Z,KXETH15M-26OCT042100-00,0.9650,1.00,yes
2026-10-05T00:58:03.451216Z,KXETH15M-26OCT042100-00,0.9670,1.00,yes
2026-10-05T00:58:03.451216Z,KXETH15M-26OCT042100-00,0.9620,0.56,yes
2026-10-05T00:58:03.451216Z,KXETH15M-26OCT042100-00,0.9630,1.00,yes
2026-10-05T00:58:03.451216Z,KXETH15M-26OCT042100-00,0.9680,1.00,yes
2026-10-05T00:58:03.451216Z,KXETH15M-26OCT042100-00,0.9640,1.00,yes
2026-10-05T00:58:03.451216Z,KXETH15M-26OCT042100-00,0.9660,1.00,yes
2026-10-05T00:58:03.451216Z,KXETH15M-26OCT042100-00,0.9650,1.00,yes
2026-10-05T00:58:03.515301Z,KXETH15M-26OCT042100-00,0.9640,15.00,yes
2026-10-05T00:58:03.569736Z,KXETH15M-26OCT042100-00,0.9680,8.00,yes
2026-10-05T00:58:03.569736Z,KXETH15M-26OCT042100-00,0.9680,4.00,yes
2026-10-05T00:58:03.569736Z,KXETH15M-26OCT042100-00,0.9680,39.00,yes
2026-10-05T00:58:03.569736Z,KXETH15M-26OCT042100-00,0.9680,8.56,yes
2026-10-05T00:58:03.569736Z,KXETH15M-26OCT042100-00,0.9690,0.44,yes
2026-10-05T00:58:03.72284Z,KXETH15M-26OCT042100-00,0.9680,8.00,yes
2026-10-05T00:58:03.72284Z,KXETH15M-26OCT042100-00,0.9680,20.00,yes
2026-10-05T00:58:03.72284Z,KXETH15M-26OCT042100-00,0.9680,14.00,yes
2026-10-05T00:58:03.72284Z,KXETH15M-26OCT042100-00,0.9690,3.00,yes
2026-10-05T00:58:03.745684Z,KXETH15M-26OCT042100-00,0.9680,4.00,yes
2026-10-05T00:58:03.750343Z,KXETH15M-26OCT042100-00,0.9680,4.00,yes
2026-10-05T00:58:03.750343Z,KXETH15M-26OCT042100-00,0.9690,4.00,yes
2026-10-05T00:58:03.753987Z,KXETH15M-26OCT042100-00,0.9690,0.49,yes
2026-10-05T00:58:03.753987Z,KXETH15M-26OCT042100-00,0.9690,1.00,yes
2026-10-05T00:58:03.753987Z,KXETH15M-26OCT042100-00,0.9690,1.00,yes
2026-10-05T00:58:03.753987Z,KXETH15M-26OCT042100-00,0.9690,4.95,yes
2026-10-05T00:58:03.753987Z,KXETH15M-26OCT042100-00,0.9690,12.56,yes
2026-10-05T00:58:03.759099Z,KXETH15M-26OCT042100-00,0.9690,8.51,yes
2026-10-05T00:58:03.759099Z,KXETH15M-26OCT042100-00,0.9700,5.49,yes
2026-10-05T00:58:03.77981Z,KXETH15M-26OCT042100-00,0.9670,9.19,no
2026-10-05T00:58:03.781295Z,KXETH15M-26OCT042100-00,0.9700,10.00,yes
2026-10-05T00:58:03.782819Z,KXETH15M-26OCT042100-00,0.9700,2.00,yes
2026-10-05T00:58:03.799805Z,KXETH15M-26OCT042100-00,0.9670,1.00,no
2026-10-05T00:58:03.799805Z,KXETH15M-26OCT042100-00,0.9670,4.00,no
2026-10-05T00:58:03.819492Z,KXETH15M-26OCT042100-00,0.9690,9.00,yes
2026-10-05T00:58:03.819492Z,KXETH15M-26OCT042100-00,0.9700,31.00,yes
2026-10-05T00:58:03.824379Z,KXETH15M-26OCT042100-00,0.9700,1.00,yes
2026-10-05T00:58:03.825565Z,KXETH15M-26OCT042100-00,0.9700,202.58,yes
2026-10-05T00:58:03.886235Z,KXETH15M-26OCT042100-00,0.9700,5.00,yes
2026-10-05T00:58:03.929861Z,KXETH15M-26OCT042100-00,0.9700,2.00,yes
2026-10-05T00:58:03.929861Z,KXETH15M-26OCT042100-00,0.9700,0.95,yes
2026-10-05T00:58:03.929861Z,KXETH15M-26OCT042100-00,0.9700,0.35,yes
2026-10-05T00:58:03.929861Z,KXETH15M-26OCT042100-00,0.9700,25.00,yes
2026-10-05T00:58:03.929861Z,KXETH15M-26OCT042100-00,0.9700,6.66,yes
2026-10-05T00:58:03.929861Z,KXETH15M-26OCT042100-00,0.9700,1.00,yes
2026-10-05T00:58:03.929861Z,KXETH15M-26OCT042100-00,0.9700,1.00,yes
2026-10-05T00:58:03.929861Z,KXETH15M-26OCT042100-00,0.9700,1.00,yes
2026-10-05T00:58:03.929861Z,KXETH15M-26OCT042100-00,0.9700,5.11,yes
2026-10-05T00:58:03.929861Z,KXETH15M-26OCT042100-00,0.9700,20.00,yes
2026-10-05T00:58:03.929861Z,KXETH15M-26OCT042100-00,0.9700,10.93,yes
2026-10-05T00:58:03.929861Z,KXETH15M-26OCT042100-00,0.9700,6.00,yes
2026-10-05T00:58:03.942224Z,KXETH15M-26OCT042100-00,0.9700,20.00,yes
2026-10-05T00:58:03.976247Z,KXETH15M-26OCT042100-00,0.9750,2.00,yes
2026-10-05T00:58:03.976247Z,KXETH15M-26OCT042100-00,0.9700,37.00,yes
2026-10-05T00:58:03.976247Z,KXETH15M-26OCT042100-00,0.9750,9.00,yes
2026-10-05T00:58:03.976247Z,KXETH15M-26OCT042100-00,0.9750,1.95,yes
2026-10-05T00:58:03.976247Z,KXETH15M-26OCT042100-00,0.9700,4.05,yes
2026-10-05T00:58:03.976247Z,KXETH15M-26OCT042100-00,0.9750,1.00,yes
2026-10-05T00:58:03.976247Z,KXETH15M-26OCT042100-00,0.9710,1.00,yes
2026-10-05T00:58:03.976247Z,KXETH15M-26OCT042100-00,0.9750,1.00,yes
2026-10-05T00:58:03.976247Z,KXETH15M-26OCT042100-00,0.9730,1.00,yes
2026-10-05T00:58:03.976247Z,KXETH15M-26OCT042100-00,0.9740,1.00,yes
2026-10-05T00:58:03.976247Z,KXETH15M-26OCT042100-00,0.9720,1.00,yes
2026-10-05T00:58:03.976249Z,KXETH15M-26OCT042100-00,0.9750,5.00,yes
2026-10-05T00:58:04.023554Z,KXETH15M-26OCT042100-00,0.9760,1.00,yes
2026-10-05T00:58:04.062881Z,KXETH15M-26OCT042100-00,0.9770,16.00,yes
2026-10-05T00:58:04.062881Z,KXETH15M-26OCT042100-00,0.9770,9.00,yes
2026-10-05T00:58:04.062881Z,KXETH15M-26OCT042100-00,0.9760,4.00,yes
2026-10-05T00:58:04.062881Z,KXETH15M-26OCT042100-00,0.9770,1.00,yes
2026-10-05T00:58:04.064721Z,KXETH15M-26OCT042100-00,0.9690,60.00,no
2026-10-05T00:58:04.064721Z,KXETH15M-26OCT042100-00,0.9700,12.00,no
2026-10-05T00:58:04.064721Z,KXETH15M-26OCT042100-00,0.9690,1.00,no
2026-10-05T00:58:04.064721Z,KXETH15M-26OCT042100-00,0.9690,40.00,no
2026-10-05T00:58:04.064721Z,KXETH15M-26OCT042100-00,0.9690,10.27,no
2026-10-05T00:58:04.064721Z,KXETH15M-26OCT042100-00,0.9700,1.00,no
2026-10-05T00:58:04.064721Z,KXETH15M-26OCT042100-00,0.9700,4.00,no
2026-10-05T00:58:04.082565Z,KXETH15M-26OCT042100-00,0.9700,11.00,no
2026-10-05T00:58:04.082565Z,KXETH15M-26OCT042100-00,0.9710,39.00,no
2026-10-05T00:58:04.105313Z,KXETH15M-26OCT042100-00,0.9690,10.00,no
2026-10-05T00:58:04.105313Z,KXETH15M-26OCT042100-00,0.9690,29.73,no
2026-10-05T00:58:04.105313Z,KXETH15M-26OCT042100-00,0.9650,9.00,no
2026-10-05T00:58:04.105313Z,KXETH15M-26OCT042100-00,0.9650,9.00,no
2026-10-05T00:58:04.105313Z,KXETH15M-26OCT042100-00,0.9710,1.00,no
2026-10-05T00:58:04.105313Z,KXETH15M-26OCT042100-00,0.9670,4.00,no
2026-10-05T00:58:04.105476Z,KXETH15M-26OCT042100-00,0.9720,4.00,yes
2026-10-05T00:58:04.105476Z,KXETH15M-26OCT042100-00,0.9740,4.00,yes
2026-10-05T00:58:04.105476Z,KXETH15M-26OCT042100-00,0.9730,4.00,yes
2026-10-05T00:58:04.105476Z,KXETH15M-26OCT042100-00,0.9760,13.00,yes
2026-10-05T00:58:04.105476Z,KXETH15M-26OCT042100-00,0.9760,20.00,yes
2026-10-05T00:58:04.114712Z,KXETH15M-26OCT042100-00,0.9630,2.54,no
2026-10-05T00:58:04.224642Z,KXETH15M-26OCT042100-00,0.9750,4.00,yes
2026-10-05T00:58:04.224642Z,KXETH15M-26OCT042100-00,0.9740,9.00,yes
2026-10-05T00:58:04.224642Z,KXETH15M-26OCT042100-00,0.9750,9.00,yes
2026-10-05T00:58:04.224642Z,KXETH15M-26OCT042100-00,0.9750,9.00,yes
2026-10-05T00:58:04.224642Z,KXETH15M-26OCT042100-00,0.9700,20.00,yes
2026-10-05T00:58:04.224642Z,KXETH15M-26OCT042100-00,0.9760,23.98,yes
2026-10-05T00:58:04.339954Z,KXETH15M-26OCT042100-00,0.9690,11.10,no
2026-10-05T00:58:04.339954Z,KXETH15M-26OCT042100-00,0.9690,4.00,no
2026-10-05T00:58:04.340357Z,KXETH15M-26OCT042100-00,0.9750,40.32,yes
2026-10-05T00:58:04.340751Z,KXETH15M-26OCT042100-00,0.9760,41.00,yes
2026-10-05T00:58:04.340751Z,KXETH15M-26OCT042100-00,0.9750,0.68,yes
2026-10-05T00:58:04.340751Z,KXETH15M-26OCT042100-00,0.9770,4.00,yes
2026-10-05T00:58:04.340751Z,KXETH15M-26OCT042100-00,0.9750,9.00,yes
2026-10-05T00:58:04.340751Z,KXETH15M-26OCT042100-00,0.9760,4.00,yes
2026-10-05T00:58:04.340751Z,KXETH15M-26OCT042100-00,0.9760,41.00,yes
2026-10-05T00:58:04.340751Z,KXETH15M-26OCT042100-00,0.9780,0.32,yes
2026-10-05T00:58:04.449897Z,KXETH15M-26OCT042100-00,0.9680,2.78,no
2026-10-05T00:58:04.449897Z,KXETH15M-26OCT042100-00,0.9700,5.00,no
2026-10-05T00:58:04.449897Z,KXETH15M-26OCT042100-00,0.9690,4.00,no
2026-10-05T00:58:04.449897Z,KXETH15M-26OCT042100-00,0.9690,12.00,no
2026-10-05T00:58:04.449897Z,KXETH15M-26OCT042100-00,0.9700,0.32,no
2026-10-05T00:58:04.449897Z,KXETH15M-26OCT042100-00,0.9680,4.00,no
2026-10-05T00:58:04.449897Z,KXETH15M-26OCT042100-00,0.9700,15.00,no
2026-10-05T00:58:04.449897Z,KXETH15M-26OCT042100-00,0.9700,1.00,no
2026-10-05T00:58:04.449897Z,KXETH15M-26OCT042100-00,0.9690,0.90,no
2026-10-05T00:58:04.449897Z,KXETH15M-26OCT042100-00,0.9690,1.00,no
2026-10-05T00:58:04.553713Z,KXETH15M-26OCT042100-00,0.9690,2.57,yes
2026-10-05T00:58:05.064133Z,KXETH15M-26OCT042100-00,0.9660,4.00,no
2026-10-05T00:58:05.064133Z,KXETH15M-26OCT042100-00,0.9650,4.00,no
2026-10-05T00:58:05.064133Z,KXETH15M-26OCT042100-00,0.9650,4.00,no
2026-10-05T00:58:05.064133Z,KXETH15M-26OCT042100-00,0.9670,4.00,no
2026-10-05T00:58:05.064133Z,KXETH15M-26OCT042100-00,0.9650,7.80,no
2026-10-05T00:58:05.064133Z,KXETH15M-26OCT042100-00,0.9680,22.00,no
2026-10-05T00:58:05.064133Z,KXETH15M-26OCT042100-00,0.9660,4.00,no
2026-10-05T00:58:05.235464Z,KXETH15M-26OCT042100-00,0.9690,36.00,yes
2026-10-05T00:58:05.25121Z,KXETH15M-26OCT042100-00,0.9690,5.00,yes
2026-10-05T00:58:05.25121Z,KXETH15M-26OCT042100-00,0.9700,11.04,yes
2026-10-05T00:58:05.299928Z,KXETH15M-26OCT042100-00,0.9690,0.51,yes
2026-10-05T00:58:05.582716Z,KXETH15M-26OCT042100-00,0.9700,20.45,yes
2026-10-05T00:58:05.59642Z,KXETH15M-26OCT042100-00,0.9690,1.00,no
2026-10-05T00:58:05.59642Z,KXETH15M-26OCT042100-00,0.9690,4.00,no
2026-10-05T00:58:05.97453Z,KXETH15M-26OCT042100-00,0.9690,3.00,no
2026-10-05T00:58:06.012475Z,KXETH15M-26OCT042100-00,0.9710,10.00,yes
2026-10-05T00:58:06.07512Z,KXETH15M-26OCT042100-00,0.9710,8.00,yes
2026-10-05T00:58:06.317052Z,KXETH15M-26OCT042100-00,0.9700,1.16,no
2026-10-05T00:58:06.408898Z,KXETH15M-26OCT042100-00,0.9710,7.19,yes
2026-10-05T00:58:06.57444Z,KXETH15M-26OCT042100-00,0.9710,4.86,no
2026-10-05T00:58:06.766983Z,KXETH15M-26OCT042100-00,0.9690,2.00,no
2026-10-05T00:58:06.766983Z,KXETH15M-26OCT042100-00,0.9680,1.00,no
2026-10-05T00:58:06.766983Z,KXETH15M-26OCT042100-00,0.9700,9.00,no
2026-10-05T00:58:06.766983Z,KXETH15M-26OCT042100-00,0.9690,4.00,no
2026-10-05T00:58:06.766983Z,KXETH15M-26OCT042100-00,0.9680,2.63,no
2026-10-05T00:58:06.766983Z,KXETH15M-26OCT042100-00,0.9720,22.00,no
2026-10-05T00:58:06.766983Z,KXETH15M-26OCT042100-00,0.9700,9.00,no
2026-10-05T00:58:06.766983Z,KXETH15M-26OCT042100-00,0.9690,4.00,no
2026-10-05T00:58:06.906148Z,KXETH15M-26OCT042100-00,0.9730,12.66,yes
2026-10-05T00:58:06.906148Z,KXETH15M-26OCT042100-00,0.9730,12.00,yes
2026-10-05T00:58:07.027158Z,KXETH15M-26OCT042100-00,0.9710,12.00,no
2026-10-05T00:58:07.027158Z,KXETH15M-26OCT042100-00,0.9700,4.88,no
2026-10-05T00:58:07.027158Z,KXETH15M-26OCT042100-00,0.9720,4.00,no
2026-10-05T00:58:07.027158Z,KXETH15M-26OCT042100-00,0.9710,4.00,no
2026-10-05T00:58:07.027158Z,KXETH15M-26OCT042100-00,0.9700,4.00,no
2026-10-05T00:58:07.054393Z,KXETH15M-26OCT042100-00,0.9710,15.00,no
2026-10-05T00:58:07.054393Z,KXETH15M-26OCT042100-00,0.9690,1.07,no
2026-10-05T00:58:07.054393Z,KXETH15M-26OCT042100-00,0.9690,4.00,no
2026-10-05T00:58:07.054393Z,KXETH15M-26OCT042100-00,0.9690,1.00,no
2026-10-05T00:58:07.14769Z,KXETH15M-26OCT042100-00,0.9730,0.67,yes
2026-10-05T00:58:07.422746Z,KXETH15M-26OCT042100-00,0.9710,9.00,yes
2026-10-05T00:58:07.422746Z,KXETH15M-26OCT042100-00,0.9730,10.33,yes
2026-10-05T00:58:07.422746Z,KXETH15M-26OCT042100-00,0.9730,28.67,yes
2026-10-05T00:58:07.422746Z,KXETH15M-26OCT042100-00,0.9720,14.00,yes
2026-10-05T00:58:07.422746Z,KXETH15M-26OCT042100-00,0.9720,8.00,yes
2026-10-05T00:58:07.842985Z,KXETH15M-26OCT042100-00,0.9740,6.76,yes
2026-10-05T00:58:07.887947Z,KXETH15M-26OCT042100-00,0.9640,20.00,no
2026-10-05T00:58:07.887947Z,KXETH15M-26OCT042100-00,0.9630,6.00,no
2026-10-05T00:58:07.887947Z,KXETH15M-26OCT042100-00,0.9620,6.67,no
2026-10-05T00:58:07.887947Z,KXETH15M-26OCT042100-00,0.9680,20.00,no
2026-10-05T00:58:07.887947Z,KXETH15M-26OCT042100-00,0.9690,3.93,no
2026-10-05T00:58:07.887947Z,KXETH15M-26OCT042100-00,0.9670,4.00,no
2026-10-05T00:58:07.887947Z,KXETH15M-26OCT042100-00,0.9720,14.00,no
2026-10-05T00:58:07.887947Z,KXETH15M-26OCT042100-00,0.9680,4.00,no
2026-10-05T00:58:07.887947Z,KXETH15M-26OCT042100-00,0.9630,11.00,no
2026-10-05T00:58:07.887947Z,KXETH15M-26OCT042100-00,0.9690,20.00,no
2026-10-05T00:58:07.887947Z,KXETH15M-26OCT042100-00,0.9690,4.00,no
2026-10-05T00:58:07.887947Z,KXETH15M-26OCT042100-00,0.9670,1.00,no
2026-10-05T00:58:07.887947Z,KXETH15M-26OCT042100-00,0.9650,9.00,no
2026-10-05T00:58:07.887947Z,KXETH15M-26OCT042100-00,0.9650,9.00,no
2026-10-05T00:58:07.887947Z,KXETH15M-26OCT042100-00,0.9680,7.37,no
2026-10-05T00:58:07.951982Z,KXETH15M-26OCT042100-00,0.9730,1.00,yes
2026-10-05T00:58:07.952422Z,KXETH15M-26OCT042100-00,0.9730,1.00,yes
2026-10-05T00:58:07.952626Z,KXETH15M-26OCT042100-00,0.9750,9.00,yes
2026-10-05T00:58:07.952626Z,KXETH15M-26OCT042100-00,0.9750,9.00,yes
2026-10-05T00:58:07.952626Z,KXETH15M-26OCT042100-00,0.9740,8.00,yes
2026-10-05T00:58:07.952626Z,KXETH15M-26OCT042100-00,0.9730,9.00,yes
2026-10-05T00:58:07.952626Z,KXETH15M-26OCT042100-00,0.9730,13.00,yes
2026-10-05T00:58:07.952626Z,KXETH15M-26OCT042100-00,0.9750,6.34,yes
2026-10-05T00:58:07.965075Z,KXETH15M-26OCT042100-00,0.9780,99.68,yes
2026-10-05T00:58:07.965075Z,KXETH15M-26OCT042100-00,0.9780,178.32,yes
2026-10-05T00:58:07.96648Z,KXETH15M-26OCT042100-00,0.9730,1.71,no
2026-10-05T00:58:07.994186Z,KXETH15M-26OCT042100-00,0.9780,3.01,yes
2026-10-05T00:58:08.088141Z,KXETH15M-26OCT042100-00,0.9770,20.00,no
2026-10-05T00:58:08.088141Z,KXETH15M-26OCT042100-00,0.9770,89.24,no
2026-10-05T00:58:08.151401Z,KXETH15M-26OCT042100-00,0.9770,34.56,no
2026-10-05T00:58:08.151401Z,KXETH15M-26OCT042100-00,0.9770,10.44,no
2026-10-05T00:58:08.406062Z,KXETH15M-26OCT042100-00,0.9770,20.00,yes
2026-10-05T00:58:08.406062Z,KXETH15M-26OCT042100-00,0.9770,9.00,yes
2026-10-05T00:58:08.406062Z,KXETH15M-26OCT042100-00,0.9770,9.00,yes
2026-10-05T00:58:08.406062Z,KXETH15M-26OCT042100-00,0.9780,2.00,yes
2026-10-05T00:58:08.532504Z,KXETH15M-26OCT042100-00,0.9760,4.00,no
2026-10-05T00:58:08.557504Z,KXETH15M-26OCT042100-00,0.9750,7.73,no
2026-10-05T00:58:08.571904Z,KXETH15M-26OCT042100-00,0.9770,4.77,yes
2026-10-05T00:58:08.571904Z,KXETH15M-26OCT042100-00,0.9770,9.00,yes
2026-10-05T00:58:08.571904Z,KXETH15M-26OCT042100-00,0.9770,20.00,yes
2026-10-05T00:58:08.571904Z,KXETH15M-26OCT042100-00,0.9770,3.00,yes
2026-10-05T00:58:08.776724Z,KXETH15M-26OCT042100-00,0.9770,2.29,yes
2026-10-05T00:58:08.776724Z,KXETH15M-26OCT042100-00,0.9760,4.00,yes
2026-10-05T00:58:08.776724Z,KXETH15M-26OCT042100-00,0.9770,10.23,yes
2026-10-05T00:58:08.776724Z,KXETH15M-26OCT042100-00,0.9770,9.00,yes
2026-10-05T00:58:08.818723Z,KXETH15M-26OCT042100-00,0.9750,12.27,no
2026-10-05T00:58:08.818723Z,KXETH15M-26OCT042100-00,0.9740,20.00,no
2026-10-05T00:58:08.818723Z,KXETH15M-26OCT042100-00,0.9730,12.00,no
2026-10-05T00:58:08.818723Z,KXETH15M-26OCT042100-00,0.9740,10.00,no
2026-10-05T00:58:08.818723Z,KXETH15M-26OCT042100-00,0.9720,40.42,no
2026-10-05T00:58:08.818723Z,KXETH15M-26OCT042100-00,0.9750,20.00,no
2026-10-05T00:58:08.818723Z,KXETH15M-26OCT042100-00,0.9750,21.00,no
2026-10-05T00:58:09.119327Z,KXETH15M-26OCT042100-00,0.9750,4.00,yes
2026-10-05T00:58:09.119327Z,KXETH15M-26OCT042100-00,0.9750,11.00,yes
2026-10-05T00:58:09.229797Z,KXETH15M-26OCT042100-00,0.9740,12.00,no
2026-10-05T00:58:09.467683Z,KXETH15M-26OCT042100-00,0.9740,4.00,yes
2026-10-05T00:58:09.467683Z,KXETH15M-26OCT042100-00,0.9740,23.00,yes
2026-10-05T00:58:09.667735Z,KXETH15M-26OCT042100-00,0.9750,2.04,yes
2026-10-05T00:58:09.916105Z,KXETH15M-26OCT042100-00,0.9740,3.00,no
2026-10-05T00:58:09.916105Z,KXETH15M-26OCT042100-00,0.9740,20.00,no
2026-10-05T00:58:09.916105Z,KXETH15M-26OCT042100-00,0.9730,20.00,no
2026-10-05T00:58:09.916105Z,KXETH15M-26OCT042100-00,0.9720,57.31,no
2026-10-05T00:58:09.916105Z,KXETH15M-26OCT042100-00,0.9730,12.00,no
2026-10-05T00:58:09.916105Z,KXETH15M-26OCT042100-00,0.9730,20.00,no
2026-10-05T00:58:09.972763Z,KXETH15M-26OCT042100-00,0.9730,20.00,no
2026-10-05T00:58:10.059594Z,KXETH15M-26OCT042100-00,0.9750,1.26,yes
2026-10-05T00:58:10.059594Z,KXETH15M-26OCT042100-00,0.9750,1.96,yes
2026-10-05T00:58:10.059594Z,KXETH15M-26OCT042100-00,0.9740,4.00,yes
2026-10-05T00:58:10.059594Z,KXETH15M-26OCT042100-00,0.9750,3.00,yes
2026-10-05T00:58:10.073178Z,KXETH15M-26OCT042100-00,0.9760,4.00,yes
2026-10-05T00:58:10.073178Z,KXETH15M-26OCT042100-00,0.9770,4.36,yes
2026-10-05T00:58:10.073178Z,KXETH15M-26OCT042100-00,0.9760,1.00,yes
2026-10-05T00:58:10.073178Z,KXETH15M-26OCT042100-00,0.9750,4.00,yes
2026-10-05T00:58:10.073178Z,KXETH15M-26OCT042100-00,0.9750,2.74,yes
2026-10-05T00:58:10.073178Z,KXETH15M-26OCT042100-00,0.9760,17.00,yes
2026-10-05T00:58:10.073178Z,KXETH15M-26OCT042100-00,0.9750,14.00,yes
2026-10-05T00:58:10.073178Z,KXETH15M-26OCT042100-00,0.9760,4.00,yes
2026-10-05T00:58:10.108613Z,KXETH15M-26OCT042100-00,0.9750,12.00,no
2026-10-05T00:58:10.460181Z,KXETH15M-26OCT042100-00,0.9770,4.64,yes
2026-10-05T00:58:10.460181Z,KXETH15M-26OCT042100-00,0.9770,4.00,yes
2026-10-05T00:58:10.460181Z,KXETH15M-26OCT042100-00,0.9760,4.00,yes
2026-10-05T00:58:10.460181Z,KXETH15M-26OCT042100-00,0.9770,0.74,yes
2026-10-05T00:58:10.582382Z,KXETH15M-26OCT042100-00,0.9760,3.28,no
2026-10-05T00:58:10.590386Z,KXETH15M-26OCT042100-00,0.9770,1.02,yes
2026-10-05T00:58:10.621058Z,KXETH15M-26OCT042100-00,0.9740,19.28,no
2026-10-05T00:58:10.621058Z,KXETH15M-26OCT042100-00,0.9750,6.00,no
2026-10-05T00:58:10.621058Z,KXETH15M-26OCT042100-00,0.9750,7.00,no
2026-10-05T00:58:10.621058Z,KXETH15M-26OCT042100-00,0.9760,9.72,no
2026-10-05T00:58:10.62936Z,KXETH15M-26OCT042100-00,0.9770,20.00,yes
2026-10-05T00:58:10.62936Z,KXETH15M-26OCT042100-00,0.9800,9.00,yes
2026-10-05T00:58:10.62936Z,KXETH15M-26OCT042100-00,0.9820,20.00,yes
2026-10-05T00:58:10.62936Z,KXETH15M-26OCT042100-00,0.9850,10.56,yes
2026-10-05T00:58:10.62936Z,KXETH15M-26OCT042100-00,0.9800,9.00,yes
2026-10-05T00:58:10.62936Z,KXETH15M-26OCT042100-00,0.9780,4.00,yes
2026-10-05T00:58:10.62936Z,KXETH15M-26OCT042100-00,0.9770,4.64,yes
2026-10-05T00:58:10.62936Z,KXETH15M-26OCT042100-00,0.9790,21.00,yes
2026-10-05T00:58:10.62936Z,KXETH15M-26OCT042100-00,0.9770,4.36,yes
2026-10-05T00:58:10.62936Z,KXETH15M-26OCT042100-00,0.9770,2.24,yes
2026-10-05T00:58:10.62936Z,KXETH15M-26OCT042100-00,0.9790,4.00,yes
2026-10-05T00:58:10.62936Z,KXETH15M-26OCT042100-00,0.9790,4.00,yes
2026-10-05T00:58:10.62936Z,KXETH15M-26OCT042100-00,0.9800,4.00,yes
2026-10-05T00:58:10.62936Z,KXETH15M-26OCT042100-00,0.9780,4.00,yes
2026-10-05T00:58:10.62936Z,KXETH15M-26OCT042100-00,0.9780,50.00,yes
2026-10-05T00:58:10.62936Z,KXETH15M-26OCT042100-00,0.9800,50.00,yes
2026-10-05T00:58:10.62936Z,KXETH15M-26OCT042100-00,0.9790,2.00,yes
2026-10-05T00:58:10.62936Z,KXETH15M-26OCT042100-00,0.9800,25.00,yes
2026-10-05T00:58:10.62936Z,KXETH15M-26OCT042100-00,0.9800,10.00,yes
2026-10-05T00:58:10.62936Z,KXETH15M-26OCT042100-00,0.9800,12.00,yes
2026-10-05T00:58:10.62936Z,KXETH15M-26OCT042100-00,0.9780,1.00,yes
2026-10-05T00:58:10.62936Z,KXETH15M-26OCT042100-00,0.9850,20.00,yes
2026-10-05T00:58:10.62936Z,KXETH15M-26OCT042100-00,0.9850,100.00,yes
2026-10-05T00:58:10.62936Z,KXETH15M-26OCT042100-00,0.9840,20.00,yes
2026-10-05T00:58:10.62936Z,KXETH15M-26OCT042100-00,0.9800,20.00,yes
2026-10-05T00:58:10.62936Z,KXETH15M-26OCT042100-00,0.9860,162.08,yes
2026-10-05T00:58:10.62936Z,KXETH15M-26OCT042100-00,0.9840,100.00,yes
2026-10-05T00:58:10.62936Z,KXETH15M-26OCT042100-00,0.9860,20.00,yes
2026-10-05T00:58:10.62936Z,KXETH15M-26OCT042100-00,0.9790,100.00,yes
2026-10-05T00:58:10.62936Z,KXETH15M-26OCT042100-00,0.9830,20.00,yes
2026-10-05T00:58:10.62936Z,KXETH15M-26OCT042100-00,0.9830,100.00,yes
2026-10-05T00:58:10.62936Z,KXETH15M-26OCT042100-00,0.9800,6.00,yes
2026-10-05T00:58:10.62936Z,KXETH15M-26OCT042100-00,0.9820,100.00,yes
2026-10-05T00:58:10.62936Z,KXETH15M-26OCT042100-00,0.9780,90.00,yes
2026-10-05T00:58:10.62936Z,KXETH15M-26OCT042100-00,0.9820,20.00,yes
2026-10-05T00:58:10.62936Z,KXETH15M-26OCT042100-00,0.9800,11.00,yes
2026-10-05T00:58:10.62936Z,KXETH15M-26OCT042100-00,0.9810,20.00,yes
2026-10-05T00:58:10.62936Z,KXETH15M-26OCT042100-00,0.9810,100.00,yes
2026-10-05T00:58:10.62936Z,KXETH15M-26OCT042100-00,0.9780,166.67,yes
2026-10-05T00:58:10.62936Z,KXETH15M-26OCT042100-00,0.9800,100.00,yes
2026-10-05T00:58:10.62936Z,KXETH15M-26OCT042100-00,0.9850,6.00,yes
2026-10-05T00:58:10.62936Z,KXETH15M-26OCT042100-00,0.9800,1.00,yes
2026-10-05T00:58:10.62936Z,KXETH15M-26OCT042100-00,0.9830,1.00,yes
2026-10-05T00:58:10.62936Z,KXETH15M-26OCT042100-00,0.9820,1.00,yes
2026-10-05T00:58:10.62936Z,KXETH15M-26OCT042100-00,0.9850,1.00,yes
2026-10-05T00:58:10.62936Z,KXETH15M-26OCT042100-00,0.9790,1.00,yes
2026-10-05T00:58:10.62936Z,KXETH15M-26OCT042100-00,0.9810,1.00,yes
2026-10-05T00:58:10.62936Z,KXETH15M-26OCT042100-00,0.9840,1.00,yes
2026-10-05T00:58:10.62936Z,KXETH15M-26OCT042100-00,0.9790,2.00,yes
2026-10-05T00:58:10.62936Z,KXETH15M-26OCT042100-00,0.9790,1.00,yes
2026-10-05T00:58:10.727629Z,KXETH15M-26OCT042100-00,0.9750,24.36,no
2026-10-05T00:58:10.733684Z,KXETH15M-26OCT042100-00,0.9780,22.00,yes
2026-10-05T00:58:10.765876Z,KXETH15M-26OCT042100-00,0.9790,4.00,yes
2026-10-05T00:58:10.765876Z,KXETH15M-26OCT042100-00,0.9790,41.00,yes
2026-10-05T00:58:10.765876Z,KXETH15M-26OCT042100-00,0.9800,4.00,yes
2026-10-05T00:58:10.765876Z,KXETH15M-26OCT042100-00,0.9800,41.00,yes
2026-10-05T00:58:10.846076Z,KXETH15M-26OCT042100-00,0.9770,63.21,no
2026-10-05T00:58:10.846076Z,KXETH15M-26OCT042100-00,0.9770,30.00,no
2026-10-05T00:58:10.892835Z,KXETH15M-26OCT042100-00,0.9820,4.00,yes
2026-10-05T00:58:10.892835Z,KXETH15M-26OCT042100-00,0.9800,41.00,yes
2026-10-05T00:58:10.892835Z,KXETH15M-26OCT042100-00,0.9810,4.00,yes
2026-10-05T00:58:10.892835Z,KXETH15M-26OCT042100-00,0.9850,9.00,yes
2026-10-05T00:58:10.892835Z,KXETH15M-26OCT042100-00,0.9810,41.00,yes
2026-10-05T00:58:10.892835Z,KXETH15M-26OCT042100-00,0.9830,4.00,yes
2026-10-05T00:58:10.892835Z,KXETH15M-26OCT042100-00,0.9820,4.00,yes
2026-10-05T00:58:10.892835Z,KXETH15M-26OCT042100-00,0.9850,11.00,yes
2026-10-05T00:58:10.892835Z,KXETH15M-26OCT042100-00,0.9850,1.01,yes
2026-10-05T00:58:10.892835Z,KXETH15M-26OCT042100-00,0.9810,4.00,yes
2026-10-05T00:58:10.892835Z,KXETH15M-26OCT042100-00,0.9850,9.00,yes
2026-10-05T00:58:10.892835Z,KXETH15M-26OCT042100-00,0.9830,4.00,yes
2026-10-05T00:58:10.892835Z,KXETH15M-26OCT042100-00,0.9800,22.00,yes
2026-10-05T00:58:10.892835Z,KXETH15M-26OCT042100-00,0.9850,20.00,yes
2026-10-05T00:58:10.892835Z,KXETH15M-26OCT042100-00,0.9860,44.00,yes
2026-10-05T00:58:10.892835Z,KXETH15M-26OCT042100-00,0.9870,25.00,yes
2026-10-05T00:58:10.892835Z,KXETH15M-26OCT042100-00,0.9860,8.00,yes
2026-10-05T00:58:10.892835Z,KXETH15M-26OCT042100-00,0.9880,20.00,yes
2026-10-05T00:58:10.892835Z,KXETH15M-26OCT042100-00,0.9880,293.56,yes
2026-10-05T00:58:10.892835Z,KXETH15M-26OCT042100-00,0.9870,100.00,yes
2026-10-05T00:58:10.892835Z,KXETH15M-26OCT042100-00,0.9870,20.00,yes
2026-10-05T00:58:10.892835Z,KXETH15M-26OCT042100-00,0.9860,100.00,yes
2026-10-05T00:58:10.892835Z,KXETH15M-26OCT042100-00,0.9860,187.92,yes
2026-10-05T00:58:10.892835Z,KXETH15M-26OCT042100-00,0.9860,1.00,yes
2026-10-05T00:58:10.892835Z,KXETH15M-26OCT042100-00,0.9870,1.00,yes
2026-10-05T00:58:10.934139Z,KXETH15M-26OCT042100-00,0.9790,100.00,no
2026-10-05T00:58:10.934139Z,KXETH15M-26OCT042100-00,0.9790,66.94,no
2026-10-05T00:58:10.94288Z,KXETH15M-26OCT042100-00,0.9800,8.87,yes
2026-10-05T00:58:10.953484Z,KXETH15M-26OCT042100-00,0.9800,32.13,yes
2026-10-05T00:58:10.953484Z,KXETH15M-26OCT042100-00,0.9810,41.00,yes
2026-10-05T00:58:11.06525Z,KXETH15M-26OCT042100-00,0.9800,42.04,no
2026-10-05T00:58:11.06525Z,KXETH15M-26OCT042100-00,0.9800,11.00,no
2026-10-05T00:58:11.06525Z,KXETH15M-26OCT042100-00,0.9800,20.00,no
2026-10-05T00:58:11.238729Z,KXETH15M-26OCT042100-00,0.9810,24.00,yes
2026-10-05T00:58:11.238729Z,KXETH15M-26OCT042100-00,0.9810,41.00,yes
2026-10-05T00:58:11.307097Z,KXETH15M-26OCT042100-00,0.9800,23.93,no
2026-10-05T00:58:11.497902Z,KXETH15M-26OCT042100-00,0.9810,41.00,yes
2026-10-05T00:58:11.558291Z,KXETH15M-26OCT042100-00,0.9810,38.48,yes
2026-10-05T00:58:11.578128Z,KXETH15M-26OCT042100-00,0.9800,11.69,no
2026-10-05T00:58:11.588328Z,KXETH15M-26OCT042100-00,0.9800,7.58,no
2026-10-05T00:58:11.674851Z,KXETH15M-26OCT042100-00,0.9810,3.03,yes
2026-10-05T00:58:11.674851Z,KXETH15M-26OCT042100-00,0.9810,2.52,yes
2026-10-05T00:58:11.688369Z,KXETH15M-26OCT042100-00,0.9800,11.24,no
2026-10-05T00:58:11.688369Z,KXETH15M-26OCT042100-00,0.9800,14.76,no
2026-10-05T00:58:11.695364Z,KXETH15M-26OCT042100-00,0.9800,46.79,no
2026-10-05T00:58:11.769629Z,KXETH15M-26OCT042100-00,0.9810,22.07,yes
2026-10-05T00:58:11.852028Z,KXETH15M-26OCT042100-00,0.9810,13.90,yes
2026-10-05T00:58:11.852028Z,KXETH15M-26OCT042100-00,0.9810,27.00,yes
2026-10-05T00:58:11.872793Z,KXETH15M-26OCT042100-00,0.9800,21.44,no
2026-10-05T00:58:11.887268Z,KXETH15M-26OCT042100-00,0.9800,26.26,no
2026-10-05T00:58:11.887268Z,KXETH15M-26OCT042100-00,0.9800,20.53,no
2026-10-05T00:58:12.035007Z,KXETH15M-26OCT042100-00,0.9820,21.00,yes
2026-10-05T00:58:12.035007Z,KXETH15M-26OCT042100-00,0.9820,41.00,yes
2026-10-05T00:58:12.173393Z,KXETH15M-26OCT042100-00,0.9840,41.00,yes
2026-10-05T00:58:12.173393Z,KXETH15M-26OCT042100-00,0.9870,12.00,yes
2026-10-05T00:58:12.173393Z,KXETH15M-26OCT042100-00,0.9830,41.00,yes
2026-10-05T00:58:12.173393Z,KXETH15M-26OCT042100-00,0.9860,11.00,yes
2026-10-05T00:58:12.173393Z,KXETH15M-26OCT042100-00,0.9870,4.00,yes
2026-10-05T00:58:12.173393Z,KXETH15M-26OCT042100-00,0.9870,20.00,yes
2026-10-05T00:58:12.173393Z,KXETH15M-26OCT042100-00,0.9880,62.93,yes
2026-10-05T00:58:12.173393Z,KXETH15M-26OCT042100-00,0.9880,56.44,yes
2026-10-05T00:58:12.297879Z,KXETH15M-26OCT042100-00,0.9820,5.00,no
2026-10-05T00:58:12.335542Z,KXETH15M-26OCT042100-00,0.9830,41.00,yes
2026-10-05T00:58:12.592484Z,KXETH15M-26OCT042100-00,0.9830,2.10,no
2026-10-05T00:58:12.638384Z,KXETH15M-26OCT042100-00,0.9830,34.13,no
2026-10-05T00:58:12.638384Z,KXETH15M-26OCT042100-00,0.9830,15.90,no
2026-10-05T00:58:12.638384Z,KXETH15M-26OCT042100-00,0.9830,13.00,no
2026-10-05T00:58:12.638384Z,KXETH15M-26OCT042100-00,0.9830,20.00,no
2026-10-05T00:58:12.730283Z,KXETH15M-26OCT042100-00,0.9830,65.87,no
2026-10-05T00:58:12.730283Z,KXETH15M-26OCT042100-00,0.9830,100.00,no
2026-10-05T00:58:12.730283Z,KXETH15M-26OCT042100-00,0.9830,9.13,no
2026-10-05T00:58:12.775859Z,KXETH15M-26OCT042100-00,0.9820,26.00,no
2026-10-05T00:58:12.775859Z,KXETH15M-26OCT042100-00,0.9810,58.91,no
2026-10-05T00:58:12.775859Z,KXETH15M-26OCT042100-00,0.9820,95.00,no
2026-10-05T00:58:12.775859Z,KXETH15M-26OCT042100-00,0.9830,13.00,no
2026-10-05T00:58:12.775859Z,KXETH15M-26OCT042100-00,0.9830,53.80,no
2026-10-05T00:58:12.775859Z,KXETH15M-26OCT042100-00,0.9820,16.18,no
2026-10-05T00:58:12.944237Z,KXETH15M-26OCT042100-00,0.9830,10.66,yes
2026-10-05T00:58:12.944678Z,KXETH15M-26OCT042100-00,0.9830,28.00,yes
2026-10-05T00:58:12.944678Z,KXETH15M-26OCT042100-00,0.9830,30.34,yes
2026-10-05T00:58:12.990034Z,KXETH15M-26OCT042100-00,0.9840,20.30,yes
2026-10-05T00:58:13.122506Z,KXETH15M-26OCT042100-00,0.9840,5.01,yes
2026-10-05T00:58:13.391102Z,KXETH15M-26OCT042100-00,0.9840,5.07,yes
2026-10-05T00:58:13.999495Z,KXETH15M-26OCT042100-00,0.9840,1.38,yes
2026-10-05T00:58:13.999495Z,KXETH15M-26OCT042100-00,0.9840,10.62,yes
2026-10-05T00:58:14.001748Z,KXETH15M-26OCT042100-00,0.9840,23.62,yes
2026-10-05T00:58:14.001748Z,KXETH15M-26OCT042100-00,0.9850,12.38,yes
2026-10-05T00:58:14.062039Z,KXETH15M-26OCT042100-00,0.9840,28.77,no
2026-10-05T00:58:14.062039Z,KXETH15M-26OCT042100-00,0.9840,4.00,no
2026-10-05T00:58:14.062039Z,KXETH15M-26OCT042100-00,0.9840,4.00,no
2026-10-05T00:58:14.841836Z,KXETH15M-26OCT042100-00,0.9870,41.00,yes
2026-10-05T00:58:14.841836Z,KXETH15M-26OCT042100-00,0.9860,41.00,yes
2026-10-05T00:58:14.841836Z,KXETH15M-26OCT042100-00,0.9880,18.00,yes
2026-10-05T00:58:15.061374Z,KXETH15M-26OCT042100-00,0.9870,10.00,yes
2026-10-05T00:58:15.065992Z,KXETH15M-26OCT042100-00,0.9870,10.00,yes
2026-10-05T00:58:15.123583Z,KXETH15M-26OCT042100-00,0.9860,4.00,no
2026-10-05T00:58:15.123583Z,KXETH15M-26OCT042100-00,0.9860,3.00,no
2026-10-05T00:58:15.688611Z,KXETH15M-26OCT042100-00,0.9810,12.00,no
2026-10-05T00:58:15.688611Z,KXETH15M-26OCT042100-00,0.9860,18.00,no
2026-10-05T00:58:15.688611Z,KXETH15M-26OCT042100-00,0.9840,16.00,no
2026-10-05T00:58:15.688611Z,KXETH15M-26OCT042100-00,0.9850,200.00,no
2026-10-05T00:58:15.688611Z,KXETH15M-26OCT042100-00,0.9790,36.29,no
2026-10-05T00:58:15.688611Z,KXETH15M-26OCT042100-00,0.9840,4.00,no
2026-10-05T00:58:15.688611Z,KXETH15M-26OCT042100-00,0.9840,4.00,no
2026-10-05T00:58:15.688611Z,KXETH15M-26OCT042100-00,0.9860,4.00,no
2026-10-05T00:58:15.688611Z,KXETH15M-26OCT042100-00,0.9850,4.00,no
2026-10-05T00:58:15.688611Z,KXETH15M-26OCT042100-00,0.9850,4.00,no
2026-10-05T00:58:15.688611Z,KXETH15M-26OCT042100-00,0.9800,9.00,no
2026-10-05T00:58:15.688611Z,KXETH15M-26OCT042100-00,0.9800,9.00,no
2026-10-05T00:58:15.688611Z,KXETH15M-26OCT042100-00,0.9860,17.00,no
2026-10-05T00:58:15.688611Z,KXETH15M-26OCT042100-00,0.9810,41.09,no
2026-10-05T00:58:15.688611Z,KXETH15M-26OCT042100-00,0.9800,6.80,no
2026-10-05T00:58:15.688611Z,KXETH15M-26OCT042100-00,0.9800,30.33,no
2026-10-05T00:58:15.748425Z,KXETH15M-26OCT042100-00,0.9880,7.00,yes
2026-10-05T00:58:15.748425Z,KXETH15M-26OCT042100-00,0.9870,53.00,yes
2026-10-05T00:58:15.748425Z,KXETH15M-26OCT042100-00,0.9870,26.00,yes
2026-10-05T00:58:15.748425Z,KXETH15M-26OCT042100-00,0.9880,11.00,yes
2026-10-05T00:58:15.748425Z,KXETH15M-26OCT042100-00,0.9890,1.00,yes
2026-10-05T00:58:15.748425Z,KXETH15M-26OCT042100-00,0.9890,2.00,yes
2026-10-05T00:58:15.748425Z,KXETH15M-26OCT042100-00,0.9890,2.00,yes
2026-10-05T00:58:15.748425Z,KXETH15M-26OCT042100-00,0.9890,10.00,yes
2026-10-05T00:58:15.748425Z,KXETH15M-26OCT042100-00,0.9890,100.00,yes
2026-10-05T00:58:15.748425Z,KXETH15M-26OCT042100-00,0.9890,20.00,yes
2026-10-05T00:58:15.748425Z,KXETH15M-26OCT042100-00,0.9890,1.00,yes
2026-10-05T00:58:15.748425Z,KXETH15M-26OCT042100-00,0.9880,1.00,yes
2026-10-05T00:58:15.748425Z,KXETH15M-26OCT042100-00,0.9890,1.00,yes
2026-10-05T00:58:15.748425Z,KXETH15M-26OCT042100-00,0.9880,19.07,yes
2026-10-05T00:58:15.748425Z,KXETH15M-26OCT042100-00,0.9890,75.00,yes
2026-10-05T00:58:15.748425Z,KXETH15M-26OCT042100-00,0.9890,12.12,yes
2026-10-05T00:58:15.748425Z,KXETH15M-26OCT042100-00,0.9890,100.00,yes
2026-10-05T00:58:15.770547Z,KXETH15M-26OCT042100-00,0.9900,8.00,yes
2026-10-05T00:58:15.770547Z,KXETH15M-26OCT042100-00,0.9900,1.00,yes
2026-10-05T00:58:15.770547Z,KXETH15M-26OCT042100-00,0.9900,1.00,yes
2026-10-05T00:58:15.770547Z,KXETH15M-26OCT042100-00,0.9900,100.00,yes
2026-10-05T00:58:15.770547Z,KXETH15M-26OCT042100-00,0.9900,6.00,yes
2026-10-05T00:58:16.003485Z,KXETH15M-26OCT042100-00,0.9900,1.97,yes
2026-10-05T00:58:16.115406Z,KXETH15M-26OCT042100-00,0.9900,6.00,yes
2026-10-05T00:58:16.246479Z,KXETH15M-26OCT042100-00,0.9900,9.03,yes
2026-10-05T00:58:16.246479Z,KXETH15M-26OCT042100-00,0.9900,2.07,yes
2026-10-05T00:58:16.504012Z,KXETH15M-26OCT042100-00,0.9900,0.25,yes
2026-10-05T00:58:16.504012Z,KXETH15M-26OCT042100-00,0.9900,8.34,yes
2026-10-05T00:58:16.504012Z,KXETH15M-26OCT042100-00,0.9900,9.66,yes
2026-10-05T00:58:16.504012Z,KXETH15M-26OCT042100-00,0.9900,2.00,yes
2026-10-05T00:58:16.504012Z,KXETH15M-26OCT042100-00,0.9900,13.29,yes
2026-10-05T00:58:16.504012Z,KXETH15M-26OCT042100-00,0.9900,17.93,yes
2026-10-05T00:58:16.716076Z,KXETH15M-26OCT042100-00,0.9900,19.00,yes
2026-10-05T00:58:16.716076Z,KXETH15M-26OCT042100-00,0.9900,25.00,yes
2026-10-05T00:58:16.716076Z,KXETH15M-26OCT042100-00,0.9900,15.84,yes
2026-10-05T00:58:16.716076Z,KXETH15M-26OCT042100-00,0.9900,2.55,yes
2026-10-05T00:58:16.716076Z,KXETH15M-26OCT042100-00,0.9900,1.20,yes
2026-10-05T00:58:16.716076Z,KXETH15M-26OCT042100-00,0.9900,5.11,yes
2026-10-05T00:58:16.716076Z,KXETH15M-26OCT042100-00,0.9900,15.92,yes
2026-10-05T00:58:16.716076Z,KXETH15M-26OCT042100-00,0.9900,2.52,yes
2026-10-05T00:58:16.716076Z,KXETH15M-26OCT042100-00,0.9900,14.38,yes
2026-10-05T00:58:16.716076Z,KXETH15M-26OCT042100-00,0.9900,4.31,yes
2026-10-05T00:58:16.716076Z,KXETH15M-26OCT042100-00,0.9900,26.29,yes
2026-10-05T00:58:16.716076Z,KXETH15M-26OCT042100-00,0.9900,0.04,yes
2026-10-05T00:58:16.716076Z,KXETH15M-26OCT042100-00,0.9900,3.98,yes
2026-10-05T00:58:16.716076Z,KXETH15M-26OCT042100-00,0.9900,76.78,yes
2026-10-05T00:58:16.716076Z,KXETH15M-26OCT042100-00,0.9900,0.49,yes
2026-10-05T00:58:16.716076Z,KXETH15M-26OCT042100-00,0.9900,8.51,yes
2026-10-05T00:58:16.716076Z,KXETH15M-26OCT042100-00,0.9920,8.05,yes
2026-10-05T00:58:16.716076Z,KXETH15M-26OCT042100-00,0.9910,100.00,yes
2026-10-05T00:58:16.716076Z,KXETH15M-26OCT042100-00,0.9910,1.00,yes
2026-10-05T00:58:16.807178Z,KXETH15M-26OCT042100-00,0.9910,11.00,no
2026-10-05T00:58:16.871573Z,KXETH15M-26OCT042100-00,0.9910,3.00,no
2026-10-05T00:58:16.947039Z,KXETH15M-26OCT042100-00,0.9910,4.00,no
2026-10-05T00:58:16.997479Z,KXETH15M-26OCT042100-00,0.9910,4.00,no
2026-10-05T00:58:16.997479Z,KXETH15M-26OCT042100-00,0.9910,4.00,no
2026-10-05T00:58:16.997479Z,KXETH15M-26OCT042100-00,0.9910,2.00,no
2026-10-05T00:58:16.997479Z,KXETH15M-26OCT042100-00,0.9910,5.94,no
2026-10-05T00:58:17.00695Z,KXETH15M-26OCT042100-00,0.9910,2.11,no
2026-10-05T00:58:17.00695Z,KXETH15M-26OCT042100-00,0.9900,20.00,no
2026-10-05T00:58:17.00695Z,KXETH15M-26OCT042100-00,0.9910,25.00,no
2026-10-05T00:58:17.00695Z,KXETH15M-26OCT042100-00,0.9900,4.00,no
2026-10-05T00:58:17.00695Z,KXETH15M-26OCT042100-00,0.9910,14.00,no
2026-10-05T00:58:17.00695Z,KXETH15M-26OCT042100-00,0.9900,4.00,no
2026-10-05T00:58:17.00695Z,KXETH15M-26OCT042100-00,0.9910,10.00,no
2026-10-05T00:58:17.00695Z,KXETH15M-26OCT042100-00,0.9900,4.71,no
2026-10-05T00:58:17.011525Z,KXETH15M-26OCT042100-00,0.9900,4.05,no
2026-10-05T00:58:17.030012Z,KXETH15M-26OCT042100-00,0.9910,4.11,no
2026-10-05T00:58:17.03396Z,KXETH15M-26OCT042100-00,0.9910,13.04,no
2026-10-05T00:58:17.170032Z,KXETH15M-26OCT042100-00,0.9910,17.00,no
2026-10-05T00:58:17.170032Z,KXETH15M-26OCT042100-00,0.9910,2.85,no
2026-10-05T00:58:17.170032Z,KXETH15M-26OCT042100-00,0.9900,65.17,no
2026-10-05T00:58:17.534318Z,KXETH15M-26OCT042100-00,0.9900,1.04,no
2026-10-05T00:58:17.631327Z,KXETH15M-26OCT042100-00,0.9910,5.00,yes
2026-10-05T00:58:17.631327Z,KXETH15M-26OCT042100-00,0.9910,0.04,yes
2026-10-05T00:58:17.670611Z,KXETH15M-26OCT042100-00,0.9900,10.00,no
2026-10-05T00:58:17.670611Z,KXETH15M-26OCT042100-00,0.9890,20.00,no
2026-10-05T00:58:17.670611Z,KXETH15M-26OCT042100-00,0.9900,4.00,no
2026-10-05T00:58:17.670611Z,KXETH15M-26OCT042100-00,0.9900,20.00,no
2026-10-05T00:58:17.670611Z,KXETH15M-26OCT042100-00,0.9900,20.00,no
2026-10-05T00:58:17.670611Z,KXETH15M-26OCT042100-00,0.9900,4.00,no
2026-10-05T00:58:17.670611Z,KXETH15M-26OCT042100-00,0.9890,1.00,no
2026-10-05T00:58:17.670611Z,KXETH15M-26OCT042100-00,0.9890,3.00,no
2026-10-05T00:58:17.670611Z,KXETH15M-26OCT042100-00,0.9890,1.97,no
2026-10-05T00:58:17.670611Z,KXETH15M-26OCT042100-00,0.9890,9.03,no
2026-10-05T00:58:17.670611Z,KXETH15M-26OCT042100-00,0.9900,33.79,no
2026-10-05T00:58:17.670611Z,KXETH15M-26OCT042100-00,0.9900,17.00,no
2026-10-05T00:58:17.670611Z,KXETH15M-26OCT042100-00,0.9890,6.00,no
2026-10-05T00:58:17.670611Z,KXETH15M-26OCT042100-00,0.9890,100.00,no
2026-10-05T00:58:17.670611Z,KXETH15M-26OCT042100-00,0.9890,4.00,no
2026-10-05T00:58:17.670611Z,KXETH15M-26OCT042100-00,0.9890,4.00,no
2026-10-05T00:58:17.670611Z,KXETH15M-26OCT042100-00,0.9880,55.67,no
2026-10-05T00:58:17.670611Z,KXETH15M-26OCT042100-00,0.9890,8.00,no
2026-10-05T00:58:17.670611Z,KXETH15M-26OCT042100-00,0.9890,109.00,no
2026-10-05T00:58:17.974966Z,KXETH15M-26OCT042100-00,0.9910,8.00,yes
2026-10-05T00:58:17.974966Z,KXETH15M-26OCT042100-00,0.9910,33.96,yes
2026-10-05T00:58:17.974966Z,KXETH15M-26OCT042100-00,0.9910,10.00,yes
2026-10-05T00:58:17.991995Z,KXETH15M-26OCT042100-00,0.9920,13.00,yes
2026-10-05T00:58:17.993949Z,KXETH15M-26OCT042100-00,0.9910,8.33,no
2026-10-05T00:58:18.011924Z,KXETH15M-26OCT042100-00,0.9910,13.00,no
2026-10-05T00:58:18.011924Z,KXETH15M-26OCT042100-00,0.9910,11.67,no
2026-10-05T00:58:18.011924Z,KXETH15M-26OCT042100-00,0.9910,4.00,no
2026-10-05T00:58:18.011924Z,KXETH15M-26OCT042100-00,0.9910,35.00,no
2026-10-05T00:58:18.011924Z,KXETH15M-26OCT042100-00,0.9910,4.00,no
2026-10-05T00:58:18.011924Z,KXETH15M-26OCT042100-00,0.9900,16.86,no
2026-10-05T00:58:18.203403Z,KXETH15M-26OCT042100-00,0.9910,0.81,no
2026-10-05T00:58:18.203403Z,KXETH15M-26OCT042100-00,0.9910,4.00,no
2026-10-05T00:58:18.631277Z,KXETH15M-26OCT042100-00,0.9910,3.19,no
2026-10-05T00:58:18.631277Z,KXETH15M-26OCT042100-00,0.9910,14.02,no
2026-10-05T00:58:18.87962Z,KXETH15M-26OCT042100-00,0.9920,46.05,yes
2026-10-05T00:58:18.87962Z,KXETH15M-26OCT042100-00,0.9920,4.00,yes
2026-10-05T00:58:18.87962Z,KXETH15M-26OCT042100-00,0.9920,10.00,yes
2026-10-05T00:58:18.87962Z,KXETH15M-26OCT042100-00,0.9920,78.95,yes
2026-10-05T00:58:18.87962Z,KXETH15M-26OCT042100-00,0.9920,1.00,yes
2026-10-05T00:58:18.938895Z,KXETH15M-26OCT042100-00,0.9920,10.00,yes
2026-10-05T00:58:18.938895Z,KXETH15M-26OCT042100-00,0.9920,10.00,yes
2026-10-05T00:58:18.938895Z,KXETH15M-26OCT042100-00,0.9920,7.95,yes
2026-10-05T00:58:18.938895Z,KXETH15M-26OCT042100-00,0.9930,21.41,yes
2026-10-05T00:58:18.9677Z,KXETH15M-26OCT042100-00,0.9930,2.95,yes
2026-10-05T00:58:19.230688Z,KXETH15M-26OCT042100-00,0.9920,6.00,no
2026-10-05T00:58:19.584811Z,KXETH15M-26OCT042100-00,0.9930,2.01,yes
2026-10-05T00:58:19.726993Z,KXETH15M-26OCT042100-00,0.9920,21.41,no
2026-10-05T00:58:19.726993Z,KXETH15M-26OCT042100-00,0.9920,4.00,no
2026-10-05T00:58:19.726993Z,KXETH15M-26OCT042100-00,0.9910,54.30,no
2026-10-05T00:58:19.726993Z,KXETH15M-26OCT042100-00,0.9920,2.95,no
2026-10-05T00:58:19.726993Z,KXETH15M-26OCT042100-00,0.9920,4.00,no
2026-10-05T00:58:19.726993Z,KXETH15M-26OCT042100-00,0.9920,14.00,no
2026-10-05T00:58:19.726993Z,KXETH15M-26OCT042100-00,0.9920,2.01,no
2026-10-05T00:58:19.887146Z,KXETH15M-26OCT042100-00,0.9940,20.00,yes
2026-10-05T00:58:19.887146Z,KXETH15M-26OCT042100-00,0.9940,13.00,yes
2026-10-05T00:58:19.887146Z,KXETH15M-26OCT042100-00,0.9930,10.00,yes
2026-10-05T00:58:19.887146Z,KXETH15M-26OCT042100-00,0.9930,11.00,yes
2026-10-05T00:58:19.887146Z,KXETH15M-26OCT042100-00,0.9930,55.00,yes
2026-10-05T00:58:19.887146Z,KXETH15M-26OCT042100-00,0.9930,73.63,yes
2026-10-05T00:58:19.887146Z,KXETH15M-26OCT042100-00,0.9940,100.00,yes
2026-10-05T00:58:19.887146Z,KXETH15M-26OCT042100-00,0.9950,14.55,yes
2026-10-05T00:58:19.887146Z,KXETH15M-26OCT042100-00,0.9950,100.00,yes
2026-10-05T00:58:19.887146Z,KXETH15M-26OCT042100-00,0.9940,1.00,yes
2026-10-05T00:58:19.887146Z,KXETH15M-26OCT042100-00,0.9930,1.00,yes
2026-10-05T00:58:19.942296Z,KXETH15M-26OCT042100-00,0.9930,31.00,no
2026-10-05T00:58:19.942296Z,KXETH15M-26OCT042100-00,0.9930,52.20,no
2026-10-05T00:58:19.942296Z,KXETH15M-26OCT042100-00,0.9930,4.00,no
2026-10-05T00:58:19.942296Z,KXETH15M-26OCT042100-00,0.9930,20.00,no
2026-10-05T00:58:19.942296Z,KXETH15M-26OCT042100-00,0.9930,4.00,no
2026-10-05T00:58:19.99546Z,KXETH15M-26OCT042100-00,0.9930,14.55,no
2026-10-05T00:58:19.99546Z,KXETH15M-26OCT042100-00,0.9920,20.00,no
2026-10-05T00:58:19.99546Z,KXETH15M-26OCT042100-00,0.9920,4.00,no
2026-10-05T00:58:19.99546Z,KXETH15M-26OCT042100-00,0.9920,18.35,no
2026-10-05T00:58:19.99546Z,KXETH15M-26OCT042100-00,0.9930,47.80,no
2026-10-05T00:58:19.99546Z,KXETH15M-26OCT042100-00,0.9920,4.00,no
2026-10-05T00:58:20.62941Z,KXETH15M-26OCT042100-00,0.9930,20.00,no
2026-10-05T00:58:20.62941Z,KXETH15M-26OCT042100-00,0.9920,55.28,no
2026-10-05T00:58:20.62941Z,KXETH15M-26OCT042100-00,0.9930,5.00,no
2026-10-05T00:58:20.62941Z,KXETH15M-26OCT042100-00,0.9920,19.75,no
2026-10-05T00:58:20.62941Z,KXETH15M-26OCT042100-00,0.9920,20.00,no
2026-10-05T00:58:20.684614Z,KXETH15M-26OCT042100-00,0.9940,2.68,yes
2026-10-05T00:58:20.684614Z,KXETH15M-26OCT042100-00,0.9930,25.00,yes
2026-10-05T00:58:20.684614Z,KXETH15M-26OCT042100-00,0.9930,78.00,yes
2026-10-05T00:58:20.773448Z,KXETH15M-26OCT042100-00,0.9910,9.52,no
2026-10-05T00:58:20.773448Z,KXETH15M-26OCT042100-00,0.9930,20.00,no
2026-10-05T00:58:20.773448Z,KXETH15M-26OCT042100-00,0.9920,20.00,no
2026-10-05T00:58:20.773448Z,KXETH15M-26OCT042100-00,0.9930,4.00,no
2026-10-05T00:58:20.773448Z,KXETH15M-26OCT042100-00,0.9930,4.00,no
2026-10-05T00:58:20.773448Z,KXETH15M-26OCT042100-00,0.9920,4.00,no
2026-10-05T00:58:20.773448Z,KXETH15M-26OCT042100-00,0.9920,4.00,no
2026-10-05T00:58:20.991794Z,KXETH15M-26OCT042100-00,0.9910,15.13,no
2026-10-05T00:58:20.991794Z,KXETH15M-26OCT042100-00,0.9910,11.00,no
2026-10-05T00:58:20.991794Z,KXETH15M-26OCT042100-00,0.9930,4.00,no
2026-10-05T00:58:20.991794Z,KXETH15M-26OCT042100-00,0.9930,4.00,no
2026-10-05T00:58:20.991794Z,KXETH15M-26OCT042100-00,0.9940,17.00,no
2026-10-05T00:58:20.991794Z,KXETH15M-26OCT042100-00,0.9930,14.00,no
2026-10-05T00:58:20.991794Z,KXETH15M-26OCT042100-00,0.9920,21.00,no
2026-10-05T00:58:20.991794Z,KXETH15M-26OCT042100-00,0.9920,4.00,no
2026-10-05T00:58:20.991794Z,KXETH15M-26OCT042100-00,0.9930,20.00,no
2026-10-05T00:58:20.991794Z,KXETH15M-26OCT042100-00,0.9910,60.45,no
2026-10-05T00:58:20.991794Z,KXETH15M-26OCT042100-00,0.9940,4.00,no
2026-10-05T00:58:20.991794Z,KXETH15M-26OCT042100-00,0.9920,4.00,no
2026-10-05T00:58:20.991794Z,KXETH15M-26OCT042100-00,0.9940,4.00,no
2026-10-05T00:58:20.991794Z,KXETH15M-26OCT042100-00,0.9940,38.00,no
2026-10-05T00:58:21.944242Z,KXETH15M-26OCT042100-00,0.9920,20.00,no
2026-10-05T00:58:21.944242Z,KXETH15M-26OCT042100-00,0.9920,4.00,no
2026-10-05T00:58:21.944242Z,KXETH15M-26OCT042100-00,0.9930,4.00,no
2026-10-05T00:58:21.944242Z,KXETH15M-26OCT042100-00,0.9930,7.00,no
2026-10-05T00:58:21.944242Z,KXETH15M-26OCT042100-00,0.9920,4.00,no
2026-10-05T00:58:21.944242Z,KXETH15M-26OCT042100-00,0.9930,4.00,no
2026-10-05T00:58:21.944242Z,KXETH15M-26OCT042100-00,0.9930,14.00,no
2026-10-05T00:58:21.995571Z,KXETH15M-26OCT042100-00,0.9920,7.00,yes
2026-10-05T00:58:22.087757Z,KXETH15M-26OCT042100-00,0.9920,3.00,yes
2026-10-05T00:58:22.342626Z,KXETH15M-26OCT042100-00,0.9910,39.55,no
2026-10-05T00:58:22.342626Z,KXETH15M-26OCT042100-00,0.9910,8.00,no
2026-10-05T00:58:22.342626Z,KXETH15M-26OCT042100-00,0.9910,4.00,no
2026-10-05T00:58:22.342626Z,KXETH15M-26OCT042100-00,0.9910,4.00,no
2026-10-05T00:58:22.342626Z,KXETH15M-26OCT042100-00,0.9910,48.93,no
2026-10-05T00:58:23.287391Z,KXETH15M-26OCT042100-00,0.9910,4.00,no
2026-10-05T00:58:23.287391Z,KXETH15M-26OCT042100-00,0.9910,4.00,no
2026-10-05T00:58:23.287391Z,KXETH15M-26OCT042100-00,0.9890,2.32,no
2026-10-05T00:58:23.287391Z,KXETH15M-26OCT042100-00,0.9890,4.00,no
2026-10-05T00:58:23.287391Z,KXETH15M-26OCT042100-00,0.9890,4.00,no
2026-10-05T00:58:23.287391Z,KXETH15M-26OCT042100-00,0.9900,4.00,no
2026-10-05T00:58:23.287391Z,KXETH15M-26OCT042100-00,0.9900,4.00,no
2026-10-05T00:58:23.287391Z,KXETH15M-26OCT042100-00,0.9900,20.00,no
2026-10-05T00:58:23.84314Z,KXETH15M-26OCT042100-00,0.9890,4.00,no
2026-10-05T00:58:23.84314Z,KXETH15M-26OCT042100-00,0.9900,4.00,no
2026-10-05T00:58:23.84314Z,KXETH15M-26OCT042100-00,0.9900,4.00,no
2026-10-05T00:58:23.84314Z,KXETH15M-26OCT042100-00,0.9890,4.00,no
2026-10-05T00:58:23.84314Z,KXETH15M-26OCT042100-00,0.9880,21.51,no
2026-10-05T00:58:23.84314Z,KXETH15M-26OCT042100-00,0.9890,128.68,no
2026-10-05T00:58:24.497916Z,KXETH15M-26OCT042100-00,0.9910,8.00,no
2026-10-05T00:58:25.379754Z,KXETH15M-26OCT042100-00,0.9880,17.00,no
2026-10-05T00:58:25.379754Z,KXETH15M-26OCT042100-00,0.9890,4.00,no
2026-10-05T00:58:25.379754Z,KXETH15M-26OCT042100-00,0.9890,20.00,no
2026-10-05T00:58:25.379754Z,KXETH15M-26OCT042100-00,0.9900,14.00,no
2026-10-05T00:58:25.395606Z,KXETH15M-26OCT042100-00,0.9880,5.82,no
2026-10-05T00:58:25.395606Z,KXETH15M-26OCT042100-00,0.9880,4.00,no
2026-10-05T00:58:25.395606Z,KXETH15M-26OCT042100-00,0.9880,6.52,no
2026-10-05T00:58:25.395606Z,KXETH15M-26OCT042100-00,0.9880,4.00,no
2026-10-05T00:58:25.395606Z,KXETH15M-26OCT042100-00,0.9890,59.00,no
2026-10-05T00:58:25.646804Z,KXETH15M-26OCT042100-00,0.9890,3.36,yes
2026-10-05T00:58:25.713226Z,KXETH15M-26OCT042100-00,0.9920,33.00,yes
2026-10-05T00:58:25.713226Z,KXETH15M-26OCT042100-00,0.9890,9.00,yes
2026-10-05T00:58:25.713226Z,KXETH15M-26OCT042100-00,0.9890,1.64,yes
2026-10-05T00:58:25.713226Z,KXETH15M-26OCT042100-00,0.9910,15.62,yes
2026-10-05T00:58:26.16067Z,KXETH15M-26OCT042100-00,0.9900,19.00,no
2026-10-05T00:58:26.16067Z,KXETH15M-26OCT042100-00,0.9890,80.76,no
2026-10-05T00:58:26.16067Z,KXETH15M-26OCT042100-00,0.9890,4.00,no
2026-10-05T00:58:26.16067Z,KXETH15M-26OCT042100-00,0.9890,20.00,no
2026-10-05T00:58:27.070594Z,KXETH15M-26OCT042100-00,0.9820,50.00,no
2026-10-05T00:58:27.070594Z,KXETH15M-26OCT042100-00,0.9890,88.00,no
2026-10-05T00:58:27.070594Z,KXETH15M-26OCT042100-00,0.9870,4.00,no
2026-10-05T00:58:27.070594Z,KXETH15M-26OCT042100-00,0.9870,4.00,no
2026-10-05T00:58:27.070594Z,KXETH15M-26OCT042100-00,0.9860,4.00,no
2026-10-05T00:58:27.070594Z,KXETH15M-26OCT042100-00,0.9880,4.00,no
2026-10-05T00:58:27.070594Z,KXETH15M-26OCT042100-00,0.9830,13.00,no
2026-10-05T00:58:27.070594Z,KXETH15M-26OCT042100-00,0.9900,26.00,no
2026-10-05T00:58:27.070594Z,KXETH15M-26OCT042100-00,0.9840,20.00,no
2026-10-05T00:58:27.070594Z,KXETH15M-26OCT042100-00,0.9800,29.25,no
2026-10-05T00:58:27.070594Z,KXETH15M-26OCT042100-00,0.9870,19.07,no
2026-10-05T00:58:27.070594Z,KXETH15M-26OCT042100-00,0.9850,9.00,no
2026-10-05T00:58:27.070594Z,KXETH15M-26OCT042100-00,0.9810,75.00,no
2026-10-05T00:58:27.070594Z,KXETH15M-26OCT042100-00,0.9850,9.00,no
2026-10-05T00:58:27.070594Z,KXETH15M-26OCT042100-00,0.9800,9.00,no
2026-10-05T00:58:27.070594Z,KXETH15M-26OCT042100-00,0.9800,30.00,no
2026-10-05T00:58:27.070594Z,KXETH15M-26OCT042100-00,0.9800,500.00,no
2026-10-05T00:58:27.070594Z,KXETH15M-26OCT042100-00,0.9800,7.10,no
2026-10-05T00:58:27.070594Z,KXETH15M-26OCT042100-00,0.9830,1.01,no
2026-10-05T00:58:27.070594Z,KXETH15M-26OCT042100-00,0.9810,4.04,no
2026-10-05T00:58:27.070594Z,KXETH15M-26OCT042100-00,0.9840,1.00,no
2026-10-05T00:58:27.172158Z,KXETH15M-26OCT042100-00,0.9820,2.96,no
2026-10-05T00:58:27.172158Z,KXETH15M-26OCT042100-00,0.9840,4.00,no
2026-10-05T00:58:27.172158Z,KXETH15M-26OCT042100-00,0.9860,4.00,no
2026-10-05T00:58:27.172158Z,KXETH15M-26OCT042100-00,0.9850,4.00,no
2026-10-05T00:58:27.172158Z,KXETH15M-26OCT042100-00,0.9860,4.00,no
2026-10-05T00:58:27.172158Z,KXETH15M-26OCT042100-00,0.9850,4.00,no
2026-10-05T00:58:27.172158Z,KXETH15M-26OCT042100-00,0.9840,4.00,no
2026-10-05T00:58:27.203216Z,KXETH15M-26OCT042100-00,0.9910,1.12,yes
2026-10-05T00:58:27.655593Z,KXETH15M-26OCT042100-00,0.9920,2.55,yes
2026-10-05T00:58:27.655593Z,KXETH15M-26OCT042100-00,0.9920,4.00,yes
2026-10-05T00:58:27.655593Z,KXETH15M-26OCT042100-00,0.9910,35.00,yes
2026-10-05T00:58:27.862872Z,KXETH15M-26OCT042100-00,0.9900,1.33,no
2026-10-05T00:58:28.258706Z,KXETH15M-26OCT042100-00,0.9920,27.00,yes
2026-10-05T00:58:28.292262Z,KXETH15M-26OCT042100-00,0.9950,10.00,yes
2026-10-05T00:58:28.692608Z,KXETH15M-26OCT042100-00,0.9940,10.22,no
2026-10-05T00:58:28.96257Z,KXETH15M-26OCT042100-00,0.9940,5.01,no
2026-10-05T00:58:29.104823Z,KXETH15M-26OCT042100-00,0.9940,8.16,no
2026-10-05T00:58:29.389369Z,KXETH15M-26OCT042100-00,0.9920,20.00,no
2026-10-05T00:58:29.389369Z,KXETH15M-26OCT042100-00,0.9940,10.00,no
2026-10-05T00:58:29.389369Z,KXETH15M-26OCT042100-00,0.9910,1.39,no
2026-10-05T00:58:29.389369Z,KXETH15M-26OCT042100-00,0.9940,4.61,no
2026-10-05T00:58:29.389369Z,KXETH15M-26OCT042100-00,0.9940,11.00,no
2026-10-05T00:58:29.414172Z,KXETH15M-26OCT042100-00,0.9910,1.52,no
2026-10-05T00:58:29.486314Z,KXETH15M-26OCT042100-00,0.9940,8.00,yes
2026-10-05T00:58:29.486314Z,KXETH15M-26OCT042100-00,0.9940,51.00,yes
2026-10-05T00:58:29.558329Z,KXETH15M-26OCT042100-00,0.9940,5.07,no
2026-10-05T00:58:29.681718Z,KXETH15M-26OCT042100-00,0.9950,0.02,yes
2026-10-05T00:58:30.155648Z,KXETH15M-26OCT042100-00,0.9920,35.33,no
2026-10-05T00:58:30.155648Z,KXETH15M-26OCT042100-00,0.9940,0.02,no
2026-10-05T00:58:30.155648Z,KXETH15M-26OCT042100-00,0.9940,21.00,no
2026-10-05T00:58:30.155648Z,KXETH15M-26OCT042100-00,0.9940,9.93,no
2026-10-05T00:58:30.634619Z,KXETH15M-26OCT042100-00,0.9930,1.12,no
2026-10-05T00:58:32.249797Z,KXETH15M-26OCT042100-00,0.9950,8.00,yes
2026-10-05T00:58:32.417625Z,KXETH15M-26OCT042100-00,0.9920,56.38,no
2026-10-05T00:58:32.417625Z,KXETH15M-26OCT042100-00,0.9940,28.00,no
2026-10-05T00:58:32.417625Z,KXETH15M-26OCT042100-00,0.9940,8.00,no
2026-10-05T00:58:32.417625Z,KXETH15M-26OCT042100-00,0.9940,8.00,no
2026-10-05T00:58:32.417625Z,KXETH15M-26OCT042100-00,0.9930,17.00,no
2026-10-05T00:58:32.857882Z,KXETH15M-26OCT042100-00,0.9940,1.00,yes
2026-10-05T00:58:32.968594Z,KXETH15M-26OCT042100-00,0.9920,8.29,no
2026-10-05T00:58:33.061135Z,KXETH15M-26OCT042100-00,0.9950,8.00,yes
2026-10-05T00:58:33.061135Z,KXETH15M-26OCT042100-00,0.9950,11.00,yes
2026-10-05T00:58:33.061135Z,KXETH15M-26OCT042100-00,0.9950,67.43,yes
2026-10-05T00:58:33.061135Z,KXETH15M-26OCT042100-00,0.9950,1.00,yes
2026-10-05T00:58:33.092517Z,KXETH15M-26OCT042100-00,0.9940,31.00,yes
2026-10-05T00:58:33.15524Z,KXETH15M-26OCT042100-00,0.9960,10.00,yes
2026-10-05T00:58:33.182583Z,KXETH15M-26OCT042100-00,0.9960,8.00,yes
2026-10-05T00:58:33.190163Z,KXETH15M-26OCT042100-00,0.9960,12.00,yes
2026-10-05T00:58:33.57457Z,KXETH15M-26OCT042100-00,0.9940,24.77,no
2026-10-05T00:58:33.57457Z,KXETH15M-26OCT042100-00,0.9950,63.00,no
2026-10-05T00:58:33.57457Z,KXETH15M-26OCT042100-00,0.9950,38.00,no
2026-10-05T00:58:33.647128Z,KXETH15M-26OCT042100-00,0.9950,55.04,no
2026-10-05T00:58:34.270284Z,KXETH15M-26OCT042100-00,0.9920,25.63,no
2026-10-05T00:58:34.270284Z,KXETH15M-26OCT042100-00,0.9930,24.00,no
2026-10-05T00:58:34.270284Z,KXETH15M-26OCT042100-00,0.9950,36.00,no
2026-10-05T00:58:34.270284Z,KXETH15M-26OCT042100-00,0.9920,3.00,no
2026-10-05T00:58:34.270284Z,KXETH15M-26OCT042100-00,0.9940,42.66,no
2026-10-05T00:58:34.270284Z,KXETH15M-26OCT042100-00,0.9950,11.96,no
2026-10-05T00:58:34.590746Z,KXETH15M-26OCT042100-00,0.9950,29.95,yes
2026-10-05T00:58:34.806301Z,KXETH15M-26OCT042100-00,0.9960,0.08,yes
2026-10-05T00:58:34.806301Z,KXETH15M-26OCT042100-00,0.9960,711.00,yes
2026-10-05T00:58:34.967115Z,KXETH15M-26OCT042100-00,0.9960,11.00,yes
2026-10-05T00:58:34.967115Z,KXETH15M-26OCT042100-00,0.9960,1.00,yes
2026-10-05T00:58:34.967115Z,KXETH15M-26OCT042100-00,0.9960,1.00,yes
2026-10-05T00:58:34.967115Z,KXETH15M-26OCT042100-00,0.9960,1.00,yes
2026-10-05T00:58:34.967115Z,KXETH15M-26OCT042100-00,0.9960,1.00,yes
2026-10-05T00:58:34.967115Z,KXETH15M-26OCT042100-00,0.9960,1.00,yes
2026-10-05T00:58:34.967115Z,KXETH15M-26OCT042100-00,0.9960,13.00,yes
2026-10-05T00:58:34.967115Z,KXETH15M-26OCT042100-00,0.9970,372.08,yes
2026-10-05T00:58:34.967115Z,KXETH15M-26OCT042100-00,0.9960,99.92,yes
2026-10-05T00:58:35.872518Z,KXETH15M-26OCT042100-00,0.9960,7.00,no
2026-10-05T00:58:35.931926Z,KXETH15M-26OCT042100-00,0.9960,72.00,no
2026-10-05T00:58:36.140927Z,KXETH15M-26OCT042100-00,0.9960,5.00,no
2026-10-05T00:58:36.150461Z,KXETH15M-26OCT042100-00,0.9960,1.00,no
2026-10-05T00:58:36.199411Z,KXETH15M-26OCT042100-00,0.9960,8.00,no
2026-10-05T00:58:36.208242Z,KXETH15M-26OCT042100-00,0.9960,3.00,no
2026-10-05T00:58:36.216873Z,KXETH15M-26OCT042100-00,0.9960,1.00,no
2026-10-05T00:58:36.265687Z,KXETH15M-26OCT042100-00,0.9960,5.00,no
2026-10-05T00:58:36.275034Z,KXETH15M-26OCT042100-00,0.9960,1.00,no
2026-10-05T00:58:36.330408Z,KXETH15M-26OCT042100-00,0.9960,5.00,no
2026-10-05T00:58:36.394062Z,KXETH15M-26OCT042100-00,0.9970,34.09,yes
2026-10-05T00:58:36.434468Z,KXETH15M-26OCT042100-00,0.9960,2.00,no
2026-10-05T00:58:36.50401Z,KXETH15M-26OCT042100-00,0.9970,2.00,yes
2026-10-05T00:58:36.610207Z,KXETH15M-26OCT042100-00,0.9960,7.00,no
2026-10-05T00:58:36.619693Z,KXETH15M-26OCT042100-00,0.9960,2.00,no
2026-10-05T00:58:36.628618Z,KXETH15M-26OCT042100-00,0.9960,5.00,no
2026-10-05T00:58:36.635506Z,KXETH15M-26OCT042100-00,0.9960,2.00,no
2026-10-05T00:58:36.773398Z,KXETH15M-26OCT042100-00,0.9960,9.00,no
2026-10-05T00:58:36.773398Z,KXETH15M-26OCT042100-00,0.9960,22.00,no
2026-10-05T00:58:36.781507Z,KXETH15M-26OCT042100-00,0.9960,24.00,no
2026-10-05T00:58:36.855788Z,KXETH15M-26OCT042100-00,0.9960,10.09,no
2026-10-05T00:58:36.855788Z,KXETH15M-26OCT042100-00,0.9960,1.91,no
2026-10-05T00:58:36.857416Z,KXETH15M-26OCT042100-00,0.9950,0.08,no
2026-10-05T00:58:36.857416Z,KXETH15M-26OCT042100-00,0.9950,0.83,no
2026-10-05T00:58:36.857416Z,KXETH15M-26OCT042100-00,0.9960,0.09,no
2026-10-05T00:58:36.86285Z,KXETH15M-26OCT042100-00,0.9970,18.05,yes
2026-10-05T00:58:36.863731Z,KXETH15M-26OCT042100-00,0.9950,13.00,no
2026-10-05T00:58:36.868849Z,KXETH15M-26OCT042100-00,0.9950,18.00,no
2026-10-05T00:58:36.876796Z,KXETH15M-26OCT042100-00,0.9950,29.00,no
2026-10-05T00:58:37.128417Z,KXETH15M-26OCT042100-00,0.9950,39.09,no
2026-10-05T00:58:37.128417Z,KXETH15M-26OCT042100-00,0.9950,17.91,no
2026-10-05T00:58:37.135165Z,KXETH15M-26OCT042100-00,0.9950,0.14,no
2026-10-05T00:58:37.140167Z,KXETH15M-26OCT042100-00,0.9930,19.00,no
2026-10-05T00:58:37.143212Z,KXETH15M-26OCT042100-00,0.9930,1.00,no
2026-10-05T00:58:37.143212Z,KXETH15M-26OCT042100-00,0.9930,0.07,no
2026-10-05T00:58:37.143315Z,KXETH15M-26OCT042100-00,0.9950,20.00,yes
2026-10-05T00:58:37.143315Z,KXETH15M-26OCT042100-00,0.9960,96.69,yes
2026-10-05T00:58:37.1484Z,KXETH15M-26OCT042100-00,0.9940,1.00,yes
2026-10-05T00:58:37.523031Z,KXETH15M-26OCT042100-00,0.9960,48.00,yes
2026-10-05T00:58:37.523031Z,KXETH15M-26OCT042100-00,0.9960,32.00,yes
2026-10-05T00:58:37.523031Z,KXETH15M-26OCT042100-00,0.9960,11.00,yes
2026-10-05T00:58:37.523031Z,KXETH15M-26OCT042100-00,0.9960,4.00,yes
2026-10-05T00:58:37.523031Z,KXETH15M-26OCT042100-00,0.9960,14.31,yes
2026-10-05T00:58:37.535037Z,KXETH15M-26OCT042100-00,0.9960,11.00,yes
2026-10-05T00:58:37.625923Z,KXETH15M-26OCT042100-00,0.9970,10.00,yes
2026-10-05T00:58:38.035825Z,KXETH15M-26OCT042100-00,0.9970,35.86,yes
2026-10-05T00:58:38.035825Z,KXETH15M-26OCT042100-00,0.9970,0.83,yes
2026-10-05T00:58:38.146959Z,KXETH15M-26OCT042100-00,0.9970,142.96,yes
2026-10-05T00:58:38.422608Z,KXETH15M-26OCT042100-00,0.9960,1.01,no
2026-10-05T00:58:38.469396Z,KXETH15M-26OCT042100-00,0.9960,8.99,no
2026-10-05T00:58:38.469396Z,KXETH15M-26OCT042100-00,0.9960,29.06,no
2026-10-05T00:58:38.680957Z,KXETH15M-26OCT042100-00,0.9960,142.96,no
2026-10-05T00:58:38.680957Z,KXETH15M-26OCT042100-00,0.9960,35.86,no
2026-10-05T00:58:38.680957Z,KXETH15M-26OCT042100-00,0.9960,0.83,no
2026-10-05T00:58:38.680957Z,KXETH15M-26OCT042100-00,0.9960,6.94,no
2026-10-05T00:58:38.689296Z,KXETH15M-26OCT042100-00,0.9950,67.00,no
2026-10-05T00:58:39.299084Z,KXETH15M-26OCT042100-00,0.9920,3.00,no
2026-10-05T00:58:39.985939Z,KXETH15M-26OCT042100-00,0.9920,10.00,no
2026-10-05T00:58:40.443238Z,KXETH15M-26OCT042100-00,0.9920,31.17,no
2026-10-05T00:58:40.443238Z,KXETH15M-26OCT042100-00,0.9920,11.00,no
2026-10-05T00:58:40.443238Z,KXETH15M-26OCT042100-00,0.9930,33.00,no
2026-10-05T00:58:40.443238Z,KXETH15M-26OCT042100-00,0.9930,37.00,no
2026-10-05T00:58:41.4997Z,KXETH15M-26OCT042100-00,0.9950,1.96,yes
2026-10-05T00:58:41.532006Z,KXETH15M-26OCT042100-00,0.9950,24.50,yes
2026-10-05T00:58:41.532006Z,KXETH15M-26OCT042100-00,0.9950,8.00,yes
2026-10-05T00:58:41.532006Z,KXETH15M-26OCT042100-00,0.9950,21.04,yes
2026-10-05T00:58:41.631549Z,KXETH15M-26OCT042100-00,0.9920,3.00,no
2026-10-05T00:58:41.631549Z,KXETH15M-26OCT042100-00,0.9940,15.00,no
2026-10-05T00:58:41.631549Z,KXETH15M-26OCT042100-00,0.9940,35.00,no
2026-10-05T00:58:41.631549Z,KXETH15M-26OCT042100-00,0.9930,2.54,no
2026-10-05T00:58:41.631549Z,KXETH15M-26OCT042100-00,0.9920,20.00,no
2026-10-05T00:58:41.631549Z,KXETH15M-26OCT042100-00,0.9920,21.00,no
2026-10-05T00:58:41.631549Z,KXETH15M-26OCT042100-00,0.9920,8.83,no
2026-10-05T00:58:41.631549Z,KXETH15M-26OCT042100-00,0.9920,6.80,no
2026-10-05T00:58:42.333049Z,KXETH15M-26OCT042100-00,0.9920,1.84,no
2026-10-05T00:58:42.333049Z,KXETH15M-26OCT042100-00,0.9920,4.00,no
2026-10-05T00:58:43.150284Z,KXETH15M-26OCT042100-00,0.9920,1.00,no
2026-10-05T00:58:43.150284Z,KXETH15M-26OCT042100-00,0.9920,10.45,no
2026-10-05T00:58:43.607352Z,KXETH15M-26OCT042100-00,0.9960,11.00,yes
2026-10-05T00:58:43.607352Z,KXETH15M-26OCT042100-00,0.9960,20.00,yes
2026-10-05T00:58:43.607352Z,KXETH15M-26OCT042100-00,0.9970,44.00,yes
2026-10-05T00:58:43.607352Z,KXETH15M-26OCT042100-00,0.9980,772.95,yes
2026-10-05T00:58:43.607352Z,KXETH15M-26OCT042100-00,0.9970,106.21,yes
2026-10-05T00:58:43.607352Z,KXETH15M-26OCT042100-00,0.9970,2.00,yes
2026-10-05T00:58:43.607352Z,KXETH15M-26OCT042100-00,0.9970,2.00,yes
2026-10-05T00:58:43.607352Z,KXETH15M-26OCT042100-00,0.9970,2.00,yes
2026-10-05T00:58:43.607352Z,KXETH15M-26OCT042100-00,0.9970,2.00,yes
2026-10-05T00:58:43.607352Z,KXETH15M-26OCT042100-00,0.9970,2.00,yes
2026-10-05T00:58:43.607352Z,KXETH15M-26OCT042100-00,0.9970,18.00,yes
2026-10-05T00:58:43.904749Z,KXETH15M-26OCT042100-00,0.9970,5.00,yes
2026-10-05T00:58:43.904749Z,KXETH15M-26OCT042100-00,0.9970,99.05,yes
2026-10-05T00:58:44.556349Z,KXETH15M-26OCT042100-00,0.9960,2.49,no
2026-10-05T00:58:45.14792Z,KXETH15M-26OCT042100-00,0.9960,1.32,no
2026-10-05T00:58:45.269045Z,KXETH15M-26OCT042100-00,0.9960,2.40,no
2026-10-05T00:58:45.33018Z,KXETH15M-26OCT042100-00,0.9950,58.52,no
2026-10-05T00:58:45.33018Z,KXETH15M-26OCT042100-00,0.9960,20.00,no
2026-10-05T00:58:45.33018Z,KXETH15M-26OCT042100-00,0.9960,42.00,no
2026-10-05T00:58:45.33018Z,KXETH15M-26OCT042100-00,0.9960,61.79,no
2026-10-05T00:58:45.33018Z,KXETH15M-26OCT042100-00,0.9950,772.95,no
2026-10-05T00:58:45.415331Z,KXETH15M-26OCT042100-00,0.9950,40.32,no
2026-10-05T00:58:45.938752Z,KXETH15M-26OCT042100-00,0.9950,18.16,no
2026-10-05T00:58:45.938752Z,KXETH15M-26OCT042100-00,0.9940,7.80,no
2026-10-05T00:58:45.938752Z,KXETH15M-26OCT042100-00,0.9950,16.00,no
2026-10-05T00:58:45.938752Z,KXETH15M-26OCT042100-00,0.9950,13.00,no
2026-10-05T00:58:45.991261Z,KXETH15M-26OCT042100-00,0.9950,9.03,yes
2026-10-05T00:58:46.800356Z,KXETH15M-26OCT042100-00,0.9940,1.18,no
2026-10-05T00:58:46.981838Z,KXETH15M-26OCT042100-00,0.9940,10.47,no
2026-10-05T00:58:47.18764Z,KXETH15M-26OCT042100-00,0.9940,21.20,no
2026-10-05T00:58:47.788693Z,KXETH15M-26OCT042100-00,0.9960,2.00,yes
2026-10-05T00:58:47.897212Z,KXETH15M-26OCT042100-00,0.9960,5.00,yes
2026-10-05T00:58:48.049464Z,KXETH15M-26OCT042100-00,0.9960,1.00,yes
2026-10-05T00:58:48.049464Z,KXETH15M-26OCT042100-00,0.9960,4.00,yes
2026-10-05T00:58:48.31219Z,KXETH15M-26OCT042100-00,0.9960,4.00,yes
2026-10-05T00:58:48.31219Z,KXETH15M-26OCT042100-00,0.9960,2.00,yes
2026-10-05T00:58:48.31219Z,KXETH15M-26OCT042100-00,0.9960,1.00,yes
2026-10-05T00:58:48.431331Z,KXETH15M-26OCT042100-00,0.9980,2.00,yes
2026-10-05T00:58:48.473599Z,KXETH15M-26OCT042100-00,0.9980,1.00,yes
2026-10-05T00:58:48.877047Z,KXETH15M-26OCT042100-00,0.9970,53.00,no
2026-10-05T00:58:48.877047Z,KXETH15M-26OCT042100-00,0.9970,39.00,no
2026-10-05T00:58:48.877047Z,KXETH15M-26OCT042100-00,0.9970,2.00,no
2026-10-05T00:58:48.877047Z,KXETH15M-26OCT042100-00,0.9930,20.00,no
2026-10-05T00:58:48.877047Z,KXETH15M-26OCT042100-00,0.9930,24.00,no
2026-10-05T00:58:48.877047Z,KXETH15M-26OCT042100-00,0.9970,52.00,no
2026-10-05T00:58:48.877047Z,KXETH15M-26OCT042100-00,0.9920,4.00,no
2026-10-05T00:58:48.877047Z,KXETH15M-26OCT042100-00,0.9920,0.19,no
2026-10-05T00:58:49.177948Z,KXETH15M-26OCT042100-00,0.9930,8.79,no
2026-10-05T00:58:49.177948Z,KXETH15M-26OCT042100-00,0.9950,98.00,no
2026-10-05T00:58:49.978795Z,KXETH15M-26OCT042100-00,0.9960,2.00,yes
2026-10-05T00:58:49.978795Z,KXETH15M-26OCT042100-00,0.9960,2.00,yes
2026-10-05T00:58:50.754796Z,KXETH15M-26OCT042100-00,0.9970,3.00,yes
2026-10-05T00:58:50.754796Z,KXETH15M-26OCT042100-00,0.9970,5.00,yes
2026-10-05T00:58:51.096081Z,KXETH15M-26OCT042100-00,0.9970,17.00,yes
2026-10-05T00:58:51.096081Z,KXETH15M-26OCT042100-00,0.9970,5.00,yes
2026-10-05T00:58:51.096081Z,KXETH15M-26OCT042100-00,0.9970,41.00,yes
2026-10-05T00:58:51.096081Z,KXETH15M-26OCT042100-00,0.9980,1531.00,yes
2026-10-05T00:58:51.102628Z,KXETH15M-26OCT042100-00,0.9980,0.50,yes
2026-10-05T00:58:51.121419Z,KXETH15M-26OCT042100-00,0.9980,17.45,yes
2026-10-05T00:58:51.121419Z,KXETH15M-26OCT042100-00,0.9980,692.55,yes
2026-10-05T00:58:51.268763Z,KXETH15M-26OCT042100-00,0.9980,20.70,yes
2026-10-05T00:58:52.247536Z,KXETH15M-26OCT042100-00,0.9980,201.03,yes
2026-10-05T00:58:52.366256Z,KXETH15M-26OCT042100-00,0.9970,5.04,no
2026-10-05T00:58:52.423818Z,KXETH15M-26OCT042100-00,0.9980,114.51,yes
2026-10-05T00:58:52.837539Z,KXETH15M-26OCT042100-00,0.9980,70.87,yes
2026-10-05T00:58:52.837539Z,KXETH15M-26OCT042100-00,0.9980,100.00,yes
2026-10-05T00:58:52.837539Z,KXETH15M-26OCT042100-00,0.9980,146.31,yes
2026-10-05T00:58:52.837539Z,KXETH15M-26OCT042100-00,0.9980,100.00,yes
2026-10-05T00:58:52.874191Z,KXETH15M-26OCT042100-00,0.9970,12.61,no
2026-10-05T00:58:52.907646Z,KXETH15M-26OCT042100-00,0.9970,21.95,no
2026-10-05T00:58:52.907646Z,KXETH15M-26OCT042100-00,0.9970,12.35,no
2026-10-05T00:58:52.907646Z,KXETH15M-26OCT042100-00,0.9970,40.00,no
2026-10-05T00:58:53.079381Z,KXETH15M-26OCT042100-00,0.9980,189.36,yes
2026-10-05T00:58:53.220474Z,KXETH15M-26OCT042100-00,0.9970,21.00,no
2026-10-05T00:58:53.224413Z,KXETH15M-26OCT042100-00,0.9970,10.00,no
2026-10-05T00:58:53.234147Z,KXETH15M-26OCT042100-00,0.9970,47.05,no
2026-10-05T00:58:53.234147Z,KXETH15M-26OCT042100-00,0.9970,5.95,no
2026-10-05T00:58:53.238462Z,KXETH15M-26OCT042100-00,0.9980,87.00,yes
2026-10-05T00:58:53.238462Z,KXETH15M-26OCT042100-00,0.9980,149.00,yes
2026-10-05T00:58:53.238462Z,KXETH15M-26OCT042100-00,0.9980,29.00,yes
2026-10-05T00:58:53.238462Z,KXETH15M-26OCT042100-00,0.9980,239.77,yes
2026-10-05T00:58:53.238462Z,KXETH15M-26OCT042100-00,0.9980,26.00,yes
2026-10-05T00:58:53.238462Z,KXETH15M-26OCT042100-00,0.9980,3.00,yes
2026-10-05T00:58:53.238462Z,KXETH15M-26OCT042100-00,0.9980,3.00,yes
2026-10-05T00:58:53.238462Z,KXETH15M-26OCT042100-00,0.9980,3.00,yes
2026-10-05T00:58:53.238462Z,KXETH15M-26OCT042100-00,0.9980,3.00,yes
2026-10-05T00:58:53.238462Z,KXETH15M-26OCT042100-00,0.9980,3.00,yes
2026-10-05T00:58:53.247171Z,KXETH15M-26OCT042100-00,0.9980,5.00,yes
2026-10-05T00:58:53.489243Z,KXETH15M-26OCT042100-00,0.9960,38.00,no
2026-10-05T00:58:53.489243Z,KXETH15M-26OCT042100-00,0.9960,20.00,no
2026-10-05T00:58:53.489243Z,KXETH15M-26OCT042100-00,0.9960,36.00,no
2026-10-05T00:58:53.489243Z,KXETH15M-26OCT042100-00,0.9980,40.00,no
2026-10-05T00:58:53.489243Z,KXETH15M-26OCT042100-00,0.9980,51.00,no
2026-10-05T00:58:53.489243Z,KXETH15M-26OCT042100-00,0.9970,239.77,no
2026-10-05T00:58:53.489243Z,KXETH15M-26OCT042100-00,0.9970,189.36,no
2026-10-05T00:58:53.489243Z,KXETH15M-26OCT042100-00,0.9970,64.92,no
2026-10-05T00:58:53.489243Z,KXETH15M-26OCT042100-00,0.9960,5.00,no
2026-10-05T00:58:53.489243Z,KXETH15M-26OCT042100-00,0.9950,1152.79,no
2026-10-05T00:58:53.489243Z,KXETH15M-26OCT042100-00,0.9950,3.00,no
2026-10-05T00:58:54.07148Z,KXETH15M-26OCT042100-00,0.9990,1.01,yes
2026-10-05T00:58:54.96143Z,KXETH15M-26OCT042100-00,0.9980,12.00,yes
2026-10-05T00:58:54.96143Z,KXETH15M-26OCT042100-00,0.9980,13.00,yes
2026-10-05T00:58:55.130689Z,KXETH15M-26OCT042100-00,0.9990,0.50,yes
2026-10-05T00:58:55.311962Z,KXETH15M-26OCT042100-00,0.9980,12.17,no
2026-10-05T00:58:55.37795Z,KXETH15M-26OCT042100-00,0.9980,57.83,no
2026-10-05T00:58:55.37795Z,KXETH15M-26OCT042100-00,0.9980,41.00,no
2026-10-05T00:58:55.668505Z,KXETH15M-26OCT042100-00,0.9960,9.00,yes
2026-10-05T00:58:55.668505Z,KXETH15M-26OCT042100-00,0.9960,8.00,yes
2026-10-05T00:58:56.247519Z,KXETH15M-26OCT042100-00,0.9950,381.21,no
2026-10-05T00:58:56.247519Z,KXETH15M-26OCT042100-00,0.9950,534.98,no
2026-10-05T00:58:57.222446Z,KXETH15M-26OCT042100-00,0.9950,131.59,no
2026-10-05T00:58:57.222446Z,KXETH15M-26OCT042100-00,0.9960,38.00,no
2026-10-05T00:58:57.222446Z,KXETH15M-26OCT042100-00,0.9960,30.00,no
2026-10-05T00:58:58.419287Z,KXETH15M-26OCT042100-00,0.9980,13.00,yes
2026-10-05T00:58:58.419287Z,KXETH15M-26OCT042100-00,0.9980,29.00,yes
2026-10-05T00:58:58.419287Z,KXETH15M-26OCT042100-00,0.9990,56.17,yes
2026-10-05T00:58:58.682568Z,KXETH15M-26OCT042100-00,0.9980,60.00,no
2026-10-05T00:58:58.682568Z,KXETH15M-26OCT042100-00,0.9980,106.00,no
2026-10-05T00:58:58.682568Z,KXETH15M-26OCT042100-00,0.9950,26.48,no
2026-10-05T00:58:58.682568Z,KXETH15M-26OCT042100-00,0.9950,27.64,no
2026-10-05T00:58:59.331944Z,KXETH15M-26OCT042100-00,0.9970,19.54,no
2026-10-05T00:58:59.331944Z,KXETH15M-26OCT042100-00,0.9970,4.00,no
2026-10-05T00:58:59.360336Z,KXETH15M-26OCT042100-00,0.9970,9.46,no
2026-10-05T00:58:59.360336Z,KXETH15M-26OCT042100-00,0.9970,111.00,no
2026-10-05T00:58:59.360336Z,KXETH15M-26OCT042100-00,0.9950,56.55,no
2026-10-05T00:58:59.437786Z,KXETH15M-26OCT042100-00,0.9970,83.00,yes
2026-10-05T00:58:59.712881Z,KXETH15M-26OCT042100-00,0.9980,10.01,yes
2026-10-05T00:59:00.077062Z,KXETH15M-26OCT042100-00,0.9980,2.99,yes
2026-10-05T00:59:00.077062Z,KXETH15M-26OCT042100-00,0.9980,29.00,yes
2026-10-05T00:59:00.077062Z,KXETH15M-26OCT042100-00,0.9990,1030.58,yes
2026-10-05T00:59:00.077062Z,KXETH15M-26OCT042100-00,0.9990,542.32,yes
2026-10-05T00:59:00.545821Z,KXETH15M-26OCT042100-00,0.9980,5.00,yes
2026-10-05T00:59:01.041682Z,KXETH15M-26OCT042100-00,0.9980,45.00,yes
2026-10-05T00:59:01.041682Z,KXETH15M-26OCT042100-00,0.9980,28.00,yes
2026-10-05T00:59:01.041682Z,KXETH15M-26OCT042100-00,0.9980,29.00,yes
2026-10-05T00:59:01.041682Z,KXETH15M-26OCT042100-00,0.9990,518.00,yes
2026-10-05T00:59:01.281504Z,KXETH15M-26OCT042100-00,0.9990,37.39,yes
2026-10-05T00:59:01.281504Z,KXETH15M-26OCT042100-00,0.9990,400.00,yes
2026-10-05T00:59:01.281504Z,KXETH15M-26OCT042100-00,0.9990,451.42,yes
2026-10-05T00:59:02.394598Z,KXETH15M-26OCT042100-00,0.9980,226.81,no
2026-10-05T00:59:02.641233Z,KXETH15M-26OCT042100-00,0.9980,48.30,no
2026-10-05T00:59:02.704538Z,KXETH15M-26OCT042100-00,0.9980,37.39,no
2026-10-05T00:59:02.704538Z,KXETH15M-26OCT042100-00,0.9980,451.42,no
2026-10-05T00:59:02.704538Z,KXETH15M-26OCT042100-00,0.9980,36.00,no
2026-10-05T00:59:02.704538Z,KXETH15M-26OCT042100-00,0.9980,242.89,no
2026-10-05T00:59:02.824321Z,KXETH15M-26OCT042100-00,0.9980,1411.00,yes
2026-10-05T00:59:02.851455Z,KXETH15M-26OCT042100-00,0.9980,1.00,yes
2026-10-05T00:59:03.256642Z,KXETH15M-26OCT042100-00,0.9980,15.38,yes
2026-10-05T00:59:03.407581Z,KXETH15M-26OCT042100-00,0.9970,0.64,no
2026-10-05T00:59:03.852962Z,KXETH15M-26OCT042100-00,0.9980,39.00,yes
2026-10-05T00:59:03.878404Z,KXETH15M-26OCT042100-00,0.9970,30.53,no
2026-10-05T00:59:03.991911Z,KXETH15M-26OCT042100-00,0.9970,311.59,no
2026-10-05T00:59:04.010014Z,KXETH15M-26OCT042100-00,0.9980,13.00,yes
2026-10-05T00:59:04.091992Z,KXETH15M-26OCT042100-00,0.9970,103.33,no
2026-10-05T00:59:04.300573Z,KXETH15M-26OCT042100-00,0.9970,43.04,no
2026-10-05T00:59:04.892016Z,KXETH15M-26OCT042100-00,0.9980,200.00,yes
2026-10-05T00:59:06.692906Z,KXETH15M-26OCT042100-00,0.9980,400.00,yes
2026-10-05T00:59:06.962239Z,KXETH15M-26OCT042100-00,0.9980,5.00,yes
2026-10-05T00:59:07.057729Z,KXETH15M-26OCT042100-00,0.9980,3.00,yes
2026-10-05T00:59:07.098643Z,KXETH15M-26OCT042100-00,0.9980,144.92,yes
2026-10-05T00:59:07.409636Z,KXETH15M-26OCT042100-00,0.9990,53.00,yes
2026-10-05T00:59:07.460622Z,KXETH15M-26OCT042100-00,0.9970,258.59,no
2026-10-05T00:59:07.460622Z,KXETH15M-26OCT042100-00,0.9980,53.00,no
2026-10-05T00:59:07.788779Z,KXETH15M-26OCT042100-00,0.9990,20.00,yes
2026-10-05T00:59:08.486993Z,KXETH15M-26OCT042100-00,0.9990,36.70,yes
2026-10-05T00:59:09.043897Z,KXETH15M-26OCT042100-00,0.9990,0.80,yes
2026-10-05T00:59:09.203059Z,KXETH15M-26OCT042100-00,0.9980,1.31,no
2026-10-05T00:59:09.399843Z,KXETH15M-26OCT042100-00,0.9990,30.03,yes
2026-10-05T00:59:09.975286Z,KXETH15M-26OCT042100-00,0.9990,15.01,yes
2026-10-05T00:59:10.222622Z,KXETH15M-26OCT042100-00,0.9990,101.00,yes
2026-10-05T00:59:10.222622Z,KXETH15M-26OCT042100-00,0.9990,0.07,yes
2026-10-05T00:59:10.222622Z,KXETH15M-26OCT042100-00,0.9990,48.30,yes
2026-10-05T00:59:10.222622Z,KXETH15M-26OCT042100-00,0.9990,451.42,yes
2026-10-05T00:59:10.222622Z,KXETH15M-26OCT042100-00,0.9990,226.81,yes
2026-10-05T00:59:10.222622Z,KXETH15M-26OCT042100-00,0.9990,242.89,yes
2026-10-05T00:59:10.222622Z,KXETH15M-26OCT042100-00,0.9990,58.00,yes
2026-10-05T00:59:10.222622Z,KXETH15M-26OCT042100-00,0.9990,311.59,yes
2026-10-05T00:59:10.222622Z,KXETH15M-26OCT042100-00,0.9990,0.64,yes
2026-10-05T00:59:10.222622Z,KXETH15M-26OCT042100-00,0.9990,30.53,yes
2026-10-05T00:59:10.222622Z,KXETH15M-26OCT042100-00,0.9990,103.33,yes
2026-10-05T00:59:10.222622Z,KXETH15M-26OCT042100-00,0.9990,43.04,yes
2026-10-05T00:59:10.222622Z,KXETH15M-26OCT042100-00,0.9990,1.00,yes
2026-10-05T00:59:10.222622Z,KXETH15M-26OCT042100-00,0.9990,1.00,yes
2026-10-05T00:59:10.222622Z,KXETH15M-26OCT042100-00,0.9990,807.07,yes
2026-10-05T00:59:10.222622Z,KXETH15M-26OCT042100-00,0.9990,1.00,yes
2026-10-05T00:59:10.222622Z,KXETH15M-26OCT042100-00,0.9990,100.00,yes
2026-10-05T00:59:10.571797Z,KXETH15M-26OCT042100-00,0.9990,270.00,no
2026-10-05T00:59:12.195959Z,KXETH15M-26OCT042100-00,0.9990,2.52,no
2026-10-05T00:59:14.317031Z,KXETH15M-26OCT042100-00,0.9990,915.99,no
2026-10-05T00:59:14.828112Z,KXETH15M-26OCT042100-00,0.9990,915.99,no
2026-10-05T00:59:17.415749Z,KXETH15M-26OCT042100-00,0.9990,1831.90,no
2026-10-05T00:59:20.840572Z,KXETH15M-26OCT042100-00,0.9990,12.94,no
2026-10-05T00:59:21.535295Z,KXETH15M-26OCT042100-00,0.9990,915.99,no
2026-10-05T00:59:21.772813Z,KXETH15M-26OCT042100-00,0.9990,39.00,no
2026-10-05T00:59:22.822763Z,KXETH15M-26OCT042100-00,0.9990,9346.48,no
2026-10-05T00:59:23.003561Z,KXETH15M-26OCT042100-00,0.9990,0.02,no
2026-10-05T00:59:23.118252Z,KXETH15M-26OCT042100-00,0.9990,12.01,no
2026-10-05T00:59:23.196058Z,KXETH15M-26OCT042100-00,0.9990,915.99,no
2026-10-05T00:59:23.442313Z,KXETH15M-26OCT042100-00,0.9990,0.87,no
2026-10-05T00:59:23.452815Z,KXETH15M-26OCT042100-00,0.9990,11.00,no
2026-10-05T00:59:23.577819Z,KXETH15M-26OCT042100-00,0.9990,915.99,no
2026-10-05T00:59:25.002276Z,KXETH15M-26OCT042100-00,0.9990,930.00,no
2026-10-05T00:59:26.577318Z,KXETH15M-26OCT042100-00,0.9990,1.21,no
2026-10-05T00:59:27.667514Z,KXETH15M-26OCT042100-00,0.9990,3170.14,no
2026-10-05T00:59:27.667514Z,KXETH15M-26OCT042100-00,0.9990,5989.41,no
2026-10-05T00:59:28.104969Z,KXETH15M-26OCT042100-00,0.9990,2.42,no
2026-10-05T00:59:30.760352Z,KXETH15M-26OCT042100-00,0.9990,229.01,no
2026-10-05T00:59:36.803397Z,KXETH15M-26OCT042100-00,0.9990,4579.77,no
2026-10-05T00:59:36.890226Z,KXETH15M-26OCT042100-00,0.9990,58.96,no
2026-10-05T00:59:36.890226Z,KXETH15M-26OCT042100-00,0.9990,14.00,no
2026-10-05T00:59:36.890226Z,KXETH15M-26OCT042100-00,0.9990,18.66,no
2026-10-05T00:59:38.948236Z,KXETH15M-26OCT042100-00,0.9990,667.95,no
2026-10-05T00:59:38.948236Z,KXETH15M-26OCT042100-00,0.9990,248.04,no
2026-10-05T00:59:40.144335Z,KXETH15M-26OCT042100-00,0.9990,1.21,no
2026-10-05T00:59:40.525469Z,KXETH15M-26OCT042100-00,0.9990,915.99,no
2026-10-05T00:59:41.773484Z,KXETH15M-26OCT042100-00,0.9990,9.07,no
2026-10-05T00:59:42.333358Z,KXETH15M-26OCT042100-00,0.9990,915.99,no
2026-10-05T00:59:42.342898Z,KXETH15M-26OCT042100-00,0.9990,15.01,no
2026-10-05T00:59:43.56149Z,KXETH15M-26OCT042100-00,0.9990,4579.77,no
2026-10-05T00:59:43.664577Z,KXETH15M-26OCT042100-00,0.9990,12.04,no
2026-10-05T00:59:43.889075Z,KXETH15M-26OCT042100-00,0.9990,545.03,no
2026-10-05T00:59:43.889075Z,KXETH15M-26OCT042100-00,0.9990,384.97,no
2026-10-05T00:59:44.856592Z,KXETH15M-26OCT042100-00,0.9990,915.99,no
2026-10-05T00:59:45.376437Z,KXETH15M-26OCT042100-00,0.9990,142.98,no
2026-10-05T00:59:45.376437Z,KXETH15M-26OCT042100-00,0.9990,21.83,no
2026-10-05T00:59:45.376437Z,KXETH15M-26OCT042100-00,0.9990,3.00,no
2026-10-05T00:59:45.376437Z,KXETH15M-26OCT042100-00,0.9990,748.18,no
2026-10-05T00:59:45.621969Z,KXETH15M-26OCT042100-00,0.9990,94.76,no
2026-10-05T00:59:46.856709Z,KXETH15M-26OCT042100-00,0.9990,915.99,no
2026-10-05T00:59:47.368548Z,KXETH15M-26OCT042100-00,0.9990,463.07,no
2026-10-05T00:59:47.368548Z,KXETH15M-26OCT042100-00,0.9990,452.92,no
2026-10-05T00:59:47.405947Z,KXETH15M-26OCT042100-00,0.9990,418.49,no
2026-10-05T00:59:47.405947Z,KXETH15M-26OCT042100-00,0.9990,128.08,no
2026-10-05T00:59:47.405947Z,KXETH15M-26OCT042100-00,0.9990,96.41,no
2026-10-05T00:59:47.405947Z,KXETH15M-26OCT042100-00,0.9990,10.01,no
2026-10-05T00:59:47.405947Z,KXETH15M-26OCT042100-00,0.9990,3.00,no
2026-10-05T00:59:47.405947Z,KXETH15M-26OCT042100-00,0.9990,100.00,no
2026-10-05T00:59:47.405947Z,KXETH15M-26OCT042100-00,0.9990,160.00,no
2026-10-05T00:59:47.607616Z,KXETH15M-26OCT042100-00,0.9990,4579.77,no
2026-10-05T00:59:47.641783Z,KXETH15M-26OCT042100-00,0.9990,0.50,no
2026-10-05T00:59:50.312232Z,KXETH15M-26OCT042100-00,0.9990,915.99,no
2026-10-05T00:59:51.753376Z,KXETH15M-26OCT042100-00,0.9990,413.76,no
2026-10-05T00:59:51.753376Z,KXETH15M-26OCT042100-00,0.9990,37.24,no
2026-10-05T00:59:52.604946Z,KXETH15M-26OCT042100-00,0.9990,915.99,no
2026-10-05T00:59:54.113224Z,KXETH15M-26OCT042100-00,0.9990,1.40,no
2026-10-05T00:59:55.07947Z,KXETH15M-26OCT042100-00,0.9990,5.00,no
2026-10-05T00:59:59.352814Z,KXETH15M-26OCT042100-00,0.9990,6.02,no
2026-10-05T00:57:31.269129Z,KXDOGE15M-26OCT042100-00,0.9870,1.01,yes
2026-10-05T00:57:32.129959Z,KXDOGE15M-26OCT042100-00,0.9860,69.00,no
2026-10-05T00:57:41.54609Z,KXDOGE15M-26OCT042100-00,0.9870,20.00,yes
2026-10-05T00:57:45.517944Z,KXDOGE15M-26OCT042100-00,0.9860,13.36,no
2026-10-05T00:57:46.837351Z,KXDOGE15M-26OCT042100-00,0.9870,2.02,yes
2026-10-05T00:57:47.06864Z,KXDOGE15M-26OCT042100-00,0.9860,130.63,no
2026-10-05T00:57:47.415609Z,KXDOGE15M-26OCT042100-00,0.9870,5.06,yes
2026-10-05T00:57:49.074315Z,KXDOGE15M-26OCT042100-00,0.9870,5.00,yes
2026-10-05T00:57:49.300216Z,KXDOGE15M-26OCT042100-00,0.9870,1.00,yes
2026-10-05T00:57:49.512661Z,KXDOGE15M-26OCT042100-00,0.9870,4.00,yes
2026-10-05T00:57:49.617716Z,KXDOGE15M-26OCT042100-00,0.9870,9.00,yes
2026-10-05T00:57:49.633413Z,KXDOGE15M-26OCT042100-00,0.9870,1.00,yes
2026-10-05T00:57:50.490189Z,KXDOGE15M-26OCT042100-00,0.9870,5.00,yes
2026-10-05T00:57:50.590038Z,KXDOGE15M-26OCT042100-00,0.9870,1.01,yes
2026-10-05T00:57:50.592365Z,KXDOGE15M-26OCT042100-00,0.9870,1.00,yes
2026-10-05T00:57:50.698844Z,KXDOGE15M-26OCT042100-00,0.9870,7.00,yes
2026-10-05T00:57:50.901767Z,KXDOGE15M-26OCT042100-00,0.9870,2.10,yes
2026-10-05T00:57:50.901767Z,KXDOGE15M-26OCT042100-00,0.9870,1.90,yes
2026-10-05T00:57:51.616519Z,KXDOGE15M-26OCT042100-00,0.9870,1.00,yes
2026-10-05T00:57:52.207959Z,KXDOGE15M-26OCT042100-00,0.9870,0.03,yes
2026-10-05T00:57:52.207959Z,KXDOGE15M-26OCT042100-00,0.9870,18.00,yes
2026-10-05T00:57:52.207959Z,KXDOGE15M-26OCT042100-00,0.9870,75.00,yes
2026-10-05T00:57:52.207959Z,KXDOGE15M-26OCT042100-00,0.9870,156.90,yes
2026-10-05T00:57:52.207959Z,KXDOGE15M-26OCT042100-00,0.9880,150.07,yes
2026-10-05T00:57:54.121325Z,KXDOGE15M-26OCT042100-00,0.9810,1.00,no
2026-10-05T00:57:54.121325Z,KXDOGE15M-26OCT042100-00,0.9810,2.10,no
2026-10-05T00:57:54.121325Z,KXDOGE15M-26OCT042100-00,0.9790,10.00,no
2026-10-05T00:57:54.121325Z,KXDOGE15M-26OCT042100-00,0.9810,1.90,no
2026-10-05T00:57:54.121325Z,KXDOGE15M-26OCT042100-00,0.9810,1.01,no
2026-10-05T00:57:54.121325Z,KXDOGE15M-26OCT042100-00,0.9810,5.00,no
2026-10-05T00:57:54.121325Z,KXDOGE15M-26OCT042100-00,0.9810,7.00,no
2026-10-05T00:57:54.121325Z,KXDOGE15M-26OCT042100-00,0.9750,4.00,no
2026-10-05T00:57:54.121325Z,KXDOGE15M-26OCT042100-00,0.9810,1.00,no
2026-10-05T00:57:54.121325Z,KXDOGE15M-26OCT042100-00,0.9810,4.00,no
2026-10-05T00:57:54.121325Z,KXDOGE15M-26OCT042100-00,0.9810,9.00,no
2026-10-05T00:57:54.121325Z,KXDOGE15M-26OCT042100-00,0.9810,1.00,no
2026-10-05T00:57:54.121325Z,KXDOGE15M-26OCT042100-00,0.9810,5.00,no
2026-10-05T00:57:54.121325Z,KXDOGE15M-26OCT042100-00,0.9820,75.00,no
2026-10-05T00:57:54.121325Z,KXDOGE15M-26OCT042100-00,0.9870,73.00,no
2026-10-05T00:57:54.121325Z,KXDOGE15M-26OCT042100-00,0.9830,42.00,no
2026-10-05T00:57:54.121325Z,KXDOGE15M-26OCT042100-00,0.9750,10.00,no
2026-10-05T00:57:54.121325Z,KXDOGE15M-26OCT042100-00,0.9810,156.90,no
2026-10-05T00:57:54.121325Z,KXDOGE15M-26OCT042100-00,0.9810,1.00,no
2026-10-05T00:57:54.121325Z,KXDOGE15M-26OCT042100-00,0.9750,64.00,no
2026-10-05T00:57:54.121325Z,KXDOGE15M-26OCT042100-00,0.9870,0.03,no
2026-10-05T00:57:54.121325Z,KXDOGE15M-26OCT042100-00,0.9860,0.03,no
2026-10-05T00:57:54.121325Z,KXDOGE15M-26OCT042100-00,0.9750,19.00,no
2026-10-05T00:57:54.121325Z,KXDOGE15M-26OCT042100-00,0.9840,0.03,no
2026-10-05T00:57:54.121325Z,KXDOGE15M-26OCT042100-00,0.9860,3.00,no
2026-10-05T00:57:54.121325Z,KXDOGE15M-26OCT042100-00,0.9830,0.03,no
2026-10-05T00:57:54.121325Z,KXDOGE15M-26OCT042100-00,0.9850,3.00,no
2026-10-05T00:57:54.121325Z,KXDOGE15M-26OCT042100-00,0.9810,5.00,no
2026-10-05T00:57:54.121325Z,KXDOGE15M-26OCT042100-00,0.9850,0.03,no
2026-10-05T00:57:54.121325Z,KXDOGE15M-26OCT042100-00,0.9820,1.00,no
2026-10-05T00:57:54.121325Z,KXDOGE15M-26OCT042100-00,0.9820,0.03,no
2026-10-05T00:57:54.121325Z,KXDOGE15M-26OCT042100-00,0.9790,10.00,no
2026-10-05T00:57:54.121325Z,KXDOGE15M-26OCT042100-00,0.9870,3.00,no
2026-10-05T00:57:54.121325Z,KXDOGE15M-26OCT042100-00,0.9800,1.00,no
2026-10-05T00:57:54.121325Z,KXDOGE15M-26OCT042100-00,0.9810,20.00,no
2026-10-05T00:57:54.121325Z,KXDOGE15M-26OCT042100-00,0.9860,3.00,no
2026-10-05T00:57:54.121325Z,KXDOGE15M-26OCT042100-00,0.9860,4.00,no
2026-10-05T00:57:54.121325Z,KXDOGE15M-26OCT042100-00,0.9840,5.00,no
2026-10-05T00:57:54.121325Z,KXDOGE15M-26OCT042100-00,0.9820,1.00,no
2026-10-05T00:57:54.121325Z,KXDOGE15M-26OCT042100-00,0.9730,10.00,no
2026-10-05T00:57:54.121325Z,KXDOGE15M-26OCT042100-00,0.9830,2.00,no
2026-10-05T00:57:54.121325Z,KXDOGE15M-26OCT042100-00,0.9700,15.00,no
2026-10-05T00:57:54.121325Z,KXDOGE15M-26OCT042100-00,0.9850,6.00,no
2026-10-05T00:57:54.121325Z,KXDOGE15M-26OCT042100-00,0.9810,2.02,no
2026-10-05T00:57:54.121325Z,KXDOGE15M-26OCT042100-00,0.9810,5.06,no
2026-10-05T00:57:54.121325Z,KXDOGE15M-26OCT042100-00,0.9710,9.00,no
2026-10-05T00:57:54.121325Z,KXDOGE15M-26OCT042100-00,0.9700,329.42,no
2026-10-05T00:57:54.121325Z,KXDOGE15M-26OCT042100-00,0.9860,3.00,no
2026-10-05T00:57:54.121325Z,KXDOGE15M-26OCT042100-00,0.9740,12.00,no
2026-10-05T00:57:54.121325Z,KXDOGE15M-26OCT042100-00,0.9760,10.00,no
2026-10-05T00:57:54.121325Z,KXDOGE15M-26OCT042100-00,0.9860,3.00,no
2026-10-05T00:57:54.121325Z,KXDOGE15M-26OCT042100-00,0.9860,3.00,no
2026-10-05T00:57:54.121325Z,KXDOGE15M-26OCT042100-00,0.9810,2.00,no
2026-10-05T00:57:54.121325Z,KXDOGE15M-26OCT042100-00,0.9740,1.00,no
2026-10-05T00:57:54.121325Z,KXDOGE15M-26OCT042100-00,0.9720,8.00,no
2026-10-05T00:57:54.121325Z,KXDOGE15M-26OCT042100-00,0.9810,3.00,no
2026-10-05T00:57:54.121325Z,KXDOGE15M-26OCT042100-00,0.9810,1.01,no
2026-10-05T00:57:54.121325Z,KXDOGE15M-26OCT042100-00,0.9750,1.00,no
2026-10-05T00:57:54.121325Z,KXDOGE15M-26OCT042100-00,0.9860,50.01,no
2026-10-05T00:57:54.121325Z,KXDOGE15M-26OCT042100-00,0.9760,1.00,no
2026-10-05T00:57:54.93168Z,KXDOGE15M-26OCT042100-00,0.9870,7.00,yes
2026-10-05T00:57:54.982821Z,KXDOGE15M-26OCT042100-00,0.9870,2.00,yes
2026-10-05T00:57:55.256536Z,KXDOGE15M-26OCT042100-00,0.9870,6.00,yes
2026-10-05T00:57:55.484555Z,KXDOGE15M-26OCT042100-00,0.9870,2.10,yes
2026-10-05T00:57:55.484555Z,KXDOGE15M-26OCT042100-00,0.9870,1.00,yes
2026-10-05T00:57:55.484555Z,KXDOGE15M-26OCT042100-00,0.9870,13.90,yes
2026-10-05T00:57:55.484555Z,KXDOGE15M-26OCT042100-00,0.9870,3.00,yes
2026-10-05T00:57:55.54445Z,KXDOGE15M-26OCT042100-00,0.9870,2.00,yes
2026-10-05T00:57:55.697149Z,KXDOGE15M-26OCT042100-00,0.9870,99.00,yes
2026-10-05T00:57:55.697292Z,KXDOGE15M-26OCT042100-00,0.9870,6.00,yes
2026-10-05T00:57:55.697323Z,KXDOGE15M-26OCT042100-00,0.9870,36.00,yes
2026-10-05T00:57:55.697323Z,KXDOGE15M-26OCT042100-00,0.9880,0.03,yes
2026-10-05T00:57:55.697323Z,KXDOGE15M-26OCT042100-00,0.9870,0.03,yes
2026-10-05T00:57:55.697323Z,KXDOGE15M-26OCT042100-00,0.9890,1.00,yes
2026-10-05T00:57:55.697323Z,KXDOGE15M-26OCT042100-00,0.9880,1.00,yes
2026-10-05T00:57:55.697323Z,KXDOGE15M-26OCT042100-00,0.9880,49.93,yes
2026-10-05T00:57:55.697323Z,KXDOGE15M-26OCT042100-00,0.9880,1.00,yes
2026-10-05T00:57:55.697323Z,KXDOGE15M-26OCT042100-00,0.9890,1.00,yes
2026-10-05T00:57:55.697323Z,KXDOGE15M-26OCT042100-00,0.9890,9.01,yes
2026-10-05T00:57:56.108507Z,KXDOGE15M-26OCT042100-00,0.9890,2.02,yes
2026-10-05T00:57:56.87402Z,KXDOGE15M-26OCT042100-00,0.9890,7.03,yes
2026-10-05T00:57:56.87402Z,KXDOGE15M-26OCT042100-00,0.9890,8.97,yes
2026-10-05T00:57:57.032782Z,KXDOGE15M-26OCT042100-00,0.9890,2.97,yes
2026-10-05T00:57:57.032782Z,KXDOGE15M-26OCT042100-00,0.9890,0.03,yes
2026-10-05T00:57:57.092196Z,KXDOGE15M-26OCT042100-00,0.9890,5.25,yes
2026-10-05T00:57:57.092196Z,KXDOGE15M-26OCT042100-00,0.9890,2.00,yes
2026-10-05T00:57:57.092196Z,KXDOGE15M-26OCT042100-00,0.9890,0.97,yes
2026-10-05T00:57:57.140105Z,KXDOGE15M-26OCT042100-00,0.9890,3.00,yes
2026-10-05T00:57:57.234479Z,KXDOGE15M-26OCT042100-00,0.9890,2.00,yes
2026-10-05T00:57:57.241083Z,KXDOGE15M-26OCT042100-00,0.9890,3.00,yes
2026-10-05T00:57:57.437278Z,KXDOGE15M-26OCT042100-00,0.9890,17.00,yes
2026-10-05T00:57:57.454562Z,KXDOGE15M-26OCT042100-00,0.9890,6.00,yes
2026-10-05T00:57:57.633406Z,KXDOGE15M-26OCT042100-00,0.9890,27.68,yes
2026-10-05T00:57:57.7621Z,KXDOGE15M-26OCT042100-00,0.9890,1.00,yes
2026-10-05T00:57:57.833028Z,KXDOGE15M-26OCT042100-00,0.9890,0.03,yes
2026-10-05T00:57:57.833028Z,KXDOGE15M-26OCT042100-00,0.9890,1.00,yes
2026-10-05T00:57:57.833028Z,KXDOGE15M-26OCT042100-00,0.9890,35.07,yes
2026-10-05T00:57:57.833028Z,KXDOGE15M-26OCT042100-00,0.9890,2.00,yes
2026-10-05T00:57:57.833028Z,KXDOGE15M-26OCT042100-00,0.9900,20.90,yes
2026-10-05T00:57:57.833028Z,KXDOGE15M-26OCT042100-00,0.9900,1.00,yes
2026-10-05T00:57:58.350429Z,KXDOGE15M-26OCT042100-00,0.9900,17.00,yes
2026-10-05T00:57:58.350429Z,KXDOGE15M-26OCT042100-00,0.9900,8.75,yes
2026-10-05T00:57:58.350429Z,KXDOGE15M-26OCT042100-00,0.9900,0.03,yes
2026-10-05T00:57:58.350429Z,KXDOGE15M-26OCT042100-00,0.9900,0.12,yes
2026-10-05T00:57:58.350429Z,KXDOGE15M-26OCT042100-00,0.9900,20.00,yes
2026-10-05T00:57:58.350429Z,KXDOGE15M-26OCT042100-00,0.9900,4.10,yes
2026-10-05T00:57:59.710573Z,KXDOGE15M-26OCT042100-00,0.9920,0.96,yes
2026-10-05T00:58:00.045755Z,KXDOGE15M-26OCT042100-00,0.9920,3.04,yes
2026-10-05T00:58:00.045755Z,KXDOGE15M-26OCT042100-00,0.9920,3.00,yes
2026-10-05T00:58:00.074625Z,KXDOGE15M-26OCT042100-00,0.9920,3.00,yes
2026-10-05T00:58:01.29009Z,KXDOGE15M-26OCT042100-00,0.9920,9.00,yes
2026-10-05T00:58:01.29009Z,KXDOGE15M-26OCT042100-00,0.9920,13.00,yes
2026-10-05T00:58:01.29009Z,KXDOGE15M-26OCT042100-00,0.9920,0.03,yes
2026-10-05T00:58:01.690152Z,KXDOGE15M-26OCT042100-00,0.9930,6.69,yes
2026-10-05T00:58:01.690152Z,KXDOGE15M-26OCT042100-00,0.9930,9.00,yes
2026-10-05T00:58:01.801937Z,KXDOGE15M-26OCT042100-00,0.9920,18.00,no
2026-10-05T00:58:01.801937Z,KXDOGE15M-26OCT042100-00,0.9920,20.00,no
2026-10-05T00:58:01.933639Z,KXDOGE15M-26OCT042100-00,0.9910,0.03,no
2026-10-05T00:58:01.933639Z,KXDOGE15M-26OCT042100-00,0.9920,0.03,no
2026-10-05T00:58:01.933639Z,KXDOGE15M-26OCT042100-00,0.9910,1.00,no
2026-10-05T00:58:02.1314Z,KXDOGE15M-26OCT042100-00,0.9900,2.00,no
2026-10-05T00:58:02.606679Z,KXDOGE15M-26OCT042100-00,0.9910,8.15,yes
2026-10-05T00:58:02.608919Z,KXDOGE15M-26OCT042100-00,0.9900,0.10,no
2026-10-05T00:58:02.608919Z,KXDOGE15M-26OCT042100-00,0.9900,3.90,no
2026-10-05T00:58:02.814547Z,KXDOGE15M-26OCT042100-00,0.9910,18.00,yes
2026-10-05T00:58:03.50455Z,KXDOGE15M-26OCT042100-00,0.9930,9.13,yes
2026-10-05T00:58:03.50455Z,KXDOGE15M-26OCT042100-00,0.9920,11.00,yes
2026-10-05T00:58:03.771528Z,KXDOGE15M-26OCT042100-00,0.9930,2.01,yes
2026-10-05T00:58:05.08608Z,KXDOGE15M-26OCT042100-00,0.9940,10.00,yes
2026-10-05T00:58:05.08608Z,KXDOGE15M-26OCT042100-00,0.9940,0.03,yes
2026-10-05T00:58:05.08608Z,KXDOGE15M-26OCT042100-00,0.9940,5.00,yes
2026-10-05T00:58:05.08608Z,KXDOGE15M-26OCT042100-00,0.9940,19.00,yes
2026-10-05T00:58:05.08608Z,KXDOGE15M-26OCT042100-00,0.9940,8.00,yes
2026-10-05T00:58:05.08608Z,KXDOGE15M-26OCT042100-00,0.9950,143.13,yes
2026-10-05T00:58:05.613679Z,KXDOGE15M-26OCT042100-00,0.9910,0.03,no
2026-10-05T00:58:05.613679Z,KXDOGE15M-26OCT042100-00,0.9930,24.00,no
2026-10-05T00:58:05.613679Z,KXDOGE15M-26OCT042100-00,0.9920,0.03,no
2026-10-05T00:58:05.613679Z,KXDOGE15M-26OCT042100-00,0.9920,0.07,no
2026-10-05T00:58:05.613679Z,KXDOGE15M-26OCT042100-00,0.9910,6.00,no
2026-10-05T00:58:05.613679Z,KXDOGE15M-26OCT042100-00,0.9920,14.00,no
2026-10-05T00:58:05.613679Z,KXDOGE15M-26OCT042100-00,0.9910,0.07,no
2026-10-05T00:58:05.613679Z,KXDOGE15M-26OCT042100-00,0.9900,21.10,no
2026-10-05T00:58:05.613679Z,KXDOGE15M-26OCT042100-00,0.9900,0.66,no
2026-10-05T00:58:05.613679Z,KXDOGE15M-26OCT042100-00,0.9920,20.90,no
2026-10-05T00:58:05.86782Z,KXDOGE15M-26OCT042100-00,0.9930,21.00,yes
2026-10-05T00:58:05.86782Z,KXDOGE15M-26OCT042100-00,0.9940,9.03,yes
2026-10-05T00:58:06.078035Z,KXDOGE15M-26OCT042100-00,0.9830,7.00,no
2026-10-05T00:58:06.078035Z,KXDOGE15M-26OCT042100-00,0.9870,0.03,no
2026-10-05T00:58:06.078035Z,KXDOGE15M-26OCT042100-00,0.9870,1.00,no
2026-10-05T00:58:06.078035Z,KXDOGE15M-26OCT042100-00,0.9880,6.00,no
2026-10-05T00:58:06.078035Z,KXDOGE15M-26OCT042100-00,0.9840,0.12,no
2026-10-05T00:58:06.078035Z,KXDOGE15M-26OCT042100-00,0.9860,1.40,no
2026-10-05T00:58:06.078035Z,KXDOGE15M-26OCT042100-00,0.9920,24.00,no
2026-10-05T00:58:06.078035Z,KXDOGE15M-26OCT042100-00,0.9870,0.09,no
2026-10-05T00:58:06.078035Z,KXDOGE15M-26OCT042100-00,0.9850,0.12,no
2026-10-05T00:58:06.078035Z,KXDOGE15M-26OCT042100-00,0.9890,3.00,no
2026-10-05T00:58:06.078035Z,KXDOGE15M-26OCT042100-00,0.9920,4.10,no
2026-10-05T00:58:06.078035Z,KXDOGE15M-26OCT042100-00,0.9880,0.08,no
2026-10-05T00:58:06.078035Z,KXDOGE15M-26OCT042100-00,0.9850,1.40,no
2026-10-05T00:58:06.078035Z,KXDOGE15M-26OCT042100-00,0.9900,4.00,no
2026-10-05T00:58:06.078035Z,KXDOGE15M-26OCT042100-00,0.9900,0.01,no
2026-10-05T00:58:06.078035Z,KXDOGE15M-26OCT042100-00,0.9860,0.03,no
2026-10-05T00:58:06.078035Z,KXDOGE15M-26OCT042100-00,0.9900,0.07,no
2026-10-05T00:58:06.078035Z,KXDOGE15M-26OCT042100-00,0.9890,0.07,no
2026-10-05T00:58:06.078035Z,KXDOGE15M-26OCT042100-00,0.9860,1.00,no
2026-10-05T00:58:06.078035Z,KXDOGE15M-26OCT042100-00,0.9870,3.00,no
2026-10-05T00:58:06.078035Z,KXDOGE15M-26OCT042100-00,0.9860,0.10,no
2026-10-05T00:58:06.078035Z,KXDOGE15M-26OCT042100-00,0.9820,26.05,no
2026-10-05T00:58:06.078035Z,KXDOGE15M-26OCT042100-00,0.9900,2.34,no
2026-10-05T00:58:06.078035Z,KXDOGE15M-26OCT042100-00,0.9860,1.00,no
2026-10-05T00:58:06.078035Z,KXDOGE15M-26OCT042100-00,0.9830,1.00,no
2026-10-05T00:58:06.078035Z,KXDOGE15M-26OCT042100-00,0.9850,5.00,no
2026-10-05T00:58:06.078035Z,KXDOGE15M-26OCT042100-00,0.9820,2.00,no
2026-10-05T00:58:06.078035Z,KXDOGE15M-26OCT042100-00,0.9830,10.00,no
2026-10-05T00:58:06.078035Z,KXDOGE15M-26OCT042100-00,0.9840,1.00,no
2026-10-05T00:58:06.579187Z,KXDOGE15M-26OCT042100-00,0.9930,0.40,yes
2026-10-05T00:58:08.227963Z,KXDOGE15M-26OCT042100-00,0.9790,45.00,no
2026-10-05T00:58:08.227963Z,KXDOGE15M-26OCT042100-00,0.9790,55.00,no
2026-10-05T00:58:08.227963Z,KXDOGE15M-26OCT042100-00,0.9820,44.00,no
2026-10-05T00:58:08.227963Z,KXDOGE15M-26OCT042100-00,0.9800,350.00,no
2026-10-05T00:58:08.227963Z,KXDOGE15M-26OCT042100-00,0.9800,15.00,no
2026-10-05T00:58:08.227963Z,KXDOGE15M-26OCT042100-00,0.9810,0.17,no
2026-10-05T00:58:08.227963Z,KXDOGE15M-26OCT042100-00,0.9860,3.00,no
2026-10-05T00:58:08.227963Z,KXDOGE15M-26OCT042100-00,0.9880,8.00,no
2026-10-05T00:58:08.227963Z,KXDOGE15M-26OCT042100-00,0.9850,1.00,no
2026-10-05T00:58:08.227963Z,KXDOGE15M-26OCT042100-00,0.9910,3.00,no
2026-10-05T00:58:08.227963Z,KXDOGE15M-26OCT042100-00,0.9910,3.00,no
2026-10-05T00:58:08.227963Z,KXDOGE15M-26OCT042100-00,0.9830,1.00,no
2026-10-05T00:58:08.227963Z,KXDOGE15M-26OCT042100-00,0.9900,3.00,no
2026-10-05T00:58:08.227963Z,KXDOGE15M-26OCT042100-00,0.9790,20.00,no
2026-10-05T00:58:08.227963Z,KXDOGE15M-26OCT042100-00,0.9800,0.19,no
2026-10-05T00:58:08.227963Z,KXDOGE15M-26OCT042100-00,0.9790,40.00,no
2026-10-05T00:58:08.227963Z,KXDOGE15M-26OCT042100-00,0.9910,1.00,no
2026-10-05T00:58:08.227963Z,KXDOGE15M-26OCT042100-00,0.9850,5.00,no
2026-10-05T00:58:08.227963Z,KXDOGE15M-26OCT042100-00,0.9830,0.13,no
2026-10-05T00:58:08.227963Z,KXDOGE15M-26OCT042100-00,0.9820,8.00,no
2026-10-05T00:58:08.227963Z,KXDOGE15M-26OCT042100-00,0.9790,26.95,no
2026-10-05T00:58:08.227963Z,KXDOGE15M-26OCT042100-00,0.9820,0.15,no
2026-10-05T00:58:08.227963Z,KXDOGE15M-26OCT042100-00,0.9810,13.90,no
2026-10-05T00:58:08.227963Z,KXDOGE15M-26OCT042100-00,0.9810,99.00,no
2026-10-05T00:58:08.227963Z,KXDOGE15M-26OCT042100-00,0.9810,36.00,no
2026-10-05T00:58:08.227963Z,KXDOGE15M-26OCT042100-00,0.9810,1.00,no
2026-10-05T00:58:08.227963Z,KXDOGE15M-26OCT042100-00,0.9810,2.10,no
2026-10-05T00:58:08.227963Z,KXDOGE15M-26OCT042100-00,0.9810,2.00,no
2026-10-05T00:58:08.227963Z,KXDOGE15M-26OCT042100-00,0.9810,6.00,no
2026-10-05T00:58:08.241977Z,KXDOGE15M-26OCT042100-00,0.9930,1.00,yes
2026-10-05T00:58:08.680078Z,KXDOGE15M-26OCT042100-00,0.9920,10.00,yes
2026-10-05T00:58:08.790269Z,KXDOGE15M-26OCT042100-00,0.9920,5.00,yes
2026-10-05T00:58:09.07577Z,KXDOGE15M-26OCT042100-00,0.9920,4.87,yes
2026-10-05T00:58:09.455301Z,KXDOGE15M-26OCT042100-00,0.9810,2.76,no
2026-10-05T00:58:09.455301Z,KXDOGE15M-26OCT042100-00,0.9890,3.00,no
2026-10-05T00:58:09.455301Z,KXDOGE15M-26OCT042100-00,0.9850,5.00,no
2026-10-05T00:58:09.455301Z,KXDOGE15M-26OCT042100-00,0.9910,3.00,no
2026-10-05T00:58:09.455301Z,KXDOGE15M-26OCT042100-00,0.9860,0.03,no
2026-10-05T00:58:09.455301Z,KXDOGE15M-26OCT042100-00,0.9910,19.00,no
2026-10-05T00:58:09.455301Z,KXDOGE15M-26OCT042100-00,0.9900,3.00,no
2026-10-05T00:58:09.455301Z,KXDOGE15M-26OCT042100-00,0.9910,1.00,no
2026-10-05T00:58:09.455301Z,KXDOGE15M-26OCT042100-00,0.9910,7.00,no
2026-10-05T00:58:10.067064Z,KXDOGE15M-26OCT042100-00,0.9910,7.39,yes
2026-10-05T00:58:10.386942Z,KXDOGE15M-26OCT042100-00,0.9910,8.00,yes
2026-10-05T00:58:10.396151Z,KXDOGE15M-26OCT042100-00,0.9910,1.00,yes
2026-10-05T00:58:10.396151Z,KXDOGE15M-26OCT042100-00,0.9910,0.03,yes
2026-10-05T00:58:10.490187Z,KXDOGE15M-26OCT042100-00,0.9910,5.00,yes
2026-10-05T00:58:10.671902Z,KXDOGE15M-26OCT042100-00,0.9920,0.13,yes
2026-10-05T00:58:10.671902Z,KXDOGE15M-26OCT042100-00,0.9920,0.07,yes
2026-10-05T00:58:11.056852Z,KXDOGE15M-26OCT042100-00,0.9920,74.82,yes
2026-10-05T00:58:11.056852Z,KXDOGE15M-26OCT042100-00,0.9920,25.93,yes
2026-10-05T00:58:11.180806Z,KXDOGE15M-26OCT042100-00,0.9920,20.15,yes
2026-10-05T00:58:12.08789Z,KXDOGE15M-26OCT042100-00,0.9920,12.26,yes
2026-10-05T00:58:12.529655Z,KXDOGE15M-26OCT042100-00,0.9920,4.00,yes
2026-10-05T00:58:12.756319Z,KXDOGE15M-26OCT042100-00,0.9920,4.00,yes
2026-10-05T00:58:12.824661Z,KXDOGE15M-26OCT042100-00,0.9910,0.07,no
2026-10-05T00:58:12.824661Z,KXDOGE15M-26OCT042100-00,0.9910,6.00,no
2026-10-05T00:58:12.824661Z,KXDOGE15M-26OCT042100-00,0.9880,1.87,no
2026-10-05T00:58:12.824661Z,KXDOGE15M-26OCT042100-00,0.9910,26.00,no
2026-10-05T00:58:12.91933Z,KXDOGE15M-26OCT042100-00,0.9910,2.00,yes
2026-10-05T00:58:13.135094Z,KXDOGE15M-26OCT042100-00,0.9920,2.00,yes
2026-10-05T00:58:13.377931Z,KXDOGE15M-26OCT042100-00,0.9920,2.01,yes
2026-10-05T00:58:13.921744Z,KXDOGE15M-26OCT042100-00,0.9920,40.00,yes
2026-10-05T00:58:14.214095Z,KXDOGE15M-26OCT042100-00,0.9900,0.01,no
2026-10-05T00:58:14.214095Z,KXDOGE15M-26OCT042100-00,0.9910,10.00,no
2026-10-05T00:58:14.214095Z,KXDOGE15M-26OCT042100-00,0.9890,1.13,no
2026-10-05T00:58:14.214095Z,KXDOGE15M-26OCT042100-00,0.9910,6.00,no
2026-10-05T00:58:14.214095Z,KXDOGE15M-26OCT042100-00,0.9910,1.00,no
2026-10-05T00:58:15.092308Z,KXDOGE15M-26OCT042100-00,0.9920,26.00,yes
2026-10-05T00:58:15.092308Z,KXDOGE15M-26OCT042100-00,0.9920,0.76,yes
2026-10-05T00:58:15.917693Z,KXDOGE15M-26OCT042100-00,0.9940,19.00,yes
2026-10-05T00:58:15.917693Z,KXDOGE15M-26OCT042100-00,0.9940,26.00,yes
2026-10-05T00:58:15.917693Z,KXDOGE15M-26OCT042100-00,0.9960,3.00,yes
2026-10-05T00:58:15.917693Z,KXDOGE15M-26OCT042100-00,0.9970,321.13,yes
2026-10-05T00:58:15.917693Z,KXDOGE15M-26OCT042100-00,0.9970,250.00,yes
2026-10-05T00:58:15.917693Z,KXDOGE15M-26OCT042100-00,0.9970,30.00,yes
2026-10-05T00:58:15.917693Z,KXDOGE15M-26OCT042100-00,0.9950,1.00,yes
2026-10-05T00:58:15.917693Z,KXDOGE15M-26OCT042100-00,0.9950,56.87,yes
2026-10-05T00:58:15.917693Z,KXDOGE15M-26OCT042100-00,0.9970,423.00,yes
2026-10-05T00:58:15.917693Z,KXDOGE15M-26OCT042100-00,0.9960,1.00,yes
2026-10-05T00:58:15.917693Z,KXDOGE15M-26OCT042100-00,0.9970,2.00,yes
2026-10-05T00:58:15.917693Z,KXDOGE15M-26OCT042100-00,0.9960,1.00,yes
2026-10-05T00:58:15.917693Z,KXDOGE15M-26OCT042100-00,0.9970,2.00,yes
2026-10-05T00:58:15.917693Z,KXDOGE15M-26OCT042100-00,0.9950,11.00,yes
2026-10-05T00:58:15.917693Z,KXDOGE15M-26OCT042100-00,0.9960,13.00,yes
2026-10-05T00:58:15.917693Z,KXDOGE15M-26OCT042100-00,0.9970,18.00,yes
2026-10-05T00:58:15.917693Z,KXDOGE15M-26OCT042100-00,0.9960,1.00,yes
2026-10-05T00:58:15.917693Z,KXDOGE15M-26OCT042100-00,0.9970,2.00,yes
2026-10-05T00:58:15.917693Z,KXDOGE15M-26OCT042100-00,0.9960,1.00,yes
2026-10-05T00:58:15.917693Z,KXDOGE15M-26OCT042100-00,0.9970,2.00,yes
2026-10-05T00:58:15.917693Z,KXDOGE15M-26OCT042100-00,0.9960,1.00,yes
2026-10-05T00:58:15.917693Z,KXDOGE15M-26OCT042100-00,0.9970,2.00,yes
2026-10-05T00:58:15.95978Z,KXDOGE15M-26OCT042100-00,0.9960,112.00,yes
2026-10-05T00:58:15.95978Z,KXDOGE15M-26OCT042100-00,0.9960,25.00,yes
2026-10-05T00:58:17.035239Z,KXDOGE15M-26OCT042100-00,0.9960,2.05,no
2026-10-05T00:58:17.091348Z,KXDOGE15M-26OCT042100-00,0.9960,3.78,no
2026-10-05T00:58:18.704625Z,KXDOGE15M-26OCT042100-00,0.9970,3.00,yes
2026-10-05T00:58:19.932796Z,KXDOGE15M-26OCT042100-00,0.9970,33.00,yes
2026-10-05T00:58:19.932796Z,KXDOGE15M-26OCT042100-00,0.9970,7.00,yes
2026-10-05T00:58:19.938266Z,KXDOGE15M-26OCT042100-00,0.9970,40.00,yes
2026-10-05T00:58:19.967414Z,KXDOGE15M-26OCT042100-00,0.9970,10.00,yes
2026-10-05T00:58:19.967414Z,KXDOGE15M-26OCT042100-00,0.9970,8.00,yes
2026-10-05T00:58:19.967414Z,KXDOGE15M-26OCT042100-00,0.9970,22.00,yes
2026-10-05T00:58:19.970577Z,KXDOGE15M-26OCT042100-00,0.9970,19.00,yes
2026-10-05T00:58:19.970577Z,KXDOGE15M-26OCT042100-00,0.9970,21.00,yes
2026-10-05T00:58:19.97597Z,KXDOGE15M-26OCT042100-00,0.9970,16.00,yes
2026-10-05T00:58:19.978203Z,KXDOGE15M-26OCT042100-00,0.9970,9.00,yes
2026-10-05T00:58:19.983304Z,KXDOGE15M-26OCT042100-00,0.9970,40.00,yes
2026-10-05T00:58:20.02518Z,KXDOGE15M-26OCT042100-00,0.9970,40.00,yes
2026-10-05T00:58:20.172556Z,KXDOGE15M-26OCT042100-00,0.9970,34.00,yes
2026-10-05T00:58:20.342523Z,KXDOGE15M-26OCT042100-00,0.9970,7.00,yes
2026-10-05T00:58:20.469012Z,KXDOGE15M-26OCT042100-00,0.9970,5.00,yes
2026-10-05T00:58:20.67294Z,KXDOGE15M-26OCT042100-00,0.9970,21.00,yes
2026-10-05T00:58:20.680365Z,KXDOGE15M-26OCT042100-00,0.9970,7.00,yes
2026-10-05T00:58:20.772624Z,KXDOGE15M-26OCT042100-00,0.9970,7.00,yes
2026-10-05T00:58:20.892628Z,KXDOGE15M-26OCT042100-00,0.9970,8.00,yes
2026-10-05T00:58:20.892628Z,KXDOGE15M-26OCT042100-00,0.9970,10.00,yes
2026-10-05T00:58:20.892628Z,KXDOGE15M-26OCT042100-00,0.9970,43.00,yes
2026-10-05T00:58:20.892628Z,KXDOGE15M-26OCT042100-00,0.9980,180.38,yes
2026-10-05T00:58:20.892628Z,KXDOGE15M-26OCT042100-00,0.9980,100.00,yes
2026-10-05T00:58:20.892628Z,KXDOGE15M-26OCT042100-00,0.9980,400.00,yes
2026-10-05T00:58:21.409348Z,KXDOGE15M-26OCT042100-00,0.9970,9.00,yes
2026-10-05T00:58:22.412861Z,KXDOGE15M-26OCT042100-00,0.9970,8.00,yes
2026-10-05T00:58:22.412861Z,KXDOGE15M-26OCT042100-00,0.9970,1.00,yes
2026-10-05T00:58:22.79254Z,KXDOGE15M-26OCT042100-00,0.9980,113.51,yes
2026-10-05T00:58:22.918463Z,KXDOGE15M-26OCT042100-00,0.9980,83.00,yes
2026-10-05T00:58:22.918463Z,KXDOGE15M-26OCT042100-00,0.9980,15.54,yes
2026-10-05T00:58:22.918463Z,KXDOGE15M-26OCT042100-00,0.9980,5.00,yes
2026-10-05T00:58:22.918463Z,KXDOGE15M-26OCT042100-00,0.9980,206.11,yes
2026-10-05T00:58:22.918463Z,KXDOGE15M-26OCT042100-00,0.9980,3.00,yes
2026-10-05T00:58:22.918463Z,KXDOGE15M-26OCT042100-00,0.9980,3.00,yes
2026-10-05T00:58:22.918463Z,KXDOGE15M-26OCT042100-00,0.9980,3.00,yes
2026-10-05T00:58:22.918463Z,KXDOGE15M-26OCT042100-00,0.9980,3.00,yes
2026-10-05T00:58:22.918463Z,KXDOGE15M-26OCT042100-00,0.9980,3.00,yes
2026-10-05T00:58:22.918463Z,KXDOGE15M-26OCT042100-00,0.9980,26.00,yes
2026-10-05T00:58:24.204737Z,KXDOGE15M-26OCT042100-00,0.9980,43.68,yes
2026-10-05T00:58:24.644843Z,KXDOGE15M-26OCT042100-00,0.9980,11.02,yes
2026-10-05T00:58:24.928023Z,KXDOGE15M-26OCT042100-00,0.9980,321.13,yes
2026-10-05T00:58:25.443756Z,KXDOGE15M-26OCT042100-00,0.9980,2.00,yes
2026-10-05T00:58:25.451354Z,KXDOGE15M-26OCT042100-00,0.9980,2.00,yes
2026-10-05T00:58:25.459411Z,KXDOGE15M-26OCT042100-00,0.9980,2.00,yes
2026-10-05T00:58:25.466339Z,KXDOGE15M-26OCT042100-00,0.9980,2.00,yes
2026-10-05T00:58:25.472355Z,KXDOGE15M-26OCT042100-00,0.9980,2.00,yes
2026-10-05T00:58:25.539241Z,KXDOGE15M-26OCT042100-00,0.9980,2.00,yes
2026-10-05T00:58:25.545187Z,KXDOGE15M-26OCT042100-00,0.9980,2.00,yes
2026-10-05T00:58:25.550509Z,KXDOGE15M-26OCT042100-00,0.9970,1.00,no
2026-10-05T00:58:25.552787Z,KXDOGE15M-26OCT042100-00,0.9980,2.00,yes
2026-10-05T00:58:25.654796Z,KXDOGE15M-26OCT042100-00,0.9980,2.00,yes
2026-10-05T00:58:25.66162Z,KXDOGE15M-26OCT042100-00,0.9980,2.00,yes
2026-10-05T00:58:25.667273Z,KXDOGE15M-26OCT042100-00,0.9980,2.00,yes
2026-10-05T00:58:25.675005Z,KXDOGE15M-26OCT042100-00,0.9980,2.00,yes
2026-10-05T00:58:25.756438Z,KXDOGE15M-26OCT042100-00,0.9980,5.00,yes
2026-10-05T00:58:25.762214Z,KXDOGE15M-26OCT042100-00,0.9980,2.00,yes
2026-10-05T00:58:25.769085Z,KXDOGE15M-26OCT042100-00,0.9980,2.00,yes
2026-10-05T00:58:25.774218Z,KXDOGE15M-26OCT042100-00,0.9980,2.00,yes
2026-10-05T00:58:26.569633Z,KXDOGE15M-26OCT042100-00,0.9970,30.53,no
2026-10-05T00:58:26.977093Z,KXDOGE15M-26OCT042100-00,0.9980,15.02,yes
2026-10-05T00:58:27.25883Z,KXDOGE15M-26OCT042100-00,0.9980,2.00,yes
2026-10-05T00:58:27.267015Z,KXDOGE15M-26OCT042100-00,0.9980,2.00,yes
2026-10-05T00:58:27.274226Z,KXDOGE15M-26OCT042100-00,0.9980,2.00,yes
2026-10-05T00:58:27.342879Z,KXDOGE15M-26OCT042100-00,0.9980,12.00,yes
2026-10-05T00:58:27.492885Z,KXDOGE15M-26OCT042100-00,0.9980,5.00,yes
2026-10-05T00:58:27.502327Z,KXDOGE15M-26OCT042100-00,0.9980,2.00,yes
2026-10-05T00:58:27.508363Z,KXDOGE15M-26OCT042100-00,0.9980,2.00,yes
2026-10-05T00:58:27.515495Z,KXDOGE15M-26OCT042100-00,0.9980,2.00,yes
2026-10-05T00:58:28.300053Z,KXDOGE15M-26OCT042100-00,0.9970,15.27,no
2026-10-05T00:58:28.330216Z,KXDOGE15M-26OCT042100-00,0.9980,41.10,yes
2026-10-05T00:58:28.397756Z,KXDOGE15M-26OCT042100-00,0.9980,10.00,yes
2026-10-05T00:58:28.405873Z,KXDOGE15M-26OCT042100-00,0.9980,2.00,yes
2026-10-05T00:58:28.41411Z,KXDOGE15M-26OCT042100-00,0.9980,2.00,yes
2026-10-05T00:58:28.420103Z,KXDOGE15M-26OCT042100-00,0.9980,2.00,yes
2026-10-05T00:58:28.426539Z,KXDOGE15M-26OCT042100-00,0.9980,2.00,yes
2026-10-05T00:58:28.443108Z,KXDOGE15M-26OCT042100-00,0.9980,29.00,yes
2026-10-05T00:58:28.452361Z,KXDOGE15M-26OCT042100-00,0.9980,0.07,yes
2026-10-05T00:58:28.452361Z,KXDOGE15M-26OCT042100-00,0.9980,0.73,yes
2026-10-05T00:58:29.608786Z,KXDOGE15M-26OCT042100-00,0.9990,23.02,yes
2026-10-05T00:58:30.846085Z,KXDOGE15M-26OCT042100-00,0.9990,14.50,yes
2026-10-05T00:58:33.718635Z,KXDOGE15M-26OCT042100-00,0.9990,398.15,yes
2026-10-05T00:58:33.907936Z,KXDOGE15M-26OCT042100-00,0.9990,14.12,yes
2026-10-05T00:58:34.066671Z,KXDOGE15M-26OCT042100-00,0.9990,7.20,yes
2026-10-05T00:58:35.198976Z,KXDOGE15M-26OCT042100-00,0.9990,11.01,yes
2026-10-05T00:58:36.984315Z,KXDOGE15M-26OCT042100-00,0.9990,1.00,yes
2026-10-05T00:58:41.235967Z,KXDOGE15M-26OCT042100-00,0.9990,25.02,yes
2026-10-05T00:58:47.742798Z,KXDOGE15M-26OCT042100-00,0.9990,3.00,yes
2026-10-05T00:58:49.193766Z,KXDOGE15M-26OCT042100-00,0.9980,1.57,no
2026-10-05T00:58:49.193766Z,KXDOGE15M-26OCT042100-00,0.9980,14.12,no
2026-10-05T00:58:49.193766Z,KXDOGE15M-26OCT042100-00,0.9980,398.15,no
2026-10-05T00:58:49.193766Z,KXDOGE15M-26OCT042100-00,0.9980,14.50,no
2026-10-05T00:58:49.193766Z,KXDOGE15M-26OCT042100-00,0.9980,1.55,no
2026-10-05T00:58:49.193766Z,KXDOGE15M-26OCT042100-00,0.9980,7.20,no
2026-10-05T00:58:49.193766Z,KXDOGE15M-26OCT042100-00,0.9980,11.01,no
2026-10-05T00:58:49.193766Z,KXDOGE15M-26OCT042100-00,0.9980,250.00,no
2026-10-05T00:58:49.193766Z,KXDOGE15M-26OCT042100-00,0.9980,34.00,no
2026-10-05T00:58:49.193766Z,KXDOGE15M-26OCT042100-00,0.9980,21.00,no
2026-10-05T00:58:49.193766Z,KXDOGE15M-26OCT042100-00,0.9980,7.00,no
2026-10-05T00:58:49.193766Z,KXDOGE15M-26OCT042100-00,0.9980,40.00,no
2026-10-05T00:58:49.193766Z,KXDOGE15M-26OCT042100-00,0.9980,7.00,no
2026-10-05T00:58:49.193766Z,KXDOGE15M-26OCT042100-00,0.9980,40.00,no
2026-10-05T00:58:49.193766Z,KXDOGE15M-26OCT042100-00,0.9980,9.00,no
2026-10-05T00:58:49.193766Z,KXDOGE15M-26OCT042100-00,0.9980,16.00,no
2026-10-05T00:58:49.193766Z,KXDOGE15M-26OCT042100-00,0.9980,21.00,no
2026-10-05T00:58:49.193766Z,KXDOGE15M-26OCT042100-00,0.9980,5.00,no
2026-10-05T00:58:49.193766Z,KXDOGE15M-26OCT042100-00,0.9980,7.00,no
2026-10-05T00:58:49.193766Z,KXDOGE15M-26OCT042100-00,0.9980,43.00,no
2026-10-05T00:58:49.193766Z,KXDOGE15M-26OCT042100-00,0.9980,180.38,no
2026-10-05T00:58:49.193766Z,KXDOGE15M-26OCT042100-00,0.9980,11.02,no
2026-10-05T00:58:49.193766Z,KXDOGE15M-26OCT042100-00,0.9980,321.13,no
2026-10-05T00:58:49.193766Z,KXDOGE15M-26OCT042100-00,0.9980,2.00,no
2026-10-05T00:58:49.193766Z,KXDOGE15M-26OCT042100-00,0.9980,1.55,no
2026-10-05T00:58:49.193766Z,KXDOGE15M-26OCT042100-00,0.9980,2.00,no
2026-10-05T00:58:49.193766Z,KXDOGE15M-26OCT042100-00,0.9980,2.00,no
2026-10-05T00:58:49.193766Z,KXDOGE15M-26OCT042100-00,0.9980,5.00,no
2026-10-05T00:58:49.193766Z,KXDOGE15M-26OCT042100-00,0.9980,2.00,no
2026-10-05T00:58:49.193766Z,KXDOGE15M-26OCT042100-00,0.9980,2.00,no
2026-10-05T00:58:49.193766Z,KXDOGE15M-26OCT042100-00,0.9980,2.00,no
2026-10-05T00:58:49.193766Z,KXDOGE15M-26OCT042100-00,0.9980,2.00,no
2026-10-05T00:58:49.193766Z,KXDOGE15M-26OCT042100-00,0.9980,2.00,no
2026-10-05T00:58:49.193766Z,KXDOGE15M-26OCT042100-00,0.9980,2.00,no
2026-10-05T00:58:49.193766Z,KXDOGE15M-26OCT042100-00,0.9980,2.00,no
2026-10-05T00:58:49.193766Z,KXDOGE15M-26OCT042100-00,0.9980,2.00,no
2026-10-05T00:58:49.193766Z,KXDOGE15M-26OCT042100-00,0.9980,2.00,no
2026-10-05T00:58:49.193766Z,KXDOGE15M-26OCT042100-00,0.9980,113.51,no
2026-10-05T00:58:49.193766Z,KXDOGE15M-26OCT042100-00,0.9980,9.32,no
2026-10-05T00:58:49.193766Z,KXDOGE15M-26OCT042100-00,0.9980,50.62,no
2026-10-05T00:58:49.193766Z,KXDOGE15M-26OCT042100-00,0.9980,1.55,no
2026-10-05T00:58:49.193766Z,KXDOGE15M-26OCT042100-00,0.9980,2.00,no
2026-10-05T00:58:49.193766Z,KXDOGE15M-26OCT042100-00,0.9980,2.00,no
2026-10-05T00:58:49.193766Z,KXDOGE15M-26OCT042100-00,0.9980,2.00,no
2026-10-05T00:58:49.193766Z,KXDOGE15M-26OCT042100-00,0.9980,10.00,no
2026-10-05T00:58:49.193766Z,KXDOGE15M-26OCT042100-00,0.9980,41.10,no
2026-10-05T00:58:49.193766Z,KXDOGE15M-26OCT042100-00,0.9980,0.73,no
2026-10-05T00:58:49.193766Z,KXDOGE15M-26OCT042100-00,0.9980,29.00,no
2026-10-05T00:58:49.193766Z,KXDOGE15M-26OCT042100-00,0.9980,23.02,no
2026-10-05T00:58:49.193766Z,KXDOGE15M-26OCT042100-00,0.9980,2.00,no
2026-10-05T00:58:49.193766Z,KXDOGE15M-26OCT042100-00,0.9980,2.00,no
2026-10-05T00:58:49.193766Z,KXDOGE15M-26OCT042100-00,0.9980,2.00,no
2026-10-05T00:58:49.193766Z,KXDOGE15M-26OCT042100-00,0.9980,5.00,no
2026-10-05T00:58:49.193766Z,KXDOGE15M-26OCT042100-00,0.9980,12.00,no
2026-10-05T00:58:49.193766Z,KXDOGE15M-26OCT042100-00,0.9980,2.00,no
2026-10-05T00:58:49.193766Z,KXDOGE15M-26OCT042100-00,0.9980,2.00,no
2026-10-05T00:58:49.193766Z,KXDOGE15M-26OCT042100-00,0.9980,2.00,no
2026-10-05T00:58:49.193766Z,KXDOGE15M-26OCT042100-00,0.9980,15.02,no
2026-10-05T00:58:49.193766Z,KXDOGE15M-26OCT042100-00,0.9980,2.00,no
2026-10-05T00:58:49.193766Z,KXDOGE15M-26OCT042100-00,0.9980,10.00,no
2026-10-05T00:58:50.523981Z,KXDOGE15M-26OCT042100-00,0.9980,12.46,no
2026-10-05T00:58:50.523981Z,KXDOGE15M-26OCT042100-00,0.9980,95.00,no
2026-10-05T00:58:50.523981Z,KXDOGE15M-26OCT042100-00,0.9980,0.03,no
2026-10-05T00:58:50.523981Z,KXDOGE15M-26OCT042100-00,0.9980,3.00,no
2026-10-05T00:58:50.523981Z,KXDOGE15M-26OCT042100-00,0.9980,2.00,no
2026-10-05T00:58:50.523981Z,KXDOGE15M-26OCT042100-00,0.9980,2.00,no
2026-10-05T00:58:50.523981Z,KXDOGE15M-26OCT042100-00,0.9980,2.00,no
2026-10-05T00:58:50.523981Z,KXDOGE15M-26OCT042100-00,0.9980,155.49,no
2026-10-05T00:58:50.523981Z,KXDOGE15M-26OCT042100-00,0.9980,3.00,no
2026-10-05T00:58:50.523981Z,KXDOGE15M-26OCT042100-00,0.9980,25.02,no
2026-10-05T00:58:50.523981Z,KXDOGE15M-26OCT042100-00,0.9980,154.00,no
2026-10-05T00:58:50.523981Z,KXDOGE15M-26OCT042100-00,0.9980,1.00,no
2026-10-05T00:58:50.523981Z,KXDOGE15M-26OCT042100-00,0.9980,3.00,no
2026-10-05T00:58:54.720979Z,KXDOGE15M-26OCT042100-00,0.9990,1.00,yes
2026-10-05T00:58:55.783789Z,KXDOGE15M-26OCT042100-00,0.9990,95.12,yes
2026-10-05T00:58:55.783789Z,KXDOGE15M-26OCT042100-00,0.9990,1.00,yes
2026-10-05T00:58:55.783789Z,KXDOGE15M-26OCT042100-00,0.9990,1.00,yes
2026-10-05T00:58:55.783789Z,KXDOGE15M-26OCT042100-00,0.9990,1.00,yes
2026-10-05T00:58:55.783789Z,KXDOGE15M-26OCT042100-00,0.9990,1.98,yes
2026-10-05T00:58:56.126547Z,KXDOGE15M-26OCT042100-00,0.9980,229.01,no
2026-10-05T00:58:58.988505Z,KXDOGE15M-26OCT042100-00,0.9990,8.88,yes
2026-10-05T00:58:58.988505Z,KXDOGE15M-26OCT042100-00,0.9990,9.06,yes
2026-10-05T00:58:59.161496Z,KXDOGE15M-26OCT042100-00,0.9980,1.32,no
2026-10-05T00:58:59.424985Z,KXDOGE15M-26OCT042100-00,0.9990,23.02,yes
2026-10-05T00:58:59.424985Z,KXDOGE15M-26OCT042100-00,0.9990,388.94,yes
2026-10-05T00:58:59.424985Z,KXDOGE15M-26OCT042100-00,0.9990,17.00,yes
2026-10-05T00:58:59.424985Z,KXDOGE15M-26OCT042100-00,0.9990,14.50,yes
2026-10-05T00:58:59.424985Z,KXDOGE15M-26OCT042100-00,0.9990,0.94,yes
2026-10-05T00:58:59.597004Z,KXDOGE15M-26OCT042100-00,0.9990,1.00,yes
2026-10-05T00:58:59.97623Z,KXDOGE15M-26OCT042100-00,0.9990,1.43,yes
2026-10-05T00:58:59.97623Z,KXDOGE15M-26OCT042100-00,0.9990,1.00,yes
2026-10-05T00:58:59.97623Z,KXDOGE15M-26OCT042100-00,0.9990,4.00,yes
2026-10-05T00:58:59.97623Z,KXDOGE15M-26OCT042100-00,0.9990,10.00,yes
2026-10-05T00:58:59.97623Z,KXDOGE15M-26OCT042100-00,0.9990,8.21,yes
2026-10-05T00:58:59.97623Z,KXDOGE15M-26OCT042100-00,0.9990,7.20,yes
2026-10-05T00:58:59.97623Z,KXDOGE15M-26OCT042100-00,0.9990,14.12,yes
2026-10-05T00:58:59.97623Z,KXDOGE15M-26OCT042100-00,0.9990,11.01,yes
2026-10-05T00:58:59.97623Z,KXDOGE15M-26OCT042100-00,0.9990,3.00,yes
2026-10-05T00:58:59.97623Z,KXDOGE15M-26OCT042100-00,0.9990,25.02,yes
2026-10-05T00:58:59.97623Z,KXDOGE15M-26OCT042100-00,0.9990,1.00,yes
2026-10-05T00:59:00.266389Z,KXDOGE15M-26OCT042100-00,0.9990,0.97,yes
2026-10-05T00:59:00.266389Z,KXDOGE15M-26OCT042100-00,0.9990,0.03,yes
2026-10-05T00:59:01.063132Z,KXDOGE15M-26OCT042100-00,0.9990,10.00,yes
2026-10-05T00:59:03.10201Z,KXDOGE15M-26OCT042100-00,0.9990,33.90,no
2026-10-05T00:59:05.504399Z,KXDOGE15M-26OCT042100-00,0.9990,91.62,no
2026-10-05T00:59:10.555204Z,KXDOGE15M-26OCT042100-00,0.9990,91.62,no
2026-10-05T00:59:16.19686Z,KXDOGE15M-26OCT042100-00,0.9990,47.14,no
2026-10-05T00:59:19.006068Z,KXDOGE15M-26OCT042100-00,0.9990,183.25,no
2026-10-05T00:59:41.238315Z,KXDOGE15M-26OCT042100-00,0.9990,1063.13,no
2026-10-05T00:59:41.238315Z,KXDOGE15M-26OCT042100-00,0.9990,3.00,no
2026-10-05T00:59:41.238315Z,KXDOGE15M-26OCT042100-00,0.9990,1156.47,no
2026-10-05T00:59:41.238315Z,KXDOGE15M-26OCT042100-00,0.9990,3.00,no
2026-10-05T00:59:41.238315Z,KXDOGE15M-26OCT042100-00,0.9990,14.00,no
2026-10-05T00:59:41.238315Z,KXDOGE15M-26OCT042100-00,0.9990,200.00,no
2026-10-05T00:59:44.786614Z,KXDOGE15M-26OCT042100-00,0.9950,300.00,no
2026-10-05T00:59:44.786614Z,KXDOGE15M-26OCT042100-00,0.9920,100.00,no
2026-10-05T00:59:44.786614Z,KXDOGE15M-26OCT042100-00,0.9970,3.00,no
2026-10-05T00:59:44.786614Z,KXDOGE15M-26OCT042100-00,0.9950,30.00,no
2026-10-05T00:59:44.786614Z,KXDOGE15M-26OCT042100-00,0.9960,280.17,no
2026-10-05T00:59:44.786614Z,KXDOGE15M-26OCT042100-00,0.9960,400.00,no
2026-10-05T00:59:44.786614Z,KXDOGE15M-26OCT042100-00,0.9960,3.00,no
2026-10-05T00:59:44.786614Z,KXDOGE15M-26OCT042100-00,0.9980,3.00,no
2026-10-05T00:59:44.786614Z,KXDOGE15M-26OCT042100-00,0.9980,3.00,no
2026-10-05T00:59:44.786614Z,KXDOGE15M-26OCT042100-00,0.9980,1.98,no
2026-10-05T00:59:44.786614Z,KXDOGE15M-26OCT042100-00,0.9980,1.00,no
2026-10-05T00:59:44.786614Z,KXDOGE15M-26OCT042100-00,0.9980,1.00,no
2026-10-05T00:59:44.786614Z,KXDOGE15M-26OCT042100-00,0.9980,25.02,no
2026-10-05T00:59:44.786614Z,KXDOGE15M-26OCT042100-00,0.9980,3.00,no
2026-10-05T00:59:44.786614Z,KXDOGE15M-26OCT042100-00,0.9980,8.21,no
2026-10-05T00:59:44.786614Z,KXDOGE15M-26OCT042100-00,0.9980,23.02,no
2026-10-05T00:59:44.786614Z,KXDOGE15M-26OCT042100-00,0.9980,14.12,no
2026-10-05T00:59:44.786614Z,KXDOGE15M-26OCT042100-00,0.9980,7.20,no
2026-10-05T00:59:44.786614Z,KXDOGE15M-26OCT042100-00,0.9980,11.01,no
2026-10-05T00:59:44.786614Z,KXDOGE15M-26OCT042100-00,0.9980,388.94,no
2026-10-05T00:59:44.786614Z,KXDOGE15M-26OCT042100-00,0.9980,14.50,no
2026-10-05T00:59:44.786614Z,KXDOGE15M-26OCT042100-00,0.9980,1.00,no
2026-10-05T00:59:44.786614Z,KXDOGE15M-26OCT042100-00,0.9950,955.00,no
2026-10-05T00:59:44.786614Z,KXDOGE15M-26OCT042100-00,0.9950,425.00,no
2026-10-05T00:59:44.786614Z,KXDOGE15M-26OCT042100-00,0.9980,395.21,no
2026-10-05T00:59:44.786614Z,KXDOGE15M-26OCT042100-00,0.9980,284.00,no
2026-10-05T00:59:44.786614Z,KXDOGE15M-26OCT042100-00,0.9930,5.00,no
2026-10-05T00:59:44.786614Z,KXDOGE15M-26OCT042100-00,0.9970,40.00,no
2026-10-05T00:59:44.786614Z,KXDOGE15M-26OCT042100-00,0.9970,40.00,no
2026-10-05T00:59:44.786614Z,KXDOGE15M-26OCT042100-00,0.9920,25.00,no
2026-10-05T00:59:44.786614Z,KXDOGE15M-26OCT042100-00,0.9930,5.00,no
2026-10-05T00:59:44.786614Z,KXDOGE15M-26OCT042100-00,0.9960,53.00,no
2026-10-05T00:59:44.786614Z,KXDOGE15M-26OCT042100-00,0.9930,5.00,no
2026-10-05T00:59:44.786614Z,KXDOGE15M-26OCT042100-00,0.9920,29.72,no
2026-10-05T00:59:44.786614Z,KXDOGE15M-26OCT042100-00,0.9930,5.00,no
2026-10-05T00:59:44.786614Z,KXDOGE15M-26OCT042100-00,0.9920,10.00,no
2026-10-05T00:59:44.786614Z,KXDOGE15M-26OCT042100-00,0.9920,5.00,no
2026-10-05T00:59:44.786614Z,KXDOGE15M-26OCT042100-00,0.9920,50.00,no
2026-10-05T00:59:44.786614Z,KXDOGE15M-26OCT042100-00,0.9920,25.00,no
2026-10-05T00:59:44.786614Z,KXDOGE15M-26OCT042100-00,0.9920,20.00,no
2026-10-05T00:59:44.786614Z,KXDOGE15M-26OCT042100-00,0.9930,5.00,no
2026-10-05T00:59:44.786614Z,KXDOGE15M-26OCT042100-00,0.9990,3.00,no
2026-10-05T00:59:44.786614Z,KXDOGE15M-26OCT042100-00,0.9920,79.00,no
2026-10-05T00:59:44.786614Z,KXDOGE15M-26OCT042100-00,0.9990,64.58,no
2026-10-05T00:59:44.786614Z,KXDOGE15M-26OCT042100-00,0.9990,4588.00,no
2026-10-05T00:59:44.786614Z,KXDOGE15M-26OCT042100-00,0.9990,3.00,no
2026-10-05T00:59:44.786614Z,KXDOGE15M-26OCT042100-00,0.9990,400.40,no
2026-10-05T00:59:44.786614Z,KXDOGE15M-26OCT042100-00,0.9990,1224.14,no
2026-10-05T00:59:44.786614Z,KXDOGE15M-26OCT042100-00,0.9990,1.00,no
2026-10-05T00:59:44.786614Z,KXDOGE15M-26OCT042100-00,0.9990,100.00,no
2026-10-05T00:59:44.786614Z,KXDOGE15M-26OCT042100-00,0.9990,2000.00,no
2026-10-05T00:59:44.786614Z,KXDOGE15M-26OCT042100-00,0.9990,5416.06,no
2026-10-05T00:59:47.707341Z,KXDOGE15M-26OCT042100-00,0.9970,112.19,no
2026-10-05T00:59:47.707341Z,KXDOGE15M-26OCT042100-00,0.9980,100.00,no
2026-10-05T00:59:47.707341Z,KXDOGE15M-26OCT042100-00,0.9990,8.89,no
2026-10-05T00:59:47.707341Z,KXDOGE15M-26OCT042100-00,0.9980,659.00,no
2026-10-05T00:59:59.826963Z,KXDOGE15M-26OCT042100-00,0.9990,1670.00,no
2026-10-05T00:59:59.826963Z,KXDOGE15M-26OCT042100-00,0.9990,91.90,no
2026-10-05T00:59:59.826963Z,KXDOGE15M-26OCT042100-00,0.9990,70.00,no
2026-10-05T00:57:43.486708Z,KXCOPPER15M-26OCT042100-00,0.9800,4.00,no
2026-10-05T00:57:43.486708Z,KXCOPPER15M-26OCT042100-00,0.9800,5.69,no
2026-10-05T00:57:43.486708Z,KXCOPPER15M-26OCT042100-00,0.9800,1.00,no
2026-10-05T00:57:43.486708Z,KXCOPPER15M-26OCT042100-00,0.9800,1.00,no
2026-10-05T00:57:47.556031Z,KXCOPPER15M-26OCT042100-00,0.9800,9.31,no
2026-10-05T00:57:47.556031Z,KXCOPPER15M-26OCT042100-00,0.9800,84.27,no
2026-10-05T00:57:48.526102Z,KXCOPPER15M-26OCT042100-00,0.9800,23.39,no
2026-10-05T00:57:55.970203Z,KXCOPPER15M-26OCT042100-00,0.9800,2.16,no
2026-10-05T00:57:56.16196Z,KXCOPPER15M-26OCT042100-00,0.9900,4.03,yes
2026-10-05T00:58:00.810925Z,KXCOPPER15M-26OCT042100-00,0.9900,0.92,yes
2026-10-05T00:58:00.810925Z,KXCOPPER15M-26OCT042100-00,0.9900,1.67,yes
2026-10-05T00:58:00.810925Z,KXCOPPER15M-26OCT042100-00,0.9900,1.41,yes
2026-10-05T00:58:00.810925Z,KXCOPPER15M-26OCT042100-00,0.9900,50.00,yes
2026-10-05T00:58:00.810925Z,KXCOPPER15M-26OCT042100-00,0.9900,9.00,yes
2026-10-05T00:58:00.810925Z,KXCOPPER15M-26OCT042100-00,0.9900,7.00,yes
2026-10-05T00:58:00.810925Z,KXCOPPER15M-26OCT042100-00,0.9900,100.00,yes
2026-10-05T00:58:00.810925Z,KXCOPPER15M-26OCT042100-00,0.9900,1.00,yes
2026-10-05T00:58:00.810925Z,KXCOPPER15M-26OCT042100-00,0.9900,2.00,yes
2026-10-05T00:58:00.810925Z,KXCOPPER15M-26OCT042100-00,0.9900,2.00,yes
2026-10-05T00:58:00.810925Z,KXCOPPER15M-26OCT042100-00,0.9900,1.00,yes
2026-10-05T00:58:00.810925Z,KXCOPPER15M-26OCT042100-00,0.9900,10.00,yes
2026-10-05T00:58:00.810925Z,KXCOPPER15M-26OCT042100-00,0.9900,100.00,yes
2026-10-05T00:58:00.810925Z,KXCOPPER15M-26OCT042100-00,0.9900,2.00,yes
2026-10-05T00:58:00.810925Z,KXCOPPER15M-26OCT042100-00,0.9900,20.00,yes
2026-10-05T00:58:00.810925Z,KXCOPPER15M-26OCT042100-00,0.9900,20.00,yes
2026-10-05T00:58:00.810925Z,KXCOPPER15M-26OCT042100-00,0.9900,165.00,yes
2026-10-05T00:58:00.810925Z,KXCOPPER15M-26OCT042100-00,0.9900,6.00,yes
2026-10-05T00:58:00.810925Z,KXCOPPER15M-26OCT042100-00,0.9900,1.00,yes
2026-10-05T00:58:02.137951Z,KXCOPPER15M-26OCT042100-00,0.9800,0.93,no
2026-10-05T00:58:05.525748Z,KXCOPPER15M-26OCT042100-00,0.9800,6.08,no
2026-10-05T00:58:05.820958Z,KXCOPPER15M-26OCT042100-00,0.9900,4.03,yes
2026-10-05T00:58:05.822139Z,KXCOPPER15M-26OCT042100-00,0.9900,35.97,yes
2026-10-05T00:58:05.822139Z,KXCOPPER15M-26OCT042100-00,0.9900,20.00,yes
2026-10-05T00:58:05.822139Z,KXCOPPER15M-26OCT042100-00,0.9900,7.00,yes
2026-10-05T00:58:05.822139Z,KXCOPPER15M-26OCT042100-00,0.9900,50.00,yes
2026-10-05T00:58:05.822139Z,KXCOPPER15M-26OCT042100-00,0.9900,1.00,yes
2026-10-05T00:58:09.112402Z,KXCOPPER15M-26OCT042100-00,0.9900,15.00,no
2026-10-05T00:58:09.99006Z,KXCOPPER15M-26OCT042100-00,0.9900,3.48,no
2026-10-05T00:58:09.99006Z,KXCOPPER15M-26OCT042100-00,0.9900,20.00,no
2026-10-05T00:58:09.99006Z,KXCOPPER15M-26OCT042100-00,0.9900,9.00,no
2026-10-05T00:58:09.99006Z,KXCOPPER15M-26OCT042100-00,0.9900,36.03,no
2026-10-05T00:58:09.99006Z,KXCOPPER15M-26OCT042100-00,0.9900,25.00,no
2026-10-05T00:58:18.786118Z,KXCOPPER15M-26OCT042100-00,0.9900,4.00,no
2026-10-05T00:58:24.825361Z,KXCOPPER15M-26OCT042100-00,0.9900,2.00,no
2026-10-05T00:58:24.825361Z,KXCOPPER15M-26OCT042100-00,0.9900,4.92,no
2026-10-05T00:58:24.825361Z,KXCOPPER15M-26OCT042100-00,0.9900,23.00,no
2026-10-05T00:58:53.580663Z,KXCOPPER15M-26OCT042100-00,0.9900,0.85,no
2026-10-05T00:58:53.580663Z,KXCOPPER15M-26OCT042100-00,0.9900,0.08,no
2026-10-05T00:59:21.569451Z,KXCOPPER15M-26OCT042100-00,0.9900,1.87,no
2026-10-05T00:57:41.216883Z,KXXRP15M-26OCT042100-00,0.9500,7.50,no
2026-10-05T00:57:41.216883Z,KXXRP15M-26OCT042100-00,0.9540,5.00,no
2026-10-05T00:57:41.216883Z,KXXRP15M-26OCT042100-00,0.9550,5.00,no
2026-10-05T00:57:41.216883Z,KXXRP15M-26OCT042100-00,0.9520,0.10,no
2026-10-05T00:57:41.216883Z,KXXRP15M-26OCT042100-00,0.9500,1.53,no
2026-10-05T00:57:42.341273Z,KXXRP15M-26OCT042100-00,0.9620,10.00,yes
2026-10-05T00:57:42.341273Z,KXXRP15M-26OCT042100-00,0.9620,5.00,yes
2026-10-05T00:57:42.341273Z,KXXRP15M-26OCT042100-00,0.9620,5.00,yes
2026-10-05T00:57:43.561004Z,KXXRP15M-26OCT042100-00,0.9600,4.32,yes
2026-10-05T00:57:43.561004Z,KXXRP15M-26OCT042100-00,0.9590,5.00,yes
2026-10-05T00:57:43.760838Z,KXXRP15M-26OCT042100-00,0.9570,2.00,no
2026-10-05T00:57:43.798726Z,KXXRP15M-26OCT042100-00,0.9580,3.38,no
2026-10-05T00:57:43.964526Z,KXXRP15M-26OCT042100-00,0.9610,21.05,yes
2026-10-05T00:57:46.21791Z,KXXRP15M-26OCT042100-00,0.9640,20.00,yes
2026-10-05T00:57:46.21791Z,KXXRP15M-26OCT042100-00,0.9650,0.85,yes
2026-10-05T00:57:46.21791Z,KXXRP15M-26OCT042100-00,0.9640,5.00,yes
2026-10-05T00:57:47.038726Z,KXXRP15M-26OCT042100-00,0.9620,12.00,no
2026-10-05T00:57:47.038726Z,KXXRP15M-26OCT042100-00,0.9610,6.00,no
2026-10-05T00:57:47.891903Z,KXXRP15M-26OCT042100-00,0.9640,5.00,yes
2026-10-05T00:57:47.891903Z,KXXRP15M-26OCT042100-00,0.9630,6.00,yes
2026-10-05T00:57:47.891903Z,KXXRP15M-26OCT042100-00,0.9640,49.00,yes
2026-10-05T00:57:47.891903Z,KXXRP15M-26OCT042100-00,0.9610,28.00,yes
2026-10-05T00:57:47.891903Z,KXXRP15M-26OCT042100-00,0.9630,10.00,yes
2026-10-05T00:57:48.917549Z,KXXRP15M-26OCT042100-00,0.9670,5.00,yes
2026-10-05T00:57:48.917549Z,KXXRP15M-26OCT042100-00,0.9680,48.00,yes
2026-10-05T00:57:48.917549Z,KXXRP15M-26OCT042100-00,0.9680,5.00,yes
2026-10-05T00:57:48.917549Z,KXXRP15M-26OCT042100-00,0.9620,22.00,yes
2026-10-05T00:57:48.917549Z,KXXRP15M-26OCT042100-00,0.9670,10.00,yes
2026-10-05T00:57:48.917549Z,KXXRP15M-26OCT042100-00,0.9660,6.00,yes
2026-10-05T00:57:48.917549Z,KXXRP15M-26OCT042100-00,0.9680,2.49,yes
2026-10-05T00:57:48.917549Z,KXXRP15M-26OCT042100-00,0.9680,57.51,yes
2026-10-05T00:57:48.917549Z,KXXRP15M-26OCT042100-00,0.9690,10.00,yes
2026-10-05T00:57:48.917549Z,KXXRP15M-26OCT042100-00,0.9700,231.82,yes
2026-10-05T00:57:48.975286Z,KXXRP15M-26OCT042100-00,0.9690,32.25,yes
2026-10-05T00:57:48.975286Z,KXXRP15M-26OCT042100-00,0.9680,6.00,yes
2026-10-05T00:57:48.975286Z,KXXRP15M-26OCT042100-00,0.9680,10.00,yes
2026-10-05T00:57:49.189884Z,KXXRP15M-26OCT042100-00,0.9610,5.00,no
2026-10-05T00:57:49.189884Z,KXXRP15M-26OCT042100-00,0.9620,5.00,no
2026-10-05T00:57:49.189884Z,KXXRP15M-26OCT042100-00,0.9620,52.00,no
2026-10-05T00:57:49.189884Z,KXXRP15M-26OCT042100-00,0.9560,1.00,no
2026-10-05T00:57:49.189884Z,KXXRP15M-26OCT042100-00,0.9610,10.00,no
2026-10-05T00:57:49.189884Z,KXXRP15M-26OCT042100-00,0.9420,7.00,no
2026-10-05T00:57:49.189884Z,KXXRP15M-26OCT042100-00,0.9610,0.10,no
2026-10-05T00:57:49.189884Z,KXXRP15M-26OCT042100-00,0.9410,44.00,no
2026-10-05T00:57:49.189884Z,KXXRP15M-26OCT042100-00,0.9600,57.51,no
2026-10-05T00:57:49.189884Z,KXXRP15M-26OCT042100-00,0.9600,2.49,no
2026-10-05T00:57:49.189884Z,KXXRP15M-26OCT042100-00,0.9400,42.99,no
2026-10-05T00:57:49.189884Z,KXXRP15M-26OCT042100-00,0.9500,20.00,no
2026-10-05T00:57:49.189884Z,KXXRP15M-26OCT042100-00,0.9500,7.50,no
2026-10-05T00:57:49.189884Z,KXXRP15M-26OCT042100-00,0.9400,1.00,no
2026-10-05T00:57:49.189884Z,KXXRP15M-26OCT042100-00,0.9600,1.04,no
2026-10-05T00:57:49.189884Z,KXXRP15M-26OCT042100-00,0.9550,7.50,no
2026-10-05T00:57:49.189884Z,KXXRP15M-26OCT042100-00,0.9500,3.47,no
2026-10-05T00:57:49.189884Z,KXXRP15M-26OCT042100-00,0.9600,5.00,no
2026-10-05T00:57:49.189884Z,KXXRP15M-26OCT042100-00,0.9450,7.50,no
2026-10-05T00:57:49.189884Z,KXXRP15M-26OCT042100-00,0.9420,4.66,no
2026-10-05T00:57:49.189884Z,KXXRP15M-26OCT042100-00,0.9420,21.00,no
2026-10-05T00:57:49.506957Z,KXXRP15M-26OCT042100-00,0.9600,1.00,no
2026-10-05T00:57:49.874657Z,KXXRP15M-26OCT042100-00,0.9630,12.94,yes
2026-10-05T00:57:49.931953Z,KXXRP15M-26OCT042100-00,0.9630,2.00,yes
2026-10-05T00:57:49.931953Z,KXXRP15M-26OCT042100-00,0.9630,6.00,yes
2026-10-05T00:57:49.931953Z,KXXRP15M-26OCT042100-00,0.9630,10.00,yes
2026-10-05T00:57:50.543592Z,KXXRP15M-26OCT042100-00,0.9600,0.10,no
2026-10-05T00:57:50.543592Z,KXXRP15M-26OCT042100-00,0.9570,5.00,no
2026-10-05T00:57:50.543592Z,KXXRP15M-26OCT042100-00,0.9460,0.45,no
2026-10-05T00:57:50.543592Z,KXXRP15M-26OCT042100-00,0.9580,5.00,no
2026-10-05T00:57:51.232433Z,KXXRP15M-26OCT042100-00,0.9630,0.10,yes
2026-10-05T00:57:51.232433Z,KXXRP15M-26OCT042100-00,0.9650,7.50,yes
2026-10-05T00:57:51.232433Z,KXXRP15M-26OCT042100-00,0.9660,1.99,yes
2026-10-05T00:57:51.232433Z,KXXRP15M-26OCT042100-00,0.9650,5.00,yes
2026-10-05T00:57:51.232433Z,KXXRP15M-26OCT042100-00,0.9660,5.00,yes
2026-10-05T00:57:51.232433Z,KXXRP15M-26OCT042100-00,0.9620,2.00,yes
2026-10-05T00:57:51.232433Z,KXXRP15M-26OCT042100-00,0.9640,1.00,yes
2026-10-05T00:57:51.232433Z,KXXRP15M-26OCT042100-00,0.9640,14.00,yes
2026-10-05T00:57:51.232433Z,KXXRP15M-26OCT042100-00,0.9630,15.00,yes
2026-10-05T00:57:51.880658Z,KXXRP15M-26OCT042100-00,0.9550,7.50,no
2026-10-05T00:57:51.880658Z,KXXRP15M-26OCT042100-00,0.9600,5.00,no
2026-10-05T00:57:51.880658Z,KXXRP15M-26OCT042100-00,0.9620,64.00,no
2026-10-05T00:57:51.880658Z,KXXRP15M-26OCT042100-00,0.9600,10.00,no
2026-10-05T00:57:51.880658Z,KXXRP15M-26OCT042100-00,0.9590,5.00,no
2026-10-05T00:57:51.880658Z,KXXRP15M-26OCT042100-00,0.9440,0.81,no
2026-10-05T00:57:53.209055Z,KXXRP15M-26OCT042100-00,0.9680,50.77,yes
2026-10-05T00:57:53.209055Z,KXXRP15M-26OCT042100-00,0.9670,7.00,yes
2026-10-05T00:57:53.209055Z,KXXRP15M-26OCT042100-00,0.9650,7.50,yes
2026-10-05T00:57:53.209055Z,KXXRP15M-26OCT042100-00,0.9640,14.00,yes
2026-10-05T00:57:53.209055Z,KXXRP15M-26OCT042100-00,0.9630,15.00,yes
2026-10-05T00:57:53.209055Z,KXXRP15M-26OCT042100-00,0.9620,9.00,yes
2026-10-05T00:57:53.461557Z,KXXRP15M-26OCT042100-00,0.9660,29.66,no
2026-10-05T00:57:54.719813Z,KXXRP15M-26OCT042100-00,0.9680,6.74,yes
2026-10-05T00:57:54.719813Z,KXXRP15M-26OCT042100-00,0.9680,2.49,yes
2026-10-05T00:57:54.719813Z,KXXRP15M-26OCT042100-00,0.9690,7.00,yes
2026-10-05T00:57:54.719813Z,KXXRP15M-26OCT042100-00,0.9690,13.00,yes
2026-10-05T00:57:54.719813Z,KXXRP15M-26OCT042100-00,0.9700,20.77,yes
2026-10-05T00:57:55.529263Z,KXXRP15M-26OCT042100-00,0.9700,2.00,yes
2026-10-05T00:57:55.539223Z,KXXRP15M-26OCT042100-00,0.9700,2.00,yes
2026-10-05T00:57:55.587191Z,KXXRP15M-26OCT042100-00,0.9700,74.00,yes
2026-10-05T00:57:55.587375Z,KXXRP15M-26OCT042100-00,0.9700,38.00,yes
2026-10-05T00:57:55.587401Z,KXXRP15M-26OCT042100-00,0.9730,5.00,yes
2026-10-05T00:57:55.587401Z,KXXRP15M-26OCT042100-00,0.9700,5.00,yes
2026-10-05T00:57:55.587401Z,KXXRP15M-26OCT042100-00,0.9700,1.00,yes
2026-10-05T00:57:55.587401Z,KXXRP15M-26OCT042100-00,0.9700,0.35,yes
2026-10-05T00:57:55.587401Z,KXXRP15M-26OCT042100-00,0.9700,25.00,yes
2026-10-05T00:57:55.587401Z,KXXRP15M-26OCT042100-00,0.9700,6.66,yes
2026-10-05T00:57:55.587401Z,KXXRP15M-26OCT042100-00,0.9700,12.00,yes
2026-10-05T00:57:55.587401Z,KXXRP15M-26OCT042100-00,0.9700,31.41,yes
2026-10-05T00:57:55.688398Z,KXXRP15M-26OCT042100-00,0.9770,7.00,yes
2026-10-05T00:57:55.688398Z,KXXRP15M-26OCT042100-00,0.9760,4.00,yes
2026-10-05T00:57:55.688398Z,KXXRP15M-26OCT042100-00,0.9780,1.00,yes
2026-10-05T00:57:55.700708Z,KXXRP15M-26OCT042100-00,0.9750,4.00,yes
2026-10-05T00:57:55.746435Z,KXXRP15M-26OCT042100-00,0.9780,39.00,yes
2026-10-05T00:57:55.901614Z,KXXRP15M-26OCT042100-00,0.9780,10.00,yes
2026-10-05T00:57:55.916992Z,KXXRP15M-26OCT042100-00,0.9780,75.00,yes
2026-10-05T00:57:55.917111Z,KXXRP15M-26OCT042100-00,0.9780,40.00,yes
2026-10-05T00:57:55.93616Z,KXXRP15M-26OCT042100-00,0.9780,4.00,yes
2026-10-05T00:57:55.995442Z,KXXRP15M-26OCT042100-00,0.9780,15.00,yes
2026-10-05T00:57:56.04698Z,KXXRP15M-26OCT042100-00,0.9780,15.00,yes
2026-10-05T00:57:56.218273Z,KXXRP15M-26OCT042100-00,0.9770,5.00,yes
2026-10-05T00:57:56.237592Z,KXXRP15M-26OCT042100-00,0.9770,16.95,yes
2026-10-05T00:57:56.264846Z,KXXRP15M-26OCT042100-00,0.9770,5.00,yes
2026-10-05T00:57:56.338107Z,KXXRP15M-26OCT042100-00,0.9780,80.00,yes
2026-10-05T00:57:56.401977Z,KXXRP15M-26OCT042100-00,0.9780,10.00,yes
2026-10-05T00:57:56.580029Z,KXXRP15M-26OCT042100-00,0.9770,2.00,yes
2026-10-05T00:57:56.580029Z,KXXRP15M-26OCT042100-00,0.9770,9.00,yes
2026-10-05T00:57:56.580029Z,KXXRP15M-26OCT042100-00,0.9770,7.00,yes
2026-10-05T00:57:56.599985Z,KXXRP15M-26OCT042100-00,0.9770,1.00,yes
2026-10-05T00:57:56.599985Z,KXXRP15M-26OCT042100-00,0.9770,13.00,yes
2026-10-05T00:57:56.600681Z,KXXRP15M-26OCT042100-00,0.9770,6.00,yes
2026-10-05T00:57:56.600681Z,KXXRP15M-26OCT042100-00,0.9780,61.00,yes
2026-10-05T00:57:56.600681Z,KXXRP15M-26OCT042100-00,0.9790,3.00,yes
2026-10-05T00:57:56.7011Z,KXXRP15M-26OCT042100-00,0.9790,5.00,yes
2026-10-05T00:57:56.7011Z,KXXRP15M-26OCT042100-00,0.9810,37.69,yes
2026-10-05T00:57:56.7011Z,KXXRP15M-26OCT042100-00,0.9800,6.31,yes
2026-10-05T00:57:56.7011Z,KXXRP15M-26OCT042100-00,0.9790,27.00,yes
2026-10-05T00:57:56.7011Z,KXXRP15M-26OCT042100-00,0.9800,10.00,yes
2026-10-05T00:57:56.7011Z,KXXRP15M-26OCT042100-00,0.9800,12.00,yes
2026-10-05T00:57:56.7011Z,KXXRP15M-26OCT042100-00,0.9790,2.00,yes
2026-10-05T00:57:56.726415Z,KXXRP15M-26OCT042100-00,0.9840,1.69,yes
2026-10-05T00:57:56.726415Z,KXXRP15M-26OCT042100-00,0.9810,2.31,yes
2026-10-05T00:57:57.01073Z,KXXRP15M-26OCT042100-00,0.9840,55.00,yes
2026-10-05T00:57:57.01073Z,KXXRP15M-26OCT042100-00,0.9850,7.50,yes
2026-10-05T00:57:57.01073Z,KXXRP15M-26OCT042100-00,0.9850,5.00,yes
2026-10-05T00:57:57.01073Z,KXXRP15M-26OCT042100-00,0.9840,6.00,yes
2026-10-05T00:57:57.017805Z,KXXRP15M-26OCT042100-00,0.9850,126.50,no
2026-10-05T00:57:57.158211Z,KXXRP15M-26OCT042100-00,0.9850,1.00,yes
2026-10-05T00:57:57.196156Z,KXXRP15M-26OCT042100-00,0.9850,7.00,yes
2026-10-05T00:57:57.196156Z,KXXRP15M-26OCT042100-00,0.9860,5.00,yes
2026-10-05T00:57:57.196156Z,KXXRP15M-26OCT042100-00,0.9850,4.00,yes
2026-10-05T00:57:57.196156Z,KXXRP15M-26OCT042100-00,0.9860,8.00,yes
2026-10-05T00:57:57.196156Z,KXXRP15M-26OCT042100-00,0.9870,76.00,yes
2026-10-05T00:57:57.509448Z,KXXRP15M-26OCT042100-00,0.9800,2.00,no
2026-10-05T00:57:57.509448Z,KXXRP15M-26OCT042100-00,0.9800,1.00,no
2026-10-05T00:57:57.509448Z,KXXRP15M-26OCT042100-00,0.9790,3.99,no
2026-10-05T00:57:57.509448Z,KXXRP15M-26OCT042100-00,0.9790,2.00,no
2026-10-05T00:57:57.509448Z,KXXRP15M-26OCT042100-00,0.9810,1.00,no
2026-10-05T00:57:57.509448Z,KXXRP15M-26OCT042100-00,0.9790,1.00,no
2026-10-05T00:57:57.530729Z,KXXRP15M-26OCT042100-00,0.9870,10.00,yes
2026-10-05T00:57:57.645888Z,KXXRP15M-26OCT042100-00,0.9870,10.00,yes
2026-10-05T00:57:57.779948Z,KXXRP15M-26OCT042100-00,0.9860,1.00,yes
2026-10-05T00:57:58.123737Z,KXXRP15M-26OCT042100-00,0.9830,41.66,no
2026-10-05T00:57:58.158334Z,KXXRP15M-26OCT042100-00,0.9820,6.66,no
2026-10-05T00:57:58.158334Z,KXXRP15M-26OCT042100-00,0.9830,18.34,no
2026-10-05T00:57:58.236843Z,KXXRP15M-26OCT042100-00,0.9750,1.00,no
2026-10-05T00:57:58.236843Z,KXXRP15M-26OCT042100-00,0.9790,15.00,no
2026-10-05T00:57:58.236843Z,KXXRP15M-26OCT042100-00,0.9790,26.01,no
2026-10-05T00:57:58.236843Z,KXXRP15M-26OCT042100-00,0.9730,55.53,no
2026-10-05T00:57:58.236843Z,KXXRP15M-26OCT042100-00,0.9770,10.00,no
2026-10-05T00:57:58.236843Z,KXXRP15M-26OCT042100-00,0.9790,40.00,no
2026-10-05T00:57:58.236843Z,KXXRP15M-26OCT042100-00,0.9790,10.00,no
2026-10-05T00:57:58.236843Z,KXXRP15M-26OCT042100-00,0.9780,1.00,no
2026-10-05T00:57:58.236843Z,KXXRP15M-26OCT042100-00,0.9760,16.00,no
2026-10-05T00:57:58.236843Z,KXXRP15M-26OCT042100-00,0.9730,20.00,no
2026-10-05T00:57:58.236843Z,KXXRP15M-26OCT042100-00,0.9750,10.00,no
2026-10-05T00:57:58.236843Z,KXXRP15M-26OCT042100-00,0.9750,20.00,no
2026-10-05T00:57:58.236843Z,KXXRP15M-26OCT042100-00,0.9730,1.00,no
2026-10-05T00:57:58.236843Z,KXXRP15M-26OCT042100-00,0.9740,1.00,no
2026-10-05T00:57:58.236843Z,KXXRP15M-26OCT042100-00,0.9750,7.50,no
2026-10-05T00:57:58.265136Z,KXXRP15M-26OCT042100-00,0.9840,40.00,yes
2026-10-05T00:57:58.629554Z,KXXRP15M-26OCT042100-00,0.9840,5.25,yes
2026-10-05T00:57:58.799497Z,KXXRP15M-26OCT042100-00,0.9830,1.03,yes
2026-10-05T00:57:58.979786Z,KXXRP15M-26OCT042100-00,0.9840,6.00,yes
2026-10-05T00:57:58.979786Z,KXXRP15M-26OCT042100-00,0.9860,21.00,yes
2026-10-05T00:57:58.979786Z,KXXRP15M-26OCT042100-00,0.9860,5.00,yes
2026-10-05T00:57:58.979786Z,KXXRP15M-26OCT042100-00,0.9850,7.50,yes
2026-10-05T00:57:58.979786Z,KXXRP15M-26OCT042100-00,0.9840,21.75,yes
2026-10-05T00:57:58.979786Z,KXXRP15M-26OCT042100-00,0.9850,10.00,yes
2026-10-05T00:57:58.979786Z,KXXRP15M-26OCT042100-00,0.9870,58.42,yes
2026-10-05T00:57:58.999818Z,KXXRP15M-26OCT042100-00,0.9870,100.00,yes
2026-10-05T00:57:59.33435Z,KXXRP15M-26OCT042100-00,0.9870,5.00,yes
2026-10-05T00:57:59.33435Z,KXXRP15M-26OCT042100-00,0.9870,6.00,yes
2026-10-05T00:57:59.33435Z,KXXRP15M-26OCT042100-00,0.9870,40.00,yes
2026-10-05T00:57:59.33435Z,KXXRP15M-26OCT042100-00,0.9870,32.58,yes
2026-10-05T00:57:59.581051Z,KXXRP15M-26OCT042100-00,0.9800,0.07,no
2026-10-05T00:57:59.581051Z,KXXRP15M-26OCT042100-00,0.9790,0.07,no
2026-10-05T00:57:59.581051Z,KXXRP15M-26OCT042100-00,0.9790,5.89,no
2026-10-05T00:57:59.581051Z,KXXRP15M-26OCT042100-00,0.9810,0.07,no
2026-10-05T00:57:59.581051Z,KXXRP15M-26OCT042100-00,0.9820,22.00,no
2026-10-05T00:58:00.008779Z,KXXRP15M-26OCT042100-00,0.9850,4.00,yes
2026-10-05T00:58:00.041621Z,KXXRP15M-26OCT042100-00,0.9850,7.00,yes
2026-10-05T00:58:00.041621Z,KXXRP15M-26OCT042100-00,0.9850,22.00,yes
2026-10-05T00:58:00.254845Z,KXXRP15M-26OCT042100-00,0.9860,43.00,yes
2026-10-05T00:58:00.254845Z,KXXRP15M-26OCT042100-00,0.9870,6.00,yes
2026-10-05T00:58:00.254845Z,KXXRP15M-26OCT042100-00,0.9880,36.54,yes
2026-10-05T00:58:00.265664Z,KXXRP15M-26OCT042100-00,0.9850,7.50,yes
2026-10-05T00:58:00.271691Z,KXXRP15M-26OCT042100-00,0.9850,29.04,no
2026-10-05T00:58:00.313127Z,KXXRP15M-26OCT042100-00,0.9860,10.00,no
2026-10-05T00:58:00.313127Z,KXXRP15M-26OCT042100-00,0.9820,42.77,no
2026-10-05T00:58:00.616818Z,KXXRP15M-26OCT042100-00,0.9870,10.00,yes
2026-10-05T00:58:00.805298Z,KXXRP15M-26OCT042100-00,0.9860,53.43,yes
2026-10-05T00:58:00.978635Z,KXXRP15M-26OCT042100-00,0.9860,11.00,no
2026-10-05T00:58:01.005404Z,KXXRP15M-26OCT042100-00,0.9870,1.00,yes
2026-10-05T00:58:01.005404Z,KXXRP15M-26OCT042100-00,0.9870,35.00,yes
2026-10-05T00:58:01.023852Z,KXXRP15M-26OCT042100-00,0.9880,55.00,yes
2026-10-05T00:58:01.033605Z,KXXRP15M-26OCT042100-00,0.9880,6.46,yes
2026-10-05T00:58:01.033605Z,KXXRP15M-26OCT042100-00,0.9880,6.54,yes
2026-10-05T00:58:01.03946Z,KXXRP15M-26OCT042100-00,0.9850,55.00,no
2026-10-05T00:58:01.063131Z,KXXRP15M-26OCT042100-00,0.9860,60.02,no
2026-10-05T00:58:01.504677Z,KXXRP15M-26OCT042100-00,0.9880,24.61,yes
2026-10-05T00:58:01.534708Z,KXXRP15M-26OCT042100-00,0.9880,10.00,yes
2026-10-05T00:58:01.785432Z,KXXRP15M-26OCT042100-00,0.9870,9.00,no
2026-10-05T00:58:01.785432Z,KXXRP15M-26OCT042100-00,0.9860,7.70,no
2026-10-05T00:58:01.799599Z,KXXRP15M-26OCT042100-00,0.9850,6.46,no
2026-10-05T00:58:01.799599Z,KXXRP15M-26OCT042100-00,0.9860,38.30,no
2026-10-05T00:58:02.171809Z,KXXRP15M-26OCT042100-00,0.9870,34.97,no
2026-10-05T00:58:02.298966Z,KXXRP15M-26OCT042100-00,0.9870,6.00,no
2026-10-05T00:58:02.369739Z,KXXRP15M-26OCT042100-00,0.9870,3.00,no
2026-10-05T00:58:02.397329Z,KXXRP15M-26OCT042100-00,0.9880,9.96,yes
2026-10-05T00:58:02.640066Z,KXXRP15M-26OCT042100-00,0.9870,11.00,no
2026-10-05T00:58:02.70764Z,KXXRP15M-26OCT042100-00,0.9870,14.39,no
2026-10-05T00:58:02.787818Z,KXXRP15M-26OCT042100-00,0.9870,9.00,no
2026-10-05T00:58:02.837122Z,KXXRP15M-26OCT042100-00,0.9880,8.00,yes
2026-10-05T00:58:02.989352Z,KXXRP15M-26OCT042100-00,0.9870,10.00,no
2026-10-05T00:58:02.992187Z,KXXRP15M-26OCT042100-00,0.9880,6.00,yes
2026-10-05T00:58:02.992187Z,KXXRP15M-26OCT042100-00,0.9880,17.00,yes
2026-10-05T00:58:02.992187Z,KXXRP15M-26OCT042100-00,0.9880,86.00,yes
2026-10-05T00:58:03.003483Z,KXXRP15M-26OCT042100-00,0.9890,5.05,yes
2026-10-05T00:58:03.125154Z,KXXRP15M-26OCT042100-00,0.9890,1.00,yes
2026-10-05T00:58:03.125154Z,KXXRP15M-26OCT042100-00,0.9890,20.00,yes
2026-10-05T00:58:03.125154Z,KXXRP15M-26OCT042100-00,0.9890,10.00,yes
2026-10-05T00:58:03.125154Z,KXXRP15M-26OCT042100-00,0.9890,23.05,yes
2026-10-05T00:58:03.125154Z,KXXRP15M-26OCT042100-00,0.9890,20.00,yes
2026-10-05T00:58:03.125154Z,KXXRP15M-26OCT042100-00,0.9890,110.95,yes
2026-10-05T00:58:03.129687Z,KXXRP15M-26OCT042100-00,0.9890,16.00,yes
2026-10-05T00:58:03.222245Z,KXXRP15M-26OCT042100-00,0.9890,15.00,yes
2026-10-05T00:58:03.228959Z,KXXRP15M-26OCT042100-00,0.9890,10.00,yes
2026-10-05T00:58:03.231635Z,KXXRP15M-26OCT042100-00,0.9890,1.04,yes
2026-10-05T00:58:03.231635Z,KXXRP15M-26OCT042100-00,0.9890,6.00,yes
2026-10-05T00:58:03.231635Z,KXXRP15M-26OCT042100-00,0.9890,1.14,yes
2026-10-05T00:58:03.231635Z,KXXRP15M-26OCT042100-00,0.9890,1.10,yes
2026-10-05T00:58:03.231635Z,KXXRP15M-26OCT042100-00,0.9890,1.08,yes
2026-10-05T00:58:03.231635Z,KXXRP15M-26OCT042100-00,0.9890,1.11,yes
2026-10-05T00:58:03.231635Z,KXXRP15M-26OCT042100-00,0.9890,1.18,yes
2026-10-05T00:58:03.231635Z,KXXRP15M-26OCT042100-00,0.9890,1.12,yes
2026-10-05T00:58:03.231635Z,KXXRP15M-26OCT042100-00,0.9890,2.00,yes
2026-10-05T00:58:03.231635Z,KXXRP15M-26OCT042100-00,0.9890,2.00,yes
2026-10-05T00:58:03.231635Z,KXXRP15M-26OCT042100-00,0.9890,35.95,yes
2026-10-05T00:58:03.231635Z,KXXRP15M-26OCT042100-00,0.9890,1.00,yes
2026-10-05T00:58:03.231635Z,KXXRP15M-26OCT042100-00,0.9890,91.00,yes
2026-10-05T00:58:03.344639Z,KXXRP15M-26OCT042100-00,0.9900,33.00,yes
2026-10-05T00:58:03.344666Z,KXXRP15M-26OCT042100-00,0.9900,40.00,yes
2026-10-05T00:58:03.468908Z,KXXRP15M-26OCT042100-00,0.9900,23.44,yes
2026-10-05T00:58:03.468908Z,KXXRP15M-26OCT042100-00,0.9900,38.00,yes
2026-10-05T00:58:03.480833Z,KXXRP15M-26OCT042100-00,0.9900,59.11,yes
2026-10-05T00:58:03.629251Z,KXXRP15M-26OCT042100-00,0.9890,6.00,yes
2026-10-05T00:58:03.629251Z,KXXRP15M-26OCT042100-00,0.9890,25.00,yes
2026-10-05T00:58:03.806558Z,KXXRP15M-26OCT042100-00,0.9880,35.00,no
2026-10-05T00:58:03.806558Z,KXXRP15M-26OCT042100-00,0.9870,61.64,no
2026-10-05T00:58:03.806558Z,KXXRP15M-26OCT042100-00,0.9860,3.36,no
2026-10-05T00:58:03.848455Z,KXXRP15M-26OCT042100-00,0.9890,6.00,yes
2026-10-05T00:58:03.848455Z,KXXRP15M-26OCT042100-00,0.9890,42.00,yes
2026-10-05T00:58:03.848455Z,KXXRP15M-26OCT042100-00,0.9900,47.28,yes
2026-10-05T00:58:04.442335Z,KXXRP15M-26OCT042100-00,0.9880,29.00,yes
2026-10-05T00:58:04.832797Z,KXXRP15M-26OCT042100-00,0.9870,7.50,no
2026-10-05T00:58:04.832797Z,KXXRP15M-26OCT042100-00,0.9870,6.00,no
2026-10-05T00:58:04.923529Z,KXXRP15M-26OCT042100-00,0.9870,2.50,no
2026-10-05T00:58:04.923529Z,KXXRP15M-26OCT042100-00,0.9870,27.00,no
2026-10-05T00:58:05.034333Z,KXXRP15M-26OCT042100-00,0.9880,20.00,yes
2026-10-05T00:58:05.285045Z,KXXRP15M-26OCT042100-00,0.9870,5.25,no
2026-10-05T00:58:05.306113Z,KXXRP15M-26OCT042100-00,0.9870,12.00,no
2026-10-05T00:58:05.306113Z,KXXRP15M-26OCT042100-00,0.9850,31.34,no
2026-10-05T00:58:05.306113Z,KXXRP15M-26OCT042100-00,0.9850,40.00,no
2026-10-05T00:58:05.306113Z,KXXRP15M-26OCT042100-00,0.9850,110.95,no
2026-10-05T00:58:05.306113Z,KXXRP15M-26OCT042100-00,0.9850,5.05,no
2026-10-05T00:58:05.306113Z,KXXRP15M-26OCT042100-00,0.9850,33.00,no
2026-10-05T00:58:05.306113Z,KXXRP15M-26OCT042100-00,0.9860,13.00,no
2026-10-05T00:58:05.306113Z,KXXRP15M-26OCT042100-00,0.9870,9.75,no
2026-10-05T00:58:05.332692Z,KXXRP15M-26OCT042100-00,0.9880,20.00,yes
2026-10-05T00:58:05.590866Z,KXXRP15M-26OCT042100-00,0.9880,2.00,yes
2026-10-05T00:58:06.293832Z,KXXRP15M-26OCT042100-00,0.9880,20.00,yes
2026-10-05T00:58:06.293832Z,KXXRP15M-26OCT042100-00,0.9890,2.21,yes
2026-10-05T00:58:06.293832Z,KXXRP15M-26OCT042100-00,0.9890,8.00,yes
2026-10-05T00:58:06.818635Z,KXXRP15M-26OCT042100-00,0.9890,2.21,yes
2026-10-05T00:58:06.818635Z,KXXRP15M-26OCT042100-00,0.9890,40.00,yes
2026-10-05T00:58:06.818635Z,KXXRP15M-26OCT042100-00,0.9880,11.00,yes
2026-10-05T00:58:06.818635Z,KXXRP15M-26OCT042100-00,0.9890,3.79,yes
2026-10-05T00:58:06.818635Z,KXXRP15M-26OCT042100-00,0.9890,6.00,yes
2026-10-05T00:58:06.818635Z,KXXRP15M-26OCT042100-00,0.9900,0.21,yes
2026-10-05T00:58:06.818635Z,KXXRP15M-26OCT042100-00,0.9900,0.86,yes
2026-10-05T00:58:06.818635Z,KXXRP15M-26OCT042100-00,0.9900,3.61,yes
2026-10-05T00:58:06.818635Z,KXXRP15M-26OCT042100-00,0.9900,12.25,yes
2026-10-05T00:58:06.818635Z,KXXRP15M-26OCT042100-00,0.9900,13.52,yes
2026-10-05T00:58:06.818635Z,KXXRP15M-26OCT042100-00,0.9900,20.00,yes
2026-10-05T00:58:06.818635Z,KXXRP15M-26OCT042100-00,0.9900,1.52,yes
2026-10-05T00:58:06.818635Z,KXXRP15M-26OCT042100-00,0.9900,270.17,yes
2026-10-05T00:58:06.818635Z,KXXRP15M-26OCT042100-00,0.9900,25.00,yes
2026-10-05T00:58:06.818635Z,KXXRP15M-26OCT042100-00,0.9900,1.00,yes
2026-10-05T00:58:06.900493Z,KXXRP15M-26OCT042100-00,0.9950,59.00,yes
2026-10-05T00:58:06.900493Z,KXXRP15M-26OCT042100-00,0.9920,3.00,yes
2026-10-05T00:58:06.900493Z,KXXRP15M-26OCT042100-00,0.9920,7.00,yes
2026-10-05T00:58:06.900493Z,KXXRP15M-26OCT042100-00,0.9880,400.00,yes
2026-10-05T00:58:06.900493Z,KXXRP15M-26OCT042100-00,0.9940,5.00,yes
2026-10-05T00:58:06.900493Z,KXXRP15M-26OCT042100-00,0.9920,9.00,yes
2026-10-05T00:58:06.900493Z,KXXRP15M-26OCT042100-00,0.9930,31.00,yes
2026-10-05T00:58:06.900493Z,KXXRP15M-26OCT042100-00,0.9930,40.00,yes
2026-10-05T00:58:06.900493Z,KXXRP15M-26OCT042100-00,0.9940,32.00,yes
2026-10-05T00:58:06.900493Z,KXXRP15M-26OCT042100-00,0.9930,5.00,yes
2026-10-05T00:58:06.900493Z,KXXRP15M-26OCT042100-00,0.9950,7.50,yes
2026-10-05T00:58:06.900493Z,KXXRP15M-26OCT042100-00,0.9950,11.00,yes
2026-10-05T00:58:06.900493Z,KXXRP15M-26OCT042100-00,0.9960,1.00,yes
2026-10-05T00:58:06.900493Z,KXXRP15M-26OCT042100-00,0.9960,1199.11,yes
2026-10-05T00:58:06.941696Z,KXXRP15M-26OCT042100-00,0.9880,69.39,no
2026-10-05T00:58:08.078641Z,KXXRP15M-26OCT042100-00,0.9890,18.00,yes
2026-10-05T00:58:08.161788Z,KXXRP15M-26OCT042100-00,0.9890,40.00,yes
2026-10-05T00:58:08.877108Z,KXXRP15M-26OCT042100-00,0.9880,18.75,no
2026-10-05T00:58:08.887507Z,KXXRP15M-26OCT042100-00,0.9890,1.00,yes
2026-10-05T00:58:09.099404Z,KXXRP15M-26OCT042100-00,0.9890,4.00,yes
2026-10-05T00:58:09.106111Z,KXXRP15M-26OCT042100-00,0.9890,1.00,yes
2026-10-05T00:58:09.676461Z,KXXRP15M-26OCT042100-00,0.9890,100.00,yes
2026-10-05T00:58:10.192124Z,KXXRP15M-26OCT042100-00,0.9910,9.00,yes
2026-10-05T00:58:10.192124Z,KXXRP15M-26OCT042100-00,0.9890,236.00,yes
2026-10-05T00:58:10.192124Z,KXXRP15M-26OCT042100-00,0.9920,30.00,yes
2026-10-05T00:58:10.192124Z,KXXRP15M-26OCT042100-00,0.9910,34.00,yes
2026-10-05T00:58:10.319909Z,KXXRP15M-26OCT042100-00,0.9930,6.66,yes
2026-10-05T00:58:10.395216Z,KXXRP15M-26OCT042100-00,0.9920,2.00,no
2026-10-05T00:58:11.498961Z,KXXRP15M-26OCT042100-00,0.9920,121.83,no
2026-10-05T00:58:12.395954Z,KXXRP15M-26OCT042100-00,0.9930,15.76,yes
2026-10-05T00:58:12.690906Z,KXXRP15M-26OCT042100-00,0.9930,10.00,yes
2026-10-05T00:58:12.725637Z,KXXRP15M-26OCT042100-00,0.9920,1.48,no
2026-10-05T00:58:14.103877Z,KXXRP15M-26OCT042100-00,0.9930,27.00,yes
2026-10-05T00:58:14.20038Z,KXXRP15M-26OCT042100-00,0.9920,35.35,no
2026-10-05T00:58:14.244076Z,KXXRP15M-26OCT042100-00,0.9930,28.69,yes
2026-10-05T00:58:14.854757Z,KXXRP15M-26OCT042100-00,0.9920,151.38,no
2026-10-05T00:58:14.941816Z,KXXRP15M-26OCT042100-00,0.9930,31.00,yes
2026-10-05T00:58:14.949401Z,KXXRP15M-26OCT042100-00,0.9920,45.64,no
2026-10-05T00:58:14.992437Z,KXXRP15M-26OCT042100-00,0.9930,2.00,yes
2026-10-05T00:58:15.024576Z,KXXRP15M-26OCT042100-00,0.9930,6.00,yes
2026-10-05T00:58:15.070376Z,KXXRP15M-26OCT042100-00,0.9920,106.94,no
2026-10-05T00:58:15.225553Z,KXXRP15M-26OCT042100-00,0.9930,22.00,yes
2026-10-05T00:58:15.236917Z,KXXRP15M-26OCT042100-00,0.9930,6.00,yes
2026-10-05T00:58:15.240206Z,KXXRP15M-26OCT042100-00,0.9930,30.00,yes
2026-10-05T00:58:15.343862Z,KXXRP15M-26OCT042100-00,0.9930,133.00,yes
2026-10-05T00:58:15.425215Z,KXXRP15M-26OCT042100-00,0.9930,67.60,yes
2026-10-05T00:58:15.438981Z,KXXRP15M-26OCT042100-00,0.9930,46.00,yes
2026-10-05T00:58:15.447147Z,KXXRP15M-26OCT042100-00,0.9930,0.71,yes
2026-10-05T00:58:15.46477Z,KXXRP15M-26OCT042100-00,0.9920,58.44,no
2026-10-05T00:58:15.880979Z,KXXRP15M-26OCT042100-00,0.9950,29.00,yes
2026-10-05T00:58:15.880979Z,KXXRP15M-26OCT042100-00,0.9950,6.00,yes
2026-10-05T00:58:15.880979Z,KXXRP15M-26OCT042100-00,0.9950,6.00,yes
2026-10-05T00:58:15.880979Z,KXXRP15M-26OCT042100-00,0.9960,293.05,yes
2026-10-05T00:58:15.880979Z,KXXRP15M-26OCT042100-00,0.9960,15.00,yes
2026-10-05T00:58:15.880979Z,KXXRP15M-26OCT042100-00,0.9960,1.00,yes
2026-10-05T00:58:15.880979Z,KXXRP15M-26OCT042100-00,0.9960,13.00,yes
2026-10-05T00:58:15.880979Z,KXXRP15M-26OCT042100-00,0.9960,1.00,yes
2026-10-05T00:58:15.880979Z,KXXRP15M-26OCT042100-00,0.9960,1.00,yes
2026-10-05T00:58:15.880979Z,KXXRP15M-26OCT042100-00,0.9960,1.00,yes
2026-10-05T00:58:15.880979Z,KXXRP15M-26OCT042100-00,0.9960,1.00,yes
2026-10-05T00:58:16.074533Z,KXXRP15M-26OCT042100-00,0.9960,2.00,yes
2026-10-05T00:58:16.462694Z,KXXRP15M-26OCT042100-00,0.9960,2.50,yes
2026-10-05T00:58:16.911589Z,KXXRP15M-26OCT042100-00,0.9950,50.00,yes
2026-10-05T00:58:16.911589Z,KXXRP15M-26OCT042100-00,0.9950,6.00,yes
2026-10-05T00:58:16.911589Z,KXXRP15M-26OCT042100-00,0.9960,32.45,yes
2026-10-05T00:58:16.911589Z,KXXRP15M-26OCT042100-00,0.9960,52.45,yes
2026-10-05T00:58:17.209948Z,KXXRP15M-26OCT042100-00,0.9960,7.00,yes
2026-10-05T00:58:17.209948Z,KXXRP15M-26OCT042100-00,0.9960,69.55,yes
2026-10-05T00:58:17.464428Z,KXXRP15M-26OCT042100-00,0.9950,1.56,no
2026-10-05T00:58:17.562444Z,KXXRP15M-26OCT042100-00,0.9960,7.00,yes
2026-10-05T00:58:17.562444Z,KXXRP15M-26OCT042100-00,0.9960,37.00,yes
2026-10-05T00:58:17.562444Z,KXXRP15M-26OCT042100-00,0.9960,51.00,yes
2026-10-05T00:58:17.562444Z,KXXRP15M-26OCT042100-00,0.9970,105.00,yes
2026-10-05T00:58:17.768515Z,KXXRP15M-26OCT042100-00,0.9950,9.63,no
2026-10-05T00:58:17.984555Z,KXXRP15M-26OCT042100-00,0.9950,63.81,no
2026-10-05T00:58:17.984555Z,KXXRP15M-26OCT042100-00,0.9940,17.00,no
2026-10-05T00:58:17.984555Z,KXXRP15M-26OCT042100-00,0.9940,17.00,no
2026-10-05T00:58:17.984555Z,KXXRP15M-26OCT042100-00,0.9930,2.19,no
2026-10-05T00:58:18.088225Z,KXXRP15M-26OCT042100-00,0.9960,6.45,yes
2026-10-05T00:58:18.088225Z,KXXRP15M-26OCT042100-00,0.9960,67.00,yes
2026-10-05T00:58:20.786535Z,KXXRP15M-26OCT042100-00,0.9960,33.86,yes
2026-10-05T00:58:20.917351Z,KXXRP15M-26OCT042100-00,0.9930,20.00,no
2026-10-05T00:58:20.917351Z,KXXRP15M-26OCT042100-00,0.9940,25.00,no
2026-10-05T00:58:20.917351Z,KXXRP15M-26OCT042100-00,0.9920,1.72,no
2026-10-05T00:58:20.917351Z,KXXRP15M-26OCT042100-00,0.9950,37.00,no
2026-10-05T00:58:20.917351Z,KXXRP15M-26OCT042100-00,0.9950,23.00,no
2026-10-05T00:58:20.917351Z,KXXRP15M-26OCT042100-00,0.9930,2.81,no
2026-10-05T00:58:20.917351Z,KXXRP15M-26OCT042100-00,0.9920,25.00,no
2026-10-05T00:58:21.03685Z,KXXRP15M-26OCT042100-00,0.9960,7.00,yes
2026-10-05T00:58:21.047533Z,KXXRP15M-26OCT042100-00,0.9970,11.79,yes
2026-10-05T00:58:21.276109Z,KXXRP15M-26OCT042100-00,0.9920,13.28,no
2026-10-05T00:58:21.276109Z,KXXRP15M-26OCT042100-00,0.9920,17.00,no
2026-10-05T00:58:21.276109Z,KXXRP15M-26OCT042100-00,0.9910,21.94,no
2026-10-05T00:58:21.276109Z,KXXRP15M-26OCT042100-00,0.9940,13.00,no
2026-10-05T00:58:21.276109Z,KXXRP15M-26OCT042100-00,0.9950,80.00,no
2026-10-05T00:58:21.74559Z,KXXRP15M-26OCT042100-00,0.9910,10.04,no
2026-10-05T00:58:21.74559Z,KXXRP15M-26OCT042100-00,0.9940,44.00,no
2026-10-05T00:58:21.74559Z,KXXRP15M-26OCT042100-00,0.9940,34.00,no
2026-10-05T00:58:21.74559Z,KXXRP15M-26OCT042100-00,0.9920,17.00,no
2026-10-05T00:58:21.856168Z,KXXRP15M-26OCT042100-00,0.9960,6.40,yes
2026-10-05T00:58:21.856168Z,KXXRP15M-26OCT042100-00,0.9960,94.00,yes
2026-10-05T00:58:22.384645Z,KXXRP15M-26OCT042100-00,0.9940,0.10,no
2026-10-05T00:58:23.260093Z,KXXRP15M-26OCT042100-00,0.9950,20.09,yes
2026-10-05T00:58:24.639586Z,KXXRP15M-26OCT042100-00,0.9960,1.01,yes
2026-10-05T00:58:24.700647Z,KXXRP15M-26OCT042100-00,0.9900,25.00,no
2026-10-05T00:58:24.700647Z,KXXRP15M-26OCT042100-00,0.9910,73.02,no
2026-10-05T00:58:24.700647Z,KXXRP15M-26OCT042100-00,0.9910,5.00,no
2026-10-05T00:58:24.700647Z,KXXRP15M-26OCT042100-00,0.9900,252.42,no
2026-10-05T00:58:24.700647Z,KXXRP15M-26OCT042100-00,0.9900,5.00,no
2026-10-05T00:58:24.700647Z,KXXRP15M-26OCT042100-00,0.9910,57.00,no
2026-10-05T00:58:24.700647Z,KXXRP15M-26OCT042100-00,0.9950,18.00,no
2026-10-05T00:58:24.700647Z,KXXRP15M-26OCT042100-00,0.9920,17.00,no
2026-10-05T00:58:24.700647Z,KXXRP15M-26OCT042100-00,0.9920,0.11,no
2026-10-05T00:58:24.700647Z,KXXRP15M-26OCT042100-00,0.9910,0.12,no
2026-10-05T00:58:24.700647Z,KXXRP15M-26OCT042100-00,0.9950,78.00,no
2026-10-05T00:58:27.393345Z,KXXRP15M-26OCT042100-00,0.9960,7.00,yes
2026-10-05T00:58:27.393345Z,KXXRP15M-26OCT042100-00,0.9960,4.00,yes
2026-10-05T00:58:27.393345Z,KXXRP15M-26OCT042100-00,0.9960,19.00,yes
2026-10-05T00:58:27.393345Z,KXXRP15M-26OCT042100-00,0.9970,19.17,yes
2026-10-05T00:58:28.388248Z,KXXRP15M-26OCT042100-00,0.9970,9.04,yes
2026-10-05T00:58:28.388248Z,KXXRP15M-26OCT042100-00,0.9970,32.96,yes
2026-10-05T00:58:28.397014Z,KXXRP15M-26OCT042100-00,0.9970,10.00,yes
2026-10-05T00:58:28.408305Z,KXXRP15M-26OCT042100-00,0.9970,10.00,yes
2026-10-05T00:58:29.751426Z,KXXRP15M-26OCT042100-00,0.9970,50.00,yes
2026-10-05T00:58:29.930309Z,KXXRP15M-26OCT042100-00,0.9960,8.10,no
2026-10-05T00:58:30.406011Z,KXXRP15M-26OCT042100-00,0.9960,9.34,no
2026-10-05T00:58:30.492425Z,KXXRP15M-26OCT042100-00,0.9970,0.90,yes
2026-10-05T00:58:30.667585Z,KXXRP15M-26OCT042100-00,0.9970,19.00,yes
2026-10-05T00:58:31.025282Z,KXXRP15M-26OCT042100-00,0.9960,0.90,no
2026-10-05T00:58:31.025282Z,KXXRP15M-26OCT042100-00,0.9960,19.00,no
2026-10-05T00:58:31.025282Z,KXXRP15M-26OCT042100-00,0.9920,7.78,no
2026-10-05T00:58:31.025282Z,KXXRP15M-26OCT042100-00,0.9930,25.00,no
2026-10-05T00:58:31.025282Z,KXXRP15M-26OCT042100-00,0.9960,8.56,no
2026-10-05T00:58:31.025282Z,KXXRP15M-26OCT042100-00,0.9920,12.00,no
2026-10-05T00:58:31.025282Z,KXXRP15M-26OCT042100-00,0.9920,30.00,no
2026-10-05T00:58:31.025282Z,KXXRP15M-26OCT042100-00,0.9950,30.00,no
2026-10-05T00:58:31.025282Z,KXXRP15M-26OCT042100-00,0.9960,50.00,no
2026-10-05T00:58:31.025282Z,KXXRP15M-26OCT042100-00,0.9960,32.00,no
2026-10-05T00:58:31.025282Z,KXXRP15M-26OCT042100-00,0.9940,40.00,no
2026-10-05T00:58:31.025282Z,KXXRP15M-26OCT042100-00,0.9960,32.96,no
2026-10-05T00:58:31.025282Z,KXXRP15M-26OCT042100-00,0.9960,10.00,no
2026-10-05T00:58:31.025282Z,KXXRP15M-26OCT042100-00,0.9960,10.00,no
2026-10-05T00:58:31.025282Z,KXXRP15M-26OCT042100-00,0.9960,32.00,no
2026-10-05T00:58:31.049513Z,KXXRP15M-26OCT042100-00,0.9970,3.00,yes
2026-10-05T00:58:31.09766Z,KXXRP15M-26OCT042100-00,0.9970,40.99,yes
2026-10-05T00:58:33.20286Z,KXXRP15M-26OCT042100-00,0.9970,32.00,yes
2026-10-05T00:58:33.209842Z,KXXRP15M-26OCT042100-00,0.9970,10.00,yes
2026-10-05T00:58:33.218182Z,KXXRP15M-26OCT042100-00,0.9970,10.00,yes
2026-10-05T00:58:33.225502Z,KXXRP15M-26OCT042100-00,0.9970,3.00,yes
2026-10-05T00:58:33.225502Z,KXXRP15M-26OCT042100-00,0.9970,31.15,yes
2026-10-05T00:58:33.225502Z,KXXRP15M-26OCT042100-00,0.9970,2.00,yes
2026-10-05T00:58:33.225502Z,KXXRP15M-26OCT042100-00,0.9970,18.00,yes
2026-10-05T00:58:33.225502Z,KXXRP15M-26OCT042100-00,0.9970,2.00,yes
2026-10-05T00:58:33.225502Z,KXXRP15M-26OCT042100-00,0.9970,2.00,yes
2026-10-05T00:58:33.225502Z,KXXRP15M-26OCT042100-00,0.9970,2.00,yes
2026-10-05T00:58:33.225502Z,KXXRP15M-26OCT042100-00,0.9970,2.00,yes
2026-10-05T00:58:33.233118Z,KXXRP15M-26OCT042100-00,0.9970,2.00,yes
2026-10-05T00:58:33.240348Z,KXXRP15M-26OCT042100-00,0.9970,1.00,yes
2026-10-05T00:58:33.380487Z,KXXRP15M-26OCT042100-00,0.9970,5.02,no
2026-10-05T00:58:33.380487Z,KXXRP15M-26OCT042100-00,0.9970,2.00,no
2026-10-05T00:58:33.436488Z,KXXRP15M-26OCT042100-00,0.9970,24.78,no
2026-10-05T00:58:33.672858Z,KXXRP15M-26OCT042100-00,0.9980,151.00,yes
2026-10-05T00:58:33.869149Z,KXXRP15M-26OCT042100-00,0.9980,37.00,yes
2026-10-05T00:58:34.426036Z,KXXRP15M-26OCT042100-00,0.9970,53.81,no
2026-10-05T00:58:34.68544Z,KXXRP15M-26OCT042100-00,0.9980,53.00,yes
2026-10-05T00:58:34.801205Z,KXXRP15M-26OCT042100-00,0.9980,19.13,yes
2026-10-05T00:58:35.100124Z,KXXRP15M-26OCT042100-00,0.9980,816.13,yes
2026-10-05T00:58:35.100124Z,KXXRP15M-26OCT042100-00,0.9980,139.87,yes
2026-10-05T00:58:35.121517Z,KXXRP15M-26OCT042100-00,0.9980,426.00,yes
2026-10-05T00:58:35.297182Z,KXXRP15M-26OCT042100-00,0.9980,2.00,yes
2026-10-05T00:58:35.304855Z,KXXRP15M-26OCT042100-00,0.9980,5.00,yes
2026-10-05T00:58:36.574961Z,KXXRP15M-26OCT042100-00,0.9970,24.08,no
2026-10-05T00:58:37.018187Z,KXXRP15M-26OCT042100-00,0.9980,200.00,yes
2026-10-05T00:58:37.058954Z,KXXRP15M-26OCT042100-00,0.9980,1.00,yes
2026-10-05T00:58:37.144161Z,KXXRP15M-26OCT042100-00,0.9980,200.00,yes
2026-10-05T00:58:37.318809Z,KXXRP15M-26OCT042100-00,0.9980,200.00,yes
2026-10-05T00:58:37.409076Z,KXXRP15M-26OCT042100-00,0.9980,200.00,yes
2026-10-05T00:58:37.536282Z,KXXRP15M-26OCT042100-00,0.9980,200.00,yes
2026-10-05T00:58:37.569202Z,KXXRP15M-26OCT042100-00,0.9980,200.00,yes
2026-10-05T00:58:37.723503Z,KXXRP15M-26OCT042100-00,0.9980,200.00,yes
2026-10-05T00:58:37.743698Z,KXXRP15M-26OCT042100-00,0.9980,200.00,yes
2026-10-05T00:58:37.757527Z,KXXRP15M-26OCT042100-00,0.9970,2.20,no
2026-10-05T00:58:37.883396Z,KXXRP15M-26OCT042100-00,0.9980,200.00,yes
2026-10-05T00:58:37.905251Z,KXXRP15M-26OCT042100-00,0.9980,200.00,yes
2026-10-05T00:58:38.013196Z,KXXRP15M-26OCT042100-00,0.9950,4.07,no
2026-10-05T00:58:38.013196Z,KXXRP15M-26OCT042100-00,0.9970,29.00,no
2026-10-05T00:58:38.013196Z,KXXRP15M-26OCT042100-00,0.9960,33.00,no
2026-10-05T00:58:38.013196Z,KXXRP15M-26OCT042100-00,0.9960,10.00,no
2026-10-05T00:58:38.013196Z,KXXRP15M-26OCT042100-00,0.9960,10.00,no
2026-10-05T00:58:38.013196Z,KXXRP15M-26OCT042100-00,0.9960,32.00,no
2026-10-05T00:58:38.013196Z,KXXRP15M-26OCT042100-00,0.9970,4.87,no
2026-10-05T00:58:38.582615Z,KXXRP15M-26OCT042100-00,0.9960,5.61,no
2026-10-05T00:58:38.824516Z,KXXRP15M-26OCT042100-00,0.9970,29.00,yes
2026-10-05T00:58:38.840066Z,KXXRP15M-26OCT042100-00,0.9970,3.00,yes
2026-10-05T00:58:38.882245Z,KXXRP15M-26OCT042100-00,0.9970,3.00,yes
2026-10-05T00:58:38.882245Z,KXXRP15M-26OCT042100-00,0.9970,19.00,yes
2026-10-05T00:58:38.882245Z,KXXRP15M-26OCT042100-00,0.9970,26.00,yes
2026-10-05T00:58:38.995019Z,KXXRP15M-26OCT042100-00,0.9970,3.00,yes
2026-10-05T00:58:38.995019Z,KXXRP15M-26OCT042100-00,0.9970,27.00,yes
2026-10-05T00:58:38.995019Z,KXXRP15M-26OCT042100-00,0.9970,32.00,yes
2026-10-05T00:58:39.196301Z,KXXRP15M-26OCT042100-00,0.9970,1.00,yes
2026-10-05T00:58:39.208391Z,KXXRP15M-26OCT042100-00,0.9960,2.34,no
2026-10-05T00:58:39.239209Z,KXXRP15M-26OCT042100-00,0.9960,2.34,no
2026-10-05T00:58:39.239209Z,KXXRP15M-26OCT042100-00,0.9960,30.66,no
2026-10-05T00:58:39.239209Z,KXXRP15M-26OCT042100-00,0.9960,40.99,no
2026-10-05T00:58:39.239209Z,KXXRP15M-26OCT042100-00,0.9960,3.00,no
2026-10-05T00:58:39.239209Z,KXXRP15M-26OCT042100-00,0.9950,1434.00,no
2026-10-05T00:58:39.239209Z,KXXRP15M-26OCT042100-00,0.9950,812.06,no
2026-10-05T00:58:39.239209Z,KXXRP15M-26OCT042100-00,0.9950,638.00,no
2026-10-05T00:58:39.239209Z,KXXRP15M-26OCT042100-00,0.9950,426.00,no
2026-10-05T00:58:39.239209Z,KXXRP15M-26OCT042100-00,0.9950,207.00,no
2026-10-05T00:58:39.239209Z,KXXRP15M-26OCT042100-00,0.9950,98.95,no
2026-10-05T00:58:39.676739Z,KXXRP15M-26OCT042100-00,0.9970,3.00,yes
2026-10-05T00:58:39.676739Z,KXXRP15M-26OCT042100-00,0.9970,56.00,yes
2026-10-05T00:58:40.020022Z,KXXRP15M-26OCT042100-00,0.9970,15.00,yes
2026-10-05T00:58:40.045471Z,KXXRP15M-26OCT042100-00,0.9960,26.00,yes
2026-10-05T00:58:40.564537Z,KXXRP15M-26OCT042100-00,0.9980,20.00,yes
2026-10-05T00:58:43.107368Z,KXXRP15M-26OCT042100-00,0.9970,16.40,no
2026-10-05T00:58:43.653844Z,KXXRP15M-26OCT042100-00,0.9970,3.40,no
2026-10-05T00:58:43.653844Z,KXXRP15M-26OCT042100-00,0.9970,10.60,no
2026-10-05T00:58:46.498587Z,KXXRP15M-26OCT042100-00,0.9980,43.00,yes
2026-10-05T00:58:47.891448Z,KXXRP15M-26OCT042100-00,0.9980,2.00,yes
2026-10-05T00:58:47.898868Z,KXXRP15M-26OCT042100-00,0.9980,2.00,yes
2026-10-05T00:58:47.904884Z,KXXRP15M-26OCT042100-00,0.9980,25.00,yes
2026-10-05T00:58:47.911067Z,KXXRP15M-26OCT042100-00,0.9980,5.00,yes
2026-10-05T00:58:47.91839Z,KXXRP15M-26OCT042100-00,0.9980,2.00,yes
2026-10-05T00:58:47.924929Z,KXXRP15M-26OCT042100-00,0.9980,2.00,yes
2026-10-05T00:58:47.932548Z,KXXRP15M-26OCT042100-00,0.9980,2.00,yes
2026-10-05T00:58:47.93989Z,KXXRP15M-26OCT042100-00,0.9980,2.00,yes
2026-10-05T00:58:47.946372Z,KXXRP15M-26OCT042100-00,0.9980,2.00,yes
2026-10-05T00:58:47.953189Z,KXXRP15M-26OCT042100-00,0.9980,2.00,yes
2026-10-05T00:58:47.960512Z,KXXRP15M-26OCT042100-00,0.9980,2.00,yes
2026-10-05T00:58:47.967303Z,KXXRP15M-26OCT042100-00,0.9980,2.00,yes
2026-10-05T00:58:47.976282Z,KXXRP15M-26OCT042100-00,0.9980,2.00,yes
2026-10-05T00:58:47.984296Z,KXXRP15M-26OCT042100-00,0.9980,2.00,yes
2026-10-05T00:58:47.990905Z,KXXRP15M-26OCT042100-00,0.9980,2.00,yes
2026-10-05T00:58:47.996262Z,KXXRP15M-26OCT042100-00,0.9980,5.00,yes
2026-10-05T00:58:48.205817Z,KXXRP15M-26OCT042100-00,0.9970,36.00,no
2026-10-05T00:58:48.409998Z,KXXRP15M-26OCT042100-00,0.9980,10.00,yes
2026-10-05T00:58:48.422898Z,KXXRP15M-26OCT042100-00,0.9980,65.00,yes
2026-10-05T00:58:48.431434Z,KXXRP15M-26OCT042100-00,0.9980,25.00,yes
2026-10-05T00:58:48.445614Z,KXXRP15M-26OCT042100-00,0.9980,10.00,yes
2026-10-05T00:58:48.452616Z,KXXRP15M-26OCT042100-00,0.9980,5.00,yes
2026-10-05T00:58:48.46073Z,KXXRP15M-26OCT042100-00,0.9980,2.00,yes
2026-10-05T00:58:48.566785Z,KXXRP15M-26OCT042100-00,0.9980,35.00,yes
2026-10-05T00:58:48.57616Z,KXXRP15M-26OCT042100-00,0.9980,15.00,yes
2026-10-05T00:58:48.58372Z,KXXRP15M-26OCT042100-00,0.9980,7.00,yes
2026-10-05T00:58:48.591332Z,KXXRP15M-26OCT042100-00,0.9980,5.00,yes
2026-10-05T00:58:48.597128Z,KXXRP15M-26OCT042100-00,0.9980,2.00,yes
2026-10-05T00:58:48.603622Z,KXXRP15M-26OCT042100-00,0.9980,2.00,yes
2026-10-05T00:58:48.60929Z,KXXRP15M-26OCT042100-00,0.9980,2.00,yes
2026-10-05T00:58:48.824455Z,KXXRP15M-26OCT042100-00,0.9980,25.00,yes
2026-10-05T00:58:48.848998Z,KXXRP15M-26OCT042100-00,0.9980,30.00,yes
2026-10-05T00:58:48.86246Z,KXXRP15M-26OCT042100-00,0.9980,30.00,yes
2026-10-05T00:58:48.882059Z,KXXRP15M-26OCT042100-00,0.9980,30.00,yes
2026-10-05T00:58:48.946905Z,KXXRP15M-26OCT042100-00,0.9980,30.00,yes
2026-10-05T00:58:48.967087Z,KXXRP15M-26OCT042100-00,0.9980,24.74,yes
2026-10-05T00:58:49.224718Z,KXXRP15M-26OCT042100-00,0.9970,24.00,no
2026-10-05T00:58:49.224718Z,KXXRP15M-26OCT042100-00,0.9970,39.00,no
2026-10-05T00:58:49.224718Z,KXXRP15M-26OCT042100-00,0.9970,11.00,no
2026-10-05T00:58:49.224718Z,KXXRP15M-26OCT042100-00,0.9950,10.20,no
2026-10-05T00:58:49.224718Z,KXXRP15M-26OCT042100-00,0.9950,200.00,no
2026-10-05T00:58:49.224718Z,KXXRP15M-26OCT042100-00,0.9950,102.05,no
2026-10-05T00:58:49.224718Z,KXXRP15M-26OCT042100-00,0.9970,4.60,no
2026-10-05T00:58:49.224718Z,KXXRP15M-26OCT042100-00,0.9970,8.00,no
2026-10-05T00:58:49.224718Z,KXXRP15M-26OCT042100-00,0.9970,15.00,no
2026-10-05T00:58:51.564245Z,KXXRP15M-26OCT042100-00,0.9980,100.18,yes
2026-10-05T00:58:53.299084Z,KXXRP15M-26OCT042100-00,0.9980,5.00,yes
2026-10-05T00:58:53.299084Z,KXXRP15M-26OCT042100-00,0.9980,17.00,yes
2026-10-05T00:58:53.299084Z,KXXRP15M-26OCT042100-00,0.9980,26.00,yes
2026-10-05T00:58:53.299084Z,KXXRP15M-26OCT042100-00,0.9980,3.00,yes
2026-10-05T00:58:53.299084Z,KXXRP15M-26OCT042100-00,0.9980,3.00,yes
2026-10-05T00:58:53.299084Z,KXXRP15M-26OCT042100-00,0.9980,3.00,yes
2026-10-05T00:58:53.299084Z,KXXRP15M-26OCT042100-00,0.9980,3.00,yes
2026-10-05T00:58:53.299084Z,KXXRP15M-26OCT042100-00,0.9980,3.00,yes
2026-10-05T00:58:53.299084Z,KXXRP15M-26OCT042100-00,0.9980,500.00,yes
2026-10-05T00:58:53.299084Z,KXXRP15M-26OCT042100-00,0.9980,500.00,yes
2026-10-05T00:58:53.299084Z,KXXRP15M-26OCT042100-00,0.9980,170.95,yes
2026-10-05T00:58:53.299084Z,KXXRP15M-26OCT042100-00,0.9980,5.00,yes
2026-10-05T00:58:53.432289Z,KXXRP15M-26OCT042100-00,0.9980,73.64,no
2026-10-05T00:58:53.473224Z,KXXRP15M-26OCT042100-00,0.9980,43.04,no
2026-10-05T00:58:53.672236Z,KXXRP15M-26OCT042100-00,0.9980,201.49,no
2026-10-05T00:58:56.171625Z,KXXRP15M-26OCT042100-00,0.9980,48.88,no
2026-10-05T00:58:56.171625Z,KXXRP15M-26OCT042100-00,0.9980,108.12,no
2026-10-05T00:58:57.453275Z,KXXRP15M-26OCT042100-00,0.9980,73.30,no
2026-10-05T00:58:59.979873Z,KXXRP15M-26OCT042100-00,0.9990,200.00,yes
2026-10-05T00:59:00.075096Z,KXXRP15M-26OCT042100-00,0.9990,1.00,yes
2026-10-05T00:59:00.152135Z,KXXRP15M-26OCT042100-00,0.9990,11.11,yes
2026-10-05T00:59:00.233516Z,KXXRP15M-26OCT042100-00,0.9990,85.64,yes
2026-10-05T00:59:01.044034Z,KXXRP15M-26OCT042100-00,0.9990,102.25,yes
2026-10-05T00:59:01.044034Z,KXXRP15M-26OCT042100-00,0.9990,500.00,yes
2026-10-05T00:59:01.044034Z,KXXRP15M-26OCT042100-00,0.9990,17.75,yes
2026-10-05T00:59:01.223767Z,KXXRP15M-26OCT042100-00,0.9990,2.28,yes
2026-10-05T00:59:02.101185Z,KXXRP15M-26OCT042100-00,0.9990,100.00,yes
2026-10-05T00:59:03.736758Z,KXXRP15M-26OCT042100-00,0.9990,350.00,yes
2026-10-05T00:59:05.237777Z,KXXRP15M-26OCT042100-00,0.9990,21.03,yes
2026-10-05T00:59:05.237777Z,KXXRP15M-26OCT042100-00,0.9990,1.00,yes
2026-10-05T00:59:05.237777Z,KXXRP15M-26OCT042100-00,0.9990,29.97,yes
2026-10-05T00:59:05.237777Z,KXXRP15M-26OCT042100-00,0.9990,1.00,yes
2026-10-05T00:59:05.237777Z,KXXRP15M-26OCT042100-00,0.9990,1.00,yes
2026-10-05T00:59:06.262104Z,KXXRP15M-26OCT042100-00,0.9990,39.00,yes
2026-10-05T00:59:06.779058Z,KXXRP15M-26OCT042100-00,0.9990,200.00,yes
2026-10-05T00:59:06.986902Z,KXXRP15M-26OCT042100-00,0.9990,34.00,yes
2026-10-05T00:59:06.986902Z,KXXRP15M-26OCT042100-00,0.9990,0.23,yes
2026-10-05T00:59:06.986902Z,KXXRP15M-26OCT042100-00,0.9990,139.97,yes
2026-10-05T00:59:06.986902Z,KXXRP15M-26OCT042100-00,0.9990,100.00,yes
2026-10-05T00:59:06.986902Z,KXXRP15M-26OCT042100-00,0.9990,40.00,yes
2026-10-05T00:59:07.176198Z,KXXRP15M-26OCT042100-00,0.9980,5.00,no
2026-10-05T00:59:17.992492Z,KXXRP15M-26OCT042100-00,0.9990,100.00,no
2026-10-05T00:59:17.992492Z,KXXRP15M-26OCT042100-00,0.9990,5.00,no
2026-10-05T00:59:17.992492Z,KXXRP15M-26OCT042100-00,0.9990,792.30,no
2026-10-05T00:59:29.952135Z,KXXRP15M-26OCT042100-00,0.9990,31.79,no
2026-10-05T00:59:32.769689Z,KXXRP15M-26OCT042100-00,0.9990,0.54,no
2026-10-05T00:59:38.794984Z,KXXRP15M-26OCT042100-00,0.9990,915.99,no
2026-10-05T00:59:39.163838Z,KXXRP15M-26OCT042100-00,0.9990,5.00,no
2026-10-05T00:59:42.497631Z,KXXRP15M-26OCT042100-00,0.9990,9.20,no
2026-10-05T00:59:44.087Z,KXXRP15M-26OCT042100-00,0.9990,229.01,no
2026-10-05T00:59:52.479677Z,KXXRP15M-26OCT042100-00,0.9990,47.14,no
2026-10-05T00:59:59.941589Z,KXXRP15M-26OCT042100-00,0.9990,49.17,no
2026-10-05T00:57:44.595363Z,KXZEC15M-26OCT042100-00,0.9410,6.34,no
2026-10-05T00:57:45.042032Z,KXZEC15M-26OCT042100-00,0.9410,112.00,no
2026-10-05T00:57:47.17357Z,KXZEC15M-26OCT042100-00,0.9410,1.66,no
2026-10-05T00:57:49.17077Z,KXZEC15M-26OCT042100-00,0.9730,13.30,yes
2026-10-05T00:57:49.17077Z,KXZEC15M-26OCT042100-00,0.9500,1.00,yes
2026-10-05T00:57:49.17077Z,KXZEC15M-26OCT042100-00,0.9510,0.03,yes
2026-10-05T00:57:49.17077Z,KXZEC15M-26OCT042100-00,0.9490,0.03,yes
2026-10-05T00:57:49.17077Z,KXZEC15M-26OCT042100-00,0.9500,0.03,yes
2026-10-05T00:57:49.210675Z,KXZEC15M-26OCT042100-00,0.9130,5.00,no
2026-10-05T00:57:49.210675Z,KXZEC15M-26OCT042100-00,0.9120,3.09,no
2026-10-05T00:57:53.263923Z,KXZEC15M-26OCT042100-00,0.9110,26.59,no
2026-10-05T00:57:53.263923Z,KXZEC15M-26OCT042100-00,0.9410,1.00,no
2026-10-05T00:57:53.263923Z,KXZEC15M-26OCT042100-00,0.9410,0.03,no
2026-10-05T00:57:53.263923Z,KXZEC15M-26OCT042100-00,0.9130,28.00,no
2026-10-05T00:57:53.263923Z,KXZEC15M-26OCT042100-00,0.9330,5.00,no
2026-10-05T00:57:53.263923Z,KXZEC15M-26OCT042100-00,0.9400,1.00,no
2026-10-05T00:57:53.263923Z,KXZEC15M-26OCT042100-00,0.9300,1.00,no
2026-10-05T00:57:53.263923Z,KXZEC15M-26OCT042100-00,0.9400,0.03,no
2026-10-05T00:57:53.263923Z,KXZEC15M-26OCT042100-00,0.9120,5.00,no
2026-10-05T00:57:53.263923Z,KXZEC15M-26OCT042100-00,0.9220,5.35,no
2026-10-05T00:57:53.679781Z,KXZEC15M-26OCT042100-00,0.9690,2.05,yes
2026-10-05T00:57:53.679781Z,KXZEC15M-26OCT042100-00,0.9690,0.03,yes
2026-10-05T00:57:53.679781Z,KXZEC15M-26OCT042100-00,0.9690,1.00,yes
2026-10-05T00:57:55.613951Z,KXZEC15M-26OCT042100-00,0.9110,48.11,no
2026-10-05T00:57:55.613951Z,KXZEC15M-26OCT042100-00,0.9110,1.00,no
2026-10-05T00:57:55.613951Z,KXZEC15M-26OCT042100-00,0.9120,25.00,no
2026-10-05T00:57:55.613951Z,KXZEC15M-26OCT042100-00,0.9110,0.03,no
2026-10-05T00:57:57.435581Z,KXZEC15M-26OCT042100-00,0.9310,5.00,no
2026-10-05T00:57:57.612297Z,KXZEC15M-26OCT042100-00,0.9750,19.00,yes
2026-10-05T00:57:57.612297Z,KXZEC15M-26OCT042100-00,0.9730,0.03,yes
2026-10-05T00:57:57.612297Z,KXZEC15M-26OCT042100-00,0.9730,1.00,yes
2026-10-05T00:57:57.612297Z,KXZEC15M-26OCT042100-00,0.9740,1.00,yes
2026-10-05T00:57:57.612297Z,KXZEC15M-26OCT042100-00,0.9740,0.03,yes
2026-10-05T00:57:57.612297Z,KXZEC15M-26OCT042100-00,0.9760,1.94,yes
2026-10-05T00:57:57.612297Z,KXZEC15M-26OCT042100-00,0.9760,1.00,yes
2026-10-05T00:57:58.130913Z,KXZEC15M-26OCT042100-00,0.9690,2.00,no
2026-10-05T00:57:58.130913Z,KXZEC15M-26OCT042100-00,0.9690,1.00,no
2026-10-05T00:58:00.313968Z,KXZEC15M-26OCT042100-00,0.9650,6.00,yes
2026-10-05T00:58:00.313968Z,KXZEC15M-26OCT042100-00,0.9640,19.00,yes
2026-10-05T00:58:01.830942Z,KXZEC15M-26OCT042100-00,0.9420,5.00,no
2026-10-05T00:58:01.830942Z,KXZEC15M-26OCT042100-00,0.9410,24.00,no
2026-10-05T00:58:01.830942Z,KXZEC15M-26OCT042100-00,0.9400,52.00,no
2026-10-05T00:58:01.830942Z,KXZEC15M-26OCT042100-00,0.9420,1.00,no
2026-10-05T00:58:01.831175Z,KXZEC15M-26OCT042100-00,0.9400,99.00,no
2026-10-05T00:58:02.590436Z,KXZEC15M-26OCT042100-00,0.9400,1.48,no
2026-10-05T00:58:02.590436Z,KXZEC15M-26OCT042100-00,0.9420,1.00,no
2026-10-05T00:58:02.590436Z,KXZEC15M-26OCT042100-00,0.9410,24.00,no
2026-10-05T00:58:02.590436Z,KXZEC15M-26OCT042100-00,0.9420,5.00,no
2026-10-05T00:58:02.901306Z,KXZEC15M-26OCT042100-00,0.9420,5.00,no
2026-10-05T00:58:02.901306Z,KXZEC15M-26OCT042100-00,0.9410,5.93,no
2026-10-05T00:58:02.901306Z,KXZEC15M-26OCT042100-00,0.9420,5.00,no
2026-10-05T00:58:03.012739Z,KXZEC15M-26OCT042100-00,0.9430,0.90,no
2026-10-05T00:58:03.060192Z,KXZEC15M-26OCT042100-00,0.9700,25.00,yes
2026-10-05T00:58:04.411001Z,KXZEC15M-26OCT042100-00,0.9500,1.00,no
2026-10-05T00:58:04.411001Z,KXZEC15M-26OCT042100-00,0.9510,10.00,no
2026-10-05T00:58:05.15158Z,KXZEC15M-26OCT042100-00,0.9430,12.99,no
2026-10-05T00:58:07.348847Z,KXZEC15M-26OCT042100-00,0.9760,0.03,yes
2026-10-05T00:58:07.348847Z,KXZEC15M-26OCT042100-00,0.9780,0.97,yes
2026-10-05T00:58:07.348847Z,KXZEC15M-26OCT042100-00,0.9780,0.03,yes
2026-10-05T00:58:07.348847Z,KXZEC15M-26OCT042100-00,0.9770,0.03,yes
2026-10-05T00:58:07.348847Z,KXZEC15M-26OCT042100-00,0.9770,21.00,yes
2026-10-05T00:58:07.348847Z,KXZEC15M-26OCT042100-00,0.9780,6.00,yes
2026-10-05T00:58:07.348847Z,KXZEC15M-26OCT042100-00,0.9760,2.06,yes
2026-10-05T00:58:07.569228Z,KXZEC15M-26OCT042100-00,0.9760,0.03,yes
2026-10-05T00:58:07.569228Z,KXZEC15M-26OCT042100-00,0.9770,0.03,yes
2026-10-05T00:58:07.569228Z,KXZEC15M-26OCT042100-00,0.9760,21.00,yes
2026-10-05T00:58:07.569228Z,KXZEC15M-26OCT042100-00,0.9770,0.94,yes
2026-10-05T00:58:08.10809Z,KXZEC15M-26OCT042100-00,0.9780,19.00,yes
2026-10-05T00:58:08.10809Z,KXZEC15M-26OCT042100-00,0.9770,0.06,yes
2026-10-05T00:58:08.10809Z,KXZEC15M-26OCT042100-00,0.9790,0.94,yes
2026-10-05T00:58:08.731041Z,KXZEC15M-26OCT042100-00,0.9790,4.94,yes
2026-10-05T00:58:08.731041Z,KXZEC15M-26OCT042100-00,0.9790,0.06,yes
2026-10-05T00:58:09.023233Z,KXZEC15M-26OCT042100-00,0.9630,8.57,no
2026-10-05T00:58:09.023233Z,KXZEC15M-26OCT042100-00,0.9700,1.43,no
2026-10-05T00:58:09.778832Z,KXZEC15M-26OCT042100-00,0.9790,0.03,yes
2026-10-05T00:58:09.778832Z,KXZEC15M-26OCT042100-00,0.9790,6.00,yes
2026-10-05T00:58:09.778832Z,KXZEC15M-26OCT042100-00,0.9790,10.06,yes
2026-10-05T00:58:09.778832Z,KXZEC15M-26OCT042100-00,0.9790,4.94,yes
2026-10-05T00:58:09.778832Z,KXZEC15M-26OCT042100-00,0.9800,4.02,yes
2026-10-05T00:58:09.778832Z,KXZEC15M-26OCT042100-00,0.9800,20.00,yes
2026-10-05T00:58:09.778832Z,KXZEC15M-26OCT042100-00,0.9800,11.00,yes
2026-10-05T00:58:09.809323Z,KXZEC15M-26OCT042100-00,0.9800,16.99,yes
2026-10-05T00:58:09.809323Z,KXZEC15M-26OCT042100-00,0.9800,0.03,yes
2026-10-05T00:58:09.809323Z,KXZEC15M-26OCT042100-00,0.9800,5.98,yes
2026-10-05T00:58:10.865285Z,KXZEC15M-26OCT042100-00,0.9810,4.00,yes
2026-10-05T00:58:10.865285Z,KXZEC15M-26OCT042100-00,0.9810,20.00,yes
2026-10-05T00:58:10.865901Z,KXZEC15M-26OCT042100-00,0.9810,13.00,yes
2026-10-05T00:58:12.444887Z,KXZEC15M-26OCT042100-00,0.9800,20.00,no
2026-10-05T00:58:12.444887Z,KXZEC15M-26OCT042100-00,0.9800,15.00,no
2026-10-05T00:58:13.665428Z,KXZEC15M-26OCT042100-00,0.9800,19.75,no
2026-10-05T00:58:13.988504Z,KXZEC15M-26OCT042100-00,0.9820,5.00,yes
2026-10-05T00:58:13.988504Z,KXZEC15M-26OCT042100-00,0.9820,20.00,yes
2026-10-05T00:58:13.989113Z,KXZEC15M-26OCT042100-00,0.9830,0.03,yes
2026-10-05T00:58:13.989113Z,KXZEC15M-26OCT042100-00,0.9820,0.03,yes
2026-10-05T00:58:13.989113Z,KXZEC15M-26OCT042100-00,0.9830,20.00,yes
2026-10-05T00:58:14.134232Z,KXZEC15M-26OCT042100-00,0.9850,1.00,yes
2026-10-05T00:58:14.134232Z,KXZEC15M-26OCT042100-00,0.9840,20.00,yes
2026-10-05T00:58:14.134232Z,KXZEC15M-26OCT042100-00,0.9850,20.00,yes
2026-10-05T00:58:14.171287Z,KXZEC15M-26OCT042100-00,0.9860,8.00,yes
2026-10-05T00:58:14.171287Z,KXZEC15M-26OCT042100-00,0.9860,20.00,yes
2026-10-05T00:58:14.171287Z,KXZEC15M-26OCT042100-00,0.9870,10.00,yes
2026-10-05T00:58:14.175174Z,KXZEC15M-26OCT042100-00,0.9880,5.00,yes
2026-10-05T00:58:14.175174Z,KXZEC15M-26OCT042100-00,0.9880,20.00,yes
2026-10-05T00:58:14.175174Z,KXZEC15M-26OCT042100-00,0.9870,10.00,yes
2026-10-05T00:58:15.23489Z,KXZEC15M-26OCT042100-00,0.9850,10.00,no
2026-10-05T00:58:15.23489Z,KXZEC15M-26OCT042100-00,0.9850,10.00,no
2026-10-05T00:58:15.23489Z,KXZEC15M-26OCT042100-00,0.9840,1.75,no
2026-10-05T00:58:15.23489Z,KXZEC15M-26OCT042100-00,0.9850,20.00,no
2026-10-05T00:58:15.23489Z,KXZEC15M-26OCT042100-00,0.9850,20.00,no
2026-10-05T00:58:15.325513Z,KXZEC15M-26OCT042100-00,0.9890,10.00,yes
2026-10-05T00:58:15.355413Z,KXZEC15M-26OCT042100-00,0.9890,5.00,yes
2026-10-05T00:58:15.768775Z,KXZEC15M-26OCT042100-00,0.9890,1.00,yes
2026-10-05T00:58:15.768775Z,KXZEC15M-26OCT042100-00,0.9890,5.00,yes
2026-10-05T00:58:15.768775Z,KXZEC15M-26OCT042100-00,0.9890,4.00,yes
2026-10-05T00:58:16.386047Z,KXZEC15M-26OCT042100-00,0.9890,20.00,yes
2026-10-05T00:58:16.539054Z,KXZEC15M-26OCT042100-00,0.9890,50.00,yes
2026-10-05T00:58:18.068422Z,KXZEC15M-26OCT042100-00,0.9890,1.00,yes
2026-10-05T00:58:18.517471Z,KXZEC15M-26OCT042100-00,0.9890,1.01,yes
2026-10-05T00:58:19.075008Z,KXZEC15M-26OCT042100-00,0.9880,5.00,no
2026-10-05T00:58:19.075008Z,KXZEC15M-26OCT042100-00,0.9880,7.00,no
2026-10-05T00:58:21.616648Z,KXZEC15M-26OCT042100-00,0.9890,14.00,yes
2026-10-05T00:58:21.645074Z,KXZEC15M-26OCT042100-00,0.9890,0.01,yes
2026-10-05T00:58:21.645074Z,KXZEC15M-26OCT042100-00,0.9890,0.99,yes
2026-10-05T00:58:21.656318Z,KXZEC15M-26OCT042100-00,0.9880,2.06,no
2026-10-05T00:58:23.122678Z,KXZEC15M-26OCT042100-00,0.9890,0.03,yes
2026-10-05T00:58:23.122678Z,KXZEC15M-26OCT042100-00,0.9890,4.99,yes
2026-10-05T00:58:23.464355Z,KXZEC15M-26OCT042100-00,0.9900,5.00,yes
2026-10-05T00:58:24.201287Z,KXZEC15M-26OCT042100-00,0.9900,72.00,yes
2026-10-05T00:58:24.201287Z,KXZEC15M-26OCT042100-00,0.9900,8.00,yes
2026-10-05T00:58:25.149886Z,KXZEC15M-26OCT042100-00,0.9900,12.00,yes
2026-10-05T00:58:25.149886Z,KXZEC15M-26OCT042100-00,0.9900,8.00,yes
2026-10-05T00:58:25.256981Z,KXZEC15M-26OCT042100-00,0.9900,4.03,yes
2026-10-05T00:58:26.119278Z,KXZEC15M-26OCT042100-00,0.9890,8.00,no
2026-10-05T00:58:26.119278Z,KXZEC15M-26OCT042100-00,0.9890,12.00,no
2026-10-05T00:58:26.119278Z,KXZEC15M-26OCT042100-00,0.9890,1.68,no
2026-10-05T00:58:26.119278Z,KXZEC15M-26OCT042100-00,0.9890,3.32,no
2026-10-05T00:58:28.279115Z,KXZEC15M-26OCT042100-00,0.9900,12.97,yes
2026-10-05T00:58:28.279115Z,KXZEC15M-26OCT042100-00,0.9900,7.03,yes
2026-10-05T00:58:28.93813Z,KXZEC15M-26OCT042100-00,0.9880,0.94,no
2026-10-05T00:58:28.93813Z,KXZEC15M-26OCT042100-00,0.9880,5.00,no
2026-10-05T00:58:28.93813Z,KXZEC15M-26OCT042100-00,0.9880,3.00,no
2026-10-05T00:58:28.93813Z,KXZEC15M-26OCT042100-00,0.9890,3.00,no
2026-10-05T00:58:28.93813Z,KXZEC15M-26OCT042100-00,0.9880,0.03,no
2026-10-05T00:58:28.93813Z,KXZEC15M-26OCT042100-00,0.9890,12.97,no
2026-10-05T00:58:28.93813Z,KXZEC15M-26OCT042100-00,0.9890,0.03,no
2026-10-05T00:58:28.93813Z,KXZEC15M-26OCT042100-00,0.9880,3.00,no
2026-10-05T00:58:28.93813Z,KXZEC15M-26OCT042100-00,0.9890,6.32,no
2026-10-05T00:58:28.93813Z,KXZEC15M-26OCT042100-00,0.9890,4.03,no
2026-10-05T00:58:28.93813Z,KXZEC15M-26OCT042100-00,0.9870,43.99,no
2026-10-05T00:58:30.153759Z,KXZEC15M-26OCT042100-00,0.9900,1.00,yes
2026-10-05T00:58:32.838854Z,KXZEC15M-26OCT042100-00,0.9880,0.07,no
2026-10-05T00:58:34.250692Z,KXZEC15M-26OCT042100-00,0.9900,16.97,yes
2026-10-05T00:58:34.250692Z,KXZEC15M-26OCT042100-00,0.9900,0.03,yes
2026-10-05T00:58:34.444589Z,KXZEC15M-26OCT042100-00,0.9890,71.95,no
2026-10-05T00:58:34.581597Z,KXZEC15M-26OCT042100-00,0.9900,10.38,yes
2026-10-05T00:58:34.859161Z,KXZEC15M-26OCT042100-00,0.9850,0.07,no
2026-10-05T00:58:34.859161Z,KXZEC15M-26OCT042100-00,0.9840,0.07,no
2026-10-05T00:58:34.859161Z,KXZEC15M-26OCT042100-00,0.9830,0.08,no
2026-10-05T00:58:34.859161Z,KXZEC15M-26OCT042100-00,0.9810,5.00,no
2026-10-05T00:58:34.859161Z,KXZEC15M-26OCT042100-00,0.9810,33.83,no
2026-10-05T00:58:34.859161Z,KXZEC15M-26OCT042100-00,0.9840,18.25,no
2026-10-05T00:58:34.859161Z,KXZEC15M-26OCT042100-00,0.9830,20.00,no
2026-10-05T00:58:34.859161Z,KXZEC15M-26OCT042100-00,0.9820,20.00,no
2026-10-05T00:58:34.859161Z,KXZEC15M-26OCT042100-00,0.9810,20.00,no
2026-10-05T00:58:34.859161Z,KXZEC15M-26OCT042100-00,0.9820,0.10,no
2026-10-05T00:58:34.859161Z,KXZEC15M-26OCT042100-00,0.9870,0.07,no
2026-10-05T00:58:34.859161Z,KXZEC15M-26OCT042100-00,0.9860,0.07,no
2026-10-05T00:58:34.859161Z,KXZEC15M-26OCT042100-00,0.9870,3.00,no
2026-10-05T00:58:34.859161Z,KXZEC15M-26OCT042100-00,0.9820,32.00,no
2026-10-05T00:58:35.056735Z,KXZEC15M-26OCT042100-00,0.9900,7.39,yes
2026-10-05T00:58:35.056735Z,KXZEC15M-26OCT042100-00,0.9900,25.00,yes
2026-10-05T00:58:35.056735Z,KXZEC15M-26OCT042100-00,0.9910,0.03,yes
2026-10-05T00:58:35.056735Z,KXZEC15M-26OCT042100-00,0.9900,0.03,yes
2026-10-05T00:58:35.056735Z,KXZEC15M-26OCT042100-00,0.9900,22.00,yes
2026-10-05T00:58:35.056735Z,KXZEC15M-26OCT042100-00,0.9900,8.37,yes
2026-10-05T00:58:35.056735Z,KXZEC15M-26OCT042100-00,0.9910,20.00,yes
2026-10-05T00:58:35.056735Z,KXZEC15M-26OCT042100-00,0.9900,20.00,yes
2026-10-05T00:58:35.056735Z,KXZEC15M-26OCT042100-00,0.9900,14.59,yes
2026-10-05T00:58:35.650473Z,KXZEC15M-26OCT042100-00,0.9920,20.00,yes
2026-10-05T00:58:36.751572Z,KXZEC15M-26OCT042100-00,0.9920,14.28,no
2026-10-05T00:58:37.71087Z,KXZEC15M-26OCT042100-00,0.9930,11.72,yes
2026-10-05T00:58:39.300506Z,KXZEC15M-26OCT042100-00,0.9920,35.00,no
2026-10-05T00:58:39.450787Z,KXZEC15M-26OCT042100-00,0.9920,7.00,no
2026-10-05T00:58:44.703231Z,KXZEC15M-26OCT042100-00,0.9920,11.72,no
2026-10-05T00:58:44.703231Z,KXZEC15M-26OCT042100-00,0.9910,39.22,no
2026-10-05T00:58:44.703231Z,KXZEC15M-26OCT042100-00,0.9910,20.00,no
2026-10-05T00:58:44.703231Z,KXZEC15M-26OCT042100-00,0.9920,25.00,no
2026-10-05T00:58:44.703231Z,KXZEC15M-26OCT042100-00,0.9920,0.03,no
2026-10-05T00:58:44.703231Z,KXZEC15M-26OCT042100-00,0.9910,0.03,no
2026-10-05T00:58:44.703231Z,KXZEC15M-26OCT042100-00,0.9920,3.00,no
2026-10-05T00:58:44.879512Z,KXZEC15M-26OCT042100-00,0.9900,2.00,no
2026-10-05T00:58:50.499542Z,KXZEC15M-26OCT042100-00,0.9930,8.09,yes
2026-10-05T00:58:52.609836Z,KXZEC15M-26OCT042100-00,0.9930,0.19,yes
2026-10-05T00:58:52.609836Z,KXZEC15M-26OCT042100-00,0.9940,0.81,yes
2026-10-05T00:58:58.509806Z,KXZEC15M-26OCT042100-00,0.9950,0.53,yes
2026-10-05T00:58:58.509806Z,KXZEC15M-26OCT042100-00,0.9950,11.00,yes
2026-10-05T00:58:58.509806Z,KXZEC15M-26OCT042100-00,0.9940,19.19,yes
2026-10-05T00:58:58.509806Z,KXZEC15M-26OCT042100-00,0.9950,20.00,yes
2026-10-05T00:58:58.509806Z,KXZEC15M-26OCT042100-00,0.9950,1.00,yes
2026-10-05T00:58:59.076178Z,KXZEC15M-26OCT042100-00,0.9960,0.03,yes
2026-10-05T00:58:59.076178Z,KXZEC15M-26OCT042100-00,0.9960,1.00,yes
2026-10-05T00:58:59.076178Z,KXZEC15M-26OCT042100-00,0.9960,1.00,yes
2026-10-05T00:58:59.076178Z,KXZEC15M-26OCT042100-00,0.9970,0.43,yes
2026-10-05T00:58:59.076178Z,KXZEC15M-26OCT042100-00,0.9960,1.00,yes
2026-10-05T00:58:59.076178Z,KXZEC15M-26OCT042100-00,0.9960,13.00,yes
2026-10-05T00:58:59.076178Z,KXZEC15M-26OCT042100-00,0.9970,18.00,yes
2026-10-05T00:58:59.076178Z,KXZEC15M-26OCT042100-00,0.9960,1.00,yes
2026-10-05T00:58:59.076178Z,KXZEC15M-26OCT042100-00,0.9970,2.00,yes
2026-10-05T00:58:59.076178Z,KXZEC15M-26OCT042100-00,0.9970,2.00,yes
2026-10-05T00:58:59.076178Z,KXZEC15M-26OCT042100-00,0.9960,1.00,yes
2026-10-05T00:58:59.076178Z,KXZEC15M-26OCT042100-00,0.9960,20.00,yes
2026-10-05T00:58:59.076178Z,KXZEC15M-26OCT042100-00,0.9970,20.00,yes
2026-10-05T00:58:59.65208Z,KXZEC15M-26OCT042100-00,0.9970,23.40,yes
2026-10-05T00:58:59.65208Z,KXZEC15M-26OCT042100-00,0.9970,0.03,yes
2026-10-05T00:58:59.65208Z,KXZEC15M-26OCT042100-00,0.9970,5.00,yes
2026-10-05T00:58:59.65208Z,KXZEC15M-26OCT042100-00,0.9970,5.00,yes
2026-10-05T00:58:59.65208Z,KXZEC15M-26OCT042100-00,0.9970,2.00,yes
2026-10-05T00:58:59.65208Z,KXZEC15M-26OCT042100-00,0.9970,2.00,yes
2026-10-05T00:58:59.65208Z,KXZEC15M-26OCT042100-00,0.9970,1.57,yes
2026-10-05T00:59:00.897909Z,KXZEC15M-26OCT042100-00,0.9970,0.03,yes
2026-10-05T00:59:00.897909Z,KXZEC15M-26OCT042100-00,0.9970,5.00,yes
2026-10-05T00:59:00.897909Z,KXZEC15M-26OCT042100-00,0.9970,5.00,yes
2026-10-05T00:59:00.897909Z,KXZEC15M-26OCT042100-00,0.9970,80.60,yes
2026-10-05T00:59:00.897909Z,KXZEC15M-26OCT042100-00,0.9980,134.05,yes
2026-10-05T00:59:01.374239Z,KXZEC15M-26OCT042100-00,0.9980,53.00,yes
2026-10-05T00:59:01.666273Z,KXZEC15M-26OCT042100-00,0.9970,0.03,no
2026-10-05T00:59:01.666273Z,KXZEC15M-26OCT042100-00,0.9960,0.03,no
2026-10-05T00:59:01.666273Z,KXZEC15M-26OCT042100-00,0.9950,14.95,no
2026-10-05T00:59:01.666273Z,KXZEC15M-26OCT042100-00,0.9960,20.00,no
2026-10-05T00:59:01.666273Z,KXZEC15M-26OCT042100-00,0.9970,100.00,no
2026-10-05T00:59:04.719028Z,KXZEC15M-26OCT042100-00,0.9970,0.01,yes
2026-10-05T00:59:04.719028Z,KXZEC15M-26OCT042100-00,0.9970,0.50,yes
2026-10-05T00:59:05.209531Z,KXZEC15M-26OCT042100-00,0.9960,0.01,no
2026-10-05T00:59:05.209531Z,KXZEC15M-26OCT042100-00,0.9960,100.00,no
2026-10-05T00:59:08.445078Z,KXZEC15M-26OCT042100-00,0.9970,5.00,yes
2026-10-05T00:59:08.445078Z,KXZEC15M-26OCT042100-00,0.9970,4.99,yes
2026-10-05T00:59:08.445078Z,KXZEC15M-26OCT042100-00,0.9970,0.03,yes
2026-10-05T00:59:08.445078Z,KXZEC15M-26OCT042100-00,0.9970,0.01,yes
2026-10-05T00:59:08.445078Z,KXZEC15M-26OCT042100-00,0.9980,77.20,yes
2026-10-05T00:59:08.445078Z,KXZEC15M-26OCT042100-00,0.9980,12.95,yes
2026-10-05T00:59:10.167756Z,KXZEC15M-26OCT042100-00,0.9980,17.61,yes
2026-10-05T00:59:17.024079Z,KXZEC15M-26OCT042100-00,0.9980,14.00,yes
2026-10-05T00:59:18.421695Z,KXZEC15M-26OCT042100-00,0.9970,86.52,no
2026-10-05T00:59:25.049937Z,KXZEC15M-26OCT042100-00,0.9970,0.79,no
2026-10-05T00:59:25.049937Z,KXZEC15M-26OCT042100-00,0.9970,155.00,no
2026-10-05T00:59:27.117223Z,KXZEC15M-26OCT042100-00,0.9980,4.81,yes
2026-10-05T00:59:27.117223Z,KXZEC15M-26OCT042100-00,0.9980,20.00,yes
2026-10-05T00:59:27.117223Z,KXZEC15M-26OCT042100-00,0.9980,91.19,yes
2026-10-05T00:59:27.117223Z,KXZEC15M-26OCT042100-00,0.9980,3.00,yes
2026-10-05T00:59:27.117223Z,KXZEC15M-26OCT042100-00,0.9980,3.00,yes
2026-10-05T00:59:27.117223Z,KXZEC15M-26OCT042100-00,0.9980,3.00,yes
2026-10-05T00:59:27.117223Z,KXZEC15M-26OCT042100-00,0.9980,3.00,yes
2026-10-05T00:59:27.117223Z,KXZEC15M-26OCT042100-00,0.9980,3.00,yes
2026-10-05T00:59:27.117223Z,KXZEC15M-26OCT042100-00,0.9980,26.00,yes
2026-10-05T00:59:30.077051Z,KXZEC15M-26OCT042100-00,0.9980,0.19,yes
2026-10-05T00:59:30.077051Z,KXZEC15M-26OCT042100-00,0.9990,99.81,yes
2026-10-05T00:59:30.332317Z,KXZEC15M-26OCT042100-00,0.9990,210.00,yes
2026-10-05T00:59:30.332317Z,KXZEC15M-26OCT042100-00,0.9990,5.00,yes
2026-10-05T00:59:30.332317Z,KXZEC15M-26OCT042100-00,0.9990,1.00,yes
2026-10-05T00:59:30.332317Z,KXZEC15M-26OCT042100-00,0.9990,1.00,yes
2026-10-05T00:59:30.332317Z,KXZEC15M-26OCT042100-00,0.9990,100.19,yes
2026-10-05T00:59:30.332317Z,KXZEC15M-26OCT042100-00,0.9990,20.00,yes
2026-10-05T00:59:30.332317Z,KXZEC15M-26OCT042100-00,0.9990,1.00,yes
2026-10-05T00:59:35.757221Z,KXZEC15M-26OCT042100-00,0.9980,90.45,no
2026-10-05T00:59:42.551011Z,KXZEC15M-26OCT042100-00,0.9970,3.00,no
2026-10-05T00:59:42.551011Z,KXZEC15M-26OCT042100-00,0.9960,14.02,no
2026-10-05T00:59:42.551011Z,KXZEC15M-26OCT042100-00,0.9970,0.13,no
2026-10-05T00:59:42.551011Z,KXZEC15M-26OCT042100-00,0.9980,100.19,no
2026-10-05T00:59:42.551011Z,KXZEC15M-26OCT042100-00,0.9980,9.36,no
2026-10-05T00:59:42.551011Z,KXZEC15M-26OCT042100-00,0.9980,20.00,no
2026-10-05T00:59:42.551011Z,KXZEC15M-26OCT042100-00,0.9970,175.00,no
2026-10-05T00:59:42.551011Z,KXZEC15M-26OCT042100-00,0.9970,20.00,no
2026-10-05T00:59:42.551011Z,KXZEC15M-26OCT042100-00,0.9980,0.07,no
2026-10-05T00:59:42.551011Z,KXZEC15M-26OCT042100-00,0.9980,3.00,no
2026-10-05T00:59:42.551011Z,KXZEC15M-26OCT042100-00,0.9970,2.21,no
2026-10-05T00:59:43.088492Z,KXZEC15M-26OCT042100-00,0.9990,0.07,yes
2026-10-05T00:59:44.109333Z,KXZEC15M-26OCT042100-00,0.9990,0.13,yes
2026-10-05T00:59:56.199698Z,KXZEC15M-26OCT042100-00,0.9970,9.46,no
2026-10-05T00:59:57.132416Z,KXZEC15M-26OCT042100-00,0.9970,2.04,no
2026-10-05T00:58:02.035213Z,KXBTC15M-26OCT042100-00,0.8700,1.00,yes
2026-10-05T00:58:02.035213Z,KXBTC15M-26OCT042100-00,0.8700,0.01,yes
2026-10-05T00:58:02.035213Z,KXBTC15M-26OCT042100-00,0.8700,0.01,yes
2026-10-05T00:58:02.035213Z,KXBTC15M-26OCT042100-00,0.8700,1.00,yes
2026-10-05T00:58:02.035213Z,KXBTC15M-26OCT042100-00,0.8700,104.55,yes
2026-10-05T00:58:02.035888Z,KXBTC15M-26OCT042100-00,0.8700,57.45,yes
2026-10-05T00:58:02.036258Z,KXBTC15M-26OCT042100-00,0.8800,59.00,yes
2026-10-05T00:58:02.036258Z,KXBTC15M-26OCT042100-00,0.8800,246.94,yes
2026-10-05T00:58:02.037008Z,KXBTC15M-26OCT042100-00,0.8800,111.86,yes
2026-10-05T00:58:02.037801Z,KXBTC15M-26OCT042100-00,0.8800,29.34,yes
2026-10-05T00:58:02.037801Z,KXBTC15M-26OCT042100-00,0.8700,25.00,yes
2026-10-05T00:58:02.037892Z,KXBTC15M-26OCT042100-00,0.8800,410.38,yes
2026-10-05T00:58:02.039458Z,KXBTC15M-26OCT042100-00,0.8800,38.00,yes
2026-10-05T00:58:02.039458Z,KXBTC15M-26OCT042100-00,0.8800,60.28,yes
2026-10-05T00:58:02.039458Z,KXBTC15M-26OCT042100-00,0.8900,466.45,yes
2026-10-05T00:58:02.039458Z,KXBTC15M-26OCT042100-00,0.8800,25.00,yes
2026-10-05T00:58:02.043556Z,KXBTC15M-26OCT042100-00,0.8800,0.01,yes
2026-10-05T00:58:02.052681Z,KXBTC15M-26OCT042100-00,0.8900,9.64,yes
2026-10-05T00:58:02.061039Z,KXBTC15M-26OCT042100-00,0.9040,10.00,yes
2026-10-05T00:58:02.061039Z,KXBTC15M-26OCT042100-00,0.9070,10.00,yes
2026-10-05T00:58:02.061039Z,KXBTC15M-26OCT042100-00,0.9100,25.00,yes
2026-10-05T00:58:02.061039Z,KXBTC15M-26OCT042100-00,0.9000,25.00,yes
2026-10-05T00:58:02.061039Z,KXBTC15M-26OCT042100-00,0.8900,696.91,yes
2026-10-05T00:58:02.061039Z,KXBTC15M-26OCT042100-00,0.9190,500.08,yes
2026-10-05T00:58:02.061039Z,KXBTC15M-26OCT042100-00,0.9050,500.00,yes
2026-10-05T00:58:02.061039Z,KXBTC15M-26OCT042100-00,0.9100,615.00,yes
2026-10-05T00:58:02.061039Z,KXBTC15M-26OCT042100-00,0.9090,6.00,yes
2026-10-05T00:58:02.061039Z,KXBTC15M-26OCT042100-00,0.9090,59.00,yes
2026-10-05T00:58:02.061039Z,KXBTC15M-26OCT042100-00,0.9060,21.00,yes
2026-10-05T00:58:02.061039Z,KXBTC15M-26OCT042100-00,0.9100,22.00,yes
2026-10-05T00:58:02.061039Z,KXBTC15M-26OCT042100-00,0.8900,0.01,yes
2026-10-05T00:58:02.061039Z,KXBTC15M-26OCT042100-00,0.9100,82.00,yes
2026-10-05T00:58:02.061039Z,KXBTC15M-26OCT042100-00,0.8900,25.00,yes
2026-10-05T00:58:02.071109Z,KXBTC15M-26OCT042100-00,0.9030,191.00,no
2026-10-05T00:58:02.083105Z,KXBTC15M-26OCT042100-00,0.9030,16.00,no
2026-10-05T00:58:02.0854Z,KXBTC15M-26OCT042100-00,0.9030,2.00,no
2026-10-05T00:58:02.115019Z,KXBTC15M-26OCT042100-00,0.9070,53.91,yes
2026-10-05T00:58:02.115019Z,KXBTC15M-26OCT042100-00,0.9040,0.01,yes
2026-10-05T00:58:02.124163Z,KXBTC15M-26OCT042100-00,0.9030,157.00,no
2026-10-05T00:58:02.145507Z,KXBTC15M-26OCT042100-00,0.9040,3.69,yes
2026-10-05T00:58:02.145532Z,KXBTC15M-26OCT042100-00,0.9100,36.47,yes
2026-10-05T00:58:02.145532Z,KXBTC15M-26OCT042100-00,0.9080,6.00,yes
2026-10-05T00:58:02.145532Z,KXBTC15M-26OCT042100-00,0.9060,1.00,yes
2026-10-05T00:58:02.145532Z,KXBTC15M-26OCT042100-00,0.9070,0.01,yes
2026-10-05T00:58:02.145532Z,KXBTC15M-26OCT042100-00,0.9040,6.31,yes
2026-10-05T00:58:02.15288Z,KXBTC15M-26OCT042100-00,0.9030,37.98,no
2026-10-05T00:58:02.15288Z,KXBTC15M-26OCT042100-00,0.9030,2.00,no
2026-10-05T00:58:02.15288Z,KXBTC15M-26OCT042100-00,0.9030,5.00,no
2026-10-05T00:58:02.15288Z,KXBTC15M-26OCT042100-00,0.9030,0.01,no
2026-10-05T00:58:02.15288Z,KXBTC15M-26OCT042100-00,0.9030,0.01,no
2026-10-05T00:58:02.166938Z,KXBTC15M-26OCT042100-00,0.9080,0.44,no
2026-10-05T00:58:02.16933Z,KXBTC15M-26OCT042100-00,0.9080,12.00,no
2026-10-05T00:58:02.171574Z,KXBTC15M-26OCT042100-00,0.9090,21.00,yes
2026-10-05T00:58:02.17869Z,KXBTC15M-26OCT042100-00,0.9080,10.00,no
2026-10-05T00:58:02.211239Z,KXBTC15M-26OCT042100-00,0.9110,0.01,no
2026-10-05T00:58:02.211239Z,KXBTC15M-26OCT042100-00,0.9110,500.00,no
2026-10-05T00:58:02.211239Z,KXBTC15M-26OCT042100-00,0.9110,2.00,no
2026-10-05T00:58:02.211239Z,KXBTC15M-26OCT042100-00,0.9110,5.00,no
2026-10-05T00:58:02.211239Z,KXBTC15M-26OCT042100-00,0.9110,0.01,no
2026-10-05T00:58:02.213884Z,KXBTC15M-26OCT042100-00,0.9090,6.39,no
2026-10-05T00:58:02.230326Z,KXBTC15M-26OCT042100-00,0.9110,0.01,no
2026-10-05T00:58:02.237756Z,KXBTC15M-26OCT042100-00,0.9120,0.02,yes
2026-10-05T00:58:02.253813Z,KXBTC15M-26OCT042100-00,0.9110,0.01,no
2026-10-05T00:58:02.253813Z,KXBTC15M-26OCT042100-00,0.9110,0.01,no
2026-10-05T00:58:02.255755Z,KXBTC15M-26OCT042100-00,0.9110,14.17,no
2026-10-05T00:58:02.277595Z,KXBTC15M-26OCT042100-00,0.9110,52.53,no
2026-10-05T00:58:02.293203Z,KXBTC15M-26OCT042100-00,0.9110,10.00,no
2026-10-05T00:58:02.302684Z,KXBTC15M-26OCT042100-00,0.9110,12.00,no
2026-10-05T00:58:02.307336Z,KXBTC15M-26OCT042100-00,0.9110,33.68,no
2026-10-05T00:58:02.312288Z,KXBTC15M-26OCT042100-00,0.9120,1.00,yes
2026-10-05T00:58:02.312288Z,KXBTC15M-26OCT042100-00,0.9120,0.01,yes
2026-10-05T00:58:02.327888Z,KXBTC15M-26OCT042100-00,0.9110,4.10,no
2026-10-05T00:58:02.345175Z,KXBTC15M-26OCT042100-00,0.9110,52.24,no
2026-10-05T00:58:02.383674Z,KXBTC15M-26OCT042100-00,0.9110,0.01,no
2026-10-05T00:58:02.383674Z,KXBTC15M-26OCT042100-00,0.9110,15.98,no
2026-10-05T00:58:02.383674Z,KXBTC15M-26OCT042100-00,0.9110,0.01,no
2026-10-05T00:58:02.390515Z,KXBTC15M-26OCT042100-00,0.9120,0.01,yes
2026-10-05T00:58:02.390515Z,KXBTC15M-26OCT042100-00,0.9120,0.01,yes
2026-10-05T00:58:02.390515Z,KXBTC15M-26OCT042100-00,0.9180,0.98,yes
2026-10-05T00:58:02.401122Z,KXBTC15M-26OCT042100-00,0.9170,6.00,yes
2026-10-05T00:58:02.401122Z,KXBTC15M-26OCT042100-00,0.9120,0.01,yes
2026-10-05T00:58:02.401122Z,KXBTC15M-26OCT042100-00,0.9180,143.99,yes
2026-10-05T00:58:02.405645Z,KXBTC15M-26OCT042100-00,0.9180,8.00,yes
2026-10-05T00:58:02.411106Z,KXBTC15M-26OCT042100-00,0.9120,56.00,no
2026-10-05T00:58:02.414773Z,KXBTC15M-26OCT042100-00,0.9120,16.00,no
2026-10-05T00:58:02.419304Z,KXBTC15M-26OCT042100-00,0.9120,630.00,no
2026-10-05T00:58:02.419304Z,KXBTC15M-26OCT042100-00,0.9140,70.00,no
2026-10-05T00:58:02.442093Z,KXBTC15M-26OCT042100-00,0.9140,34.00,yes
2026-10-05T00:58:02.454619Z,KXBTC15M-26OCT042100-00,0.9130,0.01,no
2026-10-05T00:58:02.454619Z,KXBTC15M-26OCT042100-00,0.9130,364.00,no
2026-10-05T00:58:02.454619Z,KXBTC15M-26OCT042100-00,0.9130,96.00,no
2026-10-05T00:58:02.454619Z,KXBTC15M-26OCT042100-00,0.9130,0.01,no
2026-10-05T00:58:02.479494Z,KXBTC15M-26OCT042100-00,0.9140,213.00,yes
2026-10-05T00:58:02.480707Z,KXBTC15M-26OCT042100-00,0.9110,0.01,no
2026-10-05T00:58:02.480707Z,KXBTC15M-26OCT042100-00,0.9120,0.01,no
2026-10-05T00:58:02.480707Z,KXBTC15M-26OCT042100-00,0.9120,0.01,no
2026-10-05T00:58:02.480707Z,KXBTC15M-26OCT042100-00,0.9060,17.32,no
2026-10-05T00:58:02.480707Z,KXBTC15M-26OCT042100-00,0.9110,0.01,no
2026-10-05T00:58:02.517636Z,KXBTC15M-26OCT042100-00,0.9140,8.00,yes
2026-10-05T00:58:02.530251Z,KXBTC15M-26OCT042100-00,0.9140,3.52,yes
2026-10-05T00:58:02.55512Z,KXBTC15M-26OCT042100-00,0.9130,0.01,no
2026-10-05T00:58:02.55512Z,KXBTC15M-26OCT042100-00,0.9130,0.01,no
2026-10-05T00:58:02.55512Z,KXBTC15M-26OCT042100-00,0.9130,1.06,no
2026-10-05T00:58:02.561071Z,KXBTC15M-26OCT042100-00,0.9080,19.24,no
2026-10-05T00:58:02.565502Z,KXBTC15M-26OCT042100-00,0.9140,5.00,yes
2026-10-05T00:58:02.573863Z,KXBTC15M-26OCT042100-00,0.9080,10.00,no
2026-10-05T00:58:02.589343Z,KXBTC15M-26OCT042100-00,0.9050,200.00,no
2026-10-05T00:58:02.589343Z,KXBTC15M-26OCT042100-00,0.9080,0.01,no
2026-10-05T00:58:02.589343Z,KXBTC15M-26OCT042100-00,0.9080,0.01,no
2026-10-05T00:58:02.589343Z,KXBTC15M-26OCT042100-00,0.9080,400.00,no
2026-10-05T00:58:02.589343Z,KXBTC15M-26OCT042100-00,0.9080,38.76,no
2026-10-05T00:58:02.589343Z,KXBTC15M-26OCT042100-00,0.9080,100.00,no
2026-10-05T00:58:02.589343Z,KXBTC15M-26OCT042100-00,0.9060,46.68,no
2026-10-05T00:58:02.589343Z,KXBTC15M-26OCT042100-00,0.9010,488.21,no
2026-10-05T00:58:02.589343Z,KXBTC15M-26OCT042100-00,0.9020,7.00,no
2026-10-05T00:58:02.600822Z,KXBTC15M-26OCT042100-00,0.9100,8.00,yes
2026-10-05T00:58:02.623046Z,KXBTC15M-26OCT042100-00,0.9010,15.98,no
2026-10-05T00:58:02.623046Z,KXBTC15M-26OCT042100-00,0.9080,0.01,no
2026-10-05T00:58:02.623046Z,KXBTC15M-26OCT042100-00,0.9080,0.01,no
2026-10-05T00:58:02.623228Z,KXBTC15M-26OCT042100-00,0.9010,6.50,no
2026-10-05T00:58:02.635121Z,KXBTC15M-26OCT042100-00,0.9090,8.00,yes
2026-10-05T00:58:02.639047Z,KXBTC15M-26OCT042100-00,0.9080,16.00,no
2026-10-05T00:58:02.6458Z,KXBTC15M-26OCT042100-00,0.9080,16.00,no
2026-10-05T00:58:02.65293Z,KXBTC15M-26OCT042100-00,0.9080,30.90,no
2026-10-05T00:58:02.65293Z,KXBTC15M-26OCT042100-00,0.9080,0.01,no
2026-10-05T00:58:02.65293Z,KXBTC15M-26OCT042100-00,0.9080,0.01,no
2026-10-05T00:58:02.663475Z,KXBTC15M-26OCT042100-00,0.9090,5.44,yes
2026-10-05T00:58:02.666827Z,KXBTC15M-26OCT042100-00,0.9080,1.02,no
2026-10-05T00:58:02.666827Z,KXBTC15M-26OCT042100-00,0.9080,0.01,no
2026-10-05T00:58:02.666827Z,KXBTC15M-26OCT042100-00,0.9080,0.01,no
2026-10-05T00:58:02.666827Z,KXBTC15M-26OCT042100-00,0.9020,85.70,no
2026-10-05T00:58:02.678917Z,KXBTC15M-26OCT042100-00,0.9080,16.00,no
2026-10-05T00:58:02.679366Z,KXBTC15M-26OCT042100-00,0.9090,8.00,yes
2026-10-05T00:58:02.696576Z,KXBTC15M-26OCT042100-00,0.9090,8.00,yes
2026-10-05T00:58:02.704783Z,KXBTC15M-26OCT042100-00,0.9080,0.01,no
2026-10-05T00:58:02.704783Z,KXBTC15M-26OCT042100-00,0.9080,0.01,no
2026-10-05T00:58:02.704783Z,KXBTC15M-26OCT042100-00,0.9080,9.98,no
2026-10-05T00:58:02.709913Z,KXBTC15M-26OCT042100-00,0.9080,16.00,no
2026-10-05T00:58:02.719157Z,KXBTC15M-26OCT042100-00,0.9090,0.01,yes
2026-10-05T00:58:02.719157Z,KXBTC15M-26OCT042100-00,0.9090,52.17,yes
2026-10-05T00:58:02.719157Z,KXBTC15M-26OCT042100-00,0.9090,0.01,yes
2026-10-05T00:58:02.719157Z,KXBTC15M-26OCT042100-00,0.9090,6.00,yes
2026-10-05T00:58:02.719157Z,KXBTC15M-26OCT042100-00,0.9090,50.56,yes
2026-10-05T00:58:02.719676Z,KXBTC15M-26OCT042100-00,0.9080,0.01,no
2026-10-05T00:58:02.719676Z,KXBTC15M-26OCT042100-00,0.9000,527.98,no
2026-10-05T00:58:02.719676Z,KXBTC15M-26OCT042100-00,0.9080,400.00,no
2026-10-05T00:58:02.719676Z,KXBTC15M-26OCT042100-00,0.9040,7.00,no
2026-10-05T00:58:02.719676Z,KXBTC15M-26OCT042100-00,0.9000,69.00,no
2026-10-05T00:58:02.719676Z,KXBTC15M-26OCT042100-00,0.9080,0.01,no
2026-10-05T00:58:02.719676Z,KXBTC15M-26OCT042100-00,0.9000,176.00,no
2026-10-05T00:58:02.724358Z,KXBTC15M-26OCT042100-00,0.9090,59.00,yes
2026-10-05T00:58:02.751128Z,KXBTC15M-26OCT042100-00,0.9090,8.00,yes
2026-10-05T00:58:02.7639Z,KXBTC15M-26OCT042100-00,0.9090,1.00,yes
2026-10-05T00:58:02.764622Z,KXBTC15M-26OCT042100-00,0.9090,7.00,yes
2026-10-05T00:58:02.769179Z,KXBTC15M-26OCT042100-00,0.9080,15.98,no
2026-10-05T00:58:02.769179Z,KXBTC15M-26OCT042100-00,0.9080,0.01,no
2026-10-05T00:58:02.769179Z,KXBTC15M-26OCT042100-00,0.9080,0.01,no
2026-10-05T00:58:02.797706Z,KXBTC15M-26OCT042100-00,0.9090,0.39,yes
2026-10-05T00:58:02.803822Z,KXBTC15M-26OCT042100-00,0.9090,5.65,yes
2026-10-05T00:58:02.808786Z,KXBTC15M-26OCT042100-00,0.9080,11.00,no
2026-10-05T00:58:02.810077Z,KXBTC15M-26OCT042100-00,0.9080,0.90,no
2026-10-05T00:58:02.868019Z,KXBTC15M-26OCT042100-00,0.9170,0.39,yes
2026-10-05T00:58:02.868019Z,KXBTC15M-26OCT042100-00,0.9170,6.00,yes
2026-10-05T00:58:02.868019Z,KXBTC15M-26OCT042100-00,0.9090,0.01,yes
2026-10-05T00:58:02.868019Z,KXBTC15M-26OCT042100-00,0.9090,0.01,yes
2026-10-05T00:58:02.868019Z,KXBTC15M-26OCT042100-00,0.9140,44.54,yes
2026-10-05T00:58:02.868019Z,KXBTC15M-26OCT042100-00,0.9090,0.05,yes
2026-10-05T00:58:02.890276Z,KXBTC15M-26OCT042100-00,0.9160,0.01,yes
2026-10-05T00:58:02.923813Z,KXBTC15M-26OCT042100-00,0.9150,6.00,no
2026-10-05T00:58:02.923813Z,KXBTC15M-26OCT042100-00,0.9150,0.01,no
2026-10-05T00:58:02.936382Z,KXBTC15M-26OCT042100-00,0.9160,16.22,yes
2026-10-05T00:58:02.948666Z,KXBTC15M-26OCT042100-00,0.9150,0.01,no
2026-10-05T00:58:02.948666Z,KXBTC15M-26OCT042100-00,0.9110,41.18,no
2026-10-05T00:58:02.948666Z,KXBTC15M-26OCT042100-00,0.9150,0.01,no
2026-10-05T00:58:02.948666Z,KXBTC15M-26OCT042100-00,0.9150,1.05,no
2026-10-05T00:58:02.957341Z,KXBTC15M-26OCT042100-00,0.9160,2.17,yes
2026-10-05T00:58:02.957951Z,KXBTC15M-26OCT042100-00,0.9160,400.00,yes
2026-10-05T00:58:02.957951Z,KXBTC15M-26OCT042100-00,0.9200,93.75,yes
2026-10-05T00:58:02.957951Z,KXBTC15M-26OCT042100-00,0.9160,100.00,yes
2026-10-05T00:58:02.957951Z,KXBTC15M-26OCT042100-00,0.9180,7.00,yes
2026-10-05T00:58:02.957951Z,KXBTC15M-26OCT042100-00,0.9160,200.00,yes
2026-10-05T00:58:02.957951Z,KXBTC15M-26OCT042100-00,0.9220,1116.69,yes
2026-10-05T00:58:02.957951Z,KXBTC15M-26OCT042100-00,0.9180,60.00,yes
2026-10-05T00:58:02.957951Z,KXBTC15M-26OCT042100-00,0.9160,0.01,yes
2026-10-05T00:58:02.957951Z,KXBTC15M-26OCT042100-00,0.9190,1500.00,yes
2026-10-05T00:58:02.957951Z,KXBTC15M-26OCT042100-00,0.9200,93.75,yes
2026-10-05T00:58:02.957951Z,KXBTC15M-26OCT042100-00,0.9200,64.00,yes
2026-10-05T00:58:02.957951Z,KXBTC15M-26OCT042100-00,0.9200,15.00,yes
2026-10-05T00:58:02.957951Z,KXBTC15M-26OCT042100-00,0.9160,1481.60,yes
2026-10-05T00:58:02.957951Z,KXBTC15M-26OCT042100-00,0.9160,0.01,yes
2026-10-05T00:58:02.957951Z,KXBTC15M-26OCT042100-00,0.9200,64.00,yes
2026-10-05T00:58:02.957951Z,KXBTC15M-26OCT042100-00,0.9170,0.05,yes
2026-10-05T00:58:02.957951Z,KXBTC15M-26OCT042100-00,0.9180,0.01,yes
2026-10-05T00:58:02.96302Z,KXBTC15M-26OCT042100-00,0.9180,60.00,yes
2026-10-05T00:58:02.968777Z,KXBTC15M-26OCT042100-00,0.9210,1.50,no
2026-10-05T00:58:02.969445Z,KXBTC15M-26OCT042100-00,0.9220,200.00,yes
2026-10-05T00:58:02.969581Z,KXBTC15M-26OCT042100-00,0.9210,3.89,no
2026-10-05T00:58:02.969903Z,KXBTC15M-26OCT042100-00,0.9210,4.41,no
2026-10-05T00:58:02.97159Z,KXBTC15M-26OCT042100-00,0.9210,51.16,no
2026-10-05T00:58:02.985507Z,KXBTC15M-26OCT042100-00,0.9210,50.25,no
2026-10-05T00:58:03.053084Z,KXBTC15M-26OCT042100-00,0.9220,98.68,yes
2026-10-05T00:58:03.053084Z,KXBTC15M-26OCT042100-00,0.9220,0.01,yes
2026-10-05T00:58:03.053084Z,KXBTC15M-26OCT042100-00,0.9220,47.00,yes
2026-10-05T00:58:03.053084Z,KXBTC15M-26OCT042100-00,0.9220,0.01,yes
2026-10-05T00:58:03.053116Z,KXBTC15M-26OCT042100-00,0.9220,14.74,yes
2026-10-05T00:58:03.053116Z,KXBTC15M-26OCT042100-00,0.9220,1.32,yes
2026-10-05T00:58:03.054293Z,KXBTC15M-26OCT042100-00,0.9220,146.26,yes
2026-10-05T00:58:03.069821Z,KXBTC15M-26OCT042100-00,0.9240,22.00,yes
2026-10-05T00:58:03.074612Z,KXBTC15M-26OCT042100-00,0.9240,0.01,yes
2026-10-05T00:58:03.074612Z,KXBTC15M-26OCT042100-00,0.9240,0.01,yes
2026-10-05T00:58:03.084222Z,KXBTC15M-26OCT042100-00,0.9270,1.05,no
2026-10-05T00:58:03.087349Z,KXBTC15M-26OCT042100-00,0.9280,0.01,yes
2026-10-05T00:58:03.087349Z,KXBTC15M-26OCT042100-00,0.9300,10.69,yes
2026-10-05T00:58:03.087349Z,KXBTC15M-26OCT042100-00,0.9280,0.01,yes
2026-10-05T00:58:03.095746Z,KXBTC15M-26OCT042100-00,0.9270,10.56,no
2026-10-05T00:58:03.100509Z,KXBTC15M-26OCT042100-00,0.9280,23.96,yes
2026-10-05T00:58:03.13907Z,KXBTC15M-26OCT042100-00,0.9270,59.53,no
2026-10-05T00:58:03.15337Z,KXBTC15M-26OCT042100-00,0.9280,36.90,yes
2026-10-05T00:58:03.164202Z,KXBTC15M-26OCT042100-00,0.9270,6.00,no
2026-10-05T00:58:03.165608Z,KXBTC15M-26OCT042100-00,0.9270,153.29,no
2026-10-05T00:58:03.238266Z,KXBTC15M-26OCT042100-00,0.9340,3.00,yes
2026-10-05T00:58:03.238266Z,KXBTC15M-26OCT042100-00,0.9280,30.14,yes
2026-10-05T00:58:03.238266Z,KXBTC15M-26OCT042100-00,0.9340,0.53,yes
2026-10-05T00:58:03.238266Z,KXBTC15M-26OCT042100-00,0.9280,0.01,yes
2026-10-05T00:58:03.238266Z,KXBTC15M-26OCT042100-00,0.9300,3.31,yes
2026-10-05T00:58:03.238266Z,KXBTC15M-26OCT042100-00,0.9280,0.01,yes
2026-10-05T00:58:03.238266Z,KXBTC15M-26OCT042100-00,0.9340,1.00,yes
2026-10-05T00:58:03.243846Z,KXBTC15M-26OCT042100-00,0.9310,1.22,no
2026-10-05T00:58:03.293411Z,KXBTC15M-26OCT042100-00,0.9340,0.01,yes
2026-10-05T00:58:03.317504Z,KXBTC15M-26OCT042100-00,0.9330,200.00,no
2026-10-05T00:58:03.324008Z,KXBTC15M-26OCT042100-00,0.9340,39.34,yes
2026-10-05T00:58:03.34333Z,KXBTC15M-26OCT042100-00,0.9330,48.00,no
2026-10-05T00:58:03.347423Z,KXBTC15M-26OCT042100-00,0.9330,10.22,no
2026-10-05T00:58:03.355005Z,KXBTC15M-26OCT042100-00,0.9330,22.00,no
2026-10-05T00:58:03.355524Z,KXBTC15M-26OCT042100-00,0.9340,0.01,yes
2026-10-05T00:58:03.355524Z,KXBTC15M-26OCT042100-00,0.9340,125.65,yes
2026-10-05T00:58:03.355524Z,KXBTC15M-26OCT042100-00,0.9340,98.45,yes
2026-10-05T00:58:03.355524Z,KXBTC15M-26OCT042100-00,0.9340,0.01,yes
2026-10-05T00:58:03.357602Z,KXBTC15M-26OCT042100-00,0.9330,2.00,no
2026-10-05T00:58:03.358433Z,KXBTC15M-26OCT042100-00,0.9330,28.00,no
2026-10-05T00:58:03.360656Z,KXBTC15M-26OCT042100-00,0.9340,13.62,yes
2026-10-05T00:58:03.370132Z,KXBTC15M-26OCT042100-00,0.9330,25.00,no
2026-10-05T00:58:03.370442Z,KXBTC15M-26OCT042100-00,0.9330,40.50,no
2026-10-05T00:58:03.38168Z,KXBTC15M-26OCT042100-00,0.9330,2.44,no
2026-10-05T00:58:03.401537Z,KXBTC15M-26OCT042100-00,0.9330,104.35,no
2026-10-05T00:58:03.404208Z,KXBTC15M-26OCT042100-00,0.9330,3.65,no
2026-10-05T00:58:03.41938Z,KXBTC15M-26OCT042100-00,0.9330,2.10,no
2026-10-05T00:58:03.421551Z,KXBTC15M-26OCT042100-00,0.9330,6.00,no
2026-10-05T00:58:03.437256Z,KXBTC15M-26OCT042100-00,0.9330,23.78,no
2026-10-05T00:58:03.452024Z,KXBTC15M-26OCT042100-00,0.9330,0.22,no
2026-10-05T00:58:03.470095Z,KXBTC15M-26OCT042100-00,0.9340,24.12,yes
2026-10-05T00:58:03.473693Z,KXBTC15M-26OCT042100-00,0.9330,3.90,no
2026-10-05T00:58:03.484744Z,KXBTC15M-26OCT042100-00,0.9330,617.00,no
2026-10-05T00:58:03.489047Z,KXBTC15M-26OCT042100-00,0.9330,28.31,no
2026-10-05T00:58:03.526729Z,KXBTC15M-26OCT042100-00,0.9330,11.94,no
2026-10-05T00:58:03.528857Z,KXBTC15M-26OCT042100-00,0.9330,298.00,no
2026-10-05T00:58:03.544315Z,KXBTC15M-26OCT042100-00,0.9330,15.00,no
2026-10-05T00:58:03.574196Z,KXBTC15M-26OCT042100-00,0.9330,7.59,no
2026-10-05T00:58:03.574196Z,KXBTC15M-26OCT042100-00,0.9330,0.01,no
2026-10-05T00:58:03.574196Z,KXBTC15M-26OCT042100-00,0.9330,2.00,no
2026-10-05T00:58:03.574196Z,KXBTC15M-26OCT042100-00,0.9330,0.01,no
2026-10-05T00:58:03.574196Z,KXBTC15M-26OCT042100-00,0.9330,100.00,no
2026-10-05T00:58:03.574196Z,KXBTC15M-26OCT042100-00,0.9330,5.00,no
2026-10-05T00:58:03.574196Z,KXBTC15M-26OCT042100-00,0.9310,2.61,no
2026-10-05T00:58:03.580019Z,KXBTC15M-26OCT042100-00,0.9310,11.89,no
2026-10-05T00:58:03.589908Z,KXBTC15M-26OCT042100-00,0.9340,99.54,yes
2026-10-05T00:58:03.592921Z,KXBTC15M-26OCT042100-00,0.9340,11.31,yes
2026-10-05T00:58:03.594149Z,KXBTC15M-26OCT042100-00,0.9310,59.45,no
2026-10-05T00:58:03.603324Z,KXBTC15M-26OCT042100-00,0.9310,5.31,no
2026-10-05T00:58:03.632185Z,KXBTC15M-26OCT042100-00,0.9320,0.01,yes
2026-10-05T00:58:03.632185Z,KXBTC15M-26OCT042100-00,0.9320,1.45,yes
2026-10-05T00:58:03.632185Z,KXBTC15M-26OCT042100-00,0.9320,0.01,yes
2026-10-05T00:58:03.644785Z,KXBTC15M-26OCT042100-00,0.9320,5.32,yes
2026-10-05T00:58:03.649297Z,KXBTC15M-26OCT042100-00,0.9310,5.00,no
2026-10-05T00:58:03.649297Z,KXBTC15M-26OCT042100-00,0.9310,0.01,no
2026-10-05T00:58:03.649297Z,KXBTC15M-26OCT042100-00,0.9310,2.00,no
2026-10-05T00:58:03.649297Z,KXBTC15M-26OCT042100-00,0.9310,419.52,no
2026-10-05T00:58:03.649297Z,KXBTC15M-26OCT042100-00,0.9310,49.29,no
2026-10-05T00:58:03.649297Z,KXBTC15M-26OCT042100-00,0.9310,0.01,no
2026-10-05T00:58:03.649455Z,KXBTC15M-26OCT042100-00,0.9310,1.19,no
2026-10-05T00:58:03.683624Z,KXBTC15M-26OCT042100-00,0.9310,64.32,no
2026-10-05T00:58:03.685339Z,KXBTC15M-26OCT042100-00,0.9310,85.20,no
2026-10-05T00:58:03.685339Z,KXBTC15M-26OCT042100-00,0.9310,36.84,no
2026-10-05T00:58:03.696147Z,KXBTC15M-26OCT042100-00,0.9320,13.62,yes
2026-10-05T00:58:03.700907Z,KXBTC15M-26OCT042100-00,0.9310,219.64,no
2026-10-05T00:58:03.701407Z,KXBTC15M-26OCT042100-00,0.9310,5.82,no
2026-10-05T00:58:03.7085Z,KXBTC15M-26OCT042100-00,0.9310,10.22,no
2026-10-05T00:58:03.715569Z,KXBTC15M-26OCT042100-00,0.9320,1.76,yes
2026-10-05T00:58:03.732861Z,KXBTC15M-26OCT042100-00,0.9310,7.14,no
2026-10-05T00:58:03.758586Z,KXBTC15M-26OCT042100-00,0.9310,25.72,no
2026-10-05T00:58:03.758761Z,KXBTC15M-26OCT042100-00,0.9320,20.58,yes
2026-10-05T00:58:03.764808Z,KXBTC15M-26OCT042100-00,0.9320,53.28,yes
2026-10-05T00:58:03.795072Z,KXBTC15M-26OCT042100-00,0.9320,5.32,yes
2026-10-05T00:58:03.798667Z,KXBTC15M-26OCT042100-00,0.9310,0.01,no
2026-10-05T00:58:03.798667Z,KXBTC15M-26OCT042100-00,0.9310,0.01,no
2026-10-05T00:58:03.810614Z,KXBTC15M-26OCT042100-00,0.9310,0.01,no
2026-10-05T00:58:03.810614Z,KXBTC15M-26OCT042100-00,0.9310,0.01,no
2026-10-05T00:58:03.810614Z,KXBTC15M-26OCT042100-00,0.9310,1.38,no
2026-10-05T00:58:03.810997Z,KXBTC15M-26OCT042100-00,0.9320,99.00,yes
2026-10-05T00:58:03.812036Z,KXBTC15M-26OCT042100-00,0.9310,15.00,no
2026-10-05T00:58:03.824509Z,KXBTC15M-26OCT042100-00,0.9370,6.36,yes
2026-10-05T00:58:03.824509Z,KXBTC15M-26OCT042100-00,0.9320,0.01,yes
2026-10-05T00:58:03.824509Z,KXBTC15M-26OCT042100-00,0.9320,0.01,yes
2026-10-05T00:58:03.824509Z,KXBTC15M-26OCT042100-00,0.9320,0.05,yes
2026-10-05T00:58:03.824509Z,KXBTC15M-26OCT042100-00,0.9360,1.00,yes
2026-10-05T00:58:03.824509Z,KXBTC15M-26OCT042100-00,0.9350,1.00,yes
2026-10-05T00:58:03.824509Z,KXBTC15M-26OCT042100-00,0.9360,1.00,yes
2026-10-05T00:58:03.824509Z,KXBTC15M-26OCT042100-00,0.9370,1.00,yes
2026-10-05T00:58:03.847378Z,KXBTC15M-26OCT042100-00,0.9320,19.69,yes
2026-10-05T00:58:03.847378Z,KXBTC15M-26OCT042100-00,0.9320,0.01,yes
2026-10-05T00:58:03.848233Z,KXBTC15M-26OCT042100-00,0.9310,264.57,no
2026-10-05T00:58:03.849857Z,KXBTC15M-26OCT042100-00,0.9390,49.89,yes
2026-10-05T00:58:03.849857Z,KXBTC15M-26OCT042100-00,0.9400,1.00,yes
2026-10-05T00:58:03.849857Z,KXBTC15M-26OCT042100-00,0.9400,20.76,yes
2026-10-05T00:58:03.849857Z,KXBTC15M-26OCT042100-00,0.9320,48.31,yes
2026-10-05T00:58:03.849857Z,KXBTC15M-26OCT042100-00,0.9370,0.01,yes
2026-10-05T00:58:03.849857Z,KXBTC15M-26OCT042100-00,0.9410,2.00,yes
2026-10-05T00:58:03.849857Z,KXBTC15M-26OCT042100-00,0.9400,1500.00,yes
2026-10-05T00:58:03.849857Z,KXBTC15M-26OCT042100-00,0.9410,2.00,yes
2026-10-05T00:58:03.849857Z,KXBTC15M-26OCT042100-00,0.9420,63.00,yes
2026-10-05T00:58:03.849857Z,KXBTC15M-26OCT042100-00,0.9400,50.00,yes
2026-10-05T00:58:03.849857Z,KXBTC15M-26OCT042100-00,0.9360,8.00,yes
2026-10-05T00:58:03.849857Z,KXBTC15M-26OCT042100-00,0.9390,2.00,yes
2026-10-05T00:58:03.849857Z,KXBTC15M-26OCT042100-00,0.9390,60.00,yes
2026-10-05T00:58:03.849857Z,KXBTC15M-26OCT042100-00,0.9430,221.58,yes
2026-10-05T00:58:03.849857Z,KXBTC15M-26OCT042100-00,0.9400,2.00,yes
2026-10-05T00:58:03.849857Z,KXBTC15M-26OCT042100-00,0.9420,2.00,yes
2026-10-05T00:58:03.849857Z,KXBTC15M-26OCT042100-00,0.9370,1493.64,yes
2026-10-05T00:58:03.849857Z,KXBTC15M-26OCT042100-00,0.9400,64.00,yes
2026-10-05T00:58:03.849857Z,KXBTC15M-26OCT042100-00,0.9320,0.01,yes
2026-10-05T00:58:03.849857Z,KXBTC15M-26OCT042100-00,0.9370,200.00,yes
2026-10-05T00:58:03.849857Z,KXBTC15M-26OCT042100-00,0.9380,200.00,yes
2026-10-05T00:58:03.849857Z,KXBTC15M-26OCT042100-00,0.9400,33.00,yes
2026-10-05T00:58:03.849857Z,KXBTC15M-26OCT042100-00,0.9400,64.00,yes
2026-10-05T00:58:03.849857Z,KXBTC15M-26OCT042100-00,0.9420,31.00,yes
2026-10-05T00:58:03.849857Z,KXBTC15M-26OCT042100-00,0.9400,11.51,yes
2026-10-05T00:58:03.849857Z,KXBTC15M-26OCT042100-00,0.9400,3.76,yes
2026-10-05T00:58:03.849857Z,KXBTC15M-26OCT042100-00,0.9400,7.46,yes
2026-10-05T00:58:03.849857Z,KXBTC15M-26OCT042100-00,0.9400,14.70,yes
2026-10-05T00:58:03.849857Z,KXBTC15M-26OCT042100-00,0.9400,25.00,yes
2026-10-05T00:58:03.849857Z,KXBTC15M-26OCT042100-00,0.9400,100.00,yes
2026-10-05T00:58:03.849857Z,KXBTC15M-26OCT042100-00,0.9400,21.39,yes
2026-10-05T00:58:03.849857Z,KXBTC15M-26OCT042100-00,0.9400,82.12,yes
2026-10-05T00:58:03.849857Z,KXBTC15M-26OCT042100-00,0.9380,1.00,yes
2026-10-05T00:58:03.849857Z,KXBTC15M-26OCT042100-00,0.9420,1.00,yes
2026-10-05T00:58:03.849857Z,KXBTC15M-26OCT042100-00,0.9390,1.00,yes
2026-10-05T00:58:03.849857Z,KXBTC15M-26OCT042100-00,0.9430,1.00,yes
2026-10-05T00:58:03.849857Z,KXBTC15M-26OCT042100-00,0.9400,1.00,yes
2026-10-05T00:58:03.849857Z,KXBTC15M-26OCT042100-00,0.9410,1.00,yes
2026-10-05T00:58:03.893013Z,KXBTC15M-26OCT042100-00,0.9370,0.05,yes
2026-10-05T00:58:03.893013Z,KXBTC15M-26OCT042100-00,0.9410,0.78,yes
2026-10-05T00:58:03.893013Z,KXBTC15M-26OCT042100-00,0.9320,0.01,yes
2026-10-05T00:58:03.893013Z,KXBTC15M-26OCT042100-00,0.9320,0.01,yes
2026-10-05T00:58:03.893174Z,KXBTC15M-26OCT042100-00,0.9410,22.52,yes
2026-10-05T00:58:03.905199Z,KXBTC15M-26OCT042100-00,0.9400,14.01,no
2026-10-05T00:58:03.906696Z,KXBTC15M-26OCT042100-00,0.9410,4.20,no
2026-10-05T00:58:03.911792Z,KXBTC15M-26OCT042100-00,0.9430,37.72,no
2026-10-05T00:58:03.936328Z,KXBTC15M-26OCT042100-00,0.9430,27.21,no
2026-10-05T00:58:03.940513Z,KXBTC15M-26OCT042100-00,0.9440,0.01,yes
2026-10-05T00:58:03.940513Z,KXBTC15M-26OCT042100-00,0.9440,0.01,yes
2026-10-05T00:58:03.940513Z,KXBTC15M-26OCT042100-00,0.9440,36.98,yes
2026-10-05T00:58:03.940513Z,KXBTC15M-26OCT042100-00,0.9440,1.00,yes
2026-10-05T00:58:03.941546Z,KXBTC15M-26OCT042100-00,0.9440,34.00,yes
2026-10-05T00:58:03.947854Z,KXBTC15M-26OCT042100-00,0.9430,67.80,no
2026-10-05T00:58:03.948943Z,KXBTC15M-26OCT042100-00,0.9430,32.14,no
2026-10-05T00:58:03.954763Z,KXBTC15M-26OCT042100-00,0.9430,49.92,no
2026-10-05T00:58:03.973422Z,KXBTC15M-26OCT042100-00,0.9430,136.06,no
2026-10-05T00:58:04.030262Z,KXBTC15M-26OCT042100-00,0.9430,70.05,no
2026-10-05T00:58:04.030694Z,KXBTC15M-26OCT042100-00,0.9430,2.44,no
2026-10-05T00:58:04.036513Z,KXBTC15M-26OCT042100-00,0.9430,100.00,no
2026-10-05T00:58:04.055011Z,KXBTC15M-26OCT042100-00,0.9440,19.00,yes
2026-10-05T00:58:04.056266Z,KXBTC15M-26OCT042100-00,0.9430,9.00,no
2026-10-05T00:58:04.075042Z,KXBTC15M-26OCT042100-00,0.9430,11.24,no
2026-10-05T00:58:04.086389Z,KXBTC15M-26OCT042100-00,0.9430,250.00,no
2026-10-05T00:58:04.101451Z,KXBTC15M-26OCT042100-00,0.9430,57.57,no
2026-10-05T00:58:04.12049Z,KXBTC15M-26OCT042100-00,0.9440,0.38,yes
2026-10-05T00:58:04.158318Z,KXBTC15M-26OCT042100-00,0.9430,0.13,no
2026-10-05T00:58:04.160298Z,KXBTC15M-26OCT042100-00,0.9440,34.00,yes
2026-10-05T00:58:04.160973Z,KXBTC15M-26OCT042100-00,0.9430,136.06,no
2026-10-05T00:58:04.165465Z,KXBTC15M-26OCT042100-00,0.9410,5.00,no
2026-10-05T00:58:04.165465Z,KXBTC15M-26OCT042100-00,0.9430,2.00,no
2026-10-05T00:58:04.165465Z,KXBTC15M-26OCT042100-00,0.9430,5.00,no
2026-10-05T00:58:04.165465Z,KXBTC15M-26OCT042100-00,0.9400,146.62,no
2026-10-05T00:58:04.165465Z,KXBTC15M-26OCT042100-00,0.9410,7.00,no
2026-10-05T00:58:04.165465Z,KXBTC15M-26OCT042100-00,0.9430,0.01,no
2026-10-05T00:58:04.165465Z,KXBTC15M-26OCT042100-00,0.9430,0.01,no
2026-10-05T00:58:04.165465Z,KXBTC15M-26OCT042100-00,0.9410,2.00,no
2026-10-05T00:58:04.165465Z,KXBTC15M-26OCT042100-00,0.9430,512.66,no
2026-10-05T00:58:04.193711Z,KXBTC15M-26OCT042100-00,0.9340,500.00,no
2026-10-05T00:58:04.193711Z,KXBTC15M-26OCT042100-00,0.9360,500.00,no
2026-10-05T00:58:04.193711Z,KXBTC15M-26OCT042100-00,0.9380,500.00,no
2026-10-05T00:58:04.193711Z,KXBTC15M-26OCT042100-00,0.9400,1339.37,no
2026-10-05T00:58:04.193711Z,KXBTC15M-26OCT042100-00,0.9410,0.01,no
2026-10-05T00:58:04.193711Z,KXBTC15M-26OCT042100-00,0.9350,15.00,no
2026-10-05T00:58:04.193711Z,KXBTC15M-26OCT042100-00,0.9350,93.75,no
2026-10-05T00:58:04.193711Z,KXBTC15M-26OCT042100-00,0.9390,7.00,no
2026-10-05T00:58:04.193711Z,KXBTC15M-26OCT042100-00,0.9400,0.01,no
2026-10-05T00:58:04.193711Z,KXBTC15M-26OCT042100-00,0.9410,0.01,no
2026-10-05T00:58:04.193711Z,KXBTC15M-26OCT042100-00,0.9400,0.01,no
2026-10-05T00:58:04.193711Z,KXBTC15M-26OCT042100-00,0.9310,44.84,no
2026-10-05T00:58:04.194703Z,KXBTC15M-26OCT042100-00,0.9310,40.02,no
2026-10-05T00:58:04.20328Z,KXBTC15M-26OCT042100-00,0.9350,1.05,no
2026-10-05T00:58:04.20328Z,KXBTC15M-26OCT042100-00,0.9350,1.01,no
2026-10-05T00:58:04.20328Z,KXBTC15M-26OCT042100-00,0.9340,4.52,no
2026-10-05T00:58:04.20328Z,KXBTC15M-26OCT042100-00,0.9410,7.00,no
2026-10-05T00:58:04.20328Z,KXBTC15M-26OCT042100-00,0.9390,0.01,no
2026-10-05T00:58:04.20328Z,KXBTC15M-26OCT042100-00,0.9390,0.01,no
2026-10-05T00:58:04.216473Z,KXBTC15M-26OCT042100-00,0.9420,35.00,yes
2026-10-05T00:58:04.216473Z,KXBTC15M-26OCT042100-00,0.9420,2.00,yes
2026-10-05T00:58:04.216473Z,KXBTC15M-26OCT042100-00,0.9420,166.00,yes
2026-10-05T00:58:04.216473Z,KXBTC15M-26OCT042100-00,0.9420,200.00,yes
2026-10-05T00:58:04.216473Z,KXBTC15M-26OCT042100-00,0.9430,103.94,yes
2026-10-05T00:58:04.216473Z,KXBTC15M-26OCT042100-00,0.9420,8.00,yes
2026-10-05T00:58:04.216473Z,KXBTC15M-26OCT042100-00,0.9420,0.01,yes
2026-10-05T00:58:04.216473Z,KXBTC15M-26OCT042100-00,0.9420,0.01,yes
2026-10-05T00:58:04.216678Z,KXBTC15M-26OCT042100-00,0.9250,172.83,no
2026-10-05T00:58:04.216678Z,KXBTC15M-26OCT042100-00,0.9340,40.21,no
2026-10-05T00:58:04.216678Z,KXBTC15M-26OCT042100-00,0.9300,200.00,no
2026-10-05T00:58:04.216678Z,KXBTC15M-26OCT042100-00,0.9310,200.00,no
2026-10-05T00:58:04.216678Z,KXBTC15M-26OCT042100-00,0.9380,0.01,no
2026-10-05T00:58:04.216678Z,KXBTC15M-26OCT042100-00,0.9410,7.00,no
2026-10-05T00:58:04.216678Z,KXBTC15M-26OCT042100-00,0.9380,0.01,no
2026-10-05T00:58:04.216678Z,KXBTC15M-26OCT042100-00,0.9320,7.00,no
2026-10-05T00:58:04.216678Z,KXBTC15M-26OCT042100-00,0.9340,5.00,no
2026-10-05T00:58:04.216678Z,KXBTC15M-26OCT042100-00,0.9350,7.00,no
2026-10-05T00:58:04.218842Z,KXBTC15M-26OCT042100-00,0.9250,273.19,no
2026-10-05T00:58:04.271992Z,KXBTC15M-26OCT042100-00,0.9260,7.00,no
2026-10-05T00:58:04.271992Z,KXBTC15M-26OCT042100-00,0.9350,5.00,no
2026-10-05T00:58:04.271992Z,KXBTC15M-26OCT042100-00,0.9260,18.43,no
2026-10-05T00:58:04.271992Z,KXBTC15M-26OCT042100-00,0.9410,0.01,no
2026-10-05T00:58:04.271992Z,KXBTC15M-26OCT042100-00,0.9410,0.01,no
2026-10-05T00:58:04.277694Z,KXBTC15M-26OCT042100-00,0.9280,0.66,no
2026-10-05T00:58:04.277694Z,KXBTC15M-26OCT042100-00,0.9350,0.01,no
2026-10-05T00:58:04.286896Z,KXBTC15M-26OCT042100-00,0.9360,19.00,yes
2026-10-05T00:58:04.315322Z,KXBTC15M-26OCT042100-00,0.9350,0.01,no
2026-10-05T00:58:04.315322Z,KXBTC15M-26OCT042100-00,0.9270,3.78,no
2026-10-05T00:58:04.315322Z,KXBTC15M-26OCT042100-00,0.9350,0.01,no
2026-10-05T00:58:04.338461Z,KXBTC15M-26OCT042100-00,0.9280,1.82,yes
2026-10-05T00:58:04.340198Z,KXBTC15M-26OCT042100-00,0.9270,0.01,no
2026-10-05T00:58:04.340198Z,KXBTC15M-26OCT042100-00,0.9270,43.57,no
2026-10-05T00:58:04.340198Z,KXBTC15M-26OCT042100-00,0.9270,0.01,no
2026-10-05T00:58:04.361444Z,KXBTC15M-26OCT042100-00,0.9280,28.68,yes
2026-10-05T00:58:04.364333Z,KXBTC15M-26OCT042100-00,0.9280,6.57,yes
2026-10-05T00:58:04.385688Z,KXBTC15M-26OCT042100-00,0.9270,61.63,no
2026-10-05T00:58:04.388089Z,KXBTC15M-26OCT042100-00,0.9270,27.71,no
2026-10-05T00:58:04.402055Z,KXBTC15M-26OCT042100-00,0.9270,27.71,no
2026-10-05T00:58:04.402213Z,KXBTC15M-26OCT042100-00,0.9270,27.71,no
2026-10-05T00:58:04.402309Z,KXBTC15M-26OCT042100-00,0.9270,20.34,no
2026-10-05T00:58:04.459139Z,KXBTC15M-26OCT042100-00,0.9280,18.00,yes
2026-10-05T00:58:04.459773Z,KXBTC15M-26OCT042100-00,0.9270,41.32,no
2026-10-05T00:58:04.471554Z,KXBTC15M-26OCT042100-00,0.9270,116.42,no
2026-10-05T00:58:04.487545Z,KXBTC15M-26OCT042100-00,0.9280,53.20,yes
2026-10-05T00:58:04.503063Z,KXBTC15M-26OCT042100-00,0.9270,0.01,no
2026-10-05T00:58:04.503063Z,KXBTC15M-26OCT042100-00,0.9270,0.01,no
2026-10-05T00:58:04.503063Z,KXBTC15M-26OCT042100-00,0.9270,19.98,no
2026-10-05T00:58:04.517525Z,KXBTC15M-26OCT042100-00,0.9270,268.70,no
2026-10-05T00:58:04.517525Z,KXBTC15M-26OCT042100-00,0.9270,1.05,no
2026-10-05T00:58:04.525437Z,KXBTC15M-26OCT042100-00,0.9280,22.56,yes
2026-10-05T00:58:04.540953Z,KXBTC15M-26OCT042100-00,0.9270,89.81,no
2026-10-05T00:58:04.542229Z,KXBTC15M-26OCT042100-00,0.9280,10.56,yes
2026-10-05T00:58:04.551432Z,KXBTC15M-26OCT042100-00,0.9270,21.67,no
2026-10-05T00:58:04.560254Z,KXBTC15M-26OCT042100-00,0.9270,0.01,no
2026-10-05T00:58:04.560254Z,KXBTC15M-26OCT042100-00,0.9270,0.01,no
2026-10-05T00:58:04.560254Z,KXBTC15M-26OCT042100-00,0.9270,53.96,no
2026-10-05T00:58:04.560254Z,KXBTC15M-26OCT042100-00,0.9270,1.04,no
2026-10-05T00:58:04.560254Z,KXBTC15M-26OCT042100-00,0.9270,19.82,no
2026-10-05T00:58:04.565538Z,KXBTC15M-26OCT042100-00,0.9280,3.00,yes
2026-10-05T00:58:04.588531Z,KXBTC15M-26OCT042100-00,0.9270,0.01,no
2026-10-05T00:58:04.588531Z,KXBTC15M-26OCT042100-00,0.9270,23.32,no
2026-10-05T00:58:04.597925Z,KXBTC15M-26OCT042100-00,0.9270,368.86,no
2026-10-05T00:58:04.600002Z,KXBTC15M-26OCT042100-00,0.9280,9.30,yes
2026-10-05T00:58:04.603925Z,KXBTC15M-26OCT042100-00,0.9280,67.22,yes
2026-10-05T00:58:04.611431Z,KXBTC15M-26OCT042100-00,0.9270,0.01,no
2026-10-05T00:58:04.611431Z,KXBTC15M-26OCT042100-00,0.9270,0.01,no
2026-10-05T00:58:04.611431Z,KXBTC15M-26OCT042100-00,0.9250,4.98,no
2026-10-05T00:58:04.618969Z,KXBTC15M-26OCT042100-00,0.9250,79.79,no
2026-10-05T00:58:04.642074Z,KXBTC15M-26OCT042100-00,0.9270,1.04,no
2026-10-05T00:58:04.642074Z,KXBTC15M-26OCT042100-00,0.9250,59.14,no
2026-10-05T00:58:04.642074Z,KXBTC15M-26OCT042100-00,0.9270,0.01,no
2026-10-05T00:58:04.642074Z,KXBTC15M-26OCT042100-00,0.9270,0.01,no
2026-10-05T00:58:04.647886Z,KXBTC15M-26OCT042100-00,0.9250,8.73,no
2026-10-05T00:58:04.6903Z,KXBTC15M-26OCT042100-00,0.9280,26.80,yes
2026-10-05T00:58:04.697914Z,KXBTC15M-26OCT042100-00,0.9280,457.82,yes
2026-10-05T00:58:04.715337Z,KXBTC15M-26OCT042100-00,0.9280,1.07,yes
2026-10-05T00:58:04.720219Z,KXBTC15M-26OCT042100-00,0.9280,9.33,yes
2026-10-05T00:58:04.727507Z,KXBTC15M-26OCT042100-00,0.9280,3.28,yes
2026-10-05T00:58:04.731383Z,KXBTC15M-26OCT042100-00,0.9280,107.21,yes
2026-10-05T00:58:04.753362Z,KXBTC15M-26OCT042100-00,0.9270,4.94,no
2026-10-05T00:58:04.753362Z,KXBTC15M-26OCT042100-00,0.9270,1.04,no
2026-10-05T00:58:04.753362Z,KXBTC15M-26OCT042100-00,0.9270,0.01,no
2026-10-05T00:58:04.753362Z,KXBTC15M-26OCT042100-00,0.9270,0.01,no
2026-10-05T00:58:04.754375Z,KXBTC15M-26OCT042100-00,0.9270,6.00,no
2026-10-05T00:58:04.781613Z,KXBTC15M-26OCT042100-00,0.9270,127.81,no
2026-10-05T00:58:04.80396Z,KXBTC15M-26OCT042100-00,0.9270,0.01,no
2026-10-05T00:58:04.80396Z,KXBTC15M-26OCT042100-00,0.9270,0.86,no
2026-10-05T00:58:04.80396Z,KXBTC15M-26OCT042100-00,0.9270,0.01,no
2026-10-05T00:58:04.822369Z,KXBTC15M-26OCT042100-00,0.9280,2.94,yes
2026-10-05T00:58:04.825802Z,KXBTC15M-26OCT042100-00,0.9280,5.36,yes
2026-10-05T00:58:04.828777Z,KXBTC15M-26OCT042100-00,0.9280,3.40,yes
2026-10-05T00:58:04.839279Z,KXBTC15M-26OCT042100-00,0.9270,85.99,no
2026-10-05T00:58:04.839279Z,KXBTC15M-26OCT042100-00,0.9270,0.01,no
2026-10-05T00:58:04.853029Z,KXBTC15M-26OCT042100-00,0.9270,12.43,no
2026-10-05T00:58:04.856667Z,KXBTC15M-26OCT042100-00,0.9270,6.09,no
2026-10-05T00:58:04.859971Z,KXBTC15M-26OCT042100-00,0.9280,201.01,yes
2026-10-05T00:58:04.864191Z,KXBTC15M-26OCT042100-00,0.9270,1.16,no
2026-10-05T00:58:04.934668Z,KXBTC15M-26OCT042100-00,0.9280,159.75,yes
2026-10-05T00:58:04.936287Z,KXBTC15M-26OCT042100-00,0.9270,25.57,no
2026-10-05T00:58:04.936287Z,KXBTC15M-26OCT042100-00,0.9270,0.01,no
2026-10-05T00:58:04.947367Z,KXBTC15M-26OCT042100-00,0.9270,74.43,no
2026-10-05T00:58:04.947367Z,KXBTC15M-26OCT042100-00,0.9270,50.31,no
2026-10-05T00:58:04.952135Z,KXBTC15M-26OCT042100-00,0.9270,32.00,no
2026-10-05T00:58:04.954839Z,KXBTC15M-26OCT042100-00,0.9280,0.97,yes
2026-10-05T00:58:04.954839Z,KXBTC15M-26OCT042100-00,0.9280,0.05,yes
2026-10-05T00:58:04.954839Z,KXBTC15M-26OCT042100-00,0.9280,0.01,yes
2026-10-05T00:58:04.954839Z,KXBTC15M-26OCT042100-00,0.9280,0.01,yes
2026-10-05T00:58:04.963665Z,KXBTC15M-26OCT042100-00,0.9270,12.00,no
2026-10-05T00:58:04.978064Z,KXBTC15M-26OCT042100-00,0.9270,30.52,no
2026-10-05T00:58:04.983702Z,KXBTC15M-26OCT042100-00,0.9270,38.59,no
2026-10-05T00:58:04.995996Z,KXBTC15M-26OCT042100-00,0.9280,55.75,yes
2026-10-05T00:58:04.999957Z,KXBTC15M-26OCT042100-00,0.9280,304.49,yes
2026-10-05T00:58:05.031499Z,KXBTC15M-26OCT042100-00,0.9280,1.02,yes
2026-10-05T00:58:05.044328Z,KXBTC15M-26OCT042100-00,0.9280,1.36,yes
2026-10-05T00:58:05.045394Z,KXBTC15M-26OCT042100-00,0.9280,41.03,yes
2026-10-05T00:58:05.077211Z,KXBTC15M-26OCT042100-00,0.9280,74.57,yes
2026-10-05T00:58:05.101628Z,KXBTC15M-26OCT042100-00,0.9280,18.00,yes
2026-10-05T00:58:05.106444Z,KXBTC15M-26OCT042100-00,0.9270,62.10,no
2026-10-05T00:58:05.125181Z,KXBTC15M-26OCT042100-00,0.9270,62.52,no
2026-10-05T00:58:05.134168Z,KXBTC15M-26OCT042100-00,0.9270,200.00,no
2026-10-05T00:58:05.134168Z,KXBTC15M-26OCT042100-00,0.9270,0.01,no
2026-10-05T00:58:05.134168Z,KXBTC15M-26OCT042100-00,0.9270,100.00,no
2026-10-05T00:58:05.134168Z,KXBTC15M-26OCT042100-00,0.9260,136.56,no
2026-10-05T00:58:05.134168Z,KXBTC15M-26OCT042100-00,0.9270,0.01,no
2026-10-05T00:58:05.134168Z,KXBTC15M-26OCT042100-00,0.9270,500.00,no
2026-10-05T00:58:05.134168Z,KXBTC15M-26OCT042100-00,0.9270,7.00,no
2026-10-05T00:58:05.134168Z,KXBTC15M-26OCT042100-00,0.9270,111.96,no
2026-10-05T00:58:05.155694Z,KXBTC15M-26OCT042100-00,0.9280,0.05,yes
2026-10-05T00:58:05.155694Z,KXBTC15M-26OCT042100-00,0.9280,0.01,yes
2026-10-05T00:58:05.155694Z,KXBTC15M-26OCT042100-00,0.9320,140.01,yes
2026-10-05T00:58:05.155694Z,KXBTC15M-26OCT042100-00,0.9280,2.81,yes
2026-10-05T00:58:05.155694Z,KXBTC15M-26OCT042100-00,0.9280,0.01,yes
2026-10-05T00:58:05.1557Z,KXBTC15M-26OCT042100-00,0.9320,52.52,yes
2026-10-05T00:58:05.182709Z,KXBTC15M-26OCT042100-00,0.9280,7.91,yes
2026-10-05T00:58:05.19272Z,KXBTC15M-26OCT042100-00,0.9280,86.20,yes
2026-10-05T00:58:05.235344Z,KXBTC15M-26OCT042100-00,0.9310,5.29,yes
2026-10-05T00:58:05.235344Z,KXBTC15M-26OCT042100-00,0.9280,0.01,yes
2026-10-05T00:58:05.235344Z,KXBTC15M-26OCT042100-00,0.9280,0.01,yes
2026-10-05T00:58:05.235344Z,KXBTC15M-26OCT042100-00,0.9280,0.05,yes
2026-10-05T00:58:05.235344Z,KXBTC15M-26OCT042100-00,0.9280,2.89,yes
2026-10-05T00:58:05.250838Z,KXBTC15M-26OCT042100-00,0.9310,15.83,yes
2026-10-05T00:58:05.250838Z,KXBTC15M-26OCT042100-00,0.9310,6.71,yes
2026-10-05T00:58:05.250838Z,KXBTC15M-26OCT042100-00,0.9310,0.01,yes
2026-10-05T00:58:05.250838Z,KXBTC15M-26OCT042100-00,0.9310,0.01,yes
2026-10-05T00:58:05.250878Z,KXBTC15M-26OCT042100-00,0.9270,270.00,no
2026-10-05T00:58:05.28036Z,KXBTC15M-26OCT042100-00,0.9280,9.64,yes
2026-10-05T00:58:05.283675Z,KXBTC15M-26OCT042100-00,0.9280,0.01,yes
2026-10-05T00:58:05.299173Z,KXBTC15M-26OCT042100-00,0.9270,91.16,no
2026-10-05T00:58:05.300478Z,KXBTC15M-26OCT042100-00,0.9280,21.44,yes
2026-10-05T00:58:05.324844Z,KXBTC15M-26OCT042100-00,0.9280,7.91,yes
2026-10-05T00:58:05.345305Z,KXBTC15M-26OCT042100-00,0.9270,228.00,no
2026-10-05T00:58:05.345305Z,KXBTC15M-26OCT042100-00,0.9270,0.01,no
2026-10-05T00:58:05.345305Z,KXBTC15M-26OCT042100-00,0.9270,38.84,no
2026-10-05T00:58:05.345305Z,KXBTC15M-26OCT042100-00,0.9270,100.00,no
2026-10-05T00:58:05.345305Z,KXBTC15M-26OCT042100-00,0.9270,0.01,no
2026-10-05T00:58:05.345305Z,KXBTC15M-26OCT042100-00,0.9270,6.14,no
2026-10-05T00:58:05.345305Z,KXBTC15M-26OCT042100-00,0.9270,20.00,no
2026-10-05T00:58:05.345305Z,KXBTC15M-26OCT042100-00,0.9270,7.00,no
2026-10-05T00:58:05.345305Z,KXBTC15M-26OCT042100-00,0.9270,100.00,no
2026-10-05T00:58:05.350042Z,KXBTC15M-26OCT042100-00,0.9280,3.21,yes
2026-10-05T00:58:05.364159Z,KXBTC15M-26OCT042100-00,0.9280,19.44,yes
2026-10-05T00:58:05.364235Z,KXBTC15M-26OCT042100-00,0.9280,60.66,yes
2026-10-05T00:58:05.364351Z,KXBTC15M-26OCT042100-00,0.9280,60.66,yes
2026-10-05T00:58:05.365755Z,KXBTC15M-26OCT042100-00,0.9280,107.21,yes
2026-10-05T00:58:05.368848Z,KXBTC15M-26OCT042100-00,0.9280,32.75,yes
2026-10-05T00:58:05.374716Z,KXBTC15M-26OCT042100-00,0.9340,8.00,yes
2026-10-05T00:58:05.374716Z,KXBTC15M-26OCT042100-00,0.9350,0.31,yes
2026-10-05T00:58:05.374716Z,KXBTC15M-26OCT042100-00,0.9280,0.01,yes
2026-10-05T00:58:05.374716Z,KXBTC15M-26OCT042100-00,0.9280,177.07,yes
2026-10-05T00:58:05.374716Z,KXBTC15M-26OCT042100-00,0.9280,0.01,yes
2026-10-05T00:58:05.374716Z,KXBTC15M-26OCT042100-00,0.9320,54.00,yes
2026-10-05T00:58:05.376747Z,KXBTC15M-26OCT042100-00,0.9350,13.70,yes
2026-10-05T00:58:05.376747Z,KXBTC15M-26OCT042100-00,0.9350,7.69,yes
2026-10-05T00:58:05.377991Z,KXBTC15M-26OCT042100-00,0.9350,20.00,yes
2026-10-05T00:58:05.384576Z,KXBTC15M-26OCT042100-00,0.9280,0.01,yes
2026-10-05T00:58:05.384576Z,KXBTC15M-26OCT042100-00,0.9280,0.01,yes
2026-10-05T00:58:05.384576Z,KXBTC15M-26OCT042100-00,0.9290,2.56,yes
2026-10-05T00:58:05.432274Z,KXBTC15M-26OCT042100-00,0.9280,0.53,yes
2026-10-05T00:58:05.432274Z,KXBTC15M-26OCT042100-00,0.9270,0.01,no
2026-10-05T00:58:05.432274Z,KXBTC15M-26OCT042100-00,0.9270,0.49,no
2026-10-05T00:58:05.432274Z,KXBTC15M-26OCT042100-00,0.9270,100.00,no
2026-10-05T00:58:05.444881Z,KXBTC15M-26OCT042100-00,0.9280,32.85,yes
2026-10-05T00:58:05.44944Z,KXBTC15M-26OCT042100-00,0.9280,34.62,yes
2026-10-05T00:58:05.44944Z,KXBTC15M-26OCT042100-00,0.9340,8.00,yes
2026-10-05T00:58:05.44944Z,KXBTC15M-26OCT042100-00,0.9280,0.01,yes
2026-10-05T00:58:05.44944Z,KXBTC15M-26OCT042100-00,0.9280,0.01,yes
2026-10-05T00:58:05.44944Z,KXBTC15M-26OCT042100-00,0.9340,8.76,yes
2026-10-05T00:58:05.44944Z,KXBTC15M-26OCT042100-00,0.9280,0.05,yes
2026-10-05T00:58:05.469528Z,KXBTC15M-26OCT042100-00,0.9340,4.25,yes
2026-10-05T00:58:05.469528Z,KXBTC15M-26OCT042100-00,0.9340,1.00,yes
2026-10-05T00:58:05.473364Z,KXBTC15M-26OCT042100-00,0.9300,5.00,no
2026-10-05T00:58:05.473364Z,KXBTC15M-26OCT042100-00,0.9310,7.00,no
2026-10-05T00:58:05.473364Z,KXBTC15M-26OCT042100-00,0.9320,0.01,no
2026-10-05T00:58:05.473364Z,KXBTC15M-26OCT042100-00,0.9320,0.01,no
2026-10-05T00:58:05.473364Z,KXBTC15M-26OCT042100-00,0.9310,48.00,no
2026-10-05T00:58:05.473364Z,KXBTC15M-26OCT042100-00,0.9300,4.30,no
2026-10-05T00:58:05.475133Z,KXBTC15M-26OCT042100-00,0.9320,5.00,no
2026-10-05T00:58:05.475133Z,KXBTC15M-26OCT042100-00,0.9300,41.40,no
2026-10-05T00:58:05.48942Z,KXBTC15M-26OCT042100-00,0.9340,0.01,yes
2026-10-05T00:58:05.48942Z,KXBTC15M-26OCT042100-00,0.9340,100.00,yes
2026-10-05T00:58:05.48942Z,KXBTC15M-26OCT042100-00,0.9340,8.00,yes
2026-10-05T00:58:05.48942Z,KXBTC15M-26OCT042100-00,0.9340,0.01,yes
2026-10-05T00:58:05.48942Z,KXBTC15M-26OCT042100-00,0.9340,2.41,yes
2026-10-05T00:58:05.489715Z,KXBTC15M-26OCT042100-00,0.9340,9.44,yes
2026-10-05T00:58:05.515394Z,KXBTC15M-26OCT042100-00,0.9340,0.05,yes
2026-10-05T00:58:05.515394Z,KXBTC15M-26OCT042100-00,0.9340,0.01,yes
2026-10-05T00:58:05.515394Z,KXBTC15M-26OCT042100-00,0.9340,0.01,yes
2026-10-05T00:58:05.515394Z,KXBTC15M-26OCT042100-00,0.9340,68.00,yes
2026-10-05T00:58:05.515394Z,KXBTC15M-26OCT042100-00,0.9340,133.21,yes
2026-10-05T00:58:05.522176Z,KXBTC15M-26OCT042100-00,0.9330,5.00,no
2026-10-05T00:58:05.522176Z,KXBTC15M-26OCT042100-00,0.9310,0.01,no
2026-10-05T00:58:05.522176Z,KXBTC15M-26OCT042100-00,0.9300,149.86,no
2026-10-05T00:58:05.522176Z,KXBTC15M-26OCT042100-00,0.9330,2.00,no
2026-10-05T00:58:05.522176Z,KXBTC15M-26OCT042100-00,0.9320,0.01,no
2026-10-05T00:58:05.522176Z,KXBTC15M-26OCT042100-00,0.9300,80.00,no
2026-10-05T00:58:05.522176Z,KXBTC15M-26OCT042100-00,0.9330,0.01,no
2026-10-05T00:58:05.522176Z,KXBTC15M-26OCT042100-00,0.9310,7.00,no
2026-10-05T00:58:05.522176Z,KXBTC15M-26OCT042100-00,0.9320,0.01,no
2026-10-05T00:58:05.522176Z,KXBTC15M-26OCT042100-00,0.9330,0.01,no
2026-10-05T00:58:05.524047Z,KXBTC15M-26OCT042100-00,0.9340,3.28,yes
2026-10-05T00:58:05.540668Z,KXBTC15M-26OCT042100-00,0.9330,26.26,yes
2026-10-05T00:58:05.558773Z,KXBTC15M-26OCT042100-00,0.9330,12.93,yes
2026-10-05T00:58:05.571819Z,KXBTC15M-26OCT042100-00,0.9330,70.81,yes
2026-10-05T00:58:05.571819Z,KXBTC15M-26OCT042100-00,0.9330,0.01,yes
2026-10-05T00:58:05.571819Z,KXBTC15M-26OCT042100-00,0.9330,0.01,yes
2026-10-05T00:58:05.571819Z,KXBTC15M-26OCT042100-00,0.9330,434.55,yes
2026-10-05T00:58:05.578601Z,KXBTC15M-26OCT042100-00,0.9320,0.01,no
2026-10-05T00:58:05.578601Z,KXBTC15M-26OCT042100-00,0.9320,0.01,no
2026-10-05T00:58:05.578601Z,KXBTC15M-26OCT042100-00,0.9290,25.70,no
2026-10-05T00:58:05.621612Z,KXBTC15M-26OCT042100-00,0.9330,52.45,yes
2026-10-05T00:58:05.626317Z,KXBTC15M-26OCT042100-00,0.9330,47.55,yes
2026-10-05T00:58:05.626317Z,KXBTC15M-26OCT042100-00,0.9330,57.51,yes
2026-10-05T00:58:05.703773Z,KXBTC15M-26OCT042100-00,0.9320,2.98,no
2026-10-05T00:58:05.703773Z,KXBTC15M-26OCT042100-00,0.9320,0.01,no
2026-10-05T00:58:05.703773Z,KXBTC15M-26OCT042100-00,0.9320,0.01,no
2026-10-05T00:58:05.707561Z,KXBTC15M-26OCT042100-00,0.9330,0.01,yes
2026-10-05T00:58:05.707561Z,KXBTC15M-26OCT042100-00,0.9330,0.01,yes
2026-10-05T00:58:05.707561Z,KXBTC15M-26OCT042100-00,0.9330,156.81,yes
2026-10-05T00:58:05.726215Z,KXBTC15M-26OCT042100-00,0.9330,0.01,yes
2026-10-05T00:58:05.726215Z,KXBTC15M-26OCT042100-00,0.9330,0.01,yes
2026-10-05T00:58:05.726215Z,KXBTC15M-26OCT042100-00,0.9330,0.05,yes
2026-10-05T00:58:05.726215Z,KXBTC15M-26OCT042100-00,0.9360,44.90,yes
2026-10-05T00:58:05.756114Z,KXBTC15M-26OCT042100-00,0.9320,64.91,no
2026-10-05T00:58:05.760014Z,KXBTC15M-26OCT042100-00,0.9320,22.08,no
2026-10-05T00:58:05.773121Z,KXBTC15M-26OCT042100-00,0.9420,63.00,yes
2026-10-05T00:58:05.773121Z,KXBTC15M-26OCT042100-00,0.9330,0.01,yes
2026-10-05T00:58:05.773121Z,KXBTC15M-26OCT042100-00,0.9350,0.01,yes
2026-10-05T00:58:05.773121Z,KXBTC15M-26OCT042100-00,0.9400,46.54,yes
2026-10-05T00:58:05.773121Z,KXBTC15M-26OCT042100-00,0.9420,64.00,yes
2026-10-05T00:58:05.773121Z,KXBTC15M-26OCT042100-00,0.9340,0.01,yes
2026-10-05T00:58:05.773121Z,KXBTC15M-26OCT042100-00,0.9330,0.01,yes
2026-10-05T00:58:05.773121Z,KXBTC15M-26OCT042100-00,0.9370,8.00,yes
2026-10-05T00:58:05.773121Z,KXBTC15M-26OCT042100-00,0.9330,68.00,yes
2026-10-05T00:58:05.773121Z,KXBTC15M-26OCT042100-00,0.9400,64.00,yes
2026-10-05T00:58:05.773121Z,KXBTC15M-26OCT042100-00,0.9360,455.10,yes
2026-10-05T00:58:05.773121Z,KXBTC15M-26OCT042100-00,0.9430,439.51,yes
2026-10-05T00:58:05.773121Z,KXBTC15M-26OCT042100-00,0.9430,396.06,yes
2026-10-05T00:58:05.773121Z,KXBTC15M-26OCT042100-00,0.9400,500.00,yes
2026-10-05T00:58:05.773121Z,KXBTC15M-26OCT042100-00,0.9380,500.00,yes
2026-10-05T00:58:05.775227Z,KXBTC15M-26OCT042100-00,0.9430,35.72,yes
2026-10-05T00:58:05.784109Z,KXBTC15M-26OCT042100-00,0.9420,1.00,yes
2026-10-05T00:58:05.784109Z,KXBTC15M-26OCT042100-00,0.9430,3.32,yes
2026-10-05T00:58:05.784109Z,KXBTC15M-26OCT042100-00,0.9430,6.99,yes
2026-10-05T00:58:05.804972Z,KXBTC15M-26OCT042100-00,0.9400,6.03,no
2026-10-05T00:58:05.818421Z,KXBTC15M-26OCT042100-00,0.9440,6.12,yes
2026-10-05T00:58:05.818421Z,KXBTC15M-26OCT042100-00,0.9420,0.01,yes
2026-10-05T00:58:05.818421Z,KXBTC15M-26OCT042100-00,0.9420,100.00,yes
2026-10-05T00:58:05.818421Z,KXBTC15M-26OCT042100-00,0.9430,200.00,yes
2026-10-05T00:58:05.818421Z,KXBTC15M-26OCT042100-00,0.9420,0.01,yes
2026-10-05T00:58:05.818421Z,KXBTC15M-26OCT042100-00,0.9430,0.01,yes
2026-10-05T00:58:05.824651Z,KXBTC15M-26OCT042100-00,0.9410,10.50,yes
2026-10-05T00:58:05.825218Z,KXBTC15M-26OCT042100-00,0.9400,435.74,no
2026-10-05T00:58:05.825218Z,KXBTC15M-26OCT042100-00,0.9400,500.00,no
2026-10-05T00:58:05.859819Z,KXBTC15M-26OCT042100-00,0.9400,0.01,no
2026-10-05T00:58:05.859819Z,KXBTC15M-26OCT042100-00,0.9380,132.69,no
2026-10-05T00:58:05.859819Z,KXBTC15M-26OCT042100-00,0.9400,0.01,no
2026-10-05T00:58:05.870251Z,KXBTC15M-26OCT042100-00,0.9410,51.50,yes
2026-10-05T00:58:05.870251Z,KXBTC15M-26OCT042100-00,0.9410,0.01,yes
2026-10-05T00:58:05.870251Z,KXBTC15M-26OCT042100-00,0.9410,39.90,yes
2026-10-05T00:58:05.910022Z,KXBTC15M-26OCT042100-00,0.9410,5.21,yes
2026-10-05T00:58:05.911634Z,KXBTC15M-26OCT042100-00,0.9380,0.01,no
2026-10-05T00:58:05.911634Z,KXBTC15M-26OCT042100-00,0.9380,367.31,no
2026-10-05T00:58:05.911634Z,KXBTC15M-26OCT042100-00,0.9390,104.00,no
2026-10-05T00:58:05.911634Z,KXBTC15M-26OCT042100-00,0.9400,0.01,no
2026-10-05T00:58:05.911634Z,KXBTC15M-26OCT042100-00,0.9390,100.00,no
2026-10-05T00:58:05.911634Z,KXBTC15M-26OCT042100-00,0.9400,8.00,no
2026-10-05T00:58:05.911634Z,KXBTC15M-26OCT042100-00,0.9380,0.01,no
2026-10-05T00:58:05.911634Z,KXBTC15M-26OCT042100-00,0.9380,47.84,no
2026-10-05T00:58:05.911634Z,KXBTC15M-26OCT042100-00,0.9400,0.01,no
2026-10-05T00:58:05.911634Z,KXBTC15M-26OCT042100-00,0.9390,16.00,no
2026-10-05T00:58:05.913486Z,KXBTC15M-26OCT042100-00,0.9380,67.06,no
2026-10-05T00:58:05.913829Z,KXBTC15M-26OCT042100-00,0.9380,6.70,no
2026-10-05T00:58:05.923842Z,KXBTC15M-26OCT042100-00,0.9390,6.70,no
2026-10-05T00:58:05.937741Z,KXBTC15M-26OCT042100-00,0.9400,1.00,yes
2026-10-05T00:58:05.939895Z,KXBTC15M-26OCT042100-00,0.9400,9.66,yes
2026-10-05T00:58:05.952698Z,KXBTC15M-26OCT042100-00,0.9390,105.83,no
2026-10-05T00:58:05.959551Z,KXBTC15M-26OCT042100-00,0.9390,132.36,no
2026-10-05T00:58:05.98131Z,KXBTC15M-26OCT042100-00,0.9400,5.69,yes
2026-10-05T00:58:05.986929Z,KXBTC15M-26OCT042100-00,0.9400,0.01,yes
2026-10-05T00:58:05.986929Z,KXBTC15M-26OCT042100-00,0.9400,0.01,yes
2026-10-05T00:58:05.986929Z,KXBTC15M-26OCT042100-00,0.9400,400.00,yes
2026-10-05T00:58:05.986929Z,KXBTC15M-26OCT042100-00,0.9400,78.40,yes
2026-10-05T00:58:05.986929Z,KXBTC15M-26OCT042100-00,0.9400,44.31,yes
2026-10-05T00:58:05.999083Z,KXBTC15M-26OCT042100-00,0.9390,17.86,no
2026-10-05T00:58:06.027448Z,KXBTC15M-26OCT042100-00,0.9390,69.02,no
2026-10-05T00:58:06.059435Z,KXBTC15M-26OCT042100-00,0.9400,0.01,yes
2026-10-05T00:58:06.059435Z,KXBTC15M-26OCT042100-00,0.9400,20.36,yes
2026-10-05T00:58:06.059435Z,KXBTC15M-26OCT042100-00,0.9400,0.01,yes
2026-10-05T00:58:06.065752Z,KXBTC15M-26OCT042100-00,0.9400,1.37,yes
2026-10-05T00:58:06.078865Z,KXBTC15M-26OCT042100-00,0.9330,7.00,no
2026-10-05T00:58:06.078865Z,KXBTC15M-26OCT042100-00,0.9390,200.00,no
2026-10-05T00:58:06.078865Z,KXBTC15M-26OCT042100-00,0.9360,500.00,no
2026-10-05T00:58:06.078865Z,KXBTC15M-26OCT042100-00,0.9320,4.75,no
2026-10-05T00:58:06.078865Z,KXBTC15M-26OCT042100-00,0.9390,0.01,no
2026-10-05T00:58:06.078865Z,KXBTC15M-26OCT042100-00,0.9380,200.00,no
2026-10-05T00:58:06.078865Z,KXBTC15M-26OCT042100-00,0.9340,500.00,no
2026-10-05T00:58:06.078865Z,KXBTC15M-26OCT042100-00,0.9390,1168.23,no
2026-10-05T00:58:06.078865Z,KXBTC15M-26OCT042100-00,0.9390,0.01,no
2026-10-05T00:58:06.085327Z,KXBTC15M-26OCT042100-00,0.9390,6.26,yes
2026-10-05T00:58:06.089623Z,KXBTC15M-26OCT042100-00,0.9400,378.27,yes
2026-10-05T00:58:06.089623Z,KXBTC15M-26OCT042100-00,0.9390,493.74,yes
2026-10-05T00:58:06.089623Z,KXBTC15M-26OCT042100-00,0.9400,100.00,yes
2026-10-05T00:58:06.089623Z,KXBTC15M-26OCT042100-00,0.9400,69.31,yes
2026-10-05T00:58:06.096639Z,KXBTC15M-26OCT042100-00,0.9320,22.60,no
2026-10-05T00:58:06.096639Z,KXBTC15M-26OCT042100-00,0.9380,0.01,no
2026-10-05T00:58:06.10638Z,KXBTC15M-26OCT042100-00,0.9320,9.52,no
2026-10-05T00:58:06.10638Z,KXBTC15M-26OCT042100-00,0.9330,0.01,no
2026-10-05T00:58:06.110859Z,KXBTC15M-26OCT042100-00,0.9320,22.61,no
2026-10-05T00:58:06.110958Z,KXBTC15M-26OCT042100-00,0.9320,22.61,no
2026-10-05T00:58:06.119816Z,KXBTC15M-26OCT042100-00,0.9380,0.01,no
2026-10-05T00:58:06.119816Z,KXBTC15M-26OCT042100-00,0.9380,0.01,no
2026-10-05T00:58:06.12878Z,KXBTC15M-26OCT042100-00,0.9330,31.51,yes
2026-10-05T00:58:06.137374Z,KXBTC15M-26OCT042100-00,0.9320,57.44,no
2026-10-05T00:58:06.137374Z,KXBTC15M-26OCT042100-00,0.9230,162.00,no
2026-10-05T00:58:06.137374Z,KXBTC15M-26OCT042100-00,0.9290,0.67,no
2026-10-05T00:58:06.137374Z,KXBTC15M-26OCT042100-00,0.9250,93.75,no
2026-10-05T00:58:06.137374Z,KXBTC15M-26OCT042100-00,0.9250,93.75,no
2026-10-05T00:58:06.137374Z,KXBTC15M-26OCT042100-00,0.9220,500.00,no
2026-10-05T00:58:06.137374Z,KXBTC15M-26OCT042100-00,0.9280,7.00,no
2026-10-05T00:58:06.137374Z,KXBTC15M-26OCT042100-00,0.9320,400.00,no
2026-10-05T00:58:06.137374Z,KXBTC15M-26OCT042100-00,0.9190,72.00,no
2026-10-05T00:58:06.137374Z,KXBTC15M-26OCT042100-00,0.9320,0.01,no
2026-10-05T00:58:06.137374Z,KXBTC15M-26OCT042100-00,0.9320,0.01,no
2026-10-05T00:58:06.137374Z,KXBTC15M-26OCT042100-00,0.9260,68.00,no
2026-10-05T00:58:06.137374Z,KXBTC15M-26OCT042100-00,0.9320,100.00,no
2026-10-05T00:58:06.137374Z,KXBTC15M-26OCT042100-00,0.9200,15.00,no
2026-10-05T00:58:06.137374Z,KXBTC15M-26OCT042100-00,0.9250,47.36,no
2026-10-05T00:58:06.137374Z,KXBTC15M-26OCT042100-00,0.9320,1.03,no
2026-10-05T00:58:06.137374Z,KXBTC15M-26OCT042100-00,0.9180,500.00,no
2026-10-05T00:58:06.137374Z,KXBTC15M-26OCT042100-00,0.9160,394.32,no
2026-10-05T00:58:06.137374Z,KXBTC15M-26OCT042100-00,0.9270,69.00,no
2026-10-05T00:58:06.142273Z,KXBTC15M-26OCT042100-00,0.9330,14.92,yes
2026-10-05T00:58:06.167443Z,KXBTC15M-26OCT042100-00,0.9320,0.01,no
2026-10-05T00:58:06.167443Z,KXBTC15M-26OCT042100-00,0.9320,64.30,no
2026-10-05T00:58:06.167443Z,KXBTC15M-26OCT042100-00,0.9320,0.01,no
2026-10-05T00:58:06.180871Z,KXBTC15M-26OCT042100-00,0.9330,7.62,yes
2026-10-05T00:58:06.185895Z,KXBTC15M-26OCT042100-00,0.9320,18.18,no
2026-10-05T00:58:06.211605Z,KXBTC15M-26OCT042100-00,0.9330,44.62,yes
2026-10-05T00:58:06.263655Z,KXBTC15M-26OCT042100-00,0.9330,0.10,yes
2026-10-05T00:58:06.271293Z,KXBTC15M-26OCT042100-00,0.9320,17.52,no
2026-10-05T00:58:06.271293Z,KXBTC15M-26OCT042100-00,0.9320,124.31,no
2026-10-05T00:58:06.271293Z,KXBTC15M-26OCT042100-00,0.9320,0.01,no
2026-10-05T00:58:06.272949Z,KXBTC15M-26OCT042100-00,0.9330,500.00,yes
2026-10-05T00:58:06.272949Z,KXBTC15M-26OCT042100-00,0.9330,432.74,yes
2026-10-05T00:58:06.272949Z,KXBTC15M-26OCT042100-00,0.9330,124.09,yes
2026-10-05T00:58:06.275412Z,KXBTC15M-26OCT042100-00,0.9330,2.81,yes
2026-10-05T00:58:06.294533Z,KXBTC15M-26OCT042100-00,0.9350,70.93,yes
2026-10-05T00:58:06.294533Z,KXBTC15M-26OCT042100-00,0.9330,0.01,yes
2026-10-05T00:58:06.294533Z,KXBTC15M-26OCT042100-00,0.9330,0.01,yes
2026-10-05T00:58:06.307005Z,KXBTC15M-26OCT042100-00,0.9320,1.00,no
2026-10-05T00:58:06.317411Z,KXBTC15M-26OCT042100-00,0.9320,9.26,no
2026-10-05T00:58:06.317411Z,KXBTC15M-26OCT042100-00,0.9320,0.01,no
2026-10-05T00:58:06.317411Z,KXBTC15M-26OCT042100-00,0.9320,0.01,no
2026-10-05T00:58:06.317411Z,KXBTC15M-26OCT042100-00,0.9320,274.69,no
2026-10-05T00:58:06.323944Z,KXBTC15M-26OCT042100-00,0.9320,19.90,no
2026-10-05T00:58:06.325134Z,KXBTC15M-26OCT042100-00,0.9320,1.00,no
2026-10-05T00:58:06.334339Z,KXBTC15M-26OCT042100-00,0.9320,19.32,no
2026-10-05T00:58:06.341355Z,KXBTC15M-26OCT042100-00,0.9350,0.01,yes
2026-10-05T00:58:06.341355Z,KXBTC15M-26OCT042100-00,0.9350,15.00,yes
2026-10-05T00:58:06.341355Z,KXBTC15M-26OCT042100-00,0.9350,0.01,yes
2026-10-05T00:58:06.341355Z,KXBTC15M-26OCT042100-00,0.9330,0.01,yes
2026-10-05T00:58:06.341355Z,KXBTC15M-26OCT042100-00,0.9330,0.01,yes
2026-10-05T00:58:06.341355Z,KXBTC15M-26OCT042100-00,0.9370,112.72,yes
2026-10-05T00:58:06.341355Z,KXBTC15M-26OCT042100-00,0.9350,429.07,yes
2026-10-05T00:58:06.341355Z,KXBTC15M-26OCT042100-00,0.9330,500.00,yes
2026-10-05T00:58:06.3433Z,KXBTC15M-26OCT042100-00,0.9320,0.01,no
2026-10-05T00:58:06.3433Z,KXBTC15M-26OCT042100-00,0.9320,0.01,no
2026-10-05T00:58:06.3433Z,KXBTC15M-26OCT042100-00,0.9320,59.78,no
2026-10-05T00:58:06.3433Z,KXBTC15M-26OCT042100-00,0.9320,104.45,no
2026-10-05T00:58:06.415026Z,KXBTC15M-26OCT042100-00,0.9330,52.96,yes
2026-10-05T00:58:06.415408Z,KXBTC15M-26OCT042100-00,0.9320,0.01,no
2026-10-05T00:58:06.415408Z,KXBTC15M-26OCT042100-00,0.9320,27.59,no
2026-10-05T00:58:06.415408Z,KXBTC15M-26OCT042100-00,0.9320,0.01,no
2026-10-05T00:58:06.417825Z,KXBTC15M-26OCT042100-00,0.9320,7.59,no
2026-10-05T00:58:06.417825Z,KXBTC15M-26OCT042100-00,0.9320,72.41,no
2026-10-05T00:58:06.444255Z,KXBTC15M-26OCT042100-00,0.9330,5.29,yes
2026-10-05T00:58:06.455069Z,KXBTC15M-26OCT042100-00,0.9320,19.70,no
2026-10-05T00:58:06.459975Z,KXBTC15M-26OCT042100-00,0.9330,20.62,yes
2026-10-05T00:58:06.460381Z,KXBTC15M-26OCT042100-00,0.9320,0.88,no
2026-10-05T00:58:06.474231Z,KXBTC15M-26OCT042100-00,0.9330,533.27,yes
2026-10-05T00:58:06.474231Z,KXBTC15M-26OCT042100-00,0.9330,0.13,yes
2026-10-05T00:58:06.492144Z,KXBTC15M-26OCT042100-00,0.9320,30.10,no
2026-10-05T00:58:06.510136Z,KXBTC15M-26OCT042100-00,0.9320,7.96,no
2026-10-05T00:58:06.522175Z,KXBTC15M-26OCT042100-00,0.9320,61.94,no
2026-10-05T00:58:06.522175Z,KXBTC15M-26OCT042100-00,0.9320,76.09,no
2026-10-05T00:58:06.522175Z,KXBTC15M-26OCT042100-00,0.9320,0.01,no
2026-10-05T00:58:06.522175Z,KXBTC15M-26OCT042100-00,0.9320,0.01,no
2026-10-05T00:58:06.534227Z,KXBTC15M-26OCT042100-00,0.9330,1.00,yes
2026-10-05T00:58:06.543967Z,KXBTC15M-26OCT042100-00,0.9270,20.00,no
2026-10-05T00:58:06.543967Z,KXBTC15M-26OCT042100-00,0.9320,0.01,no
2026-10-05T00:58:06.543967Z,KXBTC15M-26OCT042100-00,0.9280,35.00,no
2026-10-05T00:58:06.543967Z,KXBTC15M-26OCT042100-00,0.9260,33.09,no
2026-10-05T00:58:06.562732Z,KXBTC15M-26OCT042100-00,0.9320,0.01,no
2026-10-05T00:58:06.562732Z,KXBTC15M-26OCT042100-00,0.9290,1.03,no
2026-10-05T00:58:06.562732Z,KXBTC15M-26OCT042100-00,0.9290,11.90,no
2026-10-05T00:58:06.581126Z,KXBTC15M-26OCT042100-00,0.9330,0.01,yes
2026-10-05T00:58:06.581126Z,KXBTC15M-26OCT042100-00,0.9330,7.83,yes
2026-10-05T00:58:06.581126Z,KXBTC15M-26OCT042100-00,0.9330,0.01,yes
2026-10-05T00:58:06.588544Z,KXBTC15M-26OCT042100-00,0.9330,3.20,yes
2026-10-05T00:58:06.619239Z,KXBTC15M-26OCT042100-00,0.9290,6.00,no
2026-10-05T00:58:06.628421Z,KXBTC15M-26OCT042100-00,0.9290,79.15,no
2026-10-05T00:58:06.63106Z,KXBTC15M-26OCT042100-00,0.9290,263.00,no
2026-10-05T00:58:06.641105Z,KXBTC15M-26OCT042100-00,0.9330,0.05,yes
2026-10-05T00:58:06.641105Z,KXBTC15M-26OCT042100-00,0.9330,0.01,yes
2026-10-05T00:58:06.641105Z,KXBTC15M-26OCT042100-00,0.9330,8.00,yes
2026-10-05T00:58:06.641105Z,KXBTC15M-26OCT042100-00,0.9330,200.00,yes
2026-10-05T00:58:06.641105Z,KXBTC15M-26OCT042100-00,0.9340,523.01,yes
2026-10-05T00:58:06.641105Z,KXBTC15M-26OCT042100-00,0.9330,0.01,yes
2026-10-05T00:58:06.641105Z,KXBTC15M-26OCT042100-00,0.9330,55.00,yes
2026-10-05T00:58:06.641105Z,KXBTC15M-26OCT042100-00,0.9330,488.97,yes
2026-10-05T00:58:06.659222Z,KXBTC15M-26OCT042100-00,0.9300,7.00,no
2026-10-05T00:58:06.659222Z,KXBTC15M-26OCT042100-00,0.9300,1.03,no
2026-10-05T00:58:06.659222Z,KXBTC15M-26OCT042100-00,0.9300,0.01,no
2026-10-05T00:58:06.659222Z,KXBTC15M-26OCT042100-00,0.9300,0.01,no
2026-10-05T00:58:06.659222Z,KXBTC15M-26OCT042100-00,0.9290,1.95,no
2026-10-05T00:58:06.691697Z,KXBTC15M-26OCT042100-00,0.9320,127.81,no
2026-10-05T00:58:06.717724Z,KXBTC15M-26OCT042100-00,0.9330,0.01,yes
2026-10-05T00:58:06.717724Z,KXBTC15M-26OCT042100-00,0.9330,1.88,yes
2026-10-05T00:58:06.717724Z,KXBTC15M-26OCT042100-00,0.9330,0.01,yes
2026-10-05T00:58:06.740051Z,KXBTC15M-26OCT042100-00,0.9330,8.63,yes
2026-10-05T00:58:06.77809Z,KXBTC15M-26OCT042100-00,0.9330,5.29,yes
2026-10-05T00:58:06.811542Z,KXBTC15M-26OCT042100-00,0.9320,236.11,no
2026-10-05T00:58:06.82158Z,KXBTC15M-26OCT042100-00,0.9320,209.74,no
2026-10-05T00:58:06.839978Z,KXBTC15M-26OCT042100-00,0.9330,4.02,yes
2026-10-05T00:58:06.840897Z,KXBTC15M-26OCT042100-00,0.9330,2.13,yes
2026-10-05T00:58:06.860614Z,KXBTC15M-26OCT042100-00,0.9330,10.66,yes
2026-10-05T00:58:06.873586Z,KXBTC15M-26OCT042100-00,0.9330,56.60,yes
2026-10-05T00:58:06.888144Z,KXBTC15M-26OCT042100-00,0.9330,11.67,yes
2026-10-05T00:58:06.89656Z,KXBTC15M-26OCT042100-00,0.9330,47.59,yes
2026-10-05T00:58:06.906144Z,KXBTC15M-26OCT042100-00,0.9330,18.13,yes
2026-10-05T00:58:06.919957Z,KXBTC15M-26OCT042100-00,0.9600,20.00,yes
2026-10-05T00:58:06.919957Z,KXBTC15M-26OCT042100-00,0.9600,200.00,yes
2026-10-05T00:58:06.919957Z,KXBTC15M-26OCT042100-00,0.9500,50.00,yes
2026-10-05T00:58:06.919957Z,KXBTC15M-26OCT042100-00,0.9500,6.47,yes
2026-10-05T00:58:06.919957Z,KXBTC15M-26OCT042100-00,0.9600,76.68,yes
2026-10-05T00:58:06.919957Z,KXBTC15M-26OCT042100-00,0.9450,64.00,yes
2026-10-05T00:58:06.919957Z,KXBTC15M-26OCT042100-00,0.9490,2.00,yes
2026-10-05T00:58:06.919957Z,KXBTC15M-26OCT042100-00,0.9690,314.92,yes
2026-10-05T00:58:06.919957Z,KXBTC15M-26OCT042100-00,0.9520,500.00,yes
2026-10-05T00:58:06.919957Z,KXBTC15M-26OCT042100-00,0.9500,68.76,yes
2026-10-05T00:58:06.919957Z,KXBTC15M-26OCT042100-00,0.9450,15.00,yes
2026-10-05T00:58:06.919957Z,KXBTC15M-26OCT042100-00,0.9500,10.00,yes
2026-10-05T00:58:06.919957Z,KXBTC15M-26OCT042100-00,0.9480,2.00,yes
2026-10-05T00:58:06.919957Z,KXBTC15M-26OCT042100-00,0.9500,500.00,yes
2026-10-05T00:58:06.919957Z,KXBTC15M-26OCT042100-00,0.9450,64.00,yes
2026-10-05T00:58:06.919957Z,KXBTC15M-26OCT042100-00,0.9450,15.00,yes
2026-10-05T00:58:06.919957Z,KXBTC15M-26OCT042100-00,0.9500,2.00,yes
2026-10-05T00:58:06.919957Z,KXBTC15M-26OCT042100-00,0.9500,2.00,yes
2026-10-05T00:58:06.919957Z,KXBTC15M-26OCT042100-00,0.9430,500.00,yes
2026-10-05T00:58:06.919957Z,KXBTC15M-26OCT042100-00,0.9630,8.00,yes
2026-10-05T00:58:06.919957Z,KXBTC15M-26OCT042100-00,0.9330,0.01,yes
2026-10-05T00:58:06.919957Z,KXBTC15M-26OCT042100-00,0.9330,122.61,yes
2026-10-05T00:58:06.919957Z,KXBTC15M-26OCT042100-00,0.9350,1500.00,yes
2026-10-05T00:58:06.919957Z,KXBTC15M-26OCT042100-00,0.9510,2.00,yes
2026-10-05T00:58:06.919957Z,KXBTC15M-26OCT042100-00,0.9330,400.00,yes
2026-10-05T00:58:06.919957Z,KXBTC15M-26OCT042100-00,0.9400,66.00,yes
2026-10-05T00:58:06.919957Z,KXBTC15M-26OCT042100-00,0.9450,93.75,yes
2026-10-05T00:58:06.919957Z,KXBTC15M-26OCT042100-00,0.9410,500.00,yes
2026-10-05T00:58:06.919957Z,KXBTC15M-26OCT042100-00,0.9430,500.00,yes
2026-10-05T00:58:06.919957Z,KXBTC15M-26OCT042100-00,0.9490,216.00,yes
2026-10-05T00:58:06.919957Z,KXBTC15M-26OCT042100-00,0.9400,50.00,yes
2026-10-05T00:58:06.919957Z,KXBTC15M-26OCT042100-00,0.9470,500.00,yes
2026-10-05T00:58:06.919957Z,KXBTC15M-26OCT042100-00,0.9420,8.00,yes
2026-10-05T00:58:06.919957Z,KXBTC15M-26OCT042100-00,0.9380,500.00,yes
2026-10-05T00:58:06.919957Z,KXBTC15M-26OCT042100-00,0.9330,0.05,yes
2026-10-05T00:58:06.919957Z,KXBTC15M-26OCT042100-00,0.9500,50.00,yes
2026-10-05T00:58:06.919957Z,KXBTC15M-26OCT042100-00,0.9330,100.00,yes
2026-10-05T00:58:06.919957Z,KXBTC15M-26OCT042100-00,0.9520,1.00,yes
2026-10-05T00:58:06.919957Z,KXBTC15M-26OCT042100-00,0.9400,15.00,yes
2026-10-05T00:58:06.919957Z,KXBTC15M-26OCT042100-00,0.9600,50.00,yes
2026-10-05T00:58:06.919957Z,KXBTC15M-26OCT042100-00,0.9340,200.00,yes
2026-10-05T00:58:06.919957Z,KXBTC15M-26OCT042100-00,0.9330,500.00,yes
2026-10-05T00:58:06.919957Z,KXBTC15M-26OCT042100-00,0.9520,2.00,yes
2026-10-05T00:58:06.919957Z,KXBTC15M-26OCT042100-00,0.9370,116.00,yes
2026-10-05T00:58:06.919957Z,KXBTC15M-26OCT042100-00,0.9400,64.00,yes
2026-10-05T00:58:06.919957Z,KXBTC15M-26OCT042100-00,0.9450,93.75,yes
2026-10-05T00:58:06.919957Z,KXBTC15M-26OCT042100-00,0.9400,64.00,yes
2026-10-05T00:58:06.919957Z,KXBTC15M-26OCT042100-00,0.9330,0.01,yes
2026-10-05T00:58:06.919957Z,KXBTC15M-26OCT042100-00,0.9640,162.00,yes
2026-10-05T00:58:06.919957Z,KXBTC15M-26OCT042100-00,0.9590,132.00,yes
2026-10-05T00:58:06.919957Z,KXBTC15M-26OCT042100-00,0.9590,20.00,yes
2026-10-05T00:58:06.919957Z,KXBTC15M-26OCT042100-00,0.9490,72.00,yes
2026-10-05T00:58:06.919957Z,KXBTC15M-26OCT042100-00,0.9690,500.00,yes
2026-10-05T00:58:06.919957Z,KXBTC15M-26OCT042100-00,0.9580,500.00,yes
2026-10-05T00:58:06.919957Z,KXBTC15M-26OCT042100-00,0.9550,500.00,yes
2026-10-05T00:58:06.919957Z,KXBTC15M-26OCT042100-00,0.9390,35.00,yes
2026-10-05T00:58:06.919957Z,KXBTC15M-26OCT042100-00,0.9600,500.00,yes
2026-10-05T00:58:06.919957Z,KXBTC15M-26OCT042100-00,0.9660,500.00,yes
2026-10-05T00:58:06.919957Z,KXBTC15M-26OCT042100-00,0.9620,500.00,yes
2026-10-05T00:58:06.919957Z,KXBTC15M-26OCT042100-00,0.9580,10.00,yes
2026-10-05T00:58:06.919957Z,KXBTC15M-26OCT042100-00,0.9540,10.00,yes
2026-10-05T00:58:06.919957Z,KXBTC15M-26OCT042100-00,0.9500,10.00,yes
2026-10-05T00:58:06.919957Z,KXBTC15M-26OCT042100-00,0.9600,36.60,yes
2026-10-05T00:58:06.919957Z,KXBTC15M-26OCT042100-00,0.9500,1.06,yes
2026-10-05T00:58:06.919957Z,KXBTC15M-26OCT042100-00,0.9500,33.08,yes
2026-10-05T00:58:06.919957Z,KXBTC15M-26OCT042100-00,0.9500,727.00,yes
2026-10-05T00:58:06.919957Z,KXBTC15M-26OCT042100-00,0.9500,8.43,yes
2026-10-05T00:58:06.919957Z,KXBTC15M-26OCT042100-00,0.9600,0.73,yes
2026-10-05T00:58:06.919957Z,KXBTC15M-26OCT042100-00,0.9500,10.05,yes
2026-10-05T00:58:06.919957Z,KXBTC15M-26OCT042100-00,0.9600,53.17,yes
2026-10-05T00:58:06.919957Z,KXBTC15M-26OCT042100-00,0.9500,57.00,yes
2026-10-05T00:58:06.919957Z,KXBTC15M-26OCT042100-00,0.9500,360.73,yes
2026-10-05T00:58:06.919957Z,KXBTC15M-26OCT042100-00,0.9500,1.06,yes
2026-10-05T00:58:06.919957Z,KXBTC15M-26OCT042100-00,0.9600,2.44,yes
2026-10-05T00:58:06.919957Z,KXBTC15M-26OCT042100-00,0.9600,267.10,yes
2026-10-05T00:58:06.919957Z,KXBTC15M-26OCT042100-00,0.9600,0.12,yes
2026-10-05T00:58:06.919957Z,KXBTC15M-26OCT042100-00,0.9500,500.00,yes
2026-10-05T00:58:06.919957Z,KXBTC15M-26OCT042100-00,0.9680,15.00,yes
2026-10-05T00:58:06.919957Z,KXBTC15M-26OCT042100-00,0.9500,32.76,yes
2026-10-05T00:58:06.919957Z,KXBTC15M-26OCT042100-00,0.9500,20.94,yes
2026-10-05T00:58:06.919957Z,KXBTC15M-26OCT042100-00,0.9500,6.00,yes
2026-10-05T00:58:06.919957Z,KXBTC15M-26OCT042100-00,0.9500,3.00,yes
2026-10-05T00:58:06.919957Z,KXBTC15M-26OCT042100-00,0.9500,1.00,yes
2026-10-05T00:58:06.919957Z,KXBTC15M-26OCT042100-00,0.9500,254.15,yes
2026-10-05T00:58:06.919957Z,KXBTC15M-26OCT042100-00,0.9560,1.00,yes
2026-10-05T00:58:06.919957Z,KXBTC15M-26OCT042100-00,0.9660,2.00,yes
2026-10-05T00:58:06.919957Z,KXBTC15M-26OCT042100-00,0.9460,1.00,yes
2026-10-05T00:58:06.919957Z,KXBTC15M-26OCT042100-00,0.9520,1.00,yes
2026-10-05T00:58:06.919957Z,KXBTC15M-26OCT042100-00,0.9530,1.00,yes
2026-10-05T00:58:06.919957Z,KXBTC15M-26OCT042100-00,0.9490,1.00,yes
2026-10-05T00:58:06.919957Z,KXBTC15M-26OCT042100-00,0.9450,1.00,yes
2026-10-05T00:58:06.919957Z,KXBTC15M-26OCT042100-00,0.9560,1.00,yes
2026-10-05T00:58:06.919957Z,KXBTC15M-26OCT042100-00,0.9480,1.00,yes
2026-10-05T00:58:06.919957Z,KXBTC15M-26OCT042100-00,0.9620,1.00,yes
2026-10-05T00:58:06.919957Z,KXBTC15M-26OCT042100-00,0.9470,1.00,yes
2026-10-05T00:58:06.919957Z,KXBTC15M-26OCT042100-00,0.9460,1.00,yes
2026-10-05T00:58:06.919957Z,KXBTC15M-26OCT042100-00,0.9600,1.00,yes
2026-10-05T00:58:06.919957Z,KXBTC15M-26OCT042100-00,0.9590,1.00,yes
2026-10-05T00:58:06.919957Z,KXBTC15M-26OCT042100-00,0.9550,1.00,yes
2026-10-05T00:58:06.919957Z,KXBTC15M-26OCT042100-00,0.9540,1.00,yes
2026-10-05T00:58:06.919957Z,KXBTC15M-26OCT042100-00,0.9510,1.00,yes
2026-10-05T00:58:06.919957Z,KXBTC15M-26OCT042100-00,0.9570,1.00,yes
2026-10-05T00:58:06.919957Z,KXBTC15M-26OCT042100-00,0.9500,1.00,yes
2026-10-05T00:58:06.919957Z,KXBTC15M-26OCT042100-00,0.9580,1.00,yes
2026-10-05T00:58:06.919957Z,KXBTC15M-26OCT042100-00,0.9610,1.00,yes
2026-10-05T00:58:06.919957Z,KXBTC15M-26OCT042100-00,0.9670,1.00,yes
2026-10-05T00:58:06.919957Z,KXBTC15M-26OCT042100-00,0.9660,1.00,yes
2026-10-05T00:58:06.919957Z,KXBTC15M-26OCT042100-00,0.9640,1.00,yes
2026-10-05T00:58:06.919957Z,KXBTC15M-26OCT042100-00,0.9680,1.00,yes
2026-10-05T00:58:06.919957Z,KXBTC15M-26OCT042100-00,0.9650,1.00,yes
2026-10-05T00:58:06.919957Z,KXBTC15M-26OCT042100-00,0.9690,1.00,yes
2026-10-05T00:58:06.919957Z,KXBTC15M-26OCT042100-00,0.9630,1.00,yes
2026-10-05T00:58:06.919957Z,KXBTC15M-26OCT042100-00,0.9600,6.00,yes
2026-10-05T00:58:06.919957Z,KXBTC15M-26OCT042100-00,0.9500,6.00,yes
2026-10-05T00:58:06.919957Z,KXBTC15M-26OCT042100-00,0.9500,20.51,yes
2026-10-05T00:58:06.919957Z,KXBTC15M-26OCT042100-00,0.9600,10.00,yes
2026-10-05T00:58:06.919957Z,KXBTC15M-26OCT042100-00,0.9600,10.00,yes
2026-10-05T00:58:06.919957Z,KXBTC15M-26OCT042100-00,0.9600,100.00,yes
2026-10-05T00:58:06.927493Z,KXBTC15M-26OCT042100-00,0.9340,8.00,yes
2026-10-05T00:58:06.927493Z,KXBTC15M-26OCT042100-00,0.9460,60.00,yes
2026-10-05T00:58:06.927889Z,KXBTC15M-26OCT042100-00,0.9690,39.08,yes
2026-10-05T00:58:06.927889Z,KXBTC15M-26OCT042100-00,0.9700,18.60,yes
2026-10-05T00:58:06.927889Z,KXBTC15M-26OCT042100-00,0.9700,10.00,yes
2026-10-05T00:58:06.927889Z,KXBTC15M-26OCT042100-00,0.9700,7.69,yes
2026-10-05T00:58:06.927889Z,KXBTC15M-26OCT042100-00,0.9700,41.28,yes
2026-10-05T00:58:06.927889Z,KXBTC15M-26OCT042100-00,0.9700,6.66,yes
2026-10-05T00:58:06.927889Z,KXBTC15M-26OCT042100-00,0.9700,100.00,yes
2026-10-05T00:58:06.927889Z,KXBTC15M-26OCT042100-00,0.9700,1.00,yes
2026-10-05T00:58:06.927889Z,KXBTC15M-26OCT042100-00,0.9700,200.00,yes
2026-10-05T00:58:06.927889Z,KXBTC15M-26OCT042100-00,0.9700,6.00,yes
2026-10-05T00:58:06.927889Z,KXBTC15M-26OCT042100-00,0.9700,20.00,yes
2026-10-05T00:58:06.927889Z,KXBTC15M-26OCT042100-00,0.9700,25.00,yes
2026-10-05T00:58:06.927889Z,KXBTC15M-26OCT042100-00,0.9700,10.00,yes
2026-10-05T00:58:06.927889Z,KXBTC15M-26OCT042100-00,0.9700,100.00,yes
2026-10-05T00:58:06.935083Z,KXBTC15M-26OCT042100-00,0.9680,61.67,no
2026-10-05T00:58:06.935892Z,KXBTC15M-26OCT042100-00,0.9680,163.00,no
2026-10-05T00:58:06.936752Z,KXBTC15M-26OCT042100-00,0.9680,9.42,no
2026-10-05T00:58:06.93711Z,KXBTC15M-26OCT042100-00,0.9680,39.74,no
2026-10-05T00:58:06.940207Z,KXBTC15M-26OCT042100-00,0.9680,60.67,no
2026-10-05T00:58:06.951316Z,KXBTC15M-26OCT042100-00,0.9680,196.30,no
2026-10-05T00:58:06.95212Z,KXBTC15M-26OCT042100-00,0.9690,0.83,yes
2026-10-05T00:58:06.953982Z,KXBTC15M-26OCT042100-00,0.9680,0.01,no
2026-10-05T00:58:06.953982Z,KXBTC15M-26OCT042100-00,0.9680,969.20,no
2026-10-05T00:58:06.953982Z,KXBTC15M-26OCT042100-00,0.9680,0.01,no
2026-10-05T00:58:06.955682Z,KXBTC15M-26OCT042100-00,0.9680,5.00,no
2026-10-05T00:58:06.955682Z,KXBTC15M-26OCT042100-00,0.9680,2.00,no
2026-10-05T00:58:06.959174Z,KXBTC15M-26OCT042100-00,0.9680,7.00,no
2026-10-05T00:58:06.961331Z,KXBTC15M-26OCT042100-00,0.9680,0.01,no
2026-10-05T00:58:06.961331Z,KXBTC15M-26OCT042100-00,0.9680,1493.00,no
2026-10-05T00:58:06.961331Z,KXBTC15M-26OCT042100-00,0.9620,500.00,no
2026-10-05T00:58:06.961331Z,KXBTC15M-26OCT042100-00,0.9630,10.00,no
2026-10-05T00:58:06.961331Z,KXBTC15M-26OCT042100-00,0.9680,0.01,no
2026-10-05T00:58:06.961331Z,KXBTC15M-26OCT042100-00,0.9600,496.98,no
2026-10-05T00:58:06.961331Z,KXBTC15M-26OCT042100-00,0.9650,500.00,no
2026-10-05T00:58:06.985057Z,KXBTC15M-26OCT042100-00,0.9570,27.00,no
2026-10-05T00:58:06.995359Z,KXBTC15M-26OCT042100-00,0.9570,0.01,no
2026-10-05T00:58:06.995359Z,KXBTC15M-26OCT042100-00,0.9540,5.00,no
2026-10-05T00:58:06.995359Z,KXBTC15M-26OCT042100-00,0.9550,5.00,no
2026-10-05T00:58:06.995359Z,KXBTC15M-26OCT042100-00,0.9570,2.00,no
2026-10-05T00:58:06.995359Z,KXBTC15M-26OCT042100-00,0.9520,91.50,no
2026-10-05T00:58:06.995359Z,KXBTC15M-26OCT042100-00,0.9570,5.00,no
2026-10-05T00:58:06.995359Z,KXBTC15M-26OCT042100-00,0.9560,0.01,no
2026-10-05T00:58:06.995359Z,KXBTC15M-26OCT042100-00,0.9580,5.00,no
2026-10-05T00:58:07.001325Z,KXBTC15M-26OCT042100-00,0.9520,13.80,no
2026-10-05T00:58:07.004265Z,KXBTC15M-26OCT042100-00,0.9520,100.00,no
2026-10-05T00:58:07.004265Z,KXBTC15M-26OCT042100-00,0.9510,500.00,no
2026-10-05T00:58:07.004265Z,KXBTC15M-26OCT042100-00,0.9450,8.00,no
2026-10-05T00:58:07.004265Z,KXBTC15M-26OCT042100-00,0.9480,500.00,no
2026-10-05T00:58:07.004265Z,KXBTC15M-26OCT042100-00,0.9520,58.70,no
2026-10-05T00:58:07.004326Z,KXBTC15M-26OCT042100-00,0.9440,59.95,no
2026-10-05T00:58:07.007112Z,KXBTC15M-26OCT042100-00,0.9520,5.00,no
2026-10-05T00:58:07.011949Z,KXBTC15M-26OCT042100-00,0.9540,10.00,no
2026-10-05T00:58:07.013576Z,KXBTC15M-26OCT042100-00,0.9540,52.00,no
2026-10-05T00:58:07.015799Z,KXBTC15M-26OCT042100-00,0.9540,48.00,no
2026-10-05T00:58:07.015801Z,KXBTC15M-26OCT042100-00,0.9490,50.00,no
2026-10-05T00:58:07.016629Z,KXBTC15M-26OCT042100-00,0.9550,15.00,yes
2026-10-05T00:58:07.016629Z,KXBTC15M-26OCT042100-00,0.9550,0.01,yes
2026-10-05T00:58:07.016629Z,KXBTC15M-26OCT042100-00,0.9550,0.01,yes
2026-10-05T00:58:07.016629Z,KXBTC15M-26OCT042100-00,0.9550,3.43,yes
2026-10-05T00:58:07.016629Z,KXBTC15M-26OCT042100-00,0.9550,93.75,yes
2026-10-05T00:58:07.019185Z,KXBTC15M-26OCT042100-00,0.9520,2.00,no
2026-10-05T00:58:07.019185Z,KXBTC15M-26OCT042100-00,0.9480,8.89,no
2026-10-05T00:58:07.019185Z,KXBTC15M-26OCT042100-00,0.9510,5.00,no
2026-10-05T00:58:07.02188Z,KXBTC15M-26OCT042100-00,0.9480,0.11,no
2026-10-05T00:58:07.02188Z,KXBTC15M-26OCT042100-00,0.9450,384.00,no
2026-10-05T00:58:07.02188Z,KXBTC15M-26OCT042100-00,0.9470,500.00,no
2026-10-05T00:58:07.02188Z,KXBTC15M-26OCT042100-00,0.9440,221.89,no
2026-10-05T00:58:07.026785Z,KXBTC15M-26OCT042100-00,0.9480,90.99,no
2026-10-05T00:58:07.026785Z,KXBTC15M-26OCT042100-00,0.9510,0.01,no
2026-10-05T00:58:07.026785Z,KXBTC15M-26OCT042100-00,0.9500,9.00,no
2026-10-05T00:58:07.028646Z,KXBTC15M-26OCT042100-00,0.9510,1.03,yes
2026-10-05T00:58:07.039161Z,KXBTC15M-26OCT042100-00,0.9500,0.01,no
2026-10-05T00:58:07.039161Z,KXBTC15M-26OCT042100-00,0.9490,4.98,no
2026-10-05T00:58:07.039161Z,KXBTC15M-26OCT042100-00,0.9500,0.01,no
2026-10-05T00:58:07.039575Z,KXBTC15M-26OCT042100-00,0.9510,55.44,yes
2026-10-05T00:58:07.047007Z,KXBTC15M-26OCT042100-00,0.9440,51.00,no
2026-10-05T00:58:07.047007Z,KXBTC15M-26OCT042100-00,0.9480,5.00,no
2026-10-05T00:58:07.047007Z,KXBTC15M-26OCT042100-00,0.9500,5.00,no
2026-10-05T00:58:07.047007Z,KXBTC15M-26OCT042100-00,0.9470,2.00,no
2026-10-05T00:58:07.047007Z,KXBTC15M-26OCT042100-00,0.9440,5.00,no
2026-10-05T00:58:07.057179Z,KXBTC15M-26OCT042100-00,0.9490,46.13,yes
2026-10-05T00:58:07.105455Z,KXBTC15M-26OCT042100-00,0.9430,104.54,yes
2026-10-05T00:58:07.10632Z,KXBTC15M-26OCT042100-00,0.9410,28.00,no
2026-10-05T00:58:07.10632Z,KXBTC15M-26OCT042100-00,0.9390,436.16,no
2026-10-05T00:58:07.117731Z,KXBTC15M-26OCT042100-00,0.9430,10.63,yes
2026-10-05T00:58:07.132023Z,KXBTC15M-26OCT042100-00,0.9370,132.24,no
2026-10-05T00:58:07.157632Z,KXBTC15M-26OCT042100-00,0.9340,40.00,no
2026-10-05T00:58:07.157632Z,KXBTC15M-26OCT042100-00,0.9340,68.00,no
2026-10-05T00:58:07.157632Z,KXBTC15M-26OCT042100-00,0.9340,5.00,no
2026-10-05T00:58:07.157632Z,KXBTC15M-26OCT042100-00,0.9380,8.00,no
2026-10-05T00:58:07.157632Z,KXBTC15M-26OCT042100-00,0.9330,79.00,no
2026-10-05T00:58:07.163541Z,KXBTC15M-26OCT042100-00,0.9400,5.22,yes
2026-10-05T00:58:07.181679Z,KXBTC15M-26OCT042100-00,0.9400,5.22,yes
2026-10-05T00:58:07.190119Z,KXBTC15M-26OCT042100-00,0.9330,250.00,no
2026-10-05T00:58:07.215291Z,KXBTC15M-26OCT042100-00,0.9400,323.04,yes
2026-10-05T00:58:07.220184Z,KXBTC15M-26OCT042100-00,0.9400,2.22,yes
2026-10-05T00:58:07.222118Z,KXBTC15M-26OCT042100-00,0.9330,100.00,no
2026-10-05T00:58:07.222118Z,KXBTC15M-26OCT042100-00,0.9300,93.75,no
2026-10-05T00:58:07.222118Z,KXBTC15M-26OCT042100-00,0.9330,400.00,no
2026-10-05T00:58:07.222118Z,KXBTC15M-26OCT042100-00,0.9320,200.00,no
2026-10-05T00:58:07.222118Z,KXBTC15M-26OCT042100-00,0.9300,93.75,no
2026-10-05T00:58:07.222118Z,KXBTC15M-26OCT042100-00,0.9300,15.00,no
2026-10-05T00:58:07.222118Z,KXBTC15M-26OCT042100-00,0.9330,200.00,no
2026-10-05T00:58:07.222118Z,KXBTC15M-26OCT042100-00,0.9300,15.00,no
2026-10-05T00:58:07.222118Z,KXBTC15M-26OCT042100-00,0.9300,7.00,no
2026-10-05T00:58:07.222118Z,KXBTC15M-26OCT042100-00,0.9300,58.00,no
2026-10-05T00:58:07.232564Z,KXBTC15M-26OCT042100-00,0.9400,9.29,yes
2026-10-05T00:58:07.240212Z,KXBTC15M-26OCT042100-00,0.9330,9.47,no
2026-10-05T00:58:07.246941Z,KXBTC15M-26OCT042100-00,0.9330,3.59,no
2026-10-05T00:58:07.253975Z,KXBTC15M-26OCT042100-00,0.9320,243.41,no
2026-10-05T00:58:07.253975Z,KXBTC15M-26OCT042100-00,0.9330,3.41,no
2026-10-05T00:58:07.253975Z,KXBTC15M-26OCT042100-00,0.9330,100.00,no
2026-10-05T00:58:07.256956Z,KXBTC15M-26OCT042100-00,0.9350,0.01,yes
2026-10-05T00:58:07.256956Z,KXBTC15M-26OCT042100-00,0.9350,0.01,yes
2026-10-05T00:58:07.256956Z,KXBTC15M-26OCT042100-00,0.9350,156.79,yes
2026-10-05T00:58:07.257173Z,KXBTC15M-26OCT042100-00,0.9350,1.06,yes
2026-10-05T00:58:07.257704Z,KXBTC15M-26OCT042100-00,0.9330,2.00,no
2026-10-05T00:58:07.257704Z,KXBTC15M-26OCT042100-00,0.9320,8.00,no
2026-10-05T00:58:07.262469Z,KXBTC15M-26OCT042100-00,0.9330,3.59,no
2026-10-05T00:58:07.262469Z,KXBTC15M-26OCT042100-00,0.9330,76.41,no
2026-10-05T00:58:07.263986Z,KXBTC15M-26OCT042100-00,0.9330,6.00,no
2026-10-05T00:58:07.269599Z,KXBTC15M-26OCT042100-00,0.9330,34.51,no
2026-10-05T00:58:07.28281Z,KXBTC15M-26OCT042100-00,0.9330,5.00,no
2026-10-05T00:58:07.291964Z,KXBTC15M-26OCT042100-00,0.9380,3.38,yes
2026-10-05T00:58:07.291964Z,KXBTC15M-26OCT042100-00,0.9350,0.01,yes
2026-10-05T00:58:07.291964Z,KXBTC15M-26OCT042100-00,0.9350,0.01,yes
2026-10-05T00:58:07.292572Z,KXBTC15M-26OCT042100-00,0.9390,0.01,yes
2026-10-05T00:58:07.292572Z,KXBTC15M-26OCT042100-00,0.9390,0.01,yes
2026-10-05T00:58:07.292572Z,KXBTC15M-26OCT042100-00,0.9380,200.00,yes
2026-10-05T00:58:07.292572Z,KXBTC15M-26OCT042100-00,0.9380,0.01,yes
2026-10-05T00:58:07.292572Z,KXBTC15M-26OCT042100-00,0.9380,118.00,yes
2026-10-05T00:58:07.292572Z,KXBTC15M-26OCT042100-00,0.9380,173.62,yes
2026-10-05T00:58:07.292572Z,KXBTC15M-26OCT042100-00,0.9400,6.28,yes
2026-10-05T00:58:07.294408Z,KXBTC15M-26OCT042100-00,0.9700,20.00,yes
2026-10-05T00:58:07.294408Z,KXBTC15M-26OCT042100-00,0.9700,200.00,yes
2026-10-05T00:58:07.294408Z,KXBTC15M-26OCT042100-00,0.9700,3.88,yes
2026-10-05T00:58:07.294408Z,KXBTC15M-26OCT042100-00,0.9700,25.00,yes
2026-10-05T00:58:07.294408Z,KXBTC15M-26OCT042100-00,0.9700,17.46,yes
2026-10-05T00:58:07.294408Z,KXBTC15M-26OCT042100-00,0.9550,64.00,yes
2026-10-05T00:58:07.294408Z,KXBTC15M-26OCT042100-00,0.9450,64.00,yes
2026-10-05T00:58:07.294408Z,KXBTC15M-26OCT042100-00,0.9480,8.00,yes
2026-10-05T00:58:07.294408Z,KXBTC15M-26OCT042100-00,0.9500,64.00,yes
2026-10-05T00:58:07.294408Z,KXBTC15M-26OCT042100-00,0.9550,11.57,yes
2026-10-05T00:58:07.294408Z,KXBTC15M-26OCT042100-00,0.9500,15.00,yes
2026-10-05T00:58:07.294408Z,KXBTC15M-26OCT042100-00,0.9400,1148.73,yes
2026-10-05T00:58:07.294408Z,KXBTC15M-26OCT042100-00,0.9550,15.00,yes
2026-10-05T00:58:07.294408Z,KXBTC15M-26OCT042100-00,0.9580,500.00,yes
2026-10-05T00:58:07.294408Z,KXBTC15M-26OCT042100-00,0.9450,64.00,yes
2026-10-05T00:58:07.294408Z,KXBTC15M-26OCT042100-00,0.9680,342.00,yes
2026-10-05T00:58:07.294408Z,KXBTC15M-26OCT042100-00,0.9580,10.00,yes
2026-10-05T00:58:07.294408Z,KXBTC15M-26OCT042100-00,0.9430,500.00,yes
2026-10-05T00:58:07.294408Z,KXBTC15M-26OCT042100-00,0.9450,68.00,yes
2026-10-05T00:58:07.294408Z,KXBTC15M-26OCT042100-00,0.9460,500.00,yes
2026-10-05T00:58:07.294408Z,KXBTC15M-26OCT042100-00,0.9600,48.55,yes
2026-10-05T00:58:07.294408Z,KXBTC15M-26OCT042100-00,0.9580,20.00,yes
2026-10-05T00:58:07.294408Z,KXBTC15M-26OCT042100-00,0.9600,10.00,yes
2026-10-05T00:58:07.294408Z,KXBTC15M-26OCT042100-00,0.9450,15.00,yes
2026-10-05T00:58:07.294408Z,KXBTC15M-26OCT042100-00,0.9490,453.87,yes
2026-10-05T00:58:07.294408Z,KXBTC15M-26OCT042100-00,0.9500,93.75,yes
2026-10-05T00:58:07.294408Z,KXBTC15M-26OCT042100-00,0.9640,162.00,yes
2026-10-05T00:58:07.294408Z,KXBTC15M-26OCT042100-00,0.9530,500.00,yes
2026-10-05T00:58:07.294408Z,KXBTC15M-26OCT042100-00,0.9530,10.00,yes
2026-10-05T00:58:07.294408Z,KXBTC15M-26OCT042100-00,0.9500,64.00,yes
2026-10-05T00:58:07.294408Z,KXBTC15M-26OCT042100-00,0.9390,200.00,yes
2026-10-05T00:58:07.294408Z,KXBTC15M-26OCT042100-00,0.9560,500.00,yes
2026-10-05T00:58:07.294408Z,KXBTC15M-26OCT042100-00,0.9580,87.00,yes
2026-10-05T00:58:07.294408Z,KXBTC15M-26OCT042100-00,0.9490,35.00,yes
2026-10-05T00:58:07.294408Z,KXBTC15M-26OCT042100-00,0.9550,93.75,yes
2026-10-05T00:58:07.294408Z,KXBTC15M-26OCT042100-00,0.9550,64.00,yes
2026-10-05T00:58:07.294408Z,KXBTC15M-26OCT042100-00,0.9500,15.00,yes
2026-10-05T00:58:07.294408Z,KXBTC15M-26OCT042100-00,0.9500,93.75,yes
2026-10-05T00:58:07.294408Z,KXBTC15M-26OCT042100-00,0.9700,26.00,yes
2026-10-05T00:58:07.294408Z,KXBTC15M-26OCT042100-00,0.9650,64.00,yes
2026-10-05T00:58:07.294408Z,KXBTC15M-26OCT042100-00,0.9610,500.00,yes
2026-10-05T00:58:07.294408Z,KXBTC15M-26OCT042100-00,0.9690,500.00,yes
2026-10-05T00:58:07.294408Z,KXBTC15M-26OCT042100-00,0.9710,156.50,yes
2026-10-05T00:58:07.294408Z,KXBTC15M-26OCT042100-00,0.9600,15.00,yes
2026-10-05T00:58:07.294408Z,KXBTC15M-26OCT042100-00,0.9650,15.00,yes
2026-10-05T00:58:07.294408Z,KXBTC15M-26OCT042100-00,0.9700,64.00,yes
2026-10-05T00:58:07.294408Z,KXBTC15M-26OCT042100-00,0.9700,64.00,yes
2026-10-05T00:58:07.294408Z,KXBTC15M-26OCT042100-00,0.9710,195.00,yes
2026-10-05T00:58:07.294408Z,KXBTC15M-26OCT042100-00,0.9600,64.00,yes
2026-10-05T00:58:07.294408Z,KXBTC15M-26OCT042100-00,0.9650,500.00,yes
2026-10-05T00:58:07.294408Z,KXBTC15M-26OCT042100-00,0.9690,354.00,yes
2026-10-05T00:58:07.294408Z,KXBTC15M-26OCT042100-00,0.9700,500.00,yes
2026-10-05T00:58:07.294408Z,KXBTC15M-26OCT042100-00,0.9600,64.00,yes
2026-10-05T00:58:07.294408Z,KXBTC15M-26OCT042100-00,0.9700,59.53,yes
2026-10-05T00:58:07.294408Z,KXBTC15M-26OCT042100-00,0.9700,18.33,yes
2026-10-05T00:58:07.294408Z,KXBTC15M-26OCT042100-00,0.9700,33.00,yes
2026-10-05T00:58:07.294408Z,KXBTC15M-26OCT042100-00,0.9700,0.10,yes
2026-10-05T00:58:07.294408Z,KXBTC15M-26OCT042100-00,0.9700,5.30,yes
2026-10-05T00:58:07.294408Z,KXBTC15M-26OCT042100-00,0.9700,70.66,yes
2026-10-05T00:58:07.294408Z,KXBTC15M-26OCT042100-00,0.9700,500.00,yes
2026-10-05T00:58:07.294408Z,KXBTC15M-26OCT042100-00,0.9700,0.35,yes
2026-10-05T00:58:07.294408Z,KXBTC15M-26OCT042100-00,0.9700,458.72,yes
2026-10-05T00:58:07.294408Z,KXBTC15M-26OCT042100-00,0.9710,1.00,yes
2026-10-05T00:58:07.302398Z,KXBTC15M-26OCT042100-00,0.9520,8.00,yes
2026-10-05T00:58:07.302398Z,KXBTC15M-26OCT042100-00,0.9350,400.00,yes
2026-10-05T00:58:07.302398Z,KXBTC15M-26OCT042100-00,0.9440,8.00,yes
2026-10-05T00:58:07.302398Z,KXBTC15M-26OCT042100-00,0.9400,0.01,yes
2026-10-05T00:58:07.302398Z,KXBTC15M-26OCT042100-00,0.9400,64.00,yes
2026-10-05T00:58:07.302398Z,KXBTC15M-26OCT042100-00,0.9390,1.00,yes
2026-10-05T00:58:07.30657Z,KXBTC15M-26OCT042100-00,0.9440,1.00,yes
2026-10-05T00:58:07.30657Z,KXBTC15M-26OCT042100-00,0.9450,0.31,yes
2026-10-05T00:58:07.307324Z,KXBTC15M-26OCT042100-00,0.9500,67.84,yes
2026-10-05T00:58:07.307324Z,KXBTC15M-26OCT042100-00,0.9450,93.44,yes
2026-10-05T00:58:07.307324Z,KXBTC15M-26OCT042100-00,0.9500,15.00,yes
2026-10-05T00:58:07.307324Z,KXBTC15M-26OCT042100-00,0.9450,15.00,yes
2026-10-05T00:58:07.319274Z,KXBTC15M-26OCT042100-00,0.9550,55.56,yes
2026-10-05T00:58:07.319452Z,KXBTC15M-26OCT042100-00,0.9550,0.01,yes
2026-10-05T00:58:07.319666Z,KXBTC15M-26OCT042100-00,0.9540,2.29,no
2026-10-05T00:58:07.321272Z,KXBTC15M-26OCT042100-00,0.9540,178.00,no
2026-10-05T00:58:07.323566Z,KXBTC15M-26OCT042100-00,0.9540,100.00,no
2026-10-05T00:58:07.323718Z,KXBTC15M-26OCT042100-00,0.9550,0.01,yes
2026-10-05T00:58:07.357143Z,KXBTC15M-26OCT042100-00,0.9640,69.02,no
2026-10-05T00:58:07.357546Z,KXBTC15M-26OCT042100-00,0.9640,5.00,no
2026-10-05T00:58:07.360757Z,KXBTC15M-26OCT042100-00,0.9570,86.00,no
2026-10-05T00:58:07.360757Z,KXBTC15M-26OCT042100-00,0.9640,0.01,no
2026-10-05T00:58:07.360757Z,KXBTC15M-26OCT042100-00,0.9620,500.00,no
2026-10-05T00:58:07.360757Z,KXBTC15M-26OCT042100-00,0.9640,425.98,no
2026-10-05T00:58:07.360757Z,KXBTC15M-26OCT042100-00,0.9600,10.00,no
2026-10-05T00:58:07.360757Z,KXBTC15M-26OCT042100-00,0.9590,500.00,no
2026-10-05T00:58:07.360757Z,KXBTC15M-26OCT042100-00,0.9640,0.01,no
2026-10-05T00:58:07.360757Z,KXBTC15M-26OCT042100-00,0.9580,10.00,no
2026-10-05T00:58:07.360757Z,KXBTC15M-26OCT042100-00,0.9630,200.00,no
2026-10-05T00:58:07.362306Z,KXBTC15M-26OCT042100-00,0.9570,268.00,no
2026-10-05T00:58:07.362383Z,KXBTC15M-26OCT042100-00,0.9570,128.00,no
2026-10-05T00:58:07.382263Z,KXBTC15M-26OCT042100-00,0.9630,0.01,no
2026-10-05T00:58:07.382263Z,KXBTC15M-26OCT042100-00,0.9630,1.49,no
2026-10-05T00:58:07.382263Z,KXBTC15M-26OCT042100-00,0.9630,0.01,no
2026-10-05T00:58:07.395472Z,KXBTC15M-26OCT042100-00,0.9650,0.01,yes
2026-10-05T00:58:07.395472Z,KXBTC15M-26OCT042100-00,0.9650,0.83,yes
2026-10-05T00:58:07.395472Z,KXBTC15M-26OCT042100-00,0.9650,0.01,yes
2026-10-05T00:58:07.396525Z,KXBTC15M-26OCT042100-00,0.9640,0.01,no
2026-10-05T00:58:07.396525Z,KXBTC15M-26OCT042100-00,0.9640,0.01,no
2026-10-05T00:58:07.396525Z,KXBTC15M-26OCT042100-00,0.9620,17.98,no
2026-10-05T00:58:07.39901Z,KXBTC15M-26OCT042100-00,0.9620,84.00,no
2026-10-05T00:58:07.429531Z,KXBTC15M-26OCT042100-00,0.9600,10.00,no
2026-10-05T00:58:07.437386Z,KXBTC15M-26OCT042100-00,0.9600,186.82,no
2026-10-05T00:58:07.438352Z,KXBTC15M-26OCT042100-00,0.9600,1.08,no
2026-10-05T00:58:07.439597Z,KXBTC15M-26OCT042100-00,0.9600,302.10,no
2026-10-05T00:58:07.439597Z,KXBTC15M-26OCT042100-00,0.9570,18.00,no
2026-10-05T00:58:07.439597Z,KXBTC15M-26OCT042100-00,0.9600,0.01,no
2026-10-05T00:58:07.439597Z,KXBTC15M-26OCT042100-00,0.9550,9.00,no
2026-10-05T00:58:07.439597Z,KXBTC15M-26OCT042100-00,0.9600,0.01,no
2026-10-05T00:58:07.442502Z,KXBTC15M-26OCT042100-00,0.9540,30.87,no
2026-10-05T00:58:07.442524Z,KXBTC15M-26OCT042100-00,0.9540,19.74,no
2026-10-05T00:58:07.466275Z,KXBTC15M-26OCT042100-00,0.9550,7.27,yes
2026-10-05T00:58:07.47273Z,KXBTC15M-26OCT042100-00,0.9540,171.39,no
2026-10-05T00:58:07.47273Z,KXBTC15M-26OCT042100-00,0.9540,0.01,no
2026-10-05T00:58:07.47273Z,KXBTC15M-26OCT042100-00,0.9540,16.59,no
2026-10-05T00:58:07.47273Z,KXBTC15M-26OCT042100-00,0.9540,0.01,no
2026-10-05T00:58:07.482892Z,KXBTC15M-26OCT042100-00,0.9550,100.00,yes
2026-10-05T00:58:07.482892Z,KXBTC15M-26OCT042100-00,0.9550,226.41,yes
2026-10-05T00:58:07.482892Z,KXBTC15M-26OCT042100-00,0.9550,0.01,yes
2026-10-05T00:58:07.482892Z,KXBTC15M-26OCT042100-00,0.9550,48.00,yes
2026-10-05T00:58:07.482892Z,KXBTC15M-26OCT042100-00,0.9550,0.01,yes
2026-10-05T00:58:07.482892Z,KXBTC15M-26OCT042100-00,0.9550,142.73,yes
2026-10-05T00:58:07.489482Z,KXBTC15M-26OCT042100-00,0.9540,83.41,no
2026-10-05T00:58:07.489482Z,KXBTC15M-26OCT042100-00,0.9530,9.00,no
2026-10-05T00:58:07.489482Z,KXBTC15M-26OCT042100-00,0.9540,2.00,no
2026-10-05T00:58:07.489482Z,KXBTC15M-26OCT042100-00,0.9540,0.01,no
2026-10-05T00:58:07.489482Z,KXBTC15M-26OCT042100-00,0.9520,296.57,no
2026-10-05T00:58:07.489482Z,KXBTC15M-26OCT042100-00,0.9540,92.00,no
2026-10-05T00:58:07.489482Z,KXBTC15M-26OCT042100-00,0.9540,0.01,no
2026-10-05T00:58:07.489482Z,KXBTC15M-26OCT042100-00,0.9540,5.00,no
2026-10-05T00:58:07.507094Z,KXBTC15M-26OCT042100-00,0.9500,0.01,no
2026-10-05T00:58:07.507094Z,KXBTC15M-26OCT042100-00,0.9490,4.82,no
2026-10-05T00:58:07.52019Z,KXBTC15M-26OCT042100-00,0.9490,6.00,no
2026-10-05T00:58:07.526982Z,KXBTC15M-26OCT042100-00,0.9510,0.01,yes
2026-10-05T00:58:07.526982Z,KXBTC15M-26OCT042100-00,0.9510,1.00,yes
2026-10-05T00:58:07.526982Z,KXBTC15M-26OCT042100-00,0.9500,0.01,yes
2026-10-05T00:58:07.526982Z,KXBTC15M-26OCT042100-00,0.9500,150.00,yes
2026-10-05T00:58:07.526982Z,KXBTC15M-26OCT042100-00,0.9500,50.00,yes
2026-10-05T00:58:07.526982Z,KXBTC15M-26OCT042100-00,0.9510,140.94,yes
2026-10-05T00:58:07.526982Z,KXBTC15M-26OCT042100-00,0.9500,0.01,yes
2026-10-05T00:58:07.527943Z,KXBTC15M-26OCT042100-00,0.9490,6.70,no
2026-10-05T00:58:07.5279Z,KXBTC15M-26OCT042100-00,0.9490,6.00,no
2026-10-05T00:58:07.540589Z,KXBTC15M-26OCT042100-00,0.9490,201.18,no
2026-10-05T00:58:07.559098Z,KXBTC15M-26OCT042100-00,0.9500,22.83,yes
2026-10-05T00:58:07.569343Z,KXBTC15M-26OCT042100-00,0.9500,5.14,yes
2026-10-05T00:58:07.573969Z,KXBTC15M-26OCT042100-00,0.9490,4.74,no
2026-10-05T00:58:07.585195Z,KXBTC15M-26OCT042100-00,0.9500,15.57,yes
2026-10-05T00:58:07.597828Z,KXBTC15M-26OCT042100-00,0.9500,46.84,yes
2026-10-05T00:58:07.60022Z,KXBTC15M-26OCT042100-00,0.9450,93.75,no
2026-10-05T00:58:07.60022Z,KXBTC15M-26OCT042100-00,0.9490,270.56,no
2026-10-05T00:58:07.60022Z,KXBTC15M-26OCT042100-00,0.9490,2.00,no
2026-10-05T00:58:07.60022Z,KXBTC15M-26OCT042100-00,0.9440,120.00,no
2026-10-05T00:58:07.60022Z,KXBTC15M-26OCT042100-00,0.9490,0.01,no
2026-10-05T00:58:07.60022Z,KXBTC15M-26OCT042100-00,0.9440,8.00,no
2026-10-05T00:58:07.60022Z,KXBTC15M-26OCT042100-00,0.9490,80.00,no
2026-10-05T00:58:07.60022Z,KXBTC15M-26OCT042100-00,0.9490,60.00,no
2026-10-05T00:58:07.60022Z,KXBTC15M-26OCT042100-00,0.9450,93.75,no
2026-10-05T00:58:07.60022Z,KXBTC15M-26OCT042100-00,0.9490,0.01,no
2026-10-05T00:58:07.60022Z,KXBTC15M-26OCT042100-00,0.9490,5.00,no
2026-10-05T00:58:07.60022Z,KXBTC15M-26OCT042100-00,0.9450,15.00,no
2026-10-05T00:58:07.60022Z,KXBTC15M-26OCT042100-00,0.9430,73.92,no
2026-10-05T00:58:07.60022Z,KXBTC15M-26OCT042100-00,0.9490,12.00,no
2026-10-05T00:58:07.60022Z,KXBTC15M-26OCT042100-00,0.9450,200.00,no
2026-10-05T00:58:07.60022Z,KXBTC15M-26OCT042100-00,0.9470,500.00,no
2026-10-05T00:58:07.609905Z,KXBTC15M-26OCT042100-00,0.9470,2.00,yes
2026-10-05T00:58:07.614972Z,KXBTC15M-26OCT042100-00,0.9420,8.00,no
2026-10-05T00:58:07.614972Z,KXBTC15M-26OCT042100-00,0.9420,83.74,no
2026-10-05T00:58:07.614972Z,KXBTC15M-26OCT042100-00,0.9430,5.00,no
2026-10-05T00:58:07.614972Z,KXBTC15M-26OCT042100-00,0.9460,0.01,no
2026-10-05T00:58:07.614972Z,KXBTC15M-26OCT042100-00,0.9420,92.00,no
2026-10-05T00:58:07.614972Z,KXBTC15M-26OCT042100-00,0.9460,0.01,no
2026-10-05T00:58:07.63287Z,KXBTC15M-26OCT042100-00,0.9420,0.01,no
2026-10-05T00:58:07.63287Z,KXBTC15M-26OCT042100-00,0.9420,2.00,no
2026-10-05T00:58:07.63287Z,KXBTC15M-26OCT042100-00,0.9390,3.77,no
2026-10-05T00:58:07.63287Z,KXBTC15M-26OCT042100-00,0.9390,7.00,no
2026-10-05T00:58:07.63287Z,KXBTC15M-26OCT042100-00,0.9430,2.00,no
2026-10-05T00:58:07.63287Z,KXBTC15M-26OCT042100-00,0.9400,15.00,no
2026-10-05T00:58:07.63287Z,KXBTC15M-26OCT042100-00,0.9430,0.01,no
2026-10-05T00:58:07.636563Z,KXBTC15M-26OCT042100-00,0.9390,27.24,no
2026-10-05T00:58:07.661779Z,KXBTC15M-26OCT042100-00,0.9400,5.00,no
2026-10-05T00:58:07.661779Z,KXBTC15M-26OCT042100-00,0.9390,4.33,no
2026-10-05T00:58:07.702811Z,KXBTC15M-26OCT042100-00,0.9410,0.21,yes
2026-10-05T00:58:07.779022Z,KXBTC15M-26OCT042100-00,0.9400,2.42,yes
2026-10-05T00:58:07.805227Z,KXBTC15M-26OCT042100-00,0.9390,7.44,no
2026-10-05T00:58:07.823475Z,KXBTC15M-26OCT042100-00,0.9390,15.00,no
2026-10-05T00:58:07.828322Z,KXBTC15M-26OCT042100-00,0.9400,0.01,yes
2026-10-05T00:58:07.828322Z,KXBTC15M-26OCT042100-00,0.9400,31.98,yes
2026-10-05T00:58:07.828322Z,KXBTC15M-26OCT042100-00,0.9400,0.01,yes
2026-10-05T00:58:07.841747Z,KXBTC15M-26OCT042100-00,0.9400,5.18,yes
2026-10-05T00:58:07.844205Z,KXBTC15M-26OCT042100-00,0.9400,3.95,yes
2026-10-05T00:58:07.869524Z,KXBTC15M-26OCT042100-00,0.9390,0.10,no
2026-10-05T00:58:07.879983Z,KXBTC15M-26OCT042100-00,0.9400,0.44,yes
2026-10-05T00:58:07.886506Z,KXBTC15M-26OCT042100-00,0.9400,10.36,yes
2026-10-05T00:58:07.890544Z,KXBTC15M-26OCT042100-00,0.9400,8.25,yes
2026-10-05T00:58:07.909544Z,KXBTC15M-26OCT042100-00,0.9400,0.89,yes
2026-10-05T00:58:07.915602Z,KXBTC15M-26OCT042100-00,0.9390,21.74,no
2026-10-05T00:58:07.918275Z,KXBTC15M-26OCT042100-00,0.9390,13.86,no
2026-10-05T00:58:07.937948Z,KXBTC15M-26OCT042100-00,0.9390,12.22,no
2026-10-05T00:58:07.940986Z,KXBTC15M-26OCT042100-00,0.9390,19.76,no
2026-10-05T00:58:07.980471Z,KXBTC15M-26OCT042100-00,0.9400,0.05,yes
2026-10-05T00:58:07.980471Z,KXBTC15M-26OCT042100-00,0.9530,38.01,yes
2026-10-05T00:58:07.980471Z,KXBTC15M-26OCT042100-00,0.9400,0.01,yes
2026-10-05T00:58:07.980471Z,KXBTC15M-26OCT042100-00,0.9400,0.01,yes
2026-10-05T00:58:07.981481Z,KXBTC15M-26OCT042100-00,0.9390,1.02,no
2026-10-05T00:58:07.981481Z,KXBTC15M-26OCT042100-00,0.9390,3.56,no
2026-10-05T00:58:07.981481Z,KXBTC15M-26OCT042100-00,0.9390,8.88,no
2026-10-05T00:58:07.981481Z,KXBTC15M-26OCT042100-00,0.9390,15.30,no
2026-10-05T00:58:07.981481Z,KXBTC15M-26OCT042100-00,0.9390,1.03,no
2026-10-05T00:58:08.012226Z,KXBTC15M-26OCT042100-00,0.9510,0.01,yes
2026-10-05T00:58:08.028794Z,KXBTC15M-26OCT042100-00,0.9480,59.81,no
2026-10-05T00:58:08.040693Z,KXBTC15M-26OCT042100-00,0.9510,0.01,yes
2026-10-05T00:58:08.040693Z,KXBTC15M-26OCT042100-00,0.9510,3.50,yes
2026-10-05T00:58:08.040693Z,KXBTC15M-26OCT042100-00,0.9510,0.01,yes
2026-10-05T00:58:08.065217Z,KXBTC15M-26OCT042100-00,0.9500,0.01,no
2026-10-05T00:58:08.065217Z,KXBTC15M-26OCT042100-00,0.9500,0.01,no
2026-10-05T00:58:08.065217Z,KXBTC15M-26OCT042100-00,0.9490,6.97,no
2026-10-05T00:58:08.065401Z,KXBTC15M-26OCT042100-00,0.9510,0.01,yes
2026-10-05T00:58:08.065401Z,KXBTC15M-26OCT042100-00,0.9510,100.00,yes
2026-10-05T00:58:08.065401Z,KXBTC15M-26OCT042100-00,0.9510,0.01,yes
2026-10-05T00:58:08.108053Z,KXBTC15M-26OCT042100-00,0.9520,0.01,yes
2026-10-05T00:58:08.108053Z,KXBTC15M-26OCT042100-00,0.9520,3.06,yes
2026-10-05T00:58:08.108053Z,KXBTC15M-26OCT042100-00,0.9520,0.01,yes
2026-10-05T00:58:08.109199Z,KXBTC15M-26OCT042100-00,0.9520,3.67,yes
2026-10-05T00:58:08.117367Z,KXBTC15M-26OCT042100-00,0.9510,0.01,no
2026-10-05T00:58:08.117367Z,KXBTC15M-26OCT042100-00,0.9510,0.01,no
2026-10-05T00:58:08.147293Z,KXBTC15M-26OCT042100-00,0.9510,30.75,no
2026-10-05T00:58:08.147293Z,KXBTC15M-26OCT042100-00,0.9510,0.01,no
2026-10-05T00:58:08.147293Z,KXBTC15M-26OCT042100-00,0.9510,0.01,no
2026-10-05T00:58:08.155303Z,KXBTC15M-26OCT042100-00,0.9520,0.70,yes
2026-10-05T00:58:08.175234Z,KXBTC15M-26OCT042100-00,0.9510,0.01,no
2026-10-05T00:58:08.192979Z,KXBTC15M-26OCT042100-00,0.9400,20.42,no
2026-10-05T00:58:08.192979Z,KXBTC15M-26OCT042100-00,0.9450,15.00,no
2026-10-05T00:58:08.192979Z,KXBTC15M-26OCT042100-00,0.9410,7.00,no
2026-10-05T00:58:08.192979Z,KXBTC15M-26OCT042100-00,0.9500,0.01,no
2026-10-05T00:58:08.192979Z,KXBTC15M-26OCT042100-00,0.9500,0.01,no
2026-10-05T00:58:08.192979Z,KXBTC15M-26OCT042100-00,0.9410,28.00,no
2026-10-05T00:58:08.192979Z,KXBTC15M-26OCT042100-00,0.9410,68.00,no
2026-10-05T00:58:08.215335Z,KXBTC15M-26OCT042100-00,0.9400,5.44,no
2026-10-05T00:58:08.237254Z,KXBTC15M-26OCT042100-00,0.9400,51.96,no
2026-10-05T00:58:08.237254Z,KXBTC15M-26OCT042100-00,0.9400,9.56,no
2026-10-05T00:58:08.280288Z,KXBTC15M-26OCT042100-00,0.9410,51.14,yes
2026-10-05T00:58:08.340471Z,KXBTC15M-26OCT042100-00,0.9400,9.13,yes
2026-10-05T00:58:08.351675Z,KXBTC15M-26OCT042100-00,0.9280,10.00,no
2026-10-05T00:58:08.351675Z,KXBTC15M-26OCT042100-00,0.9300,93.75,no
2026-10-05T00:58:08.351675Z,KXBTC15M-26OCT042100-00,0.9300,93.75,no
2026-10-05T00:58:08.351675Z,KXBTC15M-26OCT042100-00,0.9320,500.00,no
2026-10-05T00:58:08.351675Z,KXBTC15M-26OCT042100-00,0.9330,260.00,no
2026-10-05T00:58:08.351675Z,KXBTC15M-26OCT042100-00,0.9380,500.00,no
2026-10-05T00:58:08.351675Z,KXBTC15M-26OCT042100-00,0.9360,500.00,no
2026-10-05T00:58:08.351675Z,KXBTC15M-26OCT042100-00,0.9290,500.00,no
2026-10-05T00:58:08.351675Z,KXBTC15M-26OCT042100-00,0.9340,7.00,no
2026-10-05T00:58:08.351675Z,KXBTC15M-26OCT042100-00,0.9300,162.00,no
2026-10-05T00:58:08.351675Z,KXBTC15M-26OCT042100-00,0.9290,500.00,no
2026-10-05T00:58:08.351675Z,KXBTC15M-26OCT042100-00,0.9260,237.57,no
2026-10-05T00:58:08.351675Z,KXBTC15M-26OCT042100-00,0.9370,65.00,no
2026-10-05T00:58:08.381811Z,KXBTC15M-26OCT042100-00,0.9260,5.19,yes
2026-10-05T00:58:08.38378Z,KXBTC15M-26OCT042100-00,0.9250,20.43,no
2026-10-05T00:58:08.386599Z,KXBTC15M-26OCT042100-00,0.9260,79.35,yes
2026-10-05T00:58:08.386599Z,KXBTC15M-26OCT042100-00,0.9260,0.01,yes
2026-10-05T00:58:08.386599Z,KXBTC15M-26OCT042100-00,0.9260,69.81,yes
2026-10-05T00:58:08.386599Z,KXBTC15M-26OCT042100-00,0.9260,8.00,yes
2026-10-05T00:58:08.386599Z,KXBTC15M-26OCT042100-00,0.9260,0.01,yes
2026-10-05T00:58:08.392273Z,KXBTC15M-26OCT042100-00,0.9260,67.80,yes
2026-10-05T00:58:08.394406Z,KXBTC15M-26OCT042100-00,0.9260,5.00,yes
2026-10-05T00:58:08.395334Z,KXBTC15M-26OCT042100-00,0.9260,0.01,yes
2026-10-05T00:58:08.395334Z,KXBTC15M-26OCT042100-00,0.9260,0.01,yes
2026-10-05T00:58:08.395334Z,KXBTC15M-26OCT042100-00,0.9260,8.00,yes
2026-10-05T00:58:08.395334Z,KXBTC15M-26OCT042100-00,0.9260,47.85,yes
2026-10-05T00:58:08.395334Z,KXBTC15M-26OCT042100-00,0.9270,78.67,yes
2026-10-05T00:58:08.411167Z,KXBTC15M-26OCT042100-00,0.9270,70.57,yes
2026-10-05T00:58:08.411167Z,KXBTC15M-26OCT042100-00,0.9260,0.01,yes
2026-10-05T00:58:08.411167Z,KXBTC15M-26OCT042100-00,0.9260,0.01,yes
2026-10-05T00:58:08.411167Z,KXBTC15M-26OCT042100-00,0.9260,8.00,yes
2026-10-05T00:58:08.478521Z,KXBTC15M-26OCT042100-00,0.9250,53.89,no
2026-10-05T00:58:08.478521Z,KXBTC15M-26OCT042100-00,0.9250,0.01,no
2026-10-05T00:58:08.490832Z,KXBTC15M-26OCT042100-00,0.9260,0.01,yes
2026-10-05T00:58:08.490832Z,KXBTC15M-26OCT042100-00,0.9260,0.01,yes
2026-10-05T00:58:08.490832Z,KXBTC15M-26OCT042100-00,0.9260,79.37,yes
2026-10-05T00:58:08.504113Z,KXBTC15M-26OCT042100-00,0.9260,105.41,yes
2026-10-05T00:58:08.510962Z,KXBTC15M-26OCT042100-00,0.9260,0.01,yes
2026-10-05T00:58:08.510962Z,KXBTC15M-26OCT042100-00,0.9340,63.00,yes
2026-10-05T00:58:08.510962Z,KXBTC15M-26OCT042100-00,0.9310,500.00,yes
2026-10-05T00:58:08.510962Z,KXBTC15M-26OCT042100-00,0.9340,110.00,yes
2026-10-05T00:58:08.510962Z,KXBTC15M-26OCT042100-00,0.9330,8.00,yes
2026-10-05T00:58:08.510962Z,KXBTC15M-26OCT042100-00,0.9350,295.78,yes
2026-10-05T00:58:08.510962Z,KXBTC15M-26OCT042100-00,0.9260,315.22,yes
2026-10-05T00:58:08.510962Z,KXBTC15M-26OCT042100-00,0.9270,292.73,yes
2026-10-05T00:58:08.510962Z,KXBTC15M-26OCT042100-00,0.9270,0.01,yes
2026-10-05T00:58:08.510962Z,KXBTC15M-26OCT042100-00,0.9270,0.01,yes
2026-10-05T00:58:08.510962Z,KXBTC15M-26OCT042100-00,0.9270,0.05,yes
2026-10-05T00:58:08.510962Z,KXBTC15M-26OCT042100-00,0.9260,0.01,yes
2026-10-05T00:58:08.510962Z,KXBTC15M-26OCT042100-00,0.9290,500.00,yes
2026-10-05T00:58:08.510962Z,KXBTC15M-26OCT042100-00,0.9270,350.76,yes
2026-10-05T00:58:08.51446Z,KXBTC15M-26OCT042100-00,0.9350,1.04,yes
2026-10-05T00:58:08.530201Z,KXBTC15M-26OCT042100-00,0.9310,0.01,yes
2026-10-05T00:58:08.530201Z,KXBTC15M-26OCT042100-00,0.9330,0.09,yes
2026-10-05T00:58:08.559736Z,KXBTC15M-26OCT042100-00,0.9310,9.07,yes
2026-10-05T00:58:08.559736Z,KXBTC15M-26OCT042100-00,0.9310,0.01,yes
2026-10-05T00:58:08.580033Z,KXBTC15M-26OCT042100-00,0.9320,108.00,yes
2026-10-05T00:58:08.580033Z,KXBTC15M-26OCT042100-00,0.9320,101.36,yes
2026-10-05T00:58:08.580033Z,KXBTC15M-26OCT042100-00,0.9310,0.01,yes
2026-10-05T00:58:08.580033Z,KXBTC15M-26OCT042100-00,0.9310,0.01,yes
2026-10-05T00:58:08.647314Z,KXBTC15M-26OCT042100-00,0.9310,0.01,yes
2026-10-05T00:58:08.647314Z,KXBTC15M-26OCT042100-00,0.9310,0.01,yes
2026-10-05T00:58:08.647314Z,KXBTC15M-26OCT042100-00,0.9310,15.85,yes
2026-10-05T00:58:08.653338Z,KXBTC15M-26OCT042100-00,0.9310,0.01,yes
2026-10-05T00:58:08.653338Z,KXBTC15M-26OCT042100-00,0.9320,126.65,yes
2026-10-05T00:58:08.653338Z,KXBTC15M-26OCT042100-00,0.9310,84.15,yes
2026-10-05T00:58:08.653338Z,KXBTC15M-26OCT042100-00,0.9310,0.01,yes
2026-10-05T00:58:08.695075Z,KXBTC15M-26OCT042100-00,0.9310,3.18,no
2026-10-05T00:58:08.73049Z,KXBTC15M-26OCT042100-00,0.9320,0.01,yes
2026-10-05T00:58:08.73049Z,KXBTC15M-26OCT042100-00,0.9320,0.01,yes
2026-10-05T00:58:08.73049Z,KXBTC15M-26OCT042100-00,0.9320,38.77,yes
2026-10-05T00:58:08.734271Z,KXBTC15M-26OCT042100-00,0.9320,61.23,yes
2026-10-05T00:58:08.734271Z,KXBTC15M-26OCT042100-00,0.9320,292.77,yes
2026-10-05T00:58:08.737495Z,KXBTC15M-26OCT042100-00,0.9320,22.00,yes
2026-10-05T00:58:08.752105Z,KXBTC15M-26OCT042100-00,0.9320,20.18,yes
2026-10-05T00:58:08.752105Z,KXBTC15M-26OCT042100-00,0.9320,85.23,yes
2026-10-05T00:58:08.765703Z,KXBTC15M-26OCT042100-00,0.9310,0.01,no
2026-10-05T00:58:08.765703Z,KXBTC15M-26OCT042100-00,0.9310,0.01,no
2026-10-05T00:58:08.765703Z,KXBTC15M-26OCT042100-00,0.9310,6.24,no
2026-10-05T00:58:08.781584Z,KXBTC15M-26OCT042100-00,0.9320,479.82,yes
2026-10-05T00:58:08.781584Z,KXBTC15M-26OCT042100-00,0.9320,20.18,yes
2026-10-05T00:58:08.790296Z,KXBTC15M-26OCT042100-00,0.9320,4.73,yes
2026-10-05T00:58:08.837315Z,KXBTC15M-26OCT042100-00,0.9320,25.33,yes
2026-10-05T00:58:08.837315Z,KXBTC15M-26OCT042100-00,0.9320,0.01,yes
2026-10-05T00:58:08.837315Z,KXBTC15M-26OCT042100-00,0.9320,0.01,yes
2026-10-05T00:58:08.837315Z,KXBTC15M-26OCT042100-00,0.9320,25.09,yes
2026-10-05T00:58:08.838626Z,KXBTC15M-26OCT042100-00,0.9310,14.35,no
2026-10-05T00:58:08.839905Z,KXBTC15M-26OCT042100-00,0.9320,5.26,yes
2026-10-05T00:58:08.850734Z,KXBTC15M-26OCT042100-00,0.9320,3.34,yes
2026-10-05T00:58:08.852439Z,KXBTC15M-26OCT042100-00,0.9310,87.65,no
2026-10-05T00:58:08.853945Z,KXBTC15M-26OCT042100-00,0.9320,57.89,yes
2026-10-05T00:58:08.860381Z,KXBTC15M-26OCT042100-00,0.9320,8.18,yes
2026-10-05T00:58:08.860381Z,KXBTC15M-26OCT042100-00,0.9320,139.81,yes
2026-10-05T00:58:08.888727Z,KXBTC15M-26OCT042100-00,0.9320,213.36,yes
2026-10-05T00:58:08.916406Z,KXBTC15M-26OCT042100-00,0.9320,14.61,yes
2026-10-05T00:58:08.956861Z,KXBTC15M-26OCT042100-00,0.9310,67.06,no
2026-10-05T00:58:08.962426Z,KXBTC15M-26OCT042100-00,0.9320,7.31,yes
2026-10-05T00:58:08.969628Z,KXBTC15M-26OCT042100-00,0.9310,16.42,no
2026-10-05T00:58:08.97656Z,KXBTC15M-26OCT042100-00,0.9320,1.00,yes
2026-10-05T00:58:09.016402Z,KXBTC15M-26OCT042100-00,0.9320,11.73,yes
2026-10-05T00:58:09.047436Z,KXBTC15M-26OCT042100-00,0.9320,1.57,yes
2026-10-05T00:58:09.052527Z,KXBTC15M-26OCT042100-00,0.9320,0.01,yes
2026-10-05T00:58:09.052527Z,KXBTC15M-26OCT042100-00,0.9320,100.00,yes
2026-10-05T00:58:09.052527Z,KXBTC15M-26OCT042100-00,0.9320,150.00,yes
2026-10-05T00:58:09.052527Z,KXBTC15M-26OCT042100-00,0.9320,10.61,yes
2026-10-05T00:58:09.052527Z,KXBTC15M-26OCT042100-00,0.9320,0.01,yes
2026-10-05T00:58:09.052527Z,KXBTC15M-26OCT042100-00,0.9330,66.37,yes
2026-10-05T00:58:09.07308Z,KXBTC15M-26OCT042100-00,0.9320,0.01,yes
2026-10-05T00:58:09.07308Z,KXBTC15M-26OCT042100-00,0.9320,0.01,yes
2026-10-05T00:58:09.07308Z,KXBTC15M-26OCT042100-00,0.9330,2.31,yes
2026-10-05T00:58:09.091271Z,KXBTC15M-26OCT042100-00,0.9320,0.01,yes
2026-10-05T00:58:09.091271Z,KXBTC15M-26OCT042100-00,0.9320,0.01,yes
2026-10-05T00:58:09.091271Z,KXBTC15M-26OCT042100-00,0.9330,418.58,yes
2026-10-05T00:58:09.098627Z,KXBTC15M-26OCT042100-00,0.9330,13.45,yes
2026-10-05T00:58:09.098627Z,KXBTC15M-26OCT042100-00,0.9330,0.01,yes
2026-10-05T00:58:09.098627Z,KXBTC15M-26OCT042100-00,0.9330,0.01,yes
2026-10-05T00:58:09.098627Z,KXBTC15M-26OCT042100-00,0.9320,0.01,yes
2026-10-05T00:58:09.098627Z,KXBTC15M-26OCT042100-00,0.9330,12.74,yes
2026-10-05T00:58:09.101896Z,KXBTC15M-26OCT042100-00,0.9320,57.88,yes
2026-10-05T00:58:09.101896Z,KXBTC15M-26OCT042100-00,0.9320,0.01,yes
2026-10-05T00:58:09.113724Z,KXBTC15M-26OCT042100-00,0.9320,1.00,yes
2026-10-05T00:58:09.121014Z,KXBTC15M-26OCT042100-00,0.9320,66.14,yes
2026-10-05T00:58:09.140998Z,KXBTC15M-26OCT042100-00,0.9320,0.01,yes
2026-10-05T00:58:09.140998Z,KXBTC15M-26OCT042100-00,0.9320,0.01,yes
2026-10-05T00:58:09.140998Z,KXBTC15M-26OCT042100-00,0.9360,8.00,yes
2026-10-05T00:58:09.140998Z,KXBTC15M-26OCT042100-00,0.9320,82.86,yes
2026-10-05T00:58:09.140998Z,KXBTC15M-26OCT042100-00,0.9370,108.12,yes
2026-10-05T00:58:09.140998Z,KXBTC15M-26OCT042100-00,0.9350,1.00,yes
2026-10-05T00:58:09.185544Z,KXBTC15M-26OCT042100-00,0.9320,0.05,yes
2026-10-05T00:58:09.185544Z,KXBTC15M-26OCT042100-00,0.9320,0.01,yes
2026-10-05T00:58:09.185544Z,KXBTC15M-26OCT042100-00,0.9320,37.93,yes
2026-10-05T00:58:09.185544Z,KXBTC15M-26OCT042100-00,0.9320,0.01,yes
2026-10-05T00:58:09.201505Z,KXBTC15M-26OCT042100-00,0.9320,0.01,yes
2026-10-05T00:58:09.201505Z,KXBTC15M-26OCT042100-00,0.9320,0.01,yes
2026-10-05T00:58:09.201505Z,KXBTC15M-26OCT042100-00,0.9370,0.47,yes
2026-10-05T00:58:09.206422Z,KXBTC15M-26OCT042100-00,0.9310,121.94,no
2026-10-05T00:58:09.228467Z,KXBTC15M-26OCT042100-00,0.9310,31.77,no
2026-10-05T00:58:09.231481Z,KXBTC15M-26OCT042100-00,0.9320,0.01,yes
2026-10-05T00:58:09.231481Z,KXBTC15M-26OCT042100-00,0.9320,415.61,yes
2026-10-05T00:58:09.231481Z,KXBTC15M-26OCT042100-00,0.9320,0.01,yes
2026-10-05T00:58:09.232498Z,KXBTC15M-26OCT042100-00,0.9320,22.39,yes
2026-10-05T00:58:09.232498Z,KXBTC15M-26OCT042100-00,0.9320,84.39,yes
2026-10-05T00:58:09.239858Z,KXBTC15M-26OCT042100-00,0.9320,98.24,yes
2026-10-05T00:58:09.279757Z,KXBTC15M-26OCT042100-00,0.9320,0.05,yes
2026-10-05T00:58:09.279757Z,KXBTC15M-26OCT042100-00,0.9320,0.01,yes
2026-10-05T00:58:09.279757Z,KXBTC15M-26OCT042100-00,0.9320,7.44,yes
2026-10-05T00:58:09.287942Z,KXBTC15M-26OCT042100-00,0.9320,19.00,yes
2026-10-05T00:58:09.288677Z,KXBTC15M-26OCT042100-00,0.9320,9.33,yes
2026-10-05T00:58:09.295164Z,KXBTC15M-26OCT042100-00,0.9310,6.49,no
2026-10-05T00:58:09.306742Z,KXBTC15M-26OCT042100-00,0.9310,13.60,no
2026-10-05T00:58:09.336383Z,KXBTC15M-26OCT042100-00,0.9340,80.40,yes
2026-10-05T00:58:09.344834Z,KXBTC15M-26OCT042100-00,0.9340,1.67,yes
2026-10-05T00:58:09.365103Z,KXBTC15M-26OCT042100-00,0.9340,104.64,yes
2026-10-05T00:58:09.368407Z,KXBTC15M-26OCT042100-00,0.9330,1.23,no
2026-10-05T00:58:09.457902Z,KXBTC15M-26OCT042100-00,0.9340,5.24,yes
2026-10-05T00:58:09.478132Z,KXBTC15M-26OCT042100-00,0.9340,19.87,yes
2026-10-05T00:58:09.507573Z,KXBTC15M-26OCT042100-00,0.9340,19.78,yes
2026-10-05T00:58:09.511535Z,KXBTC15M-26OCT042100-00,0.9340,0.01,yes
2026-10-05T00:58:09.538457Z,KXBTC15M-26OCT042100-00,0.9340,15.68,yes
2026-10-05T00:58:09.544558Z,KXBTC15M-26OCT042100-00,0.9340,83.72,yes
2026-10-05T00:58:09.559257Z,KXBTC15M-26OCT042100-00,0.9340,15.00,yes
2026-10-05T00:58:09.580032Z,KXBTC15M-26OCT042100-00,0.9340,8.36,yes
2026-10-05T00:58:09.5827Z,KXBTC15M-26OCT042100-00,0.9340,110.36,yes
2026-10-05T00:58:09.5827Z,KXBTC15M-26OCT042100-00,0.9340,89.64,yes
2026-10-05T00:58:09.599198Z,KXBTC15M-26OCT042100-00,0.9340,39.64,yes
2026-10-05T00:58:09.599198Z,KXBTC15M-26OCT042100-00,0.9380,95.04,yes
2026-10-05T00:58:09.599198Z,KXBTC15M-26OCT042100-00,0.9370,8.00,yes
2026-10-05T00:58:09.600854Z,KXBTC15M-26OCT042100-00,0.9330,100.00,no
2026-10-05T00:58:09.600854Z,KXBTC15M-26OCT042100-00,0.9330,10.51,no
2026-10-05T00:58:09.600854Z,KXBTC15M-26OCT042100-00,0.9330,0.01,no
2026-10-05T00:58:09.600854Z,KXBTC15M-26OCT042100-00,0.9330,0.01,no
2026-10-05T00:58:09.600854Z,KXBTC15M-26OCT042100-00,0.9330,2.20,no
2026-10-05T00:58:09.600854Z,KXBTC15M-26OCT042100-00,0.9330,11.27,no
2026-10-05T00:58:09.608106Z,KXBTC15M-26OCT042100-00,0.9340,0.01,yes
2026-10-05T00:58:09.608106Z,KXBTC15M-26OCT042100-00,0.9350,52.31,yes
2026-10-05T00:58:09.645071Z,KXBTC15M-26OCT042100-00,0.9350,0.01,yes
2026-10-05T00:58:09.645071Z,KXBTC15M-26OCT042100-00,0.9350,159.69,yes
2026-10-05T00:58:09.645474Z,KXBTC15M-26OCT042100-00,0.9350,232.22,yes
2026-10-05T00:58:09.652726Z,KXBTC15M-26OCT042100-00,0.9340,0.01,no
2026-10-05T00:58:09.652726Z,KXBTC15M-26OCT042100-00,0.9340,44.00,no
2026-10-05T00:58:09.652726Z,KXBTC15M-26OCT042100-00,0.9340,0.01,no
2026-10-05T00:58:09.652726Z,KXBTC15M-26OCT042100-00,0.9340,12.50,no
2026-10-05T00:58:09.652726Z,KXBTC15M-26OCT042100-00,0.9340,58.30,no
2026-10-05T00:58:09.680101Z,KXBTC15M-26OCT042100-00,0.9340,2.72,no
2026-10-05T00:58:09.692764Z,KXBTC15M-26OCT042100-00,0.9350,95.00,yes
2026-10-05T00:58:09.693441Z,KXBTC15M-26OCT042100-00,0.9410,37.24,yes
2026-10-05T00:58:09.693441Z,KXBTC15M-26OCT042100-00,0.9350,13.09,yes
2026-10-05T00:58:09.693441Z,KXBTC15M-26OCT042100-00,0.9410,8.00,yes
2026-10-05T00:58:09.693441Z,KXBTC15M-26OCT042100-00,0.9350,0.01,yes
2026-10-05T00:58:09.693441Z,KXBTC15M-26OCT042100-00,0.9380,0.01,yes
2026-10-05T00:58:09.746808Z,KXBTC15M-26OCT042100-00,0.9350,24.82,no
2026-10-05T00:58:09.754543Z,KXBTC15M-26OCT042100-00,0.9400,4.21,yes
2026-10-05T00:58:09.754543Z,KXBTC15M-26OCT042100-00,0.9400,1.00,yes
2026-10-05T00:58:09.76426Z,KXBTC15M-26OCT042100-00,0.9390,29.55,yes
2026-10-05T00:58:09.778179Z,KXBTC15M-26OCT042100-00,0.9360,0.01,no
2026-10-05T00:58:09.778179Z,KXBTC15M-26OCT042100-00,0.9360,0.01,no
2026-10-05T00:58:09.778179Z,KXBTC15M-26OCT042100-00,0.9360,3.34,no
2026-10-05T00:58:09.778179Z,KXBTC15M-26OCT042100-00,0.9360,7.00,no
2026-10-05T00:58:09.778179Z,KXBTC15M-26OCT042100-00,0.9360,24.00,no
2026-10-05T00:58:09.79279Z,KXBTC15M-26OCT042100-00,0.9360,21.72,no
2026-10-05T00:58:09.822359Z,KXBTC15M-26OCT042100-00,0.9360,1.10,no
2026-10-05T00:58:09.854503Z,KXBTC15M-26OCT042100-00,0.9370,5.21,yes
2026-10-05T00:58:09.854589Z,KXBTC15M-26OCT042100-00,0.9370,28.16,yes
2026-10-05T00:58:09.864012Z,KXBTC15M-26OCT042100-00,0.9360,12.47,no
2026-10-05T00:58:09.866281Z,KXBTC15M-26OCT042100-00,0.9370,18.28,yes
2026-10-05T00:58:09.878032Z,KXBTC15M-26OCT042100-00,0.9370,37.91,yes
2026-10-05T00:58:09.893435Z,KXBTC15M-26OCT042100-00,0.9360,1.10,no
2026-10-05T00:58:09.974299Z,KXBTC15M-26OCT042100-00,0.9360,1.10,no
2026-10-05T00:58:09.984715Z,KXBTC15M-26OCT042100-00,0.9370,0.05,yes
2026-10-05T00:58:09.984715Z,KXBTC15M-26OCT042100-00,0.9370,3.34,yes
2026-10-05T00:58:09.984715Z,KXBTC15M-26OCT042100-00,0.9370,0.01,yes
2026-10-05T00:58:09.992102Z,KXBTC15M-26OCT042100-00,0.9360,42.03,no
2026-10-05T00:58:09.993475Z,KXBTC15M-26OCT042100-00,0.9360,118.92,no
2026-10-05T00:58:10.020789Z,KXBTC15M-26OCT042100-00,0.9370,104.43,yes
2026-10-05T00:58:10.049925Z,KXBTC15M-26OCT042100-00,0.9360,14.22,no
2026-10-05T00:58:10.05296Z,KXBTC15M-26OCT042100-00,0.9360,21.67,no
2026-10-05T00:58:10.059561Z,KXBTC15M-26OCT042100-00,0.9360,1.10,no
2026-10-05T00:58:10.08199Z,KXBTC15M-26OCT042100-00,0.9370,5.30,yes
2026-10-05T00:58:10.122818Z,KXBTC15M-26OCT042100-00,0.9360,1.10,no
2026-10-05T00:58:10.135142Z,KXBTC15M-26OCT042100-00,0.9360,2.93,no
2026-10-05T00:58:10.168182Z,KXBTC15M-26OCT042100-00,0.9370,81.57,yes
2026-10-05T00:58:10.205238Z,KXBTC15M-26OCT042100-00,0.9360,6.48,no
2026-10-05T00:58:10.226255Z,KXBTC15M-26OCT042100-00,0.9360,68.03,no
2026-10-05T00:58:10.227302Z,KXBTC15M-26OCT042100-00,0.9360,1.10,no
2026-10-05T00:58:10.25243Z,KXBTC15M-26OCT042100-00,0.9370,7.43,yes
2026-10-05T00:58:10.255651Z,KXBTC15M-26OCT042100-00,0.9370,13.79,yes
2026-10-05T00:58:10.255854Z,KXBTC15M-26OCT042100-00,0.9370,68.00,yes
2026-10-05T00:58:10.258512Z,KXBTC15M-26OCT042100-00,0.9430,107.28,yes
2026-10-05T00:58:10.258512Z,KXBTC15M-26OCT042100-00,0.9370,0.05,yes
2026-10-05T00:58:10.258512Z,KXBTC15M-26OCT042100-00,0.9370,0.01,yes
2026-10-05T00:58:10.258512Z,KXBTC15M-26OCT042100-00,0.9420,126.00,yes
2026-10-05T00:58:10.258512Z,KXBTC15M-26OCT042100-00,0.9410,8.00,yes
2026-10-05T00:58:10.258512Z,KXBTC15M-26OCT042100-00,0.9420,63.00,yes
2026-10-05T00:58:10.258512Z,KXBTC15M-26OCT042100-00,0.9370,216.14,yes
2026-10-05T00:58:10.260508Z,KXBTC15M-26OCT042100-00,0.9360,73.32,no
2026-10-05T00:58:10.277522Z,KXBTC15M-26OCT042100-00,0.9390,0.43,yes
2026-10-05T00:58:10.287483Z,KXBTC15M-26OCT042100-00,0.9370,1.10,no
2026-10-05T00:58:10.29444Z,KXBTC15M-26OCT042100-00,0.9370,0.01,no
2026-10-05T00:58:10.29444Z,KXBTC15M-26OCT042100-00,0.9370,35.86,no
2026-10-05T00:58:10.309906Z,KXBTC15M-26OCT042100-00,0.9390,500.00,yes
2026-10-05T00:58:10.309906Z,KXBTC15M-26OCT042100-00,0.9430,17.09,yes
2026-10-05T00:58:10.309906Z,KXBTC15M-26OCT042100-00,0.9420,8.00,yes
2026-10-05T00:58:10.309906Z,KXBTC15M-26OCT042100-00,0.9410,0.01,yes
2026-10-05T00:58:10.310256Z,KXBTC15M-26OCT042100-00,0.9430,43.30,yes
2026-10-05T00:58:10.32482Z,KXBTC15M-26OCT042100-00,0.9390,12.50,no
2026-10-05T00:58:10.32482Z,KXBTC15M-26OCT042100-00,0.9390,23.50,no
2026-10-05T00:58:10.325939Z,KXBTC15M-26OCT042100-00,0.9390,132.00,no
2026-10-05T00:58:10.33299Z,KXBTC15M-26OCT042100-00,0.9410,17.11,yes
2026-10-05T00:58:10.33794Z,KXBTC15M-26OCT042100-00,0.9400,1.00,yes
2026-10-05T00:58:10.340013Z,KXBTC15M-26OCT042100-00,0.9390,68.80,no
2026-10-05T00:58:10.340013Z,KXBTC15M-26OCT042100-00,0.9390,0.01,no
2026-10-05T00:58:10.340013Z,KXBTC15M-26OCT042100-00,0.9390,0.01,no
2026-10-05T00:58:10.340013Z,KXBTC15M-26OCT042100-00,0.9390,4.50,no
2026-10-05T00:58:10.343046Z,KXBTC15M-26OCT042100-00,0.9390,1.10,no
2026-10-05T00:58:10.381543Z,KXBTC15M-26OCT042100-00,0.9370,0.01,no
2026-10-05T00:58:10.381543Z,KXBTC15M-26OCT042100-00,0.9390,0.01,no
2026-10-05T00:58:10.381543Z,KXBTC15M-26OCT042100-00,0.9380,7.00,no
2026-10-05T00:58:10.381543Z,KXBTC15M-26OCT042100-00,0.9370,0.01,no
2026-10-05T00:58:10.381543Z,KXBTC15M-26OCT042100-00,0.9390,0.01,no
2026-10-05T00:58:10.381543Z,KXBTC15M-26OCT042100-00,0.9370,71.94,no
2026-10-05T00:58:10.381543Z,KXBTC15M-26OCT042100-00,0.9380,0.01,no
2026-10-05T00:58:10.381543Z,KXBTC15M-26OCT042100-00,0.9380,0.01,no
2026-10-05T00:58:10.399461Z,KXBTC15M-26OCT042100-00,0.9380,104.00,yes
2026-10-05T00:58:10.437013Z,KXBTC15M-26OCT042100-00,0.9380,1.00,yes
2026-10-05T00:58:10.459582Z,KXBTC15M-26OCT042100-00,0.9370,1.10,no
2026-10-05T00:58:10.465764Z,KXBTC15M-26OCT042100-00,0.9370,7.73,no
2026-10-05T00:58:10.503158Z,KXBTC15M-26OCT042100-00,0.9380,0.01,yes
2026-10-05T00:58:10.503158Z,KXBTC15M-26OCT042100-00,0.9390,0.01,yes
2026-10-05T00:58:10.503158Z,KXBTC15M-26OCT042100-00,0.9380,0.01,yes
2026-10-05T00:58:10.503158Z,KXBTC15M-26OCT042100-00,0.9390,0.01,yes
2026-10-05T00:58:10.503158Z,KXBTC15M-26OCT042100-00,0.9410,152.80,yes
2026-10-05T00:58:10.503158Z,KXBTC15M-26OCT042100-00,0.9380,45.00,yes
2026-10-05T00:58:10.503895Z,KXBTC15M-26OCT042100-00,0.9410,1.60,yes
2026-10-05T00:58:10.505943Z,KXBTC15M-26OCT042100-00,0.9370,161.80,no
2026-10-05T00:58:10.510768Z,KXBTC15M-26OCT042100-00,0.9370,128.10,no
2026-10-05T00:58:10.523021Z,KXBTC15M-26OCT042100-00,0.9370,10.83,no
2026-10-05T00:58:10.538903Z,KXBTC15M-26OCT042100-00,0.9380,0.01,yes
2026-10-05T00:58:10.538903Z,KXBTC15M-26OCT042100-00,0.9400,0.01,yes
2026-10-05T00:58:10.538903Z,KXBTC15M-26OCT042100-00,0.9380,0.01,yes
2026-10-05T00:58:10.553267Z,KXBTC15M-26OCT042100-00,0.9380,0.05,yes
2026-10-05T00:58:10.553267Z,KXBTC15M-26OCT042100-00,0.9410,4.46,yes
2026-10-05T00:58:10.581771Z,KXBTC15M-26OCT042100-00,0.9380,800.00,no
2026-10-05T00:58:10.581771Z,KXBTC15M-26OCT042100-00,0.9380,0.01,no
2026-10-05T00:58:10.581771Z,KXBTC15M-26OCT042100-00,0.9380,400.00,no
2026-10-05T00:58:10.581771Z,KXBTC15M-26OCT042100-00,0.9370,4.67,no
2026-10-05T00:58:10.581771Z,KXBTC15M-26OCT042100-00,0.9380,0.01,no
2026-10-05T00:58:10.602064Z,KXBTC15M-26OCT042100-00,0.9370,0.01,no
2026-10-05T00:58:10.602064Z,KXBTC15M-26OCT042100-00,0.9370,25.98,no
2026-10-05T00:58:10.602064Z,KXBTC15M-26OCT042100-00,0.9370,100.00,no
2026-10-05T00:58:10.602064Z,KXBTC15M-26OCT042100-00,0.9370,0.01,no
2026-10-05T00:58:10.603525Z,KXBTC15M-26OCT042100-00,0.9350,7.00,no
2026-10-05T00:58:10.603525Z,KXBTC15M-26OCT042100-00,0.9370,374.02,no
2026-10-05T00:58:10.603525Z,KXBTC15M-26OCT042100-00,0.9340,307.20,no
2026-10-05T00:58:10.613545Z,KXBTC15M-26OCT042100-00,0.9380,500.00,yes
2026-10-05T00:58:10.613545Z,KXBTC15M-26OCT042100-00,0.9380,135.73,yes
2026-10-05T00:58:10.620122Z,KXBTC15M-26OCT042100-00,0.9380,0.83,yes
2026-10-05T00:58:10.625084Z,KXBTC15M-26OCT042100-00,0.9380,0.01,yes
2026-10-05T00:58:10.625084Z,KXBTC15M-26OCT042100-00,0.9390,0.01,yes
2026-10-05T00:58:10.625084Z,KXBTC15M-26OCT042100-00,0.9380,0.01,yes
2026-10-05T00:58:10.625084Z,KXBTC15M-26OCT042100-00,0.9390,54.13,yes
2026-10-05T00:58:10.625084Z,KXBTC15M-26OCT042100-00,0.9380,8.00,yes
2026-10-05T00:58:10.625084Z,KXBTC15M-26OCT042100-00,0.9380,63.44,yes
2026-10-05T00:58:10.625084Z,KXBTC15M-26OCT042100-00,0.9390,500.00,yes
2026-10-05T00:58:10.636602Z,KXBTC15M-26OCT042100-00,0.9380,5.36,yes
2026-10-05T00:58:10.660058Z,KXBTC15M-26OCT042100-00,0.9370,0.01,no
2026-10-05T00:58:10.660058Z,KXBTC15M-26OCT042100-00,0.9370,1.08,no
2026-10-05T00:58:10.660058Z,KXBTC15M-26OCT042100-00,0.9370,0.01,no
2026-10-05T00:58:10.66532Z,KXBTC15M-26OCT042100-00,0.9370,98.92,no
2026-10-05T00:58:10.66532Z,KXBTC15M-26OCT042100-00,0.9370,659.52,no
2026-10-05T00:58:10.673172Z,KXBTC15M-26OCT042100-00,0.9390,788.49,yes
2026-10-05T00:58:10.673172Z,KXBTC15M-26OCT042100-00,0.9380,8.00,yes
2026-10-05T00:58:10.673172Z,KXBTC15M-26OCT042100-00,0.9380,200.00,yes
2026-10-05T00:58:10.673172Z,KXBTC15M-26OCT042100-00,0.9380,59.00,yes
2026-10-05T00:58:10.67507Z,KXBTC15M-26OCT042100-00,0.9370,0.44,no
2026-10-05T00:58:10.680906Z,KXBTC15M-26OCT042100-00,0.9370,114.09,no
2026-10-05T00:58:10.723305Z,KXBTC15M-26OCT042100-00,0.9370,25.95,no
2026-10-05T00:58:10.723305Z,KXBTC15M-26OCT042100-00,0.9370,3.84,no
2026-10-05T00:58:10.73438Z,KXBTC15M-26OCT042100-00,0.9390,0.01,yes
2026-10-05T00:58:10.73438Z,KXBTC15M-26OCT042100-00,0.9390,5.03,yes
2026-10-05T00:58:10.73438Z,KXBTC15M-26OCT042100-00,0.9380,0.01,yes
2026-10-05T00:58:10.73438Z,KXBTC15M-26OCT042100-00,0.9380,0.01,yes
2026-10-05T00:58:10.73438Z,KXBTC15M-26OCT042100-00,0.9390,0.01,yes
2026-10-05T00:58:10.749049Z,KXBTC15M-26OCT042100-00,0.9370,146.64,no
2026-10-05T00:58:10.757931Z,KXBTC15M-26OCT042100-00,0.9380,20.82,yes
2026-10-05T00:58:10.796618Z,KXBTC15M-26OCT042100-00,0.9380,98.92,yes
2026-10-05T00:58:10.796733Z,KXBTC15M-26OCT042100-00,0.9380,211.84,yes
2026-10-05T00:58:10.820201Z,KXBTC15M-26OCT042100-00,0.9370,3.79,no
2026-10-05T00:58:10.820201Z,KXBTC15M-26OCT042100-00,0.9370,0.01,no
2026-10-05T00:58:10.820201Z,KXBTC15M-26OCT042100-00,0.9370,0.01,no
2026-10-05T00:58:10.820815Z,KXBTC15M-26OCT042100-00,0.9380,163.39,yes
2026-10-05T00:58:10.820815Z,KXBTC15M-26OCT042100-00,0.9380,3.95,yes
2026-10-05T00:58:10.829405Z,KXBTC15M-26OCT042100-00,0.9370,30.86,no
2026-10-05T00:58:10.835099Z,KXBTC15M-26OCT042100-00,0.9370,44.68,no
2026-10-05T00:58:10.844498Z,KXBTC15M-26OCT042100-00,0.9380,21.25,yes
2026-10-05T00:58:10.853655Z,KXBTC15M-26OCT042100-00,0.9370,126.25,no
2026-10-05T00:58:10.863382Z,KXBTC15M-26OCT042100-00,0.9440,8.00,yes
2026-10-05T00:58:10.863382Z,KXBTC15M-26OCT042100-00,0.9380,0.01,yes
2026-10-05T00:58:10.863382Z,KXBTC15M-26OCT042100-00,0.9380,0.01,yes
2026-10-05T00:58:10.863382Z,KXBTC15M-26OCT042100-00,0.9440,43.52,yes
2026-10-05T00:58:10.863382Z,KXBTC15M-26OCT042100-00,0.9380,59.80,yes
2026-10-05T00:58:10.863382Z,KXBTC15M-26OCT042100-00,0.9390,0.05,yes
2026-10-05T00:58:10.921919Z,KXBTC15M-26OCT042100-00,0.9380,130.15,no
2026-10-05T00:58:10.941806Z,KXBTC15M-26OCT042100-00,0.9380,272.12,no
2026-10-05T00:58:10.945277Z,KXBTC15M-26OCT042100-00,0.9500,73.99,yes
2026-10-05T00:58:10.945277Z,KXBTC15M-26OCT042100-00,0.9480,500.00,yes
2026-10-05T00:58:10.945277Z,KXBTC15M-26OCT042100-00,0.9500,64.00,yes
2026-10-05T00:58:10.945277Z,KXBTC15M-26OCT042100-00,0.9460,500.00,yes
2026-10-05T00:58:10.945277Z,KXBTC15M-26OCT042100-00,0.9440,1.00,yes
2026-10-05T00:58:10.945277Z,KXBTC15M-26OCT042100-00,0.9450,500.00,yes
2026-10-05T00:58:10.945277Z,KXBTC15M-26OCT042100-00,0.9410,100.00,yes
2026-10-05T00:58:10.945277Z,KXBTC15M-26OCT042100-00,0.9420,200.00,yes
2026-10-05T00:58:10.945277Z,KXBTC15M-26OCT042100-00,0.9430,400.00,yes
2026-10-05T00:58:10.945277Z,KXBTC15M-26OCT042100-00,0.9430,500.00,yes
2026-10-05T00:58:10.945277Z,KXBTC15M-26OCT042100-00,0.9470,8.00,yes
2026-10-05T00:58:11.012678Z,KXBTC15M-26OCT042100-00,0.9480,10.37,yes
2026-10-05T00:58:11.015624Z,KXBTC15M-26OCT042100-00,0.9480,21.55,yes
2026-10-05T00:58:11.029297Z,KXBTC15M-26OCT042100-00,0.9450,1.27,no
2026-10-05T00:58:11.035814Z,KXBTC15M-26OCT042100-00,0.9450,9.66,no
2026-10-05T00:58:11.048447Z,KXBTC15M-26OCT042100-00,0.9480,1.06,yes
2026-10-05T00:58:11.053264Z,KXBTC15M-26OCT042100-00,0.9470,161.95,yes
2026-10-05T00:58:11.069156Z,KXBTC15M-26OCT042100-00,0.9460,85.40,yes
2026-10-05T00:58:11.069156Z,KXBTC15M-26OCT042100-00,0.9460,338.05,yes
2026-10-05T00:58:11.070958Z,KXBTC15M-26OCT042100-00,0.9450,100.00,no
2026-10-05T00:58:11.070958Z,KXBTC15M-26OCT042100-00,0.9400,5.00,no
2026-10-05T00:58:11.070958Z,KXBTC15M-26OCT042100-00,0.9450,0.01,no
2026-10-05T00:58:11.070958Z,KXBTC15M-26OCT042100-00,0.9380,397.73,no
2026-10-05T00:58:11.070958Z,KXBTC15M-26OCT042100-00,0.9410,500.00,no
2026-10-05T00:58:11.070958Z,KXBTC15M-26OCT042100-00,0.9450,0.01,no
2026-10-05T00:58:11.070958Z,KXBTC15M-26OCT042100-00,0.9370,500.00,no
2026-10-05T00:58:11.070958Z,KXBTC15M-26OCT042100-00,0.9450,1489.07,no
2026-10-05T00:58:11.070958Z,KXBTC15M-26OCT042100-00,0.9390,7.00,no
2026-10-05T00:58:11.070958Z,KXBTC15M-26OCT042100-00,0.9450,500.00,no
2026-10-05T00:58:11.08073Z,KXBTC15M-26OCT042100-00,0.9360,11.60,yes
2026-10-05T00:58:11.084158Z,KXBTC15M-26OCT042100-00,0.9360,5.00,yes
2026-10-05T00:58:11.085805Z,KXBTC15M-26OCT042100-00,0.9350,0.01,no
2026-10-05T00:58:11.085805Z,KXBTC15M-26OCT042100-00,0.9340,2.54,no
2026-10-05T00:58:11.104957Z,KXBTC15M-26OCT042100-00,0.9360,4.23,yes
2026-10-05T00:58:11.109643Z,KXBTC15M-26OCT042100-00,0.9360,2.12,yes
2026-10-05T00:58:11.150446Z,KXBTC15M-26OCT042100-00,0.9360,15.27,yes
2026-10-05T00:58:11.176767Z,KXBTC15M-26OCT042100-00,0.9360,0.01,yes
2026-10-05T00:58:11.176767Z,KXBTC15M-26OCT042100-00,0.9360,1461.78,yes
2026-10-05T00:58:11.176767Z,KXBTC15M-26OCT042100-00,0.9360,0.01,yes
2026-10-05T00:58:11.178094Z,KXBTC15M-26OCT042100-00,0.9380,152.40,yes
2026-10-05T00:58:11.189559Z,KXBTC15M-26OCT042100-00,0.9360,0.01,yes
2026-10-05T00:58:11.189559Z,KXBTC15M-26OCT042100-00,0.9380,31.90,yes
2026-10-05T00:58:11.189559Z,KXBTC15M-26OCT042100-00,0.9370,500.00,yes
2026-10-05T00:58:11.232098Z,KXBTC15M-26OCT042100-00,0.9400,94.55,yes
2026-10-05T00:58:11.26067Z,KXBTC15M-26OCT042100-00,0.9400,400.00,yes
2026-10-05T00:58:11.26067Z,KXBTC15M-26OCT042100-00,0.9420,71.24,yes
2026-10-05T00:58:11.26067Z,KXBTC15M-26OCT042100-00,0.9400,55.45,yes
2026-10-05T00:58:11.267425Z,KXBTC15M-26OCT042100-00,0.9420,103.84,yes
2026-10-05T00:58:11.278255Z,KXBTC15M-26OCT042100-00,0.9360,72.99,no
2026-10-05T00:58:11.303379Z,KXBTC15M-26OCT042100-00,0.9370,43.13,no
2026-10-05T00:58:11.303379Z,KXBTC15M-26OCT042100-00,0.9370,1.02,no
2026-10-05T00:58:11.303379Z,KXBTC15M-26OCT042100-00,0.9380,28.00,no
2026-10-05T00:58:11.30883Z,KXBTC15M-26OCT042100-00,0.9390,39.88,yes
2026-10-05T00:58:11.311057Z,KXBTC15M-26OCT042100-00,0.9390,65.11,yes
2026-10-05T00:58:11.318349Z,KXBTC15M-26OCT042100-00,0.9380,53.00,no
2026-10-05T00:58:11.318349Z,KXBTC15M-26OCT042100-00,0.9380,7.00,no
2026-10-05T00:58:11.326905Z,KXBTC15M-26OCT042100-00,0.9380,0.57,no
2026-10-05T00:58:11.343261Z,KXBTC15M-26OCT042100-00,0.9390,500.00,yes
2026-10-05T00:58:11.343261Z,KXBTC15M-26OCT042100-00,0.9390,211.65,yes
2026-10-05T00:58:11.343261Z,KXBTC15M-26OCT042100-00,0.9390,500.00,yes
2026-10-05T00:58:11.362473Z,KXBTC15M-26OCT042100-00,0.9390,5.28,yes
2026-10-05T00:58:11.377862Z,KXBTC15M-26OCT042100-00,0.9380,23.98,no
2026-10-05T00:58:11.377862Z,KXBTC15M-26OCT042100-00,0.9380,0.01,no
2026-10-05T00:58:11.377862Z,KXBTC15M-26OCT042100-00,0.9380,0.01,no
2026-10-05T00:58:11.405845Z,KXBTC15M-26OCT042100-00,0.9380,18.26,no
2026-10-05T00:58:11.409433Z,KXBTC15M-26OCT042100-00,0.9390,25.00,yes
2026-10-05T00:58:11.415035Z,KXBTC15M-26OCT042100-00,0.9390,16.95,yes
2026-10-05T00:58:11.48715Z,KXBTC15M-26OCT042100-00,0.9390,0.01,yes
2026-10-05T00:58:11.48715Z,KXBTC15M-26OCT042100-00,0.9390,0.01,yes
2026-10-05T00:58:11.48715Z,KXBTC15M-26OCT042100-00,0.9390,178.53,yes
2026-10-05T00:58:11.508507Z,KXBTC15M-26OCT042100-00,0.9360,12.68,no
2026-10-05T00:58:11.508507Z,KXBTC15M-26OCT042100-00,0.9370,24.00,no
2026-10-05T00:58:11.508507Z,KXBTC15M-26OCT042100-00,0.9380,0.01,no
2026-10-05T00:58:11.508507Z,KXBTC15M-26OCT042100-00,0.9380,1.03,no
2026-10-05T00:58:11.508507Z,KXBTC15M-26OCT042100-00,0.9370,16.00,no
2026-10-05T00:58:11.508507Z,KXBTC15M-26OCT042100-00,0.9370,16.00,no
2026-10-05T00:58:11.508507Z,KXBTC15M-26OCT042100-00,0.9380,0.01,no
2026-10-05T00:58:11.542259Z,KXBTC15M-26OCT042100-00,0.9380,0.01,yes
2026-10-05T00:58:11.542259Z,KXBTC15M-26OCT042100-00,0.9380,0.07,yes
2026-10-05T00:58:11.542259Z,KXBTC15M-26OCT042100-00,0.9380,0.01,yes
2026-10-05T00:58:11.551438Z,KXBTC15M-26OCT042100-00,0.9380,12.00,yes
2026-10-05T00:58:11.561204Z,KXBTC15M-26OCT042100-00,0.9360,1174.37,no
2026-10-05T00:58:11.561204Z,KXBTC15M-26OCT042100-00,0.9370,0.01,no
2026-10-05T00:58:11.561204Z,KXBTC15M-26OCT042100-00,0.9370,0.01,no
2026-10-05T00:58:11.574229Z,KXBTC15M-26OCT042100-00,0.9340,1.47,no
2026-10-05T00:58:11.607282Z,KXBTC15M-26OCT042100-00,0.9350,81.00,yes
2026-10-05T00:58:11.655996Z,KXBTC15M-26OCT042100-00,0.9350,3.00,yes
2026-10-05T00:58:11.660044Z,KXBTC15M-26OCT042100-00,0.9340,0.01,no
2026-10-05T00:58:11.660044Z,KXBTC15M-26OCT042100-00,0.9340,52.93,no
2026-10-05T00:58:11.660044Z,KXBTC15M-26OCT042100-00,0.9340,0.01,no
2026-10-05T00:58:11.660044Z,KXBTC15M-26OCT042100-00,0.9340,68.99,no
2026-10-05T00:58:11.683703Z,KXBTC15M-26OCT042100-00,0.9340,233.58,no
2026-10-05T00:58:11.767223Z,KXBTC15M-26OCT042100-00,0.9340,0.01,no
2026-10-05T00:58:11.767223Z,KXBTC15M-26OCT042100-00,0.9340,0.01,no
2026-10-05T00:58:11.767223Z,KXBTC15M-26OCT042100-00,0.9330,14.12,no
2026-10-05T00:58:11.778032Z,KXBTC15M-26OCT042100-00,0.9330,34.44,no
2026-10-05T00:58:11.778032Z,KXBTC15M-26OCT042100-00,0.9330,2.77,no
2026-10-05T00:58:11.840736Z,KXBTC15M-26OCT042100-00,0.9350,8.00,yes
2026-10-05T00:58:11.855924Z,KXBTC15M-26OCT042100-00,0.9350,1.06,yes
2026-10-05T00:58:11.863622Z,KXBTC15M-26OCT042100-00,0.9350,0.01,yes
2026-10-05T00:58:11.863622Z,KXBTC15M-26OCT042100-00,0.9370,150.55,yes
2026-10-05T00:58:11.863622Z,KXBTC15M-26OCT042100-00,0.9350,0.05,yes
2026-10-05T00:58:11.863622Z,KXBTC15M-26OCT042100-00,0.9350,500.00,yes
2026-10-05T00:58:11.863622Z,KXBTC15M-26OCT042100-00,0.9350,0.01,yes
2026-10-05T00:58:11.863622Z,KXBTC15M-26OCT042100-00,0.9360,150.00,yes
2026-10-05T00:58:11.863622Z,KXBTC15M-26OCT042100-00,0.9360,8.00,yes
2026-10-05T00:58:11.863622Z,KXBTC15M-26OCT042100-00,0.9350,406.94,yes
2026-10-05T00:58:11.865656Z,KXBTC15M-26OCT042100-00,0.9330,15.62,no
2026-10-05T00:58:11.883407Z,KXBTC15M-26OCT042100-00,0.9340,10.61,yes
2026-10-05T00:58:11.887878Z,KXBTC15M-26OCT042100-00,0.9330,10.00,no
2026-10-05T00:58:11.915997Z,KXBTC15M-26OCT042100-00,0.9330,0.01,no
2026-10-05T00:58:11.915997Z,KXBTC15M-26OCT042100-00,0.9330,48.53,no
2026-10-05T00:58:11.915997Z,KXBTC15M-26OCT042100-00,0.9330,0.01,no
2026-10-05T00:58:11.915997Z,KXBTC15M-26OCT042100-00,0.9330,62.00,no
2026-10-05T00:58:11.939152Z,KXBTC15M-26OCT042100-00,0.9330,7.00,no
2026-10-05T00:58:11.939152Z,KXBTC15M-26OCT042100-00,0.9330,34.65,no
2026-10-05T00:58:11.939152Z,KXBTC15M-26OCT042100-00,0.9330,0.01,no
2026-10-05T00:58:11.939152Z,KXBTC15M-26OCT042100-00,0.9330,0.01,no
2026-10-05T00:58:11.947252Z,KXBTC15M-26OCT042100-00,0.9340,2.12,yes
2026-10-05T00:58:12.004103Z,KXBTC15M-26OCT042100-00,0.9340,1.02,yes
2026-10-05T00:58:12.010291Z,KXBTC15M-26OCT042100-00,0.9360,57.00,yes
2026-10-05T00:58:12.010291Z,KXBTC15M-26OCT042100-00,0.9340,0.01,yes
2026-10-05T00:58:12.010291Z,KXBTC15M-26OCT042100-00,0.9360,8.00,yes
2026-10-05T00:58:12.010291Z,KXBTC15M-26OCT042100-00,0.9340,64.25,yes
2026-10-05T00:58:12.010291Z,KXBTC15M-26OCT042100-00,0.9360,57.00,yes
2026-10-05T00:58:12.010291Z,KXBTC15M-26OCT042100-00,0.9350,56.00,yes
2026-10-05T00:58:12.010291Z,KXBTC15M-26OCT042100-00,0.9340,0.01,yes
2026-10-05T00:58:12.010291Z,KXBTC15M-26OCT042100-00,0.9360,28.68,yes
2026-10-05T00:58:12.096526Z,KXBTC15M-26OCT042100-00,0.9330,0.01,no
2026-10-05T00:58:12.096526Z,KXBTC15M-26OCT042100-00,0.9330,7.00,no
2026-10-05T00:58:12.096526Z,KXBTC15M-26OCT042100-00,0.9330,62.91,no
2026-10-05T00:58:12.096526Z,KXBTC15M-26OCT042100-00,0.9330,0.01,no
2026-10-05T00:58:12.121668Z,KXBTC15M-26OCT042100-00,0.9340,100.00,yes
2026-10-05T00:58:12.134755Z,KXBTC15M-26OCT042100-00,0.9340,31.00,yes
2026-10-05T00:58:12.138713Z,KXBTC15M-26OCT042100-00,0.9330,10.00,no
2026-10-05T00:58:12.13999Z,KXBTC15M-26OCT042100-00,0.9340,0.38,yes
2026-10-05T00:58:12.148723Z,KXBTC15M-26OCT042100-00,0.9340,4.24,yes
2026-10-05T00:58:12.148928Z,KXBTC15M-26OCT042100-00,0.9340,26.51,yes
2026-10-05T00:58:12.158678Z,KXBTC15M-26OCT042100-00,0.9340,0.05,yes
2026-10-05T00:58:12.158678Z,KXBTC15M-26OCT042100-00,0.9340,0.01,yes
2026-10-05T00:58:12.158678Z,KXBTC15M-26OCT042100-00,0.9340,0.01,yes
2026-10-05T00:58:12.158678Z,KXBTC15M-26OCT042100-00,0.9340,337.87,yes
2026-10-05T00:58:12.158678Z,KXBTC15M-26OCT042100-00,0.9350,74.08,yes
2026-10-05T00:58:12.179851Z,KXBTC15M-26OCT042100-00,0.9350,0.01,yes
2026-10-05T00:58:12.179851Z,KXBTC15M-26OCT042100-00,0.9350,0.01,yes
2026-10-05T00:58:12.179851Z,KXBTC15M-26OCT042100-00,0.9370,4.73,yes
2026-10-05T00:58:12.180611Z,KXBTC15M-26OCT042100-00,0.9370,5.21,yes
2026-10-05T00:58:12.191442Z,KXBTC15M-26OCT042100-00,0.9370,3.52,yes
2026-10-05T00:58:12.214434Z,KXBTC15M-26OCT042100-00,0.9360,0.01,yes
2026-10-05T00:58:12.214434Z,KXBTC15M-26OCT042100-00,0.9360,0.01,yes
2026-10-05T00:58:12.214434Z,KXBTC15M-26OCT042100-00,0.9360,8.00,yes
2026-10-05T00:58:12.214434Z,KXBTC15M-26OCT042100-00,0.9370,513.66,yes
2026-10-05T00:58:12.244145Z,KXBTC15M-26OCT042100-00,0.9360,23.52,no
2026-10-05T00:58:12.263444Z,KXBTC15M-26OCT042100-00,0.9360,20.00,no
2026-10-05T00:58:12.266381Z,KXBTC15M-26OCT042100-00,0.9370,0.01,yes
2026-10-05T00:58:12.266381Z,KXBTC15M-26OCT042100-00,0.9370,0.01,yes
2026-10-05T00:58:12.266381Z,KXBTC15M-26OCT042100-00,0.9370,34.35,yes
2026-10-05T00:58:12.273856Z,KXBTC15M-26OCT042100-00,0.9370,15.00,yes
2026-10-05T00:58:12.311296Z,KXBTC15M-26OCT042100-00,0.9370,173.23,yes
2026-10-05T00:58:12.31399Z,KXBTC15M-26OCT042100-00,0.9370,10.43,yes
2026-10-05T00:58:12.319632Z,KXBTC15M-26OCT042100-00,0.9360,1.31,no
2026-10-05T00:58:12.340945Z,KXBTC15M-26OCT042100-00,0.9370,21.85,yes
2026-10-05T00:58:12.390977Z,KXBTC15M-26OCT042100-00,0.9360,5.00,no
2026-10-05T00:58:12.400435Z,KXBTC15M-26OCT042100-00,0.9380,100.00,yes
2026-10-05T00:58:12.400435Z,KXBTC15M-26OCT042100-00,0.9380,400.00,yes
2026-10-05T00:58:12.400435Z,KXBTC15M-26OCT042100-00,0.9380,150.00,yes
2026-10-05T00:58:12.400435Z,KXBTC15M-26OCT042100-00,0.9380,40.00,yes
2026-10-05T00:58:12.400435Z,KXBTC15M-26OCT042100-00,0.9390,40.67,yes
2026-10-05T00:58:12.42624Z,KXBTC15M-26OCT042100-00,0.9380,85.64,yes
2026-10-05T00:58:12.426535Z,KXBTC15M-26OCT042100-00,0.9390,51.63,yes
2026-10-05T00:58:12.426535Z,KXBTC15M-26OCT042100-00,0.9380,64.36,yes
2026-10-05T00:58:12.426535Z,KXBTC15M-26OCT042100-00,0.9390,9.33,yes
2026-10-05T00:58:12.435769Z,KXBTC15M-26OCT042100-00,0.9380,22.97,yes
2026-10-05T00:58:12.466406Z,KXBTC15M-26OCT042100-00,0.9410,1.00,yes
2026-10-05T00:58:12.493818Z,KXBTC15M-26OCT042100-00,0.9380,0.90,yes
2026-10-05T00:58:12.493866Z,KXBTC15M-26OCT042100-00,0.9380,6.00,yes
2026-10-05T00:58:12.526812Z,KXBTC15M-26OCT042100-00,0.9380,5.99,yes
2026-10-05T00:58:12.538182Z,KXBTC15M-26OCT042100-00,0.9380,16.00,yes
2026-10-05T00:58:12.557997Z,KXBTC15M-26OCT042100-00,0.9370,12.15,no
2026-10-05T00:58:12.557997Z,KXBTC15M-26OCT042100-00,0.9370,0.01,no
2026-10-05T00:58:12.557997Z,KXBTC15M-26OCT042100-00,0.9370,0.01,no
2026-10-05T00:58:12.593087Z,KXBTC15M-26OCT042100-00,0.9380,26.00,yes
2026-10-05T00:58:12.616336Z,KXBTC15M-26OCT042100-00,0.9380,0.30,yes
2026-10-05T00:58:12.628908Z,KXBTC15M-26OCT042100-00,0.9370,48.30,no
2026-10-05T00:58:12.675927Z,KXBTC15M-26OCT042100-00,0.9370,13.49,no
2026-10-05T00:58:12.683749Z,KXBTC15M-26OCT042100-00,0.9380,400.00,yes
2026-10-05T00:58:12.688896Z,KXBTC15M-26OCT042100-00,0.9380,0.01,yes
2026-10-05T00:58:12.688896Z,KXBTC15M-26OCT042100-00,0.9380,0.01,yes
2026-10-05T00:58:12.688896Z,KXBTC15M-26OCT042100-00,0.9380,44.81,yes
2026-10-05T00:58:12.688896Z,KXBTC15M-26OCT042100-00,0.9380,27.17,yes
2026-10-05T00:58:12.694235Z,KXBTC15M-26OCT042100-00,0.9370,36.00,no
2026-10-05T00:58:12.694235Z,KXBTC15M-26OCT042100-00,0.9370,20.00,no
2026-10-05T00:58:12.694235Z,KXBTC15M-26OCT042100-00,0.9370,0.01,no
2026-10-05T00:58:12.694235Z,KXBTC15M-26OCT042100-00,0.9360,46.17,no
2026-10-05T00:58:12.694235Z,KXBTC15M-26OCT042100-00,0.9370,12.01,no
2026-10-05T00:58:12.694235Z,KXBTC15M-26OCT042100-00,0.9360,25.90,no
2026-10-05T00:58:12.694235Z,KXBTC15M-26OCT042100-00,0.9370,0.01,no
2026-10-05T00:58:12.741617Z,KXBTC15M-26OCT042100-00,0.9360,693.24,no
2026-10-05T00:58:12.772677Z,KXBTC15M-26OCT042100-00,0.9360,0.01,no
2026-10-05T00:58:12.772677Z,KXBTC15M-26OCT042100-00,0.9360,22.73,no
2026-10-05T00:58:12.772677Z,KXBTC15M-26OCT042100-00,0.9360,0.01,no
2026-10-05T00:58:12.796782Z,KXBTC15M-26OCT042100-00,0.9370,58.00,yes
2026-10-05T00:58:12.796782Z,KXBTC15M-26OCT042100-00,0.9370,400.00,yes
2026-10-05T00:58:12.796782Z,KXBTC15M-26OCT042100-00,0.9370,67.00,yes
2026-10-05T00:58:12.855389Z,KXBTC15M-26OCT042100-00,0.9370,52.55,yes
2026-10-05T00:58:12.867728Z,KXBTC15M-26OCT042100-00,0.9370,1.76,yes
2026-10-05T00:58:12.916841Z,KXBTC15M-26OCT042100-00,0.9370,10.61,yes
2026-10-05T00:58:12.922151Z,KXBTC15M-26OCT042100-00,0.9360,33.61,no
2026-10-05T00:58:12.959091Z,KXBTC15M-26OCT042100-00,0.9360,125.00,no
2026-10-05T00:58:12.970551Z,KXBTC15M-26OCT042100-00,0.9360,172.90,no
2026-10-05T00:58:12.996106Z,KXBTC15M-26OCT042100-00,0.9350,42.21,no
2026-10-05T00:58:12.996106Z,KXBTC15M-26OCT042100-00,0.9360,0.01,no
2026-10-05T00:58:12.996106Z,KXBTC15M-26OCT042100-00,0.9360,0.01,no
2026-10-05T00:58:12.99876Z,KXBTC15M-26OCT042100-00,0.9370,10.61,yes
2026-10-05T00:58:13.010312Z,KXBTC15M-26OCT042100-00,0.9360,0.01,no
2026-10-05T00:58:13.010312Z,KXBTC15M-26OCT042100-00,0.9360,0.01,no
2026-10-05T00:58:13.010312Z,KXBTC15M-26OCT042100-00,0.9350,60.76,no
2026-10-05T00:58:13.010312Z,KXBTC15M-26OCT042100-00,0.9350,10.32,no
2026-10-05T00:58:13.020206Z,KXBTC15M-26OCT042100-00,0.9370,0.95,yes
2026-10-05T00:58:13.078972Z,KXBTC15M-26OCT042100-00,0.9370,4.02,yes
2026-10-05T00:58:13.108103Z,KXBTC15M-26OCT042100-00,0.9360,6.81,no
2026-10-05T00:58:13.108103Z,KXBTC15M-26OCT042100-00,0.9360,0.01,no
2026-10-05T00:58:13.108103Z,KXBTC15M-26OCT042100-00,0.9360,0.01,no
2026-10-05T00:58:13.108103Z,KXBTC15M-26OCT042100-00,0.9360,37.22,no
2026-10-05T00:58:13.111188Z,KXBTC15M-26OCT042100-00,0.9360,3.57,no
2026-10-05T00:58:13.117431Z,KXBTC15M-26OCT042100-00,0.9370,15.26,yes
2026-10-05T00:58:13.14584Z,KXBTC15M-26OCT042100-00,0.9370,109.34,yes
2026-10-05T00:58:13.171649Z,KXBTC15M-26OCT042100-00,0.9360,0.01,no
2026-10-05T00:58:13.171649Z,KXBTC15M-26OCT042100-00,0.9360,0.01,no
2026-10-05T00:58:13.171649Z,KXBTC15M-26OCT042100-00,0.9340,10.91,no
2026-10-05T00:58:13.231121Z,KXBTC15M-26OCT042100-00,0.9370,8.00,yes
2026-10-05T00:58:13.233273Z,KXBTC15M-26OCT042100-00,0.9360,0.01,no
2026-10-05T00:58:13.233273Z,KXBTC15M-26OCT042100-00,0.9360,0.01,no
2026-10-05T00:58:13.233273Z,KXBTC15M-26OCT042100-00,0.9360,3.56,no
2026-10-05T00:58:13.267644Z,KXBTC15M-26OCT042100-00,0.9370,6.37,yes
2026-10-05T00:58:13.283642Z,KXBTC15M-26OCT042100-00,0.9370,15.90,yes
2026-10-05T00:58:13.30015Z,KXBTC15M-26OCT042100-00,0.9370,850.04,yes
2026-10-05T00:58:13.300993Z,KXBTC15M-26OCT042100-00,0.9360,1.10,no
2026-10-05T00:58:13.311124Z,KXBTC15M-26OCT042100-00,0.9370,1.00,yes
2026-10-05T00:58:13.320774Z,KXBTC15M-26OCT042100-00,0.9370,5.31,yes
2026-10-05T00:58:13.341297Z,KXBTC15M-26OCT042100-00,0.9370,5.30,yes
2026-10-05T00:58:13.347477Z,KXBTC15M-26OCT042100-00,0.9360,0.01,no
2026-10-05T00:58:13.347477Z,KXBTC15M-26OCT042100-00,0.9360,0.01,no
2026-10-05T00:58:13.347477Z,KXBTC15M-26OCT042100-00,0.9360,14.64,no
2026-10-05T00:58:13.354835Z,KXBTC15M-26OCT042100-00,0.9360,1.10,no
2026-10-05T00:58:13.355624Z,KXBTC15M-26OCT042100-00,0.9370,0.01,yes
2026-10-05T00:58:13.355624Z,KXBTC15M-26OCT042100-00,0.9370,342.81,yes
2026-10-05T00:58:13.355624Z,KXBTC15M-26OCT042100-00,0.9370,0.05,yes
2026-10-05T00:58:13.355624Z,KXBTC15M-26OCT042100-00,0.9370,188.39,yes
2026-10-05T00:58:13.355624Z,KXBTC15M-26OCT042100-00,0.9370,0.01,yes
2026-10-05T00:58:13.356233Z,KXBTC15M-26OCT042100-00,0.9370,157.19,yes
2026-10-05T00:58:13.356233Z,KXBTC15M-26OCT042100-00,0.9370,196.63,yes
2026-10-05T00:58:13.361038Z,KXBTC15M-26OCT042100-00,0.9370,16.31,yes
2026-10-05T00:58:13.402743Z,KXBTC15M-26OCT042100-00,0.9370,2.95,yes
2026-10-05T00:58:13.404003Z,KXBTC15M-26OCT042100-00,0.9370,38.00,yes
2026-10-05T00:58:13.404202Z,KXBTC15M-26OCT042100-00,0.9370,33.05,yes
2026-10-05T00:58:13.404202Z,KXBTC15M-26OCT042100-00,0.9400,97.76,yes
2026-10-05T00:58:13.404202Z,KXBTC15M-26OCT042100-00,0.9370,400.00,yes
2026-10-05T00:58:13.404202Z,KXBTC15M-26OCT042100-00,0.9370,0.01,yes
2026-10-05T00:58:13.404202Z,KXBTC15M-26OCT042100-00,0.9370,0.01,yes
2026-10-05T00:58:13.423408Z,KXBTC15M-26OCT042100-00,0.9360,56.89,no
2026-10-05T00:58:13.436099Z,KXBTC15M-26OCT042100-00,0.9360,24.36,no
2026-10-05T00:58:13.44867Z,KXBTC15M-26OCT042100-00,0.9360,1.27,no
2026-10-05T00:58:13.456986Z,KXBTC15M-26OCT042100-00,0.9370,0.05,yes
2026-10-05T00:58:13.456986Z,KXBTC15M-26OCT042100-00,0.9370,0.01,yes
2026-10-05T00:58:13.456986Z,KXBTC15M-26OCT042100-00,0.9370,0.01,yes
2026-10-05T00:58:13.456986Z,KXBTC15M-26OCT042100-00,0.9370,5.24,yes
2026-10-05T00:58:13.483532Z,KXBTC15M-26OCT042100-00,0.9360,142.22,no
2026-10-05T00:58:13.493832Z,KXBTC15M-26OCT042100-00,0.9360,1.10,no
2026-10-05T00:58:13.494328Z,KXBTC15M-26OCT042100-00,0.9370,0.01,yes
2026-10-05T00:58:13.494328Z,KXBTC15M-26OCT042100-00,0.9370,0.01,yes
2026-10-05T00:58:13.494328Z,KXBTC15M-26OCT042100-00,0.9370,1.04,yes
2026-10-05T00:58:13.518196Z,KXBTC15M-26OCT042100-00,0.9360,0.40,no
2026-10-05T00:58:13.529032Z,KXBTC15M-26OCT042100-00,0.9370,1.09,yes
2026-10-05T00:58:13.540328Z,KXBTC15M-26OCT042100-00,0.9360,121.94,no
2026-10-05T00:58:13.551478Z,KXBTC15M-26OCT042100-00,0.9370,1.06,yes
2026-10-05T00:58:13.55555Z,KXBTC15M-26OCT042100-00,0.9360,1.10,no
2026-10-05T00:58:13.57006Z,KXBTC15M-26OCT042100-00,0.9360,63.90,no
2026-10-05T00:58:13.573108Z,KXBTC15M-26OCT042100-00,0.9370,46.81,yes
2026-10-05T00:58:13.573108Z,KXBTC15M-26OCT042100-00,0.9370,28.19,yes
2026-10-05T00:58:13.590607Z,KXBTC15M-26OCT042100-00,0.9370,0.40,yes
2026-10-05T00:58:13.597623Z,KXBTC15M-26OCT042100-00,0.9370,0.50,yes
2026-10-05T00:58:13.615825Z,KXBTC15M-26OCT042100-00,0.9360,14.66,no
2026-10-05T00:58:13.625463Z,KXBTC15M-26OCT042100-00,0.9360,1.10,no
2026-10-05T00:58:13.631125Z,KXBTC15M-26OCT042100-00,0.9360,29.32,no
2026-10-05T00:58:13.639193Z,KXBTC15M-26OCT042100-00,0.9360,1.42,no
2026-10-05T00:58:13.640065Z,KXBTC15M-26OCT042100-00,0.9360,14.66,no
2026-10-05T00:58:13.654631Z,KXBTC15M-26OCT042100-00,0.9370,21.25,yes
2026-10-05T00:58:13.666148Z,KXBTC15M-26OCT042100-00,0.9360,1.46,no
2026-10-05T00:58:13.670477Z,KXBTC15M-26OCT042100-00,0.9360,6.86,no
2026-10-05T00:58:13.673501Z,KXBTC15M-26OCT042100-00,0.9360,0.01,no
2026-10-05T00:58:13.673501Z,KXBTC15M-26OCT042100-00,0.9360,0.01,no
2026-10-05T00:58:13.673501Z,KXBTC15M-26OCT042100-00,0.9360,17.34,no
2026-10-05T00:58:13.673501Z,KXBTC15M-26OCT042100-00,0.9360,55.96,no
2026-10-05T00:58:13.679683Z,KXBTC15M-26OCT042100-00,0.9370,20.18,yes
2026-10-05T00:58:13.691783Z,KXBTC15M-26OCT042100-00,0.9360,1.10,no
2026-10-05T00:58:13.725338Z,KXBTC15M-26OCT042100-00,0.9360,42.94,no
2026-10-05T00:58:13.725338Z,KXBTC15M-26OCT042100-00,0.9360,545.70,no
2026-10-05T00:58:13.740171Z,KXBTC15M-26OCT042100-00,0.9360,0.01,no
2026-10-05T00:58:13.740171Z,KXBTC15M-26OCT042100-00,0.9360,0.01,no
2026-10-05T00:58:13.740171Z,KXBTC15M-26OCT042100-00,0.9340,13.10,no
2026-10-05T00:58:13.740171Z,KXBTC15M-26OCT042100-00,0.9340,67.00,no
2026-10-05T00:58:13.740434Z,KXBTC15M-26OCT042100-00,0.9370,1.90,yes
2026-10-05T00:58:13.745587Z,KXBTC15M-26OCT042100-00,0.9370,4.59,yes
2026-10-05T00:58:13.766846Z,KXBTC15M-26OCT042100-00,0.9360,0.01,no
2026-10-05T00:58:13.766846Z,KXBTC15M-26OCT042100-00,0.9360,0.01,no
2026-10-05T00:58:13.766846Z,KXBTC15M-26OCT042100-00,0.9340,34.05,no
2026-10-05T00:58:13.770089Z,KXBTC15M-26OCT042100-00,0.9370,81.81,yes
2026-10-05T00:58:13.787095Z,KXBTC15M-26OCT042100-00,0.9450,67.00,yes
2026-10-05T00:58:13.787095Z,KXBTC15M-26OCT042100-00,0.9450,134.00,yes
2026-10-05T00:58:13.787095Z,KXBTC15M-26OCT042100-00,0.9370,0.05,yes
2026-10-05T00:58:13.787095Z,KXBTC15M-26OCT042100-00,0.9450,8.00,yes
2026-10-05T00:58:13.787095Z,KXBTC15M-26OCT042100-00,0.9370,341.18,yes
2026-10-05T00:58:13.787095Z,KXBTC15M-26OCT042100-00,0.9370,400.00,yes
2026-10-05T00:58:13.787095Z,KXBTC15M-26OCT042100-00,0.9370,0.01,yes
2026-10-05T00:58:13.787095Z,KXBTC15M-26OCT042100-00,0.9370,0.01,yes
2026-10-05T00:58:13.787095Z,KXBTC15M-26OCT042100-00,0.9430,64.00,yes
2026-10-05T00:58:13.787095Z,KXBTC15M-26OCT042100-00,0.9410,150.00,yes
2026-10-05T00:58:13.787095Z,KXBTC15M-26OCT042100-00,0.9370,100.00,yes
2026-10-05T00:58:13.787095Z,KXBTC15M-26OCT042100-00,0.9430,248.47,yes
2026-10-05T00:58:13.787095Z,KXBTC15M-26OCT042100-00,0.9490,72.00,yes
2026-10-05T00:58:13.787095Z,KXBTC15M-26OCT042100-00,0.9450,15.00,yes
2026-10-05T00:58:13.787095Z,KXBTC15M-26OCT042100-00,0.9500,93.75,yes
2026-10-05T00:58:13.787095Z,KXBTC15M-26OCT042100-00,0.9500,500.00,yes
2026-10-05T00:58:13.787095Z,KXBTC15M-26OCT042100-00,0.9460,68.00,yes
2026-10-05T00:58:13.787095Z,KXBTC15M-26OCT042100-00,0.9500,64.00,yes
2026-10-05T00:58:13.787095Z,KXBTC15M-26OCT042100-00,0.9500,64.00,yes
2026-10-05T00:58:13.787095Z,KXBTC15M-26OCT042100-00,0.9460,500.00,yes
2026-10-05T00:58:13.787095Z,KXBTC15M-26OCT042100-00,0.9480,500.00,yes
2026-10-05T00:58:13.787095Z,KXBTC15M-26OCT042100-00,0.9490,216.00,yes
2026-10-05T00:58:13.787095Z,KXBTC15M-26OCT042100-00,0.9500,4311.60,yes
2026-10-05T00:58:13.787095Z,KXBTC15M-26OCT042100-00,0.9500,15.00,yes
2026-10-05T00:58:13.787095Z,KXBTC15M-26OCT042100-00,0.9370,500.00,yes
2026-10-05T00:58:13.787095Z,KXBTC15M-26OCT042100-00,0.9500,40.00,yes
2026-10-05T00:58:13.787095Z,KXBTC15M-26OCT042100-00,0.9500,6.00,yes
2026-10-05T00:58:13.787095Z,KXBTC15M-26OCT042100-00,0.9500,75.00,yes
2026-10-05T00:58:13.787095Z,KXBTC15M-26OCT042100-00,0.9470,35.00,yes
2026-10-05T00:58:13.803076Z,KXBTC15M-26OCT042100-00,0.9500,28.10,yes
2026-10-05T00:58:13.803983Z,KXBTC15M-26OCT042100-00,0.9490,1.10,no
2026-10-05T00:58:13.811424Z,KXBTC15M-26OCT042100-00,0.9500,5.70,yes
2026-10-05T00:58:13.823336Z,KXBTC15M-26OCT042100-00,0.9490,8.00,no
2026-10-05T00:58:13.831315Z,KXBTC15M-26OCT042100-00,0.9490,48.00,no
2026-10-05T00:58:13.834659Z,KXBTC15M-26OCT042100-00,0.9490,150.00,no
2026-10-05T00:58:13.834672Z,KXBTC15M-26OCT042100-00,0.9490,880.00,no
2026-10-05T00:58:13.869253Z,KXBTC15M-26OCT042100-00,0.9500,104.09,yes
2026-10-05T00:58:13.896073Z,KXBTC15M-26OCT042100-00,0.9500,20.82,yes
2026-10-05T00:58:13.906213Z,KXBTC15M-26OCT042100-00,0.9490,0.01,no
2026-10-05T00:58:13.906213Z,KXBTC15M-26OCT042100-00,0.9490,0.01,no
2026-10-05T00:58:13.906213Z,KXBTC15M-26OCT042100-00,0.9450,236.27,no
2026-10-05T00:58:13.92153Z,KXBTC15M-26OCT042100-00,0.9430,213.52,no
2026-10-05T00:58:13.923622Z,KXBTC15M-26OCT042100-00,0.9420,189.50,no
2026-10-05T00:58:13.923622Z,KXBTC15M-26OCT042100-00,0.9430,0.01,no
2026-10-05T00:58:13.923622Z,KXBTC15M-26OCT042100-00,0.9430,0.01,no
2026-10-05T00:58:13.923622Z,KXBTC15M-26OCT042100-00,0.9430,46.48,no
2026-10-05T00:58:13.938774Z,KXBTC15M-26OCT042100-00,0.9430,32.90,yes
2026-10-05T00:58:13.955462Z,KXBTC15M-26OCT042100-00,0.9430,26.02,yes
2026-10-05T00:58:13.961067Z,KXBTC15M-26OCT042100-00,0.9420,310.50,no
2026-10-05T00:58:13.961067Z,KXBTC15M-26OCT042100-00,0.9400,500.00,no
2026-10-05T00:58:13.961067Z,KXBTC15M-26OCT042100-00,0.9380,105.15,no
2026-10-05T00:58:13.961067Z,KXBTC15M-26OCT042100-00,0.9410,7.00,no
2026-10-05T00:58:13.961067Z,KXBTC15M-26OCT042100-00,0.9420,0.01,no
2026-10-05T00:58:13.961067Z,KXBTC15M-26OCT042100-00,0.9420,0.01,no
2026-10-05T00:58:13.990103Z,KXBTC15M-26OCT042100-00,0.9400,0.02,yes
2026-10-05T00:58:14.037054Z,KXBTC15M-26OCT042100-00,0.9400,52.05,yes
2026-10-05T00:58:14.041823Z,KXBTC15M-26OCT042100-00,0.9400,38.00,yes
2026-10-05T00:58:14.042565Z,KXBTC15M-26OCT042100-00,0.9400,10.40,yes
2026-10-05T00:58:14.073425Z,KXBTC15M-26OCT042100-00,0.9390,1.27,no
2026-10-05T00:58:14.073872Z,KXBTC15M-26OCT042100-00,0.9390,50.00,no
2026-10-05T00:58:14.075899Z,KXBTC15M-26OCT042100-00,0.9400,56.60,yes
2026-10-05T00:58:14.082834Z,KXBTC15M-26OCT042100-00,0.9390,1.46,no
2026-10-05T00:58:14.098236Z,KXBTC15M-26OCT042100-00,0.9400,1.99,yes
2026-10-05T00:58:14.107562Z,KXBTC15M-26OCT042100-00,0.9390,73.32,no
2026-10-05T00:58:14.116824Z,KXBTC15M-26OCT042100-00,0.9400,0.01,yes
2026-10-05T00:58:14.116824Z,KXBTC15M-26OCT042100-00,0.9410,500.00,yes
2026-10-05T00:58:14.116824Z,KXBTC15M-26OCT042100-00,0.9490,8.00,yes
2026-10-05T00:58:14.116824Z,KXBTC15M-26OCT042100-00,0.9400,340.94,yes
2026-10-05T00:58:14.116824Z,KXBTC15M-26OCT042100-00,0.9400,0.01,yes
2026-10-05T00:58:14.116824Z,KXBTC15M-26OCT042100-00,0.9500,3151.04,yes
2026-10-05T00:58:14.121759Z,KXBTC15M-26OCT042100-00,0.9400,10.00,no
2026-10-05T00:58:14.137198Z,KXBTC15M-26OCT042100-00,0.9500,2.07,yes
2026-10-05T00:58:14.138635Z,KXBTC15M-26OCT042100-00,0.9500,3.60,yes
2026-10-05T00:58:14.139045Z,KXBTC15M-26OCT042100-00,0.9490,0.01,no
2026-10-05T00:58:14.141477Z,KXBTC15M-26OCT042100-00,0.9490,14.66,no
2026-10-05T00:58:14.148603Z,KXBTC15M-26OCT042100-00,0.9500,239.49,yes
2026-10-05T00:58:14.150457Z,KXBTC15M-26OCT042100-00,0.9500,5.20,yes
2026-10-05T00:58:14.168667Z,KXBTC15M-26OCT042100-00,0.9490,124.57,no
2026-10-05T00:58:14.168667Z,KXBTC15M-26OCT042100-00,0.9490,0.01,no
2026-10-05T00:58:14.168667Z,KXBTC15M-26OCT042100-00,0.9490,240.00,no
2026-10-05T00:58:14.168667Z,KXBTC15M-26OCT042100-00,0.9490,0.01,no
2026-10-05T00:58:14.168667Z,KXBTC15M-26OCT042100-00,0.9490,0.01,no
2026-10-05T00:58:14.168667Z,KXBTC15M-26OCT042100-00,0.9490,2.00,no
2026-10-05T00:58:14.176399Z,KXBTC15M-26OCT042100-00,0.9500,3.59,yes
2026-10-05T00:58:14.18111Z,KXBTC15M-26OCT042100-00,0.9490,6.00,no
2026-10-05T00:58:14.191973Z,KXBTC15M-26OCT042100-00,0.9500,5.14,yes
2026-10-05T00:58:14.194938Z,KXBTC15M-26OCT042100-00,0.9490,34.06,no
2026-10-05T00:58:14.199586Z,KXBTC15M-26OCT042100-00,0.9500,1.44,yes
2026-10-05T00:58:14.218099Z,KXBTC15M-26OCT042100-00,0.9490,2.81,no
2026-10-05T00:58:14.218099Z,KXBTC15M-26OCT042100-00,0.9440,150.00,no
2026-10-05T00:58:14.218099Z,KXBTC15M-26OCT042100-00,0.9490,36.40,no
2026-10-05T00:58:14.218099Z,KXBTC15M-26OCT042100-00,0.9400,2.00,no
2026-10-05T00:58:14.218099Z,KXBTC15M-26OCT042100-00,0.9470,0.01,no
2026-10-05T00:58:14.218099Z,KXBTC15M-26OCT042100-00,0.9490,235.37,no
2026-10-05T00:58:14.218099Z,KXBTC15M-26OCT042100-00,0.9430,500.00,no
2026-10-05T00:58:14.218099Z,KXBTC15M-26OCT042100-00,0.9450,156.00,no
2026-10-05T00:58:14.218099Z,KXBTC15M-26OCT042100-00,0.9390,2.00,no
2026-10-05T00:58:14.218099Z,KXBTC15M-26OCT042100-00,0.9390,2.00,no
2026-10-05T00:58:14.218099Z,KXBTC15M-26OCT042100-00,0.9380,2.00,no
2026-10-05T00:58:14.218099Z,KXBTC15M-26OCT042100-00,0.9380,2.00,no
2026-10-05T00:58:14.218099Z,KXBTC15M-26OCT042100-00,0.9440,64.00,no
2026-10-05T00:58:14.218099Z,KXBTC15M-26OCT042100-00,0.9390,140.00,no
2026-10-05T00:58:14.218099Z,KXBTC15M-26OCT042100-00,0.9470,0.01,no
2026-10-05T00:58:14.218099Z,KXBTC15M-26OCT042100-00,0.9490,100.00,no
2026-10-05T00:58:14.218099Z,KXBTC15M-26OCT042100-00,0.9400,162.00,no
2026-10-05T00:58:14.218099Z,KXBTC15M-26OCT042100-00,0.9490,0.01,no
2026-10-05T00:58:14.218099Z,KXBTC15M-26OCT042100-00,0.9450,96.00,no
2026-10-05T00:58:14.218099Z,KXBTC15M-26OCT042100-00,0.9490,0.01,no
2026-10-05T00:58:14.218099Z,KXBTC15M-26OCT042100-00,0.9400,2.00,no
2026-10-05T00:58:14.218099Z,KXBTC15M-26OCT042100-00,0.9450,56.00,no
2026-10-05T00:58:14.218099Z,KXBTC15M-26OCT042100-00,0.9460,8.00,no
2026-10-05T00:58:14.218099Z,KXBTC15M-26OCT042100-00,0.9460,100.00,no
2026-10-05T00:58:14.218099Z,KXBTC15M-26OCT042100-00,0.9400,2.00,no
2026-10-05T00:58:14.218099Z,KXBTC15M-26OCT042100-00,0.9370,224.38,no
2026-10-05T00:58:14.218099Z,KXBTC15M-26OCT042100-00,0.9390,373.95,no
2026-10-05T00:58:14.218099Z,KXBTC15M-26OCT042100-00,0.9420,69.00,no
2026-10-05T00:58:14.218099Z,KXBTC15M-26OCT042100-00,0.9390,1.03,no
2026-10-05T00:58:14.218099Z,KXBTC15M-26OCT042100-00,0.9390,500.00,no
2026-10-05T00:58:14.218099Z,KXBTC15M-26OCT042100-00,0.9390,1.02,no
2026-10-05T00:58:14.218099Z,KXBTC15M-26OCT042100-00,0.9480,10.00,no
2026-10-05T00:58:14.28377Z,KXBTC15M-26OCT042100-00,0.9430,10.40,yes
2026-10-05T00:58:14.286986Z,KXBTC15M-26OCT042100-00,0.9420,2.00,no
2026-10-05T00:58:14.286986Z,KXBTC15M-26OCT042100-00,0.9420,27.98,no
2026-10-05T00:58:14.286986Z,KXBTC15M-26OCT042100-00,0.9420,0.01,no
2026-10-05T00:58:14.286986Z,KXBTC15M-26OCT042100-00,0.9420,0.01,no
2026-10-05T00:58:14.296432Z,KXBTC15M-26OCT042100-00,0.9420,52.00,no
2026-10-05T00:58:14.298833Z,KXBTC15M-26OCT042100-00,0.9420,5.72,no
2026-10-05T00:58:14.300313Z,KXBTC15M-26OCT042100-00,0.9420,1.01,no
2026-10-05T00:58:14.300313Z,KXBTC15M-26OCT042100-00,0.9420,1.03,no
2026-10-05T00:58:14.300313Z,KXBTC15M-26OCT042100-00,0.9420,14.30,no
2026-10-05T00:58:14.300313Z,KXBTC15M-26OCT042100-00,0.9420,2.00,no
2026-10-05T00:58:14.300313Z,KXBTC15M-26OCT042100-00,0.9420,11.66,no
2026-10-05T00:58:14.302825Z,KXBTC15M-26OCT042100-00,0.9420,30.00,no
2026-10-05T00:58:14.348355Z,KXBTC15M-26OCT042100-00,0.9430,38.40,yes
2026-10-05T00:58:14.363127Z,KXBTC15M-26OCT042100-00,0.9430,26.22,yes
2026-10-05T00:58:14.37992Z,KXBTC15M-26OCT042100-00,0.9420,13.66,no
2026-10-05T00:58:14.394544Z,KXBTC15M-26OCT042100-00,0.9420,94.68,no
2026-10-05T00:58:14.394544Z,KXBTC15M-26OCT042100-00,0.9420,28.32,no
2026-10-05T00:58:14.403364Z,KXBTC15M-26OCT042100-00,0.9420,22.11,no
2026-10-05T00:58:14.449883Z,KXBTC15M-26OCT042100-00,0.9430,1.05,yes
2026-10-05T00:58:14.453323Z,KXBTC15M-26OCT042100-00,0.9420,8.08,no
2026-10-05T00:58:14.455755Z,KXBTC15M-26OCT042100-00,0.9430,72.37,yes
2026-10-05T00:58:14.516495Z,KXBTC15M-26OCT042100-00,0.9430,10.56,yes
2026-10-05T00:58:14.528247Z,KXBTC15M-26OCT042100-00,0.9420,38.00,no
2026-10-05T00:58:14.559271Z,KXBTC15M-26OCT042100-00,0.9430,70.46,yes
2026-10-05T00:58:14.559271Z,KXBTC15M-26OCT042100-00,0.9430,0.01,yes
2026-10-05T00:58:14.559271Z,KXBTC15M-26OCT042100-00,0.9430,97.00,yes
2026-10-05T00:58:14.559271Z,KXBTC15M-26OCT042100-00,0.9430,0.01,yes
2026-10-05T00:58:14.560704Z,KXBTC15M-26OCT042100-00,0.9430,1.04,yes
2026-10-05T00:58:14.610457Z,KXBTC15M-26OCT042100-00,0.9430,0.01,yes
2026-10-05T00:58:14.610457Z,KXBTC15M-26OCT042100-00,0.9430,0.01,yes
2026-10-05T00:58:14.610457Z,KXBTC15M-26OCT042100-00,0.9430,19.89,yes
2026-10-05T00:58:14.641876Z,KXBTC15M-26OCT042100-00,0.9430,36.17,yes
2026-10-05T00:58:14.641876Z,KXBTC15M-26OCT042100-00,0.9430,43.11,yes
2026-10-05T00:58:14.690438Z,KXBTC15M-26OCT042100-00,0.9430,5.25,yes
2026-10-05T00:58:14.690438Z,KXBTC15M-26OCT042100-00,0.9430,0.01,yes
2026-10-05T00:58:14.690438Z,KXBTC15M-26OCT042100-00,0.9430,0.01,yes
2026-10-05T00:58:14.696564Z,KXBTC15M-26OCT042100-00,0.9420,16.17,no
2026-10-05T00:58:14.705273Z,KXBTC15M-26OCT042100-00,0.9420,29.11,no
2026-10-05T00:58:14.722843Z,KXBTC15M-26OCT042100-00,0.9430,245.04,yes
2026-10-05T00:58:14.725964Z,KXBTC15M-26OCT042100-00,0.9430,26.37,yes
2026-10-05T00:58:14.734326Z,KXBTC15M-26OCT042100-00,0.9430,46.84,yes
2026-10-05T00:58:14.738708Z,KXBTC15M-26OCT042100-00,0.9430,3.91,yes
2026-10-05T00:58:14.765716Z,KXBTC15M-26OCT042100-00,0.9430,2.11,yes
2026-10-05T00:58:14.816093Z,KXBTC15M-26OCT042100-00,0.9430,52.81,yes
2026-10-05T00:58:14.83727Z,KXBTC15M-26OCT042100-00,0.9430,14.93,yes
2026-10-05T00:58:14.845331Z,KXBTC15M-26OCT042100-00,0.9430,102.74,yes
2026-10-05T00:58:14.845331Z,KXBTC15M-26OCT042100-00,0.9430,0.01,yes
2026-10-05T00:58:14.845331Z,KXBTC15M-26OCT042100-00,0.9440,164.61,yes
2026-10-05T00:58:14.845331Z,KXBTC15M-26OCT042100-00,0.9430,0.01,yes
2026-10-05T00:58:14.845331Z,KXBTC15M-26OCT042100-00,0.9430,0.05,yes
2026-10-05T00:58:14.845331Z,KXBTC15M-26OCT042100-00,0.9430,500.00,yes
2026-10-05T00:58:14.86347Z,KXBTC15M-26OCT042100-00,0.9450,2.00,no
2026-10-05T00:58:14.86347Z,KXBTC15M-26OCT042100-00,0.9450,111.31,no
2026-10-05T00:58:14.86347Z,KXBTC15M-26OCT042100-00,0.9450,2.00,no
2026-10-05T00:58:14.867336Z,KXBTC15M-26OCT042100-00,0.9450,22.64,no
2026-10-05T00:58:14.87519Z,KXBTC15M-26OCT042100-00,0.9490,2.60,yes
2026-10-05T00:58:14.87519Z,KXBTC15M-26OCT042100-00,0.9460,0.01,yes
2026-10-05T00:58:14.87519Z,KXBTC15M-26OCT042100-00,0.9460,0.01,yes
2026-10-05T00:58:14.883737Z,KXBTC15M-26OCT042100-00,0.9450,1.08,no
2026-10-05T00:58:14.892519Z,KXBTC15M-26OCT042100-00,0.9450,76.91,no
2026-10-05T00:58:14.905056Z,KXBTC15M-26OCT042100-00,0.9460,0.13,yes
2026-10-05T00:58:14.909632Z,KXBTC15M-26OCT042100-00,0.9450,12.69,no
2026-10-05T00:58:14.918414Z,KXBTC15M-26OCT042100-00,0.9450,0.01,no
2026-10-05T00:58:14.918414Z,KXBTC15M-26OCT042100-00,0.9450,2.00,no
2026-10-05T00:58:14.918414Z,KXBTC15M-26OCT042100-00,0.9450,2.00,no
2026-10-05T00:58:14.918414Z,KXBTC15M-26OCT042100-00,0.9450,0.01,no
2026-10-05T00:58:14.918414Z,KXBTC15M-26OCT042100-00,0.9450,2.00,no
2026-10-05T00:58:14.918414Z,KXBTC15M-26OCT042100-00,0.9450,17.00,no
2026-10-05T00:58:14.918414Z,KXBTC15M-26OCT042100-00,0.9450,9.32,no
2026-10-05T00:58:14.92509Z,KXBTC15M-26OCT042100-00,0.9450,200.00,no
2026-10-05T00:58:14.929945Z,KXBTC15M-26OCT042100-00,0.9450,20.00,no
2026-10-05T00:58:15.002374Z,KXBTC15M-26OCT042100-00,0.9460,51.79,yes
2026-10-05T00:58:15.009551Z,KXBTC15M-26OCT042100-00,0.9450,0.01,no
2026-10-05T00:58:15.009551Z,KXBTC15M-26OCT042100-00,0.9450,2.00,no
2026-10-05T00:58:15.009551Z,KXBTC15M-26OCT042100-00,0.9450,5.98,no
2026-10-05T00:58:15.009551Z,KXBTC15M-26OCT042100-00,0.9450,2.00,no
2026-10-05T00:58:15.009551Z,KXBTC15M-26OCT042100-00,0.9450,0.01,no
2026-10-05T00:58:15.029391Z,KXBTC15M-26OCT042100-00,0.9450,34.17,no
2026-10-05T00:58:15.045353Z,KXBTC15M-26OCT042100-00,0.9450,5.13,no
2026-10-05T00:58:15.073041Z,KXBTC15M-26OCT042100-00,0.9460,74.49,yes
2026-10-05T00:58:15.073041Z,KXBTC15M-26OCT042100-00,0.9460,0.01,yes
2026-10-05T00:58:15.073041Z,KXBTC15M-26OCT042100-00,0.9460,0.01,yes
2026-10-05T00:58:15.090031Z,KXBTC15M-26OCT042100-00,0.9460,115.47,yes
2026-10-05T00:58:15.111059Z,KXBTC15M-26OCT042100-00,0.9460,125.00,yes
2026-10-05T00:58:15.137125Z,KXBTC15M-26OCT042100-00,0.9450,26.15,no
2026-10-05T00:58:15.137125Z,KXBTC15M-26OCT042100-00,0.9450,54.72,no
2026-10-05T00:58:15.144998Z,KXBTC15M-26OCT042100-00,0.9450,24.59,no
2026-10-05T00:58:15.169951Z,KXBTC15M-26OCT042100-00,0.9460,5.00,yes
2026-10-05T00:58:15.195378Z,KXBTC15M-26OCT042100-00,0.9460,52.21,yes
2026-10-05T00:58:15.198982Z,KXBTC15M-26OCT042100-00,0.9450,54.40,no
2026-10-05T00:58:15.198982Z,KXBTC15M-26OCT042100-00,0.9450,349.26,no
2026-10-05T00:58:15.202013Z,KXBTC15M-26OCT042100-00,0.9450,45.60,no
2026-10-05T00:58:15.202013Z,KXBTC15M-26OCT042100-00,0.9450,100.00,no
2026-10-05T00:58:15.202013Z,KXBTC15M-26OCT042100-00,0.9420,2.00,no
2026-10-05T00:58:15.202013Z,KXBTC15M-26OCT042100-00,0.9450,0.01,no
2026-10-05T00:58:15.202013Z,KXBTC15M-26OCT042100-00,0.9410,44.80,no
2026-10-05T00:58:15.202013Z,KXBTC15M-26OCT042100-00,0.9450,0.01,no
2026-10-05T00:58:15.202013Z,KXBTC15M-26OCT042100-00,0.9440,2.00,no
2026-10-05T00:58:15.202013Z,KXBTC15M-26OCT042100-00,0.9440,150.00,no
2026-10-05T00:58:15.202013Z,KXBTC15M-26OCT042100-00,0.9430,2.00,no
2026-10-05T00:58:15.202013Z,KXBTC15M-26OCT042100-00,0.9430,2.00,no
2026-10-05T00:58:15.202013Z,KXBTC15M-26OCT042100-00,0.9410,7.00,no
2026-10-05T00:58:15.202013Z,KXBTC15M-26OCT042100-00,0.9440,10.00,no
2026-10-05T00:58:15.202013Z,KXBTC15M-26OCT042100-00,0.9440,2.00,no
2026-10-05T00:58:15.203446Z,KXBTC15M-26OCT042100-00,0.9460,55.21,yes
2026-10-05T00:58:15.218581Z,KXBTC15M-26OCT042100-00,0.9450,0.01,no
2026-10-05T00:58:15.218581Z,KXBTC15M-26OCT042100-00,0.9450,16.65,no
2026-10-05T00:58:15.218581Z,KXBTC15M-26OCT042100-00,0.9450,0.01,no
2026-10-05T00:58:15.220337Z,KXBTC15M-26OCT042100-00,0.9460,21.57,yes
2026-10-05T00:58:15.222843Z,KXBTC15M-26OCT042100-00,0.9460,5.06,yes
2026-10-05T00:58:15.241624Z,KXBTC15M-26OCT042100-00,0.9460,15.79,yes
2026-10-05T00:58:15.260774Z,KXBTC15M-26OCT042100-00,0.9450,100.00,no
2026-10-05T00:58:15.260774Z,KXBTC15M-26OCT042100-00,0.9450,298.15,no
2026-10-05T00:58:15.267531Z,KXBTC15M-26OCT042100-00,0.9460,0.01,yes
2026-10-05T00:58:15.279514Z,KXBTC15M-26OCT042100-00,0.9460,30.19,yes
2026-10-05T00:58:15.279514Z,KXBTC15M-26OCT042100-00,0.9460,224.39,yes
2026-10-05T00:58:15.316441Z,KXBTC15M-26OCT042100-00,0.9450,85.26,no
2026-10-05T00:58:15.317977Z,KXBTC15M-26OCT042100-00,0.9450,26.53,no
2026-10-05T00:58:15.369145Z,KXBTC15M-26OCT042100-00,0.9460,0.01,yes
2026-10-05T00:58:15.369145Z,KXBTC15M-26OCT042100-00,0.9480,9.00,yes
2026-10-05T00:58:15.369145Z,KXBTC15M-26OCT042100-00,0.9460,0.01,yes
2026-10-05T00:58:15.369145Z,KXBTC15M-26OCT042100-00,0.9490,2.10,yes
2026-10-05T00:58:15.375627Z,KXBTC15M-26OCT042100-00,0.9450,16.17,no
2026-10-05T00:58:15.380058Z,KXBTC15M-26OCT042100-00,0.9450,13.02,no
2026-10-05T00:58:15.393094Z,KXBTC15M-26OCT042100-00,0.9460,0.01,yes
2026-10-05T00:58:15.393094Z,KXBTC15M-26OCT042100-00,0.9460,0.01,yes
2026-10-05T00:58:15.393094Z,KXBTC15M-26OCT042100-00,0.9480,309.49,yes
2026-10-05T00:58:15.393094Z,KXBTC15M-26OCT042100-00,0.9480,0.01,yes
2026-10-05T00:58:15.393094Z,KXBTC15M-26OCT042100-00,0.9480,1.00,yes
2026-10-05T00:58:15.399491Z,KXBTC15M-26OCT042100-00,0.9450,34.10,no
2026-10-05T00:58:15.409298Z,KXBTC15M-26OCT042100-00,0.9460,4.08,yes
2026-10-05T00:58:15.411039Z,KXBTC15M-26OCT042100-00,0.9460,5.26,yes
2026-10-05T00:58:15.448782Z,KXBTC15M-26OCT042100-00,0.9450,0.01,no
2026-10-05T00:58:15.448782Z,KXBTC15M-26OCT042100-00,0.9450,5.88,no
2026-10-05T00:58:15.448782Z,KXBTC15M-26OCT042100-00,0.9450,0.01,no
2026-10-05T00:58:15.450612Z,KXBTC15M-26OCT042100-00,0.9450,32.34,no
2026-10-05T00:58:15.453183Z,KXBTC15M-26OCT042100-00,0.9460,0.01,yes
2026-10-05T00:58:15.453183Z,KXBTC15M-26OCT042100-00,0.9460,4.98,yes
2026-10-05T00:58:15.453183Z,KXBTC15M-26OCT042100-00,0.9460,0.01,yes
2026-10-05T00:58:15.462528Z,KXBTC15M-26OCT042100-00,0.9450,71.76,no
2026-10-05T00:58:15.464395Z,KXBTC15M-26OCT042100-00,0.9460,47.38,yes
2026-10-05T00:58:15.496204Z,KXBTC15M-26OCT042100-00,0.9460,0.63,yes
2026-10-05T00:58:15.503239Z,KXBTC15M-26OCT042100-00,0.9460,16.17,yes
2026-10-05T00:58:15.516349Z,KXBTC15M-26OCT042100-00,0.9460,0.05,yes
2026-10-05T00:58:15.516349Z,KXBTC15M-26OCT042100-00,0.9460,0.01,yes
2026-10-05T00:58:15.516349Z,KXBTC15M-26OCT042100-00,0.9460,0.01,yes
2026-10-05T00:58:15.516349Z,KXBTC15M-26OCT042100-00,0.9460,47.91,yes
2026-10-05T00:58:15.568812Z,KXBTC15M-26OCT042100-00,0.9460,0.01,yes
2026-10-05T00:58:15.568812Z,KXBTC15M-26OCT042100-00,0.9460,0.93,yes
2026-10-05T00:58:15.568812Z,KXBTC15M-26OCT042100-00,0.9460,0.01,yes
2026-10-05T00:58:15.579822Z,KXBTC15M-26OCT042100-00,0.9460,10.53,yes
2026-10-05T00:58:15.596316Z,KXBTC15M-26OCT042100-00,0.9450,15.58,no
2026-10-05T00:58:15.616091Z,KXBTC15M-26OCT042100-00,0.9460,0.01,yes
2026-10-05T00:58:15.616091Z,KXBTC15M-26OCT042100-00,0.9460,0.01,yes
2026-10-05T00:58:15.616091Z,KXBTC15M-26OCT042100-00,0.9460,0.05,yes
2026-10-05T00:58:15.616091Z,KXBTC15M-26OCT042100-00,0.9460,289.53,yes
2026-10-05T00:58:15.630583Z,KXBTC15M-26OCT042100-00,0.9450,6.47,no
2026-10-05T00:58:15.648794Z,KXBTC15M-26OCT042100-00,0.9460,16.77,yes
2026-10-05T00:58:15.671601Z,KXBTC15M-26OCT042100-00,0.9450,8.00,no
2026-10-05T00:58:15.67283Z,KXBTC15M-26OCT042100-00,0.9450,80.87,no
2026-10-05T00:58:15.696458Z,KXBTC15M-26OCT042100-00,0.9460,1.31,yes
2026-10-05T00:58:15.723011Z,KXBTC15M-26OCT042100-00,0.9460,0.01,yes
2026-10-05T00:58:15.723011Z,KXBTC15M-26OCT042100-00,0.9460,0.01,yes
2026-10-05T00:58:15.723011Z,KXBTC15M-26OCT042100-00,0.9460,0.05,yes
2026-10-05T00:58:15.723011Z,KXBTC15M-26OCT042100-00,0.9490,20.56,yes
2026-10-05T00:58:15.741963Z,KXBTC15M-26OCT042100-00,0.9490,2.98,yes
2026-10-05T00:58:15.741963Z,KXBTC15M-26OCT042100-00,0.9490,46.44,yes
2026-10-05T00:58:15.741992Z,KXBTC15M-26OCT042100-00,0.9490,49.42,yes
2026-10-05T00:58:15.745491Z,KXBTC15M-26OCT042100-00,0.9490,100.00,yes
2026-10-05T00:58:15.745979Z,KXBTC15M-26OCT042100-00,0.9490,1.47,yes
2026-10-05T00:58:15.746929Z,KXBTC15M-26OCT042100-00,0.9490,3.00,yes
2026-10-05T00:58:15.747022Z,KXBTC15M-26OCT042100-00,0.9490,5.00,yes
2026-10-05T00:58:15.747161Z,KXBTC15M-26OCT042100-00,0.9490,72.00,yes
2026-10-05T00:58:15.747161Z,KXBTC15M-26OCT042100-00,0.9490,8.00,yes
2026-10-05T00:58:15.747161Z,KXBTC15M-26OCT042100-00,0.9490,338.13,yes
2026-10-05T00:58:15.747161Z,KXBTC15M-26OCT042100-00,0.9490,0.01,yes
2026-10-05T00:58:15.747161Z,KXBTC15M-26OCT042100-00,0.9500,2522.86,yes
2026-10-05T00:58:15.747214Z,KXBTC15M-26OCT042100-00,0.9500,62.00,yes
2026-10-05T00:58:15.747629Z,KXBTC15M-26OCT042100-00,0.9490,0.01,yes
2026-10-05T00:58:15.747629Z,KXBTC15M-26OCT042100-00,0.9500,9.99,yes
2026-10-05T00:58:15.747844Z,KXBTC15M-26OCT042100-00,0.9500,19.00,yes
2026-10-05T00:58:15.748064Z,KXBTC15M-26OCT042100-00,0.9500,0.02,yes
2026-10-05T00:58:15.748263Z,KXBTC15M-26OCT042100-00,0.9500,0.02,yes
2026-10-05T00:58:15.749346Z,KXBTC15M-26OCT042100-00,0.9500,49.43,yes
2026-10-05T00:58:15.749526Z,KXBTC15M-26OCT042100-00,0.9500,0.02,yes
2026-10-05T00:58:15.749621Z,KXBTC15M-26OCT042100-00,0.9500,46.45,yes
2026-10-05T00:58:15.749768Z,KXBTC15M-26OCT042100-00,0.9500,2.98,yes
2026-10-05T00:58:15.753321Z,KXBTC15M-26OCT042100-00,0.9500,0.02,yes
2026-10-05T00:58:15.755581Z,KXBTC15M-26OCT042100-00,0.9500,44.72,yes
2026-10-05T00:58:15.75563Z,KXBTC15M-26OCT042100-00,0.9500,2.98,yes
2026-10-05T00:58:15.755862Z,KXBTC15M-26OCT042100-00,0.9500,179.40,yes
2026-10-05T00:58:15.757588Z,KXBTC15M-26OCT042100-00,0.9500,1.00,yes
2026-10-05T00:58:15.760619Z,KXBTC15M-26OCT042100-00,0.9500,1.00,yes
2026-10-05T00:58:15.761123Z,KXBTC15M-26OCT042100-00,0.9500,0.02,yes
2026-10-05T00:58:15.761667Z,KXBTC15M-26OCT042100-00,0.9500,4.00,yes
2026-10-05T00:58:15.762532Z,KXBTC15M-26OCT042100-00,0.9500,9.00,yes
2026-10-05T00:58:15.762659Z,KXBTC15M-26OCT042100-00,0.9500,3.17,yes
2026-10-05T00:58:15.76271Z,KXBTC15M-26OCT042100-00,0.9500,4.00,yes
2026-10-05T00:58:15.785531Z,KXBTC15M-26OCT042100-00,0.9500,11.37,yes
2026-10-05T00:58:15.787442Z,KXBTC15M-26OCT042100-00,0.9500,5.00,yes
2026-10-05T00:58:15.791163Z,KXBTC15M-26OCT042100-00,0.9500,10.31,yes
2026-10-05T00:58:15.792383Z,KXBTC15M-26OCT042100-00,0.9500,32.68,yes
2026-10-05T00:58:15.792592Z,KXBTC15M-26OCT042100-00,0.9500,29.08,yes
2026-10-05T00:58:15.792623Z,KXBTC15M-26OCT042100-00,0.9500,29.02,yes
2026-10-05T00:58:15.792753Z,KXBTC15M-26OCT042100-00,0.9500,3.63,yes
2026-10-05T00:58:15.794167Z,KXBTC15M-26OCT042100-00,0.9500,16.00,yes
2026-10-05T00:58:15.794777Z,KXBTC15M-26OCT042100-00,0.9500,7.00,yes
2026-10-05T00:58:15.79759Z,KXBTC15M-26OCT042100-00,0.9490,0.01,no
2026-10-05T00:58:15.79759Z,KXBTC15M-26OCT042100-00,0.9490,23.79,no
2026-10-05T00:58:15.79759Z,KXBTC15M-26OCT042100-00,0.9490,150.00,no
2026-10-05T00:58:15.79759Z,KXBTC15M-26OCT042100-00,0.9490,0.01,no
2026-10-05T00:58:15.79759Z,KXBTC15M-26OCT042100-00,0.9490,2.00,no
2026-10-05T00:58:15.800951Z,KXBTC15M-26OCT042100-00,0.9500,123.00,yes
2026-10-05T00:58:15.812371Z,KXBTC15M-26OCT042100-00,0.9490,28.36,no
2026-10-05T00:58:15.830377Z,KXBTC15M-26OCT042100-00,0.9490,10.00,no
2026-10-05T00:58:15.833123Z,KXBTC15M-26OCT042100-00,0.9490,10.00,no
2026-10-05T00:58:15.842557Z,KXBTC15M-26OCT042100-00,0.9500,5.00,yes
2026-10-05T00:58:15.853325Z,KXBTC15M-26OCT042100-00,0.9500,0.02,yes
2026-10-05T00:58:15.858857Z,KXBTC15M-26OCT042100-00,0.9490,9.64,no
2026-10-05T00:58:15.865598Z,KXBTC15M-26OCT042100-00,0.9500,8.00,yes
2026-10-05T00:58:15.873299Z,KXBTC15M-26OCT042100-00,0.9490,18.21,no
2026-10-05T00:58:15.873299Z,KXBTC15M-26OCT042100-00,0.9490,2.00,no
2026-10-05T00:58:15.873299Z,KXBTC15M-26OCT042100-00,0.9490,65.05,no
2026-10-05T00:58:15.926597Z,KXBTC15M-26OCT042100-00,0.9490,8.43,no
2026-10-05T00:58:15.935507Z,KXBTC15M-26OCT042100-00,0.9490,170.53,no
2026-10-05T00:58:15.938593Z,KXBTC15M-26OCT042100-00,0.9490,34.10,no
2026-10-05T00:58:15.96452Z,KXBTC15M-26OCT042100-00,0.9490,6.39,no
2026-10-05T00:58:15.96578Z,KXBTC15M-26OCT042100-00,0.9500,4.51,yes
2026-10-05T00:58:15.973502Z,KXBTC15M-26OCT042100-00,0.9490,42.63,no
2026-10-05T00:58:15.987102Z,KXBTC15M-26OCT042100-00,0.9490,67.19,no
2026-10-05T00:58:15.997471Z,KXBTC15M-26OCT042100-00,0.9490,41.73,no
2026-10-05T00:58:16.000898Z,KXBTC15M-26OCT042100-00,0.9490,1.23,no
2026-10-05T00:58:16.001385Z,KXBTC15M-26OCT042100-00,0.9490,21.39,no
2026-10-05T00:58:16.005362Z,KXBTC15M-26OCT042100-00,0.9490,12.01,no
2026-10-05T00:58:16.058411Z,KXBTC15M-26OCT042100-00,0.9500,25.66,yes
2026-10-05T00:58:16.09818Z,KXBTC15M-26OCT042100-00,0.9500,5.14,yes
2026-10-05T00:58:16.103298Z,KXBTC15M-26OCT042100-00,0.9490,94.00,no
2026-10-05T00:58:16.107575Z,KXBTC15M-26OCT042100-00,0.9500,78.80,yes
2026-10-05T00:58:16.136228Z,KXBTC15M-26OCT042100-00,0.9490,3.56,no
2026-10-05T00:58:16.139445Z,KXBTC15M-26OCT042100-00,0.9490,51.16,no
2026-10-05T00:58:16.190506Z,KXBTC15M-26OCT042100-00,0.9500,10.00,yes
2026-10-05T00:58:16.192862Z,KXBTC15M-26OCT042100-00,0.9500,2.09,yes
2026-10-05T00:58:16.204725Z,KXBTC15M-26OCT042100-00,0.9500,3.08,yes
2026-10-05T00:58:16.206925Z,KXBTC15M-26OCT042100-00,0.9500,202.18,yes
2026-10-05T00:58:16.220614Z,KXBTC15M-26OCT042100-00,0.9500,1.00,yes
2026-10-05T00:58:16.224938Z,KXBTC15M-26OCT042100-00,0.9500,1.00,yes
2026-10-05T00:58:16.231931Z,KXBTC15M-26OCT042100-00,0.9490,1.83,no
2026-10-05T00:58:16.246693Z,KXBTC15M-26OCT042100-00,0.9490,73.54,no
2026-10-05T00:58:16.260369Z,KXBTC15M-26OCT042100-00,0.9500,0.43,yes
2026-10-05T00:58:16.264237Z,KXBTC15M-26OCT042100-00,0.9490,3.27,no
2026-10-05T00:58:16.271585Z,KXBTC15M-26OCT042100-00,0.9500,258.63,yes
2026-10-05T00:58:16.320778Z,KXBTC15M-26OCT042100-00,0.9490,62.37,no
2026-10-05T00:58:16.322651Z,KXBTC15M-26OCT042100-00,0.9500,1.09,yes
2026-10-05T00:58:16.324499Z,KXBTC15M-26OCT042100-00,0.9490,3.42,no
2026-10-05T00:58:16.349859Z,KXBTC15M-26OCT042100-00,0.9490,29.00,no
2026-10-05T00:58:16.365706Z,KXBTC15M-26OCT042100-00,0.9500,10.00,yes
2026-10-05T00:58:16.384229Z,KXBTC15M-26OCT042100-00,0.9500,2.00,yes
2026-10-05T00:58:16.387704Z,KXBTC15M-26OCT042100-00,0.9500,1.79,yes
2026-10-05T00:58:16.392502Z,KXBTC15M-26OCT042100-00,0.9500,1.00,yes
2026-10-05T00:58:16.42015Z,KXBTC15M-26OCT042100-00,0.9500,8.00,yes
2026-10-05T00:58:16.439866Z,KXBTC15M-26OCT042100-00,0.9500,16.42,yes
2026-10-05T00:58:16.462476Z,KXBTC15M-26OCT042100-00,0.9490,62.44,no
2026-10-05T00:58:16.462476Z,KXBTC15M-26OCT042100-00,0.9490,105.19,no
2026-10-05T00:58:16.462476Z,KXBTC15M-26OCT042100-00,0.9490,226.57,no
2026-10-05T00:58:16.462476Z,KXBTC15M-26OCT042100-00,0.9490,0.01,no
2026-10-05T00:58:16.462476Z,KXBTC15M-26OCT042100-00,0.9490,0.01,no
2026-10-05T00:58:16.482639Z,KXBTC15M-26OCT042100-00,0.9490,18.38,no
2026-10-05T00:58:16.490871Z,KXBTC15M-26OCT042100-00,0.9500,38.00,yes
2026-10-05T00:58:16.491166Z,KXBTC15M-26OCT042100-00,0.9490,0.56,no
2026-10-05T00:58:16.493333Z,KXBTC15M-26OCT042100-00,0.9500,40.00,yes
2026-10-05T00:58:16.530474Z,KXBTC15M-26OCT042100-00,0.9500,20.55,yes
2026-10-05T00:58:16.533591Z,KXBTC15M-26OCT042100-00,0.9500,5.25,yes
2026-10-05T00:58:16.54496Z,KXBTC15M-26OCT042100-00,0.9500,4.00,yes
2026-10-05T00:58:16.548321Z,KXBTC15M-26OCT042100-00,0.9500,8.00,yes
2026-10-05T00:58:16.549825Z,KXBTC15M-26OCT042100-00,0.9490,1.70,no
2026-10-05T00:58:16.559805Z,KXBTC15M-26OCT042100-00,0.9500,20.00,yes
2026-10-05T00:58:16.560556Z,KXBTC15M-26OCT042100-00,0.9500,0.82,yes
2026-10-05T00:58:16.567843Z,KXBTC15M-26OCT042100-00,0.9500,131.00,yes
2026-10-05T00:58:16.575377Z,KXBTC15M-26OCT042100-00,0.9490,18.38,no
2026-10-05T00:58:16.583828Z,KXBTC15M-26OCT042100-00,0.9500,19.96,yes
2026-10-05T00:58:16.588335Z,KXBTC15M-26OCT042100-00,0.9500,4.00,yes
2026-10-05T00:58:16.60759Z,KXBTC15M-26OCT042100-00,0.9500,10.00,yes
2026-10-05T00:58:16.615775Z,KXBTC15M-26OCT042100-00,0.9500,91.02,yes
2026-10-05T00:58:16.618652Z,KXBTC15M-26OCT042100-00,0.9500,20.94,yes
2026-10-05T00:58:16.630623Z,KXBTC15M-26OCT042100-00,0.9490,245.90,no
2026-10-05T00:58:16.668901Z,KXBTC15M-26OCT042100-00,0.9500,21.55,yes
2026-10-05T00:58:16.675566Z,KXBTC15M-26OCT042100-00,0.9500,182.51,yes
2026-10-05T00:58:16.676607Z,KXBTC15M-26OCT042100-00,0.9500,1.05,yes
2026-10-05T00:58:16.688586Z,KXBTC15M-26OCT042100-00,0.9500,0.03,yes
2026-10-05T00:58:16.692883Z,KXBTC15M-26OCT042100-00,0.9500,11.00,yes
2026-10-05T00:58:16.708213Z,KXBTC15M-26OCT042100-00,0.9490,19.73,no
2026-10-05T00:58:16.725597Z,KXBTC15M-26OCT042100-00,0.9490,18.00,no
2026-10-05T00:58:16.775715Z,KXBTC15M-26OCT042100-00,0.9500,236.97,yes
2026-10-05T00:58:16.790758Z,KXBTC15M-26OCT042100-00,0.9490,15.01,no
2026-10-05T00:58:16.825626Z,KXBTC15M-26OCT042100-00,0.9500,0.05,yes
2026-10-05T00:58:16.825626Z,KXBTC15M-26OCT042100-00,0.9500,0.01,yes
2026-10-05T00:58:16.825626Z,KXBTC15M-26OCT042100-00,0.9500,0.01,yes
2026-10-05T00:58:16.825626Z,KXBTC15M-26OCT042100-00,0.9500,10.00,yes
2026-10-05T00:58:16.825626Z,KXBTC15M-26OCT042100-00,0.9500,5.46,yes
2026-10-05T00:58:16.832331Z,KXBTC15M-26OCT042100-00,0.9550,29.00,no
2026-10-05T00:58:16.86684Z,KXBTC15M-26OCT042100-00,0.9550,129.40,no
2026-10-05T00:58:16.868842Z,KXBTC15M-26OCT042100-00,0.9560,19.00,yes
2026-10-05T00:58:16.887685Z,KXBTC15M-26OCT042100-00,0.9550,11.29,no
2026-10-05T00:58:16.919225Z,KXBTC15M-26OCT042100-00,0.9550,148.06,no
2026-10-05T00:58:16.954501Z,KXBTC15M-26OCT042100-00,0.9560,4.10,yes
2026-10-05T00:58:16.9782Z,KXBTC15M-26OCT042100-00,0.9550,14.99,no
2026-10-05T00:58:17.010576Z,KXBTC15M-26OCT042100-00,0.9550,17.76,no
2026-10-05T00:58:17.015182Z,KXBTC15M-26OCT042100-00,0.9550,1.83,no
2026-10-05T00:58:17.035242Z,KXBTC15M-26OCT042100-00,0.9560,1.46,yes
2026-10-05T00:58:17.045631Z,KXBTC15M-26OCT042100-00,0.9550,85.26,no
2026-10-05T00:58:17.059966Z,KXBTC15M-26OCT042100-00,0.9560,20.00,yes
2026-10-05T00:58:17.065468Z,KXBTC15M-26OCT042100-00,0.9550,10.00,no
2026-10-05T00:58:17.070352Z,KXBTC15M-26OCT042100-00,0.9550,37.91,no
2026-10-05T00:58:17.075865Z,KXBTC15M-26OCT042100-00,0.9550,16.95,no
2026-10-05T00:58:17.077141Z,KXBTC15M-26OCT042100-00,0.9560,34.79,yes
2026-10-05T00:58:17.09785Z,KXBTC15M-26OCT042100-00,0.9560,114.59,yes
2026-10-05T00:58:17.101445Z,KXBTC15M-26OCT042100-00,0.9560,5.00,yes
2026-10-05T00:58:17.115053Z,KXBTC15M-26OCT042100-00,0.9550,36.77,no
2026-10-05T00:58:17.138119Z,KXBTC15M-26OCT042100-00,0.9560,0.26,yes
2026-10-05T00:58:17.160327Z,KXBTC15M-26OCT042100-00,0.9560,0.02,yes
2026-10-05T00:58:17.191085Z,KXBTC15M-26OCT042100-00,0.9550,76.76,no
2026-10-05T00:58:17.20166Z,KXBTC15M-26OCT042100-00,0.9560,8.00,yes
2026-10-05T00:58:17.207828Z,KXBTC15M-26OCT042100-00,0.9560,2.71,yes
2026-10-05T00:58:17.230464Z,KXBTC15M-26OCT042100-00,0.9550,64.22,no
2026-10-05T00:58:17.265989Z,KXBTC15M-26OCT042100-00,0.9550,551.59,no
2026-10-05T00:58:17.266714Z,KXBTC15M-26OCT042100-00,0.9560,20.00,yes
2026-10-05T00:58:17.286873Z,KXBTC15M-26OCT042100-00,0.9550,104.14,no
2026-10-05T00:58:17.323977Z,KXBTC15M-26OCT042100-00,0.9560,1.04,yes
2026-10-05T00:58:17.345652Z,KXBTC15M-26OCT042100-00,0.9550,5.25,no
2026-10-05T00:58:17.374746Z,KXBTC15M-26OCT042100-00,0.9550,110.31,no
2026-10-05T00:58:17.403787Z,KXBTC15M-26OCT042100-00,0.9550,48.51,no
2026-10-05T00:58:17.403787Z,KXBTC15M-26OCT042100-00,0.9550,10.00,no
2026-10-05T00:58:17.403787Z,KXBTC15M-26OCT042100-00,0.9550,100.00,no
2026-10-05T00:58:17.403787Z,KXBTC15M-26OCT042100-00,0.9550,224.00,no
2026-10-05T00:58:17.468169Z,KXBTC15M-26OCT042100-00,0.9550,208.29,no
2026-10-05T00:58:17.474603Z,KXBTC15M-26OCT042100-00,0.9550,2.62,no
2026-10-05T00:58:17.493551Z,KXBTC15M-26OCT042100-00,0.9550,247.35,no
2026-10-05T00:58:17.493551Z,KXBTC15M-26OCT042100-00,0.9550,65.09,no
2026-10-05T00:58:17.496083Z,KXBTC15M-26OCT042100-00,0.9550,9.19,no
2026-10-05T00:58:17.506444Z,KXBTC15M-26OCT042100-00,0.9560,0.01,yes
2026-10-05T00:58:17.506444Z,KXBTC15M-26OCT042100-00,0.9580,1.02,yes
2026-10-05T00:58:17.506444Z,KXBTC15M-26OCT042100-00,0.9560,0.01,yes
2026-10-05T00:58:17.520885Z,KXBTC15M-26OCT042100-00,0.9580,0.01,no
2026-10-05T00:58:17.520885Z,KXBTC15M-26OCT042100-00,0.9590,150.00,no
2026-10-05T00:58:17.520885Z,KXBTC15M-26OCT042100-00,0.9590,150.00,no
2026-10-05T00:58:17.520885Z,KXBTC15M-26OCT042100-00,0.9580,2.00,no
2026-10-05T00:58:17.520885Z,KXBTC15M-26OCT042100-00,0.9580,150.00,no
2026-10-05T00:58:17.520885Z,KXBTC15M-26OCT042100-00,0.9570,2.00,no
2026-10-05T00:58:17.520885Z,KXBTC15M-26OCT042100-00,0.9570,2.00,no
2026-10-05T00:58:17.520885Z,KXBTC15M-26OCT042100-00,0.9580,2.00,no
2026-10-05T00:58:17.520885Z,KXBTC15M-26OCT042100-00,0.9590,150.00,no
2026-10-05T00:58:17.520885Z,KXBTC15M-26OCT042100-00,0.9570,89.84,no
2026-10-05T00:58:17.526366Z,KXBTC15M-26OCT042100-00,0.9600,0.38,yes
2026-10-05T00:58:17.528489Z,KXBTC15M-26OCT042100-00,0.9590,2.00,no
2026-10-05T00:58:17.528489Z,KXBTC15M-26OCT042100-00,0.9590,16.81,no
2026-10-05T00:58:17.528489Z,KXBTC15M-26OCT042100-00,0.9590,0.01,no
2026-10-05T00:58:17.528489Z,KXBTC15M-26OCT042100-00,0.9590,2.00,no
2026-10-05T00:58:17.528489Z,KXBTC15M-26OCT042100-00,0.9590,0.01,no
2026-10-05T00:58:17.546411Z,KXBTC15M-26OCT042100-00,0.9600,0.01,yes
2026-10-05T00:58:17.546411Z,KXBTC15M-26OCT042100-00,0.9600,49.62,yes
2026-10-05T00:58:17.546411Z,KXBTC15M-26OCT042100-00,0.9600,0.01,yes
2026-10-05T00:58:17.546411Z,KXBTC15M-26OCT042100-00,0.9600,256.94,yes
2026-10-05T00:58:17.551984Z,KXBTC15M-26OCT042100-00,0.9590,16.82,no
2026-10-05T00:58:17.551984Z,KXBTC15M-26OCT042100-00,0.9590,0.01,no
2026-10-05T00:58:17.551984Z,KXBTC15M-26OCT042100-00,0.9590,2.00,no
2026-10-05T00:58:17.551984Z,KXBTC15M-26OCT042100-00,0.9590,2.00,no
2026-10-05T00:58:17.554772Z,KXBTC15M-26OCT042100-00,0.9600,1.44,yes
2026-10-05T00:58:17.578981Z,KXBTC15M-26OCT042100-00,0.9600,11.24,yes
2026-10-05T00:58:17.584328Z,KXBTC15M-26OCT042100-00,0.9600,5.10,yes
2026-10-05T00:58:17.608157Z,KXBTC15M-26OCT042100-00,0.9600,15.32,yes
2026-10-05T00:58:17.613068Z,KXBTC15M-26OCT042100-00,0.9590,17.94,no
2026-10-05T00:58:17.61703Z,KXBTC15M-26OCT042100-00,0.9590,41.65,no
2026-10-05T00:58:17.632101Z,KXBTC15M-26OCT042100-00,0.9590,58.21,no
2026-10-05T00:58:17.652Z,KXBTC15M-26OCT042100-00,0.9600,0.01,yes
2026-10-05T00:58:17.652Z,KXBTC15M-26OCT042100-00,0.9600,0.01,yes
2026-10-05T00:58:17.652Z,KXBTC15M-26OCT042100-00,0.9600,0.95,yes
2026-10-05T00:58:17.683164Z,KXBTC15M-26OCT042100-00,0.9590,20.83,no
2026-10-05T00:58:17.722668Z,KXBTC15M-26OCT042100-00,0.9600,49.05,yes
2026-10-05T00:58:17.722668Z,KXBTC15M-26OCT042100-00,0.9600,53.74,yes
2026-10-05T00:58:17.726653Z,KXBTC15M-26OCT042100-00,0.9590,94.07,no
2026-10-05T00:58:17.748806Z,KXBTC15M-26OCT042100-00,0.9590,2.08,no
2026-10-05T00:58:17.773292Z,KXBTC15M-26OCT042100-00,0.9590,10.00,no
2026-10-05T00:58:17.778735Z,KXBTC15M-26OCT042100-00,0.9590,1.00,no
2026-10-05T00:58:17.784386Z,KXBTC15M-26OCT042100-00,0.9590,104.14,no
2026-10-05T00:58:17.797071Z,KXBTC15M-26OCT042100-00,0.9600,10.00,yes
2026-10-05T00:58:17.835488Z,KXBTC15M-26OCT042100-00,0.9560,325.00,no
2026-10-05T00:58:17.835488Z,KXBTC15M-26OCT042100-00,0.9590,2.00,no
2026-10-05T00:58:17.835488Z,KXBTC15M-26OCT042100-00,0.9550,93.75,no
2026-10-05T00:58:17.835488Z,KXBTC15M-26OCT042100-00,0.9580,2.00,no
2026-10-05T00:58:17.835488Z,KXBTC15M-26OCT042100-00,0.9550,64.00,no
2026-10-05T00:58:17.835488Z,KXBTC15M-26OCT042100-00,0.9550,93.75,no
2026-10-05T00:58:17.835488Z,KXBTC15M-26OCT042100-00,0.9590,0.01,no
2026-10-05T00:58:17.835488Z,KXBTC15M-26OCT042100-00,0.9550,15.00,no
2026-10-05T00:58:17.835488Z,KXBTC15M-26OCT042100-00,0.9570,75.00,no
2026-10-05T00:58:17.835488Z,KXBTC15M-26OCT042100-00,0.9570,2.00,no
2026-10-05T00:58:17.835488Z,KXBTC15M-26OCT042100-00,0.9550,64.00,no
2026-10-05T00:58:17.835488Z,KXBTC15M-26OCT042100-00,0.9590,500.00,no
2026-10-05T00:58:17.835488Z,KXBTC15M-26OCT042100-00,0.9590,100.00,no
2026-10-05T00:58:17.835488Z,KXBTC15M-26OCT042100-00,0.9590,50.08,no
2026-10-05T00:58:17.835488Z,KXBTC15M-26OCT042100-00,0.9590,0.01,no
2026-10-05T00:58:17.835488Z,KXBTC15M-26OCT042100-00,0.9570,2.00,no
2026-10-05T00:58:17.835488Z,KXBTC15M-26OCT042100-00,0.9570,10.00,no
2026-10-05T00:58:17.835488Z,KXBTC15M-26OCT042100-00,0.9550,15.00,no
2026-10-05T00:58:17.835488Z,KXBTC15M-26OCT042100-00,0.9570,200.00,no
2026-10-05T00:58:17.835488Z,KXBTC15M-26OCT042100-00,0.9580,2.00,no
2026-10-05T00:58:17.835488Z,KXBTC15M-26OCT042100-00,0.9560,20.00,no
2026-10-05T00:58:17.835488Z,KXBTC15M-26OCT042100-00,0.9530,266.95,no
2026-10-05T00:58:17.835488Z,KXBTC15M-26OCT042100-00,0.9590,224.74,no
2026-10-05T00:58:17.835488Z,KXBTC15M-26OCT042100-00,0.9540,17.00,no
2026-10-05T00:58:17.889663Z,KXBTC15M-26OCT042100-00,0.9600,3.68,yes
2026-10-05T00:58:17.896945Z,KXBTC15M-26OCT042100-00,0.9590,2.00,no
2026-10-05T00:58:17.896945Z,KXBTC15M-26OCT042100-00,0.9590,0.01,no
2026-10-05T00:58:17.896945Z,KXBTC15M-26OCT042100-00,0.9590,43.27,no
2026-10-05T00:58:17.896945Z,KXBTC15M-26OCT042100-00,0.9590,0.01,no
2026-10-05T00:58:17.899699Z,KXBTC15M-26OCT042100-00,0.9600,10.97,yes
2026-10-05T00:58:17.907209Z,KXBTC15M-26OCT042100-00,0.9600,13.87,yes
2026-10-05T00:58:17.944686Z,KXBTC15M-26OCT042100-00,0.9590,23.28,no
2026-10-05T00:58:17.946292Z,KXBTC15M-26OCT042100-00,0.9600,50.00,yes
2026-10-05T00:58:17.958259Z,KXBTC15M-26OCT042100-00,0.9590,91.03,no
2026-10-05T00:58:17.978974Z,KXBTC15M-26OCT042100-00,0.9600,0.02,yes
2026-10-05T00:58:18.005814Z,KXBTC15M-26OCT042100-00,0.9600,0.01,yes
2026-10-05T00:58:18.005814Z,KXBTC15M-26OCT042100-00,0.9650,3.50,yes
2026-10-05T00:58:18.005814Z,KXBTC15M-26OCT042100-00,0.9600,0.01,yes
2026-10-05T00:58:18.053003Z,KXBTC15M-26OCT042100-00,0.9650,0.01,yes
2026-10-05T00:58:18.053003Z,KXBTC15M-26OCT042100-00,0.9650,0.01,yes
2026-10-05T00:58:18.053003Z,KXBTC15M-26OCT042100-00,0.9650,5.06,yes
2026-10-05T00:58:18.064138Z,KXBTC15M-26OCT042100-00,0.9650,0.27,yes
2026-10-05T00:58:18.066244Z,KXBTC15M-26OCT042100-00,0.9640,2.00,no
2026-10-05T00:58:18.066244Z,KXBTC15M-26OCT042100-00,0.9640,32.88,no
2026-10-05T00:58:18.066244Z,KXBTC15M-26OCT042100-00,0.9640,2.00,no
2026-10-05T00:58:18.069946Z,KXBTC15M-26OCT042100-00,0.9640,22.13,no
2026-10-05T00:58:18.070491Z,KXBTC15M-26OCT042100-00,0.9650,17.62,yes
2026-10-05T00:58:18.082918Z,KXBTC15M-26OCT042100-00,0.9640,64.12,no
2026-10-05T00:58:18.106197Z,KXBTC15M-26OCT042100-00,0.9640,30.87,no
2026-10-05T00:58:18.106197Z,KXBTC15M-26OCT042100-00,0.9640,16.13,no
2026-10-05T00:58:18.114694Z,KXBTC15M-26OCT042100-00,0.9640,30.00,no
2026-10-05T00:58:18.115583Z,KXBTC15M-26OCT042100-00,0.9650,0.01,yes
2026-10-05T00:58:18.115583Z,KXBTC15M-26OCT042100-00,0.9660,108.00,yes
2026-10-05T00:58:18.115583Z,KXBTC15M-26OCT042100-00,0.9650,0.01,yes
2026-10-05T00:58:18.115583Z,KXBTC15M-26OCT042100-00,0.9670,19.60,yes
2026-10-05T00:58:18.115583Z,KXBTC15M-26OCT042100-00,0.9650,482.38,yes
2026-10-05T00:58:18.118191Z,KXBTC15M-26OCT042100-00,0.9640,27.91,no
2026-10-05T00:58:18.118191Z,KXBTC15M-26OCT042100-00,0.9640,53.87,no
2026-10-05T00:58:18.118191Z,KXBTC15M-26OCT042100-00,0.9640,0.01,no
2026-10-05T00:58:18.118191Z,KXBTC15M-26OCT042100-00,0.9640,0.01,no
2026-10-05T00:58:18.124261Z,KXBTC15M-26OCT042100-00,0.9660,1.00,yes
2026-10-05T00:58:18.124261Z,KXBTC15M-26OCT042100-00,0.9670,11.10,yes
2026-10-05T00:58:18.151448Z,KXBTC15M-26OCT042100-00,0.9660,2.28,no
2026-10-05T00:58:18.153527Z,KXBTC15M-26OCT042100-00,0.9660,45.71,no
2026-10-05T00:58:18.16896Z,KXBTC15M-26OCT042100-00,0.9660,102.01,no
2026-10-05T00:58:18.16896Z,KXBTC15M-26OCT042100-00,0.9660,2.00,no
2026-10-05T00:58:18.16896Z,KXBTC15M-26OCT042100-00,0.9660,0.01,no
2026-10-05T00:58:18.16896Z,KXBTC15M-26OCT042100-00,0.9660,8.81,no
2026-10-05T00:58:18.189513Z,KXBTC15M-26OCT042100-00,0.9660,1.24,no
2026-10-05T00:58:18.189513Z,KXBTC15M-26OCT042100-00,0.9660,1.19,no
2026-10-05T00:58:18.20144Z,KXBTC15M-26OCT042100-00,0.9670,10.17,yes
2026-10-05T00:58:18.206261Z,KXBTC15M-26OCT042100-00,0.9660,22.85,no
2026-10-05T00:58:18.207702Z,KXBTC15M-26OCT042100-00,0.9670,1.02,yes
2026-10-05T00:58:18.22984Z,KXBTC15M-26OCT042100-00,0.9670,29.63,yes
2026-10-05T00:58:18.267154Z,KXBTC15M-26OCT042100-00,0.9660,2.92,no
2026-10-05T00:58:18.267154Z,KXBTC15M-26OCT042100-00,0.9660,75.91,no
2026-10-05T00:58:18.267154Z,KXBTC15M-26OCT042100-00,0.9660,0.01,no
2026-10-05T00:58:18.273312Z,KXBTC15M-26OCT042100-00,0.9660,5.31,no
2026-10-05T00:58:18.291597Z,KXBTC15M-26OCT042100-00,0.9650,2.00,no
2026-10-05T00:58:18.291597Z,KXBTC15M-26OCT042100-00,0.9650,117.79,no
2026-10-05T00:58:18.291597Z,KXBTC15M-26OCT042100-00,0.9660,0.01,no
2026-10-05T00:58:18.291597Z,KXBTC15M-26OCT042100-00,0.9650,2.00,no
2026-10-05T00:58:18.291597Z,KXBTC15M-26OCT042100-00,0.9660,0.01,no
2026-10-05T00:58:18.291597Z,KXBTC15M-26OCT042100-00,0.9660,100.00,no
2026-10-05T00:58:18.293274Z,KXBTC15M-26OCT042100-00,0.9600,33.60,no
2026-10-05T00:58:18.293274Z,KXBTC15M-26OCT042100-00,0.9630,2.00,no
2026-10-05T00:58:18.293274Z,KXBTC15M-26OCT042100-00,0.9610,11.00,no
2026-10-05T00:58:18.293274Z,KXBTC15M-26OCT042100-00,0.9640,2.00,no
2026-10-05T00:58:18.293274Z,KXBTC15M-26OCT042100-00,0.9650,82.21,no
2026-10-05T00:58:18.293274Z,KXBTC15M-26OCT042100-00,0.9600,93.75,no
2026-10-05T00:58:18.293274Z,KXBTC15M-26OCT042100-00,0.9640,2.00,no
2026-10-05T00:58:18.293274Z,KXBTC15M-26OCT042100-00,0.9630,2.00,no
2026-10-05T00:58:18.306989Z,KXBTC15M-26OCT042100-00,0.9670,5.00,yes
2026-10-05T00:58:18.307022Z,KXBTC15M-26OCT042100-00,0.9670,0.57,yes
2026-10-05T00:58:18.324596Z,KXBTC15M-26OCT042100-00,0.9660,0.01,no
2026-10-05T00:58:18.324596Z,KXBTC15M-26OCT042100-00,0.9660,0.01,no
2026-10-05T00:58:18.324596Z,KXBTC15M-26OCT042100-00,0.9660,55.73,no
2026-10-05T00:58:18.361467Z,KXBTC15M-26OCT042100-00,0.9660,0.01,no
2026-10-05T00:58:18.361467Z,KXBTC15M-26OCT042100-00,0.9660,49.16,no
2026-10-05T00:58:18.361467Z,KXBTC15M-26OCT042100-00,0.9660,0.01,no
2026-10-05T00:58:18.367141Z,KXBTC15M-26OCT042100-00,0.9660,114.28,no
2026-10-05T00:58:18.367751Z,KXBTC15M-26OCT042100-00,0.9670,56.73,yes
2026-10-05T00:58:18.398527Z,KXBTC15M-26OCT042100-00,0.9670,146.85,yes
2026-10-05T00:58:18.398527Z,KXBTC15M-26OCT042100-00,0.9670,500.00,yes
2026-10-05T00:58:18.398527Z,KXBTC15M-26OCT042100-00,0.9670,0.01,yes
2026-10-05T00:58:18.398527Z,KXBTC15M-26OCT042100-00,0.9670,0.01,yes
2026-10-05T00:58:18.398527Z,KXBTC15M-26OCT042100-00,0.9670,366.18,yes
2026-10-05T00:58:18.398572Z,KXBTC15M-26OCT042100-00,0.9670,347.45,yes
2026-10-05T00:58:18.406189Z,KXBTC15M-26OCT042100-00,0.9660,91.42,no
2026-10-05T00:58:18.406189Z,KXBTC15M-26OCT042100-00,0.9660,0.01,no
2026-10-05T00:58:18.406189Z,KXBTC15M-26OCT042100-00,0.9660,0.01,no
2026-10-05T00:58:18.431511Z,KXBTC15M-26OCT042100-00,0.9670,28.00,yes
2026-10-05T00:58:18.431511Z,KXBTC15M-26OCT042100-00,0.9680,20.87,yes
2026-10-05T00:58:18.431511Z,KXBTC15M-26OCT042100-00,0.9670,0.01,yes
2026-10-05T00:58:18.431511Z,KXBTC15M-26OCT042100-00,0.9670,0.01,yes
2026-10-05T00:58:18.431511Z,KXBTC15M-26OCT042100-00,0.9670,1.00,yes
2026-10-05T00:58:18.431511Z,KXBTC15M-26OCT042100-00,0.9670,1.00,yes
2026-10-05T00:58:18.484527Z,KXBTC15M-26OCT042100-00,0.9680,17.94,yes
2026-10-05T00:58:18.514213Z,KXBTC15M-26OCT042100-00,0.9670,51.45,no
2026-10-05T00:58:18.518565Z,KXBTC15M-26OCT042100-00,0.9680,0.01,yes
2026-10-05T00:58:18.518565Z,KXBTC15M-26OCT042100-00,0.9680,0.01,yes
2026-10-05T00:58:18.518565Z,KXBTC15M-26OCT042100-00,0.9680,24.79,yes
2026-10-05T00:58:18.518565Z,KXBTC15M-26OCT042100-00,0.9680,75.19,yes
2026-10-05T00:58:18.526925Z,KXBTC15M-26OCT042100-00,0.9670,2.00,no
2026-10-05T00:58:18.55512Z,KXBTC15M-26OCT042100-00,0.9680,9.85,yes
2026-10-05T00:58:18.555766Z,KXBTC15M-26OCT042100-00,0.9680,45.00,yes
2026-10-05T00:58:18.579236Z,KXBTC15M-26OCT042100-00,0.9680,15.00,yes
2026-10-05T00:58:18.598726Z,KXBTC15M-26OCT042100-00,0.9680,10.00,yes
2026-10-05T00:58:18.611604Z,KXBTC15M-26OCT042100-00,0.9680,11.94,yes
2026-10-05T00:58:18.612418Z,KXBTC15M-26OCT042100-00,0.9680,10.00,yes
2026-10-05T00:58:18.636786Z,KXBTC15M-26OCT042100-00,0.9670,96.55,no
2026-10-05T00:58:18.636786Z,KXBTC15M-26OCT042100-00,0.9670,0.01,no
2026-10-05T00:58:18.636786Z,KXBTC15M-26OCT042100-00,0.9670,10.42,no
2026-10-05T00:58:18.636786Z,KXBTC15M-26OCT042100-00,0.9670,0.01,no
2026-10-05T00:58:18.638895Z,KXBTC15M-26OCT042100-00,0.9680,5.00,yes
2026-10-05T00:58:18.654821Z,KXBTC15M-26OCT042100-00,0.9680,15.00,yes
2026-10-05T00:58:18.69059Z,KXBTC15M-26OCT042100-00,0.9670,11.55,no
2026-10-05T00:58:18.698884Z,KXBTC15M-26OCT042100-00,0.9670,78.00,no
2026-10-05T00:58:18.712866Z,KXBTC15M-26OCT042100-00,0.9670,0.03,no
2026-10-05T00:58:18.712866Z,KXBTC15M-26OCT042100-00,0.9670,101.71,no
2026-10-05T00:58:18.716409Z,KXBTC15M-26OCT042100-00,0.9670,11.36,no
2026-10-05T00:58:18.726234Z,KXBTC15M-26OCT042100-00,0.9680,75.00,yes
2026-10-05T00:58:18.726978Z,KXBTC15M-26OCT042100-00,0.9680,147.99,yes
2026-10-05T00:58:18.733339Z,KXBTC15M-26OCT042100-00,0.9670,6.88,no
2026-10-05T00:58:18.751867Z,KXBTC15M-26OCT042100-00,0.9680,15.00,yes
2026-10-05T00:58:18.758832Z,KXBTC15M-26OCT042100-00,0.9670,13.79,no
2026-10-05T00:58:18.77968Z,KXBTC15M-26OCT042100-00,0.9670,0.27,no
2026-10-05T00:58:18.783959Z,KXBTC15M-26OCT042100-00,0.9680,71.78,yes
2026-10-05T00:58:18.809338Z,KXBTC15M-26OCT042100-00,0.9680,80.00,yes
2026-10-05T00:58:18.82078Z,KXBTC15M-26OCT042100-00,0.9670,137.74,no
2026-10-05T00:58:18.826784Z,KXBTC15M-26OCT042100-00,0.9680,2.00,yes
2026-10-05T00:58:18.826784Z,KXBTC15M-26OCT042100-00,0.9680,0.01,yes
2026-10-05T00:58:18.826784Z,KXBTC15M-26OCT042100-00,0.9680,0.01,yes
2026-10-05T00:58:18.826784Z,KXBTC15M-26OCT042100-00,0.9690,86.64,yes
2026-10-05T00:58:18.832038Z,KXBTC15M-26OCT042100-00,0.9690,5.00,yes
2026-10-05T00:58:18.839347Z,KXBTC15M-26OCT042100-00,0.9690,5.00,yes
2026-10-05T00:58:18.849091Z,KXBTC15M-26OCT042100-00,0.9690,2.58,yes
2026-10-05T00:58:18.853229Z,KXBTC15M-26OCT042100-00,0.9690,12.37,yes
2026-10-05T00:58:18.856359Z,KXBTC15M-26OCT042100-00,0.9680,19.74,no
2026-10-05T00:58:18.879822Z,KXBTC15M-26OCT042100-00,0.9680,130.26,no
2026-10-05T00:58:18.879822Z,KXBTC15M-26OCT042100-00,0.9680,0.01,no
2026-10-05T00:58:18.879822Z,KXBTC15M-26OCT042100-00,0.9680,11.63,no
2026-10-05T00:58:18.879822Z,KXBTC15M-26OCT042100-00,0.9680,0.01,no
2026-10-05T00:58:18.883317Z,KXBTC15M-26OCT042100-00,0.9680,28.38,no
2026-10-05T00:58:18.883565Z,KXBTC15M-26OCT042100-00,0.9680,19.41,no
2026-10-05T00:58:18.889953Z,KXBTC15M-26OCT042100-00,0.9690,75.00,yes
2026-10-05T00:58:18.901501Z,KXBTC15M-26OCT042100-00,0.9690,121.28,yes
2026-10-05T00:58:18.914461Z,KXBTC15M-26OCT042100-00,0.9680,15.47,no
2026-10-05T00:58:18.918692Z,KXBTC15M-26OCT042100-00,0.9690,2.00,yes
2026-10-05T00:58:18.918692Z,KXBTC15M-26OCT042100-00,0.9690,2.00,yes
2026-10-05T00:58:18.918692Z,KXBTC15M-26OCT042100-00,0.9690,5.08,yes
2026-10-05T00:58:18.937662Z,KXBTC15M-26OCT042100-00,0.9680,2.60,no
2026-10-05T00:58:18.957513Z,KXBTC15M-26OCT042100-00,0.9690,10.63,yes
2026-10-05T00:58:18.957513Z,KXBTC15M-26OCT042100-00,0.9690,494.92,yes
2026-10-05T00:58:18.991549Z,KXBTC15M-26OCT042100-00,0.9690,0.01,yes
2026-10-05T00:58:18.991549Z,KXBTC15M-26OCT042100-00,0.9690,0.01,yes
2026-10-05T00:58:18.991549Z,KXBTC15M-26OCT042100-00,0.9700,9.98,yes
2026-10-05T00:58:19.001162Z,KXBTC15M-26OCT042100-00,0.9690,0.01,yes
2026-10-05T00:58:19.027572Z,KXBTC15M-26OCT042100-00,0.9700,79.12,yes
2026-10-05T00:58:19.032097Z,KXBTC15M-26OCT042100-00,0.9690,31.51,no
2026-10-05T00:58:19.05675Z,KXBTC15M-26OCT042100-00,0.9690,28.48,no
2026-10-05T00:58:19.05675Z,KXBTC15M-26OCT042100-00,0.9690,255.32,no
2026-10-05T00:58:19.05675Z,KXBTC15M-26OCT042100-00,0.9690,0.01,no
2026-10-05T00:58:19.05675Z,KXBTC15M-26OCT042100-00,0.9690,0.01,no
2026-10-05T00:58:19.076779Z,KXBTC15M-26OCT042100-00,0.9700,0.39,yes
2026-10-05T00:58:19.095656Z,KXBTC15M-26OCT042100-00,0.9700,25.24,yes
2026-10-05T00:58:19.114168Z,KXBTC15M-26OCT042100-00,0.9700,1.00,yes
2026-10-05T00:58:19.119322Z,KXBTC15M-26OCT042100-00,0.9700,1.97,yes
2026-10-05T00:58:19.146668Z,KXBTC15M-26OCT042100-00,0.9700,21.69,yes
2026-10-05T00:58:19.152017Z,KXBTC15M-26OCT042100-00,0.9690,14.03,no
2026-10-05T00:58:19.152017Z,KXBTC15M-26OCT042100-00,0.9690,0.01,no
2026-10-05T00:58:19.152017Z,KXBTC15M-26OCT042100-00,0.9690,0.01,no
2026-10-05T00:58:19.153713Z,KXBTC15M-26OCT042100-00,0.9700,0.01,yes
2026-10-05T00:58:19.153713Z,KXBTC15M-26OCT042100-00,0.9700,2.00,yes
2026-10-05T00:58:19.153713Z,KXBTC15M-26OCT042100-00,0.9700,50.00,yes
2026-10-05T00:58:19.153713Z,KXBTC15M-26OCT042100-00,0.9700,0.01,yes
2026-10-05T00:58:19.153713Z,KXBTC15M-26OCT042100-00,0.9700,402.29,yes
2026-10-05T00:58:19.153713Z,KXBTC15M-26OCT042100-00,0.9700,59.68,yes
2026-10-05T00:58:19.153713Z,KXBTC15M-26OCT042100-00,0.9700,25.00,yes
2026-10-05T00:58:19.194778Z,KXBTC15M-26OCT042100-00,0.9700,22.48,yes
2026-10-05T00:58:19.194778Z,KXBTC15M-26OCT042100-00,0.9700,97.71,yes
2026-10-05T00:58:19.199688Z,KXBTC15M-26OCT042100-00,0.9700,51.48,yes
2026-10-05T00:58:19.199688Z,KXBTC15M-26OCT042100-00,0.9700,8.52,yes
2026-10-05T00:58:19.206965Z,KXBTC15M-26OCT042100-00,0.9700,20.62,yes
2026-10-05T00:58:19.237851Z,KXBTC15M-26OCT042100-00,0.9690,1.37,no
2026-10-05T00:58:19.297744Z,KXBTC15M-26OCT042100-00,0.9690,25.85,no
2026-10-05T00:58:19.358042Z,KXBTC15M-26OCT042100-00,0.9690,2.92,no
2026-10-05T00:58:19.359478Z,KXBTC15M-26OCT042100-00,0.9690,18.13,no
2026-10-05T00:58:19.364018Z,KXBTC15M-26OCT042100-00,0.9700,5.02,yes
2026-10-05T00:58:19.364018Z,KXBTC15M-26OCT042100-00,0.9700,0.01,yes
2026-10-05T00:58:19.364018Z,KXBTC15M-26OCT042100-00,0.9700,0.01,yes
2026-10-05T00:58:19.380421Z,KXBTC15M-26OCT042100-00,0.9720,500.00,yes
2026-10-05T00:58:19.380421Z,KXBTC15M-26OCT042100-00,0.9720,2.00,yes
2026-10-05T00:58:19.380421Z,KXBTC15M-26OCT042100-00,0.9710,2.00,yes
2026-10-05T00:58:19.380421Z,KXBTC15M-26OCT042100-00,0.9720,2.00,yes
2026-10-05T00:58:19.380421Z,KXBTC15M-26OCT042100-00,0.9700,0.01,yes
2026-10-05T00:58:19.380421Z,KXBTC15M-26OCT042100-00,0.9700,44.98,yes
2026-10-05T00:58:19.380421Z,KXBTC15M-26OCT042100-00,0.9720,31.00,yes
2026-10-05T00:58:19.380421Z,KXBTC15M-26OCT042100-00,0.9710,364.09,yes
2026-10-05T00:58:19.380421Z,KXBTC15M-26OCT042100-00,0.9700,0.01,yes
2026-10-05T00:58:19.380421Z,KXBTC15M-26OCT042100-00,0.9720,1.00,yes
2026-10-05T00:58:19.381865Z,KXBTC15M-26OCT042100-00,0.9700,150.00,no
2026-10-05T00:58:19.381865Z,KXBTC15M-26OCT042100-00,0.9690,227.00,no
2026-10-05T00:58:19.38439Z,KXBTC15M-26OCT042100-00,0.9700,29.26,no
2026-10-05T00:58:19.408364Z,KXBTC15M-26OCT042100-00,0.9730,12.12,yes
2026-10-05T00:58:19.408364Z,KXBTC15M-26OCT042100-00,0.9710,0.01,yes
2026-10-05T00:58:19.408364Z,KXBTC15M-26OCT042100-00,0.9730,1.00,yes
2026-10-05T00:58:19.408364Z,KXBTC15M-26OCT042100-00,0.9710,0.01,yes
2026-10-05T00:58:19.408364Z,KXBTC15M-26OCT042100-00,0.9730,1.00,yes
2026-10-05T00:58:19.409681Z,KXBTC15M-26OCT042100-00,0.9710,100.00,no
2026-10-05T00:58:19.418556Z,KXBTC15M-26OCT042100-00,0.9730,8.54,yes
2026-10-05T00:58:19.418556Z,KXBTC15M-26OCT042100-00,0.9730,0.01,yes
2026-10-05T00:58:19.430688Z,KXBTC15M-26OCT042100-00,0.9710,6.23,no
2026-10-05T00:58:19.431205Z,KXBTC15M-26OCT042100-00,0.9710,43.77,no
2026-10-05T00:58:19.431205Z,KXBTC15M-26OCT042100-00,0.9710,0.01,no
2026-10-05T00:58:19.431205Z,KXBTC15M-26OCT042100-00,0.9710,2.74,no
2026-10-05T00:58:19.431205Z,KXBTC15M-26OCT042100-00,0.9710,0.01,no
2026-10-05T00:58:19.431205Z,KXBTC15M-26OCT042100-00,0.9710,12.00,no
2026-10-05T00:58:19.442508Z,KXBTC15M-26OCT042100-00,0.9710,10.43,no
2026-10-05T00:58:19.448131Z,KXBTC15M-26OCT042100-00,0.9710,96.99,no
2026-10-05T00:58:19.448131Z,KXBTC15M-26OCT042100-00,0.9710,186.83,no
2026-10-05T00:58:19.4492Z,KXBTC15M-26OCT042100-00,0.9750,2.00,yes
2026-10-05T00:58:19.4492Z,KXBTC15M-26OCT042100-00,0.9740,0.01,yes
2026-10-05T00:58:19.4492Z,KXBTC15M-26OCT042100-00,0.9750,2.00,yes
2026-10-05T00:58:19.4492Z,KXBTC15M-26OCT042100-00,0.9740,2.00,yes
2026-10-05T00:58:19.4492Z,KXBTC15M-26OCT042100-00,0.9750,15.28,yes
2026-10-05T00:58:19.4492Z,KXBTC15M-26OCT042100-00,0.9730,0.01,yes
2026-10-05T00:58:19.4492Z,KXBTC15M-26OCT042100-00,0.9750,25.00,yes
2026-10-05T00:58:19.4492Z,KXBTC15M-26OCT042100-00,0.9740,1.00,yes
2026-10-05T00:58:19.4492Z,KXBTC15M-26OCT042100-00,0.9750,1.00,yes
2026-10-05T00:58:19.452319Z,KXBTC15M-26OCT042100-00,0.9710,40.92,no
2026-10-05T00:58:19.463318Z,KXBTC15M-26OCT042100-00,0.9710,0.01,no
2026-10-05T00:58:19.463318Z,KXBTC15M-26OCT042100-00,0.9710,0.01,no
2026-10-05T00:58:19.463318Z,KXBTC15M-26OCT042100-00,0.9710,12.00,no
2026-10-05T00:58:19.463318Z,KXBTC15M-26OCT042100-00,0.9710,44.00,no
2026-10-05T00:58:19.463318Z,KXBTC15M-26OCT042100-00,0.9700,1330.34,no
2026-10-05T00:58:19.463474Z,KXBTC15M-26OCT042100-00,0.9730,0.01,yes
2026-10-05T00:58:19.463474Z,KXBTC15M-26OCT042100-00,0.9750,2.56,yes
2026-10-05T00:58:19.463474Z,KXBTC15M-26OCT042100-00,0.9730,100.00,yes
2026-10-05T00:58:19.464067Z,KXBTC15M-26OCT042100-00,0.9700,169.66,no
2026-10-05T00:58:19.464067Z,KXBTC15M-26OCT042100-00,0.9700,0.01,no
2026-10-05T00:58:19.464067Z,KXBTC15M-26OCT042100-00,0.9700,0.01,no
2026-10-05T00:58:19.464067Z,KXBTC15M-26OCT042100-00,0.9700,27.36,no
2026-10-05T00:58:19.467359Z,KXBTC15M-26OCT042100-00,0.9750,366.93,yes
2026-10-05T00:58:19.467359Z,KXBTC15M-26OCT042100-00,0.9740,9.00,yes
2026-10-05T00:58:19.467359Z,KXBTC15M-26OCT042100-00,0.9750,128.16,yes
2026-10-05T00:58:19.480953Z,KXBTC15M-26OCT042100-00,0.9730,70.00,yes
2026-10-05T00:58:19.510307Z,KXBTC15M-26OCT042100-00,0.9720,1.31,no
2026-10-05T00:58:19.541666Z,KXBTC15M-26OCT042100-00,0.9710,0.01,no
2026-10-05T00:58:19.541666Z,KXBTC15M-26OCT042100-00,0.9710,0.01,no
2026-10-05T00:58:19.541666Z,KXBTC15M-26OCT042100-00,0.9720,10.69,no
2026-10-05T00:58:19.541666Z,KXBTC15M-26OCT042100-00,0.9720,0.01,no
2026-10-05T00:58:19.541666Z,KXBTC15M-26OCT042100-00,0.9720,0.01,no
2026-10-05T00:58:19.541666Z,KXBTC15M-26OCT042100-00,0.9700,68.42,no
2026-10-05T00:58:19.541666Z,KXBTC15M-26OCT042100-00,0.9720,56.00,no
2026-10-05T00:58:19.574224Z,KXBTC15M-26OCT042100-00,0.9720,2.92,no
2026-10-05T00:58:19.630478Z,KXBTC15M-26OCT042100-00,0.9720,17.82,no
2026-10-05T00:58:19.640501Z,KXBTC15M-26OCT042100-00,0.9720,30.20,no
2026-10-05T00:58:19.643109Z,KXBTC15M-26OCT042100-00,0.9730,5.03,yes
2026-10-05T00:58:19.647341Z,KXBTC15M-26OCT042100-00,0.9720,0.01,no
2026-10-05T00:58:19.647341Z,KXBTC15M-26OCT042100-00,0.9720,0.01,no
2026-10-05T00:58:19.647341Z,KXBTC15M-26OCT042100-00,0.9720,2.45,no
2026-10-05T00:58:19.717582Z,KXBTC15M-26OCT042100-00,0.9730,146.64,yes
2026-10-05T00:58:19.742628Z,KXBTC15M-26OCT042100-00,0.9730,10.50,yes
2026-10-05T00:58:19.748538Z,KXBTC15M-26OCT042100-00,0.9720,100.00,no
2026-10-05T00:58:19.748538Z,KXBTC15M-26OCT042100-00,0.9720,6.76,no
2026-10-05T00:58:19.748538Z,KXBTC15M-26OCT042100-00,0.9720,0.01,no
2026-10-05T00:58:19.748538Z,KXBTC15M-26OCT042100-00,0.9720,0.01,no
2026-10-05T00:58:19.748578Z,KXBTC15M-26OCT042100-00,0.9730,5.12,yes
2026-10-05T00:58:19.758441Z,KXBTC15M-26OCT042100-00,0.9720,2.24,no
2026-10-05T00:58:19.777363Z,KXBTC15M-26OCT042100-00,0.9730,5.03,yes
2026-10-05T00:58:19.782165Z,KXBTC15M-26OCT042100-00,0.9730,5.00,yes
2026-10-05T00:58:19.796766Z,KXBTC15M-26OCT042100-00,0.9720,0.01,no
2026-10-05T00:58:19.796766Z,KXBTC15M-26OCT042100-00,0.9720,116.00,no
2026-10-05T00:58:19.796766Z,KXBTC15M-26OCT042100-00,0.9720,72.07,no
2026-10-05T00:58:19.796766Z,KXBTC15M-26OCT042100-00,0.9720,11.00,no
2026-10-05T00:58:19.809183Z,KXBTC15M-26OCT042100-00,0.9730,11.85,yes
2026-10-05T00:58:19.82952Z,KXBTC15M-26OCT042100-00,0.9720,9.20,no
2026-10-05T00:58:19.830442Z,KXBTC15M-26OCT042100-00,0.9730,11.28,yes
2026-10-05T00:58:19.835969Z,KXBTC15M-26OCT042100-00,0.9730,500.00,yes
2026-10-05T00:58:19.835969Z,KXBTC15M-26OCT042100-00,0.9730,0.01,yes
2026-10-05T00:58:19.835969Z,KXBTC15M-26OCT042100-00,0.9730,0.01,yes
2026-10-05T00:58:19.835969Z,KXBTC15M-26OCT042100-00,0.9730,299.55,yes
2026-10-05T00:58:19.835969Z,KXBTC15M-26OCT042100-00,0.9730,227.43,yes
2026-10-05T00:58:19.837642Z,KXBTC15M-26OCT042100-00,0.9710,157.84,no
2026-10-05T00:58:19.837642Z,KXBTC15M-26OCT042100-00,0.9720,0.01,no
2026-10-05T00:58:19.837642Z,KXBTC15M-26OCT042100-00,0.9720,0.01,no
2026-10-05T00:58:19.837642Z,KXBTC15M-26OCT042100-00,0.9720,18.73,no
2026-10-05T00:58:19.851595Z,KXBTC15M-26OCT042100-00,0.9720,252.04,yes
2026-10-05T00:58:19.908802Z,KXBTC15M-26OCT042100-00,0.9720,450.00,yes
2026-10-05T00:58:19.91559Z,KXBTC15M-26OCT042100-00,0.9730,0.08,yes
2026-10-05T00:58:19.91559Z,KXBTC15M-26OCT042100-00,0.9720,0.01,yes
2026-10-05T00:58:19.91559Z,KXBTC15M-26OCT042100-00,0.9720,0.01,yes
2026-10-05T00:58:19.956795Z,KXBTC15M-26OCT042100-00,0.9740,21.08,yes
2026-10-05T00:58:19.956795Z,KXBTC15M-26OCT042100-00,0.9730,0.01,yes
2026-10-05T00:58:19.956795Z,KXBTC15M-26OCT042100-00,0.9730,0.01,yes
2026-10-05T00:58:19.965604Z,KXBTC15M-26OCT042100-00,0.9740,0.01,yes
2026-10-05T00:58:19.965604Z,KXBTC15M-26OCT042100-00,0.9740,0.01,yes
2026-10-05T00:58:19.965604Z,KXBTC15M-26OCT042100-00,0.9750,23.29,yes
2026-10-05T00:58:19.970211Z,KXBTC15M-26OCT042100-00,0.9740,5.12,yes
2026-10-05T00:58:19.973323Z,KXBTC15M-26OCT042100-00,0.9720,32.28,no
2026-10-05T00:58:19.989273Z,KXBTC15M-26OCT042100-00,0.9720,32.35,no
2026-10-05T00:58:20.022397Z,KXBTC15M-26OCT042100-00,0.9720,66.85,no
2026-10-05T00:58:20.022397Z,KXBTC15M-26OCT042100-00,0.9720,0.01,no
2026-10-05T00:58:20.022397Z,KXBTC15M-26OCT042100-00,0.9720,0.01,no
2026-10-05T00:58:20.048857Z,KXBTC15M-26OCT042100-00,0.9730,153.59,yes
2026-10-05T00:58:20.050549Z,KXBTC15M-26OCT042100-00,0.9730,50.00,yes
2026-10-05T00:58:20.060832Z,KXBTC15M-26OCT042100-00,0.9720,21.70,no
2026-10-05T00:58:20.060832Z,KXBTC15M-26OCT042100-00,0.9720,33.15,no
2026-10-05T00:58:20.060832Z,KXBTC15M-26OCT042100-00,0.9720,12.00,no
2026-10-05T00:58:20.060832Z,KXBTC15M-26OCT042100-00,0.9720,0.01,no
2026-10-05T00:58:20.060832Z,KXBTC15M-26OCT042100-00,0.9720,0.01,no
2026-10-05T00:58:20.06223Z,KXBTC15M-26OCT042100-00,0.9730,108.34,yes
2026-10-05T00:58:20.06223Z,KXBTC15M-26OCT042100-00,0.9740,0.01,yes
2026-10-05T00:58:20.06223Z,KXBTC15M-26OCT042100-00,0.9750,224.32,yes
2026-10-05T00:58:20.06223Z,KXBTC15M-26OCT042100-00,0.9740,0.01,yes
2026-10-05T00:58:20.06223Z,KXBTC15M-26OCT042100-00,0.9730,0.01,yes
2026-10-05T00:58:20.06223Z,KXBTC15M-26OCT042100-00,0.9730,0.01,yes
2026-10-05T00:58:20.071569Z,KXBTC15M-26OCT042100-00,0.9730,0.01,yes
2026-10-05T00:58:20.071569Z,KXBTC15M-26OCT042100-00,0.9730,0.01,yes
2026-10-05T00:58:20.077483Z,KXBTC15M-26OCT042100-00,0.9750,96.81,yes
2026-10-05T00:58:20.077483Z,KXBTC15M-26OCT042100-00,0.9750,0.01,yes
2026-10-05T00:58:20.077483Z,KXBTC15M-26OCT042100-00,0.9750,0.01,yes
2026-10-05T00:58:20.077483Z,KXBTC15M-26OCT042100-00,0.9730,63.00,yes
2026-10-05T00:58:20.088178Z,KXBTC15M-26OCT042100-00,0.9720,160.05,no
2026-10-05T00:58:20.08931Z,KXBTC15M-26OCT042100-00,0.9730,0.01,yes
2026-10-05T00:58:20.08931Z,KXBTC15M-26OCT042100-00,0.9740,50.25,yes
2026-10-05T00:58:20.0971Z,KXBTC15M-26OCT042100-00,0.9720,0.31,no
2026-10-05T00:58:20.0971Z,KXBTC15M-26OCT042100-00,0.9720,26.65,no
2026-10-05T00:58:20.0971Z,KXBTC15M-26OCT042100-00,0.9720,0.01,no
2026-10-05T00:58:20.0971Z,KXBTC15M-26OCT042100-00,0.9720,100.00,no
2026-10-05T00:58:20.0971Z,KXBTC15M-26OCT042100-00,0.9720,0.01,no
2026-10-05T00:58:20.0971Z,KXBTC15M-26OCT042100-00,0.9720,200.00,no
2026-10-05T00:58:20.097534Z,KXBTC15M-26OCT042100-00,0.9750,60.03,yes
2026-10-05T00:58:20.097534Z,KXBTC15M-26OCT042100-00,0.9740,90.75,yes
2026-10-05T00:58:20.097534Z,KXBTC15M-26OCT042100-00,0.9740,0.01,yes
2026-10-05T00:58:20.107003Z,KXBTC15M-26OCT042100-00,0.9720,316.12,no
2026-10-05T00:58:20.117597Z,KXBTC15M-26OCT042100-00,0.9750,5.46,yes
2026-10-05T00:58:20.117597Z,KXBTC15M-26OCT042100-00,0.9740,0.01,yes
2026-10-05T00:58:20.117597Z,KXBTC15M-26OCT042100-00,0.9740,0.01,yes
2026-10-05T00:58:20.120695Z,KXBTC15M-26OCT042100-00,0.9730,100.31,no
2026-10-05T00:58:20.132039Z,KXBTC15M-26OCT042100-00,0.9740,100.51,yes
2026-10-05T00:58:20.132039Z,KXBTC15M-26OCT042100-00,0.9740,0.01,yes
2026-10-05T00:58:20.140109Z,KXBTC15M-26OCT042100-00,0.9750,16.20,yes
2026-10-05T00:58:20.140109Z,KXBTC15M-26OCT042100-00,0.9740,0.01,yes
2026-10-05T00:58:20.141897Z,KXBTC15M-26OCT042100-00,0.9750,48.17,yes
2026-10-05T00:58:20.164906Z,KXBTC15M-26OCT042100-00,0.9750,0.98,yes
2026-10-05T00:58:20.164906Z,KXBTC15M-26OCT042100-00,0.9750,0.01,yes
2026-10-05T00:58:20.164906Z,KXBTC15M-26OCT042100-00,0.9750,0.01,yes
2026-10-05T00:58:20.169034Z,KXBTC15M-26OCT042100-00,0.9740,6.23,no
2026-10-05T00:58:20.171656Z,KXBTC15M-26OCT042100-00,0.9750,20.09,yes
2026-10-05T00:58:20.186408Z,KXBTC15M-26OCT042100-00,0.9740,2.47,no
2026-10-05T00:58:20.189389Z,KXBTC15M-26OCT042100-00,0.9740,0.01,no
2026-10-05T00:58:20.189389Z,KXBTC15M-26OCT042100-00,0.9740,0.01,no
2026-10-05T00:58:20.189389Z,KXBTC15M-26OCT042100-00,0.9740,51.30,no
2026-10-05T00:58:20.189389Z,KXBTC15M-26OCT042100-00,0.9740,8.68,no
2026-10-05T00:58:20.203284Z,KXBTC15M-26OCT042100-00,0.9770,2.00,yes
2026-10-05T00:58:20.203284Z,KXBTC15M-26OCT042100-00,0.9780,2.00,yes
2026-10-05T00:58:20.203284Z,KXBTC15M-26OCT042100-00,0.9780,2.00,yes
2026-10-05T00:58:20.203284Z,KXBTC15M-26OCT042100-00,0.9770,2.00,yes
2026-10-05T00:58:20.203284Z,KXBTC15M-26OCT042100-00,0.9750,500.00,yes
2026-10-05T00:58:20.203284Z,KXBTC15M-26OCT042100-00,0.9790,2.00,yes
2026-10-05T00:58:20.203284Z,KXBTC15M-26OCT042100-00,0.9770,9.00,yes
2026-10-05T00:58:20.203284Z,KXBTC15M-26OCT042100-00,0.9790,2.00,yes
2026-10-05T00:58:20.203284Z,KXBTC15M-26OCT042100-00,0.9790,14.95,yes
2026-10-05T00:58:20.203284Z,KXBTC15M-26OCT042100-00,0.9750,400.00,yes
2026-10-05T00:58:20.203284Z,KXBTC15M-26OCT042100-00,0.9750,0.01,yes
2026-10-05T00:58:20.203284Z,KXBTC15M-26OCT042100-00,0.9750,41.00,yes
2026-10-05T00:58:20.203284Z,KXBTC15M-26OCT042100-00,0.9750,100.00,yes
2026-10-05T00:58:20.203284Z,KXBTC15M-26OCT042100-00,0.9760,308.27,yes
2026-10-05T00:58:20.203284Z,KXBTC15M-26OCT042100-00,0.9750,0.01,yes
2026-10-05T00:58:20.203284Z,KXBTC15M-26OCT042100-00,0.9780,500.00,yes
2026-10-05T00:58:20.203284Z,KXBTC15M-26OCT042100-00,0.9790,1.00,yes
2026-10-05T00:58:20.203284Z,KXBTC15M-26OCT042100-00,0.9760,160.00,yes
2026-10-05T00:58:20.203284Z,KXBTC15M-26OCT042100-00,0.9780,330.00,yes
2026-10-05T00:58:20.203284Z,KXBTC15M-26OCT042100-00,0.9780,1.00,yes
2026-10-05T00:58:20.203284Z,KXBTC15M-26OCT042100-00,0.9770,1.00,yes
2026-10-05T00:58:20.203284Z,KXBTC15M-26OCT042100-00,0.9760,1.00,yes
2026-10-05T00:58:20.203284Z,KXBTC15M-26OCT042100-00,0.9760,4.00,yes
2026-10-05T00:58:20.203284Z,KXBTC15M-26OCT042100-00,0.9790,27.00,yes
2026-10-05T00:58:20.204356Z,KXBTC15M-26OCT042100-00,0.9740,1.04,no
2026-10-05T00:58:20.227032Z,KXBTC15M-26OCT042100-00,0.9740,0.01,no
2026-10-05T00:58:20.227032Z,KXBTC15M-26OCT042100-00,0.9740,0.01,no
2026-10-05T00:58:20.227032Z,KXBTC15M-26OCT042100-00,0.9740,140.00,no
2026-10-05T00:58:20.227032Z,KXBTC15M-26OCT042100-00,0.9740,44.98,no
2026-10-05T00:58:20.259788Z,KXBTC15M-26OCT042100-00,0.9750,34.44,no
2026-10-05T00:58:20.259972Z,KXBTC15M-26OCT042100-00,0.9750,23.74,no
2026-10-05T00:58:20.264063Z,KXBTC15M-26OCT042100-00,0.9750,2.47,no
2026-10-05T00:58:20.264323Z,KXBTC15M-26OCT042100-00,0.9750,4.14,no
2026-10-05T00:58:20.275269Z,KXBTC15M-26OCT042100-00,0.9750,8.51,no
2026-10-05T00:58:20.275298Z,KXBTC15M-26OCT042100-00,0.9750,37.50,no
2026-10-05T00:58:20.275298Z,KXBTC15M-26OCT042100-00,0.9750,11.00,no
2026-10-05T00:58:20.275298Z,KXBTC15M-26OCT042100-00,0.9750,0.01,no
2026-10-05T00:58:20.275298Z,KXBTC15M-26OCT042100-00,0.9750,0.01,no
2026-10-05T00:58:20.275298Z,KXBTC15M-26OCT042100-00,0.9750,200.00,no
2026-10-05T00:58:20.275298Z,KXBTC15M-26OCT042100-00,0.9740,5.78,no
2026-10-05T00:58:20.275298Z,KXBTC15M-26OCT042100-00,0.9750,185.70,no
2026-10-05T00:58:20.297278Z,KXBTC15M-26OCT042100-00,0.9770,1.00,yes
2026-10-05T00:58:20.297278Z,KXBTC15M-26OCT042100-00,0.9790,150.00,yes
2026-10-05T00:58:20.297278Z,KXBTC15M-26OCT042100-00,0.9780,301.02,yes
2026-10-05T00:58:20.297278Z,KXBTC15M-26OCT042100-00,0.9760,0.01,yes
2026-10-05T00:58:20.297278Z,KXBTC15M-26OCT042100-00,0.9760,400.00,yes
2026-10-05T00:58:20.297278Z,KXBTC15M-26OCT042100-00,0.9780,200.00,yes
2026-10-05T00:58:20.297278Z,KXBTC15M-26OCT042100-00,0.9770,200.00,yes
2026-10-05T00:58:20.297278Z,KXBTC15M-26OCT042100-00,0.9760,0.01,yes
2026-10-05T00:58:20.297278Z,KXBTC15M-26OCT042100-00,0.9780,166.00,yes
2026-10-05T00:58:20.297278Z,KXBTC15M-26OCT042100-00,0.9760,100.00,yes
2026-10-05T00:58:20.297278Z,KXBTC15M-26OCT042100-00,0.9780,332.00,yes
2026-10-05T00:58:20.297278Z,KXBTC15M-26OCT042100-00,0.9790,73.09,yes
2026-10-05T00:58:20.297278Z,KXBTC15M-26OCT042100-00,0.9770,9.00,yes
2026-10-05T00:58:20.297278Z,KXBTC15M-26OCT042100-00,0.9800,11.00,yes
2026-10-05T00:58:20.297278Z,KXBTC15M-26OCT042100-00,0.9800,148.42,yes
2026-10-05T00:58:20.297278Z,KXBTC15M-26OCT042100-00,0.9800,330.00,yes
2026-10-05T00:58:20.297278Z,KXBTC15M-26OCT042100-00,0.9800,6.00,yes
2026-10-05T00:58:20.297278Z,KXBTC15M-26OCT042100-00,0.9800,200.00,yes
2026-10-05T00:58:20.313856Z,KXBTC15M-26OCT042100-00,0.9760,138.00,no
2026-10-05T00:58:20.323492Z,KXBTC15M-26OCT042100-00,0.9760,12.36,no
2026-10-05T00:58:20.348871Z,KXBTC15M-26OCT042100-00,0.9760,55.90,no
2026-10-05T00:58:20.377507Z,KXBTC15M-26OCT042100-00,0.9770,0.01,yes
2026-10-05T00:58:20.377507Z,KXBTC15M-26OCT042100-00,0.9770,1.00,yes
2026-10-05T00:58:20.377507Z,KXBTC15M-26OCT042100-00,0.9770,0.01,yes
2026-10-05T00:58:20.379239Z,KXBTC15M-26OCT042100-00,0.9760,28.94,no
2026-10-05T00:58:20.393512Z,KXBTC15M-26OCT042100-00,0.9770,87.01,yes
2026-10-05T00:58:20.458974Z,KXBTC15M-26OCT042100-00,0.9760,0.01,no
2026-10-05T00:58:20.458974Z,KXBTC15M-26OCT042100-00,0.9760,94.00,no
2026-10-05T00:58:20.458974Z,KXBTC15M-26OCT042100-00,0.9760,148.42,no
2026-10-05T00:58:20.458974Z,KXBTC15M-26OCT042100-00,0.9760,28.80,no
2026-10-05T00:58:20.458974Z,KXBTC15M-26OCT042100-00,0.9760,0.01,no
2026-10-05T00:58:20.458974Z,KXBTC15M-26OCT042100-00,0.9750,16.00,no
2026-10-05T00:58:20.458974Z,KXBTC15M-26OCT042100-00,0.9750,11.00,no
2026-10-05T00:58:20.458974Z,KXBTC15M-26OCT042100-00,0.9760,200.00,no
2026-10-05T00:58:20.458974Z,KXBTC15M-26OCT042100-00,0.9750,41.85,no
2026-10-05T00:58:20.462194Z,KXBTC15M-26OCT042100-00,0.9770,1.76,yes
2026-10-05T00:58:20.481991Z,KXBTC15M-26OCT042100-00,0.9750,6.93,no
2026-10-05T00:58:20.489406Z,KXBTC15M-26OCT042100-00,0.9760,2.00,yes
2026-10-05T00:58:20.489406Z,KXBTC15M-26OCT042100-00,0.9760,19.74,yes
2026-10-05T00:58:20.543154Z,KXBTC15M-26OCT042100-00,0.9750,0.66,no
2026-10-05T00:58:20.543154Z,KXBTC15M-26OCT042100-00,0.9750,1.07,no
2026-10-05T00:58:20.556217Z,KXBTC15M-26OCT042100-00,0.9770,0.24,yes
2026-10-05T00:58:20.556217Z,KXBTC15M-26OCT042100-00,0.9770,0.01,yes
2026-10-05T00:58:20.556217Z,KXBTC15M-26OCT042100-00,0.9770,0.01,yes
2026-10-05T00:58:20.556217Z,KXBTC15M-26OCT042100-00,0.9770,4.74,yes
2026-10-05T00:58:20.589426Z,KXBTC15M-26OCT042100-00,0.9760,29.75,no
2026-10-05T00:58:20.597903Z,KXBTC15M-26OCT042100-00,0.9760,10.00,no
2026-10-05T00:58:20.61925Z,KXBTC15M-26OCT042100-00,0.9770,13.28,yes
2026-10-05T00:58:20.622086Z,KXBTC15M-26OCT042100-00,0.9760,7.73,no
2026-10-05T00:58:20.69453Z,KXBTC15M-26OCT042100-00,0.9780,41.00,yes
2026-10-05T00:58:20.69453Z,KXBTC15M-26OCT042100-00,0.9780,2.00,yes
2026-10-05T00:58:20.69453Z,KXBTC15M-26OCT042100-00,0.9780,2.00,yes
2026-10-05T00:58:20.69453Z,KXBTC15M-26OCT042100-00,0.9780,6.79,yes
2026-10-05T00:58:20.731724Z,KXBTC15M-26OCT042100-00,0.9780,40.05,yes
2026-10-05T00:58:20.73953Z,KXBTC15M-26OCT042100-00,0.9770,297.59,no
2026-10-05T00:58:20.73953Z,KXBTC15M-26OCT042100-00,0.9770,0.01,no
2026-10-05T00:58:20.73953Z,KXBTC15M-26OCT042100-00,0.9770,0.01,no
2026-10-05T00:58:20.73953Z,KXBTC15M-26OCT042100-00,0.9770,200.00,no
2026-10-05T00:58:20.73953Z,KXBTC15M-26OCT042100-00,0.9770,402.55,no
2026-10-05T00:58:20.745982Z,KXBTC15M-26OCT042100-00,0.9780,2.04,yes
2026-10-05T00:58:20.765827Z,KXBTC15M-26OCT042100-00,0.9770,13.24,no
2026-10-05T00:58:20.765827Z,KXBTC15M-26OCT042100-00,0.9770,397.45,no
2026-10-05T00:58:20.767564Z,KXBTC15M-26OCT042100-00,0.9770,22.02,no
2026-10-05T00:58:20.772388Z,KXBTC15M-26OCT042100-00,0.9770,34.67,no
2026-10-05T00:58:20.775833Z,KXBTC15M-26OCT042100-00,0.9770,61.23,no
2026-10-05T00:58:20.784207Z,KXBTC15M-26OCT042100-00,0.9780,2.04,yes
2026-10-05T00:58:20.791742Z,KXBTC15M-26OCT042100-00,0.9770,1.08,no
2026-10-05T00:58:20.799951Z,KXBTC15M-26OCT042100-00,0.9780,0.39,yes
2026-10-05T00:58:20.811979Z,KXBTC15M-26OCT042100-00,0.9780,10.01,yes
2026-10-05T00:58:20.840764Z,KXBTC15M-26OCT042100-00,0.9780,9.02,yes
2026-10-05T00:58:20.848611Z,KXBTC15M-26OCT042100-00,0.9770,10.00,no
2026-10-05T00:58:20.860727Z,KXBTC15M-26OCT042100-00,0.9770,500.00,no
2026-10-05T00:58:20.860727Z,KXBTC15M-26OCT042100-00,0.9770,570.48,no
2026-10-05T00:58:20.860727Z,KXBTC15M-26OCT042100-00,0.9770,57.76,no
2026-10-05T00:58:20.860727Z,KXBTC15M-26OCT042100-00,0.9770,0.01,no
2026-10-05T00:58:20.860727Z,KXBTC15M-26OCT042100-00,0.9770,200.00,no
2026-10-05T00:58:20.860727Z,KXBTC15M-26OCT042100-00,0.9770,0.01,no
2026-10-05T00:58:20.860727Z,KXBTC15M-26OCT042100-00,0.9770,12.00,no
2026-10-05T00:58:20.901706Z,KXBTC15M-26OCT042100-00,0.9770,195.01,no
2026-10-05T00:58:20.907747Z,KXBTC15M-26OCT042100-00,0.9770,20.29,no
2026-10-05T00:58:20.907747Z,KXBTC15M-26OCT042100-00,0.9770,34.51,no
2026-10-05T00:58:20.910804Z,KXBTC15M-26OCT042100-00,0.9770,16.47,no
2026-10-05T00:58:20.941102Z,KXBTC15M-26OCT042100-00,0.9770,63.90,no
2026-10-05T00:58:20.966184Z,KXBTC15M-26OCT042100-00,0.9780,15.86,yes
2026-10-05T00:58:20.968668Z,KXBTC15M-26OCT042100-00,0.9770,309.40,no
2026-10-05T00:58:21.012906Z,KXBTC15M-26OCT042100-00,0.9780,13.80,yes
2026-10-05T00:58:21.012906Z,KXBTC15M-26OCT042100-00,0.9780,38.08,yes
2026-10-05T00:58:21.021796Z,KXBTC15M-26OCT042100-00,0.9800,1.00,yes
2026-10-05T00:58:21.021796Z,KXBTC15M-26OCT042100-00,0.9800,1.06,yes
2026-10-05T00:58:21.021796Z,KXBTC15M-26OCT042100-00,0.9800,50.00,yes
2026-10-05T00:58:21.021796Z,KXBTC15M-26OCT042100-00,0.9800,58.00,yes
2026-10-05T00:58:21.021796Z,KXBTC15M-26OCT042100-00,0.9780,0.01,yes
2026-10-05T00:58:21.021796Z,KXBTC15M-26OCT042100-00,0.9780,361.92,yes
2026-10-05T00:58:21.021796Z,KXBTC15M-26OCT042100-00,0.9810,151.44,yes
2026-10-05T00:58:21.021796Z,KXBTC15M-26OCT042100-00,0.9790,33.00,yes
2026-10-05T00:58:21.021796Z,KXBTC15M-26OCT042100-00,0.9780,0.01,yes
2026-10-05T00:58:21.021796Z,KXBTC15M-26OCT042100-00,0.9780,100.00,yes
2026-10-05T00:58:21.021796Z,KXBTC15M-26OCT042100-00,0.9800,1.24,yes
2026-10-05T00:58:21.021796Z,KXBTC15M-26OCT042100-00,0.9800,0.60,yes
2026-10-05T00:58:21.021796Z,KXBTC15M-26OCT042100-00,0.9800,0.53,yes
2026-10-05T00:58:21.021796Z,KXBTC15M-26OCT042100-00,0.9800,1.64,yes
2026-10-05T00:58:21.021796Z,KXBTC15M-26OCT042100-00,0.9800,2.68,yes
2026-10-05T00:58:21.021796Z,KXBTC15M-26OCT042100-00,0.9800,0.42,yes
2026-10-05T00:58:21.021796Z,KXBTC15M-26OCT042100-00,0.9800,1.16,yes
2026-10-05T00:58:21.021796Z,KXBTC15M-26OCT042100-00,0.9800,42.55,yes
2026-10-05T00:58:21.021796Z,KXBTC15M-26OCT042100-00,0.9800,4.27,yes
2026-10-05T00:58:21.021796Z,KXBTC15M-26OCT042100-00,0.9810,150.00,yes
2026-10-05T00:58:21.021796Z,KXBTC15M-26OCT042100-00,0.9800,1.58,yes
2026-10-05T00:58:21.021796Z,KXBTC15M-26OCT042100-00,0.9810,1.00,yes
2026-10-05T00:58:21.021796Z,KXBTC15M-26OCT042100-00,0.9800,1.00,yes
2026-10-05T00:58:21.021796Z,KXBTC15M-26OCT042100-00,0.9800,10.00,yes
2026-10-05T00:58:21.021796Z,KXBTC15M-26OCT042100-00,0.9800,25.00,yes
2026-10-05T00:58:21.051605Z,KXBTC15M-26OCT042100-00,0.9800,2.99,yes
2026-10-05T00:58:21.071535Z,KXBTC15M-26OCT042100-00,0.9790,1.58,no
2026-10-05T00:58:21.071535Z,KXBTC15M-26OCT042100-00,0.9790,2.00,no
2026-10-05T00:58:21.071535Z,KXBTC15M-26OCT042100-00,0.9790,0.01,no
2026-10-05T00:58:21.071535Z,KXBTC15M-26OCT042100-00,0.9790,22.37,no
2026-10-05T00:58:21.071535Z,KXBTC15M-26OCT042100-00,0.9790,0.01,no
2026-10-05T00:58:21.071535Z,KXBTC15M-26OCT042100-00,0.9790,2.00,no
2026-10-05T00:58:21.084629Z,KXBTC15M-26OCT042100-00,0.9790,38.40,no
2026-10-05T00:58:21.085041Z,KXBTC15M-26OCT042100-00,0.9790,0.53,no
2026-10-05T00:58:21.098756Z,KXBTC15M-26OCT042100-00,0.9790,5.00,no
2026-10-05T00:58:21.130872Z,KXBTC15M-26OCT042100-00,0.9790,1.06,no
2026-10-05T00:58:21.165346Z,KXBTC15M-26OCT042100-00,0.9790,81.39,no
2026-10-05T00:58:21.185071Z,KXBTC15M-26OCT042100-00,0.9830,11.00,yes
2026-10-05T00:58:21.185071Z,KXBTC15M-26OCT042100-00,0.9800,100.00,yes
2026-10-05T00:58:21.185071Z,KXBTC15M-26OCT042100-00,0.9800,147.01,yes
2026-10-05T00:58:21.185071Z,KXBTC15M-26OCT042100-00,0.9800,400.00,yes
2026-10-05T00:58:21.185071Z,KXBTC15M-26OCT042100-00,0.9800,50.00,yes
2026-10-05T00:58:21.185071Z,KXBTC15M-26OCT042100-00,0.9810,38.00,yes
2026-10-05T00:58:21.185071Z,KXBTC15M-26OCT042100-00,0.9800,0.01,yes
2026-10-05T00:58:21.185071Z,KXBTC15M-26OCT042100-00,0.9800,0.01,yes
2026-10-05T00:58:21.185071Z,KXBTC15M-26OCT042100-00,0.9830,150.00,yes
2026-10-05T00:58:21.185071Z,KXBTC15M-26OCT042100-00,0.9820,150.00,yes
2026-10-05T00:58:21.185071Z,KXBTC15M-26OCT042100-00,0.9840,151.97,yes
2026-10-05T00:58:21.185071Z,KXBTC15M-26OCT042100-00,0.9830,1.00,yes
2026-10-05T00:58:21.185071Z,KXBTC15M-26OCT042100-00,0.9820,1.00,yes
2026-10-05T00:58:21.208394Z,KXBTC15M-26OCT042100-00,0.9800,150.00,yes
2026-10-05T00:58:21.208394Z,KXBTC15M-26OCT042100-00,0.9800,1.96,yes
2026-10-05T00:58:21.208394Z,KXBTC15M-26OCT042100-00,0.9800,0.01,yes
2026-10-05T00:58:21.222669Z,KXBTC15M-26OCT042100-00,0.9800,6.00,yes
2026-10-05T00:58:21.252896Z,KXBTC15M-26OCT042100-00,0.9790,609.49,no
2026-10-05T00:58:21.252896Z,KXBTC15M-26OCT042100-00,0.9790,244.73,no
2026-10-05T00:58:21.252896Z,KXBTC15M-26OCT042100-00,0.9790,200.00,no
2026-10-05T00:58:21.252896Z,KXBTC15M-26OCT042100-00,0.9790,0.01,no
2026-10-05T00:58:21.252896Z,KXBTC15M-26OCT042100-00,0.9790,0.01,no
2026-10-05T00:58:21.252896Z,KXBTC15M-26OCT042100-00,0.9790,1.25,no
2026-10-05T00:58:21.256123Z,KXBTC15M-26OCT042100-00,0.9790,103.00,no
2026-10-05T00:58:21.271015Z,KXBTC15M-26OCT042100-00,0.9800,11.94,yes
2026-10-05T00:58:21.283823Z,KXBTC15M-26OCT042100-00,0.9800,30.10,yes
2026-10-05T00:58:21.283823Z,KXBTC15M-26OCT042100-00,0.9800,2.58,yes
2026-10-05T00:58:21.319201Z,KXBTC15M-26OCT042100-00,0.9790,2604.25,no
2026-10-05T00:58:21.348316Z,KXBTC15M-26OCT042100-00,0.9800,97.42,yes
2026-10-05T00:58:21.348316Z,KXBTC15M-26OCT042100-00,0.9800,71.59,yes
2026-10-05T00:58:21.363206Z,KXBTC15M-26OCT042100-00,0.9790,5.00,no
2026-10-05T00:58:21.374642Z,KXBTC15M-26OCT042100-00,0.9800,1.00,yes
2026-10-05T00:58:21.382667Z,KXBTC15M-26OCT042100-00,0.9800,320.97,yes
2026-10-05T00:58:21.385339Z,KXBTC15M-26OCT042100-00,0.9800,0.01,yes
2026-10-05T00:58:21.385339Z,KXBTC15M-26OCT042100-00,0.9800,28.77,yes
2026-10-05T00:58:21.385339Z,KXBTC15M-26OCT042100-00,0.9800,0.01,yes
2026-10-05T00:58:21.385339Z,KXBTC15M-26OCT042100-00,0.9800,6.44,yes
2026-10-05T00:58:21.404668Z,KXBTC15M-26OCT042100-00,0.9790,0.42,no
2026-10-05T00:58:21.414125Z,KXBTC15M-26OCT042100-00,0.9800,1.19,yes
2026-10-05T00:58:21.420401Z,KXBTC15M-26OCT042100-00,0.9790,25.25,no
2026-10-05T00:58:21.425873Z,KXBTC15M-26OCT042100-00,0.9790,3.74,no
2026-10-05T00:58:21.430506Z,KXBTC15M-26OCT042100-00,0.9790,10.00,no
2026-10-05T00:58:21.431001Z,KXBTC15M-26OCT042100-00,0.9790,20.00,no
2026-10-05T00:58:21.436924Z,KXBTC15M-26OCT042100-00,0.9800,100.00,yes
2026-10-05T00:58:21.436924Z,KXBTC15M-26OCT042100-00,0.9800,0.01,yes
2026-10-05T00:58:21.436924Z,KXBTC15M-26OCT042100-00,0.9800,20.04,yes
2026-10-05T00:58:21.436924Z,KXBTC15M-26OCT042100-00,0.9800,388.98,yes
2026-10-05T00:58:21.438753Z,KXBTC15M-26OCT042100-00,0.9800,8.20,yes
2026-10-05T00:58:21.439481Z,KXBTC15M-26OCT042100-00,0.9790,40.85,no
2026-10-05T00:58:21.439481Z,KXBTC15M-26OCT042100-00,0.9790,0.01,no
2026-10-05T00:58:21.439481Z,KXBTC15M-26OCT042100-00,0.9790,22.13,no
2026-10-05T00:58:21.439481Z,KXBTC15M-26OCT042100-00,0.9790,0.01,no
2026-10-05T00:58:21.514823Z,KXBTC15M-26OCT042100-00,0.9790,1.15,no
2026-10-05T00:58:21.520442Z,KXBTC15M-26OCT042100-00,0.9830,11.00,yes
2026-10-05T00:58:21.520442Z,KXBTC15M-26OCT042100-00,0.9820,36.00,yes
2026-10-05T00:58:21.520442Z,KXBTC15M-26OCT042100-00,0.9830,17.00,yes
2026-10-05T00:58:21.520442Z,KXBTC15M-26OCT042100-00,0.9800,50.00,yes
2026-10-05T00:58:21.520442Z,KXBTC15M-26OCT042100-00,0.9800,0.01,yes
2026-10-05T00:58:21.520442Z,KXBTC15M-26OCT042100-00,0.9800,400.00,yes
2026-10-05T00:58:21.520442Z,KXBTC15M-26OCT042100-00,0.9810,193.00,yes
2026-10-05T00:58:21.520442Z,KXBTC15M-26OCT042100-00,0.9810,200.00,yes
2026-10-05T00:58:21.520442Z,KXBTC15M-26OCT042100-00,0.9800,0.01,yes
2026-10-05T00:58:21.520442Z,KXBTC15M-26OCT042100-00,0.9810,150.00,yes
2026-10-05T00:58:21.520442Z,KXBTC15M-26OCT042100-00,0.9800,183.00,yes
2026-10-05T00:58:21.520442Z,KXBTC15M-26OCT042100-00,0.9800,100.00,yes
2026-10-05T00:58:21.520442Z,KXBTC15M-26OCT042100-00,0.9840,399.57,yes
2026-10-05T00:58:21.526964Z,KXBTC15M-26OCT042100-00,0.9840,384.00,yes
2026-10-05T00:58:21.526964Z,KXBTC15M-26OCT042100-00,0.9840,119.36,yes
2026-10-05T00:58:21.526964Z,KXBTC15M-26OCT042100-00,0.9840,310.46,yes
2026-10-05T00:58:21.526964Z,KXBTC15M-26OCT042100-00,0.9840,384.00,yes
2026-10-05T00:58:21.553351Z,KXBTC15M-26OCT042100-00,0.9810,100.00,yes
2026-10-05T00:58:21.553351Z,KXBTC15M-26OCT042100-00,0.9810,0.01,yes
2026-10-05T00:58:21.553351Z,KXBTC15M-26OCT042100-00,0.9810,0.01,yes
2026-10-05T00:58:21.553351Z,KXBTC15M-26OCT042100-00,0.9810,150.00,yes
2026-10-05T00:58:21.553351Z,KXBTC15M-26OCT042100-00,0.9810,149.55,yes
2026-10-05T00:58:21.58038Z,KXBTC15M-26OCT042100-00,0.9810,164.68,yes
2026-10-05T00:58:21.58038Z,KXBTC15M-26OCT042100-00,0.9810,145.78,yes
2026-10-05T00:58:21.615081Z,KXBTC15M-26OCT042100-00,0.9800,119.36,no
2026-10-05T00:58:21.615081Z,KXBTC15M-26OCT042100-00,0.9800,16.64,no
2026-10-05T00:58:21.615081Z,KXBTC15M-26OCT042100-00,0.9800,384.00,no
2026-10-05T00:58:21.668367Z,KXBTC15M-26OCT042100-00,0.9800,193.59,no
2026-10-05T00:58:21.668367Z,KXBTC15M-26OCT042100-00,0.9800,145.36,no
2026-10-05T00:58:21.668971Z,KXBTC15M-26OCT042100-00,0.9800,8.91,no
2026-10-05T00:58:21.67887Z,KXBTC15M-26OCT042100-00,0.9800,10.00,no
2026-10-05T00:58:21.682633Z,KXBTC15M-26OCT042100-00,0.9800,26.43,no
2026-10-05T00:58:21.682633Z,KXBTC15M-26OCT042100-00,0.9800,150.00,no
2026-10-05T00:58:21.682633Z,KXBTC15M-26OCT042100-00,0.9800,150.00,no
2026-10-05T00:58:21.682633Z,KXBTC15M-26OCT042100-00,0.9800,171.50,no
2026-10-05T00:58:21.684149Z,KXBTC15M-26OCT042100-00,0.9800,187.12,no
2026-10-05T00:58:21.695101Z,KXBTC15M-26OCT042100-00,0.9800,26.58,no
2026-10-05T00:58:21.718125Z,KXBTC15M-26OCT042100-00,0.9800,211.84,no
2026-10-05T00:58:21.719931Z,KXBTC15M-26OCT042100-00,0.9790,139.74,no
2026-10-05T00:58:21.719931Z,KXBTC15M-26OCT042100-00,0.9790,75.00,no
2026-10-05T00:58:21.719931Z,KXBTC15M-26OCT042100-00,0.9800,200.00,no
2026-10-05T00:58:21.719931Z,KXBTC15M-26OCT042100-00,0.9800,0.01,no
2026-10-05T00:58:21.719931Z,KXBTC15M-26OCT042100-00,0.9800,0.01,no
2026-10-05T00:58:21.719931Z,KXBTC15M-26OCT042100-00,0.9800,2.00,no
2026-10-05T00:58:21.761335Z,KXBTC15M-26OCT042100-00,0.9780,23.98,no
2026-10-05T00:58:21.761335Z,KXBTC15M-26OCT042100-00,0.9780,2.00,no
2026-10-05T00:58:21.761335Z,KXBTC15M-26OCT042100-00,0.9800,0.01,no
2026-10-05T00:58:21.761335Z,KXBTC15M-26OCT042100-00,0.9780,2.00,no
2026-10-05T00:58:21.761335Z,KXBTC15M-26OCT042100-00,0.9790,2.00,no
2026-10-05T00:58:21.761335Z,KXBTC15M-26OCT042100-00,0.9800,0.01,no
2026-10-05T00:58:21.762742Z,KXBTC15M-26OCT042100-00,0.9780,5.34,no
2026-10-05T00:58:21.764608Z,KXBTC15M-26OCT042100-00,0.9810,1.76,yes
2026-10-05T00:58:21.773703Z,KXBTC15M-26OCT042100-00,0.9780,25.99,no
2026-10-05T00:58:21.773703Z,KXBTC15M-26OCT042100-00,0.9800,0.01,no
2026-10-05T00:58:21.778876Z,KXBTC15M-26OCT042100-00,0.9800,0.01,no
2026-10-05T00:58:21.778876Z,KXBTC15M-26OCT042100-00,0.9800,0.01,no
2026-10-05T00:58:21.778876Z,KXBTC15M-26OCT042100-00,0.9780,29.98,no
2026-10-05T00:58:21.779084Z,KXBTC15M-26OCT042100-00,0.9780,30.00,no
2026-10-05T00:58:21.807025Z,KXBTC15M-26OCT042100-00,0.9810,8.98,yes
2026-10-05T00:58:21.845756Z,KXBTC15M-26OCT042100-00,0.9800,800.00,no
2026-10-05T00:58:21.845756Z,KXBTC15M-26OCT042100-00,0.9800,237.37,no
2026-10-05T00:58:21.845756Z,KXBTC15M-26OCT042100-00,0.9800,200.00,no
2026-10-05T00:58:21.845756Z,KXBTC15M-26OCT042100-00,0.9800,0.01,no
2026-10-05T00:58:21.845756Z,KXBTC15M-26OCT042100-00,0.9800,2.00,no
2026-10-05T00:58:21.845756Z,KXBTC15M-26OCT042100-00,0.9800,0.01,no
2026-10-05T00:58:21.877213Z,KXBTC15M-26OCT042100-00,0.9800,3.52,yes
2026-10-05T00:58:21.899661Z,KXBTC15M-26OCT042100-00,0.9790,0.01,no
2026-10-05T00:58:21.899661Z,KXBTC15M-26OCT042100-00,0.9780,9.58,no
2026-10-05T00:58:21.899661Z,KXBTC15M-26OCT042100-00,0.9790,0.01,no
2026-10-05T00:58:21.933675Z,KXBTC15M-26OCT042100-00,0.9780,5.00,no
2026-10-05T00:58:21.956233Z,KXBTC15M-26OCT042100-00,0.9790,11.45,yes
2026-10-05T00:58:21.974841Z,KXBTC15M-26OCT042100-00,0.9790,10.18,yes
2026-10-05T00:58:22.032074Z,KXBTC15M-26OCT042100-00,0.9780,0.80,no
2026-10-05T00:58:22.032074Z,KXBTC15M-26OCT042100-00,0.9780,10.13,no
2026-10-05T00:58:22.037301Z,KXBTC15M-26OCT042100-00,0.9790,100.00,yes
2026-10-05T00:58:22.038578Z,KXBTC15M-26OCT042100-00,0.9780,1.64,no
2026-10-05T00:58:22.077195Z,KXBTC15M-26OCT042100-00,0.9780,90.00,no
2026-10-05T00:58:22.077195Z,KXBTC15M-26OCT042100-00,0.9780,17.61,no
2026-10-05T00:58:22.077195Z,KXBTC15M-26OCT042100-00,0.9780,0.01,no
2026-10-05T00:58:22.077195Z,KXBTC15M-26OCT042100-00,0.9780,0.01,no
2026-10-05T00:58:22.077195Z,KXBTC15M-26OCT042100-00,0.9780,9.56,no
2026-10-05T00:58:22.077195Z,KXBTC15M-26OCT042100-00,0.9780,6.00,no
2026-10-05T00:58:22.077889Z,KXBTC15M-26OCT042100-00,0.9790,9.00,yes
2026-10-05T00:58:22.077889Z,KXBTC15M-26OCT042100-00,0.9790,0.01,yes
2026-10-05T00:58:22.077889Z,KXBTC15M-26OCT042100-00,0.9790,0.01,yes
2026-10-05T00:58:22.077889Z,KXBTC15M-26OCT042100-00,0.9790,181.30,yes
2026-10-05T00:58:22.077889Z,KXBTC15M-26OCT042100-00,0.9790,9.68,yes
2026-10-05T00:58:22.088682Z,KXBTC15M-26OCT042100-00,0.9790,10.19,yes
2026-10-05T00:58:22.111585Z,KXBTC15M-26OCT042100-00,0.9780,0.01,no
2026-10-05T00:58:22.111585Z,KXBTC15M-26OCT042100-00,0.9780,32.39,no
2026-10-05T00:58:22.111585Z,KXBTC15M-26OCT042100-00,0.9780,0.01,no
2026-10-05T00:58:22.111585Z,KXBTC15M-26OCT042100-00,0.9770,172.08,no
2026-10-05T00:58:22.195565Z,KXBTC15M-26OCT042100-00,0.9770,25.76,no
2026-10-05T00:58:22.195565Z,KXBTC15M-26OCT042100-00,0.9770,2.00,no
2026-10-05T00:58:22.195565Z,KXBTC15M-26OCT042100-00,0.9770,2.00,no
2026-10-05T00:58:22.195767Z,KXBTC15M-26OCT042100-00,0.9770,0.01,no
2026-10-05T00:58:22.195767Z,KXBTC15M-26OCT042100-00,0.9750,93.75,no
2026-10-05T00:58:22.195767Z,KXBTC15M-26OCT042100-00,0.9760,200.00,no
2026-10-05T00:58:22.195767Z,KXBTC15M-26OCT042100-00,0.9750,93.75,no
2026-10-05T00:58:22.195767Z,KXBTC15M-26OCT042100-00,0.9770,200.00,no
2026-10-05T00:58:22.195767Z,KXBTC15M-26OCT042100-00,0.9750,15.00,no
2026-10-05T00:58:22.195767Z,KXBTC15M-26OCT042100-00,0.9770,0.01,no
2026-10-05T00:58:22.195767Z,KXBTC15M-26OCT042100-00,0.9740,206.14,no
2026-10-05T00:58:22.195767Z,KXBTC15M-26OCT042100-00,0.9760,2.00,no
2026-10-05T00:58:22.195767Z,KXBTC15M-26OCT042100-00,0.9760,2.00,no
2026-10-05T00:58:22.195767Z,KXBTC15M-26OCT042100-00,0.9750,2.00,no
2026-10-05T00:58:22.195767Z,KXBTC15M-26OCT042100-00,0.9770,74.24,no
2026-10-05T00:58:22.195767Z,KXBTC15M-26OCT042100-00,0.9750,15.00,no
2026-10-05T00:58:22.195767Z,KXBTC15M-26OCT042100-00,0.9750,2.00,no
2026-10-05T00:58:22.195767Z,KXBTC15M-26OCT042100-00,0.9750,11.00,no
2026-10-05T00:58:22.233234Z,KXBTC15M-26OCT042100-00,0.9770,0.01,no
2026-10-05T00:58:22.233234Z,KXBTC15M-26OCT042100-00,0.9770,0.01,no
2026-10-05T00:58:22.233234Z,KXBTC15M-26OCT042100-00,0.9750,1.03,no
2026-10-05T00:58:22.233234Z,KXBTC15M-26OCT042100-00,0.9740,144.62,no
2026-10-05T00:58:22.233234Z,KXBTC15M-26OCT042100-00,0.9750,1.02,no
2026-10-05T00:58:22.241628Z,KXBTC15M-26OCT042100-00,0.9700,300.00,no
2026-10-05T00:58:22.241628Z,KXBTC15M-26OCT042100-00,0.9750,0.01,no
2026-10-05T00:58:22.241628Z,KXBTC15M-26OCT042100-00,0.9730,150.00,no
2026-10-05T00:58:22.241628Z,KXBTC15M-26OCT042100-00,0.9710,2.00,no
2026-10-05T00:58:22.241628Z,KXBTC15M-26OCT042100-00,0.9720,12.00,no
2026-10-05T00:58:22.241628Z,KXBTC15M-26OCT042100-00,0.9720,2.00,no
2026-10-05T00:58:22.241628Z,KXBTC15M-26OCT042100-00,0.9720,2.00,no
2026-10-05T00:58:22.241628Z,KXBTC15M-26OCT042100-00,0.9750,0.01,no
2026-10-05T00:58:22.241628Z,KXBTC15M-26OCT042100-00,0.9710,2.00,no
2026-10-05T00:58:22.241628Z,KXBTC15M-26OCT042100-00,0.9730,69.00,no
2026-10-05T00:58:22.241628Z,KXBTC15M-26OCT042100-00,0.9700,100.00,no
2026-10-05T00:58:22.241628Z,KXBTC15M-26OCT042100-00,0.9700,100.00,no
2026-10-05T00:58:22.241628Z,KXBTC15M-26OCT042100-00,0.9710,215.00,no
2026-10-05T00:58:22.241628Z,KXBTC15M-26OCT042100-00,0.9700,93.75,no
2026-10-05T00:58:22.241628Z,KXBTC15M-26OCT042100-00,0.9700,82.00,no
2026-10-05T00:58:22.241628Z,KXBTC15M-26OCT042100-00,0.9740,215.00,no
2026-10-05T00:58:22.241628Z,KXBTC15M-26OCT042100-00,0.9700,15.00,no
2026-10-05T00:58:22.241628Z,KXBTC15M-26OCT042100-00,0.9710,500.00,no
2026-10-05T00:58:22.241628Z,KXBTC15M-26OCT042100-00,0.9700,64.00,no
2026-10-05T00:58:22.241628Z,KXBTC15M-26OCT042100-00,0.9700,64.00,no
2026-10-05T00:58:22.241628Z,KXBTC15M-26OCT042100-00,0.9720,25.00,no
2026-10-05T00:58:22.241628Z,KXBTC15M-26OCT042100-00,0.9730,200.00,no
2026-10-05T00:58:22.241628Z,KXBTC15M-26OCT042100-00,0.9700,634.22,no
2026-10-05T00:58:22.258611Z,KXBTC15M-26OCT042100-00,0.9740,0.01,no
2026-10-05T00:58:22.258611Z,KXBTC15M-26OCT042100-00,0.9740,0.01,no
2026-10-05T00:58:22.258611Z,KXBTC15M-26OCT042100-00,0.9730,28.08,no
2026-10-05T00:58:22.272Z,KXBTC15M-26OCT042100-00,0.9710,12.00,no
2026-10-05T00:58:22.272Z,KXBTC15M-26OCT042100-00,0.9730,0.01,no
2026-10-05T00:58:22.272Z,KXBTC15M-26OCT042100-00,0.9700,80.59,no
2026-10-05T00:58:22.272Z,KXBTC15M-26OCT042100-00,0.9740,0.01,no
2026-10-05T00:58:22.272Z,KXBTC15M-26OCT042100-00,0.9720,0.01,no
2026-10-05T00:58:22.272Z,KXBTC15M-26OCT042100-00,0.9730,121.92,no
2026-10-05T00:58:22.272Z,KXBTC15M-26OCT042100-00,0.9700,15.00,no
2026-10-05T00:58:22.272Z,KXBTC15M-26OCT042100-00,0.9700,365.78,no
2026-10-05T00:58:22.307454Z,KXBTC15M-26OCT042100-00,0.9740,0.01,no
2026-10-05T00:58:22.307454Z,KXBTC15M-26OCT042100-00,0.9740,0.01,no
2026-10-05T00:58:22.311549Z,KXBTC15M-26OCT042100-00,0.9740,69.35,no
2026-10-05T00:58:22.375715Z,KXBTC15M-26OCT042100-00,0.9740,0.01,no
2026-10-05T00:58:22.375715Z,KXBTC15M-26OCT042100-00,0.9740,290.81,no
2026-10-05T00:58:22.375715Z,KXBTC15M-26OCT042100-00,0.9740,30.64,no
2026-10-05T00:58:22.380934Z,KXBTC15M-26OCT042100-00,0.9740,109.19,no
2026-10-05T00:58:22.380934Z,KXBTC15M-26OCT042100-00,0.9740,149.44,no
2026-10-05T00:58:22.401371Z,KXBTC15M-26OCT042100-00,0.9750,54.05,yes
2026-10-05T00:58:22.404071Z,KXBTC15M-26OCT042100-00,0.9750,18.70,yes
2026-10-05T00:58:22.423293Z,KXBTC15M-26OCT042100-00,0.9750,0.15,yes
2026-10-05T00:58:22.428939Z,KXBTC15M-26OCT042100-00,0.9750,25.49,yes
2026-10-05T00:58:22.447511Z,KXBTC15M-26OCT042100-00,0.9740,0.01,no
2026-10-05T00:58:22.447511Z,KXBTC15M-26OCT042100-00,0.9740,87.82,no
2026-10-05T00:58:22.447511Z,KXBTC15M-26OCT042100-00,0.9740,0.01,no
2026-10-05T00:58:22.447511Z,KXBTC15M-26OCT042100-00,0.9740,200.00,no
2026-10-05T00:58:22.447511Z,KXBTC15M-26OCT042100-00,0.9740,2.00,no
2026-10-05T00:58:22.447511Z,KXBTC15M-26OCT042100-00,0.9740,428.35,no
2026-10-05T00:58:22.461985Z,KXBTC15M-26OCT042100-00,0.9750,10.00,yes
2026-10-05T00:58:22.482244Z,KXBTC15M-26OCT042100-00,0.9740,65.52,no
2026-10-05T00:58:22.483473Z,KXBTC15M-26OCT042100-00,0.9740,100.00,no
2026-10-05T00:58:22.483473Z,KXBTC15M-26OCT042100-00,0.9740,6.13,no
2026-10-05T00:58:22.483473Z,KXBTC15M-26OCT042100-00,0.9740,41.44,no
2026-10-05T00:58:22.508235Z,KXBTC15M-26OCT042100-00,0.9740,107.56,no
2026-10-05T00:58:22.509906Z,KXBTC15M-26OCT042100-00,0.9740,86.07,no
2026-10-05T00:58:22.556947Z,KXBTC15M-26OCT042100-00,0.9740,9.22,no
2026-10-05T00:58:22.580234Z,KXBTC15M-26OCT042100-00,0.9740,2.52,no
2026-10-05T00:58:22.585146Z,KXBTC15M-26OCT042100-00,0.9750,5.09,yes
2026-10-05T00:58:22.602129Z,KXBTC15M-26OCT042100-00,0.9740,0.31,no
2026-10-05T00:58:22.604793Z,KXBTC15M-26OCT042100-00,0.9740,5.57,no
2026-10-05T00:58:22.613582Z,KXBTC15M-26OCT042100-00,0.9750,18.28,yes
2026-10-05T00:58:22.642007Z,KXBTC15M-26OCT042100-00,0.9740,30.03,no
2026-10-05T00:58:22.699778Z,KXBTC15M-26OCT042100-00,0.9740,23.46,no
2026-10-05T00:58:22.700245Z,KXBTC15M-26OCT042100-00,0.9750,20.36,yes
2026-10-05T00:58:22.70283Z,KXBTC15M-26OCT042100-00,0.9750,204.76,yes
2026-10-05T00:58:22.712448Z,KXBTC15M-26OCT042100-00,0.9740,0.01,no
2026-10-05T00:58:22.712448Z,KXBTC15M-26OCT042100-00,0.9740,0.01,no
2026-10-05T00:58:22.712448Z,KXBTC15M-26OCT042100-00,0.9740,93.82,no
2026-10-05T00:58:22.712448Z,KXBTC15M-26OCT042100-00,0.9740,68.11,no
2026-10-05T00:58:22.738194Z,KXBTC15M-26OCT042100-00,0.9750,10.23,yes
2026-10-05T00:58:22.770081Z,KXBTC15M-26OCT042100-00,0.9750,13.23,yes
2026-10-05T00:58:22.807197Z,KXBTC15M-26OCT042100-00,0.9750,0.01,yes
2026-10-05T00:58:22.819434Z,KXBTC15M-26OCT042100-00,0.9740,0.01,no
2026-10-05T00:58:22.819434Z,KXBTC15M-26OCT042100-00,0.9740,29.98,no
2026-10-05T00:58:22.819434Z,KXBTC15M-26OCT042100-00,0.9740,0.01,no
2026-10-05T00:58:22.940258Z,KXBTC15M-26OCT042100-00,0.9730,137.66,no
2026-10-05T00:58:22.940258Z,KXBTC15M-26OCT042100-00,0.9740,0.01,no
2026-10-05T00:58:22.940258Z,KXBTC15M-26OCT042100-00,0.9740,0.01,no
2026-10-05T00:58:22.958291Z,KXBTC15M-26OCT042100-00,0.9730,4.22,no
2026-10-05T00:58:22.958291Z,KXBTC15M-26OCT042100-00,0.9740,0.01,no
2026-10-05T00:58:23.012864Z,KXBTC15M-26OCT042100-00,0.9750,26.60,yes
2026-10-05T00:58:23.027808Z,KXBTC15M-26OCT042100-00,0.9780,500.00,yes
2026-10-05T00:58:23.027808Z,KXBTC15M-26OCT042100-00,0.9760,200.00,yes
2026-10-05T00:58:23.027808Z,KXBTC15M-26OCT042100-00,0.9780,2.00,yes
2026-10-05T00:58:23.027808Z,KXBTC15M-26OCT042100-00,0.9750,93.05,yes
2026-10-05T00:58:23.027808Z,KXBTC15M-26OCT042100-00,0.9750,200.00,yes
2026-10-05T00:58:23.027808Z,KXBTC15M-26OCT042100-00,0.9790,26.93,yes
2026-10-05T00:58:23.027808Z,KXBTC15M-26OCT042100-00,0.9770,9.00,yes
2026-10-05T00:58:23.027808Z,KXBTC15M-26OCT042100-00,0.9750,400.00,yes
2026-10-05T00:58:23.027808Z,KXBTC15M-26OCT042100-00,0.9750,0.01,yes
2026-10-05T00:58:23.027808Z,KXBTC15M-26OCT042100-00,0.9780,2.00,yes
2026-10-05T00:58:23.027808Z,KXBTC15M-26OCT042100-00,0.9750,0.01,yes
2026-10-05T00:58:23.027808Z,KXBTC15M-26OCT042100-00,0.9750,100.00,yes
2026-10-05T00:58:23.027808Z,KXBTC15M-26OCT042100-00,0.9750,500.00,yes
2026-10-05T00:58:23.031549Z,KXBTC15M-26OCT042100-00,0.9790,2.00,yes
2026-10-05T00:58:23.031549Z,KXBTC15M-26OCT042100-00,0.9790,2.00,yes
2026-10-05T00:58:23.031549Z,KXBTC15M-26OCT042100-00,0.9790,20.11,yes
2026-10-05T00:58:23.031549Z,KXBTC15M-26OCT042100-00,0.9790,81.00,yes
2026-10-05T00:58:23.031549Z,KXBTC15M-26OCT042100-00,0.9790,147.07,yes
2026-10-05T00:58:23.031549Z,KXBTC15M-26OCT042100-00,0.9800,657.87,yes
2026-10-05T00:58:23.052283Z,KXBTC15M-26OCT042100-00,0.9720,3.82,no
2026-10-05T00:58:23.052283Z,KXBTC15M-26OCT042100-00,0.9730,0.01,no
2026-10-05T00:58:23.052283Z,KXBTC15M-26OCT042100-00,0.9740,0.01,no
2026-10-05T00:58:23.052283Z,KXBTC15M-26OCT042100-00,0.9740,0.01,no
2026-10-05T00:58:23.052283Z,KXBTC15M-26OCT042100-00,0.9730,10.00,no
2026-10-05T00:58:23.052283Z,KXBTC15M-26OCT042100-00,0.9730,8.12,no
2026-10-05T00:58:23.052283Z,KXBTC15M-26OCT042100-00,0.9730,0.01,no
2026-10-05T00:58:23.052283Z,KXBTC15M-26OCT042100-00,0.9730,2.00,no
2026-10-05T00:58:23.052283Z,KXBTC15M-26OCT042100-00,0.9730,2.00,no
2026-10-05T00:58:23.089596Z,KXBTC15M-26OCT042100-00,0.9740,0.01,no
2026-10-05T00:58:23.089596Z,KXBTC15M-26OCT042100-00,0.9740,0.01,no
2026-10-05T00:58:23.089596Z,KXBTC15M-26OCT042100-00,0.9740,10.40,no
2026-10-05T00:58:23.091988Z,KXBTC15M-26OCT042100-00,0.9740,18.00,no
2026-10-05T00:58:23.112134Z,KXBTC15M-26OCT042100-00,0.9750,0.01,yes
2026-10-05T00:58:23.112134Z,KXBTC15M-26OCT042100-00,0.9750,0.01,yes
2026-10-05T00:58:23.112134Z,KXBTC15M-26OCT042100-00,0.9750,395.42,yes
2026-10-05T00:58:23.112134Z,KXBTC15M-26OCT042100-00,0.9750,100.00,yes
2026-10-05T00:58:23.112134Z,KXBTC15M-26OCT042100-00,0.9750,295.79,yes
2026-10-05T00:58:23.115373Z,KXBTC15M-26OCT042100-00,0.9740,18.82,no
2026-10-05T00:58:23.131084Z,KXBTC15M-26OCT042100-00,0.9720,32.84,no
2026-10-05T00:58:23.131084Z,KXBTC15M-26OCT042100-00,0.9740,0.01,no
2026-10-05T00:58:23.131084Z,KXBTC15M-26OCT042100-00,0.9740,0.01,no
2026-10-05T00:58:23.131084Z,KXBTC15M-26OCT042100-00,0.9730,10.00,no
2026-10-05T00:58:23.131084Z,KXBTC15M-26OCT042100-00,0.9740,42.78,no
2026-10-05T00:58:23.148929Z,KXBTC15M-26OCT042100-00,0.9720,16.78,no
2026-10-05T00:58:23.148929Z,KXBTC15M-26OCT042100-00,0.9730,0.01,no
2026-10-05T00:58:23.148929Z,KXBTC15M-26OCT042100-00,0.9730,0.01,no
2026-10-05T00:58:23.148929Z,KXBTC15M-26OCT042100-00,0.9730,10.00,no
2026-10-05T00:58:23.176546Z,KXBTC15M-26OCT042100-00,0.9730,0.20,no
2026-10-05T00:58:23.203814Z,KXBTC15M-26OCT042100-00,0.9750,1.00,yes
2026-10-05T00:58:23.203814Z,KXBTC15M-26OCT042100-00,0.9790,9.00,yes
2026-10-05T00:58:23.203814Z,KXBTC15M-26OCT042100-00,0.9750,200.00,yes
2026-10-05T00:58:23.203814Z,KXBTC15M-26OCT042100-00,0.9750,0.01,yes
2026-10-05T00:58:23.203814Z,KXBTC15M-26OCT042100-00,0.9760,200.00,yes
2026-10-05T00:58:23.203814Z,KXBTC15M-26OCT042100-00,0.9750,100.00,yes
2026-10-05T00:58:23.203814Z,KXBTC15M-26OCT042100-00,0.9750,13.00,yes
2026-10-05T00:58:23.203814Z,KXBTC15M-26OCT042100-00,0.9750,0.01,yes
2026-10-05T00:58:23.203814Z,KXBTC15M-26OCT042100-00,0.9750,1.00,yes
2026-10-05T00:58:23.203814Z,KXBTC15M-26OCT042100-00,0.9800,49.51,yes
2026-10-05T00:58:23.223417Z,KXBTC15M-26OCT042100-00,0.9760,500.00,yes
2026-10-05T00:58:23.223417Z,KXBTC15M-26OCT042100-00,0.9750,100.00,yes
2026-10-05T00:58:23.223417Z,KXBTC15M-26OCT042100-00,0.9790,9.00,yes
2026-10-05T00:58:23.223417Z,KXBTC15M-26OCT042100-00,0.9800,1380.37,yes
2026-10-05T00:58:23.23579Z,KXBTC15M-26OCT042100-00,0.9750,0.01,yes
2026-10-05T00:58:23.23579Z,KXBTC15M-26OCT042100-00,0.9750,0.01,yes
2026-10-05T00:58:23.23579Z,KXBTC15M-26OCT042100-00,0.9750,14.12,yes
2026-10-05T00:58:23.237502Z,KXBTC15M-26OCT042100-00,0.9730,5.26,no
2026-10-05T00:58:23.269552Z,KXBTC15M-26OCT042100-00,0.9740,13.99,no
2026-10-05T00:58:23.271885Z,KXBTC15M-26OCT042100-00,0.9740,10.03,no
2026-10-05T00:58:23.287708Z,KXBTC15M-26OCT042100-00,0.9740,0.01,no
2026-10-05T00:58:23.287708Z,KXBTC15M-26OCT042100-00,0.9730,3.72,no
2026-10-05T00:58:23.287708Z,KXBTC15M-26OCT042100-00,0.9740,0.01,no
2026-10-05T00:58:23.328518Z,KXBTC15M-26OCT042100-00,0.9750,34.41,yes
2026-10-05T00:58:23.340124Z,KXBTC15M-26OCT042100-00,0.9750,98.22,yes
2026-10-05T00:58:23.3648Z,KXBTC15M-26OCT042100-00,0.9720,15.64,no
2026-10-05T00:58:23.3648Z,KXBTC15M-26OCT042100-00,0.9730,0.01,no
2026-10-05T00:58:23.3648Z,KXBTC15M-26OCT042100-00,0.9730,10.00,no
2026-10-05T00:58:23.3648Z,KXBTC15M-26OCT042100-00,0.9730,0.01,no
2026-10-05T00:58:23.3648Z,KXBTC15M-26OCT042100-00,0.9740,0.01,no
2026-10-05T00:58:23.374723Z,KXBTC15M-26OCT042100-00,0.9720,51.00,no
2026-10-05T00:58:23.374723Z,KXBTC15M-26OCT042100-00,0.9730,10.00,no
2026-10-05T00:58:23.403566Z,KXBTC15M-26OCT042100-00,0.9730,35.00,no
2026-10-05T00:58:23.416546Z,KXBTC15M-26OCT042100-00,0.9720,370.64,no
2026-10-05T00:58:23.416546Z,KXBTC15M-26OCT042100-00,0.9730,10.00,no
2026-10-05T00:58:23.416546Z,KXBTC15M-26OCT042100-00,0.9730,141.04,no
2026-10-05T00:58:23.430924Z,KXBTC15M-26OCT042100-00,0.9750,18.00,yes
2026-10-05T00:58:23.449361Z,KXBTC15M-26OCT042100-00,0.9750,5.09,yes
2026-10-05T00:58:23.47791Z,KXBTC15M-26OCT042100-00,0.9750,0.01,yes
2026-10-05T00:58:23.47791Z,KXBTC15M-26OCT042100-00,0.9750,244.28,yes
2026-10-05T00:58:23.47791Z,KXBTC15M-26OCT042100-00,0.9750,0.01,yes
2026-10-05T00:58:23.47791Z,KXBTC15M-26OCT042100-00,0.9750,61.63,yes
2026-10-05T00:58:23.510841Z,KXBTC15M-26OCT042100-00,0.9750,1.02,yes
2026-10-05T00:58:23.545614Z,KXBTC15M-26OCT042100-00,0.9750,1.02,yes
2026-10-05T00:58:23.57424Z,KXBTC15M-26OCT042100-00,0.9730,10.56,no
2026-10-05T00:58:23.613183Z,KXBTC15M-26OCT042100-00,0.9790,9.00,yes
2026-10-05T00:58:23.613183Z,KXBTC15M-26OCT042100-00,0.9790,100.00,yes
2026-10-05T00:58:23.613183Z,KXBTC15M-26OCT042100-00,0.9750,0.01,yes
2026-10-05T00:58:23.613183Z,KXBTC15M-26OCT042100-00,0.9750,36.33,yes
2026-10-05T00:58:23.613183Z,KXBTC15M-26OCT042100-00,0.9790,2.00,yes
2026-10-05T00:58:23.613183Z,KXBTC15M-26OCT042100-00,0.9750,0.01,yes
2026-10-05T00:58:23.613183Z,KXBTC15M-26OCT042100-00,0.9800,26.15,yes
2026-10-05T00:58:23.619118Z,KXBTC15M-26OCT042100-00,0.9730,122.95,no
2026-10-05T00:58:23.621288Z,KXBTC15M-26OCT042100-00,0.9740,25.00,yes
2026-10-05T00:58:23.646824Z,KXBTC15M-26OCT042100-00,0.9740,11.98,no
2026-10-05T00:58:23.646824Z,KXBTC15M-26OCT042100-00,0.9740,0.01,no
2026-10-05T00:58:23.646824Z,KXBTC15M-26OCT042100-00,0.9740,0.01,no
2026-10-05T00:58:23.664715Z,KXBTC15M-26OCT042100-00,0.9750,7.98,yes
2026-10-05T00:58:23.664715Z,KXBTC15M-26OCT042100-00,0.9750,0.01,yes
2026-10-05T00:58:23.664715Z,KXBTC15M-26OCT042100-00,0.9750,0.01,yes
2026-10-05T00:58:23.670651Z,KXBTC15M-26OCT042100-00,0.9740,21.44,no
2026-10-05T00:58:23.681114Z,KXBTC15M-26OCT042100-00,0.9740,33.07,no
2026-10-05T00:58:23.681114Z,KXBTC15M-26OCT042100-00,0.9740,0.01,no
2026-10-05T00:58:23.681114Z,KXBTC15M-26OCT042100-00,0.9740,0.01,no
2026-10-05T00:58:23.681114Z,KXBTC15M-26OCT042100-00,0.9740,6.00,no
2026-10-05T00:58:23.681114Z,KXBTC15M-26OCT042100-00,0.9730,8.53,no
2026-10-05T00:58:23.747546Z,KXBTC15M-26OCT042100-00,0.9750,0.01,yes
2026-10-05T00:58:23.747546Z,KXBTC15M-26OCT042100-00,0.9750,55.00,yes
2026-10-05T00:58:23.747546Z,KXBTC15M-26OCT042100-00,0.9750,0.01,yes
2026-10-05T00:58:23.747546Z,KXBTC15M-26OCT042100-00,0.9750,200.00,yes
2026-10-05T00:58:23.758331Z,KXBTC15M-26OCT042100-00,0.9740,1.11,no
2026-10-05T00:58:23.779893Z,KXBTC15M-26OCT042100-00,0.9730,0.01,no
2026-10-05T00:58:23.779893Z,KXBTC15M-26OCT042100-00,0.9740,0.01,no
2026-10-05T00:58:23.779893Z,KXBTC15M-26OCT042100-00,0.9730,0.01,no
2026-10-05T00:58:23.779893Z,KXBTC15M-26OCT042100-00,0.9740,3.89,no
2026-10-05T00:58:23.779893Z,KXBTC15M-26OCT042100-00,0.9730,5.00,no
2026-10-05T00:58:23.779893Z,KXBTC15M-26OCT042100-00,0.9730,1.47,no
2026-10-05T00:58:23.779893Z,KXBTC15M-26OCT042100-00,0.9740,0.01,no
2026-10-05T00:58:23.809682Z,KXBTC15M-26OCT042100-00,0.9740,1.00,no
2026-10-05T00:58:23.827654Z,KXBTC15M-26OCT042100-00,0.9750,0.98,yes
2026-10-05T00:58:23.827654Z,KXBTC15M-26OCT042100-00,0.9750,0.01,yes
2026-10-05T00:58:23.827654Z,KXBTC15M-26OCT042100-00,0.9750,0.01,yes
2026-10-05T00:58:23.846611Z,KXBTC15M-26OCT042100-00,0.9730,3.53,no
2026-10-05T00:58:23.846611Z,KXBTC15M-26OCT042100-00,0.9730,0.01,no
2026-10-05T00:58:23.846611Z,KXBTC15M-26OCT042100-00,0.9730,5.00,no
2026-10-05T00:58:23.846611Z,KXBTC15M-26OCT042100-00,0.9730,0.71,no
2026-10-05T00:58:23.846611Z,KXBTC15M-26OCT042100-00,0.9740,5.00,no
2026-10-05T00:58:23.893786Z,KXBTC15M-26OCT042100-00,0.9730,0.01,no
2026-10-05T00:58:23.893786Z,KXBTC15M-26OCT042100-00,0.9730,4.24,no
2026-10-05T00:58:23.893786Z,KXBTC15M-26OCT042100-00,0.9740,5.00,no
2026-10-05T00:58:23.893786Z,KXBTC15M-26OCT042100-00,0.9730,5.76,no
2026-10-05T00:58:23.893786Z,KXBTC15M-26OCT042100-00,0.9730,26.86,no
2026-10-05T00:58:23.901851Z,KXBTC15M-26OCT042100-00,0.9750,7.31,yes
2026-10-05T00:58:23.927856Z,KXBTC15M-26OCT042100-00,0.9730,8.63,no
2026-10-05T00:58:23.935609Z,KXBTC15M-26OCT042100-00,0.9750,0.94,yes
2026-10-05T00:58:24.003287Z,KXBTC15M-26OCT042100-00,0.9750,4.02,yes
2026-10-05T00:58:24.015517Z,KXBTC15M-26OCT042100-00,0.9720,400.04,no
2026-10-05T00:58:24.030814Z,KXBTC15M-26OCT042100-00,0.9720,6.93,no
2026-10-05T00:58:24.065323Z,KXBTC15M-26OCT042100-00,0.9840,500.00,yes
2026-10-05T00:58:24.065323Z,KXBTC15M-26OCT042100-00,0.9800,10.00,yes
2026-10-05T00:58:24.065323Z,KXBTC15M-26OCT042100-00,0.9800,525.33,yes
2026-10-05T00:58:24.065323Z,KXBTC15M-26OCT042100-00,0.9820,35.00,yes
2026-10-05T00:58:24.065323Z,KXBTC15M-26OCT042100-00,0.9840,17.00,yes
2026-10-05T00:58:24.065323Z,KXBTC15M-26OCT042100-00,0.9800,50.00,yes
2026-10-05T00:58:24.065323Z,KXBTC15M-26OCT042100-00,0.9810,500.00,yes
2026-10-05T00:58:24.065323Z,KXBTC15M-26OCT042100-00,0.9770,2.00,yes
2026-10-05T00:58:24.065323Z,KXBTC15M-26OCT042100-00,0.9760,200.00,yes
2026-10-05T00:58:24.065323Z,KXBTC15M-26OCT042100-00,0.9790,213.00,yes
2026-10-05T00:58:24.065323Z,KXBTC15M-26OCT042100-00,0.9750,0.01,yes
2026-10-05T00:58:24.065323Z,KXBTC15M-26OCT042100-00,0.9750,200.00,yes
2026-10-05T00:58:24.065323Z,KXBTC15M-26OCT042100-00,0.9820,150.00,yes
2026-10-05T00:58:24.065323Z,KXBTC15M-26OCT042100-00,0.9780,2.00,yes
2026-10-05T00:58:24.065323Z,KXBTC15M-26OCT042100-00,0.9800,15.00,yes
2026-10-05T00:58:24.065323Z,KXBTC15M-26OCT042100-00,0.9780,9.00,yes
2026-10-05T00:58:24.065323Z,KXBTC15M-26OCT042100-00,0.9750,87.73,yes
2026-10-05T00:58:24.065323Z,KXBTC15M-26OCT042100-00,0.9800,15.00,yes
2026-10-05T00:58:24.065323Z,KXBTC15M-26OCT042100-00,0.9800,2.00,yes
2026-10-05T00:58:24.065323Z,KXBTC15M-26OCT042100-00,0.9800,93.75,yes
2026-10-05T00:58:24.065323Z,KXBTC15M-26OCT042100-00,0.9800,64.00,yes
2026-10-05T00:58:24.065323Z,KXBTC15M-26OCT042100-00,0.9750,500.00,yes
2026-10-05T00:58:24.065323Z,KXBTC15M-26OCT042100-00,0.9800,93.75,yes
2026-10-05T00:58:24.065323Z,KXBTC15M-26OCT042100-00,0.9790,2.00,yes
2026-10-05T00:58:24.065323Z,KXBTC15M-26OCT042100-00,0.9810,2.00,yes
2026-10-05T00:58:24.065323Z,KXBTC15M-26OCT042100-00,0.9790,174.00,yes
2026-10-05T00:58:24.065323Z,KXBTC15M-26OCT042100-00,0.9750,0.01,yes
2026-10-05T00:58:24.065323Z,KXBTC15M-26OCT042100-00,0.9790,2.00,yes
2026-10-05T00:58:24.065323Z,KXBTC15M-26OCT042100-00,0.9800,64.00,yes
2026-10-05T00:58:24.065323Z,KXBTC15M-26OCT042100-00,0.9810,75.78,yes
2026-10-05T00:58:24.065323Z,KXBTC15M-26OCT042100-00,0.9830,430.00,yes
2026-10-05T00:58:24.065323Z,KXBTC15M-26OCT042100-00,0.9830,215.00,yes
2026-10-05T00:58:24.065323Z,KXBTC15M-26OCT042100-00,0.9840,1.00,yes
2026-10-05T00:58:24.065323Z,KXBTC15M-26OCT042100-00,0.9840,384.00,yes
2026-10-05T00:58:24.065323Z,KXBTC15M-26OCT042100-00,0.9850,313.04,yes
2026-10-05T00:58:24.065323Z,KXBTC15M-26OCT042100-00,0.9840,264.64,yes
2026-10-05T00:58:24.065323Z,KXBTC15M-26OCT042100-00,0.9840,150.00,yes
2026-10-05T00:58:24.065323Z,KXBTC15M-26OCT042100-00,0.9850,6.00,yes
2026-10-05T00:58:24.065323Z,KXBTC15M-26OCT042100-00,0.9840,660.00,yes
2026-10-05T00:58:24.088344Z,KXBTC15M-26OCT042100-00,0.9790,1.00,yes
2026-10-05T00:58:24.088344Z,KXBTC15M-26OCT042100-00,0.9750,0.01,yes
2026-10-05T00:58:24.088344Z,KXBTC15M-26OCT042100-00,0.9750,0.01,yes
2026-10-05T00:58:24.09529Z,KXBTC15M-26OCT042100-00,0.9790,167.83,no
2026-10-05T00:58:24.105132Z,KXBTC15M-26OCT042100-00,0.9800,0.01,yes
2026-10-05T00:58:24.105132Z,KXBTC15M-26OCT042100-00,0.9800,0.01,yes
2026-10-05T00:58:24.105132Z,KXBTC15M-26OCT042100-00,0.9800,10.00,yes
2026-10-05T00:58:24.106189Z,KXBTC15M-26OCT042100-00,0.9820,2.00,yes
2026-10-05T00:58:24.106189Z,KXBTC15M-26OCT042100-00,0.9820,78.40,yes
2026-10-05T00:58:24.106189Z,KXBTC15M-26OCT042100-00,0.9800,40.00,yes
2026-10-05T00:58:24.120232Z,KXBTC15M-26OCT042100-00,0.9800,0.01,yes
2026-10-05T00:58:24.120232Z,KXBTC15M-26OCT042100-00,0.9800,24.43,yes
2026-10-05T00:58:24.120232Z,KXBTC15M-26OCT042100-00,0.9800,0.01,yes
2026-10-05T00:58:24.144409Z,KXBTC15M-26OCT042100-00,0.9800,1.18,yes
2026-10-05T00:58:24.154061Z,KXBTC15M-26OCT042100-00,0.9790,244.95,no
2026-10-05T00:58:24.157797Z,KXBTC15M-26OCT042100-00,0.9790,15.20,no
2026-10-05T00:58:24.157797Z,KXBTC15M-26OCT042100-00,0.9790,0.01,no
2026-10-05T00:58:24.157797Z,KXBTC15M-26OCT042100-00,0.9790,0.01,no
2026-10-05T00:58:24.157797Z,KXBTC15M-26OCT042100-00,0.9790,10.50,no
2026-10-05T00:58:24.191004Z,KXBTC15M-26OCT042100-00,0.9800,12.14,yes
2026-10-05T00:58:24.191004Z,KXBTC15M-26OCT042100-00,0.9800,24.39,yes
2026-10-05T00:58:24.206161Z,KXBTC15M-26OCT042100-00,0.9800,0.01,yes
2026-10-05T00:58:24.206161Z,KXBTC15M-26OCT042100-00,0.9800,98.33,yes
2026-10-05T00:58:24.206161Z,KXBTC15M-26OCT042100-00,0.9800,87.86,yes
2026-10-05T00:58:24.206161Z,KXBTC15M-26OCT042100-00,0.9800,0.01,yes
2026-10-05T00:58:24.2431Z,KXBTC15M-26OCT042100-00,0.9800,100.32,yes
2026-10-05T00:58:24.243624Z,KXBTC15M-26OCT042100-00,0.9800,84.10,yes
2026-10-05T00:58:24.247522Z,KXBTC15M-26OCT042100-00,0.9790,1.00,no
2026-10-05T00:58:24.272117Z,KXBTC15M-26OCT042100-00,0.9790,34.67,no
2026-10-05T00:58:24.284087Z,KXBTC15M-26OCT042100-00,0.9790,34.08,no
2026-10-05T00:58:24.284853Z,KXBTC15M-26OCT042100-00,0.9790,0.01,no
2026-10-05T00:58:24.284853Z,KXBTC15M-26OCT042100-00,0.9780,170.73,no
2026-10-05T00:58:24.284853Z,KXBTC15M-26OCT042100-00,0.9790,80.25,no
2026-10-05T00:58:24.284853Z,KXBTC15M-26OCT042100-00,0.9790,0.01,no
2026-10-05T00:58:24.315594Z,KXBTC15M-26OCT042100-00,0.9850,15.00,yes
2026-10-05T00:58:24.315594Z,KXBTC15M-26OCT042100-00,0.9830,2.00,yes
2026-10-05T00:58:24.315594Z,KXBTC15M-26OCT042100-00,0.9830,17.00,yes
2026-10-05T00:58:24.315594Z,KXBTC15M-26OCT042100-00,0.9790,0.01,yes
2026-10-05T00:58:24.315594Z,KXBTC15M-26OCT042100-00,0.9790,100.00,yes
2026-10-05T00:58:24.315594Z,KXBTC15M-26OCT042100-00,0.9790,1.00,yes
2026-10-05T00:58:24.315594Z,KXBTC15M-26OCT042100-00,0.9800,200.00,yes
2026-10-05T00:58:24.315594Z,KXBTC15M-26OCT042100-00,0.9850,93.75,yes
2026-10-05T00:58:24.315594Z,KXBTC15M-26OCT042100-00,0.9820,150.00,yes
2026-10-05T00:58:24.315594Z,KXBTC15M-26OCT042100-00,0.9840,11.00,yes
2026-10-05T00:58:24.315594Z,KXBTC15M-26OCT042100-00,0.9800,277.10,yes
2026-10-05T00:58:24.315594Z,KXBTC15M-26OCT042100-00,0.9850,64.00,yes
2026-10-05T00:58:24.315594Z,KXBTC15M-26OCT042100-00,0.9800,0.01,yes
2026-10-05T00:58:24.315594Z,KXBTC15M-26OCT042100-00,0.9830,39.00,yes
2026-10-05T00:58:24.315594Z,KXBTC15M-26OCT042100-00,0.9790,0.01,yes
2026-10-05T00:58:24.315594Z,KXBTC15M-26OCT042100-00,0.9840,17.00,yes
2026-10-05T00:58:24.315594Z,KXBTC15M-26OCT042100-00,0.9850,15.00,yes
2026-10-05T00:58:24.315594Z,KXBTC15M-26OCT042100-00,0.9850,93.75,yes
2026-10-05T00:58:24.315594Z,KXBTC15M-26OCT042100-00,0.9800,0.01,yes
2026-10-05T00:58:24.315594Z,KXBTC15M-26OCT042100-00,0.9850,2.00,yes
2026-10-05T00:58:24.315594Z,KXBTC15M-26OCT042100-00,0.9850,64.00,yes
2026-10-05T00:58:24.315594Z,KXBTC15M-26OCT042100-00,0.9800,50.00,yes
2026-10-05T00:58:24.315594Z,KXBTC15M-26OCT042100-00,0.9840,2.00,yes
2026-10-05T00:58:24.315594Z,KXBTC15M-26OCT042100-00,0.9850,2.00,yes
2026-10-05T00:58:24.315594Z,KXBTC15M-26OCT042100-00,0.9840,2.00,yes
2026-10-05T00:58:24.315594Z,KXBTC15M-26OCT042100-00,0.9850,1.00,yes
2026-10-05T00:58:24.315594Z,KXBTC15M-26OCT042100-00,0.9860,1.00,yes
2026-10-05T00:58:24.315594Z,KXBTC15M-26OCT042100-00,0.9860,117.57,yes
2026-10-05T00:58:24.315594Z,KXBTC15M-26OCT042100-00,0.9850,384.00,yes
2026-10-05T00:58:24.315594Z,KXBTC15M-26OCT042100-00,0.9850,384.00,yes
2026-10-05T00:58:24.315594Z,KXBTC15M-26OCT042100-00,0.9850,70.96,yes
2026-10-05T00:58:24.315594Z,KXBTC15M-26OCT042100-00,0.9860,327.00,yes
2026-10-05T00:58:24.315594Z,KXBTC15M-26OCT042100-00,0.9860,384.00,yes
2026-10-05T00:58:24.315594Z,KXBTC15M-26OCT042100-00,0.9850,384.00,yes
2026-10-05T00:58:24.315594Z,KXBTC15M-26OCT042100-00,0.9860,150.00,yes
2026-10-05T00:58:24.315594Z,KXBTC15M-26OCT042100-00,0.9860,384.00,yes
2026-10-05T00:58:24.315594Z,KXBTC15M-26OCT042100-00,0.9860,384.00,yes
2026-10-05T00:58:24.315594Z,KXBTC15M-26OCT042100-00,0.9850,150.00,yes
2026-10-05T00:58:24.317139Z,KXBTC15M-26OCT042100-00,0.9780,100.61,no
2026-10-05T00:58:24.343126Z,KXBTC15M-26OCT042100-00,0.9790,0.01,yes
2026-10-05T00:58:24.343126Z,KXBTC15M-26OCT042100-00,0.9790,0.01,yes
2026-10-05T00:58:24.343126Z,KXBTC15M-26OCT042100-00,0.9820,61.98,yes
2026-10-05T00:58:24.343126Z,KXBTC15M-26OCT042100-00,0.9800,50.00,yes
2026-10-05T00:58:24.343126Z,KXBTC15M-26OCT042100-00,0.9790,100.00,yes
2026-10-05T00:58:24.351907Z,KXBTC15M-26OCT042100-00,0.9820,1.75,yes
2026-10-05T00:58:24.376036Z,KXBTC15M-26OCT042100-00,0.9800,53.00,no
2026-10-05T00:58:24.39797Z,KXBTC15M-26OCT042100-00,0.9810,314.53,no
2026-10-05T00:58:24.39797Z,KXBTC15M-26OCT042100-00,0.9810,351.47,no
2026-10-05T00:58:24.419541Z,KXBTC15M-26OCT042100-00,0.9810,97.00,no
2026-10-05T00:58:24.419541Z,KXBTC15M-26OCT042100-00,0.9810,125.80,no
2026-10-05T00:58:24.419541Z,KXBTC15M-26OCT042100-00,0.9810,0.01,no
2026-10-05T00:58:24.419541Z,KXBTC15M-26OCT042100-00,0.9810,0.01,no
2026-10-05T00:58:24.437767Z,KXBTC15M-26OCT042100-00,0.9810,0.34,no
2026-10-05T00:58:24.439472Z,KXBTC15M-26OCT042100-00,0.9810,5.00,no
2026-10-05T00:58:24.460251Z,KXBTC15M-26OCT042100-00,0.9810,7.04,no
2026-10-05T00:58:24.462602Z,KXBTC15M-26OCT042100-00,0.9810,155.35,no
2026-10-05T00:58:24.462602Z,KXBTC15M-26OCT042100-00,0.9810,0.01,no
2026-10-05T00:58:24.462602Z,KXBTC15M-26OCT042100-00,0.9810,11.82,no
2026-10-05T00:58:24.462602Z,KXBTC15M-26OCT042100-00,0.9810,0.01,no
2026-10-05T00:58:24.466686Z,KXBTC15M-26OCT042100-00,0.9800,36.00,no
2026-10-05T00:58:24.466784Z,KXBTC15M-26OCT042100-00,0.9820,9.02,yes
2026-10-05T00:58:24.472076Z,KXBTC15M-26OCT042100-00,0.9800,0.98,no
2026-10-05T00:58:24.472076Z,KXBTC15M-26OCT042100-00,0.9810,0.01,no
2026-10-05T00:58:24.472076Z,KXBTC15M-26OCT042100-00,0.9810,0.01,no
2026-10-05T00:58:24.485162Z,KXBTC15M-26OCT042100-00,0.9820,500.00,yes
2026-10-05T00:58:24.485162Z,KXBTC15M-26OCT042100-00,0.9840,36.00,yes
2026-10-05T00:58:24.485162Z,KXBTC15M-26OCT042100-00,0.9820,17.00,yes
2026-10-05T00:58:24.485162Z,KXBTC15M-26OCT042100-00,0.9850,80.80,yes
2026-10-05T00:58:24.485162Z,KXBTC15M-26OCT042100-00,0.9850,15.00,yes
2026-10-05T00:58:24.485162Z,KXBTC15M-26OCT042100-00,0.9840,17.00,yes
2026-10-05T00:58:24.485162Z,KXBTC15M-26OCT042100-00,0.9820,0.01,yes
2026-10-05T00:58:24.485162Z,KXBTC15M-26OCT042100-00,0.9850,93.75,yes
2026-10-05T00:58:24.485162Z,KXBTC15M-26OCT042100-00,0.9850,200.00,yes
2026-10-05T00:58:24.485162Z,KXBTC15M-26OCT042100-00,0.9820,0.01,yes
2026-10-05T00:58:24.485162Z,KXBTC15M-26OCT042100-00,0.9850,15.00,yes
2026-10-05T00:58:24.485162Z,KXBTC15M-26OCT042100-00,0.9820,1.00,yes
2026-10-05T00:58:24.485162Z,KXBTC15M-26OCT042100-00,0.9820,77.25,yes
2026-10-05T00:58:24.501319Z,KXBTC15M-26OCT042100-00,0.9820,10.71,yes
2026-10-05T00:58:24.501319Z,KXBTC15M-26OCT042100-00,0.9820,1.00,yes
2026-10-05T00:58:24.501319Z,KXBTC15M-26OCT042100-00,0.9820,0.01,yes
2026-10-05T00:58:24.510306Z,KXBTC15M-26OCT042100-00,0.9810,0.01,no
2026-10-05T00:58:24.510306Z,KXBTC15M-26OCT042100-00,0.9810,0.01,no
2026-10-05T00:58:24.510306Z,KXBTC15M-26OCT042100-00,0.9800,1.98,no
2026-10-05T00:58:24.550261Z,KXBTC15M-26OCT042100-00,0.9800,0.01,no
2026-10-05T00:58:24.550261Z,KXBTC15M-26OCT042100-00,0.9800,11.04,no
2026-10-05T00:58:24.550261Z,KXBTC15M-26OCT042100-00,0.9810,0.01,no
2026-10-05T00:58:24.550261Z,KXBTC15M-26OCT042100-00,0.9790,195.28,no
2026-10-05T00:58:24.550261Z,KXBTC15M-26OCT042100-00,0.9810,0.01,no
2026-10-05T00:58:24.550261Z,KXBTC15M-26OCT042100-00,0.9800,0.01,no
2026-10-05T00:58:24.550261Z,KXBTC15M-26OCT042100-00,0.9800,13.00,no
2026-10-05T00:58:24.557852Z,KXBTC15M-26OCT042100-00,0.9820,19.96,yes
2026-10-05T00:58:24.563476Z,KXBTC15M-26OCT042100-00,0.9790,27.80,no
2026-10-05T00:58:24.563476Z,KXBTC15M-26OCT042100-00,0.9800,13.00,no
2026-10-05T00:58:24.563476Z,KXBTC15M-26OCT042100-00,0.9800,50.00,no
2026-10-05T00:58:24.563476Z,KXBTC15M-26OCT042100-00,0.9810,5.00,no
2026-10-05T00:58:24.593662Z,KXBTC15M-26OCT042100-00,0.9820,8.66,yes
2026-10-05T00:58:24.612594Z,KXBTC15M-26OCT042100-00,0.9820,10.97,yes
2026-10-05T00:58:24.647257Z,KXBTC15M-26OCT042100-00,0.9800,9.99,no
2026-10-05T00:58:24.647257Z,KXBTC15M-26OCT042100-00,0.9810,0.01,no
2026-10-05T00:58:24.66631Z,KXBTC15M-26OCT042100-00,0.9820,18.60,yes
2026-10-05T00:58:24.685934Z,KXBTC15M-26OCT042100-00,0.9790,82.00,no
2026-10-05T00:58:24.685934Z,KXBTC15M-26OCT042100-00,0.9800,0.01,no
2026-10-05T00:58:24.685934Z,KXBTC15M-26OCT042100-00,0.9780,2.00,no
2026-10-05T00:58:24.685934Z,KXBTC15M-26OCT042100-00,0.9780,150.43,no
2026-10-05T00:58:24.685934Z,KXBTC15M-26OCT042100-00,0.9780,70.96,no
2026-10-05T00:58:24.685934Z,KXBTC15M-26OCT042100-00,0.9790,13.00,no
2026-10-05T00:58:24.685934Z,KXBTC15M-26OCT042100-00,0.9800,0.01,no
2026-10-05T00:58:24.685934Z,KXBTC15M-26OCT042100-00,0.9790,160.92,no
2026-10-05T00:58:24.685934Z,KXBTC15M-26OCT042100-00,0.9780,384.00,no
2026-10-05T00:58:24.685934Z,KXBTC15M-26OCT042100-00,0.9800,40.01,no
2026-10-05T00:58:24.685934Z,KXBTC15M-26OCT042100-00,0.9780,228.66,no
2026-10-05T00:58:24.685934Z,KXBTC15M-26OCT042100-00,0.9780,2.00,no
2026-10-05T00:58:24.685934Z,KXBTC15M-26OCT042100-00,0.9790,2.00,no
2026-10-05T00:58:24.685934Z,KXBTC15M-26OCT042100-00,0.9780,384.00,no
2026-10-05T00:58:24.691878Z,KXBTC15M-26OCT042100-00,0.9790,40.00,no
2026-10-05T00:58:24.710535Z,KXBTC15M-26OCT042100-00,0.9820,0.01,yes
2026-10-05T00:58:24.710535Z,KXBTC15M-26OCT042100-00,0.9830,0.89,yes
2026-10-05T00:58:24.710535Z,KXBTC15M-26OCT042100-00,0.9820,0.01,yes
2026-10-05T00:58:24.715751Z,KXBTC15M-26OCT042100-00,0.9830,16.11,yes
2026-10-05T00:58:24.715751Z,KXBTC15M-26OCT042100-00,0.9830,83.64,yes
2026-10-05T00:58:24.742206Z,KXBTC15M-26OCT042100-00,0.9800,10.00,no
2026-10-05T00:58:24.770457Z,KXBTC15M-26OCT042100-00,0.9800,30.55,no
2026-10-05T00:58:24.779172Z,KXBTC15M-26OCT042100-00,0.9820,14.03,yes
2026-10-05T00:58:24.779172Z,KXBTC15M-26OCT042100-00,0.9820,0.01,yes
2026-10-05T00:58:24.779172Z,KXBTC15M-26OCT042100-00,0.9820,0.01,yes
2026-10-05T00:58:24.797372Z,KXBTC15M-26OCT042100-00,0.9830,438.40,yes
2026-10-05T00:58:24.797372Z,KXBTC15M-26OCT042100-00,0.9820,0.01,yes
2026-10-05T00:58:24.797372Z,KXBTC15M-26OCT042100-00,0.9820,2.97,yes
2026-10-05T00:58:24.797372Z,KXBTC15M-26OCT042100-00,0.9830,66.36,yes
2026-10-05T00:58:24.797372Z,KXBTC15M-26OCT042100-00,0.9820,0.01,yes
2026-10-05T00:58:24.802934Z,KXBTC15M-26OCT042100-00,0.9800,236.73,no
2026-10-05T00:58:24.802934Z,KXBTC15M-26OCT042100-00,0.9800,0.01,no
2026-10-05T00:58:24.802934Z,KXBTC15M-26OCT042100-00,0.9800,0.01,no
2026-10-05T00:58:24.802934Z,KXBTC15M-26OCT042100-00,0.9800,13.00,no
2026-10-05T00:58:24.82239Z,KXBTC15M-26OCT042100-00,0.9790,428.87,no
2026-10-05T00:58:24.82239Z,KXBTC15M-26OCT042100-00,0.9800,0.01,no
2026-10-05T00:58:24.82239Z,KXBTC15M-26OCT042100-00,0.9800,13.00,no
2026-10-05T00:58:24.82239Z,KXBTC15M-26OCT042100-00,0.9790,13.00,no
2026-10-05T00:58:24.82239Z,KXBTC15M-26OCT042100-00,0.9800,0.01,no
2026-10-05T00:58:24.842716Z,KXBTC15M-26OCT042100-00,0.9800,45.02,no
2026-10-05T00:58:24.856496Z,KXBTC15M-26OCT042100-00,0.9820,0.01,yes
2026-10-05T00:58:24.856496Z,KXBTC15M-26OCT042100-00,0.9820,17.00,yes
2026-10-05T00:58:24.856496Z,KXBTC15M-26OCT042100-00,0.9820,0.01,yes
2026-10-05T00:58:24.856496Z,KXBTC15M-26OCT042100-00,0.9830,12.87,yes
2026-10-05T00:58:24.867445Z,KXBTC15M-26OCT042100-00,0.9800,65.75,no
2026-10-05T00:58:24.869354Z,KXBTC15M-26OCT042100-00,0.9800,7.80,no
2026-10-05T00:58:24.880442Z,KXBTC15M-26OCT042100-00,0.9800,28.98,no
2026-10-05T00:58:24.883807Z,KXBTC15M-26OCT042100-00,0.9820,0.01,yes
2026-10-05T00:58:24.883807Z,KXBTC15M-26OCT042100-00,0.9820,17.00,yes
2026-10-05T00:58:24.883807Z,KXBTC15M-26OCT042100-00,0.9830,10.84,yes
2026-10-05T00:58:24.883807Z,KXBTC15M-26OCT042100-00,0.9820,11.00,yes
2026-10-05T00:58:24.883807Z,KXBTC15M-26OCT042100-00,0.9820,0.01,yes
2026-10-05T00:58:24.890448Z,KXBTC15M-26OCT042100-00,0.9830,184.91,yes
2026-10-05T00:58:24.890448Z,KXBTC15M-26OCT042100-00,0.9820,0.01,yes
2026-10-05T00:58:24.890448Z,KXBTC15M-26OCT042100-00,0.9830,126.29,yes
2026-10-05T00:58:24.891883Z,KXBTC15M-26OCT042100-00,0.9800,0.01,no
2026-10-05T00:58:24.891883Z,KXBTC15M-26OCT042100-00,0.9790,13.00,no
2026-10-05T00:58:24.891883Z,KXBTC15M-26OCT042100-00,0.9800,0.01,no
2026-10-05T00:58:24.891883Z,KXBTC15M-26OCT042100-00,0.9800,16.14,no
2026-10-05T00:58:24.891883Z,KXBTC15M-26OCT042100-00,0.9780,24.48,no
2026-10-05T00:58:24.89617Z,KXBTC15M-26OCT042100-00,0.9780,2.00,no
2026-10-05T00:58:24.900847Z,KXBTC15M-26OCT042100-00,0.9800,24.75,no
2026-10-05T00:58:24.923217Z,KXBTC15M-26OCT042100-00,0.9800,0.01,no
2026-10-05T00:58:24.923217Z,KXBTC15M-26OCT042100-00,0.9800,12.46,no
2026-10-05T00:58:24.924858Z,KXBTC15M-26OCT042100-00,0.9820,0.01,yes
2026-10-05T00:58:24.924858Z,KXBTC15M-26OCT042100-00,0.9820,0.01,yes
2026-10-05T00:58:24.924858Z,KXBTC15M-26OCT042100-00,0.9820,52.80,yes
2026-10-05T00:58:24.961139Z,KXBTC15M-26OCT042100-00,0.9810,2.25,yes
2026-10-05T00:58:24.971652Z,KXBTC15M-26OCT042100-00,0.9790,5.00,no
2026-10-05T00:58:24.971652Z,KXBTC15M-26OCT042100-00,0.9780,7.71,no
2026-10-05T00:58:24.971652Z,KXBTC15M-26OCT042100-00,0.9790,0.01,no
2026-10-05T00:58:24.971652Z,KXBTC15M-26OCT042100-00,0.9800,5.00,no
2026-10-05T00:58:24.971652Z,KXBTC15M-26OCT042100-00,0.9800,0.01,no
2026-10-05T00:58:24.971652Z,KXBTC15M-26OCT042100-00,0.9790,0.01,no
2026-10-05T00:58:24.971652Z,KXBTC15M-26OCT042100-00,0.9800,0.01,no
2026-10-05T00:58:24.971652Z,KXBTC15M-26OCT042100-00,0.9790,13.00,no
2026-10-05T00:58:24.976785Z,KXBTC15M-26OCT042100-00,0.9810,4.49,yes
2026-10-05T00:58:24.976785Z,KXBTC15M-26OCT042100-00,0.9810,0.01,yes
2026-10-05T00:58:24.989899Z,KXBTC15M-26OCT042100-00,0.9790,0.01,no
2026-10-05T00:58:24.989899Z,KXBTC15M-26OCT042100-00,0.9780,2.99,no
2026-10-05T00:58:25.011159Z,KXBTC15M-26OCT042100-00,0.9790,0.01,no
2026-10-05T00:58:25.011159Z,KXBTC15M-26OCT042100-00,0.9780,12.87,no
2026-10-05T00:58:25.011159Z,KXBTC15M-26OCT042100-00,0.9790,13.00,no
2026-10-05T00:58:25.01278Z,KXBTC15M-26OCT042100-00,0.9780,34.60,no
2026-10-05T00:58:25.048082Z,KXBTC15M-26OCT042100-00,0.9780,13.97,no
2026-10-05T00:58:25.048082Z,KXBTC15M-26OCT042100-00,0.9790,13.00,no
2026-10-05T00:58:25.048082Z,KXBTC15M-26OCT042100-00,0.9790,200.00,no
2026-10-05T00:58:25.048082Z,KXBTC15M-26OCT042100-00,0.9790,5.00,no
2026-10-05T00:58:25.048082Z,KXBTC15M-26OCT042100-00,0.9800,5.00,no
2026-10-05T00:58:25.072883Z,KXBTC15M-26OCT042100-00,0.9780,28.11,no
2026-10-05T00:58:25.072883Z,KXBTC15M-26OCT042100-00,0.9800,200.00,no
2026-10-05T00:58:25.072883Z,KXBTC15M-26OCT042100-00,0.9790,13.00,no
2026-10-05T00:58:25.081025Z,KXBTC15M-26OCT042100-00,0.9780,20.36,no
2026-10-05T00:58:25.081025Z,KXBTC15M-26OCT042100-00,0.9790,13.00,no
2026-10-05T00:58:25.135952Z,KXBTC15M-26OCT042100-00,0.9810,0.01,yes
2026-10-05T00:58:25.135952Z,KXBTC15M-26OCT042100-00,0.9810,0.01,yes
2026-10-05T00:58:25.135952Z,KXBTC15M-26OCT042100-00,0.9810,43.68,yes
2026-10-05T00:58:25.13926Z,KXBTC15M-26OCT042100-00,0.9780,56.54,no
2026-10-05T00:58:25.13926Z,KXBTC15M-26OCT042100-00,0.9790,5.00,no
2026-10-05T00:58:25.148464Z,KXBTC15M-26OCT042100-00,0.9780,4.46,no
2026-10-05T00:58:25.148464Z,KXBTC15M-26OCT042100-00,0.9790,0.01,no
2026-10-05T00:58:25.162625Z,KXBTC15M-26OCT042100-00,0.9800,16.74,no
2026-10-05T00:58:25.211876Z,KXBTC15M-26OCT042100-00,0.9800,233.95,no
2026-10-05T00:58:25.227228Z,KXBTC15M-26OCT042100-00,0.9800,68.31,no
2026-10-05T00:58:25.244158Z,KXBTC15M-26OCT042100-00,0.9800,157.53,no
2026-10-05T00:58:25.244365Z,KXBTC15M-26OCT042100-00,0.9800,11.23,no
2026-10-05T00:58:25.306824Z,KXBTC15M-26OCT042100-00,0.9800,46.33,no
2026-10-05T00:58:25.308444Z,KXBTC15M-26OCT042100-00,0.9820,0.98,yes
2026-10-05T00:58:25.308444Z,KXBTC15M-26OCT042100-00,0.9810,0.01,yes
2026-10-05T00:58:25.308444Z,KXBTC15M-26OCT042100-00,0.9810,0.01,yes
2026-10-05T00:58:25.313595Z,KXBTC15M-26OCT042100-00,0.9820,16.02,yes
2026-10-05T00:58:25.313595Z,KXBTC15M-26OCT042100-00,0.9840,17.00,yes
2026-10-05T00:58:25.313595Z,KXBTC15M-26OCT042100-00,0.9840,35.31,yes
2026-10-05T00:58:25.31462Z,KXBTC15M-26OCT042100-00,0.9800,172.20,no
2026-10-05T00:58:25.31462Z,KXBTC15M-26OCT042100-00,0.9800,0.01,no
2026-10-05T00:58:25.31462Z,KXBTC15M-26OCT042100-00,0.9800,3.67,no
2026-10-05T00:58:25.31462Z,KXBTC15M-26OCT042100-00,0.9800,0.01,no
2026-10-05T00:58:25.326032Z,KXBTC15M-26OCT042100-00,0.9800,29.61,no
2026-10-05T00:58:25.326032Z,KXBTC15M-26OCT042100-00,0.9800,0.01,no
2026-10-05T00:58:25.326032Z,KXBTC15M-26OCT042100-00,0.9800,0.01,no
2026-10-05T00:58:25.331898Z,KXBTC15M-26OCT042100-00,0.9800,9.08,no
2026-10-05T00:58:25.355842Z,KXBTC15M-26OCT042100-00,0.9800,435.60,no
2026-10-05T00:58:25.367254Z,KXBTC15M-26OCT042100-00,0.9780,22.72,no
2026-10-05T00:58:25.367254Z,KXBTC15M-26OCT042100-00,0.9790,13.00,no
2026-10-05T00:58:25.373244Z,KXBTC15M-26OCT042100-00,0.9780,99.31,no
2026-10-05T00:58:25.373244Z,KXBTC15M-26OCT042100-00,0.9780,2.76,no
2026-10-05T00:58:25.373244Z,KXBTC15M-26OCT042100-00,0.9800,15.00,no
2026-10-05T00:58:25.373244Z,KXBTC15M-26OCT042100-00,0.9800,93.75,no
2026-10-05T00:58:25.380758Z,KXBTC15M-26OCT042100-00,0.9810,10.16,yes
2026-10-05T00:58:25.395604Z,KXBTC15M-26OCT042100-00,0.9780,225.52,no
2026-10-05T00:58:25.395604Z,KXBTC15M-26OCT042100-00,0.9780,18.26,no
2026-10-05T00:58:25.395604Z,KXBTC15M-26OCT042100-00,0.9800,15.00,no
2026-10-05T00:58:25.395604Z,KXBTC15M-26OCT042100-00,0.9800,93.75,no
2026-10-05T00:58:25.417818Z,KXBTC15M-26OCT042100-00,0.9810,0.18,yes
2026-10-05T00:58:25.417818Z,KXBTC15M-26OCT042100-00,0.9810,0.01,yes
2026-10-05T00:58:25.417818Z,KXBTC15M-26OCT042100-00,0.9810,0.01,yes
2026-10-05T00:58:25.445172Z,KXBTC15M-26OCT042100-00,0.9780,61.42,no
2026-10-05T00:58:25.445172Z,KXBTC15M-26OCT042100-00,0.9780,158.48,no
2026-10-05T00:58:25.445975Z,KXBTC15M-26OCT042100-00,0.9810,22.56,yes
2026-10-05T00:58:25.456614Z,KXBTC15M-26OCT042100-00,0.9780,10.47,no
2026-10-05T00:58:25.46339Z,KXBTC15M-26OCT042100-00,0.9780,1.02,no
2026-10-05T00:58:25.46339Z,KXBTC15M-26OCT042100-00,0.9780,500.00,no
2026-10-05T00:58:25.46339Z,KXBTC15M-26OCT042100-00,0.9780,162.00,no
2026-10-05T00:58:25.46339Z,KXBTC15M-26OCT042100-00,0.9770,2.00,no
2026-10-05T00:58:25.46339Z,KXBTC15M-26OCT042100-00,0.9770,200.55,no
2026-10-05T00:58:25.46339Z,KXBTC15M-26OCT042100-00,0.9780,1.05,no
2026-10-05T00:58:25.46339Z,KXBTC15M-26OCT042100-00,0.9780,312.11,no
2026-10-05T00:58:25.46339Z,KXBTC15M-26OCT042100-00,0.9780,0.01,no
2026-10-05T00:58:25.46339Z,KXBTC15M-26OCT042100-00,0.9780,12.00,no
2026-10-05T00:58:25.46339Z,KXBTC15M-26OCT042100-00,0.9780,0.01,no
2026-10-05T00:58:25.46339Z,KXBTC15M-26OCT042100-00,0.9780,200.00,no
2026-10-05T00:58:25.49405Z,KXBTC15M-26OCT042100-00,0.9770,20.00,no
2026-10-05T00:58:25.514024Z,KXBTC15M-26OCT042100-00,0.9760,1.00,no
2026-10-05T00:58:25.599747Z,KXBTC15M-26OCT042100-00,0.9770,73.00,no
2026-10-05T00:58:25.599747Z,KXBTC15M-26OCT042100-00,0.9760,29.59,no
2026-10-05T00:58:25.599747Z,KXBTC15M-26OCT042100-00,0.9770,12.00,no
2026-10-05T00:58:25.626264Z,KXBTC15M-26OCT042100-00,0.9790,500.00,yes
2026-10-05T00:58:25.626264Z,KXBTC15M-26OCT042100-00,0.9800,50.00,yes
2026-10-05T00:58:25.626264Z,KXBTC15M-26OCT042100-00,0.9790,100.00,yes
2026-10-05T00:58:25.626264Z,KXBTC15M-26OCT042100-00,0.9790,200.00,yes
2026-10-05T00:58:25.626264Z,KXBTC15M-26OCT042100-00,0.9790,0.01,yes
2026-10-05T00:58:25.626264Z,KXBTC15M-26OCT042100-00,0.9790,0.01,yes
2026-10-05T00:58:25.626264Z,KXBTC15M-26OCT042100-00,0.9800,11.00,yes
2026-10-05T00:58:25.626264Z,KXBTC15M-26OCT042100-00,0.9790,282.20,yes
2026-10-05T00:58:25.626264Z,KXBTC15M-26OCT042100-00,0.9810,956.76,yes
2026-10-05T00:58:25.626264Z,KXBTC15M-26OCT042100-00,0.9800,0.01,yes
2026-10-05T00:58:25.626264Z,KXBTC15M-26OCT042100-00,0.9800,200.00,yes
2026-10-05T00:58:25.626264Z,KXBTC15M-26OCT042100-00,0.9800,0.01,yes
2026-10-05T00:58:25.655518Z,KXBTC15M-26OCT042100-00,0.9800,1.07,no
2026-10-05T00:58:25.667098Z,KXBTC15M-26OCT042100-00,0.9800,46.79,no
2026-10-05T00:58:25.698987Z,KXBTC15M-26OCT042100-00,0.9800,10.00,no
2026-10-05T00:58:25.704513Z,KXBTC15M-26OCT042100-00,0.9810,0.01,yes
2026-10-05T00:58:25.704513Z,KXBTC15M-26OCT042100-00,0.9810,0.01,yes
2026-10-05T00:58:25.706679Z,KXBTC15M-26OCT042100-00,0.9800,7.51,no
2026-10-05T00:58:25.735128Z,KXBTC15M-26OCT042100-00,0.9830,0.01,yes
2026-10-05T00:58:25.735128Z,KXBTC15M-26OCT042100-00,0.9830,0.01,yes
2026-10-05T00:58:25.735128Z,KXBTC15M-26OCT042100-00,0.9840,12.84,yes
2026-10-05T00:58:25.735128Z,KXBTC15M-26OCT042100-00,0.9830,17.00,yes
2026-10-05T00:58:25.783145Z,KXBTC15M-26OCT042100-00,0.9840,4.84,yes
2026-10-05T00:58:25.800803Z,KXBTC15M-26OCT042100-00,0.9830,0.01,no
2026-10-05T00:58:25.800803Z,KXBTC15M-26OCT042100-00,0.9830,1.14,no
2026-10-05T00:58:25.800803Z,KXBTC15M-26OCT042100-00,0.9830,0.01,no
2026-10-05T00:58:25.800803Z,KXBTC15M-26OCT042100-00,0.9810,5.00,no
2026-10-05T00:58:25.800803Z,KXBTC15M-26OCT042100-00,0.9800,27.91,no
2026-10-05T00:58:25.806236Z,KXBTC15M-26OCT042100-00,0.9830,0.01,no
2026-10-05T00:58:25.806236Z,KXBTC15M-26OCT042100-00,0.9800,2.64,no
2026-10-05T00:58:25.809105Z,KXBTC15M-26OCT042100-00,0.9800,42.53,no
2026-10-05T00:58:25.809105Z,KXBTC15M-26OCT042100-00,0.9810,0.01,no
2026-10-05T00:58:25.822996Z,KXBTC15M-26OCT042100-00,0.9830,0.01,no
2026-10-05T00:58:25.822996Z,KXBTC15M-26OCT042100-00,0.9800,493.36,no
2026-10-05T00:58:25.822996Z,KXBTC15M-26OCT042100-00,0.9810,12.00,no
2026-10-05T00:58:25.822996Z,KXBTC15M-26OCT042100-00,0.9830,0.01,no
2026-10-05T00:58:25.857951Z,KXBTC15M-26OCT042100-00,0.9800,37.53,no
2026-10-05T00:58:25.857951Z,KXBTC15M-26OCT042100-00,0.9810,5.00,no
2026-10-05T00:58:25.857951Z,KXBTC15M-26OCT042100-00,0.9810,0.01,no
2026-10-05T00:58:25.87328Z,KXBTC15M-26OCT042100-00,0.9800,1.80,no
2026-10-05T00:58:25.87328Z,KXBTC15M-26OCT042100-00,0.9820,0.01,no
2026-10-05T00:58:25.87328Z,KXBTC15M-26OCT042100-00,0.9820,5.00,no
2026-10-05T00:58:25.876671Z,KXBTC15M-26OCT042100-00,0.9800,10.67,no
2026-10-05T00:58:25.876671Z,KXBTC15M-26OCT042100-00,0.9780,31.46,no
2026-10-05T00:58:25.876671Z,KXBTC15M-26OCT042100-00,0.9800,0.01,no
2026-10-05T00:58:25.876671Z,KXBTC15M-26OCT042100-00,0.9800,0.01,no
2026-10-05T00:58:25.88557Z,KXBTC15M-26OCT042100-00,0.9760,77.46,no
2026-10-05T00:58:25.88557Z,KXBTC15M-26OCT042100-00,0.9780,468.54,no
2026-10-05T00:58:25.88557Z,KXBTC15M-26OCT042100-00,0.9770,2.00,no
2026-10-05T00:58:25.88557Z,KXBTC15M-26OCT042100-00,0.9770,12.00,no
2026-10-05T00:58:25.916347Z,KXBTC15M-26OCT042100-00,0.9760,28.96,no
2026-10-05T00:58:25.916347Z,KXBTC15M-26OCT042100-00,0.9770,1.04,no
2026-10-05T00:58:25.931935Z,KXBTC15M-26OCT042100-00,0.9760,27.99,no
2026-10-05T00:58:25.931935Z,KXBTC15M-26OCT042100-00,0.9760,2.00,no
2026-10-05T00:58:25.931935Z,KXBTC15M-26OCT042100-00,0.9760,0.01,no
2026-10-05T00:58:25.933197Z,KXBTC15M-26OCT042100-00,0.9760,1.34,no
2026-10-05T00:58:25.933721Z,KXBTC15M-26OCT042100-00,0.9760,30.00,no
2026-10-05T00:58:25.949747Z,KXBTC15M-26OCT042100-00,0.9760,1.65,no
2026-10-05T00:58:25.949747Z,KXBTC15M-26OCT042100-00,0.9760,45.10,no
2026-10-05T00:58:25.956767Z,KXBTC15M-26OCT042100-00,0.9760,85.00,no
2026-10-05T00:58:25.95683Z,KXBTC15M-26OCT042100-00,0.9760,5.92,no
2026-10-05T00:58:25.964721Z,KXBTC15M-26OCT042100-00,0.9800,25.39,yes
2026-10-05T00:58:25.968742Z,KXBTC15M-26OCT042100-00,0.9750,2.00,no
2026-10-05T00:58:25.968742Z,KXBTC15M-26OCT042100-00,0.9750,18.84,no
2026-10-05T00:58:25.993919Z,KXBTC15M-26OCT042100-00,0.9750,86.70,no
2026-10-05T00:58:26.032722Z,KXBTC15M-26OCT042100-00,0.9740,200.00,no
2026-10-05T00:58:26.032722Z,KXBTC15M-26OCT042100-00,0.9750,100.00,no
2026-10-05T00:58:26.032722Z,KXBTC15M-26OCT042100-00,0.9750,200.00,no
2026-10-05T00:58:26.032722Z,KXBTC15M-26OCT042100-00,0.9750,400.00,no
2026-10-05T00:58:26.032722Z,KXBTC15M-26OCT042100-00,0.9720,106.13,no
2026-10-05T00:58:26.032722Z,KXBTC15M-26OCT042100-00,0.9710,137.53,no
2026-10-05T00:58:26.032722Z,KXBTC15M-26OCT042100-00,0.9740,384.00,no
2026-10-05T00:58:26.032722Z,KXBTC15M-26OCT042100-00,0.9720,66.00,no
2026-10-05T00:58:26.032722Z,KXBTC15M-26OCT042100-00,0.9750,44.46,no
2026-10-05T00:58:26.032722Z,KXBTC15M-26OCT042100-00,0.9740,264.64,no
2026-10-05T00:58:26.032722Z,KXBTC15M-26OCT042100-00,0.9740,50.00,no
2026-10-05T00:58:26.032722Z,KXBTC15M-26OCT042100-00,0.9740,500.00,no
2026-10-05T00:58:26.032722Z,KXBTC15M-26OCT042100-00,0.9740,313.04,no
2026-10-05T00:58:26.032722Z,KXBTC15M-26OCT042100-00,0.9750,70.00,no
2026-10-05T00:58:26.032722Z,KXBTC15M-26OCT042100-00,0.9720,2.00,no
2026-10-05T00:58:26.032722Z,KXBTC15M-26OCT042100-00,0.9730,2.00,no
2026-10-05T00:58:26.032722Z,KXBTC15M-26OCT042100-00,0.9730,2.00,no
2026-10-05T00:58:26.032722Z,KXBTC15M-26OCT042100-00,0.9750,150.00,no
2026-10-05T00:58:26.032722Z,KXBTC15M-26OCT042100-00,0.9740,2.00,no
2026-10-05T00:58:26.032722Z,KXBTC15M-26OCT042100-00,0.9720,2.00,no
2026-10-05T00:58:26.032722Z,KXBTC15M-26OCT042100-00,0.9740,2.00,no
2026-10-05T00:58:26.032722Z,KXBTC15M-26OCT042100-00,0.9750,11.00,no
2026-10-05T00:58:26.093832Z,KXBTC15M-26OCT042100-00,0.9750,10.07,yes
2026-10-05T00:58:26.117731Z,KXBTC15M-26OCT042100-00,0.9740,5.68,no
2026-10-05T00:58:26.146908Z,KXBTC15M-26OCT042100-00,0.9750,22.00,yes
2026-10-05T00:58:26.203918Z,KXBTC15M-26OCT042100-00,0.9700,64.00,no
2026-10-05T00:58:26.203918Z,KXBTC15M-26OCT042100-00,0.9670,2.00,no
2026-10-05T00:58:26.203918Z,KXBTC15M-26OCT042100-00,0.9690,2.00,no
2026-10-05T00:58:26.203918Z,KXBTC15M-26OCT042100-00,0.9680,2.00,no
2026-10-05T00:58:26.203918Z,KXBTC15M-26OCT042100-00,0.9740,400.00,no
2026-10-05T00:58:26.203918Z,KXBTC15M-26OCT042100-00,0.9700,64.00,no
2026-10-05T00:58:26.203918Z,KXBTC15M-26OCT042100-00,0.9710,12.00,no
2026-10-05T00:58:26.203918Z,KXBTC15M-26OCT042100-00,0.9690,79.53,no
2026-10-05T00:58:26.203918Z,KXBTC15M-26OCT042100-00,0.9680,2.00,no
2026-10-05T00:58:26.203918Z,KXBTC15M-26OCT042100-00,0.9730,80.00,no
2026-10-05T00:58:26.203918Z,KXBTC15M-26OCT042100-00,0.9670,2.00,no
2026-10-05T00:58:26.203918Z,KXBTC15M-26OCT042100-00,0.9700,15.00,no
2026-10-05T00:58:26.203918Z,KXBTC15M-26OCT042100-00,0.9700,93.75,no
2026-10-05T00:58:26.203918Z,KXBTC15M-26OCT042100-00,0.9710,200.00,no
2026-10-05T00:58:26.203918Z,KXBTC15M-26OCT042100-00,0.9740,1.04,no
2026-10-05T00:58:26.203918Z,KXBTC15M-26OCT042100-00,0.9740,200.00,no
2026-10-05T00:58:26.203918Z,KXBTC15M-26OCT042100-00,0.9740,100.00,no
2026-10-05T00:58:26.203918Z,KXBTC15M-26OCT042100-00,0.9690,2.00,no
2026-10-05T00:58:26.203918Z,KXBTC15M-26OCT042100-00,0.9740,144.32,no
2026-10-05T00:58:26.203918Z,KXBTC15M-26OCT042100-00,0.9700,93.75,no
2026-10-05T00:58:26.203918Z,KXBTC15M-26OCT042100-00,0.9700,15.00,no
2026-10-05T00:58:26.203918Z,KXBTC15M-26OCT042100-00,0.9670,500.00,no
2026-10-05T00:58:26.203918Z,KXBTC15M-26OCT042100-00,0.9710,138.96,no
2026-10-05T00:58:26.203918Z,KXBTC15M-26OCT042100-00,0.9690,40.00,no
2026-10-05T00:58:26.203918Z,KXBTC15M-26OCT042100-00,0.9740,1.02,no
2026-10-05T00:58:26.203918Z,KXBTC15M-26OCT042100-00,0.9640,289.88,no
2026-10-05T00:58:26.203918Z,KXBTC15M-26OCT042100-00,0.9650,93.75,no
2026-10-05T00:58:26.203918Z,KXBTC15M-26OCT042100-00,0.9650,15.00,no
2026-10-05T00:58:26.203918Z,KXBTC15M-26OCT042100-00,0.9650,64.00,no
2026-10-05T00:58:26.203918Z,KXBTC15M-26OCT042100-00,0.9650,64.00,no
2026-10-05T00:58:26.203918Z,KXBTC15M-26OCT042100-00,0.9670,82.00,no
2026-10-05T00:58:26.203918Z,KXBTC15M-26OCT042100-00,0.9690,104.00,no
2026-10-05T00:58:26.203918Z,KXBTC15M-26OCT042100-00,0.9650,33.00,no
2026-10-05T00:58:26.212149Z,KXBTC15M-26OCT042100-00,0.9650,2.24,no
2026-10-05T00:58:26.23079Z,KXBTC15M-26OCT042100-00,0.9650,11.00,no
2026-10-05T00:58:26.23079Z,KXBTC15M-26OCT042100-00,0.9650,15.00,no
2026-10-05T00:58:26.23079Z,KXBTC15M-26OCT042100-00,0.9650,2.00,no
2026-10-05T00:58:26.23079Z,KXBTC15M-26OCT042100-00,0.9650,2.00,no
2026-10-05T00:58:26.241189Z,KXBTC15M-26OCT042100-00,0.9650,44.90,no
2026-10-05T00:58:26.241357Z,KXBTC15M-26OCT042100-00,0.9650,4.23,no
2026-10-05T00:58:26.245744Z,KXBTC15M-26OCT042100-00,0.9640,30.00,no
2026-10-05T00:58:26.24781Z,KXBTC15M-26OCT042100-00,0.9640,20.00,no
2026-10-05T00:58:26.24781Z,KXBTC15M-26OCT042100-00,0.9640,10.00,no
2026-10-05T00:58:26.30972Z,KXBTC15M-26OCT042100-00,0.9690,87.41,no
2026-10-05T00:58:26.31261Z,KXBTC15M-26OCT042100-00,0.9690,0.30,no
2026-10-05T00:58:26.319362Z,KXBTC15M-26OCT042100-00,0.9700,10.00,yes
2026-10-05T00:58:26.324548Z,KXBTC15M-26OCT042100-00,0.9700,1.00,yes
2026-10-05T00:58:26.378394Z,KXBTC15M-26OCT042100-00,0.9700,50.00,yes
2026-10-05T00:58:26.39463Z,KXBTC15M-26OCT042100-00,0.9700,34.43,yes
2026-10-05T00:58:26.496568Z,KXBTC15M-26OCT042100-00,0.9700,2.04,yes
2026-10-05T00:58:26.498173Z,KXBTC15M-26OCT042100-00,0.9700,16.47,yes
2026-10-05T00:58:26.544168Z,KXBTC15M-26OCT042100-00,0.9700,10.00,yes
2026-10-05T00:58:26.5744Z,KXBTC15M-26OCT042100-00,0.9690,62.29,no
2026-10-05T00:58:26.5744Z,KXBTC15M-26OCT042100-00,0.9690,62.45,no
2026-10-05T00:58:26.611893Z,KXBTC15M-26OCT042100-00,0.9700,10.00,yes
2026-10-05T00:58:26.617003Z,KXBTC15M-26OCT042100-00,0.9690,5.23,no
2026-10-05T00:58:26.63344Z,KXBTC15M-26OCT042100-00,0.9700,576.00,yes
2026-10-05T00:58:26.702679Z,KXBTC15M-26OCT042100-00,0.9700,0.01,yes
2026-10-05T00:58:26.702679Z,KXBTC15M-26OCT042100-00,0.9720,5.01,yes
2026-10-05T00:58:26.702679Z,KXBTC15M-26OCT042100-00,0.9700,0.01,yes
2026-10-05T00:58:26.724813Z,KXBTC15M-26OCT042100-00,0.9720,17.00,yes
2026-10-05T00:58:26.768983Z,KXBTC15M-26OCT042100-00,0.9720,0.01,yes
2026-10-05T00:58:26.768983Z,KXBTC15M-26OCT042100-00,0.9720,5.77,yes
2026-10-05T00:58:26.790948Z,KXBTC15M-26OCT042100-00,0.9720,25.19,yes
2026-10-05T00:58:26.816371Z,KXBTC15M-26OCT042100-00,0.9720,0.12,yes
2026-10-05T00:58:26.834886Z,KXBTC15M-26OCT042100-00,0.9720,135.98,yes
2026-10-05T00:58:26.834886Z,KXBTC15M-26OCT042100-00,0.9720,0.01,yes
2026-10-05T00:58:26.834886Z,KXBTC15M-26OCT042100-00,0.9720,468.92,yes
2026-10-05T00:58:26.843425Z,KXBTC15M-26OCT042100-00,0.9710,12.69,no
2026-10-05T00:58:26.850715Z,KXBTC15M-26OCT042100-00,0.9720,2.81,yes
2026-10-05T00:58:26.869819Z,KXBTC15M-26OCT042100-00,0.9710,100.00,no
2026-10-05T00:58:26.869819Z,KXBTC15M-26OCT042100-00,0.9710,33.57,no
2026-10-05T00:58:26.869819Z,KXBTC15M-26OCT042100-00,0.9710,62.31,no
2026-10-05T00:58:26.905679Z,KXBTC15M-26OCT042100-00,0.9710,30.20,no
2026-10-05T00:58:26.93839Z,KXBTC15M-26OCT042100-00,0.9710,1.06,no
2026-10-05T00:58:26.943575Z,KXBTC15M-26OCT042100-00,0.9720,30.77,yes
2026-10-05T00:58:26.989116Z,KXBTC15M-26OCT042100-00,0.9750,2.00,yes
2026-10-05T00:58:26.989116Z,KXBTC15M-26OCT042100-00,0.9780,5.51,yes
2026-10-05T00:58:26.989116Z,KXBTC15M-26OCT042100-00,0.9790,9.00,yes
2026-10-05T00:58:26.989116Z,KXBTC15M-26OCT042100-00,0.9770,500.00,yes
2026-10-05T00:58:26.989116Z,KXBTC15M-26OCT042100-00,0.9720,0.01,yes
2026-10-05T00:58:26.989116Z,KXBTC15M-26OCT042100-00,0.9750,2.00,yes
2026-10-05T00:58:26.989116Z,KXBTC15M-26OCT042100-00,0.9720,0.01,yes
2026-10-05T00:58:26.989116Z,KXBTC15M-26OCT042100-00,0.9730,2.00,yes
2026-10-05T00:58:26.989116Z,KXBTC15M-26OCT042100-00,0.9740,2.00,yes
2026-10-05T00:58:26.989116Z,KXBTC15M-26OCT042100-00,0.9720,630.44,yes
2026-10-05T00:58:26.989116Z,KXBTC15M-26OCT042100-00,0.9740,2.00,yes
2026-10-05T00:58:26.989116Z,KXBTC15M-26OCT042100-00,0.9730,2.00,yes
2026-10-05T00:58:26.989116Z,KXBTC15M-26OCT042100-00,0.9750,500.00,yes
2026-10-05T00:58:26.989116Z,KXBTC15M-26OCT042100-00,0.9780,40.00,yes
2026-10-05T00:58:26.989116Z,KXBTC15M-26OCT042100-00,0.9800,492.36,yes
2026-10-05T00:58:27.012129Z,KXBTC15M-26OCT042100-00,0.9800,9.06,yes
2026-10-05T00:58:27.016245Z,KXBTC15M-26OCT042100-00,0.9800,0.44,yes
2026-10-05T00:58:27.02029Z,KXBTC15M-26OCT042100-00,0.9790,791.92,no
2026-10-05T00:58:27.027697Z,KXBTC15M-26OCT042100-00,0.9790,30.20,no
2026-10-05T00:58:27.038995Z,KXBTC15M-26OCT042100-00,0.9790,30.20,no
2026-10-05T00:58:27.05759Z,KXBTC15M-26OCT042100-00,0.9800,1.00,yes
2026-10-05T00:58:27.05759Z,KXBTC15M-26OCT042100-00,0.9850,15.00,yes
2026-10-05T00:58:27.05759Z,KXBTC15M-26OCT042100-00,0.9850,93.75,yes
2026-10-05T00:58:27.05759Z,KXBTC15M-26OCT042100-00,0.9850,15.00,yes
2026-10-05T00:58:27.05759Z,KXBTC15M-26OCT042100-00,0.9850,93.75,yes
2026-10-05T00:58:27.05759Z,KXBTC15M-26OCT042100-00,0.9840,11.00,yes
2026-10-05T00:58:27.05759Z,KXBTC15M-26OCT042100-00,0.9800,0.01,yes
2026-10-05T00:58:27.05759Z,KXBTC15M-26OCT042100-00,0.9800,2.00,yes
2026-10-05T00:58:27.05759Z,KXBTC15M-26OCT042100-00,0.9850,1294.03,yes
2026-10-05T00:58:27.05759Z,KXBTC15M-26OCT042100-00,0.9820,2.00,yes
2026-10-05T00:58:27.05759Z,KXBTC15M-26OCT042100-00,0.9810,2.00,yes
2026-10-05T00:58:27.05759Z,KXBTC15M-26OCT042100-00,0.9800,40.50,yes
2026-10-05T00:58:27.05759Z,KXBTC15M-26OCT042100-00,0.9820,200.00,yes
2026-10-05T00:58:27.05759Z,KXBTC15M-26OCT042100-00,0.9830,200.00,yes
2026-10-05T00:58:27.05759Z,KXBTC15M-26OCT042100-00,0.9820,2.00,yes
2026-10-05T00:58:27.05759Z,KXBTC15M-26OCT042100-00,0.9810,2.00,yes
2026-10-05T00:58:27.05759Z,KXBTC15M-26OCT042100-00,0.9800,0.01,yes
2026-10-05T00:58:27.05759Z,KXBTC15M-26OCT042100-00,0.9800,2.00,yes
2026-10-05T00:58:27.10865Z,KXBTC15M-26OCT042100-00,0.9810,0.01,yes
2026-10-05T00:58:27.10865Z,KXBTC15M-26OCT042100-00,0.9810,4.48,yes
2026-10-05T00:58:27.10865Z,KXBTC15M-26OCT042100-00,0.9810,0.01,yes
2026-10-05T00:58:27.10865Z,KXBTC15M-26OCT042100-00,0.9810,55.00,yes
2026-10-05T00:58:27.120136Z,KXBTC15M-26OCT042100-00,0.9800,1.00,no
2026-10-05T00:58:27.130696Z,KXBTC15M-26OCT042100-00,0.9800,3.02,no
2026-10-05T00:58:27.1513Z,KXBTC15M-26OCT042100-00,0.9810,0.23,yes
2026-10-05T00:58:27.173589Z,KXBTC15M-26OCT042100-00,0.9800,18.38,no
2026-10-05T00:58:27.177817Z,KXBTC15M-26OCT042100-00,0.9820,0.01,yes
2026-10-05T00:58:27.177817Z,KXBTC15M-26OCT042100-00,0.9820,200.00,yes
2026-10-05T00:58:27.177817Z,KXBTC15M-26OCT042100-00,0.9810,0.77,yes
2026-10-05T00:58:27.177817Z,KXBTC15M-26OCT042100-00,0.9810,1.00,yes
2026-10-05T00:58:27.177817Z,KXBTC15M-26OCT042100-00,0.9810,100.00,yes
2026-10-05T00:58:27.177817Z,KXBTC15M-26OCT042100-00,0.9810,0.01,yes
2026-10-05T00:58:27.177817Z,KXBTC15M-26OCT042100-00,0.9820,0.01,yes
2026-10-05T00:58:27.177817Z,KXBTC15M-26OCT042100-00,0.9810,0.01,yes
2026-10-05T00:58:27.177817Z,KXBTC15M-26OCT042100-00,0.9820,17.00,yes
2026-10-05T00:58:27.177817Z,KXBTC15M-26OCT042100-00,0.9820,171.29,yes
2026-10-05T00:58:27.180685Z,KXBTC15M-26OCT042100-00,0.9800,32.38,no
2026-10-05T00:58:27.180685Z,KXBTC15M-26OCT042100-00,0.9800,27.60,no
2026-10-05T00:58:27.180685Z,KXBTC15M-26OCT042100-00,0.9800,0.01,no
2026-10-05T00:58:27.180685Z,KXBTC15M-26OCT042100-00,0.9800,0.01,no
2026-10-05T00:58:27.185095Z,KXBTC15M-26OCT042100-00,0.9810,25.77,yes
2026-10-05T00:58:27.190261Z,KXBTC15M-26OCT042100-00,0.9810,0.80,yes
2026-10-05T00:58:27.195459Z,KXBTC15M-26OCT042100-00,0.9810,174.85,yes
2026-10-05T00:58:27.203032Z,KXBTC15M-26OCT042100-00,0.9810,0.86,yes
2026-10-05T00:58:27.204511Z,KXBTC15M-26OCT042100-00,0.9810,61.18,yes
2026-10-05T00:58:27.210365Z,KXBTC15M-26OCT042100-00,0.9810,110.68,yes
2026-10-05T00:58:27.21181Z,KXBTC15M-26OCT042100-00,0.9810,5.91,yes
2026-10-05T00:58:27.280354Z,KXBTC15M-26OCT042100-00,0.9830,0.01,yes
2026-10-05T00:58:27.280354Z,KXBTC15M-26OCT042100-00,0.9810,100.00,yes
2026-10-05T00:58:27.280354Z,KXBTC15M-26OCT042100-00,0.9810,400.00,yes
2026-10-05T00:58:27.280354Z,KXBTC15M-26OCT042100-00,0.9830,0.01,yes
2026-10-05T00:58:27.280354Z,KXBTC15M-26OCT042100-00,0.9820,17.00,yes
2026-10-05T00:58:27.280354Z,KXBTC15M-26OCT042100-00,0.9810,0.01,yes
2026-10-05T00:58:27.280354Z,KXBTC15M-26OCT042100-00,0.9810,200.00,yes
2026-10-05T00:58:27.280354Z,KXBTC15M-26OCT042100-00,0.9810,0.01,yes
2026-10-05T00:58:27.280354Z,KXBTC15M-26OCT042100-00,0.9810,38.00,yes
2026-10-05T00:58:27.280354Z,KXBTC15M-26OCT042100-00,0.9820,200.00,yes
2026-10-05T00:58:27.280354Z,KXBTC15M-26OCT042100-00,0.9810,1.00,yes
2026-10-05T00:58:27.280354Z,KXBTC15M-26OCT042100-00,0.9810,500.00,yes
2026-10-05T00:58:27.293022Z,KXBTC15M-26OCT042100-00,0.9830,50.00,no
2026-10-05T00:58:27.298563Z,KXBTC15M-26OCT042100-00,0.9840,17.00,yes
2026-10-05T00:58:27.318406Z,KXBTC15M-26OCT042100-00,0.9830,359.00,no
2026-10-05T00:58:27.318545Z,KXBTC15M-26OCT042100-00,0.9830,1091.00,no
2026-10-05T00:58:27.318545Z,KXBTC15M-26OCT042100-00,0.9830,0.01,no
2026-10-05T00:58:27.318545Z,KXBTC15M-26OCT042100-00,0.9830,0.01,no
2026-10-05T00:58:27.322638Z,KXBTC15M-26OCT042100-00,0.9800,4.98,no
2026-10-05T00:58:27.322638Z,KXBTC15M-26OCT042100-00,0.9800,0.01,no
2026-10-05T00:58:27.322638Z,KXBTC15M-26OCT042100-00,0.9800,0.01,no
2026-10-05T00:58:27.332434Z,KXBTC15M-26OCT042100-00,0.9800,0.01,no
2026-10-05T00:58:27.332434Z,KXBTC15M-26OCT042100-00,0.9800,13.00,no
2026-10-05T00:58:27.332434Z,KXBTC15M-26OCT042100-00,0.9760,71.31,no
2026-10-05T00:58:27.332434Z,KXBTC15M-26OCT042100-00,0.9780,200.00,no
2026-10-05T00:58:27.332434Z,KXBTC15M-26OCT042100-00,0.9770,200.00,no
2026-10-05T00:58:27.36089Z,KXBTC15M-26OCT042100-00,0.9800,0.01,no
2026-10-05T00:58:27.36089Z,KXBTC15M-26OCT042100-00,0.9800,0.01,no
2026-10-05T00:58:27.36089Z,KXBTC15M-26OCT042100-00,0.9760,0.98,no
2026-10-05T00:58:27.369794Z,KXBTC15M-26OCT042100-00,0.9800,60.00,yes
2026-10-05T00:58:27.369794Z,KXBTC15M-26OCT042100-00,0.9800,15.00,yes
2026-10-05T00:58:27.392154Z,KXBTC15M-26OCT042100-00,0.9800,0.01,yes
2026-10-05T00:58:27.392154Z,KXBTC15M-26OCT042100-00,0.9800,50.00,yes
2026-10-05T00:58:27.392154Z,KXBTC15M-26OCT042100-00,0.9810,727.39,yes
2026-10-05T00:58:27.392154Z,KXBTC15M-26OCT042100-00,0.9800,0.01,yes
2026-10-05T00:58:27.392154Z,KXBTC15M-26OCT042100-00,0.9800,11.00,yes
2026-10-05T00:58:27.422542Z,KXBTC15M-26OCT042100-00,0.9790,11.01,no
2026-10-05T00:58:27.43128Z,KXBTC15M-26OCT042100-00,0.9790,150.10,no
2026-10-05T00:58:27.454864Z,KXBTC15M-26OCT042100-00,0.9790,306.58,no
2026-10-05T00:58:27.464149Z,KXBTC15M-26OCT042100-00,0.9800,11.02,yes
2026-10-05T00:58:27.48567Z,KXBTC15M-26OCT042100-00,0.9800,0.01,yes
2026-10-05T00:58:27.48567Z,KXBTC15M-26OCT042100-00,0.9800,0.01,yes
2026-10-05T00:58:27.48567Z,KXBTC15M-26OCT042100-00,0.9800,38.98,yes
2026-10-05T00:58:27.48567Z,KXBTC15M-26OCT042100-00,0.9800,11.90,yes
2026-10-05T00:58:27.559065Z,KXBTC15M-26OCT042100-00,0.9800,50.00,yes
2026-10-05T00:58:27.568034Z,KXBTC15M-26OCT042100-00,0.9800,107.72,yes
2026-10-05T00:58:27.582092Z,KXBTC15M-26OCT042100-00,0.9790,0.01,no
2026-10-05T00:58:27.582092Z,KXBTC15M-26OCT042100-00,0.9780,1499.98,no
2026-10-05T00:58:27.582092Z,KXBTC15M-26OCT042100-00,0.9790,0.01,no
2026-10-05T00:58:27.602245Z,KXBTC15M-26OCT042100-00,0.9800,19.32,yes
2026-10-05T00:58:27.607922Z,KXBTC15M-26OCT042100-00,0.9780,500.00,no
2026-10-05T00:58:27.607922Z,KXBTC15M-26OCT042100-00,0.9740,73.00,no
2026-10-05T00:58:27.607922Z,KXBTC15M-26OCT042100-00,0.9750,2.00,no
2026-10-05T00:58:27.607922Z,KXBTC15M-26OCT042100-00,0.9750,2.00,no
2026-10-05T00:58:27.607922Z,KXBTC15M-26OCT042100-00,0.9780,200.00,no
2026-10-05T00:58:27.607922Z,KXBTC15M-26OCT042100-00,0.9770,150.00,no
2026-10-05T00:58:27.607922Z,KXBTC15M-26OCT042100-00,0.9760,2.00,no
2026-10-05T00:58:27.607922Z,KXBTC15M-26OCT042100-00,0.9790,0.01,no
2026-10-05T00:58:27.607922Z,KXBTC15M-26OCT042100-00,0.9750,15.00,no
2026-10-05T00:58:27.607922Z,KXBTC15M-26OCT042100-00,0.9770,200.00,no
2026-10-05T00:58:27.607922Z,KXBTC15M-26OCT042100-00,0.9790,0.01,no
2026-10-05T00:58:27.607922Z,KXBTC15M-26OCT042100-00,0.9740,2.00,no
2026-10-05T00:58:27.607922Z,KXBTC15M-26OCT042100-00,0.9740,2.00,no
2026-10-05T00:58:27.607922Z,KXBTC15M-26OCT042100-00,0.9750,64.00,no
2026-10-05T00:58:27.620207Z,KXBTC15M-26OCT042100-00,0.9730,5.00,no
2026-10-05T00:58:27.653799Z,KXBTC15M-26OCT042100-00,0.9730,32.28,no
2026-10-05T00:58:27.682786Z,KXBTC15M-26OCT042100-00,0.9740,1.01,yes
2026-10-05T00:58:27.733892Z,KXBTC15M-26OCT042100-00,0.9740,0.60,yes
2026-10-05T00:58:27.787964Z,KXBTC15M-26OCT042100-00,0.9740,0.13,yes
2026-10-05T00:58:27.790638Z,KXBTC15M-26OCT042100-00,0.9740,4.00,yes
2026-10-05T00:58:27.796981Z,KXBTC15M-26OCT042100-00,0.9730,28.36,no
2026-10-05T00:58:27.822982Z,KXBTC15M-26OCT042100-00,0.9730,74.18,no
2026-10-05T00:58:27.822982Z,KXBTC15M-26OCT042100-00,0.9730,39.36,no
2026-10-05T00:58:27.822982Z,KXBTC15M-26OCT042100-00,0.9730,0.01,no
2026-10-05T00:58:27.840184Z,KXBTC15M-26OCT042100-00,0.9730,11.31,no
2026-10-05T00:58:27.84406Z,KXBTC15M-26OCT042100-00,0.9740,904.46,yes
2026-10-05T00:58:27.844231Z,KXBTC15M-26OCT042100-00,0.9730,32.28,no
2026-10-05T00:58:27.849725Z,KXBTC15M-26OCT042100-00,0.9730,25.95,no
2026-10-05T00:58:27.908658Z,KXBTC15M-26OCT042100-00,0.9730,154.12,no
2026-10-05T00:58:27.911422Z,KXBTC15M-26OCT042100-00,0.9730,39.72,no
2026-10-05T00:58:27.936079Z,KXBTC15M-26OCT042100-00,0.9740,0.01,yes
2026-10-05T00:58:27.936079Z,KXBTC15M-26OCT042100-00,0.9800,35.00,yes
2026-10-05T00:58:27.936079Z,KXBTC15M-26OCT042100-00,0.9740,0.01,yes
2026-10-05T00:58:27.936079Z,KXBTC15M-26OCT042100-00,0.9810,21.47,yes
2026-10-05T00:58:27.936079Z,KXBTC15M-26OCT042100-00,0.9800,2.00,yes
2026-10-05T00:58:27.939274Z,KXBTC15M-26OCT042100-00,0.9740,15.00,no
2026-10-05T00:58:27.942213Z,KXBTC15M-26OCT042100-00,0.9810,2.00,yes
2026-10-05T00:58:27.942213Z,KXBTC15M-26OCT042100-00,0.9790,1.00,yes
2026-10-05T00:58:27.942213Z,KXBTC15M-26OCT042100-00,0.9810,478.53,yes
2026-10-05T00:58:27.942213Z,KXBTC15M-26OCT042100-00,0.9810,2.00,yes
2026-10-05T00:58:27.942213Z,KXBTC15M-26OCT042100-00,0.9810,65.62,yes
2026-10-05T00:58:27.942213Z,KXBTC15M-26OCT042100-00,0.9800,50.00,yes
2026-10-05T00:58:27.949158Z,KXBTC15M-26OCT042100-00,0.9770,63.61,no
2026-10-05T00:58:27.951746Z,KXBTC15M-26OCT042100-00,0.9770,20.44,no
2026-10-05T00:58:28.046738Z,KXBTC15M-26OCT042100-00,0.9800,0.01,yes
2026-10-05T00:58:28.046738Z,KXBTC15M-26OCT042100-00,0.9800,0.01,yes
2026-10-05T00:58:28.046738Z,KXBTC15M-26OCT042100-00,0.9800,0.96,yes
2026-10-05T00:58:28.046738Z,KXBTC15M-26OCT042100-00,0.9780,0.01,yes
2026-10-05T00:58:28.046738Z,KXBTC15M-26OCT042100-00,0.9780,0.01,yes
2026-10-05T00:58:28.049082Z,KXBTC15M-26OCT042100-00,0.9800,8.37,yes
2026-10-05T00:58:28.078354Z,KXBTC15M-26OCT042100-00,0.9770,31.95,no
2026-10-05T00:58:28.105033Z,KXBTC15M-26OCT042100-00,0.9790,3.47,no
2026-10-05T00:58:28.156742Z,KXBTC15M-26OCT042100-00,0.9790,0.49,no
2026-10-05T00:58:28.165291Z,KXBTC15M-26OCT042100-00,0.9790,69.35,no
2026-10-05T00:58:28.184041Z,KXBTC15M-26OCT042100-00,0.9800,40.67,yes
2026-10-05T00:58:28.184041Z,KXBTC15M-26OCT042100-00,0.9830,2.00,yes
2026-10-05T00:58:28.184041Z,KXBTC15M-26OCT042100-00,0.9800,0.01,yes
2026-10-05T00:58:28.184041Z,KXBTC15M-26OCT042100-00,0.9820,43.00,yes
2026-10-05T00:58:28.184041Z,KXBTC15M-26OCT042100-00,0.9800,0.01,yes
2026-10-05T00:58:28.184041Z,KXBTC15M-26OCT042100-00,0.9830,32.51,yes
2026-10-05T00:58:28.184041Z,KXBTC15M-26OCT042100-00,0.9820,200.00,yes
2026-10-05T00:58:28.184041Z,KXBTC15M-26OCT042100-00,0.9830,81.27,yes
2026-10-05T00:58:28.184287Z,KXBTC15M-26OCT042100-00,0.9830,3.14,yes
2026-10-05T00:58:28.224964Z,KXBTC15M-26OCT042100-00,0.9790,854.72,no
2026-10-05T00:58:28.224967Z,KXBTC15M-26OCT042100-00,0.9790,6.93,no
2026-10-05T00:58:28.234574Z,KXBTC15M-26OCT042100-00,0.9800,0.01,yes
2026-10-05T00:58:28.234574Z,KXBTC15M-26OCT042100-00,0.9800,6.18,yes
2026-10-05T00:58:28.234574Z,KXBTC15M-26OCT042100-00,0.9800,0.01,yes
2026-10-05T00:58:28.25686Z,KXBTC15M-26OCT042100-00,0.9840,15.00,yes
2026-10-05T00:58:28.25686Z,KXBTC15M-26OCT042100-00,0.9840,11.00,yes
2026-10-05T00:58:28.25686Z,KXBTC15M-26OCT042100-00,0.9850,191.15,yes
2026-10-05T00:58:28.25686Z,KXBTC15M-26OCT042100-00,0.9850,10.00,yes
2026-10-05T00:58:28.25686Z,KXBTC15M-26OCT042100-00,0.9800,0.01,yes
2026-10-05T00:58:28.25686Z,KXBTC15M-26OCT042100-00,0.9820,1.00,yes
2026-10-05T00:58:28.25686Z,KXBTC15M-26OCT042100-00,0.9800,0.01,yes
2026-10-05T00:58:28.25686Z,KXBTC15M-26OCT042100-00,0.9800,43.82,yes
2026-10-05T00:58:28.25686Z,KXBTC15M-26OCT042100-00,0.9820,0.01,yes
2026-10-05T00:58:28.265012Z,KXBTC15M-26OCT042100-00,0.9850,0.02,yes
2026-10-05T00:58:28.335599Z,KXBTC15M-26OCT042100-00,0.9840,0.01,no
2026-10-05T00:58:28.335599Z,KXBTC15M-26OCT042100-00,0.9840,0.01,no
2026-10-05T00:58:28.335599Z,KXBTC15M-26OCT042100-00,0.9840,2.00,no
2026-10-05T00:58:28.335599Z,KXBTC15M-26OCT042100-00,0.9840,32.65,no
2026-10-05T00:58:28.405996Z,KXBTC15M-26OCT042100-00,0.9840,89.64,no
2026-10-05T00:58:28.406584Z,KXBTC15M-26OCT042100-00,0.9850,10.00,yes
2026-10-05T00:58:28.406584Z,KXBTC15M-26OCT042100-00,0.9860,11.00,yes
2026-10-05T00:58:28.406584Z,KXBTC15M-26OCT042100-00,0.9850,10.00,yes
2026-10-05T00:58:28.406584Z,KXBTC15M-26OCT042100-00,0.9850,0.01,yes
2026-10-05T00:58:28.406584Z,KXBTC15M-26OCT042100-00,0.9850,10.00,yes
2026-10-05T00:58:28.406584Z,KXBTC15M-26OCT042100-00,0.9850,0.01,yes
2026-10-05T00:58:28.406584Z,KXBTC15M-26OCT042100-00,0.9860,266.43,yes
2026-10-05T00:58:28.406584Z,KXBTC15M-26OCT042100-00,0.9870,122.05,yes
2026-10-05T00:58:28.406584Z,KXBTC15M-26OCT042100-00,0.9860,8.00,yes
2026-10-05T00:58:28.407072Z,KXBTC15M-26OCT042100-00,0.9840,10.00,no
2026-10-05T00:58:28.40785Z,KXBTC15M-26OCT042100-00,0.9870,1.01,yes
2026-10-05T00:58:28.419969Z,KXBTC15M-26OCT042100-00,0.9860,11.00,yes
2026-10-05T00:58:28.419969Z,KXBTC15M-26OCT042100-00,0.9850,0.01,yes
2026-10-05T00:58:28.419969Z,KXBTC15M-26OCT042100-00,0.9870,0.54,yes
2026-10-05T00:58:28.452832Z,KXBTC15M-26OCT042100-00,0.9860,4.06,no
2026-10-05T00:58:28.457998Z,KXBTC15M-26OCT042100-00,0.9870,65.87,yes
2026-10-05T00:58:28.467834Z,KXBTC15M-26OCT042100-00,0.9870,0.75,yes
2026-10-05T00:58:28.487327Z,KXBTC15M-26OCT042100-00,0.9860,42.12,no
2026-10-05T00:58:28.487327Z,KXBTC15M-26OCT042100-00,0.9860,0.01,no
2026-10-05T00:58:28.487327Z,KXBTC15M-26OCT042100-00,0.9860,2.00,no
2026-10-05T00:58:28.487327Z,KXBTC15M-26OCT042100-00,0.9860,0.01,no
2026-10-05T00:58:28.499249Z,KXBTC15M-26OCT042100-00,0.9870,16.69,yes
2026-10-05T00:58:28.52044Z,KXBTC15M-26OCT042100-00,0.9860,96.38,no
2026-10-05T00:58:28.52044Z,KXBTC15M-26OCT042100-00,0.9860,23.75,no
2026-10-05T00:58:28.527102Z,KXBTC15M-26OCT042100-00,0.9860,0.75,no
2026-10-05T00:58:28.527102Z,KXBTC15M-26OCT042100-00,0.9860,0.01,no
2026-10-05T00:58:28.527102Z,KXBTC15M-26OCT042100-00,0.9860,39.92,no
2026-10-05T00:58:28.527102Z,KXBTC15M-26OCT042100-00,0.9860,0.01,no
2026-10-05T00:58:28.563298Z,KXBTC15M-26OCT042100-00,0.9860,44.28,no
2026-10-05T00:58:28.599634Z,KXBTC15M-26OCT042100-00,0.9860,0.08,no
2026-10-05T00:58:28.631286Z,KXBTC15M-26OCT042100-00,0.9860,2.68,no
2026-10-05T00:58:28.635724Z,KXBTC15M-26OCT042100-00,0.9870,24.96,yes
2026-10-05T00:58:28.63787Z,KXBTC15M-26OCT042100-00,0.9860,199.99,no
2026-10-05T00:58:28.642941Z,KXBTC15M-26OCT042100-00,0.9860,1.00,no
2026-10-05T00:58:28.670368Z,KXBTC15M-26OCT042100-00,0.9870,10.00,yes
2026-10-05T00:58:28.673998Z,KXBTC15M-26OCT042100-00,0.9870,10.00,yes
2026-10-05T00:58:28.700547Z,KXBTC15M-26OCT042100-00,0.9860,14.80,no
2026-10-05T00:58:28.700547Z,KXBTC15M-26OCT042100-00,0.9860,0.01,no
2026-10-05T00:58:28.700547Z,KXBTC15M-26OCT042100-00,0.9860,2.00,no
2026-10-05T00:58:28.700547Z,KXBTC15M-26OCT042100-00,0.9860,0.01,no
2026-10-05T00:58:28.700547Z,KXBTC15M-26OCT042100-00,0.9860,24.96,no
2026-10-05T00:58:28.700547Z,KXBTC15M-26OCT042100-00,0.9860,16.69,no
2026-10-05T00:58:28.708473Z,KXBTC15M-26OCT042100-00,0.9870,4.13,yes
2026-10-05T00:58:28.708473Z,KXBTC15M-26OCT042100-00,0.9870,0.83,yes
2026-10-05T00:58:28.785193Z,KXBTC15M-26OCT042100-00,0.9870,6.07,yes
2026-10-05T00:58:28.82063Z,KXBTC15M-26OCT042100-00,0.9870,9.93,yes
2026-10-05T00:58:28.83268Z,KXBTC15M-26OCT042100-00,0.9860,10.00,no
2026-10-05T00:58:28.83268Z,KXBTC15M-26OCT042100-00,0.9860,0.01,no
2026-10-05T00:58:28.83268Z,KXBTC15M-26OCT042100-00,0.9860,400.00,no
2026-10-05T00:58:28.83268Z,KXBTC15M-26OCT042100-00,0.9850,2.00,no
2026-10-05T00:58:28.83268Z,KXBTC15M-26OCT042100-00,0.9860,4.13,no
2026-10-05T00:58:28.83268Z,KXBTC15M-26OCT042100-00,0.9860,6.07,no
2026-10-05T00:58:28.83268Z,KXBTC15M-26OCT042100-00,0.9860,10.00,no
2026-10-05T00:58:28.83268Z,KXBTC15M-26OCT042100-00,0.9860,100.00,no
2026-10-05T00:58:28.83268Z,KXBTC15M-26OCT042100-00,0.9850,2.00,no
2026-10-05T00:58:28.83268Z,KXBTC15M-26OCT042100-00,0.9850,40.00,no
2026-10-05T00:58:28.83268Z,KXBTC15M-26OCT042100-00,0.9860,0.01,no
2026-10-05T00:58:28.83268Z,KXBTC15M-26OCT042100-00,0.9860,2.00,no
2026-10-05T00:58:28.83268Z,KXBTC15M-26OCT042100-00,0.9840,25.99,no
2026-10-05T00:58:28.83268Z,KXBTC15M-26OCT042100-00,0.9860,0.83,no
2026-10-05T00:58:28.839192Z,KXBTC15M-26OCT042100-00,0.9850,289.59,yes
2026-10-05T00:58:28.839192Z,KXBTC15M-26OCT042100-00,0.9870,175.43,yes
2026-10-05T00:58:28.843689Z,KXBTC15M-26OCT042100-00,0.9860,2.00,no
2026-10-05T00:58:28.856273Z,KXBTC15M-26OCT042100-00,0.9870,32.85,yes
2026-10-05T00:58:28.8747Z,KXBTC15M-26OCT042100-00,0.9860,0.01,no
2026-10-05T00:58:28.8747Z,KXBTC15M-26OCT042100-00,0.9860,114.87,no
2026-10-05T00:58:28.8747Z,KXBTC15M-26OCT042100-00,0.9860,0.01,no
2026-10-05T00:58:28.8747Z,KXBTC15M-26OCT042100-00,0.9860,7.93,no
2026-10-05T00:58:28.8747Z,KXBTC15M-26OCT042100-00,0.9860,100.00,no
2026-10-05T00:58:28.89707Z,KXBTC15M-26OCT042100-00,0.9860,28.57,no
2026-10-05T00:58:28.89707Z,KXBTC15M-26OCT042100-00,0.9860,60.56,no
2026-10-05T00:58:28.924091Z,KXBTC15M-26OCT042100-00,0.9860,4.45,no
2026-10-05T00:58:28.946246Z,KXBTC15M-26OCT042100-00,0.9860,58.53,no
2026-10-05T00:58:29.000218Z,KXBTC15M-26OCT042100-00,0.9860,8.61,no
2026-10-05T00:58:29.022076Z,KXBTC15M-26OCT042100-00,0.9860,133.63,no
2026-10-05T00:58:29.040848Z,KXBTC15M-26OCT042100-00,0.9860,35.00,no
2026-10-05T00:58:29.040848Z,KXBTC15M-26OCT042100-00,0.9860,100.00,no
2026-10-05T00:58:29.040848Z,KXBTC15M-26OCT042100-00,0.9860,166.21,no
2026-10-05T00:58:29.040848Z,KXBTC15M-26OCT042100-00,0.9860,0.01,no
2026-10-05T00:58:29.040848Z,KXBTC15M-26OCT042100-00,0.9860,0.01,no
2026-10-05T00:58:29.040848Z,KXBTC15M-26OCT042100-00,0.9860,32.85,no
2026-10-05T00:58:29.052966Z,KXBTC15M-26OCT042100-00,0.9870,30.89,yes
2026-10-05T00:58:29.052966Z,KXBTC15M-26OCT042100-00,0.9870,3.75,yes
2026-10-05T00:58:29.071532Z,KXBTC15M-26OCT042100-00,0.9870,252.25,yes
2026-10-05T00:58:29.071532Z,KXBTC15M-26OCT042100-00,0.9870,0.41,yes
2026-10-05T00:58:29.092144Z,KXBTC15M-26OCT042100-00,0.9860,9.99,no
2026-10-05T00:58:29.092144Z,KXBTC15M-26OCT042100-00,0.9860,0.01,no
2026-10-05T00:58:29.120919Z,KXBTC15M-26OCT042100-00,0.9860,34.90,no
2026-10-05T00:58:29.128137Z,KXBTC15M-26OCT042100-00,0.9870,0.80,yes
2026-10-05T00:58:29.129891Z,KXBTC15M-26OCT042100-00,0.9870,116.40,yes
2026-10-05T00:58:29.132151Z,KXBTC15M-26OCT042100-00,0.9870,10.12,yes
2026-10-05T00:58:29.135186Z,KXBTC15M-26OCT042100-00,0.9860,0.11,no
2026-10-05T00:58:29.147724Z,KXBTC15M-26OCT042100-00,0.9860,13.36,no
2026-10-05T00:58:29.269395Z,KXBTC15M-26OCT042100-00,0.9860,142.89,no
2026-10-05T00:58:29.270082Z,KXBTC15M-26OCT042100-00,0.9860,0.01,no
2026-10-05T00:58:29.270082Z,KXBTC15M-26OCT042100-00,0.9860,15.64,no
2026-10-05T00:58:29.270082Z,KXBTC15M-26OCT042100-00,0.9860,198.75,no
2026-10-05T00:58:29.270082Z,KXBTC15M-26OCT042100-00,0.9860,30.89,no
2026-10-05T00:58:29.274626Z,KXBTC15M-26OCT042100-00,0.9860,57.89,no
2026-10-05T00:58:29.275904Z,KXBTC15M-26OCT042100-00,0.9860,10.97,no
2026-10-05T00:58:29.297539Z,KXBTC15M-26OCT042100-00,0.9860,3.75,no
2026-10-05T00:58:29.297539Z,KXBTC15M-26OCT042100-00,0.9860,10.34,no
2026-10-05T00:58:29.297539Z,KXBTC15M-26OCT042100-00,0.9860,0.41,no
2026-10-05T00:58:29.297539Z,KXBTC15M-26OCT042100-00,0.9860,15.50,no
2026-10-05T00:58:29.305972Z,KXBTC15M-26OCT042100-00,0.9860,2.46,no
2026-10-05T00:58:29.315593Z,KXBTC15M-26OCT042100-00,0.9860,6.68,no
2026-10-05T00:58:29.319595Z,KXBTC15M-26OCT042100-00,0.9860,0.80,no
2026-10-05T00:58:29.319595Z,KXBTC15M-26OCT042100-00,0.9860,100.50,no
2026-10-05T00:58:29.319595Z,KXBTC15M-26OCT042100-00,0.9860,232.77,no
2026-10-05T00:58:29.319595Z,KXBTC15M-26OCT042100-00,0.9860,0.01,no
2026-10-05T00:58:29.327599Z,KXBTC15M-26OCT042100-00,0.9870,4.98,yes
2026-10-05T00:58:29.332871Z,KXBTC15M-26OCT042100-00,0.9860,6.39,no
2026-10-05T00:58:29.341525Z,KXBTC15M-26OCT042100-00,0.9870,9.13,yes
2026-10-05T00:58:29.341525Z,KXBTC15M-26OCT042100-00,0.9870,17.29,yes
2026-10-05T00:58:29.341525Z,KXBTC15M-26OCT042100-00,0.9870,1.00,yes
2026-10-05T00:58:29.341525Z,KXBTC15M-26OCT042100-00,0.9870,256.00,yes
2026-10-05T00:58:29.350058Z,KXBTC15M-26OCT042100-00,0.9860,2.54,no
2026-10-05T00:58:29.350743Z,KXBTC15M-26OCT042100-00,0.9870,9.43,yes
2026-10-05T00:58:29.350743Z,KXBTC15M-26OCT042100-00,0.9870,15.87,yes
2026-10-05T00:58:29.353532Z,KXBTC15M-26OCT042100-00,0.9860,1.04,no
2026-10-05T00:58:29.357082Z,KXBTC15M-26OCT042100-00,0.9860,10.12,no
2026-10-05T00:58:29.357082Z,KXBTC15M-26OCT042100-00,0.9860,1.41,no
2026-10-05T00:58:29.357082Z,KXBTC15M-26OCT042100-00,0.9860,5.93,no
2026-10-05T00:58:29.37311Z,KXBTC15M-26OCT042100-00,0.9870,5.06,yes
2026-10-05T00:58:29.380637Z,KXBTC15M-26OCT042100-00,0.9860,3.18,no
2026-10-05T00:58:29.380637Z,KXBTC15M-26OCT042100-00,0.9860,0.01,no
2026-10-05T00:58:29.380637Z,KXBTC15M-26OCT042100-00,0.9860,2.00,no
2026-10-05T00:58:29.390684Z,KXBTC15M-26OCT042100-00,0.9870,50.61,yes
2026-10-05T00:58:29.411399Z,KXBTC15M-26OCT042100-00,0.9860,2.71,no
2026-10-05T00:58:29.412615Z,KXBTC15M-26OCT042100-00,0.9860,31.18,no
2026-10-05T00:58:29.412Z,KXBTC15M-26OCT042100-00,0.9860,21.44,no
2026-10-05T00:58:29.438983Z,KXBTC15M-26OCT042100-00,0.9860,2.49,no
2026-10-05T00:58:29.448039Z,KXBTC15M-26OCT042100-00,0.9860,96.63,no
2026-10-05T00:58:29.451864Z,KXBTC15M-26OCT042100-00,0.9860,5.09,no
2026-10-05T00:58:29.470462Z,KXBTC15M-26OCT042100-00,0.9870,400.00,yes
2026-10-05T00:58:29.472208Z,KXBTC15M-26OCT042100-00,0.9860,104.17,no
2026-10-05T00:58:29.476468Z,KXBTC15M-26OCT042100-00,0.9860,32.74,no
2026-10-05T00:58:29.490807Z,KXBTC15M-26OCT042100-00,0.9860,21.46,no
2026-10-05T00:58:29.490807Z,KXBTC15M-26OCT042100-00,0.9860,100.37,no
2026-10-05T00:58:29.498778Z,KXBTC15M-26OCT042100-00,0.9870,1.99,yes
2026-10-05T00:58:29.498778Z,KXBTC15M-26OCT042100-00,0.9870,0.01,yes
2026-10-05T00:58:29.498778Z,KXBTC15M-26OCT042100-00,0.9870,0.01,yes
2026-10-05T00:58:29.50252Z,KXBTC15M-26OCT042100-00,0.9870,1.00,yes
2026-10-05T00:58:29.506777Z,KXBTC15M-26OCT042100-00,0.9860,16.41,no
2026-10-05T00:58:29.520703Z,KXBTC15M-26OCT042100-00,0.9860,0.01,no
2026-10-05T00:58:29.520703Z,KXBTC15M-26OCT042100-00,0.9860,6.45,no
2026-10-05T00:58:29.520703Z,KXBTC15M-26OCT042100-00,0.9860,4.98,no
2026-10-05T00:58:29.527404Z,KXBTC15M-26OCT042100-00,0.9860,17.29,no
2026-10-05T00:58:29.527404Z,KXBTC15M-26OCT042100-00,0.9860,249.55,no
2026-10-05T00:58:29.527404Z,KXBTC15M-26OCT042100-00,0.9860,0.01,no
2026-10-05T00:58:29.527404Z,KXBTC15M-26OCT042100-00,0.9860,67.23,no
2026-10-05T00:58:29.546111Z,KXBTC15M-26OCT042100-00,0.9860,17.70,no
2026-10-05T00:58:29.56163Z,KXBTC15M-26OCT042100-00,0.9860,38.59,no
2026-10-05T00:58:29.562105Z,KXBTC15M-26OCT042100-00,0.9860,35.76,no
2026-10-05T00:58:29.581969Z,KXBTC15M-26OCT042100-00,0.9860,3.35,no
2026-10-05T00:58:29.586677Z,KXBTC15M-26OCT042100-00,0.9860,417.43,no
2026-10-05T00:58:29.586677Z,KXBTC15M-26OCT042100-00,0.9860,237.37,no
2026-10-05T00:58:29.603035Z,KXBTC15M-26OCT042100-00,0.9860,0.01,no
2026-10-05T00:58:29.603035Z,KXBTC15M-26OCT042100-00,0.9860,229.06,no
2026-10-05T00:58:29.603035Z,KXBTC15M-26OCT042100-00,0.9860,5.00,no
2026-10-05T00:58:29.603035Z,KXBTC15M-26OCT042100-00,0.9860,0.01,no
2026-10-05T00:58:29.603035Z,KXBTC15M-26OCT042100-00,0.9860,100.00,no
2026-10-05T00:58:29.651132Z,KXBTC15M-26OCT042100-00,0.9860,0.01,no
2026-10-05T00:58:29.651132Z,KXBTC15M-26OCT042100-00,0.9860,27.38,no
2026-10-05T00:58:29.660042Z,KXBTC15M-26OCT042100-00,0.9860,29.11,no
2026-10-05T00:58:29.660184Z,KXBTC15M-26OCT042100-00,0.9870,0.01,yes
2026-10-05T00:58:29.660184Z,KXBTC15M-26OCT042100-00,0.9870,11.00,yes
2026-10-05T00:58:29.660184Z,KXBTC15M-26OCT042100-00,0.9870,0.01,yes
2026-10-05T00:58:29.660184Z,KXBTC15M-26OCT042100-00,0.9880,49.00,yes
2026-10-05T00:58:29.668923Z,KXBTC15M-26OCT042100-00,0.9860,16.70,no
2026-10-05T00:58:29.709886Z,KXBTC15M-26OCT042100-00,0.9840,122.05,no
2026-10-05T00:58:29.709886Z,KXBTC15M-26OCT042100-00,0.9840,73.01,no
2026-10-05T00:58:29.709886Z,KXBTC15M-26OCT042100-00,0.9840,0.54,no
2026-10-05T00:58:29.709886Z,KXBTC15M-26OCT042100-00,0.9840,1.01,no
2026-10-05T00:58:29.709886Z,KXBTC15M-26OCT042100-00,0.9840,2.00,no
2026-10-05T00:58:29.709886Z,KXBTC15M-26OCT042100-00,0.9850,2.00,no
2026-10-05T00:58:29.709886Z,KXBTC15M-26OCT042100-00,0.9840,266.43,no
2026-10-05T00:58:29.709886Z,KXBTC15M-26OCT042100-00,0.9860,0.01,no
2026-10-05T00:58:29.709886Z,KXBTC15M-26OCT042100-00,0.9860,400.00,no
2026-10-05T00:58:29.709886Z,KXBTC15M-26OCT042100-00,0.9860,0.01,no
2026-10-05T00:58:29.709886Z,KXBTC15M-26OCT042100-00,0.9840,160.96,no
2026-10-05T00:58:29.709886Z,KXBTC15M-26OCT042100-00,0.9860,26.81,no
2026-10-05T00:58:29.709886Z,KXBTC15M-26OCT042100-00,0.9840,2.00,no
2026-10-05T00:58:29.736754Z,KXBTC15M-26OCT042100-00,0.9860,0.01,no
2026-10-05T00:58:29.736754Z,KXBTC15M-26OCT042100-00,0.9860,100.00,no
2026-10-05T00:58:29.752914Z,KXBTC15M-26OCT042100-00,0.9880,31.41,yes
2026-10-05T00:58:29.773439Z,KXBTC15M-26OCT042100-00,0.9860,0.01,no
2026-10-05T00:58:29.773439Z,KXBTC15M-26OCT042100-00,0.9860,400.00,no
2026-10-05T00:58:29.77646Z,KXBTC15M-26OCT042100-00,0.9870,69.78,yes
2026-10-05T00:58:29.776663Z,KXBTC15M-26OCT042100-00,0.9840,16.00,no
2026-10-05T00:58:29.81016Z,KXBTC15M-26OCT042100-00,0.9860,20.38,no
2026-10-05T00:58:29.812993Z,KXBTC15M-26OCT042100-00,0.9860,10.25,no
2026-10-05T00:58:29.829857Z,KXBTC15M-26OCT042100-00,0.9860,0.59,no
2026-10-05T00:58:29.871797Z,KXBTC15M-26OCT042100-00,0.9860,0.21,no
2026-10-05T00:58:29.874503Z,KXBTC15M-26OCT042100-00,0.9870,0.01,yes
2026-10-05T00:58:29.874503Z,KXBTC15M-26OCT042100-00,0.9870,0.01,yes
2026-10-05T00:58:29.874503Z,KXBTC15M-26OCT042100-00,0.9870,11.00,yes
2026-10-05T00:58:29.874503Z,KXBTC15M-26OCT042100-00,0.9880,38.98,yes
2026-10-05T00:58:29.916784Z,KXBTC15M-26OCT042100-00,0.9860,0.01,no
2026-10-05T00:58:29.916784Z,KXBTC15M-26OCT042100-00,0.9860,65.47,no
2026-10-05T00:58:29.924165Z,KXBTC15M-26OCT042100-00,0.9860,3.81,no
2026-10-05T00:58:29.924165Z,KXBTC15M-26OCT042100-00,0.9860,34.53,no
2026-10-05T00:58:29.939126Z,KXBTC15M-26OCT042100-00,0.9860,166.32,no
2026-10-05T00:58:29.945964Z,KXBTC15M-26OCT042100-00,0.9870,0.01,yes
2026-10-05T00:58:29.945964Z,KXBTC15M-26OCT042100-00,0.9870,0.01,yes
2026-10-05T00:58:29.945964Z,KXBTC15M-26OCT042100-00,0.9870,11.00,yes
2026-10-05T00:58:29.945964Z,KXBTC15M-26OCT042100-00,0.9880,221.58,yes
2026-10-05T00:58:29.991926Z,KXBTC15M-26OCT042100-00,0.9840,0.61,no
2026-10-05T00:58:29.991926Z,KXBTC15M-26OCT042100-00,0.9860,0.01,no
2026-10-05T00:58:29.991926Z,KXBTC15M-26OCT042100-00,0.9860,0.01,no
2026-10-05T00:58:30.015577Z,KXBTC15M-26OCT042100-00,0.9840,34.41,no
2026-10-05T00:58:30.021618Z,KXBTC15M-26OCT042100-00,0.9860,6.72,no
2026-10-05T00:58:30.057933Z,KXBTC15M-26OCT042100-00,0.9870,0.01,yes
2026-10-05T00:58:30.057933Z,KXBTC15M-26OCT042100-00,0.9870,11.00,yes
2026-10-05T00:58:30.057933Z,KXBTC15M-26OCT042100-00,0.9870,380.47,yes
2026-10-05T00:58:30.057933Z,KXBTC15M-26OCT042100-00,0.9870,0.01,yes
2026-10-05T00:58:30.057933Z,KXBTC15M-26OCT042100-00,0.9870,100.00,yes
2026-10-05T00:58:30.130687Z,KXBTC15M-26OCT042100-00,0.9840,27.24,no
2026-10-05T00:58:30.131919Z,KXBTC15M-26OCT042100-00,0.9840,0.61,no
2026-10-05T00:58:30.136598Z,KXBTC15M-26OCT042100-00,0.9840,9.33,no
2026-10-05T00:58:30.153674Z,KXBTC15M-26OCT042100-00,0.9840,20.70,no
2026-10-05T00:58:30.190026Z,KXBTC15M-26OCT042100-00,0.9870,24.00,yes
2026-10-05T00:58:30.190026Z,KXBTC15M-26OCT042100-00,0.9870,0.01,yes
2026-10-05T00:58:30.190026Z,KXBTC15M-26OCT042100-00,0.9870,0.01,yes
2026-10-05T00:58:30.190026Z,KXBTC15M-26OCT042100-00,0.9870,11.00,yes
2026-10-05T00:58:30.190026Z,KXBTC15M-26OCT042100-00,0.9870,200.00,yes
2026-10-05T00:58:30.242485Z,KXBTC15M-26OCT042100-00,0.9860,62.78,no
2026-10-05T00:58:30.242485Z,KXBTC15M-26OCT042100-00,0.9860,0.01,no
2026-10-05T00:58:30.26356Z,KXBTC15M-26OCT042100-00,0.9860,32.86,no
2026-10-05T00:58:30.281393Z,KXBTC15M-26OCT042100-00,0.9860,6.36,no
2026-10-05T00:58:30.292344Z,KXBTC15M-26OCT042100-00,0.9860,13.25,no
2026-10-05T00:58:30.292564Z,KXBTC15M-26OCT042100-00,0.9870,0.01,yes
2026-10-05T00:58:30.292564Z,KXBTC15M-26OCT042100-00,0.9870,11.00,yes
2026-10-05T00:58:30.292564Z,KXBTC15M-26OCT042100-00,0.9870,0.01,yes
2026-10-05T00:58:30.292564Z,KXBTC15M-26OCT042100-00,0.9880,393.50,yes
2026-10-05T00:58:30.299312Z,KXBTC15M-26OCT042100-00,0.9870,0.01,yes
2026-10-05T00:58:30.299312Z,KXBTC15M-26OCT042100-00,0.9870,0.01,yes
2026-10-05T00:58:30.299312Z,KXBTC15M-26OCT042100-00,0.9880,9.70,yes
2026-10-05T00:58:30.305981Z,KXBTC15M-26OCT042100-00,0.9860,0.01,no
2026-10-05T00:58:30.305981Z,KXBTC15M-26OCT042100-00,0.9860,0.01,no
2026-10-05T00:58:30.312754Z,KXBTC15M-26OCT042100-00,0.9870,4.03,yes
2026-10-05T00:58:30.312754Z,KXBTC15M-26OCT042100-00,0.9870,0.01,yes
2026-10-05T00:58:30.33719Z,KXBTC15M-26OCT042100-00,0.9870,6.97,yes
2026-10-05T00:58:30.33719Z,KXBTC15M-26OCT042100-00,0.9870,0.01,yes
2026-10-05T00:58:30.33719Z,KXBTC15M-26OCT042100-00,0.9870,4.03,yes
2026-10-05T00:58:30.33719Z,KXBTC15M-26OCT042100-00,0.9870,0.01,yes
2026-10-05T00:58:30.35712Z,KXBTC15M-26OCT042100-00,0.9870,0.01,yes
2026-10-05T00:58:30.35712Z,KXBTC15M-26OCT042100-00,0.9870,11.00,yes
2026-10-05T00:58:30.35712Z,KXBTC15M-26OCT042100-00,0.9870,0.01,yes
2026-10-05T00:58:30.36785Z,KXBTC15M-26OCT042100-00,0.9870,0.48,no
2026-10-05T00:58:30.368676Z,KXBTC15M-26OCT042100-00,0.9880,50.00,yes
2026-10-05T00:58:30.388158Z,KXBTC15M-26OCT042100-00,0.9860,0.01,no
2026-10-05T00:58:30.388158Z,KXBTC15M-26OCT042100-00,0.9870,0.01,no
2026-10-05T00:58:30.388158Z,KXBTC15M-26OCT042100-00,0.9870,0.01,no
2026-10-05T00:58:30.388158Z,KXBTC15M-26OCT042100-00,0.9870,64.50,no
2026-10-05T00:58:30.388158Z,KXBTC15M-26OCT042100-00,0.9850,0.01,no
2026-10-05T00:58:30.388158Z,KXBTC15M-26OCT042100-00,0.9860,0.01,no
2026-10-05T00:58:30.388158Z,KXBTC15M-26OCT042100-00,0.9850,0.01,no
2026-10-05T00:58:30.388158Z,KXBTC15M-26OCT042100-00,0.9840,29.21,no
2026-10-05T00:58:30.394131Z,KXBTC15M-26OCT042100-00,0.9870,0.01,no
2026-10-05T00:58:30.394131Z,KXBTC15M-26OCT042100-00,0.9870,0.01,no
2026-10-05T00:58:30.394131Z,KXBTC15M-26OCT042100-00,0.9840,1.07,no
2026-10-05T00:58:30.394266Z,KXBTC15M-26OCT042100-00,0.9840,1.00,no
2026-10-05T00:58:30.412247Z,KXBTC15M-26OCT042100-00,0.9840,5.03,no
2026-10-05T00:58:30.477949Z,KXBTC15M-26OCT042100-00,0.9840,6.41,no
2026-10-05T00:58:30.482709Z,KXBTC15M-26OCT042100-00,0.9840,153.78,no
2026-10-05T00:58:30.55226Z,KXBTC15M-26OCT042100-00,0.9880,991.07,yes
2026-10-05T00:58:30.569082Z,KXBTC15M-26OCT042100-00,0.9840,1.79,no
2026-10-05T00:58:30.578433Z,KXBTC15M-26OCT042100-00,0.9840,2.23,no
2026-10-05T00:58:30.633275Z,KXBTC15M-26OCT042100-00,0.9840,34.23,no
2026-10-05T00:58:30.658984Z,KXBTC15M-26OCT042100-00,0.9840,21.58,no
2026-10-05T00:58:30.690584Z,KXBTC15M-26OCT042100-00,0.9880,13.47,yes
2026-10-05T00:58:30.711162Z,KXBTC15M-26OCT042100-00,0.9840,209.56,no
2026-10-05T00:58:30.730837Z,KXBTC15M-26OCT042100-00,0.9880,0.10,yes
2026-10-05T00:58:30.759257Z,KXBTC15M-26OCT042100-00,0.9840,0.01,no
2026-10-05T00:58:30.759257Z,KXBTC15M-26OCT042100-00,0.9840,0.01,no
2026-10-05T00:58:30.759257Z,KXBTC15M-26OCT042100-00,0.9840,39.70,no
2026-10-05T00:58:30.781706Z,KXBTC15M-26OCT042100-00,0.9880,254.41,yes
2026-10-05T00:58:30.794653Z,KXBTC15M-26OCT042100-00,0.9840,400.00,no
2026-10-05T00:58:30.794653Z,KXBTC15M-26OCT042100-00,0.9840,0.01,no
2026-10-05T00:58:30.794653Z,KXBTC15M-26OCT042100-00,0.9840,100.00,no
2026-10-05T00:58:30.803356Z,KXBTC15M-26OCT042100-00,0.9840,10.37,no
2026-10-05T00:58:30.842915Z,KXBTC15M-26OCT042100-00,0.9830,120.17,no
2026-10-05T00:58:30.842915Z,KXBTC15M-26OCT042100-00,0.9830,133.45,no
2026-10-05T00:58:30.842915Z,KXBTC15M-26OCT042100-00,0.9830,2.00,no
2026-10-05T00:58:30.846831Z,KXBTC15M-26OCT042100-00,0.9880,446.78,yes
2026-10-05T00:58:30.846831Z,KXBTC15M-26OCT042100-00,0.9880,58.86,yes
2026-10-05T00:58:30.848537Z,KXBTC15M-26OCT042100-00,0.9830,10.99,no
2026-10-05T00:58:30.867267Z,KXBTC15M-26OCT042100-00,0.9880,2.02,yes
2026-10-05T00:58:30.925319Z,KXBTC15M-26OCT042100-00,0.9880,39.44,yes
2026-10-05T00:58:30.975857Z,KXBTC15M-26OCT042100-00,0.9840,5.36,no
2026-10-05T00:58:31.029347Z,KXBTC15M-26OCT042100-00,0.9870,25.28,yes
2026-10-05T00:58:31.043214Z,KXBTC15M-26OCT042100-00,0.9870,18.94,yes
2026-10-05T00:58:31.044179Z,KXBTC15M-26OCT042100-00,0.9840,33.50,no
2026-10-05T00:58:31.044179Z,KXBTC15M-26OCT042100-00,0.9840,48.02,no
2026-10-05T00:58:31.084494Z,KXBTC15M-26OCT042100-00,0.9870,8.37,yes
2026-10-05T00:58:31.093696Z,KXBTC15M-26OCT042100-00,0.9870,10.11,yes
2026-10-05T00:58:31.114415Z,KXBTC15M-26OCT042100-00,0.9870,234.61,yes
2026-10-05T00:58:31.135403Z,KXBTC15M-26OCT042100-00,0.9870,34.00,yes
2026-10-05T00:58:31.158283Z,KXBTC15M-26OCT042100-00,0.9840,28.72,no
2026-10-05T00:58:31.168745Z,KXBTC15M-26OCT042100-00,0.9840,750.00,no
2026-10-05T00:58:31.168745Z,KXBTC15M-26OCT042100-00,0.9820,10.00,no
2026-10-05T00:58:31.168745Z,KXBTC15M-26OCT042100-00,0.9800,15.00,no
2026-10-05T00:58:31.168745Z,KXBTC15M-26OCT042100-00,0.9840,1.02,no
2026-10-05T00:58:31.168745Z,KXBTC15M-26OCT042100-00,0.9800,2.00,no
2026-10-05T00:58:31.168745Z,KXBTC15M-26OCT042100-00,0.9840,23.26,no
2026-10-05T00:58:31.168745Z,KXBTC15M-26OCT042100-00,0.9820,14.00,no
2026-10-05T00:58:31.168745Z,KXBTC15M-26OCT042100-00,0.9800,93.75,no
2026-10-05T00:58:31.168745Z,KXBTC15M-26OCT042100-00,0.9800,64.00,no
2026-10-05T00:58:31.168745Z,KXBTC15M-26OCT042100-00,0.9840,400.00,no
2026-10-05T00:58:31.168745Z,KXBTC15M-26OCT042100-00,0.9810,150.00,no
2026-10-05T00:58:31.168745Z,KXBTC15M-26OCT042100-00,0.9800,64.00,no
2026-10-05T00:58:31.168745Z,KXBTC15M-26OCT042100-00,0.9790,2.00,no
2026-10-05T00:58:31.168745Z,KXBTC15M-26OCT042100-00,0.9820,1.00,no
2026-10-05T00:58:31.168745Z,KXBTC15M-26OCT042100-00,0.9800,93.75,no
2026-10-05T00:58:31.168745Z,KXBTC15M-26OCT042100-00,0.9790,4.00,no
2026-10-05T00:58:31.168745Z,KXBTC15M-26OCT042100-00,0.9840,25.44,no
2026-10-05T00:58:31.168745Z,KXBTC15M-26OCT042100-00,0.9790,6.00,no
2026-10-05T00:58:31.168745Z,KXBTC15M-26OCT042100-00,0.9790,208.10,no
2026-10-05T00:58:31.168745Z,KXBTC15M-26OCT042100-00,0.9820,100.00,no
2026-10-05T00:58:31.168745Z,KXBTC15M-26OCT042100-00,0.9790,2.00,no
2026-10-05T00:58:31.168745Z,KXBTC15M-26OCT042100-00,0.9810,2.00,no
2026-10-05T00:58:31.168745Z,KXBTC15M-26OCT042100-00,0.9810,2.00,no
2026-10-05T00:58:31.168745Z,KXBTC15M-26OCT042100-00,0.9810,12.00,no
2026-10-05T00:58:31.168745Z,KXBTC15M-26OCT042100-00,0.9800,2.00,no
2026-10-05T00:58:31.168745Z,KXBTC15M-26OCT042100-00,0.9800,50.00,no
2026-10-05T00:58:31.168745Z,KXBTC15M-26OCT042100-00,0.9790,30.00,no
2026-10-05T00:58:31.168745Z,KXBTC15M-26OCT042100-00,0.9790,55.00,no
2026-10-05T00:58:31.168745Z,KXBTC15M-26OCT042100-00,0.9800,15.00,no
2026-10-05T00:58:31.168745Z,KXBTC15M-26OCT042100-00,0.9790,100.00,no
2026-10-05T00:58:31.168745Z,KXBTC15M-26OCT042100-00,0.9800,30.00,no
2026-10-05T00:58:31.168745Z,KXBTC15M-26OCT042100-00,0.9790,40.00,no
2026-10-05T00:58:31.168745Z,KXBTC15M-26OCT042100-00,0.9760,116.53,no
2026-10-05T00:58:31.168745Z,KXBTC15M-26OCT042100-00,0.9800,500.00,no
2026-10-05T00:58:31.168745Z,KXBTC15M-26OCT042100-00,0.9800,98.00,no
2026-10-05T00:58:31.177753Z,KXBTC15M-26OCT042100-00,0.9840,40.82,no
2026-10-05T00:58:31.182738Z,KXBTC15M-26OCT042100-00,0.9810,47.32,no
2026-10-05T00:58:31.182738Z,KXBTC15M-26OCT042100-00,0.9830,1.05,no
2026-10-05T00:58:31.182738Z,KXBTC15M-26OCT042100-00,0.9830,1.02,no
2026-10-05T00:58:31.18288Z,KXBTC15M-26OCT042100-00,0.9850,15.00,yes
2026-10-05T00:58:31.18288Z,KXBTC15M-26OCT042100-00,0.9850,93.75,yes
2026-10-05T00:58:31.18288Z,KXBTC15M-26OCT042100-00,0.9850,93.75,yes
2026-10-05T00:58:31.18288Z,KXBTC15M-26OCT042100-00,0.9850,64.00,yes
2026-10-05T00:58:31.18288Z,KXBTC15M-26OCT042100-00,0.9860,33.50,yes
2026-10-05T00:58:31.21624Z,KXBTC15M-26OCT042100-00,0.9840,27.98,no
2026-10-05T00:58:31.220956Z,KXBTC15M-26OCT042100-00,0.9840,5.84,no
2026-10-05T00:58:31.24533Z,KXBTC15M-26OCT042100-00,0.9850,0.01,yes
2026-10-05T00:58:31.24533Z,KXBTC15M-26OCT042100-00,0.9850,0.01,yes
2026-10-05T00:58:31.24533Z,KXBTC15M-26OCT042100-00,0.9850,100.48,yes
2026-10-05T00:58:31.262843Z,KXBTC15M-26OCT042100-00,0.9840,0.01,no
2026-10-05T00:58:31.262843Z,KXBTC15M-26OCT042100-00,0.9840,0.01,no
2026-10-05T00:58:31.262843Z,KXBTC15M-26OCT042100-00,0.9830,44.04,no
2026-10-05T00:58:31.264919Z,KXBTC15M-26OCT042100-00,0.9820,0.39,no
2026-10-05T00:58:31.286899Z,KXBTC15M-26OCT042100-00,0.9830,0.89,no
2026-10-05T00:58:31.302031Z,KXBTC15M-26OCT042100-00,0.9830,1.00,no
2026-10-05T00:58:31.31844Z,KXBTC15M-26OCT042100-00,0.9850,0.01,yes
2026-10-05T00:58:31.31844Z,KXBTC15M-26OCT042100-00,0.9860,0.99,yes
2026-10-05T00:58:31.31844Z,KXBTC15M-26OCT042100-00,0.9850,0.01,yes
2026-10-05T00:58:31.355338Z,KXBTC15M-26OCT042100-00,0.9860,2.00,yes
2026-10-05T00:58:31.355338Z,KXBTC15M-26OCT042100-00,0.9850,0.01,yes
2026-10-05T00:58:31.355338Z,KXBTC15M-26OCT042100-00,0.9860,0.01,yes
2026-10-05T00:58:31.355338Z,KXBTC15M-26OCT042100-00,0.9860,0.01,yes
2026-10-05T00:58:31.355338Z,KXBTC15M-26OCT042100-00,0.9850,0.01,yes
2026-10-05T00:58:31.355338Z,KXBTC15M-26OCT042100-00,0.9860,11.00,yes
2026-10-05T00:58:31.355338Z,KXBTC15M-26OCT042100-00,0.9870,686.96,yes
2026-10-05T00:58:31.376197Z,KXBTC15M-26OCT042100-00,0.9830,21.03,no
2026-10-05T00:58:31.403309Z,KXBTC15M-26OCT042100-00,0.9830,4.43,no
2026-10-05T00:58:31.403309Z,KXBTC15M-26OCT042100-00,0.9830,100.00,no
2026-10-05T00:58:31.413057Z,KXBTC15M-26OCT042100-00,0.9830,24.59,no
2026-10-05T00:58:31.429505Z,KXBTC15M-26OCT042100-00,0.9870,50.00,yes
2026-10-05T00:58:31.487023Z,KXBTC15M-26OCT042100-00,0.9870,1.37,yes
2026-10-05T00:58:31.487023Z,KXBTC15M-26OCT042100-00,0.9870,2.00,yes
2026-10-05T00:58:31.547985Z,KXBTC15M-26OCT042100-00,0.9850,0.55,no
2026-10-05T00:58:31.57434Z,KXBTC15M-26OCT042100-00,0.9850,29.03,no
2026-10-05T00:58:31.692853Z,KXBTC15M-26OCT042100-00,0.9850,0.01,no
2026-10-05T00:58:31.692853Z,KXBTC15M-26OCT042100-00,0.9850,0.01,no
2026-10-05T00:58:31.692853Z,KXBTC15M-26OCT042100-00,0.9850,4.12,no
2026-10-05T00:58:31.692932Z,KXBTC15M-26OCT042100-00,0.9870,9.63,yes
2026-10-05T00:58:31.692932Z,KXBTC15M-26OCT042100-00,0.9880,200.00,yes
2026-10-05T00:58:31.692932Z,KXBTC15M-26OCT042100-00,0.9870,0.01,yes
2026-10-05T00:58:31.692932Z,KXBTC15M-26OCT042100-00,0.9870,1.37,yes
2026-10-05T00:58:31.692932Z,KXBTC15M-26OCT042100-00,0.9870,24.00,yes
2026-10-05T00:58:31.692932Z,KXBTC15M-26OCT042100-00,0.9880,2.00,yes
2026-10-05T00:58:31.692932Z,KXBTC15M-26OCT042100-00,0.9870,0.01,yes
2026-10-05T00:58:31.692932Z,KXBTC15M-26OCT042100-00,0.9880,51.00,yes
2026-10-05T00:58:31.692932Z,KXBTC15M-26OCT042100-00,0.9880,229.68,yes
2026-10-05T00:58:31.692932Z,KXBTC15M-26OCT042100-00,0.9890,526.29,yes
2026-10-05T00:58:31.692932Z,KXBTC15M-26OCT042100-00,0.9880,256.00,yes
2026-10-05T00:58:31.692932Z,KXBTC15M-26OCT042100-00,0.9880,256.00,yes
2026-10-05T00:58:31.692932Z,KXBTC15M-26OCT042100-00,0.9880,256.00,yes
2026-10-05T00:58:31.692932Z,KXBTC15M-26OCT042100-00,0.9880,150.00,yes
2026-10-05T00:58:31.692932Z,KXBTC15M-26OCT042100-00,0.9880,1.00,yes
2026-10-05T00:58:31.692932Z,KXBTC15M-26OCT042100-00,0.9880,256.00,yes
2026-10-05T00:58:31.710409Z,KXBTC15M-26OCT042100-00,0.9890,49.54,yes
2026-10-05T00:58:31.747944Z,KXBTC15M-26OCT042100-00,0.9870,0.01,yes
2026-10-05T00:58:31.747944Z,KXBTC15M-26OCT042100-00,0.9880,0.01,yes
2026-10-05T00:58:31.747944Z,KXBTC15M-26OCT042100-00,0.9880,12.00,yes
2026-10-05T00:58:31.747944Z,KXBTC15M-26OCT042100-00,0.9870,0.01,yes
2026-10-05T00:58:31.747944Z,KXBTC15M-26OCT042100-00,0.9890,140.37,yes
2026-10-05T00:58:31.791106Z,KXBTC15M-26OCT042100-00,0.9860,53.94,no
2026-10-05T00:58:31.80498Z,KXBTC15M-26OCT042100-00,0.9860,175.41,no
2026-10-05T00:58:31.845193Z,KXBTC15M-26OCT042100-00,0.9860,26.65,no
2026-10-05T00:58:31.845193Z,KXBTC15M-26OCT042100-00,0.9860,0.01,no
2026-10-05T00:58:31.845193Z,KXBTC15M-26OCT042100-00,0.9860,256.00,no
2026-10-05T00:58:31.845193Z,KXBTC15M-26OCT042100-00,0.9860,100.00,no
2026-10-05T00:58:31.845193Z,KXBTC15M-26OCT042100-00,0.9860,26.33,no
2026-10-05T00:58:31.845193Z,KXBTC15M-26OCT042100-00,0.9860,0.01,no
2026-10-05T00:58:31.845193Z,KXBTC15M-26OCT042100-00,0.9860,150.00,no
2026-10-05T00:58:31.91062Z,KXBTC15M-26OCT042100-00,0.9860,132.71,no
2026-10-05T00:58:31.955076Z,KXBTC15M-26OCT042100-00,0.9880,0.01,yes
2026-10-05T00:58:31.955076Z,KXBTC15M-26OCT042100-00,0.9880,12.00,yes
2026-10-05T00:58:31.955076Z,KXBTC15M-26OCT042100-00,0.9880,0.01,yes
2026-10-05T00:58:31.955076Z,KXBTC15M-26OCT042100-00,0.9890,37.55,yes
2026-10-05T00:58:32.018496Z,KXBTC15M-26OCT042100-00,0.9860,96.96,no
2026-10-05T00:58:32.018496Z,KXBTC15M-26OCT042100-00,0.9860,68.15,no
2026-10-05T00:58:32.04071Z,KXBTC15M-26OCT042100-00,0.9880,0.01,yes
2026-10-05T00:58:32.04071Z,KXBTC15M-26OCT042100-00,0.9880,0.01,yes
2026-10-05T00:58:32.04071Z,KXBTC15M-26OCT042100-00,0.9880,12.00,yes
2026-10-05T00:58:32.04071Z,KXBTC15M-26OCT042100-00,0.9890,75.21,yes
2026-10-05T00:58:32.057963Z,KXBTC15M-26OCT042100-00,0.9860,3.18,no
2026-10-05T00:58:32.062838Z,KXBTC15M-26OCT042100-00,0.9880,12.00,yes
2026-10-05T00:58:32.062838Z,KXBTC15M-26OCT042100-00,0.9880,0.01,yes
2026-10-05T00:58:32.062838Z,KXBTC15M-26OCT042100-00,0.9880,0.01,yes
2026-10-05T00:58:32.062838Z,KXBTC15M-26OCT042100-00,0.9890,139.53,yes
2026-10-05T00:58:32.066305Z,KXBTC15M-26OCT042100-00,0.9860,1.29,no
2026-10-05T00:58:32.116338Z,KXBTC15M-26OCT042100-00,0.9880,0.01,yes
2026-10-05T00:58:32.116338Z,KXBTC15M-26OCT042100-00,0.9880,12.00,yes
2026-10-05T00:58:32.116338Z,KXBTC15M-26OCT042100-00,0.9880,0.01,yes
2026-10-05T00:58:32.116338Z,KXBTC15M-26OCT042100-00,0.9890,2.17,yes
2026-10-05T00:58:32.118487Z,KXBTC15M-26OCT042100-00,0.9860,62.36,no
2026-10-05T00:58:32.129302Z,KXBTC15M-26OCT042100-00,0.9860,24.72,no
2026-10-05T00:58:32.138214Z,KXBTC15M-26OCT042100-00,0.9860,165.11,no
2026-10-05T00:58:32.195137Z,KXBTC15M-26OCT042100-00,0.9860,75.19,no
2026-10-05T00:58:32.195137Z,KXBTC15M-26OCT042100-00,0.9860,256.00,no
2026-10-05T00:58:32.195137Z,KXBTC15M-26OCT042100-00,0.9860,0.01,no
2026-10-05T00:58:32.195137Z,KXBTC15M-26OCT042100-00,0.9860,100.00,no
2026-10-05T00:58:32.195137Z,KXBTC15M-26OCT042100-00,0.9860,0.01,no
2026-10-05T00:58:32.195137Z,KXBTC15M-26OCT042100-00,0.9860,192.45,no
2026-10-05T00:58:32.196574Z,KXBTC15M-26OCT042100-00,0.9880,1.36,yes
2026-10-05T00:58:32.203743Z,KXBTC15M-26OCT042100-00,0.9880,0.01,yes
2026-10-05T00:58:32.203743Z,KXBTC15M-26OCT042100-00,0.9880,10.64,yes
2026-10-05T00:58:32.203743Z,KXBTC15M-26OCT042100-00,0.9880,0.01,yes
2026-10-05T00:58:32.203743Z,KXBTC15M-26OCT042100-00,0.9880,1.36,yes
2026-10-05T00:58:32.203743Z,KXBTC15M-26OCT042100-00,0.9890,629.55,yes
2026-10-05T00:58:32.226631Z,KXBTC15M-26OCT042100-00,0.9860,64.14,no
2026-10-05T00:58:32.236061Z,KXBTC15M-26OCT042100-00,0.9880,8.06,yes
2026-10-05T00:58:32.236061Z,KXBTC15M-26OCT042100-00,0.9880,0.01,yes
2026-10-05T00:58:32.236061Z,KXBTC15M-26OCT042100-00,0.9880,0.01,yes
2026-10-05T00:58:32.256163Z,KXBTC15M-26OCT042100-00,0.9880,12.00,yes
2026-10-05T00:58:32.256163Z,KXBTC15M-26OCT042100-00,0.9880,0.01,yes
2026-10-05T00:58:32.256163Z,KXBTC15M-26OCT042100-00,0.9880,0.01,yes
2026-10-05T00:58:32.256163Z,KXBTC15M-26OCT042100-00,0.9890,18.29,yes
2026-10-05T00:58:32.295372Z,KXBTC15M-26OCT042100-00,0.9860,50.63,no
2026-10-05T00:58:32.312359Z,KXBTC15M-26OCT042100-00,0.9860,37.08,no
2026-10-05T00:58:32.391366Z,KXBTC15M-26OCT042100-00,0.9860,48.15,no
2026-10-05T00:58:32.391366Z,KXBTC15M-26OCT042100-00,0.9860,71.84,no
2026-10-05T00:58:32.391366Z,KXBTC15M-26OCT042100-00,0.9860,0.01,no
2026-10-05T00:58:32.40439Z,KXBTC15M-26OCT042100-00,0.9880,12.00,yes
2026-10-05T00:58:32.40439Z,KXBTC15M-26OCT042100-00,0.9880,0.01,yes
2026-10-05T00:58:32.40439Z,KXBTC15M-26OCT042100-00,0.9880,0.01,yes
2026-10-05T00:58:32.40439Z,KXBTC15M-26OCT042100-00,0.9890,6.98,yes
2026-10-05T00:58:32.452792Z,KXBTC15M-26OCT042100-00,0.9860,12.78,no
2026-10-05T00:58:32.480865Z,KXBTC15M-26OCT042100-00,0.9860,0.01,no
2026-10-05T00:58:32.480865Z,KXBTC15M-26OCT042100-00,0.9860,15.38,no
2026-10-05T00:58:32.480865Z,KXBTC15M-26OCT042100-00,0.9860,28.27,no
2026-10-05T00:58:32.498325Z,KXBTC15M-26OCT042100-00,0.9860,130.43,no
2026-10-05T00:58:32.508499Z,KXBTC15M-26OCT042100-00,0.9860,29.89,no
2026-10-05T00:58:32.519034Z,KXBTC15M-26OCT042100-00,0.9860,66.82,no
2026-10-05T00:58:32.526971Z,KXBTC15M-26OCT042100-00,0.9860,78.00,no
2026-10-05T00:58:32.530673Z,KXBTC15M-26OCT042100-00,0.9860,65.48,no
2026-10-05T00:58:32.573936Z,KXBTC15M-26OCT042100-00,0.9870,0.01,no
2026-10-05T00:58:32.573936Z,KXBTC15M-26OCT042100-00,0.9870,3.17,no
2026-10-05T00:58:32.573936Z,KXBTC15M-26OCT042100-00,0.9870,0.01,no
2026-10-05T00:58:32.5939Z,KXBTC15M-26OCT042100-00,0.9870,4.50,no
2026-10-05T00:58:32.617399Z,KXBTC15M-26OCT042100-00,0.9870,66.82,no
2026-10-05T00:58:32.630299Z,KXBTC15M-26OCT042100-00,0.9880,0.01,yes
2026-10-05T00:58:32.630299Z,KXBTC15M-26OCT042100-00,0.9880,1.27,yes
2026-10-05T00:58:32.630299Z,KXBTC15M-26OCT042100-00,0.9880,0.01,yes
2026-10-05T00:58:32.648748Z,KXBTC15M-26OCT042100-00,0.9870,83.00,no
2026-10-05T00:58:32.650567Z,KXBTC15M-26OCT042100-00,0.9870,0.01,no
2026-10-05T00:58:32.650567Z,KXBTC15M-26OCT042100-00,0.9870,0.01,no
2026-10-05T00:58:32.650567Z,KXBTC15M-26OCT042100-00,0.9870,100.00,no
2026-10-05T00:58:32.650567Z,KXBTC15M-26OCT042100-00,0.9870,2.00,no
2026-10-05T00:58:32.650567Z,KXBTC15M-26OCT042100-00,0.9870,245.68,no
2026-10-05T00:58:32.650567Z,KXBTC15M-26OCT042100-00,0.9870,1.65,no
2026-10-05T00:58:32.663322Z,KXBTC15M-26OCT042100-00,0.9870,33.41,no
2026-10-05T00:58:32.666227Z,KXBTC15M-26OCT042100-00,0.9880,0.01,yes
2026-10-05T00:58:32.666227Z,KXBTC15M-26OCT042100-00,0.9880,10.73,yes
2026-10-05T00:58:32.666227Z,KXBTC15M-26OCT042100-00,0.9880,1.27,yes
2026-10-05T00:58:32.666227Z,KXBTC15M-26OCT042100-00,0.9880,0.01,yes
2026-10-05T00:58:32.666227Z,KXBTC15M-26OCT042100-00,0.9890,89.02,yes
2026-10-05T00:58:32.692065Z,KXBTC15M-26OCT042100-00,0.9880,0.01,yes
2026-10-05T00:58:32.692065Z,KXBTC15M-26OCT042100-00,0.9880,0.01,yes
2026-10-05T00:58:32.692065Z,KXBTC15M-26OCT042100-00,0.9880,10.09,yes
2026-10-05T00:58:32.697065Z,KXBTC15M-26OCT042100-00,0.9870,58.47,no
2026-10-05T00:58:32.703215Z,KXBTC15M-26OCT042100-00,0.9870,0.01,no
2026-10-05T00:58:32.703215Z,KXBTC15M-26OCT042100-00,0.9870,41.53,no
2026-10-05T00:58:32.703215Z,KXBTC15M-26OCT042100-00,0.9870,0.01,no
2026-10-05T00:58:32.703215Z,KXBTC15M-26OCT042100-00,0.9870,25.27,no
2026-10-05T00:58:32.712538Z,KXBTC15M-26OCT042100-00,0.9870,28.11,no
2026-10-05T00:58:32.726475Z,KXBTC15M-26OCT042100-00,0.9880,0.01,yes
2026-10-05T00:58:32.726475Z,KXBTC15M-26OCT042100-00,0.9880,10.09,yes
2026-10-05T00:58:32.726475Z,KXBTC15M-26OCT042100-00,0.9880,0.01,yes
2026-10-05T00:58:32.74646Z,KXBTC15M-26OCT042100-00,0.9880,12.00,yes
2026-10-05T00:58:32.74646Z,KXBTC15M-26OCT042100-00,0.9880,0.01,yes
2026-10-05T00:58:32.74646Z,KXBTC15M-26OCT042100-00,0.9880,0.01,yes
2026-10-05T00:58:32.75017Z,KXBTC15M-26OCT042100-00,0.9870,0.37,no
2026-10-05T00:58:32.75017Z,KXBTC15M-26OCT042100-00,0.9870,0.01,no
2026-10-05T00:58:32.75017Z,KXBTC15M-26OCT042100-00,0.9870,0.01,no
2026-10-05T00:58:32.778081Z,KXBTC15M-26OCT042100-00,0.9870,0.01,no
2026-10-05T00:58:32.778081Z,KXBTC15M-26OCT042100-00,0.9870,66.80,no
2026-10-05T00:58:32.778081Z,KXBTC15M-26OCT042100-00,0.9870,0.01,no
2026-10-05T00:58:32.779524Z,KXBTC15M-26OCT042100-00,0.9890,488.00,yes
2026-10-05T00:58:32.783198Z,KXBTC15M-26OCT042100-00,0.9870,25.12,no
2026-10-05T00:58:32.789005Z,KXBTC15M-26OCT042100-00,0.9890,133.99,yes
2026-10-05T00:58:32.821422Z,KXBTC15M-26OCT042100-00,0.9870,88.64,no
2026-10-05T00:58:32.821422Z,KXBTC15M-26OCT042100-00,0.9870,0.01,no
2026-10-05T00:58:32.821422Z,KXBTC15M-26OCT042100-00,0.9870,0.01,no
2026-10-05T00:58:32.832183Z,KXBTC15M-26OCT042100-00,0.9890,38.00,yes
2026-10-05T00:58:32.83976Z,KXBTC15M-26OCT042100-00,0.9870,0.01,no
2026-10-05T00:58:32.83976Z,KXBTC15M-26OCT042100-00,0.9870,0.01,no
2026-10-05T00:58:32.83976Z,KXBTC15M-26OCT042100-00,0.9860,32.72,no
2026-10-05T00:58:32.880253Z,KXBTC15M-26OCT042100-00,0.9870,0.01,no
2026-10-05T00:58:32.880253Z,KXBTC15M-26OCT042100-00,0.9870,100.00,no
2026-10-05T00:58:32.880253Z,KXBTC15M-26OCT042100-00,0.9870,94.08,no
2026-10-05T00:58:32.880253Z,KXBTC15M-26OCT042100-00,0.9870,0.01,no
2026-10-05T00:58:32.887813Z,KXBTC15M-26OCT042100-00,0.9870,6.68,no
2026-10-05T00:58:32.929631Z,KXBTC15M-26OCT042100-00,0.9850,405.53,no
2026-10-05T00:58:32.929631Z,KXBTC15M-26OCT042100-00,0.9870,100.00,no
2026-10-05T00:58:32.929631Z,KXBTC15M-26OCT042100-00,0.9870,0.01,no
2026-10-05T00:58:32.929631Z,KXBTC15M-26OCT042100-00,0.9870,0.01,no
2026-10-05T00:58:32.936975Z,KXBTC15M-26OCT042100-00,0.9870,100.00,no
2026-10-05T00:58:32.936975Z,KXBTC15M-26OCT042100-00,0.9870,0.01,no
2026-10-05T00:58:32.941848Z,KXBTC15M-26OCT042100-00,0.9880,20.00,yes
2026-10-05T00:58:32.981847Z,KXBTC15M-26OCT042100-00,0.9870,0.01,no
2026-10-05T00:58:32.981847Z,KXBTC15M-26OCT042100-00,0.9870,15.17,no
2026-10-05T00:58:33.01032Z,KXBTC15M-26OCT042100-00,0.9870,0.01,no
2026-10-05T00:58:33.01032Z,KXBTC15M-26OCT042100-00,0.9870,49.99,no
2026-10-05T00:58:33.026773Z,KXBTC15M-26OCT042100-00,0.9880,12.00,yes
2026-10-05T00:58:33.026773Z,KXBTC15M-26OCT042100-00,0.9880,0.01,yes
2026-10-05T00:58:33.026773Z,KXBTC15M-26OCT042100-00,0.9880,0.01,yes
2026-10-05T00:58:33.026773Z,KXBTC15M-26OCT042100-00,0.9890,37.04,yes
2026-10-05T00:58:33.0523Z,KXBTC15M-26OCT042100-00,0.9890,88.47,yes
2026-10-05T00:58:33.0523Z,KXBTC15M-26OCT042100-00,0.9890,328.80,yes
2026-10-05T00:58:33.059372Z,KXBTC15M-26OCT042100-00,0.9870,4.59,no
2026-10-05T00:58:33.059372Z,KXBTC15M-26OCT042100-00,0.9870,0.01,no
2026-10-05T00:58:33.070279Z,KXBTC15M-26OCT042100-00,0.9890,0.02,yes
2026-10-05T00:58:33.071361Z,KXBTC15M-26OCT042100-00,0.9890,75.00,yes
2026-10-05T00:58:33.075928Z,KXBTC15M-26OCT042100-00,0.9880,111.00,no
2026-10-05T00:58:33.079721Z,KXBTC15M-26OCT042100-00,0.9890,5.00,yes
2026-10-05T00:58:33.087974Z,KXBTC15M-26OCT042100-00,0.9890,0.02,yes
2026-10-05T00:58:33.08842Z,KXBTC15M-26OCT042100-00,0.9880,2.00,no
2026-10-05T00:58:33.08842Z,KXBTC15M-26OCT042100-00,0.9880,18.97,no
2026-10-05T00:58:33.08842Z,KXBTC15M-26OCT042100-00,0.9880,2.00,no
2026-10-05T00:58:33.098115Z,KXBTC15M-26OCT042100-00,0.9890,90.00,yes
2026-10-05T00:58:33.113017Z,KXBTC15M-26OCT042100-00,0.9880,214.28,no
2026-10-05T00:58:33.113839Z,KXBTC15M-26OCT042100-00,0.9880,1.02,no
2026-10-05T00:58:33.113839Z,KXBTC15M-26OCT042100-00,0.9880,28.00,no
2026-10-05T00:58:33.113839Z,KXBTC15M-26OCT042100-00,0.9880,0.01,no
2026-10-05T00:58:33.113839Z,KXBTC15M-26OCT042100-00,0.9870,0.01,no
2026-10-05T00:58:33.113839Z,KXBTC15M-26OCT042100-00,0.9880,75.00,no
2026-10-05T00:58:33.113839Z,KXBTC15M-26OCT042100-00,0.9880,400.00,no
2026-10-05T00:58:33.113839Z,KXBTC15M-26OCT042100-00,0.9880,0.02,no
2026-10-05T00:58:33.113839Z,KXBTC15M-26OCT042100-00,0.9880,95.55,no
2026-10-05T00:58:33.113839Z,KXBTC15M-26OCT042100-00,0.9880,0.01,no
2026-10-05T00:58:33.113839Z,KXBTC15M-26OCT042100-00,0.9870,54.95,no
2026-10-05T00:58:33.113839Z,KXBTC15M-26OCT042100-00,0.9880,100.00,no
2026-10-05T00:58:33.113839Z,KXBTC15M-26OCT042100-00,0.9880,100.00,no
2026-10-05T00:58:33.113839Z,KXBTC15M-26OCT042100-00,0.9880,500.00,no
2026-10-05T00:58:33.114082Z,KXBTC15M-26OCT042100-00,0.9890,13.16,yes
2026-10-05T00:58:33.114082Z,KXBTC15M-26OCT042100-00,0.9890,512.00,yes
2026-10-05T00:58:33.114082Z,KXBTC15M-26OCT042100-00,0.9890,474.84,yes
2026-10-05T00:58:33.116969Z,KXBTC15M-26OCT042100-00,0.9850,344.47,no
2026-10-05T00:58:33.116969Z,KXBTC15M-26OCT042100-00,0.9850,13.00,no
2026-10-05T00:58:33.116969Z,KXBTC15M-26OCT042100-00,0.9860,2.00,no
2026-10-05T00:58:33.116969Z,KXBTC15M-26OCT042100-00,0.9870,2.00,no
2026-10-05T00:58:33.116969Z,KXBTC15M-26OCT042100-00,0.9870,21.00,no
2026-10-05T00:58:33.116969Z,KXBTC15M-26OCT042100-00,0.9850,71.47,no
2026-10-05T00:58:33.116969Z,KXBTC15M-26OCT042100-00,0.9870,0.01,no
2026-10-05T00:58:33.116969Z,KXBTC15M-26OCT042100-00,0.9860,2.00,no
2026-10-05T00:58:33.116969Z,KXBTC15M-26OCT042100-00,0.9870,2.00,no
2026-10-05T00:58:33.116969Z,KXBTC15M-26OCT042100-00,0.9870,42.05,no
2026-10-05T00:58:33.128875Z,KXBTC15M-26OCT042100-00,0.9870,14.00,no
2026-10-05T00:58:33.128875Z,KXBTC15M-26OCT042100-00,0.9880,5.00,no
2026-10-05T00:58:33.12927Z,KXBTC15M-26OCT042100-00,0.9880,0.20,no
2026-10-05T00:58:33.13094Z,KXBTC15M-26OCT042100-00,0.9870,71.95,no
2026-10-05T00:58:33.140771Z,KXBTC15M-26OCT042100-00,0.9880,30.00,no
2026-10-05T00:58:33.170771Z,KXBTC15M-26OCT042100-00,0.9890,3.00,yes
2026-10-05T00:58:33.176388Z,KXBTC15M-26OCT042100-00,0.9890,0.02,yes
2026-10-05T00:58:33.216565Z,KXBTC15M-26OCT042100-00,0.9880,6.41,no
2026-10-05T00:58:33.216585Z,KXBTC15M-26OCT042100-00,0.9890,2.31,yes
2026-10-05T00:58:33.22166Z,KXBTC15M-26OCT042100-00,0.9880,62.59,no
2026-10-05T00:58:33.22166Z,KXBTC15M-26OCT042100-00,0.9880,65.19,no
2026-10-05T00:58:33.22166Z,KXBTC15M-26OCT042100-00,0.9880,0.01,no
2026-10-05T00:58:33.22166Z,KXBTC15M-26OCT042100-00,0.9880,0.01,no
2026-10-05T00:58:33.22166Z,KXBTC15M-26OCT042100-00,0.9880,474.84,no
2026-10-05T00:58:33.225851Z,KXBTC15M-26OCT042100-00,0.9880,446.81,no
2026-10-05T00:58:33.225851Z,KXBTC15M-26OCT042100-00,0.9880,100.00,no
2026-10-05T00:58:33.225851Z,KXBTC15M-26OCT042100-00,0.9880,111.36,no
2026-10-05T00:58:33.225851Z,KXBTC15M-26OCT042100-00,0.9880,10.00,no
2026-10-05T00:58:33.234616Z,KXBTC15M-26OCT042100-00,0.9890,4.12,yes
2026-10-05T00:58:33.263056Z,KXBTC15M-26OCT042100-00,0.9890,12.12,yes
2026-10-05T00:58:33.263056Z,KXBTC15M-26OCT042100-00,0.9890,27.71,yes
2026-10-05T00:58:33.263056Z,KXBTC15M-26OCT042100-00,0.9890,61.20,yes
2026-10-05T00:58:33.26325Z,KXBTC15M-26OCT042100-00,0.9880,33.41,no
2026-10-05T00:58:33.266645Z,KXBTC15M-26OCT042100-00,0.9890,1.01,yes
2026-10-05T00:58:33.286438Z,KXBTC15M-26OCT042100-00,0.9880,13.16,no
2026-10-05T00:58:33.286438Z,KXBTC15M-26OCT042100-00,0.9880,0.02,no
2026-10-05T00:58:33.286438Z,KXBTC15M-26OCT042100-00,0.9880,0.01,no
2026-10-05T00:58:33.286438Z,KXBTC15M-26OCT042100-00,0.9880,400.00,no
2026-10-05T00:58:33.286438Z,KXBTC15M-26OCT042100-00,0.9880,100.00,no
2026-10-05T00:58:33.286438Z,KXBTC15M-26OCT042100-00,0.9880,4.12,no
2026-10-05T00:58:33.286438Z,KXBTC15M-26OCT042100-00,0.9880,98.00,no
2026-10-05T00:58:33.286438Z,KXBTC15M-26OCT042100-00,0.9880,90.00,no
2026-10-05T00:58:33.286438Z,KXBTC15M-26OCT042100-00,0.9870,75.04,no
2026-10-05T00:58:33.286438Z,KXBTC15M-26OCT042100-00,0.9880,30.00,no
2026-10-05T00:58:33.286438Z,KXBTC15M-26OCT042100-00,0.9880,500.00,no
2026-10-05T00:58:33.286438Z,KXBTC15M-26OCT042100-00,0.9880,0.02,no
2026-10-05T00:58:33.286438Z,KXBTC15M-26OCT042100-00,0.9880,52.00,no
2026-10-05T00:58:33.286438Z,KXBTC15M-26OCT042100-00,0.9880,2.31,no
2026-10-05T00:58:33.286438Z,KXBTC15M-26OCT042100-00,0.9880,0.01,no
2026-10-05T00:58:33.286438Z,KXBTC15M-26OCT042100-00,0.9870,2.00,no
2026-10-05T00:58:33.286438Z,KXBTC15M-26OCT042100-00,0.9870,13.05,no
2026-10-05T00:58:33.286438Z,KXBTC15M-26OCT042100-00,0.9870,2.00,no
2026-10-05T00:58:33.286438Z,KXBTC15M-26OCT042100-00,0.9880,2.00,no
2026-10-05T00:58:33.286438Z,KXBTC15M-26OCT042100-00,0.9880,378.78,no
2026-10-05T00:58:33.286438Z,KXBTC15M-26OCT042100-00,0.9880,40.00,no
2026-10-05T00:58:33.286438Z,KXBTC15M-26OCT042100-00,0.9880,61.20,no
2026-10-05T00:58:33.286438Z,KXBTC15M-26OCT042100-00,0.9880,1.05,no
2026-10-05T00:58:33.286438Z,KXBTC15M-26OCT042100-00,0.9880,3.00,no
2026-10-05T00:58:33.286438Z,KXBTC15M-26OCT042100-00,0.9880,355.23,no
2026-10-05T00:58:33.299389Z,KXBTC15M-26OCT042100-00,0.9880,27.71,no
2026-10-05T00:58:33.299389Z,KXBTC15M-26OCT042100-00,0.9860,173.23,no
2026-10-05T00:58:33.299389Z,KXBTC15M-26OCT042100-00,0.9880,0.01,no
2026-10-05T00:58:33.299389Z,KXBTC15M-26OCT042100-00,0.9880,97.00,no
2026-10-05T00:58:33.299389Z,KXBTC15M-26OCT042100-00,0.9880,80.00,no
2026-10-05T00:58:33.299389Z,KXBTC15M-26OCT042100-00,0.9880,1.01,no
2026-10-05T00:58:33.299389Z,KXBTC15M-26OCT042100-00,0.9880,1.04,no
2026-10-05T00:58:33.304581Z,KXBTC15M-26OCT042100-00,0.9890,14.14,yes
2026-10-05T00:58:33.309173Z,KXBTC15M-26OCT042100-00,0.9870,124.27,no
2026-10-05T00:58:33.314217Z,KXBTC15M-26OCT042100-00,0.9880,2.16,no
2026-10-05T00:58:33.334337Z,KXBTC15M-26OCT042100-00,0.9890,12.00,yes
2026-10-05T00:58:33.334337Z,KXBTC15M-26OCT042100-00,0.9890,24.00,yes
2026-10-05T00:58:33.334337Z,KXBTC15M-26OCT042100-00,0.9890,0.01,yes
2026-10-05T00:58:33.334337Z,KXBTC15M-26OCT042100-00,0.9890,0.01,yes
2026-10-05T00:58:33.334337Z,KXBTC15M-26OCT042100-00,0.9890,38.40,yes
2026-10-05T00:58:33.334337Z,KXBTC15M-26OCT042100-00,0.9890,1.00,yes
2026-10-05T00:58:33.334337Z,KXBTC15M-26OCT042100-00,0.9890,2.00,yes
2026-10-05T00:58:33.334337Z,KXBTC15M-26OCT042100-00,0.9890,2.00,yes
2026-10-05T00:58:33.334337Z,KXBTC15M-26OCT042100-00,0.9890,1.00,yes
2026-10-05T00:58:33.334337Z,KXBTC15M-26OCT042100-00,0.9890,20.00,yes
2026-10-05T00:58:33.334337Z,KXBTC15M-26OCT042100-00,0.9890,1.00,yes
2026-10-05T00:58:33.334337Z,KXBTC15M-26OCT042100-00,0.9890,10.00,yes
2026-10-05T00:58:33.334337Z,KXBTC15M-26OCT042100-00,0.9890,100.00,yes
2026-10-05T00:58:33.334337Z,KXBTC15M-26OCT042100-00,0.9900,622.86,yes
2026-10-05T00:58:33.334337Z,KXBTC15M-26OCT042100-00,0.9900,200.00,yes
2026-10-05T00:58:33.334337Z,KXBTC15M-26OCT042100-00,0.9890,73.65,yes
2026-10-05T00:58:33.334337Z,KXBTC15M-26OCT042100-00,0.9890,1.00,yes
2026-10-05T00:58:33.334337Z,KXBTC15M-26OCT042100-00,0.9890,352.00,yes
2026-10-05T00:58:33.334337Z,KXBTC15M-26OCT042100-00,0.9890,51.00,yes
2026-10-05T00:58:33.352498Z,KXBTC15M-26OCT042100-00,0.9900,53.55,yes
2026-10-05T00:58:33.402233Z,KXBTC15M-26OCT042100-00,0.9890,71.95,no
2026-10-05T00:58:33.411704Z,KXBTC15M-26OCT042100-00,0.9890,6.28,no
2026-10-05T00:58:33.444959Z,KXBTC15M-26OCT042100-00,0.9890,10.51,no
2026-10-05T00:58:33.444959Z,KXBTC15M-26OCT042100-00,0.9890,71.77,no
2026-10-05T00:58:33.457278Z,KXBTC15M-26OCT042100-00,0.9890,5.20,no
2026-10-05T00:58:33.486885Z,KXBTC15M-26OCT042100-00,0.9900,107.75,yes
2026-10-05T00:58:33.49919Z,KXBTC15M-26OCT042100-00,0.9890,77.94,no
2026-10-05T00:58:33.532656Z,KXBTC15M-26OCT042100-00,0.9890,5.08,no
2026-10-05T00:58:33.533304Z,KXBTC15M-26OCT042100-00,0.9900,10.47,yes
2026-10-05T00:58:33.551059Z,KXBTC15M-26OCT042100-00,0.9890,31.93,no
2026-10-05T00:58:33.589355Z,KXBTC15M-26OCT042100-00,0.9900,3.65,yes
2026-10-05T00:58:33.654916Z,KXBTC15M-26OCT042100-00,0.9900,6.00,yes
2026-10-05T00:58:33.654916Z,KXBTC15M-26OCT042100-00,0.9900,401.72,yes
2026-10-05T00:58:33.654916Z,KXBTC15M-26OCT042100-00,0.9900,42.28,yes
2026-10-05T00:58:33.676591Z,KXBTC15M-26OCT042100-00,0.9880,7.04,no
2026-10-05T00:58:33.676591Z,KXBTC15M-26OCT042100-00,0.9880,200.00,no
2026-10-05T00:58:33.676591Z,KXBTC15M-26OCT042100-00,0.9890,0.01,no
2026-10-05T00:58:33.676591Z,KXBTC15M-26OCT042100-00,0.9890,362.99,no
2026-10-05T00:58:33.676591Z,KXBTC15M-26OCT042100-00,0.9880,14.14,no
2026-10-05T00:58:33.676591Z,KXBTC15M-26OCT042100-00,0.9890,2.00,no
2026-10-05T00:58:33.676591Z,KXBTC15M-26OCT042100-00,0.9890,150.00,no
2026-10-05T00:58:33.676591Z,KXBTC15M-26OCT042100-00,0.9860,276.16,no
2026-10-05T00:58:33.676591Z,KXBTC15M-26OCT042100-00,0.9880,25.00,no
2026-10-05T00:58:33.676591Z,KXBTC15M-26OCT042100-00,0.9890,52.00,no
2026-10-05T00:58:33.676591Z,KXBTC15M-26OCT042100-00,0.9880,73.65,no
2026-10-05T00:58:33.676591Z,KXBTC15M-26OCT042100-00,0.9880,352.00,no
2026-10-05T00:58:33.676591Z,KXBTC15M-26OCT042100-00,0.9890,0.01,no
2026-10-05T00:58:33.676591Z,KXBTC15M-26OCT042100-00,0.9890,100.00,no
2026-10-05T00:58:33.743573Z,KXBTC15M-26OCT042100-00,0.9900,90.28,yes
2026-10-05T00:58:33.743573Z,KXBTC15M-26OCT042100-00,0.9900,284.72,yes
2026-10-05T00:58:33.761358Z,KXBTC15M-26OCT042100-00,0.9900,58.05,yes
2026-10-05T00:58:33.769991Z,KXBTC15M-26OCT042100-00,0.9890,71.95,no
2026-10-05T00:58:33.782396Z,KXBTC15M-26OCT042100-00,0.9900,0.98,yes
2026-10-05T00:58:33.807498Z,KXBTC15M-26OCT042100-00,0.9890,5.00,no
2026-10-05T00:58:33.820599Z,KXBTC15M-26OCT042100-00,0.9900,8.07,yes
2026-10-05T00:58:33.82073Z,KXBTC15M-26OCT042100-00,0.9890,73.05,no
2026-10-05T00:58:33.82073Z,KXBTC15M-26OCT042100-00,0.9890,152.06,no
2026-10-05T00:58:33.82073Z,KXBTC15M-26OCT042100-00,0.9890,100.00,no
2026-10-05T00:58:33.82073Z,KXBTC15M-26OCT042100-00,0.9890,100.00,no
2026-10-05T00:58:33.840113Z,KXBTC15M-26OCT042100-00,0.9900,15.01,yes
2026-10-05T00:58:33.841614Z,KXBTC15M-26OCT042100-00,0.9890,1.70,no
2026-10-05T00:58:33.850658Z,KXBTC15M-26OCT042100-00,0.9900,73.32,yes
2026-10-05T00:58:33.853187Z,KXBTC15M-26OCT042100-00,0.9900,10.88,yes
2026-10-05T00:58:33.862162Z,KXBTC15M-26OCT042100-00,0.9890,123.80,no
2026-10-05T00:58:33.896329Z,KXBTC15M-26OCT042100-00,0.9890,4.68,no
2026-10-05T00:58:33.905068Z,KXBTC15M-26OCT042100-00,0.9890,2.50,no
2026-10-05T00:58:33.93406Z,KXBTC15M-26OCT042100-00,0.9890,77.94,no
2026-10-05T00:58:33.938953Z,KXBTC15M-26OCT042100-00,0.9890,47.70,no
2026-10-05T00:58:33.938953Z,KXBTC15M-26OCT042100-00,0.9890,37.32,no
2026-10-05T00:58:33.942343Z,KXBTC15M-26OCT042100-00,0.9890,40.00,no
2026-10-05T00:58:33.942343Z,KXBTC15M-26OCT042100-00,0.9850,76.50,no
2026-10-05T00:58:33.942343Z,KXBTC15M-26OCT042100-00,0.9870,99.00,no
2026-10-05T00:58:33.942343Z,KXBTC15M-26OCT042100-00,0.9870,27.28,no
2026-10-05T00:58:33.942343Z,KXBTC15M-26OCT042100-00,0.9890,58.05,no
2026-10-05T00:58:33.942343Z,KXBTC15M-26OCT042100-00,0.9850,11.00,no
2026-10-05T00:58:33.942343Z,KXBTC15M-26OCT042100-00,0.9890,30.00,no
2026-10-05T00:58:33.942343Z,KXBTC15M-26OCT042100-00,0.9890,42.58,no
2026-10-05T00:58:33.942343Z,KXBTC15M-26OCT042100-00,0.9890,0.98,no
2026-10-05T00:58:33.942343Z,KXBTC15M-26OCT042100-00,0.9860,13.00,no
2026-10-05T00:58:33.942343Z,KXBTC15M-26OCT042100-00,0.9890,10.88,no
2026-10-05T00:58:33.942343Z,KXBTC15M-26OCT042100-00,0.9850,2.00,no
2026-10-05T00:58:33.942343Z,KXBTC15M-26OCT042100-00,0.9850,15.00,no
2026-10-05T00:58:33.942343Z,KXBTC15M-26OCT042100-00,0.9870,185.72,no
2026-10-05T00:58:33.942343Z,KXBTC15M-26OCT042100-00,0.9880,2.00,no
2026-10-05T00:58:33.942343Z,KXBTC15M-26OCT042100-00,0.9890,73.32,no
2026-10-05T00:58:33.942343Z,KXBTC15M-26OCT042100-00,0.9860,10.00,no
2026-10-05T00:58:33.942343Z,KXBTC15M-26OCT042100-00,0.9890,15.01,no
2026-10-05T00:58:33.942343Z,KXBTC15M-26OCT042100-00,0.9860,300.61,no
2026-10-05T00:58:33.942343Z,KXBTC15M-26OCT042100-00,0.9890,8.07,no
2026-10-05T00:58:33.942343Z,KXBTC15M-26OCT042100-00,0.9850,2.00,no
2026-10-05T00:58:33.942343Z,KXBTC15M-26OCT042100-00,0.9890,42.00,no
2026-10-05T00:58:33.942343Z,KXBTC15M-26OCT042100-00,0.9890,100.00,no
2026-10-05T00:58:33.94717Z,KXBTC15M-26OCT042100-00,0.9900,73.13,yes
2026-10-05T00:58:33.985Z,KXBTC15M-26OCT042100-00,0.9900,25.23,yes
2026-10-05T00:58:33.997766Z,KXBTC15M-26OCT042100-00,0.9890,150.00,no
2026-10-05T00:58:33.997766Z,KXBTC15M-26OCT042100-00,0.9890,100.00,no
2026-10-05T00:58:33.997766Z,KXBTC15M-26OCT042100-00,0.9890,175.11,no
2026-10-05T00:58:34.015565Z,KXBTC15M-26OCT042100-00,0.9900,1.00,yes
2026-10-05T00:58:34.019844Z,KXBTC15M-26OCT042100-00,0.9890,25.23,no
2026-10-05T00:58:34.019844Z,KXBTC15M-26OCT042100-00,0.9890,100.00,no
2026-10-05T00:58:34.019844Z,KXBTC15M-26OCT042100-00,0.9890,20.62,no
2026-10-05T00:58:34.019844Z,KXBTC15M-26OCT042100-00,0.9890,73.13,no
2026-10-05T00:58:34.02019Z,KXBTC15M-26OCT042100-00,0.9900,8.25,yes
2026-10-05T00:58:34.02087Z,KXBTC15M-26OCT042100-00,0.9890,98.61,no
2026-10-05T00:58:34.023367Z,KXBTC15M-26OCT042100-00,0.9890,30.77,no
2026-10-05T00:58:34.023367Z,KXBTC15M-26OCT042100-00,0.9860,7.13,no
2026-10-05T00:58:34.023367Z,KXBTC15M-26OCT042100-00,0.9860,13.00,no
2026-10-05T00:58:34.050186Z,KXBTC15M-26OCT042100-00,0.9900,3.60,yes
2026-10-05T00:58:34.050186Z,KXBTC15M-26OCT042100-00,0.9900,147.80,yes
2026-10-05T00:58:34.059626Z,KXBTC15M-26OCT042100-00,0.9890,8.98,no
2026-10-05T00:58:34.063554Z,KXBTC15M-26OCT042100-00,0.9900,10.00,yes
2026-10-05T00:58:34.082439Z,KXBTC15M-26OCT042100-00,0.9890,26.02,no
2026-10-05T00:58:34.082776Z,KXBTC15M-26OCT042100-00,0.9860,99.00,no
2026-10-05T00:58:34.082776Z,KXBTC15M-26OCT042100-00,0.9890,100.00,no
2026-10-05T00:58:34.082776Z,KXBTC15M-26OCT042100-00,0.9890,8.25,no
2026-10-05T00:58:34.082776Z,KXBTC15M-26OCT042100-00,0.9890,3.60,no
2026-10-05T00:58:34.082776Z,KXBTC15M-26OCT042100-00,0.9890,33.00,no
2026-10-05T00:58:34.082776Z,KXBTC15M-26OCT042100-00,0.9890,400.00,no
2026-10-05T00:58:34.082776Z,KXBTC15M-26OCT042100-00,0.9860,13.00,no
2026-10-05T00:58:34.082776Z,KXBTC15M-26OCT042100-00,0.9860,750.00,no
2026-10-05T00:58:34.082776Z,KXBTC15M-26OCT042100-00,0.9890,1.00,no
2026-10-05T00:58:34.082776Z,KXBTC15M-26OCT042100-00,0.9890,115.00,no
2026-10-05T00:58:34.082776Z,KXBTC15M-26OCT042100-00,0.9850,79.71,no
2026-10-05T00:58:34.082776Z,KXBTC15M-26OCT042100-00,0.9850,100.00,no
2026-10-05T00:58:34.082776Z,KXBTC15M-26OCT042100-00,0.9850,71.00,no
2026-10-05T00:58:34.120076Z,KXBTC15M-26OCT042100-00,0.9900,251.60,yes
2026-10-05T00:58:34.120076Z,KXBTC15M-26OCT042100-00,0.9900,498.40,yes
2026-10-05T00:58:34.127911Z,KXBTC15M-26OCT042100-00,0.9900,260.40,yes
2026-10-05T00:58:34.127911Z,KXBTC15M-26OCT042100-00,0.9900,13.33,yes
2026-10-05T00:58:34.127911Z,KXBTC15M-26OCT042100-00,0.9900,119.93,yes
2026-10-05T00:58:34.12913Z,KXBTC15M-26OCT042100-00,0.9890,5.38,no
2026-10-05T00:58:34.12913Z,KXBTC15M-26OCT042100-00,0.9890,10.00,no
2026-10-05T00:58:34.154659Z,KXBTC15M-26OCT042100-00,0.9900,4.94,yes
2026-10-05T00:58:34.157471Z,KXBTC15M-26OCT042100-00,0.9900,7.17,yes
2026-10-05T00:58:34.157471Z,KXBTC15M-26OCT042100-00,0.9900,1.00,yes
2026-10-05T00:58:34.157471Z,KXBTC15M-26OCT042100-00,0.9900,25.00,yes
2026-10-05T00:58:34.157471Z,KXBTC15M-26OCT042100-00,0.9900,1.00,yes
2026-10-05T00:58:34.157471Z,KXBTC15M-26OCT042100-00,0.9900,1.00,yes
2026-10-05T00:58:34.157471Z,KXBTC15M-26OCT042100-00,0.9900,198.79,yes
2026-10-05T00:58:34.157471Z,KXBTC15M-26OCT042100-00,0.9900,30.15,yes
2026-10-05T00:58:34.157471Z,KXBTC15M-26OCT042100-00,0.9900,5.79,yes
2026-10-05T00:58:34.157471Z,KXBTC15M-26OCT042100-00,0.9900,9.66,yes
2026-10-05T00:58:34.157471Z,KXBTC15M-26OCT042100-00,0.9900,19.32,yes
2026-10-05T00:58:34.157471Z,KXBTC15M-26OCT042100-00,0.9900,1.99,yes
2026-10-05T00:58:34.157471Z,KXBTC15M-26OCT042100-00,0.9900,352.00,yes
2026-10-05T00:58:34.157471Z,KXBTC15M-26OCT042100-00,0.9900,72.00,yes
2026-10-05T00:58:34.157471Z,KXBTC15M-26OCT042100-00,0.9900,25.13,yes
2026-10-05T00:58:34.178476Z,KXBTC15M-26OCT042100-00,0.9890,8.50,no
2026-10-05T00:58:34.196049Z,KXBTC15M-26OCT042100-00,0.9900,9.66,yes
2026-10-05T00:58:34.196049Z,KXBTC15M-26OCT042100-00,0.9900,21.39,yes
2026-10-05T00:58:34.196049Z,KXBTC15M-26OCT042100-00,0.9900,20.10,yes
2026-10-05T00:58:34.196049Z,KXBTC15M-26OCT042100-00,0.9900,40.20,yes
2026-10-05T00:58:34.196049Z,KXBTC15M-26OCT042100-00,0.9900,2.22,yes
2026-10-05T00:58:34.196049Z,KXBTC15M-26OCT042100-00,0.9900,19.32,yes
2026-10-05T00:58:34.196049Z,KXBTC15M-26OCT042100-00,0.9900,10.04,yes
2026-10-05T00:58:34.196049Z,KXBTC15M-26OCT042100-00,0.9900,2.65,yes
2026-10-05T00:58:34.196049Z,KXBTC15M-26OCT042100-00,0.9900,0.02,yes
2026-10-05T00:58:34.196049Z,KXBTC15M-26OCT042100-00,0.9900,13.31,yes
2026-10-05T00:58:34.196049Z,KXBTC15M-26OCT042100-00,0.9900,20.00,yes
2026-10-05T00:58:34.196049Z,KXBTC15M-26OCT042100-00,0.9900,2.45,yes
2026-10-05T00:58:34.196049Z,KXBTC15M-26OCT042100-00,0.9900,22.36,yes
2026-10-05T00:58:34.196049Z,KXBTC15M-26OCT042100-00,0.9900,6.86,yes
2026-10-05T00:58:34.196049Z,KXBTC15M-26OCT042100-00,0.9900,10.69,yes
2026-10-05T00:58:34.196049Z,KXBTC15M-26OCT042100-00,0.9900,35.25,yes
2026-10-05T00:58:34.196049Z,KXBTC15M-26OCT042100-00,0.9900,12.94,yes
2026-10-05T00:58:34.196049Z,KXBTC15M-26OCT042100-00,0.9900,2.04,yes
2026-10-05T00:58:34.196049Z,KXBTC15M-26OCT042100-00,0.9900,2.42,yes
2026-10-05T00:58:34.196049Z,KXBTC15M-26OCT042100-00,0.9900,19.19,yes
2026-10-05T00:58:34.196049Z,KXBTC15M-26OCT042100-00,0.9900,131.25,yes
2026-10-05T00:58:34.196049Z,KXBTC15M-26OCT042100-00,0.9900,95.64,yes
2026-10-05T00:58:34.20489Z,KXBTC15M-26OCT042100-00,0.9890,100.00,no
2026-10-05T00:58:34.20489Z,KXBTC15M-26OCT042100-00,0.9890,400.00,no
2026-10-05T00:58:34.20489Z,KXBTC15M-26OCT042100-00,0.9890,118.11,no
2026-10-05T00:58:34.20489Z,KXBTC15M-26OCT042100-00,0.9890,133.92,no
2026-10-05T00:58:34.20489Z,KXBTC15M-26OCT042100-00,0.9890,119.93,no
2026-10-05T00:58:34.208592Z,KXBTC15M-26OCT042100-00,0.9890,83.07,no
2026-10-05T00:58:34.211949Z,KXBTC15M-26OCT042100-00,0.9890,297.22,no
2026-10-05T00:58:34.211949Z,KXBTC15M-26OCT042100-00,0.9890,242.18,no
2026-10-05T00:58:34.211949Z,KXBTC15M-26OCT042100-00,0.9890,251.60,no
2026-10-05T00:58:34.236653Z,KXBTC15M-26OCT042100-00,0.9890,31.51,no
2026-10-05T00:58:34.236653Z,KXBTC15M-26OCT042100-00,0.9890,4.94,no
2026-10-05T00:58:34.236653Z,KXBTC15M-26OCT042100-00,0.9890,18.22,no
2026-10-05T00:58:34.26162Z,KXBTC15M-26OCT042100-00,0.9900,9.38,yes
2026-10-05T00:58:34.26162Z,KXBTC15M-26OCT042100-00,0.9900,6.15,yes
2026-10-05T00:58:34.26162Z,KXBTC15M-26OCT042100-00,0.9900,14.05,yes
2026-10-05T00:58:34.26162Z,KXBTC15M-26OCT042100-00,0.9900,15.83,yes
2026-10-05T00:58:34.266367Z,KXBTC15M-26OCT042100-00,0.9900,7.04,yes
2026-10-05T00:58:34.266367Z,KXBTC15M-26OCT042100-00,0.9900,5.90,yes
2026-10-05T00:58:34.271235Z,KXBTC15M-26OCT042100-00,0.9900,25.22,yes
2026-10-05T00:58:34.271235Z,KXBTC15M-26OCT042100-00,0.9900,6.99,yes
2026-10-05T00:58:34.271235Z,KXBTC15M-26OCT042100-00,0.9900,3.17,yes
2026-10-05T00:58:34.271235Z,KXBTC15M-26OCT042100-00,0.9900,38.25,yes
2026-10-05T00:58:34.271235Z,KXBTC15M-26OCT042100-00,0.9900,6.86,yes
2026-10-05T00:58:34.271235Z,KXBTC15M-26OCT042100-00,0.9900,118.15,yes
2026-10-05T00:58:34.271235Z,KXBTC15M-26OCT042100-00,0.9900,11.55,yes
2026-10-05T00:58:34.271235Z,KXBTC15M-26OCT042100-00,0.9900,152.52,yes
2026-10-05T00:58:34.271235Z,KXBTC15M-26OCT042100-00,0.9900,50.00,yes
2026-10-05T00:58:34.271235Z,KXBTC15M-26OCT042100-00,0.9900,63.55,yes
2026-10-05T00:58:34.271235Z,KXBTC15M-26OCT042100-00,0.9900,213.52,yes
2026-10-05T00:58:34.271235Z,KXBTC15M-26OCT042100-00,0.9900,200.38,yes
2026-10-05T00:58:34.271235Z,KXBTC15M-26OCT042100-00,0.9900,109.84,yes
2026-10-05T00:58:34.314058Z,KXBTC15M-26OCT042100-00,0.9900,1.00,yes
2026-10-05T00:58:34.336808Z,KXBTC15M-26OCT042100-00,0.9890,88.13,no
2026-10-05T00:58:34.359058Z,KXBTC15M-26OCT042100-00,0.9890,12.47,no
2026-10-05T00:58:34.366792Z,KXBTC15M-26OCT042100-00,0.9890,7.65,no
2026-10-05T00:58:34.369723Z,KXBTC15M-26OCT042100-00,0.9890,85.02,no
2026-10-05T00:58:34.377082Z,KXBTC15M-26OCT042100-00,0.9890,41.27,no
2026-10-05T00:58:34.377082Z,KXBTC15M-26OCT042100-00,0.9890,100.00,no
2026-10-05T00:58:34.377082Z,KXBTC15M-26OCT042100-00,0.9890,127.22,no
2026-10-05T00:58:34.377082Z,KXBTC15M-26OCT042100-00,0.9890,61.00,no
2026-10-05T00:58:34.377082Z,KXBTC15M-26OCT042100-00,0.9890,25.13,no
2026-10-05T00:58:34.390045Z,KXBTC15M-26OCT042100-00,0.9890,29.55,no
2026-10-05T00:58:34.411842Z,KXBTC15M-26OCT042100-00,0.9890,100.00,no
2026-10-05T00:58:34.434255Z,KXBTC15M-26OCT042100-00,0.9890,6.55,no
2026-10-05T00:58:34.437854Z,KXBTC15M-26OCT042100-00,0.9900,52.83,yes
2026-10-05T00:58:34.437854Z,KXBTC15M-26OCT042100-00,0.9900,0.43,yes
2026-10-05T00:58:34.437854Z,KXBTC15M-26OCT042100-00,0.9900,6.28,yes
2026-10-05T00:58:34.437854Z,KXBTC15M-26OCT042100-00,0.9900,2.57,yes
2026-10-05T00:58:34.437854Z,KXBTC15M-26OCT042100-00,0.9900,6.95,yes
2026-10-05T00:58:34.442225Z,KXBTC15M-26OCT042100-00,0.9890,8.00,no
2026-10-05T00:58:34.443647Z,KXBTC15M-26OCT042100-00,0.9890,85.02,no
2026-10-05T00:58:34.455Z,KXBTC15M-26OCT042100-00,0.9850,15.00,no
2026-10-05T00:58:34.455Z,KXBTC15M-26OCT042100-00,0.9890,129.61,no
2026-10-05T00:58:34.455Z,KXBTC15M-26OCT042100-00,0.9850,15.00,no
2026-10-05T00:58:34.455Z,KXBTC15M-26OCT042100-00,0.9850,64.00,no
2026-10-05T00:58:34.455Z,KXBTC15M-26OCT042100-00,0.9850,64.00,no
2026-10-05T00:58:34.455Z,KXBTC15M-26OCT042100-00,0.9850,51.60,no
2026-10-05T00:58:34.455Z,KXBTC15M-26OCT042100-00,0.9850,93.75,no
2026-10-05T00:58:34.455Z,KXBTC15M-26OCT042100-00,0.9860,13.00,no
2026-10-05T00:58:34.455Z,KXBTC15M-26OCT042100-00,0.9890,25.00,no
2026-10-05T00:58:34.455Z,KXBTC15M-26OCT042100-00,0.9890,100.00,no
2026-10-05T00:58:34.455Z,KXBTC15M-26OCT042100-00,0.9860,1.04,no
2026-10-05T00:58:34.471851Z,KXBTC15M-26OCT042100-00,0.9890,81.81,no
2026-10-05T00:58:34.481694Z,KXBTC15M-26OCT042100-00,0.9890,95.05,no
2026-10-05T00:58:34.481694Z,KXBTC15M-26OCT042100-00,0.9890,68.19,no
2026-10-05T00:58:34.50048Z,KXBTC15M-26OCT042100-00,0.9890,37.32,no
2026-10-05T00:58:34.51518Z,KXBTC15M-26OCT042100-00,0.9890,2.65,no
2026-10-05T00:58:34.526847Z,KXBTC15M-26OCT042100-00,0.9890,68.32,no
2026-10-05T00:58:34.536156Z,KXBTC15M-26OCT042100-00,0.9890,85.02,no
2026-10-05T00:58:34.544073Z,KXBTC15M-26OCT042100-00,0.9900,2.00,yes
2026-10-05T00:58:34.577776Z,KXBTC15M-26OCT042100-00,0.9890,170.05,no
2026-10-05T00:58:34.579417Z,KXBTC15M-26OCT042100-00,0.9890,20.83,no
2026-10-05T00:58:34.579554Z,KXBTC15M-26OCT042100-00,0.9900,9.23,yes
2026-10-05T00:58:34.626825Z,KXBTC15M-26OCT042100-00,0.9900,23.29,yes
2026-10-05T00:58:34.626825Z,KXBTC15M-26OCT042100-00,0.9900,7.61,yes
2026-10-05T00:58:34.626825Z,KXBTC15M-26OCT042100-00,0.9900,0.12,yes
2026-10-05T00:58:34.626825Z,KXBTC15M-26OCT042100-00,0.9900,6.39,yes
2026-10-05T00:58:34.626825Z,KXBTC15M-26OCT042100-00,0.9900,5.30,yes
2026-10-05T00:58:34.626825Z,KXBTC15M-26OCT042100-00,0.9900,33.72,yes
2026-10-05T00:58:34.626825Z,KXBTC15M-26OCT042100-00,0.9900,2495.98,yes
2026-10-05T00:58:34.626825Z,KXBTC15M-26OCT042100-00,0.9900,4.18,yes
2026-10-05T00:58:34.626825Z,KXBTC15M-26OCT042100-00,0.9900,85.15,yes
2026-10-05T00:58:34.626825Z,KXBTC15M-26OCT042100-00,0.9900,8.51,yes
2026-10-05T00:58:34.626825Z,KXBTC15M-26OCT042100-00,0.9900,8.06,yes
2026-10-05T00:58:34.626825Z,KXBTC15M-26OCT042100-00,0.9900,0.17,yes
2026-10-05T00:58:34.626825Z,KXBTC15M-26OCT042100-00,0.9900,200.00,yes
2026-10-05T00:58:34.626825Z,KXBTC15M-26OCT042100-00,0.9900,14.35,yes
2026-10-05T00:58:34.626825Z,KXBTC15M-26OCT042100-00,0.9900,0.37,yes
2026-10-05T00:58:34.626825Z,KXBTC15M-26OCT042100-00,0.9900,9.47,yes
2026-10-05T00:58:34.626825Z,KXBTC15M-26OCT042100-00,0.9900,0.38,yes
2026-10-05T00:58:34.626825Z,KXBTC15M-26OCT042100-00,0.9900,9.47,yes
2026-10-05T00:58:34.626825Z,KXBTC15M-26OCT042100-00,0.9900,4.47,yes
2026-10-05T00:58:34.626825Z,KXBTC15M-26OCT042100-00,0.9900,60.71,yes
2026-10-05T00:58:34.626825Z,KXBTC15M-26OCT042100-00,0.9900,1.09,yes
2026-10-05T00:58:34.626825Z,KXBTC15M-26OCT042100-00,0.9900,30.94,yes
2026-10-05T00:58:34.626825Z,KXBTC15M-26OCT042100-00,0.9900,6.18,yes
2026-10-05T00:58:34.626825Z,KXBTC15M-26OCT042100-00,0.9900,18.56,yes
2026-10-05T00:58:34.626825Z,KXBTC15M-26OCT042100-00,0.9900,3.72,yes
2026-10-05T00:58:34.626825Z,KXBTC15M-26OCT042100-00,0.9900,1.77,yes
2026-10-05T00:58:34.626825Z,KXBTC15M-26OCT042100-00,0.9900,3.34,yes
2026-10-05T00:58:34.626825Z,KXBTC15M-26OCT042100-00,0.9900,39.54,yes
2026-10-05T00:58:34.626825Z,KXBTC15M-26OCT042100-00,0.9900,5.00,yes
2026-10-05T00:58:34.626825Z,KXBTC15M-26OCT042100-00,0.9900,38.64,yes
2026-10-05T00:58:34.626825Z,KXBTC15M-26OCT042100-00,0.9900,115.74,yes
2026-10-05T00:58:34.626825Z,KXBTC15M-26OCT042100-00,0.9900,33.61,yes
2026-10-05T00:58:34.626825Z,KXBTC15M-26OCT042100-00,0.9900,6.99,yes
2026-10-05T00:58:34.626825Z,KXBTC15M-26OCT042100-00,0.9900,16.74,yes
2026-10-05T00:58:34.626825Z,KXBTC15M-26OCT042100-00,0.9900,14.38,yes
2026-10-05T00:58:34.626825Z,KXBTC15M-26OCT042100-00,0.9900,14.18,yes
2026-10-05T00:58:34.626825Z,KXBTC15M-26OCT042100-00,0.9900,1.23,yes
2026-10-05T00:58:34.626825Z,KXBTC15M-26OCT042100-00,0.9900,0.03,yes
2026-10-05T00:58:34.626825Z,KXBTC15M-26OCT042100-00,0.9900,4.25,yes
2026-10-05T00:58:34.626825Z,KXBTC15M-26OCT042100-00,0.9900,1.36,yes
2026-10-05T00:58:34.626825Z,KXBTC15M-26OCT042100-00,0.9900,7.09,yes
2026-10-05T00:58:34.626825Z,KXBTC15M-26OCT042100-00,0.9900,3.00,yes
2026-10-05T00:58:34.626825Z,KXBTC15M-26OCT042100-00,0.9900,18.26,yes
2026-10-05T00:58:34.626825Z,KXBTC15M-26OCT042100-00,0.9900,0.60,yes
2026-10-05T00:58:34.626825Z,KXBTC15M-26OCT042100-00,0.9900,0.18,yes
2026-10-05T00:58:34.626825Z,KXBTC15M-26OCT042100-00,0.9900,0.12,yes
2026-10-05T00:58:34.626825Z,KXBTC15M-26OCT042100-00,0.9900,8.11,yes
2026-10-05T00:58:34.626825Z,KXBTC15M-26OCT042100-00,0.9900,1.81,yes
2026-10-05T00:58:34.626825Z,KXBTC15M-26OCT042100-00,0.9900,10.05,yes
2026-10-05T00:58:34.626825Z,KXBTC15M-26OCT042100-00,0.9900,7.88,yes
2026-10-05T00:58:34.626825Z,KXBTC15M-26OCT042100-00,0.9900,9.64,yes
2026-10-05T00:58:34.626825Z,KXBTC15M-26OCT042100-00,0.9900,0.10,yes
2026-10-05T00:58:34.626825Z,KXBTC15M-26OCT042100-00,0.9900,6.55,yes
2026-10-05T00:58:34.626825Z,KXBTC15M-26OCT042100-00,0.9900,2.65,yes
2026-10-05T00:58:34.626825Z,KXBTC15M-26OCT042100-00,0.9900,10.69,yes
2026-10-05T00:58:34.626825Z,KXBTC15M-26OCT042100-00,0.9900,10.47,yes
2026-10-05T00:58:34.626825Z,KXBTC15M-26OCT042100-00,0.9900,51.08,yes
2026-10-05T00:58:34.626825Z,KXBTC15M-26OCT042100-00,0.9900,5.16,yes
2026-10-05T00:58:34.626825Z,KXBTC15M-26OCT042100-00,0.9900,22.87,yes
2026-10-05T00:58:34.626825Z,KXBTC15M-26OCT042100-00,0.9900,0.04,yes
2026-10-05T00:58:34.626825Z,KXBTC15M-26OCT042100-00,0.9900,20.53,yes
2026-10-05T00:58:34.626825Z,KXBTC15M-26OCT042100-00,0.9900,1.97,yes
2026-10-05T00:58:34.626825Z,KXBTC15M-26OCT042100-00,0.9900,1.53,yes
2026-10-05T00:58:34.626825Z,KXBTC15M-26OCT042100-00,0.9900,20.52,yes
2026-10-05T00:58:34.626825Z,KXBTC15M-26OCT042100-00,0.9900,4.09,yes
2026-10-05T00:58:34.626825Z,KXBTC15M-26OCT042100-00,0.9900,0.79,yes
2026-10-05T00:58:34.626825Z,KXBTC15M-26OCT042100-00,0.9900,6.72,yes
2026-10-05T00:58:34.626825Z,KXBTC15M-26OCT042100-00,0.9900,6.31,yes
2026-10-05T00:58:34.626825Z,KXBTC15M-26OCT042100-00,0.9900,25.25,yes
2026-10-05T00:58:34.626825Z,KXBTC15M-26OCT042100-00,0.9900,133.48,yes
2026-10-05T00:58:34.626825Z,KXBTC15M-26OCT042100-00,0.9900,26.81,yes
2026-10-05T00:58:34.626825Z,KXBTC15M-26OCT042100-00,0.9900,6.30,yes
2026-10-05T00:58:34.626825Z,KXBTC15M-26OCT042100-00,0.9900,13.61,yes
2026-10-05T00:58:34.626825Z,KXBTC15M-26OCT042100-00,0.9900,76.42,yes
2026-10-05T00:58:34.626825Z,KXBTC15M-26OCT042100-00,0.9900,2.13,yes
2026-10-05T00:58:34.626825Z,KXBTC15M-26OCT042100-00,0.9900,6.03,yes
2026-10-05T00:58:34.626825Z,KXBTC15M-26OCT042100-00,0.9900,36.55,yes
2026-10-05T00:58:34.626825Z,KXBTC15M-26OCT042100-00,0.9900,41.89,yes
2026-10-05T00:58:34.626825Z,KXBTC15M-26OCT042100-00,0.9900,3.27,yes
2026-10-05T00:58:34.626825Z,KXBTC15M-26OCT042100-00,0.9900,10.95,yes
2026-10-05T00:58:34.626825Z,KXBTC15M-26OCT042100-00,0.9900,0.43,yes
2026-10-05T00:58:34.626825Z,KXBTC15M-26OCT042100-00,0.9900,25.88,yes
2026-10-05T00:58:34.626825Z,KXBTC15M-26OCT042100-00,0.9900,1.23,yes
2026-10-05T00:58:34.626825Z,KXBTC15M-26OCT042100-00,0.9900,3.98,yes
2026-10-05T00:58:34.626825Z,KXBTC15M-26OCT042100-00,0.9900,1.99,yes
2026-10-05T00:58:34.648113Z,KXBTC15M-26OCT042100-00,0.9890,1.27,no
2026-10-05T00:58:34.655287Z,KXBTC15M-26OCT042100-00,0.9900,50.46,yes
2026-10-05T00:58:34.701121Z,KXBTC15M-26OCT042100-00,0.9890,25.86,no
2026-10-05T00:58:34.715992Z,KXBTC15M-26OCT042100-00,0.9890,1.26,no
2026-10-05T00:58:34.723704Z,KXBTC15M-26OCT042100-00,0.9900,25.06,yes
2026-10-05T00:58:34.746511Z,KXBTC15M-26OCT042100-00,0.9900,50.00,yes
2026-10-05T00:58:34.749693Z,KXBTC15M-26OCT042100-00,0.9890,24.74,no
2026-10-05T00:58:34.749693Z,KXBTC15M-26OCT042100-00,0.9890,28.00,no
2026-10-05T00:58:34.749693Z,KXBTC15M-26OCT042100-00,0.9880,8.26,no
2026-10-05T00:58:34.749693Z,KXBTC15M-26OCT042100-00,0.9890,150.00,no
2026-10-05T00:58:34.749693Z,KXBTC15M-26OCT042100-00,0.9890,100.00,no
2026-10-05T00:58:34.749693Z,KXBTC15M-26OCT042100-00,0.9890,30.00,no
2026-10-05T00:58:34.749693Z,KXBTC15M-26OCT042100-00,0.9890,40.00,no
2026-10-05T00:58:34.752566Z,KXBTC15M-26OCT042100-00,0.9900,10.10,yes
2026-10-05T00:58:34.77047Z,KXBTC15M-26OCT042100-00,0.9890,5.21,no
2026-10-05T00:58:34.772528Z,KXBTC15M-26OCT042100-00,0.9900,9.66,yes
2026-10-05T00:58:34.786658Z,KXBTC15M-26OCT042100-00,0.9890,68.84,no
2026-10-05T00:58:34.789416Z,KXBTC15M-26OCT042100-00,0.9890,42.51,no
2026-10-05T00:58:34.80776Z,KXBTC15M-26OCT042100-00,0.9890,13.29,no
2026-10-05T00:58:34.847931Z,KXBTC15M-26OCT042100-00,0.9900,21.00,yes
2026-10-05T00:58:34.869516Z,KXBTC15M-26OCT042100-00,0.9900,0.15,yes
2026-10-05T00:58:34.869516Z,KXBTC15M-26OCT042100-00,0.9900,20.00,yes
2026-10-05T00:58:34.869516Z,KXBTC15M-26OCT042100-00,0.9900,3.52,yes
2026-10-05T00:58:34.873674Z,KXBTC15M-26OCT042100-00,0.9900,2.04,yes
2026-10-05T00:58:34.927539Z,KXBTC15M-26OCT042100-00,0.9890,30.00,no
2026-10-05T00:58:34.927539Z,KXBTC15M-26OCT042100-00,0.9890,20.15,no
2026-10-05T00:58:34.927539Z,KXBTC15M-26OCT042100-00,0.9890,18.85,no
2026-10-05T00:58:34.938818Z,KXBTC15M-26OCT042100-00,0.9890,31.47,no
2026-10-05T00:58:34.951163Z,KXBTC15M-26OCT042100-00,0.9890,85.02,no
2026-10-05T00:58:34.954851Z,KXBTC15M-26OCT042100-00,0.9900,1.66,yes
2026-10-05T00:58:34.954851Z,KXBTC15M-26OCT042100-00,0.9900,12.34,yes
2026-10-05T00:58:34.959611Z,KXBTC15M-26OCT042100-00,0.9890,85.02,no
2026-10-05T00:58:34.972148Z,KXBTC15M-26OCT042100-00,0.9890,27.32,no
2026-10-05T00:58:35.009273Z,KXBTC15M-26OCT042100-00,0.9890,121.68,no
2026-10-05T00:58:35.009273Z,KXBTC15M-26OCT042100-00,0.9890,152.32,no
2026-10-05T00:58:35.045864Z,KXBTC15M-26OCT042100-00,0.9890,0.10,no
2026-10-05T00:58:35.052651Z,KXBTC15M-26OCT042100-00,0.9890,15.71,no
2026-10-05T00:58:35.070867Z,KXBTC15M-26OCT042100-00,0.9900,12.77,yes
2026-10-05T00:58:35.070867Z,KXBTC15M-26OCT042100-00,0.9900,1.21,yes
2026-10-05T00:58:35.070867Z,KXBTC15M-26OCT042100-00,0.9900,0.38,yes
2026-10-05T00:58:35.070867Z,KXBTC15M-26OCT042100-00,0.9900,0.64,yes
2026-10-05T00:58:35.083133Z,KXBTC15M-26OCT042100-00,0.9890,17.84,no
2026-10-05T00:58:35.085649Z,KXBTC15M-26OCT042100-00,0.9890,85.02,no
2026-10-05T00:58:35.10551Z,KXBTC15M-26OCT042100-00,0.9890,15.00,no
2026-10-05T00:58:35.10551Z,KXBTC15M-26OCT042100-00,0.9890,17.11,no
2026-10-05T00:58:35.10551Z,KXBTC15M-26OCT042100-00,0.9890,115.76,no
2026-10-05T00:58:35.121713Z,KXBTC15M-26OCT042100-00,0.9890,8.59,no
2026-10-05T00:58:35.179825Z,KXBTC15M-26OCT042100-00,0.9900,1.23,yes
2026-10-05T00:58:35.179825Z,KXBTC15M-26OCT042100-00,0.9900,4.97,yes
2026-10-05T00:58:35.179825Z,KXBTC15M-26OCT042100-00,0.9900,8.80,yes
2026-10-05T00:58:35.19117Z,KXBTC15M-26OCT042100-00,0.9890,96.17,no
2026-10-05T00:58:35.194692Z,KXBTC15M-26OCT042100-00,0.9900,1.00,yes
2026-10-05T00:58:35.232297Z,KXBTC15M-26OCT042100-00,0.9900,0.02,yes
2026-10-05T00:58:35.273541Z,KXBTC15M-26OCT042100-00,0.9900,0.02,yes
2026-10-05T00:58:35.283413Z,KXBTC15M-26OCT042100-00,0.9900,7.00,yes
2026-10-05T00:58:35.291055Z,KXBTC15M-26OCT042100-00,0.9900,12.62,yes
2026-10-05T00:58:35.291055Z,KXBTC15M-26OCT042100-00,0.9900,54.08,yes
2026-10-05T00:58:35.291055Z,KXBTC15M-26OCT042100-00,0.9900,18.93,yes
2026-10-05T00:58:35.291055Z,KXBTC15M-26OCT042100-00,0.9900,1.12,yes
2026-10-05T00:58:35.291055Z,KXBTC15M-26OCT042100-00,0.9900,11.22,yes
2026-10-05T00:58:35.291055Z,KXBTC15M-26OCT042100-00,0.9900,33.36,yes
2026-10-05T00:58:35.291055Z,KXBTC15M-26OCT042100-00,0.9900,68.95,yes
2026-10-05T00:58:35.291055Z,KXBTC15M-26OCT042100-00,0.9900,29.93,yes
2026-10-05T00:58:35.291055Z,KXBTC15M-26OCT042100-00,0.9900,7.13,yes
2026-10-05T00:58:35.291055Z,KXBTC15M-26OCT042100-00,0.9900,3.53,yes
2026-10-05T00:58:35.291055Z,KXBTC15M-26OCT042100-00,0.9900,18.49,yes
2026-10-05T00:58:35.291055Z,KXBTC15M-26OCT042100-00,0.9900,6.16,yes
2026-10-05T00:58:35.291055Z,KXBTC15M-26OCT042100-00,0.9900,7.39,yes
2026-10-05T00:58:35.291055Z,KXBTC15M-26OCT042100-00,0.9900,1.00,yes
2026-10-05T00:58:35.291055Z,KXBTC15M-26OCT042100-00,0.9900,5.95,yes
2026-10-05T00:58:35.291055Z,KXBTC15M-26OCT042100-00,0.9900,29.76,yes
2026-10-05T00:58:35.291055Z,KXBTC15M-26OCT042100-00,0.9900,0.80,yes
2026-10-05T00:58:35.291055Z,KXBTC15M-26OCT042100-00,0.9900,1.00,yes
2026-10-05T00:58:35.291055Z,KXBTC15M-26OCT042100-00,0.9900,193.27,yes
2026-10-05T00:58:35.335279Z,KXBTC15M-26OCT042100-00,0.9900,127.99,yes
2026-10-05T00:58:35.335279Z,KXBTC15M-26OCT042100-00,0.9900,500.00,yes
2026-10-05T00:58:35.335279Z,KXBTC15M-26OCT042100-00,0.9900,125.00,yes
2026-10-05T00:58:35.335279Z,KXBTC15M-26OCT042100-00,0.9900,600.00,yes
2026-10-05T00:58:35.335279Z,KXBTC15M-26OCT042100-00,0.9900,25.56,yes
2026-10-05T00:58:35.335279Z,KXBTC15M-26OCT042100-00,0.9900,50.00,yes
2026-10-05T00:58:35.335279Z,KXBTC15M-26OCT042100-00,0.9900,388.67,yes
2026-10-05T00:58:35.335279Z,KXBTC15M-26OCT042100-00,0.9900,5.95,yes
2026-10-05T00:58:35.335279Z,KXBTC15M-26OCT042100-00,0.9900,1229.53,yes
2026-10-05T00:58:35.335279Z,KXBTC15M-26OCT042100-00,0.9900,115.00,yes
2026-10-05T00:58:35.335279Z,KXBTC15M-26OCT042100-00,0.9900,200.00,yes
2026-10-05T00:58:35.335279Z,KXBTC15M-26OCT042100-00,0.9900,11.72,yes
2026-10-05T00:58:35.335279Z,KXBTC15M-26OCT042100-00,0.9900,0.01,yes
2026-10-05T00:58:35.335279Z,KXBTC15M-26OCT042100-00,0.9900,100.52,yes
2026-10-05T00:58:35.335279Z,KXBTC15M-26OCT042100-00,0.9900,1.02,yes
2026-10-05T00:58:35.335279Z,KXBTC15M-26OCT042100-00,0.9900,15.00,yes
2026-10-05T00:58:35.335279Z,KXBTC15M-26OCT042100-00,0.9900,0.01,yes
2026-10-05T00:58:35.335279Z,KXBTC15M-26OCT042100-00,0.9900,6.00,yes
2026-10-05T00:58:35.335279Z,KXBTC15M-26OCT042100-00,0.9900,1.00,yes
2026-10-05T00:58:35.335279Z,KXBTC15M-26OCT042100-00,0.9900,6.00,yes
2026-10-05T00:58:35.335279Z,KXBTC15M-26OCT042100-00,0.9900,25.00,yes
2026-10-05T00:58:35.335279Z,KXBTC15M-26OCT042100-00,0.9900,264.66,yes
2026-10-05T00:58:35.341479Z,KXBTC15M-26OCT042100-00,0.9900,198.00,no
2026-10-05T00:58:35.345791Z,KXBTC15M-26OCT042100-00,0.9920,11.00,yes
2026-10-05T00:58:35.345791Z,KXBTC15M-26OCT042100-00,0.9920,2.00,yes
2026-10-05T00:58:35.345791Z,KXBTC15M-26OCT042100-00,0.9910,0.01,yes
2026-10-05T00:58:35.345791Z,KXBTC15M-26OCT042100-00,0.9910,120.00,yes
2026-10-05T00:58:35.345791Z,KXBTC15M-26OCT042100-00,0.9920,120.00,yes
2026-10-05T00:58:35.345791Z,KXBTC15M-26OCT042100-00,0.9930,795.01,yes
2026-10-05T00:58:35.357095Z,KXBTC15M-26OCT042100-00,0.9930,484.99,yes
2026-10-05T00:58:35.357095Z,KXBTC15M-26OCT042100-00,0.9930,213.41,yes
2026-10-05T00:58:35.357095Z,KXBTC15M-26OCT042100-00,0.9930,1280.00,yes
2026-10-05T00:58:35.359601Z,KXBTC15M-26OCT042100-00,0.9920,76.52,no
2026-10-05T00:58:35.37396Z,KXBTC15M-26OCT042100-00,0.9930,16.00,yes
2026-10-05T00:58:35.385305Z,KXBTC15M-26OCT042100-00,0.9920,63.69,no
2026-10-05T00:58:35.391489Z,KXBTC15M-26OCT042100-00,0.9930,33.00,yes
2026-10-05T00:58:35.39668Z,KXBTC15M-26OCT042100-00,0.9930,19.77,yes
2026-10-05T00:58:35.410615Z,KXBTC15M-26OCT042100-00,0.9930,149.68,yes
2026-10-05T00:58:35.414987Z,KXBTC15M-26OCT042100-00,0.9920,0.55,no
2026-10-05T00:58:35.414987Z,KXBTC15M-26OCT042100-00,0.9920,0.01,no
2026-10-05T00:58:35.414987Z,KXBTC15M-26OCT042100-00,0.9920,9.79,no
2026-10-05T00:58:35.414987Z,KXBTC15M-26OCT042100-00,0.9920,0.01,no
2026-10-05T00:58:35.420677Z,KXBTC15M-26OCT042100-00,0.9920,7.26,no
2026-10-05T00:58:35.428042Z,KXBTC15M-26OCT042100-00,0.9930,57.00,yes
2026-10-05T00:58:35.438972Z,KXBTC15M-26OCT042100-00,0.9930,2.46,yes
2026-10-05T00:58:35.442386Z,KXBTC15M-26OCT042100-00,0.9930,23.00,yes
2026-10-05T00:58:35.459851Z,KXBTC15M-26OCT042100-00,0.9930,765.68,yes
2026-10-05T00:58:35.459851Z,KXBTC15M-26OCT042100-00,0.9930,120.00,yes
2026-10-05T00:58:35.459851Z,KXBTC15M-26OCT042100-00,0.9930,114.32,yes
2026-10-05T00:58:35.462275Z,KXBTC15M-26OCT042100-00,0.9930,1000.00,yes
2026-10-05T00:58:35.488391Z,KXBTC15M-26OCT042100-00,0.9920,36.33,no
2026-10-05T00:58:35.504489Z,KXBTC15M-26OCT042100-00,0.9930,0.86,yes
2026-10-05T00:58:35.516352Z,KXBTC15M-26OCT042100-00,0.9930,100.00,yes
2026-10-05T00:58:35.517697Z,KXBTC15M-26OCT042100-00,0.9930,64.82,yes
2026-10-05T00:58:35.517697Z,KXBTC15M-26OCT042100-00,0.9930,429.77,yes
2026-10-05T00:58:35.52252Z,KXBTC15M-26OCT042100-00,0.9930,100.00,yes
2026-10-05T00:58:35.547168Z,KXBTC15M-26OCT042100-00,0.9920,36.33,no
2026-10-05T00:58:35.565642Z,KXBTC15M-26OCT042100-00,0.9920,1.00,no
2026-10-05T00:58:35.566867Z,KXBTC15M-26OCT042100-00,0.9930,10.07,yes
2026-10-05T00:58:35.57636Z,KXBTC15M-26OCT042100-00,0.9930,24.72,yes
2026-10-05T00:58:35.586758Z,KXBTC15M-26OCT042100-00,0.9930,1.00,yes
2026-10-05T00:58:35.605037Z,KXBTC15M-26OCT042100-00,0.9920,31.72,no
2026-10-05T00:58:35.605422Z,KXBTC15M-26OCT042100-00,0.9920,16.07,no
2026-10-05T00:58:35.605422Z,KXBTC15M-26OCT042100-00,0.9920,15.00,no
2026-10-05T00:58:35.605422Z,KXBTC15M-26OCT042100-00,0.9920,681.82,no
2026-10-05T00:58:35.605479Z,KXBTC15M-26OCT042100-00,0.9930,10.07,yes
2026-10-05T00:58:35.611651Z,KXBTC15M-26OCT042100-00,0.9920,36.33,no
2026-10-05T00:58:35.639406Z,KXBTC15M-26OCT042100-00,0.9930,10.07,yes
2026-10-05T00:58:35.654232Z,KXBTC15M-26OCT042100-00,0.9920,11.25,no
2026-10-05T00:58:35.679514Z,KXBTC15M-26OCT042100-00,0.9920,36.33,no
2026-10-05T00:58:35.697184Z,KXBTC15M-26OCT042100-00,0.9930,421.00,yes
2026-10-05T00:58:35.739867Z,KXBTC15M-26OCT042100-00,0.9920,36.33,no
2026-10-05T00:58:35.75498Z,KXBTC15M-26OCT042100-00,0.9920,157.00,no
2026-10-05T00:58:35.767136Z,KXBTC15M-26OCT042100-00,0.9920,14.47,no
2026-10-05T00:58:35.775216Z,KXBTC15M-26OCT042100-00,0.9930,4.93,yes
2026-10-05T00:58:35.803914Z,KXBTC15M-26OCT042100-00,0.9920,36.33,no
2026-10-05T00:58:35.855815Z,KXBTC15M-26OCT042100-00,0.9930,403.59,yes
2026-10-05T00:58:35.867338Z,KXBTC15M-26OCT042100-00,0.9920,5.00,no
2026-10-05T00:58:35.876827Z,KXBTC15M-26OCT042100-00,0.9920,4.10,no
2026-10-05T00:58:35.894663Z,KXBTC15M-26OCT042100-00,0.9930,1.82,yes
2026-10-05T00:58:35.943334Z,KXBTC15M-26OCT042100-00,0.9920,67.80,no
2026-10-05T00:58:36.006599Z,KXBTC15M-26OCT042100-00,0.9920,36.33,no
2026-10-05T00:58:36.07092Z,KXBTC15M-26OCT042100-00,0.9920,36.33,no
2026-10-05T00:58:36.094547Z,KXBTC15M-26OCT042100-00,0.9920,11.18,no
2026-10-05T00:58:36.104095Z,KXBTC15M-26OCT042100-00,0.9930,99.67,yes
2026-10-05T00:58:36.156557Z,KXBTC15M-26OCT042100-00,0.9920,36.33,no
2026-10-05T00:58:36.160914Z,KXBTC15M-26OCT042100-00,0.9920,22.00,no
2026-10-05T00:58:36.163121Z,KXBTC15M-26OCT042100-00,0.9930,80.00,yes
2026-10-05T00:58:36.172964Z,KXBTC15M-26OCT042100-00,0.9920,34.36,no
2026-10-05T00:58:36.173113Z,KXBTC15M-26OCT042100-00,0.9930,8.50,yes
2026-10-05T00:58:36.223269Z,KXBTC15M-26OCT042100-00,0.9920,36.33,no
2026-10-05T00:58:36.230663Z,KXBTC15M-26OCT042100-00,0.9930,27.90,yes
2026-10-05T00:58:36.291301Z,KXBTC15M-26OCT042100-00,0.9920,36.33,no
2026-10-05T00:58:36.292387Z,KXBTC15M-26OCT042100-00,0.9920,11.45,no
2026-10-05T00:58:36.304728Z,KXBTC15M-26OCT042100-00,0.9930,70.47,yes
2026-10-05T00:58:36.321068Z,KXBTC15M-26OCT042100-00,0.9930,160.12,yes
2026-10-05T00:58:36.358599Z,KXBTC15M-26OCT042100-00,0.9920,36.33,no
2026-10-05T00:58:36.361111Z,KXBTC15M-26OCT042100-00,0.9920,93.02,no
2026-10-05T00:58:36.375524Z,KXBTC15M-26OCT042100-00,0.9920,94.20,no
2026-10-05T00:58:36.375726Z,KXBTC15M-26OCT042100-00,0.9930,201.31,yes
2026-10-05T00:58:36.413884Z,KXBTC15M-26OCT042100-00,0.9920,197.93,no
2026-10-05T00:58:36.413884Z,KXBTC15M-26OCT042100-00,0.9920,374.80,no
2026-10-05T00:58:36.424423Z,KXBTC15M-26OCT042100-00,0.9920,36.33,no
2026-10-05T00:58:36.47164Z,KXBTC15M-26OCT042100-00,0.9930,296.75,yes
2026-10-05T00:58:36.472087Z,KXBTC15M-26OCT042100-00,0.9930,122.26,yes
2026-10-05T00:58:36.481444Z,KXBTC15M-26OCT042100-00,0.9920,36.33,no
2026-10-05T00:58:36.49633Z,KXBTC15M-26OCT042100-00,0.9920,116.88,no
2026-10-05T00:58:36.510635Z,KXBTC15M-26OCT042100-00,0.9920,12.53,no
2026-10-05T00:58:36.510635Z,KXBTC15M-26OCT042100-00,0.9920,1.09,no
2026-10-05T00:58:36.548876Z,KXBTC15M-26OCT042100-00,0.9920,36.33,no
2026-10-05T00:58:36.54989Z,KXBTC15M-26OCT042100-00,0.9930,72.59,yes
2026-10-05T00:58:36.54989Z,KXBTC15M-26OCT042100-00,0.9930,15.98,yes
2026-10-05T00:58:36.561512Z,KXBTC15M-26OCT042100-00,0.9920,175.99,no
2026-10-05T00:58:36.561512Z,KXBTC15M-26OCT042100-00,0.9920,28.77,no
2026-10-05T00:58:36.588019Z,KXBTC15M-26OCT042100-00,0.9920,52.32,no
2026-10-05T00:58:36.617141Z,KXBTC15M-26OCT042100-00,0.9920,36.33,no
2026-10-05T00:58:36.674574Z,KXBTC15M-26OCT042100-00,0.9920,33.00,no
2026-10-05T00:58:36.674574Z,KXBTC15M-26OCT042100-00,0.9920,25.00,no
2026-10-05T00:58:36.674574Z,KXBTC15M-26OCT042100-00,0.9920,367.57,no
2026-10-05T00:58:36.674574Z,KXBTC15M-26OCT042100-00,0.9920,16.00,no
2026-10-05T00:58:36.674574Z,KXBTC15M-26OCT042100-00,0.9920,14.92,no
2026-10-05T00:58:36.674574Z,KXBTC15M-26OCT042100-00,0.9920,19.77,no
2026-10-05T00:58:36.684723Z,KXBTC15M-26OCT042100-00,0.9920,36.33,no
2026-10-05T00:58:36.693721Z,KXBTC15M-26OCT042100-00,0.9920,63.07,no
2026-10-05T00:58:36.693721Z,KXBTC15M-26OCT042100-00,0.9920,119.59,no
2026-10-05T00:58:36.72506Z,KXBTC15M-26OCT042100-00,0.9930,7.04,yes
2026-10-05T00:58:36.734959Z,KXBTC15M-26OCT042100-00,0.9920,0.41,no
2026-10-05T00:58:36.734959Z,KXBTC15M-26OCT042100-00,0.9920,103.68,no
2026-10-05T00:58:36.755733Z,KXBTC15M-26OCT042100-00,0.9930,1.28,yes
2026-10-05T00:58:36.75588Z,KXBTC15M-26OCT042100-00,0.9920,36.33,no
2026-10-05T00:58:36.761187Z,KXBTC15M-26OCT042100-00,0.9920,116.88,no
2026-10-05T00:58:36.788676Z,KXBTC15M-26OCT042100-00,0.9930,0.12,yes
2026-10-05T00:58:36.81634Z,KXBTC15M-26OCT042100-00,0.9920,57.89,no
2026-10-05T00:58:36.820195Z,KXBTC15M-26OCT042100-00,0.9920,36.33,no
2026-10-05T00:58:36.845398Z,KXBTC15M-26OCT042100-00,0.9920,23.00,no
2026-10-05T00:58:36.845398Z,KXBTC15M-26OCT042100-00,0.9920,100.00,no
2026-10-05T00:58:36.845398Z,KXBTC15M-26OCT042100-00,0.9920,149.68,no
2026-10-05T00:58:36.845398Z,KXBTC15M-26OCT042100-00,0.9920,0.86,no
2026-10-05T00:58:36.845398Z,KXBTC15M-26OCT042100-00,0.9920,57.00,no
2026-10-05T00:58:36.845398Z,KXBTC15M-26OCT042100-00,0.9920,2.46,no
2026-10-05T00:58:36.845398Z,KXBTC15M-26OCT042100-00,0.9920,100.00,no
2026-10-05T00:58:36.845398Z,KXBTC15M-26OCT042100-00,0.9920,765.68,no
2026-10-05T00:58:36.845398Z,KXBTC15M-26OCT042100-00,0.9920,64.82,no
2026-10-05T00:58:36.845398Z,KXBTC15M-26OCT042100-00,0.9920,648.89,no
2026-10-05T00:58:36.845398Z,KXBTC15M-26OCT042100-00,0.9920,0.01,no
2026-10-05T00:58:36.845398Z,KXBTC15M-26OCT042100-00,0.9920,400.00,no
2026-10-05T00:58:36.845398Z,KXBTC15M-26OCT042100-00,0.9920,50.00,no
2026-10-05T00:58:36.845398Z,KXBTC15M-26OCT042100-00,0.9920,500.00,no
2026-10-05T00:58:36.845398Z,KXBTC15M-26OCT042100-00,0.9920,852.37,no
2026-10-05T00:58:36.845398Z,KXBTC15M-26OCT042100-00,0.9920,500.00,no
2026-10-05T00:58:36.849345Z,KXBTC15M-26OCT042100-00,0.9910,0.02,no
2026-10-05T00:58:36.849683Z,KXBTC15M-26OCT042100-00,0.9910,0.02,no
2026-10-05T00:58:36.84973Z,KXBTC15M-26OCT042100-00,0.9910,0.02,no
2026-10-05T00:58:36.85072Z,KXBTC15M-26OCT042100-00,0.9910,119.94,no
2026-10-05T00:58:36.85072Z,KXBTC15M-26OCT042100-00,0.9910,10.00,no
2026-10-05T00:58:36.861782Z,KXBTC15M-26OCT042100-00,0.9920,15.00,no
2026-10-05T00:58:36.87384Z,KXBTC15M-26OCT042100-00,0.9920,2.00,yes
2026-10-05T00:58:36.87384Z,KXBTC15M-26OCT042100-00,0.9930,71.32,yes
2026-10-05T00:58:36.899167Z,KXBTC15M-26OCT042100-00,0.9900,5.32,no
2026-10-05T00:58:36.916988Z,KXBTC15M-26OCT042100-00,0.9910,217.60,yes
2026-10-05T00:58:36.931963Z,KXBTC15M-26OCT042100-00,0.9900,15.13,no
2026-10-05T00:58:36.940484Z,KXBTC15M-26OCT042100-00,0.9900,36.33,no
2026-10-05T00:58:36.941281Z,KXBTC15M-26OCT042100-00,0.9900,1.01,no
2026-10-05T00:58:36.94613Z,KXBTC15M-26OCT042100-00,0.9910,1.00,yes
2026-10-05T00:58:36.95708Z,KXBTC15M-26OCT042100-00,0.9910,41.03,yes
2026-10-05T00:58:36.971709Z,KXBTC15M-26OCT042100-00,0.9910,73.00,yes
2026-10-05T00:58:36.971709Z,KXBTC15M-26OCT042100-00,0.9930,0.01,yes
2026-10-05T00:58:36.971709Z,KXBTC15M-26OCT042100-00,0.9930,0.01,yes
2026-10-05T00:58:36.971709Z,KXBTC15M-26OCT042100-00,0.9930,15.00,yes
2026-10-05T00:58:36.971709Z,KXBTC15M-26OCT042100-00,0.9930,15.00,yes
2026-10-05T00:58:36.971709Z,KXBTC15M-26OCT042100-00,0.9930,15.00,yes
2026-10-05T00:58:36.971709Z,KXBTC15M-26OCT042100-00,0.9920,0.01,yes
2026-10-05T00:58:36.971709Z,KXBTC15M-26OCT042100-00,0.9910,0.01,yes
2026-10-05T00:58:36.971709Z,KXBTC15M-26OCT042100-00,0.9920,0.01,yes
2026-10-05T00:58:36.971709Z,KXBTC15M-26OCT042100-00,0.9910,0.01,yes
2026-10-05T00:58:36.971709Z,KXBTC15M-26OCT042100-00,0.9930,347.65,yes
2026-10-05T00:58:36.971709Z,KXBTC15M-26OCT042100-00,0.9940,334.29,yes
2026-10-05T00:58:36.99745Z,KXBTC15M-26OCT042100-00,0.9910,0.01,yes
2026-10-05T00:58:36.99745Z,KXBTC15M-26OCT042100-00,0.9910,220.70,yes
2026-10-05T00:58:36.99745Z,KXBTC15M-26OCT042100-00,0.9910,0.01,yes
2026-10-05T00:58:37.014049Z,KXBTC15M-26OCT042100-00,0.9930,0.01,yes
2026-10-05T00:58:37.014049Z,KXBTC15M-26OCT042100-00,0.9930,0.01,yes
2026-10-05T00:58:37.014049Z,KXBTC15M-26OCT042100-00,0.9940,34.37,yes
2026-10-05T00:58:37.07531Z,KXBTC15M-26OCT042100-00,0.9930,200.00,yes
2026-10-05T00:58:37.07531Z,KXBTC15M-26OCT042100-00,0.9910,0.01,yes
2026-10-05T00:58:37.07531Z,KXBTC15M-26OCT042100-00,0.9930,70.00,yes
2026-10-05T00:58:37.07531Z,KXBTC15M-26OCT042100-00,0.9910,0.01,yes
2026-10-05T00:58:37.07531Z,KXBTC15M-26OCT042100-00,0.9940,780.64,yes
2026-10-05T00:58:37.07531Z,KXBTC15M-26OCT042100-00,0.9940,861.34,yes
2026-10-05T00:58:37.101506Z,KXBTC15M-26OCT042100-00,0.9910,0.01,no
2026-10-05T00:58:37.101506Z,KXBTC15M-26OCT042100-00,0.9910,0.01,no
2026-10-05T00:58:37.101506Z,KXBTC15M-26OCT042100-00,0.9910,5.70,no
2026-10-05T00:58:37.119344Z,KXBTC15M-26OCT042100-00,0.9920,0.01,yes
2026-10-05T00:58:37.119344Z,KXBTC15M-26OCT042100-00,0.9930,15.00,yes
2026-10-05T00:58:37.119344Z,KXBTC15M-26OCT042100-00,0.9920,0.01,yes
2026-10-05T00:58:37.119344Z,KXBTC15M-26OCT042100-00,0.9920,41.00,yes
2026-10-05T00:58:37.119344Z,KXBTC15M-26OCT042100-00,0.9940,296.62,yes
2026-10-05T00:58:37.119344Z,KXBTC15M-26OCT042100-00,0.9940,499.36,yes
2026-10-05T00:58:37.127017Z,KXBTC15M-26OCT042100-00,0.9940,79.44,yes
2026-10-05T00:58:37.170924Z,KXBTC15M-26OCT042100-00,0.9930,99.53,no
2026-10-05T00:58:37.172331Z,KXBTC15M-26OCT042100-00,0.9930,75.99,no
2026-10-05T00:58:37.186948Z,KXBTC15M-26OCT042100-00,0.9930,36.33,no
2026-10-05T00:58:37.192821Z,KXBTC15M-26OCT042100-00,0.9930,116.88,no
2026-10-05T00:58:37.204815Z,KXBTC15M-26OCT042100-00,0.9940,70.39,yes
2026-10-05T00:58:37.204815Z,KXBTC15M-26OCT042100-00,0.9940,443.67,yes
2026-10-05T00:58:37.204815Z,KXBTC15M-26OCT042100-00,0.9940,120.00,yes
2026-10-05T00:58:37.204815Z,KXBTC15M-26OCT042100-00,0.9940,903.94,yes
2026-10-05T00:58:37.204815Z,KXBTC15M-26OCT042100-00,0.9940,50.00,yes
2026-10-05T00:58:37.204815Z,KXBTC15M-26OCT042100-00,0.9940,1280.00,yes
2026-10-05T00:58:37.206889Z,KXBTC15M-26OCT042100-00,0.9940,61.18,yes
2026-10-05T00:58:37.216521Z,KXBTC15M-26OCT042100-00,0.9930,0.01,no
2026-10-05T00:58:37.216521Z,KXBTC15M-26OCT042100-00,0.9930,170.63,no
2026-10-05T00:58:37.216521Z,KXBTC15M-26OCT042100-00,0.9930,0.01,no
2026-10-05T00:58:37.216521Z,KXBTC15M-26OCT042100-00,0.9930,15.00,no
2026-10-05T00:58:37.216521Z,KXBTC15M-26OCT042100-00,0.9930,805.42,no
2026-10-05T00:58:37.229412Z,KXBTC15M-26OCT042100-00,0.9930,474.58,no
2026-10-05T00:58:37.229412Z,KXBTC15M-26OCT042100-00,0.9930,97.92,no
2026-10-05T00:58:37.254568Z,KXBTC15M-26OCT042100-00,0.9930,4.00,no
2026-10-05T00:58:37.262557Z,KXBTC15M-26OCT042100-00,0.9940,1276.00,yes
2026-10-05T00:58:37.271538Z,KXBTC15M-26OCT042100-00,0.9930,18.25,no
2026-10-05T00:58:37.271538Z,KXBTC15M-26OCT042100-00,0.9930,18.08,no
2026-10-05T00:58:37.283983Z,KXBTC15M-26OCT042100-00,0.9930,0.01,no
2026-10-05T00:58:37.283983Z,KXBTC15M-26OCT042100-00,0.9930,885.69,no
2026-10-05T00:58:37.283983Z,KXBTC15M-26OCT042100-00,0.9930,0.01,no
2026-10-05T00:58:37.283983Z,KXBTC15M-26OCT042100-00,0.9930,50.00,no
2026-10-05T00:58:37.291311Z,KXBTC15M-26OCT042100-00,0.9930,73.19,no
2026-10-05T00:58:37.302941Z,KXBTC15M-26OCT042100-00,0.9930,1.93,no
2026-10-05T00:58:37.302941Z,KXBTC15M-26OCT042100-00,0.9930,0.01,no
2026-10-05T00:58:37.302941Z,KXBTC15M-26OCT042100-00,0.9930,0.01,no
2026-10-05T00:58:37.307629Z,KXBTC15M-26OCT042100-00,0.9940,8.51,yes
2026-10-05T00:58:37.338222Z,KXBTC15M-26OCT042100-00,0.9930,1.97,no
2026-10-05T00:58:37.338646Z,KXBTC15M-26OCT042100-00,0.9930,0.01,no
2026-10-05T00:58:37.338646Z,KXBTC15M-26OCT042100-00,0.9930,0.01,no
2026-10-05T00:58:37.338646Z,KXBTC15M-26OCT042100-00,0.9920,25.21,no
2026-10-05T00:58:37.338646Z,KXBTC15M-26OCT042100-00,0.9930,11.10,no
2026-10-05T00:58:37.341665Z,KXBTC15M-26OCT042100-00,0.9940,9.85,yes
2026-10-05T00:58:37.359175Z,KXBTC15M-26OCT042100-00,0.9940,7.31,yes
2026-10-05T00:58:37.359785Z,KXBTC15M-26OCT042100-00,0.9920,0.01,no
2026-10-05T00:58:37.359785Z,KXBTC15M-26OCT042100-00,0.9920,249.26,no
2026-10-05T00:58:37.359785Z,KXBTC15M-26OCT042100-00,0.9920,124.79,no
2026-10-05T00:58:37.359785Z,KXBTC15M-26OCT042100-00,0.9920,0.01,no
2026-10-05T00:58:37.361526Z,KXBTC15M-26OCT042100-00,0.9920,6.87,no
2026-10-05T00:58:37.365949Z,KXBTC15M-26OCT042100-00,0.9940,16.21,yes
2026-10-05T00:58:37.40771Z,KXBTC15M-26OCT042100-00,0.9920,7.26,no
2026-10-05T00:58:37.439349Z,KXBTC15M-26OCT042100-00,0.9940,2.00,yes
2026-10-05T00:58:37.439349Z,KXBTC15M-26OCT042100-00,0.9940,2.00,yes
2026-10-05T00:58:37.439349Z,KXBTC15M-26OCT042100-00,0.9940,177.27,yes
2026-10-05T00:58:37.439349Z,KXBTC15M-26OCT042100-00,0.9940,58.41,yes
2026-10-05T00:58:37.439349Z,KXBTC15M-26OCT042100-00,0.9940,0.01,yes
2026-10-05T00:58:37.474638Z,KXBTC15M-26OCT042100-00,0.9930,34.60,no
2026-10-05T00:58:37.481017Z,KXBTC15M-26OCT042100-00,0.9930,36.33,no
2026-10-05T00:58:37.487081Z,KXBTC15M-26OCT042100-00,0.9930,2.73,no
2026-10-05T00:58:37.488263Z,KXBTC15M-26OCT042100-00,0.9930,185.00,no
2026-10-05T00:58:37.498316Z,KXBTC15M-26OCT042100-00,0.9940,0.01,yes
2026-10-05T00:58:37.498316Z,KXBTC15M-26OCT042100-00,0.9940,88.00,yes
2026-10-05T00:58:37.498316Z,KXBTC15M-26OCT042100-00,0.9940,16.00,yes
2026-10-05T00:58:37.498316Z,KXBTC15M-26OCT042100-00,0.9940,15.00,yes
2026-10-05T00:58:37.498316Z,KXBTC15M-26OCT042100-00,0.9940,15.00,yes
2026-10-05T00:58:37.498316Z,KXBTC15M-26OCT042100-00,0.9940,0.01,yes
2026-10-05T00:58:37.498316Z,KXBTC15M-26OCT042100-00,0.9950,2000.00,yes
2026-10-05T00:58:37.498316Z,KXBTC15M-26OCT042100-00,0.9950,1747.60,yes
2026-10-05T00:58:37.498316Z,KXBTC15M-26OCT042100-00,0.9950,2000.00,yes
2026-10-05T00:58:37.498316Z,KXBTC15M-26OCT042100-00,0.9950,2000.00,yes
2026-10-05T00:58:37.51109Z,KXBTC15M-26OCT042100-00,0.9940,16.00,yes
2026-10-05T00:58:37.51109Z,KXBTC15M-26OCT042100-00,0.9950,197.52,yes
2026-10-05T00:58:37.528504Z,KXBTC15M-26OCT042100-00,0.9930,0.01,no
2026-10-05T00:58:37.528504Z,KXBTC15M-26OCT042100-00,0.9930,93.50,no
2026-10-05T00:58:37.546618Z,KXBTC15M-26OCT042100-00,0.9940,0.01,yes
2026-10-05T00:58:37.546618Z,KXBTC15M-26OCT042100-00,0.9940,16.00,yes
2026-10-05T00:58:37.546618Z,KXBTC15M-26OCT042100-00,0.9940,0.01,yes
2026-10-05T00:58:37.546618Z,KXBTC15M-26OCT042100-00,0.9950,1.59,yes
2026-10-05T00:58:37.553401Z,KXBTC15M-26OCT042100-00,0.9940,0.01,yes
2026-10-05T00:58:37.580732Z,KXBTC15M-26OCT042100-00,0.9950,28.00,yes
2026-10-05T00:58:37.58738Z,KXBTC15M-26OCT042100-00,0.9940,46.06,no
2026-10-05T00:58:37.591974Z,KXBTC15M-26OCT042100-00,0.9940,36.33,no
2026-10-05T00:58:37.596822Z,KXBTC15M-26OCT042100-00,0.9950,4.00,yes
2026-10-05T00:58:37.657202Z,KXBTC15M-26OCT042100-00,0.9940,500.00,no
2026-10-05T00:58:37.66644Z,KXBTC15M-26OCT042100-00,0.9940,133.58,no
2026-10-05T00:58:37.670197Z,KXBTC15M-26OCT042100-00,0.9940,0.98,no
2026-10-05T00:58:37.674206Z,KXBTC15M-26OCT042100-00,0.9950,0.18,yes
2026-10-05T00:58:37.68052Z,KXBTC15M-26OCT042100-00,0.9940,36.33,no
2026-10-05T00:58:37.691884Z,KXBTC15M-26OCT042100-00,0.9950,7.62,yes
2026-10-05T00:58:37.707585Z,KXBTC15M-26OCT042100-00,0.9940,66.79,no
2026-10-05T00:58:37.713838Z,KXBTC15M-26OCT042100-00,0.9950,0.39,yes
2026-10-05T00:58:37.726227Z,KXBTC15M-26OCT042100-00,0.9940,116.88,no
2026-10-05T00:58:37.737069Z,KXBTC15M-26OCT042100-00,0.9940,25.29,no
2026-10-05T00:58:37.745522Z,KXBTC15M-26OCT042100-00,0.9940,5.00,no
2026-10-05T00:58:37.821053Z,KXBTC15M-26OCT042100-00,0.9940,133.58,no
2026-10-05T00:58:37.850614Z,KXBTC15M-26OCT042100-00,0.9950,13.10,yes
2026-10-05T00:58:37.850614Z,KXBTC15M-26OCT042100-00,0.9950,2.90,yes
2026-10-05T00:58:37.863128Z,KXBTC15M-26OCT042100-00,0.9950,4.88,yes
2026-10-05T00:58:37.911133Z,KXBTC15M-26OCT042100-00,0.9940,226.47,no
2026-10-05T00:58:37.959036Z,KXBTC15M-26OCT042100-00,0.9940,164.66,no
2026-10-05T00:58:37.959154Z,KXBTC15M-26OCT042100-00,0.9950,112.22,yes
2026-10-05T00:58:37.959154Z,KXBTC15M-26OCT042100-00,0.9950,312.89,yes
2026-10-05T00:58:38.025197Z,KXBTC15M-26OCT042100-00,0.9950,9.84,yes
2026-10-05T00:58:38.062662Z,KXBTC15M-26OCT042100-00,0.9940,7.34,no
2026-10-05T00:58:38.096496Z,KXBTC15M-26OCT042100-00,0.9950,5.00,yes
2026-10-05T00:58:38.101768Z,KXBTC15M-26OCT042100-00,0.9940,152.71,no
2026-10-05T00:58:38.119934Z,KXBTC15M-26OCT042100-00,0.9940,0.01,no
2026-10-05T00:58:38.119934Z,KXBTC15M-26OCT042100-00,0.9940,95.59,no
2026-10-05T00:58:38.119934Z,KXBTC15M-26OCT042100-00,0.9940,0.01,no
2026-10-05T00:58:38.119934Z,KXBTC15M-26OCT042100-00,0.9940,57.10,no
2026-10-05T00:58:38.123489Z,KXBTC15M-26OCT042100-00,0.9940,194.73,no
2026-10-05T00:58:38.123489Z,KXBTC15M-26OCT042100-00,0.9940,5.00,no
2026-10-05T00:58:38.123489Z,KXBTC15M-26OCT042100-00,0.9940,9.84,no
2026-10-05T00:58:38.123489Z,KXBTC15M-26OCT042100-00,0.9940,4.00,no
2026-10-05T00:58:38.123489Z,KXBTC15M-26OCT042100-00,0.9940,15.00,no
2026-10-05T00:58:38.123489Z,KXBTC15M-26OCT042100-00,0.9940,1.59,no
2026-10-05T00:58:38.123489Z,KXBTC15M-26OCT042100-00,0.9930,2000.00,no
2026-10-05T00:58:38.123489Z,KXBTC15M-26OCT042100-00,0.9940,28.00,no
2026-10-05T00:58:38.123489Z,KXBTC15M-26OCT042100-00,0.9940,0.18,no
2026-10-05T00:58:38.123489Z,KXBTC15M-26OCT042100-00,0.9940,13.10,no
2026-10-05T00:58:38.123489Z,KXBTC15M-26OCT042100-00,0.9940,7.62,no
2026-10-05T00:58:38.123489Z,KXBTC15M-26OCT042100-00,0.9940,2.90,no
2026-10-05T00:58:38.123489Z,KXBTC15M-26OCT042100-00,0.9940,112.22,no
2026-10-05T00:58:38.123489Z,KXBTC15M-26OCT042100-00,0.9940,15.00,no
2026-10-05T00:58:38.123489Z,KXBTC15M-26OCT042100-00,0.9940,16.22,no
2026-10-05T00:58:38.123489Z,KXBTC15M-26OCT042100-00,0.9940,142.90,no
2026-10-05T00:58:38.123489Z,KXBTC15M-26OCT042100-00,0.9930,106.50,no
2026-10-05T00:58:38.123489Z,KXBTC15M-26OCT042100-00,0.9940,4.88,no
2026-10-05T00:58:38.123489Z,KXBTC15M-26OCT042100-00,0.9930,304.40,no
2026-10-05T00:58:38.123489Z,KXBTC15M-26OCT042100-00,0.9940,0.39,no
2026-10-05T00:58:38.123489Z,KXBTC15M-26OCT042100-00,0.9940,197.52,no
2026-10-05T00:58:38.123489Z,KXBTC15M-26OCT042100-00,0.9940,312.89,no
2026-10-05T00:58:38.123489Z,KXBTC15M-26OCT042100-00,0.9940,250.67,no
2026-10-05T00:58:38.134317Z,KXBTC15M-26OCT042100-00,0.9940,0.01,no
2026-10-05T00:58:38.134317Z,KXBTC15M-26OCT042100-00,0.9940,0.01,no
2026-10-05T00:58:38.134317Z,KXBTC15M-26OCT042100-00,0.9930,39.32,no
2026-10-05T00:58:38.156905Z,KXBTC15M-26OCT042100-00,0.9950,10.22,yes
2026-10-05T00:58:38.296696Z,KXBTC15M-26OCT042100-00,0.9940,0.01,no
2026-10-05T00:58:38.296696Z,KXBTC15M-26OCT042100-00,0.9940,10.22,no
2026-10-05T00:58:38.296696Z,KXBTC15M-26OCT042100-00,0.9940,0.01,no
2026-10-05T00:58:38.296696Z,KXBTC15M-26OCT042100-00,0.9930,19.86,no
2026-10-05T00:58:38.374911Z,KXBTC15M-26OCT042100-00,0.9940,0.01,no
2026-10-05T00:58:38.374911Z,KXBTC15M-26OCT042100-00,0.9930,2.99,no
2026-10-05T00:58:38.39296Z,KXBTC15M-26OCT042100-00,0.9950,1.36,yes
2026-10-05T00:58:38.413377Z,KXBTC15M-26OCT042100-00,0.9950,8.23,yes
2026-10-05T00:58:38.43555Z,KXBTC15M-26OCT042100-00,0.9950,9.84,yes
2026-10-05T00:58:38.469753Z,KXBTC15M-26OCT042100-00,0.9940,151.35,no
2026-10-05T00:58:38.469753Z,KXBTC15M-26OCT042100-00,0.9940,1.36,no
2026-10-05T00:58:38.470157Z,KXBTC15M-26OCT042100-00,0.9940,152.71,no
2026-10-05T00:58:38.472039Z,KXBTC15M-26OCT042100-00,0.9950,36.81,yes
2026-10-05T00:58:38.514727Z,KXBTC15M-26OCT042100-00,0.9950,51.53,yes
2026-10-05T00:58:38.529984Z,KXBTC15M-26OCT042100-00,0.9940,8.23,no
2026-10-05T00:58:38.529984Z,KXBTC15M-26OCT042100-00,0.9940,36.81,no
2026-10-05T00:58:38.529984Z,KXBTC15M-26OCT042100-00,0.9940,61.18,no
2026-10-05T00:58:38.529984Z,KXBTC15M-26OCT042100-00,0.9940,9.84,no
2026-10-05T00:58:38.577582Z,KXBTC15M-26OCT042100-00,0.9950,200.93,yes
2026-10-05T00:58:38.600786Z,KXBTC15M-26OCT042100-00,0.9940,0.50,no
2026-10-05T00:58:38.601191Z,KXBTC15M-26OCT042100-00,0.9950,4.73,yes
2026-10-05T00:58:38.609966Z,KXBTC15M-26OCT042100-00,0.9940,100.00,no
2026-10-05T00:58:38.678391Z,KXBTC15M-26OCT042100-00,0.9940,51.53,no
2026-10-05T00:58:38.678391Z,KXBTC15M-26OCT042100-00,0.9940,60.28,no
2026-10-05T00:58:38.68015Z,KXBTC15M-26OCT042100-00,0.9940,51.53,no
2026-10-05T00:58:38.681093Z,KXBTC15M-26OCT042100-00,0.9940,40.92,no
2026-10-05T00:58:38.682169Z,KXBTC15M-26OCT042100-00,0.9940,4.45,no
2026-10-05T00:58:38.682304Z,KXBTC15M-26OCT042100-00,0.9940,11.40,no
2026-10-05T00:58:38.684713Z,KXBTC15M-26OCT042100-00,0.9930,125.32,no
2026-10-05T00:58:38.689495Z,KXBTC15M-26OCT042100-00,0.9930,150.00,no
2026-10-05T00:58:38.689495Z,KXBTC15M-26OCT042100-00,0.9930,125.32,no
2026-10-05T00:58:38.689495Z,KXBTC15M-26OCT042100-00,0.9930,1508.11,no
2026-10-05T00:58:38.689495Z,KXBTC15M-26OCT042100-00,0.9930,2000.00,no
2026-10-05T00:58:38.689533Z,KXBTC15M-26OCT042100-00,0.9930,38.72,no
2026-10-05T00:58:38.689928Z,KXBTC15M-26OCT042100-00,0.9930,4.45,no
2026-10-05T00:58:38.690403Z,KXBTC15M-26OCT042100-00,0.9930,331.51,no
2026-10-05T00:58:38.694924Z,KXBTC15M-26OCT042100-00,0.9930,21.36,no
2026-10-05T00:58:38.695029Z,KXBTC15M-26OCT042100-00,0.9930,2.09,no
2026-10-05T00:58:38.696068Z,KXBTC15M-26OCT042100-00,0.9930,4.13,no
2026-10-05T00:58:38.706193Z,KXBTC15M-26OCT042100-00,0.9930,150.00,no
2026-10-05T00:58:38.721763Z,KXBTC15M-26OCT042100-00,0.9920,31.18,no
2026-10-05T00:58:38.735832Z,KXBTC15M-26OCT042100-00,0.9920,31.95,no
2026-10-05T00:58:38.786527Z,KXBTC15M-26OCT042100-00,0.9920,0.02,no
2026-10-05T00:58:38.795245Z,KXBTC15M-26OCT042100-00,0.9900,58.86,no
2026-10-05T00:58:38.795245Z,KXBTC15M-26OCT042100-00,0.9910,780.64,no
2026-10-05T00:58:38.795245Z,KXBTC15M-26OCT042100-00,0.9910,296.62,no
2026-10-05T00:58:38.795245Z,KXBTC15M-26OCT042100-00,0.9910,79.44,no
2026-10-05T00:58:38.814358Z,KXBTC15M-26OCT042100-00,0.9920,69.29,yes
2026-10-05T00:58:38.819071Z,KXBTC15M-26OCT042100-00,0.9900,100.00,no
2026-10-05T00:58:38.912825Z,KXBTC15M-26OCT042100-00,0.9910,8.00,yes
2026-10-05T00:58:38.967954Z,KXBTC15M-26OCT042100-00,0.9900,11.28,no
2026-10-05T00:58:39.067729Z,KXBTC15M-26OCT042100-00,0.9900,36.91,no
2026-10-05T00:58:39.101496Z,KXBTC15M-26OCT042100-00,0.9900,27.26,no
2026-10-05T00:58:39.183012Z,KXBTC15M-26OCT042100-00,0.9900,486.20,no
2026-10-05T00:58:39.224018Z,KXBTC15M-26OCT042100-00,0.9910,2.00,yes
2026-10-05T00:58:39.225677Z,KXBTC15M-26OCT042100-00,0.9900,12.15,no
2026-10-05T00:58:39.290875Z,KXBTC15M-26OCT042100-00,0.9900,120.26,no
2026-10-05T00:58:39.352414Z,KXBTC15M-26OCT042100-00,0.9910,0.01,yes
2026-10-05T00:58:39.352414Z,KXBTC15M-26OCT042100-00,0.9910,11.92,yes
2026-10-05T00:58:39.362938Z,KXBTC15M-26OCT042100-00,0.9910,0.01,yes
2026-10-05T00:58:39.362938Z,KXBTC15M-26OCT042100-00,0.9910,100.00,yes
2026-10-05T00:58:39.362938Z,KXBTC15M-26OCT042100-00,0.9910,56.59,yes
2026-10-05T00:58:39.362938Z,KXBTC15M-26OCT042100-00,0.9910,45.08,yes
2026-10-05T00:58:39.370384Z,KXBTC15M-26OCT042100-00,0.9900,92.65,no
2026-10-05T00:58:39.370384Z,KXBTC15M-26OCT042100-00,0.9900,2.99,no
2026-10-05T00:58:39.370384Z,KXBTC15M-26OCT042100-00,0.9900,50.00,no
2026-10-05T00:58:39.392711Z,KXBTC15M-26OCT042100-00,0.9900,93.51,no
2026-10-05T00:58:39.404453Z,KXBTC15M-26OCT042100-00,0.9900,25.12,no
2026-10-05T00:58:39.404453Z,KXBTC15M-26OCT042100-00,0.9900,23.50,no
2026-10-05T00:58:39.406957Z,KXBTC15M-26OCT042100-00,0.9950,49.30,yes
2026-10-05T00:58:39.406957Z,KXBTC15M-26OCT042100-00,0.9950,192.25,yes
2026-10-05T00:58:39.406957Z,KXBTC15M-26OCT042100-00,0.9910,0.01,yes
2026-10-05T00:58:39.406957Z,KXBTC15M-26OCT042100-00,0.9910,10.00,yes
2026-10-05T00:58:39.406957Z,KXBTC15M-26OCT042100-00,0.9910,192.64,yes
2026-10-05T00:58:39.406957Z,KXBTC15M-26OCT042100-00,0.9910,100.00,yes
2026-10-05T00:58:39.406957Z,KXBTC15M-26OCT042100-00,0.9920,40.00,yes
2026-10-05T00:58:39.406957Z,KXBTC15M-26OCT042100-00,0.9910,0.01,yes
2026-10-05T00:58:39.406957Z,KXBTC15M-26OCT042100-00,0.9930,2.00,yes
2026-10-05T00:58:39.406957Z,KXBTC15M-26OCT042100-00,0.9950,15.00,yes
2026-10-05T00:58:39.406957Z,KXBTC15M-26OCT042100-00,0.9940,2.00,yes
2026-10-05T00:58:39.406957Z,KXBTC15M-26OCT042100-00,0.9920,200.00,yes
2026-10-05T00:58:39.406957Z,KXBTC15M-26OCT042100-00,0.9910,343.41,yes
2026-10-05T00:58:39.406957Z,KXBTC15M-26OCT042100-00,0.9950,11.59,yes
2026-10-05T00:58:39.406957Z,KXBTC15M-26OCT042100-00,0.9940,2.00,yes
2026-10-05T00:58:39.406957Z,KXBTC15M-26OCT042100-00,0.9950,2.00,yes
2026-10-05T00:58:39.406957Z,KXBTC15M-26OCT042100-00,0.9940,16.00,yes
2026-10-05T00:58:39.406957Z,KXBTC15M-26OCT042100-00,0.9950,90.00,yes
2026-10-05T00:58:39.406957Z,KXBTC15M-26OCT042100-00,0.9950,50.00,yes
2026-10-05T00:58:39.406957Z,KXBTC15M-26OCT042100-00,0.9950,100.00,yes
2026-10-05T00:58:39.406957Z,KXBTC15M-26OCT042100-00,0.9950,90.00,yes
2026-10-05T00:58:39.406957Z,KXBTC15M-26OCT042100-00,0.9950,50.00,yes
2026-10-05T00:58:39.406957Z,KXBTC15M-26OCT042100-00,0.9950,21.00,yes
2026-10-05T00:58:39.406957Z,KXBTC15M-26OCT042100-00,0.9950,50.00,yes
2026-10-05T00:58:39.406957Z,KXBTC15M-26OCT042100-00,0.9950,372.62,yes
2026-10-05T00:58:39.406957Z,KXBTC15M-26OCT042100-00,0.9950,11.00,yes
2026-10-05T00:58:39.41301Z,KXBTC15M-26OCT042100-00,0.9900,93.51,no
2026-10-05T00:58:39.41342Z,KXBTC15M-26OCT042100-00,0.9950,3.41,yes
2026-10-05T00:58:39.41342Z,KXBTC15M-26OCT042100-00,0.9950,7.45,yes
2026-10-05T00:58:39.432257Z,KXBTC15M-26OCT042100-00,0.9900,50.00,no
2026-10-05T00:58:39.432257Z,KXBTC15M-26OCT042100-00,0.9900,2.00,no
2026-10-05T00:58:39.432257Z,KXBTC15M-26OCT042100-00,0.9900,0.01,no
2026-10-05T00:58:39.432257Z,KXBTC15M-26OCT042100-00,0.9900,200.00,no
2026-10-05T00:58:39.432257Z,KXBTC15M-26OCT042100-00,0.9900,372.62,no
2026-10-05T00:58:39.432257Z,KXBTC15M-26OCT042100-00,0.9900,0.01,no
2026-10-05T00:58:39.432257Z,KXBTC15M-26OCT042100-00,0.9900,500.00,no
2026-10-05T00:58:39.432257Z,KXBTC15M-26OCT042100-00,0.9900,1.00,no
2026-10-05T00:58:39.432257Z,KXBTC15M-26OCT042100-00,0.9900,205.66,no
2026-10-05T00:58:39.432257Z,KXBTC15M-26OCT042100-00,0.9900,1.01,no
2026-10-05T00:58:39.432257Z,KXBTC15M-26OCT042100-00,0.9900,21.37,no
2026-10-05T00:58:39.432257Z,KXBTC15M-26OCT042100-00,0.9900,861.34,no
2026-10-05T00:58:39.432257Z,KXBTC15M-26OCT042100-00,0.9900,34.37,no
2026-10-05T00:58:39.432257Z,KXBTC15M-26OCT042100-00,0.9900,131.40,no
2026-10-05T00:58:39.432257Z,KXBTC15M-26OCT042100-00,0.9900,60.00,no
2026-10-05T00:58:39.432257Z,KXBTC15M-26OCT042100-00,0.9900,334.29,no
2026-10-05T00:58:39.524616Z,KXBTC15M-26OCT042100-00,0.9910,125.21,yes
2026-10-05T00:58:39.524616Z,KXBTC15M-26OCT042100-00,0.9910,0.01,yes
2026-10-05T00:58:39.524616Z,KXBTC15M-26OCT042100-00,0.9910,100.00,yes
2026-10-05T00:58:39.524616Z,KXBTC15M-26OCT042100-00,0.9910,0.01,yes
2026-10-05T00:58:39.527162Z,KXBTC15M-26OCT042100-00,0.9900,15.00,no
2026-10-05T00:58:39.527162Z,KXBTC15M-26OCT042100-00,0.9900,0.01,no
2026-10-05T00:58:39.527162Z,KXBTC15M-26OCT042100-00,0.9900,50.00,no
2026-10-05T00:58:39.527162Z,KXBTC15M-26OCT042100-00,0.9900,15.00,no
2026-10-05T00:58:39.527162Z,KXBTC15M-26OCT042100-00,0.9900,0.01,no
2026-10-05T00:58:39.527162Z,KXBTC15M-26OCT042100-00,0.9880,24.98,no
2026-10-05T00:58:39.564398Z,KXBTC15M-26OCT042100-00,0.9910,0.89,yes
2026-10-05T00:58:39.614877Z,KXBTC15M-26OCT042100-00,0.9900,0.50,no
2026-10-05T00:58:39.624719Z,KXBTC15M-26OCT042100-00,0.9900,49.50,no
2026-10-05T00:58:39.624719Z,KXBTC15M-26OCT042100-00,0.9880,0.01,no
2026-10-05T00:58:39.624719Z,KXBTC15M-26OCT042100-00,0.9880,2.00,no
2026-10-05T00:58:39.624719Z,KXBTC15M-26OCT042100-00,0.9880,0.01,no
2026-10-05T00:58:39.624719Z,KXBTC15M-26OCT042100-00,0.9880,200.00,no
2026-10-05T00:58:39.624719Z,KXBTC15M-26OCT042100-00,0.9880,25.00,no
2026-10-05T00:58:39.624719Z,KXBTC15M-26OCT042100-00,0.9870,1183.83,no
2026-10-05T00:58:39.624719Z,KXBTC15M-26OCT042100-00,0.9880,125.02,no
2026-10-05T00:58:39.721299Z,KXBTC15M-26OCT042100-00,0.9870,150.00,no
2026-10-05T00:58:39.721299Z,KXBTC15M-26OCT042100-00,0.9860,2.00,no
2026-10-05T00:58:39.721299Z,KXBTC15M-26OCT042100-00,0.9850,2.00,no
2026-10-05T00:58:39.721299Z,KXBTC15M-26OCT042100-00,0.9870,2.00,no
2026-10-05T00:58:39.721299Z,KXBTC15M-26OCT042100-00,0.9810,10.00,no
2026-10-05T00:58:39.721299Z,KXBTC15M-26OCT042100-00,0.9840,2.00,no
2026-10-05T00:58:39.721299Z,KXBTC15M-26OCT042100-00,0.9860,2.00,no
2026-10-05T00:58:39.721299Z,KXBTC15M-26OCT042100-00,0.9820,12.00,no
2026-10-05T00:58:39.721299Z,KXBTC15M-26OCT042100-00,0.9790,20.23,no
2026-10-05T00:58:39.721299Z,KXBTC15M-26OCT042100-00,0.9860,82.00,no
2026-10-05T00:58:39.721299Z,KXBTC15M-26OCT042100-00,0.9800,50.00,no
2026-10-05T00:58:39.721299Z,KXBTC15M-26OCT042100-00,0.9790,500.00,no
2026-10-05T00:58:39.721299Z,KXBTC15M-26OCT042100-00,0.9800,64.00,no
2026-10-05T00:58:39.721299Z,KXBTC15M-26OCT042100-00,0.9810,500.00,no
2026-10-05T00:58:39.721299Z,KXBTC15M-26OCT042100-00,0.9800,64.00,no
2026-10-05T00:58:39.721299Z,KXBTC15M-26OCT042100-00,0.9800,15.00,no
2026-10-05T00:58:39.721299Z,KXBTC15M-26OCT042100-00,0.9790,40.00,no
2026-10-05T00:58:39.721299Z,KXBTC15M-26OCT042100-00,0.9800,16.77,no
2026-10-05T00:58:39.721299Z,KXBTC15M-26OCT042100-00,0.9790,40.00,no
2026-10-05T00:58:39.721299Z,KXBTC15M-26OCT042100-00,0.9860,101.00,no
2026-10-05T00:58:39.721299Z,KXBTC15M-26OCT042100-00,0.9790,35.00,no
2026-10-05T00:58:39.721299Z,KXBTC15M-26OCT042100-00,0.9850,2.00,no
2026-10-05T00:58:39.770709Z,KXBTC15M-26OCT042100-00,0.9830,109.00,yes
2026-10-05T00:58:39.771228Z,KXBTC15M-26OCT042100-00,0.9830,200.00,yes
2026-10-05T00:58:39.771228Z,KXBTC15M-26OCT042100-00,0.9830,0.01,yes
2026-10-05T00:58:39.771228Z,KXBTC15M-26OCT042100-00,0.9830,391.00,yes
2026-10-05T00:58:39.771228Z,KXBTC15M-26OCT042100-00,0.9830,500.00,yes
2026-10-05T00:58:39.771228Z,KXBTC15M-26OCT042100-00,0.9830,65.98,yes
2026-10-05T00:58:39.771228Z,KXBTC15M-26OCT042100-00,0.9830,0.01,yes
2026-10-05T00:58:39.800287Z,KXBTC15M-26OCT042100-00,0.9820,2.23,no
2026-10-05T00:58:39.800287Z,KXBTC15M-26OCT042100-00,0.9820,2.00,no
2026-10-05T00:58:39.800287Z,KXBTC15M-26OCT042100-00,0.9820,2.00,no
2026-10-05T00:58:39.811422Z,KXBTC15M-26OCT042100-00,0.9890,2.00,yes
2026-10-05T00:58:39.811422Z,KXBTC15M-26OCT042100-00,0.9830,0.01,yes
2026-10-05T00:58:39.811422Z,KXBTC15M-26OCT042100-00,0.9900,474.98,yes
2026-10-05T00:58:39.811422Z,KXBTC15M-26OCT042100-00,0.9870,11.00,yes
2026-10-05T00:58:39.811422Z,KXBTC15M-26OCT042100-00,0.9880,500.00,yes
2026-10-05T00:58:39.811422Z,KXBTC15M-26OCT042100-00,0.9850,500.00,yes
2026-10-05T00:58:39.811422Z,KXBTC15M-26OCT042100-00,0.9890,2.00,yes
2026-10-05T00:58:39.811422Z,KXBTC15M-26OCT042100-00,0.9830,0.01,yes
2026-10-05T00:58:39.828713Z,KXBTC15M-26OCT042100-00,0.9890,0.01,yes
2026-10-05T00:58:39.828713Z,KXBTC15M-26OCT042100-00,0.9890,28.02,yes
2026-10-05T00:58:39.836604Z,KXBTC15M-26OCT042100-00,0.9890,4.11,yes
2026-10-05T00:58:39.853895Z,KXBTC15M-26OCT042100-00,0.9890,0.01,yes
2026-10-05T00:58:39.853895Z,KXBTC15M-26OCT042100-00,0.9890,67.87,yes
2026-10-05T00:58:39.853895Z,KXBTC15M-26OCT042100-00,0.9890,182.12,yes
2026-10-05T00:58:39.902137Z,KXBTC15M-26OCT042100-00,0.9880,0.01,no
2026-10-05T00:58:39.902137Z,KXBTC15M-26OCT042100-00,0.9880,0.01,no
2026-10-05T00:58:39.918071Z,KXBTC15M-26OCT042100-00,0.9890,0.01,yes
2026-10-05T00:58:39.918071Z,KXBTC15M-26OCT042100-00,0.9890,200.00,yes
2026-10-05T00:58:39.918071Z,KXBTC15M-26OCT042100-00,0.9890,217.88,yes
2026-10-05T00:58:39.918071Z,KXBTC15M-26OCT042100-00,0.9890,0.01,yes
2026-10-05T00:58:39.918071Z,KXBTC15M-26OCT042100-00,0.9890,100.00,yes
2026-10-05T00:58:39.919497Z,KXBTC15M-26OCT042100-00,0.9890,500.00,yes
2026-10-05T00:58:39.922789Z,KXBTC15M-26OCT042100-00,0.9900,0.02,yes
2026-10-05T00:58:39.946119Z,KXBTC15M-26OCT042100-00,0.9880,0.01,no
2026-10-05T00:58:39.946119Z,KXBTC15M-26OCT042100-00,0.9880,60.89,no
2026-10-05T00:58:39.946119Z,KXBTC15M-26OCT042100-00,0.9880,0.01,no
2026-10-05T00:58:40.024539Z,KXBTC15M-26OCT042100-00,0.9890,0.01,yes
2026-10-05T00:58:40.024539Z,KXBTC15M-26OCT042100-00,0.9900,49.98,yes
2026-10-05T00:58:40.024539Z,KXBTC15M-26OCT042100-00,0.9890,0.01,yes
2026-10-05T00:58:40.024539Z,KXBTC15M-26OCT042100-00,0.9900,29.98,yes
2026-10-05T00:58:40.024539Z,KXBTC15M-26OCT042100-00,0.9900,0.01,yes
2026-10-05T00:58:40.024539Z,KXBTC15M-26OCT042100-00,0.9900,0.01,yes
2026-10-05T00:58:40.030507Z,KXBTC15M-26OCT042100-00,0.9890,150.00,no
2026-10-05T00:58:40.030507Z,KXBTC15M-26OCT042100-00,0.9890,18.87,no
2026-10-05T00:58:40.037504Z,KXBTC15M-26OCT042100-00,0.9900,1.00,yes
2026-10-05T00:58:40.043679Z,KXBTC15M-26OCT042100-00,0.9880,0.01,no
2026-10-05T00:58:40.043679Z,KXBTC15M-26OCT042100-00,0.9880,0.01,no
2026-10-05T00:58:40.043679Z,KXBTC15M-26OCT042100-00,0.9880,71.91,no
2026-10-05T00:58:40.043679Z,KXBTC15M-26OCT042100-00,0.9890,0.01,no
2026-10-05T00:58:40.043679Z,KXBTC15M-26OCT042100-00,0.9890,0.01,no
2026-10-05T00:58:40.052219Z,KXBTC15M-26OCT042100-00,0.9900,2.00,yes
2026-10-05T00:58:40.080951Z,KXBTC15M-26OCT042100-00,0.9890,0.01,no
2026-10-05T00:58:40.080951Z,KXBTC15M-26OCT042100-00,0.9890,0.01,no
2026-10-05T00:58:40.080951Z,KXBTC15M-26OCT042100-00,0.9880,44.48,no
2026-10-05T00:58:40.148997Z,KXBTC15M-26OCT042100-00,0.9890,3.17,no
2026-10-05T00:58:40.150658Z,KXBTC15M-26OCT042100-00,0.9900,3.63,yes
2026-10-05T00:58:40.190724Z,KXBTC15M-26OCT042100-00,0.9900,29.21,yes
2026-10-05T00:58:40.210547Z,KXBTC15M-26OCT042100-00,0.9900,2.01,yes
2026-10-05T00:58:40.246353Z,KXBTC15M-26OCT042100-00,0.9900,0.01,yes
2026-10-05T00:58:40.246353Z,KXBTC15M-26OCT042100-00,0.9900,0.01,yes
2026-10-05T00:58:40.246353Z,KXBTC15M-26OCT042100-00,0.9900,12.15,yes
2026-10-05T00:58:40.246353Z,KXBTC15M-26OCT042100-00,0.9900,2.03,yes
2026-10-05T00:58:40.250672Z,KXBTC15M-26OCT042100-00,0.9900,497.97,yes
2026-10-05T00:58:40.250672Z,KXBTC15M-26OCT042100-00,0.9900,2.03,yes
2026-10-05T00:58:40.272834Z,KXBTC15M-26OCT042100-00,0.9870,14.00,no
2026-10-05T00:58:40.272834Z,KXBTC15M-26OCT042100-00,0.9860,458.15,no
2026-10-05T00:58:40.272834Z,KXBTC15M-26OCT042100-00,0.9890,0.01,no
2026-10-05T00:58:40.272834Z,KXBTC15M-26OCT042100-00,0.9890,0.01,no
2026-10-05T00:58:40.272834Z,KXBTC15M-26OCT042100-00,0.9890,146.83,no
2026-10-05T00:58:40.272834Z,KXBTC15M-26OCT042100-00,0.9880,200.00,no
2026-10-05T00:58:40.298987Z,KXBTC15M-26OCT042100-00,0.9900,5.04,yes
2026-10-05T00:58:40.384436Z,KXBTC15M-26OCT042100-00,0.9900,0.14,yes
2026-10-05T00:58:40.385309Z,KXBTC15M-26OCT042100-00,0.9890,0.01,no
2026-10-05T00:58:40.385309Z,KXBTC15M-26OCT042100-00,0.9890,23.25,no
2026-10-05T00:58:40.385309Z,KXBTC15M-26OCT042100-00,0.9890,0.01,no
2026-10-05T00:58:40.386743Z,KXBTC15M-26OCT042100-00,0.9900,47.82,yes
2026-10-05T00:58:40.386743Z,KXBTC15M-26OCT042100-00,0.9900,400.00,yes
2026-10-05T00:58:40.386743Z,KXBTC15M-26OCT042100-00,0.9900,500.00,yes
2026-10-05T00:58:40.386743Z,KXBTC15M-26OCT042100-00,0.9900,0.01,yes
2026-10-05T00:58:40.386743Z,KXBTC15M-26OCT042100-00,0.9900,0.01,yes
2026-10-05T00:58:40.386743Z,KXBTC15M-26OCT042100-00,0.9900,100.00,yes
2026-10-05T00:58:40.386743Z,KXBTC15M-26OCT042100-00,0.9900,50.00,yes
2026-10-05T00:58:40.386743Z,KXBTC15M-26OCT042100-00,0.9900,200.00,yes
2026-10-05T00:58:40.386743Z,KXBTC15M-26OCT042100-00,0.9900,323.43,yes
2026-10-05T00:58:40.396423Z,KXBTC15M-26OCT042100-00,0.9890,50.00,no
2026-10-05T00:58:40.431489Z,KXBTC15M-26OCT042100-00,0.9900,0.01,yes
2026-10-05T00:58:40.431489Z,KXBTC15M-26OCT042100-00,0.9900,12.82,yes
2026-10-05T00:58:40.446282Z,KXBTC15M-26OCT042100-00,0.9900,18.60,yes
2026-10-05T00:58:40.455605Z,KXBTC15M-26OCT042100-00,0.9900,17.50,yes
2026-10-05T00:58:40.456031Z,KXBTC15M-26OCT042100-00,0.9900,0.01,yes
2026-10-05T00:58:40.456031Z,KXBTC15M-26OCT042100-00,0.9900,199.41,yes
2026-10-05T00:58:40.456031Z,KXBTC15M-26OCT042100-00,0.9900,0.01,yes
2026-10-05T00:58:40.456031Z,KXBTC15M-26OCT042100-00,0.9900,13.90,yes
2026-10-05T00:58:40.466342Z,KXBTC15M-26OCT042100-00,0.9910,15.00,yes
2026-10-05T00:58:40.466342Z,KXBTC15M-26OCT042100-00,0.9910,2.00,yes
2026-10-05T00:58:40.466342Z,KXBTC15M-26OCT042100-00,0.9910,15.00,yes
2026-10-05T00:58:40.466342Z,KXBTC15M-26OCT042100-00,0.9910,0.01,yes
2026-10-05T00:58:40.466342Z,KXBTC15M-26OCT042100-00,0.9910,0.01,yes
2026-10-05T00:58:40.466342Z,KXBTC15M-26OCT042100-00,0.9910,100.00,yes
2026-10-05T00:58:40.489936Z,KXBTC15M-26OCT042100-00,0.9910,21.00,no
2026-10-05T00:58:40.523635Z,KXBTC15M-26OCT042100-00,0.9910,366.47,no
2026-10-05T00:58:40.532744Z,KXBTC15M-26OCT042100-00,0.9910,592.00,no
2026-10-05T00:58:40.538431Z,KXBTC15M-26OCT042100-00,0.9910,85.02,no
2026-10-05T00:58:40.616104Z,KXBTC15M-26OCT042100-00,0.9910,77.94,no
2026-10-05T00:58:40.645354Z,KXBTC15M-26OCT042100-00,0.9910,0.25,no
2026-10-05T00:58:40.681811Z,KXBTC15M-26OCT042100-00,0.9910,85.02,no
2026-10-05T00:58:40.709695Z,KXBTC15M-26OCT042100-00,0.9920,2.00,yes
2026-10-05T00:58:40.709695Z,KXBTC15M-26OCT042100-00,0.9920,0.01,yes
2026-10-05T00:58:40.709695Z,KXBTC15M-26OCT042100-00,0.9920,1.26,yes
2026-10-05T00:58:40.709695Z,KXBTC15M-26OCT042100-00,0.9920,0.01,yes
2026-10-05T00:58:40.72215Z,KXBTC15M-26OCT042100-00,0.9910,97.00,no
2026-10-05T00:58:40.73306Z,KXBTC15M-26OCT042100-00,0.9920,398.74,yes
2026-10-05T00:58:40.73306Z,KXBTC15M-26OCT042100-00,0.9920,24.85,yes
2026-10-05T00:58:40.73306Z,KXBTC15M-26OCT042100-00,0.9920,71.00,yes
2026-10-05T00:58:40.762222Z,KXBTC15M-26OCT042100-00,0.9910,65.46,no
2026-10-05T00:58:40.807758Z,KXBTC15M-26OCT042100-00,0.9910,3.18,no
2026-10-05T00:58:40.807758Z,KXBTC15M-26OCT042100-00,0.9910,477.82,no
2026-10-05T00:58:40.808922Z,KXBTC15M-26OCT042100-00,0.9920,10.00,yes
2026-10-05T00:58:40.810882Z,KXBTC15M-26OCT042100-00,0.9920,3.02,yes
2026-10-05T00:58:40.819536Z,KXBTC15M-26OCT042100-00,0.9910,107.21,no
2026-10-05T00:58:40.897595Z,KXBTC15M-26OCT042100-00,0.9910,3.00,no
2026-10-05T00:58:40.910041Z,KXBTC15M-26OCT042100-00,0.9920,0.01,yes
2026-10-05T00:58:40.910041Z,KXBTC15M-26OCT042100-00,0.9920,38.60,yes
2026-10-05T00:58:40.910041Z,KXBTC15M-26OCT042100-00,0.9920,62.13,yes
2026-10-05T00:58:40.910041Z,KXBTC15M-26OCT042100-00,0.9920,0.01,yes
2026-10-05T00:58:41.067733Z,KXBTC15M-26OCT042100-00,0.9920,2.65,yes
2026-10-05T00:58:41.1243Z,KXBTC15M-26OCT042100-00,0.9910,366.00,no
2026-10-05T00:58:41.131533Z,KXBTC15M-26OCT042100-00,0.9910,15.00,no
2026-10-05T00:58:41.131533Z,KXBTC15M-26OCT042100-00,0.9910,15.00,no
2026-10-05T00:58:41.131533Z,KXBTC15M-26OCT042100-00,0.9910,0.01,no
2026-10-05T00:58:41.131533Z,KXBTC15M-26OCT042100-00,0.9910,0.01,no
2026-10-05T00:58:41.131533Z,KXBTC15M-26OCT042100-00,0.9910,69.73,no
2026-10-05T00:58:41.187449Z,KXBTC15M-26OCT042100-00,0.9920,251.87,yes
2026-10-05T00:58:41.205712Z,KXBTC15M-26OCT042100-00,0.9910,0.01,no
2026-10-05T00:58:41.205712Z,KXBTC15M-26OCT042100-00,0.9910,0.01,no
2026-10-05T00:58:41.21446Z,KXBTC15M-26OCT042100-00,0.9900,3.99,no
2026-10-05T00:58:41.21446Z,KXBTC15M-26OCT042100-00,0.9910,0.01,no
2026-10-05T00:58:41.222568Z,KXBTC15M-26OCT042100-00,0.9900,12.77,no
2026-10-05T00:58:41.222568Z,KXBTC15M-26OCT042100-00,0.9910,0.01,no
2026-10-05T00:58:41.262182Z,KXBTC15M-26OCT042100-00,0.9920,1.00,yes
2026-10-05T00:58:41.268696Z,KXBTC15M-26OCT042100-00,0.9920,6.17,yes
2026-10-05T00:58:41.283945Z,KXBTC15M-26OCT042100-00,0.9900,31.29,no
2026-10-05T00:58:41.283945Z,KXBTC15M-26OCT042100-00,0.9910,0.01,no
2026-10-05T00:58:41.283945Z,KXBTC15M-26OCT042100-00,0.9910,0.01,no
2026-10-05T00:58:41.291237Z,KXBTC15M-26OCT042100-00,0.9900,8.15,no
2026-10-05T00:58:41.30174Z,KXBTC15M-26OCT042100-00,0.9900,35.64,no
2026-10-05T00:58:41.368442Z,KXBTC15M-26OCT042100-00,0.9950,10.00,yes
2026-10-05T00:58:41.368442Z,KXBTC15M-26OCT042100-00,0.9950,10.00,yes
2026-10-05T00:58:41.368442Z,KXBTC15M-26OCT042100-00,0.9930,64.00,yes
2026-10-05T00:58:41.368442Z,KXBTC15M-26OCT042100-00,0.9920,0.01,yes
2026-10-05T00:58:41.368442Z,KXBTC15M-26OCT042100-00,0.9920,99.71,yes
2026-10-05T00:58:41.368442Z,KXBTC15M-26OCT042100-00,0.9930,200.00,yes
2026-10-05T00:58:41.368442Z,KXBTC15M-26OCT042100-00,0.9940,2.00,yes
2026-10-05T00:58:41.368442Z,KXBTC15M-26OCT042100-00,0.9950,2.00,yes
2026-10-05T00:58:41.368442Z,KXBTC15M-26OCT042100-00,0.9950,732.00,yes
2026-10-05T00:58:41.368442Z,KXBTC15M-26OCT042100-00,0.9940,16.00,yes
2026-10-05T00:58:41.368442Z,KXBTC15M-26OCT042100-00,0.9920,200.00,yes
2026-10-05T00:58:41.368442Z,KXBTC15M-26OCT042100-00,0.9920,0.01,yes
2026-10-05T00:58:41.368442Z,KXBTC15M-26OCT042100-00,0.9950,2.00,yes
2026-10-05T00:58:41.368442Z,KXBTC15M-26OCT042100-00,0.9920,100.00,yes
2026-10-05T00:58:41.368442Z,KXBTC15M-26OCT042100-00,0.9940,2.00,yes
2026-10-05T00:58:41.368442Z,KXBTC15M-26OCT042100-00,0.9950,93.75,yes
2026-10-05T00:58:41.368442Z,KXBTC15M-26OCT042100-00,0.9950,15.00,yes
2026-10-05T00:58:41.368442Z,KXBTC15M-26OCT042100-00,0.9920,500.00,yes
2026-10-05T00:58:41.368442Z,KXBTC15M-26OCT042100-00,0.9920,15.00,yes
2026-10-05T00:58:41.368442Z,KXBTC15M-26OCT042100-00,0.9920,15.00,yes
2026-10-05T00:58:41.368442Z,KXBTC15M-26OCT042100-00,0.9950,93.75,yes
2026-10-05T00:58:41.368442Z,KXBTC15M-26OCT042100-00,0.9950,64.00,yes
2026-10-05T00:58:41.368442Z,KXBTC15M-26OCT042100-00,0.9920,500.00,yes
2026-10-05T00:58:41.368442Z,KXBTC15M-26OCT042100-00,0.9950,64.00,yes
2026-10-05T00:58:41.368442Z,KXBTC15M-26OCT042100-00,0.9950,492.55,yes
2026-10-05T00:58:41.368442Z,KXBTC15M-26OCT042100-00,0.9930,2.00,yes
2026-10-05T00:58:41.368442Z,KXBTC15M-26OCT042100-00,0.9940,13.27,yes
2026-10-05T00:58:41.368442Z,KXBTC15M-26OCT042100-00,0.9950,15.00,yes
2026-10-05T00:58:41.368442Z,KXBTC15M-26OCT042100-00,0.9930,2.00,yes
2026-10-05T00:58:41.368442Z,KXBTC15M-26OCT042100-00,0.9960,10.00,yes
2026-10-05T00:58:41.368442Z,KXBTC15M-26OCT042100-00,0.9960,100.00,yes
2026-10-05T00:58:41.368442Z,KXBTC15M-26OCT042100-00,0.9960,1800.00,yes
2026-10-05T00:58:41.368442Z,KXBTC15M-26OCT042100-00,0.9960,120.00,yes
2026-10-05T00:58:41.368442Z,KXBTC15M-26OCT042100-00,0.9960,1800.00,yes
2026-10-05T00:58:41.368442Z,KXBTC15M-26OCT042100-00,0.9960,1800.00,yes
2026-10-05T00:58:41.368442Z,KXBTC15M-26OCT042100-00,0.9970,555.16,yes
2026-10-05T00:58:41.368442Z,KXBTC15M-26OCT042100-00,0.9960,512.00,yes
2026-10-05T00:58:41.368442Z,KXBTC15M-26OCT042100-00,0.9960,13.00,yes
2026-10-05T00:58:41.368442Z,KXBTC15M-26OCT042100-00,0.9960,1.00,yes
2026-10-05T00:58:41.368442Z,KXBTC15M-26OCT042100-00,0.9960,1.00,yes
2026-10-05T00:58:41.368442Z,KXBTC15M-26OCT042100-00,0.9960,1.00,yes
2026-10-05T00:58:41.368442Z,KXBTC15M-26OCT042100-00,0.9960,1.00,yes
2026-10-05T00:58:41.368442Z,KXBTC15M-26OCT042100-00,0.9960,1.00,yes
2026-10-05T00:58:41.380555Z,KXBTC15M-26OCT042100-00,0.9930,0.01,yes
2026-10-05T00:58:41.380555Z,KXBTC15M-26OCT042100-00,0.9950,64.00,yes
2026-10-05T00:58:41.380555Z,KXBTC15M-26OCT042100-00,0.9920,400.00,yes
2026-10-05T00:58:41.380555Z,KXBTC15M-26OCT042100-00,0.9930,0.01,yes
2026-10-05T00:58:41.380555Z,KXBTC15M-26OCT042100-00,0.9920,11.00,yes
2026-10-05T00:58:41.380555Z,KXBTC15M-26OCT042100-00,0.9950,53.98,yes
2026-10-05T00:58:41.380555Z,KXBTC15M-26OCT042100-00,0.9940,16.00,yes
2026-10-05T00:58:41.417718Z,KXBTC15M-26OCT042100-00,0.9910,279.00,no
2026-10-05T00:58:41.460479Z,KXBTC15M-26OCT042100-00,0.9920,100.00,yes
2026-10-05T00:58:41.460479Z,KXBTC15M-26OCT042100-00,0.9920,0.01,yes
2026-10-05T00:58:41.460479Z,KXBTC15M-26OCT042100-00,0.9920,400.00,yes
2026-10-05T00:58:41.460479Z,KXBTC15M-26OCT042100-00,0.9920,0.01,yes
2026-10-05T00:58:41.473341Z,KXBTC15M-26OCT042100-00,0.9960,13.60,yes
2026-10-05T00:58:41.483195Z,KXBTC15M-26OCT042100-00,0.9940,27.88,yes
2026-10-05T00:58:41.483195Z,KXBTC15M-26OCT042100-00,0.9920,0.01,yes
2026-10-05T00:58:41.483195Z,KXBTC15M-26OCT042100-00,0.9920,0.01,yes
2026-10-05T00:58:41.485237Z,KXBTC15M-26OCT042100-00,0.9910,51.95,no
2026-10-05T00:58:41.513143Z,KXBTC15M-26OCT042100-00,0.9910,101.83,no
2026-10-05T00:58:41.514161Z,KXBTC15M-26OCT042100-00,0.9920,44.31,yes
2026-10-05T00:58:41.514161Z,KXBTC15M-26OCT042100-00,0.9920,0.01,yes
2026-10-05T00:58:41.514161Z,KXBTC15M-26OCT042100-00,0.9920,0.01,yes
2026-10-05T00:58:41.540342Z,KXBTC15M-26OCT042100-00,0.9910,1.26,no
2026-10-05T00:58:41.543986Z,KXBTC15M-26OCT042100-00,0.9910,66.49,no
2026-10-05T00:58:41.551638Z,KXBTC15M-26OCT042100-00,0.9920,0.01,yes
2026-10-05T00:58:41.551638Z,KXBTC15M-26OCT042100-00,0.9920,0.01,yes
2026-10-05T00:58:41.551638Z,KXBTC15M-26OCT042100-00,0.9920,207.71,yes
2026-10-05T00:58:41.551638Z,KXBTC15M-26OCT042100-00,0.9920,100.00,yes
2026-10-05T00:58:41.573715Z,KXBTC15M-26OCT042100-00,0.9920,10.07,yes
2026-10-05T00:58:41.59318Z,KXBTC15M-26OCT042100-00,0.9910,120.00,no
2026-10-05T00:58:41.59318Z,KXBTC15M-26OCT042100-00,0.9910,72.16,no
2026-10-05T00:58:41.59318Z,KXBTC15M-26OCT042100-00,0.9910,0.01,no
2026-10-05T00:58:41.59318Z,KXBTC15M-26OCT042100-00,0.9910,0.01,no
2026-10-05T00:58:41.59318Z,KXBTC15M-26OCT042100-00,0.9910,11.47,no
2026-10-05T00:58:41.667642Z,KXBTC15M-26OCT042100-00,0.9910,93.51,no
2026-10-05T00:58:41.700554Z,KXBTC15M-26OCT042100-00,0.9910,212.00,no
2026-10-05T00:58:41.723437Z,KXBTC15M-26OCT042100-00,0.9910,187.03,no
2026-10-05T00:58:41.725055Z,KXBTC15M-26OCT042100-00,0.9910,15.00,no
2026-10-05T00:58:41.725055Z,KXBTC15M-26OCT042100-00,0.9910,1235.30,no
2026-10-05T00:58:41.725055Z,KXBTC15M-26OCT042100-00,0.9910,15.00,no
2026-10-05T00:58:41.725055Z,KXBTC15M-26OCT042100-00,0.9910,1332.28,no
2026-10-05T00:58:41.733257Z,KXBTC15M-26OCT042100-00,0.9920,5.91,yes
2026-10-05T00:58:41.733257Z,KXBTC15M-26OCT042100-00,0.9920,24.12,yes
2026-10-05T00:58:41.745878Z,KXBTC15M-26OCT042100-00,0.9910,447.20,no
2026-10-05T00:58:41.782489Z,KXBTC15M-26OCT042100-00,0.9920,189.41,yes
2026-10-05T00:58:41.799202Z,KXBTC15M-26OCT042100-00,0.9920,2.01,yes
2026-10-05T00:58:41.812637Z,KXBTC15M-26OCT042100-00,0.9920,27.58,yes
2026-10-05T00:58:41.854264Z,KXBTC15M-26OCT042100-00,0.9910,20.52,no
2026-10-05T00:58:41.854264Z,KXBTC15M-26OCT042100-00,0.9910,72.99,no
2026-10-05T00:58:41.858306Z,KXBTC15M-26OCT042100-00,0.9910,37.73,no
2026-10-05T00:58:41.884602Z,KXBTC15M-26OCT042100-00,0.9920,19.14,yes
2026-10-05T00:58:41.885464Z,KXBTC15M-26OCT042100-00,0.9920,100.74,yes
2026-10-05T00:58:41.908064Z,KXBTC15M-26OCT042100-00,0.9920,19.78,yes
2026-10-05T00:58:41.914688Z,KXBTC15M-26OCT042100-00,0.9920,10.07,yes
2026-10-05T00:58:41.928691Z,KXBTC15M-26OCT042100-00,0.9920,0.01,yes
2026-10-05T00:58:41.928691Z,KXBTC15M-26OCT042100-00,0.9920,7.15,yes
2026-10-05T00:58:41.928691Z,KXBTC15M-26OCT042100-00,0.9920,44.26,yes
2026-10-05T00:58:41.928691Z,KXBTC15M-26OCT042100-00,0.9920,100.00,yes
2026-10-05T00:58:41.928691Z,KXBTC15M-26OCT042100-00,0.9920,0.01,yes
2026-10-05T00:58:41.977643Z,KXBTC15M-26OCT042100-00,0.9920,3.91,yes
2026-10-05T00:58:41.998813Z,KXBTC15M-26OCT042100-00,0.9920,2.01,yes
2026-10-05T00:58:42.006833Z,KXBTC15M-26OCT042100-00,0.9920,5.39,yes
2026-10-05T00:58:42.022302Z,KXBTC15M-26OCT042100-00,0.9920,16.21,yes
2026-10-05T00:58:42.022302Z,KXBTC15M-26OCT042100-00,0.9920,0.01,yes
2026-10-05T00:58:42.022302Z,KXBTC15M-26OCT042100-00,0.9920,0.01,yes
2026-10-05T00:58:42.022302Z,KXBTC15M-26OCT042100-00,0.9920,15.00,yes
2026-10-05T00:58:42.022302Z,KXBTC15M-26OCT042100-00,0.9920,15.00,yes
2026-10-05T00:58:42.022302Z,KXBTC15M-26OCT042100-00,0.9920,100.00,yes
2026-10-05T00:58:42.022302Z,KXBTC15M-26OCT042100-00,0.9920,400.00,yes
2026-10-05T00:58:42.022302Z,KXBTC15M-26OCT042100-00,0.9920,200.00,yes
2026-10-05T00:58:42.037389Z,KXBTC15M-26OCT042100-00,0.9910,32.00,no
2026-10-05T00:58:42.085175Z,KXBTC15M-26OCT042100-00,0.9920,0.01,yes
2026-10-05T00:58:42.085175Z,KXBTC15M-26OCT042100-00,0.9920,51.36,yes
2026-10-05T00:58:42.085175Z,KXBTC15M-26OCT042100-00,0.9920,0.01,yes
2026-10-05T00:58:42.144898Z,KXBTC15M-26OCT042100-00,0.9910,92.60,no
2026-10-05T00:58:42.146138Z,KXBTC15M-26OCT042100-00,0.9910,101.83,no
2026-10-05T00:58:42.171091Z,KXBTC15M-26OCT042100-00,0.9910,461.99,no
2026-10-05T00:58:42.297477Z,KXBTC15M-26OCT042100-00,0.9920,216.61,yes
2026-10-05T00:58:42.30555Z,KXBTC15M-26OCT042100-00,0.9910,34.13,no
2026-10-05T00:58:42.314763Z,KXBTC15M-26OCT042100-00,0.9910,6.31,no
2026-10-05T00:58:42.387076Z,KXBTC15M-26OCT042100-00,0.9910,1.04,no
2026-10-05T00:58:42.414124Z,KXBTC15M-26OCT042100-00,0.9920,400.00,yes
2026-10-05T00:58:42.414124Z,KXBTC15M-26OCT042100-00,0.9920,100.00,yes
2026-10-05T00:58:42.414124Z,KXBTC15M-26OCT042100-00,0.9920,0.01,yes
2026-10-05T00:58:42.414124Z,KXBTC15M-26OCT042100-00,0.9920,0.01,yes
2026-10-05T00:58:42.436685Z,KXBTC15M-26OCT042100-00,0.9910,162.00,no
2026-10-05T00:58:42.441158Z,KXBTC15M-26OCT042100-00,0.9910,10.50,no
2026-10-05T00:58:42.451787Z,KXBTC15M-26OCT042100-00,0.9920,400.00,yes
2026-10-05T00:58:42.451787Z,KXBTC15M-26OCT042100-00,0.9920,0.01,yes
2026-10-05T00:58:42.451787Z,KXBTC15M-26OCT042100-00,0.9920,100.00,yes
2026-10-05T00:58:42.451787Z,KXBTC15M-26OCT042100-00,0.9920,0.01,yes
2026-10-05T00:58:42.497845Z,KXBTC15M-26OCT042100-00,0.9920,400.00,yes
2026-10-05T00:58:42.497845Z,KXBTC15M-26OCT042100-00,0.9930,0.01,yes
2026-10-05T00:58:42.497845Z,KXBTC15M-26OCT042100-00,0.9940,200.00,yes
2026-10-05T00:58:42.497845Z,KXBTC15M-26OCT042100-00,0.9940,0.01,yes
2026-10-05T00:58:42.497845Z,KXBTC15M-26OCT042100-00,0.9930,0.01,yes
2026-10-05T00:58:42.497845Z,KXBTC15M-26OCT042100-00,0.9940,0.01,yes
2026-10-05T00:58:42.497845Z,KXBTC15M-26OCT042100-00,0.9940,55.00,yes
2026-10-05T00:58:42.51458Z,KXBTC15M-26OCT042100-00,0.9910,10.39,no
2026-10-05T00:58:42.517977Z,KXBTC15M-26OCT042100-00,0.9910,203.65,no
2026-10-05T00:58:42.523307Z,KXBTC15M-26OCT042100-00,0.9910,0.99,no
2026-10-05T00:58:42.523312Z,KXBTC15M-26OCT042100-00,0.9910,101.83,no
2026-10-05T00:58:42.552923Z,KXBTC15M-26OCT042100-00,0.9920,400.00,yes
2026-10-05T00:58:42.552923Z,KXBTC15M-26OCT042100-00,0.9920,0.01,yes
2026-10-05T00:58:42.552923Z,KXBTC15M-26OCT042100-00,0.9920,0.01,yes
2026-10-05T00:58:42.552923Z,KXBTC15M-26OCT042100-00,0.9920,100.00,yes
2026-10-05T00:58:42.555795Z,KXBTC15M-26OCT042100-00,0.9960,3.57,yes
2026-10-05T00:58:42.569014Z,KXBTC15M-26OCT042100-00,0.9910,20.68,no
2026-10-05T00:58:42.598374Z,KXBTC15M-26OCT042100-00,0.9920,100.00,yes
2026-10-05T00:58:42.598374Z,KXBTC15M-26OCT042100-00,0.9920,0.01,yes
2026-10-05T00:58:42.598374Z,KXBTC15M-26OCT042100-00,0.9920,0.01,yes
2026-10-05T00:58:42.645611Z,KXBTC15M-26OCT042100-00,0.9910,200.00,no
2026-10-05T00:58:42.645611Z,KXBTC15M-26OCT042100-00,0.9910,15.00,no
2026-10-05T00:58:42.645611Z,KXBTC15M-26OCT042100-00,0.9910,0.01,no
2026-10-05T00:58:42.645611Z,KXBTC15M-26OCT042100-00,0.9910,449.34,no
2026-10-05T00:58:42.645611Z,KXBTC15M-26OCT042100-00,0.9910,0.01,no
2026-10-05T00:58:42.645611Z,KXBTC15M-26OCT042100-00,0.9910,500.00,no
2026-10-05T00:58:42.645611Z,KXBTC15M-26OCT042100-00,0.9910,275.64,no
2026-10-05T00:58:42.649172Z,KXBTC15M-26OCT042100-00,0.9920,0.01,yes
2026-10-05T00:58:42.649172Z,KXBTC15M-26OCT042100-00,0.9920,100.00,yes
2026-10-05T00:58:42.649172Z,KXBTC15M-26OCT042100-00,0.9920,0.01,yes
2026-10-05T00:58:42.649172Z,KXBTC15M-26OCT042100-00,0.9920,400.00,yes
2026-10-05T00:58:42.694358Z,KXBTC15M-26OCT042100-00,0.9920,0.01,yes
2026-10-05T00:58:42.694358Z,KXBTC15M-26OCT042100-00,0.9920,15.00,yes
2026-10-05T00:58:42.694358Z,KXBTC15M-26OCT042100-00,0.9920,0.01,yes
2026-10-05T00:58:42.725662Z,KXBTC15M-26OCT042100-00,0.9910,0.01,no
2026-10-05T00:58:42.725662Z,KXBTC15M-26OCT042100-00,0.9910,75.62,no
2026-10-05T00:58:42.725662Z,KXBTC15M-26OCT042100-00,0.9910,0.01,no
2026-10-05T00:58:42.725662Z,KXBTC15M-26OCT042100-00,0.9910,200.00,no
2026-10-05T00:58:42.725662Z,KXBTC15M-26OCT042100-00,0.9910,224.36,no
2026-10-05T00:58:42.768543Z,KXBTC15M-26OCT042100-00,0.9920,0.01,yes
2026-10-05T00:58:42.768543Z,KXBTC15M-26OCT042100-00,0.9950,14.00,yes
2026-10-05T00:58:42.768543Z,KXBTC15M-26OCT042100-00,0.9960,915.00,yes
2026-10-05T00:58:42.768543Z,KXBTC15M-26OCT042100-00,0.9960,48.62,yes
2026-10-05T00:58:42.768543Z,KXBTC15M-26OCT042100-00,0.9940,0.01,yes
2026-10-05T00:58:42.768543Z,KXBTC15M-26OCT042100-00,0.9920,0.01,yes
2026-10-05T00:58:42.768543Z,KXBTC15M-26OCT042100-00,0.9960,6.43,yes
2026-10-05T00:58:42.80118Z,KXBTC15M-26OCT042100-00,0.9940,0.01,yes
2026-10-05T00:58:42.80118Z,KXBTC15M-26OCT042100-00,0.9950,0.73,yes
2026-10-05T00:58:42.80118Z,KXBTC15M-26OCT042100-00,0.9940,0.01,yes
2026-10-05T00:58:42.838249Z,KXBTC15M-26OCT042100-00,0.9940,2.01,yes
2026-10-05T00:58:42.858979Z,KXBTC15M-26OCT042100-00,0.9910,0.01,no
2026-10-05T00:58:42.858979Z,KXBTC15M-26OCT042100-00,0.9910,294.10,no
2026-10-05T00:58:42.858979Z,KXBTC15M-26OCT042100-00,0.9910,200.00,no
2026-10-05T00:58:42.858979Z,KXBTC15M-26OCT042100-00,0.9910,15.00,no
2026-10-05T00:58:42.858979Z,KXBTC15M-26OCT042100-00,0.9910,0.01,no
2026-10-05T00:58:42.865242Z,KXBTC15M-26OCT042100-00,0.9910,10.39,no
2026-10-05T00:58:42.866118Z,KXBTC15M-26OCT042100-00,0.9910,10.61,no
2026-10-05T00:58:42.884854Z,KXBTC15M-26OCT042100-00,0.9910,25.97,no
2026-10-05T00:58:42.885787Z,KXBTC15M-26OCT042100-00,0.9910,163.47,no
2026-10-05T00:58:42.885787Z,KXBTC15M-26OCT042100-00,0.9910,100.00,no
2026-10-05T00:58:42.885787Z,KXBTC15M-26OCT042100-00,0.9910,158.93,no
2026-10-05T00:58:42.885787Z,KXBTC15M-26OCT042100-00,0.9910,500.00,no
2026-10-05T00:58:42.894983Z,KXBTC15M-26OCT042100-00,0.9920,0.01,yes
2026-10-05T00:58:42.894983Z,KXBTC15M-26OCT042100-00,0.9940,0.01,yes
2026-10-05T00:58:42.894983Z,KXBTC15M-26OCT042100-00,0.9950,0.01,yes
2026-10-05T00:58:42.894983Z,KXBTC15M-26OCT042100-00,0.9960,56.00,yes
2026-10-05T00:58:42.894983Z,KXBTC15M-26OCT042100-00,0.9950,0.01,yes
2026-10-05T00:58:42.894983Z,KXBTC15M-26OCT042100-00,0.9940,0.01,yes
2026-10-05T00:58:42.894983Z,KXBTC15M-26OCT042100-00,0.9920,15.00,yes
2026-10-05T00:58:42.894983Z,KXBTC15M-26OCT042100-00,0.9920,0.01,yes
2026-10-05T00:58:42.894983Z,KXBTC15M-26OCT042100-00,0.9940,16.00,yes
2026-10-05T00:58:42.894983Z,KXBTC15M-26OCT042100-00,0.9970,504.20,yes
2026-10-05T00:58:42.906769Z,KXBTC15M-26OCT042100-00,0.9950,15.00,yes
2026-10-05T00:58:42.906769Z,KXBTC15M-26OCT042100-00,0.9950,64.00,yes
2026-10-05T00:58:42.906769Z,KXBTC15M-26OCT042100-00,0.9950,93.75,yes
2026-10-05T00:58:42.906769Z,KXBTC15M-26OCT042100-00,0.9950,93.75,yes
2026-10-05T00:58:42.906769Z,KXBTC15M-26OCT042100-00,0.9950,14.00,yes
2026-10-05T00:58:42.926943Z,KXBTC15M-26OCT042100-00,0.9960,103.91,no
2026-10-05T00:58:42.947415Z,KXBTC15M-26OCT042100-00,0.9960,0.23,no
2026-10-05T00:58:42.985782Z,KXBTC15M-26OCT042100-00,0.9960,0.01,no
2026-10-05T00:58:42.985782Z,KXBTC15M-26OCT042100-00,0.9960,0.01,no
2026-10-05T00:58:42.985782Z,KXBTC15M-26OCT042100-00,0.9910,17.00,no
2026-10-05T00:58:42.985782Z,KXBTC15M-26OCT042100-00,0.9950,44.00,no
2026-10-05T00:58:42.985782Z,KXBTC15M-26OCT042100-00,0.9960,70.36,no
2026-10-05T00:58:42.985782Z,KXBTC15M-26OCT042100-00,0.9960,15.00,no
2026-10-05T00:58:42.985782Z,KXBTC15M-26OCT042100-00,0.9950,200.00,no
2026-10-05T00:58:42.985782Z,KXBTC15M-26OCT042100-00,0.9910,119.00,no
2026-10-05T00:58:43.035244Z,KXBTC15M-26OCT042100-00,0.9900,37.61,no
2026-10-05T00:58:43.069042Z,KXBTC15M-26OCT042100-00,0.9910,30.31,yes
2026-10-05T00:58:43.189749Z,KXBTC15M-26OCT042100-00,0.9900,26.26,no
2026-10-05T00:58:43.212612Z,KXBTC15M-26OCT042100-00,0.9900,31.00,no
2026-10-05T00:58:43.21613Z,KXBTC15M-26OCT042100-00,0.9910,0.01,yes
2026-10-05T00:58:43.21613Z,KXBTC15M-26OCT042100-00,0.9910,4.31,yes
2026-10-05T00:58:43.21613Z,KXBTC15M-26OCT042100-00,0.9910,0.01,yes
2026-10-05T00:58:43.21613Z,KXBTC15M-26OCT042100-00,0.9910,20.74,yes
2026-10-05T00:58:43.253463Z,KXBTC15M-26OCT042100-00,0.9910,14.49,yes
2026-10-05T00:58:43.376044Z,KXBTC15M-26OCT042100-00,0.9910,3.94,yes
2026-10-05T00:58:43.376044Z,KXBTC15M-26OCT042100-00,0.9910,193.57,yes
2026-10-05T00:58:43.378247Z,KXBTC15M-26OCT042100-00,0.9900,99.96,no
2026-10-05T00:58:43.378247Z,KXBTC15M-26OCT042100-00,0.9900,50.00,no
2026-10-05T00:58:43.378247Z,KXBTC15M-26OCT042100-00,0.9900,2.00,no
2026-10-05T00:58:43.378247Z,KXBTC15M-26OCT042100-00,0.9900,1.00,no
2026-10-05T00:58:43.378247Z,KXBTC15M-26OCT042100-00,0.9900,99.70,no
2026-10-05T00:58:43.4186Z,KXBTC15M-26OCT042100-00,0.9950,32.33,yes
2026-10-05T00:58:43.432829Z,KXBTC15M-26OCT042100-00,0.9900,194.74,no
2026-10-05T00:58:43.432829Z,KXBTC15M-26OCT042100-00,0.9900,50.30,no
2026-10-05T00:58:43.486597Z,KXBTC15M-26OCT042100-00,0.9950,21.09,yes
2026-10-05T00:58:43.547927Z,KXBTC15M-26OCT042100-00,0.9910,175.00,yes
2026-10-05T00:58:43.547927Z,KXBTC15M-26OCT042100-00,0.9950,100.00,yes
2026-10-05T00:58:43.547927Z,KXBTC15M-26OCT042100-00,0.9950,178.91,yes
2026-10-05T00:58:43.547927Z,KXBTC15M-26OCT042100-00,0.9950,148.64,yes
2026-10-05T00:58:43.602588Z,KXBTC15M-26OCT042100-00,0.9950,8.51,yes
2026-10-05T00:58:43.612985Z,KXBTC15M-26OCT042100-00,0.9950,2.81,yes
2026-10-05T00:58:43.719254Z,KXBTC15M-26OCT042100-00,0.9900,54.49,no
2026-10-05T00:58:43.719254Z,KXBTC15M-26OCT042100-00,0.9910,17.00,no
2026-10-05T00:58:43.719254Z,KXBTC15M-26OCT042100-00,0.9910,0.01,no
2026-10-05T00:58:43.719254Z,KXBTC15M-26OCT042100-00,0.9910,15.00,no
2026-10-05T00:58:43.719254Z,KXBTC15M-26OCT042100-00,0.9910,0.01,no
2026-10-05T00:58:43.719254Z,KXBTC15M-26OCT042100-00,0.9910,7.00,no
2026-10-05T00:58:43.730655Z,KXBTC15M-26OCT042100-00,0.9950,4.93,yes
2026-10-05T00:58:43.733268Z,KXBTC15M-26OCT042100-00,0.9950,51.20,yes
2026-10-05T00:58:43.733268Z,KXBTC15M-26OCT042100-00,0.9920,15.00,yes
2026-10-05T00:58:43.798404Z,KXBTC15M-26OCT042100-00,0.9900,88.66,no
2026-10-05T00:58:43.798404Z,KXBTC15M-26OCT042100-00,0.9910,0.01,no
2026-10-05T00:58:43.798404Z,KXBTC15M-26OCT042100-00,0.9910,17.00,no
2026-10-05T00:58:43.798404Z,KXBTC15M-26OCT042100-00,0.9910,0.01,no
2026-10-05T00:58:43.798404Z,KXBTC15M-26OCT042100-00,0.9910,5.00,no
2026-10-05T00:58:43.890632Z,KXBTC15M-26OCT042100-00,0.9910,0.01,no
2026-10-05T00:58:43.890632Z,KXBTC15M-26OCT042100-00,0.9910,0.21,no
2026-10-05T00:58:43.890632Z,KXBTC15M-26OCT042100-00,0.9910,17.00,no
2026-10-05T00:58:43.890632Z,KXBTC15M-26OCT042100-00,0.9910,0.01,no
2026-10-05T00:58:43.958478Z,KXBTC15M-26OCT042100-00,0.9940,37.21,yes
2026-10-05T00:58:43.96706Z,KXBTC15M-26OCT042100-00,0.9910,154.05,no
2026-10-05T00:58:43.96706Z,KXBTC15M-26OCT042100-00,0.9910,0.01,no
2026-10-05T00:58:43.96706Z,KXBTC15M-26OCT042100-00,0.9910,17.00,no
2026-10-05T00:58:43.96706Z,KXBTC15M-26OCT042100-00,0.9910,0.01,no
2026-10-05T00:58:43.96706Z,KXBTC15M-26OCT042100-00,0.9910,200.00,no
2026-10-05T00:58:43.96706Z,KXBTC15M-26OCT042100-00,0.9910,100.00,no
2026-10-05T00:58:43.976001Z,KXBTC15M-26OCT042100-00,0.9940,9.02,yes
2026-10-05T00:58:44.107143Z,KXBTC15M-26OCT042100-00,0.9910,2.00,no
2026-10-05T00:58:44.107143Z,KXBTC15M-26OCT042100-00,0.9910,0.01,no
2026-10-05T00:58:44.107143Z,KXBTC15M-26OCT042100-00,0.9910,17.00,no
2026-10-05T00:58:44.107143Z,KXBTC15M-26OCT042100-00,0.9910,0.01,no
2026-10-05T00:58:44.138095Z,KXBTC15M-26OCT042100-00,0.9910,7.26,no
2026-10-05T00:58:44.163122Z,KXBTC15M-26OCT042100-00,0.9910,17.00,no
2026-10-05T00:58:44.163122Z,KXBTC15M-26OCT042100-00,0.9910,0.01,no
2026-10-05T00:58:44.163122Z,KXBTC15M-26OCT042100-00,0.9910,0.01,no
2026-10-05T00:58:44.181761Z,KXBTC15M-26OCT042100-00,0.9900,60.00,no
2026-10-05T00:58:44.220144Z,KXBTC15M-26OCT042100-00,0.9910,75.08,yes
2026-10-05T00:58:44.230118Z,KXBTC15M-26OCT042100-00,0.9900,18.70,no
2026-10-05T00:58:44.292116Z,KXBTC15M-26OCT042100-00,0.9900,12.61,no
2026-10-05T00:58:44.319158Z,KXBTC15M-26OCT042100-00,0.9900,47.34,no
2026-10-05T00:58:44.328474Z,KXBTC15M-26OCT042100-00,0.9910,7.90,yes
2026-10-05T00:58:44.328474Z,KXBTC15M-26OCT042100-00,0.9910,0.01,yes
2026-10-05T00:58:44.328474Z,KXBTC15M-26OCT042100-00,0.9910,0.01,yes
2026-10-05T00:58:44.336674Z,KXBTC15M-26OCT042100-00,0.9920,321.34,no
2026-10-05T00:58:44.382107Z,KXBTC15M-26OCT042100-00,0.9950,0.01,yes
2026-10-05T00:58:44.382107Z,KXBTC15M-26OCT042100-00,0.9950,139.67,yes
2026-10-05T00:58:44.382107Z,KXBTC15M-26OCT042100-00,0.9950,0.01,yes
2026-10-05T00:58:44.40209Z,KXBTC15M-26OCT042100-00,0.9920,36.33,no
2026-10-05T00:58:44.409149Z,KXBTC15M-26OCT042100-00,0.9950,34.15,yes
2026-10-05T00:58:44.444538Z,KXBTC15M-26OCT042100-00,0.9950,7.12,yes
2026-10-05T00:58:44.452586Z,KXBTC15M-26OCT042100-00,0.9920,187.03,no
2026-10-05T00:58:44.460108Z,KXBTC15M-26OCT042100-00,0.9920,103.91,no
2026-10-05T00:58:44.480774Z,KXBTC15M-26OCT042100-00,0.9920,36.33,no
2026-10-05T00:58:44.515105Z,KXBTC15M-26OCT042100-00,0.9920,538.99,no
2026-10-05T00:58:44.528517Z,KXBTC15M-26OCT042100-00,0.9950,22.32,yes
2026-10-05T00:58:44.542996Z,KXBTC15M-26OCT042100-00,0.9920,36.33,no
2026-10-05T00:58:44.547557Z,KXBTC15M-26OCT042100-00,0.9920,32.73,no
2026-10-05T00:58:44.55812Z,KXBTC15M-26OCT042100-00,0.9920,9.67,no
2026-10-05T00:58:44.573605Z,KXBTC15M-26OCT042100-00,0.9950,4.93,yes
2026-10-05T00:58:44.576639Z,KXBTC15M-26OCT042100-00,0.9950,10.05,yes
2026-10-05T00:58:44.591198Z,KXBTC15M-26OCT042100-00,0.9920,20.78,no
2026-10-05T00:58:44.597484Z,KXBTC15M-26OCT042100-00,0.9920,2.38,no
2026-10-05T00:58:44.607323Z,KXBTC15M-26OCT042100-00,0.9920,455.55,no
2026-10-05T00:58:44.60961Z,KXBTC15M-26OCT042100-00,0.9920,36.33,no
2026-10-05T00:58:44.611104Z,KXBTC15M-26OCT042100-00,0.9920,6.47,no
2026-10-05T00:58:44.666618Z,KXBTC15M-26OCT042100-00,0.9950,0.95,yes
2026-10-05T00:58:44.692635Z,KXBTC15M-26OCT042100-00,0.9950,24.63,yes
2026-10-05T00:58:44.694335Z,KXBTC15M-26OCT042100-00,0.9920,36.33,no
2026-10-05T00:58:44.710488Z,KXBTC15M-26OCT042100-00,0.9920,10.39,no
2026-10-05T00:58:44.762477Z,KXBTC15M-26OCT042100-00,0.9920,36.33,no
2026-10-05T00:58:44.801941Z,KXBTC15M-26OCT042100-00,0.9920,8.81,no
2026-10-05T00:58:44.808974Z,KXBTC15M-26OCT042100-00,0.9920,198.38,no
2026-10-05T00:58:44.819102Z,KXBTC15M-26OCT042100-00,0.9920,2.28,no
2026-10-05T00:58:44.827309Z,KXBTC15M-26OCT042100-00,0.9920,36.33,no
2026-10-05T00:58:44.865466Z,KXBTC15M-26OCT042100-00,0.9920,116.88,no
2026-10-05T00:58:44.896769Z,KXBTC15M-26OCT042100-00,0.9920,36.33,no
2026-10-05T00:58:44.92912Z,KXBTC15M-26OCT042100-00,0.9920,3.43,no
2026-10-05T00:58:44.930734Z,KXBTC15M-26OCT042100-00,0.9930,1.00,yes
2026-10-05T00:58:44.949488Z,KXBTC15M-26OCT042100-00,0.9920,239.66,no
2026-10-05T00:58:44.957883Z,KXBTC15M-26OCT042100-00,0.9920,36.33,no
2026-10-05T00:58:44.959614Z,KXBTC15M-26OCT042100-00,0.9930,0.75,yes
2026-10-05T00:58:44.970412Z,KXBTC15M-26OCT042100-00,0.9930,1.97,yes
2026-10-05T00:58:44.996552Z,KXBTC15M-26OCT042100-00,0.9920,93.51,no
2026-10-05T00:58:45.001262Z,KXBTC15M-26OCT042100-00,0.9920,187.03,no
2026-10-05T00:58:45.027639Z,KXBTC15M-26OCT042100-00,0.9920,36.33,no
2026-10-05T00:58:45.052322Z,KXBTC15M-26OCT042100-00,0.9920,44.02,no
2026-10-05T00:58:45.06306Z,KXBTC15M-26OCT042100-00,0.9930,100.00,yes
2026-10-05T00:58:45.06306Z,KXBTC15M-26OCT042100-00,0.9930,0.01,yes
2026-10-05T00:58:45.06306Z,KXBTC15M-26OCT042100-00,0.9930,400.00,yes
2026-10-05T00:58:45.06306Z,KXBTC15M-26OCT042100-00,0.9930,231.79,yes
2026-10-05T00:58:45.06306Z,KXBTC15M-26OCT042100-00,0.9930,0.01,yes
2026-10-05T00:58:45.085244Z,KXBTC15M-26OCT042100-00,0.9920,6.31,no
2026-10-05T00:58:45.091506Z,KXBTC15M-26OCT042100-00,0.9920,1870.38,no
2026-10-05T00:58:45.117793Z,KXBTC15M-26OCT042100-00,0.9930,12.35,yes
2026-10-05T00:58:45.117793Z,KXBTC15M-26OCT042100-00,0.9930,0.01,yes
2026-10-05T00:58:45.117793Z,KXBTC15M-26OCT042100-00,0.9930,0.01,yes
2026-10-05T00:58:45.132091Z,KXBTC15M-26OCT042100-00,0.9920,43.53,no
2026-10-05T00:58:45.195834Z,KXBTC15M-26OCT042100-00,0.9920,116.88,no
2026-10-05T00:58:45.286844Z,KXBTC15M-26OCT042100-00,0.9960,915.00,yes
2026-10-05T00:58:45.286844Z,KXBTC15M-26OCT042100-00,0.9960,2.00,yes
2026-10-05T00:58:45.286844Z,KXBTC15M-26OCT042100-00,0.9960,15.00,yes
2026-10-05T00:58:45.286844Z,KXBTC15M-26OCT042100-00,0.9930,400.00,yes
2026-10-05T00:58:45.286844Z,KXBTC15M-26OCT042100-00,0.9940,500.00,yes
2026-10-05T00:58:45.286844Z,KXBTC15M-26OCT042100-00,0.9950,500.00,yes
2026-10-05T00:58:45.286844Z,KXBTC15M-26OCT042100-00,0.9930,0.01,yes
2026-10-05T00:58:45.286844Z,KXBTC15M-26OCT042100-00,0.9930,0.01,yes
2026-10-05T00:58:45.286844Z,KXBTC15M-26OCT042100-00,0.9930,100.00,yes
2026-10-05T00:58:45.286844Z,KXBTC15M-26OCT042100-00,0.9960,10.00,yes
2026-10-05T00:58:45.286844Z,KXBTC15M-26OCT042100-00,0.9950,60.00,yes
2026-10-05T00:58:45.286844Z,KXBTC15M-26OCT042100-00,0.9970,50.46,yes
2026-10-05T00:58:45.30009Z,KXBTC15M-26OCT042100-00,0.9930,0.01,yes
2026-10-05T00:58:45.30009Z,KXBTC15M-26OCT042100-00,0.9930,0.01,yes
2026-10-05T00:58:45.307665Z,KXBTC15M-26OCT042100-00,0.9920,64.44,no
2026-10-05T00:58:45.307665Z,KXBTC15M-26OCT042100-00,0.9920,0.01,no
2026-10-05T00:58:45.307665Z,KXBTC15M-26OCT042100-00,0.9920,0.01,no
2026-10-05T00:58:45.307665Z,KXBTC15M-26OCT042100-00,0.9950,49.98,no
2026-10-05T00:58:45.307665Z,KXBTC15M-26OCT042100-00,0.9930,15.00,no
2026-10-05T00:58:45.307665Z,KXBTC15M-26OCT042100-00,0.9950,0.01,no
2026-10-05T00:58:45.307665Z,KXBTC15M-26OCT042100-00,0.9920,104.31,no
2026-10-05T00:58:45.307665Z,KXBTC15M-26OCT042100-00,0.9950,0.01,no
2026-10-05T00:58:45.338555Z,KXBTC15M-26OCT042100-00,0.9910,17.00,no
2026-10-05T00:58:45.338555Z,KXBTC15M-26OCT042100-00,0.9910,0.01,no
2026-10-05T00:58:45.338555Z,KXBTC15M-26OCT042100-00,0.9920,0.01,no
2026-10-05T00:58:45.338555Z,KXBTC15M-26OCT042100-00,0.9920,0.01,no
2026-10-05T00:58:45.338555Z,KXBTC15M-26OCT042100-00,0.9900,3.97,no
2026-10-05T00:58:45.386715Z,KXBTC15M-26OCT042100-00,0.9910,0.01,no
2026-10-05T00:58:45.386715Z,KXBTC15M-26OCT042100-00,0.9910,0.01,no
2026-10-05T00:58:45.386715Z,KXBTC15M-26OCT042100-00,0.9910,17.00,no
2026-10-05T00:58:45.386715Z,KXBTC15M-26OCT042100-00,0.9910,32.96,no
2026-10-05T00:58:45.409451Z,KXBTC15M-26OCT042100-00,0.9910,5.00,no
2026-10-05T00:58:45.432851Z,KXBTC15M-26OCT042100-00,0.9910,49.98,no
2026-10-05T00:58:45.472023Z,KXBTC15M-26OCT042100-00,0.9910,0.01,no
2026-10-05T00:58:45.472023Z,KXBTC15M-26OCT042100-00,0.9910,94.37,no
2026-10-05T00:58:45.472023Z,KXBTC15M-26OCT042100-00,0.9910,17.00,no
2026-10-05T00:58:45.472023Z,KXBTC15M-26OCT042100-00,0.9910,0.01,no
2026-10-05T00:58:45.488109Z,KXBTC15M-26OCT042100-00,0.9910,16.47,no
2026-10-05T00:58:45.525005Z,KXBTC15M-26OCT042100-00,0.9960,63.00,yes
2026-10-05T00:58:45.525005Z,KXBTC15M-26OCT042100-00,0.9940,200.00,yes
2026-10-05T00:58:45.525005Z,KXBTC15M-26OCT042100-00,0.9940,0.01,yes
2026-10-05T00:58:45.525005Z,KXBTC15M-26OCT042100-00,0.9950,500.00,yes
2026-10-05T00:58:45.525005Z,KXBTC15M-26OCT042100-00,0.9960,10.00,yes
2026-10-05T00:58:45.525005Z,KXBTC15M-26OCT042100-00,0.9950,93.75,yes
2026-10-05T00:58:45.525005Z,KXBTC15M-26OCT042100-00,0.9950,200.00,yes
2026-10-05T00:58:45.525005Z,KXBTC15M-26OCT042100-00,0.9940,15.00,yes
2026-10-05T00:58:45.525005Z,KXBTC15M-26OCT042100-00,0.9940,0.01,yes
2026-10-05T00:58:45.525005Z,KXBTC15M-26OCT042100-00,0.9960,15.00,yes
2026-10-05T00:58:45.525005Z,KXBTC15M-26OCT042100-00,0.9970,1569.50,yes
2026-10-05T00:58:45.525005Z,KXBTC15M-26OCT042100-00,0.9970,285.18,yes
2026-10-05T00:58:45.535138Z,KXBTC15M-26OCT042100-00,0.9950,15.00,yes
2026-10-05T00:58:45.535138Z,KXBTC15M-26OCT042100-00,0.9950,0.01,yes
2026-10-05T00:58:45.535138Z,KXBTC15M-26OCT042100-00,0.9950,0.01,yes
2026-10-05T00:58:45.535138Z,KXBTC15M-26OCT042100-00,0.9950,93.75,yes
2026-10-05T00:58:45.535138Z,KXBTC15M-26OCT042100-00,0.9950,93.75,yes
2026-10-05T00:58:45.544487Z,KXBTC15M-26OCT042100-00,0.9950,34.00,no
2026-10-05T00:58:45.561601Z,KXBTC15M-26OCT042100-00,0.9950,6.48,no
2026-10-05T00:58:45.564246Z,KXBTC15M-26OCT042100-00,0.9910,74.86,no
2026-10-05T00:58:45.564246Z,KXBTC15M-26OCT042100-00,0.9950,42.00,no
2026-10-05T00:58:45.564246Z,KXBTC15M-26OCT042100-00,0.9950,0.01,no
2026-10-05T00:58:45.564246Z,KXBTC15M-26OCT042100-00,0.9950,0.01,no
2026-10-05T00:58:45.588035Z,KXBTC15M-26OCT042100-00,0.9950,60.91,no
2026-10-05T00:58:45.588253Z,KXBTC15M-26OCT042100-00,0.9950,116.88,no
2026-10-05T00:58:45.618764Z,KXBTC15M-26OCT042100-00,0.9950,740.00,no
2026-10-05T00:58:45.656839Z,KXBTC15M-26OCT042100-00,0.9960,60.30,yes
2026-10-05T00:58:45.660711Z,KXBTC15M-26OCT042100-00,0.9950,48.00,no
2026-10-05T00:58:45.661508Z,KXBTC15M-26OCT042100-00,0.9950,82.48,no
2026-10-05T00:58:45.750138Z,KXBTC15M-26OCT042100-00,0.9960,0.80,yes
2026-10-05T00:58:45.768701Z,KXBTC15M-26OCT042100-00,0.9950,9.37,no
2026-10-05T00:58:45.773217Z,KXBTC15M-26OCT042100-00,0.9950,80.00,no
2026-10-05T00:58:45.781815Z,KXBTC15M-26OCT042100-00,0.9950,0.01,no
2026-10-05T00:58:45.781815Z,KXBTC15M-26OCT042100-00,0.9950,431.86,no
2026-10-05T00:58:45.781815Z,KXBTC15M-26OCT042100-00,0.9910,17.00,no
2026-10-05T00:58:45.781815Z,KXBTC15M-26OCT042100-00,0.9950,0.01,no
2026-10-05T00:58:45.781815Z,KXBTC15M-26OCT042100-00,0.9900,117.30,no
2026-10-05T00:58:45.801341Z,KXBTC15M-26OCT042100-00,0.9910,3.99,no
2026-10-05T00:58:45.801341Z,KXBTC15M-26OCT042100-00,0.9910,0.01,no
2026-10-05T00:58:45.802342Z,KXBTC15M-26OCT042100-00,0.9910,2.00,no
2026-10-05T00:58:45.802763Z,KXBTC15M-26OCT042100-00,0.9910,2.00,no
2026-10-05T00:58:45.821692Z,KXBTC15M-26OCT042100-00,0.9910,17.00,no
2026-10-05T00:58:45.821692Z,KXBTC15M-26OCT042100-00,0.9910,0.01,no
2026-10-05T00:58:45.821692Z,KXBTC15M-26OCT042100-00,0.9910,0.01,no
2026-10-05T00:58:45.821692Z,KXBTC15M-26OCT042100-00,0.9900,232.98,no
2026-10-05T00:58:45.918128Z,KXBTC15M-26OCT042100-00,0.9950,6.64,yes
2026-10-05T00:58:45.923247Z,KXBTC15M-26OCT042100-00,0.9910,0.01,no
2026-10-05T00:58:45.923247Z,KXBTC15M-26OCT042100-00,0.9910,17.00,no
2026-10-05T00:58:45.923247Z,KXBTC15M-26OCT042100-00,0.9910,0.01,no
2026-10-05T00:58:45.923247Z,KXBTC15M-26OCT042100-00,0.9900,482.98,no
2026-10-05T00:58:45.928786Z,KXBTC15M-26OCT042100-00,0.9900,1.14,no
2026-10-05T00:58:45.94419Z,KXBTC15M-26OCT042100-00,0.9950,3.00,yes
2026-10-05T00:58:46.027194Z,KXBTC15M-26OCT042100-00,0.9900,42.79,no
2026-10-05T00:58:46.108841Z,KXBTC15M-26OCT042100-00,0.9900,50.89,no
2026-10-05T00:58:46.122301Z,KXBTC15M-26OCT042100-00,0.9950,19.74,yes
2026-10-05T00:58:46.13915Z,KXBTC15M-26OCT042100-00,0.9950,50.23,yes
2026-10-05T00:58:46.150365Z,KXBTC15M-26OCT042100-00,0.9950,420.39,yes
2026-10-05T00:58:46.150365Z,KXBTC15M-26OCT042100-00,0.9950,331.64,yes
2026-10-05T00:58:46.272636Z,KXBTC15M-26OCT042100-00,0.9950,187.42,yes
2026-10-05T00:58:46.272636Z,KXBTC15M-26OCT042100-00,0.9950,0.01,yes
2026-10-05T00:58:46.272636Z,KXBTC15M-26OCT042100-00,0.9960,15.00,yes
2026-10-05T00:58:46.272636Z,KXBTC15M-26OCT042100-00,0.9950,400.00,yes
2026-10-05T00:58:46.272636Z,KXBTC15M-26OCT042100-00,0.9950,168.36,yes
2026-10-05T00:58:46.272636Z,KXBTC15M-26OCT042100-00,0.9960,200.00,yes
2026-10-05T00:58:46.272636Z,KXBTC15M-26OCT042100-00,0.9950,200.00,yes
2026-10-05T00:58:46.272636Z,KXBTC15M-26OCT042100-00,0.9950,0.01,yes
2026-10-05T00:58:46.272636Z,KXBTC15M-26OCT042100-00,0.9950,100.00,yes
2026-10-05T00:58:46.272636Z,KXBTC15M-26OCT042100-00,0.9970,1118.03,yes
2026-10-05T00:58:46.272636Z,KXBTC15M-26OCT042100-00,0.9970,230.50,yes
2026-10-05T00:58:46.323259Z,KXBTC15M-26OCT042100-00,0.9940,93.51,no
2026-10-05T00:58:46.349094Z,KXBTC15M-26OCT042100-00,0.9940,85.10,no
2026-10-05T00:58:46.401721Z,KXBTC15M-26OCT042100-00,0.9940,51.89,no
2026-10-05T00:58:46.401721Z,KXBTC15M-26OCT042100-00,0.9940,65.65,no
2026-10-05T00:58:46.401721Z,KXBTC15M-26OCT042100-00,0.9940,0.01,no
2026-10-05T00:58:46.401721Z,KXBTC15M-26OCT042100-00,0.9940,0.01,no
2026-10-05T00:58:46.406255Z,KXBTC15M-26OCT042100-00,0.9940,171.00,no
2026-10-05T00:58:46.414371Z,KXBTC15M-26OCT042100-00,0.9940,29.22,no
2026-10-05T00:58:46.439967Z,KXBTC15M-26OCT042100-00,0.9940,130.15,no
2026-10-05T00:58:46.513833Z,KXBTC15M-26OCT042100-00,0.9940,22.01,no
2026-10-05T00:58:46.519361Z,KXBTC15M-26OCT042100-00,0.9950,0.01,yes
2026-10-05T00:58:46.519361Z,KXBTC15M-26OCT042100-00,0.9950,400.00,yes
2026-10-05T00:58:46.519361Z,KXBTC15M-26OCT042100-00,0.9950,14.00,yes
2026-10-05T00:58:46.519361Z,KXBTC15M-26OCT042100-00,0.9960,200.00,yes
2026-10-05T00:58:46.519361Z,KXBTC15M-26OCT042100-00,0.9950,200.00,yes
2026-10-05T00:58:46.519361Z,KXBTC15M-26OCT042100-00,0.9950,0.01,yes
2026-10-05T00:58:46.519361Z,KXBTC15M-26OCT042100-00,0.9950,100.00,yes
2026-10-05T00:58:46.519361Z,KXBTC15M-26OCT042100-00,0.9970,681.97,yes
2026-10-05T00:58:46.519361Z,KXBTC15M-26OCT042100-00,0.9970,1227.76,yes
2026-10-05T00:58:46.528354Z,KXBTC15M-26OCT042100-00,0.9940,150.90,no
2026-10-05T00:58:46.534377Z,KXBTC15M-26OCT042100-00,0.9960,121.55,yes
2026-10-05T00:58:46.558761Z,KXBTC15M-26OCT042100-00,0.9940,10.00,no
2026-10-05T00:58:46.583423Z,KXBTC15M-26OCT042100-00,0.9940,5.00,no
2026-10-05T00:58:46.585572Z,KXBTC15M-26OCT042100-00,0.9950,0.01,yes
2026-10-05T00:58:46.585572Z,KXBTC15M-26OCT042100-00,0.9950,0.01,yes
2026-10-05T00:58:46.585572Z,KXBTC15M-26OCT042100-00,0.9950,29.11,yes
2026-10-05T00:58:46.601686Z,KXBTC15M-26OCT042100-00,0.9940,11.09,no
2026-10-05T00:58:46.734442Z,KXBTC15M-26OCT042100-00,0.9950,13.60,yes
2026-10-05T00:58:46.740242Z,KXBTC15M-26OCT042100-00,0.9940,58.00,no
2026-10-05T00:58:46.748275Z,KXBTC15M-26OCT042100-00,0.9950,172.79,yes
2026-10-05T00:58:46.761481Z,KXBTC15M-26OCT042100-00,0.9940,77.91,no
2026-10-05T00:58:46.845093Z,KXBTC15M-26OCT042100-00,0.9950,7.94,yes
2026-10-05T00:58:46.845093Z,KXBTC15M-26OCT042100-00,0.9950,13.61,yes
2026-10-05T00:58:46.847873Z,KXBTC15M-26OCT042100-00,0.9950,22.38,yes
2026-10-05T00:58:46.873075Z,KXBTC15M-26OCT042100-00,0.9940,0.01,no
2026-10-05T00:58:46.873075Z,KXBTC15M-26OCT042100-00,0.9940,387.10,no
2026-10-05T00:58:46.873075Z,KXBTC15M-26OCT042100-00,0.9940,0.01,no
2026-10-05T00:58:46.873075Z,KXBTC15M-26OCT042100-00,0.9940,48.07,no
2026-10-05T00:58:46.873075Z,KXBTC15M-26OCT042100-00,0.9940,500.00,no
2026-10-05T00:58:47.05677Z,KXBTC15M-26OCT042100-00,0.9940,12.33,no
2026-10-05T00:58:47.061223Z,KXBTC15M-26OCT042100-00,0.9940,18.53,no
2026-10-05T00:58:47.081016Z,KXBTC15M-26OCT042100-00,0.9940,342.47,no
2026-10-05T00:58:47.081016Z,KXBTC15M-26OCT042100-00,0.9940,421.07,no
2026-10-05T00:58:47.147028Z,KXBTC15M-26OCT042100-00,0.9940,152.71,no
2026-10-05T00:58:47.151543Z,KXBTC15M-26OCT042100-00,0.9950,50.16,yes
2026-10-05T00:58:47.152645Z,KXBTC15M-26OCT042100-00,0.9950,1.00,yes
2026-10-05T00:58:47.159818Z,KXBTC15M-26OCT042100-00,0.9940,4.10,no
2026-10-05T00:58:47.181403Z,KXBTC15M-26OCT042100-00,0.9940,24.00,no
2026-10-05T00:58:47.227225Z,KXBTC15M-26OCT042100-00,0.9940,0.18,no
2026-10-05T00:58:47.228322Z,KXBTC15M-26OCT042100-00,0.9950,318.52,yes
2026-10-05T00:58:47.228322Z,KXBTC15M-26OCT042100-00,0.9950,0.01,yes
2026-10-05T00:58:47.228322Z,KXBTC15M-26OCT042100-00,0.9950,100.00,yes
2026-10-05T00:58:47.228322Z,KXBTC15M-26OCT042100-00,0.9950,0.01,yes
2026-10-05T00:58:47.228322Z,KXBTC15M-26OCT042100-00,0.9970,522.98,yes
2026-10-05T00:58:47.228322Z,KXBTC15M-26OCT042100-00,0.9960,15.00,yes
2026-10-05T00:58:47.228322Z,KXBTC15M-26OCT042100-00,0.9960,200.00,yes
2026-10-05T00:58:47.228322Z,KXBTC15M-26OCT042100-00,0.9950,195.36,yes
2026-10-05T00:58:47.228322Z,KXBTC15M-26OCT042100-00,0.9970,17.00,yes
2026-10-05T00:58:47.228322Z,KXBTC15M-26OCT042100-00,0.9970,60.00,yes
2026-10-05T00:58:47.228322Z,KXBTC15M-26OCT042100-00,0.9970,15.00,yes
2026-10-05T00:58:47.228322Z,KXBTC15M-26OCT042100-00,0.9970,2500.00,yes
2026-10-05T00:58:47.228322Z,KXBTC15M-26OCT042100-00,0.9970,2.00,yes
2026-10-05T00:58:47.228322Z,KXBTC15M-26OCT042100-00,0.9970,2.00,yes
2026-10-05T00:58:47.228322Z,KXBTC15M-26OCT042100-00,0.9970,18.00,yes
2026-10-05T00:58:47.228322Z,KXBTC15M-26OCT042100-00,0.9970,2.00,yes
2026-10-05T00:58:47.228322Z,KXBTC15M-26OCT042100-00,0.9970,2.00,yes
2026-10-05T00:58:47.228322Z,KXBTC15M-26OCT042100-00,0.9970,2.00,yes
2026-10-05T00:58:47.228322Z,KXBTC15M-26OCT042100-00,0.9970,250.00,yes
2026-10-05T00:58:47.228322Z,KXBTC15M-26OCT042100-00,0.9970,120.00,yes
2026-10-05T00:58:47.228322Z,KXBTC15M-26OCT042100-00,0.9970,572.24,yes
2026-10-05T00:58:47.228322Z,KXBTC15M-26OCT042100-00,0.9970,1.00,yes
2026-10-05T00:58:47.274854Z,KXBTC15M-26OCT042100-00,0.9960,106.63,yes
2026-10-05T00:58:47.274854Z,KXBTC15M-26OCT042100-00,0.9950,0.01,yes
2026-10-05T00:58:47.274854Z,KXBTC15M-26OCT042100-00,0.9960,15.00,yes
2026-10-05T00:58:47.274854Z,KXBTC15M-26OCT042100-00,0.9950,0.01,yes
2026-10-05T00:58:47.274854Z,KXBTC15M-26OCT042100-00,0.9950,400.00,yes
2026-10-05T00:58:47.274854Z,KXBTC15M-26OCT042100-00,0.9960,0.01,yes
2026-10-05T00:58:47.274854Z,KXBTC15M-26OCT042100-00,0.9950,100.00,yes
2026-10-05T00:58:47.304372Z,KXBTC15M-26OCT042100-00,0.9940,128.84,no
2026-10-05T00:58:47.336365Z,KXBTC15M-26OCT042100-00,0.9950,123.01,yes
2026-10-05T00:58:47.336365Z,KXBTC15M-26OCT042100-00,0.9950,0.01,yes
2026-10-05T00:58:47.336365Z,KXBTC15M-26OCT042100-00,0.9950,100.00,yes
2026-10-05T00:58:47.336365Z,KXBTC15M-26OCT042100-00,0.9950,0.01,yes
2026-10-05T00:58:47.341564Z,KXBTC15M-26OCT042100-00,0.9970,201.81,yes
2026-10-05T00:58:47.341564Z,KXBTC15M-26OCT042100-00,0.9960,15.00,yes
2026-10-05T00:58:47.341564Z,KXBTC15M-26OCT042100-00,0.9960,0.01,yes
2026-10-05T00:58:47.341564Z,KXBTC15M-26OCT042100-00,0.9950,276.99,yes
2026-10-05T00:58:47.356421Z,KXBTC15M-26OCT042100-00,0.9940,31.24,no
2026-10-05T00:58:47.356421Z,KXBTC15M-26OCT042100-00,0.9940,29.67,no
2026-10-05T00:58:47.3613Z,KXBTC15M-26OCT042100-00,0.9950,0.01,yes
2026-10-05T00:58:47.3613Z,KXBTC15M-26OCT042100-00,0.9950,0.01,yes
2026-10-05T00:58:47.3613Z,KXBTC15M-26OCT042100-00,0.9950,14.00,yes
2026-10-05T00:58:47.3613Z,KXBTC15M-26OCT042100-00,0.9950,38.22,yes
2026-10-05T00:58:47.369876Z,KXBTC15M-26OCT042100-00,0.9950,0.01,yes
2026-10-05T00:58:47.369876Z,KXBTC15M-26OCT042100-00,0.9950,8.00,yes
2026-10-05T00:58:47.369876Z,KXBTC15M-26OCT042100-00,0.9950,0.01,yes
2026-10-05T00:58:47.369876Z,KXBTC15M-26OCT042100-00,0.9950,400.00,yes
2026-10-05T00:58:47.38049Z,KXBTC15M-26OCT042100-00,0.9970,6699.99,yes
2026-10-05T00:58:47.38049Z,KXBTC15M-26OCT042100-00,0.9950,100.00,yes
2026-10-05T00:58:47.38049Z,KXBTC15M-26OCT042100-00,0.9950,0.01,yes
2026-10-05T00:58:47.38049Z,KXBTC15M-26OCT042100-00,0.9960,15.00,yes
2026-10-05T00:58:47.38586Z,KXBTC15M-26OCT042100-00,0.9940,176.92,no
2026-10-05T00:58:47.38586Z,KXBTC15M-26OCT042100-00,0.9950,15.00,no
2026-10-05T00:58:47.387259Z,KXBTC15M-26OCT042100-00,0.9940,187.03,no
2026-10-05T00:58:47.424292Z,KXBTC15M-26OCT042100-00,0.9940,72.24,no
2026-10-05T00:58:47.424292Z,KXBTC15M-26OCT042100-00,0.9950,0.01,no
2026-10-05T00:58:47.424292Z,KXBTC15M-26OCT042100-00,0.9950,15.00,no
2026-10-05T00:58:47.424292Z,KXBTC15M-26OCT042100-00,0.9950,0.01,no
2026-10-05T00:58:47.458491Z,KXBTC15M-26OCT042100-00,0.9940,700.00,no
2026-10-05T00:58:47.467927Z,KXBTC15M-26OCT042100-00,0.9950,13.28,no
2026-10-05T00:58:47.487699Z,KXBTC15M-26OCT042100-00,0.9950,45.76,no
2026-10-05T00:58:47.500764Z,KXBTC15M-26OCT042100-00,0.9940,0.01,no
2026-10-05T00:58:47.500764Z,KXBTC15M-26OCT042100-00,0.9940,60.33,no
2026-10-05T00:58:47.500764Z,KXBTC15M-26OCT042100-00,0.9940,0.01,no
2026-10-05T00:58:47.500764Z,KXBTC15M-26OCT042100-00,0.9950,60.96,no
2026-10-05T00:58:47.500764Z,KXBTC15M-26OCT042100-00,0.9950,0.01,no
2026-10-05T00:58:47.500764Z,KXBTC15M-26OCT042100-00,0.9950,0.01,no
2026-10-05T00:58:47.500764Z,KXBTC15M-26OCT042100-00,0.9940,34.50,no
2026-10-05T00:58:47.541312Z,KXBTC15M-26OCT042100-00,0.9960,0.01,yes
2026-10-05T00:58:47.541312Z,KXBTC15M-26OCT042100-00,0.9960,73.99,yes
2026-10-05T00:58:47.541312Z,KXBTC15M-26OCT042100-00,0.9960,15.00,yes
2026-10-05T00:58:47.55046Z,KXBTC15M-26OCT042100-00,0.9960,3.82,yes
2026-10-05T00:58:47.55046Z,KXBTC15M-26OCT042100-00,0.9960,26.01,yes
2026-10-05T00:58:47.553622Z,KXBTC15M-26OCT042100-00,0.9960,196.18,yes
2026-10-05T00:58:47.553622Z,KXBTC15M-26OCT042100-00,0.9960,61.19,yes
2026-10-05T00:58:47.553622Z,KXBTC15M-26OCT042100-00,0.9960,15.00,yes
2026-10-05T00:58:47.553622Z,KXBTC15M-26OCT042100-00,0.9960,15.00,yes
2026-10-05T00:58:47.553622Z,KXBTC15M-26OCT042100-00,0.9960,400.00,yes
2026-10-05T00:58:47.553622Z,KXBTC15M-26OCT042100-00,0.9960,0.01,yes
2026-10-05T00:58:47.571322Z,KXBTC15M-26OCT042100-00,0.9950,155.83,no
2026-10-05T00:58:47.590749Z,KXBTC15M-26OCT042100-00,0.9960,133.89,yes
2026-10-05T00:58:47.59661Z,KXBTC15M-26OCT042100-00,0.9960,0.01,yes
2026-10-05T00:58:47.59661Z,KXBTC15M-26OCT042100-00,0.9960,366.11,yes
2026-10-05T00:58:47.59661Z,KXBTC15M-26OCT042100-00,0.9960,396.81,yes
2026-10-05T00:58:47.649999Z,KXBTC15M-26OCT042100-00,0.9950,0.01,no
2026-10-05T00:58:47.649999Z,KXBTC15M-26OCT042100-00,0.9950,15.00,no
2026-10-05T00:58:47.649999Z,KXBTC15M-26OCT042100-00,0.9950,0.01,no
2026-10-05T00:58:47.649999Z,KXBTC15M-26OCT042100-00,0.9950,140.81,no
2026-10-05T00:58:47.662488Z,KXBTC15M-26OCT042100-00,0.9950,3.11,no
2026-10-05T00:58:47.674117Z,KXBTC15M-26OCT042100-00,0.9950,1.19,no
2026-10-05T00:58:47.698088Z,KXBTC15M-26OCT042100-00,0.9950,155.83,no
2026-10-05T00:58:47.699661Z,KXBTC15M-26OCT042100-00,0.9960,68.43,yes
2026-10-05T00:58:47.699661Z,KXBTC15M-26OCT042100-00,0.9960,15.00,yes
2026-10-05T00:58:47.699661Z,KXBTC15M-26OCT042100-00,0.9960,15.00,yes
2026-10-05T00:58:47.699661Z,KXBTC15M-26OCT042100-00,0.9960,0.01,yes
2026-10-05T00:58:47.699661Z,KXBTC15M-26OCT042100-00,0.9960,0.01,yes
2026-10-05T00:58:47.713853Z,KXBTC15M-26OCT042100-00,0.9950,172.99,no
2026-10-05T00:58:47.74087Z,KXBTC15M-26OCT042100-00,0.9950,218.41,no
2026-10-05T00:58:47.74087Z,KXBTC15M-26OCT042100-00,0.9950,200.00,no
2026-10-05T00:58:47.74087Z,KXBTC15M-26OCT042100-00,0.9950,0.01,no
2026-10-05T00:58:47.74087Z,KXBTC15M-26OCT042100-00,0.9950,0.01,no
2026-10-05T00:58:47.74087Z,KXBTC15M-26OCT042100-00,0.9950,49.05,no
2026-10-05T00:58:47.754154Z,KXBTC15M-26OCT042100-00,0.9960,5.26,yes
2026-10-05T00:58:47.782296Z,KXBTC15M-26OCT042100-00,0.9950,136.21,no
2026-10-05T00:58:47.807831Z,KXBTC15M-26OCT042100-00,0.9950,145.38,no
2026-10-05T00:58:47.807831Z,KXBTC15M-26OCT042100-00,0.9950,363.65,no
2026-10-05T00:58:47.855066Z,KXBTC15M-26OCT042100-00,0.9970,231.66,yes
2026-10-05T00:58:47.855066Z,KXBTC15M-26OCT042100-00,0.9960,0.01,yes
2026-10-05T00:58:47.855066Z,KXBTC15M-26OCT042100-00,0.9960,9.74,yes
2026-10-05T00:58:47.855066Z,KXBTC15M-26OCT042100-00,0.9960,5.26,yes
2026-10-05T00:58:47.855066Z,KXBTC15M-26OCT042100-00,0.9960,0.01,yes
2026-10-05T00:58:47.882866Z,KXBTC15M-26OCT042100-00,0.9970,0.02,yes
2026-10-05T00:58:47.884101Z,KXBTC15M-26OCT042100-00,0.9950,125.81,no
2026-10-05T00:58:47.884101Z,KXBTC15M-26OCT042100-00,0.9960,0.01,no
2026-10-05T00:58:47.884101Z,KXBTC15M-26OCT042100-00,0.9960,0.01,no
2026-10-05T00:58:47.884101Z,KXBTC15M-26OCT042100-00,0.9960,15.00,no
2026-10-05T00:58:47.884101Z,KXBTC15M-26OCT042100-00,0.9950,15.00,no
2026-10-05T00:58:47.945755Z,KXBTC15M-26OCT042100-00,0.9960,0.01,no
2026-10-05T00:58:47.945755Z,KXBTC15M-26OCT042100-00,0.9960,15.00,no
2026-10-05T00:58:47.945755Z,KXBTC15M-26OCT042100-00,0.9960,0.01,no
2026-10-05T00:58:47.945755Z,KXBTC15M-26OCT042100-00,0.9960,30.32,no
2026-10-05T00:58:47.993262Z,KXBTC15M-26OCT042100-00,0.9960,38.96,no
2026-10-05T00:58:48.048271Z,KXBTC15M-26OCT042100-00,0.9960,127.48,no
2026-10-05T00:58:48.048271Z,KXBTC15M-26OCT042100-00,0.9960,500.00,no
2026-10-05T00:58:48.048271Z,KXBTC15M-26OCT042100-00,0.9960,100.00,no
2026-10-05T00:58:48.048271Z,KXBTC15M-26OCT042100-00,0.9960,430.72,no
2026-10-05T00:58:48.048271Z,KXBTC15M-26OCT042100-00,0.9960,0.02,no
2026-10-05T00:58:48.048271Z,KXBTC15M-26OCT042100-00,0.9960,0.01,no
2026-10-05T00:58:48.048271Z,KXBTC15M-26OCT042100-00,0.9960,0.01,no
2026-10-05T00:58:48.048271Z,KXBTC15M-26OCT042100-00,0.9960,400.00,no
2026-10-05T00:58:48.067985Z,KXBTC15M-26OCT042100-00,0.9960,75.50,no
2026-10-05T00:58:48.067985Z,KXBTC15M-26OCT042100-00,0.9960,74.33,no
2026-10-05T00:58:48.067985Z,KXBTC15M-26OCT042100-00,0.9960,10.00,no
2026-10-05T00:58:48.099203Z,KXBTC15M-26OCT042100-00,0.9960,0.01,no
2026-10-05T00:58:48.099203Z,KXBTC15M-26OCT042100-00,0.9960,24.50,no
2026-10-05T00:58:48.099203Z,KXBTC15M-26OCT042100-00,0.9960,54.39,no
2026-10-05T00:58:48.099203Z,KXBTC15M-26OCT042100-00,0.9960,0.01,no
2026-10-05T00:58:48.121076Z,KXBTC15M-26OCT042100-00,0.9960,0.01,no
2026-10-05T00:58:48.121076Z,KXBTC15M-26OCT042100-00,0.9960,0.01,no
2026-10-05T00:58:48.121076Z,KXBTC15M-26OCT042100-00,0.9960,0.98,no
2026-10-05T00:58:48.163901Z,KXBTC15M-26OCT042100-00,0.9960,0.01,no
2026-10-05T00:58:48.163901Z,KXBTC15M-26OCT042100-00,0.9960,0.01,no
2026-10-05T00:58:48.163901Z,KXBTC15M-26OCT042100-00,0.9960,10.64,no
2026-10-05T00:58:48.193422Z,KXBTC15M-26OCT042100-00,0.9960,3.28,no
2026-10-05T00:58:48.228591Z,KXBTC15M-26OCT042100-00,0.9960,1.24,no
2026-10-05T00:58:48.290779Z,KXBTC15M-26OCT042100-00,0.9960,46.74,no
2026-10-05T00:58:48.351981Z,KXBTC15M-26OCT042100-00,0.9960,29.32,no
2026-10-05T00:58:48.354037Z,KXBTC15M-26OCT042100-00,0.9960,102.94,no
2026-10-05T00:58:48.384294Z,KXBTC15M-26OCT042100-00,0.9970,20.05,yes
2026-10-05T00:58:48.388689Z,KXBTC15M-26OCT042100-00,0.9960,5.12,no
2026-10-05T00:58:48.392001Z,KXBTC15M-26OCT042100-00,0.9970,0.02,yes
2026-10-05T00:58:48.392447Z,KXBTC15M-26OCT042100-00,0.9970,0.02,yes
2026-10-05T00:58:48.426346Z,KXBTC15M-26OCT042100-00,0.9960,200.00,no
2026-10-05T00:58:48.449957Z,KXBTC15M-26OCT042100-00,0.9970,1.00,yes
2026-10-05T00:58:48.484199Z,KXBTC15M-26OCT042100-00,0.9970,15.01,yes
2026-10-05T00:58:48.506291Z,KXBTC15M-26OCT042100-00,0.9970,15.82,yes
2026-10-05T00:58:48.522894Z,KXBTC15M-26OCT042100-00,0.9970,0.01,yes
2026-10-05T00:58:48.522894Z,KXBTC15M-26OCT042100-00,0.9970,15.00,yes
2026-10-05T00:58:48.522894Z,KXBTC15M-26OCT042100-00,0.9970,16.00,yes
2026-10-05T00:58:48.522894Z,KXBTC15M-26OCT042100-00,0.9970,198.06,yes
2026-10-05T00:58:48.522894Z,KXBTC15M-26OCT042100-00,0.9970,0.01,yes
2026-10-05T00:58:48.522894Z,KXBTC15M-26OCT042100-00,0.9970,15.00,yes
2026-10-05T00:58:48.522894Z,KXBTC15M-26OCT042100-00,0.9980,1312.16,yes
2026-10-05T00:58:48.551688Z,KXBTC15M-26OCT042100-00,0.9970,1.00,no
2026-10-05T00:58:48.581861Z,KXBTC15M-26OCT042100-00,0.9970,9.00,no
2026-10-05T00:58:48.581861Z,KXBTC15M-26OCT042100-00,0.9970,110.72,no
2026-10-05T00:58:48.581861Z,KXBTC15M-26OCT042100-00,0.9970,114.00,no
2026-10-05T00:58:48.58406Z,KXBTC15M-26OCT042100-00,0.9970,23.37,no
2026-10-05T00:58:48.596997Z,KXBTC15M-26OCT042100-00,0.9970,15.00,no
2026-10-05T00:58:48.596997Z,KXBTC15M-26OCT042100-00,0.9970,0.01,no
2026-10-05T00:58:48.596997Z,KXBTC15M-26OCT042100-00,0.9970,0.01,no
2026-10-05T00:58:48.596997Z,KXBTC15M-26OCT042100-00,0.9970,1302.00,no
2026-10-05T00:58:48.596997Z,KXBTC15M-26OCT042100-00,0.9970,100.00,no
2026-10-05T00:58:48.596997Z,KXBTC15M-26OCT042100-00,0.9970,265.91,no
2026-10-05T00:58:48.596997Z,KXBTC15M-26OCT042100-00,0.9970,167.09,no
2026-10-05T00:58:48.598717Z,KXBTC15M-26OCT042100-00,0.9980,1.00,yes
2026-10-05T00:58:48.604023Z,KXBTC15M-26OCT042100-00,0.9970,29.38,no
2026-10-05T00:58:48.605007Z,KXBTC15M-26OCT042100-00,0.9980,10.02,yes
2026-10-05T00:58:48.666029Z,KXBTC15M-26OCT042100-00,0.9980,3.28,yes
2026-10-05T00:58:48.680959Z,KXBTC15M-26OCT042100-00,0.9970,107.00,no
2026-10-05T00:58:48.680959Z,KXBTC15M-26OCT042100-00,0.9970,0.01,no
2026-10-05T00:58:48.680959Z,KXBTC15M-26OCT042100-00,0.9970,0.01,no
2026-10-05T00:58:48.680959Z,KXBTC15M-26OCT042100-00,0.9970,266.93,no
2026-10-05T00:58:48.701453Z,KXBTC15M-26OCT042100-00,0.9970,98.24,no
2026-10-05T00:58:48.721988Z,KXBTC15M-26OCT042100-00,0.9970,53.77,no
2026-10-05T00:58:48.722861Z,KXBTC15M-26OCT042100-00,0.9970,10.00,no
2026-10-05T00:58:48.75181Z,KXBTC15M-26OCT042100-00,0.9980,4421.00,yes
2026-10-05T00:58:48.808812Z,KXBTC15M-26OCT042100-00,0.9980,20.09,yes
2026-10-05T00:58:48.822006Z,KXBTC15M-26OCT042100-00,0.9970,112.11,no
2026-10-05T00:58:48.824676Z,KXBTC15M-26OCT042100-00,0.9970,233.72,no
2026-10-05T00:58:48.829008Z,KXBTC15M-26OCT042100-00,0.9970,9.08,no
2026-10-05T00:58:48.867455Z,KXBTC15M-26OCT042100-00,0.9980,75.08,yes
2026-10-05T00:58:48.892208Z,KXBTC15M-26OCT042100-00,0.9980,30.08,yes
2026-10-05T00:58:48.8978Z,KXBTC15M-26OCT042100-00,0.9970,30.77,no
2026-10-05T00:58:48.898413Z,KXBTC15M-26OCT042100-00,0.9970,28.23,no
2026-10-05T00:58:48.923251Z,KXBTC15M-26OCT042100-00,0.9970,15.00,no
2026-10-05T00:58:48.929923Z,KXBTC15M-26OCT042100-00,0.9980,352.00,yes
2026-10-05T00:58:48.933784Z,KXBTC15M-26OCT042100-00,0.9980,67.00,yes
2026-10-05T00:58:49.066093Z,KXBTC15M-26OCT042100-00,0.9980,11.72,yes
2026-10-05T00:58:49.067752Z,KXBTC15M-26OCT042100-00,0.9980,50.00,yes
2026-10-05T00:58:49.07015Z,KXBTC15M-26OCT042100-00,0.9970,16.14,no
2026-10-05T00:58:49.094683Z,KXBTC15M-26OCT042100-00,0.9970,56.30,no
2026-10-05T00:58:49.109697Z,KXBTC15M-26OCT042100-00,0.9970,305.35,no
2026-10-05T00:58:49.121923Z,KXBTC15M-26OCT042100-00,0.9970,3.52,no
2026-10-05T00:58:49.128813Z,KXBTC15M-26OCT042100-00,0.9970,1.53,no
2026-10-05T00:58:49.129844Z,KXBTC15M-26OCT042100-00,0.9970,55.00,no
2026-10-05T00:58:49.132205Z,KXBTC15M-26OCT042100-00,0.9970,43.04,no
2026-10-05T00:58:49.143907Z,KXBTC15M-26OCT042100-00,0.9980,250.46,yes
2026-10-05T00:58:49.205532Z,KXBTC15M-26OCT042100-00,0.9970,31.42,no
2026-10-05T00:58:49.209469Z,KXBTC15M-26OCT042100-00,0.9970,241.07,no
2026-10-05T00:58:49.258979Z,KXBTC15M-26OCT042100-00,0.9970,16.06,no
2026-10-05T00:58:49.283843Z,KXBTC15M-26OCT042100-00,0.9980,271.99,yes
2026-10-05T00:58:49.283843Z,KXBTC15M-26OCT042100-00,0.9980,1396.11,yes
2026-10-05T00:58:49.302258Z,KXBTC15M-26OCT042100-00,0.9980,37.40,yes
2026-10-05T00:58:49.304019Z,KXBTC15M-26OCT042100-00,0.9970,305.35,no
2026-10-05T00:58:49.332625Z,KXBTC15M-26OCT042100-00,0.9980,453.00,yes
2026-10-05T00:58:49.381284Z,KXBTC15M-26OCT042100-00,0.9970,6.88,no
2026-10-05T00:58:49.412628Z,KXBTC15M-26OCT042100-00,0.9980,12.02,yes
2026-10-05T00:58:49.413307Z,KXBTC15M-26OCT042100-00,0.9980,81.00,yes
2026-10-05T00:58:49.455028Z,KXBTC15M-26OCT042100-00,0.9980,10.04,yes
2026-10-05T00:58:49.500753Z,KXBTC15M-26OCT042100-00,0.9980,146.32,yes
2026-10-05T00:58:49.520971Z,KXBTC15M-26OCT042100-00,0.9970,311.59,no
2026-10-05T00:58:49.564521Z,KXBTC15M-26OCT042100-00,0.9980,10835.15,yes
2026-10-05T00:58:49.582994Z,KXBTC15M-26OCT042100-00,0.9970,16.74,no
2026-10-05T00:58:49.606291Z,KXBTC15M-26OCT042100-00,0.9980,10.02,yes
2026-10-05T00:58:49.62524Z,KXBTC15M-26OCT042100-00,0.9970,77.89,no
2026-10-05T00:58:49.630682Z,KXBTC15M-26OCT042100-00,0.9970,34.06,no
2026-10-05T00:58:49.631088Z,KXBTC15M-26OCT042100-00,0.9970,21.21,no
2026-10-05T00:58:49.6393Z,KXBTC15M-26OCT042100-00,0.9980,10.02,yes
2026-10-05T00:58:49.673068Z,KXBTC15M-26OCT042100-00,0.9970,610.72,no
2026-10-05T00:58:49.751386Z,KXBTC15M-26OCT042100-00,0.9970,67.00,no
2026-10-05T00:58:49.751386Z,KXBTC15M-26OCT042100-00,0.9970,352.00,no
2026-10-05T00:58:49.751386Z,KXBTC15M-26OCT042100-00,0.9970,30.00,no
2026-10-05T00:58:49.751386Z,KXBTC15M-26OCT042100-00,0.9970,0.01,no
2026-10-05T00:58:49.751386Z,KXBTC15M-26OCT042100-00,0.9970,10.00,no
2026-10-05T00:58:49.751386Z,KXBTC15M-26OCT042100-00,0.9970,292.00,no
2026-10-05T00:58:49.751386Z,KXBTC15M-26OCT042100-00,0.9970,20.00,no
2026-10-05T00:58:49.751386Z,KXBTC15M-26OCT042100-00,0.9970,15.00,no
2026-10-05T00:58:49.751386Z,KXBTC15M-26OCT042100-00,0.9970,0.01,no
2026-10-05T00:58:49.751386Z,KXBTC15M-26OCT042100-00,0.9970,100.00,no
2026-10-05T00:58:49.751386Z,KXBTC15M-26OCT042100-00,0.9970,11.00,no
2026-10-05T00:58:49.751386Z,KXBTC15M-26OCT042100-00,0.9970,400.00,no
2026-10-05T00:58:49.751386Z,KXBTC15M-26OCT042100-00,0.9970,75.00,no
2026-10-05T00:58:49.751386Z,KXBTC15M-26OCT042100-00,0.9970,3.00,no
2026-10-05T00:58:49.751386Z,KXBTC15M-26OCT042100-00,0.9970,4421.00,no
2026-10-05T00:58:49.751386Z,KXBTC15M-26OCT042100-00,0.9970,5394.00,no
2026-10-05T00:58:49.751386Z,KXBTC15M-26OCT042100-00,0.9970,157.85,no
2026-10-05T00:58:49.751386Z,KXBTC15M-26OCT042100-00,0.9970,3688.27,no
2026-10-05T00:58:49.751386Z,KXBTC15M-26OCT042100-00,0.9970,231.66,no
2026-10-05T00:58:49.752564Z,KXBTC15M-26OCT042100-00,0.9970,34.95,no
2026-10-05T00:58:49.770841Z,KXBTC15M-26OCT042100-00,0.9970,877.49,no
2026-10-05T00:58:49.770841Z,KXBTC15M-26OCT042100-00,0.9970,676.02,no
2026-10-05T00:58:49.770841Z,KXBTC15M-26OCT042100-00,0.9970,12.00,no
2026-10-05T00:58:49.770841Z,KXBTC15M-26OCT042100-00,0.9970,271.99,no
2026-10-05T00:58:49.770841Z,KXBTC15M-26OCT042100-00,0.9970,50.00,no
2026-10-05T00:58:49.770841Z,KXBTC15M-26OCT042100-00,0.9970,250.00,no
2026-10-05T00:58:49.793326Z,KXBTC15M-26OCT042100-00,0.9980,1.00,yes
2026-10-05T00:58:49.866779Z,KXBTC15M-26OCT042100-00,0.9980,114.28,yes
2026-10-05T00:58:49.876611Z,KXBTC15M-26OCT042100-00,0.9970,36.52,no
2026-10-05T00:58:49.889426Z,KXBTC15M-26OCT042100-00,0.9970,635.22,no
2026-10-05T00:58:49.899329Z,KXBTC15M-26OCT042100-00,0.9980,71.10,yes
2026-10-05T00:58:49.906228Z,KXBTC15M-26OCT042100-00,0.9970,37.40,no
2026-10-05T00:58:49.906228Z,KXBTC15M-26OCT042100-00,0.9970,34.76,no
2026-10-05T00:58:49.906228Z,KXBTC15M-26OCT042100-00,0.9970,48.24,no
2026-10-05T00:58:49.924587Z,KXBTC15M-26OCT042100-00,0.9970,418.90,no
2026-10-05T00:58:49.924587Z,KXBTC15M-26OCT042100-00,0.9970,418.24,no
2026-10-05T00:58:49.924587Z,KXBTC15M-26OCT042100-00,0.9970,10.04,no
2026-10-05T00:58:49.924587Z,KXBTC15M-26OCT042100-00,0.9970,146.32,no
2026-10-05T00:58:49.924587Z,KXBTC15M-26OCT042100-00,0.9970,12.02,no
2026-10-05T00:58:49.924587Z,KXBTC15M-26OCT042100-00,0.9970,81.00,no
2026-10-05T00:58:49.971623Z,KXBTC15M-26OCT042100-00,0.9970,11.77,no
2026-10-05T00:58:50.073392Z,KXBTC15M-26OCT042100-00,0.9980,1.00,yes
2026-10-05T00:58:50.106426Z,KXBTC15M-26OCT042100-00,0.9970,43.04,no
2026-10-05T00:58:50.11092Z,KXBTC15M-26OCT042100-00,0.9970,8.03,no
2026-10-05T00:58:50.112688Z,KXBTC15M-26OCT042100-00,0.9970,2312.60,no
2026-10-05T00:58:50.123889Z,KXBTC15M-26OCT042100-00,0.9980,9.02,yes
2026-10-05T00:58:50.138819Z,KXBTC15M-26OCT042100-00,0.9980,20.00,yes
2026-10-05T00:58:50.245235Z,KXBTC15M-26OCT042100-00,0.9970,239.40,no
2026-10-05T00:58:50.296859Z,KXBTC15M-26OCT042100-00,0.9970,305.35,no
2026-10-05T00:58:50.298866Z,KXBTC15M-26OCT042100-00,0.9970,3.02,no
2026-10-05T00:58:50.315934Z,KXBTC15M-26OCT042100-00,0.9980,19.45,yes
2026-10-05T00:58:50.324967Z,KXBTC15M-26OCT042100-00,0.9970,100.75,no
2026-10-05T00:58:50.329712Z,KXBTC15M-26OCT042100-00,0.9970,66.35,no
2026-10-05T00:58:50.472519Z,KXBTC15M-26OCT042100-00,0.9970,305.35,no
2026-10-05T00:58:50.496966Z,KXBTC15M-26OCT042100-00,0.9970,2.45,no
2026-10-05T00:58:50.558199Z,KXBTC15M-26OCT042100-00,0.9970,170.80,no
2026-10-05T00:58:50.558199Z,KXBTC15M-26OCT042100-00,0.9970,0.01,no
2026-10-05T00:58:50.558199Z,KXBTC15M-26OCT042100-00,0.9970,261.00,no
2026-10-05T00:58:50.558199Z,KXBTC15M-26OCT042100-00,0.9970,7018.14,no
2026-10-05T00:58:50.558199Z,KXBTC15M-26OCT042100-00,0.9970,0.01,no
2026-10-05T00:58:50.558199Z,KXBTC15M-26OCT042100-00,0.9970,100.00,no
2026-10-05T00:58:50.558199Z,KXBTC15M-26OCT042100-00,0.9970,10.02,no
2026-10-05T00:58:50.558199Z,KXBTC15M-26OCT042100-00,0.9970,10.02,no
2026-10-05T00:58:50.567448Z,KXBTC15M-26OCT042100-00,0.9980,6.63,yes
2026-10-05T00:58:50.607983Z,KXBTC15M-26OCT042100-00,0.9970,100.00,no
2026-10-05T00:58:50.620876Z,KXBTC15M-26OCT042100-00,0.9980,71.95,yes
2026-10-05T00:58:50.641817Z,KXBTC15M-26OCT042100-00,0.9970,114.28,no
2026-10-05T00:58:50.641817Z,KXBTC15M-26OCT042100-00,0.9970,1.00,no
2026-10-05T00:58:50.641817Z,KXBTC15M-26OCT042100-00,0.9970,129.20,no
2026-10-05T00:58:50.641817Z,KXBTC15M-26OCT042100-00,0.9970,60.87,no
2026-10-05T00:58:50.645114Z,KXBTC15M-26OCT042100-00,0.9970,9.02,no
2026-10-05T00:58:50.645114Z,KXBTC15M-26OCT042100-00,0.9970,19.19,no
2026-10-05T00:58:50.645114Z,KXBTC15M-26OCT042100-00,0.9970,1.00,no
2026-10-05T00:58:50.645114Z,KXBTC15M-26OCT042100-00,0.9970,10.23,no
2026-10-05T00:58:50.653631Z,KXBTC15M-26OCT042100-00,0.9970,2.66,no
2026-10-05T00:58:50.653631Z,KXBTC15M-26OCT042100-00,0.9970,0.81,no
2026-10-05T00:58:50.694601Z,KXBTC15M-26OCT042100-00,0.9970,6.99,no
2026-10-05T00:58:50.718858Z,KXBTC15M-26OCT042100-00,0.9970,9.80,no
2026-10-05T00:58:50.718858Z,KXBTC15M-26OCT042100-00,0.9970,0.01,no
2026-10-05T00:58:50.718858Z,KXBTC15M-26OCT042100-00,0.9970,96.18,no
2026-10-05T00:58:50.718858Z,KXBTC15M-26OCT042100-00,0.9970,0.01,no
2026-10-05T00:58:50.726535Z,KXBTC15M-26OCT042100-00,0.9970,6.63,no
2026-10-05T00:58:50.726535Z,KXBTC15M-26OCT042100-00,0.9970,17.04,no
2026-10-05T00:58:50.726535Z,KXBTC15M-26OCT042100-00,0.9970,3.82,no
2026-10-05T00:58:50.739084Z,KXBTC15M-26OCT042100-00,0.9970,0.95,no
2026-10-05T00:58:50.7399Z,KXBTC15M-26OCT042100-00,0.9970,0.01,no
2026-10-05T00:58:50.7399Z,KXBTC15M-26OCT042100-00,0.9970,400.00,no
2026-10-05T00:58:50.7399Z,KXBTC15M-26OCT042100-00,0.9970,53.96,no
2026-10-05T00:58:50.7399Z,KXBTC15M-26OCT042100-00,0.9970,100.00,no
2026-10-05T00:58:50.7399Z,KXBTC15M-26OCT042100-00,0.9970,0.01,no
2026-10-05T00:58:50.7399Z,KXBTC15M-26OCT042100-00,0.9960,200.00,no
2026-10-05T00:58:50.7399Z,KXBTC15M-26OCT042100-00,0.9960,15.82,no
2026-10-05T00:58:50.7399Z,KXBTC15M-26OCT042100-00,0.9960,0.02,no
2026-10-05T00:58:50.7399Z,KXBTC15M-26OCT042100-00,0.9960,0.02,no
2026-10-05T00:58:50.7399Z,KXBTC15M-26OCT042100-00,0.9950,21.81,no
2026-10-05T00:58:50.7399Z,KXBTC15M-26OCT042100-00,0.9960,1.00,no
2026-10-05T00:58:50.7399Z,KXBTC15M-26OCT042100-00,0.9960,20.05,no
2026-10-05T00:58:50.7399Z,KXBTC15M-26OCT042100-00,0.9960,198.06,no
2026-10-05T00:58:50.7399Z,KXBTC15M-26OCT042100-00,0.9960,15.01,no
2026-10-05T00:58:50.765527Z,KXBTC15M-26OCT042100-00,0.9970,0.75,no
2026-10-05T00:58:50.765527Z,KXBTC15M-26OCT042100-00,0.9970,0.01,no
2026-10-05T00:58:50.765527Z,KXBTC15M-26OCT042100-00,0.9970,100.00,no
2026-10-05T00:58:50.765527Z,KXBTC15M-26OCT042100-00,0.9970,0.01,no
2026-10-05T00:58:50.780104Z,KXBTC15M-26OCT042100-00,0.9970,0.01,no
2026-10-05T00:58:50.780104Z,KXBTC15M-26OCT042100-00,0.9970,0.01,no
2026-10-05T00:58:50.780104Z,KXBTC15M-26OCT042100-00,0.9950,25.86,no
2026-10-05T00:58:50.834663Z,KXBTC15M-26OCT042100-00,0.9980,4.31,yes
2026-10-05T00:58:50.8554Z,KXBTC15M-26OCT042100-00,0.9950,200.00,no
2026-10-05T00:58:50.8554Z,KXBTC15M-26OCT042100-00,0.9950,0.01,no
2026-10-05T00:58:50.8554Z,KXBTC15M-26OCT042100-00,0.9950,19.00,no
2026-10-05T00:58:50.8554Z,KXBTC15M-26OCT042100-00,0.9970,0.01,no
2026-10-05T00:58:50.8554Z,KXBTC15M-26OCT042100-00,0.9970,400.00,no
2026-10-05T00:58:50.8554Z,KXBTC15M-26OCT042100-00,0.9970,0.01,no
2026-10-05T00:58:50.8554Z,KXBTC15M-26OCT042100-00,0.9970,4.31,no
2026-10-05T00:58:50.8554Z,KXBTC15M-26OCT042100-00,0.9970,205.11,no
2026-10-05T00:58:50.8554Z,KXBTC15M-26OCT042100-00,0.9950,0.01,no
2026-10-05T00:58:50.8554Z,KXBTC15M-26OCT042100-00,0.9960,200.00,no
2026-10-05T00:58:50.8554Z,KXBTC15M-26OCT042100-00,0.9970,100.00,no
2026-10-05T00:58:50.8554Z,KXBTC15M-26OCT042100-00,0.9950,98.00,no
2026-10-05T00:58:50.8554Z,KXBTC15M-26OCT042100-00,0.9930,108.00,no
2026-10-05T00:58:50.8554Z,KXBTC15M-26OCT042100-00,0.9950,20.33,no
2026-10-05T00:58:50.8554Z,KXBTC15M-26OCT042100-00,0.9920,92.47,no
2026-10-05T00:58:50.8554Z,KXBTC15M-26OCT042100-00,0.9940,250.00,no
2026-10-05T00:58:50.8554Z,KXBTC15M-26OCT042100-00,0.9940,537.74,no
2026-10-05T00:58:50.897303Z,KXBTC15M-26OCT042100-00,0.9970,16.40,no
2026-10-05T00:58:50.897303Z,KXBTC15M-26OCT042100-00,0.9970,0.01,no
2026-10-05T00:58:50.897303Z,KXBTC15M-26OCT042100-00,0.9970,0.01,no
2026-10-05T00:58:50.959547Z,KXBTC15M-26OCT042100-00,0.9970,79.31,no
2026-10-05T00:58:51.032134Z,KXBTC15M-26OCT042100-00,0.9970,305.35,no
2026-10-05T00:58:51.047477Z,KXBTC15M-26OCT042100-00,0.9980,1001.86,yes
2026-10-05T00:58:51.110107Z,KXBTC15M-26OCT042100-00,0.9980,1.03,yes
2026-10-05T00:58:51.193647Z,KXBTC15M-26OCT042100-00,0.9970,0.01,no
2026-10-05T00:58:51.193647Z,KXBTC15M-26OCT042100-00,0.9970,27.68,no
2026-10-05T00:58:51.193647Z,KXBTC15M-26OCT042100-00,0.9970,15.34,no
2026-10-05T00:58:51.193647Z,KXBTC15M-26OCT042100-00,0.9970,0.01,no
2026-10-05T00:58:51.222166Z,KXBTC15M-26OCT042100-00,0.9970,9.57,no
2026-10-05T00:58:51.222166Z,KXBTC15M-26OCT042100-00,0.9970,72.32,no
2026-10-05T00:58:51.236508Z,KXBTC15M-26OCT042100-00,0.9980,7.56,yes
2026-10-05T00:58:51.23929Z,KXBTC15M-26OCT042100-00,0.9970,305.35,no
2026-10-05T00:58:51.269984Z,KXBTC15M-26OCT042100-00,0.9970,4.05,no
2026-10-05T00:58:51.299831Z,KXBTC15M-26OCT042100-00,0.9930,10.00,no
2026-10-05T00:58:51.299831Z,KXBTC15M-26OCT042100-00,0.9920,244.97,no
2026-10-05T00:58:51.299831Z,KXBTC15M-26OCT042100-00,0.9920,107.53,no
2026-10-05T00:58:51.299831Z,KXBTC15M-26OCT042100-00,0.9970,400.00,no
2026-10-05T00:58:51.299831Z,KXBTC15M-26OCT042100-00,0.9970,7.56,no
2026-10-05T00:58:51.299831Z,KXBTC15M-26OCT042100-00,0.9970,0.01,no
2026-10-05T00:58:51.299831Z,KXBTC15M-26OCT042100-00,0.9970,1.03,no
2026-10-05T00:58:51.299831Z,KXBTC15M-26OCT042100-00,0.9960,200.00,no
2026-10-05T00:58:51.299831Z,KXBTC15M-26OCT042100-00,0.9970,0.01,no
2026-10-05T00:58:51.299831Z,KXBTC15M-26OCT042100-00,0.9970,100.00,no
2026-10-05T00:58:51.299831Z,KXBTC15M-26OCT042100-00,0.9970,682.89,no
2026-10-05T00:58:51.299831Z,KXBTC15M-26OCT042100-00,0.9940,123.00,no
2026-10-05T00:58:51.299831Z,KXBTC15M-26OCT042100-00,0.9930,15.00,no
2026-10-05T00:58:51.331205Z,KXBTC15M-26OCT042100-00,0.9920,52.97,no
2026-10-05T00:58:51.331205Z,KXBTC15M-26OCT042100-00,0.9920,30.00,no
2026-10-05T00:58:51.331205Z,KXBTC15M-26OCT042100-00,0.9920,5.03,no
2026-10-05T00:58:51.331205Z,KXBTC15M-26OCT042100-00,0.9920,12.00,no
2026-10-05T00:58:51.331205Z,KXBTC15M-26OCT042100-00,0.9920,100.00,no
2026-10-05T00:58:51.361627Z,KXBTC15M-26OCT042100-00,0.9950,0.01,yes
2026-10-05T00:58:51.361627Z,KXBTC15M-26OCT042100-00,0.9950,0.01,yes
2026-10-05T00:58:51.361627Z,KXBTC15M-26OCT042100-00,0.9960,10.06,yes
2026-10-05T00:58:51.397968Z,KXBTC15M-26OCT042100-00,0.9950,0.01,yes
2026-10-05T00:58:51.397968Z,KXBTC15M-26OCT042100-00,0.9960,0.03,yes
2026-10-05T00:58:51.397968Z,KXBTC15M-26OCT042100-00,0.9950,0.01,yes
2026-10-05T00:58:51.397968Z,KXBTC15M-26OCT042100-00,0.9960,0.01,yes
2026-10-05T00:58:51.418751Z,KXBTC15M-26OCT042100-00,0.9960,0.01,yes
2026-10-05T00:58:51.418751Z,KXBTC15M-26OCT042100-00,0.9960,0.01,yes
2026-10-05T00:58:51.418751Z,KXBTC15M-26OCT042100-00,0.9960,1.98,yes
2026-10-05T00:58:51.432299Z,KXBTC15M-26OCT042100-00,0.9960,0.01,yes
2026-10-05T00:58:51.432299Z,KXBTC15M-26OCT042100-00,0.9960,15.00,yes
2026-10-05T00:58:51.432299Z,KXBTC15M-26OCT042100-00,0.9960,0.01,yes
2026-10-05T00:58:51.432299Z,KXBTC15M-26OCT042100-00,0.9970,31.49,yes
2026-10-05T00:58:51.549155Z,KXBTC15M-26OCT042100-00,0.9950,0.01,no
2026-10-05T00:58:51.549155Z,KXBTC15M-26OCT042100-00,0.9950,100.00,no
2026-10-05T00:58:51.549155Z,KXBTC15M-26OCT042100-00,0.9950,0.01,no
2026-10-05T00:58:51.549155Z,KXBTC15M-26OCT042100-00,0.9950,18.51,no
2026-10-05T00:58:51.560823Z,KXBTC15M-26OCT042100-00,0.9950,14.05,no
2026-10-05T00:58:51.573545Z,KXBTC15M-26OCT042100-00,0.9910,336.54,no
2026-10-05T00:58:51.573545Z,KXBTC15M-26OCT042100-00,0.9950,500.00,no
2026-10-05T00:58:51.573545Z,KXBTC15M-26OCT042100-00,0.9910,2.00,no
2026-10-05T00:58:51.573545Z,KXBTC15M-26OCT042100-00,0.9950,0.01,no
2026-10-05T00:58:51.573545Z,KXBTC15M-26OCT042100-00,0.9920,12.00,no
2026-10-05T00:58:51.573545Z,KXBTC15M-26OCT042100-00,0.9950,0.01,no
2026-10-05T00:58:51.573545Z,KXBTC15M-26OCT042100-00,0.9950,367.44,no
2026-10-05T00:58:51.573545Z,KXBTC15M-26OCT042100-00,0.9950,100.00,no
2026-10-05T00:58:51.573545Z,KXBTC15M-26OCT042100-00,0.9930,123.00,no
2026-10-05T00:58:51.573545Z,KXBTC15M-26OCT042100-00,0.9940,200.00,no
2026-10-05T00:58:51.577708Z,KXBTC15M-26OCT042100-00,0.9970,584.98,yes
2026-10-05T00:58:51.577708Z,KXBTC15M-26OCT042100-00,0.9960,0.01,yes
2026-10-05T00:58:51.577708Z,KXBTC15M-26OCT042100-00,0.9970,200.00,yes
2026-10-05T00:58:51.577708Z,KXBTC15M-26OCT042100-00,0.9960,15.00,yes
2026-10-05T00:58:51.577708Z,KXBTC15M-26OCT042100-00,0.9960,0.01,yes
2026-10-05T00:58:51.577935Z,KXBTC15M-26OCT042100-00,0.9970,250.00,yes
2026-10-05T00:58:51.593335Z,KXBTC15M-26OCT042100-00,0.9950,0.01,yes
2026-10-05T00:58:51.593335Z,KXBTC15M-26OCT042100-00,0.9970,249.99,yes
2026-10-05T00:58:51.61936Z,KXBTC15M-26OCT042100-00,0.9940,0.01,no
2026-10-05T00:58:51.61936Z,KXBTC15M-26OCT042100-00,0.9940,27.92,no
2026-10-05T00:58:51.61936Z,KXBTC15M-26OCT042100-00,0.9940,0.01,no
2026-10-05T00:58:51.641177Z,KXBTC15M-26OCT042100-00,0.9950,0.01,yes
2026-10-05T00:58:51.641177Z,KXBTC15M-26OCT042100-00,0.9950,0.01,yes
2026-10-05T00:58:51.64419Z,KXBTC15M-26OCT042100-00,0.9950,0.98,no
2026-10-05T00:58:51.64419Z,KXBTC15M-26OCT042100-00,0.9940,16.64,no
2026-10-05T00:58:51.65144Z,KXBTC15M-26OCT042100-00,0.9950,0.01,no
2026-10-05T00:58:51.65144Z,KXBTC15M-26OCT042100-00,0.9950,0.01,no
2026-10-05T00:58:51.65144Z,KXBTC15M-26OCT042100-00,0.9950,52.53,no
2026-10-05T00:58:51.754951Z,KXBTC15M-26OCT042100-00,0.9950,15.74,no
2026-10-05T00:58:51.754951Z,KXBTC15M-26OCT042100-00,0.9950,0.01,no
2026-10-05T00:58:51.754951Z,KXBTC15M-26OCT042100-00,0.9950,0.01,no
2026-10-05T00:58:51.769859Z,KXBTC15M-26OCT042100-00,0.9960,0.01,yes
2026-10-05T00:58:51.769859Z,KXBTC15M-26OCT042100-00,0.9960,15.00,yes
2026-10-05T00:58:51.769859Z,KXBTC15M-26OCT042100-00,0.9960,0.01,yes
2026-10-05T00:58:51.769859Z,KXBTC15M-26OCT042100-00,0.9970,200.00,yes
2026-10-05T00:58:51.769859Z,KXBTC15M-26OCT042100-00,0.9970,74.00,yes
2026-10-05T00:58:51.769859Z,KXBTC15M-26OCT042100-00,0.9980,499.69,yes
2026-10-05T00:58:51.775866Z,KXBTC15M-26OCT042100-00,0.9950,70.02,no
2026-10-05T00:58:51.775866Z,KXBTC15M-26OCT042100-00,0.9950,84.26,no
2026-10-05T00:58:51.777696Z,KXBTC15M-26OCT042100-00,0.9970,16.00,yes
2026-10-05T00:58:51.777696Z,KXBTC15M-26OCT042100-00,0.9960,0.01,yes
2026-10-05T00:58:51.777696Z,KXBTC15M-26OCT042100-00,0.9960,0.01,yes
2026-10-05T00:58:51.812236Z,KXBTC15M-26OCT042100-00,0.9930,61.27,no
2026-10-05T00:58:51.812236Z,KXBTC15M-26OCT042100-00,0.9960,0.01,no
2026-10-05T00:58:51.812236Z,KXBTC15M-26OCT042100-00,0.9970,100.00,no
2026-10-05T00:58:51.812236Z,KXBTC15M-26OCT042100-00,0.9950,0.01,no
2026-10-05T00:58:51.812236Z,KXBTC15M-26OCT042100-00,0.9960,0.01,no
2026-10-05T00:58:51.812236Z,KXBTC15M-26OCT042100-00,0.9950,200.00,no
2026-10-05T00:58:51.812236Z,KXBTC15M-26OCT042100-00,0.9950,0.01,no
2026-10-05T00:58:51.812236Z,KXBTC15M-26OCT042100-00,0.9970,0.01,no
2026-10-05T00:58:51.812236Z,KXBTC15M-26OCT042100-00,0.9970,0.01,no
2026-10-05T00:58:51.812236Z,KXBTC15M-26OCT042100-00,0.9970,483.67,no
2026-10-05T00:58:51.812236Z,KXBTC15M-26OCT042100-00,0.9970,400.00,no
2026-10-05T00:58:51.849666Z,KXBTC15M-26OCT042100-00,0.9950,0.01,yes
2026-10-05T00:58:51.849666Z,KXBTC15M-26OCT042100-00,0.9950,0.01,yes
2026-10-05T00:58:51.860451Z,KXBTC15M-26OCT042100-00,0.9950,51.38,no
2026-10-05T00:58:51.912868Z,KXBTC15M-26OCT042100-00,0.9950,42.57,no
2026-10-05T00:58:51.933289Z,KXBTC15M-26OCT042100-00,0.9970,22.09,yes
2026-10-05T00:58:51.933289Z,KXBTC15M-26OCT042100-00,0.9970,0.01,yes
2026-10-05T00:58:51.933289Z,KXBTC15M-26OCT042100-00,0.9970,0.01,yes
2026-10-05T00:58:51.933289Z,KXBTC15M-26OCT042100-00,0.9970,16.00,yes
2026-10-05T00:58:51.936705Z,KXBTC15M-26OCT042100-00,0.9950,89.55,no
2026-10-05T00:58:51.946636Z,KXBTC15M-26OCT042100-00,0.9950,44.02,no
2026-10-05T00:58:51.965115Z,KXBTC15M-26OCT042100-00,0.9950,33.43,no
2026-10-05T00:58:51.992574Z,KXBTC15M-26OCT042100-00,0.9950,52.82,no
2026-10-05T00:58:52.010433Z,KXBTC15M-26OCT042100-00,0.9950,43.87,no
2026-10-05T00:58:52.045026Z,KXBTC15M-26OCT042100-00,0.9950,18.55,no
2026-10-05T00:58:52.066421Z,KXBTC15M-26OCT042100-00,0.9950,584.02,no
2026-10-05T00:58:52.085315Z,KXBTC15M-26OCT042100-00,0.9950,102.67,no
2026-10-05T00:58:52.148325Z,KXBTC15M-26OCT042100-00,0.9970,0.02,yes
2026-10-05T00:58:52.151755Z,KXBTC15M-26OCT042100-00,0.9970,0.01,yes
2026-10-05T00:58:52.151755Z,KXBTC15M-26OCT042100-00,0.9970,200.00,yes
2026-10-05T00:58:52.151755Z,KXBTC15M-26OCT042100-00,0.9970,0.98,yes
2026-10-05T00:58:52.151755Z,KXBTC15M-26OCT042100-00,0.9970,16.00,yes
2026-10-05T00:58:52.151755Z,KXBTC15M-26OCT042100-00,0.9970,66.00,yes
2026-10-05T00:58:52.151755Z,KXBTC15M-26OCT042100-00,0.9970,0.01,yes
2026-10-05T00:58:52.151755Z,KXBTC15M-26OCT042100-00,0.9980,384.96,yes
2026-10-05T00:58:52.158987Z,KXBTC15M-26OCT042100-00,0.9970,0.01,yes
2026-10-05T00:58:52.158987Z,KXBTC15M-26OCT042100-00,0.9970,16.00,yes
2026-10-05T00:58:52.158987Z,KXBTC15M-26OCT042100-00,0.9970,0.01,yes
2026-10-05T00:58:52.174437Z,KXBTC15M-26OCT042100-00,0.9970,16.00,yes
2026-10-05T00:58:52.174437Z,KXBTC15M-26OCT042100-00,0.9970,10.00,yes
2026-10-05T00:58:52.174437Z,KXBTC15M-26OCT042100-00,0.9970,0.01,yes
2026-10-05T00:58:52.226026Z,KXBTC15M-26OCT042100-00,0.9960,0.01,no
2026-10-05T00:58:52.226026Z,KXBTC15M-26OCT042100-00,0.9960,23.00,no
2026-10-05T00:58:52.226026Z,KXBTC15M-26OCT042100-00,0.9960,0.01,no
2026-10-05T00:58:52.226026Z,KXBTC15M-26OCT042100-00,0.9970,342.93,no
2026-10-05T00:58:52.226026Z,KXBTC15M-26OCT042100-00,0.9960,32.32,no
2026-10-05T00:58:52.250753Z,KXBTC15M-26OCT042100-00,0.9960,0.01,no
2026-10-05T00:58:52.250753Z,KXBTC15M-26OCT042100-00,0.9960,2.10,no
2026-10-05T00:58:52.250753Z,KXBTC15M-26OCT042100-00,0.9960,0.01,no
2026-10-05T00:58:52.258152Z,KXBTC15M-26OCT042100-00,0.9960,72.37,no
2026-10-05T00:58:52.30055Z,KXBTC15M-26OCT042100-00,0.9970,60.00,no
2026-10-05T00:58:52.316387Z,KXBTC15M-26OCT042100-00,0.9970,93.49,no
2026-10-05T00:58:52.449736Z,KXBTC15M-26OCT042100-00,0.9980,2.74,yes
2026-10-05T00:58:52.454142Z,KXBTC15M-26OCT042100-00,0.9980,0.11,yes
2026-10-05T00:58:52.465937Z,KXBTC15M-26OCT042100-00,0.9970,0.01,no
2026-10-05T00:58:52.465937Z,KXBTC15M-26OCT042100-00,0.9970,681.49,no
2026-10-05T00:58:52.465937Z,KXBTC15M-26OCT042100-00,0.9970,2.74,no
2026-10-05T00:58:52.465937Z,KXBTC15M-26OCT042100-00,0.9960,94.76,no
2026-10-05T00:58:52.465937Z,KXBTC15M-26OCT042100-00,0.9960,23.00,no
2026-10-05T00:58:52.465937Z,KXBTC15M-26OCT042100-00,0.9970,0.01,no
2026-10-05T00:58:52.465937Z,KXBTC15M-26OCT042100-00,0.9970,249.99,no
2026-10-05T00:58:52.493567Z,KXBTC15M-26OCT042100-00,0.9980,86.44,yes
2026-10-05T00:58:52.551616Z,KXBTC15M-26OCT042100-00,0.9980,600.00,yes
2026-10-05T00:58:52.574454Z,KXBTC15M-26OCT042100-00,0.9970,0.01,no
2026-10-05T00:58:52.574454Z,KXBTC15M-26OCT042100-00,0.9960,23.00,no
2026-10-05T00:58:52.574454Z,KXBTC15M-26OCT042100-00,0.9970,86.44,no
2026-10-05T00:58:52.574454Z,KXBTC15M-26OCT042100-00,0.9970,600.00,no
2026-10-05T00:58:52.574454Z,KXBTC15M-26OCT042100-00,0.9970,0.11,no
2026-10-05T00:58:52.574454Z,KXBTC15M-26OCT042100-00,0.9970,0.01,no
2026-10-05T00:58:52.574454Z,KXBTC15M-26OCT042100-00,0.9950,3063.02,no
2026-10-05T00:58:52.713141Z,KXBTC15M-26OCT042100-00,0.9970,0.01,no
2026-10-05T00:58:52.713141Z,KXBTC15M-26OCT042100-00,0.9960,86.55,no
2026-10-05T00:58:52.713141Z,KXBTC15M-26OCT042100-00,0.9970,0.01,no
2026-10-05T00:58:52.713141Z,KXBTC15M-26OCT042100-00,0.9950,989.43,no
2026-10-05T00:58:52.80126Z,KXBTC15M-26OCT042100-00,0.9980,5009.31,yes
2026-10-05T00:58:52.810117Z,KXBTC15M-26OCT042100-00,0.9980,9016.77,yes
2026-10-05T00:58:52.831256Z,KXBTC15M-26OCT042100-00,0.9980,320.00,yes
2026-10-05T00:58:52.832272Z,KXBTC15M-26OCT042100-00,0.9980,1.00,yes
2026-10-05T00:58:52.854049Z,KXBTC15M-26OCT042100-00,0.9970,10.69,no
2026-10-05T00:58:52.902026Z,KXBTC15M-26OCT042100-00,0.9970,8.17,no
2026-10-05T00:58:52.902026Z,KXBTC15M-26OCT042100-00,0.9970,1.00,no
2026-10-05T00:58:52.91496Z,KXBTC15M-26OCT042100-00,0.9980,9.90,yes
2026-10-05T00:58:52.962073Z,KXBTC15M-26OCT042100-00,0.9960,132.70,no
2026-10-05T00:58:52.962073Z,KXBTC15M-26OCT042100-00,0.9970,0.01,no
2026-10-05T00:58:52.992322Z,KXBTC15M-26OCT042100-00,0.9980,890.65,yes
2026-10-05T00:58:53.022856Z,KXBTC15M-26OCT042100-00,0.9970,934.89,no
2026-10-05T00:58:53.086065Z,KXBTC15M-26OCT042100-00,0.9970,186.97,no
2026-10-05T00:58:53.115626Z,KXBTC15M-26OCT042100-00,0.9970,908.00,no
2026-10-05T00:58:53.151864Z,KXBTC15M-26OCT042100-00,0.9970,3.00,no
2026-10-05T00:58:53.236512Z,KXBTC15M-26OCT042100-00,0.9970,100.00,no
2026-10-05T00:58:53.306405Z,KXBTC15M-26OCT042100-00,0.9970,13.43,no
2026-10-05T00:58:53.384904Z,KXBTC15M-26OCT042100-00,0.9970,822.00,no
2026-10-05T00:58:53.451036Z,KXBTC15M-26OCT042100-00,0.9980,10000.00,yes
2026-10-05T00:58:53.456599Z,KXBTC15M-26OCT042100-00,0.9980,7.50,yes
2026-10-05T00:58:53.459675Z,KXBTC15M-26OCT042100-00,0.9970,3.06,no
2026-10-05T00:58:53.474074Z,KXBTC15M-26OCT042100-00,0.9980,6011.18,yes
2026-10-05T00:58:53.550391Z,KXBTC15M-26OCT042100-00,0.9970,247.00,no
2026-10-05T00:58:53.610491Z,KXBTC15M-26OCT042100-00,0.9970,403.59,no
2026-10-05T00:58:53.614742Z,KXBTC15M-26OCT042100-00,0.9980,556.03,yes
2026-10-05T00:58:53.624875Z,KXBTC15M-26OCT042100-00,0.9970,150.12,no
2026-10-05T00:58:53.624875Z,KXBTC15M-26OCT042100-00,0.9970,1376.68,no
2026-10-05T00:58:53.690021Z,KXBTC15M-26OCT042100-00,0.9970,740.53,no
2026-10-05T00:58:53.690021Z,KXBTC15M-26OCT042100-00,0.9970,4.47,no
2026-10-05T00:58:53.715098Z,KXBTC15M-26OCT042100-00,0.9970,5.43,no
2026-10-05T00:58:53.715098Z,KXBTC15M-26OCT042100-00,0.9970,119.57,no
2026-10-05T00:58:53.730047Z,KXBTC15M-26OCT042100-00,0.9970,6.16,no
2026-10-05T00:58:53.734876Z,KXBTC15M-26OCT042100-00,0.9970,3.85,no
2026-10-05T00:58:53.828018Z,KXBTC15M-26OCT042100-00,0.9970,89.75,no
2026-10-05T00:58:53.833185Z,KXBTC15M-26OCT042100-00,0.9980,180.00,yes
2026-10-05T00:58:53.869897Z,KXBTC15M-26OCT042100-00,0.9970,21.39,no
2026-10-05T00:58:53.884059Z,KXBTC15M-26OCT042100-00,0.9970,305.35,no
2026-10-05T00:58:53.886264Z,KXBTC15M-26OCT042100-00,0.9980,53.00,yes
2026-10-05T00:58:53.901775Z,KXBTC15M-26OCT042100-00,0.9970,7.58,no
2026-10-05T00:58:53.947834Z,KXBTC15M-26OCT042100-00,0.9970,674.00,no
2026-10-05T00:58:53.961339Z,KXBTC15M-26OCT042100-00,0.9970,61.08,no
2026-10-05T00:58:53.974176Z,KXBTC15M-26OCT042100-00,0.9970,2.55,no
2026-10-05T00:58:53.97708Z,KXBTC15M-26OCT042100-00,0.9970,8.58,no
2026-10-05T00:58:54.009302Z,KXBTC15M-26OCT042100-00,0.9970,610.72,no
2026-10-05T00:58:54.009363Z,KXBTC15M-26OCT042100-00,0.9970,15.27,no
2026-10-05T00:58:54.011798Z,KXBTC15M-26OCT042100-00,0.9980,1.16,yes
2026-10-05T00:58:54.037463Z,KXBTC15M-26OCT042100-00,0.9970,3.06,no
2026-10-05T00:58:54.059284Z,KXBTC15M-26OCT042100-00,0.9970,305.35,no
2026-10-05T00:58:54.119211Z,KXBTC15M-26OCT042100-00,0.9970,300.00,no
2026-10-05T00:58:54.138581Z,KXBTC15M-26OCT042100-00,0.9970,610.72,no
2026-10-05T00:58:54.166722Z,KXBTC15M-26OCT042100-00,0.9970,3.00,no
2026-10-05T00:58:54.180339Z,KXBTC15M-26OCT042100-00,0.9970,117.72,no
2026-10-05T00:58:54.184338Z,KXBTC15M-26OCT042100-00,0.9970,3.00,no
2026-10-05T00:58:54.196474Z,KXBTC15M-26OCT042100-00,0.9980,8.50,yes
2026-10-05T00:58:54.206356Z,KXBTC15M-26OCT042100-00,0.9970,752.03,no
2026-10-05T00:58:54.206554Z,KXBTC15M-26OCT042100-00,0.9970,1.04,no
2026-10-05T00:58:54.234412Z,KXBTC15M-26OCT042100-00,0.9970,171.00,no
2026-10-05T00:58:54.237566Z,KXBTC15M-26OCT042100-00,0.9970,31.16,no
2026-10-05T00:58:54.240492Z,KXBTC15M-26OCT042100-00,0.9970,520.48,no
2026-10-05T00:58:54.242612Z,KXBTC15M-26OCT042100-00,0.9970,305.35,no
2026-10-05T00:58:54.253737Z,KXBTC15M-26OCT042100-00,0.9970,0.02,no
2026-10-05T00:58:54.254531Z,KXBTC15M-26OCT042100-00,0.9970,22.17,no
2026-10-05T00:58:54.267156Z,KXBTC15M-26OCT042100-00,0.9980,30.05,yes
2026-10-05T00:58:54.278358Z,KXBTC15M-26OCT042100-00,0.9970,45.12,no
2026-10-05T00:58:54.322669Z,KXBTC15M-26OCT042100-00,0.9980,15.82,yes
2026-10-05T00:58:54.323354Z,KXBTC15M-26OCT042100-00,0.9970,2.68,no
2026-10-05T00:58:54.340882Z,KXBTC15M-26OCT042100-00,0.9970,611.00,no
2026-10-05T00:58:54.354427Z,KXBTC15M-26OCT042100-00,0.9970,1832.13,no
2026-10-05T00:58:54.356543Z,KXBTC15M-26OCT042100-00,0.9970,380.00,no
2026-10-05T00:58:54.377814Z,KXBTC15M-26OCT042100-00,0.9980,200.37,yes
2026-10-05T00:58:54.378223Z,KXBTC15M-26OCT042100-00,0.9980,3.00,yes
2026-10-05T00:58:54.388358Z,KXBTC15M-26OCT042100-00,0.9970,155.79,no
2026-10-05T00:58:54.414823Z,KXBTC15M-26OCT042100-00,0.9970,111.69,no
2026-10-05T00:58:54.459552Z,KXBTC15M-26OCT042100-00,0.9970,64.25,no
2026-10-05T00:58:54.469073Z,KXBTC15M-26OCT042100-00,0.9970,26.37,no
2026-10-05T00:58:54.469701Z,KXBTC15M-26OCT042100-00,0.9970,24.02,no
2026-10-05T00:58:54.526227Z,KXBTC15M-26OCT042100-00,0.9970,10.17,no
2026-10-05T00:58:54.54082Z,KXBTC15M-26OCT042100-00,0.9970,30.53,no
2026-10-05T00:58:54.545113Z,KXBTC15M-26OCT042100-00,0.9970,0.90,no
2026-10-05T00:58:54.573397Z,KXBTC15M-26OCT042100-00,0.9970,43.70,no
2026-10-05T00:58:54.573397Z,KXBTC15M-26OCT042100-00,0.9970,509.30,no
2026-10-05T00:58:54.586255Z,KXBTC15M-26OCT042100-00,0.9970,305.35,no
2026-10-05T00:58:54.600325Z,KXBTC15M-26OCT042100-00,0.9970,305.35,no
2026-10-05T00:58:54.623241Z,KXBTC15M-26OCT042100-00,0.9980,10.02,yes
2026-10-05T00:58:54.63449Z,KXBTC15M-26OCT042100-00,0.9970,2438.31,no
2026-10-05T00:58:54.656076Z,KXBTC15M-26OCT042100-00,0.9970,10.69,no
2026-10-05T00:58:54.659938Z,KXBTC15M-26OCT042100-00,0.9980,10.02,yes
2026-10-05T00:58:54.6671Z,KXBTC15M-26OCT042100-00,0.9970,30.53,no
2026-10-05T00:58:54.687845Z,KXBTC15M-26OCT042100-00,0.9970,140.56,no
2026-10-05T00:58:54.69321Z,KXBTC15M-26OCT042100-00,0.9970,40.99,no
2026-10-05T00:58:54.694712Z,KXBTC15M-26OCT042100-00,0.9980,10.02,yes
2026-10-05T00:58:54.710017Z,KXBTC15M-26OCT042100-00,0.9980,19.00,yes
2026-10-05T00:58:54.728678Z,KXBTC15M-26OCT042100-00,0.9980,10.02,yes
2026-10-05T00:58:54.753375Z,KXBTC15M-26OCT042100-00,0.9970,929.03,no
2026-10-05T00:58:54.845197Z,KXBTC15M-26OCT042100-00,0.9970,501.00,no
2026-10-05T00:58:54.852103Z,KXBTC15M-26OCT042100-00,0.9970,6.16,no
2026-10-05T00:58:54.877993Z,KXBTC15M-26OCT042100-00,0.9980,153.35,yes
2026-10-05T00:58:54.880739Z,KXBTC15M-26OCT042100-00,0.9970,183.22,no
2026-10-05T00:58:54.885045Z,KXBTC15M-26OCT042100-00,0.9980,6168.24,yes
2026-10-05T00:58:54.885045Z,KXBTC15M-26OCT042100-00,0.9980,16373.69,yes
2026-10-05T00:58:54.91052Z,KXBTC15M-26OCT042100-00,0.9980,3425.94,yes
2026-10-05T00:58:54.91052Z,KXBTC15M-26OCT042100-00,0.9980,1639.17,yes
2026-10-05T00:58:54.910531Z,KXBTC15M-26OCT042100-00,0.9980,53.00,yes
2026-10-05T00:58:54.9105Z,KXBTC15M-26OCT042100-00,0.9980,200.37,yes
2026-10-05T00:58:54.910659Z,KXBTC15M-26OCT042100-00,0.9980,556.03,yes
2026-10-05T00:58:54.91077Z,KXBTC15M-26OCT042100-00,0.9980,95.06,yes
2026-10-05T00:58:54.910915Z,KXBTC15M-26OCT042100-00,0.9980,180.00,yes
2026-10-05T00:58:54.911094Z,KXBTC15M-26OCT042100-00,0.9980,30.05,yes
2026-10-05T00:58:54.911314Z,KXBTC15M-26OCT042100-00,0.9980,320.00,yes
2026-10-05T00:58:54.911406Z,KXBTC15M-26OCT042100-00,0.9980,153.35,yes
2026-10-05T00:58:54.911732Z,KXBTC15M-26OCT042100-00,0.9980,6011.18,yes
2026-10-05T00:58:54.914334Z,KXBTC15M-26OCT042100-00,0.9980,6168.24,yes
2026-10-05T00:58:54.945529Z,KXBTC15M-26OCT042100-00,0.9980,56.56,yes
2026-10-05T00:58:54.962136Z,KXBTC15M-26OCT042100-00,0.9970,12.46,no
2026-10-05T00:58:54.968659Z,KXBTC15M-26OCT042100-00,0.9980,307.64,yes
2026-10-05T00:58:54.968659Z,KXBTC15M-26OCT042100-00,0.9980,4737.36,yes
2026-10-05T00:58:54.975628Z,KXBTC15M-26OCT042100-00,0.9970,305.35,no
2026-10-05T00:58:54.984348Z,KXBTC15M-26OCT042100-00,0.9970,36.88,no
2026-10-05T00:58:55.050082Z,KXBTC15M-26OCT042100-00,0.9980,88.11,yes
2026-10-05T00:58:55.062489Z,KXBTC15M-26OCT042100-00,0.9980,17.29,yes
2026-10-05T00:58:55.128891Z,KXBTC15M-26OCT042100-00,0.9970,2000.00,no
2026-10-05T00:58:55.137316Z,KXBTC15M-26OCT042100-00,0.9970,454.00,no
2026-10-05T00:58:55.172028Z,KXBTC15M-26OCT042100-00,0.9970,0.62,no
2026-10-05T00:58:55.200903Z,KXBTC15M-26OCT042100-00,0.9980,113.47,yes
2026-10-05T00:58:55.276032Z,KXBTC15M-26OCT042100-00,0.9970,91.00,no
2026-10-05T00:58:55.282723Z,KXBTC15M-26OCT042100-00,0.9970,5.06,no
2026-10-05T00:58:55.283748Z,KXBTC15M-26OCT042100-00,0.9980,473.49,yes
2026-10-05T00:58:55.283748Z,KXBTC15M-26OCT042100-00,0.9980,885.03,yes
2026-10-05T00:58:55.296225Z,KXBTC15M-26OCT042100-00,0.9970,10.61,no
2026-10-05T00:58:55.340455Z,KXBTC15M-26OCT042100-00,0.9980,39.07,yes
2026-10-05T00:58:55.361707Z,KXBTC15M-26OCT042100-00,0.9970,261.73,no
2026-10-05T00:58:55.374154Z,KXBTC15M-26OCT042100-00,0.9980,75.90,yes
2026-10-05T00:58:55.374154Z,KXBTC15M-26OCT042100-00,0.9980,5.16,yes
2026-10-05T00:58:55.396107Z,KXBTC15M-26OCT042100-00,0.9970,411.00,no
2026-10-05T00:58:55.426728Z,KXBTC15M-26OCT042100-00,0.9980,19.78,yes
2026-10-05T00:58:55.435838Z,KXBTC15M-26OCT042100-00,0.9970,0.02,no
2026-10-05T00:58:55.438126Z,KXBTC15M-26OCT042100-00,0.9970,0.02,no
2026-10-05T00:58:55.438754Z,KXBTC15M-26OCT042100-00,0.9980,9.13,yes
2026-10-05T00:58:55.457944Z,KXBTC15M-26OCT042100-00,0.9970,305.35,no
2026-10-05T00:58:55.477749Z,KXBTC15M-26OCT042100-00,0.9980,901.67,yes
2026-10-05T00:58:55.492592Z,KXBTC15M-26OCT042100-00,0.9970,305.35,no
2026-10-05T00:58:55.509078Z,KXBTC15M-26OCT042100-00,0.9980,64.26,yes
2026-10-05T00:58:55.509078Z,KXBTC15M-26OCT042100-00,0.9980,35.92,yes
2026-10-05T00:58:55.513355Z,KXBTC15M-26OCT042100-00,0.9970,15.38,no
2026-10-05T00:58:55.518964Z,KXBTC15M-26OCT042100-00,0.9980,65.45,yes
2026-10-05T00:58:55.570806Z,KXBTC15M-26OCT042100-00,0.9980,889.65,yes
2026-10-05T00:58:55.694409Z,KXBTC15M-26OCT042100-00,0.9980,200.00,yes
2026-10-05T00:58:55.694409Z,KXBTC15M-26OCT042100-00,0.9980,3660.00,yes
2026-10-05T00:58:55.694409Z,KXBTC15M-26OCT042100-00,0.9980,17.00,yes
2026-10-05T00:58:55.694409Z,KXBTC15M-26OCT042100-00,0.9980,15.00,yes
2026-10-05T00:58:55.694409Z,KXBTC15M-26OCT042100-00,0.9980,15.00,yes
2026-10-05T00:58:55.694409Z,KXBTC15M-26OCT042100-00,0.9980,400.00,yes
2026-10-05T00:58:55.694409Z,KXBTC15M-26OCT042100-00,0.9980,477.48,yes
2026-10-05T00:58:55.694409Z,KXBTC15M-26OCT042100-00,0.9980,100.00,yes
2026-10-05T00:58:55.694409Z,KXBTC15M-26OCT042100-00,0.9980,141.00,yes
2026-10-05T00:58:55.694409Z,KXBTC15M-26OCT042100-00,0.9980,17.00,yes
2026-10-05T00:58:55.694409Z,KXBTC15M-26OCT042100-00,0.9980,0.01,yes
2026-10-05T00:58:55.694409Z,KXBTC15M-26OCT042100-00,0.9980,0.01,yes
2026-10-05T00:58:55.694409Z,KXBTC15M-26OCT042100-00,0.9980,2.00,yes
2026-10-05T00:58:55.694409Z,KXBTC15M-26OCT042100-00,0.9980,10.00,yes
2026-10-05T00:58:55.694409Z,KXBTC15M-26OCT042100-00,0.9980,10.00,yes
2026-10-05T00:58:55.694409Z,KXBTC15M-26OCT042100-00,0.9980,10.00,yes
2026-10-05T00:58:55.694409Z,KXBTC15M-26OCT042100-00,0.9980,14.19,yes
2026-10-05T00:58:55.694409Z,KXBTC15M-26OCT042100-00,0.9980,3.00,yes
2026-10-05T00:58:55.694409Z,KXBTC15M-26OCT042100-00,0.9980,3.00,yes
2026-10-05T00:58:55.694409Z,KXBTC15M-26OCT042100-00,0.9980,3.00,yes
2026-10-05T00:58:55.694409Z,KXBTC15M-26OCT042100-00,0.9980,26.00,yes
2026-10-05T00:58:55.694409Z,KXBTC15M-26OCT042100-00,0.9980,3.00,yes
2026-10-05T00:58:55.694409Z,KXBTC15M-26OCT042100-00,0.9980,3.00,yes
2026-10-05T00:58:55.694409Z,KXBTC15M-26OCT042100-00,0.9980,120.00,yes
2026-10-05T00:58:55.694409Z,KXBTC15M-26OCT042100-00,0.9980,308.98,yes
2026-10-05T00:58:55.694409Z,KXBTC15M-26OCT042100-00,0.9980,500.00,yes
2026-10-05T00:58:55.707908Z,KXBTC15M-26OCT042100-00,0.9980,311.59,no
2026-10-05T00:58:55.728873Z,KXBTC15M-26OCT042100-00,0.9980,14.05,no
2026-10-05T00:58:55.752499Z,KXBTC15M-26OCT042100-00,0.9980,372.00,no
2026-10-05T00:58:55.754782Z,KXBTC15M-26OCT042100-00,0.9980,110.33,no
2026-10-05T00:58:55.80301Z,KXBTC15M-26OCT042100-00,0.9980,150.00,no
2026-10-05T00:58:55.826279Z,KXBTC15M-26OCT042100-00,0.9990,2396.62,yes
2026-10-05T00:58:55.855461Z,KXBTC15M-26OCT042100-00,0.9980,23.91,no
2026-10-05T00:58:55.872786Z,KXBTC15M-26OCT042100-00,0.9990,4.12,yes
2026-10-05T00:58:55.902747Z,KXBTC15M-26OCT042100-00,0.9980,4.00,no
2026-10-05T00:58:55.908692Z,KXBTC15M-26OCT042100-00,0.9980,1.23,no
2026-10-05T00:58:55.917454Z,KXBTC15M-26OCT042100-00,0.9990,51.00,yes
2026-10-05T00:58:55.928244Z,KXBTC15M-26OCT042100-00,0.9990,4909.12,yes
2026-10-05T00:58:55.937788Z,KXBTC15M-26OCT042100-00,0.9980,1027.00,no
2026-10-05T00:58:56.016366Z,KXBTC15M-26OCT042100-00,0.9980,154.76,no
2026-10-05T00:58:56.045698Z,KXBTC15M-26OCT042100-00,0.9980,2000.00,no
2026-10-05T00:58:56.092889Z,KXBTC15M-26OCT042100-00,0.9980,41.18,no
2026-10-05T00:58:56.127897Z,KXBTC15M-26OCT042100-00,0.9980,360.00,no
2026-10-05T00:58:56.139885Z,KXBTC15M-26OCT042100-00,0.9980,35.12,no
2026-10-05T00:58:56.141787Z,KXBTC15M-26OCT042100-00,0.9980,20.94,no
2026-10-05T00:58:56.147541Z,KXBTC15M-26OCT042100-00,0.9980,2.00,no
2026-10-05T00:58:56.151929Z,KXBTC15M-26OCT042100-00,0.9980,155.79,no
2026-10-05T00:58:56.16903Z,KXBTC15M-26OCT042100-00,0.9980,0.89,no
2026-10-05T00:58:56.17879Z,KXBTC15M-26OCT042100-00,0.9990,300.27,yes
2026-10-05T00:58:56.182456Z,KXBTC15M-26OCT042100-00,0.9990,50.04,yes
2026-10-05T00:58:56.225537Z,KXBTC15M-26OCT042100-00,0.9990,3.00,yes
2026-10-05T00:58:56.22945Z,KXBTC15M-26OCT042100-00,0.9980,31.43,no
2026-10-05T00:58:56.288645Z,KXBTC15M-26OCT042100-00,0.9990,1.01,yes
2026-10-05T00:58:56.314249Z,KXBTC15M-26OCT042100-00,0.9980,0.44,no
2026-10-05T00:58:56.31759Z,KXBTC15M-26OCT042100-00,0.9980,1422.00,no
2026-10-05T00:58:56.374687Z,KXBTC15M-26OCT042100-00,0.9980,337.00,no
2026-10-05T00:58:56.376772Z,KXBTC15M-26OCT042100-00,0.9980,55.16,no
2026-10-05T00:58:56.400357Z,KXBTC15M-26OCT042100-00,0.9980,96.61,no
2026-10-05T00:58:56.402379Z,KXBTC15M-26OCT042100-00,0.9990,2224.06,yes
2026-10-05T00:58:56.417776Z,KXBTC15M-26OCT042100-00,0.9990,888.81,yes
2026-10-05T00:58:56.418499Z,KXBTC15M-26OCT042100-00,0.9990,100.09,yes
2026-10-05T00:58:56.50102Z,KXBTC15M-26OCT042100-00,0.9990,26.40,yes
2026-10-05T00:58:56.563893Z,KXBTC15M-26OCT042100-00,0.9980,458.01,no
2026-10-05T00:58:56.582382Z,KXBTC15M-26OCT042100-00,0.9980,417.27,no
2026-10-05T00:58:56.596558Z,KXBTC15M-26OCT042100-00,0.9980,7.09,no
2026-10-05T00:58:56.599181Z,KXBTC15M-26OCT042100-00,0.9980,21.00,no
2026-10-05T00:58:56.605145Z,KXBTC15M-26OCT042100-00,0.9980,5.12,no
2026-10-05T00:58:56.62149Z,KXBTC15M-26OCT042100-00,0.9980,0.24,no
2026-10-05T00:58:56.641922Z,KXBTC15M-26OCT042100-00,0.9990,100.09,yes
2026-10-05T00:58:56.645263Z,KXBTC15M-26OCT042100-00,0.9990,4.51,yes
2026-10-05T00:58:56.686604Z,KXBTC15M-26OCT042100-00,0.9980,8.87,no
2026-10-05T00:58:56.695659Z,KXBTC15M-26OCT042100-00,0.9980,11.28,no
2026-10-05T00:58:56.708278Z,KXBTC15M-26OCT042100-00,0.9990,204.66,yes
2026-10-05T00:58:56.72385Z,KXBTC15M-26OCT042100-00,0.9980,45.80,no
2026-10-05T00:58:56.731752Z,KXBTC15M-26OCT042100-00,0.9980,316.00,no
2026-10-05T00:58:56.757575Z,KXBTC15M-26OCT042100-00,0.9990,53.04,yes
2026-10-05T00:58:56.777126Z,KXBTC15M-26OCT042100-00,0.9980,75.00,no
2026-10-05T00:58:56.786281Z,KXBTC15M-26OCT042100-00,0.9980,62.00,no
2026-10-05T00:58:56.800726Z,KXBTC15M-26OCT042100-00,0.9990,527.00,yes
2026-10-05T00:58:56.813244Z,KXBTC15M-26OCT042100-00,0.9980,89.70,no
2026-10-05T00:58:56.863446Z,KXBTC15M-26OCT042100-00,0.9980,8.81,no
2026-10-05T00:58:56.926556Z,KXBTC15M-26OCT042100-00,0.9980,458.01,no
2026-10-05T00:58:56.942567Z,KXBTC15M-26OCT042100-00,0.9990,14.10,yes
2026-10-05T00:58:56.959834Z,KXBTC15M-26OCT042100-00,0.9980,4.94,no
2026-10-05T00:58:56.965712Z,KXBTC15M-26OCT042100-00,0.9990,18.60,yes
2026-10-05T00:58:57.01122Z,KXBTC15M-26OCT042100-00,0.9990,9.00,yes
2026-10-05T00:58:57.08743Z,KXBTC15M-26OCT042100-00,0.9980,2290.05,no
2026-10-05T00:58:57.125096Z,KXBTC15M-26OCT042100-00,0.9980,295.00,no
2026-10-05T00:58:57.143377Z,KXBTC15M-26OCT042100-00,0.9980,200.00,no
2026-10-05T00:58:57.14338Z,KXBTC15M-26OCT042100-00,0.9980,3.98,no
2026-10-05T00:58:57.145933Z,KXBTC15M-26OCT042100-00,0.9980,250.00,no
2026-10-05T00:58:57.202423Z,KXBTC15M-26OCT042100-00,0.9990,500.46,yes
2026-10-05T00:58:57.26198Z,KXBTC15M-26OCT042100-00,0.9990,0.55,yes
2026-10-05T00:58:57.292172Z,KXBTC15M-26OCT042100-00,0.9980,31.94,no
2026-10-05T00:58:57.341314Z,KXBTC15M-26OCT042100-00,0.9980,736.12,no
2026-10-05T00:58:57.405937Z,KXBTC15M-26OCT042100-00,0.9980,131.00,no
2026-10-05T00:58:57.420734Z,KXBTC15M-26OCT042100-00,0.9980,2157.25,no
2026-10-05T00:58:57.420734Z,KXBTC15M-26OCT042100-00,0.9980,286.67,no
2026-10-05T00:58:57.420734Z,KXBTC15M-26OCT042100-00,0.9980,0.01,no
2026-10-05T00:58:57.420734Z,KXBTC15M-26OCT042100-00,0.9980,51.00,no
2026-10-05T00:58:57.420734Z,KXBTC15M-26OCT042100-00,0.9980,2396.62,no
2026-10-05T00:58:57.420734Z,KXBTC15M-26OCT042100-00,0.9980,15.00,no
2026-10-05T00:58:57.420734Z,KXBTC15M-26OCT042100-00,0.9980,15.00,no
2026-10-05T00:58:57.420734Z,KXBTC15M-26OCT042100-00,0.9980,0.01,no
2026-10-05T00:58:57.420734Z,KXBTC15M-26OCT042100-00,0.9980,4909.12,no
2026-10-05T00:58:57.420734Z,KXBTC15M-26OCT042100-00,0.9980,4.12,no
2026-10-05T00:58:57.420734Z,KXBTC15M-26OCT042100-00,0.9980,500.00,no
2026-10-05T00:58:57.460464Z,KXBTC15M-26OCT042100-00,0.9980,276.00,no
2026-10-05T00:58:57.479963Z,KXBTC15M-26OCT042100-00,0.9980,55.44,no
2026-10-05T00:58:57.516977Z,KXBTC15M-26OCT042100-00,0.9980,5.52,no
2026-10-05T00:58:57.522068Z,KXBTC15M-26OCT042100-00,0.9990,2003.00,yes
2026-10-05T00:58:57.627521Z,KXBTC15M-26OCT042100-00,0.9990,20018.61,yes
2026-10-05T00:58:57.639404Z,KXBTC15M-26OCT042100-00,0.9980,45.80,no
2026-10-05T00:58:57.712856Z,KXBTC15M-26OCT042100-00,0.9980,47.99,no
2026-10-05T00:58:57.735348Z,KXBTC15M-26OCT042100-00,0.9990,9.01,yes
2026-10-05T00:58:57.782684Z,KXBTC15M-26OCT042100-00,0.9980,458.01,no
2026-10-05T00:58:57.817639Z,KXBTC15M-26OCT042100-00,0.9980,6.31,no
2026-10-05T00:58:57.879854Z,KXBTC15M-26OCT042100-00,0.9980,99.53,no
2026-10-05T00:58:57.941927Z,KXBTC15M-26OCT042100-00,0.9990,38.00,yes
2026-10-05T00:58:57.964183Z,KXBTC15M-26OCT042100-00,0.9980,4.59,no
2026-10-05T00:58:57.970898Z,KXBTC15M-26OCT042100-00,0.9980,458.01,no
2026-10-05T00:58:57.996333Z,KXBTC15M-26OCT042100-00,0.9990,107.75,yes
2026-10-05T00:58:58.004342Z,KXBTC15M-26OCT042100-00,0.9990,26.26,yes
2026-10-05T00:58:58.073634Z,KXBTC15M-26OCT042100-00,0.9990,20.00,yes
2026-10-05T00:58:58.144359Z,KXBTC15M-26OCT042100-00,0.9980,259.00,no
2026-10-05T00:58:58.165756Z,KXBTC15M-26OCT042100-00,0.9990,1381.28,yes
2026-10-05T00:58:58.174378Z,KXBTC15M-26OCT042100-00,0.9980,2.11,no
2026-10-05T00:58:58.213952Z,KXBTC15M-26OCT042100-00,0.9990,340.00,yes
2026-10-05T00:58:58.239406Z,KXBTC15M-26OCT042100-00,0.9980,458.01,no
2026-10-05T00:58:58.287313Z,KXBTC15M-26OCT042100-00,0.9980,404.52,no
2026-10-05T00:58:58.325419Z,KXBTC15M-26OCT042100-00,0.9990,3002.79,yes
2026-10-05T00:58:58.36329Z,KXBTC15M-26OCT042100-00,0.9980,458.01,no
2026-10-05T00:58:58.407286Z,KXBTC15M-26OCT042100-00,0.9990,7.67,yes
2026-10-05T00:58:58.416502Z,KXBTC15M-26OCT042100-00,0.9980,242.00,no
2026-10-05T00:58:58.521567Z,KXBTC15M-26OCT042100-00,0.9990,0.68,yes
2026-10-05T00:58:58.524564Z,KXBTC15M-26OCT042100-00,0.9980,118.00,no
2026-10-05T00:58:58.640887Z,KXBTC15M-26OCT042100-00,0.9980,4.53,no
2026-10-05T00:58:58.679153Z,KXBTC15M-26OCT042100-00,0.9980,11.03,no
2026-10-05T00:58:58.746066Z,KXBTC15M-26OCT042100-00,0.9980,81.57,no
2026-10-05T00:58:58.756268Z,KXBTC15M-26OCT042100-00,0.9980,73.07,no
2026-10-05T00:58:58.776549Z,KXBTC15M-26OCT042100-00,0.9980,227.00,no
2026-10-05T00:58:58.80974Z,KXBTC15M-26OCT042100-00,0.9980,23.00,no
2026-10-05T00:58:58.826747Z,KXBTC15M-26OCT042100-00,0.9990,18.26,yes
2026-10-05T00:58:58.826872Z,KXBTC15M-26OCT042100-00,0.9990,1.00,yes
2026-10-05T00:58:58.906414Z,KXBTC15M-26OCT042100-00,0.9990,2.00,yes
2026-10-05T00:58:58.936737Z,KXBTC15M-26OCT042100-00,0.9980,22.00,no
2026-10-05T00:58:58.946251Z,KXBTC15M-26OCT042100-00,0.9990,68.00,yes
2026-10-05T00:58:59.003089Z,KXBTC15M-26OCT042100-00,0.9980,155.28,no
2026-10-05T00:58:59.055683Z,KXBTC15M-26OCT042100-00,0.9980,91.33,no
2026-10-05T00:58:59.091125Z,KXBTC15M-26OCT042100-00,0.9980,1374.03,no
2026-10-05T00:58:59.132493Z,KXBTC15M-26OCT042100-00,0.9980,212.00,no
2026-10-05T00:58:59.141408Z,KXBTC15M-26OCT042100-00,0.9980,500.00,no
2026-10-05T00:58:59.183749Z,KXBTC15M-26OCT042100-00,0.9990,219.36,yes
2026-10-05T00:58:59.219371Z,KXBTC15M-26OCT042100-00,0.9980,26.33,no
2026-10-05T00:58:59.222726Z,KXBTC15M-26OCT042100-00,0.9980,0.31,no
2026-10-05T00:58:59.247254Z,KXBTC15M-26OCT042100-00,0.9980,15.00,no
2026-10-05T00:58:59.277978Z,KXBTC15M-26OCT042100-00,0.9980,16.14,no
2026-10-05T00:58:59.286654Z,KXBTC15M-26OCT042100-00,0.9990,1.00,yes
2026-10-05T00:58:59.298536Z,KXBTC15M-26OCT042100-00,0.9980,458.01,no
2026-10-05T00:58:59.333861Z,KXBTC15M-26OCT042100-00,0.9980,224.34,no
2026-10-05T00:58:59.398282Z,KXBTC15M-26OCT042100-00,0.9980,199.00,no
2026-10-05T00:58:59.460854Z,KXBTC15M-26OCT042100-00,0.9990,365.33,yes
2026-10-05T00:58:59.464929Z,KXBTC15M-26OCT042100-00,0.9990,5.00,yes
2026-10-05T00:58:59.466445Z,KXBTC15M-26OCT042100-00,0.9990,8.04,yes
2026-10-05T00:58:59.477686Z,KXBTC15M-26OCT042100-00,0.9980,303.49,no
2026-10-05T00:58:59.478703Z,KXBTC15M-26OCT042100-00,0.9980,132.82,no
2026-10-05T00:58:59.565126Z,KXBTC15M-26OCT042100-00,0.9990,372.51,yes
2026-10-05T00:58:59.583539Z,KXBTC15M-26OCT042100-00,0.9990,5004.65,yes
2026-10-05T00:58:59.606182Z,KXBTC15M-26OCT042100-00,0.9980,114.50,no
2026-10-05T00:58:59.65275Z,KXBTC15M-26OCT042100-00,0.9980,186.00,no
2026-10-05T00:58:59.721258Z,KXBTC15M-26OCT042100-00,0.9990,5.00,yes
2026-10-05T00:58:59.746288Z,KXBTC15M-26OCT042100-00,0.9990,754.83,yes
2026-10-05T00:58:59.754442Z,KXBTC15M-26OCT042100-00,0.9980,22.27,no
2026-10-05T00:58:59.794999Z,KXBTC15M-26OCT042100-00,0.9980,934.72,no
2026-10-05T00:58:59.900964Z,KXBTC15M-26OCT042100-00,0.9980,66.39,no
2026-10-05T00:58:59.915069Z,KXBTC15M-26OCT042100-00,0.9980,24.20,no
2026-10-05T00:58:59.940329Z,KXBTC15M-26OCT042100-00,0.9980,100.00,no
2026-10-05T00:58:59.942543Z,KXBTC15M-26OCT042100-00,0.9980,174.00,no
2026-10-05T00:58:59.951757Z,KXBTC15M-26OCT042100-00,0.9980,38.08,no
2026-10-05T00:58:59.954715Z,KXBTC15M-26OCT042100-00,0.9980,2681.00,no
2026-10-05T00:59:00.003403Z,KXBTC15M-26OCT042100-00,0.9980,28.57,no
2026-10-05T00:59:00.012919Z,KXBTC15M-26OCT042100-00,0.9980,448.66,no
2026-10-05T00:59:00.048284Z,KXBTC15M-26OCT042100-00,0.9990,1.00,yes
2026-10-05T00:59:00.06611Z,KXBTC15M-26OCT042100-00,0.9980,6.23,no
2026-10-05T00:59:00.074874Z,KXBTC15M-26OCT042100-00,0.9990,3000.00,yes
2026-10-05T00:59:00.086639Z,KXBTC15M-26OCT042100-00,0.9990,1001.00,yes
2026-10-05T00:59:00.099393Z,KXBTC15M-26OCT042100-00,0.9980,1.26,no
2026-10-05T00:59:00.142453Z,KXBTC15M-26OCT042100-00,0.9980,17.81,no
2026-10-05T00:59:00.145147Z,KXBTC15M-26OCT042100-00,0.9980,82.00,no
2026-10-05T00:59:00.163242Z,KXBTC15M-26OCT042100-00,0.9980,229.01,no
2026-10-05T00:59:00.211962Z,KXBTC15M-26OCT042100-00,0.9980,224.34,no
2026-10-05T00:59:00.214767Z,KXBTC15M-26OCT042100-00,0.9980,458.01,no
2026-10-05T00:59:00.220749Z,KXBTC15M-26OCT042100-00,0.9980,163.00,no
2026-10-05T00:59:00.248031Z,KXBTC15M-26OCT042100-00,0.9980,0.02,no
2026-10-05T00:59:00.29571Z,KXBTC15M-26OCT042100-00,0.9990,19.78,yes
2026-10-05T00:59:00.326916Z,KXBTC15M-26OCT042100-00,0.9980,2512.74,no
2026-10-05T00:59:00.326916Z,KXBTC15M-26OCT042100-00,0.9980,78.72,no
2026-10-05T00:59:00.352709Z,KXBTC15M-26OCT042100-00,0.9990,0.36,yes
2026-10-05T00:59:00.436779Z,KXBTC15M-26OCT042100-00,0.9990,400.00,yes
2026-10-05T00:59:00.452934Z,KXBTC15M-26OCT042100-00,0.9990,0.92,yes
2026-10-05T00:59:00.461131Z,KXBTC15M-26OCT042100-00,0.9980,5.05,no
2026-10-05T00:59:00.48484Z,KXBTC15M-26OCT042100-00,0.9980,153.00,no
2026-10-05T00:59:00.522879Z,KXBTC15M-26OCT042100-00,0.9990,2163.69,yes
2026-10-05T00:59:00.560607Z,KXBTC15M-26OCT042100-00,0.9990,646.51,yes
2026-10-05T00:59:00.582423Z,KXBTC15M-26OCT042100-00,0.9980,12.32,no
2026-10-05T00:59:00.625809Z,KXBTC15M-26OCT042100-00,0.9980,36.47,no
2026-10-05T00:59:00.641468Z,KXBTC15M-26OCT042100-00,0.9980,150.00,no
2026-10-05T00:59:00.681098Z,KXBTC15M-26OCT042100-00,0.9980,20.70,no
2026-10-05T00:59:00.720607Z,KXBTC15M-26OCT042100-00,0.9990,24.77,yes
2026-10-05T00:59:00.945126Z,KXBTC15M-26OCT042100-00,0.9980,4.21,no
2026-10-05T00:59:00.953259Z,KXBTC15M-26OCT042100-00,0.9990,410.41,yes
2026-10-05T00:59:00.954745Z,KXBTC15M-26OCT042100-00,0.9990,4080.57,yes
2026-10-05T00:59:00.972265Z,KXBTC15M-26OCT042100-00,0.9990,103.86,yes
2026-10-05T00:59:00.977998Z,KXBTC15M-26OCT042100-00,0.9990,164.25,yes
2026-10-05T00:59:01.029069Z,KXBTC15M-26OCT042100-00,0.9980,2290.05,no
2026-10-05T00:59:01.033157Z,KXBTC15M-26OCT042100-00,0.9990,620.00,yes
2026-10-05T00:59:01.051042Z,KXBTC15M-26OCT042100-00,0.9990,2759.15,yes
2026-10-05T00:59:01.063451Z,KXBTC15M-26OCT042100-00,0.9990,54.05,yes
2026-10-05T00:59:01.072072Z,KXBTC15M-26OCT042100-00,0.9990,10.01,yes
2026-10-05T00:59:01.12597Z,KXBTC15M-26OCT042100-00,0.9990,300.27,yes
2026-10-05T00:59:01.218296Z,KXBTC15M-26OCT042100-00,0.9980,458.01,no
2026-10-05T00:59:01.224377Z,KXBTC15M-26OCT042100-00,0.9980,9.85,no
2026-10-05T00:59:01.256636Z,KXBTC15M-26OCT042100-00,0.9980,70.95,no
2026-10-05T00:59:01.269048Z,KXBTC15M-26OCT042100-00,0.9990,1.00,yes
2026-10-05T00:59:01.367802Z,KXBTC15M-26OCT042100-00,0.9980,8264.00,no
2026-10-05T00:59:01.377339Z,KXBTC15M-26OCT042100-00,0.9990,103.91,yes
2026-10-05T00:59:01.429377Z,KXBTC15M-26OCT042100-00,0.9990,1.73,yes
2026-10-05T00:59:01.457255Z,KXBTC15M-26OCT042100-00,0.9990,5241.00,yes
2026-10-05T00:59:01.53157Z,KXBTC15M-26OCT042100-00,0.9980,27.05,no
2026-10-05T00:59:01.56814Z,KXBTC15M-26OCT042100-00,0.9980,247.69,no
2026-10-05T00:59:01.570279Z,KXBTC15M-26OCT042100-00,0.9980,69.89,no
2026-10-05T00:59:01.643679Z,KXBTC15M-26OCT042100-00,0.9980,458.01,no
2026-10-05T00:59:01.651315Z,KXBTC15M-26OCT042100-00,0.9990,15.82,yes
2026-10-05T00:59:01.655129Z,KXBTC15M-26OCT042100-00,0.9990,88.08,yes
2026-10-05T00:59:01.662453Z,KXBTC15M-26OCT042100-00,0.9990,521.48,yes
2026-10-05T00:59:01.669271Z,KXBTC15M-26OCT042100-00,0.9990,10.01,yes
2026-10-05T00:59:01.685488Z,KXBTC15M-26OCT042100-00,0.9990,2.15,yes
2026-10-05T00:59:01.710242Z,KXBTC15M-26OCT042100-00,0.9990,2.00,yes
2026-10-05T00:59:01.710242Z,KXBTC15M-26OCT042100-00,0.9990,185.39,yes
2026-10-05T00:59:01.710242Z,KXBTC15M-26OCT042100-00,0.9990,15.00,yes
2026-10-05T00:59:01.710242Z,KXBTC15M-26OCT042100-00,0.9990,10.00,yes
2026-10-05T00:59:01.710242Z,KXBTC15M-26OCT042100-00,0.9990,0.01,yes
2026-10-05T00:59:01.710242Z,KXBTC15M-26OCT042100-00,0.9990,35.00,yes
2026-10-05T00:59:01.710242Z,KXBTC15M-26OCT042100-00,0.9990,0.01,yes
2026-10-05T00:59:01.710242Z,KXBTC15M-26OCT042100-00,0.9990,15.00,yes
2026-10-05T00:59:01.710242Z,KXBTC15M-26OCT042100-00,0.9990,10.00,yes
2026-10-05T00:59:01.710242Z,KXBTC15M-26OCT042100-00,0.9990,10.00,yes
2026-10-05T00:59:01.710242Z,KXBTC15M-26OCT042100-00,0.9990,2218.99,yes
2026-10-05T00:59:01.710242Z,KXBTC15M-26OCT042100-00,0.9990,20.00,yes
2026-10-05T00:59:01.710242Z,KXBTC15M-26OCT042100-00,0.9990,17.00,yes
2026-10-05T00:59:01.710242Z,KXBTC15M-26OCT042100-00,0.9990,500.00,yes
2026-10-05T00:59:01.710242Z,KXBTC15M-26OCT042100-00,0.9990,20000.00,yes
2026-10-05T00:59:01.710242Z,KXBTC15M-26OCT042100-00,0.9990,500.00,yes
2026-10-05T00:59:01.710242Z,KXBTC15M-26OCT042100-00,0.9990,12.97,yes
2026-10-05T00:59:01.710242Z,KXBTC15M-26OCT042100-00,0.9990,20.95,yes
2026-10-05T00:59:01.710242Z,KXBTC15M-26OCT042100-00,0.9990,0.70,yes
2026-10-05T00:59:01.710242Z,KXBTC15M-26OCT042100-00,0.9990,75.00,yes
2026-10-05T00:59:01.710242Z,KXBTC15M-26OCT042100-00,0.9990,1141.53,yes
2026-10-05T00:59:01.710242Z,KXBTC15M-26OCT042100-00,0.9990,38.00,yes
2026-10-05T00:59:01.710242Z,KXBTC15M-26OCT042100-00,0.9990,75.00,yes
2026-10-05T00:59:01.710242Z,KXBTC15M-26OCT042100-00,0.9990,75.00,yes
2026-10-05T00:59:01.710242Z,KXBTC15M-26OCT042100-00,0.9990,2.00,yes
2026-10-05T00:59:01.710242Z,KXBTC15M-26OCT042100-00,0.9990,3000.00,yes
2026-10-05T00:59:01.710242Z,KXBTC15M-26OCT042100-00,0.9990,120.00,yes
2026-10-05T00:59:01.710242Z,KXBTC15M-26OCT042100-00,0.9990,200.00,yes
2026-10-05T00:59:01.710242Z,KXBTC15M-26OCT042100-00,0.9990,100.00,yes
2026-10-05T00:59:01.710242Z,KXBTC15M-26OCT042100-00,0.9990,200.00,yes
2026-10-05T00:59:01.710242Z,KXBTC15M-26OCT042100-00,0.9990,36704.64,yes
2026-10-05T00:59:01.710242Z,KXBTC15M-26OCT042100-00,0.9990,2000.00,yes
2026-10-05T00:59:01.710242Z,KXBTC15M-26OCT042100-00,0.9990,200.00,yes
2026-10-05T00:59:01.710242Z,KXBTC15M-26OCT042100-00,0.9990,1.00,yes
2026-10-05T00:59:01.710242Z,KXBTC15M-26OCT042100-00,0.9990,1.00,yes
2026-10-05T00:59:01.710242Z,KXBTC15M-26OCT042100-00,0.9990,1.00,yes
2026-10-05T00:59:01.720813Z,KXBTC15M-26OCT042100-00,0.9990,52.05,no
2026-10-05T00:59:01.789358Z,KXBTC15M-26OCT042100-00,0.9990,10000.00,no
2026-10-05T00:59:01.874417Z,KXBTC15M-26OCT042100-00,0.9990,135.54,no
2026-10-05T00:59:01.887303Z,KXBTC15M-26OCT042100-00,0.9990,239.69,no
2026-10-05T00:59:01.906683Z,KXBTC15M-26OCT042100-00,0.9990,512.00,no
2026-10-05T00:59:01.964314Z,KXBTC15M-26OCT042100-00,0.9990,250.00,no
2026-10-05T00:59:02.006942Z,KXBTC15M-26OCT042100-00,0.9990,3.03,no
2026-10-05T00:59:02.01064Z,KXBTC15M-26OCT042100-00,0.9990,934.72,no
2026-10-05T00:59:02.31044Z,KXBTC15M-26OCT042100-00,0.9990,6.02,no
2026-10-05T00:59:02.411825Z,KXBTC15M-26OCT042100-00,0.9990,10.05,no
2026-10-05T00:59:02.512661Z,KXBTC15M-26OCT042100-00,0.9990,5.36,no
2026-10-05T00:59:02.624264Z,KXBTC15M-26OCT042100-00,0.9990,5.15,no
2026-10-05T00:59:02.783889Z,KXBTC15M-26OCT042100-00,0.9990,1831.90,no
2026-10-05T00:59:02.795511Z,KXBTC15M-26OCT042100-00,0.9990,0.45,no
2026-10-05T00:59:02.929592Z,KXBTC15M-26OCT042100-00,0.9990,915.99,no
2026-10-05T00:59:02.943338Z,KXBTC15M-26OCT042100-00,0.9990,10.07,no
2026-10-05T00:59:03.023555Z,KXBTC15M-26OCT042100-00,0.9990,915.99,no
2026-10-05T00:59:03.030384Z,KXBTC15M-26OCT042100-00,0.9990,915.99,no
2026-10-05T00:59:03.038066Z,KXBTC15M-26OCT042100-00,0.9990,68.85,no
2026-10-05T00:59:03.147741Z,KXBTC15M-26OCT042100-00,0.9990,915.99,no
2026-10-05T00:59:03.239324Z,KXBTC15M-26OCT042100-00,0.9990,1831.90,no
2026-10-05T00:59:03.346941Z,KXBTC15M-26OCT042100-00,0.9990,146.59,no
2026-10-05T00:59:03.366315Z,KXBTC15M-26OCT042100-00,0.9990,5.00,no
2026-10-05T00:59:03.388314Z,KXBTC15M-26OCT042100-00,0.9990,915.99,no
2026-10-05T00:59:03.49555Z,KXBTC15M-26OCT042100-00,0.9990,134.44,no
2026-10-05T00:59:03.548551Z,KXBTC15M-26OCT042100-00,0.9990,448.69,no
2026-10-05T00:59:03.591862Z,KXBTC15M-26OCT042100-00,0.9990,107.16,no
2026-10-05T00:59:03.594291Z,KXBTC15M-26OCT042100-00,0.9990,100.00,no
2026-10-05T00:59:03.596841Z,KXBTC15M-26OCT042100-00,0.9990,6.00,no
2026-10-05T00:59:03.686494Z,KXBTC15M-26OCT042100-00,0.9990,897.30,no
2026-10-05T00:59:03.689518Z,KXBTC15M-26OCT042100-00,0.9990,53.55,no
2026-10-05T00:59:03.838268Z,KXBTC15M-26OCT042100-00,0.9990,20.96,no
2026-10-05T00:59:03.976548Z,KXBTC15M-26OCT042100-00,0.9990,7.00,no
2026-10-05T00:59:03.978998Z,KXBTC15M-26OCT042100-00,0.9990,91.62,no
2026-10-05T00:59:04.086856Z,KXBTC15M-26OCT042100-00,0.9990,637.07,no
2026-10-05T00:59:04.158594Z,KXBTC15M-26OCT042100-00,0.9990,934.69,no
2026-10-05T00:59:04.225616Z,KXBTC15M-26OCT042100-00,0.9990,10.35,no
2026-10-05T00:59:04.359832Z,KXBTC15M-26OCT042100-00,0.9990,4.93,no
2026-10-05T00:59:04.367702Z,KXBTC15M-26OCT042100-00,0.9990,457.82,no
2026-10-05T00:59:04.644483Z,KXBTC15M-26OCT042100-00,0.9990,64.59,no
2026-10-05T00:59:04.6851Z,KXBTC15M-26OCT042100-00,0.9990,14.71,no
2026-10-05T00:59:04.76826Z,KXBTC15M-26OCT042100-00,0.9990,5.81,no
2026-10-05T00:59:04.964769Z,KXBTC15M-26OCT042100-00,0.9990,21.10,no
2026-10-05T00:59:05.077506Z,KXBTC15M-26OCT042100-00,0.9990,3.08,no
2026-10-05T00:59:05.091694Z,KXBTC15M-26OCT042100-00,0.9990,1.76,no
2026-10-05T00:59:05.17873Z,KXBTC15M-26OCT042100-00,0.9990,18.69,no
2026-10-05T00:59:05.184548Z,KXBTC15M-26OCT042100-00,0.9990,10.71,no
2026-10-05T00:59:05.185839Z,KXBTC15M-26OCT042100-00,0.9990,44.33,no
2026-10-05T00:59:05.221037Z,KXBTC15M-26OCT042100-00,0.9990,167.34,no
2026-10-05T00:59:05.32334Z,KXBTC15M-26OCT042100-00,0.9990,33.73,no
2026-10-05T00:59:05.401036Z,KXBTC15M-26OCT042100-00,0.9990,1.00,no
2026-10-05T00:59:05.412132Z,KXBTC15M-26OCT042100-00,0.9990,915.99,no
2026-10-05T00:59:05.52749Z,KXBTC15M-26OCT042100-00,0.9990,1056.83,no
2026-10-05T00:59:05.580337Z,KXBTC15M-26OCT042100-00,0.9990,39.07,no
2026-10-05T00:59:05.622775Z,KXBTC15M-26OCT042100-00,0.9990,200.00,no
2026-10-05T00:59:05.725976Z,KXBTC15M-26OCT042100-00,0.9990,915.99,no
2026-10-05T00:59:05.743031Z,KXBTC15M-26OCT042100-00,0.9990,3.78,no
2026-10-05T00:59:05.789664Z,KXBTC15M-26OCT042100-00,0.9990,1335.00,no
2026-10-05T00:59:05.841749Z,KXBTC15M-26OCT042100-00,0.9990,251.00,no
2026-10-05T00:59:05.880982Z,KXBTC15M-26OCT042100-00,0.9990,9159.55,no
2026-10-05T00:59:05.978937Z,KXBTC15M-26OCT042100-00,0.9990,12.00,no
2026-10-05T00:59:06.203007Z,KXBTC15M-26OCT042100-00,0.9990,89.75,no
2026-10-05T00:59:06.210343Z,KXBTC15M-26OCT042100-00,0.9990,892.79,no
2026-10-05T00:59:06.357311Z,KXBTC15M-26OCT042100-00,0.9990,1.03,no
2026-10-05T00:59:06.399626Z,KXBTC15M-26OCT042100-00,0.9990,2.94,no
2026-10-05T00:59:06.516373Z,KXBTC15M-26OCT042100-00,0.9990,234.61,no
2026-10-05T00:59:06.902064Z,KXBTC15M-26OCT042100-00,0.9990,1.39,no
2026-10-05T00:59:06.969505Z,KXBTC15M-26OCT042100-00,0.9990,2.00,no
2026-10-05T00:59:07.067594Z,KXBTC15M-26OCT042100-00,0.9990,10.07,no
2026-10-05T00:59:07.112183Z,KXBTC15M-26OCT042100-00,0.9990,1.43,no
2026-10-05T00:59:07.190119Z,KXBTC15M-26OCT042100-00,0.9990,0.26,no
2026-10-05T00:59:07.290486Z,KXBTC15M-26OCT042100-00,0.9990,10.34,no
2026-10-05T00:59:07.355746Z,KXBTC15M-26OCT042100-00,0.9990,125.00,no
2026-10-05T00:59:07.370432Z,KXBTC15M-26OCT042100-00,0.9990,1046.79,no
2026-10-05T00:59:07.403773Z,KXBTC15M-26OCT042100-00,0.9990,915.99,no
2026-10-05T00:59:07.475258Z,KXBTC15M-26OCT042100-00,0.9990,200.00,no
2026-10-05T00:59:07.589248Z,KXBTC15M-26OCT042100-00,0.9990,1.20,no
2026-10-05T00:59:07.84545Z,KXBTC15M-26OCT042100-00,0.9990,9159.55,no
2026-10-05T00:59:07.955476Z,KXBTC15M-26OCT042100-00,0.9990,280.39,no
2026-10-05T00:59:08.130265Z,KXBTC15M-26OCT042100-00,0.9990,5.75,no
2026-10-05T00:59:08.354998Z,KXBTC15M-26OCT042100-00,0.9990,533.40,no
2026-10-05T00:59:08.464061Z,KXBTC15M-26OCT042100-00,0.9990,182.51,no
2026-10-05T00:59:08.521139Z,KXBTC15M-26OCT042100-00,0.9990,2800.00,no
2026-10-05T00:59:08.550809Z,KXBTC15M-26OCT042100-00,0.9990,4579.77,no
2026-10-05T00:59:08.56897Z,KXBTC15M-26OCT042100-00,0.9990,131.04,no
2026-10-05T00:59:08.582045Z,KXBTC15M-26OCT042100-00,0.9990,915.99,no
2026-10-05T00:59:08.619867Z,KXBTC15M-26OCT042100-00,0.9990,29.21,no
2026-10-05T00:59:08.762278Z,KXBTC15M-26OCT042100-00,0.9990,915.99,no
2026-10-05T00:59:08.802333Z,KXBTC15M-26OCT042100-00,0.9990,15.89,no
2026-10-05T00:59:08.915742Z,KXBTC15M-26OCT042100-00,0.9990,467.39,no
2026-10-05T00:59:08.947254Z,KXBTC15M-26OCT042100-00,0.9990,586.22,no
2026-10-05T00:59:08.957622Z,KXBTC15M-26OCT042100-00,0.9990,92.00,no
2026-10-05T00:59:08.989839Z,KXBTC15M-26OCT042100-00,0.9990,915.99,no
2026-10-05T00:59:09.109864Z,KXBTC15M-26OCT042100-00,0.9990,714.52,no
2026-10-05T00:59:09.146875Z,KXBTC15M-26OCT042100-00,0.9990,24.53,no
2026-10-05T00:59:09.276154Z,KXBTC15M-26OCT042100-00,0.9990,8.48,no
2026-10-05T00:59:09.340557Z,KXBTC15M-26OCT042100-00,0.9990,440.00,no
2026-10-05T00:59:09.359993Z,KXBTC15M-26OCT042100-00,0.9990,12.00,no
2026-10-05T00:59:09.401231Z,KXBTC15M-26OCT042100-00,0.9990,60.02,no
2026-10-05T00:59:09.407777Z,KXBTC15M-26OCT042100-00,0.9990,915.99,no
2026-10-05T00:59:09.479048Z,KXBTC15M-26OCT042100-00,0.9990,5.29,no
2026-10-05T00:59:09.593616Z,KXBTC15M-26OCT042100-00,0.9990,10.31,no
2026-10-05T00:59:09.72806Z,KXBTC15M-26OCT042100-00,0.9990,68.71,no
2026-10-05T00:59:09.757594Z,KXBTC15M-26OCT042100-00,0.9990,915.99,no
2026-10-05T00:59:09.95255Z,KXBTC15M-26OCT042100-00,0.9990,9159.55,no
2026-10-05T00:59:09.961769Z,KXBTC15M-26OCT042100-00,0.9990,915.99,no
2026-10-05T00:59:10.013031Z,KXBTC15M-26OCT042100-00,0.9990,0.01,no
2026-10-05T00:59:10.043504Z,KXBTC15M-26OCT042100-00,0.9990,307.00,no
2026-10-05T00:59:10.110819Z,KXBTC15M-26OCT042100-00,0.9990,438.00,no
2026-10-05T00:59:10.138043Z,KXBTC15M-26OCT042100-00,0.9990,0.90,no
2026-10-05T00:59:10.138258Z,KXBTC15M-26OCT042100-00,0.9990,4673.24,no
2026-10-05T00:59:10.231893Z,KXBTC15M-26OCT042100-00,0.9990,44.06,no
2026-10-05T00:59:10.259467Z,KXBTC15M-26OCT042100-00,0.9990,106.00,no
2026-10-05T00:59:10.311017Z,KXBTC15M-26OCT042100-00,0.9990,0.02,no
2026-10-05T00:59:10.318601Z,KXBTC15M-26OCT042100-00,0.9990,8.32,no
2026-10-05T00:59:10.813788Z,KXBTC15M-26OCT042100-00,0.9990,180.00,no
2026-10-05T00:59:10.871554Z,KXBTC15M-26OCT042100-00,0.9990,915.99,no
2026-10-05T00:59:10.910719Z,KXBTC15M-26OCT042100-00,0.9990,915.99,no
2026-10-05T00:59:10.94227Z,KXBTC15M-26OCT042100-00,0.9990,915.99,no
2026-10-05T00:59:11.107156Z,KXBTC15M-26OCT042100-00,0.9990,9.01,no
2026-10-05T00:59:11.30741Z,KXBTC15M-26OCT042100-00,0.9990,131.00,no
2026-10-05T00:59:11.371355Z,KXBTC15M-26OCT042100-00,0.9990,68.00,no
2026-10-05T00:59:11.526644Z,KXBTC15M-26OCT042100-00,0.9990,63.13,no
2026-10-05T00:59:11.796752Z,KXBTC15M-26OCT042100-00,0.9990,8.81,no
2026-10-05T00:59:11.996769Z,KXBTC15M-26OCT042100-00,0.9990,36.64,no
2026-10-05T00:59:12.075361Z,KXBTC15M-26OCT042100-00,0.9990,11.60,no
2026-10-05T00:59:12.429665Z,KXBTC15M-26OCT042100-00,0.9990,1208.51,no
2026-10-05T00:59:12.457578Z,KXBTC15M-26OCT042100-00,0.9990,6.06,no
2026-10-05T00:59:12.484405Z,KXBTC15M-26OCT042100-00,0.9990,641.57,no
2026-10-05T00:59:12.489702Z,KXBTC15M-26OCT042100-00,0.9990,9.20,no
2026-10-05T00:59:12.557051Z,KXBTC15M-26OCT042100-00,0.9990,214.19,no
2026-10-05T00:59:12.573312Z,KXBTC15M-26OCT042100-00,0.9990,26.20,no
2026-10-05T00:59:12.576117Z,KXBTC15M-26OCT042100-00,0.9990,5.10,no
2026-10-05T00:59:12.587139Z,KXBTC15M-26OCT042100-00,0.9990,458.04,no
2026-10-05T00:59:12.823547Z,KXBTC15M-26OCT042100-00,0.9990,327.15,no
2026-10-05T00:59:12.870294Z,KXBTC15M-26OCT042100-00,0.9990,33.49,no
2026-10-05T00:59:12.915581Z,KXBTC15M-26OCT042100-00,0.9990,2.57,no
2026-10-05T00:59:12.972131Z,KXBTC15M-26OCT042100-00,0.9990,405.68,no
2026-10-05T00:59:13.301856Z,KXBTC15M-26OCT042100-00,0.9990,91.62,no
2026-10-05T00:59:13.316471Z,KXBTC15M-26OCT042100-00,0.9990,90.00,no
2026-10-05T00:59:13.367265Z,KXBTC15M-26OCT042100-00,0.9990,45.85,no
2026-10-05T00:59:13.385652Z,KXBTC15M-26OCT042100-00,0.9990,329.76,no
2026-10-05T00:59:13.429307Z,KXBTC15M-26OCT042100-00,0.9990,115.20,no
2026-10-05T00:59:13.615253Z,KXBTC15M-26OCT042100-00,0.9990,50.24,no
2026-10-05T00:59:13.896269Z,KXBTC15M-26OCT042100-00,0.9990,146.59,no
2026-10-05T00:59:14.048001Z,KXBTC15M-26OCT042100-00,0.9990,915.99,no
2026-10-05T00:59:14.169163Z,KXBTC15M-26OCT042100-00,0.9990,10.00,no
2026-10-05T00:59:14.49066Z,KXBTC15M-26OCT042100-00,0.9990,22.36,no
2026-10-05T00:59:14.684704Z,KXBTC15M-26OCT042100-00,0.9990,433.24,no
2026-10-05T00:59:14.84423Z,KXBTC15M-26OCT042100-00,0.9990,1052.82,no
2026-10-05T00:59:15.118496Z,KXBTC15M-26OCT042100-00,0.9990,2.45,no
2026-10-05T00:59:15.121822Z,KXBTC15M-26OCT042100-00,0.9990,842.69,no
2026-10-05T00:59:15.191787Z,KXBTC15M-26OCT042100-00,0.9990,1.29,no
2026-10-05T00:59:15.346409Z,KXBTC15M-26OCT042100-00,0.9990,0.08,no
2026-10-05T00:59:15.362165Z,KXBTC15M-26OCT042100-00,0.9990,915.99,no
2026-10-05T00:59:15.45307Z,KXBTC15M-26OCT042100-00,0.9990,228.53,no
2026-10-05T00:59:15.603609Z,KXBTC15M-26OCT042100-00,0.9990,915.99,no
2026-10-05T00:59:15.894735Z,KXBTC15M-26OCT042100-00,0.9990,3.52,no
2026-10-05T00:59:16.018371Z,KXBTC15M-26OCT042100-00,0.9990,183.25,no
2026-10-05T00:59:16.107042Z,KXBTC15M-26OCT042100-00,0.9990,1831.90,no
2026-10-05T00:59:16.111717Z,KXBTC15M-26OCT042100-00,0.9990,9159.55,no
2026-10-05T00:59:16.134659Z,KXBTC15M-26OCT042100-00,0.9990,7.35,no
2026-10-05T00:59:16.223239Z,KXBTC15M-26OCT042100-00,0.9990,18.60,no
2026-10-05T00:59:16.246547Z,KXBTC15M-26OCT042100-00,0.9990,48.05,no
2026-10-05T00:59:16.284653Z,KXBTC15M-26OCT042100-00,0.9990,915.99,no
2026-10-05T00:59:16.294199Z,KXBTC15M-26OCT042100-00,0.9990,3.52,no
2026-10-05T00:59:16.44444Z,KXBTC15M-26OCT042100-00,0.9990,915.99,no
2026-10-05T00:59:16.445176Z,KXBTC15M-26OCT042100-00,0.9990,381.73,no
2026-10-05T00:59:16.72685Z,KXBTC15M-26OCT042100-00,0.9990,1831.90,no
2026-10-05T00:59:17.039325Z,KXBTC15M-26OCT042100-00,0.9990,2.09,no
2026-10-05T00:59:17.066781Z,KXBTC15M-26OCT042100-00,0.9990,11.72,no
2026-10-05T00:59:17.13887Z,KXBTC15M-26OCT042100-00,0.9990,167.32,no
2026-10-05T00:59:17.145747Z,KXBTC15M-26OCT042100-00,0.9990,25.16,no
2026-10-05T00:59:17.33284Z,KXBTC15M-26OCT042100-00,0.9990,13.60,no
2026-10-05T00:59:17.368541Z,KXBTC15M-26OCT042100-00,0.9990,91.62,no
2026-10-05T00:59:17.652303Z,KXBTC15M-26OCT042100-00,0.9990,915.99,no
2026-10-05T00:59:17.657837Z,KXBTC15M-26OCT042100-00,0.9990,279.01,no
2026-10-05T00:59:17.725898Z,KXBTC15M-26OCT042100-00,0.9990,18.69,no
2026-10-05T00:59:17.742611Z,KXBTC15M-26OCT042100-00,0.9990,915.99,no
2026-10-05T00:59:17.970619Z,KXBTC15M-26OCT042100-00,0.9990,57.20,no
2026-10-05T00:59:18.06863Z,KXBTC15M-26OCT042100-00,0.9990,2.20,no
2026-10-05T00:59:18.113747Z,KXBTC15M-26OCT042100-00,0.9990,26.21,no
2026-10-05T00:59:18.255748Z,KXBTC15M-26OCT042100-00,0.9990,47.14,no
2026-10-05T00:59:18.268808Z,KXBTC15M-26OCT042100-00,0.9990,67.70,no
2026-10-05T00:59:18.398732Z,KXBTC15M-26OCT042100-00,0.9990,3.58,no
2026-10-05T00:59:18.461738Z,KXBTC15M-26OCT042100-00,0.9990,915.99,no
2026-10-05T00:59:18.811969Z,KXBTC15M-26OCT042100-00,0.9990,21.25,no
2026-10-05T00:59:18.849823Z,KXBTC15M-26OCT042100-00,0.9990,35.00,no
2026-10-05T00:59:18.858592Z,KXBTC15M-26OCT042100-00,0.9990,65.49,no
2026-10-05T00:59:19.201887Z,KXBTC15M-26OCT042100-00,0.9990,36.07,no
2026-10-05T00:59:19.245313Z,KXBTC15M-26OCT042100-00,0.9990,668.64,no
2026-10-05T00:59:19.269862Z,KXBTC15M-26OCT042100-00,0.9990,915.99,no
2026-10-05T00:59:19.290164Z,KXBTC15M-26OCT042100-00,0.9990,33.17,no
2026-10-05T00:59:19.408867Z,KXBTC15M-26OCT042100-00,0.9990,2.00,no
2026-10-05T00:59:19.650976Z,KXBTC15M-26OCT042100-00,0.9990,915.99,no
2026-10-05T00:59:19.702611Z,KXBTC15M-26OCT042100-00,0.9990,52.96,no
2026-10-05T00:59:19.954546Z,KXBTC15M-26OCT042100-00,0.9990,100.00,no
2026-10-05T00:59:19.985131Z,KXBTC15M-26OCT042100-00,0.9990,21.86,no
2026-10-05T00:59:20.234182Z,KXBTC15M-26OCT042100-00,0.9990,0.02,no
2026-10-05T00:59:20.238583Z,KXBTC15M-26OCT042100-00,0.9990,0.02,no
2026-10-05T00:59:20.238819Z,KXBTC15M-26OCT042100-00,0.9990,0.02,no
2026-10-05T00:59:20.325494Z,KXBTC15M-26OCT042100-00,0.9990,301.07,no
2026-10-05T00:59:20.593965Z,KXBTC15M-26OCT042100-00,0.9990,20.94,no
2026-10-05T00:59:20.775771Z,KXBTC15M-26OCT042100-00,0.9990,915.99,no
2026-10-05T00:59:21.072071Z,KXBTC15M-26OCT042100-00,0.9990,9.04,no
2026-10-05T00:59:21.226011Z,KXBTC15M-26OCT042100-00,0.9990,219.36,no
2026-10-05T00:59:21.226011Z,KXBTC15M-26OCT042100-00,0.9990,372.51,no
2026-10-05T00:59:21.226011Z,KXBTC15M-26OCT042100-00,0.9990,365.33,no
2026-10-05T00:59:21.226011Z,KXBTC15M-26OCT042100-00,0.9990,18.26,no
2026-10-05T00:59:21.226011Z,KXBTC15M-26OCT042100-00,0.9990,68.00,no
2026-10-05T00:59:21.226011Z,KXBTC15M-26OCT042100-00,0.9990,107.75,no
2026-10-05T00:59:21.226011Z,KXBTC15M-26OCT042100-00,0.9990,340.00,no
2026-10-05T00:59:21.226011Z,KXBTC15M-26OCT042100-00,0.9990,20.00,no
2026-10-05T00:59:21.226011Z,KXBTC15M-26OCT042100-00,0.9990,26.26,no
2026-10-05T00:59:21.226011Z,KXBTC15M-26OCT042100-00,0.9990,36140.55,no
2026-10-05T00:59:21.226011Z,KXBTC15M-26OCT042100-00,0.9990,103.91,no
2026-10-05T00:59:21.226011Z,KXBTC15M-26OCT042100-00,0.9990,54.05,no
2026-10-05T00:59:21.226011Z,KXBTC15M-26OCT042100-00,0.9990,98.75,no
2026-10-05T00:59:21.226011Z,KXBTC15M-26OCT042100-00,0.9990,2759.15,no
2026-10-05T00:59:21.226011Z,KXBTC15M-26OCT042100-00,0.9990,521.48,no
2026-10-05T00:59:21.226011Z,KXBTC15M-26OCT042100-00,0.9990,88.08,no
2026-10-05T00:59:21.226011Z,KXBTC15M-26OCT042100-00,0.9990,15.82,no
2026-10-05T00:59:21.226011Z,KXBTC15M-26OCT042100-00,0.9990,300.27,no
2026-10-05T00:59:21.226011Z,KXBTC15M-26OCT042100-00,0.9990,24.77,no
2026-10-05T00:59:21.226011Z,KXBTC15M-26OCT042100-00,0.9990,19.78,no
2026-10-05T00:59:21.226011Z,KXBTC15M-26OCT042100-00,0.9990,2163.69,no
2026-10-05T00:59:21.226011Z,KXBTC15M-26OCT042100-00,0.9990,400.00,no
2026-10-05T00:59:21.226011Z,KXBTC15M-26OCT042100-00,0.9990,164.25,no
2026-10-05T00:59:21.226011Z,KXBTC15M-26OCT042100-00,0.9990,103.86,no
2026-10-05T00:59:21.226011Z,KXBTC15M-26OCT042100-00,0.9990,410.41,no
2026-10-05T00:59:21.226011Z,KXBTC15M-26OCT042100-00,0.9990,2003.00,no
2026-10-05T00:59:21.226011Z,KXBTC15M-26OCT042100-00,0.9990,500.46,no
2026-10-05T00:59:21.226011Z,KXBTC15M-26OCT042100-00,0.9990,38.00,no
2026-10-05T00:59:21.226011Z,KXBTC15M-26OCT042100-00,0.9990,204.66,no
2026-10-05T00:59:21.226011Z,KXBTC15M-26OCT042100-00,0.9990,888.81,no
2026-10-05T00:59:21.226011Z,KXBTC15M-26OCT042100-00,0.9990,53.04,no
2026-10-05T00:59:21.226011Z,KXBTC15M-26OCT042100-00,0.9990,26.40,no
2026-10-05T00:59:21.226011Z,KXBTC15M-26OCT042100-00,0.9990,50.04,no
2026-10-05T00:59:21.226011Z,KXBTC15M-26OCT042100-00,0.9990,18.60,no
2026-10-05T00:59:21.226011Z,KXBTC15M-26OCT042100-00,0.9990,100.09,no
2026-10-05T00:59:21.226011Z,KXBTC15M-26OCT042100-00,0.9990,760.52,no
2026-10-05T00:59:21.226011Z,KXBTC15M-26OCT042100-00,0.9990,300.27,no
2026-10-05T00:59:21.226011Z,KXBTC15M-26OCT042100-00,0.9990,527.00,no
2026-10-05T00:59:21.269997Z,KXBTC15M-26OCT042100-00,0.9990,23.26,no
2026-10-05T00:59:21.516916Z,KXBTC15M-26OCT042100-00,0.9990,170.00,no
2026-10-05T00:59:21.522089Z,KXBTC15M-26OCT042100-00,0.9990,106.99,no
2026-10-05T00:59:21.690362Z,KXBTC15M-26OCT042100-00,0.9990,219.90,no
2026-10-05T00:59:21.883551Z,KXBTC15M-26OCT042100-00,0.9990,36.00,no
2026-10-05T00:59:22.04472Z,KXBTC15M-26OCT042100-00,0.9990,907.39,no
2026-10-05T00:59:22.04472Z,KXBTC15M-26OCT042100-00,0.9990,8.60,no
2026-10-05T00:59:22.064373Z,KXBTC15M-26OCT042100-00,0.9990,28.75,no
2026-10-05T00:59:22.092734Z,KXBTC15M-26OCT042100-00,0.9990,164.92,no
2026-10-05T00:59:22.283154Z,KXBTC15M-26OCT042100-00,0.9990,117.26,no
2026-10-05T00:59:22.283154Z,KXBTC15M-26OCT042100-00,0.9990,798.73,no
2026-10-05T00:59:22.585692Z,KXBTC15M-26OCT042100-00,0.9990,47.14,no
2026-10-05T00:59:22.729605Z,KXBTC15M-26OCT042100-00,0.9990,500.00,no
2026-10-05T00:59:22.750417Z,KXBTC15M-26OCT042100-00,0.9990,4340.25,no
2026-10-05T00:59:22.750417Z,KXBTC15M-26OCT042100-00,0.9990,239.52,no
2026-10-05T00:59:22.914002Z,KXBTC15M-26OCT042100-00,0.9990,604.55,no
2026-10-05T00:59:23.195223Z,KXBTC15M-26OCT042100-00,0.9990,5.32,no
2026-10-05T00:59:23.213848Z,KXBTC15M-26OCT042100-00,0.9990,5.31,no
2026-10-05T00:59:23.299721Z,KXBTC15M-26OCT042100-00,0.9990,19.45,no
2026-10-05T00:59:23.312316Z,KXBTC15M-26OCT042100-00,0.9990,200.00,no
2026-10-05T00:59:23.559881Z,KXBTC15M-26OCT042100-00,0.9990,66.46,no
2026-10-05T00:59:23.889537Z,KXBTC15M-26OCT042100-00,0.9990,18.69,no
2026-10-05T00:59:24.057544Z,KXBTC15M-26OCT042100-00,0.9990,169.00,no
2026-10-05T00:59:24.119133Z,KXBTC15M-26OCT042100-00,0.9990,65.93,no
2026-10-05T00:59:24.181055Z,KXBTC15M-26OCT042100-00,0.9990,81.72,no
2026-10-05T00:59:24.181055Z,KXBTC15M-26OCT042100-00,0.9990,646.51,no
2026-10-05T00:59:24.181055Z,KXBTC15M-26OCT042100-00,0.9990,1608.56,no
2026-10-05T00:59:25.046169Z,KXBTC15M-26OCT042100-00,0.9990,255.02,no
2026-10-05T00:59:25.106856Z,KXBTC15M-26OCT042100-00,0.9990,1831.90,no
2026-10-05T00:59:25.125364Z,KXBTC15M-26OCT042100-00,0.9990,66.68,no
2026-10-05T00:59:25.4122Z,KXBTC15M-26OCT042100-00,0.9990,61.68,no
2026-10-05T00:59:25.827313Z,KXBTC15M-26OCT042100-00,0.9990,19.05,no
2026-10-05T00:59:25.935739Z,KXBTC15M-26OCT042100-00,0.9990,915.99,no
2026-10-05T00:59:26.225128Z,KXBTC15M-26OCT042100-00,0.9990,47.14,no
2026-10-05T00:59:26.310066Z,KXBTC15M-26OCT042100-00,0.9990,0.35,no
2026-10-05T00:59:26.409993Z,KXBTC15M-26OCT042100-00,0.9990,4579.77,no
2026-10-05T00:59:26.591107Z,KXBTC15M-26OCT042100-00,0.9990,42.00,no
2026-10-05T00:59:26.75958Z,KXBTC15M-26OCT042100-00,0.9990,16.40,no
2026-10-05T00:59:26.773474Z,KXBTC15M-26OCT042100-00,0.9990,2747.91,no
2026-10-05T00:59:27.143696Z,KXBTC15M-26OCT042100-00,0.9990,458.04,no
2026-10-05T00:59:27.429577Z,KXBTC15M-26OCT042100-00,0.9990,7.17,no
2026-10-05T00:59:27.850795Z,KXBTC15M-26OCT042100-00,0.9990,915.99,no
2026-10-05T00:59:27.872808Z,KXBTC15M-26OCT042100-00,0.9990,23.29,no
2026-10-05T00:59:28.130663Z,KXBTC15M-26OCT042100-00,0.9990,0.02,no
2026-10-05T00:59:28.157107Z,KXBTC15M-26OCT042100-00,0.9990,475.00,no
2026-10-05T00:59:28.188861Z,KXBTC15M-26OCT042100-00,0.9990,44.06,no
2026-10-05T00:59:28.195861Z,KXBTC15M-26OCT042100-00,0.9990,1831.90,no
2026-10-05T00:59:28.203093Z,KXBTC15M-26OCT042100-00,0.9990,6.14,no
2026-10-05T00:59:28.382137Z,KXBTC15M-26OCT042100-00,0.9990,2.52,no
2026-10-05T00:59:28.391671Z,KXBTC15M-26OCT042100-00,0.9990,9.20,no
2026-10-05T00:59:28.669739Z,KXBTC15M-26OCT042100-00,0.9990,1.52,no
2026-10-05T00:59:28.873928Z,KXBTC15M-26OCT042100-00,0.9990,6.80,no
2026-10-05T00:59:28.984414Z,KXBTC15M-26OCT042100-00,0.9990,255.62,no
2026-10-05T00:59:29.311839Z,KXBTC15M-26OCT042100-00,0.9990,915.99,no
2026-10-05T00:59:29.423622Z,KXBTC15M-26OCT042100-00,0.9990,0.41,no
2026-10-05T00:59:29.44542Z,KXBTC15M-26OCT042100-00,0.9990,25.22,no
2026-10-05T00:59:29.709726Z,KXBTC15M-26OCT042100-00,0.9990,47.14,no
2026-10-05T00:59:29.942685Z,KXBTC15M-26OCT042100-00,0.9990,95.30,no
2026-10-05T00:59:30.060826Z,KXBTC15M-26OCT042100-00,0.9990,2.09,no
2026-10-05T00:59:30.099027Z,KXBTC15M-26OCT042100-00,0.9990,98.64,no
2026-10-05T00:59:30.175051Z,KXBTC15M-26OCT042100-00,0.9990,3.00,no
2026-10-05T00:59:30.293976Z,KXBTC15M-26OCT042100-00,0.9990,45.85,no
2026-10-05T00:59:30.310292Z,KXBTC15M-26OCT042100-00,0.9990,915.99,no
2026-10-05T00:59:30.746583Z,KXBTC15M-26OCT042100-00,0.9990,41.89,no
2026-10-05T00:59:31.713197Z,KXBTC15M-26OCT042100-00,0.9990,6.67,no
2026-10-05T00:59:31.856868Z,KXBTC15M-26OCT042100-00,0.9990,1.00,no
2026-10-05T00:59:32.201091Z,KXBTC15M-26OCT042100-00,0.9990,33.61,no
2026-10-05T00:59:32.244883Z,KXBTC15M-26OCT042100-00,0.9990,183.25,no
2026-10-05T00:59:32.373934Z,KXBTC15M-26OCT042100-00,0.9990,25.76,no
2026-10-05T00:59:32.637018Z,KXBTC15M-26OCT042100-00,0.9990,1.24,no
2026-10-05T00:59:32.644668Z,KXBTC15M-26OCT042100-00,0.9990,193.23,no
2026-10-05T00:59:32.7142Z,KXBTC15M-26OCT042100-00,0.9990,13.52,no
2026-10-05T00:59:32.754648Z,KXBTC15M-26OCT042100-00,0.9990,1831.90,no
2026-10-05T00:59:33.043047Z,KXBTC15M-26OCT042100-00,0.9990,125.00,no
2026-10-05T00:59:33.052957Z,KXBTC15M-26OCT042100-00,0.9990,206.96,no
2026-10-05T00:59:33.052957Z,KXBTC15M-26OCT042100-00,0.9990,709.03,no
2026-10-05T00:59:33.445086Z,KXBTC15M-26OCT042100-00,0.9990,9.20,no
2026-10-05T00:59:33.861923Z,KXBTC15M-26OCT042100-00,0.9990,1.54,no
2026-10-05T00:59:34.54677Z,KXBTC15M-26OCT042100-00,0.9990,121.83,no
2026-10-05T00:59:34.551375Z,KXBTC15M-26OCT042100-00,0.9990,84.33,no
2026-10-05T00:59:34.696535Z,KXBTC15M-26OCT042100-00,0.9990,22.07,no
2026-10-05T00:59:34.95172Z,KXBTC15M-26OCT042100-00,0.9990,90.00,no
2026-10-05T00:59:35.296292Z,KXBTC15M-26OCT042100-00,0.9990,6.86,no
2026-10-05T00:59:35.51Z,KXBTC15M-26OCT042100-00,0.9990,14.79,no
2026-10-05T00:59:35.764467Z,KXBTC15M-26OCT042100-00,0.9990,47.14,no
2026-10-05T00:59:36.199926Z,KXBTC15M-26OCT042100-00,0.9990,100.09,no
2026-10-05T00:59:36.199926Z,KXBTC15M-26OCT042100-00,0.9990,15.28,no
2026-10-05T00:59:36.199926Z,KXBTC15M-26OCT042100-00,0.9990,667.95,no
2026-10-05T00:59:36.199926Z,KXBTC15M-26OCT042100-00,0.9990,4080.57,no
2026-10-05T00:59:36.199926Z,KXBTC15M-26OCT042100-00,0.9990,3000.00,no
2026-10-05T00:59:36.199926Z,KXBTC15M-26OCT042100-00,0.9990,754.83,no
2026-10-05T00:59:36.199926Z,KXBTC15M-26OCT042100-00,0.9990,1381.28,no
2026-10-05T00:59:36.438358Z,KXBTC15M-26OCT042100-00,0.9990,5.24,no
2026-10-05T00:59:36.771651Z,KXBTC15M-26OCT042100-00,0.9990,0.22,no
2026-10-05T00:59:36.896377Z,KXBTC15M-26OCT042100-00,0.9990,2.74,no
2026-10-05T00:59:36.946341Z,KXBTC15M-26OCT042100-00,0.9990,467.39,no
2026-10-05T00:59:36.973511Z,KXBTC15M-26OCT042100-00,0.9990,9.20,no
2026-10-05T00:59:37.140766Z,KXBTC15M-26OCT042100-00,0.9990,0.02,no
2026-10-05T00:59:37.341252Z,KXBTC15M-26OCT042100-00,0.9990,60.00,no
2026-10-05T00:59:37.360282Z,KXBTC15M-26OCT042100-00,0.9990,8.94,no
2026-10-05T00:59:37.411692Z,KXBTC15M-26OCT042100-00,0.9990,2261.00,no
2026-10-05T00:59:37.4204Z,KXBTC15M-26OCT042100-00,0.9990,915.99,no
2026-10-05T00:59:37.454505Z,KXBTC15M-26OCT042100-00,0.9990,15.92,no
2026-10-05T00:59:37.681028Z,KXBTC15M-26OCT042100-00,0.9990,31.77,no
2026-10-05T00:59:37.72067Z,KXBTC15M-26OCT042100-00,0.9990,794.62,no
2026-10-05T00:59:37.72067Z,KXBTC15M-26OCT042100-00,0.9990,121.37,no
2026-10-05T00:59:37.732646Z,KXBTC15M-26OCT042100-00,0.9990,0.02,no
2026-10-05T00:59:38.181946Z,KXBTC15M-26OCT042100-00,0.9990,53.10,no
2026-10-05T00:59:38.182888Z,KXBTC15M-26OCT042100-00,0.9990,1.02,no
2026-10-05T00:59:38.678516Z,KXBTC15M-26OCT042100-00,0.9990,12076.26,no
2026-10-05T00:59:38.678516Z,KXBTC15M-26OCT042100-00,0.9990,31889.27,no
2026-10-05T00:59:38.77972Z,KXBTC15M-26OCT042100-00,0.9990,377.71,no
2026-10-05T00:59:38.793423Z,KXBTC15M-26OCT042100-00,0.9990,9.28,no
2026-10-05T00:59:38.793852Z,KXBTC15M-26OCT042100-00,0.9990,9.20,no
2026-10-05T00:59:38.936962Z,KXBTC15M-26OCT042100-00,0.9990,11.90,no
2026-10-05T00:59:39.215144Z,KXBTC15M-26OCT042100-00,0.9990,4.05,no
2026-10-05T00:59:39.227432Z,KXBTC15M-26OCT042100-00,0.9990,11.02,no
2026-10-05T00:59:39.455355Z,KXBTC15M-26OCT042100-00,0.9990,915.99,no
2026-10-05T00:59:39.769487Z,KXBTC15M-26OCT042100-00,0.9990,0.01,no
2026-10-05T00:59:39.866219Z,KXBTC15M-26OCT042100-00,0.9990,4.00,no
2026-10-05T00:59:40.123431Z,KXBTC15M-26OCT042100-00,0.9990,21.25,no
2026-10-05T00:59:40.339236Z,KXBTC15M-26OCT042100-00,0.9990,2.59,no
2026-10-05T00:59:40.37259Z,KXBTC15M-26OCT042100-00,0.9990,2.49,no
2026-10-05T00:59:40.548288Z,KXBTC15M-26OCT042100-00,0.9990,1.01,no
2026-10-05T00:59:40.580173Z,KXBTC15M-26OCT042100-00,0.9990,4.93,no
2026-10-05T00:59:40.851316Z,KXBTC15M-26OCT042100-00,0.9990,41.23,no
2026-10-05T00:59:40.922729Z,KXBTC15M-26OCT042100-00,0.9990,4.59,no
2026-10-05T00:59:41.031608Z,KXBTC15M-26OCT042100-00,0.9990,74.67,no
2026-10-05T00:59:41.142658Z,KXBTC15M-26OCT042100-00,0.9990,3.91,no
2026-10-05T00:59:41.614999Z,KXBTC15M-26OCT042100-00,0.9990,9.20,no
2026-10-05T00:59:41.652471Z,KXBTC15M-26OCT042100-00,0.9990,13.66,no
2026-10-05T00:59:41.747881Z,KXBTC15M-26OCT042100-00,0.9990,200.00,no
2026-10-05T00:59:41.748172Z,KXBTC15M-26OCT042100-00,0.9990,73.78,no
2026-10-05T00:59:41.856044Z,KXBTC15M-26OCT042100-00,0.9990,140.19,no
2026-10-05T00:59:41.892823Z,KXBTC15M-26OCT042100-00,0.9990,2878.71,no
2026-10-05T00:59:41.892823Z,KXBTC15M-26OCT042100-00,0.9990,15440.32,no
2026-10-05T00:59:41.923903Z,KXBTC15M-26OCT042100-00,0.9990,90.00,no
2026-10-05T00:59:41.977021Z,KXBTC15M-26OCT042100-00,0.9990,31.56,no
2026-10-05T00:59:42.080817Z,KXBTC15M-26OCT042100-00,0.9990,475.71,no
2026-10-05T00:59:42.12247Z,KXBTC15M-26OCT042100-00,0.9990,8.97,no
2026-10-05T00:59:42.203337Z,KXBTC15M-26OCT042100-00,0.9990,0.40,no
2026-10-05T00:59:42.224928Z,KXBTC15M-26OCT042100-00,0.9990,335.20,no
2026-10-05T00:59:42.282264Z,KXBTC15M-26OCT042100-00,0.9990,127.81,no
2026-10-05T00:59:42.501691Z,KXBTC15M-26OCT042100-00,0.9990,205.05,no
2026-10-05T00:59:42.653858Z,KXBTC15M-26OCT042100-00,0.9990,24.65,no
2026-10-05T00:59:42.760414Z,KXBTC15M-26OCT042100-00,0.9990,83.83,no
2026-10-05T00:59:42.929296Z,KXBTC15M-26OCT042100-00,0.9990,1.17,no
2026-10-05T00:59:42.96614Z,KXBTC15M-26OCT042100-00,0.9990,692.92,no
2026-10-05T00:59:43.054772Z,KXBTC15M-26OCT042100-00,0.9990,183.25,no
2026-10-05T00:59:43.311193Z,KXBTC15M-26OCT042100-00,0.9990,94.17,no
2026-10-05T00:59:43.381465Z,KXBTC15M-26OCT042100-00,0.9990,24.72,no
2026-10-05T00:59:43.4565Z,KXBTC15M-26OCT042100-00,0.9990,915.99,no
2026-10-05T00:59:43.560478Z,KXBTC15M-26OCT042100-00,0.9990,915.99,no
2026-10-05T00:59:43.780399Z,KXBTC15M-26OCT042100-00,0.9990,6.31,no
2026-10-05T00:59:44.063186Z,KXBTC15M-26OCT042100-00,0.9990,8.66,no
2026-10-05T00:59:44.106698Z,KXBTC15M-26OCT042100-00,0.9990,124.72,no
2026-10-05T00:59:44.106698Z,KXBTC15M-26OCT042100-00,0.9990,333.32,no
2026-10-05T00:59:44.142778Z,KXBTC15M-26OCT042100-00,0.9990,54.96,no
2026-10-05T00:59:44.259329Z,KXBTC15M-26OCT042100-00,0.9990,5.06,no
2026-10-05T00:59:44.322551Z,KXBTC15M-26OCT042100-00,0.9990,36.64,no
2026-10-05T00:59:44.40398Z,KXBTC15M-26OCT042100-00,0.9990,71.00,no
2026-10-05T00:59:44.454941Z,KXBTC15M-26OCT042100-00,0.9990,2.12,no
2026-10-05T00:59:44.467652Z,KXBTC15M-26OCT042100-00,0.9990,38.82,no
2026-10-05T00:59:44.546242Z,KXBTC15M-26OCT042100-00,0.9990,18.16,no
2026-10-05T00:59:44.881486Z,KXBTC15M-26OCT042100-00,0.9990,302.53,no
2026-10-05T00:59:44.881486Z,KXBTC15M-26OCT042100-00,0.9990,13810.00,no
2026-10-05T00:59:44.881486Z,KXBTC15M-26OCT042100-00,0.9990,398.52,no
2026-10-05T00:59:44.881486Z,KXBTC15M-26OCT042100-00,0.9990,13000.00,no
2026-10-05T00:59:44.881486Z,KXBTC15M-26OCT042100-00,0.9990,5210.01,no
2026-10-05T00:59:44.881486Z,KXBTC15M-26OCT042100-00,0.9990,15.00,no
2026-10-05T00:59:44.881486Z,KXBTC15M-26OCT042100-00,0.9990,5.00,no
2026-10-05T00:59:44.881486Z,KXBTC15M-26OCT042100-00,0.9990,2065.00,no
2026-10-05T00:59:44.914148Z,KXBTC15M-26OCT042100-00,0.9990,1.89,no
2026-10-05T00:59:44.925151Z,KXBTC15M-26OCT042100-00,0.9990,24.96,no
2026-10-05T00:59:44.985835Z,KXBTC15M-26OCT042100-00,0.9990,595.43,no
2026-10-05T00:59:45.13286Z,KXBTC15M-26OCT042100-00,0.9990,11.99,no
2026-10-05T00:59:45.17193Z,KXBTC15M-26OCT042100-00,0.9990,38.64,no
2026-10-05T00:59:45.223408Z,KXBTC15M-26OCT042100-00,0.9990,897.30,no
2026-10-05T00:59:45.247165Z,KXBTC15M-26OCT042100-00,0.9990,1825.00,no
2026-10-05T00:59:45.247165Z,KXBTC15M-26OCT042100-00,0.9990,1182.25,no
2026-10-05T00:59:45.247165Z,KXBTC15M-26OCT042100-00,0.9990,1825.00,no
2026-10-05T00:59:45.247165Z,KXBTC15M-26OCT042100-00,0.9990,1825.00,no
2026-10-05T00:59:45.247165Z,KXBTC15M-26OCT042100-00,0.9990,100.00,no
2026-10-05T00:59:45.247165Z,KXBTC15M-26OCT042100-00,0.9990,750.00,no
2026-10-05T00:59:45.247165Z,KXBTC15M-26OCT042100-00,0.9990,250.00,no
2026-10-05T00:59:45.247165Z,KXBTC15M-26OCT042100-00,0.9990,100.00,no
2026-10-05T00:59:45.247165Z,KXBTC15M-26OCT042100-00,0.9990,500.00,no
2026-10-05T00:59:45.247165Z,KXBTC15M-26OCT042100-00,0.9990,14.00,no
2026-10-05T00:59:45.247165Z,KXBTC15M-26OCT042100-00,0.9990,699.00,no
2026-10-05T00:59:45.247165Z,KXBTC15M-26OCT042100-00,0.9990,1217.21,no
2026-10-05T00:59:45.247165Z,KXBTC15M-26OCT042100-00,0.9990,12350.30,no
2026-10-05T00:59:45.247165Z,KXBTC15M-26OCT042100-00,0.9990,261.00,no
2026-10-05T00:59:45.303525Z,KXBTC15M-26OCT042100-00,0.9990,83.72,no
2026-10-05T00:59:45.312738Z,KXBTC15M-26OCT042100-00,0.9990,9159.55,no
2026-10-05T00:59:45.465335Z,KXBTC15M-26OCT042100-00,0.9990,5.18,no
2026-10-05T00:59:45.615979Z,KXBTC15M-26OCT042100-00,0.9990,7.37,no
2026-10-05T00:59:45.8667Z,KXBTC15M-26OCT042100-00,0.9990,2803.99,no
2026-10-05T00:59:46.224116Z,KXBTC15M-26OCT042100-00,0.9990,13.89,no
2026-10-05T00:59:46.231365Z,KXBTC15M-26OCT042100-00,0.9990,13.31,no
2026-10-05T00:59:46.3281Z,KXBTC15M-26OCT042100-00,0.9990,1.28,no
2026-10-05T00:59:46.551654Z,KXBTC15M-26OCT042100-00,0.9990,915.99,no
2026-10-05T00:59:46.563802Z,KXBTC15M-26OCT042100-00,0.9990,306.15,no
2026-10-05T00:59:46.612399Z,KXBTC15M-26OCT042100-00,0.9990,0.15,no
2026-10-05T00:59:46.669353Z,KXBTC15M-26OCT042100-00,0.9990,15.57,no
2026-10-05T00:59:47.040379Z,KXBTC15M-26OCT042100-00,0.9990,915.99,no
2026-10-05T00:59:47.158273Z,KXBTC15M-26OCT042100-00,0.9990,3663.81,no
2026-10-05T00:59:47.172052Z,KXBTC15M-26OCT042100-00,0.9990,1.68,no
2026-10-05T00:59:47.416036Z,KXBTC15M-26OCT042100-00,0.9990,9159.55,no
2026-10-05T00:59:47.5066Z,KXBTC15M-26OCT042100-00,0.9990,604.55,no
2026-10-05T00:59:47.764735Z,KXBTC15M-26OCT042100-00,0.9990,15.01,no
2026-10-05T00:59:47.786621Z,KXBTC15M-26OCT042100-00,0.9990,915.99,no
2026-10-05T00:59:47.856128Z,KXBTC15M-26OCT042100-00,0.9990,2.23,no
2026-10-05T00:59:47.858796Z,KXBTC15M-26OCT042100-00,0.9990,915.99,no
2026-10-05T00:59:48.040962Z,KXBTC15M-26OCT042100-00,0.9990,915.99,no
2026-10-05T00:59:48.075934Z,KXBTC15M-26OCT042100-00,0.9990,500.00,no
2026-10-05T00:59:48.075934Z,KXBTC15M-26OCT042100-00,0.9990,533.72,no
2026-10-05T00:59:48.075934Z,KXBTC15M-26OCT042100-00,0.9990,100.00,no
2026-10-05T00:59:48.075934Z,KXBTC15M-26OCT042100-00,0.9990,1000.00,no
2026-10-05T00:59:48.075934Z,KXBTC15M-26OCT042100-00,0.9990,7212.76,no
2026-10-05T00:59:48.122987Z,KXBTC15M-26OCT042100-00,0.9990,750.83,no
2026-10-05T00:59:48.142048Z,KXBTC15M-26OCT042100-00,0.9990,200.54,no
2026-10-05T00:59:48.142048Z,KXBTC15M-26OCT042100-00,0.9990,715.45,no
2026-10-05T00:59:48.16679Z,KXBTC15M-26OCT042100-00,0.9990,20.82,no
2026-10-05T00:59:48.212358Z,KXBTC15M-26OCT042100-00,0.9990,915.99,no
2026-10-05T00:59:48.317582Z,KXBTC15M-26OCT042100-00,0.9990,45.66,no
2026-10-05T00:59:48.322379Z,KXBTC15M-26OCT042100-00,0.9990,114.30,no
2026-10-05T00:59:48.456382Z,KXBTC15M-26OCT042100-00,0.9990,2.00,no
2026-10-05T00:59:48.620749Z,KXBTC15M-26OCT042100-00,0.9990,28.32,no
2026-10-05T00:59:48.620749Z,KXBTC15M-26OCT042100-00,0.9990,200.69,no
2026-10-05T00:59:48.896541Z,KXBTC15M-26OCT042100-00,0.9990,91.62,no
2026-10-05T00:59:48.952962Z,KXBTC15M-26OCT042100-00,0.9990,915.99,no
2026-10-05T00:59:49.007732Z,KXBTC15M-26OCT042100-00,0.9990,33.07,no
2026-10-05T00:59:49.007732Z,KXBTC15M-26OCT042100-00,0.9990,882.92,no
2026-10-05T00:59:49.097672Z,KXBTC15M-26OCT042100-00,0.9990,94.76,no
2026-10-05T00:59:49.12577Z,KXBTC15M-26OCT042100-00,0.9990,915.99,no
2026-10-05T00:59:49.128318Z,KXBTC15M-26OCT042100-00,0.9990,59.66,no
2026-10-05T00:59:49.128318Z,KXBTC15M-26OCT042100-00,0.9990,106.33,no
2026-10-05T00:59:49.128318Z,KXBTC15M-26OCT042100-00,0.9990,750.00,no
2026-10-05T00:59:49.144215Z,KXBTC15M-26OCT042100-00,0.9990,59.66,no
2026-10-05T00:59:49.144215Z,KXBTC15M-26OCT042100-00,0.9990,940.34,no
2026-10-05T00:59:49.177052Z,KXBTC15M-26OCT042100-00,0.9990,9.20,no
2026-10-05T00:59:49.304976Z,KXBTC15M-26OCT042100-00,0.9990,482.67,no
2026-10-05T00:59:49.304976Z,KXBTC15M-26OCT042100-00,0.9990,1000.00,no
2026-10-05T00:59:49.304976Z,KXBTC15M-26OCT042100-00,0.9990,500.00,no
2026-10-05T00:59:49.304976Z,KXBTC15M-26OCT042100-00,0.9990,1500.00,no
2026-10-05T00:59:49.304976Z,KXBTC15M-26OCT042100-00,0.9990,181.14,no
2026-10-05T00:59:49.672965Z,KXBTC15M-26OCT042100-00,0.9990,2800.00,no
2026-10-05T00:59:49.672965Z,KXBTC15M-26OCT042100-00,0.9990,562.44,no
2026-10-05T00:59:49.672965Z,KXBTC15M-26OCT042100-00,0.9990,1000.00,no
2026-10-05T00:59:49.672965Z,KXBTC15M-26OCT042100-00,0.9990,17.33,no
2026-10-05T00:59:49.672965Z,KXBTC15M-26OCT042100-00,0.9990,100.00,no
2026-10-05T00:59:49.672965Z,KXBTC15M-26OCT042100-00,0.9990,100.00,no
2026-10-05T00:59:49.823949Z,KXBTC15M-26OCT042100-00,0.9990,915.99,no
2026-10-05T00:59:49.863772Z,KXBTC15M-26OCT042100-00,0.9990,126.46,no
2026-10-05T00:59:49.863772Z,KXBTC15M-26OCT042100-00,0.9990,100.00,no
2026-10-05T00:59:49.863772Z,KXBTC15M-26OCT042100-00,0.9990,5.44,no
2026-10-05T00:59:49.863772Z,KXBTC15M-26OCT042100-00,0.9990,100.00,no
2026-10-05T00:59:49.863772Z,KXBTC15M-26OCT042100-00,0.9990,100.00,no
2026-10-05T00:59:49.863772Z,KXBTC15M-26OCT042100-00,0.9990,100.00,no
2026-10-05T00:59:49.863772Z,KXBTC15M-26OCT042100-00,0.9990,100.00,no
2026-10-05T00:59:49.863772Z,KXBTC15M-26OCT042100-00,0.9990,100.00,no
2026-10-05T00:59:49.863772Z,KXBTC15M-26OCT042100-00,0.9990,1000.00,no
2026-10-05T00:59:49.863772Z,KXBTC15M-26OCT042100-00,0.9990,100.00,no
2026-10-05T00:59:50.202951Z,KXBTC15M-26OCT042100-00,0.9990,82.50,no
2026-10-05T00:59:50.220877Z,KXBTC15M-26OCT042100-00,0.9990,1.00,no
2026-10-05T00:59:50.417901Z,KXBTC15M-26OCT042100-00,0.9990,2.14,no
2026-10-05T00:59:50.537059Z,KXBTC15M-26OCT042100-00,0.9990,0.09,no
2026-10-05T00:59:50.809838Z,KXBTC15M-26OCT042100-00,0.9990,27.52,no
2026-10-05T00:59:51.060375Z,KXBTC15M-26OCT042100-00,0.9990,915.99,no
2026-10-05T00:59:51.163148Z,KXBTC15M-26OCT042100-00,0.9990,10.86,no
2026-10-05T00:59:51.206907Z,KXBTC15M-26OCT042100-00,0.9990,438.46,no
2026-10-05T00:59:51.206907Z,KXBTC15M-26OCT042100-00,0.9990,12.54,no
2026-10-05T00:59:51.265037Z,KXBTC15M-26OCT042100-00,0.9990,0.74,no
2026-10-05T00:59:51.301981Z,KXBTC15M-26OCT042100-00,0.9990,663.46,no
2026-10-05T00:59:51.301981Z,KXBTC15M-26OCT042100-00,0.9990,12298.00,no
2026-10-05T00:59:51.301981Z,KXBTC15M-26OCT042100-00,0.9990,500.00,no
2026-10-05T00:59:51.301981Z,KXBTC15M-26OCT042100-00,0.9990,100.00,no
2026-10-05T00:59:51.301981Z,KXBTC15M-26OCT042100-00,0.9990,1986.72,no
2026-10-05T00:59:51.301981Z,KXBTC15M-26OCT042100-00,0.9990,100.00,no
2026-10-05T00:59:51.301981Z,KXBTC15M-26OCT042100-00,0.9990,100.00,no
2026-10-05T00:59:51.301981Z,KXBTC15M-26OCT042100-00,0.9990,1500.00,no
2026-10-05T00:59:51.301981Z,KXBTC15M-26OCT042100-00,0.9990,1000.00,no
2026-10-05T00:59:51.301981Z,KXBTC15M-26OCT042100-00,0.9990,100.00,no
2026-10-05T00:59:51.301981Z,KXBTC15M-26OCT042100-00,0.9990,100.00,no
2026-10-05T00:59:51.301981Z,KXBTC15M-26OCT042100-00,0.9990,1500.00,no
2026-10-05T00:59:51.301981Z,KXBTC15M-26OCT042100-00,0.9990,100.00,no
2026-10-05T00:59:51.301981Z,KXBTC15M-26OCT042100-00,0.9990,500.00,no
2026-10-05T00:59:51.301981Z,KXBTC15M-26OCT042100-00,0.9990,2000.00,no
2026-10-05T00:59:51.301981Z,KXBTC15M-26OCT042100-00,0.9990,100.00,no
2026-10-05T00:59:51.301981Z,KXBTC15M-26OCT042100-00,0.9990,1000.00,no
2026-10-05T00:59:51.301981Z,KXBTC15M-26OCT042100-00,0.9990,12502.00,no
2026-10-05T00:59:51.301981Z,KXBTC15M-26OCT042100-00,0.9990,1000.00,no
2026-10-05T00:59:51.301981Z,KXBTC15M-26OCT042100-00,0.9990,10.00,no
2026-10-05T00:59:51.301981Z,KXBTC15M-26OCT042100-00,0.9990,857.00,no
2026-10-05T00:59:51.301981Z,KXBTC15M-26OCT042100-00,0.9990,160.00,no
2026-10-05T00:59:51.301981Z,KXBTC15M-26OCT042100-00,0.9990,2000.00,no
2026-10-05T00:59:51.301981Z,KXBTC15M-26OCT042100-00,0.9990,500.00,no
2026-10-05T00:59:51.301981Z,KXBTC15M-26OCT042100-00,0.9990,1000.00,no
2026-10-05T00:59:51.301981Z,KXBTC15M-26OCT042100-00,0.9990,1500.00,no
2026-10-05T00:59:51.301981Z,KXBTC15M-26OCT042100-00,0.9990,100.00,no
2026-10-05T00:59:51.301981Z,KXBTC15M-26OCT042100-00,0.9990,100.00,no
2026-10-05T00:59:51.301981Z,KXBTC15M-26OCT042100-00,0.9990,200.00,no
2026-10-05T00:59:51.301981Z,KXBTC15M-26OCT042100-00,0.9990,216.21,no
2026-10-05T00:59:51.301981Z,KXBTC15M-26OCT042100-00,0.9990,100.00,no
2026-10-05T00:59:51.301981Z,KXBTC15M-26OCT042100-00,0.9990,100.00,no
2026-10-05T00:59:51.301981Z,KXBTC15M-26OCT042100-00,0.9990,316.31,no
2026-10-05T00:59:51.301981Z,KXBTC15M-26OCT042100-00,0.9990,200.00,no
2026-10-05T00:59:51.301981Z,KXBTC15M-26OCT042100-00,0.9990,59.18,no
2026-10-05T00:59:51.301981Z,KXBTC15M-26OCT042100-00,0.9990,200.00,no
2026-10-05T00:59:51.301981Z,KXBTC15M-26OCT042100-00,0.9990,200.00,no
2026-10-05T00:59:51.301981Z,KXBTC15M-26OCT042100-00,0.9990,750.00,no
2026-10-05T00:59:51.301981Z,KXBTC15M-26OCT042100-00,0.9990,45875.92,no
2026-10-05T00:59:51.328497Z,KXBTC15M-26OCT042100-00,0.9990,915.99,no
2026-10-05T00:59:51.697764Z,KXBTC15M-26OCT042100-00,0.9990,915.99,no
2026-10-05T00:59:51.840109Z,KXBTC15M-26OCT042100-00,0.9990,140.19,no
2026-10-05T00:59:52.188072Z,KXBTC15M-26OCT042100-00,0.9990,38.47,no
2026-10-05T00:59:52.209141Z,KXBTC15M-26OCT042100-00,0.9990,915.99,no
2026-10-05T00:59:52.226753Z,KXBTC15M-26OCT042100-00,0.9990,915.99,no
2026-10-05T00:59:52.27009Z,KXBTC15M-26OCT042100-00,0.9990,17.62,no
2026-10-05T00:59:52.34271Z,KXBTC15M-26OCT042100-00,0.9990,458.04,no
2026-10-05T00:59:52.36885Z,KXBTC15M-26OCT042100-00,0.9990,450.00,no
2026-10-05T00:59:52.495254Z,KXBTC15M-26OCT042100-00,0.9990,1.21,no
2026-10-05T00:59:52.643161Z,KXBTC15M-26OCT042100-00,0.9990,1.24,no
2026-10-05T00:59:52.706981Z,KXBTC15M-26OCT042100-00,0.9990,4.54,no
2026-10-05T00:59:52.874946Z,KXBTC15M-26OCT042100-00,0.9990,1831.90,no
2026-10-05T00:59:52.940988Z,KXBTC15M-26OCT042100-00,0.9990,915.99,no
2026-10-05T00:59:53.081108Z,KXBTC15M-26OCT042100-00,0.9990,5.00,no
2026-10-05T00:59:53.135035Z,KXBTC15M-26OCT042100-00,0.9990,2.02,no
2026-10-05T00:59:53.757965Z,KXBTC15M-26OCT042100-00,0.9990,2.48,no
2026-10-05T00:59:54.014224Z,KXBTC15M-26OCT042100-00,0.9990,11.55,no
2026-10-05T00:59:54.421705Z,KXBTC15M-26OCT042100-00,0.9990,47.14,no
2026-10-05T00:59:54.449464Z,KXBTC15M-26OCT042100-00,0.9990,657.48,no
2026-10-05T00:59:54.521959Z,KXBTC15M-26OCT042100-00,0.9990,934.69,no
2026-10-05T00:59:54.618121Z,KXBTC15M-26OCT042100-00,0.9990,9.20,no
2026-10-05T00:59:54.636719Z,KXBTC15M-26OCT042100-00,0.9990,915.99,no
2026-10-05T00:59:54.823595Z,KXBTC15M-26OCT042100-00,0.9990,3.92,no
2026-10-05T00:59:54.855987Z,KXBTC15M-26OCT042100-00,0.9990,5328.45,no
2026-10-05T00:59:54.855987Z,KXBTC15M-26OCT042100-00,0.9990,2000.00,no
2026-10-05T00:59:54.855987Z,KXBTC15M-26OCT042100-00,0.9990,100.00,no
2026-10-05T00:59:54.855987Z,KXBTC15M-26OCT042100-00,0.9990,2218.55,no
2026-10-05T00:59:54.855987Z,KXBTC15M-26OCT042100-00,0.9990,154.00,no
2026-10-05T00:59:54.855987Z,KXBTC15M-26OCT042100-00,0.9990,199.00,no
2026-10-05T00:59:55.590042Z,KXBTC15M-26OCT042100-00,0.9990,4579.77,no
2026-10-05T00:59:55.859116Z,KXBTC15M-26OCT042100-00,0.9990,32.35,no
2026-10-05T00:59:56.01135Z,KXBTC15M-26OCT042100-00,0.9990,4.65,no
2026-10-05T00:59:56.096412Z,KXBTC15M-26OCT042100-00,0.9990,1831.90,no
2026-10-05T00:59:56.177345Z,KXBTC15M-26OCT042100-00,0.9990,1831.90,no
2026-10-05T00:59:56.559099Z,KXBTC15M-26OCT042100-00,0.9990,915.99,no
2026-10-05T00:59:56.653995Z,KXBTC15M-26OCT042100-00,0.9990,915.99,no
2026-10-05T00:59:56.884284Z,KXBTC15M-26OCT042100-00,0.9990,915.99,no
2026-10-05T00:59:56.953087Z,KXBTC15M-26OCT042100-00,0.9990,28.18,no
2026-10-05T00:59:57.432036Z,KXBTC15M-26OCT042100-00,0.9990,4.18,no
2026-10-05T00:59:57.750338Z,KXBTC15M-26OCT042100-00,0.9990,4579.77,no
2026-10-05T00:59:58.110516Z,KXBTC15M-26OCT042100-00,0.9990,915.99,no
2026-10-05T00:59:58.143016Z,KXBTC15M-26OCT042100-00,0.9990,915.99,no
2026-10-05T00:59:58.155846Z,KXBTC15M-26OCT042100-00,0.9990,915.99,no
2026-10-05T00:59:58.220923Z,KXBTC15M-26OCT042100-00,0.9990,9.66,no
2026-10-05T00:59:58.323392Z,KXBTC15M-26OCT042100-00,0.9990,3805.61,no
2026-10-05T00:59:58.323392Z,KXBTC15M-26OCT042100-00,0.9990,774.16,no
2026-10-05T00:59:58.467683Z,KXBTC15M-26OCT042100-00,0.9990,915.99,no
2026-10-05T00:59:58.581271Z,KXBTC15M-26OCT042100-00,0.9990,0.08,no
2026-10-05T00:59:58.847615Z,KXBTC15M-26OCT042100-00,0.9990,37.52,no
2026-10-05T00:59:59.031222Z,KXBTC15M-26OCT042100-00,0.9990,1.50,no
2026-10-05T00:59:59.324524Z,KXBTC15M-26OCT042100-00,0.9990,9159.55,no
2026-10-05T00:59:59.433546Z,KXBTC15M-26OCT042100-00,0.9990,5.44,no
2026-10-05T00:59:59.816082Z,KXBTC15M-26OCT042100-00,0.9990,15.19,no
2026-10-05T00:59:59.901481Z,KXBTC15M-26OCT042100-00,0.9990,1.82,no
2026-10-05T00:58:15.319146Z,KXNATGAS15M-26OCT042100-00,0.9700,1.25,no
2026-10-05T00:58:15.319146Z,KXNATGAS15M-26OCT042100-00,0.9700,3.74,no
2026-10-05T00:58:15.574023Z,KXNATGAS15M-26OCT042100-00,0.9700,62.42,no
2026-10-05T00:58:19.439715Z,KXNATGAS15M-26OCT042100-00,0.9800,1.00,yes
2026-10-05T00:58:19.439715Z,KXNATGAS15M-26OCT042100-00,0.9800,0.38,yes
2026-10-05T00:58:22.669347Z,KXNATGAS15M-26OCT042100-00,0.9900,9.08,yes
2026-10-05T00:58:27.47114Z,KXNATGAS15M-26OCT042100-00,0.9800,46.79,no
2026-10-05T00:58:29.650825Z,KXNATGAS15M-26OCT042100-00,0.9900,156.00,yes
2026-10-05T00:58:33.41356Z,KXNATGAS15M-26OCT042100-00,0.9900,1.00,yes
2026-10-05T00:58:34.542678Z,KXNATGAS15M-26OCT042100-00,0.9800,23.39,no
2026-10-05T00:58:37.731097Z,KXNATGAS15M-26OCT042100-00,0.9900,2.00,yes
2026-10-05T00:58:37.731097Z,KXNATGAS15M-26OCT042100-00,0.9900,12.00,yes
2026-10-05T00:58:37.731097Z,KXNATGAS15M-26OCT042100-00,0.9900,0.87,yes
2026-10-05T00:58:37.731097Z,KXNATGAS15M-26OCT042100-00,0.9900,51.69,yes
2026-10-05T00:58:37.731097Z,KXNATGAS15M-26OCT042100-00,0.9900,20.00,yes
2026-10-05T00:58:37.731097Z,KXNATGAS15M-26OCT042100-00,0.9900,100.00,yes
2026-10-05T00:58:37.731097Z,KXNATGAS15M-26OCT042100-00,0.9900,10.00,yes
2026-10-05T00:58:37.731097Z,KXNATGAS15M-26OCT042100-00,0.9900,20.00,yes
2026-10-05T00:58:37.731097Z,KXNATGAS15M-26OCT042100-00,0.9900,1.00,yes
2026-10-05T00:58:37.731097Z,KXNATGAS15M-26OCT042100-00,0.9900,2.00,yes
2026-10-05T00:58:37.731097Z,KXNATGAS15M-26OCT042100-00,0.9900,2.00,yes
2026-10-05T00:58:37.731097Z,KXNATGAS15M-26OCT042100-00,0.9900,2.00,yes
2026-10-05T00:58:37.731097Z,KXNATGAS15M-26OCT042100-00,0.9900,6.00,yes
2026-10-05T00:58:37.731097Z,KXNATGAS15M-26OCT042100-00,0.9900,349.92,yes
2026-10-05T00:58:37.731097Z,KXNATGAS15M-26OCT042100-00,0.9900,1.00,yes
2026-10-05T00:58:37.731097Z,KXNATGAS15M-26OCT042100-00,0.9900,5.57,yes
2026-10-05T00:58:37.731097Z,KXNATGAS15M-26OCT042100-00,0.9900,100.00,yes
2026-10-05T00:58:37.731097Z,KXNATGAS15M-26OCT042100-00,0.9900,25.00,yes
2026-10-05T00:58:37.731097Z,KXNATGAS15M-26OCT042100-00,0.9900,5.95,yes
2026-10-05T00:58:38.020232Z,KXNATGAS15M-26OCT042100-00,0.9900,8.00,yes
2026-10-05T00:58:38.020232Z,KXNATGAS15M-26OCT042100-00,0.9900,20.00,yes
2026-10-05T00:58:38.020232Z,KXNATGAS15M-26OCT042100-00,0.9900,2.00,yes
2026-10-05T00:58:38.460261Z,KXNATGAS15M-26OCT042100-00,0.9900,2.00,yes
2026-10-05T00:58:38.460261Z,KXNATGAS15M-26OCT042100-00,0.9900,20.00,yes
2026-10-05T00:58:38.730501Z,KXNATGAS15M-26OCT042100-00,0.9900,20.00,yes
2026-10-05T00:58:38.730501Z,KXNATGAS15M-26OCT042100-00,0.9900,2.00,yes
2026-10-05T00:58:39.088982Z,KXNATGAS15M-26OCT042100-00,0.9900,2.00,yes
2026-10-05T00:58:39.088982Z,KXNATGAS15M-26OCT042100-00,0.9900,20.00,yes
2026-10-05T00:58:39.36826Z,KXNATGAS15M-26OCT042100-00,0.9900,1.00,yes
2026-10-05T00:58:39.36826Z,KXNATGAS15M-26OCT042100-00,0.9900,2.00,yes
2026-10-05T00:58:39.501285Z,KXNATGAS15M-26OCT042100-00,0.9900,1.00,yes
2026-10-05T00:58:39.501285Z,KXNATGAS15M-26OCT042100-00,0.9900,19.00,yes
2026-10-05T00:58:39.716213Z,KXNATGAS15M-26OCT042100-00,0.9900,20.00,yes
2026-10-05T00:58:39.716213Z,KXNATGAS15M-26OCT042100-00,0.9900,1.00,yes
2026-10-05T00:58:39.716213Z,KXNATGAS15M-26OCT042100-00,0.9900,1.00,yes
2026-10-05T00:58:39.811679Z,KXNATGAS15M-26OCT042100-00,0.9800,1.01,no
2026-10-05T00:58:40.003265Z,KXNATGAS15M-26OCT042100-00,0.9900,2.00,yes
2026-10-05T00:58:40.003265Z,KXNATGAS15M-26OCT042100-00,0.9900,20.00,yes
2026-10-05T00:58:40.364884Z,KXNATGAS15M-26OCT042100-00,0.9900,20.00,yes
2026-10-05T00:58:40.364884Z,KXNATGAS15M-26OCT042100-00,0.9900,2.00,yes
2026-10-05T00:58:40.659146Z,KXNATGAS15M-26OCT042100-00,0.9900,20.00,yes
2026-10-05T00:58:40.659146Z,KXNATGAS15M-26OCT042100-00,0.9900,2.00,yes
2026-10-05T00:58:40.948144Z,KXNATGAS15M-26OCT042100-00,0.9900,2.00,yes
2026-10-05T00:58:40.948144Z,KXNATGAS15M-26OCT042100-00,0.9900,20.00,yes
2026-10-05T00:58:41.240423Z,KXNATGAS15M-26OCT042100-00,0.9900,2.00,yes
2026-10-05T00:58:41.240423Z,KXNATGAS15M-26OCT042100-00,0.9900,20.00,yes
2026-10-05T00:58:41.240423Z,KXNATGAS15M-26OCT042100-00,0.9900,1.00,yes
2026-10-05T00:58:41.531303Z,KXNATGAS15M-26OCT042100-00,0.9900,20.00,yes
2026-10-05T00:58:41.531303Z,KXNATGAS15M-26OCT042100-00,0.9900,2.00,yes
2026-10-05T00:58:41.822852Z,KXNATGAS15M-26OCT042100-00,0.9900,20.00,yes
2026-10-05T00:58:41.822852Z,KXNATGAS15M-26OCT042100-00,0.9900,2.00,yes
2026-10-05T00:58:42.111985Z,KXNATGAS15M-26OCT042100-00,0.9900,20.00,yes
2026-10-05T00:58:42.111985Z,KXNATGAS15M-26OCT042100-00,0.9900,2.00,yes
2026-10-05T00:58:42.394949Z,KXNATGAS15M-26OCT042100-00,0.9900,20.00,yes
2026-10-05T00:58:42.394949Z,KXNATGAS15M-26OCT042100-00,0.9900,2.00,yes
2026-10-05T00:58:42.676195Z,KXNATGAS15M-26OCT042100-00,0.9900,20.00,yes
2026-10-05T00:58:42.676195Z,KXNATGAS15M-26OCT042100-00,0.9900,2.00,yes
2026-10-05T00:58:48.962708Z,KXNATGAS15M-26OCT042100-00,0.9900,0.93,no
2026-10-05T00:58:50.019919Z,KXNATGAS15M-26OCT042100-00,0.9900,274.59,no
2026-10-05T00:58:58.023115Z,KXNATGAS15M-26OCT042100-00,0.9900,46.75,no
2026-10-05T00:59:02.049741Z,KXNATGAS15M-26OCT042100-00,0.9900,55.78,no
2026-10-05T00:59:02.049741Z,KXNATGAS15M-26OCT042100-00,0.9900,27.65,no
2026-10-05T00:59:02.049741Z,KXNATGAS15M-26OCT042100-00,0.9900,10.08,no
2026-10-05T00:59:12.495666Z,KXNATGAS15M-26OCT042100-00,0.9900,0.93,no
2026-10-05T00:59:18.196453Z,KXNATGAS15M-26OCT042100-00,0.9900,0.59,no
2026-10-05T00:59:41.172457Z,KXNATGAS15M-26OCT042100-00,0.9900,4.67,no
2026-10-05T00:58:29.079534Z,KXGOLD15M-26OCT042100-00,0.9880,7.79,no
2026-10-05T00:58:29.081312Z,KXGOLD15M-26OCT042100-00,0.9880,127.27,no
2026-10-05T00:58:29.208689Z,KXGOLD15M-26OCT042100-00,0.9880,35.19,no
2026-10-05T00:58:29.208689Z,KXGOLD15M-26OCT042100-00,0.9880,3.78,no
2026-10-05T00:58:29.473334Z,KXGOLD15M-26OCT042100-00,0.9850,6.22,no
2026-10-05T00:58:29.504628Z,KXGOLD15M-26OCT042100-00,0.9900,2786.75,yes
2026-10-05T00:58:29.504628Z,KXGOLD15M-26OCT042100-00,0.9900,2.20,yes
2026-10-05T00:58:29.504628Z,KXGOLD15M-26OCT042100-00,0.9900,62.37,yes
2026-10-05T00:58:29.504628Z,KXGOLD15M-26OCT042100-00,0.9900,29.76,yes
2026-10-05T00:58:29.504628Z,KXGOLD15M-26OCT042100-00,0.9900,41.78,yes
2026-10-05T00:58:29.504628Z,KXGOLD15M-26OCT042100-00,0.9900,1.00,yes
2026-10-05T00:58:29.504628Z,KXGOLD15M-26OCT042100-00,0.9900,4.25,yes
2026-10-05T00:58:29.504628Z,KXGOLD15M-26OCT042100-00,0.9900,2.72,yes
2026-10-05T00:58:29.504628Z,KXGOLD15M-26OCT042100-00,0.9900,6.63,yes
2026-10-05T00:58:29.504628Z,KXGOLD15M-26OCT042100-00,0.9900,3.39,yes
2026-10-05T00:58:29.504628Z,KXGOLD15M-26OCT042100-00,0.9900,1.16,yes
2026-10-05T00:58:29.504628Z,KXGOLD15M-26OCT042100-00,0.9900,1097.62,yes
2026-10-05T00:58:29.504628Z,KXGOLD15M-26OCT042100-00,0.9900,11.39,yes
2026-10-05T00:58:29.504628Z,KXGOLD15M-26OCT042100-00,0.9900,400.00,yes
2026-10-05T00:58:29.504628Z,KXGOLD15M-26OCT042100-00,0.9900,18.62,yes
2026-10-05T00:58:29.504628Z,KXGOLD15M-26OCT042100-00,0.9900,36.98,yes
2026-10-05T00:58:29.504628Z,KXGOLD15M-26OCT042100-00,0.9900,3.55,yes
2026-10-05T00:58:29.504628Z,KXGOLD15M-26OCT042100-00,0.9900,2.16,yes
2026-10-05T00:58:29.504628Z,KXGOLD15M-26OCT042100-00,0.9900,0.58,yes
2026-10-05T00:58:29.504628Z,KXGOLD15M-26OCT042100-00,0.9900,46.56,yes
2026-10-05T00:58:29.504628Z,KXGOLD15M-26OCT042100-00,0.9900,14.13,yes
2026-10-05T00:58:29.504628Z,KXGOLD15M-26OCT042100-00,0.9900,29.75,yes
2026-10-05T00:58:29.504628Z,KXGOLD15M-26OCT042100-00,0.9900,6.09,yes
2026-10-05T00:58:29.504628Z,KXGOLD15M-26OCT042100-00,0.9900,1.12,yes
2026-10-05T00:58:29.504628Z,KXGOLD15M-26OCT042100-00,0.9900,11.64,yes
2026-10-05T00:58:29.504628Z,KXGOLD15M-26OCT042100-00,0.9900,3.41,yes
2026-10-05T00:58:29.504628Z,KXGOLD15M-26OCT042100-00,0.9900,23.18,yes
2026-10-05T00:58:29.504628Z,KXGOLD15M-26OCT042100-00,0.9900,586.95,yes
2026-10-05T00:58:29.504628Z,KXGOLD15M-26OCT042100-00,0.9900,18.95,yes
2026-10-05T00:58:29.504628Z,KXGOLD15M-26OCT042100-00,0.9900,1.00,yes
2026-10-05T00:58:29.504628Z,KXGOLD15M-26OCT042100-00,0.9900,25.00,yes
2026-10-05T00:58:29.504628Z,KXGOLD15M-26OCT042100-00,0.9900,2.00,yes
2026-10-05T00:58:29.504628Z,KXGOLD15M-26OCT042100-00,0.9900,3.09,yes
2026-10-05T00:58:29.504628Z,KXGOLD15M-26OCT042100-00,0.9900,73.99,yes
2026-10-05T00:58:29.504628Z,KXGOLD15M-26OCT042100-00,0.9900,7.09,yes
2026-10-05T00:58:29.504628Z,KXGOLD15M-26OCT042100-00,0.9900,12.85,yes
2026-10-05T00:58:29.504628Z,KXGOLD15M-26OCT042100-00,0.9900,5.79,yes
2026-10-05T00:58:29.504628Z,KXGOLD15M-26OCT042100-00,0.9900,18.60,yes
2026-10-05T00:58:29.504628Z,KXGOLD15M-26OCT042100-00,0.9900,2.21,yes
2026-10-05T00:58:29.504628Z,KXGOLD15M-26OCT042100-00,0.9900,200.00,yes
2026-10-05T00:58:29.827689Z,KXGOLD15M-26OCT042100-00,0.9910,29.00,no
2026-10-05T00:58:29.827689Z,KXGOLD15M-26OCT042100-00,0.9890,233.00,no
2026-10-05T00:58:30.233659Z,KXGOLD15M-26OCT042100-00,0.9910,17.27,no
2026-10-05T00:58:30.304024Z,KXGOLD15M-26OCT042100-00,0.9910,35.00,no
2026-10-05T00:58:30.304024Z,KXGOLD15M-26OCT042100-00,0.9890,164.46,no
2026-10-05T00:58:30.40993Z,KXGOLD15M-26OCT042100-00,0.9920,46.00,yes
2026-10-05T00:58:30.40993Z,KXGOLD15M-26OCT042100-00,0.9920,117.00,yes
2026-10-05T00:58:30.40993Z,KXGOLD15M-26OCT042100-00,0.9920,5.00,yes
2026-10-05T00:58:30.40993Z,KXGOLD15M-26OCT042100-00,0.9930,799.10,yes
2026-10-05T00:58:30.40993Z,KXGOLD15M-26OCT042100-00,0.9930,500.00,yes
2026-10-05T00:58:30.613553Z,KXGOLD15M-26OCT042100-00,0.9910,25.00,no
2026-10-05T00:58:30.613553Z,KXGOLD15M-26OCT042100-00,0.9910,490.87,no
2026-10-05T00:58:30.779997Z,KXGOLD15M-26OCT042100-00,0.9910,9.13,no
2026-10-05T00:58:30.779997Z,KXGOLD15M-26OCT042100-00,0.9910,357.64,no
2026-10-05T00:58:31.054611Z,KXGOLD15M-26OCT042100-00,0.9940,0.80,yes
2026-10-05T00:58:31.676724Z,KXGOLD15M-26OCT042100-00,0.9940,100.00,yes
2026-10-05T00:58:32.052689Z,KXGOLD15M-26OCT042100-00,0.9940,100.00,yes
2026-10-05T00:58:32.052689Z,KXGOLD15M-26OCT042100-00,0.9940,5.00,yes
2026-10-05T00:58:32.052689Z,KXGOLD15M-26OCT042100-00,0.9940,399.20,yes
2026-10-05T00:58:32.180945Z,KXGOLD15M-26OCT042100-00,0.9930,0.80,no
2026-10-05T00:58:32.180945Z,KXGOLD15M-26OCT042100-00,0.9930,8.66,no
2026-10-05T00:58:32.509566Z,KXGOLD15M-26OCT042100-00,0.9930,91.34,no
2026-10-05T00:58:32.509566Z,KXGOLD15M-26OCT042100-00,0.9920,25.00,no
2026-10-05T00:58:32.509566Z,KXGOLD15M-26OCT042100-00,0.9930,399.20,no
2026-10-05T00:58:32.509566Z,KXGOLD15M-26OCT042100-00,0.9920,27.99,no
2026-10-05T00:58:32.570574Z,KXGOLD15M-26OCT042100-00,0.9940,0.97,no
2026-10-05T00:58:32.603865Z,KXGOLD15M-26OCT042100-00,0.9910,2100.00,no
2026-10-05T00:58:32.603865Z,KXGOLD15M-26OCT042100-00,0.9920,100.00,no
2026-10-05T00:58:32.603865Z,KXGOLD15M-26OCT042100-00,0.9940,299.03,no
2026-10-05T00:58:32.603865Z,KXGOLD15M-26OCT042100-00,0.9900,6.00,no
2026-10-05T00:58:32.603865Z,KXGOLD15M-26OCT042100-00,0.9890,162.30,no
2026-10-05T00:58:32.872263Z,KXGOLD15M-26OCT042100-00,0.9950,80.00,yes
2026-10-05T00:58:32.872263Z,KXGOLD15M-26OCT042100-00,0.9950,5.00,yes
2026-10-05T00:58:32.872263Z,KXGOLD15M-26OCT042100-00,0.9950,11.00,yes
2026-10-05T00:58:32.872263Z,KXGOLD15M-26OCT042100-00,0.9950,2.00,yes
2026-10-05T00:58:32.872263Z,KXGOLD15M-26OCT042100-00,0.9950,750.00,yes
2026-10-05T00:58:33.171246Z,KXGOLD15M-26OCT042100-00,0.9950,85.02,no
2026-10-05T00:58:33.19072Z,KXGOLD15M-26OCT042100-00,0.9940,109.66,no
2026-10-05T00:58:33.19072Z,KXGOLD15M-26OCT042100-00,0.9950,48.00,no
2026-10-05T00:58:33.227053Z,KXGOLD15M-26OCT042100-00,0.9920,66.13,no
2026-10-05T00:58:33.227053Z,KXGOLD15M-26OCT042100-00,0.9930,100.00,no
2026-10-05T00:58:33.227053Z,KXGOLD15M-26OCT042100-00,0.9940,640.34,no
2026-10-05T00:58:33.650526Z,KXGOLD15M-26OCT042100-00,0.9940,15.58,no
2026-10-05T00:58:33.820801Z,KXGOLD15M-26OCT042100-00,0.9940,34.05,no
2026-10-05T00:58:33.867094Z,KXGOLD15M-26OCT042100-00,0.9940,58.00,no
2026-10-05T00:58:33.867094Z,KXGOLD15M-26OCT042100-00,0.9920,134.39,no
2026-10-05T00:58:34.082569Z,KXGOLD15M-26OCT042100-00,0.9920,59.53,no
2026-10-05T00:58:34.21678Z,KXGOLD15M-26OCT042100-00,0.9930,5.06,no
2026-10-05T00:58:34.447407Z,KXGOLD15M-26OCT042100-00,0.9960,1.00,yes
2026-10-05T00:58:34.498765Z,KXGOLD15M-26OCT042100-00,0.9940,1.03,no
2026-10-05T00:58:34.498765Z,KXGOLD15M-26OCT042100-00,0.9950,1.00,no
2026-10-05T00:58:34.646478Z,KXGOLD15M-26OCT042100-00,0.9930,200.40,no
2026-10-05T00:58:34.646478Z,KXGOLD15M-26OCT042100-00,0.9940,37.97,no
2026-10-05T00:58:34.922403Z,KXGOLD15M-26OCT042100-00,0.9940,2.43,no
2026-10-05T00:58:34.989548Z,KXGOLD15M-26OCT042100-00,0.9930,58.00,no
2026-10-05T00:58:34.989548Z,KXGOLD15M-26OCT042100-00,0.9920,100.00,no
2026-10-05T00:58:34.989548Z,KXGOLD15M-26OCT042100-00,0.9940,297.57,no
2026-10-05T00:58:34.989548Z,KXGOLD15M-26OCT042100-00,0.9920,489.95,no
2026-10-05T00:58:35.05188Z,KXGOLD15M-26OCT042100-00,0.9920,63.34,no
2026-10-05T00:58:35.665512Z,KXGOLD15M-26OCT042100-00,0.9930,29.22,no
2026-10-05T00:58:35.994811Z,KXGOLD15M-26OCT042100-00,0.9920,2.29,no
2026-10-05T00:58:35.995047Z,KXGOLD15M-26OCT042100-00,0.9950,44.94,yes
2026-10-05T00:58:35.995047Z,KXGOLD15M-26OCT042100-00,0.9950,6.00,yes
2026-10-05T00:58:36.063862Z,KXGOLD15M-26OCT042100-00,0.9920,233.22,no
2026-10-05T00:58:36.506193Z,KXGOLD15M-26OCT042100-00,0.9940,116.88,no
2026-10-05T00:58:36.624819Z,KXGOLD15M-26OCT042100-00,0.9920,59.00,no
2026-10-05T00:58:36.624819Z,KXGOLD15M-26OCT042100-00,0.9920,451.15,no
2026-10-05T00:58:36.624819Z,KXGOLD15M-26OCT042100-00,0.9910,489.85,no
2026-10-05T00:58:36.736765Z,KXGOLD15M-26OCT042100-00,0.9920,3.45,no
2026-10-05T00:58:36.871806Z,KXGOLD15M-26OCT042100-00,0.9950,64.00,yes
2026-10-05T00:58:36.871806Z,KXGOLD15M-26OCT042100-00,0.9950,44.94,yes
2026-10-05T00:58:36.871806Z,KXGOLD15M-26OCT042100-00,0.9950,5.00,yes
2026-10-05T00:58:36.871806Z,KXGOLD15M-26OCT042100-00,0.9950,35.06,yes
2026-10-05T00:58:36.891254Z,KXGOLD15M-26OCT042100-00,0.9960,200.00,yes
2026-10-05T00:58:36.903552Z,KXGOLD15M-26OCT042100-00,0.9960,200.00,yes
2026-10-05T00:58:36.920949Z,KXGOLD15M-26OCT042100-00,0.9960,200.00,yes
2026-10-05T00:58:37.018173Z,KXGOLD15M-26OCT042100-00,0.9950,200.00,no
2026-10-05T00:58:37.018173Z,KXGOLD15M-26OCT042100-00,0.9950,200.00,no
2026-10-05T00:58:37.018173Z,KXGOLD15M-26OCT042100-00,0.9950,200.00,no
2026-10-05T00:58:37.05685Z,KXGOLD15M-26OCT042100-00,0.9960,17.00,yes
2026-10-05T00:58:37.095097Z,KXGOLD15M-26OCT042100-00,0.9950,17.00,no
2026-10-05T00:58:37.270552Z,KXGOLD15M-26OCT042100-00,0.9960,34.00,yes
2026-10-05T00:58:37.31658Z,KXGOLD15M-26OCT042100-00,0.9950,34.00,no
2026-10-05T00:58:38.0753Z,KXGOLD15M-26OCT042100-00,0.9930,5.29,no
2026-10-05T00:58:38.480916Z,KXGOLD15M-26OCT042100-00,0.9960,0.50,yes
2026-10-05T00:58:38.681611Z,KXGOLD15M-26OCT042100-00,0.9950,0.50,no
2026-10-05T00:58:38.901009Z,KXGOLD15M-26OCT042100-00,0.9930,6.41,no
2026-10-05T00:58:38.901009Z,KXGOLD15M-26OCT042100-00,0.9930,0.71,no
2026-10-05T00:58:39.161844Z,KXGOLD15M-26OCT042100-00,0.9900,15.00,no
2026-10-05T00:58:39.161844Z,KXGOLD15M-26OCT042100-00,0.9900,37.64,no
2026-10-05T00:58:39.161844Z,KXGOLD15M-26OCT042100-00,0.9930,28.59,no
2026-10-05T00:58:39.161844Z,KXGOLD15M-26OCT042100-00,0.9920,25.00,no
2026-10-05T00:58:39.462044Z,KXGOLD15M-26OCT042100-00,0.9960,16.28,yes
2026-10-05T00:58:39.642537Z,KXGOLD15M-26OCT042100-00,0.9950,16.28,no
2026-10-05T00:58:39.668171Z,KXGOLD15M-26OCT042100-00,0.9960,50.00,yes
2026-10-05T00:58:39.682031Z,KXGOLD15M-26OCT042100-00,0.9960,50.00,yes
2026-10-05T00:58:39.722824Z,KXGOLD15M-26OCT042100-00,0.9950,50.00,no
2026-10-05T00:58:39.722824Z,KXGOLD15M-26OCT042100-00,0.9950,50.00,no
2026-10-05T00:58:39.811867Z,KXGOLD15M-26OCT042100-00,0.9900,11.93,no
2026-10-05T00:58:40.049976Z,KXGOLD15M-26OCT042100-00,0.9960,5.01,yes
2026-10-05T00:58:40.11377Z,KXGOLD15M-26OCT042100-00,0.9950,5.01,no
2026-10-05T00:58:40.209154Z,KXGOLD15M-26OCT042100-00,0.9880,139.38,no
2026-10-05T00:58:40.209154Z,KXGOLD15M-26OCT042100-00,0.9900,50.43,no
2026-10-05T00:58:40.209154Z,KXGOLD15M-26OCT042100-00,0.9900,6.00,no
2026-10-05T00:58:40.209154Z,KXGOLD15M-26OCT042100-00,0.9890,27.19,no
2026-10-05T00:58:40.25903Z,KXGOLD15M-26OCT042100-00,0.9960,200.74,yes
2026-10-05T00:58:40.382422Z,KXGOLD15M-26OCT042100-00,0.9950,200.74,no
2026-10-05T00:58:40.827793Z,KXGOLD15M-26OCT042100-00,0.9930,12.07,yes
2026-10-05T00:58:40.917913Z,KXGOLD15M-26OCT042100-00,0.9860,54.79,no
2026-10-05T00:58:40.917913Z,KXGOLD15M-26OCT042100-00,0.9860,40.00,no
2026-10-05T00:58:40.917913Z,KXGOLD15M-26OCT042100-00,0.9860,27.00,no
2026-10-05T00:58:41.044066Z,KXGOLD15M-26OCT042100-00,0.9900,46.00,yes
2026-10-05T00:58:41.044066Z,KXGOLD15M-26OCT042100-00,0.9900,40.00,yes
2026-10-05T00:58:41.183237Z,KXGOLD15M-26OCT042100-00,0.9900,1.00,yes
2026-10-05T00:58:42.285569Z,KXGOLD15M-26OCT042100-00,0.9880,33.41,no
2026-10-05T00:58:42.55112Z,KXGOLD15M-26OCT042100-00,0.9900,10.00,yes
2026-10-05T00:58:43.090581Z,KXGOLD15M-26OCT042100-00,0.9930,21.00,yes
2026-10-05T00:58:43.090581Z,KXGOLD15M-26OCT042100-00,0.9910,37.00,yes
2026-10-05T00:58:43.090581Z,KXGOLD15M-26OCT042100-00,0.9930,6.00,yes
2026-10-05T00:58:43.090581Z,KXGOLD15M-26OCT042100-00,0.9900,6.00,yes
2026-10-05T00:58:43.090581Z,KXGOLD15M-26OCT042100-00,0.9950,6.00,yes
2026-10-05T00:58:43.424797Z,KXGOLD15M-26OCT042100-00,0.9940,79.00,yes
2026-10-05T00:58:43.424797Z,KXGOLD15M-26OCT042100-00,0.9950,5.00,yes
2026-10-05T00:58:43.424797Z,KXGOLD15M-26OCT042100-00,0.9960,4.93,yes
2026-10-05T00:58:43.424797Z,KXGOLD15M-26OCT042100-00,0.9960,25.47,yes
2026-10-05T00:58:43.47971Z,KXGOLD15M-26OCT042100-00,0.9900,6.00,no
2026-10-05T00:58:43.47971Z,KXGOLD15M-26OCT042100-00,0.9950,25.47,no
2026-10-05T00:58:43.47971Z,KXGOLD15M-26OCT042100-00,0.9900,32.00,no
2026-10-05T00:58:43.47971Z,KXGOLD15M-26OCT042100-00,0.9890,14.47,no
2026-10-05T00:58:43.689485Z,KXGOLD15M-26OCT042100-00,0.9880,15.97,no
2026-10-05T00:58:43.689485Z,KXGOLD15M-26OCT042100-00,0.9900,23.00,no
2026-10-05T00:58:43.730031Z,KXGOLD15M-26OCT042100-00,0.9940,30.16,yes
2026-10-05T00:58:43.937895Z,KXGOLD15M-26OCT042100-00,0.9870,54.29,no
2026-10-05T00:58:43.937895Z,KXGOLD15M-26OCT042100-00,0.9880,250.62,no
2026-10-05T00:58:43.937895Z,KXGOLD15M-26OCT042100-00,0.9900,27.00,no
2026-10-05T00:58:43.937895Z,KXGOLD15M-26OCT042100-00,0.9870,50.00,no
2026-10-05T00:58:44.368347Z,KXGOLD15M-26OCT042100-00,0.9940,4.02,yes
2026-10-05T00:58:44.648069Z,KXGOLD15M-26OCT042100-00,0.9900,6.00,no
2026-10-05T00:58:45.20856Z,KXGOLD15M-26OCT042100-00,0.9840,4.40,no
2026-10-05T00:58:45.20856Z,KXGOLD15M-26OCT042100-00,0.9860,15.00,no
2026-10-05T00:58:45.20856Z,KXGOLD15M-26OCT042100-00,0.9860,6.00,no
2026-10-05T00:58:45.20856Z,KXGOLD15M-26OCT042100-00,0.9860,40.00,no
2026-10-05T00:58:45.400516Z,KXGOLD15M-26OCT042100-00,0.9900,1.93,yes
2026-10-05T00:58:45.431054Z,KXGOLD15M-26OCT042100-00,0.9960,300.00,yes
2026-10-05T00:58:45.431054Z,KXGOLD15M-26OCT042100-00,0.9920,117.00,yes
2026-10-05T00:58:45.431054Z,KXGOLD15M-26OCT042100-00,0.9930,50.00,yes
2026-10-05T00:58:45.431054Z,KXGOLD15M-26OCT042100-00,0.9930,50.00,yes
2026-10-05T00:58:45.431054Z,KXGOLD15M-26OCT042100-00,0.9960,176.40,yes
2026-10-05T00:58:45.431054Z,KXGOLD15M-26OCT042100-00,0.9940,300.00,yes
2026-10-05T00:58:45.431054Z,KXGOLD15M-26OCT042100-00,0.9900,62.00,yes
2026-10-05T00:58:45.431054Z,KXGOLD15M-26OCT042100-00,0.9920,5.00,yes
2026-10-05T00:58:45.431054Z,KXGOLD15M-26OCT042100-00,0.9960,8.07,yes
2026-10-05T00:58:45.431054Z,KXGOLD15M-26OCT042100-00,0.9960,1.00,yes
2026-10-05T00:58:45.431054Z,KXGOLD15M-26OCT042100-00,0.9960,1.00,yes
2026-10-05T00:58:45.431054Z,KXGOLD15M-26OCT042100-00,0.9960,1.00,yes
2026-10-05T00:58:45.431054Z,KXGOLD15M-26OCT042100-00,0.9960,1.00,yes
2026-10-05T00:58:45.431054Z,KXGOLD15M-26OCT042100-00,0.9960,1.00,yes
2026-10-05T00:58:45.576165Z,KXGOLD15M-26OCT042100-00,0.9860,44.40,no
2026-10-05T00:58:45.576165Z,KXGOLD15M-26OCT042100-00,0.9860,21.00,no
2026-10-05T00:58:45.880057Z,KXGOLD15M-26OCT042100-00,0.9900,35.00,yes
2026-10-05T00:58:45.880057Z,KXGOLD15M-26OCT042100-00,0.9900,12.12,yes
2026-10-05T00:58:46.017474Z,KXGOLD15M-26OCT042100-00,0.9860,0.38,no
2026-10-05T00:58:46.050844Z,KXGOLD15M-26OCT042100-00,0.9840,100.42,no
2026-10-05T00:58:46.050844Z,KXGOLD15M-26OCT042100-00,0.9860,12.62,no
2026-10-05T00:58:46.050844Z,KXGOLD15M-26OCT042100-00,0.9850,4.60,no
2026-10-05T00:58:46.112492Z,KXGOLD15M-26OCT042100-00,0.9920,3.05,yes
2026-10-05T00:58:46.472473Z,KXGOLD15M-26OCT042100-00,0.9860,14.00,no
2026-10-05T00:58:46.472473Z,KXGOLD15M-26OCT042100-00,0.9860,25.40,no
2026-10-05T00:58:46.749085Z,KXGOLD15M-26OCT042100-00,0.9890,66.82,no
2026-10-05T00:58:46.826927Z,KXGOLD15M-26OCT042100-00,0.9900,6.00,yes
2026-10-05T00:58:46.90874Z,KXGOLD15M-26OCT042100-00,0.9890,8.39,no
2026-10-05T00:58:47.053646Z,KXGOLD15M-26OCT042100-00,0.9890,66.82,no
2026-10-05T00:58:47.137078Z,KXGOLD15M-26OCT042100-00,0.9890,59.70,no
2026-10-05T00:58:47.579048Z,KXGOLD15M-26OCT042100-00,0.9930,51.00,yes
2026-10-05T00:58:47.589168Z,KXGOLD15M-26OCT042100-00,0.9940,5.00,yes
2026-10-05T00:58:47.834405Z,KXGOLD15M-26OCT042100-00,0.9920,45.25,no
2026-10-05T00:58:47.985132Z,KXGOLD15M-26OCT042100-00,0.9960,492.03,yes
2026-10-05T00:58:48.006019Z,KXGOLD15M-26OCT042100-00,0.9920,229.09,no
2026-10-05T00:58:48.039084Z,KXGOLD15M-26OCT042100-00,0.9900,6.00,no
2026-10-05T00:58:48.039084Z,KXGOLD15M-26OCT042100-00,0.9910,60.00,no
2026-10-05T00:58:48.039084Z,KXGOLD15M-26OCT042100-00,0.9890,104.09,no
2026-10-05T00:58:48.263097Z,KXGOLD15M-26OCT042100-00,0.9890,92.00,no
2026-10-05T00:58:48.844975Z,KXGOLD15M-26OCT042100-00,0.9960,5.00,yes
2026-10-05T00:58:48.844975Z,KXGOLD15M-26OCT042100-00,0.9960,331.57,yes
2026-10-05T00:58:48.844975Z,KXGOLD15M-26OCT042100-00,0.9960,80.00,yes
2026-10-05T00:58:48.844975Z,KXGOLD15M-26OCT042100-00,0.9970,586.61,yes
2026-10-05T00:58:48.878041Z,KXGOLD15M-26OCT042100-00,0.9950,425.11,no
2026-10-05T00:58:49.182717Z,KXGOLD15M-26OCT042100-00,0.9950,61.72,no
2026-10-05T00:58:49.234101Z,KXGOLD15M-26OCT042100-00,0.9940,51.00,no
2026-10-05T00:58:49.234101Z,KXGOLD15M-26OCT042100-00,0.9920,100.00,no
2026-10-05T00:58:49.234101Z,KXGOLD15M-26OCT042100-00,0.9910,160.37,no
2026-10-05T00:58:49.234101Z,KXGOLD15M-26OCT042100-00,0.9950,99.78,no
2026-10-05T00:58:49.58772Z,KXGOLD15M-26OCT042100-00,0.9870,517.17,no
2026-10-05T00:58:49.58772Z,KXGOLD15M-26OCT042100-00,0.9910,589.63,no
2026-10-05T00:58:49.58772Z,KXGOLD15M-26OCT042100-00,0.9880,101.00,no
2026-10-05T00:58:49.58772Z,KXGOLD15M-26OCT042100-00,0.9890,40.00,no
2026-10-05T00:58:49.58772Z,KXGOLD15M-26OCT042100-00,0.9940,30.00,no
2026-10-05T00:58:49.58772Z,KXGOLD15M-26OCT042100-00,0.9900,6.00,no
2026-10-05T00:58:49.58772Z,KXGOLD15M-26OCT042100-00,0.9880,50.00,no
2026-10-05T00:58:49.58772Z,KXGOLD15M-26OCT042100-00,0.9880,13.00,no
2026-10-05T00:58:49.58772Z,KXGOLD15M-26OCT042100-00,0.9880,1.00,no
2026-10-05T00:58:49.58772Z,KXGOLD15M-26OCT042100-00,0.9870,6.00,no
2026-10-05T00:58:49.58772Z,KXGOLD15M-26OCT042100-00,0.9940,300.00,no
2026-10-05T00:58:50.291071Z,KXGOLD15M-26OCT042100-00,0.9930,0.43,no
2026-10-05T00:58:50.916721Z,KXGOLD15M-26OCT042100-00,0.9930,300.00,no
2026-10-05T00:58:50.916721Z,KXGOLD15M-26OCT042100-00,0.9930,32.00,no
2026-10-05T00:58:50.916721Z,KXGOLD15M-26OCT042100-00,0.9910,199.41,no
2026-10-05T00:58:51.384575Z,KXGOLD15M-26OCT042100-00,0.9910,162.09,no
2026-10-05T00:58:51.384575Z,KXGOLD15M-26OCT042100-00,0.9920,51.00,no
2026-10-05T00:58:51.668078Z,KXGOLD15M-26OCT042100-00,0.9910,75.99,no
2026-10-05T00:58:51.668078Z,KXGOLD15M-26OCT042100-00,0.9920,31.00,no
2026-10-05T00:58:51.727461Z,KXGOLD15M-26OCT042100-00,0.9910,0.62,no
2026-10-05T00:58:51.861307Z,KXGOLD15M-26OCT042100-00,0.9960,5.00,yes
2026-10-05T00:58:51.861307Z,KXGOLD15M-26OCT042100-00,0.9960,80.00,yes
2026-10-05T00:58:51.861307Z,KXGOLD15M-26OCT042100-00,0.9960,107.00,yes
2026-10-05T00:58:51.861307Z,KXGOLD15M-26OCT042100-00,0.9960,6.00,yes
2026-10-05T00:58:51.861307Z,KXGOLD15M-26OCT042100-00,0.9970,804.97,yes
2026-10-05T00:58:52.375988Z,KXGOLD15M-26OCT042100-00,0.9950,186.97,no
2026-10-05T00:58:52.885157Z,KXGOLD15M-26OCT042100-00,0.9960,2.00,yes
2026-10-05T00:58:53.53049Z,KXGOLD15M-26OCT042100-00,0.9950,618.00,no
2026-10-05T00:58:53.53049Z,KXGOLD15M-26OCT042100-00,0.9930,32.00,no
2026-10-05T00:58:53.53049Z,KXGOLD15M-26OCT042100-00,0.9920,69.48,no
2026-10-05T00:58:53.53049Z,KXGOLD15M-26OCT042100-00,0.9950,100.00,no
2026-10-05T00:58:54.010983Z,KXGOLD15M-26OCT042100-00,0.9920,273.54,no
2026-10-05T00:58:54.010983Z,KXGOLD15M-26OCT042100-00,0.9920,6.00,no
2026-10-05T00:58:54.010983Z,KXGOLD15M-26OCT042100-00,0.9920,74.00,no
2026-10-05T00:58:54.469517Z,KXGOLD15M-26OCT042100-00,0.9920,3.88,no
2026-10-05T00:58:54.651811Z,KXGOLD15M-26OCT042100-00,0.9920,5.82,no
2026-10-05T00:58:54.86579Z,KXGOLD15M-26OCT042100-00,0.9920,16.04,no
2026-10-05T00:58:55.026378Z,KXGOLD15M-26OCT042100-00,0.9960,2.00,yes
2026-10-05T00:58:55.128166Z,KXGOLD15M-26OCT042100-00,0.9920,4.49,no
2026-10-05T00:58:55.290429Z,KXGOLD15M-26OCT042100-00,0.9920,89.76,no
2026-10-05T00:58:55.364743Z,KXGOLD15M-26OCT042100-00,0.9960,1.77,yes
2026-10-05T00:58:55.364743Z,KXGOLD15M-26OCT042100-00,0.9960,1.00,yes
2026-10-05T00:58:55.509104Z,KXGOLD15M-26OCT042100-00,0.9920,116.88,no
2026-10-05T00:58:55.750665Z,KXGOLD15M-26OCT042100-00,0.9920,229.09,no
2026-10-05T00:58:55.814391Z,KXGOLD15M-26OCT042100-00,0.9950,300.00,no
2026-10-05T00:58:55.890822Z,KXGOLD15M-26OCT042100-00,0.9960,1.77,yes
2026-10-05T00:58:55.890822Z,KXGOLD15M-26OCT042100-00,0.9960,5.00,yes
2026-10-05T00:58:55.890822Z,KXGOLD15M-26OCT042100-00,0.9960,91.00,yes
2026-10-05T00:58:55.890822Z,KXGOLD15M-26OCT042100-00,0.9960,78.23,yes
2026-10-05T00:58:55.890822Z,KXGOLD15M-26OCT042100-00,0.9970,97.09,yes
2026-10-05T00:58:56.102666Z,KXGOLD15M-26OCT042100-00,0.9960,5.00,yes
2026-10-05T00:58:56.102666Z,KXGOLD15M-26OCT042100-00,0.9960,80.00,yes
2026-10-05T00:58:56.102666Z,KXGOLD15M-26OCT042100-00,0.9950,6.00,yes
2026-10-05T00:58:56.329821Z,KXGOLD15M-26OCT042100-00,0.9970,59.77,yes
2026-10-05T00:58:56.516647Z,KXGOLD15M-26OCT042100-00,0.9920,10.50,no
2026-10-05T00:58:56.516647Z,KXGOLD15M-26OCT042100-00,0.9930,100.00,no
2026-10-05T00:58:56.516647Z,KXGOLD15M-26OCT042100-00,0.9950,156.86,no
2026-10-05T00:58:56.516647Z,KXGOLD15M-26OCT042100-00,0.9920,233.99,no
2026-10-05T00:58:56.516647Z,KXGOLD15M-26OCT042100-00,0.9930,50.00,no
2026-10-05T00:58:56.933925Z,KXGOLD15M-26OCT042100-00,0.9930,35.00,no
2026-10-05T00:58:56.933925Z,KXGOLD15M-26OCT042100-00,0.9920,236.00,no
2026-10-05T00:58:57.234294Z,KXGOLD15M-26OCT042100-00,0.9950,1.07,no
2026-10-05T00:58:57.262728Z,KXGOLD15M-26OCT042100-00,0.9970,20.05,yes
2026-10-05T00:58:57.595496Z,KXGOLD15M-26OCT042100-00,0.9960,2.52,no
2026-10-05T00:58:57.706805Z,KXGOLD15M-26OCT042100-00,0.9960,118.45,no
2026-10-05T00:58:58.181485Z,KXGOLD15M-26OCT042100-00,0.9960,52.43,no
2026-10-05T00:58:58.227509Z,KXGOLD15M-26OCT042100-00,0.9960,578.32,no
2026-10-05T00:58:58.737626Z,KXGOLD15M-26OCT042100-00,0.9960,248.28,no
2026-10-05T00:58:59.036433Z,KXGOLD15M-26OCT042100-00,0.9970,501.39,yes
2026-10-05T00:58:59.639438Z,KXGOLD15M-26OCT042100-00,0.9950,91.61,no
2026-10-05T00:58:59.756619Z,KXGOLD15M-26OCT042100-00,0.9960,40.56,no
2026-10-05T00:58:59.94573Z,KXGOLD15M-26OCT042100-00,0.9960,351.00,no
2026-10-05T00:59:00.054453Z,KXGOLD15M-26OCT042100-00,0.9970,2.00,yes
2026-10-05T00:59:00.351327Z,KXGOLD15M-26OCT042100-00,0.9970,33.00,yes
2026-10-05T00:59:00.756454Z,KXGOLD15M-26OCT042100-00,0.9960,48.10,no
2026-10-05T00:59:00.93457Z,KXGOLD15M-26OCT042100-00,0.9970,1.00,yes
2026-10-05T00:59:01.452863Z,KXGOLD15M-26OCT042100-00,0.9970,0.11,yes
2026-10-05T00:59:01.535117Z,KXGOLD15M-26OCT042100-00,0.9960,229.04,no
2026-10-05T00:59:01.951145Z,KXGOLD15M-26OCT042100-00,0.9960,229.04,no
2026-10-05T00:59:02.093696Z,KXGOLD15M-26OCT042100-00,0.9960,16.21,no
2026-10-05T00:59:02.169969Z,KXGOLD15M-26OCT042100-00,0.9960,229.04,no
2026-10-05T00:59:02.606646Z,KXGOLD15M-26OCT042100-00,0.9960,23.37,no
2026-10-05T00:59:03.034781Z,KXGOLD15M-26OCT042100-00,0.9970,27.32,yes
2026-10-05T00:59:03.103142Z,KXGOLD15M-26OCT042100-00,0.9960,1.04,no
2026-10-05T00:59:03.892474Z,KXGOLD15M-26OCT042100-00,0.9970,5.01,yes
2026-10-05T00:59:03.895469Z,KXGOLD15M-26OCT042100-00,0.9970,100.00,yes
2026-10-05T00:59:03.895469Z,KXGOLD15M-26OCT042100-00,0.9970,143.00,yes
2026-10-05T00:59:03.895469Z,KXGOLD15M-26OCT042100-00,0.9970,81.00,yes
2026-10-05T00:59:03.895469Z,KXGOLD15M-26OCT042100-00,0.9990,1559.77,yes
2026-10-05T00:59:03.895469Z,KXGOLD15M-26OCT042100-00,0.9970,5.00,yes
2026-10-05T00:59:03.895469Z,KXGOLD15M-26OCT042100-00,0.9970,250.00,yes
2026-10-05T00:59:03.895469Z,KXGOLD15M-26OCT042100-00,0.9980,2500.00,yes
2026-10-05T00:59:03.895469Z,KXGOLD15M-26OCT042100-00,0.9990,60.00,yes
2026-10-05T00:59:03.895469Z,KXGOLD15M-26OCT042100-00,0.9990,30.00,yes
2026-10-05T00:59:03.895469Z,KXGOLD15M-26OCT042100-00,0.9990,60.00,yes
2026-10-05T00:59:03.895469Z,KXGOLD15M-26OCT042100-00,0.9990,30.00,yes
2026-10-05T00:59:03.895469Z,KXGOLD15M-26OCT042100-00,0.9980,1250.00,yes
2026-10-05T00:59:03.895469Z,KXGOLD15M-26OCT042100-00,0.9990,1.00,yes
2026-10-05T00:59:03.895469Z,KXGOLD15M-26OCT042100-00,0.9970,861.68,yes
2026-10-05T00:59:03.895469Z,KXGOLD15M-26OCT042100-00,0.9990,1250.00,yes
2026-10-05T00:59:03.895469Z,KXGOLD15M-26OCT042100-00,0.9970,1250.00,yes
2026-10-05T00:59:03.895469Z,KXGOLD15M-26OCT042100-00,0.9990,5000.00,yes
2026-10-05T00:59:03.895469Z,KXGOLD15M-26OCT042100-00,0.9980,2400.00,yes
2026-10-05T00:59:03.895469Z,KXGOLD15M-26OCT042100-00,0.9990,800.00,yes
2026-10-05T00:59:03.895469Z,KXGOLD15M-26OCT042100-00,0.9980,3.00,yes
2026-10-05T00:59:03.895469Z,KXGOLD15M-26OCT042100-00,0.9980,3.00,yes
2026-10-05T00:59:03.895469Z,KXGOLD15M-26OCT042100-00,0.9980,300.00,yes
2026-10-05T00:59:03.895469Z,KXGOLD15M-26OCT042100-00,0.9990,400.00,yes
2026-10-05T00:59:03.895469Z,KXGOLD15M-26OCT042100-00,0.9970,2.00,yes
2026-10-05T00:59:03.895469Z,KXGOLD15M-26OCT042100-00,0.9970,2.00,yes
2026-10-05T00:59:03.895469Z,KXGOLD15M-26OCT042100-00,0.9980,3.00,yes
2026-10-05T00:59:03.895469Z,KXGOLD15M-26OCT042100-00,0.9980,3.00,yes
2026-10-05T00:59:03.895469Z,KXGOLD15M-26OCT042100-00,0.9970,2.00,yes
2026-10-05T00:59:03.895469Z,KXGOLD15M-26OCT042100-00,0.9970,2.00,yes
2026-10-05T00:59:03.895469Z,KXGOLD15M-26OCT042100-00,0.9980,3.00,yes
2026-10-05T00:59:03.895469Z,KXGOLD15M-26OCT042100-00,0.9980,3.00,yes
2026-10-05T00:59:03.895469Z,KXGOLD15M-26OCT042100-00,0.9990,1.00,yes
2026-10-05T00:59:03.895469Z,KXGOLD15M-26OCT042100-00,0.9970,18.00,yes
2026-10-05T00:59:03.895469Z,KXGOLD15M-26OCT042100-00,0.9980,26.00,yes
2026-10-05T00:59:03.895469Z,KXGOLD15M-26OCT042100-00,0.9980,3.00,yes
2026-10-05T00:59:03.895469Z,KXGOLD15M-26OCT042100-00,0.9970,2.00,yes
2026-10-05T00:59:04.2487Z,KXGOLD15M-26OCT042100-00,0.9970,1168.54,no
2026-10-05T00:59:05.031896Z,KXGOLD15M-26OCT042100-00,0.9970,5174.21,no
2026-10-05T00:59:05.031896Z,KXGOLD15M-26OCT042100-00,0.9970,3831.46,no
2026-10-05T00:59:05.031896Z,KXGOLD15M-26OCT042100-00,0.9970,155.00,no
2026-10-05T00:59:05.798914Z,KXGOLD15M-26OCT042100-00,0.9980,31.05,yes
2026-10-05T00:59:06.294412Z,KXGOLD15M-26OCT042100-00,0.9970,186.97,no
2026-10-05T00:59:06.42437Z,KXGOLD15M-26OCT042100-00,0.9970,305.35,no
2026-10-05T00:59:06.853427Z,KXGOLD15M-26OCT042100-00,0.9980,24.90,yes
2026-10-05T00:59:07.511216Z,KXGOLD15M-26OCT042100-00,0.9970,1165.47,no
2026-10-05T00:59:07.511216Z,KXGOLD15M-26OCT042100-00,0.9970,361.33,no
2026-10-05T00:59:07.545945Z,KXGOLD15M-26OCT042100-00,0.9980,10.50,yes
2026-10-05T00:59:07.952906Z,KXGOLD15M-26OCT042100-00,0.9970,305.35,no
2026-10-05T00:59:07.963236Z,KXGOLD15M-26OCT042100-00,0.9980,1.00,yes
2026-10-05T00:59:07.982868Z,KXGOLD15M-26OCT042100-00,0.9980,6.00,yes
2026-10-05T00:59:09.116159Z,KXGOLD15M-26OCT042100-00,0.9970,305.35,no
2026-10-05T00:59:10.78707Z,KXGOLD15M-26OCT042100-00,0.9970,623.19,no
2026-10-05T00:59:10.909075Z,KXGOLD15M-26OCT042100-00,0.9990,200.00,yes
2026-10-05T00:59:10.909075Z,KXGOLD15M-26OCT042100-00,0.9990,5.00,yes
2026-10-05T00:59:10.909075Z,KXGOLD15M-26OCT042100-00,0.9980,93.00,yes
2026-10-05T00:59:10.909075Z,KXGOLD15M-26OCT042100-00,0.9990,480.00,yes
2026-10-05T00:59:10.909075Z,KXGOLD15M-26OCT042100-00,0.9990,1168.54,yes
2026-10-05T00:59:10.909075Z,KXGOLD15M-26OCT042100-00,0.9990,30.00,yes
2026-10-05T00:59:10.909075Z,KXGOLD15M-26OCT042100-00,0.9990,30.00,yes
2026-10-05T00:59:10.909075Z,KXGOLD15M-26OCT042100-00,0.9990,60.00,yes
2026-10-05T00:59:10.909075Z,KXGOLD15M-26OCT042100-00,0.9990,2273.00,yes
2026-10-05T00:59:10.909075Z,KXGOLD15M-26OCT042100-00,0.9990,60.00,yes
2026-10-05T00:59:10.909075Z,KXGOLD15M-26OCT042100-00,0.9980,982.50,yes
2026-10-05T00:59:10.909075Z,KXGOLD15M-26OCT042100-00,0.9980,972.03,yes
2026-10-05T00:59:11.306708Z,KXGOLD15M-26OCT042100-00,0.9980,80.00,no
2026-10-05T00:59:11.771998Z,KXGOLD15M-26OCT042100-00,0.9990,58.90,yes
2026-10-05T00:59:11.873582Z,KXGOLD15M-26OCT042100-00,0.9980,137.43,no
2026-10-05T00:59:12.127835Z,KXGOLD15M-26OCT042100-00,0.9980,62.33,no
2026-10-05T00:59:12.183523Z,KXGOLD15M-26OCT042100-00,0.9980,91.62,no
2026-10-05T00:59:12.442201Z,KXGOLD15M-26OCT042100-00,0.9980,203.53,no
2026-10-05T00:59:13.004341Z,KXGOLD15M-26OCT042100-00,0.9990,73.00,yes
2026-10-05T00:59:13.004341Z,KXGOLD15M-26OCT042100-00,0.9990,200.00,yes
2026-10-05T00:59:13.004341Z,KXGOLD15M-26OCT042100-00,0.9990,5.00,yes
2026-10-05T00:59:13.288679Z,KXGOLD15M-26OCT042100-00,0.9980,458.01,no
2026-10-05T00:59:13.805309Z,KXGOLD15M-26OCT042100-00,0.9980,858.26,no
2026-10-05T00:59:13.805309Z,KXGOLD15M-26OCT042100-00,0.9980,135.62,no
2026-10-05T00:59:14.208039Z,KXGOLD15M-26OCT042100-00,0.9980,114.50,no
2026-10-05T00:59:15.195995Z,KXGOLD15M-26OCT042100-00,0.9980,50.11,no
2026-10-05T00:59:15.291212Z,KXGOLD15M-26OCT042100-00,0.9980,11.00,no
2026-10-05T00:59:15.321438Z,KXGOLD15M-26OCT042100-00,0.9980,458.01,no
2026-10-05T00:59:16.390014Z,KXGOLD15M-26OCT042100-00,0.9990,60.00,yes
2026-10-05T00:59:16.390014Z,KXGOLD15M-26OCT042100-00,0.9990,60.00,yes
2026-10-05T00:59:16.390014Z,KXGOLD15M-26OCT042100-00,0.9990,30.00,yes
2026-10-05T00:59:16.390014Z,KXGOLD15M-26OCT042100-00,0.9990,30.00,yes
2026-10-05T00:59:16.390014Z,KXGOLD15M-26OCT042100-00,0.9990,5.00,yes
2026-10-05T00:59:16.390014Z,KXGOLD15M-26OCT042100-00,0.9990,200.00,yes
2026-10-05T00:59:17.093282Z,KXGOLD15M-26OCT042100-00,0.9980,229.01,no
2026-10-05T00:59:18.488473Z,KXGOLD15M-26OCT042100-00,0.9980,2.18,no
2026-10-05T00:59:18.602232Z,KXGOLD15M-26OCT042100-00,0.9980,9.31,no
2026-10-05T00:59:19.011016Z,KXGOLD15M-26OCT042100-00,0.9980,100.00,no
2026-10-05T00:59:19.011016Z,KXGOLD15M-26OCT042100-00,0.9980,0.01,no
2026-10-05T00:59:19.011016Z,KXGOLD15M-26OCT042100-00,0.9980,972.03,no
2026-10-05T00:59:19.011016Z,KXGOLD15M-26OCT042100-00,0.9980,540.62,no
2026-10-05T00:59:19.011016Z,KXGOLD15M-26OCT042100-00,0.9980,1154.78,no
2026-10-05T00:59:19.011016Z,KXGOLD15M-26OCT042100-00,0.9970,1173.42,no
2026-10-05T00:59:19.011016Z,KXGOLD15M-26OCT042100-00,0.9980,100.00,no
2026-10-05T00:59:19.226728Z,KXGOLD15M-26OCT042100-00,0.9970,5.63,no
2026-10-05T00:59:19.334625Z,KXGOLD15M-26OCT042100-00,0.9970,11.03,no
2026-10-05T00:59:20.049183Z,KXGOLD15M-26OCT042100-00,0.9990,10.00,yes
2026-10-05T00:59:20.710812Z,KXGOLD15M-26OCT042100-00,0.9980,40.00,no
2026-10-05T00:59:20.710812Z,KXGOLD15M-26OCT042100-00,0.9980,1.26,no
2026-10-05T00:59:20.710812Z,KXGOLD15M-26OCT042100-00,0.9980,46.00,no
2026-10-05T00:59:20.711836Z,KXGOLD15M-26OCT042100-00,0.9990,0.33,yes
2026-10-05T00:59:20.830554Z,KXGOLD15M-26OCT042100-00,0.9990,30.00,yes
2026-10-05T00:59:20.830554Z,KXGOLD15M-26OCT042100-00,0.9990,2.02,yes
2026-10-05T00:59:21.475855Z,KXGOLD15M-26OCT042100-00,0.9970,59.92,no
2026-10-05T00:59:21.475855Z,KXGOLD15M-26OCT042100-00,0.9970,211.43,no
2026-10-05T00:59:21.475855Z,KXGOLD15M-26OCT042100-00,0.9970,34.00,no
2026-10-05T00:59:21.844356Z,KXGOLD15M-26OCT042100-00,0.9990,100.00,yes
2026-10-05T00:59:21.844356Z,KXGOLD15M-26OCT042100-00,0.9990,200.00,yes
2026-10-05T00:59:21.844356Z,KXGOLD15M-26OCT042100-00,0.9990,5.00,yes
2026-10-05T00:59:22.307444Z,KXGOLD15M-26OCT042100-00,0.9990,159.56,yes
2026-10-05T00:59:22.307444Z,KXGOLD15M-26OCT042100-00,0.9990,60.00,yes
2026-10-05T00:59:22.543195Z,KXGOLD15M-26OCT042100-00,0.9990,1.00,yes
2026-10-05T00:59:22.855935Z,KXGOLD15M-26OCT042100-00,0.9990,4.00,yes
2026-10-05T00:59:22.855935Z,KXGOLD15M-26OCT042100-00,0.9990,91.08,yes
2026-10-05T00:59:23.488043Z,KXGOLD15M-26OCT042100-00,0.9990,19.78,yes
2026-10-05T00:59:23.518248Z,KXGOLD15M-26OCT042100-00,0.9990,0.07,yes
2026-10-05T00:59:23.867489Z,KXGOLD15M-26OCT042100-00,0.9990,10.00,yes
2026-10-05T00:59:24.384027Z,KXGOLD15M-26OCT042100-00,0.9970,54.96,no
2026-10-05T00:59:24.712798Z,KXGOLD15M-26OCT042100-00,0.9970,255.05,no
2026-10-05T00:59:24.712798Z,KXGOLD15M-26OCT042100-00,0.9970,50.30,no
2026-10-05T00:59:24.818622Z,KXGOLD15M-26OCT042100-00,0.9990,30.00,yes
2026-10-05T00:59:24.818622Z,KXGOLD15M-26OCT042100-00,0.9990,60.00,yes
2026-10-05T00:59:24.818622Z,KXGOLD15M-26OCT042100-00,0.9990,79.07,yes
2026-10-05T00:59:24.818622Z,KXGOLD15M-26OCT042100-00,0.9990,91.08,yes
2026-10-05T00:59:24.818622Z,KXGOLD15M-26OCT042100-00,0.9990,30.00,yes
2026-10-05T00:59:24.818622Z,KXGOLD15M-26OCT042100-00,0.9990,5.00,yes
2026-10-05T00:59:24.818622Z,KXGOLD15M-26OCT042100-00,0.9990,10.00,yes
2026-10-05T00:59:24.818622Z,KXGOLD15M-26OCT042100-00,0.9990,0.07,yes
2026-10-05T00:59:24.818622Z,KXGOLD15M-26OCT042100-00,0.9990,19.78,yes
2026-10-05T00:59:25.23378Z,KXGOLD15M-26OCT042100-00,0.9990,20.62,yes
2026-10-05T00:59:25.396782Z,KXGOLD15M-26OCT042100-00,0.9970,305.35,no
2026-10-05T00:59:26.021254Z,KXGOLD15M-26OCT042100-00,0.9970,13.51,no
2026-10-05T00:59:26.203616Z,KXGOLD15M-26OCT042100-00,0.9990,3.00,yes
2026-10-05T00:59:26.907443Z,KXGOLD15M-26OCT042100-00,0.9990,27.79,yes
2026-10-05T00:59:27.252542Z,KXGOLD15M-26OCT042100-00,0.9970,305.35,no
2026-10-05T00:59:27.584619Z,KXGOLD15M-26OCT042100-00,0.9990,100.09,yes
2026-10-05T00:59:27.823736Z,KXGOLD15M-26OCT042100-00,0.9970,255.61,no
2026-10-05T00:59:27.823736Z,KXGOLD15M-26OCT042100-00,0.9970,2530.01,no
2026-10-05T00:59:27.823736Z,KXGOLD15M-26OCT042100-00,0.9960,95.82,no
2026-10-05T00:59:27.823736Z,KXGOLD15M-26OCT042100-00,0.9970,100.00,no
2026-10-05T00:59:27.823736Z,KXGOLD15M-26OCT042100-00,0.9970,100.00,no
2026-10-05T00:59:27.823736Z,KXGOLD15M-26OCT042100-00,0.9970,0.01,no
2026-10-05T00:59:27.893901Z,KXGOLD15M-26OCT042100-00,0.9960,3.00,no
2026-10-05T00:59:28.092204Z,KXGOLD15M-26OCT042100-00,0.9990,5.94,yes
2026-10-05T00:59:28.092204Z,KXGOLD15M-26OCT042100-00,0.9990,26.91,yes
2026-10-05T00:59:28.825493Z,KXGOLD15M-26OCT042100-00,0.9960,98.86,no
2026-10-05T00:59:28.825493Z,KXGOLD15M-26OCT042100-00,0.9960,130.18,no
2026-10-05T00:59:28.934925Z,KXGOLD15M-26OCT042100-00,0.9990,0.09,yes
2026-10-05T00:59:28.934925Z,KXGOLD15M-26OCT042100-00,0.9990,27.91,yes
2026-10-05T00:59:28.934925Z,KXGOLD15M-26OCT042100-00,0.9990,60.00,yes
2026-10-05T00:59:28.934925Z,KXGOLD15M-26OCT042100-00,0.9990,100.00,yes
2026-10-05T00:59:28.934925Z,KXGOLD15M-26OCT042100-00,0.9990,5.00,yes
2026-10-05T00:59:28.934925Z,KXGOLD15M-26OCT042100-00,0.9990,2.00,yes
2026-10-05T00:59:28.934925Z,KXGOLD15M-26OCT042100-00,0.9990,100.00,yes
2026-10-05T00:59:28.934925Z,KXGOLD15M-26OCT042100-00,0.9990,30.00,yes
2026-10-05T00:59:28.934925Z,KXGOLD15M-26OCT042100-00,0.9990,60.00,yes
2026-10-05T00:59:29.5641Z,KXGOLD15M-26OCT042100-00,0.9960,2.29,no
2026-10-05T00:59:29.686163Z,KXGOLD15M-26OCT042100-00,0.9960,229.04,no
2026-10-05T00:59:29.876602Z,KXGOLD15M-26OCT042100-00,0.9960,458.07,no
2026-10-05T00:59:30.971064Z,KXGOLD15M-26OCT042100-00,0.9960,128.54,no
2026-10-05T00:59:30.971064Z,KXGOLD15M-26OCT042100-00,0.9970,40.00,no
2026-10-05T00:59:30.971064Z,KXGOLD15M-26OCT042100-00,0.9970,100.00,no
2026-10-05T00:59:31.605933Z,KXGOLD15M-26OCT042100-00,0.9960,811.96,no
2026-10-05T00:59:31.605933Z,KXGOLD15M-26OCT042100-00,0.9960,333.20,no
2026-10-05T00:59:31.746035Z,KXGOLD15M-26OCT042100-00,0.9960,229.04,no
2026-10-05T00:59:32.310808Z,KXGOLD15M-26OCT042100-00,0.9990,70.00,yes
2026-10-05T00:59:32.316369Z,KXGOLD15M-26OCT042100-00,0.9990,70.00,yes
2026-10-05T00:59:32.81713Z,KXGOLD15M-26OCT042100-00,0.9990,70.00,yes
2026-10-05T00:59:33.1126Z,KXGOLD15M-26OCT042100-00,0.9960,2.40,no
2026-10-05T00:59:33.316781Z,KXGOLD15M-26OCT042100-00,0.9990,70.00,yes
2026-10-05T00:59:33.816917Z,KXGOLD15M-26OCT042100-00,0.9990,70.00,yes
2026-10-05T00:59:34.317603Z,KXGOLD15M-26OCT042100-00,0.9990,70.00,yes
2026-10-05T00:59:34.349642Z,KXGOLD15M-26OCT042100-00,0.9990,99.09,yes
2026-10-05T00:59:34.81752Z,KXGOLD15M-26OCT042100-00,0.9990,70.00,yes
2026-10-05T00:59:34.875043Z,KXGOLD15M-26OCT042100-00,0.9990,2001.86,yes
2026-10-05T00:59:34.991774Z,KXGOLD15M-26OCT042100-00,0.9990,24.90,yes
2026-10-05T00:59:35.004171Z,KXGOLD15M-26OCT042100-00,0.9990,200.18,yes
2026-10-05T00:59:35.277215Z,KXGOLD15M-26OCT042100-00,0.9960,39.27,no
2026-10-05T00:59:35.311864Z,KXGOLD15M-26OCT042100-00,0.9990,70.00,yes
2026-10-05T00:59:35.402773Z,KXGOLD15M-26OCT042100-00,0.9960,0.01,no
2026-10-05T00:59:35.402773Z,KXGOLD15M-26OCT042100-00,0.9950,7.70,no
2026-10-05T00:59:35.402773Z,KXGOLD15M-26OCT042100-00,0.9960,54.00,no
2026-10-05T00:59:35.402773Z,KXGOLD15M-26OCT042100-00,0.9960,167.33,no
2026-10-05T00:59:35.411238Z,KXGOLD15M-26OCT042100-00,0.9990,5.00,yes
2026-10-05T00:59:35.615845Z,KXGOLD15M-26OCT042100-00,0.9990,5.00,yes
2026-10-05T00:59:35.777465Z,KXGOLD15M-26OCT042100-00,0.9990,500.46,yes
2026-10-05T00:59:36.51502Z,KXGOLD15M-26OCT042100-00,0.9960,38.00,no
2026-10-05T00:59:36.51502Z,KXGOLD15M-26OCT042100-00,0.9950,100.00,no
2026-10-05T00:59:36.51502Z,KXGOLD15M-26OCT042100-00,0.9940,668.49,no
2026-10-05T00:59:36.939926Z,KXGOLD15M-26OCT042100-00,0.9990,39.84,yes
2026-10-05T00:59:37.154735Z,KXGOLD15M-26OCT042100-00,0.9950,5.49,no
2026-10-05T00:59:37.630535Z,KXGOLD15M-26OCT042100-00,0.9950,7.00,no
2026-10-05T00:59:37.630535Z,KXGOLD15M-26OCT042100-00,0.9950,51.51,no
2026-10-05T00:59:37.630535Z,KXGOLD15M-26OCT042100-00,0.9940,24.51,no
2026-10-05T00:59:37.630535Z,KXGOLD15M-26OCT042100-00,0.9940,81.51,no
2026-10-05T00:59:37.73176Z,KXGOLD15M-26OCT042100-00,0.9990,10.00,yes
2026-10-05T00:59:37.752937Z,KXGOLD15M-26OCT042100-00,0.9950,6.37,no
2026-10-05T00:59:38.168236Z,KXGOLD15M-26OCT042100-00,0.9950,18.52,no
2026-10-05T00:59:38.323612Z,KXGOLD15M-26OCT042100-00,0.9990,83.00,yes
2026-10-05T00:59:38.569857Z,KXGOLD15M-26OCT042100-00,0.9990,17.00,yes
2026-10-05T00:59:38.569857Z,KXGOLD15M-26OCT042100-00,0.9990,1.00,yes
2026-10-05T00:59:38.569857Z,KXGOLD15M-26OCT042100-00,0.9990,8.00,yes
2026-10-05T00:59:38.569857Z,KXGOLD15M-26OCT042100-00,0.9990,2.00,yes
2026-10-05T00:59:38.569857Z,KXGOLD15M-26OCT042100-00,0.9990,4.00,yes
2026-10-05T00:59:38.569857Z,KXGOLD15M-26OCT042100-00,0.9990,20.00,yes
2026-10-05T00:59:38.569857Z,KXGOLD15M-26OCT042100-00,0.9990,23.00,yes
2026-10-05T00:59:38.569857Z,KXGOLD15M-26OCT042100-00,0.9990,5.00,yes
2026-10-05T00:59:38.810222Z,KXGOLD15M-26OCT042100-00,0.9990,32.00,yes
2026-10-05T00:59:38.810222Z,KXGOLD15M-26OCT042100-00,0.9990,29.00,yes
2026-10-05T00:59:39.333209Z,KXGOLD15M-26OCT042100-00,0.9990,26.00,yes
2026-10-05T00:59:39.371788Z,KXGOLD15M-26OCT042100-00,0.9990,0.49,yes
2026-10-05T00:59:39.934103Z,KXGOLD15M-26OCT042100-00,0.9990,3.57,yes
2026-10-05T00:59:39.934103Z,KXGOLD15M-26OCT042100-00,0.9990,67.49,yes
2026-10-05T00:59:39.934103Z,KXGOLD15M-26OCT042100-00,0.9990,9.51,yes
2026-10-05T00:59:39.934103Z,KXGOLD15M-26OCT042100-00,0.9990,112.00,yes
2026-10-05T00:59:40.115279Z,KXGOLD15M-26OCT042100-00,0.9940,8.00,no
2026-10-05T00:59:40.115279Z,KXGOLD15M-26OCT042100-00,0.9950,8.00,no
2026-10-05T00:59:40.115279Z,KXGOLD15M-26OCT042100-00,0.9960,52.00,no
2026-10-05T00:59:40.115279Z,KXGOLD15M-26OCT042100-00,0.9960,3396.49,no
2026-10-05T00:59:40.115279Z,KXGOLD15M-26OCT042100-00,0.9960,8.00,no
2026-10-05T00:59:40.115279Z,KXGOLD15M-26OCT042100-00,0.9960,40.00,no
2026-10-05T00:59:40.115279Z,KXGOLD15M-26OCT042100-00,0.9930,750.00,no
2026-10-05T00:59:40.115279Z,KXGOLD15M-26OCT042100-00,0.9930,1629.97,no
2026-10-05T00:59:40.423114Z,KXGOLD15M-26OCT042100-00,0.9980,1.00,yes
2026-10-05T00:59:40.428768Z,KXGOLD15M-26OCT042100-00,0.9990,58.00,yes
2026-10-05T00:59:40.428768Z,KXGOLD15M-26OCT042100-00,0.9990,82.00,yes
2026-10-05T00:59:40.428768Z,KXGOLD15M-26OCT042100-00,0.9990,5.00,yes
2026-10-05T00:59:40.428768Z,KXGOLD15M-26OCT042100-00,0.9990,2.00,yes
2026-10-05T00:59:40.428768Z,KXGOLD15M-26OCT042100-00,0.9980,1148.97,yes
2026-10-05T00:59:42.170768Z,KXGOLD15M-26OCT042100-00,0.9990,35.00,no
2026-10-05T00:59:42.972624Z,KXGOLD15M-26OCT042100-00,0.9990,18.95,no
2026-10-05T00:59:43.646928Z,KXGOLD15M-26OCT042100-00,0.9990,238.22,no
2026-10-05T00:59:44.419932Z,KXGOLD15M-26OCT042100-00,0.9370,400.00,no
2026-10-05T00:59:44.419932Z,KXGOLD15M-26OCT042100-00,0.9240,39.88,no
2026-10-05T00:59:44.419932Z,KXGOLD15M-26OCT042100-00,0.9470,400.00,no
2026-10-05T00:59:44.419932Z,KXGOLD15M-26OCT042100-00,0.9570,400.00,no
2026-10-05T00:59:44.419932Z,KXGOLD15M-26OCT042100-00,0.9800,13.86,no
2026-10-05T00:59:44.419932Z,KXGOLD15M-26OCT042100-00,0.9800,0.36,no
2026-10-05T00:59:44.419932Z,KXGOLD15M-26OCT042100-00,0.9800,1.46,no
2026-10-05T00:59:44.419932Z,KXGOLD15M-26OCT042100-00,0.9800,6.55,no
2026-10-05T00:59:44.419932Z,KXGOLD15M-26OCT042100-00,0.9800,4.05,no
2026-10-05T00:59:44.419932Z,KXGOLD15M-26OCT042100-00,0.9800,2.94,no
2026-10-05T00:59:44.419932Z,KXGOLD15M-26OCT042100-00,0.9800,10.78,no
2026-10-05T00:59:44.419932Z,KXGOLD15M-26OCT042100-00,0.9400,1.00,no
2026-10-05T00:59:44.419932Z,KXGOLD15M-26OCT042100-00,0.9780,100.00,no
2026-10-05T00:59:44.419932Z,KXGOLD15M-26OCT042100-00,0.9780,100.00,no
2026-10-05T00:59:44.419932Z,KXGOLD15M-26OCT042100-00,0.9780,100.00,no
2026-10-05T00:59:44.419932Z,KXGOLD15M-26OCT042100-00,0.9710,191.00,no
2026-10-05T00:59:44.419932Z,KXGOLD15M-26OCT042100-00,0.9940,2400.00,no
2026-10-05T00:59:44.419932Z,KXGOLD15M-26OCT042100-00,0.9830,10.00,no
2026-10-05T00:59:44.419932Z,KXGOLD15M-26OCT042100-00,0.9920,750.00,no
2026-10-05T00:59:44.419932Z,KXGOLD15M-26OCT042100-00,0.9900,750.00,no
2026-10-05T00:59:44.419932Z,KXGOLD15M-26OCT042100-00,0.9910,311.89,no
2026-10-05T00:59:44.419932Z,KXGOLD15M-26OCT042100-00,0.9700,229.09,no
2026-10-05T00:59:44.419932Z,KXGOLD15M-26OCT042100-00,0.9990,5.00,no
2026-10-05T00:59:44.419932Z,KXGOLD15M-26OCT042100-00,0.9700,806.49,no
2026-10-05T00:59:44.419932Z,KXGOLD15M-26OCT042100-00,0.9900,15.00,no
2026-10-05T00:59:44.419932Z,KXGOLD15M-26OCT042100-00,0.9920,1.00,no
2026-10-05T00:59:44.419932Z,KXGOLD15M-26OCT042100-00,0.9790,19.25,no
2026-10-05T00:59:44.419932Z,KXGOLD15M-26OCT042100-00,0.9900,40.00,no
2026-10-05T00:59:44.419932Z,KXGOLD15M-26OCT042100-00,0.9900,15.00,no
2026-10-05T00:59:44.419932Z,KXGOLD15M-26OCT042100-00,0.9900,2.00,no
2026-10-05T00:59:44.419932Z,KXGOLD15M-26OCT042100-00,0.9990,633.86,no
2026-10-05T00:59:44.419932Z,KXGOLD15M-26OCT042100-00,0.9970,31.00,no
2026-10-05T00:59:44.419932Z,KXGOLD15M-26OCT042100-00,0.9850,100.00,no
2026-10-05T00:59:44.419932Z,KXGOLD15M-26OCT042100-00,0.9540,1.00,no
2026-10-05T00:59:44.419932Z,KXGOLD15M-26OCT042100-00,0.9470,1.00,no
2026-10-05T00:59:44.419932Z,KXGOLD15M-26OCT042100-00,0.9600,1.00,no
2026-10-05T00:59:44.419932Z,KXGOLD15M-26OCT042100-00,0.9700,1.00,no
2026-10-05T00:59:44.419932Z,KXGOLD15M-26OCT042100-00,0.9650,1.00,no
2026-10-05T00:59:44.419932Z,KXGOLD15M-26OCT042100-00,0.9900,23.66,no
2026-10-05T00:59:44.419932Z,KXGOLD15M-26OCT042100-00,0.9850,100.00,no
2026-10-05T00:59:44.487426Z,KXGOLD15M-26OCT042100-00,0.9850,1.00,yes
2026-10-05T00:59:44.664591Z,KXGOLD15M-26OCT042100-00,0.9850,13.86,yes
2026-10-05T00:59:44.664591Z,KXGOLD15M-26OCT042100-00,0.9850,4.05,yes
2026-10-05T00:59:44.664591Z,KXGOLD15M-26OCT042100-00,0.9860,31.00,yes
2026-10-05T00:59:44.664591Z,KXGOLD15M-26OCT042100-00,0.9850,9.78,yes
2026-10-05T00:59:44.664591Z,KXGOLD15M-26OCT042100-00,0.9850,0.36,yes
2026-10-05T00:59:44.664591Z,KXGOLD15M-26OCT042100-00,0.9850,1.46,yes
2026-10-05T00:59:44.664591Z,KXGOLD15M-26OCT042100-00,0.9850,2.94,yes
2026-10-05T00:59:44.716727Z,KXGOLD15M-26OCT042100-00,0.9760,12.07,no
2026-10-05T00:59:44.805543Z,KXGOLD15M-26OCT042100-00,0.9850,5.07,yes
2026-10-05T00:59:44.92415Z,KXGOLD15M-26OCT042100-00,0.9850,1.00,yes
2026-10-05T00:59:45.044452Z,KXGOLD15M-26OCT042100-00,0.9850,0.48,yes
2026-10-05T00:59:45.044452Z,KXGOLD15M-26OCT042100-00,0.9890,8.00,yes
2026-10-05T00:59:45.044452Z,KXGOLD15M-26OCT042100-00,0.9910,202.52,yes
2026-10-05T00:59:45.044452Z,KXGOLD15M-26OCT042100-00,0.9900,8.00,yes
2026-10-05T00:59:45.044452Z,KXGOLD15M-26OCT042100-00,0.9900,5.00,yes
2026-10-05T00:59:45.265775Z,KXGOLD15M-26OCT042100-00,0.9900,40.00,yes
2026-10-05T00:59:45.265775Z,KXGOLD15M-26OCT042100-00,0.9900,5.00,yes
2026-10-05T00:59:45.493043Z,KXGOLD15M-26OCT042100-00,0.9910,197.48,yes
2026-10-05T00:59:45.493043Z,KXGOLD15M-26OCT042100-00,0.9980,199.21,yes
2026-10-05T00:59:45.493043Z,KXGOLD15M-26OCT042100-00,0.9970,81.00,yes
2026-10-05T00:59:45.493043Z,KXGOLD15M-26OCT042100-00,0.9920,11.00,yes
2026-10-05T00:59:45.493043Z,KXGOLD15M-26OCT042100-00,0.9960,5.00,yes
2026-10-05T00:59:45.512905Z,KXGOLD15M-26OCT042100-00,0.9950,81.00,yes
2026-10-05T00:59:45.525756Z,KXGOLD15M-26OCT042100-00,0.9950,200.00,yes
2026-10-05T00:59:45.538538Z,KXGOLD15M-26OCT042100-00,0.9980,66.00,yes
2026-10-05T00:59:45.538538Z,KXGOLD15M-26OCT042100-00,0.9970,1.00,yes
2026-10-05T00:59:45.538538Z,KXGOLD15M-26OCT042100-00,0.9950,119.00,yes
2026-10-05T00:59:45.538538Z,KXGOLD15M-26OCT042100-00,0.9970,5.00,yes
2026-10-05T00:59:45.538538Z,KXGOLD15M-26OCT042100-00,0.9970,2.00,yes
2026-10-05T00:59:45.538538Z,KXGOLD15M-26OCT042100-00,0.9960,1.00,yes
2026-10-05T00:59:45.538538Z,KXGOLD15M-26OCT042100-00,0.9970,6.00,yes
2026-10-05T00:59:45.596848Z,KXGOLD15M-26OCT042100-00,0.9980,200.00,yes
2026-10-05T00:59:45.653755Z,KXGOLD15M-26OCT042100-00,0.9980,458.01,yes
2026-10-05T00:59:45.683149Z,KXGOLD15M-26OCT042100-00,0.9980,200.00,yes
2026-10-05T00:59:45.76378Z,KXGOLD15M-26OCT042100-00,0.9980,200.00,yes
2026-10-05T00:59:45.84536Z,KXGOLD15M-26OCT042100-00,0.9980,92.00,yes
2026-10-05T00:59:46.221958Z,KXGOLD15M-26OCT042100-00,0.9980,305.35,yes
2026-10-05T00:59:46.476071Z,KXGOLD15M-26OCT042100-00,0.9950,78.00,no
2026-10-05T00:59:46.476071Z,KXGOLD15M-26OCT042100-00,0.9930,38.88,no
2026-10-05T00:59:46.647867Z,KXGOLD15M-26OCT042100-00,0.9980,3.00,yes
2026-10-05T00:59:47.032444Z,KXGOLD15M-26OCT042100-00,0.9950,0.01,no
2026-10-05T00:59:47.13711Z,KXGOLD15M-26OCT042100-00,0.9980,129.61,yes
2026-10-05T00:59:47.13711Z,KXGOLD15M-26OCT042100-00,0.9980,5.00,yes
2026-10-05T00:59:47.618248Z,KXGOLD15M-26OCT042100-00,0.9980,1.00,yes
2026-10-05T00:59:47.632353Z,KXGOLD15M-26OCT042100-00,0.9980,249.48,yes
2026-10-05T00:59:47.653727Z,KXGOLD15M-26OCT042100-00,0.9980,25.04,yes
2026-10-05T00:59:47.831233Z,KXGOLD15M-26OCT042100-00,0.9980,310.18,yes
2026-10-05T00:59:47.831233Z,KXGOLD15M-26OCT042100-00,0.9990,257.51,yes
2026-10-05T00:59:47.831233Z,KXGOLD15M-26OCT042100-00,0.9980,14.00,yes
2026-10-05T00:59:47.831233Z,KXGOLD15M-26OCT042100-00,0.9980,5.00,yes
2026-10-05T00:59:47.848213Z,KXGOLD15M-26OCT042100-00,0.9990,57.51,yes
2026-10-05T00:59:47.848213Z,KXGOLD15M-26OCT042100-00,0.9990,142.49,yes
2026-10-05T00:59:47.86591Z,KXGOLD15M-26OCT042100-00,0.9990,39.00,yes
2026-10-05T00:59:47.86591Z,KXGOLD15M-26OCT042100-00,0.9990,5.00,yes
2026-10-05T00:59:47.879361Z,KXGOLD15M-26OCT042100-00,0.9990,1.00,yes
2026-10-05T00:59:48.253935Z,KXGOLD15M-26OCT042100-00,0.9990,200.00,yes
2026-10-05T00:59:48.266232Z,KXGOLD15M-26OCT042100-00,0.9990,36.00,yes
2026-10-05T00:59:48.547137Z,KXGOLD15M-26OCT042100-00,0.9990,31.00,yes
2026-10-05T00:59:49.07058Z,KXGOLD15M-26OCT042100-00,0.9990,5.00,yes
2026-10-05T00:59:49.07058Z,KXGOLD15M-26OCT042100-00,0.9990,213.00,yes
2026-10-05T00:59:49.07058Z,KXGOLD15M-26OCT042100-00,0.9990,1.00,yes
2026-10-05T00:59:50.267694Z,KXGOLD15M-26OCT042100-00,0.9980,0.80,no
2026-10-05T00:59:50.416174Z,KXGOLD15M-26OCT042100-00,0.9920,1.00,no
2026-10-05T00:59:50.416174Z,KXGOLD15M-26OCT042100-00,0.9920,742.18,no
2026-10-05T00:59:50.416174Z,KXGOLD15M-26OCT042100-00,0.9960,54.00,no
2026-10-05T00:59:50.416174Z,KXGOLD15M-26OCT042100-00,0.9930,100.00,no
2026-10-05T00:59:50.416174Z,KXGOLD15M-26OCT042100-00,0.9980,39.04,no
2026-10-05T00:59:51.066346Z,KXGOLD15M-26OCT042100-00,0.9960,65.00,no
2026-10-05T00:59:51.066346Z,KXGOLD15M-26OCT042100-00,0.9950,30.77,no
2026-10-05T00:59:51.066346Z,KXGOLD15M-26OCT042100-00,0.9960,100.00,no
2026-10-05T00:59:51.066346Z,KXGOLD15M-26OCT042100-00,0.9960,38.00,no
2026-10-05T00:59:51.27397Z,KXGOLD15M-26OCT042100-00,0.9990,7.00,yes
2026-10-05T00:59:51.334142Z,KXGOLD15M-26OCT042100-00,0.9990,21.63,yes
2026-10-05T00:59:51.334142Z,KXGOLD15M-26OCT042100-00,0.9990,74.00,yes
2026-10-05T00:59:51.868396Z,KXGOLD15M-26OCT042100-00,0.9990,19.01,yes
2026-10-05T00:59:51.91135Z,KXGOLD15M-26OCT042100-00,0.9990,135.00,yes
2026-10-05T00:59:54.374531Z,KXGOLD15M-26OCT042100-00,0.9960,100.00,no
2026-10-05T00:59:54.374531Z,KXGOLD15M-26OCT042100-00,0.9960,50.00,no
2026-10-05T00:59:54.374531Z,KXGOLD15M-26OCT042100-00,0.9950,255.30,no
2026-10-05T00:59:54.522958Z,KXGOLD15M-26OCT042100-00,0.9960,41.00,no
2026-10-05T00:59:54.522958Z,KXGOLD15M-26OCT042100-00,0.9960,100.00,no
2026-10-05T00:59:54.522958Z,KXGOLD15M-26OCT042100-00,0.9960,22.00,no
2026-10-05T00:59:54.522958Z,KXGOLD15M-26OCT042100-00,0.9960,5.00,no
2026-10-05T00:59:54.522958Z,KXGOLD15M-26OCT042100-00,0.9950,47.45,no
2026-10-05T00:59:54.97328Z,KXGOLD15M-26OCT042100-00,0.9990,5.00,yes
2026-10-05T00:59:55.17517Z,KXGOLD15M-26OCT042100-00,0.9990,6.00,yes
2026-10-05T00:59:55.17517Z,KXGOLD15M-26OCT042100-00,0.9990,138.00,yes
2026-10-05T00:59:55.17517Z,KXGOLD15M-26OCT042100-00,0.9990,75.00,yes
2026-10-05T00:59:55.17517Z,KXGOLD15M-26OCT042100-00,0.9990,62.00,yes
2026-10-05T00:59:55.202119Z,KXGOLD15M-26OCT042100-00,0.9990,13.63,yes
2026-10-05T00:59:58.325655Z,KXGOLD15M-26OCT042100-00,0.9990,60.50,no
2026-10-05T00:59:59.282632Z,KXGOLD15M-26OCT042100-00,0.9990,220.50,no
2026-10-05T00:59:59.282632Z,KXGOLD15M-26OCT042100-00,0.9990,10.20,no
2026-10-05T00:59:59.282632Z,KXGOLD15M-26OCT042100-00,0.9990,197.90,no
2026-10-05T00:59:59.373265Z,KXGOLD15M-26OCT042100-00,0.9990,1129.09,no
2026-10-05T00:58:31.007919Z,KXNEAR15M-26OCT042100-00,0.9580,1.01,yes
2026-10-05T00:58:31.057082Z,KXNEAR15M-26OCT042100-00,0.9580,0.03,yes
2026-10-05T00:58:31.057082Z,KXNEAR15M-26OCT042100-00,0.9580,1.00,yes
2026-10-05T00:58:31.057082Z,KXNEAR15M-26OCT042100-00,0.9590,0.97,yes
2026-10-05T00:58:31.057142Z,KXNEAR15M-26OCT042100-00,0.9600,0.03,yes
2026-10-05T00:58:31.057142Z,KXNEAR15M-26OCT042100-00,0.9590,0.03,yes
2026-10-05T00:58:31.057142Z,KXNEAR15M-26OCT042100-00,0.9590,0.03,yes
2026-10-05T00:58:31.057142Z,KXNEAR15M-26OCT042100-00,0.9640,3.00,yes
2026-10-05T00:58:31.057142Z,KXNEAR15M-26OCT042100-00,0.9600,1.00,yes
2026-10-05T00:58:31.057142Z,KXNEAR15M-26OCT042100-00,0.9610,0.03,yes
2026-10-05T00:58:31.057142Z,KXNEAR15M-26OCT042100-00,0.9630,0.03,yes
2026-10-05T00:58:31.057142Z,KXNEAR15M-26OCT042100-00,0.9640,0.03,yes
2026-10-05T00:58:31.057142Z,KXNEAR15M-26OCT042100-00,0.9640,1.71,yes
2026-10-05T00:58:31.057142Z,KXNEAR15M-26OCT042100-00,0.9620,0.03,yes
2026-10-05T00:58:31.057142Z,KXNEAR15M-26OCT042100-00,0.9620,1.00,yes
2026-10-05T00:58:31.057142Z,KXNEAR15M-26OCT042100-00,0.9630,1.00,yes
2026-10-05T00:58:31.057142Z,KXNEAR15M-26OCT042100-00,0.9640,1.00,yes
2026-10-05T00:58:31.057142Z,KXNEAR15M-26OCT042100-00,0.9610,0.08,yes
2026-10-05T00:58:31.295513Z,KXNEAR15M-26OCT042100-00,0.9180,5.00,no
2026-10-05T00:58:31.295513Z,KXNEAR15M-26OCT042100-00,0.9300,1.00,no
2026-10-05T00:58:31.295513Z,KXNEAR15M-26OCT042100-00,0.9400,1.00,no
2026-10-05T00:58:31.295513Z,KXNEAR15M-26OCT042100-00,0.9450,1.00,no
2026-10-05T00:58:31.295513Z,KXNEAR15M-26OCT042100-00,0.9200,1.00,no
2026-10-05T00:58:31.295513Z,KXNEAR15M-26OCT042100-00,0.9160,38.62,no
2026-10-05T00:58:31.317519Z,KXNEAR15M-26OCT042100-00,0.9640,3.00,yes
2026-10-05T00:58:31.317519Z,KXNEAR15M-26OCT042100-00,0.9640,0.03,yes
2026-10-05T00:58:31.317519Z,KXNEAR15M-26OCT042100-00,0.9640,2.09,yes
2026-10-05T00:58:31.317519Z,KXNEAR15M-26OCT042100-00,0.9650,5.16,yes
2026-10-05T00:58:31.32248Z,KXNEAR15M-26OCT042100-00,0.9650,13.93,yes
2026-10-05T00:58:31.326976Z,KXNEAR15M-26OCT042100-00,0.9640,3.00,yes
2026-10-05T00:58:31.326976Z,KXNEAR15M-26OCT042100-00,0.9650,10.35,yes
2026-10-05T00:58:31.355682Z,KXNEAR15M-26OCT042100-00,0.9630,9.00,yes
2026-10-05T00:58:31.364838Z,KXNEAR15M-26OCT042100-00,0.9630,15.00,yes
2026-10-05T00:58:31.474405Z,KXNEAR15M-26OCT042100-00,0.9630,5.00,yes
2026-10-05T00:58:31.474405Z,KXNEAR15M-26OCT042100-00,0.9640,3.00,yes
2026-10-05T00:58:31.474405Z,KXNEAR15M-26OCT042100-00,0.9630,0.03,yes
2026-10-05T00:58:31.474405Z,KXNEAR15M-26OCT042100-00,0.9650,43.66,yes
2026-10-05T00:58:31.507589Z,KXNEAR15M-26OCT042100-00,0.9650,10.34,yes
2026-10-05T00:58:31.734598Z,KXNEAR15M-26OCT042100-00,0.9650,1.00,yes
2026-10-05T00:58:31.81926Z,KXNEAR15M-26OCT042100-00,0.9650,1.00,yes
2026-10-05T00:58:32.064387Z,KXNEAR15M-26OCT042100-00,0.9650,100.00,yes
2026-10-05T00:58:32.084035Z,KXNEAR15M-26OCT042100-00,0.9650,1.01,yes
2026-10-05T00:58:32.242067Z,KXNEAR15M-26OCT042100-00,0.9650,5.00,yes
2026-10-05T00:58:32.352491Z,KXNEAR15M-26OCT042100-00,0.9650,3.00,yes
2026-10-05T00:58:32.36014Z,KXNEAR15M-26OCT042100-00,0.9650,1.00,yes
2026-10-05T00:58:32.522702Z,KXNEAR15M-26OCT042100-00,0.9650,5.00,yes
2026-10-05T00:58:32.60807Z,KXNEAR15M-26OCT042100-00,0.9650,1.01,yes
2026-10-05T00:58:32.785352Z,KXNEAR15M-26OCT042100-00,0.9650,1.00,yes
2026-10-05T00:58:32.914455Z,KXNEAR15M-26OCT042100-00,0.9510,7.68,no
2026-10-05T00:58:33.10888Z,KXNEAR15M-26OCT042100-00,0.9650,1.01,yes
2026-10-05T00:58:33.129845Z,KXNEAR15M-26OCT042100-00,0.9650,1.00,yes
2026-10-05T00:58:33.270363Z,KXNEAR15M-26OCT042100-00,0.9650,3.00,yes
2026-10-05T00:58:33.340841Z,KXNEAR15M-26OCT042100-00,0.9690,2.00,yes
2026-10-05T00:58:33.340841Z,KXNEAR15M-26OCT042100-00,0.9690,0.03,yes
2026-10-05T00:58:33.340841Z,KXNEAR15M-26OCT042100-00,0.9700,15.78,yes
2026-10-05T00:58:33.340841Z,KXNEAR15M-26OCT042100-00,0.9660,2.00,yes
2026-10-05T00:58:33.340841Z,KXNEAR15M-26OCT042100-00,0.9690,1.00,yes
2026-10-05T00:58:33.340841Z,KXNEAR15M-26OCT042100-00,0.9650,11.53,yes
2026-10-05T00:58:33.340841Z,KXNEAR15M-26OCT042100-00,0.9700,12.00,yes
2026-10-05T00:58:33.340841Z,KXNEAR15M-26OCT042100-00,0.9700,6.66,yes
2026-10-05T00:58:33.449048Z,KXNEAR15M-26OCT042100-00,0.9700,0.35,yes
2026-10-05T00:58:33.612038Z,KXNEAR15M-26OCT042100-00,0.9640,1.00,yes
2026-10-05T00:58:33.612038Z,KXNEAR15M-26OCT042100-00,0.9700,0.01,yes
2026-10-05T00:58:34.120846Z,KXNEAR15M-26OCT042100-00,0.9700,1.00,yes
2026-10-05T00:58:34.270682Z,KXNEAR15M-26OCT042100-00,0.9700,0.02,yes
2026-10-05T00:58:34.305494Z,KXNEAR15M-26OCT042100-00,0.9620,1.00,no
2026-10-05T00:58:34.305494Z,KXNEAR15M-26OCT042100-00,0.9620,0.98,no
2026-10-05T00:58:34.464365Z,KXNEAR15M-26OCT042100-00,0.9700,0.03,yes
2026-10-05T00:58:34.464365Z,KXNEAR15M-26OCT042100-00,0.9700,7.84,yes
2026-10-05T00:58:34.464365Z,KXNEAR15M-26OCT042100-00,0.9760,2.13,yes
2026-10-05T00:58:34.627901Z,KXNEAR15M-26OCT042100-00,0.9760,1.00,yes
2026-10-05T00:58:35.071633Z,KXNEAR15M-26OCT042100-00,0.9760,0.87,yes
2026-10-05T00:58:35.071633Z,KXNEAR15M-26OCT042100-00,0.9800,9.13,yes
2026-10-05T00:58:35.134295Z,KXNEAR15M-26OCT042100-00,0.9800,1.00,yes
2026-10-05T00:58:35.651282Z,KXNEAR15M-26OCT042100-00,0.9800,0.87,yes
2026-10-05T00:58:35.651282Z,KXNEAR15M-26OCT042100-00,0.9800,0.13,yes
2026-10-05T00:58:35.958522Z,KXNEAR15M-26OCT042100-00,0.9790,4.00,no
2026-10-05T00:58:36.166899Z,KXNEAR15M-26OCT042100-00,0.9800,1.00,yes
2026-10-05T00:58:36.584402Z,KXNEAR15M-26OCT042100-00,0.9790,0.68,yes
2026-10-05T00:58:36.680222Z,KXNEAR15M-26OCT042100-00,0.9790,1.00,yes
2026-10-05T00:58:37.102806Z,KXNEAR15M-26OCT042100-00,0.9770,16.00,no
2026-10-05T00:58:37.183004Z,KXNEAR15M-26OCT042100-00,0.9780,1.00,yes
2026-10-05T00:58:37.518225Z,KXNEAR15M-26OCT042100-00,0.9770,33.00,no
2026-10-05T00:58:37.586225Z,KXNEAR15M-26OCT042100-00,0.9780,0.01,yes
2026-10-05T00:58:37.72453Z,KXNEAR15M-26OCT042100-00,0.9780,1.00,yes
2026-10-05T00:58:37.998062Z,KXNEAR15M-26OCT042100-00,0.9780,1.00,yes
2026-10-05T00:58:38.275949Z,KXNEAR15M-26OCT042100-00,0.9780,1.00,yes
2026-10-05T00:58:38.504614Z,KXNEAR15M-26OCT042100-00,0.9760,18.36,no
2026-10-05T00:58:38.504614Z,KXNEAR15M-26OCT042100-00,0.9770,55.00,no
2026-10-05T00:58:38.504614Z,KXNEAR15M-26OCT042100-00,0.9770,7.00,no
2026-10-05T00:58:38.561828Z,KXNEAR15M-26OCT042100-00,0.9770,4.00,no
2026-10-05T00:58:38.562042Z,KXNEAR15M-26OCT042100-00,0.9770,3.00,no
2026-10-05T00:58:38.562042Z,KXNEAR15M-26OCT042100-00,0.9760,17.00,no
2026-10-05T00:58:38.562471Z,KXNEAR15M-26OCT042100-00,0.9760,133.00,no
2026-10-05T00:58:38.567624Z,KXNEAR15M-26OCT042100-00,0.9760,81.00,no
2026-10-05T00:58:38.569278Z,KXNEAR15M-26OCT042100-00,0.9760,20.00,no
2026-10-05T00:58:38.571894Z,KXNEAR15M-26OCT042100-00,0.9760,10.00,no
2026-10-05T00:58:38.849747Z,KXNEAR15M-26OCT042100-00,0.9760,12.00,no
2026-10-05T00:58:38.849984Z,KXNEAR15M-26OCT042100-00,0.9760,1.00,no
2026-10-05T00:58:39.299052Z,KXNEAR15M-26OCT042100-00,0.9770,1.00,yes
2026-10-05T00:58:39.803674Z,KXNEAR15M-26OCT042100-00,0.9770,1.00,yes
2026-10-05T00:58:39.915981Z,KXNEAR15M-26OCT042100-00,0.9770,24.97,yes
2026-10-05T00:58:39.915981Z,KXNEAR15M-26OCT042100-00,0.9770,0.03,yes
2026-10-05T00:58:40.1098Z,KXNEAR15M-26OCT042100-00,0.9770,4.00,yes
2026-10-05T00:58:40.215196Z,KXNEAR15M-26OCT042100-00,0.9770,2.00,yes
2026-10-05T00:58:40.940764Z,KXNEAR15M-26OCT042100-00,0.9760,5.00,no
2026-10-05T00:58:41.673142Z,KXNEAR15M-26OCT042100-00,0.9770,1.00,yes
2026-10-05T00:58:42.127261Z,KXNEAR15M-26OCT042100-00,0.9760,22.00,no
2026-10-05T00:58:42.203454Z,KXNEAR15M-26OCT042100-00,0.9770,1.00,yes
2026-10-05T00:58:42.794596Z,KXNEAR15M-26OCT042100-00,0.9780,1.00,yes
2026-10-05T00:58:42.910655Z,KXNEAR15M-26OCT042100-00,0.9760,4.29,no
2026-10-05T00:58:43.298493Z,KXNEAR15M-26OCT042100-00,0.9780,1.00,yes
2026-10-05T00:58:43.84304Z,KXNEAR15M-26OCT042100-00,0.9780,1.00,yes
2026-10-05T00:58:43.907063Z,KXNEAR15M-26OCT042100-00,0.9780,1.80,yes
2026-10-05T00:58:43.907063Z,KXNEAR15M-26OCT042100-00,0.9780,0.03,yes
2026-10-05T00:58:43.907063Z,KXNEAR15M-26OCT042100-00,0.9800,3.17,yes
2026-10-05T00:58:43.907169Z,KXNEAR15M-26OCT042100-00,0.9830,2.00,yes
2026-10-05T00:58:43.907169Z,KXNEAR15M-26OCT042100-00,0.9820,0.03,yes
2026-10-05T00:58:43.907169Z,KXNEAR15M-26OCT042100-00,0.9800,0.03,yes
2026-10-05T00:58:43.907169Z,KXNEAR15M-26OCT042100-00,0.9830,2.00,yes
2026-10-05T00:58:43.907169Z,KXNEAR15M-26OCT042100-00,0.9840,3.15,yes
2026-10-05T00:58:43.907169Z,KXNEAR15M-26OCT042100-00,0.9830,0.03,yes
2026-10-05T00:58:43.907169Z,KXNEAR15M-26OCT042100-00,0.9810,4.00,yes
2026-10-05T00:58:43.907169Z,KXNEAR15M-26OCT042100-00,0.9810,0.03,yes
2026-10-05T00:58:43.907169Z,KXNEAR15M-26OCT042100-00,0.9810,2.00,yes
2026-10-05T00:58:43.907169Z,KXNEAR15M-26OCT042100-00,0.9840,0.03,yes
2026-10-05T00:58:43.907169Z,KXNEAR15M-26OCT042100-00,0.9840,1.00,yes
2026-10-05T00:58:43.907169Z,KXNEAR15M-26OCT042100-00,0.9800,5.70,yes
2026-10-05T00:58:44.038295Z,KXNEAR15M-26OCT042100-00,0.9830,7.00,yes
2026-10-05T00:58:44.241657Z,KXNEAR15M-26OCT042100-00,0.9830,8.00,yes
2026-10-05T00:58:44.828758Z,KXNEAR15M-26OCT042100-00,0.9820,3.15,no
2026-10-05T00:58:44.838671Z,KXNEAR15M-26OCT042100-00,0.9810,1.00,yes
2026-10-05T00:58:45.362043Z,KXNEAR15M-26OCT042100-00,0.9840,0.94,yes
2026-10-05T00:58:45.362043Z,KXNEAR15M-26OCT042100-00,0.9790,0.03,yes
2026-10-05T00:58:45.362043Z,KXNEAR15M-26OCT042100-00,0.9810,0.03,yes
2026-10-05T00:58:46.220999Z,KXNEAR15M-26OCT042100-00,0.9810,15.87,yes
2026-10-05T00:58:46.774514Z,KXNEAR15M-26OCT042100-00,0.9770,7.00,no
2026-10-05T00:58:46.774514Z,KXNEAR15M-26OCT042100-00,0.9780,1.00,no
2026-10-05T00:58:46.774514Z,KXNEAR15M-26OCT042100-00,0.9790,2.00,no
2026-10-05T00:58:46.774514Z,KXNEAR15M-26OCT042100-00,0.9760,29.92,no
2026-10-05T00:58:48.405758Z,KXNEAR15M-26OCT042100-00,0.9840,0.03,yes
2026-10-05T00:58:49.195808Z,KXNEAR15M-26OCT042100-00,0.9850,5.00,no
2026-10-05T00:58:49.871409Z,KXNEAR15M-26OCT042100-00,0.9850,0.03,no
2026-10-05T00:58:49.871409Z,KXNEAR15M-26OCT042100-00,0.9850,3.31,no
2026-10-05T00:58:49.871409Z,KXNEAR15M-26OCT042100-00,0.9850,1.66,no
2026-10-05T00:58:50.117521Z,KXNEAR15M-26OCT042100-00,0.9850,2.00,no
2026-10-05T00:58:50.277674Z,KXNEAR15M-26OCT042100-00,0.9860,1.00,yes
2026-10-05T00:58:52.738031Z,KXNEAR15M-26OCT042100-00,0.9860,1.00,yes
2026-10-05T00:58:53.178202Z,KXNEAR15M-26OCT042100-00,0.9850,20.00,no
2026-10-05T00:58:53.18819Z,KXNEAR15M-26OCT042100-00,0.9850,2.00,no
2026-10-05T00:58:53.266076Z,KXNEAR15M-26OCT042100-00,0.9850,16.00,no
2026-10-05T00:58:53.438424Z,KXNEAR15M-26OCT042100-00,0.9850,0.03,no
2026-10-05T00:58:53.438424Z,KXNEAR15M-26OCT042100-00,0.9840,11.68,no
2026-10-05T00:58:54.894627Z,KXNEAR15M-26OCT042100-00,0.9840,6.67,no
2026-10-05T00:58:55.67604Z,KXNEAR15M-26OCT042100-00,0.9850,0.01,yes
2026-10-05T00:58:56.048734Z,KXNEAR15M-26OCT042100-00,0.9840,3.00,no
2026-10-05T00:58:56.057684Z,KXNEAR15M-26OCT042100-00,0.9840,0.65,no
2026-10-05T00:58:56.415078Z,KXNEAR15M-26OCT042100-00,0.9790,103.03,no
2026-10-05T00:58:56.417566Z,KXNEAR15M-26OCT042100-00,0.9820,2.00,yes
2026-10-05T00:58:56.514165Z,KXNEAR15M-26OCT042100-00,0.9820,2.00,yes
2026-10-05T00:58:56.819871Z,KXNEAR15M-26OCT042100-00,0.9820,7.00,yes
2026-10-05T00:58:57.18901Z,KXNEAR15M-26OCT042100-00,0.9840,25.00,yes
2026-10-05T00:58:57.297181Z,KXNEAR15M-26OCT042100-00,0.9840,3.00,yes
2026-10-05T00:58:58.344749Z,KXNEAR15M-26OCT042100-00,0.9860,4.00,yes
2026-10-05T00:58:59.701882Z,KXNEAR15M-26OCT042100-00,0.9790,15.15,no
2026-10-05T00:59:00.006451Z,KXNEAR15M-26OCT042100-00,0.9850,1.00,yes
2026-10-05T00:59:00.006451Z,KXNEAR15M-26OCT042100-00,0.9860,1.00,yes
2026-10-05T00:59:00.076349Z,KXNEAR15M-26OCT042100-00,0.9860,1.00,yes
2026-10-05T00:59:00.319244Z,KXNEAR15M-26OCT042100-00,0.9880,4.00,yes
2026-10-05T00:59:00.334828Z,KXNEAR15M-26OCT042100-00,0.9880,4.80,yes
2026-10-05T00:59:00.334828Z,KXNEAR15M-26OCT042100-00,0.9890,0.20,yes
2026-10-05T00:59:00.381463Z,KXNEAR15M-26OCT042100-00,0.9890,0.80,yes
2026-10-05T00:59:00.381463Z,KXNEAR15M-26OCT042100-00,0.9890,2.20,yes
2026-10-05T00:59:00.561183Z,KXNEAR15M-26OCT042100-00,0.9890,0.20,yes
2026-10-05T00:59:00.561183Z,KXNEAR15M-26OCT042100-00,0.9890,7.80,yes
2026-10-05T00:59:00.62883Z,KXNEAR15M-26OCT042100-00,0.9890,19.80,yes
2026-10-05T00:59:00.62883Z,KXNEAR15M-26OCT042100-00,0.9890,0.20,yes
2026-10-05T00:59:00.70833Z,KXNEAR15M-26OCT042100-00,0.9890,8.00,yes
2026-10-05T00:59:01.071624Z,KXNEAR15M-26OCT042100-00,0.9890,90.56,yes
2026-10-05T00:59:01.147694Z,KXNEAR15M-26OCT042100-00,0.9880,2.49,no
2026-10-05T00:59:01.147694Z,KXNEAR15M-26OCT042100-00,0.9860,0.51,no
2026-10-05T00:59:01.196713Z,KXNEAR15M-26OCT042100-00,0.9890,25.00,yes
2026-10-05T00:59:01.196713Z,KXNEAR15M-26OCT042100-00,0.9890,0.03,yes
2026-10-05T00:59:01.196713Z,KXNEAR15M-26OCT042100-00,0.9900,0.03,yes
2026-10-05T00:59:01.196713Z,KXNEAR15M-26OCT042100-00,0.9900,1.00,yes
2026-10-05T00:59:01.196713Z,KXNEAR15M-26OCT042100-00,0.9900,10.00,yes
2026-10-05T00:59:01.196713Z,KXNEAR15M-26OCT042100-00,0.9890,1.24,yes
2026-10-05T00:59:01.196713Z,KXNEAR15M-26OCT042100-00,0.9890,2.00,yes
2026-10-05T00:59:01.196713Z,KXNEAR15M-26OCT042100-00,0.9890,2.00,yes
2026-10-05T00:59:01.196713Z,KXNEAR15M-26OCT042100-00,0.9900,1.70,yes
2026-10-05T00:59:02.152696Z,KXNEAR15M-26OCT042100-00,0.9910,40.39,yes
2026-10-05T00:59:02.152696Z,KXNEAR15M-26OCT042100-00,0.9910,0.03,yes
2026-10-05T00:59:02.152696Z,KXNEAR15M-26OCT042100-00,0.9910,10.00,yes
2026-10-05T00:59:03.094222Z,KXNEAR15M-26OCT042100-00,0.9920,4.00,yes
2026-10-05T00:59:03.693746Z,KXNEAR15M-26OCT042100-00,0.9920,0.03,yes
2026-10-05T00:59:03.693746Z,KXNEAR15M-26OCT042100-00,0.9930,2.97,yes
2026-10-05T00:59:03.693746Z,KXNEAR15M-26OCT042100-00,0.9920,6.00,yes
2026-10-05T00:59:04.140279Z,KXNEAR15M-26OCT042100-00,0.9930,7.00,yes
2026-10-05T00:59:04.162868Z,KXNEAR15M-26OCT042100-00,0.9930,1.97,yes
2026-10-05T00:59:04.162868Z,KXNEAR15M-26OCT042100-00,0.9930,0.03,yes
2026-10-05T00:59:04.327905Z,KXNEAR15M-26OCT042100-00,0.9930,5.00,yes
2026-10-05T00:59:04.884974Z,KXNEAR15M-26OCT042100-00,0.9930,0.03,yes
2026-10-05T00:59:04.884974Z,KXNEAR15M-26OCT042100-00,0.9930,8.11,yes
2026-10-05T00:59:05.841666Z,KXNEAR15M-26OCT042100-00,0.9930,4.00,no
2026-10-05T00:59:06.072845Z,KXNEAR15M-26OCT042100-00,0.9940,0.03,yes
2026-10-05T00:59:06.072845Z,KXNEAR15M-26OCT042100-00,0.9940,10.00,yes
2026-10-05T00:59:06.124352Z,KXNEAR15M-26OCT042100-00,0.9980,0.03,yes
2026-10-05T00:59:06.124352Z,KXNEAR15M-26OCT042100-00,0.9980,9.00,yes
2026-10-05T00:59:06.124352Z,KXNEAR15M-26OCT042100-00,0.9970,1.00,yes
2026-10-05T00:59:06.124352Z,KXNEAR15M-26OCT042100-00,0.9960,0.03,yes
2026-10-05T00:59:06.124352Z,KXNEAR15M-26OCT042100-00,0.9950,0.03,yes
2026-10-05T00:59:06.124352Z,KXNEAR15M-26OCT042100-00,0.9970,0.03,yes
2026-10-05T00:59:06.124352Z,KXNEAR15M-26OCT042100-00,0.9970,4.06,yes
2026-10-05T00:59:06.124352Z,KXNEAR15M-26OCT042100-00,0.9980,200.00,yes
2026-10-05T00:59:06.124352Z,KXNEAR15M-26OCT042100-00,0.9980,100.00,yes
2026-10-05T00:59:06.124352Z,KXNEAR15M-26OCT042100-00,0.9960,10.00,yes
2026-10-05T00:59:06.124352Z,KXNEAR15M-26OCT042100-00,0.9970,10.00,yes
2026-10-05T00:59:06.124352Z,KXNEAR15M-26OCT042100-00,0.9950,10.00,yes
2026-10-05T00:59:06.124352Z,KXNEAR15M-26OCT042100-00,0.9980,10.00,yes
2026-10-05T00:59:06.149251Z,KXNEAR15M-26OCT042100-00,0.9980,21.18,no
2026-10-05T00:59:06.149251Z,KXNEAR15M-26OCT042100-00,0.9980,3.82,no
2026-10-05T00:59:06.224132Z,KXNEAR15M-26OCT042100-00,0.9990,9.84,yes
2026-10-05T00:59:07.507686Z,KXNEAR15M-26OCT042100-00,0.9990,1.00,yes
2026-10-05T00:59:07.929219Z,KXNEAR15M-26OCT042100-00,0.9980,1.00,no
2026-10-05T00:59:07.929219Z,KXNEAR15M-26OCT042100-00,0.9980,9.84,no
2026-10-05T00:59:07.929219Z,KXNEAR15M-26OCT042100-00,0.9980,10.00,no
2026-10-05T00:59:07.929219Z,KXNEAR15M-26OCT042100-00,0.9980,138.82,no
2026-10-05T00:59:07.929219Z,KXNEAR15M-26OCT042100-00,0.9960,17.04,no
2026-10-05T00:59:07.929219Z,KXNEAR15M-26OCT042100-00,0.9960,10.00,no
2026-10-05T00:59:07.929219Z,KXNEAR15M-26OCT042100-00,0.9970,10.00,no
2026-10-05T00:59:07.929219Z,KXNEAR15M-26OCT042100-00,0.9980,0.01,no
2026-10-05T00:59:08.152513Z,KXNEAR15M-26OCT042100-00,0.9950,103.29,no
2026-10-05T00:59:08.152513Z,KXNEAR15M-26OCT042100-00,0.9950,10.00,no
2026-10-05T00:59:08.152513Z,KXNEAR15M-26OCT042100-00,0.9960,182.96,no
2026-10-05T00:59:08.152513Z,KXNEAR15M-26OCT042100-00,0.9960,11.00,no
2026-10-05T00:59:08.9282Z,KXNEAR15M-26OCT042100-00,0.9980,63.00,yes
2026-10-05T00:59:10.189212Z,KXNEAR15M-26OCT042100-00,0.9970,2.00,no
2026-10-05T00:59:10.189212Z,KXNEAR15M-26OCT042100-00,0.9970,4.00,no
2026-10-05T00:59:10.189212Z,KXNEAR15M-26OCT042100-00,0.9960,3.63,no
2026-10-05T00:59:10.189212Z,KXNEAR15M-26OCT042100-00,0.9970,0.03,no
2026-10-05T00:59:11.132659Z,KXNEAR15M-26OCT042100-00,0.9980,0.03,yes
2026-10-05T00:59:11.132659Z,KXNEAR15M-26OCT042100-00,0.9980,11.00,yes
2026-10-05T00:59:11.132659Z,KXNEAR15M-26OCT042100-00,0.9980,5.00,yes
2026-10-05T00:59:20.89733Z,KXNEAR15M-26OCT042100-00,0.9990,1.00,yes
2026-10-05T00:59:20.89733Z,KXNEAR15M-26OCT042100-00,0.9990,189.16,yes
2026-10-05T00:59:20.89733Z,KXNEAR15M-26OCT042100-00,0.9990,1.00,yes
2026-10-05T00:59:20.89733Z,KXNEAR15M-26OCT042100-00,0.9990,8.84,yes
2026-10-05T00:59:21.422496Z,KXNEAR15M-26OCT042100-00,0.9980,4.50,no
2026-10-05T00:59:21.422496Z,KXNEAR15M-26OCT042100-00,0.9980,2.00,no
2026-10-05T00:59:22.598674Z,KXNEAR15M-26OCT042100-00,0.9990,2.00,yes
2026-10-05T00:59:22.598674Z,KXNEAR15M-26OCT042100-00,0.9990,5.00,yes
2026-10-05T00:59:22.598674Z,KXNEAR15M-26OCT042100-00,0.9990,40.00,yes
2026-10-05T00:59:22.598674Z,KXNEAR15M-26OCT042100-00,0.9990,200.00,yes
2026-10-05T00:59:22.598674Z,KXNEAR15M-26OCT042100-00,0.9990,1.16,yes
2026-10-05T00:59:40.266926Z,KXNEAR15M-26OCT042100-00,0.9990,458.04,no
2026-10-05T00:59:46.968892Z,KXNEAR15M-26OCT042100-00,0.9990,18.19,no
2026-10-05T00:59:46.968892Z,KXNEAR15M-26OCT042100-00,0.9990,897.80,no
2026-10-05T00:58:53.169426Z,KXHYPE15M-26OCT042100-00,0.8000,6.00,no
2026-10-05T00:58:53.169426Z,KXHYPE15M-26OCT042100-00,0.8000,38.35,no
2026-10-05T00:58:53.169426Z,KXHYPE15M-26OCT042100-00,0.8000,0.03,no
2026-10-05T00:58:53.17194Z,KXHYPE15M-26OCT042100-00,0.7800,25.00,no
2026-10-05T00:58:53.17194Z,KXHYPE15M-26OCT042100-00,0.7900,0.03,no
2026-10-05T00:58:53.17194Z,KXHYPE15M-26OCT042100-00,0.7900,2.00,no
2026-10-05T00:58:53.17194Z,KXHYPE15M-26OCT042100-00,0.7800,1.00,no
2026-10-05T00:58:53.17194Z,KXHYPE15M-26OCT042100-00,0.7800,0.03,no
2026-10-05T00:58:53.178911Z,KXHYPE15M-26OCT042100-00,0.7600,1.00,no
2026-10-05T00:58:53.178911Z,KXHYPE15M-26OCT042100-00,0.7700,1.00,no
2026-10-05T00:58:53.178911Z,KXHYPE15M-26OCT042100-00,0.7700,6.49,no
2026-10-05T00:58:53.178911Z,KXHYPE15M-26OCT042100-00,0.7700,0.03,no
2026-10-05T00:58:53.25979Z,KXHYPE15M-26OCT042100-00,0.7600,6.00,yes
2026-10-05T00:58:53.25979Z,KXHYPE15M-26OCT042100-00,0.7600,28.00,yes
2026-10-05T00:58:53.25979Z,KXHYPE15M-26OCT042100-00,0.7700,8.00,yes
2026-10-05T00:58:53.286239Z,KXHYPE15M-26OCT042100-00,0.7700,11.00,yes
2026-10-05T00:58:53.355674Z,KXHYPE15M-26OCT042100-00,0.7500,41.99,no
2026-10-05T00:58:53.359875Z,KXHYPE15M-26OCT042100-00,0.7700,42.00,yes
2026-10-05T00:58:53.394333Z,KXHYPE15M-26OCT042100-00,0.7400,29.92,yes
2026-10-05T00:58:53.394333Z,KXHYPE15M-26OCT042100-00,0.7200,5.00,yes
2026-10-05T00:58:54.049946Z,KXHYPE15M-26OCT042100-00,0.6900,0.01,yes
2026-10-05T00:58:54.049946Z,KXHYPE15M-26OCT042100-00,0.6900,4.99,yes
2026-10-05T00:58:54.211162Z,KXHYPE15M-26OCT042100-00,0.7300,5.00,yes
2026-10-05T00:58:54.731077Z,KXHYPE15M-26OCT042100-00,0.7000,8.94,no
2026-10-05T00:58:54.967664Z,KXHYPE15M-26OCT042100-00,0.7100,5.00,yes
2026-10-05T00:58:54.967664Z,KXHYPE15M-26OCT042100-00,0.7600,0.03,yes
2026-10-05T00:58:54.967664Z,KXHYPE15M-26OCT042100-00,0.7600,7.99,yes
2026-10-05T00:58:54.967664Z,KXHYPE15M-26OCT042100-00,0.7100,0.03,yes
2026-10-05T00:58:55.069032Z,KXHYPE15M-26OCT042100-00,0.7600,5.00,yes
2026-10-05T00:58:55.504577Z,KXHYPE15M-26OCT042100-00,0.6100,1.37,yes
2026-10-05T00:58:55.504577Z,KXHYPE15M-26OCT042100-00,0.6100,0.01,yes
2026-10-05T00:58:55.994903Z,KXHYPE15M-26OCT042100-00,0.7000,3.62,yes
2026-10-05T00:58:55.994903Z,KXHYPE15M-26OCT042100-00,0.6800,5.00,yes
2026-10-05T00:58:55.994903Z,KXHYPE15M-26OCT042100-00,0.6900,25.00,yes
2026-10-05T00:58:56.7488Z,KXHYPE15M-26OCT042100-00,0.7100,1.00,yes
2026-10-05T00:58:56.843564Z,KXHYPE15M-26OCT042100-00,0.7400,22.68,yes
2026-10-05T00:58:56.843564Z,KXHYPE15M-26OCT042100-00,0.7100,0.03,yes
2026-10-05T00:58:56.843564Z,KXHYPE15M-26OCT042100-00,0.7000,5.00,yes
2026-10-05T00:58:57.052431Z,KXHYPE15M-26OCT042100-00,0.7100,5.00,yes
2026-10-05T00:58:57.294164Z,KXHYPE15M-26OCT042100-00,0.7400,5.00,yes
2026-10-05T00:58:57.294164Z,KXHYPE15M-26OCT042100-00,0.7700,7.86,yes
2026-10-05T00:58:57.294164Z,KXHYPE15M-26OCT042100-00,0.7600,0.03,yes
2026-10-05T00:58:57.294164Z,KXHYPE15M-26OCT042100-00,0.7500,0.03,yes
2026-10-05T00:58:57.294164Z,KXHYPE15M-26OCT042100-00,0.7700,0.03,yes
2026-10-05T00:58:57.307196Z,KXHYPE15M-26OCT042100-00,0.7400,120.96,no
2026-10-05T00:58:57.56922Z,KXHYPE15M-26OCT042100-00,0.7600,0.03,yes
2026-10-05T00:58:57.56922Z,KXHYPE15M-26OCT042100-00,0.7700,0.03,yes
2026-10-05T00:58:57.56922Z,KXHYPE15M-26OCT042100-00,0.7500,5.00,yes
2026-10-05T00:58:57.56922Z,KXHYPE15M-26OCT042100-00,0.7700,12.14,yes
2026-10-05T00:58:57.69516Z,KXHYPE15M-26OCT042100-00,0.7800,0.03,yes
2026-10-05T00:58:57.69516Z,KXHYPE15M-26OCT042100-00,0.7700,5.00,yes
2026-10-05T00:58:57.69516Z,KXHYPE15M-26OCT042100-00,0.7900,20.00,yes
2026-10-05T00:58:57.69516Z,KXHYPE15M-26OCT042100-00,0.7900,0.03,yes
2026-10-05T00:58:57.702518Z,KXHYPE15M-26OCT042100-00,0.8000,5.00,yes
2026-10-05T00:58:57.70485Z,KXHYPE15M-26OCT042100-00,0.8100,0.03,yes
2026-10-05T00:58:57.70485Z,KXHYPE15M-26OCT042100-00,0.8100,20.00,yes
2026-10-05T00:58:57.706245Z,KXHYPE15M-26OCT042100-00,0.8300,25.00,yes
2026-10-05T00:58:57.706245Z,KXHYPE15M-26OCT042100-00,0.8300,20.00,yes
2026-10-05T00:58:57.712171Z,KXHYPE15M-26OCT042100-00,0.7900,20.00,yes
2026-10-05T00:58:57.719594Z,KXHYPE15M-26OCT042100-00,0.8300,3.00,yes
2026-10-05T00:58:57.719594Z,KXHYPE15M-26OCT042100-00,0.8100,20.00,yes
2026-10-05T00:58:57.721053Z,KXHYPE15M-26OCT042100-00,0.8000,120.42,no
2026-10-05T00:58:57.722555Z,KXHYPE15M-26OCT042100-00,0.8300,20.00,yes
2026-10-05T00:58:57.729156Z,KXHYPE15M-26OCT042100-00,0.8200,174.03,no
2026-10-05T00:58:58.122718Z,KXHYPE15M-26OCT042100-00,0.8200,5.22,no
2026-10-05T00:58:58.45073Z,KXHYPE15M-26OCT042100-00,0.8300,0.23,yes
2026-10-05T00:58:58.83812Z,KXHYPE15M-26OCT042100-00,0.8200,0.52,no
2026-10-05T00:58:59.157829Z,KXHYPE15M-26OCT042100-00,0.8400,5.00,yes
2026-10-05T00:58:59.157829Z,KXHYPE15M-26OCT042100-00,0.8500,0.03,yes
2026-10-05T00:59:00.083836Z,KXHYPE15M-26OCT042100-00,0.9000,0.03,yes
2026-10-05T00:59:00.083836Z,KXHYPE15M-26OCT042100-00,0.9000,22.97,yes
2026-10-05T00:59:00.457851Z,KXHYPE15M-26OCT042100-00,0.8900,9.00,yes
2026-10-05T00:59:00.457851Z,KXHYPE15M-26OCT042100-00,0.8900,1.00,yes
2026-10-05T00:59:01.11134Z,KXHYPE15M-26OCT042100-00,0.9030,0.03,yes
2026-10-05T00:59:01.11134Z,KXHYPE15M-26OCT042100-00,0.9040,0.03,yes
2026-10-05T00:59:01.11134Z,KXHYPE15M-26OCT042100-00,0.9070,1.94,yes
2026-10-05T00:59:02.442194Z,KXHYPE15M-26OCT042100-00,0.8600,25.57,no
2026-10-05T00:59:02.442194Z,KXHYPE15M-26OCT042100-00,0.8600,6.43,no
2026-10-05T00:59:02.513059Z,KXHYPE15M-26OCT042100-00,0.8900,0.99,yes
2026-10-05T00:59:03.05349Z,KXHYPE15M-26OCT042100-00,0.8500,1.00,yes
2026-10-05T00:59:04.114553Z,KXHYPE15M-26OCT042100-00,0.8800,0.03,yes
2026-10-05T00:59:04.114553Z,KXHYPE15M-26OCT042100-00,0.8800,5.97,yes
2026-10-05T00:59:04.395216Z,KXHYPE15M-26OCT042100-00,0.8800,1.00,yes
2026-10-05T00:59:04.395216Z,KXHYPE15M-26OCT042100-00,0.8800,5.97,yes
2026-10-05T00:59:04.395216Z,KXHYPE15M-26OCT042100-00,0.8800,0.03,yes
2026-10-05T00:59:04.395216Z,KXHYPE15M-26OCT042100-00,0.8800,17.03,yes
2026-10-05T00:59:04.395216Z,KXHYPE15M-26OCT042100-00,0.8900,1.97,yes
2026-10-05T00:59:04.646299Z,KXHYPE15M-26OCT042100-00,0.8400,2.95,no
2026-10-05T00:59:05.055147Z,KXHYPE15M-26OCT042100-00,0.8800,0.03,yes
2026-10-05T00:59:05.055147Z,KXHYPE15M-26OCT042100-00,0.8900,0.94,yes
2026-10-05T00:59:05.055147Z,KXHYPE15M-26OCT042100-00,0.8900,5.00,yes
2026-10-05T00:59:05.055147Z,KXHYPE15M-26OCT042100-00,0.8900,0.03,yes
2026-10-05T00:59:05.055751Z,KXHYPE15M-26OCT042100-00,0.8900,17.06,yes
2026-10-05T00:59:05.144836Z,KXHYPE15M-26OCT042100-00,0.9000,31.97,yes
2026-10-05T00:59:05.144836Z,KXHYPE15M-26OCT042100-00,0.9000,0.03,yes
2026-10-05T00:59:05.145645Z,KXHYPE15M-26OCT042100-00,0.9000,28.00,yes
2026-10-05T00:59:05.146275Z,KXHYPE15M-26OCT042100-00,0.9000,48.03,yes
2026-10-05T00:59:05.146275Z,KXHYPE15M-26OCT042100-00,0.9080,0.03,yes
2026-10-05T00:59:05.212518Z,KXHYPE15M-26OCT042100-00,0.9300,2.00,no
2026-10-05T00:59:05.212518Z,KXHYPE15M-26OCT042100-00,0.9060,192.00,no
2026-10-05T00:59:05.212518Z,KXHYPE15M-26OCT042100-00,0.9310,2.00,no
2026-10-05T00:59:05.212518Z,KXHYPE15M-26OCT042100-00,0.9070,26.00,no
2026-10-05T00:59:05.212518Z,KXHYPE15M-26OCT042100-00,0.9300,10.00,no
2026-10-05T00:59:05.212518Z,KXHYPE15M-26OCT042100-00,0.9100,6.00,no
2026-10-05T00:59:05.277866Z,KXHYPE15M-26OCT042100-00,0.9460,6.00,yes
2026-10-05T00:59:05.277866Z,KXHYPE15M-26OCT042100-00,0.9470,20.00,yes
2026-10-05T00:59:05.277866Z,KXHYPE15M-26OCT042100-00,0.9460,0.03,yes
2026-10-05T00:59:05.277866Z,KXHYPE15M-26OCT042100-00,0.9500,0.03,yes
2026-10-05T00:59:05.277866Z,KXHYPE15M-26OCT042100-00,0.9500,17.94,yes
2026-10-05T00:59:05.277866Z,KXHYPE15M-26OCT042100-00,0.9500,1.00,yes
2026-10-05T00:59:05.277866Z,KXHYPE15M-26OCT042100-00,0.9500,3.00,yes
2026-10-05T00:59:05.277866Z,KXHYPE15M-26OCT042100-00,0.9500,1.00,yes
2026-10-05T00:59:05.277866Z,KXHYPE15M-26OCT042100-00,0.9460,1.00,yes
2026-10-05T00:59:05.281822Z,KXHYPE15M-26OCT042100-00,0.9500,42.00,yes
2026-10-05T00:59:05.293169Z,KXHYPE15M-26OCT042100-00,0.9500,75.00,yes
2026-10-05T00:59:05.618638Z,KXHYPE15M-26OCT042100-00,0.9500,13.00,yes
2026-10-05T00:59:05.650001Z,KXHYPE15M-26OCT042100-00,0.9590,1.07,yes
2026-10-05T00:59:05.650001Z,KXHYPE15M-26OCT042100-00,0.9500,2.06,yes
2026-10-05T00:59:05.650001Z,KXHYPE15M-26OCT042100-00,0.9560,1.00,yes
2026-10-05T00:59:05.650001Z,KXHYPE15M-26OCT042100-00,0.9560,1.00,yes
2026-10-05T00:59:05.687624Z,KXHYPE15M-26OCT042100-00,0.9600,41.00,yes
2026-10-05T00:59:05.687624Z,KXHYPE15M-26OCT042100-00,0.9600,1.00,yes
2026-10-05T00:59:05.963255Z,KXHYPE15M-26OCT042100-00,0.9580,2.00,no
2026-10-05T00:59:05.963255Z,KXHYPE15M-26OCT042100-00,0.9570,0.17,no
2026-10-05T00:59:06.059991Z,KXHYPE15M-26OCT042100-00,0.9590,0.03,yes
2026-10-05T00:59:06.059991Z,KXHYPE15M-26OCT042100-00,0.9590,11.00,yes
2026-10-05T00:59:06.059991Z,KXHYPE15M-26OCT042100-00,0.9600,66.97,yes
2026-10-05T00:59:06.496052Z,KXHYPE15M-26OCT042100-00,0.9500,10.00,no
2026-10-05T00:59:06.496052Z,KXHYPE15M-26OCT042100-00,0.9410,20.92,no
2026-10-05T00:59:06.496052Z,KXHYPE15M-26OCT042100-00,0.9450,2.00,no
2026-10-05T00:59:06.496052Z,KXHYPE15M-26OCT042100-00,0.9440,2.00,no
2026-10-05T00:59:06.673938Z,KXHYPE15M-26OCT042100-00,0.9650,17.24,yes
2026-10-05T00:59:06.673938Z,KXHYPE15M-26OCT042100-00,0.9600,0.76,yes
2026-10-05T00:59:06.748911Z,KXHYPE15M-26OCT042100-00,0.9670,7.00,yes
2026-10-05T00:59:06.748911Z,KXHYPE15M-26OCT042100-00,0.9660,5.00,yes
2026-10-05T00:59:06.748911Z,KXHYPE15M-26OCT042100-00,0.9660,2.00,yes
2026-10-05T00:59:06.955697Z,KXHYPE15M-26OCT042100-00,0.9670,42.00,yes
2026-10-05T00:59:07.071702Z,KXHYPE15M-26OCT042100-00,0.9700,25.00,yes
2026-10-05T00:59:07.071702Z,KXHYPE15M-26OCT042100-00,0.9700,2.00,yes
2026-10-05T00:59:07.071702Z,KXHYPE15M-26OCT042100-00,0.9700,12.00,yes
2026-10-05T00:59:07.071702Z,KXHYPE15M-26OCT042100-00,0.9690,1.00,yes
2026-10-05T00:59:07.071702Z,KXHYPE15M-26OCT042100-00,0.9750,5.65,yes
2026-10-05T00:59:07.071702Z,KXHYPE15M-26OCT042100-00,0.9700,25.00,yes
2026-10-05T00:59:07.071702Z,KXHYPE15M-26OCT042100-00,0.9700,0.35,yes
2026-10-05T00:59:07.410697Z,KXHYPE15M-26OCT042100-00,0.9710,1.38,no
2026-10-05T00:59:07.415681Z,KXHYPE15M-26OCT042100-00,0.9710,0.62,no
2026-10-05T00:59:07.415681Z,KXHYPE15M-26OCT042100-00,0.9700,2.00,no
2026-10-05T00:59:07.415681Z,KXHYPE15M-26OCT042100-00,0.9600,0.03,no
2026-10-05T00:59:07.415681Z,KXHYPE15M-26OCT042100-00,0.9640,0.03,no
2026-10-05T00:59:07.415681Z,KXHYPE15M-26OCT042100-00,0.9510,3.83,no
2026-10-05T00:59:07.415681Z,KXHYPE15M-26OCT042100-00,0.9700,5.00,no
2026-10-05T00:59:07.757783Z,KXHYPE15M-26OCT042100-00,0.9680,2.00,no
2026-10-05T00:59:07.757783Z,KXHYPE15M-26OCT042100-00,0.9690,2.00,no
2026-10-05T00:59:07.757783Z,KXHYPE15M-26OCT042100-00,0.9240,5.43,no
2026-10-05T00:59:07.757783Z,KXHYPE15M-26OCT042100-00,0.9390,20.00,no
2026-10-05T00:59:07.757783Z,KXHYPE15M-26OCT042100-00,0.9510,27.00,no
2026-10-05T00:59:07.757783Z,KXHYPE15M-26OCT042100-00,0.9500,42.00,no
2026-10-05T00:59:07.786343Z,KXHYPE15M-26OCT042100-00,0.9670,1.00,no
2026-10-05T00:59:08.153939Z,KXHYPE15M-26OCT042100-00,0.9750,0.69,yes
2026-10-05T00:59:08.153939Z,KXHYPE15M-26OCT042100-00,0.9750,1.00,yes
2026-10-05T00:59:08.153939Z,KXHYPE15M-26OCT042100-00,0.9750,0.35,yes
2026-10-05T00:59:08.752806Z,KXHYPE15M-26OCT042100-00,0.9600,2.00,no
2026-10-05T00:59:08.752806Z,KXHYPE15M-26OCT042100-00,0.9480,6.18,no
2026-10-05T00:59:08.752806Z,KXHYPE15M-26OCT042100-00,0.9590,2.00,no
2026-10-05T00:59:08.752806Z,KXHYPE15M-26OCT042100-00,0.9610,9.69,no
2026-10-05T00:59:08.800559Z,KXHYPE15M-26OCT042100-00,0.9670,50.00,yes
2026-10-05T00:59:08.940692Z,KXHYPE15M-26OCT042100-00,0.9670,5.11,yes
2026-10-05T00:59:09.063265Z,KXHYPE15M-26OCT042100-00,0.9770,0.02,yes
2026-10-05T00:59:09.063265Z,KXHYPE15M-26OCT042100-00,0.9760,0.03,yes
2026-10-05T00:59:09.063265Z,KXHYPE15M-26OCT042100-00,0.9750,0.03,yes
2026-10-05T00:59:09.063265Z,KXHYPE15M-26OCT042100-00,0.9750,6.00,yes
2026-10-05T00:59:09.063265Z,KXHYPE15M-26OCT042100-00,0.9670,169.89,yes
2026-10-05T00:59:09.063265Z,KXHYPE15M-26OCT042100-00,0.9670,0.03,yes
2026-10-05T00:59:09.063265Z,KXHYPE15M-26OCT042100-00,0.9760,4.00,yes
2026-10-05T00:59:09.063265Z,KXHYPE15M-26OCT042100-00,0.9770,6.00,yes
2026-10-05T00:59:09.063265Z,KXHYPE15M-26OCT042100-00,0.9760,6.00,yes
2026-10-05T00:59:09.464575Z,KXHYPE15M-26OCT042100-00,0.9470,19.99,no
2026-10-05T00:59:09.464575Z,KXHYPE15M-26OCT042100-00,0.9530,0.03,no
2026-10-05T00:59:09.464575Z,KXHYPE15M-26OCT042100-00,0.9540,0.11,no
2026-10-05T00:59:09.464575Z,KXHYPE15M-26OCT042100-00,0.9540,0.03,no
2026-10-05T00:59:10.869611Z,KXHYPE15M-26OCT042100-00,0.9470,0.01,no
2026-10-05T00:59:10.869611Z,KXHYPE15M-26OCT042100-00,0.9400,22.07,no
2026-10-05T00:59:10.8707Z,KXHYPE15M-26OCT042100-00,0.9400,15.49,no
2026-10-05T00:59:11.033634Z,KXHYPE15M-26OCT042100-00,0.9670,225.00,yes
2026-10-05T00:59:11.198777Z,KXHYPE15M-26OCT042100-00,0.9360,1.62,no
2026-10-05T00:59:11.198777Z,KXHYPE15M-26OCT042100-00,0.9400,0.03,no
2026-10-05T00:59:11.198777Z,KXHYPE15M-26OCT042100-00,0.9450,0.03,no
2026-10-05T00:59:11.198777Z,KXHYPE15M-26OCT042100-00,0.9400,4.44,no
2026-10-05T00:59:11.198777Z,KXHYPE15M-26OCT042100-00,0.9450,20.00,no
2026-10-05T00:59:11.198777Z,KXHYPE15M-26OCT042100-00,0.9380,5.00,no
2026-10-05T00:59:12.055546Z,KXHYPE15M-26OCT042100-00,0.9780,30.97,yes
2026-10-05T00:59:12.055546Z,KXHYPE15M-26OCT042100-00,0.9780,0.03,yes
2026-10-05T00:59:12.055546Z,KXHYPE15M-26OCT042100-00,0.9780,3.00,yes
2026-10-05T00:59:12.141828Z,KXHYPE15M-26OCT042100-00,0.9430,4.41,no
2026-10-05T00:59:12.141828Z,KXHYPE15M-26OCT042100-00,0.9480,1.00,no
2026-10-05T00:59:12.141828Z,KXHYPE15M-26OCT042100-00,0.9480,0.03,no
2026-10-05T00:59:13.074043Z,KXHYPE15M-26OCT042100-00,0.9790,1.00,yes
2026-10-05T00:59:13.165125Z,KXHYPE15M-26OCT042100-00,0.9790,11.00,yes
2026-10-05T00:59:13.165125Z,KXHYPE15M-26OCT042100-00,0.9790,0.03,yes
2026-10-05T00:59:13.165125Z,KXHYPE15M-26OCT042100-00,0.9800,0.03,yes
2026-10-05T00:59:13.165125Z,KXHYPE15M-26OCT042100-00,0.9800,42.00,yes
2026-10-05T00:59:13.165125Z,KXHYPE15M-26OCT042100-00,0.9830,0.03,yes
2026-10-05T00:59:13.165125Z,KXHYPE15M-26OCT042100-00,0.9830,225.00,yes
2026-10-05T00:59:13.165125Z,KXHYPE15M-26OCT042100-00,0.9790,1.00,yes
2026-10-05T00:59:13.165125Z,KXHYPE15M-26OCT042100-00,0.9800,1.00,yes
2026-10-05T00:59:13.165125Z,KXHYPE15M-26OCT042100-00,0.9860,8.00,yes
2026-10-05T00:59:13.165125Z,KXHYPE15M-26OCT042100-00,0.9870,5.00,yes
2026-10-05T00:59:13.165125Z,KXHYPE15M-26OCT042100-00,0.9890,87.91,yes
2026-10-05T00:59:13.165125Z,KXHYPE15M-26OCT042100-00,0.9800,3.00,yes
2026-10-05T00:59:13.165125Z,KXHYPE15M-26OCT042100-00,0.9850,5.00,yes
2026-10-05T00:59:13.165125Z,KXHYPE15M-26OCT042100-00,0.9860,5.00,yes
2026-10-05T00:59:13.165125Z,KXHYPE15M-26OCT042100-00,0.9790,2.00,yes
2026-10-05T00:59:13.165125Z,KXHYPE15M-26OCT042100-00,0.9880,4.00,yes
2026-10-05T00:59:13.165125Z,KXHYPE15M-26OCT042100-00,0.9800,50.00,yes
2026-10-05T00:59:13.634032Z,KXHYPE15M-26OCT042100-00,0.9840,8.22,no
2026-10-05T00:59:14.089796Z,KXHYPE15M-26OCT042100-00,0.9890,45.00,yes
2026-10-05T00:59:14.098594Z,KXHYPE15M-26OCT042100-00,0.9890,13.45,yes
2026-10-05T00:59:15.081207Z,KXHYPE15M-26OCT042100-00,0.9890,30.00,yes
2026-10-05T00:59:15.096877Z,KXHYPE15M-26OCT042100-00,0.9890,8.22,yes
2026-10-05T00:59:15.096877Z,KXHYPE15M-26OCT042100-00,0.9890,1.00,yes
2026-10-05T00:59:15.096877Z,KXHYPE15M-26OCT042100-00,0.9890,3.64,yes
2026-10-05T00:59:15.096877Z,KXHYPE15M-26OCT042100-00,0.9900,2.14,yes
2026-10-05T00:59:15.096877Z,KXHYPE15M-26OCT042100-00,0.9890,4.00,yes
2026-10-05T00:59:15.096877Z,KXHYPE15M-26OCT042100-00,0.9890,1.00,yes
2026-10-05T00:59:15.134767Z,KXHYPE15M-26OCT042100-00,0.9900,2.00,yes
2026-10-05T00:59:15.134767Z,KXHYPE15M-26OCT042100-00,0.9900,1.86,yes
2026-10-05T00:59:15.134767Z,KXHYPE15M-26OCT042100-00,0.9900,7.27,yes
2026-10-05T00:59:15.134767Z,KXHYPE15M-26OCT042100-00,0.9900,2.87,yes
2026-10-05T00:59:16.185688Z,KXHYPE15M-26OCT042100-00,0.9900,0.99,yes
2026-10-05T00:59:16.185688Z,KXHYPE15M-26OCT042100-00,0.9900,1.84,yes
2026-10-05T00:59:16.185688Z,KXHYPE15M-26OCT042100-00,0.9900,2.30,yes
2026-10-05T00:59:16.185688Z,KXHYPE15M-26OCT042100-00,0.9900,1.24,yes
2026-10-05T00:59:16.185688Z,KXHYPE15M-26OCT042100-00,0.9900,12.38,yes
2026-10-05T00:59:16.218811Z,KXHYPE15M-26OCT042100-00,0.9900,0.03,yes
2026-10-05T00:59:16.288224Z,KXHYPE15M-26OCT042100-00,0.9890,2.11,no
2026-10-05T00:59:16.288224Z,KXHYPE15M-26OCT042100-00,0.9840,68.53,no
2026-10-05T00:59:16.288224Z,KXHYPE15M-26OCT042100-00,0.9850,0.03,no
2026-10-05T00:59:16.288224Z,KXHYPE15M-26OCT042100-00,0.9890,0.03,no
2026-10-05T00:59:16.527644Z,KXHYPE15M-26OCT042100-00,0.9890,4.00,yes
2026-10-05T00:59:17.045306Z,KXHYPE15M-26OCT042100-00,0.9840,36.20,no
2026-10-05T00:59:17.045306Z,KXHYPE15M-26OCT042100-00,0.9840,11.16,no
2026-10-05T00:59:17.733929Z,KXHYPE15M-26OCT042100-00,0.9890,64.53,yes
2026-10-05T00:59:17.733929Z,KXHYPE15M-26OCT042100-00,0.9890,5.98,yes
2026-10-05T00:59:18.020248Z,KXHYPE15M-26OCT042100-00,0.9880,2.30,no
2026-10-05T00:59:18.162292Z,KXHYPE15M-26OCT042100-00,0.9890,5.00,yes
2026-10-05T00:59:18.297376Z,KXHYPE15M-26OCT042100-00,0.9840,8.80,no
2026-10-05T00:59:18.297376Z,KXHYPE15M-26OCT042100-00,0.9840,13.45,no
2026-10-05T00:59:18.297376Z,KXHYPE15M-26OCT042100-00,0.9840,4.00,no
2026-10-05T00:59:18.297376Z,KXHYPE15M-26OCT042100-00,0.9840,8.22,no
2026-10-05T00:59:18.297376Z,KXHYPE15M-26OCT042100-00,0.9840,3.64,no
2026-10-05T00:59:18.297376Z,KXHYPE15M-26OCT042100-00,0.9840,30.00,no
2026-10-05T00:59:18.297376Z,KXHYPE15M-26OCT042100-00,0.9840,29.20,no
2026-10-05T00:59:18.297376Z,KXHYPE15M-26OCT042100-00,0.9880,2.69,no
2026-10-05T00:59:18.297476Z,KXHYPE15M-26OCT042100-00,0.9840,5.00,no
2026-10-05T00:59:18.297476Z,KXHYPE15M-26OCT042100-00,0.9840,5.98,no
2026-10-05T00:59:18.297476Z,KXHYPE15M-26OCT042100-00,0.9840,35.33,no
2026-10-05T00:59:18.297525Z,KXHYPE15M-26OCT042100-00,0.9620,6.00,no
2026-10-05T00:59:18.297525Z,KXHYPE15M-26OCT042100-00,0.9610,6.00,no
2026-10-05T00:59:18.30349Z,KXHYPE15M-26OCT042100-00,0.9570,3.00,no
2026-10-05T00:59:18.323965Z,KXHYPE15M-26OCT042100-00,0.9730,17.00,yes
2026-10-05T00:59:18.323965Z,KXHYPE15M-26OCT042100-00,0.9720,2.00,yes
2026-10-05T00:59:18.323965Z,KXHYPE15M-26OCT042100-00,0.9730,2.00,yes
2026-10-05T00:59:18.323965Z,KXHYPE15M-26OCT042100-00,0.9740,203.07,yes
2026-10-05T00:59:18.343532Z,KXHYPE15M-26OCT042100-00,0.9740,21.93,yes
2026-10-05T00:59:18.343532Z,KXHYPE15M-26OCT042100-00,0.9670,2.00,yes
2026-10-05T00:59:18.343532Z,KXHYPE15M-26OCT042100-00,0.9660,2.00,yes
2026-10-05T00:59:18.361808Z,KXHYPE15M-26OCT042100-00,0.9690,2.00,yes
2026-10-05T00:59:18.380367Z,KXHYPE15M-26OCT042100-00,0.9700,2.00,yes
2026-10-05T00:59:18.398729Z,KXHYPE15M-26OCT042100-00,0.9670,2.00,yes
2026-10-05T00:59:18.398729Z,KXHYPE15M-26OCT042100-00,0.9680,2.00,yes
2026-10-05T00:59:18.421627Z,KXHYPE15M-26OCT042100-00,0.9590,19.00,no
2026-10-05T00:59:18.422071Z,KXHYPE15M-26OCT042100-00,0.9590,6.00,no
2026-10-05T00:59:18.422071Z,KXHYPE15M-26OCT042100-00,0.9580,5.00,no
2026-10-05T00:59:18.424816Z,KXHYPE15M-26OCT042100-00,0.9560,81.72,no
2026-10-05T00:59:18.425704Z,KXHYPE15M-26OCT042100-00,0.9620,224.07,yes
2026-10-05T00:59:18.425859Z,KXHYPE15M-26OCT042100-00,0.9560,18.28,no
2026-10-05T00:59:18.428708Z,KXHYPE15M-26OCT042100-00,0.9430,0.03,no
2026-10-05T00:59:18.428708Z,KXHYPE15M-26OCT042100-00,0.9430,15.59,no
2026-10-05T00:59:18.428708Z,KXHYPE15M-26OCT042100-00,0.9490,24.00,no
2026-10-05T00:59:18.429376Z,KXHYPE15M-26OCT042100-00,0.9400,41.52,no
2026-10-05T00:59:18.4325Z,KXHYPE15M-26OCT042100-00,0.9240,0.57,no
2026-10-05T00:59:18.4325Z,KXHYPE15M-26OCT042100-00,0.9220,20.00,no
2026-10-05T00:59:18.4325Z,KXHYPE15M-26OCT042100-00,0.9400,0.48,no
2026-10-05T00:59:18.434863Z,KXHYPE15M-26OCT042100-00,0.9070,20.00,no
2026-10-05T00:59:18.437314Z,KXHYPE15M-26OCT042100-00,0.9250,23.00,no
2026-10-05T00:59:18.437314Z,KXHYPE15M-26OCT042100-00,0.9230,26.00,no
2026-10-05T00:59:18.449978Z,KXHYPE15M-26OCT042100-00,0.9000,116.02,yes
2026-10-05T00:59:18.450358Z,KXHYPE15M-26OCT042100-00,0.9000,94.19,yes
2026-10-05T00:59:18.461694Z,KXHYPE15M-26OCT042100-00,0.9230,67.00,yes
2026-10-05T00:59:18.461694Z,KXHYPE15M-26OCT042100-00,0.9220,15.00,yes
2026-10-05T00:59:18.528281Z,KXHYPE15M-26OCT042100-00,0.8900,13.00,no
2026-10-05T00:59:18.565731Z,KXHYPE15M-26OCT042100-00,0.9440,6.30,yes
2026-10-05T00:59:18.565731Z,KXHYPE15M-26OCT042100-00,0.9420,9.00,yes
2026-10-05T00:59:18.565731Z,KXHYPE15M-26OCT042100-00,0.9430,14.00,yes
2026-10-05T00:59:18.653032Z,KXHYPE15M-26OCT042100-00,0.9090,8.26,yes
2026-10-05T00:59:18.764634Z,KXHYPE15M-26OCT042100-00,0.9000,41.99,yes
2026-10-05T00:59:19.0635Z,KXHYPE15M-26OCT042100-00,0.9470,20.00,yes
2026-10-05T00:59:19.0635Z,KXHYPE15M-26OCT042100-00,0.9400,42.01,yes
2026-10-05T00:59:19.0635Z,KXHYPE15M-26OCT042100-00,0.9480,45.99,yes
2026-10-05T00:59:19.06802Z,KXHYPE15M-26OCT042100-00,0.9390,42.00,no
2026-10-05T00:59:19.092322Z,KXHYPE15M-26OCT042100-00,0.9390,20.00,no
2026-10-05T00:59:19.363822Z,KXHYPE15M-26OCT042100-00,0.9490,0.03,yes
2026-10-05T00:59:19.363822Z,KXHYPE15M-26OCT042100-00,0.9500,9.97,yes
2026-10-05T00:59:19.460752Z,KXHYPE15M-26OCT042100-00,0.9390,17.11,no
2026-10-05T00:59:19.480736Z,KXHYPE15M-26OCT042100-00,0.9500,0.03,yes
2026-10-05T00:59:19.480736Z,KXHYPE15M-26OCT042100-00,0.9500,32.03,yes
2026-10-05T00:59:19.594634Z,KXHYPE15M-26OCT042100-00,0.9560,42.00,no
2026-10-05T00:59:19.634317Z,KXHYPE15M-26OCT042100-00,0.9700,2.04,yes
2026-10-05T00:59:19.725048Z,KXHYPE15M-26OCT042100-00,0.9840,25.00,yes
2026-10-05T00:59:19.725048Z,KXHYPE15M-26OCT042100-00,0.9700,39.96,yes
2026-10-05T00:59:19.725048Z,KXHYPE15M-26OCT042100-00,0.9850,100.00,yes
2026-10-05T00:59:19.725048Z,KXHYPE15M-26OCT042100-00,0.9890,34.86,yes
2026-10-05T00:59:19.725048Z,KXHYPE15M-26OCT042100-00,0.9890,0.18,yes
2026-10-05T00:59:19.785147Z,KXHYPE15M-26OCT042100-00,0.9840,0.18,no
2026-10-05T00:59:19.948499Z,KXHYPE15M-26OCT042100-00,0.9560,52.14,no
2026-10-05T00:59:19.948499Z,KXHYPE15M-26OCT042100-00,0.9840,34.86,no
2026-10-05T00:59:19.948499Z,KXHYPE15M-26OCT042100-00,0.9570,25.00,no
2026-10-05T00:59:20.108656Z,KXHYPE15M-26OCT042100-00,0.9600,2.02,yes
2026-10-05T00:59:20.110243Z,KXHYPE15M-26OCT042100-00,0.9600,39.98,yes
2026-10-05T00:59:20.469046Z,KXHYPE15M-26OCT042100-00,0.9700,10.00,yes
2026-10-05T00:59:20.473122Z,KXHYPE15M-26OCT042100-00,0.9700,6.91,yes
2026-10-05T00:59:20.494755Z,KXHYPE15M-26OCT042100-00,0.9700,2.00,yes
2026-10-05T00:59:20.606945Z,KXHYPE15M-26OCT042100-00,0.9550,99.73,no
2026-10-05T00:59:20.62014Z,KXHYPE15M-26OCT042100-00,0.9700,4.68,yes
2026-10-05T00:59:21.198787Z,KXHYPE15M-26OCT042100-00,0.9890,34.86,yes
2026-10-05T00:59:21.198787Z,KXHYPE15M-26OCT042100-00,0.9890,0.18,yes
2026-10-05T00:59:21.198787Z,KXHYPE15M-26OCT042100-00,0.9890,0.03,yes
2026-10-05T00:59:21.198787Z,KXHYPE15M-26OCT042100-00,0.9890,8.22,yes
2026-10-05T00:59:21.198787Z,KXHYPE15M-26OCT042100-00,0.9890,29.20,yes
2026-10-05T00:59:21.198787Z,KXHYPE15M-26OCT042100-00,0.9890,35.33,yes
2026-10-05T00:59:21.198787Z,KXHYPE15M-26OCT042100-00,0.9890,8.80,yes
2026-10-05T00:59:21.198787Z,KXHYPE15M-26OCT042100-00,0.9890,5.98,yes
2026-10-05T00:59:21.198787Z,KXHYPE15M-26OCT042100-00,0.9890,3.64,yes
2026-10-05T00:59:21.198787Z,KXHYPE15M-26OCT042100-00,0.9890,30.00,yes
2026-10-05T00:59:21.198787Z,KXHYPE15M-26OCT042100-00,0.9890,4.00,yes
2026-10-05T00:59:21.198787Z,KXHYPE15M-26OCT042100-00,0.9890,5.00,yes
2026-10-05T00:59:21.198787Z,KXHYPE15M-26OCT042100-00,0.9890,13.45,yes
2026-10-05T00:59:21.198787Z,KXHYPE15M-26OCT042100-00,0.9890,1.34,yes
2026-10-05T00:59:21.683275Z,KXHYPE15M-26OCT042100-00,0.9840,0.23,no
2026-10-05T00:59:21.972357Z,KXHYPE15M-26OCT042100-00,0.9890,0.23,yes
2026-10-05T00:59:21.972357Z,KXHYPE15M-26OCT042100-00,0.9890,0.03,yes
2026-10-05T00:59:21.972357Z,KXHYPE15M-26OCT042100-00,0.9900,24.74,yes
2026-10-05T00:59:21.989686Z,KXHYPE15M-26OCT042100-00,0.9940,29.09,yes
2026-10-05T00:59:21.989686Z,KXHYPE15M-26OCT042100-00,0.9900,0.03,yes
2026-10-05T00:59:21.989686Z,KXHYPE15M-26OCT042100-00,0.9900,25.26,yes
2026-10-05T00:59:23.771961Z,KXHYPE15M-26OCT042100-00,0.9950,1.00,yes
2026-10-05T00:59:23.854832Z,KXHYPE15M-26OCT042100-00,0.9950,0.30,yes
2026-10-05T00:59:24.304049Z,KXHYPE15M-26OCT042100-00,0.9950,1.00,yes
2026-10-05T00:59:24.344069Z,KXHYPE15M-26OCT042100-00,0.9920,40.00,no
2026-10-05T00:59:24.344069Z,KXHYPE15M-26OCT042100-00,0.9850,15.32,no
2026-10-05T00:59:24.344069Z,KXHYPE15M-26OCT042100-00,0.9860,42.00,no
2026-10-05T00:59:24.344069Z,KXHYPE15M-26OCT042100-00,0.9860,0.30,no
2026-10-05T00:59:24.344069Z,KXHYPE15M-26OCT042100-00,0.9900,4.98,no
2026-10-05T00:59:24.344069Z,KXHYPE15M-26OCT042100-00,0.9860,1.00,no
2026-10-05T00:59:24.344069Z,KXHYPE15M-26OCT042100-00,0.9860,1.00,no
2026-10-05T00:59:24.39442Z,KXHYPE15M-26OCT042100-00,0.9950,1.50,yes
2026-10-05T00:59:25.355352Z,KXHYPE15M-26OCT042100-00,0.9860,5.84,no
2026-10-05T00:59:25.355352Z,KXHYPE15M-26OCT042100-00,0.9860,1.50,no
2026-10-05T00:59:27.109812Z,KXHYPE15M-26OCT042100-00,0.9850,48.00,no
2026-10-05T00:59:27.109812Z,KXHYPE15M-26OCT042100-00,0.9840,1.11,no
2026-10-05T00:59:27.109812Z,KXHYPE15M-26OCT042100-00,0.9840,3.64,no
2026-10-05T00:59:27.109812Z,KXHYPE15M-26OCT042100-00,0.9840,8.22,no
2026-10-05T00:59:27.109812Z,KXHYPE15M-26OCT042100-00,0.9840,4.00,no
2026-10-05T00:59:27.109812Z,KXHYPE15M-26OCT042100-00,0.9840,8.80,no
2026-10-05T00:59:27.109812Z,KXHYPE15M-26OCT042100-00,0.9840,29.20,no
2026-10-05T00:59:27.109812Z,KXHYPE15M-26OCT042100-00,0.9840,13.45,no
2026-10-05T00:59:27.109812Z,KXHYPE15M-26OCT042100-00,0.9840,30.00,no
2026-10-05T00:59:27.109812Z,KXHYPE15M-26OCT042100-00,0.9840,17.80,no
2026-10-05T00:59:27.109812Z,KXHYPE15M-26OCT042100-00,0.9850,134.68,no
2026-10-05T00:59:27.182857Z,KXHYPE15M-26OCT042100-00,0.9890,1.00,yes
2026-10-05T00:59:28.124833Z,KXHYPE15M-26OCT042100-00,0.9890,3.64,yes
2026-10-05T00:59:28.124833Z,KXHYPE15M-26OCT042100-00,0.9890,8.80,yes
2026-10-05T00:59:28.124833Z,KXHYPE15M-26OCT042100-00,0.9890,30.00,yes
2026-10-05T00:59:28.124833Z,KXHYPE15M-26OCT042100-00,0.9890,29.20,yes
2026-10-05T00:59:28.124833Z,KXHYPE15M-26OCT042100-00,0.9890,4.00,yes
2026-10-05T00:59:28.124833Z,KXHYPE15M-26OCT042100-00,0.9890,8.22,yes
2026-10-05T00:59:28.124833Z,KXHYPE15M-26OCT042100-00,0.9890,0.11,yes
2026-10-05T00:59:28.124833Z,KXHYPE15M-26OCT042100-00,0.9890,13.45,yes
2026-10-05T00:59:28.124833Z,KXHYPE15M-26OCT042100-00,0.9890,17.80,yes
2026-10-05T00:59:30.057225Z,KXHYPE15M-26OCT042100-00,0.9950,143.00,yes
2026-10-05T00:59:31.848959Z,KXHYPE15M-26OCT042100-00,0.9870,148.73,no
2026-10-05T00:59:31.848959Z,KXHYPE15M-26OCT042100-00,0.9880,1.00,no
2026-10-05T00:59:31.848959Z,KXHYPE15M-26OCT042100-00,0.9880,50.00,no
2026-10-05T00:59:31.848959Z,KXHYPE15M-26OCT042100-00,0.9880,5.00,no
2026-10-05T00:59:32.049692Z,KXHYPE15M-26OCT042100-00,0.9850,450.00,no
2026-10-05T00:59:32.049692Z,KXHYPE15M-26OCT042100-00,0.9860,143.00,no
2026-10-05T00:59:32.049692Z,KXHYPE15M-26OCT042100-00,0.9870,76.27,no
2026-10-05T00:59:32.049692Z,KXHYPE15M-26OCT042100-00,0.9870,44.00,no
2026-10-05T00:59:32.049692Z,KXHYPE15M-26OCT042100-00,0.9870,5.00,no
2026-10-05T00:59:32.049692Z,KXHYPE15M-26OCT042100-00,0.9840,10.26,no
2026-10-05T00:59:32.105176Z,KXHYPE15M-26OCT042100-00,0.9890,10.00,yes
2026-10-05T00:59:32.125184Z,KXHYPE15M-26OCT042100-00,0.9890,0.26,yes
2026-10-05T00:59:32.585971Z,KXHYPE15M-26OCT042100-00,0.9900,6.72,no
2026-10-05T00:59:33.651973Z,KXHYPE15M-26OCT042100-00,0.9890,7.82,no
2026-10-05T00:59:33.651973Z,KXHYPE15M-26OCT042100-00,0.9880,2.00,no
2026-10-05T00:59:33.651973Z,KXHYPE15M-26OCT042100-00,0.9850,20.58,no
2026-10-05T00:59:33.651973Z,KXHYPE15M-26OCT042100-00,0.9900,3.02,no
2026-10-05T00:59:35.576786Z,KXHYPE15M-26OCT042100-00,0.9950,15.20,yes
2026-10-05T00:59:35.576786Z,KXHYPE15M-26OCT042100-00,0.9950,10.80,yes
2026-10-05T00:59:35.865126Z,KXHYPE15M-26OCT042100-00,0.9860,15.20,no
2026-10-05T00:59:35.865126Z,KXHYPE15M-26OCT042100-00,0.9890,100.00,no
2026-10-05T00:59:36.079002Z,KXHYPE15M-26OCT042100-00,0.9950,27.00,yes
2026-10-05T00:59:36.079002Z,KXHYPE15M-26OCT042100-00,0.9960,0.80,yes
2026-10-05T00:59:36.079002Z,KXHYPE15M-26OCT042100-00,0.9960,1.00,yes
2026-10-05T00:59:36.079002Z,KXHYPE15M-26OCT042100-00,0.9950,0.20,yes
2026-10-05T00:59:36.079002Z,KXHYPE15M-26OCT042100-00,0.9960,13.00,yes
2026-10-05T00:59:36.091883Z,KXHYPE15M-26OCT042100-00,0.9950,10.00,yes
2026-10-05T00:59:36.146644Z,KXHYPE15M-26OCT042100-00,0.9960,0.03,yes
2026-10-05T00:59:36.146644Z,KXHYPE15M-26OCT042100-00,0.9960,29.00,yes
2026-10-05T00:59:36.146644Z,KXHYPE15M-26OCT042100-00,0.9960,7.00,yes
2026-10-05T00:59:36.146644Z,KXHYPE15M-26OCT042100-00,0.9960,1.00,yes
2026-10-05T00:59:36.146644Z,KXHYPE15M-26OCT042100-00,0.9960,0.20,yes
2026-10-05T00:59:36.146644Z,KXHYPE15M-26OCT042100-00,0.9960,1.00,yes
2026-10-05T00:59:36.146644Z,KXHYPE15M-26OCT042100-00,0.9960,1.00,yes
2026-10-05T00:59:36.146644Z,KXHYPE15M-26OCT042100-00,0.9970,2.77,yes
2026-10-05T00:59:36.175452Z,KXHYPE15M-26OCT042100-00,0.9960,29.00,yes
2026-10-05T00:59:36.175452Z,KXHYPE15M-26OCT042100-00,0.9960,6.00,yes
2026-10-05T00:59:36.175452Z,KXHYPE15M-26OCT042100-00,0.9970,7.00,yes
2026-10-05T00:59:36.350599Z,KXHYPE15M-26OCT042100-00,0.9970,23.74,yes
2026-10-05T00:59:36.350599Z,KXHYPE15M-26OCT042100-00,0.9970,0.03,yes
2026-10-05T00:59:36.350599Z,KXHYPE15M-26OCT042100-00,0.9970,2.00,yes
2026-10-05T00:59:36.350599Z,KXHYPE15M-26OCT042100-00,0.9970,2.00,yes
2026-10-05T00:59:36.350599Z,KXHYPE15M-26OCT042100-00,0.9970,2.00,yes
2026-10-05T00:59:36.350599Z,KXHYPE15M-26OCT042100-00,0.9970,2.00,yes
2026-10-05T00:59:36.350599Z,KXHYPE15M-26OCT042100-00,0.9970,2.00,yes
2026-10-05T00:59:36.350599Z,KXHYPE15M-26OCT042100-00,0.9970,8.23,yes
2026-10-05T00:59:37.369366Z,KXHYPE15M-26OCT042100-00,0.9980,100.00,yes
2026-10-05T00:59:37.369366Z,KXHYPE15M-26OCT042100-00,0.9980,0.03,yes
2026-10-05T00:59:37.369366Z,KXHYPE15M-26OCT042100-00,0.9980,1.00,yes
2026-10-05T00:59:37.369366Z,KXHYPE15M-26OCT042100-00,0.9980,200.00,yes
2026-10-05T00:59:37.369366Z,KXHYPE15M-26OCT042100-00,0.9980,40.00,yes
2026-10-05T00:59:37.369366Z,KXHYPE15M-26OCT042100-00,0.9990,237.97,yes
2026-10-05T00:59:37.369366Z,KXHYPE15M-26OCT042100-00,0.9980,3.00,yes
2026-10-05T00:59:37.369366Z,KXHYPE15M-26OCT042100-00,0.9980,3.00,yes
2026-10-05T00:59:37.369366Z,KXHYPE15M-26OCT042100-00,0.9980,3.00,yes
2026-10-05T00:59:37.369366Z,KXHYPE15M-26OCT042100-00,0.9980,3.00,yes
2026-10-05T00:59:37.369366Z,KXHYPE15M-26OCT042100-00,0.9980,3.00,yes
2026-10-05T00:59:37.369366Z,KXHYPE15M-26OCT042100-00,0.9980,26.00,yes
2026-10-05T00:59:37.44508Z,KXHYPE15M-26OCT042100-00,0.9960,29.31,no
2026-10-05T00:59:38.300276Z,KXHYPE15M-26OCT042100-00,0.9990,5.00,yes
2026-10-05T00:59:39.934314Z,KXHYPE15M-26OCT042100-00,0.9990,11.14,yes
2026-10-05T00:59:40.05031Z,KXHYPE15M-26OCT042100-00,0.9950,100.00,no
2026-10-05T00:59:40.05031Z,KXHYPE15M-26OCT042100-00,0.9900,40.00,no
2026-10-05T00:59:40.05031Z,KXHYPE15M-26OCT042100-00,0.9940,200.00,no
2026-10-05T00:59:40.05031Z,KXHYPE15M-26OCT042100-00,0.9860,1.43,no
2026-10-05T00:59:40.05031Z,KXHYPE15M-26OCT042100-00,0.9950,0.03,no
2026-10-05T00:59:40.05031Z,KXHYPE15M-26OCT042100-00,0.9900,3.65,no
2026-10-05T00:59:40.05031Z,KXHYPE15M-26OCT042100-00,0.9940,0.03,no
2026-10-05T00:59:40.05031Z,KXHYPE15M-26OCT042100-00,0.9900,0.03,no
2026-10-05T00:59:40.339514Z,KXHYPE15M-26OCT042100-00,0.9980,200.00,yes
2026-10-05T00:59:42.639289Z,KXHYPE15M-26OCT042100-00,0.9990,54.20,yes
2026-10-05T00:59:42.639289Z,KXHYPE15M-26OCT042100-00,0.9990,45.89,yes
2026-10-05T00:59:43.568997Z,KXHYPE15M-26OCT042100-00,0.9990,14.00,yes
2026-10-05T00:59:43.633888Z,KXHYPE15M-26OCT042100-00,0.9980,9.04,no
2026-10-05T00:59:44.962996Z,KXHYPE15M-26OCT042100-00,0.9990,300.00,yes
2026-10-05T00:59:47.074288Z,KXHYPE15M-26OCT042100-00,0.9990,27.98,yes
2026-10-05T00:59:48.09647Z,KXHYPE15M-26OCT042100-00,0.9990,1.18,yes
2026-10-05T00:59:48.09647Z,KXHYPE15M-26OCT042100-00,0.9990,34.00,yes
2026-10-05T00:59:48.09647Z,KXHYPE15M-26OCT042100-00,0.9990,1.00,yes
2026-10-05T00:59:48.09647Z,KXHYPE15M-26OCT042100-00,0.9990,40.00,yes
2026-10-05T00:59:48.09647Z,KXHYPE15M-26OCT042100-00,0.9990,103.82,yes
2026-10-05T00:59:48.09647Z,KXHYPE15M-26OCT042100-00,0.9990,1.00,yes
2026-10-05T00:59:48.09647Z,KXHYPE15M-26OCT042100-00,0.9990,1.00,yes
2026-10-05T00:59:49.12628Z,KXHYPE15M-26OCT042100-00,0.9990,915.99,no
2026-10-05T00:59:49.484248Z,KXHYPE15M-26OCT042100-00,0.9990,84.32,no
2026-10-05T00:59:56.195651Z,KXHYPE15M-26OCT042100-00,0.9990,5.00,no
2026-10-05T00:59:59.396981Z,KXHYPE15M-26OCT042100-00,0.9990,915.99,no
2026-10-05T01:10:01.177272Z,KXHYPE15M-26OCT042115-15,0.0110,7.63,no
2026-10-05T01:10:01.624909Z,KXHYPE15M-26OCT042115-15,0.0110,1.01,no
2026-10-05T01:10:02.376767Z,KXHYPE15M-26OCT042115-15,0.0110,1.00,no
2026-10-05T01:10:03.711958Z,KXHYPE15M-26OCT042115-15,0.0160,7.48,yes
2026-10-05T01:10:03.711958Z,KXHYPE15M-26OCT042115-15,0.0150,0.11,yes
2026-10-05T01:10:03.711958Z,KXHYPE15M-26OCT042115-15,0.0160,30.40,yes
2026-10-05T01:10:03.711958Z,KXHYPE15M-26OCT042115-15,0.0200,0.13,yes
2026-10-05T01:10:03.711958Z,KXHYPE15M-26OCT042115-15,0.0210,0.14,yes
2026-10-05T01:10:03.711958Z,KXHYPE15M-26OCT042115-15,0.0170,0.12,yes
2026-10-05T01:10:03.711958Z,KXHYPE15M-26OCT042115-15,0.0220,0.16,yes
2026-10-05T01:10:03.711958Z,KXHYPE15M-26OCT042115-15,0.0160,0.11,yes
2026-10-05T01:10:03.711958Z,KXHYPE15M-26OCT042115-15,0.0230,0.21,yes
2026-10-05T01:10:03.711958Z,KXHYPE15M-26OCT042115-15,0.0200,12.00,yes
2026-10-05T01:10:03.711958Z,KXHYPE15M-26OCT042115-15,0.0200,13.00,yes
2026-10-05T01:10:03.711958Z,KXHYPE15M-26OCT042115-15,0.0190,0.12,yes
2026-10-05T01:10:03.711958Z,KXHYPE15M-26OCT042115-15,0.0240,0.11,yes
2026-10-05T01:10:03.711958Z,KXHYPE15M-26OCT042115-15,0.0180,0.11,yes
2026-10-05T01:10:03.711958Z,KXHYPE15M-26OCT042115-15,0.0150,5.00,yes
2026-10-05T01:10:03.711958Z,KXHYPE15M-26OCT042115-15,0.0200,10.00,yes
2026-10-05T01:10:03.711958Z,KXHYPE15M-26OCT042115-15,0.0140,0.13,yes
2026-10-05T01:10:03.711958Z,KXHYPE15M-26OCT042115-15,0.0160,1.01,yes
2026-10-05T01:10:03.711958Z,KXHYPE15M-26OCT042115-15,0.0160,7.63,yes
2026-10-05T01:10:03.711958Z,KXHYPE15M-26OCT042115-15,0.0230,5.00,yes
2026-10-05T01:10:03.711958Z,KXHYPE15M-26OCT042115-15,0.0160,1.00,yes
2026-10-05T01:10:03.711958Z,KXHYPE15M-26OCT042115-15,0.0210,2.00,yes
2026-10-05T01:10:03.711958Z,KXHYPE15M-26OCT042115-15,0.0200,2.00,yes
2026-10-05T01:10:03.711958Z,KXHYPE15M-26OCT042115-15,0.0220,2.00,yes
2026-10-05T01:10:07.088063Z,KXHYPE15M-26OCT042115-15,0.0140,0.03,no
2026-10-05T01:10:07.088063Z,KXHYPE15M-26OCT042115-15,0.0120,0.03,no
2026-10-05T01:10:07.088063Z,KXHYPE15M-26OCT042115-15,0.0120,37.00,no
2026-10-05T01:10:07.088063Z,KXHYPE15M-26OCT042115-15,0.0140,5.00,no
2026-10-05T01:10:07.088063Z,KXHYPE15M-26OCT042115-15,0.0130,0.03,no
2026-10-05T01:10:07.088063Z,KXHYPE15M-26OCT042115-15,0.0120,2.00,no
2026-10-05T01:10:07.088063Z,KXHYPE15M-26OCT042115-15,0.0130,2.00,no
2026-10-05T01:10:10.702544Z,KXHYPE15M-26OCT042115-15,0.0280,0.33,yes
2026-10-05T01:10:10.702544Z,KXHYPE15M-26OCT042115-15,0.0300,0.39,yes
2026-10-05T01:10:10.702544Z,KXHYPE15M-26OCT042115-15,0.0300,1.00,yes
2026-10-05T01:10:10.702544Z,KXHYPE15M-26OCT042115-15,0.0300,19.52,yes
2026-10-05T01:10:10.702544Z,KXHYPE15M-26OCT042115-15,0.0290,0.36,yes
2026-10-05T01:10:10.702544Z,KXHYPE15M-26OCT042115-15,0.0260,0.13,yes
2026-10-05T01:10:10.702544Z,KXHYPE15M-26OCT042115-15,0.0250,0.12,yes
2026-10-05T01:10:10.702544Z,KXHYPE15M-26OCT042115-15,0.0190,5.00,yes
2026-10-05T01:10:10.702544Z,KXHYPE15M-26OCT042115-15,0.0210,2.00,yes
2026-10-05T01:10:10.702544Z,KXHYPE15M-26OCT042115-15,0.0210,0.13,yes
2026-10-05T01:10:10.702544Z,KXHYPE15M-26OCT042115-15,0.0230,0.16,yes
2026-10-05T01:10:10.702544Z,KXHYPE15M-26OCT042115-15,0.0220,0.15,yes
2026-10-05T01:10:10.702544Z,KXHYPE15M-26OCT042115-15,0.0290,32.00,yes
2026-10-05T01:10:10.702544Z,KXHYPE15M-26OCT042115-15,0.0220,2.00,yes
2026-10-05T01:10:10.702544Z,KXHYPE15M-26OCT042115-15,0.0240,0.17,yes
2026-10-05T01:10:10.702544Z,KXHYPE15M-26OCT042115-15,0.0230,19.64,yes
2026-10-05T01:10:10.702544Z,KXHYPE15M-26OCT042115-15,0.0200,10.00,yes
2026-10-05T01:10:10.702544Z,KXHYPE15M-26OCT042115-15,0.0270,0.30,yes
2026-10-05T01:10:10.702544Z,KXHYPE15M-26OCT042115-15,0.0220,100.00,yes
2026-10-05T01:10:11.097722Z,KXHYPE15M-26OCT042115-15,0.0130,2.00,no
2026-10-05T01:10:11.097722Z,KXHYPE15M-26OCT042115-15,0.0150,19.64,no
2026-10-05T01:10:11.097722Z,KXHYPE15M-26OCT042115-15,0.0160,31.00,no
2026-10-05T01:10:11.097722Z,KXHYPE15M-26OCT042115-15,0.0130,0.03,no
2026-10-05T01:10:11.097722Z,KXHYPE15M-26OCT042115-15,0.0150,0.03,no
2026-10-05T01:10:11.097722Z,KXHYPE15M-26OCT042115-15,0.0160,5.00,no
2026-10-05T01:10:11.097722Z,KXHYPE15M-26OCT042115-15,0.0130,1.58,no
2026-10-05T01:10:12.053971Z,KXHYPE15M-26OCT042115-15,0.0130,0.03,no
2026-10-05T01:10:12.053971Z,KXHYPE15M-26OCT042115-15,0.0120,0.03,no
2026-10-05T01:10:12.053971Z,KXHYPE15M-26OCT042115-15,0.0130,2.11,no
2026-10-05T01:10:12.053971Z,KXHYPE15M-26OCT042115-15,0.0120,36.97,no
2026-10-05T01:10:14.070168Z,KXHYPE15M-26OCT042115-15,0.0110,40.00,no
2026-10-05T01:10:14.070168Z,KXHYPE15M-26OCT042115-15,0.0110,2.00,no
2026-10-05T01:10:14.070168Z,KXHYPE15M-26OCT042115-15,0.0110,1.00,no
2026-10-05T01:10:14.070168Z,KXHYPE15M-26OCT042115-15,0.0110,7.63,no
2026-10-05T01:10:14.070168Z,KXHYPE15M-26OCT042115-15,0.0110,1.01,no
2026-10-05T01:10:14.070168Z,KXHYPE15M-26OCT042115-15,0.0110,7.48,no
2026-10-05T01:10:14.070168Z,KXHYPE15M-26OCT042115-15,0.0110,30.40,no
2026-10-05T01:10:14.070168Z,KXHYPE15M-26OCT042115-15,0.0110,0.03,no
2026-10-05T01:10:14.070168Z,KXHYPE15M-26OCT042115-15,0.0110,2.00,no
2026-10-05T01:10:14.070168Z,KXHYPE15M-26OCT042115-15,0.0110,2.00,no
2026-10-05T01:10:14.070168Z,KXHYPE15M-26OCT042115-15,0.0110,115.79,no
2026-10-05T01:10:14.070168Z,KXHYPE15M-26OCT042115-15,0.0110,0.58,no
2026-10-05T01:10:14.070168Z,KXHYPE15M-26OCT042115-15,0.0110,12.11,no
2026-10-05T01:10:24.016911Z,KXHYPE15M-26OCT042115-15,0.0100,10.00,no
2026-10-05T01:10:24.016911Z,KXHYPE15M-26OCT042115-15,0.0100,10.00,no
2026-10-05T01:10:26.070034Z,KXHYPE15M-26OCT042115-15,0.0100,21.24,no
2026-10-05T01:10:29.031503Z,KXHYPE15M-26OCT042115-15,0.0100,10.00,no
2026-10-05T01:10:31.507859Z,KXHYPE15M-26OCT042115-15,0.0110,10.00,yes
2026-10-05T01:10:31.507859Z,KXHYPE15M-26OCT042115-15,0.0140,0.03,yes
2026-10-05T01:10:31.507859Z,KXHYPE15M-26OCT042115-15,0.0130,5.00,yes
2026-10-05T01:10:31.507859Z,KXHYPE15M-26OCT042115-15,0.0120,0.18,yes
2026-10-05T01:10:31.507859Z,KXHYPE15M-26OCT042115-15,0.0130,0.03,yes
2026-10-05T01:10:31.507859Z,KXHYPE15M-26OCT042115-15,0.0130,0.18,yes
2026-10-05T01:10:31.507859Z,KXHYPE15M-26OCT042115-15,0.0110,10.00,yes
2026-10-05T01:10:31.507859Z,KXHYPE15M-26OCT042115-15,0.0110,5.00,yes
2026-10-05T01:10:31.507859Z,KXHYPE15M-26OCT042115-15,0.0110,0.18,yes
2026-10-05T01:10:31.507859Z,KXHYPE15M-26OCT042115-15,0.0110,21.24,yes
2026-10-05T01:10:31.507859Z,KXHYPE15M-26OCT042115-15,0.0120,0.03,yes
2026-10-05T01:10:31.507859Z,KXHYPE15M-26OCT042115-15,0.0110,0.03,yes
2026-10-05T01:10:31.507859Z,KXHYPE15M-26OCT042115-15,0.0150,0.16,yes
2026-10-05T01:10:31.507859Z,KXHYPE15M-26OCT042115-15,0.0140,0.16,yes
2026-10-05T01:10:31.507859Z,KXHYPE15M-26OCT042115-15,0.0150,38.83,yes
2026-10-05T01:10:32.890721Z,KXHYPE15M-26OCT042115-15,0.0150,0.57,yes
2026-10-05T01:10:42.231271Z,KXHYPE15M-26OCT042115-15,0.0080,0.03,no
2026-10-05T01:10:42.231271Z,KXHYPE15M-26OCT042115-15,0.0060,0.03,no
2026-10-05T01:10:42.231271Z,KXHYPE15M-26OCT042115-15,0.0110,5.00,no
2026-10-05T01:10:42.231271Z,KXHYPE15M-26OCT042115-15,0.0100,0.03,no
2026-10-05T01:10:42.231271Z,KXHYPE15M-26OCT042115-15,0.0110,0.03,no
2026-10-05T01:10:42.231271Z,KXHYPE15M-26OCT042115-15,0.0060,2.00,no
2026-10-05T01:10:42.231271Z,KXHYPE15M-26OCT042115-15,0.0060,42.00,no
2026-10-05T01:10:42.231271Z,KXHYPE15M-26OCT042115-15,0.0080,4.00,no
2026-10-05T01:10:42.231271Z,KXHYPE15M-26OCT042115-15,0.0100,2.00,no
2026-10-05T01:10:42.231271Z,KXHYPE15M-26OCT042115-15,0.0100,33.76,no
2026-10-05T01:10:42.231271Z,KXHYPE15M-26OCT042115-15,0.0050,1.21,no
2026-10-05T01:10:42.231271Z,KXHYPE15M-26OCT042115-15,0.0100,20.00,no
2026-10-05T01:10:42.290237Z,KXHYPE15M-26OCT042115-15,0.0050,68.24,no
2026-10-05T01:10:43.741123Z,KXHYPE15M-26OCT042115-15,0.0090,3.00,yes
2026-10-05T01:10:45.877851Z,KXHYPE15M-26OCT042115-15,0.0060,0.03,no
2026-10-05T01:10:45.877851Z,KXHYPE15M-26OCT042115-15,0.0060,1.00,no
2026-10-05T01:10:45.877851Z,KXHYPE15M-26OCT042115-15,0.0050,31.25,no
2026-10-05T01:10:46.705732Z,KXHYPE15M-26OCT042115-15,0.0100,93.51,yes
2026-10-05T01:10:50.582857Z,KXHYPE15M-26OCT042115-15,0.0100,23.02,yes
2026-10-05T01:10:50.582857Z,KXHYPE15M-26OCT042115-15,0.0100,0.03,yes
2026-10-05T01:10:50.582857Z,KXHYPE15M-26OCT042115-15,0.0100,5.00,yes
2026-10-05T01:10:51.055945Z,KXHYPE15M-26OCT042115-15,0.0100,9.35,yes
2026-10-05T01:10:57.897831Z,KXHYPE15M-26OCT042115-15,0.0140,10.37,yes
2026-10-05T01:10:57.897831Z,KXHYPE15M-26OCT042115-15,0.0140,68.24,yes
2026-10-05T01:10:57.897831Z,KXHYPE15M-26OCT042115-15,0.0140,0.18,yes
2026-10-05T01:10:57.897831Z,KXHYPE15M-26OCT042115-15,0.0140,1.21,yes
2026-10-05T01:11:01.077023Z,KXHYPE15M-26OCT042115-15,0.0060,0.03,no
2026-10-05T01:11:01.077023Z,KXHYPE15M-26OCT042115-15,0.0060,5.00,no
2026-10-05T01:11:01.077023Z,KXHYPE15M-26OCT042115-15,0.0050,11.01,no
2026-10-05T01:11:02.419641Z,KXHYPE15M-26OCT042115-15,0.0050,50.29,no
2026-10-05T01:11:02.419641Z,KXHYPE15M-26OCT042115-15,0.0050,110.43,no
2026-10-05T01:11:03.572617Z,KXHYPE15M-26OCT042115-15,0.0140,20.88,yes
2026-10-05T01:11:03.572617Z,KXHYPE15M-26OCT042115-15,0.0150,0.20,yes
2026-10-05T01:11:03.572617Z,KXHYPE15M-26OCT042115-15,0.0140,1.39,yes
2026-10-05T01:11:03.572617Z,KXHYPE15M-26OCT042115-15,0.0160,72.33,yes
2026-10-05T01:11:03.572617Z,KXHYPE15M-26OCT042115-15,0.0160,0.17,yes
2026-10-05T01:11:03.572617Z,KXHYPE15M-26OCT042115-15,0.0160,12.11,yes
2026-10-05T01:11:03.572617Z,KXHYPE15M-26OCT042115-15,0.0160,2.00,yes
2026-10-05T01:11:03.572617Z,KXHYPE15M-26OCT042115-15,0.0160,0.58,yes
2026-10-05T01:11:03.572617Z,KXHYPE15M-26OCT042115-15,0.0160,2.00,yes
2026-10-05T01:11:03.572617Z,KXHYPE15M-26OCT042115-15,0.0130,0.03,yes
2026-10-05T01:11:03.572617Z,KXHYPE15M-26OCT042115-15,0.0140,50.29,yes
2026-10-05T01:11:03.572617Z,KXHYPE15M-26OCT042115-15,0.0140,0.03,yes
2026-10-05T01:11:03.572617Z,KXHYPE15M-26OCT042115-15,0.0130,5.00,yes
2026-10-05T01:11:03.572617Z,KXHYPE15M-26OCT042115-15,0.0150,0.03,yes
2026-10-05T01:11:03.572617Z,KXHYPE15M-26OCT042115-15,0.0140,11.01,yes
2026-10-05T01:11:03.572617Z,KXHYPE15M-26OCT042115-15,0.0140,2.00,yes
2026-10-05T01:11:03.572617Z,KXHYPE15M-26OCT042115-15,0.0140,4.00,yes
2026-10-05T01:11:03.572617Z,KXHYPE15M-26OCT042115-15,0.0150,2.00,yes
2026-10-05T01:11:04.108284Z,KXHYPE15M-26OCT042115-15,0.0110,72.33,no
2026-10-05T01:11:04.108284Z,KXHYPE15M-26OCT042115-15,0.0090,5.00,no
2026-10-05T01:11:04.108284Z,KXHYPE15M-26OCT042115-15,0.0110,2.00,no
2026-10-05T01:11:04.108284Z,KXHYPE15M-26OCT042115-15,0.0110,0.03,no
2026-10-05T01:11:04.108284Z,KXHYPE15M-26OCT042115-15,0.0110,2.00,no
2026-10-05T01:11:04.108284Z,KXHYPE15M-26OCT042115-15,0.0110,12.11,no
2026-10-05T01:11:04.108284Z,KXHYPE15M-26OCT042115-15,0.0110,0.58,no
2026-10-05T01:11:05.70442Z,KXHYPE15M-26OCT042115-15,0.0140,0.03,yes
2026-10-05T01:11:05.70442Z,KXHYPE15M-26OCT042115-15,0.0140,5.00,yes
2026-10-05T01:11:05.70442Z,KXHYPE15M-26OCT042115-15,0.0150,0.47,yes
2026-10-05T01:11:05.70442Z,KXHYPE15M-26OCT042115-15,0.0150,0.18,yes
2026-10-05T01:11:07.340015Z,KXHYPE15M-26OCT042115-15,0.0140,60.13,yes
2026-10-05T01:11:12.539552Z,KXHYPE15M-26OCT042115-15,0.0150,100.00,yes
2026-10-05T01:11:12.539552Z,KXHYPE15M-26OCT042115-15,0.0150,0.03,yes
2026-10-05T01:11:12.539552Z,KXHYPE15M-26OCT042115-15,0.0150,0.18,yes
2026-10-05T01:11:12.539552Z,KXHYPE15M-26OCT042115-15,0.0150,48.00,yes
2026-10-05T01:11:17.357276Z,KXHYPE15M-26OCT042115-15,0.0160,2.92,yes
2026-10-05T01:11:23.011861Z,KXHYPE15M-26OCT042115-15,0.0100,0.03,no
2026-10-05T01:11:23.011861Z,KXHYPE15M-26OCT042115-15,0.0100,75.00,no
2026-10-05T01:11:23.011861Z,KXHYPE15M-26OCT042115-15,0.0060,15.48,no
2026-10-05T01:11:23.011861Z,KXHYPE15M-26OCT042115-15,0.0060,0.03,no
2026-10-05T01:11:23.011861Z,KXHYPE15M-26OCT042115-15,0.0070,0.03,no
2026-10-05T01:11:23.011861Z,KXHYPE15M-26OCT042115-15,0.0070,4.00,no
2026-10-05T01:11:23.011861Z,KXHYPE15M-26OCT042115-15,0.0110,0.03,no
2026-10-05T01:11:23.011861Z,KXHYPE15M-26OCT042115-15,0.0060,5.00,no
2026-10-05T01:11:23.011861Z,KXHYPE15M-26OCT042115-15,0.0110,2.92,no
2026-10-05T01:11:23.011861Z,KXHYPE15M-26OCT042115-15,0.0060,2.00,no
2026-10-05T01:11:41.451531Z,KXHYPE15M-26OCT042115-15,0.0130,0.03,yes
2026-10-05T01:11:41.451531Z,KXHYPE15M-26OCT042115-15,0.0120,0.03,yes
2026-10-05T01:11:41.451531Z,KXHYPE15M-26OCT042115-15,0.0130,9.32,yes
2026-10-05T01:11:41.451531Z,KXHYPE15M-26OCT042115-15,0.0120,5.00,yes
2026-10-05T01:11:43.792734Z,KXHYPE15M-26OCT042115-15,0.0160,9.94,yes
2026-10-05T01:11:43.792734Z,KXHYPE15M-26OCT042115-15,0.0130,65.68,yes
2026-10-05T01:11:43.792734Z,KXHYPE15M-26OCT042115-15,0.0140,4.00,yes
2026-10-05T01:11:43.792734Z,KXHYPE15M-26OCT042115-15,0.0150,0.18,yes
2026-10-05T01:11:43.792734Z,KXHYPE15M-26OCT042115-15,0.0150,0.03,yes
2026-10-05T01:11:43.792734Z,KXHYPE15M-26OCT042115-15,0.0140,0.03,yes
2026-10-05T01:11:43.792734Z,KXHYPE15M-26OCT042115-15,0.0150,48.00,yes
2026-10-05T01:11:43.792734Z,KXHYPE15M-26OCT042115-15,0.0130,2.00,yes
2026-10-05T01:11:43.792734Z,KXHYPE15M-26OCT042115-15,0.0130,0.03,yes
2026-10-05T01:11:43.792734Z,KXHYPE15M-26OCT042115-15,0.0140,2.00,yes
2026-10-05T01:11:44.119131Z,KXHYPE15M-26OCT042115-15,0.0110,9.94,no
2026-10-05T01:11:46.171118Z,KXHYPE15M-26OCT042115-15,0.0060,6.12,no
2026-10-05T01:11:46.171118Z,KXHYPE15M-26OCT042115-15,0.0070,2.00,no
2026-10-05T01:11:46.171118Z,KXHYPE15M-26OCT042115-15,0.0060,0.03,no
2026-10-05T01:11:46.171118Z,KXHYPE15M-26OCT042115-15,0.0070,0.03,no
2026-10-05T01:11:46.171118Z,KXHYPE15M-26OCT042115-15,0.0060,28.00,no
2026-10-05T01:11:47.825104Z,KXHYPE15M-26OCT042115-15,0.0160,18.71,yes
2026-10-05T01:11:47.825104Z,KXHYPE15M-26OCT042115-15,0.0150,2.00,yes
2026-10-05T01:11:47.825104Z,KXHYPE15M-26OCT042115-15,0.0140,2.00,yes
2026-10-05T01:11:47.825104Z,KXHYPE15M-26OCT042115-15,0.0150,0.03,yes
2026-10-05T01:11:47.825104Z,KXHYPE15M-26OCT042115-15,0.0140,0.03,yes
2026-10-05T01:11:48.466216Z,KXHYPE15M-26OCT042115-15,0.0110,18.71,no
2026-10-05T01:11:57.196712Z,KXHYPE15M-26OCT042115-15,0.0070,1.00,no
2026-10-05T01:12:02.891259Z,KXHYPE15M-26OCT042115-15,0.0070,2.00,no
2026-10-05T01:12:06.017496Z,KXHYPE15M-26OCT042115-15,0.0070,1.00,no
2026-10-05T01:12:06.804664Z,KXHYPE15M-26OCT042115-15,0.0070,0.03,no
2026-10-05T01:12:06.804664Z,KXHYPE15M-26OCT042115-15,0.0070,2.00,no
2026-10-05T01:12:06.804664Z,KXHYPE15M-26OCT042115-15,0.0070,35.00,no
2026-10-05T01:12:07.010965Z,KXHYPE15M-26OCT042115-15,0.0060,2.00,no
2026-10-05T01:12:07.010965Z,KXHYPE15M-26OCT042115-15,0.0060,1.00,no
2026-10-05T01:12:07.010965Z,KXHYPE15M-26OCT042115-15,0.0060,4.00,no
2026-10-05T01:12:07.010965Z,KXHYPE15M-26OCT042115-15,0.0060,0.03,no
2026-10-05T01:12:13.100306Z,KXHYPE15M-26OCT042115-15,0.0100,5.00,no
2026-10-05T01:12:13.100306Z,KXHYPE15M-26OCT042115-15,0.0110,10.00,no
2026-10-05T01:12:16.363087Z,KXHYPE15M-26OCT042115-15,0.0140,4.00,yes
2026-10-05T01:12:16.363087Z,KXHYPE15M-26OCT042115-15,0.0140,0.03,yes
2026-10-05T01:12:16.363087Z,KXHYPE15M-26OCT042115-15,0.0160,30.40,yes
2026-10-05T01:12:16.363087Z,KXHYPE15M-26OCT042115-15,0.0160,11.89,yes
2026-10-05T01:12:16.363087Z,KXHYPE15M-26OCT042115-15,0.0160,6.24,yes
2026-10-05T01:12:17.13322Z,KXHYPE15M-26OCT042115-15,0.0110,0.03,no
2026-10-05T01:12:17.13322Z,KXHYPE15M-26OCT042115-15,0.0110,6.24,no
2026-10-05T01:12:17.13322Z,KXHYPE15M-26OCT042115-15,0.0110,30.40,no
2026-10-05T01:12:17.13322Z,KXHYPE15M-26OCT042115-15,0.0110,11.89,no
2026-10-05T01:12:29.618395Z,KXHYPE15M-26OCT042115-15,0.0100,5.81,yes
2026-10-05T01:12:33.112047Z,KXHYPE15M-26OCT042115-15,0.0130,0.03,yes
2026-10-05T01:12:33.112047Z,KXHYPE15M-26OCT042115-15,0.0100,0.03,yes
2026-10-05T01:12:33.112047Z,KXHYPE15M-26OCT042115-15,0.0100,34.19,yes
2026-10-05T01:12:33.112047Z,KXHYPE15M-26OCT042115-15,0.0130,2.00,yes
2026-10-05T01:12:33.112047Z,KXHYPE15M-26OCT042115-15,0.0150,3.74,yes
2026-10-05T01:12:33.112047Z,KXHYPE15M-26OCT042115-15,0.0140,0.03,yes
2026-10-05T01:12:33.112047Z,KXHYPE15M-26OCT042115-15,0.0140,2.00,yes
2026-10-05T01:12:33.907596Z,KXHYPE15M-26OCT042115-15,0.0050,33.42,no
2026-10-05T01:12:33.907596Z,KXHYPE15M-26OCT042115-15,0.0060,0.03,no
2026-10-05T01:12:33.907596Z,KXHYPE15M-26OCT042115-15,0.0060,2.00,no
2026-10-05T01:12:40.308845Z,KXHYPE15M-26OCT042115-15,0.0050,81.15,no
2026-10-05T01:12:40.308845Z,KXHYPE15M-26OCT042115-15,0.0050,19.31,no
2026-10-05T01:12:46.266776Z,KXHYPE15M-26OCT042115-15,0.0160,1.00,yes
2026-10-05T01:12:46.266776Z,KXHYPE15M-26OCT042115-15,0.0160,7.63,yes
2026-10-05T01:12:46.266776Z,KXHYPE15M-26OCT042115-15,0.0160,1.01,yes
2026-10-05T01:12:46.266776Z,KXHYPE15M-26OCT042115-15,0.0160,1.24,yes
2026-10-05T01:12:46.266776Z,KXHYPE15M-26OCT042115-15,0.0160,12.11,yes
2026-10-05T01:12:46.266776Z,KXHYPE15M-26OCT042115-15,0.0160,2.00,yes
2026-10-05T01:12:46.266776Z,KXHYPE15M-26OCT042115-15,0.0160,24.47,yes
2026-10-05T01:12:46.266776Z,KXHYPE15M-26OCT042115-15,0.0160,2.00,yes
2026-10-05T01:12:46.266776Z,KXHYPE15M-26OCT042115-15,0.0160,0.58,yes
2026-10-05T01:12:46.266776Z,KXHYPE15M-26OCT042115-15,0.0130,2.00,yes
2026-10-05T01:12:46.266776Z,KXHYPE15M-26OCT042115-15,0.0090,1.00,yes
2026-10-05T01:12:46.266776Z,KXHYPE15M-26OCT042115-15,0.0090,0.03,yes
2026-10-05T01:12:46.266776Z,KXHYPE15M-26OCT042115-15,0.0130,0.03,yes
2026-10-05T01:12:46.266776Z,KXHYPE15M-26OCT042115-15,0.0150,5.00,yes
2026-10-05T01:12:46.266776Z,KXHYPE15M-26OCT042115-15,0.0150,0.03,yes
2026-10-05T01:12:46.266776Z,KXHYPE15M-26OCT042115-15,0.0100,0.03,yes
2026-10-05T01:12:46.266776Z,KXHYPE15M-26OCT042115-15,0.0100,30.00,yes
2026-10-05T01:12:46.266776Z,KXHYPE15M-26OCT042115-15,0.0100,80.00,yes
2026-10-05T01:12:46.266776Z,KXHYPE15M-26OCT042115-15,0.0120,2.00,yes
2026-10-05T01:12:46.266776Z,KXHYPE15M-26OCT042115-15,0.0120,0.03,yes
2026-10-05T01:12:46.266776Z,KXHYPE15M-26OCT042115-15,0.0150,48.00,yes
2026-10-05T01:12:49.200275Z,KXHYPE15M-26OCT042115-15,0.0060,2.00,no
2026-10-05T01:12:49.200275Z,KXHYPE15M-26OCT042115-15,0.0060,1.00,no
2026-10-05T01:12:51.719601Z,KXHYPE15M-26OCT042115-15,0.0160,45.61,yes
2026-10-05T01:12:51.719601Z,KXHYPE15M-26OCT042115-15,0.0070,5.00,yes
2026-10-05T01:12:51.719601Z,KXHYPE15M-26OCT042115-15,0.0150,0.03,yes
2026-10-05T01:12:51.719601Z,KXHYPE15M-26OCT042115-15,0.0150,48.00,yes
2026-10-05T01:12:51.719601Z,KXHYPE15M-26OCT042115-15,0.0100,30.00,yes
2026-10-05T01:12:51.719601Z,KXHYPE15M-26OCT042115-15,0.0100,0.03,yes
2026-10-05T01:12:51.719601Z,KXHYPE15M-26OCT042115-15,0.0150,2.00,yes
2026-10-05T01:12:51.719601Z,KXHYPE15M-26OCT042115-15,0.0140,2.00,yes
2026-10-05T01:12:51.719601Z,KXHYPE15M-26OCT042115-15,0.0140,0.03,yes
2026-10-05T01:12:51.854282Z,KXHYPE15M-26OCT042115-15,0.0110,2.02,no
2026-10-05T01:12:52.096051Z,KXHYPE15M-26OCT042115-15,0.0110,43.59,no
2026-10-05T01:12:52.096051Z,KXHYPE15M-26OCT042115-15,0.0080,0.03,no
2026-10-05T01:12:52.096051Z,KXHYPE15M-26OCT042115-15,0.0110,0.03,no
2026-10-05T01:12:52.096051Z,KXHYPE15M-26OCT042115-15,0.0080,5.00,no
2026-10-05T01:12:53.074632Z,KXHYPE15M-26OCT042115-15,0.0050,11.00,no
2026-10-05T01:12:53.074632Z,KXHYPE15M-26OCT042115-15,0.0050,80.69,no
2026-10-05T01:12:53.074632Z,KXHYPE15M-26OCT042115-15,0.0050,0.03,no
2026-10-05T01:12:53.074632Z,KXHYPE15M-26OCT042115-15,0.0060,52.04,no
2026-10-05T01:12:53.074632Z,KXHYPE15M-26OCT042115-15,0.0060,0.03,no
2026-10-05T01:12:53.074632Z,KXHYPE15M-26OCT042115-15,0.0070,63.00,no
2026-10-05T01:12:53.074632Z,KXHYPE15M-26OCT042115-15,0.0070,0.03,no
2026-10-05T01:12:53.074632Z,KXHYPE15M-26OCT042115-15,0.0070,2.00,no
2026-10-05T01:12:53.074632Z,KXHYPE15M-26OCT042115-15,0.0060,2.00,no
2026-10-05T01:12:54.189576Z,KXHYPE15M-26OCT042115-15,0.0040,1.00,no
2026-10-05T01:12:54.189576Z,KXHYPE15M-26OCT042115-15,0.0040,13.00,no
2026-10-05T01:12:54.189576Z,KXHYPE15M-26OCT042115-15,0.0040,1.00,no
2026-10-05T01:12:54.189576Z,KXHYPE15M-26OCT042115-15,0.0040,1.00,no
2026-10-05T01:12:54.189576Z,KXHYPE15M-26OCT042115-15,0.0040,1.00,no
2026-10-05T01:12:54.189576Z,KXHYPE15M-26OCT042115-15,0.0040,1.00,no
2026-10-05T01:12:54.189576Z,KXHYPE15M-26OCT042115-15,0.0040,1.95,no
2026-10-05T01:12:54.189576Z,KXHYPE15M-26OCT042115-15,0.0040,0.03,no
2026-10-05T01:12:54.189576Z,KXHYPE15M-26OCT042115-15,0.0040,4.00,no
2026-10-05T01:12:54.189576Z,KXHYPE15M-26OCT042115-15,0.0040,1.11,no
2026-10-05T01:12:55.097659Z,KXHYPE15M-26OCT042115-15,0.0090,98.71,yes
2026-10-05T01:12:55.097659Z,KXHYPE15M-26OCT042115-15,0.0080,5.00,yes
2026-10-05T01:12:55.097659Z,KXHYPE15M-26OCT042115-15,0.0080,0.03,yes
2026-10-05T01:12:57.819332Z,KXHYPE15M-26OCT042115-15,0.0100,91.51,yes
2026-10-05T01:12:57.819332Z,KXHYPE15M-26OCT042115-15,0.0090,0.12,yes
2026-10-05T01:12:57.819332Z,KXHYPE15M-26OCT042115-15,0.0080,0.11,yes
2026-10-05T01:12:57.819332Z,KXHYPE15M-26OCT042115-15,0.0100,0.13,yes
2026-10-05T01:12:58.172448Z,KXHYPE15M-26OCT042115-15,0.0040,31.00,no
2026-10-05T01:13:01.050332Z,KXHYPE15M-26OCT042115-15,0.0450,0.10,yes
2026-10-05T01:13:01.050332Z,KXHYPE15M-26OCT042115-15,0.0440,0.09,yes
2026-10-05T01:13:01.050332Z,KXHYPE15M-26OCT042115-15,0.0460,0.10,yes
2026-10-05T01:13:01.050332Z,KXHYPE15M-26OCT042115-15,0.0470,0.11,yes
2026-10-05T01:13:01.050332Z,KXHYPE15M-26OCT042115-15,0.0430,0.33,yes
2026-10-05T01:13:01.050332Z,KXHYPE15M-26OCT042115-15,0.0390,0.23,yes
2026-10-05T01:13:01.050332Z,KXHYPE15M-26OCT042115-15,0.0370,0.19,yes
2026-10-05T01:13:01.050332Z,KXHYPE15M-26OCT042115-15,0.0410,0.27,yes
2026-10-05T01:13:01.050332Z,KXHYPE15M-26OCT042115-15,0.0360,0.17,yes
2026-10-05T01:13:01.050332Z,KXHYPE15M-26OCT042115-15,0.0400,0.25,yes
2026-10-05T01:13:01.050332Z,KXHYPE15M-26OCT042115-15,0.0420,0.30,yes
2026-10-05T01:13:01.050332Z,KXHYPE15M-26OCT042115-15,0.0380,0.21,yes
2026-10-05T01:13:01.050332Z,KXHYPE15M-26OCT042115-15,0.0330,0.13,yes
2026-10-05T01:13:01.050332Z,KXHYPE15M-26OCT042115-15,0.0350,0.16,yes
2026-10-05T01:13:01.050332Z,KXHYPE15M-26OCT042115-15,0.0340,0.14,yes
2026-10-05T01:13:01.050332Z,KXHYPE15M-26OCT042115-15,0.0310,0.11,yes
2026-10-05T01:13:01.050332Z,KXHYPE15M-26OCT042115-15,0.0320,0.12,yes
2026-10-05T01:13:01.050332Z,KXHYPE15M-26OCT042115-15,0.0100,0.03,yes
2026-10-05T01:13:01.050332Z,KXHYPE15M-26OCT042115-15,0.0200,70.00,yes
2026-10-05T01:13:01.050332Z,KXHYPE15M-26OCT042115-15,0.0140,5.00,yes
2026-10-05T01:13:01.050332Z,KXHYPE15M-26OCT042115-15,0.0410,75.00,yes
2026-10-05T01:13:01.050332Z,KXHYPE15M-26OCT042115-15,0.0200,780.00,yes
2026-10-05T01:13:01.050332Z,KXHYPE15M-26OCT042115-15,0.0410,25.00,yes
2026-10-05T01:13:01.050332Z,KXHYPE15M-26OCT042115-15,0.0240,4.03,yes
2026-10-05T01:13:01.050332Z,KXHYPE15M-26OCT042115-15,0.0100,3.32,yes
2026-10-05T01:13:01.050332Z,KXHYPE15M-26OCT042115-15,0.0340,4.00,yes
2026-10-05T01:13:01.050332Z,KXHYPE15M-26OCT042115-15,0.0500,45.00,yes
2026-10-05T01:13:01.050332Z,KXHYPE15M-26OCT042115-15,0.0260,8.47,yes
2026-10-05T01:13:01.050332Z,KXHYPE15M-26OCT042115-15,0.0310,5.00,yes
2026-10-05T01:13:01.050332Z,KXHYPE15M-26OCT042115-15,0.0110,0.03,yes
2026-10-05T01:13:01.050332Z,KXHYPE15M-26OCT042115-15,0.0150,0.03,yes
2026-10-05T01:13:01.050332Z,KXHYPE15M-26OCT042115-15,0.0410,60.00,yes
2026-10-05T01:13:01.050332Z,KXHYPE15M-26OCT042115-15,0.0410,60.00,yes
2026-10-05T01:13:01.050332Z,KXHYPE15M-26OCT042115-15,0.0110,100.00,yes
2026-10-05T01:13:01.050332Z,KXHYPE15M-26OCT042115-15,0.0410,40.00,yes
2026-10-05T01:13:01.050332Z,KXHYPE15M-26OCT042115-15,0.0500,55.00,yes
2026-10-05T01:13:01.050332Z,KXHYPE15M-26OCT042115-15,0.0410,6.00,yes
2026-10-05T01:13:01.050332Z,KXHYPE15M-26OCT042115-15,0.0270,8.48,yes
2026-10-05T01:13:01.050332Z,KXHYPE15M-26OCT042115-15,0.0150,48.00,yes
2026-10-05T01:13:01.050332Z,KXHYPE15M-26OCT042115-15,0.0170,0.03,yes
2026-10-05T01:13:01.050332Z,KXHYPE15M-26OCT042115-15,0.0180,0.03,yes
2026-10-05T01:13:01.050332Z,KXHYPE15M-26OCT042115-15,0.0160,0.03,yes
2026-10-05T01:13:01.050332Z,KXHYPE15M-26OCT042115-15,0.0160,43.59,yes
2026-10-05T01:13:01.050332Z,KXHYPE15M-26OCT042115-15,0.0140,0.03,yes
2026-10-05T01:13:01.050332Z,KXHYPE15M-26OCT042115-15,0.0110,52.04,yes
2026-10-05T01:13:01.050332Z,KXHYPE15M-26OCT042115-15,0.0140,2.00,yes
2026-10-05T01:13:01.050332Z,KXHYPE15M-26OCT042115-15,0.0130,2.00,yes
2026-10-05T01:13:01.050332Z,KXHYPE15M-26OCT042115-15,0.0160,2.02,yes
2026-10-05T01:13:01.050332Z,KXHYPE15M-26OCT042115-15,0.0130,0.17,yes
2026-10-05T01:13:01.050332Z,KXHYPE15M-26OCT042115-15,0.0150,0.21,yes
2026-10-05T01:13:01.050332Z,KXHYPE15M-26OCT042115-15,0.0470,37.98,yes
2026-10-05T01:13:01.050332Z,KXHYPE15M-26OCT042115-15,0.0110,0.14,yes
2026-10-05T01:13:01.050332Z,KXHYPE15M-26OCT042115-15,0.0120,0.16,yes
2026-10-05T01:13:01.050332Z,KXHYPE15M-26OCT042115-15,0.0130,0.03,yes
2026-10-05T01:13:01.050332Z,KXHYPE15M-26OCT042115-15,0.0140,0.19,yes
2026-10-05T01:13:01.050332Z,KXHYPE15M-26OCT042115-15,0.0310,20.00,yes
2026-10-05T01:13:01.050332Z,KXHYPE15M-26OCT042115-15,0.0300,30.00,yes
2026-10-05T01:13:01.050332Z,KXHYPE15M-26OCT042115-15,0.0120,0.03,yes
2026-10-05T01:13:01.050332Z,KXHYPE15M-26OCT042115-15,0.0500,5.00,yes
2026-10-05T01:13:01.050332Z,KXHYPE15M-26OCT042115-15,0.0280,8.49,yes
2026-10-05T01:13:01.050332Z,KXHYPE15M-26OCT042115-15,0.0280,8.49,yes
2026-10-05T01:13:01.050332Z,KXHYPE15M-26OCT042115-15,0.0510,62.15,yes
2026-10-05T01:13:01.050332Z,KXHYPE15M-26OCT042115-15,0.0260,8.47,yes
2026-10-05T01:13:01.050332Z,KXHYPE15M-26OCT042115-15,0.0270,8.48,yes
2026-10-05T01:13:01.050332Z,KXHYPE15M-26OCT042115-15,0.0190,0.03,yes
2026-10-05T01:13:01.050332Z,KXHYPE15M-26OCT042115-15,0.0160,6.24,yes
2026-10-05T01:13:01.050332Z,KXHYPE15M-26OCT042115-15,0.0160,30.40,yes
2026-10-05T01:13:01.050332Z,KXHYPE15M-26OCT042115-15,0.0160,11.89,yes
2026-10-05T01:13:01.050332Z,KXHYPE15M-26OCT042115-15,0.0160,9.94,yes
2026-10-05T01:13:01.050332Z,KXHYPE15M-26OCT042115-15,0.0160,18.71,yes
2026-10-05T01:13:01.050332Z,KXHYPE15M-26OCT042115-15,0.0160,2.92,yes
2026-10-05T01:13:01.050332Z,KXHYPE15M-26OCT042115-15,0.0160,2.25,yes
2026-10-05T01:13:01.050332Z,KXHYPE15M-26OCT042115-15,0.0160,0.20,yes
2026-10-05T01:13:01.050332Z,KXHYPE15M-26OCT042115-15,0.0460,1.00,yes
2026-10-05T01:13:01.050332Z,KXHYPE15M-26OCT042115-15,0.0240,1.00,yes
2026-10-05T01:13:01.050332Z,KXHYPE15M-26OCT042115-15,0.0350,1.00,yes
2026-10-05T01:13:01.050332Z,KXHYPE15M-26OCT042115-15,0.0400,1.00,yes
2026-10-05T01:13:01.050332Z,KXHYPE15M-26OCT042115-15,0.0200,0.03,yes
2026-10-05T01:13:01.050332Z,KXHYPE15M-26OCT042115-15,0.0210,0.03,yes
2026-10-05T01:13:01.050332Z,KXHYPE15M-26OCT042115-15,0.0180,0.22,yes
2026-10-05T01:13:01.050332Z,KXHYPE15M-26OCT042115-15,0.0170,0.19,yes
2026-10-05T01:13:01.050332Z,KXHYPE15M-26OCT042115-15,0.0190,0.13,yes
2026-10-05T01:13:01.050332Z,KXHYPE15M-26OCT042115-15,0.0240,0.25,yes
2026-10-05T01:13:01.050332Z,KXHYPE15M-26OCT042115-15,0.0210,0.19,yes
2026-10-05T01:13:01.050332Z,KXHYPE15M-26OCT042115-15,0.0220,0.20,yes
2026-10-05T01:13:01.050332Z,KXHYPE15M-26OCT042115-15,0.0230,0.22,yes
2026-10-05T01:13:01.050332Z,KXHYPE15M-26OCT042115-15,0.0200,0.17,yes
2026-10-05T01:13:01.050332Z,KXHYPE15M-26OCT042115-15,0.0300,0.21,yes
2026-10-05T01:13:01.050332Z,KXHYPE15M-26OCT042115-15,0.0260,0.15,yes
2026-10-05T01:13:01.050332Z,KXHYPE15M-26OCT042115-15,0.0250,0.13,yes
2026-10-05T01:13:01.050332Z,KXHYPE15M-26OCT042115-15,0.0270,0.16,yes
2026-10-05T01:13:01.050332Z,KXHYPE15M-26OCT042115-15,0.0280,0.17,yes
2026-10-05T01:13:01.050332Z,KXHYPE15M-26OCT042115-15,0.0290,0.19,yes
2026-10-05T01:13:01.104365Z,KXHYPE15M-26OCT042115-15,0.0110,45.00,no
2026-10-05T01:13:01.337687Z,KXHYPE15M-26OCT042115-15,0.0120,0.57,no
2026-10-05T01:13:01.337687Z,KXHYPE15M-26OCT042115-15,0.0140,1.43,no
2026-10-05T01:13:01.395604Z,KXHYPE15M-26OCT042115-15,0.0120,5.00,no
2026-10-05T01:13:01.395604Z,KXHYPE15M-26OCT042115-15,0.0120,11.00,no
2026-10-05T01:13:01.64671Z,KXHYPE15M-26OCT042115-15,0.0140,5.00,yes
2026-10-05T01:13:01.64671Z,KXHYPE15M-26OCT042115-15,0.0150,10.00,yes
2026-10-05T01:13:01.75249Z,KXHYPE15M-26OCT042115-15,0.0150,1.00,no
2026-10-05T01:13:01.809391Z,KXHYPE15M-26OCT042115-15,0.0200,39.51,yes
2026-10-05T01:13:01.809391Z,KXHYPE15M-26OCT042115-15,0.0160,2.00,yes
2026-10-05T01:13:01.809391Z,KXHYPE15M-26OCT042115-15,0.0160,45.00,yes
2026-10-05T01:13:01.809391Z,KXHYPE15M-26OCT042115-15,0.0170,2.00,yes
2026-10-05T01:13:01.809391Z,KXHYPE15M-26OCT042115-15,0.0160,5.00,yes
2026-10-05T01:13:01.92765Z,KXHYPE15M-26OCT042115-15,0.0150,5.00,no
2026-10-05T01:13:02.103713Z,KXHYPE15M-26OCT042115-15,0.0110,9.94,no
2026-10-05T01:13:02.103713Z,KXHYPE15M-26OCT042115-15,0.0110,45.00,no
2026-10-05T01:13:02.103713Z,KXHYPE15M-26OCT042115-15,0.0110,2.02,no
2026-10-05T01:13:02.103713Z,KXHYPE15M-26OCT042115-15,0.0110,2.25,no
2026-10-05T01:13:02.103713Z,KXHYPE15M-26OCT042115-15,0.0110,30.40,no
2026-10-05T01:13:02.103713Z,KXHYPE15M-26OCT042115-15,0.0110,6.24,no
2026-10-05T01:13:02.103713Z,KXHYPE15M-26OCT042115-15,0.0110,18.71,no
2026-10-05T01:13:02.103713Z,KXHYPE15M-26OCT042115-15,0.0110,2.92,no
2026-10-05T01:13:02.103713Z,KXHYPE15M-26OCT042115-15,0.0110,43.59,no
2026-10-05T01:13:02.103713Z,KXHYPE15M-26OCT042115-15,0.0110,7.04,no
2026-10-05T01:13:02.103713Z,KXHYPE15M-26OCT042115-15,0.0110,11.89,no
2026-10-05T01:13:02.103713Z,KXHYPE15M-26OCT042115-15,0.0150,34.00,no
2026-10-05T01:13:02.103713Z,KXHYPE15M-26OCT042115-15,0.0120,37.00,no
2026-10-05T01:13:03.067433Z,KXHYPE15M-26OCT042115-15,0.0080,2.00,no
2026-10-05T01:13:03.067433Z,KXHYPE15M-26OCT042115-15,0.0090,2.00,no
2026-10-05T01:13:03.067433Z,KXHYPE15M-26OCT042115-15,0.0090,43.57,no
2026-10-05T01:13:06.323037Z,KXHYPE15M-26OCT042115-15,0.0070,4.00,no
2026-10-05T01:13:08.279684Z,KXHYPE15M-26OCT042115-15,0.0050,2.00,no
2026-10-05T01:13:08.279684Z,KXHYPE15M-26OCT042115-15,0.0060,2.00,no
2026-10-05T01:13:08.279684Z,KXHYPE15M-26OCT042115-15,0.0040,25.97,no
2026-10-05T01:13:08.279684Z,KXHYPE15M-26OCT042115-15,0.0050,0.03,no
2026-10-05T01:13:08.279684Z,KXHYPE15M-26OCT042115-15,0.0060,0.03,no
2026-10-05T01:13:14.201563Z,KXHYPE15M-26OCT042115-15,0.0040,8.97,no
2026-10-05T01:13:14.201563Z,KXHYPE15M-26OCT042115-15,0.0040,22.03,no
2026-10-05T01:13:20.539568Z,KXHYPE15M-26OCT042115-15,0.0020,135.24,no
2026-10-05T01:13:20.539568Z,KXHYPE15M-26OCT042115-15,0.0030,250.00,no
2026-10-05T01:13:20.539568Z,KXHYPE15M-26OCT042115-15,0.0030,18.00,no
2026-10-05T01:13:20.539568Z,KXHYPE15M-26OCT042115-15,0.0030,2.00,no
2026-10-05T01:13:20.539568Z,KXHYPE15M-26OCT042115-15,0.0030,2.00,no
2026-10-05T01:13:20.539568Z,KXHYPE15M-26OCT042115-15,0.0030,2.00,no
2026-10-05T01:13:20.539568Z,KXHYPE15M-26OCT042115-15,0.0030,2.00,no
2026-10-05T01:13:20.539568Z,KXHYPE15M-26OCT042115-15,0.0030,2.00,no
2026-10-05T01:13:20.539568Z,KXHYPE15M-26OCT042115-15,0.0030,2.00,no
2026-10-05T01:13:20.539568Z,KXHYPE15M-26OCT042115-15,0.0040,1.00,no
2026-10-05T01:13:20.539568Z,KXHYPE15M-26OCT042115-15,0.0040,2.00,no
2026-10-05T01:13:21.030717Z,KXHYPE15M-26OCT042115-15,0.0020,64.76,no
2026-10-05T01:13:21.030717Z,KXHYPE15M-26OCT042115-15,0.0020,400.00,no
2026-10-05T01:13:21.030717Z,KXHYPE15M-26OCT042115-15,0.0020,36.17,no
2026-10-05T01:13:23.044768Z,KXHYPE15M-26OCT042115-15,0.0020,141.51,no
2026-10-05T01:13:24.018986Z,KXHYPE15M-26OCT042115-15,0.0020,199.45,no
2026-10-05T01:13:24.410624Z,KXHYPE15M-26OCT042115-15,0.0050,107.53,yes
2026-10-05T01:13:24.410624Z,KXHYPE15M-26OCT042115-15,0.0040,57.00,yes
2026-10-05T01:13:26.28818Z,KXHYPE15M-26OCT042115-15,0.0060,200.00,yes
2026-10-05T01:13:26.28818Z,KXHYPE15M-26OCT042115-15,0.0070,0.09,yes
2026-10-05T01:13:26.28818Z,KXHYPE15M-26OCT042115-15,0.0050,91.92,yes
2026-10-05T01:13:26.28818Z,KXHYPE15M-26OCT042115-15,0.0070,26.75,yes
2026-10-05T01:13:26.28818Z,KXHYPE15M-26OCT042115-15,0.0060,0.11,yes
2026-10-05T01:13:26.28818Z,KXHYPE15M-26OCT042115-15,0.0050,0.15,yes
2026-10-05T01:13:30.171801Z,KXHYPE15M-26OCT042115-15,0.0020,122.87,no
2026-10-05T01:13:30.171801Z,KXHYPE15M-26OCT042115-15,0.0020,26.00,no
2026-10-05T01:13:30.171801Z,KXHYPE15M-26OCT042115-15,0.0020,3.00,no
2026-10-05T01:13:30.171801Z,KXHYPE15M-26OCT042115-15,0.0020,3.00,no
2026-10-05T01:13:30.171801Z,KXHYPE15M-26OCT042115-15,0.0020,3.00,no
2026-10-05T01:13:30.171801Z,KXHYPE15M-26OCT042115-15,0.0020,3.00,no
2026-10-05T01:13:30.171801Z,KXHYPE15M-26OCT042115-15,0.0020,3.00,no
2026-10-05T01:13:30.171801Z,KXHYPE15M-26OCT042115-15,0.0020,1.00,no
2026-10-05T01:13:30.171801Z,KXHYPE15M-26OCT042115-15,0.0020,3.00,no
2026-10-05T01:13:30.171801Z,KXHYPE15M-26OCT042115-15,0.0020,135.13,no
2026-10-05T01:13:30.171801Z,KXHYPE15M-26OCT042115-15,0.0020,5.00,no
2026-10-05T01:13:30.171801Z,KXHYPE15M-26OCT042115-15,0.0020,2.00,no
2026-10-05T01:13:30.171801Z,KXHYPE15M-26OCT042115-15,0.0020,1.00,no
2026-10-05T01:13:30.171801Z,KXHYPE15M-26OCT042115-15,0.0020,2.00,no
2026-10-05T01:13:31.478893Z,KXHYPE15M-26OCT042115-15,0.0020,53.00,no
2026-10-05T01:13:32.213114Z,KXHYPE15M-26OCT042115-15,0.0020,28.56,no
2026-10-05T01:13:32.213114Z,KXHYPE15M-26OCT042115-15,0.0020,2.00,no
2026-10-05T01:13:32.213114Z,KXHYPE15M-26OCT042115-15,0.0020,11.87,no
2026-10-05T01:13:34.260654Z,KXHYPE15M-26OCT042115-15,0.0030,6.23,yes
2026-10-05T01:13:36.879408Z,KXHYPE15M-26OCT042115-15,0.0030,155.79,yes
2026-10-05T01:13:37.575995Z,KXHYPE15M-26OCT042115-15,0.0020,0.03,no
2026-10-05T01:13:37.575995Z,KXHYPE15M-26OCT042115-15,0.0020,471.44,no
2026-10-05T01:13:38.0697Z,KXHYPE15M-26OCT042115-15,0.0020,239.46,yes
2026-10-05T01:13:40.624943Z,KXHYPE15M-26OCT042115-15,0.0020,448.66,yes
2026-10-05T01:13:42.285123Z,KXHYPE15M-26OCT042115-15,0.0010,60.72,no
2026-10-05T01:13:43.279115Z,KXHYPE15M-26OCT042115-15,0.0020,91.62,yes
2026-10-05T01:13:44.235431Z,KXHYPE15M-26OCT042115-15,0.0020,90.79,yes
2026-10-05T01:13:44.235431Z,KXHYPE15M-26OCT042115-15,0.0020,367.22,yes
2026-10-05T01:13:46.498321Z,KXHYPE15M-26OCT042115-15,0.0020,104.22,yes
2026-10-05T01:13:46.498321Z,KXHYPE15M-26OCT042115-15,0.0020,124.79,yes
2026-10-05T01:13:47.338117Z,KXHYPE15M-26OCT042115-15,0.0010,265.00,no
2026-10-05T01:13:51.087896Z,KXHYPE15M-26OCT042115-15,0.0010,62.50,no
2026-10-05T01:13:51.695058Z,KXHYPE15M-26OCT042115-15,0.0010,11.01,no
2026-10-05T01:13:51.879754Z,KXHYPE15M-26OCT042115-15,0.0010,62.50,no
2026-10-05T01:13:52.484327Z,KXHYPE15M-26OCT042115-15,0.0010,38.27,no
2026-10-05T01:13:52.484327Z,KXHYPE15M-26OCT042115-15,0.0010,33.43,no
2026-10-05T01:13:52.678277Z,KXHYPE15M-26OCT042115-15,0.0010,62.50,no
2026-10-05T01:13:52.922088Z,KXHYPE15M-26OCT042115-15,0.0010,19.37,no
2026-10-05T01:13:53.46479Z,KXHYPE15M-26OCT042115-15,0.0010,62.50,no
2026-10-05T01:13:53.528189Z,KXHYPE15M-26OCT042115-15,0.0010,9.04,no
2026-10-05T01:13:53.79756Z,KXHYPE15M-26OCT042115-15,0.0010,10.07,no
2026-10-05T01:13:54.296621Z,KXHYPE15M-26OCT042115-15,0.0010,9.04,no
2026-10-05T01:13:55.095776Z,KXHYPE15M-26OCT042115-15,0.0010,9.04,no
2026-10-05T01:13:55.881055Z,KXHYPE15M-26OCT042115-15,0.0010,9.05,no
2026-10-05T01:13:56.617756Z,KXHYPE15M-26OCT042115-15,0.0020,21.24,yes
2026-10-05T01:13:58.552729Z,KXHYPE15M-26OCT042115-15,0.0010,28.69,no
2026-10-05T01:13:59.192668Z,KXHYPE15M-26OCT042115-15,0.0010,27.27,no
2026-10-05T01:13:59.192668Z,KXHYPE15M-26OCT042115-15,0.0010,1.00,no
2026-10-05T01:13:59.192668Z,KXHYPE15M-26OCT042115-15,0.0010,1.00,no
2026-10-05T01:13:59.192668Z,KXHYPE15M-26OCT042115-15,0.0010,1.00,no
2026-10-05T01:13:59.192668Z,KXHYPE15M-26OCT042115-15,0.0010,2.00,no
2026-10-05T01:13:59.192668Z,KXHYPE15M-26OCT042115-15,0.0010,1.00,no
2026-10-05T01:13:59.192668Z,KXHYPE15M-26OCT042115-15,0.0010,1.00,no
2026-10-05T01:13:59.192668Z,KXHYPE15M-26OCT042115-15,0.0010,5.00,no
2026-10-05T01:13:59.192668Z,KXHYPE15M-26OCT042115-15,0.0010,1.00,no
2026-10-05T01:13:59.192668Z,KXHYPE15M-26OCT042115-15,0.0010,4.00,no
2026-10-05T01:13:59.192668Z,KXHYPE15M-26OCT042115-15,0.0010,1.00,no
2026-10-05T01:13:59.192668Z,KXHYPE15M-26OCT042115-15,0.0010,3.00,no
2026-10-05T01:13:59.192668Z,KXHYPE15M-26OCT042115-15,0.0010,2.00,no
2026-10-05T01:13:59.473702Z,KXHYPE15M-26OCT042115-15,0.0010,4.69,yes
2026-10-05T01:14:00.055449Z,KXHYPE15M-26OCT042115-15,0.0010,489.82,yes
2026-10-05T01:14:27.661422Z,KXHYPE15M-26OCT042115-15,0.0010,71.00,yes
2026-10-05T01:14:27.661422Z,KXHYPE15M-26OCT042115-15,0.0010,27.89,yes
2026-10-05T01:14:27.661422Z,KXHYPE15M-26OCT042115-15,0.0010,1.00,yes
2026-10-05T01:14:27.661422Z,KXHYPE15M-26OCT042115-15,0.0010,133.62,yes
2026-10-05T01:14:27.661422Z,KXHYPE15M-26OCT042115-15,0.0010,396.49,yes
2026-10-05T01:14:27.661422Z,KXHYPE15M-26OCT042115-15,0.0010,300.00,yes
2026-10-05T01:14:30.681726Z,KXHYPE15M-26OCT042115-15,0.0010,798.11,yes
2026-10-05T01:14:30.681726Z,KXHYPE15M-26OCT042115-15,0.0010,14.00,yes
2026-10-05T01:14:30.681726Z,KXHYPE15M-26OCT042115-15,0.0010,103.88,yes
2026-10-05T01:14:40.540831Z,KXHYPE15M-26OCT042115-15,0.0010,14.16,yes
2026-10-05T01:14:40.576322Z,KXHYPE15M-26OCT042115-15,0.0010,930.00,yes
2026-10-05T01:10:43.815427Z,KXWTI15M-26OCT042115-15,0.9880,5.69,yes
2026-10-05T01:10:44.674777Z,KXWTI15M-26OCT042115-15,0.9780,24.67,no
2026-10-05T01:10:44.674777Z,KXWTI15M-26OCT042115-15,0.9820,3.00,no
2026-10-05T01:10:44.674777Z,KXWTI15M-26OCT042115-15,0.9820,81.06,no
2026-10-05T01:10:44.674777Z,KXWTI15M-26OCT042115-15,0.9840,30.00,no
2026-10-05T01:10:44.674777Z,KXWTI15M-26OCT042115-15,0.9820,138.50,no
2026-10-05T01:10:44.674777Z,KXWTI15M-26OCT042115-15,0.9800,1.00,no
2026-10-05T01:10:44.674777Z,KXWTI15M-26OCT042115-15,0.9820,5.69,no
2026-10-05T01:10:44.674777Z,KXWTI15M-26OCT042115-15,0.9820,99.61,no
2026-10-05T01:10:44.674777Z,KXWTI15M-26OCT042115-15,0.9820,0.48,no
2026-10-05T01:10:44.674777Z,KXWTI15M-26OCT042115-15,0.9870,15.00,no
2026-10-05T01:10:44.674777Z,KXWTI15M-26OCT042115-15,0.9800,2.00,no
2026-10-05T01:10:44.674777Z,KXWTI15M-26OCT042115-15,0.9870,40.00,no
2026-10-05T01:10:44.674777Z,KXWTI15M-26OCT042115-15,0.9800,2.00,no
2026-10-05T01:10:44.674777Z,KXWTI15M-26OCT042115-15,0.9860,2100.00,no
2026-10-05T01:10:44.674777Z,KXWTI15M-26OCT042115-15,0.9800,90.00,no
2026-10-05T01:10:44.674777Z,KXWTI15M-26OCT042115-15,0.9800,1560.00,no
2026-10-05T01:10:46.709665Z,KXWTI15M-26OCT042115-15,0.9800,36.49,no
2026-10-05T01:10:46.709665Z,KXWTI15M-26OCT042115-15,0.9820,63.00,no
2026-10-05T01:10:49.964111Z,KXWTI15M-26OCT042115-15,0.9820,51.98,no
2026-10-05T01:11:01.534034Z,KXWTI15M-26OCT042115-15,0.9820,103.96,no
2026-10-05T01:11:01.560506Z,KXWTI15M-26OCT042115-15,0.9880,19.58,yes
2026-10-05T01:11:02.020908Z,KXWTI15M-26OCT042115-15,0.9880,10.11,yes
2026-10-05T01:11:05.823555Z,KXWTI15M-26OCT042115-15,0.9860,31.00,no
2026-10-05T01:11:07.374114Z,KXWTI15M-26OCT042115-15,0.9880,300.00,yes
2026-10-05T01:11:07.654496Z,KXWTI15M-26OCT042115-15,0.9870,10.00,no
2026-10-05T01:11:07.654496Z,KXWTI15M-26OCT042115-15,0.9870,23.00,no
2026-10-05T01:11:07.654496Z,KXWTI15M-26OCT042115-15,0.9860,0.82,no
2026-10-05T01:11:07.654496Z,KXWTI15M-26OCT042115-15,0.9870,29.69,no
2026-10-05T01:11:10.559549Z,KXWTI15M-26OCT042115-15,0.9840,179.73,no
2026-10-05T01:11:10.559549Z,KXWTI15M-26OCT042115-15,0.9860,39.18,no
2026-10-05T01:11:10.559549Z,KXWTI15M-26OCT042115-15,0.9870,16.00,no
2026-10-05T01:11:10.559549Z,KXWTI15M-26OCT042115-15,0.9850,25.00,no
2026-10-05T01:11:15.196041Z,KXWTI15M-26OCT042115-15,0.9880,0.50,yes
2026-10-05T01:11:16.098965Z,KXWTI15M-26OCT042115-15,0.9860,6.00,no
2026-10-05T01:11:16.098965Z,KXWTI15M-26OCT042115-15,0.9850,42.41,no
2026-10-05T01:11:16.098965Z,KXWTI15M-26OCT042115-15,0.9870,16.00,no
2026-10-05T01:11:21.766697Z,KXWTI15M-26OCT042115-15,0.9880,15.16,yes
2026-10-05T01:11:22.461954Z,KXWTI15M-26OCT042115-15,0.9880,6.82,yes
2026-10-05T01:11:23.180747Z,KXWTI15M-26OCT042115-15,0.9890,5.05,yes
2026-10-05T01:11:30.551526Z,KXWTI15M-26OCT042115-15,0.9890,18.00,yes
2026-10-05T01:11:30.551526Z,KXWTI15M-26OCT042115-15,0.9900,75.00,yes
2026-10-05T01:11:30.551526Z,KXWTI15M-26OCT042115-15,0.9900,250.00,yes
2026-10-05T01:11:30.551526Z,KXWTI15M-26OCT042115-15,0.9890,200.95,yes
2026-10-05T01:11:30.551526Z,KXWTI15M-26OCT042115-15,0.9900,194.00,yes
2026-10-05T01:11:30.551526Z,KXWTI15M-26OCT042115-15,0.9900,25.00,yes
2026-10-05T01:11:30.551526Z,KXWTI15M-26OCT042115-15,0.9890,20.00,yes
2026-10-05T01:11:30.551526Z,KXWTI15M-26OCT042115-15,0.9890,100.00,yes
2026-10-05T01:11:30.551526Z,KXWTI15M-26OCT042115-15,0.9890,1.00,yes
2026-10-05T01:11:30.551526Z,KXWTI15M-26OCT042115-15,0.9890,2.00,yes
2026-10-05T01:11:30.551526Z,KXWTI15M-26OCT042115-15,0.9890,10.00,yes
2026-10-05T01:11:30.551526Z,KXWTI15M-26OCT042115-15,0.9890,2.00,yes
2026-10-05T01:11:30.551526Z,KXWTI15M-26OCT042115-15,0.9900,1.74,yes
2026-10-05T01:11:30.954671Z,KXWTI15M-26OCT042115-15,0.9900,5.69,yes
2026-10-05T01:11:30.954671Z,KXWTI15M-26OCT042115-15,0.9900,1.97,yes
2026-10-05T01:11:30.954671Z,KXWTI15M-26OCT042115-15,0.9900,3.00,yes
2026-10-05T01:11:30.954671Z,KXWTI15M-26OCT042115-15,0.9900,1.15,yes
2026-10-05T01:11:30.954671Z,KXWTI15M-26OCT042115-15,0.9900,50.00,yes
2026-10-05T01:11:30.954671Z,KXWTI15M-26OCT042115-15,0.9900,49.00,yes
2026-10-05T01:11:30.954671Z,KXWTI15M-26OCT042115-15,0.9900,1560.00,yes
2026-10-05T01:11:30.954671Z,KXWTI15M-26OCT042115-15,0.9890,18.00,yes
2026-10-05T01:11:30.954671Z,KXWTI15M-26OCT042115-15,0.9900,75.00,yes
2026-10-05T01:11:30.954671Z,KXWTI15M-26OCT042115-15,0.9890,750.00,yes
2026-10-05T01:11:30.954671Z,KXWTI15M-26OCT042115-15,0.9950,667.07,yes
2026-10-05T01:11:30.954671Z,KXWTI15M-26OCT042115-15,0.9900,63.01,yes
2026-10-05T01:11:30.954671Z,KXWTI15M-26OCT042115-15,0.9900,0.26,yes
2026-10-05T01:11:30.954671Z,KXWTI15M-26OCT042115-15,0.9900,5.69,yes
2026-10-05T01:11:34.602542Z,KXWTI15M-26OCT042115-15,0.9900,44.00,no
2026-10-05T01:11:40.004107Z,KXWTI15M-26OCT042115-15,0.9960,1.00,yes
2026-10-05T01:11:40.004107Z,KXWTI15M-26OCT042115-15,0.9960,1.00,yes
2026-10-05T01:11:40.004107Z,KXWTI15M-26OCT042115-15,0.9960,13.00,yes
2026-10-05T01:11:40.004107Z,KXWTI15M-26OCT042115-15,0.9950,11.00,yes
2026-10-05T01:11:40.004107Z,KXWTI15M-26OCT042115-15,0.9960,1.00,yes
2026-10-05T01:11:40.004107Z,KXWTI15M-26OCT042115-15,0.9960,1.00,yes
2026-10-05T01:11:40.004107Z,KXWTI15M-26OCT042115-15,0.9960,1.00,yes
2026-10-05T01:11:40.004107Z,KXWTI15M-26OCT042115-15,0.9960,18.00,yes
2026-10-05T01:11:40.004107Z,KXWTI15M-26OCT042115-15,0.9940,54.00,yes
2026-10-05T01:11:40.004107Z,KXWTI15M-26OCT042115-15,0.9970,419.07,yes
2026-10-05T01:11:40.004107Z,KXWTI15M-26OCT042115-15,0.9970,103.00,yes
2026-10-05T01:11:41.561965Z,KXWTI15M-26OCT042115-15,0.9960,92.00,yes
2026-10-05T01:11:41.561965Z,KXWTI15M-26OCT042115-15,0.9960,18.00,yes
2026-10-05T01:11:42.545954Z,KXWTI15M-26OCT042115-15,0.9960,4.00,no
2026-10-05T01:11:43.077984Z,KXWTI15M-26OCT042115-15,0.9960,20.00,no
2026-10-05T01:11:44.002766Z,KXWTI15M-26OCT042115-15,0.9930,24.00,no
2026-10-05T01:11:44.002766Z,KXWTI15M-26OCT042115-15,0.9850,2057.59,no
2026-10-05T01:11:44.002766Z,KXWTI15M-26OCT042115-15,0.9810,40.00,no
2026-10-05T01:11:44.002766Z,KXWTI15M-26OCT042115-15,0.9850,10.00,no
2026-10-05T01:11:44.002766Z,KXWTI15M-26OCT042115-15,0.9960,300.00,no
2026-10-05T01:11:44.002766Z,KXWTI15M-26OCT042115-15,0.9950,419.00,no
2026-10-05T01:11:44.002766Z,KXWTI15M-26OCT042115-15,0.9890,103.00,no
2026-10-05T01:11:44.002766Z,KXWTI15M-26OCT042115-15,0.9920,30.00,no
2026-10-05T01:11:44.002766Z,KXWTI15M-26OCT042115-15,0.9920,30.00,no
2026-10-05T01:11:44.002766Z,KXWTI15M-26OCT042115-15,0.9920,60.00,no
2026-10-05T01:11:44.002766Z,KXWTI15M-26OCT042115-15,0.9850,60.00,no
2026-10-05T01:11:44.002766Z,KXWTI15M-26OCT042115-15,0.9880,40.00,no
2026-10-05T01:11:44.002766Z,KXWTI15M-26OCT042115-15,0.9960,75.00,no
2026-10-05T01:11:44.002766Z,KXWTI15M-26OCT042115-15,0.9860,24.00,no
2026-10-05T01:11:44.002766Z,KXWTI15M-26OCT042115-15,0.9960,75.00,no
2026-10-05T01:11:44.002766Z,KXWTI15M-26OCT042115-15,0.9960,66.95,no
2026-10-05T01:11:44.002766Z,KXWTI15M-26OCT042115-15,0.9960,194.00,no
2026-10-05T01:11:44.002766Z,KXWTI15M-26OCT042115-15,0.9960,27.53,no
2026-10-05T01:11:44.002766Z,KXWTI15M-26OCT042115-15,0.9800,296.64,no
2026-10-05T01:11:45.546207Z,KXWTI15M-26OCT042115-15,0.9900,0.35,yes
2026-10-05T01:11:48.157542Z,KXWTI15M-26OCT042115-15,0.9900,369.54,yes
2026-10-05T01:11:49.063237Z,KXWTI15M-26OCT042115-15,0.9850,121.49,no
2026-10-05T01:11:50.729807Z,KXWTI15M-26OCT042115-15,0.9900,1560.00,yes
2026-10-05T01:11:50.729807Z,KXWTI15M-26OCT042115-15,0.9940,40.00,yes
2026-10-05T01:11:50.729807Z,KXWTI15M-26OCT042115-15,0.9950,70.00,yes
2026-10-05T01:11:51.97187Z,KXWTI15M-26OCT042115-15,0.9850,62.36,no
2026-10-05T01:11:54.450382Z,KXWTI15M-26OCT042115-15,0.9850,8.73,no
2026-10-05T01:11:55.217045Z,KXWTI15M-26OCT042115-15,0.9850,0.35,no
2026-10-05T01:11:55.230808Z,KXWTI15M-26OCT042115-15,0.9850,5.08,no
2026-10-05T01:11:55.230808Z,KXWTI15M-26OCT042115-15,0.9850,0.92,no
2026-10-05T01:12:06.269532Z,KXWTI15M-26OCT042115-15,0.9960,1.00,yes
2026-10-05T01:12:10.425957Z,KXWTI15M-26OCT042115-15,0.9900,1.00,yes
2026-10-05T01:12:10.69489Z,KXWTI15M-26OCT042115-15,0.9940,111.00,yes
2026-10-05T01:12:11.801484Z,KXWTI15M-26OCT042115-15,0.9950,51.65,yes
2026-10-05T01:12:18.244769Z,KXWTI15M-26OCT042115-15,0.9850,1.17,no
2026-10-05T01:12:18.244769Z,KXWTI15M-26OCT042115-15,0.9850,40.00,no
2026-10-05T01:12:18.244769Z,KXWTI15M-26OCT042115-15,0.9850,83.00,no
2026-10-05T01:12:20.486033Z,KXWTI15M-26OCT042115-15,0.9850,72.00,no
2026-10-05T01:12:20.486033Z,KXWTI15M-26OCT042115-15,0.9830,46.23,no
2026-10-05T01:12:20.740446Z,KXWTI15M-26OCT042115-15,0.9950,131.00,yes
2026-10-05T01:12:20.960111Z,KXWTI15M-26OCT042115-15,0.9950,101.00,yes
2026-10-05T01:12:24.706412Z,KXWTI15M-26OCT042115-15,0.9850,31.18,no
2026-10-05T01:12:24.732092Z,KXWTI15M-26OCT042115-15,0.9850,62.36,no
2026-10-05T01:12:27.440619Z,KXWTI15M-26OCT042115-15,0.9970,49.13,yes
2026-10-05T01:12:28.159817Z,KXWTI15M-26OCT042115-15,0.9850,6.23,no
2026-10-05T01:12:29.950544Z,KXWTI15M-26OCT042115-15,0.9890,663.00,yes
2026-10-05T01:12:34.254452Z,KXWTI15M-26OCT042115-15,0.9850,37.00,no
2026-10-05T01:12:35.369278Z,KXWTI15M-26OCT042115-15,0.9890,87.00,yes
2026-10-05T01:12:37.393028Z,KXWTI15M-26OCT042115-15,0.9850,10.23,no
2026-10-05T01:12:37.393028Z,KXWTI15M-26OCT042115-15,0.9850,12.13,no
2026-10-05T01:12:37.393028Z,KXWTI15M-26OCT042115-15,0.9850,40.00,no
2026-10-05T01:12:37.704326Z,KXWTI15M-26OCT042115-15,0.9850,16.21,no
2026-10-05T01:12:48.928356Z,KXWTI15M-26OCT042115-15,0.9850,15.59,no
2026-10-05T01:13:01.306323Z,KXWTI15M-26OCT042115-15,0.9860,4.00,yes
2026-10-05T01:13:01.306323Z,KXWTI15M-26OCT042115-15,0.9900,8.00,yes
2026-10-05T01:13:04.436116Z,KXWTI15M-26OCT042115-15,0.9850,28.06,no
2026-10-05T01:13:05.128968Z,KXWTI15M-26OCT042115-15,0.9850,11.94,no
2026-10-05T01:13:05.128968Z,KXWTI15M-26OCT042115-15,0.9850,10.00,no
2026-10-05T01:13:05.128968Z,KXWTI15M-26OCT042115-15,0.9850,40.42,no
2026-10-05T01:13:10.2494Z,KXWTI15M-26OCT042115-15,0.9850,10.00,no
2026-10-05T01:13:10.2494Z,KXWTI15M-26OCT042115-15,0.9850,8.00,no
2026-10-05T01:13:10.2494Z,KXWTI15M-26OCT042115-15,0.9830,25.00,no
2026-10-05T01:13:10.2494Z,KXWTI15M-26OCT042115-15,0.9850,62.00,no
2026-10-05T01:13:10.2494Z,KXWTI15M-26OCT042115-15,0.9820,12.99,no
2026-10-05T01:13:10.478075Z,KXWTI15M-26OCT042115-15,0.9900,1.00,yes
2026-10-05T01:13:10.478075Z,KXWTI15M-26OCT042115-15,0.9900,13.46,yes
2026-10-05T01:13:10.478075Z,KXWTI15M-26OCT042115-15,0.9900,17.00,yes
2026-10-05T01:13:16.700991Z,KXWTI15M-26OCT042115-15,0.9830,25.00,no
2026-10-05T01:13:16.700991Z,KXWTI15M-26OCT042115-15,0.9840,17.00,no
2026-10-05T01:13:16.700991Z,KXWTI15M-26OCT042115-15,0.9840,48.00,no
2026-10-05T01:13:16.700991Z,KXWTI15M-26OCT042115-15,0.9820,177.78,no
2026-10-05T01:13:17.748342Z,KXWTI15M-26OCT042115-15,0.9970,70.87,yes
2026-10-05T01:13:17.748342Z,KXWTI15M-26OCT042115-15,0.9960,18.00,yes
2026-10-05T01:13:17.748342Z,KXWTI15M-26OCT042115-15,0.9940,112.00,yes
2026-10-05T01:13:18.143336Z,KXWTI15M-26OCT042115-15,0.9860,7.62,no
2026-10-05T01:13:18.538426Z,KXWTI15M-26OCT042115-15,0.9950,198.00,yes
2026-10-05T01:13:18.538426Z,KXWTI15M-26OCT042115-15,0.9950,1.00,yes
2026-10-05T01:13:18.805657Z,KXWTI15M-26OCT042115-15,0.9950,50.00,yes
2026-10-05T01:13:19.071713Z,KXWTI15M-26OCT042115-15,0.9950,46.00,yes
2026-10-05T01:13:22.800128Z,KXWTI15M-26OCT042115-15,0.9950,13.05,yes
2026-10-05T01:13:22.800128Z,KXWTI15M-26OCT042115-15,0.9950,1.00,yes
2026-10-05T01:13:23.340741Z,KXWTI15M-26OCT042115-15,0.9860,16.04,no
2026-10-05T01:13:24.173779Z,KXWTI15M-26OCT042115-15,0.9950,10.04,yes
2026-10-05T01:13:28.03316Z,KXWTI15M-26OCT042115-15,0.9980,400.00,yes
2026-10-05T01:13:28.03316Z,KXWTI15M-26OCT042115-15,0.9970,10.00,yes
2026-10-05T01:13:28.03316Z,KXWTI15M-26OCT042115-15,0.9970,130.00,yes
2026-10-05T01:13:28.03316Z,KXWTI15M-26OCT042115-15,0.9980,162.41,yes
2026-10-05T01:13:28.03316Z,KXWTI15M-26OCT042115-15,0.9970,18.00,yes
2026-10-05T01:13:28.03316Z,KXWTI15M-26OCT042115-15,0.9970,2.00,yes
2026-10-05T01:13:28.03316Z,KXWTI15M-26OCT042115-15,0.9970,2.00,yes
2026-10-05T01:13:28.03316Z,KXWTI15M-26OCT042115-15,0.9970,2.00,yes
2026-10-05T01:13:28.03316Z,KXWTI15M-26OCT042115-15,0.9970,2.00,yes
2026-10-05T01:13:28.03316Z,KXWTI15M-26OCT042115-15,0.9970,2.00,yes
2026-10-05T01:13:28.03316Z,KXWTI15M-26OCT042115-15,0.9970,60.00,yes
2026-10-05T01:13:28.03316Z,KXWTI15M-26OCT042115-15,0.9970,30.00,yes
2026-10-05T01:13:28.03316Z,KXWTI15M-26OCT042115-15,0.9970,60.00,yes
2026-10-05T01:13:28.03316Z,KXWTI15M-26OCT042115-15,0.9970,30.00,yes
2026-10-05T01:13:28.03316Z,KXWTI15M-26OCT042115-15,0.9950,1.00,yes
2026-10-05T01:13:28.03316Z,KXWTI15M-26OCT042115-15,0.9950,73.00,yes
2026-10-05T01:13:28.03316Z,KXWTI15M-26OCT042115-15,0.9960,18.00,yes
2026-10-05T01:13:28.781177Z,KXWTI15M-26OCT042115-15,0.9930,56.84,no
2026-10-05T01:13:28.894185Z,KXWTI15M-26OCT042115-15,0.9930,133.63,no
2026-10-05T01:13:29.892506Z,KXWTI15M-26OCT042115-15,0.9920,78.00,no
2026-10-05T01:13:29.892506Z,KXWTI15M-26OCT042115-15,0.9910,138.19,no
2026-10-05T01:13:32.008276Z,KXWTI15M-26OCT042115-15,0.9910,66.20,no
2026-10-05T01:13:32.372846Z,KXWTI15M-26OCT042115-15,0.9910,5.14,no
2026-10-05T01:13:32.372846Z,KXWTI15M-26OCT042115-15,0.9910,51.83,no
2026-10-05T01:13:35.160344Z,KXWTI15M-26OCT042115-15,0.9960,79.00,yes
2026-10-05T01:13:35.160344Z,KXWTI15M-26OCT042115-15,0.9960,1.00,yes
2026-10-05T01:13:35.160344Z,KXWTI15M-26OCT042115-15,0.9960,60.00,yes
2026-10-05T01:13:35.160344Z,KXWTI15M-26OCT042115-15,0.9960,30.00,yes
2026-10-05T01:13:35.160344Z,KXWTI15M-26OCT042115-15,0.9960,30.00,yes
2026-10-05T01:13:35.177378Z,KXWTI15M-26OCT042115-15,0.9960,34.00,yes
2026-10-05T01:13:35.728663Z,KXWTI15M-26OCT042115-15,0.9960,1.00,yes
2026-10-05T01:13:36.390316Z,KXWTI15M-26OCT042115-15,0.9910,40.00,no
2026-10-05T01:13:36.478343Z,KXWTI15M-26OCT042115-15,0.9910,36.12,no
2026-10-05T01:13:36.50366Z,KXWTI15M-26OCT042115-15,0.9960,90.00,yes
2026-10-05T01:13:37.138954Z,KXWTI15M-26OCT042115-15,0.9880,6.02,no
2026-10-05T01:13:40.974137Z,KXWTI15M-26OCT042115-15,0.9970,15.95,yes
2026-10-05T01:13:40.974137Z,KXWTI15M-26OCT042115-15,0.9950,1.00,yes
2026-10-05T01:13:40.974137Z,KXWTI15M-26OCT042115-15,0.9950,55.00,yes
2026-10-05T01:13:42.187192Z,KXWTI15M-26OCT042115-15,0.9900,187.03,no
2026-10-05T01:13:43.063371Z,KXWTI15M-26OCT042115-15,0.9900,24.32,no
2026-10-05T01:13:43.101029Z,KXWTI15M-26OCT042115-15,0.9900,37.52,no
2026-10-05T01:13:43.767186Z,KXWTI15M-26OCT042115-15,0.9910,5.09,no
2026-10-05T01:13:45.058259Z,KXWTI15M-26OCT042115-15,0.9910,25.97,no
2026-10-05T01:13:47.167692Z,KXWTI15M-26OCT042115-15,0.9900,40.00,no
2026-10-05T01:13:47.167692Z,KXWTI15M-26OCT042115-15,0.9900,1.13,no
2026-10-05T01:13:47.167692Z,KXWTI15M-26OCT042115-15,0.9910,69.05,no
2026-10-05T01:13:47.167692Z,KXWTI15M-26OCT042115-15,0.9870,38.45,no
2026-10-05T01:13:47.167692Z,KXWTI15M-26OCT042115-15,0.9910,23.77,no
2026-10-05T01:13:47.167692Z,KXWTI15M-26OCT042115-15,0.9910,4.00,no
2026-10-05T01:13:49.586654Z,KXWTI15M-26OCT042115-15,0.9940,60.00,yes
2026-10-05T01:13:49.586654Z,KXWTI15M-26OCT042115-15,0.9940,59.14,yes
2026-10-05T01:13:49.586654Z,KXWTI15M-26OCT042115-15,0.9940,30.00,yes
2026-10-05T01:13:49.586654Z,KXWTI15M-26OCT042115-15,0.9940,30.00,yes
2026-10-05T01:13:49.586654Z,KXWTI15M-26OCT042115-15,0.9930,21.00,yes
2026-10-05T01:13:49.586654Z,KXWTI15M-26OCT042115-15,0.9930,1.00,yes
2026-10-05T01:13:51.934894Z,KXWTI15M-26OCT042115-15,0.9950,10.00,yes
2026-10-05T01:13:52.634629Z,KXWTI15M-26OCT042115-15,0.9900,10.13,no
2026-10-05T01:13:52.765393Z,KXWTI15M-26OCT042115-15,0.9950,25.11,yes
2026-10-05T01:13:54.761505Z,KXWTI15M-26OCT042115-15,0.9910,101.83,no
2026-10-05T01:13:59.000536Z,KXWTI15M-26OCT042115-15,0.9950,1.00,yes
2026-10-05T01:13:59.000536Z,KXWTI15M-26OCT042115-15,0.9950,60.00,yes
2026-10-05T01:14:00.051246Z,KXWTI15M-26OCT042115-15,0.9960,4.90,yes
2026-10-05T01:14:01.390358Z,KXWTI15M-26OCT042115-15,0.9960,1.00,yes
2026-10-05T01:14:01.390358Z,KXWTI15M-26OCT042115-15,0.9960,4.90,yes
2026-10-05T01:14:01.390358Z,KXWTI15M-26OCT042115-15,0.9960,13.10,yes
2026-10-05T01:14:01.390358Z,KXWTI15M-26OCT042115-15,0.9960,30.00,yes
2026-10-05T01:14:01.405212Z,KXWTI15M-26OCT042115-15,0.9970,40.19,yes
2026-10-05T01:14:01.405212Z,KXWTI15M-26OCT042115-15,0.9970,60.00,yes
2026-10-05T01:14:01.405212Z,KXWTI15M-26OCT042115-15,0.9970,30.00,yes
2026-10-05T01:14:06.067181Z,KXWTI15M-26OCT042115-15,0.9920,10.00,no
2026-10-05T01:14:06.067181Z,KXWTI15M-26OCT042115-15,0.9920,106.88,no
2026-10-05T01:14:06.120619Z,KXWTI15M-26OCT042115-15,0.9980,22.89,yes
2026-10-05T01:14:06.557702Z,KXWTI15M-26OCT042115-15,0.9980,80.09,yes
2026-10-05T01:14:06.557702Z,KXWTI15M-26OCT042115-15,0.9980,1.00,yes
2026-10-05T01:14:06.557702Z,KXWTI15M-26OCT042115-15,0.9980,1.00,yes
2026-10-05T01:14:06.557702Z,KXWTI15M-26OCT042115-15,0.9980,3.00,yes
2026-10-05T01:14:06.557702Z,KXWTI15M-26OCT042115-15,0.9980,3.00,yes
2026-10-05T01:14:06.557702Z,KXWTI15M-26OCT042115-15,0.9980,3.00,yes
2026-10-05T01:14:06.557702Z,KXWTI15M-26OCT042115-15,0.9980,3.00,yes
2026-10-05T01:14:06.557702Z,KXWTI15M-26OCT042115-15,0.9980,3.00,yes
2026-10-05T01:14:06.557702Z,KXWTI15M-26OCT042115-15,0.9980,3.11,yes
2026-10-05T01:14:06.890251Z,KXWTI15M-26OCT042115-15,0.9980,22.89,yes
2026-10-05T01:14:07.648571Z,KXWTI15M-26OCT042115-15,0.9980,22.89,yes
2026-10-05T01:14:08.406289Z,KXWTI15M-26OCT042115-15,0.9980,22.88,yes
2026-10-05T01:14:13.305399Z,KXWTI15M-26OCT042115-15,0.9980,12.61,yes
2026-10-05T01:14:14.064694Z,KXWTI15M-26OCT042115-15,0.9980,12.61,yes
2026-10-05T01:14:14.824105Z,KXWTI15M-26OCT042115-15,0.9980,12.61,yes
2026-10-05T01:14:15.588493Z,KXWTI15M-26OCT042115-15,0.9980,12.62,yes
2026-10-05T01:14:15.99157Z,KXWTI15M-26OCT042115-15,0.9950,40.00,no
2026-10-05T01:14:15.99157Z,KXWTI15M-26OCT042115-15,0.9950,146.97,no
2026-10-05T01:14:16.849431Z,KXWTI15M-26OCT042115-15,0.9980,44.43,yes
2026-10-05T01:14:21.554358Z,KXWTI15M-26OCT042115-15,0.9980,4.27,yes
2026-10-05T01:14:24.276891Z,KXWTI15M-26OCT042115-15,0.9970,1.00,yes
2026-10-05T01:14:24.276891Z,KXWTI15M-26OCT042115-15,0.9970,17.00,yes
2026-10-05T01:14:24.276891Z,KXWTI15M-26OCT042115-15,0.9980,35.89,yes
2026-10-05T01:14:29.593924Z,KXWTI15M-26OCT042115-15,0.9980,14.20,yes
2026-10-05T01:14:32.332557Z,KXWTI15M-26OCT042115-15,0.9950,40.00,no
2026-10-05T01:14:32.332557Z,KXWTI15M-26OCT042115-15,0.9950,146.97,no
2026-10-05T01:14:33.442929Z,KXWTI15M-26OCT042115-15,0.9930,44.08,no
2026-10-05T01:14:33.442929Z,KXWTI15M-26OCT042115-15,0.9950,124.00,no
2026-10-05T01:14:35.654206Z,KXWTI15M-26OCT042115-15,0.9930,2.67,no
2026-10-05T01:14:35.654206Z,KXWTI15M-26OCT042115-15,0.9940,1.00,no
2026-10-05T01:14:35.654206Z,KXWTI15M-26OCT042115-15,0.9950,30.00,no
2026-10-05T01:14:36.301561Z,KXWTI15M-26OCT042115-15,0.9980,3.00,yes
2026-10-05T01:14:37.717623Z,KXWTI15M-26OCT042115-15,0.9930,37.58,no
2026-10-05T01:14:37.717623Z,KXWTI15M-26OCT042115-15,0.9940,49.00,no
2026-10-05T01:14:37.717623Z,KXWTI15M-26OCT042115-15,0.9930,50.00,no
2026-10-05T01:14:37.717623Z,KXWTI15M-26OCT042115-15,0.9930,3.25,no
2026-10-05T01:14:38.227696Z,KXWTI15M-26OCT042115-15,0.9980,14.02,yes
2026-10-05T01:14:39.324727Z,KXWTI15M-26OCT042115-15,0.9950,29.48,no
2026-10-05T01:14:39.324727Z,KXWTI15M-26OCT042115-15,0.9950,50.00,no
2026-10-05T01:14:42.022324Z,KXWTI15M-26OCT042115-15,0.9980,64.01,yes
2026-10-05T01:14:42.022324Z,KXWTI15M-26OCT042115-15,0.9980,1.00,yes
2026-10-05T01:14:42.022324Z,KXWTI15M-26OCT042115-15,0.9980,84.99,yes
2026-10-05T01:14:46.939328Z,KXWTI15M-26OCT042115-15,0.9970,2.09,no
2026-10-05T01:14:48.081034Z,KXWTI15M-26OCT042115-15,0.9990,25.00,yes
2026-10-05T01:14:48.081034Z,KXWTI15M-26OCT042115-15,0.9990,100.00,yes
2026-10-05T01:14:48.081034Z,KXWTI15M-26OCT042115-15,0.9990,80.00,yes
2026-10-05T01:14:48.081034Z,KXWTI15M-26OCT042115-15,0.9990,1.00,yes
2026-10-05T01:14:48.081034Z,KXWTI15M-26OCT042115-15,0.9990,250.00,yes
2026-10-05T01:14:48.081034Z,KXWTI15M-26OCT042115-15,0.9990,500.00,yes
2026-10-05T01:14:48.081034Z,KXWTI15M-26OCT042115-15,0.9990,1.00,yes
2026-10-05T01:14:48.25585Z,KXWTI15M-26OCT042115-15,0.9990,47.00,no
2026-10-05T01:14:48.296965Z,KXWTI15M-26OCT042115-15,0.9990,25.00,yes
2026-10-05T01:14:48.296965Z,KXWTI15M-26OCT042115-15,0.9990,750.00,yes
2026-10-05T01:14:48.315556Z,KXWTI15M-26OCT042115-15,0.9990,5.00,no
2026-10-05T01:14:48.381818Z,KXWTI15M-26OCT042115-15,0.9990,126.26,no
2026-10-05T01:14:48.435071Z,KXWTI15M-26OCT042115-15,0.9990,132.48,no
2026-10-05T01:14:50.202821Z,KXWTI15M-26OCT042115-15,0.9990,425.00,yes
2026-10-05T01:14:50.439065Z,KXWTI15M-26OCT042115-15,0.9990,31.00,yes
2026-10-05T01:14:51.1287Z,KXWTI15M-26OCT042115-15,0.9990,200.00,yes
2026-10-05T01:14:51.316327Z,KXWTI15M-26OCT042115-15,0.9990,32.00,yes
2026-10-05T01:14:52.625059Z,KXWTI15M-26OCT042115-15,0.9990,21.00,yes
2026-10-05T01:14:52.873848Z,KXWTI15M-26OCT042115-15,0.9990,4.00,yes
2026-10-05T01:14:52.884441Z,KXWTI15M-26OCT042115-15,0.9990,15.00,yes
2026-10-05T01:14:53.621859Z,KXWTI15M-26OCT042115-15,0.9990,11.00,yes
2026-10-05T01:14:54.62965Z,KXWTI15M-26OCT042115-15,0.9990,9.00,yes
2026-10-05T01:14:55.164319Z,KXWTI15M-26OCT042115-15,0.9980,45.80,no
2026-10-05T01:14:55.175148Z,KXWTI15M-26OCT042115-15,0.9990,4.00,yes
2026-10-05T01:14:55.175148Z,KXWTI15M-26OCT042115-15,0.9990,2.00,yes
2026-10-05T01:14:55.244094Z,KXWTI15M-26OCT042115-15,0.9980,82.00,no
2026-10-05T01:11:13.642146Z,KXEURUSD15M-26OCT042115-30,0.0200,36.50,yes
2026-10-05T01:11:13.642146Z,KXEURUSD15M-26OCT042115-30,0.0200,10.00,yes
2026-10-05T01:11:59.232127Z,KXEURUSD15M-26OCT042115-30,0.0100,0.81,no
2026-10-05T01:12:16.733233Z,KXEURUSD15M-26OCT042115-30,0.0100,30.00,yes
2026-10-05T01:12:16.733233Z,KXEURUSD15M-26OCT042115-30,0.0100,60.00,yes
2026-10-05T01:12:16.733233Z,KXEURUSD15M-26OCT042115-30,0.0200,2.00,yes
2026-10-05T01:12:16.733233Z,KXEURUSD15M-26OCT042115-30,0.0200,184.22,yes
2026-10-05T01:12:16.733233Z,KXEURUSD15M-26OCT042115-30,0.0100,5.00,yes
2026-10-05T01:12:28.769335Z,KXEURUSD15M-26OCT042115-30,0.0300,0.93,yes
2026-10-05T01:12:28.769335Z,KXEURUSD15M-26OCT042115-30,0.0100,60.00,yes
2026-10-05T01:12:28.769335Z,KXEURUSD15M-26OCT042115-30,0.0100,30.00,yes
2026-10-05T01:12:41.847901Z,KXEURUSD15M-26OCT042115-30,0.0100,5.00,yes
2026-10-05T01:12:41.847901Z,KXEURUSD15M-26OCT042115-30,0.0100,28.00,yes
2026-10-05T01:12:41.847901Z,KXEURUSD15M-26OCT042115-30,0.0100,60.00,yes
2026-10-05T01:13:26.766662Z,KXEURUSD15M-26OCT042115-30,0.0100,2.15,yes
2026-10-05T01:13:28.31529Z,KXEURUSD15M-26OCT042115-30,0.0100,33.51,yes
2026-10-05T01:13:28.31529Z,KXEURUSD15M-26OCT042115-30,0.0100,60.00,yes
2026-10-05T01:13:34.952455Z,KXEURUSD15M-26OCT042115-30,0.0100,27.02,yes
2026-10-05T01:13:34.952455Z,KXEURUSD15M-26OCT042115-30,0.0100,66.49,yes
2026-10-05T01:14:08.632674Z,KXEURUSD15M-26OCT042115-30,0.0100,30.00,yes
2026-10-05T01:14:08.632674Z,KXEURUSD15M-26OCT042115-30,0.0100,60.00,yes
2026-10-05T01:14:08.632674Z,KXEURUSD15M-26OCT042115-30,0.0300,46.72,yes
2026-10-05T01:14:08.632674Z,KXEURUSD15M-26OCT042115-30,0.0300,79.07,yes
2026-10-05T01:14:09.009013Z,KXEURUSD15M-26OCT042115-30,0.0100,2.00,no
2026-10-05T01:14:09.014956Z,KXEURUSD15M-26OCT042115-30,0.0100,78.00,no
2026-10-05T01:11:38.84488Z,KXGBPUSD15M-26OCT042115-30,0.0200,9.35,yes
2026-10-05T01:12:00.023736Z,KXGBPUSD15M-26OCT042115-30,0.0100,0.82,no
2026-10-05T01:12:19.662852Z,KXGBPUSD15M-26OCT042115-30,0.0100,30.00,yes
2026-10-05T01:12:19.662852Z,KXGBPUSD15M-26OCT042115-30,0.0100,60.00,yes
2026-10-05T01:12:19.662852Z,KXGBPUSD15M-26OCT042115-30,0.0100,3.51,yes
2026-10-05T01:13:05.060005Z,KXGBPUSD15M-26OCT042115-30,0.0100,5.00,yes
2026-10-05T01:13:05.060005Z,KXGBPUSD15M-26OCT042115-30,0.0100,100.00,yes
2026-10-05T01:13:05.060005Z,KXGBPUSD15M-26OCT042115-30,0.0100,42.03,yes
2026-10-05T01:13:05.060005Z,KXGBPUSD15M-26OCT042115-30,0.0100,30.00,yes
2026-10-05T01:13:05.060005Z,KXGBPUSD15M-26OCT042115-30,0.0100,10.00,yes
2026-10-05T01:14:06.260186Z,KXGBPUSD15M-26OCT042115-30,0.0100,2.00,yes
2026-10-05T01:14:27.949239Z,KXGBPUSD15M-26OCT042115-30,0.0100,30.00,yes
2026-10-05T01:14:27.949239Z,KXGBPUSD15M-26OCT042115-30,0.0100,60.00,yes
2026-10-05T01:14:27.949239Z,KXGBPUSD15M-26OCT042115-30,0.0200,1.40,yes
2026-10-05T01:14:51.741222Z,KXGBPUSD15M-26OCT042115-30,0.0200,9.35,yes
2026-10-05T01:14:52.134924Z,KXGBPUSD15M-26OCT042115-30,0.5500,24.00,yes
2026-10-05T01:12:05.286166Z,KXNEAR15M-26OCT042115-15,0.0050,19.00,yes
2026-10-05T01:12:05.286264Z,KXNEAR15M-26OCT042115-15,0.0050,19.00,yes
2026-10-05T01:12:06.228625Z,KXNEAR15M-26OCT042115-15,0.0060,1.00,yes
2026-10-05T01:12:06.693855Z,KXNEAR15M-26OCT042115-15,0.0050,0.03,no
2026-10-05T01:12:06.693855Z,KXNEAR15M-26OCT042115-15,0.0050,5.00,no
2026-10-05T01:12:07.413539Z,KXNEAR15M-26OCT042115-15,0.0050,5.00,no
2026-10-05T01:12:07.413539Z,KXNEAR15M-26OCT042115-15,0.0050,0.03,no
2026-10-05T01:12:07.413539Z,KXNEAR15M-26OCT042115-15,0.0050,6.00,no
2026-10-05T01:12:07.413539Z,KXNEAR15M-26OCT042115-15,0.0050,52.00,no
2026-10-05T01:12:07.44149Z,KXNEAR15M-26OCT042115-15,0.0060,0.07,yes
2026-10-05T01:12:07.44149Z,KXNEAR15M-26OCT042115-15,0.0080,0.03,yes
2026-10-05T01:12:07.44149Z,KXNEAR15M-26OCT042115-15,0.0090,0.03,yes
2026-10-05T01:12:07.44149Z,KXNEAR15M-26OCT042115-15,0.0060,9.00,yes
2026-10-05T01:12:07.44149Z,KXNEAR15M-26OCT042115-15,0.0080,0.07,yes
2026-10-05T01:12:07.44149Z,KXNEAR15M-26OCT042115-15,0.0090,0.08,yes
2026-10-05T01:12:07.44149Z,KXNEAR15M-26OCT042115-15,0.0070,10.00,yes
2026-10-05T01:12:07.44149Z,KXNEAR15M-26OCT042115-15,0.0090,10.00,yes
2026-10-05T01:12:07.44149Z,KXNEAR15M-26OCT042115-15,0.0070,3.00,yes
2026-10-05T01:12:07.44149Z,KXNEAR15M-26OCT042115-15,0.0080,10.00,yes
2026-10-05T01:12:07.44149Z,KXNEAR15M-26OCT042115-15,0.0100,10.67,yes
2026-10-05T01:12:07.44149Z,KXNEAR15M-26OCT042115-15,0.0100,8.00,yes
2026-10-05T01:12:07.989189Z,KXNEAR15M-26OCT042115-15,0.0040,1.00,no
2026-10-05T01:12:08.685398Z,KXNEAR15M-26OCT042115-15,0.0050,65.00,no
2026-10-05T01:12:08.685398Z,KXNEAR15M-26OCT042115-15,0.0050,0.03,no
2026-10-05T01:12:08.685398Z,KXNEAR15M-26OCT042115-15,0.0050,5.00,no
2026-10-05T01:12:09.95218Z,KXNEAR15M-26OCT042115-15,0.0080,1.00,yes
2026-10-05T01:12:09.95218Z,KXNEAR15M-26OCT042115-15,0.0080,1.00,yes
2026-10-05T01:12:10.171484Z,KXNEAR15M-26OCT042115-15,0.0080,2.00,no
2026-10-05T01:12:10.171484Z,KXNEAR15M-26OCT042115-15,0.0080,104.00,no
2026-10-05T01:12:10.171484Z,KXNEAR15M-26OCT042115-15,0.0070,0.03,no
2026-10-05T01:12:10.171484Z,KXNEAR15M-26OCT042115-15,0.0080,52.00,no
2026-10-05T01:12:10.171484Z,KXNEAR15M-26OCT042115-15,0.0060,62.00,no
2026-10-05T01:12:10.171484Z,KXNEAR15M-26OCT042115-15,0.0060,0.03,no
2026-10-05T01:12:10.171484Z,KXNEAR15M-26OCT042115-15,0.0070,34.00,no
2026-10-05T01:12:10.171484Z,KXNEAR15M-26OCT042115-15,0.0060,104.00,no
2026-10-05T01:12:10.171484Z,KXNEAR15M-26OCT042115-15,0.0070,11.00,no
2026-10-05T01:12:10.171484Z,KXNEAR15M-26OCT042115-15,0.0050,0.03,no
2026-10-05T01:12:10.171484Z,KXNEAR15M-26OCT042115-15,0.0070,5.00,no
2026-10-05T01:12:10.171484Z,KXNEAR15M-26OCT042115-15,0.0050,73.00,no
2026-10-05T01:12:10.171484Z,KXNEAR15M-26OCT042115-15,0.0080,5.00,no
2026-10-05T01:12:10.171484Z,KXNEAR15M-26OCT042115-15,0.0070,5.00,no
2026-10-05T01:12:10.235259Z,KXNEAR15M-26OCT042115-15,0.0080,104.00,no
2026-10-05T01:12:10.235259Z,KXNEAR15M-26OCT042115-15,0.0080,5.00,no
2026-10-05T01:12:10.235259Z,KXNEAR15M-26OCT042115-15,0.0080,2.00,no
2026-10-05T01:12:10.27758Z,KXNEAR15M-26OCT042115-15,0.0080,5.00,no
2026-10-05T01:12:10.27758Z,KXNEAR15M-26OCT042115-15,0.0080,2.00,no
2026-10-05T01:12:10.379002Z,KXNEAR15M-26OCT042115-15,0.0080,2.00,no
2026-10-05T01:12:10.379002Z,KXNEAR15M-26OCT042115-15,0.0080,5.00,no
2026-10-05T01:12:10.385214Z,KXNEAR15M-26OCT042115-15,0.0080,5.00,no
2026-10-05T01:12:10.385214Z,KXNEAR15M-26OCT042115-15,0.0080,0.03,no
2026-10-05T01:12:10.587187Z,KXNEAR15M-26OCT042115-15,0.0080,0.90,yes
2026-10-05T01:12:11.083446Z,KXNEAR15M-26OCT042115-15,0.0080,1.00,yes
2026-10-05T01:12:11.085743Z,KXNEAR15M-26OCT042115-15,0.0080,1.10,yes
2026-10-05T01:12:11.085743Z,KXNEAR15M-26OCT042115-15,0.0080,1.00,yes
2026-10-05T01:12:11.085743Z,KXNEAR15M-26OCT042115-15,0.0080,2.00,yes
2026-10-05T01:12:11.109504Z,KXNEAR15M-26OCT042115-15,0.0080,5.00,no
2026-10-05T01:12:11.115944Z,KXNEAR15M-26OCT042115-15,0.0080,5.00,no
2026-10-05T01:12:11.122924Z,KXNEAR15M-26OCT042115-15,0.0080,5.00,no
2026-10-05T01:12:11.129781Z,KXNEAR15M-26OCT042115-15,0.0080,3.00,no
2026-10-05T01:12:11.462435Z,KXNEAR15M-26OCT042115-15,0.0080,5.00,no
2026-10-05T01:12:11.462435Z,KXNEAR15M-26OCT042115-15,0.0060,0.03,no
2026-10-05T01:12:11.462435Z,KXNEAR15M-26OCT042115-15,0.0070,0.03,no
2026-10-05T01:12:11.462435Z,KXNEAR15M-26OCT042115-15,0.0070,15.00,no
2026-10-05T01:12:11.462435Z,KXNEAR15M-26OCT042115-15,0.0070,10.00,no
2026-10-05T01:12:11.462435Z,KXNEAR15M-26OCT042115-15,0.0070,5.00,no
2026-10-05T01:12:11.462435Z,KXNEAR15M-26OCT042115-15,0.0050,0.03,no
2026-10-05T01:12:11.462435Z,KXNEAR15M-26OCT042115-15,0.0050,2.00,no
2026-10-05T01:12:11.462435Z,KXNEAR15M-26OCT042115-15,0.0050,96.00,no
2026-10-05T01:12:11.462435Z,KXNEAR15M-26OCT042115-15,0.0060,13.00,no
2026-10-05T01:12:11.462435Z,KXNEAR15M-26OCT042115-15,0.0060,58.00,no
2026-10-05T01:12:11.469949Z,KXNEAR15M-26OCT042115-15,0.0070,5.00,no
2026-10-05T01:12:11.59052Z,KXNEAR15M-26OCT042115-15,0.0060,38.66,yes
2026-10-05T01:12:12.11475Z,KXNEAR15M-26OCT042115-15,0.0060,0.03,yes
2026-10-05T01:12:12.521988Z,KXNEAR15M-26OCT042115-15,0.0060,2.00,no
2026-10-05T01:12:12.521988Z,KXNEAR15M-26OCT042115-15,0.0060,6.00,no
2026-10-05T01:12:12.624156Z,KXNEAR15M-26OCT042115-15,0.0060,0.03,no
2026-10-05T01:12:12.624156Z,KXNEAR15M-26OCT042115-15,0.0060,4.97,no
2026-10-05T01:12:12.631249Z,KXNEAR15M-26OCT042115-15,0.0060,0.03,no
2026-10-05T01:12:12.779686Z,KXNEAR15M-26OCT042115-15,0.0050,36.00,no
2026-10-05T01:12:13.749883Z,KXNEAR15M-26OCT042115-15,0.0090,0.07,yes
2026-10-05T01:12:13.749883Z,KXNEAR15M-26OCT042115-15,0.0090,1.18,yes
2026-10-05T01:12:13.749883Z,KXNEAR15M-26OCT042115-15,0.0090,0.07,yes
2026-10-05T01:12:14.1523Z,KXNEAR15M-26OCT042115-15,0.0050,0.03,no
2026-10-05T01:12:14.873869Z,KXNEAR15M-26OCT042115-15,0.0050,1.00,no
2026-10-05T01:12:17.310943Z,KXNEAR15M-26OCT042115-15,0.0040,20.00,no
2026-10-05T01:12:17.317925Z,KXNEAR15M-26OCT042115-15,0.0040,5.00,no
2026-10-05T01:12:17.421376Z,KXNEAR15M-26OCT042115-15,0.0040,5.00,no
2026-10-05T01:12:17.526917Z,KXNEAR15M-26OCT042115-15,0.0040,10.00,no
2026-10-05T01:12:17.534437Z,KXNEAR15M-26OCT042115-15,0.0040,5.00,no
2026-10-05T01:12:17.750507Z,KXNEAR15M-26OCT042115-15,0.0040,21.00,no
2026-10-05T01:12:17.758848Z,KXNEAR15M-26OCT042115-15,0.0040,1.00,no
2026-10-05T01:12:17.764817Z,KXNEAR15M-26OCT042115-15,0.0040,5.00,no
2026-10-05T01:12:18.513845Z,KXNEAR15M-26OCT042115-15,0.0040,39.00,no
2026-10-05T01:12:18.520697Z,KXNEAR15M-26OCT042115-15,0.0040,1.00,no
2026-10-05T01:12:18.525352Z,KXNEAR15M-26OCT042115-15,0.0040,5.00,no
2026-10-05T01:12:18.560146Z,KXNEAR15M-26OCT042115-15,0.0040,5.00,no
2026-10-05T01:12:18.67111Z,KXNEAR15M-26OCT042115-15,0.0040,5.00,no
2026-10-05T01:12:19.041339Z,KXNEAR15M-26OCT042115-15,0.0040,54.00,no
2026-10-05T01:12:19.046689Z,KXNEAR15M-26OCT042115-15,0.0040,1.00,no
2026-10-05T01:12:19.051136Z,KXNEAR15M-26OCT042115-15,0.0040,5.00,no
2026-10-05T01:12:19.440013Z,KXNEAR15M-26OCT042115-15,0.0040,36.00,no
2026-10-05T01:12:19.445165Z,KXNEAR15M-26OCT042115-15,0.0040,1.00,no
2026-10-05T01:12:19.450797Z,KXNEAR15M-26OCT042115-15,0.0040,5.00,no
2026-10-05T01:12:19.491082Z,KXNEAR15M-26OCT042115-15,0.0040,74.00,no
2026-10-05T01:12:19.497103Z,KXNEAR15M-26OCT042115-15,0.0040,1.00,no
2026-10-05T01:12:19.505044Z,KXNEAR15M-26OCT042115-15,0.0040,5.00,no
2026-10-05T01:12:19.645268Z,KXNEAR15M-26OCT042115-15,0.0110,0.03,yes
2026-10-05T01:12:19.645268Z,KXNEAR15M-26OCT042115-15,0.0080,1.00,yes
2026-10-05T01:12:19.645268Z,KXNEAR15M-26OCT042115-15,0.0080,0.03,yes
2026-10-05T01:12:19.645268Z,KXNEAR15M-26OCT042115-15,0.0090,52.00,yes
2026-10-05T01:12:19.645268Z,KXNEAR15M-26OCT042115-15,0.0090,0.03,yes
2026-10-05T01:12:19.645268Z,KXNEAR15M-26OCT042115-15,0.0100,0.03,yes
2026-10-05T01:12:19.645268Z,KXNEAR15M-26OCT042115-15,0.0120,0.30,yes
2026-10-05T01:12:19.645268Z,KXNEAR15M-26OCT042115-15,0.0120,4.00,yes
2026-10-05T01:12:19.645268Z,KXNEAR15M-26OCT042115-15,0.0090,2.93,yes
2026-10-05T01:12:19.645268Z,KXNEAR15M-26OCT042115-15,0.0080,5.00,yes
2026-10-05T01:12:19.645268Z,KXNEAR15M-26OCT042115-15,0.0080,3.31,yes
2026-10-05T01:12:19.645268Z,KXNEAR15M-26OCT042115-15,0.0080,36.00,yes
2026-10-05T01:12:19.645268Z,KXNEAR15M-26OCT042115-15,0.0100,58.34,yes
2026-10-05T01:12:19.645268Z,KXNEAR15M-26OCT042115-15,0.0080,6.00,yes
2026-10-05T01:12:19.645268Z,KXNEAR15M-26OCT042115-15,0.0080,1.00,yes
2026-10-05T01:12:19.645268Z,KXNEAR15M-26OCT042115-15,0.0080,54.00,yes
2026-10-05T01:12:19.645268Z,KXNEAR15M-26OCT042115-15,0.0080,21.00,yes
2026-10-05T01:12:19.645268Z,KXNEAR15M-26OCT042115-15,0.0080,5.00,yes
2026-10-05T01:12:19.645268Z,KXNEAR15M-26OCT042115-15,0.0080,10.00,yes
2026-10-05T01:12:19.645268Z,KXNEAR15M-26OCT042115-15,0.0080,5.00,yes
2026-10-05T01:12:19.645268Z,KXNEAR15M-26OCT042115-15,0.0080,1.00,yes
2026-10-05T01:12:19.645268Z,KXNEAR15M-26OCT042115-15,0.0080,5.00,yes
2026-10-05T01:12:19.645268Z,KXNEAR15M-26OCT042115-15,0.0080,5.00,yes
2026-10-05T01:12:19.645268Z,KXNEAR15M-26OCT042115-15,0.0070,52.00,yes
2026-10-05T01:12:19.645268Z,KXNEAR15M-26OCT042115-15,0.0070,0.03,yes
2026-10-05T01:12:19.645268Z,KXNEAR15M-26OCT042115-15,0.0080,20.00,yes
2026-10-05T01:12:19.645268Z,KXNEAR15M-26OCT042115-15,0.0080,5.00,yes
2026-10-05T01:12:19.645268Z,KXNEAR15M-26OCT042115-15,0.0080,6.00,yes
2026-10-05T01:12:19.645268Z,KXNEAR15M-26OCT042115-15,0.0080,5.00,yes
2026-10-05T01:12:19.645268Z,KXNEAR15M-26OCT042115-15,0.0080,39.00,yes
2026-10-05T01:12:19.645268Z,KXNEAR15M-26OCT042115-15,0.0100,1.00,yes
2026-10-05T01:12:19.645268Z,KXNEAR15M-26OCT042115-15,0.0070,9.15,yes
2026-10-05T01:12:19.645268Z,KXNEAR15M-26OCT042115-15,0.0100,10.00,yes
2026-10-05T01:12:19.645268Z,KXNEAR15M-26OCT042115-15,0.0120,0.07,yes
2026-10-05T01:12:19.645268Z,KXNEAR15M-26OCT042115-15,0.0100,0.07,yes
2026-10-05T01:12:19.645268Z,KXNEAR15M-26OCT042115-15,0.0110,0.07,yes
2026-10-05T01:12:20.858395Z,KXNEAR15M-26OCT042115-15,0.0040,17.00,no
2026-10-05T01:12:20.861027Z,KXNEAR15M-26OCT042115-15,0.0040,2.00,no
2026-10-05T01:12:20.979406Z,KXNEAR15M-26OCT042115-15,0.0040,2.00,no
2026-10-05T01:12:20.979406Z,KXNEAR15M-26OCT042115-15,0.0040,10.00,no
2026-10-05T01:12:20.979406Z,KXNEAR15M-26OCT042115-15,0.0040,21.00,no
2026-10-05T01:12:20.979406Z,KXNEAR15M-26OCT042115-15,0.0040,1.00,no
2026-10-05T01:12:21.074121Z,KXNEAR15M-26OCT042115-15,0.0040,1.00,no
2026-10-05T01:12:21.074121Z,KXNEAR15M-26OCT042115-15,0.0040,1.00,no
2026-10-05T01:12:21.074121Z,KXNEAR15M-26OCT042115-15,0.0040,1.00,no
2026-10-05T01:12:21.074121Z,KXNEAR15M-26OCT042115-15,0.0040,1.00,no
2026-10-05T01:12:21.074121Z,KXNEAR15M-26OCT042115-15,0.0040,1.00,no
2026-10-05T01:12:21.074121Z,KXNEAR15M-26OCT042115-15,0.0040,11.00,no
2026-10-05T01:12:21.074121Z,KXNEAR15M-26OCT042115-15,0.0040,1.00,no
2026-10-05T01:12:21.074121Z,KXNEAR15M-26OCT042115-15,0.0040,1.00,no
2026-10-05T01:12:21.074121Z,KXNEAR15M-26OCT042115-15,0.0040,1.00,no
2026-10-05T01:12:21.081931Z,KXNEAR15M-26OCT042115-15,0.0040,3.00,no
2026-10-05T01:12:21.081931Z,KXNEAR15M-26OCT042115-15,0.0040,0.03,no
2026-10-05T01:12:23.054816Z,KXNEAR15M-26OCT042115-15,0.0040,1.00,no
2026-10-05T01:12:23.062547Z,KXNEAR15M-26OCT042115-15,0.0040,0.03,no
2026-10-05T01:12:25.632233Z,KXNEAR15M-26OCT042115-15,0.0040,0.97,no
2026-10-05T01:12:26.89201Z,KXNEAR15M-26OCT042115-15,0.0040,0.97,yes
2026-10-05T01:12:26.89201Z,KXNEAR15M-26OCT042115-15,0.0110,0.07,yes
2026-10-05T01:12:26.89201Z,KXNEAR15M-26OCT042115-15,0.0050,10.00,yes
2026-10-05T01:12:26.89201Z,KXNEAR15M-26OCT042115-15,0.0060,4.00,yes
2026-10-05T01:12:26.89201Z,KXNEAR15M-26OCT042115-15,0.0120,3.21,yes
2026-10-05T01:12:26.89201Z,KXNEAR15M-26OCT042115-15,0.0070,52.00,yes
2026-10-05T01:12:26.89201Z,KXNEAR15M-26OCT042115-15,0.0110,10.00,yes
2026-10-05T01:12:26.89201Z,KXNEAR15M-26OCT042115-15,0.0050,52.00,yes
2026-10-05T01:12:26.89201Z,KXNEAR15M-26OCT042115-15,0.0110,1.00,yes
2026-10-05T01:12:26.89201Z,KXNEAR15M-26OCT042115-15,0.0120,3.70,yes
2026-10-05T01:12:27.570766Z,KXNEAR15M-26OCT042115-15,0.0040,1.00,no
2026-10-05T01:12:27.680791Z,KXNEAR15M-26OCT042115-15,0.0040,7.00,no
2026-10-05T01:12:27.852705Z,KXNEAR15M-26OCT042115-15,0.0040,2.00,no
2026-10-05T01:12:28.014018Z,KXNEAR15M-26OCT042115-15,0.0040,40.00,no
2026-10-05T01:12:28.020675Z,KXNEAR15M-26OCT042115-15,0.0040,1.00,no
2026-10-05T01:12:30.947104Z,KXNEAR15M-26OCT042115-15,0.0040,2.97,no
2026-10-05T01:12:30.947104Z,KXNEAR15M-26OCT042115-15,0.0050,0.03,no
2026-10-05T01:12:30.947104Z,KXNEAR15M-26OCT042115-15,0.0050,1.00,no
2026-10-05T01:12:31.729716Z,KXNEAR15M-26OCT042115-15,0.0030,7.00,no
2026-10-05T01:12:31.787408Z,KXNEAR15M-26OCT042115-15,0.0040,1.00,yes
2026-10-05T01:12:31.831044Z,KXNEAR15M-26OCT042115-15,0.0030,1.00,no
2026-10-05T01:12:31.831044Z,KXNEAR15M-26OCT042115-15,0.0030,3.00,no
2026-10-05T01:12:31.831044Z,KXNEAR15M-26OCT042115-15,0.0030,1.00,no
2026-10-05T01:12:32.561684Z,KXNEAR15M-26OCT042115-15,0.0030,5.00,no
2026-10-05T01:12:32.924827Z,KXNEAR15M-26OCT042115-15,0.0030,10.00,no
2026-10-05T01:12:34.935Z,KXNEAR15M-26OCT042115-15,0.0030,21.00,no
2026-10-05T01:12:35.564954Z,KXNEAR15M-26OCT042115-15,0.0030,3.19,no
2026-10-05T01:12:36.09692Z,KXNEAR15M-26OCT042115-15,0.0040,1.00,yes
2026-10-05T01:12:36.09692Z,KXNEAR15M-26OCT042115-15,0.0040,6.00,yes
2026-10-05T01:12:36.09692Z,KXNEAR15M-26OCT042115-15,0.0040,3.00,yes
2026-10-05T01:12:36.09692Z,KXNEAR15M-26OCT042115-15,0.0050,21.12,yes
2026-10-05T01:12:36.09692Z,KXNEAR15M-26OCT042115-15,0.0040,5.00,yes
2026-10-05T01:12:36.09692Z,KXNEAR15M-26OCT042115-15,0.0040,10.00,yes
2026-10-05T01:12:36.09692Z,KXNEAR15M-26OCT042115-15,0.0040,0.03,yes
2026-10-05T01:12:36.09692Z,KXNEAR15M-26OCT042115-15,0.0040,21.00,yes
2026-10-05T01:12:36.09692Z,KXNEAR15M-26OCT042115-15,0.0040,3.19,yes
2026-10-05T01:12:41.070929Z,KXNEAR15M-26OCT042115-15,0.0030,10.00,no
2026-10-05T01:12:41.431156Z,KXNEAR15M-26OCT042115-15,0.0030,4.00,no
2026-10-05T01:12:41.543145Z,KXNEAR15M-26OCT042115-15,0.0030,21.00,no
2026-10-05T01:12:41.552591Z,KXNEAR15M-26OCT042115-15,0.0030,29.00,no
2026-10-05T01:12:44.700772Z,KXNEAR15M-26OCT042115-15,0.0030,5.00,no
2026-10-05T01:12:45.373893Z,KXNEAR15M-26OCT042115-15,0.0030,8.00,no
2026-10-05T01:12:45.655599Z,KXNEAR15M-26OCT042115-15,0.0030,10.00,no
2026-10-05T01:12:49.63503Z,KXNEAR15M-26OCT042115-15,0.0030,4.00,no
2026-10-05T01:12:49.962945Z,KXNEAR15M-26OCT042115-15,0.0030,9.00,no
2026-10-05T01:12:51.857399Z,KXNEAR15M-26OCT042115-15,0.0030,9.00,no
2026-10-05T01:12:52.367104Z,KXNEAR15M-26OCT042115-15,0.0030,5.00,no
2026-10-05T01:12:53.09845Z,KXNEAR15M-26OCT042115-15,0.0030,4.00,no
2026-10-05T01:12:53.775966Z,KXNEAR15M-26OCT042115-15,0.0030,4.00,no
2026-10-05T01:12:55.684863Z,KXNEAR15M-26OCT042115-15,0.0030,3.00,no
2026-10-05T01:12:55.712656Z,KXNEAR15M-26OCT042115-15,0.0030,19.00,no
2026-10-05T01:12:56.018765Z,KXNEAR15M-26OCT042115-15,0.0030,7.00,no
2026-10-05T01:12:56.120947Z,KXNEAR15M-26OCT042115-15,0.0030,8.00,no
2026-10-05T01:12:56.893561Z,KXNEAR15M-26OCT042115-15,0.0030,4.33,no
2026-10-05T01:12:56.893561Z,KXNEAR15M-26OCT042115-15,0.0030,50.81,no
2026-10-05T01:12:57.845286Z,KXNEAR15M-26OCT042115-15,0.0030,7.00,no
2026-10-05T01:12:58.177502Z,KXNEAR15M-26OCT042115-15,0.0030,3.00,no
2026-10-05T01:13:00.315403Z,KXNEAR15M-26OCT042115-15,0.0050,4.00,no
2026-10-05T01:13:00.892099Z,KXNEAR15M-26OCT042115-15,0.0030,1.01,no
2026-10-05T01:13:01.135718Z,KXNEAR15M-26OCT042115-15,0.0030,2.00,no
2026-10-05T01:13:01.135718Z,KXNEAR15M-26OCT042115-15,0.0030,2.00,no
2026-10-05T01:13:01.135718Z,KXNEAR15M-26OCT042115-15,0.0030,2.00,no
2026-10-05T01:13:01.135718Z,KXNEAR15M-26OCT042115-15,0.0030,2.00,no
2026-10-05T01:13:01.135718Z,KXNEAR15M-26OCT042115-15,0.0030,2.00,no
2026-10-05T01:13:01.135718Z,KXNEAR15M-26OCT042115-15,0.0030,2.66,no
2026-10-05T01:13:01.135718Z,KXNEAR15M-26OCT042115-15,0.0030,0.03,no
2026-10-05T01:13:01.135718Z,KXNEAR15M-26OCT042115-15,0.0030,4.87,no
2026-10-05T01:13:01.135718Z,KXNEAR15M-26OCT042115-15,0.0030,1.00,no
2026-10-05T01:13:01.135718Z,KXNEAR15M-26OCT042115-15,0.0030,6.00,no
2026-10-05T01:13:01.470849Z,KXNEAR15M-26OCT042115-15,0.0030,4.00,no
2026-10-05T01:13:01.658209Z,KXNEAR15M-26OCT042115-15,0.0030,3.19,no
2026-10-05T01:13:02.349867Z,KXNEAR15M-26OCT042115-15,0.0030,5.00,no
2026-10-05T01:13:02.656694Z,KXNEAR15M-26OCT042115-15,0.0030,32.18,no
2026-10-05T01:13:03.008819Z,KXNEAR15M-26OCT042115-15,0.0030,2.00,no
2026-10-05T01:13:03.122831Z,KXNEAR15M-26OCT042115-15,0.0030,8.00,no
2026-10-05T01:13:04.492145Z,KXNEAR15M-26OCT042115-15,0.0030,4.00,no
2026-10-05T01:13:06.22705Z,KXNEAR15M-26OCT042115-15,0.0030,21.15,no
2026-10-05T01:13:07.46711Z,KXNEAR15M-26OCT042115-15,0.0040,5.00,yes
2026-10-05T01:13:10.689537Z,KXNEAR15M-26OCT042115-15,0.0030,6.13,no
2026-10-05T01:13:10.700336Z,KXNEAR15M-26OCT042115-15,0.0030,9.00,no
2026-10-05T01:13:10.707391Z,KXNEAR15M-26OCT042115-15,0.0030,2.00,no
2026-10-05T01:13:11.561756Z,KXNEAR15M-26OCT042115-15,0.0030,2.00,no
2026-10-05T01:13:12.67175Z,KXNEAR15M-26OCT042115-15,0.0030,2.00,no
2026-10-05T01:13:13.999143Z,KXNEAR15M-26OCT042115-15,0.0020,10.00,no
2026-10-05T01:13:13.999143Z,KXNEAR15M-26OCT042115-15,0.0010,10.00,no
2026-10-05T01:13:13.999143Z,KXNEAR15M-26OCT042115-15,0.0010,1.00,no
2026-10-05T01:13:13.999143Z,KXNEAR15M-26OCT042115-15,0.0010,80.00,no
2026-10-05T01:13:13.999143Z,KXNEAR15M-26OCT042115-15,0.0010,1.00,no
2026-10-05T01:13:13.999143Z,KXNEAR15M-26OCT042115-15,0.0020,100.00,no
2026-10-05T01:13:13.999143Z,KXNEAR15M-26OCT042115-15,0.0020,400.00,no
2026-10-05T01:13:13.999143Z,KXNEAR15M-26OCT042115-15,0.0010,200.00,no
2026-10-05T01:13:13.999143Z,KXNEAR15M-26OCT042115-15,0.0010,2472.99,no
2026-10-05T01:13:13.999143Z,KXNEAR15M-26OCT042115-15,0.0020,500.00,no
2026-10-05T01:13:13.999143Z,KXNEAR15M-26OCT042115-15,0.0020,50.00,no
2026-10-05T01:13:13.999143Z,KXNEAR15M-26OCT042115-15,0.0020,26.00,no
2026-10-05T01:13:13.999143Z,KXNEAR15M-26OCT042115-15,0.0020,3.00,no
2026-10-05T01:13:13.999143Z,KXNEAR15M-26OCT042115-15,0.0020,3.00,no
2026-10-05T01:13:13.999143Z,KXNEAR15M-26OCT042115-15,0.0020,3.00,no
2026-10-05T01:13:13.999143Z,KXNEAR15M-26OCT042115-15,0.0020,3.00,no
2026-10-05T01:13:13.999143Z,KXNEAR15M-26OCT042115-15,0.0020,3.00,no
2026-10-05T01:13:13.999143Z,KXNEAR15M-26OCT042115-15,0.0020,1250.00,no
2026-10-05T01:13:13.999143Z,KXNEAR15M-26OCT042115-15,0.0020,0.03,no
2026-10-05T01:13:13.999143Z,KXNEAR15M-26OCT042115-15,0.0030,0.03,no
2026-10-05T01:13:13.999143Z,KXNEAR15M-26OCT042115-15,0.0020,104.00,no
2026-10-05T01:13:13.999143Z,KXNEAR15M-26OCT042115-15,0.0030,144.48,no
2026-10-05T01:13:17.84886Z,KXNEAR15M-26OCT042115-15,0.0010,1.00,no
2026-10-05T01:13:24.953634Z,KXNEAR15M-26OCT042115-15,0.0010,26.01,no
2026-10-05T01:13:24.953634Z,KXNEAR15M-26OCT042115-15,0.0010,1.00,no
2026-10-05T01:13:24.953634Z,KXNEAR15M-26OCT042115-15,0.0010,48.00,no
2026-10-05T01:13:31.25384Z,KXNEAR15M-26OCT042115-15,0.0010,852.99,yes
2026-10-05T01:13:31.25384Z,KXNEAR15M-26OCT042115-15,0.0010,5.00,yes
2026-10-05T01:13:31.25384Z,KXNEAR15M-26OCT042115-15,0.0010,4.00,yes
2026-10-05T01:13:31.25384Z,KXNEAR15M-26OCT042115-15,0.0010,10.00,yes
2026-10-05T01:13:31.25384Z,KXNEAR15M-26OCT042115-15,0.0010,5.00,yes
2026-10-05T01:13:31.25384Z,KXNEAR15M-26OCT042115-15,0.0010,10.00,yes
2026-10-05T01:13:31.25384Z,KXNEAR15M-26OCT042115-15,0.0010,29.00,yes
2026-10-05T01:13:51.683268Z,KXNEAR15M-26OCT042115-15,0.0010,1.90,yes
2026-10-05T01:14:06.253887Z,KXNEAR15M-26OCT042115-15,0.0010,395.11,yes
2026-10-05T01:14:06.253887Z,KXNEAR15M-26OCT042115-15,0.0010,8.00,yes
2026-10-05T01:14:06.253887Z,KXNEAR15M-26OCT042115-15,0.0010,3.00,yes
2026-10-05T01:14:06.253887Z,KXNEAR15M-26OCT042115-15,0.0010,2.06,yes
2026-10-05T01:14:06.253887Z,KXNEAR15M-26OCT042115-15,0.0010,4.00,yes
2026-10-05T01:14:42.063023Z,KXNEAR15M-26OCT042115-15,0.0010,1534.49,yes
2026-10-05T01:14:42.063023Z,KXNEAR15M-26OCT042115-15,0.0010,4.00,yes
2026-10-05T01:14:42.063023Z,KXNEAR15M-26OCT042115-15,0.0010,1.00,yes
2026-10-05T01:14:42.063023Z,KXNEAR15M-26OCT042115-15,0.0010,21.15,yes
2026-10-05T01:14:42.063023Z,KXNEAR15M-26OCT042115-15,0.0010,9.00,yes
2026-10-05T01:14:42.063023Z,KXNEAR15M-26OCT042115-15,0.0010,2.00,yes
2026-10-05T01:14:42.063023Z,KXNEAR15M-26OCT042115-15,0.0010,6.13,yes
2026-10-05T01:14:42.063023Z,KXNEAR15M-26OCT042115-15,0.0010,2.00,yes
2026-10-05T01:14:42.063023Z,KXNEAR15M-26OCT042115-15,0.0010,2.00,yes
2026-10-05T01:14:42.063023Z,KXNEAR15M-26OCT042115-15,0.0010,3.19,yes
2026-10-05T01:14:42.063023Z,KXNEAR15M-26OCT042115-15,0.0010,4.00,yes
2026-10-05T01:14:42.063023Z,KXNEAR15M-26OCT042115-15,0.0010,4.87,yes
2026-10-05T01:14:42.063023Z,KXNEAR15M-26OCT042115-15,0.0010,32.18,yes
2026-10-05T01:14:42.063023Z,KXNEAR15M-26OCT042115-15,0.0010,5.00,yes
2026-10-05T01:14:42.063023Z,KXNEAR15M-26OCT042115-15,0.0010,8.00,yes
2026-10-05T01:14:42.063023Z,KXNEAR15M-26OCT042115-15,0.0010,2.00,yes
2026-10-05T01:14:42.063023Z,KXNEAR15M-26OCT042115-15,0.0010,4.00,yes
2026-10-05T01:14:42.063023Z,KXNEAR15M-26OCT042115-15,0.0010,26.01,yes
2026-10-05T01:14:42.063023Z,KXNEAR15M-26OCT042115-15,0.0010,155.00,yes
2026-10-05T01:14:42.063023Z,KXNEAR15M-26OCT042115-15,0.0010,144.48,yes
2026-10-05T01:14:42.063023Z,KXNEAR15M-26OCT042115-15,0.0010,500.00,yes
2026-10-05T01:14:42.063023Z,KXNEAR15M-26OCT042115-15,0.0010,2472.99,yes
2026-10-05T01:14:42.063023Z,KXNEAR15M-26OCT042115-15,0.0010,1.00,yes
2026-10-05T01:14:42.063023Z,KXNEAR15M-26OCT042115-15,0.0010,4.00,yes
2026-10-05T01:14:42.063023Z,KXNEAR15M-26OCT042115-15,0.0010,21.00,yes
2026-10-05T01:14:42.063023Z,KXNEAR15M-26OCT042115-15,0.0010,9.00,yes
2026-10-05T01:14:42.063023Z,KXNEAR15M-26OCT042115-15,0.0010,9.00,yes
2026-10-05T01:14:42.063023Z,KXNEAR15M-26OCT042115-15,0.0010,4.00,yes
2026-10-05T01:14:42.063023Z,KXNEAR15M-26OCT042115-15,0.0010,19.00,yes
2026-10-05T01:14:42.063023Z,KXNEAR15M-26OCT042115-15,0.0010,4.94,yes
2026-10-05T01:14:42.063023Z,KXNEAR15M-26OCT042115-15,0.0010,50.81,yes
2026-10-05T01:14:42.063023Z,KXNEAR15M-26OCT042115-15,0.0010,8.00,yes
2026-10-05T01:14:49.914557Z,KXNEAR15M-26OCT042115-15,0.0020,569.00,yes
2026-10-05T01:14:49.914557Z,KXNEAR15M-26OCT042115-15,0.0020,1278.00,yes
2026-10-05T01:14:49.914557Z,KXNEAR15M-26OCT042115-15,0.0010,743.59,yes
2026-10-05T01:14:49.914557Z,KXNEAR15M-26OCT042115-15,0.0010,70.00,yes
2026-10-05T01:14:49.914557Z,KXNEAR15M-26OCT042115-15,0.0010,2.00,yes
2026-10-05T01:14:49.914557Z,KXNEAR15M-26OCT042115-15,0.0010,10.00,yes
2026-10-05T01:14:49.914557Z,KXNEAR15M-26OCT042115-15,0.0010,7.44,yes
2026-10-05T01:14:49.914557Z,KXNEAR15M-26OCT042115-15,0.0010,3177.51,yes
2026-10-05T01:14:49.914557Z,KXNEAR15M-26OCT042115-15,0.0020,10.00,yes
2026-10-05T01:14:49.914557Z,KXNEAR15M-26OCT042115-15,0.0030,72.98,yes
2026-10-05T01:14:49.933117Z,KXNEAR15M-26OCT042115-15,0.0010,72.00,no
2026-10-05T01:14:49.93607Z,KXNEAR15M-26OCT042115-15,0.0010,68.00,no
2026-10-05T01:14:49.93607Z,KXNEAR15M-26OCT042115-15,0.0010,0.98,no
2026-10-05T01:12:27.652076Z,KXSILVER15M-26OCT042115-15,0.9820,10.00,yes
2026-10-05T01:12:27.652076Z,KXSILVER15M-26OCT042115-15,0.9820,7.14,yes
2026-10-05T01:12:34.380711Z,KXSILVER15M-26OCT042115-15,0.9840,18.30,yes
2026-10-05T01:12:34.380711Z,KXSILVER15M-26OCT042115-15,0.9840,2.00,yes
2026-10-05T01:12:37.198301Z,KXSILVER15M-26OCT042115-15,0.9810,24.62,no
2026-10-05T01:12:40.940062Z,KXSILVER15M-26OCT042115-15,0.9860,21.00,yes
2026-10-05T01:12:40.940062Z,KXSILVER15M-26OCT042115-15,0.9860,9.00,yes
2026-10-05T01:12:40.940062Z,KXSILVER15M-26OCT042115-15,0.9880,16.00,yes
2026-10-05T01:12:40.940062Z,KXSILVER15M-26OCT042115-15,0.9880,14.00,yes
2026-10-05T01:12:50.659264Z,KXSILVER15M-26OCT042115-15,0.9800,18.26,no
2026-10-05T01:12:50.659264Z,KXSILVER15M-26OCT042115-15,0.9810,16.00,no
2026-10-05T01:12:50.659264Z,KXSILVER15M-26OCT042115-15,0.9810,14.00,no
2026-10-05T01:12:55.094726Z,KXSILVER15M-26OCT042115-15,0.9800,46.79,no
2026-10-05T01:12:55.216256Z,KXSILVER15M-26OCT042115-15,0.9800,130.28,no
2026-10-05T01:12:55.216256Z,KXSILVER15M-26OCT042115-15,0.9760,1.00,no
2026-10-05T01:12:55.216256Z,KXSILVER15M-26OCT042115-15,0.9750,150.00,no
2026-10-05T01:12:55.216256Z,KXSILVER15M-26OCT042115-15,0.9740,1079.66,no
2026-10-05T01:12:55.216256Z,KXSILVER15M-26OCT042115-15,0.9800,10.00,no
2026-10-05T01:12:57.920816Z,KXSILVER15M-26OCT042115-15,0.9760,3.34,no
2026-10-05T01:13:02.483103Z,KXSILVER15M-26OCT042115-15,0.9850,10.00,yes
2026-10-05T01:13:02.700097Z,KXSILVER15M-26OCT042115-15,0.9790,150.00,no
2026-10-05T01:13:02.700097Z,KXSILVER15M-26OCT042115-15,0.9760,54.60,no
2026-10-05T01:13:02.700097Z,KXSILVER15M-26OCT042115-15,0.9790,10.00,no
2026-10-05T01:13:04.867731Z,KXSILVER15M-26OCT042115-15,0.9850,3.62,yes
2026-10-05T01:13:06.679762Z,KXSILVER15M-26OCT042115-15,0.9820,103.96,no
2026-10-05T01:13:07.712596Z,KXSILVER15M-26OCT042115-15,0.9900,2.00,yes
2026-10-05T01:13:07.712596Z,KXSILVER15M-26OCT042115-15,0.9900,34.17,yes
2026-10-05T01:13:07.712596Z,KXSILVER15M-26OCT042115-15,0.9900,2.84,yes
2026-10-05T01:13:07.712596Z,KXSILVER15M-26OCT042115-15,0.9880,1.94,yes
2026-10-05T01:13:07.712596Z,KXSILVER15M-26OCT042115-15,0.9880,23.06,yes
2026-10-05T01:13:07.712596Z,KXSILVER15M-26OCT042115-15,0.9900,25.00,yes
2026-10-05T01:13:07.712596Z,KXSILVER15M-26OCT042115-15,0.9900,1.00,yes
2026-10-05T01:13:07.712596Z,KXSILVER15M-26OCT042115-15,0.9870,1.00,yes
2026-10-05T01:13:07.712596Z,KXSILVER15M-26OCT042115-15,0.9920,62.99,yes
2026-10-05T01:13:07.712596Z,KXSILVER15M-26OCT042115-15,0.9880,14.00,yes
2026-10-05T01:13:07.712596Z,KXSILVER15M-26OCT042115-15,0.9880,16.00,yes
2026-10-05T01:13:07.712596Z,KXSILVER15M-26OCT042115-15,0.9870,11.00,yes
2026-10-05T01:13:07.712596Z,KXSILVER15M-26OCT042115-15,0.9910,6.00,yes
2026-10-05T01:13:08.028033Z,KXSILVER15M-26OCT042115-15,0.9900,2.00,yes
2026-10-05T01:13:08.462756Z,KXSILVER15M-26OCT042115-15,0.9840,0.80,no
2026-10-05T01:13:08.655536Z,KXSILVER15M-26OCT042115-15,0.9900,17.69,yes
2026-10-05T01:13:09.390192Z,KXSILVER15M-26OCT042115-15,0.9900,1.00,yes
2026-10-05T01:13:10.54279Z,KXSILVER15M-26OCT042115-15,0.9860,6.68,no
2026-10-05T01:13:12.57655Z,KXSILVER15M-26OCT042115-15,0.9900,1.00,yes
2026-10-05T01:13:12.57655Z,KXSILVER15M-26OCT042115-15,0.9900,3.31,yes
2026-10-05T01:13:12.57655Z,KXSILVER15M-26OCT042115-15,0.9920,5.77,yes
2026-10-05T01:13:12.717938Z,KXSILVER15M-26OCT042115-15,0.9860,3.47,no
2026-10-05T01:13:12.717938Z,KXSILVER15M-26OCT042115-15,0.9840,2.34,no
2026-10-05T01:13:16.44381Z,KXSILVER15M-26OCT042115-15,0.9920,7.00,yes
2026-10-05T01:13:16.44381Z,KXSILVER15M-26OCT042115-15,0.9920,13.00,yes
2026-10-05T01:13:18.736549Z,KXSILVER15M-26OCT042115-15,0.9910,60.96,no
2026-10-05T01:13:20.681217Z,KXSILVER15M-26OCT042115-15,0.9910,25.00,no
2026-10-05T01:13:20.681217Z,KXSILVER15M-26OCT042115-15,0.9910,265.02,no
2026-10-05T01:13:22.428072Z,KXSILVER15M-26OCT042115-15,0.9910,25.00,no
2026-10-05T01:13:22.428072Z,KXSILVER15M-26OCT042115-15,0.9900,0.93,no
2026-10-05T01:13:22.428072Z,KXSILVER15M-26OCT042115-15,0.9910,25.00,no
2026-10-05T01:13:22.834164Z,KXSILVER15M-26OCT042115-15,0.9930,31.21,yes
2026-10-05T01:13:23.135049Z,KXSILVER15M-26OCT042115-15,0.9930,622.06,yes
2026-10-05T01:13:24.454696Z,KXSILVER15M-26OCT042115-15,0.9920,91.88,no
2026-10-05T01:13:24.454696Z,KXSILVER15M-26OCT042115-15,0.9920,25.00,no
2026-10-05T01:13:25.956266Z,KXSILVER15M-26OCT042115-15,0.9940,0.79,yes
2026-10-05T01:13:26.377713Z,KXSILVER15M-26OCT042115-15,0.9950,11.00,yes
2026-10-05T01:13:26.377713Z,KXSILVER15M-26OCT042115-15,0.9950,26.14,yes
2026-10-05T01:13:26.377713Z,KXSILVER15M-26OCT042115-15,0.9940,7.21,yes
2026-10-05T01:13:26.377713Z,KXSILVER15M-26OCT042115-15,0.9940,1.00,yes
2026-10-05T01:13:26.377713Z,KXSILVER15M-26OCT042115-15,0.9940,0.79,yes
2026-10-05T01:13:27.587352Z,KXSILVER15M-26OCT042115-15,0.9950,150.00,yes
2026-10-05T01:13:27.587352Z,KXSILVER15M-26OCT042115-15,0.9950,404.68,yes
2026-10-05T01:13:28.738751Z,KXSILVER15M-26OCT042115-15,0.9950,14.00,yes
2026-10-05T01:13:29.893044Z,KXSILVER15M-26OCT042115-15,0.9930,21.37,no
2026-10-05T01:13:31.284595Z,KXSILVER15M-26OCT042115-15,0.9950,482.00,yes
2026-10-05T01:13:31.928978Z,KXSILVER15M-26OCT042115-15,0.9950,119.00,yes
2026-10-05T01:13:35.499783Z,KXSILVER15M-26OCT042115-15,0.9970,86.24,yes
2026-10-05T01:13:35.499783Z,KXSILVER15M-26OCT042115-15,0.9960,1.00,yes
2026-10-05T01:13:35.499783Z,KXSILVER15M-26OCT042115-15,0.9960,1.00,yes
2026-10-05T01:13:35.499783Z,KXSILVER15M-26OCT042115-15,0.9960,1.00,yes
2026-10-05T01:13:35.499783Z,KXSILVER15M-26OCT042115-15,0.9960,13.00,yes
2026-10-05T01:13:35.499783Z,KXSILVER15M-26OCT042115-15,0.9960,1.00,yes
2026-10-05T01:13:35.499783Z,KXSILVER15M-26OCT042115-15,0.9960,1.00,yes
2026-10-05T01:13:35.499783Z,KXSILVER15M-26OCT042115-15,0.9950,1.00,yes
2026-10-05T01:13:35.499783Z,KXSILVER15M-26OCT042115-15,0.9960,6.00,yes
2026-10-05T01:13:35.499783Z,KXSILVER15M-26OCT042115-15,0.9950,21.00,yes
2026-10-05T01:13:36.037319Z,KXSILVER15M-26OCT042115-15,0.9940,18.69,no
2026-10-05T01:13:36.452432Z,KXSILVER15M-26OCT042115-15,0.9950,1.00,yes
2026-10-05T01:13:36.452432Z,KXSILVER15M-26OCT042115-15,0.9950,15.00,yes
2026-10-05T01:13:36.657435Z,KXSILVER15M-26OCT042115-15,0.9970,1.00,yes
2026-10-05T01:13:37.509631Z,KXSILVER15M-26OCT042115-15,0.9940,67.55,no
2026-10-05T01:13:37.509631Z,KXSILVER15M-26OCT042115-15,0.9940,1.00,no
2026-10-05T01:13:37.509631Z,KXSILVER15M-26OCT042115-15,0.9940,71.04,no
2026-10-05T01:13:37.509631Z,KXSILVER15M-26OCT042115-15,0.9940,10.00,no
2026-10-05T01:13:38.500824Z,KXSILVER15M-26OCT042115-15,0.9970,162.76,yes
2026-10-05T01:13:38.500824Z,KXSILVER15M-26OCT042115-15,0.9970,18.00,yes
2026-10-05T01:13:38.500824Z,KXSILVER15M-26OCT042115-15,0.9970,2.00,yes
2026-10-05T01:13:38.500824Z,KXSILVER15M-26OCT042115-15,0.9970,2.00,yes
2026-10-05T01:13:38.500824Z,KXSILVER15M-26OCT042115-15,0.9970,2.00,yes
2026-10-05T01:13:38.500824Z,KXSILVER15M-26OCT042115-15,0.9970,2.00,yes
2026-10-05T01:13:38.500824Z,KXSILVER15M-26OCT042115-15,0.9970,2.00,yes
2026-10-05T01:13:38.500824Z,KXSILVER15M-26OCT042115-15,0.9970,1048.03,yes
2026-10-05T01:13:38.500824Z,KXSILVER15M-26OCT042115-15,0.9970,150.00,yes
2026-10-05T01:13:40.071063Z,KXSILVER15M-26OCT042115-15,0.9970,208.58,yes
2026-10-05T01:13:42.950384Z,KXSILVER15M-26OCT042115-15,0.9950,186.97,no
2026-10-05T01:13:46.24902Z,KXSILVER15M-26OCT042115-15,0.9950,40.00,no
2026-10-05T01:13:46.24902Z,KXSILVER15M-26OCT042115-15,0.9910,10.00,no
2026-10-05T01:13:46.24902Z,KXSILVER15M-26OCT042115-15,0.9910,25.00,no
2026-10-05T01:13:46.24902Z,KXSILVER15M-26OCT042115-15,0.9900,25.00,no
2026-10-05T01:13:46.24902Z,KXSILVER15M-26OCT042115-15,0.9920,25.00,no
2026-10-05T01:13:46.24902Z,KXSILVER15M-26OCT042115-15,0.9950,84.96,no
2026-10-05T01:13:46.24902Z,KXSILVER15M-26OCT042115-15,0.9930,25.00,no
2026-10-05T01:13:46.24902Z,KXSILVER15M-26OCT042115-15,0.9950,162.76,no
2026-10-05T01:13:46.24902Z,KXSILVER15M-26OCT042115-15,0.9900,18.01,no
2026-10-05T01:13:46.24902Z,KXSILVER15M-26OCT042115-15,0.9940,25.00,no
2026-10-05T01:13:46.24902Z,KXSILVER15M-26OCT042115-15,0.9940,25.00,no
2026-10-05T01:13:46.24902Z,KXSILVER15M-26OCT042115-15,0.9940,300.00,no
2026-10-05T01:14:00.859701Z,KXSILVER15M-26OCT042115-15,0.9980,59.00,yes
2026-10-05T01:14:00.859701Z,KXSILVER15M-26OCT042115-15,0.9970,150.00,yes
2026-10-05T01:14:00.859701Z,KXSILVER15M-26OCT042115-15,0.9970,6.00,yes
2026-10-05T01:14:00.859701Z,KXSILVER15M-26OCT042115-15,0.9970,10.00,yes
2026-10-05T01:14:08.971101Z,KXSILVER15M-26OCT042115-15,0.9930,65.45,no
2026-10-05T01:14:18.364973Z,KXSILVER15M-26OCT042115-15,0.9930,16.71,no
2026-10-05T01:14:18.364973Z,KXSILVER15M-26OCT042115-15,0.9930,10.00,no
2026-10-05T01:14:20.879457Z,KXSILVER15M-26OCT042115-15,0.9930,136.07,no
2026-10-05T01:14:20.879457Z,KXSILVER15M-26OCT042115-15,0.9930,0.01,no
2026-10-05T01:14:20.879457Z,KXSILVER15M-26OCT042115-15,0.9930,42.29,no
2026-10-05T01:14:21.651891Z,KXSILVER15M-26OCT042115-15,0.9930,14.69,no
2026-10-05T01:14:27.1503Z,KXSILVER15M-26OCT042115-15,0.9980,24.92,yes
2026-10-05T01:14:32.06261Z,KXSILVER15M-26OCT042115-15,0.9980,60.00,yes
2026-10-05T01:14:32.45077Z,KXSILVER15M-26OCT042115-15,0.9980,50.00,yes
2026-10-05T01:14:34.68699Z,KXSILVER15M-26OCT042115-15,0.9980,1.00,yes
2026-10-05T01:14:36.209677Z,KXSILVER15M-26OCT042115-15,0.9980,3.00,yes
2026-10-05T01:14:37.726606Z,KXSILVER15M-26OCT042115-15,0.9980,47.07,yes
2026-10-05T01:14:38.512906Z,KXSILVER15M-26OCT042115-15,0.9980,101.00,yes
2026-10-05T01:14:39.047081Z,KXSILVER15M-26OCT042115-15,0.9980,50.00,yes
2026-10-05T01:14:39.058239Z,KXSILVER15M-26OCT042115-15,0.9980,63.00,yes
2026-10-05T01:14:39.297534Z,KXSILVER15M-26OCT042115-15,0.9980,47.00,yes
2026-10-05T01:14:39.649285Z,KXSILVER15M-26OCT042115-15,0.9980,35.00,yes
2026-10-05T01:14:39.868923Z,KXSILVER15M-26OCT042115-15,0.9940,1.00,no
2026-10-05T01:14:39.868923Z,KXSILVER15M-26OCT042115-15,0.9940,0.01,no
2026-10-05T01:14:39.868923Z,KXSILVER15M-26OCT042115-15,0.9940,14.57,no
2026-10-05T01:14:44.323495Z,KXSILVER15M-26OCT042115-15,0.9980,10.00,yes
2026-10-05T01:14:44.594367Z,KXSILVER15M-26OCT042115-15,0.9980,13.60,yes
2026-10-05T01:14:44.8014Z,KXSILVER15M-26OCT042115-15,0.9980,6.00,yes
2026-10-05T01:14:45.107138Z,KXSILVER15M-26OCT042115-15,0.9980,1.00,yes
2026-10-05T01:14:45.107138Z,KXSILVER15M-26OCT042115-15,0.9980,5.00,yes
2026-10-05T01:14:45.107138Z,KXSILVER15M-26OCT042115-15,0.9980,1.00,yes
2026-10-05T01:14:45.107138Z,KXSILVER15M-26OCT042115-15,0.9980,1.00,yes
2026-10-05T01:14:45.107138Z,KXSILVER15M-26OCT042115-15,0.9980,3.00,yes
2026-10-05T01:14:45.107138Z,KXSILVER15M-26OCT042115-15,0.9980,3.00,yes
2026-10-05T01:14:45.107138Z,KXSILVER15M-26OCT042115-15,0.9980,3.00,yes
2026-10-05T01:14:45.107138Z,KXSILVER15M-26OCT042115-15,0.9980,3.00,yes
2026-10-05T01:14:45.107138Z,KXSILVER15M-26OCT042115-15,0.9980,3.00,yes
2026-10-05T01:14:45.107138Z,KXSILVER15M-26OCT042115-15,0.9980,26.00,yes
2026-10-05T01:14:45.107138Z,KXSILVER15M-26OCT042115-15,0.9980,29.41,yes
2026-10-05T01:14:45.381884Z,KXSILVER15M-26OCT042115-15,0.9980,79.59,no
2026-10-05T01:14:45.381884Z,KXSILVER15M-26OCT042115-15,0.9980,114.00,no
2026-10-05T01:14:46.932037Z,KXSILVER15M-26OCT042115-15,0.9980,46.15,yes
2026-10-05T01:14:48.076528Z,KXSILVER15M-26OCT042115-15,0.9980,5.00,yes
2026-10-05T01:14:48.076528Z,KXSILVER15M-26OCT042115-15,0.9980,12.85,yes
2026-10-05T01:14:49.081787Z,KXSILVER15M-26OCT042115-15,0.9980,146.47,no
2026-10-05T01:14:49.764279Z,KXSILVER15M-26OCT042115-15,0.9990,5.00,yes
2026-10-05T01:14:49.915855Z,KXSILVER15M-26OCT042115-15,0.9990,31.00,yes
2026-10-05T01:14:50.978293Z,KXSILVER15M-26OCT042115-15,0.9990,24.02,yes
2026-10-05T01:14:50.978293Z,KXSILVER15M-26OCT042115-15,0.9990,1.00,yes
2026-10-05T01:14:51.959179Z,KXSILVER15M-26OCT042115-15,0.9990,10.00,yes
2026-10-05T01:14:51.959179Z,KXSILVER15M-26OCT042115-15,0.9990,1.00,yes
2026-10-05T01:14:51.959179Z,KXSILVER15M-26OCT042115-15,0.9990,325.98,yes
2026-10-05T01:14:52.081895Z,KXSILVER15M-26OCT042115-15,0.9990,59.00,no
2026-10-05T01:14:52.081895Z,KXSILVER15M-26OCT042115-15,0.9990,213.02,no
2026-10-05T01:14:52.590972Z,KXSILVER15M-26OCT042115-15,0.9990,42.00,no
2026-10-05T01:14:54.834794Z,KXSILVER15M-26OCT042115-15,0.9990,348.64,no
2026-10-05T01:12:55.004486Z,KXDOGE15M-26OCT042115-15,0.9740,1.06,yes
2026-10-05T01:12:56.231955Z,KXDOGE15M-26OCT042115-15,0.9740,1.00,yes
2026-10-05T01:12:56.231955Z,KXDOGE15M-26OCT042115-15,0.9730,10.00,yes
2026-10-05T01:12:56.231955Z,KXDOGE15M-26OCT042115-15,0.9730,0.03,yes
2026-10-05T01:12:56.231955Z,KXDOGE15M-26OCT042115-15,0.9790,14.01,yes
2026-10-05T01:12:56.231955Z,KXDOGE15M-26OCT042115-15,0.9740,1.94,yes
2026-10-05T01:12:56.231955Z,KXDOGE15M-26OCT042115-15,0.9740,0.22,yes
2026-10-05T01:12:56.231955Z,KXDOGE15M-26OCT042115-15,0.9750,3.00,yes
2026-10-05T01:12:56.231955Z,KXDOGE15M-26OCT042115-15,0.9790,0.03,yes
2026-10-05T01:12:56.231955Z,KXDOGE15M-26OCT042115-15,0.9750,0.03,yes
2026-10-05T01:12:56.231955Z,KXDOGE15M-26OCT042115-15,0.9740,0.03,yes
2026-10-05T01:12:56.371464Z,KXDOGE15M-26OCT042115-15,0.9580,10.00,no
2026-10-05T01:12:56.371464Z,KXDOGE15M-26OCT042115-15,0.9610,3.00,no
2026-10-05T01:12:56.371464Z,KXDOGE15M-26OCT042115-15,0.9590,6.00,no
2026-10-05T01:12:56.371464Z,KXDOGE15M-26OCT042115-15,0.9620,3.00,no
2026-10-05T01:12:56.371464Z,KXDOGE15M-26OCT042115-15,0.9590,0.11,no
2026-10-05T01:12:56.371464Z,KXDOGE15M-26OCT042115-15,0.9600,0.10,no
2026-10-05T01:12:56.371464Z,KXDOGE15M-26OCT042115-15,0.9620,0.08,no
2026-10-05T01:12:56.371464Z,KXDOGE15M-26OCT042115-15,0.9570,0.10,no
2026-10-05T01:12:56.371464Z,KXDOGE15M-26OCT042115-15,0.9510,32.00,no
2026-10-05T01:12:56.371464Z,KXDOGE15M-26OCT042115-15,0.9610,0.09,no
2026-10-05T01:12:56.371464Z,KXDOGE15M-26OCT042115-15,0.9500,315.02,no
2026-10-05T01:12:56.371464Z,KXDOGE15M-26OCT042115-15,0.9550,0.12,no
2026-10-05T01:12:56.371464Z,KXDOGE15M-26OCT042115-15,0.9560,0.11,no
2026-10-05T01:12:56.371464Z,KXDOGE15M-26OCT042115-15,0.9580,0.09,no
2026-10-05T01:12:56.371464Z,KXDOGE15M-26OCT042115-15,0.9560,5.00,no
2026-10-05T01:12:56.371464Z,KXDOGE15M-26OCT042115-15,0.9510,0.08,no
2026-10-05T01:12:56.371464Z,KXDOGE15M-26OCT042115-15,0.9530,0.07,no
2026-10-05T01:12:56.371464Z,KXDOGE15M-26OCT042115-15,0.9540,0.07,no
2026-10-05T01:12:56.371464Z,KXDOGE15M-26OCT042115-15,0.9520,0.08,no
2026-10-05T01:12:56.371464Z,KXDOGE15M-26OCT042115-15,0.9500,0.09,no
2026-10-05T01:12:56.371464Z,KXDOGE15M-26OCT042115-15,0.9530,2.00,no
2026-10-05T01:12:57.109398Z,KXDOGE15M-26OCT042115-15,0.9640,6.43,yes
2026-10-05T01:12:58.909802Z,KXDOGE15M-26OCT042115-15,0.9620,3.00,no
2026-10-05T01:12:58.909802Z,KXDOGE15M-26OCT042115-15,0.9630,1.00,no
2026-10-05T01:12:58.909802Z,KXDOGE15M-26OCT042115-15,0.9510,0.72,no
2026-10-05T01:12:58.909802Z,KXDOGE15M-26OCT042115-15,0.9610,3.00,no
2026-10-05T01:12:58.909802Z,KXDOGE15M-26OCT042115-15,0.9550,0.07,no
2026-10-05T01:12:58.909802Z,KXDOGE15M-26OCT042115-15,0.9540,0.07,no
2026-10-05T01:12:58.909802Z,KXDOGE15M-26OCT042115-15,0.9530,0.08,no
2026-10-05T01:12:58.909802Z,KXDOGE15M-26OCT042115-15,0.9520,0.08,no
2026-10-05T01:12:58.993764Z,KXDOGE15M-26OCT042115-15,0.9700,0.03,yes
2026-10-05T01:12:58.993764Z,KXDOGE15M-26OCT042115-15,0.9690,0.03,yes
2026-10-05T01:12:58.993764Z,KXDOGE15M-26OCT042115-15,0.9750,0.31,yes
2026-10-05T01:12:58.993764Z,KXDOGE15M-26OCT042115-15,0.9700,1.00,yes
2026-10-05T01:12:58.993764Z,KXDOGE15M-26OCT042115-15,0.9670,1.19,yes
2026-10-05T01:12:58.993764Z,KXDOGE15M-26OCT042115-15,0.9670,0.03,yes
2026-10-05T01:12:59.055869Z,KXDOGE15M-26OCT042115-15,0.9750,2.69,yes
2026-10-05T01:12:59.055869Z,KXDOGE15M-26OCT042115-15,0.9780,24.00,yes
2026-10-05T01:12:59.055869Z,KXDOGE15M-26OCT042115-15,0.9760,3.00,yes
2026-10-05T01:12:59.055869Z,KXDOGE15M-26OCT042115-15,0.9760,1.00,yes
2026-10-05T01:12:59.055869Z,KXDOGE15M-26OCT042115-15,0.9780,0.03,yes
2026-10-05T01:12:59.055869Z,KXDOGE15M-26OCT042115-15,0.9760,0.03,yes
2026-10-05T01:12:59.055869Z,KXDOGE15M-26OCT042115-15,0.9790,10.00,yes
2026-10-05T01:12:59.055869Z,KXDOGE15M-26OCT042115-15,0.9800,8.22,yes
2026-10-05T01:12:59.055869Z,KXDOGE15M-26OCT042115-15,0.9800,1.00,yes
2026-10-05T01:12:59.055869Z,KXDOGE15M-26OCT042115-15,0.9800,0.03,yes
2026-10-05T01:12:59.14733Z,KXDOGE15M-26OCT042115-15,0.9620,3.00,no
2026-10-05T01:12:59.14733Z,KXDOGE15M-26OCT042115-15,0.9620,31.00,no
2026-10-05T01:13:00.009377Z,KXDOGE15M-26OCT042115-15,0.9710,1.27,yes
2026-10-05T01:13:00.406078Z,KXDOGE15M-26OCT042115-15,0.9690,3.70,yes
2026-10-05T01:13:00.406078Z,KXDOGE15M-26OCT042115-15,0.9660,0.30,yes
2026-10-05T01:13:00.760538Z,KXDOGE15M-26OCT042115-15,0.9590,3.00,no
2026-10-05T01:13:00.760538Z,KXDOGE15M-26OCT042115-15,0.9540,0.07,no
2026-10-05T01:13:00.760538Z,KXDOGE15M-26OCT042115-15,0.9600,3.00,no
2026-10-05T01:13:00.760538Z,KXDOGE15M-26OCT042115-15,0.9510,0.09,no
2026-10-05T01:13:00.760538Z,KXDOGE15M-26OCT042115-15,0.9530,0.07,no
2026-10-05T01:13:00.760538Z,KXDOGE15M-26OCT042115-15,0.9500,0.09,no
2026-10-05T01:13:00.760538Z,KXDOGE15M-26OCT042115-15,0.9500,1.00,no
2026-10-05T01:13:00.760538Z,KXDOGE15M-26OCT042115-15,0.9520,0.08,no
2026-10-05T01:13:00.760538Z,KXDOGE15M-26OCT042115-15,0.9550,1.00,no
2026-10-05T01:13:00.760538Z,KXDOGE15M-26OCT042115-15,0.9500,19.59,no
2026-10-05T01:13:00.760538Z,KXDOGE15M-26OCT042115-15,0.9550,10.00,no
2026-10-05T01:13:00.783131Z,KXDOGE15M-26OCT042115-15,0.9700,0.03,yes
2026-10-05T01:13:00.783131Z,KXDOGE15M-26OCT042115-15,0.9750,3.00,yes
2026-10-05T01:13:00.783131Z,KXDOGE15M-26OCT042115-15,0.9760,3.00,yes
2026-10-05T01:13:00.783131Z,KXDOGE15M-26OCT042115-15,0.9790,0.03,yes
2026-10-05T01:13:00.783131Z,KXDOGE15M-26OCT042115-15,0.9770,0.03,yes
2026-10-05T01:13:00.783131Z,KXDOGE15M-26OCT042115-15,0.9800,33.91,yes
2026-10-05T01:13:01.052663Z,KXDOGE15M-26OCT042115-15,0.9750,8.00,no
2026-10-05T01:13:01.052663Z,KXDOGE15M-26OCT042115-15,0.9750,3.00,no
2026-10-05T01:13:01.270905Z,KXDOGE15M-26OCT042115-15,0.9750,3.00,no
2026-10-05T01:13:01.571887Z,KXDOGE15M-26OCT042115-15,0.9690,3.71,no
2026-10-05T01:13:01.571887Z,KXDOGE15M-26OCT042115-15,0.9750,14.00,no
2026-10-05T01:13:01.571887Z,KXDOGE15M-26OCT042115-15,0.9700,2.15,no
2026-10-05T01:13:02.056678Z,KXDOGE15M-26OCT042115-15,0.9750,0.03,yes
2026-10-05T01:13:02.056678Z,KXDOGE15M-26OCT042115-15,0.9740,0.03,yes
2026-10-05T01:13:02.056678Z,KXDOGE15M-26OCT042115-15,0.9780,3.00,yes
2026-10-05T01:13:02.056678Z,KXDOGE15M-26OCT042115-15,0.9780,0.03,yes
2026-10-05T01:13:02.056678Z,KXDOGE15M-26OCT042115-15,0.9790,0.03,yes
2026-10-05T01:13:02.056678Z,KXDOGE15M-26OCT042115-15,0.9790,3.00,yes
2026-10-05T01:13:02.056678Z,KXDOGE15M-26OCT042115-15,0.9760,0.03,yes
2026-10-05T01:13:02.056678Z,KXDOGE15M-26OCT042115-15,0.9740,9.00,yes
2026-10-05T01:13:02.056678Z,KXDOGE15M-26OCT042115-15,0.9760,0.40,yes
2026-10-05T01:13:02.593825Z,KXDOGE15M-26OCT042115-15,0.9620,3.00,no
2026-10-05T01:13:02.593825Z,KXDOGE15M-26OCT042115-15,0.9610,3.00,no
2026-10-05T01:13:02.593825Z,KXDOGE15M-26OCT042115-15,0.9690,0.03,no
2026-10-05T01:13:02.593825Z,KXDOGE15M-26OCT042115-15,0.9700,0.03,no
2026-10-05T01:13:02.593825Z,KXDOGE15M-26OCT042115-15,0.9690,1.29,no
2026-10-05T01:13:02.593825Z,KXDOGE15M-26OCT042115-15,0.9600,62.98,no
2026-10-05T01:13:03.152719Z,KXDOGE15M-26OCT042115-15,0.9790,1.00,yes
2026-10-05T01:13:03.152719Z,KXDOGE15M-26OCT042115-15,0.9800,1.00,yes
2026-10-05T01:13:03.152719Z,KXDOGE15M-26OCT042115-15,0.9800,0.03,yes
2026-10-05T01:13:03.152719Z,KXDOGE15M-26OCT042115-15,0.9790,0.03,yes
2026-10-05T01:13:03.152719Z,KXDOGE15M-26OCT042115-15,0.9780,3.00,yes
2026-10-05T01:13:03.152719Z,KXDOGE15M-26OCT042115-15,0.9790,3.00,yes
2026-10-05T01:13:03.152719Z,KXDOGE15M-26OCT042115-15,0.9780,0.03,yes
2026-10-05T01:13:03.17627Z,KXDOGE15M-26OCT042115-15,0.9800,5.00,no
2026-10-05T01:13:03.18487Z,KXDOGE15M-26OCT042115-15,0.9800,4.91,no
2026-10-05T01:13:03.418074Z,KXDOGE15M-26OCT042115-15,0.9800,0.03,yes
2026-10-05T01:13:03.418074Z,KXDOGE15M-26OCT042115-15,0.9810,0.96,yes
2026-10-05T01:13:03.825316Z,KXDOGE15M-26OCT042115-15,0.9650,52.04,no
2026-10-05T01:13:04.625565Z,KXDOGE15M-26OCT042115-15,0.9520,8.67,no
2026-10-05T01:13:04.625565Z,KXDOGE15M-26OCT042115-15,0.9600,0.03,no
2026-10-05T01:13:04.625565Z,KXDOGE15M-26OCT042115-15,0.9500,8.68,no
2026-10-05T01:13:04.625565Z,KXDOGE15M-26OCT042115-15,0.9500,1.00,no
2026-10-05T01:13:04.625565Z,KXDOGE15M-26OCT042115-15,0.9610,0.03,no
2026-10-05T01:13:04.625565Z,KXDOGE15M-26OCT042115-15,0.9610,3.00,no
2026-10-05T01:13:04.625565Z,KXDOGE15M-26OCT042115-15,0.9600,1.00,no
2026-10-05T01:13:04.625565Z,KXDOGE15M-26OCT042115-15,0.9510,8.68,no
2026-10-05T01:13:04.625565Z,KXDOGE15M-26OCT042115-15,0.9600,3.00,no
2026-10-05T01:13:04.625565Z,KXDOGE15M-26OCT042115-15,0.9490,0.03,no
2026-10-05T01:13:04.625565Z,KXDOGE15M-26OCT042115-15,0.9520,2.00,no
2026-10-05T01:13:04.625565Z,KXDOGE15M-26OCT042115-15,0.9520,1.00,no
2026-10-05T01:13:04.625565Z,KXDOGE15M-26OCT042115-15,0.9470,0.03,no
2026-10-05T01:13:04.625565Z,KXDOGE15M-26OCT042115-15,0.9640,10.00,no
2026-10-05T01:13:04.625565Z,KXDOGE15M-26OCT042115-15,0.9460,0.03,no
2026-10-05T01:13:04.625565Z,KXDOGE15M-26OCT042115-15,0.9480,0.03,no
2026-10-05T01:13:04.625565Z,KXDOGE15M-26OCT042115-15,0.9400,74.35,no
2026-10-05T01:13:04.625565Z,KXDOGE15M-26OCT042115-15,0.9500,0.07,no
2026-10-05T01:13:04.625565Z,KXDOGE15M-26OCT042115-15,0.9600,287.41,no
2026-10-05T01:13:04.625565Z,KXDOGE15M-26OCT042115-15,0.9470,0.15,no
2026-10-05T01:13:04.625565Z,KXDOGE15M-26OCT042115-15,0.9480,0.14,no
2026-10-05T01:13:04.625565Z,KXDOGE15M-26OCT042115-15,0.9460,0.17,no
2026-10-05T01:13:04.625565Z,KXDOGE15M-26OCT042115-15,0.9490,0.13,no
2026-10-05T01:13:04.625565Z,KXDOGE15M-26OCT042115-15,0.9440,0.20,no
2026-10-05T01:13:04.625565Z,KXDOGE15M-26OCT042115-15,0.9450,0.19,no
2026-10-05T01:13:04.625565Z,KXDOGE15M-26OCT042115-15,0.9430,0.22,no
2026-10-05T01:13:04.625565Z,KXDOGE15M-26OCT042115-15,0.9420,0.32,no
2026-10-05T01:13:04.625565Z,KXDOGE15M-26OCT042115-15,0.9410,0.38,no
2026-10-05T01:13:04.625565Z,KXDOGE15M-26OCT042115-15,0.9400,0.67,no
2026-10-05T01:13:04.625565Z,KXDOGE15M-26OCT042115-15,0.9470,1.00,no
2026-10-05T01:13:04.625565Z,KXDOGE15M-26OCT042115-15,0.9410,2.00,no
2026-10-05T01:13:04.976597Z,KXDOGE15M-26OCT042115-15,0.9600,0.03,no
2026-10-05T01:13:04.976597Z,KXDOGE15M-26OCT042115-15,0.9600,1.00,no
2026-10-05T01:13:04.976597Z,KXDOGE15M-26OCT042115-15,0.9600,3.43,no
2026-10-05T01:13:05.004184Z,KXDOGE15M-26OCT042115-15,0.9610,0.07,yes
2026-10-05T01:13:05.004184Z,KXDOGE15M-26OCT042115-15,0.9760,1.59,yes
2026-10-05T01:13:05.082386Z,KXDOGE15M-26OCT042115-15,0.9800,1.03,yes
2026-10-05T01:13:05.082386Z,KXDOGE15M-26OCT042115-15,0.9800,1.00,yes
2026-10-05T01:13:05.265542Z,KXDOGE15M-26OCT042115-15,0.9520,4.00,no
2026-10-05T01:13:05.265542Z,KXDOGE15M-26OCT042115-15,0.9510,8.56,no
2026-10-05T01:13:05.265542Z,KXDOGE15M-26OCT042115-15,0.9580,3.00,no
2026-10-05T01:13:05.265542Z,KXDOGE15M-26OCT042115-15,0.9590,3.00,no
2026-10-05T01:13:05.265542Z,KXDOGE15M-26OCT042115-15,0.9580,0.03,no
2026-10-05T01:13:05.265542Z,KXDOGE15M-26OCT042115-15,0.9590,0.03,no
2026-10-05T01:13:05.265542Z,KXDOGE15M-26OCT042115-15,0.9510,8.68,no
2026-10-05T01:13:05.582863Z,KXDOGE15M-26OCT042115-15,0.9760,2.00,yes
2026-10-05T01:13:06.254305Z,KXDOGE15M-26OCT042115-15,0.9620,2.00,yes
2026-10-05T01:13:06.261509Z,KXDOGE15M-26OCT042115-15,0.9620,0.57,yes
2026-10-05T01:13:06.444215Z,KXDOGE15M-26OCT042115-15,0.9630,7.00,no
2026-10-05T01:13:07.081407Z,KXDOGE15M-26OCT042115-15,0.9770,3.00,yes
2026-10-05T01:13:07.485138Z,KXDOGE15M-26OCT042115-15,0.9700,42.94,no
2026-10-05T01:13:07.485138Z,KXDOGE15M-26OCT042115-15,0.9710,0.03,no
2026-10-05T01:13:07.485138Z,KXDOGE15M-26OCT042115-15,0.9710,18.00,no
2026-10-05T01:13:07.807617Z,KXDOGE15M-26OCT042115-15,0.9790,1.00,yes
2026-10-05T01:13:07.807617Z,KXDOGE15M-26OCT042115-15,0.9780,3.00,yes
2026-10-05T01:13:08.044677Z,KXDOGE15M-26OCT042115-15,0.9750,3.00,no
2026-10-05T01:13:08.413635Z,KXDOGE15M-26OCT042115-15,0.9720,1.00,no
2026-10-05T01:13:08.413635Z,KXDOGE15M-26OCT042115-15,0.9750,7.00,no
2026-10-05T01:13:08.413635Z,KXDOGE15M-26OCT042115-15,0.9750,0.03,no
2026-10-05T01:13:08.413635Z,KXDOGE15M-26OCT042115-15,0.9720,0.03,no
2026-10-05T01:13:08.413635Z,KXDOGE15M-26OCT042115-15,0.9700,0.03,no
2026-10-05T01:13:08.413635Z,KXDOGE15M-26OCT042115-15,0.9700,57.06,no
2026-10-05T01:13:08.413635Z,KXDOGE15M-26OCT042115-15,0.9690,34.70,no
2026-10-05T01:13:09.404321Z,KXDOGE15M-26OCT042115-15,0.9600,6.99,no
2026-10-05T01:13:09.404321Z,KXDOGE15M-26OCT042115-15,0.9640,3.00,no
2026-10-05T01:13:09.404321Z,KXDOGE15M-26OCT042115-15,0.9650,0.03,no
2026-10-05T01:13:09.404321Z,KXDOGE15M-26OCT042115-15,0.9720,8.00,no
2026-10-05T01:13:09.404321Z,KXDOGE15M-26OCT042115-15,0.9720,0.03,no
2026-10-05T01:13:09.404321Z,KXDOGE15M-26OCT042115-15,0.9690,0.03,no
2026-10-05T01:13:09.404321Z,KXDOGE15M-26OCT042115-15,0.9650,3.00,no
2026-10-05T01:13:09.404321Z,KXDOGE15M-26OCT042115-15,0.9630,1.00,no
2026-10-05T01:13:09.404321Z,KXDOGE15M-26OCT042115-15,0.9690,5.30,no
2026-10-05T01:13:09.537196Z,KXDOGE15M-26OCT042115-15,0.9800,0.03,yes
2026-10-05T01:13:09.537196Z,KXDOGE15M-26OCT042115-15,0.9780,3.00,yes
2026-10-05T01:13:09.537196Z,KXDOGE15M-26OCT042115-15,0.9770,0.03,yes
2026-10-05T01:13:09.656759Z,KXDOGE15M-26OCT042115-15,0.9780,0.03,yes
2026-10-05T01:13:09.656759Z,KXDOGE15M-26OCT042115-15,0.9750,0.03,yes
2026-10-05T01:13:09.656759Z,KXDOGE15M-26OCT042115-15,0.9790,0.94,yes
2026-10-05T01:13:09.902728Z,KXDOGE15M-26OCT042115-15,0.9790,2.00,yes
2026-10-05T01:13:09.909402Z,KXDOGE15M-26OCT042115-15,0.9790,0.03,yes
2026-10-05T01:13:09.909402Z,KXDOGE15M-26OCT042115-15,0.9790,0.06,yes
2026-10-05T01:13:10.003713Z,KXDOGE15M-26OCT042115-15,0.9800,3.00,yes
2026-10-05T01:13:10.122506Z,KXDOGE15M-26OCT042115-15,0.9800,0.03,yes
2026-10-05T01:13:10.202177Z,KXDOGE15M-26OCT042115-15,0.9820,3.00,yes
2026-10-05T01:13:10.202177Z,KXDOGE15M-26OCT042115-15,0.9830,3.00,yes
2026-10-05T01:13:10.202177Z,KXDOGE15M-26OCT042115-15,0.9810,0.03,yes
2026-10-05T01:13:10.233582Z,KXDOGE15M-26OCT042115-15,0.9850,21.00,no
2026-10-05T01:13:10.240671Z,KXDOGE15M-26OCT042115-15,0.9850,6.00,no
2026-10-05T01:13:10.283642Z,KXDOGE15M-26OCT042115-15,0.9870,31.97,yes
2026-10-05T01:13:10.283642Z,KXDOGE15M-26OCT042115-15,0.9870,64.00,yes
2026-10-05T01:13:10.283642Z,KXDOGE15M-26OCT042115-15,0.9860,3.00,yes
2026-10-05T01:13:10.283642Z,KXDOGE15M-26OCT042115-15,0.9860,0.03,yes
2026-10-05T01:13:10.283642Z,KXDOGE15M-26OCT042115-15,0.9860,1.00,yes
2026-10-05T01:13:10.599242Z,KXDOGE15M-26OCT042115-15,0.9850,40.00,no
2026-10-05T01:13:10.668783Z,KXDOGE15M-26OCT042115-15,0.9850,1.00,no
2026-10-05T01:13:10.678013Z,KXDOGE15M-26OCT042115-15,0.9850,1.00,no
2026-10-05T01:13:10.976234Z,KXDOGE15M-26OCT042115-15,0.9850,7.00,no
2026-10-05T01:13:10.982374Z,KXDOGE15M-26OCT042115-15,0.9850,4.00,no
2026-10-05T01:13:11.111915Z,KXDOGE15M-26OCT042115-15,0.9860,0.03,yes
2026-10-05T01:13:11.111915Z,KXDOGE15M-26OCT042115-15,0.9860,0.20,yes
2026-10-05T01:13:11.111915Z,KXDOGE15M-26OCT042115-15,0.9860,3.00,yes
2026-10-05T01:13:11.121699Z,KXDOGE15M-26OCT042115-15,0.9850,11.32,no
2026-10-05T01:13:11.122296Z,KXDOGE15M-26OCT042115-15,0.9850,6.00,no
2026-10-05T01:13:11.157681Z,KXDOGE15M-26OCT042115-15,0.9870,0.20,yes
2026-10-05T01:13:11.157681Z,KXDOGE15M-26OCT042115-15,0.9860,18.00,yes
2026-10-05T01:13:11.157681Z,KXDOGE15M-26OCT042115-15,0.9860,1.80,yes
2026-10-05T01:13:11.293203Z,KXDOGE15M-26OCT042115-15,0.9850,62.36,no
2026-10-05T01:13:11.310416Z,KXDOGE15M-26OCT042115-15,0.9870,5.00,yes
2026-10-05T01:13:11.364321Z,KXDOGE15M-26OCT042115-15,0.9850,18.57,no
2026-10-05T01:13:11.585376Z,KXDOGE15M-26OCT042115-15,0.9870,9.97,yes
2026-10-05T01:13:11.585376Z,KXDOGE15M-26OCT042115-15,0.9860,32.00,yes
2026-10-05T01:13:11.585376Z,KXDOGE15M-26OCT042115-15,0.9860,18.00,yes
2026-10-05T01:13:11.585376Z,KXDOGE15M-26OCT042115-15,0.9860,0.03,yes
2026-10-05T01:13:12.736735Z,KXDOGE15M-26OCT042115-15,0.9870,71.00,yes
2026-10-05T01:13:12.755696Z,KXDOGE15M-26OCT042115-15,0.9900,1.00,yes
2026-10-05T01:13:12.755696Z,KXDOGE15M-26OCT042115-15,0.9870,41.86,yes
2026-10-05T01:13:12.755696Z,KXDOGE15M-26OCT042115-15,0.9880,200.00,yes
2026-10-05T01:13:12.755696Z,KXDOGE15M-26OCT042115-15,0.9900,25.00,yes
2026-10-05T01:13:12.755696Z,KXDOGE15M-26OCT042115-15,0.9890,2.00,yes
2026-10-05T01:13:12.755696Z,KXDOGE15M-26OCT042115-15,0.9890,10.00,yes
2026-10-05T01:13:12.755696Z,KXDOGE15M-26OCT042115-15,0.9890,2.00,yes
2026-10-05T01:13:12.755696Z,KXDOGE15M-26OCT042115-15,0.9890,100.00,yes
2026-10-05T01:13:12.755696Z,KXDOGE15M-26OCT042115-15,0.9890,1.00,yes
2026-10-05T01:13:12.755696Z,KXDOGE15M-26OCT042115-15,0.9890,20.00,yes
2026-10-05T01:13:12.755696Z,KXDOGE15M-26OCT042115-15,0.9900,20.00,yes
2026-10-05T01:13:12.755696Z,KXDOGE15M-26OCT042115-15,0.9890,1.00,yes
2026-10-05T01:13:12.755696Z,KXDOGE15M-26OCT042115-15,0.9890,1.00,yes
2026-10-05T01:13:12.755696Z,KXDOGE15M-26OCT042115-15,0.9900,4.79,yes
2026-10-05T01:13:12.755696Z,KXDOGE15M-26OCT042115-15,0.9900,6.30,yes
2026-10-05T01:13:12.755696Z,KXDOGE15M-26OCT042115-15,0.9870,11.00,yes
2026-10-05T01:13:12.755696Z,KXDOGE15M-26OCT042115-15,0.9870,3.00,yes
2026-10-05T01:13:12.755696Z,KXDOGE15M-26OCT042115-15,0.9870,18.00,yes
2026-10-05T01:13:12.755696Z,KXDOGE15M-26OCT042115-15,0.9870,3.00,yes
2026-10-05T01:13:12.755696Z,KXDOGE15M-26OCT042115-15,0.9870,0.03,yes
2026-10-05T01:13:12.755696Z,KXDOGE15M-26OCT042115-15,0.9880,0.03,yes
2026-10-05T01:13:12.755696Z,KXDOGE15M-26OCT042115-15,0.9890,0.03,yes
2026-10-05T01:13:12.755696Z,KXDOGE15M-26OCT042115-15,0.9900,2.00,yes
2026-10-05T01:13:12.755696Z,KXDOGE15M-26OCT042115-15,0.9900,31.93,yes
2026-10-05T01:13:12.755696Z,KXDOGE15M-26OCT042115-15,0.9900,0.03,yes
2026-10-05T01:13:13.111846Z,KXDOGE15M-26OCT042115-15,0.9880,0.03,yes
2026-10-05T01:13:13.111846Z,KXDOGE15M-26OCT042115-15,0.9880,3.00,yes
2026-10-05T01:13:13.193073Z,KXDOGE15M-26OCT042115-15,0.9850,0.93,no
2026-10-05T01:13:13.193073Z,KXDOGE15M-26OCT042115-15,0.9850,0.07,no
2026-10-05T01:13:13.653175Z,KXDOGE15M-26OCT042115-15,0.9850,3.00,no
2026-10-05T01:13:13.808906Z,KXDOGE15M-26OCT042115-15,0.9860,9.00,no
2026-10-05T01:13:13.808906Z,KXDOGE15M-26OCT042115-15,0.9820,0.08,no
2026-10-05T01:13:13.808906Z,KXDOGE15M-26OCT042115-15,0.9850,21.07,no
2026-10-05T01:13:13.808906Z,KXDOGE15M-26OCT042115-15,0.9820,0.88,no
2026-10-05T01:13:13.808906Z,KXDOGE15M-26OCT042115-15,0.9830,0.08,no
2026-10-05T01:13:13.808906Z,KXDOGE15M-26OCT042115-15,0.9840,0.07,no
2026-10-05T01:13:14.662156Z,KXDOGE15M-26OCT042115-15,0.9950,31.52,yes
2026-10-05T01:13:14.662156Z,KXDOGE15M-26OCT042115-15,0.9930,1.00,yes
2026-10-05T01:13:14.662156Z,KXDOGE15M-26OCT042115-15,0.9920,1.00,yes
2026-10-05T01:13:14.662156Z,KXDOGE15M-26OCT042115-15,0.9950,1.00,yes
2026-10-05T01:13:14.662156Z,KXDOGE15M-26OCT042115-15,0.9940,1.00,yes
2026-10-05T01:13:14.662156Z,KXDOGE15M-26OCT042115-15,0.9910,1.00,yes
2026-10-05T01:13:14.662156Z,KXDOGE15M-26OCT042115-15,0.9880,0.03,yes
2026-10-05T01:13:14.662156Z,KXDOGE15M-26OCT042115-15,0.9880,9.00,yes
2026-10-05T01:13:14.662156Z,KXDOGE15M-26OCT042115-15,0.9900,3.00,yes
2026-10-05T01:13:14.662156Z,KXDOGE15M-26OCT042115-15,0.9940,0.30,yes
2026-10-05T01:13:14.662156Z,KXDOGE15M-26OCT042115-15,0.9890,0.03,yes
2026-10-05T01:13:14.662156Z,KXDOGE15M-26OCT042115-15,0.9930,0.03,yes
2026-10-05T01:13:14.662156Z,KXDOGE15M-26OCT042115-15,0.9890,3.00,yes
2026-10-05T01:13:14.662156Z,KXDOGE15M-26OCT042115-15,0.9880,18.00,yes
2026-10-05T01:13:14.662156Z,KXDOGE15M-26OCT042115-15,0.9900,25.00,yes
2026-10-05T01:13:14.662156Z,KXDOGE15M-26OCT042115-15,0.9900,0.03,yes
2026-10-05T01:13:14.662156Z,KXDOGE15M-26OCT042115-15,0.9900,2.00,yes
2026-10-05T01:13:14.662156Z,KXDOGE15M-26OCT042115-15,0.9920,0.03,yes
2026-10-05T01:13:14.662156Z,KXDOGE15M-26OCT042115-15,0.9930,10.00,yes
2026-10-05T01:13:14.662156Z,KXDOGE15M-26OCT042115-15,0.9910,0.03,yes
2026-10-05T01:13:14.736291Z,KXDOGE15M-26OCT042115-15,0.9870,12.00,no
2026-10-05T01:13:14.80695Z,KXDOGE15M-26OCT042115-15,0.9860,0.03,no
2026-10-05T01:13:14.894105Z,KXDOGE15M-26OCT042115-15,0.9870,25.00,yes
2026-10-05T01:13:15.374594Z,KXDOGE15M-26OCT042115-15,0.9820,0.09,no
2026-10-05T01:13:15.374594Z,KXDOGE15M-26OCT042115-15,0.9820,17.88,no
2026-10-05T01:13:15.374594Z,KXDOGE15M-26OCT042115-15,0.9820,0.03,no
2026-10-05T01:13:16.813596Z,KXDOGE15M-26OCT042115-15,0.9830,0.52,no
2026-10-05T01:13:19.319965Z,KXDOGE15M-26OCT042115-15,0.9810,2.89,no
2026-10-05T01:13:19.319965Z,KXDOGE15M-26OCT042115-15,0.9850,0.03,no
2026-10-05T01:13:19.319965Z,KXDOGE15M-26OCT042115-15,0.9820,0.03,no
2026-10-05T01:13:19.319965Z,KXDOGE15M-26OCT042115-15,0.9850,5.00,no
2026-10-05T01:13:19.319965Z,KXDOGE15M-26OCT042115-15,0.9820,44.00,no
2026-10-05T01:13:19.476959Z,KXDOGE15M-26OCT042115-15,0.9830,1.10,no
2026-10-05T01:13:19.75151Z,KXDOGE15M-26OCT042115-15,0.9810,10.23,no
2026-10-05T01:13:19.75151Z,KXDOGE15M-26OCT042115-15,0.9820,10.00,no
2026-10-05T01:13:19.75151Z,KXDOGE15M-26OCT042115-15,0.9820,0.03,no
2026-10-05T01:13:21.050318Z,KXDOGE15M-26OCT042115-15,0.9870,10.21,yes
2026-10-05T01:13:21.232052Z,KXDOGE15M-26OCT042115-15,0.9810,48.35,no
2026-10-05T01:13:22.125782Z,KXDOGE15M-26OCT042115-15,0.9840,24.85,no
2026-10-05T01:13:23.099786Z,KXDOGE15M-26OCT042115-15,0.9890,25.13,yes
2026-10-05T01:13:24.161609Z,KXDOGE15M-26OCT042115-15,0.9830,16.00,no
2026-10-05T01:13:24.605463Z,KXDOGE15M-26OCT042115-15,0.9830,0.03,no
2026-10-05T01:13:24.605463Z,KXDOGE15M-26OCT042115-15,0.9850,21.00,no
2026-10-05T01:13:24.605463Z,KXDOGE15M-26OCT042115-15,0.9810,31.97,no
2026-10-05T01:13:24.605463Z,KXDOGE15M-26OCT042115-15,0.9810,2.53,no
2026-10-05T01:13:24.605463Z,KXDOGE15M-26OCT042115-15,0.9810,9.97,no
2026-10-05T01:13:24.605463Z,KXDOGE15M-26OCT042115-15,0.9810,0.09,no
2026-10-05T01:13:24.605463Z,KXDOGE15M-26OCT042115-15,0.9810,5.00,no
2026-10-05T01:13:24.605463Z,KXDOGE15M-26OCT042115-15,0.9810,0.20,no
2026-10-05T01:13:24.605463Z,KXDOGE15M-26OCT042115-15,0.9810,9.21,no
2026-10-05T01:13:24.842152Z,KXDOGE15M-26OCT042115-15,0.9810,13.57,no
2026-10-05T01:13:24.90589Z,KXDOGE15M-26OCT042115-15,0.9870,8.23,yes
2026-10-05T01:13:26.071525Z,KXDOGE15M-26OCT042115-15,0.9860,0.03,yes
2026-10-05T01:13:26.071525Z,KXDOGE15M-26OCT042115-15,0.9860,7.37,yes
2026-10-05T01:13:26.638387Z,KXDOGE15M-26OCT042115-15,0.9870,2.00,yes
2026-10-05T01:13:27.268406Z,KXDOGE15M-26OCT042115-15,0.9830,2.36,no
2026-10-05T01:13:27.268406Z,KXDOGE15M-26OCT042115-15,0.9860,5.00,no
2026-10-05T01:13:27.675682Z,KXDOGE15M-26OCT042115-15,0.9870,20.00,yes
2026-10-05T01:13:27.675972Z,KXDOGE15M-26OCT042115-15,0.9870,9.97,yes
2026-10-05T01:13:27.675972Z,KXDOGE15M-26OCT042115-15,0.9870,0.03,yes
2026-10-05T01:13:27.675972Z,KXDOGE15M-26OCT042115-15,0.9870,1.74,yes
2026-10-05T01:13:27.675972Z,KXDOGE15M-26OCT042115-15,0.9870,8.85,yes
2026-10-05T01:13:27.675972Z,KXDOGE15M-26OCT042115-15,0.9870,0.20,yes
2026-10-05T01:13:27.675972Z,KXDOGE15M-26OCT042115-15,0.9870,9.21,yes
2026-10-05T01:13:27.675972Z,KXDOGE15M-26OCT042115-15,0.9870,5.00,yes
2026-10-05T01:13:27.676627Z,KXDOGE15M-26OCT042115-15,0.9870,4.72,yes
2026-10-05T01:13:27.676627Z,KXDOGE15M-26OCT042115-15,0.9900,0.03,yes
2026-10-05T01:13:27.676627Z,KXDOGE15M-26OCT042115-15,0.9900,1.00,yes
2026-10-05T01:13:27.881678Z,KXDOGE15M-26OCT042115-15,0.9920,24.58,yes
2026-10-05T01:13:27.881678Z,KXDOGE15M-26OCT042115-15,0.9920,0.03,yes
2026-10-05T01:13:27.881678Z,KXDOGE15M-26OCT042115-15,0.9920,0.18,yes
2026-10-05T01:13:27.891601Z,KXDOGE15M-26OCT042115-15,0.9950,195.73,yes
2026-10-05T01:13:27.891601Z,KXDOGE15M-26OCT042115-15,0.9940,3.00,yes
2026-10-05T01:13:27.891601Z,KXDOGE15M-26OCT042115-15,0.9930,3.00,yes
2026-10-05T01:13:27.891601Z,KXDOGE15M-26OCT042115-15,0.9930,24.00,yes
2026-10-05T01:13:28.265823Z,KXDOGE15M-26OCT042115-15,0.9820,23.28,no
2026-10-05T01:13:28.265823Z,KXDOGE15M-26OCT042115-15,0.9900,10.00,no
2026-10-05T01:13:28.265823Z,KXDOGE15M-26OCT042115-15,0.9900,10.00,no
2026-10-05T01:13:28.265823Z,KXDOGE15M-26OCT042115-15,0.9870,0.09,no
2026-10-05T01:13:28.265823Z,KXDOGE15M-26OCT042115-15,0.9860,0.10,no
2026-10-05T01:13:28.265823Z,KXDOGE15M-26OCT042115-15,0.9850,3.00,no
2026-10-05T01:13:28.265823Z,KXDOGE15M-26OCT042115-15,0.9840,3.00,no
2026-10-05T01:13:29.084873Z,KXDOGE15M-26OCT042115-15,0.9910,6.00,yes
2026-10-05T01:13:29.084873Z,KXDOGE15M-26OCT042115-15,0.9910,0.03,yes
2026-10-05T01:13:30.043781Z,KXDOGE15M-26OCT042115-15,0.9840,29.00,no
2026-10-05T01:13:30.043781Z,KXDOGE15M-26OCT042115-15,0.9850,0.10,no
2026-10-05T01:13:30.043781Z,KXDOGE15M-26OCT042115-15,0.9840,0.10,no
2026-10-05T01:13:30.059814Z,KXDOGE15M-26OCT042115-15,0.9910,6.00,yes
2026-10-05T01:13:30.059814Z,KXDOGE15M-26OCT042115-15,0.9910,8.00,yes
2026-10-05T01:13:30.764019Z,KXDOGE15M-26OCT042115-15,0.9950,122.75,yes
2026-10-05T01:13:30.764019Z,KXDOGE15M-26OCT042115-15,0.9950,1.00,yes
2026-10-05T01:13:30.764019Z,KXDOGE15M-26OCT042115-15,0.9950,11.00,yes
2026-10-05T01:13:30.764019Z,KXDOGE15M-26OCT042115-15,0.9960,7.34,yes
2026-10-05T01:13:30.764019Z,KXDOGE15M-26OCT042115-15,0.9950,10.00,yes
2026-10-05T01:13:30.764019Z,KXDOGE15M-26OCT042115-15,0.9950,0.03,yes
2026-10-05T01:13:30.764019Z,KXDOGE15M-26OCT042115-15,0.9940,0.03,yes
2026-10-05T01:13:30.764019Z,KXDOGE15M-26OCT042115-15,0.9930,3.00,yes
2026-10-05T01:13:30.764019Z,KXDOGE15M-26OCT042115-15,0.9930,0.03,yes
2026-10-05T01:13:30.764019Z,KXDOGE15M-26OCT042115-15,0.9940,3.00,yes
2026-10-05T01:13:30.764019Z,KXDOGE15M-26OCT042115-15,0.9930,9.00,yes
2026-10-05T01:13:30.764019Z,KXDOGE15M-26OCT042115-15,0.9940,19.00,yes
2026-10-05T01:13:31.053625Z,KXDOGE15M-26OCT042115-15,0.9940,0.03,yes
2026-10-05T01:13:31.053625Z,KXDOGE15M-26OCT042115-15,0.9940,35.00,yes
2026-10-05T01:13:31.118405Z,KXDOGE15M-26OCT042115-15,0.9890,21.56,no
2026-10-05T01:13:31.118405Z,KXDOGE15M-26OCT042115-15,0.9940,10.00,no
2026-10-05T01:13:31.118405Z,KXDOGE15M-26OCT042115-15,0.9900,21.00,no
2026-10-05T01:13:31.846847Z,KXDOGE15M-26OCT042115-15,0.9970,7.99,yes
2026-10-05T01:13:31.846847Z,KXDOGE15M-26OCT042115-15,0.9960,1.00,yes
2026-10-05T01:13:31.846847Z,KXDOGE15M-26OCT042115-15,0.9960,1.00,yes
2026-10-05T01:13:31.846847Z,KXDOGE15M-26OCT042115-15,0.9960,1.00,yes
2026-10-05T01:13:31.846847Z,KXDOGE15M-26OCT042115-15,0.9960,1.00,yes
2026-10-05T01:13:31.846847Z,KXDOGE15M-26OCT042115-15,0.9960,1.00,yes
2026-10-05T01:13:31.846847Z,KXDOGE15M-26OCT042115-15,0.9960,5.66,yes
2026-10-05T01:13:31.846847Z,KXDOGE15M-26OCT042115-15,0.9950,0.03,yes
2026-10-05T01:13:31.846847Z,KXDOGE15M-26OCT042115-15,0.9950,2.00,yes
2026-10-05T01:13:31.846847Z,KXDOGE15M-26OCT042115-15,0.9960,0.39,yes
2026-10-05T01:13:31.846847Z,KXDOGE15M-26OCT042115-15,0.9960,0.03,yes
2026-10-05T01:13:31.846847Z,KXDOGE15M-26OCT042115-15,0.9950,20.00,yes
2026-10-05T01:13:31.932055Z,KXDOGE15M-26OCT042115-15,0.9960,6.00,no
2026-10-05T01:13:31.940406Z,KXDOGE15M-26OCT042115-15,0.9960,1.00,no
2026-10-05T01:13:33.116006Z,KXDOGE15M-26OCT042115-15,0.9960,33.00,no
2026-10-05T01:13:33.116006Z,KXDOGE15M-26OCT042115-15,0.9950,0.15,no
2026-10-05T01:13:33.116006Z,KXDOGE15M-26OCT042115-15,0.9960,0.99,no
2026-10-05T01:13:33.116006Z,KXDOGE15M-26OCT042115-15,0.9910,19.00,no
2026-10-05T01:13:33.116006Z,KXDOGE15M-26OCT042115-15,0.9950,0.03,no
2026-10-05T01:13:33.116006Z,KXDOGE15M-26OCT042115-15,0.9960,0.03,no
2026-10-05T01:13:33.116006Z,KXDOGE15M-26OCT042115-15,0.9930,0.17,no
2026-10-05T01:13:33.116006Z,KXDOGE15M-26OCT042115-15,0.9900,8.30,no
2026-10-05T01:13:33.204014Z,KXDOGE15M-26OCT042115-15,0.9910,79.54,no
2026-10-05T01:13:33.220465Z,KXDOGE15M-26OCT042115-15,0.9950,25.07,yes
2026-10-05T01:13:33.599793Z,KXDOGE15M-26OCT042115-15,0.9900,0.12,no
2026-10-05T01:13:33.599793Z,KXDOGE15M-26OCT042115-15,0.9900,25.00,no
2026-10-05T01:13:33.599793Z,KXDOGE15M-26OCT042115-15,0.9900,52.26,no
2026-10-05T01:13:33.599793Z,KXDOGE15M-26OCT042115-15,0.9910,2.00,no
2026-10-05T01:13:33.599793Z,KXDOGE15M-26OCT042115-15,0.9940,0.16,no
2026-10-05T01:13:34.1254Z,KXDOGE15M-26OCT042115-15,0.9960,25.00,yes
2026-10-05T01:13:34.1254Z,KXDOGE15M-26OCT042115-15,0.9960,3.00,yes
2026-10-05T01:13:34.1254Z,KXDOGE15M-26OCT042115-15,0.9960,0.03,yes
2026-10-05T01:13:34.271404Z,KXDOGE15M-26OCT042115-15,0.9970,13.07,yes
2026-10-05T01:13:36.365367Z,KXDOGE15M-26OCT042115-15,0.9960,11.00,yes
2026-10-05T01:13:36.372139Z,KXDOGE15M-26OCT042115-15,0.9960,5.00,yes
2026-10-05T01:13:36.381197Z,KXDOGE15M-26OCT042115-15,0.9960,2.00,yes
2026-10-05T01:13:36.390123Z,KXDOGE15M-26OCT042115-15,0.9960,1.00,yes
2026-10-05T01:13:36.437202Z,KXDOGE15M-26OCT042115-15,0.9880,3.00,no
2026-10-05T01:13:36.437202Z,KXDOGE15M-26OCT042115-15,0.9900,0.16,no
2026-10-05T01:13:36.437202Z,KXDOGE15M-26OCT042115-15,0.9910,0.15,no
2026-10-05T01:13:36.437202Z,KXDOGE15M-26OCT042115-15,0.9890,13.07,no
2026-10-05T01:13:36.437202Z,KXDOGE15M-26OCT042115-15,0.9890,0.17,no
2026-10-05T01:13:36.437202Z,KXDOGE15M-26OCT042115-15,0.9920,0.03,no
2026-10-05T01:13:36.437202Z,KXDOGE15M-26OCT042115-15,0.9920,0.19,no
2026-10-05T01:13:36.437202Z,KXDOGE15M-26OCT042115-15,0.9890,0.03,no
2026-10-05T01:13:36.437202Z,KXDOGE15M-26OCT042115-15,0.9880,2.37,no
2026-10-05T01:13:36.437202Z,KXDOGE15M-26OCT042115-15,0.9900,0.03,no
2026-10-05T01:13:36.437202Z,KXDOGE15M-26OCT042115-15,0.9880,0.03,no
2026-10-05T01:13:36.437202Z,KXDOGE15M-26OCT042115-15,0.9950,0.03,no
2026-10-05T01:13:36.437202Z,KXDOGE15M-26OCT042115-15,0.9950,51.00,no
2026-10-05T01:13:36.437202Z,KXDOGE15M-26OCT042115-15,0.9910,0.03,no
2026-10-05T01:13:36.520836Z,KXDOGE15M-26OCT042115-15,0.9980,39.00,yes
2026-10-05T01:13:36.520836Z,KXDOGE15M-26OCT042115-15,0.9970,236.93,yes
2026-10-05T01:13:36.520836Z,KXDOGE15M-26OCT042115-15,0.9970,2.00,yes
2026-10-05T01:13:36.520836Z,KXDOGE15M-26OCT042115-15,0.9970,2.00,yes
2026-10-05T01:13:36.520836Z,KXDOGE15M-26OCT042115-15,0.9970,2.00,yes
2026-10-05T01:13:36.520836Z,KXDOGE15M-26OCT042115-15,0.9970,2.00,yes
2026-10-05T01:13:36.520836Z,KXDOGE15M-26OCT042115-15,0.9970,2.00,yes
2026-10-05T01:13:36.520836Z,KXDOGE15M-26OCT042115-15,0.9970,18.00,yes
2026-10-05T01:13:36.520836Z,KXDOGE15M-26OCT042115-15,0.9960,0.03,yes
2026-10-05T01:13:36.520836Z,KXDOGE15M-26OCT042115-15,0.9960,6.00,yes
2026-10-05T01:13:36.520836Z,KXDOGE15M-26OCT042115-15,0.9970,3.00,yes
2026-10-05T01:13:36.520836Z,KXDOGE15M-26OCT042115-15,0.9950,16.00,yes
2026-10-05T01:13:36.520836Z,KXDOGE15M-26OCT042115-15,0.9960,3.00,yes
2026-10-05T01:13:36.520836Z,KXDOGE15M-26OCT042115-15,0.9960,2.00,yes
2026-10-05T01:13:36.520836Z,KXDOGE15M-26OCT042115-15,0.9960,1.00,yes
2026-10-05T01:13:36.520836Z,KXDOGE15M-26OCT042115-15,0.9960,5.00,yes
2026-10-05T01:13:36.520836Z,KXDOGE15M-26OCT042115-15,0.9960,11.00,yes
2026-10-05T01:13:36.520836Z,KXDOGE15M-26OCT042115-15,0.9970,0.03,yes
2026-10-05T01:13:37.136765Z,KXDOGE15M-26OCT042115-15,0.9960,1.00,yes
2026-10-05T01:13:38.354138Z,KXDOGE15M-26OCT042115-15,0.9870,0.03,no
2026-10-05T01:13:38.354138Z,KXDOGE15M-26OCT042115-15,0.9850,0.35,no
2026-10-05T01:13:38.354138Z,KXDOGE15M-26OCT042115-15,0.9870,18.00,no
2026-10-05T01:13:38.354138Z,KXDOGE15M-26OCT042115-15,0.9890,10.00,no
2026-10-05T01:13:38.354138Z,KXDOGE15M-26OCT042115-15,0.9860,0.23,no
2026-10-05T01:13:38.354138Z,KXDOGE15M-26OCT042115-15,0.9880,0.19,no
2026-10-05T01:13:38.354138Z,KXDOGE15M-26OCT042115-15,0.9890,39.00,no
2026-10-05T01:13:38.354138Z,KXDOGE15M-26OCT042115-15,0.9870,0.21,no
2026-10-05T01:13:38.354138Z,KXDOGE15M-26OCT042115-15,0.9890,0.03,no
2026-10-05T01:13:38.354138Z,KXDOGE15M-26OCT042115-15,0.9850,0.25,no
2026-10-05T01:13:38.354138Z,KXDOGE15M-26OCT042115-15,0.9860,0.03,no
2026-10-05T01:13:38.354138Z,KXDOGE15M-26OCT042115-15,0.9890,3.00,no
2026-10-05T01:13:38.354138Z,KXDOGE15M-26OCT042115-15,0.9880,0.03,no
2026-10-05T01:13:38.354138Z,KXDOGE15M-26OCT042115-15,0.9880,3.00,no
2026-10-05T01:13:38.354138Z,KXDOGE15M-26OCT042115-15,0.9890,1.00,no
2026-10-05T01:13:38.568833Z,KXDOGE15M-26OCT042115-15,0.9950,0.03,yes
2026-10-05T01:13:38.568833Z,KXDOGE15M-26OCT042115-15,0.9950,19.97,yes
2026-10-05T01:13:39.178471Z,KXDOGE15M-26OCT042115-15,0.9940,25.24,no
2026-10-05T01:13:39.338073Z,KXDOGE15M-26OCT042115-15,0.9980,361.00,yes
2026-10-05T01:13:39.338073Z,KXDOGE15M-26OCT042115-15,0.9980,179.94,yes
2026-10-05T01:13:39.338073Z,KXDOGE15M-26OCT042115-15,0.9960,3.00,yes
2026-10-05T01:13:39.338073Z,KXDOGE15M-26OCT042115-15,0.9960,0.03,yes
2026-10-05T01:13:39.338073Z,KXDOGE15M-26OCT042115-15,0.9960,3.00,yes
2026-10-05T01:13:39.338073Z,KXDOGE15M-26OCT042115-15,0.9960,25.00,yes
2026-10-05T01:13:39.338073Z,KXDOGE15M-26OCT042115-15,0.9970,3.00,yes
2026-10-05T01:13:39.338073Z,KXDOGE15M-26OCT042115-15,0.9970,64.00,yes
2026-10-05T01:13:39.338073Z,KXDOGE15M-26OCT042115-15,0.9970,0.03,yes
2026-10-05T01:13:39.397352Z,KXDOGE15M-26OCT042115-15,0.9980,285.00,yes
2026-10-05T01:13:39.66097Z,KXDOGE15M-26OCT042115-15,0.9950,2.03,no
2026-10-05T01:13:40.267538Z,KXDOGE15M-26OCT042115-15,0.9980,500.93,yes
2026-10-05T01:13:40.690614Z,KXDOGE15M-26OCT042115-15,0.9950,53.91,no
2026-10-05T01:13:40.690614Z,KXDOGE15M-26OCT042115-15,0.9970,53.00,no
2026-10-05T01:13:40.690614Z,KXDOGE15M-26OCT042115-15,0.9970,0.03,no
2026-10-05T01:13:40.690614Z,KXDOGE15M-26OCT042115-15,0.9960,0.03,no
2026-10-05T01:13:40.690614Z,KXDOGE15M-26OCT042115-15,0.9960,80.00,no
2026-10-05T01:13:41.956795Z,KXDOGE15M-26OCT042115-15,0.9950,62.97,no
2026-10-05T01:13:41.956795Z,KXDOGE15M-26OCT042115-15,0.9950,124.00,no
2026-10-05T01:13:42.644895Z,KXDOGE15M-26OCT042115-15,0.9980,1.00,yes
2026-10-05T01:13:42.857861Z,KXDOGE15M-26OCT042115-15,0.9960,5.00,no
2026-10-05T01:13:42.857861Z,KXDOGE15M-26OCT042115-15,0.9960,4.29,no
2026-10-05T01:13:43.089977Z,KXDOGE15M-26OCT042115-15,0.9970,6.00,no
2026-10-05T01:13:45.122447Z,KXDOGE15M-26OCT042115-15,0.9950,22.43,no
2026-10-05T01:13:45.639756Z,KXDOGE15M-26OCT042115-15,0.9950,186.97,no
2026-10-05T01:13:45.748679Z,KXDOGE15M-26OCT042115-15,0.9950,17.35,no
2026-10-05T01:13:45.748679Z,KXDOGE15M-26OCT042115-15,0.9950,12.63,no
2026-10-05T01:13:49.910351Z,KXDOGE15M-26OCT042115-15,0.9980,50.00,yes
2026-10-05T01:13:50.614717Z,KXDOGE15M-26OCT042115-15,0.9950,49.92,no
2026-10-05T01:13:52.288625Z,KXDOGE15M-26OCT042115-15,0.9980,0.02,yes
2026-10-05T01:13:53.264291Z,KXDOGE15M-26OCT042115-15,0.9970,2.34,no
2026-10-05T01:13:53.333416Z,KXDOGE15M-26OCT042115-15,0.9970,2.66,no
2026-10-05T01:13:53.333416Z,KXDOGE15M-26OCT042115-15,0.9970,9.24,no
2026-10-05T01:13:55.566158Z,KXDOGE15M-26OCT042115-15,0.9980,100.20,yes
2026-10-05T01:13:57.038769Z,KXDOGE15M-26OCT042115-15,0.9970,0.76,no
2026-10-05T01:13:57.038769Z,KXDOGE15M-26OCT042115-15,0.9970,16.21,no
2026-10-05T01:13:59.193205Z,KXDOGE15M-26OCT042115-15,0.9980,200.00,yes
2026-10-05T01:13:59.488489Z,KXDOGE15M-26OCT042115-15,0.9980,34.00,yes
2026-10-05T01:13:59.505833Z,KXDOGE15M-26OCT042115-15,0.9970,10.00,no
2026-10-05T01:13:59.505833Z,KXDOGE15M-26OCT042115-15,0.9960,2.00,no
2026-10-05T01:13:59.505833Z,KXDOGE15M-26OCT042115-15,0.9970,220.72,no
2026-10-05T01:13:59.505833Z,KXDOGE15M-26OCT042115-15,0.9950,761.16,no
2026-10-05T01:13:59.505833Z,KXDOGE15M-26OCT042115-15,0.9960,36.00,no
2026-10-05T01:13:59.914722Z,KXDOGE15M-26OCT042115-15,0.9980,24.04,yes
2026-10-05T01:14:00.155334Z,KXDOGE15M-26OCT042115-15,0.9980,39.00,yes
2026-10-05T01:14:00.159334Z,KXDOGE15M-26OCT042115-15,0.9980,1.00,yes
2026-10-05T01:14:00.438912Z,KXDOGE15M-26OCT042115-15,0.9980,40.00,yes
2026-10-05T01:14:00.73528Z,KXDOGE15M-26OCT042115-15,0.9980,225.05,yes
2026-10-05T01:14:00.822116Z,KXDOGE15M-26OCT042115-15,0.9980,14.00,yes
2026-10-05T01:14:00.844107Z,KXDOGE15M-26OCT042115-15,0.9980,40.00,yes
2026-10-05T01:14:00.847649Z,KXDOGE15M-26OCT042115-15,0.9980,40.00,yes
2026-10-05T01:14:00.859474Z,KXDOGE15M-26OCT042115-15,0.9980,16.00,yes
2026-10-05T01:14:00.879639Z,KXDOGE15M-26OCT042115-15,0.9980,40.00,yes
2026-10-05T01:14:01.031546Z,KXDOGE15M-26OCT042115-15,0.9980,169.82,yes
2026-10-05T01:14:01.031546Z,KXDOGE15M-26OCT042115-15,0.9980,100.00,yes
2026-10-05T01:14:01.031546Z,KXDOGE15M-26OCT042115-15,0.9990,157.15,yes
2026-10-05T01:14:01.031546Z,KXDOGE15M-26OCT042115-15,0.9980,3.00,yes
2026-10-05T01:14:01.031546Z,KXDOGE15M-26OCT042115-15,0.9980,3.00,yes
2026-10-05T01:14:01.031546Z,KXDOGE15M-26OCT042115-15,0.9980,3.00,yes
2026-10-05T01:14:01.031546Z,KXDOGE15M-26OCT042115-15,0.9980,3.00,yes
2026-10-05T01:14:01.031546Z,KXDOGE15M-26OCT042115-15,0.9980,3.00,yes
2026-10-05T01:14:01.031546Z,KXDOGE15M-26OCT042115-15,0.9980,26.00,yes
2026-10-05T01:14:01.031546Z,KXDOGE15M-26OCT042115-15,0.9980,10.00,yes
2026-10-05T01:14:01.031546Z,KXDOGE15M-26OCT042115-15,0.9980,39.00,yes
2026-10-05T01:14:01.031546Z,KXDOGE15M-26OCT042115-15,0.9980,3.00,yes
2026-10-05T01:14:01.031546Z,KXDOGE15M-26OCT042115-15,0.9980,100.00,yes
2026-10-05T01:14:01.031546Z,KXDOGE15M-26OCT042115-15,0.9980,0.03,yes
2026-10-05T01:14:01.129846Z,KXDOGE15M-26OCT042115-15,0.9980,1.00,yes
2026-10-05T01:14:01.301628Z,KXDOGE15M-26OCT042115-15,0.9990,31.00,yes
2026-10-05T01:14:01.301628Z,KXDOGE15M-26OCT042115-15,0.9980,9.00,yes
2026-10-05T01:14:01.881299Z,KXDOGE15M-26OCT042115-15,0.9990,1.00,yes
2026-10-05T01:14:01.881299Z,KXDOGE15M-26OCT042115-15,0.9990,311.85,yes
2026-10-05T01:14:01.881299Z,KXDOGE15M-26OCT042115-15,0.9990,1.00,yes
2026-10-05T01:14:01.881299Z,KXDOGE15M-26OCT042115-15,0.9990,1.00,yes
2026-10-05T01:14:01.881299Z,KXDOGE15M-26OCT042115-15,0.9990,83.00,yes
2026-10-05T01:14:01.881299Z,KXDOGE15M-26OCT042115-15,0.9990,2.55,yes
2026-10-05T01:14:02.091119Z,KXDOGE15M-26OCT042115-15,0.9980,0.03,no
2026-10-05T01:14:02.091119Z,KXDOGE15M-26OCT042115-15,0.9980,31.00,no
2026-10-05T01:14:02.091119Z,KXDOGE15M-26OCT042115-15,0.9980,2.83,no
2026-10-05T01:14:05.388036Z,KXDOGE15M-26OCT042115-15,0.9990,14.00,yes
2026-10-05T01:14:05.5327Z,KXDOGE15M-26OCT042115-15,0.9980,4.54,no
2026-10-05T01:14:06.964059Z,KXDOGE15M-26OCT042115-15,0.9990,0.03,yes
2026-10-05T01:14:06.964059Z,KXDOGE15M-26OCT042115-15,0.9990,14.00,yes
2026-10-05T01:14:06.964059Z,KXDOGE15M-26OCT042115-15,0.9990,4.54,yes
2026-10-05T01:14:06.964059Z,KXDOGE15M-26OCT042115-15,0.9990,2.55,yes
2026-10-05T01:14:06.964059Z,KXDOGE15M-26OCT042115-15,0.9990,22.15,yes
2026-10-05T01:14:06.964059Z,KXDOGE15M-26OCT042115-15,0.9990,10.00,yes
2026-10-05T01:14:06.964059Z,KXDOGE15M-26OCT042115-15,0.9990,183.45,yes
2026-10-05T01:14:06.964059Z,KXDOGE15M-26OCT042115-15,0.9990,31.00,yes
2026-10-05T01:14:06.964059Z,KXDOGE15M-26OCT042115-15,0.9990,2.83,yes
2026-10-05T01:14:07.05599Z,KXDOGE15M-26OCT042115-15,0.9990,33.87,no
2026-10-05T01:14:13.098176Z,KXDOGE15M-26OCT042115-15,0.9990,9.20,no
2026-10-05T01:14:17.051988Z,KXDOGE15M-26OCT042115-15,0.9990,155.00,no
2026-10-05T01:14:17.051988Z,KXDOGE15M-26OCT042115-15,0.9990,14.00,no
2026-10-05T01:14:17.051988Z,KXDOGE15M-26OCT042115-15,0.9990,27.93,no
2026-10-05T01:14:17.051988Z,KXDOGE15M-26OCT042115-15,0.9990,507.57,no
2026-10-05T01:14:17.051988Z,KXDOGE15M-26OCT042115-15,0.9990,10.00,no
2026-10-05T01:14:19.135238Z,KXDOGE15M-26OCT042115-15,0.9990,5.00,no
2026-10-05T01:14:20.839689Z,KXDOGE15M-26OCT042115-15,0.9990,91.13,no
2026-10-05T01:14:45.481675Z,KXDOGE15M-26OCT042115-15,0.9990,2.37,no
2026-10-05T01:13:23.741191Z,KXUSDJPY15M-26OCT042115-30,0.0200,1.00,no
2026-10-05T01:13:23.795884Z,KXUSDJPY15M-26OCT042115-30,0.0100,20.00,no
2026-10-05T01:13:24.959373Z,KXUSDJPY15M-26OCT042115-30,0.0100,1.00,no
2026-10-05T01:13:24.959373Z,KXUSDJPY15M-26OCT042115-30,0.0100,10.00,no
2026-10-05T01:13:24.959373Z,KXUSDJPY15M-26OCT042115-30,0.0100,140.00,no
2026-10-05T01:13:24.959373Z,KXUSDJPY15M-26OCT042115-30,0.0100,2.00,no
2026-10-05T01:13:24.959373Z,KXUSDJPY15M-26OCT042115-30,0.0100,1.00,no
2026-10-05T01:13:24.959373Z,KXUSDJPY15M-26OCT042115-30,0.0100,7.04,no
2026-10-05T01:13:24.959373Z,KXUSDJPY15M-26OCT042115-30,0.0100,11.96,no
2026-10-05T01:13:29.558394Z,KXUSDJPY15M-26OCT042115-30,0.0100,0.10,no
2026-10-05T01:13:33.322326Z,KXUSDJPY15M-26OCT042115-30,0.0100,0.32,no
2026-10-05T01:13:42.525521Z,KXUSDJPY15M-26OCT042115-30,0.0200,10.00,yes
2026-10-05T01:13:42.525521Z,KXUSDJPY15M-26OCT042115-30,0.0300,69.93,yes
2026-10-05T01:13:42.525521Z,KXUSDJPY15M-26OCT042115-30,0.0100,30.00,yes
2026-10-05T01:13:42.525521Z,KXUSDJPY15M-26OCT042115-30,0.0100,60.00,yes
2026-10-05T01:13:42.525521Z,KXUSDJPY15M-26OCT042115-30,0.0200,50.00,yes
2026-10-05T01:13:44.936233Z,KXUSDJPY15M-26OCT042115-30,0.0100,0.50,no
2026-10-05T01:13:53.86126Z,KXUSDJPY15M-26OCT042115-30,0.0200,15.24,yes
2026-10-05T01:13:56.470643Z,KXUSDJPY15M-26OCT042115-30,0.0200,5.25,yes
2026-10-05T01:13:57.392559Z,KXUSDJPY15M-26OCT042115-30,0.0100,20.00,no
2026-10-05T01:13:59.534657Z,KXUSDJPY15M-26OCT042115-30,0.0100,49.43,no
2026-10-05T01:14:05.632989Z,KXUSDJPY15M-26OCT042115-30,0.0100,1.00,yes
2026-10-05T01:14:12.261333Z,KXUSDJPY15M-26OCT042115-30,0.0100,7.10,yes
2026-10-05T01:13:12.863183Z,KXSOL15M-26OCT042115-15,0.0360,52.04,yes
2026-10-05T01:13:13.028099Z,KXSOL15M-26OCT042115-15,0.0350,6.52,no
2026-10-05T01:13:13.082676Z,KXSOL15M-26OCT042115-15,0.0360,5.10,yes
2026-10-05T01:13:13.254831Z,KXSOL15M-26OCT042115-15,0.0350,1.03,no
2026-10-05T01:13:13.428981Z,KXSOL15M-26OCT042115-15,0.0360,3.00,yes
2026-10-05T01:13:14.08421Z,KXSOL15M-26OCT042115-15,0.0360,4.00,yes
2026-10-05T01:13:14.092117Z,KXSOL15M-26OCT042115-15,0.0360,1.00,yes
2026-10-05T01:13:14.762012Z,KXSOL15M-26OCT042115-15,0.0360,5.79,no
2026-10-05T01:13:14.8066Z,KXSOL15M-26OCT042115-15,0.0360,5.00,no
2026-10-05T01:13:15.22225Z,KXSOL15M-26OCT042115-15,0.0370,12.38,no
2026-10-05T01:13:19.569775Z,KXSOL15M-26OCT042115-15,0.0450,5.00,yes
2026-10-05T01:13:19.569775Z,KXSOL15M-26OCT042115-15,0.0370,3.00,yes
2026-10-05T01:13:19.569775Z,KXSOL15M-26OCT042115-15,0.0380,3.00,yes
2026-10-05T01:13:20.21271Z,KXSOL15M-26OCT042115-15,0.0370,2.07,no
2026-10-05T01:13:20.310817Z,KXSOL15M-26OCT042115-15,0.0460,1.00,yes
2026-10-05T01:13:20.498772Z,KXSOL15M-26OCT042115-15,0.0530,1.00,yes
2026-10-05T01:13:20.498772Z,KXSOL15M-26OCT042115-15,0.0580,48.80,yes
2026-10-05T01:13:20.632219Z,KXSOL15M-26OCT042115-15,0.0470,19.00,no
2026-10-05T01:13:20.632219Z,KXSOL15M-26OCT042115-15,0.0470,5.00,no
2026-10-05T01:13:20.632219Z,KXSOL15M-26OCT042115-15,0.0500,6.00,no
2026-10-05T01:13:20.632219Z,KXSOL15M-26OCT042115-15,0.0460,0.15,no
2026-10-05T01:13:20.917365Z,KXSOL15M-26OCT042115-15,0.0590,1.39,yes
2026-10-05T01:13:21.179102Z,KXSOL15M-26OCT042115-15,0.0530,5.00,no
2026-10-05T01:13:21.179102Z,KXSOL15M-26OCT042115-15,0.0530,8.00,no
2026-10-05T01:13:21.389984Z,KXSOL15M-26OCT042115-15,0.0470,3.00,no
2026-10-05T01:13:21.82423Z,KXSOL15M-26OCT042115-15,0.0480,3.47,yes
2026-10-05T01:13:22.683587Z,KXSOL15M-26OCT042115-15,0.0450,3.00,yes
2026-10-05T01:13:22.683587Z,KXSOL15M-26OCT042115-15,0.0460,3.00,yes
2026-10-05T01:13:22.77553Z,KXSOL15M-26OCT042115-15,0.0430,1.00,no
2026-10-05T01:13:22.775742Z,KXSOL15M-26OCT042115-15,0.0400,8.00,no
2026-10-05T01:13:22.775742Z,KXSOL15M-26OCT042115-15,0.0420,7.00,no
2026-10-05T01:13:22.775742Z,KXSOL15M-26OCT042115-15,0.0430,71.00,no
2026-10-05T01:13:22.775742Z,KXSOL15M-26OCT042115-15,0.0410,6.00,no
2026-10-05T01:13:22.775742Z,KXSOL15M-26OCT042115-15,0.0410,7.00,no
2026-10-05T01:13:22.775813Z,KXSOL15M-26OCT042115-15,0.0400,99.00,no
2026-10-05T01:13:23.345093Z,KXSOL15M-26OCT042115-15,0.0330,3.07,no
2026-10-05T01:13:23.447681Z,KXSOL15M-26OCT042115-15,0.0310,86.84,yes
2026-10-05T01:13:23.919854Z,KXSOL15M-26OCT042115-15,0.0210,5.00,no
2026-10-05T01:13:23.919854Z,KXSOL15M-26OCT042115-15,0.0210,2.00,no
2026-10-05T01:13:23.962492Z,KXSOL15M-26OCT042115-15,0.0200,11.00,no
2026-10-05T01:13:24.061759Z,KXSOL15M-26OCT042115-15,0.0200,27.00,no
2026-10-05T01:13:24.070055Z,KXSOL15M-26OCT042115-15,0.0200,2.00,no
2026-10-05T01:13:24.168607Z,KXSOL15M-26OCT042115-15,0.0200,13.00,no
2026-10-05T01:13:24.255712Z,KXSOL15M-26OCT042115-15,0.0200,10.00,no
2026-10-05T01:13:24.764835Z,KXSOL15M-26OCT042115-15,0.0280,7.00,yes
2026-10-05T01:13:26.656452Z,KXSOL15M-26OCT042115-15,0.0280,0.39,no
2026-10-05T01:13:27.280486Z,KXSOL15M-26OCT042115-15,0.0280,5.00,no
2026-10-05T01:13:27.291728Z,KXSOL15M-26OCT042115-15,0.0280,0.61,no
2026-10-05T01:13:28.298418Z,KXSOL15M-26OCT042115-15,0.0290,7.00,yes
2026-10-05T01:13:28.298418Z,KXSOL15M-26OCT042115-15,0.0270,3.00,yes
2026-10-05T01:13:28.298418Z,KXSOL15M-26OCT042115-15,0.0280,3.00,yes
2026-10-05T01:13:28.298438Z,KXSOL15M-26OCT042115-15,0.0330,8.00,yes
2026-10-05T01:13:29.703189Z,KXSOL15M-26OCT042115-15,0.0400,6.00,yes
2026-10-05T01:13:29.703189Z,KXSOL15M-26OCT042115-15,0.0420,0.60,yes
2026-10-05T01:13:29.703189Z,KXSOL15M-26OCT042115-15,0.0380,5.00,yes
2026-10-05T01:13:29.703189Z,KXSOL15M-26OCT042115-15,0.0350,6.00,yes
2026-10-05T01:13:29.703189Z,KXSOL15M-26OCT042115-15,0.0310,3.00,yes
2026-10-05T01:13:29.703189Z,KXSOL15M-26OCT042115-15,0.0320,3.00,yes
2026-10-05T01:13:30.267727Z,KXSOL15M-26OCT042115-15,0.0260,10.00,no
2026-10-05T01:13:30.546354Z,KXSOL15M-26OCT042115-15,0.0270,9.84,no
2026-10-05T01:13:30.567921Z,KXSOL15M-26OCT042115-15,0.0300,27.00,yes
2026-10-05T01:13:30.568011Z,KXSOL15M-26OCT042115-15,0.0360,16.00,yes
2026-10-05T01:13:30.568011Z,KXSOL15M-26OCT042115-15,0.0340,28.00,yes
2026-10-05T01:13:30.568011Z,KXSOL15M-26OCT042115-15,0.0300,12.00,yes
2026-10-05T01:13:30.568072Z,KXSOL15M-26OCT042115-15,0.0360,4.00,yes
2026-10-05T01:13:30.568072Z,KXSOL15M-26OCT042115-15,0.0370,3.00,yes
2026-10-05T01:13:30.568072Z,KXSOL15M-26OCT042115-15,0.0360,3.00,yes
2026-10-05T01:13:30.608418Z,KXSOL15M-26OCT042115-15,0.0340,1.00,no
2026-10-05T01:13:30.608418Z,KXSOL15M-26OCT042115-15,0.0330,3.00,no
2026-10-05T01:13:30.608418Z,KXSOL15M-26OCT042115-15,0.0310,2.00,no
2026-10-05T01:13:31.364789Z,KXSOL15M-26OCT042115-15,0.0340,1.00,no
2026-10-05T01:13:31.738284Z,KXSOL15M-26OCT042115-15,0.0350,2.00,yes
2026-10-05T01:13:31.738294Z,KXSOL15M-26OCT042115-15,0.0380,2.00,yes
2026-10-05T01:13:31.738294Z,KXSOL15M-26OCT042115-15,0.0410,2.00,yes
2026-10-05T01:13:32.13067Z,KXSOL15M-26OCT042115-15,0.0430,6.00,no
2026-10-05T01:13:32.166751Z,KXSOL15M-26OCT042115-15,0.0470,1.00,yes
2026-10-05T01:13:32.166751Z,KXSOL15M-26OCT042115-15,0.0700,6.00,yes
2026-10-05T01:13:32.166751Z,KXSOL15M-26OCT042115-15,0.0590,0.61,yes
2026-10-05T01:13:32.381306Z,KXSOL15M-26OCT042115-15,0.0630,14.00,no
2026-10-05T01:13:32.702241Z,KXSOL15M-26OCT042115-15,0.0610,2.54,yes
2026-10-05T01:13:32.702241Z,KXSOL15M-26OCT042115-15,0.0600,3.00,yes
2026-10-05T01:13:32.702241Z,KXSOL15M-26OCT042115-15,0.0530,0.46,yes
2026-10-05T01:13:32.710559Z,KXSOL15M-26OCT042115-15,0.0610,0.46,yes
2026-10-05T01:13:32.803005Z,KXSOL15M-26OCT042115-15,0.0620,1.00,yes
2026-10-05T01:13:33.468155Z,KXSOL15M-26OCT042115-15,0.0580,3.00,no
2026-10-05T01:13:33.625179Z,KXSOL15M-26OCT042115-15,0.0590,58.00,yes
2026-10-05T01:13:33.627865Z,KXSOL15M-26OCT042115-15,0.0680,18.00,yes
2026-10-05T01:13:33.627865Z,KXSOL15M-26OCT042115-15,0.0670,3.00,yes
2026-10-05T01:13:33.627865Z,KXSOL15M-26OCT042115-15,0.0670,6.00,yes
2026-10-05T01:13:33.627865Z,KXSOL15M-26OCT042115-15,0.0660,3.00,yes
2026-10-05T01:13:33.629727Z,KXSOL15M-26OCT042115-15,0.0700,6.00,yes
2026-10-05T01:13:33.629727Z,KXSOL15M-26OCT042115-15,0.0710,15.00,yes
2026-10-05T01:13:33.641302Z,KXSOL15M-26OCT042115-15,0.0900,4.00,yes
2026-10-05T01:13:33.694256Z,KXSOL15M-26OCT042115-15,0.0700,23.00,yes
2026-10-05T01:13:33.906602Z,KXSOL15M-26OCT042115-15,0.0940,7.00,yes
2026-10-05T01:13:33.906602Z,KXSOL15M-26OCT042115-15,0.0900,2.00,yes
2026-10-05T01:13:33.906602Z,KXSOL15M-26OCT042115-15,0.0940,3.00,yes
2026-10-05T01:13:34.558362Z,KXSOL15M-26OCT042115-15,0.0550,5.00,no
2026-10-05T01:13:34.558362Z,KXSOL15M-26OCT042115-15,0.0540,2.65,no
2026-10-05T01:13:34.558362Z,KXSOL15M-26OCT042115-15,0.0670,3.00,no
2026-10-05T01:13:34.722537Z,KXSOL15M-26OCT042115-15,0.0550,6.00,no
2026-10-05T01:13:34.722537Z,KXSOL15M-26OCT042115-15,0.0560,5.00,no
2026-10-05T01:13:34.722537Z,KXSOL15M-26OCT042115-15,0.0640,3.00,no
2026-10-05T01:13:34.722537Z,KXSOL15M-26OCT042115-15,0.0540,9.35,no
2026-10-05T01:13:34.722537Z,KXSOL15M-26OCT042115-15,0.0530,10.15,no
2026-10-05T01:13:34.781291Z,KXSOL15M-26OCT042115-15,0.0730,3.00,yes
2026-10-05T01:13:34.781291Z,KXSOL15M-26OCT042115-15,0.0720,3.00,yes
2026-10-05T01:13:34.781291Z,KXSOL15M-26OCT042115-15,0.0750,0.18,yes
2026-10-05T01:13:35.817461Z,KXSOL15M-26OCT042115-15,0.0690,3.00,no
2026-10-05T01:13:35.817461Z,KXSOL15M-26OCT042115-15,0.0690,29.00,no
2026-10-05T01:13:35.817461Z,KXSOL15M-26OCT042115-15,0.0690,25.00,no
2026-10-05T01:13:36.300593Z,KXSOL15M-26OCT042115-15,0.0700,2.00,yes
2026-10-05T01:13:36.300593Z,KXSOL15M-26OCT042115-15,0.0790,6.00,yes
2026-10-05T01:13:36.300593Z,KXSOL15M-26OCT042115-15,0.0800,34.00,yes
2026-10-05T01:13:36.300593Z,KXSOL15M-26OCT042115-15,0.0830,22.00,yes
2026-10-05T01:13:37.9886Z,KXSOL15M-26OCT042115-15,0.0560,0.57,no
2026-10-05T01:13:37.9886Z,KXSOL15M-26OCT042115-15,0.0660,3.00,no
2026-10-05T01:13:37.9886Z,KXSOL15M-26OCT042115-15,0.0650,3.00,no
2026-10-05T01:13:38.711837Z,KXSOL15M-26OCT042115-15,0.0570,3.00,no
2026-10-05T01:13:38.711837Z,KXSOL15M-26OCT042115-15,0.0580,3.00,no
2026-10-05T01:13:38.813218Z,KXSOL15M-26OCT042115-15,0.0550,3.00,no
2026-10-05T01:13:38.813218Z,KXSOL15M-26OCT042115-15,0.0540,3.00,no
2026-10-05T01:13:39.092477Z,KXSOL15M-26OCT042115-15,0.0490,2.14,no
2026-10-05T01:13:39.092477Z,KXSOL15M-26OCT042115-15,0.0500,3.00,no
2026-10-05T01:13:39.324031Z,KXSOL15M-26OCT042115-15,0.0530,15.48,yes
2026-10-05T01:13:39.665113Z,KXSOL15M-26OCT042115-15,0.0590,3.00,yes
2026-10-05T01:13:39.665113Z,KXSOL15M-26OCT042115-15,0.0670,5.25,yes
2026-10-05T01:13:39.665113Z,KXSOL15M-26OCT042115-15,0.0600,3.00,yes
2026-10-05T01:13:40.275215Z,KXSOL15M-26OCT042115-15,0.0530,4.00,no
2026-10-05T01:13:40.275215Z,KXSOL15M-26OCT042115-15,0.0500,6.00,no
2026-10-05T01:13:41.109411Z,KXSOL15M-26OCT042115-15,0.0540,9.00,no
2026-10-05T01:13:41.109411Z,KXSOL15M-26OCT042115-15,0.0500,6.00,no
2026-10-05T01:13:41.109411Z,KXSOL15M-26OCT042115-15,0.0490,0.60,no
2026-10-05T01:13:41.109411Z,KXSOL15M-26OCT042115-15,0.0530,8.00,no
2026-10-05T01:13:43.852096Z,KXSOL15M-26OCT042115-15,0.0520,3.00,yes
2026-10-05T01:13:43.852096Z,KXSOL15M-26OCT042115-15,0.0520,9.00,yes
2026-10-05T01:13:43.852096Z,KXSOL15M-26OCT042115-15,0.0510,3.00,yes
2026-10-05T01:13:43.852096Z,KXSOL15M-26OCT042115-15,0.0550,2.36,yes
2026-10-05T01:13:44.251226Z,KXSOL15M-26OCT042115-15,0.0490,3.00,yes
2026-10-05T01:13:44.251226Z,KXSOL15M-26OCT042115-15,0.0500,1.00,yes
2026-10-05T01:13:44.563671Z,KXSOL15M-26OCT042115-15,0.0480,2.00,no
2026-10-05T01:13:44.660279Z,KXSOL15M-26OCT042115-15,0.0440,3.00,yes
2026-10-05T01:13:44.660279Z,KXSOL15M-26OCT042115-15,0.0430,3.00,yes
2026-10-05T01:13:44.660279Z,KXSOL15M-26OCT042115-15,0.0480,0.32,yes
2026-10-05T01:13:44.660279Z,KXSOL15M-26OCT042115-15,0.0430,5.00,yes
2026-10-05T01:13:44.660279Z,KXSOL15M-26OCT042115-15,0.0460,6.82,yes
2026-10-05T01:13:45.17Z,KXSOL15M-26OCT042115-15,0.0470,14.00,yes
2026-10-05T01:13:45.17Z,KXSOL15M-26OCT042115-15,0.0450,3.00,yes
2026-10-05T01:13:45.17Z,KXSOL15M-26OCT042115-15,0.0480,0.32,yes
2026-10-05T01:13:45.17Z,KXSOL15M-26OCT042115-15,0.0490,27.17,yes
2026-10-05T01:13:45.17Z,KXSOL15M-26OCT042115-15,0.0440,3.23,yes
2026-10-05T01:13:45.17Z,KXSOL15M-26OCT042115-15,0.0480,6.36,yes
2026-10-05T01:13:45.17Z,KXSOL15M-26OCT042115-15,0.0460,3.00,yes
2026-10-05T01:13:45.17Z,KXSOL15M-26OCT042115-15,0.0480,0.32,yes
2026-10-05T01:13:45.37292Z,KXSOL15M-26OCT042115-15,0.0460,19.67,yes
2026-10-05T01:13:46.19565Z,KXSOL15M-26OCT042115-15,0.0460,10.18,yes
2026-10-05T01:13:46.634968Z,KXSOL15M-26OCT042115-15,0.0440,8.00,no
2026-10-05T01:13:46.634977Z,KXSOL15M-26OCT042115-15,0.0430,11.00,no
2026-10-05T01:13:46.634977Z,KXSOL15M-26OCT042115-15,0.0440,3.00,no
2026-10-05T01:13:46.634977Z,KXSOL15M-26OCT042115-15,0.0410,24.00,no
2026-10-05T01:13:46.634977Z,KXSOL15M-26OCT042115-15,0.0400,6.00,no
2026-10-05T01:13:46.635017Z,KXSOL15M-26OCT042115-15,0.0330,16.00,no
2026-10-05T01:13:46.635017Z,KXSOL15M-26OCT042115-15,0.0290,20.00,no
2026-10-05T01:13:46.635017Z,KXSOL15M-26OCT042115-15,0.0310,3.00,no
2026-10-05T01:13:46.635017Z,KXSOL15M-26OCT042115-15,0.0320,43.00,no
2026-10-05T01:13:46.635017Z,KXSOL15M-26OCT042115-15,0.0280,5.00,no
2026-10-05T01:13:46.635017Z,KXSOL15M-26OCT042115-15,0.0350,6.00,no
2026-10-05T01:13:46.635017Z,KXSOL15M-26OCT042115-15,0.0340,6.00,no
2026-10-05T01:13:46.635212Z,KXSOL15M-26OCT042115-15,0.0320,3.00,no
2026-10-05T01:13:46.72831Z,KXSOL15M-26OCT042115-15,0.0270,3.00,yes
2026-10-05T01:13:46.72831Z,KXSOL15M-26OCT042115-15,0.0260,3.00,yes
2026-10-05T01:13:46.901375Z,KXSOL15M-26OCT042115-15,0.0290,3.00,yes
2026-10-05T01:13:46.901375Z,KXSOL15M-26OCT042115-15,0.0340,4.00,yes
2026-10-05T01:13:46.901375Z,KXSOL15M-26OCT042115-15,0.0300,3.00,yes
2026-10-05T01:13:48.264547Z,KXSOL15M-26OCT042115-15,0.0300,15.10,yes
2026-10-05T01:13:49.044253Z,KXSOL15M-26OCT042115-15,0.0450,5.45,yes
2026-10-05T01:13:49.044253Z,KXSOL15M-26OCT042115-15,0.0420,5.00,yes
2026-10-05T01:13:49.655896Z,KXSOL15M-26OCT042115-15,0.0530,3.00,no
2026-10-05T01:13:50.282529Z,KXSOL15M-26OCT042115-15,0.0580,3.00,yes
2026-10-05T01:13:50.282529Z,KXSOL15M-26OCT042115-15,0.0580,7.00,yes
2026-10-05T01:13:50.282529Z,KXSOL15M-26OCT042115-15,0.0570,11.00,yes
2026-10-05T01:13:50.564049Z,KXSOL15M-26OCT042115-15,0.0590,1.57,yes
2026-10-05T01:13:50.7019Z,KXSOL15M-26OCT042115-15,0.0560,3.00,no
2026-10-05T01:13:51.953785Z,KXSOL15M-26OCT042115-15,0.0540,1.00,no
2026-10-05T01:13:52.15292Z,KXSOL15M-26OCT042115-15,0.0500,14.00,no
2026-10-05T01:13:52.15292Z,KXSOL15M-26OCT042115-15,0.0500,15.85,no
2026-10-05T01:13:52.15292Z,KXSOL15M-26OCT042115-15,0.0490,166.18,no
2026-10-05T01:13:52.15292Z,KXSOL15M-26OCT042115-15,0.0500,6.00,no
2026-10-05T01:13:52.15292Z,KXSOL15M-26OCT042115-15,0.0510,5.00,no
2026-10-05T01:13:52.15292Z,KXSOL15M-26OCT042115-15,0.0520,3.00,no
2026-10-05T01:13:52.701289Z,KXSOL15M-26OCT042115-15,0.0550,5.00,no
2026-10-05T01:13:52.701289Z,KXSOL15M-26OCT042115-15,0.0550,10.00,no
2026-10-05T01:13:53.037514Z,KXSOL15M-26OCT042115-15,0.0560,14.34,yes
2026-10-05T01:13:53.044341Z,KXSOL15M-26OCT042115-15,0.0480,3.00,no
2026-10-05T01:13:53.044341Z,KXSOL15M-26OCT042115-15,0.0420,18.00,no
2026-10-05T01:13:53.044341Z,KXSOL15M-26OCT042115-15,0.0430,6.00,no
2026-10-05T01:13:53.044341Z,KXSOL15M-26OCT042115-15,0.0400,10.00,no
2026-10-05T01:13:53.044341Z,KXSOL15M-26OCT042115-15,0.0390,169.50,no
2026-10-05T01:13:53.927798Z,KXSOL15M-26OCT042115-15,0.0550,8.52,yes
2026-10-05T01:13:54.339772Z,KXSOL15M-26OCT042115-15,0.0530,3.41,yes
2026-10-05T01:13:54.370688Z,KXSOL15M-26OCT042115-15,0.0480,0.20,no
2026-10-05T01:13:54.90876Z,KXSOL15M-26OCT042115-15,0.0490,10.00,no
2026-10-05T01:13:54.914427Z,KXSOL15M-26OCT042115-15,0.0530,3.00,yes
2026-10-05T01:13:54.914427Z,KXSOL15M-26OCT042115-15,0.0520,3.00,yes
2026-10-05T01:13:55.0166Z,KXSOL15M-26OCT042115-15,0.0540,3.00,yes
2026-10-05T01:13:55.0166Z,KXSOL15M-26OCT042115-15,0.0550,3.00,yes
2026-10-05T01:13:55.085838Z,KXSOL15M-26OCT042115-15,0.0490,5.00,no
2026-10-05T01:13:55.085838Z,KXSOL15M-26OCT042115-15,0.0490,9.00,no
2026-10-05T01:13:55.085838Z,KXSOL15M-26OCT042115-15,0.0480,1.10,no
2026-10-05T01:13:55.648956Z,KXSOL15M-26OCT042115-15,0.0450,29.23,yes
2026-10-05T01:13:55.70972Z,KXSOL15M-26OCT042115-15,0.0300,6.00,no
2026-10-05T01:13:55.70972Z,KXSOL15M-26OCT042115-15,0.0410,3.00,no
2026-10-05T01:13:55.70972Z,KXSOL15M-26OCT042115-15,0.0400,3.00,no
2026-10-05T01:13:55.70972Z,KXSOL15M-26OCT042115-15,0.0290,1.41,no
2026-10-05T01:13:55.987722Z,KXSOL15M-26OCT042115-15,0.0450,1.00,yes
2026-10-05T01:13:56.283597Z,KXSOL15M-26OCT042115-15,0.0440,7.00,yes
2026-10-05T01:13:56.283597Z,KXSOL15M-26OCT042115-15,0.0430,3.00,yes
2026-10-05T01:13:56.283597Z,KXSOL15M-26OCT042115-15,0.0440,3.00,yes
2026-10-05T01:13:56.283597Z,KXSOL15M-26OCT042115-15,0.0450,7.83,yes
2026-10-05T01:13:56.562584Z,KXSOL15M-26OCT042115-15,0.0400,8.07,yes
2026-10-05T01:13:57.351485Z,KXSOL15M-26OCT042115-15,0.0250,3.00,no
2026-10-05T01:13:58.026942Z,KXSOL15M-26OCT042115-15,0.0160,10.00,no
2026-10-05T01:13:58.026942Z,KXSOL15M-26OCT042115-15,0.0180,6.00,no
2026-10-05T01:13:58.026942Z,KXSOL15M-26OCT042115-15,0.0150,48.44,no
2026-10-05T01:13:58.026942Z,KXSOL15M-26OCT042115-15,0.0230,3.00,no
2026-10-05T01:13:58.026942Z,KXSOL15M-26OCT042115-15,0.0240,3.00,no
2026-10-05T01:13:58.026942Z,KXSOL15M-26OCT042115-15,0.0170,57.00,no
2026-10-05T01:13:58.026942Z,KXSOL15M-26OCT042115-15,0.0240,22.00,no
2026-10-05T01:13:58.026942Z,KXSOL15M-26OCT042115-15,0.0200,6.00,no
2026-10-05T01:13:58.524808Z,KXSOL15M-26OCT042115-15,0.0280,6.68,yes
2026-10-05T01:13:58.544349Z,KXSOL15M-26OCT042115-15,0.0280,12.38,yes
2026-10-05T01:13:59.986404Z,KXSOL15M-26OCT042115-15,0.0210,5.00,yes
2026-10-05T01:13:59.986634Z,KXSOL15M-26OCT042115-15,0.0210,5.00,yes
2026-10-05T01:14:00.06042Z,KXSOL15M-26OCT042115-15,0.0160,10.00,no
2026-10-05T01:14:00.196437Z,KXSOL15M-26OCT042115-15,0.0130,28.00,no
2026-10-05T01:14:00.196437Z,KXSOL15M-26OCT042115-15,0.0140,23.00,no
2026-10-05T01:14:00.196437Z,KXSOL15M-26OCT042115-15,0.0150,7.00,no
2026-10-05T01:14:00.196437Z,KXSOL15M-26OCT042115-15,0.0140,23.00,no
2026-10-05T01:14:00.196437Z,KXSOL15M-26OCT042115-15,0.0160,10.00,no
2026-10-05T01:14:00.196437Z,KXSOL15M-26OCT042115-15,0.0140,3.00,no
2026-10-05T01:14:00.196437Z,KXSOL15M-26OCT042115-15,0.0150,6.00,no
2026-10-05T01:14:00.226546Z,KXSOL15M-26OCT042115-15,0.0130,10.00,no
2026-10-05T01:14:00.492632Z,KXSOL15M-26OCT042115-15,0.0140,7.00,no
2026-10-05T01:14:00.492632Z,KXSOL15M-26OCT042115-15,0.0140,10.00,no
2026-10-05T01:14:00.500497Z,KXSOL15M-26OCT042115-15,0.0150,6.00,no
2026-10-05T01:14:00.659673Z,KXSOL15M-26OCT042115-15,0.0130,2.00,no
2026-10-05T01:14:00.929197Z,KXSOL15M-26OCT042115-15,0.0150,3.00,yes
2026-10-05T01:14:00.951947Z,KXSOL15M-26OCT042115-15,0.0140,9.00,no
2026-10-05T01:14:01.709313Z,KXSOL15M-26OCT042115-15,0.0140,7.00,no
2026-10-05T01:14:01.709313Z,KXSOL15M-26OCT042115-15,0.0140,1.00,no
2026-10-05T01:14:01.709313Z,KXSOL15M-26OCT042115-15,0.0140,6.00,no
2026-10-05T01:14:01.855835Z,KXSOL15M-26OCT042115-15,0.0150,3.00,yes
2026-10-05T01:14:01.855835Z,KXSOL15M-26OCT042115-15,0.0200,6.00,yes
2026-10-05T01:14:01.855835Z,KXSOL15M-26OCT042115-15,0.0200,0.84,yes
2026-10-05T01:14:01.903788Z,KXSOL15M-26OCT042115-15,0.0160,3.00,no
2026-10-05T01:14:02.131542Z,KXSOL15M-26OCT042115-15,0.0160,3.00,no
2026-10-05T01:14:02.13937Z,KXSOL15M-26OCT042115-15,0.0160,3.00,no
2026-10-05T01:14:02.422239Z,KXSOL15M-26OCT042115-15,0.0170,10.00,no
2026-10-05T01:14:02.602158Z,KXSOL15M-26OCT042115-15,0.0130,18.00,no
2026-10-05T01:14:02.602158Z,KXSOL15M-26OCT042115-15,0.0140,7.00,no
2026-10-05T01:14:02.602158Z,KXSOL15M-26OCT042115-15,0.0140,10.00,no
2026-10-05T01:14:02.602266Z,KXSOL15M-26OCT042115-15,0.0130,25.00,no
2026-10-05T01:14:02.602422Z,KXSOL15M-26OCT042115-15,0.0130,12.00,no
2026-10-05T01:14:02.668728Z,KXSOL15M-26OCT042115-15,0.0130,114.00,no
2026-10-05T01:14:02.668728Z,KXSOL15M-26OCT042115-15,0.0140,7.00,no
2026-10-05T01:14:02.668728Z,KXSOL15M-26OCT042115-15,0.0140,10.00,no
2026-10-05T01:14:02.699158Z,KXSOL15M-26OCT042115-15,0.0110,1.00,no
2026-10-05T01:14:02.699158Z,KXSOL15M-26OCT042115-15,0.0110,46.14,no
2026-10-05T01:14:02.699158Z,KXSOL15M-26OCT042115-15,0.0110,2.00,no
2026-10-05T01:14:02.699158Z,KXSOL15M-26OCT042115-15,0.0110,20.00,no
2026-10-05T01:14:02.699158Z,KXSOL15M-26OCT042115-15,0.0130,13.86,no
2026-10-05T01:14:02.699158Z,KXSOL15M-26OCT042115-15,0.0120,7.00,no
2026-10-05T01:14:02.700129Z,KXSOL15M-26OCT042115-15,0.0110,1.00,no
2026-10-05T01:14:03.073307Z,KXSOL15M-26OCT042115-15,0.0110,20.00,no
2026-10-05T01:14:03.083489Z,KXSOL15M-26OCT042115-15,0.0110,1.30,no
2026-10-05T01:14:03.08904Z,KXSOL15M-26OCT042115-15,0.0110,2.02,no
2026-10-05T01:14:03.225543Z,KXSOL15M-26OCT042115-15,0.0110,25.00,no
2026-10-05T01:14:03.25105Z,KXSOL15M-26OCT042115-15,0.0110,1.00,no
2026-10-05T01:14:03.25105Z,KXSOL15M-26OCT042115-15,0.0110,10.00,no
2026-10-05T01:14:03.25105Z,KXSOL15M-26OCT042115-15,0.0110,4.54,no
2026-10-05T01:14:03.25105Z,KXSOL15M-26OCT042115-15,0.0110,2.00,no
2026-10-05T01:14:03.25105Z,KXSOL15M-26OCT042115-15,0.0100,2.00,no
2026-10-05T01:14:03.25105Z,KXSOL15M-26OCT042115-15,0.0100,0.66,no
2026-10-05T01:14:03.25105Z,KXSOL15M-26OCT042115-15,0.0110,1.00,no
2026-10-05T01:14:03.25105Z,KXSOL15M-26OCT042115-15,0.0100,5.00,no
2026-10-05T01:14:03.25105Z,KXSOL15M-26OCT042115-15,0.0100,3.11,no
2026-10-05T01:14:03.336886Z,KXSOL15M-26OCT042115-15,0.0040,82.00,no
2026-10-05T01:14:03.336886Z,KXSOL15M-26OCT042115-15,0.0030,392.00,no
2026-10-05T01:14:03.336886Z,KXSOL15M-26OCT042115-15,0.0050,1.00,no
2026-10-05T01:14:03.336886Z,KXSOL15M-26OCT042115-15,0.0040,13.00,no
2026-10-05T01:14:03.336886Z,KXSOL15M-26OCT042115-15,0.0050,11.00,no
2026-10-05T01:14:03.336886Z,KXSOL15M-26OCT042115-15,0.0040,1.00,no
2026-10-05T01:14:03.336886Z,KXSOL15M-26OCT042115-15,0.0040,1.00,no
2026-10-05T01:14:03.336886Z,KXSOL15M-26OCT042115-15,0.0040,1.00,no
2026-10-05T01:14:03.336886Z,KXSOL15M-26OCT042115-15,0.0040,1.00,no
2026-10-05T01:14:03.336886Z,KXSOL15M-26OCT042115-15,0.0040,1.00,no
2026-10-05T01:14:03.336886Z,KXSOL15M-26OCT042115-15,0.0060,39.00,no
2026-10-05T01:14:03.336886Z,KXSOL15M-26OCT042115-15,0.0050,56.00,no
2026-10-05T01:14:03.336886Z,KXSOL15M-26OCT042115-15,0.0070,3.00,no
2026-10-05T01:14:03.336886Z,KXSOL15M-26OCT042115-15,0.0040,10.00,no
2026-10-05T01:14:03.336886Z,KXSOL15M-26OCT042115-15,0.0080,3.00,no
2026-10-05T01:14:03.336886Z,KXSOL15M-26OCT042115-15,0.0040,7.00,no
2026-10-05T01:14:03.382826Z,KXSOL15M-26OCT042115-15,0.0040,7.00,no
2026-10-05T01:14:03.382826Z,KXSOL15M-26OCT042115-15,0.0040,3.00,no
2026-10-05T01:14:03.382826Z,KXSOL15M-26OCT042115-15,0.0050,3.00,no
2026-10-05T01:14:03.435592Z,KXSOL15M-26OCT042115-15,0.0040,79.00,yes
2026-10-05T01:14:03.442148Z,KXSOL15M-26OCT042115-15,0.0040,5.00,yes
2026-10-05T01:14:03.549273Z,KXSOL15M-26OCT042115-15,0.0030,1.00,no
2026-10-05T01:14:03.549273Z,KXSOL15M-26OCT042115-15,0.0030,2.00,no
2026-10-05T01:14:03.703159Z,KXSOL15M-26OCT042115-15,0.0030,16.00,no
2026-10-05T01:14:03.703159Z,KXSOL15M-26OCT042115-15,0.0030,2.00,no
2026-10-05T01:14:03.703159Z,KXSOL15M-26OCT042115-15,0.0030,2.00,no
2026-10-05T01:14:03.703159Z,KXSOL15M-26OCT042115-15,0.0030,2.00,no
2026-10-05T01:14:03.703159Z,KXSOL15M-26OCT042115-15,0.0030,1.00,no
2026-10-05T01:14:03.807448Z,KXSOL15M-26OCT042115-15,0.0040,7.19,yes
2026-10-05T01:14:04.121826Z,KXSOL15M-26OCT042115-15,0.0040,114.53,yes
2026-10-05T01:14:04.137925Z,KXSOL15M-26OCT042115-15,0.0040,2.00,yes
2026-10-05T01:14:04.349851Z,KXSOL15M-26OCT042115-15,0.0030,177.00,no
2026-10-05T01:14:04.349851Z,KXSOL15M-26OCT042115-15,0.0030,10.00,no
2026-10-05T01:14:04.349851Z,KXSOL15M-26OCT042115-15,0.0030,8.00,no
2026-10-05T01:14:04.349851Z,KXSOL15M-26OCT042115-15,0.0030,2.00,no
2026-10-05T01:14:04.349851Z,KXSOL15M-26OCT042115-15,0.0030,1.00,no
2026-10-05T01:14:04.349851Z,KXSOL15M-26OCT042115-15,0.0020,2.00,no
2026-10-05T01:14:05.045776Z,KXSOL15M-26OCT042115-15,0.0040,2.00,yes
2026-10-05T01:14:05.190661Z,KXSOL15M-26OCT042115-15,0.0050,98.06,yes
2026-10-05T01:14:05.190661Z,KXSOL15M-26OCT042115-15,0.0050,100.00,yes
2026-10-05T01:14:05.190661Z,KXSOL15M-26OCT042115-15,0.0040,169.28,yes
2026-10-05T01:14:05.42481Z,KXSOL15M-26OCT042115-15,0.0070,2.00,yes
2026-10-05T01:14:05.42481Z,KXSOL15M-26OCT042115-15,0.0050,4.94,yes
2026-10-05T01:14:05.42481Z,KXSOL15M-26OCT042115-15,0.0080,18.06,yes
2026-10-05T01:14:05.733599Z,KXSOL15M-26OCT042115-15,0.0050,20.00,no
2026-10-05T01:14:05.825714Z,KXSOL15M-26OCT042115-15,0.0080,17.57,yes
2026-10-05T01:14:05.825714Z,KXSOL15M-26OCT042115-15,0.0050,20.00,yes
2026-10-05T01:14:05.825714Z,KXSOL15M-26OCT042115-15,0.0080,21.94,yes
2026-10-05T01:14:06.087337Z,KXSOL15M-26OCT042115-15,0.0030,8.00,no
2026-10-05T01:14:06.087337Z,KXSOL15M-26OCT042115-15,0.0030,2.00,no
2026-10-05T01:14:06.168585Z,KXSOL15M-26OCT042115-15,0.0030,8.00,no
2026-10-05T01:14:06.168585Z,KXSOL15M-26OCT042115-15,0.0030,2.00,no
2026-10-05T01:14:06.381773Z,KXSOL15M-26OCT042115-15,0.0030,8.00,no
2026-10-05T01:14:06.381773Z,KXSOL15M-26OCT042115-15,0.0030,10.00,no
2026-10-05T01:14:06.56237Z,KXSOL15M-26OCT042115-15,0.0030,4.12,yes
2026-10-05T01:14:06.685098Z,KXSOL15M-26OCT042115-15,0.0030,13.88,yes
2026-10-05T01:14:06.685098Z,KXSOL15M-26OCT042115-15,0.0040,9.49,yes
2026-10-05T01:14:07.136984Z,KXSOL15M-26OCT042115-15,0.0020,57.68,no
2026-10-05T01:14:07.197257Z,KXSOL15M-26OCT042115-15,0.0020,4.10,no
2026-10-05T01:14:07.217438Z,KXSOL15M-26OCT042115-15,0.0020,73.00,no
2026-10-05T01:14:07.22304Z,KXSOL15M-26OCT042115-15,0.0020,2.00,no
2026-10-05T01:14:07.229057Z,KXSOL15M-26OCT042115-15,0.0020,2.00,no
2026-10-05T01:14:07.235106Z,KXSOL15M-26OCT042115-15,0.0020,2.00,no
2026-10-05T01:14:07.322153Z,KXSOL15M-26OCT042115-15,0.0020,25.00,no
2026-10-05T01:14:07.328426Z,KXSOL15M-26OCT042115-15,0.0020,2.00,no
2026-10-05T01:14:07.334213Z,KXSOL15M-26OCT042115-15,0.0020,2.00,no
2026-10-05T01:14:07.339057Z,KXSOL15M-26OCT042115-15,0.0020,2.00,no
2026-10-05T01:14:07.432969Z,KXSOL15M-26OCT042115-15,0.0020,2.00,no
2026-10-05T01:14:07.43958Z,KXSOL15M-26OCT042115-15,0.0020,2.00,no
2026-10-05T01:14:07.775091Z,KXSOL15M-26OCT042115-15,0.0020,30.00,no
2026-10-05T01:14:07.780757Z,KXSOL15M-26OCT042115-15,0.0020,2.00,no
2026-10-05T01:14:07.787888Z,KXSOL15M-26OCT042115-15,0.0020,2.00,no
2026-10-05T01:14:07.796097Z,KXSOL15M-26OCT042115-15,0.0020,2.00,no
2026-10-05T01:14:07.885223Z,KXSOL15M-26OCT042115-15,0.0020,35.00,no
2026-10-05T01:14:07.892164Z,KXSOL15M-26OCT042115-15,0.0020,2.00,no
2026-10-05T01:14:07.898987Z,KXSOL15M-26OCT042115-15,0.0020,2.00,no
2026-10-05T01:14:07.903925Z,KXSOL15M-26OCT042115-15,0.0020,2.00,no
2026-10-05T01:14:07.909184Z,KXSOL15M-26OCT042115-15,0.0020,2.00,no
2026-10-05T01:14:07.916716Z,KXSOL15M-26OCT042115-15,0.0020,2.00,no
2026-10-05T01:14:07.980945Z,KXSOL15M-26OCT042115-15,0.0020,2.00,no
2026-10-05T01:14:07.987292Z,KXSOL15M-26OCT042115-15,0.0020,2.00,no
2026-10-05T01:14:07.994755Z,KXSOL15M-26OCT042115-15,0.0020,5.00,no
2026-10-05T01:14:08.115548Z,KXSOL15M-26OCT042115-15,0.0020,39.00,no
2026-10-05T01:14:08.993418Z,KXSOL15M-26OCT042115-15,0.0020,13.00,no
2026-10-05T01:14:09.244933Z,KXSOL15M-26OCT042115-15,0.0020,20.00,no
2026-10-05T01:14:09.510642Z,KXSOL15M-26OCT042115-15,0.0030,86.52,yes
2026-10-05T01:14:10.086702Z,KXSOL15M-26OCT042115-15,0.0070,8.65,yes
2026-10-05T01:14:10.336989Z,KXSOL15M-26OCT042115-15,0.0030,2.00,no
2026-10-05T01:14:10.336989Z,KXSOL15M-26OCT042115-15,0.0030,8.00,no
2026-10-05T01:14:10.343739Z,KXSOL15M-26OCT042115-15,0.0030,8.00,no
2026-10-05T01:14:10.343943Z,KXSOL15M-26OCT042115-15,0.0070,130.90,yes
2026-10-05T01:14:11.18866Z,KXSOL15M-26OCT042115-15,0.0030,10.00,no
2026-10-05T01:14:11.195094Z,KXSOL15M-26OCT042115-15,0.0030,8.00,no
2026-10-05T01:14:11.700416Z,KXSOL15M-26OCT042115-15,0.0020,14.09,no
2026-10-05T01:14:13.754284Z,KXSOL15M-26OCT042115-15,0.0030,5.00,yes
2026-10-05T01:14:13.770245Z,KXSOL15M-26OCT042115-15,0.0040,7.00,yes
2026-10-05T01:14:14.372393Z,KXSOL15M-26OCT042115-15,0.0030,8.00,no
2026-10-05T01:14:14.372393Z,KXSOL15M-26OCT042115-15,0.0030,2.00,no
2026-10-05T01:14:14.482528Z,KXSOL15M-26OCT042115-15,0.0030,8.00,no
2026-10-05T01:14:15.088547Z,KXSOL15M-26OCT042115-15,0.0030,8.00,no
2026-10-05T01:14:15.088547Z,KXSOL15M-26OCT042115-15,0.0030,10.00,no
2026-10-05T01:14:15.652327Z,KXSOL15M-26OCT042115-15,0.0030,10.00,no
2026-10-05T01:14:15.652327Z,KXSOL15M-26OCT042115-15,0.0030,8.00,no
2026-10-05T01:14:15.686966Z,KXSOL15M-26OCT042115-15,0.0040,1.00,yes
2026-10-05T01:14:15.88255Z,KXSOL15M-26OCT042115-15,0.0020,104.05,no
2026-10-05T01:14:16.496423Z,KXSOL15M-26OCT042115-15,0.0070,261.80,yes
2026-10-05T01:14:16.539789Z,KXSOL15M-26OCT042115-15,0.0020,40.99,no
2026-10-05T01:14:17.089979Z,KXSOL15M-26OCT042115-15,0.0020,58.91,no
2026-10-05T01:14:17.089979Z,KXSOL15M-26OCT042115-15,0.0020,1.09,no
2026-10-05T01:14:17.09789Z,KXSOL15M-26OCT042115-15,0.0020,2.00,no
2026-10-05T01:14:17.104756Z,KXSOL15M-26OCT042115-15,0.0020,2.00,no
2026-10-05T01:14:17.123233Z,KXSOL15M-26OCT042115-15,0.0020,17.00,no
2026-10-05T01:14:17.129575Z,KXSOL15M-26OCT042115-15,0.0020,2.00,no
2026-10-05T01:14:17.136027Z,KXSOL15M-26OCT042115-15,0.0020,2.00,no
2026-10-05T01:14:17.14112Z,KXSOL15M-26OCT042115-15,0.0020,2.00,no
2026-10-05T01:14:17.146358Z,KXSOL15M-26OCT042115-15,0.0020,2.00,no
2026-10-05T01:14:17.33399Z,KXSOL15M-26OCT042115-15,0.0020,14.00,no
2026-10-05T01:14:17.441504Z,KXSOL15M-26OCT042115-15,0.0020,2.00,no
2026-10-05T01:14:17.448119Z,KXSOL15M-26OCT042115-15,0.0020,2.00,no
2026-10-05T01:14:17.454529Z,KXSOL15M-26OCT042115-15,0.0020,5.00,no
2026-10-05T01:14:17.546191Z,KXSOL15M-26OCT042115-15,0.0020,2.00,no
2026-10-05T01:14:18.061286Z,KXSOL15M-26OCT042115-15,0.0060,22.00,yes
2026-10-05T01:14:18.061286Z,KXSOL15M-26OCT042115-15,0.0070,64.46,yes
2026-10-05T01:14:18.061286Z,KXSOL15M-26OCT042115-15,0.0070,5.00,yes
2026-10-05T01:14:18.061286Z,KXSOL15M-26OCT042115-15,0.0030,100.00,yes
2026-10-05T01:14:19.744407Z,KXSOL15M-26OCT042115-15,0.0020,7.19,no
2026-10-05T01:14:19.878803Z,KXSOL15M-26OCT042115-15,0.0030,0.78,yes
2026-10-05T01:14:20.088297Z,KXSOL15M-26OCT042115-15,0.0020,17.00,no
2026-10-05T01:14:20.095446Z,KXSOL15M-26OCT042115-15,0.0020,2.00,no
2026-10-05T01:14:20.102291Z,KXSOL15M-26OCT042115-15,0.0020,2.00,no
2026-10-05T01:14:20.107489Z,KXSOL15M-26OCT042115-15,0.0020,2.00,no
2026-10-05T01:14:20.112734Z,KXSOL15M-26OCT042115-15,0.0020,2.00,no
2026-10-05T01:14:20.119905Z,KXSOL15M-26OCT042115-15,0.0020,2.00,no
2026-10-05T01:14:20.318312Z,KXSOL15M-26OCT042115-15,0.0020,20.00,no
2026-10-05T01:14:20.32414Z,KXSOL15M-26OCT042115-15,0.0020,2.00,no
2026-10-05T01:14:20.329637Z,KXSOL15M-26OCT042115-15,0.0020,2.00,no
2026-10-05T01:14:20.335766Z,KXSOL15M-26OCT042115-15,0.0020,2.00,no
2026-10-05T01:14:20.34181Z,KXSOL15M-26OCT042115-15,0.0020,2.00,no
2026-10-05T01:14:20.347015Z,KXSOL15M-26OCT042115-15,0.0020,2.00,no
2026-10-05T01:14:20.418957Z,KXSOL15M-26OCT042115-15,0.0020,12.00,no
2026-10-05T01:14:20.425427Z,KXSOL15M-26OCT042115-15,0.0020,2.00,no
2026-10-05T01:14:20.433909Z,KXSOL15M-26OCT042115-15,0.0020,2.00,no
2026-10-05T01:14:20.627573Z,KXSOL15M-26OCT042115-15,0.0020,2.00,no
2026-10-05T01:14:20.633984Z,KXSOL15M-26OCT042115-15,0.0020,2.00,no
2026-10-05T01:14:20.837683Z,KXSOL15M-26OCT042115-15,0.0020,5.00,no
2026-10-05T01:14:20.844558Z,KXSOL15M-26OCT042115-15,0.0020,2.00,no
2026-10-05T01:14:20.848271Z,KXSOL15M-26OCT042115-15,0.0030,30.53,yes
2026-10-05T01:14:20.849595Z,KXSOL15M-26OCT042115-15,0.0020,2.00,no
2026-10-05T01:14:20.865513Z,KXSOL15M-26OCT042115-15,0.0020,2.00,no
2026-10-05T01:14:20.920823Z,KXSOL15M-26OCT042115-15,0.0030,8.69,yes
2026-10-05T01:14:20.920823Z,KXSOL15M-26OCT042115-15,0.0030,40.00,yes
2026-10-05T01:14:20.920823Z,KXSOL15M-26OCT042115-15,0.0030,72.70,yes
2026-10-05T01:14:21.081808Z,KXSOL15M-26OCT042115-15,0.0020,2.00,no
2026-10-05T01:14:21.465316Z,KXSOL15M-26OCT042115-15,0.0030,26.00,yes
2026-10-05T01:14:21.466528Z,KXSOL15M-26OCT042115-15,0.0020,5.00,no
2026-10-05T01:14:21.735656Z,KXSOL15M-26OCT042115-15,0.0030,30.53,yes
2026-10-05T01:14:21.769498Z,KXSOL15M-26OCT042115-15,0.0020,3.00,no
2026-10-05T01:14:21.769498Z,KXSOL15M-26OCT042115-15,0.0020,10.00,no
2026-10-05T01:14:21.769498Z,KXSOL15M-26OCT042115-15,0.0020,259.50,no
2026-10-05T01:14:21.769498Z,KXSOL15M-26OCT042115-15,0.0020,3.00,no
2026-10-05T01:14:21.769498Z,KXSOL15M-26OCT042115-15,0.0020,5.00,no
2026-10-05T01:14:21.769498Z,KXSOL15M-26OCT042115-15,0.0020,3.00,no
2026-10-05T01:14:21.769498Z,KXSOL15M-26OCT042115-15,0.0020,3.00,no
2026-10-05T01:14:21.769498Z,KXSOL15M-26OCT042115-15,0.0020,3.00,no
2026-10-05T01:14:21.769498Z,KXSOL15M-26OCT042115-15,0.0020,3.00,no
2026-10-05T01:14:21.769498Z,KXSOL15M-26OCT042115-15,0.0020,3.00,no
2026-10-05T01:14:21.769498Z,KXSOL15M-26OCT042115-15,0.0020,26.00,no
2026-10-05T01:14:21.769498Z,KXSOL15M-26OCT042115-15,0.0020,334.90,no
2026-10-05T01:14:21.769498Z,KXSOL15M-26OCT042115-15,0.0020,100.00,no
2026-10-05T01:14:21.848983Z,KXSOL15M-26OCT042115-15,0.0030,43.47,yes
2026-10-05T01:14:22.087365Z,KXSOL15M-26OCT042115-15,0.0020,2.00,no
2026-10-05T01:14:22.094138Z,KXSOL15M-26OCT042115-15,0.0020,2.00,no
2026-10-05T01:14:22.104472Z,KXSOL15M-26OCT042115-15,0.0020,157.00,no
2026-10-05T01:14:22.399511Z,KXSOL15M-26OCT042115-15,0.0020,45.00,no
2026-10-05T01:14:22.846168Z,KXSOL15M-26OCT042115-15,0.0020,4.69,no
2026-10-05T01:14:22.846168Z,KXSOL15M-26OCT042115-15,0.0020,3.00,no
2026-10-05T01:14:22.846168Z,KXSOL15M-26OCT042115-15,0.0020,2.31,no
2026-10-05T01:14:23.054439Z,KXSOL15M-26OCT042115-15,0.0020,3.00,no
2026-10-05T01:14:23.054439Z,KXSOL15M-26OCT042115-15,0.0020,5.31,no
2026-10-05T01:14:23.054439Z,KXSOL15M-26OCT042115-15,0.0010,491.69,no
2026-10-05T01:14:24.407226Z,KXSOL15M-26OCT042115-15,0.0020,8.53,yes
2026-10-05T01:14:24.911417Z,KXSOL15M-26OCT042115-15,0.0010,16.71,no
2026-10-05T01:14:24.911417Z,KXSOL15M-26OCT042115-15,0.0010,8.31,no
2026-10-05T01:14:25.052941Z,KXSOL15M-26OCT042115-15,0.0020,117.59,yes
2026-10-05T01:14:25.195091Z,KXSOL15M-26OCT042115-15,0.0010,1.00,no
2026-10-05T01:14:26.376366Z,KXSOL15M-26OCT042115-15,0.0010,20.83,no
2026-10-05T01:14:28.482029Z,KXSOL15M-26OCT042115-15,0.0010,1.00,no
2026-10-05T01:14:28.739107Z,KXSOL15M-26OCT042115-15,0.0020,1.00,yes
2026-10-05T01:14:28.739107Z,KXSOL15M-26OCT042115-15,0.0020,20.83,yes
2026-10-05T01:14:28.739107Z,KXSOL15M-26OCT042115-15,0.0020,8.31,yes
2026-10-05T01:14:28.739107Z,KXSOL15M-26OCT042115-15,0.0020,16.71,yes
2026-10-05T01:14:28.739107Z,KXSOL15M-26OCT042115-15,0.0020,1.00,yes
2026-10-05T01:14:28.739107Z,KXSOL15M-26OCT042115-15,0.0020,365.57,yes
2026-10-05T01:14:28.739107Z,KXSOL15M-26OCT042115-15,0.0030,33.29,yes
2026-10-05T01:14:29.023769Z,KXSOL15M-26OCT042115-15,0.0030,8.00,yes
2026-10-05T01:14:29.620942Z,KXSOL15M-26OCT042115-15,0.0020,1.50,no
2026-10-05T01:14:30.518284Z,KXSOL15M-26OCT042115-15,0.0020,10.00,no
2026-10-05T01:14:30.518284Z,KXSOL15M-26OCT042115-15,0.0020,1.50,no
2026-10-05T01:14:30.518284Z,KXSOL15M-26OCT042115-15,0.0020,40.00,no
2026-10-05T01:14:30.518284Z,KXSOL15M-26OCT042115-15,0.0020,47.00,no
2026-10-05T01:14:30.518284Z,KXSOL15M-26OCT042115-15,0.0020,1.50,no
2026-10-05T01:14:31.514477Z,KXSOL15M-26OCT042115-15,0.0030,100.00,yes
2026-10-05T01:14:31.871971Z,KXSOL15M-26OCT042115-15,0.0020,3.00,no
2026-10-05T01:14:31.871971Z,KXSOL15M-26OCT042115-15,0.0020,10.00,no
2026-10-05T01:14:32.358843Z,KXSOL15M-26OCT042115-15,0.0020,33.74,yes
2026-10-05T01:14:32.358843Z,KXSOL15M-26OCT042115-15,0.0020,13.00,yes
2026-10-05T01:14:32.574925Z,KXSOL15M-26OCT042115-15,0.0020,5.00,yes
2026-10-05T01:14:34.790114Z,KXSOL15M-26OCT042115-15,0.0020,10.00,no
2026-10-05T01:14:34.790114Z,KXSOL15M-26OCT042115-15,0.0020,3.00,no
2026-10-05T01:14:36.925391Z,KXSOL15M-26OCT042115-15,0.0020,3.00,no
2026-10-05T01:14:36.925391Z,KXSOL15M-26OCT042115-15,0.0020,10.00,no
2026-10-05T01:14:36.925391Z,KXSOL15M-26OCT042115-15,0.0010,14.03,no
2026-10-05T01:14:38.417024Z,KXSOL15M-26OCT042115-15,0.0020,127.00,yes
2026-10-05T01:14:38.417024Z,KXSOL15M-26OCT042115-15,0.0020,14.03,yes
2026-10-05T01:14:38.417024Z,KXSOL15M-26OCT042115-15,0.0020,73.00,yes
2026-10-05T01:14:38.417024Z,KXSOL15M-26OCT042115-15,0.0030,32.00,yes
2026-10-05T01:14:38.417024Z,KXSOL15M-26OCT042115-15,0.0040,189.38,yes
2026-10-05T01:14:39.329376Z,KXSOL15M-26OCT042115-15,0.0010,100.09,no
2026-10-05T01:14:39.332448Z,KXSOL15M-26OCT042115-15,0.0010,53.75,no
2026-10-05T01:14:39.332448Z,KXSOL15M-26OCT042115-15,0.0010,46.34,no
2026-10-05T01:14:41.725901Z,KXSOL15M-26OCT042115-15,0.0020,5.79,yes
2026-10-05T01:14:42.229794Z,KXSOL15M-26OCT042115-15,0.0010,1.00,no
2026-10-05T01:14:42.229794Z,KXSOL15M-26OCT042115-15,0.0010,21.25,no
2026-10-05T01:14:42.229794Z,KXSOL15M-26OCT042115-15,0.0010,1.00,no
2026-10-05T01:14:42.229794Z,KXSOL15M-26OCT042115-15,0.0010,46.75,no
2026-10-05T01:14:42.916845Z,KXSOL15M-26OCT042115-15,0.0010,14.12,no
2026-10-05T01:14:45.08558Z,KXSOL15M-26OCT042115-15,0.0010,365.57,no
2026-10-05T01:14:45.08558Z,KXSOL15M-26OCT042115-15,0.0010,8.31,no
2026-10-05T01:14:45.08558Z,KXSOL15M-26OCT042115-15,0.0010,8.53,no
2026-10-05T01:14:45.08558Z,KXSOL15M-26OCT042115-15,0.0010,117.59,no
2026-10-05T01:14:45.08558Z,KXSOL15M-26OCT042115-15,0.0010,38.00,no
2026-10-05T01:14:45.08558Z,KXSOL15M-26OCT042115-15,0.0010,9.87,no
2026-10-05T01:14:45.08558Z,KXSOL15M-26OCT042115-15,0.0010,3.00,no
2026-10-05T01:14:45.08558Z,KXSOL15M-26OCT042115-15,0.0010,1.00,no
2026-10-05T01:14:45.08558Z,KXSOL15M-26OCT042115-15,0.0010,289.13,no
2026-10-05T01:14:45.543573Z,KXSOL15M-26OCT042115-15,0.0020,21.51,yes
2026-10-05T01:14:45.543573Z,KXSOL15M-26OCT042115-15,0.0020,117.59,yes
2026-10-05T01:14:45.543573Z,KXSOL15M-26OCT042115-15,0.0020,8.53,yes
2026-10-05T01:14:45.543573Z,KXSOL15M-26OCT042115-15,0.0020,153.00,yes
2026-10-05T01:14:45.543573Z,KXSOL15M-26OCT042115-15,0.0020,94.30,yes
2026-10-05T01:14:45.543573Z,KXSOL15M-26OCT042115-15,0.0020,46.34,yes
2026-10-05T01:14:45.56797Z,KXSOL15M-26OCT042115-15,0.0010,8.00,no
2026-10-05T01:14:45.789695Z,KXSOL15M-26OCT042115-15,0.0010,9.37,no
2026-10-05T01:14:45.789695Z,KXSOL15M-26OCT042115-15,0.0010,38.00,no
2026-10-05T01:14:45.789695Z,KXSOL15M-26OCT042115-15,0.0010,21.51,no
2026-10-05T01:14:45.789695Z,KXSOL15M-26OCT042115-15,0.0010,0.53,no
2026-10-05T01:14:45.789695Z,KXSOL15M-26OCT042115-15,0.0010,117.59,no
2026-10-05T01:14:46.622455Z,KXSOL15M-26OCT042115-15,0.0020,0.23,yes
2026-10-05T01:14:46.649484Z,KXSOL15M-26OCT042115-15,0.0010,37.77,no
2026-10-05T01:14:46.649484Z,KXSOL15M-26OCT042115-15,0.0010,0.23,no
2026-10-05T01:14:46.672929Z,KXSOL15M-26OCT042115-15,0.0020,49.00,yes
2026-10-05T01:14:46.87185Z,KXSOL15M-26OCT042115-15,0.0010,49.00,no
2026-10-05T01:14:46.87185Z,KXSOL15M-26OCT042115-15,0.0010,18.00,no
2026-10-05T01:14:48.539624Z,KXSOL15M-26OCT042115-15,0.0020,40.00,yes
2026-10-05T01:14:48.558975Z,KXSOL15M-26OCT042115-15,0.0010,40.00,no
2026-10-05T01:14:56.763219Z,KXSOL15M-26OCT042115-15,0.0010,915.99,yes
2026-10-05T01:13:45.435121Z,KXPALLADIUM15M-26OCT042115-15,0.0500,37.50,yes
2026-10-05T01:13:45.889266Z,KXPALLADIUM15M-26OCT042115-15,0.0400,46.00,yes
2026-10-05T01:13:47.663914Z,KXPALLADIUM15M-26OCT042115-15,0.0400,30.00,no
2026-10-05T01:13:48.345677Z,KXPALLADIUM15M-26OCT042115-15,0.0200,60.00,no
2026-10-05T01:13:48.345677Z,KXPALLADIUM15M-26OCT042115-15,0.0200,14.00,no
2026-10-05T01:13:48.345677Z,KXPALLADIUM15M-26OCT042115-15,0.0200,84.00,no
2026-10-05T01:13:48.345677Z,KXPALLADIUM15M-26OCT042115-15,0.0200,1.00,no
2026-10-05T01:13:52.568899Z,KXPALLADIUM15M-26OCT042115-15,0.0600,0.48,yes
2026-10-05T01:13:56.043917Z,KXPALLADIUM15M-26OCT042115-15,0.0500,7.29,no
2026-10-05T01:13:58.664304Z,KXPALLADIUM15M-26OCT042115-15,0.0300,30.00,no
2026-10-05T01:13:58.664304Z,KXPALLADIUM15M-26OCT042115-15,0.0300,60.00,no
2026-10-05T01:13:58.664304Z,KXPALLADIUM15M-26OCT042115-15,0.0300,30.00,no
2026-10-05T01:14:00.505681Z,KXPALLADIUM15M-26OCT042115-15,0.0100,950.00,no
2026-10-05T01:14:00.505681Z,KXPALLADIUM15M-26OCT042115-15,0.0200,60.00,no
2026-10-05T01:14:03.035614Z,KXPALLADIUM15M-26OCT042115-15,0.0200,5.10,no
2026-10-05T01:14:08.445948Z,KXPALLADIUM15M-26OCT042115-15,0.0300,0.31,yes
2026-10-05T01:14:09.701737Z,KXPALLADIUM15M-26OCT042115-15,0.0200,15.28,no
2026-10-05T01:14:19.95147Z,KXPALLADIUM15M-26OCT042115-15,0.0100,1.00,no
2026-10-05T01:14:24.805856Z,KXPALLADIUM15M-26OCT042115-15,0.0100,30.00,no
2026-10-05T01:14:24.805856Z,KXPALLADIUM15M-26OCT042115-15,0.0100,60.00,no
2026-10-05T01:14:24.805856Z,KXPALLADIUM15M-26OCT042115-15,0.0100,30.00,no
2026-10-05T01:14:24.805856Z,KXPALLADIUM15M-26OCT042115-15,0.0100,60.00,no
2026-10-05T01:14:24.805856Z,KXPALLADIUM15M-26OCT042115-15,0.0100,100.00,no
2026-10-05T01:14:24.805856Z,KXPALLADIUM15M-26OCT042115-15,0.0100,1.00,no
2026-10-05T01:14:24.805856Z,KXPALLADIUM15M-26OCT042115-15,0.0100,10.00,no
2026-10-05T01:14:24.805856Z,KXPALLADIUM15M-26OCT042115-15,0.0100,20.00,no
2026-10-05T01:14:24.805856Z,KXPALLADIUM15M-26OCT042115-15,0.0100,2.00,no
2026-10-05T01:14:24.805856Z,KXPALLADIUM15M-26OCT042115-15,0.0100,2.00,no
2026-10-05T01:14:25.379806Z,KXPALLADIUM15M-26OCT042115-15,0.0100,25.40,yes
2026-10-05T01:14:54.619551Z,KXPALLADIUM15M-26OCT042115-15,0.0100,8.53,yes
2026-10-05T01:13:43.728119Z,KXBNB15M-26OCT042115-15,0.4700,2.79,no
2026-10-05T01:13:43.728119Z,KXBNB15M-26OCT042115-15,0.4600,2.46,no
2026-10-05T01:13:44.578422Z,KXBNB15M-26OCT042115-15,0.4900,1.00,yes
2026-10-05T01:13:44.587514Z,KXBNB15M-26OCT042115-15,0.4900,2.00,yes
2026-10-05T01:13:45.020518Z,KXBNB15M-26OCT042115-15,0.4800,18.60,no
2026-10-05T01:13:45.429323Z,KXBNB15M-26OCT042115-15,0.4800,14.00,no
2026-10-05T01:13:46.510201Z,KXBNB15M-26OCT042115-15,0.4800,5.22,no
2026-10-05T01:13:46.635952Z,KXBNB15M-26OCT042115-15,0.4800,20.68,no
2026-10-05T01:13:47.122605Z,KXBNB15M-26OCT042115-15,0.4000,24.00,no
2026-10-05T01:13:47.122605Z,KXBNB15M-26OCT042115-15,0.4800,1.00,no
2026-10-05T01:13:47.122605Z,KXBNB15M-26OCT042115-15,0.3900,60.00,no
2026-10-05T01:13:47.122605Z,KXBNB15M-26OCT042115-15,0.3500,52.06,no
2026-10-05T01:13:47.122605Z,KXBNB15M-26OCT042115-15,0.3700,60.00,no
2026-10-05T01:13:47.122605Z,KXBNB15M-26OCT042115-15,0.4100,1.00,no
2026-10-05T01:13:47.704582Z,KXBNB15M-26OCT042115-15,0.4700,1.00,yes
2026-10-05T01:13:49.169152Z,KXBNB15M-26OCT042115-15,0.5300,6.00,yes
2026-10-05T01:13:49.169152Z,KXBNB15M-26OCT042115-15,0.5300,1.00,yes
2026-10-05T01:13:49.16977Z,KXBNB15M-26OCT042115-15,0.5700,30.00,yes
2026-10-05T01:13:49.16977Z,KXBNB15M-26OCT042115-15,0.5500,30.00,yes
2026-10-05T01:13:49.16977Z,KXBNB15M-26OCT042115-15,0.5500,1.00,yes
2026-10-05T01:13:49.16977Z,KXBNB15M-26OCT042115-15,0.5300,19.00,yes
2026-10-05T01:13:49.16977Z,KXBNB15M-26OCT042115-15,0.5400,0.01,yes
2026-10-05T01:13:49.16977Z,KXBNB15M-26OCT042115-15,0.5600,8.00,yes
2026-10-05T01:13:49.16977Z,KXBNB15M-26OCT042115-15,0.5700,9.99,yes
2026-10-05T01:13:49.180852Z,KXBNB15M-26OCT042115-15,0.5600,14.92,yes
2026-10-05T01:13:49.184941Z,KXBNB15M-26OCT042115-15,0.5800,21.00,yes
2026-10-05T01:13:49.184941Z,KXBNB15M-26OCT042115-15,0.5600,6.08,yes
2026-10-05T01:13:49.184941Z,KXBNB15M-26OCT042115-15,0.5700,14.91,yes
2026-10-05T01:13:49.803895Z,KXBNB15M-26OCT042115-15,0.5800,1.59,yes
2026-10-05T01:13:49.912721Z,KXBNB15M-26OCT042115-15,0.5900,30.00,yes
2026-10-05T01:13:49.912721Z,KXBNB15M-26OCT042115-15,0.5800,1.00,yes
2026-10-05T01:13:49.912721Z,KXBNB15M-26OCT042115-15,0.6000,8.00,yes
2026-10-05T01:13:49.942987Z,KXBNB15M-26OCT042115-15,0.6300,30.00,yes
2026-10-05T01:13:49.942987Z,KXBNB15M-26OCT042115-15,0.6100,30.00,yes
2026-10-05T01:13:50.502835Z,KXBNB15M-26OCT042115-15,0.6400,0.01,no
2026-10-05T01:13:50.502835Z,KXBNB15M-26OCT042115-15,0.6000,12.99,no
2026-10-05T01:13:51.079966Z,KXBNB15M-26OCT042115-15,0.6100,1.00,yes
2026-10-05T01:13:51.079966Z,KXBNB15M-26OCT042115-15,0.6200,60.00,yes
2026-10-05T01:13:51.404922Z,KXBNB15M-26OCT042115-15,0.6000,15.00,no
2026-10-05T01:13:51.404922Z,KXBNB15M-26OCT042115-15,0.6000,1.00,no
2026-10-05T01:13:51.404922Z,KXBNB15M-26OCT042115-15,0.6000,162.00,no
2026-10-05T01:13:51.404922Z,KXBNB15M-26OCT042115-15,0.6000,17.01,no
2026-10-05T01:13:51.404922Z,KXBNB15M-26OCT042115-15,0.5800,30.00,no
2026-10-05T01:13:51.40575Z,KXBNB15M-26OCT042115-15,0.5600,30.00,no
2026-10-05T01:13:51.406963Z,KXBNB15M-26OCT042115-15,0.5100,1.00,no
2026-10-05T01:13:51.406963Z,KXBNB15M-26OCT042115-15,0.5400,37.00,no
2026-10-05T01:13:51.774517Z,KXBNB15M-26OCT042115-15,0.6000,1.00,yes
2026-10-05T01:13:51.774517Z,KXBNB15M-26OCT042115-15,0.6100,30.91,yes
2026-10-05T01:13:52.350952Z,KXBNB15M-26OCT042115-15,0.6200,1.00,yes
2026-10-05T01:13:52.350952Z,KXBNB15M-26OCT042115-15,0.6100,1.00,yes
2026-10-05T01:13:52.350952Z,KXBNB15M-26OCT042115-15,0.6300,14.00,yes
2026-10-05T01:13:53.098739Z,KXBNB15M-26OCT042115-15,0.5800,1.00,yes
2026-10-05T01:13:53.098739Z,KXBNB15M-26OCT042115-15,0.5900,60.00,yes
2026-10-05T01:13:53.098739Z,KXBNB15M-26OCT042115-15,0.6100,60.00,yes
2026-10-05T01:13:53.098739Z,KXBNB15M-26OCT042115-15,0.5700,60.00,yes
2026-10-05T01:13:53.098739Z,KXBNB15M-26OCT042115-15,0.6300,8.00,yes
2026-10-05T01:13:53.751696Z,KXBNB15M-26OCT042115-15,0.6100,21.00,yes
2026-10-05T01:13:53.824862Z,KXBNB15M-26OCT042115-15,0.6100,9.00,yes
2026-10-05T01:13:53.824862Z,KXBNB15M-26OCT042115-15,0.6000,1.00,yes
2026-10-05T01:13:54.002494Z,KXBNB15M-26OCT042115-15,0.5500,4.18,no
2026-10-05T01:13:54.235251Z,KXBNB15M-26OCT042115-15,0.6200,1.00,yes
2026-10-05T01:13:55.032951Z,KXBNB15M-26OCT042115-15,0.6100,32.00,no
2026-10-05T01:13:55.032951Z,KXBNB15M-26OCT042115-15,0.6000,25.00,no
2026-10-05T01:13:55.032951Z,KXBNB15M-26OCT042115-15,0.5400,60.00,no
2026-10-05T01:13:55.032951Z,KXBNB15M-26OCT042115-15,0.5200,60.00,no
2026-10-05T01:13:55.032951Z,KXBNB15M-26OCT042115-15,0.5500,157.82,no
2026-10-05T01:13:55.032951Z,KXBNB15M-26OCT042115-15,0.5600,25.00,no
2026-10-05T01:13:55.032951Z,KXBNB15M-26OCT042115-15,0.5000,53.60,no
2026-10-05T01:13:55.032951Z,KXBNB15M-26OCT042115-15,0.5300,1.00,no
2026-10-05T01:13:55.032951Z,KXBNB15M-26OCT042115-15,0.5200,1.00,no
2026-10-05T01:13:55.032951Z,KXBNB15M-26OCT042115-15,0.5600,8.00,no
2026-10-05T01:13:55.032951Z,KXBNB15M-26OCT042115-15,0.5300,1.00,no
2026-10-05T01:13:55.144031Z,KXBNB15M-26OCT042115-15,0.5500,25.00,yes
2026-10-05T01:13:55.414336Z,KXBNB15M-26OCT042115-15,0.5300,4.00,no
2026-10-05T01:13:55.414336Z,KXBNB15M-26OCT042115-15,0.5400,1.00,no
2026-10-05T01:13:55.444718Z,KXBNB15M-26OCT042115-15,0.6000,5.00,yes
2026-10-05T01:13:55.446574Z,KXBNB15M-26OCT042115-15,0.6000,5.00,yes
2026-10-05T01:13:55.451176Z,KXBNB15M-26OCT042115-15,0.6000,10.00,yes
2026-10-05T01:13:55.453455Z,KXBNB15M-26OCT042115-15,0.6000,1.00,yes
2026-10-05T01:13:55.468566Z,KXBNB15M-26OCT042115-15,0.5900,15.00,yes
2026-10-05T01:13:55.631186Z,KXBNB15M-26OCT042115-15,0.6500,19.21,yes
2026-10-05T01:13:55.631186Z,KXBNB15M-26OCT042115-15,0.6400,2.00,yes
2026-10-05T01:13:55.631186Z,KXBNB15M-26OCT042115-15,0.6300,1.00,yes
2026-10-05T01:13:55.672394Z,KXBNB15M-26OCT042115-15,0.6500,10.79,yes
2026-10-05T01:13:55.672394Z,KXBNB15M-26OCT042115-15,0.6500,1.00,yes
2026-10-05T01:13:55.672394Z,KXBNB15M-26OCT042115-15,0.6500,1.00,yes
2026-10-05T01:13:56.015576Z,KXBNB15M-26OCT042115-15,0.6700,12.00,yes
2026-10-05T01:13:56.261079Z,KXBNB15M-26OCT042115-15,0.6700,18.00,yes
2026-10-05T01:13:56.261079Z,KXBNB15M-26OCT042115-15,0.7100,30.00,yes
2026-10-05T01:13:56.261079Z,KXBNB15M-26OCT042115-15,0.6900,30.00,yes
2026-10-05T01:13:56.261079Z,KXBNB15M-26OCT042115-15,0.7300,26.92,yes
2026-10-05T01:13:56.261079Z,KXBNB15M-26OCT042115-15,0.6900,1.00,yes
2026-10-05T01:13:56.261079Z,KXBNB15M-26OCT042115-15,0.6800,1.00,yes
2026-10-05T01:13:56.261079Z,KXBNB15M-26OCT042115-15,0.6900,1.00,yes
2026-10-05T01:13:56.52222Z,KXBNB15M-26OCT042115-15,0.7000,30.00,no
2026-10-05T01:13:56.522809Z,KXBNB15M-26OCT042115-15,0.6900,27.00,no
2026-10-05T01:13:56.527511Z,KXBNB15M-26OCT042115-15,0.6800,30.00,no
2026-10-05T01:13:56.533227Z,KXBNB15M-26OCT042115-15,0.6700,27.00,no
2026-10-05T01:13:56.537595Z,KXBNB15M-26OCT042115-15,0.6600,30.00,no
2026-10-05T01:13:56.540995Z,KXBNB15M-26OCT042115-15,0.6500,26.00,no
2026-10-05T01:13:56.544141Z,KXBNB15M-26OCT042115-15,0.6700,21.78,yes
2026-10-05T01:13:57.5411Z,KXBNB15M-26OCT042115-15,0.7100,60.00,yes
2026-10-05T01:13:57.5411Z,KXBNB15M-26OCT042115-15,0.7200,6.00,yes
2026-10-05T01:13:57.634687Z,KXBNB15M-26OCT042115-15,0.6400,20.00,no
2026-10-05T01:13:59.253402Z,KXBNB15M-26OCT042115-15,0.7100,0.12,yes
2026-10-05T01:13:59.253402Z,KXBNB15M-26OCT042115-15,0.6800,1.00,yes
2026-10-05T01:13:59.70284Z,KXBNB15M-26OCT042115-15,0.6300,2.49,no
2026-10-05T01:14:00.057063Z,KXBNB15M-26OCT042115-15,0.6400,1.00,yes
2026-10-05T01:14:00.057063Z,KXBNB15M-26OCT042115-15,0.6400,10.00,yes
2026-10-05T01:14:00.316927Z,KXBNB15M-26OCT042115-15,0.6400,12.07,yes
2026-10-05T01:14:00.394965Z,KXBNB15M-26OCT042115-15,0.6600,60.00,yes
2026-10-05T01:14:00.394965Z,KXBNB15M-26OCT042115-15,0.6800,28.00,yes
2026-10-05T01:14:00.394965Z,KXBNB15M-26OCT042115-15,0.6500,24.00,yes
2026-10-05T01:14:00.511441Z,KXBNB15M-26OCT042115-15,0.6600,13.00,yes
2026-10-05T01:14:01.060768Z,KXBNB15M-26OCT042115-15,0.7600,59.92,yes
2026-10-05T01:14:01.060768Z,KXBNB15M-26OCT042115-15,0.7500,10.00,yes
2026-10-05T01:14:01.060768Z,KXBNB15M-26OCT042115-15,0.7500,30.00,yes
2026-10-05T01:14:01.060768Z,KXBNB15M-26OCT042115-15,0.7300,3.08,yes
2026-10-05T01:14:01.060768Z,KXBNB15M-26OCT042115-15,0.7500,20.00,yes
2026-10-05T01:14:01.060768Z,KXBNB15M-26OCT042115-15,0.7400,60.00,yes
2026-10-05T01:14:01.060768Z,KXBNB15M-26OCT042115-15,0.7300,6.00,yes
2026-10-05T01:14:01.060768Z,KXBNB15M-26OCT042115-15,0.7300,25.00,yes
2026-10-05T01:14:01.060768Z,KXBNB15M-26OCT042115-15,0.7400,1.00,yes
2026-10-05T01:14:01.060768Z,KXBNB15M-26OCT042115-15,0.7300,1.00,yes
2026-10-05T01:14:01.228026Z,KXBNB15M-26OCT042115-15,0.6700,27.00,no
2026-10-05T01:14:01.228026Z,KXBNB15M-26OCT042115-15,0.6600,17.45,no
2026-10-05T01:14:01.228026Z,KXBNB15M-26OCT042115-15,0.6800,7.77,no
2026-10-05T01:14:01.228026Z,KXBNB15M-26OCT042115-15,0.6800,0.24,no
2026-10-05T01:14:01.228026Z,KXBNB15M-26OCT042115-15,0.6800,60.00,no
2026-10-05T01:14:01.430687Z,KXBNB15M-26OCT042115-15,0.6800,12.00,no
2026-10-05T01:14:01.983251Z,KXBNB15M-26OCT042115-15,0.7700,0.84,yes
2026-10-05T01:14:02.590807Z,KXBNB15M-26OCT042115-15,0.7000,0.29,no
2026-10-05T01:14:02.592684Z,KXBNB15M-26OCT042115-15,0.6900,27.00,no
2026-10-05T01:14:02.59696Z,KXBNB15M-26OCT042115-15,0.6400,1.85,no
2026-10-05T01:14:02.59696Z,KXBNB15M-26OCT042115-15,0.6600,30.00,no
2026-10-05T01:14:02.59696Z,KXBNB15M-26OCT042115-15,0.6500,1.51,no
2026-10-05T01:14:02.598466Z,KXBNB15M-26OCT042115-15,0.6400,28.15,no
2026-10-05T01:14:02.598466Z,KXBNB15M-26OCT042115-15,0.6400,1.00,no
2026-10-05T01:14:02.99834Z,KXBNB15M-26OCT042115-15,0.6300,1.00,yes
2026-10-05T01:14:02.99834Z,KXBNB15M-26OCT042115-15,0.6500,60.00,yes
2026-10-05T01:14:02.99834Z,KXBNB15M-26OCT042115-15,0.6400,22.00,yes
2026-10-05T01:14:03.022018Z,KXBNB15M-26OCT042115-15,0.6700,31.92,yes
2026-10-05T01:14:03.048961Z,KXBNB15M-26OCT042115-15,0.6700,28.00,yes
2026-10-05T01:14:03.169832Z,KXBNB15M-26OCT042115-15,0.7000,60.00,yes
2026-10-05T01:14:03.169832Z,KXBNB15M-26OCT042115-15,0.7100,15.00,yes
2026-10-05T01:14:03.247943Z,KXBNB15M-26OCT042115-15,0.6100,14.00,no
2026-10-05T01:14:03.248562Z,KXBNB15M-26OCT042115-15,0.6000,25.00,no
2026-10-05T01:14:03.597716Z,KXBNB15M-26OCT042115-15,0.5500,60.00,yes
2026-10-05T01:14:03.597716Z,KXBNB15M-26OCT042115-15,0.5400,8.00,yes
2026-10-05T01:14:03.597716Z,KXBNB15M-26OCT042115-15,0.5700,10.00,yes
2026-10-05T01:14:03.597716Z,KXBNB15M-26OCT042115-15,0.5400,22.00,yes
2026-10-05T01:14:04.050248Z,KXBNB15M-26OCT042115-15,0.6200,1.00,yes
2026-10-05T01:14:04.281356Z,KXBNB15M-26OCT042115-15,0.6600,24.00,yes
2026-10-05T01:14:04.288152Z,KXBNB15M-26OCT042115-15,0.7900,30.00,yes
2026-10-05T01:14:04.288152Z,KXBNB15M-26OCT042115-15,0.7700,29.16,yes
2026-10-05T01:14:04.290205Z,KXBNB15M-26OCT042115-15,0.8200,1.00,yes
2026-10-05T01:14:04.290205Z,KXBNB15M-26OCT042115-15,0.7800,24.00,yes
2026-10-05T01:14:04.290205Z,KXBNB15M-26OCT042115-15,0.8100,1.00,yes
2026-10-05T01:14:04.290205Z,KXBNB15M-26OCT042115-15,0.8000,1.00,yes
2026-10-05T01:14:04.290205Z,KXBNB15M-26OCT042115-15,0.8100,30.00,yes
2026-10-05T01:14:04.290205Z,KXBNB15M-26OCT042115-15,0.8300,30.00,yes
2026-10-05T01:14:04.290205Z,KXBNB15M-26OCT042115-15,0.8000,1.00,yes
2026-10-05T01:14:04.290205Z,KXBNB15M-26OCT042115-15,0.8400,55.19,yes
2026-10-05T01:14:04.297406Z,KXBNB15M-26OCT042115-15,0.8400,138.73,yes
2026-10-05T01:14:04.300483Z,KXBNB15M-26OCT042115-15,0.8400,1.00,yes
2026-10-05T01:14:04.307404Z,KXBNB15M-26OCT042115-15,0.8200,42.00,no
2026-10-05T01:14:04.311055Z,KXBNB15M-26OCT042115-15,0.8400,8.30,yes
2026-10-05T01:14:04.360253Z,KXBNB15M-26OCT042115-15,0.8000,24.00,no
2026-10-05T01:14:04.360253Z,KXBNB15M-26OCT042115-15,0.8200,18.00,no
2026-10-05T01:14:04.370795Z,KXBNB15M-26OCT042115-15,0.8300,42.00,no
2026-10-05T01:14:04.37263Z,KXBNB15M-26OCT042115-15,0.8600,10.00,yes
2026-10-05T01:14:04.37263Z,KXBNB15M-26OCT042115-15,0.8500,30.00,yes
2026-10-05T01:14:04.3732Z,KXBNB15M-26OCT042115-15,0.8600,1.00,yes
2026-10-05T01:14:04.3732Z,KXBNB15M-26OCT042115-15,0.8700,30.00,yes
2026-10-05T01:14:04.3732Z,KXBNB15M-26OCT042115-15,0.8800,1.00,yes
2026-10-05T01:14:04.375132Z,KXBNB15M-26OCT042115-15,0.8800,23.00,yes
2026-10-05T01:14:04.375132Z,KXBNB15M-26OCT042115-15,0.8600,10.00,yes
2026-10-05T01:14:04.375132Z,KXBNB15M-26OCT042115-15,0.8800,1.00,yes
2026-10-05T01:14:04.375132Z,KXBNB15M-26OCT042115-15,0.8900,11.00,yes
2026-10-05T01:14:04.375132Z,KXBNB15M-26OCT042115-15,0.8900,2.00,yes
2026-10-05T01:14:04.380426Z,KXBNB15M-26OCT042115-15,0.8700,42.00,no
2026-10-05T01:14:04.882773Z,KXBNB15M-26OCT042115-15,0.8600,12.00,no
2026-10-05T01:14:04.882773Z,KXBNB15M-26OCT042115-15,0.8700,30.00,no
2026-10-05T01:14:05.018147Z,KXBNB15M-26OCT042115-15,0.8800,11.82,yes
2026-10-05T01:14:05.022002Z,KXBNB15M-26OCT042115-15,0.8800,17.92,yes
2026-10-05T01:14:05.058882Z,KXBNB15M-26OCT042115-15,0.8800,12.26,yes
2026-10-05T01:14:05.058882Z,KXBNB15M-26OCT042115-15,0.9050,60.00,yes
2026-10-05T01:14:05.058882Z,KXBNB15M-26OCT042115-15,0.8900,5.00,yes
2026-10-05T01:14:05.058882Z,KXBNB15M-26OCT042115-15,0.8900,2.00,yes
2026-10-05T01:14:05.058882Z,KXBNB15M-26OCT042115-15,0.9100,20.00,yes
2026-10-05T01:14:05.058882Z,KXBNB15M-26OCT042115-15,0.8900,7.00,yes
2026-10-05T01:14:05.058882Z,KXBNB15M-26OCT042115-15,0.9000,50.00,yes
2026-10-05T01:14:05.058882Z,KXBNB15M-26OCT042115-15,0.9100,55.00,yes
2026-10-05T01:14:05.058882Z,KXBNB15M-26OCT042115-15,0.9160,1.00,yes
2026-10-05T01:14:05.058882Z,KXBNB15M-26OCT042115-15,0.9000,20.00,yes
2026-10-05T01:14:05.058882Z,KXBNB15M-26OCT042115-15,0.9190,536.74,yes
2026-10-05T01:14:05.101266Z,KXBNB15M-26OCT042115-15,0.9200,20.00,yes
2026-10-05T01:14:05.170754Z,KXBNB15M-26OCT042115-15,0.9200,5.00,yes
2026-10-05T01:14:05.206709Z,KXBNB15M-26OCT042115-15,0.9200,1.02,yes
2026-10-05T01:14:05.261175Z,KXBNB15M-26OCT042115-15,0.9200,10.00,yes
2026-10-05T01:14:05.352014Z,KXBNB15M-26OCT042115-15,0.8700,1.00,no
2026-10-05T01:14:05.384478Z,KXBNB15M-26OCT042115-15,0.8700,29.00,no
2026-10-05T01:14:05.384478Z,KXBNB15M-26OCT042115-15,0.8700,13.00,no
2026-10-05T01:14:05.398597Z,KXBNB15M-26OCT042115-15,0.8700,2.42,no
2026-10-05T01:14:05.398597Z,KXBNB15M-26OCT042115-15,0.8700,39.58,no
2026-10-05T01:14:05.533691Z,KXBNB15M-26OCT042115-15,0.8700,3.62,no
2026-10-05T01:14:05.576876Z,KXBNB15M-26OCT042115-15,0.8800,1.02,yes
2026-10-05T01:14:05.898104Z,KXBNB15M-26OCT042115-15,0.8700,16.80,no
2026-10-05T01:14:05.898104Z,KXBNB15M-26OCT042115-15,0.8700,25.20,no
2026-10-05T01:14:05.910694Z,KXBNB15M-26OCT042115-15,0.8800,1.00,yes
2026-10-05T01:14:05.910694Z,KXBNB15M-26OCT042115-15,0.9200,25.98,yes
2026-10-05T01:14:06.226768Z,KXBNB15M-26OCT042115-15,0.8600,28.00,no
2026-10-05T01:14:06.226768Z,KXBNB15M-26OCT042115-15,0.8500,16.92,no
2026-10-05T01:14:06.226768Z,KXBNB15M-26OCT042115-15,0.8700,4.80,no
2026-10-05T01:14:06.226768Z,KXBNB15M-26OCT042115-15,0.8700,9.00,no
2026-10-05T01:14:06.332512Z,KXBNB15M-26OCT042115-15,0.8700,7.14,no
2026-10-05T01:14:06.397861Z,KXBNB15M-26OCT042115-15,0.8500,13.08,no
2026-10-05T01:14:06.397861Z,KXBNB15M-26OCT042115-15,0.8500,0.06,no
2026-10-05T01:14:06.397861Z,KXBNB15M-26OCT042115-15,0.8600,28.00,no
2026-10-05T01:14:06.397861Z,KXBNB15M-26OCT042115-15,0.8700,0.86,no
2026-10-05T01:14:06.452465Z,KXBNB15M-26OCT042115-15,0.8800,26.74,yes
2026-10-05T01:14:06.638105Z,KXBNB15M-26OCT042115-15,0.9160,8.82,yes
2026-10-05T01:14:06.638105Z,KXBNB15M-26OCT042115-15,0.8800,15.26,yes
2026-10-05T01:14:06.725581Z,KXBNB15M-26OCT042115-15,0.9140,3.00,yes
2026-10-05T01:14:06.725581Z,KXBNB15M-26OCT042115-15,0.8800,1.00,yes
2026-10-05T01:14:06.830069Z,KXBNB15M-26OCT042115-15,0.9130,0.01,yes
2026-10-05T01:14:06.838384Z,KXBNB15M-26OCT042115-15,0.8500,5.99,no
2026-10-05T01:14:06.838384Z,KXBNB15M-26OCT042115-15,0.8700,8.00,no
2026-10-05T01:14:06.838384Z,KXBNB15M-26OCT042115-15,0.8700,0.01,no
2026-10-05T01:14:06.838384Z,KXBNB15M-26OCT042115-15,0.8600,28.00,no
2026-10-05T01:14:06.846018Z,KXBNB15M-26OCT042115-15,0.8500,42.00,no
2026-10-05T01:14:06.852587Z,KXBNB15M-26OCT042115-15,0.8500,11.95,no
2026-10-05T01:14:06.852587Z,KXBNB15M-26OCT042115-15,0.8500,29.00,no
2026-10-05T01:14:06.852587Z,KXBNB15M-26OCT042115-15,0.8400,1.05,no
2026-10-05T01:14:06.917036Z,KXBNB15M-26OCT042115-15,0.8300,42.00,no
2026-10-05T01:14:07.081492Z,KXBNB15M-26OCT042115-15,0.8800,23.00,yes
2026-10-05T01:14:07.081492Z,KXBNB15M-26OCT042115-15,0.8700,15.00,yes
2026-10-05T01:14:07.081492Z,KXBNB15M-26OCT042115-15,0.8900,222.00,yes
2026-10-05T01:14:07.081492Z,KXBNB15M-26OCT042115-15,0.8400,42.00,yes
2026-10-05T01:14:07.111878Z,KXBNB15M-26OCT042115-15,0.8800,1.00,yes
2026-10-05T01:14:07.216687Z,KXBNB15M-26OCT042115-15,0.8300,18.00,no
2026-10-05T01:14:07.216687Z,KXBNB15M-26OCT042115-15,0.8200,3.78,no
2026-10-05T01:14:07.21823Z,KXBNB15M-26OCT042115-15,0.8200,3.88,no
2026-10-05T01:14:07.398053Z,KXBNB15M-26OCT042115-15,0.9420,60.00,yes
2026-10-05T01:14:07.398053Z,KXBNB15M-26OCT042115-15,0.9130,0.99,yes
2026-10-05T01:14:07.398053Z,KXBNB15M-26OCT042115-15,0.9260,60.00,yes
2026-10-05T01:14:07.398053Z,KXBNB15M-26OCT042115-15,0.9480,1191.45,yes
2026-10-05T01:14:07.398053Z,KXBNB15M-26OCT042115-15,0.9250,12.00,yes
2026-10-05T01:14:07.398053Z,KXBNB15M-26OCT042115-15,0.9100,60.00,yes
2026-10-05T01:14:07.398053Z,KXBNB15M-26OCT042115-15,0.9300,42.00,yes
2026-10-05T01:14:07.398053Z,KXBNB15M-26OCT042115-15,0.9300,71.00,yes
2026-10-05T01:14:07.398053Z,KXBNB15M-26OCT042115-15,0.9400,83.00,yes
2026-10-05T01:14:07.398053Z,KXBNB15M-26OCT042115-15,0.9460,1.00,yes
2026-10-05T01:14:07.398053Z,KXBNB15M-26OCT042115-15,0.9260,1.00,yes
2026-10-05T01:14:07.398053Z,KXBNB15M-26OCT042115-15,0.9360,1.00,yes
2026-10-05T01:14:07.418005Z,KXBNB15M-26OCT042115-15,0.8500,19.13,no
2026-10-05T01:14:07.592359Z,KXBNB15M-26OCT042115-15,0.8500,7.76,no
2026-10-05T01:14:08.617937Z,KXBNB15M-26OCT042115-15,0.8700,60.00,no
2026-10-05T01:14:08.617937Z,KXBNB15M-26OCT042115-15,0.8600,3.21,no
2026-10-05T01:14:08.985438Z,KXBNB15M-26OCT042115-15,0.8700,3.00,no
2026-10-05T01:14:09.016246Z,KXBNB15M-26OCT042115-15,0.8700,12.07,no
2026-10-05T01:14:09.053437Z,KXBNB15M-26OCT042115-15,0.9490,15.00,yes
2026-10-05T01:14:09.053437Z,KXBNB15M-26OCT042115-15,0.9420,1.00,yes
2026-10-05T01:14:09.053437Z,KXBNB15M-26OCT042115-15,0.9500,81.62,yes
2026-10-05T01:14:09.053437Z,KXBNB15M-26OCT042115-15,0.9500,1.00,yes
2026-10-05T01:14:09.053437Z,KXBNB15M-26OCT042115-15,0.9500,6.00,yes
2026-10-05T01:14:09.053437Z,KXBNB15M-26OCT042115-15,0.9500,3.00,yes
2026-10-05T01:14:09.053437Z,KXBNB15M-26OCT042115-15,0.9500,1.00,yes
2026-10-05T01:14:09.553075Z,KXBNB15M-26OCT042115-15,0.9490,2.48,yes
2026-10-05T01:14:09.553075Z,KXBNB15M-26OCT042115-15,0.9420,1.00,yes
2026-10-05T01:14:09.578098Z,KXBNB15M-26OCT042115-15,0.9500,1.00,yes
2026-10-05T01:14:09.889083Z,KXBNB15M-26OCT042115-15,0.9410,2.62,no
2026-10-05T01:14:09.987983Z,KXBNB15M-26OCT042115-15,0.9410,2.62,no
2026-10-05T01:14:09.987983Z,KXBNB15M-26OCT042115-15,0.9410,5.38,no
2026-10-05T01:14:10.028429Z,KXBNB15M-26OCT042115-15,0.9500,99.62,yes
2026-10-05T01:14:10.028429Z,KXBNB15M-26OCT042115-15,0.9500,17.38,yes
2026-10-05T01:14:10.04615Z,KXBNB15M-26OCT042115-15,0.9500,0.38,yes
2026-10-05T01:14:10.061314Z,KXBNB15M-26OCT042115-15,0.9590,20.00,yes
2026-10-05T01:14:10.061314Z,KXBNB15M-26OCT042115-15,0.9500,1.00,yes
2026-10-05T01:14:10.061314Z,KXBNB15M-26OCT042115-15,0.9600,1.00,yes
2026-10-05T01:14:10.061314Z,KXBNB15M-26OCT042115-15,0.9600,125.00,yes
2026-10-05T01:14:10.061314Z,KXBNB15M-26OCT042115-15,0.9660,2.00,yes
2026-10-05T01:14:10.061314Z,KXBNB15M-26OCT042115-15,0.9560,1.00,yes
2026-10-05T01:14:10.061314Z,KXBNB15M-26OCT042115-15,0.9690,1.00,yes
2026-10-05T01:14:10.096411Z,KXBNB15M-26OCT042115-15,0.9700,10.00,yes
2026-10-05T01:14:10.111977Z,KXBNB15M-26OCT042115-15,0.9700,2.00,yes
2026-10-05T01:14:10.280891Z,KXBNB15M-26OCT042115-15,0.9000,5.80,no
2026-10-05T01:14:10.280891Z,KXBNB15M-26OCT042115-15,0.9410,4.20,no
2026-10-05T01:14:10.389048Z,KXBNB15M-26OCT042115-15,0.8900,5.00,no
2026-10-05T01:14:11.099469Z,KXBNB15M-26OCT042115-15,0.8900,4.00,no
2026-10-05T01:14:11.166352Z,KXBNB15M-26OCT042115-15,0.9760,22.00,yes
2026-10-05T01:14:11.166352Z,KXBNB15M-26OCT042115-15,0.9700,25.00,yes
2026-10-05T01:14:11.166352Z,KXBNB15M-26OCT042115-15,0.9700,1.00,yes
2026-10-05T01:14:11.166352Z,KXBNB15M-26OCT042115-15,0.9700,166.00,yes
2026-10-05T01:14:11.166352Z,KXBNB15M-26OCT042115-15,0.9760,4.00,yes
2026-10-05T01:14:11.166352Z,KXBNB15M-26OCT042115-15,0.9700,12.00,yes
2026-10-05T01:14:11.166352Z,KXBNB15M-26OCT042115-15,0.9700,12.00,yes
2026-10-05T01:14:11.166352Z,KXBNB15M-26OCT042115-15,0.9700,8.00,yes
2026-10-05T01:14:11.199412Z,KXBNB15M-26OCT042115-15,0.9700,1.00,yes
2026-10-05T01:14:11.345854Z,KXBNB15M-26OCT042115-15,0.9790,4.00,yes
2026-10-05T01:14:11.345854Z,KXBNB15M-26OCT042115-15,0.9790,1.00,yes
2026-10-05T01:14:11.580762Z,KXBNB15M-26OCT042115-15,0.9790,17.00,yes
2026-10-05T01:14:11.580762Z,KXBNB15M-26OCT042115-15,0.9790,2.00,yes
2026-10-05T01:14:11.775542Z,KXBNB15M-26OCT042115-15,0.9000,8.00,no
2026-10-05T01:14:11.775542Z,KXBNB15M-26OCT042115-15,0.9060,60.00,no
2026-10-05T01:14:12.344003Z,KXBNB15M-26OCT042115-15,0.9660,2.00,yes
2026-10-05T01:14:12.344003Z,KXBNB15M-26OCT042115-15,0.9670,0.22,yes
2026-10-05T01:14:12.43341Z,KXBNB15M-26OCT042115-15,0.9660,1.00,yes
2026-10-05T01:14:12.43341Z,KXBNB15M-26OCT042115-15,0.9670,1.78,yes
2026-10-05T01:14:12.496711Z,KXBNB15M-26OCT042115-15,0.9390,60.00,no
2026-10-05T01:14:12.496711Z,KXBNB15M-26OCT042115-15,0.9240,0.80,no
2026-10-05T01:14:12.805049Z,KXBNB15M-26OCT042115-15,0.9710,2.00,yes
2026-10-05T01:14:12.805049Z,KXBNB15M-26OCT042115-15,0.9700,2.00,yes
2026-10-05T01:14:12.805049Z,KXBNB15M-26OCT042115-15,0.9690,1.00,yes
2026-10-05T01:14:12.805049Z,KXBNB15M-26OCT042115-15,0.9780,23.00,yes
2026-10-05T01:14:12.805049Z,KXBNB15M-26OCT042115-15,0.9790,6.00,yes
2026-10-05T01:14:12.805049Z,KXBNB15M-26OCT042115-15,0.9800,109.00,yes
2026-10-05T01:14:12.805049Z,KXBNB15M-26OCT042115-15,0.9800,1.00,yes
2026-10-05T01:14:12.805049Z,KXBNB15M-26OCT042115-15,0.9800,11.00,yes
2026-10-05T01:14:13.056717Z,KXBNB15M-26OCT042115-15,0.9750,2.00,yes
2026-10-05T01:14:13.056717Z,KXBNB15M-26OCT042115-15,0.9740,2.00,yes
2026-10-05T01:14:13.056717Z,KXBNB15M-26OCT042115-15,0.9810,15.78,yes
2026-10-05T01:14:13.056717Z,KXBNB15M-26OCT042115-15,0.9800,50.00,yes
2026-10-05T01:14:13.056717Z,KXBNB15M-26OCT042115-15,0.9800,23.00,yes
2026-10-05T01:14:13.056717Z,KXBNB15M-26OCT042115-15,0.9800,141.00,yes
2026-10-05T01:14:13.071766Z,KXBNB15M-26OCT042115-15,0.9740,1.00,yes
2026-10-05T01:14:13.071766Z,KXBNB15M-26OCT042115-15,0.9810,21.00,yes
2026-10-05T01:14:13.365575Z,KXBNB15M-26OCT042115-15,0.9730,1.98,yes
2026-10-05T01:14:13.382179Z,KXBNB15M-26OCT042115-15,0.9750,0.96,yes
2026-10-05T01:14:13.382179Z,KXBNB15M-26OCT042115-15,0.9740,2.00,yes
2026-10-05T01:14:13.382179Z,KXBNB15M-26OCT042115-15,0.9730,1.00,yes
2026-10-05T01:14:13.404392Z,KXBNB15M-26OCT042115-15,0.9760,2.00,yes
2026-10-05T01:14:13.420015Z,KXBNB15M-26OCT042115-15,0.9770,1.98,yes
2026-10-05T01:14:13.660249Z,KXBNB15M-26OCT042115-15,0.9770,0.99,yes
2026-10-05T01:14:13.67462Z,KXBNB15M-26OCT042115-15,0.9770,0.01,yes
2026-10-05T01:14:13.776524Z,KXBNB15M-26OCT042115-15,0.9680,8.00,no
2026-10-05T01:14:13.92517Z,KXBNB15M-26OCT042115-15,0.9830,2.00,yes
2026-10-05T01:14:13.92517Z,KXBNB15M-26OCT042115-15,0.9830,1.00,yes
2026-10-05T01:14:14.130383Z,KXBNB15M-26OCT042115-15,0.9420,0.13,no
2026-10-05T01:14:14.130383Z,KXBNB15M-26OCT042115-15,0.9740,2.00,no
2026-10-05T01:14:14.130383Z,KXBNB15M-26OCT042115-15,0.9730,2.00,no
2026-10-05T01:14:14.130383Z,KXBNB15M-26OCT042115-15,0.9750,7.78,no
2026-10-05T01:14:14.150463Z,KXBNB15M-26OCT042115-15,0.9290,1.00,no
2026-10-05T01:14:14.150463Z,KXBNB15M-26OCT042115-15,0.9710,2.00,no
2026-10-05T01:14:14.150463Z,KXBNB15M-26OCT042115-15,0.9700,2.00,no
2026-10-05T01:14:14.597518Z,KXBNB15M-26OCT042115-15,0.9830,1.00,yes
2026-10-05T01:14:14.597518Z,KXBNB15M-26OCT042115-15,0.9850,5.00,yes
2026-10-05T01:14:14.597518Z,KXBNB15M-26OCT042115-15,0.9790,2.00,yes
2026-10-05T01:14:14.597518Z,KXBNB15M-26OCT042115-15,0.9780,2.00,yes
2026-10-05T01:14:14.597518Z,KXBNB15M-26OCT042115-15,0.9860,8.00,yes
2026-10-05T01:14:14.597518Z,KXBNB15M-26OCT042115-15,0.9850,1.00,yes
2026-10-05T01:14:14.597518Z,KXBNB15M-26OCT042115-15,0.9870,92.92,yes
2026-10-05T01:14:14.599964Z,KXBNB15M-26OCT042115-15,0.9870,2.98,yes
2026-10-05T01:14:14.678916Z,KXBNB15M-26OCT042115-15,0.9820,1.66,yes
2026-10-05T01:14:15.061555Z,KXBNB15M-26OCT042115-15,0.9820,1.00,yes
2026-10-05T01:14:15.091516Z,KXBNB15M-26OCT042115-15,0.9870,25.00,yes
2026-10-05T01:14:15.091516Z,KXBNB15M-26OCT042115-15,0.9870,2.00,yes
2026-10-05T01:14:15.091516Z,KXBNB15M-26OCT042115-15,0.9860,2.00,yes
2026-10-05T01:14:15.091516Z,KXBNB15M-26OCT042115-15,0.9860,1.00,yes
2026-10-05T01:14:15.091516Z,KXBNB15M-26OCT042115-15,0.9890,11.90,yes
2026-10-05T01:14:15.091516Z,KXBNB15M-26OCT042115-15,0.9870,108.10,yes
2026-10-05T01:14:16.083639Z,KXBNB15M-26OCT042115-15,0.9880,1.00,yes
2026-10-05T01:14:16.083639Z,KXBNB15M-26OCT042115-15,0.9880,1.00,yes
2026-10-05T01:14:16.443737Z,KXBNB15M-26OCT042115-15,0.9880,11.90,no
2026-10-05T01:14:16.443737Z,KXBNB15M-26OCT042115-15,0.9880,2.00,no
2026-10-05T01:14:16.443737Z,KXBNB15M-26OCT042115-15,0.9810,2.00,no
2026-10-05T01:14:16.443737Z,KXBNB15M-26OCT042115-15,0.9800,2.00,no
2026-10-05T01:14:16.483274Z,KXBNB15M-26OCT042115-15,0.9880,2.00,yes
2026-10-05T01:14:16.509619Z,KXBNB15M-26OCT042115-15,0.9880,1.00,yes
2026-10-05T01:14:16.509619Z,KXBNB15M-26OCT042115-15,0.9890,1.00,yes
2026-10-05T01:14:16.509619Z,KXBNB15M-26OCT042115-15,0.9890,1.00,yes
2026-10-05T01:14:16.509619Z,KXBNB15M-26OCT042115-15,0.9890,1.00,yes
2026-10-05T01:14:16.53847Z,KXBNB15M-26OCT042115-15,0.9890,1.00,yes
2026-10-05T01:14:16.558224Z,KXBNB15M-26OCT042115-15,0.9900,61.88,yes
2026-10-05T01:14:16.558224Z,KXBNB15M-26OCT042115-15,0.9900,0.84,yes
2026-10-05T01:14:16.558224Z,KXBNB15M-26OCT042115-15,0.9900,4.28,yes
2026-10-05T01:14:16.558224Z,KXBNB15M-26OCT042115-15,0.9900,20.00,yes
2026-10-05T01:14:16.558224Z,KXBNB15M-26OCT042115-15,0.9900,25.00,yes
2026-10-05T01:14:16.558224Z,KXBNB15M-26OCT042115-15,0.9900,1.00,yes
2026-10-05T01:14:16.558224Z,KXBNB15M-26OCT042115-15,0.9900,25.00,yes
2026-10-05T01:14:16.843463Z,KXBNB15M-26OCT042115-15,0.9800,1.00,no
2026-10-05T01:14:16.843463Z,KXBNB15M-26OCT042115-15,0.9830,20.00,no
2026-10-05T01:14:16.843463Z,KXBNB15M-26OCT042115-15,0.9810,2.00,no
2026-10-05T01:14:16.843463Z,KXBNB15M-26OCT042115-15,0.9820,2.00,no
2026-10-05T01:14:16.923897Z,KXBNB15M-26OCT042115-15,0.9890,2.00,yes
2026-10-05T01:14:16.923897Z,KXBNB15M-26OCT042115-15,0.9900,2.00,yes
2026-10-05T01:14:16.923897Z,KXBNB15M-26OCT042115-15,0.9890,1.00,yes
2026-10-05T01:14:16.923897Z,KXBNB15M-26OCT042115-15,0.9900,38.12,yes
2026-10-05T01:14:17.119275Z,KXBNB15M-26OCT042115-15,0.9890,4.04,yes
2026-10-05T01:14:17.119275Z,KXBNB15M-26OCT042115-15,0.9890,1.00,yes
2026-10-05T01:14:17.822244Z,KXBNB15M-26OCT042115-15,0.9460,25.00,no
2026-10-05T01:14:17.822244Z,KXBNB15M-26OCT042115-15,0.9750,0.01,no
2026-10-05T01:14:17.822244Z,KXBNB15M-26OCT042115-15,0.9470,21.00,no
2026-10-05T01:14:17.822244Z,KXBNB15M-26OCT042115-15,0.9840,4.04,no
2026-10-05T01:14:17.822244Z,KXBNB15M-26OCT042115-15,0.9820,2.00,no
2026-10-05T01:14:17.822244Z,KXBNB15M-26OCT042115-15,0.9380,15.41,no
2026-10-05T01:14:17.822244Z,KXBNB15M-26OCT042115-15,0.9810,2.00,no
2026-10-05T01:14:17.822244Z,KXBNB15M-26OCT042115-15,0.9800,19.00,no
2026-10-05T01:14:17.822244Z,KXBNB15M-26OCT042115-15,0.9500,6.00,no
2026-10-05T01:14:18.114596Z,KXBNB15M-26OCT042115-15,0.9880,75.00,yes
2026-10-05T01:14:18.114596Z,KXBNB15M-26OCT042115-15,0.9870,1.00,yes
2026-10-05T01:14:18.114596Z,KXBNB15M-26OCT042115-15,0.9870,6.00,yes
2026-10-05T01:14:18.114596Z,KXBNB15M-26OCT042115-15,0.9880,2.00,yes
2026-10-05T01:14:18.114596Z,KXBNB15M-26OCT042115-15,0.9870,22.00,yes
2026-10-05T01:14:18.114596Z,KXBNB15M-26OCT042115-15,0.9890,2.00,yes
2026-10-05T01:14:18.114596Z,KXBNB15M-26OCT042115-15,0.9910,2.07,yes
2026-10-05T01:14:18.175895Z,KXBNB15M-26OCT042115-15,0.9910,2.00,yes
2026-10-05T01:14:18.175895Z,KXBNB15M-26OCT042115-15,0.9920,2.00,yes
2026-10-05T01:14:18.175895Z,KXBNB15M-26OCT042115-15,0.9910,1.00,yes
2026-10-05T01:14:18.175895Z,KXBNB15M-26OCT042115-15,0.9930,11.59,yes
2026-10-05T01:14:18.175895Z,KXBNB15M-26OCT042115-15,0.9910,17.93,yes
2026-10-05T01:14:18.175895Z,KXBNB15M-26OCT042115-15,0.9920,20.00,yes
2026-10-05T01:14:18.435476Z,KXBNB15M-26OCT042115-15,0.9840,20.00,no
2026-10-05T01:14:18.435476Z,KXBNB15M-26OCT042115-15,0.9840,17.93,no
2026-10-05T01:14:18.435476Z,KXBNB15M-26OCT042115-15,0.9840,2.07,no
2026-10-05T01:14:18.444937Z,KXBNB15M-26OCT042115-15,0.9800,10.14,yes
2026-10-05T01:14:18.626199Z,KXBNB15M-26OCT042115-15,0.9800,29.64,yes
2026-10-05T01:14:19.32739Z,KXBNB15M-26OCT042115-15,0.9800,200.00,yes
2026-10-05T01:14:20.271833Z,KXBNB15M-26OCT042115-15,0.9800,31.33,yes
2026-10-05T01:14:20.30187Z,KXBNB15M-26OCT042115-15,0.9800,1.00,yes
2026-10-05T01:14:20.873687Z,KXBNB15M-26OCT042115-15,0.9930,8.41,yes
2026-10-05T01:14:20.873687Z,KXBNB15M-26OCT042115-15,0.9940,7.55,yes
2026-10-05T01:14:21.059062Z,KXBNB15M-26OCT042115-15,0.9790,210.35,no
2026-10-05T01:14:21.059062Z,KXBNB15M-26OCT042115-15,0.9800,7.55,no
2026-10-05T01:14:21.059062Z,KXBNB15M-26OCT042115-15,0.9800,33.00,no
2026-10-05T01:14:21.059062Z,KXBNB15M-26OCT042115-15,0.9800,8.41,no
2026-10-05T01:14:21.059062Z,KXBNB15M-26OCT042115-15,0.9810,11.59,no
2026-10-05T01:14:21.059062Z,KXBNB15M-26OCT042115-15,0.9790,20.00,no
2026-10-05T01:14:21.059062Z,KXBNB15M-26OCT042115-15,0.9790,0.01,no
2026-10-05T01:14:21.279986Z,KXBNB15M-26OCT042115-15,0.9920,6.29,no
2026-10-05T01:14:21.361824Z,KXBNB15M-26OCT042115-15,0.9920,30.00,no
2026-10-05T01:14:21.613953Z,KXBNB15M-26OCT042115-15,0.9790,39.65,no
2026-10-05T01:14:21.613953Z,KXBNB15M-26OCT042115-15,0.9450,20.00,no
2026-10-05T01:14:21.613953Z,KXBNB15M-26OCT042115-15,0.9820,2.00,no
2026-10-05T01:14:21.613953Z,KXBNB15M-26OCT042115-15,0.9810,2.00,no
2026-10-05T01:14:21.613953Z,KXBNB15M-26OCT042115-15,0.9790,20.00,no
2026-10-05T01:14:21.613953Z,KXBNB15M-26OCT042115-15,0.9920,3.71,no
2026-10-05T01:14:21.613953Z,KXBNB15M-26OCT042115-15,0.9920,40.00,no
2026-10-05T01:14:21.613953Z,KXBNB15M-26OCT042115-15,0.9400,53.00,no
2026-10-05T01:14:21.613953Z,KXBNB15M-26OCT042115-15,0.9710,3.00,no
2026-10-05T01:14:21.613953Z,KXBNB15M-26OCT042115-15,0.9220,60.00,no
2026-10-05T01:14:21.613953Z,KXBNB15M-26OCT042115-15,0.9440,7.00,no
2026-10-05T01:14:21.613953Z,KXBNB15M-26OCT042115-15,0.9060,48.05,no
2026-10-05T01:14:21.799637Z,KXBNB15M-26OCT042115-15,0.9250,10.05,no
2026-10-05T01:14:21.799637Z,KXBNB15M-26OCT042115-15,0.9800,2.00,no
2026-10-05T01:14:21.799637Z,KXBNB15M-26OCT042115-15,0.9790,2.00,no
2026-10-05T01:14:22.216671Z,KXBNB15M-26OCT042115-15,0.9920,25.00,no
2026-10-05T01:14:22.216671Z,KXBNB15M-26OCT042115-15,0.9920,20.00,no
2026-10-05T01:14:22.484382Z,KXBNB15M-26OCT042115-15,0.9930,24.00,yes
2026-10-05T01:14:22.484382Z,KXBNB15M-26OCT042115-15,0.9930,6.00,yes
2026-10-05T01:14:22.851633Z,KXBNB15M-26OCT042115-15,0.9890,6.00,yes
2026-10-05T01:14:22.851633Z,KXBNB15M-26OCT042115-15,0.9930,24.00,yes
2026-10-05T01:14:22.851633Z,KXBNB15M-26OCT042115-15,0.9930,1.00,yes
2026-10-05T01:14:22.851633Z,KXBNB15M-26OCT042115-15,0.9950,6.55,yes
2026-10-05T01:14:22.851633Z,KXBNB15M-26OCT042115-15,0.9950,20.00,yes
2026-10-05T01:14:22.851633Z,KXBNB15M-26OCT042115-15,0.9940,12.45,yes
2026-10-05T01:14:22.851633Z,KXBNB15M-26OCT042115-15,0.9950,31.00,yes
2026-10-05T01:14:24.007728Z,KXBNB15M-26OCT042115-15,0.9860,0.09,no
2026-10-05T01:14:24.326406Z,KXBNB15M-26OCT042115-15,0.9950,1.50,yes
2026-10-05T01:14:24.519883Z,KXBNB15M-26OCT042115-15,0.9850,19.85,no
2026-10-05T01:14:24.519883Z,KXBNB15M-26OCT042115-15,0.9860,20.00,no
2026-10-05T01:14:24.519883Z,KXBNB15M-26OCT042115-15,0.9860,12.36,no
2026-10-05T01:14:25.1894Z,KXBNB15M-26OCT042115-15,0.9920,1.00,no
2026-10-05T01:14:25.491727Z,KXBNB15M-26OCT042115-15,0.9920,15.00,no
2026-10-05T01:14:26.005704Z,KXBNB15M-26OCT042115-15,0.9920,22.00,no
2026-10-05T01:14:26.253431Z,KXBNB15M-26OCT042115-15,0.9960,2.00,yes
2026-10-05T01:14:26.253431Z,KXBNB15M-26OCT042115-15,0.9960,22.00,yes
2026-10-05T01:14:26.253431Z,KXBNB15M-26OCT042115-15,0.9960,1.00,yes
2026-10-05T01:14:26.253431Z,KXBNB15M-26OCT042115-15,0.9950,2.95,yes
2026-10-05T01:14:26.253431Z,KXBNB15M-26OCT042115-15,0.9960,13.00,yes
2026-10-05T01:14:26.253431Z,KXBNB15M-26OCT042115-15,0.9960,1.00,yes
2026-10-05T01:14:26.253431Z,KXBNB15M-26OCT042115-15,0.9960,1.00,yes
2026-10-05T01:14:26.253431Z,KXBNB15M-26OCT042115-15,0.9960,1.00,yes
2026-10-05T01:14:26.253431Z,KXBNB15M-26OCT042115-15,0.9960,1.00,yes
2026-10-05T01:14:26.253431Z,KXBNB15M-26OCT042115-15,0.9960,20.00,yes
2026-10-05T01:14:26.253431Z,KXBNB15M-26OCT042115-15,0.9970,30.88,yes
2026-10-05T01:14:26.582586Z,KXBNB15M-26OCT042115-15,0.9930,20.00,no
2026-10-05T01:14:26.582586Z,KXBNB15M-26OCT042115-15,0.9920,10.00,no
2026-10-05T01:14:26.582586Z,KXBNB15M-26OCT042115-15,0.9920,17.00,no
2026-10-05T01:14:26.582586Z,KXBNB15M-26OCT042115-15,0.9920,40.00,no
2026-10-05T01:14:26.582586Z,KXBNB15M-26OCT042115-15,0.9920,29.88,no
2026-10-05T01:14:27.364545Z,KXBNB15M-26OCT042115-15,0.9980,2.00,yes
2026-10-05T01:14:27.364545Z,KXBNB15M-26OCT042115-15,0.9990,2.00,yes
2026-10-05T01:14:27.364545Z,KXBNB15M-26OCT042115-15,0.9970,3.00,yes
2026-10-05T01:14:27.364545Z,KXBNB15M-26OCT042115-15,0.9990,52.88,yes
2026-10-05T01:14:27.364545Z,KXBNB15M-26OCT042115-15,0.9980,26.00,yes
2026-10-05T01:14:27.364545Z,KXBNB15M-26OCT042115-15,0.9990,1.00,yes
2026-10-05T01:14:27.364545Z,KXBNB15M-26OCT042115-15,0.9970,18.00,yes
2026-10-05T01:14:27.364545Z,KXBNB15M-26OCT042115-15,0.9970,2.00,yes
2026-10-05T01:14:27.364545Z,KXBNB15M-26OCT042115-15,0.9980,3.00,yes
2026-10-05T01:14:27.364545Z,KXBNB15M-26OCT042115-15,0.9970,2.00,yes
2026-10-05T01:14:27.364545Z,KXBNB15M-26OCT042115-15,0.9980,3.00,yes
2026-10-05T01:14:27.364545Z,KXBNB15M-26OCT042115-15,0.9980,3.00,yes
2026-10-05T01:14:27.364545Z,KXBNB15M-26OCT042115-15,0.9970,2.00,yes
2026-10-05T01:14:27.364545Z,KXBNB15M-26OCT042115-15,0.9980,3.00,yes
2026-10-05T01:14:27.364545Z,KXBNB15M-26OCT042115-15,0.9970,2.00,yes
2026-10-05T01:14:27.364545Z,KXBNB15M-26OCT042115-15,0.9970,2.00,yes
2026-10-05T01:14:27.364545Z,KXBNB15M-26OCT042115-15,0.9980,3.00,yes
2026-10-05T01:14:27.364545Z,KXBNB15M-26OCT042115-15,0.9990,1.00,yes
2026-10-05T01:14:27.364545Z,KXBNB15M-26OCT042115-15,0.9990,20.00,yes
2026-10-05T01:14:27.364545Z,KXBNB15M-26OCT042115-15,0.9980,20.00,yes
2026-10-05T01:14:27.364545Z,KXBNB15M-26OCT042115-15,0.9970,20.00,yes
2026-10-05T01:14:27.364545Z,KXBNB15M-26OCT042115-15,0.9990,1.00,yes
2026-10-05T01:14:27.364545Z,KXBNB15M-26OCT042115-15,0.9970,69.12,yes
2026-10-05T01:14:27.364545Z,KXBNB15M-26OCT042115-15,0.9990,100.00,yes
2026-10-05T01:14:27.364545Z,KXBNB15M-26OCT042115-15,0.9980,100.00,yes
2026-10-05T01:14:27.468357Z,KXBNB15M-26OCT042115-15,0.9990,0.12,yes
2026-10-05T01:14:27.468357Z,KXBNB15M-26OCT042115-15,0.9990,4.88,yes
2026-10-05T01:14:28.781157Z,KXBNB15M-26OCT042115-15,0.9920,70.00,no
2026-10-05T01:14:28.781157Z,KXBNB15M-26OCT042115-15,0.9920,40.00,no
2026-10-05T01:14:28.781157Z,KXBNB15M-26OCT042115-15,0.9970,40.00,no
2026-10-05T01:14:28.781157Z,KXBNB15M-26OCT042115-15,0.9920,5.00,no
2026-10-05T01:14:28.781157Z,KXBNB15M-26OCT042115-15,0.9920,40.00,no
2026-10-05T01:14:28.781157Z,KXBNB15M-26OCT042115-15,0.9900,5.00,no
2026-10-05T01:14:28.781157Z,KXBNB15M-26OCT042115-15,0.9920,40.00,no
2026-10-05T01:14:28.781157Z,KXBNB15M-26OCT042115-15,0.9900,18.47,no
2026-10-05T01:14:28.781157Z,KXBNB15M-26OCT042115-15,0.9940,100.00,no
2026-10-05T01:14:28.781157Z,KXBNB15M-26OCT042115-15,0.9930,100.00,no
2026-10-05T01:14:28.781157Z,KXBNB15M-26OCT042115-15,0.9920,50.00,no
2026-10-05T01:14:28.781157Z,KXBNB15M-26OCT042115-15,0.9920,30.00,no
2026-10-05T01:14:28.781157Z,KXBNB15M-26OCT042115-15,0.9900,24.00,no
2026-10-05T01:14:28.781157Z,KXBNB15M-26OCT042115-15,0.9920,45.12,no
2026-10-05T01:14:28.866851Z,KXBNB15M-26OCT042115-15,0.9990,100.00,yes
2026-10-05T01:14:28.866851Z,KXBNB15M-26OCT042115-15,0.9990,5.00,yes
2026-10-05T01:14:29.066028Z,KXBNB15M-26OCT042115-15,0.9980,50.00,yes
2026-10-05T01:14:31.114658Z,KXBNB15M-26OCT042115-15,0.9980,50.00,yes
2026-10-05T01:14:39.974756Z,KXBNB15M-26OCT042115-15,0.9990,9.85,no
2026-10-05T01:14:40.211053Z,KXBNB15M-26OCT042115-15,0.9990,4.15,no
2026-10-05T01:14:40.211053Z,KXBNB15M-26OCT042115-15,0.9990,18.84,no
2026-10-05T01:14:44.480455Z,KXBNB15M-26OCT042115-15,0.9990,65.49,no
2026-10-05T01:14:45.085615Z,KXBNB15M-26OCT042115-15,0.9990,15.67,no
2026-10-05T01:14:45.085615Z,KXBNB15M-26OCT042115-15,0.9990,15.33,no
2026-10-05T01:14:45.085615Z,KXBNB15M-26OCT042115-15,0.9990,1.00,no
2026-10-05T01:14:53.89771Z,KXBNB15M-26OCT042115-15,0.9990,1471.60,no
2026-10-05T01:14:53.89771Z,KXBNB15M-26OCT042115-15,0.9990,56.90,no
2026-10-05T01:14:53.89771Z,KXBNB15M-26OCT042115-15,0.9990,1206.62,no
2026-10-05T01:14:53.89771Z,KXBNB15M-26OCT042115-15,0.9990,3.51,no
2026-10-05T01:14:53.89771Z,KXBNB15M-26OCT042115-15,0.9990,155.00,no
2026-10-05T01:14:53.89771Z,KXBNB15M-26OCT042115-15,0.9980,71.00,no
2026-10-05T01:14:53.89771Z,KXBNB15M-26OCT042115-15,0.9960,71.00,no
2026-10-05T01:14:53.89771Z,KXBNB15M-26OCT042115-15,0.9990,71.00,no
2026-10-05T01:14:53.89771Z,KXBNB15M-26OCT042115-15,0.9940,71.00,no
2026-10-05T01:14:53.89771Z,KXBNB15M-26OCT042115-15,0.9960,20.00,no
2026-10-05T01:14:53.89771Z,KXBNB15M-26OCT042115-15,0.9960,100.00,no
2026-10-05T01:14:53.89771Z,KXBNB15M-26OCT042115-15,0.9970,20.00,no
2026-10-05T01:14:53.89771Z,KXBNB15M-26OCT042115-15,0.9960,100.00,no
2026-10-05T01:14:53.89771Z,KXBNB15M-26OCT042115-15,0.9930,69.46,no
2026-10-05T01:14:53.89771Z,KXBNB15M-26OCT042115-15,0.9980,20.00,no
2026-10-05T01:14:53.89771Z,KXBNB15M-26OCT042115-15,0.9950,636.00,no
2026-10-05T01:14:53.89771Z,KXBNB15M-26OCT042115-15,0.9980,425.00,no
2026-10-05T01:14:53.918099Z,KXBNB15M-26OCT042115-15,0.9990,69.46,yes
2026-10-05T01:14:53.918099Z,KXBNB15M-26OCT042115-15,0.9990,68.54,yes
2026-10-05T01:14:53.922411Z,KXBNB15M-26OCT042115-15,0.9990,11.46,yes
2026-10-05T01:13:42.810632Z,KXETH15M-26OCT042115-15,0.0280,0.06,yes
2026-10-05T01:13:42.810632Z,KXETH15M-26OCT042115-15,0.0340,0.07,yes
2026-10-05T01:13:42.810632Z,KXETH15M-26OCT042115-15,0.0360,4.00,yes
2026-10-05T01:13:42.810632Z,KXETH15M-26OCT042115-15,0.0280,6.93,yes
2026-10-05T01:13:42.810632Z,KXETH15M-26OCT042115-15,0.0280,8.15,yes
2026-10-05T01:13:42.810632Z,KXETH15M-26OCT042115-15,0.0300,9.00,yes
2026-10-05T01:13:42.810632Z,KXETH15M-26OCT042115-15,0.0280,1.85,yes
2026-10-05T01:13:42.810632Z,KXETH15M-26OCT042115-15,0.0340,4.00,yes
2026-10-05T01:13:42.810632Z,KXETH15M-26OCT042115-15,0.0330,0.07,yes
2026-10-05T01:13:42.810632Z,KXETH15M-26OCT042115-15,0.0280,3.13,yes
2026-10-05T01:13:42.810632Z,KXETH15M-26OCT042115-15,0.0300,9.00,yes
2026-10-05T01:13:42.810632Z,KXETH15M-26OCT042115-15,0.0330,4.00,yes
2026-10-05T01:13:42.810632Z,KXETH15M-26OCT042115-15,0.0360,1.43,yes
2026-10-05T01:13:42.810632Z,KXETH15M-26OCT042115-15,0.0350,4.00,yes
2026-10-05T01:13:42.810632Z,KXETH15M-26OCT042115-15,0.0290,1.00,yes
2026-10-05T01:13:42.810632Z,KXETH15M-26OCT042115-15,0.0350,0.08,yes
2026-10-05T01:13:42.810632Z,KXETH15M-26OCT042115-15,0.0360,0.08,yes
2026-10-05T01:13:42.810632Z,KXETH15M-26OCT042115-15,0.0260,26.00,yes
2026-10-05T01:13:42.810632Z,KXETH15M-26OCT042115-15,0.0340,4.00,yes
2026-10-05T01:13:42.810632Z,KXETH15M-26OCT042115-15,0.0320,4.00,yes
2026-10-05T01:13:43.56108Z,KXETH15M-26OCT042115-15,0.0320,5.72,yes
2026-10-05T01:13:43.56108Z,KXETH15M-26OCT042115-15,0.0320,20.00,yes
2026-10-05T01:13:43.56108Z,KXETH15M-26OCT042115-15,0.0320,3.07,yes
2026-10-05T01:13:44.168992Z,KXETH15M-26OCT042115-15,0.0270,2.00,no
2026-10-05T01:13:44.168992Z,KXETH15M-26OCT042115-15,0.0270,4.00,no
2026-10-05T01:13:44.168992Z,KXETH15M-26OCT042115-15,0.0280,4.00,no
2026-10-05T01:13:44.593402Z,KXETH15M-26OCT042115-15,0.0230,5.00,no
2026-10-05T01:13:44.962382Z,KXETH15M-26OCT042115-15,0.0230,27.00,yes
2026-10-05T01:13:44.962382Z,KXETH15M-26OCT042115-15,0.0280,5.73,yes
2026-10-05T01:13:45.103395Z,KXETH15M-26OCT042115-15,0.0290,4.00,yes
2026-10-05T01:13:45.103395Z,KXETH15M-26OCT042115-15,0.0250,28.00,yes
2026-10-05T01:13:45.103395Z,KXETH15M-26OCT042115-15,0.0290,41.00,yes
2026-10-05T01:13:45.103395Z,KXETH15M-26OCT042115-15,0.0280,6.00,yes
2026-10-05T01:13:45.103395Z,KXETH15M-26OCT042115-15,0.0290,4.00,yes
2026-10-05T01:13:45.103395Z,KXETH15M-26OCT042115-15,0.0290,12.00,yes
2026-10-05T01:13:45.103395Z,KXETH15M-26OCT042115-15,0.0300,149.63,yes
2026-10-05T01:13:45.58539Z,KXETH15M-26OCT042115-15,0.0280,12.00,yes
2026-10-05T01:13:45.58539Z,KXETH15M-26OCT042115-15,0.0280,4.00,yes
2026-10-05T01:13:45.58539Z,KXETH15M-26OCT042115-15,0.0270,4.00,yes
2026-10-05T01:13:45.58539Z,KXETH15M-26OCT042115-15,0.0270,11.27,yes
2026-10-05T01:13:45.58539Z,KXETH15M-26OCT042115-15,0.0260,20.00,yes
2026-10-05T01:13:45.58539Z,KXETH15M-26OCT042115-15,0.0290,26.73,yes
2026-10-05T01:13:45.58539Z,KXETH15M-26OCT042115-15,0.0280,8.00,yes
2026-10-05T01:13:45.58539Z,KXETH15M-26OCT042115-15,0.0280,4.00,yes
2026-10-05T01:13:45.75193Z,KXETH15M-26OCT042115-15,0.0250,6.00,no
2026-10-05T01:13:45.75193Z,KXETH15M-26OCT042115-15,0.0240,7.00,no
2026-10-05T01:13:45.75193Z,KXETH15M-26OCT042115-15,0.0240,10.00,no
2026-10-05T01:13:46.477626Z,KXETH15M-26OCT042115-15,0.0270,4.00,yes
2026-10-05T01:13:46.477626Z,KXETH15M-26OCT042115-15,0.0280,4.00,yes
2026-10-05T01:13:46.477626Z,KXETH15M-26OCT042115-15,0.0280,4.00,yes
2026-10-05T01:13:46.477626Z,KXETH15M-26OCT042115-15,0.0280,8.00,yes
2026-10-05T01:13:46.477626Z,KXETH15M-26OCT042115-15,0.0280,41.00,yes
2026-10-05T01:13:46.477626Z,KXETH15M-26OCT042115-15,0.0270,4.00,yes
2026-10-05T01:13:46.477626Z,KXETH15M-26OCT042115-15,0.0260,1.00,yes
2026-10-05T01:13:46.477626Z,KXETH15M-26OCT042115-15,0.0260,4.00,yes
2026-10-05T01:13:46.477626Z,KXETH15M-26OCT042115-15,0.0270,41.00,yes
2026-10-05T01:13:46.477626Z,KXETH15M-26OCT042115-15,0.0240,8.00,yes
2026-10-05T01:13:46.477626Z,KXETH15M-26OCT042115-15,0.0250,19.00,yes
2026-10-05T01:13:46.533903Z,KXETH15M-26OCT042115-15,0.0280,14.90,yes
2026-10-05T01:13:46.626733Z,KXETH15M-26OCT042115-15,0.0210,2.63,no
2026-10-05T01:13:46.626733Z,KXETH15M-26OCT042115-15,0.0220,20.96,no
2026-10-05T01:13:46.626733Z,KXETH15M-26OCT042115-15,0.0220,0.96,no
2026-10-05T01:13:46.626733Z,KXETH15M-26OCT042115-15,0.0220,2.05,no
2026-10-05T01:13:46.626733Z,KXETH15M-26OCT042115-15,0.0220,3.93,no
2026-10-05T01:13:46.626733Z,KXETH15M-26OCT042115-15,0.0220,50.00,no
2026-10-05T01:13:46.626733Z,KXETH15M-26OCT042115-15,0.0220,2.05,no
2026-10-05T01:13:46.626733Z,KXETH15M-26OCT042115-15,0.0220,2.04,no
2026-10-05T01:13:46.626733Z,KXETH15M-26OCT042115-15,0.0220,1.00,no
2026-10-05T01:13:46.626733Z,KXETH15M-26OCT042115-15,0.0220,3.00,no
2026-10-05T01:13:46.626733Z,KXETH15M-26OCT042115-15,0.0220,0.91,no
2026-10-05T01:13:46.626733Z,KXETH15M-26OCT042115-15,0.0220,2.99,no
2026-10-05T01:13:46.626733Z,KXETH15M-26OCT042115-15,0.0220,1.01,no
2026-10-05T01:13:46.626733Z,KXETH15M-26OCT042115-15,0.0220,1.04,no
2026-10-05T01:13:46.626733Z,KXETH15M-26OCT042115-15,0.0220,3.95,no
2026-10-05T01:13:46.626733Z,KXETH15M-26OCT042115-15,0.0220,1.00,no
2026-10-05T01:13:46.626733Z,KXETH15M-26OCT042115-15,0.0220,0.05,no
2026-10-05T01:13:46.626733Z,KXETH15M-26OCT042115-15,0.0220,1.15,no
2026-10-05T01:13:46.626733Z,KXETH15M-26OCT042115-15,0.0220,0.84,no
2026-10-05T01:13:46.626733Z,KXETH15M-26OCT042115-15,0.0220,3.13,no
2026-10-05T01:13:46.626733Z,KXETH15M-26OCT042115-15,0.0220,0.06,no
2026-10-05T01:13:46.626733Z,KXETH15M-26OCT042115-15,0.0220,9.00,no
2026-10-05T01:13:46.626733Z,KXETH15M-26OCT042115-15,0.0220,8.15,no
2026-10-05T01:13:46.626733Z,KXETH15M-26OCT042115-15,0.0220,2.01,no
2026-10-05T01:13:46.626733Z,KXETH15M-26OCT042115-15,0.0220,1.85,no
2026-10-05T01:13:46.626733Z,KXETH15M-26OCT042115-15,0.0220,9.94,no
2026-10-05T01:13:46.626733Z,KXETH15M-26OCT042115-15,0.0220,6.93,no
2026-10-05T01:13:46.626733Z,KXETH15M-26OCT042115-15,0.0230,6.00,no
2026-10-05T01:13:46.626733Z,KXETH15M-26OCT042115-15,0.0200,9.00,no
2026-10-05T01:13:46.626733Z,KXETH15M-26OCT042115-15,0.0240,18.00,no
2026-10-05T01:13:46.626733Z,KXETH15M-26OCT042115-15,0.0200,9.00,no
2026-10-05T01:13:46.627032Z,KXETH15M-26OCT042115-15,0.0150,1.00,no
2026-10-05T01:13:46.627664Z,KXETH15M-26OCT042115-15,0.0110,1.00,no
2026-10-05T01:13:46.656933Z,KXETH15M-26OCT042115-15,0.0150,2.00,yes
2026-10-05T01:13:46.964079Z,KXETH15M-26OCT042115-15,0.0150,1.00,yes
2026-10-05T01:13:47.237992Z,KXETH15M-26OCT042115-15,0.0110,20.00,no
2026-10-05T01:13:47.237992Z,KXETH15M-26OCT042115-15,0.0100,17.47,no
2026-10-05T01:13:47.613317Z,KXETH15M-26OCT042115-15,0.0110,16.20,no
2026-10-05T01:13:47.613317Z,KXETH15M-26OCT042115-15,0.0130,4.00,no
2026-10-05T01:13:47.892104Z,KXETH15M-26OCT042115-15,0.0110,1.01,no
2026-10-05T01:13:48.319649Z,KXETH15M-26OCT042115-15,0.0150,10.23,yes
2026-10-05T01:13:48.337255Z,KXETH15M-26OCT042115-15,0.0150,9.00,yes
2026-10-05T01:13:48.337255Z,KXETH15M-26OCT042115-15,0.0150,30.77,yes
2026-10-05T01:13:48.337255Z,KXETH15M-26OCT042115-15,0.0160,41.00,yes
2026-10-05T01:13:48.337255Z,KXETH15M-26OCT042115-15,0.0160,3.67,yes
2026-10-05T01:13:48.358293Z,KXETH15M-26OCT042115-15,0.0110,4.00,no
2026-10-05T01:13:48.358293Z,KXETH15M-26OCT042115-15,0.0110,4.00,no
2026-10-05T01:13:48.358293Z,KXETH15M-26OCT042115-15,0.0110,2.79,no
2026-10-05T01:13:48.358293Z,KXETH15M-26OCT042115-15,0.0100,14.68,no
2026-10-05T01:13:48.358293Z,KXETH15M-26OCT042115-15,0.0110,17.00,no
2026-10-05T01:13:48.358293Z,KXETH15M-26OCT042115-15,0.0100,7.53,no
2026-10-05T01:13:48.483703Z,KXETH15M-26OCT042115-15,0.0150,4.00,yes
2026-10-05T01:13:48.528082Z,KXETH15M-26OCT042115-15,0.0150,7.53,yes
2026-10-05T01:13:48.528082Z,KXETH15M-26OCT042115-15,0.0150,37.00,yes
2026-10-05T01:13:48.645155Z,KXETH15M-26OCT042115-15,0.0170,41.00,yes
2026-10-05T01:13:48.645155Z,KXETH15M-26OCT042115-15,0.0160,41.00,yes
2026-10-05T01:13:48.645155Z,KXETH15M-26OCT042115-15,0.0160,17.47,yes
2026-10-05T01:13:48.645155Z,KXETH15M-26OCT042115-15,0.0160,4.33,yes
2026-10-05T01:13:50.745608Z,KXETH15M-26OCT042115-15,0.0260,17.69,yes
2026-10-05T01:13:51.418629Z,KXETH15M-26OCT042115-15,0.0280,3.93,yes
2026-10-05T01:13:51.418629Z,KXETH15M-26OCT042115-15,0.0280,20.96,yes
2026-10-05T01:13:51.418629Z,KXETH15M-26OCT042115-15,0.0280,2.05,yes
2026-10-05T01:13:51.418629Z,KXETH15M-26OCT042115-15,0.0280,2.04,yes
2026-10-05T01:13:51.418629Z,KXETH15M-26OCT042115-15,0.0280,0.96,yes
2026-10-05T01:13:51.418629Z,KXETH15M-26OCT042115-15,0.0280,0.91,yes
2026-10-05T01:13:51.418629Z,KXETH15M-26OCT042115-15,0.0280,2.99,yes
2026-10-05T01:13:51.418629Z,KXETH15M-26OCT042115-15,0.0280,1.04,yes
2026-10-05T01:13:51.418629Z,KXETH15M-26OCT042115-15,0.0280,1.00,yes
2026-10-05T01:13:51.418629Z,KXETH15M-26OCT042115-15,0.0280,1.01,yes
2026-10-05T01:13:51.418629Z,KXETH15M-26OCT042115-15,0.0280,2.05,yes
2026-10-05T01:13:51.418629Z,KXETH15M-26OCT042115-15,0.0270,41.00,yes
2026-10-05T01:13:51.418629Z,KXETH15M-26OCT042115-15,0.0260,23.31,yes
2026-10-05T01:13:51.418629Z,KXETH15M-26OCT042115-15,0.0260,1.00,yes
2026-10-05T01:13:51.418629Z,KXETH15M-26OCT042115-15,0.0270,8.00,yes
2026-10-05T01:13:51.418629Z,KXETH15M-26OCT042115-15,0.0280,0.84,yes
2026-10-05T01:13:51.418629Z,KXETH15M-26OCT042115-15,0.0280,9.00,yes
2026-10-05T01:13:51.418629Z,KXETH15M-26OCT042115-15,0.0280,0.05,yes
2026-10-05T01:13:51.418629Z,KXETH15M-26OCT042115-15,0.0280,1.15,yes
2026-10-05T01:13:51.418629Z,KXETH15M-26OCT042115-15,0.0280,3.00,yes
2026-10-05T01:13:51.418629Z,KXETH15M-26OCT042115-15,0.0280,3.37,yes
2026-10-05T01:13:51.418629Z,KXETH15M-26OCT042115-15,0.0280,1.00,yes
2026-10-05T01:13:51.418629Z,KXETH15M-26OCT042115-15,0.0280,2.01,yes
2026-10-05T01:13:51.418629Z,KXETH15M-26OCT042115-15,0.0280,3.95,yes
2026-10-05T01:13:51.554407Z,KXETH15M-26OCT042115-15,0.0250,3.59,no
2026-10-05T01:13:51.675713Z,KXETH15M-26OCT042115-15,0.0270,10.00,yes
2026-10-05T01:13:51.675713Z,KXETH15M-26OCT042115-15,0.0260,8.00,yes
2026-10-05T01:13:51.693041Z,KXETH15M-26OCT042115-15,0.0310,21.31,yes
2026-10-05T01:13:51.693041Z,KXETH15M-26OCT042115-15,0.0280,3.13,yes
2026-10-05T01:13:51.693041Z,KXETH15M-26OCT042115-15,0.0280,6.93,yes
2026-10-05T01:13:51.693041Z,KXETH15M-26OCT042115-15,0.0280,1.85,yes
2026-10-05T01:13:51.693041Z,KXETH15M-26OCT042115-15,0.0280,0.06,yes
2026-10-05T01:13:51.693041Z,KXETH15M-26OCT042115-15,0.0280,8.15,yes
2026-10-05T01:13:51.693041Z,KXETH15M-26OCT042115-15,0.0280,6.57,yes
2026-10-05T01:13:51.714813Z,KXETH15M-26OCT042115-15,0.0270,18.78,no
2026-10-05T01:13:51.714813Z,KXETH15M-26OCT042115-15,0.0280,20.00,no
2026-10-05T01:13:52.142817Z,KXETH15M-26OCT042115-15,0.0290,4.00,no
2026-10-05T01:13:52.142817Z,KXETH15M-26OCT042115-15,0.0280,1.00,no
2026-10-05T01:13:52.156043Z,KXETH15M-26OCT042115-15,0.0280,3.00,no
2026-10-05T01:13:52.156043Z,KXETH15M-26OCT042115-15,0.0260,1.00,no
2026-10-05T01:13:52.156043Z,KXETH15M-26OCT042115-15,0.0260,1.00,no
2026-10-05T01:13:52.161463Z,KXETH15M-26OCT042115-15,0.0260,5.00,no
2026-10-05T01:13:52.381461Z,KXETH15M-26OCT042115-15,0.0300,5.16,yes
2026-10-05T01:13:52.880382Z,KXETH15M-26OCT042115-15,0.0260,1.00,no
2026-10-05T01:13:53.532069Z,KXETH15M-26OCT042115-15,0.0270,4.00,yes
2026-10-05T01:13:53.532069Z,KXETH15M-26OCT042115-15,0.0280,1.08,yes
2026-10-05T01:13:53.59088Z,KXETH15M-26OCT042115-15,0.0240,4.00,no
2026-10-05T01:13:53.59088Z,KXETH15M-26OCT042115-15,0.0240,10.00,no
2026-10-05T01:13:53.626082Z,KXETH15M-26OCT042115-15,0.0270,4.00,yes
2026-10-05T01:13:53.626082Z,KXETH15M-26OCT042115-15,0.0270,22.00,yes
2026-10-05T01:13:53.927379Z,KXETH15M-26OCT042115-15,0.0230,1.00,no
2026-10-05T01:13:53.927379Z,KXETH15M-26OCT042115-15,0.0230,13.00,no
2026-10-05T01:13:53.927379Z,KXETH15M-26OCT042115-15,0.0230,16.00,no
2026-10-05T01:13:54.014073Z,KXETH15M-26OCT042115-15,0.0270,7.00,no
2026-10-05T01:13:54.021435Z,KXETH15M-26OCT042115-15,0.0270,2.00,no
2026-10-05T01:13:54.066403Z,KXETH15M-26OCT042115-15,0.0270,5.00,no
2026-10-05T01:13:54.171983Z,KXETH15M-26OCT042115-15,0.0270,5.00,no
2026-10-05T01:13:54.442116Z,KXETH15M-26OCT042115-15,0.0270,2.00,no
2026-10-05T01:13:54.450881Z,KXETH15M-26OCT042115-15,0.0270,2.00,no
2026-10-05T01:13:54.630533Z,KXETH15M-26OCT042115-15,0.0280,28.42,yes
2026-10-05T01:13:54.651417Z,KXETH15M-26OCT042115-15,0.0270,2.00,no
2026-10-05T01:13:54.655461Z,KXETH15M-26OCT042115-15,0.0270,5.00,no
2026-10-05T01:13:54.665849Z,KXETH15M-26OCT042115-15,0.0270,2.00,no
2026-10-05T01:13:54.789968Z,KXETH15M-26OCT042115-15,0.0270,3.00,no
2026-10-05T01:13:54.814537Z,KXETH15M-26OCT042115-15,0.0270,2.05,no
2026-10-05T01:13:54.834236Z,KXETH15M-26OCT042115-15,0.0270,1.02,no
2026-10-05T01:13:54.96709Z,KXETH15M-26OCT042115-15,0.0270,3.00,no
2026-10-05T01:13:54.976728Z,KXETH15M-26OCT042115-15,0.0270,2.00,no
2026-10-05T01:13:54.998969Z,KXETH15M-26OCT042115-15,0.0270,5.00,no
2026-10-05T01:13:55.065767Z,KXETH15M-26OCT042115-15,0.0270,3.00,no
2026-10-05T01:13:55.073065Z,KXETH15M-26OCT042115-15,0.0270,4.00,no
2026-10-05T01:13:55.1281Z,KXETH15M-26OCT042115-15,0.0270,304.38,no
2026-10-05T01:13:55.135471Z,KXETH15M-26OCT042115-15,0.0270,90.55,no
2026-10-05T01:13:55.295339Z,KXETH15M-26OCT042115-15,0.0220,1.04,no
2026-10-05T01:13:55.295339Z,KXETH15M-26OCT042115-15,0.0220,2.04,no
2026-10-05T01:13:55.295339Z,KXETH15M-26OCT042115-15,0.0220,0.96,no
2026-10-05T01:13:55.295339Z,KXETH15M-26OCT042115-15,0.0220,1.00,no
2026-10-05T01:13:55.295339Z,KXETH15M-26OCT042115-15,0.0220,2.99,no
2026-10-05T01:13:55.295339Z,KXETH15M-26OCT042115-15,0.0220,2.05,no
2026-10-05T01:13:55.295339Z,KXETH15M-26OCT042115-15,0.0220,1.01,no
2026-10-05T01:13:55.295339Z,KXETH15M-26OCT042115-15,0.0220,20.96,no
2026-10-05T01:13:55.295339Z,KXETH15M-26OCT042115-15,0.0220,3.93,no
2026-10-05T01:13:55.295339Z,KXETH15M-26OCT042115-15,0.0220,2.05,no
2026-10-05T01:13:55.295339Z,KXETH15M-26OCT042115-15,0.0220,2.86,no
2026-10-05T01:13:55.295339Z,KXETH15M-26OCT042115-15,0.0220,0.91,no
2026-10-05T01:13:56.536497Z,KXETH15M-26OCT042115-15,0.0220,3.13,no
2026-10-05T01:13:56.536497Z,KXETH15M-26OCT042115-15,0.0220,9.00,no
2026-10-05T01:13:56.536497Z,KXETH15M-26OCT042115-15,0.0220,2.01,no
2026-10-05T01:13:56.536497Z,KXETH15M-26OCT042115-15,0.0220,6.57,no
2026-10-05T01:13:56.536497Z,KXETH15M-26OCT042115-15,0.0220,3.37,no
2026-10-05T01:13:56.536497Z,KXETH15M-26OCT042115-15,0.0220,1.15,no
2026-10-05T01:13:56.536497Z,KXETH15M-26OCT042115-15,0.0220,1.71,no
2026-10-05T01:13:56.536497Z,KXETH15M-26OCT042115-15,0.0220,8.15,no
2026-10-05T01:13:56.536497Z,KXETH15M-26OCT042115-15,0.0220,6.93,no
2026-10-05T01:13:56.536497Z,KXETH15M-26OCT042115-15,0.0220,0.84,no
2026-10-05T01:13:56.536497Z,KXETH15M-26OCT042115-15,0.0220,3.95,no
2026-10-05T01:13:56.536497Z,KXETH15M-26OCT042115-15,0.0220,0.14,no
2026-10-05T01:13:56.536497Z,KXETH15M-26OCT042115-15,0.0220,0.05,no
2026-10-05T01:13:56.536497Z,KXETH15M-26OCT042115-15,0.0220,1.00,no
2026-10-05T01:13:56.768441Z,KXETH15M-26OCT042115-15,0.0230,41.00,yes
2026-10-05T01:13:56.768441Z,KXETH15M-26OCT042115-15,0.0230,14.00,yes
2026-10-05T01:13:56.768441Z,KXETH15M-26OCT042115-15,0.0230,5.00,yes
2026-10-05T01:13:56.768441Z,KXETH15M-26OCT042115-15,0.0230,4.00,yes
2026-10-05T01:13:56.768441Z,KXETH15M-26OCT042115-15,0.0230,4.00,yes
2026-10-05T01:13:56.768441Z,KXETH15M-26OCT042115-15,0.0240,4.00,yes
2026-10-05T01:13:56.768441Z,KXETH15M-26OCT042115-15,0.0250,4.00,yes
2026-10-05T01:13:56.768441Z,KXETH15M-26OCT042115-15,0.0250,6.76,yes
2026-10-05T01:13:56.768441Z,KXETH15M-26OCT042115-15,0.0230,24.39,yes
2026-10-05T01:13:56.768441Z,KXETH15M-26OCT042115-15,0.0250,4.00,yes
2026-10-05T01:13:56.768441Z,KXETH15M-26OCT042115-15,0.0230,247.00,yes
2026-10-05T01:13:56.768441Z,KXETH15M-26OCT042115-15,0.0230,29.00,yes
2026-10-05T01:13:56.768441Z,KXETH15M-26OCT042115-15,0.0240,4.00,yes
2026-10-05T01:13:56.768441Z,KXETH15M-26OCT042115-15,0.0230,4.00,yes
2026-10-05T01:13:57.818136Z,KXETH15M-26OCT042115-15,0.0230,2.00,yes
2026-10-05T01:13:57.980855Z,KXETH15M-26OCT042115-15,0.0230,2.00,yes
2026-10-05T01:13:57.980855Z,KXETH15M-26OCT042115-15,0.0230,34.01,yes
2026-10-05T01:13:57.980855Z,KXETH15M-26OCT042115-15,0.0230,6.00,yes
2026-10-05T01:13:57.980855Z,KXETH15M-26OCT042115-15,0.0230,4.00,yes
2026-10-05T01:13:57.980855Z,KXETH15M-26OCT042115-15,0.0230,4.00,yes
2026-10-05T01:13:58.584042Z,KXETH15M-26OCT042115-15,0.0230,26.99,yes
2026-10-05T01:13:58.584042Z,KXETH15M-26OCT042115-15,0.0230,13.44,yes
2026-10-05T01:13:58.863744Z,KXETH15M-26OCT042115-15,0.0220,0.06,no
2026-10-05T01:13:58.863744Z,KXETH15M-26OCT042115-15,0.0220,0.14,no
2026-10-05T01:13:58.863744Z,KXETH15M-26OCT042115-15,0.0200,4.80,no
2026-10-05T01:13:58.871277Z,KXETH15M-26OCT042115-15,0.0160,8.00,no
2026-10-05T01:13:58.871277Z,KXETH15M-26OCT042115-15,0.0200,4.20,no
2026-10-05T01:13:59.493264Z,KXETH15M-26OCT042115-15,0.0100,5.00,yes
2026-10-05T01:13:59.510109Z,KXETH15M-26OCT042115-15,0.0100,10.55,yes
2026-10-05T01:13:59.518486Z,KXETH15M-26OCT042115-15,0.0100,3.52,yes
2026-10-05T01:13:59.652787Z,KXETH15M-26OCT042115-15,0.0100,21.93,yes
2026-10-05T01:13:59.65882Z,KXETH15M-26OCT042115-15,0.0100,8.00,no
2026-10-05T01:13:59.841706Z,KXETH15M-26OCT042115-15,0.0110,41.00,yes
2026-10-05T01:13:59.841706Z,KXETH15M-26OCT042115-15,0.0110,4.00,yes
2026-10-05T01:13:59.841706Z,KXETH15M-26OCT042115-15,0.0110,4.00,yes
2026-10-05T01:14:00.035394Z,KXETH15M-26OCT042115-15,0.0100,1.00,no
2026-10-05T01:14:00.060089Z,KXETH15M-26OCT042115-15,0.0100,10.00,no
2026-10-05T01:14:00.061629Z,KXETH15M-26OCT042115-15,0.0100,20.00,no
2026-10-05T01:14:00.175147Z,KXETH15M-26OCT042115-15,0.0100,9.07,no
2026-10-05T01:14:00.175147Z,KXETH15M-26OCT042115-15,0.0100,5.93,no
2026-10-05T01:14:00.191368Z,KXETH15M-26OCT042115-15,0.0100,10.00,no
2026-10-05T01:14:00.335038Z,KXETH15M-26OCT042115-15,0.0090,2.04,yes
2026-10-05T01:14:01.069318Z,KXETH15M-26OCT042115-15,0.0090,1.12,yes
2026-10-05T01:14:01.076795Z,KXETH15M-26OCT042115-15,0.0070,78.05,no
2026-10-05T01:14:01.076795Z,KXETH15M-26OCT042115-15,0.0080,46.95,no
2026-10-05T01:14:01.076795Z,KXETH15M-26OCT042115-15,0.0080,12.00,no
2026-10-05T01:14:01.076795Z,KXETH15M-26OCT042115-15,0.0080,18.00,no
2026-10-05T01:14:01.076795Z,KXETH15M-26OCT042115-15,0.0080,38.00,no
2026-10-05T01:14:01.076795Z,KXETH15M-26OCT042115-15,0.0080,22.00,no
2026-10-05T01:14:01.076795Z,KXETH15M-26OCT042115-15,0.0080,3.00,no
2026-10-05T01:14:01.541907Z,KXETH15M-26OCT042115-15,0.0210,309.36,yes
2026-10-05T01:14:01.541907Z,KXETH15M-26OCT042115-15,0.0120,4.00,yes
2026-10-05T01:14:01.541907Z,KXETH15M-26OCT042115-15,0.0200,9.00,yes
2026-10-05T01:14:01.541907Z,KXETH15M-26OCT042115-15,0.0180,5.00,yes
2026-10-05T01:14:01.541907Z,KXETH15M-26OCT042115-15,0.0150,9.00,yes
2026-10-05T01:14:01.541907Z,KXETH15M-26OCT042115-15,0.0090,6.00,yes
2026-10-05T01:14:01.541907Z,KXETH15M-26OCT042115-15,0.0130,4.00,yes
2026-10-05T01:14:01.541907Z,KXETH15M-26OCT042115-15,0.0120,4.00,yes
2026-10-05T01:14:01.541907Z,KXETH15M-26OCT042115-15,0.0130,4.00,yes
2026-10-05T01:14:01.541907Z,KXETH15M-26OCT042115-15,0.0190,20.00,yes
2026-10-05T01:14:01.541907Z,KXETH15M-26OCT042115-15,0.0110,4.00,yes
2026-10-05T01:14:01.541907Z,KXETH15M-26OCT042115-15,0.0150,9.00,yes
2026-10-05T01:14:01.541907Z,KXETH15M-26OCT042115-15,0.0100,10.00,yes
2026-10-05T01:14:01.541907Z,KXETH15M-26OCT042115-15,0.0170,22.00,yes
2026-10-05T01:14:01.541907Z,KXETH15M-26OCT042115-15,0.0090,37.84,yes
2026-10-05T01:14:01.541907Z,KXETH15M-26OCT042115-15,0.0100,100.00,yes
2026-10-05T01:14:01.541907Z,KXETH15M-26OCT042115-15,0.0100,25.00,yes
2026-10-05T01:14:01.541907Z,KXETH15M-26OCT042115-15,0.0110,1.00,yes
2026-10-05T01:14:01.541907Z,KXETH15M-26OCT042115-15,0.0200,400.00,yes
2026-10-05T01:14:01.541907Z,KXETH15M-26OCT042115-15,0.0190,8.00,yes
2026-10-05T01:14:01.541907Z,KXETH15M-26OCT042115-15,0.0080,41.00,yes
2026-10-05T01:14:01.541907Z,KXETH15M-26OCT042115-15,0.0090,46.95,yes
2026-10-05T01:14:01.541907Z,KXETH15M-26OCT042115-15,0.0200,10.66,yes
2026-10-05T01:14:01.541907Z,KXETH15M-26OCT042115-15,0.0080,78.05,yes
2026-10-05T01:14:01.541907Z,KXETH15M-26OCT042115-15,0.0190,18.00,yes
2026-10-05T01:14:01.541907Z,KXETH15M-26OCT042115-15,0.0090,3.00,yes
2026-10-05T01:14:01.541907Z,KXETH15M-26OCT042115-15,0.0200,105.00,yes
2026-10-05T01:14:01.541907Z,KXETH15M-26OCT042115-15,0.0180,6.00,yes
2026-10-05T01:14:02.111846Z,KXETH15M-26OCT042115-15,0.0080,1.00,yes
2026-10-05T01:14:02.111846Z,KXETH15M-26OCT042115-15,0.0080,41.00,yes
2026-10-05T01:14:02.207578Z,KXETH15M-26OCT042115-15,0.0080,2.00,yes
2026-10-05T01:14:02.737467Z,KXETH15M-26OCT042115-15,0.0070,21.95,no
2026-10-05T01:14:02.737467Z,KXETH15M-26OCT042115-15,0.0070,13.00,no
2026-10-05T01:14:02.737467Z,KXETH15M-26OCT042115-15,0.0070,20.00,no
2026-10-05T01:14:02.737467Z,KXETH15M-26OCT042115-15,0.0070,21.05,no
2026-10-05T01:14:02.737467Z,KXETH15M-26OCT042115-15,0.0070,13.00,no
2026-10-05T01:14:02.949003Z,KXETH15M-26OCT042115-15,0.0060,13.00,no
2026-10-05T01:14:03.053094Z,KXETH15M-26OCT042115-15,0.0070,25.36,yes
2026-10-05T01:14:03.084259Z,KXETH15M-26OCT042115-15,0.0040,221.00,no
2026-10-05T01:14:03.084259Z,KXETH15M-26OCT042115-15,0.0050,100.00,no
2026-10-05T01:14:03.084259Z,KXETH15M-26OCT042115-15,0.0050,100.00,no
2026-10-05T01:14:03.084259Z,KXETH15M-26OCT042115-15,0.0060,87.00,no
2026-10-05T01:14:03.084259Z,KXETH15M-26OCT042115-15,0.0050,1.00,no
2026-10-05T01:14:03.084259Z,KXETH15M-26OCT042115-15,0.0050,11.00,no
2026-10-05T01:14:03.084259Z,KXETH15M-26OCT042115-15,0.0060,7.00,no
2026-10-05T01:14:03.084259Z,KXETH15M-26OCT042115-15,0.0060,13.00,no
2026-10-05T01:14:03.084259Z,KXETH15M-26OCT042115-15,0.0060,40.00,no
2026-10-05T01:14:03.084259Z,KXETH15M-26OCT042115-15,0.0060,22.00,no
2026-10-05T01:14:03.084259Z,KXETH15M-26OCT042115-15,0.0060,20.00,no
2026-10-05T01:14:03.18476Z,KXETH15M-26OCT042115-15,0.0040,1.00,no
2026-10-05T01:14:03.255686Z,KXETH15M-26OCT042115-15,0.0050,6.00,yes
2026-10-05T01:14:03.422282Z,KXETH15M-26OCT042115-15,0.0050,13.00,yes
2026-10-05T01:14:03.422282Z,KXETH15M-26OCT042115-15,0.0050,41.00,yes
2026-10-05T01:14:03.422282Z,KXETH15M-26OCT042115-15,0.0050,49.00,yes
2026-10-05T01:14:03.422282Z,KXETH15M-26OCT042115-15,0.0050,27.00,yes
2026-10-05T01:14:03.491918Z,KXETH15M-26OCT042115-15,0.0050,41.00,yes
2026-10-05T01:14:03.491918Z,KXETH15M-26OCT042115-15,0.0060,15.47,yes
2026-10-05T01:14:03.536885Z,KXETH15M-26OCT042115-15,0.0040,9.68,no
2026-10-05T01:14:03.606057Z,KXETH15M-26OCT042115-15,0.0040,75.78,no
2026-10-05T01:14:03.72722Z,KXETH15M-26OCT042115-15,0.0060,71.15,yes
2026-10-05T01:14:03.72722Z,KXETH15M-26OCT042115-15,0.0050,16.00,yes
2026-10-05T01:14:03.72722Z,KXETH15M-26OCT042115-15,0.0050,41.00,yes
2026-10-05T01:14:03.72722Z,KXETH15M-26OCT042115-15,0.0060,25.53,yes
2026-10-05T01:14:03.775437Z,KXETH15M-26OCT042115-15,0.0040,39.00,no
2026-10-05T01:14:04.043995Z,KXETH15M-26OCT042115-15,0.0030,4.00,no
2026-10-05T01:14:04.043995Z,KXETH15M-26OCT042115-15,0.0040,92.00,no
2026-10-05T01:14:04.043995Z,KXETH15M-26OCT042115-15,0.0030,20.00,no
2026-10-05T01:14:04.043995Z,KXETH15M-26OCT042115-15,0.0040,10.00,no
2026-10-05T01:14:04.043995Z,KXETH15M-26OCT042115-15,0.0030,2.00,no
2026-10-05T01:14:04.043995Z,KXETH15M-26OCT042115-15,0.0040,1.00,no
2026-10-05T01:14:04.043995Z,KXETH15M-26OCT042115-15,0.0030,2.00,no
2026-10-05T01:14:04.043995Z,KXETH15M-26OCT042115-15,0.0040,1.00,no
2026-10-05T01:14:04.043995Z,KXETH15M-26OCT042115-15,0.0040,1.00,no
2026-10-05T01:14:04.043995Z,KXETH15M-26OCT042115-15,0.0030,2.00,no
2026-10-05T01:14:04.043995Z,KXETH15M-26OCT042115-15,0.0040,1.00,no
2026-10-05T01:14:04.043995Z,KXETH15M-26OCT042115-15,0.0030,2.00,no
2026-10-05T01:14:04.043995Z,KXETH15M-26OCT042115-15,0.0040,1.00,no
2026-10-05T01:14:04.043995Z,KXETH15M-26OCT042115-15,0.0030,18.00,no
2026-10-05T01:14:04.043995Z,KXETH15M-26OCT042115-15,0.0040,13.00,no
2026-10-05T01:14:04.043995Z,KXETH15M-26OCT042115-15,0.0030,2.00,no
2026-10-05T01:14:04.043995Z,KXETH15M-26OCT042115-15,0.0040,394.54,no
2026-10-05T01:14:04.043995Z,KXETH15M-26OCT042115-15,0.0040,100.00,no
2026-10-05T01:14:04.043995Z,KXETH15M-26OCT042115-15,0.0030,200.00,no
2026-10-05T01:14:04.043995Z,KXETH15M-26OCT042115-15,0.0020,16.79,no
2026-10-05T01:14:04.043995Z,KXETH15M-26OCT042115-15,0.0030,100.00,no
2026-10-05T01:14:04.136761Z,KXETH15M-26OCT042115-15,0.0040,37.47,yes
2026-10-05T01:14:04.463545Z,KXETH15M-26OCT042115-15,0.0040,4.00,yes
2026-10-05T01:14:04.463545Z,KXETH15M-26OCT042115-15,0.0050,70.40,yes
2026-10-05T01:14:04.463545Z,KXETH15M-26OCT042115-15,0.0040,62.53,yes
2026-10-05T01:14:04.463545Z,KXETH15M-26OCT042115-15,0.0040,20.00,yes
2026-10-05T01:14:04.463545Z,KXETH15M-26OCT042115-15,0.0050,41.00,yes
2026-10-05T01:14:04.463545Z,KXETH15M-26OCT042115-15,0.0040,8.00,yes
2026-10-05T01:14:04.5027Z,KXETH15M-26OCT042115-15,0.0090,35.74,yes
2026-10-05T01:14:04.5027Z,KXETH15M-26OCT042115-15,0.0050,68.00,yes
2026-10-05T01:14:04.5027Z,KXETH15M-26OCT042115-15,0.0050,41.00,yes
2026-10-05T01:14:04.5027Z,KXETH15M-26OCT042115-15,0.0050,29.60,yes
2026-10-05T01:14:04.5027Z,KXETH15M-26OCT042115-15,0.0070,16.79,yes
2026-10-05T01:14:04.5027Z,KXETH15M-26OCT042115-15,0.0090,20.00,yes
2026-10-05T01:14:04.5027Z,KXETH15M-26OCT042115-15,0.0080,21.95,yes
2026-10-05T01:14:04.5027Z,KXETH15M-26OCT042115-15,0.0070,13.00,yes
2026-10-05T01:14:04.5027Z,KXETH15M-26OCT042115-15,0.0070,5.00,yes
2026-10-05T01:14:04.5027Z,KXETH15M-26OCT042115-15,0.0070,87.00,yes
2026-10-05T01:14:04.5027Z,KXETH15M-26OCT042115-15,0.0060,41.00,yes
2026-10-05T01:14:04.5027Z,KXETH15M-26OCT042115-15,0.0060,28.85,yes
2026-10-05T01:14:04.5027Z,KXETH15M-26OCT042115-15,0.0090,100.00,yes
2026-10-05T01:14:04.819533Z,KXETH15M-26OCT042115-15,0.0030,0.27,no
2026-10-05T01:14:04.819533Z,KXETH15M-26OCT042115-15,0.0040,57.00,no
2026-10-05T01:14:04.819533Z,KXETH15M-26OCT042115-15,0.0040,43.00,no
2026-10-05T01:14:05.119186Z,KXETH15M-26OCT042115-15,0.0050,0.10,yes
2026-10-05T01:14:05.600658Z,KXETH15M-26OCT042115-15,0.0080,8.88,yes
2026-10-05T01:14:05.600658Z,KXETH15M-26OCT042115-15,0.0040,10.00,yes
2026-10-05T01:14:05.600658Z,KXETH15M-26OCT042115-15,0.0050,40.90,yes
2026-10-05T01:14:05.600658Z,KXETH15M-26OCT042115-15,0.0060,41.00,yes
2026-10-05T01:14:05.600658Z,KXETH15M-26OCT042115-15,0.0040,49.00,yes
2026-10-05T01:14:05.600658Z,KXETH15M-26OCT042115-15,0.0040,21.00,yes
2026-10-05T01:14:05.898147Z,KXETH15M-26OCT042115-15,0.0050,1.03,yes
2026-10-05T01:14:06.398787Z,KXETH15M-26OCT042115-15,0.0020,41.00,no
2026-10-05T01:14:06.398787Z,KXETH15M-26OCT042115-15,0.0030,20.00,no
2026-10-05T01:14:06.398787Z,KXETH15M-26OCT042115-15,0.0030,16.73,no
2026-10-05T01:14:06.398787Z,KXETH15M-26OCT042115-15,0.0030,0.27,no
2026-10-05T01:14:06.398787Z,KXETH15M-26OCT042115-15,0.0030,52.00,no
2026-10-05T01:14:06.398787Z,KXETH15M-26OCT042115-15,0.0030,34.00,no
2026-10-05T01:14:06.398787Z,KXETH15M-26OCT042115-15,0.0020,1321.00,no
2026-10-05T01:14:06.398787Z,KXETH15M-26OCT042115-15,0.0020,4.00,no
2026-10-05T01:14:06.398787Z,KXETH15M-26OCT042115-15,0.0020,4.00,no
2026-10-05T01:14:06.398787Z,KXETH15M-26OCT042115-15,0.0020,8.00,no
2026-10-05T01:14:06.398787Z,KXETH15M-26OCT042115-15,0.0020,5.00,no
2026-10-05T01:14:06.398787Z,KXETH15M-26OCT042115-15,0.0020,26.00,no
2026-10-05T01:14:06.398787Z,KXETH15M-26OCT042115-15,0.0020,3.00,no
2026-10-05T01:14:06.398787Z,KXETH15M-26OCT042115-15,0.0020,3.00,no
2026-10-05T01:14:06.398787Z,KXETH15M-26OCT042115-15,0.0020,3.00,no
2026-10-05T01:14:06.398787Z,KXETH15M-26OCT042115-15,0.0020,3.00,no
2026-10-05T01:14:06.398787Z,KXETH15M-26OCT042115-15,0.0020,3.00,no
2026-10-05T01:14:06.398787Z,KXETH15M-26OCT042115-15,0.0020,100.00,no
2026-10-05T01:14:06.398787Z,KXETH15M-26OCT042115-15,0.0020,500.00,no
2026-10-05T01:14:06.398787Z,KXETH15M-26OCT042115-15,0.0020,3000.00,no
2026-10-05T01:14:06.398787Z,KXETH15M-26OCT042115-15,0.0020,100.00,no
2026-10-05T01:14:06.438634Z,KXETH15M-26OCT042115-15,0.0020,158.00,no
2026-10-05T01:14:06.438634Z,KXETH15M-26OCT042115-15,0.0020,15.00,no
2026-10-05T01:14:06.438634Z,KXETH15M-26OCT042115-15,0.0020,41.00,no
2026-10-05T01:14:06.438634Z,KXETH15M-26OCT042115-15,0.0020,7.00,no
2026-10-05T01:14:06.438634Z,KXETH15M-26OCT042115-15,0.0010,29.25,no
2026-10-05T01:14:06.568343Z,KXETH15M-26OCT042115-15,0.0020,7.00,no
2026-10-05T01:14:06.577588Z,KXETH15M-26OCT042115-15,0.0020,2.00,no
2026-10-05T01:14:06.581534Z,KXETH15M-26OCT042115-15,0.0030,8.00,yes
2026-10-05T01:14:06.581534Z,KXETH15M-26OCT042115-15,0.0030,149.00,yes
2026-10-05T01:14:06.581534Z,KXETH15M-26OCT042115-15,0.0040,180.09,yes
2026-10-05T01:14:06.581534Z,KXETH15M-26OCT042115-15,0.0030,100.00,yes
2026-10-05T01:14:06.581534Z,KXETH15M-26OCT042115-15,0.0040,20.00,yes
2026-10-05T01:14:06.581534Z,KXETH15M-26OCT042115-15,0.0040,38.00,yes
2026-10-05T01:14:06.588489Z,KXETH15M-26OCT042115-15,0.0020,2.00,no
2026-10-05T01:14:06.687724Z,KXETH15M-26OCT042115-15,0.0040,5.11,yes
2026-10-05T01:14:07.348773Z,KXETH15M-26OCT042115-15,0.0030,296.35,yes
2026-10-05T01:14:07.348773Z,KXETH15M-26OCT042115-15,0.0030,9.00,yes
2026-10-05T01:14:07.458807Z,KXETH15M-26OCT042115-15,0.0020,15.00,no
2026-10-05T01:14:07.458807Z,KXETH15M-26OCT042115-15,0.0020,30.00,no
2026-10-05T01:14:07.458807Z,KXETH15M-26OCT042115-15,0.0020,5.00,no
2026-10-05T01:14:07.891426Z,KXETH15M-26OCT042115-15,0.0010,1.01,no
2026-10-05T01:14:07.975665Z,KXETH15M-26OCT042115-15,0.0020,285.59,yes
2026-10-05T01:14:07.975665Z,KXETH15M-26OCT042115-15,0.0020,26.00,yes
2026-10-05T01:14:09.198483Z,KXETH15M-26OCT042115-15,0.0020,31.22,yes
2026-10-05T01:14:09.226912Z,KXETH15M-26OCT042115-15,0.0020,9.78,yes
2026-10-05T01:14:09.226912Z,KXETH15M-26OCT042115-15,0.0020,553.86,yes
2026-10-05T01:14:09.226912Z,KXETH15M-26OCT042115-15,0.0020,752.51,yes
2026-10-05T01:14:09.226912Z,KXETH15M-26OCT042115-15,0.0020,0.07,yes
2026-10-05T01:14:09.226912Z,KXETH15M-26OCT042115-15,0.0020,37.00,yes
2026-10-05T01:14:09.483483Z,KXETH15M-26OCT042115-15,0.0020,845.49,yes
2026-10-05T01:14:09.483483Z,KXETH15M-26OCT042115-15,0.0020,154.51,yes
2026-10-05T01:14:09.570257Z,KXETH15M-26OCT042115-15,0.0020,257.51,yes
2026-10-05T01:14:09.570257Z,KXETH15M-26OCT042115-15,0.0020,557.49,yes
2026-10-05T01:14:10.32009Z,KXETH15M-26OCT042115-15,0.0010,820.26,no
2026-10-05T01:14:10.32009Z,KXETH15M-26OCT042115-15,0.0010,369.74,no
2026-10-05T01:14:10.529457Z,KXETH15M-26OCT042115-15,0.0020,3.49,yes
2026-10-05T01:14:10.529457Z,KXETH15M-26OCT042115-15,0.0020,47.51,yes
2026-10-05T01:14:10.654477Z,KXETH15M-26OCT042115-15,0.0010,44.56,no
2026-10-05T01:14:10.734791Z,KXETH15M-26OCT042115-15,0.0010,501.02,no
2026-10-05T01:14:10.941866Z,KXETH15M-26OCT042115-15,0.0020,156.00,yes
2026-10-05T01:14:10.990468Z,KXETH15M-26OCT042115-15,0.0020,25.00,yes
2026-10-05T01:14:11.381301Z,KXETH15M-26OCT042115-15,0.0010,100.09,no
2026-10-05T01:14:11.451709Z,KXETH15M-26OCT042115-15,0.0010,58.05,no
2026-10-05T01:14:11.49608Z,KXETH15M-26OCT042115-15,0.0020,159.46,yes
2026-10-05T01:14:11.562863Z,KXETH15M-26OCT042115-15,0.0010,20.01,no
2026-10-05T01:14:11.649059Z,KXETH15M-26OCT042115-15,0.0020,458.01,yes
2026-10-05T01:14:11.827883Z,KXETH15M-26OCT042115-15,0.0020,458.01,yes
2026-10-05T01:14:12.037947Z,KXETH15M-26OCT042115-15,0.0020,435.11,yes
2026-10-05T01:14:12.117913Z,KXETH15M-26OCT042115-15,0.0020,233.69,yes
2026-10-05T01:14:12.436922Z,KXETH15M-26OCT042115-15,0.0020,398.02,yes
2026-10-05T01:14:12.436922Z,KXETH15M-26OCT042115-15,0.0020,1027.21,yes
2026-10-05T01:14:12.436922Z,KXETH15M-26OCT042115-15,0.0020,820.26,yes
2026-10-05T01:14:12.436922Z,KXETH15M-26OCT042115-15,0.0020,44.56,yes
2026-10-05T01:14:12.57442Z,KXETH15M-26OCT042115-15,0.0010,14.00,no
2026-10-05T01:14:12.585327Z,KXETH15M-26OCT042115-15,0.0020,15.44,yes
2026-10-05T01:14:12.674701Z,KXETH15M-26OCT042115-15,0.0010,8.00,no
2026-10-05T01:14:13.338646Z,KXETH15M-26OCT042115-15,0.0020,41.36,yes
2026-10-05T01:14:13.338646Z,KXETH15M-26OCT042115-15,0.0020,100.09,yes
2026-10-05T01:14:13.338646Z,KXETH15M-26OCT042115-15,0.0020,87.56,yes
2026-10-05T01:14:15.531039Z,KXETH15M-26OCT042115-15,0.0030,7.00,yes
2026-10-05T01:14:15.531039Z,KXETH15M-26OCT042115-15,0.0030,10.82,yes
2026-10-05T01:14:15.531039Z,KXETH15M-26OCT042115-15,0.0030,0.07,yes
2026-10-05T01:14:15.531039Z,KXETH15M-26OCT042115-15,0.0020,20.01,yes
2026-10-05T01:14:15.531039Z,KXETH15M-26OCT042115-15,0.0020,16.69,yes
2026-10-05T01:14:15.531039Z,KXETH15M-26OCT042115-15,0.0020,35.00,yes
2026-10-05T01:14:15.531039Z,KXETH15M-26OCT042115-15,0.0020,63.00,yes
2026-10-05T01:14:15.531039Z,KXETH15M-26OCT042115-15,0.0020,8.00,yes
2026-10-05T01:14:15.531039Z,KXETH15M-26OCT042115-15,0.0020,14.00,yes
2026-10-05T01:14:15.531039Z,KXETH15M-26OCT042115-15,0.0020,155.00,yes
2026-10-05T01:14:15.630638Z,KXETH15M-26OCT042115-15,0.0020,7.00,no
2026-10-05T01:14:15.630638Z,KXETH15M-26OCT042115-15,0.0020,53.00,no
2026-10-05T01:14:15.833299Z,KXETH15M-26OCT042115-15,0.0010,32.02,no
2026-10-05T01:14:16.045963Z,KXETH15M-26OCT042115-15,0.0020,0.50,yes
2026-10-05T01:14:16.771279Z,KXETH15M-26OCT042115-15,0.0020,5.09,yes
2026-10-05T01:14:16.92278Z,KXETH15M-26OCT042115-15,0.0010,314.00,no
2026-10-05T01:14:16.971251Z,KXETH15M-26OCT042115-15,0.0020,100.00,yes
2026-10-05T01:14:16.971251Z,KXETH15M-26OCT042115-15,0.0020,107.00,yes
2026-10-05T01:14:16.971251Z,KXETH15M-26OCT042115-15,0.0020,32.48,yes
2026-10-05T01:14:16.971251Z,KXETH15M-26OCT042115-15,0.0020,29.00,yes
2026-10-05T01:14:16.971251Z,KXETH15M-26OCT042115-15,0.0020,26.43,yes
2026-10-05T01:14:16.971251Z,KXETH15M-26OCT042115-15,0.0020,10.00,yes
2026-10-05T01:14:17.011962Z,KXETH15M-26OCT042115-15,0.0020,137.43,yes
2026-10-05T01:14:17.015908Z,KXETH15M-26OCT042115-15,0.0010,7.00,no
2026-10-05T01:14:17.075451Z,KXETH15M-26OCT042115-15,0.0010,7124.99,no
2026-10-05T01:14:17.075451Z,KXETH15M-26OCT042115-15,0.0010,377.01,no
2026-10-05T01:14:17.334312Z,KXETH15M-26OCT042115-15,0.0010,144.09,no
2026-10-05T01:14:17.334638Z,KXETH15M-26OCT042115-15,0.0010,66.00,no
2026-10-05T01:14:17.334638Z,KXETH15M-26OCT042115-15,0.0010,41.00,no
2026-10-05T01:14:17.334638Z,KXETH15M-26OCT042115-15,0.0010,4.00,no
2026-10-05T01:14:17.334638Z,KXETH15M-26OCT042115-15,0.0010,71.00,no
2026-10-05T01:14:17.334638Z,KXETH15M-26OCT042115-15,0.0010,7.48,no
2026-10-05T01:14:17.334638Z,KXETH15M-26OCT042115-15,0.0010,100.00,no
2026-10-05T01:14:17.334638Z,KXETH15M-26OCT042115-15,0.0010,1.00,no
2026-10-05T01:14:17.334638Z,KXETH15M-26OCT042115-15,0.0010,2000.00,no
2026-10-05T01:14:17.334638Z,KXETH15M-26OCT042115-15,0.0010,1.00,no
2026-10-05T01:14:17.334638Z,KXETH15M-26OCT042115-15,0.0010,478.90,no
2026-10-05T01:14:17.334638Z,KXETH15M-26OCT042115-15,0.0010,653.30,no
2026-10-05T01:14:17.334638Z,KXETH15M-26OCT042115-15,0.0010,1.00,no
2026-10-05T01:14:17.424088Z,KXETH15M-26OCT042115-15,0.0010,26.66,yes
2026-10-05T01:14:17.587613Z,KXETH15M-26OCT042115-15,0.0010,467.36,yes
2026-10-05T01:14:18.105796Z,KXETH15M-26OCT042115-15,0.0010,1000.00,yes
2026-10-05T01:14:18.87085Z,KXETH15M-26OCT042115-15,0.0010,773.17,yes
2026-10-05T01:14:19.425505Z,KXETH15M-26OCT042115-15,0.0010,29.35,yes
2026-10-05T01:14:21.98893Z,KXETH15M-26OCT042115-15,0.0010,915.99,yes
2026-10-05T01:14:22.04854Z,KXETH15M-26OCT042115-15,0.0010,9.20,yes
2026-10-05T01:14:22.189911Z,KXETH15M-26OCT042115-15,0.0010,4.67,yes
2026-10-05T01:14:23.820204Z,KXETH15M-26OCT042115-15,0.0010,90.00,yes
2026-10-05T01:14:23.978534Z,KXETH15M-26OCT042115-15,0.0010,229.01,yes
2026-10-05T01:14:24.27648Z,KXETH15M-26OCT042115-15,0.0010,32.02,yes
2026-10-05T01:14:25.383265Z,KXETH15M-26OCT042115-15,0.0010,47.00,yes
2026-10-05T01:14:26.029437Z,KXETH15M-26OCT042115-15,0.0010,2.41,yes
2026-10-05T01:14:29.953125Z,KXETH15M-26OCT042115-15,0.0010,10.01,yes
2026-10-05T01:14:29.953125Z,KXETH15M-26OCT042115-15,0.0010,725.51,yes
2026-10-05T01:14:29.953125Z,KXETH15M-26OCT042115-15,0.0010,100.00,yes
2026-10-05T01:14:29.953125Z,KXETH15M-26OCT042115-15,0.0010,7.00,yes
2026-10-05T01:14:29.953125Z,KXETH15M-26OCT042115-15,0.0010,73.47,yes
2026-10-05T01:14:30.513778Z,KXETH15M-26OCT042115-15,0.0010,163.49,yes
2026-10-05T01:14:30.513778Z,KXETH15M-26OCT042115-15,0.0020,377.01,yes
2026-10-05T01:14:30.513778Z,KXETH15M-26OCT042115-15,0.0020,346.50,yes
2026-10-05T01:14:31.006169Z,KXETH15M-26OCT042115-15,0.0010,100.00,no
2026-10-05T01:14:32.23935Z,KXETH15M-26OCT042115-15,0.0010,200.00,no
2026-10-05T01:14:33.439948Z,KXETH15M-26OCT042115-15,0.0020,5.13,yes
2026-10-05T01:14:34.342931Z,KXETH15M-26OCT042115-15,0.0020,412.00,yes
2026-10-05T01:14:34.441538Z,KXETH15M-26OCT042115-15,0.0020,380.15,yes
2026-10-05T01:14:35.715778Z,KXETH15M-26OCT042115-15,0.0020,0.93,yes
2026-10-05T01:14:35.985245Z,KXETH15M-26OCT042115-15,0.0020,458.01,yes
2026-10-05T01:14:36.224707Z,KXETH15M-26OCT042115-15,0.0010,5.00,no
2026-10-05T01:14:36.526523Z,KXETH15M-26OCT042115-15,0.0010,458.01,no
2026-10-05T01:14:36.526523Z,KXETH15M-26OCT042115-15,0.0010,0.93,no
2026-10-05T01:14:36.526523Z,KXETH15M-26OCT042115-15,0.0010,380.15,no
2026-10-05T01:14:36.526523Z,KXETH15M-26OCT042115-15,0.0010,412.00,no
2026-10-05T01:14:36.526523Z,KXETH15M-26OCT042115-15,0.0010,5.13,no
2026-10-05T01:14:36.526523Z,KXETH15M-26OCT042115-15,0.0010,20.00,no
2026-10-05T01:14:36.526523Z,KXETH15M-26OCT042115-15,0.0010,66.00,no
2026-10-05T01:14:36.526523Z,KXETH15M-26OCT042115-15,0.0010,41.50,no
2026-10-05T01:14:41.805257Z,KXETH15M-26OCT042115-15,0.0010,39.00,yes
2026-10-05T01:14:41.952472Z,KXETH15M-26OCT042115-15,0.0010,13.00,yes
2026-10-05T01:14:43.465699Z,KXETH15M-26OCT042115-15,0.0010,381.99,yes
2026-10-05T01:14:43.465699Z,KXETH15M-26OCT042115-15,0.0010,529.00,yes
2026-10-05T01:14:43.465699Z,KXETH15M-26OCT042115-15,0.0010,5.00,yes
2026-10-05T01:14:44.015117Z,KXETH15M-26OCT042115-15,0.0010,729.01,yes
2026-10-05T01:14:44.015117Z,KXETH15M-26OCT042115-15,0.0010,1953.00,yes
2026-10-05T01:14:44.015117Z,KXETH15M-26OCT042115-15,0.0020,397.28,yes
2026-10-05T01:14:44.015117Z,KXETH15M-26OCT042115-15,0.0020,598.21,yes
2026-10-05T01:14:44.154094Z,KXETH15M-26OCT042115-15,0.0010,50.00,no
2026-10-05T01:14:44.812763Z,KXETH15M-26OCT042115-15,0.0020,5.00,yes
2026-10-05T01:14:45.194162Z,KXETH15M-26OCT042115-15,0.0020,40.22,yes
2026-10-05T01:14:45.194162Z,KXETH15M-26OCT042115-15,0.0020,19.78,yes
2026-10-05T01:14:45.849089Z,KXETH15M-26OCT042115-15,0.0020,200.00,yes
2026-10-05T01:14:45.849089Z,KXETH15M-26OCT042115-15,0.0020,100.00,yes
2026-10-05T01:14:45.849089Z,KXETH15M-26OCT042115-15,0.0020,59.78,yes
2026-10-05T01:14:45.849089Z,KXETH15M-26OCT042115-15,0.0020,5.13,yes
2026-10-05T01:14:45.849089Z,KXETH15M-26OCT042115-15,0.0020,42.68,yes
2026-10-05T01:14:45.849089Z,KXETH15M-26OCT042115-15,0.0020,41.50,yes
2026-10-05T01:14:45.849089Z,KXETH15M-26OCT042115-15,0.0020,5.00,yes
2026-10-05T01:14:45.872014Z,KXETH15M-26OCT042115-15,0.0020,38.52,yes
2026-10-05T01:14:46.453742Z,KXETH15M-26OCT042115-15,0.0010,43.04,no
2026-10-05T01:14:46.458727Z,KXETH15M-26OCT042115-15,0.0020,0.90,yes
2026-10-05T01:14:46.732038Z,KXETH15M-26OCT042115-15,0.0010,55.00,no
2026-10-05T01:14:46.909023Z,KXETH15M-26OCT042115-15,0.0010,14.00,no
2026-10-05T01:14:47.014786Z,KXETH15M-26OCT042115-15,0.0010,66.00,no
2026-10-05T01:14:47.014786Z,KXETH15M-26OCT042115-15,0.0010,20.00,no
2026-10-05T01:14:47.014786Z,KXETH15M-26OCT042115-15,0.0010,235.24,no
2026-10-05T01:14:47.014786Z,KXETH15M-26OCT042115-15,0.0010,42.68,no
2026-10-05T01:14:47.014786Z,KXETH15M-26OCT042115-15,0.0010,5.13,no
2026-10-05T01:14:47.014786Z,KXETH15M-26OCT042115-15,0.0010,5.00,no
2026-10-05T01:14:47.014786Z,KXETH15M-26OCT042115-15,0.0010,41.50,no
2026-10-05T01:14:47.014786Z,KXETH15M-26OCT042115-15,0.0010,100.00,no
2026-10-05T01:14:47.014786Z,KXETH15M-26OCT042115-15,0.0010,38.52,no
2026-10-05T01:14:47.014786Z,KXETH15M-26OCT042115-15,0.0010,200.00,no
2026-10-05T01:14:47.014786Z,KXETH15M-26OCT042115-15,0.0010,0.90,no
2026-10-05T01:14:47.29469Z,KXETH15M-26OCT042115-15,0.0010,57.00,yes
2026-10-05T01:14:47.435322Z,KXETH15M-26OCT042115-15,0.0010,165.00,yes
2026-10-05T01:14:47.496641Z,KXETH15M-26OCT042115-15,0.0010,467.36,yes
2026-10-05T01:14:48.295207Z,KXETH15M-26OCT042115-15,0.0010,915.99,yes
2026-10-05T01:14:49.700463Z,KXETH15M-26OCT042115-15,0.0010,915.99,yes
2026-10-05T01:14:49.907395Z,KXETH15M-26OCT042115-15,0.0010,915.99,yes
2026-10-05T01:14:50.068563Z,KXETH15M-26OCT042115-15,0.0010,9346.48,yes
2026-10-05T01:14:50.773391Z,KXETH15M-26OCT042115-15,0.0010,183.25,yes
2026-10-05T01:14:55.391562Z,KXETH15M-26OCT042115-15,0.0010,12.66,yes
2026-10-05T01:14:56.925633Z,KXETH15M-26OCT042115-15,0.0010,91.62,yes
2026-10-05T01:13:56.02821Z,KXXRP15M-26OCT042115-15,0.9120,10.44,no
2026-10-05T01:13:56.041551Z,KXXRP15M-26OCT042115-15,0.9120,7.00,no
2026-10-05T01:13:56.041551Z,KXXRP15M-26OCT042115-15,0.9110,5.64,no
2026-10-05T01:13:56.058089Z,KXXRP15M-26OCT042115-15,0.9110,7.00,no
2026-10-05T01:13:56.058089Z,KXXRP15M-26OCT042115-15,0.9110,9.18,no
2026-10-05T01:13:56.058089Z,KXXRP15M-26OCT042115-15,0.9100,88.82,no
2026-10-05T01:13:56.131505Z,KXXRP15M-26OCT042115-15,0.9120,17.00,no
2026-10-05T01:13:56.131505Z,KXXRP15M-26OCT042115-15,0.9050,2.84,no
2026-10-05T01:13:56.131505Z,KXXRP15M-26OCT042115-15,0.9100,46.16,no
2026-10-05T01:13:56.131606Z,KXXRP15M-26OCT042115-15,0.9030,8.00,no
2026-10-05T01:13:56.131606Z,KXXRP15M-26OCT042115-15,0.9050,4.66,no
2026-10-05T01:13:56.131606Z,KXXRP15M-26OCT042115-15,0.9020,15.34,no
2026-10-05T01:13:56.131695Z,KXXRP15M-26OCT042115-15,0.9020,8.66,no
2026-10-05T01:13:56.131695Z,KXXRP15M-26OCT042115-15,0.9010,10.34,no
2026-10-05T01:13:56.131698Z,KXXRP15M-26OCT042115-15,0.9000,48.34,no
2026-10-05T01:13:56.131698Z,KXXRP15M-26OCT042115-15,0.9000,2.00,no
2026-10-05T01:13:56.131698Z,KXXRP15M-26OCT042115-15,0.9010,16.66,no
2026-10-05T01:13:56.137341Z,KXXRP15M-26OCT042115-15,0.9000,105.00,no
2026-10-05T01:13:56.144775Z,KXXRP15M-26OCT042115-15,0.9020,113.00,yes
2026-10-05T01:13:56.145793Z,KXXRP15M-26OCT042115-15,0.9020,9.00,yes
2026-10-05T01:13:56.150191Z,KXXRP15M-26OCT042115-15,0.9020,32.00,yes
2026-10-05T01:13:56.169878Z,KXXRP15M-26OCT042115-15,0.9100,59.00,yes
2026-10-05T01:13:56.170089Z,KXXRP15M-26OCT042115-15,0.9010,105.00,no
2026-10-05T01:13:56.172233Z,KXXRP15M-26OCT042115-15,0.9010,4.98,no
2026-10-05T01:13:56.298765Z,KXXRP15M-26OCT042115-15,0.9190,1.00,yes
2026-10-05T01:13:56.298765Z,KXXRP15M-26OCT042115-15,0.9190,6.00,yes
2026-10-05T01:13:56.298765Z,KXXRP15M-26OCT042115-15,0.9200,14.27,yes
2026-10-05T01:13:56.339193Z,KXXRP15M-26OCT042115-15,0.9190,19.24,yes
2026-10-05T01:13:56.369116Z,KXXRP15M-26OCT042115-15,0.9010,20.00,no
2026-10-05T01:13:56.369116Z,KXXRP15M-26OCT042115-15,0.9020,0.10,no
2026-10-05T01:13:56.369116Z,KXXRP15M-26OCT042115-15,0.9000,196.51,no
2026-10-05T01:13:56.369116Z,KXXRP15M-26OCT042115-15,0.9020,9.00,no
2026-10-05T01:13:56.411114Z,KXXRP15M-26OCT042115-15,0.9020,20.00,no
2026-10-05T01:13:56.411114Z,KXXRP15M-26OCT042115-15,0.9000,76.00,no
2026-10-05T01:13:56.411114Z,KXXRP15M-26OCT042115-15,0.9010,9.00,no
2026-10-05T01:13:56.420378Z,KXXRP15M-26OCT042115-15,0.9000,105.00,no
2026-10-05T01:13:56.430998Z,KXXRP15M-26OCT042115-15,0.9000,21.00,no
2026-10-05T01:13:56.438158Z,KXXRP15M-26OCT042115-15,0.9010,7.00,no
2026-10-05T01:13:56.454958Z,KXXRP15M-26OCT042115-15,0.9100,0.10,yes
2026-10-05T01:13:56.468961Z,KXXRP15M-26OCT042115-15,0.9100,0.02,yes
2026-10-05T01:13:56.469837Z,KXXRP15M-26OCT042115-15,0.9010,0.82,no
2026-10-05T01:13:56.508758Z,KXXRP15M-26OCT042115-15,0.9100,27.26,yes
2026-10-05T01:13:56.521552Z,KXXRP15M-26OCT042115-15,0.9100,1.00,yes
2026-10-05T01:13:56.53394Z,KXXRP15M-26OCT042115-15,0.9010,12.18,no
2026-10-05T01:13:56.53394Z,KXXRP15M-26OCT042115-15,0.9000,0.39,no
2026-10-05T01:13:56.53394Z,KXXRP15M-26OCT042115-15,0.9010,9.00,no
2026-10-05T01:13:56.535673Z,KXXRP15M-26OCT042115-15,0.9000,105.00,no
2026-10-05T01:13:56.572549Z,KXXRP15M-26OCT042115-15,0.9000,36.00,no
2026-10-05T01:13:56.617117Z,KXXRP15M-26OCT042115-15,0.9190,47.00,yes
2026-10-05T01:13:56.617117Z,KXXRP15M-26OCT042115-15,0.9190,6.00,yes
2026-10-05T01:13:56.617117Z,KXXRP15M-26OCT042115-15,0.9180,10.00,yes
2026-10-05T01:13:56.617117Z,KXXRP15M-26OCT042115-15,0.9200,36.93,yes
2026-10-05T01:13:56.880897Z,KXXRP15M-26OCT042115-15,0.9000,7.00,no
2026-10-05T01:13:56.880897Z,KXXRP15M-26OCT042115-15,0.9000,6.76,no
2026-10-05T01:13:56.880897Z,KXXRP15M-26OCT042115-15,0.9000,20.00,no
2026-10-05T01:13:56.880897Z,KXXRP15M-26OCT042115-15,0.8900,35.61,no
2026-10-05T01:13:56.890667Z,KXXRP15M-26OCT042115-15,0.8900,7.85,no
2026-10-05T01:13:56.97126Z,KXXRP15M-26OCT042115-15,0.9160,3.68,yes
2026-10-05T01:13:56.97126Z,KXXRP15M-26OCT042115-15,0.9160,1.00,yes
2026-10-05T01:13:57.030272Z,KXXRP15M-26OCT042115-15,0.8900,19.46,no
2026-10-05T01:13:57.030272Z,KXXRP15M-26OCT042115-15,0.8900,9.00,no
2026-10-05T01:13:57.030272Z,KXXRP15M-26OCT042115-15,0.8900,56.54,no
2026-10-05T01:13:57.094594Z,KXXRP15M-26OCT042115-15,0.8800,36.75,no
2026-10-05T01:13:57.094594Z,KXXRP15M-26OCT042115-15,0.8900,9.00,no
2026-10-05T01:13:57.094594Z,KXXRP15M-26OCT042115-15,0.8900,0.54,no
2026-10-05T01:13:57.281773Z,KXXRP15M-26OCT042115-15,0.9000,36.98,yes
2026-10-05T01:13:57.628755Z,KXXRP15M-26OCT042115-15,0.9000,2.40,yes
2026-10-05T01:13:57.632118Z,KXXRP15M-26OCT042115-15,0.9000,18.60,yes
2026-10-05T01:13:57.632118Z,KXXRP15M-26OCT042115-15,0.9130,4.00,yes
2026-10-05T01:13:57.632118Z,KXXRP15M-26OCT042115-15,0.9140,12.29,yes
2026-10-05T01:13:57.807339Z,KXXRP15M-26OCT042115-15,0.8800,33.80,no
2026-10-05T01:13:57.807339Z,KXXRP15M-26OCT042115-15,0.9000,1.00,no
2026-10-05T01:13:57.807339Z,KXXRP15M-26OCT042115-15,0.8900,20.00,no
2026-10-05T01:13:57.807339Z,KXXRP15M-26OCT042115-15,0.8900,9.00,no
2026-10-05T01:13:58.013479Z,KXXRP15M-26OCT042115-15,0.9120,48.05,yes
2026-10-05T01:13:58.013479Z,KXXRP15M-26OCT042115-15,0.9120,4.00,yes
2026-10-05T01:13:58.013479Z,KXXRP15M-26OCT042115-15,0.9110,2.00,yes
2026-10-05T01:13:58.21884Z,KXXRP15M-26OCT042115-15,0.8900,8.19,no
2026-10-05T01:13:58.21884Z,KXXRP15M-26OCT042115-15,0.9000,0.10,no
2026-10-05T01:13:58.25491Z,KXXRP15M-26OCT042115-15,0.9120,2.00,yes
2026-10-05T01:13:58.379452Z,KXXRP15M-26OCT042115-15,0.9100,3.00,yes
2026-10-05T01:13:58.423276Z,KXXRP15M-26OCT042115-15,0.9110,1.00,yes
2026-10-05T01:13:58.551364Z,KXXRP15M-26OCT042115-15,0.9000,7.00,no
2026-10-05T01:13:58.551364Z,KXXRP15M-26OCT042115-15,0.8900,9.42,no
2026-10-05T01:13:58.551364Z,KXXRP15M-26OCT042115-15,0.9000,5.00,no
2026-10-05T01:13:58.570371Z,KXXRP15M-26OCT042115-15,0.8800,29.45,no
2026-10-05T01:13:58.570371Z,KXXRP15M-26OCT042115-15,0.8800,400.00,no
2026-10-05T01:13:58.570371Z,KXXRP15M-26OCT042115-15,0.8800,7.50,no
2026-10-05T01:13:58.570371Z,KXXRP15M-26OCT042115-15,0.8900,2.39,no
2026-10-05T01:13:58.570371Z,KXXRP15M-26OCT042115-15,0.8900,28.00,no
2026-10-05T01:13:58.570371Z,KXXRP15M-26OCT042115-15,0.8900,9.00,no
2026-10-05T01:13:58.570371Z,KXXRP15M-26OCT042115-15,0.8700,5.75,no
2026-10-05T01:13:58.570371Z,KXXRP15M-26OCT042115-15,0.8700,0.86,no
2026-10-05T01:13:58.600463Z,KXXRP15M-26OCT042115-15,0.9120,1.64,yes
2026-10-05T01:13:58.610553Z,KXXRP15M-26OCT042115-15,0.9120,0.02,yes
2026-10-05T01:13:58.665918Z,KXXRP15M-26OCT042115-15,0.9150,1.00,yes
2026-10-05T01:13:58.715278Z,KXXRP15M-26OCT042115-15,0.8900,8.55,no
2026-10-05T01:13:58.77573Z,KXXRP15M-26OCT042115-15,0.9180,23.28,yes
2026-10-05T01:13:58.855021Z,KXXRP15M-26OCT042115-15,0.8900,0.45,no
2026-10-05T01:13:58.855021Z,KXXRP15M-26OCT042115-15,0.8900,8.55,no
2026-10-05T01:13:58.855021Z,KXXRP15M-26OCT042115-15,0.8900,20.00,no
2026-10-05T01:13:58.860456Z,KXXRP15M-26OCT042115-15,0.8700,5.00,no
2026-10-05T01:13:58.860477Z,KXXRP15M-26OCT042115-15,0.8700,2.50,no
2026-10-05T01:13:58.863733Z,KXXRP15M-26OCT042115-15,0.8600,1.00,no
2026-10-05T01:13:58.863733Z,KXXRP15M-26OCT042115-15,0.8600,7.50,no
2026-10-05T01:13:58.863733Z,KXXRP15M-26OCT042115-15,0.8600,20.00,no
2026-10-05T01:13:58.870009Z,KXXRP15M-26OCT042115-15,0.8600,0.50,no
2026-10-05T01:13:58.880217Z,KXXRP15M-26OCT042115-15,0.8200,18.00,no
2026-10-05T01:13:58.880217Z,KXXRP15M-26OCT042115-15,0.8300,20.00,no
2026-10-05T01:13:58.889594Z,KXXRP15M-26OCT042115-15,0.7800,20.00,no
2026-10-05T01:13:59.174872Z,KXXRP15M-26OCT042115-15,0.8600,3.17,no
2026-10-05T01:13:59.253203Z,KXXRP15M-26OCT042115-15,0.8600,5.62,no
2026-10-05T01:13:59.464808Z,KXXRP15M-26OCT042115-15,0.8800,2.00,yes
2026-10-05T01:13:59.566421Z,KXXRP15M-26OCT042115-15,0.8600,6.73,no
2026-10-05T01:13:59.610852Z,KXXRP15M-26OCT042115-15,0.9000,22.48,yes
2026-10-05T01:13:59.610852Z,KXXRP15M-26OCT042115-15,0.8800,5.00,yes
2026-10-05T01:13:59.610852Z,KXXRP15M-26OCT042115-15,0.8900,0.20,yes
2026-10-05T01:13:59.641066Z,KXXRP15M-26OCT042115-15,0.8600,5.44,no
2026-10-05T01:13:59.701093Z,KXXRP15M-26OCT042115-15,0.8600,0.33,no
2026-10-05T01:14:00.174528Z,KXXRP15M-26OCT042115-15,0.8700,15.00,yes
2026-10-05T01:14:00.228974Z,KXXRP15M-26OCT042115-15,0.8700,16.00,yes
2026-10-05T01:14:00.302446Z,KXXRP15M-26OCT042115-15,0.8700,15.00,yes
2026-10-05T01:14:00.302446Z,KXXRP15M-26OCT042115-15,0.8700,7.00,yes
2026-10-05T01:14:00.302446Z,KXXRP15M-26OCT042115-15,0.8700,7.50,yes
2026-10-05T01:14:00.302446Z,KXXRP15M-26OCT042115-15,0.8800,2.00,yes
2026-10-05T01:14:00.302446Z,KXXRP15M-26OCT042115-15,0.8900,28.50,yes
2026-10-05T01:14:00.327142Z,KXXRP15M-26OCT042115-15,0.8400,7.50,no
2026-10-05T01:14:00.327142Z,KXXRP15M-26OCT042115-15,0.8400,0.87,no
2026-10-05T01:14:00.613019Z,KXXRP15M-26OCT042115-15,0.8800,1.00,yes
2026-10-05T01:14:00.700378Z,KXXRP15M-26OCT042115-15,0.8800,3.76,yes
2026-10-05T01:14:00.739061Z,KXXRP15M-26OCT042115-15,0.8800,0.94,yes
2026-10-05T01:14:00.748193Z,KXXRP15M-26OCT042115-15,0.8600,5.55,no
2026-10-05T01:14:00.775944Z,KXXRP15M-26OCT042115-15,0.8700,1.00,yes
2026-10-05T01:14:00.820262Z,KXXRP15M-26OCT042115-15,0.8600,6.95,no
2026-10-05T01:14:00.859695Z,KXXRP15M-26OCT042115-15,0.8700,4.00,yes
2026-10-05T01:14:00.873372Z,KXXRP15M-26OCT042115-15,0.8600,6.59,no
2026-10-05T01:14:00.875139Z,KXXRP15M-26OCT042115-15,0.8700,10.00,yes
2026-10-05T01:14:01.006833Z,KXXRP15M-26OCT042115-15,0.8700,4.00,yes
2026-10-05T01:14:01.006833Z,KXXRP15M-26OCT042115-15,0.8700,15.00,yes
2026-10-05T01:14:01.032612Z,KXXRP15M-26OCT042115-15,0.8700,1.12,yes
2026-10-05T01:14:01.082315Z,KXXRP15M-26OCT042115-15,0.8600,1.00,no
2026-10-05T01:14:01.082315Z,KXXRP15M-26OCT042115-15,0.8600,0.74,no
2026-10-05T01:14:01.082315Z,KXXRP15M-26OCT042115-15,0.8600,12.67,no
2026-10-05T01:14:01.140985Z,KXXRP15M-26OCT042115-15,0.8700,8.00,yes
2026-10-05T01:14:01.562326Z,KXXRP15M-26OCT042115-15,0.8400,5.38,yes
2026-10-05T01:14:01.731327Z,KXXRP15M-26OCT042115-15,0.8300,61.15,no
2026-10-05T01:14:01.750192Z,KXXRP15M-26OCT042115-15,0.8300,32.95,no
2026-10-05T01:14:01.763505Z,KXXRP15M-26OCT042115-15,0.8300,33.35,no
2026-10-05T01:14:01.776224Z,KXXRP15M-26OCT042115-15,0.8300,263.10,no
2026-10-05T01:14:01.84286Z,KXXRP15M-26OCT042115-15,0.8400,5.82,yes
2026-10-05T01:14:02.024317Z,KXXRP15M-26OCT042115-15,0.8400,7.82,yes
2026-10-05T01:14:02.024317Z,KXXRP15M-26OCT042115-15,0.8400,22.18,yes
2026-10-05T01:14:02.194466Z,KXXRP15M-26OCT042115-15,0.8400,3.00,yes
2026-10-05T01:14:02.385158Z,KXXRP15M-26OCT042115-15,0.8100,26.00,no
2026-10-05T01:14:02.385158Z,KXXRP15M-26OCT042115-15,0.8100,7.00,no
2026-10-05T01:14:02.406252Z,KXXRP15M-26OCT042115-15,0.7900,64.00,yes
2026-10-05T01:14:02.485541Z,KXXRP15M-26OCT042115-15,0.8100,38.00,yes
2026-10-05T01:14:02.589019Z,KXXRP15M-26OCT042115-15,0.7100,40.00,no
2026-10-05T01:14:02.589019Z,KXXRP15M-26OCT042115-15,0.6900,2.00,no
2026-10-05T01:14:02.589019Z,KXXRP15M-26OCT042115-15,0.7400,15.00,no
2026-10-05T01:14:02.589019Z,KXXRP15M-26OCT042115-15,0.7500,3.55,no
2026-10-05T01:14:02.589019Z,KXXRP15M-26OCT042115-15,0.6800,1.00,no
2026-10-05T01:14:02.589019Z,KXXRP15M-26OCT042115-15,0.7400,8.00,no
2026-10-05T01:14:02.589019Z,KXXRP15M-26OCT042115-15,0.6700,1.00,no
2026-10-05T01:14:02.589019Z,KXXRP15M-26OCT042115-15,0.6800,20.00,no
2026-10-05T01:14:02.598346Z,KXXRP15M-26OCT042115-15,0.6200,10.00,yes
2026-10-05T01:14:02.606092Z,KXXRP15M-26OCT042115-15,0.5800,1.00,yes
2026-10-05T01:14:02.607107Z,KXXRP15M-26OCT042115-15,0.5800,199.00,yes
2026-10-05T01:14:02.62049Z,KXXRP15M-26OCT042115-15,0.5800,149.00,yes
2026-10-05T01:14:02.630772Z,KXXRP15M-26OCT042115-15,0.6100,0.23,yes
2026-10-05T01:14:02.675202Z,KXXRP15M-26OCT042115-15,0.5800,11.00,yes
2026-10-05T01:14:02.7526Z,KXXRP15M-26OCT042115-15,0.6300,10.00,yes
2026-10-05T01:14:02.760108Z,KXXRP15M-26OCT042115-15,0.6800,11.00,yes
2026-10-05T01:14:02.783637Z,KXXRP15M-26OCT042115-15,0.6600,120.00,no
2026-10-05T01:14:02.948944Z,KXXRP15M-26OCT042115-15,0.7000,15.00,yes
2026-10-05T01:14:02.948944Z,KXXRP15M-26OCT042115-15,0.7300,15.00,yes
2026-10-05T01:14:02.948944Z,KXXRP15M-26OCT042115-15,0.7500,39.00,yes
2026-10-05T01:14:02.948944Z,KXXRP15M-26OCT042115-15,0.7400,6.00,yes
2026-10-05T01:14:03.121594Z,KXXRP15M-26OCT042115-15,0.7000,14.05,no
2026-10-05T01:14:03.243774Z,KXXRP15M-26OCT042115-15,0.7000,7.00,no
2026-10-05T01:14:03.243774Z,KXXRP15M-26OCT042115-15,0.7000,17.00,no
2026-10-05T01:14:03.469539Z,KXXRP15M-26OCT042115-15,0.7100,50.90,yes
2026-10-05T01:14:03.493418Z,KXXRP15M-26OCT042115-15,0.7000,8.50,no
2026-10-05T01:14:03.622027Z,KXXRP15M-26OCT042115-15,0.7300,0.33,yes
2026-10-05T01:14:03.624547Z,KXXRP15M-26OCT042115-15,0.7000,25.98,no
2026-10-05T01:14:03.803248Z,KXXRP15M-26OCT042115-15,0.7400,1.65,yes
2026-10-05T01:14:03.806952Z,KXXRP15M-26OCT042115-15,0.7300,78.09,no
2026-10-05T01:14:03.854558Z,KXXRP15M-26OCT042115-15,0.7300,15.88,no
2026-10-05T01:14:04.007902Z,KXXRP15M-26OCT042115-15,0.7700,10.00,yes
2026-10-05T01:14:04.007902Z,KXXRP15M-26OCT042115-15,0.7600,31.00,yes
2026-10-05T01:14:04.007902Z,KXXRP15M-26OCT042115-15,0.7400,29.35,yes
2026-10-05T01:14:04.007902Z,KXXRP15M-26OCT042115-15,0.7700,6.00,yes
2026-10-05T01:14:04.007902Z,KXXRP15M-26OCT042115-15,0.7700,23.65,yes
2026-10-05T01:14:04.060255Z,KXXRP15M-26OCT042115-15,0.7700,53.16,yes
2026-10-05T01:14:04.115933Z,KXXRP15M-26OCT042115-15,0.7700,1.00,yes
2026-10-05T01:14:04.195164Z,KXXRP15M-26OCT042115-15,0.7700,5.27,yes
2026-10-05T01:14:04.328907Z,KXXRP15M-26OCT042115-15,0.7500,16.42,no
2026-10-05T01:14:04.472857Z,KXXRP15M-26OCT042115-15,0.7700,0.08,yes
2026-10-05T01:14:04.472857Z,KXXRP15M-26OCT042115-15,0.7700,16.92,yes
2026-10-05T01:14:04.707958Z,KXXRP15M-26OCT042115-15,0.7600,5.00,yes
2026-10-05T01:14:04.707958Z,KXXRP15M-26OCT042115-15,0.7800,6.36,yes
2026-10-05T01:14:04.707958Z,KXXRP15M-26OCT042115-15,0.7700,7.42,yes
2026-10-05T01:14:04.737655Z,KXXRP15M-26OCT042115-15,0.7500,37.00,no
2026-10-05T01:14:05.049484Z,KXXRP15M-26OCT042115-15,0.7700,17.21,yes
2026-10-05T01:14:05.08679Z,KXXRP15M-26OCT042115-15,0.7700,0.79,yes
2026-10-05T01:14:05.363668Z,KXXRP15M-26OCT042115-15,0.7800,100.00,no
2026-10-05T01:14:05.539069Z,KXXRP15M-26OCT042115-15,0.8000,19.00,yes
2026-10-05T01:14:05.539069Z,KXXRP15M-26OCT042115-15,0.7900,26.00,yes
2026-10-05T01:14:05.539069Z,KXXRP15M-26OCT042115-15,0.7900,7.50,yes
2026-10-05T01:14:05.539069Z,KXXRP15M-26OCT042115-15,0.7900,10.00,yes
2026-10-05T01:14:05.646567Z,KXXRP15M-26OCT042115-15,0.7800,21.55,no
2026-10-05T01:14:05.647165Z,KXXRP15M-26OCT042115-15,0.7800,11.57,no
2026-10-05T01:14:05.774722Z,KXXRP15M-26OCT042115-15,0.7800,4.12,no
2026-10-05T01:14:05.777548Z,KXXRP15M-26OCT042115-15,0.7800,4.12,no
2026-10-05T01:14:05.861813Z,KXXRP15M-26OCT042115-15,0.7800,107.75,no
2026-10-05T01:14:05.909255Z,KXXRP15M-26OCT042115-15,0.7800,0.45,no
2026-10-05T01:14:05.966276Z,KXXRP15M-26OCT042115-15,0.7800,1.56,no
2026-10-05T01:14:06.059453Z,KXXRP15M-26OCT042115-15,0.7900,7.50,yes
2026-10-05T01:14:06.059453Z,KXXRP15M-26OCT042115-15,0.8000,8.18,yes
2026-10-05T01:14:06.111114Z,KXXRP15M-26OCT042115-15,0.7900,1.00,yes
2026-10-05T01:14:06.126895Z,KXXRP15M-26OCT042115-15,0.8000,12.77,yes
2026-10-05T01:14:06.126895Z,KXXRP15M-26OCT042115-15,0.7900,6.50,yes
2026-10-05T01:14:06.126895Z,KXXRP15M-26OCT042115-15,0.7900,43.00,yes
2026-10-05T01:14:06.286714Z,KXXRP15M-26OCT042115-15,0.7800,76.25,no
2026-10-05T01:14:06.286714Z,KXXRP15M-26OCT042115-15,0.7900,57.00,no
2026-10-05T01:14:06.286714Z,KXXRP15M-26OCT042115-15,0.7900,8.00,no
2026-10-05T01:14:06.438042Z,KXXRP15M-26OCT042115-15,0.8200,10.00,yes
2026-10-05T01:14:06.438042Z,KXXRP15M-26OCT042115-15,0.8100,6.00,yes
2026-10-05T01:14:06.438042Z,KXXRP15M-26OCT042115-15,0.8300,200.00,yes
2026-10-05T01:14:06.438042Z,KXXRP15M-26OCT042115-15,0.8200,38.00,yes
2026-10-05T01:14:06.438042Z,KXXRP15M-26OCT042115-15,0.8200,21.00,yes
2026-10-05T01:14:06.438042Z,KXXRP15M-26OCT042115-15,0.8200,2.00,yes
2026-10-05T01:14:06.438042Z,KXXRP15M-26OCT042115-15,0.8100,20.00,yes
2026-10-05T01:14:06.438042Z,KXXRP15M-26OCT042115-15,0.8000,10.00,yes
2026-10-05T01:14:06.438042Z,KXXRP15M-26OCT042115-15,0.8000,7.50,yes
2026-10-05T01:14:06.438042Z,KXXRP15M-26OCT042115-15,0.8100,37.00,yes
2026-10-05T01:14:06.438042Z,KXXRP15M-26OCT042115-15,0.8400,241.16,yes
2026-10-05T01:14:06.448511Z,KXXRP15M-26OCT042115-15,0.8100,1.21,yes
2026-10-05T01:14:06.556515Z,KXXRP15M-26OCT042115-15,0.7800,5.55,no
2026-10-05T01:14:06.556515Z,KXXRP15M-26OCT042115-15,0.7900,8.00,no
2026-10-05T01:14:06.556515Z,KXXRP15M-26OCT042115-15,0.7900,8.00,no
2026-10-05T01:14:06.671324Z,KXXRP15M-26OCT042115-15,0.8100,5.33,yes
2026-10-05T01:14:06.852117Z,KXXRP15M-26OCT042115-15,0.8000,7.50,yes
2026-10-05T01:14:06.852117Z,KXXRP15M-26OCT042115-15,0.8000,6.00,yes
2026-10-05T01:14:06.852117Z,KXXRP15M-26OCT042115-15,0.8000,2.52,yes
2026-10-05T01:14:06.958678Z,KXXRP15M-26OCT042115-15,0.7800,2.15,no
2026-10-05T01:14:07.045247Z,KXXRP15M-26OCT042115-15,0.7800,59.00,no
2026-10-05T01:14:07.053356Z,KXXRP15M-26OCT042115-15,0.7700,19.00,no
2026-10-05T01:14:07.053356Z,KXXRP15M-26OCT042115-15,0.7700,21.00,no
2026-10-05T01:14:07.054165Z,KXXRP15M-26OCT042115-15,0.7600,24.00,no
2026-10-05T01:14:07.0728Z,KXXRP15M-26OCT042115-15,0.7400,1.00,no
2026-10-05T01:14:07.090591Z,KXXRP15M-26OCT042115-15,0.7500,1.00,yes
2026-10-05T01:14:07.221353Z,KXXRP15M-26OCT042115-15,0.7800,1.00,yes
2026-10-05T01:14:07.346436Z,KXXRP15M-26OCT042115-15,0.7600,84.80,no
2026-10-05T01:14:07.440382Z,KXXRP15M-26OCT042115-15,0.8000,10.00,yes
2026-10-05T01:14:07.440382Z,KXXRP15M-26OCT042115-15,0.8300,6.00,yes
2026-10-05T01:14:07.440382Z,KXXRP15M-26OCT042115-15,0.8400,23.00,yes
2026-10-05T01:14:07.440382Z,KXXRP15M-26OCT042115-15,0.8300,10.00,yes
2026-10-05T01:14:07.440382Z,KXXRP15M-26OCT042115-15,0.7900,65.00,yes
2026-10-05T01:14:07.440382Z,KXXRP15M-26OCT042115-15,0.8000,6.00,yes
2026-10-05T01:14:07.440382Z,KXXRP15M-26OCT042115-15,0.8400,11.49,yes
2026-10-05T01:14:07.440382Z,KXXRP15M-26OCT042115-15,0.8400,155.84,yes
2026-10-05T01:14:07.440382Z,KXXRP15M-26OCT042115-15,0.8400,15.00,yes
2026-10-05T01:14:07.567781Z,KXXRP15M-26OCT042115-15,0.7900,7.50,yes
2026-10-05T01:14:07.567781Z,KXXRP15M-26OCT042115-15,0.8000,13.93,yes
2026-10-05T01:14:08.100745Z,KXXRP15M-26OCT042115-15,0.8100,1.00,yes
2026-10-05T01:14:08.102567Z,KXXRP15M-26OCT042115-15,0.8100,1.48,yes
2026-10-05T01:14:08.103838Z,KXXRP15M-26OCT042115-15,0.8200,0.33,yes
2026-10-05T01:14:08.103838Z,KXXRP15M-26OCT042115-15,0.8100,9.52,yes
2026-10-05T01:14:08.359947Z,KXXRP15M-26OCT042115-15,0.8300,6.00,yes
2026-10-05T01:14:08.359947Z,KXXRP15M-26OCT042115-15,0.8300,5.69,yes
2026-10-05T01:14:08.401576Z,KXXRP15M-26OCT042115-15,0.8100,10.00,no
2026-10-05T01:14:08.401576Z,KXXRP15M-26OCT042115-15,0.8100,54.00,no
2026-10-05T01:14:08.401576Z,KXXRP15M-26OCT042115-15,0.8000,20.39,no
2026-10-05T01:14:08.401576Z,KXXRP15M-26OCT042115-15,0.8200,44.00,no
2026-10-05T01:14:08.401576Z,KXXRP15M-26OCT042115-15,0.8000,19.00,no
2026-10-05T01:14:08.401576Z,KXXRP15M-26OCT042115-15,0.8000,7.00,no
2026-10-05T01:14:08.401576Z,KXXRP15M-26OCT042115-15,0.8000,18.00,no
2026-10-05T01:14:08.432162Z,KXXRP15M-26OCT042115-15,0.8200,4.29,no
2026-10-05T01:14:08.518094Z,KXXRP15M-26OCT042115-15,0.8200,5.00,no
2026-10-05T01:14:08.620334Z,KXXRP15M-26OCT042115-15,0.8000,5.15,no
2026-10-05T01:14:08.620334Z,KXXRP15M-26OCT042115-15,0.8200,0.71,no
2026-10-05T01:14:08.620334Z,KXXRP15M-26OCT042115-15,0.8100,10.00,no
2026-10-05T01:14:08.620334Z,KXXRP15M-26OCT042115-15,0.8000,7.14,no
2026-10-05T01:14:08.68508Z,KXXRP15M-26OCT042115-15,0.8300,7.50,yes
2026-10-05T01:14:08.68508Z,KXXRP15M-26OCT042115-15,0.8300,2.50,yes
2026-10-05T01:14:08.761725Z,KXXRP15M-26OCT042115-15,0.8100,10.00,no
2026-10-05T01:14:08.761725Z,KXXRP15M-26OCT042115-15,0.8000,2.15,no
2026-10-05T01:14:08.761725Z,KXXRP15M-26OCT042115-15,0.8000,14.85,no
2026-10-05T01:14:08.768406Z,KXXRP15M-26OCT042115-15,0.8100,4.74,no
2026-10-05T01:14:08.971509Z,KXXRP15M-26OCT042115-15,0.8200,34.22,yes
2026-10-05T01:14:09.137041Z,KXXRP15M-26OCT042115-15,0.8200,1.47,yes
2026-10-05T01:14:09.282944Z,KXXRP15M-26OCT042115-15,0.8100,18.10,no
2026-10-05T01:14:09.282944Z,KXXRP15M-26OCT042115-15,0.8100,5.26,no
2026-10-05T01:14:09.466291Z,KXXRP15M-26OCT042115-15,0.8200,13.40,yes
2026-10-05T01:14:09.466291Z,KXXRP15M-26OCT042115-15,0.8200,2.00,yes
2026-10-05T01:14:09.466291Z,KXXRP15M-26OCT042115-15,0.8200,13.31,yes
2026-10-05T01:14:09.468748Z,KXXRP15M-26OCT042115-15,0.8200,20.00,yes
2026-10-05T01:14:09.468748Z,KXXRP15M-26OCT042115-15,0.8200,19.60,yes
2026-10-05T01:14:09.471761Z,KXXRP15M-26OCT042115-15,0.8300,4.31,yes
2026-10-05T01:14:09.471761Z,KXXRP15M-26OCT042115-15,0.8300,19.00,yes
2026-10-05T01:14:09.47391Z,KXXRP15M-26OCT042115-15,0.8400,15.00,yes
2026-10-05T01:14:09.47391Z,KXXRP15M-26OCT042115-15,0.8400,7.50,yes
2026-10-05T01:14:09.477075Z,KXXRP15M-26OCT042115-15,0.8600,6.00,yes
2026-10-05T01:14:09.477075Z,KXXRP15M-26OCT042115-15,0.8700,15.00,yes
2026-10-05T01:14:09.488472Z,KXXRP15M-26OCT042115-15,0.8600,25.00,yes
2026-10-05T01:14:09.488472Z,KXXRP15M-26OCT042115-15,0.8600,15.00,yes
2026-10-05T01:14:09.488472Z,KXXRP15M-26OCT042115-15,0.8700,12.00,yes
2026-10-05T01:14:09.488472Z,KXXRP15M-26OCT042115-15,0.8700,6.00,yes
2026-10-05T01:14:09.494584Z,KXXRP15M-26OCT042115-15,0.8700,15.00,yes
2026-10-05T01:14:09.502597Z,KXXRP15M-26OCT042115-15,0.8600,29.00,yes
2026-10-05T01:14:09.504293Z,KXXRP15M-26OCT042115-15,0.8700,27.00,yes
2026-10-05T01:14:09.504293Z,KXXRP15M-26OCT042115-15,0.8700,15.00,yes
2026-10-05T01:14:09.524817Z,KXXRP15M-26OCT042115-15,0.8700,25.24,yes
2026-10-05T01:14:09.678607Z,KXXRP15M-26OCT042115-15,0.8500,2.49,no
2026-10-05T01:14:10.071487Z,KXXRP15M-26OCT042115-15,0.8600,6.16,no
2026-10-05T01:14:10.108138Z,KXXRP15M-26OCT042115-15,0.8600,23.67,no
2026-10-05T01:14:10.13888Z,KXXRP15M-26OCT042115-15,0.8700,9.63,yes
2026-10-05T01:14:10.13888Z,KXXRP15M-26OCT042115-15,0.8700,1.76,yes
2026-10-05T01:14:10.148612Z,KXXRP15M-26OCT042115-15,0.8700,1.38,yes
2026-10-05T01:14:10.15194Z,KXXRP15M-26OCT042115-15,0.8600,25.16,no
2026-10-05T01:14:10.273978Z,KXXRP15M-26OCT042115-15,0.8700,2.00,no
2026-10-05T01:14:10.377035Z,KXXRP15M-26OCT042115-15,0.8800,36.00,no
2026-10-05T01:14:10.480518Z,KXXRP15M-26OCT042115-15,0.8800,188.59,no
2026-10-05T01:14:10.483719Z,KXXRP15M-26OCT042115-15,0.8800,22.00,no
2026-10-05T01:14:10.640066Z,KXXRP15M-26OCT042115-15,0.8900,22.29,yes
2026-10-05T01:14:10.715043Z,KXXRP15M-26OCT042115-15,0.8900,5.57,yes
2026-10-05T01:14:10.823622Z,KXXRP15M-26OCT042115-15,0.8800,2.06,yes
2026-10-05T01:14:11.048742Z,KXXRP15M-26OCT042115-15,0.8700,47.66,no
2026-10-05T01:14:11.048742Z,KXXRP15M-26OCT042115-15,0.8700,0.87,no
2026-10-05T01:14:11.048742Z,KXXRP15M-26OCT042115-15,0.8700,11.00,no
2026-10-05T01:14:11.120948Z,KXXRP15M-26OCT042115-15,0.8900,10.00,yes
2026-10-05T01:14:11.120948Z,KXXRP15M-26OCT042115-15,0.8900,3.14,yes
2026-10-05T01:14:11.120948Z,KXXRP15M-26OCT042115-15,0.8800,0.02,yes
2026-10-05T01:14:11.120948Z,KXXRP15M-26OCT042115-15,0.9000,30.84,yes
2026-10-05T01:14:11.120948Z,KXXRP15M-26OCT042115-15,0.8900,6.00,yes
2026-10-05T01:14:11.120948Z,KXXRP15M-26OCT042115-15,0.8900,28.00,yes
2026-10-05T01:14:11.120948Z,KXXRP15M-26OCT042115-15,0.9000,5.00,yes
2026-10-05T01:14:11.153151Z,KXXRP15M-26OCT042115-15,0.8900,1.35,yes
2026-10-05T01:14:11.264035Z,KXXRP15M-26OCT042115-15,0.8600,65.00,no
2026-10-05T01:14:11.264035Z,KXXRP15M-26OCT042115-15,0.8500,397.51,no
2026-10-05T01:14:11.264035Z,KXXRP15M-26OCT042115-15,0.8200,198.42,no
2026-10-05T01:14:11.264035Z,KXXRP15M-26OCT042115-15,0.8600,5.90,no
2026-10-05T01:14:11.264035Z,KXXRP15M-26OCT042115-15,0.8600,8.00,no
2026-10-05T01:14:11.264035Z,KXXRP15M-26OCT042115-15,0.8700,7.50,no
2026-10-05T01:14:11.264035Z,KXXRP15M-26OCT042115-15,0.8800,14.00,no
2026-10-05T01:14:11.264035Z,KXXRP15M-26OCT042115-15,0.8800,61.00,no
2026-10-05T01:14:11.264035Z,KXXRP15M-26OCT042115-15,0.8700,13.00,no
2026-10-05T01:14:11.264035Z,KXXRP15M-26OCT042115-15,0.8800,1.01,no
2026-10-05T01:14:11.264035Z,KXXRP15M-26OCT042115-15,0.8700,28.00,no
2026-10-05T01:14:11.264035Z,KXXRP15M-26OCT042115-15,0.8300,70.00,no
2026-10-05T01:14:11.504992Z,KXXRP15M-26OCT042115-15,0.8900,5.51,yes
2026-10-05T01:14:11.570428Z,KXXRP15M-26OCT042115-15,0.8900,3.14,yes
2026-10-05T01:14:11.570428Z,KXXRP15M-26OCT042115-15,0.8900,6.00,yes
2026-10-05T01:14:11.570428Z,KXXRP15M-26OCT042115-15,0.9000,42.86,yes
2026-10-05T01:14:11.609271Z,KXXRP15M-26OCT042115-15,0.8600,8.00,no
2026-10-05T01:14:11.609271Z,KXXRP15M-26OCT042115-15,0.8500,31.00,no
2026-10-05T01:14:11.609271Z,KXXRP15M-26OCT042115-15,0.8500,43.31,no
2026-10-05T01:14:11.609271Z,KXXRP15M-26OCT042115-15,0.8700,13.00,no
2026-10-05T01:14:11.609271Z,KXXRP15M-26OCT042115-15,0.8600,12.00,no
2026-10-05T01:14:11.767683Z,KXXRP15M-26OCT042115-15,0.8600,12.00,no
2026-10-05T01:14:11.767683Z,KXXRP15M-26OCT042115-15,0.8700,13.00,no
2026-10-05T01:14:11.767683Z,KXXRP15M-26OCT042115-15,0.8600,8.00,no
2026-10-05T01:14:11.767683Z,KXXRP15M-26OCT042115-15,0.8500,248.78,no
2026-10-05T01:14:11.772086Z,KXXRP15M-26OCT042115-15,0.8900,1.00,yes
2026-10-05T01:14:11.884528Z,KXXRP15M-26OCT042115-15,0.8700,7.25,no
2026-10-05T01:14:11.912707Z,KXXRP15M-26OCT042115-15,0.8900,1.09,yes
2026-10-05T01:14:11.926867Z,KXXRP15M-26OCT042115-15,0.8900,6.00,yes
2026-10-05T01:14:11.926867Z,KXXRP15M-26OCT042115-15,0.8900,9.58,yes
2026-10-05T01:14:11.926867Z,KXXRP15M-26OCT042115-15,0.8800,45.00,yes
2026-10-05T01:14:11.926867Z,KXXRP15M-26OCT042115-15,0.8900,49.91,yes
2026-10-05T01:14:12.051618Z,KXXRP15M-26OCT042115-15,0.8900,2.00,yes
2026-10-05T01:14:12.064795Z,KXXRP15M-26OCT042115-15,0.8900,2.00,yes
2026-10-05T01:14:12.064795Z,KXXRP15M-26OCT042115-15,0.8900,0.42,yes
2026-10-05T01:14:12.064795Z,KXXRP15M-26OCT042115-15,0.8900,4.00,yes
2026-10-05T01:14:12.064795Z,KXXRP15M-26OCT042115-15,0.9000,69.58,yes
2026-10-05T01:14:12.084575Z,KXXRP15M-26OCT042115-15,0.8600,0.89,no
2026-10-05T01:14:12.084575Z,KXXRP15M-26OCT042115-15,0.8700,5.75,no
2026-10-05T01:14:12.165608Z,KXXRP15M-26OCT042115-15,0.8800,7.00,no
2026-10-05T01:14:12.179337Z,KXXRP15M-26OCT042115-15,0.8900,1.35,yes
2026-10-05T01:14:12.298401Z,KXXRP15M-26OCT042115-15,0.8900,0.22,yes
2026-10-05T01:14:12.45279Z,KXXRP15M-26OCT042115-15,0.8800,7.00,no
2026-10-05T01:14:12.45279Z,KXXRP15M-26OCT042115-15,0.8600,0.68,no
2026-10-05T01:14:12.473441Z,KXXRP15M-26OCT042115-15,0.8900,6.00,yes
2026-10-05T01:14:12.473441Z,KXXRP15M-26OCT042115-15,0.8900,8.43,yes
2026-10-05T01:14:12.610899Z,KXXRP15M-26OCT042115-15,0.9000,102.86,yes
2026-10-05T01:14:12.675088Z,KXXRP15M-26OCT042115-15,0.9000,1.00,yes
2026-10-05T01:14:12.74257Z,KXXRP15M-26OCT042115-15,0.9100,27.53,yes
2026-10-05T01:14:12.74257Z,KXXRP15M-26OCT042115-15,0.9000,6.00,yes
2026-10-05T01:14:12.74257Z,KXXRP15M-26OCT042115-15,0.9090,5.00,yes
2026-10-05T01:14:12.74257Z,KXXRP15M-26OCT042115-15,0.9090,10.00,yes
2026-10-05T01:14:12.74257Z,KXXRP15M-26OCT042115-15,0.9000,7.50,yes
2026-10-05T01:14:12.74257Z,KXXRP15M-26OCT042115-15,0.9050,7.50,yes
2026-10-05T01:14:12.74257Z,KXXRP15M-26OCT042115-15,0.9000,152.86,yes
2026-10-05T01:14:12.858073Z,KXXRP15M-26OCT042115-15,0.9000,0.11,yes
2026-10-05T01:14:13.084968Z,KXXRP15M-26OCT042115-15,0.9000,1.00,yes
2026-10-05T01:14:13.101191Z,KXXRP15M-26OCT042115-15,0.9000,56.00,yes
2026-10-05T01:14:13.257223Z,KXXRP15M-26OCT042115-15,0.9000,1.34,yes
2026-10-05T01:14:13.296459Z,KXXRP15M-26OCT042115-15,0.8900,7.09,no
2026-10-05T01:14:13.50357Z,KXXRP15M-26OCT042115-15,0.8900,17.11,no
2026-10-05T01:14:13.61178Z,KXXRP15M-26OCT042115-15,0.8900,1.00,no
2026-10-05T01:14:13.673909Z,KXXRP15M-26OCT042115-15,0.9000,20.95,yes
2026-10-05T01:14:13.675943Z,KXXRP15M-26OCT042115-15,0.9000,1.10,yes
2026-10-05T01:14:13.708019Z,KXXRP15M-26OCT042115-15,0.8800,0.79,no
2026-10-05T01:14:13.708019Z,KXXRP15M-26OCT042115-15,0.8900,0.21,no
2026-10-05T01:14:13.708019Z,KXXRP15M-26OCT042115-15,0.8800,14.00,no
2026-10-05T01:14:13.751623Z,KXXRP15M-26OCT042115-15,0.9000,27.58,yes
2026-10-05T01:14:13.806423Z,KXXRP15M-26OCT042115-15,0.8900,9.00,no
2026-10-05T01:14:13.920187Z,KXXRP15M-26OCT042115-15,0.9000,0.01,no
2026-10-05T01:14:13.920187Z,KXXRP15M-26OCT042115-15,0.9000,1.45,no
2026-10-05T01:14:13.920187Z,KXXRP15M-26OCT042115-15,0.8900,0.54,no
2026-10-05T01:14:13.975895Z,KXXRP15M-26OCT042115-15,0.9100,15.00,yes
2026-10-05T01:14:13.975895Z,KXXRP15M-26OCT042115-15,0.9200,10.00,yes
2026-10-05T01:14:13.975895Z,KXXRP15M-26OCT042115-15,0.9200,5.00,yes
2026-10-05T01:14:13.975895Z,KXXRP15M-26OCT042115-15,0.9210,67.31,yes
2026-10-05T01:14:13.990676Z,KXXRP15M-26OCT042115-15,0.8900,10.00,no
2026-10-05T01:14:13.990676Z,KXXRP15M-26OCT042115-15,0.8900,0.01,no
2026-10-05T01:14:13.990676Z,KXXRP15M-26OCT042115-15,0.8900,5.46,no
2026-10-05T01:14:13.990676Z,KXXRP15M-26OCT042115-15,0.8800,0.20,no
2026-10-05T01:14:14.303624Z,KXXRP15M-26OCT042115-15,0.9000,17.00,no
2026-10-05T01:14:14.303624Z,KXXRP15M-26OCT042115-15,0.8900,23.00,no
2026-10-05T01:14:14.328998Z,KXXRP15M-26OCT042115-15,0.9000,16.96,no
2026-10-05T01:14:14.348323Z,KXXRP15M-26OCT042115-15,0.9000,2.52,no
2026-10-05T01:14:14.348323Z,KXXRP15M-26OCT042115-15,0.9000,0.04,no
2026-10-05T01:14:14.428833Z,KXXRP15M-26OCT042115-15,0.9000,7.22,no
2026-10-05T01:14:14.449926Z,KXXRP15M-26OCT042115-15,0.9000,1.19,no
2026-10-05T01:14:14.504752Z,KXXRP15M-26OCT042115-15,0.9010,3.73,no
2026-10-05T01:14:14.504752Z,KXXRP15M-26OCT042115-15,0.9180,3.76,no
2026-10-05T01:14:14.504752Z,KXXRP15M-26OCT042115-15,0.9180,3.51,no
2026-10-05T01:14:14.521165Z,KXXRP15M-26OCT042115-15,0.9190,27.88,yes
2026-10-05T01:14:14.584342Z,KXXRP15M-26OCT042115-15,0.9180,3.76,no
2026-10-05T01:14:14.584342Z,KXXRP15M-26OCT042115-15,0.9030,5.24,no
2026-10-05T01:14:14.64046Z,KXXRP15M-26OCT042115-15,0.9190,13.12,yes
2026-10-05T01:14:14.64046Z,KXXRP15M-26OCT042115-15,0.9190,2.84,yes
2026-10-05T01:14:14.693519Z,KXXRP15M-26OCT042115-15,0.9010,2.30,no
2026-10-05T01:14:14.761231Z,KXXRP15M-26OCT042115-15,0.9010,0.94,no
2026-10-05T01:14:14.823812Z,KXXRP15M-26OCT042115-15,0.9010,13.76,no
2026-10-05T01:14:14.823812Z,KXXRP15M-26OCT042115-15,0.9010,0.35,no
2026-10-05T01:14:14.864754Z,KXXRP15M-26OCT042115-15,0.9170,0.01,yes
2026-10-05T01:14:15.049888Z,KXXRP15M-26OCT042115-15,0.9160,2.15,yes
2026-10-05T01:14:15.069801Z,KXXRP15M-26OCT042115-15,0.9200,10.00,yes
2026-10-05T01:14:15.069801Z,KXXRP15M-26OCT042115-15,0.9200,5.00,yes
2026-10-05T01:14:15.069801Z,KXXRP15M-26OCT042115-15,0.9210,11.55,yes
2026-10-05T01:14:15.085959Z,KXXRP15M-26OCT042115-15,0.9000,8.25,no
2026-10-05T01:14:15.341582Z,KXXRP15M-26OCT042115-15,0.9210,2.00,yes
2026-10-05T01:14:15.404664Z,KXXRP15M-26OCT042115-15,0.9190,9.73,yes
2026-10-05T01:14:15.421128Z,KXXRP15M-26OCT042115-15,0.9000,40.00,no
2026-10-05T01:14:15.674536Z,KXXRP15M-26OCT042115-15,0.9000,0.56,no
2026-10-05T01:14:15.761859Z,KXXRP15M-26OCT042115-15,0.9000,11.00,no
2026-10-05T01:14:15.817783Z,KXXRP15M-26OCT042115-15,0.9190,0.37,yes
2026-10-05T01:14:15.817783Z,KXXRP15M-26OCT042115-15,0.9190,2.00,yes
2026-10-05T01:14:15.906336Z,KXXRP15M-26OCT042115-15,0.9000,18.55,no
2026-10-05T01:14:16.055148Z,KXXRP15M-26OCT042115-15,0.9000,10.71,no
2026-10-05T01:14:16.069927Z,KXXRP15M-26OCT042115-15,0.9000,1.34,yes
2026-10-05T01:14:16.077454Z,KXXRP15M-26OCT042115-15,0.8700,33.00,no
2026-10-05T01:14:16.077454Z,KXXRP15M-26OCT042115-15,0.8900,1.00,no
2026-10-05T01:14:16.077454Z,KXXRP15M-26OCT042115-15,0.8900,6.04,no
2026-10-05T01:14:16.077454Z,KXXRP15M-26OCT042115-15,0.8400,7.00,no
2026-10-05T01:14:16.07806Z,KXXRP15M-26OCT042115-15,0.8300,21.00,no
2026-10-05T01:14:16.07806Z,KXXRP15M-26OCT042115-15,0.8300,65.00,no
2026-10-05T01:14:16.098288Z,KXXRP15M-26OCT042115-15,0.8100,3.00,yes
2026-10-05T01:14:16.102271Z,KXXRP15M-26OCT042115-15,0.8100,154.00,yes
2026-10-05T01:14:16.162138Z,KXXRP15M-26OCT042115-15,0.7700,8.00,no
2026-10-05T01:14:16.162138Z,KXXRP15M-26OCT042115-15,0.8100,10.00,no
2026-10-05T01:14:16.162138Z,KXXRP15M-26OCT042115-15,0.7700,10.00,no
2026-10-05T01:14:16.162138Z,KXXRP15M-26OCT042115-15,0.7700,2.00,no
2026-10-05T01:14:16.162138Z,KXXRP15M-26OCT042115-15,0.8000,100.00,no
2026-10-05T01:14:16.240316Z,KXXRP15M-26OCT042115-15,0.7700,16.00,yes
2026-10-05T01:14:16.246216Z,KXXRP15M-26OCT042115-15,0.7700,1.08,yes
2026-10-05T01:14:16.362656Z,KXXRP15M-26OCT042115-15,0.8200,9.00,yes
2026-10-05T01:14:16.370431Z,KXXRP15M-26OCT042115-15,0.8100,2.00,yes
2026-10-05T01:14:16.423207Z,KXXRP15M-26OCT042115-15,0.8000,7.50,no
2026-10-05T01:14:16.423207Z,KXXRP15M-26OCT042115-15,0.8000,1.96,no
2026-10-05T01:14:16.42754Z,KXXRP15M-26OCT042115-15,0.8400,100.00,yes
2026-10-05T01:14:16.474252Z,KXXRP15M-26OCT042115-15,0.8400,5.00,yes
2026-10-05T01:14:16.541431Z,KXXRP15M-26OCT042115-15,0.8500,10.00,yes
2026-10-05T01:14:16.541431Z,KXXRP15M-26OCT042115-15,0.8300,71.00,yes
2026-10-05T01:14:16.541431Z,KXXRP15M-26OCT042115-15,0.8500,4.00,yes
2026-10-05T01:14:16.785646Z,KXXRP15M-26OCT042115-15,0.8400,2.00,yes
2026-10-05T01:14:16.993855Z,KXXRP15M-26OCT042115-15,0.8200,17.65,yes
2026-10-05T01:14:17.001413Z,KXXRP15M-26OCT042115-15,0.8200,154.00,yes
2026-10-05T01:14:17.045533Z,KXXRP15M-26OCT042115-15,0.7900,16.56,no
2026-10-05T01:14:17.045533Z,KXXRP15M-26OCT042115-15,0.8000,7.00,no
2026-10-05T01:14:17.045533Z,KXXRP15M-26OCT042115-15,0.8000,9.00,no
2026-10-05T01:14:17.045533Z,KXXRP15M-26OCT042115-15,0.8000,16.00,no
2026-10-05T01:14:17.102361Z,KXXRP15M-26OCT042115-15,0.8300,106.00,yes
2026-10-05T01:14:17.119956Z,KXXRP15M-26OCT042115-15,0.8300,19.10,yes
2026-10-05T01:14:17.170245Z,KXXRP15M-26OCT042115-15,0.7900,4.01,no
2026-10-05T01:14:17.193408Z,KXXRP15M-26OCT042115-15,0.8200,1.00,yes
2026-10-05T01:14:17.273596Z,KXXRP15M-26OCT042115-15,0.8200,25.00,yes
2026-10-05T01:14:17.273596Z,KXXRP15M-26OCT042115-15,0.8200,4.00,yes
2026-10-05T01:14:17.404366Z,KXXRP15M-26OCT042115-15,0.8400,10.00,yes
2026-10-05T01:14:17.42978Z,KXXRP15M-26OCT042115-15,0.8400,18.00,yes
2026-10-05T01:14:17.508352Z,KXXRP15M-26OCT042115-15,0.8200,1.65,no
2026-10-05T01:14:17.572705Z,KXXRP15M-26OCT042115-15,0.8600,2.33,yes
2026-10-05T01:14:17.57785Z,KXXRP15M-26OCT042115-15,0.8300,3.55,no
2026-10-05T01:14:17.621783Z,KXXRP15M-26OCT042115-15,0.8300,22.56,no
2026-10-05T01:14:17.623009Z,KXXRP15M-26OCT042115-15,0.8600,2.00,yes
2026-10-05T01:14:17.662916Z,KXXRP15M-26OCT042115-15,0.8600,43.75,yes
2026-10-05T01:14:17.839224Z,KXXRP15M-26OCT042115-15,0.8300,15.92,no
2026-10-05T01:14:17.987297Z,KXXRP15M-26OCT042115-15,0.8600,11.49,yes
2026-10-05T01:14:17.99691Z,KXXRP15M-26OCT042115-15,0.8600,28.51,yes
2026-10-05T01:14:18.151425Z,KXXRP15M-26OCT042115-15,0.8800,11.11,no
2026-10-05T01:14:18.187326Z,KXXRP15M-26OCT042115-15,0.8800,3.89,no
2026-10-05T01:14:18.480586Z,KXXRP15M-26OCT042115-15,0.8700,2.00,yes
2026-10-05T01:14:18.480586Z,KXXRP15M-26OCT042115-15,0.8900,19.64,yes
2026-10-05T01:14:18.487689Z,KXXRP15M-26OCT042115-15,0.8900,27.58,yes
2026-10-05T01:14:19.017884Z,KXXRP15M-26OCT042115-15,0.8900,6.00,no
2026-10-05T01:14:19.017884Z,KXXRP15M-26OCT042115-15,0.8900,37.92,no
2026-10-05T01:14:19.017884Z,KXXRP15M-26OCT042115-15,0.8900,10.00,no
2026-10-05T01:14:19.017884Z,KXXRP15M-26OCT042115-15,0.8900,9.00,no
2026-10-05T01:14:19.041784Z,KXXRP15M-26OCT042115-15,0.9000,22.06,yes
2026-10-05T01:14:19.07843Z,KXXRP15M-26OCT042115-15,0.9000,1.34,yes
2026-10-05T01:14:19.183352Z,KXXRP15M-26OCT042115-15,0.9000,10.60,yes
2026-10-05T01:14:19.20769Z,KXXRP15M-26OCT042115-15,0.9300,11.69,yes
2026-10-05T01:14:19.20769Z,KXXRP15M-26OCT042115-15,0.9500,37.88,yes
2026-10-05T01:14:19.20769Z,KXXRP15M-26OCT042115-15,0.9200,67.00,yes
2026-10-05T01:14:19.20769Z,KXXRP15M-26OCT042115-15,0.9080,34.00,yes
2026-10-05T01:14:19.20769Z,KXXRP15M-26OCT042115-15,0.9080,4.00,yes
2026-10-05T01:14:19.20769Z,KXXRP15M-26OCT042115-15,0.9090,34.00,yes
2026-10-05T01:14:19.20769Z,KXXRP15M-26OCT042115-15,0.9100,40.00,yes
2026-10-05T01:14:19.20769Z,KXXRP15M-26OCT042115-15,0.9240,29.00,yes
2026-10-05T01:14:19.20769Z,KXXRP15M-26OCT042115-15,0.9180,11.00,yes
2026-10-05T01:14:19.20769Z,KXXRP15M-26OCT042115-15,0.9190,15.00,yes
2026-10-05T01:14:19.20769Z,KXXRP15M-26OCT042115-15,0.9430,15.00,yes
2026-10-05T01:14:19.20769Z,KXXRP15M-26OCT042115-15,0.9430,40.00,yes
2026-10-05T01:14:19.20769Z,KXXRP15M-26OCT042115-15,0.9460,400.00,yes
2026-10-05T01:14:19.20769Z,KXXRP15M-26OCT042115-15,0.9210,319.14,yes
2026-10-05T01:14:19.516108Z,KXXRP15M-26OCT042115-15,0.9000,1.71,no
2026-10-05T01:14:19.629723Z,KXXRP15M-26OCT042115-15,0.9020,3.17,no
2026-10-05T01:14:19.773819Z,KXXRP15M-26OCT042115-15,0.9030,31.53,no
2026-10-05T01:14:19.773819Z,KXXRP15M-26OCT042115-15,0.9040,17.00,no
2026-10-05T01:14:19.773819Z,KXXRP15M-26OCT042115-15,0.9040,0.01,no
2026-10-05T01:14:19.907552Z,KXXRP15M-26OCT042115-15,0.9040,2.00,no
2026-10-05T01:14:19.912631Z,KXXRP15M-26OCT042115-15,0.9090,3.25,yes
2026-10-05T01:14:20.050999Z,KXXRP15M-26OCT042115-15,0.9040,2.99,no
2026-10-05T01:14:20.097869Z,KXXRP15M-26OCT042115-15,0.9080,95.00,yes
2026-10-05T01:14:20.097869Z,KXXRP15M-26OCT042115-15,0.9080,8.25,yes
2026-10-05T01:14:20.097869Z,KXXRP15M-26OCT042115-15,0.9080,4.00,yes
2026-10-05T01:14:20.102914Z,KXXRP15M-26OCT042115-15,0.9080,2.75,yes
2026-10-05T01:14:20.102914Z,KXXRP15M-26OCT042115-15,0.9160,134.86,yes
2026-10-05T01:14:20.102914Z,KXXRP15M-26OCT042115-15,0.9110,34.00,yes
2026-10-05T01:14:20.102914Z,KXXRP15M-26OCT042115-15,0.9150,15.00,yes
2026-10-05T01:14:20.102914Z,KXXRP15M-26OCT042115-15,0.9090,30.75,yes
2026-10-05T01:14:20.223554Z,KXXRP15M-26OCT042115-15,0.9060,12.01,no
2026-10-05T01:14:20.234997Z,KXXRP15M-26OCT042115-15,0.9050,6.00,no
2026-10-05T01:14:20.234997Z,KXXRP15M-26OCT042115-15,0.9060,4.99,no
2026-10-05T01:14:20.234997Z,KXXRP15M-26OCT042115-15,0.9060,12.00,no
2026-10-05T01:14:20.234997Z,KXXRP15M-26OCT042115-15,0.9040,1.01,no
2026-10-05T01:14:20.238615Z,KXXRP15M-26OCT042115-15,0.9030,1.00,no
2026-10-05T01:14:20.238615Z,KXXRP15M-26OCT042115-15,0.8900,11.99,no
2026-10-05T01:14:20.238615Z,KXXRP15M-26OCT042115-15,0.9040,11.00,no
2026-10-05T01:14:20.248255Z,KXXRP15M-26OCT042115-15,0.9040,17.00,no
2026-10-05T01:14:20.248255Z,KXXRP15M-26OCT042115-15,0.9050,17.00,no
2026-10-05T01:14:20.260119Z,KXXRP15M-26OCT042115-15,0.9040,17.00,no
2026-10-05T01:14:20.260119Z,KXXRP15M-26OCT042115-15,0.9050,17.00,no
2026-10-05T01:14:20.411675Z,KXXRP15M-26OCT042115-15,0.9000,3.61,no
2026-10-05T01:14:20.540439Z,KXXRP15M-26OCT042115-15,0.9130,4.00,yes
2026-10-05T01:14:20.540439Z,KXXRP15M-26OCT042115-15,0.9130,10.00,yes
2026-10-05T01:14:20.658259Z,KXXRP15M-26OCT042115-15,0.9130,10.00,yes
2026-10-05T01:14:20.658259Z,KXXRP15M-26OCT042115-15,0.9140,30.00,yes
2026-10-05T01:14:20.658259Z,KXXRP15M-26OCT042115-15,0.9130,4.00,yes
2026-10-05T01:14:20.84633Z,KXXRP15M-26OCT042115-15,0.9130,5.44,yes
2026-10-05T01:14:20.865683Z,KXXRP15M-26OCT042115-15,0.9130,4.56,yes
2026-10-05T01:14:21.167485Z,KXXRP15M-26OCT042115-15,0.9000,4.08,no
2026-10-05T01:14:21.185436Z,KXXRP15M-26OCT042115-15,0.9140,10.00,yes
2026-10-05T01:14:21.185436Z,KXXRP15M-26OCT042115-15,0.9110,4.00,yes
2026-10-05T01:14:21.185436Z,KXXRP15M-26OCT042115-15,0.9150,15.00,yes
2026-10-05T01:14:21.185436Z,KXXRP15M-26OCT042115-15,0.9160,79.64,yes
2026-10-05T01:14:21.293561Z,KXXRP15M-26OCT042115-15,0.9000,7.40,no
2026-10-05T01:14:21.293561Z,KXXRP15M-26OCT042115-15,0.9010,2.00,no
2026-10-05T01:14:21.320173Z,KXXRP15M-26OCT042115-15,0.9150,5.00,yes
2026-10-05T01:14:21.320173Z,KXXRP15M-26OCT042115-15,0.9150,10.00,yes
2026-10-05T01:14:21.320173Z,KXXRP15M-26OCT042115-15,0.9160,23.32,yes
2026-10-05T01:14:21.393001Z,KXXRP15M-26OCT042115-15,0.9160,2.17,yes
2026-10-05T01:14:21.643008Z,KXXRP15M-26OCT042115-15,0.9160,1.00,yes
2026-10-05T01:14:21.677236Z,KXXRP15M-26OCT042115-15,0.9160,159.01,yes
2026-10-05T01:14:21.677236Z,KXXRP15M-26OCT042115-15,0.9200,45.31,yes
2026-10-05T01:14:21.700547Z,KXXRP15M-26OCT042115-15,0.9160,45.30,yes
2026-10-05T01:14:21.725761Z,KXXRP15M-26OCT042115-15,0.9000,1.91,no
2026-10-05T01:14:21.725761Z,KXXRP15M-26OCT042115-15,0.9000,15.00,no
2026-10-05T01:14:21.725761Z,KXXRP15M-26OCT042115-15,0.9020,17.00,no
2026-10-05T01:14:21.746925Z,KXXRP15M-26OCT042115-15,0.9010,3.88,no
2026-10-05T01:14:21.752953Z,KXXRP15M-26OCT042115-15,0.9160,16.27,yes
2026-10-05T01:14:21.763499Z,KXXRP15M-26OCT042115-15,0.9160,265.49,yes
2026-10-05T01:14:21.796268Z,KXXRP15M-26OCT042115-15,0.9160,20.00,yes
2026-10-05T01:14:21.895163Z,KXXRP15M-26OCT042115-15,0.9160,0.97,yes
2026-10-05T01:14:21.956002Z,KXXRP15M-26OCT042115-15,0.9340,4.00,yes
2026-10-05T01:14:21.956002Z,KXXRP15M-26OCT042115-15,0.9280,1.00,yes
2026-10-05T01:14:21.956002Z,KXXRP15M-26OCT042115-15,0.9260,18.99,yes
2026-10-05T01:14:21.956002Z,KXXRP15M-26OCT042115-15,0.9160,51.97,yes
2026-10-05T01:14:21.956002Z,KXXRP15M-26OCT042115-15,0.9300,7.00,yes
2026-10-05T01:14:21.956002Z,KXXRP15M-26OCT042115-15,0.9200,2.00,yes
2026-10-05T01:14:21.956002Z,KXXRP15M-26OCT042115-15,0.9350,10.00,yes
2026-10-05T01:14:21.956002Z,KXXRP15M-26OCT042115-15,0.9360,15.00,yes
2026-10-05T01:14:21.956002Z,KXXRP15M-26OCT042115-15,0.9200,4.69,yes
2026-10-05T01:14:21.956002Z,KXXRP15M-26OCT042115-15,0.9390,109.34,yes
2026-10-05T01:14:21.959044Z,KXXRP15M-26OCT042115-15,0.9390,24.65,yes
2026-10-05T01:14:22.023988Z,KXXRP15M-26OCT042115-15,0.9020,2.52,no
2026-10-05T01:14:22.079242Z,KXXRP15M-26OCT042115-15,0.9270,1.05,yes
2026-10-05T01:14:22.154799Z,KXXRP15M-26OCT042115-15,0.9020,9.50,no
2026-10-05T01:14:22.27924Z,KXXRP15M-26OCT042115-15,0.9050,19.19,no
2026-10-05T01:14:22.449597Z,KXXRP15M-26OCT042115-15,0.9050,7.50,no
2026-10-05T01:14:22.449597Z,KXXRP15M-26OCT042115-15,0.9060,4.00,no
2026-10-05T01:14:22.449597Z,KXXRP15M-26OCT042115-15,0.9030,1.00,no
2026-10-05T01:14:22.449597Z,KXXRP15M-26OCT042115-15,0.9030,8.00,no
2026-10-05T01:14:22.449597Z,KXXRP15M-26OCT042115-15,0.9060,8.00,no
2026-10-05T01:14:22.449597Z,KXXRP15M-26OCT042115-15,0.9020,3.69,no
2026-10-05T01:14:22.449597Z,KXXRP15M-26OCT042115-15,0.9020,37.81,no
2026-10-05T01:14:22.470307Z,KXXRP15M-26OCT042115-15,0.9280,5.32,yes
2026-10-05T01:14:22.490251Z,KXXRP15M-26OCT042115-15,0.9060,8.19,no
2026-10-05T01:14:22.518683Z,KXXRP15M-26OCT042115-15,0.9280,5.36,yes
2026-10-05T01:14:22.575794Z,KXXRP15M-26OCT042115-15,0.9280,8.00,yes
2026-10-05T01:14:22.575794Z,KXXRP15M-26OCT042115-15,0.9310,1.00,yes
2026-10-05T01:14:22.575794Z,KXXRP15M-26OCT042115-15,0.9300,1.00,yes
2026-10-05T01:14:22.575794Z,KXXRP15M-26OCT042115-15,0.9360,4.00,yes
2026-10-05T01:14:22.575794Z,KXXRP15M-26OCT042115-15,0.9320,1.00,yes
2026-10-05T01:14:22.575794Z,KXXRP15M-26OCT042115-15,0.9370,4.41,yes
2026-10-05T01:14:22.575794Z,KXXRP15M-26OCT042115-15,0.9280,4.32,yes
2026-10-05T01:14:22.738071Z,KXXRP15M-26OCT042115-15,0.9030,12.00,no
2026-10-05T01:14:22.738071Z,KXXRP15M-26OCT042115-15,0.9040,8.00,no
2026-10-05T01:14:22.738071Z,KXXRP15M-26OCT042115-15,0.9010,9.00,no
2026-10-05T01:14:22.738071Z,KXXRP15M-26OCT042115-15,0.9020,2.00,no
2026-10-05T01:14:22.738071Z,KXXRP15M-26OCT042115-15,0.9010,183.52,no
2026-10-05T01:14:22.738071Z,KXXRP15M-26OCT042115-15,0.9030,1.00,no
2026-10-05T01:14:22.738071Z,KXXRP15M-26OCT042115-15,0.9040,2.81,no
2026-10-05T01:14:22.738071Z,KXXRP15M-26OCT042115-15,0.9020,4.29,no
2026-10-05T01:14:22.744668Z,KXXRP15M-26OCT042115-15,0.9050,0.48,no
2026-10-05T01:14:23.001488Z,KXXRP15M-26OCT042115-15,0.9300,8.00,yes
2026-10-05T01:14:23.001488Z,KXXRP15M-26OCT042115-15,0.9310,2.00,yes
2026-10-05T01:14:23.121032Z,KXXRP15M-26OCT042115-15,0.9340,0.74,yes
2026-10-05T01:14:23.277064Z,KXXRP15M-26OCT042115-15,0.9070,20.00,no
2026-10-05T01:14:23.277064Z,KXXRP15M-26OCT042115-15,0.9060,1.00,no
2026-10-05T01:14:23.317224Z,KXXRP15M-26OCT042115-15,0.9070,9.59,no
2026-10-05T01:14:23.322667Z,KXXRP15M-26OCT042115-15,0.9370,23.00,yes
2026-10-05T01:14:23.322667Z,KXXRP15M-26OCT042115-15,0.9340,4.00,yes
2026-10-05T01:14:23.322667Z,KXXRP15M-26OCT042115-15,0.9350,7.50,yes
2026-10-05T01:14:23.322667Z,KXXRP15M-26OCT042115-15,0.9530,40.00,yes
2026-10-05T01:14:23.322667Z,KXXRP15M-26OCT042115-15,0.9400,34.00,yes
2026-10-05T01:14:23.322667Z,KXXRP15M-26OCT042115-15,0.9490,400.00,yes
2026-10-05T01:14:23.322667Z,KXXRP15M-26OCT042115-15,0.9330,13.00,yes
2026-10-05T01:14:23.322667Z,KXXRP15M-26OCT042115-15,0.9390,34.00,yes
2026-10-05T01:14:23.322667Z,KXXRP15M-26OCT042115-15,0.9470,5.59,yes
2026-10-05T01:14:23.322667Z,KXXRP15M-26OCT042115-15,0.9400,1.00,yes
2026-10-05T01:14:23.322667Z,KXXRP15M-26OCT042115-15,0.9480,15.00,yes
2026-10-05T01:14:23.322667Z,KXXRP15M-26OCT042115-15,0.9500,62.12,yes
2026-10-05T01:14:23.322667Z,KXXRP15M-26OCT042115-15,0.9630,40.00,yes
2026-10-05T01:14:23.322667Z,KXXRP15M-26OCT042115-15,0.9600,1.00,yes
2026-10-05T01:14:23.322667Z,KXXRP15M-26OCT042115-15,0.9700,381.57,yes
2026-10-05T01:14:23.322667Z,KXXRP15M-26OCT042115-15,0.9700,12.00,yes
2026-10-05T01:14:23.322667Z,KXXRP15M-26OCT042115-15,0.9660,2.00,yes
2026-10-05T01:14:23.322667Z,KXXRP15M-26OCT042115-15,0.9700,1.00,yes
2026-10-05T01:14:23.322667Z,KXXRP15M-26OCT042115-15,0.9600,1.00,yes
2026-10-05T01:14:23.322667Z,KXXRP15M-26OCT042115-15,0.9660,1.00,yes
2026-10-05T01:14:23.322667Z,KXXRP15M-26OCT042115-15,0.9640,1.00,yes
2026-10-05T01:14:23.322667Z,KXXRP15M-26OCT042115-15,0.9620,1.00,yes
2026-10-05T01:14:23.322667Z,KXXRP15M-26OCT042115-15,0.9700,1.00,yes
2026-10-05T01:14:23.322667Z,KXXRP15M-26OCT042115-15,0.9680,1.00,yes
2026-10-05T01:14:23.322667Z,KXXRP15M-26OCT042115-15,0.9610,1.00,yes
2026-10-05T01:14:23.322667Z,KXXRP15M-26OCT042115-15,0.9650,1.00,yes
2026-10-05T01:14:23.322667Z,KXXRP15M-26OCT042115-15,0.9630,1.00,yes
2026-10-05T01:14:23.322667Z,KXXRP15M-26OCT042115-15,0.9670,1.00,yes
2026-10-05T01:14:23.322667Z,KXXRP15M-26OCT042115-15,0.9690,1.00,yes
2026-10-05T01:14:23.322667Z,KXXRP15M-26OCT042115-15,0.9680,60.00,yes
2026-10-05T01:14:23.322667Z,KXXRP15M-26OCT042115-15,0.9690,10.00,yes
2026-10-05T01:14:23.331712Z,KXXRP15M-26OCT042115-15,0.9360,4.00,yes
2026-10-05T01:14:23.331712Z,KXXRP15M-26OCT042115-15,0.9420,6.00,yes
2026-10-05T01:14:23.396014Z,KXXRP15M-26OCT042115-15,0.9410,34.00,yes
2026-10-05T01:14:23.396014Z,KXXRP15M-26OCT042115-15,0.9330,21.00,yes
2026-10-05T01:14:23.396014Z,KXXRP15M-26OCT042115-15,0.9420,5.00,yes
2026-10-05T01:14:23.706755Z,KXXRP15M-26OCT042115-15,0.9270,1.20,no
2026-10-05T01:14:23.720963Z,KXXRP15M-26OCT042115-15,0.9270,8.00,no
2026-10-05T01:14:23.724558Z,KXXRP15M-26OCT042115-15,0.9230,15.00,no
2026-10-05T01:14:23.724558Z,KXXRP15M-26OCT042115-15,0.9230,0.30,no
2026-10-05T01:14:23.724558Z,KXXRP15M-26OCT042115-15,0.9240,8.00,no
2026-10-05T01:14:23.724558Z,KXXRP15M-26OCT042115-15,0.9230,0.29,no
2026-10-05T01:14:23.724558Z,KXXRP15M-26OCT042115-15,0.9220,5.38,no
2026-10-05T01:14:23.724558Z,KXXRP15M-26OCT042115-15,0.9230,0.28,no
2026-10-05T01:14:23.724558Z,KXXRP15M-26OCT042115-15,0.9270,7.80,no
2026-10-05T01:14:23.724558Z,KXXRP15M-26OCT042115-15,0.9230,1.27,no
2026-10-05T01:14:23.724558Z,KXXRP15M-26OCT042115-15,0.9250,17.00,no
2026-10-05T01:14:23.724558Z,KXXRP15M-26OCT042115-15,0.9230,0.27,no
2026-10-05T01:14:23.724558Z,KXXRP15M-26OCT042115-15,0.9250,10.41,no
2026-10-05T01:14:23.831241Z,KXXRP15M-26OCT042115-15,0.9300,3.77,no
2026-10-05T01:14:23.859573Z,KXXRP15M-26OCT042115-15,0.9370,104.42,yes
2026-10-05T01:14:24.021559Z,KXXRP15M-26OCT042115-15,0.9400,14.32,yes
2026-10-05T01:14:24.095435Z,KXXRP15M-26OCT042115-15,0.9460,6.30,yes
2026-10-05T01:14:24.095435Z,KXXRP15M-26OCT042115-15,0.9400,19.68,yes
2026-10-05T01:14:24.113955Z,KXXRP15M-26OCT042115-15,0.9370,15.71,no
2026-10-05T01:14:24.244112Z,KXXRP15M-26OCT042115-15,0.9460,12.92,yes
2026-10-05T01:14:24.307925Z,KXXRP15M-26OCT042115-15,0.9460,1.37,yes
2026-10-05T01:14:24.340919Z,KXXRP15M-26OCT042115-15,0.9460,1.50,yes
2026-10-05T01:14:24.363265Z,KXXRP15M-26OCT042115-15,0.9460,0.02,yes
2026-10-05T01:14:24.418163Z,KXXRP15M-26OCT042115-15,0.9460,2.18,yes
2026-10-05T01:14:24.449309Z,KXXRP15M-26OCT042115-15,0.9430,25.79,no
2026-10-05T01:14:24.51428Z,KXXRP15M-26OCT042115-15,0.9430,14.89,no
2026-10-05T01:14:24.538239Z,KXXRP15M-26OCT042115-15,0.9430,109.00,no
2026-10-05T01:14:24.568Z,KXXRP15M-26OCT042115-15,0.9460,4.42,yes
2026-10-05T01:14:24.596922Z,KXXRP15M-26OCT042115-15,0.9430,69.00,no
2026-10-05T01:14:24.625507Z,KXXRP15M-26OCT042115-15,0.9430,44.07,no
2026-10-05T01:14:24.698508Z,KXXRP15M-26OCT042115-15,0.9460,9.00,yes
2026-10-05T01:14:24.747213Z,KXXRP15M-26OCT042115-15,0.9440,36.00,no
2026-10-05T01:14:24.785401Z,KXXRP15M-26OCT042115-15,0.9440,0.23,no
2026-10-05T01:14:24.785401Z,KXXRP15M-26OCT042115-15,0.9440,5.28,no
2026-10-05T01:14:24.802268Z,KXXRP15M-26OCT042115-15,0.9440,2.72,no
2026-10-05T01:14:24.802268Z,KXXRP15M-26OCT042115-15,0.9440,0.28,no
2026-10-05T01:14:24.808323Z,KXXRP15M-26OCT042115-15,0.9460,16.00,yes
2026-10-05T01:14:24.808323Z,KXXRP15M-26OCT042115-15,0.9480,27.00,yes
2026-10-05T01:14:24.809366Z,KXXRP15M-26OCT042115-15,0.9500,2.00,yes
2026-10-05T01:14:24.809366Z,KXXRP15M-26OCT042115-15,0.9480,7.00,yes
2026-10-05T01:14:24.809366Z,KXXRP15M-26OCT042115-15,0.9630,3.01,yes
2026-10-05T01:14:24.809366Z,KXXRP15M-26OCT042115-15,0.9610,6.00,yes
2026-10-05T01:14:24.809366Z,KXXRP15M-26OCT042115-15,0.9620,11.00,yes
2026-10-05T01:14:24.859681Z,KXXRP15M-26OCT042115-15,0.9430,11.06,no
2026-10-05T01:14:24.859681Z,KXXRP15M-26OCT042115-15,0.9440,2.72,no
2026-10-05T01:14:24.859681Z,KXXRP15M-26OCT042115-15,0.9440,5.28,no
2026-10-05T01:14:24.859681Z,KXXRP15M-26OCT042115-15,0.9440,0.85,no
2026-10-05T01:14:24.859681Z,KXXRP15M-26OCT042115-15,0.9440,13.00,no
2026-10-05T01:14:24.911984Z,KXXRP15M-26OCT042115-15,0.9610,34.00,yes
2026-10-05T01:14:24.911984Z,KXXRP15M-26OCT042115-15,0.9670,7.00,yes
2026-10-05T01:14:24.911984Z,KXXRP15M-26OCT042115-15,0.9600,34.00,yes
2026-10-05T01:14:24.911984Z,KXXRP15M-26OCT042115-15,0.9600,10.00,yes
2026-10-05T01:14:24.911984Z,KXXRP15M-26OCT042115-15,0.9680,12.01,yes
2026-10-05T01:14:24.911984Z,KXXRP15M-26OCT042115-15,0.9630,30.99,yes
2026-10-05T01:14:24.919282Z,KXXRP15M-26OCT042115-15,0.9680,5.01,yes
2026-10-05T01:14:24.919282Z,KXXRP15M-26OCT042115-15,0.9540,5.00,yes
2026-10-05T01:14:24.919282Z,KXXRP15M-26OCT042115-15,0.9670,7.00,yes
2026-10-05T01:14:24.919282Z,KXXRP15M-26OCT042115-15,0.9670,34.00,yes
2026-10-05T01:14:24.919282Z,KXXRP15M-26OCT042115-15,0.9680,34.00,yes
2026-10-05T01:14:24.919282Z,KXXRP15M-26OCT042115-15,0.9680,8.99,yes
2026-10-05T01:14:24.919282Z,KXXRP15M-26OCT042115-15,0.9680,5.00,yes
2026-10-05T01:14:24.919461Z,KXXRP15M-26OCT042115-15,0.9680,28.99,yes
2026-10-05T01:14:24.919461Z,KXXRP15M-26OCT042115-15,0.9700,12.01,yes
2026-10-05T01:14:24.919461Z,KXXRP15M-26OCT042115-15,0.9700,33.00,yes
2026-10-05T01:14:24.919461Z,KXXRP15M-26OCT042115-15,0.9700,15.00,yes
2026-10-05T01:14:24.919668Z,KXXRP15M-26OCT042115-15,0.9700,2.46,yes
2026-10-05T01:14:24.919668Z,KXXRP15M-26OCT042115-15,0.9700,71.54,yes
2026-10-05T01:14:24.919668Z,KXXRP15M-26OCT042115-15,0.9700,25.00,yes
2026-10-05T01:14:24.949508Z,KXXRP15M-26OCT042115-15,0.9600,2.01,yes
2026-10-05T01:14:24.949508Z,KXXRP15M-26OCT042115-15,0.9540,5.00,yes
2026-10-05T01:14:24.949508Z,KXXRP15M-26OCT042115-15,0.9550,5.00,yes
2026-10-05T01:14:24.978248Z,KXXRP15M-26OCT042115-15,0.9580,5.00,yes
2026-10-05T01:14:24.978248Z,KXXRP15M-26OCT042115-15,0.9590,1.00,yes
2026-10-05T01:14:24.979241Z,KXXRP15M-26OCT042115-15,0.9450,61.47,no
2026-10-05T01:14:24.983199Z,KXXRP15M-26OCT042115-15,0.9590,4.00,yes
2026-10-05T01:14:25.047767Z,KXXRP15M-26OCT042115-15,0.9620,5.00,yes
2026-10-05T01:14:25.047767Z,KXXRP15M-26OCT042115-15,0.9610,5.00,yes
2026-10-05T01:14:25.064632Z,KXXRP15M-26OCT042115-15,0.9690,0.16,yes
2026-10-05T01:14:25.064632Z,KXXRP15M-26OCT042115-15,0.9620,5.00,yes
2026-10-05T01:14:25.064632Z,KXXRP15M-26OCT042115-15,0.9630,5.00,yes
2026-10-05T01:14:25.065577Z,KXXRP15M-26OCT042115-15,0.9690,1.26,yes
2026-10-05T01:14:25.077339Z,KXXRP15M-26OCT042115-15,0.9690,1.42,yes
2026-10-05T01:14:25.077339Z,KXXRP15M-26OCT042115-15,0.9700,128.46,yes
2026-10-05T01:14:25.077339Z,KXXRP15M-26OCT042115-15,0.9710,1.00,yes
2026-10-05T01:14:25.077339Z,KXXRP15M-26OCT042115-15,0.9730,1.00,yes
2026-10-05T01:14:25.077339Z,KXXRP15M-26OCT042115-15,0.9740,1.00,yes
2026-10-05T01:14:25.077339Z,KXXRP15M-26OCT042115-15,0.9720,1.00,yes
2026-10-05T01:14:25.077339Z,KXXRP15M-26OCT042115-15,0.9750,1.00,yes
2026-10-05T01:14:25.156941Z,KXXRP15M-26OCT042115-15,0.9780,1.00,yes
2026-10-05T01:14:25.156941Z,KXXRP15M-26OCT042115-15,0.9680,5.00,yes
2026-10-05T01:14:25.156941Z,KXXRP15M-26OCT042115-15,0.9760,4.00,yes
2026-10-05T01:14:25.175265Z,KXXRP15M-26OCT042115-15,0.9680,5.00,yes
2026-10-05T01:14:25.175265Z,KXXRP15M-26OCT042115-15,0.9780,6.00,yes
2026-10-05T01:14:25.175265Z,KXXRP15M-26OCT042115-15,0.9790,1.00,yes
2026-10-05T01:14:25.175265Z,KXXRP15M-26OCT042115-15,0.9790,5.00,yes
2026-10-05T01:14:25.193087Z,KXXRP15M-26OCT042115-15,0.9620,12.00,no
2026-10-05T01:14:25.193087Z,KXXRP15M-26OCT042115-15,0.9600,4.99,no
2026-10-05T01:14:25.193087Z,KXXRP15M-26OCT042115-15,0.9620,0.01,no
2026-10-05T01:14:25.193087Z,KXXRP15M-26OCT042115-15,0.9600,23.00,no
2026-10-05T01:14:25.193087Z,KXXRP15M-26OCT042115-15,0.9620,9.00,no
2026-10-05T01:14:25.193087Z,KXXRP15M-26OCT042115-15,0.9710,5.00,no
2026-10-05T01:14:25.222057Z,KXXRP15M-26OCT042115-15,0.9630,5.00,yes
2026-10-05T01:14:25.252496Z,KXXRP15M-26OCT042115-15,0.9680,2.01,yes
2026-10-05T01:14:25.252496Z,KXXRP15M-26OCT042115-15,0.9620,5.00,yes
2026-10-05T01:14:25.252496Z,KXXRP15M-26OCT042115-15,0.9680,3.16,yes
2026-10-05T01:14:25.302404Z,KXXRP15M-26OCT042115-15,0.9600,10.26,no
2026-10-05T01:14:25.302404Z,KXXRP15M-26OCT042115-15,0.9610,17.00,no
2026-10-05T01:14:25.324587Z,KXXRP15M-26OCT042115-15,0.9800,0.94,yes
2026-10-05T01:14:25.324587Z,KXXRP15M-26OCT042115-15,0.9850,0.34,yes
2026-10-05T01:14:25.324587Z,KXXRP15M-26OCT042115-15,0.9630,5.00,yes
2026-10-05T01:14:25.324587Z,KXXRP15M-26OCT042115-15,0.9680,0.84,yes
2026-10-05T01:14:25.324587Z,KXXRP15M-26OCT042115-15,0.9800,7.50,yes
2026-10-05T01:14:25.324587Z,KXXRP15M-26OCT042115-15,0.9790,5.00,yes
2026-10-05T01:14:25.324587Z,KXXRP15M-26OCT042115-15,0.9800,12.00,yes
2026-10-05T01:14:25.324587Z,KXXRP15M-26OCT042115-15,0.9800,1.00,yes
2026-10-05T01:14:25.324587Z,KXXRP15M-26OCT042115-15,0.9830,1.00,yes
2026-10-05T01:14:25.324587Z,KXXRP15M-26OCT042115-15,0.9850,1.00,yes
2026-10-05T01:14:25.324587Z,KXXRP15M-26OCT042115-15,0.9840,1.00,yes
2026-10-05T01:14:25.380203Z,KXXRP15M-26OCT042115-15,0.9620,9.00,no
2026-10-05T01:14:25.407514Z,KXXRP15M-26OCT042115-15,0.9680,0.09,yes
2026-10-05T01:14:25.407514Z,KXXRP15M-26OCT042115-15,0.9680,4.99,yes
2026-10-05T01:14:25.503486Z,KXXRP15M-26OCT042115-15,0.9680,1.03,yes
2026-10-05T01:14:25.587579Z,KXXRP15M-26OCT042115-15,0.9680,2.00,yes
2026-10-05T01:14:25.623461Z,KXXRP15M-26OCT042115-15,0.9680,5.00,yes
2026-10-05T01:14:25.675198Z,KXXRP15M-26OCT042115-15,0.9680,4.00,yes
2026-10-05T01:14:25.805428Z,KXXRP15M-26OCT042115-15,0.9680,10.00,yes
2026-10-05T01:14:25.831595Z,KXXRP15M-26OCT042115-15,0.9680,0.88,yes
2026-10-05T01:14:25.831595Z,KXXRP15M-26OCT042115-15,0.9680,5.28,yes
2026-10-05T01:14:25.844439Z,KXXRP15M-26OCT042115-15,0.9900,21.64,yes
2026-10-05T01:14:25.844439Z,KXXRP15M-26OCT042115-15,0.9820,12.66,yes
2026-10-05T01:14:25.844439Z,KXXRP15M-26OCT042115-15,0.9800,0.01,yes
2026-10-05T01:14:25.844439Z,KXXRP15M-26OCT042115-15,0.9690,5.00,yes
2026-10-05T01:14:25.844439Z,KXXRP15M-26OCT042115-15,0.9830,18.00,yes
2026-10-05T01:14:25.844439Z,KXXRP15M-26OCT042115-15,0.9810,6.00,yes
2026-10-05T01:14:25.844439Z,KXXRP15M-26OCT042115-15,0.9680,5.00,yes
2026-10-05T01:14:25.844439Z,KXXRP15M-26OCT042115-15,0.9850,7.50,yes
2026-10-05T01:14:25.844439Z,KXXRP15M-26OCT042115-15,0.9680,4.98,yes
2026-10-05T01:14:25.844439Z,KXXRP15M-26OCT042115-15,0.9900,100.00,yes
2026-10-05T01:14:25.844439Z,KXXRP15M-26OCT042115-15,0.9900,144.12,yes
2026-10-05T01:14:25.844439Z,KXXRP15M-26OCT042115-15,0.9900,3.49,yes
2026-10-05T01:14:25.844439Z,KXXRP15M-26OCT042115-15,0.9900,400.00,yes
2026-10-05T01:14:25.844439Z,KXXRP15M-26OCT042115-15,0.9900,1.22,yes
2026-10-05T01:14:25.844439Z,KXXRP15M-26OCT042115-15,0.9900,5.17,yes
2026-10-05T01:14:25.844439Z,KXXRP15M-26OCT042115-15,0.9900,2.13,yes
2026-10-05T01:14:25.844439Z,KXXRP15M-26OCT042115-15,0.9960,1.00,yes
2026-10-05T01:14:25.844439Z,KXXRP15M-26OCT042115-15,0.9960,1.00,yes
2026-10-05T01:14:25.844439Z,KXXRP15M-26OCT042115-15,0.9890,1.00,yes
2026-10-05T01:14:25.844439Z,KXXRP15M-26OCT042115-15,0.9960,1.00,yes
2026-10-05T01:14:25.844439Z,KXXRP15M-26OCT042115-15,0.9960,1.00,yes
2026-10-05T01:14:25.844439Z,KXXRP15M-26OCT042115-15,0.9960,13.00,yes
2026-10-05T01:14:25.844439Z,KXXRP15M-26OCT042115-15,0.9950,11.00,yes
2026-10-05T01:14:25.844439Z,KXXRP15M-26OCT042115-15,0.9960,1.00,yes
2026-10-05T01:14:25.844439Z,KXXRP15M-26OCT042115-15,0.9900,4.91,yes
2026-10-05T01:14:25.844439Z,KXXRP15M-26OCT042115-15,0.9900,8.08,yes
2026-10-05T01:14:25.844439Z,KXXRP15M-26OCT042115-15,0.9900,5.62,yes
2026-10-05T01:14:25.844439Z,KXXRP15M-26OCT042115-15,0.9890,1.00,yes
2026-10-05T01:14:25.844439Z,KXXRP15M-26OCT042115-15,0.9900,2.00,yes
2026-10-05T01:14:25.844439Z,KXXRP15M-26OCT042115-15,0.9900,5.31,yes
2026-10-05T01:14:25.844439Z,KXXRP15M-26OCT042115-15,0.9860,8.00,yes
2026-10-05T01:14:25.844439Z,KXXRP15M-26OCT042115-15,0.9870,1.00,yes
2026-10-05T01:14:25.844439Z,KXXRP15M-26OCT042115-15,0.9890,1.00,yes
2026-10-05T01:14:25.844439Z,KXXRP15M-26OCT042115-15,0.9880,1.00,yes
2026-10-05T01:14:25.844439Z,KXXRP15M-26OCT042115-15,0.9900,1.00,yes
2026-10-05T01:14:25.844439Z,KXXRP15M-26OCT042115-15,0.9860,1.00,yes
2026-10-05T01:14:25.844439Z,KXXRP15M-26OCT042115-15,0.9870,287.00,yes
2026-10-05T01:14:25.844439Z,KXXRP15M-26OCT042115-15,0.9890,20.00,yes
2026-10-05T01:14:25.844439Z,KXXRP15M-26OCT042115-15,0.9970,283.16,yes
2026-10-05T01:14:25.844439Z,KXXRP15M-26OCT042115-15,0.9930,1.00,yes
2026-10-05T01:14:25.844439Z,KXXRP15M-26OCT042115-15,0.9940,1.00,yes
2026-10-05T01:14:25.844439Z,KXXRP15M-26OCT042115-15,0.9910,1.00,yes
2026-10-05T01:14:25.844439Z,KXXRP15M-26OCT042115-15,0.9960,1.00,yes
2026-10-05T01:14:25.844439Z,KXXRP15M-26OCT042115-15,0.9920,1.00,yes
2026-10-05T01:14:25.844439Z,KXXRP15M-26OCT042115-15,0.9950,1.00,yes
2026-10-05T01:14:25.844439Z,KXXRP15M-26OCT042115-15,0.9890,10.00,yes
2026-10-05T01:14:25.844439Z,KXXRP15M-26OCT042115-15,0.9890,2.00,yes
2026-10-05T01:14:25.844439Z,KXXRP15M-26OCT042115-15,0.9890,2.00,yes
2026-10-05T01:14:25.844439Z,KXXRP15M-26OCT042115-15,0.9890,1.00,yes
2026-10-05T01:14:25.844439Z,KXXRP15M-26OCT042115-15,0.9890,100.00,yes
2026-10-05T01:14:25.844439Z,KXXRP15M-26OCT042115-15,0.9890,20.00,yes
2026-10-05T01:14:25.844439Z,KXXRP15M-26OCT042115-15,0.9890,1.00,yes
2026-10-05T01:14:25.875141Z,KXXRP15M-26OCT042115-15,0.9920,4.00,no
2026-10-05T01:14:25.896502Z,KXXRP15M-26OCT042115-15,0.9920,1.00,no
2026-10-05T01:14:25.958832Z,KXXRP15M-26OCT042115-15,0.9810,1.00,no
2026-10-05T01:14:25.958832Z,KXXRP15M-26OCT042115-15,0.9920,20.00,no
2026-10-05T01:14:26.048751Z,KXXRP15M-26OCT042115-15,0.9920,3.00,no
2026-10-05T01:14:26.124357Z,KXXRP15M-26OCT042115-15,0.9930,0.01,yes
2026-10-05T01:14:26.338167Z,KXXRP15M-26OCT042115-15,0.9920,8.00,no
2026-10-05T01:14:26.341858Z,KXXRP15M-26OCT042115-15,0.9930,1.40,yes
2026-10-05T01:14:26.341858Z,KXXRP15M-26OCT042115-15,0.9930,4.99,yes
2026-10-05T01:14:26.388917Z,KXXRP15M-26OCT042115-15,0.9840,113.65,no
2026-10-05T01:14:26.388917Z,KXXRP15M-26OCT042115-15,0.9880,3.00,no
2026-10-05T01:14:26.388917Z,KXXRP15M-26OCT042115-15,0.9920,32.00,no
2026-10-05T01:14:26.388917Z,KXXRP15M-26OCT042115-15,0.9840,17.00,no
2026-10-05T01:14:26.388917Z,KXXRP15M-26OCT042115-15,0.9870,4.00,no
2026-10-05T01:14:26.388917Z,KXXRP15M-26OCT042115-15,0.9850,13.00,no
2026-10-05T01:14:26.388917Z,KXXRP15M-26OCT042115-15,0.9860,10.00,no
2026-10-05T01:14:26.593231Z,KXXRP15M-26OCT042115-15,0.9850,1.64,no
2026-10-05T01:14:26.593231Z,KXXRP15M-26OCT042115-15,0.9890,6.00,no
2026-10-05T01:14:26.593231Z,KXXRP15M-26OCT042115-15,0.9900,17.00,no
2026-10-05T01:14:26.593231Z,KXXRP15M-26OCT042115-15,0.9880,3.00,no
2026-10-05T01:14:26.593231Z,KXXRP15M-26OCT042115-15,0.9880,17.00,no
2026-10-05T01:14:26.593231Z,KXXRP15M-26OCT042115-15,0.9900,6.33,no
2026-10-05T01:14:26.62455Z,KXXRP15M-26OCT042115-15,0.9900,6.55,no
2026-10-05T01:14:26.633725Z,KXXRP15M-26OCT042115-15,0.9900,10.45,no
2026-10-05T01:14:26.633725Z,KXXRP15M-26OCT042115-15,0.9900,2.11,no
2026-10-05T01:14:26.633725Z,KXXRP15M-26OCT042115-15,0.9890,8.39,no
2026-10-05T01:14:26.675837Z,KXXRP15M-26OCT042115-15,0.9890,15.00,no
2026-10-05T01:14:26.675837Z,KXXRP15M-26OCT042115-15,0.9890,8.61,no
2026-10-05T01:14:26.675837Z,KXXRP15M-26OCT042115-15,0.9880,113.45,no
2026-10-05T01:14:26.693537Z,KXXRP15M-26OCT042115-15,0.9900,2.00,yes
2026-10-05T01:14:26.707826Z,KXXRP15M-26OCT042115-15,0.9880,28.00,no
2026-10-05T01:14:26.707826Z,KXXRP15M-26OCT042115-15,0.9890,17.00,no
2026-10-05T01:14:26.739923Z,KXXRP15M-26OCT042115-15,0.9880,100.00,no
2026-10-05T01:14:26.859482Z,KXXRP15M-26OCT042115-15,0.9890,5.00,yes
2026-10-05T01:14:26.859482Z,KXXRP15M-26OCT042115-15,0.9890,5.00,yes
2026-10-05T01:14:26.995828Z,KXXRP15M-26OCT042115-15,0.9880,1.10,no
2026-10-05T01:14:27.16481Z,KXXRP15M-26OCT042115-15,0.9880,34.22,no
2026-10-05T01:14:27.165107Z,KXXRP15M-26OCT042115-15,0.9890,89.00,yes
2026-10-05T01:14:27.165107Z,KXXRP15M-26OCT042115-15,0.9890,1.00,yes
2026-10-05T01:14:27.165107Z,KXXRP15M-26OCT042115-15,0.9890,10.00,yes
2026-10-05T01:14:27.207647Z,KXXRP15M-26OCT042115-15,0.9890,100.00,yes
2026-10-05T01:14:27.254673Z,KXXRP15M-26OCT042115-15,0.9900,3.00,yes
2026-10-05T01:14:27.254673Z,KXXRP15M-26OCT042115-15,0.9890,5.00,yes
2026-10-05T01:14:27.254673Z,KXXRP15M-26OCT042115-15,0.9900,186.00,yes
2026-10-05T01:14:27.254673Z,KXXRP15M-26OCT042115-15,0.9900,350.00,yes
2026-10-05T01:14:27.254673Z,KXXRP15M-26OCT042115-15,0.9890,1.00,yes
2026-10-05T01:14:27.254673Z,KXXRP15M-26OCT042115-15,0.9910,3.00,yes
2026-10-05T01:14:27.254673Z,KXXRP15M-26OCT042115-15,0.9890,10.00,yes
2026-10-05T01:14:27.283352Z,KXXRP15M-26OCT042115-15,0.9970,40.00,yes
2026-10-05T01:14:27.283352Z,KXXRP15M-26OCT042115-15,0.9940,8.00,yes
2026-10-05T01:14:27.283352Z,KXXRP15M-26OCT042115-15,0.9930,4.00,yes
2026-10-05T01:14:27.283352Z,KXXRP15M-26OCT042115-15,0.9930,15.00,yes
2026-10-05T01:14:27.283352Z,KXXRP15M-26OCT042115-15,0.9920,5.00,yes
2026-10-05T01:14:27.283352Z,KXXRP15M-26OCT042115-15,0.9920,4.00,yes
2026-10-05T01:14:27.283352Z,KXXRP15M-26OCT042115-15,0.9930,5.00,yes
2026-10-05T01:14:27.283352Z,KXXRP15M-26OCT042115-15,0.9960,7.00,yes
2026-10-05T01:14:27.283352Z,KXXRP15M-26OCT042115-15,0.9940,79.00,yes
2026-10-05T01:14:27.283352Z,KXXRP15M-26OCT042115-15,0.9970,298.61,yes
2026-10-05T01:14:27.283352Z,KXXRP15M-26OCT042115-15,0.9970,18.00,yes
2026-10-05T01:14:27.283352Z,KXXRP15M-26OCT042115-15,0.9970,2.00,yes
2026-10-05T01:14:27.283352Z,KXXRP15M-26OCT042115-15,0.9970,2.00,yes
2026-10-05T01:14:27.283352Z,KXXRP15M-26OCT042115-15,0.9970,2.00,yes
2026-10-05T01:14:27.283352Z,KXXRP15M-26OCT042115-15,0.9970,2.00,yes
2026-10-05T01:14:27.283352Z,KXXRP15M-26OCT042115-15,0.9970,2.00,yes
2026-10-05T01:14:27.283352Z,KXXRP15M-26OCT042115-15,0.9970,1.00,yes
2026-10-05T01:14:27.312314Z,KXXRP15M-26OCT042115-15,0.9950,6.00,yes
2026-10-05T01:14:27.312314Z,KXXRP15M-26OCT042115-15,0.9910,5.00,yes
2026-10-05T01:14:27.312314Z,KXXRP15M-26OCT042115-15,0.9920,5.00,yes
2026-10-05T01:14:27.312314Z,KXXRP15M-26OCT042115-15,0.9960,82.55,yes
2026-10-05T01:14:27.365141Z,KXXRP15M-26OCT042115-15,0.9880,17.00,no
2026-10-05T01:14:27.365141Z,KXXRP15M-26OCT042115-15,0.9880,6.39,no
2026-10-05T01:14:27.365141Z,KXXRP15M-26OCT042115-15,0.9870,3.00,no
2026-10-05T01:14:27.365141Z,KXXRP15M-26OCT042115-15,0.9900,17.00,no
2026-10-05T01:14:27.365141Z,KXXRP15M-26OCT042115-15,0.9900,14.00,no
2026-10-05T01:14:27.365141Z,KXXRP15M-26OCT042115-15,0.9890,223.00,no
2026-10-05T01:14:27.365141Z,KXXRP15M-26OCT042115-15,0.9870,14.33,no
2026-10-05T01:14:27.365141Z,KXXRP15M-26OCT042115-15,0.9880,3.00,no
2026-10-05T01:14:27.365141Z,KXXRP15M-26OCT042115-15,0.9880,392.00,no
2026-10-05T01:14:27.440757Z,KXXRP15M-26OCT042115-15,0.9880,17.00,no
2026-10-05T01:14:27.440757Z,KXXRP15M-26OCT042115-15,0.9880,56.68,no
2026-10-05T01:14:27.444974Z,KXXRP15M-26OCT042115-15,0.9910,0.42,yes
2026-10-05T01:14:27.471559Z,KXXRP15M-26OCT042115-15,0.9930,6.00,yes
2026-10-05T01:14:27.471559Z,KXXRP15M-26OCT042115-15,0.9950,68.62,yes
2026-10-05T01:14:27.471559Z,KXXRP15M-26OCT042115-15,0.9910,4.58,yes
2026-10-05T01:14:27.515537Z,KXXRP15M-26OCT042115-15,0.9900,4.00,yes
2026-10-05T01:14:27.517802Z,KXXRP15M-26OCT042115-15,0.9910,5.00,yes
2026-10-05T01:14:27.517802Z,KXXRP15M-26OCT042115-15,0.9900,1.00,yes
2026-10-05T01:14:27.517802Z,KXXRP15M-26OCT042115-15,0.9940,1.00,yes
2026-10-05T01:14:27.525233Z,KXXRP15M-26OCT042115-15,0.9940,7.00,yes
2026-10-05T01:14:27.551916Z,KXXRP15M-26OCT042115-15,0.9940,4.25,yes
2026-10-05T01:14:27.551916Z,KXXRP15M-26OCT042115-15,0.9940,5.00,yes
2026-10-05T01:14:27.600792Z,KXXRP15M-26OCT042115-15,0.9900,13.94,no
2026-10-05T01:14:27.600792Z,KXXRP15M-26OCT042115-15,0.9910,17.00,no
2026-10-05T01:14:27.792519Z,KXXRP15M-26OCT042115-15,0.9920,5.00,yes
2026-10-05T01:14:27.792519Z,KXXRP15M-26OCT042115-15,0.9930,5.00,yes
2026-10-05T01:14:27.792519Z,KXXRP15M-26OCT042115-15,0.9930,30.39,yes
2026-10-05T01:14:27.792519Z,KXXRP15M-26OCT042115-15,0.9920,108.00,yes
2026-10-05T01:14:28.085606Z,KXXRP15M-26OCT042115-15,0.9900,1.01,no
2026-10-05T01:14:28.085606Z,KXXRP15M-26OCT042115-15,0.9900,65.51,no
2026-10-05T01:14:28.085606Z,KXXRP15M-26OCT042115-15,0.9910,17.00,no
2026-10-05T01:14:28.104834Z,KXXRP15M-26OCT042115-15,0.9920,5.00,yes
2026-10-05T01:14:28.104834Z,KXXRP15M-26OCT042115-15,0.9920,7.00,yes
2026-10-05T01:14:28.172976Z,KXXRP15M-26OCT042115-15,0.9930,2.30,yes
2026-10-05T01:14:28.207171Z,KXXRP15M-26OCT042115-15,0.9930,6.30,yes
2026-10-05T01:14:28.207171Z,KXXRP15M-26OCT042115-15,0.9930,2.70,yes
2026-10-05T01:14:28.253546Z,KXXRP15M-26OCT042115-15,0.9920,5.00,yes
2026-10-05T01:14:28.272901Z,KXXRP15M-26OCT042115-15,0.9910,17.00,no
2026-10-05T01:14:28.272901Z,KXXRP15M-26OCT042115-15,0.9900,5.29,no
2026-10-05T01:14:28.406946Z,KXXRP15M-26OCT042115-15,0.9910,17.00,no
2026-10-05T01:14:28.406946Z,KXXRP15M-26OCT042115-15,0.9900,0.80,no
2026-10-05T01:14:28.406946Z,KXXRP15M-26OCT042115-15,0.9900,11.20,no
2026-10-05T01:14:28.426804Z,KXXRP15M-26OCT042115-15,0.9900,14.15,no
2026-10-05T01:14:28.426804Z,KXXRP15M-26OCT042115-15,0.9900,24.00,no
2026-10-05T01:14:28.426804Z,KXXRP15M-26OCT042115-15,0.9890,6.00,no
2026-10-05T01:14:28.426804Z,KXXRP15M-26OCT042115-15,0.9880,13.00,no
2026-10-05T01:14:28.426804Z,KXXRP15M-26OCT042115-15,0.9880,11.00,no
2026-10-05T01:14:28.426804Z,KXXRP15M-26OCT042115-15,0.9890,17.00,no
2026-10-05T01:14:28.4528Z,KXXRP15M-26OCT042115-15,0.9880,12.00,yes
2026-10-05T01:14:28.56301Z,KXXRP15M-26OCT042115-15,0.9870,20.21,no
2026-10-05T01:14:28.623719Z,KXXRP15M-26OCT042115-15,0.9870,3.25,no
2026-10-05T01:14:28.653063Z,KXXRP15M-26OCT042115-15,0.9880,2.85,yes
2026-10-05T01:14:28.653063Z,KXXRP15M-26OCT042115-15,0.9890,0.15,yes
2026-10-05T01:14:28.789319Z,KXXRP15M-26OCT042115-15,0.9880,0.74,no
2026-10-05T01:14:28.797664Z,KXXRP15M-26OCT042115-15,0.9900,5.00,yes
2026-10-05T01:14:28.797664Z,KXXRP15M-26OCT042115-15,0.9890,4.85,yes
2026-10-05T01:14:28.847778Z,KXXRP15M-26OCT042115-15,0.9880,15.00,no
2026-10-05T01:14:28.847778Z,KXXRP15M-26OCT042115-15,0.9880,16.26,no
2026-10-05T01:14:28.847778Z,KXXRP15M-26OCT042115-15,0.9880,3.37,no
2026-10-05T01:14:29.017577Z,KXXRP15M-26OCT042115-15,0.9910,7.19,no
2026-10-05T01:14:29.093943Z,KXXRP15M-26OCT042115-15,0.9950,6.00,yes
2026-10-05T01:14:29.093943Z,KXXRP15M-26OCT042115-15,0.9950,5.00,yes
2026-10-05T01:14:29.093943Z,KXXRP15M-26OCT042115-15,0.9960,78.33,yes
2026-10-05T01:14:29.247821Z,KXXRP15M-26OCT042115-15,0.9930,63.42,no
2026-10-05T01:14:29.247821Z,KXXRP15M-26OCT042115-15,0.9940,24.00,no
2026-10-05T01:14:29.247821Z,KXXRP15M-26OCT042115-15,0.9940,17.00,no
2026-10-05T01:14:29.330735Z,KXXRP15M-26OCT042115-15,0.9930,110.49,no
2026-10-05T01:14:29.37884Z,KXXRP15M-26OCT042115-15,0.9940,17.00,no
2026-10-05T01:14:29.37884Z,KXXRP15M-26OCT042115-15,0.9930,23.00,no
2026-10-05T01:14:29.384453Z,KXXRP15M-26OCT042115-15,0.9970,5.98,yes
2026-10-05T01:14:29.393495Z,KXXRP15M-26OCT042115-15,0.9970,23.00,yes
2026-10-05T01:14:29.39656Z,KXXRP15M-26OCT042115-15,0.9970,9.00,yes
2026-10-05T01:14:29.399921Z,KXXRP15M-26OCT042115-15,0.9970,57.00,yes
2026-10-05T01:14:29.404816Z,KXXRP15M-26OCT042115-15,0.9970,5.00,yes
2026-10-05T01:14:29.404816Z,KXXRP15M-26OCT042115-15,0.9970,3.00,yes
2026-10-05T01:14:29.404816Z,KXXRP15M-26OCT042115-15,0.9970,6.41,yes
2026-10-05T01:14:29.570573Z,KXXRP15M-26OCT042115-15,0.9950,7.50,no
2026-10-05T01:14:29.570573Z,KXXRP15M-26OCT042115-15,0.9940,2.35,no
2026-10-05T01:14:29.638555Z,KXXRP15M-26OCT042115-15,0.9980,36.18,yes
2026-10-05T01:14:29.65878Z,KXXRP15M-26OCT042115-15,0.9930,130.90,no
2026-10-05T01:14:29.697747Z,KXXRP15M-26OCT042115-15,0.9930,131.53,no
2026-10-05T01:14:29.704654Z,KXXRP15M-26OCT042115-15,0.9930,2.00,no
2026-10-05T01:14:29.823783Z,KXXRP15M-26OCT042115-15,0.9980,2.00,yes
2026-10-05T01:14:29.858095Z,KXXRP15M-26OCT042115-15,0.9930,3.34,no
2026-10-05T01:14:29.996045Z,KXXRP15M-26OCT042115-15,0.9930,130.90,no
2026-10-05T01:14:30.073455Z,KXXRP15M-26OCT042115-15,0.9980,259.18,yes
2026-10-05T01:14:30.073455Z,KXXRP15M-26OCT042115-15,0.9980,361.82,yes
2026-10-05T01:14:30.186656Z,KXXRP15M-26OCT042115-15,0.9970,20.00,no
2026-10-05T01:14:30.222284Z,KXXRP15M-26OCT042115-15,0.9980,200.00,yes
2026-10-05T01:14:30.387814Z,KXXRP15M-26OCT042115-15,0.9980,3.18,yes
2026-10-05T01:14:30.387814Z,KXXRP15M-26OCT042115-15,0.9980,40.82,yes
2026-10-05T01:14:30.406102Z,KXXRP15M-26OCT042115-15,0.9940,217.49,no
2026-10-05T01:14:30.406102Z,KXXRP15M-26OCT042115-15,0.9950,24.00,no
2026-10-05T01:14:30.406102Z,KXXRP15M-26OCT042115-15,0.9950,24.00,no
2026-10-05T01:14:30.408751Z,KXXRP15M-26OCT042115-15,0.9940,133.58,no
2026-10-05T01:14:30.433818Z,KXXRP15M-26OCT042115-15,0.9940,8.78,no
2026-10-05T01:14:30.433818Z,KXXRP15M-26OCT042115-15,0.9950,10.00,no
2026-10-05T01:14:30.49Z,KXXRP15M-26OCT042115-15,0.9980,8.00,yes
2026-10-05T01:14:30.501468Z,KXXRP15M-26OCT042115-15,0.9940,10.00,no
2026-10-05T01:14:30.501468Z,KXXRP15M-26OCT042115-15,0.9940,24.00,no
2026-10-05T01:14:30.501468Z,KXXRP15M-26OCT042115-15,0.9940,10.00,no
2026-10-05T01:14:30.501468Z,KXXRP15M-26OCT042115-15,0.9940,40.15,no
2026-10-05T01:14:30.501468Z,KXXRP15M-26OCT042115-15,0.9930,158.85,no
2026-10-05T01:14:30.614453Z,KXXRP15M-26OCT042115-15,0.9940,24.00,no
2026-10-05T01:14:30.614453Z,KXXRP15M-26OCT042115-15,0.9940,10.00,no
2026-10-05T01:14:30.614453Z,KXXRP15M-26OCT042115-15,0.9930,533.47,no
2026-10-05T01:14:30.723662Z,KXXRP15M-26OCT042115-15,0.9970,17.00,no
2026-10-05T01:14:30.937125Z,KXXRP15M-26OCT042115-15,0.9980,3.53,yes
2026-10-05T01:14:30.937125Z,KXXRP15M-26OCT042115-15,0.9980,14.82,yes
2026-10-05T01:14:30.937125Z,KXXRP15M-26OCT042115-15,0.9980,3.00,yes
2026-10-05T01:14:30.937125Z,KXXRP15M-26OCT042115-15,0.9980,3.00,yes
2026-10-05T01:14:30.937125Z,KXXRP15M-26OCT042115-15,0.9980,3.00,yes
2026-10-05T01:14:30.937125Z,KXXRP15M-26OCT042115-15,0.9980,3.00,yes
2026-10-05T01:14:30.937125Z,KXXRP15M-26OCT042115-15,0.9980,3.00,yes
2026-10-05T01:14:31.053447Z,KXXRP15M-26OCT042115-15,0.9940,92.66,no
2026-10-05T01:14:31.053447Z,KXXRP15M-26OCT042115-15,0.9940,24.00,no
2026-10-05T01:14:31.053447Z,KXXRP15M-26OCT042115-15,0.9970,23.00,no
2026-10-05T01:14:31.053447Z,KXXRP15M-26OCT042115-15,0.9970,20.00,no
2026-10-05T01:14:31.18883Z,KXXRP15M-26OCT042115-15,0.9950,2.00,no
2026-10-05T01:14:31.18883Z,KXXRP15M-26OCT042115-15,0.9940,24.00,no
2026-10-05T01:14:31.18883Z,KXXRP15M-26OCT042115-15,0.9940,407.34,no
2026-10-05T01:14:31.18883Z,KXXRP15M-26OCT042115-15,0.9930,141.66,no
2026-10-05T01:14:31.261885Z,KXXRP15M-26OCT042115-15,0.9990,39.00,yes
2026-10-05T01:14:31.528038Z,KXXRP15M-26OCT042115-15,0.9980,245.00,yes
2026-10-05T01:14:31.556878Z,KXXRP15M-26OCT042115-15,0.9980,40.99,yes
2026-10-05T01:14:31.597457Z,KXXRP15M-26OCT042115-15,0.9950,133.58,no
2026-10-05T01:14:31.767811Z,KXXRP15M-26OCT042115-15,0.9980,1.00,yes
2026-10-05T01:14:31.773371Z,KXXRP15M-26OCT042115-15,0.9960,5.00,no
2026-10-05T01:14:32.036483Z,KXXRP15M-26OCT042115-15,0.9980,7.00,yes
2026-10-05T01:14:32.044512Z,KXXRP15M-26OCT042115-15,0.9980,2.00,yes
2026-10-05T01:14:32.051706Z,KXXRP15M-26OCT042115-15,0.9980,2.00,yes
2026-10-05T01:14:32.058738Z,KXXRP15M-26OCT042115-15,0.9980,2.00,yes
2026-10-05T01:14:32.066038Z,KXXRP15M-26OCT042115-15,0.9980,2.00,yes
2026-10-05T01:14:32.07134Z,KXXRP15M-26OCT042115-15,0.9980,2.00,yes
2026-10-05T01:14:32.078491Z,KXXRP15M-26OCT042115-15,0.9980,2.00,yes
2026-10-05T01:14:32.085095Z,KXXRP15M-26OCT042115-15,0.9980,2.00,yes
2026-10-05T01:14:32.091211Z,KXXRP15M-26OCT042115-15,0.9980,2.00,yes
2026-10-05T01:14:32.097069Z,KXXRP15M-26OCT042115-15,0.9980,5.00,yes
2026-10-05T01:14:32.143839Z,KXXRP15M-26OCT042115-15,0.9980,6.00,yes
2026-10-05T01:14:32.146085Z,KXXRP15M-26OCT042115-15,0.9980,48.54,yes
2026-10-05T01:14:32.149326Z,KXXRP15M-26OCT042115-15,0.9970,56.00,no
2026-10-05T01:14:32.219996Z,KXXRP15M-26OCT042115-15,0.9970,38.32,no
2026-10-05T01:14:32.297757Z,KXXRP15M-26OCT042115-15,0.9970,1.08,no
2026-10-05T01:14:32.432619Z,KXXRP15M-26OCT042115-15,0.9970,5.33,no
2026-10-05T01:14:32.820029Z,KXXRP15M-26OCT042115-15,0.9970,35.64,no
2026-10-05T01:14:32.840324Z,KXXRP15M-26OCT042115-15,0.9970,39.65,no
2026-10-05T01:14:32.840324Z,KXXRP15M-26OCT042115-15,0.9970,4.00,no
2026-10-05T01:14:32.840324Z,KXXRP15M-26OCT042115-15,0.9970,0.07,no
2026-10-05T01:14:32.840324Z,KXXRP15M-26OCT042115-15,0.9970,19.63,no
2026-10-05T01:14:32.962244Z,KXXRP15M-26OCT042115-15,0.9980,36.45,yes
2026-10-05T01:14:33.06729Z,KXXRP15M-26OCT042115-15,0.9980,20.00,yes
2026-10-05T01:14:33.101045Z,KXXRP15M-26OCT042115-15,0.9970,2.60,no
2026-10-05T01:14:33.298082Z,KXXRP15M-26OCT042115-15,0.9980,48.15,yes
2026-10-05T01:14:33.298082Z,KXXRP15M-26OCT042115-15,0.9970,3.00,yes
2026-10-05T01:14:33.298082Z,KXXRP15M-26OCT042115-15,0.9970,10.00,yes
2026-10-05T01:14:33.319011Z,KXXRP15M-26OCT042115-15,0.9970,13.00,yes
2026-10-05T01:14:33.451193Z,KXXRP15M-26OCT042115-15,0.9970,67.00,yes
2026-10-05T01:14:33.473811Z,KXXRP15M-26OCT042115-15,0.9960,0.07,no
2026-10-05T01:14:33.473811Z,KXXRP15M-26OCT042115-15,0.9960,8.31,no
2026-10-05T01:14:33.709766Z,KXXRP15M-26OCT042115-15,0.9980,25.87,yes
2026-10-05T01:14:33.709766Z,KXXRP15M-26OCT042115-15,0.9980,27.13,yes
2026-10-05T01:14:33.781695Z,KXXRP15M-26OCT042115-15,0.9950,0.07,no
2026-10-05T01:14:33.781695Z,KXXRP15M-26OCT042115-15,0.9940,39.00,no
2026-10-05T01:14:33.781695Z,KXXRP15M-26OCT042115-15,0.9940,24.00,no
2026-10-05T01:14:33.781695Z,KXXRP15M-26OCT042115-15,0.9940,0.08,no
2026-10-05T01:14:33.781695Z,KXXRP15M-26OCT042115-15,0.9930,588.20,no
2026-10-05T01:14:33.781695Z,KXXRP15M-26OCT042115-15,0.9970,35.00,no
2026-10-05T01:14:33.92894Z,KXXRP15M-26OCT042115-15,0.9980,17.00,yes
2026-10-05T01:14:33.92894Z,KXXRP15M-26OCT042115-15,0.9980,0.87,yes
2026-10-05T01:14:33.92894Z,KXXRP15M-26OCT042115-15,0.9990,75.37,yes
2026-10-05T01:14:34.205778Z,KXXRP15M-26OCT042115-15,0.9990,25.47,yes
2026-10-05T01:14:34.28677Z,KXXRP15M-26OCT042115-15,0.9990,32.02,yes
2026-10-05T01:14:34.581766Z,KXXRP15M-26OCT042115-15,0.9980,20.00,no
2026-10-05T01:14:34.595738Z,KXXRP15M-26OCT042115-15,0.9980,31.16,no
2026-10-05T01:14:34.612877Z,KXXRP15M-26OCT042115-15,0.9980,63.84,no
2026-10-05T01:14:34.612877Z,KXXRP15M-26OCT042115-15,0.9980,3.00,no
2026-10-05T01:14:34.612877Z,KXXRP15M-26OCT042115-15,0.9980,44.00,no
2026-10-05T01:14:34.612877Z,KXXRP15M-26OCT042115-15,0.9960,207.15,no
2026-10-05T01:14:34.612877Z,KXXRP15M-26OCT042115-15,0.9970,0.01,no
2026-10-05T01:14:34.612877Z,KXXRP15M-26OCT042115-15,0.9960,33.00,no
2026-10-05T01:14:35.043637Z,KXXRP15M-26OCT042115-15,0.9960,166.02,no
2026-10-05T01:14:35.043637Z,KXXRP15M-26OCT042115-15,0.9970,37.00,no
2026-10-05T01:14:35.043637Z,KXXRP15M-26OCT042115-15,0.9970,37.00,no
2026-10-05T01:14:35.10499Z,KXXRP15M-26OCT042115-15,0.9960,229.04,no
2026-10-05T01:14:35.291114Z,KXXRP15M-26OCT042115-15,0.9970,2.34,no
2026-10-05T01:14:35.339037Z,KXXRP15M-26OCT042115-15,0.9980,26.00,no
2026-10-05T01:14:35.368788Z,KXXRP15M-26OCT042115-15,0.9970,37.00,no
2026-10-05T01:14:35.368788Z,KXXRP15M-26OCT042115-15,0.9980,47.00,no
2026-10-05T01:14:35.368788Z,KXXRP15M-26OCT042115-15,0.9980,92.00,no
2026-10-05T01:14:35.368788Z,KXXRP15M-26OCT042115-15,0.9960,75.62,no
2026-10-05T01:14:35.451628Z,KXXRP15M-26OCT042115-15,0.9980,4.12,yes
2026-10-05T01:14:35.628701Z,KXXRP15M-26OCT042115-15,0.9970,11.39,no
2026-10-05T01:14:35.667475Z,KXXRP15M-26OCT042115-15,0.9970,23.61,no
2026-10-05T01:14:35.667475Z,KXXRP15M-26OCT042115-15,0.9970,11.28,no
2026-10-05T01:14:35.759117Z,KXXRP15M-26OCT042115-15,0.9970,130.00,no
2026-10-05T01:14:35.759117Z,KXXRP15M-26OCT042115-15,0.9970,11.28,no
2026-10-05T01:14:35.759117Z,KXXRP15M-26OCT042115-15,0.9970,25.72,no
2026-10-05T01:14:35.759117Z,KXXRP15M-26OCT042115-15,0.9960,316.32,no
2026-10-05T01:14:35.900104Z,KXXRP15M-26OCT042115-15,0.9980,30.88,yes
2026-10-05T01:14:35.900104Z,KXXRP15M-26OCT042115-15,0.9980,6.12,yes
2026-10-05T01:14:36.663858Z,KXXRP15M-26OCT042115-15,0.9970,65.00,no
2026-10-05T01:14:36.663858Z,KXXRP15M-26OCT042115-15,0.9970,8.00,no
2026-10-05T01:14:36.663858Z,KXXRP15M-26OCT042115-15,0.9970,86.00,no
2026-10-05T01:14:36.663858Z,KXXRP15M-26OCT042115-15,0.9970,37.00,no
2026-10-05T01:14:36.663858Z,KXXRP15M-26OCT042115-15,0.9960,68.22,no
2026-10-05T01:14:36.992451Z,KXXRP15M-26OCT042115-15,0.9980,0.18,yes
2026-10-05T01:14:36.992451Z,KXXRP15M-26OCT042115-15,0.9980,41.00,yes
2026-10-05T01:14:36.992451Z,KXXRP15M-26OCT042115-15,0.9980,10.88,yes
2026-10-05T01:14:37.047022Z,KXXRP15M-26OCT042115-15,0.9980,10.88,yes
2026-10-05T01:14:37.047022Z,KXXRP15M-26OCT042115-15,0.9980,6.12,yes
2026-10-05T01:14:37.088491Z,KXXRP15M-26OCT042115-15,0.9990,6.86,yes
2026-10-05T01:14:37.344201Z,KXXRP15M-26OCT042115-15,0.9980,12.00,no
2026-10-05T01:14:37.344201Z,KXXRP15M-26OCT042115-15,0.9980,143.79,no
2026-10-05T01:14:37.48013Z,KXXRP15M-26OCT042115-15,0.9990,14.00,yes
2026-10-05T01:14:37.501915Z,KXXRP15M-26OCT042115-15,0.9980,8.21,no
2026-10-05T01:14:37.501915Z,KXXRP15M-26OCT042115-15,0.9980,117.00,no
2026-10-05T01:14:37.501915Z,KXXRP15M-26OCT042115-15,0.9970,4.78,no
2026-10-05T01:14:37.631528Z,KXXRP15M-26OCT042115-15,0.9990,0.30,yes
2026-10-05T01:14:37.689853Z,KXXRP15M-26OCT042115-15,0.9990,1.71,yes
2026-10-05T01:14:37.775562Z,KXXRP15M-26OCT042115-15,0.9980,300.00,yes
2026-10-05T01:14:38.107375Z,KXXRP15M-26OCT042115-15,0.9990,1429.56,yes
2026-10-05T01:14:38.107375Z,KXXRP15M-26OCT042115-15,0.9990,33.17,yes
2026-10-05T01:14:38.107375Z,KXXRP15M-26OCT042115-15,0.9990,200.00,yes
2026-10-05T01:14:38.107375Z,KXXRP15M-26OCT042115-15,0.9990,40.00,yes
2026-10-05T01:14:38.107375Z,KXXRP15M-26OCT042115-15,0.9990,34.00,yes
2026-10-05T01:14:38.107375Z,KXXRP15M-26OCT042115-15,0.9990,1.00,yes
2026-10-05T01:14:38.107375Z,KXXRP15M-26OCT042115-15,0.9990,1.00,yes
2026-10-05T01:14:38.107375Z,KXXRP15M-26OCT042115-15,0.9990,1.00,yes
2026-10-05T01:14:38.107375Z,KXXRP15M-26OCT042115-15,0.9990,500.00,yes
2026-10-05T01:14:38.107375Z,KXXRP15M-26OCT042115-15,0.9990,205.27,yes
2026-10-05T01:14:38.107375Z,KXXRP15M-26OCT042115-15,0.9990,500.00,yes
2026-10-05T01:14:38.332853Z,KXXRP15M-26OCT042115-15,0.9980,25.21,no
2026-10-05T01:14:38.335087Z,KXXRP15M-26OCT042115-15,0.9980,233.72,no
2026-10-05T01:14:38.400053Z,KXXRP15M-26OCT042115-15,0.9980,1.37,no
2026-10-05T01:14:38.433419Z,KXXRP15M-26OCT042115-15,0.9990,39.00,yes
2026-10-05T01:14:38.437498Z,KXXRP15M-26OCT042115-15,0.9990,34.00,yes
2026-10-05T01:14:38.437498Z,KXXRP15M-26OCT042115-15,0.9990,40.00,yes
2026-10-05T01:14:39.483859Z,KXXRP15M-26OCT042115-15,0.9990,9.59,no
2026-10-05T01:14:39.890541Z,KXXRP15M-26OCT042115-15,0.9990,204.32,no
2026-10-05T01:14:39.932039Z,KXXRP15M-26OCT042115-15,0.9980,70.91,no
2026-10-05T01:14:39.932039Z,KXXRP15M-26OCT042115-15,0.9990,36.34,no
2026-10-05T01:14:40.171684Z,KXXRP15M-26OCT042115-15,0.9990,10.00,no
2026-10-05T01:14:41.20214Z,KXXRP15M-26OCT042115-15,0.9980,282.30,no
2026-10-05T01:14:41.20214Z,KXXRP15M-26OCT042115-15,0.9980,3.00,no
2026-10-05T01:14:41.20214Z,KXXRP15M-26OCT042115-15,0.9980,168.79,no
2026-10-05T01:14:41.410482Z,KXXRP15M-26OCT042115-15,0.9980,7.00,no
2026-10-05T01:14:42.204034Z,KXXRP15M-26OCT042115-15,0.9980,229.01,no
2026-10-05T01:14:43.653409Z,KXXRP15M-26OCT042115-15,0.9990,3.00,no
2026-10-05T01:14:43.653409Z,KXXRP15M-26OCT042115-15,0.9990,671.00,no
2026-10-05T01:14:43.653409Z,KXXRP15M-26OCT042115-15,0.9990,30.00,no
2026-10-05T01:14:43.653409Z,KXXRP15M-26OCT042115-15,0.9990,12.00,no
2026-10-05T01:14:43.653409Z,KXXRP15M-26OCT042115-15,0.9990,30.00,no
2026-10-05T01:14:43.653409Z,KXXRP15M-26OCT042115-15,0.9990,30.00,no
2026-10-05T01:14:43.653409Z,KXXRP15M-26OCT042115-15,0.9990,24.19,no
2026-10-05T01:14:44.055271Z,KXXRP15M-26OCT042115-15,0.9990,3.46,no
2026-10-05T01:14:44.409673Z,KXXRP15M-26OCT042115-15,0.9980,140.10,no
2026-10-05T01:14:44.409673Z,KXXRP15M-26OCT042115-15,0.9990,30.00,no
2026-10-05T01:14:44.409673Z,KXXRP15M-26OCT042115-15,0.9990,30.00,no
2026-10-05T01:14:44.409673Z,KXXRP15M-26OCT042115-15,0.9990,2.35,no
2026-10-05T01:14:44.409673Z,KXXRP15M-26OCT042115-15,0.9990,100.00,no
2026-10-05T01:14:44.977434Z,KXXRP15M-26OCT042115-15,0.9990,1.83,no
2026-10-05T01:14:46.588203Z,KXXRP15M-26OCT042115-15,0.9990,100.00,no
2026-10-05T01:14:46.588203Z,KXXRP15M-26OCT042115-15,0.9980,243.04,no
2026-10-05T01:14:46.588203Z,KXXRP15M-26OCT042115-15,0.9990,346.17,no
2026-10-05T01:14:47.435541Z,KXXRP15M-26OCT042115-15,0.9960,937.63,no
2026-10-05T01:14:47.435541Z,KXXRP15M-26OCT042115-15,0.9960,214.54,no
2026-10-05T01:14:47.435541Z,KXXRP15M-26OCT042115-15,0.9980,100.00,no
2026-10-05T01:14:47.435541Z,KXXRP15M-26OCT042115-15,0.9980,350.55,no
2026-10-05T01:14:47.435541Z,KXXRP15M-26OCT042115-15,0.9980,124.00,no
2026-10-05T01:14:47.435541Z,KXXRP15M-26OCT042115-15,0.9980,958.00,no
2026-10-05T01:14:47.435541Z,KXXRP15M-26OCT042115-15,0.9980,25.00,no
2026-10-05T01:14:47.435541Z,KXXRP15M-26OCT042115-15,0.9970,500.00,no
2026-10-05T01:14:47.435541Z,KXXRP15M-26OCT042115-15,0.9970,37.00,no
2026-10-05T01:14:47.435541Z,KXXRP15M-26OCT042115-15,0.9980,3.00,no
2026-10-05T01:14:47.453668Z,KXXRP15M-26OCT042115-15,0.9990,500.00,yes
2026-10-05T01:14:47.491026Z,KXXRP15M-26OCT042115-15,0.9950,13.99,no
2026-10-05T01:14:47.491026Z,KXXRP15M-26OCT042115-15,0.9950,259.77,no
2026-10-05T01:14:47.491026Z,KXXRP15M-26OCT042115-15,0.9960,285.46,no
2026-10-05T01:14:47.491026Z,KXXRP15M-26OCT042115-15,0.9970,37.00,no
2026-10-05T01:14:47.491026Z,KXXRP15M-26OCT042115-15,0.9970,272.00,no
2026-10-05T01:14:47.491026Z,KXXRP15M-26OCT042115-15,0.9970,500.00,no
2026-10-05T01:14:47.526599Z,KXXRP15M-26OCT042115-15,0.9990,40.00,yes
2026-10-05T01:14:47.526599Z,KXXRP15M-26OCT042115-15,0.9990,34.00,yes
2026-10-05T01:14:47.645633Z,KXXRP15M-26OCT042115-15,0.9990,500.00,yes
2026-10-05T01:14:47.645633Z,KXXRP15M-26OCT042115-15,0.9990,40.00,yes
2026-10-05T01:14:47.645633Z,KXXRP15M-26OCT042115-15,0.9990,10.00,yes
2026-10-05T01:14:47.645633Z,KXXRP15M-26OCT042115-15,0.9990,34.00,yes
2026-10-05T01:14:47.645633Z,KXXRP15M-26OCT042115-15,0.9990,16.00,yes
2026-10-05T01:14:49.473803Z,KXXRP15M-26OCT042115-15,0.9990,100.00,no
2026-10-05T01:14:49.473803Z,KXXRP15M-26OCT042115-15,0.9990,83.25,no
2026-10-05T01:14:52.246557Z,KXXRP15M-26OCT042115-15,0.9990,9.25,no
2026-10-05T01:14:52.44048Z,KXXRP15M-26OCT042115-15,0.9990,134.50,no
2026-10-05T01:14:52.44048Z,KXXRP15M-26OCT042115-15,0.9990,323.54,no
2026-10-05T01:14:54.105053Z,KXXRP15M-26OCT042115-15,0.9990,4.92,no
2026-10-05T01:14:58.93208Z,KXXRP15M-26OCT042115-15,0.9990,23.43,no
2026-10-05T01:14:59.730741Z,KXXRP15M-26OCT042115-15,0.9990,6.15,no
2026-10-05T01:14:01.528146Z,KXNATGAS15M-26OCT042115-15,0.9700,0.01,yes
2026-10-05T01:14:02.340472Z,KXNATGAS15M-26OCT042115-15,0.9700,1.00,yes
2026-10-05T01:14:02.346997Z,KXNATGAS15M-26OCT042115-15,0.9700,1.00,yes
2026-10-05T01:14:02.3557Z,KXNATGAS15M-26OCT042115-15,0.9700,1.00,yes
2026-10-05T01:14:04.631497Z,KXNATGAS15M-26OCT042115-15,0.9600,2.00,no
2026-10-05T01:14:04.631497Z,KXNATGAS15M-26OCT042115-15,0.9600,25.00,no
2026-10-05T01:14:04.631497Z,KXNATGAS15M-26OCT042115-15,0.9600,4.11,no
2026-10-05T01:14:04.631712Z,KXNATGAS15M-26OCT042115-15,0.9600,6.72,no
2026-10-05T01:14:04.632127Z,KXNATGAS15M-26OCT042115-15,0.9600,3.14,no
2026-10-05T01:14:04.63362Z,KXNATGAS15M-26OCT042115-15,0.9600,4.43,no
2026-10-05T01:14:05.503426Z,KXNATGAS15M-26OCT042115-15,0.9700,21.99,yes
2026-10-05T01:14:05.503426Z,KXNATGAS15M-26OCT042115-15,0.9700,2.00,yes
2026-10-05T01:14:05.503426Z,KXNATGAS15M-26OCT042115-15,0.9700,15.06,yes
2026-10-05T01:14:09.419828Z,KXNATGAS15M-26OCT042115-15,0.9700,25.00,yes
2026-10-05T01:14:09.419828Z,KXNATGAS15M-26OCT042115-15,0.9700,100.00,yes
2026-10-05T01:14:09.419828Z,KXNATGAS15M-26OCT042115-15,0.9700,60.00,yes
2026-10-05T01:14:09.419828Z,KXNATGAS15M-26OCT042115-15,0.9700,30.00,yes
2026-10-05T01:14:09.419828Z,KXNATGAS15M-26OCT042115-15,0.9700,2.00,yes
2026-10-05T01:14:09.419828Z,KXNATGAS15M-26OCT042115-15,0.9700,196.00,yes
2026-10-05T01:14:09.722792Z,KXNATGAS15M-26OCT042115-15,0.9700,3.05,yes
2026-10-05T01:14:09.722792Z,KXNATGAS15M-26OCT042115-15,0.9700,2.00,yes
2026-10-05T01:14:13.045656Z,KXNATGAS15M-26OCT042115-15,0.9600,10.11,no
2026-10-05T01:14:13.045656Z,KXNATGAS15M-26OCT042115-15,0.9600,0.60,no
2026-10-05T01:14:13.045656Z,KXNATGAS15M-26OCT042115-15,0.9600,1.00,no
2026-10-05T01:14:14.439849Z,KXNATGAS15M-26OCT042115-15,0.9700,2.00,yes
2026-10-05T01:14:14.949173Z,KXNATGAS15M-26OCT042115-15,0.9600,23.42,no
2026-10-05T01:14:16.155088Z,KXNATGAS15M-26OCT042115-15,0.9700,17.48,yes
2026-10-05T01:14:17.091634Z,KXNATGAS15M-26OCT042115-15,0.9700,46.79,yes
2026-10-05T01:14:17.673516Z,KXNATGAS15M-26OCT042115-15,0.9700,93.58,yes
2026-10-05T01:14:19.800748Z,KXNATGAS15M-26OCT042115-15,0.9600,7.02,no
2026-10-05T01:14:20.789718Z,KXNATGAS15M-26OCT042115-15,0.9700,0.01,yes
2026-10-05T01:14:28.384936Z,KXNATGAS15M-26OCT042115-15,0.9700,3.17,yes
2026-10-05T01:14:30.326037Z,KXNATGAS15M-26OCT042115-15,0.9800,0.10,yes
2026-10-05T01:14:30.681118Z,KXNATGAS15M-26OCT042115-15,0.9800,1.40,yes
2026-10-05T01:14:36.240889Z,KXNATGAS15M-26OCT042115-15,0.9800,1.00,yes
2026-10-05T01:14:36.240889Z,KXNATGAS15M-26OCT042115-15,0.9800,2.00,yes
2026-10-05T01:14:42.377286Z,KXNATGAS15M-26OCT042115-15,0.9700,4.24,no
2026-10-05T01:14:42.377286Z,KXNATGAS15M-26OCT042115-15,0.9700,2.00,no
2026-10-05T01:14:45.898857Z,KXNATGAS15M-26OCT042115-15,0.9900,1.00,yes
2026-10-05T01:14:47.376638Z,KXNATGAS15M-26OCT042115-15,0.9900,10.09,yes
2026-10-05T01:14:47.944214Z,KXNATGAS15M-26OCT042115-15,0.9900,2.00,yes
2026-10-05T01:14:47.944214Z,KXNATGAS15M-26OCT042115-15,0.9900,1.00,yes
2026-10-05T01:14:47.944214Z,KXNATGAS15M-26OCT042115-15,0.9900,4.09,yes
2026-10-05T01:14:47.944214Z,KXNATGAS15M-26OCT042115-15,0.9900,0.91,yes
2026-10-05T01:14:47.944214Z,KXNATGAS15M-26OCT042115-15,0.9900,2.00,yes
2026-10-05T01:14:49.50535Z,KXNATGAS15M-26OCT042115-15,0.9900,2.00,yes
2026-10-05T01:14:49.50535Z,KXNATGAS15M-26OCT042115-15,0.9900,1.00,yes
2026-10-05T01:14:50.396736Z,KXNATGAS15M-26OCT042115-15,0.9900,12.00,yes
2026-10-05T01:14:50.396736Z,KXNATGAS15M-26OCT042115-15,0.9900,2.00,yes
2026-10-05T01:13:56.743666Z,KXCOPPER15M-26OCT042115-15,0.9900,19.54,yes
2026-10-05T01:13:56.743666Z,KXCOPPER15M-26OCT042115-15,0.9900,1.00,yes
2026-10-05T01:13:56.743666Z,KXCOPPER15M-26OCT042115-15,0.9900,958.46,yes
2026-10-05T01:13:56.743666Z,KXCOPPER15M-26OCT042115-15,0.9900,6.00,yes
2026-10-05T01:13:56.743666Z,KXCOPPER15M-26OCT042115-15,0.9900,25.00,yes
2026-10-05T01:13:58.389246Z,KXCOPPER15M-26OCT042115-15,0.9900,0.46,yes
2026-10-05T01:13:58.389246Z,KXCOPPER15M-26OCT042115-15,0.9900,14.27,yes
2026-10-05T01:13:58.389246Z,KXCOPPER15M-26OCT042115-15,0.9900,10.00,yes
2026-10-05T01:14:01.761749Z,KXCOPPER15M-26OCT042115-15,0.9900,1.00,yes
2026-10-05T01:14:01.761749Z,KXCOPPER15M-26OCT042115-15,0.9900,5.73,yes
2026-10-05T01:14:01.761749Z,KXCOPPER15M-26OCT042115-15,0.9900,18.27,yes
2026-10-05T01:14:09.643396Z,KXCOPPER15M-26OCT042115-15,0.9900,4.88,yes
2026-10-05T01:14:10.410121Z,KXCOPPER15M-26OCT042115-15,0.9900,4.88,yes
2026-10-05T01:14:11.171629Z,KXCOPPER15M-26OCT042115-15,0.9900,4.88,yes
2026-10-05T01:14:11.933439Z,KXCOPPER15M-26OCT042115-15,0.9900,4.90,yes
2026-10-05T01:14:11.971632Z,KXCOPPER15M-26OCT042115-15,0.9900,0.46,yes
2026-10-05T01:14:12.917544Z,KXCOPPER15M-26OCT042115-15,0.9900,15.00,yes
2026-10-05T01:14:13.110603Z,KXCOPPER15M-26OCT042115-15,0.9900,5.00,yes
2026-10-05T01:14:13.950079Z,KXCOPPER15M-26OCT042115-15,0.9900,15.00,yes
2026-10-05T01:14:14.128747Z,KXCOPPER15M-26OCT042115-15,0.9900,2.00,yes
2026-10-05T01:14:15.625236Z,KXCOPPER15M-26OCT042115-15,0.9900,1.00,yes
2026-10-05T01:14:18.594661Z,KXCOPPER15M-26OCT042115-15,0.9900,2.00,yes
2026-10-05T01:14:18.594661Z,KXCOPPER15M-26OCT042115-15,0.9900,20.04,yes
2026-10-05T01:14:18.594661Z,KXCOPPER15M-26OCT042115-15,0.9900,1.00,yes
2026-10-05T01:14:18.594661Z,KXCOPPER15M-26OCT042115-15,0.9900,0.63,yes
2026-10-05T01:14:18.594661Z,KXCOPPER15M-26OCT042115-15,0.9900,100.00,yes
2026-10-05T01:14:18.594661Z,KXCOPPER15M-26OCT042115-15,0.9900,23.73,yes
2026-10-05T01:14:18.594661Z,KXCOPPER15M-26OCT042115-15,0.9900,2.00,yes
2026-10-05T01:14:18.594661Z,KXCOPPER15M-26OCT042115-15,0.9900,2.00,yes
2026-10-05T01:14:22.472046Z,KXCOPPER15M-26OCT042115-15,0.9900,3.00,yes
2026-10-05T01:14:22.472046Z,KXCOPPER15M-26OCT042115-15,0.9900,16.39,yes
2026-10-05T01:14:22.472046Z,KXCOPPER15M-26OCT042115-15,0.9900,16.00,yes
2026-10-05T01:14:22.472046Z,KXCOPPER15M-26OCT042115-15,0.9900,4.61,yes
2026-10-05T01:14:22.532858Z,KXCOPPER15M-26OCT042115-15,0.9900,10.00,yes
2026-10-05T01:14:22.881152Z,KXCOPPER15M-26OCT042115-15,0.9900,11.00,yes
2026-10-05T01:14:26.440961Z,KXCOPPER15M-26OCT042115-15,0.9900,1.00,yes
2026-10-05T01:14:32.60434Z,KXCOPPER15M-26OCT042115-15,0.9900,0.39,yes
2026-10-05T01:14:32.60434Z,KXCOPPER15M-26OCT042115-15,0.9900,7.00,yes
2026-10-05T01:14:32.60434Z,KXCOPPER15M-26OCT042115-15,0.9900,11.61,yes
2026-10-05T01:14:36.238147Z,KXCOPPER15M-26OCT042115-15,0.9900,3.00,yes
2026-10-05T01:14:37.252415Z,KXCOPPER15M-26OCT042115-15,0.9900,1.00,yes
2026-10-05T01:14:37.252415Z,KXCOPPER15M-26OCT042115-15,0.9900,47.00,yes
2026-10-05T01:14:37.252415Z,KXCOPPER15M-26OCT042115-15,0.9900,7.00,yes
2026-10-05T01:14:51.970118Z,KXCOPPER15M-26OCT042115-15,0.9900,102.68,no
2026-10-05T01:13:59.276591Z,KXZEC15M-26OCT042115-15,0.0260,1.00,no
2026-10-05T01:13:59.276591Z,KXZEC15M-26OCT042115-15,0.0290,1.00,no
2026-10-05T01:14:00.201181Z,KXZEC15M-26OCT042115-15,0.0140,1.00,no
2026-10-05T01:14:00.547274Z,KXZEC15M-26OCT042115-15,0.0140,4.00,no
2026-10-05T01:14:00.547274Z,KXZEC15M-26OCT042115-15,0.0140,16.00,no
2026-10-05T01:14:00.547274Z,KXZEC15M-26OCT042115-15,0.0140,9.00,no
2026-10-05T01:14:02.042041Z,KXZEC15M-26OCT042115-15,0.0130,9.00,no
2026-10-05T01:14:02.042041Z,KXZEC15M-26OCT042115-15,0.0140,5.00,no
2026-10-05T01:14:02.042041Z,KXZEC15M-26OCT042115-15,0.0140,16.00,no
2026-10-05T01:14:02.042041Z,KXZEC15M-26OCT042115-15,0.0150,5.00,no
2026-10-05T01:14:02.042041Z,KXZEC15M-26OCT042115-15,0.0130,0.03,no
2026-10-05T01:14:02.042041Z,KXZEC15M-26OCT042115-15,0.0140,0.03,no
2026-10-05T01:14:02.042041Z,KXZEC15M-26OCT042115-15,0.0150,0.50,no
2026-10-05T01:14:02.042041Z,KXZEC15M-26OCT042115-15,0.0150,0.03,no
2026-10-05T01:14:04.101965Z,KXZEC15M-26OCT042115-15,0.0110,10.30,no
2026-10-05T01:14:07.159475Z,KXZEC15M-26OCT042115-15,0.0100,10.00,yes
2026-10-05T01:14:07.159475Z,KXZEC15M-26OCT042115-15,0.0100,10.00,yes
2026-10-05T01:14:07.159475Z,KXZEC15M-26OCT042115-15,0.0120,14.00,yes
2026-10-05T01:14:07.678064Z,KXZEC15M-26OCT042115-15,0.0090,5.51,no
2026-10-05T01:14:09.644991Z,KXZEC15M-26OCT042115-15,0.0090,1.00,no
2026-10-05T01:14:11.061554Z,KXZEC15M-26OCT042115-15,0.0070,0.03,no
2026-10-05T01:14:11.061554Z,KXZEC15M-26OCT042115-15,0.0090,0.03,no
2026-10-05T01:14:11.061554Z,KXZEC15M-26OCT042115-15,0.0080,0.03,no
2026-10-05T01:14:11.061554Z,KXZEC15M-26OCT042115-15,0.0090,3.41,no
2026-10-05T01:14:11.061554Z,KXZEC15M-26OCT042115-15,0.0070,20.00,no
2026-10-05T01:14:11.061554Z,KXZEC15M-26OCT042115-15,0.0080,20.00,no
2026-10-05T01:14:11.429175Z,KXZEC15M-26OCT042115-15,0.0060,20.00,no
2026-10-05T01:14:11.429175Z,KXZEC15M-26OCT042115-15,0.0050,20.00,no
2026-10-05T01:14:11.429175Z,KXZEC15M-26OCT042115-15,0.0050,1.00,no
2026-10-05T01:14:11.429175Z,KXZEC15M-26OCT042115-15,0.0050,10.31,no
2026-10-05T01:14:13.109215Z,KXZEC15M-26OCT042115-15,0.0040,3.00,no
2026-10-05T01:14:13.109215Z,KXZEC15M-26OCT042115-15,0.0040,13.00,no
2026-10-05T01:14:13.109215Z,KXZEC15M-26OCT042115-15,0.0050,0.69,no
2026-10-05T01:14:13.109215Z,KXZEC15M-26OCT042115-15,0.0040,1.00,no
2026-10-05T01:14:13.109215Z,KXZEC15M-26OCT042115-15,0.0040,1.00,no
2026-10-05T01:14:13.109215Z,KXZEC15M-26OCT042115-15,0.0040,20.00,no
2026-10-05T01:14:13.109215Z,KXZEC15M-26OCT042115-15,0.0040,1.00,no
2026-10-05T01:14:13.109215Z,KXZEC15M-26OCT042115-15,0.0040,1.00,no
2026-10-05T01:14:13.109215Z,KXZEC15M-26OCT042115-15,0.0040,1.00,no
2026-10-05T01:14:13.725137Z,KXZEC15M-26OCT042115-15,0.0040,19.00,yes
2026-10-05T01:14:13.725748Z,KXZEC15M-26OCT042115-15,0.0040,4.00,yes
2026-10-05T01:14:13.726353Z,KXZEC15M-26OCT042115-15,0.0040,3.00,yes
2026-10-05T01:14:13.726994Z,KXZEC15M-26OCT042115-15,0.0040,2.00,yes
2026-10-05T01:14:13.727603Z,KXZEC15M-26OCT042115-15,0.0040,1.00,yes
2026-10-05T01:14:13.728158Z,KXZEC15M-26OCT042115-15,0.0050,20.00,yes
2026-10-05T01:14:13.728158Z,KXZEC15M-26OCT042115-15,0.0040,71.00,yes
2026-10-05T01:14:13.728158Z,KXZEC15M-26OCT042115-15,0.0060,20.00,yes
2026-10-05T01:14:13.728209Z,KXZEC15M-26OCT042115-15,0.0070,2.00,yes
2026-10-05T01:14:13.728849Z,KXZEC15M-26OCT042115-15,0.0070,5.00,yes
2026-10-05T01:14:13.728849Z,KXZEC15M-26OCT042115-15,0.0070,18.00,yes
2026-10-05T01:14:13.728849Z,KXZEC15M-26OCT042115-15,0.0080,20.00,yes
2026-10-05T01:14:13.735795Z,KXZEC15M-26OCT042115-15,0.0100,1.00,yes
2026-10-05T01:14:13.735795Z,KXZEC15M-26OCT042115-15,0.0100,5.51,yes
2026-10-05T01:14:13.735795Z,KXZEC15M-26OCT042115-15,0.0100,3.41,yes
2026-10-05T01:14:13.735795Z,KXZEC15M-26OCT042115-15,0.0090,20.00,yes
2026-10-05T01:14:13.741034Z,KXZEC15M-26OCT042115-15,0.0150,20.00,yes
2026-10-05T01:14:13.744274Z,KXZEC15M-26OCT042115-15,0.0200,36.00,yes
2026-10-05T01:14:13.744274Z,KXZEC15M-26OCT042115-15,0.0200,1.17,yes
2026-10-05T01:14:13.744274Z,KXZEC15M-26OCT042115-15,0.0150,0.03,yes
2026-10-05T01:14:13.744274Z,KXZEC15M-26OCT042115-15,0.0210,3.80,yes
2026-10-05T01:14:13.744274Z,KXZEC15M-26OCT042115-15,0.0200,15.00,yes
2026-10-05T01:14:13.810387Z,KXZEC15M-26OCT042115-15,0.0150,5.00,no
2026-10-05T01:14:13.810387Z,KXZEC15M-26OCT042115-15,0.0140,0.07,no
2026-10-05T01:14:14.140255Z,KXZEC15M-26OCT042115-15,0.0200,0.26,no
2026-10-05T01:14:16.355297Z,KXZEC15M-26OCT042115-15,0.0280,100.00,no
2026-10-05T01:14:16.582104Z,KXZEC15M-26OCT042115-15,0.0200,9.00,no
2026-10-05T01:14:16.582104Z,KXZEC15M-26OCT042115-15,0.0200,20.00,no
2026-10-05T01:14:17.883902Z,KXZEC15M-26OCT042115-15,0.0300,1.50,yes
2026-10-05T01:14:17.883902Z,KXZEC15M-26OCT042115-15,0.0290,0.50,yes
2026-10-05T01:14:21.511128Z,KXZEC15M-26OCT042115-15,0.0130,9.00,no
2026-10-05T01:14:21.511128Z,KXZEC15M-26OCT042115-15,0.0130,26.00,no
2026-10-05T01:14:21.511128Z,KXZEC15M-26OCT042115-15,0.0110,9.00,no
2026-10-05T01:14:21.511128Z,KXZEC15M-26OCT042115-15,0.0140,0.50,no
2026-10-05T01:14:21.511128Z,KXZEC15M-26OCT042115-15,0.0140,5.00,no
2026-10-05T01:14:21.511753Z,KXZEC15M-26OCT042115-15,0.0100,6.00,no
2026-10-05T01:14:21.537485Z,KXZEC15M-26OCT042115-15,0.0100,24.94,no
2026-10-05T01:14:21.629743Z,KXZEC15M-26OCT042115-15,0.0080,5.00,no
2026-10-05T01:14:21.629743Z,KXZEC15M-26OCT042115-15,0.0080,5.68,no
2026-10-05T01:14:21.69869Z,KXZEC15M-26OCT042115-15,0.0080,5.00,no
2026-10-05T01:14:21.69869Z,KXZEC15M-26OCT042115-15,0.0080,34.00,no
2026-10-05T01:14:22.629338Z,KXZEC15M-26OCT042115-15,0.0040,5.00,no
2026-10-05T01:14:22.629338Z,KXZEC15M-26OCT042115-15,0.0040,3.25,no
2026-10-05T01:14:24.92134Z,KXZEC15M-26OCT042115-15,0.0080,3.00,yes
2026-10-05T01:14:24.92134Z,KXZEC15M-26OCT042115-15,0.0080,25.00,yes
2026-10-05T01:14:24.92134Z,KXZEC15M-26OCT042115-15,0.0080,1.00,yes
2026-10-05T01:14:25.15567Z,KXZEC15M-26OCT042115-15,0.0040,5.00,no
2026-10-05T01:14:25.15567Z,KXZEC15M-26OCT042115-15,0.0040,20.00,no
2026-10-05T01:14:25.15567Z,KXZEC15M-26OCT042115-15,0.0040,104.00,no
2026-10-05T01:14:25.15567Z,KXZEC15M-26OCT042115-15,0.0030,104.00,no
2026-10-05T01:14:25.15567Z,KXZEC15M-26OCT042115-15,0.0030,2.00,no
2026-10-05T01:14:25.15567Z,KXZEC15M-26OCT042115-15,0.0030,2.00,no
2026-10-05T01:14:25.15567Z,KXZEC15M-26OCT042115-15,0.0030,2.00,no
2026-10-05T01:14:25.15567Z,KXZEC15M-26OCT042115-15,0.0030,20.00,no
2026-10-05T01:14:25.15567Z,KXZEC15M-26OCT042115-15,0.0020,100.00,no
2026-10-05T01:14:25.15567Z,KXZEC15M-26OCT042115-15,0.0020,19.00,no
2026-10-05T01:14:25.15567Z,KXZEC15M-26OCT042115-15,0.0030,18.00,no
2026-10-05T01:14:25.15567Z,KXZEC15M-26OCT042115-15,0.0030,2.00,no
2026-10-05T01:14:25.15567Z,KXZEC15M-26OCT042115-15,0.0030,2.00,no
2026-10-05T01:14:26.174304Z,KXZEC15M-26OCT042115-15,0.0040,5.00,no
2026-10-05T01:14:26.174304Z,KXZEC15M-26OCT042115-15,0.0030,32.00,no
2026-10-05T01:14:26.174304Z,KXZEC15M-26OCT042115-15,0.0030,0.03,no
2026-10-05T01:14:26.174304Z,KXZEC15M-26OCT042115-15,0.0020,74.19,no
2026-10-05T01:14:30.005189Z,KXZEC15M-26OCT042115-15,0.0080,74.00,yes
2026-10-05T01:14:30.005189Z,KXZEC15M-26OCT042115-15,0.0080,19.00,yes
2026-10-05T01:14:30.005189Z,KXZEC15M-26OCT042115-15,0.0070,20.00,yes
2026-10-05T01:14:30.005189Z,KXZEC15M-26OCT042115-15,0.0070,100.00,yes
2026-10-05T01:14:30.005189Z,KXZEC15M-26OCT042115-15,0.0080,75.00,yes
2026-10-05T01:14:30.005189Z,KXZEC15M-26OCT042115-15,0.0080,40.00,yes
2026-10-05T01:14:30.005189Z,KXZEC15M-26OCT042115-15,0.0110,29.87,yes
2026-10-05T01:14:30.150907Z,KXZEC15M-26OCT042115-15,0.0030,0.03,no
2026-10-05T01:14:30.150907Z,KXZEC15M-26OCT042115-15,0.0030,5.00,no
2026-10-05T01:14:30.150907Z,KXZEC15M-26OCT042115-15,0.0030,26.00,no
2026-10-05T01:14:30.150907Z,KXZEC15M-26OCT042115-15,0.0030,3.00,no
2026-10-05T01:14:30.150907Z,KXZEC15M-26OCT042115-15,0.0020,77.19,no
2026-10-05T01:14:31.983994Z,KXZEC15M-26OCT042115-15,0.0080,77.00,yes
2026-10-05T01:14:31.983994Z,KXZEC15M-26OCT042115-15,0.0160,43.81,yes
2026-10-05T01:14:31.983994Z,KXZEC15M-26OCT042115-15,0.0150,20.00,yes
2026-10-05T01:14:31.983994Z,KXZEC15M-26OCT042115-15,0.0150,0.03,yes
2026-10-05T01:14:31.983994Z,KXZEC15M-26OCT042115-15,0.0080,25.00,yes
2026-10-05T01:14:31.983994Z,KXZEC15M-26OCT042115-15,0.0090,1.00,yes
2026-10-05T01:14:35.258589Z,KXZEC15M-26OCT042115-15,0.0030,0.03,no
2026-10-05T01:14:35.258589Z,KXZEC15M-26OCT042115-15,0.0030,1.00,no
2026-10-05T01:14:35.258589Z,KXZEC15M-26OCT042115-15,0.0030,5.00,no
2026-10-05T01:14:35.258589Z,KXZEC15M-26OCT042115-15,0.0020,16.00,no
2026-10-05T01:14:38.426743Z,KXZEC15M-26OCT042115-15,0.0020,0.50,no
2026-10-05T01:14:39.625184Z,KXZEC15M-26OCT042115-15,0.0020,11.02,no
2026-10-05T01:14:40.574272Z,KXZEC15M-26OCT042115-15,0.0020,98.13,no
2026-10-05T01:14:40.574272Z,KXZEC15M-26OCT042115-15,0.0020,3.00,no
2026-10-05T01:14:40.574272Z,KXZEC15M-26OCT042115-15,0.0020,3.00,no
2026-10-05T01:14:40.574272Z,KXZEC15M-26OCT042115-15,0.0020,3.00,no
2026-10-05T01:14:40.574272Z,KXZEC15M-26OCT042115-15,0.0020,20.00,no
2026-10-05T01:14:40.574272Z,KXZEC15M-26OCT042115-15,0.0020,2.10,no
2026-10-05T01:14:40.574272Z,KXZEC15M-26OCT042115-15,0.0020,3.00,no
2026-10-05T01:14:40.574272Z,KXZEC15M-26OCT042115-15,0.0020,3.00,no
2026-10-05T01:14:40.574272Z,KXZEC15M-26OCT042115-15,0.0020,26.00,no
2026-10-05T01:14:41.176056Z,KXZEC15M-26OCT042115-15,0.0020,5.00,no
2026-10-05T01:14:41.176056Z,KXZEC15M-26OCT042115-15,0.0020,1.87,no
2026-10-05T01:14:44.342914Z,KXZEC15M-26OCT042115-15,0.0010,11.01,no
2026-10-05T01:14:44.377114Z,KXZEC15M-26OCT042115-15,0.0010,14.00,no
2026-10-05T01:14:46.48133Z,KXZEC15M-26OCT042115-15,0.0020,45.00,yes
2026-10-05T01:14:47.656408Z,KXZEC15M-26OCT042115-15,0.0010,5.00,no
2026-10-05T01:14:47.656408Z,KXZEC15M-26OCT042115-15,0.0010,80.00,no
2026-10-05T01:14:47.656408Z,KXZEC15M-26OCT042115-15,0.0010,174.99,no
2026-10-05T01:14:47.656408Z,KXZEC15M-26OCT042115-15,0.0010,1.00,no
2026-10-05T01:14:47.656408Z,KXZEC15M-26OCT042115-15,0.0010,1.00,no
2026-10-05T01:14:47.656408Z,KXZEC15M-26OCT042115-15,0.0010,20.00,no
2026-10-05T01:14:47.656408Z,KXZEC15M-26OCT042115-15,0.0010,1.00,no
2026-10-05T01:14:49.735085Z,KXZEC15M-26OCT042115-15,0.0010,47.14,yes
2026-10-05T01:26:00.330749Z,KXBNB15M-26OCT042130-30,0.9900,15.77,yes
2026-10-05T01:26:00.330749Z,KXBNB15M-26OCT042130-30,0.9900,7.62,yes
2026-10-05T01:26:01.212408Z,KXBNB15M-26OCT042130-30,0.9900,20.00,yes
2026-10-05T01:26:01.840072Z,KXBNB15M-26OCT042130-30,0.9700,0.39,no
2026-10-05T01:26:01.840072Z,KXBNB15M-26OCT042130-30,0.9720,0.32,no
2026-10-05T01:26:01.840072Z,KXBNB15M-26OCT042130-30,0.9710,0.35,no
2026-10-05T01:26:01.840072Z,KXBNB15M-26OCT042130-30,0.9750,0.25,no
2026-10-05T01:26:01.840072Z,KXBNB15M-26OCT042130-30,0.9730,0.30,no
2026-10-05T01:26:01.840072Z,KXBNB15M-26OCT042130-30,0.9740,0.27,no
2026-10-05T01:26:01.840072Z,KXBNB15M-26OCT042130-30,0.9810,2.00,no
2026-10-05T01:26:01.840072Z,KXBNB15M-26OCT042130-30,0.9830,0.22,no
2026-10-05T01:26:01.840072Z,KXBNB15M-26OCT042130-30,0.9820,2.00,no
2026-10-05T01:26:01.840072Z,KXBNB15M-26OCT042130-30,0.9700,41.73,no
2026-10-05T01:26:01.840072Z,KXBNB15M-26OCT042130-30,0.9820,20.00,no
2026-10-05T01:26:01.840072Z,KXBNB15M-26OCT042130-30,0.9750,20.00,no
2026-10-05T01:26:01.840072Z,KXBNB15M-26OCT042130-30,0.9820,15.77,no
2026-10-05T01:26:01.840072Z,KXBNB15M-26OCT042130-30,0.9800,88.00,no
2026-10-05T01:26:01.840072Z,KXBNB15M-26OCT042130-30,0.9810,0.22,no
2026-10-05T01:26:01.840072Z,KXBNB15M-26OCT042130-30,0.9800,0.22,no
2026-10-05T01:26:01.840072Z,KXBNB15M-26OCT042130-30,0.9790,0.22,no
2026-10-05T01:26:01.840072Z,KXBNB15M-26OCT042130-30,0.9770,0.30,no
2026-10-05T01:26:01.840072Z,KXBNB15M-26OCT042130-30,0.9780,0.27,no
2026-10-05T01:26:01.840072Z,KXBNB15M-26OCT042130-30,0.9820,5.00,no
2026-10-05T01:26:01.840072Z,KXBNB15M-26OCT042130-30,0.9830,1.00,no
2026-10-05T01:26:01.840072Z,KXBNB15M-26OCT042130-30,0.9760,0.39,no
2026-10-05T01:26:01.840072Z,KXBNB15M-26OCT042130-30,0.9820,0.22,no
2026-10-05T01:26:02.009689Z,KXBNB15M-26OCT042130-30,0.9890,2.00,yes
2026-10-05T01:26:02.009689Z,KXBNB15M-26OCT042130-30,0.9890,8.00,yes
2026-10-05T01:26:03.933713Z,KXBNB15M-26OCT042130-30,0.9900,39.23,yes
2026-10-05T01:26:03.933713Z,KXBNB15M-26OCT042130-30,0.9900,3.00,yes
2026-10-05T01:26:03.933713Z,KXBNB15M-26OCT042130-30,0.9860,3.94,yes
2026-10-05T01:26:05.110375Z,KXBNB15M-26OCT042130-30,0.9900,53.83,no
2026-10-05T01:26:05.110375Z,KXBNB15M-26OCT042130-30,0.9900,0.01,no
2026-10-05T01:26:05.110375Z,KXBNB15M-26OCT042130-30,0.9900,39.23,no
2026-10-05T01:26:05.154515Z,KXBNB15M-26OCT042130-30,0.9900,1.07,yes
2026-10-05T01:26:05.154515Z,KXBNB15M-26OCT042130-30,0.9900,4.93,yes
2026-10-05T01:26:05.476428Z,KXBNB15M-26OCT042130-30,0.9900,70.00,yes
2026-10-05T01:26:05.591873Z,KXBNB15M-26OCT042130-30,0.9860,0.32,no
2026-10-05T01:26:05.591873Z,KXBNB15M-26OCT042130-30,0.9890,0.25,no
2026-10-05T01:26:05.591873Z,KXBNB15M-26OCT042130-30,0.9870,0.30,no
2026-10-05T01:26:05.591873Z,KXBNB15M-26OCT042130-30,0.9880,0.27,no
2026-10-05T01:26:05.591873Z,KXBNB15M-26OCT042130-30,0.9840,7.46,no
2026-10-05T01:26:05.758233Z,KXBNB15M-26OCT042130-30,0.9810,2.00,no
2026-10-05T01:26:05.758233Z,KXBNB15M-26OCT042130-30,0.9850,0.35,no
2026-10-05T01:26:05.758233Z,KXBNB15M-26OCT042130-30,0.9820,5.00,no
2026-10-05T01:26:05.758233Z,KXBNB15M-26OCT042130-30,0.9800,2.78,no
2026-10-05T01:26:05.845084Z,KXBNB15M-26OCT042130-30,0.9850,2.78,yes
2026-10-05T01:26:05.845084Z,KXBNB15M-26OCT042130-30,0.9900,1.22,yes
2026-10-05T01:26:05.845084Z,KXBNB15M-26OCT042130-30,0.9890,2.00,yes
2026-10-05T01:26:07.445464Z,KXBNB15M-26OCT042130-30,0.9830,5.00,no
2026-10-05T01:26:07.445464Z,KXBNB15M-26OCT042130-30,0.9800,404.68,no
2026-10-05T01:26:07.445464Z,KXBNB15M-26OCT042130-30,0.9820,2.00,no
2026-10-05T01:26:07.445464Z,KXBNB15M-26OCT042130-30,0.9830,1.00,no
2026-10-05T01:26:07.445464Z,KXBNB15M-26OCT042130-30,0.9800,17.30,no
2026-10-05T01:26:07.445464Z,KXBNB15M-26OCT042130-30,0.9810,40.00,no
2026-10-05T01:26:07.637524Z,KXBNB15M-26OCT042130-30,0.9850,17.00,yes
2026-10-05T01:26:08.252069Z,KXBNB15M-26OCT042130-30,0.9850,0.30,yes
2026-10-05T01:26:13.784533Z,KXBNB15M-26OCT042130-30,0.9900,30.00,yes
2026-10-05T01:26:14.820301Z,KXBNB15M-26OCT042130-30,0.9830,2.00,no
2026-10-05T01:26:15.103146Z,KXBNB15M-26OCT042130-30,0.9900,100.00,yes
2026-10-05T01:26:18.885811Z,KXBNB15M-26OCT042130-30,0.9900,1.00,yes
2026-10-05T01:26:19.734346Z,KXBNB15M-26OCT042130-30,0.9760,0.52,no
2026-10-05T01:26:19.734346Z,KXBNB15M-26OCT042130-30,0.9800,0.39,no
2026-10-05T01:26:19.734346Z,KXBNB15M-26OCT042130-30,0.9750,0.57,no
2026-10-05T01:26:19.734346Z,KXBNB15M-26OCT042130-30,0.9770,0.47,no
2026-10-05T01:26:19.734346Z,KXBNB15M-26OCT042130-30,0.9790,0.39,no
2026-10-05T01:26:19.734346Z,KXBNB15M-26OCT042130-30,0.9780,0.43,no
2026-10-05T01:26:19.734346Z,KXBNB15M-26OCT042130-30,0.9820,0.30,no
2026-10-05T01:26:19.734346Z,KXBNB15M-26OCT042130-30,0.9810,0.32,no
2026-10-05T01:26:19.734346Z,KXBNB15M-26OCT042130-30,0.9700,2.00,no
2026-10-05T01:26:19.734346Z,KXBNB15M-26OCT042130-30,0.9790,5.00,no
2026-10-05T01:26:19.734346Z,KXBNB15M-26OCT042130-30,0.9830,2.00,no
2026-10-05T01:26:19.734346Z,KXBNB15M-26OCT042130-30,0.9700,48.33,no
2026-10-05T01:26:19.734346Z,KXBNB15M-26OCT042130-30,0.9710,0.30,no
2026-10-05T01:26:19.734346Z,KXBNB15M-26OCT042130-30,0.9730,0.25,no
2026-10-05T01:26:19.734346Z,KXBNB15M-26OCT042130-30,0.9700,0.32,no
2026-10-05T01:26:19.734346Z,KXBNB15M-26OCT042130-30,0.9720,0.27,no
2026-10-05T01:26:19.734346Z,KXBNB15M-26OCT042130-30,0.9740,0.22,no
2026-10-05T01:26:20.326695Z,KXBNB15M-26OCT042130-30,0.9890,1.79,yes
2026-10-05T01:26:20.326695Z,KXBNB15M-26OCT042130-30,0.9900,50.21,yes
2026-10-05T01:26:20.326695Z,KXBNB15M-26OCT042130-30,0.9900,20.00,yes
2026-10-05T01:26:20.816332Z,KXBNB15M-26OCT042130-30,0.9700,10.74,no
2026-10-05T01:26:20.816332Z,KXBNB15M-26OCT042130-30,0.9740,0.35,no
2026-10-05T01:26:20.816332Z,KXBNB15M-26OCT042130-30,0.9720,0.43,no
2026-10-05T01:26:20.816332Z,KXBNB15M-26OCT042130-30,0.9820,2.00,no
2026-10-05T01:26:20.816332Z,KXBNB15M-26OCT042130-30,0.9770,0.27,no
2026-10-05T01:26:20.816332Z,KXBNB15M-26OCT042130-30,0.9760,0.30,no
2026-10-05T01:26:20.816332Z,KXBNB15M-26OCT042130-30,0.9750,0.32,no
2026-10-05T01:26:20.816332Z,KXBNB15M-26OCT042130-30,0.9810,2.00,no
2026-10-05T01:26:25.588441Z,KXBNB15M-26OCT042130-30,0.9880,6.12,yes
2026-10-05T01:26:34.172151Z,KXBNB15M-26OCT042130-30,0.9810,1.00,no
2026-10-05T01:26:34.172151Z,KXBNB15M-26OCT042130-30,0.9810,2.00,no
2026-10-05T01:26:34.172151Z,KXBNB15M-26OCT042130-30,0.9810,0.27,no
2026-10-05T01:26:36.279266Z,KXBNB15M-26OCT042130-30,0.9890,5.00,yes
2026-10-05T01:26:36.279266Z,KXBNB15M-26OCT042130-30,0.9890,2.00,yes
2026-10-05T01:26:46.041664Z,KXBNB15M-26OCT042130-30,0.9820,2.00,no
2026-10-05T01:26:46.611943Z,KXBNB15M-26OCT042130-30,0.9900,75.00,yes
2026-10-05T01:26:47.696665Z,KXBNB15M-26OCT042130-30,0.9900,10.00,no
2026-10-05T01:26:48.371009Z,KXBNB15M-26OCT042130-30,0.9900,10.00,no
2026-10-05T01:26:48.574115Z,KXBNB15M-26OCT042130-30,0.9900,10.00,no
2026-10-05T01:26:48.673206Z,KXBNB15M-26OCT042130-30,0.9900,10.20,no
2026-10-05T01:26:48.713409Z,KXBNB15M-26OCT042130-30,0.9900,10.06,no
2026-10-05T01:26:48.804134Z,KXBNB15M-26OCT042130-30,0.9900,1.00,no
2026-10-05T01:26:49.05608Z,KXBNB15M-26OCT042130-30,0.9900,10.11,no
2026-10-05T01:26:49.073047Z,KXBNB15M-26OCT042130-30,0.9900,10.95,no
2026-10-05T01:26:49.082948Z,KXBNB15M-26OCT042130-30,0.9900,14.25,no
2026-10-05T01:26:49.092984Z,KXBNB15M-26OCT042130-30,0.9900,12.08,no
2026-10-05T01:26:49.104287Z,KXBNB15M-26OCT042130-30,0.9900,9.12,no
2026-10-05T01:26:49.104287Z,KXBNB15M-26OCT042130-30,0.9900,1.35,no
2026-10-05T01:26:49.109304Z,KXBNB15M-26OCT042130-30,0.9900,10.23,no
2026-10-05T01:26:49.133881Z,KXBNB15M-26OCT042130-30,0.9900,11.82,no
2026-10-05T01:26:49.553006Z,KXBNB15M-26OCT042130-30,0.9900,14.19,no
2026-10-05T01:26:49.5836Z,KXBNB15M-26OCT042130-30,0.9900,10.86,no
2026-10-05T01:26:49.723252Z,KXBNB15M-26OCT042130-30,0.9960,460.73,yes
2026-10-05T01:26:49.723252Z,KXBNB15M-26OCT042130-30,0.9950,31.00,yes
2026-10-05T01:26:49.723252Z,KXBNB15M-26OCT042130-30,0.9950,60.00,yes
2026-10-05T01:26:49.723252Z,KXBNB15M-26OCT042130-30,0.9950,11.00,yes
2026-10-05T01:26:49.723252Z,KXBNB15M-26OCT042130-30,0.9910,0.27,yes
2026-10-05T01:26:49.723252Z,KXBNB15M-26OCT042130-30,0.9940,2.00,yes
2026-10-05T01:26:49.723252Z,KXBNB15M-26OCT042130-30,0.9950,19.00,yes
2026-10-05T01:26:49.723252Z,KXBNB15M-26OCT042130-30,0.9950,2.00,yes
2026-10-05T01:26:49.723252Z,KXBNB15M-26OCT042130-30,0.9910,4.00,yes
2026-10-05T01:26:49.754913Z,KXBNB15M-26OCT042130-30,0.9950,1.00,yes
2026-10-05T01:26:51.938412Z,KXBNB15M-26OCT042130-30,0.9900,18.78,no
2026-10-05T01:26:51.938412Z,KXBNB15M-26OCT042130-30,0.9900,18.62,no
2026-10-05T01:26:53.876578Z,KXBNB15M-26OCT042130-30,0.9920,10.91,no
2026-10-05T01:26:53.904574Z,KXBNB15M-26OCT042130-30,0.9920,11.56,no
2026-10-05T01:26:54.163858Z,KXBNB15M-26OCT042130-30,0.9920,10.21,no
2026-10-05T01:26:54.377611Z,KXBNB15M-26OCT042130-30,0.9920,11.21,no
2026-10-05T01:26:54.384892Z,KXBNB15M-26OCT042130-30,0.9920,14.94,no
2026-10-05T01:26:54.388277Z,KXBNB15M-26OCT042130-30,0.9920,18.16,no
2026-10-05T01:26:54.392645Z,KXBNB15M-26OCT042130-30,0.9920,11.30,no
2026-10-05T01:26:54.397745Z,KXBNB15M-26OCT042130-30,0.9920,10.51,no
2026-10-05T01:26:54.398672Z,KXBNB15M-26OCT042130-30,0.9920,10.29,no
2026-10-05T01:26:54.402826Z,KXBNB15M-26OCT042130-30,0.9920,10.17,no
2026-10-05T01:26:54.495471Z,KXBNB15M-26OCT042130-30,0.9920,13.82,no
2026-10-05T01:26:54.51747Z,KXBNB15M-26OCT042130-30,0.9920,10.26,no
2026-10-05T01:26:54.53979Z,KXBNB15M-26OCT042130-30,0.9920,11.72,no
2026-10-05T01:26:56.388803Z,KXBNB15M-26OCT042130-30,0.9950,2.00,yes
2026-10-05T01:26:56.388803Z,KXBNB15M-26OCT042130-30,0.9940,24.00,yes
2026-10-05T01:26:56.388803Z,KXBNB15M-26OCT042130-30,0.9940,2.00,yes
2026-10-05T01:26:56.388803Z,KXBNB15M-26OCT042130-30,0.9950,59.00,yes
2026-10-05T01:26:56.425781Z,KXBNB15M-26OCT042130-30,0.9960,1.00,yes
2026-10-05T01:26:56.425781Z,KXBNB15M-26OCT042130-30,0.9960,1.00,yes
2026-10-05T01:26:56.425781Z,KXBNB15M-26OCT042130-30,0.9960,13.00,yes
2026-10-05T01:26:56.425781Z,KXBNB15M-26OCT042130-30,0.9960,1.00,yes
2026-10-05T01:26:56.425781Z,KXBNB15M-26OCT042130-30,0.9960,1.00,yes
2026-10-05T01:26:56.425781Z,KXBNB15M-26OCT042130-30,0.9960,1.00,yes
2026-10-05T01:26:56.425781Z,KXBNB15M-26OCT042130-30,0.9960,18.00,yes
2026-10-05T01:26:56.440572Z,KXBNB15M-26OCT042130-30,0.9960,21.00,yes
2026-10-05T01:26:56.440572Z,KXBNB15M-26OCT042130-30,0.9960,1.00,yes
2026-10-05T01:26:56.460297Z,KXBNB15M-26OCT042130-30,0.9960,1.00,yes
2026-10-05T01:26:56.460297Z,KXBNB15M-26OCT042130-30,0.9960,1.00,yes
2026-10-05T01:26:57.475002Z,KXBNB15M-26OCT042130-30,0.9920,47.00,no
2026-10-05T01:26:57.475289Z,KXBNB15M-26OCT042130-30,0.9920,28.00,no
2026-10-05T01:26:57.475907Z,KXBNB15M-26OCT042130-30,0.9920,4.00,no
2026-10-05T01:26:57.476087Z,KXBNB15M-26OCT042130-30,0.9920,9.00,no
2026-10-05T01:26:58.745033Z,KXBNB15M-26OCT042130-30,0.9970,100.00,yes
2026-10-05T01:26:58.745033Z,KXBNB15M-26OCT042130-30,0.9970,59.67,yes
2026-10-05T01:26:58.745033Z,KXBNB15M-26OCT042130-30,0.9960,1.00,yes
2026-10-05T01:26:58.745033Z,KXBNB15M-26OCT042130-30,0.9960,21.00,yes
2026-10-05T01:26:58.745033Z,KXBNB15M-26OCT042130-30,0.9960,19.00,yes
2026-10-05T01:26:58.745033Z,KXBNB15M-26OCT042130-30,0.9960,17.00,yes
2026-10-05T01:27:00.988748Z,KXBNB15M-26OCT042130-30,0.9970,250.00,yes
2026-10-05T01:27:00.988748Z,KXBNB15M-26OCT042130-30,0.9970,2.00,yes
2026-10-05T01:27:00.988748Z,KXBNB15M-26OCT042130-30,0.9970,2.00,yes
2026-10-05T01:27:00.988748Z,KXBNB15M-26OCT042130-30,0.9970,2.00,yes
2026-10-05T01:27:00.988748Z,KXBNB15M-26OCT042130-30,0.9970,18.00,yes
2026-10-05T01:27:00.988748Z,KXBNB15M-26OCT042130-30,0.9970,2.00,yes
2026-10-05T01:27:00.988748Z,KXBNB15M-26OCT042130-30,0.9970,2.00,yes
2026-10-05T01:27:00.988748Z,KXBNB15M-26OCT042130-30,0.9960,22.00,yes
2026-10-05T01:27:00.988748Z,KXBNB15M-26OCT042130-30,0.9960,19.00,yes
2026-10-05T01:27:00.988748Z,KXBNB15M-26OCT042130-30,0.9970,2.00,yes
2026-10-05T01:27:00.988748Z,KXBNB15M-26OCT042130-30,0.9970,17.00,yes
2026-10-05T01:27:02.053838Z,KXBNB15M-26OCT042130-30,0.9970,19.00,yes
2026-10-05T01:27:02.053838Z,KXBNB15M-26OCT042130-30,0.9970,81.00,yes
2026-10-05T01:27:02.053838Z,KXBNB15M-26OCT042130-30,0.9970,13.00,yes
2026-10-05T01:27:05.966064Z,KXBNB15M-26OCT042130-30,0.9970,10.00,yes
2026-10-05T01:27:06.605701Z,KXBNB15M-26OCT042130-30,0.9970,6.00,yes
2026-10-05T01:27:07.85742Z,KXBNB15M-26OCT042130-30,0.9970,13.00,yes
2026-10-05T01:27:07.85742Z,KXBNB15M-26OCT042130-30,0.9970,153.00,yes
2026-10-05T01:27:07.85742Z,KXBNB15M-26OCT042130-30,0.9970,17.00,yes
2026-10-05T01:27:08.819438Z,KXBNB15M-26OCT042130-30,0.9980,15.87,yes
2026-10-05T01:27:19.169057Z,KXBNB15M-26OCT042130-30,0.9940,20.00,no
2026-10-05T01:27:24.845944Z,KXBNB15M-26OCT042130-30,0.9980,32.00,yes
2026-10-05T01:27:39.995041Z,KXBNB15M-26OCT042130-30,0.9970,75.00,no
2026-10-05T01:27:42.83237Z,KXBNB15M-26OCT042130-30,0.9980,201.87,yes
2026-10-05T01:27:42.83237Z,KXBNB15M-26OCT042130-30,0.9980,152.13,yes
2026-10-05T01:27:47.006001Z,KXBNB15M-26OCT042130-30,0.9980,55.00,yes
2026-10-05T01:27:47.13327Z,KXBNB15M-26OCT042130-30,0.9970,33.35,no
2026-10-05T01:27:47.13327Z,KXBNB15M-26OCT042130-30,0.9970,10.00,no
2026-10-05T01:27:47.13327Z,KXBNB15M-26OCT042130-30,0.9970,6.00,no
2026-10-05T01:27:47.13327Z,KXBNB15M-26OCT042130-30,0.9970,81.00,no
2026-10-05T01:27:47.13327Z,KXBNB15M-26OCT042130-30,0.9970,175.00,no
2026-10-05T01:27:57.026243Z,KXBNB15M-26OCT042130-30,0.9950,0.34,no
2026-10-05T01:27:57.026243Z,KXBNB15M-26OCT042130-30,0.9960,0.34,no
2026-10-05T01:27:57.026243Z,KXBNB15M-26OCT042130-30,0.9940,0.34,no
2026-10-05T01:27:57.026243Z,KXBNB15M-26OCT042130-30,0.9970,0.38,no
2026-10-05T01:27:57.026243Z,KXBNB15M-26OCT042130-30,0.9930,18.34,no
2026-10-05T01:27:57.026243Z,KXBNB15M-26OCT042130-30,0.9960,58.00,no
2026-10-05T01:27:57.026243Z,KXBNB15M-26OCT042130-30,0.9970,39.67,no
2026-10-05T01:27:57.026243Z,KXBNB15M-26OCT042130-30,0.9930,0.36,no
2026-10-05T01:27:57.026243Z,KXBNB15M-26OCT042130-30,0.9950,200.00,no
2026-10-05T01:27:57.026243Z,KXBNB15M-26OCT042130-30,0.9970,119.65,no
2026-10-05T01:27:58.740932Z,KXBNB15M-26OCT042130-30,0.9980,60.11,yes
2026-10-05T01:27:59.166646Z,KXBNB15M-26OCT042130-30,0.9930,1.31,no
2026-10-05T01:28:01.937398Z,KXBNB15M-26OCT042130-30,0.9980,182.22,yes
2026-10-05T01:28:01.972703Z,KXBNB15M-26OCT042130-30,0.9980,55.00,yes
2026-10-05T01:28:02.077123Z,KXBNB15M-26OCT042130-30,0.9980,5.00,yes
2026-10-05T01:28:02.461973Z,KXBNB15M-26OCT042130-30,0.9980,1.00,yes
2026-10-05T01:28:07.669903Z,KXBNB15M-26OCT042130-30,0.9950,8.00,no
2026-10-05T01:28:07.669903Z,KXBNB15M-26OCT042130-30,0.9940,20.00,no
2026-10-05T01:28:07.669903Z,KXBNB15M-26OCT042130-30,0.9940,20.00,no
2026-10-05T01:28:07.669903Z,KXBNB15M-26OCT042130-30,0.9940,20.00,no
2026-10-05T01:28:07.669903Z,KXBNB15M-26OCT042130-30,0.9940,10.13,no
2026-10-05T01:28:17.644252Z,KXBNB15M-26OCT042130-30,0.9980,202.00,yes
2026-10-05T01:28:17.868131Z,KXBNB15M-26OCT042130-30,0.9980,13.42,yes
2026-10-05T01:28:20.449041Z,KXBNB15M-26OCT042130-30,0.9980,11.93,yes
2026-10-05T01:28:20.449041Z,KXBNB15M-26OCT042130-30,0.9980,41.36,yes
2026-10-05T01:28:21.568806Z,KXBNB15M-26OCT042130-30,0.9980,70.13,yes
2026-10-05T01:28:21.568806Z,KXBNB15M-26OCT042130-30,0.9980,14.07,yes
2026-10-05T01:28:21.568806Z,KXBNB15M-26OCT042130-30,0.9980,3.00,yes
2026-10-05T01:28:21.568806Z,KXBNB15M-26OCT042130-30,0.9980,3.00,yes
2026-10-05T01:28:21.568806Z,KXBNB15M-26OCT042130-30,0.9980,3.00,yes
2026-10-05T01:28:21.568806Z,KXBNB15M-26OCT042130-30,0.9980,3.00,yes
2026-10-05T01:28:21.568806Z,KXBNB15M-26OCT042130-30,0.9980,3.00,yes
2026-10-05T01:28:21.568806Z,KXBNB15M-26OCT042130-30,0.9980,1.00,yes
2026-10-05T01:28:23.395548Z,KXBNB15M-26OCT042130-30,0.9980,20.00,yes
2026-10-05T01:28:23.399777Z,KXBNB15M-26OCT042130-30,0.9980,17.00,yes
2026-10-05T01:28:23.411536Z,KXBNB15M-26OCT042130-30,0.9980,9.00,yes
2026-10-05T01:28:23.443215Z,KXBNB15M-26OCT042130-30,0.9980,20.00,yes
2026-10-05T01:28:29.872563Z,KXBNB15M-26OCT042130-30,0.9980,30.00,yes
2026-10-05T01:28:31.019081Z,KXBNB15M-26OCT042130-30,0.9980,30.00,yes
2026-10-05T01:28:31.019081Z,KXBNB15M-26OCT042130-30,0.9980,170.00,yes
2026-10-05T01:28:31.033049Z,KXBNB15M-26OCT042130-30,0.9980,200.00,yes
2026-10-05T01:28:31.065297Z,KXBNB15M-26OCT042130-30,0.9980,200.00,yes
2026-10-05T01:28:31.539707Z,KXBNB15M-26OCT042130-30,0.9980,53.00,yes
2026-10-05T01:28:32.004492Z,KXBNB15M-26OCT042130-30,0.9980,3.00,yes
2026-10-05T01:28:32.004492Z,KXBNB15M-26OCT042130-30,0.9980,17.00,yes
2026-10-05T01:28:34.142595Z,KXBNB15M-26OCT042130-30,0.9980,182.22,no
2026-10-05T01:28:34.142595Z,KXBNB15M-26OCT042130-30,0.9980,5.00,no
2026-10-05T01:28:34.142595Z,KXBNB15M-26OCT042130-30,0.9980,1.00,no
2026-10-05T01:28:34.142595Z,KXBNB15M-26OCT042130-30,0.9980,55.00,no
2026-10-05T01:28:34.142595Z,KXBNB15M-26OCT042130-30,0.9980,148.00,no
2026-10-05T01:28:34.142595Z,KXBNB15M-26OCT042130-30,0.9980,7.03,no
2026-10-05T01:28:34.142595Z,KXBNB15M-26OCT042130-30,0.9980,6.60,no
2026-10-05T01:28:34.142595Z,KXBNB15M-26OCT042130-30,0.9980,6.60,no
2026-10-05T01:28:34.142595Z,KXBNB15M-26OCT042130-30,0.9980,7.01,no
2026-10-05T01:28:34.142595Z,KXBNB15M-26OCT042130-30,0.9980,6.60,no
2026-10-05T01:28:34.142595Z,KXBNB15M-26OCT042130-30,0.9980,7.01,no
2026-10-05T01:28:34.142595Z,KXBNB15M-26OCT042130-30,0.9980,5.40,no
2026-10-05T01:28:34.142595Z,KXBNB15M-26OCT042130-30,0.9980,20.54,no
2026-10-05T01:28:37.019422Z,KXBNB15M-26OCT042130-30,0.9990,1.00,yes
2026-10-05T01:28:37.019422Z,KXBNB15M-26OCT042130-30,0.9990,100.00,yes
2026-10-05T01:28:37.019422Z,KXBNB15M-26OCT042130-30,0.9990,1.00,yes
2026-10-05T01:28:37.019422Z,KXBNB15M-26OCT042130-30,0.9990,98.00,yes
2026-10-05T01:28:37.034512Z,KXBNB15M-26OCT042130-30,0.9990,200.00,yes
2026-10-05T01:28:37.050566Z,KXBNB15M-26OCT042130-30,0.9990,200.00,yes
2026-10-05T01:28:37.119302Z,KXBNB15M-26OCT042130-30,0.9990,200.00,yes
2026-10-05T01:28:37.215692Z,KXBNB15M-26OCT042130-30,0.9990,200.00,yes
2026-10-05T01:28:37.277917Z,KXBNB15M-26OCT042130-30,0.9990,200.00,yes
2026-10-05T01:28:37.369695Z,KXBNB15M-26OCT042130-30,0.9990,200.00,yes
2026-10-05T01:28:37.562886Z,KXBNB15M-26OCT042130-30,0.9990,1.00,yes
2026-10-05T01:28:39.746491Z,KXBNB15M-26OCT042130-30,0.9990,100.09,yes
2026-10-05T01:28:42.63971Z,KXBNB15M-26OCT042130-30,0.9990,17.00,yes
2026-10-05T01:28:42.63971Z,KXBNB15M-26OCT042130-30,0.9990,80.00,yes
2026-10-05T01:28:42.63971Z,KXBNB15M-26OCT042130-30,0.9990,99.00,yes
2026-10-05T01:28:42.63971Z,KXBNB15M-26OCT042130-30,0.9990,1.00,yes
2026-10-05T01:28:42.63971Z,KXBNB15M-26OCT042130-30,0.9990,1100.91,yes
2026-10-05T01:28:43.427274Z,KXBNB15M-26OCT042130-30,0.9990,93.49,no
2026-10-05T01:28:56.709991Z,KXBNB15M-26OCT042130-30,0.9990,100.00,no
2026-10-05T01:28:56.709991Z,KXBNB15M-26OCT042130-30,0.9990,214.60,no
2026-10-05T01:28:56.709991Z,KXBNB15M-26OCT042130-30,0.9990,601.39,no
2026-10-05T01:29:24.584194Z,KXBNB15M-26OCT042130-30,0.9990,23.33,no
2026-10-05T01:29:26.2577Z,KXBNB15M-26OCT042130-30,0.9990,30.00,no
2026-10-05T01:29:26.2577Z,KXBNB15M-26OCT042130-30,0.9990,83.68,no
2026-10-05T01:29:26.2577Z,KXBNB15M-26OCT042130-30,0.9990,202.00,no
2026-10-05T01:29:26.2577Z,KXBNB15M-26OCT042130-30,0.9990,13.42,no
2026-10-05T01:29:26.2577Z,KXBNB15M-26OCT042130-30,0.9990,41.36,no
2026-10-05T01:29:26.2577Z,KXBNB15M-26OCT042130-30,0.9990,476.19,no
2026-10-05T01:29:26.2577Z,KXBNB15M-26OCT042130-30,0.9990,69.34,no
2026-10-05T01:29:39.33814Z,KXBNB15M-26OCT042130-30,0.9990,17.00,no
2026-10-05T01:29:39.33814Z,KXBNB15M-26OCT042130-30,0.9990,39.95,no
2026-10-05T01:29:39.33814Z,KXBNB15M-26OCT042130-30,0.9990,200.00,no
2026-10-05T01:29:39.33814Z,KXBNB15M-26OCT042130-30,0.9990,200.00,no
2026-10-05T01:29:39.33814Z,KXBNB15M-26OCT042130-30,0.9990,98.00,no
2026-10-05T01:29:39.33814Z,KXBNB15M-26OCT042130-30,0.9990,100.09,no
2026-10-05T01:29:39.33814Z,KXBNB15M-26OCT042130-30,0.9990,53.00,no
2026-10-05T01:29:39.33814Z,KXBNB15M-26OCT042130-30,0.9990,116.32,no
2026-10-05T01:29:59.327006Z,KXBNB15M-26OCT042130-30,0.9990,200.00,no
2026-10-05T01:29:59.327006Z,KXBNB15M-26OCT042130-30,0.9990,160.05,no
2026-10-05T01:29:59.327006Z,KXBNB15M-26OCT042130-30,0.9990,200.00,no
2026-10-05T01:29:59.327006Z,KXBNB15M-26OCT042130-30,0.9990,155.94,no
2026-10-05T01:29:59.327006Z,KXBNB15M-26OCT042130-30,0.9990,200.00,no
2026-10-05T01:26:42.185991Z,KXXRP15M-26OCT042130-30,0.9760,60.00,no
2026-10-05T01:26:42.185991Z,KXXRP15M-26OCT042130-30,0.9760,5.00,no
2026-10-05T01:26:42.185991Z,KXXRP15M-26OCT042130-30,0.9770,10.00,no
2026-10-05T01:26:42.185991Z,KXXRP15M-26OCT042130-30,0.9800,51.00,no
2026-10-05T01:26:42.185991Z,KXXRP15M-26OCT042130-30,0.9760,126.31,no
2026-10-05T01:26:44.004379Z,KXXRP15M-26OCT042130-30,0.9760,39.00,no
2026-10-05T01:26:44.274692Z,KXXRP15M-26OCT042130-30,0.9820,2.00,yes
2026-10-05T01:26:44.61965Z,KXXRP15M-26OCT042130-30,0.9740,0.11,no
2026-10-05T01:26:44.61965Z,KXXRP15M-26OCT042130-30,0.9770,10.00,no
2026-10-05T01:26:44.61965Z,KXXRP15M-26OCT042130-30,0.9800,7.50,no
2026-10-05T01:26:44.61965Z,KXXRP15M-26OCT042130-30,0.9750,7.50,no
2026-10-05T01:26:44.61965Z,KXXRP15M-26OCT042130-30,0.9800,5.00,no
2026-10-05T01:26:44.61965Z,KXXRP15M-26OCT042130-30,0.9790,5.00,no
2026-10-05T01:26:44.61965Z,KXXRP15M-26OCT042130-30,0.9840,16.00,no
2026-10-05T01:26:44.61965Z,KXXRP15M-26OCT042130-30,0.9760,22.69,no
2026-10-05T01:26:44.61965Z,KXXRP15M-26OCT042130-30,0.9700,1.00,no
2026-10-05T01:26:44.61965Z,KXXRP15M-26OCT042130-30,0.9700,46.18,no
2026-10-05T01:26:44.61965Z,KXXRP15M-26OCT042130-30,0.9720,16.00,no
2026-10-05T01:26:44.61965Z,KXXRP15M-26OCT042130-30,0.9710,0.16,no
2026-10-05T01:26:44.61965Z,KXXRP15M-26OCT042130-30,0.9730,0.13,no
2026-10-05T01:26:44.61965Z,KXXRP15M-26OCT042130-30,0.9720,0.14,no
2026-10-05T01:26:44.61965Z,KXXRP15M-26OCT042130-30,0.9710,1.00,no
2026-10-05T01:26:44.61965Z,KXXRP15M-26OCT042130-30,0.9700,23.41,no
2026-10-05T01:26:44.61965Z,KXXRP15M-26OCT042130-30,0.9700,1.00,no
2026-10-05T01:26:44.61965Z,KXXRP15M-26OCT042130-30,0.9700,0.09,no
2026-10-05T01:26:45.369291Z,KXXRP15M-26OCT042130-30,0.9760,5.00,no
2026-10-05T01:26:45.621808Z,KXXRP15M-26OCT042130-30,0.9800,1.00,yes
2026-10-05T01:26:45.791772Z,KXXRP15M-26OCT042130-30,0.9720,0.12,no
2026-10-05T01:26:45.791772Z,KXXRP15M-26OCT042130-30,0.9730,20.00,no
2026-10-05T01:26:45.791772Z,KXXRP15M-26OCT042130-30,0.9720,5.00,no
2026-10-05T01:26:45.791772Z,KXXRP15M-26OCT042130-30,0.9750,5.00,no
2026-10-05T01:26:45.791772Z,KXXRP15M-26OCT042130-30,0.9710,3.88,no
2026-10-05T01:26:45.903701Z,KXXRP15M-26OCT042130-30,0.9700,26.72,no
2026-10-05T01:26:45.903701Z,KXXRP15M-26OCT042130-30,0.9710,0.88,no
2026-10-05T01:26:45.903701Z,KXXRP15M-26OCT042130-30,0.9710,20.00,no
2026-10-05T01:26:45.903701Z,KXXRP15M-26OCT042130-30,0.9730,0.11,no
2026-10-05T01:26:45.903701Z,KXXRP15M-26OCT042130-30,0.9730,5.00,no
2026-10-05T01:26:45.903701Z,KXXRP15M-26OCT042130-30,0.9740,5.00,no
2026-10-05T01:26:45.903701Z,KXXRP15M-26OCT042130-30,0.9720,5.00,no
2026-10-05T01:26:45.903701Z,KXXRP15M-26OCT042130-30,0.9710,0.13,no
2026-10-05T01:26:45.903701Z,KXXRP15M-26OCT042130-30,0.9710,1.12,no
2026-10-05T01:26:46.214821Z,KXXRP15M-26OCT042130-30,0.9760,25.35,yes
2026-10-05T01:26:46.277538Z,KXXRP15M-26OCT042130-30,0.9700,27.10,no
2026-10-05T01:26:46.277538Z,KXXRP15M-26OCT042130-30,0.9720,5.00,no
2026-10-05T01:26:46.277538Z,KXXRP15M-26OCT042130-30,0.9720,5.00,no
2026-10-05T01:26:46.277538Z,KXXRP15M-26OCT042130-30,0.9710,20.00,no
2026-10-05T01:26:46.277538Z,KXXRP15M-26OCT042130-30,0.9710,5.00,no
2026-10-05T01:26:46.277538Z,KXXRP15M-26OCT042130-30,0.9700,62.18,no
2026-10-05T01:26:46.428718Z,KXXRP15M-26OCT042130-30,0.9760,23.65,yes
2026-10-05T01:26:47.639537Z,KXXRP15M-26OCT042130-30,0.9770,9.42,yes
2026-10-05T01:26:47.78682Z,KXXRP15M-26OCT042130-30,0.9790,5.00,yes
2026-10-05T01:26:47.78682Z,KXXRP15M-26OCT042130-30,0.9780,10.00,yes
2026-10-05T01:26:47.978143Z,KXXRP15M-26OCT042130-30,0.9700,0.14,no
2026-10-05T01:26:47.978143Z,KXXRP15M-26OCT042130-30,0.9690,14.62,no
2026-10-05T01:26:47.978143Z,KXXRP15M-26OCT042130-30,0.9700,7.50,no
2026-10-05T01:26:47.978143Z,KXXRP15M-26OCT042130-30,0.9720,0.12,no
2026-10-05T01:26:47.978143Z,KXXRP15M-26OCT042130-30,0.9730,5.00,no
2026-10-05T01:26:47.978143Z,KXXRP15M-26OCT042130-30,0.9730,0.11,no
2026-10-05T01:26:47.978143Z,KXXRP15M-26OCT042130-30,0.9720,20.00,no
2026-10-05T01:26:47.978143Z,KXXRP15M-26OCT042130-30,0.9700,5.00,no
2026-10-05T01:26:47.978143Z,KXXRP15M-26OCT042130-30,0.9760,9.00,no
2026-10-05T01:26:47.978143Z,KXXRP15M-26OCT042130-30,0.9710,5.00,no
2026-10-05T01:26:47.978143Z,KXXRP15M-26OCT042130-30,0.9770,33.00,no
2026-10-05T01:26:47.978143Z,KXXRP15M-26OCT042130-30,0.9690,27.00,no
2026-10-05T01:26:47.978143Z,KXXRP15M-26OCT042130-30,0.9690,40.00,no
2026-10-05T01:26:47.978143Z,KXXRP15M-26OCT042130-30,0.9700,36.82,no
2026-10-05T01:26:47.978143Z,KXXRP15M-26OCT042130-30,0.9690,0.10,no
2026-10-05T01:26:49.19093Z,KXXRP15M-26OCT042130-30,0.9840,2.77,yes
2026-10-05T01:26:49.19093Z,KXXRP15M-26OCT042130-30,0.9860,22.73,yes
2026-10-05T01:26:49.19093Z,KXXRP15M-26OCT042130-30,0.9850,7.50,yes
2026-10-05T01:26:49.19093Z,KXXRP15M-26OCT042130-30,0.9810,1.00,yes
2026-10-05T01:26:49.19093Z,KXXRP15M-26OCT042130-30,0.9840,6.00,yes
2026-10-05T01:26:49.424969Z,KXXRP15M-26OCT042130-30,0.9800,5.00,yes
2026-10-05T01:26:49.825622Z,KXXRP15M-26OCT042130-30,0.9800,5.49,yes
2026-10-05T01:26:50.652196Z,KXXRP15M-26OCT042130-30,0.9790,5.00,no
2026-10-05T01:26:50.86782Z,KXXRP15M-26OCT042130-30,0.9800,1.00,yes
2026-10-05T01:26:51.649053Z,KXXRP15M-26OCT042130-30,0.9790,35.00,no
2026-10-05T01:26:52.053049Z,KXXRP15M-26OCT042130-30,0.9790,33.00,yes
2026-10-05T01:26:52.053049Z,KXXRP15M-26OCT042130-30,0.9790,5.00,yes
2026-10-05T01:26:52.053049Z,KXXRP15M-26OCT042130-30,0.9790,22.00,yes
2026-10-05T01:26:52.053049Z,KXXRP15M-26OCT042130-30,0.9800,5.00,yes
2026-10-05T01:26:53.464239Z,KXXRP15M-26OCT042130-30,0.9780,15.54,no
2026-10-05T01:26:53.464239Z,KXXRP15M-26OCT042130-30,0.9790,8.00,no
2026-10-05T01:26:53.464239Z,KXXRP15M-26OCT042130-30,0.9790,5.00,no
2026-10-05T01:26:53.464239Z,KXXRP15M-26OCT042130-30,0.9790,14.00,no
2026-10-05T01:26:53.931483Z,KXXRP15M-26OCT042130-30,0.9690,0.14,no
2026-10-05T01:26:53.931483Z,KXXRP15M-26OCT042130-30,0.9730,1.00,no
2026-10-05T01:26:53.931483Z,KXXRP15M-26OCT042130-30,0.9780,98.46,no
2026-10-05T01:26:53.931483Z,KXXRP15M-26OCT042130-30,0.9700,7.50,no
2026-10-05T01:26:53.931483Z,KXXRP15M-26OCT042130-30,0.9700,0.13,no
2026-10-05T01:26:53.931483Z,KXXRP15M-26OCT042130-30,0.9720,0.11,no
2026-10-05T01:26:53.931483Z,KXXRP15M-26OCT042130-30,0.9710,0.12,no
2026-10-05T01:26:53.931483Z,KXXRP15M-26OCT042130-30,0.9670,16.00,no
2026-10-05T01:26:53.931483Z,KXXRP15M-26OCT042130-30,0.9660,14.00,no
2026-10-05T01:26:53.931483Z,KXXRP15M-26OCT042130-30,0.9690,20.00,no
2026-10-05T01:26:53.931483Z,KXXRP15M-26OCT042130-30,0.9720,5.00,no
2026-10-05T01:26:53.931483Z,KXXRP15M-26OCT042130-30,0.9740,95.00,no
2026-10-05T01:26:53.931483Z,KXXRP15M-26OCT042130-30,0.9670,20.00,no
2026-10-05T01:26:53.931483Z,KXXRP15M-26OCT042130-30,0.9730,5.00,no
2026-10-05T01:26:53.931483Z,KXXRP15M-26OCT042130-30,0.9660,0.09,no
2026-10-05T01:26:53.931483Z,KXXRP15M-26OCT042130-30,0.9650,41.46,no
2026-10-05T01:26:53.931483Z,KXXRP15M-26OCT042130-30,0.9680,0.10,no
2026-10-05T01:26:53.931483Z,KXXRP15M-26OCT042130-30,0.9670,0.11,no
2026-10-05T01:26:53.976847Z,KXXRP15M-26OCT042130-30,0.9800,40.00,yes
2026-10-05T01:26:53.976847Z,KXXRP15M-26OCT042130-30,0.9800,5.00,yes
2026-10-05T01:26:53.976847Z,KXXRP15M-26OCT042130-30,0.9800,7.50,yes
2026-10-05T01:26:53.976847Z,KXXRP15M-26OCT042130-30,0.9800,2.00,yes
2026-10-05T01:26:54.131611Z,KXXRP15M-26OCT042130-30,0.9800,42.54,no
2026-10-05T01:26:55.406058Z,KXXRP15M-26OCT042130-30,0.9800,5.76,no
2026-10-05T01:26:56.586829Z,KXXRP15M-26OCT042130-30,0.9810,58.00,yes
2026-10-05T01:26:56.586829Z,KXXRP15M-26OCT042130-30,0.9810,1.16,yes
2026-10-05T01:26:56.586829Z,KXXRP15M-26OCT042130-30,0.9810,1.00,yes
2026-10-05T01:26:57.060632Z,KXXRP15M-26OCT042130-30,0.9820,1.13,yes
2026-10-05T01:26:57.060632Z,KXXRP15M-26OCT042130-30,0.9810,6.00,yes
2026-10-05T01:26:57.060632Z,KXXRP15M-26OCT042130-30,0.9810,7.00,yes
2026-10-05T01:26:57.060632Z,KXXRP15M-26OCT042130-30,0.9820,5.00,yes
2026-10-05T01:26:57.514641Z,KXXRP15M-26OCT042130-30,0.9800,0.09,no
2026-10-05T01:26:57.514641Z,KXXRP15M-26OCT042130-30,0.9800,20.00,no
2026-10-05T01:26:57.514641Z,KXXRP15M-26OCT042130-30,0.9800,15.00,no
2026-10-05T01:26:57.514641Z,KXXRP15M-26OCT042130-30,0.9800,122.20,no
2026-10-05T01:26:59.320403Z,KXXRP15M-26OCT042130-30,0.9760,3.00,no
2026-10-05T01:26:59.320403Z,KXXRP15M-26OCT042130-30,0.9800,1.00,no
2026-10-05T01:26:59.320403Z,KXXRP15M-26OCT042130-30,0.9770,0.11,no
2026-10-05T01:26:59.320403Z,KXXRP15M-26OCT042130-30,0.9760,0.12,no
2026-10-05T01:26:59.320403Z,KXXRP15M-26OCT042130-30,0.9790,0.10,no
2026-10-05T01:26:59.320403Z,KXXRP15M-26OCT042130-30,0.9780,0.10,no
2026-10-05T01:26:59.320403Z,KXXRP15M-26OCT042130-30,0.9820,21.00,no
2026-10-05T01:26:59.320403Z,KXXRP15M-26OCT042130-30,0.9750,72.16,no
2026-10-05T01:26:59.320403Z,KXXRP15M-26OCT042130-30,0.9820,6.00,no
2026-10-05T01:26:59.320403Z,KXXRP15M-26OCT042130-30,0.9750,0.14,no
2026-10-05T01:26:59.320403Z,KXXRP15M-26OCT042130-30,0.9810,8.00,no
2026-10-05T01:26:59.320403Z,KXXRP15M-26OCT042130-30,0.9810,7.00,no
2026-10-05T01:26:59.320403Z,KXXRP15M-26OCT042130-30,0.9750,5.00,no
2026-10-05T01:26:59.320403Z,KXXRP15M-26OCT042130-30,0.9810,4.00,no
2026-10-05T01:27:00.947717Z,KXXRP15M-26OCT042130-30,0.9800,10.00,no
2026-10-05T01:27:00.947717Z,KXXRP15M-26OCT042130-30,0.9790,34.26,no
2026-10-05T01:27:01.402424Z,KXXRP15M-26OCT042130-30,0.9800,7.00,no
2026-10-05T01:27:01.402424Z,KXXRP15M-26OCT042130-30,0.9790,20.74,no
2026-10-05T01:27:01.402424Z,KXXRP15M-26OCT042130-30,0.9790,29.26,no
2026-10-05T01:27:01.456315Z,KXXRP15M-26OCT042130-30,0.9860,7.27,yes
2026-10-05T01:27:01.456315Z,KXXRP15M-26OCT042130-30,0.9860,3.13,yes
2026-10-05T01:27:01.456315Z,KXXRP15M-26OCT042130-30,0.9840,5.00,yes
2026-10-05T01:27:01.456315Z,KXXRP15M-26OCT042130-30,0.9850,7.00,yes
2026-10-05T01:27:01.456315Z,KXXRP15M-26OCT042130-30,0.9850,5.00,yes
2026-10-05T01:27:01.456315Z,KXXRP15M-26OCT042130-30,0.9810,5.00,yes
2026-10-05T01:27:01.456315Z,KXXRP15M-26OCT042130-30,0.9810,10.00,yes
2026-10-05T01:27:01.456315Z,KXXRP15M-26OCT042130-30,0.9850,7.50,yes
2026-10-05T01:27:01.456315Z,KXXRP15M-26OCT042130-30,0.9810,0.10,yes
2026-10-05T01:27:01.663425Z,KXXRP15M-26OCT042130-30,0.9690,0.11,no
2026-10-05T01:27:01.663425Z,KXXRP15M-26OCT042130-30,0.9700,0.19,no
2026-10-05T01:27:01.663425Z,KXXRP15M-26OCT042130-30,0.9720,0.12,no
2026-10-05T01:27:01.663425Z,KXXRP15M-26OCT042130-30,0.9700,7.50,no
2026-10-05T01:27:01.663425Z,KXXRP15M-26OCT042130-30,0.9760,20.00,no
2026-10-05T01:27:01.663425Z,KXXRP15M-26OCT042130-30,0.9750,127.84,no
2026-10-05T01:27:01.663425Z,KXXRP15M-26OCT042130-30,0.9740,0.14,no
2026-10-05T01:27:01.663425Z,KXXRP15M-26OCT042130-30,0.9730,0.15,no
2026-10-05T01:27:01.663425Z,KXXRP15M-26OCT042130-30,0.9760,5.00,no
2026-10-05T01:27:01.663425Z,KXXRP15M-26OCT042130-30,0.9770,8.00,no
2026-10-05T01:27:01.663425Z,KXXRP15M-26OCT042130-30,0.9790,9.00,no
2026-10-05T01:27:01.663425Z,KXXRP15M-26OCT042130-30,0.9710,0.14,no
2026-10-05T01:27:01.663425Z,KXXRP15M-26OCT042130-30,0.9750,7.50,no
2026-10-05T01:27:01.663425Z,KXXRP15M-26OCT042130-30,0.9770,5.00,no
2026-10-05T01:27:01.663425Z,KXXRP15M-26OCT042130-30,0.9800,29.00,no
2026-10-05T01:27:01.663425Z,KXXRP15M-26OCT042130-30,0.9690,49.00,no
2026-10-05T01:27:01.663425Z,KXXRP15M-26OCT042130-30,0.9750,0.10,no
2026-10-05T01:27:01.663425Z,KXXRP15M-26OCT042130-30,0.9790,25.74,no
2026-10-05T01:27:01.663425Z,KXXRP15M-26OCT042130-30,0.9690,45.00,no
2026-10-05T01:27:01.663425Z,KXXRP15M-26OCT042130-30,0.9690,2.90,no
2026-10-05T01:27:01.663425Z,KXXRP15M-26OCT042130-30,0.9690,15.00,no
2026-10-05T01:27:01.663425Z,KXXRP15M-26OCT042130-30,0.9760,0.09,no
2026-10-05T01:27:04.023145Z,KXXRP15M-26OCT042130-30,0.9860,5.00,yes
2026-10-05T01:27:04.023145Z,KXXRP15M-26OCT042130-30,0.9850,5.00,yes
2026-10-05T01:27:04.023145Z,KXXRP15M-26OCT042130-30,0.9860,15.47,yes
2026-10-05T01:27:04.023145Z,KXXRP15M-26OCT042130-30,0.9850,7.50,yes
2026-10-05T01:27:04.023145Z,KXXRP15M-26OCT042130-30,0.9850,1.70,yes
2026-10-05T01:27:04.023145Z,KXXRP15M-26OCT042130-30,0.9820,29.00,yes
2026-10-05T01:27:04.023145Z,KXXRP15M-26OCT042130-30,0.9850,7.00,yes
2026-10-05T01:27:04.023145Z,KXXRP15M-26OCT042130-30,0.9810,0.10,yes
2026-10-05T01:27:04.676777Z,KXXRP15M-26OCT042130-30,0.9830,4.00,no
2026-10-05T01:27:04.676777Z,KXXRP15M-26OCT042130-30,0.9820,28.00,no
2026-10-05T01:27:04.721071Z,KXXRP15M-26OCT042130-30,0.9820,1.00,no
2026-10-05T01:27:05.543816Z,KXXRP15M-26OCT042130-30,0.9720,40.00,no
2026-10-05T01:27:05.543816Z,KXXRP15M-26OCT042130-30,0.9710,20.00,no
2026-10-05T01:27:05.543816Z,KXXRP15M-26OCT042130-30,0.9720,21.00,no
2026-10-05T01:27:05.543816Z,KXXRP15M-26OCT042130-30,0.9700,0.11,no
2026-10-05T01:27:05.543816Z,KXXRP15M-26OCT042130-30,0.9710,0.10,no
2026-10-05T01:27:05.543816Z,KXXRP15M-26OCT042130-30,0.9720,0.10,no
2026-10-05T01:27:05.543816Z,KXXRP15M-26OCT042130-30,0.9720,1.00,no
2026-10-05T01:27:05.543816Z,KXXRP15M-26OCT042130-30,0.9820,0.09,no
2026-10-05T01:27:05.543816Z,KXXRP15M-26OCT042130-30,0.9810,0.09,no
2026-10-05T01:27:05.543816Z,KXXRP15M-26OCT042130-30,0.9790,0.11,no
2026-10-05T01:27:05.543816Z,KXXRP15M-26OCT042130-30,0.9700,46.42,no
2026-10-05T01:27:05.543816Z,KXXRP15M-26OCT042130-30,0.9780,5.00,no
2026-10-05T01:27:05.543816Z,KXXRP15M-26OCT042130-30,0.9820,7.00,no
2026-10-05T01:27:05.543816Z,KXXRP15M-26OCT042130-30,0.9770,5.00,no
2026-10-05T01:27:05.543816Z,KXXRP15M-26OCT042130-30,0.9750,7.50,no
2026-10-05T01:27:05.543816Z,KXXRP15M-26OCT042130-30,0.9820,6.00,no
2026-10-05T01:27:05.543816Z,KXXRP15M-26OCT042130-30,0.9810,14.00,no
2026-10-05T01:27:05.646661Z,KXXRP15M-26OCT042130-30,0.9830,15.83,yes
2026-10-05T01:27:05.954087Z,KXXRP15M-26OCT042130-30,0.9810,1.00,no
2026-10-05T01:27:05.954087Z,KXXRP15M-26OCT042130-30,0.9780,12.34,no
2026-10-05T01:27:05.954087Z,KXXRP15M-26OCT042130-30,0.9790,7.00,no
2026-10-05T01:27:07.315395Z,KXXRP15M-26OCT042130-30,0.9840,0.10,yes
2026-10-05T01:27:07.315395Z,KXXRP15M-26OCT042130-30,0.9840,6.00,yes
2026-10-05T01:27:07.315395Z,KXXRP15M-26OCT042130-30,0.9830,15.17,yes
2026-10-05T01:27:07.315395Z,KXXRP15M-26OCT042130-30,0.9850,5.00,yes
2026-10-05T01:27:07.315395Z,KXXRP15M-26OCT042130-30,0.9850,7.50,yes
2026-10-05T01:27:07.315395Z,KXXRP15M-26OCT042130-30,0.9830,12.00,yes
2026-10-05T01:27:07.315395Z,KXXRP15M-26OCT042130-30,0.9860,5.23,yes
2026-10-05T01:27:07.853879Z,KXXRP15M-26OCT042130-30,0.9800,4.56,no
2026-10-05T01:27:07.853879Z,KXXRP15M-26OCT042130-30,0.9830,15.00,no
2026-10-05T01:27:07.853879Z,KXXRP15M-26OCT042130-30,0.9820,25.00,no
2026-10-05T01:27:08.044575Z,KXXRP15M-26OCT042130-30,0.9880,267.41,yes
2026-10-05T01:27:08.044575Z,KXXRP15M-26OCT042130-30,0.9880,137.00,yes
2026-10-05T01:27:08.044575Z,KXXRP15M-26OCT042130-30,0.9870,153.76,yes
2026-10-05T01:27:08.044575Z,KXXRP15M-26OCT042130-30,0.9870,10.00,yes
2026-10-05T01:27:08.044575Z,KXXRP15M-26OCT042130-30,0.9870,1.00,yes
2026-10-05T01:27:08.044575Z,KXXRP15M-26OCT042130-30,0.9860,79.30,yes
2026-10-05T01:27:08.044575Z,KXXRP15M-26OCT042130-30,0.9870,40.00,yes
2026-10-05T01:27:08.044575Z,KXXRP15M-26OCT042130-30,0.9850,7.00,yes
2026-10-05T01:27:08.044575Z,KXXRP15M-26OCT042130-30,0.9840,12.00,yes
2026-10-05T01:27:08.044575Z,KXXRP15M-26OCT042130-30,0.9870,5.00,yes
2026-10-05T01:27:08.044575Z,KXXRP15M-26OCT042130-30,0.9860,0.60,yes
2026-10-05T01:27:08.056348Z,KXXRP15M-26OCT042130-30,0.9830,0.10,yes
2026-10-05T01:27:08.071232Z,KXXRP15M-26OCT042130-30,0.9880,10.95,yes
2026-10-05T01:27:08.071232Z,KXXRP15M-26OCT042130-30,0.9870,167.00,yes
2026-10-05T01:27:08.071232Z,KXXRP15M-26OCT042130-30,0.9870,6.00,yes
2026-10-05T01:27:08.727419Z,KXXRP15M-26OCT042130-30,0.9880,19.34,yes
2026-10-05T01:27:08.727419Z,KXXRP15M-26OCT042130-30,0.9870,5.00,yes
2026-10-05T01:27:08.727419Z,KXXRP15M-26OCT042130-30,0.9870,6.00,yes
2026-10-05T01:27:08.786502Z,KXXRP15M-26OCT042130-30,0.9850,34.00,no
2026-10-05T01:27:08.786502Z,KXXRP15M-26OCT042130-30,0.9860,66.00,no
2026-10-05T01:27:09.092294Z,KXXRP15M-26OCT042130-30,0.9860,0.09,no
2026-10-05T01:27:09.431605Z,KXXRP15M-26OCT042130-30,0.9880,11.09,yes
2026-10-05T01:27:09.431605Z,KXXRP15M-26OCT042130-30,0.9870,20.00,yes
2026-10-05T01:27:09.431605Z,KXXRP15M-26OCT042130-30,0.9860,68.91,yes
2026-10-05T01:27:09.432691Z,KXXRP15M-26OCT042130-30,0.9880,10.00,yes
2026-10-05T01:27:10.19905Z,KXXRP15M-26OCT042130-30,0.9870,12.00,no
2026-10-05T01:27:10.19905Z,KXXRP15M-26OCT042130-30,0.9870,7.00,no
2026-10-05T01:27:10.19905Z,KXXRP15M-26OCT042130-30,0.9800,13.29,no
2026-10-05T01:27:10.19905Z,KXXRP15M-26OCT042130-30,0.9820,233.31,no
2026-10-05T01:27:10.19905Z,KXXRP15M-26OCT042130-30,0.9780,6.05,no
2026-10-05T01:27:10.19905Z,KXXRP15M-26OCT042130-30,0.9800,5.00,no
2026-10-05T01:27:10.19905Z,KXXRP15M-26OCT042130-30,0.9810,0.10,no
2026-10-05T01:27:10.19905Z,KXXRP15M-26OCT042130-30,0.9850,102.90,no
2026-10-05T01:27:10.19905Z,KXXRP15M-26OCT042130-30,0.9800,10.95,no
2026-10-05T01:27:10.19905Z,KXXRP15M-26OCT042130-30,0.9730,67.17,no
2026-10-05T01:27:10.19905Z,KXXRP15M-26OCT042130-30,0.9830,12.00,no
2026-10-05T01:27:10.19905Z,KXXRP15M-26OCT042130-30,0.9800,34.10,no
2026-10-05T01:27:10.19905Z,KXXRP15M-26OCT042130-30,0.9780,10.00,no
2026-10-05T01:27:10.19905Z,KXXRP15M-26OCT042130-30,0.9810,5.00,no
2026-10-05T01:27:10.19905Z,KXXRP15M-26OCT042130-30,0.9780,11.09,no
2026-10-05T01:27:10.19905Z,KXXRP15M-26OCT042130-30,0.9850,0.10,no
2026-10-05T01:27:10.19905Z,KXXRP15M-26OCT042130-30,0.9840,0.10,no
2026-10-05T01:27:10.19905Z,KXXRP15M-26OCT042130-30,0.9830,0.11,no
2026-10-05T01:27:10.19905Z,KXXRP15M-26OCT042130-30,0.9800,7.50,no
2026-10-05T01:27:10.19905Z,KXXRP15M-26OCT042130-30,0.9870,10.00,no
2026-10-05T01:27:10.19905Z,KXXRP15M-26OCT042130-30,0.9740,0.09,no
2026-10-05T01:27:10.19905Z,KXXRP15M-26OCT042130-30,0.9730,0.10,no
2026-10-05T01:27:10.19905Z,KXXRP15M-26OCT042130-30,0.9800,14.44,no
2026-10-05T01:27:10.19905Z,KXXRP15M-26OCT042130-30,0.9750,40.00,no
2026-10-05T01:27:11.418979Z,KXXRP15M-26OCT042130-30,0.9870,9.25,no
2026-10-05T01:27:13.227157Z,KXXRP15M-26OCT042130-30,0.9760,0.14,no
2026-10-05T01:27:13.227157Z,KXXRP15M-26OCT042130-30,0.9750,0.16,no
2026-10-05T01:27:13.227157Z,KXXRP15M-26OCT042130-30,0.9740,0.17,no
2026-10-05T01:27:13.227157Z,KXXRP15M-26OCT042130-30,0.9850,7.00,no
2026-10-05T01:27:13.227157Z,KXXRP15M-26OCT042130-30,0.9780,0.12,no
2026-10-05T01:27:13.227157Z,KXXRP15M-26OCT042130-30,0.9800,19.00,no
2026-10-05T01:27:13.227157Z,KXXRP15M-26OCT042130-30,0.9790,5.00,no
2026-10-05T01:27:13.227157Z,KXXRP15M-26OCT042130-30,0.9800,5.00,no
2026-10-05T01:27:13.227157Z,KXXRP15M-26OCT042130-30,0.9750,7.50,no
2026-10-05T01:27:13.227157Z,KXXRP15M-26OCT042130-30,0.9790,0.09,no
2026-10-05T01:27:13.227157Z,KXXRP15M-26OCT042130-30,0.9740,10.00,no
2026-10-05T01:27:13.227157Z,KXXRP15M-26OCT042130-30,0.9770,0.10,no
2026-10-05T01:27:13.227157Z,KXXRP15M-26OCT042130-30,0.9860,18.00,no
2026-10-05T01:27:13.227157Z,KXXRP15M-26OCT042130-30,0.9860,15.00,no
2026-10-05T01:27:13.227157Z,KXXRP15M-26OCT042130-30,0.9870,12.75,no
2026-10-05T01:27:13.227157Z,KXXRP15M-26OCT042130-30,0.9730,3.36,no
2026-10-05T01:27:13.650915Z,KXXRP15M-26OCT042130-30,0.9870,5.00,yes
2026-10-05T01:27:13.650915Z,KXXRP15M-26OCT042130-30,0.9880,25.00,yes
2026-10-05T01:27:13.650915Z,KXXRP15M-26OCT042130-30,0.9870,6.00,yes
2026-10-05T01:27:13.650915Z,KXXRP15M-26OCT042130-30,0.9880,31.21,yes
2026-10-05T01:27:15.543072Z,KXXRP15M-26OCT042130-30,0.9890,37.00,yes
2026-10-05T01:27:15.579009Z,KXXRP15M-26OCT042130-30,0.9890,13.00,yes
2026-10-05T01:27:15.581611Z,KXXRP15M-26OCT042130-30,0.9890,56.00,yes
2026-10-05T01:27:16.328179Z,KXXRP15M-26OCT042130-30,0.9870,3.00,no
2026-10-05T01:27:16.328179Z,KXXRP15M-26OCT042130-30,0.9870,9.00,no
2026-10-05T01:27:16.328373Z,KXXRP15M-26OCT042130-30,0.9860,1.00,no
2026-10-05T01:27:16.328373Z,KXXRP15M-26OCT042130-30,0.9860,1.00,no
2026-10-05T01:27:16.328391Z,KXXRP15M-26OCT042130-30,0.9860,31.00,no
2026-10-05T01:27:16.328391Z,KXXRP15M-26OCT042130-30,0.9850,13.00,no
2026-10-05T01:27:16.328391Z,KXXRP15M-26OCT042130-30,0.9850,18.00,no
2026-10-05T01:27:16.328391Z,KXXRP15M-26OCT042130-30,0.9850,37.00,no
2026-10-05T01:27:16.328425Z,KXXRP15M-26OCT042130-30,0.9850,5.00,no
2026-10-05T01:27:16.448862Z,KXXRP15M-26OCT042130-30,0.9850,14.00,no
2026-10-05T01:27:16.5323Z,KXXRP15M-26OCT042130-30,0.9850,14.00,no
2026-10-05T01:27:16.565581Z,KXXRP15M-26OCT042130-30,0.9850,1.12,no
2026-10-05T01:27:16.63624Z,KXXRP15M-26OCT042130-30,0.9850,3.88,no
2026-10-05T01:27:17.15132Z,KXXRP15M-26OCT042130-30,0.9830,23.00,yes
2026-10-05T01:27:17.979943Z,KXXRP15M-26OCT042130-30,0.9830,2.00,yes
2026-10-05T01:27:18.702037Z,KXXRP15M-26OCT042130-30,0.9790,0.10,no
2026-10-05T01:27:18.702037Z,KXXRP15M-26OCT042130-30,0.9800,3.00,no
2026-10-05T01:27:18.702037Z,KXXRP15M-26OCT042130-30,0.9780,8.21,no
2026-10-05T01:27:18.702037Z,KXXRP15M-26OCT042130-30,0.9790,5.00,no
2026-10-05T01:27:18.702037Z,KXXRP15M-26OCT042130-30,0.9780,5.00,no
2026-10-05T01:27:18.702037Z,KXXRP15M-26OCT042130-30,0.9740,10.00,no
2026-10-05T01:27:18.702037Z,KXXRP15M-26OCT042130-30,0.9760,0.12,no
2026-10-05T01:27:18.702037Z,KXXRP15M-26OCT042130-30,0.9740,0.14,no
2026-10-05T01:27:18.702037Z,KXXRP15M-26OCT042130-30,0.9750,0.13,no
2026-10-05T01:27:18.702037Z,KXXRP15M-26OCT042130-30,0.9770,0.11,no
2026-10-05T01:27:18.702037Z,KXXRP15M-26OCT042130-30,0.9730,5.22,no
2026-10-05T01:27:19.032234Z,KXXRP15M-26OCT042130-30,0.9740,0.13,no
2026-10-05T01:27:19.032234Z,KXXRP15M-26OCT042130-30,0.9780,5.00,no
2026-10-05T01:27:19.032234Z,KXXRP15M-26OCT042130-30,0.9770,5.00,no
2026-10-05T01:27:19.032234Z,KXXRP15M-26OCT042130-30,0.9740,10.00,no
2026-10-05T01:27:19.032234Z,KXXRP15M-26OCT042130-30,0.9730,50.14,no
2026-10-05T01:27:19.502994Z,KXXRP15M-26OCT042130-30,0.9850,5.00,yes
2026-10-05T01:27:19.502994Z,KXXRP15M-26OCT042130-30,0.9840,12.00,yes
2026-10-05T01:27:19.502994Z,KXXRP15M-26OCT042130-30,0.9850,7.50,yes
2026-10-05T01:27:19.502994Z,KXXRP15M-26OCT042130-30,0.9880,6.00,yes
2026-10-05T01:27:19.502994Z,KXXRP15M-26OCT042130-30,0.9860,5.00,yes
2026-10-05T01:27:19.502994Z,KXXRP15M-26OCT042130-30,0.9880,1.48,yes
2026-10-05T01:27:19.502994Z,KXXRP15M-26OCT042130-30,0.9840,40.00,yes
2026-10-05T01:27:19.502994Z,KXXRP15M-26OCT042130-30,0.9890,3.02,yes
2026-10-05T01:27:19.512804Z,KXXRP15M-26OCT042130-30,0.9850,3.02,yes
2026-10-05T01:27:19.674029Z,KXXRP15M-26OCT042130-30,0.9840,19.00,yes
2026-10-05T01:27:20.313005Z,KXXRP15M-26OCT042130-30,0.9870,37.00,yes
2026-10-05T01:27:20.313018Z,KXXRP15M-26OCT042130-30,0.9880,0.52,yes
2026-10-05T01:27:20.313018Z,KXXRP15M-26OCT042130-30,0.9880,6.00,yes
2026-10-05T01:27:20.313018Z,KXXRP15M-26OCT042130-30,0.9870,3.00,yes
2026-10-05T01:27:20.31601Z,KXXRP15M-26OCT042130-30,0.9890,2.00,yes
2026-10-05T01:27:20.316075Z,KXXRP15M-26OCT042130-30,0.9890,5.00,yes
2026-10-05T01:27:20.400705Z,KXXRP15M-26OCT042130-30,0.9890,4.00,yes
2026-10-05T01:27:23.088219Z,KXXRP15M-26OCT042130-30,0.9880,0.11,no
2026-10-05T01:27:23.088219Z,KXXRP15M-26OCT042130-30,0.9880,14.00,no
2026-10-05T01:27:23.466988Z,KXXRP15M-26OCT042130-30,0.9830,0.11,no
2026-10-05T01:27:23.466988Z,KXXRP15M-26OCT042130-30,0.9810,5.00,no
2026-10-05T01:27:23.466988Z,KXXRP15M-26OCT042130-30,0.9820,5.00,no
2026-10-05T01:27:23.466988Z,KXXRP15M-26OCT042130-30,0.9850,2.00,no
2026-10-05T01:27:23.466988Z,KXXRP15M-26OCT042130-30,0.9800,5.00,no
2026-10-05T01:27:23.466988Z,KXXRP15M-26OCT042130-30,0.9850,4.00,no
2026-10-05T01:27:23.466988Z,KXXRP15M-26OCT042130-30,0.9810,12.00,no
2026-10-05T01:27:23.466988Z,KXXRP15M-26OCT042130-30,0.9850,5.00,no
2026-10-05T01:27:23.466988Z,KXXRP15M-26OCT042130-30,0.9800,0.10,no
2026-10-05T01:27:23.466988Z,KXXRP15M-26OCT042130-30,0.9800,395.61,no
2026-10-05T01:27:23.466988Z,KXXRP15M-26OCT042130-30,0.9810,0.25,no
2026-10-05T01:27:23.466988Z,KXXRP15M-26OCT042130-30,0.9870,12.00,no
2026-10-05T01:27:23.466988Z,KXXRP15M-26OCT042130-30,0.9820,0.19,no
2026-10-05T01:27:23.466988Z,KXXRP15M-26OCT042130-30,0.9860,0.13,no
2026-10-05T01:27:23.466988Z,KXXRP15M-26OCT042130-30,0.9870,21.00,no
2026-10-05T01:27:23.466988Z,KXXRP15M-26OCT042130-30,0.9840,0.14,no
2026-10-05T01:27:23.466988Z,KXXRP15M-26OCT042130-30,0.9870,0.12,no
2026-10-05T01:27:23.466988Z,KXXRP15M-26OCT042130-30,0.9800,40.00,no
2026-10-05T01:27:23.631673Z,KXXRP15M-26OCT042130-30,0.9880,6.00,yes
2026-10-05T01:27:23.631673Z,KXXRP15M-26OCT042130-30,0.9880,5.00,yes
2026-10-05T01:27:23.631673Z,KXXRP15M-26OCT042130-30,0.9880,7.00,yes
2026-10-05T01:27:24.846966Z,KXXRP15M-26OCT042130-30,0.9890,2.00,yes
2026-10-05T01:27:26.004261Z,KXXRP15M-26OCT042130-30,0.9890,10.98,yes
2026-10-05T01:27:26.004261Z,KXXRP15M-26OCT042130-30,0.9890,20.00,yes
2026-10-05T01:27:26.004261Z,KXXRP15M-26OCT042130-30,0.9890,18.02,yes
2026-10-05T01:27:26.004261Z,KXXRP15M-26OCT042130-30,0.9890,1.00,yes
2026-10-05T01:27:26.262966Z,KXXRP15M-26OCT042130-30,0.9850,10.98,no
2026-10-05T01:27:26.262966Z,KXXRP15M-26OCT042130-30,0.9880,4.00,no
2026-10-05T01:27:26.262966Z,KXXRP15M-26OCT042130-30,0.9810,0.15,no
2026-10-05T01:27:26.262966Z,KXXRP15M-26OCT042130-30,0.9880,7.00,no
2026-10-05T01:27:26.262966Z,KXXRP15M-26OCT042130-30,0.9880,14.00,no
2026-10-05T01:27:26.262966Z,KXXRP15M-26OCT042130-30,0.9880,9.00,no
2026-10-05T01:27:26.262966Z,KXXRP15M-26OCT042130-30,0.9820,0.13,no
2026-10-05T01:27:26.262966Z,KXXRP15M-26OCT042130-30,0.9810,5.00,no
2026-10-05T01:27:26.262966Z,KXXRP15M-26OCT042130-30,0.9850,2.00,no
2026-10-05T01:27:26.262966Z,KXXRP15M-26OCT042130-30,0.9810,5.43,no
2026-10-05T01:27:27.086351Z,KXXRP15M-26OCT042130-30,0.9880,4.77,yes
2026-10-05T01:27:27.581492Z,KXXRP15M-26OCT042130-30,0.9890,1.04,yes
2026-10-05T01:27:27.581492Z,KXXRP15M-26OCT042130-30,0.9890,70.36,yes
2026-10-05T01:27:27.581492Z,KXXRP15M-26OCT042130-30,0.9890,1.39,yes
2026-10-05T01:27:27.581492Z,KXXRP15M-26OCT042130-30,0.9890,1.09,yes
2026-10-05T01:27:27.581492Z,KXXRP15M-26OCT042130-30,0.9890,1.10,yes
2026-10-05T01:27:27.581492Z,KXXRP15M-26OCT042130-30,0.9890,1.19,yes
2026-10-05T01:27:27.581492Z,KXXRP15M-26OCT042130-30,0.9890,1.14,yes
2026-10-05T01:27:27.581492Z,KXXRP15M-26OCT042130-30,0.9890,1.14,yes
2026-10-05T01:27:27.581492Z,KXXRP15M-26OCT042130-30,0.9890,1.32,yes
2026-10-05T01:27:27.581492Z,KXXRP15M-26OCT042130-30,0.9890,1.25,yes
2026-10-05T01:27:27.581492Z,KXXRP15M-26OCT042130-30,0.9890,1.00,yes
2026-10-05T01:27:27.581492Z,KXXRP15M-26OCT042130-30,0.9890,1.00,yes
2026-10-05T01:27:27.581492Z,KXXRP15M-26OCT042130-30,0.9890,10.00,yes
2026-10-05T01:27:27.581492Z,KXXRP15M-26OCT042130-30,0.9890,1.00,yes
2026-10-05T01:27:27.581492Z,KXXRP15M-26OCT042130-30,0.9890,81.98,yes
2026-10-05T01:27:27.581492Z,KXXRP15M-26OCT042130-30,0.9890,2.00,yes
2026-10-05T01:27:27.581492Z,KXXRP15M-26OCT042130-30,0.9890,2.00,yes
2026-10-05T01:27:27.581492Z,KXXRP15M-26OCT042130-30,0.9890,20.00,yes
2026-10-05T01:27:28.503462Z,KXXRP15M-26OCT042130-30,0.9890,17.00,yes
2026-10-05T01:27:28.566359Z,KXXRP15M-26OCT042130-30,0.9890,21.00,yes
2026-10-05T01:27:28.575873Z,KXXRP15M-26OCT042130-30,0.9890,6.00,yes
2026-10-05T01:27:28.582839Z,KXXRP15M-26OCT042130-30,0.9890,3.00,yes
2026-10-05T01:27:28.665897Z,KXXRP15M-26OCT042130-30,0.9890,6.00,yes
2026-10-05T01:27:28.665897Z,KXXRP15M-26OCT042130-30,0.9890,282.64,yes
2026-10-05T01:27:28.665897Z,KXXRP15M-26OCT042130-30,0.9900,61.36,yes
2026-10-05T01:27:28.834995Z,KXXRP15M-26OCT042130-30,0.9850,61.36,no
2026-10-05T01:27:28.834995Z,KXXRP15M-26OCT042130-30,0.9890,3.00,no
2026-10-05T01:27:28.834995Z,KXXRP15M-26OCT042130-30,0.9890,41.00,no
2026-10-05T01:27:29.061508Z,KXXRP15M-26OCT042130-30,0.9890,42.00,yes
2026-10-05T01:27:29.061508Z,KXXRP15M-26OCT042130-30,0.9890,6.00,yes
2026-10-05T01:27:29.061508Z,KXXRP15M-26OCT042130-30,0.9900,12.00,yes
2026-10-05T01:27:29.34896Z,KXXRP15M-26OCT042130-30,0.9900,3.40,yes
2026-10-05T01:27:29.870981Z,KXXRP15M-26OCT042130-30,0.9900,48.24,yes
2026-10-05T01:27:29.870981Z,KXXRP15M-26OCT042130-30,0.9900,15.00,yes
2026-10-05T01:27:29.870981Z,KXXRP15M-26OCT042130-30,0.9900,36.76,yes
2026-10-05T01:27:30.339749Z,KXXRP15M-26OCT042130-30,0.9890,2.44,no
2026-10-05T01:27:30.751593Z,KXXRP15M-26OCT042130-30,0.9900,1.05,yes
2026-10-05T01:27:30.751593Z,KXXRP15M-26OCT042130-30,0.9900,20.00,yes
2026-10-05T01:27:30.751593Z,KXXRP15M-26OCT042130-30,0.9900,3.66,yes
2026-10-05T01:27:30.751593Z,KXXRP15M-26OCT042130-30,0.9900,11.33,yes
2026-10-05T01:27:30.751593Z,KXXRP15M-26OCT042130-30,0.9900,63.24,yes
2026-10-05T01:27:30.751593Z,KXXRP15M-26OCT042130-30,0.9900,25.00,yes
2026-10-05T01:27:30.82897Z,KXXRP15M-26OCT042130-30,0.9900,5.71,yes
2026-10-05T01:27:30.82897Z,KXXRP15M-26OCT042130-30,0.9900,3.50,yes
2026-10-05T01:27:32.402077Z,KXXRP15M-26OCT042130-30,0.9900,2.68,yes
2026-10-05T01:27:32.402077Z,KXXRP15M-26OCT042130-30,0.9900,1.32,yes
2026-10-05T01:27:32.407671Z,KXXRP15M-26OCT042130-30,0.9900,1.61,yes
2026-10-05T01:27:32.407671Z,KXXRP15M-26OCT042130-30,0.9900,0.39,yes
2026-10-05T01:27:32.414553Z,KXXRP15M-26OCT042130-30,0.9900,1.00,yes
2026-10-05T01:27:32.507546Z,KXXRP15M-26OCT042130-30,0.9900,9.00,yes
2026-10-05T01:27:32.513746Z,KXXRP15M-26OCT042130-30,0.9900,3.00,yes
2026-10-05T01:27:32.52217Z,KXXRP15M-26OCT042130-30,0.9900,1.00,yes
2026-10-05T01:27:32.52945Z,KXXRP15M-26OCT042130-30,0.9900,1.00,yes
2026-10-05T01:27:32.55246Z,KXXRP15M-26OCT042130-30,0.9890,17.00,no
2026-10-05T01:27:32.55246Z,KXXRP15M-26OCT042130-30,0.9890,0.74,no
2026-10-05T01:27:32.5593Z,KXXRP15M-26OCT042130-30,0.9930,40.00,yes
2026-10-05T01:27:32.5593Z,KXXRP15M-26OCT042130-30,0.9940,1.33,yes
2026-10-05T01:27:32.5593Z,KXXRP15M-26OCT042130-30,0.9950,7.00,yes
2026-10-05T01:27:32.5593Z,KXXRP15M-26OCT042130-30,0.9950,7.50,yes
2026-10-05T01:27:32.5593Z,KXXRP15M-26OCT042130-30,0.9910,5.00,yes
2026-10-05T01:27:32.5593Z,KXXRP15M-26OCT042130-30,0.9900,15.00,yes
2026-10-05T01:27:32.5593Z,KXXRP15M-26OCT042130-30,0.9900,25.00,yes
2026-10-05T01:27:32.5593Z,KXXRP15M-26OCT042130-30,0.9910,43.00,yes
2026-10-05T01:27:32.5593Z,KXXRP15M-26OCT042130-30,0.9950,6.00,yes
2026-10-05T01:27:32.5593Z,KXXRP15M-26OCT042130-30,0.9920,5.00,yes
2026-10-05T01:27:32.5593Z,KXXRP15M-26OCT042130-30,0.9900,8.00,yes
2026-10-05T01:27:32.5593Z,KXXRP15M-26OCT042130-30,0.9900,5.00,yes
2026-10-05T01:27:32.5593Z,KXXRP15M-26OCT042130-30,0.9900,6.31,yes
2026-10-05T01:27:32.5593Z,KXXRP15M-26OCT042130-30,0.9950,5.00,yes
2026-10-05T01:27:32.5593Z,KXXRP15M-26OCT042130-30,0.9900,21.48,yes
2026-10-05T01:27:32.5593Z,KXXRP15M-26OCT042130-30,0.9900,33.39,yes
2026-10-05T01:27:32.5593Z,KXXRP15M-26OCT042130-30,0.9960,257.97,yes
2026-10-05T01:27:32.5593Z,KXXRP15M-26OCT042130-30,0.9950,11.00,yes
2026-10-05T01:27:32.589089Z,KXXRP15M-26OCT042130-30,0.9900,3.77,yes
2026-10-05T01:27:32.627378Z,KXXRP15M-26OCT042130-30,0.9900,11.23,yes
2026-10-05T01:27:32.787332Z,KXXRP15M-26OCT042130-30,0.9900,15.00,yes
2026-10-05T01:27:32.789965Z,KXXRP15M-26OCT042130-30,0.9890,24.26,no
2026-10-05T01:27:32.789965Z,KXXRP15M-26OCT042130-30,0.9890,13.00,no
2026-10-05T01:27:32.789965Z,KXXRP15M-26OCT042130-30,0.9890,12.74,no
2026-10-05T01:27:32.789965Z,KXXRP15M-26OCT042130-30,0.9890,7.00,no
2026-10-05T01:27:32.789965Z,KXXRP15M-26OCT042130-30,0.9890,18.00,no
2026-10-05T01:27:32.976112Z,KXXRP15M-26OCT042130-30,0.9900,15.00,yes
2026-10-05T01:27:33.165028Z,KXXRP15M-26OCT042130-30,0.9900,15.00,yes
2026-10-05T01:27:33.357213Z,KXXRP15M-26OCT042130-30,0.9910,15.00,yes
2026-10-05T01:27:33.357213Z,KXXRP15M-26OCT042130-30,0.9910,22.00,yes
2026-10-05T01:27:33.995166Z,KXXRP15M-26OCT042130-30,0.9910,19.00,no
2026-10-05T01:27:33.995166Z,KXXRP15M-26OCT042130-30,0.9910,17.00,no
2026-10-05T01:27:33.995166Z,KXXRP15M-26OCT042130-30,0.9910,13.00,no
2026-10-05T01:27:34.018633Z,KXXRP15M-26OCT042130-30,0.9870,40.00,no
2026-10-05T01:27:34.018633Z,KXXRP15M-26OCT042130-30,0.9850,20.67,no
2026-10-05T01:27:34.018633Z,KXXRP15M-26OCT042130-30,0.9850,12.00,no
2026-10-05T01:27:34.018633Z,KXXRP15M-26OCT042130-30,0.9850,3.40,no
2026-10-05T01:27:34.018633Z,KXXRP15M-26OCT042130-30,0.9890,24.66,no
2026-10-05T01:27:34.018633Z,KXXRP15M-26OCT042130-30,0.9890,25.00,no
2026-10-05T01:27:34.018633Z,KXXRP15M-26OCT042130-30,0.9890,0.26,no
2026-10-05T01:27:34.018633Z,KXXRP15M-26OCT042130-30,0.9900,140.08,no
2026-10-05T01:27:34.018633Z,KXXRP15M-26OCT042130-30,0.9880,0.15,no
2026-10-05T01:27:34.018633Z,KXXRP15M-26OCT042130-30,0.9900,8.00,no
2026-10-05T01:27:34.018633Z,KXXRP15M-26OCT042130-30,0.9900,6.00,no
2026-10-05T01:27:34.018633Z,KXXRP15M-26OCT042130-30,0.9900,100.00,no
2026-10-05T01:27:34.344115Z,KXXRP15M-26OCT042130-30,0.9950,7.50,yes
2026-10-05T01:27:34.344115Z,KXXRP15M-26OCT042130-30,0.9950,6.00,yes
2026-10-05T01:27:34.344115Z,KXXRP15M-26OCT042130-30,0.9910,49.00,yes
2026-10-05T01:27:34.344115Z,KXXRP15M-26OCT042130-30,0.9930,15.00,yes
2026-10-05T01:27:34.344115Z,KXXRP15M-26OCT042130-30,0.9960,22.91,yes
2026-10-05T01:27:34.686485Z,KXXRP15M-26OCT042130-30,0.9910,21.00,no
2026-10-05T01:27:34.686485Z,KXXRP15M-26OCT042130-30,0.9900,22.91,no
2026-10-05T01:27:37.431695Z,KXXRP15M-26OCT042130-30,0.9950,5.38,yes
2026-10-05T01:27:37.431695Z,KXXRP15M-26OCT042130-30,0.9920,14.00,yes
2026-10-05T01:27:37.431695Z,KXXRP15M-26OCT042130-30,0.9940,5.00,yes
2026-10-05T01:27:38.115019Z,KXXRP15M-26OCT042130-30,0.9900,74.26,no
2026-10-05T01:27:38.115019Z,KXXRP15M-26OCT042130-30,0.9910,0.10,no
2026-10-05T01:27:38.939207Z,KXXRP15M-26OCT042130-30,0.9910,9.00,yes
2026-10-05T01:27:38.939207Z,KXXRP15M-26OCT042130-30,0.9910,6.88,yes
2026-10-05T01:27:39.02618Z,KXXRP15M-26OCT042130-30,0.9910,5.12,yes
2026-10-05T01:27:39.908849Z,KXXRP15M-26OCT042130-30,0.9800,0.16,no
2026-10-05T01:27:39.908849Z,KXXRP15M-26OCT042130-30,0.9910,17.00,no
2026-10-05T01:27:39.908849Z,KXXRP15M-26OCT042130-30,0.9890,1.00,no
2026-10-05T01:27:39.908849Z,KXXRP15M-26OCT042130-30,0.9850,5.00,no
2026-10-05T01:27:39.908849Z,KXXRP15M-26OCT042130-30,0.9840,0.17,no
2026-10-05T01:27:39.908849Z,KXXRP15M-26OCT042130-30,0.9850,7.50,no
2026-10-05T01:27:39.908849Z,KXXRP15M-26OCT042130-30,0.9830,0.19,no
2026-10-05T01:27:39.908849Z,KXXRP15M-26OCT042130-30,0.9900,25.74,no
2026-10-05T01:27:39.908849Z,KXXRP15M-26OCT042130-30,0.9860,5.00,no
2026-10-05T01:27:39.908849Z,KXXRP15M-26OCT042130-30,0.9800,5.00,no
2026-10-05T01:27:39.908849Z,KXXRP15M-26OCT042130-30,0.9810,16.00,no
2026-10-05T01:27:39.908849Z,KXXRP15M-26OCT042130-30,0.9830,40.00,no
2026-10-05T01:27:39.908849Z,KXXRP15M-26OCT042130-30,0.9800,0.79,no
2026-10-05T01:27:39.908849Z,KXXRP15M-26OCT042130-30,0.9860,0.17,no
2026-10-05T01:27:39.908849Z,KXXRP15M-26OCT042130-30,0.9870,0.13,no
2026-10-05T01:27:39.908849Z,KXXRP15M-26OCT042130-30,0.9850,0.16,no
2026-10-05T01:27:39.908849Z,KXXRP15M-26OCT042130-30,0.9840,13.00,no
2026-10-05T01:27:39.908849Z,KXXRP15M-26OCT042130-30,0.9810,1.00,no
2026-10-05T01:27:39.908849Z,KXXRP15M-26OCT042130-30,0.9810,20.00,no
2026-10-05T01:27:39.908849Z,KXXRP15M-26OCT042130-30,0.9800,100.00,no
2026-10-05T01:27:39.908849Z,KXXRP15M-26OCT042130-30,0.9810,0.15,no
2026-10-05T01:27:39.908849Z,KXXRP15M-26OCT042130-30,0.9910,22.45,no
2026-10-05T01:27:39.908849Z,KXXRP15M-26OCT042130-30,0.9810,1.00,no
2026-10-05T01:27:39.908849Z,KXXRP15M-26OCT042130-30,0.9820,0.13,no
2026-10-05T01:27:40.220459Z,KXXRP15M-26OCT042130-30,0.9900,15.00,yes
2026-10-05T01:27:40.472957Z,KXXRP15M-26OCT042130-30,0.9900,2.00,yes
2026-10-05T01:27:41.635312Z,KXXRP15M-26OCT042130-30,0.9880,1.00,no
2026-10-05T01:27:41.635312Z,KXXRP15M-26OCT042130-30,0.9890,2.00,no
2026-10-05T01:27:42.071648Z,KXXRP15M-26OCT042130-30,0.9870,10.00,yes
2026-10-05T01:27:43.13284Z,KXXRP15M-26OCT042130-30,0.9920,10.42,yes
2026-10-05T01:27:43.13284Z,KXXRP15M-26OCT042130-30,0.9910,8.00,yes
2026-10-05T01:27:43.13284Z,KXXRP15M-26OCT042130-30,0.9850,22.00,yes
2026-10-05T01:27:43.13284Z,KXXRP15M-26OCT042130-30,0.9910,6.00,yes
2026-10-05T01:27:43.13284Z,KXXRP15M-26OCT042130-30,0.9900,7.50,yes
2026-10-05T01:27:43.13284Z,KXXRP15M-26OCT042130-30,0.9900,5.00,yes
2026-10-05T01:27:43.13284Z,KXXRP15M-26OCT042130-30,0.9920,0.10,yes
2026-10-05T01:27:43.27161Z,KXXRP15M-26OCT042130-30,0.9890,174.00,yes
2026-10-05T01:27:43.27161Z,KXXRP15M-26OCT042130-30,0.9950,6.00,yes
2026-10-05T01:27:43.27161Z,KXXRP15M-26OCT042130-30,0.9900,7.50,yes
2026-10-05T01:27:43.27161Z,KXXRP15M-26OCT042130-30,0.9920,9.58,yes
2026-10-05T01:27:43.27161Z,KXXRP15M-26OCT042130-30,0.9950,5.00,yes
2026-10-05T01:27:43.27161Z,KXXRP15M-26OCT042130-30,0.9960,137.33,yes
2026-10-05T01:27:43.27161Z,KXXRP15M-26OCT042130-30,0.9940,5.00,yes
2026-10-05T01:27:43.27161Z,KXXRP15M-26OCT042130-30,0.9950,7.50,yes
2026-10-05T01:27:43.27161Z,KXXRP15M-26OCT042130-30,0.9960,6.00,yes
2026-10-05T01:27:43.27161Z,KXXRP15M-26OCT042130-30,0.9920,40.00,yes
2026-10-05T01:27:43.27161Z,KXXRP15M-26OCT042130-30,0.9960,15.00,yes
2026-10-05T01:27:43.27161Z,KXXRP15M-26OCT042130-30,0.9940,1.41,yes
2026-10-05T01:27:43.27161Z,KXXRP15M-26OCT042130-30,0.9960,1.00,yes
2026-10-05T01:27:43.27161Z,KXXRP15M-26OCT042130-30,0.9960,1.00,yes
2026-10-05T01:27:43.27161Z,KXXRP15M-26OCT042130-30,0.9960,1.00,yes
2026-10-05T01:27:43.27161Z,KXXRP15M-26OCT042130-30,0.9960,1.00,yes
2026-10-05T01:27:43.27161Z,KXXRP15M-26OCT042130-30,0.9960,1.00,yes
2026-10-05T01:27:43.27161Z,KXXRP15M-26OCT042130-30,0.9960,13.00,yes
2026-10-05T01:27:43.27161Z,KXXRP15M-26OCT042130-30,0.9960,69.12,yes
2026-10-05T01:27:43.27161Z,KXXRP15M-26OCT042130-30,0.9960,1.00,yes
2026-10-05T01:27:43.785599Z,KXXRP15M-26OCT042130-30,0.9900,8.00,yes
2026-10-05T01:27:43.902719Z,KXXRP15M-26OCT042130-30,0.9900,2.77,yes
2026-10-05T01:27:45.080503Z,KXXRP15M-26OCT042130-30,0.9870,0.16,no
2026-10-05T01:27:45.080503Z,KXXRP15M-26OCT042130-30,0.9900,0.13,no
2026-10-05T01:27:45.080503Z,KXXRP15M-26OCT042130-30,0.9880,0.15,no
2026-10-05T01:27:45.080503Z,KXXRP15M-26OCT042130-30,0.9880,5.00,no
2026-10-05T01:27:45.080503Z,KXXRP15M-26OCT042130-30,0.9810,6.71,no
2026-10-05T01:27:45.080503Z,KXXRP15M-26OCT042130-30,0.9910,0.13,no
2026-10-05T01:27:45.080503Z,KXXRP15M-26OCT042130-30,0.9900,0.10,no
2026-10-05T01:27:45.080503Z,KXXRP15M-26OCT042130-30,0.9900,7.50,no
2026-10-05T01:27:45.080503Z,KXXRP15M-26OCT042130-30,0.9920,54.00,no
2026-10-05T01:27:45.080503Z,KXXRP15M-26OCT042130-30,0.9900,0.01,no
2026-10-05T01:27:45.080503Z,KXXRP15M-26OCT042130-30,0.9860,0.17,no
2026-10-05T01:27:45.080503Z,KXXRP15M-26OCT042130-30,0.9830,5.00,no
2026-10-05T01:27:45.080503Z,KXXRP15M-26OCT042130-30,0.9880,58.35,no
2026-10-05T01:27:45.080503Z,KXXRP15M-26OCT042130-30,0.9890,0.13,no
2026-10-05T01:27:45.080503Z,KXXRP15M-26OCT042130-30,0.9850,7.50,no
2026-10-05T01:27:45.080503Z,KXXRP15M-26OCT042130-30,0.9830,0.16,no
2026-10-05T01:27:45.080503Z,KXXRP15M-26OCT042130-30,0.9870,5.00,no
2026-10-05T01:27:45.080503Z,KXXRP15M-26OCT042130-30,0.9850,0.13,no
2026-10-05T01:27:45.080503Z,KXXRP15M-26OCT042130-30,0.9840,0.15,no
2026-10-05T01:27:45.080503Z,KXXRP15M-26OCT042130-30,0.9830,40.00,no
2026-10-05T01:27:45.080503Z,KXXRP15M-26OCT042130-30,0.9820,0.13,no
2026-10-05T01:27:45.080503Z,KXXRP15M-26OCT042130-30,0.9810,0.15,no
2026-10-05T01:27:45.150721Z,KXXRP15M-26OCT042130-30,0.9810,12.00,no
2026-10-05T01:27:45.150721Z,KXXRP15M-26OCT042130-30,0.9860,5.00,no
2026-10-05T01:27:45.150721Z,KXXRP15M-26OCT042130-30,0.9830,5.00,no
2026-10-05T01:27:45.150721Z,KXXRP15M-26OCT042130-30,0.9850,5.00,no
2026-10-05T01:27:45.150721Z,KXXRP15M-26OCT042130-30,0.9810,14.01,no
2026-10-05T01:27:45.483596Z,KXXRP15M-26OCT042130-30,0.9910,94.74,no
2026-10-05T01:27:45.712623Z,KXXRP15M-26OCT042130-30,0.9800,5.00,no
2026-10-05T01:27:45.712623Z,KXXRP15M-26OCT042130-30,0.9850,5.00,no
2026-10-05T01:27:45.712623Z,KXXRP15M-26OCT042130-30,0.9840,5.00,no
2026-10-05T01:27:45.712623Z,KXXRP15M-26OCT042130-30,0.9810,5.00,no
2026-10-05T01:27:45.712623Z,KXXRP15M-26OCT042130-30,0.9800,1.03,no
2026-10-05T01:27:45.712623Z,KXXRP15M-26OCT042130-30,0.9800,7.50,no
2026-10-05T01:27:45.712623Z,KXXRP15M-26OCT042130-30,0.9800,0.16,no
2026-10-05T01:27:45.746307Z,KXXRP15M-26OCT042130-30,0.9900,3.00,yes
2026-10-05T01:27:45.755666Z,KXXRP15M-26OCT042130-30,0.9900,1.00,yes
2026-10-05T01:27:46.561243Z,KXXRP15M-26OCT042130-30,0.9910,59.00,yes
2026-10-05T01:27:46.561243Z,KXXRP15M-26OCT042130-30,0.9910,17.00,yes
2026-10-05T01:27:47.170854Z,KXXRP15M-26OCT042130-30,0.9910,52.00,no
2026-10-05T01:27:47.170854Z,KXXRP15M-26OCT042130-30,0.9900,6.00,no
2026-10-05T01:27:47.170854Z,KXXRP15M-26OCT042130-30,0.9920,61.33,no
2026-10-05T01:27:48.248167Z,KXXRP15M-26OCT042130-30,0.9900,0.10,yes
2026-10-05T01:27:48.248167Z,KXXRP15M-26OCT042130-30,0.9900,4.90,yes
2026-10-05T01:27:49.067957Z,KXXRP15M-26OCT042130-30,0.9910,3.00,yes
2026-10-05T01:27:50.396738Z,KXXRP15M-26OCT042130-30,0.9910,1.01,no
2026-10-05T01:27:50.529803Z,KXXRP15M-26OCT042130-30,0.9850,7.50,no
2026-10-05T01:27:50.529803Z,KXXRP15M-26OCT042130-30,0.9920,37.00,no
2026-10-05T01:27:50.529803Z,KXXRP15M-26OCT042130-30,0.9850,16.61,no
2026-10-05T01:27:50.529803Z,KXXRP15M-26OCT042130-30,0.9900,1.00,no
2026-10-05T01:27:50.956425Z,KXXRP15M-26OCT042130-30,0.9930,1.01,yes
2026-10-05T01:27:51.312313Z,KXXRP15M-26OCT042130-30,0.9900,35.97,no
2026-10-05T01:27:52.229613Z,KXXRP15M-26OCT042130-30,0.9810,5.99,no
2026-10-05T01:27:52.229613Z,KXXRP15M-26OCT042130-30,0.9850,5.00,no
2026-10-05T01:27:52.229613Z,KXXRP15M-26OCT042130-30,0.9840,5.00,no
2026-10-05T01:27:52.229613Z,KXXRP15M-26OCT042130-30,0.9840,5.00,no
2026-10-05T01:27:52.229613Z,KXXRP15M-26OCT042130-30,0.9880,27.00,no
2026-10-05T01:27:52.229613Z,KXXRP15M-26OCT042130-30,0.9800,6.44,no
2026-10-05T01:27:52.229613Z,KXXRP15M-26OCT042130-30,0.9800,7.50,no
2026-10-05T01:27:52.229613Z,KXXRP15M-26OCT042130-30,0.9820,0.16,no
2026-10-05T01:27:52.229613Z,KXXRP15M-26OCT042130-30,0.9830,0.15,no
2026-10-05T01:27:52.229613Z,KXXRP15M-26OCT042130-30,0.9860,1.00,no
2026-10-05T01:27:52.229613Z,KXXRP15M-26OCT042130-30,0.9800,13.00,no
2026-10-05T01:27:52.229613Z,KXXRP15M-26OCT042130-30,0.9850,42.39,no
2026-10-05T01:27:52.229613Z,KXXRP15M-26OCT042130-30,0.9810,0.20,no
2026-10-05T01:27:52.229613Z,KXXRP15M-26OCT042130-30,0.9840,0.16,no
2026-10-05T01:27:52.229613Z,KXXRP15M-26OCT042130-30,0.9800,4.00,no
2026-10-05T01:27:52.229613Z,KXXRP15M-26OCT042130-30,0.9800,0.22,no
2026-10-05T01:27:52.554212Z,KXXRP15M-26OCT042130-30,0.9790,0.27,no
2026-10-05T01:27:52.554212Z,KXXRP15M-26OCT042130-30,0.9820,5.00,no
2026-10-05T01:27:52.554212Z,KXXRP15M-26OCT042130-30,0.9810,17.00,no
2026-10-05T01:27:52.554212Z,KXXRP15M-26OCT042130-30,0.9830,5.00,no
2026-10-05T01:27:52.554212Z,KXXRP15M-26OCT042130-30,0.9840,5.00,no
2026-10-05T01:27:52.554212Z,KXXRP15M-26OCT042130-30,0.9860,125.00,no
2026-10-05T01:27:52.554212Z,KXXRP15M-26OCT042130-30,0.9790,10.00,no
2026-10-05T01:27:52.554212Z,KXXRP15M-26OCT042130-30,0.9790,45.00,no
2026-10-05T01:27:52.554212Z,KXXRP15M-26OCT042130-30,0.9790,28.56,no
2026-10-05T01:27:52.58187Z,KXXRP15M-26OCT042130-30,0.9900,5.00,yes
2026-10-05T01:27:52.58187Z,KXXRP15M-26OCT042130-30,0.9900,7.50,yes
2026-10-05T01:27:52.649083Z,KXXRP15M-26OCT042130-30,0.9900,3.00,no
2026-10-05T01:27:52.657463Z,KXXRP15M-26OCT042130-30,0.9900,2.00,no
2026-10-05T01:27:52.666073Z,KXXRP15M-26OCT042130-30,0.9900,1.00,no
2026-10-05T01:27:53.159982Z,KXXRP15M-26OCT042130-30,0.9900,18.00,no
2026-10-05T01:27:53.168522Z,KXXRP15M-26OCT042130-30,0.9900,10.00,no
2026-10-05T01:27:53.972847Z,KXXRP15M-26OCT042130-30,0.9900,76.01,no
2026-10-05T01:27:53.972847Z,KXXRP15M-26OCT042130-30,0.9900,17.50,no
2026-10-05T01:27:55.187051Z,KXXRP15M-26OCT042130-30,0.9910,3.00,yes
2026-10-05T01:27:55.639475Z,KXXRP15M-26OCT042130-30,0.9910,1.71,yes
2026-10-05T01:27:55.639475Z,KXXRP15M-26OCT042130-30,0.9910,23.00,yes
2026-10-05T01:27:55.639475Z,KXXRP15M-26OCT042130-30,0.9910,2.00,yes
2026-10-05T01:27:57.639095Z,KXXRP15M-26OCT042130-30,0.9930,3.36,yes
2026-10-05T01:27:57.639095Z,KXXRP15M-26OCT042130-30,0.9910,8.00,yes
2026-10-05T01:27:57.639095Z,KXXRP15M-26OCT042130-30,0.9910,4.00,yes
2026-10-05T01:27:57.639095Z,KXXRP15M-26OCT042130-30,0.9910,10.00,yes
2026-10-05T01:27:57.639095Z,KXXRP15M-26OCT042130-30,0.9920,5.00,yes
2026-10-05T01:27:57.639095Z,KXXRP15M-26OCT042130-30,0.9920,20.00,yes
2026-10-05T01:27:58.13785Z,KXXRP15M-26OCT042130-30,0.9900,23.99,no
2026-10-05T01:27:58.13785Z,KXXRP15M-26OCT042130-30,0.9900,15.00,no
2026-10-05T01:27:58.13785Z,KXXRP15M-26OCT042130-30,0.9900,10.00,no
2026-10-05T01:28:00.013093Z,KXXRP15M-26OCT042130-30,0.9930,4.00,yes
2026-10-05T01:28:00.133926Z,KXXRP15M-26OCT042130-30,0.9920,1.00,yes
2026-10-05T01:28:01.601323Z,KXXRP15M-26OCT042130-30,0.9920,2.00,no
2026-10-05T01:28:01.624642Z,KXXRP15M-26OCT042130-30,0.9950,5.00,yes
2026-10-05T01:28:01.624642Z,KXXRP15M-26OCT042130-30,0.9950,6.00,yes
2026-10-05T01:28:01.624642Z,KXXRP15M-26OCT042130-30,0.9960,6.00,yes
2026-10-05T01:28:01.624642Z,KXXRP15M-26OCT042130-30,0.9940,2.91,yes
2026-10-05T01:28:01.624642Z,KXXRP15M-26OCT042130-30,0.9960,19.08,yes
2026-10-05T01:28:01.624642Z,KXXRP15M-26OCT042130-30,0.9960,1.00,yes
2026-10-05T01:28:01.624642Z,KXXRP15M-26OCT042130-30,0.9960,1.00,yes
2026-10-05T01:28:02.179802Z,KXXRP15M-26OCT042130-30,0.9940,15.05,yes
2026-10-05T01:28:02.71473Z,KXXRP15M-26OCT042130-30,0.9930,23.00,no
2026-10-05T01:28:02.71473Z,KXXRP15M-26OCT042130-30,0.9900,0.19,no
2026-10-05T01:28:02.71473Z,KXXRP15M-26OCT042130-30,0.9800,76.01,no
2026-10-05T01:28:02.71473Z,KXXRP15M-26OCT042130-30,0.9910,0.10,no
2026-10-05T01:28:02.71473Z,KXXRP15M-26OCT042130-30,0.9920,0.16,no
2026-10-05T01:28:02.71473Z,KXXRP15M-26OCT042130-30,0.9860,4.40,no
2026-10-05T01:28:02.71473Z,KXXRP15M-26OCT042130-30,0.9930,7.00,no
2026-10-05T01:28:02.71473Z,KXXRP15M-26OCT042130-30,0.9930,0.16,no
2026-10-05T01:28:02.71473Z,KXXRP15M-26OCT042130-30,0.9850,1.00,no
2026-10-05T01:28:02.71473Z,KXXRP15M-26OCT042130-30,0.9850,5.00,no
2026-10-05T01:28:02.71473Z,KXXRP15M-26OCT042130-30,0.9870,33.83,no
2026-10-05T01:28:02.71473Z,KXXRP15M-26OCT042130-30,0.9900,25.00,no
2026-10-05T01:28:02.71473Z,KXXRP15M-26OCT042130-30,0.9860,5.00,no
2026-10-05T01:28:02.71473Z,KXXRP15M-26OCT042130-30,0.9900,9.76,no
2026-10-05T01:28:02.71473Z,KXXRP15M-26OCT042130-30,0.9840,40.00,no
2026-10-05T01:28:02.71473Z,KXXRP15M-26OCT042130-30,0.9800,0.19,no
2026-10-05T01:28:02.71473Z,KXXRP15M-26OCT042130-30,0.9810,0.17,no
2026-10-05T01:28:02.71473Z,KXXRP15M-26OCT042130-30,0.9800,20.00,no
2026-10-05T01:28:02.71473Z,KXXRP15M-26OCT042130-30,0.9850,1.00,no
2026-10-05T01:28:02.71473Z,KXXRP15M-26OCT042130-30,0.9820,0.17,no
2026-10-05T01:28:02.71473Z,KXXRP15M-26OCT042130-30,0.9800,7.50,no
2026-10-05T01:28:02.726307Z,KXXRP15M-26OCT042130-30,0.9950,7.50,yes
2026-10-05T01:28:02.726307Z,KXXRP15M-26OCT042130-30,0.9960,7.00,yes
2026-10-05T01:28:02.726307Z,KXXRP15M-26OCT042130-30,0.9960,5.00,yes
2026-10-05T01:28:02.726307Z,KXXRP15M-26OCT042130-30,0.9960,20.92,yes
2026-10-05T01:28:02.726307Z,KXXRP15M-26OCT042130-30,0.9970,69.97,yes
2026-10-05T01:28:03.481027Z,KXXRP15M-26OCT042130-30,0.9970,0.85,yes
2026-10-05T01:28:03.481027Z,KXXRP15M-26OCT042130-30,0.9930,33.00,yes
2026-10-05T01:28:03.481027Z,KXXRP15M-26OCT042130-30,0.9970,5.00,yes
2026-10-05T01:28:03.481027Z,KXXRP15M-26OCT042130-30,0.9960,20.00,yes
2026-10-05T01:28:03.481027Z,KXXRP15M-26OCT042130-30,0.9960,40.00,yes
2026-10-05T01:28:03.481027Z,KXXRP15M-26OCT042130-30,0.9950,6.00,yes
2026-10-05T01:28:03.481027Z,KXXRP15M-26OCT042130-30,0.9970,2.00,yes
2026-10-05T01:28:03.481027Z,KXXRP15M-26OCT042130-30,0.9970,2.00,yes
2026-10-05T01:28:03.481027Z,KXXRP15M-26OCT042130-30,0.9970,2.00,yes
2026-10-05T01:28:03.481027Z,KXXRP15M-26OCT042130-30,0.9970,2.00,yes
2026-10-05T01:28:03.481027Z,KXXRP15M-26OCT042130-30,0.9970,18.00,yes
2026-10-05T01:28:03.481027Z,KXXRP15M-26OCT042130-30,0.9970,40.00,yes
2026-10-05T01:28:03.481027Z,KXXRP15M-26OCT042130-30,0.9970,250.00,yes
2026-10-05T01:28:03.481027Z,KXXRP15M-26OCT042130-30,0.9970,2.00,yes
2026-10-05T01:28:03.49664Z,KXXRP15M-26OCT042130-30,0.9970,5.00,yes
2026-10-05T01:28:03.49664Z,KXXRP15M-26OCT042130-30,0.9980,0.59,yes
2026-10-05T01:28:03.850079Z,KXXRP15M-26OCT042130-30,0.9960,40.00,yes
2026-10-05T01:28:03.850079Z,KXXRP15M-26OCT042130-30,0.9970,3.00,yes
2026-10-05T01:28:03.850079Z,KXXRP15M-26OCT042130-30,0.9950,155.00,yes
2026-10-05T01:28:03.850079Z,KXXRP15M-26OCT042130-30,0.9980,303.49,yes
2026-10-05T01:28:04.072139Z,KXXRP15M-26OCT042130-30,0.9950,34.00,yes
2026-10-05T01:28:04.072139Z,KXXRP15M-26OCT042130-30,0.9960,40.00,yes
2026-10-05T01:28:04.387931Z,KXXRP15M-26OCT042130-30,0.9950,19.00,no
2026-10-05T01:28:04.387931Z,KXXRP15M-26OCT042130-30,0.9940,30.86,no
2026-10-05T01:28:04.542036Z,KXXRP15M-26OCT042130-30,0.9960,28.15,yes
2026-10-05T01:28:06.313538Z,KXXRP15M-26OCT042130-30,0.9950,59.00,no
2026-10-05T01:28:06.313538Z,KXXRP15M-26OCT042130-30,0.9940,9.14,no
2026-10-05T01:28:06.931756Z,KXXRP15M-26OCT042130-30,0.9950,20.09,yes
2026-10-05T01:28:07.233348Z,KXXRP15M-26OCT042130-30,0.9950,3.00,yes
2026-10-05T01:28:07.248689Z,KXXRP15M-26OCT042130-30,0.9900,163.21,no
2026-10-05T01:28:07.248689Z,KXXRP15M-26OCT042130-30,0.9940,19.00,no
2026-10-05T01:28:07.248689Z,KXXRP15M-26OCT042130-30,0.9940,38.00,no
2026-10-05T01:28:07.248689Z,KXXRP15M-26OCT042130-30,0.9900,5.00,no
2026-10-05T01:28:07.248689Z,KXXRP15M-26OCT042130-30,0.9920,304.00,no
2026-10-05T01:28:07.248689Z,KXXRP15M-26OCT042130-30,0.9900,6.00,no
2026-10-05T01:28:07.248689Z,KXXRP15M-26OCT042130-30,0.9920,250.00,no
2026-10-05T01:28:07.248689Z,KXXRP15M-26OCT042130-30,0.9910,69.97,no
2026-10-05T01:28:07.248689Z,KXXRP15M-26OCT042130-30,0.9900,40.00,no
2026-10-05T01:28:07.87466Z,KXXRP15M-26OCT042130-30,0.9940,10.00,yes
2026-10-05T01:28:09.218117Z,KXXRP15M-26OCT042130-30,0.9930,9.21,no
2026-10-05T01:28:10.933481Z,KXXRP15M-26OCT042130-30,0.9970,3.00,yes
2026-10-05T01:28:10.933481Z,KXXRP15M-26OCT042130-30,0.9970,0.19,yes
2026-10-05T01:28:10.933481Z,KXXRP15M-26OCT042130-30,0.9960,6.00,yes
2026-10-05T01:28:10.933481Z,KXXRP15M-26OCT042130-30,0.9950,2.00,yes
2026-10-05T01:28:10.933481Z,KXXRP15M-26OCT042130-30,0.9950,14.00,yes
2026-10-05T01:28:10.933481Z,KXXRP15M-26OCT042130-30,0.9950,36.00,yes
2026-10-05T01:28:10.933481Z,KXXRP15M-26OCT042130-30,0.9970,96.72,yes
2026-10-05T01:28:10.933481Z,KXXRP15M-26OCT042130-30,0.9970,5.00,yes
2026-10-05T01:28:11.023418Z,KXXRP15M-26OCT042130-30,0.9940,27.00,no
2026-10-05T01:28:11.023418Z,KXXRP15M-26OCT042130-30,0.9940,85.62,no
2026-10-05T01:28:11.920004Z,KXXRP15M-26OCT042130-30,0.9940,11.81,no
2026-10-05T01:28:11.920004Z,KXXRP15M-26OCT042130-30,0.9940,11.10,no
2026-10-05T01:28:13.390344Z,KXXRP15M-26OCT042130-30,0.9970,134.52,yes
2026-10-05T01:28:13.390344Z,KXXRP15M-26OCT042130-30,0.9960,7.00,yes
2026-10-05T01:28:13.390344Z,KXXRP15M-26OCT042130-30,0.9950,23.00,yes
2026-10-05T01:28:13.390344Z,KXXRP15M-26OCT042130-30,0.9950,9.00,yes
2026-10-05T01:28:14.149058Z,KXXRP15M-26OCT042130-30,0.9950,16.49,no
2026-10-05T01:28:14.836308Z,KXXRP15M-26OCT042130-30,0.9950,4.51,no
2026-10-05T01:28:14.836308Z,KXXRP15M-26OCT042130-30,0.9950,33.65,no
2026-10-05T01:28:14.836308Z,KXXRP15M-26OCT042130-30,0.9950,0.18,no
2026-10-05T01:28:15.610691Z,KXXRP15M-26OCT042130-30,0.9960,51.00,yes
2026-10-05T01:28:15.610691Z,KXXRP15M-26OCT042130-30,0.9960,46.00,yes
2026-10-05T01:28:15.66435Z,KXXRP15M-26OCT042130-30,0.9970,18.76,yes
2026-10-05T01:28:15.66435Z,KXXRP15M-26OCT042130-30,0.9970,3.00,yes
2026-10-05T01:28:15.66435Z,KXXRP15M-26OCT042130-30,0.9980,28.24,yes
2026-10-05T01:28:17.224384Z,KXXRP15M-26OCT042130-30,0.9970,2.00,yes
2026-10-05T01:28:17.354269Z,KXXRP15M-26OCT042130-30,0.9960,14.25,no
2026-10-05T01:28:17.354269Z,KXXRP15M-26OCT042130-30,0.9960,27.00,no
2026-10-05T01:28:17.945754Z,KXXRP15M-26OCT042130-30,0.9970,20.34,yes
2026-10-05T01:28:18.5453Z,KXXRP15M-26OCT042130-30,0.9970,3.00,yes
2026-10-05T01:28:18.5453Z,KXXRP15M-26OCT042130-30,0.9970,60.66,yes
2026-10-05T01:28:18.5453Z,KXXRP15M-26OCT042130-30,0.9970,35.00,yes
2026-10-05T01:28:18.5453Z,KXXRP15M-26OCT042130-30,0.9980,334.70,yes
2026-10-05T01:28:18.5453Z,KXXRP15M-26OCT042130-30,0.9980,67.68,yes
2026-10-05T01:28:20.36436Z,KXXRP15M-26OCT042130-30,0.9960,80.00,no
2026-10-05T01:28:20.36436Z,KXXRP15M-26OCT042130-30,0.9950,102.77,no
2026-10-05T01:28:20.36436Z,KXXRP15M-26OCT042130-30,0.9950,18.76,no
2026-10-05T01:28:21.913019Z,KXXRP15M-26OCT042130-30,0.9960,41.25,no
2026-10-05T01:28:23.15085Z,KXXRP15M-26OCT042130-30,0.9970,3.00,yes
2026-10-05T01:28:23.15085Z,KXXRP15M-26OCT042130-30,0.9970,13.00,yes
2026-10-05T01:28:23.902051Z,KXXRP15M-26OCT042130-30,0.9970,8.68,yes
2026-10-05T01:28:23.996205Z,KXXRP15M-26OCT042130-30,0.9950,41.13,no
2026-10-05T01:28:23.996205Z,KXXRP15M-26OCT042130-30,0.9960,33.00,no
2026-10-05T01:28:23.996205Z,KXXRP15M-26OCT042130-30,0.9960,12.75,no
2026-10-05T01:28:23.996205Z,KXXRP15M-26OCT042130-30,0.9960,134.52,no
2026-10-05T01:28:25.214576Z,KXXRP15M-26OCT042130-30,0.9970,3.68,yes
2026-10-05T01:28:25.214576Z,KXXRP15M-26OCT042130-30,0.9960,0.10,yes
2026-10-05T01:28:25.214576Z,KXXRP15M-26OCT042130-30,0.9970,32.32,yes
2026-10-05T01:28:25.214576Z,KXXRP15M-26OCT042130-30,0.9960,7.00,yes
2026-10-05T01:28:25.479699Z,KXXRP15M-26OCT042130-30,0.9970,3.00,yes
2026-10-05T01:28:25.532411Z,KXXRP15M-26OCT042130-30,0.9970,110.00,no
2026-10-05T01:28:25.532411Z,KXXRP15M-26OCT042130-30,0.9970,29.00,no
2026-10-05T01:28:25.532411Z,KXXRP15M-26OCT042130-30,0.9950,47.97,no
2026-10-05T01:28:25.649279Z,KXXRP15M-26OCT042130-30,0.9970,24.78,no
2026-10-05T01:28:27.721078Z,KXXRP15M-26OCT042130-30,0.9980,61.00,yes
2026-10-05T01:28:27.988278Z,KXXRP15M-26OCT042130-30,0.9980,10.00,yes
2026-10-05T01:28:28.328597Z,KXXRP15M-26OCT042130-30,0.9970,3.00,yes
2026-10-05T01:28:28.955141Z,KXXRP15M-26OCT042130-30,0.9980,500.93,yes
2026-10-05T01:28:31.47808Z,KXXRP15M-26OCT042130-30,0.9980,53.00,yes
2026-10-05T01:28:32.317659Z,KXXRP15M-26OCT042130-30,0.9980,874.00,yes
2026-10-05T01:28:32.407629Z,KXXRP15M-26OCT042130-30,0.9980,378.00,yes
2026-10-05T01:28:32.631693Z,KXXRP15M-26OCT042130-30,0.9980,37.00,yes
2026-10-05T01:28:32.641775Z,KXXRP15M-26OCT042130-30,0.9980,20.00,yes
2026-10-05T01:28:32.649548Z,KXXRP15M-26OCT042130-30,0.9980,10.00,yes
2026-10-05T01:28:32.658024Z,KXXRP15M-26OCT042130-30,0.9980,5.00,yes
2026-10-05T01:28:32.665513Z,KXXRP15M-26OCT042130-30,0.9980,5.00,yes
2026-10-05T01:28:32.674926Z,KXXRP15M-26OCT042130-30,0.9980,2.00,yes
2026-10-05T01:28:32.685147Z,KXXRP15M-26OCT042130-30,0.9980,2.00,yes
2026-10-05T01:28:32.693676Z,KXXRP15M-26OCT042130-30,0.9980,2.00,yes
2026-10-05T01:28:32.702742Z,KXXRP15M-26OCT042130-30,0.9980,2.00,yes
2026-10-05T01:28:32.711678Z,KXXRP15M-26OCT042130-30,0.9980,2.00,yes
2026-10-05T01:28:32.719348Z,KXXRP15M-26OCT042130-30,0.9980,2.00,yes
2026-10-05T01:28:32.726433Z,KXXRP15M-26OCT042130-30,0.9980,2.00,yes
2026-10-05T01:28:32.733469Z,KXXRP15M-26OCT042130-30,0.9980,2.00,yes
2026-10-05T01:28:32.741221Z,KXXRP15M-26OCT042130-30,0.9980,2.00,yes
2026-10-05T01:28:32.749481Z,KXXRP15M-26OCT042130-30,0.9980,2.00,yes
2026-10-05T01:28:32.755702Z,KXXRP15M-26OCT042130-30,0.9980,2.00,yes
2026-10-05T01:28:32.761858Z,KXXRP15M-26OCT042130-30,0.9980,2.00,yes
2026-10-05T01:28:32.767883Z,KXXRP15M-26OCT042130-30,0.9980,2.00,yes
2026-10-05T01:28:32.776553Z,KXXRP15M-26OCT042130-30,0.9980,2.00,yes
2026-10-05T01:28:32.794531Z,KXXRP15M-26OCT042130-30,0.9980,2.00,yes
2026-10-05T01:28:32.801198Z,KXXRP15M-26OCT042130-30,0.9970,7.28,no
2026-10-05T01:28:32.803244Z,KXXRP15M-26OCT042130-30,0.9980,5.00,yes
2026-10-05T01:28:32.932465Z,KXXRP15M-26OCT042130-30,0.9970,92.72,no
2026-10-05T01:28:32.932465Z,KXXRP15M-26OCT042130-30,0.9970,50.00,no
2026-10-05T01:28:33.411066Z,KXXRP15M-26OCT042130-30,0.9970,51.00,no
2026-10-05T01:28:34.258289Z,KXXRP15M-26OCT042130-30,0.9980,17.00,yes
2026-10-05T01:28:34.268402Z,KXXRP15M-26OCT042130-30,0.9980,10.00,yes
2026-10-05T01:28:34.275479Z,KXXRP15M-26OCT042130-30,0.9980,7.00,yes
2026-10-05T01:28:34.44989Z,KXXRP15M-26OCT042130-30,0.9970,6.33,no
2026-10-05T01:28:35.51216Z,KXXRP15M-26OCT042130-30,0.9980,1178.86,yes
2026-10-05T01:28:35.954328Z,KXXRP15M-26OCT042130-30,0.9970,1.00,no
2026-10-05T01:28:36.80241Z,KXXRP15M-26OCT042130-30,0.9970,43.04,no
2026-10-05T01:28:37.340051Z,KXXRP15M-26OCT042130-30,0.9980,1.00,yes
2026-10-05T01:28:38.920552Z,KXXRP15M-26OCT042130-30,0.9970,26.00,no
2026-10-05T01:28:40.042573Z,KXXRP15M-26OCT042130-30,0.9980,2.00,yes
2026-10-05T01:28:40.048759Z,KXXRP15M-26OCT042130-30,0.9980,2.00,yes
2026-10-05T01:28:40.055949Z,KXXRP15M-26OCT042130-30,0.9980,5.00,yes
2026-10-05T01:28:40.206592Z,KXXRP15M-26OCT042130-30,0.9980,400.00,yes
2026-10-05T01:28:40.206592Z,KXXRP15M-26OCT042130-30,0.9980,15.00,yes
2026-10-05T01:28:40.206592Z,KXXRP15M-26OCT042130-30,0.9980,17.00,yes
2026-10-05T01:28:40.206592Z,KXXRP15M-26OCT042130-30,0.9980,453.51,yes
2026-10-05T01:28:40.206592Z,KXXRP15M-26OCT042130-30,0.9990,800.00,yes
2026-10-05T01:28:40.206592Z,KXXRP15M-26OCT042130-30,0.9980,500.00,yes
2026-10-05T01:28:40.206592Z,KXXRP15M-26OCT042130-30,0.9990,2359.49,yes
2026-10-05T01:28:40.206592Z,KXXRP15M-26OCT042130-30,0.9990,500.00,yes
2026-10-05T01:28:40.206592Z,KXXRP15M-26OCT042130-30,0.9980,500.00,yes
2026-10-05T01:28:40.206592Z,KXXRP15M-26OCT042130-30,0.9980,3.00,yes
2026-10-05T01:28:40.206592Z,KXXRP15M-26OCT042130-30,0.9980,3.00,yes
2026-10-05T01:28:40.206592Z,KXXRP15M-26OCT042130-30,0.9980,3.00,yes
2026-10-05T01:28:40.206592Z,KXXRP15M-26OCT042130-30,0.9980,3.00,yes
2026-10-05T01:28:40.206592Z,KXXRP15M-26OCT042130-30,0.9980,3.00,yes
2026-10-05T01:28:40.206592Z,KXXRP15M-26OCT042130-30,0.9980,26.00,yes
2026-10-05T01:28:40.206592Z,KXXRP15M-26OCT042130-30,0.9980,5.00,yes
2026-10-05T01:28:40.436654Z,KXXRP15M-26OCT042130-30,0.9980,73.64,no
2026-10-05T01:28:41.2065Z,KXXRP15M-26OCT042130-30,0.9990,2796.00,yes
2026-10-05T01:28:41.223483Z,KXXRP15M-26OCT042130-30,0.9980,18.69,no
2026-10-05T01:28:41.519141Z,KXXRP15M-26OCT042130-30,0.9990,1398.00,yes
2026-10-05T01:28:41.9085Z,KXXRP15M-26OCT042130-30,0.9990,699.00,yes
2026-10-05T01:28:42.217488Z,KXXRP15M-26OCT042130-30,0.9990,350.00,yes
2026-10-05T01:28:42.532403Z,KXXRP15M-26OCT042130-30,0.9990,175.00,yes
2026-10-05T01:28:42.80412Z,KXXRP15M-26OCT042130-30,0.9990,20.01,yes
2026-10-05T01:28:42.834259Z,KXXRP15M-26OCT042130-30,0.9990,87.00,yes
2026-10-05T01:28:43.134162Z,KXXRP15M-26OCT042130-30,0.9990,44.00,yes
2026-10-05T01:28:44.938944Z,KXXRP15M-26OCT042130-30,0.9980,31.76,no
2026-10-05T01:28:45.375401Z,KXXRP15M-26OCT042130-30,0.9990,86.04,yes
2026-10-05T01:28:47.437773Z,KXXRP15M-26OCT042130-30,0.9980,28.52,no
2026-10-05T01:28:49.586306Z,KXXRP15M-26OCT042130-30,0.9990,30.00,yes
2026-10-05T01:28:49.586534Z,KXXRP15M-26OCT042130-30,0.9990,30.00,yes
2026-10-05T01:28:49.586726Z,KXXRP15M-26OCT042130-30,0.9990,30.00,yes
2026-10-05T01:28:49.591751Z,KXXRP15M-26OCT042130-30,0.9990,30.00,yes
2026-10-05T01:28:49.610573Z,KXXRP15M-26OCT042130-30,0.9990,30.00,yes
2026-10-05T01:28:49.64295Z,KXXRP15M-26OCT042130-30,0.9990,30.00,yes
2026-10-05T01:28:49.669847Z,KXXRP15M-26OCT042130-30,0.9990,25.00,yes
2026-10-05T01:28:50.017132Z,KXXRP15M-26OCT042130-30,0.9990,12.00,yes
2026-10-05T01:28:50.168171Z,KXXRP15M-26OCT042130-30,0.9990,3.40,yes
2026-10-05T01:28:51.022018Z,KXXRP15M-26OCT042130-30,0.9990,53.06,yes
2026-10-05T01:28:51.022018Z,KXXRP15M-26OCT042130-30,0.9990,146.94,yes
2026-10-05T01:28:51.040327Z,KXXRP15M-26OCT042130-30,0.9990,200.00,yes
2026-10-05T01:28:51.053761Z,KXXRP15M-26OCT042130-30,0.9990,1.00,yes
2026-10-05T01:28:51.053761Z,KXXRP15M-26OCT042130-30,0.9990,43.94,yes
2026-10-05T01:28:51.053761Z,KXXRP15M-26OCT042130-30,0.9990,153.06,yes
2026-10-05T01:28:51.053761Z,KXXRP15M-26OCT042130-30,0.9990,1.00,yes
2026-10-05T01:28:51.053761Z,KXXRP15M-26OCT042130-30,0.9990,1.00,yes
2026-10-05T01:28:51.151106Z,KXXRP15M-26OCT042130-30,0.9990,4.99,yes
2026-10-05T01:28:51.151106Z,KXXRP15M-26OCT042130-30,0.9990,86.09,yes
2026-10-05T01:28:51.222217Z,KXXRP15M-26OCT042130-30,0.9990,29.01,yes
2026-10-05T01:28:51.222217Z,KXXRP15M-26OCT042130-30,0.9990,40.00,yes
2026-10-05T01:28:51.222217Z,KXXRP15M-26OCT042130-30,0.9990,34.00,yes
2026-10-05T01:28:51.222217Z,KXXRP15M-26OCT042130-30,0.9990,73.64,yes
2026-10-05T01:28:51.222217Z,KXXRP15M-26OCT042130-30,0.9990,18.69,yes
2026-10-05T01:28:51.222217Z,KXXRP15M-26OCT042130-30,0.9990,28.52,yes
2026-10-05T01:28:51.222217Z,KXXRP15M-26OCT042130-30,0.9990,31.76,yes
2026-10-05T01:28:51.222217Z,KXXRP15M-26OCT042130-30,0.9990,200.00,yes
2026-10-05T01:28:56.164095Z,KXXRP15M-26OCT042130-30,0.9990,8.68,no
2026-10-05T01:28:57.47871Z,KXXRP15M-26OCT042130-30,0.9990,1.00,no
2026-10-05T01:29:05.258984Z,KXXRP15M-26OCT042130-30,0.9990,1350.36,no
2026-10-05T01:29:06.760054Z,KXXRP15M-26OCT042130-30,0.9990,30.00,no
2026-10-05T01:29:06.760054Z,KXXRP15M-26OCT042130-30,0.9990,30.00,no
2026-10-05T01:29:06.760054Z,KXXRP15M-26OCT042130-30,0.9990,30.00,no
2026-10-05T01:29:06.760054Z,KXXRP15M-26OCT042130-30,0.9990,30.00,no
2026-10-05T01:29:06.760054Z,KXXRP15M-26OCT042130-30,0.9990,53.06,no
2026-10-05T01:29:06.760054Z,KXXRP15M-26OCT042130-30,0.9990,90.41,no
2026-10-05T01:29:06.760054Z,KXXRP15M-26OCT042130-30,0.9990,980.34,no
2026-10-05T01:29:06.760054Z,KXXRP15M-26OCT042130-30,0.9990,740.07,no
2026-10-05T01:29:06.760054Z,KXXRP15M-26OCT042130-30,0.9990,44.00,no
2026-10-05T01:29:06.760054Z,KXXRP15M-26OCT042130-30,0.9990,87.00,no
2026-10-05T01:29:06.760054Z,KXXRP15M-26OCT042130-30,0.9990,175.00,no
2026-10-05T01:29:07.660465Z,KXXRP15M-26OCT042130-30,0.9990,915.99,no
2026-10-05T01:29:08.809669Z,KXXRP15M-26OCT042130-30,0.9990,183.25,no
2026-10-05T01:29:13.646848Z,KXXRP15M-26OCT042130-30,0.9990,13.80,no
2026-10-05T01:29:16.21028Z,KXXRP15M-26OCT042130-30,0.9990,506.38,no
2026-10-05T01:29:16.21028Z,KXXRP15M-26OCT042130-30,0.9990,409.61,no
2026-10-05T01:29:16.874805Z,KXXRP15M-26OCT042130-30,0.9990,18.69,no
2026-10-05T01:29:17.454985Z,KXXRP15M-26OCT042130-30,0.9990,270.70,no
2026-10-05T01:29:17.454985Z,KXXRP15M-26OCT042130-30,0.9990,29.06,no
2026-10-05T01:29:17.454985Z,KXXRP15M-26OCT042130-30,0.9990,30.00,no
2026-10-05T01:29:21.607674Z,KXXRP15M-26OCT042130-30,0.9990,5.44,no
2026-10-05T01:29:37.48893Z,KXXRP15M-26OCT042130-30,0.9990,4.28,no
2026-10-05T01:29:50.384649Z,KXXRP15M-26OCT042130-30,0.9990,915.99,no
2026-10-05T01:29:53.697807Z,KXXRP15M-26OCT042130-30,0.9990,27.52,no
2026-10-05T01:29:59.694948Z,KXXRP15M-26OCT042130-30,0.9990,350.00,no
2026-10-05T01:29:59.694948Z,KXXRP15M-26OCT042130-30,0.9990,415.71,no
2026-10-05T01:29:59.694948Z,KXXRP15M-26OCT042130-30,0.9990,58.65,no
2026-10-05T01:26:55.487102Z,KXWTI15M-26OCT042130-30,0.0120,127.00,no
2026-10-05T01:26:55.487102Z,KXWTI15M-26OCT042130-30,0.0100,55.67,no
2026-10-05T01:26:55.487102Z,KXWTI15M-26OCT042130-30,0.0110,23.00,no
2026-10-05T01:26:55.487102Z,KXWTI15M-26OCT042130-30,0.0120,10.00,no
2026-10-05T01:26:55.66733Z,KXWTI15M-26OCT042130-30,0.0200,2.00,yes
2026-10-05T01:26:55.66733Z,KXWTI15M-26OCT042130-30,0.0200,91.00,yes
2026-10-05T01:26:55.66733Z,KXWTI15M-26OCT042130-30,0.0200,27.00,yes
2026-10-05T01:26:55.66733Z,KXWTI15M-26OCT042130-30,0.0190,24.00,yes
2026-10-05T01:26:55.66733Z,KXWTI15M-26OCT042130-30,0.0190,27.00,yes
2026-10-05T01:26:55.66733Z,KXWTI15M-26OCT042130-30,0.0220,78.62,yes
2026-10-05T01:26:55.66733Z,KXWTI15M-26OCT042130-30,0.0200,200.00,yes
2026-10-05T01:26:55.66733Z,KXWTI15M-26OCT042130-30,0.0190,2.00,yes
2026-10-05T01:26:55.66733Z,KXWTI15M-26OCT042130-30,0.0200,1.00,yes
2026-10-05T01:26:55.66733Z,KXWTI15M-26OCT042130-30,0.0200,2.00,yes
2026-10-05T01:26:57.791818Z,KXWTI15M-26OCT042130-30,0.0160,8.58,yes
2026-10-05T01:26:58.950025Z,KXWTI15M-26OCT042130-30,0.0170,6.00,yes
2026-10-05T01:26:58.950025Z,KXWTI15M-26OCT042130-30,0.0170,20.00,yes
2026-10-05T01:26:58.950025Z,KXWTI15M-26OCT042130-30,0.0180,78.86,yes
2026-10-05T01:27:01.856596Z,KXWTI15M-26OCT042130-30,0.0150,62.36,yes
2026-10-05T01:27:10.343714Z,KXWTI15M-26OCT042130-30,0.0120,48.64,yes
2026-10-05T01:27:10.343714Z,KXWTI15M-26OCT042130-30,0.0120,1.00,yes
2026-10-05T01:27:10.343714Z,KXWTI15M-26OCT042130-30,0.0120,16.00,yes
2026-10-05T01:27:11.759666Z,KXWTI15M-26OCT042130-30,0.0120,19.00,yes
2026-10-05T01:27:11.759666Z,KXWTI15M-26OCT042130-30,0.0120,40.00,yes
2026-10-05T01:27:11.759666Z,KXWTI15M-26OCT042130-30,0.0120,151.36,yes
2026-10-05T01:27:11.759666Z,KXWTI15M-26OCT042130-30,0.0180,363.36,yes
2026-10-05T01:27:11.759666Z,KXWTI15M-26OCT042130-30,0.0120,10.00,yes
2026-10-05T01:27:14.065097Z,KXWTI15M-26OCT042130-30,0.0080,2.00,no
2026-10-05T01:27:14.065097Z,KXWTI15M-26OCT042130-30,0.0070,3.02,no
2026-10-05T01:27:18.915475Z,KXWTI15M-26OCT042130-30,0.0090,4.18,yes
2026-10-05T01:27:19.634299Z,KXWTI15M-26OCT042130-30,0.0060,52.35,no
2026-10-05T01:27:22.934598Z,KXWTI15M-26OCT042130-30,0.0050,30.00,no
2026-10-05T01:27:22.934598Z,KXWTI15M-26OCT042130-30,0.0050,11.00,no
2026-10-05T01:27:22.963647Z,KXWTI15M-26OCT042130-30,0.0040,23.27,no
2026-10-05T01:27:22.963647Z,KXWTI15M-26OCT042130-30,0.0040,1.00,no
2026-10-05T01:27:22.963647Z,KXWTI15M-26OCT042130-30,0.0040,1.00,no
2026-10-05T01:27:22.963647Z,KXWTI15M-26OCT042130-30,0.0040,1.00,no
2026-10-05T01:27:22.963647Z,KXWTI15M-26OCT042130-30,0.0040,1.00,no
2026-10-05T01:27:22.963647Z,KXWTI15M-26OCT042130-30,0.0040,1.00,no
2026-10-05T01:27:22.963647Z,KXWTI15M-26OCT042130-30,0.0040,13.00,no
2026-10-05T01:27:30.906678Z,KXWTI15M-26OCT042130-30,0.0030,25.00,no
2026-10-05T01:27:30.906678Z,KXWTI15M-26OCT042130-30,0.0030,78.00,no
2026-10-05T01:27:30.906678Z,KXWTI15M-26OCT042130-30,0.0030,18.00,no
2026-10-05T01:27:30.906678Z,KXWTI15M-26OCT042130-30,0.0030,2.00,no
2026-10-05T01:27:30.906678Z,KXWTI15M-26OCT042130-30,0.0030,2.00,no
2026-10-05T01:27:30.906678Z,KXWTI15M-26OCT042130-30,0.0030,2.00,no
2026-10-05T01:27:30.906678Z,KXWTI15M-26OCT042130-30,0.0030,2.00,no
2026-10-05T01:27:30.906678Z,KXWTI15M-26OCT042130-30,0.0030,2.00,no
2026-10-05T01:27:30.906678Z,KXWTI15M-26OCT042130-30,0.0020,800.00,no
2026-10-05T01:27:30.906678Z,KXWTI15M-26OCT042130-30,0.0030,103.00,no
2026-10-05T01:27:30.906678Z,KXWTI15M-26OCT042130-30,0.0020,932.59,no
2026-10-05T01:27:30.906678Z,KXWTI15M-26OCT042130-30,0.0030,10.00,no
2026-10-05T01:27:30.906678Z,KXWTI15M-26OCT042130-30,0.0030,250.00,no
2026-10-05T01:27:32.664491Z,KXWTI15M-26OCT042130-30,0.0050,373.95,yes
2026-10-05T01:27:32.942984Z,KXWTI15M-26OCT042130-30,0.0050,168.27,yes
2026-10-05T01:27:33.308859Z,KXWTI15M-26OCT042130-30,0.0050,5.05,yes
2026-10-05T01:27:36.676195Z,KXWTI15M-26OCT042130-30,0.0050,120.94,yes
2026-10-05T01:27:39.311464Z,KXWTI15M-26OCT042130-30,0.0050,20.00,yes
2026-10-05T01:27:41.686308Z,KXWTI15M-26OCT042130-30,0.0050,16.77,yes
2026-10-05T01:27:45.226023Z,KXWTI15M-26OCT042130-30,0.0050,186.97,yes
2026-10-05T01:27:51.756737Z,KXWTI15M-26OCT042130-30,0.0040,186.97,yes
2026-10-05T01:27:53.685421Z,KXWTI15M-26OCT042130-30,0.0050,85.85,yes
2026-10-05T01:27:53.685421Z,KXWTI15M-26OCT042130-30,0.0050,10.00,yes
2026-10-05T01:27:53.685421Z,KXWTI15M-26OCT042130-30,0.0040,63.03,yes
2026-10-05T01:27:53.685421Z,KXWTI15M-26OCT042130-30,0.0050,40.64,yes
2026-10-05T01:27:55.478063Z,KXWTI15M-26OCT042130-30,0.0050,186.97,yes
2026-10-05T01:27:55.849635Z,KXWTI15M-26OCT042130-30,0.0050,186.97,yes
2026-10-05T01:27:56.156055Z,KXWTI15M-26OCT042130-30,0.0050,33.74,yes
2026-10-05T01:27:56.156055Z,KXWTI15M-26OCT042130-30,0.0050,340.21,yes
2026-10-05T01:28:00.143229Z,KXWTI15M-26OCT042130-30,0.0020,2.64,no
2026-10-05T01:28:02.065214Z,KXWTI15M-26OCT042130-30,0.0030,5.00,no
2026-10-05T01:28:02.065214Z,KXWTI15M-26OCT042130-30,0.0030,25.00,no
2026-10-05T01:28:08.468561Z,KXWTI15M-26OCT042130-30,0.0040,84.00,yes
2026-10-05T01:28:08.468561Z,KXWTI15M-26OCT042130-30,0.0060,71.68,yes
2026-10-05T01:28:08.468561Z,KXWTI15M-26OCT042130-30,0.0040,40.00,yes
2026-10-05T01:28:08.63273Z,KXWTI15M-26OCT042130-30,0.0020,10.00,no
2026-10-05T01:28:09.267506Z,KXWTI15M-26OCT042130-30,0.0040,188.04,yes
2026-10-05T01:28:09.267506Z,KXWTI15M-26OCT042130-30,0.0040,41.00,yes
2026-10-05T01:28:12.892044Z,KXWTI15M-26OCT042130-30,0.0040,50.39,yes
2026-10-05T01:28:13.695078Z,KXWTI15M-26OCT042130-30,0.0020,54.77,no
2026-10-05T01:28:13.695078Z,KXWTI15M-26OCT042130-30,0.0020,147.23,no
2026-10-05T01:28:13.99914Z,KXWTI15M-26OCT042130-30,0.0040,205.57,yes
2026-10-05T01:28:13.99914Z,KXWTI15M-26OCT042130-30,0.0040,22.43,yes
2026-10-05T01:28:15.754341Z,KXWTI15M-26OCT042130-30,0.0040,109.84,yes
2026-10-05T01:28:16.96375Z,KXWTI15M-26OCT042130-30,0.0020,6.27,no
2026-10-05T01:28:19.494019Z,KXWTI15M-26OCT042130-30,0.0020,200.00,no
2026-10-05T01:28:19.77024Z,KXWTI15M-26OCT042130-30,0.0020,50.00,no
2026-10-05T01:28:20.038069Z,KXWTI15M-26OCT042130-30,0.0020,46.00,no
2026-10-05T01:28:20.954149Z,KXWTI15M-26OCT042130-30,0.0040,40.00,yes
2026-10-05T01:28:20.954149Z,KXWTI15M-26OCT042130-30,0.0040,6.27,yes
2026-10-05T01:28:20.954149Z,KXWTI15M-26OCT042130-30,0.0040,136.81,yes
2026-10-05T01:28:20.954149Z,KXWTI15M-26OCT042130-30,0.0040,14.96,yes
2026-10-05T01:28:20.954149Z,KXWTI15M-26OCT042130-30,0.0040,31.00,yes
2026-10-05T01:28:25.470499Z,KXWTI15M-26OCT042130-30,0.0020,5.00,no
2026-10-05T01:28:25.64403Z,KXWTI15M-26OCT042130-30,0.0040,50.00,yes
2026-10-05T01:28:25.64403Z,KXWTI15M-26OCT042130-30,0.0040,63.19,yes
2026-10-05T01:28:25.64403Z,KXWTI15M-26OCT042130-30,0.0040,69.85,yes
2026-10-05T01:28:25.64403Z,KXWTI15M-26OCT042130-30,0.0040,46.00,yes
2026-10-05T01:28:26.115875Z,KXWTI15M-26OCT042130-30,0.0040,57.27,yes
2026-10-05T01:28:28.479975Z,KXWTI15M-26OCT042130-30,0.0020,25.04,no
2026-10-05T01:28:31.717877Z,KXWTI15M-26OCT042130-30,0.0020,1.00,no
2026-10-05T01:28:31.717877Z,KXWTI15M-26OCT042130-30,0.0020,1.00,no
2026-10-05T01:28:31.717877Z,KXWTI15M-26OCT042130-30,0.0020,250.00,no
2026-10-05T01:28:31.717877Z,KXWTI15M-26OCT042130-30,0.0020,800.00,no
2026-10-05T01:28:31.717877Z,KXWTI15M-26OCT042130-30,0.0020,29.00,no
2026-10-05T01:28:31.717877Z,KXWTI15M-26OCT042130-30,0.0020,20.46,no
2026-10-05T01:28:31.717877Z,KXWTI15M-26OCT042130-30,0.0020,26.00,no
2026-10-05T01:28:31.717877Z,KXWTI15M-26OCT042130-30,0.0020,3.00,no
2026-10-05T01:28:31.717877Z,KXWTI15M-26OCT042130-30,0.0020,3.00,no
2026-10-05T01:28:31.717877Z,KXWTI15M-26OCT042130-30,0.0020,3.00,no
2026-10-05T01:28:31.717877Z,KXWTI15M-26OCT042130-30,0.0020,3.00,no
2026-10-05T01:28:31.717877Z,KXWTI15M-26OCT042130-30,0.0020,3.00,no
2026-10-05T01:28:35.223797Z,KXWTI15M-26OCT042130-30,0.0020,195.68,yes
2026-10-05T01:28:36.184369Z,KXWTI15M-26OCT042130-30,0.0010,1.00,no
2026-10-05T01:28:41.101624Z,KXWTI15M-26OCT042130-30,0.0010,200.00,no
2026-10-05T01:28:41.119441Z,KXWTI15M-26OCT042130-30,0.0010,200.00,no
2026-10-05T01:28:41.133405Z,KXWTI15M-26OCT042130-30,0.0010,99.00,no
2026-10-05T01:28:41.133405Z,KXWTI15M-26OCT042130-30,0.0010,1.00,no
2026-10-05T01:28:41.133405Z,KXWTI15M-26OCT042130-30,0.0010,75.00,no
2026-10-05T01:28:41.133405Z,KXWTI15M-26OCT042130-30,0.0010,25.00,no
2026-10-05T01:28:41.182512Z,KXWTI15M-26OCT042130-30,0.0010,200.00,no
2026-10-05T01:28:41.313932Z,KXWTI15M-26OCT042130-30,0.0010,200.00,no
2026-10-05T01:28:41.393254Z,KXWTI15M-26OCT042130-30,0.0010,200.00,no
2026-10-05T01:28:41.479Z,KXWTI15M-26OCT042130-30,0.0010,200.00,no
2026-10-05T01:28:41.530619Z,KXWTI15M-26OCT042130-30,0.0010,200.00,no
2026-10-05T01:28:42.731807Z,KXWTI15M-26OCT042130-30,0.0020,1.00,yes
2026-10-05T01:28:42.731807Z,KXWTI15M-26OCT042130-30,0.0020,250.00,yes
2026-10-05T01:28:42.731807Z,KXWTI15M-26OCT042130-30,0.0020,28.69,yes
2026-10-05T01:28:42.731807Z,KXWTI15M-26OCT042130-30,0.0020,200.00,yes
2026-10-05T01:28:42.731807Z,KXWTI15M-26OCT042130-30,0.0020,200.00,yes
2026-10-05T01:28:42.731807Z,KXWTI15M-26OCT042130-30,0.0020,1411.86,yes
2026-10-05T01:28:42.731807Z,KXWTI15M-26OCT042130-30,0.0020,20.46,yes
2026-10-05T01:28:42.731807Z,KXWTI15M-26OCT042130-30,0.0020,25.04,yes
2026-10-05T01:28:42.731807Z,KXWTI15M-26OCT042130-30,0.0020,148.00,yes
2026-10-05T01:28:42.731807Z,KXWTI15M-26OCT042130-30,0.0020,5.00,yes
2026-10-05T01:28:42.767266Z,KXWTI15M-26OCT042130-30,0.0010,108.00,no
2026-10-05T01:28:42.783603Z,KXWTI15M-26OCT042130-30,0.0010,200.00,no
2026-10-05T01:28:42.798367Z,KXWTI15M-26OCT042130-30,0.0010,28.00,no
2026-10-05T01:28:56.65743Z,KXWTI15M-26OCT042130-30,0.0010,100.10,no
2026-10-05T01:28:57.508449Z,KXWTI15M-26OCT042130-30,0.0020,70.31,yes
2026-10-05T01:28:57.508449Z,KXWTI15M-26OCT042130-30,0.0020,200.00,yes
2026-10-05T01:28:57.508449Z,KXWTI15M-26OCT042130-30,0.0020,25.00,yes
2026-10-05T01:28:57.508449Z,KXWTI15M-26OCT042130-30,0.0020,162.70,yes
2026-10-05T01:29:00.042635Z,KXWTI15M-26OCT042130-30,0.0010,4.00,no
2026-10-05T01:29:00.042635Z,KXWTI15M-26OCT042130-30,0.0010,1.00,no
2026-10-05T01:29:02.924381Z,KXWTI15M-26OCT042130-30,0.0010,27.00,no
2026-10-05T01:29:02.924381Z,KXWTI15M-26OCT042130-30,0.0010,22.00,no
2026-10-05T01:29:02.924381Z,KXWTI15M-26OCT042130-30,0.0010,1.00,no
2026-10-05T01:29:03.681579Z,KXWTI15M-26OCT042130-30,0.0010,50.00,no
2026-10-05T01:29:04.440677Z,KXWTI15M-26OCT042130-30,0.0010,50.00,no
2026-10-05T01:29:05.201908Z,KXWTI15M-26OCT042130-30,0.0010,50.00,no
2026-10-05T01:29:05.382996Z,KXWTI15M-26OCT042130-30,0.0010,28.00,no
2026-10-05T01:29:05.382996Z,KXWTI15M-26OCT042130-30,0.0010,22.00,no
2026-10-05T01:29:06.141283Z,KXWTI15M-26OCT042130-30,0.0010,50.00,no
2026-10-05T01:29:06.898636Z,KXWTI15M-26OCT042130-30,0.0010,50.00,no
2026-10-05T01:29:07.424324Z,KXWTI15M-26OCT042130-30,0.0020,302.72,yes
2026-10-05T01:29:07.424324Z,KXWTI15M-26OCT042130-30,0.0020,37.30,yes
2026-10-05T01:29:07.424324Z,KXWTI15M-26OCT042130-30,0.0020,200.00,yes
2026-10-05T01:29:07.424324Z,KXWTI15M-26OCT042130-30,0.0020,40.00,yes
2026-10-05T01:29:07.424324Z,KXWTI15M-26OCT042130-30,0.0020,28.00,yes
2026-10-05T01:29:07.424324Z,KXWTI15M-26OCT042130-30,0.0020,200.00,yes
2026-10-05T01:29:07.424324Z,KXWTI15M-26OCT042130-30,0.0020,108.00,yes
2026-10-05T01:29:07.658741Z,KXWTI15M-26OCT042130-30,0.0010,50.00,no
2026-10-05T01:29:07.730963Z,KXWTI15M-26OCT042130-30,0.0010,25.00,no
2026-10-05T01:29:08.499205Z,KXWTI15M-26OCT042130-30,0.0010,3.00,no
2026-10-05T01:29:08.499205Z,KXWTI15M-26OCT042130-30,0.0010,22.00,no
2026-10-05T01:29:09.260916Z,KXWTI15M-26OCT042130-30,0.0010,18.31,no
2026-10-05T01:29:09.260916Z,KXWTI15M-26OCT042130-30,0.0010,6.69,no
2026-10-05T01:29:12.923286Z,KXWTI15M-26OCT042130-30,0.0020,45.80,yes
2026-10-05T01:29:15.322516Z,KXWTI15M-26OCT042130-30,0.0010,27.00,no
2026-10-05T01:29:15.322516Z,KXWTI15M-26OCT042130-30,0.0010,4.00,no
2026-10-05T01:29:15.322516Z,KXWTI15M-26OCT042130-30,0.0010,52.00,no
2026-10-05T01:29:15.626233Z,KXWTI15M-26OCT042130-30,0.0010,256.13,yes
2026-10-05T01:29:18.129241Z,KXWTI15M-26OCT042130-30,0.0010,9.20,yes
2026-10-05T01:29:35.861922Z,KXWTI15M-26OCT042130-30,0.0010,90.00,yes
2026-10-05T01:29:46.917849Z,KXWTI15M-26OCT042130-30,0.0010,1.79,yes
2026-10-05T01:29:52.94521Z,KXWTI15M-26OCT042130-30,0.0010,40.00,yes
2026-10-05T01:29:52.94521Z,KXWTI15M-26OCT042130-30,0.0010,775.89,yes
2026-10-05T01:29:52.94521Z,KXWTI15M-26OCT042130-30,0.0010,100.10,yes
2026-10-05T01:29:54.739286Z,KXWTI15M-26OCT042130-30,0.0010,915.99,yes
2026-10-05T01:27:13.074136Z,KXBTC15M-26OCT042130-30,0.9700,17.57,no
2026-10-05T01:27:13.074136Z,KXBTC15M-26OCT042130-30,0.9700,44.85,no
2026-10-05T01:27:13.358389Z,KXBTC15M-26OCT042130-30,0.9700,14.63,no
2026-10-05T01:27:13.388841Z,KXBTC15M-26OCT042130-30,0.9700,200.00,no
2026-10-05T01:27:13.398192Z,KXBTC15M-26OCT042130-30,0.9700,156.06,no
2026-10-05T01:27:13.41005Z,KXBTC15M-26OCT042130-30,0.9700,11.74,no
2026-10-05T01:27:13.41005Z,KXBTC15M-26OCT042130-30,0.9700,0.01,no
2026-10-05T01:27:13.41005Z,KXBTC15M-26OCT042130-30,0.9700,11.00,no
2026-10-05T01:27:13.41005Z,KXBTC15M-26OCT042130-30,0.9700,1.00,no
2026-10-05T01:27:13.41005Z,KXBTC15M-26OCT042130-30,0.9700,7.46,no
2026-10-05T01:27:13.465034Z,KXBTC15M-26OCT042130-30,0.9700,118.73,no
2026-10-05T01:27:13.465034Z,KXBTC15M-26OCT042130-30,0.9700,50.00,no
2026-10-05T01:27:13.465034Z,KXBTC15M-26OCT042130-30,0.9700,100.00,no
2026-10-05T01:27:13.465034Z,KXBTC15M-26OCT042130-30,0.9700,192.54,no
2026-10-05T01:27:13.465034Z,KXBTC15M-26OCT042130-30,0.9700,1.00,no
2026-10-05T01:27:13.465034Z,KXBTC15M-26OCT042130-30,0.9700,150.00,no
2026-10-05T01:27:13.465034Z,KXBTC15M-26OCT042130-30,0.9700,12.00,no
2026-10-05T01:27:13.491417Z,KXBTC15M-26OCT042130-30,0.9700,1.00,no
2026-10-05T01:27:13.491417Z,KXBTC15M-26OCT042130-30,0.9700,8.00,no
2026-10-05T01:27:13.491417Z,KXBTC15M-26OCT042130-30,0.9700,11.00,no
2026-10-05T01:27:13.534531Z,KXBTC15M-26OCT042130-30,0.9700,44.99,no
2026-10-05T01:27:13.534531Z,KXBTC15M-26OCT042130-30,0.9700,392.00,no
2026-10-05T01:27:13.548496Z,KXBTC15M-26OCT042130-30,0.9710,0.01,yes
2026-10-05T01:27:13.548496Z,KXBTC15M-26OCT042130-30,0.9710,0.01,yes
2026-10-05T01:27:13.548496Z,KXBTC15M-26OCT042130-30,0.9710,1.00,yes
2026-10-05T01:27:13.580722Z,KXBTC15M-26OCT042130-30,0.9700,93.64,no
2026-10-05T01:27:13.609547Z,KXBTC15M-26OCT042130-30,0.9700,500.00,no
2026-10-05T01:27:13.609547Z,KXBTC15M-26OCT042130-30,0.9700,11.00,no
2026-10-05T01:27:13.609547Z,KXBTC15M-26OCT042130-30,0.9700,1.00,no
2026-10-05T01:27:13.609547Z,KXBTC15M-26OCT042130-30,0.9700,11.37,no
2026-10-05T01:27:13.609547Z,KXBTC15M-26OCT042130-30,0.9700,11.00,no
2026-10-05T01:27:13.609547Z,KXBTC15M-26OCT042130-30,0.9700,400.00,no
2026-10-05T01:27:13.609547Z,KXBTC15M-26OCT042130-30,0.9700,0.01,no
2026-10-05T01:27:13.609547Z,KXBTC15M-26OCT042130-30,0.9700,0.01,no
2026-10-05T01:27:13.856638Z,KXBTC15M-26OCT042130-30,0.9700,0.63,yes
2026-10-05T01:27:13.857706Z,KXBTC15M-26OCT042130-30,0.9700,3.07,yes
2026-10-05T01:27:13.987232Z,KXBTC15M-26OCT042130-30,0.9690,16.68,no
2026-10-05T01:27:14.093012Z,KXBTC15M-26OCT042130-30,0.9690,50.83,no
2026-10-05T01:27:14.093012Z,KXBTC15M-26OCT042130-30,0.9690,11.00,no
2026-10-05T01:27:14.093012Z,KXBTC15M-26OCT042130-30,0.9690,133.32,no
2026-10-05T01:27:14.125115Z,KXBTC15M-26OCT042130-30,0.9690,60.41,no
2026-10-05T01:27:14.127758Z,KXBTC15M-26OCT042130-30,0.9690,30.20,no
2026-10-05T01:27:14.134472Z,KXBTC15M-26OCT042130-30,0.9690,30.20,no
2026-10-05T01:27:14.141485Z,KXBTC15M-26OCT042130-30,0.9700,5.00,yes
2026-10-05T01:27:14.147584Z,KXBTC15M-26OCT042130-30,0.9690,30.20,no
2026-10-05T01:27:14.150917Z,KXBTC15M-26OCT042130-30,0.9700,1.00,yes
2026-10-05T01:27:14.150917Z,KXBTC15M-26OCT042130-30,0.9700,41.30,yes
2026-10-05T01:27:14.150917Z,KXBTC15M-26OCT042130-30,0.9700,0.01,yes
2026-10-05T01:27:14.150917Z,KXBTC15M-26OCT042130-30,0.9700,0.01,yes
2026-10-05T01:27:14.220214Z,KXBTC15M-26OCT042130-30,0.9730,371.36,yes
2026-10-05T01:27:14.220214Z,KXBTC15M-26OCT042130-30,0.9730,0.01,yes
2026-10-05T01:27:14.220214Z,KXBTC15M-26OCT042130-30,0.9730,0.01,yes
2026-10-05T01:27:14.258964Z,KXBTC15M-26OCT042130-30,0.9730,0.01,no
2026-10-05T01:27:14.258964Z,KXBTC15M-26OCT042130-30,0.9730,150.00,no
2026-10-05T01:27:14.258964Z,KXBTC15M-26OCT042130-30,0.9730,0.01,no
2026-10-05T01:27:14.258964Z,KXBTC15M-26OCT042130-30,0.9730,1.98,no
2026-10-05T01:27:14.258964Z,KXBTC15M-26OCT042130-30,0.9730,10.00,no
2026-10-05T01:27:14.263425Z,KXBTC15M-26OCT042130-30,0.9730,24.00,no
2026-10-05T01:27:14.298175Z,KXBTC15M-26OCT042130-30,0.9730,2.47,no
2026-10-05T01:27:14.32691Z,KXBTC15M-26OCT042130-30,0.9740,0.01,yes
2026-10-05T01:27:14.32691Z,KXBTC15M-26OCT042130-30,0.9740,1.00,yes
2026-10-05T01:27:14.32691Z,KXBTC15M-26OCT042130-30,0.9740,316.75,yes
2026-10-05T01:27:14.32691Z,KXBTC15M-26OCT042130-30,0.9740,0.01,yes
2026-10-05T01:27:14.32691Z,KXBTC15M-26OCT042130-30,0.9740,2.00,yes
2026-10-05T01:27:14.36145Z,KXBTC15M-26OCT042130-30,0.9740,96.00,no
2026-10-05T01:27:14.361812Z,KXBTC15M-26OCT042130-30,0.9740,54.00,no
2026-10-05T01:27:14.361812Z,KXBTC15M-26OCT042130-30,0.9740,97.00,no
2026-10-05T01:27:14.362637Z,KXBTC15M-26OCT042130-30,0.9740,2.47,no
2026-10-05T01:27:14.370081Z,KXBTC15M-26OCT042130-30,0.9740,15.54,no
2026-10-05T01:27:14.404594Z,KXBTC15M-26OCT042130-30,0.9740,300.00,no
2026-10-05T01:27:14.409111Z,KXBTC15M-26OCT042130-30,0.9740,302.09,no
2026-10-05T01:27:14.429718Z,KXBTC15M-26OCT042130-30,0.9740,49.00,no
2026-10-05T01:27:14.436276Z,KXBTC15M-26OCT042130-30,0.9740,0.61,no
2026-10-05T01:27:14.508318Z,KXBTC15M-26OCT042130-30,0.9750,52.06,yes
2026-10-05T01:27:14.508318Z,KXBTC15M-26OCT042130-30,0.9750,2.00,yes
2026-10-05T01:27:14.508318Z,KXBTC15M-26OCT042130-30,0.9750,15.00,yes
2026-10-05T01:27:14.508318Z,KXBTC15M-26OCT042130-30,0.9750,93.56,yes
2026-10-05T01:27:14.508318Z,KXBTC15M-26OCT042130-30,0.9750,15.00,yes
2026-10-05T01:27:14.728548Z,KXBTC15M-26OCT042130-30,0.9750,5.50,yes
2026-10-05T01:27:14.728548Z,KXBTC15M-26OCT042130-30,0.9750,0.01,yes
2026-10-05T01:27:14.728548Z,KXBTC15M-26OCT042130-30,0.9750,0.01,yes
2026-10-05T01:27:14.80962Z,KXBTC15M-26OCT042130-30,0.9740,34.67,no
2026-10-05T01:27:14.822468Z,KXBTC15M-26OCT042130-30,0.9740,26.58,no
2026-10-05T01:27:14.85837Z,KXBTC15M-26OCT042130-30,0.9740,69.35,no
2026-10-05T01:27:14.880643Z,KXBTC15M-26OCT042130-30,0.9740,34.67,no
2026-10-05T01:27:14.894859Z,KXBTC15M-26OCT042130-30,0.9750,100.00,yes
2026-10-05T01:27:14.894859Z,KXBTC15M-26OCT042130-30,0.9750,1.00,yes
2026-10-05T01:27:14.894859Z,KXBTC15M-26OCT042130-30,0.9750,0.01,yes
2026-10-05T01:27:14.894859Z,KXBTC15M-26OCT042130-30,0.9750,35.53,yes
2026-10-05T01:27:14.894859Z,KXBTC15M-26OCT042130-30,0.9750,0.01,yes
2026-10-05T01:27:14.942471Z,KXBTC15M-26OCT042130-30,0.9740,72.01,no
2026-10-05T01:27:14.967428Z,KXBTC15M-26OCT042130-30,0.9750,5.11,yes
2026-10-05T01:27:15.009123Z,KXBTC15M-26OCT042130-30,0.9740,27.67,no
2026-10-05T01:27:15.009123Z,KXBTC15M-26OCT042130-30,0.9740,0.01,no
2026-10-05T01:27:15.009123Z,KXBTC15M-26OCT042130-30,0.9740,0.01,no
2026-10-05T01:27:15.009123Z,KXBTC15M-26OCT042130-30,0.9740,15.00,no
2026-10-05T01:27:15.009123Z,KXBTC15M-26OCT042130-30,0.9740,137.34,no
2026-10-05T01:27:15.054037Z,KXBTC15M-26OCT042130-30,0.9750,0.25,yes
2026-10-05T01:27:15.066816Z,KXBTC15M-26OCT042130-30,0.9750,5.34,yes
2026-10-05T01:27:15.066816Z,KXBTC15M-26OCT042130-30,0.9750,0.01,yes
2026-10-05T01:27:15.066816Z,KXBTC15M-26OCT042130-30,0.9750,94.64,yes
2026-10-05T01:27:15.066816Z,KXBTC15M-26OCT042130-30,0.9750,0.01,yes
2026-10-05T01:27:15.104895Z,KXBTC15M-26OCT042130-30,0.9740,69.85,no
2026-10-05T01:27:15.114265Z,KXBTC15M-26OCT042130-30,0.9740,76.55,no
2026-10-05T01:27:15.114265Z,KXBTC15M-26OCT042130-30,0.9740,1.00,no
2026-10-05T01:27:15.114265Z,KXBTC15M-26OCT042130-30,0.9740,102.48,no
2026-10-05T01:27:15.131165Z,KXBTC15M-26OCT042130-30,0.9740,1.27,no
2026-10-05T01:27:15.239234Z,KXBTC15M-26OCT042130-30,0.9750,27.00,yes
2026-10-05T01:27:15.241902Z,KXBTC15M-26OCT042130-30,0.9750,1.00,yes
2026-10-05T01:27:15.241902Z,KXBTC15M-26OCT042130-30,0.9750,167.66,yes
2026-10-05T01:27:15.241902Z,KXBTC15M-26OCT042130-30,0.9750,400.00,yes
2026-10-05T01:27:15.241902Z,KXBTC15M-26OCT042130-30,0.9750,100.00,yes
2026-10-05T01:27:15.241902Z,KXBTC15M-26OCT042130-30,0.9750,15.00,yes
2026-10-05T01:27:15.241902Z,KXBTC15M-26OCT042130-30,0.9750,0.01,yes
2026-10-05T01:27:15.241902Z,KXBTC15M-26OCT042130-30,0.9750,0.01,yes
2026-10-05T01:27:15.245241Z,KXBTC15M-26OCT042130-30,0.9740,0.01,no
2026-10-05T01:27:15.245241Z,KXBTC15M-26OCT042130-30,0.9740,296.03,no
2026-10-05T01:27:15.245241Z,KXBTC15M-26OCT042130-30,0.9740,0.01,no
2026-10-05T01:27:15.245241Z,KXBTC15M-26OCT042130-30,0.9740,1.00,no
2026-10-05T01:27:15.245241Z,KXBTC15M-26OCT042130-30,0.9740,63.01,no
2026-10-05T01:27:15.247631Z,KXBTC15M-26OCT042130-30,0.9770,0.02,yes
2026-10-05T01:27:15.266926Z,KXBTC15M-26OCT042130-30,0.9750,0.01,yes
2026-10-05T01:27:15.267729Z,KXBTC15M-26OCT042130-30,0.9750,0.01,yes
2026-10-05T01:27:15.271153Z,KXBTC15M-26OCT042130-30,0.9770,1.98,yes
2026-10-05T01:27:15.271153Z,KXBTC15M-26OCT042130-30,0.9760,0.01,yes
2026-10-05T01:27:15.271153Z,KXBTC15M-26OCT042130-30,0.9760,0.01,yes
2026-10-05T01:27:15.27174Z,KXBTC15M-26OCT042130-30,0.9750,312.13,no
2026-10-05T01:27:15.293567Z,KXBTC15M-26OCT042130-30,0.9760,0.01,yes
2026-10-05T01:27:15.295696Z,KXBTC15M-26OCT042130-30,0.9760,0.01,yes
2026-10-05T01:27:15.307149Z,KXBTC15M-26OCT042130-30,0.9750,36.00,no
2026-10-05T01:27:15.357734Z,KXBTC15M-26OCT042130-30,0.9750,95.87,no
2026-10-05T01:27:15.357734Z,KXBTC15M-26OCT042130-30,0.9750,69.16,no
2026-10-05T01:27:15.357734Z,KXBTC15M-26OCT042130-30,0.9750,15.00,no
2026-10-05T01:27:15.444277Z,KXBTC15M-26OCT042130-30,0.9750,15.00,no
2026-10-05T01:27:15.444277Z,KXBTC15M-26OCT042130-30,0.9750,11.00,no
2026-10-05T01:27:15.444277Z,KXBTC15M-26OCT042130-30,0.9750,94.00,no
2026-10-05T01:27:15.450563Z,KXBTC15M-26OCT042130-30,0.9750,5.11,no
2026-10-05T01:27:15.501223Z,KXBTC15M-26OCT042130-30,0.9750,10.00,no
2026-10-05T01:27:15.501223Z,KXBTC15M-26OCT042130-30,0.9750,0.89,no
2026-10-05T01:27:15.501223Z,KXBTC15M-26OCT042130-30,0.9750,469.65,no
2026-10-05T01:27:15.501223Z,KXBTC15M-26OCT042130-30,0.9750,400.00,no
2026-10-05T01:27:15.509259Z,KXBTC15M-26OCT042130-30,0.9760,1.98,yes
2026-10-05T01:27:15.509259Z,KXBTC15M-26OCT042130-30,0.9760,0.01,yes
2026-10-05T01:27:15.509259Z,KXBTC15M-26OCT042130-30,0.9760,0.01,yes
2026-10-05T01:27:15.640774Z,KXBTC15M-26OCT042130-30,0.9750,109.42,no
2026-10-05T01:27:15.676848Z,KXBTC15M-26OCT042130-30,0.9750,0.37,no
2026-10-05T01:27:15.735894Z,KXBTC15M-26OCT042130-30,0.9760,13.02,yes
2026-10-05T01:27:15.735894Z,KXBTC15M-26OCT042130-30,0.9760,15.00,yes
2026-10-05T01:27:15.735894Z,KXBTC15M-26OCT042130-30,0.9760,0.01,yes
2026-10-05T01:27:15.735894Z,KXBTC15M-26OCT042130-30,0.9760,0.01,yes
2026-10-05T01:27:15.735894Z,KXBTC15M-26OCT042130-30,0.9770,21.96,yes
2026-10-05T01:27:15.756672Z,KXBTC15M-26OCT042130-30,0.9760,36.00,no
2026-10-05T01:27:15.815489Z,KXBTC15M-26OCT042130-30,0.9770,0.01,yes
2026-10-05T01:27:15.815489Z,KXBTC15M-26OCT042130-30,0.9770,1.98,yes
2026-10-05T01:27:15.815489Z,KXBTC15M-26OCT042130-30,0.9770,0.01,yes
2026-10-05T01:27:15.820743Z,KXBTC15M-26OCT042130-30,0.9760,18.00,no
2026-10-05T01:27:15.820867Z,KXBTC15M-26OCT042130-30,0.9770,7.02,yes
2026-10-05T01:27:15.820867Z,KXBTC15M-26OCT042130-30,0.9770,15.00,yes
2026-10-05T01:27:15.820867Z,KXBTC15M-26OCT042130-30,0.9770,200.00,yes
2026-10-05T01:27:15.872469Z,KXBTC15M-26OCT042130-30,0.9770,6.72,no
2026-10-05T01:27:15.907321Z,KXBTC15M-26OCT042130-30,0.9760,15.00,no
2026-10-05T01:27:15.907321Z,KXBTC15M-26OCT042130-30,0.9770,143.28,no
2026-10-05T01:27:15.907321Z,KXBTC15M-26OCT042130-30,0.9760,28.90,no
2026-10-05T01:27:15.907321Z,KXBTC15M-26OCT042130-30,0.9770,0.01,no
2026-10-05T01:27:15.907321Z,KXBTC15M-26OCT042130-30,0.9770,0.01,no
2026-10-05T01:27:15.907321Z,KXBTC15M-26OCT042130-30,0.9760,0.01,no
2026-10-05T01:27:15.907321Z,KXBTC15M-26OCT042130-30,0.9760,0.01,no
2026-10-05T01:27:15.983518Z,KXBTC15M-26OCT042130-30,0.9770,0.01,no
2026-10-05T01:27:15.983518Z,KXBTC15M-26OCT042130-30,0.9770,7.47,no
2026-10-05T01:27:15.983518Z,KXBTC15M-26OCT042130-30,0.9770,0.01,no
2026-10-05T01:27:16.008824Z,KXBTC15M-26OCT042130-30,0.9770,201.91,no
2026-10-05T01:27:16.008824Z,KXBTC15M-26OCT042130-30,0.9770,15.00,no
2026-10-05T01:27:16.008824Z,KXBTC15M-26OCT042130-30,0.9770,15.00,no
2026-10-05T01:27:16.008824Z,KXBTC15M-26OCT042130-30,0.9770,142.53,no
2026-10-05T01:27:16.009138Z,KXBTC15M-26OCT042130-30,0.9770,18.72,no
2026-10-05T01:27:16.026486Z,KXBTC15M-26OCT042130-30,0.9780,29.80,yes
2026-10-05T01:27:16.026486Z,KXBTC15M-26OCT042130-30,0.9780,0.20,yes
2026-10-05T01:27:16.069599Z,KXBTC15M-26OCT042130-30,0.9780,1.00,yes
2026-10-05T01:27:16.092731Z,KXBTC15M-26OCT042130-30,0.9780,20.00,yes
2026-10-05T01:27:16.101731Z,KXBTC15M-26OCT042130-30,0.9780,167.00,yes
2026-10-05T01:27:16.104246Z,KXBTC15M-26OCT042130-30,0.9770,15.00,no
2026-10-05T01:27:16.104246Z,KXBTC15M-26OCT042130-30,0.9770,50.00,no
2026-10-05T01:27:16.104246Z,KXBTC15M-26OCT042130-30,0.9770,150.00,no
2026-10-05T01:27:16.104246Z,KXBTC15M-26OCT042130-30,0.9770,0.01,no
2026-10-05T01:27:16.104246Z,KXBTC15M-26OCT042130-30,0.9770,0.01,no
2026-10-05T01:27:16.112727Z,KXBTC15M-26OCT042130-30,0.9780,399.62,yes
2026-10-05T01:27:16.114015Z,KXBTC15M-26OCT042130-30,0.9750,100.00,no
2026-10-05T01:27:16.114015Z,KXBTC15M-26OCT042130-30,0.9770,0.01,no
2026-10-05T01:27:16.114015Z,KXBTC15M-26OCT042130-30,0.9770,0.01,no
2026-10-05T01:27:16.114015Z,KXBTC15M-26OCT042130-30,0.9750,15.00,no
2026-10-05T01:27:16.114015Z,KXBTC15M-26OCT042130-30,0.9750,12.00,no
2026-10-05T01:27:16.156494Z,KXBTC15M-26OCT042130-30,0.9750,200.00,yes
2026-10-05T01:27:16.156494Z,KXBTC15M-26OCT042130-30,0.9750,33.56,yes
2026-10-05T01:27:16.214131Z,KXBTC15M-26OCT042130-30,0.9740,0.01,no
2026-10-05T01:27:16.214131Z,KXBTC15M-26OCT042130-30,0.9740,0.01,no
2026-10-05T01:27:16.214131Z,KXBTC15M-26OCT042130-30,0.9740,15.00,no
2026-10-05T01:27:16.214131Z,KXBTC15M-26OCT042130-30,0.9740,1.00,no
2026-10-05T01:27:16.2883Z,KXBTC15M-26OCT042130-30,0.9740,15.00,no
2026-10-05T01:27:16.2883Z,KXBTC15M-26OCT042130-30,0.9730,15.00,no
2026-10-05T01:27:16.2883Z,KXBTC15M-26OCT042130-30,0.9740,0.01,no
2026-10-05T01:27:16.2883Z,KXBTC15M-26OCT042130-30,0.9740,0.01,no
2026-10-05T01:27:16.2883Z,KXBTC15M-26OCT042130-30,0.9730,69.98,no
2026-10-05T01:27:16.299634Z,KXBTC15M-26OCT042130-30,0.9730,8.98,no
2026-10-05T01:27:16.299634Z,KXBTC15M-26OCT042130-30,0.9740,0.01,no
2026-10-05T01:27:16.299634Z,KXBTC15M-26OCT042130-30,0.9730,0.01,no
2026-10-05T01:27:16.299634Z,KXBTC15M-26OCT042130-30,0.9730,1430.02,no
2026-10-05T01:27:16.299634Z,KXBTC15M-26OCT042130-30,0.9740,0.01,no
2026-10-05T01:27:16.333788Z,KXBTC15M-26OCT042130-30,0.9730,150.00,no
2026-10-05T01:27:16.333788Z,KXBTC15M-26OCT042130-30,0.9730,0.01,no
2026-10-05T01:27:16.333788Z,KXBTC15M-26OCT042130-30,0.9730,0.01,no
2026-10-05T01:27:16.354795Z,KXBTC15M-26OCT042130-30,0.9730,2.04,yes
2026-10-05T01:27:16.400394Z,KXBTC15M-26OCT042130-30,0.9720,0.01,no
2026-10-05T01:27:16.400394Z,KXBTC15M-26OCT042130-30,0.9720,150.00,no
2026-10-05T01:27:16.400394Z,KXBTC15M-26OCT042130-30,0.9720,15.00,no
2026-10-05T01:27:16.400394Z,KXBTC15M-26OCT042130-30,0.9720,15.00,no
2026-10-05T01:27:16.406928Z,KXBTC15M-26OCT042130-30,0.9730,151.00,yes
2026-10-05T01:27:16.410995Z,KXBTC15M-26OCT042130-30,0.9710,15.00,no
2026-10-05T01:27:16.415003Z,KXBTC15M-26OCT042130-30,0.9700,15.00,no
2026-10-05T01:27:16.415003Z,KXBTC15M-26OCT042130-30,0.9700,50.00,no
2026-10-05T01:27:16.418594Z,KXBTC15M-26OCT042130-30,0.9710,27.43,yes
2026-10-05T01:27:16.441162Z,KXBTC15M-26OCT042130-30,0.9700,153.30,yes
2026-10-05T01:27:16.451873Z,KXBTC15M-26OCT042130-30,0.9700,9.00,yes
2026-10-05T01:27:16.490028Z,KXBTC15M-26OCT042130-30,0.9690,120.12,no
2026-10-05T01:27:16.519253Z,KXBTC15M-26OCT042130-30,0.9690,7.00,no
2026-10-05T01:27:16.519253Z,KXBTC15M-26OCT042130-30,0.9690,29.88,no
2026-10-05T01:27:16.611431Z,KXBTC15M-26OCT042130-30,0.9670,0.01,yes
2026-10-05T01:27:16.611431Z,KXBTC15M-26OCT042130-30,0.9670,9.00,yes
2026-10-05T01:27:16.611431Z,KXBTC15M-26OCT042130-30,0.9670,0.01,yes
2026-10-05T01:27:16.611431Z,KXBTC15M-26OCT042130-30,0.9670,0.98,yes
2026-10-05T01:27:16.636386Z,KXBTC15M-26OCT042130-30,0.9670,1.02,yes
2026-10-05T01:27:16.659881Z,KXBTC15M-26OCT042130-30,0.9670,139.00,yes
2026-10-05T01:27:16.689166Z,KXBTC15M-26OCT042130-30,0.9660,0.01,no
2026-10-05T01:27:16.689166Z,KXBTC15M-26OCT042130-30,0.9660,0.01,no
2026-10-05T01:27:16.689166Z,KXBTC15M-26OCT042130-30,0.9660,2.06,no
2026-10-05T01:27:16.689166Z,KXBTC15M-26OCT042130-30,0.9660,0.10,no
2026-10-05T01:27:16.707589Z,KXBTC15M-26OCT042130-30,0.9670,150.00,yes
2026-10-05T01:27:16.796573Z,KXBTC15M-26OCT042130-30,0.9660,2.86,no
2026-10-05T01:27:16.826123Z,KXBTC15M-26OCT042130-30,0.9680,6.83,yes
2026-10-05T01:27:16.826123Z,KXBTC15M-26OCT042130-30,0.9670,0.01,yes
2026-10-05T01:27:16.826123Z,KXBTC15M-26OCT042130-30,0.9670,0.01,yes
2026-10-05T01:27:16.826123Z,KXBTC15M-26OCT042130-30,0.9670,200.00,yes
2026-10-05T01:27:16.826123Z,KXBTC15M-26OCT042130-30,0.9670,9.00,yes
2026-10-05T01:27:16.826123Z,KXBTC15M-26OCT042130-30,0.9680,397.37,yes
2026-10-05T01:27:16.826123Z,KXBTC15M-26OCT042130-30,0.9670,209.00,yes
2026-10-05T01:27:16.828383Z,KXBTC15M-26OCT042130-30,0.9670,107.61,no
2026-10-05T01:27:16.870033Z,KXBTC15M-26OCT042130-30,0.9690,2.04,yes
2026-10-05T01:27:16.899496Z,KXBTC15M-26OCT042130-30,0.9680,5.69,no
2026-10-05T01:27:16.943699Z,KXBTC15M-26OCT042130-30,0.9680,1.07,no
2026-10-05T01:27:16.946181Z,KXBTC15M-26OCT042130-30,0.9680,130.82,no
2026-10-05T01:27:16.950764Z,KXBTC15M-26OCT042130-30,0.9680,12.42,no
2026-10-05T01:27:16.950764Z,KXBTC15M-26OCT042130-30,0.9680,0.01,no
2026-10-05T01:27:16.950764Z,KXBTC15M-26OCT042130-30,0.9680,7.00,no
2026-10-05T01:27:16.950764Z,KXBTC15M-26OCT042130-30,0.9680,0.01,no
2026-10-05T01:27:17.010597Z,KXBTC15M-26OCT042130-30,0.9650,0.10,no
2026-10-05T01:27:17.010597Z,KXBTC15M-26OCT042130-30,0.9650,26.38,no
2026-10-05T01:27:17.010597Z,KXBTC15M-26OCT042130-30,0.9670,0.01,no
2026-10-05T01:27:17.010597Z,KXBTC15M-26OCT042130-30,0.9670,0.09,no
2026-10-05T01:27:17.010597Z,KXBTC15M-26OCT042130-30,0.9670,0.01,no
2026-10-05T01:27:17.082534Z,KXBTC15M-26OCT042130-30,0.9690,0.01,yes
2026-10-05T01:27:17.082534Z,KXBTC15M-26OCT042130-30,0.9690,49.98,yes
2026-10-05T01:27:17.082534Z,KXBTC15M-26OCT042130-30,0.9690,0.01,yes
2026-10-05T01:27:17.087885Z,KXBTC15M-26OCT042130-30,0.9690,90.00,yes
2026-10-05T01:27:17.088959Z,KXBTC15M-26OCT042130-30,0.9690,1.02,yes
2026-10-05T01:27:17.108492Z,KXBTC15M-26OCT042130-30,0.9690,150.00,yes
2026-10-05T01:27:17.182936Z,KXBTC15M-26OCT042130-30,0.9680,89.72,no
2026-10-05T01:27:17.224582Z,KXBTC15M-26OCT042130-30,0.9680,2.89,no
2026-10-05T01:27:17.32289Z,KXBTC15M-26OCT042130-30,0.9680,7.39,no
2026-10-05T01:27:17.32289Z,KXBTC15M-26OCT042130-30,0.9680,20.15,no
2026-10-05T01:27:17.322991Z,KXBTC15M-26OCT042130-30,0.9680,2.75,no
2026-10-05T01:27:17.337748Z,KXBTC15M-26OCT042130-30,0.9680,10.00,no
2026-10-05T01:27:17.337748Z,KXBTC15M-26OCT042130-30,0.9680,104.00,no
2026-10-05T01:27:17.337748Z,KXBTC15M-26OCT042130-30,0.9680,27.10,no
2026-10-05T01:27:17.438916Z,KXBTC15M-26OCT042130-30,0.9680,49.80,no
2026-10-05T01:27:17.457345Z,KXBTC15M-26OCT042130-30,0.9700,50.00,yes
2026-10-05T01:27:17.457345Z,KXBTC15M-26OCT042130-30,0.9700,100.00,yes
2026-10-05T01:27:17.457345Z,KXBTC15M-26OCT042130-30,0.9690,0.01,yes
2026-10-05T01:27:17.457345Z,KXBTC15M-26OCT042130-30,0.9690,0.01,yes
2026-10-05T01:27:17.457345Z,KXBTC15M-26OCT042130-30,0.9700,200.00,yes
2026-10-05T01:27:17.457345Z,KXBTC15M-26OCT042130-30,0.9700,145.21,yes
2026-10-05T01:27:17.504953Z,KXBTC15M-26OCT042130-30,0.9700,85.12,yes
2026-10-05T01:27:17.637993Z,KXBTC15M-26OCT042130-30,0.9700,5.28,yes
2026-10-05T01:27:17.798563Z,KXBTC15M-26OCT042130-30,0.9690,150.00,no
2026-10-05T01:27:17.798563Z,KXBTC15M-26OCT042130-30,0.9690,0.01,no
2026-10-05T01:27:17.798563Z,KXBTC15M-26OCT042130-30,0.9680,367.15,no
2026-10-05T01:27:17.798563Z,KXBTC15M-26OCT042130-30,0.9690,6.00,no
2026-10-05T01:27:17.798563Z,KXBTC15M-26OCT042130-30,0.9690,0.01,no
2026-10-05T01:27:17.815132Z,KXBTC15M-26OCT042130-30,0.9700,26.64,yes
2026-10-05T01:27:17.815132Z,KXBTC15M-26OCT042130-30,0.9700,109.60,yes
2026-10-05T01:27:17.815132Z,KXBTC15M-26OCT042130-30,0.9700,50.00,yes
2026-10-05T01:27:17.815132Z,KXBTC15M-26OCT042130-30,0.9700,100.00,yes
2026-10-05T01:27:17.866674Z,KXBTC15M-26OCT042130-30,0.9680,267.21,no
2026-10-05T01:27:17.866674Z,KXBTC15M-26OCT042130-30,0.9680,24.05,no
2026-10-05T01:27:17.938315Z,KXBTC15M-26OCT042130-30,0.9700,200.00,yes
2026-10-05T01:27:18.119671Z,KXBTC15M-26OCT042130-30,0.9690,150.89,no
2026-10-05T01:27:18.220579Z,KXBTC15M-26OCT042130-30,0.9690,30.20,no
2026-10-05T01:27:18.465903Z,KXBTC15M-26OCT042130-30,0.9690,56.83,no
2026-10-05T01:27:18.522138Z,KXBTC15M-26OCT042130-30,0.9700,0.01,yes
2026-10-05T01:27:18.522138Z,KXBTC15M-26OCT042130-30,0.9700,4.09,yes
2026-10-05T01:27:18.522138Z,KXBTC15M-26OCT042130-30,0.9700,0.01,yes
2026-10-05T01:27:18.545155Z,KXBTC15M-26OCT042130-30,0.9690,0.01,no
2026-10-05T01:27:18.545155Z,KXBTC15M-26OCT042130-30,0.9690,0.01,no
2026-10-05T01:27:18.545155Z,KXBTC15M-26OCT042130-30,0.9690,367.47,no
2026-10-05T01:27:18.545155Z,KXBTC15M-26OCT042130-30,0.9690,400.00,no
2026-10-05T01:27:18.545155Z,KXBTC15M-26OCT042130-30,0.9690,231.54,no
2026-10-05T01:27:18.545155Z,KXBTC15M-26OCT042130-30,0.9690,500.00,no
2026-10-05T01:27:18.545155Z,KXBTC15M-26OCT042130-30,0.9690,6.00,no
2026-10-05T01:27:18.551285Z,KXBTC15M-26OCT042130-30,0.9690,3.02,no
2026-10-05T01:27:18.589123Z,KXBTC15M-26OCT042130-30,0.9700,15.00,yes
2026-10-05T01:27:18.589123Z,KXBTC15M-26OCT042130-30,0.9700,15.00,yes
2026-10-05T01:27:18.589123Z,KXBTC15M-26OCT042130-30,0.9700,15.00,yes
2026-10-05T01:27:18.589123Z,KXBTC15M-26OCT042130-30,0.9700,12.18,yes
2026-10-05T01:27:18.589123Z,KXBTC15M-26OCT042130-30,0.9700,45.91,yes
2026-10-05T01:27:18.596154Z,KXBTC15M-26OCT042130-30,0.9700,7.18,yes
2026-10-05T01:27:18.596154Z,KXBTC15M-26OCT042130-30,0.9700,2.82,yes
2026-10-05T01:27:18.599626Z,KXBTC15M-26OCT042130-30,0.9690,42.00,no
2026-10-05T01:27:18.635928Z,KXBTC15M-26OCT042130-30,0.9700,50.00,yes
2026-10-05T01:27:18.635928Z,KXBTC15M-26OCT042130-30,0.9700,25.16,yes
2026-10-05T01:27:18.635928Z,KXBTC15M-26OCT042130-30,0.9700,0.01,yes
2026-10-05T01:27:18.635928Z,KXBTC15M-26OCT042130-30,0.9700,0.01,yes
2026-10-05T01:27:18.635928Z,KXBTC15M-26OCT042130-30,0.9700,7.82,yes
2026-10-05T01:27:18.635928Z,KXBTC15M-26OCT042130-30,0.9700,9.00,yes
2026-10-05T01:27:18.656112Z,KXBTC15M-26OCT042130-30,0.9690,8.00,no
2026-10-05T01:27:18.735839Z,KXBTC15M-26OCT042130-30,0.9700,9.00,yes
2026-10-05T01:27:18.735839Z,KXBTC15M-26OCT042130-30,0.9700,0.01,yes
2026-10-05T01:27:18.735839Z,KXBTC15M-26OCT042130-30,0.9700,50.00,yes
2026-10-05T01:27:18.735839Z,KXBTC15M-26OCT042130-30,0.9700,0.01,yes
2026-10-05T01:27:18.735839Z,KXBTC15M-26OCT042130-30,0.9700,500.00,yes
2026-10-05T01:27:18.773298Z,KXBTC15M-26OCT042130-30,0.9690,0.01,no
2026-10-05T01:27:18.773298Z,KXBTC15M-26OCT042130-30,0.9690,41.98,no
2026-10-05T01:27:18.773298Z,KXBTC15M-26OCT042130-30,0.9690,0.01,no
2026-10-05T01:27:18.773298Z,KXBTC15M-26OCT042130-30,0.9690,2.00,no
2026-10-05T01:27:18.773298Z,KXBTC15M-26OCT042130-30,0.9690,2.00,no
2026-10-05T01:27:18.779279Z,KXBTC15M-26OCT042130-30,0.9700,0.01,yes
2026-10-05T01:27:18.779279Z,KXBTC15M-26OCT042130-30,0.9700,50.00,yes
2026-10-05T01:27:18.779279Z,KXBTC15M-26OCT042130-30,0.9700,9.00,yes
2026-10-05T01:27:18.779279Z,KXBTC15M-26OCT042130-30,0.9700,0.01,yes
2026-10-05T01:27:18.786739Z,KXBTC15M-26OCT042130-30,0.9690,12.38,no
2026-10-05T01:27:18.803319Z,KXBTC15M-26OCT042130-30,0.9690,30.00,no
2026-10-05T01:27:18.822521Z,KXBTC15M-26OCT042130-30,0.9690,60.41,no
2026-10-05T01:27:18.825212Z,KXBTC15M-26OCT042130-30,0.9700,0.01,yes
2026-10-05T01:27:18.825212Z,KXBTC15M-26OCT042130-30,0.9700,20.55,yes
2026-10-05T01:27:18.825212Z,KXBTC15M-26OCT042130-30,0.9700,0.01,yes
2026-10-05T01:27:18.847316Z,KXBTC15M-26OCT042130-30,0.9700,9.00,yes
2026-10-05T01:27:18.847316Z,KXBTC15M-26OCT042130-30,0.9700,0.01,yes
2026-10-05T01:27:18.847316Z,KXBTC15M-26OCT042130-30,0.9700,29.45,yes
2026-10-05T01:27:18.847316Z,KXBTC15M-26OCT042130-30,0.9700,0.01,yes
2026-10-05T01:27:18.847316Z,KXBTC15M-26OCT042130-30,0.9710,46.53,yes
2026-10-05T01:27:18.945244Z,KXBTC15M-26OCT042130-30,0.9700,48.97,yes
2026-10-05T01:27:19.071513Z,KXBTC15M-26OCT042130-30,0.9690,151.04,no
2026-10-05T01:27:19.172495Z,KXBTC15M-26OCT042130-30,0.9710,200.00,yes
2026-10-05T01:27:19.172495Z,KXBTC15M-26OCT042130-30,0.9700,0.01,yes
2026-10-05T01:27:19.172495Z,KXBTC15M-26OCT042130-30,0.9700,0.01,yes
2026-10-05T01:27:19.172495Z,KXBTC15M-26OCT042130-30,0.9700,1.03,yes
2026-10-05T01:27:19.172495Z,KXBTC15M-26OCT042130-30,0.9710,244.92,yes
2026-10-05T01:27:19.172495Z,KXBTC15M-26OCT042130-30,0.9700,9.00,yes
2026-10-05T01:27:19.172495Z,KXBTC15M-26OCT042130-30,0.9710,33.00,yes
2026-10-05T01:27:19.172495Z,KXBTC15M-26OCT042130-30,0.9710,1426.04,yes
2026-10-05T01:27:19.224473Z,KXBTC15M-26OCT042130-30,0.9710,0.01,yes
2026-10-05T01:27:19.224473Z,KXBTC15M-26OCT042130-30,0.9710,0.01,yes
2026-10-05T01:27:19.224473Z,KXBTC15M-26OCT042130-30,0.9730,4.29,yes
2026-10-05T01:27:19.304493Z,KXBTC15M-26OCT042130-30,0.9710,15.10,no
2026-10-05T01:27:19.308009Z,KXBTC15M-26OCT042130-30,0.9710,134.90,no
2026-10-05T01:27:19.308009Z,KXBTC15M-26OCT042130-30,0.9710,9.14,no
2026-10-05T01:27:19.308009Z,KXBTC15M-26OCT042130-30,0.9710,7.00,no
2026-10-05T01:27:19.355056Z,KXBTC15M-26OCT042130-30,0.9720,215.00,yes
2026-10-05T01:27:19.470321Z,KXBTC15M-26OCT042130-30,0.9720,6.99,yes
2026-10-05T01:27:19.482404Z,KXBTC15M-26OCT042130-30,0.9720,142.01,yes
2026-10-05T01:27:19.482404Z,KXBTC15M-26OCT042130-30,0.9720,0.01,yes
2026-10-05T01:27:19.482404Z,KXBTC15M-26OCT042130-30,0.9720,0.01,yes
2026-10-05T01:27:19.495994Z,KXBTC15M-26OCT042130-30,0.9730,69.29,yes
2026-10-05T01:27:19.495994Z,KXBTC15M-26OCT042130-30,0.9730,10.71,yes
2026-10-05T01:27:19.514411Z,KXBTC15M-26OCT042130-30,0.9730,0.01,yes
2026-10-05T01:27:19.514411Z,KXBTC15M-26OCT042130-30,0.9730,0.01,yes
2026-10-05T01:27:19.514411Z,KXBTC15M-26OCT042130-30,0.9730,29.71,yes
2026-10-05T01:27:19.683568Z,KXBTC15M-26OCT042130-30,0.9740,51.09,yes
2026-10-05T01:27:19.701454Z,KXBTC15M-26OCT042130-30,0.9740,7.03,yes
2026-10-05T01:27:19.738284Z,KXBTC15M-26OCT042130-30,0.9730,30.20,no
2026-10-05T01:27:19.769337Z,KXBTC15M-26OCT042130-30,0.9730,0.02,no
2026-10-05T01:27:19.769951Z,KXBTC15M-26OCT042130-30,0.9740,0.01,yes
2026-10-05T01:27:19.769951Z,KXBTC15M-26OCT042130-30,0.9740,0.01,yes
2026-10-05T01:27:19.769951Z,KXBTC15M-26OCT042130-30,0.9740,38.88,yes
2026-10-05T01:27:19.823203Z,KXBTC15M-26OCT042130-30,0.9740,32.28,no
2026-10-05T01:27:19.980819Z,KXBTC15M-26OCT042130-30,0.9740,60.41,no
2026-10-05T01:27:19.995241Z,KXBTC15M-26OCT042130-30,0.9750,11.99,yes
2026-10-05T01:27:20.072973Z,KXBTC15M-26OCT042130-30,0.9740,6.00,no
2026-10-05T01:27:20.072973Z,KXBTC15M-26OCT042130-30,0.9740,0.01,no
2026-10-05T01:27:20.072973Z,KXBTC15M-26OCT042130-30,0.9740,53.67,no
2026-10-05T01:27:20.072973Z,KXBTC15M-26OCT042130-30,0.9740,57.31,no
2026-10-05T01:27:20.072973Z,KXBTC15M-26OCT042130-30,0.9740,0.01,no
2026-10-05T01:27:20.13312Z,KXBTC15M-26OCT042130-30,0.9750,15.00,yes
2026-10-05T01:27:20.13312Z,KXBTC15M-26OCT042130-30,0.9750,3.01,yes
2026-10-05T01:27:20.13312Z,KXBTC15M-26OCT042130-30,0.9750,97.00,yes
2026-10-05T01:27:20.13312Z,KXBTC15M-26OCT042130-30,0.9750,0.01,yes
2026-10-05T01:27:20.13312Z,KXBTC15M-26OCT042130-30,0.9750,0.01,yes
2026-10-05T01:27:20.13312Z,KXBTC15M-26OCT042130-30,0.9750,57.38,yes
2026-10-05T01:27:20.170369Z,KXBTC15M-26OCT042130-30,0.9740,4.13,no
2026-10-05T01:27:20.207629Z,KXBTC15M-26OCT042130-30,0.9750,20.00,yes
2026-10-05T01:27:20.218284Z,KXBTC15M-26OCT042130-30,0.9750,22.62,yes
2026-10-05T01:27:20.218284Z,KXBTC15M-26OCT042130-30,0.9750,22.38,yes
2026-10-05T01:27:20.220355Z,KXBTC15M-26OCT042130-30,0.9740,2.90,no
2026-10-05T01:27:20.352964Z,KXBTC15M-26OCT042130-30,0.9750,23.54,yes
2026-10-05T01:27:20.35399Z,KXBTC15M-26OCT042130-30,0.9750,306.90,yes
2026-10-05T01:27:20.36465Z,KXBTC15M-26OCT042130-30,0.9750,11.83,yes
2026-10-05T01:27:20.400241Z,KXBTC15M-26OCT042130-30,0.9740,0.01,no
2026-10-05T01:27:20.400241Z,KXBTC15M-26OCT042130-30,0.9740,150.00,no
2026-10-05T01:27:20.400241Z,KXBTC15M-26OCT042130-30,0.9740,7.97,no
2026-10-05T01:27:20.400241Z,KXBTC15M-26OCT042130-30,0.9740,0.01,no
2026-10-05T01:27:20.400241Z,KXBTC15M-26OCT042130-30,0.9740,0.01,no
2026-10-05T01:27:20.400241Z,KXBTC15M-26OCT042130-30,0.9740,12.00,no
2026-10-05T01:27:20.400241Z,KXBTC15M-26OCT042130-30,0.9730,369.13,no
2026-10-05T01:27:20.401298Z,KXBTC15M-26OCT042130-30,0.9760,0.29,yes
2026-10-05T01:27:20.401298Z,KXBTC15M-26OCT042130-30,0.9750,0.01,yes
2026-10-05T01:27:20.401298Z,KXBTC15M-26OCT042130-30,0.9750,0.01,yes
2026-10-05T01:27:20.401298Z,KXBTC15M-26OCT042130-30,0.9750,200.00,yes
2026-10-05T01:27:20.401298Z,KXBTC15M-26OCT042130-30,0.9750,15.00,yes
2026-10-05T01:27:20.401298Z,KXBTC15M-26OCT042130-30,0.9760,364.91,yes
2026-10-05T01:27:20.401298Z,KXBTC15M-26OCT042130-30,0.9750,135.35,yes
2026-10-05T01:27:20.429978Z,KXBTC15M-26OCT042130-30,0.9750,21.95,no
2026-10-05T01:27:20.441384Z,KXBTC15M-26OCT042130-30,0.9750,128.05,no
2026-10-05T01:27:20.441384Z,KXBTC15M-26OCT042130-30,0.9750,223.16,no
2026-10-05T01:27:20.443303Z,KXBTC15M-26OCT042130-30,0.9750,46.00,no
2026-10-05T01:27:20.447251Z,KXBTC15M-26OCT042130-30,0.9740,0.01,no
2026-10-05T01:27:20.447251Z,KXBTC15M-26OCT042130-30,0.9750,15.00,no
2026-10-05T01:27:20.447251Z,KXBTC15M-26OCT042130-30,0.9750,0.01,no
2026-10-05T01:27:20.447251Z,KXBTC15M-26OCT042130-30,0.9750,1.00,no
2026-10-05T01:27:20.447251Z,KXBTC15M-26OCT042130-30,0.9750,0.01,no
2026-10-05T01:27:20.447251Z,KXBTC15M-26OCT042130-30,0.9740,69.74,no
2026-10-05T01:27:20.447251Z,KXBTC15M-26OCT042130-30,0.9750,31.23,no
2026-10-05T01:27:20.477305Z,KXBTC15M-26OCT042130-30,0.9750,15.00,no
2026-10-05T01:27:20.477305Z,KXBTC15M-26OCT042130-30,0.9750,0.01,no
2026-10-05T01:27:20.477305Z,KXBTC15M-26OCT042130-30,0.9750,0.01,no
2026-10-05T01:27:20.477305Z,KXBTC15M-26OCT042130-30,0.9740,20.12,no
2026-10-05T01:27:20.619412Z,KXBTC15M-26OCT042130-30,0.9740,0.01,no
2026-10-05T01:27:20.619412Z,KXBTC15M-26OCT042130-30,0.9740,15.00,no
2026-10-05T01:27:20.619412Z,KXBTC15M-26OCT042130-30,0.9740,0.01,no
2026-10-05T01:27:20.619412Z,KXBTC15M-26OCT042130-30,0.9730,33.98,no
2026-10-05T01:27:20.695332Z,KXBTC15M-26OCT042130-30,0.9740,20.47,yes
2026-10-05T01:27:20.786722Z,KXBTC15M-26OCT042130-30,0.9730,17.94,no
2026-10-05T01:27:20.930597Z,KXBTC15M-26OCT042130-30,0.9730,4.00,no
2026-10-05T01:27:21.160135Z,KXBTC15M-26OCT042130-30,0.9740,51.00,yes
2026-10-05T01:27:21.160223Z,KXBTC15M-26OCT042130-30,0.9730,0.02,no
2026-10-05T01:27:21.193373Z,KXBTC15M-26OCT042130-30,0.9730,16.99,no
2026-10-05T01:27:21.198996Z,KXBTC15M-26OCT042130-30,0.9740,5.00,yes
2026-10-05T01:27:21.299783Z,KXBTC15M-26OCT042130-30,0.9740,20.00,yes
2026-10-05T01:27:21.436119Z,KXBTC15M-26OCT042130-30,0.9730,104.02,no
2026-10-05T01:27:21.484567Z,KXBTC15M-26OCT042130-30,0.9730,0.01,no
2026-10-05T01:27:21.484567Z,KXBTC15M-26OCT042130-30,0.9730,0.01,no
2026-10-05T01:27:21.484567Z,KXBTC15M-26OCT042130-30,0.9720,0.31,no
2026-10-05T01:27:21.485111Z,KXBTC15M-26OCT042130-30,0.9740,6.00,yes
2026-10-05T01:27:21.500935Z,KXBTC15M-26OCT042130-30,0.9770,24.00,yes
2026-10-05T01:27:21.500935Z,KXBTC15M-26OCT042130-30,0.9780,15.00,yes
2026-10-05T01:27:21.500935Z,KXBTC15M-26OCT042130-30,0.9780,15.00,yes
2026-10-05T01:27:21.500935Z,KXBTC15M-26OCT042130-30,0.9780,15.00,yes
2026-10-05T01:27:21.500935Z,KXBTC15M-26OCT042130-30,0.9760,2.00,yes
2026-10-05T01:27:21.500935Z,KXBTC15M-26OCT042130-30,0.9750,93.75,yes
2026-10-05T01:27:21.500935Z,KXBTC15M-26OCT042130-30,0.9750,64.00,yes
2026-10-05T01:27:21.500935Z,KXBTC15M-26OCT042130-30,0.9760,2.00,yes
2026-10-05T01:27:21.500935Z,KXBTC15M-26OCT042130-30,0.9750,93.75,yes
2026-10-05T01:27:21.500935Z,KXBTC15M-26OCT042130-30,0.9750,64.00,yes
2026-10-05T01:27:21.500935Z,KXBTC15M-26OCT042130-30,0.9740,400.00,yes
2026-10-05T01:27:21.500935Z,KXBTC15M-26OCT042130-30,0.9740,1.00,yes
2026-10-05T01:27:21.500935Z,KXBTC15M-26OCT042130-30,0.9750,15.00,yes
2026-10-05T01:27:21.500935Z,KXBTC15M-26OCT042130-30,0.9770,2.00,yes
2026-10-05T01:27:21.500935Z,KXBTC15M-26OCT042130-30,0.9740,100.00,yes
2026-10-05T01:27:21.500935Z,KXBTC15M-26OCT042130-30,0.9740,200.00,yes
2026-10-05T01:27:21.500935Z,KXBTC15M-26OCT042130-30,0.9770,2.00,yes
2026-10-05T01:27:21.500935Z,KXBTC15M-26OCT042130-30,0.9750,2.00,yes
2026-10-05T01:27:21.500935Z,KXBTC15M-26OCT042130-30,0.9750,867.00,yes
2026-10-05T01:27:21.500935Z,KXBTC15M-26OCT042130-30,0.9740,0.01,yes
2026-10-05T01:27:21.500935Z,KXBTC15M-26OCT042130-30,0.9760,15.00,yes
2026-10-05T01:27:21.500935Z,KXBTC15M-26OCT042130-30,0.9740,252.18,yes
2026-10-05T01:27:21.500935Z,KXBTC15M-26OCT042130-30,0.9780,2.00,yes
2026-10-05T01:27:21.500935Z,KXBTC15M-26OCT042130-30,0.9750,200.00,yes
2026-10-05T01:27:21.500935Z,KXBTC15M-26OCT042130-30,0.9750,15.00,yes
2026-10-05T01:27:21.500935Z,KXBTC15M-26OCT042130-30,0.9740,500.00,yes
2026-10-05T01:27:21.500935Z,KXBTC15M-26OCT042130-30,0.9740,9.00,yes
2026-10-05T01:27:21.500935Z,KXBTC15M-26OCT042130-30,0.9760,15.00,yes
2026-10-05T01:27:21.500935Z,KXBTC15M-26OCT042130-30,0.9740,0.01,yes
2026-10-05T01:27:21.500935Z,KXBTC15M-26OCT042130-30,0.9800,222.05,yes
2026-10-05T01:27:21.500935Z,KXBTC15M-26OCT042130-30,0.9780,10.00,yes
2026-10-05T01:27:21.500935Z,KXBTC15M-26OCT042130-30,0.9800,647.91,yes
2026-10-05T01:27:21.500935Z,KXBTC15M-26OCT042130-30,0.9800,4.03,yes
2026-10-05T01:27:21.500935Z,KXBTC15M-26OCT042130-30,0.9780,10.00,yes
2026-10-05T01:27:21.629827Z,KXBTC15M-26OCT042130-30,0.9760,2.10,yes
2026-10-05T01:27:21.652169Z,KXBTC15M-26OCT042130-30,0.9760,5.00,yes
2026-10-05T01:27:21.684154Z,KXBTC15M-26OCT042130-30,0.9750,14.54,no
2026-10-05T01:27:21.684154Z,KXBTC15M-26OCT042130-30,0.9750,0.01,no
2026-10-05T01:27:21.684154Z,KXBTC15M-26OCT042130-30,0.9750,0.01,no
2026-10-05T01:27:21.731896Z,KXBTC15M-26OCT042130-30,0.9760,295.39,yes
2026-10-05T01:27:21.731896Z,KXBTC15M-26OCT042130-30,0.9760,0.01,yes
2026-10-05T01:27:21.731896Z,KXBTC15M-26OCT042130-30,0.9760,38.02,yes
2026-10-05T01:27:21.731896Z,KXBTC15M-26OCT042130-30,0.9760,0.01,yes
2026-10-05T01:27:21.965991Z,KXBTC15M-26OCT042130-30,0.9760,61.98,yes
2026-10-05T01:27:21.965991Z,KXBTC15M-26OCT042130-30,0.9760,220.00,yes
2026-10-05T01:27:21.970931Z,KXBTC15M-26OCT042130-30,0.9750,187.22,no
2026-10-05T01:27:22.064018Z,KXBTC15M-26OCT042130-30,0.9760,180.00,yes
2026-10-05T01:27:22.064018Z,KXBTC15M-26OCT042130-30,0.9760,100.00,yes
2026-10-05T01:27:22.064018Z,KXBTC15M-26OCT042130-30,0.9760,0.01,yes
2026-10-05T01:27:22.064018Z,KXBTC15M-26OCT042130-30,0.9760,0.01,yes
2026-10-05T01:27:22.112822Z,KXBTC15M-26OCT042130-30,0.9760,2.00,no
2026-10-05T01:27:22.161123Z,KXBTC15M-26OCT042130-30,0.9760,4.95,no
2026-10-05T01:27:22.167729Z,KXBTC15M-26OCT042130-30,0.9760,1.64,no
2026-10-05T01:27:22.34369Z,KXBTC15M-26OCT042130-30,0.9770,193.49,yes
2026-10-05T01:27:22.34369Z,KXBTC15M-26OCT042130-30,0.9770,100.00,yes
2026-10-05T01:27:22.34369Z,KXBTC15M-26OCT042130-30,0.9770,0.01,yes
2026-10-05T01:27:22.34369Z,KXBTC15M-26OCT042130-30,0.9770,0.01,yes
2026-10-05T01:27:22.34369Z,KXBTC15M-26OCT042130-30,0.9770,15.00,yes
2026-10-05T01:27:22.360967Z,KXBTC15M-26OCT042130-30,0.9760,74.89,no
2026-10-05T01:27:22.416209Z,KXBTC15M-26OCT042130-30,0.9760,39.00,no
2026-10-05T01:27:22.424224Z,KXBTC15M-26OCT042130-30,0.9760,22.50,no
2026-10-05T01:27:22.692472Z,KXBTC15M-26OCT042130-30,0.9760,15.00,no
2026-10-05T01:27:22.692472Z,KXBTC15M-26OCT042130-30,0.9760,5.02,no
2026-10-05T01:27:22.692472Z,KXBTC15M-26OCT042130-30,0.9760,0.01,no
2026-10-05T01:27:22.692472Z,KXBTC15M-26OCT042130-30,0.9760,0.01,no
2026-10-05T01:27:22.692472Z,KXBTC15M-26OCT042130-30,0.9760,15.00,no
2026-10-05T01:27:22.692472Z,KXBTC15M-26OCT042130-30,0.9760,77.96,no
2026-10-05T01:27:22.692472Z,KXBTC15M-26OCT042130-30,0.9760,12.00,no
2026-10-05T01:27:22.712167Z,KXBTC15M-26OCT042130-30,0.9760,72.97,no
2026-10-05T01:27:22.712167Z,KXBTC15M-26OCT042130-30,0.9760,122.04,no
2026-10-05T01:27:22.745621Z,KXBTC15M-26OCT042130-30,0.9760,37.44,no
2026-10-05T01:27:22.823756Z,KXBTC15M-26OCT042130-30,0.9760,161.59,no
2026-10-05T01:27:22.823756Z,KXBTC15M-26OCT042130-30,0.9760,33.42,no
2026-10-05T01:27:23.091773Z,KXBTC15M-26OCT042130-30,0.9770,15.13,yes
2026-10-05T01:27:23.110152Z,KXBTC15M-26OCT042130-30,0.9760,0.01,no
2026-10-05T01:27:23.110152Z,KXBTC15M-26OCT042130-30,0.9760,2.00,no
2026-10-05T01:27:23.110152Z,KXBTC15M-26OCT042130-30,0.9760,0.01,no
2026-10-05T01:27:23.110152Z,KXBTC15M-26OCT042130-30,0.9760,57.18,no
2026-10-05T01:27:23.110152Z,KXBTC15M-26OCT042130-30,0.9760,15.00,no
2026-10-05T01:27:23.110152Z,KXBTC15M-26OCT042130-30,0.9760,35.00,no
2026-10-05T01:27:23.183186Z,KXBTC15M-26OCT042130-30,0.9770,15.00,yes
2026-10-05T01:27:23.183186Z,KXBTC15M-26OCT042130-30,0.9770,15.00,yes
2026-10-05T01:27:23.183186Z,KXBTC15M-26OCT042130-30,0.9770,0.01,yes
2026-10-05T01:27:23.183186Z,KXBTC15M-26OCT042130-30,0.9770,200.00,yes
2026-10-05T01:27:23.183186Z,KXBTC15M-26OCT042130-30,0.9770,191.38,yes
2026-10-05T01:27:23.183186Z,KXBTC15M-26OCT042130-30,0.9770,100.00,yes
2026-10-05T01:27:23.183186Z,KXBTC15M-26OCT042130-30,0.9770,0.01,yes
2026-10-05T01:27:23.185987Z,KXBTC15M-26OCT042130-30,0.9770,34.67,no
2026-10-05T01:27:23.226377Z,KXBTC15M-26OCT042130-30,0.9770,38.74,no
2026-10-05T01:27:23.229454Z,KXBTC15M-26OCT042130-30,0.9770,40.41,no
2026-10-05T01:27:23.229454Z,KXBTC15M-26OCT042130-30,0.9770,76.59,no
2026-10-05T01:27:23.236862Z,KXBTC15M-26OCT042130-30,0.9770,39.00,no
2026-10-05T01:27:23.246665Z,KXBTC15M-26OCT042130-30,0.9770,31.91,no
2026-10-05T01:27:23.386593Z,KXBTC15M-26OCT042130-30,0.9770,156.00,no
2026-10-05T01:27:23.40525Z,KXBTC15M-26OCT042130-30,0.9770,0.01,no
2026-10-05T01:27:23.40525Z,KXBTC15M-26OCT042130-30,0.9770,0.01,no
2026-10-05T01:27:23.40525Z,KXBTC15M-26OCT042130-30,0.9770,57.28,no
2026-10-05T01:27:23.40525Z,KXBTC15M-26OCT042130-30,0.9770,15.00,no
2026-10-05T01:27:23.501342Z,KXBTC15M-26OCT042130-30,0.9770,66.97,no
2026-10-05T01:27:23.528259Z,KXBTC15M-26OCT042130-30,0.9770,254.79,no
2026-10-05T01:27:23.528259Z,KXBTC15M-26OCT042130-30,0.9770,64.00,no
2026-10-05T01:27:23.528259Z,KXBTC15M-26OCT042130-30,0.9770,0.01,no
2026-10-05T01:27:23.528259Z,KXBTC15M-26OCT042130-30,0.9770,25.75,no
2026-10-05T01:27:23.528259Z,KXBTC15M-26OCT042130-30,0.9770,0.01,no
2026-10-05T01:27:23.528259Z,KXBTC15M-26OCT042130-30,0.9760,45.46,no
2026-10-05T01:27:23.534263Z,KXBTC15M-26OCT042130-30,0.9760,6.72,no
2026-10-05T01:27:23.577322Z,KXBTC15M-26OCT042130-30,0.9780,0.01,yes
2026-10-05T01:27:23.577322Z,KXBTC15M-26OCT042130-30,0.9780,0.01,yes
2026-10-05T01:27:23.577322Z,KXBTC15M-26OCT042130-30,0.9780,6.08,yes
2026-10-05T01:27:23.577322Z,KXBTC15M-26OCT042130-30,0.9780,15.00,yes
2026-10-05T01:27:23.583691Z,KXBTC15M-26OCT042130-30,0.9770,39.00,no
2026-10-05T01:27:23.645034Z,KXBTC15M-26OCT042130-30,0.9770,15.00,no
2026-10-05T01:27:23.645034Z,KXBTC15M-26OCT042130-30,0.9770,0.01,no
2026-10-05T01:27:23.645034Z,KXBTC15M-26OCT042130-30,0.9770,0.01,no
2026-10-05T01:27:23.645034Z,KXBTC15M-26OCT042130-30,0.9770,15.00,no
2026-10-05T01:27:23.645034Z,KXBTC15M-26OCT042130-30,0.9760,8.98,no
2026-10-05T01:27:23.693214Z,KXBTC15M-26OCT042130-30,0.9780,51.04,yes
2026-10-05T01:27:23.737076Z,KXBTC15M-26OCT042130-30,0.9760,0.11,no
2026-10-05T01:27:23.737076Z,KXBTC15M-26OCT042130-30,0.9760,0.01,no
2026-10-05T01:27:23.737076Z,KXBTC15M-26OCT042130-30,0.9760,90.00,no
2026-10-05T01:27:23.737076Z,KXBTC15M-26OCT042130-30,0.9760,0.01,no
2026-10-05T01:27:23.737076Z,KXBTC15M-26OCT042130-30,0.9760,81.66,no
2026-10-05T01:27:23.737076Z,KXBTC15M-26OCT042130-30,0.9750,19.31,no
2026-10-05T01:27:23.83686Z,KXBTC15M-26OCT042130-30,0.9770,5.10,yes
2026-10-05T01:27:23.871956Z,KXBTC15M-26OCT042130-30,0.9770,153.90,yes
2026-10-05T01:27:23.871956Z,KXBTC15M-26OCT042130-30,0.9770,137.08,yes
2026-10-05T01:27:23.871956Z,KXBTC15M-26OCT042130-30,0.9770,200.00,yes
2026-10-05T01:27:23.871956Z,KXBTC15M-26OCT042130-30,0.9770,0.01,yes
2026-10-05T01:27:23.871956Z,KXBTC15M-26OCT042130-30,0.9770,0.01,yes
2026-10-05T01:27:23.871956Z,KXBTC15M-26OCT042130-30,0.9770,9.00,yes
2026-10-05T01:27:23.9344Z,KXBTC15M-26OCT042130-30,0.9770,9.07,yes
2026-10-05T01:27:23.943079Z,KXBTC15M-26OCT042130-30,0.9770,9.00,yes
2026-10-05T01:27:23.943079Z,KXBTC15M-26OCT042130-30,0.9770,0.01,yes
2026-10-05T01:27:23.943079Z,KXBTC15M-26OCT042130-30,0.9770,150.16,yes
2026-10-05T01:27:23.943079Z,KXBTC15M-26OCT042130-30,0.9770,0.01,yes
2026-10-05T01:27:23.943079Z,KXBTC15M-26OCT042130-30,0.9770,353.85,yes
2026-10-05T01:27:23.960364Z,KXBTC15M-26OCT042130-30,0.9770,0.01,yes
2026-10-05T01:27:23.960364Z,KXBTC15M-26OCT042130-30,0.9770,6.92,yes
2026-10-05T01:27:23.968152Z,KXBTC15M-26OCT042130-30,0.9770,2.08,yes
2026-10-05T01:27:23.968152Z,KXBTC15M-26OCT042130-30,0.9770,6.92,yes
2026-10-05T01:27:23.968152Z,KXBTC15M-26OCT042130-30,0.9770,0.01,yes
2026-10-05T01:27:23.968152Z,KXBTC15M-26OCT042130-30,0.9770,0.01,yes
2026-10-05T01:27:23.976147Z,KXBTC15M-26OCT042130-30,0.9780,62.90,yes
2026-10-05T01:27:23.976147Z,KXBTC15M-26OCT042130-30,0.9780,15.00,yes
2026-10-05T01:27:23.976147Z,KXBTC15M-26OCT042130-30,0.9780,15.00,yes
2026-10-05T01:27:23.980973Z,KXBTC15M-26OCT042130-30,0.9780,138.41,yes
2026-10-05T01:27:23.980973Z,KXBTC15M-26OCT042130-30,0.9780,37.10,yes
2026-10-05T01:27:24.135297Z,KXBTC15M-26OCT042130-30,0.9780,7.12,yes
2026-10-05T01:27:24.135297Z,KXBTC15M-26OCT042130-30,0.9780,0.01,yes
2026-10-05T01:27:24.135297Z,KXBTC15M-26OCT042130-30,0.9780,0.01,yes
2026-10-05T01:27:24.166911Z,KXBTC15M-26OCT042130-30,0.9780,0.01,yes
2026-10-05T01:27:24.166911Z,KXBTC15M-26OCT042130-30,0.9780,400.00,yes
2026-10-05T01:27:24.166911Z,KXBTC15M-26OCT042130-30,0.9780,200.00,yes
2026-10-05T01:27:24.166911Z,KXBTC15M-26OCT042130-30,0.9780,7.12,yes
2026-10-05T01:27:24.166911Z,KXBTC15M-26OCT042130-30,0.9780,0.01,yes
2026-10-05T01:27:24.166911Z,KXBTC15M-26OCT042130-30,0.9780,500.00,yes
2026-10-05T01:27:24.166911Z,KXBTC15M-26OCT042130-30,0.9780,100.00,yes
2026-10-05T01:27:24.166911Z,KXBTC15M-26OCT042130-30,0.9780,1.88,yes
2026-10-05T01:27:24.175036Z,KXBTC15M-26OCT042130-30,0.9790,9.00,yes
2026-10-05T01:27:24.175036Z,KXBTC15M-26OCT042130-30,0.9790,35.00,yes
2026-10-05T01:27:24.181312Z,KXBTC15M-26OCT042130-30,0.9800,100.00,yes
2026-10-05T01:27:24.235241Z,KXBTC15M-26OCT042130-30,0.9790,19.48,no
2026-10-05T01:27:24.235241Z,KXBTC15M-26OCT042130-30,0.9790,0.01,no
2026-10-05T01:27:24.235241Z,KXBTC15M-26OCT042130-30,0.9790,0.01,no
2026-10-05T01:27:24.2393Z,KXBTC15M-26OCT042130-30,0.9800,0.11,yes
2026-10-05T01:27:24.264062Z,KXBTC15M-26OCT042130-30,0.9790,10.00,no
2026-10-05T01:27:24.271118Z,KXBTC15M-26OCT042130-30,0.9790,111.97,no
2026-10-05T01:27:24.275441Z,KXBTC15M-26OCT042130-30,0.9800,718.74,yes
2026-10-05T01:27:24.275441Z,KXBTC15M-26OCT042130-30,0.9800,974.37,yes
2026-10-05T01:27:24.281192Z,KXBTC15M-26OCT042130-30,0.9800,20.00,yes
2026-10-05T01:27:24.294042Z,KXBTC15M-26OCT042130-30,0.9790,39.00,no
2026-10-05T01:27:24.305593Z,KXBTC15M-26OCT042130-30,0.9800,5.63,yes
2026-10-05T01:27:24.305593Z,KXBTC15M-26OCT042130-30,0.9800,44.43,yes
2026-10-05T01:27:24.331945Z,KXBTC15M-26OCT042130-30,0.9790,27.00,no
2026-10-05T01:27:24.359593Z,KXBTC15M-26OCT042130-30,0.9800,167.65,yes
2026-10-05T01:27:24.359593Z,KXBTC15M-26OCT042130-30,0.9800,500.00,yes
2026-10-05T01:27:24.359593Z,KXBTC15M-26OCT042130-30,0.9800,50.00,yes
2026-10-05T01:27:24.359593Z,KXBTC15M-26OCT042130-30,0.9800,0.52,yes
2026-10-05T01:27:24.359593Z,KXBTC15M-26OCT042130-30,0.9800,6.00,yes
2026-10-05T01:27:24.359593Z,KXBTC15M-26OCT042130-30,0.9800,65.62,yes
2026-10-05T01:27:24.359593Z,KXBTC15M-26OCT042130-30,0.9800,4.64,yes
2026-10-05T01:27:24.359593Z,KXBTC15M-26OCT042130-30,0.9800,205.57,yes
2026-10-05T01:27:24.451502Z,KXBTC15M-26OCT042130-30,0.9790,78.00,no
2026-10-05T01:27:24.491574Z,KXBTC15M-26OCT042130-30,0.9800,150.06,yes
2026-10-05T01:27:24.502281Z,KXBTC15M-26OCT042130-30,0.9800,20.51,yes
2026-10-05T01:27:24.513187Z,KXBTC15M-26OCT042130-30,0.9790,74.53,no
2026-10-05T01:27:24.519902Z,KXBTC15M-26OCT042130-30,0.9790,14.82,no
2026-10-05T01:27:24.549981Z,KXBTC15M-26OCT042130-30,0.9800,2.58,yes
2026-10-05T01:27:24.659283Z,KXBTC15M-26OCT042130-30,0.9800,2.00,yes
2026-10-05T01:27:24.712143Z,KXBTC15M-26OCT042130-30,0.9790,26.88,no
2026-10-05T01:27:24.752068Z,KXBTC15M-26OCT042130-30,0.9790,44.56,no
2026-10-05T01:27:24.753054Z,KXBTC15M-26OCT042130-30,0.9790,44.56,no
2026-10-05T01:27:24.785265Z,KXBTC15M-26OCT042130-30,0.9790,2.60,no
2026-10-05T01:27:24.813152Z,KXBTC15M-26OCT042130-30,0.9790,64.00,no
2026-10-05T01:27:24.813152Z,KXBTC15M-26OCT042130-30,0.9790,158.82,no
2026-10-05T01:27:24.847668Z,KXBTC15M-26OCT042130-30,0.9800,0.50,yes
2026-10-05T01:27:24.945508Z,KXBTC15M-26OCT042130-30,0.9800,6.26,yes
2026-10-05T01:27:24.996153Z,KXBTC15M-26OCT042130-30,0.9790,45.00,no
2026-10-05T01:27:25.048782Z,KXBTC15M-26OCT042130-30,0.9790,6.10,no
2026-10-05T01:27:25.063095Z,KXBTC15M-26OCT042130-30,0.9800,676.25,yes
2026-10-05T01:27:25.063095Z,KXBTC15M-26OCT042130-30,0.9800,10.00,yes
2026-10-05T01:27:25.063095Z,KXBTC15M-26OCT042130-30,0.9800,0.01,yes
2026-10-05T01:27:25.063095Z,KXBTC15M-26OCT042130-30,0.9800,0.01,yes
2026-10-05T01:27:25.063095Z,KXBTC15M-26OCT042130-30,0.9800,1.00,yes
2026-10-05T01:27:25.063095Z,KXBTC15M-26OCT042130-30,0.9800,50.00,yes
2026-10-05T01:27:25.093279Z,KXBTC15M-26OCT042130-30,0.9800,31.55,no
2026-10-05T01:27:25.093279Z,KXBTC15M-26OCT042130-30,0.9800,12.73,no
2026-10-05T01:27:25.124668Z,KXBTC15M-26OCT042130-30,0.9810,0.01,yes
2026-10-05T01:27:25.124668Z,KXBTC15M-26OCT042130-30,0.9810,0.01,yes
2026-10-05T01:27:25.124668Z,KXBTC15M-26OCT042130-30,0.9810,15.00,yes
2026-10-05T01:27:25.168981Z,KXBTC15M-26OCT042130-30,0.9810,0.20,no
2026-10-05T01:27:25.194712Z,KXBTC15M-26OCT042130-30,0.9820,0.01,yes
2026-10-05T01:27:25.194712Z,KXBTC15M-26OCT042130-30,0.9820,0.01,yes
2026-10-05T01:27:25.194712Z,KXBTC15M-26OCT042130-30,0.9820,35.00,yes
2026-10-05T01:27:25.229958Z,KXBTC15M-26OCT042130-30,0.9830,4.98,yes
2026-10-05T01:27:25.249625Z,KXBTC15M-26OCT042130-30,0.9820,15.00,no
2026-10-05T01:27:25.249625Z,KXBTC15M-26OCT042130-30,0.9820,0.01,no
2026-10-05T01:27:25.249625Z,KXBTC15M-26OCT042130-30,0.9820,0.01,no
2026-10-05T01:27:25.249625Z,KXBTC15M-26OCT042130-30,0.9820,218.61,no
2026-10-05T01:27:25.249625Z,KXBTC15M-26OCT042130-30,0.9820,15.00,no
2026-10-05T01:27:25.262804Z,KXBTC15M-26OCT042130-30,0.9830,0.01,yes
2026-10-05T01:27:25.262804Z,KXBTC15M-26OCT042130-30,0.9830,39.98,yes
2026-10-05T01:27:25.262804Z,KXBTC15M-26OCT042130-30,0.9830,0.01,yes
2026-10-05T01:27:25.262804Z,KXBTC15M-26OCT042130-30,0.9830,500.00,yes
2026-10-05T01:27:25.262804Z,KXBTC15M-26OCT042130-30,0.9830,210.00,yes
2026-10-05T01:27:25.297153Z,KXBTC15M-26OCT042130-30,0.9830,400.00,yes
2026-10-05T01:27:25.297153Z,KXBTC15M-26OCT042130-30,0.9830,11.00,yes
2026-10-05T01:27:25.297153Z,KXBTC15M-26OCT042130-30,0.9830,0.01,yes
2026-10-05T01:27:25.297153Z,KXBTC15M-26OCT042130-30,0.9830,15.00,yes
2026-10-05T01:27:25.297153Z,KXBTC15M-26OCT042130-30,0.9830,15.00,yes
2026-10-05T01:27:25.297153Z,KXBTC15M-26OCT042130-30,0.9830,0.01,yes
2026-10-05T01:27:25.297153Z,KXBTC15M-26OCT042130-30,0.9830,200.00,yes
2026-10-05T01:27:25.297153Z,KXBTC15M-26OCT042130-30,0.9830,60.02,yes
2026-10-05T01:27:25.297153Z,KXBTC15M-26OCT042130-30,0.9830,15.00,yes
2026-10-05T01:27:25.299677Z,KXBTC15M-26OCT042130-30,0.9820,0.01,no
2026-10-05T01:27:25.299677Z,KXBTC15M-26OCT042130-30,0.9820,0.01,no
2026-10-05T01:27:25.299677Z,KXBTC15M-26OCT042130-30,0.9820,10.58,no
2026-10-05T01:27:25.299677Z,KXBTC15M-26OCT042130-30,0.9830,33.96,no
2026-10-05T01:27:25.314869Z,KXBTC15M-26OCT042130-30,0.9800,13.00,no
2026-10-05T01:27:25.314869Z,KXBTC15M-26OCT042130-30,0.9800,50.00,no
2026-10-05T01:27:25.314869Z,KXBTC15M-26OCT042130-30,0.9800,15.00,no
2026-10-05T01:27:25.314869Z,KXBTC15M-26OCT042130-30,0.9790,100.00,no
2026-10-05T01:27:25.314869Z,KXBTC15M-26OCT042130-30,0.9820,0.01,no
2026-10-05T01:27:25.314869Z,KXBTC15M-26OCT042130-30,0.9820,0.01,no
2026-10-05T01:27:25.314869Z,KXBTC15M-26OCT042130-30,0.9820,4.42,no
2026-10-05T01:27:25.314869Z,KXBTC15M-26OCT042130-30,0.9770,40.38,no
2026-10-05T01:27:25.335165Z,KXBTC15M-26OCT042130-30,0.9830,0.01,yes
2026-10-05T01:27:25.335165Z,KXBTC15M-26OCT042130-30,0.9830,100.00,yes
2026-10-05T01:27:25.335165Z,KXBTC15M-26OCT042130-30,0.9830,0.01,yes
2026-10-05T01:27:25.335165Z,KXBTC15M-26OCT042130-30,0.9830,11.00,yes
2026-10-05T01:27:25.335165Z,KXBTC15M-26OCT042130-30,0.9830,400.00,yes
2026-10-05T01:27:25.335165Z,KXBTC15M-26OCT042130-30,0.9830,42.00,yes
2026-10-05T01:27:25.335165Z,KXBTC15M-26OCT042130-30,0.9840,196.98,yes
2026-10-05T01:27:25.346405Z,KXBTC15M-26OCT042130-30,0.9810,0.01,no
2026-10-05T01:27:25.346405Z,KXBTC15M-26OCT042130-30,0.9820,0.01,no
2026-10-05T01:27:25.346405Z,KXBTC15M-26OCT042130-30,0.9810,20.00,no
2026-10-05T01:27:25.346405Z,KXBTC15M-26OCT042130-30,0.9820,0.01,no
2026-10-05T01:27:25.346405Z,KXBTC15M-26OCT042130-30,0.9800,12.97,no
2026-10-05T01:27:25.370916Z,KXBTC15M-26OCT042130-30,0.9830,100.00,yes
2026-10-05T01:27:25.370916Z,KXBTC15M-26OCT042130-30,0.9830,0.01,yes
2026-10-05T01:27:25.370916Z,KXBTC15M-26OCT042130-30,0.9830,0.01,yes
2026-10-05T01:27:25.370916Z,KXBTC15M-26OCT042130-30,0.9830,238.98,yes
2026-10-05T01:27:25.370916Z,KXBTC15M-26OCT042130-30,0.9830,400.00,yes
2026-10-05T01:27:25.370916Z,KXBTC15M-26OCT042130-30,0.9830,11.00,yes
2026-10-05T01:27:25.404892Z,KXBTC15M-26OCT042130-30,0.9830,377.96,yes
2026-10-05T01:27:25.404892Z,KXBTC15M-26OCT042130-30,0.9830,11.00,yes
2026-10-05T01:27:25.404892Z,KXBTC15M-26OCT042130-30,0.9830,100.00,yes
2026-10-05T01:27:25.404892Z,KXBTC15M-26OCT042130-30,0.9830,261.02,yes
2026-10-05T01:27:25.404892Z,KXBTC15M-26OCT042130-30,0.9830,0.01,yes
2026-10-05T01:27:25.404892Z,KXBTC15M-26OCT042130-30,0.9830,0.01,yes
2026-10-05T01:27:25.432152Z,KXBTC15M-26OCT042130-30,0.9820,3.67,no
2026-10-05T01:27:25.439173Z,KXBTC15M-26OCT042130-30,0.9830,338.94,yes
2026-10-05T01:27:25.439173Z,KXBTC15M-26OCT042130-30,0.9830,11.00,yes
2026-10-05T01:27:25.439173Z,KXBTC15M-26OCT042130-30,0.9830,100.00,yes
2026-10-05T01:27:25.439173Z,KXBTC15M-26OCT042130-30,0.9830,0.01,yes
2026-10-05T01:27:25.439173Z,KXBTC15M-26OCT042130-30,0.9830,0.01,yes
2026-10-05T01:27:25.454308Z,KXBTC15M-26OCT042130-30,0.9830,0.01,yes
2026-10-05T01:27:25.454308Z,KXBTC15M-26OCT042130-30,0.9830,10.99,yes
2026-10-05T01:27:25.454308Z,KXBTC15M-26OCT042130-30,0.9830,0.01,yes
2026-10-05T01:27:25.464181Z,KXBTC15M-26OCT042130-30,0.9820,0.01,no
2026-10-05T01:27:25.464181Z,KXBTC15M-26OCT042130-30,0.9820,11.33,no
2026-10-05T01:27:25.464181Z,KXBTC15M-26OCT042130-30,0.9820,3.65,no
2026-10-05T01:27:25.464181Z,KXBTC15M-26OCT042130-30,0.9820,0.01,no
2026-10-05T01:27:25.482748Z,KXBTC15M-26OCT042130-30,0.9810,7.40,no
2026-10-05T01:27:25.482748Z,KXBTC15M-26OCT042130-30,0.9820,146.35,no
2026-10-05T01:27:25.482748Z,KXBTC15M-26OCT042130-30,0.9820,0.01,no
2026-10-05T01:27:25.482748Z,KXBTC15M-26OCT042130-30,0.9820,0.01,no
2026-10-05T01:27:25.511532Z,KXBTC15M-26OCT042130-30,0.9830,220.47,yes
2026-10-05T01:27:25.511532Z,KXBTC15M-26OCT042130-30,0.9830,18.01,yes
2026-10-05T01:27:25.511532Z,KXBTC15M-26OCT042130-30,0.9830,11.00,yes
2026-10-05T01:27:25.511532Z,KXBTC15M-26OCT042130-30,0.9830,100.00,yes
2026-10-05T01:27:25.511532Z,KXBTC15M-26OCT042130-30,0.9830,0.01,yes
2026-10-05T01:27:25.511532Z,KXBTC15M-26OCT042130-30,0.9830,0.01,yes
2026-10-05T01:27:25.560141Z,KXBTC15M-26OCT042130-30,0.9830,2.63,yes
2026-10-05T01:27:25.582097Z,KXBTC15M-26OCT042130-30,0.9810,9.38,no
2026-10-05T01:27:25.582097Z,KXBTC15M-26OCT042130-30,0.9820,0.01,no
2026-10-05T01:27:25.582097Z,KXBTC15M-26OCT042130-30,0.9820,0.01,no
2026-10-05T01:27:25.599877Z,KXBTC15M-26OCT042130-30,0.9810,201.25,no
2026-10-05T01:27:25.668843Z,KXBTC15M-26OCT042130-30,0.9780,1.00,no
2026-10-05T01:27:25.668843Z,KXBTC15M-26OCT042130-30,0.9810,500.00,no
2026-10-05T01:27:25.668843Z,KXBTC15M-26OCT042130-30,0.9790,9.00,no
2026-10-05T01:27:25.668843Z,KXBTC15M-26OCT042130-30,0.9810,0.01,no
2026-10-05T01:27:25.668843Z,KXBTC15M-26OCT042130-30,0.9790,200.00,no
2026-10-05T01:27:25.668843Z,KXBTC15M-26OCT042130-30,0.9750,64.00,no
2026-10-05T01:27:25.668843Z,KXBTC15M-26OCT042130-30,0.9800,37.03,no
2026-10-05T01:27:25.668843Z,KXBTC15M-26OCT042130-30,0.9760,12.00,no
2026-10-05T01:27:25.668843Z,KXBTC15M-26OCT042130-30,0.9800,200.00,no
2026-10-05T01:27:25.668843Z,KXBTC15M-26OCT042130-30,0.9750,64.00,no
2026-10-05T01:27:25.668843Z,KXBTC15M-26OCT042130-30,0.9810,789.37,no
2026-10-05T01:27:25.668843Z,KXBTC15M-26OCT042130-30,0.9750,15.00,no
2026-10-05T01:27:25.668843Z,KXBTC15M-26OCT042130-30,0.9760,432.00,no
2026-10-05T01:27:25.668843Z,KXBTC15M-26OCT042130-30,0.9800,12.00,no
2026-10-05T01:27:25.668843Z,KXBTC15M-26OCT042130-30,0.9810,0.01,no
2026-10-05T01:27:25.668843Z,KXBTC15M-26OCT042130-30,0.9770,15.00,no
2026-10-05T01:27:25.668843Z,KXBTC15M-26OCT042130-30,0.9740,308.00,no
2026-10-05T01:27:25.668843Z,KXBTC15M-26OCT042130-30,0.9760,2.00,no
2026-10-05T01:27:25.668843Z,KXBTC15M-26OCT042130-30,0.9770,50.00,no
2026-10-05T01:27:25.668843Z,KXBTC15M-26OCT042130-30,0.9730,39.02,no
2026-10-05T01:27:25.668843Z,KXBTC15M-26OCT042130-30,0.9770,9.62,no
2026-10-05T01:27:25.668843Z,KXBTC15M-26OCT042130-30,0.9780,1.00,no
2026-10-05T01:27:25.668843Z,KXBTC15M-26OCT042130-30,0.9760,2.00,no
2026-10-05T01:27:25.668843Z,KXBTC15M-26OCT042130-30,0.9740,0.12,no
2026-10-05T01:27:25.668843Z,KXBTC15M-26OCT042130-30,0.9730,0.14,no
2026-10-05T01:27:25.668843Z,KXBTC15M-26OCT042130-30,0.9750,232.11,no
2026-10-05T01:27:25.668843Z,KXBTC15M-26OCT042130-30,0.9750,70.69,no
2026-10-05T01:27:25.699502Z,KXBTC15M-26OCT042130-30,0.9800,14.98,no
2026-10-05T01:27:25.699502Z,KXBTC15M-26OCT042130-30,0.9810,0.01,no
2026-10-05T01:27:25.699502Z,KXBTC15M-26OCT042130-30,0.9810,0.01,no
2026-10-05T01:27:25.703757Z,KXBTC15M-26OCT042130-30,0.9800,15.00,no
2026-10-05T01:27:25.805397Z,KXBTC15M-26OCT042130-30,0.9820,1.00,yes
2026-10-05T01:27:25.853663Z,KXBTC15M-26OCT042130-30,0.9810,0.01,no
2026-10-05T01:27:25.853663Z,KXBTC15M-26OCT042130-30,0.9810,495.21,no
2026-10-05T01:27:25.853663Z,KXBTC15M-26OCT042130-30,0.9810,0.01,no
2026-10-05T01:27:25.880022Z,KXBTC15M-26OCT042130-30,0.9810,46.79,no
2026-10-05T01:27:25.919413Z,KXBTC15M-26OCT042130-30,0.9820,368.92,yes
2026-10-05T01:27:25.919413Z,KXBTC15M-26OCT042130-30,0.9820,130.06,yes
2026-10-05T01:27:25.919413Z,KXBTC15M-26OCT042130-30,0.9820,0.01,yes
2026-10-05T01:27:25.919413Z,KXBTC15M-26OCT042130-30,0.9820,11.00,yes
2026-10-05T01:27:25.919413Z,KXBTC15M-26OCT042130-30,0.9820,202.00,yes
2026-10-05T01:27:25.919413Z,KXBTC15M-26OCT042130-30,0.9820,0.01,yes
2026-10-05T01:27:25.9641Z,KXBTC15M-26OCT042130-30,0.9810,4.98,no
2026-10-05T01:27:25.97539Z,KXBTC15M-26OCT042130-30,0.9820,5.08,yes
2026-10-05T01:27:26.06428Z,KXBTC15M-26OCT042130-30,0.9810,0.02,no
2026-10-05T01:27:26.065676Z,KXBTC15M-26OCT042130-30,0.9820,10.00,yes
2026-10-05T01:27:26.080595Z,KXBTC15M-26OCT042130-30,0.9820,20.00,yes
2026-10-05T01:27:26.123084Z,KXBTC15M-26OCT042130-30,0.9820,609.00,yes
2026-10-05T01:27:26.123084Z,KXBTC15M-26OCT042130-30,0.9830,15.00,yes
2026-10-05T01:27:26.123084Z,KXBTC15M-26OCT042130-30,0.9830,23.14,yes
2026-10-05T01:27:26.123084Z,KXBTC15M-26OCT042130-30,0.9820,0.01,yes
2026-10-05T01:27:26.123084Z,KXBTC15M-26OCT042130-30,0.9820,34.86,yes
2026-10-05T01:27:26.123084Z,KXBTC15M-26OCT042130-30,0.9820,314.67,yes
2026-10-05T01:27:26.123084Z,KXBTC15M-26OCT042130-30,0.9820,0.01,yes
2026-10-05T01:27:26.178404Z,KXBTC15M-26OCT042130-30,0.9820,49.42,no
2026-10-05T01:27:26.217395Z,KXBTC15M-26OCT042130-30,0.9820,20.19,no
2026-10-05T01:27:26.228732Z,KXBTC15M-26OCT042130-30,0.9820,0.01,no
2026-10-05T01:27:26.228732Z,KXBTC15M-26OCT042130-30,0.9820,0.01,no
2026-10-05T01:27:26.228732Z,KXBTC15M-26OCT042130-30,0.9820,80.39,no
2026-10-05T01:27:26.228732Z,KXBTC15M-26OCT042130-30,0.9820,18.08,no
2026-10-05T01:27:26.242261Z,KXBTC15M-26OCT042130-30,0.9820,10.00,no
2026-10-05T01:27:26.320198Z,KXBTC15M-26OCT042130-30,0.9830,0.01,yes
2026-10-05T01:27:26.320198Z,KXBTC15M-26OCT042130-30,0.9830,0.01,yes
2026-10-05T01:27:26.320198Z,KXBTC15M-26OCT042130-30,0.9830,67.10,yes
2026-10-05T01:27:26.320198Z,KXBTC15M-26OCT042130-30,0.9830,500.00,yes
2026-10-05T01:27:26.470011Z,KXBTC15M-26OCT042130-30,0.9820,28.95,no
2026-10-05T01:27:26.588807Z,KXBTC15M-26OCT042130-30,0.9830,32.90,yes
2026-10-05T01:27:26.588807Z,KXBTC15M-26OCT042130-30,0.9830,400.00,yes
2026-10-05T01:27:26.588807Z,KXBTC15M-26OCT042130-30,0.9840,955.00,yes
2026-10-05T01:27:26.588807Z,KXBTC15M-26OCT042130-30,0.9830,200.00,yes
2026-10-05T01:27:26.588807Z,KXBTC15M-26OCT042130-30,0.9840,129.01,yes
2026-10-05T01:27:26.588807Z,KXBTC15M-26OCT042130-30,0.9830,0.01,yes
2026-10-05T01:27:26.588807Z,KXBTC15M-26OCT042130-30,0.9830,0.01,yes
2026-10-05T01:27:26.588807Z,KXBTC15M-26OCT042130-30,0.9840,2.00,yes
2026-10-05T01:27:26.588807Z,KXBTC15M-26OCT042130-30,0.9840,2.00,yes
2026-10-05T01:27:26.588807Z,KXBTC15M-26OCT042130-30,0.9840,42.00,yes
2026-10-05T01:27:26.588807Z,KXBTC15M-26OCT042130-30,0.9840,15.00,yes
2026-10-05T01:27:26.588807Z,KXBTC15M-26OCT042130-30,0.9840,384.00,yes
2026-10-05T01:27:26.588807Z,KXBTC15M-26OCT042130-30,0.9840,303.02,yes
2026-10-05T01:27:26.614713Z,KXBTC15M-26OCT042130-30,0.9830,0.01,yes
2026-10-05T01:27:26.614713Z,KXBTC15M-26OCT042130-30,0.9830,100.00,yes
2026-10-05T01:27:26.614713Z,KXBTC15M-26OCT042130-30,0.9830,0.01,yes
2026-10-05T01:27:26.61535Z,KXBTC15M-26OCT042130-30,0.9830,15.00,yes
2026-10-05T01:27:26.650167Z,KXBTC15M-26OCT042130-30,0.9820,49.25,no
2026-10-05T01:27:26.659904Z,KXBTC15M-26OCT042130-30,0.9820,0.25,no
2026-10-05T01:27:26.661221Z,KXBTC15M-26OCT042130-30,0.9840,196.91,yes
2026-10-05T01:27:26.661221Z,KXBTC15M-26OCT042130-30,0.9830,0.01,yes
2026-10-05T01:27:26.661221Z,KXBTC15M-26OCT042130-30,0.9830,0.01,yes
2026-10-05T01:27:26.671441Z,KXBTC15M-26OCT042130-30,0.9840,0.01,yes
2026-10-05T01:27:26.671441Z,KXBTC15M-26OCT042130-30,0.9840,1.06,yes
2026-10-05T01:27:26.671441Z,KXBTC15M-26OCT042130-30,0.9840,0.01,yes
2026-10-05T01:27:26.690842Z,KXBTC15M-26OCT042130-30,0.9830,150.00,no
2026-10-05T01:27:26.690842Z,KXBTC15M-26OCT042130-30,0.9830,0.01,no
2026-10-05T01:27:26.690842Z,KXBTC15M-26OCT042130-30,0.9830,149.98,no
2026-10-05T01:27:26.690842Z,KXBTC15M-26OCT042130-30,0.9830,0.01,no
2026-10-05T01:27:26.748008Z,KXBTC15M-26OCT042130-30,0.9830,0.01,no
2026-10-05T01:27:26.748008Z,KXBTC15M-26OCT042130-30,0.9830,13.00,no
2026-10-05T01:27:26.748008Z,KXBTC15M-26OCT042130-30,0.9830,15.00,no
2026-10-05T01:27:26.748008Z,KXBTC15M-26OCT042130-30,0.9830,19.36,no
2026-10-05T01:27:26.748008Z,KXBTC15M-26OCT042130-30,0.9830,0.01,no
2026-10-05T01:27:26.766609Z,KXBTC15M-26OCT042130-30,0.9840,0.01,yes
2026-10-05T01:27:26.766609Z,KXBTC15M-26OCT042130-30,0.9840,0.01,yes
2026-10-05T01:27:26.766609Z,KXBTC15M-26OCT042130-30,0.9840,3.51,yes
2026-10-05T01:27:26.787731Z,KXBTC15M-26OCT042130-30,0.9840,7.49,yes
2026-10-05T01:27:26.787731Z,KXBTC15M-26OCT042130-30,0.9840,100.00,yes
2026-10-05T01:27:26.787731Z,KXBTC15M-26OCT042130-30,0.9840,9.29,yes
2026-10-05T01:27:26.790233Z,KXBTC15M-26OCT042130-30,0.9840,22.25,yes
2026-10-05T01:27:26.790233Z,KXBTC15M-26OCT042130-30,0.9840,17.71,yes
2026-10-05T01:27:26.795615Z,KXBTC15M-26OCT042130-30,0.9830,6.23,no
2026-10-05T01:27:26.851917Z,KXBTC15M-26OCT042130-30,0.9840,126.45,yes
2026-10-05T01:27:26.8554Z,KXBTC15M-26OCT042130-30,0.9840,15.00,yes
2026-10-05T01:27:26.8554Z,KXBTC15M-26OCT042130-30,0.9840,100.00,yes
2026-10-05T01:27:26.8554Z,KXBTC15M-26OCT042130-30,0.9840,15.00,yes
2026-10-05T01:27:26.8554Z,KXBTC15M-26OCT042130-30,0.9860,522.00,yes
2026-10-05T01:27:26.8554Z,KXBTC15M-26OCT042130-30,0.9840,0.01,yes
2026-10-05T01:27:26.8554Z,KXBTC15M-26OCT042130-30,0.9850,200.00,yes
2026-10-05T01:27:26.8554Z,KXBTC15M-26OCT042130-30,0.9840,251.30,yes
2026-10-05T01:27:26.8554Z,KXBTC15M-26OCT042130-30,0.9840,0.01,yes
2026-10-05T01:27:26.8554Z,KXBTC15M-26OCT042130-30,0.9850,100.00,yes
2026-10-05T01:27:26.8554Z,KXBTC15M-26OCT042130-30,0.9860,2.00,yes
2026-10-05T01:27:26.8554Z,KXBTC15M-26OCT042130-30,0.9860,2.00,yes
2026-10-05T01:27:26.8554Z,KXBTC15M-26OCT042130-30,0.9850,0.23,yes
2026-10-05T01:27:26.8554Z,KXBTC15M-26OCT042130-30,0.9850,100.00,yes
2026-10-05T01:27:26.8554Z,KXBTC15M-26OCT042130-30,0.9860,1.00,yes
2026-10-05T01:27:26.8554Z,KXBTC15M-26OCT042130-30,0.9850,20.23,yes
2026-10-05T01:27:26.8554Z,KXBTC15M-26OCT042130-30,0.9850,384.00,yes
2026-10-05T01:27:26.8554Z,KXBTC15M-26OCT042130-30,0.9860,384.00,yes
2026-10-05T01:27:26.8554Z,KXBTC15M-26OCT042130-30,0.9870,140.41,yes
2026-10-05T01:27:26.8554Z,KXBTC15M-26OCT042130-30,0.9870,9.00,yes
2026-10-05T01:27:26.8554Z,KXBTC15M-26OCT042130-30,0.9860,500.00,yes
2026-10-05T01:27:26.8554Z,KXBTC15M-26OCT042130-30,0.9850,500.00,yes
2026-10-05T01:27:26.880762Z,KXBTC15M-26OCT042130-30,0.9860,17.00,yes
2026-10-05T01:27:26.880762Z,KXBTC15M-26OCT042130-30,0.9850,0.01,yes
2026-10-05T01:27:26.880762Z,KXBTC15M-26OCT042130-30,0.9860,2.91,yes
2026-10-05T01:27:26.880762Z,KXBTC15M-26OCT042130-30,0.9850,0.01,yes
2026-10-05T01:27:26.908558Z,KXBTC15M-26OCT042130-30,0.9850,71.98,yes
2026-10-05T01:27:26.908558Z,KXBTC15M-26OCT042130-30,0.9850,0.01,yes
2026-10-05T01:27:26.908558Z,KXBTC15M-26OCT042130-30,0.9850,0.01,yes
2026-10-05T01:27:26.908558Z,KXBTC15M-26OCT042130-30,0.9850,37.00,yes
2026-10-05T01:27:26.954434Z,KXBTC15M-26OCT042130-30,0.9850,29.26,yes
2026-10-05T01:27:26.967182Z,KXBTC15M-26OCT042130-30,0.9840,126.80,no
2026-10-05T01:27:26.967182Z,KXBTC15M-26OCT042130-30,0.9840,1.00,no
2026-10-05T01:27:26.967182Z,KXBTC15M-26OCT042130-30,0.9840,0.01,no
2026-10-05T01:27:26.967182Z,KXBTC15M-26OCT042130-30,0.9840,200.00,no
2026-10-05T01:27:26.967182Z,KXBTC15M-26OCT042130-30,0.9840,12.00,no
2026-10-05T01:27:26.967182Z,KXBTC15M-26OCT042130-30,0.9840,150.00,no
2026-10-05T01:27:26.967182Z,KXBTC15M-26OCT042130-30,0.9840,0.01,no
2026-10-05T01:27:26.967182Z,KXBTC15M-26OCT042130-30,0.9840,15.00,no
2026-10-05T01:27:26.967182Z,KXBTC15M-26OCT042130-30,0.9840,15.00,no
2026-10-05T01:27:26.975157Z,KXBTC15M-26OCT042130-30,0.9840,51.98,no
2026-10-05T01:27:27.025177Z,KXBTC15M-26OCT042130-30,0.9850,2.03,yes
2026-10-05T01:27:27.03856Z,KXBTC15M-26OCT042130-30,0.9840,280.00,no
2026-10-05T01:27:27.03856Z,KXBTC15M-26OCT042130-30,0.9840,138.78,no
2026-10-05T01:27:27.03856Z,KXBTC15M-26OCT042130-30,0.9840,0.01,no
2026-10-05T01:27:27.03856Z,KXBTC15M-26OCT042130-30,0.9840,12.00,no
2026-10-05T01:27:27.03856Z,KXBTC15M-26OCT042130-30,0.9840,141.00,no
2026-10-05T01:27:27.03856Z,KXBTC15M-26OCT042130-30,0.9840,0.01,no
2026-10-05T01:27:27.038906Z,KXBTC15M-26OCT042130-30,0.9840,1.00,no
2026-10-05T01:27:27.042479Z,KXBTC15M-26OCT042130-30,0.9840,15.00,no
2026-10-05T01:27:27.042479Z,KXBTC15M-26OCT042130-30,0.9840,35.98,no
2026-10-05T01:27:27.042479Z,KXBTC15M-26OCT042130-30,0.9840,1.00,no
2026-10-05T01:27:27.108182Z,KXBTC15M-26OCT042130-30,0.9840,5.50,no
2026-10-05T01:27:27.163178Z,KXBTC15M-26OCT042130-30,0.9840,0.01,no
2026-10-05T01:27:27.163178Z,KXBTC15M-26OCT042130-30,0.9840,12.00,no
2026-10-05T01:27:27.163178Z,KXBTC15M-26OCT042130-30,0.9840,928.70,no
2026-10-05T01:27:27.163178Z,KXBTC15M-26OCT042130-30,0.9840,0.01,no
2026-10-05T01:27:27.163178Z,KXBTC15M-26OCT042130-30,0.9840,108.52,no
2026-10-05T01:27:27.198512Z,KXBTC15M-26OCT042130-30,0.9840,110.07,no
2026-10-05T01:27:27.234338Z,KXBTC15M-26OCT042130-30,0.9850,0.01,yes
2026-10-05T01:27:27.234338Z,KXBTC15M-26OCT042130-30,0.9850,0.01,yes
2026-10-05T01:27:27.234338Z,KXBTC15M-26OCT042130-30,0.9850,13.67,yes
2026-10-05T01:27:27.234338Z,KXBTC15M-26OCT042130-30,0.9850,15.00,yes
2026-10-05T01:27:27.234338Z,KXBTC15M-26OCT042130-30,0.9850,100.00,yes
2026-10-05T01:27:27.234338Z,KXBTC15M-26OCT042130-30,0.9850,368.71,yes
2026-10-05T01:27:27.303299Z,KXBTC15M-26OCT042130-30,0.9850,13.58,yes
2026-10-05T01:27:27.303299Z,KXBTC15M-26OCT042130-30,0.9850,1.33,yes
2026-10-05T01:27:27.333781Z,KXBTC15M-26OCT042130-30,0.9850,4.57,yes
2026-10-05T01:27:27.333781Z,KXBTC15M-26OCT042130-30,0.9850,0.01,yes
2026-10-05T01:27:27.333781Z,KXBTC15M-26OCT042130-30,0.9850,1.42,yes
2026-10-05T01:27:27.413237Z,KXBTC15M-26OCT042130-30,0.9850,16.50,yes
2026-10-05T01:27:27.447888Z,KXBTC15M-26OCT042130-30,0.9850,0.01,yes
2026-10-05T01:27:27.447888Z,KXBTC15M-26OCT042130-30,0.9850,78.93,yes
2026-10-05T01:27:27.447888Z,KXBTC15M-26OCT042130-30,0.9850,103.60,yes
2026-10-05T01:27:27.469694Z,KXBTC15M-26OCT042130-30,0.9860,978.00,yes
2026-10-05T01:27:27.469694Z,KXBTC15M-26OCT042130-30,0.9880,98.50,yes
2026-10-05T01:27:27.469694Z,KXBTC15M-26OCT042130-30,0.9850,296.40,yes
2026-10-05T01:27:27.469694Z,KXBTC15M-26OCT042130-30,0.9850,100.00,yes
2026-10-05T01:27:27.469694Z,KXBTC15M-26OCT042130-30,0.9850,26.00,yes
2026-10-05T01:27:27.469694Z,KXBTC15M-26OCT042130-30,0.9850,93.49,yes
2026-10-05T01:27:27.469694Z,KXBTC15M-26OCT042130-30,0.9850,0.01,yes
2026-10-05T01:27:27.469694Z,KXBTC15M-26OCT042130-30,0.9850,0.01,yes
2026-10-05T01:27:27.469694Z,KXBTC15M-26OCT042130-30,0.9880,12.00,yes
2026-10-05T01:27:27.469694Z,KXBTC15M-26OCT042130-30,0.9880,2.00,yes
2026-10-05T01:27:27.469694Z,KXBTC15M-26OCT042130-30,0.9870,2.00,yes
2026-10-05T01:27:27.469694Z,KXBTC15M-26OCT042130-30,0.9870,17.00,yes
2026-10-05T01:27:27.469694Z,KXBTC15M-26OCT042130-30,0.9880,2.00,yes
2026-10-05T01:27:27.469694Z,KXBTC15M-26OCT042130-30,0.9880,1.00,yes
2026-10-05T01:27:27.469694Z,KXBTC15M-26OCT042130-30,0.9880,123.43,yes
2026-10-05T01:27:27.469694Z,KXBTC15M-26OCT042130-30,0.9880,0.02,yes
2026-10-05T01:27:27.469694Z,KXBTC15M-26OCT042130-30,0.9880,4.00,yes
2026-10-05T01:27:27.469694Z,KXBTC15M-26OCT042130-30,0.9880,3.08,yes
2026-10-05T01:27:27.469694Z,KXBTC15M-26OCT042130-30,0.9880,0.02,yes
2026-10-05T01:27:27.469694Z,KXBTC15M-26OCT042130-30,0.9870,115.59,yes
2026-10-05T01:27:27.469694Z,KXBTC15M-26OCT042130-30,0.9880,1.00,yes
2026-10-05T01:27:27.469694Z,KXBTC15M-26OCT042130-30,0.9880,10.07,yes
2026-10-05T01:27:27.469694Z,KXBTC15M-26OCT042130-30,0.9880,84.06,yes
2026-10-05T01:27:27.469694Z,KXBTC15M-26OCT042130-30,0.9880,30.32,yes
2026-10-05T01:27:27.536452Z,KXBTC15M-26OCT042130-30,0.9850,100.00,yes
2026-10-05T01:27:27.536452Z,KXBTC15M-26OCT042130-30,0.9850,0.01,yes
2026-10-05T01:27:27.536452Z,KXBTC15M-26OCT042130-30,0.9850,95.86,yes
2026-10-05T01:27:27.536452Z,KXBTC15M-26OCT042130-30,0.9850,57.66,yes
2026-10-05T01:27:27.536452Z,KXBTC15M-26OCT042130-30,0.9850,0.01,yes
2026-10-05T01:27:27.583435Z,KXBTC15M-26OCT042130-30,0.9850,0.01,yes
2026-10-05T01:27:27.583435Z,KXBTC15M-26OCT042130-30,0.9850,39.68,yes
2026-10-05T01:27:27.584436Z,KXBTC15M-26OCT042130-30,0.9840,292.36,no
2026-10-05T01:27:27.637673Z,KXBTC15M-26OCT042130-30,0.9850,21.55,yes
2026-10-05T01:27:27.650077Z,KXBTC15M-26OCT042130-30,0.9850,0.01,yes
2026-10-05T01:27:27.650077Z,KXBTC15M-26OCT042130-30,0.9880,12.00,yes
2026-10-05T01:27:27.650077Z,KXBTC15M-26OCT042130-30,0.9850,38.77,yes
2026-10-05T01:27:27.650077Z,KXBTC15M-26OCT042130-30,0.9860,35.00,yes
2026-10-05T01:27:27.650077Z,KXBTC15M-26OCT042130-30,0.9850,400.00,yes
2026-10-05T01:27:27.650077Z,KXBTC15M-26OCT042130-30,0.9850,0.01,yes
2026-10-05T01:27:27.650077Z,KXBTC15M-26OCT042130-30,0.9870,17.00,yes
2026-10-05T01:27:27.650077Z,KXBTC15M-26OCT042130-30,0.9880,1.01,yes
2026-10-05T01:27:27.650077Z,KXBTC15M-26OCT042130-30,0.9890,512.00,yes
2026-10-05T01:27:27.650077Z,KXBTC15M-26OCT042130-30,0.9890,335.39,yes
2026-10-05T01:27:27.650077Z,KXBTC15M-26OCT042130-30,0.9890,512.00,yes
2026-10-05T01:27:27.650077Z,KXBTC15M-26OCT042130-30,0.9890,160.25,yes
2026-10-05T01:27:27.681632Z,KXBTC15M-26OCT042130-30,0.9840,292.36,no
2026-10-05T01:27:27.720755Z,KXBTC15M-26OCT042130-30,0.9840,15.00,no
2026-10-05T01:27:27.720755Z,KXBTC15M-26OCT042130-30,0.9840,12.00,no
2026-10-05T01:27:27.720755Z,KXBTC15M-26OCT042130-30,0.9840,0.01,no
2026-10-05T01:27:27.720755Z,KXBTC15M-26OCT042130-30,0.9840,150.00,no
2026-10-05T01:27:27.720755Z,KXBTC15M-26OCT042130-30,0.9840,50.18,no
2026-10-05T01:27:27.720755Z,KXBTC15M-26OCT042130-30,0.9840,285.28,no
2026-10-05T01:27:27.720755Z,KXBTC15M-26OCT042130-30,0.9840,0.01,no
2026-10-05T01:27:27.720755Z,KXBTC15M-26OCT042130-30,0.9840,1.00,no
2026-10-05T01:27:27.733182Z,KXBTC15M-26OCT042130-30,0.9840,5.00,no
2026-10-05T01:27:27.738034Z,KXBTC15M-26OCT042130-30,0.9840,2.79,no
2026-10-05T01:27:27.73952Z,KXBTC15M-26OCT042130-30,0.9850,100.00,yes
2026-10-05T01:27:27.73952Z,KXBTC15M-26OCT042130-30,0.9850,69.99,yes
2026-10-05T01:27:27.73952Z,KXBTC15M-26OCT042130-30,0.9850,0.01,yes
2026-10-05T01:27:27.749449Z,KXBTC15M-26OCT042130-30,0.9840,1.00,no
2026-10-05T01:27:27.749449Z,KXBTC15M-26OCT042130-30,0.9840,57.62,no
2026-10-05T01:27:27.749449Z,KXBTC15M-26OCT042130-30,0.9840,58.32,no
2026-10-05T01:27:27.764885Z,KXBTC15M-26OCT042130-30,0.9850,2.02,yes
2026-10-05T01:27:27.794097Z,KXBTC15M-26OCT042130-30,0.9850,1.00,yes
2026-10-05T01:27:27.79996Z,KXBTC15M-26OCT042130-30,0.9840,25.74,no
2026-10-05T01:27:27.79996Z,KXBTC15M-26OCT042130-30,0.9840,10.07,no
2026-10-05T01:27:27.79996Z,KXBTC15M-26OCT042130-30,0.9840,3.19,no
2026-10-05T01:27:27.836262Z,KXBTC15M-26OCT042130-30,0.9850,173.37,yes
2026-10-05T01:27:27.893662Z,KXBTC15M-26OCT042130-30,0.9850,15.00,yes
2026-10-05T01:27:27.893662Z,KXBTC15M-26OCT042130-30,0.9850,100.00,yes
2026-10-05T01:27:27.893662Z,KXBTC15M-26OCT042130-30,0.9850,400.00,yes
2026-10-05T01:27:27.893662Z,KXBTC15M-26OCT042130-30,0.9850,0.01,yes
2026-10-05T01:27:27.893662Z,KXBTC15M-26OCT042130-30,0.9850,0.01,yes
2026-10-05T01:27:27.917986Z,KXBTC15M-26OCT042130-30,0.9850,0.01,yes
2026-10-05T01:27:27.917986Z,KXBTC15M-26OCT042130-30,0.9850,100.00,yes
2026-10-05T01:27:27.932903Z,KXBTC15M-26OCT042130-30,0.9860,17.00,yes
2026-10-05T01:27:27.932903Z,KXBTC15M-26OCT042130-30,0.9860,82.37,yes
2026-10-05T01:27:27.932903Z,KXBTC15M-26OCT042130-30,0.9860,0.01,yes
2026-10-05T01:27:27.970557Z,KXBTC15M-26OCT042130-30,0.9860,120.00,no
2026-10-05T01:27:27.970557Z,KXBTC15M-26OCT042130-30,0.9850,213.43,no
2026-10-05T01:27:28.038336Z,KXBTC15M-26OCT042130-30,0.9860,4.12,no
2026-10-05T01:27:28.075543Z,KXBTC15M-26OCT042130-30,0.9860,5.84,no
2026-10-05T01:27:28.097245Z,KXBTC15M-26OCT042130-30,0.9870,24.71,yes
2026-10-05T01:27:28.113491Z,KXBTC15M-26OCT042130-30,0.9860,0.01,no
2026-10-05T01:27:28.113491Z,KXBTC15M-26OCT042130-30,0.9860,101.15,no
2026-10-05T01:27:28.113491Z,KXBTC15M-26OCT042130-30,0.9860,5.04,no
2026-10-05T01:27:28.113491Z,KXBTC15M-26OCT042130-30,0.9860,0.01,no
2026-10-05T01:27:28.124915Z,KXBTC15M-26OCT042130-30,0.9860,26.20,no
2026-10-05T01:27:28.140779Z,KXBTC15M-26OCT042130-30,0.9860,0.01,no
2026-10-05T01:27:28.140779Z,KXBTC15M-26OCT042130-30,0.9860,15.00,no
2026-10-05T01:27:28.140779Z,KXBTC15M-26OCT042130-30,0.9860,0.01,no
2026-10-05T01:27:28.140779Z,KXBTC15M-26OCT042130-30,0.9860,15.00,no
2026-10-05T01:27:28.140779Z,KXBTC15M-26OCT042130-30,0.9850,13.00,no
2026-10-05T01:27:28.140779Z,KXBTC15M-26OCT042130-30,0.9850,249.34,no
2026-10-05T01:27:28.149256Z,KXBTC15M-26OCT042130-30,0.9860,0.01,no
2026-10-05T01:27:28.149256Z,KXBTC15M-26OCT042130-30,0.9860,0.01,no
2026-10-05T01:27:28.149256Z,KXBTC15M-26OCT042130-30,0.9850,19.98,no
2026-10-05T01:27:28.198065Z,KXBTC15M-26OCT042130-30,0.9860,0.14,no
2026-10-05T01:27:28.222341Z,KXBTC15M-26OCT042130-30,0.9850,15.28,no
2026-10-05T01:27:28.222341Z,KXBTC15M-26OCT042130-30,0.9860,14.86,no
2026-10-05T01:27:28.222341Z,KXBTC15M-26OCT042130-30,0.9850,0.01,no
2026-10-05T01:27:28.222341Z,KXBTC15M-26OCT042130-30,0.9850,1.00,no
2026-10-05T01:27:28.222341Z,KXBTC15M-26OCT042130-30,0.9850,0.01,no
2026-10-05T01:27:28.222341Z,KXBTC15M-26OCT042130-30,0.9860,0.01,no
2026-10-05T01:27:28.222341Z,KXBTC15M-26OCT042130-30,0.9860,0.01,no
2026-10-05T01:27:28.224471Z,KXBTC15M-26OCT042130-30,0.9870,15.00,yes
2026-10-05T01:27:28.224471Z,KXBTC15M-26OCT042130-30,0.9870,219.56,yes
2026-10-05T01:27:28.224471Z,KXBTC15M-26OCT042130-30,0.9870,17.29,yes
2026-10-05T01:27:28.224471Z,KXBTC15M-26OCT042130-30,0.9870,100.00,yes
2026-10-05T01:27:28.224471Z,KXBTC15M-26OCT042130-30,0.9870,1.00,yes
2026-10-05T01:27:28.24605Z,KXBTC15M-26OCT042130-30,0.9870,6.45,yes
2026-10-05T01:27:28.284881Z,KXBTC15M-26OCT042130-30,0.9870,25.00,yes
2026-10-05T01:27:28.321626Z,KXBTC15M-26OCT042130-30,0.9870,99.38,yes
2026-10-05T01:27:28.334419Z,KXBTC15M-26OCT042130-30,0.9860,15.00,no
2026-10-05T01:27:28.334419Z,KXBTC15M-26OCT042130-30,0.9850,1.00,no
2026-10-05T01:27:28.334419Z,KXBTC15M-26OCT042130-30,0.9860,0.01,no
2026-10-05T01:27:28.334419Z,KXBTC15M-26OCT042130-30,0.9850,4.00,no
2026-10-05T01:27:28.334419Z,KXBTC15M-26OCT042130-30,0.9860,0.01,no
2026-10-05T01:27:28.334419Z,KXBTC15M-26OCT042130-30,0.9850,1000.00,no
2026-10-05T01:27:28.334419Z,KXBTC15M-26OCT042130-30,0.9850,200.00,no
2026-10-05T01:27:28.334419Z,KXBTC15M-26OCT042130-30,0.9850,140.00,no
2026-10-05T01:27:28.334419Z,KXBTC15M-26OCT042130-30,0.9840,53.05,no
2026-10-05T01:27:28.334419Z,KXBTC15M-26OCT042130-30,0.9840,3.08,no
2026-10-05T01:27:28.334419Z,KXBTC15M-26OCT042130-30,0.9840,0.02,no
2026-10-05T01:27:28.334419Z,KXBTC15M-26OCT042130-30,0.9840,0.02,no
2026-10-05T01:27:28.334419Z,KXBTC15M-26OCT042130-30,0.9840,160.25,no
2026-10-05T01:27:28.334419Z,KXBTC15M-26OCT042130-30,0.9840,30.32,no
2026-10-05T01:27:28.334419Z,KXBTC15M-26OCT042130-30,0.9840,123.43,no
2026-10-05T01:27:28.334419Z,KXBTC15M-26OCT042130-30,0.9840,0.81,no
2026-10-05T01:27:28.354312Z,KXBTC15M-26OCT042130-30,0.9860,13.66,yes
2026-10-05T01:27:28.424329Z,KXBTC15M-26OCT042130-30,0.9850,15.00,no
2026-10-05T01:27:28.424329Z,KXBTC15M-26OCT042130-30,0.9850,0.01,no
2026-10-05T01:27:28.424329Z,KXBTC15M-26OCT042130-30,0.9850,0.01,no
2026-10-05T01:27:28.424329Z,KXBTC15M-26OCT042130-30,0.9840,15.18,no
2026-10-05T01:27:28.467314Z,KXBTC15M-26OCT042130-30,0.9860,0.01,yes
2026-10-05T01:27:28.467314Z,KXBTC15M-26OCT042130-30,0.9860,342.36,yes
2026-10-05T01:27:28.467314Z,KXBTC15M-26OCT042130-30,0.9860,0.01,yes
2026-10-05T01:27:28.467314Z,KXBTC15M-26OCT042130-30,0.9860,100.00,yes
2026-10-05T01:27:28.467314Z,KXBTC15M-26OCT042130-30,0.9860,247.34,yes
2026-10-05T01:27:28.467314Z,KXBTC15M-26OCT042130-30,0.9860,15.00,yes
2026-10-05T01:27:28.492288Z,KXBTC15M-26OCT042130-30,0.9850,0.01,no
2026-10-05T01:27:28.492288Z,KXBTC15M-26OCT042130-30,0.9850,13.00,no
2026-10-05T01:27:28.492288Z,KXBTC15M-26OCT042130-30,0.9850,15.00,no
2026-10-05T01:27:28.492288Z,KXBTC15M-26OCT042130-30,0.9850,0.01,no
2026-10-05T01:27:28.492288Z,KXBTC15M-26OCT042130-30,0.9840,138.98,no
2026-10-05T01:27:28.537289Z,KXBTC15M-26OCT042130-30,0.9850,0.01,no
2026-10-05T01:27:28.537289Z,KXBTC15M-26OCT042130-30,0.9850,4.06,no
2026-10-05T01:27:28.537289Z,KXBTC15M-26OCT042130-30,0.9850,0.01,no
2026-10-05T01:27:28.54403Z,KXBTC15M-26OCT042130-30,0.9850,15.00,no
2026-10-05T01:27:28.54403Z,KXBTC15M-26OCT042130-30,0.9850,8.94,no
2026-10-05T01:27:28.54403Z,KXBTC15M-26OCT042130-30,0.9850,0.01,no
2026-10-05T01:27:28.54403Z,KXBTC15M-26OCT042130-30,0.9850,4.06,no
2026-10-05T01:27:28.54403Z,KXBTC15M-26OCT042130-30,0.9850,0.01,no
2026-10-05T01:27:28.54403Z,KXBTC15M-26OCT042130-30,0.9840,30.45,no
2026-10-05T01:27:28.549709Z,KXBTC15M-26OCT042130-30,0.9860,10.86,yes
2026-10-05T01:27:28.549709Z,KXBTC15M-26OCT042130-30,0.9860,57.64,yes
2026-10-05T01:27:28.556158Z,KXBTC15M-26OCT042130-30,0.9860,3.31,yes
2026-10-05T01:27:28.557565Z,KXBTC15M-26OCT042130-30,0.9860,1.00,yes
2026-10-05T01:27:28.557565Z,KXBTC15M-26OCT042130-30,0.9860,0.01,yes
2026-10-05T01:27:28.557565Z,KXBTC15M-26OCT042130-30,0.9860,38.63,yes
2026-10-05T01:27:28.557565Z,KXBTC15M-26OCT042130-30,0.9860,15.00,yes
2026-10-05T01:27:28.557565Z,KXBTC15M-26OCT042130-30,0.9860,185.83,yes
2026-10-05T01:27:28.557565Z,KXBTC15M-26OCT042130-30,0.9860,0.01,yes
2026-10-05T01:27:28.57639Z,KXBTC15M-26OCT042130-30,0.9850,0.01,no
2026-10-05T01:27:28.57639Z,KXBTC15M-26OCT042130-30,0.9850,13.00,no
2026-10-05T01:27:28.57639Z,KXBTC15M-26OCT042130-30,0.9850,15.00,no
2026-10-05T01:27:28.57639Z,KXBTC15M-26OCT042130-30,0.9850,0.01,no
2026-10-05T01:27:28.57639Z,KXBTC15M-26OCT042130-30,0.9840,128.04,no
2026-10-05T01:27:28.612947Z,KXBTC15M-26OCT042130-30,0.9860,15.00,yes
2026-10-05T01:27:28.612947Z,KXBTC15M-26OCT042130-30,0.9860,0.01,yes
2026-10-05T01:27:28.612947Z,KXBTC15M-26OCT042130-30,0.9860,15.00,yes
2026-10-05T01:27:28.612947Z,KXBTC15M-26OCT042130-30,0.9860,0.01,yes
2026-10-05T01:27:28.612947Z,KXBTC15M-26OCT042130-30,0.9860,9.92,yes
2026-10-05T01:27:28.612947Z,KXBTC15M-26OCT042130-30,0.9860,61.37,yes
2026-10-05T01:27:28.734522Z,KXBTC15M-26OCT042130-30,0.9850,15.00,no
2026-10-05T01:27:28.734522Z,KXBTC15M-26OCT042130-30,0.9850,0.01,no
2026-10-05T01:27:28.734522Z,KXBTC15M-26OCT042130-30,0.9850,0.01,no
2026-10-05T01:27:28.734522Z,KXBTC15M-26OCT042130-30,0.9840,146.30,no
2026-10-05T01:27:28.734522Z,KXBTC15M-26OCT042130-30,0.9840,22.67,no
2026-10-05T01:27:28.748975Z,KXBTC15M-26OCT042130-30,0.9850,0.01,no
2026-10-05T01:27:28.748975Z,KXBTC15M-26OCT042130-30,0.9850,13.00,no
2026-10-05T01:27:28.748975Z,KXBTC15M-26OCT042130-30,0.9840,12.61,no
2026-10-05T01:27:28.759339Z,KXBTC15M-26OCT042130-30,0.9850,0.01,no
2026-10-05T01:27:28.759339Z,KXBTC15M-26OCT042130-30,0.9850,0.01,no
2026-10-05T01:27:28.759339Z,KXBTC15M-26OCT042130-30,0.9850,15.00,no
2026-10-05T01:27:28.759339Z,KXBTC15M-26OCT042130-30,0.9840,292.42,no
2026-10-05T01:27:28.857252Z,KXBTC15M-26OCT042130-30,0.9850,1.00,no
2026-10-05T01:27:28.857252Z,KXBTC15M-26OCT042130-30,0.9850,0.01,no
2026-10-05T01:27:28.857252Z,KXBTC15M-26OCT042130-30,0.9850,0.01,no
2026-10-05T01:27:28.857252Z,KXBTC15M-26OCT042130-30,0.9850,15.00,no
2026-10-05T01:27:28.946522Z,KXBTC15M-26OCT042130-30,0.9860,2.13,yes
2026-10-05T01:27:28.952527Z,KXBTC15M-26OCT042130-30,0.9860,13.91,yes
2026-10-05T01:27:28.964033Z,KXBTC15M-26OCT042130-30,0.9840,30.27,no
2026-10-05T01:27:28.964033Z,KXBTC15M-26OCT042130-30,0.9850,0.01,no
2026-10-05T01:27:28.964033Z,KXBTC15M-26OCT042130-30,0.9850,0.01,no
2026-10-05T01:27:28.964033Z,KXBTC15M-26OCT042130-30,0.9840,1.00,no
2026-10-05T01:27:28.964033Z,KXBTC15M-26OCT042130-30,0.9840,184.30,no
2026-10-05T01:27:28.987751Z,KXBTC15M-26OCT042130-30,0.9860,18.38,yes
2026-10-05T01:27:29.02002Z,KXBTC15M-26OCT042130-30,0.9860,500.00,yes
2026-10-05T01:27:29.02002Z,KXBTC15M-26OCT042130-30,0.9870,727.08,yes
2026-10-05T01:27:29.02002Z,KXBTC15M-26OCT042130-30,0.9870,15.00,yes
2026-10-05T01:27:29.02002Z,KXBTC15M-26OCT042130-30,0.9860,0.01,yes
2026-10-05T01:27:29.02002Z,KXBTC15M-26OCT042130-30,0.9860,1.00,yes
2026-10-05T01:27:29.02002Z,KXBTC15M-26OCT042130-30,0.9860,15.00,yes
2026-10-05T01:27:29.02002Z,KXBTC15M-26OCT042130-30,0.9870,0.14,yes
2026-10-05T01:27:29.02002Z,KXBTC15M-26OCT042130-30,0.9860,15.00,yes
2026-10-05T01:27:29.02002Z,KXBTC15M-26OCT042130-30,0.9860,200.00,yes
2026-10-05T01:27:29.02002Z,KXBTC15M-26OCT042130-30,0.9860,0.01,yes
2026-10-05T01:27:29.02002Z,KXBTC15M-26OCT042130-30,0.9860,11.00,yes
2026-10-05T01:27:29.02002Z,KXBTC15M-26OCT042130-30,0.9860,355.66,yes
2026-10-05T01:27:29.02002Z,KXBTC15M-26OCT042130-30,0.9870,15.00,yes
2026-10-05T01:27:29.02002Z,KXBTC15M-26OCT042130-30,0.9860,25.72,yes
2026-10-05T01:27:29.02002Z,KXBTC15M-26OCT042130-30,0.9860,100.00,yes
2026-10-05T01:27:29.02002Z,KXBTC15M-26OCT042130-30,0.9870,15.00,yes
2026-10-05T01:27:29.02002Z,KXBTC15M-26OCT042130-30,0.9860,15.00,yes
2026-10-05T01:27:29.02002Z,KXBTC15M-26OCT042130-30,0.9870,15.00,yes
2026-10-05T01:27:29.073731Z,KXBTC15M-26OCT042130-30,0.9860,391.58,yes
2026-10-05T01:27:29.073731Z,KXBTC15M-26OCT042130-30,0.9860,0.01,yes
2026-10-05T01:27:29.073731Z,KXBTC15M-26OCT042130-30,0.9860,15.00,yes
2026-10-05T01:27:29.073731Z,KXBTC15M-26OCT042130-30,0.9860,100.00,yes
2026-10-05T01:27:29.073731Z,KXBTC15M-26OCT042130-30,0.9860,0.01,yes
2026-10-05T01:27:29.178084Z,KXBTC15M-26OCT042130-30,0.9850,0.01,no
2026-10-05T01:27:29.178084Z,KXBTC15M-26OCT042130-30,0.9850,13.00,no
2026-10-05T01:27:29.178084Z,KXBTC15M-26OCT042130-30,0.9850,0.01,no
2026-10-05T01:27:29.178084Z,KXBTC15M-26OCT042130-30,0.9850,74.07,no
2026-10-05T01:27:29.178084Z,KXBTC15M-26OCT042130-30,0.9850,15.00,no
2026-10-05T01:27:29.229075Z,KXBTC15M-26OCT042130-30,0.9850,37.70,no
2026-10-05T01:27:29.236794Z,KXBTC15M-26OCT042130-30,0.9850,17.94,no
2026-10-05T01:27:29.285113Z,KXBTC15M-26OCT042130-30,0.9860,0.01,yes
2026-10-05T01:27:29.285113Z,KXBTC15M-26OCT042130-30,0.9860,19.98,yes
2026-10-05T01:27:29.285113Z,KXBTC15M-26OCT042130-30,0.9860,0.01,yes
2026-10-05T01:27:29.300292Z,KXBTC15M-26OCT042130-30,0.9860,2.67,yes
2026-10-05T01:27:29.307245Z,KXBTC15M-26OCT042130-30,0.9850,62.00,no
2026-10-05T01:27:29.321804Z,KXBTC15M-26OCT042130-30,0.9850,292.76,no
2026-10-05T01:27:29.366442Z,KXBTC15M-26OCT042130-30,0.9860,10.11,yes
2026-10-05T01:27:29.366442Z,KXBTC15M-26OCT042130-30,0.9860,0.01,yes
2026-10-05T01:27:29.366442Z,KXBTC15M-26OCT042130-30,0.9860,0.01,yes
2026-10-05T01:27:29.390471Z,KXBTC15M-26OCT042130-30,0.9860,89.89,yes
2026-10-05T01:27:29.390471Z,KXBTC15M-26OCT042130-30,0.9860,10.11,yes
2026-10-05T01:27:29.412648Z,KXBTC15M-26OCT042130-30,0.9850,1.24,no
2026-10-05T01:27:29.41286Z,KXBTC15M-26OCT042130-30,0.9850,58.87,no
2026-10-05T01:27:29.415665Z,KXBTC15M-26OCT042130-30,0.9860,6.43,yes
2026-10-05T01:27:29.416888Z,KXBTC15M-26OCT042130-30,0.9850,62.00,no
2026-10-05T01:27:29.445827Z,KXBTC15M-26OCT042130-30,0.9850,14.00,no
2026-10-05T01:27:29.452615Z,KXBTC15M-26OCT042130-30,0.9860,28.34,yes
2026-10-05T01:27:29.459333Z,KXBTC15M-26OCT042130-30,0.9850,58.87,no
2026-10-05T01:27:29.560769Z,KXBTC15M-26OCT042130-30,0.9860,20.26,yes
2026-10-05T01:27:29.571919Z,KXBTC15M-26OCT042130-30,0.9860,0.02,yes
2026-10-05T01:27:29.574093Z,KXBTC15M-26OCT042130-30,0.9860,0.02,yes
2026-10-05T01:27:29.58607Z,KXBTC15M-26OCT042130-30,0.9860,3.16,yes
2026-10-05T01:27:29.642681Z,KXBTC15M-26OCT042130-30,0.9870,9.09,yes
2026-10-05T01:27:29.642681Z,KXBTC15M-26OCT042130-30,0.9860,0.01,yes
2026-10-05T01:27:29.642681Z,KXBTC15M-26OCT042130-30,0.9860,0.01,yes
2026-10-05T01:27:29.656683Z,KXBTC15M-26OCT042130-30,0.9870,29.59,yes
2026-10-05T01:27:29.699619Z,KXBTC15M-26OCT042130-30,0.9870,245.38,yes
2026-10-05T01:27:29.699619Z,KXBTC15M-26OCT042130-30,0.9880,44.00,yes
2026-10-05T01:27:29.699619Z,KXBTC15M-26OCT042130-30,0.9870,200.00,yes
2026-10-05T01:27:29.699619Z,KXBTC15M-26OCT042130-30,0.9870,1.00,yes
2026-10-05T01:27:29.699619Z,KXBTC15M-26OCT042130-30,0.9870,1.00,yes
2026-10-05T01:27:29.699619Z,KXBTC15M-26OCT042130-30,0.9870,0.01,yes
2026-10-05T01:27:29.699619Z,KXBTC15M-26OCT042130-30,0.9870,0.01,yes
2026-10-05T01:27:29.699619Z,KXBTC15M-26OCT042130-30,0.9860,0.01,yes
2026-10-05T01:27:29.699619Z,KXBTC15M-26OCT042130-30,0.9880,1.00,yes
2026-10-05T01:27:29.699619Z,KXBTC15M-26OCT042130-30,0.9860,0.01,yes
2026-10-05T01:27:29.699619Z,KXBTC15M-26OCT042130-30,0.9880,200.00,yes
2026-10-05T01:27:29.699619Z,KXBTC15M-26OCT042130-30,0.9860,1.00,yes
2026-10-05T01:27:29.699619Z,KXBTC15M-26OCT042130-30,0.9890,299.51,yes
2026-10-05T01:27:29.72401Z,KXBTC15M-26OCT042130-30,0.9850,400.00,no
2026-10-05T01:27:29.757885Z,KXBTC15M-26OCT042130-30,0.9870,5.61,yes
2026-10-05T01:27:29.757885Z,KXBTC15M-26OCT042130-30,0.9860,0.01,yes
2026-10-05T01:27:29.757885Z,KXBTC15M-26OCT042130-30,0.9860,0.01,yes
2026-10-05T01:27:29.776425Z,KXBTC15M-26OCT042130-30,0.9860,0.01,yes
2026-10-05T01:27:29.853278Z,KXBTC15M-26OCT042130-30,0.9860,0.01,yes
2026-10-05T01:27:29.853278Z,KXBTC15M-26OCT042130-30,0.9860,0.01,yes
2026-10-05T01:27:29.875172Z,KXBTC15M-26OCT042130-30,0.9880,0.01,yes
2026-10-05T01:27:29.875172Z,KXBTC15M-26OCT042130-30,0.9880,17.00,yes
2026-10-05T01:27:29.875172Z,KXBTC15M-26OCT042130-30,0.9880,12.00,yes
2026-10-05T01:27:29.875172Z,KXBTC15M-26OCT042130-30,0.9880,0.01,yes
2026-10-05T01:27:29.875172Z,KXBTC15M-26OCT042130-30,0.9890,52.24,yes
2026-10-05T01:27:29.875172Z,KXBTC15M-26OCT042130-30,0.9890,12.12,yes
2026-10-05T01:27:29.875172Z,KXBTC15M-26OCT042130-30,0.9890,336.62,yes
2026-10-05T01:27:29.875172Z,KXBTC15M-26OCT042130-30,0.9890,20.00,yes
2026-10-05T01:27:29.91741Z,KXBTC15M-26OCT042130-30,0.9870,10.00,no
2026-10-05T01:27:29.935288Z,KXBTC15M-26OCT042130-30,0.9880,5.82,yes
2026-10-05T01:27:29.953332Z,KXBTC15M-26OCT042130-30,0.9870,0.01,no
2026-10-05T01:27:29.953332Z,KXBTC15M-26OCT042130-30,0.9870,270.89,no
2026-10-05T01:27:29.953332Z,KXBTC15M-26OCT042130-30,0.9870,0.01,no
2026-10-05T01:27:29.953332Z,KXBTC15M-26OCT042130-30,0.9870,336.62,no
2026-10-05T01:27:29.953332Z,KXBTC15M-26OCT042130-30,0.9870,462.49,no
2026-10-05T01:27:29.976235Z,KXBTC15M-26OCT042130-30,0.9870,15.00,no
2026-10-05T01:27:29.976235Z,KXBTC15M-26OCT042130-30,0.9870,52.24,no
2026-10-05T01:27:29.976235Z,KXBTC15M-26OCT042130-30,0.9870,200.00,no
2026-10-05T01:27:29.976235Z,KXBTC15M-26OCT042130-30,0.9870,7.08,no
2026-10-05T01:27:29.976235Z,KXBTC15M-26OCT042130-30,0.9870,37.51,no
2026-10-05T01:27:30.019387Z,KXBTC15M-26OCT042130-30,0.9870,1.03,no
2026-10-05T01:27:30.034072Z,KXBTC15M-26OCT042130-30,0.9880,15.00,yes
2026-10-05T01:27:30.034072Z,KXBTC15M-26OCT042130-30,0.9880,5.82,yes
2026-10-05T01:27:30.034072Z,KXBTC15M-26OCT042130-30,0.9880,6.18,yes
2026-10-05T01:27:30.034072Z,KXBTC15M-26OCT042130-30,0.9880,0.01,yes
2026-10-05T01:27:30.034072Z,KXBTC15M-26OCT042130-30,0.9880,0.01,yes
2026-10-05T01:27:30.034072Z,KXBTC15M-26OCT042130-30,0.9890,2.24,yes
2026-10-05T01:27:30.069473Z,KXBTC15M-26OCT042130-30,0.9880,0.01,yes
2026-10-05T01:27:30.069473Z,KXBTC15M-26OCT042130-30,0.9880,12.00,yes
2026-10-05T01:27:30.069473Z,KXBTC15M-26OCT042130-30,0.9880,0.01,yes
2026-10-05T01:27:30.069473Z,KXBTC15M-26OCT042130-30,0.9890,13.14,yes
2026-10-05T01:27:30.069473Z,KXBTC15M-26OCT042130-30,0.9890,3.59,yes
2026-10-05T01:27:30.069473Z,KXBTC15M-26OCT042130-30,0.9890,1.00,yes
2026-10-05T01:27:30.081076Z,KXBTC15M-26OCT042130-30,0.9870,77.00,no
2026-10-05T01:27:30.116357Z,KXBTC15M-26OCT042130-30,0.9880,472.00,no
2026-10-05T01:27:30.116357Z,KXBTC15M-26OCT042130-30,0.9880,15.00,no
2026-10-05T01:27:30.116357Z,KXBTC15M-26OCT042130-30,0.9880,0.01,no
2026-10-05T01:27:30.116357Z,KXBTC15M-26OCT042130-30,0.9880,12.01,no
2026-10-05T01:27:30.116357Z,KXBTC15M-26OCT042130-30,0.9880,0.01,no
2026-10-05T01:27:30.117852Z,KXBTC15M-26OCT042130-30,0.9880,2.99,no
2026-10-05T01:27:30.122147Z,KXBTC15M-26OCT042130-30,0.9880,0.01,no
2026-10-05T01:27:30.165338Z,KXBTC15M-26OCT042130-30,0.9890,2.00,yes
2026-10-05T01:27:30.173723Z,KXBTC15M-26OCT042130-30,0.9880,0.01,no
2026-10-05T01:27:30.173723Z,KXBTC15M-26OCT042130-30,0.9880,0.99,no
2026-10-05T01:27:30.188746Z,KXBTC15M-26OCT042130-30,0.9890,86.78,yes
2026-10-05T01:27:30.201466Z,KXBTC15M-26OCT042130-30,0.9880,13.84,no
2026-10-05T01:27:30.313731Z,KXBTC15M-26OCT042130-30,0.9870,2.24,no
2026-10-05T01:27:30.313731Z,KXBTC15M-26OCT042130-30,0.9880,0.17,no
2026-10-05T01:27:30.313731Z,KXBTC15M-26OCT042130-30,0.9880,0.01,no
2026-10-05T01:27:30.313731Z,KXBTC15M-26OCT042130-30,0.9880,0.01,no
2026-10-05T01:27:30.313731Z,KXBTC15M-26OCT042130-30,0.9870,0.91,no
2026-10-05T01:27:30.329236Z,KXBTC15M-26OCT042130-30,0.9890,1.12,yes
2026-10-05T01:27:30.329236Z,KXBTC15M-26OCT042130-30,0.9890,10.00,yes
2026-10-05T01:27:30.329236Z,KXBTC15M-26OCT042130-30,0.9890,2.00,yes
2026-10-05T01:27:30.329236Z,KXBTC15M-26OCT042130-30,0.9890,7.63,yes
2026-10-05T01:27:30.329236Z,KXBTC15M-26OCT042130-30,0.9890,2.00,yes
2026-10-05T01:27:30.329236Z,KXBTC15M-26OCT042130-30,0.9890,1.00,yes
2026-10-05T01:27:30.329236Z,KXBTC15M-26OCT042130-30,0.9890,1.00,yes
2026-10-05T01:27:30.351337Z,KXBTC15M-26OCT042130-30,0.9850,239.12,no
2026-10-05T01:27:30.351337Z,KXBTC15M-26OCT042130-30,0.9850,1.00,no
2026-10-05T01:27:30.351337Z,KXBTC15M-26OCT042130-30,0.9850,5.00,no
2026-10-05T01:27:30.351337Z,KXBTC15M-26OCT042130-30,0.9870,12.23,no
2026-10-05T01:27:30.351337Z,KXBTC15M-26OCT042130-30,0.9880,0.01,no
2026-10-05T01:27:30.351337Z,KXBTC15M-26OCT042130-30,0.9880,0.01,no
2026-10-05T01:27:30.351337Z,KXBTC15M-26OCT042130-30,0.9860,80.00,no
2026-10-05T01:27:30.351337Z,KXBTC15M-26OCT042130-30,0.9860,188.00,no
2026-10-05T01:27:30.351337Z,KXBTC15M-26OCT042130-30,0.9870,0.01,no
2026-10-05T01:27:30.351337Z,KXBTC15M-26OCT042130-30,0.9880,15.00,no
2026-10-05T01:27:30.351337Z,KXBTC15M-26OCT042130-30,0.9860,200.00,no
2026-10-05T01:27:30.351337Z,KXBTC15M-26OCT042130-30,0.9870,0.01,no
2026-10-05T01:27:30.351337Z,KXBTC15M-26OCT042130-30,0.9860,8.00,no
2026-10-05T01:27:30.359236Z,KXBTC15M-26OCT042130-30,0.9890,227.12,yes
2026-10-05T01:27:30.359236Z,KXBTC15M-26OCT042130-30,0.9890,49.88,yes
2026-10-05T01:27:30.393192Z,KXBTC15M-26OCT042130-30,0.9830,15.00,no
2026-10-05T01:27:30.393192Z,KXBTC15M-26OCT042130-30,0.9830,384.00,no
2026-10-05T01:27:30.393192Z,KXBTC15M-26OCT042130-30,0.9830,384.00,no
2026-10-05T01:27:30.393192Z,KXBTC15M-26OCT042130-30,0.9820,355.11,no
2026-10-05T01:27:30.393192Z,KXBTC15M-26OCT042130-30,0.9830,140.41,no
2026-10-05T01:27:30.393192Z,KXBTC15M-26OCT042130-30,0.9830,1.00,no
2026-10-05T01:27:30.393192Z,KXBTC15M-26OCT042130-30,0.9830,27.00,no
2026-10-05T01:27:30.393192Z,KXBTC15M-26OCT042130-30,0.9830,200.00,no
2026-10-05T01:27:30.393192Z,KXBTC15M-26OCT042130-30,0.9830,19.09,no
2026-10-05T01:27:30.393192Z,KXBTC15M-26OCT042130-30,0.9830,15.00,no
2026-10-05T01:27:30.393192Z,KXBTC15M-26OCT042130-30,0.9850,60.39,no
2026-10-05T01:27:30.393192Z,KXBTC15M-26OCT042130-30,0.9850,15.00,no
2026-10-05T01:27:30.393192Z,KXBTC15M-26OCT042130-30,0.9840,0.13,no
2026-10-05T01:27:30.393192Z,KXBTC15M-26OCT042130-30,0.9840,1.00,no
2026-10-05T01:27:30.393192Z,KXBTC15M-26OCT042130-30,0.9880,0.01,no
2026-10-05T01:27:30.393192Z,KXBTC15M-26OCT042130-30,0.9850,1500.00,no
2026-10-05T01:27:30.393192Z,KXBTC15M-26OCT042130-30,0.9860,0.01,no
2026-10-05T01:27:30.393192Z,KXBTC15M-26OCT042130-30,0.9880,0.01,no
2026-10-05T01:27:30.393192Z,KXBTC15M-26OCT042130-30,0.9870,0.01,no
2026-10-05T01:27:30.393192Z,KXBTC15M-26OCT042130-30,0.9840,150.00,no
2026-10-05T01:27:30.393192Z,KXBTC15M-26OCT042130-30,0.9840,136.00,no
2026-10-05T01:27:30.393192Z,KXBTC15M-26OCT042130-30,0.9850,248.00,no
2026-10-05T01:27:30.393192Z,KXBTC15M-26OCT042130-30,0.9870,0.01,no
2026-10-05T01:27:30.393192Z,KXBTC15M-26OCT042130-30,0.9880,15.00,no
2026-10-05T01:27:30.393192Z,KXBTC15M-26OCT042130-30,0.9850,1.00,no
2026-10-05T01:27:30.415204Z,KXBTC15M-26OCT042130-30,0.9880,0.01,no
2026-10-05T01:27:30.415204Z,KXBTC15M-26OCT042130-30,0.9880,0.01,no
2026-10-05T01:27:30.433844Z,KXBTC15M-26OCT042130-30,0.9860,15.00,no
2026-10-05T01:27:30.433844Z,KXBTC15M-26OCT042130-30,0.9860,0.01,no
2026-10-05T01:27:30.433844Z,KXBTC15M-26OCT042130-30,0.9840,33.76,no
2026-10-05T01:27:30.581284Z,KXBTC15M-26OCT042130-30,0.9870,2.75,yes
2026-10-05T01:27:30.583885Z,KXBTC15M-26OCT042130-30,0.9860,0.01,no
2026-10-05T01:27:30.583885Z,KXBTC15M-26OCT042130-30,0.9860,6.08,no
2026-10-05T01:27:30.583885Z,KXBTC15M-26OCT042130-30,0.9860,0.01,no
2026-10-05T01:27:30.653836Z,KXBTC15M-26OCT042130-30,0.9870,12.25,yes
2026-10-05T01:27:30.653836Z,KXBTC15M-26OCT042130-30,0.9870,0.01,yes
2026-10-05T01:27:30.653836Z,KXBTC15M-26OCT042130-30,0.9870,0.01,yes
2026-10-05T01:27:30.653836Z,KXBTC15M-26OCT042130-30,0.9870,14.98,yes
2026-10-05T01:27:30.653836Z,KXBTC15M-26OCT042130-30,0.9870,11.00,yes
2026-10-05T01:27:30.653836Z,KXBTC15M-26OCT042130-30,0.9870,243.75,yes
2026-10-05T01:27:30.680078Z,KXBTC15M-26OCT042130-30,0.9890,27.00,yes
2026-10-05T01:27:30.680078Z,KXBTC15M-26OCT042130-30,0.9890,1.00,yes
2026-10-05T01:27:30.680078Z,KXBTC15M-26OCT042130-30,0.9870,200.00,yes
2026-10-05T01:27:30.680078Z,KXBTC15M-26OCT042130-30,0.9890,15.00,yes
2026-10-05T01:27:30.680078Z,KXBTC15M-26OCT042130-30,0.9870,0.01,yes
2026-10-05T01:27:30.680078Z,KXBTC15M-26OCT042130-30,0.9870,0.01,yes
2026-10-05T01:27:30.680078Z,KXBTC15M-26OCT042130-30,0.9890,15.00,yes
2026-10-05T01:27:30.680078Z,KXBTC15M-26OCT042130-30,0.9890,15.00,yes
2026-10-05T01:27:30.680078Z,KXBTC15M-26OCT042130-30,0.9880,807.00,yes
2026-10-05T01:27:30.680078Z,KXBTC15M-26OCT042130-30,0.9890,15.00,yes
2026-10-05T01:27:30.680078Z,KXBTC15M-26OCT042130-30,0.9870,11.00,yes
2026-10-05T01:27:30.680078Z,KXBTC15M-26OCT042130-30,0.9890,500.00,yes
2026-10-05T01:27:30.680078Z,KXBTC15M-26OCT042130-30,0.9880,15.00,yes
2026-10-05T01:27:30.680078Z,KXBTC15M-26OCT042130-30,0.9890,15.00,yes
2026-10-05T01:27:30.680078Z,KXBTC15M-26OCT042130-30,0.9870,602.25,yes
2026-10-05T01:27:30.680078Z,KXBTC15M-26OCT042130-30,0.9890,15.00,yes
2026-10-05T01:27:30.680078Z,KXBTC15M-26OCT042130-30,0.9880,200.00,yes
2026-10-05T01:27:30.680078Z,KXBTC15M-26OCT042130-30,0.9900,1.40,yes
2026-10-05T01:27:30.680078Z,KXBTC15M-26OCT042130-30,0.9900,3.04,yes
2026-10-05T01:27:30.680078Z,KXBTC15M-26OCT042130-30,0.9900,0.95,yes
2026-10-05T01:27:30.680078Z,KXBTC15M-26OCT042130-30,0.9900,2038.06,yes
2026-10-05T01:27:30.680078Z,KXBTC15M-26OCT042130-30,0.9900,5.00,yes
2026-10-05T01:27:30.680078Z,KXBTC15M-26OCT042130-30,0.9900,69.01,yes
2026-10-05T01:27:30.680078Z,KXBTC15M-26OCT042130-30,0.9900,2.76,yes
2026-10-05T01:27:30.680078Z,KXBTC15M-26OCT042130-30,0.9900,15.47,yes
2026-10-05T01:27:30.680078Z,KXBTC15M-26OCT042130-30,0.9900,0.30,yes
2026-10-05T01:27:30.680078Z,KXBTC15M-26OCT042130-30,0.9900,15.24,yes
2026-10-05T01:27:30.680078Z,KXBTC15M-26OCT042130-30,0.9900,100.00,yes
2026-10-05T01:27:30.680078Z,KXBTC15M-26OCT042130-30,0.9900,3.79,yes
2026-10-05T01:27:30.680078Z,KXBTC15M-26OCT042130-30,0.9900,6.81,yes
2026-10-05T01:27:30.680078Z,KXBTC15M-26OCT042130-30,0.9900,1.34,yes
2026-10-05T01:27:30.680078Z,KXBTC15M-26OCT042130-30,0.9900,1.29,yes
2026-10-05T01:27:30.680078Z,KXBTC15M-26OCT042130-30,0.9900,50.00,yes
2026-10-05T01:27:30.680078Z,KXBTC15M-26OCT042130-30,0.9900,1.31,yes
2026-10-05T01:27:30.680078Z,KXBTC15M-26OCT042130-30,0.9900,65.52,yes
2026-10-05T01:27:30.680078Z,KXBTC15M-26OCT042130-30,0.9900,1.34,yes
2026-10-05T01:27:30.680078Z,KXBTC15M-26OCT042130-30,0.9900,1.43,yes
2026-10-05T01:27:30.680078Z,KXBTC15M-26OCT042130-30,0.9900,109.31,yes
2026-10-05T01:27:30.680078Z,KXBTC15M-26OCT042130-30,0.9900,54.84,yes
2026-10-05T01:27:30.680078Z,KXBTC15M-26OCT042130-30,0.9900,0.01,yes
2026-10-05T01:27:30.680078Z,KXBTC15M-26OCT042130-30,0.9900,13.27,yes
2026-10-05T01:27:30.680078Z,KXBTC15M-26OCT042130-30,0.9900,145.88,yes
2026-10-05T01:27:30.680078Z,KXBTC15M-26OCT042130-30,0.9900,4.55,yes
2026-10-05T01:27:30.680078Z,KXBTC15M-26OCT042130-30,0.9900,3.29,yes
2026-10-05T01:27:30.680078Z,KXBTC15M-26OCT042130-30,0.9900,80.73,yes
2026-10-05T01:27:30.680078Z,KXBTC15M-26OCT042130-30,0.9900,38.68,yes
2026-10-05T01:27:30.680078Z,KXBTC15M-26OCT042130-30,0.9900,14.61,yes
2026-10-05T01:27:30.680078Z,KXBTC15M-26OCT042130-30,0.9900,1.74,yes
2026-10-05T01:27:30.680078Z,KXBTC15M-26OCT042130-30,0.9900,6.72,yes
2026-10-05T01:27:30.680078Z,KXBTC15M-26OCT042130-30,0.9900,6.09,yes
2026-10-05T01:27:30.680078Z,KXBTC15M-26OCT042130-30,0.9900,6.58,yes
2026-10-05T01:27:30.680078Z,KXBTC15M-26OCT042130-30,0.9900,36.25,yes
2026-10-05T01:27:30.680078Z,KXBTC15M-26OCT042130-30,0.9900,100.83,yes
2026-10-05T01:27:30.680078Z,KXBTC15M-26OCT042130-30,0.9900,6.22,yes
2026-10-05T01:27:30.680078Z,KXBTC15M-26OCT042130-30,0.9900,53.77,yes
2026-10-05T01:27:30.680078Z,KXBTC15M-26OCT042130-30,0.9900,6.85,yes
2026-10-05T01:27:30.680078Z,KXBTC15M-26OCT042130-30,0.9900,11.19,yes
2026-10-05T01:27:30.680078Z,KXBTC15M-26OCT042130-30,0.9900,21.93,yes
2026-10-05T01:27:30.680078Z,KXBTC15M-26OCT042130-30,0.9900,36.25,yes
2026-10-05T01:27:30.680078Z,KXBTC15M-26OCT042130-30,0.9900,15.24,yes
2026-10-05T01:27:30.680078Z,KXBTC15M-26OCT042130-30,0.9900,52.60,yes
2026-10-05T01:27:30.680078Z,KXBTC15M-26OCT042130-30,0.9900,43.76,yes
2026-10-05T01:27:30.680078Z,KXBTC15M-26OCT042130-30,0.9900,2.91,yes
2026-10-05T01:27:30.680078Z,KXBTC15M-26OCT042130-30,0.9900,512.00,yes
2026-10-05T01:27:30.680078Z,KXBTC15M-26OCT042130-30,0.9900,327.00,yes
2026-10-05T01:27:30.680078Z,KXBTC15M-26OCT042130-30,0.9900,72.00,yes
2026-10-05T01:27:30.680078Z,KXBTC15M-26OCT042130-30,0.9900,512.00,yes
2026-10-05T01:27:30.680078Z,KXBTC15M-26OCT042130-30,0.9900,200.00,yes
2026-10-05T01:27:30.680078Z,KXBTC15M-26OCT042130-30,0.9900,512.00,yes
2026-10-05T01:27:30.680078Z,KXBTC15M-26OCT042130-30,0.9900,6.00,yes
2026-10-05T01:27:30.680078Z,KXBTC15M-26OCT042130-30,0.9900,13.33,yes
2026-10-05T01:27:30.680078Z,KXBTC15M-26OCT042130-30,0.9900,1200.00,yes
2026-10-05T01:27:30.680078Z,KXBTC15M-26OCT042130-30,0.9900,1.00,yes
2026-10-05T01:27:30.680078Z,KXBTC15M-26OCT042130-30,0.9900,3.14,yes
2026-10-05T01:27:30.680078Z,KXBTC15M-26OCT042130-30,0.9900,232.08,yes
2026-10-05T01:27:30.680078Z,KXBTC15M-26OCT042130-30,0.9900,85.14,yes
2026-10-05T01:27:30.680078Z,KXBTC15M-26OCT042130-30,0.9900,16.47,yes
2026-10-05T01:27:30.680078Z,KXBTC15M-26OCT042130-30,0.9900,2.17,yes
2026-10-05T01:27:30.680078Z,KXBTC15M-26OCT042130-30,0.9900,8.23,yes
2026-10-05T01:27:30.680078Z,KXBTC15M-26OCT042130-30,0.9900,75.07,yes
2026-10-05T01:27:30.680078Z,KXBTC15M-26OCT042130-30,0.9900,20.00,yes
2026-10-05T01:27:30.680078Z,KXBTC15M-26OCT042130-30,0.9900,7.73,yes
2026-10-05T01:27:30.680078Z,KXBTC15M-26OCT042130-30,0.9900,1.89,yes
2026-10-05T01:27:30.680078Z,KXBTC15M-26OCT042130-30,0.9900,0.03,yes
2026-10-05T01:27:30.680078Z,KXBTC15M-26OCT042130-30,0.9900,352.00,yes
2026-10-05T01:27:30.680078Z,KXBTC15M-26OCT042130-30,0.9900,3.65,yes
2026-10-05T01:27:30.680078Z,KXBTC15M-26OCT042130-30,0.9900,1.00,yes
2026-10-05T01:27:30.680078Z,KXBTC15M-26OCT042130-30,0.9900,1.00,yes
2026-10-05T01:27:30.680078Z,KXBTC15M-26OCT042130-30,0.9900,80.00,yes
2026-10-05T01:27:30.680078Z,KXBTC15M-26OCT042130-30,0.9900,25.00,yes
2026-10-05T01:27:30.680078Z,KXBTC15M-26OCT042130-30,0.9900,6.02,yes
2026-10-05T01:27:30.680078Z,KXBTC15M-26OCT042130-30,0.9900,100.00,yes
2026-10-05T01:27:30.680078Z,KXBTC15M-26OCT042130-30,0.9900,8.94,yes
2026-10-05T01:27:30.707505Z,KXBTC15M-26OCT042130-30,0.9870,212.00,yes
2026-10-05T01:27:30.725949Z,KXBTC15M-26OCT042130-30,0.9860,65.04,no
2026-10-05T01:27:30.725949Z,KXBTC15M-26OCT042130-30,0.9860,0.01,no
2026-10-05T01:27:30.725949Z,KXBTC15M-26OCT042130-30,0.9860,0.01,no
2026-10-05T01:27:30.727303Z,KXBTC15M-26OCT042130-30,0.9870,265.97,yes
2026-10-05T01:27:30.741425Z,KXBTC15M-26OCT042130-30,0.9870,15.00,yes
2026-10-05T01:27:30.74808Z,KXBTC15M-26OCT042130-30,0.9870,41.84,yes
2026-10-05T01:27:30.800113Z,KXBTC15M-26OCT042130-30,0.9870,202.06,yes
2026-10-05T01:27:30.828786Z,KXBTC15M-26OCT042130-30,0.9860,286.96,no
2026-10-05T01:27:30.828786Z,KXBTC15M-26OCT042130-30,0.9860,336.70,no
2026-10-05T01:27:30.840707Z,KXBTC15M-26OCT042130-30,0.9870,0.01,yes
2026-10-05T01:27:30.840707Z,KXBTC15M-26OCT042130-30,0.9870,15.00,yes
2026-10-05T01:27:30.840707Z,KXBTC15M-26OCT042130-30,0.9880,7.22,yes
2026-10-05T01:27:30.840707Z,KXBTC15M-26OCT042130-30,0.9870,0.01,yes
2026-10-05T01:27:30.864359Z,KXBTC15M-26OCT042130-30,0.9880,0.10,yes
2026-10-05T01:27:30.867716Z,KXBTC15M-26OCT042130-30,0.9880,95.09,yes
2026-10-05T01:27:30.867716Z,KXBTC15M-26OCT042130-30,0.9880,12.00,yes
2026-10-05T01:27:30.867716Z,KXBTC15M-26OCT042130-30,0.9880,0.01,yes
2026-10-05T01:27:30.867716Z,KXBTC15M-26OCT042130-30,0.9880,399.90,yes
2026-10-05T01:27:30.88747Z,KXBTC15M-26OCT042130-30,0.9870,10.22,no
2026-10-05T01:27:30.88747Z,KXBTC15M-26OCT042130-30,0.9870,0.01,no
2026-10-05T01:27:30.88747Z,KXBTC15M-26OCT042130-30,0.9870,0.01,no
2026-10-05T01:27:30.88747Z,KXBTC15M-26OCT042130-30,0.9870,15.00,no
2026-10-05T01:27:30.895998Z,KXBTC15M-26OCT042130-30,0.9870,0.01,no
2026-10-05T01:27:30.895998Z,KXBTC15M-26OCT042130-30,0.9870,4.78,no
2026-10-05T01:27:30.895998Z,KXBTC15M-26OCT042130-30,0.9860,56.96,no
2026-10-05T01:27:30.895998Z,KXBTC15M-26OCT042130-30,0.9870,0.01,no
2026-10-05T01:27:30.905188Z,KXBTC15M-26OCT042130-30,0.9880,104.91,yes
2026-10-05T01:27:30.905188Z,KXBTC15M-26OCT042130-30,0.9880,0.01,yes
2026-10-05T01:27:30.905188Z,KXBTC15M-26OCT042130-30,0.9880,40.73,yes
2026-10-05T01:27:30.928418Z,KXBTC15M-26OCT042130-30,0.9870,0.01,no
2026-10-05T01:27:30.928418Z,KXBTC15M-26OCT042130-30,0.9870,15.00,no
2026-10-05T01:27:30.928418Z,KXBTC15M-26OCT042130-30,0.9870,0.01,no
2026-10-05T01:27:30.928418Z,KXBTC15M-26OCT042130-30,0.9860,24.99,no
2026-10-05T01:27:30.930633Z,KXBTC15M-26OCT042130-30,0.9880,8.32,yes
2026-10-05T01:27:31.00761Z,KXBTC15M-26OCT042130-30,0.9880,12.04,yes
2026-10-05T01:27:31.00761Z,KXBTC15M-26OCT042130-30,0.9880,0.01,yes
2026-10-05T01:27:31.00761Z,KXBTC15M-26OCT042130-30,0.9880,12.00,yes
2026-10-05T01:27:31.00761Z,KXBTC15M-26OCT042130-30,0.9880,50.95,yes
2026-10-05T01:27:31.154251Z,KXBTC15M-26OCT042130-30,0.9870,68.00,no
2026-10-05T01:27:31.154251Z,KXBTC15M-26OCT042130-30,0.9870,73.04,no
2026-10-05T01:27:31.154251Z,KXBTC15M-26OCT042130-30,0.9870,15.00,no
2026-10-05T01:27:31.154251Z,KXBTC15M-26OCT042130-30,0.9870,0.01,no
2026-10-05T01:27:31.154251Z,KXBTC15M-26OCT042130-30,0.9870,0.01,no
2026-10-05T01:27:31.160959Z,KXBTC15M-26OCT042130-30,0.9870,70.00,no
2026-10-05T01:27:31.172909Z,KXBTC15M-26OCT042130-30,0.9870,38.00,no
2026-10-05T01:27:31.245617Z,KXBTC15M-26OCT042130-30,0.9880,0.42,yes
2026-10-05T01:27:31.344046Z,KXBTC15M-26OCT042130-30,0.9870,335.07,no
2026-10-05T01:27:31.359534Z,KXBTC15M-26OCT042130-30,0.9870,571.23,no
2026-10-05T01:27:31.359534Z,KXBTC15M-26OCT042130-30,0.9870,49.89,no
2026-10-05T01:27:31.405642Z,KXBTC15M-26OCT042130-30,0.9880,100.00,yes
2026-10-05T01:27:31.405642Z,KXBTC15M-26OCT042130-30,0.9880,200.00,yes
2026-10-05T01:27:31.405642Z,KXBTC15M-26OCT042130-30,0.9890,200.00,yes
2026-10-05T01:27:31.405642Z,KXBTC15M-26OCT042130-30,0.9880,0.01,yes
2026-10-05T01:27:31.405642Z,KXBTC15M-26OCT042130-30,0.9890,12.00,yes
2026-10-05T01:27:31.405642Z,KXBTC15M-26OCT042130-30,0.9880,15.00,yes
2026-10-05T01:27:31.405642Z,KXBTC15M-26OCT042130-30,0.9880,15.00,yes
2026-10-05T01:27:31.405642Z,KXBTC15M-26OCT042130-30,0.9880,387.54,yes
2026-10-05T01:27:31.405642Z,KXBTC15M-26OCT042130-30,0.9880,15.00,yes
2026-10-05T01:27:31.405642Z,KXBTC15M-26OCT042130-30,0.9880,0.01,yes
2026-10-05T01:27:31.405642Z,KXBTC15M-26OCT042130-30,0.9890,500.00,yes
2026-10-05T01:27:31.405642Z,KXBTC15M-26OCT042130-30,0.9890,303.00,yes
2026-10-05T01:27:31.405642Z,KXBTC15M-26OCT042130-30,0.9880,15.00,yes
2026-10-05T01:27:31.405642Z,KXBTC15M-26OCT042130-30,0.9900,2.34,yes
2026-10-05T01:27:31.405642Z,KXBTC15M-26OCT042130-30,0.9900,33.61,yes
2026-10-05T01:27:31.405642Z,KXBTC15M-26OCT042130-30,0.9900,3.46,yes
2026-10-05T01:27:31.405642Z,KXBTC15M-26OCT042130-30,0.9900,1.31,yes
2026-10-05T01:27:31.405642Z,KXBTC15M-26OCT042130-30,0.9900,73.06,yes
2026-10-05T01:27:31.405642Z,KXBTC15M-26OCT042130-30,0.9900,15.95,yes
2026-10-05T01:27:31.405642Z,KXBTC15M-26OCT042130-30,0.9900,15.48,yes
2026-10-05T01:27:31.405642Z,KXBTC15M-26OCT042130-30,0.9900,3.42,yes
2026-10-05T01:27:31.405642Z,KXBTC15M-26OCT042130-30,0.9900,24.20,yes
2026-10-05T01:27:31.405642Z,KXBTC15M-26OCT042130-30,0.9900,582.74,yes
2026-10-05T01:27:31.405642Z,KXBTC15M-26OCT042130-30,0.9900,0.84,yes
2026-10-05T01:27:31.405642Z,KXBTC15M-26OCT042130-30,0.9900,16.94,yes
2026-10-05T01:27:31.405642Z,KXBTC15M-26OCT042130-30,0.9900,1.32,yes
2026-10-05T01:27:31.405642Z,KXBTC15M-26OCT042130-30,0.9900,13.10,yes
2026-10-05T01:27:31.405642Z,KXBTC15M-26OCT042130-30,0.9900,13.17,yes
2026-10-05T01:27:31.405642Z,KXBTC15M-26OCT042130-30,0.9900,1054.68,yes
2026-10-05T01:27:31.426428Z,KXBTC15M-26OCT042130-30,0.9870,50.36,no
2026-10-05T01:27:31.432901Z,KXBTC15M-26OCT042130-30,0.9870,151.21,no
2026-10-05T01:27:31.454558Z,KXBTC15M-26OCT042130-30,0.9880,116.76,yes
2026-10-05T01:27:31.454558Z,KXBTC15M-26OCT042130-30,0.9880,0.01,yes
2026-10-05T01:27:31.454558Z,KXBTC15M-26OCT042130-30,0.9880,0.01,yes
2026-10-05T01:27:31.51468Z,KXBTC15M-26OCT042130-30,0.9870,352.56,no
2026-10-05T01:27:31.551762Z,KXBTC15M-26OCT042130-30,0.9870,34.00,no
2026-10-05T01:27:31.596668Z,KXBTC15M-26OCT042130-30,0.9870,1676.86,no
2026-10-05T01:27:31.596668Z,KXBTC15M-26OCT042130-30,0.9870,1500.00,no
2026-10-05T01:27:31.596668Z,KXBTC15M-26OCT042130-30,0.9870,15.00,no
2026-10-05T01:27:31.596668Z,KXBTC15M-26OCT042130-30,0.9870,0.01,no
2026-10-05T01:27:31.596668Z,KXBTC15M-26OCT042130-30,0.9870,0.01,no
2026-10-05T01:27:31.596668Z,KXBTC15M-26OCT042130-30,0.9870,500.00,no
2026-10-05T01:27:31.596668Z,KXBTC15M-26OCT042130-30,0.9860,420.12,no
2026-10-05T01:27:31.596668Z,KXBTC15M-26OCT042130-30,0.9860,93.35,no
2026-10-05T01:27:31.596668Z,KXBTC15M-26OCT042130-30,0.9860,512.00,no
2026-10-05T01:27:31.635721Z,KXBTC15M-26OCT042130-30,0.9880,137.04,yes
2026-10-05T01:27:31.635721Z,KXBTC15M-26OCT042130-30,0.9880,0.01,yes
2026-10-05T01:27:31.635721Z,KXBTC15M-26OCT042130-30,0.9880,0.01,yes
2026-10-05T01:27:31.767481Z,KXBTC15M-26OCT042130-30,0.9880,1.00,yes
2026-10-05T01:27:31.784182Z,KXBTC15M-26OCT042130-30,0.9870,0.01,no
2026-10-05T01:27:31.784182Z,KXBTC15M-26OCT042130-30,0.9870,41.93,no
2026-10-05T01:27:31.784182Z,KXBTC15M-26OCT042130-30,0.9870,15.00,no
2026-10-05T01:27:31.784182Z,KXBTC15M-26OCT042130-30,0.9870,0.01,no
2026-10-05T01:27:31.784182Z,KXBTC15M-26OCT042130-30,0.9870,15.00,no
2026-10-05T01:27:31.806886Z,KXBTC15M-26OCT042130-30,0.9870,15.00,no
2026-10-05T01:27:31.806886Z,KXBTC15M-26OCT042130-30,0.9870,0.01,no
2026-10-05T01:27:31.806886Z,KXBTC15M-26OCT042130-30,0.9870,0.01,no
2026-10-05T01:27:31.806886Z,KXBTC15M-26OCT042130-30,0.9860,10.53,no
2026-10-05T01:27:31.855944Z,KXBTC15M-26OCT042130-30,0.9880,52.04,yes
2026-10-05T01:27:31.935599Z,KXBTC15M-26OCT042130-30,0.9870,0.50,no
2026-10-05T01:27:32.033279Z,KXBTC15M-26OCT042130-30,0.9800,20.02,no
2026-10-05T01:27:32.033279Z,KXBTC15M-26OCT042130-30,0.9810,90.00,no
2026-10-05T01:27:32.033279Z,KXBTC15M-26OCT042130-30,0.9820,28.89,no
2026-10-05T01:27:32.033279Z,KXBTC15M-26OCT042130-30,0.9820,2.00,no
2026-10-05T01:27:32.033279Z,KXBTC15M-26OCT042130-30,0.9820,1.00,no
2026-10-05T01:27:32.033279Z,KXBTC15M-26OCT042130-30,0.9810,1.00,no
2026-10-05T01:27:32.033279Z,KXBTC15M-26OCT042130-30,0.9790,1.00,no
2026-10-05T01:27:32.033279Z,KXBTC15M-26OCT042130-30,0.9810,15.00,no
2026-10-05T01:27:32.033279Z,KXBTC15M-26OCT042130-30,0.9810,2.00,no
2026-10-05T01:27:32.033279Z,KXBTC15M-26OCT042130-30,0.9800,1.00,no
2026-10-05T01:27:32.033279Z,KXBTC15M-26OCT042130-30,0.9780,1.00,no
2026-10-05T01:27:32.033279Z,KXBTC15M-26OCT042130-30,0.9800,15.00,no
2026-10-05T01:27:32.033279Z,KXBTC15M-26OCT042130-30,0.9770,1.00,no
2026-10-05T01:27:32.033279Z,KXBTC15M-26OCT042130-30,0.9830,0.15,no
2026-10-05T01:27:32.033279Z,KXBTC15M-26OCT042130-30,0.9840,116.24,no
2026-10-05T01:27:32.033279Z,KXBTC15M-26OCT042130-30,0.9770,111.92,no
2026-10-05T01:27:32.033279Z,KXBTC15M-26OCT042130-30,0.9850,25.00,no
2026-10-05T01:27:32.033279Z,KXBTC15M-26OCT042130-30,0.9840,15.00,no
2026-10-05T01:27:32.033279Z,KXBTC15M-26OCT042130-30,0.9820,0.16,no
2026-10-05T01:27:32.033279Z,KXBTC15M-26OCT042130-30,0.9850,82.00,no
2026-10-05T01:27:32.033279Z,KXBTC15M-26OCT042130-30,0.9810,0.17,no
2026-10-05T01:27:32.033279Z,KXBTC15M-26OCT042130-30,0.9860,15.00,no
2026-10-05T01:27:32.033279Z,KXBTC15M-26OCT042130-30,0.9830,1.00,no
2026-10-05T01:27:32.033279Z,KXBTC15M-26OCT042130-30,0.9820,33.00,no
2026-10-05T01:27:32.033279Z,KXBTC15M-26OCT042130-30,0.9860,81.35,no
2026-10-05T01:27:32.033279Z,KXBTC15M-26OCT042130-30,0.9860,8.00,no
2026-10-05T01:27:32.033279Z,KXBTC15M-26OCT042130-30,0.9860,200.00,no
2026-10-05T01:27:32.033279Z,KXBTC15M-26OCT042130-30,0.9780,12.00,no
2026-10-05T01:27:32.033279Z,KXBTC15M-26OCT042130-30,0.9850,200.00,no
2026-10-05T01:27:32.033279Z,KXBTC15M-26OCT042130-30,0.9860,12.00,no
2026-10-05T01:27:32.033279Z,KXBTC15M-26OCT042130-30,0.9860,1000.00,no
2026-10-05T01:27:32.033279Z,KXBTC15M-26OCT042130-30,0.9850,15.00,no
2026-10-05T01:27:32.033279Z,KXBTC15M-26OCT042130-30,0.9780,388.00,no
2026-10-05T01:27:32.033279Z,KXBTC15M-26OCT042130-30,0.9870,14.50,no
2026-10-05T01:27:32.033279Z,KXBTC15M-26OCT042130-30,0.9870,0.01,no
2026-10-05T01:27:32.033279Z,KXBTC15M-26OCT042130-30,0.9870,0.01,no
2026-10-05T01:27:32.055503Z,KXBTC15M-26OCT042130-30,0.9870,0.01,no
2026-10-05T01:27:32.055503Z,KXBTC15M-26OCT042130-30,0.9870,0.01,no
2026-10-05T01:27:32.084489Z,KXBTC15M-26OCT042130-30,0.9880,200.00,yes
2026-10-05T01:27:32.084489Z,KXBTC15M-26OCT042130-30,0.9880,209.92,yes
2026-10-05T01:27:32.084489Z,KXBTC15M-26OCT042130-30,0.9880,13.81,yes
2026-10-05T01:27:32.135635Z,KXBTC15M-26OCT042130-30,0.9880,55.62,yes
2026-10-05T01:27:32.198114Z,KXBTC15M-26OCT042130-30,0.9870,3.00,no
2026-10-05T01:27:32.2039Z,KXBTC15M-26OCT042130-30,0.9880,150.89,yes
2026-10-05T01:27:32.262119Z,KXBTC15M-26OCT042130-30,0.9880,3.00,yes
2026-10-05T01:27:32.263556Z,KXBTC15M-26OCT042130-30,0.9870,12.00,no
2026-10-05T01:27:32.263556Z,KXBTC15M-26OCT042130-30,0.9860,389.87,no
2026-10-05T01:27:32.263556Z,KXBTC15M-26OCT042130-30,0.9870,0.01,no
2026-10-05T01:27:32.263556Z,KXBTC15M-26OCT042130-30,0.9870,0.01,no
2026-10-05T01:27:32.321423Z,KXBTC15M-26OCT042130-30,0.9870,2.05,no
2026-10-05T01:27:32.362298Z,KXBTC15M-26OCT042130-30,0.9880,283.60,yes
2026-10-05T01:27:32.362298Z,KXBTC15M-26OCT042130-30,0.9880,500.00,yes
2026-10-05T01:27:32.362298Z,KXBTC15M-26OCT042130-30,0.9880,15.00,yes
2026-10-05T01:27:32.362298Z,KXBTC15M-26OCT042130-30,0.9890,124.00,yes
2026-10-05T01:27:32.362298Z,KXBTC15M-26OCT042130-30,0.9890,12.00,yes
2026-10-05T01:27:32.362298Z,KXBTC15M-26OCT042130-30,0.9880,15.00,yes
2026-10-05T01:27:32.362298Z,KXBTC15M-26OCT042130-30,0.9880,15.00,yes
2026-10-05T01:27:32.362298Z,KXBTC15M-26OCT042130-30,0.9880,15.00,yes
2026-10-05T01:27:32.362298Z,KXBTC15M-26OCT042130-30,0.9880,276.68,yes
2026-10-05T01:27:32.362298Z,KXBTC15M-26OCT042130-30,0.9880,15.00,yes
2026-10-05T01:27:32.362298Z,KXBTC15M-26OCT042130-30,0.9880,0.01,yes
2026-10-05T01:27:32.362298Z,KXBTC15M-26OCT042130-30,0.9880,0.01,yes
2026-10-05T01:27:32.362298Z,KXBTC15M-26OCT042130-30,0.9880,15.00,yes
2026-10-05T01:27:32.362298Z,KXBTC15M-26OCT042130-30,0.9880,15.00,yes
2026-10-05T01:27:32.362298Z,KXBTC15M-26OCT042130-30,0.9880,15.00,yes
2026-10-05T01:27:32.362298Z,KXBTC15M-26OCT042130-30,0.9890,2.00,yes
2026-10-05T01:27:32.362298Z,KXBTC15M-26OCT042130-30,0.9890,200.00,yes
2026-10-05T01:27:32.362298Z,KXBTC15M-26OCT042130-30,0.9900,414.29,yes
2026-10-05T01:27:32.362298Z,KXBTC15M-26OCT042130-30,0.9900,2.65,yes
2026-10-05T01:27:32.362298Z,KXBTC15M-26OCT042130-30,0.9900,23.80,yes
2026-10-05T01:27:32.362298Z,KXBTC15M-26OCT042130-30,0.9900,6.02,yes
2026-10-05T01:27:32.362298Z,KXBTC15M-26OCT042130-30,0.9900,6.10,yes
2026-10-05T01:27:32.362298Z,KXBTC15M-26OCT042130-30,0.9900,0.28,yes
2026-10-05T01:27:32.362298Z,KXBTC15M-26OCT042130-30,0.9900,20.16,yes
2026-10-05T01:27:32.362298Z,KXBTC15M-26OCT042130-30,0.9900,2.26,yes
2026-10-05T01:27:32.362298Z,KXBTC15M-26OCT042130-30,0.9900,80.54,yes
2026-10-05T01:27:32.362298Z,KXBTC15M-26OCT042130-30,0.9900,19.00,yes
2026-10-05T01:27:32.362298Z,KXBTC15M-26OCT042130-30,0.9900,29.10,yes
2026-10-05T01:27:32.362298Z,KXBTC15M-26OCT042130-30,0.9900,10.47,yes
2026-10-05T01:27:32.362298Z,KXBTC15M-26OCT042130-30,0.9900,363.81,yes
2026-10-05T01:27:32.362298Z,KXBTC15M-26OCT042130-30,0.9900,42.55,yes
2026-10-05T01:27:32.362298Z,KXBTC15M-26OCT042130-30,0.9900,35.46,yes
2026-10-05T01:27:32.384588Z,KXBTC15M-26OCT042130-30,0.9870,3.00,no
2026-10-05T01:27:32.384588Z,KXBTC15M-26OCT042130-30,0.9870,0.01,no
2026-10-05T01:27:32.384588Z,KXBTC15M-26OCT042130-30,0.9870,12.95,no
2026-10-05T01:27:32.384588Z,KXBTC15M-26OCT042130-30,0.9870,0.01,no
2026-10-05T01:27:32.384588Z,KXBTC15M-26OCT042130-30,0.9860,65.67,no
2026-10-05T01:27:32.400022Z,KXBTC15M-26OCT042130-30,0.9870,639.10,yes
2026-10-05T01:27:32.54845Z,KXBTC15M-26OCT042130-30,0.9860,109.41,no
2026-10-05T01:27:32.54845Z,KXBTC15M-26OCT042130-30,0.9860,13.00,no
2026-10-05T01:27:32.54845Z,KXBTC15M-26OCT042130-30,0.9860,0.01,no
2026-10-05T01:27:32.54845Z,KXBTC15M-26OCT042130-30,0.9860,0.01,no
2026-10-05T01:27:32.54845Z,KXBTC15M-26OCT042130-30,0.9860,9.00,no
2026-10-05T01:27:32.563309Z,KXBTC15M-26OCT042130-30,0.9860,3.51,no
2026-10-05T01:27:32.568063Z,KXBTC15M-26OCT042130-30,0.9860,131.92,no
2026-10-05T01:27:32.628214Z,KXBTC15M-26OCT042130-30,0.9880,87.98,yes
2026-10-05T01:27:32.628214Z,KXBTC15M-26OCT042130-30,0.9880,12.00,yes
2026-10-05T01:27:32.628214Z,KXBTC15M-26OCT042130-30,0.9870,0.01,yes
2026-10-05T01:27:32.628214Z,KXBTC15M-26OCT042130-30,0.9880,200.00,yes
2026-10-05T01:27:32.628214Z,KXBTC15M-26OCT042130-30,0.9870,0.01,yes
2026-10-05T01:27:32.632255Z,KXBTC15M-26OCT042130-30,0.9880,60.67,yes
2026-10-05T01:27:32.705238Z,KXBTC15M-26OCT042130-30,0.9880,451.00,yes
2026-10-05T01:27:32.713642Z,KXBTC15M-26OCT042130-30,0.9880,6.00,yes
2026-10-05T01:27:32.713642Z,KXBTC15M-26OCT042130-30,0.9880,0.01,yes
2026-10-05T01:27:32.713642Z,KXBTC15M-26OCT042130-30,0.9890,7.27,yes
2026-10-05T01:27:32.713642Z,KXBTC15M-26OCT042130-30,0.9880,0.01,yes
2026-10-05T01:27:32.713642Z,KXBTC15M-26OCT042130-30,0.9880,15.00,yes
2026-10-05T01:27:32.744549Z,KXBTC15M-26OCT042130-30,0.9870,0.01,no
2026-10-05T01:27:32.744549Z,KXBTC15M-26OCT042130-30,0.9860,22.26,no
2026-10-05T01:27:32.744549Z,KXBTC15M-26OCT042130-30,0.9870,0.01,no
2026-10-05T01:27:32.744549Z,KXBTC15M-26OCT042130-30,0.9870,15.00,no
2026-10-05T01:27:32.744549Z,KXBTC15M-26OCT042130-30,0.9860,0.01,no
2026-10-05T01:27:32.744549Z,KXBTC15M-26OCT042130-30,0.9870,15.00,no
2026-10-05T01:27:32.744549Z,KXBTC15M-26OCT042130-30,0.9870,15.00,no
2026-10-05T01:27:32.744549Z,KXBTC15M-26OCT042130-30,0.9860,0.01,no
2026-10-05T01:27:32.754708Z,KXBTC15M-26OCT042130-30,0.9890,686.00,yes
2026-10-05T01:27:32.754708Z,KXBTC15M-26OCT042130-30,0.9880,0.01,yes
2026-10-05T01:27:32.754708Z,KXBTC15M-26OCT042130-30,0.9880,0.01,yes
2026-10-05T01:27:32.754708Z,KXBTC15M-26OCT042130-30,0.9890,0.01,yes
2026-10-05T01:27:32.754708Z,KXBTC15M-26OCT042130-30,0.9880,12.00,yes
2026-10-05T01:27:32.754708Z,KXBTC15M-26OCT042130-30,0.9880,400.00,yes
2026-10-05T01:27:32.754708Z,KXBTC15M-26OCT042130-30,0.9900,440.00,yes
2026-10-05T01:27:32.754708Z,KXBTC15M-26OCT042130-30,0.9900,11.00,yes
2026-10-05T01:27:32.754708Z,KXBTC15M-26OCT042130-30,0.9900,200.00,yes
2026-10-05T01:27:32.754708Z,KXBTC15M-26OCT042130-30,0.9900,1.00,yes
2026-10-05T01:27:32.754708Z,KXBTC15M-26OCT042130-30,0.9900,1.00,yes
2026-10-05T01:27:32.754708Z,KXBTC15M-26OCT042130-30,0.9900,510.97,yes
2026-10-05T01:27:32.754708Z,KXBTC15M-26OCT042130-30,0.9900,1.00,yes
2026-10-05T01:27:32.754708Z,KXBTC15M-26OCT042130-30,0.9900,26.32,yes
2026-10-05T01:27:32.754708Z,KXBTC15M-26OCT042130-30,0.9900,6.00,yes
2026-10-05T01:27:32.754708Z,KXBTC15M-26OCT042130-30,0.9900,350.00,yes
2026-10-05T01:27:32.754708Z,KXBTC15M-26OCT042130-30,0.9900,6.00,yes
2026-10-05T01:27:32.754708Z,KXBTC15M-26OCT042130-30,0.9900,5.09,yes
2026-10-05T01:27:32.754708Z,KXBTC15M-26OCT042130-30,0.9900,500.00,yes
2026-10-05T01:27:32.754708Z,KXBTC15M-26OCT042130-30,0.9900,500.00,yes
2026-10-05T01:27:32.754708Z,KXBTC15M-26OCT042130-30,0.9900,10.04,yes
2026-10-05T01:27:32.754708Z,KXBTC15M-26OCT042130-30,0.9900,6.09,yes
2026-10-05T01:27:32.754708Z,KXBTC15M-26OCT042130-30,0.9900,1.49,yes
2026-10-05T01:27:32.754708Z,KXBTC15M-26OCT042130-30,0.9900,162.78,yes
2026-10-05T01:27:32.754708Z,KXBTC15M-26OCT042130-30,0.9900,32.03,yes
2026-10-05T01:27:32.754708Z,KXBTC15M-26OCT042130-30,0.9900,1.00,yes
2026-10-05T01:27:32.754708Z,KXBTC15M-26OCT042130-30,0.9900,13.40,yes
2026-10-05T01:27:32.754708Z,KXBTC15M-26OCT042130-30,0.9900,181.76,yes
2026-10-05T01:27:32.81343Z,KXBTC15M-26OCT042130-30,0.9860,110.59,no
2026-10-05T01:27:32.81343Z,KXBTC15M-26OCT042130-30,0.9870,0.01,no
2026-10-05T01:27:32.81343Z,KXBTC15M-26OCT042130-30,0.9860,8.00,no
2026-10-05T01:27:32.81343Z,KXBTC15M-26OCT042130-30,0.9870,0.01,no
2026-10-05T01:27:32.81343Z,KXBTC15M-26OCT042130-30,0.9870,15.00,no
2026-10-05T01:27:32.81343Z,KXBTC15M-26OCT042130-30,0.9860,0.01,no
2026-10-05T01:27:32.81343Z,KXBTC15M-26OCT042130-30,0.9860,0.01,no
2026-10-05T01:27:32.870804Z,KXBTC15M-26OCT042130-30,0.9880,0.01,yes
2026-10-05T01:27:32.870804Z,KXBTC15M-26OCT042130-30,0.9880,277.90,yes
2026-10-05T01:27:32.870804Z,KXBTC15M-26OCT042130-30,0.9880,200.00,yes
2026-10-05T01:27:32.870804Z,KXBTC15M-26OCT042130-30,0.9880,12.00,yes
2026-10-05T01:27:32.870804Z,KXBTC15M-26OCT042130-30,0.9880,15.00,yes
2026-10-05T01:27:32.870804Z,KXBTC15M-26OCT042130-30,0.9880,0.01,yes
2026-10-05T01:27:32.870804Z,KXBTC15M-26OCT042130-30,0.9890,50.08,yes
2026-10-05T01:27:32.870804Z,KXBTC15M-26OCT042130-30,0.9880,15.00,yes
2026-10-05T01:27:32.870804Z,KXBTC15M-26OCT042130-30,0.9880,15.00,yes
2026-10-05T01:27:32.870804Z,KXBTC15M-26OCT042130-30,0.9880,400.00,yes
2026-10-05T01:27:32.870804Z,KXBTC15M-26OCT042130-30,0.9880,15.00,yes
2026-10-05T01:27:32.962463Z,KXBTC15M-26OCT042130-30,0.9860,262.96,no
2026-10-05T01:27:32.962463Z,KXBTC15M-26OCT042130-30,0.9870,15.00,no
2026-10-05T01:27:32.962463Z,KXBTC15M-26OCT042130-30,0.9870,15.00,no
2026-10-05T01:27:32.962463Z,KXBTC15M-26OCT042130-30,0.9870,15.00,no
2026-10-05T01:27:32.962463Z,KXBTC15M-26OCT042130-30,0.9870,0.01,no
2026-10-05T01:27:32.962463Z,KXBTC15M-26OCT042130-30,0.9860,27.09,no
2026-10-05T01:27:32.962463Z,KXBTC15M-26OCT042130-30,0.9870,0.01,no
2026-10-05T01:27:32.985479Z,KXBTC15M-26OCT042130-30,0.9870,14.37,no
2026-10-05T01:27:32.985479Z,KXBTC15M-26OCT042130-30,0.9870,0.01,no
2026-10-05T01:27:32.985479Z,KXBTC15M-26OCT042130-30,0.9870,0.01,no
2026-10-05T01:27:33.083834Z,KXBTC15M-26OCT042130-30,0.9880,48.65,yes
2026-10-05T01:27:33.083834Z,KXBTC15M-26OCT042130-30,0.9880,0.01,yes
2026-10-05T01:27:33.083834Z,KXBTC15M-26OCT042130-30,0.9880,0.01,yes
2026-10-05T01:27:33.083834Z,KXBTC15M-26OCT042130-30,0.9880,12.00,yes
2026-10-05T01:27:33.19594Z,KXBTC15M-26OCT042130-30,0.9880,5.17,yes
2026-10-05T01:27:33.294505Z,KXBTC15M-26OCT042130-30,0.9880,93.26,yes
2026-10-05T01:27:33.294505Z,KXBTC15M-26OCT042130-30,0.9880,15.00,yes
2026-10-05T01:27:33.294505Z,KXBTC15M-26OCT042130-30,0.9880,346.18,yes
2026-10-05T01:27:33.312793Z,KXBTC15M-26OCT042130-30,0.9880,15.00,yes
2026-10-05T01:27:33.312793Z,KXBTC15M-26OCT042130-30,0.9880,15.00,yes
2026-10-05T01:27:33.312793Z,KXBTC15M-26OCT042130-30,0.9890,111.08,yes
2026-10-05T01:27:33.312793Z,KXBTC15M-26OCT042130-30,0.9880,0.01,yes
2026-10-05T01:27:33.312793Z,KXBTC15M-26OCT042130-30,0.9880,0.01,yes
2026-10-05T01:27:33.344359Z,KXBTC15M-26OCT042130-30,0.9880,332.98,yes
2026-10-05T01:27:33.344359Z,KXBTC15M-26OCT042130-30,0.9880,0.01,yes
2026-10-05T01:27:33.344359Z,KXBTC15M-26OCT042130-30,0.9880,0.01,yes
2026-10-05T01:27:33.410408Z,KXBTC15M-26OCT042130-30,0.9870,0.63,no
2026-10-05T01:27:33.410408Z,KXBTC15M-26OCT042130-30,0.9870,0.01,no
2026-10-05T01:27:33.410408Z,KXBTC15M-26OCT042130-30,0.9870,29.36,no
2026-10-05T01:27:33.426092Z,KXBTC15M-26OCT042130-30,0.9880,0.01,yes
2026-10-05T01:27:33.426092Z,KXBTC15M-26OCT042130-30,0.9880,0.01,yes
2026-10-05T01:27:33.426092Z,KXBTC15M-26OCT042130-30,0.9880,4.98,yes
2026-10-05T01:27:33.460548Z,KXBTC15M-26OCT042130-30,0.9870,411.00,no
2026-10-05T01:27:33.480797Z,KXBTC15M-26OCT042130-30,0.9880,79.44,yes
2026-10-05T01:27:33.555512Z,KXBTC15M-26OCT042130-30,0.9880,117.31,yes
2026-10-05T01:27:33.595727Z,KXBTC15M-26OCT042130-30,0.9880,52.58,yes
2026-10-05T01:27:33.597948Z,KXBTC15M-26OCT042130-30,0.9880,55.09,yes
2026-10-05T01:27:33.603141Z,KXBTC15M-26OCT042130-30,0.9870,71.95,no
2026-10-05T01:27:33.669002Z,KXBTC15M-26OCT042130-30,0.9880,65.00,yes
2026-10-05T01:27:33.722673Z,KXBTC15M-26OCT042130-30,0.9870,31.73,no
2026-10-05T01:27:33.814462Z,KXBTC15M-26OCT042130-30,0.9870,769.23,no
2026-10-05T01:27:33.824354Z,KXBTC15M-26OCT042130-30,0.9870,511.87,no
2026-10-05T01:27:33.851228Z,KXBTC15M-26OCT042130-30,0.9880,25.25,yes
2026-10-05T01:27:33.862568Z,KXBTC15M-26OCT042130-30,0.9870,186.20,no
2026-10-05T01:27:33.87416Z,KXBTC15M-26OCT042130-30,0.9880,0.01,yes
2026-10-05T01:27:33.87416Z,KXBTC15M-26OCT042130-30,0.9880,2.08,yes
2026-10-05T01:27:33.87416Z,KXBTC15M-26OCT042130-30,0.9880,2.95,yes
2026-10-05T01:27:33.87416Z,KXBTC15M-26OCT042130-30,0.9880,0.01,yes
2026-10-05T01:27:33.92472Z,KXBTC15M-26OCT042130-30,0.9870,34.41,no
2026-10-05T01:27:33.92472Z,KXBTC15M-26OCT042130-30,0.9870,37.53,no
2026-10-05T01:27:33.92472Z,KXBTC15M-26OCT042130-30,0.9870,0.01,no
2026-10-05T01:27:33.93796Z,KXBTC15M-26OCT042130-30,0.9870,50.00,no
2026-10-05T01:27:33.971109Z,KXBTC15M-26OCT042130-30,0.9870,143.90,no
2026-10-05T01:27:34.020439Z,KXBTC15M-26OCT042130-30,0.9870,271.69,no
2026-10-05T01:27:34.020439Z,KXBTC15M-26OCT042130-30,0.9870,15.00,no
2026-10-05T01:27:34.020439Z,KXBTC15M-26OCT042130-30,0.9870,106.31,no
2026-10-05T01:27:34.03545Z,KXBTC15M-26OCT042130-30,0.9880,37.24,yes
2026-10-05T01:27:34.046273Z,KXBTC15M-26OCT042130-30,0.9870,0.01,no
2026-10-05T01:27:34.046273Z,KXBTC15M-26OCT042130-30,0.9870,1.00,no
2026-10-05T01:27:34.046273Z,KXBTC15M-26OCT042130-30,0.9870,0.01,no
2026-10-05T01:27:34.046273Z,KXBTC15M-26OCT042130-30,0.9870,12.41,no
2026-10-05T01:27:34.139876Z,KXBTC15M-26OCT042130-30,0.9860,27.05,no
2026-10-05T01:27:34.139876Z,KXBTC15M-26OCT042130-30,0.9870,1.00,no
2026-10-05T01:27:34.139876Z,KXBTC15M-26OCT042130-30,0.9870,2.59,no
2026-10-05T01:27:34.139876Z,KXBTC15M-26OCT042130-30,0.9870,0.01,no
2026-10-05T01:27:34.139876Z,KXBTC15M-26OCT042130-30,0.9870,0.01,no
2026-10-05T01:27:34.139876Z,KXBTC15M-26OCT042130-30,0.9870,15.00,no
2026-10-05T01:27:34.407625Z,KXBTC15M-26OCT042130-30,0.9880,141.94,yes
2026-10-05T01:27:34.407625Z,KXBTC15M-26OCT042130-30,0.9880,200.00,yes
2026-10-05T01:27:34.407625Z,KXBTC15M-26OCT042130-30,0.9880,0.01,yes
2026-10-05T01:27:34.407625Z,KXBTC15M-26OCT042130-30,0.9880,264.81,yes
2026-10-05T01:27:34.407625Z,KXBTC15M-26OCT042130-30,0.9880,0.01,yes
2026-10-05T01:27:34.411971Z,KXBTC15M-26OCT042130-30,0.9860,8.00,no
2026-10-05T01:27:34.411971Z,KXBTC15M-26OCT042130-30,0.9860,1.00,no
2026-10-05T01:27:34.411971Z,KXBTC15M-26OCT042130-30,0.9860,41.66,no
2026-10-05T01:27:34.411971Z,KXBTC15M-26OCT042130-30,0.9870,15.00,no
2026-10-05T01:27:34.411971Z,KXBTC15M-26OCT042130-30,0.9870,1.00,no
2026-10-05T01:27:34.411971Z,KXBTC15M-26OCT042130-30,0.9870,0.01,no
2026-10-05T01:27:34.411971Z,KXBTC15M-26OCT042130-30,0.9870,0.01,no
2026-10-05T01:27:34.42478Z,KXBTC15M-26OCT042130-30,0.9870,4.68,no
2026-10-05T01:27:34.433758Z,KXBTC15M-26OCT042130-30,0.9880,3.07,yes
2026-10-05T01:27:34.446181Z,KXBTC15M-26OCT042130-30,0.9870,71.95,no
2026-10-05T01:27:34.483504Z,KXBTC15M-26OCT042130-30,0.9870,352.56,no
2026-10-05T01:27:34.48811Z,KXBTC15M-26OCT042130-30,0.9870,15.00,no
2026-10-05T01:27:34.48811Z,KXBTC15M-26OCT042130-30,0.9870,500.00,no
2026-10-05T01:27:34.48811Z,KXBTC15M-26OCT042130-30,0.9870,38.81,no
2026-10-05T01:27:34.48811Z,KXBTC15M-26OCT042130-30,0.9870,1.00,no
2026-10-05T01:27:34.48811Z,KXBTC15M-26OCT042130-30,0.9870,0.01,no
2026-10-05T01:27:34.48811Z,KXBTC15M-26OCT042130-30,0.9870,0.01,no
2026-10-05T01:27:34.495552Z,KXBTC15M-26OCT042130-30,0.9880,11.93,yes
2026-10-05T01:27:34.495552Z,KXBTC15M-26OCT042130-30,0.9880,10.95,yes
2026-10-05T01:27:34.598514Z,KXBTC15M-26OCT042130-30,0.9860,35.97,no
2026-10-05T01:27:34.598514Z,KXBTC15M-26OCT042130-30,0.9870,0.01,no
2026-10-05T01:27:34.598514Z,KXBTC15M-26OCT042130-30,0.9860,1.00,no
2026-10-05T01:27:34.598514Z,KXBTC15M-26OCT042130-30,0.9860,0.01,no
2026-10-05T01:27:34.598514Z,KXBTC15M-26OCT042130-30,0.9870,15.00,no
2026-10-05T01:27:34.598514Z,KXBTC15M-26OCT042130-30,0.9860,0.01,no
2026-10-05T01:27:34.671599Z,KXBTC15M-26OCT042130-30,0.9870,0.01,no
2026-10-05T01:27:34.671599Z,KXBTC15M-26OCT042130-30,0.9860,44.45,no
2026-10-05T01:27:34.671599Z,KXBTC15M-26OCT042130-30,0.9870,15.00,no
2026-10-05T01:27:34.671599Z,KXBTC15M-26OCT042130-30,0.9860,8.00,no
2026-10-05T01:27:34.721523Z,KXBTC15M-26OCT042130-30,0.9890,28.00,yes
2026-10-05T01:27:34.721523Z,KXBTC15M-26OCT042130-30,0.9890,275.70,yes
2026-10-05T01:27:34.721523Z,KXBTC15M-26OCT042130-30,0.9890,138.00,yes
2026-10-05T01:27:34.721523Z,KXBTC15M-26OCT042130-30,0.9890,200.00,yes
2026-10-05T01:27:34.721523Z,KXBTC15M-26OCT042130-30,0.9890,12.00,yes
2026-10-05T01:27:34.721523Z,KXBTC15M-26OCT042130-30,0.9880,200.00,yes
2026-10-05T01:27:34.721523Z,KXBTC15M-26OCT042130-30,0.9880,15.00,yes
2026-10-05T01:27:34.721523Z,KXBTC15M-26OCT042130-30,0.9880,15.00,yes
2026-10-05T01:27:34.721523Z,KXBTC15M-26OCT042130-30,0.9880,0.01,yes
2026-10-05T01:27:34.721523Z,KXBTC15M-26OCT042130-30,0.9880,15.00,yes
2026-10-05T01:27:34.721523Z,KXBTC15M-26OCT042130-30,0.9880,2.00,yes
2026-10-05T01:27:34.721523Z,KXBTC15M-26OCT042130-30,0.9880,0.01,yes
2026-10-05T01:27:34.721523Z,KXBTC15M-26OCT042130-30,0.9880,15.00,yes
2026-10-05T01:27:34.721523Z,KXBTC15M-26OCT042130-30,0.9880,400.00,yes
2026-10-05T01:27:34.721523Z,KXBTC15M-26OCT042130-30,0.9880,15.00,yes
2026-10-05T01:27:34.721523Z,KXBTC15M-26OCT042130-30,0.9880,15.00,yes
2026-10-05T01:27:34.721523Z,KXBTC15M-26OCT042130-30,0.9880,4.05,yes
2026-10-05T01:27:34.721523Z,KXBTC15M-26OCT042130-30,0.9880,305.00,yes
2026-10-05T01:27:34.721523Z,KXBTC15M-26OCT042130-30,0.9900,326.72,yes
2026-10-05T01:27:34.747922Z,KXBTC15M-26OCT042130-30,0.9850,15.00,no
2026-10-05T01:27:34.747922Z,KXBTC15M-26OCT042130-30,0.9850,222.00,no
2026-10-05T01:27:34.747922Z,KXBTC15M-26OCT042130-30,0.9850,1.00,no
2026-10-05T01:27:34.747922Z,KXBTC15M-26OCT042130-30,0.9870,15.00,no
2026-10-05T01:27:34.747922Z,KXBTC15M-26OCT042130-30,0.9870,0.01,no
2026-10-05T01:27:34.747922Z,KXBTC15M-26OCT042130-30,0.9870,0.01,no
2026-10-05T01:27:34.747922Z,KXBTC15M-26OCT042130-30,0.9860,140.00,no
2026-10-05T01:27:34.747922Z,KXBTC15M-26OCT042130-30,0.9850,242.75,no
2026-10-05T01:27:34.747922Z,KXBTC15M-26OCT042130-30,0.9860,1000.00,no
2026-10-05T01:27:34.80682Z,KXBTC15M-26OCT042130-30,0.9870,11.61,no
2026-10-05T01:27:34.80682Z,KXBTC15M-26OCT042130-30,0.9870,15.00,no
2026-10-05T01:27:34.80682Z,KXBTC15M-26OCT042130-30,0.9870,0.01,no
2026-10-05T01:27:34.855216Z,KXBTC15M-26OCT042130-30,0.9880,13.93,yes
2026-10-05T01:27:34.855216Z,KXBTC15M-26OCT042130-30,0.9880,12.00,yes
2026-10-05T01:27:34.855216Z,KXBTC15M-26OCT042130-30,0.9880,0.01,yes
2026-10-05T01:27:34.898916Z,KXBTC15M-26OCT042130-30,0.9870,3.39,no
2026-10-05T01:27:34.898916Z,KXBTC15M-26OCT042130-30,0.9870,11.76,no
2026-10-05T01:27:34.898916Z,KXBTC15M-26OCT042130-30,0.9870,0.01,no
2026-10-05T01:27:34.949575Z,KXBTC15M-26OCT042130-30,0.9880,1.07,yes
2026-10-05T01:27:34.949575Z,KXBTC15M-26OCT042130-30,0.9880,0.01,yes
2026-10-05T01:27:34.949575Z,KXBTC15M-26OCT042130-30,0.9880,88.41,yes
2026-10-05T01:27:35.102426Z,KXBTC15M-26OCT042130-30,0.9870,3.24,no
2026-10-05T01:27:35.102426Z,KXBTC15M-26OCT042130-30,0.9870,0.01,no
2026-10-05T01:27:35.102426Z,KXBTC15M-26OCT042130-30,0.9870,0.01,no
2026-10-05T01:27:35.112619Z,KXBTC15M-26OCT042130-30,0.9860,0.01,no
2026-10-05T01:27:35.112619Z,KXBTC15M-26OCT042130-30,0.9860,0.01,no
2026-10-05T01:27:35.112619Z,KXBTC15M-26OCT042130-30,0.9860,8.00,no
2026-10-05T01:27:35.112619Z,KXBTC15M-26OCT042130-30,0.9850,141.02,no
2026-10-05T01:27:35.281622Z,KXBTC15M-26OCT042130-30,0.9860,101.01,no
2026-10-05T01:27:35.281622Z,KXBTC15M-26OCT042130-30,0.9860,24.00,no
2026-10-05T01:27:35.320063Z,KXBTC15M-26OCT042130-30,0.9880,15.00,yes
2026-10-05T01:27:35.320063Z,KXBTC15M-26OCT042130-30,0.9880,44.66,yes
2026-10-05T01:27:35.321768Z,KXBTC15M-26OCT042130-30,0.9860,84.46,no
2026-10-05T01:27:35.321768Z,KXBTC15M-26OCT042130-30,0.9860,100.00,no
2026-10-05T01:27:35.342793Z,KXBTC15M-26OCT042130-30,0.9880,22.36,yes
2026-10-05T01:27:35.343406Z,KXBTC15M-26OCT042130-30,0.9880,15.51,yes
2026-10-05T01:27:35.366541Z,KXBTC15M-26OCT042130-30,0.9860,8.00,no
2026-10-05T01:27:35.366541Z,KXBTC15M-26OCT042130-30,0.9860,21.59,no
2026-10-05T01:27:35.418457Z,KXBTC15M-26OCT042130-30,0.9860,7.04,no
2026-10-05T01:27:35.434288Z,KXBTC15M-26OCT042130-30,0.9870,2.02,yes
2026-10-05T01:27:35.444347Z,KXBTC15M-26OCT042130-30,0.9860,7.04,no
2026-10-05T01:27:35.627155Z,KXBTC15M-26OCT042130-30,0.9870,33.62,yes
2026-10-05T01:27:35.638419Z,KXBTC15M-26OCT042130-30,0.9870,1.00,yes
2026-10-05T01:27:35.665186Z,KXBTC15M-26OCT042130-30,0.9870,17.34,yes
2026-10-05T01:27:35.694241Z,KXBTC15M-26OCT042130-30,0.9870,0.20,yes
2026-10-05T01:27:35.752159Z,KXBTC15M-26OCT042130-30,0.9870,229.45,yes
2026-10-05T01:27:35.860316Z,KXBTC15M-26OCT042130-30,0.9860,1.00,no
2026-10-05T01:27:35.860316Z,KXBTC15M-26OCT042130-30,0.9860,0.92,no
2026-10-05T01:27:35.860316Z,KXBTC15M-26OCT042130-30,0.9860,6.34,no
2026-10-05T01:27:35.879516Z,KXBTC15M-26OCT042130-30,0.9870,15.00,yes
2026-10-05T01:27:35.879516Z,KXBTC15M-26OCT042130-30,0.9870,196.61,yes
2026-10-05T01:27:35.879516Z,KXBTC15M-26OCT042130-30,0.9870,0.01,yes
2026-10-05T01:27:35.879516Z,KXBTC15M-26OCT042130-30,0.9870,0.01,yes
2026-10-05T01:27:35.879516Z,KXBTC15M-26OCT042130-30,0.9870,280.37,yes
2026-10-05T01:27:35.879516Z,KXBTC15M-26OCT042130-30,0.9870,500.00,yes
2026-10-05T01:27:35.925267Z,KXBTC15M-26OCT042130-30,0.9860,65.48,no
2026-10-05T01:27:35.930027Z,KXBTC15M-26OCT042130-30,0.9860,2.77,no
2026-10-05T01:27:35.945119Z,KXBTC15M-26OCT042130-30,0.9870,0.01,yes
2026-10-05T01:27:35.945119Z,KXBTC15M-26OCT042130-30,0.9880,32.98,yes
2026-10-05T01:27:35.945119Z,KXBTC15M-26OCT042130-30,0.9870,0.01,yes
2026-10-05T01:27:35.945119Z,KXBTC15M-26OCT042130-30,0.9870,15.00,yes
2026-10-05T01:27:35.945119Z,KXBTC15M-26OCT042130-30,0.9880,12.00,yes
2026-10-05T01:27:35.945119Z,KXBTC15M-26OCT042130-30,0.9880,15.00,yes
2026-10-05T01:27:35.971068Z,KXBTC15M-26OCT042130-30,0.9880,0.01,yes
2026-10-05T01:27:35.971068Z,KXBTC15M-26OCT042130-30,0.9880,147.53,yes
2026-10-05T01:27:35.97484Z,KXBTC15M-26OCT042130-30,0.9880,4.95,yes
2026-10-05T01:27:36.095996Z,KXBTC15M-26OCT042130-30,0.9870,14.98,no
2026-10-05T01:27:36.099829Z,KXBTC15M-26OCT042130-30,0.9870,15.00,no
2026-10-05T01:27:36.10502Z,KXBTC15M-26OCT042130-30,0.9870,5.34,no
2026-10-05T01:27:36.178557Z,KXBTC15M-26OCT042130-30,0.9870,15.00,no
2026-10-05T01:27:36.178557Z,KXBTC15M-26OCT042130-30,0.9870,0.01,no
2026-10-05T01:27:36.178557Z,KXBTC15M-26OCT042130-30,0.9870,15.00,no
2026-10-05T01:27:36.178557Z,KXBTC15M-26OCT042130-30,0.9870,493.52,no
2026-10-05T01:27:36.238609Z,KXBTC15M-26OCT042130-30,0.9880,0.01,yes
2026-10-05T01:27:36.238609Z,KXBTC15M-26OCT042130-30,0.9880,0.01,yes
2026-10-05T01:27:36.238609Z,KXBTC15M-26OCT042130-30,0.9880,100.00,yes
2026-10-05T01:27:36.238609Z,KXBTC15M-26OCT042130-30,0.9880,15.00,yes
2026-10-05T01:27:36.238609Z,KXBTC15M-26OCT042130-30,0.9880,400.00,yes
2026-10-05T01:27:36.238609Z,KXBTC15M-26OCT042130-30,0.9880,15.00,yes
2026-10-05T01:27:36.249593Z,KXBTC15M-26OCT042130-30,0.9870,29.79,no
2026-10-05T01:27:36.249593Z,KXBTC15M-26OCT042130-30,0.9880,0.01,no
2026-10-05T01:27:36.249593Z,KXBTC15M-26OCT042130-30,0.9880,94.98,no
2026-10-05T01:27:36.275203Z,KXBTC15M-26OCT042130-30,0.9880,15.00,no
2026-10-05T01:27:36.275203Z,KXBTC15M-26OCT042130-30,0.9880,0.01,no
2026-10-05T01:27:36.275203Z,KXBTC15M-26OCT042130-30,0.9870,63.23,no
2026-10-05T01:27:36.275203Z,KXBTC15M-26OCT042130-30,0.9870,49.92,no
2026-10-05T01:27:36.275203Z,KXBTC15M-26OCT042130-30,0.9880,0.01,no
2026-10-05T01:27:36.287406Z,KXBTC15M-26OCT042130-30,0.9870,2.53,no
2026-10-05T01:27:36.309407Z,KXBTC15M-26OCT042130-30,0.9890,12.00,yes
2026-10-05T01:27:36.309407Z,KXBTC15M-26OCT042130-30,0.9890,333.00,yes
2026-10-05T01:27:36.309407Z,KXBTC15M-26OCT042130-30,0.9890,144.28,yes
2026-10-05T01:27:36.309407Z,KXBTC15M-26OCT042130-30,0.9890,0.01,yes
2026-10-05T01:27:36.309407Z,KXBTC15M-26OCT042130-30,0.9890,0.01,yes
2026-10-05T01:27:36.438996Z,KXBTC15M-26OCT042130-30,0.9890,31.46,yes
2026-10-05T01:27:36.487007Z,KXBTC15M-26OCT042130-30,0.9880,211.00,no
2026-10-05T01:27:36.59672Z,KXBTC15M-26OCT042130-30,0.9890,15.00,yes
2026-10-05T01:27:36.59672Z,KXBTC15M-26OCT042130-30,0.9890,15.00,yes
2026-10-05T01:27:36.59672Z,KXBTC15M-26OCT042130-30,0.9890,0.01,yes
2026-10-05T01:27:36.59672Z,KXBTC15M-26OCT042130-30,0.9890,161.44,yes
2026-10-05T01:27:36.59672Z,KXBTC15M-26OCT042130-30,0.9890,12.00,yes
2026-10-05T01:27:36.59672Z,KXBTC15M-26OCT042130-30,0.9890,368.54,yes
2026-10-05T01:27:36.59672Z,KXBTC15M-26OCT042130-30,0.9890,0.01,yes
2026-10-05T01:27:36.59672Z,KXBTC15M-26OCT042130-30,0.9900,914.16,yes
2026-10-05T01:27:36.822812Z,KXBTC15M-26OCT042130-30,0.9880,0.01,no
2026-10-05T01:27:36.822812Z,KXBTC15M-26OCT042130-30,0.9880,215.84,no
2026-10-05T01:27:36.822812Z,KXBTC15M-26OCT042130-30,0.9880,0.01,no
2026-10-05T01:27:36.835608Z,KXBTC15M-26OCT042130-30,0.9880,0.10,no
2026-10-05T01:27:36.841306Z,KXBTC15M-26OCT042130-30,0.9880,43.71,no
2026-10-05T01:27:36.841306Z,KXBTC15M-26OCT042130-30,0.9880,108.06,no
2026-10-05T01:27:36.841306Z,KXBTC15M-26OCT042130-30,0.9880,1.00,no
2026-10-05T01:27:36.900428Z,KXBTC15M-26OCT042130-30,0.9880,15.00,no
2026-10-05T01:27:36.900428Z,KXBTC15M-26OCT042130-30,0.9880,135.00,no
2026-10-05T01:27:36.900428Z,KXBTC15M-26OCT042130-30,0.9880,0.01,no
2026-10-05T01:27:36.900428Z,KXBTC15M-26OCT042130-30,0.9880,15.00,no
2026-10-05T01:27:36.900428Z,KXBTC15M-26OCT042130-30,0.9880,0.01,no
2026-10-05T01:27:36.900428Z,KXBTC15M-26OCT042130-30,0.9880,156.29,no
2026-10-05T01:27:36.900428Z,KXBTC15M-26OCT042130-30,0.9880,1.00,no
2026-10-05T01:27:36.900428Z,KXBTC15M-26OCT042130-30,0.9880,67.40,no
2026-10-05T01:27:37.008906Z,KXBTC15M-26OCT042130-30,0.9890,0.01,yes
2026-10-05T01:27:37.008906Z,KXBTC15M-26OCT042130-30,0.9890,0.01,yes
2026-10-05T01:27:37.008906Z,KXBTC15M-26OCT042130-30,0.9890,12.00,yes
2026-10-05T01:27:37.008906Z,KXBTC15M-26OCT042130-30,0.9890,54.66,yes
2026-10-05T01:27:37.041292Z,KXBTC15M-26OCT042130-30,0.9880,0.01,no
2026-10-05T01:27:37.041292Z,KXBTC15M-26OCT042130-30,0.9880,0.81,no
2026-10-05T01:27:37.1483Z,KXBTC15M-26OCT042130-30,0.9880,0.19,no
2026-10-05T01:27:37.1483Z,KXBTC15M-26OCT042130-30,0.9870,68.40,no
2026-10-05T01:27:37.1483Z,KXBTC15M-26OCT042130-30,0.9880,15.00,no
2026-10-05T01:27:37.1483Z,KXBTC15M-26OCT042130-30,0.9880,15.00,no
2026-10-05T01:27:37.1483Z,KXBTC15M-26OCT042130-30,0.9880,0.01,no
2026-10-05T01:27:37.1483Z,KXBTC15M-26OCT042130-30,0.9880,0.01,no
2026-10-05T01:27:37.155673Z,KXBTC15M-26OCT042130-30,0.9870,19.99,no
2026-10-05T01:27:37.155673Z,KXBTC15M-26OCT042130-30,0.9880,0.01,no
2026-10-05T01:27:37.340682Z,KXBTC15M-26OCT042130-30,0.9870,127.47,no
2026-10-05T01:27:37.340682Z,KXBTC15M-26OCT042130-30,0.9880,15.00,no
2026-10-05T01:27:37.340682Z,KXBTC15M-26OCT042130-30,0.9880,1.00,no
2026-10-05T01:27:37.360957Z,KXBTC15M-26OCT042130-30,0.9890,0.93,yes
2026-10-05T01:27:37.450285Z,KXBTC15M-26OCT042130-30,0.9890,216.34,yes
2026-10-05T01:27:37.48844Z,KXBTC15M-26OCT042130-30,0.9890,0.09,yes
2026-10-05T01:27:37.495397Z,KXBTC15M-26OCT042130-30,0.9890,285.53,yes
2026-10-05T01:27:37.495397Z,KXBTC15M-26OCT042130-30,0.9890,127.98,yes
2026-10-05T01:27:37.495397Z,KXBTC15M-26OCT042130-30,0.9890,148.38,yes
2026-10-05T01:27:37.508409Z,KXBTC15M-26OCT042130-30,0.9870,56.61,no
2026-10-05T01:27:37.508409Z,KXBTC15M-26OCT042130-30,0.9880,15.00,no
2026-10-05T01:27:37.508409Z,KXBTC15M-26OCT042130-30,0.9880,1.00,no
2026-10-05T01:27:37.53144Z,KXBTC15M-26OCT042130-30,0.9880,26.88,no
2026-10-05T01:27:37.54672Z,KXBTC15M-26OCT042130-30,0.9900,437.59,yes
2026-10-05T01:27:37.54672Z,KXBTC15M-26OCT042130-30,0.9900,4.00,yes
2026-10-05T01:27:37.54672Z,KXBTC15M-26OCT042130-30,0.9900,1.00,yes
2026-10-05T01:27:37.54672Z,KXBTC15M-26OCT042130-30,0.9900,1.00,yes
2026-10-05T01:27:37.54672Z,KXBTC15M-26OCT042130-30,0.9900,4.00,yes
2026-10-05T01:27:37.54672Z,KXBTC15M-26OCT042130-30,0.9900,25.00,yes
2026-10-05T01:27:37.54672Z,KXBTC15M-26OCT042130-30,0.9900,17.00,yes
2026-10-05T01:27:37.54672Z,KXBTC15M-26OCT042130-30,0.9890,500.00,yes
2026-10-05T01:27:37.54672Z,KXBTC15M-26OCT042130-30,0.9890,15.00,yes
2026-10-05T01:27:37.54672Z,KXBTC15M-26OCT042130-30,0.9890,47.47,yes
2026-10-05T01:27:37.54672Z,KXBTC15M-26OCT042130-30,0.9890,15.00,yes
2026-10-05T01:27:37.54672Z,KXBTC15M-26OCT042130-30,0.9890,400.00,yes
2026-10-05T01:27:37.54672Z,KXBTC15M-26OCT042130-30,0.9890,15.00,yes
2026-10-05T01:27:37.54672Z,KXBTC15M-26OCT042130-30,0.9890,15.00,yes
2026-10-05T01:27:37.54672Z,KXBTC15M-26OCT042130-30,0.9890,15.00,yes
2026-10-05T01:27:37.54672Z,KXBTC15M-26OCT042130-30,0.9890,149.96,yes
2026-10-05T01:27:37.54672Z,KXBTC15M-26OCT042130-30,0.9890,12.00,yes
2026-10-05T01:27:37.54672Z,KXBTC15M-26OCT042130-30,0.9890,0.01,yes
2026-10-05T01:27:37.54672Z,KXBTC15M-26OCT042130-30,0.9890,0.01,yes
2026-10-05T01:27:37.54672Z,KXBTC15M-26OCT042130-30,0.9890,15.00,yes
2026-10-05T01:27:37.54672Z,KXBTC15M-26OCT042130-30,0.9890,100.00,yes
2026-10-05T01:27:37.54672Z,KXBTC15M-26OCT042130-30,0.9900,6.00,yes
2026-10-05T01:27:37.54672Z,KXBTC15M-26OCT042130-30,0.9900,6.00,yes
2026-10-05T01:27:37.54672Z,KXBTC15M-26OCT042130-30,0.9900,20.00,yes
2026-10-05T01:27:37.54672Z,KXBTC15M-26OCT042130-30,0.9900,279.73,yes
2026-10-05T01:27:37.54672Z,KXBTC15M-26OCT042130-30,0.9900,50.00,yes
2026-10-05T01:27:37.54672Z,KXBTC15M-26OCT042130-30,0.9900,1.08,yes
2026-10-05T01:27:37.54672Z,KXBTC15M-26OCT042130-30,0.9900,10.00,yes
2026-10-05T01:27:37.54672Z,KXBTC15M-26OCT042130-30,0.9900,5.00,yes
2026-10-05T01:27:37.54672Z,KXBTC15M-26OCT042130-30,0.9900,3248.15,yes
2026-10-05T01:27:37.548742Z,KXBTC15M-26OCT042130-30,0.9920,500.00,yes
2026-10-05T01:27:37.548742Z,KXBTC15M-26OCT042130-30,0.9900,62.41,yes
2026-10-05T01:27:37.548742Z,KXBTC15M-26OCT042130-30,0.9910,10.00,yes
2026-10-05T01:27:37.548742Z,KXBTC15M-26OCT042130-30,0.9910,2.00,yes
2026-10-05T01:27:37.548742Z,KXBTC15M-26OCT042130-30,0.9910,10.00,yes
2026-10-05T01:27:37.548742Z,KXBTC15M-26OCT042130-30,0.9900,100.00,yes
2026-10-05T01:27:37.548742Z,KXBTC15M-26OCT042130-30,0.9920,2.00,yes
2026-10-05T01:27:37.548742Z,KXBTC15M-26OCT042130-30,0.9920,2.00,yes
2026-10-05T01:27:37.548742Z,KXBTC15M-26OCT042130-30,0.9900,45.00,yes
2026-10-05T01:27:37.548742Z,KXBTC15M-26OCT042130-30,0.9910,17.00,yes
2026-10-05T01:27:37.548742Z,KXBTC15M-26OCT042130-30,0.9910,2.00,yes
2026-10-05T01:27:37.548742Z,KXBTC15M-26OCT042130-30,0.9900,427.00,yes
2026-10-05T01:27:37.548742Z,KXBTC15M-26OCT042130-30,0.9910,100.00,yes
2026-10-05T01:27:37.548742Z,KXBTC15M-26OCT042130-30,0.9900,148.38,yes
2026-10-05T01:27:37.548742Z,KXBTC15M-26OCT042130-30,0.9900,4.00,yes
2026-10-05T01:27:37.548742Z,KXBTC15M-26OCT042130-30,0.9930,873.69,yes
2026-10-05T01:27:37.559953Z,KXBTC15M-26OCT042130-30,0.9890,36.86,no
2026-10-05T01:27:37.5739Z,KXBTC15M-26OCT042130-30,0.9900,0.01,yes
2026-10-05T01:27:37.5739Z,KXBTC15M-26OCT042130-30,0.9900,0.01,yes
2026-10-05T01:27:37.5739Z,KXBTC15M-26OCT042130-30,0.9900,0.96,yes
2026-10-05T01:27:37.576365Z,KXBTC15M-26OCT042130-30,0.9890,15.00,no
2026-10-05T01:27:37.576365Z,KXBTC15M-26OCT042130-30,0.9890,227.97,no
2026-10-05T01:27:37.576365Z,KXBTC15M-26OCT042130-30,0.9880,0.01,no
2026-10-05T01:27:37.576365Z,KXBTC15M-26OCT042130-30,0.9890,516.00,no
2026-10-05T01:27:37.576365Z,KXBTC15M-26OCT042130-30,0.9880,0.01,no
2026-10-05T01:27:37.576365Z,KXBTC15M-26OCT042130-30,0.9880,158.12,no
2026-10-05T01:27:37.576365Z,KXBTC15M-26OCT042130-30,0.9880,197.71,no
2026-10-05T01:27:37.576365Z,KXBTC15M-26OCT042130-30,0.9880,15.00,no
2026-10-05T01:27:37.625001Z,KXBTC15M-26OCT042130-30,0.9900,10.56,yes
2026-10-05T01:27:37.652928Z,KXBTC15M-26OCT042130-30,0.9890,73.86,no
2026-10-05T01:27:37.746262Z,KXBTC15M-26OCT042130-30,0.9890,72.84,no
2026-10-05T01:27:37.768552Z,KXBTC15M-26OCT042130-30,0.9900,38.48,yes
2026-10-05T01:27:37.768552Z,KXBTC15M-26OCT042130-30,0.9900,213.53,yes
2026-10-05T01:27:37.951885Z,KXBTC15M-26OCT042130-30,0.9890,2.01,no
2026-10-05T01:27:38.047405Z,KXBTC15M-26OCT042130-30,0.9900,0.01,yes
2026-10-05T01:27:38.047405Z,KXBTC15M-26OCT042130-30,0.9900,0.01,yes
2026-10-05T01:27:38.047405Z,KXBTC15M-26OCT042130-30,0.9900,202.12,yes
2026-10-05T01:27:38.047405Z,KXBTC15M-26OCT042130-30,0.9900,186.47,yes
2026-10-05T01:27:38.063423Z,KXBTC15M-26OCT042130-30,0.9890,72.84,no
2026-10-05T01:27:38.096227Z,KXBTC15M-26OCT042130-30,0.9890,229.61,no
2026-10-05T01:27:38.110479Z,KXBTC15M-26OCT042130-30,0.9900,55.87,yes
2026-10-05T01:27:38.118091Z,KXBTC15M-26OCT042130-30,0.9890,66.65,no
2026-10-05T01:27:38.122781Z,KXBTC15M-26OCT042130-30,0.9890,5.17,no
2026-10-05T01:27:38.126789Z,KXBTC15M-26OCT042130-30,0.9900,50.46,yes
2026-10-05T01:27:38.132668Z,KXBTC15M-26OCT042130-30,0.9880,15.00,no
2026-10-05T01:27:38.132668Z,KXBTC15M-26OCT042130-30,0.9890,0.01,no
2026-10-05T01:27:38.132668Z,KXBTC15M-26OCT042130-30,0.9890,15.00,no
2026-10-05T01:27:38.132668Z,KXBTC15M-26OCT042130-30,0.9890,350.71,no
2026-10-05T01:27:38.132668Z,KXBTC15M-26OCT042130-30,0.9880,10.87,no
2026-10-05T01:27:38.132668Z,KXBTC15M-26OCT042130-30,0.9890,0.01,no
2026-10-05T01:27:38.132668Z,KXBTC15M-26OCT042130-30,0.9890,25.00,no
2026-10-05T01:27:38.148356Z,KXBTC15M-26OCT042130-30,0.9890,8.33,no
2026-10-05T01:27:38.232597Z,KXBTC15M-26OCT042130-30,0.9890,1.33,no
2026-10-05T01:27:38.232597Z,KXBTC15M-26OCT042130-30,0.9890,6.67,no
2026-10-05T01:27:38.290054Z,KXBTC15M-26OCT042130-30,0.9890,0.01,no
2026-10-05T01:27:38.290054Z,KXBTC15M-26OCT042130-30,0.9890,15.00,no
2026-10-05T01:27:38.290054Z,KXBTC15M-26OCT042130-30,0.9890,0.01,no
2026-10-05T01:27:38.290054Z,KXBTC15M-26OCT042130-30,0.9890,13.67,no
2026-10-05T01:27:38.299372Z,KXBTC15M-26OCT042130-30,0.9870,8.00,no
2026-10-05T01:27:38.299372Z,KXBTC15M-26OCT042130-30,0.9870,268.04,no
2026-10-05T01:27:38.299372Z,KXBTC15M-26OCT042130-30,0.9870,86.00,no
2026-10-05T01:27:38.299372Z,KXBTC15M-26OCT042130-30,0.9870,15.00,no
2026-10-05T01:27:38.299372Z,KXBTC15M-26OCT042130-30,0.9870,500.00,no
2026-10-05T01:27:38.299372Z,KXBTC15M-26OCT042130-30,0.9870,292.40,no
2026-10-05T01:27:38.306929Z,KXBTC15M-26OCT042130-30,0.9860,22.60,no
2026-10-05T01:27:38.306929Z,KXBTC15M-26OCT042130-30,0.9860,2.00,no
2026-10-05T01:27:38.306929Z,KXBTC15M-26OCT042130-30,0.9870,0.01,no
2026-10-05T01:27:38.473659Z,KXBTC15M-26OCT042130-30,0.9870,0.83,no
2026-10-05T01:27:38.559987Z,KXBTC15M-26OCT042130-30,0.9890,8.05,yes
2026-10-05T01:27:38.56793Z,KXBTC15M-26OCT042130-30,0.9890,25.88,yes
2026-10-05T01:27:38.660258Z,KXBTC15M-26OCT042130-30,0.9870,93.97,no
2026-10-05T01:27:38.710384Z,KXBTC15M-26OCT042130-30,0.9870,5.04,no
2026-10-05T01:27:38.710384Z,KXBTC15M-26OCT042130-30,0.9870,14.00,no
2026-10-05T01:27:38.713244Z,KXBTC15M-26OCT042130-30,0.9870,71.95,no
2026-10-05T01:27:38.820987Z,KXBTC15M-26OCT042130-30,0.9870,35.97,no
2026-10-05T01:27:38.858092Z,KXBTC15M-26OCT042130-30,0.9880,7.31,yes
2026-10-05T01:27:38.947796Z,KXBTC15M-26OCT042130-30,0.9870,21.52,no
2026-10-05T01:27:38.947796Z,KXBTC15M-26OCT042130-30,0.9870,8.00,no
2026-10-05T01:27:38.947796Z,KXBTC15M-26OCT042130-30,0.9870,164.00,no
2026-10-05T01:27:38.947796Z,KXBTC15M-26OCT042130-30,0.9870,87.04,no
2026-10-05T01:27:38.947796Z,KXBTC15M-26OCT042130-30,0.9870,72.00,no
2026-10-05T01:27:38.972107Z,KXBTC15M-26OCT042130-30,0.9880,31.73,yes
2026-10-05T01:27:38.998725Z,KXBTC15M-26OCT042130-30,0.9870,478.48,no
2026-10-05T01:27:38.998725Z,KXBTC15M-26OCT042130-30,0.9870,193.28,no
2026-10-05T01:27:38.998725Z,KXBTC15M-26OCT042130-30,0.9870,15.00,no
2026-10-05T01:27:38.998725Z,KXBTC15M-26OCT042130-30,0.9870,14.00,no
2026-10-05T01:27:39.0101Z,KXBTC15M-26OCT042130-30,0.9880,151.69,yes
2026-10-05T01:27:39.16239Z,KXBTC15M-26OCT042130-30,0.9870,5.72,no
2026-10-05T01:27:39.16239Z,KXBTC15M-26OCT042130-30,0.9870,68.00,no
2026-10-05T01:27:39.16239Z,KXBTC15M-26OCT042130-30,0.9870,200.00,no
2026-10-05T01:27:39.16239Z,KXBTC15M-26OCT042130-30,0.9870,15.00,no
2026-10-05T01:27:39.16239Z,KXBTC15M-26OCT042130-30,0.9870,14.00,no
2026-10-05T01:27:39.24233Z,KXBTC15M-26OCT042130-30,0.9880,2.02,yes
2026-10-05T01:27:39.26957Z,KXBTC15M-26OCT042130-30,0.9870,15.00,no
2026-10-05T01:27:39.26957Z,KXBTC15M-26OCT042130-30,0.9870,12.95,no
2026-10-05T01:27:39.26957Z,KXBTC15M-26OCT042130-30,0.9870,14.00,no
2026-10-05T01:27:39.26957Z,KXBTC15M-26OCT042130-30,0.9860,25.83,no
2026-10-05T01:27:39.283006Z,KXBTC15M-26OCT042130-30,0.9860,500.00,no
2026-10-05T01:27:39.283006Z,KXBTC15M-26OCT042130-30,0.9860,13.00,no
2026-10-05T01:27:39.283006Z,KXBTC15M-26OCT042130-30,0.9860,100.00,no
2026-10-05T01:27:39.283006Z,KXBTC15M-26OCT042130-30,0.9860,200.00,no
2026-10-05T01:27:39.283006Z,KXBTC15M-26OCT042130-30,0.9860,400.00,no
2026-10-05T01:27:39.283006Z,KXBTC15M-26OCT042130-30,0.9870,15.00,no
2026-10-05T01:27:39.283006Z,KXBTC15M-26OCT042130-30,0.9860,15.00,no
2026-10-05T01:27:39.283006Z,KXBTC15M-26OCT042130-30,0.9850,768.02,no
2026-10-05T01:27:39.283006Z,KXBTC15M-26OCT042130-30,0.9860,150.00,no
2026-10-05T01:27:39.283006Z,KXBTC15M-26OCT042130-30,0.9850,15.00,no
2026-10-05T01:27:39.283006Z,KXBTC15M-26OCT042130-30,0.9860,974.17,no
2026-10-05T01:27:39.283006Z,KXBTC15M-26OCT042130-30,0.9850,2.00,no
2026-10-05T01:27:39.283006Z,KXBTC15M-26OCT042130-30,0.9850,15.00,no
2026-10-05T01:27:39.283006Z,KXBTC15M-26OCT042130-30,0.9850,500.00,no
2026-10-05T01:27:39.292134Z,KXBTC15M-26OCT042130-30,0.9880,19.05,yes
2026-10-05T01:27:39.367324Z,KXBTC15M-26OCT042130-30,0.9880,15.00,yes
2026-10-05T01:27:39.367324Z,KXBTC15M-26OCT042130-30,0.9880,15.00,yes
2026-10-05T01:27:39.367324Z,KXBTC15M-26OCT042130-30,0.9880,15.00,yes
2026-10-05T01:27:39.367324Z,KXBTC15M-26OCT042130-30,0.9880,15.00,yes
2026-10-05T01:27:39.367324Z,KXBTC15M-26OCT042130-30,0.9880,48.18,yes
2026-10-05T01:27:39.367324Z,KXBTC15M-26OCT042130-30,0.9880,0.01,yes
2026-10-05T01:27:39.367324Z,KXBTC15M-26OCT042130-30,0.9880,0.01,yes
2026-10-05T01:27:39.367324Z,KXBTC15M-26OCT042130-30,0.9880,398.20,yes
2026-10-05T01:27:39.38677Z,KXBTC15M-26OCT042130-30,0.9880,0.01,yes
2026-10-05T01:27:39.38677Z,KXBTC15M-26OCT042130-30,0.9880,0.01,yes
2026-10-05T01:27:39.38677Z,KXBTC15M-26OCT042130-30,0.9890,0.98,yes
2026-10-05T01:27:39.448493Z,KXBTC15M-26OCT042130-30,0.9890,298.09,yes
2026-10-05T01:27:39.448493Z,KXBTC15M-26OCT042130-30,0.9890,78.38,yes
2026-10-05T01:27:39.448493Z,KXBTC15M-26OCT042130-30,0.9890,15.00,yes
2026-10-05T01:27:39.470302Z,KXBTC15M-26OCT042130-30,0.9890,17.00,yes
2026-10-05T01:27:39.541209Z,KXBTC15M-26OCT042130-30,0.9890,2.02,yes
2026-10-05T01:27:39.561012Z,KXBTC15M-26OCT042130-30,0.9890,20.00,yes
2026-10-05T01:27:39.588053Z,KXBTC15M-26OCT042130-30,0.9870,69.34,no
2026-10-05T01:27:39.676726Z,KXBTC15M-26OCT042130-30,0.9890,15.00,yes
2026-10-05T01:27:39.676726Z,KXBTC15M-26OCT042130-30,0.9890,0.01,yes
2026-10-05T01:27:39.676726Z,KXBTC15M-26OCT042130-30,0.9890,0.01,yes
2026-10-05T01:27:39.676726Z,KXBTC15M-26OCT042130-30,0.9890,400.00,yes
2026-10-05T01:27:39.676726Z,KXBTC15M-26OCT042130-30,0.9890,245.60,yes
2026-10-05T01:27:39.676726Z,KXBTC15M-26OCT042130-30,0.9890,386.09,yes
2026-10-05T01:27:39.728386Z,KXBTC15M-26OCT042130-30,0.9880,15.00,no
2026-10-05T01:27:39.728386Z,KXBTC15M-26OCT042130-30,0.9880,0.01,no
2026-10-05T01:27:39.728386Z,KXBTC15M-26OCT042130-30,0.9880,0.01,no
2026-10-05T01:27:39.728386Z,KXBTC15M-26OCT042130-30,0.9870,14.00,no
2026-10-05T01:27:39.728386Z,KXBTC15M-26OCT042130-30,0.9880,92.00,no
2026-10-05T01:27:39.728386Z,KXBTC15M-26OCT042130-30,0.9870,50.66,no
2026-10-05T01:27:39.728386Z,KXBTC15M-26OCT042130-30,0.9870,270.01,no
2026-10-05T01:27:39.728386Z,KXBTC15M-26OCT042130-30,0.9870,65.00,no
2026-10-05T01:27:39.728386Z,KXBTC15M-26OCT042130-30,0.9880,164.00,no
2026-10-05T01:27:39.771976Z,KXBTC15M-26OCT042130-30,0.9880,71.95,no
2026-10-05T01:27:39.854965Z,KXBTC15M-26OCT042130-30,0.9880,13.36,no
2026-10-05T01:27:39.9288Z,KXBTC15M-26OCT042130-30,0.9890,3.03,yes
2026-10-05T01:27:39.936764Z,KXBTC15M-26OCT042130-30,0.9890,9.80,yes
2026-10-05T01:27:39.938876Z,KXBTC15M-26OCT042130-30,0.9890,33.04,yes
2026-10-05T01:27:39.938876Z,KXBTC15M-26OCT042130-30,0.9890,2.17,yes
2026-10-05T01:27:39.938876Z,KXBTC15M-26OCT042130-30,0.9890,0.01,yes
2026-10-05T01:27:39.938876Z,KXBTC15M-26OCT042130-30,0.9890,0.01,yes
2026-10-05T01:27:39.944039Z,KXBTC15M-26OCT042130-30,0.9890,53.66,yes
2026-10-05T01:27:39.944039Z,KXBTC15M-26OCT042130-30,0.9890,299.96,yes
2026-10-05T01:27:39.951899Z,KXBTC15M-26OCT042130-30,0.9890,1.01,yes
2026-10-05T01:27:39.955951Z,KXBTC15M-26OCT042130-30,0.9880,4.00,no
2026-10-05T01:27:39.955951Z,KXBTC15M-26OCT042130-30,0.9880,15.00,no
2026-10-05T01:27:39.955951Z,KXBTC15M-26OCT042130-30,0.9880,57.00,no
2026-10-05T01:27:39.955951Z,KXBTC15M-26OCT042130-30,0.9880,0.01,no
2026-10-05T01:27:39.955951Z,KXBTC15M-26OCT042130-30,0.9870,175.98,no
2026-10-05T01:27:39.955951Z,KXBTC15M-26OCT042130-30,0.9880,0.01,no
2026-10-05T01:27:39.955951Z,KXBTC15M-26OCT042130-30,0.9880,218.69,no
2026-10-05T01:27:39.955951Z,KXBTC15M-26OCT042130-30,0.9880,200.00,no
2026-10-05T01:27:39.979727Z,KXBTC15M-26OCT042130-30,0.9890,8.17,yes
2026-10-05T01:27:39.979727Z,KXBTC15M-26OCT042130-30,0.9890,0.01,yes
2026-10-05T01:27:39.979727Z,KXBTC15M-26OCT042130-30,0.9890,12.00,yes
2026-10-05T01:27:39.979727Z,KXBTC15M-26OCT042130-30,0.9890,0.01,yes
2026-10-05T01:27:40.040055Z,KXBTC15M-26OCT042130-30,0.9880,3.08,no
2026-10-05T01:27:40.040055Z,KXBTC15M-26OCT042130-30,0.9880,0.01,no
2026-10-05T01:27:40.040055Z,KXBTC15M-26OCT042130-30,0.9880,0.01,no
2026-10-05T01:27:40.150316Z,KXBTC15M-26OCT042130-30,0.9890,6.43,yes
2026-10-05T01:27:40.150316Z,KXBTC15M-26OCT042130-30,0.9890,0.01,yes
2026-10-05T01:27:40.150316Z,KXBTC15M-26OCT042130-30,0.9890,15.00,yes
2026-10-05T01:27:40.150316Z,KXBTC15M-26OCT042130-30,0.9890,6.83,yes
2026-10-05T01:27:40.150316Z,KXBTC15M-26OCT042130-30,0.9890,0.01,yes
2026-10-05T01:27:40.155435Z,KXBTC15M-26OCT042130-30,0.9890,16.52,yes
2026-10-05T01:27:40.156604Z,KXBTC15M-26OCT042130-30,0.9880,0.01,no
2026-10-05T01:27:40.156604Z,KXBTC15M-26OCT042130-30,0.9880,0.01,no
2026-10-05T01:27:40.156604Z,KXBTC15M-26OCT042130-30,0.9870,24.06,no
2026-10-05T01:27:40.156604Z,KXBTC15M-26OCT042130-30,0.9870,1.00,no
2026-10-05T01:27:40.156604Z,KXBTC15M-26OCT042130-30,0.9880,11.92,no
2026-10-05T01:27:40.156604Z,KXBTC15M-26OCT042130-30,0.9870,9.00,no
2026-10-05T01:27:40.25737Z,KXBTC15M-26OCT042130-30,0.9890,2.77,yes
2026-10-05T01:27:40.30871Z,KXBTC15M-26OCT042130-30,0.9880,0.01,no
2026-10-05T01:27:40.30871Z,KXBTC15M-26OCT042130-30,0.9880,5.16,no
2026-10-05T01:27:40.40054Z,KXBTC15M-26OCT042130-30,0.9890,19.50,yes
2026-10-05T01:27:40.425755Z,KXBTC15M-26OCT042130-30,0.9880,1.34,no
2026-10-05T01:27:40.434533Z,KXBTC15M-26OCT042130-30,0.9890,9.32,yes
2026-10-05T01:27:40.439733Z,KXBTC15M-26OCT042130-30,0.9880,0.01,no
2026-10-05T01:27:40.439733Z,KXBTC15M-26OCT042130-30,0.9880,8.50,no
2026-10-05T01:27:40.439733Z,KXBTC15M-26OCT042130-30,0.9880,0.01,no
2026-10-05T01:27:40.439733Z,KXBTC15M-26OCT042130-30,0.9870,12.00,no
2026-10-05T01:27:40.502193Z,KXBTC15M-26OCT042130-30,0.9870,1.00,no
2026-10-05T01:27:40.502193Z,KXBTC15M-26OCT042130-30,0.9880,15.00,no
2026-10-05T01:27:40.502193Z,KXBTC15M-26OCT042130-30,0.9870,56.58,no
2026-10-05T01:27:40.51527Z,KXBTC15M-26OCT042130-30,0.9870,50.00,no
2026-10-05T01:27:40.538468Z,KXBTC15M-26OCT042130-30,0.9870,0.01,no
2026-10-05T01:27:40.538468Z,KXBTC15M-26OCT042130-30,0.9870,93.42,no
2026-10-05T01:27:40.538468Z,KXBTC15M-26OCT042130-30,0.9870,1.00,no
2026-10-05T01:27:40.538468Z,KXBTC15M-26OCT042130-30,0.9870,52.81,no
2026-10-05T01:27:40.689045Z,KXBTC15M-26OCT042130-30,0.9890,0.01,yes
2026-10-05T01:27:40.689045Z,KXBTC15M-26OCT042130-30,0.9890,5.03,yes
2026-10-05T01:27:40.689045Z,KXBTC15M-26OCT042130-30,0.9890,0.01,yes
2026-10-05T01:27:40.705704Z,KXBTC15M-26OCT042130-30,0.9870,21.20,no
2026-10-05T01:27:40.74617Z,KXBTC15M-26OCT042130-30,0.9890,5.23,yes
2026-10-05T01:27:40.74617Z,KXBTC15M-26OCT042130-30,0.9890,9.97,yes
2026-10-05T01:27:40.74617Z,KXBTC15M-26OCT042130-30,0.9890,15.00,yes
2026-10-05T01:27:40.809866Z,KXBTC15M-26OCT042130-30,0.9870,10.52,no
2026-10-05T01:27:40.811963Z,KXBTC15M-26OCT042130-30,0.9890,70.28,yes
2026-10-05T01:27:40.831504Z,KXBTC15M-26OCT042130-30,0.9870,44.19,no
2026-10-05T01:27:40.892161Z,KXBTC15M-26OCT042130-30,0.9890,150.51,yes
2026-10-05T01:27:40.892161Z,KXBTC15M-26OCT042130-30,0.9890,124.49,yes
2026-10-05T01:27:40.975244Z,KXBTC15M-26OCT042130-30,0.9880,143.90,no
2026-10-05T01:27:40.986109Z,KXBTC15M-26OCT042130-30,0.9890,6.06,yes
2026-10-05T01:27:40.996144Z,KXBTC15M-26OCT042130-30,0.9880,200.00,no
2026-10-05T01:27:40.996144Z,KXBTC15M-26OCT042130-30,0.9880,56.10,no
2026-10-05T01:27:40.996144Z,KXBTC15M-26OCT042130-30,0.9880,15.00,no
2026-10-05T01:27:40.996144Z,KXBTC15M-26OCT042130-30,0.9870,73.66,no
2026-10-05T01:27:40.996144Z,KXBTC15M-26OCT042130-30,0.9880,15.00,no
2026-10-05T01:27:41.016887Z,KXBTC15M-26OCT042130-30,0.9880,71.95,no
2026-10-05T01:27:41.038484Z,KXBTC15M-26OCT042130-30,0.9880,71.95,no
2026-10-05T01:27:41.061153Z,KXBTC15M-26OCT042130-30,0.9890,25.42,yes
2026-10-05T01:27:41.061153Z,KXBTC15M-26OCT042130-30,0.9890,0.01,yes
2026-10-05T01:27:41.061153Z,KXBTC15M-26OCT042130-30,0.9890,176.43,yes
2026-10-05T01:27:41.061153Z,KXBTC15M-26OCT042130-30,0.9890,0.01,yes
2026-10-05T01:27:41.147723Z,KXBTC15M-26OCT042130-30,0.9890,288.04,yes
2026-10-05T01:27:41.147723Z,KXBTC15M-26OCT042130-30,0.9890,174.58,yes
2026-10-05T01:27:41.147723Z,KXBTC15M-26OCT042130-30,0.9890,1.00,yes
2026-10-05T01:27:41.147723Z,KXBTC15M-26OCT042130-30,0.9900,386.36,yes
2026-10-05T01:27:41.147723Z,KXBTC15M-26OCT042130-30,0.9890,0.01,yes
2026-10-05T01:27:41.147723Z,KXBTC15M-26OCT042130-30,0.9890,0.01,yes
2026-10-05T01:27:41.147723Z,KXBTC15M-26OCT042130-30,0.9890,15.00,yes
2026-10-05T01:27:41.147723Z,KXBTC15M-26OCT042130-30,0.9900,15.00,yes
2026-10-05T01:27:41.147723Z,KXBTC15M-26OCT042130-30,0.9900,15.00,yes
2026-10-05T01:27:41.147723Z,KXBTC15M-26OCT042130-30,0.9900,15.00,yes
2026-10-05T01:27:41.147723Z,KXBTC15M-26OCT042130-30,0.9900,15.00,yes
2026-10-05T01:27:41.147723Z,KXBTC15M-26OCT042130-30,0.9900,50.00,yes
2026-10-05T01:27:41.147723Z,KXBTC15M-26OCT042130-30,0.9900,25.00,yes
2026-10-05T01:27:41.291424Z,KXBTC15M-26OCT042130-30,0.9900,10.05,yes
2026-10-05T01:27:41.324521Z,KXBTC15M-26OCT042130-30,0.9920,11.00,yes
2026-10-05T01:27:41.324521Z,KXBTC15M-26OCT042130-30,0.9900,366.00,yes
2026-10-05T01:27:41.324521Z,KXBTC15M-26OCT042130-30,0.9900,603.59,yes
2026-10-05T01:27:41.324521Z,KXBTC15M-26OCT042130-30,0.9910,200.00,yes
2026-10-05T01:27:41.324521Z,KXBTC15M-26OCT042130-30,0.9900,50.00,yes
2026-10-05T01:27:41.324521Z,KXBTC15M-26OCT042130-30,0.9900,200.00,yes
2026-10-05T01:27:41.324521Z,KXBTC15M-26OCT042130-30,0.9900,400.00,yes
2026-10-05T01:27:41.324521Z,KXBTC15M-26OCT042130-30,0.9900,0.01,yes
2026-10-05T01:27:41.324521Z,KXBTC15M-26OCT042130-30,0.9900,15.00,yes
2026-10-05T01:27:41.324521Z,KXBTC15M-26OCT042130-30,0.9900,0.01,yes
2026-10-05T01:27:41.324521Z,KXBTC15M-26OCT042130-30,0.9900,1.00,yes
2026-10-05T01:27:41.324521Z,KXBTC15M-26OCT042130-30,0.9900,25.00,yes
2026-10-05T01:27:41.324521Z,KXBTC15M-26OCT042130-30,0.9920,17.00,yes
2026-10-05T01:27:41.324521Z,KXBTC15M-26OCT042130-30,0.9910,52.00,yes
2026-10-05T01:27:41.324521Z,KXBTC15M-26OCT042130-30,0.9930,406.31,yes
2026-10-05T01:27:41.324521Z,KXBTC15M-26OCT042130-30,0.9930,621.44,yes
2026-10-05T01:27:41.411218Z,KXBTC15M-26OCT042130-30,0.9910,213.98,yes
2026-10-05T01:27:41.438517Z,KXBTC15M-26OCT042130-30,0.9900,352.94,no
2026-10-05T01:27:41.46559Z,KXBTC15M-26OCT042130-30,0.9910,0.01,yes
2026-10-05T01:27:41.46559Z,KXBTC15M-26OCT042130-30,0.9910,0.01,yes
2026-10-05T01:27:41.46559Z,KXBTC15M-26OCT042130-30,0.9910,190.63,yes
2026-10-05T01:27:41.555832Z,KXBTC15M-26OCT042130-30,0.9900,523.88,no
2026-10-05T01:27:41.580634Z,KXBTC15M-26OCT042130-30,0.9910,105.70,yes
2026-10-05T01:27:41.626192Z,KXBTC15M-26OCT042130-30,0.9900,25.72,no
2026-10-05T01:27:41.63408Z,KXBTC15M-26OCT042130-30,0.9900,11.18,no
2026-10-05T01:27:41.68897Z,KXBTC15M-26OCT042130-30,0.9900,6.72,no
2026-10-05T01:27:41.940654Z,KXBTC15M-26OCT042130-30,0.9910,3.02,yes
2026-10-05T01:27:41.945876Z,KXBTC15M-26OCT042130-30,0.9900,85.02,no
2026-10-05T01:27:41.949707Z,KXBTC15M-26OCT042130-30,0.9910,200.00,yes
2026-10-05T01:27:41.949707Z,KXBTC15M-26OCT042130-30,0.9910,0.01,yes
2026-10-05T01:27:41.949707Z,KXBTC15M-26OCT042130-30,0.9920,11.00,yes
2026-10-05T01:27:41.949707Z,KXBTC15M-26OCT042130-30,0.9910,100.00,yes
2026-10-05T01:27:41.949707Z,KXBTC15M-26OCT042130-30,0.9920,66.72,yes
2026-10-05T01:27:41.949707Z,KXBTC15M-26OCT042130-30,0.9910,100.65,yes
2026-10-05T01:27:41.949707Z,KXBTC15M-26OCT042130-30,0.9910,0.01,yes
2026-10-05T01:27:41.973206Z,KXBTC15M-26OCT042130-30,0.9900,78.50,no
2026-10-05T01:27:41.973206Z,KXBTC15M-26OCT042130-30,0.9910,0.01,no
2026-10-05T01:27:41.973206Z,KXBTC15M-26OCT042130-30,0.9910,15.00,no
2026-10-05T01:27:41.987135Z,KXBTC15M-26OCT042130-30,0.9910,11.99,no
2026-10-05T01:27:41.987135Z,KXBTC15M-26OCT042130-30,0.9910,0.01,no
2026-10-05T01:27:41.993054Z,KXBTC15M-26OCT042130-30,0.9920,108.58,yes
2026-10-05T01:27:42.090632Z,KXBTC15M-26OCT042130-30,0.9920,52.00,yes
2026-10-05T01:27:42.090632Z,KXBTC15M-26OCT042130-30,0.9920,269.03,yes
2026-10-05T01:27:42.090632Z,KXBTC15M-26OCT042130-30,0.9920,0.01,yes
2026-10-05T01:27:42.090632Z,KXBTC15M-26OCT042130-30,0.9920,11.00,yes
2026-10-05T01:27:42.090632Z,KXBTC15M-26OCT042130-30,0.9920,0.01,yes
2026-10-05T01:27:42.123705Z,KXBTC15M-26OCT042130-30,0.9920,11.18,yes
2026-10-05T01:27:42.178925Z,KXBTC15M-26OCT042130-30,0.9910,76.97,no
2026-10-05T01:27:42.178925Z,KXBTC15M-26OCT042130-30,0.9910,0.01,no
2026-10-05T01:27:42.178925Z,KXBTC15M-26OCT042130-30,0.9910,3.01,no
2026-10-05T01:27:42.178925Z,KXBTC15M-26OCT042130-30,0.9910,0.01,no
2026-10-05T01:27:42.210977Z,KXBTC15M-26OCT042130-30,0.9920,6.10,yes
2026-10-05T01:27:42.22399Z,KXBTC15M-26OCT042130-30,0.9910,1.00,no
2026-10-05T01:27:42.309743Z,KXBTC15M-26OCT042130-30,0.9910,15.00,no
2026-10-05T01:27:42.310753Z,KXBTC15M-26OCT042130-30,0.9920,51.98,yes
2026-10-05T01:27:42.312021Z,KXBTC15M-26OCT042130-30,0.9920,25.18,yes
2026-10-05T01:27:42.333065Z,KXBTC15M-26OCT042130-30,0.9910,8.56,no
2026-10-05T01:27:42.333065Z,KXBTC15M-26OCT042130-30,0.9910,459.03,no
2026-10-05T01:27:42.372246Z,KXBTC15M-26OCT042130-30,0.9910,93.51,no
2026-10-05T01:27:42.403488Z,KXBTC15M-26OCT042130-30,0.9920,134.42,yes
2026-10-05T01:27:42.403488Z,KXBTC15M-26OCT042130-30,0.9920,15.00,yes
2026-10-05T01:27:42.403488Z,KXBTC15M-26OCT042130-30,0.9920,36.53,yes
2026-10-05T01:27:42.403488Z,KXBTC15M-26OCT042130-30,0.9920,15.00,yes
2026-10-05T01:27:42.420445Z,KXBTC15M-26OCT042130-30,0.9910,101.83,no
2026-10-05T01:27:42.429122Z,KXBTC15M-26OCT042130-30,0.9920,3.97,yes
2026-10-05T01:27:42.436378Z,KXBTC15M-26OCT042130-30,0.9910,1.00,no
2026-10-05T01:27:42.531448Z,KXBTC15M-26OCT042130-30,0.9910,0.21,no
2026-10-05T01:27:42.563204Z,KXBTC15M-26OCT042130-30,0.9910,51.95,no
2026-10-05T01:27:42.58458Z,KXBTC15M-26OCT042130-30,0.9920,5.62,yes
2026-10-05T01:27:42.66639Z,KXBTC15M-26OCT042130-30,0.9910,3.11,no
2026-10-05T01:27:42.744636Z,KXBTC15M-26OCT042130-30,0.9910,238.00,no
2026-10-05T01:27:42.764503Z,KXBTC15M-26OCT042130-30,0.9920,29.26,yes
2026-10-05T01:27:42.780205Z,KXBTC15M-26OCT042130-30,0.9910,203.65,no
2026-10-05T01:27:42.789914Z,KXBTC15M-26OCT042130-30,0.9910,3.98,no
2026-10-05T01:27:42.843142Z,KXBTC15M-26OCT042130-30,0.9910,5.43,no
2026-10-05T01:27:42.940633Z,KXBTC15M-26OCT042130-30,0.9910,11.20,no
2026-10-05T01:27:42.975328Z,KXBTC15M-26OCT042130-30,0.9910,23.35,no
2026-10-05T01:27:43.114638Z,KXBTC15M-26OCT042130-30,0.9910,93.51,no
2026-10-05T01:27:43.140724Z,KXBTC15M-26OCT042130-30,0.9920,0.01,yes
2026-10-05T01:27:43.140724Z,KXBTC15M-26OCT042130-30,0.9920,11.70,yes
2026-10-05T01:27:43.140724Z,KXBTC15M-26OCT042130-30,0.9920,27.55,yes
2026-10-05T01:27:43.140724Z,KXBTC15M-26OCT042130-30,0.9920,11.00,yes
2026-10-05T01:27:43.140724Z,KXBTC15M-26OCT042130-30,0.9920,0.01,yes
2026-10-05T01:27:43.154151Z,KXBTC15M-26OCT042130-30,0.9910,25.29,no
2026-10-05T01:27:43.171153Z,KXBTC15M-26OCT042130-30,0.9910,65.39,no
2026-10-05T01:27:43.218001Z,KXBTC15M-26OCT042130-30,0.9920,11.31,yes
2026-10-05T01:27:43.27278Z,KXBTC15M-26OCT042130-30,0.9910,15.00,no
2026-10-05T01:27:43.27278Z,KXBTC15M-26OCT042130-30,0.9910,0.01,no
2026-10-05T01:27:43.27278Z,KXBTC15M-26OCT042130-30,0.9910,86.81,no
2026-10-05T01:27:43.27278Z,KXBTC15M-26OCT042130-30,0.9910,0.01,no
2026-10-05T01:27:43.274215Z,KXBTC15M-26OCT042130-30,0.9910,82.43,no
2026-10-05T01:27:43.306786Z,KXBTC15M-26OCT042130-30,0.9910,5.86,no
2026-10-05T01:27:43.306786Z,KXBTC15M-26OCT042130-30,0.9910,0.01,no
2026-10-05T01:27:43.306786Z,KXBTC15M-26OCT042130-30,0.9910,0.01,no
2026-10-05T01:27:43.370643Z,KXBTC15M-26OCT042130-30,0.9910,5.19,no
2026-10-05T01:27:43.490654Z,KXBTC15M-26OCT042130-30,0.9910,0.01,no
2026-10-05T01:27:43.490654Z,KXBTC15M-26OCT042130-30,0.9910,3.95,no
2026-10-05T01:27:43.490654Z,KXBTC15M-26OCT042130-30,0.9910,0.01,no
2026-10-05T01:27:43.490654Z,KXBTC15M-26OCT042130-30,0.9910,6.42,no
2026-10-05T01:27:43.527895Z,KXBTC15M-26OCT042130-30,0.9920,337.51,yes
2026-10-05T01:27:43.583123Z,KXBTC15M-26OCT042130-30,0.9910,1.03,no
2026-10-05T01:27:43.633591Z,KXBTC15M-26OCT042130-30,0.9910,0.01,no
2026-10-05T01:27:43.633591Z,KXBTC15M-26OCT042130-30,0.9910,9.06,no
2026-10-05T01:27:43.633591Z,KXBTC15M-26OCT042130-30,0.9910,7.55,no
2026-10-05T01:27:43.633591Z,KXBTC15M-26OCT042130-30,0.9910,15.00,no
2026-10-05T01:27:43.633591Z,KXBTC15M-26OCT042130-30,0.9910,0.01,no
2026-10-05T01:27:43.691168Z,KXBTC15M-26OCT042130-30,0.9920,176.84,yes
2026-10-05T01:27:43.691168Z,KXBTC15M-26OCT042130-30,0.9920,109.18,yes
2026-10-05T01:27:43.691171Z,KXBTC15M-26OCT042130-30,0.9920,5.03,yes
2026-10-05T01:27:43.833595Z,KXBTC15M-26OCT042130-30,0.9920,13.09,yes
2026-10-05T01:27:43.853594Z,KXBTC15M-26OCT042130-30,0.9920,1.00,yes
2026-10-05T01:27:43.875492Z,KXBTC15M-26OCT042130-30,0.9920,3.02,yes
2026-10-05T01:27:43.920616Z,KXBTC15M-26OCT042130-30,0.9920,13.29,yes
2026-10-05T01:27:43.924155Z,KXBTC15M-26OCT042130-30,0.9910,384.00,no
2026-10-05T01:27:43.924155Z,KXBTC15M-26OCT042130-30,0.9910,0.01,no
2026-10-05T01:27:43.924155Z,KXBTC15M-26OCT042130-30,0.9910,10.00,no
2026-10-05T01:27:43.924155Z,KXBTC15M-26OCT042130-30,0.9910,60.00,no
2026-10-05T01:27:43.924155Z,KXBTC15M-26OCT042130-30,0.9910,0.01,no
2026-10-05T01:27:43.924155Z,KXBTC15M-26OCT042130-30,0.9910,15.00,no
2026-10-05T01:27:43.924155Z,KXBTC15M-26OCT042130-30,0.9900,467.37,no
2026-10-05T01:27:43.968725Z,KXBTC15M-26OCT042130-30,0.9910,0.01,no
2026-10-05T01:27:43.968725Z,KXBTC15M-26OCT042130-30,0.9910,15.00,no
2026-10-05T01:27:43.968725Z,KXBTC15M-26OCT042130-30,0.9900,453.78,no
2026-10-05T01:27:43.972107Z,KXBTC15M-26OCT042130-30,0.9920,90.62,yes
2026-10-05T01:27:44.048317Z,KXBTC15M-26OCT042130-30,0.9910,15.00,no
2026-10-05T01:27:44.048317Z,KXBTC15M-26OCT042130-30,0.9900,7.71,no
2026-10-05T01:27:44.088398Z,KXBTC15M-26OCT042130-30,0.9900,50.00,no
2026-10-05T01:27:44.088398Z,KXBTC15M-26OCT042130-30,0.9900,69.81,no
2026-10-05T01:27:44.088398Z,KXBTC15M-26OCT042130-30,0.9900,187.18,no
2026-10-05T01:27:44.091914Z,KXBTC15M-26OCT042130-30,0.9920,19.14,yes
2026-10-05T01:27:44.197304Z,KXBTC15M-26OCT042130-30,0.9900,2.00,no
2026-10-05T01:27:44.258422Z,KXBTC15M-26OCT042130-30,0.9920,15.00,yes
2026-10-05T01:27:44.258422Z,KXBTC15M-26OCT042130-30,0.9920,15.00,yes
2026-10-05T01:27:44.258422Z,KXBTC15M-26OCT042130-30,0.9920,147.97,yes
2026-10-05T01:27:44.258422Z,KXBTC15M-26OCT042130-30,0.9920,15.00,yes
2026-10-05T01:27:44.258422Z,KXBTC15M-26OCT042130-30,0.9920,15.00,yes
2026-10-05T01:27:44.258422Z,KXBTC15M-26OCT042130-30,0.9920,15.00,yes
2026-10-05T01:27:44.258422Z,KXBTC15M-26OCT042130-30,0.9920,15.00,yes
2026-10-05T01:27:44.258422Z,KXBTC15M-26OCT042130-30,0.9920,0.01,yes
2026-10-05T01:27:44.258422Z,KXBTC15M-26OCT042130-30,0.9920,0.01,yes
2026-10-05T01:27:44.258422Z,KXBTC15M-26OCT042130-30,0.9920,15.00,yes
2026-10-05T01:27:44.258422Z,KXBTC15M-26OCT042130-30,0.9920,11.00,yes
2026-10-05T01:27:44.258422Z,KXBTC15M-26OCT042130-30,0.9920,77.97,yes
2026-10-05T01:27:44.258422Z,KXBTC15M-26OCT042130-30,0.9930,217.44,yes
2026-10-05T01:27:44.270186Z,KXBTC15M-26OCT042130-30,0.9920,0.01,yes
2026-10-05T01:27:44.294726Z,KXBTC15M-26OCT042130-30,0.9910,51.95,no
2026-10-05T01:27:44.377319Z,KXBTC15M-26OCT042130-30,0.9910,4.11,no
2026-10-05T01:27:44.430086Z,KXBTC15M-26OCT042130-30,0.9920,0.01,yes
2026-10-05T01:27:44.430086Z,KXBTC15M-26OCT042130-30,0.9920,0.01,yes
2026-10-05T01:27:44.430086Z,KXBTC15M-26OCT042130-30,0.9920,1.99,yes
2026-10-05T01:27:44.570398Z,KXBTC15M-26OCT042130-30,0.9910,15.00,no
2026-10-05T01:27:44.570398Z,KXBTC15M-26OCT042130-30,0.9910,182.68,no
2026-10-05T01:27:44.570398Z,KXBTC15M-26OCT042130-30,0.9910,161.38,no
2026-10-05T01:27:44.570398Z,KXBTC15M-26OCT042130-30,0.9910,0.01,no
2026-10-05T01:27:44.570398Z,KXBTC15M-26OCT042130-30,0.9910,15.00,no
2026-10-05T01:27:44.684111Z,KXBTC15M-26OCT042130-30,0.9910,0.01,no
2026-10-05T01:27:44.684111Z,KXBTC15M-26OCT042130-30,0.9910,0.01,no
2026-10-05T01:27:44.684111Z,KXBTC15M-26OCT042130-30,0.9910,2.04,no
2026-10-05T01:27:44.68832Z,KXBTC15M-26OCT042130-30,0.9910,12.96,no
2026-10-05T01:27:44.68832Z,KXBTC15M-26OCT042130-30,0.9900,11.21,no
2026-10-05T01:27:44.714185Z,KXBTC15M-26OCT042130-30,0.9910,3.00,no
2026-10-05T01:27:44.716124Z,KXBTC15M-26OCT042130-30,0.9920,15.11,yes
2026-10-05T01:27:44.760846Z,KXBTC15M-26OCT042130-30,0.9920,895.80,yes
2026-10-05T01:27:44.760846Z,KXBTC15M-26OCT042130-30,0.9920,182.90,yes
2026-10-05T01:27:44.760846Z,KXBTC15M-26OCT042130-30,0.9920,11.00,yes
2026-10-05T01:27:44.860661Z,KXBTC15M-26OCT042130-30,0.9910,89.83,no
2026-10-05T01:27:44.860661Z,KXBTC15M-26OCT042130-30,0.9910,12.00,no
2026-10-05T01:27:44.896644Z,KXBTC15M-26OCT042130-30,0.9920,13.89,yes
2026-10-05T01:27:44.963827Z,KXBTC15M-26OCT042130-30,0.9910,47.10,no
2026-10-05T01:27:44.963827Z,KXBTC15M-26OCT042130-30,0.9910,16.00,no
2026-10-05T01:27:44.963827Z,KXBTC15M-26OCT042130-30,0.9910,260.17,no
2026-10-05T01:27:44.987295Z,KXBTC15M-26OCT042130-30,0.9920,386.11,yes
2026-10-05T01:27:44.987295Z,KXBTC15M-26OCT042130-30,0.9920,0.01,yes
2026-10-05T01:27:44.987295Z,KXBTC15M-26OCT042130-30,0.9920,63.46,yes
2026-10-05T01:27:44.987295Z,KXBTC15M-26OCT042130-30,0.9920,0.01,yes
2026-10-05T01:27:45.083243Z,KXBTC15M-26OCT042130-30,0.9910,0.01,no
2026-10-05T01:27:45.083243Z,KXBTC15M-26OCT042130-30,0.9910,10.37,no
2026-10-05T01:27:45.083243Z,KXBTC15M-26OCT042130-30,0.9910,0.01,no
2026-10-05T01:27:45.098575Z,KXBTC15M-26OCT042130-30,0.9910,4.63,no
2026-10-05T01:27:45.098575Z,KXBTC15M-26OCT042130-30,0.9910,134.62,no
2026-10-05T01:27:45.116344Z,KXBTC15M-26OCT042130-30,0.9920,20.15,yes
2026-10-05T01:27:45.159031Z,KXBTC15M-26OCT042130-30,0.9920,15.00,yes
2026-10-05T01:27:45.159031Z,KXBTC15M-26OCT042130-30,0.9920,460.06,yes
2026-10-05T01:27:45.159031Z,KXBTC15M-26OCT042130-30,0.9920,15.00,yes
2026-10-05T01:27:45.159031Z,KXBTC15M-26OCT042130-30,0.9920,15.00,yes
2026-10-05T01:27:45.159031Z,KXBTC15M-26OCT042130-30,0.9920,34.77,yes
2026-10-05T01:27:45.159031Z,KXBTC15M-26OCT042130-30,0.9920,15.00,yes
2026-10-05T01:27:45.162069Z,KXBTC15M-26OCT042130-30,0.9910,187.81,no
2026-10-05T01:27:45.163944Z,KXBTC15M-26OCT042130-30,0.9920,39.94,yes
2026-10-05T01:27:45.163944Z,KXBTC15M-26OCT042130-30,0.9920,161.56,yes
2026-10-05T01:27:45.168786Z,KXBTC15M-26OCT042130-30,0.9920,0.01,yes
2026-10-05T01:27:45.168786Z,KXBTC15M-26OCT042130-30,0.9920,11.00,yes
2026-10-05T01:27:45.168786Z,KXBTC15M-26OCT042130-30,0.9920,338.44,yes
2026-10-05T01:27:45.168786Z,KXBTC15M-26OCT042130-30,0.9920,400.00,yes
2026-10-05T01:27:45.168786Z,KXBTC15M-26OCT042130-30,0.9920,15.00,yes
2026-10-05T01:27:45.168786Z,KXBTC15M-26OCT042130-30,0.9920,15.00,yes
2026-10-05T01:27:45.180126Z,KXBTC15M-26OCT042130-30,0.9920,11.00,yes
2026-10-05T01:27:45.180126Z,KXBTC15M-26OCT042130-30,0.9920,0.01,yes
2026-10-05T01:27:45.214873Z,KXBTC15M-26OCT042130-30,0.9920,94.50,no
2026-10-05T01:27:45.214873Z,KXBTC15M-26OCT042130-30,0.9920,0.01,no
2026-10-05T01:27:45.234992Z,KXBTC15M-26OCT042130-30,0.9930,568.24,yes
2026-10-05T01:27:45.234992Z,KXBTC15M-26OCT042130-30,0.9930,1280.00,yes
2026-10-05T01:27:45.234992Z,KXBTC15M-26OCT042130-30,0.9930,441.12,yes
2026-10-05T01:27:45.251567Z,KXBTC15M-26OCT042130-30,0.9920,36.33,no
2026-10-05T01:27:45.274076Z,KXBTC15M-26OCT042130-30,0.9930,0.61,yes
2026-10-05T01:27:45.274076Z,KXBTC15M-26OCT042130-30,0.9930,901.18,yes
2026-10-05T01:27:45.274076Z,KXBTC15M-26OCT042130-30,0.9930,97.00,yes
2026-10-05T01:27:45.274076Z,KXBTC15M-26OCT042130-30,0.9930,10.00,yes
2026-10-05T01:27:45.274076Z,KXBTC15M-26OCT042130-30,0.9930,2500.00,yes
2026-10-05T01:27:45.274076Z,KXBTC15M-26OCT042130-30,0.9930,711.76,yes
2026-10-05T01:27:45.278898Z,KXBTC15M-26OCT042130-30,0.9920,9.39,no
2026-10-05T01:27:45.278898Z,KXBTC15M-26OCT042130-30,0.9920,1.00,no
2026-10-05T01:27:45.279002Z,KXBTC15M-26OCT042130-30,0.9930,1.86,yes
2026-10-05T01:27:45.279002Z,KXBTC15M-26OCT042130-30,0.9930,0.01,yes
2026-10-05T01:27:45.285048Z,KXBTC15M-26OCT042130-30,0.9930,0.02,yes
2026-10-05T01:27:45.287998Z,KXBTC15M-26OCT042130-30,0.9930,2.82,yes
2026-10-05T01:27:45.290886Z,KXBTC15M-26OCT042130-30,0.9930,0.02,yes
2026-10-05T01:27:45.313896Z,KXBTC15M-26OCT042130-30,0.9920,15.00,no
2026-10-05T01:27:45.313896Z,KXBTC15M-26OCT042130-30,0.9920,5.61,no
2026-10-05T01:27:45.313896Z,KXBTC15M-26OCT042130-30,0.9920,0.01,no
2026-10-05T01:27:45.313896Z,KXBTC15M-26OCT042130-30,0.9920,1.18,no
2026-10-05T01:27:45.376887Z,KXBTC15M-26OCT042130-30,0.9920,21.80,no
2026-10-05T01:27:45.404925Z,KXBTC15M-26OCT042130-30,0.9920,67.05,no
2026-10-05T01:27:45.414199Z,KXBTC15M-26OCT042130-30,0.9930,4.57,yes
2026-10-05T01:27:45.414904Z,KXBTC15M-26OCT042130-30,0.9920,207.81,no
2026-10-05T01:27:45.4284Z,KXBTC15M-26OCT042130-30,0.9930,1.86,yes
2026-10-05T01:27:45.4284Z,KXBTC15M-26OCT042130-30,0.9930,0.02,yes
2026-10-05T01:27:45.4284Z,KXBTC15M-26OCT042130-30,0.9930,0.02,yes
2026-10-05T01:27:45.4284Z,KXBTC15M-26OCT042130-30,0.9930,0.01,yes
2026-10-05T01:27:45.4284Z,KXBTC15M-26OCT042130-30,0.9930,15.00,yes
2026-10-05T01:27:45.4284Z,KXBTC15M-26OCT042130-30,0.9930,0.01,yes
2026-10-05T01:27:45.4284Z,KXBTC15M-26OCT042130-30,0.9930,4.57,yes
2026-10-05T01:27:45.4284Z,KXBTC15M-26OCT042130-30,0.9930,15.00,yes
2026-10-05T01:27:45.4284Z,KXBTC15M-26OCT042130-30,0.9930,5.71,yes
2026-10-05T01:27:45.4284Z,KXBTC15M-26OCT042130-30,0.9930,2.82,yes
2026-10-05T01:27:45.4284Z,KXBTC15M-26OCT042130-30,0.9940,787.31,yes
2026-10-05T01:27:45.451656Z,KXBTC15M-26OCT042130-30,0.9930,0.01,no
2026-10-05T01:27:45.451656Z,KXBTC15M-26OCT042130-30,0.9930,11.78,no
2026-10-05T01:27:45.451656Z,KXBTC15M-26OCT042130-30,0.9930,0.01,no
2026-10-05T01:27:45.451656Z,KXBTC15M-26OCT042130-30,0.9930,10.00,no
2026-10-05T01:27:45.480402Z,KXBTC15M-26OCT042130-30,0.9940,1.00,yes
2026-10-05T01:27:45.5205Z,KXBTC15M-26OCT042130-30,0.9930,36.33,no
2026-10-05T01:27:45.530925Z,KXBTC15M-26OCT042130-30,0.9940,10.47,yes
2026-10-05T01:27:45.544296Z,KXBTC15M-26OCT042130-30,0.9930,2.00,no
2026-10-05T01:27:45.550293Z,KXBTC15M-26OCT042130-30,0.9940,50.00,yes
2026-10-05T01:27:45.550293Z,KXBTC15M-26OCT042130-30,0.9940,481.22,yes
2026-10-05T01:27:45.550293Z,KXBTC15M-26OCT042130-30,0.9940,186.69,yes
2026-10-05T01:27:45.553119Z,KXBTC15M-26OCT042130-30,0.9940,34.67,yes
2026-10-05T01:27:45.564656Z,KXBTC15M-26OCT042130-30,0.9930,100.00,no
2026-10-05T01:27:45.577535Z,KXBTC15M-26OCT042130-30,0.9930,50.00,no
2026-10-05T01:27:45.587082Z,KXBTC15M-26OCT042130-30,0.9930,36.33,no
2026-10-05T01:27:45.588201Z,KXBTC15M-26OCT042130-30,0.9930,514.38,no
2026-10-05T01:27:45.604428Z,KXBTC15M-26OCT042130-30,0.9930,7.00,no
2026-10-05T01:27:45.60689Z,KXBTC15M-26OCT042130-30,0.9930,41.27,no
2026-10-05T01:27:45.60689Z,KXBTC15M-26OCT042130-30,0.9930,75.61,no
2026-10-05T01:27:45.639037Z,KXBTC15M-26OCT042130-30,0.9930,10.39,no
2026-10-05T01:27:45.651789Z,KXBTC15M-26OCT042130-30,0.9930,36.33,no
2026-10-05T01:27:45.675408Z,KXBTC15M-26OCT042130-30,0.9940,152.00,yes
2026-10-05T01:27:45.695344Z,KXBTC15M-26OCT042130-30,0.9930,22.21,no
2026-10-05T01:27:45.725492Z,KXBTC15M-26OCT042130-30,0.9940,55.80,yes
2026-10-05T01:27:45.75548Z,KXBTC15M-26OCT042130-30,0.9930,15.00,no
2026-10-05T01:27:45.75548Z,KXBTC15M-26OCT042130-30,0.9930,15.00,no
2026-10-05T01:27:45.75548Z,KXBTC15M-26OCT042130-30,0.9930,1.00,no
2026-10-05T01:27:45.75548Z,KXBTC15M-26OCT042130-30,0.9930,71.05,no
2026-10-05T01:27:45.75548Z,KXBTC15M-26OCT042130-30,0.9930,50.00,no
2026-10-05T01:27:45.75548Z,KXBTC15M-26OCT042130-30,0.9930,0.01,no
2026-10-05T01:27:45.75548Z,KXBTC15M-26OCT042130-30,0.9930,0.01,no
2026-10-05T01:27:45.75548Z,KXBTC15M-26OCT042130-30,0.9930,10.47,no
2026-10-05T01:27:45.75548Z,KXBTC15M-26OCT042130-30,0.9930,10.00,no
2026-10-05T01:27:45.75548Z,KXBTC15M-26OCT042130-30,0.9930,243.46,no
2026-10-05T01:27:45.75548Z,KXBTC15M-26OCT042130-30,0.9930,84.00,no
2026-10-05T01:27:45.815869Z,KXBTC15M-26OCT042130-30,0.9930,1.24,no
2026-10-05T01:27:45.815869Z,KXBTC15M-26OCT042130-30,0.9930,115.64,no
2026-10-05T01:27:45.822432Z,KXBTC15M-26OCT042130-30,0.9930,36.33,no
2026-10-05T01:27:45.883697Z,KXBTC15M-26OCT042130-30,0.9930,34.67,no
2026-10-05T01:27:45.883697Z,KXBTC15M-26OCT042130-30,0.9930,21.68,no
2026-10-05T01:27:45.883697Z,KXBTC15M-26OCT042130-30,0.9930,443.65,no
2026-10-05T01:27:45.893214Z,KXBTC15M-26OCT042130-30,0.9930,116.88,no
2026-10-05T01:27:45.909918Z,KXBTC15M-26OCT042130-30,0.9930,55.80,no
2026-10-05T01:27:45.909918Z,KXBTC15M-26OCT042130-30,0.9930,15.00,no
2026-10-05T01:27:45.909918Z,KXBTC15M-26OCT042130-30,0.9930,32.63,no
2026-10-05T01:27:45.909918Z,KXBTC15M-26OCT042130-30,0.9930,0.01,no
2026-10-05T01:27:45.909918Z,KXBTC15M-26OCT042130-30,0.9930,13.44,no
2026-10-05T01:27:45.912247Z,KXBTC15M-26OCT042130-30,0.9930,36.33,no
2026-10-05T01:27:45.991329Z,KXBTC15M-26OCT042130-30,0.9920,11.33,no
2026-10-05T01:27:45.991329Z,KXBTC15M-26OCT042130-30,0.9930,15.00,no
2026-10-05T01:27:45.991329Z,KXBTC15M-26OCT042130-30,0.9930,10.00,no
2026-10-05T01:27:46.001372Z,KXBTC15M-26OCT042130-30,0.9940,0.55,yes
2026-10-05T01:27:46.007365Z,KXBTC15M-26OCT042130-30,0.9920,17.05,no
2026-10-05T01:27:46.066919Z,KXBTC15M-26OCT042130-30,0.9930,0.55,no
2026-10-05T01:27:46.066919Z,KXBTC15M-26OCT042130-30,0.9930,6.71,no
2026-10-05T01:27:46.13388Z,KXBTC15M-26OCT042130-30,0.9930,7.26,no
2026-10-05T01:27:46.152217Z,KXBTC15M-26OCT042130-30,0.9930,5.16,no
2026-10-05T01:27:46.152217Z,KXBTC15M-26OCT042130-30,0.9930,1.03,no
2026-10-05T01:27:46.152217Z,KXBTC15M-26OCT042130-30,0.9930,1.00,no
2026-10-05T01:27:46.153554Z,KXBTC15M-26OCT042130-30,0.9930,4.84,no
2026-10-05T01:27:46.153554Z,KXBTC15M-26OCT042130-30,0.9920,253.14,no
2026-10-05T01:27:46.153554Z,KXBTC15M-26OCT042130-30,0.9920,242.02,no
2026-10-05T01:27:46.201511Z,KXBTC15M-26OCT042130-30,0.9940,433.74,yes
2026-10-05T01:27:46.201511Z,KXBTC15M-26OCT042130-30,0.9940,1230.00,yes
2026-10-05T01:27:46.201511Z,KXBTC15M-26OCT042130-30,0.9940,850.29,yes
2026-10-05T01:27:46.210045Z,KXBTC15M-26OCT042130-30,0.9930,7.26,no
2026-10-05T01:27:46.2191Z,KXBTC15M-26OCT042130-30,0.9930,7.74,no
2026-10-05T01:27:46.2191Z,KXBTC15M-26OCT042130-30,0.9930,123.16,no
2026-10-05T01:27:46.231527Z,KXBTC15M-26OCT042130-30,0.9930,130.90,no
2026-10-05T01:27:46.244044Z,KXBTC15M-26OCT042130-30,0.9930,13.35,no
2026-10-05T01:27:46.278964Z,KXBTC15M-26OCT042130-30,0.9930,15.00,no
2026-10-05T01:27:46.279203Z,KXBTC15M-26OCT042130-30,0.9930,7.26,no
2026-10-05T01:27:46.280213Z,KXBTC15M-26OCT042130-30,0.9940,38.21,yes
2026-10-05T01:27:46.284762Z,KXBTC15M-26OCT042130-30,0.9940,42.23,yes
2026-10-05T01:27:46.317988Z,KXBTC15M-26OCT042130-30,0.9940,2.01,yes
2026-10-05T01:27:46.387289Z,KXBTC15M-26OCT042130-30,0.9930,64.92,no
2026-10-05T01:27:46.395709Z,KXBTC15M-26OCT042130-30,0.9930,79.15,no
2026-10-05T01:27:46.395709Z,KXBTC15M-26OCT042130-30,0.9930,420.85,no
2026-10-05T01:27:46.398477Z,KXBTC15M-26OCT042130-30,0.9930,36.33,no
2026-10-05T01:27:46.423012Z,KXBTC15M-26OCT042130-30,0.9930,172.42,no
2026-10-05T01:27:46.424126Z,KXBTC15M-26OCT042130-30,0.9940,35.23,yes
2026-10-05T01:27:46.460024Z,KXBTC15M-26OCT042130-30,0.9930,36.33,no
2026-10-05T01:27:46.498771Z,KXBTC15M-26OCT042130-30,0.9940,173.37,yes
2026-10-05T01:27:46.523134Z,KXBTC15M-26OCT042130-30,0.9930,36.33,no
2026-10-05T01:27:46.526362Z,KXBTC15M-26OCT042130-30,0.9930,351.97,no
2026-10-05T01:27:46.526362Z,KXBTC15M-26OCT042130-30,0.9930,148.03,no
2026-10-05T01:27:46.547163Z,KXBTC15M-26OCT042130-30,0.9940,20.11,yes
2026-10-05T01:27:46.580881Z,KXBTC15M-26OCT042130-30,0.9930,36.33,no
2026-10-05T01:27:46.643964Z,KXBTC15M-26OCT042130-30,0.9930,36.33,no
2026-10-05T01:27:46.646265Z,KXBTC15M-26OCT042130-30,0.9930,500.00,no
2026-10-05T01:27:46.707777Z,KXBTC15M-26OCT042130-30,0.9940,187.99,yes
2026-10-05T01:27:46.709319Z,KXBTC15M-26OCT042130-30,0.9930,36.33,no
2026-10-05T01:27:46.78024Z,KXBTC15M-26OCT042130-30,0.9930,36.33,no
2026-10-05T01:27:46.782253Z,KXBTC15M-26OCT042130-30,0.9930,232.71,no
2026-10-05T01:27:46.782253Z,KXBTC15M-26OCT042130-30,0.9930,100.29,no
2026-10-05T01:27:46.816871Z,KXBTC15M-26OCT042130-30,0.9930,187.99,no
2026-10-05T01:27:46.816871Z,KXBTC15M-26OCT042130-30,0.9930,42.23,no
2026-10-05T01:27:46.816871Z,KXBTC15M-26OCT042130-30,0.9930,0.18,no
2026-10-05T01:27:46.816871Z,KXBTC15M-26OCT042130-30,0.9930,99.71,no
2026-10-05T01:27:46.816871Z,KXBTC15M-26OCT042130-30,0.9930,173.37,no
2026-10-05T01:27:46.816871Z,KXBTC15M-26OCT042130-30,0.9930,35.23,no
2026-10-05T01:27:46.816871Z,KXBTC15M-26OCT042130-30,0.9930,38.21,no
2026-10-05T01:27:46.816871Z,KXBTC15M-26OCT042130-30,0.9930,2.01,no
2026-10-05T01:27:46.816871Z,KXBTC15M-26OCT042130-30,0.9930,1.00,no
2026-10-05T01:27:46.816871Z,KXBTC15M-26OCT042130-30,0.9930,15.00,no
2026-10-05T01:27:46.816871Z,KXBTC15M-26OCT042130-30,0.9930,20.11,no
2026-10-05T01:27:46.816871Z,KXBTC15M-26OCT042130-30,0.9930,500.00,no
2026-10-05T01:27:46.816871Z,KXBTC15M-26OCT042130-30,0.9920,193.96,no
2026-10-05T01:27:46.842313Z,KXBTC15M-26OCT042130-30,0.9940,0.01,yes
2026-10-05T01:27:46.842313Z,KXBTC15M-26OCT042130-30,0.9940,140.66,yes
2026-10-05T01:27:46.842313Z,KXBTC15M-26OCT042130-30,0.9940,16.00,yes
2026-10-05T01:27:46.842313Z,KXBTC15M-26OCT042130-30,0.9940,15.00,yes
2026-10-05T01:27:46.842313Z,KXBTC15M-26OCT042130-30,0.9940,15.00,yes
2026-10-05T01:27:46.842313Z,KXBTC15M-26OCT042130-30,0.9940,15.00,yes
2026-10-05T01:27:46.842313Z,KXBTC15M-26OCT042130-30,0.9940,0.01,yes
2026-10-05T01:27:46.842313Z,KXBTC15M-26OCT042130-30,0.9940,15.00,yes
2026-10-05T01:27:46.842313Z,KXBTC15M-26OCT042130-30,0.9940,348.90,yes
2026-10-05T01:27:46.842313Z,KXBTC15M-26OCT042130-30,0.9940,347.11,yes
2026-10-05T01:27:46.880923Z,KXBTC15M-26OCT042130-30,0.9930,21.31,no
2026-10-05T01:27:46.880923Z,KXBTC15M-26OCT042130-30,0.9930,0.01,no
2026-10-05T01:27:46.880923Z,KXBTC15M-26OCT042130-30,0.9930,0.01,no
2026-10-05T01:27:46.880923Z,KXBTC15M-26OCT042130-30,0.9930,15.00,no
2026-10-05T01:27:46.898899Z,KXBTC15M-26OCT042130-30,0.9930,456.00,no
2026-10-05T01:27:46.898899Z,KXBTC15M-26OCT042130-30,0.9930,17.67,no
2026-10-05T01:27:46.898899Z,KXBTC15M-26OCT042130-30,0.9930,15.00,no
2026-10-05T01:27:46.944575Z,KXBTC15M-26OCT042130-30,0.9940,274.00,yes
2026-10-05T01:27:46.968771Z,KXBTC15M-26OCT042130-30,0.9930,115.90,no
2026-10-05T01:27:46.968771Z,KXBTC15M-26OCT042130-30,0.9930,15.00,no
2026-10-05T01:27:47.032213Z,KXBTC15M-26OCT042130-30,0.9940,21.11,yes
2026-10-05T01:27:47.040773Z,KXBTC15M-26OCT042130-30,0.9930,65.45,no
2026-10-05T01:27:47.079034Z,KXBTC15M-26OCT042130-30,0.9940,100.00,yes
2026-10-05T01:27:47.10381Z,KXBTC15M-26OCT042130-30,0.9930,13.35,no
2026-10-05T01:27:47.134945Z,KXBTC15M-26OCT042130-30,0.9940,500.00,yes
2026-10-05T01:27:47.134945Z,KXBTC15M-26OCT042130-30,0.9940,100.00,yes
2026-10-05T01:27:47.134945Z,KXBTC15M-26OCT042130-30,0.9940,15.00,yes
2026-10-05T01:27:47.134945Z,KXBTC15M-26OCT042130-30,0.9940,15.00,yes
2026-10-05T01:27:47.134945Z,KXBTC15M-26OCT042130-30,0.9940,1.00,yes
2026-10-05T01:27:47.134945Z,KXBTC15M-26OCT042130-30,0.9940,0.01,yes
2026-10-05T01:27:47.134945Z,KXBTC15M-26OCT042130-30,0.9940,16.00,yes
2026-10-05T01:27:47.134945Z,KXBTC15M-26OCT042130-30,0.9940,15.00,yes
2026-10-05T01:27:47.134945Z,KXBTC15M-26OCT042130-30,0.9940,15.00,yes
2026-10-05T01:27:47.134945Z,KXBTC15M-26OCT042130-30,0.9940,15.00,yes
2026-10-05T01:27:47.134945Z,KXBTC15M-26OCT042130-30,0.9940,0.01,yes
2026-10-05T01:27:47.134945Z,KXBTC15M-26OCT042130-30,0.9940,500.00,yes
2026-10-05T01:27:47.134945Z,KXBTC15M-26OCT042130-30,0.9940,152.52,yes
2026-10-05T01:27:47.134945Z,KXBTC15M-26OCT042130-30,0.9940,15.00,yes
2026-10-05T01:27:47.134945Z,KXBTC15M-26OCT042130-30,0.9940,475.99,yes
2026-10-05T01:27:47.134945Z,KXBTC15M-26OCT042130-30,0.9950,135.46,yes
2026-10-05T01:27:47.157155Z,KXBTC15M-26OCT042130-30,0.9940,0.01,yes
2026-10-05T01:27:47.157155Z,KXBTC15M-26OCT042130-30,0.9940,0.01,yes
2026-10-05T01:27:47.157155Z,KXBTC15M-26OCT042130-30,0.9950,106.43,yes
2026-10-05T01:27:47.157155Z,KXBTC15M-26OCT042130-30,0.9950,1864.54,yes
2026-10-05T01:27:47.171176Z,KXBTC15M-26OCT042130-30,0.9940,0.01,yes
2026-10-05T01:27:47.171176Z,KXBTC15M-26OCT042130-30,0.9940,4.00,yes
2026-10-05T01:27:47.171176Z,KXBTC15M-26OCT042130-30,0.9940,0.01,yes
2026-10-05T01:27:47.186861Z,KXBTC15M-26OCT042130-30,0.9930,130.90,no
2026-10-05T01:27:47.193436Z,KXBTC15M-26OCT042130-30,0.9940,0.01,yes
2026-10-05T01:27:47.193436Z,KXBTC15M-26OCT042130-30,0.9940,0.01,yes
2026-10-05T01:27:47.193436Z,KXBTC15M-26OCT042130-30,0.9940,4.00,yes
2026-10-05T01:27:47.193436Z,KXBTC15M-26OCT042130-30,0.9940,12.00,yes
2026-10-05T01:27:47.223393Z,KXBTC15M-26OCT042130-30,0.9940,119.44,no
2026-10-05T01:27:47.223393Z,KXBTC15M-26OCT042130-30,0.9940,0.01,no
2026-10-05T01:27:47.223393Z,KXBTC15M-26OCT042130-30,0.9940,14.12,no
2026-10-05T01:27:47.223393Z,KXBTC15M-26OCT042130-30,0.9940,0.01,no
2026-10-05T01:27:47.260212Z,KXBTC15M-26OCT042130-30,0.9950,650.54,yes
2026-10-05T01:27:47.260458Z,KXBTC15M-26OCT042130-30,0.9940,229.12,no
2026-10-05T01:27:47.260458Z,KXBTC15M-26OCT042130-30,0.9940,0.88,no
2026-10-05T01:27:47.290139Z,KXBTC15M-26OCT042130-30,0.9940,6.68,no
2026-10-05T01:27:47.374809Z,KXBTC15M-26OCT042130-30,0.9940,25.59,no
2026-10-05T01:27:47.393663Z,KXBTC15M-26OCT042130-30,0.9950,2.14,yes
2026-10-05T01:27:47.409934Z,KXBTC15M-26OCT042130-30,0.9950,14.91,yes
2026-10-05T01:27:47.425275Z,KXBTC15M-26OCT042130-30,0.9950,34.00,yes
2026-10-05T01:27:47.525328Z,KXBTC15M-26OCT042130-30,0.9940,18.84,no
2026-10-05T01:27:47.529867Z,KXBTC15M-26OCT042130-30,0.9940,19.00,no
2026-10-05T01:27:47.613744Z,KXBTC15M-26OCT042130-30,0.9940,115.95,no
2026-10-05T01:27:47.616885Z,KXBTC15M-26OCT042130-30,0.9940,360.20,no
2026-10-05T01:27:47.682362Z,KXBTC15M-26OCT042130-30,0.9940,650.54,no
2026-10-05T01:27:47.682362Z,KXBTC15M-26OCT042130-30,0.9940,34.00,no
2026-10-05T01:27:47.682362Z,KXBTC15M-26OCT042130-30,0.9940,0.01,no
2026-10-05T01:27:47.682362Z,KXBTC15M-26OCT042130-30,0.9940,0.01,no
2026-10-05T01:27:47.682362Z,KXBTC15M-26OCT042130-30,0.9940,2994.23,no
2026-10-05T01:27:47.682362Z,KXBTC15M-26OCT042130-30,0.9940,15.00,no
2026-10-05T01:27:47.682362Z,KXBTC15M-26OCT042130-30,0.9940,2.14,no
2026-10-05T01:27:47.682362Z,KXBTC15M-26OCT042130-30,0.9940,14.91,no
2026-10-05T01:27:47.682362Z,KXBTC15M-26OCT042130-30,0.9940,200.00,no
2026-10-05T01:27:47.682362Z,KXBTC15M-26OCT042130-30,0.9940,1089.16,no
2026-10-05T01:27:47.683349Z,KXBTC15M-26OCT042130-30,0.9940,2005.77,no
2026-10-05T01:27:47.763565Z,KXBTC15M-26OCT042130-30,0.9950,7.03,yes
2026-10-05T01:27:47.791311Z,KXBTC15M-26OCT042130-30,0.9950,1.00,yes
2026-10-05T01:27:47.846818Z,KXBTC15M-26OCT042130-30,0.9950,18.08,yes
2026-10-05T01:27:47.900197Z,KXBTC15M-26OCT042130-30,0.9950,6.00,yes
2026-10-05T01:27:47.959163Z,KXBTC15M-26OCT042130-30,0.9950,13.63,yes
2026-10-05T01:27:47.995888Z,KXBTC15M-26OCT042130-30,0.9950,59.27,yes
2026-10-05T01:27:48.027365Z,KXBTC15M-26OCT042130-30,0.9950,1000.00,yes
2026-10-05T01:27:48.031765Z,KXBTC15M-26OCT042130-30,0.9950,913.03,yes
2026-10-05T01:27:48.031765Z,KXBTC15M-26OCT042130-30,0.9950,86.97,yes
2026-10-05T01:27:48.054192Z,KXBTC15M-26OCT042130-30,0.9940,59.27,no
2026-10-05T01:27:48.054192Z,KXBTC15M-26OCT042130-30,0.9940,26.36,no
2026-10-05T01:27:48.054192Z,KXBTC15M-26OCT042130-30,0.9940,0.01,no
2026-10-05T01:27:48.054192Z,KXBTC15M-26OCT042130-30,0.9940,7.03,no
2026-10-05T01:27:48.054192Z,KXBTC15M-26OCT042130-30,0.9940,15.00,no
2026-10-05T01:27:48.054192Z,KXBTC15M-26OCT042130-30,0.9940,0.01,no
2026-10-05T01:27:48.054192Z,KXBTC15M-26OCT042130-30,0.9940,6.00,no
2026-10-05T01:27:48.054192Z,KXBTC15M-26OCT042130-30,0.9940,18.08,no
2026-10-05T01:27:48.054192Z,KXBTC15M-26OCT042130-30,0.9940,13.63,no
2026-10-05T01:27:48.054192Z,KXBTC15M-26OCT042130-30,0.9940,1.00,no
2026-10-05T01:27:48.054192Z,KXBTC15M-26OCT042130-30,0.9940,15.00,no
2026-10-05T01:27:48.079104Z,KXBTC15M-26OCT042130-30,0.9950,100.00,yes
2026-10-05T01:27:48.089827Z,KXBTC15M-26OCT042130-30,0.9950,6.00,yes
2026-10-05T01:27:48.103869Z,KXBTC15M-26OCT042130-30,0.9950,105.56,yes
2026-10-05T01:27:48.107012Z,KXBTC15M-26OCT042130-30,0.9940,109.08,no
2026-10-05T01:27:48.116027Z,KXBTC15M-26OCT042130-30,0.9940,802.10,no
2026-10-05T01:27:48.116027Z,KXBTC15M-26OCT042130-30,0.9940,864.56,no
2026-10-05T01:27:48.118876Z,KXBTC15M-26OCT042130-30,0.9940,0.01,no
2026-10-05T01:27:48.118876Z,KXBTC15M-26OCT042130-30,0.9940,15.00,no
2026-10-05T01:27:48.118876Z,KXBTC15M-26OCT042130-30,0.9940,0.01,no
2026-10-05T01:27:48.118876Z,KXBTC15M-26OCT042130-30,0.9940,110.93,no
2026-10-05T01:27:48.118876Z,KXBTC15M-26OCT042130-30,0.9940,86.97,no
2026-10-05T01:27:48.118876Z,KXBTC15M-26OCT042130-30,0.9940,98.72,no
2026-10-05T01:27:48.14753Z,KXBTC15M-26OCT042130-30,0.9950,16.14,yes
2026-10-05T01:27:48.189382Z,KXBTC15M-26OCT042130-30,0.9940,0.02,no
2026-10-05T01:27:48.199767Z,KXBTC15M-26OCT042130-30,0.9930,8.75,no
2026-10-05T01:27:48.199767Z,KXBTC15M-26OCT042130-30,0.9940,15.00,no
2026-10-05T01:27:48.199767Z,KXBTC15M-26OCT042130-30,0.9940,105.56,no
2026-10-05T01:27:48.199767Z,KXBTC15M-26OCT042130-30,0.9940,16.14,no
2026-10-05T01:27:48.199767Z,KXBTC15M-26OCT042130-30,0.9940,1.26,no
2026-10-05T01:27:48.199767Z,KXBTC15M-26OCT042130-30,0.9940,6.00,no
2026-10-05T01:27:48.238094Z,KXBTC15M-26OCT042130-30,0.9950,217.52,yes
2026-10-05T01:27:48.284703Z,KXBTC15M-26OCT042130-30,0.9940,138.57,no
2026-10-05T01:27:48.30207Z,KXBTC15M-26OCT042130-30,0.9930,12.76,no
2026-10-05T01:27:48.30207Z,KXBTC15M-26OCT042130-30,0.9930,15.00,no
2026-10-05T01:27:48.30207Z,KXBTC15M-26OCT042130-30,0.9920,396.98,no
2026-10-05T01:27:48.30207Z,KXBTC15M-26OCT042130-30,0.9940,78.95,no
2026-10-05T01:27:48.30207Z,KXBTC15M-26OCT042130-30,0.9930,106.43,no
2026-10-05T01:27:48.323873Z,KXBTC15M-26OCT042130-30,0.9950,1.21,yes
2026-10-05T01:27:48.36732Z,KXBTC15M-26OCT042130-30,0.9950,1.00,yes
2026-10-05T01:27:48.389811Z,KXBTC15M-26OCT042130-30,0.9950,104.54,yes
2026-10-05T01:27:48.40282Z,KXBTC15M-26OCT042130-30,0.9940,15.00,no
2026-10-05T01:27:48.40282Z,KXBTC15M-26OCT042130-30,0.9940,1.21,no
2026-10-05T01:27:48.40282Z,KXBTC15M-26OCT042130-30,0.9940,1.00,no
2026-10-05T01:27:48.40282Z,KXBTC15M-26OCT042130-30,0.9940,25.00,no
2026-10-05T01:27:48.410723Z,KXBTC15M-26OCT042130-30,0.9940,35.50,no
2026-10-05T01:27:48.512664Z,KXBTC15M-26OCT042130-30,0.9940,69.04,no
2026-10-05T01:27:48.512664Z,KXBTC15M-26OCT042130-30,0.9940,16.42,no
2026-10-05T01:27:48.530736Z,KXBTC15M-26OCT042130-30,0.9950,30.20,yes
2026-10-05T01:27:48.560909Z,KXBTC15M-26OCT042130-30,0.9950,0.01,yes
2026-10-05T01:27:48.57095Z,KXBTC15M-26OCT042130-30,0.9940,58.99,no
2026-10-05T01:27:48.57095Z,KXBTC15M-26OCT042130-30,0.9940,47.58,no
2026-10-05T01:27:48.741011Z,KXBTC15M-26OCT042130-30,0.9940,30.20,no
2026-10-05T01:27:48.741011Z,KXBTC15M-26OCT042130-30,0.9930,144.00,no
2026-10-05T01:27:48.741011Z,KXBTC15M-26OCT042130-30,0.9940,0.01,no
2026-10-05T01:27:48.741011Z,KXBTC15M-26OCT042130-30,0.9940,309.01,no
2026-10-05T01:27:48.741011Z,KXBTC15M-26OCT042130-30,0.9930,156.63,no
2026-10-05T01:27:48.778912Z,KXBTC15M-26OCT042130-30,0.9930,116.88,no
2026-10-05T01:27:48.84142Z,KXBTC15M-26OCT042130-30,0.9920,1.00,no
2026-10-05T01:27:48.848522Z,KXBTC15M-26OCT042130-30,0.9920,116.88,no
2026-10-05T01:27:48.857911Z,KXBTC15M-26OCT042130-30,0.9920,397.53,no
2026-10-05T01:27:48.857911Z,KXBTC15M-26OCT042130-30,0.9920,318.04,no
2026-10-05T01:27:49.09224Z,KXBTC15M-26OCT042130-30,0.9920,73.29,no
2026-10-05T01:27:49.09224Z,KXBTC15M-26OCT042130-30,0.9920,43.59,no
2026-10-05T01:27:49.215096Z,KXBTC15M-26OCT042130-30,0.9920,64.81,no
2026-10-05T01:27:49.239522Z,KXBTC15M-26OCT042130-30,0.9920,3.21,no
2026-10-05T01:27:49.294038Z,KXBTC15M-26OCT042130-30,0.9920,71.48,no
2026-10-05T01:27:49.355197Z,KXBTC15M-26OCT042130-30,0.9920,500.00,no
2026-10-05T01:27:49.355197Z,KXBTC15M-26OCT042130-30,0.9920,500.00,no
2026-10-05T01:27:49.355197Z,KXBTC15M-26OCT042130-30,0.9920,15.00,no
2026-10-05T01:27:49.355197Z,KXBTC15M-26OCT042130-30,0.9920,200.00,no
2026-10-05T01:27:49.355197Z,KXBTC15M-26OCT042130-30,0.9920,1000.00,no
2026-10-05T01:27:49.355197Z,KXBTC15M-26OCT042130-30,0.9910,64.18,no
2026-10-05T01:27:49.355197Z,KXBTC15M-26OCT042130-30,0.9920,10.00,no
2026-10-05T01:27:49.355197Z,KXBTC15M-26OCT042130-30,0.9920,50.00,no
2026-10-05T01:27:49.355197Z,KXBTC15M-26OCT042130-30,0.9920,498.97,no
2026-10-05T01:27:49.355197Z,KXBTC15M-26OCT042130-30,0.9910,15.00,no
2026-10-05T01:27:49.355197Z,KXBTC15M-26OCT042130-30,0.9920,0.16,no
2026-10-05T01:27:49.372129Z,KXBTC15M-26OCT042130-30,0.9910,0.72,no
2026-10-05T01:27:49.375633Z,KXBTC15M-26OCT042130-30,0.9930,15.00,yes
2026-10-05T01:27:49.375633Z,KXBTC15M-26OCT042130-30,0.9930,0.01,yes
2026-10-05T01:27:49.375633Z,KXBTC15M-26OCT042130-30,0.9930,165.55,yes
2026-10-05T01:27:49.375633Z,KXBTC15M-26OCT042130-30,0.9930,134.48,yes
2026-10-05T01:27:49.375633Z,KXBTC15M-26OCT042130-30,0.9930,0.01,yes
2026-10-05T01:27:49.443365Z,KXBTC15M-26OCT042130-30,0.9930,523.00,yes
2026-10-05T01:27:49.443365Z,KXBTC15M-26OCT042130-30,0.9930,265.52,yes
2026-10-05T01:27:49.443365Z,KXBTC15M-26OCT042130-30,0.9930,10.00,yes
2026-10-05T01:27:49.443365Z,KXBTC15M-26OCT042130-30,0.9930,208.03,yes
2026-10-05T01:27:49.475402Z,KXBTC15M-26OCT042130-30,0.9920,89.83,no
2026-10-05T01:27:49.475402Z,KXBTC15M-26OCT042130-30,0.9920,15.00,no
2026-10-05T01:27:49.513897Z,KXBTC15M-26OCT042130-30,0.9940,165.55,yes
2026-10-05T01:27:49.513897Z,KXBTC15M-26OCT042130-30,0.9940,762.00,yes
2026-10-05T01:27:49.513897Z,KXBTC15M-26OCT042130-30,0.9930,500.00,yes
2026-10-05T01:27:49.513897Z,KXBTC15M-26OCT042130-30,0.9930,15.00,yes
2026-10-05T01:27:49.513897Z,KXBTC15M-26OCT042130-30,0.9930,0.01,yes
2026-10-05T01:27:49.513897Z,KXBTC15M-26OCT042130-30,0.9930,172.45,yes
2026-10-05T01:27:49.513897Z,KXBTC15M-26OCT042130-30,0.9930,500.00,yes
2026-10-05T01:27:49.513897Z,KXBTC15M-26OCT042130-30,0.9940,15.00,yes
2026-10-05T01:27:49.513897Z,KXBTC15M-26OCT042130-30,0.9930,15.00,yes
2026-10-05T01:27:49.513897Z,KXBTC15M-26OCT042130-30,0.9930,0.01,yes
2026-10-05T01:27:49.513897Z,KXBTC15M-26OCT042130-30,0.9930,400.00,yes
2026-10-05T01:27:49.513897Z,KXBTC15M-26OCT042130-30,0.9930,245.68,yes
2026-10-05T01:27:49.513897Z,KXBTC15M-26OCT042130-30,0.9950,504.79,yes
2026-10-05T01:27:49.513897Z,KXBTC15M-26OCT042130-30,0.9950,1727.87,yes
2026-10-05T01:27:49.539082Z,KXBTC15M-26OCT042130-30,0.9920,116.88,no
2026-10-05T01:27:49.567194Z,KXBTC15M-26OCT042130-30,0.9920,5.84,no
2026-10-05T01:27:49.588228Z,KXBTC15M-26OCT042130-30,0.9920,116.88,no
2026-10-05T01:27:49.650379Z,KXBTC15M-26OCT042130-30,0.9920,23.27,no
2026-10-05T01:27:49.650379Z,KXBTC15M-26OCT042130-30,0.9920,42.57,no
2026-10-05T01:27:49.76604Z,KXBTC15M-26OCT042130-30,0.9920,0.02,no
2026-10-05T01:27:49.796409Z,KXBTC15M-26OCT042130-30,0.9930,0.01,yes
2026-10-05T01:27:49.796409Z,KXBTC15M-26OCT042130-30,0.9930,3.98,yes
2026-10-05T01:27:49.796409Z,KXBTC15M-26OCT042130-30,0.9930,0.01,yes
2026-10-05T01:27:49.79976Z,KXBTC15M-26OCT042130-30,0.9930,27.87,yes
2026-10-05T01:27:49.800378Z,KXBTC15M-26OCT042130-30,0.9920,1.09,no
2026-10-05T01:27:49.811959Z,KXBTC15M-26OCT042130-30,0.9930,32.20,yes
2026-10-05T01:27:49.828062Z,KXBTC15M-26OCT042130-30,0.9930,104.84,yes
2026-10-05T01:27:49.828062Z,KXBTC15M-26OCT042130-30,0.9930,10.00,yes
2026-10-05T01:27:49.828062Z,KXBTC15M-26OCT042130-30,0.9930,0.01,yes
2026-10-05T01:27:49.828062Z,KXBTC15M-26OCT042130-30,0.9930,0.01,yes
2026-10-05T01:27:49.828062Z,KXBTC15M-26OCT042130-30,0.9930,335.95,yes
2026-10-05T01:27:49.828062Z,KXBTC15M-26OCT042130-30,0.9940,224.82,yes
2026-10-05T01:27:49.828062Z,KXBTC15M-26OCT042130-30,0.9930,17.00,yes
2026-10-05T01:27:49.858623Z,KXBTC15M-26OCT042130-30,0.9920,5.84,no
2026-10-05T01:27:49.894501Z,KXBTC15M-26OCT042130-30,0.9920,0.01,no
2026-10-05T01:27:49.894501Z,KXBTC15M-26OCT042130-30,0.9920,76.35,no
2026-10-05T01:27:49.894501Z,KXBTC15M-26OCT042130-30,0.9920,113.78,no
2026-10-05T01:27:49.932842Z,KXBTC15M-26OCT042130-30,0.9940,0.01,yes
2026-10-05T01:27:49.932842Z,KXBTC15M-26OCT042130-30,0.9940,16.00,yes
2026-10-05T01:27:49.932842Z,KXBTC15M-26OCT042130-30,0.9930,0.01,yes
2026-10-05T01:27:49.932842Z,KXBTC15M-26OCT042130-30,0.9940,29.68,yes
2026-10-05T01:27:49.932842Z,KXBTC15M-26OCT042130-30,0.9930,400.00,yes
2026-10-05T01:27:49.932842Z,KXBTC15M-26OCT042130-30,0.9930,0.01,yes
2026-10-05T01:27:49.932842Z,KXBTC15M-26OCT042130-30,0.9930,10.00,yes
2026-10-05T01:27:49.959525Z,KXBTC15M-26OCT042130-30,0.9940,1.33,yes
2026-10-05T01:27:49.967039Z,KXBTC15M-26OCT042130-30,0.9920,1081.07,no
2026-10-05T01:27:49.981504Z,KXBTC15M-26OCT042130-30,0.9930,2.94,yes
2026-10-05T01:27:49.981504Z,KXBTC15M-26OCT042130-30,0.9930,0.01,yes
2026-10-05T01:27:49.981504Z,KXBTC15M-26OCT042130-30,0.9930,0.01,yes
2026-10-05T01:27:49.981504Z,KXBTC15M-26OCT042130-30,0.9930,0.05,yes
2026-10-05T01:27:49.987532Z,KXBTC15M-26OCT042130-30,0.9940,0.01,yes
2026-10-05T01:27:49.987532Z,KXBTC15M-26OCT042130-30,0.9940,158.99,yes
2026-10-05T01:27:49.987532Z,KXBTC15M-26OCT042130-30,0.9940,118.44,yes
2026-10-05T01:27:49.987532Z,KXBTC15M-26OCT042130-30,0.9930,12.06,yes
2026-10-05T01:27:49.987532Z,KXBTC15M-26OCT042130-30,0.9940,0.01,yes
2026-10-05T01:27:49.987532Z,KXBTC15M-26OCT042130-30,0.9940,36.00,yes
2026-10-05T01:27:49.992084Z,KXBTC15M-26OCT042130-30,0.9930,2.94,yes
2026-10-05T01:27:49.992084Z,KXBTC15M-26OCT042130-30,0.9930,74.71,yes
2026-10-05T01:27:50.016365Z,KXBTC15M-26OCT042130-30,0.9920,10.12,no
2026-10-05T01:27:50.040864Z,KXBTC15M-26OCT042130-30,0.9920,343.64,no
2026-10-05T01:27:50.16563Z,KXBTC15M-26OCT042130-30,0.9930,448.29,yes
2026-10-05T01:27:50.16563Z,KXBTC15M-26OCT042130-30,0.9930,400.00,yes
2026-10-05T01:27:50.16563Z,KXBTC15M-26OCT042130-30,0.9930,10.00,yes
2026-10-05T01:27:50.16563Z,KXBTC15M-26OCT042130-30,0.9930,0.01,yes
2026-10-05T01:27:50.16563Z,KXBTC15M-26OCT042130-30,0.9930,500.00,yes
2026-10-05T01:27:50.16563Z,KXBTC15M-26OCT042130-30,0.9930,83.88,yes
2026-10-05T01:27:50.16563Z,KXBTC15M-26OCT042130-30,0.9930,500.00,yes
2026-10-05T01:27:50.170413Z,KXBTC15M-26OCT042130-30,0.9920,1.09,no
2026-10-05T01:27:50.172195Z,KXBTC15M-26OCT042130-30,0.9940,83.88,yes
2026-10-05T01:27:50.172195Z,KXBTC15M-26OCT042130-30,0.9940,16.00,yes
2026-10-05T01:27:50.172195Z,KXBTC15M-26OCT042130-30,0.9930,0.01,yes
2026-10-05T01:27:50.17407Z,KXBTC15M-26OCT042130-30,0.9940,16.68,no
2026-10-05T01:27:50.216422Z,KXBTC15M-26OCT042130-30,0.9930,748.83,no
2026-10-05T01:27:50.216422Z,KXBTC15M-26OCT042130-30,0.9930,420.00,no
2026-10-05T01:27:50.248273Z,KXBTC15M-26OCT042130-30,0.9930,43.73,no
2026-10-05T01:27:50.252622Z,KXBTC15M-26OCT042130-30,0.9930,116.88,no
2026-10-05T01:27:50.272709Z,KXBTC15M-26OCT042130-30,0.9920,152.80,no
2026-10-05T01:27:50.272709Z,KXBTC15M-26OCT042130-30,0.9920,215.60,no
2026-10-05T01:27:50.272709Z,KXBTC15M-26OCT042130-30,0.9930,1.00,no
2026-10-05T01:27:50.272709Z,KXBTC15M-26OCT042130-30,0.9930,0.01,no
2026-10-05T01:27:50.272709Z,KXBTC15M-26OCT042130-30,0.9930,0.01,no
2026-10-05T01:27:50.272709Z,KXBTC15M-26OCT042130-30,0.9930,200.00,no
2026-10-05T01:27:50.272709Z,KXBTC15M-26OCT042130-30,0.9930,15.00,no
2026-10-05T01:27:50.288567Z,KXBTC15M-26OCT042130-30,0.9940,0.02,yes
2026-10-05T01:27:50.290074Z,KXBTC15M-26OCT042130-30,0.9940,0.02,yes
2026-10-05T01:27:50.296068Z,KXBTC15M-26OCT042130-30,0.9940,0.02,yes
2026-10-05T01:27:50.303561Z,KXBTC15M-26OCT042130-30,0.9920,105.86,no
2026-10-05T01:27:50.303561Z,KXBTC15M-26OCT042130-30,0.9930,0.01,no
2026-10-05T01:27:50.303561Z,KXBTC15M-26OCT042130-30,0.9930,0.01,no
2026-10-05T01:27:50.303561Z,KXBTC15M-26OCT042130-30,0.9930,11.00,no
2026-10-05T01:27:50.376526Z,KXBTC15M-26OCT042130-30,0.9930,1.98,no
2026-10-05T01:27:50.376526Z,KXBTC15M-26OCT042130-30,0.9930,0.01,no
2026-10-05T01:27:50.376526Z,KXBTC15M-26OCT042130-30,0.9930,0.01,no
2026-10-05T01:27:50.486097Z,KXBTC15M-26OCT042130-30,0.9930,22.21,no
2026-10-05T01:27:50.507768Z,KXBTC15M-26OCT042130-30,0.9940,15.94,yes
2026-10-05T01:27:50.507768Z,KXBTC15M-26OCT042130-30,0.9940,11.59,yes
2026-10-05T01:27:50.507768Z,KXBTC15M-26OCT042130-30,0.9940,0.01,yes
2026-10-05T01:27:50.50821Z,KXBTC15M-26OCT042130-30,0.9930,116.88,no
2026-10-05T01:27:50.515601Z,KXBTC15M-26OCT042130-30,0.9940,0.01,yes
2026-10-05T01:27:50.515601Z,KXBTC15M-26OCT042130-30,0.9940,0.02,yes
2026-10-05T01:27:50.515601Z,KXBTC15M-26OCT042130-30,0.9940,0.01,yes
2026-10-05T01:27:50.515601Z,KXBTC15M-26OCT042130-30,0.9940,3.41,yes
2026-10-05T01:27:50.515601Z,KXBTC15M-26OCT042130-30,0.9940,0.04,yes
2026-10-05T01:27:50.515601Z,KXBTC15M-26OCT042130-30,0.9950,129.67,yes
2026-10-05T01:27:50.529411Z,KXBTC15M-26OCT042130-30,0.9890,500.00,no
2026-10-05T01:27:50.529411Z,KXBTC15M-26OCT042130-30,0.9910,1435.10,no
2026-10-05T01:27:50.529411Z,KXBTC15M-26OCT042130-30,0.9900,5000.00,no
2026-10-05T01:27:50.529411Z,KXBTC15M-26OCT042130-30,0.9890,0.26,no
2026-10-05T01:27:50.529411Z,KXBTC15M-26OCT042130-30,0.9910,0.21,no
2026-10-05T01:27:50.529411Z,KXBTC15M-26OCT042130-30,0.9900,50.00,no
2026-10-05T01:27:50.529411Z,KXBTC15M-26OCT042130-30,0.9920,246.13,no
2026-10-05T01:27:50.529411Z,KXBTC15M-26OCT042130-30,0.9890,1714.39,no
2026-10-05T01:27:50.529411Z,KXBTC15M-26OCT042130-30,0.9920,18.00,no
2026-10-05T01:27:50.529411Z,KXBTC15M-26OCT042130-30,0.9930,500.00,no
2026-10-05T01:27:50.529411Z,KXBTC15M-26OCT042130-30,0.9930,73.55,no
2026-10-05T01:27:50.529411Z,KXBTC15M-26OCT042130-30,0.9900,60.00,no
2026-10-05T01:27:50.529411Z,KXBTC15M-26OCT042130-30,0.9920,200.00,no
2026-10-05T01:27:50.529411Z,KXBTC15M-26OCT042130-30,0.9910,17.00,no
2026-10-05T01:27:50.529411Z,KXBTC15M-26OCT042130-30,0.9910,15.00,no
2026-10-05T01:27:50.529411Z,KXBTC15M-26OCT042130-30,0.9930,500.00,no
2026-10-05T01:27:50.529411Z,KXBTC15M-26OCT042130-30,0.9930,0.01,no
2026-10-05T01:27:50.529411Z,KXBTC15M-26OCT042130-30,0.9930,0.01,no
2026-10-05T01:27:50.529411Z,KXBTC15M-26OCT042130-30,0.9930,1.00,no
2026-10-05T01:27:50.529411Z,KXBTC15M-26OCT042130-30,0.9900,15.00,no
2026-10-05T01:27:50.529411Z,KXBTC15M-26OCT042130-30,0.9900,0.23,no
2026-10-05T01:27:50.529411Z,KXBTC15M-26OCT042130-30,0.9890,406.31,no
2026-10-05T01:27:50.529411Z,KXBTC15M-26OCT042130-30,0.9900,25.00,no
2026-10-05T01:27:50.529411Z,KXBTC15M-26OCT042130-30,0.9900,100.00,no
2026-10-05T01:27:50.529411Z,KXBTC15M-26OCT042130-30,0.9900,538.42,no
2026-10-05T01:27:50.529411Z,KXBTC15M-26OCT042130-30,0.9900,140.00,no
2026-10-05T01:27:50.529411Z,KXBTC15M-26OCT042130-30,0.9900,35.00,no
2026-10-05T01:27:50.529411Z,KXBTC15M-26OCT042130-30,0.9890,312.73,no
2026-10-05T01:27:50.555625Z,KXBTC15M-26OCT042130-30,0.9920,0.01,no
2026-10-05T01:27:50.555625Z,KXBTC15M-26OCT042130-30,0.9920,22.89,no
2026-10-05T01:27:50.555625Z,KXBTC15M-26OCT042130-30,0.9920,0.01,no
2026-10-05T01:27:50.572962Z,KXBTC15M-26OCT042130-30,0.9920,116.88,no
2026-10-05T01:27:50.715712Z,KXBTC15M-26OCT042130-30,0.9920,1.86,no
2026-10-05T01:27:50.715712Z,KXBTC15M-26OCT042130-30,0.9920,100.00,no
2026-10-05T01:27:50.715712Z,KXBTC15M-26OCT042130-30,0.9920,15.00,no
2026-10-05T01:27:50.715712Z,KXBTC15M-26OCT042130-30,0.9920,0.01,no
2026-10-05T01:27:50.715712Z,KXBTC15M-26OCT042130-30,0.9920,0.01,no
2026-10-05T01:27:50.732092Z,KXBTC15M-26OCT042130-30,0.9930,69.00,yes
2026-10-05T01:27:50.767709Z,KXBTC15M-26OCT042130-30,0.9940,15.94,yes
2026-10-05T01:27:50.767709Z,KXBTC15M-26OCT042130-30,0.9940,15.00,yes
2026-10-05T01:27:50.767709Z,KXBTC15M-26OCT042130-30,0.9930,0.01,yes
2026-10-05T01:27:50.767709Z,KXBTC15M-26OCT042130-30,0.9930,1.00,yes
2026-10-05T01:27:50.767709Z,KXBTC15M-26OCT042130-30,0.9930,0.01,yes
2026-10-05T01:27:50.767709Z,KXBTC15M-26OCT042130-30,0.9930,431.00,yes
2026-10-05T01:27:50.767709Z,KXBTC15M-26OCT042130-30,0.9930,15.00,yes
2026-10-05T01:27:50.767709Z,KXBTC15M-26OCT042130-30,0.9930,15.00,yes
2026-10-05T01:27:50.767709Z,KXBTC15M-26OCT042130-30,0.9940,0.06,yes
2026-10-05T01:27:50.767709Z,KXBTC15M-26OCT042130-30,0.9940,130.70,yes
2026-10-05T01:27:50.767709Z,KXBTC15M-26OCT042130-30,0.9950,233.82,yes
2026-10-05T01:27:50.767709Z,KXBTC15M-26OCT042130-30,0.9950,142.46,yes
2026-10-05T01:27:50.773849Z,KXBTC15M-26OCT042130-30,0.9920,22.91,no
2026-10-05T01:27:50.82679Z,KXBTC15M-26OCT042130-30,0.9930,0.01,yes
2026-10-05T01:27:50.82679Z,KXBTC15M-26OCT042130-30,0.9940,3.05,yes
2026-10-05T01:27:50.82679Z,KXBTC15M-26OCT042130-30,0.9930,0.01,yes
2026-10-05T01:27:50.868758Z,KXBTC15M-26OCT042130-30,0.9920,15.49,no
2026-10-05T01:27:50.871759Z,KXBTC15M-26OCT042130-30,0.9920,13.27,no
2026-10-05T01:27:50.919275Z,KXBTC15M-26OCT042130-30,0.9920,26.76,no
2026-10-05T01:27:50.919275Z,KXBTC15M-26OCT042130-30,0.9920,146.47,no
2026-10-05T01:27:51.025939Z,KXBTC15M-26OCT042130-30,0.9920,16.00,no
2026-10-05T01:27:51.025939Z,KXBTC15M-26OCT042130-30,0.9920,400.00,no
2026-10-05T01:27:51.025939Z,KXBTC15M-26OCT042130-30,0.9920,102.91,no
2026-10-05T01:27:51.025939Z,KXBTC15M-26OCT042130-30,0.9920,53.82,no
2026-10-05T01:27:51.050517Z,KXBTC15M-26OCT042130-30,0.9930,11.60,yes
2026-10-05T01:27:51.050517Z,KXBTC15M-26OCT042130-30,0.9930,0.01,yes
2026-10-05T01:27:51.050517Z,KXBTC15M-26OCT042130-30,0.9930,0.01,yes
2026-10-05T01:27:51.095714Z,KXBTC15M-26OCT042130-30,0.9930,4.66,yes
2026-10-05T01:27:51.095714Z,KXBTC15M-26OCT042130-30,0.9930,2.38,yes
2026-10-05T01:27:51.106195Z,KXBTC15M-26OCT042130-30,0.9930,40.22,yes
2026-10-05T01:27:51.134322Z,KXBTC15M-26OCT042130-30,0.9920,161.53,no
2026-10-05T01:27:51.134322Z,KXBTC15M-26OCT042130-30,0.9920,1.00,no
2026-10-05T01:27:51.134322Z,KXBTC15M-26OCT042130-30,0.9920,233.82,no
2026-10-05T01:27:51.134322Z,KXBTC15M-26OCT042130-30,0.9920,15.00,no
2026-10-05T01:27:51.134322Z,KXBTC15M-26OCT042130-30,0.9920,142.46,no
2026-10-05T01:27:51.134322Z,KXBTC15M-26OCT042130-30,0.9920,0.01,no
2026-10-05T01:27:51.134322Z,KXBTC15M-26OCT042130-30,0.9920,446.18,no
2026-10-05T01:27:51.154555Z,KXBTC15M-26OCT042130-30,0.9920,0.02,no
2026-10-05T01:27:51.17686Z,KXBTC15M-26OCT042130-30,0.9920,0.01,no
2026-10-05T01:27:51.17686Z,KXBTC15M-26OCT042130-30,0.9920,0.01,no
2026-10-05T01:27:51.17686Z,KXBTC15M-26OCT042130-30,0.9920,14.00,no
2026-10-05T01:27:51.177705Z,KXBTC15M-26OCT042130-30,0.9900,0.02,no
2026-10-05T01:27:51.192145Z,KXBTC15M-26OCT042130-30,0.9920,0.01,no
2026-10-05T01:27:51.192145Z,KXBTC15M-26OCT042130-30,0.9920,0.01,no
2026-10-05T01:27:51.454055Z,KXBTC15M-26OCT042130-30,0.9930,9.23,yes
2026-10-05T01:27:51.466263Z,KXBTC15M-26OCT042130-30,0.9900,200.00,no
2026-10-05T01:27:51.466263Z,KXBTC15M-26OCT042130-30,0.9920,0.01,no
2026-10-05T01:27:51.466263Z,KXBTC15M-26OCT042130-30,0.9920,0.01,no
2026-10-05T01:27:51.466263Z,KXBTC15M-26OCT042130-30,0.9910,1000.00,no
2026-10-05T01:27:51.466263Z,KXBTC15M-26OCT042130-30,0.9910,15.00,no
2026-10-05T01:27:51.466263Z,KXBTC15M-26OCT042130-30,0.9910,200.00,no
2026-10-05T01:27:51.466263Z,KXBTC15M-26OCT042130-30,0.9890,663.13,no
2026-10-05T01:27:51.466263Z,KXBTC15M-26OCT042130-30,0.9900,49.98,no
2026-10-05T01:27:51.466263Z,KXBTC15M-26OCT042130-30,0.9900,15.00,no
2026-10-05T01:27:51.502534Z,KXBTC15M-26OCT042130-30,0.9920,1.31,yes
2026-10-05T01:27:51.512431Z,KXBTC15M-26OCT042130-30,0.9900,29.96,no
2026-10-05T01:27:51.512431Z,KXBTC15M-26OCT042130-30,0.9900,0.01,no
2026-10-05T01:27:51.512431Z,KXBTC15M-26OCT042130-30,0.9900,0.01,no
2026-10-05T01:27:51.654393Z,KXBTC15M-26OCT042130-30,0.9920,15.83,yes
2026-10-05T01:27:51.712165Z,KXBTC15M-26OCT042130-30,0.9920,36.00,yes
2026-10-05T01:27:51.721498Z,KXBTC15M-26OCT042130-30,0.9910,105.51,no
2026-10-05T01:27:51.721498Z,KXBTC15M-26OCT042130-30,0.9910,0.01,no
2026-10-05T01:27:51.721498Z,KXBTC15M-26OCT042130-30,0.9910,0.01,no
2026-10-05T01:27:51.721498Z,KXBTC15M-26OCT042130-30,0.9910,17.00,no
2026-10-05T01:27:51.788376Z,KXBTC15M-26OCT042130-30,0.9920,135.88,yes
2026-10-05T01:27:51.790455Z,KXBTC15M-26OCT042130-30,0.9920,19.72,yes
2026-10-05T01:27:51.858635Z,KXBTC15M-26OCT042130-30,0.9920,15.00,yes
2026-10-05T01:27:51.858635Z,KXBTC15M-26OCT042130-30,0.9920,0.01,yes
2026-10-05T01:27:51.858635Z,KXBTC15M-26OCT042130-30,0.9920,0.01,yes
2026-10-05T01:27:51.858635Z,KXBTC15M-26OCT042130-30,0.9920,1291.26,yes
2026-10-05T01:27:51.858635Z,KXBTC15M-26OCT042130-30,0.9920,500.00,yes
2026-10-05T01:27:51.858635Z,KXBTC15M-26OCT042130-30,0.9920,500.00,yes
2026-10-05T01:27:51.858635Z,KXBTC15M-26OCT042130-30,0.9920,1.00,yes
2026-10-05T01:27:51.88149Z,KXBTC15M-26OCT042130-30,0.9910,15.00,no
2026-10-05T01:27:51.88149Z,KXBTC15M-26OCT042130-30,0.9920,290.44,no
2026-10-05T01:27:51.88149Z,KXBTC15M-26OCT042130-30,0.9910,0.01,no
2026-10-05T01:27:51.88149Z,KXBTC15M-26OCT042130-30,0.9910,0.01,no
2026-10-05T01:27:51.88149Z,KXBTC15M-26OCT042130-30,0.9910,200.00,no
2026-10-05T01:27:51.88149Z,KXBTC15M-26OCT042130-30,0.9910,152.31,no
2026-10-05T01:27:51.88149Z,KXBTC15M-26OCT042130-30,0.9920,200.00,no
2026-10-05T01:27:51.88149Z,KXBTC15M-26OCT042130-30,0.9920,0.01,no
2026-10-05T01:27:51.90896Z,KXBTC15M-26OCT042130-30,0.9920,186.12,no
2026-10-05T01:27:51.927692Z,KXBTC15M-26OCT042130-30,0.9910,92.59,no
2026-10-05T01:27:51.927692Z,KXBTC15M-26OCT042130-30,0.9920,0.01,no
2026-10-05T01:27:52.117158Z,KXBTC15M-26OCT042130-30,0.9920,137.97,no
2026-10-05T01:27:52.117158Z,KXBTC15M-26OCT042130-30,0.9920,224.00,no
2026-10-05T01:27:52.12945Z,KXBTC15M-26OCT042130-30,0.9930,0.01,yes
2026-10-05T01:27:52.12945Z,KXBTC15M-26OCT042130-30,0.9930,15.00,yes
2026-10-05T01:27:52.12945Z,KXBTC15M-26OCT042130-30,0.9930,0.01,yes
2026-10-05T01:27:52.12945Z,KXBTC15M-26OCT042130-30,0.9930,104.12,yes
2026-10-05T01:27:52.140713Z,KXBTC15M-26OCT042130-30,0.9940,10.00,yes
2026-10-05T01:27:52.140713Z,KXBTC15M-26OCT042130-30,0.9940,16.00,yes
2026-10-05T01:27:52.140713Z,KXBTC15M-26OCT042130-30,0.9930,0.01,yes
2026-10-05T01:27:52.140713Z,KXBTC15M-26OCT042130-30,0.9930,0.01,yes
2026-10-05T01:27:52.140713Z,KXBTC15M-26OCT042130-30,0.9940,779.00,yes
2026-10-05T01:27:52.140713Z,KXBTC15M-26OCT042130-30,0.9940,1.00,yes
2026-10-05T01:27:52.140713Z,KXBTC15M-26OCT042130-30,0.9930,418.88,yes
2026-10-05T01:27:52.140713Z,KXBTC15M-26OCT042130-30,0.9940,200.00,yes
2026-10-05T01:27:52.140713Z,KXBTC15M-26OCT042130-30,0.9930,500.00,yes
2026-10-05T01:27:52.140713Z,KXBTC15M-26OCT042130-30,0.9950,0.54,yes
2026-10-05T01:27:52.140713Z,KXBTC15M-26OCT042130-30,0.9950,96.00,yes
2026-10-05T01:27:52.140713Z,KXBTC15M-26OCT042130-30,0.9950,96.00,yes
2026-10-05T01:27:52.140713Z,KXBTC15M-26OCT042130-30,0.9950,96.00,yes
2026-10-05T01:27:52.140713Z,KXBTC15M-26OCT042130-30,0.9950,790.18,yes
2026-10-05T01:27:52.140713Z,KXBTC15M-26OCT042130-30,0.9950,11.00,yes
2026-10-05T01:27:52.189932Z,KXBTC15M-26OCT042130-30,0.9930,0.01,yes
2026-10-05T01:27:52.189932Z,KXBTC15M-26OCT042130-30,0.9930,15.00,yes
2026-10-05T01:27:52.189932Z,KXBTC15M-26OCT042130-30,0.9930,0.01,yes
2026-10-05T01:27:52.189932Z,KXBTC15M-26OCT042130-30,0.9940,71.86,yes
2026-10-05T01:27:52.20336Z,KXBTC15M-26OCT042130-30,0.9920,0.01,no
2026-10-05T01:27:52.20336Z,KXBTC15M-26OCT042130-30,0.9920,0.01,no
2026-10-05T01:27:52.20336Z,KXBTC15M-26OCT042130-30,0.9920,15.00,no
2026-10-05T01:27:52.20336Z,KXBTC15M-26OCT042130-30,0.9920,88.89,no
2026-10-05T01:27:52.258701Z,KXBTC15M-26OCT042130-30,0.9920,91.91,no
2026-10-05T01:27:52.271287Z,KXBTC15M-26OCT042130-30,0.9920,188.15,no
2026-10-05T01:27:52.326706Z,KXBTC15M-26OCT042130-30,0.9930,0.01,yes
2026-10-05T01:27:52.326706Z,KXBTC15M-26OCT042130-30,0.9930,15.00,yes
2026-10-05T01:27:52.326706Z,KXBTC15M-26OCT042130-30,0.9930,15.00,yes
2026-10-05T01:27:52.326706Z,KXBTC15M-26OCT042130-30,0.9940,68.71,yes
2026-10-05T01:27:52.326706Z,KXBTC15M-26OCT042130-30,0.9930,0.01,yes
2026-10-05T01:27:52.368052Z,KXBTC15M-26OCT042130-30,0.9920,18.87,no
2026-10-05T01:27:52.402491Z,KXBTC15M-26OCT042130-30,0.9920,71.00,no
2026-10-05T01:27:52.559049Z,KXBTC15M-26OCT042130-30,0.9930,27.66,no
2026-10-05T01:27:52.600221Z,KXBTC15M-26OCT042130-30,0.9940,9.85,yes
2026-10-05T01:27:52.613866Z,KXBTC15M-26OCT042130-30,0.9940,8.19,yes
2026-10-05T01:27:52.663846Z,KXBTC15M-26OCT042130-30,0.9930,244.97,no
2026-10-05T01:27:52.663846Z,KXBTC15M-26OCT042130-30,0.9930,456.34,no
2026-10-05T01:27:52.755597Z,KXBTC15M-26OCT042130-30,0.9930,233.77,no
2026-10-05T01:27:52.768116Z,KXBTC15M-26OCT042130-30,0.9930,500.00,no
2026-10-05T01:27:52.768116Z,KXBTC15M-26OCT042130-30,0.9930,266.23,no
2026-10-05T01:27:52.768116Z,KXBTC15M-26OCT042130-30,0.9930,0.01,no
2026-10-05T01:27:52.768116Z,KXBTC15M-26OCT042130-30,0.9920,43.28,no
2026-10-05T01:27:52.768116Z,KXBTC15M-26OCT042130-30,0.9930,11.94,no
2026-10-05T01:27:52.768116Z,KXBTC15M-26OCT042130-30,0.9930,0.01,no
2026-10-05T01:27:52.768116Z,KXBTC15M-26OCT042130-30,0.9920,331.36,no
2026-10-05T01:27:52.768116Z,KXBTC15M-26OCT042130-30,0.9930,15.00,no
2026-10-05T01:27:52.768116Z,KXBTC15M-26OCT042130-30,0.9930,1.00,no
2026-10-05T01:27:52.778754Z,KXBTC15M-26OCT042130-30,0.9920,359.00,no
2026-10-05T01:27:52.778754Z,KXBTC15M-26OCT042130-30,0.9920,64.72,no
2026-10-05T01:27:52.778754Z,KXBTC15M-26OCT042130-30,0.9930,0.01,no
2026-10-05T01:27:52.796039Z,KXBTC15M-26OCT042130-30,0.9930,66.37,yes
2026-10-05T01:27:52.82007Z,KXBTC15M-26OCT042130-30,0.9940,16.00,yes
2026-10-05T01:27:52.82007Z,KXBTC15M-26OCT042130-30,0.9940,0.01,yes
2026-10-05T01:27:52.82007Z,KXBTC15M-26OCT042130-30,0.9940,71.10,yes
2026-10-05T01:27:52.82007Z,KXBTC15M-26OCT042130-30,0.9940,0.01,yes
2026-10-05T01:27:52.82007Z,KXBTC15M-26OCT042130-30,0.9930,0.01,yes
2026-10-05T01:27:52.82007Z,KXBTC15M-26OCT042130-30,0.9930,523.00,yes
2026-10-05T01:27:52.82007Z,KXBTC15M-26OCT042130-30,0.9930,0.01,yes
2026-10-05T01:27:52.82007Z,KXBTC15M-26OCT042130-30,0.9940,15.00,yes
2026-10-05T01:27:52.829392Z,KXBTC15M-26OCT042130-30,0.9910,5.70,no
2026-10-05T01:27:52.829392Z,KXBTC15M-26OCT042130-30,0.9920,0.01,no
2026-10-05T01:27:52.829392Z,KXBTC15M-26OCT042130-30,0.9920,0.01,no
2026-10-05T01:27:52.885264Z,KXBTC15M-26OCT042130-30,0.9920,0.01,no
2026-10-05T01:27:52.885264Z,KXBTC15M-26OCT042130-30,0.9920,10.21,no
2026-10-05T01:27:52.898072Z,KXBTC15M-26OCT042130-30,0.9920,1.31,no
2026-10-05T01:27:52.904861Z,KXBTC15M-26OCT042130-30,0.9930,15.00,yes
2026-10-05T01:27:52.904861Z,KXBTC15M-26OCT042130-30,0.9930,400.00,yes
2026-10-05T01:27:52.904861Z,KXBTC15M-26OCT042130-30,0.9930,0.01,yes
2026-10-05T01:27:52.904861Z,KXBTC15M-26OCT042130-30,0.9930,206.32,yes
2026-10-05T01:27:52.904861Z,KXBTC15M-26OCT042130-30,0.9930,15.00,yes
2026-10-05T01:27:52.904861Z,KXBTC15M-26OCT042130-30,0.9930,0.01,yes
2026-10-05T01:27:52.904861Z,KXBTC15M-26OCT042130-30,0.9930,252.27,yes
2026-10-05T01:27:53.019701Z,KXBTC15M-26OCT042130-30,0.9910,57.52,no
2026-10-05T01:27:53.019701Z,KXBTC15M-26OCT042130-30,0.9920,0.01,no
2026-10-05T01:27:53.019701Z,KXBTC15M-26OCT042130-30,0.9920,4.00,no
2026-10-05T01:27:53.019701Z,KXBTC15M-26OCT042130-30,0.9920,3.48,no
2026-10-05T01:27:53.019701Z,KXBTC15M-26OCT042130-30,0.9920,0.01,no
2026-10-05T01:27:53.019701Z,KXBTC15M-26OCT042130-30,0.9920,20.00,no
2026-10-05T01:27:53.073227Z,KXBTC15M-26OCT042130-30,0.9930,477.47,yes
2026-10-05T01:27:53.073227Z,KXBTC15M-26OCT042130-30,0.9930,0.01,yes
2026-10-05T01:27:53.073227Z,KXBTC15M-26OCT042130-30,0.9930,15.00,yes
2026-10-05T01:27:53.073227Z,KXBTC15M-26OCT042130-30,0.9930,0.01,yes
2026-10-05T01:27:53.073227Z,KXBTC15M-26OCT042130-30,0.9930,1.00,yes
2026-10-05T01:27:53.073227Z,KXBTC15M-26OCT042130-30,0.9930,200.00,yes
2026-10-05T01:27:53.073227Z,KXBTC15M-26OCT042130-30,0.9930,400.00,yes
2026-10-05T01:27:53.131924Z,KXBTC15M-26OCT042130-30,0.9920,0.01,no
2026-10-05T01:27:53.131924Z,KXBTC15M-26OCT042130-30,0.9920,15.00,no
2026-10-05T01:27:53.131924Z,KXBTC15M-26OCT042130-30,0.9920,0.01,no
2026-10-05T01:27:53.131924Z,KXBTC15M-26OCT042130-30,0.9910,519.99,no
2026-10-05T01:27:53.144925Z,KXBTC15M-26OCT042130-30,0.9930,22.53,yes
2026-10-05T01:27:53.144925Z,KXBTC15M-26OCT042130-30,0.9930,7.47,yes
2026-10-05T01:27:53.261965Z,KXBTC15M-26OCT042130-30,0.9920,0.01,no
2026-10-05T01:27:53.261965Z,KXBTC15M-26OCT042130-30,0.9920,0.01,no
2026-10-05T01:27:53.261965Z,KXBTC15M-26OCT042130-30,0.9910,13.37,no
2026-10-05T01:27:53.282916Z,KXBTC15M-26OCT042130-30,0.9910,0.01,no
2026-10-05T01:27:53.282916Z,KXBTC15M-26OCT042130-30,0.9910,0.01,no
2026-10-05T01:27:53.282916Z,KXBTC15M-26OCT042130-30,0.9910,72.00,no
2026-10-05T01:27:53.282916Z,KXBTC15M-26OCT042130-30,0.9910,3.63,no
2026-10-05T01:27:53.282916Z,KXBTC15M-26OCT042130-30,0.9910,15.00,no
2026-10-05T01:27:53.393001Z,KXBTC15M-26OCT042130-30,0.9930,7.53,yes
2026-10-05T01:27:53.393001Z,KXBTC15M-26OCT042130-30,0.9930,0.01,yes
2026-10-05T01:27:53.393001Z,KXBTC15M-26OCT042130-30,0.9930,0.01,yes
2026-10-05T01:27:53.393001Z,KXBTC15M-26OCT042130-30,0.9930,72.97,yes
2026-10-05T01:27:53.452143Z,KXBTC15M-26OCT042130-30,0.9910,1.00,no
2026-10-05T01:27:53.557095Z,KXBTC15M-26OCT042130-30,0.9930,400.00,yes
2026-10-05T01:27:53.557095Z,KXBTC15M-26OCT042130-30,0.9930,15.00,yes
2026-10-05T01:27:53.557095Z,KXBTC15M-26OCT042130-30,0.9930,130.60,yes
2026-10-05T01:27:53.557095Z,KXBTC15M-26OCT042130-30,0.9930,127.03,yes
2026-10-05T01:27:53.557095Z,KXBTC15M-26OCT042130-30,0.9930,500.00,yes
2026-10-05T01:27:53.563979Z,KXBTC15M-26OCT042130-30,0.9930,2.01,yes
2026-10-05T01:27:53.73465Z,KXBTC15M-26OCT042130-30,0.9930,15.00,yes
2026-10-05T01:27:53.73465Z,KXBTC15M-26OCT042130-30,0.9930,74.00,yes
2026-10-05T01:27:53.73465Z,KXBTC15M-26OCT042130-30,0.9930,0.01,yes
2026-10-05T01:27:53.73465Z,KXBTC15M-26OCT042130-30,0.9930,15.00,yes
2026-10-05T01:27:53.73465Z,KXBTC15M-26OCT042130-30,0.9930,0.01,yes
2026-10-05T01:27:53.803164Z,KXBTC15M-26OCT042130-30,0.9910,200.00,no
2026-10-05T01:27:53.803164Z,KXBTC15M-26OCT042130-30,0.9910,14.00,no
2026-10-05T01:27:53.803164Z,KXBTC15M-26OCT042130-30,0.9910,0.01,no
2026-10-05T01:27:53.803164Z,KXBTC15M-26OCT042130-30,0.9910,39.00,no
2026-10-05T01:27:53.803164Z,KXBTC15M-26OCT042130-30,0.9910,0.01,no
2026-10-05T01:27:53.803164Z,KXBTC15M-26OCT042130-30,0.9910,353.00,no
2026-10-05T01:27:53.803164Z,KXBTC15M-26OCT042130-30,0.9910,16.00,no
2026-10-05T01:27:53.818127Z,KXBTC15M-26OCT042130-30,0.9930,1.00,yes
2026-10-05T01:27:53.85248Z,KXBTC15M-26OCT042130-30,0.9890,2136.13,no
2026-10-05T01:27:53.85248Z,KXBTC15M-26OCT042130-30,0.9910,15.00,no
2026-10-05T01:27:53.85248Z,KXBTC15M-26OCT042130-30,0.9910,0.01,no
2026-10-05T01:27:53.85248Z,KXBTC15M-26OCT042130-30,0.9900,20.04,no
2026-10-05T01:27:53.85248Z,KXBTC15M-26OCT042130-30,0.9910,284.82,no
2026-10-05T01:27:53.85248Z,KXBTC15M-26OCT042130-30,0.9900,100.00,no
2026-10-05T01:27:53.856786Z,KXBTC15M-26OCT042130-30,0.9920,3.76,yes
2026-10-05T01:27:53.99219Z,KXBTC15M-26OCT042130-30,0.9900,0.01,no
2026-10-05T01:27:53.99219Z,KXBTC15M-26OCT042130-30,0.9900,9.16,no
2026-10-05T01:27:54.055529Z,KXBTC15M-26OCT042130-30,0.9910,13.00,yes
2026-10-05T01:27:54.055529Z,KXBTC15M-26OCT042130-30,0.9910,191.36,yes
2026-10-05T01:27:54.055529Z,KXBTC15M-26OCT042130-30,0.9920,191.36,yes
2026-10-05T01:27:54.055529Z,KXBTC15M-26OCT042130-30,0.9920,454.24,yes
2026-10-05T01:27:54.055529Z,KXBTC15M-26OCT042130-30,0.9910,0.01,yes
2026-10-05T01:27:54.055529Z,KXBTC15M-26OCT042130-30,0.9910,0.01,yes
2026-10-05T01:27:54.055529Z,KXBTC15M-26OCT042130-30,0.9910,500.00,yes
2026-10-05T01:27:54.055529Z,KXBTC15M-26OCT042130-30,0.9910,814.00,yes
2026-10-05T01:27:54.055529Z,KXBTC15M-26OCT042130-30,0.9910,500.00,yes
2026-10-05T01:27:54.055529Z,KXBTC15M-26OCT042130-30,0.9920,357.33,yes
2026-10-05T01:27:54.156356Z,KXBTC15M-26OCT042130-30,0.9890,486.35,no
2026-10-05T01:27:54.156356Z,KXBTC15M-26OCT042130-30,0.9900,23.00,no
2026-10-05T01:27:54.156356Z,KXBTC15M-26OCT042130-30,0.9890,15.00,no
2026-10-05T01:27:54.156356Z,KXBTC15M-26OCT042130-30,0.9890,2.00,no
2026-10-05T01:27:54.156356Z,KXBTC15M-26OCT042130-30,0.9890,200.00,no
2026-10-05T01:27:54.156356Z,KXBTC15M-26OCT042130-30,0.9900,40.84,no
2026-10-05T01:27:54.156356Z,KXBTC15M-26OCT042130-30,0.9890,2.00,no
2026-10-05T01:27:54.156356Z,KXBTC15M-26OCT042130-30,0.9900,0.01,no
2026-10-05T01:27:54.156356Z,KXBTC15M-26OCT042130-30,0.9900,0.01,no
2026-10-05T01:27:54.156356Z,KXBTC15M-26OCT042130-30,0.9900,600.00,no
2026-10-05T01:27:54.156356Z,KXBTC15M-26OCT042130-30,0.9890,419.79,no
2026-10-05T01:27:54.156356Z,KXBTC15M-26OCT042130-30,0.9890,15.00,no
2026-10-05T01:27:54.186439Z,KXBTC15M-26OCT042130-30,0.9910,15.00,no
2026-10-05T01:27:54.228691Z,KXBTC15M-26OCT042130-30,0.9910,188.00,no
2026-10-05T01:27:54.228691Z,KXBTC15M-26OCT042130-30,0.9910,461.00,no
2026-10-05T01:27:54.233643Z,KXBTC15M-26OCT042130-30,0.9900,0.02,no
2026-10-05T01:27:54.233977Z,KXBTC15M-26OCT042130-30,0.9900,49.98,no
2026-10-05T01:27:54.248208Z,KXBTC15M-26OCT042130-30,0.9890,15.00,no
2026-10-05T01:27:54.248208Z,KXBTC15M-26OCT042130-30,0.9890,100.00,no
2026-10-05T01:27:54.27657Z,KXBTC15M-26OCT042130-30,0.9900,2.02,yes
2026-10-05T01:27:54.34688Z,KXBTC15M-26OCT042130-30,0.9890,30.00,no
2026-10-05T01:27:54.34688Z,KXBTC15M-26OCT042130-30,0.9890,55.10,no
2026-10-05T01:27:54.363864Z,KXBTC15M-26OCT042130-30,0.9800,0.15,no
2026-10-05T01:27:54.363864Z,KXBTC15M-26OCT042130-30,0.9790,0.16,no
2026-10-05T01:27:54.363864Z,KXBTC15M-26OCT042130-30,0.9810,0.13,no
2026-10-05T01:27:54.363864Z,KXBTC15M-26OCT042130-30,0.9800,64.00,no
2026-10-05T01:27:54.363864Z,KXBTC15M-26OCT042130-30,0.9800,64.00,no
2026-10-05T01:27:54.363864Z,KXBTC15M-26OCT042130-30,0.9800,50.00,no
2026-10-05T01:27:54.363864Z,KXBTC15M-26OCT042130-30,0.9850,3793.98,no
2026-10-05T01:27:54.363864Z,KXBTC15M-26OCT042130-30,0.9850,2900.00,no
2026-10-05T01:27:54.363864Z,KXBTC15M-26OCT042130-30,0.9800,362.00,no
2026-10-05T01:27:54.363864Z,KXBTC15M-26OCT042130-30,0.9870,0.26,no
2026-10-05T01:27:54.363864Z,KXBTC15M-26OCT042130-30,0.9830,0.41,no
2026-10-05T01:27:54.363864Z,KXBTC15M-26OCT042130-30,0.9880,0.26,no
2026-10-05T01:27:54.363864Z,KXBTC15M-26OCT042130-30,0.9880,15.00,no
2026-10-05T01:27:54.363864Z,KXBTC15M-26OCT042130-30,0.9840,0.37,no
2026-10-05T01:27:54.363864Z,KXBTC15M-26OCT042130-30,0.9860,0.31,no
2026-10-05T01:27:54.363864Z,KXBTC15M-26OCT042130-30,0.9820,0.45,no
2026-10-05T01:27:54.363864Z,KXBTC15M-26OCT042130-30,0.9850,0.34,no
2026-10-05T01:27:54.363864Z,KXBTC15M-26OCT042130-30,0.9800,190.00,no
2026-10-05T01:27:54.363864Z,KXBTC15M-26OCT042130-30,0.9870,2.00,no
2026-10-05T01:27:54.363864Z,KXBTC15M-26OCT042130-30,0.9880,500.00,no
2026-10-05T01:27:54.363864Z,KXBTC15M-26OCT042130-30,0.9840,242.94,no
2026-10-05T01:27:54.363864Z,KXBTC15M-26OCT042130-30,0.9880,497.00,no
2026-10-05T01:27:54.363864Z,KXBTC15M-26OCT042130-30,0.9870,200.00,no
2026-10-05T01:27:54.363864Z,KXBTC15M-26OCT042130-30,0.9850,2.00,no
2026-10-05T01:27:54.363864Z,KXBTC15M-26OCT042130-30,0.9830,1.00,no
2026-10-05T01:27:54.363864Z,KXBTC15M-26OCT042130-30,0.9850,2.00,no
2026-10-05T01:27:54.363864Z,KXBTC15M-26OCT042130-30,0.9860,2.00,no
2026-10-05T01:27:54.363864Z,KXBTC15M-26OCT042130-30,0.9880,100.00,no
2026-10-05T01:27:54.363864Z,KXBTC15M-26OCT042130-30,0.9870,15.00,no
2026-10-05T01:27:54.363864Z,KXBTC15M-26OCT042130-30,0.9870,220.00,no
2026-10-05T01:27:54.363864Z,KXBTC15M-26OCT042130-30,0.9880,100.00,no
2026-10-05T01:27:54.363864Z,KXBTC15M-26OCT042130-30,0.9860,2.00,no
2026-10-05T01:27:54.363864Z,KXBTC15M-26OCT042130-30,0.9840,2.00,no
2026-10-05T01:27:54.363864Z,KXBTC15M-26OCT042130-30,0.9880,200.00,no
2026-10-05T01:27:54.363864Z,KXBTC15M-26OCT042130-30,0.9870,15.00,no
2026-10-05T01:27:54.363864Z,KXBTC15M-26OCT042130-30,0.9810,500.00,no
2026-10-05T01:27:54.363864Z,KXBTC15M-26OCT042130-30,0.9860,13.00,no
2026-10-05T01:27:54.363864Z,KXBTC15M-26OCT042130-30,0.9870,500.00,no
2026-10-05T01:27:54.363864Z,KXBTC15M-26OCT042130-30,0.9830,500.00,no
2026-10-05T01:27:54.363864Z,KXBTC15M-26OCT042130-30,0.9850,500.00,no
2026-10-05T01:27:54.363864Z,KXBTC15M-26OCT042130-30,0.9790,415.54,no
2026-10-05T01:27:54.363864Z,KXBTC15M-26OCT042130-30,0.9880,150.00,no
2026-10-05T01:27:54.363864Z,KXBTC15M-26OCT042130-30,0.9830,10.00,no
2026-10-05T01:27:54.478252Z,KXBTC15M-26OCT042130-30,0.9890,30.25,yes
2026-10-05T01:27:54.516993Z,KXBTC15M-26OCT042130-30,0.9890,12.79,yes
2026-10-05T01:27:54.546867Z,KXBTC15M-26OCT042130-30,0.9870,1.00,no
2026-10-05T01:27:54.546867Z,KXBTC15M-26OCT042130-30,0.9880,100.00,no
2026-10-05T01:27:54.546867Z,KXBTC15M-26OCT042130-30,0.9880,37.00,no
2026-10-05T01:27:54.546867Z,KXBTC15M-26OCT042130-30,0.9880,400.00,no
2026-10-05T01:27:54.546867Z,KXBTC15M-26OCT042130-30,0.9870,676.00,no
2026-10-05T01:27:54.557939Z,KXBTC15M-26OCT042130-30,0.9880,150.00,no
2026-10-05T01:27:54.575932Z,KXBTC15M-26OCT042130-30,0.9880,139.91,yes
2026-10-05T01:27:54.708439Z,KXBTC15M-26OCT042130-30,0.9870,39.81,no
2026-10-05T01:27:54.77762Z,KXBTC15M-26OCT042130-30,0.9880,0.01,yes
2026-10-05T01:27:54.77762Z,KXBTC15M-26OCT042130-30,0.9880,104.83,yes
2026-10-05T01:27:54.77762Z,KXBTC15M-26OCT042130-30,0.9880,0.01,yes
2026-10-05T01:27:54.781891Z,KXBTC15M-26OCT042130-30,0.9890,500.00,yes
2026-10-05T01:27:54.781891Z,KXBTC15M-26OCT042130-30,0.9880,200.00,yes
2026-10-05T01:27:54.781891Z,KXBTC15M-26OCT042130-30,0.9890,0.90,yes
2026-10-05T01:27:54.781891Z,KXBTC15M-26OCT042130-30,0.9880,181.62,yes
2026-10-05T01:27:54.781891Z,KXBTC15M-26OCT042130-30,0.9890,15.00,yes
2026-10-05T01:27:54.785189Z,KXBTC15M-26OCT042130-30,0.9890,30.00,yes
2026-10-05T01:27:54.803033Z,KXBTC15M-26OCT042130-30,0.9880,400.00,no
2026-10-05T01:27:54.803033Z,KXBTC15M-26OCT042130-30,0.9880,100.00,no
2026-10-05T01:27:54.803033Z,KXBTC15M-26OCT042130-30,0.9880,150.00,no
2026-10-05T01:27:54.803033Z,KXBTC15M-26OCT042130-30,0.9880,136.00,no
2026-10-05T01:27:54.803033Z,KXBTC15M-26OCT042130-30,0.9880,33.00,no
2026-10-05T01:27:54.851823Z,KXBTC15M-26OCT042130-30,0.9880,152.77,no
2026-10-05T01:27:54.858074Z,KXBTC15M-26OCT042130-30,0.9880,6.71,no
2026-10-05T01:27:54.858074Z,KXBTC15M-26OCT042130-30,0.9880,71.23,no
2026-10-05T01:27:54.928004Z,KXBTC15M-26OCT042130-30,0.9890,11.16,yes
2026-10-05T01:27:54.990127Z,KXBTC15M-26OCT042130-30,0.9880,38.97,no
2026-10-05T01:27:55.024398Z,KXBTC15M-26OCT042130-30,0.9880,71.95,no
2026-10-05T01:27:55.029672Z,KXBTC15M-26OCT042130-30,0.9890,100.84,yes
2026-10-05T01:27:55.043451Z,KXBTC15M-26OCT042130-30,0.9880,43.17,no
2026-10-05T01:27:55.075516Z,KXBTC15M-26OCT042130-30,0.9880,39.20,no
2026-10-05T01:27:55.075516Z,KXBTC15M-26OCT042130-30,0.9880,7.56,no
2026-10-05T01:27:55.082463Z,KXBTC15M-26OCT042130-30,0.9880,92.44,no
2026-10-05T01:27:55.082463Z,KXBTC15M-26OCT042130-30,0.9880,472.56,no
2026-10-05T01:27:55.084675Z,KXBTC15M-26OCT042130-30,0.9880,27.44,no
2026-10-05T01:27:55.084675Z,KXBTC15M-26OCT042130-30,0.9880,125.33,no
2026-10-05T01:27:55.132403Z,KXBTC15M-26OCT042130-30,0.9880,71.95,no
2026-10-05T01:27:55.157635Z,KXBTC15M-26OCT042130-30,0.9880,3.59,no
2026-10-05T01:27:55.273743Z,KXBTC15M-26OCT042130-30,0.9880,35.97,no
2026-10-05T01:27:55.349174Z,KXBTC15M-26OCT042130-30,0.9880,163.16,no
2026-10-05T01:27:55.349174Z,KXBTC15M-26OCT042130-30,0.9880,225.84,no
2026-10-05T01:27:55.394857Z,KXBTC15M-26OCT042130-30,0.9900,200.00,yes
2026-10-05T01:27:55.394857Z,KXBTC15M-26OCT042130-30,0.9900,764.06,yes
2026-10-05T01:27:55.394857Z,KXBTC15M-26OCT042130-30,0.9900,500.00,yes
2026-10-05T01:27:55.394857Z,KXBTC15M-26OCT042130-30,0.9900,50.00,yes
2026-10-05T01:27:55.394857Z,KXBTC15M-26OCT042130-30,0.9890,0.01,yes
2026-10-05T01:27:55.394857Z,KXBTC15M-26OCT042130-30,0.9890,0.01,yes
2026-10-05T01:27:55.427559Z,KXBTC15M-26OCT042130-30,0.9890,0.01,yes
2026-10-05T01:27:55.427559Z,KXBTC15M-26OCT042130-30,0.9900,0.01,yes
2026-10-05T01:27:55.427559Z,KXBTC15M-26OCT042130-30,0.9890,0.01,yes
2026-10-05T01:27:55.427559Z,KXBTC15M-26OCT042130-30,0.9900,2.93,yes
2026-10-05T01:27:55.488994Z,KXBTC15M-26OCT042130-30,0.9890,0.01,yes
2026-10-05T01:27:55.488994Z,KXBTC15M-26OCT042130-30,0.9890,0.01,yes
2026-10-05T01:27:55.488994Z,KXBTC15M-26OCT042130-30,0.9900,16.00,yes
2026-10-05T01:27:55.5025Z,KXBTC15M-26OCT042130-30,0.9880,1.00,no
2026-10-05T01:27:55.509435Z,KXBTC15M-26OCT042130-30,0.9890,0.01,yes
2026-10-05T01:27:55.509435Z,KXBTC15M-26OCT042130-30,0.9890,0.01,yes
2026-10-05T01:27:55.509435Z,KXBTC15M-26OCT042130-30,0.9900,9.87,yes
2026-10-05T01:27:55.586251Z,KXBTC15M-26OCT042130-30,0.9880,6.11,no
2026-10-05T01:27:55.639363Z,KXBTC15M-26OCT042130-30,0.9880,267.05,no
2026-10-05T01:27:55.639363Z,KXBTC15M-26OCT042130-30,0.9880,0.01,no
2026-10-05T01:27:55.639363Z,KXBTC15M-26OCT042130-30,0.9880,0.93,no
2026-10-05T01:27:55.639363Z,KXBTC15M-26OCT042130-30,0.9880,0.01,no
2026-10-05T01:27:55.735967Z,KXBTC15M-26OCT042130-30,0.9880,100.08,no
2026-10-05T01:27:55.735967Z,KXBTC15M-26OCT042130-30,0.9880,100.00,no
2026-10-05T01:27:55.735967Z,KXBTC15M-26OCT042130-30,0.9880,29.07,no
2026-10-05T01:27:55.764484Z,KXBTC15M-26OCT042130-30,0.9880,5.00,no
2026-10-05T01:27:55.804575Z,KXBTC15M-26OCT042130-30,0.9880,344.79,no
2026-10-05T01:27:55.804575Z,KXBTC15M-26OCT042130-30,0.9880,44.92,no
2026-10-05T01:27:55.882201Z,KXBTC15M-26OCT042130-30,0.9880,129.79,no
2026-10-05T01:27:55.882201Z,KXBTC15M-26OCT042130-30,0.9880,55.21,no
2026-10-05T01:27:55.899531Z,KXBTC15M-26OCT042130-30,0.9880,100.00,no
2026-10-05T01:27:55.899531Z,KXBTC15M-26OCT042130-30,0.9880,70.21,no
2026-10-05T01:27:55.899531Z,KXBTC15M-26OCT042130-30,0.9880,400.00,no
2026-10-05T01:27:55.899531Z,KXBTC15M-26OCT042130-30,0.9880,29.00,no
2026-10-05T01:27:55.899531Z,KXBTC15M-26OCT042130-30,0.9880,0.01,no
2026-10-05T01:27:55.899531Z,KXBTC15M-26OCT042130-30,0.9880,255.67,no
2026-10-05T01:27:55.899531Z,KXBTC15M-26OCT042130-30,0.9880,0.01,no
2026-10-05T01:27:55.911081Z,KXBTC15M-26OCT042130-30,0.9890,0.99,yes
2026-10-05T01:27:55.911081Z,KXBTC15M-26OCT042130-30,0.9890,0.01,yes
2026-10-05T01:27:55.919066Z,KXBTC15M-26OCT042130-30,0.9880,38.97,no
2026-10-05T01:27:55.935147Z,KXBTC15M-26OCT042130-30,0.9880,21.82,no
2026-10-05T01:27:55.995937Z,KXBTC15M-26OCT042130-30,0.9880,200.48,no
2026-10-05T01:27:55.995937Z,KXBTC15M-26OCT042130-30,0.9880,89.21,no
2026-10-05T01:27:55.995937Z,KXBTC15M-26OCT042130-30,0.9880,100.00,no
2026-10-05T01:27:55.995937Z,KXBTC15M-26OCT042130-30,0.9880,0.01,no
2026-10-05T01:27:55.995937Z,KXBTC15M-26OCT042130-30,0.9880,0.01,no
2026-10-05T01:27:56.033121Z,KXBTC15M-26OCT042130-30,0.9880,0.01,no
2026-10-05T01:27:56.033121Z,KXBTC15M-26OCT042130-30,0.9880,150.00,no
2026-10-05T01:27:56.033121Z,KXBTC15M-26OCT042130-30,0.9880,37.98,no
2026-10-05T01:27:56.033121Z,KXBTC15M-26OCT042130-30,0.9880,0.01,no
2026-10-05T01:27:56.033121Z,KXBTC15M-26OCT042130-30,0.9880,27.00,no
2026-10-05T01:27:56.123223Z,KXBTC15M-26OCT042130-30,0.9890,229.77,yes
2026-10-05T01:27:56.250241Z,KXBTC15M-26OCT042130-30,0.9890,18.11,yes
2026-10-05T01:27:56.29308Z,KXBTC15M-26OCT042130-30,0.9880,7.79,no
2026-10-05T01:27:56.294225Z,KXBTC15M-26OCT042130-30,0.9880,128.00,no
2026-10-05T01:27:56.307917Z,KXBTC15M-26OCT042130-30,0.9880,24.94,no
2026-10-05T01:27:56.313619Z,KXBTC15M-26OCT042130-30,0.9880,77.94,no
2026-10-05T01:27:56.339759Z,KXBTC15M-26OCT042130-30,0.9880,77.94,no
2026-10-05T01:27:56.398845Z,KXBTC15M-26OCT042130-30,0.9880,20.49,no
2026-10-05T01:27:56.437544Z,KXBTC15M-26OCT042130-30,0.9880,65.88,no
2026-10-05T01:27:56.437544Z,KXBTC15M-26OCT042130-30,0.9880,62.90,no
2026-10-05T01:27:56.437544Z,KXBTC15M-26OCT042130-30,0.9880,100.00,no
2026-10-05T01:27:56.437544Z,KXBTC15M-26OCT042130-30,0.9880,0.01,no
2026-10-05T01:27:56.437544Z,KXBTC15M-26OCT042130-30,0.9880,150.00,no
2026-10-05T01:27:56.437544Z,KXBTC15M-26OCT042130-30,0.9880,0.01,no
2026-10-05T01:27:56.497454Z,KXBTC15M-26OCT042130-30,0.9880,8.73,no
2026-10-05T01:27:56.55084Z,KXBTC15M-26OCT042130-30,0.9880,15.27,no
2026-10-05T01:27:56.55084Z,KXBTC15M-26OCT042130-30,0.9880,3.83,no
2026-10-05T01:27:56.577914Z,KXBTC15M-26OCT042130-30,0.9890,69.62,yes
2026-10-05T01:27:56.582102Z,KXBTC15M-26OCT042130-30,0.9880,0.01,no
2026-10-05T01:27:56.582102Z,KXBTC15M-26OCT042130-30,0.9880,123.81,no
2026-10-05T01:27:56.582102Z,KXBTC15M-26OCT042130-30,0.9880,96.17,no
2026-10-05T01:27:56.582102Z,KXBTC15M-26OCT042130-30,0.9880,0.01,no
2026-10-05T01:27:56.591958Z,KXBTC15M-26OCT042130-30,0.9890,14.51,yes
2026-10-05T01:27:56.591958Z,KXBTC15M-26OCT042130-30,0.9890,74.40,yes
2026-10-05T01:27:56.592162Z,KXBTC15M-26OCT042130-30,0.9890,21.43,yes
2026-10-05T01:27:56.592162Z,KXBTC15M-26OCT042130-30,0.9890,120.01,yes
2026-10-05T01:27:56.615982Z,KXBTC15M-26OCT042130-30,0.9890,25.00,yes
2026-10-05T01:27:56.756962Z,KXBTC15M-26OCT042130-30,0.9880,62.35,no
2026-10-05T01:27:56.775858Z,KXBTC15M-26OCT042130-30,0.9880,100.71,no
2026-10-05T01:27:56.806623Z,KXBTC15M-26OCT042130-30,0.9890,0.01,yes
2026-10-05T01:27:56.806623Z,KXBTC15M-26OCT042130-30,0.9900,10.00,yes
2026-10-05T01:27:56.806623Z,KXBTC15M-26OCT042130-30,0.9900,194.41,yes
2026-10-05T01:27:56.806623Z,KXBTC15M-26OCT042130-30,0.9890,0.01,yes
2026-10-05T01:27:56.806623Z,KXBTC15M-26OCT042130-30,0.9890,453.57,yes
2026-10-05T01:27:56.806623Z,KXBTC15M-26OCT042130-30,0.9900,21.20,yes
2026-10-05T01:27:56.806623Z,KXBTC15M-26OCT042130-30,0.9900,827.00,yes
2026-10-05T01:27:56.806623Z,KXBTC15M-26OCT042130-30,0.9890,333.00,yes
2026-10-05T01:27:56.843447Z,KXBTC15M-26OCT042130-30,0.9900,34.00,no
2026-10-05T01:27:56.917994Z,KXBTC15M-26OCT042130-30,0.9900,10.61,no
2026-10-05T01:27:57.01945Z,KXBTC15M-26OCT042130-30,0.9900,4.00,no
2026-10-05T01:27:57.021428Z,KXBTC15M-26OCT042130-30,0.9900,2.00,no
2026-10-05T01:27:57.025764Z,KXBTC15M-26OCT042130-30,0.9900,2.00,no
2026-10-05T01:27:57.086625Z,KXBTC15M-26OCT042130-30,0.9900,0.51,no
2026-10-05T01:27:57.133994Z,KXBTC15M-26OCT042130-30,0.9900,30.39,no
2026-10-05T01:27:57.146661Z,KXBTC15M-26OCT042130-30,0.9900,77.94,no
2026-10-05T01:27:57.15988Z,KXBTC15M-26OCT042130-30,0.9910,7.91,yes
2026-10-05T01:27:57.15988Z,KXBTC15M-26OCT042130-30,0.9910,15.00,yes
2026-10-05T01:27:57.178122Z,KXBTC15M-26OCT042130-30,0.9900,1250.00,no
2026-10-05T01:27:57.235433Z,KXBTC15M-26OCT042130-30,0.9900,187.03,no
2026-10-05T01:27:57.283383Z,KXBTC15M-26OCT042130-30,0.9910,1.97,yes
2026-10-05T01:27:57.476791Z,KXBTC15M-26OCT042130-30,0.9900,93.51,no
2026-10-05T01:27:57.548656Z,KXBTC15M-26OCT042130-30,0.9900,26.18,no
2026-10-05T01:27:57.587731Z,KXBTC15M-26OCT042130-30,0.9910,19.81,yes
2026-10-05T01:27:57.607244Z,KXBTC15M-26OCT042130-30,0.9900,42.00,no
2026-10-05T01:27:57.687298Z,KXBTC15M-26OCT042130-30,0.9910,12.66,yes
2026-10-05T01:27:57.69905Z,KXBTC15M-26OCT042130-30,0.9900,50.00,no
2026-10-05T01:27:57.69905Z,KXBTC15M-26OCT042130-30,0.9900,16.96,no
2026-10-05T01:27:57.69905Z,KXBTC15M-26OCT042130-30,0.9900,400.63,no
2026-10-05T01:27:57.878797Z,KXBTC15M-26OCT042130-30,0.9900,4.15,no
2026-10-05T01:27:57.878797Z,KXBTC15M-26OCT042130-30,0.9900,0.01,no
2026-10-05T01:27:57.878797Z,KXBTC15M-26OCT042130-30,0.9900,0.01,no
2026-10-05T01:27:57.895423Z,KXBTC15M-26OCT042130-30,0.9900,45.85,no
2026-10-05T01:27:57.895423Z,KXBTC15M-26OCT042130-30,0.9900,141.18,no
2026-10-05T01:27:57.939849Z,KXBTC15M-26OCT042130-30,0.9900,93.51,no
2026-10-05T01:27:58.043845Z,KXBTC15M-26OCT042130-30,0.9900,17.31,no
2026-10-05T01:27:58.043845Z,KXBTC15M-26OCT042130-30,0.9900,26.69,no
2026-10-05T01:27:58.159699Z,KXBTC15M-26OCT042130-30,0.9910,20.70,yes
2026-10-05T01:27:58.172672Z,KXBTC15M-26OCT042130-30,0.9910,33.00,yes
2026-10-05T01:27:58.201896Z,KXBTC15M-26OCT042130-30,0.9900,41.00,no
2026-10-05T01:27:58.201896Z,KXBTC15M-26OCT042130-30,0.9900,29.20,no
2026-10-05T01:27:58.201896Z,KXBTC15M-26OCT042130-30,0.9900,23.31,no
2026-10-05T01:27:58.451378Z,KXBTC15M-26OCT042130-30,0.9900,26.09,no
2026-10-05T01:27:58.536789Z,KXBTC15M-26OCT042130-30,0.9910,318.66,yes
2026-10-05T01:27:58.623176Z,KXBTC15M-26OCT042130-30,0.9900,50.00,no
2026-10-05T01:27:58.640269Z,KXBTC15M-26OCT042130-30,0.9900,91.71,no
2026-10-05T01:27:58.640269Z,KXBTC15M-26OCT042130-30,0.9900,1.80,no
2026-10-05T01:27:58.659488Z,KXBTC15M-26OCT042130-30,0.9910,84.79,yes
2026-10-05T01:27:58.763147Z,KXBTC15M-26OCT042130-30,0.9930,68.00,yes
2026-10-05T01:27:58.763147Z,KXBTC15M-26OCT042130-30,0.9920,15.00,yes
2026-10-05T01:27:58.763147Z,KXBTC15M-26OCT042130-30,0.9940,500.00,yes
2026-10-05T01:27:58.763147Z,KXBTC15M-26OCT042130-30,0.9910,15.00,yes
2026-10-05T01:27:58.763147Z,KXBTC15M-26OCT042130-30,0.9940,15.00,yes
2026-10-05T01:27:58.763147Z,KXBTC15M-26OCT042130-30,0.9910,281.92,yes
2026-10-05T01:27:58.763147Z,KXBTC15M-26OCT042130-30,0.9930,15.00,yes
2026-10-05T01:27:58.763147Z,KXBTC15M-26OCT042130-30,0.9910,0.50,yes
2026-10-05T01:27:58.763147Z,KXBTC15M-26OCT042130-30,0.9930,2.00,yes
2026-10-05T01:27:58.763147Z,KXBTC15M-26OCT042130-30,0.9930,10.00,yes
2026-10-05T01:27:58.763147Z,KXBTC15M-26OCT042130-30,0.9940,10.00,yes
2026-10-05T01:27:58.763147Z,KXBTC15M-26OCT042130-30,0.9910,500.00,yes
2026-10-05T01:27:58.763147Z,KXBTC15M-26OCT042130-30,0.9910,500.00,yes
2026-10-05T01:27:58.763147Z,KXBTC15M-26OCT042130-30,0.9920,169.82,yes
2026-10-05T01:27:58.763147Z,KXBTC15M-26OCT042130-30,0.9910,15.00,yes
2026-10-05T01:27:58.763147Z,KXBTC15M-26OCT042130-30,0.9940,2.00,yes
2026-10-05T01:27:58.763147Z,KXBTC15M-26OCT042130-30,0.9940,16.00,yes
2026-10-05T01:27:58.763147Z,KXBTC15M-26OCT042130-30,0.9920,2.00,yes
2026-10-05T01:27:58.763147Z,KXBTC15M-26OCT042130-30,0.9930,2.00,yes
2026-10-05T01:27:58.763147Z,KXBTC15M-26OCT042130-30,0.9920,2.00,yes
2026-10-05T01:27:58.763147Z,KXBTC15M-26OCT042130-30,0.9940,2.00,yes
2026-10-05T01:27:58.763147Z,KXBTC15M-26OCT042130-30,0.9910,0.01,yes
2026-10-05T01:27:58.763147Z,KXBTC15M-26OCT042130-30,0.9910,200.00,yes
2026-10-05T01:27:58.763147Z,KXBTC15M-26OCT042130-30,0.9910,1111.00,yes
2026-10-05T01:27:58.763147Z,KXBTC15M-26OCT042130-30,0.9920,741.00,yes
2026-10-05T01:27:58.763147Z,KXBTC15M-26OCT042130-30,0.9910,0.01,yes
2026-10-05T01:27:58.763147Z,KXBTC15M-26OCT042130-30,0.9950,50.00,yes
2026-10-05T01:27:58.763147Z,KXBTC15M-26OCT042130-30,0.9950,90.00,yes
2026-10-05T01:27:58.763147Z,KXBTC15M-26OCT042130-30,0.9950,50.00,yes
2026-10-05T01:27:58.763147Z,KXBTC15M-26OCT042130-30,0.9950,100.00,yes
2026-10-05T01:27:58.763147Z,KXBTC15M-26OCT042130-30,0.9950,90.00,yes
2026-10-05T01:27:58.763147Z,KXBTC15M-26OCT042130-30,0.9950,10.28,yes
2026-10-05T01:27:58.763147Z,KXBTC15M-26OCT042130-30,0.9950,100.00,yes
2026-10-05T01:27:58.763147Z,KXBTC15M-26OCT042130-30,0.9950,90.00,yes
2026-10-05T01:27:58.763147Z,KXBTC15M-26OCT042130-30,0.9950,96.00,yes
2026-10-05T01:27:58.763147Z,KXBTC15M-26OCT042130-30,0.9950,11.00,yes
2026-10-05T01:27:58.763147Z,KXBTC15M-26OCT042130-30,0.9950,10.46,yes
2026-10-05T01:27:58.763147Z,KXBTC15M-26OCT042130-30,0.9950,11.00,yes
2026-10-05T01:27:58.763147Z,KXBTC15M-26OCT042130-30,0.9950,50.00,yes
2026-10-05T01:27:58.763147Z,KXBTC15M-26OCT042130-30,0.9950,50.00,yes
2026-10-05T01:27:58.763147Z,KXBTC15M-26OCT042130-30,0.9950,35.00,yes
2026-10-05T01:27:58.842964Z,KXBTC15M-26OCT042130-30,0.9900,44.00,no
2026-10-05T01:27:58.953824Z,KXBTC15M-26OCT042130-30,0.9910,37.39,yes
2026-10-05T01:27:59.064093Z,KXBTC15M-26OCT042130-30,0.9900,9.00,no
2026-10-05T01:27:59.100479Z,KXBTC15M-26OCT042130-30,0.9910,8.06,yes
2026-10-05T01:27:59.156227Z,KXBTC15M-26OCT042130-30,0.9900,48.31,no
2026-10-05T01:27:59.156227Z,KXBTC15M-26OCT042130-30,0.9900,45.20,no
2026-10-05T01:27:59.158585Z,KXBTC15M-26OCT042130-30,0.9910,245.00,yes
2026-10-05T01:27:59.227091Z,KXBTC15M-26OCT042130-30,0.9900,0.01,no
2026-10-05T01:27:59.227091Z,KXBTC15M-26OCT042130-30,0.9900,91.80,no
2026-10-05T01:27:59.227091Z,KXBTC15M-26OCT042130-30,0.9900,0.01,no
2026-10-05T01:27:59.227091Z,KXBTC15M-26OCT042130-30,0.9900,1.69,no
2026-10-05T01:27:59.276142Z,KXBTC15M-26OCT042130-30,0.9910,1.00,yes
2026-10-05T01:27:59.280058Z,KXBTC15M-26OCT042130-30,0.9900,14.02,no
2026-10-05T01:27:59.306963Z,KXBTC15M-26OCT042130-30,0.9910,87.96,yes
2026-10-05T01:27:59.35085Z,KXBTC15M-26OCT042130-30,0.9910,53.52,yes
2026-10-05T01:27:59.425967Z,KXBTC15M-26OCT042130-30,0.9910,10.08,yes
2026-10-05T01:27:59.588829Z,KXBTC15M-26OCT042130-30,0.9910,8.19,yes
2026-10-05T01:27:59.641676Z,KXBTC15M-26OCT042130-30,0.9910,0.97,yes
2026-10-05T01:27:59.677679Z,KXBTC15M-26OCT042130-30,0.9900,50.00,no
2026-10-05T01:27:59.677679Z,KXBTC15M-26OCT042130-30,0.9900,400.00,no
2026-10-05T01:27:59.677679Z,KXBTC15M-26OCT042130-30,0.9900,400.00,no
2026-10-05T01:27:59.677679Z,KXBTC15M-26OCT042130-30,0.9900,100.00,no
2026-10-05T01:27:59.677679Z,KXBTC15M-26OCT042130-30,0.9900,296.00,no
2026-10-05T01:27:59.677679Z,KXBTC15M-26OCT042130-30,0.9900,94.18,no
2026-10-05T01:27:59.677679Z,KXBTC15M-26OCT042130-30,0.9900,15.00,no
2026-10-05T01:27:59.677679Z,KXBTC15M-26OCT042130-30,0.9900,500.00,no
2026-10-05T01:27:59.677679Z,KXBTC15M-26OCT042130-30,0.9900,259.53,no
2026-10-05T01:27:59.677679Z,KXBTC15M-26OCT042130-30,0.9900,11.00,no
2026-10-05T01:27:59.725987Z,KXBTC15M-26OCT042130-30,0.9910,117.00,yes
2026-10-05T01:27:59.75286Z,KXBTC15M-26OCT042130-30,0.9910,200.00,yes
2026-10-05T01:27:59.759445Z,KXBTC15M-26OCT042130-30,0.9910,10.08,yes
2026-10-05T01:27:59.767586Z,KXBTC15M-26OCT042130-30,0.9900,2.19,no
2026-10-05T01:27:59.797696Z,KXBTC15M-26OCT042130-30,0.9900,12.81,no
2026-10-05T01:27:59.797696Z,KXBTC15M-26OCT042130-30,0.9900,50.00,no
2026-10-05T01:27:59.797696Z,KXBTC15M-26OCT042130-30,0.9900,30.70,no
2026-10-05T01:27:59.841113Z,KXBTC15M-26OCT042130-30,0.9910,2.01,yes
2026-10-05T01:28:00.009061Z,KXBTC15M-26OCT042130-30,0.9910,7.00,yes
2026-10-05T01:28:00.057028Z,KXBTC15M-26OCT042130-30,0.9910,500.00,yes
2026-10-05T01:28:00.088525Z,KXBTC15M-26OCT042130-30,0.9900,7.00,no
2026-10-05T01:28:00.108425Z,KXBTC15M-26OCT042130-30,0.9910,15.00,yes
2026-10-05T01:28:00.108425Z,KXBTC15M-26OCT042130-30,0.9910,500.00,yes
2026-10-05T01:28:00.108425Z,KXBTC15M-26OCT042130-30,0.9910,814.00,yes
2026-10-05T01:28:00.108425Z,KXBTC15M-26OCT042130-30,0.9910,120.41,yes
2026-10-05T01:28:00.108425Z,KXBTC15M-26OCT042130-30,0.9910,0.01,yes
2026-10-05T01:28:00.108425Z,KXBTC15M-26OCT042130-30,0.9910,0.01,yes
2026-10-05T01:28:00.108425Z,KXBTC15M-26OCT042130-30,0.9910,15.00,yes
2026-10-05T01:28:00.108425Z,KXBTC15M-26OCT042130-30,0.9910,407.00,yes
2026-10-05T01:28:00.108425Z,KXBTC15M-26OCT042130-30,0.9910,500.00,yes
2026-10-05T01:28:00.108425Z,KXBTC15M-26OCT042130-30,0.9910,278.63,yes
2026-10-05T01:28:00.144211Z,KXBTC15M-26OCT042130-30,0.9910,0.01,yes
2026-10-05T01:28:00.144211Z,KXBTC15M-26OCT042130-30,0.9910,0.01,yes
2026-10-05T01:28:00.149545Z,KXBTC15M-26OCT042130-30,0.9900,12.30,no
2026-10-05T01:28:00.149545Z,KXBTC15M-26OCT042130-30,0.9900,11.00,no
2026-10-05T01:28:00.149545Z,KXBTC15M-26OCT042130-30,0.9900,47.44,no
2026-10-05T01:28:00.149545Z,KXBTC15M-26OCT042130-30,0.9900,0.01,no
2026-10-05T01:28:00.149545Z,KXBTC15M-26OCT042130-30,0.9900,100.00,no
2026-10-05T01:28:00.149545Z,KXBTC15M-26OCT042130-30,0.9900,0.01,no
2026-10-05T01:28:00.149545Z,KXBTC15M-26OCT042130-30,0.9900,16.27,no
2026-10-05T01:28:00.181004Z,KXBTC15M-26OCT042130-30,0.9920,238.91,yes
2026-10-05T01:28:00.181004Z,KXBTC15M-26OCT042130-30,0.9920,100.00,yes
2026-10-05T01:28:00.181004Z,KXBTC15M-26OCT042130-30,0.9920,0.01,yes
2026-10-05T01:28:00.181004Z,KXBTC15M-26OCT042130-30,0.9920,11.00,yes
2026-10-05T01:28:00.252602Z,KXBTC15M-26OCT042130-30,0.9920,0.01,yes
2026-10-05T01:28:00.252602Z,KXBTC15M-26OCT042130-30,0.9920,11.00,yes
2026-10-05T01:28:00.252602Z,KXBTC15M-26OCT042130-30,0.9920,0.01,yes
2026-10-05T01:28:00.252602Z,KXBTC15M-26OCT042130-30,0.9930,335.73,yes
2026-10-05T01:28:00.354764Z,KXBTC15M-26OCT042130-30,0.9910,85.00,no
2026-10-05T01:28:00.354764Z,KXBTC15M-26OCT042130-30,0.9910,15.00,no
2026-10-05T01:28:00.366117Z,KXBTC15M-26OCT042130-30,0.9920,0.01,yes
2026-10-05T01:28:00.366117Z,KXBTC15M-26OCT042130-30,0.9920,0.01,yes
2026-10-05T01:28:00.366117Z,KXBTC15M-26OCT042130-30,0.9930,21.77,yes
2026-10-05T01:28:00.383241Z,KXBTC15M-26OCT042130-30,0.9930,523.00,yes
2026-10-05T01:28:00.383241Z,KXBTC15M-26OCT042130-30,0.9930,115.17,yes
2026-10-05T01:28:00.383241Z,KXBTC15M-26OCT042130-30,0.9930,146.81,yes
2026-10-05T01:28:00.383241Z,KXBTC15M-26OCT042130-30,0.9920,0.01,yes
2026-10-05T01:28:00.383241Z,KXBTC15M-26OCT042130-30,0.9920,0.01,yes
2026-10-05T01:28:00.383241Z,KXBTC15M-26OCT042130-30,0.9920,15.00,yes
2026-10-05T01:28:00.402593Z,KXBTC15M-26OCT042130-30,0.9920,0.01,yes
2026-10-05T01:28:00.402593Z,KXBTC15M-26OCT042130-30,0.9930,4.99,yes
2026-10-05T01:28:00.425148Z,KXBTC15M-26OCT042130-30,0.9920,0.01,yes
2026-10-05T01:28:00.425148Z,KXBTC15M-26OCT042130-30,0.9930,0.01,yes
2026-10-05T01:28:00.425148Z,KXBTC15M-26OCT042130-30,0.9930,0.01,yes
2026-10-05T01:28:00.425148Z,KXBTC15M-26OCT042130-30,0.9920,0.01,yes
2026-10-05T01:28:00.425148Z,KXBTC15M-26OCT042130-30,0.9940,20.49,yes
2026-10-05T01:28:00.448723Z,KXBTC15M-26OCT042130-30,0.9930,95.00,no
2026-10-05T01:28:00.495553Z,KXBTC15M-26OCT042130-30,0.9940,2.01,yes
2026-10-05T01:28:00.523084Z,KXBTC15M-26OCT042130-30,0.9940,89.48,yes
2026-10-05T01:28:00.523084Z,KXBTC15M-26OCT042130-30,0.9940,16.00,yes
2026-10-05T01:28:00.523084Z,KXBTC15M-26OCT042130-30,0.9940,0.01,yes
2026-10-05T01:28:00.523084Z,KXBTC15M-26OCT042130-30,0.9940,100.00,yes
2026-10-05T01:28:00.523084Z,KXBTC15M-26OCT042130-30,0.9940,0.01,yes
2026-10-05T01:28:00.523084Z,KXBTC15M-26OCT042130-30,0.9940,44.50,yes
2026-10-05T01:28:00.544042Z,KXBTC15M-26OCT042130-30,0.9940,104.17,yes
2026-10-05T01:28:00.558596Z,KXBTC15M-26OCT042130-30,0.9940,100.00,yes
2026-10-05T01:28:00.560873Z,KXBTC15M-26OCT042130-30,0.9930,500.00,no
2026-10-05T01:28:00.560873Z,KXBTC15M-26OCT042130-30,0.9930,0.01,no
2026-10-05T01:28:00.560873Z,KXBTC15M-26OCT042130-30,0.9930,0.01,no
2026-10-05T01:28:00.560873Z,KXBTC15M-26OCT042130-30,0.9930,15.00,no
2026-10-05T01:28:00.570798Z,KXBTC15M-26OCT042130-30,0.9930,0.01,no
2026-10-05T01:28:00.622206Z,KXBTC15M-26OCT042130-30,0.9930,7.25,no
2026-10-05T01:28:00.622206Z,KXBTC15M-26OCT042130-30,0.9930,0.01,no
2026-10-05T01:28:00.62664Z,KXBTC15M-26OCT042130-30,0.9930,0.01,no
2026-10-05T01:28:00.62664Z,KXBTC15M-26OCT042130-30,0.9910,10.00,no
2026-10-05T01:28:00.62664Z,KXBTC15M-26OCT042130-30,0.9920,0.01,no
2026-10-05T01:28:00.62664Z,KXBTC15M-26OCT042130-30,0.9930,7.75,no
2026-10-05T01:28:00.62664Z,KXBTC15M-26OCT042130-30,0.9920,0.01,no
2026-10-05T01:28:00.62664Z,KXBTC15M-26OCT042130-30,0.9900,75.73,no
2026-10-05T01:28:00.628195Z,KXBTC15M-26OCT042130-30,0.9940,65.45,yes
2026-10-05T01:28:00.634618Z,KXBTC15M-26OCT042130-30,0.9930,0.01,no
2026-10-05T01:28:00.690128Z,KXBTC15M-26OCT042130-30,0.9910,0.01,no
2026-10-05T01:28:00.690128Z,KXBTC15M-26OCT042130-30,0.9900,36.30,no
2026-10-05T01:28:00.690128Z,KXBTC15M-26OCT042130-30,0.9910,0.01,no
2026-10-05T01:28:00.701721Z,KXBTC15M-26OCT042130-30,0.9900,130.02,no
2026-10-05T01:28:00.701721Z,KXBTC15M-26OCT042130-30,0.9900,131.97,no
2026-10-05T01:28:00.796138Z,KXBTC15M-26OCT042130-30,0.9900,1231.72,no
2026-10-05T01:28:00.796138Z,KXBTC15M-26OCT042130-30,0.9920,72.00,no
2026-10-05T01:28:00.796138Z,KXBTC15M-26OCT042130-30,0.9910,0.01,no
2026-10-05T01:28:00.796138Z,KXBTC15M-26OCT042130-30,0.9920,0.01,no
2026-10-05T01:28:00.796138Z,KXBTC15M-26OCT042130-30,0.9910,0.01,no
2026-10-05T01:28:00.796138Z,KXBTC15M-26OCT042130-30,0.9900,41.98,no
2026-10-05T01:28:00.796138Z,KXBTC15M-26OCT042130-30,0.9910,200.00,no
2026-10-05T01:28:00.812169Z,KXBTC15M-26OCT042130-30,0.9900,9.32,no
2026-10-05T01:28:00.87512Z,KXBTC15M-26OCT042130-30,0.9900,18.10,no
2026-10-05T01:28:00.87512Z,KXBTC15M-26OCT042130-30,0.9900,0.01,no
2026-10-05T01:28:00.87512Z,KXBTC15M-26OCT042130-30,0.9900,3.68,no
2026-10-05T01:28:00.87512Z,KXBTC15M-26OCT042130-30,0.9900,0.01,no
2026-10-05T01:28:00.880735Z,KXBTC15M-26OCT042130-30,0.9920,2.25,yes
2026-10-05T01:28:00.883827Z,KXBTC15M-26OCT042130-30,0.9900,5.28,no
2026-10-05T01:28:01.001698Z,KXBTC15M-26OCT042130-30,0.9900,163.83,no
2026-10-05T01:28:01.040232Z,KXBTC15M-26OCT042130-30,0.9900,182.08,no
2026-10-05T01:28:01.117553Z,KXBTC15M-26OCT042130-30,0.9920,16.00,yes
2026-10-05T01:28:01.138472Z,KXBTC15M-26OCT042130-30,0.9900,1.02,no
2026-10-05T01:28:01.140686Z,KXBTC15M-26OCT042130-30,0.9900,200.00,no
2026-10-05T01:28:01.140686Z,KXBTC15M-26OCT042130-30,0.9900,47.79,no
2026-10-05T01:28:01.140686Z,KXBTC15M-26OCT042130-30,0.9900,28.20,no
2026-10-05T01:28:01.140686Z,KXBTC15M-26OCT042130-30,0.9900,0.01,no
2026-10-05T01:28:01.185975Z,KXBTC15M-26OCT042130-30,0.9900,71.80,no
2026-10-05T01:28:01.185975Z,KXBTC15M-26OCT042130-30,0.9900,19.00,no
2026-10-05T01:28:01.29966Z,KXBTC15M-26OCT042130-30,0.9920,1000.00,yes
2026-10-05T01:28:01.348545Z,KXBTC15M-26OCT042130-30,0.9910,50.29,no
2026-10-05T01:28:01.402958Z,KXBTC15M-26OCT042130-30,0.9910,92.59,no
2026-10-05T01:28:01.502777Z,KXBTC15M-26OCT042130-30,0.9900,200.00,no
2026-10-05T01:28:01.502777Z,KXBTC15M-26OCT042130-30,0.9910,161.00,no
2026-10-05T01:28:01.502777Z,KXBTC15M-26OCT042130-30,0.9900,17.00,no
2026-10-05T01:28:01.502777Z,KXBTC15M-26OCT042130-30,0.9910,140.22,no
2026-10-05T01:28:01.502777Z,KXBTC15M-26OCT042130-30,0.9910,500.00,no
2026-10-05T01:28:01.502777Z,KXBTC15M-26OCT042130-30,0.9900,147.60,no
2026-10-05T01:28:01.502777Z,KXBTC15M-26OCT042130-30,0.9910,500.00,no
2026-10-05T01:28:01.553664Z,KXBTC15M-26OCT042130-30,0.9920,4.98,yes
2026-10-05T01:28:01.553664Z,KXBTC15M-26OCT042130-30,0.9920,0.01,yes
2026-10-05T01:28:01.553664Z,KXBTC15M-26OCT042130-30,0.9920,0.01,yes
2026-10-05T01:28:01.560805Z,KXBTC15M-26OCT042130-30,0.9920,95.00,yes
2026-10-05T01:28:01.564076Z,KXBTC15M-26OCT042130-30,0.9920,0.01,yes
2026-10-05T01:28:01.60894Z,KXBTC15M-26OCT042130-30,0.9910,93.49,no
2026-10-05T01:28:01.60894Z,KXBTC15M-26OCT042130-30,0.9910,0.01,no
2026-10-05T01:28:01.60894Z,KXBTC15M-26OCT042130-30,0.9910,0.01,no
2026-10-05T01:28:01.643683Z,KXBTC15M-26OCT042130-30,0.9920,0.01,yes
2026-10-05T01:28:01.643683Z,KXBTC15M-26OCT042130-30,0.9920,0.01,yes
2026-10-05T01:28:01.643683Z,KXBTC15M-26OCT042130-30,0.9930,1.00,yes
2026-10-05T01:28:01.643683Z,KXBTC15M-26OCT042130-30,0.9930,15.00,yes
2026-10-05T01:28:01.643683Z,KXBTC15M-26OCT042130-30,0.9940,15.00,yes
2026-10-05T01:28:01.643683Z,KXBTC15M-26OCT042130-30,0.9940,46.00,yes
2026-10-05T01:28:01.643683Z,KXBTC15M-26OCT042130-30,0.9940,0.35,yes
2026-10-05T01:28:01.725656Z,KXBTC15M-26OCT042130-30,0.9920,7.25,no
2026-10-05T01:28:01.725656Z,KXBTC15M-26OCT042130-30,0.9920,0.01,no
2026-10-05T01:28:01.79477Z,KXBTC15M-26OCT042130-30,0.9920,36.33,no
2026-10-05T01:28:01.845114Z,KXBTC15M-26OCT042130-30,0.9930,0.99,yes
2026-10-05T01:28:01.845114Z,KXBTC15M-26OCT042130-30,0.9930,0.01,yes
2026-10-05T01:28:01.866687Z,KXBTC15M-26OCT042130-30,0.9920,36.33,no
2026-10-05T01:28:01.881136Z,KXBTC15M-26OCT042130-30,0.9920,73.42,no
2026-10-05T01:28:01.881136Z,KXBTC15M-26OCT042130-30,0.9920,20.09,no
2026-10-05T01:28:01.930792Z,KXBTC15M-26OCT042130-30,0.9920,36.33,no
2026-10-05T01:28:01.989376Z,KXBTC15M-26OCT042130-30,0.9920,36.33,no
2026-10-05T01:28:01.999275Z,KXBTC15M-26OCT042130-30,0.9920,3.00,no
2026-10-05T01:28:02.035623Z,KXBTC15M-26OCT042130-30,0.9930,0.01,yes
2026-10-05T01:28:02.035623Z,KXBTC15M-26OCT042130-30,0.9930,14.01,yes
2026-10-05T01:28:02.035623Z,KXBTC15M-26OCT042130-30,0.9930,0.01,yes
2026-10-05T01:28:02.035623Z,KXBTC15M-26OCT042130-30,0.9930,0.99,yes
2026-10-05T01:28:02.035623Z,KXBTC15M-26OCT042130-30,0.9940,14.65,yes
2026-10-05T01:28:02.035623Z,KXBTC15M-26OCT042130-30,0.9940,66.76,yes
2026-10-05T01:28:02.062985Z,KXBTC15M-26OCT042130-30,0.9930,0.01,no
2026-10-05T01:28:02.062985Z,KXBTC15M-26OCT042130-30,0.9930,0.01,no
2026-10-05T01:28:02.062985Z,KXBTC15M-26OCT042130-30,0.9920,26.31,no
2026-10-05T01:28:02.062985Z,KXBTC15M-26OCT042130-30,0.9930,10.00,no
2026-10-05T01:28:02.069603Z,KXBTC15M-26OCT042130-30,0.9930,15.00,no
2026-10-05T01:28:02.069603Z,KXBTC15M-26OCT042130-30,0.9930,15.00,no
2026-10-05T01:28:02.069603Z,KXBTC15M-26OCT042130-30,0.9920,73.91,no
2026-10-05T01:28:02.130752Z,KXBTC15M-26OCT042130-30,0.9930,0.01,no
2026-10-05T01:28:02.130752Z,KXBTC15M-26OCT042130-30,0.9930,0.01,no
2026-10-05T01:28:02.150814Z,KXBTC15M-26OCT042130-30,0.9930,7.00,no
2026-10-05T01:28:02.170637Z,KXBTC15M-26OCT042130-30,0.9940,0.79,yes
2026-10-05T01:28:02.170637Z,KXBTC15M-26OCT042130-30,0.9940,0.01,yes
2026-10-05T01:28:02.170637Z,KXBTC15M-26OCT042130-30,0.9940,16.00,yes
2026-10-05T01:28:02.170637Z,KXBTC15M-26OCT042130-30,0.9940,0.01,yes
2026-10-05T01:28:02.190998Z,KXBTC15M-26OCT042130-30,0.9940,16.00,yes
2026-10-05T01:28:02.190998Z,KXBTC15M-26OCT042130-30,0.9940,14.21,yes
2026-10-05T01:28:02.190998Z,KXBTC15M-26OCT042130-30,0.9940,15.00,yes
2026-10-05T01:28:02.190998Z,KXBTC15M-26OCT042130-30,0.9940,0.01,yes
2026-10-05T01:28:02.190998Z,KXBTC15M-26OCT042130-30,0.9940,0.01,yes
2026-10-05T01:28:02.190998Z,KXBTC15M-26OCT042130-30,0.9950,87.18,yes
2026-10-05T01:28:02.190998Z,KXBTC15M-26OCT042130-30,0.9950,50.00,yes
2026-10-05T01:28:02.190998Z,KXBTC15M-26OCT042130-30,0.9950,50.00,yes
2026-10-05T01:28:02.190998Z,KXBTC15M-26OCT042130-30,0.9950,79.72,yes
2026-10-05T01:28:02.204788Z,KXBTC15M-26OCT042130-30,0.9930,36.33,no
2026-10-05T01:28:02.260244Z,KXBTC15M-26OCT042130-30,0.9940,0.01,yes
2026-10-05T01:28:02.260244Z,KXBTC15M-26OCT042130-30,0.9940,0.01,yes
2026-10-05T01:28:02.260244Z,KXBTC15M-26OCT042130-30,0.9940,99.38,yes
2026-10-05T01:28:02.260244Z,KXBTC15M-26OCT042130-30,0.9940,16.00,yes
2026-10-05T01:28:02.260244Z,KXBTC15M-26OCT042130-30,0.9940,136.00,yes
2026-10-05T01:28:02.34106Z,KXBTC15M-26OCT042130-30,0.9930,36.33,no
2026-10-05T01:28:02.358852Z,KXBTC15M-26OCT042130-30,0.9930,22.62,no
2026-10-05T01:28:02.369019Z,KXBTC15M-26OCT042130-30,0.9930,84.15,no
2026-10-05T01:28:02.390317Z,KXBTC15M-26OCT042130-30,0.9930,0.01,no
2026-10-05T01:28:02.390317Z,KXBTC15M-26OCT042130-30,0.9930,10.00,no
2026-10-05T01:28:02.390317Z,KXBTC15M-26OCT042130-30,0.9930,0.01,no
2026-10-05T01:28:02.390317Z,KXBTC15M-26OCT042130-30,0.9930,200.00,no
2026-10-05T01:28:02.390317Z,KXBTC15M-26OCT042130-30,0.9930,374.40,no
2026-10-05T01:28:02.418473Z,KXBTC15M-26OCT042130-30,0.9930,0.01,no
2026-10-05T01:28:02.418473Z,KXBTC15M-26OCT042130-30,0.9920,21.31,no
2026-10-05T01:28:02.418473Z,KXBTC15M-26OCT042130-30,0.9930,15.00,no
2026-10-05T01:28:02.418473Z,KXBTC15M-26OCT042130-30,0.9930,0.01,no
2026-10-05T01:28:02.445086Z,KXBTC15M-26OCT042130-30,0.9940,34.23,yes
2026-10-05T01:28:02.445086Z,KXBTC15M-26OCT042130-30,0.9940,0.01,yes
2026-10-05T01:28:02.445086Z,KXBTC15M-26OCT042130-30,0.9940,16.00,yes
2026-10-05T01:28:02.445086Z,KXBTC15M-26OCT042130-30,0.9940,0.01,yes
2026-10-05T01:28:02.468695Z,KXBTC15M-26OCT042130-30,0.9930,1.12,no
2026-10-05T01:28:02.474751Z,KXBTC15M-26OCT042130-30,0.9930,116.88,no
2026-10-05T01:28:02.518531Z,KXBTC15M-26OCT042130-30,0.9930,116.42,no
2026-10-05T01:28:02.518531Z,KXBTC15M-26OCT042130-30,0.9930,0.01,no
2026-10-05T01:28:02.518531Z,KXBTC15M-26OCT042130-30,0.9930,15.00,no
2026-10-05T01:28:02.518531Z,KXBTC15M-26OCT042130-30,0.9930,9.94,no
2026-10-05T01:28:02.518531Z,KXBTC15M-26OCT042130-30,0.9930,0.01,no
2026-10-05T01:28:02.537148Z,KXBTC15M-26OCT042130-30,0.9930,0.02,no
2026-10-05T01:28:02.550863Z,KXBTC15M-26OCT042130-30,0.9940,86.73,yes
2026-10-05T01:28:02.604794Z,KXBTC15M-26OCT042130-30,0.9930,36.33,no
2026-10-05T01:28:02.613295Z,KXBTC15M-26OCT042130-30,0.9930,0.06,no
2026-10-05T01:28:02.730765Z,KXBTC15M-26OCT042130-30,0.9930,15.51,no
2026-10-05T01:28:02.752027Z,KXBTC15M-26OCT042130-30,0.9930,21.80,no
2026-10-05T01:28:02.759803Z,KXBTC15M-26OCT042130-30,0.9930,2.10,no
2026-10-05T01:28:02.842027Z,KXBTC15M-26OCT042130-30,0.9930,0.01,no
2026-10-05T01:28:02.842027Z,KXBTC15M-26OCT042130-30,0.9920,6.48,no
2026-10-05T01:28:02.842027Z,KXBTC15M-26OCT042130-30,0.9930,0.76,no
2026-10-05T01:28:02.842027Z,KXBTC15M-26OCT042130-30,0.9930,0.01,no
2026-10-05T01:28:02.851349Z,KXBTC15M-26OCT042130-30,0.9920,11.85,no
2026-10-05T01:28:02.894722Z,KXBTC15M-26OCT042130-30,0.9930,104.02,yes
2026-10-05T01:28:02.908778Z,KXBTC15M-26OCT042130-30,0.9930,5.02,yes
2026-10-05T01:28:02.93907Z,KXBTC15M-26OCT042130-30,0.9920,6.00,no
2026-10-05T01:28:02.986279Z,KXBTC15M-26OCT042130-30,0.9920,0.02,no
2026-10-05T01:28:03.05061Z,KXBTC15M-26OCT042130-30,0.9920,51.00,no
2026-10-05T01:28:03.059588Z,KXBTC15M-26OCT042130-30,0.9920,233.30,no
2026-10-05T01:28:03.077711Z,KXBTC15M-26OCT042130-30,0.9920,233.02,no
2026-10-05T01:28:03.090688Z,KXBTC15M-26OCT042130-30,0.9920,36.33,no
2026-10-05T01:28:03.156797Z,KXBTC15M-26OCT042130-30,0.9920,36.33,no
2026-10-05T01:28:03.180345Z,KXBTC15M-26OCT042130-30,0.9930,66.87,yes
2026-10-05T01:28:03.183767Z,KXBTC15M-26OCT042130-30,0.9920,35.00,no
2026-10-05T01:28:03.199869Z,KXBTC15M-26OCT042130-30,0.9930,1046.00,yes
2026-10-05T01:28:03.199869Z,KXBTC15M-26OCT042130-30,0.9930,0.01,yes
2026-10-05T01:28:03.199869Z,KXBTC15M-26OCT042130-30,0.9930,15.00,yes
2026-10-05T01:28:03.199869Z,KXBTC15M-26OCT042130-30,0.9940,395.61,yes
2026-10-05T01:28:03.199869Z,KXBTC15M-26OCT042130-30,0.9930,200.00,yes
2026-10-05T01:28:03.199869Z,KXBTC15M-26OCT042130-30,0.9930,347.09,yes
2026-10-05T01:28:03.199869Z,KXBTC15M-26OCT042130-30,0.9930,0.01,yes
2026-10-05T01:28:03.219386Z,KXBTC15M-26OCT042130-30,0.9920,36.33,no
2026-10-05T01:28:03.306523Z,KXBTC15M-26OCT042130-30,0.9920,0.01,no
2026-10-05T01:28:03.306523Z,KXBTC15M-26OCT042130-30,0.9920,41.69,no
2026-10-05T01:28:03.306523Z,KXBTC15M-26OCT042130-30,0.9920,0.01,no
2026-10-05T01:28:03.306523Z,KXBTC15M-26OCT042130-30,0.9920,100.00,no
2026-10-05T01:28:03.306523Z,KXBTC15M-26OCT042130-30,0.9920,92.34,no
2026-10-05T01:28:03.320052Z,KXBTC15M-26OCT042130-30,0.9920,36.33,no
2026-10-05T01:28:03.359639Z,KXBTC15M-26OCT042130-30,0.9920,321.98,no
2026-10-05T01:28:03.359639Z,KXBTC15M-26OCT042130-30,0.9920,165.01,no
2026-10-05T01:28:03.359639Z,KXBTC15M-26OCT042130-30,0.9920,331.19,no
2026-10-05T01:28:03.384775Z,KXBTC15M-26OCT042130-30,0.9920,11.45,no
2026-10-05T01:28:03.413327Z,KXBTC15M-26OCT042130-30,0.9920,36.33,no
2026-10-05T01:28:03.492745Z,KXBTC15M-26OCT042130-30,0.9930,36.33,no
2026-10-05T01:28:03.592047Z,KXBTC15M-26OCT042130-30,0.9930,116.88,no
2026-10-05T01:28:03.605421Z,KXBTC15M-26OCT042130-30,0.9930,97.80,no
2026-10-05T01:28:03.619703Z,KXBTC15M-26OCT042130-30,0.9930,42.85,no
2026-10-05T01:28:03.648865Z,KXBTC15M-26OCT042130-30,0.9930,11.69,no
2026-10-05T01:28:03.653316Z,KXBTC15M-26OCT042130-30,0.9930,116.88,no
2026-10-05T01:28:03.682477Z,KXBTC15M-26OCT042130-30,0.9940,0.01,yes
2026-10-05T01:28:03.682477Z,KXBTC15M-26OCT042130-30,0.9940,0.01,yes
2026-10-05T01:28:03.682477Z,KXBTC15M-26OCT042130-30,0.9940,16.00,yes
2026-10-05T01:28:03.682477Z,KXBTC15M-26OCT042130-30,0.9940,15.00,yes
2026-10-05T01:28:03.682477Z,KXBTC15M-26OCT042130-30,0.9940,15.00,yes
2026-10-05T01:28:03.682477Z,KXBTC15M-26OCT042130-30,0.9950,2.82,yes
2026-10-05T01:28:03.682477Z,KXBTC15M-26OCT042130-30,0.9950,86.16,yes
2026-10-05T01:28:03.682477Z,KXBTC15M-26OCT042130-30,0.9950,50.00,yes
2026-10-05T01:28:03.682477Z,KXBTC15M-26OCT042130-30,0.9950,90.00,yes
2026-10-05T01:28:03.682477Z,KXBTC15M-26OCT042130-30,0.9950,50.00,yes
2026-10-05T01:28:03.682477Z,KXBTC15M-26OCT042130-30,0.9950,50.00,yes
2026-10-05T01:28:03.682477Z,KXBTC15M-26OCT042130-30,0.9950,35.00,yes
2026-10-05T01:28:03.682477Z,KXBTC15M-26OCT042130-30,0.9950,100.00,yes
2026-10-05T01:28:03.682477Z,KXBTC15M-26OCT042130-30,0.9950,90.00,yes
2026-10-05T01:28:03.696866Z,KXBTC15M-26OCT042130-30,0.9950,35.00,yes
2026-10-05T01:28:03.696866Z,KXBTC15M-26OCT042130-30,0.9950,50.00,yes
2026-10-05T01:28:03.696866Z,KXBTC15M-26OCT042130-30,0.9950,90.00,yes
2026-10-05T01:28:03.696866Z,KXBTC15M-26OCT042130-30,0.9950,50.00,yes
2026-10-05T01:28:03.696866Z,KXBTC15M-26OCT042130-30,0.9950,35.00,yes
2026-10-05T01:28:03.696866Z,KXBTC15M-26OCT042130-30,0.9950,100.00,yes
2026-10-05T01:28:03.696866Z,KXBTC15M-26OCT042130-30,0.9950,50.00,yes
2026-10-05T01:28:03.696866Z,KXBTC15M-26OCT042130-30,0.9950,50.00,yes
2026-10-05T01:28:03.696866Z,KXBTC15M-26OCT042130-30,0.9950,90.00,yes
2026-10-05T01:28:03.696866Z,KXBTC15M-26OCT042130-30,0.9950,90.00,yes
2026-10-05T01:28:03.696866Z,KXBTC15M-26OCT042130-30,0.9950,50.00,yes
2026-10-05T01:28:03.696866Z,KXBTC15M-26OCT042130-30,0.9950,100.00,yes
2026-10-05T01:28:03.696866Z,KXBTC15M-26OCT042130-30,0.9950,90.00,yes
2026-10-05T01:28:03.696866Z,KXBTC15M-26OCT042130-30,0.9950,50.00,yes
2026-10-05T01:28:03.696866Z,KXBTC15M-26OCT042130-30,0.9950,21.37,yes
2026-10-05T01:28:03.696866Z,KXBTC15M-26OCT042130-30,0.9950,100.00,yes
2026-10-05T01:28:03.696866Z,KXBTC15M-26OCT042130-30,0.9950,50.00,yes
2026-10-05T01:28:03.696866Z,KXBTC15M-26OCT042130-30,0.9950,35.00,yes
2026-10-05T01:28:03.696866Z,KXBTC15M-26OCT042130-30,0.9950,50.00,yes
2026-10-05T01:28:03.696866Z,KXBTC15M-26OCT042130-30,0.9950,90.00,yes
2026-10-05T01:28:03.696866Z,KXBTC15M-26OCT042130-30,0.9950,35.00,yes
2026-10-05T01:28:03.696866Z,KXBTC15M-26OCT042130-30,0.9950,90.00,yes
2026-10-05T01:28:03.696866Z,KXBTC15M-26OCT042130-30,0.9950,50.00,yes
2026-10-05T01:28:03.696866Z,KXBTC15M-26OCT042130-30,0.9950,100.00,yes
2026-10-05T01:28:03.696866Z,KXBTC15M-26OCT042130-30,0.9950,100.00,yes
2026-10-05T01:28:03.696866Z,KXBTC15M-26OCT042130-30,0.9950,90.00,yes
2026-10-05T01:28:03.696866Z,KXBTC15M-26OCT042130-30,0.9950,35.00,yes
2026-10-05T01:28:03.696866Z,KXBTC15M-26OCT042130-30,0.9950,90.00,yes
2026-10-05T01:28:03.696866Z,KXBTC15M-26OCT042130-30,0.9950,50.00,yes
2026-10-05T01:28:03.696866Z,KXBTC15M-26OCT042130-30,0.9950,13.84,yes
2026-10-05T01:28:03.736434Z,KXBTC15M-26OCT042130-30,0.9930,46.76,no
2026-10-05T01:28:03.889556Z,KXBTC15M-26OCT042130-30,0.9940,16.00,yes
2026-10-05T01:28:03.889556Z,KXBTC15M-26OCT042130-30,0.9940,0.01,yes
2026-10-05T01:28:03.889556Z,KXBTC15M-26OCT042130-30,0.9940,0.01,yes
2026-10-05T01:28:03.889556Z,KXBTC15M-26OCT042130-30,0.9950,12.85,yes
2026-10-05T01:28:03.889556Z,KXBTC15M-26OCT042130-30,0.9950,68.63,yes
2026-10-05T01:28:03.935374Z,KXBTC15M-26OCT042130-30,0.9930,104.97,no
2026-10-05T01:28:03.952297Z,KXBTC15M-26OCT042130-30,0.9930,1.00,no
2026-10-05T01:28:03.952297Z,KXBTC15M-26OCT042130-30,0.9930,100.00,no
2026-10-05T01:28:03.952297Z,KXBTC15M-26OCT042130-30,0.9930,15.00,no
2026-10-05T01:28:03.952297Z,KXBTC15M-26OCT042130-30,0.9930,0.01,no
2026-10-05T01:28:03.952297Z,KXBTC15M-26OCT042130-30,0.9930,0.01,no
2026-10-05T01:28:03.952297Z,KXBTC15M-26OCT042130-30,0.9930,740.00,no
2026-10-05T01:28:03.952297Z,KXBTC15M-26OCT042130-30,0.9910,46.88,no
2026-10-05T01:28:03.952297Z,KXBTC15M-26OCT042130-30,0.9910,15.00,no
2026-10-05T01:28:03.952297Z,KXBTC15M-26OCT042130-30,0.9920,10.00,no
2026-10-05T01:28:03.952297Z,KXBTC15M-26OCT042130-30,0.9930,500.00,no
2026-10-05T01:28:03.952297Z,KXBTC15M-26OCT042130-30,0.9910,12.00,no
2026-10-05T01:28:03.980116Z,KXBTC15M-26OCT042130-30,0.9940,0.01,yes
2026-10-05T01:28:03.980116Z,KXBTC15M-26OCT042130-30,0.9940,16.00,yes
2026-10-05T01:28:03.980116Z,KXBTC15M-26OCT042130-30,0.9940,0.01,yes
2026-10-05T01:28:03.980116Z,KXBTC15M-26OCT042130-30,0.9940,15.00,yes
2026-10-05T01:28:04.053527Z,KXBTC15M-26OCT042130-30,0.9940,0.01,yes
2026-10-05T01:28:04.053527Z,KXBTC15M-26OCT042130-30,0.9940,16.00,yes
2026-10-05T01:28:04.053527Z,KXBTC15M-26OCT042130-30,0.9940,0.01,yes
2026-10-05T01:28:04.053527Z,KXBTC15M-26OCT042130-30,0.9950,44.07,yes
2026-10-05T01:28:04.150874Z,KXBTC15M-26OCT042130-30,0.9930,0.88,no
2026-10-05T01:28:04.150874Z,KXBTC15M-26OCT042130-30,0.9930,0.01,no
2026-10-05T01:28:04.150874Z,KXBTC15M-26OCT042130-30,0.9930,15.00,no
2026-10-05T01:28:04.150874Z,KXBTC15M-26OCT042130-30,0.9930,15.00,no
2026-10-05T01:28:04.150874Z,KXBTC15M-26OCT042130-30,0.9930,0.01,no
2026-10-05T01:28:04.150874Z,KXBTC15M-26OCT042130-30,0.9930,100.00,no
2026-10-05T01:28:04.290722Z,KXBTC15M-26OCT042130-30,0.9940,15.00,yes
2026-10-05T01:28:04.290722Z,KXBTC15M-26OCT042130-30,0.9940,0.01,yes
2026-10-05T01:28:04.290722Z,KXBTC15M-26OCT042130-30,0.9940,15.00,yes
2026-10-05T01:28:04.290722Z,KXBTC15M-26OCT042130-30,0.9940,16.00,yes
2026-10-05T01:28:04.290722Z,KXBTC15M-26OCT042130-30,0.9940,0.01,yes
2026-10-05T01:28:04.290722Z,KXBTC15M-26OCT042130-30,0.9950,50.00,yes
2026-10-05T01:28:04.290722Z,KXBTC15M-26OCT042130-30,0.9950,90.00,yes
2026-10-05T01:28:04.290722Z,KXBTC15M-26OCT042130-30,0.9950,180.00,yes
2026-10-05T01:28:04.290722Z,KXBTC15M-26OCT042130-30,0.9950,35.00,yes
2026-10-05T01:28:04.290722Z,KXBTC15M-26OCT042130-30,0.9950,35.00,yes
2026-10-05T01:28:04.290722Z,KXBTC15M-26OCT042130-30,0.9950,100.00,yes
2026-10-05T01:28:04.290722Z,KXBTC15M-26OCT042130-30,0.9950,50.00,yes
2026-10-05T01:28:04.290722Z,KXBTC15M-26OCT042130-30,0.9950,50.00,yes
2026-10-05T01:28:04.290722Z,KXBTC15M-26OCT042130-30,0.9950,33.08,yes
2026-10-05T01:28:04.290722Z,KXBTC15M-26OCT042130-30,0.9950,90.00,yes
2026-10-05T01:28:04.290722Z,KXBTC15M-26OCT042130-30,0.9950,90.00,yes
2026-10-05T01:28:04.290722Z,KXBTC15M-26OCT042130-30,0.9950,50.00,yes
2026-10-05T01:28:04.290722Z,KXBTC15M-26OCT042130-30,0.9950,3.90,yes
2026-10-05T01:28:04.290722Z,KXBTC15M-26OCT042130-30,0.9950,90.00,yes
2026-10-05T01:28:04.290722Z,KXBTC15M-26OCT042130-30,0.9950,100.00,yes
2026-10-05T01:28:04.290722Z,KXBTC15M-26OCT042130-30,0.9950,100.00,yes
2026-10-05T01:28:04.304626Z,KXBTC15M-26OCT042130-30,0.9930,11.69,no
2026-10-05T01:28:04.360546Z,KXBTC15M-26OCT042130-30,0.9940,0.01,no
2026-10-05T01:28:04.360546Z,KXBTC15M-26OCT042130-30,0.9940,0.01,no
2026-10-05T01:28:04.360546Z,KXBTC15M-26OCT042130-30,0.9940,185.35,no
2026-10-05T01:28:04.360546Z,KXBTC15M-26OCT042130-30,0.9940,15.00,no
2026-10-05T01:28:04.369647Z,KXBTC15M-26OCT042130-30,0.9940,133.58,no
2026-10-05T01:28:04.412382Z,KXBTC15M-26OCT042130-30,0.9950,11.06,yes
2026-10-05T01:28:04.432404Z,KXBTC15M-26OCT042130-30,0.9950,69.12,yes
2026-10-05T01:28:04.434163Z,KXBTC15M-26OCT042130-30,0.9940,465.07,no
2026-10-05T01:28:04.434163Z,KXBTC15M-26OCT042130-30,0.9940,59.87,no
2026-10-05T01:28:04.475173Z,KXBTC15M-26OCT042130-30,0.9940,133.58,no
2026-10-05T01:28:04.480077Z,KXBTC15M-26OCT042130-30,0.9940,6.55,no
2026-10-05T01:28:04.480077Z,KXBTC15M-26OCT042130-30,0.9940,15.00,no
2026-10-05T01:28:04.480077Z,KXBTC15M-26OCT042130-30,0.9940,0.01,no
2026-10-05T01:28:04.480077Z,KXBTC15M-26OCT042130-30,0.9940,112.01,no
2026-10-05T01:28:04.480077Z,KXBTC15M-26OCT042130-30,0.9940,0.01,no
2026-10-05T01:28:04.489249Z,KXBTC15M-26OCT042130-30,0.9940,236.00,no
2026-10-05T01:28:04.503708Z,KXBTC15M-26OCT042130-30,0.9950,1.00,yes
2026-10-05T01:28:04.540881Z,KXBTC15M-26OCT042130-30,0.9950,1.96,yes
2026-10-05T01:28:04.542185Z,KXBTC15M-26OCT042130-30,0.9950,9.02,yes
2026-10-05T01:28:04.590661Z,KXBTC15M-26OCT042130-30,0.9940,133.58,no
2026-10-05T01:28:04.646896Z,KXBTC15M-26OCT042130-30,0.9940,66.77,no
2026-10-05T01:28:04.646896Z,KXBTC15M-26OCT042130-30,0.9940,0.01,no
2026-10-05T01:28:04.646896Z,KXBTC15M-26OCT042130-30,0.9940,0.01,no
2026-10-05T01:28:04.703006Z,KXBTC15M-26OCT042130-30,0.9940,133.23,no
2026-10-05T01:28:04.703006Z,KXBTC15M-26OCT042130-30,0.9940,20.07,no
2026-10-05T01:28:04.735549Z,KXBTC15M-26OCT042130-30,0.9940,1335.72,no
2026-10-05T01:28:04.814556Z,KXBTC15M-26OCT042130-30,0.9940,152.71,no
2026-10-05T01:28:04.952472Z,KXBTC15M-26OCT042130-30,0.9940,149.59,no
2026-10-05T01:28:04.953715Z,KXBTC15M-26OCT042130-30,0.9940,133.58,no
2026-10-05T01:28:04.980944Z,KXBTC15M-26OCT042130-30,0.9940,1000.00,no
2026-10-05T01:28:04.995377Z,KXBTC15M-26OCT042130-30,0.9940,15.00,no
2026-10-05T01:28:04.996802Z,KXBTC15M-26OCT042130-30,0.9950,1.00,yes
2026-10-05T01:28:05.019476Z,KXBTC15M-26OCT042130-30,0.9950,52.31,yes
2026-10-05T01:28:05.019476Z,KXBTC15M-26OCT042130-30,0.9950,2.94,yes
2026-10-05T01:28:05.021833Z,KXBTC15M-26OCT042130-30,0.9950,2.98,yes
2026-10-05T01:28:05.05369Z,KXBTC15M-26OCT042130-30,0.9940,519.52,no
2026-10-05T01:28:05.082708Z,KXBTC15M-26OCT042130-30,0.9940,152.71,no
2026-10-05T01:28:05.146537Z,KXBTC15M-26OCT042130-30,0.9940,756.26,no
2026-10-05T01:28:05.154908Z,KXBTC15M-26OCT042130-30,0.9950,34.71,yes
2026-10-05T01:28:05.154908Z,KXBTC15M-26OCT042130-30,0.9950,55.29,yes
2026-10-05T01:28:05.185125Z,KXBTC15M-26OCT042130-30,0.9950,50.00,yes
2026-10-05T01:28:05.185125Z,KXBTC15M-26OCT042130-30,0.9950,90.00,yes
2026-10-05T01:28:05.185125Z,KXBTC15M-26OCT042130-30,0.9950,90.00,yes
2026-10-05T01:28:05.185125Z,KXBTC15M-26OCT042130-30,0.9950,35.00,yes
2026-10-05T01:28:05.185125Z,KXBTC15M-26OCT042130-30,0.9950,35.00,yes
2026-10-05T01:28:05.185125Z,KXBTC15M-26OCT042130-30,0.9950,100.00,yes
2026-10-05T01:28:05.185125Z,KXBTC15M-26OCT042130-30,0.9950,50.00,yes
2026-10-05T01:28:05.185125Z,KXBTC15M-26OCT042130-30,0.9950,100.00,yes
2026-10-05T01:28:05.185125Z,KXBTC15M-26OCT042130-30,0.9950,50.00,yes
2026-10-05T01:28:05.185125Z,KXBTC15M-26OCT042130-30,0.9950,90.00,yes
2026-10-05T01:28:05.185125Z,KXBTC15M-26OCT042130-30,0.9950,90.00,yes
2026-10-05T01:28:05.185125Z,KXBTC15M-26OCT042130-30,0.9950,35.00,yes
2026-10-05T01:28:05.185125Z,KXBTC15M-26OCT042130-30,0.9950,100.00,yes
2026-10-05T01:28:05.185125Z,KXBTC15M-26OCT042130-30,0.9950,35.00,yes
2026-10-05T01:28:05.185125Z,KXBTC15M-26OCT042130-30,0.9950,90.00,yes
2026-10-05T01:28:05.185125Z,KXBTC15M-26OCT042130-30,0.9950,90.00,yes
2026-10-05T01:28:05.185125Z,KXBTC15M-26OCT042130-30,0.9950,200.00,yes
2026-10-05T01:28:05.185125Z,KXBTC15M-26OCT042130-30,0.9950,90.00,yes
2026-10-05T01:28:05.185125Z,KXBTC15M-26OCT042130-30,0.9950,35.00,yes
2026-10-05T01:28:05.185125Z,KXBTC15M-26OCT042130-30,0.9950,5.00,yes
2026-10-05T01:28:05.185125Z,KXBTC15M-26OCT042130-30,0.9950,35.00,yes
2026-10-05T01:28:05.185125Z,KXBTC15M-26OCT042130-30,0.9950,50.00,yes
2026-10-05T01:28:05.185125Z,KXBTC15M-26OCT042130-30,0.9950,124.71,yes
2026-10-05T01:28:05.185125Z,KXBTC15M-26OCT042130-30,0.9950,50.00,yes
2026-10-05T01:28:05.185125Z,KXBTC15M-26OCT042130-30,0.9950,50.00,yes
2026-10-05T01:28:05.185125Z,KXBTC15M-26OCT042130-30,0.9950,35.00,yes
2026-10-05T01:28:05.185125Z,KXBTC15M-26OCT042130-30,0.9950,50.00,yes
2026-10-05T01:28:05.185125Z,KXBTC15M-26OCT042130-30,0.9950,100.00,yes
2026-10-05T01:28:05.185125Z,KXBTC15M-26OCT042130-30,0.9950,90.00,yes
2026-10-05T01:28:05.185125Z,KXBTC15M-26OCT042130-30,0.9950,90.00,yes
2026-10-05T01:28:05.185125Z,KXBTC15M-26OCT042130-30,0.9950,50.00,yes
2026-10-05T01:28:05.185125Z,KXBTC15M-26OCT042130-30,0.9950,50.00,yes
2026-10-05T01:28:05.185125Z,KXBTC15M-26OCT042130-30,0.9950,100.00,yes
2026-10-05T01:28:05.185125Z,KXBTC15M-26OCT042130-30,0.9950,100.00,yes
2026-10-05T01:28:05.185125Z,KXBTC15M-26OCT042130-30,0.9950,50.00,yes
2026-10-05T01:28:05.185125Z,KXBTC15M-26OCT042130-30,0.9950,35.00,yes
2026-10-05T01:28:05.185125Z,KXBTC15M-26OCT042130-30,0.9950,50.00,yes
2026-10-05T01:28:05.185125Z,KXBTC15M-26OCT042130-30,0.9950,90.00,yes
2026-10-05T01:28:05.185125Z,KXBTC15M-26OCT042130-30,0.9950,50.00,yes
2026-10-05T01:28:05.185125Z,KXBTC15M-26OCT042130-30,0.9950,90.00,yes
2026-10-05T01:28:05.185125Z,KXBTC15M-26OCT042130-30,0.9950,100.00,yes
2026-10-05T01:28:05.185125Z,KXBTC15M-26OCT042130-30,0.9950,50.00,yes
2026-10-05T01:28:05.185125Z,KXBTC15M-26OCT042130-30,0.9950,50.00,yes
2026-10-05T01:28:05.185125Z,KXBTC15M-26OCT042130-30,0.9950,50.00,yes
2026-10-05T01:28:05.185125Z,KXBTC15M-26OCT042130-30,0.9950,165.29,yes
2026-10-05T01:28:05.185125Z,KXBTC15M-26OCT042130-30,0.9950,200.00,yes
2026-10-05T01:28:05.185125Z,KXBTC15M-26OCT042130-30,0.9950,35.00,yes
2026-10-05T01:28:05.185125Z,KXBTC15M-26OCT042130-30,0.9950,50.00,yes
2026-10-05T01:28:05.185125Z,KXBTC15M-26OCT042130-30,0.9950,35.00,yes
2026-10-05T01:28:05.185125Z,KXBTC15M-26OCT042130-30,0.9950,50.00,yes
2026-10-05T01:28:05.185125Z,KXBTC15M-26OCT042130-30,0.9950,90.00,yes
2026-10-05T01:28:05.185125Z,KXBTC15M-26OCT042130-30,0.9950,100.00,yes
2026-10-05T01:28:05.185125Z,KXBTC15M-26OCT042130-30,0.9950,100.00,yes
2026-10-05T01:28:05.185125Z,KXBTC15M-26OCT042130-30,0.9950,50.00,yes
2026-10-05T01:28:05.185125Z,KXBTC15M-26OCT042130-30,0.9950,35.00,yes
2026-10-05T01:28:05.185125Z,KXBTC15M-26OCT042130-30,0.9950,50.00,yes
2026-10-05T01:28:05.185125Z,KXBTC15M-26OCT042130-30,0.9950,50.00,yes
2026-10-05T01:28:05.185125Z,KXBTC15M-26OCT042130-30,0.9950,90.00,yes
2026-10-05T01:28:05.185125Z,KXBTC15M-26OCT042130-30,0.9950,90.00,yes
2026-10-05T01:28:05.185125Z,KXBTC15M-26OCT042130-30,0.9950,90.00,yes
2026-10-05T01:28:05.185125Z,KXBTC15M-26OCT042130-30,0.9950,100.00,yes
2026-10-05T01:28:05.185125Z,KXBTC15M-26OCT042130-30,0.9950,100.00,yes
2026-10-05T01:28:05.185125Z,KXBTC15M-26OCT042130-30,0.9950,90.00,yes
2026-10-05T01:28:05.185125Z,KXBTC15M-26OCT042130-30,0.9950,180.00,yes
2026-10-05T01:28:05.185125Z,KXBTC15M-26OCT042130-30,0.9950,100.00,yes
2026-10-05T01:28:05.185125Z,KXBTC15M-26OCT042130-30,0.9950,100.00,yes
2026-10-05T01:28:05.231683Z,KXBTC15M-26OCT042130-30,0.9950,2.00,yes
2026-10-05T01:28:05.259516Z,KXBTC15M-26OCT042130-30,0.9940,133.58,no
2026-10-05T01:28:05.294933Z,KXBTC15M-26OCT042130-30,0.9950,0.02,yes
2026-10-05T01:28:05.297071Z,KXBTC15M-26OCT042130-30,0.9950,0.02,yes
2026-10-05T01:28:05.316553Z,KXBTC15M-26OCT042130-30,0.9940,5000.00,no
2026-10-05T01:28:05.343963Z,KXBTC15M-26OCT042130-30,0.9940,152.71,no
2026-10-05T01:28:05.360968Z,KXBTC15M-26OCT042130-30,0.9940,149.59,no
2026-10-05T01:28:05.389015Z,KXBTC15M-26OCT042130-30,0.9950,10.04,yes
2026-10-05T01:28:05.44066Z,KXBTC15M-26OCT042130-30,0.9940,10.27,no
2026-10-05T01:28:05.517191Z,KXBTC15M-26OCT042130-30,0.9940,0.10,no
2026-10-05T01:28:05.737356Z,KXBTC15M-26OCT042130-30,0.9940,763.54,no
2026-10-05T01:28:05.825306Z,KXBTC15M-26OCT042130-30,0.9950,8.23,yes
2026-10-05T01:28:05.825306Z,KXBTC15M-26OCT042130-30,0.9950,2.63,yes
2026-10-05T01:28:05.826829Z,KXBTC15M-26OCT042130-30,0.9950,250.00,yes
2026-10-05T01:28:05.829581Z,KXBTC15M-26OCT042130-30,0.9950,11.77,yes
2026-10-05T01:28:05.829581Z,KXBTC15M-26OCT042130-30,0.9950,2.86,yes
2026-10-05T01:28:05.834213Z,KXBTC15M-26OCT042130-30,0.9950,12.86,yes
2026-10-05T01:28:05.834213Z,KXBTC15M-26OCT042130-30,0.9950,67.14,yes
2026-10-05T01:28:05.840027Z,KXBTC15M-26OCT042130-30,0.9950,87.14,yes
2026-10-05T01:28:05.840027Z,KXBTC15M-26OCT042130-30,0.9950,162.86,yes
2026-10-05T01:28:05.922121Z,KXBTC15M-26OCT042130-30,0.9940,1558.24,no
2026-10-05T01:28:06.022577Z,KXBTC15M-26OCT042130-30,0.9940,152.71,no
2026-10-05T01:28:06.15274Z,KXBTC15M-26OCT042130-30,0.9950,37.14,yes
2026-10-05T01:28:06.15274Z,KXBTC15M-26OCT042130-30,0.9950,63.32,yes
2026-10-05T01:28:06.22239Z,KXBTC15M-26OCT042130-30,0.9950,5.00,yes
2026-10-05T01:28:06.261402Z,KXBTC15M-26OCT042130-30,0.9940,152.71,no
2026-10-05T01:28:06.309569Z,KXBTC15M-26OCT042130-30,0.9950,25.11,yes
2026-10-05T01:28:06.313079Z,KXBTC15M-26OCT042130-30,0.9940,311.64,no
2026-10-05T01:28:06.342371Z,KXBTC15M-26OCT042130-30,0.9940,311.64,no
2026-10-05T01:28:06.348374Z,KXBTC15M-26OCT042130-30,0.9940,15.58,no
2026-10-05T01:28:06.387265Z,KXBTC15M-26OCT042130-30,0.9950,4.00,yes
2026-10-05T01:28:06.392374Z,KXBTC15M-26OCT042130-30,0.9940,135.88,no
2026-10-05T01:28:06.419707Z,KXBTC15M-26OCT042130-30,0.9940,53.00,no
2026-10-05T01:28:06.422257Z,KXBTC15M-26OCT042130-30,0.9940,122.00,no
2026-10-05T01:28:06.464206Z,KXBTC15M-26OCT042130-30,0.9940,613.00,no
2026-10-05T01:28:06.492144Z,KXBTC15M-26OCT042130-30,0.9940,1017.70,no
2026-10-05T01:28:06.517207Z,KXBTC15M-26OCT042130-30,0.9940,149.59,no
2026-10-05T01:28:06.524057Z,KXBTC15M-26OCT042130-30,0.9940,311.64,no
2026-10-05T01:28:06.564369Z,KXBTC15M-26OCT042130-30,0.9940,200.00,no
2026-10-05T01:28:06.564765Z,KXBTC15M-26OCT042130-30,0.9940,152.71,no
2026-10-05T01:28:06.574539Z,KXBTC15M-26OCT042130-30,0.9940,3.02,no
2026-10-05T01:28:06.597466Z,KXBTC15M-26OCT042130-30,0.9940,280.99,no
2026-10-05T01:28:06.597466Z,KXBTC15M-26OCT042130-30,0.9940,0.01,no
2026-10-05T01:28:06.597466Z,KXBTC15M-26OCT042130-30,0.9940,30.64,no
2026-10-05T01:28:06.615862Z,KXBTC15M-26OCT042130-30,0.9940,1309.38,no
2026-10-05T01:28:06.622961Z,KXBTC15M-26OCT042130-30,0.9940,1.00,no
2026-10-05T01:28:06.647212Z,KXBTC15M-26OCT042130-30,0.9940,4.03,no
2026-10-05T01:28:06.667577Z,KXBTC15M-26OCT042130-30,0.9950,26.02,yes
2026-10-05T01:28:06.67204Z,KXBTC15M-26OCT042130-30,0.9950,10.04,yes
2026-10-05T01:28:06.673983Z,KXBTC15M-26OCT042130-30,0.9940,36.33,no
2026-10-05T01:28:06.685892Z,KXBTC15M-26OCT042130-30,0.9950,10.04,yes
2026-10-05T01:28:06.802142Z,KXBTC15M-26OCT042130-30,0.9940,36.33,no
2026-10-05T01:28:06.870969Z,KXBTC15M-26OCT042130-30,0.9940,36.33,no
2026-10-05T01:28:06.928106Z,KXBTC15M-26OCT042130-30,0.9950,21.12,yes
2026-10-05T01:28:06.955688Z,KXBTC15M-26OCT042130-30,0.9940,7.26,no
2026-10-05T01:28:07.029907Z,KXBTC15M-26OCT042130-30,0.9940,7.26,no
2026-10-05T01:28:07.104777Z,KXBTC15M-26OCT042130-30,0.9940,0.01,no
2026-10-05T01:28:07.104777Z,KXBTC15M-26OCT042130-30,0.9940,2.25,no
2026-10-05T01:28:07.106153Z,KXBTC15M-26OCT042130-30,0.9950,78.16,yes
2026-10-05T01:28:07.106153Z,KXBTC15M-26OCT042130-30,0.9950,15.35,yes
2026-10-05T01:28:07.116546Z,KXBTC15M-26OCT042130-30,0.9930,100.00,yes
2026-10-05T01:28:07.125579Z,KXBTC15M-26OCT042130-30,0.9930,7.42,yes
2026-10-05T01:28:07.175367Z,KXBTC15M-26OCT042130-30,0.9920,0.01,no
2026-10-05T01:28:07.215113Z,KXBTC15M-26OCT042130-30,0.9930,0.01,yes
2026-10-05T01:28:07.215113Z,KXBTC15M-26OCT042130-30,0.9930,0.01,yes
2026-10-05T01:28:07.215113Z,KXBTC15M-26OCT042130-30,0.9930,28.42,yes
2026-10-05T01:28:07.235774Z,KXBTC15M-26OCT042130-30,0.9920,0.01,no
2026-10-05T01:28:07.235774Z,KXBTC15M-26OCT042130-30,0.9920,21.33,no
2026-10-05T01:28:07.235774Z,KXBTC15M-26OCT042130-30,0.9920,14.99,no
2026-10-05T01:28:07.254137Z,KXBTC15M-26OCT042130-30,0.9920,1.01,no
2026-10-05T01:28:07.259074Z,KXBTC15M-26OCT042130-30,0.9950,46.92,yes
2026-10-05T01:28:07.259074Z,KXBTC15M-26OCT042130-30,0.9950,50.00,yes
2026-10-05T01:28:07.259074Z,KXBTC15M-26OCT042130-30,0.9950,100.00,yes
2026-10-05T01:28:07.259074Z,KXBTC15M-26OCT042130-30,0.9950,50.00,yes
2026-10-05T01:28:07.259074Z,KXBTC15M-26OCT042130-30,0.9950,90.00,yes
2026-10-05T01:28:07.259074Z,KXBTC15M-26OCT042130-30,0.9950,50.00,yes
2026-10-05T01:28:07.259074Z,KXBTC15M-26OCT042130-30,0.9950,200.00,yes
2026-10-05T01:28:07.259074Z,KXBTC15M-26OCT042130-30,0.9930,0.01,yes
2026-10-05T01:28:07.259074Z,KXBTC15M-26OCT042130-30,0.9930,0.01,yes
2026-10-05T01:28:07.259074Z,KXBTC15M-26OCT042130-30,0.9930,500.00,yes
2026-10-05T01:28:07.259074Z,KXBTC15M-26OCT042130-30,0.9940,15.00,yes
2026-10-05T01:28:07.259074Z,KXBTC15M-26OCT042130-30,0.9930,1046.00,yes
2026-10-05T01:28:07.259074Z,KXBTC15M-26OCT042130-30,0.9930,1017.58,yes
2026-10-05T01:28:07.259074Z,KXBTC15M-26OCT042130-30,0.9930,500.00,yes
2026-10-05T01:28:07.259074Z,KXBTC15M-26OCT042130-30,0.9940,200.00,yes
2026-10-05T01:28:07.259074Z,KXBTC15M-26OCT042130-30,0.9940,16.00,yes
2026-10-05T01:28:07.259074Z,KXBTC15M-26OCT042130-30,0.9950,100.00,yes
2026-10-05T01:28:07.259074Z,KXBTC15M-26OCT042130-30,0.9950,270.00,yes
2026-10-05T01:28:07.259074Z,KXBTC15M-26OCT042130-30,0.9950,100.00,yes
2026-10-05T01:28:07.259074Z,KXBTC15M-26OCT042130-30,0.9950,101.84,yes
2026-10-05T01:28:07.259074Z,KXBTC15M-26OCT042130-30,0.9950,100.00,yes
2026-10-05T01:28:07.259074Z,KXBTC15M-26OCT042130-30,0.9950,180.00,yes
2026-10-05T01:28:07.259074Z,KXBTC15M-26OCT042130-30,0.9950,100.00,yes
2026-10-05T01:28:07.259074Z,KXBTC15M-26OCT042130-30,0.9950,90.00,yes
2026-10-05T01:28:07.259074Z,KXBTC15M-26OCT042130-30,0.9950,100.00,yes
2026-10-05T01:28:07.263944Z,KXBTC15M-26OCT042130-30,0.9920,77.66,no
2026-10-05T01:28:07.263944Z,KXBTC15M-26OCT042130-30,0.9920,40.39,no
2026-10-05T01:28:07.290833Z,KXBTC15M-26OCT042130-30,0.9930,3.92,yes
2026-10-05T01:28:07.290833Z,KXBTC15M-26OCT042130-30,0.9930,0.01,yes
2026-10-05T01:28:07.290833Z,KXBTC15M-26OCT042130-30,0.9930,0.01,yes
2026-10-05T01:28:07.357721Z,KXBTC15M-26OCT042130-30,0.9940,0.01,yes
2026-10-05T01:28:07.357721Z,KXBTC15M-26OCT042130-30,0.9940,83.41,yes
2026-10-05T01:28:07.357721Z,KXBTC15M-26OCT042130-30,0.9930,0.01,yes
2026-10-05T01:28:07.357721Z,KXBTC15M-26OCT042130-30,0.9930,0.01,yes
2026-10-05T01:28:07.357721Z,KXBTC15M-26OCT042130-30,0.9930,11.08,yes
2026-10-05T01:28:07.357721Z,KXBTC15M-26OCT042130-30,0.9930,3.92,yes
2026-10-05T01:28:07.357721Z,KXBTC15M-26OCT042130-30,0.9940,0.01,yes
2026-10-05T01:28:07.49678Z,KXBTC15M-26OCT042130-30,0.9940,16.00,yes
2026-10-05T01:28:07.49678Z,KXBTC15M-26OCT042130-30,0.9930,0.01,yes
2026-10-05T01:28:07.49678Z,KXBTC15M-26OCT042130-30,0.9930,0.01,yes
2026-10-05T01:28:07.686395Z,KXBTC15M-26OCT042130-30,0.9920,55.58,no
2026-10-05T01:28:07.698805Z,KXBTC15M-26OCT042130-30,0.9920,116.25,no
2026-10-05T01:28:07.760317Z,KXBTC15M-26OCT042130-30,0.9920,0.01,no
2026-10-05T01:28:07.760317Z,KXBTC15M-26OCT042130-30,0.9920,49.98,no
2026-10-05T01:28:07.760317Z,KXBTC15M-26OCT042130-30,0.9920,0.01,no
2026-10-05T01:28:07.767467Z,KXBTC15M-26OCT042130-30,0.9950,6.10,yes
2026-10-05T01:28:07.767467Z,KXBTC15M-26OCT042130-30,0.9930,1.00,yes
2026-10-05T01:28:07.767467Z,KXBTC15M-26OCT042130-30,0.9940,16.00,yes
2026-10-05T01:28:07.767467Z,KXBTC15M-26OCT042130-30,0.9930,0.01,yes
2026-10-05T01:28:07.767467Z,KXBTC15M-26OCT042130-30,0.9940,1.00,yes
2026-10-05T01:28:07.767467Z,KXBTC15M-26OCT042130-30,0.9930,0.01,yes
2026-10-05T01:28:07.836263Z,KXBTC15M-26OCT042130-30,0.9950,72.48,yes
2026-10-05T01:28:07.836263Z,KXBTC15M-26OCT042130-30,0.9950,36.98,yes
2026-10-05T01:28:07.836263Z,KXBTC15M-26OCT042130-30,0.9930,0.01,yes
2026-10-05T01:28:07.836263Z,KXBTC15M-26OCT042130-30,0.9930,0.01,yes
2026-10-05T01:28:07.836263Z,KXBTC15M-26OCT042130-30,0.9940,0.01,yes
2026-10-05T01:28:07.836263Z,KXBTC15M-26OCT042130-30,0.9930,1.00,yes
2026-10-05T01:28:07.836263Z,KXBTC15M-26OCT042130-30,0.9940,16.00,yes
2026-10-05T01:28:07.836263Z,KXBTC15M-26OCT042130-30,0.9940,0.01,yes
2026-10-05T01:28:07.836263Z,KXBTC15M-26OCT042130-30,0.9940,1.00,yes
2026-10-05T01:28:07.955132Z,KXBTC15M-26OCT042130-30,0.9930,0.01,yes
2026-10-05T01:28:07.955132Z,KXBTC15M-26OCT042130-30,0.9930,0.01,yes
2026-10-05T01:28:07.955132Z,KXBTC15M-26OCT042130-30,0.9930,1.00,yes
2026-10-05T01:28:07.955132Z,KXBTC15M-26OCT042130-30,0.9940,10.04,yes
2026-10-05T01:28:08.025469Z,KXBTC15M-26OCT042130-30,0.9930,1.00,yes
2026-10-05T01:28:08.025469Z,KXBTC15M-26OCT042130-30,0.9930,0.01,yes
2026-10-05T01:28:08.025469Z,KXBTC15M-26OCT042130-30,0.9930,0.01,yes
2026-10-05T01:28:08.025469Z,KXBTC15M-26OCT042130-30,0.9940,7.08,yes
2026-10-05T01:28:08.025469Z,KXBTC15M-26OCT042130-30,0.9940,5.96,yes
2026-10-05T01:28:08.025469Z,KXBTC15M-26OCT042130-30,0.9940,1.00,yes
2026-10-05T01:28:08.025469Z,KXBTC15M-26OCT042130-30,0.9940,0.01,yes
2026-10-05T01:28:08.116425Z,KXBTC15M-26OCT042130-30,0.9920,0.02,no
2026-10-05T01:28:08.189456Z,KXBTC15M-26OCT042130-30,0.9920,0.01,no
2026-10-05T01:28:08.189456Z,KXBTC15M-26OCT042130-30,0.9920,100.00,no
2026-10-05T01:28:08.189456Z,KXBTC15M-26OCT042130-30,0.9920,400.00,no
2026-10-05T01:28:08.189456Z,KXBTC15M-26OCT042130-30,0.9920,450.00,no
2026-10-05T01:28:08.189456Z,KXBTC15M-26OCT042130-30,0.9920,0.01,no
2026-10-05T01:28:08.189456Z,KXBTC15M-26OCT042130-30,0.9920,616.00,no
2026-10-05T01:28:08.189456Z,KXBTC15M-26OCT042130-30,0.9920,572.00,no
2026-10-05T01:28:08.189456Z,KXBTC15M-26OCT042130-30,0.9900,25.00,no
2026-10-05T01:28:08.189456Z,KXBTC15M-26OCT042130-30,0.9900,30.00,no
2026-10-05T01:28:08.189456Z,KXBTC15M-26OCT042130-30,0.9900,2.00,no
2026-10-05T01:28:08.189456Z,KXBTC15M-26OCT042130-30,0.9900,2.00,no
2026-10-05T01:28:08.189456Z,KXBTC15M-26OCT042130-30,0.9910,2.00,no
2026-10-05T01:28:08.189456Z,KXBTC15M-26OCT042130-30,0.9900,52.89,no
2026-10-05T01:28:08.189456Z,KXBTC15M-26OCT042130-30,0.9910,14.00,no
2026-10-05T01:28:08.189456Z,KXBTC15M-26OCT042130-30,0.9900,15.00,no
2026-10-05T01:28:08.189456Z,KXBTC15M-26OCT042130-30,0.9910,10.00,no
2026-10-05T01:28:08.212405Z,KXBTC15M-26OCT042130-30,0.9900,3.01,no
2026-10-05T01:28:08.371933Z,KXBTC15M-26OCT042130-30,0.9920,1.00,no
2026-10-05T01:28:08.371933Z,KXBTC15M-26OCT042130-30,0.9920,0.01,no
2026-10-05T01:28:08.371933Z,KXBTC15M-26OCT042130-30,0.9920,0.01,no
2026-10-05T01:28:08.50268Z,KXBTC15M-26OCT042130-30,0.9910,0.02,no
2026-10-05T01:28:08.50268Z,KXBTC15M-26OCT042130-30,0.9910,1.00,no
2026-10-05T01:28:08.579369Z,KXBTC15M-26OCT042130-30,0.9910,11.98,no
2026-10-05T01:28:08.579369Z,KXBTC15M-26OCT042130-30,0.9910,0.01,no
2026-10-05T01:28:08.579369Z,KXBTC15M-26OCT042130-30,0.9910,0.01,no
2026-10-05T01:28:08.579369Z,KXBTC15M-26OCT042130-30,0.9900,44.10,no
2026-10-05T01:28:08.579369Z,KXBTC15M-26OCT042130-30,0.9900,879.09,no
2026-10-05T01:28:08.605724Z,KXBTC15M-26OCT042130-30,0.9900,93.51,no
2026-10-05T01:28:08.622058Z,KXBTC15M-26OCT042130-30,0.9910,0.01,yes
2026-10-05T01:28:08.622058Z,KXBTC15M-26OCT042130-30,0.9910,0.01,yes
2026-10-05T01:28:08.622058Z,KXBTC15M-26OCT042130-30,0.9920,0.01,yes
2026-10-05T01:28:08.622058Z,KXBTC15M-26OCT042130-30,0.9940,1.00,yes
2026-10-05T01:28:08.622058Z,KXBTC15M-26OCT042130-30,0.9940,15.00,yes
2026-10-05T01:28:08.622058Z,KXBTC15M-26OCT042130-30,0.9930,1.00,yes
2026-10-05T01:28:08.622058Z,KXBTC15M-26OCT042130-30,0.9940,123.87,yes
2026-10-05T01:28:08.622058Z,KXBTC15M-26OCT042130-30,0.9920,0.01,yes
2026-10-05T01:28:08.622058Z,KXBTC15M-26OCT042130-30,0.9940,38.00,yes
2026-10-05T01:28:08.622058Z,KXBTC15M-26OCT042130-30,0.9930,10.00,yes
2026-10-05T01:28:08.676303Z,KXBTC15M-26OCT042130-30,0.9940,263.95,yes
2026-10-05T01:28:08.676303Z,KXBTC15M-26OCT042130-30,0.9910,0.01,yes
2026-10-05T01:28:08.676303Z,KXBTC15M-26OCT042130-30,0.9910,0.01,yes
2026-10-05T01:28:08.744805Z,KXBTC15M-26OCT042130-30,0.9920,31.64,yes
2026-10-05T01:28:08.829562Z,KXBTC15M-26OCT042130-30,0.9910,0.01,no
2026-10-05T01:28:08.829562Z,KXBTC15M-26OCT042130-30,0.9910,15.00,no
2026-10-05T01:28:08.829562Z,KXBTC15M-26OCT042130-30,0.9910,0.01,no
2026-10-05T01:28:08.829562Z,KXBTC15M-26OCT042130-30,0.9910,34.21,no
2026-10-05T01:28:09.022015Z,KXBTC15M-26OCT042130-30,0.9920,0.01,yes
2026-10-05T01:28:09.022015Z,KXBTC15M-26OCT042130-30,0.9920,0.01,yes
2026-10-05T01:28:09.022015Z,KXBTC15M-26OCT042130-30,0.9930,15.00,yes
2026-10-05T01:28:09.022015Z,KXBTC15M-26OCT042130-30,0.9930,10.00,yes
2026-10-05T01:28:09.022015Z,KXBTC15M-26OCT042130-30,0.9940,31.47,yes
2026-10-05T01:28:09.022015Z,KXBTC15M-26OCT042130-30,0.9940,222.18,yes
2026-10-05T01:28:09.098577Z,KXBTC15M-26OCT042130-30,0.9920,6.00,yes
2026-10-05T01:28:09.148529Z,KXBTC15M-26OCT042130-30,0.9910,90.89,no
2026-10-05T01:28:09.148529Z,KXBTC15M-26OCT042130-30,0.9910,13.00,no
2026-10-05T01:28:09.148529Z,KXBTC15M-26OCT042130-30,0.9910,0.01,no
2026-10-05T01:28:09.148529Z,KXBTC15M-26OCT042130-30,0.9910,0.01,no
2026-10-05T01:28:09.165985Z,KXBTC15M-26OCT042130-30,0.9920,25.18,yes
2026-10-05T01:28:09.267717Z,KXBTC15M-26OCT042130-30,0.9920,19.78,yes
2026-10-05T01:28:09.292361Z,KXBTC15M-26OCT042130-30,0.9920,7.27,yes
2026-10-05T01:28:09.323347Z,KXBTC15M-26OCT042130-30,0.9920,101.58,yes
2026-10-05T01:28:09.354381Z,KXBTC15M-26OCT042130-30,0.9910,0.01,no
2026-10-05T01:28:09.354381Z,KXBTC15M-26OCT042130-30,0.9910,0.01,no
2026-10-05T01:28:09.354381Z,KXBTC15M-26OCT042130-30,0.9910,5.50,no
2026-10-05T01:28:09.581493Z,KXBTC15M-26OCT042130-30,0.9920,0.01,yes
2026-10-05T01:28:09.581493Z,KXBTC15M-26OCT042130-30,0.9920,10.04,yes
2026-10-05T01:28:09.581493Z,KXBTC15M-26OCT042130-30,0.9920,0.01,yes
2026-10-05T01:28:09.949159Z,KXBTC15M-26OCT042130-30,0.9910,3.05,no
2026-10-05T01:28:09.994228Z,KXBTC15M-26OCT042130-30,0.9900,27.40,no
2026-10-05T01:28:09.994228Z,KXBTC15M-26OCT042130-30,0.9910,48.00,no
2026-10-05T01:28:09.994228Z,KXBTC15M-26OCT042130-30,0.9910,0.01,no
2026-10-05T01:28:09.994228Z,KXBTC15M-26OCT042130-30,0.9910,3.45,no
2026-10-05T01:28:09.994228Z,KXBTC15M-26OCT042130-30,0.9910,796.00,no
2026-10-05T01:28:09.994228Z,KXBTC15M-26OCT042130-30,0.9910,0.01,no
2026-10-05T01:28:09.994228Z,KXBTC15M-26OCT042130-30,0.9900,1.00,no
2026-10-05T01:28:09.994228Z,KXBTC15M-26OCT042130-30,0.9890,1.00,no
2026-10-05T01:28:09.994228Z,KXBTC15M-26OCT042130-30,0.9890,72.25,no
2026-10-05T01:28:09.994228Z,KXBTC15M-26OCT042130-30,0.9900,15.00,no
2026-10-05T01:28:09.994228Z,KXBTC15M-26OCT042130-30,0.9890,2.00,no
2026-10-05T01:28:09.994228Z,KXBTC15M-26OCT042130-30,0.9890,42.37,no
2026-10-05T01:28:09.994228Z,KXBTC15M-26OCT042130-30,0.9890,53.40,no
2026-10-05T01:28:09.994916Z,KXBTC15M-26OCT042130-30,0.9920,189.96,yes
2026-10-05T01:28:09.994916Z,KXBTC15M-26OCT042130-30,0.9920,61.91,yes
2026-10-05T01:28:10.072363Z,KXBTC15M-26OCT042130-30,0.9910,0.01,no
2026-10-05T01:28:10.072363Z,KXBTC15M-26OCT042130-30,0.9900,3.01,no
2026-10-05T01:28:10.072363Z,KXBTC15M-26OCT042130-30,0.9910,0.01,no
2026-10-05T01:28:10.126699Z,KXBTC15M-26OCT042130-30,0.9910,0.01,no
2026-10-05T01:28:10.126699Z,KXBTC15M-26OCT042130-30,0.9910,3.25,no
2026-10-05T01:28:10.126699Z,KXBTC15M-26OCT042130-30,0.9910,0.01,no
2026-10-05T01:28:10.245479Z,KXBTC15M-26OCT042130-30,0.9950,90.00,yes
2026-10-05T01:28:10.245479Z,KXBTC15M-26OCT042130-30,0.9950,100.00,yes
2026-10-05T01:28:10.245479Z,KXBTC15M-26OCT042130-30,0.9950,27.52,yes
2026-10-05T01:28:10.245479Z,KXBTC15M-26OCT042130-30,0.9950,90.00,yes
2026-10-05T01:28:10.245479Z,KXBTC15M-26OCT042130-30,0.9930,1046.00,yes
2026-10-05T01:28:10.245479Z,KXBTC15M-26OCT042130-30,0.9940,578.00,yes
2026-10-05T01:28:10.245479Z,KXBTC15M-26OCT042130-30,0.9920,200.00,yes
2026-10-05T01:28:10.245479Z,KXBTC15M-26OCT042130-30,0.9920,500.00,yes
2026-10-05T01:28:10.245479Z,KXBTC15M-26OCT042130-30,0.9920,15.00,yes
2026-10-05T01:28:10.245479Z,KXBTC15M-26OCT042130-30,0.9920,400.00,yes
2026-10-05T01:28:10.245479Z,KXBTC15M-26OCT042130-30,0.9920,500.00,yes
2026-10-05T01:28:10.245479Z,KXBTC15M-26OCT042130-30,0.9930,200.00,yes
2026-10-05T01:28:10.245479Z,KXBTC15M-26OCT042130-30,0.9920,0.01,yes
2026-10-05T01:28:10.245479Z,KXBTC15M-26OCT042130-30,0.9920,11.00,yes
2026-10-05T01:28:10.245479Z,KXBTC15M-26OCT042130-30,0.9930,10.00,yes
2026-10-05T01:28:10.245479Z,KXBTC15M-26OCT042130-30,0.9920,0.01,yes
2026-10-05T01:28:10.245479Z,KXBTC15M-26OCT042130-30,0.9940,38.00,yes
2026-10-05T01:28:10.245479Z,KXBTC15M-26OCT042130-30,0.9950,137.07,yes
2026-10-05T01:28:10.245479Z,KXBTC15M-26OCT042130-30,0.9950,100.00,yes
2026-10-05T01:28:10.388406Z,KXBTC15M-26OCT042130-30,0.9910,195.88,no
2026-10-05T01:28:10.388406Z,KXBTC15M-26OCT042130-30,0.9910,0.01,no
2026-10-05T01:28:10.388406Z,KXBTC15M-26OCT042130-30,0.9910,0.01,no
2026-10-05T01:28:10.388406Z,KXBTC15M-26OCT042130-30,0.9910,7.75,no
2026-10-05T01:28:10.388495Z,KXBTC15M-26OCT042130-30,0.9910,74.73,no
2026-10-05T01:28:10.388495Z,KXBTC15M-26OCT042130-30,0.9910,27.10,no
2026-10-05T01:28:10.398166Z,KXBTC15M-26OCT042130-30,0.9910,55.98,no
2026-10-05T01:28:10.398166Z,KXBTC15M-26OCT042130-30,0.9910,0.01,no
2026-10-05T01:28:10.398166Z,KXBTC15M-26OCT042130-30,0.9910,0.01,no
2026-10-05T01:28:10.43726Z,KXBTC15M-26OCT042130-30,0.9930,4.98,yes
2026-10-05T01:28:10.43726Z,KXBTC15M-26OCT042130-30,0.9920,0.01,yes
2026-10-05T01:28:10.43726Z,KXBTC15M-26OCT042130-30,0.9920,0.01,yes
2026-10-05T01:28:10.439786Z,KXBTC15M-26OCT042130-30,0.9950,15.00,yes
2026-10-05T01:28:10.439786Z,KXBTC15M-26OCT042130-30,0.9950,15.00,yes
2026-10-05T01:28:10.439786Z,KXBTC15M-26OCT042130-30,0.9930,5.02,yes
2026-10-05T01:28:10.439786Z,KXBTC15M-26OCT042130-30,0.9940,16.00,yes
2026-10-05T01:28:10.439786Z,KXBTC15M-26OCT042130-30,0.9950,182.92,yes
2026-10-05T01:28:10.439786Z,KXBTC15M-26OCT042130-30,0.9950,64.00,yes
2026-10-05T01:28:10.439786Z,KXBTC15M-26OCT042130-30,0.9950,1.00,yes
2026-10-05T01:28:10.439786Z,KXBTC15M-26OCT042130-30,0.9950,15.00,yes
2026-10-05T01:28:10.439786Z,KXBTC15M-26OCT042130-30,0.9950,15.00,yes
2026-10-05T01:28:10.439786Z,KXBTC15M-26OCT042130-30,0.9950,15.00,yes
2026-10-05T01:28:10.439786Z,KXBTC15M-26OCT042130-30,0.9950,15.00,yes
2026-10-05T01:28:10.439786Z,KXBTC15M-26OCT042130-30,0.9950,15.00,yes
2026-10-05T01:28:10.439786Z,KXBTC15M-26OCT042130-30,0.9950,62.93,yes
2026-10-05T01:28:10.439786Z,KXBTC15M-26OCT042130-30,0.9950,15.00,yes
2026-10-05T01:28:10.439786Z,KXBTC15M-26OCT042130-30,0.9960,1800.00,yes
2026-10-05T01:28:10.439786Z,KXBTC15M-26OCT042130-30,0.9960,1694.19,yes
2026-10-05T01:28:10.574689Z,KXBTC15M-26OCT042130-30,0.9920,10.67,yes
2026-10-05T01:28:10.574689Z,KXBTC15M-26OCT042130-30,0.9920,0.01,yes
2026-10-05T01:28:10.574689Z,KXBTC15M-26OCT042130-30,0.9920,0.01,yes
2026-10-05T01:28:10.835885Z,KXBTC15M-26OCT042130-30,0.9950,64.00,yes
2026-10-05T01:28:10.835885Z,KXBTC15M-26OCT042130-30,0.9920,0.01,yes
2026-10-05T01:28:10.835885Z,KXBTC15M-26OCT042130-30,0.9920,0.01,yes
2026-10-05T01:28:10.835885Z,KXBTC15M-26OCT042130-30,0.9950,93.75,yes
2026-10-05T01:28:10.835885Z,KXBTC15M-26OCT042130-30,0.9950,93.75,yes
2026-10-05T01:28:10.835885Z,KXBTC15M-26OCT042130-30,0.9950,15.00,yes
2026-10-05T01:28:10.835885Z,KXBTC15M-26OCT042130-30,0.9950,15.00,yes
2026-10-05T01:28:10.835885Z,KXBTC15M-26OCT042130-30,0.9950,14.00,yes
2026-10-05T01:28:10.835885Z,KXBTC15M-26OCT042130-30,0.9950,47.00,yes
2026-10-05T01:28:10.835885Z,KXBTC15M-26OCT042130-30,0.9920,400.00,yes
2026-10-05T01:28:10.835885Z,KXBTC15M-26OCT042130-30,0.9950,64.00,yes
2026-10-05T01:28:10.835885Z,KXBTC15M-26OCT042130-30,0.9960,640.00,yes
2026-10-05T01:28:10.835885Z,KXBTC15M-26OCT042130-30,0.9960,105.81,yes
2026-10-05T01:28:10.86152Z,KXBTC15M-26OCT042130-30,0.9920,0.01,yes
2026-10-05T01:28:10.86152Z,KXBTC15M-26OCT042130-30,0.9920,5.60,yes
2026-10-05T01:28:10.86152Z,KXBTC15M-26OCT042130-30,0.9920,0.01,yes
2026-10-05T01:28:10.938579Z,KXBTC15M-26OCT042130-30,0.9920,100.00,yes
2026-10-05T01:28:11.02628Z,KXBTC15M-26OCT042130-30,0.9910,0.01,no
2026-10-05T01:28:11.02628Z,KXBTC15M-26OCT042130-30,0.9910,0.01,no
2026-10-05T01:28:11.02628Z,KXBTC15M-26OCT042130-30,0.9910,405.52,no
2026-10-05T01:28:11.13202Z,KXBTC15M-26OCT042130-30,0.9920,0.28,yes
2026-10-05T01:28:11.143418Z,KXBTC15M-26OCT042130-30,0.9910,0.02,no
2026-10-05T01:28:11.300582Z,KXBTC15M-26OCT042130-30,0.9910,2.10,no
2026-10-05T01:28:11.304205Z,KXBTC15M-26OCT042130-30,0.9910,54.98,no
2026-10-05T01:28:11.316137Z,KXBTC15M-26OCT042130-30,0.9920,0.01,yes
2026-10-05T01:28:11.316137Z,KXBTC15M-26OCT042130-30,0.9920,0.01,yes
2026-10-05T01:28:11.316137Z,KXBTC15M-26OCT042130-30,0.9920,43.30,yes
2026-10-05T01:28:11.321049Z,KXBTC15M-26OCT042130-30,0.9950,2.54,yes
2026-10-05T01:28:11.321049Z,KXBTC15M-26OCT042130-30,0.9920,56.70,yes
2026-10-05T01:28:11.330151Z,KXBTC15M-26OCT042130-30,0.9910,12.00,no
2026-10-05T01:28:11.364299Z,KXBTC15M-26OCT042130-30,0.9920,4.35,yes
2026-10-05T01:28:11.364299Z,KXBTC15M-26OCT042130-30,0.9920,0.01,yes
2026-10-05T01:28:11.364299Z,KXBTC15M-26OCT042130-30,0.9920,0.01,yes
2026-10-05T01:28:11.415058Z,KXBTC15M-26OCT042130-30,0.9910,814.60,no
2026-10-05T01:28:11.437436Z,KXBTC15M-26OCT042130-30,0.9920,9.70,yes
2026-10-05T01:28:11.479581Z,KXBTC15M-26OCT042130-30,0.9920,14.56,yes
2026-10-05T01:28:11.496289Z,KXBTC15M-26OCT042130-30,0.9920,9.17,yes
2026-10-05T01:28:11.496782Z,KXBTC15M-26OCT042130-30,0.9910,640.00,no
2026-10-05T01:28:11.496782Z,KXBTC15M-26OCT042130-30,0.9910,20.00,no
2026-10-05T01:28:11.496782Z,KXBTC15M-26OCT042130-30,0.9910,404.97,no
2026-10-05T01:28:11.496782Z,KXBTC15M-26OCT042130-30,0.9910,105.81,no
2026-10-05T01:28:11.496782Z,KXBTC15M-26OCT042130-30,0.9910,15.00,no
2026-10-05T01:28:11.496782Z,KXBTC15M-26OCT042130-30,0.9910,1800.00,no
2026-10-05T01:28:11.496782Z,KXBTC15M-26OCT042130-30,0.9910,0.01,no
2026-10-05T01:28:11.496782Z,KXBTC15M-26OCT042130-30,0.9910,0.01,no
2026-10-05T01:28:11.575547Z,KXBTC15M-26OCT042130-30,0.9910,5.03,yes
2026-10-05T01:28:11.576733Z,KXBTC15M-26OCT042130-30,0.9900,0.01,no
2026-10-05T01:28:11.576733Z,KXBTC15M-26OCT042130-30,0.9900,0.01,no
2026-10-05T01:28:11.576733Z,KXBTC15M-26OCT042130-30,0.9900,0.32,no
2026-10-05T01:28:11.601438Z,KXBTC15M-26OCT042130-30,0.9910,333.00,yes
2026-10-05T01:28:11.68249Z,KXBTC15M-26OCT042130-30,0.9910,1049.24,yes
2026-10-05T01:28:11.721383Z,KXBTC15M-26OCT042130-30,0.9910,111.05,yes
2026-10-05T01:28:11.721383Z,KXBTC15M-26OCT042130-30,0.9910,500.00,yes
2026-10-05T01:28:11.721383Z,KXBTC15M-26OCT042130-30,0.9910,3878.94,yes
2026-10-05T01:28:11.721383Z,KXBTC15M-26OCT042130-30,0.9910,500.00,yes
2026-10-05T01:28:11.721383Z,KXBTC15M-26OCT042130-30,0.9910,0.01,yes
2026-10-05T01:28:11.900356Z,KXBTC15M-26OCT042130-30,0.9960,5.00,yes
2026-10-05T01:28:11.900356Z,KXBTC15M-26OCT042130-30,0.9960,3.00,yes
2026-10-05T01:28:11.900356Z,KXBTC15M-26OCT042130-30,0.9960,1.00,yes
2026-10-05T01:28:11.900356Z,KXBTC15M-26OCT042130-30,0.9960,2.00,yes
2026-10-05T01:28:11.900356Z,KXBTC15M-26OCT042130-30,0.9960,2.00,yes
2026-10-05T01:28:11.900356Z,KXBTC15M-26OCT042130-30,0.9950,11.46,yes
2026-10-05T01:28:11.900356Z,KXBTC15M-26OCT042130-30,0.9960,10.00,yes
2026-10-05T01:28:11.900356Z,KXBTC15M-26OCT042130-30,0.9950,38.00,yes
2026-10-05T01:28:11.900356Z,KXBTC15M-26OCT042130-30,0.9910,0.01,yes
2026-10-05T01:28:11.900356Z,KXBTC15M-26OCT042130-30,0.9950,93.75,yes
2026-10-05T01:28:11.900356Z,KXBTC15M-26OCT042130-30,0.9910,0.01,yes
2026-10-05T01:28:11.900356Z,KXBTC15M-26OCT042130-30,0.9950,93.75,yes
2026-10-05T01:28:11.900356Z,KXBTC15M-26OCT042130-30,0.9950,15.00,yes
2026-10-05T01:28:11.900356Z,KXBTC15M-26OCT042130-30,0.9910,100.00,yes
2026-10-05T01:28:11.900356Z,KXBTC15M-26OCT042130-30,0.9960,915.00,yes
2026-10-05T01:28:11.900356Z,KXBTC15M-26OCT042130-30,0.9910,15.00,yes
2026-10-05T01:28:11.900356Z,KXBTC15M-26OCT042130-30,0.9910,146.34,yes
2026-10-05T01:28:11.900356Z,KXBTC15M-26OCT042130-30,0.9950,15.00,yes
2026-10-05T01:28:11.900356Z,KXBTC15M-26OCT042130-30,0.9950,64.00,yes
2026-10-05T01:28:11.900356Z,KXBTC15M-26OCT042130-30,0.9950,64.00,yes
2026-10-05T01:28:11.900356Z,KXBTC15M-26OCT042130-30,0.9950,2.54,yes
2026-10-05T01:28:11.900356Z,KXBTC15M-26OCT042130-30,0.9910,400.00,yes
2026-10-05T01:28:11.900356Z,KXBTC15M-26OCT042130-30,0.9920,146.34,yes
2026-10-05T01:28:11.900356Z,KXBTC15M-26OCT042130-30,0.9920,15.00,yes
2026-10-05T01:28:11.900356Z,KXBTC15M-26OCT042130-30,0.9960,290.68,yes
2026-10-05T01:28:11.900356Z,KXBTC15M-26OCT042130-30,0.9960,10.00,yes
2026-10-05T01:28:11.900356Z,KXBTC15M-26OCT042130-30,0.9960,866.18,yes
2026-10-05T01:28:11.900356Z,KXBTC15M-26OCT042130-30,0.9960,3.88,yes
2026-10-05T01:28:11.900356Z,KXBTC15M-26OCT042130-30,0.9960,1160.00,yes
2026-10-05T01:28:11.900356Z,KXBTC15M-26OCT042130-30,0.9960,512.00,yes
2026-10-05T01:28:11.900356Z,KXBTC15M-26OCT042130-30,0.9960,1.00,yes
2026-10-05T01:28:11.900356Z,KXBTC15M-26OCT042130-30,0.9960,1.00,yes
2026-10-05T01:28:11.900356Z,KXBTC15M-26OCT042130-30,0.9960,1.00,yes
2026-10-05T01:28:11.900356Z,KXBTC15M-26OCT042130-30,0.9960,1.00,yes
2026-10-05T01:28:11.900356Z,KXBTC15M-26OCT042130-30,0.9960,1.00,yes
2026-10-05T01:28:11.900356Z,KXBTC15M-26OCT042130-30,0.9960,13.00,yes
2026-10-05T01:28:11.935108Z,KXBTC15M-26OCT042130-30,0.9910,0.01,yes
2026-10-05T01:28:11.935108Z,KXBTC15M-26OCT042130-30,0.9930,15.00,yes
2026-10-05T01:28:11.935108Z,KXBTC15M-26OCT042130-30,0.9950,15.00,yes
2026-10-05T01:28:11.935108Z,KXBTC15M-26OCT042130-30,0.9910,0.01,yes
2026-10-05T01:28:11.935108Z,KXBTC15M-26OCT042130-30,0.9910,500.00,yes
2026-10-05T01:28:11.935108Z,KXBTC15M-26OCT042130-30,0.9950,64.00,yes
2026-10-05T01:28:11.935108Z,KXBTC15M-26OCT042130-30,0.9960,17.00,yes
2026-10-05T01:28:11.935108Z,KXBTC15M-26OCT042130-30,0.9950,93.75,yes
2026-10-05T01:28:11.935108Z,KXBTC15M-26OCT042130-30,0.9910,400.00,yes
2026-10-05T01:28:11.935108Z,KXBTC15M-26OCT042130-30,0.9910,100.00,yes
2026-10-05T01:28:11.935108Z,KXBTC15M-26OCT042130-30,0.9960,17.75,yes
2026-10-05T01:28:11.935108Z,KXBTC15M-26OCT042130-30,0.9950,64.00,yes
2026-10-05T01:28:11.935108Z,KXBTC15M-26OCT042130-30,0.9950,14.00,yes
2026-10-05T01:28:11.935108Z,KXBTC15M-26OCT042130-30,0.9950,15.00,yes
2026-10-05T01:28:11.935108Z,KXBTC15M-26OCT042130-30,0.9950,93.75,yes
2026-10-05T01:28:11.967152Z,KXBTC15M-26OCT042130-30,0.9900,15.00,no
2026-10-05T01:28:11.967152Z,KXBTC15M-26OCT042130-30,0.9900,0.01,no
2026-10-05T01:28:11.967152Z,KXBTC15M-26OCT042130-30,0.9900,0.01,no
2026-10-05T01:28:11.967152Z,KXBTC15M-26OCT042130-30,0.9900,14.68,no
2026-10-05T01:28:11.967152Z,KXBTC15M-26OCT042130-30,0.9900,17.05,no
2026-10-05T01:28:12.024341Z,KXBTC15M-26OCT042130-30,0.9910,5.25,yes
2026-10-05T01:28:12.11007Z,KXBTC15M-26OCT042130-30,0.9900,9.35,no
2026-10-05T01:28:12.144686Z,KXBTC15M-26OCT042130-30,0.9900,9.35,no
2026-10-05T01:28:12.239399Z,KXBTC15M-26OCT042130-30,0.9950,37.00,yes
2026-10-05T01:28:12.239399Z,KXBTC15M-26OCT042130-30,0.9960,10.00,yes
2026-10-05T01:28:12.239399Z,KXBTC15M-26OCT042130-30,0.9960,100.00,yes
2026-10-05T01:28:12.239399Z,KXBTC15M-26OCT042130-30,0.9940,16.00,yes
2026-10-05T01:28:12.239399Z,KXBTC15M-26OCT042130-30,0.9960,84.25,yes
2026-10-05T01:28:12.239399Z,KXBTC15M-26OCT042130-30,0.9960,10.00,yes
2026-10-05T01:28:12.239399Z,KXBTC15M-26OCT042130-30,0.9950,84.25,yes
2026-10-05T01:28:12.239399Z,KXBTC15M-26OCT042130-30,0.9910,0.01,yes
2026-10-05T01:28:12.239399Z,KXBTC15M-26OCT042130-30,0.9910,15.00,yes
2026-10-05T01:28:12.239399Z,KXBTC15M-26OCT042130-30,0.9950,64.00,yes
2026-10-05T01:28:12.239399Z,KXBTC15M-26OCT042130-30,0.9950,15.00,yes
2026-10-05T01:28:12.239399Z,KXBTC15M-26OCT042130-30,0.9910,9.75,yes
2026-10-05T01:28:12.239399Z,KXBTC15M-26OCT042130-30,0.9950,64.00,yes
2026-10-05T01:28:12.239399Z,KXBTC15M-26OCT042130-30,0.9910,0.01,yes
2026-10-05T01:28:12.239399Z,KXBTC15M-26OCT042130-30,0.9970,1395.00,yes
2026-10-05T01:28:12.239399Z,KXBTC15M-26OCT042130-30,0.9970,772.73,yes
2026-10-05T01:28:12.255231Z,KXBTC15M-26OCT042130-30,0.9940,16.00,yes
2026-10-05T01:28:12.255231Z,KXBTC15M-26OCT042130-30,0.9950,93.75,yes
2026-10-05T01:28:12.255231Z,KXBTC15M-26OCT042130-30,0.9910,0.01,yes
2026-10-05T01:28:12.255231Z,KXBTC15M-26OCT042130-30,0.9950,264.91,yes
2026-10-05T01:28:12.276449Z,KXBTC15M-26OCT042130-30,0.9960,1.00,no
2026-10-05T01:28:12.311206Z,KXBTC15M-26OCT042130-30,0.9960,712.93,no
2026-10-05T01:28:12.323167Z,KXBTC15M-26OCT042130-30,0.9970,12.58,yes
2026-10-05T01:28:12.329535Z,KXBTC15M-26OCT042130-30,0.9960,5.33,no
2026-10-05T01:28:12.330516Z,KXBTC15M-26OCT042130-30,0.9960,5.33,no
2026-10-05T01:28:12.352299Z,KXBTC15M-26OCT042130-30,0.9960,150.00,no
2026-10-05T01:28:12.388291Z,KXBTC15M-26OCT042130-30,0.9960,125.41,no
2026-10-05T01:28:12.388291Z,KXBTC15M-26OCT042130-30,0.9960,11.66,no
2026-10-05T01:28:12.390652Z,KXBTC15M-26OCT042130-30,0.9960,3.34,no
2026-10-05T01:28:12.390652Z,KXBTC15M-26OCT042130-30,0.9960,0.01,no
2026-10-05T01:28:12.390652Z,KXBTC15M-26OCT042130-30,0.9950,5.33,no
2026-10-05T01:28:12.390652Z,KXBTC15M-26OCT042130-30,0.9940,0.06,no
2026-10-05T01:28:12.390652Z,KXBTC15M-26OCT042130-30,0.9960,0.01,no
2026-10-05T01:28:12.390652Z,KXBTC15M-26OCT042130-30,0.9960,15.00,no
2026-10-05T01:28:12.390652Z,KXBTC15M-26OCT042130-30,0.9960,12.58,no
2026-10-05T01:28:12.409587Z,KXBTC15M-26OCT042130-30,0.9920,15.00,no
2026-10-05T01:28:12.409587Z,KXBTC15M-26OCT042130-30,0.9940,0.01,no
2026-10-05T01:28:12.409587Z,KXBTC15M-26OCT042130-30,0.9910,17.00,no
2026-10-05T01:28:12.409587Z,KXBTC15M-26OCT042130-30,0.9940,14.94,no
2026-10-05T01:28:12.409587Z,KXBTC15M-26OCT042130-30,0.9940,0.01,no
2026-10-05T01:28:12.409587Z,KXBTC15M-26OCT042130-30,0.9920,17.00,no
2026-10-05T01:28:12.409587Z,KXBTC15M-26OCT042130-30,0.9900,25.94,no
2026-10-05T01:28:12.433968Z,KXBTC15M-26OCT042130-30,0.9970,0.02,yes
2026-10-05T01:28:12.461527Z,KXBTC15M-26OCT042130-30,0.9940,13.29,no
2026-10-05T01:28:12.461527Z,KXBTC15M-26OCT042130-30,0.9960,0.02,no
2026-10-05T01:28:12.461527Z,KXBTC15M-26OCT042130-30,0.9950,4.00,no
2026-10-05T01:28:12.461527Z,KXBTC15M-26OCT042130-30,0.9960,15.00,no
2026-10-05T01:28:12.461527Z,KXBTC15M-26OCT042130-30,0.9950,4.00,no
2026-10-05T01:28:12.461527Z,KXBTC15M-26OCT042130-30,0.9960,0.01,no
2026-10-05T01:28:12.461527Z,KXBTC15M-26OCT042130-30,0.9960,0.01,no
2026-10-05T01:28:12.48776Z,KXBTC15M-26OCT042130-30,0.9960,0.01,no
2026-10-05T01:28:12.48776Z,KXBTC15M-26OCT042130-30,0.9960,0.01,no
2026-10-05T01:28:12.48776Z,KXBTC15M-26OCT042130-30,0.9960,5.31,no
2026-10-05T01:28:12.531671Z,KXBTC15M-26OCT042130-30,0.9960,7.26,no
2026-10-05T01:28:12.534035Z,KXBTC15M-26OCT042130-30,0.9960,2.43,no
2026-10-05T01:28:12.534035Z,KXBTC15M-26OCT042130-30,0.9960,0.01,no
2026-10-05T01:28:12.534035Z,KXBTC15M-26OCT042130-30,0.9960,0.01,no
2026-10-05T01:28:12.534035Z,KXBTC15M-26OCT042130-30,0.9960,91.06,no
2026-10-05T01:28:12.567348Z,KXBTC15M-26OCT042130-30,0.9960,0.94,no
2026-10-05T01:28:12.662741Z,KXBTC15M-26OCT042130-30,0.9960,93.51,no
2026-10-05T01:28:12.66477Z,KXBTC15M-26OCT042130-30,0.9960,36.33,no
2026-10-05T01:28:12.67899Z,KXBTC15M-26OCT042130-30,0.9960,0.01,no
2026-10-05T01:28:12.67899Z,KXBTC15M-26OCT042130-30,0.9960,0.01,no
2026-10-05T01:28:12.67899Z,KXBTC15M-26OCT042130-30,0.9960,15.00,no
2026-10-05T01:28:12.727314Z,KXBTC15M-26OCT042130-30,0.9960,15.00,no
2026-10-05T01:28:12.727314Z,KXBTC15M-26OCT042130-30,0.9930,3.31,no
2026-10-05T01:28:12.727314Z,KXBTC15M-26OCT042130-30,0.9960,0.01,no
2026-10-05T01:28:12.727314Z,KXBTC15M-26OCT042130-30,0.9960,0.01,no
2026-10-05T01:28:12.727314Z,KXBTC15M-26OCT042130-30,0.9960,8.00,no
2026-10-05T01:28:12.727314Z,KXBTC15M-26OCT042130-30,0.9940,10.00,no
2026-10-05T01:28:12.77993Z,KXBTC15M-26OCT042130-30,0.9970,1800.00,yes
2026-10-05T01:28:12.77993Z,KXBTC15M-26OCT042130-30,0.9970,1014.67,yes
2026-10-05T01:28:12.77993Z,KXBTC15M-26OCT042130-30,0.9970,1495.47,yes
2026-10-05T01:28:12.805044Z,KXBTC15M-26OCT042130-30,0.9960,0.01,no
2026-10-05T01:28:12.805044Z,KXBTC15M-26OCT042130-30,0.9960,0.01,no
2026-10-05T01:28:12.805044Z,KXBTC15M-26OCT042130-30,0.9960,15.00,no
2026-10-05T01:28:12.805044Z,KXBTC15M-26OCT042130-30,0.9960,7.99,no
2026-10-05T01:28:12.812645Z,KXBTC15M-26OCT042130-30,0.9960,7.26,no
2026-10-05T01:28:12.824298Z,KXBTC15M-26OCT042130-30,0.9970,10.93,yes
2026-10-05T01:28:12.827267Z,KXBTC15M-26OCT042130-30,0.9960,505.11,no
2026-10-05T01:28:12.827267Z,KXBTC15M-26OCT042130-30,0.9960,1480.22,no
2026-10-05T01:28:12.827267Z,KXBTC15M-26OCT042130-30,0.9960,1014.67,no
2026-10-05T01:28:12.865499Z,KXBTC15M-26OCT042130-30,0.9970,10.02,yes
2026-10-05T01:28:12.873538Z,KXBTC15M-26OCT042130-30,0.9960,36.33,no
2026-10-05T01:28:12.877716Z,KXBTC15M-26OCT042130-30,0.9970,1.00,yes
2026-10-05T01:28:12.924762Z,KXBTC15M-26OCT042130-30,0.9970,30.87,yes
2026-10-05T01:28:12.969422Z,KXBTC15M-26OCT042130-30,0.9960,674.82,no
2026-10-05T01:28:13.039694Z,KXBTC15M-26OCT042130-30,0.9960,193.00,no
2026-10-05T01:28:13.099302Z,KXBTC15M-26OCT042130-30,0.9960,93.51,no
2026-10-05T01:28:13.239193Z,KXBTC15M-26OCT042130-30,0.9970,92.25,yes
2026-10-05T01:28:13.280398Z,KXBTC15M-26OCT042130-30,0.9960,229.04,no
2026-10-05T01:28:13.365617Z,KXBTC15M-26OCT042130-30,0.9960,6.63,no
2026-10-05T01:28:13.448304Z,KXBTC15M-26OCT042130-30,0.9960,23.37,no
2026-10-05T01:28:13.459658Z,KXBTC15M-26OCT042130-30,0.9960,15.00,no
2026-10-05T01:28:13.465077Z,KXBTC15M-26OCT042130-30,0.9960,15.00,no
2026-10-05T01:28:13.503627Z,KXBTC15M-26OCT042130-30,0.9970,12.07,yes
2026-10-05T01:28:13.518649Z,KXBTC15M-26OCT042130-30,0.9960,0.01,no
2026-10-05T01:28:13.518649Z,KXBTC15M-26OCT042130-30,0.9960,0.01,no
2026-10-05T01:28:13.518649Z,KXBTC15M-26OCT042130-30,0.9960,5.08,no
2026-10-05T01:28:13.518649Z,KXBTC15M-26OCT042130-30,0.9960,8.19,no
2026-10-05T01:28:13.530349Z,KXBTC15M-26OCT042130-30,0.9970,100.00,yes
2026-10-05T01:28:13.536057Z,KXBTC15M-26OCT042130-30,0.9960,2.10,no
2026-10-05T01:28:13.55582Z,KXBTC15M-26OCT042130-30,0.9960,30.87,no
2026-10-05T01:28:13.55582Z,KXBTC15M-26OCT042130-30,0.9960,10.02,no
2026-10-05T01:28:13.55582Z,KXBTC15M-26OCT042130-30,0.9960,3.75,no
2026-10-05T01:28:13.55582Z,KXBTC15M-26OCT042130-30,0.9960,1.00,no
2026-10-05T01:28:13.55582Z,KXBTC15M-26OCT042130-30,0.9960,79.06,no
2026-10-05T01:28:13.55582Z,KXBTC15M-26OCT042130-30,0.9960,0.01,no
2026-10-05T01:28:13.55582Z,KXBTC15M-26OCT042130-30,0.9960,0.01,no
2026-10-05T01:28:13.55582Z,KXBTC15M-26OCT042130-30,0.9960,92.25,no
2026-10-05T01:28:13.55582Z,KXBTC15M-26OCT042130-30,0.9960,12.07,no
2026-10-05T01:28:13.591232Z,KXBTC15M-26OCT042130-30,0.9970,3.00,yes
2026-10-05T01:28:13.678262Z,KXBTC15M-26OCT042130-30,0.9970,0.02,yes
2026-10-05T01:28:13.709578Z,KXBTC15M-26OCT042130-30,0.9970,0.01,yes
2026-10-05T01:28:13.733963Z,KXBTC15M-26OCT042130-30,0.9960,2.29,no
2026-10-05T01:28:13.766892Z,KXBTC15M-26OCT042130-30,0.9900,292.20,no
2026-10-05T01:28:13.766892Z,KXBTC15M-26OCT042130-30,0.9930,8.00,no
2026-10-05T01:28:13.766892Z,KXBTC15M-26OCT042130-30,0.9920,16.00,no
2026-10-05T01:28:13.766892Z,KXBTC15M-26OCT042130-30,0.9920,10.00,no
2026-10-05T01:28:13.766892Z,KXBTC15M-26OCT042130-30,0.9930,8.69,no
2026-10-05T01:28:13.766892Z,KXBTC15M-26OCT042130-30,0.9910,10.00,no
2026-10-05T01:28:13.766892Z,KXBTC15M-26OCT042130-30,0.9930,15.00,no
2026-10-05T01:28:13.766892Z,KXBTC15M-26OCT042130-30,0.9920,32.00,no
2026-10-05T01:28:13.766892Z,KXBTC15M-26OCT042130-30,0.9920,15.00,no
2026-10-05T01:28:13.766892Z,KXBTC15M-26OCT042130-30,0.9920,44.00,no
2026-10-05T01:28:13.766892Z,KXBTC15M-26OCT042130-30,0.9950,0.22,no
2026-10-05T01:28:13.766892Z,KXBTC15M-26OCT042130-30,0.9920,200.00,no
2026-10-05T01:28:13.766892Z,KXBTC15M-26OCT042130-30,0.9950,12.00,no
2026-10-05T01:28:13.766892Z,KXBTC15M-26OCT042130-30,0.9960,0.01,no
2026-10-05T01:28:13.766892Z,KXBTC15M-26OCT042130-30,0.9940,0.20,no
2026-10-05T01:28:13.766892Z,KXBTC15M-26OCT042130-30,0.9960,0.01,no
2026-10-05T01:28:13.766892Z,KXBTC15M-26OCT042130-30,0.9960,0.02,no
2026-10-05T01:28:13.766892Z,KXBTC15M-26OCT042130-30,0.9960,18.65,no
2026-10-05T01:28:13.766892Z,KXBTC15M-26OCT042130-30,0.9960,3.00,no
2026-10-05T01:28:13.766892Z,KXBTC15M-26OCT042130-30,0.9940,15.00,no
2026-10-05T01:28:13.792929Z,KXBTC15M-26OCT042130-30,0.9910,500.00,no
2026-10-05T01:28:13.792929Z,KXBTC15M-26OCT042130-30,0.9950,0.01,no
2026-10-05T01:28:13.813309Z,KXBTC15M-26OCT042130-30,0.9900,30.25,no
2026-10-05T01:28:13.915948Z,KXBTC15M-26OCT042130-30,0.9910,499.99,yes
2026-10-05T01:28:13.915948Z,KXBTC15M-26OCT042130-30,0.9910,0.01,yes
2026-10-05T01:28:13.915948Z,KXBTC15M-26OCT042130-30,0.9910,0.01,yes
2026-10-05T01:28:13.935728Z,KXBTC15M-26OCT042130-30,0.9910,0.01,yes
2026-10-05T01:28:14.02614Z,KXBTC15M-26OCT042130-30,0.9900,0.93,no
2026-10-05T01:28:14.036011Z,KXBTC15M-26OCT042130-30,0.9900,150.59,no
2026-10-05T01:28:14.070661Z,KXBTC15M-26OCT042130-30,0.9900,2.74,no
2026-10-05T01:28:14.070661Z,KXBTC15M-26OCT042130-30,0.9900,56.39,no
2026-10-05T01:28:14.070661Z,KXBTC15M-26OCT042130-30,0.9900,15.00,no
2026-10-05T01:28:14.089352Z,KXBTC15M-26OCT042130-30,0.9910,0.01,yes
2026-10-05T01:28:14.089352Z,KXBTC15M-26OCT042130-30,0.9910,0.01,yes
2026-10-05T01:28:14.145996Z,KXBTC15M-26OCT042130-30,0.9950,88.22,yes
2026-10-05T01:28:14.145996Z,KXBTC15M-26OCT042130-30,0.9910,0.01,yes
2026-10-05T01:28:14.145996Z,KXBTC15M-26OCT042130-30,0.9910,0.01,yes
2026-10-05T01:28:14.185098Z,KXBTC15M-26OCT042130-30,0.9950,7.78,yes
2026-10-05T01:28:14.185098Z,KXBTC15M-26OCT042130-30,0.9950,0.01,yes
2026-10-05T01:28:14.185098Z,KXBTC15M-26OCT042130-30,0.9950,0.01,yes
2026-10-05T01:28:14.185098Z,KXBTC15M-26OCT042130-30,0.9950,14.00,yes
2026-10-05T01:28:14.203585Z,KXBTC15M-26OCT042130-30,0.9950,9.83,yes
2026-10-05T01:28:14.279007Z,KXBTC15M-26OCT042130-30,0.9950,9.87,yes
2026-10-05T01:28:14.525188Z,KXBTC15M-26OCT042130-30,0.9900,32.76,no
2026-10-05T01:28:14.697571Z,KXBTC15M-26OCT042130-30,0.9900,240.96,no
2026-10-05T01:28:14.985693Z,KXBTC15M-26OCT042130-30,0.9950,5.02,yes
2026-10-05T01:28:15.012738Z,KXBTC15M-26OCT042130-30,0.9950,23.10,yes
2026-10-05T01:28:15.103979Z,KXBTC15M-26OCT042130-30,0.9900,467.59,no
2026-10-05T01:28:15.167892Z,KXBTC15M-26OCT042130-30,0.9900,93.51,no
2026-10-05T01:28:15.267879Z,KXBTC15M-26OCT042130-30,0.9900,93.51,no
2026-10-05T01:28:15.315609Z,KXBTC15M-26OCT042130-30,0.9950,65.30,yes
2026-10-05T01:28:15.318509Z,KXBTC15M-26OCT042130-30,0.9900,37.40,no
2026-10-05T01:28:15.375325Z,KXBTC15M-26OCT042130-30,0.9950,3.48,yes
2026-10-05T01:28:15.461256Z,KXBTC15M-26OCT042130-30,0.9920,18.00,no
2026-10-05T01:28:15.461256Z,KXBTC15M-26OCT042130-30,0.9920,15.00,no
2026-10-05T01:28:15.461256Z,KXBTC15M-26OCT042130-30,0.9910,20.98,no
2026-10-05T01:28:15.461256Z,KXBTC15M-26OCT042130-30,0.9940,20.00,no
2026-10-05T01:28:15.461256Z,KXBTC15M-26OCT042130-30,0.9920,1.00,no
2026-10-05T01:28:15.461256Z,KXBTC15M-26OCT042130-30,0.9940,0.01,no
2026-10-05T01:28:15.461256Z,KXBTC15M-26OCT042130-30,0.9940,15.00,no
2026-10-05T01:28:15.461256Z,KXBTC15M-26OCT042130-30,0.9940,0.01,no
2026-10-05T01:28:15.461256Z,KXBTC15M-26OCT042130-30,0.9930,1.00,no
2026-10-05T01:28:15.461256Z,KXBTC15M-26OCT042130-30,0.9940,1.00,no
2026-10-05T01:28:15.461256Z,KXBTC15M-26OCT042130-30,0.9910,1.00,no
2026-10-05T01:28:15.48863Z,KXBTC15M-26OCT042130-30,0.9950,1.00,yes
2026-10-05T01:28:15.488671Z,KXBTC15M-26OCT042130-30,0.9940,0.01,no
2026-10-05T01:28:15.488671Z,KXBTC15M-26OCT042130-30,0.9940,0.01,no
2026-10-05T01:28:15.538922Z,KXBTC15M-26OCT042130-30,0.9930,1.00,no
2026-10-05T01:28:15.538922Z,KXBTC15M-26OCT042130-30,0.9910,90.49,no
2026-10-05T01:28:15.538922Z,KXBTC15M-26OCT042130-30,0.9920,1.00,no
2026-10-05T01:28:15.538922Z,KXBTC15M-26OCT042130-30,0.9910,0.01,no
2026-10-05T01:28:15.538922Z,KXBTC15M-26OCT042130-30,0.9940,1.00,no
2026-10-05T01:28:15.538922Z,KXBTC15M-26OCT042130-30,0.9910,0.01,no
2026-10-05T01:28:15.660077Z,KXBTC15M-26OCT042130-30,0.9950,100.50,yes
2026-10-05T01:28:15.76577Z,KXBTC15M-26OCT042130-30,0.9940,93.49,no
2026-10-05T01:28:15.76577Z,KXBTC15M-26OCT042130-30,0.9940,0.01,no
2026-10-05T01:28:15.76577Z,KXBTC15M-26OCT042130-30,0.9940,0.01,no
2026-10-05T01:28:15.789272Z,KXBTC15M-26OCT042130-30,0.9940,172.96,no
2026-10-05T01:28:15.789272Z,KXBTC15M-26OCT042130-30,0.9900,137.88,no
2026-10-05T01:28:15.789272Z,KXBTC15M-26OCT042130-30,0.9900,485.98,no
2026-10-05T01:28:15.789272Z,KXBTC15M-26OCT042130-30,0.9920,16.00,no
2026-10-05T01:28:15.789272Z,KXBTC15M-26OCT042130-30,0.9940,0.01,no
2026-10-05T01:28:15.82122Z,KXBTC15M-26OCT042130-30,0.9900,1.00,no
2026-10-05T01:28:15.82122Z,KXBTC15M-26OCT042130-30,0.9900,2.00,no
2026-10-05T01:28:15.82122Z,KXBTC15M-26OCT042130-30,0.9900,2.00,no
2026-10-05T01:28:15.82122Z,KXBTC15M-26OCT042130-30,0.9900,15.00,no
2026-10-05T01:28:15.82122Z,KXBTC15M-26OCT042130-30,0.9900,0.20,no
2026-10-05T01:28:15.82122Z,KXBTC15M-26OCT042130-30,0.9900,286.75,no
2026-10-05T01:28:15.82122Z,KXBTC15M-26OCT042130-30,0.9900,6.00,no
2026-10-05T01:28:15.82122Z,KXBTC15M-26OCT042130-30,0.9900,20.00,no
2026-10-05T01:28:15.82122Z,KXBTC15M-26OCT042130-30,0.9900,56.00,no
2026-10-05T01:28:15.82122Z,KXBTC15M-26OCT042130-30,0.9900,0.10,no
2026-10-05T01:28:15.82122Z,KXBTC15M-26OCT042130-30,0.9900,0.01,no
2026-10-05T01:28:15.82122Z,KXBTC15M-26OCT042130-30,0.9900,15.00,no
2026-10-05T01:28:15.82122Z,KXBTC15M-26OCT042130-30,0.9900,63.53,no
2026-10-05T01:28:15.842763Z,KXBTC15M-26OCT042130-30,0.9950,90.55,yes
2026-10-05T01:28:15.842763Z,KXBTC15M-26OCT042130-30,0.9950,100.00,yes
2026-10-05T01:28:15.842763Z,KXBTC15M-26OCT042130-30,0.9950,0.01,yes
2026-10-05T01:28:15.842763Z,KXBTC15M-26OCT042130-30,0.9950,181.90,yes
2026-10-05T01:28:15.842763Z,KXBTC15M-26OCT042130-30,0.9950,0.01,yes
2026-10-05T01:28:15.842763Z,KXBTC15M-26OCT042130-30,0.9950,227.79,yes
2026-10-05T01:28:15.842763Z,KXBTC15M-26OCT042130-30,0.9940,15.00,yes
2026-10-05T01:28:15.894752Z,KXBTC15M-26OCT042130-30,0.9940,81.96,yes
2026-10-05T01:28:15.894752Z,KXBTC15M-26OCT042130-30,0.9940,0.01,yes
2026-10-05T01:28:15.894752Z,KXBTC15M-26OCT042130-30,0.9940,0.01,yes
2026-10-05T01:28:15.894752Z,KXBTC15M-26OCT042130-30,0.9940,100.00,yes
2026-10-05T01:28:15.895961Z,KXBTC15M-26OCT042130-30,0.9940,74.89,yes
2026-10-05T01:28:16.037756Z,KXBTC15M-26OCT042130-30,0.9940,0.01,yes
2026-10-05T01:28:16.037756Z,KXBTC15M-26OCT042130-30,0.9940,15.44,yes
2026-10-05T01:28:16.177229Z,KXBTC15M-26OCT042130-30,0.9930,40.00,no
2026-10-05T01:28:16.177229Z,KXBTC15M-26OCT042130-30,0.9930,0.01,no
2026-10-05T01:28:16.177229Z,KXBTC15M-26OCT042130-30,0.9920,9.74,no
2026-10-05T01:28:16.177229Z,KXBTC15M-26OCT042130-30,0.9930,0.01,no
2026-10-05T01:28:16.325077Z,KXBTC15M-26OCT042130-30,0.9930,0.01,no
2026-10-05T01:28:16.325077Z,KXBTC15M-26OCT042130-30,0.9920,36.00,no
2026-10-05T01:28:16.325077Z,KXBTC15M-26OCT042130-30,0.9910,155.45,no
2026-10-05T01:28:16.325077Z,KXBTC15M-26OCT042130-30,0.9930,0.01,no
2026-10-05T01:28:16.325077Z,KXBTC15M-26OCT042130-30,0.9910,10.00,no
2026-10-05T01:28:16.325077Z,KXBTC15M-26OCT042130-30,0.9910,15.00,no
2026-10-05T01:28:16.325077Z,KXBTC15M-26OCT042130-30,0.9910,17.00,no
2026-10-05T01:28:16.325077Z,KXBTC15M-26OCT042130-30,0.9920,5.26,no
2026-10-05T01:28:16.333299Z,KXBTC15M-26OCT042130-30,0.9930,0.01,no
2026-10-05T01:28:16.405896Z,KXBTC15M-26OCT042130-30,0.9920,21.80,no
2026-10-05T01:28:16.411929Z,KXBTC15M-26OCT042130-30,0.9930,0.01,yes
2026-10-05T01:28:16.411929Z,KXBTC15M-26OCT042130-30,0.9940,0.01,yes
2026-10-05T01:28:16.411929Z,KXBTC15M-26OCT042130-30,0.9930,15.00,yes
2026-10-05T01:28:16.411929Z,KXBTC15M-26OCT042130-30,0.9960,15.00,yes
2026-10-05T01:28:16.411929Z,KXBTC15M-26OCT042130-30,0.9930,0.01,yes
2026-10-05T01:28:16.411929Z,KXBTC15M-26OCT042130-30,0.9950,36.00,yes
2026-10-05T01:28:16.411929Z,KXBTC15M-26OCT042130-30,0.9960,15.00,yes
2026-10-05T01:28:16.411929Z,KXBTC15M-26OCT042130-30,0.9960,15.00,yes
2026-10-05T01:28:16.411929Z,KXBTC15M-26OCT042130-30,0.9950,15.00,yes
2026-10-05T01:28:16.411929Z,KXBTC15M-26OCT042130-30,0.9940,0.01,yes
2026-10-05T01:28:16.411929Z,KXBTC15M-26OCT042130-30,0.9960,15.00,yes
2026-10-05T01:28:16.411929Z,KXBTC15M-26OCT042130-30,0.9970,62.32,yes
2026-10-05T01:28:16.411929Z,KXBTC15M-26OCT042130-30,0.9970,44.36,yes
2026-10-05T01:28:16.47457Z,KXBTC15M-26OCT042130-30,0.9930,0.01,yes
2026-10-05T01:28:16.47457Z,KXBTC15M-26OCT042130-30,0.9950,0.01,yes
2026-10-05T01:28:16.47457Z,KXBTC15M-26OCT042130-30,0.9930,0.01,yes
2026-10-05T01:28:16.47457Z,KXBTC15M-26OCT042130-30,0.9960,4.88,yes
2026-10-05T01:28:16.488182Z,KXBTC15M-26OCT042130-30,0.9920,0.01,no
2026-10-05T01:28:16.488182Z,KXBTC15M-26OCT042130-30,0.9920,200.00,no
2026-10-05T01:28:16.488182Z,KXBTC15M-26OCT042130-30,0.9920,29.00,no
2026-10-05T01:28:16.488182Z,KXBTC15M-26OCT042130-30,0.9920,46.20,no
2026-10-05T01:28:16.488182Z,KXBTC15M-26OCT042130-30,0.9920,0.01,no
2026-10-05T01:28:16.488182Z,KXBTC15M-26OCT042130-30,0.9920,102.16,no
2026-10-05T01:28:16.490461Z,KXBTC15M-26OCT042130-30,0.9920,36.33,no
2026-10-05T01:28:16.509201Z,KXBTC15M-26OCT042130-30,0.9920,108.08,no
2026-10-05T01:28:16.509201Z,KXBTC15M-26OCT042130-30,0.9920,361.51,no
2026-10-05T01:28:16.666775Z,KXBTC15M-26OCT042130-30,0.9920,36.33,no
2026-10-05T01:28:16.68441Z,KXBTC15M-26OCT042130-30,0.9930,0.01,yes
2026-10-05T01:28:16.68441Z,KXBTC15M-26OCT042130-30,0.9940,1.99,yes
2026-10-05T01:28:16.68441Z,KXBTC15M-26OCT042130-30,0.9930,0.01,yes
2026-10-05T01:28:16.704742Z,KXBTC15M-26OCT042130-30,0.9940,0.02,yes
2026-10-05T01:28:16.726516Z,KXBTC15M-26OCT042130-30,0.9940,12.97,yes
2026-10-05T01:28:16.726516Z,KXBTC15M-26OCT042130-30,0.9940,0.01,yes
2026-10-05T01:28:16.726516Z,KXBTC15M-26OCT042130-30,0.9940,196.35,yes
2026-10-05T01:28:16.749963Z,KXBTC15M-26OCT042130-30,0.9930,0.31,no
2026-10-05T01:28:16.749963Z,KXBTC15M-26OCT042130-30,0.9930,36.00,no
2026-10-05T01:28:16.749963Z,KXBTC15M-26OCT042130-30,0.9930,0.01,no
2026-10-05T01:28:16.749963Z,KXBTC15M-26OCT042130-30,0.9930,0.01,no
2026-10-05T01:28:16.818952Z,KXBTC15M-26OCT042130-30,0.9930,14.69,no
2026-10-05T01:28:16.818952Z,KXBTC15M-26OCT042130-30,0.9930,21.64,no
2026-10-05T01:28:16.885317Z,KXBTC15M-26OCT042130-30,0.9930,17.97,no
2026-10-05T01:28:16.885317Z,KXBTC15M-26OCT042130-30,0.9930,18.36,no
2026-10-05T01:28:16.959819Z,KXBTC15M-26OCT042130-30,0.9930,36.33,no
2026-10-05T01:28:17.02173Z,KXBTC15M-26OCT042130-30,0.9930,36.33,no
2026-10-05T01:28:17.039325Z,KXBTC15M-26OCT042130-30,0.9930,36.00,no
2026-10-05T01:28:17.039325Z,KXBTC15M-26OCT042130-30,0.9930,0.01,no
2026-10-05T01:28:17.039325Z,KXBTC15M-26OCT042130-30,0.9930,23.44,no
2026-10-05T01:28:17.039325Z,KXBTC15M-26OCT042130-30,0.9930,109.37,no
2026-10-05T01:28:17.039325Z,KXBTC15M-26OCT042130-30,0.9930,500.00,no
2026-10-05T01:28:17.039325Z,KXBTC15M-26OCT042130-30,0.9930,0.01,no
2026-10-05T01:28:17.039325Z,KXBTC15M-26OCT042130-30,0.9930,500.00,no
2026-10-05T01:28:17.059881Z,KXBTC15M-26OCT042130-30,0.9940,0.01,yes
2026-10-05T01:28:17.059881Z,KXBTC15M-26OCT042130-30,0.9940,0.01,yes
2026-10-05T01:28:17.059881Z,KXBTC15M-26OCT042130-30,0.9940,10.18,yes
2026-10-05T01:28:17.099419Z,KXBTC15M-26OCT042130-30,0.9920,2.75,no
2026-10-05T01:28:17.099419Z,KXBTC15M-26OCT042130-30,0.9930,16.56,no
2026-10-05T01:28:17.099419Z,KXBTC15M-26OCT042130-30,0.9920,17.00,no
2026-10-05T01:28:17.099419Z,KXBTC15M-26OCT042130-30,0.9930,0.01,no
2026-10-05T01:28:17.099419Z,KXBTC15M-26OCT042130-30,0.9930,0.01,no
2026-10-05T01:28:17.101245Z,KXBTC15M-26OCT042130-30,0.9920,20.74,no
2026-10-05T01:28:17.151034Z,KXBTC15M-26OCT042130-30,0.9920,20.87,no
2026-10-05T01:28:17.151034Z,KXBTC15M-26OCT042130-30,0.9920,62.32,no
2026-10-05T01:28:17.151034Z,KXBTC15M-26OCT042130-30,0.9930,0.01,no
2026-10-05T01:28:17.151034Z,KXBTC15M-26OCT042130-30,0.9930,0.01,no
2026-10-05T01:28:17.151034Z,KXBTC15M-26OCT042130-30,0.9920,33.67,no
2026-10-05T01:28:17.167208Z,KXBTC15M-26OCT042130-30,0.9920,0.01,no
2026-10-05T01:28:17.167208Z,KXBTC15M-26OCT042130-30,0.9920,7.25,no
2026-10-05T01:28:17.235634Z,KXBTC15M-26OCT042130-30,0.9920,36.33,no
2026-10-05T01:28:17.287102Z,KXBTC15M-26OCT042130-30,0.9960,4.53,yes
2026-10-05T01:28:17.287102Z,KXBTC15M-26OCT042130-30,0.9950,14.00,yes
2026-10-05T01:28:17.287102Z,KXBTC15M-26OCT042130-30,0.9940,4.82,yes
2026-10-05T01:28:17.287102Z,KXBTC15M-26OCT042130-30,0.9940,0.01,yes
2026-10-05T01:28:17.287102Z,KXBTC15M-26OCT042130-30,0.9940,0.01,yes
2026-10-05T01:28:17.320877Z,KXBTC15M-26OCT042130-30,0.9920,36.33,no
2026-10-05T01:28:17.384114Z,KXBTC15M-26OCT042130-30,0.9920,36.33,no
2026-10-05T01:28:17.56405Z,KXBTC15M-26OCT042130-30,0.9930,0.01,no
2026-10-05T01:28:17.56405Z,KXBTC15M-26OCT042130-30,0.9920,16.00,no
2026-10-05T01:28:17.56405Z,KXBTC15M-26OCT042130-30,0.9930,0.01,no
2026-10-05T01:28:17.56405Z,KXBTC15M-26OCT042130-30,0.9930,15.00,no
2026-10-05T01:28:17.618986Z,KXBTC15M-26OCT042130-30,0.9930,5.31,no
2026-10-05T01:28:17.696995Z,KXBTC15M-26OCT042130-30,0.9920,7.25,no
2026-10-05T01:28:17.696995Z,KXBTC15M-26OCT042130-30,0.9930,0.01,no
2026-10-05T01:28:17.791526Z,KXBTC15M-26OCT042130-30,0.9930,26.33,no
2026-10-05T01:28:17.791526Z,KXBTC15M-26OCT042130-30,0.9930,10.00,no
2026-10-05T01:28:17.8867Z,KXBTC15M-26OCT042130-30,0.9920,36.33,no
2026-10-05T01:28:17.902717Z,KXBTC15M-26OCT042130-30,0.9920,10.53,no
2026-10-05T01:28:17.917443Z,KXBTC15M-26OCT042130-30,0.9940,0.01,yes
2026-10-05T01:28:17.917443Z,KXBTC15M-26OCT042130-30,0.9940,0.01,yes
2026-10-05T01:28:17.917443Z,KXBTC15M-26OCT042130-30,0.9940,2.99,yes
2026-10-05T01:28:17.955954Z,KXBTC15M-26OCT042130-30,0.9930,36.33,no
2026-10-05T01:28:18.004967Z,KXBTC15M-26OCT042130-30,0.9930,98.31,no
2026-10-05T01:28:18.004967Z,KXBTC15M-26OCT042130-30,0.9930,7.67,no
2026-10-05T01:28:18.029564Z,KXBTC15M-26OCT042130-30,0.9930,36.33,no
2026-10-05T01:28:18.062623Z,KXBTC15M-26OCT042130-30,0.9960,23.38,yes
2026-10-05T01:28:18.062623Z,KXBTC15M-26OCT042130-30,0.9950,14.00,yes
2026-10-05T01:28:18.062623Z,KXBTC15M-26OCT042130-30,0.9940,0.01,yes
2026-10-05T01:28:18.062623Z,KXBTC15M-26OCT042130-30,0.9940,0.01,yes
2026-10-05T01:28:18.062623Z,KXBTC15M-26OCT042130-30,0.9940,12.01,yes
2026-10-05T01:28:18.095553Z,KXBTC15M-26OCT042130-30,0.9930,36.33,no
2026-10-05T01:28:18.101533Z,KXBTC15M-26OCT042130-30,0.9930,97.41,no
2026-10-05T01:28:18.167937Z,KXBTC15M-26OCT042130-30,0.9930,36.33,no
2026-10-05T01:28:18.229355Z,KXBTC15M-26OCT042130-30,0.9930,36.33,no
2026-10-05T01:28:18.233116Z,KXBTC15M-26OCT042130-30,0.9930,72.47,no
2026-10-05T01:28:18.261621Z,KXBTC15M-26OCT042130-30,0.9930,30.39,no
2026-10-05T01:28:18.261621Z,KXBTC15M-26OCT042130-30,0.9930,86.49,no
2026-10-05T01:28:18.288333Z,KXBTC15M-26OCT042130-30,0.9910,17.00,no
2026-10-05T01:28:18.288333Z,KXBTC15M-26OCT042130-30,0.9920,12.00,no
2026-10-05T01:28:18.288333Z,KXBTC15M-26OCT042130-30,0.9930,0.01,no
2026-10-05T01:28:18.288333Z,KXBTC15M-26OCT042130-30,0.9910,15.00,no
2026-10-05T01:28:18.288333Z,KXBTC15M-26OCT042130-30,0.9920,15.00,no
2026-10-05T01:28:18.288333Z,KXBTC15M-26OCT042130-30,0.9930,0.01,no
2026-10-05T01:28:18.288333Z,KXBTC15M-26OCT042130-30,0.9920,9.89,no
2026-10-05T01:28:18.288333Z,KXBTC15M-26OCT042130-30,0.9910,0.22,no
2026-10-05T01:28:18.288333Z,KXBTC15M-26OCT042130-30,0.9930,500.00,no
2026-10-05T01:28:18.288333Z,KXBTC15M-26OCT042130-30,0.9930,19.00,no
2026-10-05T01:28:18.288333Z,KXBTC15M-26OCT042130-30,0.9910,36.00,no
2026-10-05T01:28:18.288333Z,KXBTC15M-26OCT042130-30,0.9930,15.00,no
2026-10-05T01:28:18.288333Z,KXBTC15M-26OCT042130-30,0.9900,374.42,no
2026-10-05T01:28:18.296146Z,KXBTC15M-26OCT042130-30,0.9930,0.01,no
2026-10-05T01:28:18.296146Z,KXBTC15M-26OCT042130-30,0.9930,0.01,no
2026-10-05T01:28:18.35089Z,KXBTC15M-26OCT042130-30,0.9920,36.31,no
2026-10-05T01:28:18.412396Z,KXBTC15M-26OCT042130-30,0.9930,1.97,yes
2026-10-05T01:28:18.426193Z,KXBTC15M-26OCT042130-30,0.9920,20.33,no
2026-10-05T01:28:18.426193Z,KXBTC15M-26OCT042130-30,0.9920,16.00,no
2026-10-05T01:28:18.438929Z,KXBTC15M-26OCT042130-30,0.9930,13.03,yes
2026-10-05T01:28:18.438929Z,KXBTC15M-26OCT042130-30,0.9930,0.01,yes
2026-10-05T01:28:18.438929Z,KXBTC15M-26OCT042130-30,0.9930,0.01,yes
2026-10-05T01:28:18.438929Z,KXBTC15M-26OCT042130-30,0.9940,3.45,yes
2026-10-05T01:28:18.487386Z,KXBTC15M-26OCT042130-30,0.9920,36.33,no
2026-10-05T01:28:18.548626Z,KXBTC15M-26OCT042130-30,0.9920,1.31,no
2026-10-05T01:28:18.567179Z,KXBTC15M-26OCT042130-30,0.9920,36.33,no
2026-10-05T01:28:18.649812Z,KXBTC15M-26OCT042130-30,0.9920,103.91,no
2026-10-05T01:28:18.65663Z,KXBTC15M-26OCT042130-30,0.9920,36.33,no
2026-10-05T01:28:18.724066Z,KXBTC15M-26OCT042130-30,0.9920,36.33,no
2026-10-05T01:28:18.726466Z,KXBTC15M-26OCT042130-30,0.9920,10.00,no
2026-10-05T01:28:18.792805Z,KXBTC15M-26OCT042130-30,0.9920,36.33,no
2026-10-05T01:28:18.829591Z,KXBTC15M-26OCT042130-30,0.9960,6.00,yes
2026-10-05T01:28:18.829591Z,KXBTC15M-26OCT042130-30,0.9960,78.84,yes
2026-10-05T01:28:18.829591Z,KXBTC15M-26OCT042130-30,0.9930,0.01,yes
2026-10-05T01:28:18.829591Z,KXBTC15M-26OCT042130-30,0.9930,0.01,yes
2026-10-05T01:28:18.829591Z,KXBTC15M-26OCT042130-30,0.9940,11.55,yes
2026-10-05T01:28:18.856213Z,KXBTC15M-26OCT042130-30,0.9920,15.88,no
2026-10-05T01:28:18.856213Z,KXBTC15M-26OCT042130-30,0.9920,20.45,no
2026-10-05T01:28:18.920701Z,KXBTC15M-26OCT042130-30,0.9920,36.33,no
2026-10-05T01:28:18.989183Z,KXBTC15M-26OCT042130-30,0.9920,36.33,no
2026-10-05T01:28:19.022963Z,KXBTC15M-26OCT042130-30,0.9920,1.31,no
2026-10-05T01:28:19.054657Z,KXBTC15M-26OCT042130-30,0.9960,55.00,yes
2026-10-05T01:28:19.054657Z,KXBTC15M-26OCT042130-30,0.9960,15.00,yes
2026-10-05T01:28:19.054657Z,KXBTC15M-26OCT042130-30,0.9930,0.01,yes
2026-10-05T01:28:19.054657Z,KXBTC15M-26OCT042130-30,0.9930,0.01,yes
2026-10-05T01:28:19.054657Z,KXBTC15M-26OCT042130-30,0.9960,30.75,yes
2026-10-05T01:28:19.080492Z,KXBTC15M-26OCT042130-30,0.9920,116.88,no
2026-10-05T01:28:19.138386Z,KXBTC15M-26OCT042130-30,0.9920,36.33,no
2026-10-05T01:28:19.289323Z,KXBTC15M-26OCT042130-30,0.9920,2.68,no
2026-10-05T01:28:19.307086Z,KXBTC15M-26OCT042130-30,0.9930,0.01,yes
2026-10-05T01:28:19.307086Z,KXBTC15M-26OCT042130-30,0.9930,0.01,yes
2026-10-05T01:28:19.307086Z,KXBTC15M-26OCT042130-30,0.9960,3.00,yes
2026-10-05T01:28:19.588596Z,KXBTC15M-26OCT042130-30,0.9930,0.01,yes
2026-10-05T01:28:19.588596Z,KXBTC15M-26OCT042130-30,0.9960,12.00,yes
2026-10-05T01:28:19.588596Z,KXBTC15M-26OCT042130-30,0.9930,0.01,yes
2026-10-05T01:28:19.588596Z,KXBTC15M-26OCT042130-30,0.9960,40.02,yes
2026-10-05T01:28:19.632656Z,KXBTC15M-26OCT042130-30,0.9920,116.88,no
2026-10-05T01:28:19.741335Z,KXBTC15M-26OCT042130-30,0.9920,116.88,no
2026-10-05T01:28:19.796958Z,KXBTC15M-26OCT042130-30,0.9930,0.01,yes
2026-10-05T01:28:19.796958Z,KXBTC15M-26OCT042130-30,0.9960,3.00,yes
2026-10-05T01:28:19.796958Z,KXBTC15M-26OCT042130-30,0.9950,1.00,yes
2026-10-05T01:28:19.796958Z,KXBTC15M-26OCT042130-30,0.9940,1.00,yes
2026-10-05T01:28:19.796958Z,KXBTC15M-26OCT042130-30,0.9930,0.01,yes
2026-10-05T01:28:19.796958Z,KXBTC15M-26OCT042130-30,0.9960,12.00,yes
2026-10-05T01:28:19.796958Z,KXBTC15M-26OCT042130-30,0.9930,1.00,yes
2026-10-05T01:28:19.796958Z,KXBTC15M-26OCT042130-30,0.9960,1.00,yes
2026-10-05T01:28:19.796958Z,KXBTC15M-26OCT042130-30,0.9970,6.07,yes
2026-10-05T01:28:19.822253Z,KXBTC15M-26OCT042130-30,0.9920,100.00,no
2026-10-05T01:28:19.822253Z,KXBTC15M-26OCT042130-30,0.9920,16.88,no
2026-10-05T01:28:20.146213Z,KXBTC15M-26OCT042130-30,0.9930,0.01,yes
2026-10-05T01:28:20.146213Z,KXBTC15M-26OCT042130-30,0.9950,143.69,yes
2026-10-05T01:28:20.146213Z,KXBTC15M-26OCT042130-30,0.9940,178.69,yes
2026-10-05T01:28:20.146213Z,KXBTC15M-26OCT042130-30,0.9930,0.01,yes
2026-10-05T01:28:20.26073Z,KXBTC15M-26OCT042130-30,0.9950,0.01,yes
2026-10-05T01:28:20.26073Z,KXBTC15M-26OCT042130-30,0.9930,0.01,yes
2026-10-05T01:28:20.26073Z,KXBTC15M-26OCT042130-30,0.9930,0.01,yes
2026-10-05T01:28:20.26073Z,KXBTC15M-26OCT042130-30,0.9960,15.00,yes
2026-10-05T01:28:20.26073Z,KXBTC15M-26OCT042130-30,0.9970,25.09,yes
2026-10-05T01:28:20.288568Z,KXBTC15M-26OCT042130-30,0.9920,0.01,no
2026-10-05T01:28:20.288568Z,KXBTC15M-26OCT042130-30,0.9920,15.00,no
2026-10-05T01:28:20.288568Z,KXBTC15M-26OCT042130-30,0.9920,16.00,no
2026-10-05T01:28:20.288568Z,KXBTC15M-26OCT042130-30,0.9920,0.01,no
2026-10-05T01:28:20.288568Z,KXBTC15M-26OCT042130-30,0.9920,15.00,no
2026-10-05T01:28:20.288568Z,KXBTC15M-26OCT042130-30,0.9920,70.86,no
2026-10-05T01:28:20.374654Z,KXBTC15M-26OCT042130-30,0.9920,80.67,no
2026-10-05T01:28:20.374654Z,KXBTC15M-26OCT042130-30,0.9920,1.00,no
2026-10-05T01:28:20.374654Z,KXBTC15M-26OCT042130-30,0.9920,29.14,no
2026-10-05T01:28:20.374654Z,KXBTC15M-26OCT042130-30,0.9920,6.07,no
2026-10-05T01:28:20.387036Z,KXBTC15M-26OCT042130-30,0.9920,116.88,no
2026-10-05T01:28:20.479647Z,KXBTC15M-26OCT042130-30,0.9930,0.01,yes
2026-10-05T01:28:20.479647Z,KXBTC15M-26OCT042130-30,0.9930,4.98,yes
2026-10-05T01:28:20.479647Z,KXBTC15M-26OCT042130-30,0.9930,0.01,yes
2026-10-05T01:28:20.529742Z,KXBTC15M-26OCT042130-30,0.9920,7.26,no
2026-10-05T01:28:20.600043Z,KXBTC15M-26OCT042130-30,0.9920,36.33,no
2026-10-05T01:28:20.650111Z,KXBTC15M-26OCT042130-30,0.9930,0.01,yes
2026-10-05T01:28:20.650111Z,KXBTC15M-26OCT042130-30,0.9930,10.02,yes
2026-10-05T01:28:20.650111Z,KXBTC15M-26OCT042130-30,0.9930,0.01,yes
2026-10-05T01:28:20.650111Z,KXBTC15M-26OCT042130-30,0.9960,8.38,yes
2026-10-05T01:28:20.665473Z,KXBTC15M-26OCT042130-30,0.9920,36.33,no
2026-10-05T01:28:20.704324Z,KXBTC15M-26OCT042130-30,0.9930,0.02,yes
2026-10-05T01:28:20.704537Z,KXBTC15M-26OCT042130-30,0.9930,0.02,yes
2026-10-05T01:28:20.727383Z,KXBTC15M-26OCT042130-30,0.9920,0.04,no
2026-10-05T01:28:20.789461Z,KXBTC15M-26OCT042130-30,0.9920,36.33,no
2026-10-05T01:28:20.850158Z,KXBTC15M-26OCT042130-30,0.9920,0.04,no
2026-10-05T01:28:20.910857Z,KXBTC15M-26OCT042130-30,0.9920,36.33,no
2026-10-05T01:28:20.914006Z,KXBTC15M-26OCT042130-30,0.9920,11.45,no
2026-10-05T01:28:20.932207Z,KXBTC15M-26OCT042130-30,0.9920,190.75,no
2026-10-05T01:28:20.932207Z,KXBTC15M-26OCT042130-30,0.9920,38.34,no
2026-10-05T01:28:20.949289Z,KXBTC15M-26OCT042130-30,0.9920,0.01,no
2026-10-05T01:28:20.949289Z,KXBTC15M-26OCT042130-30,0.9920,0.73,no
2026-10-05T01:28:20.949289Z,KXBTC15M-26OCT042130-30,0.9920,0.01,no
2026-10-05T01:28:20.949289Z,KXBTC15M-26OCT042130-30,0.9920,9.25,no
2026-10-05T01:28:20.979785Z,KXBTC15M-26OCT042130-30,0.9920,24.36,no
2026-10-05T01:28:20.979785Z,KXBTC15M-26OCT042130-30,0.9920,11.97,no
2026-10-05T01:28:21.02938Z,KXBTC15M-26OCT042130-30,0.9920,116.88,no
2026-10-05T01:28:21.043795Z,KXBTC15M-26OCT042130-30,0.9960,1.00,yes
2026-10-05T01:28:21.043795Z,KXBTC15M-26OCT042130-30,0.9960,8.38,yes
2026-10-05T01:28:21.043795Z,KXBTC15M-26OCT042130-30,0.9930,0.01,yes
2026-10-05T01:28:21.043795Z,KXBTC15M-26OCT042130-30,0.9960,6.62,yes
2026-10-05T01:28:21.043795Z,KXBTC15M-26OCT042130-30,0.9940,1.00,yes
2026-10-05T01:28:21.043795Z,KXBTC15M-26OCT042130-30,0.9930,1.00,yes
2026-10-05T01:28:21.043795Z,KXBTC15M-26OCT042130-30,0.9930,0.01,yes
2026-10-05T01:28:21.043795Z,KXBTC15M-26OCT042130-30,0.9950,1.00,yes
2026-10-05T01:28:21.043795Z,KXBTC15M-26OCT042130-30,0.9970,197.06,yes
2026-10-05T01:28:21.043795Z,KXBTC15M-26OCT042130-30,0.9970,156.52,yes
2026-10-05T01:28:21.048911Z,KXBTC15M-26OCT042130-30,0.9960,0.98,yes
2026-10-05T01:28:21.048911Z,KXBTC15M-26OCT042130-30,0.9930,0.01,yes
2026-10-05T01:28:21.048911Z,KXBTC15M-26OCT042130-30,0.9940,0.01,yes
2026-10-05T01:28:21.059375Z,KXBTC15M-26OCT042130-30,0.9920,36.33,no
2026-10-05T01:28:21.070918Z,KXBTC15M-26OCT042130-30,0.9930,0.01,yes
2026-10-05T01:28:21.070918Z,KXBTC15M-26OCT042130-30,0.9930,0.01,yes
2026-10-05T01:28:21.070918Z,KXBTC15M-26OCT042130-30,0.9930,1.00,yes
2026-10-05T01:28:21.070918Z,KXBTC15M-26OCT042130-30,0.9930,272.00,yes
2026-10-05T01:28:21.079991Z,KXBTC15M-26OCT042130-30,0.9920,449.14,no
2026-10-05T01:28:21.079991Z,KXBTC15M-26OCT042130-30,0.9920,15.00,no
2026-10-05T01:28:21.079991Z,KXBTC15M-26OCT042130-30,0.9920,400.00,no
2026-10-05T01:28:21.079991Z,KXBTC15M-26OCT042130-30,0.9920,200.00,no
2026-10-05T01:28:21.079991Z,KXBTC15M-26OCT042130-30,0.9920,1.00,no
2026-10-05T01:28:21.079991Z,KXBTC15M-26OCT042130-30,0.9920,0.01,no
2026-10-05T01:28:21.079991Z,KXBTC15M-26OCT042130-30,0.9920,0.01,no
2026-10-05T01:28:21.079991Z,KXBTC15M-26OCT042130-30,0.9920,24.00,no
2026-10-05T01:28:21.079991Z,KXBTC15M-26OCT042130-30,0.9920,63.67,no
2026-10-05T01:28:21.079991Z,KXBTC15M-26OCT042130-30,0.9920,16.00,no
2026-10-05T01:28:21.119651Z,KXBTC15M-26OCT042130-30,0.9920,0.01,no
2026-10-05T01:28:21.119651Z,KXBTC15M-26OCT042130-30,0.9920,0.02,no
2026-10-05T01:28:21.119651Z,KXBTC15M-26OCT042130-30,0.9920,0.01,no
2026-10-05T01:28:21.123225Z,KXBTC15M-26OCT042130-30,0.9930,0.01,yes
2026-10-05T01:28:21.123225Z,KXBTC15M-26OCT042130-30,0.9930,0.01,yes
2026-10-05T01:28:21.123225Z,KXBTC15M-26OCT042130-30,0.9930,4.99,yes
2026-10-05T01:28:21.123868Z,KXBTC15M-26OCT042130-30,0.9920,5.48,no
2026-10-05T01:28:21.123868Z,KXBTC15M-26OCT042130-30,0.9920,11.98,no
2026-10-05T01:28:21.181788Z,KXBTC15M-26OCT042130-30,0.9920,36.33,no
2026-10-05T01:28:21.183023Z,KXBTC15M-26OCT042130-30,0.9960,17.15,yes
2026-10-05T01:28:21.183023Z,KXBTC15M-26OCT042130-30,0.9950,1.00,yes
2026-10-05T01:28:21.183023Z,KXBTC15M-26OCT042130-30,0.9930,0.01,yes
2026-10-05T01:28:21.183023Z,KXBTC15M-26OCT042130-30,0.9960,15.00,yes
2026-10-05T01:28:21.183023Z,KXBTC15M-26OCT042130-30,0.9930,0.01,yes
2026-10-05T01:28:21.183023Z,KXBTC15M-26OCT042130-30,0.9930,10.01,yes
2026-10-05T01:28:21.192479Z,KXBTC15M-26OCT042130-30,0.9910,32.00,no
2026-10-05T01:28:21.192479Z,KXBTC15M-26OCT042130-30,0.9910,15.00,no
2026-10-05T01:28:21.192479Z,KXBTC15M-26OCT042130-30,0.9920,500.00,no
2026-10-05T01:28:21.192479Z,KXBTC15M-26OCT042130-30,0.9910,28.00,no
2026-10-05T01:28:21.192479Z,KXBTC15M-26OCT042130-30,0.9910,1.00,no
2026-10-05T01:28:21.192479Z,KXBTC15M-26OCT042130-30,0.9910,0.22,no
2026-10-05T01:28:21.192479Z,KXBTC15M-26OCT042130-30,0.9920,0.01,no
2026-10-05T01:28:21.192479Z,KXBTC15M-26OCT042130-30,0.9920,200.00,no
2026-10-05T01:28:21.192479Z,KXBTC15M-26OCT042130-30,0.9920,156.52,no
2026-10-05T01:28:21.192479Z,KXBTC15M-26OCT042130-30,0.9920,22.00,no
2026-10-05T01:28:21.192479Z,KXBTC15M-26OCT042130-30,0.9920,58.19,no
2026-10-05T01:28:21.192479Z,KXBTC15M-26OCT042130-30,0.9920,0.01,no
2026-10-05T01:28:21.192479Z,KXBTC15M-26OCT042130-30,0.9920,400.00,no
2026-10-05T01:28:21.192479Z,KXBTC15M-26OCT042130-30,0.9910,200.00,no
2026-10-05T01:28:21.192479Z,KXBTC15M-26OCT042130-30,0.9910,17.00,no
2026-10-05T01:28:21.192479Z,KXBTC15M-26OCT042130-30,0.9900,471.50,no
2026-10-05T01:28:21.244721Z,KXBTC15M-26OCT042130-30,0.9930,0.01,yes
2026-10-05T01:28:21.244721Z,KXBTC15M-26OCT042130-30,0.9930,0.01,yes
2026-10-05T01:28:21.244721Z,KXBTC15M-26OCT042130-30,0.9930,14.98,yes
2026-10-05T01:28:21.323219Z,KXBTC15M-26OCT042130-30,0.9920,400.00,no
2026-10-05T01:28:21.323219Z,KXBTC15M-26OCT042130-30,0.9920,0.01,no
2026-10-05T01:28:21.323219Z,KXBTC15M-26OCT042130-30,0.9920,100.00,no
2026-10-05T01:28:21.323219Z,KXBTC15M-26OCT042130-30,0.9920,0.01,no
2026-10-05T01:28:21.323219Z,KXBTC15M-26OCT042130-30,0.9920,15.98,no
2026-10-05T01:28:21.323219Z,KXBTC15M-26OCT042130-30,0.9920,15.00,no
2026-10-05T01:28:21.326255Z,KXBTC15M-26OCT042130-30,0.9920,0.04,no
2026-10-05T01:28:21.343036Z,KXBTC15M-26OCT042130-30,0.9960,23.85,yes
2026-10-05T01:28:21.343036Z,KXBTC15M-26OCT042130-30,0.9930,15.00,yes
2026-10-05T01:28:21.343036Z,KXBTC15M-26OCT042130-30,0.9960,11.77,yes
2026-10-05T01:28:21.343036Z,KXBTC15M-26OCT042130-30,0.9930,0.02,yes
2026-10-05T01:28:21.343036Z,KXBTC15M-26OCT042130-30,0.9930,0.01,yes
2026-10-05T01:28:21.343036Z,KXBTC15M-26OCT042130-30,0.9930,0.01,yes
2026-10-05T01:28:21.430172Z,KXBTC15M-26OCT042130-30,0.9930,0.01,yes
2026-10-05T01:28:21.430172Z,KXBTC15M-26OCT042130-30,0.9960,3.23,yes
2026-10-05T01:28:21.430172Z,KXBTC15M-26OCT042130-30,0.9960,1.28,yes
2026-10-05T01:28:21.430172Z,KXBTC15M-26OCT042130-30,0.9930,0.01,yes
2026-10-05T01:28:21.468892Z,KXBTC15M-26OCT042130-30,0.9920,0.01,no
2026-10-05T01:28:21.468892Z,KXBTC15M-26OCT042130-30,0.9920,14.31,no
2026-10-05T01:28:21.468892Z,KXBTC15M-26OCT042130-30,0.9920,0.01,no
2026-10-05T01:28:21.468892Z,KXBTC15M-26OCT042130-30,0.9920,22.00,no
2026-10-05T01:28:21.538158Z,KXBTC15M-26OCT042130-30,0.9920,36.33,no
2026-10-05T01:28:21.541853Z,KXBTC15M-26OCT042130-30,0.9920,400.00,no
2026-10-05T01:28:21.541853Z,KXBTC15M-26OCT042130-30,0.9910,225.70,no
2026-10-05T01:28:21.541853Z,KXBTC15M-26OCT042130-30,0.9920,12.00,no
2026-10-05T01:28:21.541853Z,KXBTC15M-26OCT042130-30,0.9920,0.01,no
2026-10-05T01:28:21.541853Z,KXBTC15M-26OCT042130-30,0.9920,60.00,no
2026-10-05T01:28:21.541853Z,KXBTC15M-26OCT042130-30,0.9920,49.36,no
2026-10-05T01:28:21.541853Z,KXBTC15M-26OCT042130-30,0.9920,0.01,no
2026-10-05T01:28:21.541853Z,KXBTC15M-26OCT042130-30,0.9920,15.00,no
2026-10-05T01:28:21.541853Z,KXBTC15M-26OCT042130-30,0.9920,200.00,no
2026-10-05T01:28:21.571705Z,KXBTC15M-26OCT042130-30,0.9930,11.78,yes
2026-10-05T01:28:21.571705Z,KXBTC15M-26OCT042130-30,0.9930,0.01,yes
2026-10-05T01:28:21.571705Z,KXBTC15M-26OCT042130-30,0.9930,0.01,yes
2026-10-05T01:28:21.621878Z,KXBTC15M-26OCT042130-30,0.9920,0.01,no
2026-10-05T01:28:21.621878Z,KXBTC15M-26OCT042130-30,0.9920,76.00,no
2026-10-05T01:28:21.621878Z,KXBTC15M-26OCT042130-30,0.9920,26.85,no
2026-10-05T01:28:21.621878Z,KXBTC15M-26OCT042130-30,0.9920,0.01,no
2026-10-05T01:28:21.665196Z,KXBTC15M-26OCT042130-30,0.9920,1.14,no
2026-10-05T01:28:21.707662Z,KXBTC15M-26OCT042130-30,0.9920,36.33,no
2026-10-05T01:28:21.776591Z,KXBTC15M-26OCT042130-30,0.9920,35.68,no
2026-10-05T01:28:21.776591Z,KXBTC15M-26OCT042130-30,0.9920,67.19,no
2026-10-05T01:28:21.778609Z,KXBTC15M-26OCT042130-30,0.9920,36.33,no
2026-10-05T01:28:21.841195Z,KXBTC15M-26OCT042130-30,0.9920,14.31,no
2026-10-05T01:28:21.841195Z,KXBTC15M-26OCT042130-30,0.9920,0.01,no
2026-10-05T01:28:21.841195Z,KXBTC15M-26OCT042130-30,0.9920,22.00,no
2026-10-05T01:28:21.841195Z,KXBTC15M-26OCT042130-30,0.9920,0.01,no
2026-10-05T01:28:21.908126Z,KXBTC15M-26OCT042130-30,0.9920,85.69,no
2026-10-05T01:28:21.908126Z,KXBTC15M-26OCT042130-30,0.9920,16.10,no
2026-10-05T01:28:21.925897Z,KXBTC15M-26OCT042130-30,0.9920,36.33,no
2026-10-05T01:28:21.990241Z,KXBTC15M-26OCT042130-30,0.9920,0.04,no
2026-10-05T01:28:22.139511Z,KXBTC15M-26OCT042130-30,0.9920,93.51,no
2026-10-05T01:28:22.162535Z,KXBTC15M-26OCT042130-30,0.9920,36.33,no
2026-10-05T01:28:22.19785Z,KXBTC15M-26OCT042130-30,0.9920,4.95,no
2026-10-05T01:28:22.216358Z,KXBTC15M-26OCT042130-30,0.9960,1.82,yes
2026-10-05T01:28:22.216358Z,KXBTC15M-26OCT042130-30,0.9930,3.22,yes
2026-10-05T01:28:22.216358Z,KXBTC15M-26OCT042130-30,0.9930,0.01,yes
2026-10-05T01:28:22.216358Z,KXBTC15M-26OCT042130-30,0.9930,0.01,yes
2026-10-05T01:28:22.220848Z,KXBTC15M-26OCT042130-30,0.9920,0.04,no
2026-10-05T01:28:22.242577Z,KXBTC15M-26OCT042130-30,0.9920,12.70,no
2026-10-05T01:28:22.242577Z,KXBTC15M-26OCT042130-30,0.9920,45.74,no
2026-10-05T01:28:22.283415Z,KXBTC15M-26OCT042130-30,0.9920,116.18,no
2026-10-05T01:28:22.298522Z,KXBTC15M-26OCT042130-30,0.9920,36.33,no
2026-10-05T01:28:22.347443Z,KXBTC15M-26OCT042130-30,0.9930,0.01,yes
2026-10-05T01:28:22.347443Z,KXBTC15M-26OCT042130-30,0.9930,0.01,yes
2026-10-05T01:28:22.363984Z,KXBTC15M-26OCT042130-30,0.9930,36.33,no
2026-10-05T01:28:22.376996Z,KXBTC15M-26OCT042130-30,0.9960,4.91,yes
2026-10-05T01:28:22.384937Z,KXBTC15M-26OCT042130-30,0.9960,36.00,yes
2026-10-05T01:28:22.384937Z,KXBTC15M-26OCT042130-30,0.9960,8.27,yes
2026-10-05T01:28:22.384937Z,KXBTC15M-26OCT042130-30,0.9960,1.82,yes
2026-10-05T01:28:22.384937Z,KXBTC15M-26OCT042130-30,0.9960,33.91,yes
2026-10-05T01:28:22.389193Z,KXBTC15M-26OCT042130-30,0.9960,62.42,yes
2026-10-05T01:28:22.391046Z,KXBTC15M-26OCT042130-30,0.9930,58.44,no
2026-10-05T01:28:22.427674Z,KXBTC15M-26OCT042130-30,0.9930,0.04,no
2026-10-05T01:28:22.501133Z,KXBTC15M-26OCT042130-30,0.9930,36.33,no
2026-10-05T01:28:22.553066Z,KXBTC15M-26OCT042130-30,0.9930,58.44,no
2026-10-05T01:28:22.558353Z,KXBTC15M-26OCT042130-30,0.9930,0.04,no
2026-10-05T01:28:22.591202Z,KXBTC15M-26OCT042130-30,0.9930,0.02,no
2026-10-05T01:28:22.619459Z,KXBTC15M-26OCT042130-30,0.9930,36.33,no
2026-10-05T01:28:22.681196Z,KXBTC15M-26OCT042130-30,0.9930,0.04,no
2026-10-05T01:28:22.705904Z,KXBTC15M-26OCT042130-30,0.9940,0.01,yes
2026-10-05T01:28:22.705904Z,KXBTC15M-26OCT042130-30,0.9940,15.00,yes
2026-10-05T01:28:22.705904Z,KXBTC15M-26OCT042130-30,0.9940,0.01,yes
2026-10-05T01:28:22.705904Z,KXBTC15M-26OCT042130-30,0.9960,10.08,yes
2026-10-05T01:28:22.743984Z,KXBTC15M-26OCT042130-30,0.9930,36.33,no
2026-10-05T01:28:22.821187Z,KXBTC15M-26OCT042130-30,0.9930,0.04,no
2026-10-05T01:28:22.868557Z,KXBTC15M-26OCT042130-30,0.9960,10.08,yes
2026-10-05T01:28:22.868557Z,KXBTC15M-26OCT042130-30,0.9960,75.37,yes
2026-10-05T01:28:22.868557Z,KXBTC15M-26OCT042130-30,0.9960,34.00,yes
2026-10-05T01:28:22.868557Z,KXBTC15M-26OCT042130-30,0.9960,4.92,yes
2026-10-05T01:28:22.868557Z,KXBTC15M-26OCT042130-30,0.9960,0.01,yes
2026-10-05T01:28:22.868557Z,KXBTC15M-26OCT042130-30,0.9960,0.01,yes
2026-10-05T01:28:22.896847Z,KXBTC15M-26OCT042130-30,0.9930,36.33,no
2026-10-05T01:28:22.960424Z,KXBTC15M-26OCT042130-30,0.9930,2.59,no
2026-10-05T01:28:22.989562Z,KXBTC15M-26OCT042130-30,0.9930,4.00,no
2026-10-05T01:28:23.002035Z,KXBTC15M-26OCT042130-30,0.9930,36.33,no
2026-10-05T01:28:23.067619Z,KXBTC15M-26OCT042130-30,0.9930,36.33,no
2026-10-05T01:28:23.135506Z,KXBTC15M-26OCT042130-30,0.9930,0.04,no
2026-10-05T01:28:23.139519Z,KXBTC15M-26OCT042130-30,0.9930,261.80,no
2026-10-05T01:28:23.191308Z,KXBTC15M-26OCT042130-30,0.9960,2.28,yes
2026-10-05T01:28:23.20773Z,KXBTC15M-26OCT042130-30,0.9930,36.33,no
2026-10-05T01:28:23.212058Z,KXBTC15M-26OCT042130-30,0.9950,59.00,yes
2026-10-05T01:28:23.228818Z,KXBTC15M-26OCT042130-30,0.9940,0.01,no
2026-10-05T01:28:23.228818Z,KXBTC15M-26OCT042130-30,0.9940,15.00,no
2026-10-05T01:28:23.228818Z,KXBTC15M-26OCT042130-30,0.9940,0.01,no
2026-10-05T01:28:23.26964Z,KXBTC15M-26OCT042130-30,0.9940,0.01,no
2026-10-05T01:28:23.26964Z,KXBTC15M-26OCT042130-30,0.9940,0.01,no
2026-10-05T01:28:23.26964Z,KXBTC15M-26OCT042130-30,0.9940,15.00,no
2026-10-05T01:28:23.26964Z,KXBTC15M-26OCT042130-30,0.9930,21.31,no
2026-10-05T01:28:23.280744Z,KXBTC15M-26OCT042130-30,0.9950,0.01,yes
2026-10-05T01:28:23.280744Z,KXBTC15M-26OCT042130-30,0.9950,30.09,yes
2026-10-05T01:28:23.280744Z,KXBTC15M-26OCT042130-30,0.9950,0.01,yes
2026-10-05T01:28:23.293661Z,KXBTC15M-26OCT042130-30,0.9950,161.36,yes
2026-10-05T01:28:23.337802Z,KXBTC15M-26OCT042130-30,0.9940,0.01,no
2026-10-05T01:28:23.337802Z,KXBTC15M-26OCT042130-30,0.9940,0.01,no
2026-10-05T01:28:23.337802Z,KXBTC15M-26OCT042130-30,0.9930,7.24,no
2026-10-05T01:28:23.39522Z,KXBTC15M-26OCT042130-30,0.9950,238.30,yes
2026-10-05T01:28:23.39522Z,KXBTC15M-26OCT042130-30,0.9950,0.01,yes
2026-10-05T01:28:23.39522Z,KXBTC15M-26OCT042130-30,0.9950,100.00,yes
2026-10-05T01:28:23.39522Z,KXBTC15M-26OCT042130-30,0.9950,15.00,yes
2026-10-05T01:28:23.39522Z,KXBTC15M-26OCT042130-30,0.9950,400.00,yes
2026-10-05T01:28:23.39522Z,KXBTC15M-26OCT042130-30,0.9950,8.55,yes
2026-10-05T01:28:23.39522Z,KXBTC15M-26OCT042130-30,0.9950,15.00,yes
2026-10-05T01:28:23.39522Z,KXBTC15M-26OCT042130-30,0.9950,0.01,yes
2026-10-05T01:28:23.39522Z,KXBTC15M-26OCT042130-30,0.9950,1.00,yes
2026-10-05T01:28:23.39522Z,KXBTC15M-26OCT042130-30,0.9960,200.00,yes
2026-10-05T01:28:23.39522Z,KXBTC15M-26OCT042130-30,0.9950,14.00,yes
2026-10-05T01:28:23.39522Z,KXBTC15M-26OCT042130-30,0.9970,11.52,yes
2026-10-05T01:28:23.448179Z,KXBTC15M-26OCT042130-30,0.9940,0.01,no
2026-10-05T01:28:23.448179Z,KXBTC15M-26OCT042130-30,0.9940,0.01,no
2026-10-05T01:28:23.509765Z,KXBTC15M-26OCT042130-30,0.9940,7.26,no
2026-10-05T01:28:23.544246Z,KXBTC15M-26OCT042130-30,0.9950,5.12,yes
2026-10-05T01:28:23.544246Z,KXBTC15M-26OCT042130-30,0.9950,0.01,yes
2026-10-05T01:28:23.544246Z,KXBTC15M-26OCT042130-30,0.9950,0.01,yes
2026-10-05T01:28:23.586339Z,KXBTC15M-26OCT042130-30,0.9940,7.26,no
2026-10-05T01:28:23.632663Z,KXBTC15M-26OCT042130-30,0.9940,0.01,no
2026-10-05T01:28:23.632663Z,KXBTC15M-26OCT042130-30,0.9940,0.01,no
2026-10-05T01:28:23.632663Z,KXBTC15M-26OCT042130-30,0.9940,15.00,no
2026-10-05T01:28:23.632663Z,KXBTC15M-26OCT042130-30,0.9940,0.48,no
2026-10-05T01:28:23.636976Z,KXBTC15M-26OCT042130-30,0.9930,0.02,no
2026-10-05T01:28:23.646024Z,KXBTC15M-26OCT042130-30,0.9940,0.01,no
2026-10-05T01:28:23.646024Z,KXBTC15M-26OCT042130-30,0.9940,0.01,no
2026-10-05T01:28:23.646024Z,KXBTC15M-26OCT042130-30,0.9930,25.38,no
2026-10-05T01:28:23.652108Z,KXBTC15M-26OCT042130-30,0.9930,7.26,no
2026-10-05T01:28:23.67552Z,KXBTC15M-26OCT042130-30,0.9950,0.01,yes
2026-10-05T01:28:23.67552Z,KXBTC15M-26OCT042130-30,0.9950,15.00,yes
2026-10-05T01:28:23.67552Z,KXBTC15M-26OCT042130-30,0.9950,0.01,yes
2026-10-05T01:28:23.67552Z,KXBTC15M-26OCT042130-30,0.9950,15.00,yes
2026-10-05T01:28:23.67552Z,KXBTC15M-26OCT042130-30,0.9950,0.09,yes
2026-10-05T01:28:23.709469Z,KXBTC15M-26OCT042130-30,0.9940,0.01,no
2026-10-05T01:28:23.709469Z,KXBTC15M-26OCT042130-30,0.9940,0.01,no
2026-10-05T01:28:23.721509Z,KXBTC15M-26OCT042130-30,0.9940,0.01,no
2026-10-05T01:28:23.721509Z,KXBTC15M-26OCT042130-30,0.9940,0.01,no
2026-10-05T01:28:23.721509Z,KXBTC15M-26OCT042130-30,0.9940,15.00,no
2026-10-05T01:28:23.721509Z,KXBTC15M-26OCT042130-30,0.9930,14.09,no
2026-10-05T01:28:23.799531Z,KXBTC15M-26OCT042130-30,0.9940,0.01,no
2026-10-05T01:28:23.799531Z,KXBTC15M-26OCT042130-30,0.9940,0.01,no
2026-10-05T01:28:23.865272Z,KXBTC15M-26OCT042130-30,0.9940,7.26,no
2026-10-05T01:28:23.929676Z,KXBTC15M-26OCT042130-30,0.9940,7.26,no
2026-10-05T01:28:23.954695Z,KXBTC15M-26OCT042130-30,0.9940,0.01,no
2026-10-05T01:28:23.954695Z,KXBTC15M-26OCT042130-30,0.9940,0.47,no
2026-10-05T01:28:23.954695Z,KXBTC15M-26OCT042130-30,0.9940,0.01,no
2026-10-05T01:28:23.954695Z,KXBTC15M-26OCT042130-30,0.9930,2.18,no
2026-10-05T01:28:23.974901Z,KXBTC15M-26OCT042130-30,0.9950,0.01,yes
2026-10-05T01:28:23.974901Z,KXBTC15M-26OCT042130-30,0.9950,43.08,yes
2026-10-05T01:28:23.974901Z,KXBTC15M-26OCT042130-30,0.9950,0.01,yes
2026-10-05T01:28:23.993083Z,KXBTC15M-26OCT042130-30,0.9950,18.28,yes
2026-10-05T01:28:23.995682Z,KXBTC15M-26OCT042130-30,0.9930,7.26,no
2026-10-05T01:28:24.054354Z,KXBTC15M-26OCT042130-30,0.9930,29.11,no
2026-10-05T01:28:24.120769Z,KXBTC15M-26OCT042130-30,0.9930,11.00,no
2026-10-05T01:28:24.120769Z,KXBTC15M-26OCT042130-30,0.9930,24.60,no
2026-10-05T01:28:24.120769Z,KXBTC15M-26OCT042130-30,0.9930,0.73,no
2026-10-05T01:28:24.220647Z,KXBTC15M-26OCT042130-30,0.9930,580.84,no
2026-10-05T01:28:24.220647Z,KXBTC15M-26OCT042130-30,0.9930,75.27,no
2026-10-05T01:28:24.22434Z,KXBTC15M-26OCT042130-30,0.9950,53.40,yes
2026-10-05T01:28:24.228551Z,KXBTC15M-26OCT042130-30,0.9940,4.00,no
2026-10-05T01:28:24.228551Z,KXBTC15M-26OCT042130-30,0.9930,32.33,no
2026-10-05T01:28:24.23594Z,KXBTC15M-26OCT042130-30,0.9950,42.26,yes
2026-10-05T01:28:24.312993Z,KXBTC15M-26OCT042130-30,0.9940,29.11,no
2026-10-05T01:28:24.331615Z,KXBTC15M-26OCT042130-30,0.9950,9.86,yes
2026-10-05T01:28:24.385361Z,KXBTC15M-26OCT042130-30,0.9940,21.80,no
2026-10-05T01:28:24.42902Z,KXBTC15M-26OCT042130-30,0.9950,33.12,yes
2026-10-05T01:28:24.42902Z,KXBTC15M-26OCT042130-30,0.9950,214.05,yes
2026-10-05T01:28:24.441241Z,KXBTC15M-26OCT042130-30,0.9940,21.09,no
2026-10-05T01:28:24.441241Z,KXBTC15M-26OCT042130-30,0.9940,0.01,no
2026-10-05T01:28:24.441241Z,KXBTC15M-26OCT042130-30,0.9940,0.01,no
2026-10-05T01:28:24.441241Z,KXBTC15M-26OCT042130-30,0.9940,33.00,no
2026-10-05T01:28:24.441241Z,KXBTC15M-26OCT042130-30,0.9930,126.21,no
2026-10-05T01:28:24.441241Z,KXBTC15M-26OCT042130-30,0.9930,86.83,no
2026-10-05T01:28:24.475865Z,KXBTC15M-26OCT042130-30,0.9940,0.01,no
2026-10-05T01:28:24.475865Z,KXBTC15M-26OCT042130-30,0.9940,36.31,no
2026-10-05T01:28:24.475865Z,KXBTC15M-26OCT042130-30,0.9940,0.01,no
2026-10-05T01:28:24.53009Z,KXBTC15M-26OCT042130-30,0.9950,27.74,yes
2026-10-05T01:28:24.54658Z,KXBTC15M-26OCT042130-30,0.9940,31.69,no
2026-10-05T01:28:24.54658Z,KXBTC15M-26OCT042130-30,0.9940,0.01,no
2026-10-05T01:28:24.54658Z,KXBTC15M-26OCT042130-30,0.9940,0.01,no
2026-10-05T01:28:24.54658Z,KXBTC15M-26OCT042130-30,0.9940,4.62,no
2026-10-05T01:28:24.617254Z,KXBTC15M-26OCT042130-30,0.9940,36.33,no
2026-10-05T01:28:24.690868Z,KXBTC15M-26OCT042130-30,0.9940,33.26,no
2026-10-05T01:28:24.690868Z,KXBTC15M-26OCT042130-30,0.9940,0.01,no
2026-10-05T01:28:24.690868Z,KXBTC15M-26OCT042130-30,0.9940,3.05,no
2026-10-05T01:28:24.690868Z,KXBTC15M-26OCT042130-30,0.9940,0.01,no
2026-10-05T01:28:24.707143Z,KXBTC15M-26OCT042130-30,0.9950,15.00,yes
2026-10-05T01:28:24.707143Z,KXBTC15M-26OCT042130-30,0.9950,158.21,yes
2026-10-05T01:28:24.707143Z,KXBTC15M-26OCT042130-30,0.9950,278.89,yes
2026-10-05T01:28:24.765015Z,KXBTC15M-26OCT042130-30,0.9930,1.04,no
2026-10-05T01:28:24.765015Z,KXBTC15M-26OCT042130-30,0.9940,0.01,no
2026-10-05T01:28:24.765015Z,KXBTC15M-26OCT042130-30,0.9940,15.00,no
2026-10-05T01:28:24.765015Z,KXBTC15M-26OCT042130-30,0.9940,5.74,no
2026-10-05T01:28:24.765015Z,KXBTC15M-26OCT042130-30,0.9940,0.01,no
2026-10-05T01:28:24.85276Z,KXBTC15M-26OCT042130-30,0.9940,7.26,no
2026-10-05T01:28:24.882936Z,KXBTC15M-26OCT042130-30,0.9950,294.06,yes
2026-10-05T01:28:24.882936Z,KXBTC15M-26OCT042130-30,0.9950,200.00,yes
2026-10-05T01:28:24.882936Z,KXBTC15M-26OCT042130-30,0.9950,0.01,yes
2026-10-05T01:28:24.882936Z,KXBTC15M-26OCT042130-30,0.9950,221.11,yes
2026-10-05T01:28:24.882936Z,KXBTC15M-26OCT042130-30,0.9950,1.00,yes
2026-10-05T01:28:24.882936Z,KXBTC15M-26OCT042130-30,0.9950,15.00,yes
2026-10-05T01:28:24.882936Z,KXBTC15M-26OCT042130-30,0.9950,500.00,yes
2026-10-05T01:28:24.882936Z,KXBTC15M-26OCT042130-30,0.9950,100.00,yes
2026-10-05T01:28:24.882936Z,KXBTC15M-26OCT042130-30,0.9950,0.01,yes
2026-10-05T01:28:24.962089Z,KXBTC15M-26OCT042130-30,0.9940,21.80,no
2026-10-05T01:28:25.018231Z,KXBTC15M-26OCT042130-30,0.9950,0.01,yes
2026-10-05T01:28:25.018231Z,KXBTC15M-26OCT042130-30,0.9950,1.00,yes
2026-10-05T01:28:25.018231Z,KXBTC15M-26OCT042130-30,0.9950,0.47,yes
2026-10-05T01:28:25.018231Z,KXBTC15M-26OCT042130-30,0.9950,105.94,yes
2026-10-05T01:28:25.018231Z,KXBTC15M-26OCT042130-30,0.9950,100.00,yes
2026-10-05T01:28:25.018231Z,KXBTC15M-26OCT042130-30,0.9950,0.01,yes
2026-10-05T01:28:25.018231Z,KXBTC15M-26OCT042130-30,0.9950,15.00,yes
2026-10-05T01:28:25.05584Z,KXBTC15M-26OCT042130-30,0.9950,25.36,yes
2026-10-05T01:28:25.135809Z,KXBTC15M-26OCT042130-30,0.9950,52.85,yes
2026-10-05T01:28:25.22788Z,KXBTC15M-26OCT042130-30,0.9940,7.26,no
2026-10-05T01:28:25.293298Z,KXBTC15M-26OCT042130-30,0.9940,0.68,no
2026-10-05T01:28:25.293298Z,KXBTC15M-26OCT042130-30,0.9940,0.01,no
2026-10-05T01:28:25.293298Z,KXBTC15M-26OCT042130-30,0.9940,0.01,no
2026-10-05T01:28:25.293298Z,KXBTC15M-26OCT042130-30,0.9940,6.56,no
2026-10-05T01:28:25.407491Z,KXBTC15M-26OCT042130-30,0.9950,118.57,yes
2026-10-05T01:28:25.407491Z,KXBTC15M-26OCT042130-30,0.9950,500.00,yes
2026-10-05T01:28:25.407491Z,KXBTC15M-26OCT042130-30,0.9950,386.10,yes
2026-10-05T01:28:25.454584Z,KXBTC15M-26OCT042130-30,0.9940,6.82,no
2026-10-05T01:28:25.454584Z,KXBTC15M-26OCT042130-30,0.9940,0.44,no
2026-10-05T01:28:25.522744Z,KXBTC15M-26OCT042130-30,0.9940,0.01,no
2026-10-05T01:28:25.522744Z,KXBTC15M-26OCT042130-30,0.9940,28.13,no
2026-10-05T01:28:25.522744Z,KXBTC15M-26OCT042130-30,0.9940,8.18,no
2026-10-05T01:28:25.522744Z,KXBTC15M-26OCT042130-30,0.9940,0.01,no
2026-10-05T01:28:25.567796Z,KXBTC15M-26OCT042130-30,0.9940,0.01,no
2026-10-05T01:28:25.567796Z,KXBTC15M-26OCT042130-30,0.9940,27.08,no
2026-10-05T01:28:25.567796Z,KXBTC15M-26OCT042130-30,0.9940,6.87,no
2026-10-05T01:28:25.567796Z,KXBTC15M-26OCT042130-30,0.9940,0.01,no
2026-10-05T01:28:25.584929Z,KXBTC15M-26OCT042130-30,0.9950,100.00,yes
2026-10-05T01:28:25.584929Z,KXBTC15M-26OCT042130-30,0.9950,0.01,yes
2026-10-05T01:28:25.584929Z,KXBTC15M-26OCT042130-30,0.9950,119.08,yes
2026-10-05T01:28:25.584929Z,KXBTC15M-26OCT042130-30,0.9950,0.01,yes
2026-10-05T01:28:25.584929Z,KXBTC15M-26OCT042130-30,0.9950,113.90,yes
2026-10-05T01:28:25.590956Z,KXBTC15M-26OCT042130-30,0.9940,16.86,no
2026-10-05T01:28:25.590956Z,KXBTC15M-26OCT042130-30,0.9940,0.01,no
2026-10-05T01:28:25.590956Z,KXBTC15M-26OCT042130-30,0.9940,4.92,no
2026-10-05T01:28:25.590956Z,KXBTC15M-26OCT042130-30,0.9940,0.01,no
2026-10-05T01:28:25.658511Z,KXBTC15M-26OCT042130-30,0.9940,14.14,no
2026-10-05T01:28:25.658511Z,KXBTC15M-26OCT042130-30,0.9940,0.01,no
2026-10-05T01:28:25.658511Z,KXBTC15M-26OCT042130-30,0.9940,0.01,no
2026-10-05T01:28:25.658511Z,KXBTC15M-26OCT042130-30,0.9940,7.64,no
2026-10-05T01:28:25.759289Z,KXBTC15M-26OCT042130-30,0.9940,7.26,no
2026-10-05T01:28:25.781784Z,KXBTC15M-26OCT042130-30,0.9950,228.32,yes
2026-10-05T01:28:25.827185Z,KXBTC15M-26OCT042130-30,0.9950,20.09,yes
2026-10-05T01:28:25.887172Z,KXBTC15M-26OCT042130-30,0.9940,0.01,no
2026-10-05T01:28:25.887172Z,KXBTC15M-26OCT042130-30,0.9940,13.68,no
2026-10-05T01:28:25.887172Z,KXBTC15M-26OCT042130-30,0.9940,0.01,no
2026-10-05T01:28:25.887172Z,KXBTC15M-26OCT042130-30,0.9940,8.10,no
2026-10-05T01:28:25.895332Z,KXBTC15M-26OCT042130-30,0.9940,9.32,no
2026-10-05T01:28:25.908099Z,KXBTC15M-26OCT042130-30,0.9940,0.01,no
2026-10-05T01:28:25.908099Z,KXBTC15M-26OCT042130-30,0.9940,37.00,no
2026-10-05T01:28:25.908099Z,KXBTC15M-26OCT042130-30,0.9930,40.00,no
2026-10-05T01:28:25.908099Z,KXBTC15M-26OCT042130-30,0.9930,15.96,no
2026-10-05T01:28:25.908099Z,KXBTC15M-26OCT042130-30,0.9910,20.99,no
2026-10-05T01:28:25.908099Z,KXBTC15M-26OCT042130-30,0.9920,15.00,no
2026-10-05T01:28:25.908099Z,KXBTC15M-26OCT042130-30,0.9910,0.22,no
2026-10-05T01:28:25.930706Z,KXBTC15M-26OCT042130-30,0.9950,1.00,yes
2026-10-05T01:28:25.930706Z,KXBTC15M-26OCT042130-30,0.9950,15.00,yes
2026-10-05T01:28:25.930706Z,KXBTC15M-26OCT042130-30,0.9950,0.01,yes
2026-10-05T01:28:25.930706Z,KXBTC15M-26OCT042130-30,0.9950,0.01,yes
2026-10-05T01:28:25.930706Z,KXBTC15M-26OCT042130-30,0.9950,100.00,yes
2026-10-05T01:28:25.930706Z,KXBTC15M-26OCT042130-30,0.9950,196.00,yes
2026-10-05T01:28:25.930706Z,KXBTC15M-26OCT042130-30,0.9950,157.80,yes
2026-10-05T01:28:25.930706Z,KXBTC15M-26OCT042130-30,0.9950,32.51,yes
2026-10-05T01:28:25.931762Z,KXBTC15M-26OCT042130-30,0.9950,144.46,yes
2026-10-05T01:28:25.932287Z,KXBTC15M-26OCT042130-30,0.9940,15.00,no
2026-10-05T01:28:25.960917Z,KXBTC15M-26OCT042130-30,0.9940,3.31,no
2026-10-05T01:28:25.960917Z,KXBTC15M-26OCT042130-30,0.9940,21.00,no
2026-10-05T01:28:25.961429Z,KXBTC15M-26OCT042130-30,0.9940,5.00,no
2026-10-05T01:28:25.992624Z,KXBTC15M-26OCT042130-30,0.9940,0.01,no
2026-10-05T01:28:25.992624Z,KXBTC15M-26OCT042130-30,0.9940,0.01,no
2026-10-05T01:28:25.992624Z,KXBTC15M-26OCT042130-30,0.9940,6.69,no
2026-10-05T01:28:25.992624Z,KXBTC15M-26OCT042130-30,0.9940,0.55,no
2026-10-05T01:28:26.060451Z,KXBTC15M-26OCT042130-30,0.9950,3.00,yes
2026-10-05T01:28:26.092855Z,KXBTC15M-26OCT042130-30,0.9950,0.01,yes
2026-10-05T01:28:26.092855Z,KXBTC15M-26OCT042130-30,0.9950,97.00,yes
2026-10-05T01:28:26.092855Z,KXBTC15M-26OCT042130-30,0.9950,305.98,yes
2026-10-05T01:28:26.092855Z,KXBTC15M-26OCT042130-30,0.9950,0.01,yes
2026-10-05T01:28:26.097256Z,KXBTC15M-26OCT042130-30,0.9940,36.33,no
2026-10-05T01:28:26.168645Z,KXBTC15M-26OCT042130-30,0.9950,55.09,yes
2026-10-05T01:28:26.400857Z,KXBTC15M-26OCT042130-30,0.9940,100.00,no
2026-10-05T01:28:26.480001Z,KXBTC15M-26OCT042130-30,0.9950,5.06,yes
2026-10-05T01:28:26.594774Z,KXBTC15M-26OCT042130-30,0.9940,36.33,no
2026-10-05T01:28:26.611645Z,KXBTC15M-26OCT042130-30,0.9940,15.00,no
2026-10-05T01:28:26.611645Z,KXBTC15M-26OCT042130-30,0.9940,1051.67,no
2026-10-05T01:28:26.611645Z,KXBTC15M-26OCT042130-30,0.9940,491.57,no
2026-10-05T01:28:26.664225Z,KXBTC15M-26OCT042130-30,0.9940,8.43,no
2026-10-05T01:28:26.664225Z,KXBTC15M-26OCT042130-30,0.9940,0.01,no
2026-10-05T01:28:26.664225Z,KXBTC15M-26OCT042130-30,0.9930,20.66,no
2026-10-05T01:28:26.664225Z,KXBTC15M-26OCT042130-30,0.9940,0.01,no
2026-10-05T01:28:26.722903Z,KXBTC15M-26OCT042130-30,0.9950,33.87,yes
2026-10-05T01:28:26.722903Z,KXBTC15M-26OCT042130-30,0.9950,15.00,yes
2026-10-05T01:28:26.722903Z,KXBTC15M-26OCT042130-30,0.9950,4.62,yes
2026-10-05T01:28:26.727578Z,KXBTC15M-26OCT042130-30,0.9940,0.02,no
2026-10-05T01:28:26.739092Z,KXBTC15M-26OCT042130-30,0.9940,61.08,no
2026-10-05T01:28:26.796467Z,KXBTC15M-26OCT042130-30,0.9940,15.00,no
2026-10-05T01:28:26.796467Z,KXBTC15M-26OCT042130-30,0.9930,21.33,no
2026-10-05T01:28:26.821457Z,KXBTC15M-26OCT042130-30,0.9950,50.23,yes
2026-10-05T01:28:26.84556Z,KXBTC15M-26OCT042130-30,0.9930,20.66,no
2026-10-05T01:28:26.84556Z,KXBTC15M-26OCT042130-30,0.9930,16.00,no
2026-10-05T01:28:26.869991Z,KXBTC15M-26OCT042130-30,0.9940,36.33,no
2026-10-05T01:28:26.8823Z,KXBTC15M-26OCT042130-30,0.9950,0.03,yes
2026-10-05T01:28:26.941525Z,KXBTC15M-26OCT042130-30,0.9930,29.11,no
2026-10-05T01:28:26.950963Z,KXBTC15M-26OCT042130-30,0.9970,250.00,yes
2026-10-05T01:28:26.950963Z,KXBTC15M-26OCT042130-30,0.9970,15000.00,yes
2026-10-05T01:28:26.950963Z,KXBTC15M-26OCT042130-30,0.9960,15.00,yes
2026-10-05T01:28:26.950963Z,KXBTC15M-26OCT042130-30,0.9970,17.00,yes
2026-10-05T01:28:26.950963Z,KXBTC15M-26OCT042130-30,0.9970,58.00,yes
2026-10-05T01:28:26.950963Z,KXBTC15M-26OCT042130-30,0.9950,400.00,yes
2026-10-05T01:28:26.950963Z,KXBTC15M-26OCT042130-30,0.9950,126.24,yes
2026-10-05T01:28:26.950963Z,KXBTC15M-26OCT042130-30,0.9950,45.12,yes
2026-10-05T01:28:26.950963Z,KXBTC15M-26OCT042130-30,0.9960,126.24,yes
2026-10-05T01:28:26.950963Z,KXBTC15M-26OCT042130-30,0.9950,15.00,yes
2026-10-05T01:28:26.950963Z,KXBTC15M-26OCT042130-30,0.9950,500.00,yes
2026-10-05T01:28:26.950963Z,KXBTC15M-26OCT042130-30,0.9950,15.00,yes
2026-10-05T01:28:26.950963Z,KXBTC15M-26OCT042130-30,0.9960,2745.00,yes
2026-10-05T01:28:26.950963Z,KXBTC15M-26OCT042130-30,0.9950,0.01,yes
2026-10-05T01:28:26.950963Z,KXBTC15M-26OCT042130-30,0.9950,500.00,yes
2026-10-05T01:28:26.950963Z,KXBTC15M-26OCT042130-30,0.9950,0.01,yes
2026-10-05T01:28:26.950963Z,KXBTC15M-26OCT042130-30,0.9970,15.00,yes
2026-10-05T01:28:26.950963Z,KXBTC15M-26OCT042130-30,0.9970,15.00,yes
2026-10-05T01:28:26.950963Z,KXBTC15M-26OCT042130-30,0.9970,15.00,yes
2026-10-05T01:28:26.950963Z,KXBTC15M-26OCT042130-30,0.9970,15.00,yes
2026-10-05T01:28:26.950963Z,KXBTC15M-26OCT042130-30,0.9970,15.00,yes
2026-10-05T01:28:26.950963Z,KXBTC15M-26OCT042130-30,0.9970,15.00,yes
2026-10-05T01:28:26.950963Z,KXBTC15M-26OCT042130-30,0.9970,10.00,yes
2026-10-05T01:28:26.950963Z,KXBTC15M-26OCT042130-30,0.9970,2.00,yes
2026-10-05T01:28:26.950963Z,KXBTC15M-26OCT042130-30,0.9970,2.00,yes
2026-10-05T01:28:26.950963Z,KXBTC15M-26OCT042130-30,0.9970,2.00,yes
2026-10-05T01:28:26.950963Z,KXBTC15M-26OCT042130-30,0.9970,2.00,yes
2026-10-05T01:28:26.950963Z,KXBTC15M-26OCT042130-30,0.9970,2.00,yes
2026-10-05T01:28:26.950963Z,KXBTC15M-26OCT042130-30,0.9970,18.00,yes
2026-10-05T01:28:26.950963Z,KXBTC15M-26OCT042130-30,0.9970,2291.42,yes
2026-10-05T01:28:26.950963Z,KXBTC15M-26OCT042130-30,0.9980,1473.57,yes
2026-10-05T01:28:26.968536Z,KXBTC15M-26OCT042130-30,0.9950,0.01,yes
2026-10-05T01:28:26.968536Z,KXBTC15M-26OCT042130-30,0.9950,100.00,yes
2026-10-05T01:28:26.968536Z,KXBTC15M-26OCT042130-30,0.9950,0.01,yes
2026-10-05T01:28:26.968536Z,KXBTC15M-26OCT042130-30,0.9960,15.00,yes
2026-10-05T01:28:26.968536Z,KXBTC15M-26OCT042130-30,0.9970,17.00,yes
2026-10-05T01:28:26.980033Z,KXBTC15M-26OCT042130-30,0.9980,24.00,yes
2026-10-05T01:28:27.002059Z,KXBTC15M-26OCT042130-30,0.9970,6.00,no
2026-10-05T01:28:27.005295Z,KXBTC15M-26OCT042130-30,0.9970,36.33,no
2026-10-05T01:28:27.045198Z,KXBTC15M-26OCT042130-30,0.9970,50.00,no
2026-10-05T01:28:27.066417Z,KXBTC15M-26OCT042130-30,0.9970,155.83,no
2026-10-05T01:28:27.087663Z,KXBTC15M-26OCT042130-30,0.9970,155.83,no
2026-10-05T01:28:27.090659Z,KXBTC15M-26OCT042130-30,0.9970,155.83,no
2026-10-05T01:28:27.104992Z,KXBTC15M-26OCT042130-30,0.9970,250.00,no
2026-10-05T01:28:27.107567Z,KXBTC15M-26OCT042130-30,0.9970,9.00,no
2026-10-05T01:28:27.173114Z,KXBTC15M-26OCT042130-30,0.9970,5.00,no
2026-10-05T01:28:27.216633Z,KXBTC15M-26OCT042130-30,0.9970,267.15,no
2026-10-05T01:28:27.251828Z,KXBTC15M-26OCT042130-30,0.9970,8.00,no
2026-10-05T01:28:27.279737Z,KXBTC15M-26OCT042130-30,0.9980,0.88,yes
2026-10-05T01:28:27.298944Z,KXBTC15M-26OCT042130-30,0.9970,1.00,no
2026-10-05T01:28:27.322442Z,KXBTC15M-26OCT042130-30,0.9970,133.58,no
2026-10-05T01:28:27.39693Z,KXBTC15M-26OCT042130-30,0.9980,29.26,yes
2026-10-05T01:28:27.404484Z,KXBTC15M-26OCT042130-30,0.9970,232.00,no
2026-10-05T01:28:27.404484Z,KXBTC15M-26OCT042130-30,0.9970,16.00,no
2026-10-05T01:28:27.404484Z,KXBTC15M-26OCT042130-30,0.9970,2414.55,no
2026-10-05T01:28:27.404484Z,KXBTC15M-26OCT042130-30,0.9970,15.00,no
2026-10-05T01:28:27.404484Z,KXBTC15M-26OCT042130-30,0.9970,200.00,no
2026-10-05T01:28:27.404484Z,KXBTC15M-26OCT042130-30,0.9970,0.01,no
2026-10-05T01:28:27.404484Z,KXBTC15M-26OCT042130-30,0.9970,98.43,no
2026-10-05T01:28:27.404484Z,KXBTC15M-26OCT042130-30,0.9970,24.00,no
2026-10-05T01:28:27.404484Z,KXBTC15M-26OCT042130-30,0.9970,0.01,no
2026-10-05T01:28:27.414434Z,KXBTC15M-26OCT042130-30,0.9970,11.02,no
2026-10-05T01:28:27.418144Z,KXBTC15M-26OCT042130-30,0.9970,150.00,no
2026-10-05T01:28:27.455438Z,KXBTC15M-26OCT042130-30,0.9980,48.07,yes
2026-10-05T01:28:27.509349Z,KXBTC15M-26OCT042130-30,0.9970,733.18,no
2026-10-05T01:28:27.536506Z,KXBTC15M-26OCT042130-30,0.9970,33.39,no
2026-10-05T01:28:27.679105Z,KXBTC15M-26OCT042130-30,0.9980,100.18,yes
2026-10-05T01:28:27.783515Z,KXBTC15M-26OCT042130-30,0.9970,0.02,no
2026-10-05T01:28:27.802711Z,KXBTC15M-26OCT042130-30,0.9970,305.35,no
2026-10-05T01:28:27.829524Z,KXBTC15M-26OCT042130-30,0.9970,305.35,no
2026-10-05T01:28:27.829656Z,KXBTC15M-26OCT042130-30,0.9970,662.00,no
2026-10-05T01:28:27.930105Z,KXBTC15M-26OCT042130-30,0.9980,154.43,yes
2026-10-05T01:28:27.973835Z,KXBTC15M-26OCT042130-30,0.9970,299.12,no
2026-10-05T01:28:28.009493Z,KXBTC15M-26OCT042130-30,0.9970,305.35,no
2026-10-05T01:28:28.010128Z,KXBTC15M-26OCT042130-30,0.9970,3021.31,no
2026-10-05T01:28:28.134148Z,KXBTC15M-26OCT042130-30,0.9970,219.87,no
2026-10-05T01:28:28.135416Z,KXBTC15M-26OCT042130-30,0.9970,3.06,no
2026-10-05T01:28:28.142533Z,KXBTC15M-26OCT042130-30,0.9970,62.48,no
2026-10-05T01:28:28.161271Z,KXBTC15M-26OCT042130-30,0.9970,155.79,no
2026-10-05T01:28:28.254761Z,KXBTC15M-26OCT042130-30,0.9970,85.51,no
2026-10-05T01:28:28.271653Z,KXBTC15M-26OCT042130-30,0.9970,19.72,no
2026-10-05T01:28:28.304816Z,KXBTC15M-26OCT042130-30,0.9970,3.02,no
2026-10-05T01:28:28.328749Z,KXBTC15M-26OCT042130-30,0.9970,77.37,no
2026-10-05T01:28:28.354218Z,KXBTC15M-26OCT042130-30,0.9980,50.09,yes
2026-10-05T01:28:28.358914Z,KXBTC15M-26OCT042130-30,0.9980,14.47,yes
2026-10-05T01:28:28.359225Z,KXBTC15M-26OCT042130-30,0.9970,6.02,no
2026-10-05T01:28:28.380189Z,KXBTC15M-26OCT042130-30,0.9970,126.52,no
2026-10-05T01:28:28.380189Z,KXBTC15M-26OCT042130-30,0.9970,15.00,no
2026-10-05T01:28:28.380189Z,KXBTC15M-26OCT042130-30,0.9970,30.00,no
2026-10-05T01:28:28.380189Z,KXBTC15M-26OCT042130-30,0.9970,0.01,no
2026-10-05T01:28:28.380189Z,KXBTC15M-26OCT042130-30,0.9970,85.82,no
2026-10-05T01:28:28.380189Z,KXBTC15M-26OCT042130-30,0.9970,48.00,no
2026-10-05T01:28:28.385763Z,KXBTC15M-26OCT042130-30,0.9970,1.00,no
2026-10-05T01:28:28.385763Z,KXBTC15M-26OCT042130-30,0.9970,136.16,no
2026-10-05T01:28:28.385763Z,KXBTC15M-26OCT042130-30,0.9970,14.18,no
2026-10-05T01:28:28.385763Z,KXBTC15M-26OCT042130-30,0.9970,154.00,no
2026-10-05T01:28:28.385763Z,KXBTC15M-26OCT042130-30,0.9970,0.01,no
2026-10-05T01:28:28.398512Z,KXBTC15M-26OCT042130-30,0.9970,15.00,no
2026-10-05T01:28:28.398512Z,KXBTC15M-26OCT042130-30,0.9970,0.01,no
2026-10-05T01:28:28.398512Z,KXBTC15M-26OCT042130-30,0.9970,50.00,no
2026-10-05T01:28:28.398512Z,KXBTC15M-26OCT042130-30,0.9970,14.00,no
2026-10-05T01:28:28.446729Z,KXBTC15M-26OCT042130-30,0.9960,1409.27,no
2026-10-05T01:28:28.480479Z,KXBTC15M-26OCT042130-30,0.9970,0.02,yes
2026-10-05T01:28:28.577423Z,KXBTC15M-26OCT042130-30,0.9960,0.01,no
2026-10-05T01:28:28.577423Z,KXBTC15M-26OCT042130-30,0.9960,1.00,no
2026-10-05T01:28:28.577423Z,KXBTC15M-26OCT042130-30,0.9960,9.79,no
2026-10-05T01:28:28.577423Z,KXBTC15M-26OCT042130-30,0.9960,297.38,no
2026-10-05T01:28:28.712982Z,KXBTC15M-26OCT042130-30,0.9960,15.00,no
2026-10-05T01:28:28.712982Z,KXBTC15M-26OCT042130-30,0.9960,15.00,no
2026-10-05T01:28:28.712982Z,KXBTC15M-26OCT042130-30,0.9950,1.00,no
2026-10-05T01:28:28.712982Z,KXBTC15M-26OCT042130-30,0.9950,106.81,no
2026-10-05T01:28:28.712982Z,KXBTC15M-26OCT042130-30,0.9950,15.00,no
2026-10-05T01:28:28.735401Z,KXBTC15M-26OCT042130-30,0.9970,9.98,yes
2026-10-05T01:28:28.735401Z,KXBTC15M-26OCT042130-30,0.9970,22.11,yes
2026-10-05T01:28:28.73746Z,KXBTC15M-26OCT042130-30,0.9950,84.48,no
2026-10-05T01:28:28.737862Z,KXBTC15M-26OCT042130-30,0.9950,201.50,no
2026-10-05T01:28:28.744041Z,KXBTC15M-26OCT042130-30,0.9950,2.14,no
2026-10-05T01:28:28.768819Z,KXBTC15M-26OCT042130-30,0.9970,31.45,yes
2026-10-05T01:28:28.768819Z,KXBTC15M-26OCT042130-30,0.9970,0.01,yes
2026-10-05T01:28:28.768819Z,KXBTC15M-26OCT042130-30,0.9970,23.89,yes
2026-10-05T01:28:28.768819Z,KXBTC15M-26OCT042130-30,0.9970,16.00,yes
2026-10-05T01:28:28.902291Z,KXBTC15M-26OCT042130-30,0.9950,627.88,no
2026-10-05T01:28:28.902291Z,KXBTC15M-26OCT042130-30,0.9950,200.00,no
2026-10-05T01:28:28.902291Z,KXBTC15M-26OCT042130-30,0.9950,358.05,no
2026-10-05T01:28:28.902291Z,KXBTC15M-26OCT042130-30,0.9950,500.00,no
2026-10-05T01:28:28.924773Z,KXBTC15M-26OCT042130-30,0.9940,39.06,no
2026-10-05T01:28:28.924773Z,KXBTC15M-26OCT042130-30,0.9940,152.00,no
2026-10-05T01:28:28.924773Z,KXBTC15M-26OCT042130-30,0.9940,11.00,no
2026-10-05T01:28:28.944438Z,KXBTC15M-26OCT042130-30,0.9970,400.00,yes
2026-10-05T01:28:28.944438Z,KXBTC15M-26OCT042130-30,0.9970,10.00,yes
2026-10-05T01:28:28.944438Z,KXBTC15M-26OCT042130-30,0.9970,16.00,yes
2026-10-05T01:28:28.944438Z,KXBTC15M-26OCT042130-30,0.9970,15.00,yes
2026-10-05T01:28:28.944438Z,KXBTC15M-26OCT042130-30,0.9970,15.00,yes
2026-10-05T01:28:28.944438Z,KXBTC15M-26OCT042130-30,0.9970,0.01,yes
2026-10-05T01:28:28.944438Z,KXBTC15M-26OCT042130-30,0.9970,0.01,yes
2026-10-05T01:28:28.944438Z,KXBTC15M-26OCT042130-30,0.9970,68.55,yes
2026-10-05T01:28:28.944438Z,KXBTC15M-26OCT042130-30,0.9970,15.00,yes
2026-10-05T01:28:28.944438Z,KXBTC15M-26OCT042130-30,0.9970,35.00,yes
2026-10-05T01:28:28.944438Z,KXBTC15M-26OCT042130-30,0.9980,4676.43,yes
2026-10-05T01:28:28.953071Z,KXBTC15M-26OCT042130-30,0.9970,0.01,yes
2026-10-05T01:28:28.953071Z,KXBTC15M-26OCT042130-30,0.9970,0.01,yes
2026-10-05T01:28:28.985378Z,KXBTC15M-26OCT042130-30,0.9970,51.38,no
2026-10-05T01:28:29.122855Z,KXBTC15M-26OCT042130-30,0.9970,9.15,no
2026-10-05T01:28:29.153346Z,KXBTC15M-26OCT042130-30,0.9970,192.67,no
2026-10-05T01:28:29.254218Z,KXBTC15M-26OCT042130-30,0.9970,179.34,no
2026-10-05T01:28:29.286893Z,KXBTC15M-26OCT042130-30,0.9970,73.09,no
2026-10-05T01:28:29.296215Z,KXBTC15M-26OCT042130-30,0.9980,878.47,yes
2026-10-05T01:28:29.462569Z,KXBTC15M-26OCT042130-30,0.9980,10.20,yes
2026-10-05T01:28:29.520366Z,KXBTC15M-26OCT042130-30,0.9970,141.44,no
2026-10-05T01:28:29.588307Z,KXBTC15M-26OCT042130-30,0.9970,3.47,no
2026-10-05T01:28:29.673517Z,KXBTC15M-26OCT042130-30,0.9970,43.32,no
2026-10-05T01:28:29.688877Z,KXBTC15M-26OCT042130-30,0.9970,61.08,no
2026-10-05T01:28:29.777272Z,KXBTC15M-26OCT042130-30,0.9980,539.95,yes
2026-10-05T01:28:29.777272Z,KXBTC15M-26OCT042130-30,0.9980,19497.32,yes
2026-10-05T01:28:29.826473Z,KXBTC15M-26OCT042130-30,0.9970,630.63,no
2026-10-05T01:28:29.846418Z,KXBTC15M-26OCT042130-30,0.9970,305.35,no
2026-10-05T01:28:29.84728Z,KXBTC15M-26OCT042130-30,0.9970,1526.80,no
2026-10-05T01:28:29.85908Z,KXBTC15M-26OCT042130-30,0.9970,760.00,no
2026-10-05T01:28:29.903173Z,KXBTC15M-26OCT042130-30,0.9970,0.79,no
2026-10-05T01:28:29.920139Z,KXBTC15M-26OCT042130-30,0.9970,305.35,no
2026-10-05T01:28:29.966932Z,KXBTC15M-26OCT042130-30,0.9970,30.53,no
2026-10-05T01:28:30.110673Z,KXBTC15M-26OCT042130-30,0.9970,305.35,no
2026-10-05T01:28:30.185566Z,KXBTC15M-26OCT042130-30,0.9980,3.64,yes
2026-10-05T01:28:30.18912Z,KXBTC15M-26OCT042130-30,0.9970,46.89,no
2026-10-05T01:28:30.2003Z,KXBTC15M-26OCT042130-30,0.9970,200.00,no
2026-10-05T01:28:30.2003Z,KXBTC15M-26OCT042130-30,0.9970,340.83,no
2026-10-05T01:28:30.2003Z,KXBTC15M-26OCT042130-30,0.9970,9.35,no
2026-10-05T01:28:30.2003Z,KXBTC15M-26OCT042130-30,0.9970,0.01,no
2026-10-05T01:28:30.2003Z,KXBTC15M-26OCT042130-30,0.9970,15.00,no
2026-10-05T01:28:30.2003Z,KXBTC15M-26OCT042130-30,0.9970,0.01,no
2026-10-05T01:28:30.210144Z,KXBTC15M-26OCT042130-30,0.9970,36.37,no
2026-10-05T01:28:30.215279Z,KXBTC15M-26OCT042130-30,0.9970,500.80,no
2026-10-05T01:28:30.215279Z,KXBTC15M-26OCT042130-30,0.9970,10.00,no
2026-10-05T01:28:30.215279Z,KXBTC15M-26OCT042130-30,0.9970,1016.00,no
2026-10-05T01:28:30.237726Z,KXBTC15M-26OCT042130-30,0.9970,391.47,no
2026-10-05T01:28:30.280947Z,KXBTC15M-26OCT042130-30,0.9970,2961.04,no
2026-10-05T01:28:30.280947Z,KXBTC15M-26OCT042130-30,0.9970,92.53,no
2026-10-05T01:28:30.311081Z,KXBTC15M-26OCT042130-30,0.9970,305.35,no
2026-10-05T01:28:30.362241Z,KXBTC15M-26OCT042130-30,0.9980,500.96,yes
2026-10-05T01:28:30.362241Z,KXBTC15M-26OCT042130-30,0.9980,499.04,yes
2026-10-05T01:28:30.388338Z,KXBTC15M-26OCT042130-30,0.9970,305.35,no
2026-10-05T01:28:30.401744Z,KXBTC15M-26OCT042130-30,0.9970,1526.80,no
2026-10-05T01:28:30.506634Z,KXBTC15M-26OCT042130-30,0.9970,210.00,no
2026-10-05T01:28:30.506951Z,KXBTC15M-26OCT042130-30,0.9980,0.11,yes
2026-10-05T01:28:30.535719Z,KXBTC15M-26OCT042130-30,0.9970,882.48,no
2026-10-05T01:28:30.546386Z,KXBTC15M-26OCT042130-30,0.9980,30.00,yes
2026-10-05T01:28:30.583304Z,KXBTC15M-26OCT042130-30,0.9970,56.35,no
2026-10-05T01:28:30.641762Z,KXBTC15M-26OCT042130-30,0.9970,21.39,no
2026-10-05T01:28:30.663824Z,KXBTC15M-26OCT042130-30,0.9970,1111.00,no
2026-10-05T01:28:30.748392Z,KXBTC15M-26OCT042130-30,0.9970,305.35,no
2026-10-05T01:28:30.761587Z,KXBTC15M-26OCT042130-30,0.9970,3053.57,no
2026-10-05T01:28:30.798254Z,KXBTC15M-26OCT042130-30,0.9970,265.66,no
2026-10-05T01:28:30.81388Z,KXBTC15M-26OCT042130-30,0.9970,113.75,no
2026-10-05T01:28:30.881784Z,KXBTC15M-26OCT042130-30,0.9980,565.00,yes
2026-10-05T01:28:30.939153Z,KXBTC15M-26OCT042130-30,0.9970,3.06,no
2026-10-05T01:28:31.007181Z,KXBTC15M-26OCT042130-30,0.9970,305.35,no
2026-10-05T01:28:31.024796Z,KXBTC15M-26OCT042130-30,0.9970,49.30,no
2026-10-05T01:28:31.033226Z,KXBTC15M-26OCT042130-30,0.9970,44.04,no
2026-10-05T01:28:31.08574Z,KXBTC15M-26OCT042130-30,0.9970,452.10,no
2026-10-05T01:28:31.092521Z,KXBTC15M-26OCT042130-30,0.9970,1526.80,no
2026-10-05T01:28:31.097604Z,KXBTC15M-26OCT042130-30,0.9970,1526.80,no
2026-10-05T01:28:31.104979Z,KXBTC15M-26OCT042130-30,0.9970,4000.00,no
2026-10-05T01:28:31.123497Z,KXBTC15M-26OCT042130-30,0.9980,823.37,yes
2026-10-05T01:28:31.150211Z,KXBTC15M-26OCT042130-30,0.9980,119.00,yes
2026-10-05T01:28:31.204457Z,KXBTC15M-26OCT042130-30,0.9980,41.25,yes
2026-10-05T01:28:31.31315Z,KXBTC15M-26OCT042130-30,0.9970,1.00,no
2026-10-05T01:28:31.31315Z,KXBTC15M-26OCT042130-30,0.9970,540.00,no
2026-10-05T01:28:31.31315Z,KXBTC15M-26OCT042130-30,0.9970,471.78,no
2026-10-05T01:28:31.31315Z,KXBTC15M-26OCT042130-30,0.9970,1892.79,no
2026-10-05T01:28:31.31315Z,KXBTC15M-26OCT042130-30,0.9970,148.00,no
2026-10-05T01:28:31.368944Z,KXBTC15M-26OCT042130-30,0.9980,278.14,yes
2026-10-05T01:28:31.380076Z,KXBTC15M-26OCT042130-30,0.9980,10.02,yes
2026-10-05T01:28:31.419459Z,KXBTC15M-26OCT042130-30,0.9980,697.01,yes
2026-10-05T01:28:31.430765Z,KXBTC15M-26OCT042130-30,0.9970,1.30,no
2026-10-05T01:28:31.494378Z,KXBTC15M-26OCT042130-30,0.9980,969.01,yes
2026-10-05T01:28:31.498982Z,KXBTC15M-26OCT042130-30,0.9980,416.54,yes
2026-10-05T01:28:31.502086Z,KXBTC15M-26OCT042130-30,0.9980,53.00,yes
2026-10-05T01:28:31.505844Z,KXBTC15M-26OCT042130-30,0.9980,32.27,yes
2026-10-05T01:28:31.543502Z,KXBTC15M-26OCT042130-30,0.9980,13.83,yes
2026-10-05T01:28:31.562482Z,KXBTC15M-26OCT042130-30,0.9980,29.43,yes
2026-10-05T01:28:31.633018Z,KXBTC15M-26OCT042130-30,0.9970,50.00,no
2026-10-05T01:28:31.65688Z,KXBTC15M-26OCT042130-30,0.9980,1.00,yes
2026-10-05T01:28:31.672195Z,KXBTC15M-26OCT042130-30,0.9970,751.71,no
2026-10-05T01:28:31.672195Z,KXBTC15M-26OCT042130-30,0.9970,365.27,no
2026-10-05T01:28:31.672195Z,KXBTC15M-26OCT042130-30,0.9970,0.01,no
2026-10-05T01:28:31.672195Z,KXBTC15M-26OCT042130-30,0.9970,3.64,no
2026-10-05T01:28:31.672195Z,KXBTC15M-26OCT042130-30,0.9970,0.01,no
2026-10-05T01:28:31.672195Z,KXBTC15M-26OCT042130-30,0.9970,499.04,no
2026-10-05T01:28:31.672195Z,KXBTC15M-26OCT042130-30,0.9970,565.00,no
2026-10-05T01:28:31.672195Z,KXBTC15M-26OCT042130-30,0.9970,30.00,no
2026-10-05T01:28:31.672195Z,KXBTC15M-26OCT042130-30,0.9970,0.11,no
2026-10-05T01:28:31.672195Z,KXBTC15M-26OCT042130-30,0.9970,15.00,no
2026-10-05T01:28:31.672195Z,KXBTC15M-26OCT042130-30,0.9970,500.96,no
2026-10-05T01:28:31.736647Z,KXBTC15M-26OCT042130-30,0.9970,1.76,no
2026-10-05T01:28:31.785591Z,KXBTC15M-26OCT042130-30,0.9970,74.79,no
2026-10-05T01:28:31.835707Z,KXBTC15M-26OCT042130-30,0.9980,81.98,yes
2026-10-05T01:28:31.863268Z,KXBTC15M-26OCT042130-30,0.9980,17.94,yes
2026-10-05T01:28:31.946208Z,KXBTC15M-26OCT042130-30,0.9970,167.96,no
2026-10-05T01:28:31.957787Z,KXBTC15M-26OCT042130-30,0.9980,1.00,yes
2026-10-05T01:28:31.963585Z,KXBTC15M-26OCT042130-30,0.9970,61.60,no
2026-10-05T01:28:31.998927Z,KXBTC15M-26OCT042130-30,0.9970,151.99,no
2026-10-05T01:28:31.998927Z,KXBTC15M-26OCT042130-30,0.9970,119.00,no
2026-10-05T01:28:31.998927Z,KXBTC15M-26OCT042130-30,0.9970,34.36,no
2026-10-05T01:28:32.061913Z,KXBTC15M-26OCT042130-30,0.9980,1.00,yes
2026-10-05T01:28:32.067274Z,KXBTC15M-26OCT042130-30,0.9970,305.35,no
2026-10-05T01:28:32.134235Z,KXBTC15M-26OCT042130-30,0.9980,21.18,yes
2026-10-05T01:28:32.158836Z,KXBTC15M-26OCT042130-30,0.9980,1.00,yes
2026-10-05T01:28:32.185634Z,KXBTC15M-26OCT042130-30,0.9980,0.02,yes
2026-10-05T01:28:32.185653Z,KXBTC15M-26OCT042130-30,0.9980,0.02,yes
2026-10-05T01:28:32.233837Z,KXBTC15M-26OCT042130-30,0.9980,1.00,yes
2026-10-05T01:28:32.242842Z,KXBTC15M-26OCT042130-30,0.9980,301.80,yes
2026-10-05T01:28:32.262664Z,KXBTC15M-26OCT042130-30,0.9970,180.30,no
2026-10-05T01:28:32.28862Z,KXBTC15M-26OCT042130-30,0.9970,259.56,no
2026-10-05T01:28:32.293109Z,KXBTC15M-26OCT042130-30,0.9980,0.02,yes
2026-10-05T01:28:32.293865Z,KXBTC15M-26OCT042130-30,0.9980,0.02,yes
2026-10-05T01:28:32.339505Z,KXBTC15M-26OCT042130-30,0.9980,1.00,yes
2026-10-05T01:28:32.539679Z,KXBTC15M-26OCT042130-30,0.9970,6.23,no
2026-10-05T01:28:32.608006Z,KXBTC15M-26OCT042130-30,0.9980,0.02,yes
2026-10-05T01:28:32.610268Z,KXBTC15M-26OCT042130-30,0.9970,278.14,no
2026-10-05T01:28:32.610268Z,KXBTC15M-26OCT042130-30,0.9970,969.01,no
2026-10-05T01:28:32.610268Z,KXBTC15M-26OCT042130-30,0.9970,416.54,no
2026-10-05T01:28:32.610268Z,KXBTC15M-26OCT042130-30,0.9970,71.20,no
2026-10-05T01:28:32.610268Z,KXBTC15M-26OCT042130-30,0.9970,29.86,no
2026-10-05T01:28:32.610268Z,KXBTC15M-26OCT042130-30,0.9970,41.25,no
2026-10-05T01:28:32.610268Z,KXBTC15M-26OCT042130-30,0.9970,10.02,no
2026-10-05T01:28:32.610268Z,KXBTC15M-26OCT042130-30,0.9970,1.00,no
2026-10-05T01:28:32.610268Z,KXBTC15M-26OCT042130-30,0.9970,697.01,no
2026-10-05T01:28:32.621867Z,KXBTC15M-26OCT042130-30,0.9980,0.02,yes
2026-10-05T01:28:32.764659Z,KXBTC15M-26OCT042130-30,0.9970,0.02,no
2026-10-05T01:28:32.764659Z,KXBTC15M-26OCT042130-30,0.9970,1.00,no
2026-10-05T01:28:32.764659Z,KXBTC15M-26OCT042130-30,0.9970,21.18,no
2026-10-05T01:28:32.764659Z,KXBTC15M-26OCT042130-30,0.9970,0.02,no
2026-10-05T01:28:32.764659Z,KXBTC15M-26OCT042130-30,0.9970,1.00,no
2026-10-05T01:28:32.764659Z,KXBTC15M-26OCT042130-30,0.9970,65.54,no
2026-10-05T01:28:32.764659Z,KXBTC15M-26OCT042130-30,0.9970,1.00,no
2026-10-05T01:28:32.764659Z,KXBTC15M-26OCT042130-30,0.9970,13.83,no
2026-10-05T01:28:32.764659Z,KXBTC15M-26OCT042130-30,0.9970,29.43,no
2026-10-05T01:28:32.764659Z,KXBTC15M-26OCT042130-30,0.9970,81.98,no
2026-10-05T01:28:32.764659Z,KXBTC15M-26OCT042130-30,0.9970,32.27,no
2026-10-05T01:28:32.764659Z,KXBTC15M-26OCT042130-30,0.9970,1.00,no
2026-10-05T01:28:32.764659Z,KXBTC15M-26OCT042130-30,0.9970,17.94,no
2026-10-05T01:28:32.764659Z,KXBTC15M-26OCT042130-30,0.9970,15.00,no
2026-10-05T01:28:32.764659Z,KXBTC15M-26OCT042130-30,0.9970,23.14,no
2026-10-05T01:28:32.764659Z,KXBTC15M-26OCT042130-30,0.9970,1.00,no
2026-10-05T01:28:32.818324Z,KXBTC15M-26OCT042130-30,0.9970,0.02,no
2026-10-05T01:28:32.818719Z,KXBTC15M-26OCT042130-30,0.9970,0.02,no
2026-10-05T01:28:32.821823Z,KXBTC15M-26OCT042130-30,0.9970,0.02,no
2026-10-05T01:28:32.939812Z,KXBTC15M-26OCT042130-30,0.9970,86.63,no
2026-10-05T01:28:32.948705Z,KXBTC15M-26OCT042130-30,0.9980,0.28,yes
2026-10-05T01:28:32.966286Z,KXBTC15M-26OCT042130-30,0.9960,10.00,no
2026-10-05T01:28:32.966286Z,KXBTC15M-26OCT042130-30,0.9970,0.02,no
2026-10-05T01:28:32.966286Z,KXBTC15M-26OCT042130-30,0.9970,0.02,no
2026-10-05T01:28:32.966286Z,KXBTC15M-26OCT042130-30,0.9970,0.28,no
2026-10-05T01:28:32.966286Z,KXBTC15M-26OCT042130-30,0.9970,0.02,no
2026-10-05T01:28:32.966286Z,KXBTC15M-26OCT042130-30,0.9970,1.00,no
2026-10-05T01:28:32.966286Z,KXBTC15M-26OCT042130-30,0.9970,15.00,no
2026-10-05T01:28:32.966286Z,KXBTC15M-26OCT042130-30,0.9970,149.57,no
2026-10-05T01:28:32.966286Z,KXBTC15M-26OCT042130-30,0.9970,0.02,no
2026-10-05T01:28:32.966286Z,KXBTC15M-26OCT042130-30,0.9960,253.00,no
2026-10-05T01:28:32.966286Z,KXBTC15M-26OCT042130-30,0.9950,1.00,no
2026-10-05T01:28:32.966286Z,KXBTC15M-26OCT042130-30,0.9950,10.00,no
2026-10-05T01:28:32.966286Z,KXBTC15M-26OCT042130-30,0.9960,1.00,no
2026-10-05T01:28:32.966286Z,KXBTC15M-26OCT042130-30,0.9950,152.00,no
2026-10-05T01:28:32.966286Z,KXBTC15M-26OCT042130-30,0.9950,15.00,no
2026-10-05T01:28:32.966286Z,KXBTC15M-26OCT042130-30,0.9940,37.65,no
2026-10-05T01:28:32.992996Z,KXBTC15M-26OCT042130-30,0.9970,5.98,yes
2026-10-05T01:28:32.992996Z,KXBTC15M-26OCT042130-30,0.9950,0.01,yes
2026-10-05T01:28:32.992996Z,KXBTC15M-26OCT042130-30,0.9950,0.01,yes
2026-10-05T01:28:32.992996Z,KXBTC15M-26OCT042130-30,0.9970,16.00,yes
2026-10-05T01:28:33.098462Z,KXBTC15M-26OCT042130-30,0.9970,16.00,yes
2026-10-05T01:28:33.098462Z,KXBTC15M-26OCT042130-30,0.9970,9.02,yes
2026-10-05T01:28:33.098462Z,KXBTC15M-26OCT042130-30,0.9950,0.01,yes
2026-10-05T01:28:33.098462Z,KXBTC15M-26OCT042130-30,0.9950,0.01,yes
2026-10-05T01:28:33.098462Z,KXBTC15M-26OCT042130-30,0.9970,0.01,yes
2026-10-05T01:28:33.098462Z,KXBTC15M-26OCT042130-30,0.9980,163.30,yes
2026-10-05T01:28:33.10747Z,KXBTC15M-26OCT042130-30,0.9970,0.01,yes
2026-10-05T01:28:33.10747Z,KXBTC15M-26OCT042130-30,0.9950,0.01,yes
2026-10-05T01:28:33.10747Z,KXBTC15M-26OCT042130-30,0.9970,16.00,yes
2026-10-05T01:28:33.196589Z,KXBTC15M-26OCT042130-30,0.9970,0.01,no
2026-10-05T01:28:33.196589Z,KXBTC15M-26OCT042130-30,0.9970,0.01,no
2026-10-05T01:28:33.196589Z,KXBTC15M-26OCT042130-30,0.9950,200.00,no
2026-10-05T01:28:33.196589Z,KXBTC15M-26OCT042130-30,0.9950,10.00,no
2026-10-05T01:28:33.196589Z,KXBTC15M-26OCT042130-30,0.9950,132.00,no
2026-10-05T01:28:33.196589Z,KXBTC15M-26OCT042130-30,0.9950,19.00,no
2026-10-05T01:28:33.196589Z,KXBTC15M-26OCT042130-30,0.9970,147.28,no
2026-10-05T01:28:33.196589Z,KXBTC15M-26OCT042130-30,0.9940,134.70,no
2026-10-05T01:28:33.214684Z,KXBTC15M-26OCT042130-30,0.9980,1767.41,yes
2026-10-05T01:28:33.394871Z,KXBTC15M-26OCT042130-30,0.9980,0.02,yes
2026-10-05T01:28:33.441305Z,KXBTC15M-26OCT042130-30,0.9980,163.00,yes
2026-10-05T01:28:33.491783Z,KXBTC15M-26OCT042130-30,0.9970,296.68,no
2026-10-05T01:28:33.491783Z,KXBTC15M-26OCT042130-30,0.9970,0.01,no
2026-10-05T01:28:33.491783Z,KXBTC15M-26OCT042130-30,0.9970,0.01,no
2026-10-05T01:28:33.500057Z,KXBTC15M-26OCT042130-30,0.9970,10.08,no
2026-10-05T01:28:33.523846Z,KXBTC15M-26OCT042130-30,0.9980,59.49,yes
2026-10-05T01:28:33.534704Z,KXBTC15M-26OCT042130-30,0.9970,154.28,no
2026-10-05T01:28:33.668698Z,KXBTC15M-26OCT042130-30,0.9970,17.14,no
2026-10-05T01:28:33.698561Z,KXBTC15M-26OCT042130-30,0.9980,2200.00,yes
2026-10-05T01:28:33.789677Z,KXBTC15M-26OCT042130-30,0.9970,53.84,no
2026-10-05T01:28:33.838493Z,KXBTC15M-26OCT042130-30,0.9970,155.79,no
2026-10-05T01:28:33.927849Z,KXBTC15M-26OCT042130-30,0.9970,1079.60,no
2026-10-05T01:28:33.927849Z,KXBTC15M-26OCT042130-30,0.9970,163.00,no
2026-10-05T01:28:33.927849Z,KXBTC15M-26OCT042130-30,0.9970,224.67,no
2026-10-05T01:28:33.927849Z,KXBTC15M-26OCT042130-30,0.9970,0.01,no
2026-10-05T01:28:33.927849Z,KXBTC15M-26OCT042130-30,0.9970,59.49,no
2026-10-05T01:28:33.927849Z,KXBTC15M-26OCT042130-30,0.9970,0.02,no
2026-10-05T01:28:33.927849Z,KXBTC15M-26OCT042130-30,0.9970,0.01,no
2026-10-05T01:28:34.14679Z,KXBTC15M-26OCT042130-30,0.9970,0.02,no
2026-10-05T01:28:34.197211Z,KXBTC15M-26OCT042130-30,0.9980,7.03,yes
2026-10-05T01:28:34.199721Z,KXBTC15M-26OCT042130-30,0.9970,0.55,no
2026-10-05T01:28:34.212335Z,KXBTC15M-26OCT042130-30,0.9980,0.02,yes
2026-10-05T01:28:34.213502Z,KXBTC15M-26OCT042130-30,0.9980,0.02,yes
2026-10-05T01:28:34.216671Z,KXBTC15M-26OCT042130-30,0.9980,0.02,yes
2026-10-05T01:28:34.217478Z,KXBTC15M-26OCT042130-30,0.9980,0.02,yes
2026-10-05T01:28:34.220066Z,KXBTC15M-26OCT042130-30,0.9980,0.02,yes
2026-10-05T01:28:34.321772Z,KXBTC15M-26OCT042130-30,0.9980,75.13,yes
2026-10-05T01:28:34.324878Z,KXBTC15M-26OCT042130-30,0.9980,0.01,yes
2026-10-05T01:28:34.333126Z,KXBTC15M-26OCT042130-30,0.9980,15.13,yes
2026-10-05T01:28:34.358236Z,KXBTC15M-26OCT042130-30,0.9970,0.02,no
2026-10-05T01:28:34.407015Z,KXBTC15M-26OCT042130-30,0.9970,59.83,no
2026-10-05T01:28:34.441233Z,KXBTC15M-26OCT042130-30,0.9980,21.54,yes
2026-10-05T01:28:34.460811Z,KXBTC15M-26OCT042130-30,0.9970,305.35,no
2026-10-05T01:28:34.543792Z,KXBTC15M-26OCT042130-30,0.9980,5.00,yes
2026-10-05T01:28:34.551767Z,KXBTC15M-26OCT042130-30,0.9970,305.35,no
2026-10-05T01:28:34.631421Z,KXBTC15M-26OCT042130-30,0.9980,400.00,yes
2026-10-05T01:28:34.645548Z,KXBTC15M-26OCT042130-30,0.9970,10.22,no
2026-10-05T01:28:34.656435Z,KXBTC15M-26OCT042130-30,0.9970,265.97,no
2026-10-05T01:28:34.726506Z,KXBTC15M-26OCT042130-30,0.9980,6.01,yes
2026-10-05T01:28:34.754947Z,KXBTC15M-26OCT042130-30,0.9970,700.00,no
2026-10-05T01:28:34.773026Z,KXBTC15M-26OCT042130-30,0.9970,14.97,no
2026-10-05T01:28:34.910158Z,KXBTC15M-26OCT042130-30,0.9980,5009.31,yes
2026-10-05T01:28:35.06082Z,KXBTC15M-26OCT042130-30,0.9970,0.02,no
2026-10-05T01:28:35.06082Z,KXBTC15M-26OCT042130-30,0.9970,15.13,no
2026-10-05T01:28:35.06082Z,KXBTC15M-26OCT042130-30,0.9970,400.00,no
2026-10-05T01:28:35.06082Z,KXBTC15M-26OCT042130-30,0.9970,709.32,no
2026-10-05T01:28:35.06082Z,KXBTC15M-26OCT042130-30,0.9970,0.02,no
2026-10-05T01:28:35.06082Z,KXBTC15M-26OCT042130-30,0.9970,0.02,no
2026-10-05T01:28:35.06082Z,KXBTC15M-26OCT042130-30,0.9970,5.00,no
2026-10-05T01:28:35.06082Z,KXBTC15M-26OCT042130-30,0.9970,6.01,no
2026-10-05T01:28:35.06082Z,KXBTC15M-26OCT042130-30,0.9970,21.54,no
2026-10-05T01:28:35.06082Z,KXBTC15M-26OCT042130-30,0.9970,0.02,no
2026-10-05T01:28:35.06082Z,KXBTC15M-26OCT042130-30,0.9970,75.13,no
2026-10-05T01:28:35.06082Z,KXBTC15M-26OCT042130-30,0.9970,0.02,no
2026-10-05T01:28:35.06082Z,KXBTC15M-26OCT042130-30,0.9970,7.03,no
2026-10-05T01:28:35.06082Z,KXBTC15M-26OCT042130-30,0.9970,0.01,no
2026-10-05T01:28:35.06082Z,KXBTC15M-26OCT042130-30,0.9970,313.05,no
2026-10-05T01:28:35.06082Z,KXBTC15M-26OCT042130-30,0.9970,0.01,no
2026-10-05T01:28:35.115846Z,KXBTC15M-26OCT042130-30,0.9980,0.02,yes
2026-10-05T01:28:35.116699Z,KXBTC15M-26OCT042130-30,0.9980,0.02,yes
2026-10-05T01:28:35.230539Z,KXBTC15M-26OCT042130-30,0.9980,10.02,yes
2026-10-05T01:28:35.261761Z,KXBTC15M-26OCT042130-30,0.9980,10.02,yes
2026-10-05T01:28:35.381707Z,KXBTC15M-26OCT042130-30,0.9980,30.00,yes
2026-10-05T01:28:35.402047Z,KXBTC15M-26OCT042130-30,0.9970,305.35,no
2026-10-05T01:28:35.602697Z,KXBTC15M-26OCT042130-30,0.9970,1526.80,no
2026-10-05T01:28:35.641694Z,KXBTC15M-26OCT042130-30,0.9980,2847.89,yes
2026-10-05T01:28:35.70444Z,KXBTC15M-26OCT042130-30,0.9970,3.64,no
2026-10-05T01:28:35.734169Z,KXBTC15M-26OCT042130-30,0.9970,155.79,no
2026-10-05T01:28:35.850413Z,KXBTC15M-26OCT042130-30,0.9970,10.20,no
2026-10-05T01:28:35.853801Z,KXBTC15M-26OCT042130-30,0.9970,81.50,no
2026-10-05T01:28:35.868796Z,KXBTC15M-26OCT042130-30,0.9970,299.12,no
2026-10-05T01:28:35.910564Z,KXBTC15M-26OCT042130-30,0.9980,1384.00,yes
2026-10-05T01:28:35.923071Z,KXBTC15M-26OCT042130-30,0.9970,1526.80,no
2026-10-05T01:28:35.938146Z,KXBTC15M-26OCT042130-30,0.9980,1.00,yes
2026-10-05T01:28:35.998483Z,KXBTC15M-26OCT042130-30,0.9980,70.42,yes
2026-10-05T01:28:36.009706Z,KXBTC15M-26OCT042130-30,0.9980,135.11,yes
2026-10-05T01:28:36.009706Z,KXBTC15M-26OCT042130-30,0.9980,745.89,yes
2026-10-05T01:28:36.050741Z,KXBTC15M-26OCT042130-30,0.9970,390.79,no
2026-10-05T01:28:36.050741Z,KXBTC15M-26OCT042130-30,0.9970,30.00,no
2026-10-05T01:28:36.050741Z,KXBTC15M-26OCT042130-30,0.9970,0.02,no
2026-10-05T01:28:36.050741Z,KXBTC15M-26OCT042130-30,0.9970,10.02,no
2026-10-05T01:28:36.050741Z,KXBTC15M-26OCT042130-30,0.9970,169.85,no
2026-10-05T01:28:36.050741Z,KXBTC15M-26OCT042130-30,0.9970,10.02,no
2026-10-05T01:28:36.050741Z,KXBTC15M-26OCT042130-30,0.9970,0.02,no
2026-10-05T01:28:36.052575Z,KXBTC15M-26OCT042130-30,0.9980,500.93,yes
2026-10-05T01:28:36.150359Z,KXBTC15M-26OCT042130-30,0.9980,0.02,yes
2026-10-05T01:28:36.183958Z,KXBTC15M-26OCT042130-30,0.9980,32.00,yes
2026-10-05T01:28:36.184756Z,KXBTC15M-26OCT042130-30,0.9980,3.06,yes
2026-10-05T01:28:36.200851Z,KXBTC15M-26OCT042130-30,0.9980,1.00,yes
2026-10-05T01:28:36.204758Z,KXBTC15M-26OCT042130-30,0.9980,39.00,yes
2026-10-05T01:28:36.204758Z,KXBTC15M-26OCT042130-30,0.9980,14.20,yes
2026-10-05T01:28:36.204758Z,KXBTC15M-26OCT042130-30,0.9980,500.00,yes
2026-10-05T01:28:36.204758Z,KXBTC15M-26OCT042130-30,0.9980,5.00,yes
2026-10-05T01:28:36.204758Z,KXBTC15M-26OCT042130-30,0.9980,369.39,yes
2026-10-05T01:28:36.204758Z,KXBTC15M-26OCT042130-30,0.9980,26.00,yes
2026-10-05T01:28:36.204758Z,KXBTC15M-26OCT042130-30,0.9980,3.00,yes
2026-10-05T01:28:36.204758Z,KXBTC15M-26OCT042130-30,0.9980,3.00,yes
2026-10-05T01:28:36.204758Z,KXBTC15M-26OCT042130-30,0.9980,3.00,yes
2026-10-05T01:28:36.204758Z,KXBTC15M-26OCT042130-30,0.9980,3.00,yes
2026-10-05T01:28:36.204758Z,KXBTC15M-26OCT042130-30,0.9980,3.00,yes
2026-10-05T01:28:36.204758Z,KXBTC15M-26OCT042130-30,0.9980,1000.00,yes
2026-10-05T01:28:36.204758Z,KXBTC15M-26OCT042130-30,0.9980,1300.00,yes
2026-10-05T01:28:36.204758Z,KXBTC15M-26OCT042130-30,0.9980,327.88,yes
2026-10-05T01:28:36.204758Z,KXBTC15M-26OCT042130-30,0.9980,1000.00,yes
2026-10-05T01:28:36.204758Z,KXBTC15M-26OCT042130-30,0.9980,500.00,yes
2026-10-05T01:28:36.289208Z,KXBTC15M-26OCT042130-30,0.9970,1526.80,no
2026-10-05T01:28:36.32353Z,KXBTC15M-26OCT042130-30,0.9980,80.00,yes
2026-10-05T01:28:36.385652Z,KXBTC15M-26OCT042130-30,0.9980,29.39,yes
2026-10-05T01:28:36.385652Z,KXBTC15M-26OCT042130-30,0.9980,50.61,yes
2026-10-05T01:28:36.500412Z,KXBTC15M-26OCT042130-30,0.9980,80.00,yes
2026-10-05T01:28:36.515166Z,KXBTC15M-26OCT042130-30,0.9980,2.00,yes
2026-10-05T01:28:36.515166Z,KXBTC15M-26OCT042130-30,0.9980,2.00,yes
2026-10-05T01:28:36.515166Z,KXBTC15M-26OCT042130-30,0.9980,40.61,yes
2026-10-05T01:28:36.515166Z,KXBTC15M-26OCT042130-30,0.9980,35.39,yes
2026-10-05T01:28:36.538045Z,KXBTC15M-26OCT042130-30,0.9980,64.61,yes
2026-10-05T01:28:36.538045Z,KXBTC15M-26OCT042130-30,0.9980,15.39,yes
2026-10-05T01:28:36.569726Z,KXBTC15M-26OCT042130-30,0.9970,305.35,no
2026-10-05T01:28:36.569833Z,KXBTC15M-26OCT042130-30,0.9980,80.00,yes
2026-10-05T01:28:36.669521Z,KXBTC15M-26OCT042130-30,0.9980,56.55,yes
2026-10-05T01:28:36.720132Z,KXBTC15M-26OCT042130-30,0.9970,305.35,no
2026-10-05T01:28:36.726653Z,KXBTC15M-26OCT042130-30,0.9970,464.13,no
2026-10-05T01:28:36.726653Z,KXBTC15M-26OCT042130-30,0.9970,540.54,no
2026-10-05T01:28:36.7552Z,KXBTC15M-26OCT042130-30,0.9970,535.51,no
2026-10-05T01:28:36.7552Z,KXBTC15M-26OCT042130-30,0.9970,70.42,no
2026-10-05T01:28:36.7552Z,KXBTC15M-26OCT042130-30,0.9970,1.00,no
2026-10-05T01:28:36.7552Z,KXBTC15M-26OCT042130-30,0.9970,919.87,no
2026-10-05T01:28:36.777658Z,KXBTC15M-26OCT042130-30,0.9980,68.00,yes
2026-10-05T01:28:36.926627Z,KXBTC15M-26OCT042130-30,0.9970,116.88,no
2026-10-05T01:28:36.953934Z,KXBTC15M-26OCT042130-30,0.9970,15.27,no
2026-10-05T01:28:36.983606Z,KXBTC15M-26OCT042130-30,0.9970,18.11,no
2026-10-05T01:28:37.022471Z,KXBTC15M-26OCT042130-30,0.9970,95.67,no
2026-10-05T01:28:37.022471Z,KXBTC15M-26OCT042130-30,0.9970,60.12,no
2026-10-05T01:28:37.039001Z,KXBTC15M-26OCT042130-30,0.9980,537.29,yes
2026-10-05T01:28:37.039001Z,KXBTC15M-26OCT042130-30,0.9980,110.48,yes
2026-10-05T01:28:37.039001Z,KXBTC15M-26OCT042130-30,0.9980,18.23,yes
2026-10-05T01:28:37.142346Z,KXBTC15M-26OCT042130-30,0.9980,4.08,yes
2026-10-05T01:28:37.168807Z,KXBTC15M-26OCT042130-30,0.9970,265.91,no
2026-10-05T01:28:37.168807Z,KXBTC15M-26OCT042130-30,0.9970,39.44,no
2026-10-05T01:28:37.179603Z,KXBTC15M-26OCT042130-30,0.9980,6.01,yes
2026-10-05T01:28:37.249518Z,KXBTC15M-26OCT042130-30,0.9980,54.65,yes
2026-10-05T01:28:37.310157Z,KXBTC15M-26OCT042130-30,0.9970,18.53,no
2026-10-05T01:28:37.31144Z,KXBTC15M-26OCT042130-30,0.9980,1.00,yes
2026-10-05T01:28:37.339179Z,KXBTC15M-26OCT042130-30,0.9970,200.00,no
2026-10-05T01:28:37.35507Z,KXBTC15M-26OCT042130-30,0.9970,16.49,no
2026-10-05T01:28:37.35507Z,KXBTC15M-26OCT042130-30,0.9970,38.47,no
2026-10-05T01:28:37.428622Z,KXBTC15M-26OCT042130-30,0.9970,1000.00,no
2026-10-05T01:28:37.428622Z,KXBTC15M-26OCT042130-30,0.9970,364.41,no
2026-10-05T01:28:37.428622Z,KXBTC15M-26OCT042130-30,0.9970,0.02,no
2026-10-05T01:28:37.428622Z,KXBTC15M-26OCT042130-30,0.9970,32.00,no
2026-10-05T01:28:37.428622Z,KXBTC15M-26OCT042130-30,0.9970,161.53,no
2026-10-05T01:28:37.43363Z,KXBTC15M-26OCT042130-30,0.9970,305.35,no
2026-10-05T01:28:37.467769Z,KXBTC15M-26OCT042130-30,0.9970,305.35,no
2026-10-05T01:28:37.595857Z,KXBTC15M-26OCT042130-30,0.9980,102.10,yes
2026-10-05T01:28:37.723529Z,KXBTC15M-26OCT042130-30,0.9970,277.40,no
2026-10-05T01:28:37.723529Z,KXBTC15M-26OCT042130-30,0.9970,3.06,no
2026-10-05T01:28:37.723529Z,KXBTC15M-26OCT042130-30,0.9970,24.89,no
2026-10-05T01:28:37.728548Z,KXBTC15M-26OCT042130-30,0.9980,243.59,yes
2026-10-05T01:28:37.729713Z,KXBTC15M-26OCT042130-30,0.9970,82.75,no
2026-10-05T01:28:37.729713Z,KXBTC15M-26OCT042130-30,0.9970,222.60,no
2026-10-05T01:28:37.898804Z,KXBTC15M-26OCT042130-30,0.9970,155.79,no
2026-10-05T01:28:38.048926Z,KXBTC15M-26OCT042130-30,0.9980,1.00,yes
2026-10-05T01:28:38.063565Z,KXBTC15M-26OCT042130-30,0.9980,4.18,yes
2026-10-05T01:28:38.172749Z,KXBTC15M-26OCT042130-30,0.9970,42.89,no
2026-10-05T01:28:38.172749Z,KXBTC15M-26OCT042130-30,0.9970,1.00,no
2026-10-05T01:28:38.172749Z,KXBTC15M-26OCT042130-30,0.9970,261.46,no
2026-10-05T01:28:38.492611Z,KXBTC15M-26OCT042130-30,0.9980,166.03,yes
2026-10-05T01:28:38.573749Z,KXBTC15M-26OCT042130-30,0.9980,188.76,yes
2026-10-05T01:28:38.579752Z,KXBTC15M-26OCT042130-30,0.9970,284.99,no
2026-10-05T01:28:38.579752Z,KXBTC15M-26OCT042130-30,0.9970,20.36,no
2026-10-05T01:28:38.649561Z,KXBTC15M-26OCT042130-30,0.9980,0.02,yes
2026-10-05T01:28:38.670479Z,KXBTC15M-26OCT042130-30,0.9980,113.29,yes
2026-10-05T01:28:38.681094Z,KXBTC15M-26OCT042130-30,0.9980,20.49,yes
2026-10-05T01:28:38.783552Z,KXBTC15M-26OCT042130-30,0.9970,11.06,no
2026-10-05T01:28:38.83616Z,KXBTC15M-26OCT042130-30,0.9980,450.83,yes
2026-10-05T01:28:38.852416Z,KXBTC15M-26OCT042130-30,0.9970,3.06,no
2026-10-05T01:28:38.911877Z,KXBTC15M-26OCT042130-30,0.9970,3.01,no
2026-10-05T01:28:39.019508Z,KXBTC15M-26OCT042130-30,0.9950,76.82,no
2026-10-05T01:28:39.019508Z,KXBTC15M-26OCT042130-30,0.9950,15.00,no
2026-10-05T01:28:39.019508Z,KXBTC15M-26OCT042130-30,0.9970,462.51,no
2026-10-05T01:28:39.045233Z,KXBTC15M-26OCT042130-30,0.9960,1.22,no
2026-10-05T01:28:39.109353Z,KXBTC15M-26OCT042130-30,0.9970,0.02,yes
2026-10-05T01:28:39.168547Z,KXBTC15M-26OCT042130-30,0.9970,10.01,yes
2026-10-05T01:28:39.254854Z,KXBTC15M-26OCT042130-30,0.9970,106.99,yes
2026-10-05T01:28:39.261439Z,KXBTC15M-26OCT042130-30,0.9970,10.03,yes
2026-10-05T01:28:39.270363Z,KXBTC15M-26OCT042130-30,0.9970,16.00,yes
2026-10-05T01:28:39.270363Z,KXBTC15M-26OCT042130-30,0.9970,0.01,yes
2026-10-05T01:28:39.270363Z,KXBTC15M-26OCT042130-30,0.9970,200.00,yes
2026-10-05T01:28:39.270363Z,KXBTC15M-26OCT042130-30,0.9970,703.80,yes
2026-10-05T01:28:39.270363Z,KXBTC15M-26OCT042130-30,0.9970,0.01,yes
2026-10-05T01:28:39.270363Z,KXBTC15M-26OCT042130-30,0.9970,15.00,yes
2026-10-05T01:28:39.270363Z,KXBTC15M-26OCT042130-30,0.9970,489.97,yes
2026-10-05T01:28:39.270363Z,KXBTC15M-26OCT042130-30,0.9970,500.00,yes
2026-10-05T01:28:39.290023Z,KXBTC15M-26OCT042130-30,0.9970,10.03,yes
2026-10-05T01:28:39.331161Z,KXBTC15M-26OCT042130-30,0.9980,8.98,yes
2026-10-05T01:28:39.331161Z,KXBTC15M-26OCT042130-30,0.9970,0.01,yes
2026-10-05T01:28:39.331161Z,KXBTC15M-26OCT042130-30,0.9970,0.01,yes
2026-10-05T01:28:39.331161Z,KXBTC15M-26OCT042130-30,0.9970,16.00,yes
2026-10-05T01:28:39.393573Z,KXBTC15M-26OCT042130-30,0.9980,110.58,yes
2026-10-05T01:28:39.393573Z,KXBTC15M-26OCT042130-30,0.9970,16.00,yes
2026-10-05T01:28:39.393573Z,KXBTC15M-26OCT042130-30,0.9970,0.01,yes
2026-10-05T01:28:39.393573Z,KXBTC15M-26OCT042130-30,0.9970,0.01,yes
2026-10-05T01:28:39.417805Z,KXBTC15M-26OCT042130-30,0.9980,14.76,yes
2026-10-05T01:28:39.565114Z,KXBTC15M-26OCT042130-30,0.9950,187.18,no
2026-10-05T01:28:39.565114Z,KXBTC15M-26OCT042130-30,0.9960,0.01,no
2026-10-05T01:28:39.565114Z,KXBTC15M-26OCT042130-30,0.9960,0.01,no
2026-10-05T01:28:39.565114Z,KXBTC15M-26OCT042130-30,0.9960,10.03,no
2026-10-05T01:28:39.565114Z,KXBTC15M-26OCT042130-30,0.9960,13.78,no
2026-10-05T01:28:39.565114Z,KXBTC15M-26OCT042130-30,0.9950,164.86,no
2026-10-05T01:28:39.668317Z,KXBTC15M-26OCT042130-30,0.9970,0.01,yes
2026-10-05T01:28:39.668317Z,KXBTC15M-26OCT042130-30,0.9970,15.00,yes
2026-10-05T01:28:39.668317Z,KXBTC15M-26OCT042130-30,0.9970,0.01,yes
2026-10-05T01:28:39.669142Z,KXBTC15M-26OCT042130-30,0.9970,0.45,yes
2026-10-05T01:28:39.960258Z,KXBTC15M-26OCT042130-30,0.9960,0.01,no
2026-10-05T01:28:39.960258Z,KXBTC15M-26OCT042130-30,0.9960,0.01,no
2026-10-05T01:28:39.960258Z,KXBTC15M-26OCT042130-30,0.9960,96.74,no
2026-10-05T01:28:40.209462Z,KXBTC15M-26OCT042130-30,0.9960,41.25,no
2026-10-05T01:28:40.216639Z,KXBTC15M-26OCT042130-30,0.9970,0.01,yes
2026-10-05T01:28:40.216639Z,KXBTC15M-26OCT042130-30,0.9970,0.01,yes
2026-10-05T01:28:40.216639Z,KXBTC15M-26OCT042130-30,0.9970,16.00,yes
2026-10-05T01:28:40.216639Z,KXBTC15M-26OCT042130-30,0.9980,183.98,yes
2026-10-05T01:28:40.303646Z,KXBTC15M-26OCT042130-30,0.9970,15.64,yes
2026-10-05T01:28:40.303646Z,KXBTC15M-26OCT042130-30,0.9970,0.01,yes
2026-10-05T01:28:40.320325Z,KXBTC15M-26OCT042130-30,0.9960,229.04,no
2026-10-05T01:28:40.392834Z,KXBTC15M-26OCT042130-30,0.9970,0.01,yes
2026-10-05T01:28:40.392834Z,KXBTC15M-26OCT042130-30,0.9970,0.01,yes
2026-10-05T01:28:40.392834Z,KXBTC15M-26OCT042130-30,0.9970,15.64,yes
2026-10-05T01:28:40.392834Z,KXBTC15M-26OCT042130-30,0.9970,0.36,yes
2026-10-05T01:28:40.392834Z,KXBTC15M-26OCT042130-30,0.9980,22.98,yes
2026-10-05T01:28:40.552818Z,KXBTC15M-26OCT042130-30,0.9960,61.84,no
2026-10-05T01:28:40.835745Z,KXBTC15M-26OCT042130-30,0.9970,0.01,yes
2026-10-05T01:28:40.835745Z,KXBTC15M-26OCT042130-30,0.9970,16.00,yes
2026-10-05T01:28:40.835745Z,KXBTC15M-26OCT042130-30,0.9970,0.01,yes
2026-10-05T01:28:40.835745Z,KXBTC15M-26OCT042130-30,0.9970,1.00,yes
2026-10-05T01:28:40.835745Z,KXBTC15M-26OCT042130-30,0.9980,483.92,yes
2026-10-05T01:28:40.887697Z,KXBTC15M-26OCT042130-30,0.9980,750.00,yes
2026-10-05T01:28:40.928555Z,KXBTC15M-26OCT042130-30,0.9980,20.00,yes
2026-10-05T01:28:41.00423Z,KXBTC15M-26OCT042130-30,0.9970,0.01,no
2026-10-05T01:28:41.00423Z,KXBTC15M-26OCT042130-30,0.9970,15.00,no
2026-10-05T01:28:41.00423Z,KXBTC15M-26OCT042130-30,0.9970,0.01,no
2026-10-05T01:28:41.00423Z,KXBTC15M-26OCT042130-30,0.9970,8.35,no
2026-10-05T01:28:41.017418Z,KXBTC15M-26OCT042130-30,0.9980,0.02,yes
2026-10-05T01:28:41.039385Z,KXBTC15M-26OCT042130-30,0.9980,0.02,yes
2026-10-05T01:28:41.043016Z,KXBTC15M-26OCT042130-30,0.9960,23.00,no
2026-10-05T01:28:41.043016Z,KXBTC15M-26OCT042130-30,0.9970,200.00,no
2026-10-05T01:28:41.043016Z,KXBTC15M-26OCT042130-30,0.9970,305.89,no
2026-10-05T01:28:41.043016Z,KXBTC15M-26OCT042130-30,0.9970,0.01,no
2026-10-05T01:28:41.043016Z,KXBTC15M-26OCT042130-30,0.9970,0.01,no
2026-10-05T01:28:41.043016Z,KXBTC15M-26OCT042130-30,0.9970,266.58,no
2026-10-05T01:28:41.043016Z,KXBTC15M-26OCT042130-30,0.9960,1.00,no
2026-10-05T01:28:41.043016Z,KXBTC15M-26OCT042130-30,0.9950,333.46,no
2026-10-05T01:28:41.043016Z,KXBTC15M-26OCT042130-30,0.9960,38.59,no
2026-10-05T01:28:41.06167Z,KXBTC15M-26OCT042130-30,0.9970,0.01,no
2026-10-05T01:28:41.06167Z,KXBTC15M-26OCT042130-30,0.9970,57.25,no
2026-10-05T01:28:41.06167Z,KXBTC15M-26OCT042130-30,0.9970,0.01,no
2026-10-05T01:28:41.10591Z,KXBTC15M-26OCT042130-30,0.9970,40.06,no
2026-10-05T01:28:41.10591Z,KXBTC15M-26OCT042130-30,0.9970,0.01,no
2026-10-05T01:28:41.108372Z,KXBTC15M-26OCT042130-30,0.9970,0.02,no
2026-10-05T01:28:41.11717Z,KXBTC15M-26OCT042130-30,0.9980,1.00,yes
2026-10-05T01:28:41.404402Z,KXBTC15M-26OCT042130-30,0.9970,0.01,no
2026-10-05T01:28:41.404402Z,KXBTC15M-26OCT042130-30,0.9970,0.01,no
2026-10-05T01:28:41.418058Z,KXBTC15M-26OCT042130-30,0.9970,0.01,no
2026-10-05T01:28:41.418058Z,KXBTC15M-26OCT042130-30,0.9950,0.01,no
2026-10-05T01:28:41.479729Z,KXBTC15M-26OCT042130-30,0.9950,50.00,no
2026-10-05T01:28:41.529297Z,KXBTC15M-26OCT042130-30,0.9950,0.01,no
2026-10-05T01:28:41.552959Z,KXBTC15M-26OCT042130-30,0.9980,2.00,yes
2026-10-05T01:28:41.55665Z,KXBTC15M-26OCT042130-30,0.9980,100.00,yes
2026-10-05T01:28:41.643399Z,KXBTC15M-26OCT042130-30,0.9950,250.00,no
2026-10-05T01:28:41.709063Z,KXBTC15M-26OCT042130-30,0.9950,26.19,no
2026-10-05T01:28:41.76407Z,KXBTC15M-26OCT042130-30,0.9950,250.00,no
2026-10-05T01:28:41.955084Z,KXBTC15M-26OCT042130-30,0.9980,0.39,yes
2026-10-05T01:28:41.966251Z,KXBTC15M-26OCT042130-30,0.9980,912.79,yes
2026-10-05T01:28:41.983635Z,KXBTC15M-26OCT042130-30,0.9950,35.55,no
2026-10-05T01:28:41.997317Z,KXBTC15M-26OCT042130-30,0.9980,2.00,yes
2026-10-05T01:28:42.028088Z,KXBTC15M-26OCT042130-30,0.9980,24.65,yes
2026-10-05T01:28:42.091445Z,KXBTC15M-26OCT042130-30,0.9980,30.61,yes
2026-10-05T01:28:42.091445Z,KXBTC15M-26OCT042130-30,0.9980,12.83,yes
2026-10-05T01:28:42.091445Z,KXBTC15M-26OCT042130-30,0.9980,15.00,yes
2026-10-05T01:28:42.108768Z,KXBTC15M-26OCT042130-30,0.9980,0.02,yes
2026-10-05T01:28:42.116132Z,KXBTC15M-26OCT042130-30,0.9950,1.97,no
2026-10-05T01:28:42.24774Z,KXBTC15M-26OCT042130-30,0.9980,7.83,yes
2026-10-05T01:28:42.24774Z,KXBTC15M-26OCT042130-30,0.9980,2.15,yes
2026-10-05T01:28:42.353261Z,KXBTC15M-26OCT042130-30,0.9980,7.17,yes
2026-10-05T01:28:42.353261Z,KXBTC15M-26OCT042130-30,0.9980,6.07,yes
2026-10-05T01:28:42.474419Z,KXBTC15M-26OCT042130-30,0.9980,1110.08,yes
2026-10-05T01:28:42.474419Z,KXBTC15M-26OCT042130-30,0.9980,500.00,yes
2026-10-05T01:28:42.474419Z,KXBTC15M-26OCT042130-30,0.9980,150.00,yes
2026-10-05T01:28:42.474419Z,KXBTC15M-26OCT042130-30,0.9980,15.00,yes
2026-10-05T01:28:42.474419Z,KXBTC15M-26OCT042130-30,0.9980,200.00,yes
2026-10-05T01:28:42.474419Z,KXBTC15M-26OCT042130-30,0.9980,100.00,yes
2026-10-05T01:28:42.474419Z,KXBTC15M-26OCT042130-30,0.9980,400.00,yes
2026-10-05T01:28:42.474419Z,KXBTC15M-26OCT042130-30,0.9980,1875.00,yes
2026-10-05T01:28:42.474419Z,KXBTC15M-26OCT042130-30,0.9980,0.01,yes
2026-10-05T01:28:42.474419Z,KXBTC15M-26OCT042130-30,0.9980,17.00,yes
2026-10-05T01:28:42.474419Z,KXBTC15M-26OCT042130-30,0.9980,0.01,yes
2026-10-05T01:28:42.474419Z,KXBTC15M-26OCT042130-30,0.9980,1.00,yes
2026-10-05T01:28:42.474419Z,KXBTC15M-26OCT042130-30,0.9980,15.00,yes
2026-10-05T01:28:42.474419Z,KXBTC15M-26OCT042130-30,0.9980,15.00,yes
2026-10-05T01:28:42.474419Z,KXBTC15M-26OCT042130-30,0.9980,15.00,yes
2026-10-05T01:28:42.474419Z,KXBTC15M-26OCT042130-30,0.9980,8.93,yes
2026-10-05T01:28:42.474419Z,KXBTC15M-26OCT042130-30,0.9980,57.00,yes
2026-10-05T01:28:42.474419Z,KXBTC15M-26OCT042130-30,0.9990,529.11,yes
2026-10-05T01:28:42.482186Z,KXBTC15M-26OCT042130-30,0.9980,0.01,yes
2026-10-05T01:28:42.482186Z,KXBTC15M-26OCT042130-30,0.9980,100.00,yes
2026-10-05T01:28:42.482186Z,KXBTC15M-26OCT042130-30,0.9980,0.01,yes
2026-10-05T01:28:42.489815Z,KXBTC15M-26OCT042130-30,0.9980,1.10,yes
2026-10-05T01:28:42.491071Z,KXBTC15M-26OCT042130-30,0.9980,0.01,yes
2026-10-05T01:28:42.491071Z,KXBTC15M-26OCT042130-30,0.9980,100.00,yes
2026-10-05T01:28:42.491071Z,KXBTC15M-26OCT042130-30,0.9980,148.90,yes
2026-10-05T01:28:42.502647Z,KXBTC15M-26OCT042130-30,0.9980,17.00,yes
2026-10-05T01:28:42.502647Z,KXBTC15M-26OCT042130-30,0.9980,0.01,yes
2026-10-05T01:28:42.621837Z,KXBTC15M-26OCT042130-30,0.9980,15.00,no
2026-10-05T01:28:42.621837Z,KXBTC15M-26OCT042130-30,0.9980,163.17,no
2026-10-05T01:28:42.621837Z,KXBTC15M-26OCT042130-30,0.9980,8.80,no
2026-10-05T01:28:42.673602Z,KXBTC15M-26OCT042130-30,0.9990,177.57,yes
2026-10-05T01:28:42.680155Z,KXBTC15M-26OCT042130-30,0.9990,1.00,yes
2026-10-05T01:28:42.686648Z,KXBTC15M-26OCT042130-30,0.9990,2.00,yes
2026-10-05T01:28:42.701141Z,KXBTC15M-26OCT042130-30,0.9980,15.00,no
2026-10-05T01:28:42.701141Z,KXBTC15M-26OCT042130-30,0.9980,118.78,no
2026-10-05T01:28:42.701141Z,KXBTC15M-26OCT042130-30,0.9980,0.01,no
2026-10-05T01:28:42.701141Z,KXBTC15M-26OCT042130-30,0.9980,0.01,no
2026-10-05T01:28:42.701141Z,KXBTC15M-26OCT042130-30,0.9980,1866.20,no
2026-10-05T01:28:42.714605Z,KXBTC15M-26OCT042130-30,0.9990,5.88,yes
2026-10-05T01:28:42.982074Z,KXBTC15M-26OCT042130-30,0.9960,843.31,no
2026-10-05T01:28:42.982074Z,KXBTC15M-26OCT042130-30,0.9970,10.00,no
2026-10-05T01:28:42.982074Z,KXBTC15M-26OCT042130-30,0.9970,28.00,no
2026-10-05T01:28:42.982074Z,KXBTC15M-26OCT042130-30,0.9980,0.01,no
2026-10-05T01:28:42.982074Z,KXBTC15M-26OCT042130-30,0.9980,0.01,no
2026-10-05T01:28:42.982074Z,KXBTC15M-26OCT042130-30,0.9980,5.88,no
2026-10-05T01:28:42.982074Z,KXBTC15M-26OCT042130-30,0.9980,2.00,no
2026-10-05T01:28:42.982074Z,KXBTC15M-26OCT042130-30,0.9980,420.00,no
2026-10-05T01:28:42.982074Z,KXBTC15M-26OCT042130-30,0.9960,15.00,no
2026-10-05T01:28:42.982074Z,KXBTC15M-26OCT042130-30,0.9980,15.00,no
2026-10-05T01:28:42.982074Z,KXBTC15M-26OCT042130-30,0.9980,58.79,no
2026-10-05T01:28:42.982074Z,KXBTC15M-26OCT042130-30,0.9960,23.00,no
2026-10-05T01:28:42.982074Z,KXBTC15M-26OCT042130-30,0.9980,1.00,no
2026-10-05T01:28:43.031186Z,KXBTC15M-26OCT042130-30,0.9980,25.04,yes
2026-10-05T01:28:43.045842Z,KXBTC15M-26OCT042130-30,0.9980,224.02,yes
2026-10-05T01:28:43.045842Z,KXBTC15M-26OCT042130-30,0.9980,0.01,yes
2026-10-05T01:28:43.045842Z,KXBTC15M-26OCT042130-30,0.9980,200.00,yes
2026-10-05T01:28:43.045842Z,KXBTC15M-26OCT042130-30,0.9980,100.00,yes
2026-10-05T01:28:43.045842Z,KXBTC15M-26OCT042130-30,0.9980,0.01,yes
2026-10-05T01:28:43.045842Z,KXBTC15M-26OCT042130-30,0.9980,124.96,yes
2026-10-05T01:28:43.045842Z,KXBTC15M-26OCT042130-30,0.9980,17.00,yes
2026-10-05T01:28:43.186658Z,KXBTC15M-26OCT042130-30,0.9980,105.53,yes
2026-10-05T01:28:43.209611Z,KXBTC15M-26OCT042130-30,0.9980,0.02,yes
2026-10-05T01:28:43.209688Z,KXBTC15M-26OCT042130-30,0.9980,0.02,yes
2026-10-05T01:28:43.404451Z,KXBTC15M-26OCT042130-30,0.9970,0.01,no
2026-10-05T01:28:43.404451Z,KXBTC15M-26OCT042130-30,0.9970,4.31,no
2026-10-05T01:28:43.404451Z,KXBTC15M-26OCT042130-30,0.9970,4.00,no
2026-10-05T01:28:43.473335Z,KXBTC15M-26OCT042130-30,0.9970,10.69,no
2026-10-05T01:28:43.473335Z,KXBTC15M-26OCT042130-30,0.9970,3.31,no
2026-10-05T01:28:43.690076Z,KXBTC15M-26OCT042130-30,0.9980,2.00,yes
2026-10-05T01:28:43.724537Z,KXBTC15M-26OCT042130-30,0.9970,0.01,no
2026-10-05T01:28:43.724537Z,KXBTC15M-26OCT042130-30,0.9970,4.00,no
2026-10-05T01:28:43.724537Z,KXBTC15M-26OCT042130-30,0.9970,11.69,no
2026-10-05T01:28:43.724537Z,KXBTC15M-26OCT042130-30,0.9970,36.00,no
2026-10-05T01:28:43.724537Z,KXBTC15M-26OCT042130-30,0.9970,0.01,no
2026-10-05T01:28:43.724537Z,KXBTC15M-26OCT042130-30,0.9960,65.16,no
2026-10-05T01:28:43.733823Z,KXBTC15M-26OCT042130-30,0.9970,0.01,no
2026-10-05T01:28:43.733823Z,KXBTC15M-26OCT042130-30,0.9970,36.00,no
2026-10-05T01:28:43.733823Z,KXBTC15M-26OCT042130-30,0.9960,35.22,no
2026-10-05T01:28:43.780029Z,KXBTC15M-26OCT042130-30,0.9960,5.52,no
2026-10-05T01:28:43.812478Z,KXBTC15M-26OCT042130-30,0.9960,200.00,no
2026-10-05T01:28:43.812478Z,KXBTC15M-26OCT042130-30,0.9960,0.01,no
2026-10-05T01:28:43.812478Z,KXBTC15M-26OCT042130-30,0.9960,0.01,no
2026-10-05T01:28:43.812478Z,KXBTC15M-26OCT042130-30,0.9960,962.10,no
2026-10-05T01:28:43.812478Z,KXBTC15M-26OCT042130-30,0.9960,500.00,no
2026-10-05T01:28:43.812478Z,KXBTC15M-26OCT042130-30,0.9960,368.71,no
2026-10-05T01:28:43.831013Z,KXBTC15M-26OCT042130-30,0.9970,0.02,yes
2026-10-05T01:28:43.838762Z,KXBTC15M-26OCT042130-30,0.9970,243.60,yes
2026-10-05T01:28:43.838762Z,KXBTC15M-26OCT042130-30,0.9970,0.01,yes
2026-10-05T01:28:43.9207Z,KXBTC15M-26OCT042130-30,0.9970,0.01,yes
2026-10-05T01:28:43.9207Z,KXBTC15M-26OCT042130-30,0.9970,0.01,yes
2026-10-05T01:28:43.9207Z,KXBTC15M-26OCT042130-30,0.9970,16.00,yes
2026-10-05T01:28:43.921579Z,KXBTC15M-26OCT042130-30,0.9960,1.01,no
2026-10-05T01:28:43.967699Z,KXBTC15M-26OCT042130-30,0.9970,13.99,yes
2026-10-05T01:28:43.967699Z,KXBTC15M-26OCT042130-30,0.9970,0.01,yes
2026-10-05T01:28:44.01761Z,KXBTC15M-26OCT042130-30,0.9970,0.01,yes
2026-10-05T01:28:44.01761Z,KXBTC15M-26OCT042130-30,0.9970,2.01,yes
2026-10-05T01:28:44.01761Z,KXBTC15M-26OCT042130-30,0.9970,0.01,yes
2026-10-05T01:28:44.01761Z,KXBTC15M-26OCT042130-30,0.9970,13.97,yes
2026-10-05T01:28:44.024818Z,KXBTC15M-26OCT042130-30,0.9970,0.01,yes
2026-10-05T01:28:44.024818Z,KXBTC15M-26OCT042130-30,0.9980,0.21,yes
2026-10-05T01:28:44.045815Z,KXBTC15M-26OCT042130-30,0.9970,16.00,yes
2026-10-05T01:28:44.045815Z,KXBTC15M-26OCT042130-30,0.9970,0.01,yes
2026-10-05T01:28:44.045815Z,KXBTC15M-26OCT042130-30,0.9970,0.01,yes
2026-10-05T01:28:44.045815Z,KXBTC15M-26OCT042130-30,0.9980,15.00,yes
2026-10-05T01:28:44.045815Z,KXBTC15M-26OCT042130-30,0.9980,4.19,yes
2026-10-05T01:28:44.045815Z,KXBTC15M-26OCT042130-30,0.9980,150.00,yes
2026-10-05T01:28:44.045815Z,KXBTC15M-26OCT042130-30,0.9980,14.79,yes
2026-10-05T01:28:44.062745Z,KXBTC15M-26OCT042130-30,0.9970,0.01,yes
2026-10-05T01:28:44.062745Z,KXBTC15M-26OCT042130-30,0.9970,16.00,yes
2026-10-05T01:28:44.062745Z,KXBTC15M-26OCT042130-30,0.9970,0.01,yes
2026-10-05T01:28:44.062745Z,KXBTC15M-26OCT042130-30,0.9980,10.81,yes
2026-10-05T01:28:44.062745Z,KXBTC15M-26OCT042130-30,0.9980,173.17,yes
2026-10-05T01:28:44.241101Z,KXBTC15M-26OCT042130-30,0.9970,0.01,yes
2026-10-05T01:28:44.241101Z,KXBTC15M-26OCT042130-30,0.9970,0.24,yes
2026-10-05T01:28:44.245219Z,KXBTC15M-26OCT042130-30,0.9970,0.01,yes
2026-10-05T01:28:44.245219Z,KXBTC15M-26OCT042130-30,0.9970,15.76,yes
2026-10-05T01:28:44.245219Z,KXBTC15M-26OCT042130-30,0.9980,485.17,yes
2026-10-05T01:28:44.25174Z,KXBTC15M-26OCT042130-30,0.9960,353.53,no
2026-10-05T01:28:44.25174Z,KXBTC15M-26OCT042130-30,0.9960,15.00,no
2026-10-05T01:28:44.25174Z,KXBTC15M-26OCT042130-30,0.9960,0.01,no
2026-10-05T01:28:44.25174Z,KXBTC15M-26OCT042130-30,0.9960,200.00,no
2026-10-05T01:28:44.25174Z,KXBTC15M-26OCT042130-30,0.9960,0.01,no
2026-10-05T01:28:44.25174Z,KXBTC15M-26OCT042130-30,0.9960,130.28,no
2026-10-05T01:28:44.263755Z,KXBTC15M-26OCT042130-30,0.9970,16.00,yes
2026-10-05T01:28:44.263755Z,KXBTC15M-26OCT042130-30,0.9970,0.01,yes
2026-10-05T01:28:44.263755Z,KXBTC15M-26OCT042130-30,0.9970,0.01,yes
2026-10-05T01:28:44.263755Z,KXBTC15M-26OCT042130-30,0.9980,183.98,yes
2026-10-05T01:28:44.278451Z,KXBTC15M-26OCT042130-30,0.9970,15.00,yes
2026-10-05T01:28:44.278451Z,KXBTC15M-26OCT042130-30,0.9970,16.00,yes
2026-10-05T01:28:44.278451Z,KXBTC15M-26OCT042130-30,0.9970,0.01,yes
2026-10-05T01:28:44.278451Z,KXBTC15M-26OCT042130-30,0.9980,168.99,yes
2026-10-05T01:28:44.287724Z,KXBTC15M-26OCT042130-30,0.9980,150.00,yes
2026-10-05T01:28:44.287724Z,KXBTC15M-26OCT042130-30,0.9980,200.00,yes
2026-10-05T01:28:44.287724Z,KXBTC15M-26OCT042130-30,0.9980,0.01,yes
2026-10-05T01:28:44.287724Z,KXBTC15M-26OCT042130-30,0.9970,0.01,yes
2026-10-05T01:28:44.287724Z,KXBTC15M-26OCT042130-30,0.9970,0.01,yes
2026-10-05T01:28:44.287724Z,KXBTC15M-26OCT042130-30,0.9980,500.00,yes
2026-10-05T01:28:44.287724Z,KXBTC15M-26OCT042130-30,0.9980,0.01,yes
2026-10-05T01:28:44.287724Z,KXBTC15M-26OCT042130-30,0.9980,161.82,yes
2026-10-05T01:28:44.287724Z,KXBTC15M-26OCT042130-30,0.9980,991.86,yes
2026-10-05T01:28:44.297291Z,KXBTC15M-26OCT042130-30,0.9980,184.00,yes
2026-10-05T01:28:44.297291Z,KXBTC15M-26OCT042130-30,0.9970,16.00,yes
2026-10-05T01:28:44.304696Z,KXBTC15M-26OCT042130-30,0.9970,0.01,yes
2026-10-05T01:28:44.304696Z,KXBTC15M-26OCT042130-30,0.9970,0.01,yes
2026-10-05T01:28:44.355362Z,KXBTC15M-26OCT042130-30,0.9980,1.00,yes
2026-10-05T01:28:44.368798Z,KXBTC15M-26OCT042130-30,0.9980,10.02,yes
2026-10-05T01:28:44.378922Z,KXBTC15M-26OCT042130-30,0.9980,138.98,yes
2026-10-05T01:28:44.378922Z,KXBTC15M-26OCT042130-30,0.9980,0.01,yes
2026-10-05T01:28:44.378922Z,KXBTC15M-26OCT042130-30,0.9980,0.01,yes
2026-10-05T01:28:44.378922Z,KXBTC15M-26OCT042130-30,0.9980,61.00,yes
2026-10-05T01:28:44.400981Z,KXBTC15M-26OCT042130-30,0.9980,10.02,yes
2026-10-05T01:28:44.435284Z,KXBTC15M-26OCT042130-30,0.9980,10.02,yes
2026-10-05T01:28:44.449942Z,KXBTC15M-26OCT042130-30,0.9980,81.04,yes
2026-10-05T01:28:44.449942Z,KXBTC15M-26OCT042130-30,0.9980,118.96,yes
2026-10-05T01:28:44.459414Z,KXBTC15M-26OCT042130-30,0.9980,18.96,yes
2026-10-05T01:28:44.459414Z,KXBTC15M-26OCT042130-30,0.9980,15.00,yes
2026-10-05T01:28:44.459414Z,KXBTC15M-26OCT042130-30,0.9980,372.36,yes
2026-10-05T01:28:44.459414Z,KXBTC15M-26OCT042130-30,0.9980,17.00,yes
2026-10-05T01:28:44.616495Z,KXBTC15M-26OCT042130-30,0.9940,1.00,no
2026-10-05T01:28:44.616495Z,KXBTC15M-26OCT042130-30,0.9970,52.00,no
2026-10-05T01:28:44.616495Z,KXBTC15M-26OCT042130-30,0.9970,0.01,no
2026-10-05T01:28:44.616495Z,KXBTC15M-26OCT042130-30,0.9970,15.00,no
2026-10-05T01:28:44.616495Z,KXBTC15M-26OCT042130-30,0.9970,15.00,no
2026-10-05T01:28:44.616495Z,KXBTC15M-26OCT042130-30,0.9970,15.00,no
2026-10-05T01:28:44.616495Z,KXBTC15M-26OCT042130-30,0.9970,508.00,no
2026-10-05T01:28:44.616495Z,KXBTC15M-26OCT042130-30,0.9960,200.00,no
2026-10-05T01:28:44.616495Z,KXBTC15M-26OCT042130-30,0.9970,200.00,no
2026-10-05T01:28:44.616495Z,KXBTC15M-26OCT042130-30,0.9970,10.03,no
2026-10-05T01:28:44.616495Z,KXBTC15M-26OCT042130-30,0.9970,500.00,no
2026-10-05T01:28:44.616495Z,KXBTC15M-26OCT042130-30,0.9960,392.47,no
2026-10-05T01:28:44.616495Z,KXBTC15M-26OCT042130-30,0.9960,612.00,no
2026-10-05T01:28:44.616495Z,KXBTC15M-26OCT042130-30,0.9970,10.01,no
2026-10-05T01:28:44.616495Z,KXBTC15M-26OCT042130-30,0.9970,0.01,no
2026-10-05T01:28:44.616495Z,KXBTC15M-26OCT042130-30,0.9950,172.00,no
2026-10-05T01:28:44.616495Z,KXBTC15M-26OCT042130-30,0.9970,500.00,no
2026-10-05T01:28:44.616495Z,KXBTC15M-26OCT042130-30,0.9950,15.00,no
2026-10-05T01:28:44.616495Z,KXBTC15M-26OCT042130-30,0.9950,500.00,no
2026-10-05T01:28:44.616495Z,KXBTC15M-26OCT042130-30,0.9950,1.00,no
2026-10-05T01:28:44.616495Z,KXBTC15M-26OCT042130-30,0.9940,990.71,no
2026-10-05T01:28:44.616495Z,KXBTC15M-26OCT042130-30,0.9950,8.03,no
2026-10-05T01:28:44.61811Z,KXBTC15M-26OCT042130-30,0.9940,3.06,no
2026-10-05T01:28:44.633751Z,KXBTC15M-26OCT042130-30,0.9970,64.58,yes
2026-10-05T01:28:44.647054Z,KXBTC15M-26OCT042130-30,0.9970,200.00,yes
2026-10-05T01:28:44.665408Z,KXBTC15M-26OCT042130-30,0.9970,200.00,yes
2026-10-05T01:28:44.696537Z,KXBTC15M-26OCT042130-30,0.9960,15.00,no
2026-10-05T01:28:44.696537Z,KXBTC15M-26OCT042130-30,0.9960,0.01,no
2026-10-05T01:28:44.696537Z,KXBTC15M-26OCT042130-30,0.9960,0.01,no
2026-10-05T01:28:44.696537Z,KXBTC15M-26OCT042130-30,0.9950,54.00,no
2026-10-05T01:28:44.747214Z,KXBTC15M-26OCT042130-30,0.9970,15.00,yes
2026-10-05T01:28:44.747214Z,KXBTC15M-26OCT042130-30,0.9970,83.57,yes
2026-10-05T01:28:44.747214Z,KXBTC15M-26OCT042130-30,0.9970,15.00,yes
2026-10-05T01:28:44.747214Z,KXBTC15M-26OCT042130-30,0.9970,15.00,yes
2026-10-05T01:28:44.747214Z,KXBTC15M-26OCT042130-30,0.9970,0.01,yes
2026-10-05T01:28:44.747214Z,KXBTC15M-26OCT042130-30,0.9970,35.42,yes
2026-10-05T01:28:44.769644Z,KXBTC15M-26OCT042130-30,0.9970,200.00,yes
2026-10-05T01:28:44.790911Z,KXBTC15M-26OCT042130-30,0.9980,15.00,yes
2026-10-05T01:28:44.790911Z,KXBTC15M-26OCT042130-30,0.9970,16.00,yes
2026-10-05T01:28:44.790911Z,KXBTC15M-26OCT042130-30,0.9970,0.01,yes
2026-10-05T01:28:44.790911Z,KXBTC15M-26OCT042130-30,0.9980,150.00,yes
2026-10-05T01:28:44.790911Z,KXBTC15M-26OCT042130-30,0.9980,15.00,yes
2026-10-05T01:28:44.790911Z,KXBTC15M-26OCT042130-30,0.9970,0.01,yes
2026-10-05T01:28:44.790911Z,KXBTC15M-26OCT042130-30,0.9990,1139.26,yes
2026-10-05T01:28:44.80024Z,KXBTC15M-26OCT042130-30,0.9970,16.00,yes
2026-10-05T01:28:44.80024Z,KXBTC15M-26OCT042130-30,0.9970,0.01,yes
2026-10-05T01:28:44.80024Z,KXBTC15M-26OCT042130-30,0.9980,0.01,yes
2026-10-05T01:28:44.880042Z,KXBTC15M-26OCT042130-30,0.9990,0.02,yes
2026-10-05T01:28:44.886195Z,KXBTC15M-26OCT042130-30,0.9980,0.01,no
2026-10-05T01:28:44.886195Z,KXBTC15M-26OCT042130-30,0.9980,32.07,no
2026-10-05T01:28:44.893517Z,KXBTC15M-26OCT042130-30,0.9980,15.00,no
2026-10-05T01:28:44.893517Z,KXBTC15M-26OCT042130-30,0.9980,0.01,no
2026-10-05T01:28:44.894301Z,KXBTC15M-26OCT042130-30,0.9980,0.02,no
2026-10-05T01:28:44.895118Z,KXBTC15M-26OCT042130-30,0.9980,0.01,no
2026-10-05T01:28:44.895118Z,KXBTC15M-26OCT042130-30,0.9980,15.00,no
2026-10-05T01:28:44.895322Z,KXBTC15M-26OCT042130-30,0.9980,43.88,no
2026-10-05T01:28:44.901472Z,KXBTC15M-26OCT042130-30,0.9990,14.41,yes
2026-10-05T01:28:44.938016Z,KXBTC15M-26OCT042130-30,0.9950,10.00,no
2026-10-05T01:28:44.938016Z,KXBTC15M-26OCT042130-30,0.9970,1032.29,no
2026-10-05T01:28:44.938016Z,KXBTC15M-26OCT042130-30,0.9950,18.00,no
2026-10-05T01:28:44.938016Z,KXBTC15M-26OCT042130-30,0.9980,804.00,no
2026-10-05T01:28:44.938016Z,KXBTC15M-26OCT042130-30,0.9940,15.00,no
2026-10-05T01:28:44.938016Z,KXBTC15M-26OCT042130-30,0.9980,15.00,no
2026-10-05T01:28:44.938016Z,KXBTC15M-26OCT042130-30,0.9960,15.00,no
2026-10-05T01:28:44.938016Z,KXBTC15M-26OCT042130-30,0.9940,253.99,no
2026-10-05T01:28:44.938016Z,KXBTC15M-26OCT042130-30,0.9980,14.41,no
2026-10-05T01:28:44.938016Z,KXBTC15M-26OCT042130-30,0.9980,0.01,no
2026-10-05T01:28:44.938016Z,KXBTC15M-26OCT042130-30,0.9980,0.01,no
2026-10-05T01:28:44.938016Z,KXBTC15M-26OCT042130-30,0.9950,19.00,no
2026-10-05T01:28:44.938016Z,KXBTC15M-26OCT042130-30,0.9950,10.00,no
2026-10-05T01:28:44.938016Z,KXBTC15M-26OCT042130-30,0.9940,15.00,no
2026-10-05T01:28:44.938016Z,KXBTC15M-26OCT042130-30,0.9960,296.73,no
2026-10-05T01:28:44.981853Z,KXBTC15M-26OCT042130-30,0.9960,15.00,yes
2026-10-05T01:28:45.113768Z,KXBTC15M-26OCT042130-30,0.9960,0.01,yes
2026-10-05T01:28:45.114204Z,KXBTC15M-26OCT042130-30,0.9970,0.02,yes
2026-10-05T01:28:45.138578Z,KXBTC15M-26OCT042130-30,0.9960,200.00,yes
2026-10-05T01:28:45.158473Z,KXBTC15M-26OCT042130-30,0.9960,46.90,yes
2026-10-05T01:28:45.158473Z,KXBTC15M-26OCT042130-30,0.9960,0.01,yes
2026-10-05T01:28:45.158473Z,KXBTC15M-26OCT042130-30,0.9970,137.10,yes
2026-10-05T01:28:45.158473Z,KXBTC15M-26OCT042130-30,0.9960,0.01,yes
2026-10-05T01:28:45.158473Z,KXBTC15M-26OCT042130-30,0.9970,15.98,yes
2026-10-05T01:28:45.174413Z,KXBTC15M-26OCT042130-30,0.9960,54.99,yes
2026-10-05T01:28:45.174413Z,KXBTC15M-26OCT042130-30,0.9960,0.01,yes
2026-10-05T01:28:45.215778Z,KXBTC15M-26OCT042130-30,0.9960,0.01,yes
2026-10-05T01:28:45.215778Z,KXBTC15M-26OCT042130-30,0.9960,0.01,yes
2026-10-05T01:28:45.544406Z,KXBTC15M-26OCT042130-30,0.9950,15.00,no
2026-10-05T01:28:45.544406Z,KXBTC15M-26OCT042130-30,0.9950,156.96,no
2026-10-05T01:28:45.544406Z,KXBTC15M-26OCT042130-30,0.9950,0.01,no
2026-10-05T01:28:45.544406Z,KXBTC15M-26OCT042130-30,0.9950,15.00,no
2026-10-05T01:28:45.547551Z,KXBTC15M-26OCT042130-30,0.9980,21.81,yes
2026-10-05T01:28:45.547551Z,KXBTC15M-26OCT042130-30,0.9970,16.00,yes
2026-10-05T01:28:45.547551Z,KXBTC15M-26OCT042130-30,0.9970,0.01,yes
2026-10-05T01:28:45.547551Z,KXBTC15M-26OCT042130-30,0.9970,0.01,yes
2026-10-05T01:28:45.580332Z,KXBTC15M-26OCT042130-30,0.9960,15.00,yes
2026-10-05T01:28:45.678246Z,KXBTC15M-26OCT042130-30,0.9960,0.01,yes
2026-10-05T01:28:45.678246Z,KXBTC15M-26OCT042130-30,0.9970,6.98,yes
2026-10-05T01:28:45.678246Z,KXBTC15M-26OCT042130-30,0.9960,15.00,yes
2026-10-05T01:28:45.678246Z,KXBTC15M-26OCT042130-30,0.9960,0.01,yes
2026-10-05T01:28:45.680392Z,KXBTC15M-26OCT042130-30,0.9980,49.92,yes
2026-10-05T01:28:45.680392Z,KXBTC15M-26OCT042130-30,0.9970,9.02,yes
2026-10-05T01:28:45.680392Z,KXBTC15M-26OCT042130-30,0.9980,15.00,yes
2026-10-05T01:28:45.730124Z,KXBTC15M-26OCT042130-30,0.9950,56.96,no
2026-10-05T01:28:45.730124Z,KXBTC15M-26OCT042130-30,0.9950,16.00,no
2026-10-05T01:28:45.730124Z,KXBTC15M-26OCT042130-30,0.9950,1248.00,no
2026-10-05T01:28:45.730124Z,KXBTC15M-26OCT042130-30,0.9960,15.00,no
2026-10-05T01:28:45.730124Z,KXBTC15M-26OCT042130-30,0.9960,0.01,no
2026-10-05T01:28:45.730124Z,KXBTC15M-26OCT042130-30,0.9960,0.01,no
2026-10-05T01:28:45.757366Z,KXBTC15M-26OCT042130-30,0.9970,16.00,yes
2026-10-05T01:28:45.757366Z,KXBTC15M-26OCT042130-30,0.9970,0.01,yes
2026-10-05T01:28:45.757366Z,KXBTC15M-26OCT042130-30,0.9970,0.01,yes
2026-10-05T01:28:45.757366Z,KXBTC15M-26OCT042130-30,0.9970,15.00,yes
2026-10-05T01:28:45.757366Z,KXBTC15M-26OCT042130-30,0.9970,168.98,yes
2026-10-05T01:28:45.770632Z,KXBTC15M-26OCT042130-30,0.9970,200.00,yes
2026-10-05T01:28:45.781921Z,KXBTC15M-26OCT042130-30,0.9960,15.00,no
2026-10-05T01:28:45.781921Z,KXBTC15M-26OCT042130-30,0.9960,15.00,no
2026-10-05T01:28:45.781921Z,KXBTC15M-26OCT042130-30,0.9950,156.95,no
2026-10-05T01:28:45.781921Z,KXBTC15M-26OCT042130-30,0.9960,0.01,no
2026-10-05T01:28:45.781921Z,KXBTC15M-26OCT042130-30,0.9960,0.01,no
2026-10-05T01:28:45.786438Z,KXBTC15M-26OCT042130-30,0.9950,373.95,no
2026-10-05T01:28:45.790273Z,KXBTC15M-26OCT042130-30,0.9970,200.00,yes
2026-10-05T01:28:45.841608Z,KXBTC15M-26OCT042130-30,0.9960,200.00,yes
2026-10-05T01:28:45.854289Z,KXBTC15M-26OCT042130-30,0.9950,186.97,no
2026-10-05T01:28:45.921809Z,KXBTC15M-26OCT042130-30,0.9960,10.03,yes
2026-10-05T01:28:45.929821Z,KXBTC15M-26OCT042130-30,0.9960,200.00,yes
2026-10-05T01:28:45.966003Z,KXBTC15M-26OCT042130-30,0.9950,100.00,no
2026-10-05T01:28:45.966003Z,KXBTC15M-26OCT042130-30,0.9950,0.01,no
2026-10-05T01:28:45.966003Z,KXBTC15M-26OCT042130-30,0.9950,0.01,no
2026-10-05T01:28:45.966003Z,KXBTC15M-26OCT042130-30,0.9950,11.00,no
2026-10-05T01:28:45.966003Z,KXBTC15M-26OCT042130-30,0.9950,75.95,no
2026-10-05T01:28:46.007751Z,KXBTC15M-26OCT042130-30,0.9960,200.00,yes
2026-10-05T01:28:46.096659Z,KXBTC15M-26OCT042130-30,0.9960,200.00,yes
2026-10-05T01:28:46.111344Z,KXBTC15M-26OCT042130-30,0.9960,0.02,yes
2026-10-05T01:28:46.111434Z,KXBTC15M-26OCT042130-30,0.9960,0.02,yes
2026-10-05T01:28:46.174911Z,KXBTC15M-26OCT042130-30,0.9960,200.00,yes
2026-10-05T01:28:46.223695Z,KXBTC15M-26OCT042130-30,0.9960,96.18,yes
2026-10-05T01:28:46.260117Z,KXBTC15M-26OCT042130-30,0.9960,200.00,yes
2026-10-05T01:28:46.305125Z,KXBTC15M-26OCT042130-30,0.9960,200.00,yes
2026-10-05T01:28:46.309227Z,KXBTC15M-26OCT042130-30,0.9970,957.70,yes
2026-10-05T01:28:46.309227Z,KXBTC15M-26OCT042130-30,0.9960,0.01,yes
2026-10-05T01:28:46.309227Z,KXBTC15M-26OCT042130-30,0.9960,200.00,yes
2026-10-05T01:28:46.309227Z,KXBTC15M-26OCT042130-30,0.9960,300.00,yes
2026-10-05T01:28:46.309227Z,KXBTC15M-26OCT042130-30,0.9970,16.00,yes
2026-10-05T01:28:46.309227Z,KXBTC15M-26OCT042130-30,0.9970,15.00,yes
2026-10-05T01:28:46.309227Z,KXBTC15M-26OCT042130-30,0.9960,500.00,yes
2026-10-05T01:28:46.309227Z,KXBTC15M-26OCT042130-30,0.9970,15.00,yes
2026-10-05T01:28:46.309227Z,KXBTC15M-26OCT042130-30,0.9960,0.01,yes
2026-10-05T01:28:46.400866Z,KXBTC15M-26OCT042130-30,0.9960,0.01,yes
2026-10-05T01:28:46.400866Z,KXBTC15M-26OCT042130-30,0.9970,200.00,yes
2026-10-05T01:28:46.400866Z,KXBTC15M-26OCT042130-30,0.9960,0.01,yes
2026-10-05T01:28:46.400866Z,KXBTC15M-26OCT042130-30,0.9970,280.00,yes
2026-10-05T01:28:46.400866Z,KXBTC15M-26OCT042130-30,0.9960,15.00,yes
2026-10-05T01:28:46.400866Z,KXBTC15M-26OCT042130-30,0.9970,0.01,yes
2026-10-05T01:28:46.400866Z,KXBTC15M-26OCT042130-30,0.9970,238.08,yes
2026-10-05T01:28:46.421728Z,KXBTC15M-26OCT042130-30,0.9980,200.00,yes
2026-10-05T01:28:46.433659Z,KXBTC15M-26OCT042130-30,0.9980,200.00,yes
2026-10-05T01:28:46.490366Z,KXBTC15M-26OCT042130-30,0.9980,3.92,yes
2026-10-05T01:28:46.50414Z,KXBTC15M-26OCT042130-30,0.9980,2.94,yes
2026-10-05T01:28:46.515887Z,KXBTC15M-26OCT042130-30,0.9980,135.00,yes
2026-10-05T01:28:46.593389Z,KXBTC15M-26OCT042130-30,0.9980,73.39,yes
2026-10-05T01:28:46.605672Z,KXBTC15M-26OCT042130-30,0.9980,1.00,yes
2026-10-05T01:28:46.625755Z,KXBTC15M-26OCT042130-30,0.9980,0.02,yes
2026-10-05T01:28:46.645496Z,KXBTC15M-26OCT042130-30,0.9980,19.35,yes
2026-10-05T01:28:46.758926Z,KXBTC15M-26OCT042130-30,0.9980,100.00,yes
2026-10-05T01:28:46.758926Z,KXBTC15M-26OCT042130-30,0.9980,221.37,yes
2026-10-05T01:28:46.758926Z,KXBTC15M-26OCT042130-30,0.9980,200.00,yes
2026-10-05T01:28:46.758926Z,KXBTC15M-26OCT042130-30,0.9980,0.01,yes
2026-10-05T01:28:46.758926Z,KXBTC15M-26OCT042130-30,0.9980,17.00,yes
2026-10-05T01:28:46.758926Z,KXBTC15M-26OCT042130-30,0.9980,15.00,yes
2026-10-05T01:28:46.758926Z,KXBTC15M-26OCT042130-30,0.9980,0.01,yes
2026-10-05T01:28:46.758926Z,KXBTC15M-26OCT042130-30,0.9980,157.77,yes
2026-10-05T01:28:46.758926Z,KXBTC15M-26OCT042130-30,0.9980,37.00,yes
2026-10-05T01:28:46.942995Z,KXBTC15M-26OCT042130-30,0.9980,0.01,yes
2026-10-05T01:28:46.942995Z,KXBTC15M-26OCT042130-30,0.9980,7.00,yes
2026-10-05T01:28:46.942995Z,KXBTC15M-26OCT042130-30,0.9980,0.01,yes
2026-10-05T01:28:47.306207Z,KXBTC15M-26OCT042130-30,0.9970,0.01,no
2026-10-05T01:28:47.306207Z,KXBTC15M-26OCT042130-30,0.9970,635.89,no
2026-10-05T01:28:47.306207Z,KXBTC15M-26OCT042130-30,0.9970,15.00,no
2026-10-05T01:28:47.306207Z,KXBTC15M-26OCT042130-30,0.9970,0.01,no
2026-10-05T01:28:47.306207Z,KXBTC15M-26OCT042130-30,0.9970,875.89,no
2026-10-05T01:28:47.383009Z,KXBTC15M-26OCT042130-30,0.9970,305.35,no
2026-10-05T01:28:47.422825Z,KXBTC15M-26OCT042130-30,0.9970,183.22,no
2026-10-05T01:28:47.447292Z,KXBTC15M-26OCT042130-30,0.9980,7.00,yes
2026-10-05T01:28:47.447292Z,KXBTC15M-26OCT042130-30,0.9980,10.00,yes
2026-10-05T01:28:47.447292Z,KXBTC15M-26OCT042130-30,0.9980,0.01,yes
2026-10-05T01:28:47.447292Z,KXBTC15M-26OCT042130-30,0.9980,44.98,yes
2026-10-05T01:28:47.447292Z,KXBTC15M-26OCT042130-30,0.9980,0.01,yes
2026-10-05T01:28:47.47517Z,KXBTC15M-26OCT042130-30,0.9970,389.00,no
2026-10-05T01:28:47.510662Z,KXBTC15M-26OCT042130-30,0.9970,102.06,no
2026-10-05T01:28:47.65624Z,KXBTC15M-26OCT042130-30,0.9970,0.02,no
2026-10-05T01:28:47.659994Z,KXBTC15M-26OCT042130-30,0.9980,2.00,yes
2026-10-05T01:28:47.664265Z,KXBTC15M-26OCT042130-30,0.9980,20.62,yes
2026-10-05T01:28:47.673714Z,KXBTC15M-26OCT042130-30,0.9970,0.01,no
2026-10-05T01:28:47.673714Z,KXBTC15M-26OCT042130-30,0.9970,14.98,no
2026-10-05T01:28:47.678108Z,KXBTC15M-26OCT042130-30,0.9980,27.54,yes
2026-10-05T01:28:47.699978Z,KXBTC15M-26OCT042130-30,0.9970,0.01,no
2026-10-05T01:28:47.699978Z,KXBTC15M-26OCT042130-30,0.9970,15.00,no
2026-10-05T01:28:47.699978Z,KXBTC15M-26OCT042130-30,0.9970,15.00,no
2026-10-05T01:28:47.713327Z,KXBTC15M-26OCT042130-30,0.9980,3.00,yes
2026-10-05T01:28:47.855493Z,KXBTC15M-26OCT042130-30,0.9980,22.47,yes
2026-10-05T01:28:47.858266Z,KXBTC15M-26OCT042130-30,0.9980,13.00,yes
2026-10-05T01:28:47.966318Z,KXBTC15M-26OCT042130-30,0.9970,0.01,no
2026-10-05T01:28:47.966318Z,KXBTC15M-26OCT042130-30,0.9970,0.01,no
2026-10-05T01:28:47.966318Z,KXBTC15M-26OCT042130-30,0.9960,192.63,no
2026-10-05T01:28:48.035169Z,KXBTC15M-26OCT042130-30,0.9980,324.49,yes
2026-10-05T01:28:48.120028Z,KXBTC15M-26OCT042130-30,0.9980,27.70,yes
2026-10-05T01:28:48.239607Z,KXBTC15M-26OCT042130-30,0.9980,3.00,yes
2026-10-05T01:28:48.302063Z,KXBTC15M-26OCT042130-30,0.9960,127.37,no
2026-10-05T01:28:48.302063Z,KXBTC15M-26OCT042130-30,0.9970,0.01,no
2026-10-05T01:28:48.302063Z,KXBTC15M-26OCT042130-30,0.9970,0.01,no
2026-10-05T01:28:48.302063Z,KXBTC15M-26OCT042130-30,0.9960,104.00,no
2026-10-05T01:28:48.532995Z,KXBTC15M-26OCT042130-30,0.9970,0.01,no
2026-10-05T01:28:48.532995Z,KXBTC15M-26OCT042130-30,0.9960,220.00,no
2026-10-05T01:28:48.532995Z,KXBTC15M-26OCT042130-30,0.9970,0.01,no
2026-10-05T01:28:48.532995Z,KXBTC15M-26OCT042130-30,0.9950,6.74,no
2026-10-05T01:28:48.577961Z,KXBTC15M-26OCT042130-30,0.9980,3.65,yes
2026-10-05T01:28:48.687691Z,KXBTC15M-26OCT042130-30,0.9980,0.02,yes
2026-10-05T01:28:48.77444Z,KXBTC15M-26OCT042130-30,0.9960,0.01,no
2026-10-05T01:28:48.77444Z,KXBTC15M-26OCT042130-30,0.9960,0.01,no
2026-10-05T01:28:48.77444Z,KXBTC15M-26OCT042130-30,0.9960,5.08,no
2026-10-05T01:28:48.935291Z,KXBTC15M-26OCT042130-30,0.9970,300.55,yes
2026-10-05T01:28:48.947598Z,KXBTC15M-26OCT042130-30,0.9970,4579.45,yes
2026-10-05T01:28:48.947598Z,KXBTC15M-26OCT042130-30,0.9970,429.86,yes
2026-10-05T01:28:49.008853Z,KXBTC15M-26OCT042130-30,0.9970,40.44,yes
2026-10-05T01:28:49.017732Z,KXBTC15M-26OCT042130-30,0.9960,1.00,no
2026-10-05T01:28:49.181744Z,KXBTC15M-26OCT042130-30,0.9970,7.29,yes
2026-10-05T01:28:49.181744Z,KXBTC15M-26OCT042130-30,0.9970,0.01,yes
2026-10-05T01:28:49.181744Z,KXBTC15M-26OCT042130-30,0.9970,0.01,yes
2026-10-05T01:28:49.184081Z,KXBTC15M-26OCT042130-30,0.9960,125.92,no
2026-10-05T01:28:49.184081Z,KXBTC15M-26OCT042130-30,0.9960,59.21,no
2026-10-05T01:28:49.33374Z,KXBTC15M-26OCT042130-30,0.9980,200.00,yes
2026-10-05T01:28:49.33374Z,KXBTC15M-26OCT042130-30,0.9970,0.01,yes
2026-10-05T01:28:49.33374Z,KXBTC15M-26OCT042130-30,0.9970,0.01,yes
2026-10-05T01:28:49.33374Z,KXBTC15M-26OCT042130-30,0.9980,17.00,yes
2026-10-05T01:28:49.33374Z,KXBTC15M-26OCT042130-30,0.9980,15.00,yes
2026-10-05T01:28:49.33374Z,KXBTC15M-26OCT042130-30,0.9980,15.00,yes
2026-10-05T01:28:49.33374Z,KXBTC15M-26OCT042130-30,0.9980,15.00,yes
2026-10-05T01:28:49.33374Z,KXBTC15M-26OCT042130-30,0.9990,5206.01,yes
2026-10-05T01:28:49.341309Z,KXBTC15M-26OCT042130-30,0.9970,16.00,yes
2026-10-05T01:28:49.341309Z,KXBTC15M-26OCT042130-30,0.9980,0.01,yes
2026-10-05T01:28:49.341309Z,KXBTC15M-26OCT042130-30,0.9970,0.01,yes
2026-10-05T01:28:49.399061Z,KXBTC15M-26OCT042130-30,0.9990,26.02,yes
2026-10-05T01:28:49.479742Z,KXBTC15M-26OCT042130-30,0.9990,325.30,yes
2026-10-05T01:28:49.487636Z,KXBTC15M-26OCT042130-30,0.9980,0.01,no
2026-10-05T01:28:49.487636Z,KXBTC15M-26OCT042130-30,0.9980,0.01,no
2026-10-05T01:28:49.487636Z,KXBTC15M-26OCT042130-30,0.9980,1127.50,no
2026-10-05T01:28:49.487636Z,KXBTC15M-26OCT042130-30,0.9980,15.00,no
2026-10-05T01:28:49.487636Z,KXBTC15M-26OCT042130-30,0.9980,26.02,no
2026-10-05T01:28:49.526207Z,KXBTC15M-26OCT042130-30,0.9980,1168.54,no
2026-10-05T01:28:49.545532Z,KXBTC15M-26OCT042130-30,0.9990,1256.09,yes
2026-10-05T01:28:49.671039Z,KXBTC15M-26OCT042130-30,0.9980,0.01,no
2026-10-05T01:28:49.671039Z,KXBTC15M-26OCT042130-30,0.9980,0.01,no
2026-10-05T01:28:49.671039Z,KXBTC15M-26OCT042130-30,0.9980,218.70,no
2026-10-05T01:28:49.671039Z,KXBTC15M-26OCT042130-30,0.9980,15.00,no
2026-10-05T01:28:49.704955Z,KXBTC15M-26OCT042130-30,0.9990,1.00,yes
2026-10-05T01:28:49.727327Z,KXBTC15M-26OCT042130-30,0.9990,114.45,yes
2026-10-05T01:28:49.923745Z,KXBTC15M-26OCT042130-30,0.9980,0.01,no
2026-10-05T01:28:49.923745Z,KXBTC15M-26OCT042130-30,0.9980,0.01,no
2026-10-05T01:28:49.923745Z,KXBTC15M-26OCT042130-30,0.9980,168.58,no
2026-10-05T01:28:49.926955Z,KXBTC15M-26OCT042130-30,0.9980,45.80,no
2026-10-05T01:28:50.027666Z,KXBTC15M-26OCT042130-30,0.9980,45.80,no
2026-10-05T01:28:50.028893Z,KXBTC15M-26OCT042130-30,0.9980,68.65,no
2026-10-05T01:28:50.028893Z,KXBTC15M-26OCT042130-30,0.9980,2221.40,no
2026-10-05T01:28:50.093385Z,KXBTC15M-26OCT042130-30,0.9980,75.00,no
2026-10-05T01:28:50.124439Z,KXBTC15M-26OCT042130-30,0.9990,75.06,yes
2026-10-05T01:28:50.138882Z,KXBTC15M-26OCT042130-30,0.9990,88.53,yes
2026-10-05T01:28:50.156942Z,KXBTC15M-26OCT042130-30,0.9990,0.02,yes
2026-10-05T01:28:50.193653Z,KXBTC15M-26OCT042130-30,0.9980,114.50,no
2026-10-05T01:28:50.303068Z,KXBTC15M-26OCT042130-30,0.9980,458.01,no
2026-10-05T01:28:50.364625Z,KXBTC15M-26OCT042130-30,0.9980,19.74,no
2026-10-05T01:28:50.364625Z,KXBTC15M-26OCT042130-30,0.9980,0.01,no
2026-10-05T01:28:50.364625Z,KXBTC15M-26OCT042130-30,0.9980,0.01,no
2026-10-05T01:28:50.364625Z,KXBTC15M-26OCT042130-30,0.9980,1.00,no
2026-10-05T01:28:50.364625Z,KXBTC15M-26OCT042130-30,0.9980,25.04,no
2026-10-05T01:28:50.370483Z,KXBTC15M-26OCT042130-30,0.9980,0.02,no
2026-10-05T01:28:50.370483Z,KXBTC15M-26OCT042130-30,0.9980,88.53,no
2026-10-05T01:28:50.370483Z,KXBTC15M-26OCT042130-30,0.9980,55.32,no
2026-10-05T01:28:50.370483Z,KXBTC15M-26OCT042130-30,0.9980,200.00,no
2026-10-05T01:28:50.370483Z,KXBTC15M-26OCT042130-30,0.9980,100.00,no
2026-10-05T01:28:50.370483Z,KXBTC15M-26OCT042130-30,0.9970,14.14,no
2026-10-05T01:28:50.392611Z,KXBTC15M-26OCT042130-30,0.9980,0.01,no
2026-10-05T01:28:50.392611Z,KXBTC15M-26OCT042130-30,0.9980,15.00,no
2026-10-05T01:28:50.392611Z,KXBTC15M-26OCT042130-30,0.9980,0.01,no
2026-10-05T01:28:50.392611Z,KXBTC15M-26OCT042130-30,0.9970,31.72,no
2026-10-05T01:28:50.546703Z,KXBTC15M-26OCT042130-30,0.9980,0.01,no
2026-10-05T01:28:50.546703Z,KXBTC15M-26OCT042130-30,0.9980,0.01,no
2026-10-05T01:28:50.546703Z,KXBTC15M-26OCT042130-30,0.9970,4.57,no
2026-10-05T01:28:50.641761Z,KXBTC15M-26OCT042130-30,0.9990,6.15,yes
2026-10-05T01:28:50.726565Z,KXBTC15M-26OCT042130-30,0.9980,0.01,no
2026-10-05T01:28:50.726565Z,KXBTC15M-26OCT042130-30,0.9980,0.01,no
2026-10-05T01:28:50.726565Z,KXBTC15M-26OCT042130-30,0.9980,6.15,no
2026-10-05T01:28:50.726565Z,KXBTC15M-26OCT042130-30,0.9970,302.34,no
2026-10-05T01:28:50.809246Z,KXBTC15M-26OCT042130-30,0.9980,0.01,no
2026-10-05T01:28:50.809246Z,KXBTC15M-26OCT042130-30,0.9980,0.01,no
2026-10-05T01:28:50.809246Z,KXBTC15M-26OCT042130-30,0.9970,148.83,no
2026-10-05T01:28:50.86979Z,KXBTC15M-26OCT042130-30,0.9980,0.01,no
2026-10-05T01:28:50.86979Z,KXBTC15M-26OCT042130-30,0.9980,0.01,no
2026-10-05T01:28:50.86979Z,KXBTC15M-26OCT042130-30,0.9970,29.24,no
2026-10-05T01:28:51.125021Z,KXBTC15M-26OCT042130-30,0.9990,13.71,yes
2026-10-05T01:28:51.133753Z,KXBTC15M-26OCT042130-30,0.9980,13.71,no
2026-10-05T01:28:51.133753Z,KXBTC15M-26OCT042130-30,0.9970,139.00,no
2026-10-05T01:28:51.139511Z,KXBTC15M-26OCT042130-30,0.9980,0.01,no
2026-10-05T01:28:51.17347Z,KXBTC15M-26OCT042130-30,0.9980,0.01,no
2026-10-05T01:28:51.17347Z,KXBTC15M-26OCT042130-30,0.9970,5.15,no
2026-10-05T01:28:51.354433Z,KXBTC15M-26OCT042130-30,0.9980,0.01,no
2026-10-05T01:28:51.354433Z,KXBTC15M-26OCT042130-30,0.9980,0.01,no
2026-10-05T01:28:51.354433Z,KXBTC15M-26OCT042130-30,0.9970,311.57,no
2026-10-05T01:28:51.379959Z,KXBTC15M-26OCT042130-30,0.9990,2001.86,yes
2026-10-05T01:28:51.428931Z,KXBTC15M-26OCT042130-30,0.9980,51.96,no
2026-10-05T01:28:51.428931Z,KXBTC15M-26OCT042130-30,0.9980,0.01,no
2026-10-05T01:28:51.537048Z,KXBTC15M-26OCT042130-30,0.9990,180.26,yes
2026-10-05T01:28:51.743803Z,KXBTC15M-26OCT042130-30,0.9990,35.23,yes
2026-10-05T01:28:51.788417Z,KXBTC15M-26OCT042130-30,0.9980,1344.07,no
2026-10-05T01:28:51.83231Z,KXBTC15M-26OCT042130-30,0.9990,0.55,yes
2026-10-05T01:28:51.83896Z,KXBTC15M-26OCT042130-30,0.9990,1.00,yes
2026-10-05T01:28:51.902428Z,KXBTC15M-26OCT042130-30,0.9990,19.01,yes
2026-10-05T01:28:51.990965Z,KXBTC15M-26OCT042130-30,0.9990,0.02,yes
2026-10-05T01:28:52.044708Z,KXBTC15M-26OCT042130-30,0.9990,258.84,yes
2026-10-05T01:28:52.172942Z,KXBTC15M-26OCT042130-30,0.9980,11.69,no
2026-10-05T01:28:52.290471Z,KXBTC15M-26OCT042130-30,0.9980,458.01,no
2026-10-05T01:28:52.329374Z,KXBTC15M-26OCT042130-30,0.9980,0.01,no
2026-10-05T01:28:52.329374Z,KXBTC15M-26OCT042130-30,0.9980,0.01,no
2026-10-05T01:28:52.329374Z,KXBTC15M-26OCT042130-30,0.9980,136.13,no
2026-10-05T01:28:52.329374Z,KXBTC15M-26OCT042130-30,0.9980,134.07,no
2026-10-05T01:28:52.353003Z,KXBTC15M-26OCT042130-30,0.9980,46.19,no
2026-10-05T01:28:52.353003Z,KXBTC15M-26OCT042130-30,0.9980,35.23,no
2026-10-05T01:28:52.353003Z,KXBTC15M-26OCT042130-30,0.9980,376.59,no
2026-10-05T01:28:52.365766Z,KXBTC15M-26OCT042130-30,0.9980,916.02,no
2026-10-05T01:28:52.372388Z,KXBTC15M-26OCT042130-30,0.9990,184.74,yes
2026-10-05T01:28:52.479946Z,KXBTC15M-26OCT042130-30,0.9980,45.80,no
2026-10-05T01:28:52.545611Z,KXBTC15M-26OCT042130-30,0.9980,144.22,no
2026-10-05T01:28:52.591802Z,KXBTC15M-26OCT042130-30,0.9990,0.02,yes
2026-10-05T01:28:52.607807Z,KXBTC15M-26OCT042130-30,0.9980,458.01,no
2026-10-05T01:28:52.684852Z,KXBTC15M-26OCT042130-30,0.9980,157.00,no
2026-10-05T01:28:52.726502Z,KXBTC15M-26OCT042130-30,0.9980,916.02,no
2026-10-05T01:28:52.747257Z,KXBTC15M-26OCT042130-30,0.9980,916.02,no
2026-10-05T01:28:52.791198Z,KXBTC15M-26OCT042130-30,0.9980,0.02,no
2026-10-05T01:28:52.791198Z,KXBTC15M-26OCT042130-30,0.9980,199.15,no
2026-10-05T01:28:52.791198Z,KXBTC15M-26OCT042130-30,0.9980,1.00,no
2026-10-05T01:28:52.791198Z,KXBTC15M-26OCT042130-30,0.9980,0.55,no
2026-10-05T01:28:52.791198Z,KXBTC15M-26OCT042130-30,0.9980,19.01,no
2026-10-05T01:28:52.791198Z,KXBTC15M-26OCT042130-30,0.9980,2070.32,no
2026-10-05T01:28:52.808016Z,KXBTC15M-26OCT042130-30,0.9990,13.53,yes
2026-10-05T01:28:52.93013Z,KXBTC15M-26OCT042130-30,0.9980,1.28,no
2026-10-05T01:28:52.972517Z,KXBTC15M-26OCT042130-30,0.9990,3448.38,yes
2026-10-05T01:28:53.018591Z,KXBTC15M-26OCT042130-30,0.9980,45.00,no
2026-10-05T01:28:53.094102Z,KXBTC15M-26OCT042130-30,0.9980,5.02,no
2026-10-05T01:28:53.129669Z,KXBTC15M-26OCT042130-30,0.9980,4.59,no
2026-10-05T01:28:53.148936Z,KXBTC15M-26OCT042130-30,0.9990,4.99,yes
2026-10-05T01:28:53.163996Z,KXBTC15M-26OCT042130-30,0.9980,0.01,no
2026-10-05T01:28:53.163996Z,KXBTC15M-26OCT042130-30,0.9980,3.80,no
2026-10-05T01:28:53.163996Z,KXBTC15M-26OCT042130-30,0.9980,41.98,no
2026-10-05T01:28:53.163996Z,KXBTC15M-26OCT042130-30,0.9980,0.01,no
2026-10-05T01:28:53.307259Z,KXBTC15M-26OCT042130-30,0.9980,142.76,no
2026-10-05T01:28:53.307259Z,KXBTC15M-26OCT042130-30,0.9980,210.10,no
2026-10-05T01:28:53.307259Z,KXBTC15M-26OCT042130-30,0.9980,13.53,no
2026-10-05T01:28:53.307259Z,KXBTC15M-26OCT042130-30,0.9980,0.02,no
2026-10-05T01:28:53.379497Z,KXBTC15M-26OCT042130-30,0.9990,650.00,yes
2026-10-05T01:28:53.43706Z,KXBTC15M-26OCT042130-30,0.9990,92.45,yes
2026-10-05T01:28:53.50621Z,KXBTC15M-26OCT042130-30,0.9990,23.20,yes
2026-10-05T01:28:53.666887Z,KXBTC15M-26OCT042130-30,0.9980,859.44,no
2026-10-05T01:28:53.722527Z,KXBTC15M-26OCT042130-30,0.9990,86.03,yes
2026-10-05T01:28:53.757545Z,KXBTC15M-26OCT042130-30,0.9990,230.74,yes
2026-10-05T01:28:53.77214Z,KXBTC15M-26OCT042130-30,0.9980,110.04,no
2026-10-05T01:28:53.781696Z,KXBTC15M-26OCT042130-30,0.9980,229.01,no
2026-10-05T01:28:53.909096Z,KXBTC15M-26OCT042130-30,0.9980,458.01,no
2026-10-05T01:28:53.929477Z,KXBTC15M-26OCT042130-30,0.9990,2.00,yes
2026-10-05T01:28:53.948201Z,KXBTC15M-26OCT042130-30,0.9980,992.93,no
2026-10-05T01:28:53.966642Z,KXBTC15M-26OCT042130-30,0.9990,4.00,yes
2026-10-05T01:28:54.131371Z,KXBTC15M-26OCT042130-30,0.9980,3.41,no
2026-10-05T01:28:54.157285Z,KXBTC15M-26OCT042130-30,0.9990,999.00,yes
2026-10-05T01:28:54.271199Z,KXBTC15M-26OCT042130-30,0.9980,3.64,no
2026-10-05T01:28:54.294763Z,KXBTC15M-26OCT042130-30,0.9990,10.00,yes
2026-10-05T01:28:54.351393Z,KXBTC15M-26OCT042130-30,0.9980,2.09,no
2026-10-05T01:28:54.389912Z,KXBTC15M-26OCT042130-30,0.9990,15.88,yes
2026-10-05T01:28:54.422148Z,KXBTC15M-26OCT042130-30,0.9990,10.00,yes
2026-10-05T01:28:54.442709Z,KXBTC15M-26OCT042130-30,0.9990,10.01,yes
2026-10-05T01:28:54.472797Z,KXBTC15M-26OCT042130-30,0.9990,10.01,yes
2026-10-05T01:28:54.494274Z,KXBTC15M-26OCT042130-30,0.9980,458.01,no
2026-10-05T01:28:54.497369Z,KXBTC15M-26OCT042130-30,0.9990,26.02,yes
2026-10-05T01:28:54.504568Z,KXBTC15M-26OCT042130-30,0.9990,0.13,yes
2026-10-05T01:28:54.504683Z,KXBTC15M-26OCT042130-30,0.9990,10.01,yes
2026-10-05T01:28:54.53886Z,KXBTC15M-26OCT042130-30,0.9990,10.01,yes
2026-10-05T01:28:54.556025Z,KXBTC15M-26OCT042130-30,0.9980,121.70,no
2026-10-05T01:28:54.556025Z,KXBTC15M-26OCT042130-30,0.9980,330.32,no
2026-10-05T01:28:54.556025Z,KXBTC15M-26OCT042130-30,0.9980,1.00,no
2026-10-05T01:28:54.556025Z,KXBTC15M-26OCT042130-30,0.9980,4.99,no
2026-10-05T01:28:54.812953Z,KXBTC15M-26OCT042130-30,0.9990,10.00,yes
2026-10-05T01:28:54.899715Z,KXBTC15M-26OCT042130-30,0.9990,4228.02,yes
2026-10-05T01:28:54.901009Z,KXBTC15M-26OCT042130-30,0.9990,39.56,yes
2026-10-05T01:28:54.943609Z,KXBTC15M-26OCT042130-30,0.9980,92.45,no
2026-10-05T01:28:54.943609Z,KXBTC15M-26OCT042130-30,0.9980,319.68,no
2026-10-05T01:28:54.943609Z,KXBTC15M-26OCT042130-30,0.9980,22.68,no
2026-10-05T01:28:54.943609Z,KXBTC15M-26OCT042130-30,0.9980,23.20,no
2026-10-05T01:28:55.068827Z,KXBTC15M-26OCT042130-30,0.9990,26.02,yes
2026-10-05T01:28:55.110711Z,KXBTC15M-26OCT042130-30,0.9980,1079.94,no
2026-10-05T01:28:55.110711Z,KXBTC15M-26OCT042130-30,0.9980,63.35,no
2026-10-05T01:28:55.110711Z,KXBTC15M-26OCT042130-30,0.9980,230.74,no
2026-10-05T01:28:55.152124Z,KXBTC15M-26OCT042130-30,0.9980,618.32,no
2026-10-05T01:28:55.209256Z,KXBTC15M-26OCT042130-30,0.9980,316.74,no
2026-10-05T01:28:55.209256Z,KXBTC15M-26OCT042130-30,0.9980,2.00,no
2026-10-05T01:28:55.209256Z,KXBTC15M-26OCT042130-30,0.9980,4.00,no
2026-10-05T01:28:55.209256Z,KXBTC15M-26OCT042130-30,0.9980,593.28,no
2026-10-05T01:28:55.248788Z,KXBTC15M-26OCT042130-30,0.9990,50.04,yes
2026-10-05T01:28:55.289745Z,KXBTC15M-26OCT042130-30,0.9980,24.00,no
2026-10-05T01:28:55.395449Z,KXBTC15M-26OCT042130-30,0.9990,14.64,yes
2026-10-05T01:28:55.587878Z,KXBTC15M-26OCT042130-30,0.9980,59.57,no
2026-10-05T01:28:55.657657Z,KXBTC15M-26OCT042130-30,0.9990,102.34,yes
2026-10-05T01:28:55.690018Z,KXBTC15M-26OCT042130-30,0.9990,3.85,yes
2026-10-05T01:28:55.693923Z,KXBTC15M-26OCT042130-30,0.9990,25.51,yes
2026-10-05T01:28:55.732477Z,KXBTC15M-26OCT042130-30,0.9990,1.21,yes
2026-10-05T01:28:55.772785Z,KXBTC15M-26OCT042130-30,0.9980,3.82,no
2026-10-05T01:28:55.900491Z,KXBTC15M-26OCT042130-30,0.9980,10.00,no
2026-10-05T01:28:55.900491Z,KXBTC15M-26OCT042130-30,0.9980,10.01,no
2026-10-05T01:28:55.900491Z,KXBTC15M-26OCT042130-30,0.9980,0.13,no
2026-10-05T01:28:55.900491Z,KXBTC15M-26OCT042130-30,0.9980,318.33,no
2026-10-05T01:28:55.900491Z,KXBTC15M-26OCT042130-30,0.9980,15.88,no
2026-10-05T01:28:55.900491Z,KXBTC15M-26OCT042130-30,0.9980,4228.02,no
2026-10-05T01:28:55.900491Z,KXBTC15M-26OCT042130-30,0.9980,10.01,no
2026-10-05T01:28:55.900491Z,KXBTC15M-26OCT042130-30,0.9980,26.02,no
2026-10-05T01:28:55.900491Z,KXBTC15M-26OCT042130-30,0.9980,39.56,no
2026-10-05T01:28:55.900491Z,KXBTC15M-26OCT042130-30,0.9980,10.00,no
2026-10-05T01:28:55.900491Z,KXBTC15M-26OCT042130-30,0.9980,10.01,no
2026-10-05T01:28:55.900491Z,KXBTC15M-26OCT042130-30,0.9980,1.00,no
2026-10-05T01:28:55.900491Z,KXBTC15M-26OCT042130-30,0.9970,1.00,no
2026-10-05T01:28:55.900491Z,KXBTC15M-26OCT042130-30,0.9980,10.00,no
2026-10-05T01:28:55.900491Z,KXBTC15M-26OCT042130-30,0.9980,10.01,no
2026-10-05T01:28:55.900491Z,KXBTC15M-26OCT042130-30,0.9980,1.21,no
2026-10-05T01:28:55.900491Z,KXBTC15M-26OCT042130-30,0.9980,26.02,no
2026-10-05T01:28:55.900491Z,KXBTC15M-26OCT042130-30,0.9980,1825.00,no
2026-10-05T01:28:55.900491Z,KXBTC15M-26OCT042130-30,0.9980,102.34,no
2026-10-05T01:28:55.900491Z,KXBTC15M-26OCT042130-30,0.9980,25.51,no
2026-10-05T01:28:55.900491Z,KXBTC15M-26OCT042130-30,0.9980,50.04,no
2026-10-05T01:28:55.900491Z,KXBTC15M-26OCT042130-30,0.9980,3.85,no
2026-10-05T01:28:55.900491Z,KXBTC15M-26OCT042130-30,0.9980,14.64,no
2026-10-05T01:28:55.900491Z,KXBTC15M-26OCT042130-30,0.9970,50.83,no
2026-10-05T01:28:55.900491Z,KXBTC15M-26OCT042130-30,0.9970,325.30,no
2026-10-05T01:28:55.900816Z,KXBTC15M-26OCT042130-30,0.9970,0.02,yes
2026-10-05T01:28:55.979674Z,KXBTC15M-26OCT042130-30,0.9970,192.47,yes
2026-10-05T01:28:55.979674Z,KXBTC15M-26OCT042130-30,0.9970,2875.26,yes
2026-10-05T01:28:55.979674Z,KXBTC15M-26OCT042130-30,0.9970,0.01,yes
2026-10-05T01:28:55.979674Z,KXBTC15M-26OCT042130-30,0.9970,500.00,yes
2026-10-05T01:28:56.210674Z,KXBTC15M-26OCT042130-30,0.9970,194.85,yes
2026-10-05T01:28:56.289432Z,KXBTC15M-26OCT042130-30,0.9970,25.72,yes
2026-10-05T01:28:56.449549Z,KXBTC15M-26OCT042130-30,0.9970,140.36,yes
2026-10-05T01:28:56.529812Z,KXBTC15M-26OCT042130-30,0.9970,0.01,yes
2026-10-05T01:28:56.529812Z,KXBTC15M-26OCT042130-30,0.9970,0.01,yes
2026-10-05T01:28:56.529812Z,KXBTC15M-26OCT042130-30,0.9970,0.98,yes
2026-10-05T01:28:56.555181Z,KXBTC15M-26OCT042130-30,0.9980,17.00,yes
2026-10-05T01:28:56.555181Z,KXBTC15M-26OCT042130-30,0.9970,0.01,yes
2026-10-05T01:28:56.555181Z,KXBTC15M-26OCT042130-30,0.9970,0.01,yes
2026-10-05T01:28:56.555181Z,KXBTC15M-26OCT042130-30,0.9980,1.00,yes
2026-10-05T01:28:56.555181Z,KXBTC15M-26OCT042130-30,0.9970,0.02,yes
2026-10-05T01:28:56.555181Z,KXBTC15M-26OCT042130-30,0.9990,5281.96,yes
2026-10-05T01:28:56.567823Z,KXBTC15M-26OCT042130-30,0.9980,0.01,yes
2026-10-05T01:28:56.567823Z,KXBTC15M-26OCT042130-30,0.9980,0.01,yes
2026-10-05T01:28:56.615235Z,KXBTC15M-26OCT042130-30,0.9990,307.54,yes
2026-10-05T01:28:56.633556Z,KXBTC15M-26OCT042130-30,0.9980,0.01,no
2026-10-05T01:28:56.633556Z,KXBTC15M-26OCT042130-30,0.9980,179.98,no
2026-10-05T01:28:56.633556Z,KXBTC15M-26OCT042130-30,0.9980,0.01,no
2026-10-05T01:28:56.664034Z,KXBTC15M-26OCT042130-30,0.9980,0.01,no
2026-10-05T01:28:56.664034Z,KXBTC15M-26OCT042130-30,0.9980,1.00,no
2026-10-05T01:28:56.664034Z,KXBTC15M-26OCT042130-30,0.9980,0.01,no
2026-10-05T01:28:56.664034Z,KXBTC15M-26OCT042130-30,0.9980,120.92,no
2026-10-05T01:28:56.699267Z,KXBTC15M-26OCT042130-30,0.9990,2.00,yes
2026-10-05T01:28:56.755184Z,KXBTC15M-26OCT042130-30,0.9990,22.76,yes
2026-10-05T01:28:56.865615Z,KXBTC15M-26OCT042130-30,0.9990,298.85,yes
2026-10-05T01:28:56.909102Z,KXBTC15M-26OCT042130-30,0.9990,4.59,yes
2026-10-05T01:28:57.183509Z,KXBTC15M-26OCT042130-30,0.9980,0.01,no
2026-10-05T01:28:57.183509Z,KXBTC15M-26OCT042130-30,0.9980,11.67,no
2026-10-05T01:28:57.183509Z,KXBTC15M-26OCT042130-30,0.9980,0.01,no
2026-10-05T01:28:57.196338Z,KXBTC15M-26OCT042130-30,0.9980,20.00,no
2026-10-05T01:28:57.355894Z,KXBTC15M-26OCT042130-30,0.9990,116.88,yes
2026-10-05T01:28:57.517788Z,KXBTC15M-26OCT042130-30,0.9990,818.18,yes
2026-10-05T01:28:57.565279Z,KXBTC15M-26OCT042130-30,0.9990,11.01,yes
2026-10-05T01:28:57.65962Z,KXBTC15M-26OCT042130-30,0.9980,366.41,no
2026-10-05T01:28:57.713507Z,KXBTC15M-26OCT042130-30,0.9980,2.98,no
2026-10-05T01:28:57.77408Z,KXBTC15M-26OCT042130-30,0.9980,2243.31,no
2026-10-05T01:28:57.946224Z,KXBTC15M-26OCT042130-30,0.9980,458.01,no
2026-10-05T01:28:58.055386Z,KXBTC15M-26OCT042130-30,0.9980,91.62,no
2026-10-05T01:28:58.126573Z,KXBTC15M-26OCT042130-30,0.9990,10.00,yes
2026-10-05T01:28:58.287724Z,KXBTC15M-26OCT042130-30,0.9990,1.00,yes
2026-10-05T01:28:58.325334Z,KXBTC15M-26OCT042130-30,0.9990,296.70,yes
2026-10-05T01:28:58.39461Z,KXBTC15M-26OCT042130-30,0.9980,0.02,no
2026-10-05T01:28:58.40213Z,KXBTC15M-26OCT042130-30,0.9980,0.02,no
2026-10-05T01:28:58.50484Z,KXBTC15M-26OCT042130-30,0.9980,91.62,no
2026-10-05T01:28:58.598019Z,KXBTC15M-26OCT042130-30,0.9990,100.09,yes
2026-10-05T01:28:58.628222Z,KXBTC15M-26OCT042130-30,0.9990,15.88,yes
2026-10-05T01:28:58.661071Z,KXBTC15M-26OCT042130-30,0.9980,5.00,no
2026-10-05T01:28:58.828998Z,KXBTC15M-26OCT042130-30,0.9990,2.00,yes
2026-10-05T01:28:58.881687Z,KXBTC15M-26OCT042130-30,0.9990,137.74,yes
2026-10-05T01:28:58.900893Z,KXBTC15M-26OCT042130-30,0.9990,10000.00,yes
2026-10-05T01:28:58.968435Z,KXBTC15M-26OCT042130-30,0.9990,20.01,yes
2026-10-05T01:28:58.997886Z,KXBTC15M-26OCT042130-30,0.9990,23117.64,yes
2026-10-05T01:28:59.018871Z,KXBTC15M-26OCT042130-30,0.9990,0.02,yes
2026-10-05T01:28:59.125434Z,KXBTC15M-26OCT042130-30,0.9980,134.44,no
2026-10-05T01:28:59.315533Z,KXBTC15M-26OCT042130-30,0.9990,4.99,yes
2026-10-05T01:28:59.377176Z,KXBTC15M-26OCT042130-30,0.9990,425.00,yes
2026-10-05T01:28:59.384721Z,KXBTC15M-26OCT042130-30,0.9980,54.96,no
2026-10-05T01:28:59.469602Z,KXBTC15M-26OCT042130-30,0.9980,467.36,no
2026-10-05T01:28:59.501678Z,KXBTC15M-26OCT042130-30,0.9980,69.00,no
2026-10-05T01:28:59.66787Z,KXBTC15M-26OCT042130-30,0.9980,0.02,no
2026-10-05T01:28:59.675474Z,KXBTC15M-26OCT042130-30,0.9980,146.00,no
2026-10-05T01:28:59.739Z,KXBTC15M-26OCT042130-30,0.9990,86.76,yes
2026-10-05T01:28:59.793295Z,KXBTC15M-26OCT042130-30,0.9990,36.00,yes
2026-10-05T01:28:59.798368Z,KXBTC15M-26OCT042130-30,0.9990,84.56,yes
2026-10-05T01:28:59.849065Z,KXBTC15M-26OCT042130-30,0.9980,0.84,no
2026-10-05T01:28:59.936973Z,KXBTC15M-26OCT042130-30,0.9980,10.00,no
2026-10-05T01:28:59.936973Z,KXBTC15M-26OCT042130-30,0.9980,10.00,no
2026-10-05T01:28:59.936973Z,KXBTC15M-26OCT042130-30,0.9980,4.59,no
2026-10-05T01:28:59.936973Z,KXBTC15M-26OCT042130-30,0.9980,24.76,no
2026-10-05T01:28:59.936973Z,KXBTC15M-26OCT042130-30,0.9980,127.56,no
2026-10-05T01:28:59.936973Z,KXBTC15M-26OCT042130-30,0.9980,997.74,no
2026-10-05T01:28:59.936973Z,KXBTC15M-26OCT042130-30,0.9980,1895.79,no
2026-10-05T01:28:59.936973Z,KXBTC15M-26OCT042130-30,0.9980,116.88,no
2026-10-05T01:28:59.936973Z,KXBTC15M-26OCT042130-30,0.9980,818.18,no
2026-10-05T01:28:59.936973Z,KXBTC15M-26OCT042130-30,0.9980,0.01,no
2026-10-05T01:28:59.936973Z,KXBTC15M-26OCT042130-30,0.9980,11.01,no
2026-10-05T01:28:59.936973Z,KXBTC15M-26OCT042130-30,0.9980,15.88,no
2026-10-05T01:28:59.936973Z,KXBTC15M-26OCT042130-30,0.9980,1.00,no
2026-10-05T01:28:59.936973Z,KXBTC15M-26OCT042130-30,0.9980,296.70,no
2026-10-05T01:28:59.936973Z,KXBTC15M-26OCT042130-30,0.9980,2.00,no
2026-10-05T01:28:59.936973Z,KXBTC15M-26OCT042130-30,0.9980,137.74,no
2026-10-05T01:28:59.936973Z,KXBTC15M-26OCT042130-30,0.9980,100.09,no
2026-10-05T01:28:59.936973Z,KXBTC15M-26OCT042130-30,0.9980,0.13,no
2026-10-05T01:28:59.936973Z,KXBTC15M-26OCT042130-30,0.9980,10.00,no
2026-10-05T01:28:59.978227Z,KXBTC15M-26OCT042130-30,0.9980,458.01,no
2026-10-05T01:28:59.985068Z,KXBTC15M-26OCT042130-30,0.9980,45.00,no
2026-10-05T01:28:59.999854Z,KXBTC15M-26OCT042130-30,0.9980,458.01,no
2026-10-05T01:29:00.011642Z,KXBTC15M-26OCT042130-30,0.9990,200.00,yes
2026-10-05T01:29:00.035097Z,KXBTC15M-26OCT042130-30,0.9990,1.00,yes
2026-10-05T01:29:00.035743Z,KXBTC15M-26OCT042130-30,0.9990,1001.00,yes
2026-10-05T01:29:00.090148Z,KXBTC15M-26OCT042130-30,0.9990,3000.00,yes
2026-10-05T01:29:00.090562Z,KXBTC15M-26OCT042130-30,0.9980,541.49,no
2026-10-05T01:29:00.140967Z,KXBTC15M-26OCT042130-30,0.9990,1001.00,yes
2026-10-05T01:29:00.15849Z,KXBTC15M-26OCT042130-30,0.9990,100.00,yes
2026-10-05T01:29:00.19768Z,KXBTC15M-26OCT042130-30,0.9980,483.88,no
2026-10-05T01:29:00.270365Z,KXBTC15M-26OCT042130-30,0.9990,11.00,yes
2026-10-05T01:29:00.277318Z,KXBTC15M-26OCT042130-30,0.9990,999.00,yes
2026-10-05T01:29:00.297416Z,KXBTC15M-26OCT042130-30,0.9990,250.00,yes
2026-10-05T01:29:00.302496Z,KXBTC15M-26OCT042130-30,0.9990,50.00,yes
2026-10-05T01:29:00.311816Z,KXBTC15M-26OCT042130-30,0.9990,70.00,yes
2026-10-05T01:29:00.373904Z,KXBTC15M-26OCT042130-30,0.9980,458.01,no
2026-10-05T01:29:00.376876Z,KXBTC15M-26OCT042130-30,0.9980,40.00,no
2026-10-05T01:29:00.386752Z,KXBTC15M-26OCT042130-30,0.9990,2165.69,yes
2026-10-05T01:29:00.395652Z,KXBTC15M-26OCT042130-30,0.9990,3683.00,yes
2026-10-05T01:29:00.40257Z,KXBTC15M-26OCT042130-30,0.9990,5.00,yes
2026-10-05T01:29:00.450368Z,KXBTC15M-26OCT042130-30,0.9980,458.01,no
2026-10-05T01:29:00.50019Z,KXBTC15M-26OCT042130-30,0.9980,224.34,no
2026-10-05T01:29:00.548701Z,KXBTC15M-26OCT042130-30,0.9980,806.00,no
2026-10-05T01:29:00.568695Z,KXBTC15M-26OCT042130-30,0.9980,2734.28,no
2026-10-05T01:29:00.576751Z,KXBTC15M-26OCT042130-30,0.9990,35.00,yes
2026-10-05T01:29:00.629078Z,KXBTC15M-26OCT042130-30,0.9990,410.41,yes
2026-10-05T01:29:00.630993Z,KXBTC15M-26OCT042130-30,0.9990,4084.33,yes
2026-10-05T01:29:00.654926Z,KXBTC15M-26OCT042130-30,0.9990,1.00,yes
2026-10-05T01:29:00.668401Z,KXBTC15M-26OCT042130-30,0.9980,8.77,no
2026-10-05T01:29:00.745892Z,KXBTC15M-26OCT042130-30,0.9990,21.69,yes
2026-10-05T01:29:00.760705Z,KXBTC15M-26OCT042130-30,0.9980,458.01,no
2026-10-05T01:29:00.775351Z,KXBTC15M-26OCT042130-30,0.9980,0.41,no
2026-10-05T01:29:00.778616Z,KXBTC15M-26OCT042130-30,0.9990,100.00,yes
2026-10-05T01:29:00.828063Z,KXBTC15M-26OCT042130-30,0.9990,2751.68,yes
2026-10-05T01:29:00.832471Z,KXBTC15M-26OCT042130-30,0.9980,162.99,no
2026-10-05T01:29:01.015257Z,KXBTC15M-26OCT042130-30,0.9990,400.00,yes
2026-10-05T01:29:01.027844Z,KXBTC15M-26OCT042130-30,0.9990,575.00,yes
2026-10-05T01:29:01.034046Z,KXBTC15M-26OCT042130-30,0.9990,85.87,yes
2026-10-05T01:29:01.052741Z,KXBTC15M-26OCT042130-30,0.9980,467.36,no
2026-10-05T01:29:01.056128Z,KXBTC15M-26OCT042130-30,0.9990,14.00,yes
2026-10-05T01:29:01.112077Z,KXBTC15M-26OCT042130-30,0.9990,1627.08,yes
2026-10-05T01:29:01.131855Z,KXBTC15M-26OCT042130-30,0.9990,80.00,yes
2026-10-05T01:29:01.143666Z,KXBTC15M-26OCT042130-30,0.9990,10.01,yes
2026-10-05T01:29:01.269033Z,KXBTC15M-26OCT042130-30,0.9990,20.01,yes
2026-10-05T01:29:01.314517Z,KXBTC15M-26OCT042130-30,0.9980,458.01,no
2026-10-05T01:29:01.323589Z,KXBTC15M-26OCT042130-30,0.9990,393.15,yes
2026-10-05T01:29:01.336108Z,KXBTC15M-26OCT042130-30,0.9990,0.28,yes
2026-10-05T01:29:01.346516Z,KXBTC15M-26OCT042130-30,0.9980,458.01,no
2026-10-05T01:29:01.519959Z,KXBTC15M-26OCT042130-30,0.9980,3.88,no
2026-10-05T01:29:01.56356Z,KXBTC15M-26OCT042130-30,0.9990,10.01,yes
2026-10-05T01:29:01.599064Z,KXBTC15M-26OCT042130-30,0.9980,150.00,no
2026-10-05T01:29:01.604827Z,KXBTC15M-26OCT042130-30,0.9990,375.00,yes
2026-10-05T01:29:01.820506Z,KXBTC15M-26OCT042130-30,0.9980,91.62,no
2026-10-05T01:29:01.961067Z,KXBTC15M-26OCT042130-30,0.9990,45.80,yes
2026-10-05T01:29:01.968734Z,KXBTC15M-26OCT042130-30,0.9990,2500.00,yes
2026-10-05T01:29:02.015111Z,KXBTC15M-26OCT042130-30,0.9990,300.27,yes
2026-10-05T01:29:02.097906Z,KXBTC15M-26OCT042130-30,0.9990,500.00,yes
2026-10-05T01:29:02.139241Z,KXBTC15M-26OCT042130-30,0.9990,0.02,yes
2026-10-05T01:29:02.17614Z,KXBTC15M-26OCT042130-30,0.9990,152.71,yes
2026-10-05T01:29:02.225243Z,KXBTC15M-26OCT042130-30,0.9990,35.03,yes
2026-10-05T01:29:02.225311Z,KXBTC15M-26OCT042130-30,0.9980,458.01,no
2026-10-05T01:29:02.269947Z,KXBTC15M-26OCT042130-30,0.9980,300.00,no
2026-10-05T01:29:02.271908Z,KXBTC15M-26OCT042130-30,0.9990,2.00,yes
2026-10-05T01:29:02.289603Z,KXBTC15M-26OCT042130-30,0.9980,4.59,no
2026-10-05T01:29:02.355654Z,KXBTC15M-26OCT042130-30,0.9990,1432.99,yes
2026-10-05T01:29:02.359542Z,KXBTC15M-26OCT042130-30,0.9990,50.04,yes
2026-10-05T01:29:02.41721Z,KXBTC15M-26OCT042130-30,0.9980,20.01,no
2026-10-05T01:29:02.41721Z,KXBTC15M-26OCT042130-30,0.9980,271.18,no
2026-10-05T01:29:02.41721Z,KXBTC15M-26OCT042130-30,0.9980,166.82,no
2026-10-05T01:29:02.42619Z,KXBTC15M-26OCT042130-30,0.9980,41.87,no
2026-10-05T01:29:02.443358Z,KXBTC15M-26OCT042130-30,0.9980,274.00,no
2026-10-05T01:29:02.493808Z,KXBTC15M-26OCT042130-30,0.9990,5.96,yes
2026-10-05T01:29:02.499752Z,KXBTC15M-26OCT042130-30,0.9990,2.97,yes
2026-10-05T01:29:02.554677Z,KXBTC15M-26OCT042130-30,0.9990,10.01,yes
2026-10-05T01:29:02.592202Z,KXBTC15M-26OCT042130-30,0.9990,10.01,yes
2026-10-05T01:29:02.594689Z,KXBTC15M-26OCT042130-30,0.9990,519.82,yes
2026-10-05T01:29:02.599178Z,KXBTC15M-26OCT042130-30,0.9990,91.23,yes
2026-10-05T01:29:02.633419Z,KXBTC15M-26OCT042130-30,0.9980,1.20,no
2026-10-05T01:29:02.683465Z,KXBTC15M-26OCT042130-30,0.9980,43.00,no
2026-10-05T01:29:02.693412Z,KXBTC15M-26OCT042130-30,0.9980,10.06,no
2026-10-05T01:29:02.699228Z,KXBTC15M-26OCT042130-30,0.9990,35.00,yes
2026-10-05T01:29:02.699228Z,KXBTC15M-26OCT042130-30,0.9990,75.00,yes
2026-10-05T01:29:02.699228Z,KXBTC15M-26OCT042130-30,0.9990,35.00,yes
2026-10-05T01:29:02.699228Z,KXBTC15M-26OCT042130-30,0.9990,70.00,yes
2026-10-05T01:29:02.699228Z,KXBTC15M-26OCT042130-30,0.9990,75.00,yes
2026-10-05T01:29:02.699228Z,KXBTC15M-26OCT042130-30,0.9990,75.00,yes
2026-10-05T01:29:02.699228Z,KXBTC15M-26OCT042130-30,0.9990,75.00,yes
2026-10-05T01:29:02.699228Z,KXBTC15M-26OCT042130-30,0.9990,35.00,yes
2026-10-05T01:29:02.699228Z,KXBTC15M-26OCT042130-30,0.9990,75.00,yes
2026-10-05T01:29:02.699228Z,KXBTC15M-26OCT042130-30,0.9990,75.00,yes
2026-10-05T01:29:02.699228Z,KXBTC15M-26OCT042130-30,0.9990,35.00,yes
2026-10-05T01:29:02.699228Z,KXBTC15M-26OCT042130-30,0.9990,35.00,yes
2026-10-05T01:29:02.699228Z,KXBTC15M-26OCT042130-30,0.9990,150.00,yes
2026-10-05T01:29:02.699228Z,KXBTC15M-26OCT042130-30,0.9990,75.00,yes
2026-10-05T01:29:02.699228Z,KXBTC15M-26OCT042130-30,0.9990,35.00,yes
2026-10-05T01:29:02.699228Z,KXBTC15M-26OCT042130-30,0.9990,35.00,yes
2026-10-05T01:29:02.699228Z,KXBTC15M-26OCT042130-30,0.9990,75.00,yes
2026-10-05T01:29:02.699228Z,KXBTC15M-26OCT042130-30,0.9990,75.00,yes
2026-10-05T01:29:02.699228Z,KXBTC15M-26OCT042130-30,0.9990,75.00,yes
2026-10-05T01:29:02.699228Z,KXBTC15M-26OCT042130-30,0.9990,75.00,yes
2026-10-05T01:29:02.699228Z,KXBTC15M-26OCT042130-30,0.9990,150.00,yes
2026-10-05T01:29:02.699228Z,KXBTC15M-26OCT042130-30,0.9990,70.00,yes
2026-10-05T01:29:02.699228Z,KXBTC15M-26OCT042130-30,0.9990,150.00,yes
2026-10-05T01:29:02.699228Z,KXBTC15M-26OCT042130-30,0.9990,35.00,yes
2026-10-05T01:29:02.699228Z,KXBTC15M-26OCT042130-30,0.9990,35.00,yes
2026-10-05T01:29:02.699228Z,KXBTC15M-26OCT042130-30,0.9990,75.00,yes
2026-10-05T01:29:02.699228Z,KXBTC15M-26OCT042130-30,0.9990,2503.85,yes
2026-10-05T01:29:02.699228Z,KXBTC15M-26OCT042130-30,0.9990,35.00,yes
2026-10-05T01:29:02.699228Z,KXBTC15M-26OCT042130-30,0.9990,45.00,yes
2026-10-05T01:29:02.699228Z,KXBTC15M-26OCT042130-30,0.9990,75.00,yes
2026-10-05T01:29:02.699228Z,KXBTC15M-26OCT042130-30,0.9990,35.00,yes
2026-10-05T01:29:02.699228Z,KXBTC15M-26OCT042130-30,0.9990,45.00,yes
2026-10-05T01:29:02.699228Z,KXBTC15M-26OCT042130-30,0.9990,45.00,yes
2026-10-05T01:29:02.699228Z,KXBTC15M-26OCT042130-30,0.9990,75.00,yes
2026-10-05T01:29:02.699228Z,KXBTC15M-26OCT042130-30,0.9990,332.85,yes
2026-10-05T01:29:02.699228Z,KXBTC15M-26OCT042130-30,0.9990,75.00,yes
2026-10-05T01:29:02.699228Z,KXBTC15M-26OCT042130-30,0.9990,35.00,yes
2026-10-05T01:29:02.699228Z,KXBTC15M-26OCT042130-30,0.9990,35.00,yes
2026-10-05T01:29:02.699228Z,KXBTC15M-26OCT042130-30,0.9990,75.00,yes
2026-10-05T01:29:02.699228Z,KXBTC15M-26OCT042130-30,0.9990,35.00,yes
2026-10-05T01:29:02.699228Z,KXBTC15M-26OCT042130-30,0.9990,75.00,yes
2026-10-05T01:29:02.699228Z,KXBTC15M-26OCT042130-30,0.9990,35.00,yes
2026-10-05T01:29:02.699228Z,KXBTC15M-26OCT042130-30,0.9990,45.00,yes
2026-10-05T01:29:02.699228Z,KXBTC15M-26OCT042130-30,0.9990,75.00,yes
2026-10-05T01:29:02.699228Z,KXBTC15M-26OCT042130-30,0.9990,45.00,yes
2026-10-05T01:29:02.699228Z,KXBTC15M-26OCT042130-30,0.9990,75.00,yes
2026-10-05T01:29:02.699228Z,KXBTC15M-26OCT042130-30,0.9990,35.00,yes
2026-10-05T01:29:02.699228Z,KXBTC15M-26OCT042130-30,0.9990,10.00,yes
2026-10-05T01:29:02.699228Z,KXBTC15M-26OCT042130-30,0.9990,15.00,yes
2026-10-05T01:29:02.699228Z,KXBTC15M-26OCT042130-30,0.9990,15.00,yes
2026-10-05T01:29:02.699228Z,KXBTC15M-26OCT042130-30,0.9990,15.00,yes
2026-10-05T01:29:02.699228Z,KXBTC15M-26OCT042130-30,0.9990,15.00,yes
2026-10-05T01:29:02.699228Z,KXBTC15M-26OCT042130-30,0.9990,500.00,yes
2026-10-05T01:29:02.699228Z,KXBTC15M-26OCT042130-30,0.9990,15.00,yes
2026-10-05T01:29:02.699228Z,KXBTC15M-26OCT042130-30,0.9990,58.00,yes
2026-10-05T01:29:02.699228Z,KXBTC15M-26OCT042130-30,0.9990,6.00,yes
2026-10-05T01:29:02.699228Z,KXBTC15M-26OCT042130-30,0.9990,1914.01,yes
2026-10-05T01:29:02.699228Z,KXBTC15M-26OCT042130-30,0.9990,2365.21,yes
2026-10-05T01:29:02.699228Z,KXBTC15M-26OCT042130-30,0.9990,0.01,yes
2026-10-05T01:29:02.699228Z,KXBTC15M-26OCT042130-30,0.9990,1.00,yes
2026-10-05T01:29:02.699228Z,KXBTC15M-26OCT042130-30,0.9990,15.00,yes
2026-10-05T01:29:02.699228Z,KXBTC15M-26OCT042130-30,0.9990,15.00,yes
2026-10-05T01:29:02.699228Z,KXBTC15M-26OCT042130-30,0.9990,15.00,yes
2026-10-05T01:29:02.699228Z,KXBTC15M-26OCT042130-30,0.9990,100.00,yes
2026-10-05T01:29:02.699228Z,KXBTC15M-26OCT042130-30,0.9990,0.01,yes
2026-10-05T01:29:02.699228Z,KXBTC15M-26OCT042130-30,0.9990,35.00,yes
2026-10-05T01:29:02.699228Z,KXBTC15M-26OCT042130-30,0.9990,250.60,yes
2026-10-05T01:29:02.699228Z,KXBTC15M-26OCT042130-30,0.9990,35.00,yes
2026-10-05T01:29:02.699228Z,KXBTC15M-26OCT042130-30,0.9990,2000.00,yes
2026-10-05T01:29:02.699228Z,KXBTC15M-26OCT042130-30,0.9990,10.00,yes
2026-10-05T01:29:02.699228Z,KXBTC15M-26OCT042130-30,0.9990,10.00,yes
2026-10-05T01:29:02.699228Z,KXBTC15M-26OCT042130-30,0.9990,20000.00,yes
2026-10-05T01:29:02.699228Z,KXBTC15M-26OCT042130-30,0.9990,200.00,yes
2026-10-05T01:29:02.699228Z,KXBTC15M-26OCT042130-30,0.9990,1.00,yes
2026-10-05T01:29:02.699228Z,KXBTC15M-26OCT042130-30,0.9990,2000.00,yes
2026-10-05T01:29:02.699228Z,KXBTC15M-26OCT042130-30,0.9990,86792.07,yes
2026-10-05T01:29:02.699228Z,KXBTC15M-26OCT042130-30,0.9990,200.00,yes
2026-10-05T01:29:02.699228Z,KXBTC15M-26OCT042130-30,0.9990,1.00,yes
2026-10-05T01:29:02.699228Z,KXBTC15M-26OCT042130-30,0.9990,200.00,yes
2026-10-05T01:29:02.699228Z,KXBTC15M-26OCT042130-30,0.9990,100.00,yes
2026-10-05T01:29:02.699228Z,KXBTC15M-26OCT042130-30,0.9990,1.00,yes
2026-10-05T01:29:02.699228Z,KXBTC15M-26OCT042130-30,0.9990,35.00,yes
2026-10-05T01:29:02.699228Z,KXBTC15M-26OCT042130-30,0.9990,75.00,yes
2026-10-05T01:29:02.699228Z,KXBTC15M-26OCT042130-30,0.9990,50.00,yes
2026-10-05T01:29:02.769099Z,KXBTC15M-26OCT042130-30,0.9990,2336.79,no
2026-10-05T01:29:02.853022Z,KXBTC15M-26OCT042130-30,0.9990,467.00,no
2026-10-05T01:29:02.903538Z,KXBTC15M-26OCT042130-30,0.9990,20.37,no
2026-10-05T01:29:03.140375Z,KXBTC15M-26OCT042130-30,0.9990,12.71,no
2026-10-05T01:29:03.225817Z,KXBTC15M-26OCT042130-30,0.9990,50.00,no
2026-10-05T01:29:03.514082Z,KXBTC15M-26OCT042130-30,0.9990,106.27,no
2026-10-05T01:29:03.641351Z,KXBTC15M-26OCT042130-30,0.9990,915.99,no
2026-10-05T01:29:03.667777Z,KXBTC15M-26OCT042130-30,0.9990,3.01,no
2026-10-05T01:29:03.675518Z,KXBTC15M-26OCT042130-30,0.9990,915.99,no
2026-10-05T01:29:03.685357Z,KXBTC15M-26OCT042130-30,0.9990,181.33,no
2026-10-05T01:29:03.756569Z,KXBTC15M-26OCT042130-30,0.9990,1.00,no
2026-10-05T01:29:03.847425Z,KXBTC15M-26OCT042130-30,0.9990,0.02,no
2026-10-05T01:29:03.850564Z,KXBTC15M-26OCT042130-30,0.9990,0.02,no
2026-10-05T01:29:03.881243Z,KXBTC15M-26OCT042130-30,0.9990,915.99,no
2026-10-05T01:29:03.903655Z,KXBTC15M-26OCT042130-30,0.9990,91.62,no
2026-10-05T01:29:03.906526Z,KXBTC15M-26OCT042130-30,0.9990,9.01,no
2026-10-05T01:29:03.941066Z,KXBTC15M-26OCT042130-30,0.9990,932.00,no
2026-10-05T01:29:04.092062Z,KXBTC15M-26OCT042130-30,0.9990,6.01,no
2026-10-05T01:29:04.128591Z,KXBTC15M-26OCT042130-30,0.9990,824.36,no
2026-10-05T01:29:04.181011Z,KXBTC15M-26OCT042130-30,0.9990,458.04,no
2026-10-05T01:29:04.23383Z,KXBTC15M-26OCT042130-30,0.9990,18.67,no
2026-10-05T01:29:04.678596Z,KXBTC15M-26OCT042130-30,0.9990,915.99,no
2026-10-05T01:29:05.57975Z,KXBTC15M-26OCT042130-30,0.9990,2747.91,no
2026-10-05T01:29:05.593999Z,KXBTC15M-26OCT042130-30,0.9990,915.99,no
2026-10-05T01:29:05.643646Z,KXBTC15M-26OCT042130-30,0.9990,6411.64,no
2026-10-05T01:29:05.664622Z,KXBTC15M-26OCT042130-30,0.9990,9.20,no
2026-10-05T01:29:05.676807Z,KXBTC15M-26OCT042130-30,0.9990,402.84,no
2026-10-05T01:29:05.695788Z,KXBTC15M-26OCT042130-30,0.9990,458.04,no
2026-10-05T01:29:05.817554Z,KXBTC15M-26OCT042130-30,0.9990,25.25,no
2026-10-05T01:29:05.903895Z,KXBTC15M-26OCT042130-30,0.9990,455.71,no
2026-10-05T01:29:05.937161Z,KXBTC15M-26OCT042130-30,0.9990,0.02,no
2026-10-05T01:29:06.034235Z,KXBTC15M-26OCT042130-30,0.9990,915.99,no
2026-10-05T01:29:06.426281Z,KXBTC15M-26OCT042130-30,0.9990,17.03,no
2026-10-05T01:29:06.42652Z,KXBTC15M-26OCT042130-30,0.9990,348.03,no
2026-10-05T01:29:06.5546Z,KXBTC15M-26OCT042130-30,0.9990,345.09,no
2026-10-05T01:29:06.575701Z,KXBTC15M-26OCT042130-30,0.9990,195.07,no
2026-10-05T01:29:06.710563Z,KXBTC15M-26OCT042130-30,0.9990,27.52,no
2026-10-05T01:29:06.844075Z,KXBTC15M-26OCT042130-30,0.9990,230.87,no
2026-10-05T01:29:06.894713Z,KXBTC15M-26OCT042130-30,0.9990,448.69,no
2026-10-05T01:29:07.018729Z,KXBTC15M-26OCT042130-30,0.9990,183.25,no
2026-10-05T01:29:07.107079Z,KXBTC15M-26OCT042130-30,0.9990,51.10,no
2026-10-05T01:29:07.128234Z,KXBTC15M-26OCT042130-30,0.9990,9200.71,no
2026-10-05T01:29:07.211582Z,KXBTC15M-26OCT042130-30,0.9990,0.02,no
2026-10-05T01:29:07.241468Z,KXBTC15M-26OCT042130-30,0.9990,9159.55,no
2026-10-05T01:29:07.313288Z,KXBTC15M-26OCT042130-30,0.9990,5.13,no
2026-10-05T01:29:07.359487Z,KXBTC15M-26OCT042130-30,0.9990,32.30,no
2026-10-05T01:29:07.551404Z,KXBTC15M-26OCT042130-30,0.9990,102.48,no
2026-10-05T01:29:07.593144Z,KXBTC15M-26OCT042130-30,0.9990,3606.77,no
2026-10-05T01:29:07.658823Z,KXBTC15M-26OCT042130-30,0.9990,9159.55,no
2026-10-05T01:29:07.816506Z,KXBTC15M-26OCT042130-30,0.9990,37.23,no
2026-10-05T01:29:07.850562Z,KXBTC15M-26OCT042130-30,0.9990,1147.00,no
2026-10-05T01:29:07.90751Z,KXBTC15M-26OCT042130-30,0.9990,915.99,no
2026-10-05T01:29:08.071375Z,KXBTC15M-26OCT042130-30,0.9990,512.57,no
2026-10-05T01:29:08.073285Z,KXBTC15M-26OCT042130-30,0.9990,458.04,no
2026-10-05T01:29:08.143711Z,KXBTC15M-26OCT042130-30,0.9990,1298.00,no
2026-10-05T01:29:08.15806Z,KXBTC15M-26OCT042130-30,0.9990,450.83,no
2026-10-05T01:29:08.161068Z,KXBTC15M-26OCT042130-30,0.9990,2.02,no
2026-10-05T01:29:08.223049Z,KXBTC15M-26OCT042130-30,0.9990,0.02,no
2026-10-05T01:29:08.239518Z,KXBTC15M-26OCT042130-30,0.9990,0.02,no
2026-10-05T01:29:08.240699Z,KXBTC15M-26OCT042130-30,0.9990,0.02,no
2026-10-05T01:29:08.419398Z,KXBTC15M-26OCT042130-30,0.9990,200.00,no
2026-10-05T01:29:08.450771Z,KXBTC15M-26OCT042130-30,0.9990,2.15,no
2026-10-05T01:29:08.541795Z,KXBTC15M-26OCT042130-30,0.9990,91.62,no
2026-10-05T01:29:08.736108Z,KXBTC15M-26OCT042130-30,0.9990,1478.25,no
2026-10-05T01:29:08.885779Z,KXBTC15M-26OCT042130-30,0.9990,1168.00,no
2026-10-05T01:29:09.002536Z,KXBTC15M-26OCT042130-30,0.9990,934.69,no
2026-10-05T01:29:09.043187Z,KXBTC15M-26OCT042130-30,0.9990,915.99,no
2026-10-05T01:29:09.080663Z,KXBTC15M-26OCT042130-30,0.9990,188.32,no
2026-10-05T01:29:09.081479Z,KXBTC15M-26OCT042130-30,0.9990,334.58,no
2026-10-05T01:29:09.193439Z,KXBTC15M-26OCT042130-30,0.9990,9.20,no
2026-10-05T01:29:09.20499Z,KXBTC15M-26OCT042130-30,0.9990,6.72,no
2026-10-05T01:29:09.212487Z,KXBTC15M-26OCT042130-30,0.9990,30.11,no
2026-10-05T01:29:09.369112Z,KXBTC15M-26OCT042130-30,0.9990,2.68,no
2026-10-05T01:29:09.672854Z,KXBTC15M-26OCT042130-30,0.9990,458.04,no
2026-10-05T01:29:09.71967Z,KXBTC15M-26OCT042130-30,0.9990,13.10,no
2026-10-05T01:29:10.146469Z,KXBTC15M-26OCT042130-30,0.9990,26.63,no
2026-10-05T01:29:10.24094Z,KXBTC15M-26OCT042130-30,0.9990,0.02,no
2026-10-05T01:29:10.398599Z,KXBTC15M-26OCT042130-30,0.9990,402.80,no
2026-10-05T01:29:10.426372Z,KXBTC15M-26OCT042130-30,0.9990,915.99,no
2026-10-05T01:29:10.463652Z,KXBTC15M-26OCT042130-30,0.9990,300.00,no
2026-10-05T01:29:10.665558Z,KXBTC15M-26OCT042130-30,0.9990,915.99,no
2026-10-05T01:29:10.689473Z,KXBTC15M-26OCT042130-30,0.9990,10.00,no
2026-10-05T01:29:10.706044Z,KXBTC15M-26OCT042130-30,0.9990,1000.00,no
2026-10-05T01:29:10.744091Z,KXBTC15M-26OCT042130-30,0.9990,47.14,no
2026-10-05T01:29:11.267943Z,KXBTC15M-26OCT042130-30,0.9990,915.99,no
2026-10-05T01:29:11.395201Z,KXBTC15M-26OCT042130-30,0.9990,90.00,no
2026-10-05T01:29:11.398303Z,KXBTC15M-26OCT042130-30,0.9990,18.69,no
2026-10-05T01:29:11.631347Z,KXBTC15M-26OCT042130-30,0.9990,549.57,no
2026-10-05T01:29:12.041961Z,KXBTC15M-26OCT042130-30,0.9990,9.20,no
2026-10-05T01:29:12.16892Z,KXBTC15M-26OCT042130-30,0.9990,915.99,no
2026-10-05T01:29:12.219206Z,KXBTC15M-26OCT042130-30,0.9990,91.62,no
2026-10-05T01:29:12.256606Z,KXBTC15M-26OCT042130-30,0.9990,622.87,no
2026-10-05T01:29:12.266689Z,KXBTC15M-26OCT042130-30,0.9990,1860.00,no
2026-10-05T01:29:12.334962Z,KXBTC15M-26OCT042130-30,0.9990,915.99,no
2026-10-05T01:29:12.453245Z,KXBTC15M-26OCT042130-30,0.9990,915.99,no
2026-10-05T01:29:12.561642Z,KXBTC15M-26OCT042130-30,0.9990,915.99,no
2026-10-05T01:29:13.131922Z,KXBTC15M-26OCT042130-30,0.9990,915.99,no
2026-10-05T01:29:13.286887Z,KXBTC15M-26OCT042130-30,0.9990,915.99,no
2026-10-05T01:29:13.326173Z,KXBTC15M-26OCT042130-30,0.9990,467.36,no
2026-10-05T01:29:13.690661Z,KXBTC15M-26OCT042130-30,0.9990,2336.79,no
2026-10-05T01:29:13.853948Z,KXBTC15M-26OCT042130-30,0.9990,17.60,no
2026-10-05T01:29:14.24928Z,KXBTC15M-26OCT042130-30,0.9990,93.49,no
2026-10-05T01:29:14.526323Z,KXBTC15M-26OCT042130-30,0.9990,146.00,no
2026-10-05T01:29:14.802934Z,KXBTC15M-26OCT042130-30,0.9990,0.02,no
2026-10-05T01:29:14.976212Z,KXBTC15M-26OCT042130-30,0.9990,200.00,no
2026-10-05T01:29:15.015902Z,KXBTC15M-26OCT042130-30,0.9990,6.99,no
2026-10-05T01:29:15.019057Z,KXBTC15M-26OCT042130-30,0.9990,1831.90,no
2026-10-05T01:29:15.623873Z,KXBTC15M-26OCT042130-30,0.9990,399.30,no
2026-10-05T01:29:15.665243Z,KXBTC15M-26OCT042130-30,0.9990,458.04,no
2026-10-05T01:29:15.831503Z,KXBTC15M-26OCT042130-30,0.9990,2112.43,no
2026-10-05T01:29:15.941962Z,KXBTC15M-26OCT042130-30,0.9990,133.73,no
2026-10-05T01:29:16.027886Z,KXBTC15M-26OCT042130-30,0.9990,2.00,no
2026-10-05T01:29:16.059914Z,KXBTC15M-26OCT042130-30,0.9990,17.01,no
2026-10-05T01:29:16.086662Z,KXBTC15M-26OCT042130-30,0.9990,161.31,no
2026-10-05T01:29:16.175419Z,KXBTC15M-26OCT042130-30,0.9990,458.04,no
2026-10-05T01:29:16.285022Z,KXBTC15M-26OCT042130-30,0.9990,1101.89,no
2026-10-05T01:29:16.385093Z,KXBTC15M-26OCT042130-30,0.9990,140.14,no
2026-10-05T01:29:16.392261Z,KXBTC15M-26OCT042130-30,0.9990,81.42,no
2026-10-05T01:29:16.581576Z,KXBTC15M-26OCT042130-30,0.9990,91.62,no
2026-10-05T01:29:17.73029Z,KXBTC15M-26OCT042130-30,0.9990,11.89,no
2026-10-05T01:29:17.91645Z,KXBTC15M-26OCT042130-30,0.9990,9.20,no
2026-10-05T01:29:18.438445Z,KXBTC15M-26OCT042130-30,0.9990,66.93,no
2026-10-05T01:29:18.939465Z,KXBTC15M-26OCT042130-30,0.9990,5.02,no
2026-10-05T01:29:18.940876Z,KXBTC15M-26OCT042130-30,0.9990,9.20,no
2026-10-05T01:29:19.574227Z,KXBTC15M-26OCT042130-30,0.9990,29.00,no
2026-10-05T01:29:19.743408Z,KXBTC15M-26OCT042130-30,0.9990,915.99,no
2026-10-05T01:29:19.948793Z,KXBTC15M-26OCT042130-30,0.9990,34.83,no
2026-10-05T01:29:20.00832Z,KXBTC15M-26OCT042130-30,0.9990,2.00,no
2026-10-05T01:29:20.410477Z,KXBTC15M-26OCT042130-30,0.9990,2.72,no
2026-10-05T01:29:20.488329Z,KXBTC15M-26OCT042130-30,0.9990,24.92,no
2026-10-05T01:29:20.531929Z,KXBTC15M-26OCT042130-30,0.9990,915.99,no
2026-10-05T01:29:20.533177Z,KXBTC15M-26OCT042130-30,0.9990,91.62,no
2026-10-05T01:29:20.658604Z,KXBTC15M-26OCT042130-30,0.9990,182.54,no
2026-10-05T01:29:20.658852Z,KXBTC15M-26OCT042130-30,0.9990,9159.55,no
2026-10-05T01:29:20.850193Z,KXBTC15M-26OCT042130-30,0.9990,2.00,no
2026-10-05T01:29:21.12042Z,KXBTC15M-26OCT042130-30,0.9990,133.16,no
2026-10-05T01:29:21.432309Z,KXBTC15M-26OCT042130-30,0.9990,9.20,no
2026-10-05T01:29:21.680503Z,KXBTC15M-26OCT042130-30,0.9990,62.00,no
2026-10-05T01:29:21.830311Z,KXBTC15M-26OCT042130-30,0.9990,1073.00,no
2026-10-05T01:29:21.958206Z,KXBTC15M-26OCT042130-30,0.9990,338.61,no
2026-10-05T01:29:22.082463Z,KXBTC15M-26OCT042130-30,0.9990,10.00,no
2026-10-05T01:29:22.39644Z,KXBTC15M-26OCT042130-30,0.9990,45.85,no
2026-10-05T01:29:22.491797Z,KXBTC15M-26OCT042130-30,0.9990,10.24,no
2026-10-05T01:29:23.143235Z,KXBTC15M-26OCT042130-30,0.9990,897.67,no
2026-10-05T01:29:23.335119Z,KXBTC15M-26OCT042130-30,0.9990,229.01,no
2026-10-05T01:29:23.710802Z,KXBTC15M-26OCT042130-30,0.9990,91.62,no
2026-10-05T01:29:24.15012Z,KXBTC15M-26OCT042130-30,0.9990,62.95,no
2026-10-05T01:29:24.270895Z,KXBTC15M-26OCT042130-30,0.9990,25.51,no
2026-10-05T01:29:24.519247Z,KXBTC15M-26OCT042130-30,0.9990,0.02,no
2026-10-05T01:29:24.525384Z,KXBTC15M-26OCT042130-30,0.9990,0.02,no
2026-10-05T01:29:24.938641Z,KXBTC15M-26OCT042130-30,0.9990,0.02,no
2026-10-05T01:29:24.947012Z,KXBTC15M-26OCT042130-30,0.9990,0.02,no
2026-10-05T01:29:25.054403Z,KXBTC15M-26OCT042130-30,0.9990,68.10,no
2026-10-05T01:29:25.255067Z,KXBTC15M-26OCT042130-30,0.9990,192.36,no
2026-10-05T01:29:25.671547Z,KXBTC15M-26OCT042130-30,0.9990,6.72,no
2026-10-05T01:29:26.307948Z,KXBTC15M-26OCT042130-30,0.9990,7.97,no
2026-10-05T01:29:26.505603Z,KXBTC15M-26OCT042130-30,0.9990,0.02,no
2026-10-05T01:29:26.538833Z,KXBTC15M-26OCT042130-30,0.9990,1831.90,no
2026-10-05T01:29:26.681769Z,KXBTC15M-26OCT042130-30,0.9990,53.99,no
2026-10-05T01:29:26.783997Z,KXBTC15M-26OCT042130-30,0.9990,0.02,no
2026-10-05T01:29:26.932185Z,KXBTC15M-26OCT042130-30,0.9990,934.69,no
2026-10-05T01:29:27.597467Z,KXBTC15M-26OCT042130-30,0.9990,915.99,no
2026-10-05T01:29:27.619387Z,KXBTC15M-26OCT042130-30,0.9990,1.00,no
2026-10-05T01:29:27.673418Z,KXBTC15M-26OCT042130-30,0.9990,0.02,no
2026-10-05T01:29:27.693635Z,KXBTC15M-26OCT042130-30,0.9990,9.20,no
2026-10-05T01:29:27.801857Z,KXBTC15M-26OCT042130-30,0.9990,15.98,no
2026-10-05T01:29:27.816215Z,KXBTC15M-26OCT042130-30,0.9990,18319.03,no
2026-10-05T01:29:27.850217Z,KXBTC15M-26OCT042130-30,0.9990,2.32,no
2026-10-05T01:29:27.906844Z,KXBTC15M-26OCT042130-30,0.9990,915.99,no
2026-10-05T01:29:28.13355Z,KXBTC15M-26OCT042130-30,0.9990,915.99,no
2026-10-05T01:29:29.233036Z,KXBTC15M-26OCT042130-30,0.9990,17.62,no
2026-10-05T01:29:29.764191Z,KXBTC15M-26OCT042130-30,0.9990,915.99,no
2026-10-05T01:29:29.905792Z,KXBTC15M-26OCT042130-30,0.9990,3.07,no
2026-10-05T01:29:31.453927Z,KXBTC15M-26OCT042130-30,0.9990,702.66,no
2026-10-05T01:29:31.558406Z,KXBTC15M-26OCT042130-30,0.9990,93.49,no
2026-10-05T01:29:31.798108Z,KXBTC15M-26OCT042130-30,0.9990,915.99,no
2026-10-05T01:29:32.403464Z,KXBTC15M-26OCT042130-30,0.9990,7.39,no
2026-10-05T01:29:32.46634Z,KXBTC15M-26OCT042130-30,0.9990,476.36,no
2026-10-05T01:29:32.549032Z,KXBTC15M-26OCT042130-30,0.9990,4579.77,no
2026-10-05T01:29:32.840975Z,KXBTC15M-26OCT042130-30,0.9990,23.01,no
2026-10-05T01:29:32.854311Z,KXBTC15M-26OCT042130-30,0.9990,9.20,no
2026-10-05T01:29:33.185816Z,KXBTC15M-26OCT042130-30,0.9990,9.24,no
2026-10-05T01:29:33.54177Z,KXBTC15M-26OCT042130-30,0.9990,2481.40,no
2026-10-05T01:29:34.108257Z,KXBTC15M-26OCT042130-30,0.9990,2.94,no
2026-10-05T01:29:34.749901Z,KXBTC15M-26OCT042130-30,0.9990,91.62,no
2026-10-05T01:29:34.867639Z,KXBTC15M-26OCT042130-30,0.9990,229.01,no
2026-10-05T01:29:34.963317Z,KXBTC15M-26OCT042130-30,0.9990,143.25,no
2026-10-05T01:29:35.053829Z,KXBTC15M-26OCT042130-30,0.9990,915.99,no
2026-10-05T01:29:35.417148Z,KXBTC15M-26OCT042130-30,0.9990,47.14,no
2026-10-05T01:29:35.459273Z,KXBTC15M-26OCT042130-30,0.9990,1.00,no
2026-10-05T01:29:35.668453Z,KXBTC15M-26OCT042130-30,0.9990,732.83,no
2026-10-05T01:29:35.745775Z,KXBTC15M-26OCT042130-30,0.9990,5.05,no
2026-10-05T01:29:36.35657Z,KXBTC15M-26OCT042130-30,0.9990,428.09,no
2026-10-05T01:29:36.614681Z,KXBTC15M-26OCT042130-30,0.9990,915.99,no
2026-10-05T01:29:36.850448Z,KXBTC15M-26OCT042130-30,0.9990,13.81,no
2026-10-05T01:29:36.904353Z,KXBTC15M-26OCT042130-30,0.9990,337.51,no
2026-10-05T01:29:37.551754Z,KXBTC15M-26OCT042130-30,0.9990,1.96,no
2026-10-05T01:29:38.643329Z,KXBTC15M-26OCT042130-30,0.9990,458.04,no
2026-10-05T01:29:38.70487Z,KXBTC15M-26OCT042130-30,0.9990,0.02,no
2026-10-05T01:29:39.091589Z,KXBTC15M-26OCT042130-30,0.9990,4.01,no
2026-10-05T01:29:39.189764Z,KXBTC15M-26OCT042130-30,0.9990,100.00,no
2026-10-05T01:29:39.207242Z,KXBTC15M-26OCT042130-30,0.9990,0.02,no
2026-10-05T01:29:39.439415Z,KXBTC15M-26OCT042130-30,0.9990,1831.90,no
2026-10-05T01:29:39.583615Z,KXBTC15M-26OCT042130-30,0.9990,0.88,no
2026-10-05T01:29:39.759534Z,KXBTC15M-26OCT042130-30,0.9990,17.62,no
2026-10-05T01:29:39.925092Z,KXBTC15M-26OCT042130-30,0.9990,223.29,no
2026-10-05T01:29:40.775643Z,KXBTC15M-26OCT042130-30,0.9990,10.66,no
2026-10-05T01:29:40.783093Z,KXBTC15M-26OCT042130-30,0.9990,9.20,no
2026-10-05T01:29:40.833461Z,KXBTC15M-26OCT042130-30,0.9990,4486.31,no
2026-10-05T01:29:40.846178Z,KXBTC15M-26OCT042130-30,0.9990,18319.03,no
2026-10-05T01:29:41.267514Z,KXBTC15M-26OCT042130-30,0.9990,8.00,no
2026-10-05T01:29:42.275639Z,KXBTC15M-26OCT042130-30,0.9990,1.97,no
2026-10-05T01:29:42.296091Z,KXBTC15M-26OCT042130-30,0.9990,2.19,no
2026-10-05T01:29:42.562561Z,KXBTC15M-26OCT042130-30,0.9990,915.99,no
2026-10-05T01:29:42.58787Z,KXBTC15M-26OCT042130-30,0.9990,3.36,no
2026-10-05T01:29:42.689572Z,KXBTC15M-26OCT042130-30,0.9990,6.13,no
2026-10-05T01:29:42.733976Z,KXBTC15M-26OCT042130-30,0.9990,812.00,no
2026-10-05T01:29:43.40789Z,KXBTC15M-26OCT042130-30,0.9990,229.01,no
2026-10-05T01:29:43.612709Z,KXBTC15M-26OCT042130-30,0.9990,89.75,no
2026-10-05T01:29:45.246758Z,KXBTC15M-26OCT042130-30,0.9990,1831.90,no
2026-10-05T01:29:45.617918Z,KXBTC15M-26OCT042130-30,0.9990,4.00,no
2026-10-05T01:29:46.031576Z,KXBTC15M-26OCT042130-30,0.9990,915.99,no
2026-10-05T01:29:46.137723Z,KXBTC15M-26OCT042130-30,0.9990,1831.90,no
2026-10-05T01:29:46.810219Z,KXBTC15M-26OCT042130-30,0.9990,0.02,no
2026-10-05T01:29:48.608053Z,KXBTC15M-26OCT042130-30,0.9990,9.20,no
2026-10-05T01:29:48.737559Z,KXBTC15M-26OCT042130-30,0.9990,91.62,no
2026-10-05T01:29:48.845691Z,KXBTC15M-26OCT042130-30,0.9990,915.99,no
2026-10-05T01:29:48.999854Z,KXBTC15M-26OCT042130-30,0.9990,915.99,no
2026-10-05T01:29:49.04358Z,KXBTC15M-26OCT042130-30,0.9990,3.03,no
2026-10-05T01:29:49.284004Z,KXBTC15M-26OCT042130-30,0.9990,915.99,no
2026-10-05T01:29:49.35169Z,KXBTC15M-26OCT042130-30,0.9990,6.37,no
2026-10-05T01:29:49.779564Z,KXBTC15M-26OCT042130-30,0.9990,32.04,no
2026-10-05T01:29:49.799582Z,KXBTC15M-26OCT042130-30,0.9990,1500.00,no
2026-10-05T01:29:50.031818Z,KXBTC15M-26OCT042130-30,0.9990,0.02,no
2026-10-05T01:29:50.059164Z,KXBTC15M-26OCT042130-30,0.9990,40.11,no
2026-10-05T01:29:50.588463Z,KXBTC15M-26OCT042130-30,0.9990,21.39,no
2026-10-05T01:29:50.745554Z,KXBTC15M-26OCT042130-30,0.9990,5.42,no
2026-10-05T01:29:50.760467Z,KXBTC15M-26OCT042130-30,0.9990,18.69,no
2026-10-05T01:29:51.123918Z,KXBTC15M-26OCT042130-30,0.9990,5.00,no
2026-10-05T01:29:51.156405Z,KXBTC15M-26OCT042130-30,0.9990,915.99,no
2026-10-05T01:29:51.182281Z,KXBTC15M-26OCT042130-30,0.9990,2.23,no
2026-10-05T01:29:51.192414Z,KXBTC15M-26OCT042130-30,0.9990,2.26,no
2026-10-05T01:29:51.216881Z,KXBTC15M-26OCT042130-30,0.9990,200.00,no
2026-10-05T01:29:51.248206Z,KXBTC15M-26OCT042130-30,0.9990,1.76,no
2026-10-05T01:29:51.27132Z,KXBTC15M-26OCT042130-30,0.9990,27.34,no
2026-10-05T01:29:51.281449Z,KXBTC15M-26OCT042130-30,0.9990,25.27,no
2026-10-05T01:29:51.585498Z,KXBTC15M-26OCT042130-30,0.9990,1.00,no
2026-10-05T01:29:51.660822Z,KXBTC15M-26OCT042130-30,0.9990,31.56,no
2026-10-05T01:29:51.76254Z,KXBTC15M-26OCT042130-30,0.9990,1.32,no
2026-10-05T01:29:52.046356Z,KXBTC15M-26OCT042130-30,0.9990,915.99,no
2026-10-05T01:29:52.185486Z,KXBTC15M-26OCT042130-30,0.9990,20.82,no
2026-10-05T01:29:52.225074Z,KXBTC15M-26OCT042130-30,0.9990,5.05,no
2026-10-05T01:29:52.411651Z,KXBTC15M-26OCT042130-30,0.9990,915.99,no
2026-10-05T01:29:52.616101Z,KXBTC15M-26OCT042130-30,0.9990,9159.55,no
2026-10-05T01:29:53.105698Z,KXBTC15M-26OCT042130-30,0.9990,5.36,no
2026-10-05T01:29:53.326178Z,KXBTC15M-26OCT042130-30,0.9990,6411.64,no
2026-10-05T01:29:53.481173Z,KXBTC15M-26OCT042130-30,0.9990,915.99,no
2026-10-05T01:29:53.523711Z,KXBTC15M-26OCT042130-30,0.9990,915.99,no
2026-10-05T01:29:53.655458Z,KXBTC15M-26OCT042130-30,0.9990,200.00,no
2026-10-05T01:29:53.655458Z,KXBTC15M-26OCT042130-30,0.9990,999.00,no
2026-10-05T01:29:53.655458Z,KXBTC15M-26OCT042130-30,0.9990,50.00,no
2026-10-05T01:29:53.655458Z,KXBTC15M-26OCT042130-30,0.9990,1001.00,no
2026-10-05T01:29:53.655458Z,KXBTC15M-26OCT042130-30,0.9990,410.41,no
2026-10-05T01:29:53.655458Z,KXBTC15M-26OCT042130-30,0.9990,3000.00,no
2026-10-05T01:29:53.655458Z,KXBTC15M-26OCT042130-30,0.9990,21.69,no
2026-10-05T01:29:53.655458Z,KXBTC15M-26OCT042130-30,0.9990,2165.69,no
2026-10-05T01:29:53.655458Z,KXBTC15M-26OCT042130-30,0.9990,100.00,no
2026-10-05T01:29:53.655458Z,KXBTC15M-26OCT042130-30,0.9990,86.76,no
2026-10-05T01:29:53.655458Z,KXBTC15M-26OCT042130-30,0.9990,84.56,no
2026-10-05T01:29:53.655458Z,KXBTC15M-26OCT042130-30,0.9990,36.00,no
2026-10-05T01:29:53.655458Z,KXBTC15M-26OCT042130-30,0.9990,9932.81,no
2026-10-05T01:29:53.655458Z,KXBTC15M-26OCT042130-30,0.9990,35.03,no
2026-10-05T01:29:53.655458Z,KXBTC15M-26OCT042130-30,0.9990,88.28,no
2026-10-05T01:29:53.655458Z,KXBTC15M-26OCT042130-30,0.9990,519.82,no
2026-10-05T01:29:53.655458Z,KXBTC15M-26OCT042130-30,0.9990,152.71,no
2026-10-05T01:29:53.655458Z,KXBTC15M-26OCT042130-30,0.9990,50.04,no
2026-10-05T01:29:53.655458Z,KXBTC15M-26OCT042130-30,0.9990,500.00,no
2026-10-05T01:29:53.655458Z,KXBTC15M-26OCT042130-30,0.9990,25256.60,no
2026-10-05T01:29:53.655458Z,KXBTC15M-26OCT042130-30,0.9990,91.23,no
2026-10-05T01:29:53.655458Z,KXBTC15M-26OCT042130-30,0.9990,20.01,no
2026-10-05T01:29:53.655458Z,KXBTC15M-26OCT042130-30,0.9990,375.00,no
2026-10-05T01:29:53.655458Z,KXBTC15M-26OCT042130-30,0.9990,45.80,no
2026-10-05T01:29:53.655458Z,KXBTC15M-26OCT042130-30,0.9990,575.00,no
2026-10-05T01:29:53.884687Z,KXBTC15M-26OCT042130-30,0.9990,91.62,no
2026-10-05T01:29:54.230695Z,KXBTC15M-26OCT042130-30,0.9990,1.00,no
2026-10-05T01:29:54.928785Z,KXBTC15M-26OCT042130-30,0.9990,6.90,no
2026-10-05T01:29:55.552914Z,KXBTC15M-26OCT042130-30,0.9990,2.01,no
2026-10-05T01:29:55.837895Z,KXBTC15M-26OCT042130-30,0.9990,9159.55,no
2026-10-05T01:29:56.277311Z,KXBTC15M-26OCT042130-30,0.9990,0.02,no
2026-10-05T01:29:56.287523Z,KXBTC15M-26OCT042130-30,0.9990,0.46,no
2026-10-05T01:29:56.742512Z,KXBTC15M-26OCT042130-30,0.9990,915.99,no
2026-10-05T01:29:56.978906Z,KXBTC15M-26OCT042130-30,0.9990,15.11,no
2026-10-05T01:29:57.183174Z,KXBTC15M-26OCT042130-30,0.9990,18.00,no
2026-10-05T01:29:57.882894Z,KXBTC15M-26OCT042130-30,0.9990,915.99,no
2026-10-05T01:29:57.909494Z,KXBTC15M-26OCT042130-30,0.9990,10.21,no
2026-10-05T01:29:58.164643Z,KXBTC15M-26OCT042130-30,0.9990,47.14,no
2026-10-05T01:29:58.655295Z,KXBTC15M-26OCT042130-30,0.9990,2.65,no
2026-10-05T01:29:58.936974Z,KXBTC15M-26OCT042130-30,0.9990,46.61,no
2026-10-05T01:29:58.960877Z,KXBTC15M-26OCT042130-30,0.9990,214.66,no
2026-10-05T01:29:58.960877Z,KXBTC15M-26OCT042130-30,0.9990,425.00,no
2026-10-05T01:29:58.960877Z,KXBTC15M-26OCT042130-30,0.9990,1414.62,no
2026-10-05T01:29:58.960877Z,KXBTC15M-26OCT042130-30,0.9990,3683.00,no
2026-10-05T01:29:58.960877Z,KXBTC15M-26OCT042130-30,0.9990,250.00,no
2026-10-05T01:29:58.960877Z,KXBTC15M-26OCT042130-30,0.9990,4084.33,no
2026-10-05T01:29:58.960877Z,KXBTC15M-26OCT042130-30,0.9990,2751.68,no
2026-10-05T01:29:59.024667Z,KXBTC15M-26OCT042130-30,0.9990,830.38,no
2026-10-05T01:29:59.024667Z,KXBTC15M-26OCT042130-30,0.9990,85.61,no
2026-10-05T01:29:59.03172Z,KXBTC15M-26OCT042130-30,0.9990,100.00,no
2026-10-05T01:29:59.03172Z,KXBTC15M-26OCT042130-30,0.9990,1001.00,no
2026-10-05T01:29:59.03172Z,KXBTC15M-26OCT042130-30,0.9990,91.00,no
2026-10-05T01:29:59.03172Z,KXBTC15M-26OCT042130-30,0.9990,70.00,no
2026-10-05T01:29:59.03172Z,KXBTC15M-26OCT042130-30,0.9990,80.00,no
2026-10-05T01:29:59.03172Z,KXBTC15M-26OCT042130-30,0.9990,85.87,no
2026-10-05T01:29:59.03172Z,KXBTC15M-26OCT042130-30,0.9990,400.00,no
2026-10-05T01:29:59.03172Z,KXBTC15M-26OCT042130-30,0.9990,1669.62,no
2026-10-05T01:29:59.03172Z,KXBTC15M-26OCT042130-30,0.9990,1627.08,no
2026-10-05T01:29:59.03172Z,KXBTC15M-26OCT042130-30,0.9990,393.15,no
2026-10-05T01:29:59.03172Z,KXBTC15M-26OCT042130-30,0.9990,1432.99,no
2026-10-05T01:29:59.03172Z,KXBTC15M-26OCT042130-30,0.9990,993.99,no
2026-10-05T01:29:59.03172Z,KXBTC15M-26OCT042130-30,0.9990,298.85,no
2026-10-05T01:29:59.082366Z,KXBTC15M-26OCT042130-30,0.9990,2.01,no
2026-10-05T01:29:59.151901Z,KXBTC15M-26OCT042130-30,0.9990,23.33,no
2026-10-05T01:29:59.371467Z,KXBTC15M-26OCT042130-30,0.9990,915.99,no
2026-10-05T01:29:59.903896Z,KXBTC15M-26OCT042130-30,0.9990,0.82,no
2026-10-05T01:27:18.381318Z,KXDOGE15M-26OCT042130-30,0.9810,1.02,no
2026-10-05T01:27:19.448196Z,KXDOGE15M-26OCT042130-30,0.9820,2.00,yes
2026-10-05T01:27:20.342409Z,KXDOGE15M-26OCT042130-30,0.9810,48.26,no
2026-10-05T01:27:20.555901Z,KXDOGE15M-26OCT042130-30,0.9820,1.00,yes
2026-10-05T01:27:21.296279Z,KXDOGE15M-26OCT042130-30,0.9820,5.00,yes
2026-10-05T01:27:22.136074Z,KXDOGE15M-26OCT042130-30,0.9800,8.42,no
2026-10-05T01:27:22.136074Z,KXDOGE15M-26OCT042130-30,0.9810,0.03,no
2026-10-05T01:27:22.136074Z,KXDOGE15M-26OCT042130-30,0.9810,2.00,no
2026-10-05T01:27:22.136074Z,KXDOGE15M-26OCT042130-30,0.9810,1.01,no
2026-10-05T01:27:22.136074Z,KXDOGE15M-26OCT042130-30,0.9810,36.10,no
2026-10-05T01:27:22.136074Z,KXDOGE15M-26OCT042130-30,0.9810,0.99,no
2026-10-05T01:27:22.385786Z,KXDOGE15M-26OCT042130-30,0.9860,2.00,yes
2026-10-05T01:27:22.586725Z,KXDOGE15M-26OCT042130-30,0.9860,1.00,yes
2026-10-05T01:27:24.415037Z,KXDOGE15M-26OCT042130-30,0.9860,10.00,yes
2026-10-05T01:27:24.505556Z,KXDOGE15M-26OCT042130-30,0.9780,0.03,no
2026-10-05T01:27:24.505556Z,KXDOGE15M-26OCT042130-30,0.9790,28.00,no
2026-10-05T01:27:24.505556Z,KXDOGE15M-26OCT042130-30,0.9780,19.00,no
2026-10-05T01:27:24.505556Z,KXDOGE15M-26OCT042130-30,0.9770,10.00,no
2026-10-05T01:27:24.505556Z,KXDOGE15M-26OCT042130-30,0.9810,0.03,no
2026-10-05T01:27:24.505556Z,KXDOGE15M-26OCT042130-30,0.9810,1.00,no
2026-10-05T01:27:24.505556Z,KXDOGE15M-26OCT042130-30,0.9760,0.03,no
2026-10-05T01:27:24.505556Z,KXDOGE15M-26OCT042130-30,0.9760,5.00,no
2026-10-05T01:27:24.505556Z,KXDOGE15M-26OCT042130-30,0.9750,0.03,no
2026-10-05T01:27:24.505556Z,KXDOGE15M-26OCT042130-30,0.9790,4.00,no
2026-10-05T01:27:24.505556Z,KXDOGE15M-26OCT042130-30,0.9800,2.58,no
2026-10-05T01:27:24.505556Z,KXDOGE15M-26OCT042130-30,0.9790,0.03,no
2026-10-05T01:27:24.505556Z,KXDOGE15M-26OCT042130-30,0.9790,2.00,no
2026-10-05T01:27:24.505556Z,KXDOGE15M-26OCT042130-30,0.9800,0.03,no
2026-10-05T01:27:24.505556Z,KXDOGE15M-26OCT042130-30,0.9790,15.00,no
2026-10-05T01:27:24.505556Z,KXDOGE15M-26OCT042130-30,0.9720,61.62,no
2026-10-05T01:27:24.505556Z,KXDOGE15M-26OCT042130-30,0.9730,33.00,no
2026-10-05T01:27:24.597835Z,KXDOGE15M-26OCT042130-30,0.9860,5.00,yes
2026-10-05T01:27:24.597835Z,KXDOGE15M-26OCT042130-30,0.9860,1.97,yes
2026-10-05T01:27:24.597835Z,KXDOGE15M-26OCT042130-30,0.9860,1.00,yes
2026-10-05T01:27:24.597835Z,KXDOGE15M-26OCT042130-30,0.9860,0.03,yes
2026-10-05T01:27:24.597835Z,KXDOGE15M-26OCT042130-30,0.9860,2.00,yes
2026-10-05T01:27:24.598204Z,KXDOGE15M-26OCT042130-30,0.9860,8.03,yes
2026-10-05T01:27:24.598204Z,KXDOGE15M-26OCT042130-30,0.9870,1.97,yes
2026-10-05T01:27:27.005077Z,KXDOGE15M-26OCT042130-30,0.9780,10.00,no
2026-10-05T01:27:27.005077Z,KXDOGE15M-26OCT042130-30,0.9830,1.00,no
2026-10-05T01:27:27.005077Z,KXDOGE15M-26OCT042130-30,0.9830,1.00,no
2026-10-05T01:27:27.005077Z,KXDOGE15M-26OCT042130-30,0.9780,0.03,no
2026-10-05T01:27:27.005077Z,KXDOGE15M-26OCT042130-30,0.9780,3.00,no
2026-10-05T01:27:27.005077Z,KXDOGE15M-26OCT042130-30,0.9810,1.97,no
2026-10-05T01:27:27.005077Z,KXDOGE15M-26OCT042130-30,0.9820,53.00,no
2026-10-05T01:27:27.005077Z,KXDOGE15M-26OCT042130-30,0.9770,0.03,no
2026-10-05T01:27:27.005077Z,KXDOGE15M-26OCT042130-30,0.9770,2.00,no
2026-10-05T01:27:27.005077Z,KXDOGE15M-26OCT042130-30,0.9770,31.87,no
2026-10-05T01:27:27.448705Z,KXDOGE15M-26OCT042130-30,0.9780,3.00,no
2026-10-05T01:27:27.448705Z,KXDOGE15M-26OCT042130-30,0.9770,3.00,no
2026-10-05T01:27:27.448705Z,KXDOGE15M-26OCT042130-30,0.9760,13.27,no
2026-10-05T01:27:27.566015Z,KXDOGE15M-26OCT042130-30,0.9860,1.00,yes
2026-10-05T01:27:27.779682Z,KXDOGE15M-26OCT042130-30,0.9860,5.00,yes
2026-10-05T01:27:28.385569Z,KXDOGE15M-26OCT042130-30,0.9860,14.00,yes
2026-10-05T01:27:28.394818Z,KXDOGE15M-26OCT042130-30,0.9860,1.00,yes
2026-10-05T01:27:28.394818Z,KXDOGE15M-26OCT042130-30,0.9860,1.00,yes
2026-10-05T01:27:28.502077Z,KXDOGE15M-26OCT042130-30,0.9860,1.00,yes
2026-10-05T01:27:28.858168Z,KXDOGE15M-26OCT042130-30,0.9860,14.00,yes
2026-10-05T01:27:28.894479Z,KXDOGE15M-26OCT042130-30,0.9780,1.00,no
2026-10-05T01:27:28.894479Z,KXDOGE15M-26OCT042130-30,0.9770,1.00,no
2026-10-05T01:27:28.894479Z,KXDOGE15M-26OCT042130-30,0.9770,2.06,no
2026-10-05T01:27:29.205152Z,KXDOGE15M-26OCT042130-30,0.9790,1.00,no
2026-10-05T01:27:29.205152Z,KXDOGE15M-26OCT042130-30,0.9800,1.00,no
2026-10-05T01:27:29.396852Z,KXDOGE15M-26OCT042130-30,0.9860,0.03,yes
2026-10-05T01:27:29.396852Z,KXDOGE15M-26OCT042130-30,0.9860,1.00,yes
2026-10-05T01:27:29.396852Z,KXDOGE15M-26OCT042130-30,0.9860,1.00,yes
2026-10-05T01:27:29.396852Z,KXDOGE15M-26OCT042130-30,0.9860,0.97,yes
2026-10-05T01:27:29.396852Z,KXDOGE15M-26OCT042130-30,0.9860,2.00,yes
2026-10-05T01:27:29.406577Z,KXDOGE15M-26OCT042130-30,0.9870,2.00,yes
2026-10-05T01:27:29.413328Z,KXDOGE15M-26OCT042130-30,0.9860,2.00,yes
2026-10-05T01:27:29.441908Z,KXDOGE15M-26OCT042130-30,0.9860,1.00,yes
2026-10-05T01:27:29.449803Z,KXDOGE15M-26OCT042130-30,0.9860,4.00,yes
2026-10-05T01:27:29.501764Z,KXDOGE15M-26OCT042130-30,0.9860,1.00,yes
2026-10-05T01:27:29.565748Z,KXDOGE15M-26OCT042130-30,0.9860,18.00,yes
2026-10-05T01:27:29.565748Z,KXDOGE15M-26OCT042130-30,0.9860,12.00,yes
2026-10-05T01:27:29.565748Z,KXDOGE15M-26OCT042130-30,0.9860,0.03,yes
2026-10-05T01:27:29.565748Z,KXDOGE15M-26OCT042130-30,0.9870,0.59,yes
2026-10-05T01:27:29.565748Z,KXDOGE15M-26OCT042130-30,0.9870,34.39,yes
2026-10-05T01:27:29.565748Z,KXDOGE15M-26OCT042130-30,0.9870,1.02,yes
2026-10-05T01:27:29.565748Z,KXDOGE15M-26OCT042130-30,0.9870,0.03,yes
2026-10-05T01:27:29.565748Z,KXDOGE15M-26OCT042130-30,0.9870,48.26,yes
2026-10-05T01:27:29.565748Z,KXDOGE15M-26OCT042130-30,0.9870,1.00,yes
2026-10-05T01:27:29.565748Z,KXDOGE15M-26OCT042130-30,0.9870,66.06,yes
2026-10-05T01:27:30.118535Z,KXDOGE15M-26OCT042130-30,0.9870,1.71,yes
2026-10-05T01:27:30.118535Z,KXDOGE15M-26OCT042130-30,0.9870,1.01,yes
2026-10-05T01:27:30.118535Z,KXDOGE15M-26OCT042130-30,0.9870,1.29,yes
2026-10-05T01:27:30.118535Z,KXDOGE15M-26OCT042130-30,0.9870,0.99,yes
2026-10-05T01:27:30.261548Z,KXDOGE15M-26OCT042130-30,0.9820,103.96,no
2026-10-05T01:27:30.462665Z,KXDOGE15M-26OCT042130-30,0.9820,2.59,no
2026-10-05T01:27:30.4805Z,KXDOGE15M-26OCT042130-30,0.9870,1.97,yes
2026-10-05T01:27:30.4805Z,KXDOGE15M-26OCT042130-30,0.9870,0.32,yes
2026-10-05T01:27:30.4805Z,KXDOGE15M-26OCT042130-30,0.9870,0.71,yes
2026-10-05T01:27:30.500708Z,KXDOGE15M-26OCT042130-30,0.9820,2.00,no
2026-10-05T01:27:30.572956Z,KXDOGE15M-26OCT042130-30,0.9870,17.00,yes
2026-10-05T01:27:32.071257Z,KXDOGE15M-26OCT042130-30,0.9840,3.30,yes
2026-10-05T01:27:34.566049Z,KXDOGE15M-26OCT042130-30,0.9850,4.64,yes
2026-10-05T01:27:35.117191Z,KXDOGE15M-26OCT042130-30,0.9860,1.01,yes
2026-10-05T01:27:35.578724Z,KXDOGE15M-26OCT042130-30,0.9870,1.00,yes
2026-10-05T01:27:35.578724Z,KXDOGE15M-26OCT042130-30,0.9870,2.00,yes
2026-10-05T01:27:38.218093Z,KXDOGE15M-26OCT042130-30,0.9870,16.00,yes
2026-10-05T01:27:38.218093Z,KXDOGE15M-26OCT042130-30,0.9870,2.00,yes
2026-10-05T01:27:38.218093Z,KXDOGE15M-26OCT042130-30,0.9870,0.03,yes
2026-10-05T01:27:38.218093Z,KXDOGE15M-26OCT042130-30,0.9870,12.00,yes
2026-10-05T01:27:38.218093Z,KXDOGE15M-26OCT042130-30,0.9870,2.00,yes
2026-10-05T01:27:38.218093Z,KXDOGE15M-26OCT042130-30,0.9880,14.09,yes
2026-10-05T01:27:38.290296Z,KXDOGE15M-26OCT042130-30,0.9870,1.01,no
2026-10-05T01:27:39.912945Z,KXDOGE15M-26OCT042130-30,0.9870,4.00,no
2026-10-05T01:27:40.839081Z,KXDOGE15M-26OCT042130-30,0.9880,90.91,yes
2026-10-05T01:27:40.839081Z,KXDOGE15M-26OCT042130-30,0.9890,96.00,yes
2026-10-05T01:27:40.839081Z,KXDOGE15M-26OCT042130-30,0.9880,200.00,yes
2026-10-05T01:27:40.839081Z,KXDOGE15M-26OCT042130-30,0.9890,13.09,yes
2026-10-05T01:27:41.482458Z,KXDOGE15M-26OCT042130-30,0.9880,0.03,yes
2026-10-05T01:27:41.482458Z,KXDOGE15M-26OCT042130-30,0.9880,2.97,yes
2026-10-05T01:27:41.850398Z,KXDOGE15M-26OCT042130-30,0.9860,0.72,no
2026-10-05T01:27:41.850398Z,KXDOGE15M-26OCT042130-30,0.9870,16.00,no
2026-10-05T01:27:41.850398Z,KXDOGE15M-26OCT042130-30,0.9870,0.03,no
2026-10-05T01:27:41.850398Z,KXDOGE15M-26OCT042130-30,0.9880,9.00,no
2026-10-05T01:27:41.850398Z,KXDOGE15M-26OCT042130-30,0.9880,1.00,no
2026-10-05T01:27:41.850398Z,KXDOGE15M-26OCT042130-30,0.9870,9.08,no
2026-10-05T01:27:41.850398Z,KXDOGE15M-26OCT042130-30,0.9870,0.07,no
2026-10-05T01:27:41.850398Z,KXDOGE15M-26OCT042130-30,0.9860,0.07,no
2026-10-05T01:27:44.698355Z,KXDOGE15M-26OCT042130-30,0.9890,11.00,yes
2026-10-05T01:27:44.703639Z,KXDOGE15M-26OCT042130-30,0.9890,3.00,yes
2026-10-05T01:27:44.81004Z,KXDOGE15M-26OCT042130-30,0.9890,1.00,yes
2026-10-05T01:27:44.912605Z,KXDOGE15M-26OCT042130-30,0.9890,4.00,yes
2026-10-05T01:27:44.933112Z,KXDOGE15M-26OCT042130-30,0.9890,3.00,yes
2026-10-05T01:27:45.056539Z,KXDOGE15M-26OCT042130-30,0.9890,22.03,yes
2026-10-05T01:27:45.233821Z,KXDOGE15M-26OCT042130-30,0.9890,19.00,yes
2026-10-05T01:27:45.287961Z,KXDOGE15M-26OCT042130-30,0.9890,3.00,yes
2026-10-05T01:27:45.297889Z,KXDOGE15M-26OCT042130-30,0.9890,3.12,yes
2026-10-05T01:27:45.297889Z,KXDOGE15M-26OCT042130-30,0.9890,1.00,yes
2026-10-05T01:27:45.297889Z,KXDOGE15M-26OCT042130-30,0.9890,20.00,yes
2026-10-05T01:27:45.297889Z,KXDOGE15M-26OCT042130-30,0.9890,2.00,yes
2026-10-05T01:27:45.297889Z,KXDOGE15M-26OCT042130-30,0.9890,10.00,yes
2026-10-05T01:27:45.297889Z,KXDOGE15M-26OCT042130-30,0.9890,1.00,yes
2026-10-05T01:27:45.297889Z,KXDOGE15M-26OCT042130-30,0.9890,20.88,yes
2026-10-05T01:27:45.297889Z,KXDOGE15M-26OCT042130-30,0.9890,2.00,yes
2026-10-05T01:27:45.297889Z,KXDOGE15M-26OCT042130-30,0.9890,1.00,yes
2026-10-05T01:27:45.299984Z,KXDOGE15M-26OCT042130-30,0.9890,5.00,yes
2026-10-05T01:27:45.426683Z,KXDOGE15M-26OCT042130-30,0.9900,21.00,yes
2026-10-05T01:27:45.59475Z,KXDOGE15M-26OCT042130-30,0.9900,5.00,yes
2026-10-05T01:27:45.601205Z,KXDOGE15M-26OCT042130-30,0.9900,1.00,yes
2026-10-05T01:27:45.851884Z,KXDOGE15M-26OCT042130-30,0.9900,15.00,yes
2026-10-05T01:27:46.063487Z,KXDOGE15M-26OCT042130-30,0.9900,17.17,yes
2026-10-05T01:27:46.615297Z,KXDOGE15M-26OCT042130-30,0.9900,36.94,yes
2026-10-05T01:27:47.314161Z,KXDOGE15M-26OCT042130-30,0.9860,48.00,no
2026-10-05T01:27:47.314161Z,KXDOGE15M-26OCT042130-30,0.9880,3.00,no
2026-10-05T01:27:47.314161Z,KXDOGE15M-26OCT042130-30,0.9890,3.00,no
2026-10-05T01:27:47.314161Z,KXDOGE15M-26OCT042130-30,0.9890,30.00,no
2026-10-05T01:27:47.314161Z,KXDOGE15M-26OCT042130-30,0.9850,51.19,no
2026-10-05T01:27:47.314161Z,KXDOGE15M-26OCT042130-30,0.9850,0.07,no
2026-10-05T01:27:47.314161Z,KXDOGE15M-26OCT042130-30,0.9880,1.00,no
2026-10-05T01:27:47.473726Z,KXDOGE15M-26OCT042130-30,0.9900,6.30,yes
2026-10-05T01:27:47.473726Z,KXDOGE15M-26OCT042130-30,0.9900,25.00,yes
2026-10-05T01:27:47.473726Z,KXDOGE15M-26OCT042130-30,0.9900,5.81,yes
2026-10-05T01:27:47.473726Z,KXDOGE15M-26OCT042130-30,0.9900,12.89,yes
2026-10-05T01:27:49.48128Z,KXDOGE15M-26OCT042130-30,0.9940,0.03,yes
2026-10-05T01:27:49.48128Z,KXDOGE15M-26OCT042130-30,0.9900,25.00,yes
2026-10-05T01:27:49.48128Z,KXDOGE15M-26OCT042130-30,0.9900,0.03,yes
2026-10-05T01:27:49.48128Z,KXDOGE15M-26OCT042130-30,0.9910,19.00,yes
2026-10-05T01:27:49.48128Z,KXDOGE15M-26OCT042130-30,0.9940,19.00,yes
2026-10-05T01:27:49.48128Z,KXDOGE15M-26OCT042130-30,0.9940,10.00,yes
2026-10-05T01:27:49.48128Z,KXDOGE15M-26OCT042130-30,0.9900,2.35,yes
2026-10-05T01:27:49.48128Z,KXDOGE15M-26OCT042130-30,0.9900,13.70,yes
2026-10-05T01:27:49.48128Z,KXDOGE15M-26OCT042130-30,0.9950,10.56,yes
2026-10-05T01:27:49.48128Z,KXDOGE15M-26OCT042130-30,0.9900,1.06,yes
2026-10-05T01:27:51.151826Z,KXDOGE15M-26OCT042130-30,0.9940,0.03,yes
2026-10-05T01:27:51.151826Z,KXDOGE15M-26OCT042130-30,0.9940,19.00,yes
2026-10-05T01:27:51.151826Z,KXDOGE15M-26OCT042130-30,0.9940,10.00,yes
2026-10-05T01:27:51.151826Z,KXDOGE15M-26OCT042130-30,0.9920,12.00,yes
2026-10-05T01:27:51.151826Z,KXDOGE15M-26OCT042130-30,0.9920,0.03,yes
2026-10-05T01:27:51.151826Z,KXDOGE15M-26OCT042130-30,0.9950,219.50,yes
2026-10-05T01:27:51.151826Z,KXDOGE15M-26OCT042130-30,0.9950,1.00,yes
2026-10-05T01:27:51.151826Z,KXDOGE15M-26OCT042130-30,0.9950,189.44,yes
2026-10-05T01:27:52.481426Z,KXDOGE15M-26OCT042130-30,0.9930,0.03,yes
2026-10-05T01:27:52.659374Z,KXDOGE15M-26OCT042130-30,0.9930,8.00,no
2026-10-05T01:27:52.770117Z,KXDOGE15M-26OCT042130-30,0.9930,31.69,no
2026-10-05T01:27:52.770117Z,KXDOGE15M-26OCT042130-30,0.9930,67.31,no
2026-10-05T01:27:52.770396Z,KXDOGE15M-26OCT042130-30,0.9930,95.25,no
2026-10-05T01:27:52.770396Z,KXDOGE15M-26OCT042130-30,0.9930,4.75,no
2026-10-05T01:27:52.965663Z,KXDOGE15M-26OCT042130-30,0.9930,0.75,no
2026-10-05T01:27:52.965663Z,KXDOGE15M-26OCT042130-30,0.9930,1.55,no
2026-10-05T01:27:53.072353Z,KXDOGE15M-26OCT042130-30,0.9930,35.00,no
2026-10-05T01:27:53.078548Z,KXDOGE15M-26OCT042130-30,0.9930,0.39,no
2026-10-05T01:27:53.078548Z,KXDOGE15M-26OCT042130-30,0.9930,0.03,no
2026-10-05T01:27:54.099787Z,KXDOGE15M-26OCT042130-30,0.9930,4.73,no
2026-10-05T01:27:57.064412Z,KXDOGE15M-26OCT042130-30,0.9920,5.08,no
2026-10-05T01:27:58.563318Z,KXDOGE15M-26OCT042130-30,0.9890,6.18,no
2026-10-05T01:27:58.563318Z,KXDOGE15M-26OCT042130-30,0.9890,25.00,no
2026-10-05T01:27:58.563318Z,KXDOGE15M-26OCT042130-30,0.9900,0.03,no
2026-10-05T01:27:58.563318Z,KXDOGE15M-26OCT042130-30,0.9930,18.00,no
2026-10-05T01:27:58.563318Z,KXDOGE15M-26OCT042130-30,0.9920,39.00,no
2026-10-05T01:27:59.109383Z,KXDOGE15M-26OCT042130-30,0.9900,64.00,no
2026-10-05T01:27:59.109383Z,KXDOGE15M-26OCT042130-30,0.9900,0.03,no
2026-10-05T01:27:59.109383Z,KXDOGE15M-26OCT042130-30,0.9920,0.03,no
2026-10-05T01:27:59.109383Z,KXDOGE15M-26OCT042130-30,0.9890,0.03,no
2026-10-05T01:27:59.109383Z,KXDOGE15M-26OCT042130-30,0.9850,0.03,no
2026-10-05T01:27:59.109383Z,KXDOGE15M-26OCT042130-30,0.9840,0.03,no
2026-10-05T01:27:59.109383Z,KXDOGE15M-26OCT042130-30,0.9870,3.00,no
2026-10-05T01:27:59.109383Z,KXDOGE15M-26OCT042130-30,0.9880,0.03,no
2026-10-05T01:27:59.109383Z,KXDOGE15M-26OCT042130-30,0.9880,3.00,no
2026-10-05T01:27:59.109383Z,KXDOGE15M-26OCT042130-30,0.9870,0.03,no
2026-10-05T01:27:59.109383Z,KXDOGE15M-26OCT042130-30,0.9920,26.00,no
2026-10-05T01:27:59.109383Z,KXDOGE15M-26OCT042130-30,0.9830,2.22,no
2026-10-05T01:27:59.109383Z,KXDOGE15M-26OCT042130-30,0.9890,18.82,no
2026-10-05T01:27:59.109383Z,KXDOGE15M-26OCT042130-30,0.9850,0.09,no
2026-10-05T01:27:59.109383Z,KXDOGE15M-26OCT042130-30,0.9840,0.07,no
2026-10-05T01:27:59.109383Z,KXDOGE15M-26OCT042130-30,0.9830,1.00,no
2026-10-05T01:27:59.109383Z,KXDOGE15M-26OCT042130-30,0.9830,0.07,no
2026-10-05T01:27:59.109383Z,KXDOGE15M-26OCT042130-30,0.9880,10.00,no
2026-10-05T01:28:00.978685Z,KXDOGE15M-26OCT042130-30,0.9930,1.00,no
2026-10-05T01:28:01.010167Z,KXDOGE15M-26OCT042130-30,0.9930,1.00,yes
2026-10-05T01:28:02.156866Z,KXDOGE15M-26OCT042130-30,0.9930,5.00,yes
2026-10-05T01:28:02.576402Z,KXDOGE15M-26OCT042130-30,0.9930,4.33,yes
2026-10-05T01:28:02.749064Z,KXDOGE15M-26OCT042130-30,0.9900,1.01,no
2026-10-05T01:28:05.084743Z,KXDOGE15M-26OCT042130-30,0.9940,17.00,yes
2026-10-05T01:28:05.084743Z,KXDOGE15M-26OCT042130-30,0.9940,0.03,yes
2026-10-05T01:28:05.084743Z,KXDOGE15M-26OCT042130-30,0.9940,19.00,yes
2026-10-05T01:28:06.074139Z,KXDOGE15M-26OCT042130-30,0.9950,23.11,yes
2026-10-05T01:28:06.824941Z,KXDOGE15M-26OCT042130-30,0.9940,15.00,no
2026-10-05T01:28:06.824941Z,KXDOGE15M-26OCT042130-30,0.9940,21.00,no
2026-10-05T01:28:07.395874Z,KXDOGE15M-26OCT042130-30,0.9940,0.10,no
2026-10-05T01:28:08.074171Z,KXDOGE15M-26OCT042130-30,0.9940,6.00,yes
2026-10-05T01:28:08.074171Z,KXDOGE15M-26OCT042130-30,0.9940,19.00,yes
2026-10-05T01:28:09.086687Z,KXDOGE15M-26OCT042130-30,0.9940,4.44,yes
2026-10-05T01:28:09.086687Z,KXDOGE15M-26OCT042130-30,0.9940,0.03,yes
2026-10-05T01:28:11.624856Z,KXDOGE15M-26OCT042130-30,0.9820,0.07,no
2026-10-05T01:28:11.624856Z,KXDOGE15M-26OCT042130-30,0.9820,4.09,no
2026-10-05T01:28:11.624856Z,KXDOGE15M-26OCT042130-30,0.9850,10.00,no
2026-10-05T01:28:11.624856Z,KXDOGE15M-26OCT042130-30,0.9830,0.12,no
2026-10-05T01:28:11.624856Z,KXDOGE15M-26OCT042130-30,0.9900,1.05,no
2026-10-05T01:28:11.624856Z,KXDOGE15M-26OCT042130-30,0.9840,0.11,no
2026-10-05T01:28:11.624856Z,KXDOGE15M-26OCT042130-30,0.9900,25.00,no
2026-10-05T01:28:11.624856Z,KXDOGE15M-26OCT042130-30,0.9880,3.00,no
2026-10-05T01:28:11.624856Z,KXDOGE15M-26OCT042130-30,0.9850,0.03,no
2026-10-05T01:28:11.624856Z,KXDOGE15M-26OCT042130-30,0.9860,0.03,no
2026-10-05T01:28:11.624856Z,KXDOGE15M-26OCT042130-30,0.9890,3.00,no
2026-10-05T01:28:11.624856Z,KXDOGE15M-26OCT042130-30,0.9860,5.00,no
2026-10-05T01:28:11.624856Z,KXDOGE15M-26OCT042130-30,0.9900,0.03,no
2026-10-05T01:28:11.624856Z,KXDOGE15M-26OCT042130-30,0.9890,0.03,no
2026-10-05T01:28:11.624856Z,KXDOGE15M-26OCT042130-30,0.9880,0.03,no
2026-10-05T01:28:12.593549Z,KXDOGE15M-26OCT042130-30,0.9810,0.07,no
2026-10-05T01:28:12.593549Z,KXDOGE15M-26OCT042130-30,0.9810,48.26,no
2026-10-05T01:28:12.593549Z,KXDOGE15M-26OCT042130-30,0.9810,0.59,no
2026-10-05T01:28:12.593549Z,KXDOGE15M-26OCT042130-30,0.9810,34.39,no
2026-10-05T01:28:12.593549Z,KXDOGE15M-26OCT042130-30,0.9810,1.02,no
2026-10-05T01:28:12.593549Z,KXDOGE15M-26OCT042130-30,0.9810,66.06,no
2026-10-05T01:28:12.593549Z,KXDOGE15M-26OCT042130-30,0.9810,2.00,no
2026-10-05T01:28:12.593549Z,KXDOGE15M-26OCT042130-30,0.9810,1.97,no
2026-10-05T01:28:12.593549Z,KXDOGE15M-26OCT042130-30,0.9810,1.29,no
2026-10-05T01:28:12.593549Z,KXDOGE15M-26OCT042130-30,0.9810,0.71,no
2026-10-05T01:28:12.593549Z,KXDOGE15M-26OCT042130-30,0.9810,1.01,no
2026-10-05T01:28:12.593549Z,KXDOGE15M-26OCT042130-30,0.9810,1.71,no
2026-10-05T01:28:12.593549Z,KXDOGE15M-26OCT042130-30,0.9810,0.99,no
2026-10-05T01:28:12.593549Z,KXDOGE15M-26OCT042130-30,0.9800,0.08,no
2026-10-05T01:28:12.593549Z,KXDOGE15M-26OCT042130-30,0.9810,1.00,no
2026-10-05T01:28:12.593549Z,KXDOGE15M-26OCT042130-30,0.9930,2.00,no
2026-10-05T01:28:12.593549Z,KXDOGE15M-26OCT042130-30,0.9940,13.00,no
2026-10-05T01:28:12.593549Z,KXDOGE15M-26OCT042130-30,0.9800,207.13,no
2026-10-05T01:28:12.593549Z,KXDOGE15M-26OCT042130-30,0.9940,9.00,no
2026-10-05T01:28:12.593549Z,KXDOGE15M-26OCT042130-30,0.9800,25.00,no
2026-10-05T01:28:12.593549Z,KXDOGE15M-26OCT042130-30,0.9900,4.88,no
2026-10-05T01:28:12.593549Z,KXDOGE15M-26OCT042130-30,0.9860,3.00,no
2026-10-05T01:28:12.593549Z,KXDOGE15M-26OCT042130-30,0.9820,44.00,no
2026-10-05T01:28:12.593549Z,KXDOGE15M-26OCT042130-30,0.9840,10.00,no
2026-10-05T01:28:12.593549Z,KXDOGE15M-26OCT042130-30,0.9870,3.00,no
2026-10-05T01:28:12.593549Z,KXDOGE15M-26OCT042130-30,0.9810,3.00,no
2026-10-05T01:28:12.593549Z,KXDOGE15M-26OCT042130-30,0.9800,7.00,no
2026-10-05T01:28:12.593549Z,KXDOGE15M-26OCT042130-30,0.9800,7.00,no
2026-10-05T01:28:12.691268Z,KXDOGE15M-26OCT042130-30,0.9870,24.00,yes
2026-10-05T01:28:12.736389Z,KXDOGE15M-26OCT042130-30,0.9870,1.00,yes
2026-10-05T01:28:12.918147Z,KXDOGE15M-26OCT042130-30,0.9870,2.00,yes
2026-10-05T01:28:13.008316Z,KXDOGE15M-26OCT042130-30,0.9870,8.52,yes
2026-10-05T01:28:13.008316Z,KXDOGE15M-26OCT042130-30,0.9870,39.06,yes
2026-10-05T01:28:13.008316Z,KXDOGE15M-26OCT042130-30,0.9870,1.02,yes
2026-10-05T01:28:13.008316Z,KXDOGE15M-26OCT042130-30,0.9870,0.59,yes
2026-10-05T01:28:13.012103Z,KXDOGE15M-26OCT042130-30,0.9870,2.00,yes
2026-10-05T01:28:13.047776Z,KXDOGE15M-26OCT042130-30,0.9870,4.00,yes
2026-10-05T01:28:13.054974Z,KXDOGE15M-26OCT042130-30,0.9870,2.00,yes
2026-10-05T01:28:13.082972Z,KXDOGE15M-26OCT042130-30,0.9870,8.26,yes
2026-10-05T01:28:13.082972Z,KXDOGE15M-26OCT042130-30,0.9870,31.74,yes
2026-10-05T01:28:13.084927Z,KXDOGE15M-26OCT042130-30,0.9870,26.13,yes
2026-10-05T01:28:13.084927Z,KXDOGE15M-26OCT042130-30,0.9870,1.71,yes
2026-10-05T01:28:13.084927Z,KXDOGE15M-26OCT042130-30,0.9870,0.99,yes
2026-10-05T01:28:13.084927Z,KXDOGE15M-26OCT042130-30,0.9870,1.29,yes
2026-10-05T01:28:13.084927Z,KXDOGE15M-26OCT042130-30,0.9870,1.01,yes
2026-10-05T01:28:13.084927Z,KXDOGE15M-26OCT042130-30,0.9870,0.71,yes
2026-10-05T01:28:13.084927Z,KXDOGE15M-26OCT042130-30,0.9870,1.97,yes
2026-10-05T01:28:13.901062Z,KXDOGE15M-26OCT042130-30,0.9880,1.00,no
2026-10-05T01:28:13.901062Z,KXDOGE15M-26OCT042130-30,0.9870,125.13,no
2026-10-05T01:28:14.910888Z,KXDOGE15M-26OCT042130-30,0.9870,2.92,no
2026-10-05T01:28:14.910888Z,KXDOGE15M-26OCT042130-30,0.9870,39.08,no
2026-10-05T01:28:15.803474Z,KXDOGE15M-26OCT042130-30,0.9940,0.89,yes
2026-10-05T01:28:15.803474Z,KXDOGE15M-26OCT042130-30,0.9940,10.00,yes
2026-10-05T01:28:15.803474Z,KXDOGE15M-26OCT042130-30,0.9940,0.03,yes
2026-10-05T01:28:15.803474Z,KXDOGE15M-26OCT042130-30,0.9940,19.00,yes
2026-10-05T01:28:15.803474Z,KXDOGE15M-26OCT042130-30,0.9940,2.00,yes
2026-10-05T01:28:15.803474Z,KXDOGE15M-26OCT042130-30,0.9940,11.08,yes
2026-10-05T01:28:16.248482Z,KXDOGE15M-26OCT042130-30,0.9940,10.00,yes
2026-10-05T01:28:16.248482Z,KXDOGE15M-26OCT042130-30,0.9940,5.07,yes
2026-10-05T01:28:16.652622Z,KXDOGE15M-26OCT042130-30,0.9940,3.04,yes
2026-10-05T01:28:16.652622Z,KXDOGE15M-26OCT042130-30,0.9940,0.03,yes
2026-10-05T01:28:16.652622Z,KXDOGE15M-26OCT042130-30,0.9940,13.93,yes
2026-10-05T01:28:16.661368Z,KXDOGE15M-26OCT042130-30,0.9940,2.03,yes
2026-10-05T01:28:16.661368Z,KXDOGE15M-26OCT042130-30,0.9940,2.97,yes
2026-10-05T01:28:16.668464Z,KXDOGE15M-26OCT042130-30,0.9940,3.97,yes
2026-10-05T01:28:16.668464Z,KXDOGE15M-26OCT042130-30,0.9940,7.03,yes
2026-10-05T01:28:16.674414Z,KXDOGE15M-26OCT042130-30,0.9940,4.00,yes
2026-10-05T01:28:19.666717Z,KXDOGE15M-26OCT042130-30,0.9950,50.00,yes
2026-10-05T01:28:20.853364Z,KXDOGE15M-26OCT042130-30,0.9920,3.00,no
2026-10-05T01:28:20.853364Z,KXDOGE15M-26OCT042130-30,0.9900,0.13,no
2026-10-05T01:28:20.853364Z,KXDOGE15M-26OCT042130-30,0.9900,0.03,no
2026-10-05T01:28:20.853364Z,KXDOGE15M-26OCT042130-30,0.9910,0.03,no
2026-10-05T01:28:20.853364Z,KXDOGE15M-26OCT042130-30,0.9910,1.00,no
2026-10-05T01:28:21.418048Z,KXDOGE15M-26OCT042130-30,0.9950,20.00,yes
2026-10-05T01:28:21.418048Z,KXDOGE15M-26OCT042130-30,0.9950,7.02,yes
2026-10-05T01:28:21.418048Z,KXDOGE15M-26OCT042130-30,0.9950,0.03,yes
2026-10-05T01:28:21.418048Z,KXDOGE15M-26OCT042130-30,0.9950,11.00,yes
2026-10-05T01:28:21.418048Z,KXDOGE15M-26OCT042130-30,0.9950,57.39,yes
2026-10-05T01:28:22.498067Z,KXDOGE15M-26OCT042130-30,0.9960,10.00,yes
2026-10-05T01:28:23.196321Z,KXDOGE15M-26OCT042130-30,0.9960,3.00,yes
2026-10-05T01:28:23.196321Z,KXDOGE15M-26OCT042130-30,0.9960,1.00,yes
2026-10-05T01:28:23.196321Z,KXDOGE15M-26OCT042130-30,0.9960,1.00,yes
2026-10-05T01:28:23.196321Z,KXDOGE15M-26OCT042130-30,0.9960,1.00,yes
2026-10-05T01:28:23.196321Z,KXDOGE15M-26OCT042130-30,0.9960,1.00,yes
2026-10-05T01:28:23.196321Z,KXDOGE15M-26OCT042130-30,0.9960,0.25,yes
2026-10-05T01:28:26.428851Z,KXDOGE15M-26OCT042130-30,0.9950,2.00,yes
2026-10-05T01:28:26.451758Z,KXDOGE15M-26OCT042130-30,0.9950,8.00,yes
2026-10-05T01:28:26.463852Z,KXDOGE15M-26OCT042130-30,0.9950,4.00,yes
2026-10-05T01:28:26.470691Z,KXDOGE15M-26OCT042130-30,0.9950,2.00,yes
2026-10-05T01:28:26.476043Z,KXDOGE15M-26OCT042130-30,0.9950,4.00,yes
2026-10-05T01:28:26.476043Z,KXDOGE15M-26OCT042130-30,0.9950,0.03,yes
2026-10-05T01:28:26.476043Z,KXDOGE15M-26OCT042130-30,0.9950,1.97,yes
2026-10-05T01:28:26.476043Z,KXDOGE15M-26OCT042130-30,0.9950,2.00,yes
2026-10-05T01:28:26.482013Z,KXDOGE15M-26OCT042130-30,0.9950,6.00,yes
2026-10-05T01:28:26.482013Z,KXDOGE15M-26OCT042130-30,0.9950,6.03,yes
2026-10-05T01:28:26.719853Z,KXDOGE15M-26OCT042130-30,0.9890,0.13,no
2026-10-05T01:28:26.719853Z,KXDOGE15M-26OCT042130-30,0.9890,1.00,no
2026-10-05T01:28:26.719853Z,KXDOGE15M-26OCT042130-30,0.9910,1.00,no
2026-10-05T01:28:26.719853Z,KXDOGE15M-26OCT042130-30,0.9920,1.00,no
2026-10-05T01:28:26.719853Z,KXDOGE15M-26OCT042130-30,0.9930,1.00,no
2026-10-05T01:28:26.719853Z,KXDOGE15M-26OCT042130-30,0.9940,1.00,no
2026-10-05T01:28:26.719853Z,KXDOGE15M-26OCT042130-30,0.9890,5.08,no
2026-10-05T01:28:30.186184Z,KXDOGE15M-26OCT042130-30,0.9910,60.00,no
2026-10-05T01:28:30.186184Z,KXDOGE15M-26OCT042130-30,0.9920,3.00,no
2026-10-05T01:28:30.186184Z,KXDOGE15M-26OCT042130-30,0.9920,0.03,no
2026-10-05T01:28:30.186184Z,KXDOGE15M-26OCT042130-30,0.9900,36.44,no
2026-10-05T01:28:30.186184Z,KXDOGE15M-26OCT042130-30,0.9910,0.03,no
2026-10-05T01:28:30.340547Z,KXDOGE15M-26OCT042130-30,0.9960,3.00,yes
2026-10-05T01:28:30.340547Z,KXDOGE15M-26OCT042130-30,0.9960,1.28,yes
2026-10-05T01:28:30.340547Z,KXDOGE15M-26OCT042130-30,0.9950,13.00,yes
2026-10-05T01:28:30.340547Z,KXDOGE15M-26OCT042130-30,0.9950,0.03,yes
2026-10-05T01:28:30.340547Z,KXDOGE15M-26OCT042130-30,0.9950,7.00,yes
2026-10-05T01:28:30.340547Z,KXDOGE15M-26OCT042130-30,0.9960,0.03,yes
2026-10-05T01:28:30.340547Z,KXDOGE15M-26OCT042130-30,0.9960,0.75,yes
2026-10-05T01:28:31.020939Z,KXDOGE15M-26OCT042130-30,0.9910,43.75,no
2026-10-05T01:28:31.020939Z,KXDOGE15M-26OCT042130-30,0.9910,3.00,no
2026-10-05T01:28:32.975735Z,KXDOGE15M-26OCT042130-30,0.9960,0.03,yes
2026-10-05T01:28:32.975735Z,KXDOGE15M-26OCT042130-30,0.9960,25.00,yes
2026-10-05T01:28:32.975735Z,KXDOGE15M-26OCT042130-30,0.9970,423.00,yes
2026-10-05T01:28:32.975735Z,KXDOGE15M-26OCT042130-30,0.9970,134.97,yes
2026-10-05T01:28:33.067209Z,KXDOGE15M-26OCT042130-30,0.9960,41.22,no
2026-10-05T01:28:33.070398Z,KXDOGE15M-26OCT042130-30,0.9970,0.03,yes
2026-10-05T01:28:33.070398Z,KXDOGE15M-26OCT042130-30,0.9970,3.00,yes
2026-10-05T01:28:33.070398Z,KXDOGE15M-26OCT042130-30,0.9970,8.00,yes
2026-10-05T01:28:33.070398Z,KXDOGE15M-26OCT042130-30,0.9970,10.00,yes
2026-10-05T01:28:33.070398Z,KXDOGE15M-26OCT042130-30,0.9970,2.00,yes
2026-10-05T01:28:33.070398Z,KXDOGE15M-26OCT042130-30,0.9970,2.00,yes
2026-10-05T01:28:33.070398Z,KXDOGE15M-26OCT042130-30,0.9970,2.00,yes
2026-10-05T01:28:33.070398Z,KXDOGE15M-26OCT042130-30,0.9970,2.00,yes
2026-10-05T01:28:33.070398Z,KXDOGE15M-26OCT042130-30,0.9970,2.00,yes
2026-10-05T01:28:33.070398Z,KXDOGE15M-26OCT042130-30,0.9970,18.00,yes
2026-10-05T01:28:33.070398Z,KXDOGE15M-26OCT042130-30,0.9980,87.94,yes
2026-10-05T01:28:33.070398Z,KXDOGE15M-26OCT042130-30,0.9970,115.03,yes
2026-10-05T01:28:34.303318Z,KXDOGE15M-26OCT042130-30,0.9970,8.00,yes
2026-10-05T01:28:34.303318Z,KXDOGE15M-26OCT042130-30,0.9970,10.00,yes
2026-10-05T01:28:34.303318Z,KXDOGE15M-26OCT042130-30,0.9970,0.03,yes
2026-10-05T01:28:34.303318Z,KXDOGE15M-26OCT042130-30,0.9980,23.07,yes
2026-10-05T01:28:36.191581Z,KXDOGE15M-26OCT042130-30,0.9980,288.99,yes
2026-10-05T01:28:36.191581Z,KXDOGE15M-26OCT042130-30,0.9980,211.94,yes
2026-10-05T01:28:36.540507Z,KXDOGE15M-26OCT042130-30,0.9980,756.40,yes
2026-10-05T01:28:37.631833Z,KXDOGE15M-26OCT042130-30,0.9960,23.37,no
2026-10-05T01:28:39.156753Z,KXDOGE15M-26OCT042130-30,0.9980,10.01,yes
2026-10-05T01:28:41.993145Z,KXDOGE15M-26OCT042130-30,0.9960,114.53,no
2026-10-05T01:28:50.649563Z,KXDOGE15M-26OCT042130-30,0.9980,2.00,yes
2026-10-05T01:28:52.209021Z,KXDOGE15M-26OCT042130-30,0.9980,1.00,yes
2026-10-05T01:28:52.568061Z,KXDOGE15M-26OCT042130-30,0.9980,199.67,yes
2026-10-05T01:28:54.093068Z,KXDOGE15M-26OCT042130-30,0.9970,33.86,no
2026-10-05T01:28:55.618053Z,KXDOGE15M-26OCT042130-30,0.9980,100.20,yes
2026-10-05T01:28:56.748653Z,KXDOGE15M-26OCT042130-30,0.9980,53.00,yes
2026-10-05T01:28:57.724093Z,KXDOGE15M-26OCT042130-30,0.9980,28.76,yes
2026-10-05T01:28:58.581165Z,KXDOGE15M-26OCT042130-30,0.9980,28.76,yes
2026-10-05T01:28:59.208647Z,KXDOGE15M-26OCT042130-30,0.9980,200.00,yes
2026-10-05T01:28:59.383379Z,KXDOGE15M-26OCT042130-30,0.9980,28.76,yes
2026-10-05T01:28:59.963561Z,KXDOGE15M-26OCT042130-30,0.9980,35.00,yes
2026-10-05T01:29:00.281622Z,KXDOGE15M-26OCT042130-30,0.9980,28.75,yes
2026-10-05T01:29:00.317213Z,KXDOGE15M-26OCT042130-30,0.9980,1.00,yes
2026-10-05T01:29:01.028381Z,KXDOGE15M-26OCT042130-30,0.9980,5.00,yes
2026-10-05T01:29:01.028381Z,KXDOGE15M-26OCT042130-30,0.9980,3.00,yes
2026-10-05T01:29:01.028381Z,KXDOGE15M-26OCT042130-30,0.9990,111.25,yes
2026-10-05T01:29:01.028381Z,KXDOGE15M-26OCT042130-30,0.9980,314.75,yes
2026-10-05T01:29:01.028381Z,KXDOGE15M-26OCT042130-30,0.9980,100.00,yes
2026-10-05T01:29:01.028381Z,KXDOGE15M-26OCT042130-30,0.9980,3.00,yes
2026-10-05T01:29:01.028381Z,KXDOGE15M-26OCT042130-30,0.9980,3.00,yes
2026-10-05T01:29:01.028381Z,KXDOGE15M-26OCT042130-30,0.9980,3.00,yes
2026-10-05T01:29:01.028381Z,KXDOGE15M-26OCT042130-30,0.9980,3.00,yes
2026-10-05T01:29:01.028381Z,KXDOGE15M-26OCT042130-30,0.9980,26.00,yes
2026-10-05T01:29:01.028381Z,KXDOGE15M-26OCT042130-30,0.9980,3.00,yes
2026-10-05T01:29:01.065616Z,KXDOGE15M-26OCT042130-30,0.9980,33.86,no
2026-10-05T01:29:01.603568Z,KXDOGE15M-26OCT042130-30,0.9980,14.11,no
2026-10-05T01:29:01.605017Z,KXDOGE15M-26OCT042130-30,0.9990,14.00,yes
2026-10-05T01:29:03.797866Z,KXDOGE15M-26OCT042130-30,0.9990,83.00,yes
2026-10-05T01:29:03.797866Z,KXDOGE15M-26OCT042130-30,0.9990,3.00,yes
2026-10-05T01:29:03.797866Z,KXDOGE15M-26OCT042130-30,0.9990,68.00,yes
2026-10-05T01:29:03.797866Z,KXDOGE15M-26OCT042130-30,0.9990,10.00,yes
2026-10-05T01:29:03.797866Z,KXDOGE15M-26OCT042130-30,0.9990,33.86,yes
2026-10-05T01:29:03.797866Z,KXDOGE15M-26OCT042130-30,0.9990,5.00,yes
2026-10-05T01:29:03.797866Z,KXDOGE15M-26OCT042130-30,0.9990,14.11,yes
2026-10-05T01:29:03.797866Z,KXDOGE15M-26OCT042130-30,0.9990,600.00,yes
2026-10-05T01:29:03.797866Z,KXDOGE15M-26OCT042130-30,0.9990,1.00,yes
2026-10-05T01:29:03.797866Z,KXDOGE15M-26OCT042130-30,0.9990,374.75,yes
2026-10-05T01:29:03.797866Z,KXDOGE15M-26OCT042130-30,0.9990,1.00,yes
2026-10-05T01:29:03.797866Z,KXDOGE15M-26OCT042130-30,0.9990,1.00,yes
2026-10-05T01:29:04.056964Z,KXDOGE15M-26OCT042130-30,0.9990,33.87,no
2026-10-05T01:29:10.145457Z,KXDOGE15M-26OCT042130-30,0.9990,95.44,no
2026-10-05T01:29:16.454706Z,KXDOGE15M-26OCT042130-30,0.9990,183.25,no
2026-10-05T01:29:18.895836Z,KXDOGE15M-26OCT042130-30,0.9990,2.00,no
2026-10-05T01:29:19.681313Z,KXDOGE15M-26OCT042130-30,0.9990,101.11,no
2026-10-05T01:29:19.681313Z,KXDOGE15M-26OCT042130-30,0.9990,148.00,no
2026-10-05T01:29:19.681313Z,KXDOGE15M-26OCT042130-30,0.9980,212.51,no
2026-10-05T01:29:19.681313Z,KXDOGE15M-26OCT042130-30,0.9990,96.72,no
2026-10-05T01:29:19.681313Z,KXDOGE15M-26OCT042130-30,0.9980,63.28,no
2026-10-05T01:29:19.681313Z,KXDOGE15M-26OCT042130-30,0.9980,14.00,no
2026-10-05T01:29:19.681313Z,KXDOGE15M-26OCT042130-30,0.9990,5.00,no
2026-10-05T01:29:20.024759Z,KXDOGE15M-26OCT042130-30,0.9990,212.51,yes
2026-10-05T01:29:20.024759Z,KXDOGE15M-26OCT042130-30,0.9990,10.00,yes
2026-10-05T01:29:20.024759Z,KXDOGE15M-26OCT042130-30,0.9990,63.28,yes
2026-10-05T01:29:20.024759Z,KXDOGE15M-26OCT042130-30,0.9990,16.00,yes
2026-10-05T01:29:20.024759Z,KXDOGE15M-26OCT042130-30,0.9990,14.00,yes
2026-10-05T01:29:22.096433Z,KXDOGE15M-26OCT042130-30,0.9980,211.94,no
2026-10-05T01:29:22.096433Z,KXDOGE15M-26OCT042130-30,0.9980,35.86,no
2026-10-05T01:29:22.096433Z,KXDOGE15M-26OCT042130-30,0.9980,162.24,no
2026-10-05T01:29:22.096433Z,KXDOGE15M-26OCT042130-30,0.9980,33.86,no
2026-10-05T01:29:22.096433Z,KXDOGE15M-26OCT042130-30,0.9980,14.11,no
2026-10-05T01:29:22.765557Z,KXDOGE15M-26OCT042130-30,0.9990,162.24,yes
2026-10-05T01:29:22.765557Z,KXDOGE15M-26OCT042130-30,0.9990,10.00,yes
2026-10-05T01:29:22.765557Z,KXDOGE15M-26OCT042130-30,0.9990,7.00,yes
2026-10-05T01:29:22.765557Z,KXDOGE15M-26OCT042130-30,0.9990,14.11,yes
2026-10-05T01:29:22.765557Z,KXDOGE15M-26OCT042130-30,0.9990,33.86,yes
2026-10-05T01:29:26.112811Z,KXDOGE15M-26OCT042130-30,0.9990,5.00,no
2026-10-05T01:29:27.375263Z,KXDOGE15M-26OCT042130-30,0.9990,915.99,no
2026-10-05T01:29:28.156821Z,KXDOGE15M-26OCT042130-30,0.9990,5566.18,no
2026-10-05T01:29:28.156821Z,KXDOGE15M-26OCT042130-30,0.9980,162.24,no
2026-10-05T01:29:28.156821Z,KXDOGE15M-26OCT042130-30,0.9980,33.86,no
2026-10-05T01:29:28.156821Z,KXDOGE15M-26OCT042130-30,0.9980,14.11,no
2026-10-05T01:29:28.156821Z,KXDOGE15M-26OCT042130-30,0.9970,40.00,no
2026-10-05T01:29:28.156821Z,KXDOGE15M-26OCT042130-30,0.9990,2000.00,no
2026-10-05T01:29:28.156821Z,KXDOGE15M-26OCT042130-30,0.9960,8.00,no
2026-10-05T01:29:28.156821Z,KXDOGE15M-26OCT042130-30,0.9980,100.20,no
2026-10-05T01:29:28.156821Z,KXDOGE15M-26OCT042130-30,0.9980,408.26,no
2026-10-05T01:29:28.156821Z,KXDOGE15M-26OCT042130-30,0.9980,212.68,no
2026-10-05T01:29:28.156821Z,KXDOGE15M-26OCT042130-30,0.9980,720.54,no
2026-10-05T01:29:28.156821Z,KXDOGE15M-26OCT042130-30,0.9980,110.52,no
2026-10-05T01:29:28.156821Z,KXDOGE15M-26OCT042130-30,0.9980,200.00,no
2026-10-05T01:29:28.156821Z,KXDOGE15M-26OCT042130-30,0.9980,212.51,no
2026-10-05T01:29:28.156821Z,KXDOGE15M-26OCT042130-30,0.9980,63.28,no
2026-10-05T01:29:28.156821Z,KXDOGE15M-26OCT042130-30,0.9980,14.00,no
2026-10-05T01:29:28.156821Z,KXDOGE15M-26OCT042130-30,0.9950,378.00,no
2026-10-05T01:29:28.156821Z,KXDOGE15M-26OCT042130-30,0.9950,400.00,no
2026-10-05T01:29:28.156821Z,KXDOGE15M-26OCT042130-30,0.9960,243.88,no
2026-10-05T01:29:28.156821Z,KXDOGE15M-26OCT042130-30,0.9950,873.00,no
2026-10-05T01:29:28.156821Z,KXDOGE15M-26OCT042130-30,0.9950,134.59,no
2026-10-05T01:29:28.303081Z,KXDOGE15M-26OCT042130-30,0.9990,14.00,yes
2026-10-05T01:29:28.303081Z,KXDOGE15M-26OCT042130-30,0.9990,63.28,yes
2026-10-05T01:29:28.303081Z,KXDOGE15M-26OCT042130-30,0.9990,101.72,yes
2026-10-05T01:29:29.001268Z,KXDOGE15M-26OCT042130-30,0.9990,26.28,yes
2026-10-05T01:29:29.001268Z,KXDOGE15M-26OCT042130-30,0.9990,0.65,yes
2026-10-05T01:29:29.001268Z,KXDOGE15M-26OCT042130-30,0.9990,73.07,yes
2026-10-05T01:29:29.365618Z,KXDOGE15M-26OCT042130-30,0.9990,60.56,yes
2026-10-05T01:29:29.365618Z,KXDOGE15M-26OCT042130-30,0.9990,139.44,yes
2026-10-05T01:29:29.45371Z,KXDOGE15M-26OCT042130-30,0.9990,33.86,yes
2026-10-05T01:29:29.45371Z,KXDOGE15M-26OCT042130-30,0.9990,101.68,yes
2026-10-05T01:29:29.45371Z,KXDOGE15M-26OCT042130-30,0.9990,249.03,yes
2026-10-05T01:29:29.45371Z,KXDOGE15M-26OCT042130-30,0.9990,14.11,yes
2026-10-05T01:29:29.45371Z,KXDOGE15M-26OCT042130-30,0.9990,1.72,yes
2026-10-05T01:29:30.064611Z,KXDOGE15M-26OCT042130-30,0.9990,100.00,yes
2026-10-05T01:29:30.321714Z,KXDOGE15M-26OCT042130-30,0.9980,73.07,no
2026-10-05T01:29:30.321714Z,KXDOGE15M-26OCT042130-30,0.9980,139.44,no
2026-10-05T01:29:30.321714Z,KXDOGE15M-26OCT042130-30,0.9980,60.56,no
2026-10-05T01:29:30.321714Z,KXDOGE15M-26OCT042130-30,0.9980,5.98,no
2026-10-05T01:29:30.321714Z,KXDOGE15M-26OCT042130-30,0.9980,101.68,no
2026-10-05T01:29:30.321714Z,KXDOGE15M-26OCT042130-30,0.9980,14.00,no
2026-10-05T01:29:30.321714Z,KXDOGE15M-26OCT042130-30,0.9980,63.28,no
2026-10-05T01:29:33.378029Z,KXDOGE15M-26OCT042130-30,0.9990,8.00,yes
2026-10-05T01:29:34.126283Z,KXDOGE15M-26OCT042130-30,0.9990,63.28,yes
2026-10-05T01:29:34.126283Z,KXDOGE15M-26OCT042130-30,0.9990,60.56,yes
2026-10-05T01:29:34.126283Z,KXDOGE15M-26OCT042130-30,0.9990,101.68,yes
2026-10-05T01:29:34.126283Z,KXDOGE15M-26OCT042130-30,0.9990,14.00,yes
2026-10-05T01:29:34.126283Z,KXDOGE15M-26OCT042130-30,0.9990,139.44,yes
2026-10-05T01:29:34.126283Z,KXDOGE15M-26OCT042130-30,0.9990,5.98,yes
2026-10-05T01:29:34.126283Z,KXDOGE15M-26OCT042130-30,0.9990,73.07,yes
2026-10-05T01:29:34.126283Z,KXDOGE15M-26OCT042130-30,0.9990,2.00,yes
2026-10-05T01:29:34.126283Z,KXDOGE15M-26OCT042130-30,0.9990,2.72,yes
2026-10-05T01:29:34.126283Z,KXDOGE15M-26OCT042130-30,0.9990,2.00,yes
2026-10-05T01:29:34.126283Z,KXDOGE15M-26OCT042130-30,0.9990,1.00,yes
2026-10-05T01:29:34.126283Z,KXDOGE15M-26OCT042130-30,0.9990,0.28,yes
2026-10-05T01:29:34.126283Z,KXDOGE15M-26OCT042130-30,0.9990,42.97,yes
2026-10-05T01:29:34.845362Z,KXDOGE15M-26OCT042130-30,0.9980,27.88,no
2026-10-05T01:29:34.845362Z,KXDOGE15M-26OCT042130-30,0.9980,14.11,no
2026-10-05T01:29:34.845362Z,KXDOGE15M-26OCT042130-30,0.9980,65.67,no
2026-10-05T01:29:34.845362Z,KXDOGE15M-26OCT042130-30,0.9980,63.28,no
2026-10-05T01:29:34.845362Z,KXDOGE15M-26OCT042130-30,0.9980,139.44,no
2026-10-05T01:29:34.845362Z,KXDOGE15M-26OCT042130-30,0.9980,73.07,no
2026-10-05T01:29:34.845362Z,KXDOGE15M-26OCT042130-30,0.9980,14.00,no
2026-10-05T01:29:34.845362Z,KXDOGE15M-26OCT042130-30,0.9980,60.56,no
2026-10-05T01:29:36.043399Z,KXDOGE15M-26OCT042130-30,0.9990,20.46,yes
2026-10-05T01:29:36.353052Z,KXDOGE15M-26OCT042130-30,0.9960,80.00,no
2026-10-05T01:29:36.353052Z,KXDOGE15M-26OCT042130-30,0.9980,20.46,no
2026-10-05T01:29:36.353052Z,KXDOGE15M-26OCT042130-30,0.9960,2.00,no
2026-10-05T01:29:36.353052Z,KXDOGE15M-26OCT042130-30,0.9980,5.98,no
2026-10-05T01:29:36.353052Z,KXDOGE15M-26OCT042130-30,0.9980,36.01,no
2026-10-05T01:29:36.353052Z,KXDOGE15M-26OCT042130-30,0.9970,40.00,no
2026-10-05T01:29:36.353052Z,KXDOGE15M-26OCT042130-30,0.9950,43.51,no
2026-10-05T01:29:38.973227Z,KXDOGE15M-26OCT042130-30,0.9990,2.00,yes
2026-10-05T01:29:39.516786Z,KXDOGE15M-26OCT042130-30,0.9990,5.42,yes
2026-10-05T01:29:39.516786Z,KXDOGE15M-26OCT042130-30,0.9990,1.58,yes
2026-10-05T01:29:42.849443Z,KXDOGE15M-26OCT042130-30,0.9970,22.93,no
2026-10-05T01:29:42.849443Z,KXDOGE15M-26OCT042130-30,0.9970,2.00,no
2026-10-05T01:29:42.849443Z,KXDOGE15M-26OCT042130-30,0.9980,5.42,no
2026-10-05T01:29:42.849443Z,KXDOGE15M-26OCT042130-30,0.9980,1.58,no
2026-10-05T01:29:45.268684Z,KXDOGE15M-26OCT042130-30,0.9990,12.53,yes
2026-10-05T01:29:45.268684Z,KXDOGE15M-26OCT042130-30,0.9990,139.44,yes
2026-10-05T01:29:45.268684Z,KXDOGE15M-26OCT042130-30,0.9990,14.00,yes
2026-10-05T01:29:45.268684Z,KXDOGE15M-26OCT042130-30,0.9990,65.67,yes
2026-10-05T01:29:45.268684Z,KXDOGE15M-26OCT042130-30,0.9990,60.56,yes
2026-10-05T01:29:45.268684Z,KXDOGE15M-26OCT042130-30,0.9990,73.07,yes
2026-10-05T01:29:45.268684Z,KXDOGE15M-26OCT042130-30,0.9990,8.00,yes
2026-10-05T01:29:45.268684Z,KXDOGE15M-26OCT042130-30,0.9990,63.28,yes
2026-10-05T01:29:45.268684Z,KXDOGE15M-26OCT042130-30,0.9990,77.00,yes
2026-10-05T01:29:45.268684Z,KXDOGE15M-26OCT042130-30,0.9990,36.01,yes
2026-10-05T01:29:45.268684Z,KXDOGE15M-26OCT042130-30,0.9990,1.00,yes
2026-10-05T01:29:45.268684Z,KXDOGE15M-26OCT042130-30,0.9990,5.98,yes
2026-10-05T01:29:45.268684Z,KXDOGE15M-26OCT042130-30,0.9990,20.46,yes
2026-10-05T01:29:45.268684Z,KXDOGE15M-26OCT042130-30,0.9990,1.58,yes
2026-10-05T01:29:45.268684Z,KXDOGE15M-26OCT042130-30,0.9990,22.00,yes
2026-10-05T01:29:45.268684Z,KXDOGE15M-26OCT042130-30,0.9990,5.42,yes
2026-10-05T01:29:45.268684Z,KXDOGE15M-26OCT042130-30,0.9990,2.00,yes
2026-10-05T01:29:45.936392Z,KXDOGE15M-26OCT042130-30,0.9980,33.12,no
2026-10-05T01:29:45.936392Z,KXDOGE15M-26OCT042130-30,0.9990,12.00,no
2026-10-05T01:29:47.515402Z,KXDOGE15M-26OCT042130-30,0.9980,65.67,no
2026-10-05T01:29:47.515402Z,KXDOGE15M-26OCT042130-30,0.9980,9.00,no
2026-10-05T01:29:47.515402Z,KXDOGE15M-26OCT042130-30,0.9970,15.53,no
2026-10-05T01:29:47.515402Z,KXDOGE15M-26OCT042130-30,0.9980,60.56,no
2026-10-05T01:29:47.515402Z,KXDOGE15M-26OCT042130-30,0.9980,20.46,no
2026-10-05T01:29:47.515402Z,KXDOGE15M-26OCT042130-30,0.9980,139.44,no
2026-10-05T01:29:47.515402Z,KXDOGE15M-26OCT042130-30,0.9980,5.98,no
2026-10-05T01:29:47.515402Z,KXDOGE15M-26OCT042130-30,0.9980,39.95,no
2026-10-05T01:29:47.515402Z,KXDOGE15M-26OCT042130-30,0.9970,12.53,no
2026-10-05T01:29:47.515402Z,KXDOGE15M-26OCT042130-30,0.9980,36.01,no
2026-10-05T01:29:48.145395Z,KXDOGE15M-26OCT042130-30,0.9990,8.78,yes
2026-10-05T01:29:48.381587Z,KXDOGE15M-26OCT042130-30,0.9990,1.00,yes
2026-10-05T01:29:48.613682Z,KXDOGE15M-26OCT042130-30,0.9990,5.00,yes
2026-10-05T01:29:48.613682Z,KXDOGE15M-26OCT042130-30,0.9990,23.34,yes
2026-10-05T01:29:48.613682Z,KXDOGE15M-26OCT042130-30,0.9990,25.66,yes
2026-10-05T01:29:49.607619Z,KXDOGE15M-26OCT042130-30,0.9970,47.75,no
2026-10-05T01:29:49.607619Z,KXDOGE15M-26OCT042130-30,0.9970,14.00,no
2026-10-05T01:29:49.607619Z,KXDOGE15M-26OCT042130-30,0.9980,8.78,no
2026-10-05T01:29:49.607619Z,KXDOGE15M-26OCT042130-30,0.9980,25.66,no
2026-10-05T01:29:49.607619Z,KXDOGE15M-26OCT042130-30,0.9980,23.34,no
2026-10-05T01:29:49.607619Z,KXDOGE15M-26OCT042130-30,0.9980,1.00,no
2026-10-05T01:29:49.607619Z,KXDOGE15M-26OCT042130-30,0.9970,99.00,no
2026-10-05T01:29:49.607619Z,KXDOGE15M-26OCT042130-30,0.9960,81.79,no
2026-10-05T01:29:56.461776Z,KXDOGE15M-26OCT042130-30,0.9990,336.99,no
2026-10-05T01:29:56.461776Z,KXDOGE15M-26OCT042130-30,0.9990,64.90,no
2026-10-05T01:29:57.860678Z,KXDOGE15M-26OCT042130-30,0.9990,91.62,no
2026-10-05T01:27:26.987441Z,KXSOL15M-26OCT042130-30,0.9750,1.00,no
2026-10-05T01:27:27.325208Z,KXSOL15M-26OCT042130-30,0.9770,14.00,no
2026-10-05T01:27:27.325208Z,KXSOL15M-26OCT042130-30,0.9760,19.00,no
2026-10-05T01:27:27.325208Z,KXSOL15M-26OCT042130-30,0.9750,18.00,no
2026-10-05T01:27:27.325208Z,KXSOL15M-26OCT042130-30,0.9740,7.35,no
2026-10-05T01:27:27.325208Z,KXSOL15M-26OCT042130-30,0.9740,11.00,no
2026-10-05T01:27:28.89436Z,KXSOL15M-26OCT042130-30,0.9750,14.00,no
2026-10-05T01:27:28.89436Z,KXSOL15M-26OCT042130-30,0.9750,8.00,no
2026-10-05T01:27:28.89436Z,KXSOL15M-26OCT042130-30,0.9750,3.00,no
2026-10-05T01:27:29.056628Z,KXSOL15M-26OCT042130-30,0.9770,19.00,yes
2026-10-05T01:27:29.056628Z,KXSOL15M-26OCT042130-30,0.9760,16.00,yes
2026-10-05T01:27:29.056628Z,KXSOL15M-26OCT042130-30,0.9760,100.00,yes
2026-10-05T01:27:30.042207Z,KXSOL15M-26OCT042130-30,0.9830,9.00,yes
2026-10-05T01:27:30.042207Z,KXSOL15M-26OCT042130-30,0.9840,0.78,yes
2026-10-05T01:27:32.366382Z,KXSOL15M-26OCT042130-30,0.9810,7.00,no
2026-10-05T01:27:33.569028Z,KXSOL15M-26OCT042130-30,0.9790,15.00,no
2026-10-05T01:27:33.569028Z,KXSOL15M-26OCT042130-30,0.9800,6.00,no
2026-10-05T01:27:33.569028Z,KXSOL15M-26OCT042130-30,0.9790,5.00,no
2026-10-05T01:27:33.569028Z,KXSOL15M-26OCT042130-30,0.9780,13.05,no
2026-10-05T01:27:33.569028Z,KXSOL15M-26OCT042130-30,0.9800,5.00,no
2026-10-05T01:27:33.572305Z,KXSOL15M-26OCT042130-30,0.9780,2.92,no
2026-10-05T01:27:34.129872Z,KXSOL15M-26OCT042130-30,0.9800,16.00,yes
2026-10-05T01:27:34.129872Z,KXSOL15M-26OCT042130-30,0.9800,4.00,yes
2026-10-05T01:27:34.560412Z,KXSOL15M-26OCT042130-30,0.9780,42.42,no
2026-10-05T01:27:35.131981Z,KXSOL15M-26OCT042130-30,0.9780,6.61,no
2026-10-05T01:27:35.472071Z,KXSOL15M-26OCT042130-30,0.9790,10.00,no
2026-10-05T01:27:35.472071Z,KXSOL15M-26OCT042130-30,0.9780,28.97,no
2026-10-05T01:27:35.477634Z,KXSOL15M-26OCT042130-30,0.9800,1.00,yes
2026-10-05T01:27:36.488454Z,KXSOL15M-26OCT042130-30,0.9800,1.03,yes
2026-10-05T01:27:36.488454Z,KXSOL15M-26OCT042130-30,0.9800,1.00,yes
2026-10-05T01:27:38.1355Z,KXSOL15M-26OCT042130-30,0.9790,6.00,yes
2026-10-05T01:27:39.34236Z,KXSOL15M-26OCT042130-30,0.9790,3.00,no
2026-10-05T01:27:39.983698Z,KXSOL15M-26OCT042130-30,0.9800,1.00,yes
2026-10-05T01:27:39.983698Z,KXSOL15M-26OCT042130-30,0.9800,1.00,yes
2026-10-05T01:27:39.983698Z,KXSOL15M-26OCT042130-30,0.9800,11.97,yes
2026-10-05T01:27:39.983698Z,KXSOL15M-26OCT042130-30,0.9800,4.00,yes
2026-10-05T01:27:40.69947Z,KXSOL15M-26OCT042130-30,0.9790,8.00,yes
2026-10-05T01:27:41.677199Z,KXSOL15M-26OCT042130-30,0.9810,39.44,yes
2026-10-05T01:27:41.677199Z,KXSOL15M-26OCT042130-30,0.9800,5.00,yes
2026-10-05T01:27:41.677199Z,KXSOL15M-26OCT042130-30,0.9800,10.00,yes
2026-10-05T01:27:41.677199Z,KXSOL15M-26OCT042130-30,0.9800,6.00,yes
2026-10-05T01:27:41.677199Z,KXSOL15M-26OCT042130-30,0.9800,3.00,yes
2026-10-05T01:27:42.327784Z,KXSOL15M-26OCT042130-30,0.9810,49.00,yes
2026-10-05T01:27:42.327836Z,KXSOL15M-26OCT042130-30,0.9810,52.00,yes
2026-10-05T01:27:42.327987Z,KXSOL15M-26OCT042130-30,0.9810,87.00,yes
2026-10-05T01:27:42.328089Z,KXSOL15M-26OCT042130-30,0.9810,24.00,yes
2026-10-05T01:27:42.354298Z,KXSOL15M-26OCT042130-30,0.9800,1.00,no
2026-10-05T01:27:42.481839Z,KXSOL15M-26OCT042130-30,0.9810,232.56,yes
2026-10-05T01:27:43.00937Z,KXSOL15M-26OCT042130-30,0.9810,6.00,yes
2026-10-05T01:27:43.00937Z,KXSOL15M-26OCT042130-30,0.9800,32.00,yes
2026-10-05T01:27:43.00937Z,KXSOL15M-26OCT042130-30,0.9830,3.00,yes
2026-10-05T01:27:43.00937Z,KXSOL15M-26OCT042130-30,0.9840,3.00,yes
2026-10-05T01:27:43.00937Z,KXSOL15M-26OCT042130-30,0.9840,19.00,yes
2026-10-05T01:27:43.00937Z,KXSOL15M-26OCT042130-30,0.9850,6.00,yes
2026-10-05T01:27:43.00937Z,KXSOL15M-26OCT042130-30,0.9850,7.00,yes
2026-10-05T01:27:43.00937Z,KXSOL15M-26OCT042130-30,0.9870,10.00,yes
2026-10-05T01:27:43.00937Z,KXSOL15M-26OCT042130-30,0.9860,27.00,yes
2026-10-05T01:27:43.00937Z,KXSOL15M-26OCT042130-30,0.9870,1.00,yes
2026-10-05T01:27:43.00937Z,KXSOL15M-26OCT042130-30,0.9880,7.99,yes
2026-10-05T01:27:43.00937Z,KXSOL15M-26OCT042130-30,0.9880,80.45,yes
2026-10-05T01:27:43.056959Z,KXSOL15M-26OCT042130-30,0.9800,7.99,no
2026-10-05T01:27:43.056959Z,KXSOL15M-26OCT042130-30,0.9790,92.01,no
2026-10-05T01:27:43.057165Z,KXSOL15M-26OCT042130-30,0.9780,3.00,no
2026-10-05T01:27:43.057165Z,KXSOL15M-26OCT042130-30,0.9790,3.00,no
2026-10-05T01:27:43.057165Z,KXSOL15M-26OCT042130-30,0.9790,7.99,no
2026-10-05T01:27:43.348883Z,KXSOL15M-26OCT042130-30,0.9840,17.00,yes
2026-10-05T01:27:43.348883Z,KXSOL15M-26OCT042130-30,0.9840,6.00,yes
2026-10-05T01:27:43.422005Z,KXSOL15M-26OCT042130-30,0.9820,2.00,no
2026-10-05T01:27:43.546024Z,KXSOL15M-26OCT042130-30,0.9820,5.00,no
2026-10-05T01:27:43.647554Z,KXSOL15M-26OCT042130-30,0.9850,1.01,yes
2026-10-05T01:27:44.174355Z,KXSOL15M-26OCT042130-30,0.9820,9.20,no
2026-10-05T01:27:44.232186Z,KXSOL15M-26OCT042130-30,0.9840,15.00,yes
2026-10-05T01:27:44.232186Z,KXSOL15M-26OCT042130-30,0.9840,10.00,yes
2026-10-05T01:27:44.232186Z,KXSOL15M-26OCT042130-30,0.9840,6.00,yes
2026-10-05T01:27:44.399011Z,KXSOL15M-26OCT042130-30,0.9840,10.25,yes
2026-10-05T01:27:45.344905Z,KXSOL15M-26OCT042130-30,0.9870,2.00,yes
2026-10-05T01:27:45.344905Z,KXSOL15M-26OCT042130-30,0.9870,10.00,yes
2026-10-05T01:27:45.526697Z,KXSOL15M-26OCT042130-30,0.9880,23.00,yes
2026-10-05T01:27:45.592341Z,KXSOL15M-26OCT042130-30,0.9880,6.00,yes
2026-10-05T01:27:45.629498Z,KXSOL15M-26OCT042130-30,0.9880,14.72,yes
2026-10-05T01:27:45.683882Z,KXSOL15M-26OCT042130-30,0.9880,3.00,yes
2026-10-05T01:27:45.844568Z,KXSOL15M-26OCT042130-30,0.9880,29.00,yes
2026-10-05T01:27:46.082222Z,KXSOL15M-26OCT042130-30,0.9880,14.00,yes
2026-10-05T01:27:46.082589Z,KXSOL15M-26OCT042130-30,0.9880,43.00,yes
2026-10-05T01:27:46.082634Z,KXSOL15M-26OCT042130-30,0.9880,100.00,yes
2026-10-05T01:27:46.082645Z,KXSOL15M-26OCT042130-30,0.9880,22.00,yes
2026-10-05T01:27:46.082675Z,KXSOL15M-26OCT042130-30,0.9880,6.00,yes
2026-10-05T01:27:46.082675Z,KXSOL15M-26OCT042130-30,0.9890,63.17,yes
2026-10-05T01:27:46.082675Z,KXSOL15M-26OCT042130-30,0.9890,8.00,yes
2026-10-05T01:27:46.082675Z,KXSOL15M-26OCT042130-30,0.9880,14.83,yes
2026-10-05T01:27:46.09093Z,KXSOL15M-26OCT042130-30,0.9880,6.00,yes
2026-10-05T01:27:46.679735Z,KXSOL15M-26OCT042130-30,0.9890,2.02,yes
2026-10-05T01:27:47.614632Z,KXSOL15M-26OCT042130-30,0.9880,0.77,yes
2026-10-05T01:27:49.620844Z,KXSOL15M-26OCT042130-30,0.9850,19.00,no
2026-10-05T01:27:49.620844Z,KXSOL15M-26OCT042130-30,0.9860,0.07,no
2026-10-05T01:27:49.620844Z,KXSOL15M-26OCT042130-30,0.9860,8.00,no
2026-10-05T01:27:49.620844Z,KXSOL15M-26OCT042130-30,0.9850,0.07,no
2026-10-05T01:27:49.873437Z,KXSOL15M-26OCT042130-30,0.9840,12.00,no
2026-10-05T01:27:49.873437Z,KXSOL15M-26OCT042130-30,0.9840,23.00,no
2026-10-05T01:27:49.963379Z,KXSOL15M-26OCT042130-30,0.9840,12.00,no
2026-10-05T01:27:49.963379Z,KXSOL15M-26OCT042130-30,0.9830,3.00,no
2026-10-05T01:27:49.963379Z,KXSOL15M-26OCT042130-30,0.9840,25.00,no
2026-10-05T01:27:50.141704Z,KXSOL15M-26OCT042130-30,0.9840,1.00,yes
2026-10-05T01:27:52.65142Z,KXSOL15M-26OCT042130-30,0.9870,15.00,yes
2026-10-05T01:27:52.65142Z,KXSOL15M-26OCT042130-30,0.9880,3.00,yes
2026-10-05T01:27:52.65142Z,KXSOL15M-26OCT042130-30,0.9870,26.00,yes
2026-10-05T01:27:52.65142Z,KXSOL15M-26OCT042130-30,0.9880,6.00,yes
2026-10-05T01:27:52.906433Z,KXSOL15M-26OCT042130-30,0.9860,20.00,no
2026-10-05T01:27:52.906433Z,KXSOL15M-26OCT042130-30,0.9830,17.15,no
2026-10-05T01:27:52.906433Z,KXSOL15M-26OCT042130-30,0.9840,12.00,no
2026-10-05T01:27:52.906433Z,KXSOL15M-26OCT042130-30,0.9840,10.00,no
2026-10-05T01:27:52.908514Z,KXSOL15M-26OCT042130-30,0.9880,0.12,yes
2026-10-05T01:27:53.356107Z,KXSOL15M-26OCT042130-30,0.9840,11.00,no
2026-10-05T01:27:53.554226Z,KXSOL15M-26OCT042130-30,0.9830,86.16,no
2026-10-05T01:27:53.554226Z,KXSOL15M-26OCT042130-30,0.9840,3.00,no
2026-10-05T01:27:53.554226Z,KXSOL15M-26OCT042130-30,0.9840,11.00,no
2026-10-05T01:27:53.554226Z,KXSOL15M-26OCT042130-30,0.9840,0.07,no
2026-10-05T01:27:53.554226Z,KXSOL15M-26OCT042130-30,0.9840,1.00,no
2026-10-05T01:27:53.554226Z,KXSOL15M-26OCT042130-30,0.9840,10.00,no
2026-10-05T01:27:53.60231Z,KXSOL15M-26OCT042130-30,0.9840,10.00,no
2026-10-05T01:27:53.876581Z,KXSOL15M-26OCT042130-30,0.9870,1.01,yes
2026-10-05T01:27:55.031002Z,KXSOL15M-26OCT042130-30,0.9880,17.00,no
2026-10-05T01:27:55.031002Z,KXSOL15M-26OCT042130-30,0.9870,19.66,no
2026-10-05T01:27:55.652462Z,KXSOL15M-26OCT042130-30,0.9860,1.78,yes
2026-10-05T01:27:55.674694Z,KXSOL15M-26OCT042130-30,0.9850,10.00,no
2026-10-05T01:27:55.674694Z,KXSOL15M-26OCT042130-30,0.9840,6.21,no
2026-10-05T01:27:57.035508Z,KXSOL15M-26OCT042130-30,0.9860,17.00,no
2026-10-05T01:27:57.035668Z,KXSOL15M-26OCT042130-30,0.9850,30.00,no
2026-10-05T01:27:59.205028Z,KXSOL15M-26OCT042130-30,0.9840,1.00,no
2026-10-05T01:27:59.205028Z,KXSOL15M-26OCT042130-30,0.9850,23.00,no
2026-10-05T01:27:59.205028Z,KXSOL15M-26OCT042130-30,0.9850,3.00,no
2026-10-05T01:27:59.205028Z,KXSOL15M-26OCT042130-30,0.9860,3.00,no
2026-10-05T01:27:59.205028Z,KXSOL15M-26OCT042130-30,0.9860,12.00,no
2026-10-05T01:27:59.205028Z,KXSOL15M-26OCT042130-30,0.9860,3.79,no
2026-10-05T01:27:59.205028Z,KXSOL15M-26OCT042130-30,0.9840,0.07,no
2026-10-05T01:27:59.205028Z,KXSOL15M-26OCT042130-30,0.9830,0.07,no
2026-10-05T01:27:59.205028Z,KXSOL15M-26OCT042130-30,0.9820,0.08,no
2026-10-05T01:27:59.205028Z,KXSOL15M-26OCT042130-30,0.9810,0.08,no
2026-10-05T01:27:59.205028Z,KXSOL15M-26OCT042130-30,0.9830,243.69,no
2026-10-05T01:27:59.205028Z,KXSOL15M-26OCT042130-30,0.9820,3.00,no
2026-10-05T01:27:59.205028Z,KXSOL15M-26OCT042130-30,0.9820,14.72,no
2026-10-05T01:27:59.205028Z,KXSOL15M-26OCT042130-30,0.9820,6.00,no
2026-10-05T01:27:59.205028Z,KXSOL15M-26OCT042130-30,0.9820,29.00,no
2026-10-05T01:27:59.205028Z,KXSOL15M-26OCT042130-30,0.9820,23.00,no
2026-10-05T01:27:59.205028Z,KXSOL15M-26OCT042130-30,0.9800,14.01,no
2026-10-05T01:27:59.205028Z,KXSOL15M-26OCT042130-30,0.9820,14.00,no
2026-10-05T01:27:59.205028Z,KXSOL15M-26OCT042130-30,0.9820,63.14,no
2026-10-05T01:27:59.205028Z,KXSOL15M-26OCT042130-30,0.9850,100.00,no
2026-10-05T01:27:59.566409Z,KXSOL15M-26OCT042130-30,0.9860,3.00,yes
2026-10-05T01:28:00.076301Z,KXSOL15M-26OCT042130-30,0.9860,1.00,yes
2026-10-05T01:28:00.461718Z,KXSOL15M-26OCT042130-30,0.9860,13.00,yes
2026-10-05T01:28:00.461718Z,KXSOL15M-26OCT042130-30,0.9870,12.30,yes
2026-10-05T01:28:01.653447Z,KXSOL15M-26OCT042130-30,0.9880,11.00,yes
2026-10-05T01:28:01.653447Z,KXSOL15M-26OCT042130-30,0.9880,6.00,yes
2026-10-05T01:28:01.653455Z,KXSOL15M-26OCT042130-30,0.9880,27.00,yes
2026-10-05T01:28:01.653472Z,KXSOL15M-26OCT042130-30,0.9880,8.00,yes
2026-10-05T01:28:01.653472Z,KXSOL15M-26OCT042130-30,0.9890,22.00,yes
2026-10-05T01:28:02.288823Z,KXSOL15M-26OCT042130-30,0.9900,0.71,yes
2026-10-05T01:28:02.288823Z,KXSOL15M-26OCT042130-30,0.9900,50.00,yes
2026-10-05T01:28:02.288823Z,KXSOL15M-26OCT042130-30,0.9900,26.76,yes
2026-10-05T01:28:02.288823Z,KXSOL15M-26OCT042130-30,0.9900,3.00,yes
2026-10-05T01:28:02.288823Z,KXSOL15M-26OCT042130-30,0.9890,2.00,yes
2026-10-05T01:28:02.288823Z,KXSOL15M-26OCT042130-30,0.9890,12.81,yes
2026-10-05T01:28:02.288823Z,KXSOL15M-26OCT042130-30,0.9890,1.00,yes
2026-10-05T01:28:02.288823Z,KXSOL15M-26OCT042130-30,0.9890,10.00,yes
2026-10-05T01:28:02.288823Z,KXSOL15M-26OCT042130-30,0.9890,2.00,yes
2026-10-05T01:28:02.288823Z,KXSOL15M-26OCT042130-30,0.9890,20.00,yes
2026-10-05T01:28:02.288823Z,KXSOL15M-26OCT042130-30,0.9900,25.00,yes
2026-10-05T01:28:02.288823Z,KXSOL15M-26OCT042130-30,0.9900,20.00,yes
2026-10-05T01:28:02.288823Z,KXSOL15M-26OCT042130-30,0.9900,25.00,yes
2026-10-05T01:28:02.288823Z,KXSOL15M-26OCT042130-30,0.9890,1.00,yes
2026-10-05T01:28:02.288823Z,KXSOL15M-26OCT042130-30,0.9900,2.00,yes
2026-10-05T01:28:02.527856Z,KXSOL15M-26OCT042130-30,0.9890,4.00,no
2026-10-05T01:28:02.644897Z,KXSOL15M-26OCT042130-30,0.9900,4.66,yes
2026-10-05T01:28:02.644897Z,KXSOL15M-26OCT042130-30,0.9900,5.65,yes
2026-10-05T01:28:02.644897Z,KXSOL15M-26OCT042130-30,0.9900,3.45,yes
2026-10-05T01:28:02.644897Z,KXSOL15M-26OCT042130-30,0.9900,3.00,yes
2026-10-05T01:28:02.644897Z,KXSOL15M-26OCT042130-30,0.9900,1.38,yes
2026-10-05T01:28:02.644897Z,KXSOL15M-26OCT042130-30,0.9900,4.86,yes
2026-10-05T01:28:02.737534Z,KXSOL15M-26OCT042130-30,0.9890,22.00,no
2026-10-05T01:28:03.043975Z,KXSOL15M-26OCT042130-30,0.9900,1.00,yes
2026-10-05T01:28:04.13282Z,KXSOL15M-26OCT042130-30,0.9870,10.00,yes
2026-10-05T01:28:05.986485Z,KXSOL15M-26OCT042130-30,0.9900,20.00,yes
2026-10-05T01:28:06.144101Z,KXSOL15M-26OCT042130-30,0.9900,1.00,yes
2026-10-05T01:28:06.600429Z,KXSOL15M-26OCT042130-30,0.9900,3.89,yes
2026-10-05T01:28:06.866679Z,KXSOL15M-26OCT042130-30,0.9900,0.11,yes
2026-10-05T01:28:06.952952Z,KXSOL15M-26OCT042130-30,0.9900,31.00,no
2026-10-05T01:28:06.952952Z,KXSOL15M-26OCT042130-30,0.9900,0.65,no
2026-10-05T01:28:07.304495Z,KXSOL15M-26OCT042130-30,0.9910,3.00,yes
2026-10-05T01:28:07.375999Z,KXSOL15M-26OCT042130-30,0.9910,16.00,yes
2026-10-05T01:28:07.375999Z,KXSOL15M-26OCT042130-30,0.9910,18.00,yes
2026-10-05T01:28:07.530826Z,KXSOL15M-26OCT042130-30,0.9920,20.00,yes
2026-10-05T01:28:07.530826Z,KXSOL15M-26OCT042130-30,0.9920,27.00,yes
2026-10-05T01:28:08.035078Z,KXSOL15M-26OCT042130-30,0.9930,21.57,yes
2026-10-05T01:28:08.424625Z,KXSOL15M-26OCT042130-30,0.9920,2.00,no
2026-10-05T01:28:09.004791Z,KXSOL15M-26OCT042130-30,0.9920,10.35,no
2026-10-05T01:28:09.345301Z,KXSOL15M-26OCT042130-30,0.9930,1.00,yes
2026-10-05T01:28:10.86604Z,KXSOL15M-26OCT042130-30,0.9920,13.62,no
2026-10-05T01:28:12.618937Z,KXSOL15M-26OCT042130-30,0.9930,0.86,yes
2026-10-05T01:28:13.592993Z,KXSOL15M-26OCT042130-30,0.9940,0.51,yes
2026-10-05T01:28:13.592993Z,KXSOL15M-26OCT042130-30,0.9940,1.50,yes
2026-10-05T01:28:13.609659Z,KXSOL15M-26OCT042130-30,0.9920,14.00,no
2026-10-05T01:28:13.609659Z,KXSOL15M-26OCT042130-30,0.9920,1.03,no
2026-10-05T01:28:13.609659Z,KXSOL15M-26OCT042130-30,0.9920,1.28,no
2026-10-05T01:28:13.609659Z,KXSOL15M-26OCT042130-30,0.9930,11.00,no
2026-10-05T01:28:13.609659Z,KXSOL15M-26OCT042130-30,0.9930,5.00,no
2026-10-05T01:28:13.609659Z,KXSOL15M-26OCT042130-30,0.9930,12.00,no
2026-10-05T01:28:13.609659Z,KXSOL15M-26OCT042130-30,0.9930,11.00,no
2026-10-05T01:28:15.317113Z,KXSOL15M-26OCT042130-30,0.9920,91.57,no
2026-10-05T01:28:15.317113Z,KXSOL15M-26OCT042130-30,0.9920,7.72,no
2026-10-05T01:28:15.317113Z,KXSOL15M-26OCT042130-30,0.9930,12.00,no
2026-10-05T01:28:15.317113Z,KXSOL15M-26OCT042130-30,0.9930,7.00,no
2026-10-05T01:28:15.317113Z,KXSOL15M-26OCT042130-30,0.9930,0.07,no
2026-10-05T01:28:16.294047Z,KXSOL15M-26OCT042130-30,0.9930,44.00,no
2026-10-05T01:28:16.294047Z,KXSOL15M-26OCT042130-30,0.9910,0.08,no
2026-10-05T01:28:16.294047Z,KXSOL15M-26OCT042130-30,0.9920,0.07,no
2026-10-05T01:28:16.294047Z,KXSOL15M-26OCT042130-30,0.9920,21.00,no
2026-10-05T01:28:16.294047Z,KXSOL15M-26OCT042130-30,0.9910,10.00,no
2026-10-05T01:28:16.294047Z,KXSOL15M-26OCT042130-30,0.9900,8.27,no
2026-10-05T01:28:16.294047Z,KXSOL15M-26OCT042130-30,0.9920,3.89,no
2026-10-05T01:28:16.294047Z,KXSOL15M-26OCT042130-30,0.9920,0.11,no
2026-10-05T01:28:16.294047Z,KXSOL15M-26OCT042130-30,0.9920,1.00,no
2026-10-05T01:28:16.294047Z,KXSOL15M-26OCT042130-30,0.9920,20.00,no
2026-10-05T01:28:16.294047Z,KXSOL15M-26OCT042130-30,0.9920,3.00,no
2026-10-05T01:28:16.626223Z,KXSOL15M-26OCT042130-30,0.9930,20.99,yes
2026-10-05T01:28:17.086646Z,KXSOL15M-26OCT042130-30,0.9940,2.39,yes
2026-10-05T01:28:18.405349Z,KXSOL15M-26OCT042130-30,0.9940,3.01,yes
2026-10-05T01:28:19.320926Z,KXSOL15M-26OCT042130-30,0.9940,10.00,yes
2026-10-05T01:28:19.320926Z,KXSOL15M-26OCT042130-30,0.9940,7.00,yes
2026-10-05T01:28:20.079512Z,KXSOL15M-26OCT042130-30,0.9950,2.00,yes
2026-10-05T01:28:20.079512Z,KXSOL15M-26OCT042130-30,0.9950,11.00,yes
2026-10-05T01:28:20.079512Z,KXSOL15M-26OCT042130-30,0.9950,1.00,yes
2026-10-05T01:28:20.380553Z,KXSOL15M-26OCT042130-30,0.9940,17.14,no
2026-10-05T01:28:20.699283Z,KXSOL15M-26OCT042130-30,0.9940,2.00,no
2026-10-05T01:28:22.417805Z,KXSOL15M-26OCT042130-30,0.9940,16.00,no
2026-10-05T01:28:22.417805Z,KXSOL15M-26OCT042130-30,0.9940,10.88,no
2026-10-05T01:28:22.417805Z,KXSOL15M-26OCT042130-30,0.9940,19.86,no
2026-10-05T01:28:22.477624Z,KXSOL15M-26OCT042130-30,0.9950,3.00,yes
2026-10-05T01:28:22.477624Z,KXSOL15M-26OCT042130-30,0.9950,2.05,yes
2026-10-05T01:28:22.477624Z,KXSOL15M-26OCT042130-30,0.9950,6.00,yes
2026-10-05T01:28:23.734144Z,KXSOL15M-26OCT042130-30,0.9940,17.00,no
2026-10-05T01:28:23.740549Z,KXSOL15M-26OCT042130-30,0.9940,5.00,no
2026-10-05T01:28:25.847186Z,KXSOL15M-26OCT042130-30,0.9950,4.99,yes
2026-10-05T01:28:25.847186Z,KXSOL15M-26OCT042130-30,0.9950,6.00,yes
2026-10-05T01:28:27.354502Z,KXSOL15M-26OCT042130-30,0.9950,4.00,yes
2026-10-05T01:28:27.361855Z,KXSOL15M-26OCT042130-30,0.9950,1.01,yes
2026-10-05T01:28:27.361855Z,KXSOL15M-26OCT042130-30,0.9950,0.99,yes
2026-10-05T01:28:28.293245Z,KXSOL15M-26OCT042130-30,0.9960,12.73,yes
2026-10-05T01:28:28.829803Z,KXSOL15M-26OCT042130-30,0.9960,1.00,yes
2026-10-05T01:28:29.367354Z,KXSOL15M-26OCT042130-30,0.9950,39.60,no
2026-10-05T01:28:30.38333Z,KXSOL15M-26OCT042130-30,0.9950,29.02,no
2026-10-05T01:28:30.38333Z,KXSOL15M-26OCT042130-30,0.9950,4.40,no
2026-10-05T01:28:32.216008Z,KXSOL15M-26OCT042130-30,0.9960,5.00,yes
2026-10-05T01:28:32.377371Z,KXSOL15M-26OCT042130-30,0.9960,5.00,yes
2026-10-05T01:28:32.479089Z,KXSOL15M-26OCT042130-30,0.9960,5.00,yes
2026-10-05T01:28:32.583345Z,KXSOL15M-26OCT042130-30,0.9960,0.86,yes
2026-10-05T01:28:32.622143Z,KXSOL15M-26OCT042130-30,0.9960,10.59,yes
2026-10-05T01:28:32.622143Z,KXSOL15M-26OCT042130-30,0.9960,52.41,yes
2026-10-05T01:28:32.630189Z,KXSOL15M-26OCT042130-30,0.9960,5.59,yes
2026-10-05T01:28:32.630189Z,KXSOL15M-26OCT042130-30,0.9960,1.00,yes
2026-10-05T01:28:32.630189Z,KXSOL15M-26OCT042130-30,0.9960,1.00,yes
2026-10-05T01:28:32.630189Z,KXSOL15M-26OCT042130-30,0.9960,1.00,yes
2026-10-05T01:28:32.630189Z,KXSOL15M-26OCT042130-30,0.9960,1.00,yes
2026-10-05T01:28:32.630189Z,KXSOL15M-26OCT042130-30,0.9960,1.00,yes
2026-10-05T01:28:32.630189Z,KXSOL15M-26OCT042130-30,0.9960,2.41,yes
2026-10-05T01:28:32.853011Z,KXSOL15M-26OCT042130-30,0.9960,28.00,no
2026-10-05T01:28:32.853011Z,KXSOL15M-26OCT042130-30,0.9920,22.26,no
2026-10-05T01:28:32.853011Z,KXSOL15M-26OCT042130-30,0.9950,100.00,no
2026-10-05T01:28:32.853011Z,KXSOL15M-26OCT042130-30,0.9920,3.00,no
2026-10-05T01:28:33.057794Z,KXSOL15M-26OCT042130-30,0.9960,6.00,yes
2026-10-05T01:28:33.721633Z,KXSOL15M-26OCT042130-30,0.9970,1.00,yes
2026-10-05T01:28:34.24135Z,KXSOL15M-26OCT042130-30,0.9970,5.00,yes
2026-10-05T01:28:34.249331Z,KXSOL15M-26OCT042130-30,0.9970,2.00,yes
2026-10-05T01:28:34.277025Z,KXSOL15M-26OCT042130-30,0.9970,27.00,yes
2026-10-05T01:28:34.294157Z,KXSOL15M-26OCT042130-30,0.9970,5.00,yes
2026-10-05T01:28:34.299077Z,KXSOL15M-26OCT042130-30,0.9970,5.00,yes
2026-10-05T01:28:34.305091Z,KXSOL15M-26OCT042130-30,0.9970,5.00,yes
2026-10-05T01:28:34.310597Z,KXSOL15M-26OCT042130-30,0.9970,5.00,yes
2026-10-05T01:28:34.316729Z,KXSOL15M-26OCT042130-30,0.9970,1.00,yes
2026-10-05T01:28:34.324557Z,KXSOL15M-26OCT042130-30,0.9970,40.99,yes
2026-10-05T01:28:34.324943Z,KXSOL15M-26OCT042130-30,0.9970,1.00,yes
2026-10-05T01:28:34.59454Z,KXSOL15M-26OCT042130-30,0.9970,10.93,yes
2026-10-05T01:28:36.165721Z,KXSOL15M-26OCT042130-30,0.9970,16.00,yes
2026-10-05T01:28:36.172236Z,KXSOL15M-26OCT042130-30,0.9970,5.00,yes
2026-10-05T01:28:36.177786Z,KXSOL15M-26OCT042130-30,0.9970,5.00,yes
2026-10-05T01:28:36.18372Z,KXSOL15M-26OCT042130-30,0.9970,5.00,yes
2026-10-05T01:28:36.188651Z,KXSOL15M-26OCT042130-30,0.9970,5.00,yes
2026-10-05T01:28:36.194666Z,KXSOL15M-26OCT042130-30,0.9970,2.00,yes
2026-10-05T01:28:36.200039Z,KXSOL15M-26OCT042130-30,0.9970,1.00,yes
2026-10-05T01:28:36.560904Z,KXSOL15M-26OCT042130-30,0.9960,1.00,no
2026-10-05T01:28:36.560904Z,KXSOL15M-26OCT042130-30,0.9960,27.00,no
2026-10-05T01:28:36.560904Z,KXSOL15M-26OCT042130-30,0.9960,2.00,no
2026-10-05T01:28:36.560904Z,KXSOL15M-26OCT042130-30,0.9960,5.00,no
2026-10-05T01:28:36.560904Z,KXSOL15M-26OCT042130-30,0.9960,23.04,no
2026-10-05T01:28:36.560904Z,KXSOL15M-26OCT042130-30,0.9960,5.00,no
2026-10-05T01:28:36.560904Z,KXSOL15M-26OCT042130-30,0.9960,5.00,no
2026-10-05T01:28:36.560904Z,KXSOL15M-26OCT042130-30,0.9960,5.00,no
2026-10-05T01:28:36.560904Z,KXSOL15M-26OCT042130-30,0.9960,5.00,no
2026-10-05T01:28:36.560904Z,KXSOL15M-26OCT042130-30,0.9960,100.00,no
2026-10-05T01:28:36.560904Z,KXSOL15M-26OCT042130-30,0.9960,5.00,no
2026-10-05T01:28:36.560904Z,KXSOL15M-26OCT042130-30,0.9960,12.00,no
2026-10-05T01:28:36.560904Z,KXSOL15M-26OCT042130-30,0.9960,1.00,no
2026-10-05T01:28:36.560904Z,KXSOL15M-26OCT042130-30,0.9960,33.00,no
2026-10-05T01:28:36.670795Z,KXSOL15M-26OCT042130-30,0.9970,100.30,yes
2026-10-05T01:28:37.643794Z,KXSOL15M-26OCT042130-30,0.9960,7.35,no
2026-10-05T01:28:37.643794Z,KXSOL15M-26OCT042130-30,0.9960,17.95,no
2026-10-05T01:28:37.852543Z,KXSOL15M-26OCT042130-30,0.9970,1.00,yes
2026-10-05T01:28:38.92134Z,KXSOL15M-26OCT042130-30,0.9970,0.28,yes
2026-10-05T01:28:38.92134Z,KXSOL15M-26OCT042130-30,0.9970,2.00,yes
2026-10-05T01:28:38.92134Z,KXSOL15M-26OCT042130-30,0.9970,18.00,yes
2026-10-05T01:28:38.92134Z,KXSOL15M-26OCT042130-30,0.9970,1.78,yes
2026-10-05T01:28:40.078112Z,KXSOL15M-26OCT042130-30,0.9970,1.28,yes
2026-10-05T01:28:40.078112Z,KXSOL15M-26OCT042130-30,0.9970,10.00,yes
2026-10-05T01:28:40.078112Z,KXSOL15M-26OCT042130-30,0.9970,2.00,yes
2026-10-05T01:28:40.078112Z,KXSOL15M-26OCT042130-30,0.9970,1.72,yes
2026-10-05T01:28:40.078112Z,KXSOL15M-26OCT042130-30,0.9970,2.00,yes
2026-10-05T01:28:40.078112Z,KXSOL15M-26OCT042130-30,0.9970,2.00,yes
2026-10-05T01:28:40.078112Z,KXSOL15M-26OCT042130-30,0.9970,2.00,yes
2026-10-05T01:28:40.084296Z,KXSOL15M-26OCT042130-30,0.9970,10.00,yes
2026-10-05T01:28:40.090749Z,KXSOL15M-26OCT042130-30,0.9970,9.00,yes
2026-10-05T01:28:40.646215Z,KXSOL15M-26OCT042130-30,0.9970,0.08,yes
2026-10-05T01:28:40.747246Z,KXSOL15M-26OCT042130-30,0.9970,42.26,yes
2026-10-05T01:28:40.752981Z,KXSOL15M-26OCT042130-30,0.9970,10.00,yes
2026-10-05T01:28:41.271407Z,KXSOL15M-26OCT042130-30,0.9970,21.00,yes
2026-10-05T01:28:41.27703Z,KXSOL15M-26OCT042130-30,0.9970,10.00,yes
2026-10-05T01:28:41.283043Z,KXSOL15M-26OCT042130-30,0.9970,10.00,yes
2026-10-05T01:28:41.288078Z,KXSOL15M-26OCT042130-30,0.9970,10.00,yes
2026-10-05T01:28:41.294552Z,KXSOL15M-26OCT042130-30,0.9970,6.00,yes
2026-10-05T01:28:41.984267Z,KXSOL15M-26OCT042130-30,0.9970,2.00,yes
2026-10-05T01:28:41.984267Z,KXSOL15M-26OCT042130-30,0.9970,10.00,yes
2026-10-05T01:28:41.984267Z,KXSOL15M-26OCT042130-30,0.9970,120.38,yes
2026-10-05T01:28:41.984267Z,KXSOL15M-26OCT042130-30,0.9980,358.65,yes
2026-10-05T01:28:44.063326Z,KXSOL15M-26OCT042130-30,0.9980,11.02,yes
2026-10-05T01:28:45.34305Z,KXSOL15M-26OCT042130-30,0.9980,17.00,yes
2026-10-05T01:28:45.348815Z,KXSOL15M-26OCT042130-30,0.9980,10.00,yes
2026-10-05T01:28:46.123354Z,KXSOL15M-26OCT042130-30,0.9980,10.00,yes
2026-10-05T01:28:46.131745Z,KXSOL15M-26OCT042130-30,0.9980,5.00,yes
2026-10-05T01:28:46.824732Z,KXSOL15M-26OCT042130-30,0.9970,17.97,no
2026-10-05T01:28:46.941056Z,KXSOL15M-26OCT042130-30,0.9980,5.00,yes
2026-10-05T01:28:46.945658Z,KXSOL15M-26OCT042130-30,0.9980,2.00,yes
2026-10-05T01:28:47.632502Z,KXSOL15M-26OCT042130-30,0.9980,53.00,yes
2026-10-05T01:28:48.234419Z,KXSOL15M-26OCT042130-30,0.9980,32.87,yes
2026-10-05T01:28:48.234419Z,KXSOL15M-26OCT042130-30,0.9980,78.33,yes
2026-10-05T01:28:49.411973Z,KXSOL15M-26OCT042130-30,0.9980,6.04,yes
2026-10-05T01:28:51.356847Z,KXSOL15M-26OCT042130-30,0.9980,10.00,yes
2026-10-05T01:28:51.362513Z,KXSOL15M-26OCT042130-30,0.9980,5.00,yes
2026-10-05T01:28:51.36683Z,KXSOL15M-26OCT042130-30,0.9980,2.00,yes
2026-10-05T01:28:51.375484Z,KXSOL15M-26OCT042130-30,0.9980,2.00,yes
2026-10-05T01:28:51.381915Z,KXSOL15M-26OCT042130-30,0.9980,2.00,yes
2026-10-05T01:28:51.387168Z,KXSOL15M-26OCT042130-30,0.9980,2.00,yes
2026-10-05T01:28:51.893556Z,KXSOL15M-26OCT042130-30,0.9980,5.00,yes
2026-10-05T01:28:51.899579Z,KXSOL15M-26OCT042130-30,0.9970,15.27,no
2026-10-05T01:28:51.900571Z,KXSOL15M-26OCT042130-30,0.9980,2.00,yes
2026-10-05T01:28:51.906061Z,KXSOL15M-26OCT042130-30,0.9980,2.00,yes
2026-10-05T01:28:51.91201Z,KXSOL15M-26OCT042130-30,0.9980,2.00,yes
2026-10-05T01:28:52.127662Z,KXSOL15M-26OCT042130-30,0.9980,2.00,yes
2026-10-05T01:28:52.132533Z,KXSOL15M-26OCT042130-30,0.9980,5.00,yes
2026-10-05T01:28:52.421258Z,KXSOL15M-26OCT042130-30,0.9980,2.00,yes
2026-10-05T01:28:52.890373Z,KXSOL15M-26OCT042130-30,0.9980,2.00,yes
2026-10-05T01:28:52.897643Z,KXSOL15M-26OCT042130-30,0.9980,2.00,yes
2026-10-05T01:28:52.957251Z,KXSOL15M-26OCT042130-30,0.9980,2.00,yes
2026-10-05T01:28:52.962368Z,KXSOL15M-26OCT042130-30,0.9980,2.00,yes
2026-10-05T01:28:52.967816Z,KXSOL15M-26OCT042130-30,0.9980,2.00,yes
2026-10-05T01:28:53.110041Z,KXSOL15M-26OCT042130-30,0.9980,437.00,yes
2026-10-05T01:28:53.134554Z,KXSOL15M-26OCT042130-30,0.9980,189.00,yes
2026-10-05T01:28:53.484054Z,KXSOL15M-26OCT042130-30,0.9980,7.00,yes
2026-10-05T01:28:53.490014Z,KXSOL15M-26OCT042130-30,0.9980,5.00,yes
2026-10-05T01:28:53.495603Z,KXSOL15M-26OCT042130-30,0.9980,2.00,yes
2026-10-05T01:28:53.502375Z,KXSOL15M-26OCT042130-30,0.9980,2.00,yes
2026-10-05T01:28:53.650508Z,KXSOL15M-26OCT042130-30,0.9980,2.00,yes
2026-10-05T01:28:53.658105Z,KXSOL15M-26OCT042130-30,0.9980,2.00,yes
2026-10-05T01:28:53.663198Z,KXSOL15M-26OCT042130-30,0.9980,2.00,yes
2026-10-05T01:28:53.667746Z,KXSOL15M-26OCT042130-30,0.9980,2.00,yes
2026-10-05T01:28:53.673909Z,KXSOL15M-26OCT042130-30,0.9980,2.00,yes
2026-10-05T01:28:54.125147Z,KXSOL15M-26OCT042130-30,0.9980,22.04,yes
2026-10-05T01:28:54.563875Z,KXSOL15M-26OCT042130-30,0.9980,5.00,yes
2026-10-05T01:28:55.075033Z,KXSOL15M-26OCT042130-30,0.9980,10.00,yes
2026-10-05T01:28:55.079908Z,KXSOL15M-26OCT042130-30,0.9980,7.00,yes
2026-10-05T01:28:55.086662Z,KXSOL15M-26OCT042130-30,0.9980,5.00,yes
2026-10-05T01:28:55.093302Z,KXSOL15M-26OCT042130-30,0.9980,2.00,yes
2026-10-05T01:28:55.099647Z,KXSOL15M-26OCT042130-30,0.9980,2.00,yes
2026-10-05T01:28:55.107015Z,KXSOL15M-26OCT042130-30,0.9980,2.00,yes
2026-10-05T01:28:55.61924Z,KXSOL15M-26OCT042130-30,0.9980,15.00,yes
2026-10-05T01:28:55.625409Z,KXSOL15M-26OCT042130-30,0.9980,10.00,yes
2026-10-05T01:28:55.63145Z,KXSOL15M-26OCT042130-30,0.9980,5.00,yes
2026-10-05T01:28:55.832761Z,KXSOL15M-26OCT042130-30,0.9980,5.00,yes
2026-10-05T01:28:55.840689Z,KXSOL15M-26OCT042130-30,0.9980,2.00,yes
2026-10-05T01:28:55.845396Z,KXSOL15M-26OCT042130-30,0.9980,2.00,yes
2026-10-05T01:28:55.851152Z,KXSOL15M-26OCT042130-30,0.9980,2.00,yes
2026-10-05T01:28:55.857635Z,KXSOL15M-26OCT042130-30,0.9980,2.00,yes
2026-10-05T01:28:55.864361Z,KXSOL15M-26OCT042130-30,0.9980,2.00,yes
2026-10-05T01:28:55.870141Z,KXSOL15M-26OCT042130-30,0.9980,2.00,yes
2026-10-05T01:28:55.876615Z,KXSOL15M-26OCT042130-30,0.9980,2.00,yes
2026-10-05T01:28:55.88248Z,KXSOL15M-26OCT042130-30,0.9980,2.00,yes
2026-10-05T01:28:55.888575Z,KXSOL15M-26OCT042130-30,0.9980,2.00,yes
2026-10-05T01:28:55.894372Z,KXSOL15M-26OCT042130-30,0.9980,2.00,yes
2026-10-05T01:28:55.90145Z,KXSOL15M-26OCT042130-30,0.9980,2.00,yes
2026-10-05T01:28:55.907558Z,KXSOL15M-26OCT042130-30,0.9980,2.00,yes
2026-10-05T01:28:55.913462Z,KXSOL15M-26OCT042130-30,0.9980,2.00,yes
2026-10-05T01:28:55.920309Z,KXSOL15M-26OCT042130-30,0.9980,2.00,yes
2026-10-05T01:28:56.141683Z,KXSOL15M-26OCT042130-30,0.9980,2.00,yes
2026-10-05T01:28:56.146684Z,KXSOL15M-26OCT042130-30,0.9980,2.00,yes
2026-10-05T01:28:56.151701Z,KXSOL15M-26OCT042130-30,0.9980,2.00,yes
2026-10-05T01:28:56.328879Z,KXSOL15M-26OCT042130-30,0.9980,62.94,yes
2026-10-05T01:28:56.593049Z,KXSOL15M-26OCT042130-30,0.9980,2.00,yes
2026-10-05T01:28:56.598681Z,KXSOL15M-26OCT042130-30,0.9980,2.00,yes
2026-10-05T01:28:56.608797Z,KXSOL15M-26OCT042130-30,0.9980,2.00,yes
2026-10-05T01:28:56.615892Z,KXSOL15M-26OCT042130-30,0.9980,2.00,yes
2026-10-05T01:28:56.622268Z,KXSOL15M-26OCT042130-30,0.9980,2.00,yes
2026-10-05T01:28:56.628181Z,KXSOL15M-26OCT042130-30,0.9980,2.00,yes
2026-10-05T01:28:56.633366Z,KXSOL15M-26OCT042130-30,0.9980,2.00,yes
2026-10-05T01:28:56.646536Z,KXSOL15M-26OCT042130-30,0.9980,2.00,yes
2026-10-05T01:28:56.654736Z,KXSOL15M-26OCT042130-30,0.9980,2.00,yes
2026-10-05T01:28:56.690947Z,KXSOL15M-26OCT042130-30,0.9980,2.00,yes
2026-10-05T01:28:56.89895Z,KXSOL15M-26OCT042130-30,0.9980,2.00,yes
2026-10-05T01:28:56.906252Z,KXSOL15M-26OCT042130-30,0.9980,2.00,yes
2026-10-05T01:28:57.608433Z,KXSOL15M-26OCT042130-30,0.9980,1.00,yes
2026-10-05T01:28:57.735383Z,KXSOL15M-26OCT042130-30,0.9980,5.00,yes
2026-10-05T01:28:57.741242Z,KXSOL15M-26OCT042130-30,0.9980,3.00,yes
2026-10-05T01:28:57.746341Z,KXSOL15M-26OCT042130-30,0.9980,3.00,yes
2026-10-05T01:28:58.140837Z,KXSOL15M-26OCT042130-30,0.9980,17.00,yes
2026-10-05T01:28:58.233631Z,KXSOL15M-26OCT042130-30,0.9980,23.89,yes
2026-10-05T01:28:58.233631Z,KXSOL15M-26OCT042130-30,0.9980,16.11,yes
2026-10-05T01:28:58.240746Z,KXSOL15M-26OCT042130-30,0.9980,40.00,yes
2026-10-05T01:28:58.252895Z,KXSOL15M-26OCT042130-30,0.9980,16.00,yes
2026-10-05T01:28:58.252939Z,KXSOL15M-26OCT042130-30,0.9980,19.89,yes
2026-10-05T01:28:58.252939Z,KXSOL15M-26OCT042130-30,0.9980,20.11,yes
2026-10-05T01:28:58.256568Z,KXSOL15M-26OCT042130-30,0.9980,40.00,yes
2026-10-05T01:28:58.260264Z,KXSOL15M-26OCT042130-30,0.9980,40.00,yes
2026-10-05T01:28:58.269643Z,KXSOL15M-26OCT042130-30,0.9980,5.00,yes
2026-10-05T01:28:58.275241Z,KXSOL15M-26OCT042130-30,0.9980,3.00,yes
2026-10-05T01:28:58.281503Z,KXSOL15M-26OCT042130-30,0.9980,3.00,yes
2026-10-05T01:28:58.282723Z,KXSOL15M-26OCT042130-30,0.9980,2.00,yes
2026-10-05T01:28:58.287304Z,KXSOL15M-26OCT042130-30,0.9980,5.00,yes
2026-10-05T01:28:58.294206Z,KXSOL15M-26OCT042130-30,0.9980,2.00,yes
2026-10-05T01:28:58.300706Z,KXSOL15M-26OCT042130-30,0.9980,2.00,yes
2026-10-05T01:28:58.30595Z,KXSOL15M-26OCT042130-30,0.9980,2.00,yes
2026-10-05T01:28:58.312612Z,KXSOL15M-26OCT042130-30,0.9980,2.00,yes
2026-10-05T01:28:58.318669Z,KXSOL15M-26OCT042130-30,0.9980,2.00,yes
2026-10-05T01:28:58.355317Z,KXSOL15M-26OCT042130-30,0.9980,40.00,yes
2026-10-05T01:28:58.569591Z,KXSOL15M-26OCT042130-30,0.9980,34.00,yes
2026-10-05T01:28:58.786205Z,KXSOL15M-26OCT042130-30,0.9980,2.00,yes
2026-10-05T01:28:58.791562Z,KXSOL15M-26OCT042130-30,0.9980,2.00,yes
2026-10-05T01:28:58.797603Z,KXSOL15M-26OCT042130-30,0.9980,2.00,yes
2026-10-05T01:28:58.803405Z,KXSOL15M-26OCT042130-30,0.9980,5.00,yes
2026-10-05T01:28:59.319461Z,KXSOL15M-26OCT042130-30,0.9980,2.00,yes
2026-10-05T01:28:59.441953Z,KXSOL15M-26OCT042130-30,0.9980,5.00,yes
2026-10-05T01:28:59.441953Z,KXSOL15M-26OCT042130-30,0.9990,62.70,yes
2026-10-05T01:28:59.441953Z,KXSOL15M-26OCT042130-30,0.9980,3.00,yes
2026-10-05T01:28:59.441953Z,KXSOL15M-26OCT042130-30,0.9980,3.00,yes
2026-10-05T01:28:59.441953Z,KXSOL15M-26OCT042130-30,0.9980,3.00,yes
2026-10-05T01:28:59.441953Z,KXSOL15M-26OCT042130-30,0.9980,24.00,yes
2026-10-05T01:28:59.441953Z,KXSOL15M-26OCT042130-30,0.9980,3.00,yes
2026-10-05T01:28:59.441953Z,KXSOL15M-26OCT042130-30,0.9980,3.00,yes
2026-10-05T01:29:00.081469Z,KXSOL15M-26OCT042130-30,0.9990,1.00,yes
2026-10-05T01:29:00.320626Z,KXSOL15M-26OCT042130-30,0.9990,25.02,yes
2026-10-05T01:29:00.588685Z,KXSOL15M-26OCT042130-30,0.9990,5.00,yes
2026-10-05T01:29:00.818652Z,KXSOL15M-26OCT042130-30,0.9990,35.00,yes
2026-10-05T01:29:01.026888Z,KXSOL15M-26OCT042130-30,0.9990,371.28,yes
2026-10-05T01:29:01.026888Z,KXSOL15M-26OCT042130-30,0.9990,203.72,yes
2026-10-05T01:29:01.044846Z,KXSOL15M-26OCT042130-30,0.9980,28.92,no
2026-10-05T01:29:01.044846Z,KXSOL15M-26OCT042130-30,0.9980,62.70,no
2026-10-05T01:29:01.406345Z,KXSOL15M-26OCT042130-30,0.9990,33.00,yes
2026-10-05T01:29:01.406345Z,KXSOL15M-26OCT042130-30,0.9990,62.70,yes
2026-10-05T01:29:01.406345Z,KXSOL15M-26OCT042130-30,0.9990,10.00,yes
2026-10-05T01:29:01.406345Z,KXSOL15M-26OCT042130-30,0.9990,58.00,yes
2026-10-05T01:29:01.406345Z,KXSOL15M-26OCT042130-30,0.9990,200.00,yes
2026-10-05T01:29:01.406345Z,KXSOL15M-26OCT042130-30,0.9990,96.28,yes
2026-10-05T01:29:01.406345Z,KXSOL15M-26OCT042130-30,0.9990,1.00,yes
2026-10-05T01:29:01.406345Z,KXSOL15M-26OCT042130-30,0.9990,1.00,yes
2026-10-05T01:29:01.406345Z,KXSOL15M-26OCT042130-30,0.9990,1.00,yes
2026-10-05T01:29:06.187947Z,KXSOL15M-26OCT042130-30,0.9990,4.88,no
2026-10-05T01:29:12.867897Z,KXSOL15M-26OCT042130-30,0.9990,91.62,no
2026-10-05T01:29:24.728643Z,KXSOL15M-26OCT042130-30,0.9990,71.00,no
2026-10-05T01:29:24.728643Z,KXSOL15M-26OCT042130-30,0.9990,148.00,no
2026-10-05T01:29:24.728643Z,KXSOL15M-26OCT042130-30,0.9990,7.81,no
2026-10-05T01:29:24.728643Z,KXSOL15M-26OCT042130-30,0.9990,40.52,no
2026-10-05T01:29:24.728643Z,KXSOL15M-26OCT042130-30,0.9990,153.00,no
2026-10-05T01:29:24.728643Z,KXSOL15M-26OCT042130-30,0.9990,3.58,no
2026-10-05T01:29:24.728643Z,KXSOL15M-26OCT042130-30,0.9990,1.78,no
2026-10-05T01:29:24.728643Z,KXSOL15M-26OCT042130-30,0.9990,2.00,no
2026-10-05T01:29:24.728643Z,KXSOL15M-26OCT042130-30,0.9990,100.30,no
2026-10-05T01:29:24.728643Z,KXSOL15M-26OCT042130-30,0.9990,5.00,no
2026-10-05T01:29:24.728643Z,KXSOL15M-26OCT042130-30,0.9990,5.00,no
2026-10-05T01:29:24.728643Z,KXSOL15M-26OCT042130-30,0.9990,1.00,no
2026-10-05T01:29:24.728643Z,KXSOL15M-26OCT042130-30,0.9990,5.00,no
2026-10-05T01:29:24.728643Z,KXSOL15M-26OCT042130-30,0.9990,16.00,no
2026-10-05T01:29:24.728643Z,KXSOL15M-26OCT042130-30,0.9990,5.00,no
2026-10-05T01:29:24.728643Z,KXSOL15M-26OCT042130-30,0.9990,1.00,no
2026-10-05T01:29:24.728643Z,KXSOL15M-26OCT042130-30,0.9990,0.08,no
2026-10-05T01:29:24.728643Z,KXSOL15M-26OCT042130-30,0.9990,10.00,no
2026-10-05T01:29:24.728643Z,KXSOL15M-26OCT042130-30,0.9990,1.28,no
2026-10-05T01:29:24.728643Z,KXSOL15M-26OCT042130-30,0.9990,10.00,no
2026-10-05T01:29:24.728643Z,KXSOL15M-26OCT042130-30,0.9990,42.26,no
2026-10-05T01:29:24.728643Z,KXSOL15M-26OCT042130-30,0.9990,9.00,no
2026-10-05T01:29:24.728643Z,KXSOL15M-26OCT042130-30,0.9990,21.00,no
2026-10-05T01:29:24.728643Z,KXSOL15M-26OCT042130-30,0.9990,10.00,no
2026-10-05T01:29:24.728643Z,KXSOL15M-26OCT042130-30,0.9990,120.38,no
2026-10-05T01:29:24.728643Z,KXSOL15M-26OCT042130-30,0.9990,10.00,no
2026-10-05T01:29:24.728643Z,KXSOL15M-26OCT042130-30,0.9990,6.00,no
2026-10-05T01:29:24.728643Z,KXSOL15M-26OCT042130-30,0.9990,10.00,no
2026-10-05T01:29:24.728643Z,KXSOL15M-26OCT042130-30,0.9990,100.00,no
2026-10-05T01:29:28.542972Z,KXSOL15M-26OCT042130-30,0.9990,12.94,no
2026-10-05T01:29:28.542972Z,KXSOL15M-26OCT042130-30,0.9990,12.08,no
2026-10-05T01:29:35.573377Z,KXSOL15M-26OCT042130-30,0.9990,5.00,no
2026-10-05T01:29:54.447398Z,KXSOL15M-26OCT042130-30,0.9990,649.30,no
2026-10-05T01:29:54.447398Z,KXSOL15M-26OCT042130-30,0.9990,5.00,no
2026-10-05T01:29:54.447398Z,KXSOL15M-26OCT042130-30,0.9990,3.00,no
2026-10-05T01:29:54.447398Z,KXSOL15M-26OCT042130-30,0.9990,5.00,no
2026-10-05T01:29:54.447398Z,KXSOL15M-26OCT042130-30,0.9990,40.00,no
2026-10-05T01:29:54.447398Z,KXSOL15M-26OCT042130-30,0.9990,2.00,no
2026-10-05T01:29:54.447398Z,KXSOL15M-26OCT042130-30,0.9990,2.00,no
2026-10-05T01:29:54.447398Z,KXSOL15M-26OCT042130-30,0.9990,5.00,no
2026-10-05T01:29:54.447398Z,KXSOL15M-26OCT042130-30,0.9990,2.00,no
2026-10-05T01:29:54.447398Z,KXSOL15M-26OCT042130-30,0.9990,2.00,no
2026-10-05T01:29:54.447398Z,KXSOL15M-26OCT042130-30,0.9990,2.00,no
2026-10-05T01:29:54.447398Z,KXSOL15M-26OCT042130-30,0.9990,2.00,no
2026-10-05T01:29:54.447398Z,KXSOL15M-26OCT042130-30,0.9990,40.00,no
2026-10-05T01:29:54.447398Z,KXSOL15M-26OCT042130-30,0.9990,2.00,no
2026-10-05T01:29:54.447398Z,KXSOL15M-26OCT042130-30,0.9990,3.00,no
2026-10-05T01:29:54.447398Z,KXSOL15M-26OCT042130-30,0.9990,34.00,no
2026-10-05T01:29:54.447398Z,KXSOL15M-26OCT042130-30,0.9990,2.00,no
2026-10-05T01:29:54.447398Z,KXSOL15M-26OCT042130-30,0.9990,22.06,no
2026-10-05T01:29:54.447398Z,KXSOL15M-26OCT042130-30,0.9990,2.00,no
2026-10-05T01:29:58.947091Z,KXSOL15M-26OCT042130-30,0.9990,5.00,no
2026-10-05T01:29:58.947091Z,KXSOL15M-26OCT042130-30,0.9990,925.00,no
2026-10-05T01:27:32.671443Z,KXSILVER15M-26OCT042130-30,0.0230,2.13,yes
2026-10-05T01:27:33.164301Z,KXSILVER15M-26OCT042130-30,0.0210,80.28,yes
2026-10-05T01:27:36.618748Z,KXSILVER15M-26OCT042130-30,0.0240,44.85,yes
2026-10-05T01:27:36.618748Z,KXSILVER15M-26OCT042130-30,0.0200,90.00,yes
2026-10-05T01:27:36.618748Z,KXSILVER15M-26OCT042130-30,0.0210,60.00,yes
2026-10-05T01:27:36.618748Z,KXSILVER15M-26OCT042130-30,0.0210,16.00,yes
2026-10-05T01:27:36.618748Z,KXSILVER15M-26OCT042130-30,0.0200,10.00,yes
2026-10-05T01:27:37.746581Z,KXSILVER15M-26OCT042130-30,0.0190,22.00,yes
2026-10-05T01:27:37.746581Z,KXSILVER15M-26OCT042130-30,0.0190,10.00,yes
2026-10-05T01:27:37.746581Z,KXSILVER15M-26OCT042130-30,0.0190,150.00,yes
2026-10-05T01:27:37.746581Z,KXSILVER15M-26OCT042130-30,0.0220,26.69,yes
2026-10-05T01:27:38.606856Z,KXSILVER15M-26OCT042130-30,0.0200,14.00,yes
2026-10-05T01:27:38.606856Z,KXSILVER15M-26OCT042130-30,0.0200,114.86,yes
2026-10-05T01:27:39.560794Z,KXSILVER15M-26OCT042130-30,0.0200,43.78,yes
2026-10-05T01:27:41.249596Z,KXSILVER15M-26OCT042130-30,0.0180,18.19,yes
2026-10-05T01:27:42.418534Z,KXSILVER15M-26OCT042130-30,0.0180,51.98,yes
2026-10-05T01:27:42.480311Z,KXSILVER15M-26OCT042130-30,0.0180,10.34,yes
2026-10-05T01:27:43.938621Z,KXSILVER15M-26OCT042130-30,0.0170,110.07,yes
2026-10-05T01:27:44.456804Z,KXSILVER15M-26OCT042130-30,0.0120,10.00,no
2026-10-05T01:27:44.456804Z,KXSILVER15M-26OCT042130-30,0.0140,65.00,no
2026-10-05T01:27:44.456804Z,KXSILVER15M-26OCT042130-30,0.0110,48.00,no
2026-10-05T01:27:44.456804Z,KXSILVER15M-26OCT042130-30,0.0120,55.00,no
2026-10-05T01:27:44.456804Z,KXSILVER15M-26OCT042130-30,0.0110,12.00,no
2026-10-05T01:27:44.456804Z,KXSILVER15M-26OCT042130-30,0.0120,12.00,no
2026-10-05T01:27:44.769055Z,KXSILVER15M-26OCT042130-30,0.0130,2.00,no
2026-10-05T01:27:45.859686Z,KXSILVER15M-26OCT042130-30,0.0150,12.00,yes
2026-10-05T01:27:45.859686Z,KXSILVER15M-26OCT042130-30,0.0150,12.00,yes
2026-10-05T01:27:45.859686Z,KXSILVER15M-26OCT042130-30,0.0180,9.00,yes
2026-10-05T01:27:45.859686Z,KXSILVER15M-26OCT042130-30,0.0180,19.98,yes
2026-10-05T01:27:51.412224Z,KXSILVER15M-26OCT042130-30,0.0140,15.00,yes
2026-10-05T01:27:51.412224Z,KXSILVER15M-26OCT042130-30,0.0140,60.30,yes
2026-10-05T01:27:54.658008Z,KXSILVER15M-26OCT042130-30,0.0110,12.00,no
2026-10-05T01:27:54.658008Z,KXSILVER15M-26OCT042130-30,0.0110,2.00,no
2026-10-05T01:27:54.658008Z,KXSILVER15M-26OCT042130-30,0.0110,1.00,no
2026-10-05T01:27:54.658008Z,KXSILVER15M-26OCT042130-30,0.0110,52.00,no
2026-10-05T01:27:54.658008Z,KXSILVER15M-26OCT042130-30,0.0110,10.00,no
2026-10-05T01:27:54.658008Z,KXSILVER15M-26OCT042130-30,0.0110,2.00,no
2026-10-05T01:27:54.658008Z,KXSILVER15M-26OCT042130-30,0.0110,20.00,no
2026-10-05T01:27:55.382271Z,KXSILVER15M-26OCT042130-30,0.0100,1.69,no
2026-10-05T01:27:55.382271Z,KXSILVER15M-26OCT042130-30,0.0100,14.00,no
2026-10-05T01:27:55.919909Z,KXSILVER15M-26OCT042130-30,0.0100,286.65,no
2026-10-05T01:27:55.919909Z,KXSILVER15M-26OCT042130-30,0.0100,23.31,no
2026-10-05T01:27:55.919909Z,KXSILVER15M-26OCT042130-30,0.0100,1.00,no
2026-10-05T01:27:55.919909Z,KXSILVER15M-26OCT042130-30,0.0100,24.36,no
2026-10-05T01:27:55.919909Z,KXSILVER15M-26OCT042130-30,0.0100,2.00,no
2026-10-05T01:27:55.919909Z,KXSILVER15M-26OCT042130-30,0.0100,0.35,no
2026-10-05T01:27:57.672841Z,KXSILVER15M-26OCT042130-30,0.0090,0.23,no
2026-10-05T01:27:57.672841Z,KXSILVER15M-26OCT042130-30,0.0100,25.00,no
2026-10-05T01:27:59.586021Z,KXSILVER15M-26OCT042130-30,0.0070,79.00,no
2026-10-05T01:28:01.097634Z,KXSILVER15M-26OCT042130-30,0.0080,14.00,yes
2026-10-05T01:28:01.097634Z,KXSILVER15M-26OCT042130-30,0.0090,91.44,yes
2026-10-05T01:28:02.241366Z,KXSILVER15M-26OCT042130-30,0.0100,114.78,yes
2026-10-05T01:28:02.241366Z,KXSILVER15M-26OCT042130-30,0.0100,60.00,yes
2026-10-05T01:28:04.442275Z,KXSILVER15M-26OCT042130-30,0.0110,8.50,yes
2026-10-05T01:28:04.997007Z,KXSILVER15M-26OCT042130-30,0.0100,50.00,no
2026-10-05T01:28:05.715521Z,KXSILVER15M-26OCT042130-30,0.0110,0.65,yes
2026-10-05T01:28:08.734432Z,KXSILVER15M-26OCT042130-30,0.0110,85.02,yes
2026-10-05T01:28:11.036872Z,KXSILVER15M-26OCT042130-30,0.0060,65.00,no
2026-10-05T01:28:11.036872Z,KXSILVER15M-26OCT042130-30,0.0030,150.00,no
2026-10-05T01:28:11.036872Z,KXSILVER15M-26OCT042130-30,0.0040,10.00,no
2026-10-05T01:28:11.036872Z,KXSILVER15M-26OCT042130-30,0.0040,1.00,no
2026-10-05T01:28:11.036872Z,KXSILVER15M-26OCT042130-30,0.0030,2.00,no
2026-10-05T01:28:11.036872Z,KXSILVER15M-26OCT042130-30,0.0030,2.00,no
2026-10-05T01:28:11.036872Z,KXSILVER15M-26OCT042130-30,0.0040,1.00,no
2026-10-05T01:28:11.036872Z,KXSILVER15M-26OCT042130-30,0.0040,1.00,no
2026-10-05T01:28:11.036872Z,KXSILVER15M-26OCT042130-30,0.0030,2.00,no
2026-10-05T01:28:11.036872Z,KXSILVER15M-26OCT042130-30,0.0020,170.02,no
2026-10-05T01:28:11.036872Z,KXSILVER15M-26OCT042130-30,0.0030,250.00,no
2026-10-05T01:28:11.036872Z,KXSILVER15M-26OCT042130-30,0.0040,13.00,no
2026-10-05T01:28:11.036872Z,KXSILVER15M-26OCT042130-30,0.0030,18.00,no
2026-10-05T01:28:11.036872Z,KXSILVER15M-26OCT042130-30,0.0050,11.00,no
2026-10-05T01:28:11.036872Z,KXSILVER15M-26OCT042130-30,0.0030,2.00,no
2026-10-05T01:28:11.036872Z,KXSILVER15M-26OCT042130-30,0.0040,1.00,no
2026-10-05T01:28:11.036872Z,KXSILVER15M-26OCT042130-30,0.0030,2.00,no
2026-10-05T01:28:11.036872Z,KXSILVER15M-26OCT042130-30,0.0040,1.00,no
2026-10-05T01:28:12.110665Z,KXSILVER15M-26OCT042130-30,0.0040,5.01,no
2026-10-05T01:28:13.877458Z,KXSILVER15M-26OCT042130-30,0.0090,117.00,yes
2026-10-05T01:28:13.877458Z,KXSILVER15M-26OCT042130-30,0.0100,1.87,yes
2026-10-05T01:28:13.877458Z,KXSILVER15M-26OCT042130-30,0.0070,170.02,yes
2026-10-05T01:28:13.877458Z,KXSILVER15M-26OCT042130-30,0.0080,300.00,yes
2026-10-05T01:28:15.679435Z,KXSILVER15M-26OCT042130-30,0.0040,25.09,no
2026-10-05T01:28:16.470669Z,KXSILVER15M-26OCT042130-30,0.0040,10.80,no
2026-10-05T01:28:18.45065Z,KXSILVER15M-26OCT042130-30,0.0090,35.02,yes
2026-10-05T01:28:18.45065Z,KXSILVER15M-26OCT042130-30,0.0080,23.31,yes
2026-10-05T01:28:18.45065Z,KXSILVER15M-26OCT042130-30,0.0080,1.69,yes
2026-10-05T01:28:18.45065Z,KXSILVER15M-26OCT042130-30,0.0080,25.00,yes
2026-10-05T01:28:23.881781Z,KXSILVER15M-26OCT042130-30,0.0040,25.09,no
2026-10-05T01:28:25.412798Z,KXSILVER15M-26OCT042130-30,0.0040,4.51,no
2026-10-05T01:28:27.662806Z,KXSILVER15M-26OCT042130-30,0.0040,70.49,no
2026-10-05T01:28:27.974046Z,KXSILVER15M-26OCT042130-30,0.0040,39.00,no
2026-10-05T01:28:28.033537Z,KXSILVER15M-26OCT042130-30,0.0060,103.91,yes
2026-10-05T01:28:30.494025Z,KXSILVER15M-26OCT042130-30,0.0050,46.00,yes
2026-10-05T01:28:31.213354Z,KXSILVER15M-26OCT042130-30,0.0030,250.00,no
2026-10-05T01:28:31.213354Z,KXSILVER15M-26OCT042130-30,0.0030,61.00,no
2026-10-05T01:28:31.213354Z,KXSILVER15M-26OCT042130-30,0.0030,9.00,no
2026-10-05T01:28:31.255404Z,KXSILVER15M-26OCT042130-30,0.0050,149.00,yes
2026-10-05T01:28:31.255404Z,KXSILVER15M-26OCT042130-30,0.0050,37.97,yes
2026-10-05T01:28:34.290033Z,KXSILVER15M-26OCT042130-30,0.0020,9.85,no
2026-10-05T01:28:35.739759Z,KXSILVER15M-26OCT042130-30,0.0020,1.00,no
2026-10-05T01:28:36.411538Z,KXSILVER15M-26OCT042130-30,0.0020,15.02,no
2026-10-05T01:28:37.184932Z,KXSILVER15M-26OCT042130-30,0.0020,1.00,no
2026-10-05T01:28:39.828901Z,KXSILVER15M-26OCT042130-30,0.0050,80.62,yes
2026-10-05T01:28:40.994539Z,KXSILVER15M-26OCT042130-30,0.0050,91.62,yes
2026-10-05T01:28:41.261393Z,KXSILVER15M-26OCT042130-30,0.0050,39.79,yes
2026-10-05T01:28:41.261393Z,KXSILVER15M-26OCT042130-30,0.0050,89.00,yes
2026-10-05T01:28:41.261393Z,KXSILVER15M-26OCT042130-30,0.0050,60.00,yes
2026-10-05T01:28:41.261393Z,KXSILVER15M-26OCT042130-30,0.0050,250.00,yes
2026-10-05T01:28:45.947773Z,KXSILVER15M-26OCT042130-30,0.0050,60.00,yes
2026-10-05T01:28:45.947773Z,KXSILVER15M-26OCT042130-30,0.0050,31.62,yes
2026-10-05T01:28:48.960792Z,KXSILVER15M-26OCT042130-30,0.0020,338.32,no
2026-10-05T01:28:57.394049Z,KXSILVER15M-26OCT042130-30,0.0020,135.58,no
2026-10-05T01:28:57.394049Z,KXSILVER15M-26OCT042130-30,0.0020,64.79,no
2026-10-05T01:28:57.940136Z,KXSILVER15M-26OCT042130-30,0.0040,43.26,yes
2026-10-05T01:28:59.810322Z,KXSILVER15M-26OCT042130-30,0.0050,127.00,yes
2026-10-05T01:28:59.810322Z,KXSILVER15M-26OCT042130-30,0.0060,61.94,yes
2026-10-05T01:28:59.810322Z,KXSILVER15M-26OCT042130-30,0.0060,30.00,yes
2026-10-05T01:28:59.810322Z,KXSILVER15M-26OCT042130-30,0.0050,135.58,yes
2026-10-05T01:29:00.630669Z,KXSILVER15M-26OCT042130-30,0.0040,60.00,yes
2026-10-05T01:29:00.630669Z,KXSILVER15M-26OCT042130-30,0.0050,37.39,yes
2026-10-05T01:29:00.641951Z,KXSILVER15M-26OCT042130-30,0.0020,201.00,no
2026-10-05T01:29:02.283754Z,KXSILVER15M-26OCT042130-30,0.0050,155.11,yes
2026-10-05T01:29:02.283754Z,KXSILVER15M-26OCT042130-30,0.0040,30.00,yes
2026-10-05T01:29:02.497587Z,KXSILVER15M-26OCT042130-30,0.0020,1.00,no
2026-10-05T01:29:02.756185Z,KXSILVER15M-26OCT042130-30,0.0050,16.15,yes
2026-10-05T01:29:08.123857Z,KXSILVER15M-26OCT042130-30,0.0050,16.15,yes
2026-10-05T01:29:08.123857Z,KXSILVER15M-26OCT042130-30,0.0040,60.00,yes
2026-10-05T01:29:08.123857Z,KXSILVER15M-26OCT042130-30,0.0030,30.00,yes
2026-10-05T01:29:08.123857Z,KXSILVER15M-26OCT042130-30,0.0040,0.01,yes
2026-10-05T01:29:11.123065Z,KXSILVER15M-26OCT042130-30,0.0020,88.42,no
2026-10-05T01:29:11.189847Z,KXSILVER15M-26OCT042130-30,0.0060,25.00,yes
2026-10-05T01:29:11.189847Z,KXSILVER15M-26OCT042130-30,0.0060,56.03,yes
2026-10-05T01:29:11.189847Z,KXSILVER15M-26OCT042130-30,0.0050,13.59,yes
2026-10-05T01:29:11.189847Z,KXSILVER15M-26OCT042130-30,0.0040,60.00,yes
2026-10-05T01:29:11.189847Z,KXSILVER15M-26OCT042130-30,0.0040,30.00,yes
2026-10-05T01:29:11.189847Z,KXSILVER15M-26OCT042130-30,0.0050,0.01,yes
2026-10-05T01:29:11.606893Z,KXSILVER15M-26OCT042130-30,0.0020,23.01,no
2026-10-05T01:29:15.056295Z,KXSILVER15M-26OCT042130-30,0.0020,68.43,no
2026-10-05T01:29:15.056295Z,KXSILVER15M-26OCT042130-30,0.0020,3.00,no
2026-10-05T01:29:15.056295Z,KXSILVER15M-26OCT042130-30,0.0020,3.00,no
2026-10-05T01:29:15.056295Z,KXSILVER15M-26OCT042130-30,0.0020,3.00,no
2026-10-05T01:29:15.056295Z,KXSILVER15M-26OCT042130-30,0.0020,26.00,no
2026-10-05T01:29:15.056295Z,KXSILVER15M-26OCT042130-30,0.0020,3.00,no
2026-10-05T01:29:15.056295Z,KXSILVER15M-26OCT042130-30,0.0020,3.00,no
2026-10-05T01:29:15.056295Z,KXSILVER15M-26OCT042130-30,0.0020,1.00,no
2026-10-05T01:29:15.056295Z,KXSILVER15M-26OCT042130-30,0.0020,1.00,no
2026-10-05T01:29:15.056295Z,KXSILVER15M-26OCT042130-30,0.0020,1.00,no
2026-10-05T01:29:16.185346Z,KXSILVER15M-26OCT042130-30,0.0040,60.00,yes
2026-10-05T01:29:16.185346Z,KXSILVER15M-26OCT042130-30,0.0040,30.00,yes
2026-10-05T01:29:16.185346Z,KXSILVER15M-26OCT042130-30,0.0040,0.01,yes
2026-10-05T01:29:16.185346Z,KXSILVER15M-26OCT042130-30,0.0050,20.57,yes
2026-10-05T01:29:17.556177Z,KXSILVER15M-26OCT042130-30,0.0060,52.71,yes
2026-10-05T01:29:17.556177Z,KXSILVER15M-26OCT042130-30,0.0060,25.00,yes
2026-10-05T01:29:17.556177Z,KXSILVER15M-26OCT042130-30,0.0060,25.00,yes
2026-10-05T01:29:17.556177Z,KXSILVER15M-26OCT042130-30,0.0060,25.00,yes
2026-10-05T01:29:17.556177Z,KXSILVER15M-26OCT042130-30,0.0060,25.00,yes
2026-10-05T01:29:18.099567Z,KXSILVER15M-26OCT042130-30,0.0070,260.31,yes
2026-10-05T01:29:18.099567Z,KXSILVER15M-26OCT042130-30,0.0060,53.00,yes
2026-10-05T01:29:18.099567Z,KXSILVER15M-26OCT042130-30,0.0070,25.00,yes
2026-10-05T01:29:18.099567Z,KXSILVER15M-26OCT042130-30,0.0060,25.00,yes
2026-10-05T01:29:18.099567Z,KXSILVER15M-26OCT042130-30,0.0070,300.00,yes
2026-10-05T01:29:20.641212Z,KXSILVER15M-26OCT042130-30,0.0060,1.00,yes
2026-10-05T01:29:20.641212Z,KXSILVER15M-26OCT042130-30,0.0060,60.00,yes
2026-10-05T01:29:25.380713Z,KXSILVER15M-26OCT042130-30,0.0020,4.00,no
2026-10-05T01:29:32.529372Z,KXSILVER15M-26OCT042130-30,0.0060,1.00,yes
2026-10-05T01:29:32.529372Z,KXSILVER15M-26OCT042130-30,0.0060,25.00,yes
2026-10-05T01:29:32.529372Z,KXSILVER15M-26OCT042130-30,0.0070,16.03,yes
2026-10-05T01:29:32.529372Z,KXSILVER15M-26OCT042130-30,0.0060,0.01,yes
2026-10-05T01:29:32.529372Z,KXSILVER15M-26OCT042130-30,0.0060,33.00,yes
2026-10-05T01:29:34.963743Z,KXSILVER15M-26OCT042130-30,0.0010,5.07,no
2026-10-05T01:29:34.963743Z,KXSILVER15M-26OCT042130-30,0.0020,121.00,no
2026-10-05T01:29:34.963743Z,KXSILVER15M-26OCT042130-30,0.0020,373.93,no
2026-10-05T01:29:37.151186Z,KXSILVER15M-26OCT042130-30,0.0070,25.00,yes
2026-10-05T01:29:37.151186Z,KXSILVER15M-26OCT042130-30,0.0050,59.00,yes
2026-10-05T01:29:37.151186Z,KXSILVER15M-26OCT042130-30,0.0050,5.07,yes
2026-10-05T01:29:37.151186Z,KXSILVER15M-26OCT042130-30,0.0060,0.01,yes
2026-10-05T01:29:37.151186Z,KXSILVER15M-26OCT042130-30,0.0070,461.21,yes
2026-10-05T01:29:37.631061Z,KXSILVER15M-26OCT042130-30,0.0020,1.00,no
2026-10-05T01:29:38.662191Z,KXSILVER15M-26OCT042130-30,0.0020,10.69,no
2026-10-05T01:29:41.730554Z,KXSILVER15M-26OCT042130-30,0.0020,3.00,no
2026-10-05T01:29:43.169699Z,KXSILVER15M-26OCT042130-30,0.0010,350.00,no
2026-10-05T01:29:43.169699Z,KXSILVER15M-26OCT042130-30,0.0010,1.00,no
2026-10-05T01:29:43.169699Z,KXSILVER15M-26OCT042130-30,0.0010,494.93,no
2026-10-05T01:29:43.169699Z,KXSILVER15M-26OCT042130-30,0.0010,1.00,no
2026-10-05T01:29:43.169699Z,KXSILVER15M-26OCT042130-30,0.0020,446.52,no
2026-10-05T01:29:43.169699Z,KXSILVER15M-26OCT042130-30,0.0020,59.00,no
2026-10-05T01:29:43.169699Z,KXSILVER15M-26OCT042130-30,0.0010,5.07,no
2026-10-05T01:29:43.169699Z,KXSILVER15M-26OCT042130-30,0.0010,10.00,no
2026-10-05T01:29:44.774014Z,KXSILVER15M-26OCT042130-30,0.0020,25.04,no
2026-10-05T01:29:46.435298Z,KXSILVER15M-26OCT042130-30,0.0010,10.00,no
2026-10-05T01:29:46.435298Z,KXSILVER15M-26OCT042130-30,0.0010,120.00,no
2026-10-05T01:29:46.435298Z,KXSILVER15M-26OCT042130-30,0.0020,674.96,no
2026-10-05T01:29:46.435298Z,KXSILVER15M-26OCT042130-30,0.0010,58.00,no
2026-10-05T01:29:52.628331Z,KXSILVER15M-26OCT042130-30,0.0040,71.00,yes
2026-10-05T01:29:52.628331Z,KXSILVER15M-26OCT042130-30,0.0040,45.87,yes
2026-10-05T01:29:59.138217Z,KXSILVER15M-26OCT042130-30,0.0010,542.11,yes
2026-10-05T01:27:45.14928Z,KXHYPE15M-26OCT042130-30,0.9800,2.04,yes
2026-10-05T01:27:45.961462Z,KXHYPE15M-26OCT042130-30,0.9800,2.03,yes
2026-10-05T01:27:48.255076Z,KXHYPE15M-26OCT042130-30,0.9790,2.22,no
2026-10-05T01:27:48.802233Z,KXHYPE15M-26OCT042130-30,0.9800,1.12,yes
2026-10-05T01:27:48.82559Z,KXHYPE15M-26OCT042130-30,0.9790,60.00,no
2026-10-05T01:27:49.66147Z,KXHYPE15M-26OCT042130-30,0.9790,3.05,no
2026-10-05T01:27:49.912167Z,KXHYPE15M-26OCT042130-30,0.9800,2.54,yes
2026-10-05T01:27:50.727012Z,KXHYPE15M-26OCT042130-30,0.9700,32.00,no
2026-10-05T01:27:50.727012Z,KXHYPE15M-26OCT042130-30,0.9710,5.00,no
2026-10-05T01:27:50.727012Z,KXHYPE15M-26OCT042130-30,0.9790,5.00,no
2026-10-05T01:27:50.727012Z,KXHYPE15M-26OCT042130-30,0.9790,9.73,no
2026-10-05T01:27:50.727012Z,KXHYPE15M-26OCT042130-30,0.9690,8.35,no
2026-10-05T01:27:50.727012Z,KXHYPE15M-26OCT042130-30,0.9720,6.00,no
2026-10-05T01:27:53.919442Z,KXHYPE15M-26OCT042130-30,0.9720,1.00,no
2026-10-05T01:27:53.919442Z,KXHYPE15M-26OCT042130-30,0.9750,10.00,no
2026-10-05T01:27:53.950031Z,KXHYPE15M-26OCT042130-30,0.9790,0.03,yes
2026-10-05T01:27:53.950031Z,KXHYPE15M-26OCT042130-30,0.9790,5.00,yes
2026-10-05T01:27:58.253902Z,KXHYPE15M-26OCT042130-30,0.9700,1.13,no
2026-10-05T01:27:58.253902Z,KXHYPE15M-26OCT042130-30,0.9710,5.00,no
2026-10-05T01:27:58.253902Z,KXHYPE15M-26OCT042130-30,0.9710,0.03,no
2026-10-05T01:27:58.469554Z,KXHYPE15M-26OCT042130-30,0.9670,5.00,no
2026-10-05T01:27:58.469554Z,KXHYPE15M-26OCT042130-30,0.9600,2.75,no
2026-10-05T01:27:58.469554Z,KXHYPE15M-26OCT042130-30,0.9680,21.00,no
2026-10-05T01:27:58.469554Z,KXHYPE15M-26OCT042130-30,0.9680,2.00,no
2026-10-05T01:27:58.469554Z,KXHYPE15M-26OCT042130-30,0.9670,2.00,no
2026-10-05T01:27:58.469554Z,KXHYPE15M-26OCT042130-30,0.9650,100.00,no
2026-10-05T01:28:00.008162Z,KXHYPE15M-26OCT042130-30,0.9790,1.00,yes
2026-10-05T01:28:00.014179Z,KXHYPE15M-26OCT042130-30,0.9800,2.00,yes
2026-10-05T01:28:00.014179Z,KXHYPE15M-26OCT042130-30,0.9790,5.00,yes
2026-10-05T01:28:00.014179Z,KXHYPE15M-26OCT042130-30,0.9790,1.00,yes
2026-10-05T01:28:00.014179Z,KXHYPE15M-26OCT042130-30,0.9810,0.03,yes
2026-10-05T01:28:00.014179Z,KXHYPE15M-26OCT042130-30,0.9840,24.70,yes
2026-10-05T01:28:00.014179Z,KXHYPE15M-26OCT042130-30,0.9810,4.00,yes
2026-10-05T01:28:00.014179Z,KXHYPE15M-26OCT042130-30,0.9800,2.27,yes
2026-10-05T01:28:00.014179Z,KXHYPE15M-26OCT042130-30,0.9800,1.00,yes
2026-10-05T01:28:00.775473Z,KXHYPE15M-26OCT042130-30,0.9830,2.00,yes
2026-10-05T01:28:00.775473Z,KXHYPE15M-26OCT042130-30,0.9850,0.03,yes
2026-10-05T01:28:00.775473Z,KXHYPE15M-26OCT042130-30,0.9830,0.03,yes
2026-10-05T01:28:00.775473Z,KXHYPE15M-26OCT042130-30,0.9840,0.03,yes
2026-10-05T01:28:00.775473Z,KXHYPE15M-26OCT042130-30,0.9840,2.00,yes
2026-10-05T01:28:00.775473Z,KXHYPE15M-26OCT042130-30,0.9840,24.70,yes
2026-10-05T01:28:00.775473Z,KXHYPE15M-26OCT042130-30,0.9840,0.30,yes
2026-10-05T01:28:00.775473Z,KXHYPE15M-26OCT042130-30,0.9840,12.00,yes
2026-10-05T01:28:00.775473Z,KXHYPE15M-26OCT042130-30,0.9850,5.00,yes
2026-10-05T01:28:00.775473Z,KXHYPE15M-26OCT042130-30,0.9850,25.00,yes
2026-10-05T01:28:00.775473Z,KXHYPE15M-26OCT042130-30,0.9860,6.61,yes
2026-10-05T01:28:00.883709Z,KXHYPE15M-26OCT042130-30,0.9860,0.03,yes
2026-10-05T01:28:00.883709Z,KXHYPE15M-26OCT042130-30,0.9870,2.00,yes
2026-10-05T01:28:00.883709Z,KXHYPE15M-26OCT042130-30,0.9860,2.00,yes
2026-10-05T01:28:00.883709Z,KXHYPE15M-26OCT042130-30,0.9870,29.00,yes
2026-10-05T01:28:00.883709Z,KXHYPE15M-26OCT042130-30,0.9880,2.58,yes
2026-10-05T01:28:00.883709Z,KXHYPE15M-26OCT042130-30,0.9860,1.39,yes
2026-10-05T01:28:00.908844Z,KXHYPE15M-26OCT042130-30,0.9880,4.00,yes
2026-10-05T01:28:00.922115Z,KXHYPE15M-26OCT042130-30,0.9880,0.03,yes
2026-10-05T01:28:00.922115Z,KXHYPE15M-26OCT042130-30,0.9880,2.55,yes
2026-10-05T01:28:00.922115Z,KXHYPE15M-26OCT042130-30,0.9880,10.42,yes
2026-10-05T01:28:01.092291Z,KXHYPE15M-26OCT042130-30,0.9890,10.00,yes
2026-10-05T01:28:01.092291Z,KXHYPE15M-26OCT042130-30,0.9890,153.43,yes
2026-10-05T01:28:01.140253Z,KXHYPE15M-26OCT042130-30,0.9890,0.03,yes
2026-10-05T01:28:01.140253Z,KXHYPE15M-26OCT042130-30,0.9890,32.00,yes
2026-10-05T01:28:01.140253Z,KXHYPE15M-26OCT042130-30,0.9890,2.00,yes
2026-10-05T01:28:01.140253Z,KXHYPE15M-26OCT042130-30,0.9900,10.00,yes
2026-10-05T01:28:01.140253Z,KXHYPE15M-26OCT042130-30,0.9890,26.57,yes
2026-10-05T01:28:01.140253Z,KXHYPE15M-26OCT042130-30,0.9890,1.00,yes
2026-10-05T01:28:01.140253Z,KXHYPE15M-26OCT042130-30,0.9900,3.54,yes
2026-10-05T01:28:01.140253Z,KXHYPE15M-26OCT042130-30,0.9900,25.00,yes
2026-10-05T01:28:01.140253Z,KXHYPE15M-26OCT042130-30,0.9890,1.00,yes
2026-10-05T01:28:01.140253Z,KXHYPE15M-26OCT042130-30,0.9890,1.00,yes
2026-10-05T01:28:01.942855Z,KXHYPE15M-26OCT042130-30,0.9890,1.00,no
2026-10-05T01:28:02.396019Z,KXHYPE15M-26OCT042130-30,0.9900,11.45,yes
2026-10-05T01:28:02.396019Z,KXHYPE15M-26OCT042130-30,0.9900,16.46,yes
2026-10-05T01:28:02.396019Z,KXHYPE15M-26OCT042130-30,0.9900,2.00,yes
2026-10-05T01:28:02.403966Z,KXHYPE15M-26OCT042130-30,0.9880,0.03,no
2026-10-05T01:28:02.403966Z,KXHYPE15M-26OCT042130-30,0.9840,26.57,no
2026-10-05T01:28:02.403966Z,KXHYPE15M-26OCT042130-30,0.9840,0.03,no
2026-10-05T01:28:02.403966Z,KXHYPE15M-26OCT042130-30,0.9840,153.43,no
2026-10-05T01:28:02.403966Z,KXHYPE15M-26OCT042130-30,0.9870,0.03,no
2026-10-05T01:28:02.403966Z,KXHYPE15M-26OCT042130-30,0.9810,0.98,no
2026-10-05T01:28:02.403966Z,KXHYPE15M-26OCT042130-30,0.9890,4.00,no
2026-10-05T01:28:02.403966Z,KXHYPE15M-26OCT042130-30,0.9890,0.03,no
2026-10-05T01:28:02.403966Z,KXHYPE15M-26OCT042130-30,0.9820,10.00,no
2026-10-05T01:28:02.403966Z,KXHYPE15M-26OCT042130-30,0.9880,25.00,no
2026-10-05T01:28:02.403966Z,KXHYPE15M-26OCT042130-30,0.9820,10.00,no
2026-10-05T01:28:02.403966Z,KXHYPE15M-26OCT042130-30,0.9870,54.00,no
2026-10-05T01:28:02.403966Z,KXHYPE15M-26OCT042130-30,0.9820,10.42,no
2026-10-05T01:28:02.403966Z,KXHYPE15M-26OCT042130-30,0.9890,3.25,no
2026-10-05T01:28:02.403966Z,KXHYPE15M-26OCT042130-30,0.9820,4.00,no
2026-10-05T01:28:02.403966Z,KXHYPE15M-26OCT042130-30,0.9820,2.58,no
2026-10-05T01:28:03.25045Z,KXHYPE15M-26OCT042130-30,0.9880,5.00,yes
2026-10-05T01:28:03.25045Z,KXHYPE15M-26OCT042130-30,0.9890,67.03,yes
2026-10-05T01:28:03.25045Z,KXHYPE15M-26OCT042130-30,0.9880,29.00,yes
2026-10-05T01:28:03.499715Z,KXHYPE15M-26OCT042130-30,0.9890,5.00,yes
2026-10-05T01:28:03.592307Z,KXHYPE15M-26OCT042130-30,0.9890,10.00,yes
2026-10-05T01:28:06.036254Z,KXHYPE15M-26OCT042130-30,0.9850,5.00,no
2026-10-05T01:28:06.036254Z,KXHYPE15M-26OCT042130-30,0.9840,13.57,no
2026-10-05T01:28:06.036254Z,KXHYPE15M-26OCT042130-30,0.9850,0.03,no
2026-10-05T01:28:06.453195Z,KXHYPE15M-26OCT042130-30,0.9940,100.00,yes
2026-10-05T01:28:06.453195Z,KXHYPE15M-26OCT042130-30,0.9920,27.00,yes
2026-10-05T01:28:06.453195Z,KXHYPE15M-26OCT042130-30,0.9890,0.03,yes
2026-10-05T01:28:06.453195Z,KXHYPE15M-26OCT042130-30,0.9890,71.40,yes
2026-10-05T01:28:06.453195Z,KXHYPE15M-26OCT042130-30,0.9890,26.57,yes
2026-10-05T01:28:06.453195Z,KXHYPE15M-26OCT042130-30,0.9900,25.00,yes
2026-10-05T01:28:06.453195Z,KXHYPE15M-26OCT042130-30,0.9920,0.03,yes
2026-10-05T01:28:06.453195Z,KXHYPE15M-26OCT042130-30,0.9900,0.03,yes
2026-10-05T01:28:06.453195Z,KXHYPE15M-26OCT042130-30,0.9880,5.00,yes
2026-10-05T01:28:06.453195Z,KXHYPE15M-26OCT042130-30,0.9890,13.57,yes
2026-10-05T01:28:06.453195Z,KXHYPE15M-26OCT042130-30,0.9880,0.03,yes
2026-10-05T01:28:06.453195Z,KXHYPE15M-26OCT042130-30,0.9920,2.00,yes
2026-10-05T01:28:06.453195Z,KXHYPE15M-26OCT042130-30,0.9880,1.00,yes
2026-10-05T01:28:06.453195Z,KXHYPE15M-26OCT042130-30,0.9910,0.03,yes
2026-10-05T01:28:06.453195Z,KXHYPE15M-26OCT042130-30,0.9910,2.00,yes
2026-10-05T01:28:06.453195Z,KXHYPE15M-26OCT042130-30,0.9900,7.09,yes
2026-10-05T01:28:06.453195Z,KXHYPE15M-26OCT042130-30,0.9900,38.55,yes
2026-10-05T01:28:06.453195Z,KXHYPE15M-26OCT042130-30,0.9950,162.00,yes
2026-10-05T01:28:06.453195Z,KXHYPE15M-26OCT042130-30,0.9950,225.00,yes
2026-10-05T01:28:06.453195Z,KXHYPE15M-26OCT042130-30,0.9950,53.34,yes
2026-10-05T01:28:09.558365Z,KXHYPE15M-26OCT042130-30,0.9860,87.03,no
2026-10-05T01:28:11.435904Z,KXHYPE15M-26OCT042130-30,0.9860,62.14,no
2026-10-05T01:28:11.435904Z,KXHYPE15M-26OCT042130-30,0.9870,5.00,no
2026-10-05T01:28:11.435904Z,KXHYPE15M-26OCT042130-30,0.9870,0.03,no
2026-10-05T01:28:14.220021Z,KXHYPE15M-26OCT042130-30,0.9860,6.00,no
2026-10-05T01:28:14.220021Z,KXHYPE15M-26OCT042130-30,0.9840,29.38,no
2026-10-05T01:28:14.220021Z,KXHYPE15M-26OCT042130-30,0.9860,25.00,no
2026-10-05T01:28:14.220021Z,KXHYPE15M-26OCT042130-30,0.9860,12.83,no
2026-10-05T01:28:14.220021Z,KXHYPE15M-26OCT042130-30,0.9850,0.03,no
2026-10-05T01:28:14.220021Z,KXHYPE15M-26OCT042130-30,0.9860,0.03,no
2026-10-05T01:28:14.220021Z,KXHYPE15M-26OCT042130-30,0.9850,48.00,no
2026-10-05T01:28:14.340318Z,KXHYPE15M-26OCT042130-30,0.9890,1.00,yes
2026-10-05T01:28:15.112587Z,KXHYPE15M-26OCT042130-30,0.9890,28.38,yes
2026-10-05T01:28:15.112587Z,KXHYPE15M-26OCT042130-30,0.9890,5.00,yes
2026-10-05T01:28:15.112587Z,KXHYPE15M-26OCT042130-30,0.9890,0.03,yes
2026-10-05T01:28:18.347745Z,KXHYPE15M-26OCT042130-30,0.9850,48.00,no
2026-10-05T01:28:18.347745Z,KXHYPE15M-26OCT042130-30,0.9850,0.03,no
2026-10-05T01:28:18.347745Z,KXHYPE15M-26OCT042130-30,0.9840,9.62,no
2026-10-05T01:28:19.095713Z,KXHYPE15M-26OCT042130-30,0.9890,9.62,yes
2026-10-05T01:28:19.095713Z,KXHYPE15M-26OCT042130-30,0.9890,0.03,yes
2026-10-05T01:28:21.321788Z,KXHYPE15M-26OCT042130-30,0.9880,0.03,no
2026-10-05T01:28:21.321788Z,KXHYPE15M-26OCT042130-30,0.9880,5.00,no
2026-10-05T01:28:21.321788Z,KXHYPE15M-26OCT042130-30,0.9870,10.42,no
2026-10-05T01:28:23.09665Z,KXHYPE15M-26OCT042130-30,0.9930,0.03,yes
2026-10-05T01:28:23.09665Z,KXHYPE15M-26OCT042130-30,0.9930,5.00,yes
2026-10-05T01:28:23.09665Z,KXHYPE15M-26OCT042130-30,0.9940,4.97,yes
2026-10-05T01:28:23.09665Z,KXHYPE15M-26OCT042130-30,0.9940,2.00,yes
2026-10-05T01:28:23.09665Z,KXHYPE15M-26OCT042130-30,0.9930,8.00,yes
2026-10-05T01:28:24.713577Z,KXHYPE15M-26OCT042130-30,0.9940,4.94,yes
2026-10-05T01:28:24.713577Z,KXHYPE15M-26OCT042130-30,0.9940,0.03,yes
2026-10-05T01:28:24.713577Z,KXHYPE15M-26OCT042130-30,0.9940,32.03,yes
2026-10-05T01:28:25.209322Z,KXHYPE15M-26OCT042130-30,0.9850,100.00,no
2026-10-05T01:28:25.209322Z,KXHYPE15M-26OCT042130-30,0.9850,48.00,no
2026-10-05T01:28:25.209322Z,KXHYPE15M-26OCT042130-30,0.9850,2.00,no
2026-10-05T01:28:25.209322Z,KXHYPE15M-26OCT042130-30,0.9860,2.00,no
2026-10-05T01:28:25.209322Z,KXHYPE15M-26OCT042130-30,0.9900,5.00,no
2026-10-05T01:28:25.209322Z,KXHYPE15M-26OCT042130-30,0.9850,40.00,no
2026-10-05T01:28:25.209322Z,KXHYPE15M-26OCT042130-30,0.9860,0.03,no
2026-10-05T01:28:25.209322Z,KXHYPE15M-26OCT042130-30,0.9900,0.03,no
2026-10-05T01:28:25.209322Z,KXHYPE15M-26OCT042130-30,0.9890,100.00,no
2026-10-05T01:28:25.209322Z,KXHYPE15M-26OCT042130-30,0.9850,0.03,no
2026-10-05T01:28:25.209322Z,KXHYPE15M-26OCT042130-30,0.9890,0.03,no
2026-10-05T01:28:25.209322Z,KXHYPE15M-26OCT042130-30,0.9840,5.00,no
2026-10-05T01:28:25.209322Z,KXHYPE15M-26OCT042130-30,0.9840,14.46,no
2026-10-05T01:28:25.209322Z,KXHYPE15M-26OCT042130-30,0.9840,10.00,no
2026-10-05T01:28:25.209322Z,KXHYPE15M-26OCT042130-30,0.9840,9.72,no
2026-10-05T01:28:25.596113Z,KXHYPE15M-26OCT042130-30,0.9880,2.00,yes
2026-10-05T01:28:25.827394Z,KXHYPE15M-26OCT042130-30,0.9890,14.46,yes
2026-10-05T01:28:25.827394Z,KXHYPE15M-26OCT042130-30,0.9890,10.00,yes
2026-10-05T01:28:25.827394Z,KXHYPE15M-26OCT042130-30,0.9890,9.72,yes
2026-10-05T01:28:25.827394Z,KXHYPE15M-26OCT042130-30,0.9890,5.00,yes
2026-10-05T01:28:28.137658Z,KXHYPE15M-26OCT042130-30,0.9940,2.00,yes
2026-10-05T01:28:28.137658Z,KXHYPE15M-26OCT042130-30,0.9940,20.51,yes
2026-10-05T01:28:29.47533Z,KXHYPE15M-26OCT042130-30,0.9950,5.02,yes
2026-10-05T01:28:30.068391Z,KXHYPE15M-26OCT042130-30,0.9950,27.00,yes
2026-10-05T01:28:30.068391Z,KXHYPE15M-26OCT042130-30,0.9950,0.03,yes
2026-10-05T01:28:30.068391Z,KXHYPE15M-26OCT042130-30,0.9950,2.00,yes
2026-10-05T01:28:30.068391Z,KXHYPE15M-26OCT042130-30,0.9950,41.64,yes
2026-10-05T01:28:30.068391Z,KXHYPE15M-26OCT042130-30,0.9950,11.00,yes
2026-10-05T01:28:33.066616Z,KXHYPE15M-26OCT042130-30,0.9960,29.00,yes
2026-10-05T01:28:33.066616Z,KXHYPE15M-26OCT042130-30,0.9960,2.00,yes
2026-10-05T01:28:33.066616Z,KXHYPE15M-26OCT042130-30,0.9960,0.03,yes
2026-10-05T01:28:33.066616Z,KXHYPE15M-26OCT042130-30,0.9960,1.00,yes
2026-10-05T01:28:33.066616Z,KXHYPE15M-26OCT042130-30,0.9960,1.00,yes
2026-10-05T01:28:33.066616Z,KXHYPE15M-26OCT042130-30,0.9960,1.00,yes
2026-10-05T01:28:33.066616Z,KXHYPE15M-26OCT042130-30,0.9960,1.00,yes
2026-10-05T01:28:33.066616Z,KXHYPE15M-26OCT042130-30,0.9960,1.00,yes
2026-10-05T01:28:33.066616Z,KXHYPE15M-26OCT042130-30,0.9960,13.00,yes
2026-10-05T01:28:33.066616Z,KXHYPE15M-26OCT042130-30,0.9970,241.27,yes
2026-10-05T01:28:36.174986Z,KXHYPE15M-26OCT042130-30,0.9970,13.27,yes
2026-10-05T01:28:36.174986Z,KXHYPE15M-26OCT042130-30,0.9970,8.73,yes
2026-10-05T01:28:37.152972Z,KXHYPE15M-26OCT042130-30,0.9970,9.33,yes
2026-10-05T01:28:37.152972Z,KXHYPE15M-26OCT042130-30,0.9970,4.73,yes
2026-10-05T01:28:37.152972Z,KXHYPE15M-26OCT042130-30,0.9970,2.00,yes
2026-10-05T01:28:37.152972Z,KXHYPE15M-26OCT042130-30,0.9970,2.00,yes
2026-10-05T01:28:37.152972Z,KXHYPE15M-26OCT042130-30,0.9970,2.00,yes
2026-10-05T01:28:37.152972Z,KXHYPE15M-26OCT042130-30,0.9970,2.00,yes
2026-10-05T01:28:37.152972Z,KXHYPE15M-26OCT042130-30,0.9970,2.00,yes
2026-10-05T01:28:37.406863Z,KXHYPE15M-26OCT042130-30,0.9970,1.00,yes
2026-10-05T01:28:39.957803Z,KXHYPE15M-26OCT042130-30,0.9970,22.67,yes
2026-10-05T01:28:39.957803Z,KXHYPE15M-26OCT042130-30,0.9970,250.00,yes
2026-10-05T01:28:39.957803Z,KXHYPE15M-26OCT042130-30,0.9970,2.33,yes
2026-10-05T01:28:39.957803Z,KXHYPE15M-26OCT042130-30,0.9980,25.00,yes
2026-10-05T01:28:41.156549Z,KXHYPE15M-26OCT042130-30,0.9980,10.07,yes
2026-10-05T01:28:42.50907Z,KXHYPE15M-26OCT042130-30,0.9980,164.93,yes
2026-10-05T01:28:42.50907Z,KXHYPE15M-26OCT042130-30,0.9980,185.72,yes
2026-10-05T01:28:42.542666Z,KXHYPE15M-26OCT042130-30,0.9980,53.00,yes
2026-10-05T01:28:45.669632Z,KXHYPE15M-26OCT042130-30,0.9950,100.00,no
2026-10-05T01:28:45.669632Z,KXHYPE15M-26OCT042130-30,0.9960,100.00,no
2026-10-05T01:28:45.669632Z,KXHYPE15M-26OCT042130-30,0.9970,185.72,no
2026-10-05T01:28:45.669632Z,KXHYPE15M-26OCT042130-30,0.9970,0.11,no
2026-10-05T01:28:45.669632Z,KXHYPE15M-26OCT042130-30,0.9970,53.00,no
2026-10-05T01:28:45.669632Z,KXHYPE15M-26OCT042130-30,0.9960,0.11,no
2026-10-05T01:28:45.669632Z,KXHYPE15M-26OCT042130-30,0.9970,1200.00,no
2026-10-05T01:28:45.669632Z,KXHYPE15M-26OCT042130-30,0.9960,0.03,no
2026-10-05T01:28:45.669632Z,KXHYPE15M-26OCT042130-30,0.9950,77.60,no
2026-10-05T01:28:46.557249Z,KXHYPE15M-26OCT042130-30,0.9980,1.00,yes
2026-10-05T01:28:46.557249Z,KXHYPE15M-26OCT042130-30,0.9980,2.00,yes
2026-10-05T01:28:46.557249Z,KXHYPE15M-26OCT042130-30,0.9980,2.00,yes
2026-10-05T01:28:46.557249Z,KXHYPE15M-26OCT042130-30,0.9980,53.72,yes
2026-10-05T01:28:46.557249Z,KXHYPE15M-26OCT042130-30,0.9980,3.00,yes
2026-10-05T01:28:46.557249Z,KXHYPE15M-26OCT042130-30,0.9980,261.28,yes
2026-10-05T01:28:46.557249Z,KXHYPE15M-26OCT042130-30,0.9980,3.00,yes
2026-10-05T01:28:46.557249Z,KXHYPE15M-26OCT042130-30,0.9980,26.00,yes
2026-10-05T01:28:46.557249Z,KXHYPE15M-26OCT042130-30,0.9980,3.00,yes
2026-10-05T01:28:46.557249Z,KXHYPE15M-26OCT042130-30,0.9980,3.00,yes
2026-10-05T01:28:46.557249Z,KXHYPE15M-26OCT042130-30,0.9980,3.00,yes
2026-10-05T01:28:46.557249Z,KXHYPE15M-26OCT042130-30,0.9980,3.00,yes
2026-10-05T01:28:46.86854Z,KXHYPE15M-26OCT042130-30,0.9950,8.73,no
2026-10-05T01:28:46.86854Z,KXHYPE15M-26OCT042130-30,0.9950,0.07,no
2026-10-05T01:28:46.86854Z,KXHYPE15M-26OCT042130-30,0.9950,163.67,no
2026-10-05T01:28:46.86854Z,KXHYPE15M-26OCT042130-30,0.9950,201.48,no
2026-10-05T01:28:48.587429Z,KXHYPE15M-26OCT042130-30,0.9990,300.00,yes
2026-10-05T01:28:48.587429Z,KXHYPE15M-26OCT042130-30,0.9990,75.00,yes
2026-10-05T01:28:52.622573Z,KXHYPE15M-26OCT042130-30,0.9990,61.00,yes
2026-10-05T01:28:56.744265Z,KXHYPE15M-26OCT042130-30,0.9990,1240.00,yes
2026-10-05T01:28:56.744265Z,KXHYPE15M-26OCT042130-30,0.9990,364.00,yes
2026-10-05T01:28:56.744265Z,KXHYPE15M-26OCT042130-30,0.9990,1.00,yes
2026-10-05T01:28:56.744265Z,KXHYPE15M-26OCT042130-30,0.9990,1.00,yes
2026-10-05T01:28:59.635731Z,KXHYPE15M-26OCT042130-30,0.9980,261.28,no
2026-10-05T01:28:59.635731Z,KXHYPE15M-26OCT042130-30,0.9980,48.52,no
2026-10-05T01:28:59.635731Z,KXHYPE15M-26OCT042130-30,0.9980,61.00,no
2026-10-05T01:28:59.635731Z,KXHYPE15M-26OCT042130-30,0.9980,5.00,no
2026-10-05T01:28:59.635731Z,KXHYPE15M-26OCT042130-30,0.9980,866.20,no
2026-10-05T01:28:59.635731Z,KXHYPE15M-26OCT042130-30,0.9980,364.00,no
2026-10-05T01:28:59.972202Z,KXHYPE15M-26OCT042130-30,0.9990,2.00,yes
2026-10-05T01:28:59.972202Z,KXHYPE15M-26OCT042130-30,0.9990,3.00,yes
2026-10-05T01:28:59.972202Z,KXHYPE15M-26OCT042130-30,0.9990,67.00,yes
2026-10-05T01:28:59.972202Z,KXHYPE15M-26OCT042130-30,0.9990,15.00,yes
2026-10-05T01:28:59.972202Z,KXHYPE15M-26OCT042130-30,0.9990,2.00,yes
2026-10-05T01:28:59.972202Z,KXHYPE15M-26OCT042130-30,0.9990,61.00,yes
2026-10-05T01:28:59.972202Z,KXHYPE15M-26OCT042130-30,0.9990,16.00,yes
2026-10-05T01:28:59.972202Z,KXHYPE15M-26OCT042130-30,0.9990,133.00,yes
2026-10-05T01:28:59.972202Z,KXHYPE15M-26OCT042130-30,0.9990,1.00,yes
2026-10-05T01:29:00.135463Z,KXHYPE15M-26OCT042130-30,0.9990,35.00,yes
2026-10-05T01:29:01.038894Z,KXHYPE15M-26OCT042130-30,0.9990,2.00,yes
2026-10-05T01:29:01.038894Z,KXHYPE15M-26OCT042130-30,0.9990,196.00,yes
2026-10-05T01:29:03.648389Z,KXHYPE15M-26OCT042130-30,0.9990,11.20,no
2026-10-05T01:29:08.07915Z,KXHYPE15M-26OCT042130-30,0.9990,239.05,no
2026-10-05T01:29:08.07915Z,KXHYPE15M-26OCT042130-30,0.9990,485.31,no
2026-10-05T01:29:08.07915Z,KXHYPE15M-26OCT042130-30,0.9990,100.00,no
2026-10-05T01:29:11.13607Z,KXHYPE15M-26OCT042130-30,0.9990,35.00,no
2026-10-05T01:29:17.566427Z,KXHYPE15M-26OCT042130-30,0.9990,915.99,no
2026-10-05T01:29:19.633056Z,KXHYPE15M-26OCT042130-30,0.9990,2563.70,no
2026-10-05T01:29:19.633056Z,KXHYPE15M-26OCT042130-30,0.9990,58.23,no
2026-10-05T01:29:19.633056Z,KXHYPE15M-26OCT042130-30,0.9990,71.00,no
2026-10-05T01:29:45.262935Z,KXHYPE15M-26OCT042130-30,0.9990,373.80,no
2026-10-05T01:29:45.262935Z,KXHYPE15M-26OCT042130-30,0.9990,41.77,no
2026-10-05T01:29:45.262935Z,KXHYPE15M-26OCT042130-30,0.9990,500.42,no
2026-10-05T01:28:02.840223Z,KXUSDJPY15M-26OCT042130-30,0.0200,3.00,yes
2026-10-05T01:28:02.840223Z,KXUSDJPY15M-26OCT042130-30,0.0200,0.95,yes
2026-10-05T01:28:02.840223Z,KXUSDJPY15M-26OCT042130-30,0.0200,3.00,yes
2026-10-05T01:28:02.840223Z,KXUSDJPY15M-26OCT042130-30,0.0200,3.00,yes
2026-10-05T01:28:02.840223Z,KXUSDJPY15M-26OCT042130-30,0.0200,3.00,yes
2026-10-05T01:28:04.105182Z,KXUSDJPY15M-26OCT042130-30,0.0100,16.55,no
2026-10-05T01:28:04.105182Z,KXUSDJPY15M-26OCT042130-30,0.0100,1.00,no
2026-10-05T01:28:04.105182Z,KXUSDJPY15M-26OCT042130-30,0.0100,73.45,no
2026-10-05T01:28:04.105182Z,KXUSDJPY15M-26OCT042130-30,0.0100,10.00,no
2026-10-05T01:28:04.105182Z,KXUSDJPY15M-26OCT042130-30,0.0100,1.00,no
2026-10-05T01:28:04.105182Z,KXUSDJPY15M-26OCT042130-30,0.0100,2.00,no
2026-10-05T01:28:04.342944Z,KXUSDJPY15M-26OCT042130-30,0.0100,63.06,no
2026-10-05T01:28:04.342944Z,KXUSDJPY15M-26OCT042130-30,0.0100,0.72,no
2026-10-05T01:28:04.342944Z,KXUSDJPY15M-26OCT042130-30,0.0100,0.22,no
2026-10-05T01:28:39.542316Z,KXUSDJPY15M-26OCT042130-30,0.0200,13.79,yes
2026-10-05T01:28:39.542316Z,KXUSDJPY15M-26OCT042130-30,0.0200,3.00,yes
2026-10-05T01:28:39.542316Z,KXUSDJPY15M-26OCT042130-30,0.0200,30.00,yes
2026-10-05T01:28:42.455875Z,KXUSDJPY15M-26OCT042130-30,0.0100,0.39,no
2026-10-05T01:28:54.69684Z,KXUSDJPY15M-26OCT042130-30,0.0100,5.00,yes
2026-10-05T01:28:54.69684Z,KXUSDJPY15M-26OCT042130-30,0.0100,5.00,yes
2026-10-05T01:28:54.69684Z,KXUSDJPY15M-26OCT042130-30,0.0200,3.00,yes
2026-10-05T01:28:54.69684Z,KXUSDJPY15M-26OCT042130-30,0.0200,3.00,yes
2026-10-05T01:28:54.69684Z,KXUSDJPY15M-26OCT042130-30,0.0200,3.00,yes
2026-10-05T01:28:54.69684Z,KXUSDJPY15M-26OCT042130-30,0.0200,3.00,yes
2026-10-05T01:28:54.69684Z,KXUSDJPY15M-26OCT042130-30,0.0200,38.30,yes
2026-10-05T01:28:54.69684Z,KXUSDJPY15M-26OCT042130-30,0.0100,30.00,yes
2026-10-05T01:28:54.69684Z,KXUSDJPY15M-26OCT042130-30,0.0100,60.00,yes
2026-10-05T01:28:54.69684Z,KXUSDJPY15M-26OCT042130-30,0.0200,3.00,yes
2026-10-05T01:28:54.69684Z,KXUSDJPY15M-26OCT042130-30,0.0200,3.00,yes
2026-10-05T01:28:54.69684Z,KXUSDJPY15M-26OCT042130-30,0.0200,3.00,yes
2026-10-05T01:28:54.69684Z,KXUSDJPY15M-26OCT042130-30,0.0200,3.00,yes
2026-10-05T01:28:54.69684Z,KXUSDJPY15M-26OCT042130-30,0.0200,3.00,yes
2026-10-05T01:28:54.69684Z,KXUSDJPY15M-26OCT042130-30,0.0200,3.00,yes
2026-10-05T01:28:54.69684Z,KXUSDJPY15M-26OCT042130-30,0.0200,3.00,yes
2026-10-05T01:28:54.69684Z,KXUSDJPY15M-26OCT042130-30,0.0200,10.00,yes
2026-10-05T01:28:54.69684Z,KXUSDJPY15M-26OCT042130-30,0.0200,3.00,yes
2026-10-05T01:28:54.69684Z,KXUSDJPY15M-26OCT042130-30,0.0200,3.00,yes
2026-10-05T01:28:54.69684Z,KXUSDJPY15M-26OCT042130-30,0.0200,3.00,yes
2026-10-05T01:29:04.410813Z,KXUSDJPY15M-26OCT042130-30,0.0100,9.35,yes
2026-10-05T01:29:05.85657Z,KXUSDJPY15M-26OCT042130-30,0.0200,1.00,yes
2026-10-05T01:29:29.696702Z,KXUSDJPY15M-26OCT042130-30,0.0400,33.00,yes
2026-10-05T01:29:29.696702Z,KXUSDJPY15M-26OCT042130-30,0.0100,60.00,yes
2026-10-05T01:29:29.696702Z,KXUSDJPY15M-26OCT042130-30,0.0100,30.00,yes
2026-10-05T01:29:29.696702Z,KXUSDJPY15M-26OCT042130-30,0.0300,50.00,yes
2026-10-05T01:29:29.696702Z,KXUSDJPY15M-26OCT042130-30,0.0300,160.00,yes
2026-10-05T01:29:29.696702Z,KXUSDJPY15M-26OCT042130-30,0.0400,3.00,yes
2026-10-05T01:29:29.696702Z,KXUSDJPY15M-26OCT042130-30,0.0400,3.00,yes
2026-10-05T01:29:29.696702Z,KXUSDJPY15M-26OCT042130-30,0.3000,49.66,yes
2026-10-05T01:29:29.953488Z,KXUSDJPY15M-26OCT042130-30,0.0100,160.00,no
2026-10-05T01:28:20.104077Z,KXZEC15M-26OCT042130-30,0.3500,7.71,no
2026-10-05T01:28:20.104077Z,KXZEC15M-26OCT042130-30,0.3600,0.03,no
2026-10-05T01:28:20.104077Z,KXZEC15M-26OCT042130-30,0.3600,30.00,no
2026-10-05T01:28:20.752951Z,KXZEC15M-26OCT042130-30,0.4000,0.03,yes
2026-10-05T01:28:20.752951Z,KXZEC15M-26OCT042130-30,0.3900,0.03,yes
2026-10-05T01:28:21.069233Z,KXZEC15M-26OCT042130-30,0.3800,20.00,yes
2026-10-05T01:28:21.069233Z,KXZEC15M-26OCT042130-30,0.3800,0.03,yes
2026-10-05T01:28:21.076276Z,KXZEC15M-26OCT042130-30,0.3500,8.62,no
2026-10-05T01:28:21.280313Z,KXZEC15M-26OCT042130-30,0.4600,31.00,yes
2026-10-05T01:28:21.280313Z,KXZEC15M-26OCT042130-30,0.4500,18.00,yes
2026-10-05T01:28:21.280313Z,KXZEC15M-26OCT042130-30,0.4400,1.00,yes
2026-10-05T01:28:21.285831Z,KXZEC15M-26OCT042130-30,0.4800,10.00,yes
2026-10-05T01:28:21.285831Z,KXZEC15M-26OCT042130-30,0.4700,0.03,yes
2026-10-05T01:28:21.781209Z,KXZEC15M-26OCT042130-30,0.5200,32.00,yes
2026-10-05T01:28:21.781209Z,KXZEC15M-26OCT042130-30,0.5200,0.03,yes
2026-10-05T01:28:21.781209Z,KXZEC15M-26OCT042130-30,0.5300,12.27,yes
2026-10-05T01:28:21.781209Z,KXZEC15M-26OCT042130-30,0.5100,1.00,yes
2026-10-05T01:28:21.781209Z,KXZEC15M-26OCT042130-30,0.5200,7.00,yes
2026-10-05T01:28:22.145539Z,KXZEC15M-26OCT042130-30,0.5000,1.00,yes
2026-10-05T01:28:22.145539Z,KXZEC15M-26OCT042130-30,0.5000,0.03,yes
2026-10-05T01:28:22.145539Z,KXZEC15M-26OCT042130-30,0.5100,18.00,yes
2026-10-05T01:28:22.590662Z,KXZEC15M-26OCT042130-30,0.5400,37.00,no
2026-10-05T01:28:22.590662Z,KXZEC15M-26OCT042130-30,0.5400,5.00,no
2026-10-05T01:28:22.591405Z,KXZEC15M-26OCT042130-30,0.5300,36.00,no
2026-10-05T01:28:22.591405Z,KXZEC15M-26OCT042130-30,0.5200,37.00,no
2026-10-05T01:28:22.596142Z,KXZEC15M-26OCT042130-30,0.5100,0.03,no
2026-10-05T01:28:22.600358Z,KXZEC15M-26OCT042130-30,0.4900,0.03,no
2026-10-05T01:28:22.600358Z,KXZEC15M-26OCT042130-30,0.4400,6.00,no
2026-10-05T01:28:22.600358Z,KXZEC15M-26OCT042130-30,0.4500,1.00,no
2026-10-05T01:28:22.614813Z,KXZEC15M-26OCT042130-30,0.4400,10.00,no
2026-10-05T01:28:22.614813Z,KXZEC15M-26OCT042130-30,0.4200,1.00,no
2026-10-05T01:28:22.614813Z,KXZEC15M-26OCT042130-30,0.4300,0.03,no
2026-10-05T01:28:22.787343Z,KXZEC15M-26OCT042130-30,0.4100,15.00,no
2026-10-05T01:28:23.639433Z,KXZEC15M-26OCT042130-30,0.4500,0.03,no
2026-10-05T01:28:23.639433Z,KXZEC15M-26OCT042130-30,0.4500,37.00,no
2026-10-05T01:28:23.644486Z,KXZEC15M-26OCT042130-30,0.4500,5.00,no
2026-10-05T01:28:23.678819Z,KXZEC15M-26OCT042130-30,0.4600,7.00,yes
2026-10-05T01:28:23.678819Z,KXZEC15M-26OCT042130-30,0.4600,18.00,yes
2026-10-05T01:28:23.678819Z,KXZEC15M-26OCT042130-30,0.4700,0.03,yes
2026-10-05T01:28:23.678819Z,KXZEC15M-26OCT042130-30,0.4700,5.12,yes
2026-10-05T01:28:23.743544Z,KXZEC15M-26OCT042130-30,0.4600,5.00,yes
2026-10-05T01:28:23.743544Z,KXZEC15M-26OCT042130-30,0.4600,1.00,yes
2026-10-05T01:28:23.743544Z,KXZEC15M-26OCT042130-30,0.4700,14.00,yes
2026-10-05T01:28:23.800822Z,KXZEC15M-26OCT042130-30,0.4700,2.61,yes
2026-10-05T01:28:23.953619Z,KXZEC15M-26OCT042130-30,0.4200,2.60,no
2026-10-05T01:28:24.447897Z,KXZEC15M-26OCT042130-30,0.4400,2.34,no
2026-10-05T01:28:24.727165Z,KXZEC15M-26OCT042130-30,0.4500,2.51,yes
2026-10-05T01:28:24.727165Z,KXZEC15M-26OCT042130-30,0.4500,18.00,yes
2026-10-05T01:28:24.984002Z,KXZEC15M-26OCT042130-30,0.4400,9.41,yes
2026-10-05T01:28:25.052076Z,KXZEC15M-26OCT042130-30,0.4400,0.03,yes
2026-10-05T01:28:25.052076Z,KXZEC15M-26OCT042130-30,0.4600,0.03,yes
2026-10-05T01:28:25.052076Z,KXZEC15M-26OCT042130-30,0.4500,0.03,yes
2026-10-05T01:28:25.052076Z,KXZEC15M-26OCT042130-30,0.4500,18.00,yes
2026-10-05T01:28:25.052076Z,KXZEC15M-26OCT042130-30,0.4400,9.59,yes
2026-10-05T01:28:25.052076Z,KXZEC15M-26OCT042130-30,0.4700,9.26,yes
2026-10-05T01:28:25.052076Z,KXZEC15M-26OCT042130-30,0.4700,5.12,yes
2026-10-05T01:28:25.052076Z,KXZEC15M-26OCT042130-30,0.4700,10.27,yes
2026-10-05T01:28:25.376786Z,KXZEC15M-26OCT042130-30,0.4600,5.00,yes
2026-10-05T01:28:25.376786Z,KXZEC15M-26OCT042130-30,0.4600,18.00,yes
2026-10-05T01:28:25.376786Z,KXZEC15M-26OCT042130-30,0.4600,4.00,yes
2026-10-05T01:28:25.624101Z,KXZEC15M-26OCT042130-30,0.4600,0.03,yes
2026-10-05T01:28:25.624101Z,KXZEC15M-26OCT042130-30,0.4700,17.65,yes
2026-10-05T01:28:25.624101Z,KXZEC15M-26OCT042130-30,0.4700,18.00,yes
2026-10-05T01:28:25.624101Z,KXZEC15M-26OCT042130-30,0.4600,1.00,yes
2026-10-05T01:28:25.624101Z,KXZEC15M-26OCT042130-30,0.4700,0.03,yes
2026-10-05T01:28:25.624101Z,KXZEC15M-26OCT042130-30,0.4600,1.00,yes
2026-10-05T01:28:25.624101Z,KXZEC15M-26OCT042130-30,0.4700,2.61,yes
2026-10-05T01:28:25.624101Z,KXZEC15M-26OCT042130-30,0.4700,4.74,yes
2026-10-05T01:28:25.624101Z,KXZEC15M-26OCT042130-30,0.4800,5.78,yes
2026-10-05T01:28:25.921522Z,KXZEC15M-26OCT042130-30,0.4100,3.92,no
2026-10-05T01:28:25.921522Z,KXZEC15M-26OCT042130-30,0.4200,0.03,no
2026-10-05T01:28:25.921522Z,KXZEC15M-26OCT042130-30,0.4200,1.00,no
2026-10-05T01:28:26.364993Z,KXZEC15M-26OCT042130-30,0.4400,19.00,yes
2026-10-05T01:28:26.364993Z,KXZEC15M-26OCT042130-30,0.4400,0.03,yes
2026-10-05T01:28:26.364993Z,KXZEC15M-26OCT042130-30,0.4400,5.00,yes
2026-10-05T01:28:26.364993Z,KXZEC15M-26OCT042130-30,0.4600,0.03,yes
2026-10-05T01:28:26.364993Z,KXZEC15M-26OCT042130-30,0.4600,18.00,yes
2026-10-05T01:28:26.364993Z,KXZEC15M-26OCT042130-30,0.4600,1.00,yes
2026-10-05T01:28:26.434881Z,KXZEC15M-26OCT042130-30,0.4200,12.00,no
2026-10-05T01:28:26.434881Z,KXZEC15M-26OCT042130-30,0.3300,29.39,no
2026-10-05T01:28:26.434881Z,KXZEC15M-26OCT042130-30,0.4100,0.03,no
2026-10-05T01:28:26.434881Z,KXZEC15M-26OCT042130-30,0.4000,0.03,no
2026-10-05T01:28:26.434881Z,KXZEC15M-26OCT042130-30,0.4200,1.00,no
2026-10-05T01:28:26.434881Z,KXZEC15M-26OCT042130-30,0.4100,34.08,no
2026-10-05T01:28:26.434881Z,KXZEC15M-26OCT042130-30,0.3800,0.03,no
2026-10-05T01:28:26.434881Z,KXZEC15M-26OCT042130-30,0.4200,32.00,no
2026-10-05T01:28:26.434881Z,KXZEC15M-26OCT042130-30,0.3900,0.03,no
2026-10-05T01:28:26.434881Z,KXZEC15M-26OCT042130-30,0.3900,39.00,no
2026-10-05T01:28:26.434881Z,KXZEC15M-26OCT042130-30,0.3800,100.00,no
2026-10-05T01:28:26.434881Z,KXZEC15M-26OCT042130-30,0.3700,0.03,no
2026-10-05T01:28:26.434881Z,KXZEC15M-26OCT042130-30,0.3700,1.00,no
2026-10-05T01:28:26.434881Z,KXZEC15M-26OCT042130-30,0.3600,1.00,no
2026-10-05T01:28:26.434881Z,KXZEC15M-26OCT042130-30,0.3600,0.03,no
2026-10-05T01:28:26.646727Z,KXZEC15M-26OCT042130-30,0.4200,25.00,no
2026-10-05T01:28:27.39422Z,KXZEC15M-26OCT042130-30,0.4500,10.00,yes
2026-10-05T01:28:27.486104Z,KXZEC15M-26OCT042130-30,0.4800,34.73,yes
2026-10-05T01:28:27.486104Z,KXZEC15M-26OCT042130-30,0.4700,1.00,yes
2026-10-05T01:28:27.486104Z,KXZEC15M-26OCT042130-30,0.4500,5.00,yes
2026-10-05T01:28:27.486104Z,KXZEC15M-26OCT042130-30,0.4700,0.03,yes
2026-10-05T01:28:27.486104Z,KXZEC15M-26OCT042130-30,0.4600,1.00,yes
2026-10-05T01:28:27.486104Z,KXZEC15M-26OCT042130-30,0.4600,0.03,yes
2026-10-05T01:28:27.486104Z,KXZEC15M-26OCT042130-30,0.4500,0.03,yes
2026-10-05T01:28:27.486104Z,KXZEC15M-26OCT042130-30,0.4500,8.00,yes
2026-10-05T01:28:27.486104Z,KXZEC15M-26OCT042130-30,0.4700,32.00,yes
2026-10-05T01:28:27.486104Z,KXZEC15M-26OCT042130-30,0.4700,18.00,yes
2026-10-05T01:28:27.775147Z,KXZEC15M-26OCT042130-30,0.4100,5.00,no
2026-10-05T01:28:27.775147Z,KXZEC15M-26OCT042130-30,0.4100,0.03,no
2026-10-05T01:28:27.775147Z,KXZEC15M-26OCT042130-30,0.4200,13.00,no
2026-10-05T01:28:27.775147Z,KXZEC15M-26OCT042130-30,0.4100,1.00,no
2026-10-05T01:28:27.775147Z,KXZEC15M-26OCT042130-30,0.4100,5.00,no
2026-10-05T01:28:27.775147Z,KXZEC15M-26OCT042130-30,0.4200,25.00,no
2026-10-05T01:28:27.779351Z,KXZEC15M-26OCT042130-30,0.4000,39.00,no
2026-10-05T01:28:27.779351Z,KXZEC15M-26OCT042130-30,0.4000,0.03,no
2026-10-05T01:28:27.779351Z,KXZEC15M-26OCT042130-30,0.4000,30.00,no
2026-10-05T01:28:27.779683Z,KXZEC15M-26OCT042130-30,0.3900,0.03,no
2026-10-05T01:28:27.782502Z,KXZEC15M-26OCT042130-30,0.4100,5.00,no
2026-10-05T01:28:27.806711Z,KXZEC15M-26OCT042130-30,0.3600,1.06,yes
2026-10-05T01:28:27.950159Z,KXZEC15M-26OCT042130-30,0.3700,0.03,yes
2026-10-05T01:28:27.950159Z,KXZEC15M-26OCT042130-30,0.3700,40.00,yes
2026-10-05T01:28:27.950159Z,KXZEC15M-26OCT042130-30,0.4100,0.03,yes
2026-10-05T01:28:27.950159Z,KXZEC15M-26OCT042130-30,0.3600,0.03,yes
2026-10-05T01:28:27.950159Z,KXZEC15M-26OCT042130-30,0.3600,38.94,yes
2026-10-05T01:28:27.959993Z,KXZEC15M-26OCT042130-30,0.4100,19.00,yes
2026-10-05T01:28:27.959993Z,KXZEC15M-26OCT042130-30,0.4100,5.00,yes
2026-10-05T01:28:27.959993Z,KXZEC15M-26OCT042130-30,0.4200,5.00,yes
2026-10-05T01:28:27.962201Z,KXZEC15M-26OCT042130-30,0.4200,14.00,yes
2026-10-05T01:28:28.155464Z,KXZEC15M-26OCT042130-30,0.4400,12.61,yes
2026-10-05T01:28:28.241082Z,KXZEC15M-26OCT042130-30,0.4400,0.03,yes
2026-10-05T01:28:28.241082Z,KXZEC15M-26OCT042130-30,0.4700,0.03,yes
2026-10-05T01:28:28.241082Z,KXZEC15M-26OCT042130-30,0.4600,0.03,yes
2026-10-05T01:28:28.241082Z,KXZEC15M-26OCT042130-30,0.4900,1.00,yes
2026-10-05T01:28:28.241082Z,KXZEC15M-26OCT042130-30,0.5000,10.00,yes
2026-10-05T01:28:28.629503Z,KXZEC15M-26OCT042130-30,0.4700,0.03,no
2026-10-05T01:28:28.629503Z,KXZEC15M-26OCT042130-30,0.4600,0.03,no
2026-10-05T01:28:28.629503Z,KXZEC15M-26OCT042130-30,0.4400,0.03,no
2026-10-05T01:28:28.629503Z,KXZEC15M-26OCT042130-30,0.4700,32.00,no
2026-10-05T01:28:28.629503Z,KXZEC15M-26OCT042130-30,0.4300,33.91,no
2026-10-05T01:28:28.629503Z,KXZEC15M-26OCT042130-30,0.4600,100.00,no
2026-10-05T01:28:28.972368Z,KXZEC15M-26OCT042130-30,0.4600,34.00,no
2026-10-05T01:28:28.972368Z,KXZEC15M-26OCT042130-30,0.4500,0.03,no
2026-10-05T01:28:28.972368Z,KXZEC15M-26OCT042130-30,0.4600,0.03,no
2026-10-05T01:28:28.972368Z,KXZEC15M-26OCT042130-30,0.4500,37.00,no
2026-10-05T01:28:28.972368Z,KXZEC15M-26OCT042130-30,0.4600,37.00,no
2026-10-05T01:28:28.972368Z,KXZEC15M-26OCT042130-30,0.4600,100.00,no
2026-10-05T01:28:28.972368Z,KXZEC15M-26OCT042130-30,0.4600,5.00,no
2026-10-05T01:28:29.07187Z,KXZEC15M-26OCT042130-30,0.5100,1.00,yes
2026-10-05T01:28:29.07187Z,KXZEC15M-26OCT042130-30,0.5100,2.53,yes
2026-10-05T01:28:29.942747Z,KXZEC15M-26OCT042130-30,0.4700,7.00,yes
2026-10-05T01:28:29.942747Z,KXZEC15M-26OCT042130-30,0.4600,5.00,yes
2026-10-05T01:28:29.942747Z,KXZEC15M-26OCT042130-30,0.4700,8.01,yes
2026-10-05T01:28:30.6625Z,KXZEC15M-26OCT042130-30,0.4800,0.03,yes
2026-10-05T01:28:30.6625Z,KXZEC15M-26OCT042130-30,0.4800,1.00,yes
2026-10-05T01:28:30.812821Z,KXZEC15M-26OCT042130-30,0.5000,1.00,yes
2026-10-05T01:28:30.812821Z,KXZEC15M-26OCT042130-30,0.5100,5.00,yes
2026-10-05T01:28:30.812821Z,KXZEC15M-26OCT042130-30,0.5000,0.03,yes
2026-10-05T01:28:30.812821Z,KXZEC15M-26OCT042130-30,0.5100,0.03,yes
2026-10-05T01:28:30.812821Z,KXZEC15M-26OCT042130-30,0.4900,0.03,yes
2026-10-05T01:28:30.812821Z,KXZEC15M-26OCT042130-30,0.5200,22.87,yes
2026-10-05T01:28:30.812821Z,KXZEC15M-26OCT042130-30,0.5100,1.00,yes
2026-10-05T01:28:30.812821Z,KXZEC15M-26OCT042130-30,0.4700,18.00,yes
2026-10-05T01:28:30.812821Z,KXZEC15M-26OCT042130-30,0.5200,0.03,yes
2026-10-05T01:28:30.812821Z,KXZEC15M-26OCT042130-30,0.5000,1.00,yes
2026-10-05T01:28:30.812821Z,KXZEC15M-26OCT042130-30,0.4800,18.00,yes
2026-10-05T01:28:30.888656Z,KXZEC15M-26OCT042130-30,0.4700,1.00,no
2026-10-05T01:28:30.888656Z,KXZEC15M-26OCT042130-30,0.4600,0.76,no
2026-10-05T01:28:31.168247Z,KXZEC15M-26OCT042130-30,0.4800,18.00,yes
2026-10-05T01:28:31.168247Z,KXZEC15M-26OCT042130-30,0.4800,5.00,yes
2026-10-05T01:28:31.168247Z,KXZEC15M-26OCT042130-30,0.4800,32.00,yes
2026-10-05T01:28:31.619588Z,KXZEC15M-26OCT042130-30,0.5300,25.56,yes
2026-10-05T01:28:31.619588Z,KXZEC15M-26OCT042130-30,0.4800,5.00,yes
2026-10-05T01:28:31.619588Z,KXZEC15M-26OCT042130-30,0.4900,0.03,yes
2026-10-05T01:28:31.619588Z,KXZEC15M-26OCT042130-30,0.4800,18.00,yes
2026-10-05T01:28:31.619588Z,KXZEC15M-26OCT042130-30,0.4800,32.00,yes
2026-10-05T01:28:31.619588Z,KXZEC15M-26OCT042130-30,0.5200,0.03,yes
2026-10-05T01:28:31.619588Z,KXZEC15M-26OCT042130-30,0.4900,18.00,yes
2026-10-05T01:28:31.619588Z,KXZEC15M-26OCT042130-30,0.4900,100.00,yes
2026-10-05T01:28:31.619588Z,KXZEC15M-26OCT042130-30,0.4800,0.03,yes
2026-10-05T01:28:31.619588Z,KXZEC15M-26OCT042130-30,0.5100,0.03,yes
2026-10-05T01:28:31.619588Z,KXZEC15M-26OCT042130-30,0.5200,1.00,yes
2026-10-05T01:28:31.619588Z,KXZEC15M-26OCT042130-30,0.5100,1.00,yes
2026-10-05T01:28:31.887472Z,KXZEC15M-26OCT042130-30,0.4800,11.00,yes
2026-10-05T01:28:31.887472Z,KXZEC15M-26OCT042130-30,0.4800,0.03,yes
2026-10-05T01:28:31.887472Z,KXZEC15M-26OCT042130-30,0.4800,18.00,yes
2026-10-05T01:28:31.887472Z,KXZEC15M-26OCT042130-30,0.4800,5.00,yes
2026-10-05T01:28:32.228835Z,KXZEC15M-26OCT042130-30,0.4700,5.00,no
2026-10-05T01:28:32.228835Z,KXZEC15M-26OCT042130-30,0.4500,11.30,no
2026-10-05T01:28:32.228835Z,KXZEC15M-26OCT042130-30,0.4500,0.03,no
2026-10-05T01:28:32.228835Z,KXZEC15M-26OCT042130-30,0.4600,1.00,no
2026-10-05T01:28:32.616501Z,KXZEC15M-26OCT042130-30,0.4900,0.03,yes
2026-10-05T01:28:32.839591Z,KXZEC15M-26OCT042130-30,0.5400,32.00,no
2026-10-05T01:28:32.840232Z,KXZEC15M-26OCT042130-30,0.5300,37.00,no
2026-10-05T01:28:32.842282Z,KXZEC15M-26OCT042130-30,0.5300,25.00,no
2026-10-05T01:28:32.84737Z,KXZEC15M-26OCT042130-30,0.4900,0.03,no
2026-10-05T01:28:32.84737Z,KXZEC15M-26OCT042130-30,0.5400,5.00,no
2026-10-05T01:28:32.850171Z,KXZEC15M-26OCT042130-30,0.4700,0.03,no
2026-10-05T01:28:32.925052Z,KXZEC15M-26OCT042130-30,0.4200,2.73,no
2026-10-05T01:28:32.925052Z,KXZEC15M-26OCT042130-30,0.4700,5.00,no
2026-10-05T01:28:32.925052Z,KXZEC15M-26OCT042130-30,0.4700,1.00,no
2026-10-05T01:28:32.925052Z,KXZEC15M-26OCT042130-30,0.4500,0.03,no
2026-10-05T01:28:32.925052Z,KXZEC15M-26OCT042130-30,0.4600,0.03,no
2026-10-05T01:28:33.043813Z,KXZEC15M-26OCT042130-30,0.4600,5.00,no
2026-10-05T01:28:33.043813Z,KXZEC15M-26OCT042130-30,0.4500,37.00,no
2026-10-05T01:28:33.402799Z,KXZEC15M-26OCT042130-30,0.5600,0.03,yes
2026-10-05T01:28:33.402799Z,KXZEC15M-26OCT042130-30,0.5300,1.00,yes
2026-10-05T01:28:33.402799Z,KXZEC15M-26OCT042130-30,0.5400,6.00,yes
2026-10-05T01:28:33.751822Z,KXZEC15M-26OCT042130-30,0.5800,27.84,no
2026-10-05T01:28:33.969791Z,KXZEC15M-26OCT042130-30,0.6000,2.21,yes
2026-10-05T01:28:33.969791Z,KXZEC15M-26OCT042130-30,0.5900,1.00,yes
2026-10-05T01:28:34.219408Z,KXZEC15M-26OCT042130-30,0.6000,0.79,yes
2026-10-05T01:28:34.219408Z,KXZEC15M-26OCT042130-30,0.6000,1.00,yes
2026-10-05T01:28:34.220368Z,KXZEC15M-26OCT042130-30,0.6600,29.00,yes
2026-10-05T01:28:34.220368Z,KXZEC15M-26OCT042130-30,0.6700,5.00,yes
2026-10-05T01:28:34.224916Z,KXZEC15M-26OCT042130-30,0.6800,2.00,yes
2026-10-05T01:28:34.224916Z,KXZEC15M-26OCT042130-30,0.6800,0.03,yes
2026-10-05T01:28:34.587669Z,KXZEC15M-26OCT042130-30,0.7000,4.51,no
2026-10-05T01:28:35.214043Z,KXZEC15M-26OCT042130-30,0.7100,0.69,yes
2026-10-05T01:28:35.252483Z,KXZEC15M-26OCT042130-30,0.7100,24.00,yes
2026-10-05T01:28:35.366659Z,KXZEC15M-26OCT042130-30,0.7000,22.00,no
2026-10-05T01:28:35.515469Z,KXZEC15M-26OCT042130-30,0.7100,23.37,yes
2026-10-05T01:28:35.515469Z,KXZEC15M-26OCT042130-30,0.7100,0.03,yes
2026-10-05T01:28:35.515469Z,KXZEC15M-26OCT042130-30,0.7100,1.00,yes
2026-10-05T01:28:35.60869Z,KXZEC15M-26OCT042130-30,0.7600,81.46,yes
2026-10-05T01:28:35.60869Z,KXZEC15M-26OCT042130-30,0.7500,1.00,yes
2026-10-05T01:28:35.60869Z,KXZEC15M-26OCT042130-30,0.7500,5.00,yes
2026-10-05T01:28:35.60869Z,KXZEC15M-26OCT042130-30,0.7500,15.00,yes
2026-10-05T01:28:35.60869Z,KXZEC15M-26OCT042130-30,0.7500,0.03,yes
2026-10-05T01:28:35.60869Z,KXZEC15M-26OCT042130-30,0.7500,1.00,yes
2026-10-05T01:28:35.658032Z,KXZEC15M-26OCT042130-30,0.7500,5.00,no
2026-10-05T01:28:35.658032Z,KXZEC15M-26OCT042130-30,0.7400,22.32,no
2026-10-05T01:28:35.757161Z,KXZEC15M-26OCT042130-30,0.7500,4.91,no
2026-10-05T01:28:36.082085Z,KXZEC15M-26OCT042130-30,0.7500,1.54,no
2026-10-05T01:28:36.103822Z,KXZEC15M-26OCT042130-30,0.7500,5.00,no
2026-10-05T01:28:36.103822Z,KXZEC15M-26OCT042130-30,0.7400,25.68,no
2026-10-05T01:28:36.114462Z,KXZEC15M-26OCT042130-30,0.7400,48.00,no
2026-10-05T01:28:36.129581Z,KXZEC15M-26OCT042130-30,0.7400,48.00,no
2026-10-05T01:28:36.130363Z,KXZEC15M-26OCT042130-30,0.7400,5.00,no
2026-10-05T01:28:36.130363Z,KXZEC15M-26OCT042130-30,0.7300,28.00,no
2026-10-05T01:28:36.134395Z,KXZEC15M-26OCT042130-30,0.7300,5.00,no
2026-10-05T01:28:36.168182Z,KXZEC15M-26OCT042130-30,0.7400,2.61,no
2026-10-05T01:28:36.195759Z,KXZEC15M-26OCT042130-30,0.7600,0.29,yes
2026-10-05T01:28:36.195759Z,KXZEC15M-26OCT042130-30,0.7500,1.00,yes
2026-10-05T01:28:36.589083Z,KXZEC15M-26OCT042130-30,0.7600,14.23,yes
2026-10-05T01:28:36.733909Z,KXZEC15M-26OCT042130-30,0.7300,33.00,no
2026-10-05T01:28:36.733909Z,KXZEC15M-26OCT042130-30,0.7400,45.39,no
2026-10-05T01:28:36.733909Z,KXZEC15M-26OCT042130-30,0.7100,42.33,no
2026-10-05T01:28:36.733909Z,KXZEC15M-26OCT042130-30,0.7500,5.00,no
2026-10-05T01:28:36.733909Z,KXZEC15M-26OCT042130-30,0.7100,75.60,no
2026-10-05T01:28:36.733909Z,KXZEC15M-26OCT042130-30,0.7200,46.00,no
2026-10-05T01:28:37.184762Z,KXZEC15M-26OCT042130-30,0.7600,12.94,yes
2026-10-05T01:28:37.237263Z,KXZEC15M-26OCT042130-30,0.7600,48.00,yes
2026-10-05T01:28:37.238114Z,KXZEC15M-26OCT042130-30,0.7600,37.00,yes
2026-10-05T01:28:37.291564Z,KXZEC15M-26OCT042130-30,0.7600,1.29,yes
2026-10-05T01:28:37.471377Z,KXZEC15M-26OCT042130-30,0.7500,3.09,no
2026-10-05T01:28:37.544955Z,KXZEC15M-26OCT042130-30,0.7500,10.00,no
2026-10-05T01:28:37.646424Z,KXZEC15M-26OCT042130-30,0.7500,13.00,no
2026-10-05T01:28:37.646424Z,KXZEC15M-26OCT042130-30,0.7500,5.00,no
2026-10-05T01:28:37.646424Z,KXZEC15M-26OCT042130-30,0.7500,25.00,no
2026-10-05T01:28:37.646424Z,KXZEC15M-26OCT042130-30,0.7500,10.00,no
2026-10-05T01:28:37.66017Z,KXZEC15M-26OCT042130-30,0.7600,3.43,yes
2026-10-05T01:28:37.66017Z,KXZEC15M-26OCT042130-30,0.7600,0.03,yes
2026-10-05T01:28:37.66017Z,KXZEC15M-26OCT042130-30,0.8300,12.63,yes
2026-10-05T01:28:37.66017Z,KXZEC15M-26OCT042130-30,0.8200,1.00,yes
2026-10-05T01:28:37.66017Z,KXZEC15M-26OCT042130-30,0.8300,1.00,yes
2026-10-05T01:28:37.66017Z,KXZEC15M-26OCT042130-30,0.8300,0.03,yes
2026-10-05T01:28:38.086486Z,KXZEC15M-26OCT042130-30,0.8300,0.03,yes
2026-10-05T01:28:38.086486Z,KXZEC15M-26OCT042130-30,0.8300,25.19,yes
2026-10-05T01:28:38.086486Z,KXZEC15M-26OCT042130-30,0.8300,1.00,yes
2026-10-05T01:28:38.13546Z,KXZEC15M-26OCT042130-30,0.8000,58.00,no
2026-10-05T01:28:38.150211Z,KXZEC15M-26OCT042130-30,0.7700,5.00,no
2026-10-05T01:28:38.150211Z,KXZEC15M-26OCT042130-30,0.7800,0.03,no
2026-10-05T01:28:38.150211Z,KXZEC15M-26OCT042130-30,0.7800,54.00,no
2026-10-05T01:28:38.154519Z,KXZEC15M-26OCT042130-30,0.7600,9.89,no
2026-10-05T01:28:38.154519Z,KXZEC15M-26OCT042130-30,0.7600,29.71,no
2026-10-05T01:28:38.155214Z,KXZEC15M-26OCT042130-30,0.7600,41.11,no
2026-10-05T01:28:38.158395Z,KXZEC15M-26OCT042130-30,0.7400,29.71,no
2026-10-05T01:28:38.164218Z,KXZEC15M-26OCT042130-30,0.7400,13.29,no
2026-10-05T01:28:38.164218Z,KXZEC15M-26OCT042130-30,0.7500,5.00,no
2026-10-05T01:28:38.169096Z,KXZEC15M-26OCT042130-30,0.7400,5.00,no
2026-10-05T01:28:38.169096Z,KXZEC15M-26OCT042130-30,0.7400,13.29,no
2026-10-05T01:28:38.173298Z,KXZEC15M-26OCT042130-30,0.7500,5.00,no
2026-10-05T01:28:38.173298Z,KXZEC15M-26OCT042130-30,0.7400,16.71,no
2026-10-05T01:28:38.181465Z,KXZEC15M-26OCT042130-30,0.7400,32.00,no
2026-10-05T01:28:38.200498Z,KXZEC15M-26OCT042130-30,0.7700,37.34,yes
2026-10-05T01:28:38.200498Z,KXZEC15M-26OCT042130-30,0.7600,30.00,yes
2026-10-05T01:28:38.200498Z,KXZEC15M-26OCT042130-30,0.7600,51.00,yes
2026-10-05T01:28:38.429979Z,KXZEC15M-26OCT042130-30,0.7600,6.36,yes
2026-10-05T01:28:38.429979Z,KXZEC15M-26OCT042130-30,0.7600,0.03,yes
2026-10-05T01:28:38.539437Z,KXZEC15M-26OCT042130-30,0.7700,2.51,yes
2026-10-05T01:28:38.651938Z,KXZEC15M-26OCT042130-30,0.7700,1.27,yes
2026-10-05T01:28:38.678764Z,KXZEC15M-26OCT042130-30,0.7700,0.01,yes
2026-10-05T01:28:38.695446Z,KXZEC15M-26OCT042130-30,0.7700,0.36,yes
2026-10-05T01:28:38.710883Z,KXZEC15M-26OCT042130-30,0.7700,0.03,yes
2026-10-05T01:28:38.710883Z,KXZEC15M-26OCT042130-30,0.7900,37.52,yes
2026-10-05T01:28:38.710883Z,KXZEC15M-26OCT042130-30,0.7700,58.51,yes
2026-10-05T01:28:38.710883Z,KXZEC15M-26OCT042130-30,0.7800,0.03,yes
2026-10-05T01:28:38.710883Z,KXZEC15M-26OCT042130-30,0.7800,29.00,yes
2026-10-05T01:28:38.756862Z,KXZEC15M-26OCT042130-30,0.7600,32.84,yes
2026-10-05T01:28:38.877606Z,KXZEC15M-26OCT042130-30,0.7500,29.52,no
2026-10-05T01:28:38.995879Z,KXZEC15M-26OCT042130-30,0.7600,2.58,yes
2026-10-05T01:28:39.114046Z,KXZEC15M-26OCT042130-30,0.7500,20.48,no
2026-10-05T01:28:39.114062Z,KXZEC15M-26OCT042130-30,0.7400,28.00,no
2026-10-05T01:28:39.114204Z,KXZEC15M-26OCT042130-30,0.7400,4.00,no
2026-10-05T01:28:39.114204Z,KXZEC15M-26OCT042130-30,0.7400,5.00,no
2026-10-05T01:28:39.120341Z,KXZEC15M-26OCT042130-30,0.7600,0.03,yes
2026-10-05T01:28:39.120341Z,KXZEC15M-26OCT042130-30,0.7700,0.98,yes
2026-10-05T01:28:39.23728Z,KXZEC15M-26OCT042130-30,0.7700,1.68,yes
2026-10-05T01:28:39.23728Z,KXZEC15M-26OCT042130-30,0.7700,30.02,yes
2026-10-05T01:28:39.27346Z,KXZEC15M-26OCT042130-30,0.7000,0.03,no
2026-10-05T01:28:39.27346Z,KXZEC15M-26OCT042130-30,0.6900,7.26,no
2026-10-05T01:28:39.27346Z,KXZEC15M-26OCT042130-30,0.7100,5.00,no
2026-10-05T01:28:39.419059Z,KXZEC15M-26OCT042130-30,0.7700,0.98,yes
2026-10-05T01:28:39.419059Z,KXZEC15M-26OCT042130-30,0.7700,16.38,yes
2026-10-05T01:28:39.419059Z,KXZEC15M-26OCT042130-30,0.7700,0.03,yes
2026-10-05T01:28:39.419059Z,KXZEC15M-26OCT042130-30,0.7700,50.32,yes
2026-10-05T01:28:39.552671Z,KXZEC15M-26OCT042130-30,0.7600,0.25,yes
2026-10-05T01:28:39.573103Z,KXZEC15M-26OCT042130-30,0.7600,20.00,yes
2026-10-05T01:28:39.670596Z,KXZEC15M-26OCT042130-30,0.7600,19.41,yes
2026-10-05T01:28:39.68685Z,KXZEC15M-26OCT042130-30,0.7600,11.34,yes
2026-10-05T01:28:39.68685Z,KXZEC15M-26OCT042130-30,0.7600,0.03,yes
2026-10-05T01:28:39.68685Z,KXZEC15M-26OCT042130-30,0.7600,30.00,yes
2026-10-05T01:28:39.68685Z,KXZEC15M-26OCT042130-30,0.7700,31.25,yes
2026-10-05T01:28:39.716697Z,KXZEC15M-26OCT042130-30,0.7700,0.62,yes
2026-10-05T01:28:39.716697Z,KXZEC15M-26OCT042130-30,0.7700,0.03,yes
2026-10-05T01:28:39.716697Z,KXZEC15M-26OCT042130-30,0.7700,20.75,yes
2026-10-05T01:28:39.758679Z,KXZEC15M-26OCT042130-30,0.7700,2.51,yes
2026-10-05T01:28:39.823956Z,KXZEC15M-26OCT042130-30,0.7700,12.03,yes
2026-10-05T01:28:39.952999Z,KXZEC15M-26OCT042130-30,0.7300,0.03,no
2026-10-05T01:28:39.952999Z,KXZEC15M-26OCT042130-30,0.7200,28.93,no
2026-10-05T01:28:39.952999Z,KXZEC15M-26OCT042130-30,0.7300,5.00,no
2026-10-05T01:28:39.952999Z,KXZEC15M-26OCT042130-30,0.7300,33.00,no
2026-10-05T01:28:39.952999Z,KXZEC15M-26OCT042130-30,0.7200,0.03,no
2026-10-05T01:28:40.000379Z,KXZEC15M-26OCT042130-30,0.8500,10.00,yes
2026-10-05T01:28:40.000379Z,KXZEC15M-26OCT042130-30,0.8500,1.00,yes
2026-10-05T01:28:40.000379Z,KXZEC15M-26OCT042130-30,0.8600,100.00,yes
2026-10-05T01:28:40.000379Z,KXZEC15M-26OCT042130-30,0.9100,60.00,yes
2026-10-05T01:28:40.000379Z,KXZEC15M-26OCT042130-30,0.8900,60.00,yes
2026-10-05T01:28:40.000379Z,KXZEC15M-26OCT042130-30,0.9000,60.00,yes
2026-10-05T01:28:40.000379Z,KXZEC15M-26OCT042130-30,0.8400,600.00,yes
2026-10-05T01:28:40.000379Z,KXZEC15M-26OCT042130-30,0.7800,0.03,yes
2026-10-05T01:28:40.000379Z,KXZEC15M-26OCT042130-30,0.8200,27.00,yes
2026-10-05T01:28:40.000379Z,KXZEC15M-26OCT042130-30,0.7700,16.84,yes
2026-10-05T01:28:40.000379Z,KXZEC15M-26OCT042130-30,0.7900,0.03,yes
2026-10-05T01:28:40.000379Z,KXZEC15M-26OCT042130-30,0.7700,0.03,yes
2026-10-05T01:28:40.000379Z,KXZEC15M-26OCT042130-30,0.8300,1.00,yes
2026-10-05T01:28:40.000379Z,KXZEC15M-26OCT042130-30,0.7900,56.00,yes
2026-10-05T01:28:40.000379Z,KXZEC15M-26OCT042130-30,0.8100,1.00,yes
2026-10-05T01:28:40.000379Z,KXZEC15M-26OCT042130-30,0.7700,36.00,yes
2026-10-05T01:28:40.000379Z,KXZEC15M-26OCT042130-30,0.8500,0.03,yes
2026-10-05T01:28:40.000379Z,KXZEC15M-26OCT042130-30,0.9160,1.00,yes
2026-10-05T01:28:40.000379Z,KXZEC15M-26OCT042130-30,0.9190,200.00,yes
2026-10-05T01:28:40.000379Z,KXZEC15M-26OCT042130-30,0.8400,0.03,yes
2026-10-05T01:28:40.000379Z,KXZEC15M-26OCT042130-30,0.9000,5.00,yes
2026-10-05T01:28:40.000379Z,KXZEC15M-26OCT042130-30,0.8900,873.00,yes
2026-10-05T01:28:40.000379Z,KXZEC15M-26OCT042130-30,0.9180,152.48,yes
2026-10-05T01:28:40.000379Z,KXZEC15M-26OCT042130-30,0.8800,0.03,yes
2026-10-05T01:28:40.009205Z,KXZEC15M-26OCT042130-30,0.9190,19.00,yes
2026-10-05T01:28:40.0094Z,KXZEC15M-26OCT042130-30,0.9190,7.00,yes
2026-10-05T01:28:40.009834Z,KXZEC15M-26OCT042130-30,0.9190,5.00,yes
2026-10-05T01:28:40.010017Z,KXZEC15M-26OCT042130-30,0.9190,2.00,yes
2026-10-05T01:28:40.011179Z,KXZEC15M-26OCT042130-30,0.9190,94.00,yes
2026-10-05T01:28:40.011328Z,KXZEC15M-26OCT042130-30,0.9190,4.00,yes
2026-10-05T01:28:40.011545Z,KXZEC15M-26OCT042130-30,0.9190,4.00,yes
2026-10-05T01:28:40.011738Z,KXZEC15M-26OCT042130-30,0.9190,2.00,yes
2026-10-05T01:28:40.011Z,KXZEC15M-26OCT042130-30,0.9190,7.00,yes
2026-10-05T01:28:40.01214Z,KXZEC15M-26OCT042130-30,0.9190,2.00,yes
2026-10-05T01:28:40.012184Z,KXZEC15M-26OCT042130-30,0.9190,1.00,yes
2026-10-05T01:28:40.012746Z,KXZEC15M-26OCT042130-30,0.9190,2.00,yes
2026-10-05T01:28:40.012758Z,KXZEC15M-26OCT042130-30,0.9300,42.00,yes
2026-10-05T01:28:40.012758Z,KXZEC15M-26OCT042130-30,0.9290,15.00,yes
2026-10-05T01:28:40.012758Z,KXZEC15M-26OCT042130-30,0.9260,1.00,yes
2026-10-05T01:28:40.012758Z,KXZEC15M-26OCT042130-30,0.9460,1.00,yes
2026-10-05T01:28:40.012758Z,KXZEC15M-26OCT042130-30,0.9360,1.00,yes
2026-10-05T01:28:40.012758Z,KXZEC15M-26OCT042130-30,0.9190,836.00,yes
2026-10-05T01:28:40.012758Z,KXZEC15M-26OCT042130-30,0.9360,97.87,yes
2026-10-05T01:28:40.012761Z,KXZEC15M-26OCT042130-30,0.9470,1.00,yes
2026-10-05T01:28:40.013375Z,KXZEC15M-26OCT042130-30,0.9470,1.00,yes
2026-10-05T01:28:40.01524Z,KXZEC15M-26OCT042130-30,0.9470,1.00,yes
2026-10-05T01:28:40.016225Z,KXZEC15M-26OCT042130-30,0.9470,58.00,yes
2026-10-05T01:28:40.017093Z,KXZEC15M-26OCT042130-30,0.9470,29.00,yes
2026-10-05T01:28:40.01877Z,KXZEC15M-26OCT042130-30,0.9470,257.33,yes
2026-10-05T01:28:40.041384Z,KXZEC15M-26OCT042130-30,0.9470,25.00,yes
2026-10-05T01:28:40.041384Z,KXZEC15M-26OCT042130-30,0.9340,1.00,yes
2026-10-05T01:28:40.041384Z,KXZEC15M-26OCT042130-30,0.9000,1.00,yes
2026-10-05T01:28:40.041384Z,KXZEC15M-26OCT042130-30,0.9260,1.00,yes
2026-10-05T01:28:40.041384Z,KXZEC15M-26OCT042130-30,0.9450,13.00,yes
2026-10-05T01:28:40.041384Z,KXZEC15M-26OCT042130-30,0.9460,1.00,yes
2026-10-05T01:28:40.041384Z,KXZEC15M-26OCT042130-30,0.9170,1.00,yes
2026-10-05T01:28:40.041384Z,KXZEC15M-26OCT042130-30,0.9480,57.00,yes
2026-10-05T01:28:40.04444Z,KXZEC15M-26OCT042130-30,0.8900,5.00,no
2026-10-05T01:28:40.04444Z,KXZEC15M-26OCT042130-30,0.8900,38.00,no
2026-10-05T01:28:40.058606Z,KXZEC15M-26OCT042130-30,0.9480,4.10,yes
2026-10-05T01:28:40.43176Z,KXZEC15M-26OCT042130-30,0.9130,13.42,no
2026-10-05T01:28:40.43176Z,KXZEC15M-26OCT042130-30,0.9150,5.00,no
2026-10-05T01:28:40.43176Z,KXZEC15M-26OCT042130-30,0.9140,5.00,no
2026-10-05T01:28:40.627455Z,KXZEC15M-26OCT042130-30,0.9180,5.00,no
2026-10-05T01:28:40.627455Z,KXZEC15M-26OCT042130-30,0.9170,16.18,no
2026-10-05T01:28:40.70061Z,KXZEC15M-26OCT042130-30,0.9170,16.18,no
2026-10-05T01:28:40.70061Z,KXZEC15M-26OCT042130-30,0.9160,25.05,no
2026-10-05T01:28:40.70061Z,KXZEC15M-26OCT042130-30,0.9170,10.82,no
2026-10-05T01:28:40.70061Z,KXZEC15M-26OCT042130-30,0.9180,5.00,no
2026-10-05T01:28:40.702068Z,KXZEC15M-26OCT042130-30,0.9160,20.73,no
2026-10-05T01:28:40.706267Z,KXZEC15M-26OCT042130-30,0.9170,5.00,no
2026-10-05T01:28:40.706267Z,KXZEC15M-26OCT042130-30,0.9160,31.99,no
2026-10-05T01:28:40.714034Z,KXZEC15M-26OCT042130-30,0.9170,27.00,no
2026-10-05T01:28:40.800264Z,KXZEC15M-26OCT042130-30,0.9090,5.00,no
2026-10-05T01:28:40.800264Z,KXZEC15M-26OCT042130-30,0.9080,29.00,no
2026-10-05T01:28:40.800264Z,KXZEC15M-26OCT042130-30,0.9090,5.00,no
2026-10-05T01:28:40.801032Z,KXZEC15M-26OCT042130-30,0.9040,29.73,no
2026-10-05T01:28:40.805677Z,KXZEC15M-26OCT042130-30,0.9040,22.07,no
2026-10-05T01:28:40.80771Z,KXZEC15M-26OCT042130-30,0.8800,67.18,no
2026-10-05T01:28:40.80771Z,KXZEC15M-26OCT042130-30,0.8900,1.00,no
2026-10-05T01:28:40.80771Z,KXZEC15M-26OCT042130-30,0.9050,5.00,no
2026-10-05T01:28:40.813017Z,KXZEC15M-26OCT042130-30,0.9050,15.94,no
2026-10-05T01:28:40.813192Z,KXZEC15M-26OCT042130-30,0.8900,5.00,no
2026-10-05T01:28:40.813192Z,KXZEC15M-26OCT042130-30,0.8900,38.00,no
2026-10-05T01:28:40.813192Z,KXZEC15M-26OCT042130-30,0.9050,23.06,no
2026-10-05T01:28:40.813192Z,KXZEC15M-26OCT042130-30,0.8800,1.12,no
2026-10-05T01:28:40.81922Z,KXZEC15M-26OCT042130-30,0.8900,1.00,no
2026-10-05T01:28:40.81922Z,KXZEC15M-26OCT042130-30,0.8800,13.82,no
2026-10-05T01:28:40.823839Z,KXZEC15M-26OCT042130-30,0.8900,5.00,no
2026-10-05T01:28:40.823839Z,KXZEC15M-26OCT042130-30,0.8800,1.00,no
2026-10-05T01:28:40.896056Z,KXZEC15M-26OCT042130-30,0.9070,5.00,no
2026-10-05T01:28:40.896056Z,KXZEC15M-26OCT042130-30,0.9060,34.42,no
2026-10-05T01:28:40.900998Z,KXZEC15M-26OCT042130-30,0.9070,5.00,no
2026-10-05T01:28:40.900998Z,KXZEC15M-26OCT042130-30,0.9060,8.14,no
2026-10-05T01:28:40.901305Z,KXZEC15M-26OCT042130-30,0.9060,30.22,no
2026-10-05T01:28:40.909193Z,KXZEC15M-26OCT042130-30,0.9060,3.14,no
2026-10-05T01:28:40.909193Z,KXZEC15M-26OCT042130-30,0.9060,5.00,no
2026-10-05T01:28:40.909193Z,KXZEC15M-26OCT042130-30,0.9070,5.00,no
2026-10-05T01:28:40.909585Z,KXZEC15M-26OCT042130-30,0.9060,22.08,no
2026-10-05T01:28:40.918463Z,KXZEC15M-26OCT042130-30,0.9070,5.00,no
2026-10-05T01:28:40.918463Z,KXZEC15M-26OCT042130-30,0.9060,6.97,no
2026-10-05T01:28:40.963273Z,KXZEC15M-26OCT042130-30,0.9100,0.03,yes
2026-10-05T01:28:40.963273Z,KXZEC15M-26OCT042130-30,0.9090,104.00,yes
2026-10-05T01:28:40.963273Z,KXZEC15M-26OCT042130-30,0.9100,100.00,yes
2026-10-05T01:28:40.965012Z,KXZEC15M-26OCT042130-30,0.9070,5.00,no
2026-10-05T01:28:40.965012Z,KXZEC15M-26OCT042130-30,0.9060,47.30,no
2026-10-05T01:28:40.991693Z,KXZEC15M-26OCT042130-30,0.9070,5.00,no
2026-10-05T01:28:40.991693Z,KXZEC15M-26OCT042130-30,0.9060,45.04,no
2026-10-05T01:28:40.992195Z,KXZEC15M-26OCT042130-30,0.9060,31.11,no
2026-10-05T01:28:41.014247Z,KXZEC15M-26OCT042130-30,0.9080,100.00,yes
2026-10-05T01:28:41.014247Z,KXZEC15M-26OCT042130-30,0.9070,104.00,yes
2026-10-05T01:28:41.038841Z,KXZEC15M-26OCT042130-30,0.8700,3.21,no
2026-10-05T01:28:41.095824Z,KXZEC15M-26OCT042130-30,0.8900,100.00,no
2026-10-05T01:28:41.137653Z,KXZEC15M-26OCT042130-30,0.9030,0.55,yes
2026-10-05T01:28:41.203815Z,KXZEC15M-26OCT042130-30,0.8900,5.00,no
2026-10-05T01:28:41.203815Z,KXZEC15M-26OCT042130-30,0.8600,7.91,no
2026-10-05T01:28:41.203815Z,KXZEC15M-26OCT042130-30,0.8800,44.00,no
2026-10-05T01:28:41.216738Z,KXZEC15M-26OCT042130-30,0.9000,1.00,yes
2026-10-05T01:28:41.216738Z,KXZEC15M-26OCT042130-30,0.9000,0.41,yes
2026-10-05T01:28:41.472902Z,KXZEC15M-26OCT042130-30,0.8800,15.00,no
2026-10-05T01:28:41.472902Z,KXZEC15M-26OCT042130-30,0.8900,5.00,no
2026-10-05T01:28:41.508413Z,KXZEC15M-26OCT042130-30,0.9020,0.03,yes
2026-10-05T01:28:41.508413Z,KXZEC15M-26OCT042130-30,0.9030,0.03,yes
2026-10-05T01:28:41.508413Z,KXZEC15M-26OCT042130-30,0.9050,0.42,yes
2026-10-05T01:28:41.508413Z,KXZEC15M-26OCT042130-30,0.9000,1.00,yes
2026-10-05T01:28:41.89097Z,KXZEC15M-26OCT042130-30,0.9050,16.46,yes
2026-10-05T01:28:42.017399Z,KXZEC15M-26OCT042130-30,0.9050,27.44,yes
2026-10-05T01:28:42.043311Z,KXZEC15M-26OCT042130-30,0.9330,15.00,yes
2026-10-05T01:28:42.043311Z,KXZEC15M-26OCT042130-30,0.9100,2.58,yes
2026-10-05T01:28:42.043311Z,KXZEC15M-26OCT042130-30,0.9340,24.36,yes
2026-10-05T01:28:42.043311Z,KXZEC15M-26OCT042130-30,0.9050,0.03,yes
2026-10-05T01:28:42.043311Z,KXZEC15M-26OCT042130-30,0.9090,1.00,yes
2026-10-05T01:28:42.043311Z,KXZEC15M-26OCT042130-30,0.9100,0.03,yes
2026-10-05T01:28:42.14605Z,KXZEC15M-26OCT042130-30,0.9050,1.00,yes
2026-10-05T01:28:42.185705Z,KXZEC15M-26OCT042130-30,0.9480,3.53,no
2026-10-05T01:28:42.464157Z,KXZEC15M-26OCT042130-30,0.9480,48.47,no
2026-10-05T01:28:42.464157Z,KXZEC15M-26OCT042130-30,0.9480,2.37,no
2026-10-05T01:28:42.565314Z,KXZEC15M-26OCT042130-30,0.9660,18.00,yes
2026-10-05T01:28:42.565314Z,KXZEC15M-26OCT042130-30,0.9780,40.00,yes
2026-10-05T01:28:42.565314Z,KXZEC15M-26OCT042130-30,0.9680,66.00,yes
2026-10-05T01:28:42.565314Z,KXZEC15M-26OCT042130-30,0.9700,25.00,yes
2026-10-05T01:28:42.565314Z,KXZEC15M-26OCT042130-30,0.9490,0.03,yes
2026-10-05T01:28:42.565314Z,KXZEC15M-26OCT042130-30,0.9650,19.00,yes
2026-10-05T01:28:42.565314Z,KXZEC15M-26OCT042130-30,0.9500,0.03,yes
2026-10-05T01:28:42.565314Z,KXZEC15M-26OCT042130-30,0.9490,1.00,yes
2026-10-05T01:28:42.565314Z,KXZEC15M-26OCT042130-30,0.9640,9.00,yes
2026-10-05T01:28:42.565314Z,KXZEC15M-26OCT042130-30,0.9700,12.94,yes
2026-10-05T01:28:42.565314Z,KXZEC15M-26OCT042130-30,0.9660,2.00,yes
2026-10-05T01:28:42.565314Z,KXZEC15M-26OCT042130-30,0.9760,4.00,yes
2026-10-05T01:28:42.565314Z,KXZEC15M-26OCT042130-30,0.9560,1.00,yes
2026-10-05T01:28:42.565314Z,KXZEC15M-26OCT042130-30,0.9760,1.00,yes
2026-10-05T01:28:42.565314Z,KXZEC15M-26OCT042130-30,0.9690,1.00,yes
2026-10-05T01:28:42.565314Z,KXZEC15M-26OCT042130-30,0.9790,289.38,yes
2026-10-05T01:28:42.565314Z,KXZEC15M-26OCT042130-30,0.9500,1.00,yes
2026-10-05T01:28:42.565314Z,KXZEC15M-26OCT042130-30,0.9500,3.00,yes
2026-10-05T01:28:42.565314Z,KXZEC15M-26OCT042130-30,0.9700,6.66,yes
2026-10-05T01:28:42.565314Z,KXZEC15M-26OCT042130-30,0.9700,12.00,yes
2026-10-05T01:28:42.574104Z,KXZEC15M-26OCT042130-30,0.9630,10.32,yes
2026-10-05T01:28:42.580234Z,KXZEC15M-26OCT042130-30,0.9480,20.03,no
2026-10-05T01:28:42.58167Z,KXZEC15M-26OCT042130-30,0.9800,4.00,yes
2026-10-05T01:28:42.58167Z,KXZEC15M-26OCT042130-30,0.9790,1.00,yes
2026-10-05T01:28:42.615373Z,KXZEC15M-26OCT042130-30,0.9480,11.02,no
2026-10-05T01:28:42.619734Z,KXZEC15M-26OCT042130-30,0.9480,6.38,no
2026-10-05T01:28:42.724118Z,KXZEC15M-26OCT042130-30,0.9490,52.00,no
2026-10-05T01:28:42.724118Z,KXZEC15M-26OCT042130-30,0.9480,13.31,no
2026-10-05T01:28:42.787114Z,KXZEC15M-26OCT042130-30,0.9480,28.98,no
2026-10-05T01:28:42.891347Z,KXZEC15M-26OCT042130-30,0.9500,56.90,yes
2026-10-05T01:28:42.91485Z,KXZEC15M-26OCT042130-30,0.9500,5.00,yes
2026-10-05T01:28:42.941305Z,KXZEC15M-26OCT042130-30,0.9480,2.39,no
2026-10-05T01:28:42.995004Z,KXZEC15M-26OCT042130-30,0.9500,45.00,yes
2026-10-05T01:28:43.017632Z,KXZEC15M-26OCT042130-30,0.9490,50.00,no
2026-10-05T01:28:43.094151Z,KXZEC15M-26OCT042130-30,0.9500,42.17,yes
2026-10-05T01:28:43.094155Z,KXZEC15M-26OCT042130-30,0.9500,0.03,yes
2026-10-05T01:28:43.094155Z,KXZEC15M-26OCT042130-30,0.9500,1.00,yes
2026-10-05T01:28:43.094155Z,KXZEC15M-26OCT042130-30,0.9500,50.93,yes
2026-10-05T01:28:43.129138Z,KXZEC15M-26OCT042130-30,0.9490,2.00,no
2026-10-05T01:28:43.129138Z,KXZEC15M-26OCT042130-30,0.9490,6.00,no
2026-10-05T01:28:43.143695Z,KXZEC15M-26OCT042130-30,0.9780,23.45,yes
2026-10-05T01:28:43.152339Z,KXZEC15M-26OCT042130-30,0.9490,1.00,no
2026-10-05T01:28:43.213801Z,KXZEC15M-26OCT042130-30,0.9490,22.92,no
2026-10-05T01:28:43.213801Z,KXZEC15M-26OCT042130-30,0.9490,2.26,no
2026-10-05T01:28:43.329307Z,KXZEC15M-26OCT042130-30,0.9780,40.00,yes
2026-10-05T01:28:43.352073Z,KXZEC15M-26OCT042130-30,0.9750,8.00,no
2026-10-05T01:28:43.352073Z,KXZEC15M-26OCT042130-30,0.9750,4.00,no
2026-10-05T01:28:43.352073Z,KXZEC15M-26OCT042130-30,0.9750,5.66,no
2026-10-05T01:28:43.352073Z,KXZEC15M-26OCT042130-30,0.9750,9.34,no
2026-10-05T01:28:43.485894Z,KXZEC15M-26OCT042130-30,0.9630,27.03,no
2026-10-05T01:28:43.485894Z,KXZEC15M-26OCT042130-30,0.9750,20.00,no
2026-10-05T01:28:43.485894Z,KXZEC15M-26OCT042130-30,0.9640,26.00,no
2026-10-05T01:28:43.67884Z,KXZEC15M-26OCT042130-30,0.9640,25.00,no
2026-10-05T01:28:43.690894Z,KXZEC15M-26OCT042130-30,0.9640,1.00,no
2026-10-05T01:28:43.690894Z,KXZEC15M-26OCT042130-30,0.9640,4.48,no
2026-10-05T01:28:43.834668Z,KXZEC15M-26OCT042130-30,0.9640,19.00,no
2026-10-05T01:28:43.910789Z,KXZEC15M-26OCT042130-30,0.9640,21.55,no
2026-10-05T01:28:43.950015Z,KXZEC15M-26OCT042130-30,0.9640,18.12,no
2026-10-05T01:28:44.03999Z,KXZEC15M-26OCT042130-30,0.9640,1.29,no
2026-10-05T01:28:44.113002Z,KXZEC15M-26OCT042130-30,0.9640,9.59,no
2026-10-05T01:28:44.113002Z,KXZEC15M-26OCT042130-30,0.9640,2.04,no
2026-10-05T01:28:44.113002Z,KXZEC15M-26OCT042130-30,0.9640,16.40,no
2026-10-05T01:28:44.130349Z,KXZEC15M-26OCT042130-30,0.9770,0.03,yes
2026-10-05T01:28:44.130349Z,KXZEC15M-26OCT042130-30,0.9750,1.00,yes
2026-10-05T01:28:44.130349Z,KXZEC15M-26OCT042130-30,0.9780,38.97,yes
2026-10-05T01:28:44.418008Z,KXZEC15M-26OCT042130-30,0.9780,1.58,yes
2026-10-05T01:28:44.418008Z,KXZEC15M-26OCT042130-30,0.9780,2.39,yes
2026-10-05T01:28:44.418008Z,KXZEC15M-26OCT042130-30,0.9780,0.03,yes
2026-10-05T01:28:44.429176Z,KXZEC15M-26OCT042130-30,0.9780,20.00,yes
2026-10-05T01:28:44.481599Z,KXZEC15M-26OCT042130-30,0.9800,0.03,yes
2026-10-05T01:28:44.481599Z,KXZEC15M-26OCT042130-30,0.9860,2.97,yes
2026-10-05T01:28:44.481599Z,KXZEC15M-26OCT042130-30,0.9800,7.00,yes
2026-10-05T01:28:44.481599Z,KXZEC15M-26OCT042130-30,0.9800,10.00,yes
2026-10-05T01:28:44.551796Z,KXZEC15M-26OCT042130-30,0.9750,10.00,no
2026-10-05T01:28:44.551796Z,KXZEC15M-26OCT042130-30,0.9650,23.00,no
2026-10-05T01:28:44.551796Z,KXZEC15M-26OCT042130-30,0.9640,91.70,no
2026-10-05T01:28:45.069984Z,KXZEC15M-26OCT042130-30,0.9680,31.70,no
2026-10-05T01:28:45.318184Z,KXZEC15M-26OCT042130-30,0.9710,52.00,no
2026-10-05T01:28:45.318184Z,KXZEC15M-26OCT042130-30,0.9710,1.07,no
2026-10-05T01:28:45.477866Z,KXZEC15M-26OCT042130-30,0.9840,5.00,yes
2026-10-05T01:28:45.477866Z,KXZEC15M-26OCT042130-30,0.9840,18.00,yes
2026-10-05T01:28:45.477866Z,KXZEC15M-26OCT042130-30,0.9840,0.03,yes
2026-10-05T01:28:45.477866Z,KXZEC15M-26OCT042130-30,0.9840,1.00,yes
2026-10-05T01:28:45.477866Z,KXZEC15M-26OCT042130-30,0.9850,62.18,yes
2026-10-05T01:28:45.530608Z,KXZEC15M-26OCT042130-30,0.9720,31.48,no
2026-10-05T01:28:45.911923Z,KXZEC15M-26OCT042130-30,0.9770,0.67,no
2026-10-05T01:28:46.036855Z,KXZEC15M-26OCT042130-30,0.9770,49.33,no
2026-10-05T01:28:46.036855Z,KXZEC15M-26OCT042130-30,0.9770,0.67,no
2026-10-05T01:28:46.110162Z,KXZEC15M-26OCT042130-30,0.9770,47.61,no
2026-10-05T01:28:46.143916Z,KXZEC15M-26OCT042130-30,0.9760,52.00,no
2026-10-05T01:28:46.143916Z,KXZEC15M-26OCT042130-30,0.9770,3.72,no
2026-10-05T01:28:46.143916Z,KXZEC15M-26OCT042130-30,0.9770,100.00,no
2026-10-05T01:28:46.143916Z,KXZEC15M-26OCT042130-30,0.9770,19.79,no
2026-10-05T01:28:46.242252Z,KXZEC15M-26OCT042130-30,0.9700,20.00,no
2026-10-05T01:28:46.280169Z,KXZEC15M-26OCT042130-30,0.9700,32.00,no
2026-10-05T01:28:46.280169Z,KXZEC15M-26OCT042130-30,0.9690,4.88,no
2026-10-05T01:28:46.393354Z,KXZEC15M-26OCT042130-30,0.9790,4.06,no
2026-10-05T01:28:46.451803Z,KXZEC15M-26OCT042130-30,0.9790,2.00,no
2026-10-05T01:28:46.464485Z,KXZEC15M-26OCT042130-30,0.9810,28.45,yes
2026-10-05T01:28:46.47142Z,KXZEC15M-26OCT042130-30,0.9810,0.03,yes
2026-10-05T01:28:46.47142Z,KXZEC15M-26OCT042130-30,0.9810,75.55,yes
2026-10-05T01:28:46.47142Z,KXZEC15M-26OCT042130-30,0.9820,18.42,yes
2026-10-05T01:28:46.47142Z,KXZEC15M-26OCT042130-30,0.9810,5.00,yes
2026-10-05T01:28:46.47142Z,KXZEC15M-26OCT042130-30,0.9820,1.00,yes
2026-10-05T01:28:46.489545Z,KXZEC15M-26OCT042130-30,0.9790,2.34,no
2026-10-05T01:28:46.54869Z,KXZEC15M-26OCT042130-30,0.9820,18.42,yes
2026-10-05T01:28:46.54869Z,KXZEC15M-26OCT042130-30,0.9820,1.00,yes
2026-10-05T01:28:46.54869Z,KXZEC15M-26OCT042130-30,0.9850,70.94,yes
2026-10-05T01:28:46.54869Z,KXZEC15M-26OCT042130-30,0.9820,5.00,yes
2026-10-05T01:28:46.54869Z,KXZEC15M-26OCT042130-30,0.9820,0.03,yes
2026-10-05T01:28:46.54869Z,KXZEC15M-26OCT042130-30,0.9830,104.00,yes
2026-10-05T01:28:46.54869Z,KXZEC15M-26OCT042130-30,0.9820,0.58,yes
2026-10-05T01:28:46.54869Z,KXZEC15M-26OCT042130-30,0.9830,0.03,yes
2026-10-05T01:28:46.59792Z,KXZEC15M-26OCT042130-30,0.9860,18.00,yes
2026-10-05T01:28:46.59792Z,KXZEC15M-26OCT042130-30,0.9850,5.00,yes
2026-10-05T01:28:46.59792Z,KXZEC15M-26OCT042130-30,0.9870,71.94,yes
2026-10-05T01:28:46.59792Z,KXZEC15M-26OCT042130-30,0.9860,0.03,yes
2026-10-05T01:28:46.59792Z,KXZEC15M-26OCT042130-30,0.9860,5.03,yes
2026-10-05T01:28:46.609754Z,KXZEC15M-26OCT042130-30,0.9790,1.60,no
2026-10-05T01:28:46.609754Z,KXZEC15M-26OCT042130-30,0.9750,4.79,no
2026-10-05T01:28:46.755607Z,KXZEC15M-26OCT042130-30,0.9880,18.00,yes
2026-10-05T01:28:46.755607Z,KXZEC15M-26OCT042130-30,0.9880,5.00,yes
2026-10-05T01:28:46.755607Z,KXZEC15M-26OCT042130-30,0.9880,1.00,yes
2026-10-05T01:28:46.755607Z,KXZEC15M-26OCT042130-30,0.9890,0.03,yes
2026-10-05T01:28:46.755607Z,KXZEC15M-26OCT042130-30,0.9900,23.97,yes
2026-10-05T01:28:46.755607Z,KXZEC15M-26OCT042130-30,0.9890,1.00,yes
2026-10-05T01:28:46.755607Z,KXZEC15M-26OCT042130-30,0.9890,51.00,yes
2026-10-05T01:28:46.878635Z,KXZEC15M-26OCT042130-30,0.9900,5.76,yes
2026-10-05T01:28:46.950296Z,KXZEC15M-26OCT042130-30,0.9810,8.00,no
2026-10-05T01:28:46.950296Z,KXZEC15M-26OCT042130-30,0.9820,52.00,no
2026-10-05T01:28:46.95884Z,KXZEC15M-26OCT042130-30,0.9810,21.47,no
2026-10-05T01:28:46.95884Z,KXZEC15M-26OCT042130-30,0.9810,15.97,no
2026-10-05T01:28:47.062432Z,KXZEC15M-26OCT042130-30,0.9810,5.76,no
2026-10-05T01:28:47.062432Z,KXZEC15M-26OCT042130-30,0.9790,52.00,no
2026-10-05T01:28:47.062432Z,KXZEC15M-26OCT042130-30,0.9810,30.53,no
2026-10-05T01:28:47.476719Z,KXZEC15M-26OCT042130-30,0.9750,0.03,yes
2026-10-05T01:28:47.476719Z,KXZEC15M-26OCT042130-30,0.9740,1.00,yes
2026-10-05T01:28:47.476719Z,KXZEC15M-26OCT042130-30,0.9750,11.71,yes
2026-10-05T01:28:47.525036Z,KXZEC15M-26OCT042130-30,0.9720,9.35,no
2026-10-05T01:28:47.525036Z,KXZEC15M-26OCT042130-30,0.9840,7.26,no
2026-10-05T01:28:47.728383Z,KXZEC15M-26OCT042130-30,0.9730,50.00,no
2026-10-05T01:28:48.024096Z,KXZEC15M-26OCT042130-30,0.9730,2.00,no
2026-10-05T01:28:48.024096Z,KXZEC15M-26OCT042130-30,0.9730,34.00,no
2026-10-05T01:28:48.024096Z,KXZEC15M-26OCT042130-30,0.9730,9.60,no
2026-10-05T01:28:48.120642Z,KXZEC15M-26OCT042130-30,0.9860,1.00,yes
2026-10-05T01:28:48.120642Z,KXZEC15M-26OCT042130-30,0.9870,72.16,yes
2026-10-05T01:28:48.120642Z,KXZEC15M-26OCT042130-30,0.9860,18.00,yes
2026-10-05T01:28:48.120642Z,KXZEC15M-26OCT042130-30,0.9860,5.00,yes
2026-10-05T01:28:48.138521Z,KXZEC15M-26OCT042130-30,0.9730,28.95,no
2026-10-05T01:28:48.138521Z,KXZEC15M-26OCT042130-30,0.9730,40.40,no
2026-10-05T01:28:48.324432Z,KXZEC15M-26OCT042130-30,0.9720,39.88,no
2026-10-05T01:28:48.561358Z,KXZEC15M-26OCT042130-30,0.9790,14.91,yes
2026-10-05T01:28:48.637259Z,KXZEC15M-26OCT042130-30,0.9790,24.82,yes
2026-10-05T01:28:48.790997Z,KXZEC15M-26OCT042130-30,0.9720,21.31,no
2026-10-05T01:28:48.790997Z,KXZEC15M-26OCT042130-30,0.9720,12.12,no
2026-10-05T01:28:49.200096Z,KXZEC15M-26OCT042130-30,0.9740,24.00,no
2026-10-05T01:28:49.424823Z,KXZEC15M-26OCT042130-30,0.9720,19.41,no
2026-10-05T01:28:49.643424Z,KXZEC15M-26OCT042130-30,0.9730,1.81,yes
2026-10-05T01:28:49.744411Z,KXZEC15M-26OCT042130-30,0.9720,3.00,no
2026-10-05T01:28:49.744411Z,KXZEC15M-26OCT042130-30,0.9720,10.33,no
2026-10-05T01:28:49.744411Z,KXZEC15M-26OCT042130-30,0.9720,19.59,no
2026-10-05T01:28:49.871738Z,KXZEC15M-26OCT042130-30,0.9720,21.67,no
2026-10-05T01:28:50.322664Z,KXZEC15M-26OCT042130-30,0.9700,7.66,no
2026-10-05T01:28:50.350809Z,KXZEC15M-26OCT042130-30,0.9700,4.99,no
2026-10-05T01:28:51.034896Z,KXZEC15M-26OCT042130-30,0.9700,31.21,no
2026-10-05T01:28:51.115141Z,KXZEC15M-26OCT042130-30,0.9690,12.44,no
2026-10-05T01:28:51.115141Z,KXZEC15M-26OCT042130-30,0.9700,8.14,no
2026-10-05T01:28:51.115141Z,KXZEC15M-26OCT042130-30,0.9690,10.00,no
2026-10-05T01:28:51.269384Z,KXZEC15M-26OCT042130-30,0.9700,52.00,no
2026-10-05T01:28:51.269384Z,KXZEC15M-26OCT042130-30,0.9690,15.37,no
2026-10-05T01:28:51.426455Z,KXZEC15M-26OCT042130-30,0.9700,52.00,no
2026-10-05T01:28:51.426455Z,KXZEC15M-26OCT042130-30,0.9690,24.00,no
2026-10-05T01:28:51.426455Z,KXZEC15M-26OCT042130-30,0.9680,19.42,no
2026-10-05T01:28:51.426455Z,KXZEC15M-26OCT042130-30,0.9680,3.00,no
2026-10-05T01:28:51.434158Z,KXZEC15M-26OCT042130-30,0.9700,9.67,no
2026-10-05T01:28:51.536476Z,KXZEC15M-26OCT042130-30,0.9700,9.94,no
2026-10-05T01:28:52.064111Z,KXZEC15M-26OCT042130-30,0.9670,30.00,no
2026-10-05T01:28:52.064111Z,KXZEC15M-26OCT042130-30,0.9660,33.10,no
2026-10-05T01:28:52.064111Z,KXZEC15M-26OCT042130-30,0.9670,52.00,no
2026-10-05T01:28:52.115133Z,KXZEC15M-26OCT042130-30,0.9710,0.02,yes
2026-10-05T01:28:52.115133Z,KXZEC15M-26OCT042130-30,0.9710,1.00,yes
2026-10-05T01:28:52.407471Z,KXZEC15M-26OCT042130-30,0.9710,0.40,yes
2026-10-05T01:28:52.407471Z,KXZEC15M-26OCT042130-30,0.9710,0.01,yes
2026-10-05T01:28:52.407686Z,KXZEC15M-26OCT042130-30,0.9710,0.60,yes
2026-10-05T01:28:52.407686Z,KXZEC15M-26OCT042130-30,0.9720,5.35,yes
2026-10-05T01:28:52.553353Z,KXZEC15M-26OCT042130-30,0.9690,52.00,no
2026-10-05T01:28:52.553353Z,KXZEC15M-26OCT042130-30,0.9690,24.00,no
2026-10-05T01:28:52.712419Z,KXZEC15M-26OCT042130-30,0.9680,72.62,no
2026-10-05T01:28:52.905648Z,KXZEC15M-26OCT042130-30,0.9710,1.00,yes
2026-10-05T01:28:52.905648Z,KXZEC15M-26OCT042130-30,0.9710,0.03,yes
2026-10-05T01:28:52.905648Z,KXZEC15M-26OCT042130-30,0.9720,0.03,yes
2026-10-05T01:28:52.905648Z,KXZEC15M-26OCT042130-30,0.9720,13.65,yes
2026-10-05T01:28:52.905648Z,KXZEC15M-26OCT042130-30,0.9730,2.19,yes
2026-10-05T01:28:52.905648Z,KXZEC15M-26OCT042130-30,0.9730,42.10,yes
2026-10-05T01:28:53.079252Z,KXZEC15M-26OCT042130-30,0.9680,0.25,no
2026-10-05T01:28:53.494122Z,KXZEC15M-26OCT042130-30,0.9730,0.96,yes
2026-10-05T01:28:53.494122Z,KXZEC15M-26OCT042130-30,0.9730,0.03,yes
2026-10-05T01:28:53.494122Z,KXZEC15M-26OCT042130-30,0.9730,0.01,yes
2026-10-05T01:28:53.536412Z,KXZEC15M-26OCT042130-30,0.9760,0.98,yes
2026-10-05T01:28:53.536412Z,KXZEC15M-26OCT042130-30,0.9760,5.00,yes
2026-10-05T01:28:53.536412Z,KXZEC15M-26OCT042130-30,0.9730,0.99,yes
2026-10-05T01:28:53.605175Z,KXZEC15M-26OCT042130-30,0.9680,3.00,no
2026-10-05T01:28:53.605175Z,KXZEC15M-26OCT042130-30,0.9680,32.75,no
2026-10-05T01:28:53.648258Z,KXZEC15M-26OCT042130-30,0.9730,1.00,yes
2026-10-05T01:28:53.648258Z,KXZEC15M-26OCT042130-30,0.9760,0.03,yes
2026-10-05T01:28:53.648258Z,KXZEC15M-26OCT042130-30,0.9730,0.03,yes
2026-10-05T01:28:53.752607Z,KXZEC15M-26OCT042130-30,0.9780,1.00,yes
2026-10-05T01:28:53.752607Z,KXZEC15M-26OCT042130-30,0.9790,60.27,yes
2026-10-05T01:28:53.752607Z,KXZEC15M-26OCT042130-30,0.9790,0.03,yes
2026-10-05T01:28:53.752607Z,KXZEC15M-26OCT042130-30,0.9780,0.03,yes
2026-10-05T01:28:53.752607Z,KXZEC15M-26OCT042130-30,0.9770,0.03,yes
2026-10-05T01:28:53.752607Z,KXZEC15M-26OCT042130-30,0.9780,19.00,yes
2026-10-05T01:28:53.752607Z,KXZEC15M-26OCT042130-30,0.9850,5.00,yes
2026-10-05T01:28:53.752607Z,KXZEC15M-26OCT042130-30,0.9860,100.00,yes
2026-10-05T01:28:53.752607Z,KXZEC15M-26OCT042130-30,0.9900,17.48,yes
2026-10-05T01:28:53.752607Z,KXZEC15M-26OCT042130-30,0.9900,47.27,yes
2026-10-05T01:28:54.10679Z,KXZEC15M-26OCT042130-30,0.9600,1.00,no
2026-10-05T01:28:54.10679Z,KXZEC15M-26OCT042130-30,0.9500,1.00,no
2026-10-05T01:28:54.10679Z,KXZEC15M-26OCT042130-30,0.9750,31.00,no
2026-10-05T01:28:54.10679Z,KXZEC15M-26OCT042130-30,0.9590,8.60,no
2026-10-05T01:28:54.10679Z,KXZEC15M-26OCT042130-30,0.9590,25.00,no
2026-10-05T01:28:54.10679Z,KXZEC15M-26OCT042130-30,0.9680,17.48,no
2026-10-05T01:28:54.10679Z,KXZEC15M-26OCT042130-30,0.9680,0.03,no
2026-10-05T01:28:54.10679Z,KXZEC15M-26OCT042130-30,0.9740,100.00,no
2026-10-05T01:28:54.10679Z,KXZEC15M-26OCT042130-30,0.9810,47.27,no
2026-10-05T01:28:54.10679Z,KXZEC15M-26OCT042130-30,0.9590,8.60,no
2026-10-05T01:28:54.10679Z,KXZEC15M-26OCT042130-30,0.9620,8.58,no
2026-10-05T01:28:54.10679Z,KXZEC15M-26OCT042130-30,0.9420,20.43,no
2026-10-05T01:28:54.622243Z,KXZEC15M-26OCT042130-30,0.9760,28.73,no
2026-10-05T01:28:55.45562Z,KXZEC15M-26OCT042130-30,0.9760,52.00,no
2026-10-05T01:28:55.45562Z,KXZEC15M-26OCT042130-30,0.9730,3.00,no
2026-10-05T01:28:55.482492Z,KXZEC15M-26OCT042130-30,0.9890,1.00,yes
2026-10-05T01:28:55.482492Z,KXZEC15M-26OCT042130-30,0.9890,50.52,yes
2026-10-05T01:28:56.36558Z,KXZEC15M-26OCT042130-30,0.9740,73.09,no
2026-10-05T01:28:56.36558Z,KXZEC15M-26OCT042130-30,0.9750,52.00,no
2026-10-05T01:28:56.602784Z,KXZEC15M-26OCT042130-30,0.9730,34.67,no
2026-10-05T01:28:56.875247Z,KXZEC15M-26OCT042130-30,0.9730,14.33,no
2026-10-05T01:28:56.875247Z,KXZEC15M-26OCT042130-30,0.9730,18.79,no
2026-10-05T01:28:57.455556Z,KXZEC15M-26OCT042130-30,0.9800,1.39,no
2026-10-05T01:28:57.455556Z,KXZEC15M-26OCT042130-30,0.9740,25.76,no
2026-10-05T01:28:57.455556Z,KXZEC15M-26OCT042130-30,0.9800,3.00,no
2026-10-05T01:28:57.712687Z,KXZEC15M-26OCT042130-30,0.9720,24.00,no
2026-10-05T01:28:57.712687Z,KXZEC15M-26OCT042130-30,0.9710,43.13,no
2026-10-05T01:28:57.712687Z,KXZEC15M-26OCT042130-30,0.9730,33.00,no
2026-10-05T01:28:57.712687Z,KXZEC15M-26OCT042130-30,0.9730,18.21,no
2026-10-05T01:28:58.07349Z,KXZEC15M-26OCT042130-30,0.9870,5.00,yes
2026-10-05T01:28:58.07349Z,KXZEC15M-26OCT042130-30,0.9880,18.00,yes
2026-10-05T01:28:58.07349Z,KXZEC15M-26OCT042130-30,0.9890,53.48,yes
2026-10-05T01:28:58.07349Z,KXZEC15M-26OCT042130-30,0.9890,0.03,yes
2026-10-05T01:28:58.07349Z,KXZEC15M-26OCT042130-30,0.9870,0.03,yes
2026-10-05T01:28:58.07349Z,KXZEC15M-26OCT042130-30,0.9880,1.00,yes
2026-10-05T01:28:58.07349Z,KXZEC15M-26OCT042130-30,0.9870,104.00,yes
2026-10-05T01:28:58.07349Z,KXZEC15M-26OCT042130-30,0.9880,0.03,yes
2026-10-05T01:28:58.10716Z,KXZEC15M-26OCT042130-30,0.9680,5.00,no
2026-10-05T01:28:58.10716Z,KXZEC15M-26OCT042130-30,0.9680,8.52,no
2026-10-05T01:28:58.10716Z,KXZEC15M-26OCT042130-30,0.9670,0.19,no
2026-10-05T01:28:58.91371Z,KXZEC15M-26OCT042130-30,0.9890,15.15,yes
2026-10-05T01:28:58.947819Z,KXZEC15M-26OCT042130-30,0.9880,9.36,no
2026-10-05T01:28:59.061292Z,KXZEC15M-26OCT042130-30,0.9890,88.85,yes
2026-10-05T01:28:59.061292Z,KXZEC15M-26OCT042130-30,0.9890,16.00,yes
2026-10-05T01:28:59.061292Z,KXZEC15M-26OCT042130-30,0.9890,5.00,yes
2026-10-05T01:28:59.061292Z,KXZEC15M-26OCT042130-30,0.9890,0.03,yes
2026-10-05T01:28:59.415512Z,KXZEC15M-26OCT042130-30,0.9900,25.00,yes
2026-10-05T01:28:59.415512Z,KXZEC15M-26OCT042130-30,0.9900,25.00,yes
2026-10-05T01:28:59.477136Z,KXZEC15M-26OCT042130-30,0.9820,25.00,no
2026-10-05T01:28:59.719921Z,KXZEC15M-26OCT042130-30,0.9800,10.06,no
2026-10-05T01:29:00.11381Z,KXZEC15M-26OCT042130-30,0.9900,31.44,yes
2026-10-05T01:29:00.11381Z,KXZEC15M-26OCT042130-30,0.9900,1.27,yes
2026-10-05T01:29:00.11381Z,KXZEC15M-26OCT042130-30,0.9900,100.00,yes
2026-10-05T01:29:00.11381Z,KXZEC15M-26OCT042130-30,0.9900,60.85,yes
2026-10-05T01:29:00.11381Z,KXZEC15M-26OCT042130-30,0.9900,20.00,yes
2026-10-05T01:29:00.11381Z,KXZEC15M-26OCT042130-30,0.9900,104.00,yes
2026-10-05T01:29:00.11381Z,KXZEC15M-26OCT042130-30,0.9920,104.00,yes
2026-10-05T01:29:00.11381Z,KXZEC15M-26OCT042130-30,0.9910,5.00,yes
2026-10-05T01:29:00.11381Z,KXZEC15M-26OCT042130-30,0.9900,16.74,yes
2026-10-05T01:29:00.140317Z,KXZEC15M-26OCT042130-30,0.9900,22.00,yes
2026-10-05T01:29:00.140317Z,KXZEC15M-26OCT042130-30,0.9900,0.03,yes
2026-10-05T01:29:00.510445Z,KXZEC15M-26OCT042130-30,0.9910,0.03,yes
2026-10-05T01:29:00.510445Z,KXZEC15M-26OCT042130-30,0.9920,0.03,yes
2026-10-05T01:29:00.510445Z,KXZEC15M-26OCT042130-30,0.9920,104.00,yes
2026-10-05T01:29:00.510445Z,KXZEC15M-26OCT042130-30,0.9910,104.00,yes
2026-10-05T01:29:00.510445Z,KXZEC15M-26OCT042130-30,0.9940,8.09,yes
2026-10-05T01:29:00.67778Z,KXZEC15M-26OCT042130-30,0.9930,7.00,no
2026-10-05T01:29:01.043855Z,KXZEC15M-26OCT042130-30,0.9940,91.91,yes
2026-10-05T01:29:01.0496Z,KXZEC15M-26OCT042130-30,0.9900,2.06,no
2026-10-05T01:29:01.0496Z,KXZEC15M-26OCT042130-30,0.9810,6.49,no
2026-10-05T01:29:01.148797Z,KXZEC15M-26OCT042130-30,0.9910,20.51,no
2026-10-05T01:29:01.203184Z,KXZEC15M-26OCT042130-30,0.9910,14.91,no
2026-10-05T01:29:01.256559Z,KXZEC15M-26OCT042130-30,0.9900,52.00,no
2026-10-05T01:29:01.256559Z,KXZEC15M-26OCT042130-30,0.9890,10.09,no
2026-10-05T01:29:01.256559Z,KXZEC15M-26OCT042130-30,0.9910,35.00,no
2026-10-05T01:29:01.256559Z,KXZEC15M-26OCT042130-30,0.9910,16.58,no
2026-10-05T01:29:01.256559Z,KXZEC15M-26OCT042130-30,0.9810,8.15,no
2026-10-05T01:29:01.274015Z,KXZEC15M-26OCT042130-30,0.9810,52.00,no
2026-10-05T01:29:01.274015Z,KXZEC15M-26OCT042130-30,0.9810,14.00,no
2026-10-05T01:29:01.274015Z,KXZEC15M-26OCT042130-30,0.9820,52.00,no
2026-10-05T01:29:01.274015Z,KXZEC15M-26OCT042130-30,0.9820,32.00,no
2026-10-05T01:29:01.41077Z,KXZEC15M-26OCT042130-30,0.9960,2.51,yes
2026-10-05T01:29:01.41077Z,KXZEC15M-26OCT042130-30,0.9950,104.00,yes
2026-10-05T01:29:01.41077Z,KXZEC15M-26OCT042130-30,0.9950,0.03,yes
2026-10-05T01:29:01.41077Z,KXZEC15M-26OCT042130-30,0.9950,14.00,yes
2026-10-05T01:29:01.41077Z,KXZEC15M-26OCT042130-30,0.9950,1.00,yes
2026-10-05T01:29:01.41077Z,KXZEC15M-26OCT042130-30,0.9960,1.00,yes
2026-10-05T01:29:01.41077Z,KXZEC15M-26OCT042130-30,0.9960,1.00,yes
2026-10-05T01:29:01.41077Z,KXZEC15M-26OCT042130-30,0.9960,1.00,yes
2026-10-05T01:29:01.41077Z,KXZEC15M-26OCT042130-30,0.9960,13.00,yes
2026-10-05T01:29:01.41077Z,KXZEC15M-26OCT042130-30,0.9950,11.00,yes
2026-10-05T01:29:01.41077Z,KXZEC15M-26OCT042130-30,0.9960,1.00,yes
2026-10-05T01:29:01.41077Z,KXZEC15M-26OCT042130-30,0.9960,1.00,yes
2026-10-05T01:29:01.929907Z,KXZEC15M-26OCT042130-30,0.9950,8.00,no
2026-10-05T01:29:02.201887Z,KXZEC15M-26OCT042130-30,0.9960,25.00,yes
2026-10-05T01:29:02.318673Z,KXZEC15M-26OCT042130-30,0.9960,1.00,yes
2026-10-05T01:29:02.610782Z,KXZEC15M-26OCT042130-30,0.9960,35.00,yes
2026-10-05T01:29:02.633546Z,KXZEC15M-26OCT042130-30,0.9840,7.07,no
2026-10-05T01:29:02.633546Z,KXZEC15M-26OCT042130-30,0.9900,0.69,no
2026-10-05T01:29:02.633546Z,KXZEC15M-26OCT042130-30,0.9900,0.01,no
2026-10-05T01:29:02.633546Z,KXZEC15M-26OCT042130-30,0.9860,52.00,no
2026-10-05T01:29:02.807967Z,KXZEC15M-26OCT042130-30,0.9900,1.75,no
2026-10-05T01:29:03.645376Z,KXZEC15M-26OCT042130-30,0.9900,3.13,no
2026-10-05T01:29:03.645376Z,KXZEC15M-26OCT042130-30,0.9950,100.00,no
2026-10-05T01:29:03.827157Z,KXZEC15M-26OCT042130-30,0.9960,1.00,yes
2026-10-05T01:29:04.19955Z,KXZEC15M-26OCT042130-30,0.9870,2.26,no
2026-10-05T01:29:04.19955Z,KXZEC15M-26OCT042130-30,0.9900,4.88,no
2026-10-05T01:29:04.212364Z,KXZEC15M-26OCT042130-30,0.9960,5.00,yes
2026-10-05T01:29:05.308579Z,KXZEC15M-26OCT042130-30,0.9950,41.64,no
2026-10-05T01:29:05.455102Z,KXZEC15M-26OCT042130-30,0.9960,0.23,yes
2026-10-05T01:29:05.633763Z,KXZEC15M-26OCT042130-30,0.9870,45.00,no
2026-10-05T01:29:05.777573Z,KXZEC15M-26OCT042130-30,0.9960,13.44,yes
2026-10-05T01:29:06.56752Z,KXZEC15M-26OCT042130-30,0.9960,15.71,yes
2026-10-05T01:29:06.887944Z,KXZEC15M-26OCT042130-30,0.9950,10.32,no
2026-10-05T01:29:07.22218Z,KXZEC15M-26OCT042130-30,0.9960,0.86,yes
2026-10-05T01:29:07.22218Z,KXZEC15M-26OCT042130-30,0.9960,0.03,yes
2026-10-05T01:29:07.22218Z,KXZEC15M-26OCT042130-30,0.9960,5.11,yes
2026-10-05T01:29:07.601388Z,KXZEC15M-26OCT042130-30,0.9870,52.00,no
2026-10-05T01:29:07.601388Z,KXZEC15M-26OCT042130-30,0.9850,52.00,no
2026-10-05T01:29:07.601388Z,KXZEC15M-26OCT042130-30,0.9870,3.00,no
2026-10-05T01:29:07.601388Z,KXZEC15M-26OCT042130-30,0.9810,16.25,no
2026-10-05T01:29:07.601388Z,KXZEC15M-26OCT042130-30,0.9820,3.00,no
2026-10-05T01:29:07.760848Z,KXZEC15M-26OCT042130-30,0.9870,0.01,no
2026-10-05T01:29:08.060798Z,KXZEC15M-26OCT042130-30,0.9950,69.34,no
2026-10-05T01:29:08.291004Z,KXZEC15M-26OCT042130-30,0.9960,22.08,yes
2026-10-05T01:29:08.405289Z,KXZEC15M-26OCT042130-30,0.9810,52.00,no
2026-10-05T01:29:08.405289Z,KXZEC15M-26OCT042130-30,0.9800,19.00,no
2026-10-05T01:29:08.405289Z,KXZEC15M-26OCT042130-30,0.9810,9.00,no
2026-10-05T01:29:08.405289Z,KXZEC15M-26OCT042130-30,0.9800,20.00,no
2026-10-05T01:29:08.742443Z,KXZEC15M-26OCT042130-30,0.9800,3.76,no
2026-10-05T01:29:09.042586Z,KXZEC15M-26OCT042130-30,0.9800,2.33,no
2026-10-05T01:29:09.140635Z,KXZEC15M-26OCT042130-30,0.9950,100.00,no
2026-10-05T01:29:09.31082Z,KXZEC15M-26OCT042130-30,0.9810,46.79,no
2026-10-05T01:29:10.080065Z,KXZEC15M-26OCT042130-30,0.9940,104.00,yes
2026-10-05T01:29:10.080065Z,KXZEC15M-26OCT042130-30,0.9940,0.03,yes
2026-10-05T01:29:10.509693Z,KXZEC15M-26OCT042130-30,0.9930,95.72,no
2026-10-05T01:29:11.252683Z,KXZEC15M-26OCT042130-30,0.9810,3.00,no
2026-10-05T01:29:11.252683Z,KXZEC15M-26OCT042130-30,0.9810,3.00,no
2026-10-05T01:29:11.252683Z,KXZEC15M-26OCT042130-30,0.9800,52.00,no
2026-10-05T01:29:11.252683Z,KXZEC15M-26OCT042130-30,0.9810,52.00,no
2026-10-05T01:29:11.252683Z,KXZEC15M-26OCT042130-30,0.9610,1.00,no
2026-10-05T01:29:11.252683Z,KXZEC15M-26OCT042130-30,0.9690,60.00,no
2026-10-05T01:29:11.252683Z,KXZEC15M-26OCT042130-30,0.9800,20.00,no
2026-10-05T01:29:11.252683Z,KXZEC15M-26OCT042130-30,0.9590,40.42,no
2026-10-05T01:29:11.252683Z,KXZEC15M-26OCT042130-30,0.9790,75.00,no
2026-10-05T01:29:11.252683Z,KXZEC15M-26OCT042130-30,0.9660,3.00,no
2026-10-05T01:29:12.605091Z,KXZEC15M-26OCT042130-30,0.9960,6.10,yes
2026-10-05T01:29:12.605091Z,KXZEC15M-26OCT042130-30,0.9950,5.00,yes
2026-10-05T01:29:12.605091Z,KXZEC15M-26OCT042130-30,0.9940,104.00,yes
2026-10-05T01:29:13.138926Z,KXZEC15M-26OCT042130-30,0.9950,3.04,yes
2026-10-05T01:29:15.10332Z,KXZEC15M-26OCT042130-30,0.9940,0.75,no
2026-10-05T01:29:15.452942Z,KXZEC15M-26OCT042130-30,0.9960,1.00,yes
2026-10-05T01:29:15.957352Z,KXZEC15M-26OCT042130-30,0.9960,10.08,yes
2026-10-05T01:29:15.957352Z,KXZEC15M-26OCT042130-30,0.9960,0.96,yes
2026-10-05T01:29:16.314158Z,KXZEC15M-26OCT042130-30,0.9960,9.92,yes
2026-10-05T01:29:16.314158Z,KXZEC15M-26OCT042130-30,0.9960,4.13,yes
2026-10-05T01:29:16.314158Z,KXZEC15M-26OCT042130-30,0.9960,3.00,yes
2026-10-05T01:29:16.444293Z,KXZEC15M-26OCT042130-30,0.9960,25.09,yes
2026-10-05T01:29:16.727255Z,KXZEC15M-26OCT042130-30,0.9950,6.54,no
2026-10-05T01:29:16.727255Z,KXZEC15M-26OCT042130-30,0.9950,1.00,no
2026-10-05T01:29:17.0489Z,KXZEC15M-26OCT042130-30,0.9960,3.92,yes
2026-10-05T01:29:17.0489Z,KXZEC15M-26OCT042130-30,0.9960,10.08,yes
2026-10-05T01:29:17.671173Z,KXZEC15M-26OCT042130-30,0.9950,0.01,no
2026-10-05T01:29:17.671173Z,KXZEC15M-26OCT042130-30,0.9950,3.46,no
2026-10-05T01:29:17.671173Z,KXZEC15M-26OCT042130-30,0.9950,1.00,no
2026-10-05T01:29:17.671173Z,KXZEC15M-26OCT042130-30,0.9940,100.00,no
2026-10-05T01:29:17.671173Z,KXZEC15M-26OCT042130-30,0.9940,52.00,no
2026-10-05T01:29:17.671173Z,KXZEC15M-26OCT042130-30,0.9940,3.00,no
2026-10-05T01:29:18.116571Z,KXZEC15M-26OCT042130-30,0.9970,1.08,yes
2026-10-05T01:29:18.116571Z,KXZEC15M-26OCT042130-30,0.9970,5.00,yes
2026-10-05T01:29:18.116571Z,KXZEC15M-26OCT042130-30,0.9940,340.53,yes
2026-10-05T01:29:18.116571Z,KXZEC15M-26OCT042130-30,0.9980,129.39,yes
2026-10-05T01:29:18.116571Z,KXZEC15M-26OCT042130-30,0.9970,18.00,yes
2026-10-05T01:29:18.116571Z,KXZEC15M-26OCT042130-30,0.9970,2.00,yes
2026-10-05T01:29:18.116571Z,KXZEC15M-26OCT042130-30,0.9970,2.00,yes
2026-10-05T01:29:18.116571Z,KXZEC15M-26OCT042130-30,0.9970,2.00,yes
2026-10-05T01:29:18.116571Z,KXZEC15M-26OCT042130-30,0.9970,2.00,yes
2026-10-05T01:29:18.116571Z,KXZEC15M-26OCT042130-30,0.9970,2.00,yes
2026-10-05T01:29:18.132777Z,KXZEC15M-26OCT042130-30,0.9960,104.00,yes
2026-10-05T01:29:18.132777Z,KXZEC15M-26OCT042130-30,0.9970,94.00,yes
2026-10-05T01:29:18.132777Z,KXZEC15M-26OCT042130-30,0.9960,20.00,yes
2026-10-05T01:29:18.429782Z,KXZEC15M-26OCT042130-30,0.9960,64.00,no
2026-10-05T01:29:18.429782Z,KXZEC15M-26OCT042130-30,0.9960,52.00,no
2026-10-05T01:29:18.429782Z,KXZEC15M-26OCT042130-30,0.9950,52.00,no
2026-10-05T01:29:18.429782Z,KXZEC15M-26OCT042130-30,0.9950,754.00,no
2026-10-05T01:29:18.429782Z,KXZEC15M-26OCT042130-30,0.9950,326.00,no
2026-10-05T01:29:18.429782Z,KXZEC15M-26OCT042130-30,0.9960,3.00,no
2026-10-05T01:29:18.742916Z,KXZEC15M-26OCT042130-30,0.9950,52.00,no
2026-10-05T01:29:18.799542Z,KXZEC15M-26OCT042130-30,0.9980,4.14,yes
2026-10-05T01:29:19.288806Z,KXZEC15M-26OCT042130-30,0.9930,100.00,no
2026-10-05T01:29:19.288806Z,KXZEC15M-26OCT042130-30,0.9940,13.00,no
2026-10-05T01:29:19.288806Z,KXZEC15M-26OCT042130-30,0.9940,52.00,no
2026-10-05T01:29:19.288806Z,KXZEC15M-26OCT042130-30,0.9930,111.63,no
2026-10-05T01:29:20.617991Z,KXZEC15M-26OCT042130-30,0.9920,6.97,no
2026-10-05T01:29:21.499694Z,KXZEC15M-26OCT042130-30,0.9920,50.00,no
2026-10-05T01:29:21.499694Z,KXZEC15M-26OCT042130-30,0.9920,40.00,no
2026-10-05T01:29:21.499694Z,KXZEC15M-26OCT042130-30,0.9930,1.00,no
2026-10-05T01:29:21.499694Z,KXZEC15M-26OCT042130-30,0.9920,45.03,no
2026-10-05T01:29:21.499694Z,KXZEC15M-26OCT042130-30,0.9930,21.90,no
2026-10-05T01:29:21.598417Z,KXZEC15M-26OCT042130-30,0.9940,0.03,yes
2026-10-05T01:29:21.598417Z,KXZEC15M-26OCT042130-30,0.9940,1.00,yes
2026-10-05T01:29:21.598417Z,KXZEC15M-26OCT042130-30,0.9940,2.97,yes
2026-10-05T01:29:21.713473Z,KXZEC15M-26OCT042130-30,0.9940,0.97,yes
2026-10-05T01:29:21.713473Z,KXZEC15M-26OCT042130-30,0.9940,5.00,yes
2026-10-05T01:29:21.713473Z,KXZEC15M-26OCT042130-30,0.9940,15.03,yes
2026-10-05T01:29:21.789125Z,KXZEC15M-26OCT042130-30,0.9940,5.00,yes
2026-10-05T01:29:21.789125Z,KXZEC15M-26OCT042130-30,0.9940,6.71,yes
2026-10-05T01:29:21.815039Z,KXZEC15M-26OCT042130-30,0.9940,0.97,yes
2026-10-05T01:29:21.815039Z,KXZEC15M-26OCT042130-30,0.9940,0.03,yes
2026-10-05T01:29:22.669824Z,KXZEC15M-26OCT042130-30,0.9950,104.00,yes
2026-10-05T01:29:22.669824Z,KXZEC15M-26OCT042130-30,0.9950,20.00,yes
2026-10-05T01:29:23.015272Z,KXZEC15M-26OCT042130-30,0.9970,5.00,yes
2026-10-05T01:29:23.015272Z,KXZEC15M-26OCT042130-30,0.9970,5.00,yes
2026-10-05T01:29:23.126259Z,KXZEC15M-26OCT042130-30,0.9980,19.24,yes
2026-10-05T01:29:23.138655Z,KXZEC15M-26OCT042130-30,0.9980,3.00,yes
2026-10-05T01:29:23.138655Z,KXZEC15M-26OCT042130-30,0.9980,3.00,yes
2026-10-05T01:29:23.138655Z,KXZEC15M-26OCT042130-30,0.9980,3.00,yes
2026-10-05T01:29:23.138655Z,KXZEC15M-26OCT042130-30,0.9980,3.00,yes
2026-10-05T01:29:23.138655Z,KXZEC15M-26OCT042130-30,0.9980,3.00,yes
2026-10-05T01:29:23.138655Z,KXZEC15M-26OCT042130-30,0.9980,26.00,yes
2026-10-05T01:29:23.138655Z,KXZEC15M-26OCT042130-30,0.9980,200.00,yes
2026-10-05T01:29:23.138655Z,KXZEC15M-26OCT042130-30,0.9980,47.23,yes
2026-10-05T01:29:23.138655Z,KXZEC15M-26OCT042130-30,0.9980,7.77,yes
2026-10-05T01:29:23.138655Z,KXZEC15M-26OCT042130-30,0.9980,104.00,yes
2026-10-05T01:29:23.342387Z,KXZEC15M-26OCT042130-30,0.9930,1.00,no
2026-10-05T01:29:23.342387Z,KXZEC15M-26OCT042130-30,0.9930,1.00,no
2026-10-05T01:29:23.744147Z,KXZEC15M-26OCT042130-30,0.9980,25.04,yes
2026-10-05T01:29:24.638863Z,KXZEC15M-26OCT042130-30,0.9970,1.00,yes
2026-10-05T01:29:27.207864Z,KXZEC15M-26OCT042130-30,0.9990,1.00,yes
2026-10-05T01:29:27.207864Z,KXZEC15M-26OCT042130-30,0.9990,1.00,yes
2026-10-05T01:29:27.207864Z,KXZEC15M-26OCT042130-30,0.9990,200.00,yes
2026-10-05T01:29:27.207864Z,KXZEC15M-26OCT042130-30,0.9990,1.00,yes
2026-10-05T01:29:27.207864Z,KXZEC15M-26OCT042130-30,0.9980,133.53,yes
2026-10-05T01:29:27.207864Z,KXZEC15M-26OCT042130-30,0.9990,210.00,yes
2026-10-05T01:29:27.207864Z,KXZEC15M-26OCT042130-30,0.9980,5.00,yes
2026-10-05T01:29:27.207864Z,KXZEC15M-26OCT042130-30,0.9990,104.00,yes
2026-10-05T01:29:28.080441Z,KXZEC15M-26OCT042130-30,0.9980,130.55,no
2026-10-05T01:29:28.080441Z,KXZEC15M-26OCT042130-30,0.9980,200.00,no
2026-10-05T01:29:30.034781Z,KXZEC15M-26OCT042130-30,0.9980,52.00,no
2026-10-05T01:29:30.061147Z,KXZEC15M-26OCT042130-30,0.9990,100.00,yes
2026-10-05T01:29:30.234037Z,KXZEC15M-26OCT042130-30,0.9990,11.01,yes
2026-10-05T01:29:30.440052Z,KXZEC15M-26OCT042130-30,0.9980,100.00,no
2026-10-05T01:29:30.440052Z,KXZEC15M-26OCT042130-30,0.9980,11.01,no
2026-10-05T01:29:30.440052Z,KXZEC15M-26OCT042130-30,0.9970,89.67,no
2026-10-05T01:29:31.797097Z,KXZEC15M-26OCT042130-30,0.9990,210.00,yes
2026-10-05T01:29:31.797097Z,KXZEC15M-26OCT042130-30,0.9990,5.00,yes
2026-10-05T01:29:31.797097Z,KXZEC15M-26OCT042130-30,0.9990,88.99,yes
2026-10-05T01:29:31.797097Z,KXZEC15M-26OCT042130-30,0.9990,0.03,yes
2026-10-05T01:29:31.797097Z,KXZEC15M-26OCT042130-30,0.9990,100.00,yes
2026-10-05T01:29:31.797097Z,KXZEC15M-26OCT042130-30,0.9990,11.01,yes
2026-10-05T01:29:32.187892Z,KXZEC15M-26OCT042130-30,0.9980,280.43,no
2026-10-05T01:29:32.7764Z,KXZEC15M-26OCT042130-30,0.9980,16.46,no
2026-10-05T01:29:33.589565Z,KXZEC15M-26OCT042130-30,0.9980,7.00,no
2026-10-05T01:29:34.669563Z,KXZEC15M-26OCT042130-30,0.9980,28.98,no
2026-10-05T01:29:35.525689Z,KXZEC15M-26OCT042130-30,0.9980,226.81,no
2026-10-05T01:29:36.269032Z,KXZEC15M-26OCT042130-30,0.9980,38.57,no
2026-10-05T01:29:37.90683Z,KXZEC15M-26OCT042130-30,0.9990,23.33,no
2026-10-05T01:29:38.074594Z,KXZEC15M-26OCT042130-30,0.9990,306.72,no
2026-10-05T01:29:50.477193Z,KXZEC15M-26OCT042130-30,0.9990,410.95,no
2026-10-05T01:29:50.477193Z,KXZEC15M-26OCT042130-30,0.9990,17.45,no
2026-10-05T01:29:50.477193Z,KXZEC15M-26OCT042130-30,0.9990,172.49,no
2026-10-05T01:29:50.477193Z,KXZEC15M-26OCT042130-30,0.9990,3.00,no
2026-10-05T01:29:50.477193Z,KXZEC15M-26OCT042130-30,0.9990,3.00,no
2026-10-05T01:29:50.477193Z,KXZEC15M-26OCT042130-30,0.9990,61.75,no
2026-10-05T01:29:51.804813Z,KXZEC15M-26OCT042130-30,0.9990,915.99,no
2026-10-05T01:29:53.045584Z,KXZEC15M-26OCT042130-30,0.9990,1.02,no
2026-10-05T01:29:54.321626Z,KXZEC15M-26OCT042130-30,0.9990,0.55,no
2026-10-05T01:29:56.501109Z,KXZEC15M-26OCT042130-30,0.9990,113.00,no
2026-10-05T01:29:57.977159Z,KXZEC15M-26OCT042130-30,0.9990,16.46,no
2026-10-05T01:28:26.041324Z,KXETH15M-26OCT042130-30,0.9760,18.15,no
2026-10-05T01:28:26.041324Z,KXETH15M-26OCT042130-30,0.9770,26.00,no
2026-10-05T01:28:26.05051Z,KXETH15M-26OCT042130-30,0.9780,20.00,yes
2026-10-05T01:28:26.05051Z,KXETH15M-26OCT042130-30,0.9800,4.00,yes
2026-10-05T01:28:26.05051Z,KXETH15M-26OCT042130-30,0.9790,27.00,yes
2026-10-05T01:28:26.05051Z,KXETH15M-26OCT042130-30,0.9780,4.00,yes
2026-10-05T01:28:26.05051Z,KXETH15M-26OCT042130-30,0.9790,4.00,yes
2026-10-05T01:28:26.05051Z,KXETH15M-26OCT042130-30,0.9800,4.00,yes
2026-10-05T01:28:26.05051Z,KXETH15M-26OCT042130-30,0.9790,4.00,yes
2026-10-05T01:28:26.05051Z,KXETH15M-26OCT042130-30,0.9790,1.00,yes
2026-10-05T01:28:26.05051Z,KXETH15M-26OCT042130-30,0.9800,15.00,yes
2026-10-05T01:28:26.552776Z,KXETH15M-26OCT042130-30,0.9810,4.00,yes
2026-10-05T01:28:26.552776Z,KXETH15M-26OCT042130-30,0.9810,3.02,yes
2026-10-05T01:28:26.679225Z,KXETH15M-26OCT042130-30,0.9780,10.00,no
2026-10-05T01:28:26.704863Z,KXETH15M-26OCT042130-30,0.9880,1.00,yes
2026-10-05T01:28:26.704863Z,KXETH15M-26OCT042130-30,0.9850,9.00,yes
2026-10-05T01:28:26.704863Z,KXETH15M-26OCT042130-30,0.9850,9.00,yes
2026-10-05T01:28:26.704863Z,KXETH15M-26OCT042130-30,0.9880,353.62,yes
2026-10-05T01:28:26.704863Z,KXETH15M-26OCT042130-30,0.9870,15.00,yes
2026-10-05T01:28:26.704863Z,KXETH15M-26OCT042130-30,0.9840,22.00,yes
2026-10-05T01:28:26.704863Z,KXETH15M-26OCT042130-30,0.9860,26.00,yes
2026-10-05T01:28:26.704863Z,KXETH15M-26OCT042130-30,0.9870,31.00,yes
2026-10-05T01:28:26.704863Z,KXETH15M-26OCT042130-30,0.9830,20.00,yes
2026-10-05T01:28:26.704863Z,KXETH15M-26OCT042130-30,0.9840,4.00,yes
2026-10-05T01:28:26.704863Z,KXETH15M-26OCT042130-30,0.9800,27.00,yes
2026-10-05T01:28:26.704863Z,KXETH15M-26OCT042130-30,0.9850,4.00,yes
2026-10-05T01:28:26.704863Z,KXETH15M-26OCT042130-30,0.9820,41.00,yes
2026-10-05T01:28:26.704863Z,KXETH15M-26OCT042130-30,0.9830,4.00,yes
2026-10-05T01:28:26.704863Z,KXETH15M-26OCT042130-30,0.9850,4.00,yes
2026-10-05T01:28:26.704863Z,KXETH15M-26OCT042130-30,0.9810,9.00,yes
2026-10-05T01:28:26.704863Z,KXETH15M-26OCT042130-30,0.9830,4.00,yes
2026-10-05T01:28:26.704863Z,KXETH15M-26OCT042130-30,0.9810,15.00,yes
2026-10-05T01:28:26.704863Z,KXETH15M-26OCT042130-30,0.9800,17.00,yes
2026-10-05T01:28:26.704863Z,KXETH15M-26OCT042130-30,0.9840,4.00,yes
2026-10-05T01:28:26.704863Z,KXETH15M-26OCT042130-30,0.9830,41.00,yes
2026-10-05T01:28:26.704863Z,KXETH15M-26OCT042130-30,0.9880,30.00,yes
2026-10-05T01:28:26.704863Z,KXETH15M-26OCT042130-30,0.9880,69.13,yes
2026-10-05T01:28:26.936267Z,KXETH15M-26OCT042130-30,0.9820,10.78,yes
2026-10-05T01:28:26.937149Z,KXETH15M-26OCT042130-30,0.9820,30.22,yes
2026-10-05T01:28:27.151321Z,KXETH15M-26OCT042130-30,0.9830,7.00,yes
2026-10-05T01:28:27.277436Z,KXETH15M-26OCT042130-30,0.9830,28.13,yes
2026-10-05T01:28:27.552386Z,KXETH15M-26OCT042130-30,0.9830,21.00,yes
2026-10-05T01:28:27.554137Z,KXETH15M-26OCT042130-30,0.9810,25.38,no
2026-10-05T01:28:27.674957Z,KXETH15M-26OCT042130-30,0.9840,7.40,yes
2026-10-05T01:28:27.674957Z,KXETH15M-26OCT042130-30,0.9830,20.00,yes
2026-10-05T01:28:27.698385Z,KXETH15M-26OCT042130-30,0.9820,20.00,no
2026-10-05T01:28:27.698385Z,KXETH15M-26OCT042130-30,0.9800,159.00,no
2026-10-05T01:28:27.698385Z,KXETH15M-26OCT042130-30,0.9810,39.62,no
2026-10-05T01:28:27.698385Z,KXETH15M-26OCT042130-30,0.9820,26.00,no
2026-10-05T01:28:27.698385Z,KXETH15M-26OCT042130-30,0.9820,12.00,no
2026-10-05T01:28:27.698385Z,KXETH15M-26OCT042130-30,0.9790,22.38,no
2026-10-05T01:28:27.783962Z,KXETH15M-26OCT042130-30,0.9780,4.00,yes
2026-10-05T01:28:27.783962Z,KXETH15M-26OCT042130-30,0.9790,3.47,yes
2026-10-05T01:28:27.783962Z,KXETH15M-26OCT042130-30,0.9780,4.00,yes
2026-10-05T01:28:27.80014Z,KXETH15M-26OCT042130-30,0.9730,11.00,no
2026-10-05T01:28:28.300083Z,KXETH15M-26OCT042130-30,0.9850,8.00,no
2026-10-05T01:28:28.342891Z,KXETH15M-26OCT042130-30,0.9870,1.00,no
2026-10-05T01:28:28.349843Z,KXETH15M-26OCT042130-30,0.9870,4.00,no
2026-10-05T01:28:28.349843Z,KXETH15M-26OCT042130-30,0.9870,3.00,no
2026-10-05T01:28:28.398675Z,KXETH15M-26OCT042130-30,0.9870,4.00,no
2026-10-05T01:28:28.398675Z,KXETH15M-26OCT042130-30,0.9870,4.00,no
2026-10-05T01:28:28.560541Z,KXETH15M-26OCT042130-30,0.9860,4.00,no
2026-10-05T01:28:28.560541Z,KXETH15M-26OCT042130-30,0.9860,3.43,no
2026-10-05T01:28:28.618014Z,KXETH15M-26OCT042130-30,0.9850,4.00,no
2026-10-05T01:28:28.618014Z,KXETH15M-26OCT042130-30,0.9840,4.00,no
2026-10-05T01:28:28.618014Z,KXETH15M-26OCT042130-30,0.9810,0.72,no
2026-10-05T01:28:28.618014Z,KXETH15M-26OCT042130-30,0.9840,4.00,no
2026-10-05T01:28:28.618014Z,KXETH15M-26OCT042130-30,0.9860,4.00,no
2026-10-05T01:28:28.618014Z,KXETH15M-26OCT042130-30,0.9850,4.00,no
2026-10-05T01:28:28.618014Z,KXETH15M-26OCT042130-30,0.9860,0.57,no
2026-10-05T01:28:28.966437Z,KXETH15M-26OCT042130-30,0.9860,4.00,no
2026-10-05T01:28:28.966437Z,KXETH15M-26OCT042130-30,0.9840,4.00,no
2026-10-05T01:28:28.966437Z,KXETH15M-26OCT042130-30,0.9850,4.00,no
2026-10-05T01:28:28.966437Z,KXETH15M-26OCT042130-30,0.9860,4.00,no
2026-10-05T01:28:28.966437Z,KXETH15M-26OCT042130-30,0.9850,4.00,no
2026-10-05T01:28:28.966437Z,KXETH15M-26OCT042130-30,0.9800,11.00,no
2026-10-05T01:28:28.966437Z,KXETH15M-26OCT042130-30,0.9830,20.00,no
2026-10-05T01:28:28.966437Z,KXETH15M-26OCT042130-30,0.9840,4.00,no
2026-10-05T01:28:28.966437Z,KXETH15M-26OCT042130-30,0.9800,52.42,no
2026-10-05T01:28:29.035394Z,KXETH15M-26OCT042130-30,0.9840,33.13,yes
2026-10-05T01:28:29.109544Z,KXETH15M-26OCT042130-30,0.9820,0.80,yes
2026-10-05T01:28:30.372815Z,KXETH15M-26OCT042130-30,0.9820,0.91,yes
2026-10-05T01:28:30.647303Z,KXETH15M-26OCT042130-30,0.9810,2.16,no
2026-10-05T01:28:30.802877Z,KXETH15M-26OCT042130-30,0.9800,4.00,no
2026-10-05T01:28:30.802877Z,KXETH15M-26OCT042130-30,0.9790,4.00,no
2026-10-05T01:28:30.802877Z,KXETH15M-26OCT042130-30,0.9810,1.84,no
2026-10-05T01:28:30.802877Z,KXETH15M-26OCT042130-30,0.9790,0.16,no
2026-10-05T01:28:30.934245Z,KXETH15M-26OCT042130-30,0.9800,11.00,yes
2026-10-05T01:28:31.288204Z,KXETH15M-26OCT042130-30,0.9790,18.95,no
2026-10-05T01:28:31.449007Z,KXETH15M-26OCT042130-30,0.9790,30.00,no
2026-10-05T01:28:31.449007Z,KXETH15M-26OCT042130-30,0.9790,1.05,no
2026-10-05T01:28:31.691966Z,KXETH15M-26OCT042130-30,0.9810,2.03,yes
2026-10-05T01:28:31.70662Z,KXETH15M-26OCT042130-30,0.9790,9.00,no
2026-10-05T01:28:31.70662Z,KXETH15M-26OCT042130-30,0.9800,11.00,no
2026-10-05T01:28:32.083613Z,KXETH15M-26OCT042130-30,0.9810,4.00,yes
2026-10-05T01:28:32.083613Z,KXETH15M-26OCT042130-30,0.9820,6.00,yes
2026-10-05T01:28:32.09423Z,KXETH15M-26OCT042130-30,0.9810,1.05,no
2026-10-05T01:28:32.203749Z,KXETH15M-26OCT042130-30,0.9800,4.00,no
2026-10-05T01:28:32.203749Z,KXETH15M-26OCT042130-30,0.9780,13.00,no
2026-10-05T01:28:32.203749Z,KXETH15M-26OCT042130-30,0.9810,4.00,no
2026-10-05T01:28:32.203749Z,KXETH15M-26OCT042130-30,0.9790,4.00,no
2026-10-05T01:28:32.203749Z,KXETH15M-26OCT042130-30,0.9790,4.00,no
2026-10-05T01:28:32.203749Z,KXETH15M-26OCT042130-30,0.9800,4.00,no
2026-10-05T01:28:32.203749Z,KXETH15M-26OCT042130-30,0.9770,10.66,no
2026-10-05T01:28:32.221676Z,KXETH15M-26OCT042130-30,0.9810,45.71,no
2026-10-05T01:28:32.605042Z,KXETH15M-26OCT042130-30,0.9820,12.00,yes
2026-10-05T01:28:32.610676Z,KXETH15M-26OCT042130-30,0.9820,6.00,yes
2026-10-05T01:28:32.610676Z,KXETH15M-26OCT042130-30,0.9840,15.00,yes
2026-10-05T01:28:32.610676Z,KXETH15M-26OCT042130-30,0.9830,13.00,yes
2026-10-05T01:28:32.610676Z,KXETH15M-26OCT042130-30,0.9840,10.00,yes
2026-10-05T01:28:32.610676Z,KXETH15M-26OCT042130-30,0.9860,70.00,yes
2026-10-05T01:28:32.612659Z,KXETH15M-26OCT042130-30,0.9870,19.00,yes
2026-10-05T01:28:32.616451Z,KXETH15M-26OCT042130-30,0.9870,1.01,yes
2026-10-05T01:28:32.616451Z,KXETH15M-26OCT042130-30,0.9880,22.00,yes
2026-10-05T01:28:32.616451Z,KXETH15M-26OCT042130-30,0.9870,4.00,yes
2026-10-05T01:28:32.616451Z,KXETH15M-26OCT042130-30,0.9880,20.00,yes
2026-10-05T01:28:32.6194Z,KXETH15M-26OCT042130-30,0.9840,10.00,yes
2026-10-05T01:28:32.6194Z,KXETH15M-26OCT042130-30,0.9890,43.00,yes
2026-10-05T01:28:32.699219Z,KXETH15M-26OCT042130-30,0.9860,4.00,no
2026-10-05T01:28:32.8169Z,KXETH15M-26OCT042130-30,0.9870,4.00,no
2026-10-05T01:28:32.8169Z,KXETH15M-26OCT042130-30,0.9870,4.00,no
2026-10-05T01:28:32.92668Z,KXETH15M-26OCT042130-30,0.9880,9.00,no
2026-10-05T01:28:32.941052Z,KXETH15M-26OCT042130-30,0.9880,11.00,no
2026-10-05T01:28:33.300379Z,KXETH15M-26OCT042130-30,0.9850,6.90,no
2026-10-05T01:28:33.300379Z,KXETH15M-26OCT042130-30,0.9880,21.00,no
2026-10-05T01:28:33.300379Z,KXETH15M-26OCT042130-30,0.9860,41.00,no
2026-10-05T01:28:33.390611Z,KXETH15M-26OCT042130-30,0.9880,12.00,yes
2026-10-05T01:28:33.412601Z,KXETH15M-26OCT042130-30,0.9880,11.00,yes
2026-10-05T01:28:33.611901Z,KXETH15M-26OCT042130-30,0.9880,4.00,no
2026-10-05T01:28:33.611901Z,KXETH15M-26OCT042130-30,0.9880,86.22,no
2026-10-05T01:28:33.611901Z,KXETH15M-26OCT042130-30,0.9880,41.00,no
2026-10-05T01:28:33.63324Z,KXETH15M-26OCT042130-30,0.9880,134.00,no
2026-10-05T01:28:33.63324Z,KXETH15M-26OCT042130-30,0.9880,3.78,no
2026-10-05T01:28:33.63324Z,KXETH15M-26OCT042130-30,0.9880,30.00,no
2026-10-05T01:28:33.63324Z,KXETH15M-26OCT042130-30,0.9880,4.00,no
2026-10-05T01:28:34.211606Z,KXETH15M-26OCT042130-30,0.9890,32.00,yes
2026-10-05T01:28:34.211606Z,KXETH15M-26OCT042130-30,0.9890,12.12,yes
2026-10-05T01:28:34.211606Z,KXETH15M-26OCT042130-30,0.9890,100.00,yes
2026-10-05T01:28:34.211606Z,KXETH15M-26OCT042130-30,0.9890,12.66,yes
2026-10-05T01:28:34.211606Z,KXETH15M-26OCT042130-30,0.9890,2.00,yes
2026-10-05T01:28:34.211606Z,KXETH15M-26OCT042130-30,0.9890,10.00,yes
2026-10-05T01:28:34.211606Z,KXETH15M-26OCT042130-30,0.9890,1.00,yes
2026-10-05T01:28:34.211606Z,KXETH15M-26OCT042130-30,0.9890,2.00,yes
2026-10-05T01:28:34.217097Z,KXETH15M-26OCT042130-30,0.9900,8.10,yes
2026-10-05T01:28:34.217097Z,KXETH15M-26OCT042130-30,0.9900,231.64,yes
2026-10-05T01:28:34.217097Z,KXETH15M-26OCT042130-30,0.9900,331.42,yes
2026-10-05T01:28:34.217097Z,KXETH15M-26OCT042130-30,0.9900,13.17,yes
2026-10-05T01:28:34.217097Z,KXETH15M-26OCT042130-30,0.9890,20.00,yes
2026-10-05T01:28:34.217097Z,KXETH15M-26OCT042130-30,0.9890,11.00,yes
2026-10-05T01:28:34.217097Z,KXETH15M-26OCT042130-30,0.9900,2.39,yes
2026-10-05T01:28:34.217097Z,KXETH15M-26OCT042130-30,0.9890,41.00,yes
2026-10-05T01:28:34.217097Z,KXETH15M-26OCT042130-30,0.9900,2.85,yes
2026-10-05T01:28:34.217097Z,KXETH15M-26OCT042130-30,0.9900,6.00,yes
2026-10-05T01:28:34.217097Z,KXETH15M-26OCT042130-30,0.9890,1.00,yes
2026-10-05T01:28:34.217097Z,KXETH15M-26OCT042130-30,0.9900,3.00,yes
2026-10-05T01:28:34.217097Z,KXETH15M-26OCT042130-30,0.9900,6.48,yes
2026-10-05T01:28:34.217097Z,KXETH15M-26OCT042130-30,0.9900,20.00,yes
2026-10-05T01:28:34.217097Z,KXETH15M-26OCT042130-30,0.9890,7.34,yes
2026-10-05T01:28:34.217097Z,KXETH15M-26OCT042130-30,0.9900,25.00,yes
2026-10-05T01:28:34.217097Z,KXETH15M-26OCT042130-30,0.9900,1.00,yes
2026-10-05T01:28:34.217097Z,KXETH15M-26OCT042130-30,0.9900,1.92,yes
2026-10-05T01:28:34.217097Z,KXETH15M-26OCT042130-30,0.9900,1.45,yes
2026-10-05T01:28:34.217097Z,KXETH15M-26OCT042130-30,0.9900,15.24,yes
2026-10-05T01:28:34.249121Z,KXETH15M-26OCT042130-30,0.9900,0.86,yes
2026-10-05T01:28:34.249121Z,KXETH15M-26OCT042130-30,0.9900,4.68,yes
2026-10-05T01:28:34.249121Z,KXETH15M-26OCT042130-30,0.9900,2.46,yes
2026-10-05T01:28:34.258734Z,KXETH15M-26OCT042130-30,0.9880,5.00,no
2026-10-05T01:28:34.258734Z,KXETH15M-26OCT042130-30,0.9890,20.00,no
2026-10-05T01:28:34.258734Z,KXETH15M-26OCT042130-30,0.9870,30.00,no
2026-10-05T01:28:34.258734Z,KXETH15M-26OCT042130-30,0.9880,17.00,no
2026-10-05T01:28:34.258734Z,KXETH15M-26OCT042130-30,0.9880,20.00,no
2026-10-05T01:28:34.258734Z,KXETH15M-26OCT042130-30,0.9870,14.07,no
2026-10-05T01:28:34.308549Z,KXETH15M-26OCT042130-30,0.9900,5.29,yes
2026-10-05T01:28:34.308549Z,KXETH15M-26OCT042130-30,0.9900,4.71,yes
2026-10-05T01:28:34.352768Z,KXETH15M-26OCT042130-30,0.9890,20.00,no
2026-10-05T01:28:34.47752Z,KXETH15M-26OCT042130-30,0.9890,20.00,no
2026-10-05T01:28:34.825233Z,KXETH15M-26OCT042130-30,0.9900,5.97,yes
2026-10-05T01:28:34.825233Z,KXETH15M-26OCT042130-30,0.9900,1.15,yes
2026-10-05T01:28:34.825233Z,KXETH15M-26OCT042130-30,0.9900,2.00,yes
2026-10-05T01:28:34.825233Z,KXETH15M-26OCT042130-30,0.9900,15.96,yes
2026-10-05T01:28:34.825233Z,KXETH15M-26OCT042130-30,0.9900,50.00,yes
2026-10-05T01:28:34.825233Z,KXETH15M-26OCT042130-30,0.9900,25.93,yes
2026-10-05T01:28:34.918317Z,KXETH15M-26OCT042130-30,0.9820,50.00,no
2026-10-05T01:28:34.918317Z,KXETH15M-26OCT042130-30,0.9840,1.01,no
2026-10-05T01:28:34.918317Z,KXETH15M-26OCT042130-30,0.9890,30.00,no
2026-10-05T01:28:34.918317Z,KXETH15M-26OCT042130-30,0.9850,9.00,no
2026-10-05T01:28:34.918317Z,KXETH15M-26OCT042130-30,0.9880,25.00,no
2026-10-05T01:28:34.918317Z,KXETH15M-26OCT042130-30,0.9840,20.00,no
2026-10-05T01:28:34.918317Z,KXETH15M-26OCT042130-30,0.9850,5.00,no
2026-10-05T01:28:34.918317Z,KXETH15M-26OCT042130-30,0.9850,9.00,no
2026-10-05T01:28:34.918317Z,KXETH15M-26OCT042130-30,0.9820,4.04,no
2026-10-05T01:28:34.918317Z,KXETH15M-26OCT042130-30,0.9830,13.00,no
2026-10-05T01:28:34.918317Z,KXETH15M-26OCT042130-30,0.9810,2.73,no
2026-10-05T01:28:34.918317Z,KXETH15M-26OCT042130-30,0.9890,138.00,no
2026-10-05T01:28:34.918317Z,KXETH15M-26OCT042130-30,0.9830,20.00,no
2026-10-05T01:28:35.319365Z,KXETH15M-26OCT042130-30,0.9890,4.00,no
2026-10-05T01:28:35.319365Z,KXETH15M-26OCT042130-30,0.9890,36.94,no
2026-10-05T01:28:35.319365Z,KXETH15M-26OCT042130-30,0.9890,4.00,no
2026-10-05T01:28:35.319365Z,KXETH15M-26OCT042130-30,0.9890,1.00,no
2026-10-05T01:28:35.39656Z,KXETH15M-26OCT042130-30,0.9900,8.51,yes
2026-10-05T01:28:35.594891Z,KXETH15M-26OCT042130-30,0.9900,2.74,yes
2026-10-05T01:28:35.703772Z,KXETH15M-26OCT042130-30,0.9890,15.94,no
2026-10-05T01:28:35.703772Z,KXETH15M-26OCT042130-30,0.9890,29.06,no
2026-10-05T01:28:35.833762Z,KXETH15M-26OCT042130-30,0.9900,1.46,yes
2026-10-05T01:28:36.009479Z,KXETH15M-26OCT042130-30,0.9890,5.57,no
2026-10-05T01:28:36.046352Z,KXETH15M-26OCT042130-30,0.9890,1.56,no
2026-10-05T01:28:36.046352Z,KXETH15M-26OCT042130-30,0.9890,18.49,no
2026-10-05T01:28:36.119378Z,KXETH15M-26OCT042130-30,0.9900,1.00,yes
2026-10-05T01:28:36.171784Z,KXETH15M-26OCT042130-30,0.9900,7.00,yes
2026-10-05T01:28:36.376403Z,KXETH15M-26OCT042130-30,0.9900,50.00,yes
2026-10-05T01:28:36.377579Z,KXETH15M-26OCT042130-30,0.9900,7.00,yes
2026-10-05T01:28:36.506523Z,KXETH15M-26OCT042130-30,0.9900,12.00,yes
2026-10-05T01:28:36.5446Z,KXETH15M-26OCT042130-30,0.9830,20.00,no
2026-10-05T01:28:36.5446Z,KXETH15M-26OCT042130-30,0.9890,22.00,no
2026-10-05T01:28:36.5446Z,KXETH15M-26OCT042130-30,0.9800,175.00,no
2026-10-05T01:28:36.5446Z,KXETH15M-26OCT042130-30,0.9830,1.01,no
2026-10-05T01:28:36.5446Z,KXETH15M-26OCT042130-30,0.9800,30.00,no
2026-10-05T01:28:36.5446Z,KXETH15M-26OCT042130-30,0.9890,4.00,no
2026-10-05T01:28:36.5446Z,KXETH15M-26OCT042130-30,0.9810,4.04,no
2026-10-05T01:28:36.5446Z,KXETH15M-26OCT042130-30,0.9850,9.00,no
2026-10-05T01:28:36.5446Z,KXETH15M-26OCT042130-30,0.9860,10.00,no
2026-10-05T01:28:36.5446Z,KXETH15M-26OCT042130-30,0.9810,32.00,no
2026-10-05T01:28:36.5446Z,KXETH15M-26OCT042130-30,0.9790,38.98,no
2026-10-05T01:28:36.5446Z,KXETH15M-26OCT042130-30,0.9800,6.96,no
2026-10-05T01:28:36.5446Z,KXETH15M-26OCT042130-30,0.9810,1.00,no
2026-10-05T01:28:36.5446Z,KXETH15M-26OCT042130-30,0.9870,5.00,no
2026-10-05T01:28:36.5446Z,KXETH15M-26OCT042130-30,0.9880,4.00,no
2026-10-05T01:28:36.5446Z,KXETH15M-26OCT042130-30,0.9890,2.44,no
2026-10-05T01:28:36.5446Z,KXETH15M-26OCT042130-30,0.9850,9.00,no
2026-10-05T01:28:36.5446Z,KXETH15M-26OCT042130-30,0.9870,4.00,no
2026-10-05T01:28:36.5446Z,KXETH15M-26OCT042130-30,0.9880,4.00,no
2026-10-05T01:28:36.5446Z,KXETH15M-26OCT042130-30,0.9890,5.00,no
2026-10-05T01:28:36.5446Z,KXETH15M-26OCT042130-30,0.9870,4.00,no
2026-10-05T01:28:36.5446Z,KXETH15M-26OCT042130-30,0.9840,14.00,no
2026-10-05T01:28:36.5446Z,KXETH15M-26OCT042130-30,0.9890,60.00,no
2026-10-05T01:28:36.5446Z,KXETH15M-26OCT042130-30,0.9820,50.00,no
2026-10-05T01:28:36.5446Z,KXETH15M-26OCT042130-30,0.9830,20.00,no
2026-10-05T01:28:36.5446Z,KXETH15M-26OCT042130-30,0.9810,40.27,no
2026-10-05T01:28:36.5446Z,KXETH15M-26OCT042130-30,0.9800,9.00,no
2026-10-05T01:28:36.548715Z,KXETH15M-26OCT042130-30,0.9900,2.00,yes
2026-10-05T01:28:36.594757Z,KXETH15M-26OCT042130-30,0.9900,11.11,yes
2026-10-05T01:28:37.032082Z,KXETH15M-26OCT042130-30,0.9890,20.00,yes
2026-10-05T01:28:37.130849Z,KXETH15M-26OCT042130-30,0.9890,21.84,no
2026-10-05T01:28:37.130849Z,KXETH15M-26OCT042130-30,0.9890,4.00,no
2026-10-05T01:28:37.239389Z,KXETH15M-26OCT042130-30,0.9900,0.24,yes
2026-10-05T01:28:37.239389Z,KXETH15M-26OCT042130-30,0.9900,3.76,yes
2026-10-05T01:28:37.857856Z,KXETH15M-26OCT042130-30,0.9900,1.00,yes
2026-10-05T01:28:38.00004Z,KXETH15M-26OCT042130-30,0.9890,11.02,no
2026-10-05T01:28:38.522789Z,KXETH15M-26OCT042130-30,0.9890,0.36,no
2026-10-05T01:28:38.522789Z,KXETH15M-26OCT042130-30,0.9890,16.00,no
2026-10-05T01:28:38.522789Z,KXETH15M-26OCT042130-30,0.9890,7.14,no
2026-10-05T01:28:38.522789Z,KXETH15M-26OCT042130-30,0.9890,4.00,no
2026-10-05T01:28:38.606629Z,KXETH15M-26OCT042130-30,0.9900,1.51,yes
2026-10-05T01:28:38.607463Z,KXETH15M-26OCT042130-30,0.9900,7.25,yes
2026-10-05T01:28:38.607463Z,KXETH15M-26OCT042130-30,0.9900,13.67,yes
2026-10-05T01:28:38.712651Z,KXETH15M-26OCT042130-30,0.9820,20.00,no
2026-10-05T01:28:38.712651Z,KXETH15M-26OCT042130-30,0.9890,40.00,no
2026-10-05T01:28:38.712651Z,KXETH15M-26OCT042130-30,0.9890,13.67,no
2026-10-05T01:28:38.712651Z,KXETH15M-26OCT042130-30,0.9860,4.00,no
2026-10-05T01:28:38.712651Z,KXETH15M-26OCT042130-30,0.9850,2.00,no
2026-10-05T01:28:38.712651Z,KXETH15M-26OCT042130-30,0.9880,5.00,no
2026-10-05T01:28:38.712651Z,KXETH15M-26OCT042130-30,0.9850,9.00,no
2026-10-05T01:28:38.712651Z,KXETH15M-26OCT042130-30,0.9880,4.00,no
2026-10-05T01:28:38.712651Z,KXETH15M-26OCT042130-30,0.9880,4.00,no
2026-10-05T01:28:38.712651Z,KXETH15M-26OCT042130-30,0.9830,13.00,no
2026-10-05T01:28:38.712651Z,KXETH15M-26OCT042130-30,0.9870,4.00,no
2026-10-05T01:28:38.712651Z,KXETH15M-26OCT042130-30,0.9820,50.00,no
2026-10-05T01:28:38.712651Z,KXETH15M-26OCT042130-30,0.9880,11.00,no
2026-10-05T01:28:38.712651Z,KXETH15M-26OCT042130-30,0.9830,20.00,no
2026-10-05T01:28:38.712651Z,KXETH15M-26OCT042130-30,0.9800,33.61,no
2026-10-05T01:28:38.712651Z,KXETH15M-26OCT042130-30,0.9870,4.00,no
2026-10-05T01:28:38.712651Z,KXETH15M-26OCT042130-30,0.9840,1.01,no
2026-10-05T01:28:38.712651Z,KXETH15M-26OCT042130-30,0.9800,30.00,no
2026-10-05T01:28:38.712651Z,KXETH15M-26OCT042130-30,0.9880,3.00,no
2026-10-05T01:28:38.712651Z,KXETH15M-26OCT042130-30,0.9820,4.04,no
2026-10-05T01:28:38.746246Z,KXETH15M-26OCT042130-30,0.9900,88.67,yes
2026-10-05T01:28:38.746246Z,KXETH15M-26OCT042130-30,0.9900,11.33,yes
2026-10-05T01:28:38.78432Z,KXETH15M-26OCT042130-30,0.9900,60.00,yes
2026-10-05T01:28:38.937661Z,KXETH15M-26OCT042130-30,0.9900,40.00,yes
2026-10-05T01:28:39.400076Z,KXETH15M-26OCT042130-30,0.9890,7.03,no
2026-10-05T01:28:39.400076Z,KXETH15M-26OCT042130-30,0.9890,11.33,no
2026-10-05T01:28:39.514888Z,KXETH15M-26OCT042130-30,0.9900,1.73,yes
2026-10-05T01:28:39.611293Z,KXETH15M-26OCT042130-30,0.9900,4.04,yes
2026-10-05T01:28:39.757699Z,KXETH15M-26OCT042130-30,0.9890,1.16,no
2026-10-05T01:28:39.806431Z,KXETH15M-26OCT042130-30,0.9890,1.00,no
2026-10-05T01:28:39.951988Z,KXETH15M-26OCT042130-30,0.9890,4.81,no
2026-10-05T01:28:39.951988Z,KXETH15M-26OCT042130-30,0.9890,40.00,no
2026-10-05T01:28:39.951988Z,KXETH15M-26OCT042130-30,0.9880,30.75,no
2026-10-05T01:28:40.536366Z,KXETH15M-26OCT042130-30,0.9870,4.00,no
2026-10-05T01:28:40.536366Z,KXETH15M-26OCT042130-30,0.9870,4.00,no
2026-10-05T01:28:40.536366Z,KXETH15M-26OCT042130-30,0.9860,4.00,no
2026-10-05T01:28:40.536366Z,KXETH15M-26OCT042130-30,0.9880,15.00,no
2026-10-05T01:28:40.536366Z,KXETH15M-26OCT042130-30,0.9890,6.00,no
2026-10-05T01:28:40.536366Z,KXETH15M-26OCT042130-30,0.9850,9.00,no
2026-10-05T01:28:40.536366Z,KXETH15M-26OCT042130-30,0.9890,5.00,no
2026-10-05T01:28:40.536366Z,KXETH15M-26OCT042130-30,0.9860,4.00,no
2026-10-05T01:28:40.536366Z,KXETH15M-26OCT042130-30,0.9830,3.19,no
2026-10-05T01:28:40.536366Z,KXETH15M-26OCT042130-30,0.9850,4.00,no
2026-10-05T01:28:40.536366Z,KXETH15M-26OCT042130-30,0.9850,4.00,no
2026-10-05T01:28:40.536366Z,KXETH15M-26OCT042130-30,0.9840,1.01,no
2026-10-05T01:28:40.587519Z,KXETH15M-26OCT042130-30,0.9900,40.00,yes
2026-10-05T01:28:40.604318Z,KXETH15M-26OCT042130-30,0.9900,33.00,yes
2026-10-05T01:28:40.613294Z,KXETH15M-26OCT042130-30,0.9900,7.00,yes
2026-10-05T01:28:40.622505Z,KXETH15M-26OCT042130-30,0.9900,3.03,yes
2026-10-05T01:28:40.738113Z,KXETH15M-26OCT042130-30,0.9890,0.99,no
2026-10-05T01:28:40.86115Z,KXETH15M-26OCT042130-30,0.9900,7.00,yes
2026-10-05T01:28:40.86115Z,KXETH15M-26OCT042130-30,0.9900,16.00,yes
2026-10-05T01:28:40.864196Z,KXETH15M-26OCT042130-30,0.9900,2.00,yes
2026-10-05T01:28:40.951809Z,KXETH15M-26OCT042130-30,0.9890,29.01,no
2026-10-05T01:28:40.951809Z,KXETH15M-26OCT042130-30,0.9870,4.00,no
2026-10-05T01:28:40.951809Z,KXETH15M-26OCT042130-30,0.9890,34.00,no
2026-10-05T01:28:40.951809Z,KXETH15M-26OCT042130-30,0.9890,2.00,no
2026-10-05T01:28:40.951809Z,KXETH15M-26OCT042130-30,0.9860,4.00,no
2026-10-05T01:28:40.951809Z,KXETH15M-26OCT042130-30,0.9850,4.00,no
2026-10-05T01:28:40.951809Z,KXETH15M-26OCT042130-30,0.9850,4.00,no
2026-10-05T01:28:40.951809Z,KXETH15M-26OCT042130-30,0.9890,7.00,no
2026-10-05T01:28:40.951809Z,KXETH15M-26OCT042130-30,0.9890,5.00,no
2026-10-05T01:28:40.951809Z,KXETH15M-26OCT042130-30,0.9890,16.28,no
2026-10-05T01:28:40.951809Z,KXETH15M-26OCT042130-30,0.9860,4.00,no
2026-10-05T01:28:40.951809Z,KXETH15M-26OCT042130-30,0.9850,2.20,no
2026-10-05T01:28:41.030733Z,KXETH15M-26OCT042130-30,0.9900,8.00,yes
2026-10-05T01:28:41.042338Z,KXETH15M-26OCT042130-30,0.9900,8.00,yes
2026-10-05T01:28:41.105029Z,KXETH15M-26OCT042130-30,0.9920,71.00,no
2026-10-05T01:28:41.106525Z,KXETH15M-26OCT042130-30,0.9950,4.00,yes
2026-10-05T01:28:41.106525Z,KXETH15M-26OCT042130-30,0.9930,4.00,yes
2026-10-05T01:28:41.106525Z,KXETH15M-26OCT042130-30,0.9950,4.00,yes
2026-10-05T01:28:41.106525Z,KXETH15M-26OCT042130-30,0.9940,4.00,yes
2026-10-05T01:28:41.106525Z,KXETH15M-26OCT042130-30,0.9940,8.00,yes
2026-10-05T01:28:41.106525Z,KXETH15M-26OCT042130-30,0.9930,4.00,yes
2026-10-05T01:28:41.106525Z,KXETH15M-26OCT042130-30,0.9940,4.00,yes
2026-10-05T01:28:41.106525Z,KXETH15M-26OCT042130-30,0.9930,6.00,yes
2026-10-05T01:28:41.106525Z,KXETH15M-26OCT042130-30,0.9940,20.00,yes
2026-10-05T01:28:41.106525Z,KXETH15M-26OCT042130-30,0.9950,11.00,yes
2026-10-05T01:28:41.106525Z,KXETH15M-26OCT042130-30,0.9950,100.00,yes
2026-10-05T01:28:41.106525Z,KXETH15M-26OCT042130-30,0.9960,332.02,yes
2026-10-05T01:28:41.155165Z,KXETH15M-26OCT042130-30,0.9920,20.00,no
2026-10-05T01:28:41.207714Z,KXETH15M-26OCT042130-30,0.9940,5.00,no
2026-10-05T01:28:41.225671Z,KXETH15M-26OCT042130-30,0.9940,15.00,no
2026-10-05T01:28:41.275753Z,KXETH15M-26OCT042130-30,0.9950,20.00,no
2026-10-05T01:28:41.302805Z,KXETH15M-26OCT042130-30,0.9930,2.00,no
2026-10-05T01:28:41.347908Z,KXETH15M-26OCT042130-30,0.9930,30.00,no
2026-10-05T01:28:41.347908Z,KXETH15M-26OCT042130-30,0.9930,18.00,no
2026-10-05T01:28:41.356225Z,KXETH15M-26OCT042130-30,0.9910,2.00,no
2026-10-05T01:28:41.410813Z,KXETH15M-26OCT042130-30,0.9920,20.00,no
2026-10-05T01:28:41.410813Z,KXETH15M-26OCT042130-30,0.9910,14.60,no
2026-10-05T01:28:41.430546Z,KXETH15M-26OCT042130-30,0.9910,3.40,no
2026-10-05T01:28:41.430546Z,KXETH15M-26OCT042130-30,0.9910,43.35,no
2026-10-05T01:28:41.472722Z,KXETH15M-26OCT042130-30,0.9930,37.00,no
2026-10-05T01:28:41.599637Z,KXETH15M-26OCT042130-30,0.9950,15.00,no
2026-10-05T01:28:42.054052Z,KXETH15M-26OCT042130-30,0.9950,5.00,no
2026-10-05T01:28:42.054052Z,KXETH15M-26OCT042130-30,0.9950,15.00,no
2026-10-05T01:28:42.054052Z,KXETH15M-26OCT042130-30,0.9950,18.00,no
2026-10-05T01:28:42.197853Z,KXETH15M-26OCT042130-30,0.9950,10.04,yes
2026-10-05T01:28:42.613088Z,KXETH15M-26OCT042130-30,0.9950,13.07,yes
2026-10-05T01:28:42.613088Z,KXETH15M-26OCT042130-30,0.9950,8.00,yes
2026-10-05T01:28:43.092464Z,KXETH15M-26OCT042130-30,0.9940,0.10,no
2026-10-05T01:28:43.314325Z,KXETH15M-26OCT042130-30,0.9950,20.00,yes
2026-10-05T01:28:43.369383Z,KXETH15M-26OCT042130-30,0.9940,27.00,no
2026-10-05T01:28:43.369383Z,KXETH15M-26OCT042130-30,0.9940,61.15,no
2026-10-05T01:28:43.369383Z,KXETH15M-26OCT042130-30,0.9940,19.90,no
2026-10-05T01:28:43.600475Z,KXETH15M-26OCT042130-30,0.9950,31.76,yes
2026-10-05T01:28:43.698075Z,KXETH15M-26OCT042130-30,0.9950,48.24,yes
2026-10-05T01:28:43.698075Z,KXETH15M-26OCT042130-30,0.9950,1.99,yes
2026-10-05T01:28:43.716907Z,KXETH15M-26OCT042130-30,0.9950,1.99,yes
2026-10-05T01:28:43.716907Z,KXETH15M-26OCT042130-30,0.9950,17.00,yes
2026-10-05T01:28:43.716907Z,KXETH15M-26OCT042130-30,0.9950,6.01,yes
2026-10-05T01:28:43.716907Z,KXETH15M-26OCT042130-30,0.9960,0.11,yes
2026-10-05T01:28:43.877171Z,KXETH15M-26OCT042130-30,0.9950,6.00,no
2026-10-05T01:28:43.877171Z,KXETH15M-26OCT042130-30,0.9950,20.00,no
2026-10-05T01:28:44.062745Z,KXETH15M-26OCT042130-30,0.9950,15.58,no
2026-10-05T01:28:44.769423Z,KXETH15M-26OCT042130-30,0.9960,3.13,yes
2026-10-05T01:28:45.111339Z,KXETH15M-26OCT042130-30,0.9960,249.00,yes
2026-10-05T01:28:45.129214Z,KXETH15M-26OCT042130-30,0.9960,29.00,yes
2026-10-05T01:28:45.192177Z,KXETH15M-26OCT042130-30,0.9960,37.13,yes
2026-10-05T01:28:45.575753Z,KXETH15M-26OCT042130-30,0.9950,6.00,no
2026-10-05T01:28:45.575753Z,KXETH15M-26OCT042130-30,0.9950,26.00,no
2026-10-05T01:28:45.575753Z,KXETH15M-26OCT042130-30,0.9940,3.91,no
2026-10-05T01:28:45.575753Z,KXETH15M-26OCT042130-30,0.9950,20.00,no
2026-10-05T01:28:45.575753Z,KXETH15M-26OCT042130-30,0.9940,0.07,no
2026-10-05T01:28:45.575753Z,KXETH15M-26OCT042130-30,0.9950,13.00,no
2026-10-05T01:28:45.575753Z,KXETH15M-26OCT042130-30,0.9950,0.11,no
2026-10-05T01:28:45.575753Z,KXETH15M-26OCT042130-30,0.9950,100.00,no
2026-10-05T01:28:45.885029Z,KXETH15M-26OCT042130-30,0.9960,5.01,yes
2026-10-05T01:28:46.551589Z,KXETH15M-26OCT042130-30,0.9920,50.00,no
2026-10-05T01:28:46.551589Z,KXETH15M-26OCT042130-30,0.9950,31.00,no
2026-10-05T01:28:46.551589Z,KXETH15M-26OCT042130-30,0.9950,1.00,no
2026-10-05T01:28:46.551589Z,KXETH15M-26OCT042130-30,0.9950,20.00,no
2026-10-05T01:28:46.551589Z,KXETH15M-26OCT042130-30,0.9950,23.00,no
2026-10-05T01:28:46.551589Z,KXETH15M-26OCT042130-30,0.9940,16.09,no
2026-10-05T01:28:46.551589Z,KXETH15M-26OCT042130-30,0.9910,0.08,no
2026-10-05T01:28:46.551589Z,KXETH15M-26OCT042130-30,0.9910,100.00,no
2026-10-05T01:28:46.551589Z,KXETH15M-26OCT042130-30,0.9930,0.07,no
2026-10-05T01:28:46.551589Z,KXETH15M-26OCT042130-30,0.9900,377.44,no
2026-10-05T01:28:46.551589Z,KXETH15M-26OCT042130-30,0.9910,5.00,no
2026-10-05T01:28:46.551589Z,KXETH15M-26OCT042130-30,0.9910,10.00,no
2026-10-05T01:28:46.551589Z,KXETH15M-26OCT042130-30,0.9910,8.00,no
2026-10-05T01:28:46.551589Z,KXETH15M-26OCT042130-30,0.9920,0.07,no
2026-10-05T01:28:46.551589Z,KXETH15M-26OCT042130-30,0.9920,21.00,no
2026-10-05T01:28:46.551589Z,KXETH15M-26OCT042130-30,0.9910,8.00,no
2026-10-05T01:28:46.551589Z,KXETH15M-26OCT042130-30,0.9910,20.00,no
2026-10-05T01:28:46.612704Z,KXETH15M-26OCT042130-30,0.9950,2.00,yes
2026-10-05T01:28:46.884362Z,KXETH15M-26OCT042130-30,0.9960,34.12,yes
2026-10-05T01:28:47.039091Z,KXETH15M-26OCT042130-30,0.9950,4.60,no
2026-10-05T01:28:47.264439Z,KXETH15M-26OCT042130-30,0.9960,9.00,yes
2026-10-05T01:28:47.264439Z,KXETH15M-26OCT042130-30,0.9960,4.00,yes
2026-10-05T01:28:47.264439Z,KXETH15M-26OCT042130-30,0.9960,4.00,yes
2026-10-05T01:28:47.264439Z,KXETH15M-26OCT042130-30,0.9960,75.00,yes
2026-10-05T01:28:47.264439Z,KXETH15M-26OCT042130-30,0.9960,2.00,yes
2026-10-05T01:28:47.264439Z,KXETH15M-26OCT042130-30,0.9960,2.00,yes
2026-10-05T01:28:47.264439Z,KXETH15M-26OCT042130-30,0.9960,20.00,yes
2026-10-05T01:28:47.264439Z,KXETH15M-26OCT042130-30,0.9960,13.00,yes
2026-10-05T01:28:47.264439Z,KXETH15M-26OCT042130-30,0.9960,1.00,yes
2026-10-05T01:28:47.264439Z,KXETH15M-26OCT042130-30,0.9960,1.00,yes
2026-10-05T01:28:47.264439Z,KXETH15M-26OCT042130-30,0.9960,1.00,yes
2026-10-05T01:28:47.264439Z,KXETH15M-26OCT042130-30,0.9960,1.00,yes
2026-10-05T01:28:47.264439Z,KXETH15M-26OCT042130-30,0.9960,1.00,yes
2026-10-05T01:28:47.264439Z,KXETH15M-26OCT042130-30,0.9960,51.48,yes
2026-10-05T01:28:47.674159Z,KXETH15M-26OCT042130-30,0.9960,3.00,no
2026-10-05T01:28:47.674159Z,KXETH15M-26OCT042130-30,0.9960,11.00,no
2026-10-05T01:28:47.797591Z,KXETH15M-26OCT042130-30,0.9950,2.91,no
2026-10-05T01:28:47.81747Z,KXETH15M-26OCT042130-30,0.9960,46.00,yes
2026-10-05T01:28:47.81747Z,KXETH15M-26OCT042130-30,0.9960,11.00,yes
2026-10-05T01:28:47.81747Z,KXETH15M-26OCT042130-30,0.9960,33.00,yes
2026-10-05T01:28:47.81747Z,KXETH15M-26OCT042130-30,0.9960,20.00,yes
2026-10-05T01:28:47.81747Z,KXETH15M-26OCT042130-30,0.9970,40.49,yes
2026-10-05T01:28:47.868084Z,KXETH15M-26OCT042130-30,0.9950,97.87,no
2026-10-05T01:28:47.875431Z,KXETH15M-26OCT042130-30,0.9950,11.78,no
2026-10-05T01:28:47.875431Z,KXETH15M-26OCT042130-30,0.9950,7.22,no
2026-10-05T01:28:48.117291Z,KXETH15M-26OCT042130-30,0.9970,130.36,yes
2026-10-05T01:28:48.594464Z,KXETH15M-26OCT042130-30,0.9960,8.71,no
2026-10-05T01:28:48.594464Z,KXETH15M-26OCT042130-30,0.9960,21.00,no
2026-10-05T01:28:48.823926Z,KXETH15M-26OCT042130-30,0.9960,57.29,no
2026-10-05T01:28:48.823926Z,KXETH15M-26OCT042130-30,0.9960,23.00,no
2026-10-05T01:28:48.823926Z,KXETH15M-26OCT042130-30,0.9960,10.00,no
2026-10-05T01:28:48.823926Z,KXETH15M-26OCT042130-30,0.9940,92.46,no
2026-10-05T01:28:50.009216Z,KXETH15M-26OCT042130-30,0.9950,44.12,no
2026-10-05T01:28:50.009216Z,KXETH15M-26OCT042130-30,0.9960,4.00,no
2026-10-05T01:28:50.009216Z,KXETH15M-26OCT042130-30,0.9960,100.00,no
2026-10-05T01:28:50.009216Z,KXETH15M-26OCT042130-30,0.9960,17.00,no
2026-10-05T01:28:50.009216Z,KXETH15M-26OCT042130-30,0.9960,15.00,no
2026-10-05T01:28:50.009216Z,KXETH15M-26OCT042130-30,0.9960,20.00,no
2026-10-05T01:28:50.743201Z,KXETH15M-26OCT042130-30,0.9950,373.95,no
2026-10-05T01:28:50.950125Z,KXETH15M-26OCT042130-30,0.9960,20.00,no
2026-10-05T01:28:50.950125Z,KXETH15M-26OCT042130-30,0.9960,47.00,no
2026-10-05T01:28:50.950125Z,KXETH15M-26OCT042130-30,0.9960,4.00,no
2026-10-05T01:28:50.950125Z,KXETH15M-26OCT042130-30,0.9950,115.97,no
2026-10-05T01:28:51.052318Z,KXETH15M-26OCT042130-30,0.9950,931.28,no
2026-10-05T01:28:51.14011Z,KXETH15M-26OCT042130-30,0.9960,20.00,yes
2026-10-05T01:28:51.14011Z,KXETH15M-26OCT042130-30,0.9960,14.00,yes
2026-10-05T01:28:51.14011Z,KXETH15M-26OCT042130-30,0.9960,15.00,yes
2026-10-05T01:28:51.14011Z,KXETH15M-26OCT042130-30,0.9970,119.40,yes
2026-10-05T01:28:51.14011Z,KXETH15M-26OCT042130-30,0.9970,29.15,yes
2026-10-05T01:28:51.486357Z,KXETH15M-26OCT042130-30,0.9960,10.00,yes
2026-10-05T01:28:51.486357Z,KXETH15M-26OCT042130-30,0.9960,10.00,yes
2026-10-05T01:28:51.486357Z,KXETH15M-26OCT042130-30,0.9970,80.27,yes
2026-10-05T01:28:51.516711Z,KXETH15M-26OCT042130-30,0.9950,373.95,no
2026-10-05T01:28:51.812594Z,KXETH15M-26OCT042130-30,0.9950,186.97,no
2026-10-05T01:28:52.451435Z,KXETH15M-26OCT042130-30,0.9970,0.04,yes
2026-10-05T01:28:52.548924Z,KXETH15M-26OCT042130-30,0.9970,10.00,yes
2026-10-05T01:28:52.676265Z,KXETH15M-26OCT042130-30,0.9970,20.00,yes
2026-10-05T01:28:52.676265Z,KXETH15M-26OCT042130-30,0.9970,5.00,yes
2026-10-05T01:28:52.676265Z,KXETH15M-26OCT042130-30,0.9970,4.00,yes
2026-10-05T01:28:52.676265Z,KXETH15M-26OCT042130-30,0.9970,4.00,yes
2026-10-05T01:28:52.676265Z,KXETH15M-26OCT042130-30,0.9970,40.29,yes
2026-10-05T01:28:52.676265Z,KXETH15M-26OCT042130-30,0.9980,111.55,yes
2026-10-05T01:28:52.676265Z,KXETH15M-26OCT042130-30,0.9970,2.00,yes
2026-10-05T01:28:52.676265Z,KXETH15M-26OCT042130-30,0.9970,2.00,yes
2026-10-05T01:28:52.676265Z,KXETH15M-26OCT042130-30,0.9970,2.00,yes
2026-10-05T01:28:52.676265Z,KXETH15M-26OCT042130-30,0.9970,2.00,yes
2026-10-05T01:28:52.676265Z,KXETH15M-26OCT042130-30,0.9970,2.00,yes
2026-10-05T01:28:52.676265Z,KXETH15M-26OCT042130-30,0.9970,18.00,yes
2026-10-05T01:28:52.799222Z,KXETH15M-26OCT042130-30,0.9960,0.04,no
2026-10-05T01:28:52.799222Z,KXETH15M-26OCT042130-30,0.9960,41.00,no
2026-10-05T01:28:52.799222Z,KXETH15M-26OCT042130-30,0.9960,40.29,no
2026-10-05T01:28:52.799222Z,KXETH15M-26OCT042130-30,0.9960,10.00,no
2026-10-05T01:28:52.799222Z,KXETH15M-26OCT042130-30,0.9960,20.00,no
2026-10-05T01:28:52.799222Z,KXETH15M-26OCT042130-30,0.9950,245.72,no
2026-10-05T01:28:52.847763Z,KXETH15M-26OCT042130-30,0.9960,9.48,no
2026-10-05T01:28:52.9228Z,KXETH15M-26OCT042130-30,0.9960,10.00,no
2026-10-05T01:28:52.948159Z,KXETH15M-26OCT042130-30,0.9980,741.39,yes
2026-10-05T01:28:53.005824Z,KXETH15M-26OCT042130-30,0.9970,5.00,yes
2026-10-05T01:28:53.005824Z,KXETH15M-26OCT042130-30,0.9970,1.00,yes
2026-10-05T01:28:53.005824Z,KXETH15M-26OCT042130-30,0.9980,8.03,yes
2026-10-05T01:28:53.12522Z,KXETH15M-26OCT042130-30,0.9960,25.14,no
2026-10-05T01:28:53.222751Z,KXETH15M-26OCT042130-30,0.9970,53.00,yes
2026-10-05T01:28:53.370201Z,KXETH15M-26OCT042130-30,0.9970,5.00,yes
2026-10-05T01:28:53.370201Z,KXETH15M-26OCT042130-30,0.9970,3.00,yes
2026-10-05T01:28:53.370201Z,KXETH15M-26OCT042130-30,0.9970,16.56,yes
2026-10-05T01:28:53.932632Z,KXETH15M-26OCT042130-30,0.9950,324.81,no
2026-10-05T01:28:53.932632Z,KXETH15M-26OCT042130-30,0.9960,15.00,no
2026-10-05T01:28:53.932632Z,KXETH15M-26OCT042130-30,0.9960,20.00,no
2026-10-05T01:28:53.932632Z,KXETH15M-26OCT042130-30,0.9960,20.86,no
2026-10-05T01:28:54.2079Z,KXETH15M-26OCT042130-30,0.9950,76.93,no
2026-10-05T01:28:54.2079Z,KXETH15M-26OCT042130-30,0.9960,20.00,no
2026-10-05T01:28:54.2079Z,KXETH15M-26OCT042130-30,0.9960,19.00,no
2026-10-05T01:28:54.397536Z,KXETH15M-26OCT042130-30,0.9960,2.48,no
2026-10-05T01:28:54.397536Z,KXETH15M-26OCT042130-30,0.9960,15.00,no
2026-10-05T01:28:54.695769Z,KXETH15M-26OCT042130-30,0.9960,3.53,no
2026-10-05T01:28:55.051713Z,KXETH15M-26OCT042130-30,0.9960,15.00,no
2026-10-05T01:28:55.051713Z,KXETH15M-26OCT042130-30,0.9960,13.47,no
2026-10-05T01:28:55.051713Z,KXETH15M-26OCT042130-30,0.9960,20.00,no
2026-10-05T01:28:55.051713Z,KXETH15M-26OCT042130-30,0.9950,89.12,no
2026-10-05T01:28:55.326542Z,KXETH15M-26OCT042130-30,0.9970,3.44,yes
2026-10-05T01:28:55.326542Z,KXETH15M-26OCT042130-30,0.9970,5.00,yes
2026-10-05T01:28:55.326542Z,KXETH15M-26OCT042130-30,0.9960,14.00,yes
2026-10-05T01:28:55.326542Z,KXETH15M-26OCT042130-30,0.9980,2088.56,yes
2026-10-05T01:28:55.811102Z,KXETH15M-26OCT042130-30,0.9960,9.00,no
2026-10-05T01:28:55.811102Z,KXETH15M-26OCT042130-30,0.9960,1.66,no
2026-10-05T01:28:55.811102Z,KXETH15M-26OCT042130-30,0.9960,9.00,no
2026-10-05T01:28:55.823265Z,KXETH15M-26OCT042130-30,0.9970,14.50,yes
2026-10-05T01:28:55.969904Z,KXETH15M-26OCT042130-30,0.9980,5.00,yes
2026-10-05T01:28:55.969904Z,KXETH15M-26OCT042130-30,0.9970,5.00,yes
2026-10-05T01:28:55.969904Z,KXETH15M-26OCT042130-30,0.9970,20.00,yes
2026-10-05T01:28:55.969904Z,KXETH15M-26OCT042130-30,0.9960,25.00,yes
2026-10-05T01:28:55.969904Z,KXETH15M-26OCT042130-30,0.9980,231.40,yes
2026-10-05T01:28:55.969904Z,KXETH15M-26OCT042130-30,0.9960,17.00,yes
2026-10-05T01:28:55.969904Z,KXETH15M-26OCT042130-30,0.9980,4.00,yes
2026-10-05T01:28:55.969904Z,KXETH15M-26OCT042130-30,0.9980,4.00,yes
2026-10-05T01:28:55.969904Z,KXETH15M-26OCT042130-30,0.9980,500.00,yes
2026-10-05T01:28:55.969904Z,KXETH15M-26OCT042130-30,0.9980,50.47,yes
2026-10-05T01:28:55.969904Z,KXETH15M-26OCT042130-30,0.9980,500.00,yes
2026-10-05T01:28:55.969904Z,KXETH15M-26OCT042130-30,0.9980,100.00,yes
2026-10-05T01:28:55.969904Z,KXETH15M-26OCT042130-30,0.9980,3.00,yes
2026-10-05T01:28:55.969904Z,KXETH15M-26OCT042130-30,0.9980,3.00,yes
2026-10-05T01:28:55.969904Z,KXETH15M-26OCT042130-30,0.9980,3.00,yes
2026-10-05T01:28:55.969904Z,KXETH15M-26OCT042130-30,0.9980,26.00,yes
2026-10-05T01:28:55.969904Z,KXETH15M-26OCT042130-30,0.9980,3.00,yes
2026-10-05T01:28:55.969904Z,KXETH15M-26OCT042130-30,0.9980,3.00,yes
2026-10-05T01:28:56.55378Z,KXETH15M-26OCT042130-30,0.9970,1.01,yes
2026-10-05T01:28:56.80434Z,KXETH15M-26OCT042130-30,0.9950,138.97,no
2026-10-05T01:28:56.80434Z,KXETH15M-26OCT042130-30,0.9960,20.00,no
2026-10-05T01:28:56.80434Z,KXETH15M-26OCT042130-30,0.9960,4.00,no
2026-10-05T01:28:56.80434Z,KXETH15M-26OCT042130-30,0.9960,24.00,no
2026-10-05T01:28:56.972755Z,KXETH15M-26OCT042130-30,0.9960,151.00,yes
2026-10-05T01:28:57.004389Z,KXETH15M-26OCT042130-30,0.9960,49.00,yes
2026-10-05T01:28:57.004389Z,KXETH15M-26OCT042130-30,0.9970,19.03,yes
2026-10-05T01:28:57.023506Z,KXETH15M-26OCT042130-30,0.9960,0.28,yes
2026-10-05T01:28:57.078248Z,KXETH15M-26OCT042130-30,0.9960,6.00,yes
2026-10-05T01:28:57.110855Z,KXETH15M-26OCT042130-30,0.9950,2.02,no
2026-10-05T01:28:57.135845Z,KXETH15M-26OCT042130-30,0.9950,2.29,no
2026-10-05T01:28:57.317795Z,KXETH15M-26OCT042130-30,0.9960,22.72,yes
2026-10-05T01:28:57.726184Z,KXETH15M-26OCT042130-30,0.9970,8.00,yes
2026-10-05T01:28:57.787348Z,KXETH15M-26OCT042130-30,0.9960,5.04,no
2026-10-05T01:28:58.277891Z,KXETH15M-26OCT042130-30,0.9960,148.00,no
2026-10-05T01:28:58.277891Z,KXETH15M-26OCT042130-30,0.9960,33.00,no
2026-10-05T01:28:58.277891Z,KXETH15M-26OCT042130-30,0.9960,22.96,no
2026-10-05T01:28:58.277891Z,KXETH15M-26OCT042130-30,0.9950,194.45,no
2026-10-05T01:28:58.277891Z,KXETH15M-26OCT042130-30,0.9960,20.00,no
2026-10-05T01:28:58.338574Z,KXETH15M-26OCT042130-30,0.9970,6.03,yes
2026-10-05T01:28:58.338574Z,KXETH15M-26OCT042130-30,0.9970,5.00,yes
2026-10-05T01:28:58.541132Z,KXETH15M-26OCT042130-30,0.9970,1.00,yes
2026-10-05T01:28:58.770073Z,KXETH15M-26OCT042130-30,0.9960,22.00,no
2026-10-05T01:28:58.770073Z,KXETH15M-26OCT042130-30,0.9960,20.00,no
2026-10-05T01:28:58.770073Z,KXETH15M-26OCT042130-30,0.9950,19.00,no
2026-10-05T01:28:58.770073Z,KXETH15M-26OCT042130-30,0.9950,399.45,no
2026-10-05T01:28:58.770073Z,KXETH15M-26OCT042130-30,0.9950,119.40,no
2026-10-05T01:28:58.770073Z,KXETH15M-26OCT042130-30,0.9950,80.27,no
2026-10-05T01:28:58.770073Z,KXETH15M-26OCT042130-30,0.9950,100.00,no
2026-10-05T01:28:58.770073Z,KXETH15M-26OCT042130-30,0.9950,84.80,no
2026-10-05T01:28:59.497048Z,KXETH15M-26OCT042130-30,0.9960,31.00,yes
2026-10-05T01:29:00.032766Z,KXETH15M-26OCT042130-30,0.9970,11.00,yes
2026-10-05T01:29:00.053023Z,KXETH15M-26OCT042130-30,0.9970,22.00,yes
2026-10-05T01:29:00.077924Z,KXETH15M-26OCT042130-30,0.9970,1.00,yes
2026-10-05T01:29:00.146079Z,KXETH15M-26OCT042130-30,0.9970,5.00,yes
2026-10-05T01:29:00.17207Z,KXETH15M-26OCT042130-30,0.9980,1503.00,yes
2026-10-05T01:29:00.179848Z,KXETH15M-26OCT042130-30,0.9980,1627.08,yes
2026-10-05T01:29:00.46673Z,KXETH15M-26OCT042130-30,0.9980,35.00,yes
2026-10-05T01:29:00.513633Z,KXETH15M-26OCT042130-30,0.9980,5.00,yes
2026-10-05T01:29:00.535341Z,KXETH15M-26OCT042130-30,0.9980,300.32,yes
2026-10-05T01:29:01.031493Z,KXETH15M-26OCT042130-30,0.9980,575.00,yes
2026-10-05T01:29:01.071828Z,KXETH15M-26OCT042130-30,0.9980,219.00,yes
2026-10-05T01:29:01.072013Z,KXETH15M-26OCT042130-30,0.9980,969.99,yes
2026-10-05T01:29:01.240552Z,KXETH15M-26OCT042130-30,0.9980,32.00,yes
2026-10-05T01:29:01.240552Z,KXETH15M-26OCT042130-30,0.9980,65.00,yes
2026-10-05T01:29:01.650366Z,KXETH15M-26OCT042130-30,0.9990,2.00,yes
2026-10-05T01:29:01.734546Z,KXETH15M-26OCT042130-30,0.9990,250.25,yes
2026-10-05T01:29:01.879301Z,KXETH15M-26OCT042130-30,0.9980,1557.96,no
2026-10-05T01:29:02.01812Z,KXETH15M-26OCT042130-30,0.9990,10.01,yes
2026-10-05T01:29:02.021383Z,KXETH15M-26OCT042130-30,0.9990,5.00,yes
2026-10-05T01:29:02.334885Z,KXETH15M-26OCT042130-30,0.9980,229.01,no
2026-10-05T01:29:02.660279Z,KXETH15M-26OCT042130-30,0.9980,1.00,no
2026-10-05T01:29:02.704117Z,KXETH15M-26OCT042130-30,0.9980,1.10,no
2026-10-05T01:29:03.122171Z,KXETH15M-26OCT042130-30,0.9980,32.08,no
2026-10-05T01:29:03.715622Z,KXETH15M-26OCT042130-30,0.9990,4.00,yes
2026-10-05T01:29:03.738046Z,KXETH15M-26OCT042130-30,0.9990,6.46,yes
2026-10-05T01:29:04.142711Z,KXETH15M-26OCT042130-30,0.9990,65.52,yes
2026-10-05T01:29:04.318829Z,KXETH15M-26OCT042130-30,0.9980,366.41,no
2026-10-05T01:29:04.571888Z,KXETH15M-26OCT042130-30,0.9990,588.81,yes
2026-10-05T01:29:04.750189Z,KXETH15M-26OCT042130-30,0.9980,76.36,no
2026-10-05T01:29:05.020861Z,KXETH15M-26OCT042130-30,0.9990,30.02,yes
2026-10-05T01:29:05.117869Z,KXETH15M-26OCT042130-30,0.9980,200.00,no
2026-10-05T01:29:05.140226Z,KXETH15M-26OCT042130-30,0.9980,6.23,no
2026-10-05T01:29:05.180503Z,KXETH15M-26OCT042130-30,0.9990,200.00,yes
2026-10-05T01:29:05.34142Z,KXETH15M-26OCT042130-30,0.9980,150.49,no
2026-10-05T01:29:05.949902Z,KXETH15M-26OCT042130-30,0.9980,23.00,no
2026-10-05T01:29:06.004853Z,KXETH15M-26OCT042130-30,0.9990,250.00,yes
2026-10-05T01:29:06.08024Z,KXETH15M-26OCT042130-30,0.9990,2745.07,yes
2026-10-05T01:29:06.08024Z,KXETH15M-26OCT042130-30,0.9990,587.93,yes
2026-10-05T01:29:06.480771Z,KXETH15M-26OCT042130-30,0.9980,178.40,no
2026-10-05T01:29:06.781304Z,KXETH15M-26OCT042130-30,0.9990,1071.00,yes
2026-10-05T01:29:07.609286Z,KXETH15M-26OCT042130-30,0.9990,1112.03,yes
2026-10-05T01:29:07.696918Z,KXETH15M-26OCT042130-30,0.9990,1.00,yes
2026-10-05T01:29:07.827363Z,KXETH15M-26OCT042130-30,0.9990,2.00,yes
2026-10-05T01:29:08.282332Z,KXETH15M-26OCT042130-30,0.9990,0.25,yes
2026-10-05T01:29:08.773816Z,KXETH15M-26OCT042130-30,0.9980,67.46,no
2026-10-05T01:29:09.2091Z,KXETH15M-26OCT042130-30,0.9980,383.95,no
2026-10-05T01:29:10.300033Z,KXETH15M-26OCT042130-30,0.9990,535.00,yes
2026-10-05T01:29:10.381152Z,KXETH15M-26OCT042130-30,0.9990,3.00,yes
2026-10-05T01:29:10.689014Z,KXETH15M-26OCT042130-30,0.9990,888.00,yes
2026-10-05T01:29:11.474982Z,KXETH15M-26OCT042130-30,0.9980,458.01,no
2026-10-05T01:29:11.710856Z,KXETH15M-26OCT042130-30,0.9980,3.00,no
2026-10-05T01:29:12.18435Z,KXETH15M-26OCT042130-30,0.9980,458.01,no
2026-10-05T01:29:13.60998Z,KXETH15M-26OCT042130-30,0.9990,125.00,yes
2026-10-05T01:29:13.763346Z,KXETH15M-26OCT042130-30,0.9980,229.01,no
2026-10-05T01:29:13.961639Z,KXETH15M-26OCT042130-30,0.9990,10.52,yes
2026-10-05T01:29:14.04171Z,KXETH15M-26OCT042130-30,0.9990,56.34,yes
2026-10-05T01:29:14.04171Z,KXETH15M-26OCT042130-30,0.9990,260.00,yes
2026-10-05T01:29:14.04171Z,KXETH15M-26OCT042130-30,0.9990,56.00,yes
2026-10-05T01:29:14.04171Z,KXETH15M-26OCT042130-30,0.9990,4.00,yes
2026-10-05T01:29:14.04171Z,KXETH15M-26OCT042130-30,0.9990,4.00,yes
2026-10-05T01:29:14.04171Z,KXETH15M-26OCT042130-30,0.9990,58.00,yes
2026-10-05T01:29:14.04171Z,KXETH15M-26OCT042130-30,0.9990,41.00,yes
2026-10-05T01:29:14.04171Z,KXETH15M-26OCT042130-30,0.9990,4695.13,yes
2026-10-05T01:29:14.04171Z,KXETH15M-26OCT042130-30,0.9990,400.00,yes
2026-10-05T01:29:14.04171Z,KXETH15M-26OCT042130-30,0.9990,600.00,yes
2026-10-05T01:29:14.04171Z,KXETH15M-26OCT042130-30,0.9990,1.00,yes
2026-10-05T01:29:14.04171Z,KXETH15M-26OCT042130-30,0.9990,1000.00,yes
2026-10-05T01:29:14.04171Z,KXETH15M-26OCT042130-30,0.9990,1.00,yes
2026-10-05T01:29:14.04171Z,KXETH15M-26OCT042130-30,0.9990,1.00,yes
2026-10-05T01:29:15.392228Z,KXETH15M-26OCT042130-30,0.9990,20.47,no
2026-10-05T01:29:16.129323Z,KXETH15M-26OCT042130-30,0.9990,100.00,no
2026-10-05T01:29:16.129323Z,KXETH15M-26OCT042130-30,0.9990,29.60,no
2026-10-05T01:29:16.129323Z,KXETH15M-26OCT042130-30,0.9990,304.06,no
2026-10-05T01:29:16.489272Z,KXETH15M-26OCT042130-30,0.9990,55.81,no
2026-10-05T01:29:17.740965Z,KXETH15M-26OCT042130-30,0.9990,403.58,no
2026-10-05T01:29:17.895356Z,KXETH15M-26OCT042130-30,0.9990,17.03,no
2026-10-05T01:29:18.20335Z,KXETH15M-26OCT042130-30,0.9990,0.53,no
2026-10-05T01:29:18.346354Z,KXETH15M-26OCT042130-30,0.9990,1013.23,no
2026-10-05T01:29:19.430094Z,KXETH15M-26OCT042130-30,0.9990,91.00,no
2026-10-05T01:29:19.441961Z,KXETH15M-26OCT042130-30,0.9990,1190.00,no
2026-10-05T01:29:20.123078Z,KXETH15M-26OCT042130-30,0.9990,138.77,no
2026-10-05T01:29:20.123078Z,KXETH15M-26OCT042130-30,0.9990,777.22,no
2026-10-05T01:29:21.144286Z,KXETH15M-26OCT042130-30,0.9990,535.00,no
2026-10-05T01:29:21.144286Z,KXETH15M-26OCT042130-30,0.9990,973.26,no
2026-10-05T01:29:21.144286Z,KXETH15M-26OCT042130-30,0.9990,323.64,no
2026-10-05T01:29:21.321681Z,KXETH15M-26OCT042130-30,0.9990,5.63,no
2026-10-05T01:29:22.291136Z,KXETH15M-26OCT042130-30,0.9990,24.56,no
2026-10-05T01:29:23.209353Z,KXETH15M-26OCT042130-30,0.9990,915.99,no
2026-10-05T01:29:23.476733Z,KXETH15M-26OCT042130-30,0.9990,458.04,no
2026-10-05T01:29:23.855564Z,KXETH15M-26OCT042130-30,0.9990,915.99,no
2026-10-05T01:29:27.000184Z,KXETH15M-26OCT042130-30,0.9990,10.52,no
2026-10-05T01:29:27.383181Z,KXETH15M-26OCT042130-30,0.9990,11.00,no
2026-10-05T01:29:28.721098Z,KXETH15M-26OCT042130-30,0.9990,79.70,no
2026-10-05T01:29:28.721098Z,KXETH15M-26OCT042130-30,0.9990,1071.00,no
2026-10-05T01:29:28.721098Z,KXETH15M-26OCT042130-30,0.9990,888.00,no
2026-10-05T01:29:28.721098Z,KXETH15M-26OCT042130-30,0.9990,10862.43,no
2026-10-05T01:29:28.721098Z,KXETH15M-26OCT042130-30,0.9990,581.00,no
2026-10-05T01:29:28.721098Z,KXETH15M-26OCT042130-30,0.9990,16.77,no
2026-10-05T01:29:28.721098Z,KXETH15M-26OCT042130-30,0.9990,4695.13,no
2026-10-05T01:29:28.721098Z,KXETH15M-26OCT042130-30,0.9990,125.00,no
2026-10-05T01:29:29.156422Z,KXETH15M-26OCT042130-30,0.9990,915.99,no
2026-10-05T01:29:29.194381Z,KXETH15M-26OCT042130-30,0.9990,48.34,no
2026-10-05T01:29:29.439894Z,KXETH15M-26OCT042130-30,0.9990,1831.90,no
2026-10-05T01:29:30.472064Z,KXETH15M-26OCT042130-30,0.9990,4579.77,no
2026-10-05T01:29:32.961612Z,KXETH15M-26OCT042130-30,0.9990,0.31,no
2026-10-05T01:29:33.893138Z,KXETH15M-26OCT042130-30,0.9990,12.78,no
2026-10-05T01:29:34.999658Z,KXETH15M-26OCT042130-30,0.9990,12.06,no
2026-10-05T01:29:35.824994Z,KXETH15M-26OCT042130-30,0.9990,915.99,no
2026-10-05T01:29:37.87159Z,KXETH15M-26OCT042130-30,0.9990,934.20,no
2026-10-05T01:29:38.7265Z,KXETH15M-26OCT042130-30,0.9990,78.67,no
2026-10-05T01:29:39.729489Z,KXETH15M-26OCT042130-30,0.9990,3.10,no
2026-10-05T01:29:41.646723Z,KXETH15M-26OCT042130-30,0.9990,4579.77,no
2026-10-05T01:29:42.497287Z,KXETH15M-26OCT042130-30,0.9990,8557.69,no
2026-10-05T01:29:42.497287Z,KXETH15M-26OCT042130-30,0.9990,12.00,no
2026-10-05T01:29:42.497287Z,KXETH15M-26OCT042130-30,0.9990,589.86,no
2026-10-05T01:29:43.886084Z,KXETH15M-26OCT042130-30,0.9990,915.99,no
2026-10-05T01:29:44.177413Z,KXETH15M-26OCT042130-30,0.9990,24.84,no
2026-10-05T01:29:44.177413Z,KXETH15M-26OCT042130-30,0.9990,5.00,no
2026-10-05T01:29:44.177413Z,KXETH15M-26OCT042130-30,0.9990,160.00,no
2026-10-05T01:29:44.177413Z,KXETH15M-26OCT042130-30,0.9990,10.00,no
2026-10-05T01:29:44.177413Z,KXETH15M-26OCT042130-30,0.9990,716.15,no
2026-10-05T01:29:44.773238Z,KXETH15M-26OCT042130-30,0.9990,54.96,no
2026-10-05T01:29:47.610853Z,KXETH15M-26OCT042130-30,0.9990,3.04,no
2026-10-05T01:29:52.629937Z,KXETH15M-26OCT042130-30,0.9990,14.03,no
2026-10-05T01:29:53.741206Z,KXETH15M-26OCT042130-30,0.9990,934.69,no
2026-10-05T01:29:55.607527Z,KXETH15M-26OCT042130-30,0.9990,1960.33,no
2026-10-05T01:29:55.607527Z,KXETH15M-26OCT042130-30,0.9990,528.44,no
2026-10-05T01:29:55.607527Z,KXETH15M-26OCT042130-30,0.9990,2000.00,no
2026-10-05T01:29:55.607527Z,KXETH15M-26OCT042130-30,0.9990,91.00,no
2026-10-05T01:29:57.33073Z,KXETH15M-26OCT042130-30,0.9990,915.99,no
2026-10-05T01:29:58.871523Z,KXETH15M-26OCT042130-30,0.9990,333.27,no
2026-10-05T01:29:59.30424Z,KXETH15M-26OCT042130-30,0.9990,3.03,no
2026-10-05T01:28:44.147416Z,KXNEAR15M-26OCT042130-30,0.2600,7.00,yes
2026-10-05T01:28:44.147416Z,KXNEAR15M-26OCT042130-30,0.2600,8.00,yes
2026-10-05T01:28:44.147416Z,KXNEAR15M-26OCT042130-30,0.2600,31.00,yes
2026-10-05T01:28:44.147416Z,KXNEAR15M-26OCT042130-30,0.2700,47.00,yes
2026-10-05T01:28:44.147416Z,KXNEAR15M-26OCT042130-30,0.2700,0.03,yes
2026-10-05T01:28:44.147416Z,KXNEAR15M-26OCT042130-30,0.2600,0.03,yes
2026-10-05T01:28:44.425007Z,KXNEAR15M-26OCT042130-30,0.2400,2.00,no
2026-10-05T01:28:44.425007Z,KXNEAR15M-26OCT042130-30,0.2500,25.00,no
2026-10-05T01:28:44.425007Z,KXNEAR15M-26OCT042130-30,0.2400,4.34,no
2026-10-05T01:28:44.425007Z,KXNEAR15M-26OCT042130-30,0.2500,0.03,no
2026-10-05T01:28:44.425007Z,KXNEAR15M-26OCT042130-30,0.2500,1.00,no
2026-10-05T01:28:44.840457Z,KXNEAR15M-26OCT042130-30,0.2800,0.80,yes
2026-10-05T01:28:44.840457Z,KXNEAR15M-26OCT042130-30,0.2700,2.00,yes
2026-10-05T01:28:44.840457Z,KXNEAR15M-26OCT042130-30,0.2700,4.00,yes
2026-10-05T01:28:44.865288Z,KXNEAR15M-26OCT042130-30,0.2800,29.20,yes
2026-10-05T01:28:44.865288Z,KXNEAR15M-26OCT042130-30,0.3200,30.00,yes
2026-10-05T01:28:44.865288Z,KXNEAR15M-26OCT042130-30,0.3000,30.00,yes
2026-10-05T01:28:44.865288Z,KXNEAR15M-26OCT042130-30,0.2900,30.00,yes
2026-10-05T01:28:44.865288Z,KXNEAR15M-26OCT042130-30,0.3100,30.00,yes
2026-10-05T01:28:44.865288Z,KXNEAR15M-26OCT042130-30,0.3300,30.00,yes
2026-10-05T01:28:44.865288Z,KXNEAR15M-26OCT042130-30,0.3500,30.00,yes
2026-10-05T01:28:44.865288Z,KXNEAR15M-26OCT042130-30,0.3400,30.00,yes
2026-10-05T01:28:44.865288Z,KXNEAR15M-26OCT042130-30,0.3000,8.00,yes
2026-10-05T01:28:44.865288Z,KXNEAR15M-26OCT042130-30,0.3000,3.00,yes
2026-10-05T01:28:44.865288Z,KXNEAR15M-26OCT042130-30,0.2900,3.00,yes
2026-10-05T01:28:44.865288Z,KXNEAR15M-26OCT042130-30,0.2800,2.00,yes
2026-10-05T01:28:44.865288Z,KXNEAR15M-26OCT042130-30,0.3200,0.03,yes
2026-10-05T01:28:44.865288Z,KXNEAR15M-26OCT042130-30,0.3500,5.00,yes
2026-10-05T01:28:44.87363Z,KXNEAR15M-26OCT042130-30,0.3200,30.00,yes
2026-10-05T01:28:44.873995Z,KXNEAR15M-26OCT042130-30,0.3600,17.00,yes
2026-10-05T01:28:44.873995Z,KXNEAR15M-26OCT042130-30,0.3200,13.00,yes
2026-10-05T01:28:44.874942Z,KXNEAR15M-26OCT042130-30,0.4000,30.00,yes
2026-10-05T01:28:44.874942Z,KXNEAR15M-26OCT042130-30,0.3900,30.00,yes
2026-10-05T01:28:44.874942Z,KXNEAR15M-26OCT042130-30,0.3700,30.00,yes
2026-10-05T01:28:44.874942Z,KXNEAR15M-26OCT042130-30,0.3800,30.00,yes
2026-10-05T01:28:44.874942Z,KXNEAR15M-26OCT042130-30,0.3600,13.00,yes
2026-10-05T01:28:44.874942Z,KXNEAR15M-26OCT042130-30,0.3600,8.00,yes
2026-10-05T01:28:44.874942Z,KXNEAR15M-26OCT042130-30,0.4000,24.00,yes
2026-10-05T01:28:44.885771Z,KXNEAR15M-26OCT042130-30,0.3500,8.00,yes
2026-10-05T01:28:44.895527Z,KXNEAR15M-26OCT042130-30,0.3500,41.00,yes
2026-10-05T01:28:44.895527Z,KXNEAR15M-26OCT042130-30,0.3600,14.00,yes
2026-10-05T01:28:44.898227Z,KXNEAR15M-26OCT042130-30,0.3600,26.00,yes
2026-10-05T01:28:44.898227Z,KXNEAR15M-26OCT042130-30,0.3800,5.00,yes
2026-10-05T01:28:44.898227Z,KXNEAR15M-26OCT042130-30,0.3800,8.00,yes
2026-10-05T01:28:45.140899Z,KXNEAR15M-26OCT042130-30,0.3800,1.00,yes
2026-10-05T01:28:45.140899Z,KXNEAR15M-26OCT042130-30,0.3900,5.00,yes
2026-10-05T01:28:45.140899Z,KXNEAR15M-26OCT042130-30,0.3900,8.00,yes
2026-10-05T01:28:45.140899Z,KXNEAR15M-26OCT042130-30,0.3900,2.00,yes
2026-10-05T01:28:45.140899Z,KXNEAR15M-26OCT042130-30,0.3800,2.00,yes
2026-10-05T01:28:45.140899Z,KXNEAR15M-26OCT042130-30,0.3900,39.00,yes
2026-10-05T01:28:45.150563Z,KXNEAR15M-26OCT042130-30,0.3900,1.00,yes
2026-10-05T01:28:45.158241Z,KXNEAR15M-26OCT042130-30,0.3900,8.00,yes
2026-10-05T01:28:45.158241Z,KXNEAR15M-26OCT042130-30,0.3900,1.00,yes
2026-10-05T01:28:45.158241Z,KXNEAR15M-26OCT042130-30,0.4000,17.01,yes
2026-10-05T01:28:45.251325Z,KXNEAR15M-26OCT042130-30,0.3900,8.00,yes
2026-10-05T01:28:45.251325Z,KXNEAR15M-26OCT042130-30,0.3900,5.00,yes
2026-10-05T01:28:46.00832Z,KXNEAR15M-26OCT042130-30,0.3900,5.00,no
2026-10-05T01:28:46.043355Z,KXNEAR15M-26OCT042130-30,0.3900,25.00,no
2026-10-05T01:28:46.134224Z,KXNEAR15M-26OCT042130-30,0.3900,2.12,yes
2026-10-05T01:28:46.161255Z,KXNEAR15M-26OCT042130-30,0.3900,30.00,no
2026-10-05T01:28:46.161255Z,KXNEAR15M-26OCT042130-30,0.3900,19.00,no
2026-10-05T01:28:46.394271Z,KXNEAR15M-26OCT042130-30,0.3800,3.92,no
2026-10-05T01:28:46.495855Z,KXNEAR15M-26OCT042130-30,0.3900,1.00,yes
2026-10-05T01:28:46.495855Z,KXNEAR15M-26OCT042130-30,0.3900,1.39,yes
2026-10-05T01:28:46.589645Z,KXNEAR15M-26OCT042130-30,0.3900,25.31,yes
2026-10-05T01:28:46.589645Z,KXNEAR15M-26OCT042130-30,0.3900,5.00,yes
2026-10-05T01:28:46.589645Z,KXNEAR15M-26OCT042130-30,0.3900,6.61,yes
2026-10-05T01:28:46.589687Z,KXNEAR15M-26OCT042130-30,0.4000,111.00,yes
2026-10-05T01:28:46.589687Z,KXNEAR15M-26OCT042130-30,0.4000,39.00,yes
2026-10-05T01:28:46.589687Z,KXNEAR15M-26OCT042130-30,0.3900,8.00,yes
2026-10-05T01:28:46.589687Z,KXNEAR15M-26OCT042130-30,0.3900,1.39,yes
2026-10-05T01:28:46.589687Z,KXNEAR15M-26OCT042130-30,0.3900,13.69,yes
2026-10-05T01:28:46.589687Z,KXNEAR15M-26OCT042130-30,0.4000,1.00,yes
2026-10-05T01:28:46.590263Z,KXNEAR15M-26OCT042130-30,0.4100,30.00,yes
2026-10-05T01:28:46.590263Z,KXNEAR15M-26OCT042130-30,0.4300,30.00,yes
2026-10-05T01:28:46.590263Z,KXNEAR15M-26OCT042130-30,0.4200,30.00,yes
2026-10-05T01:28:46.590263Z,KXNEAR15M-26OCT042130-30,0.4100,3.00,yes
2026-10-05T01:28:46.630202Z,KXNEAR15M-26OCT042130-30,0.4400,4.00,yes
2026-10-05T01:28:46.845135Z,KXNEAR15M-26OCT042130-30,0.4300,48.00,no
2026-10-05T01:28:46.845135Z,KXNEAR15M-26OCT042130-30,0.4000,30.00,no
2026-10-05T01:28:46.845135Z,KXNEAR15M-26OCT042130-30,0.4300,8.00,no
2026-10-05T01:28:46.845135Z,KXNEAR15M-26OCT042130-30,0.3900,30.00,no
2026-10-05T01:28:46.845135Z,KXNEAR15M-26OCT042130-30,0.4100,19.00,no
2026-10-05T01:28:46.845135Z,KXNEAR15M-26OCT042130-30,0.4100,30.00,no
2026-10-05T01:28:46.845135Z,KXNEAR15M-26OCT042130-30,0.4200,30.00,no
2026-10-05T01:28:46.845135Z,KXNEAR15M-26OCT042130-30,0.4200,173.00,no
2026-10-05T01:28:46.845135Z,KXNEAR15M-26OCT042130-30,0.4200,19.00,no
2026-10-05T01:28:46.845135Z,KXNEAR15M-26OCT042130-30,0.4300,30.00,no
2026-10-05T01:28:46.845135Z,KXNEAR15M-26OCT042130-30,0.3800,16.21,no
2026-10-05T01:28:46.845135Z,KXNEAR15M-26OCT042130-30,0.4300,1.00,no
2026-10-05T01:28:46.850335Z,KXNEAR15M-26OCT042130-30,0.4000,26.00,yes
2026-10-05T01:28:46.852649Z,KXNEAR15M-26OCT042130-30,0.3900,19.00,no
2026-10-05T01:28:46.852649Z,KXNEAR15M-26OCT042130-30,0.3800,8.00,no
2026-10-05T01:28:46.852649Z,KXNEAR15M-26OCT042130-30,0.3700,3.00,no
2026-10-05T01:28:46.852649Z,KXNEAR15M-26OCT042130-30,0.3800,9.87,no
2026-10-05T01:28:46.85468Z,KXNEAR15M-26OCT042130-30,0.3800,19.00,no
2026-10-05T01:28:46.85468Z,KXNEAR15M-26OCT042130-30,0.3700,27.00,no
2026-10-05T01:28:46.85468Z,KXNEAR15M-26OCT042130-30,0.3600,30.00,no
2026-10-05T01:28:46.85468Z,KXNEAR15M-26OCT042130-30,0.3500,15.00,no
2026-10-05T01:28:46.85468Z,KXNEAR15M-26OCT042130-30,0.3600,8.00,no
2026-10-05T01:28:46.857473Z,KXNEAR15M-26OCT042130-30,0.4000,57.82,yes
2026-10-05T01:28:47.196905Z,KXNEAR15M-26OCT042130-30,0.3900,1.72,yes
2026-10-05T01:28:48.406079Z,KXNEAR15M-26OCT042130-30,0.3600,7.56,no
2026-10-05T01:28:48.406079Z,KXNEAR15M-26OCT042130-30,0.3700,8.00,no
2026-10-05T01:28:48.406079Z,KXNEAR15M-26OCT042130-30,0.3600,1.00,no
2026-10-05T01:28:48.406079Z,KXNEAR15M-26OCT042130-30,0.3700,1.00,no
2026-10-05T01:28:48.406079Z,KXNEAR15M-26OCT042130-30,0.3700,5.00,no
2026-10-05T01:28:48.750493Z,KXNEAR15M-26OCT042130-30,0.3800,1.26,yes
2026-10-05T01:28:49.601869Z,KXNEAR15M-26OCT042130-30,0.3600,0.95,no
2026-10-05T01:28:49.851958Z,KXNEAR15M-26OCT042130-30,0.3600,9.49,no
2026-10-05T01:28:49.904841Z,KXNEAR15M-26OCT042130-30,0.4100,6.06,yes
2026-10-05T01:28:49.904841Z,KXNEAR15M-26OCT042130-30,0.4000,5.00,yes
2026-10-05T01:28:49.904841Z,KXNEAR15M-26OCT042130-30,0.3900,5.00,yes
2026-10-05T01:28:49.906757Z,KXNEAR15M-26OCT042130-30,0.4100,31.94,yes
2026-10-05T01:28:50.152124Z,KXNEAR15M-26OCT042130-30,0.4000,27.24,yes
2026-10-05T01:28:50.157474Z,KXNEAR15M-26OCT042130-30,0.4000,11.76,yes
2026-10-05T01:28:50.157474Z,KXNEAR15M-26OCT042130-30,0.4100,8.00,yes
2026-10-05T01:28:50.165345Z,KXNEAR15M-26OCT042130-30,0.4000,38.00,yes
2026-10-05T01:28:50.169374Z,KXNEAR15M-26OCT042130-30,0.4000,1.00,yes
2026-10-05T01:28:50.169374Z,KXNEAR15M-26OCT042130-30,0.4100,2.00,yes
2026-10-05T01:28:50.169374Z,KXNEAR15M-26OCT042130-30,0.4200,22.27,yes
2026-10-05T01:28:50.177452Z,KXNEAR15M-26OCT042130-30,0.4200,15.73,yes
2026-10-05T01:28:51.501963Z,KXNEAR15M-26OCT042130-30,0.4000,30.00,yes
2026-10-05T01:28:51.944948Z,KXNEAR15M-26OCT042130-30,0.3900,9.00,no
2026-10-05T01:28:51.944948Z,KXNEAR15M-26OCT042130-30,0.3700,2.00,no
2026-10-05T01:28:51.944948Z,KXNEAR15M-26OCT042130-30,0.3700,7.00,no
2026-10-05T01:28:51.944948Z,KXNEAR15M-26OCT042130-30,0.3600,5.39,no
2026-10-05T01:28:52.240057Z,KXNEAR15M-26OCT042130-30,0.4000,0.59,yes
2026-10-05T01:28:52.240057Z,KXNEAR15M-26OCT042130-30,0.4000,9.00,yes
2026-10-05T01:28:52.267594Z,KXNEAR15M-26OCT042130-30,0.4000,0.03,yes
2026-10-05T01:28:52.267594Z,KXNEAR15M-26OCT042130-30,0.4100,0.03,yes
2026-10-05T01:28:52.267594Z,KXNEAR15M-26OCT042130-30,0.4000,29.41,yes
2026-10-05T01:28:52.267594Z,KXNEAR15M-26OCT042130-30,0.4100,8.00,yes
2026-10-05T01:28:52.271353Z,KXNEAR15M-26OCT042130-30,0.4200,10.00,yes
2026-10-05T01:28:52.746493Z,KXNEAR15M-26OCT042130-30,0.3800,17.11,no
2026-10-05T01:28:53.170482Z,KXNEAR15M-26OCT042130-30,0.3900,10.00,yes
2026-10-05T01:28:53.170482Z,KXNEAR15M-26OCT042130-30,0.3900,8.00,yes
2026-10-05T01:28:53.170482Z,KXNEAR15M-26OCT042130-30,0.3900,7.00,yes
2026-10-05T01:28:53.2894Z,KXNEAR15M-26OCT042130-30,0.4000,29.03,yes
2026-10-05T01:28:53.2894Z,KXNEAR15M-26OCT042130-30,0.3900,3.00,yes
2026-10-05T01:28:53.41946Z,KXNEAR15M-26OCT042130-30,0.3900,2.00,yes
2026-10-05T01:28:53.41946Z,KXNEAR15M-26OCT042130-30,0.3900,0.28,yes
2026-10-05T01:28:53.683425Z,KXNEAR15M-26OCT042130-30,0.3400,1.00,no
2026-10-05T01:28:53.683425Z,KXNEAR15M-26OCT042130-30,0.3600,5.00,no
2026-10-05T01:28:53.683425Z,KXNEAR15M-26OCT042130-30,0.3500,8.00,no
2026-10-05T01:28:53.683425Z,KXNEAR15M-26OCT042130-30,0.3400,20.00,no
2026-10-05T01:28:53.683425Z,KXNEAR15M-26OCT042130-30,0.3400,44.09,no
2026-10-05T01:28:53.683425Z,KXNEAR15M-26OCT042130-30,0.3600,20.00,no
2026-10-05T01:28:54.5611Z,KXNEAR15M-26OCT042130-30,0.4200,4.00,yes
2026-10-05T01:28:54.731458Z,KXNEAR15M-26OCT042130-30,0.3700,20.00,no
2026-10-05T01:28:54.731458Z,KXNEAR15M-26OCT042130-30,0.3500,8.00,no
2026-10-05T01:28:54.731458Z,KXNEAR15M-26OCT042130-30,0.3800,3.00,no
2026-10-05T01:28:54.731458Z,KXNEAR15M-26OCT042130-30,0.3400,87.71,no
2026-10-05T01:28:54.731458Z,KXNEAR15M-26OCT042130-30,0.3600,100.00,no
2026-10-05T01:28:54.731458Z,KXNEAR15M-26OCT042130-30,0.4000,2.00,no
2026-10-05T01:28:54.731458Z,KXNEAR15M-26OCT042130-30,0.3900,3.00,no
2026-10-05T01:28:54.731458Z,KXNEAR15M-26OCT042130-30,0.4100,8.00,no
2026-10-05T01:28:54.731458Z,KXNEAR15M-26OCT042130-30,0.3700,0.03,no
2026-10-05T01:28:54.974403Z,KXNEAR15M-26OCT042130-30,0.4200,22.88,yes
2026-10-05T01:28:55.210557Z,KXNEAR15M-26OCT042130-30,0.3700,0.03,no
2026-10-05T01:28:55.210557Z,KXNEAR15M-26OCT042130-30,0.3700,20.00,no
2026-10-05T01:28:55.466189Z,KXNEAR15M-26OCT042130-30,0.4700,6.39,yes
2026-10-05T01:28:55.466189Z,KXNEAR15M-26OCT042130-30,0.4500,30.00,yes
2026-10-05T01:28:55.466189Z,KXNEAR15M-26OCT042130-30,0.4600,30.00,yes
2026-10-05T01:28:55.466189Z,KXNEAR15M-26OCT042130-30,0.4400,26.00,yes
2026-10-05T01:28:55.466189Z,KXNEAR15M-26OCT042130-30,0.4200,6.00,yes
2026-10-05T01:28:55.466189Z,KXNEAR15M-26OCT042130-30,0.4600,100.00,yes
2026-10-05T01:28:55.466189Z,KXNEAR15M-26OCT042130-30,0.4400,38.00,yes
2026-10-05T01:28:55.466189Z,KXNEAR15M-26OCT042130-30,0.4300,8.00,yes
2026-10-05T01:28:55.466189Z,KXNEAR15M-26OCT042130-30,0.4400,100.00,yes
2026-10-05T01:28:55.466189Z,KXNEAR15M-26OCT042130-30,0.4200,0.03,yes
2026-10-05T01:28:55.466189Z,KXNEAR15M-26OCT042130-30,0.4200,37.00,yes
2026-10-05T01:28:55.466189Z,KXNEAR15M-26OCT042130-30,0.4500,1.00,yes
2026-10-05T01:28:55.466189Z,KXNEAR15M-26OCT042130-30,0.4200,1.12,yes
2026-10-05T01:28:55.466189Z,KXNEAR15M-26OCT042130-30,0.4200,1.00,yes
2026-10-05T01:28:55.616259Z,KXNEAR15M-26OCT042130-30,0.3700,0.60,no
2026-10-05T01:28:56.822404Z,KXNEAR15M-26OCT042130-30,0.3900,10.99,yes
2026-10-05T01:28:56.822404Z,KXNEAR15M-26OCT042130-30,0.3600,0.01,yes
2026-10-05T01:28:57.141863Z,KXNEAR15M-26OCT042130-30,0.3500,20.00,no
2026-10-05T01:28:57.141863Z,KXNEAR15M-26OCT042130-30,0.3400,8.00,no
2026-10-05T01:28:57.141863Z,KXNEAR15M-26OCT042130-30,0.3400,2.00,no
2026-10-05T01:28:57.141863Z,KXNEAR15M-26OCT042130-30,0.3300,6.49,no
2026-10-05T01:28:57.341999Z,KXNEAR15M-26OCT042130-30,0.3900,0.03,yes
2026-10-05T01:28:57.341999Z,KXNEAR15M-26OCT042130-30,0.4000,84.77,yes
2026-10-05T01:28:57.341999Z,KXNEAR15M-26OCT042130-30,0.3900,28.01,yes
2026-10-05T01:28:57.341999Z,KXNEAR15M-26OCT042130-30,0.3900,8.00,yes
2026-10-05T01:28:58.029338Z,KXNEAR15M-26OCT042130-30,0.3500,14.00,no
2026-10-05T01:28:58.21387Z,KXNEAR15M-26OCT042130-30,0.3500,6.00,no
2026-10-05T01:28:58.21387Z,KXNEAR15M-26OCT042130-30,0.3500,14.00,no
2026-10-05T01:28:58.339814Z,KXNEAR15M-26OCT042130-30,0.3500,30.00,yes
2026-10-05T01:28:58.339814Z,KXNEAR15M-26OCT042130-30,0.3500,7.00,yes
2026-10-05T01:28:58.504146Z,KXNEAR15M-26OCT042130-30,0.3500,20.00,no
2026-10-05T01:28:59.081281Z,KXNEAR15M-26OCT042130-30,0.3500,20.00,no
2026-10-05T01:28:59.085609Z,KXNEAR15M-26OCT042130-30,0.3200,1.00,no
2026-10-05T01:28:59.085609Z,KXNEAR15M-26OCT042130-30,0.3400,6.00,no
2026-10-05T01:28:59.085609Z,KXNEAR15M-26OCT042130-30,0.3300,14.51,no
2026-10-05T01:28:59.085609Z,KXNEAR15M-26OCT042130-30,0.3400,8.00,no
2026-10-05T01:28:59.085609Z,KXNEAR15M-26OCT042130-30,0.3200,14.69,no
2026-10-05T01:28:59.085609Z,KXNEAR15M-26OCT042130-30,0.3300,30.00,no
2026-10-05T01:28:59.130271Z,KXNEAR15M-26OCT042130-30,0.3500,20.00,no
2026-10-05T01:28:59.130271Z,KXNEAR15M-26OCT042130-30,0.3400,8.00,no
2026-10-05T01:28:59.130271Z,KXNEAR15M-26OCT042130-30,0.3300,4.21,no
2026-10-05T01:28:59.455455Z,KXNEAR15M-26OCT042130-30,0.3700,10.00,yes
2026-10-05T01:28:59.455455Z,KXNEAR15M-26OCT042130-30,0.3700,2.94,yes
2026-10-05T01:28:59.846895Z,KXNEAR15M-26OCT042130-30,0.3700,37.06,yes
2026-10-05T01:28:59.854874Z,KXNEAR15M-26OCT042130-30,0.3900,2.00,yes
2026-10-05T01:28:59.854874Z,KXNEAR15M-26OCT042130-30,0.3900,39.00,yes
2026-10-05T01:28:59.854874Z,KXNEAR15M-26OCT042130-30,0.3800,1.00,yes
2026-10-05T01:28:59.900613Z,KXNEAR15M-26OCT042130-30,0.3800,1.52,no
2026-10-05T01:29:00.045034Z,KXNEAR15M-26OCT042130-30,0.3900,11.34,yes
2026-10-05T01:29:00.055323Z,KXNEAR15M-26OCT042130-30,0.3900,0.03,yes
2026-10-05T01:29:00.055323Z,KXNEAR15M-26OCT042130-30,0.3900,27.66,yes
2026-10-05T01:29:00.193849Z,KXNEAR15M-26OCT042130-30,0.3800,10.00,no
2026-10-05T01:29:00.45292Z,KXNEAR15M-26OCT042130-30,0.3700,5.00,no
2026-10-05T01:29:00.45292Z,KXNEAR15M-26OCT042130-30,0.3800,1.00,no
2026-10-05T01:29:00.45292Z,KXNEAR15M-26OCT042130-30,0.3700,8.00,no
2026-10-05T01:29:00.45292Z,KXNEAR15M-26OCT042130-30,0.3800,6.00,no
2026-10-05T01:29:00.45292Z,KXNEAR15M-26OCT042130-30,0.3700,17.69,no
2026-10-05T01:29:00.52007Z,KXNEAR15M-26OCT042130-30,0.4100,38.00,yes
2026-10-05T01:29:00.52007Z,KXNEAR15M-26OCT042130-30,0.4300,0.03,yes
2026-10-05T01:29:00.52007Z,KXNEAR15M-26OCT042130-30,0.4200,0.03,yes
2026-10-05T01:29:00.52007Z,KXNEAR15M-26OCT042130-30,0.4100,0.03,yes
2026-10-05T01:29:00.52007Z,KXNEAR15M-26OCT042130-30,0.4500,1.00,yes
2026-10-05T01:29:00.52007Z,KXNEAR15M-26OCT042130-30,0.4500,0.03,yes
2026-10-05T01:29:00.52007Z,KXNEAR15M-26OCT042130-30,0.4300,38.00,yes
2026-10-05T01:29:00.52511Z,KXNEAR15M-26OCT042130-30,0.5600,30.00,yes
2026-10-05T01:29:00.52511Z,KXNEAR15M-26OCT042130-30,0.5700,30.00,yes
2026-10-05T01:29:00.52511Z,KXNEAR15M-26OCT042130-30,0.5400,30.00,yes
2026-10-05T01:29:00.52511Z,KXNEAR15M-26OCT042130-30,0.5100,30.00,yes
2026-10-05T01:29:00.52511Z,KXNEAR15M-26OCT042130-30,0.5300,30.00,yes
2026-10-05T01:29:00.52511Z,KXNEAR15M-26OCT042130-30,0.5500,30.00,yes
2026-10-05T01:29:00.52511Z,KXNEAR15M-26OCT042130-30,0.5200,30.00,yes
2026-10-05T01:29:00.52511Z,KXNEAR15M-26OCT042130-30,0.4900,30.00,yes
2026-10-05T01:29:00.52511Z,KXNEAR15M-26OCT042130-30,0.4700,23.61,yes
2026-10-05T01:29:00.52511Z,KXNEAR15M-26OCT042130-30,0.4800,30.00,yes
2026-10-05T01:29:00.52511Z,KXNEAR15M-26OCT042130-30,0.5000,30.00,yes
2026-10-05T01:29:00.52511Z,KXNEAR15M-26OCT042130-30,0.5000,83.00,yes
2026-10-05T01:29:00.52511Z,KXNEAR15M-26OCT042130-30,0.6500,0.98,yes
2026-10-05T01:29:00.52511Z,KXNEAR15M-26OCT042130-30,0.6300,1.18,yes
2026-10-05T01:29:00.52511Z,KXNEAR15M-26OCT042130-30,0.4600,7.00,yes
2026-10-05T01:29:00.52511Z,KXNEAR15M-26OCT042130-30,0.4600,7.00,yes
2026-10-05T01:29:00.52511Z,KXNEAR15M-26OCT042130-30,0.4600,0.03,yes
2026-10-05T01:29:00.52511Z,KXNEAR15M-26OCT042130-30,0.5900,30.00,yes
2026-10-05T01:29:00.52511Z,KXNEAR15M-26OCT042130-30,0.6000,30.00,yes
2026-10-05T01:29:00.52511Z,KXNEAR15M-26OCT042130-30,0.5800,30.00,yes
2026-10-05T01:29:00.52511Z,KXNEAR15M-26OCT042130-30,0.6100,30.00,yes
2026-10-05T01:29:00.55687Z,KXNEAR15M-26OCT042130-30,0.6700,30.00,no
2026-10-05T01:29:00.566768Z,KXNEAR15M-26OCT042130-30,0.6700,100.00,yes
2026-10-05T01:29:00.566768Z,KXNEAR15M-26OCT042130-30,0.6900,5.20,yes
2026-10-05T01:29:00.567002Z,KXNEAR15M-26OCT042130-30,0.6600,21.74,no
2026-10-05T01:29:00.567871Z,KXNEAR15M-26OCT042130-30,0.6600,8.26,no
2026-10-05T01:29:00.567871Z,KXNEAR15M-26OCT042130-30,0.6500,30.00,no
2026-10-05T01:29:00.580142Z,KXNEAR15M-26OCT042130-30,0.6700,15.63,yes
2026-10-05T01:29:00.596176Z,KXNEAR15M-26OCT042130-30,0.6700,27.69,yes
2026-10-05T01:29:00.620407Z,KXNEAR15M-26OCT042130-30,0.6400,30.00,no
2026-10-05T01:29:00.627954Z,KXNEAR15M-26OCT042130-30,0.6500,75.79,yes
2026-10-05T01:29:00.637704Z,KXNEAR15M-26OCT042130-30,0.6300,30.00,no
2026-10-05T01:29:00.642038Z,KXNEAR15M-26OCT042130-30,0.6100,30.00,no
2026-10-05T01:29:00.642038Z,KXNEAR15M-26OCT042130-30,0.6200,8.00,no
2026-10-05T01:29:00.642038Z,KXNEAR15M-26OCT042130-30,0.6200,30.00,no
2026-10-05T01:29:00.643877Z,KXNEAR15M-26OCT042130-30,0.6000,30.00,no
2026-10-05T01:29:00.654218Z,KXNEAR15M-26OCT042130-30,0.6000,9.00,no
2026-10-05T01:29:00.654218Z,KXNEAR15M-26OCT042130-30,0.6100,8.00,no
2026-10-05T01:29:00.721603Z,KXNEAR15M-26OCT042130-30,0.5900,30.00,no
2026-10-05T01:29:00.735294Z,KXNEAR15M-26OCT042130-30,0.6000,16.26,no
2026-10-05T01:29:00.846958Z,KXNEAR15M-26OCT042130-30,0.6000,2.74,no
2026-10-05T01:29:00.846958Z,KXNEAR15M-26OCT042130-30,0.5800,30.00,no
2026-10-05T01:29:00.928512Z,KXNEAR15M-26OCT042130-30,0.5700,19.00,no
2026-10-05T01:29:00.928512Z,KXNEAR15M-26OCT042130-30,0.5600,30.00,no
2026-10-05T01:29:00.928512Z,KXNEAR15M-26OCT042130-30,0.5900,19.00,no
2026-10-05T01:29:00.928512Z,KXNEAR15M-26OCT042130-30,0.5500,16.00,no
2026-10-05T01:29:00.928512Z,KXNEAR15M-26OCT042130-30,0.5800,8.00,no
2026-10-05T01:29:00.928512Z,KXNEAR15M-26OCT042130-30,0.5700,30.00,no
2026-10-05T01:29:01.006538Z,KXNEAR15M-26OCT042130-30,0.5600,19.00,no
2026-10-05T01:29:01.006538Z,KXNEAR15M-26OCT042130-30,0.5500,7.00,no
2026-10-05T01:29:01.006538Z,KXNEAR15M-26OCT042130-30,0.5500,14.00,no
2026-10-05T01:29:01.14882Z,KXNEAR15M-26OCT042130-30,0.5500,1.00,no
2026-10-05T01:29:01.734433Z,KXNEAR15M-26OCT042130-30,0.5900,1.11,yes
2026-10-05T01:29:01.962752Z,KXNEAR15M-26OCT042130-30,0.5900,0.33,yes
2026-10-05T01:29:02.156318Z,KXNEAR15M-26OCT042130-30,0.6200,14.25,yes
2026-10-05T01:29:02.156318Z,KXNEAR15M-26OCT042130-30,0.6100,39.00,yes
2026-10-05T01:29:02.179618Z,KXNEAR15M-26OCT042130-30,0.6200,19.00,yes
2026-10-05T01:29:02.225238Z,KXNEAR15M-26OCT042130-30,0.6800,1.00,yes
2026-10-05T01:29:02.225238Z,KXNEAR15M-26OCT042130-30,0.6700,0.03,yes
2026-10-05T01:29:02.225238Z,KXNEAR15M-26OCT042130-30,0.7100,0.03,yes
2026-10-05T01:29:02.225238Z,KXNEAR15M-26OCT042130-30,0.6500,0.03,yes
2026-10-05T01:29:02.225238Z,KXNEAR15M-26OCT042130-30,0.6900,0.03,yes
2026-10-05T01:29:02.225238Z,KXNEAR15M-26OCT042130-30,0.6800,8.00,yes
2026-10-05T01:29:02.225238Z,KXNEAR15M-26OCT042130-30,0.6200,34.00,yes
2026-10-05T01:29:02.225238Z,KXNEAR15M-26OCT042130-30,0.6300,0.03,yes
2026-10-05T01:29:02.225238Z,KXNEAR15M-26OCT042130-30,0.6200,5.75,yes
2026-10-05T01:29:02.225238Z,KXNEAR15M-26OCT042130-30,0.6400,40.00,yes
2026-10-05T01:29:02.225238Z,KXNEAR15M-26OCT042130-30,0.6400,0.03,yes
2026-10-05T01:29:02.231824Z,KXNEAR15M-26OCT042130-30,0.7500,11.40,yes
2026-10-05T01:29:02.232907Z,KXNEAR15M-26OCT042130-30,0.7500,50.00,yes
2026-10-05T01:29:02.363117Z,KXNEAR15M-26OCT042130-30,0.7400,23.73,no
2026-10-05T01:29:02.662749Z,KXNEAR15M-26OCT042130-30,0.6800,10.00,no
2026-10-05T01:29:02.817576Z,KXNEAR15M-26OCT042130-30,0.7500,1.29,yes
2026-10-05T01:29:02.822532Z,KXNEAR15M-26OCT042130-30,0.7300,32.35,yes
2026-10-05T01:29:02.849997Z,KXNEAR15M-26OCT042130-30,0.7300,45.44,yes
2026-10-05T01:29:02.935262Z,KXNEAR15M-26OCT042130-30,0.7000,22.00,no
2026-10-05T01:29:02.949824Z,KXNEAR15M-26OCT042130-30,0.6900,21.00,no
2026-10-05T01:29:02.95039Z,KXNEAR15M-26OCT042130-30,0.6200,5.00,no
2026-10-05T01:29:02.95039Z,KXNEAR15M-26OCT042130-30,0.6800,0.03,no
2026-10-05T01:29:02.95039Z,KXNEAR15M-26OCT042130-30,0.6600,0.03,no
2026-10-05T01:29:02.95039Z,KXNEAR15M-26OCT042130-30,0.5900,9.00,no
2026-10-05T01:29:02.95039Z,KXNEAR15M-26OCT042130-30,0.6700,0.03,no
2026-10-05T01:29:02.95039Z,KXNEAR15M-26OCT042130-30,0.6300,0.03,no
2026-10-05T01:29:02.95039Z,KXNEAR15M-26OCT042130-30,0.6000,0.01,no
2026-10-05T01:29:02.95039Z,KXNEAR15M-26OCT042130-30,0.6500,0.03,no
2026-10-05T01:29:02.960181Z,KXNEAR15M-26OCT042130-30,0.5700,0.01,no
2026-10-05T01:29:02.960181Z,KXNEAR15M-26OCT042130-30,0.4900,1.00,no
2026-10-05T01:29:02.960181Z,KXNEAR15M-26OCT042130-30,0.5900,5.00,no
2026-10-05T01:29:02.960181Z,KXNEAR15M-26OCT042130-30,0.5800,5.00,no
2026-10-05T01:29:02.960181Z,KXNEAR15M-26OCT042130-30,0.5500,9.00,no
2026-10-05T01:29:02.960181Z,KXNEAR15M-26OCT042130-30,0.4500,8.00,no
2026-10-05T01:29:02.96175Z,KXNEAR15M-26OCT042130-30,0.3700,10.00,no
2026-10-05T01:29:02.96175Z,KXNEAR15M-26OCT042130-30,0.3700,5.00,no
2026-10-05T01:29:02.96175Z,KXNEAR15M-26OCT042130-30,0.4700,9.00,no
2026-10-05T01:29:03.047475Z,KXNEAR15M-26OCT042130-30,0.5200,6.47,yes
2026-10-05T01:29:03.173826Z,KXNEAR15M-26OCT042130-30,0.5600,12.04,yes
2026-10-05T01:29:03.255085Z,KXNEAR15M-26OCT042130-30,0.5800,13.71,yes
2026-10-05T01:29:03.255085Z,KXNEAR15M-26OCT042130-30,0.5600,0.03,yes
2026-10-05T01:29:03.255085Z,KXNEAR15M-26OCT042130-30,0.5400,0.03,yes
2026-10-05T01:29:03.255085Z,KXNEAR15M-26OCT042130-30,0.5300,0.03,yes
2026-10-05T01:29:03.557497Z,KXNEAR15M-26OCT042130-30,0.5800,16.65,yes
2026-10-05T01:29:03.574332Z,KXNEAR15M-26OCT042130-30,0.6200,45.65,yes
2026-10-05T01:29:03.574332Z,KXNEAR15M-26OCT042130-30,0.6100,8.00,yes
2026-10-05T01:29:03.574332Z,KXNEAR15M-26OCT042130-30,0.5800,21.35,yes
2026-10-05T01:29:03.737646Z,KXNEAR15M-26OCT042130-30,0.5500,1.26,no
2026-10-05T01:29:03.886326Z,KXNEAR15M-26OCT042130-30,0.5900,0.03,yes
2026-10-05T01:29:03.886326Z,KXNEAR15M-26OCT042130-30,0.6000,0.34,yes
2026-10-05T01:29:03.886326Z,KXNEAR15M-26OCT042130-30,0.6000,0.03,yes
2026-10-05T01:29:03.902281Z,KXNEAR15M-26OCT042130-30,0.5500,1.86,no
2026-10-05T01:29:04.022816Z,KXNEAR15M-26OCT042130-30,0.5900,38.00,yes
2026-10-05T01:29:04.91492Z,KXNEAR15M-26OCT042130-30,0.7100,38.91,yes
2026-10-05T01:29:04.91492Z,KXNEAR15M-26OCT042130-30,0.6500,0.03,yes
2026-10-05T01:29:04.91492Z,KXNEAR15M-26OCT042130-30,0.6500,41.00,yes
2026-10-05T01:29:04.91492Z,KXNEAR15M-26OCT042130-30,0.6800,0.03,yes
2026-10-05T01:29:04.91492Z,KXNEAR15M-26OCT042130-30,0.6900,0.03,yes
2026-10-05T01:29:04.91492Z,KXNEAR15M-26OCT042130-30,0.7000,7.00,yes
2026-10-05T01:29:04.91492Z,KXNEAR15M-26OCT042130-30,0.6700,42.00,yes
2026-10-05T01:29:04.966343Z,KXNEAR15M-26OCT042130-30,0.5900,15.15,no
2026-10-05T01:29:05.245649Z,KXNEAR15M-26OCT042130-30,0.5900,4.12,no
2026-10-05T01:29:05.543783Z,KXNEAR15M-26OCT042130-30,0.6400,20.71,yes
2026-10-05T01:29:05.57704Z,KXNEAR15M-26OCT042130-30,0.6400,14.79,yes
2026-10-05T01:29:05.713233Z,KXNEAR15M-26OCT042130-30,0.6800,10.41,yes
2026-10-05T01:29:05.713233Z,KXNEAR15M-26OCT042130-30,0.6400,4.50,yes
2026-10-05T01:29:05.713233Z,KXNEAR15M-26OCT042130-30,0.6500,0.03,yes
2026-10-05T01:29:05.713233Z,KXNEAR15M-26OCT042130-30,0.6400,36.00,yes
2026-10-05T01:29:05.713233Z,KXNEAR15M-26OCT042130-30,0.6500,41.00,yes
2026-10-05T01:29:05.713233Z,KXNEAR15M-26OCT042130-30,0.6600,0.03,yes
2026-10-05T01:29:05.713233Z,KXNEAR15M-26OCT042130-30,0.6700,0.03,yes
2026-10-05T01:29:05.713233Z,KXNEAR15M-26OCT042130-30,0.6400,8.00,yes
2026-10-05T01:29:05.715212Z,KXNEAR15M-26OCT042130-30,0.6900,12.60,yes
2026-10-05T01:29:05.715212Z,KXNEAR15M-26OCT042130-30,0.6800,1.59,yes
2026-10-05T01:29:05.736319Z,KXNEAR15M-26OCT042130-30,0.6500,49.97,no
2026-10-05T01:29:05.74358Z,KXNEAR15M-26OCT042130-30,0.6700,10.80,yes
2026-10-05T01:29:06.160663Z,KXNEAR15M-26OCT042130-30,0.6700,3.52,yes
2026-10-05T01:29:06.269246Z,KXNEAR15M-26OCT042130-30,0.6700,0.03,yes
2026-10-05T01:29:06.269246Z,KXNEAR15M-26OCT042130-30,0.6700,27.68,yes
2026-10-05T01:29:06.269246Z,KXNEAR15M-26OCT042130-30,0.6700,5.00,yes
2026-10-05T01:29:06.315324Z,KXNEAR15M-26OCT042130-30,0.6800,43.00,yes
2026-10-05T01:29:06.315324Z,KXNEAR15M-26OCT042130-30,0.6800,0.03,yes
2026-10-05T01:29:06.315324Z,KXNEAR15M-26OCT042130-30,0.6900,0.03,yes
2026-10-05T01:29:06.892531Z,KXNEAR15M-26OCT042130-30,0.6300,9.00,no
2026-10-05T01:29:06.892531Z,KXNEAR15M-26OCT042130-30,0.6200,100.00,no
2026-10-05T01:29:06.892531Z,KXNEAR15M-26OCT042130-30,0.5600,100.00,no
2026-10-05T01:29:06.892531Z,KXNEAR15M-26OCT042130-30,0.6200,0.03,no
2026-10-05T01:29:06.892531Z,KXNEAR15M-26OCT042130-30,0.6000,0.03,no
2026-10-05T01:29:06.892531Z,KXNEAR15M-26OCT042130-30,0.6300,0.03,no
2026-10-05T01:29:06.892531Z,KXNEAR15M-26OCT042130-30,0.6000,100.00,no
2026-10-05T01:29:06.892531Z,KXNEAR15M-26OCT042130-30,0.5800,100.00,no
2026-10-05T01:29:06.892531Z,KXNEAR15M-26OCT042130-30,0.6500,0.03,no
2026-10-05T01:29:06.892531Z,KXNEAR15M-26OCT042130-30,0.6500,0.03,no
2026-10-05T01:29:06.892531Z,KXNEAR15M-26OCT042130-30,0.5900,20.00,no
2026-10-05T01:29:06.892531Z,KXNEAR15M-26OCT042130-30,0.6300,7.00,no
2026-10-05T01:29:06.892531Z,KXNEAR15M-26OCT042130-30,0.5300,99.36,no
2026-10-05T01:29:07.179437Z,KXNEAR15M-26OCT042130-30,0.6900,43.00,yes
2026-10-05T01:29:07.179437Z,KXNEAR15M-26OCT042130-30,0.7000,5.00,yes
2026-10-05T01:29:07.179437Z,KXNEAR15M-26OCT042130-30,0.6900,0.59,yes
2026-10-05T01:29:07.179437Z,KXNEAR15M-26OCT042130-30,0.6900,0.03,yes
2026-10-05T01:29:07.179437Z,KXNEAR15M-26OCT042130-30,0.6900,1.00,yes
2026-10-05T01:29:07.199339Z,KXNEAR15M-26OCT042130-30,0.6900,13.80,yes
2026-10-05T01:29:07.243554Z,KXNEAR15M-26OCT042130-30,0.6700,42.00,yes
2026-10-05T01:29:07.243554Z,KXNEAR15M-26OCT042130-30,0.6700,2.00,yes
2026-10-05T01:29:07.269675Z,KXNEAR15M-26OCT042130-30,0.5900,9.93,no
2026-10-05T01:29:07.269675Z,KXNEAR15M-26OCT042130-30,0.6500,0.01,no
2026-10-05T01:29:07.269675Z,KXNEAR15M-26OCT042130-30,0.6500,0.03,no
2026-10-05T01:29:07.269675Z,KXNEAR15M-26OCT042130-30,0.6000,0.03,no
2026-10-05T01:29:07.425334Z,KXNEAR15M-26OCT042130-30,0.6600,3.00,yes
2026-10-05T01:29:07.452968Z,KXNEAR15M-26OCT042130-30,0.6600,22.38,yes
2026-10-05T01:29:07.663298Z,KXNEAR15M-26OCT042130-30,0.6400,0.51,yes
2026-10-05T01:29:07.758147Z,KXNEAR15M-26OCT042130-30,0.6500,20.00,yes
2026-10-05T01:29:07.758147Z,KXNEAR15M-26OCT042130-30,0.6400,0.03,yes
2026-10-05T01:29:07.758147Z,KXNEAR15M-26OCT042130-30,0.6400,8.00,yes
2026-10-05T01:29:07.758147Z,KXNEAR15M-26OCT042130-30,0.6400,39.49,yes
2026-10-05T01:29:07.758147Z,KXNEAR15M-26OCT042130-30,0.6600,6.65,yes
2026-10-05T01:29:07.758147Z,KXNEAR15M-26OCT042130-30,0.6500,0.03,yes
2026-10-05T01:29:07.84008Z,KXNEAR15M-26OCT042130-30,0.6600,4.00,yes
2026-10-05T01:29:07.98645Z,KXNEAR15M-26OCT042130-30,0.6600,4.97,yes
2026-10-05T01:29:07.98645Z,KXNEAR15M-26OCT042130-30,0.6600,18.42,yes
2026-10-05T01:29:08.075557Z,KXNEAR15M-26OCT042130-30,0.5900,23.42,no
2026-10-05T01:29:08.093979Z,KXNEAR15M-26OCT042130-30,0.6200,11.62,yes
2026-10-05T01:29:08.222425Z,KXNEAR15M-26OCT042130-30,0.5100,37.00,no
2026-10-05T01:29:08.222622Z,KXNEAR15M-26OCT042130-30,0.4800,9.00,no
2026-10-05T01:29:08.222622Z,KXNEAR15M-26OCT042130-30,0.4800,5.00,no
2026-10-05T01:29:08.222622Z,KXNEAR15M-26OCT042130-30,0.5000,37.00,no
2026-10-05T01:29:08.222622Z,KXNEAR15M-26OCT042130-30,0.5000,2.73,no
2026-10-05T01:29:08.224134Z,KXNEAR15M-26OCT042130-30,0.4300,0.03,no
2026-10-05T01:29:08.239755Z,KXNEAR15M-26OCT042130-30,0.4400,5.00,no
2026-10-05T01:29:08.28263Z,KXNEAR15M-26OCT042130-30,0.4700,12.00,yes
2026-10-05T01:29:08.28263Z,KXNEAR15M-26OCT042130-30,0.5400,100.00,yes
2026-10-05T01:29:08.28263Z,KXNEAR15M-26OCT042130-30,0.5100,8.00,yes
2026-10-05T01:29:08.28263Z,KXNEAR15M-26OCT042130-30,0.6100,100.00,yes
2026-10-05T01:29:08.28263Z,KXNEAR15M-26OCT042130-30,0.6300,27.00,yes
2026-10-05T01:29:08.28263Z,KXNEAR15M-26OCT042130-30,0.5700,100.00,yes
2026-10-05T01:29:08.28263Z,KXNEAR15M-26OCT042130-30,0.5900,100.00,yes
2026-10-05T01:29:08.28263Z,KXNEAR15M-26OCT042130-30,0.5200,100.00,yes
2026-10-05T01:29:08.344103Z,KXNEAR15M-26OCT042130-30,0.5500,5.00,yes
2026-10-05T01:29:08.344103Z,KXNEAR15M-26OCT042130-30,0.5900,29.00,yes
2026-10-05T01:29:08.344103Z,KXNEAR15M-26OCT042130-30,0.5800,8.00,yes
2026-10-05T01:29:08.344103Z,KXNEAR15M-26OCT042130-30,0.5600,5.00,yes
2026-10-05T01:29:08.628504Z,KXNEAR15M-26OCT042130-30,0.5000,25.00,yes
2026-10-05T01:29:08.628504Z,KXNEAR15M-26OCT042130-30,0.4900,5.00,yes
2026-10-05T01:29:08.716674Z,KXNEAR15M-26OCT042130-30,0.5000,0.03,yes
2026-10-05T01:29:08.716674Z,KXNEAR15M-26OCT042130-30,0.5000,12.00,yes
2026-10-05T01:29:08.716674Z,KXNEAR15M-26OCT042130-30,0.4900,5.00,yes
2026-10-05T01:29:08.722235Z,KXNEAR15M-26OCT042130-30,0.5000,12.00,yes
2026-10-05T01:29:08.726139Z,KXNEAR15M-26OCT042130-30,0.5000,8.00,yes
2026-10-05T01:29:08.726139Z,KXNEAR15M-26OCT042130-30,0.4900,5.00,yes
2026-10-05T01:29:08.730144Z,KXNEAR15M-26OCT042130-30,0.5000,5.00,yes
2026-10-05T01:29:08.837913Z,KXNEAR15M-26OCT042130-30,0.6300,7.00,yes
2026-10-05T01:29:08.837913Z,KXNEAR15M-26OCT042130-30,0.6200,8.00,yes
2026-10-05T01:29:08.837913Z,KXNEAR15M-26OCT042130-30,0.6100,5.00,yes
2026-10-05T01:29:09.109685Z,KXNEAR15M-26OCT042130-30,0.5400,1.00,yes
2026-10-05T01:29:09.109685Z,KXNEAR15M-26OCT042130-30,0.5300,5.00,yes
2026-10-05T01:29:09.115425Z,KXNEAR15M-26OCT042130-30,0.5900,5.00,yes
2026-10-05T01:29:09.121057Z,KXNEAR15M-26OCT042130-30,0.5900,38.00,yes
2026-10-05T01:29:09.126237Z,KXNEAR15M-26OCT042130-30,0.6400,3.00,yes
2026-10-05T01:29:09.126237Z,KXNEAR15M-26OCT042130-30,0.6000,8.00,yes
2026-10-05T01:29:09.126237Z,KXNEAR15M-26OCT042130-30,0.6200,8.00,yes
2026-10-05T01:29:09.126237Z,KXNEAR15M-26OCT042130-30,0.6100,39.00,yes
2026-10-05T01:29:09.126476Z,KXNEAR15M-26OCT042130-30,0.6400,5.00,yes
2026-10-05T01:29:09.126476Z,KXNEAR15M-26OCT042130-30,0.6500,5.00,yes
2026-10-05T01:29:09.416516Z,KXNEAR15M-26OCT042130-30,0.6600,6.00,yes
2026-10-05T01:29:09.416516Z,KXNEAR15M-26OCT042130-30,0.6500,0.03,yes
2026-10-05T01:29:09.416516Z,KXNEAR15M-26OCT042130-30,0.6500,8.00,yes
2026-10-05T01:29:09.416516Z,KXNEAR15M-26OCT042130-30,0.6100,0.03,yes
2026-10-05T01:29:09.416516Z,KXNEAR15M-26OCT042130-30,0.6200,0.03,yes
2026-10-05T01:29:09.416516Z,KXNEAR15M-26OCT042130-30,0.6600,5.00,yes
2026-10-05T01:29:09.416516Z,KXNEAR15M-26OCT042130-30,0.5900,5.00,yes
2026-10-05T01:29:09.416516Z,KXNEAR15M-26OCT042130-30,0.6000,0.03,yes
2026-10-05T01:29:09.416516Z,KXNEAR15M-26OCT042130-30,0.6700,75.85,yes
2026-10-05T01:29:09.416516Z,KXNEAR15M-26OCT042130-30,0.6300,0.03,yes
2026-10-05T01:29:09.451432Z,KXNEAR15M-26OCT042130-30,0.6100,20.00,yes
2026-10-05T01:29:09.45458Z,KXNEAR15M-26OCT042130-30,0.5700,38.00,no
2026-10-05T01:29:09.45458Z,KXNEAR15M-26OCT042130-30,0.5700,9.00,no
2026-10-05T01:29:09.45458Z,KXNEAR15M-26OCT042130-30,0.5700,10.00,no
2026-10-05T01:29:09.671246Z,KXNEAR15M-26OCT042130-30,0.7800,100.00,yes
2026-10-05T01:29:09.671246Z,KXNEAR15M-26OCT042130-30,0.7800,0.03,yes
2026-10-05T01:29:09.671246Z,KXNEAR15M-26OCT042130-30,0.8400,0.03,yes
2026-10-05T01:29:09.671246Z,KXNEAR15M-26OCT042130-30,0.8200,100.00,yes
2026-10-05T01:29:09.671246Z,KXNEAR15M-26OCT042130-30,0.8400,60.23,yes
2026-10-05T01:29:09.671246Z,KXNEAR15M-26OCT042130-30,0.7600,0.03,yes
2026-10-05T01:29:09.671246Z,KXNEAR15M-26OCT042130-30,0.8000,0.03,yes
2026-10-05T01:29:09.671246Z,KXNEAR15M-26OCT042130-30,0.8400,100.00,yes
2026-10-05T01:29:09.671246Z,KXNEAR15M-26OCT042130-30,0.8000,100.00,yes
2026-10-05T01:29:09.671246Z,KXNEAR15M-26OCT042130-30,0.7500,0.03,yes
2026-10-05T01:29:09.671246Z,KXNEAR15M-26OCT042130-30,0.7500,11.65,yes
2026-10-05T01:29:09.671246Z,KXNEAR15M-26OCT042130-30,0.5700,8.00,yes
2026-10-05T01:29:09.671246Z,KXNEAR15M-26OCT042130-30,0.6100,80.00,yes
2026-10-05T01:29:09.671246Z,KXNEAR15M-26OCT042130-30,0.6100,0.03,yes
2026-10-05T01:29:09.671246Z,KXNEAR15M-26OCT042130-30,0.5800,100.00,yes
2026-10-05T01:29:09.671246Z,KXNEAR15M-26OCT042130-30,0.7100,100.00,yes
2026-10-05T01:29:09.671246Z,KXNEAR15M-26OCT042130-30,0.7400,100.00,yes
2026-10-05T01:29:09.671246Z,KXNEAR15M-26OCT042130-30,0.5500,8.00,yes
2026-10-05T01:29:09.671246Z,KXNEAR15M-26OCT042130-30,0.5200,5.00,yes
2026-10-05T01:29:09.671246Z,KXNEAR15M-26OCT042130-30,0.6900,100.00,yes
2026-10-05T01:29:09.671246Z,KXNEAR15M-26OCT042130-30,0.5800,5.00,yes
2026-10-05T01:29:09.671246Z,KXNEAR15M-26OCT042130-30,0.6700,24.15,yes
2026-10-05T01:29:09.671246Z,KXNEAR15M-26OCT042130-30,0.6400,100.00,yes
2026-10-05T01:29:09.671246Z,KXNEAR15M-26OCT042130-30,0.7600,100.00,yes
2026-10-05T01:29:09.671246Z,KXNEAR15M-26OCT042130-30,0.7400,0.03,yes
2026-10-05T01:29:09.671246Z,KXNEAR15M-26OCT042130-30,0.7500,65.44,yes
2026-10-05T01:29:09.671246Z,KXNEAR15M-26OCT042130-30,0.8000,1.00,yes
2026-10-05T01:29:09.671246Z,KXNEAR15M-26OCT042130-30,0.8000,7.00,yes
2026-10-05T01:29:09.682894Z,KXNEAR15M-26OCT042130-30,0.5100,18.00,no
2026-10-05T01:29:09.687885Z,KXNEAR15M-26OCT042130-30,0.5100,16.00,no
2026-10-05T01:29:09.694505Z,KXNEAR15M-26OCT042130-30,0.5100,15.00,no
2026-10-05T01:29:09.699011Z,KXNEAR15M-26OCT042130-30,0.5100,14.00,no
2026-10-05T01:29:09.810416Z,KXNEAR15M-26OCT042130-30,0.5300,14.00,no
2026-10-05T01:29:10.665974Z,KXNEAR15M-26OCT042130-30,0.5500,3.40,yes
2026-10-05T01:29:10.786543Z,KXNEAR15M-26OCT042130-30,0.5500,0.03,yes
2026-10-05T01:29:10.786543Z,KXNEAR15M-26OCT042130-30,0.5700,0.03,yes
2026-10-05T01:29:10.786543Z,KXNEAR15M-26OCT042130-30,0.5400,5.00,yes
2026-10-05T01:29:10.786543Z,KXNEAR15M-26OCT042130-30,0.5600,0.03,yes
2026-10-05T01:29:10.786543Z,KXNEAR15M-26OCT042130-30,0.5700,8.00,yes
2026-10-05T01:29:10.786543Z,KXNEAR15M-26OCT042130-30,0.5700,3.66,yes
2026-10-05T01:29:11.377256Z,KXNEAR15M-26OCT042130-30,0.5200,5.00,yes
2026-10-05T01:29:11.377256Z,KXNEAR15M-26OCT042130-30,0.5200,37.00,yes
2026-10-05T01:29:11.377256Z,KXNEAR15M-26OCT042130-30,0.5300,4.34,yes
2026-10-05T01:29:11.398405Z,KXNEAR15M-26OCT042130-30,0.5200,18.60,yes
2026-10-05T01:29:11.410999Z,KXNEAR15M-26OCT042130-30,0.5100,6.00,no
2026-10-05T01:29:11.456949Z,KXNEAR15M-26OCT042130-30,0.5200,4.30,yes
2026-10-05T01:29:11.456949Z,KXNEAR15M-26OCT042130-30,0.5100,5.00,yes
2026-10-05T01:29:11.460005Z,KXNEAR15M-26OCT042130-30,0.4600,37.00,no
2026-10-05T01:29:11.460005Z,KXNEAR15M-26OCT042130-30,0.4700,9.00,no
2026-10-05T01:29:11.460005Z,KXNEAR15M-26OCT042130-30,0.4700,13.00,no
2026-10-05T01:29:11.460005Z,KXNEAR15M-26OCT042130-30,0.3700,25.00,no
2026-10-05T01:29:11.466548Z,KXNEAR15M-26OCT042130-30,0.4100,8.00,no
2026-10-05T01:29:11.471724Z,KXNEAR15M-26OCT042130-30,0.1900,58.91,no
2026-10-05T01:29:11.471724Z,KXNEAR15M-26OCT042130-30,0.2000,8.00,no
2026-10-05T01:29:11.471724Z,KXNEAR15M-26OCT042130-30,0.2900,8.00,no
2026-10-05T01:29:11.471724Z,KXNEAR15M-26OCT042130-30,0.2400,0.03,no
2026-10-05T01:29:11.471724Z,KXNEAR15M-26OCT042130-30,0.2000,0.03,no
2026-10-05T01:29:11.471724Z,KXNEAR15M-26OCT042130-30,0.2200,0.03,no
2026-10-05T01:29:11.643692Z,KXNEAR15M-26OCT042130-30,0.2700,14.72,yes
2026-10-05T01:29:11.643692Z,KXNEAR15M-26OCT042130-30,0.2700,13.28,yes
2026-10-05T01:29:11.661891Z,KXNEAR15M-26OCT042130-30,0.2800,8.56,yes
2026-10-05T01:29:11.661891Z,KXNEAR15M-26OCT042130-30,0.2700,1.44,yes
2026-10-05T01:29:11.661891Z,KXNEAR15M-26OCT042130-30,0.2700,5.00,yes
2026-10-05T01:29:11.756285Z,KXNEAR15M-26OCT042130-30,0.2700,0.03,yes
2026-10-05T01:29:11.756285Z,KXNEAR15M-26OCT042130-30,0.2700,4.97,yes
2026-10-05T01:29:11.855453Z,KXNEAR15M-26OCT042130-30,0.2700,47.00,yes
2026-10-05T01:29:11.863388Z,KXNEAR15M-26OCT042130-30,0.2800,5.00,yes
2026-10-05T01:29:11.863388Z,KXNEAR15M-26OCT042130-30,0.2800,0.03,yes
2026-10-05T01:29:11.863388Z,KXNEAR15M-26OCT042130-30,0.2800,6.16,yes
2026-10-05T01:29:11.866543Z,KXNEAR15M-26OCT042130-30,0.3000,0.03,yes
2026-10-05T01:29:11.866543Z,KXNEAR15M-26OCT042130-30,0.2900,45.00,yes
2026-10-05T01:29:11.927197Z,KXNEAR15M-26OCT042130-30,0.3000,4.00,no
2026-10-05T01:29:12.915442Z,KXNEAR15M-26OCT042130-30,0.2500,1.00,no
2026-10-05T01:29:13.018431Z,KXNEAR15M-26OCT042130-30,0.2500,28.28,yes
2026-10-05T01:29:13.126882Z,KXNEAR15M-26OCT042130-30,0.2500,5.00,yes
2026-10-05T01:29:13.126882Z,KXNEAR15M-26OCT042130-30,0.2500,21.72,yes
2026-10-05T01:29:13.126882Z,KXNEAR15M-26OCT042130-30,0.2500,8.86,yes
2026-10-05T01:29:13.126882Z,KXNEAR15M-26OCT042130-30,0.2500,5.89,yes
2026-10-05T01:29:13.235237Z,KXNEAR15M-26OCT042130-30,0.2500,50.00,yes
2026-10-05T01:29:13.346995Z,KXNEAR15M-26OCT042130-30,0.3400,49.47,yes
2026-10-05T01:29:13.346995Z,KXNEAR15M-26OCT042130-30,0.2500,5.00,yes
2026-10-05T01:29:13.346995Z,KXNEAR15M-26OCT042130-30,0.2500,50.00,yes
2026-10-05T01:29:13.346995Z,KXNEAR15M-26OCT042130-30,0.3400,8.00,yes
2026-10-05T01:29:13.346995Z,KXNEAR15M-26OCT042130-30,0.3300,2.34,yes
2026-10-05T01:29:13.346995Z,KXNEAR15M-26OCT042130-30,0.2700,47.00,yes
2026-10-05T01:29:13.514959Z,KXNEAR15M-26OCT042130-30,0.2500,1.04,yes
2026-10-05T01:29:13.514959Z,KXNEAR15M-26OCT042130-30,0.2900,23.90,yes
2026-10-05T01:29:13.514959Z,KXNEAR15M-26OCT042130-30,0.2700,0.03,yes
2026-10-05T01:29:13.514959Z,KXNEAR15M-26OCT042130-30,0.2500,0.03,yes
2026-10-05T01:29:13.852901Z,KXNEAR15M-26OCT042130-30,0.3100,2.03,yes
2026-10-05T01:29:13.852901Z,KXNEAR15M-26OCT042130-30,0.3000,0.03,yes
2026-10-05T01:29:13.852901Z,KXNEAR15M-26OCT042130-30,0.2900,21.10,yes
2026-10-05T01:29:13.852901Z,KXNEAR15M-26OCT042130-30,0.2900,0.03,yes
2026-10-05T01:29:13.852901Z,KXNEAR15M-26OCT042130-30,0.3000,8.00,yes
2026-10-05T01:29:14.224315Z,KXNEAR15M-26OCT042130-30,0.2200,7.00,no
2026-10-05T01:29:14.224315Z,KXNEAR15M-26OCT042130-30,0.2200,0.03,no
2026-10-05T01:29:14.224315Z,KXNEAR15M-26OCT042130-30,0.2200,1.00,no
2026-10-05T01:29:14.304326Z,KXNEAR15M-26OCT042130-30,0.2200,95.39,yes
2026-10-05T01:29:14.304501Z,KXNEAR15M-26OCT042130-30,0.2200,57.90,yes
2026-10-05T01:29:14.34645Z,KXNEAR15M-26OCT042130-30,0.2200,48.05,yes
2026-10-05T01:29:14.346795Z,KXNEAR15M-26OCT042130-30,0.2200,40.63,yes
2026-10-05T01:29:14.585194Z,KXNEAR15M-26OCT042130-30,0.2900,45.00,yes
2026-10-05T01:29:14.594512Z,KXNEAR15M-26OCT042130-30,0.3000,2.78,yes
2026-10-05T01:29:14.594512Z,KXNEAR15M-26OCT042130-30,0.3100,16.09,yes
2026-10-05T01:29:14.597811Z,KXNEAR15M-26OCT042130-30,0.3100,24.88,yes
2026-10-05T01:29:14.605253Z,KXNEAR15M-26OCT042130-30,0.3300,42.00,yes
2026-10-05T01:29:14.660681Z,KXNEAR15M-26OCT042130-30,0.3200,13.00,no
2026-10-05T01:29:14.664803Z,KXNEAR15M-26OCT042130-30,0.3200,13.80,no
2026-10-05T01:29:14.78603Z,KXNEAR15M-26OCT042130-30,0.3100,6.63,no
2026-10-05T01:29:14.917378Z,KXNEAR15M-26OCT042130-30,0.2700,2.65,no
2026-10-05T01:29:15.124707Z,KXNEAR15M-26OCT042130-30,0.1900,2.68,no
2026-10-05T01:29:15.475033Z,KXNEAR15M-26OCT042130-30,0.2700,3.41,yes
2026-10-05T01:29:15.825648Z,KXNEAR15M-26OCT042130-30,0.2700,43.59,yes
2026-10-05T01:29:15.825648Z,KXNEAR15M-26OCT042130-30,0.2700,2.96,yes
2026-10-05T01:29:15.825648Z,KXNEAR15M-26OCT042130-30,0.2800,12.42,yes
2026-10-05T01:29:15.825648Z,KXNEAR15M-26OCT042130-30,0.2700,0.03,yes
2026-10-05T01:29:15.825648Z,KXNEAR15M-26OCT042130-30,0.2700,8.00,yes
2026-10-05T01:29:15.905548Z,KXNEAR15M-26OCT042130-30,0.2800,0.03,yes
2026-10-05T01:29:15.905548Z,KXNEAR15M-26OCT042130-30,0.2800,33.58,yes
2026-10-05T01:29:15.905548Z,KXNEAR15M-26OCT042130-30,0.3200,0.03,yes
2026-10-05T01:29:15.905548Z,KXNEAR15M-26OCT042130-30,0.3300,0.03,yes
2026-10-05T01:29:15.905548Z,KXNEAR15M-26OCT042130-30,0.3100,43.00,yes
2026-10-05T01:29:15.905548Z,KXNEAR15M-26OCT042130-30,0.4800,80.00,yes
2026-10-05T01:29:15.905548Z,KXNEAR15M-26OCT042130-30,0.3000,8.00,yes
2026-10-05T01:29:15.905548Z,KXNEAR15M-26OCT042130-30,0.3500,6.00,yes
2026-10-05T01:29:15.905548Z,KXNEAR15M-26OCT042130-30,0.3000,6.00,yes
2026-10-05T01:29:15.905548Z,KXNEAR15M-26OCT042130-30,0.4000,0.03,yes
2026-10-05T01:29:15.905548Z,KXNEAR15M-26OCT042130-30,0.3800,0.03,yes
2026-10-05T01:29:15.905548Z,KXNEAR15M-26OCT042130-30,0.3500,0.03,yes
2026-10-05T01:29:15.907963Z,KXNEAR15M-26OCT042130-30,0.2700,4.00,no
2026-10-05T01:29:15.913235Z,KXNEAR15M-26OCT042130-30,0.5200,18.00,yes
2026-10-05T01:29:15.913235Z,KXNEAR15M-26OCT042130-30,0.5300,235.00,yes
2026-10-05T01:29:15.913235Z,KXNEAR15M-26OCT042130-30,0.5100,18.00,yes
2026-10-05T01:29:15.913235Z,KXNEAR15M-26OCT042130-30,0.5200,8.00,yes
2026-10-05T01:29:15.913576Z,KXNEAR15M-26OCT042130-30,0.5500,312.79,yes
2026-10-05T01:29:15.970237Z,KXNEAR15M-26OCT042130-30,0.5300,18.00,yes
2026-10-05T01:29:15.970237Z,KXNEAR15M-26OCT042130-30,0.5500,18.00,yes
2026-10-05T01:29:15.970237Z,KXNEAR15M-26OCT042130-30,0.5500,13.21,yes
2026-10-05T01:29:16.192292Z,KXNEAR15M-26OCT042130-30,0.5900,9.00,no
2026-10-05T01:29:16.192292Z,KXNEAR15M-26OCT042130-30,0.5800,100.00,no
2026-10-05T01:29:16.192292Z,KXNEAR15M-26OCT042130-30,0.5900,7.00,no
2026-10-05T01:29:16.511519Z,KXNEAR15M-26OCT042130-30,0.5200,3.29,yes
2026-10-05T01:29:16.88596Z,KXNEAR15M-26OCT042130-30,0.4300,3.91,no
2026-10-05T01:29:16.88596Z,KXNEAR15M-26OCT042130-30,0.4400,38.00,no
2026-10-05T01:29:16.88596Z,KXNEAR15M-26OCT042130-30,0.4400,8.00,no
2026-10-05T01:29:16.951157Z,KXNEAR15M-26OCT042130-30,0.4400,8.00,no
2026-10-05T01:29:16.951157Z,KXNEAR15M-26OCT042130-30,0.4300,87.89,no
2026-10-05T01:29:16.951157Z,KXNEAR15M-26OCT042130-30,0.4400,5.00,no
2026-10-05T01:29:16.951157Z,KXNEAR15M-26OCT042130-30,0.4400,38.00,no
2026-10-05T01:29:16.957856Z,KXNEAR15M-26OCT042130-30,0.4400,2.69,no
2026-10-05T01:29:16.974064Z,KXNEAR15M-26OCT042130-30,0.4400,20.00,no
2026-10-05T01:29:17.03937Z,KXNEAR15M-26OCT042130-30,0.4200,0.03,no
2026-10-05T01:29:17.03937Z,KXNEAR15M-26OCT042130-30,0.3900,0.03,no
2026-10-05T01:29:17.03937Z,KXNEAR15M-26OCT042130-30,0.4100,0.03,no
2026-10-05T01:29:17.03937Z,KXNEAR15M-26OCT042130-30,0.4300,0.03,no
2026-10-05T01:29:17.03937Z,KXNEAR15M-26OCT042130-30,0.3500,1.66,no
2026-10-05T01:29:17.03937Z,KXNEAR15M-26OCT042130-30,0.4200,38.00,no
2026-10-05T01:29:17.03937Z,KXNEAR15M-26OCT042130-30,0.3600,8.00,no
2026-10-05T01:29:17.03937Z,KXNEAR15M-26OCT042130-30,0.4300,5.00,no
2026-10-05T01:29:17.338777Z,KXNEAR15M-26OCT042130-30,0.3800,7.50,no
2026-10-05T01:29:17.385256Z,KXNEAR15M-26OCT042130-30,0.4300,74.00,yes
2026-10-05T01:29:17.385256Z,KXNEAR15M-26OCT042130-30,0.4900,12.00,yes
2026-10-05T01:29:17.385256Z,KXNEAR15M-26OCT042130-30,0.4900,8.00,yes
2026-10-05T01:29:17.385256Z,KXNEAR15M-26OCT042130-30,0.6000,20.00,yes
2026-10-05T01:29:17.549294Z,KXNEAR15M-26OCT042130-30,0.5200,9.00,no
2026-10-05T01:29:17.549294Z,KXNEAR15M-26OCT042130-30,0.5100,16.00,no
2026-10-05T01:29:17.549294Z,KXNEAR15M-26OCT042130-30,0.5200,5.00,no
2026-10-05T01:29:17.629819Z,KXNEAR15M-26OCT042130-30,0.5200,2.21,no
2026-10-05T01:29:17.730979Z,KXNEAR15M-26OCT042130-30,0.5200,2.79,no
2026-10-05T01:29:17.730979Z,KXNEAR15M-26OCT042130-30,0.5200,9.00,no
2026-10-05T01:29:17.730979Z,KXNEAR15M-26OCT042130-30,0.5100,13.21,no
2026-10-05T01:29:17.976117Z,KXNEAR15M-26OCT042130-30,0.5100,3.30,no
2026-10-05T01:29:17.996178Z,KXNEAR15M-26OCT042130-30,0.5300,15.96,no
2026-10-05T01:29:18.139703Z,KXNEAR15M-26OCT042130-30,0.5200,0.85,no
2026-10-05T01:29:18.139703Z,KXNEAR15M-26OCT042130-30,0.5200,9.00,no
2026-10-05T01:29:18.301256Z,KXNEAR15M-26OCT042130-30,0.5100,0.94,no
2026-10-05T01:29:18.301256Z,KXNEAR15M-26OCT042130-30,0.5100,0.03,no
2026-10-05T01:29:18.301256Z,KXNEAR15M-26OCT042130-30,0.5200,0.03,no
2026-10-05T01:29:18.301256Z,KXNEAR15M-26OCT042130-30,0.5100,9.00,no
2026-10-05T01:29:19.063328Z,KXNEAR15M-26OCT042130-30,0.3800,38.00,yes
2026-10-05T01:29:19.102722Z,KXNEAR15M-26OCT042130-30,0.3800,50.00,yes
2026-10-05T01:29:19.201319Z,KXNEAR15M-26OCT042130-30,0.3900,10.00,yes
2026-10-05T01:29:19.201319Z,KXNEAR15M-26OCT042130-30,0.3900,8.00,yes
2026-10-05T01:29:19.25403Z,KXNEAR15M-26OCT042130-30,0.3900,2.85,yes
2026-10-05T01:29:19.25403Z,KXNEAR15M-26OCT042130-30,0.3900,2.00,yes
2026-10-05T01:29:19.423757Z,KXNEAR15M-26OCT042130-30,0.3800,43.30,yes
2026-10-05T01:29:19.452116Z,KXNEAR15M-26OCT042130-30,0.3800,0.02,yes
2026-10-05T01:29:20.333542Z,KXNEAR15M-26OCT042130-30,0.3000,19.00,no
2026-10-05T01:29:20.333707Z,KXNEAR15M-26OCT042130-30,0.3000,19.00,no
2026-10-05T01:29:20.576678Z,KXNEAR15M-26OCT042130-30,0.3100,8.39,no
2026-10-05T01:29:20.744176Z,KXNEAR15M-26OCT042130-30,0.3100,16.79,no
2026-10-05T01:29:20.862187Z,KXNEAR15M-26OCT042130-30,0.3900,2.45,yes
2026-10-05T01:29:20.921286Z,KXNEAR15M-26OCT042130-30,0.3100,7.09,no
2026-10-05T01:29:21.636832Z,KXNEAR15M-26OCT042130-30,0.3100,7.09,no
2026-10-05T01:29:21.741093Z,KXNEAR15M-26OCT042130-30,0.3100,21.27,no
2026-10-05T01:29:21.980071Z,KXNEAR15M-26OCT042130-30,0.3100,2.83,no
2026-10-05T01:29:21.992606Z,KXNEAR15M-26OCT042130-30,0.3900,24.59,yes
2026-10-05T01:29:22.023358Z,KXNEAR15M-26OCT042130-30,0.4000,1.65,yes
2026-10-05T01:29:22.023358Z,KXNEAR15M-26OCT042130-30,0.3900,14.41,yes
2026-10-05T01:29:22.023358Z,KXNEAR15M-26OCT042130-30,0.3900,0.03,yes
2026-10-05T01:29:22.023358Z,KXNEAR15M-26OCT042130-30,0.4000,8.00,yes
2026-10-05T01:29:22.083393Z,KXNEAR15M-26OCT042130-30,0.3100,49.63,no
2026-10-05T01:29:22.620155Z,KXNEAR15M-26OCT042130-30,0.3100,8.00,no
2026-10-05T01:29:22.620155Z,KXNEAR15M-26OCT042130-30,0.2900,50.00,no
2026-10-05T01:29:22.620155Z,KXNEAR15M-26OCT042130-30,0.3100,62.91,no
2026-10-05T01:29:22.620155Z,KXNEAR15M-26OCT042130-30,0.2700,6.00,no
2026-10-05T01:29:22.620155Z,KXNEAR15M-26OCT042130-30,0.3000,44.00,no
2026-10-05T01:29:22.620155Z,KXNEAR15M-26OCT042130-30,0.2500,3.21,no
2026-10-05T01:29:22.625098Z,KXNEAR15M-26OCT042130-30,0.2500,7.00,no
2026-10-05T01:29:22.625098Z,KXNEAR15M-26OCT042130-30,0.2800,46.00,no
2026-10-05T01:29:22.627006Z,KXNEAR15M-26OCT042130-30,0.1800,0.03,no
2026-10-05T01:29:22.629007Z,KXNEAR15M-26OCT042130-30,0.1700,7.00,no
2026-10-05T01:29:22.629007Z,KXNEAR15M-26OCT042130-30,0.1800,63.00,no
2026-10-05T01:29:22.629007Z,KXNEAR15M-26OCT042130-30,0.1600,68.31,no
2026-10-05T01:29:22.629007Z,KXNEAR15M-26OCT042130-30,0.1600,0.03,no
2026-10-05T01:29:22.633636Z,KXNEAR15M-26OCT042130-30,0.1700,66.00,no
2026-10-05T01:29:22.633636Z,KXNEAR15M-26OCT042130-30,0.1600,4.00,no
2026-10-05T01:29:22.7669Z,KXNEAR15M-26OCT042130-30,0.1400,84.00,no
2026-10-05T01:29:22.7669Z,KXNEAR15M-26OCT042130-30,0.1500,5.00,no
2026-10-05T01:29:22.7669Z,KXNEAR15M-26OCT042130-30,0.1500,6.00,no
2026-10-05T01:29:22.7669Z,KXNEAR15M-26OCT042130-30,0.1400,0.03,no
2026-10-05T01:29:22.7669Z,KXNEAR15M-26OCT042130-30,0.1300,1.97,no
2026-10-05T01:29:22.773539Z,KXNEAR15M-26OCT042130-30,0.1300,27.00,no
2026-10-05T01:29:22.92645Z,KXNEAR15M-26OCT042130-30,0.2000,3.44,yes
2026-10-05T01:29:22.92645Z,KXNEAR15M-26OCT042130-30,0.2000,0.03,yes
2026-10-05T01:29:22.92645Z,KXNEAR15M-26OCT042130-30,0.1900,0.03,yes
2026-10-05T01:29:22.92645Z,KXNEAR15M-26OCT042130-30,0.1900,6.35,yes
2026-10-05T01:29:23.016478Z,KXNEAR15M-26OCT042130-30,0.2000,2.00,yes
2026-10-05T01:29:23.767048Z,KXNEAR15M-26OCT042130-30,0.1900,60.00,yes
2026-10-05T01:29:23.767048Z,KXNEAR15M-26OCT042130-30,0.2000,11.41,yes
2026-10-05T01:29:23.767048Z,KXNEAR15M-26OCT042130-30,0.2000,0.03,yes
2026-10-05T01:29:23.767048Z,KXNEAR15M-26OCT042130-30,0.2000,6.00,yes
2026-10-05T01:29:23.767048Z,KXNEAR15M-26OCT042130-30,0.1900,0.03,yes
2026-10-05T01:29:24.218467Z,KXNEAR15M-26OCT042130-30,0.1900,1.00,yes
2026-10-05T01:29:24.254052Z,KXNEAR15M-26OCT042130-30,0.1600,9.00,no
2026-10-05T01:29:24.254052Z,KXNEAR15M-26OCT042130-30,0.1700,66.00,no
2026-10-05T01:29:24.272278Z,KXNEAR15M-26OCT042130-30,0.1700,1.50,no
2026-10-05T01:29:24.489266Z,KXNEAR15M-26OCT042130-30,0.1700,7.00,no
2026-10-05T01:29:24.489266Z,KXNEAR15M-26OCT042130-30,0.1700,5.00,no
2026-10-05T01:29:25.250495Z,KXNEAR15M-26OCT042130-30,0.1500,7.66,yes
2026-10-05T01:29:25.295319Z,KXNEAR15M-26OCT042130-30,0.0980,5.00,no
2026-10-05T01:29:25.400234Z,KXNEAR15M-26OCT042130-30,0.0990,3.40,no
2026-10-05T01:29:25.408008Z,KXNEAR15M-26OCT042130-30,0.0990,1.09,no
2026-10-05T01:29:25.44891Z,KXNEAR15M-26OCT042130-30,0.0990,5.00,no
2026-10-05T01:29:25.44891Z,KXNEAR15M-26OCT042130-30,0.0990,99.51,no
2026-10-05T01:29:25.44891Z,KXNEAR15M-26OCT042130-30,0.0980,95.00,no
2026-10-05T01:29:25.48474Z,KXNEAR15M-26OCT042130-30,0.1500,52.78,yes
2026-10-05T01:29:25.514718Z,KXNEAR15M-26OCT042130-30,0.1500,11.70,yes
2026-10-05T01:29:25.710977Z,KXNEAR15M-26OCT042130-30,0.1500,0.03,yes
2026-10-05T01:29:25.710977Z,KXNEAR15M-26OCT042130-30,0.1500,1.32,yes
2026-10-05T01:29:25.710977Z,KXNEAR15M-26OCT042130-30,0.1500,0.86,yes
2026-10-05T01:29:25.716115Z,KXNEAR15M-26OCT042130-30,0.0940,4.31,no
2026-10-05T01:29:25.758826Z,KXNEAR15M-26OCT042130-30,0.1600,0.03,yes
2026-10-05T01:29:25.758826Z,KXNEAR15M-26OCT042130-30,0.1500,70.68,yes
2026-10-05T01:29:25.758826Z,KXNEAR15M-26OCT042130-30,0.1600,7.00,yes
2026-10-05T01:29:25.758826Z,KXNEAR15M-26OCT042130-30,0.1700,66.00,yes
2026-10-05T01:29:25.758826Z,KXNEAR15M-26OCT042130-30,0.1700,0.03,yes
2026-10-05T01:29:25.784173Z,KXNEAR15M-26OCT042130-30,0.0940,4.00,no
2026-10-05T01:29:25.784173Z,KXNEAR15M-26OCT042130-30,0.0940,6.24,no
2026-10-05T01:29:25.784173Z,KXNEAR15M-26OCT042130-30,0.0940,0.69,no
2026-10-05T01:29:25.877298Z,KXNEAR15M-26OCT042130-30,0.0940,4.00,no
2026-10-05T01:29:25.877298Z,KXNEAR15M-26OCT042130-30,0.0930,6.00,no
2026-10-05T01:29:25.877298Z,KXNEAR15M-26OCT042130-30,0.0940,0.03,no
2026-10-05T01:29:25.877298Z,KXNEAR15M-26OCT042130-30,0.0930,104.00,no
2026-10-05T01:29:25.877298Z,KXNEAR15M-26OCT042130-30,0.0680,68.15,no
2026-10-05T01:29:25.877298Z,KXNEAR15M-26OCT042130-30,0.0910,0.03,no
2026-10-05T01:29:25.877298Z,KXNEAR15M-26OCT042130-30,0.0940,5.00,no
2026-10-05T01:29:25.877298Z,KXNEAR15M-26OCT042130-30,0.0910,100.00,no
2026-10-05T01:29:25.877298Z,KXNEAR15M-26OCT042130-30,0.0940,97.76,no
2026-10-05T01:29:25.877298Z,KXNEAR15M-26OCT042130-30,0.0930,0.03,no
2026-10-05T01:29:25.877298Z,KXNEAR15M-26OCT042130-30,0.0700,42.00,no
2026-10-05T01:29:25.962342Z,KXNEAR15M-26OCT042130-30,0.0990,7.09,yes
2026-10-05T01:29:26.047115Z,KXNEAR15M-26OCT042130-30,0.0520,100.00,no
2026-10-05T01:29:26.047115Z,KXNEAR15M-26OCT042130-30,0.0530,3.00,no
2026-10-05T01:29:26.047115Z,KXNEAR15M-26OCT042130-30,0.0860,100.00,no
2026-10-05T01:29:26.047115Z,KXNEAR15M-26OCT042130-30,0.0530,5.00,no
2026-10-05T01:29:26.047115Z,KXNEAR15M-26OCT042130-30,0.0680,31.85,no
2026-10-05T01:29:26.047115Z,KXNEAR15M-26OCT042130-30,0.0520,53.24,no
2026-10-05T01:29:26.219734Z,KXNEAR15M-26OCT042130-30,0.0790,21.49,no
2026-10-05T01:29:26.230352Z,KXNEAR15M-26OCT042130-30,0.0790,9.30,no
2026-10-05T01:29:26.235132Z,KXNEAR15M-26OCT042130-30,0.0790,10.00,no
2026-10-05T01:29:26.250091Z,KXNEAR15M-26OCT042130-30,0.0990,41.93,yes
2026-10-05T01:29:26.26144Z,KXNEAR15M-26OCT042130-30,0.0790,1.06,no
2026-10-05T01:29:26.342016Z,KXNEAR15M-26OCT042130-30,0.0990,31.46,yes
2026-10-05T01:29:26.435286Z,KXNEAR15M-26OCT042130-30,0.0790,1.08,no
2026-10-05T01:29:26.489315Z,KXNEAR15M-26OCT042130-30,0.0780,0.03,no
2026-10-05T01:29:26.489315Z,KXNEAR15M-26OCT042130-30,0.0790,0.03,no
2026-10-05T01:29:26.489315Z,KXNEAR15M-26OCT042130-30,0.0780,2.09,no
2026-10-05T01:29:26.647059Z,KXNEAR15M-26OCT042130-30,0.0980,104.00,yes
2026-10-05T01:29:26.647059Z,KXNEAR15M-26OCT042130-30,0.0980,0.03,yes
2026-10-05T01:29:26.647059Z,KXNEAR15M-26OCT042130-30,0.0990,34.29,yes
2026-10-05T01:29:26.647059Z,KXNEAR15M-26OCT042130-30,0.0980,6.00,yes
2026-10-05T01:29:26.743268Z,KXNEAR15M-26OCT042130-30,0.0990,9.50,yes
2026-10-05T01:29:26.851659Z,KXNEAR15M-26OCT042130-30,0.0990,9.50,yes
2026-10-05T01:29:26.860602Z,KXNEAR15M-26OCT042130-30,0.0660,2.10,no
2026-10-05T01:29:26.910452Z,KXNEAR15M-26OCT042130-30,0.0660,3.18,no
2026-10-05T01:29:26.991591Z,KXNEAR15M-26OCT042130-30,0.0990,16.35,yes
2026-10-05T01:29:27.041028Z,KXNEAR15M-26OCT042130-30,0.0980,2.00,yes
2026-10-05T01:29:27.041028Z,KXNEAR15M-26OCT042130-30,0.0990,16.80,yes
2026-10-05T01:29:27.12411Z,KXNEAR15M-26OCT042130-30,0.0970,9.00,yes
2026-10-05T01:29:27.141584Z,KXNEAR15M-26OCT042130-30,0.0660,10.65,no
2026-10-05T01:29:27.150299Z,KXNEAR15M-26OCT042130-30,0.0970,9.50,yes
2026-10-05T01:29:27.177526Z,KXNEAR15M-26OCT042130-30,0.0660,26.63,no
2026-10-05T01:29:27.232Z,KXNEAR15M-26OCT042130-30,0.0930,1.00,yes
2026-10-05T01:29:27.383927Z,KXNEAR15M-26OCT042130-30,0.0650,0.03,no
2026-10-05T01:29:27.383927Z,KXNEAR15M-26OCT042130-30,0.0650,3.00,no
2026-10-05T01:29:27.383927Z,KXNEAR15M-26OCT042130-30,0.0660,0.03,no
2026-10-05T01:29:27.383927Z,KXNEAR15M-26OCT042130-30,0.0660,61.44,no
2026-10-05T01:29:27.383927Z,KXNEAR15M-26OCT042130-30,0.0640,39.91,no
2026-10-05T01:29:27.484087Z,KXNEAR15M-26OCT042130-30,0.0930,5.00,yes
2026-10-05T01:29:27.489187Z,KXNEAR15M-26OCT042130-30,0.0930,1.00,yes
2026-10-05T01:29:27.525241Z,KXNEAR15M-26OCT042130-30,0.0660,0.72,no
2026-10-05T01:29:27.525241Z,KXNEAR15M-26OCT042130-30,0.0660,104.00,no
2026-10-05T01:29:27.60485Z,KXNEAR15M-26OCT042130-30,0.0930,10.11,yes
2026-10-05T01:29:27.675479Z,KXNEAR15M-26OCT042130-30,0.0650,1.00,no
2026-10-05T01:29:27.675479Z,KXNEAR15M-26OCT042130-30,0.0660,1.00,no
2026-10-05T01:29:27.675479Z,KXNEAR15M-26OCT042130-30,0.0650,3.00,no
2026-10-05T01:29:27.675479Z,KXNEAR15M-26OCT042130-30,0.0640,64.09,no
2026-10-05T01:29:27.675479Z,KXNEAR15M-26OCT042130-30,0.0640,0.03,no
2026-10-05T01:29:27.676636Z,KXNEAR15M-26OCT042130-30,0.0500,20.00,no
2026-10-05T01:29:27.676698Z,KXNEAR15M-26OCT042130-30,0.0500,43.42,no
2026-10-05T01:29:27.679675Z,KXNEAR15M-26OCT042130-30,0.0660,20.70,no
2026-10-05T01:29:27.682061Z,KXNEAR15M-26OCT042130-30,0.0770,13.00,yes
2026-10-05T01:29:27.689419Z,KXNEAR15M-26OCT042130-30,0.0660,2.00,no
2026-10-05T01:29:27.692073Z,KXNEAR15M-26OCT042130-30,0.0660,16.00,no
2026-10-05T01:29:27.692073Z,KXNEAR15M-26OCT042130-30,0.0670,2.00,no
2026-10-05T01:29:27.719469Z,KXNEAR15M-26OCT042130-30,0.0660,23.00,no
2026-10-05T01:29:27.728666Z,KXNEAR15M-26OCT042130-30,0.0660,3.00,no
2026-10-05T01:29:27.734966Z,KXNEAR15M-26OCT042130-30,0.0660,1.00,no
2026-10-05T01:29:27.768345Z,KXNEAR15M-26OCT042130-30,0.0660,2.08,no
2026-10-05T01:29:27.780848Z,KXNEAR15M-26OCT042130-30,0.0650,0.03,no
2026-10-05T01:29:27.780848Z,KXNEAR15M-26OCT042130-30,0.0660,0.03,no
2026-10-05T01:29:27.780848Z,KXNEAR15M-26OCT042130-30,0.0460,2.91,no
2026-10-05T01:29:27.780848Z,KXNEAR15M-26OCT042130-30,0.0500,0.03,no
2026-10-05T01:29:27.780848Z,KXNEAR15M-26OCT042130-30,0.0500,0.36,no
2026-10-05T01:29:27.786776Z,KXNEAR15M-26OCT042130-30,0.0440,2.00,no
2026-10-05T01:29:27.786776Z,KXNEAR15M-26OCT042130-30,0.0370,13.00,no
2026-10-05T01:29:27.786776Z,KXNEAR15M-26OCT042130-30,0.0380,3.00,no
2026-10-05T01:29:27.819578Z,KXNEAR15M-26OCT042130-30,0.0340,4.00,no
2026-10-05T01:29:27.819578Z,KXNEAR15M-26OCT042130-30,0.0400,5.00,no
2026-10-05T01:29:27.96123Z,KXNEAR15M-26OCT042130-30,0.0940,15.90,yes
2026-10-05T01:29:27.96123Z,KXNEAR15M-26OCT042130-30,0.0910,0.03,yes
2026-10-05T01:29:27.96123Z,KXNEAR15M-26OCT042130-30,0.0890,0.03,yes
2026-10-05T01:29:27.980326Z,KXNEAR15M-26OCT042130-30,0.0940,1.97,yes
2026-10-05T01:29:28.518717Z,KXNEAR15M-26OCT042130-30,0.0580,50.00,yes
2026-10-05T01:29:28.534633Z,KXNEAR15M-26OCT042130-30,0.0580,2.83,yes
2026-10-05T01:29:28.706147Z,KXNEAR15M-26OCT042130-30,0.0300,12.00,no
2026-10-05T01:29:28.706147Z,KXNEAR15M-26OCT042130-30,0.0310,1.00,no
2026-10-05T01:29:28.706147Z,KXNEAR15M-26OCT042130-30,0.0310,5.00,no
2026-10-05T01:29:28.706147Z,KXNEAR15M-26OCT042130-30,0.0310,0.03,no
2026-10-05T01:29:28.706147Z,KXNEAR15M-26OCT042130-30,0.0310,4.00,no
2026-10-05T01:29:28.706147Z,KXNEAR15M-26OCT042130-30,0.0300,234.81,no
2026-10-05T01:29:28.706147Z,KXNEAR15M-26OCT042130-30,0.0300,0.35,no
2026-10-05T01:29:28.998097Z,KXNEAR15M-26OCT042130-30,0.0300,20.71,no
2026-10-05T01:29:29.011154Z,KXNEAR15M-26OCT042130-30,0.0540,48.48,yes
2026-10-05T01:29:29.094599Z,KXNEAR15M-26OCT042130-30,0.0300,14.24,no
2026-10-05T01:29:29.116765Z,KXNEAR15M-26OCT042130-30,0.0300,7.00,no
2026-10-05T01:29:29.126418Z,KXNEAR15M-26OCT042130-30,0.0300,1.00,no
2026-10-05T01:29:29.14846Z,KXNEAR15M-26OCT042130-30,0.0300,2.00,no
2026-10-05T01:29:29.152816Z,KXNEAR15M-26OCT042130-30,0.0530,1.00,yes
2026-10-05T01:29:29.152816Z,KXNEAR15M-26OCT042130-30,0.0540,0.03,yes
2026-10-05T01:29:29.152816Z,KXNEAR15M-26OCT042130-30,0.0510,8.00,yes
2026-10-05T01:29:29.152816Z,KXNEAR15M-26OCT042130-30,0.0500,104.00,yes
2026-10-05T01:29:29.152816Z,KXNEAR15M-26OCT042130-30,0.0520,104.00,yes
2026-10-05T01:29:29.152816Z,KXNEAR15M-26OCT042130-30,0.0550,0.03,yes
2026-10-05T01:29:29.152816Z,KXNEAR15M-26OCT042130-30,0.0560,0.03,yes
2026-10-05T01:29:29.152816Z,KXNEAR15M-26OCT042130-30,0.0740,100.00,yes
2026-10-05T01:29:29.152816Z,KXNEAR15M-26OCT042130-30,0.0600,62.00,yes
2026-10-05T01:29:29.152816Z,KXNEAR15M-26OCT042130-30,0.0900,3.17,yes
2026-10-05T01:29:29.152816Z,KXNEAR15M-26OCT042130-30,0.0900,23.29,yes
2026-10-05T01:29:29.153608Z,KXNEAR15M-26OCT042130-30,0.0900,17.71,yes
2026-10-05T01:29:29.166307Z,KXNEAR15M-26OCT042130-30,0.0260,4.12,no
2026-10-05T01:29:29.166307Z,KXNEAR15M-26OCT042130-30,0.0300,0.03,no
2026-10-05T01:29:29.166307Z,KXNEAR15M-26OCT042130-30,0.0300,20.24,no
2026-10-05T01:29:29.166307Z,KXNEAR15M-26OCT042130-30,0.0300,25.00,no
2026-10-05T01:29:29.170749Z,KXNEAR15M-26OCT042130-30,0.0240,8.00,no
2026-10-05T01:29:29.170749Z,KXNEAR15M-26OCT042130-30,0.0250,6.00,no
2026-10-05T01:29:29.170749Z,KXNEAR15M-26OCT042130-30,0.0220,3.00,no
2026-10-05T01:29:29.170749Z,KXNEAR15M-26OCT042130-30,0.0230,6.00,no
2026-10-05T01:29:29.170749Z,KXNEAR15M-26OCT042130-30,0.0240,6.00,no
2026-10-05T01:29:29.170749Z,KXNEAR15M-26OCT042130-30,0.0210,39.91,no
2026-10-05T01:29:29.170749Z,KXNEAR15M-26OCT042130-30,0.0220,24.00,no
2026-10-05T01:29:29.170749Z,KXNEAR15M-26OCT042130-30,0.0260,0.88,no
2026-10-05T01:29:29.170749Z,KXNEAR15M-26OCT042130-30,0.0220,5.00,no
2026-10-05T01:29:29.170749Z,KXNEAR15M-26OCT042130-30,0.0250,0.03,no
2026-10-05T01:29:29.419728Z,KXNEAR15M-26OCT042130-30,0.0480,93.76,yes
2026-10-05T01:29:29.577314Z,KXNEAR15M-26OCT042130-30,0.0470,22.00,yes
2026-10-05T01:29:29.692998Z,KXNEAR15M-26OCT042130-30,0.0250,5.00,no
2026-10-05T01:29:29.692998Z,KXNEAR15M-26OCT042130-30,0.0230,52.41,no
2026-10-05T01:29:29.692998Z,KXNEAR15M-26OCT042130-30,0.0240,5.00,no
2026-10-05T01:29:29.779915Z,KXNEAR15M-26OCT042130-30,0.0450,0.60,yes
2026-10-05T01:29:29.789627Z,KXNEAR15M-26OCT042130-30,0.0210,19.97,no
2026-10-05T01:29:29.789627Z,KXNEAR15M-26OCT042130-30,0.0220,0.03,no
2026-10-05T01:29:29.789627Z,KXNEAR15M-26OCT042130-30,0.0220,5.00,no
2026-10-05T01:29:29.789627Z,KXNEAR15M-26OCT042130-30,0.0220,5.00,no
2026-10-05T01:29:29.824349Z,KXNEAR15M-26OCT042130-30,0.0210,49.00,no
2026-10-05T01:29:29.864249Z,KXNEAR15M-26OCT042130-30,0.0210,37.03,no
2026-10-05T01:29:29.864249Z,KXNEAR15M-26OCT042130-30,0.0220,5.00,no
2026-10-05T01:29:29.864249Z,KXNEAR15M-26OCT042130-30,0.0220,33.00,no
2026-10-05T01:29:29.864249Z,KXNEAR15M-26OCT042130-30,0.0220,5.00,no
2026-10-05T01:29:29.999597Z,KXNEAR15M-26OCT042130-30,0.0420,19.94,yes
2026-10-05T01:29:30.318626Z,KXNEAR15M-26OCT042130-30,0.0210,1.00,no
2026-10-05T01:29:30.318626Z,KXNEAR15M-26OCT042130-30,0.0210,5.09,no
2026-10-05T01:29:30.318626Z,KXNEAR15M-26OCT042130-30,0.0210,3.70,no
2026-10-05T01:29:30.365412Z,KXNEAR15M-26OCT042130-30,0.0370,48.03,yes
2026-10-05T01:29:30.543835Z,KXNEAR15M-26OCT042130-30,0.0200,11.00,no
2026-10-05T01:29:30.543835Z,KXNEAR15M-26OCT042130-30,0.0210,5.00,no
2026-10-05T01:29:30.543835Z,KXNEAR15M-26OCT042130-30,0.0210,5.00,no
2026-10-05T01:29:30.543835Z,KXNEAR15M-26OCT042130-30,0.0200,33.00,no
2026-10-05T01:29:30.603559Z,KXNEAR15M-26OCT042130-30,0.0200,33.97,no
2026-10-05T01:29:30.745677Z,KXNEAR15M-26OCT042130-30,0.0360,1.00,yes
2026-10-05T01:29:30.745677Z,KXNEAR15M-26OCT042130-30,0.0360,1.00,yes
2026-10-05T01:29:30.745677Z,KXNEAR15M-26OCT042130-30,0.0380,2.00,yes
2026-10-05T01:29:30.797319Z,KXNEAR15M-26OCT042130-30,0.0590,4.31,yes
2026-10-05T01:29:30.898312Z,KXNEAR15M-26OCT042130-30,0.0220,9.17,no
2026-10-05T01:29:30.918324Z,KXNEAR15M-26OCT042130-30,0.0220,5.00,no
2026-10-05T01:29:31.046193Z,KXNEAR15M-26OCT042130-30,0.0570,2.65,yes
2026-10-05T01:29:31.104268Z,KXNEAR15M-26OCT042130-30,0.0570,1.08,yes
2026-10-05T01:29:31.127004Z,KXNEAR15M-26OCT042130-30,0.0230,25.49,no
2026-10-05T01:29:31.203566Z,KXNEAR15M-26OCT042130-30,0.0230,25.49,no
2026-10-05T01:29:31.502017Z,KXNEAR15M-26OCT042130-30,0.0520,32.91,yes
2026-10-05T01:29:31.553326Z,KXNEAR15M-26OCT042130-30,0.0220,0.03,no
2026-10-05T01:29:31.553326Z,KXNEAR15M-26OCT042130-30,0.0210,4.12,no
2026-10-05T01:29:31.553326Z,KXNEAR15M-26OCT042130-30,0.0210,0.03,no
2026-10-05T01:29:31.732443Z,KXNEAR15M-26OCT042130-30,0.0210,5.00,no
2026-10-05T01:29:31.732443Z,KXNEAR15M-26OCT042130-30,0.0210,5.00,no
2026-10-05T01:29:31.842243Z,KXNEAR15M-26OCT042130-30,0.0480,104.00,yes
2026-10-05T01:29:31.842243Z,KXNEAR15M-26OCT042130-30,0.0500,30.98,yes
2026-10-05T01:29:31.842243Z,KXNEAR15M-26OCT042130-30,0.0490,8.00,yes
2026-10-05T01:29:31.842243Z,KXNEAR15M-26OCT042130-30,0.0490,6.00,yes
2026-10-05T01:29:31.883616Z,KXNEAR15M-26OCT042130-30,0.0500,17.54,yes
2026-10-05T01:29:32.064364Z,KXNEAR15M-26OCT042130-30,0.0460,85.72,yes
2026-10-05T01:29:32.064364Z,KXNEAR15M-26OCT042130-30,0.0230,1.04,yes
2026-10-05T01:29:32.064364Z,KXNEAR15M-26OCT042130-30,0.0450,7.00,yes
2026-10-05T01:29:32.104925Z,KXNEAR15M-26OCT042130-30,0.0220,5.00,no
2026-10-05T01:29:32.340597Z,KXNEAR15M-26OCT042130-30,0.0220,7.00,no
2026-10-05T01:29:32.474688Z,KXNEAR15M-26OCT042130-30,0.0220,5.00,no
2026-10-05T01:29:32.561407Z,KXNEAR15M-26OCT042130-30,0.0220,5.00,no
2026-10-05T01:29:32.597424Z,KXNEAR15M-26OCT042130-30,0.0220,35.65,no
2026-10-05T01:29:32.626395Z,KXNEAR15M-26OCT042130-30,0.0220,6.00,no
2026-10-05T01:29:32.626399Z,KXNEAR15M-26OCT042130-30,0.0220,7.00,no
2026-10-05T01:29:32.694043Z,KXNEAR15M-26OCT042130-30,0.0220,0.03,no
2026-10-05T01:29:32.694043Z,KXNEAR15M-26OCT042130-30,0.0210,5.00,no
2026-10-05T01:29:32.694043Z,KXNEAR15M-26OCT042130-30,0.0220,5.00,no
2026-10-05T01:29:32.694043Z,KXNEAR15M-26OCT042130-30,0.0210,0.03,no
2026-10-05T01:29:32.694043Z,KXNEAR15M-26OCT042130-30,0.0200,12.94,no
2026-10-05T01:29:32.779022Z,KXNEAR15M-26OCT042130-30,0.0210,5.00,no
2026-10-05T01:29:32.779022Z,KXNEAR15M-26OCT042130-30,0.0210,5.00,no
2026-10-05T01:29:32.814511Z,KXNEAR15M-26OCT042130-30,0.0200,9.00,no
2026-10-05T01:29:32.814637Z,KXNEAR15M-26OCT042130-30,0.0200,1.00,no
2026-10-05T01:29:32.956647Z,KXNEAR15M-26OCT042130-30,0.0200,5.00,no
2026-10-05T01:29:33.072388Z,KXNEAR15M-26OCT042130-30,0.0200,95.20,no
2026-10-05T01:29:33.07754Z,KXNEAR15M-26OCT042130-30,0.0120,0.99,no
2026-10-05T01:29:33.07754Z,KXNEAR15M-26OCT042130-30,0.0200,0.01,no
2026-10-05T01:29:33.087851Z,KXNEAR15M-26OCT042130-30,0.0210,1.04,yes
2026-10-05T01:29:33.087851Z,KXNEAR15M-26OCT042130-30,0.0300,8.75,yes
2026-10-05T01:29:33.087851Z,KXNEAR15M-26OCT042130-30,0.0290,7.00,yes
2026-10-05T01:29:33.099558Z,KXNEAR15M-26OCT042130-30,0.0130,7.26,no
2026-10-05T01:29:33.359521Z,KXNEAR15M-26OCT042130-30,0.0140,3.00,no
2026-10-05T01:29:33.359521Z,KXNEAR15M-26OCT042130-30,0.0140,2.00,no
2026-10-05T01:29:33.426169Z,KXNEAR15M-26OCT042130-30,0.0210,1.06,yes
2026-10-05T01:29:33.556647Z,KXNEAR15M-26OCT042130-30,0.0200,43.00,yes
2026-10-05T01:29:33.556647Z,KXNEAR15M-26OCT042130-30,0.0180,104.00,yes
2026-10-05T01:29:33.556647Z,KXNEAR15M-26OCT042130-30,0.0190,18.00,yes
2026-10-05T01:29:33.577797Z,KXNEAR15M-26OCT042130-30,0.0140,1.00,no
2026-10-05T01:29:33.636804Z,KXNEAR15M-26OCT042130-30,0.0170,13.00,yes
2026-10-05T01:29:33.636804Z,KXNEAR15M-26OCT042130-30,0.0540,8.00,yes
2026-10-05T01:29:33.636804Z,KXNEAR15M-26OCT042130-30,0.0210,0.01,yes
2026-10-05T01:29:33.636804Z,KXNEAR15M-26OCT042130-30,0.0210,18.94,yes
2026-10-05T01:29:33.636804Z,KXNEAR15M-26OCT042130-30,0.0450,0.03,yes
2026-10-05T01:29:33.636804Z,KXNEAR15M-26OCT042130-30,0.0450,1.00,yes
2026-10-05T01:29:33.636804Z,KXNEAR15M-26OCT042130-30,0.0590,48.91,yes
2026-10-05T01:29:33.636804Z,KXNEAR15M-26OCT042130-30,0.0550,43.00,yes
2026-10-05T01:29:33.636804Z,KXNEAR15M-26OCT042130-30,0.0570,6.00,yes
2026-10-05T01:29:33.76262Z,KXNEAR15M-26OCT042130-30,0.0150,20.24,no
2026-10-05T01:29:33.797522Z,KXNEAR15M-26OCT042130-30,0.0150,50.00,no
2026-10-05T01:29:33.873122Z,KXNEAR15M-26OCT042130-30,0.0440,6.00,yes
2026-10-05T01:29:33.918201Z,KXNEAR15M-26OCT042130-30,0.0050,11.00,no
2026-10-05T01:29:33.918201Z,KXNEAR15M-26OCT042130-30,0.0040,0.60,no
2026-10-05T01:29:33.918201Z,KXNEAR15M-26OCT042130-30,0.0110,1.00,no
2026-10-05T01:29:33.918201Z,KXNEAR15M-26OCT042130-30,0.0110,2.00,no
2026-10-05T01:29:33.918201Z,KXNEAR15M-26OCT042130-30,0.0110,1.00,no
2026-10-05T01:29:33.918201Z,KXNEAR15M-26OCT042130-30,0.0110,2.00,no
2026-10-05T01:29:33.918201Z,KXNEAR15M-26OCT042130-30,0.0110,100.00,no
2026-10-05T01:29:33.918201Z,KXNEAR15M-26OCT042130-30,0.0110,10.00,no
2026-10-05T01:29:33.918201Z,KXNEAR15M-26OCT042130-30,0.0110,20.00,no
2026-10-05T01:29:33.918201Z,KXNEAR15M-26OCT042130-30,0.0150,33.76,no
2026-10-05T01:29:33.918201Z,KXNEAR15M-26OCT042130-30,0.0140,3.00,no
2026-10-05T01:29:33.918201Z,KXNEAR15M-26OCT042130-30,0.0130,96.74,no
2026-10-05T01:29:33.918201Z,KXNEAR15M-26OCT042130-30,0.0140,2.00,no
2026-10-05T01:29:33.918201Z,KXNEAR15M-26OCT042130-30,0.0100,100.00,no
2026-10-05T01:29:33.918201Z,KXNEAR15M-26OCT042130-30,0.0100,1.44,no
2026-10-05T01:29:33.982097Z,KXNEAR15M-26OCT042130-30,0.0100,0.03,no
2026-10-05T01:29:33.982097Z,KXNEAR15M-26OCT042130-30,0.0110,0.03,no
2026-10-05T01:29:33.982097Z,KXNEAR15M-26OCT042130-30,0.0130,0.03,no
2026-10-05T01:29:33.982097Z,KXNEAR15M-26OCT042130-30,0.0140,0.03,no
2026-10-05T01:29:33.982097Z,KXNEAR15M-26OCT042130-30,0.0150,0.03,no
2026-10-05T01:29:34.064779Z,KXNEAR15M-26OCT042130-30,0.0080,24.00,yes
2026-10-05T01:29:34.095143Z,KXNEAR15M-26OCT042130-30,0.0070,2.00,no
2026-10-05T01:29:34.31935Z,KXNEAR15M-26OCT042130-30,0.0070,1.00,no
2026-10-05T01:29:34.337508Z,KXNEAR15M-26OCT042130-30,0.0140,102.95,yes
2026-10-05T01:29:34.337508Z,KXNEAR15M-26OCT042130-30,0.0100,2.44,yes
2026-10-05T01:29:34.337508Z,KXNEAR15M-26OCT042130-30,0.0080,0.85,yes
2026-10-05T01:29:34.366629Z,KXNEAR15M-26OCT042130-30,0.0150,20.00,yes
2026-10-05T01:29:34.366629Z,KXNEAR15M-26OCT042130-30,0.0390,1.30,yes
2026-10-05T01:29:34.383398Z,KXNEAR15M-26OCT042130-30,0.0370,3.30,yes
2026-10-05T01:29:34.383398Z,KXNEAR15M-26OCT042130-30,0.0140,18.00,yes
2026-10-05T01:29:34.386692Z,KXNEAR15M-26OCT042130-30,0.0380,8.00,yes
2026-10-05T01:29:34.386692Z,KXNEAR15M-26OCT042130-30,0.0560,1.99,yes
2026-10-05T01:29:34.386692Z,KXNEAR15M-26OCT042130-30,0.0390,22.70,yes
2026-10-05T01:29:34.386692Z,KXNEAR15M-26OCT042130-30,0.0550,5.00,yes
2026-10-05T01:29:34.431703Z,KXNEAR15M-26OCT042130-30,0.0480,4.83,no
2026-10-05T01:29:34.432943Z,KXNEAR15M-26OCT042130-30,0.0480,0.17,no
2026-10-05T01:29:34.513467Z,KXNEAR15M-26OCT042130-30,0.0090,7.92,no
2026-10-05T01:29:34.533631Z,KXNEAR15M-26OCT042130-30,0.0100,2.00,yes
2026-10-05T01:29:34.640122Z,KXNEAR15M-26OCT042130-30,0.0100,0.44,yes
2026-10-05T01:29:34.668203Z,KXNEAR15M-26OCT042130-30,0.0090,85.55,no
2026-10-05T01:29:34.827249Z,KXNEAR15M-26OCT042130-30,0.0150,11.00,yes
2026-10-05T01:29:34.968128Z,KXNEAR15M-26OCT042130-30,0.0090,1.54,no
2026-10-05T01:29:34.968128Z,KXNEAR15M-26OCT042130-30,0.0090,0.03,no
2026-10-05T01:29:34.968128Z,KXNEAR15M-26OCT042130-30,0.0090,10.53,no
2026-10-05T01:29:35.015373Z,KXNEAR15M-26OCT042130-30,0.0140,10.93,yes
2026-10-05T01:29:35.739031Z,KXNEAR15M-26OCT042130-30,0.0100,1.00,no
2026-10-05T01:29:35.766632Z,KXNEAR15M-26OCT042130-30,0.0140,65.48,yes
2026-10-05T01:29:35.854939Z,KXNEAR15M-26OCT042130-30,0.0140,23.42,yes
2026-10-05T01:29:35.955861Z,KXNEAR15M-26OCT042130-30,0.0120,6.00,no
2026-10-05T01:29:35.977201Z,KXNEAR15M-26OCT042130-30,0.0140,0.03,yes
2026-10-05T01:29:35.977201Z,KXNEAR15M-26OCT042130-30,0.0150,9.00,yes
2026-10-05T01:29:35.977201Z,KXNEAR15M-26OCT042130-30,0.0150,12.24,yes
2026-10-05T01:29:36.096902Z,KXNEAR15M-26OCT042130-30,0.0100,0.03,no
2026-10-05T01:29:36.096902Z,KXNEAR15M-26OCT042130-30,0.0130,8.00,no
2026-10-05T01:29:36.096902Z,KXNEAR15M-26OCT042130-30,0.0140,104.00,no
2026-10-05T01:29:36.096902Z,KXNEAR15M-26OCT042130-30,0.0120,5.00,no
2026-10-05T01:29:36.096902Z,KXNEAR15M-26OCT042130-30,0.0120,104.00,no
2026-10-05T01:29:36.096902Z,KXNEAR15M-26OCT042130-30,0.0130,9.00,no
2026-10-05T01:29:36.116482Z,KXNEAR15M-26OCT042130-30,0.0140,65.48,yes
2026-10-05T01:29:36.345934Z,KXNEAR15M-26OCT042130-30,0.0040,11.78,no
2026-10-05T01:29:36.345934Z,KXNEAR15M-26OCT042130-30,0.0090,6.00,no
2026-10-05T01:29:36.490514Z,KXNEAR15M-26OCT042130-30,0.0120,63.76,yes
2026-10-05T01:29:36.490922Z,KXNEAR15M-26OCT042130-30,0.0120,40.24,yes
2026-10-05T01:29:36.651903Z,KXNEAR15M-26OCT042130-30,0.0140,38.52,yes
2026-10-05T01:29:36.651903Z,KXNEAR15M-26OCT042130-30,0.0150,0.79,yes
2026-10-05T01:29:36.651903Z,KXNEAR15M-26OCT042130-30,0.0140,65.00,yes
2026-10-05T01:29:36.762404Z,KXNEAR15M-26OCT042130-30,0.0040,1.00,no
2026-10-05T01:29:36.762404Z,KXNEAR15M-26OCT042130-30,0.0030,2.00,no
2026-10-05T01:29:36.762404Z,KXNEAR15M-26OCT042130-30,0.0040,1.00,no
2026-10-05T01:29:36.762404Z,KXNEAR15M-26OCT042130-30,0.0030,2.00,no
2026-10-05T01:29:36.762404Z,KXNEAR15M-26OCT042130-30,0.0030,2.00,no
2026-10-05T01:29:36.762404Z,KXNEAR15M-26OCT042130-30,0.0040,1.00,no
2026-10-05T01:29:36.762404Z,KXNEAR15M-26OCT042130-30,0.0040,1.00,no
2026-10-05T01:29:36.762404Z,KXNEAR15M-26OCT042130-30,0.0030,2.00,no
2026-10-05T01:29:36.762404Z,KXNEAR15M-26OCT042130-30,0.0040,1.00,no
2026-10-05T01:29:36.762404Z,KXNEAR15M-26OCT042130-30,0.0030,2.00,no
2026-10-05T01:29:36.762404Z,KXNEAR15M-26OCT042130-30,0.0040,0.62,no
2026-10-05T01:29:36.762404Z,KXNEAR15M-26OCT042130-30,0.0030,18.00,no
2026-10-05T01:29:36.762404Z,KXNEAR15M-26OCT042130-30,0.0020,33.26,no
2026-10-05T01:29:36.762404Z,KXNEAR15M-26OCT042130-30,0.0020,200.00,no
2026-10-05T01:29:36.762404Z,KXNEAR15M-26OCT042130-30,0.0060,104.00,no
2026-10-05T01:29:36.762404Z,KXNEAR15M-26OCT042130-30,0.0050,5.00,no
2026-10-05T01:29:36.762404Z,KXNEAR15M-26OCT042130-30,0.0040,104.00,no
2026-10-05T01:29:36.762404Z,KXNEAR15M-26OCT042130-30,0.0030,0.03,no
2026-10-05T01:29:36.768444Z,KXNEAR15M-26OCT042130-30,0.0140,25.49,yes
2026-10-05T01:29:37.057759Z,KXNEAR15M-26OCT042130-30,0.0070,9.00,no
2026-10-05T01:29:37.121621Z,KXNEAR15M-26OCT042130-30,0.0100,30.07,yes
2026-10-05T01:29:37.149351Z,KXNEAR15M-26OCT042130-30,0.0020,3.00,no
2026-10-05T01:29:37.149351Z,KXNEAR15M-26OCT042130-30,0.0020,3.00,no
2026-10-05T01:29:37.149351Z,KXNEAR15M-26OCT042130-30,0.0020,3.00,no
2026-10-05T01:29:37.149351Z,KXNEAR15M-26OCT042130-30,0.0020,26.00,no
2026-10-05T01:29:37.149351Z,KXNEAR15M-26OCT042130-30,0.0020,3.00,no
2026-10-05T01:29:37.149351Z,KXNEAR15M-26OCT042130-30,0.0020,3.00,no
2026-10-05T01:29:37.149351Z,KXNEAR15M-26OCT042130-30,0.0020,66.74,no
2026-10-05T01:29:37.149351Z,KXNEAR15M-26OCT042130-30,0.0030,104.00,no
2026-10-05T01:29:37.149351Z,KXNEAR15M-26OCT042130-30,0.0020,85.26,no
2026-10-05T01:29:37.149351Z,KXNEAR15M-26OCT042130-30,0.0030,8.00,no
2026-10-05T01:29:37.193614Z,KXNEAR15M-26OCT042130-30,0.0080,104.00,yes
2026-10-05T01:29:37.193614Z,KXNEAR15M-26OCT042130-30,0.0090,57.15,yes
2026-10-05T01:29:37.226849Z,KXNEAR15M-26OCT042130-30,0.0030,7.03,no
2026-10-05T01:29:37.277842Z,KXNEAR15M-26OCT042130-30,0.0030,0.03,no
2026-10-05T01:29:37.277842Z,KXNEAR15M-26OCT042130-30,0.0030,66.97,no
2026-10-05T01:29:37.365396Z,KXNEAR15M-26OCT042130-30,0.0030,4.82,yes
2026-10-05T01:29:37.427003Z,KXNEAR15M-26OCT042130-30,0.0080,78.77,yes
2026-10-05T01:29:37.427003Z,KXNEAR15M-26OCT042130-30,0.0030,3.18,yes
2026-10-05T01:29:37.453103Z,KXNEAR15M-26OCT042130-30,0.0020,2.00,no
2026-10-05T01:29:37.453103Z,KXNEAR15M-26OCT042130-30,0.0020,84.64,no
2026-10-05T01:29:37.908993Z,KXNEAR15M-26OCT042130-30,0.0060,26.63,yes
2026-10-05T01:29:37.913561Z,KXNEAR15M-26OCT042130-30,0.0020,0.67,no
2026-10-05T01:29:38.015267Z,KXNEAR15M-26OCT042130-30,0.0020,18.69,no
2026-10-05T01:29:38.015267Z,KXNEAR15M-26OCT042130-30,0.0020,16.31,no
2026-10-05T01:29:38.227451Z,KXNEAR15M-26OCT042130-30,0.0060,0.03,yes
2026-10-05T01:29:38.227451Z,KXNEAR15M-26OCT042130-30,0.0070,141.31,yes
2026-10-05T01:29:38.227451Z,KXNEAR15M-26OCT042130-30,0.0070,13.00,yes
2026-10-05T01:29:38.227451Z,KXNEAR15M-26OCT042130-30,0.0070,0.03,yes
2026-10-05T01:29:38.227451Z,KXNEAR15M-26OCT042130-30,0.0060,77.37,yes
2026-10-05T01:29:38.345702Z,KXNEAR15M-26OCT042130-30,0.0060,1.32,yes
2026-10-05T01:29:38.374171Z,KXNEAR15M-26OCT042130-30,0.0020,0.90,no
2026-10-05T01:29:38.545249Z,KXNEAR15M-26OCT042130-30,0.0040,2.00,no
2026-10-05T01:29:38.582687Z,KXNEAR15M-26OCT042130-30,0.0070,0.03,yes
2026-10-05T01:29:38.582687Z,KXNEAR15M-26OCT042130-30,0.0060,3.68,yes
2026-10-05T01:29:38.582687Z,KXNEAR15M-26OCT042130-30,0.0120,1.54,yes
2026-10-05T01:29:38.582687Z,KXNEAR15M-26OCT042130-30,0.0080,33.00,yes
2026-10-05T01:29:38.880259Z,KXNEAR15M-26OCT042130-30,0.0040,49.93,no
2026-10-05T01:29:39.452209Z,KXNEAR15M-26OCT042130-30,0.0070,65.82,yes
2026-10-05T01:29:39.452209Z,KXNEAR15M-26OCT042130-30,0.0060,1.00,yes
2026-10-05T01:29:39.640505Z,KXNEAR15M-26OCT042130-30,0.0080,67.00,yes
2026-10-05T01:29:39.640505Z,KXNEAR15M-26OCT042130-30,0.0150,19.21,yes
2026-10-05T01:29:39.640505Z,KXNEAR15M-26OCT042130-30,0.0170,45.48,yes
2026-10-05T01:29:39.681158Z,KXNEAR15M-26OCT042130-30,0.0040,100.19,no
2026-10-05T01:29:39.864555Z,KXNEAR15M-26OCT042130-30,0.0100,3.64,yes
2026-10-05T01:29:39.877069Z,KXNEAR15M-26OCT042130-30,0.0100,40.36,no
2026-10-05T01:29:39.93709Z,KXNEAR15M-26OCT042130-30,0.0100,32.00,no
2026-10-05T01:29:39.943238Z,KXNEAR15M-26OCT042130-30,0.0100,8.00,no
2026-10-05T01:29:39.94899Z,KXNEAR15M-26OCT042130-30,0.0100,3.00,no
2026-10-05T01:29:40.029033Z,KXNEAR15M-26OCT042130-30,0.0170,0.03,yes
2026-10-05T01:29:40.029033Z,KXNEAR15M-26OCT042130-30,0.0170,0.30,yes
2026-10-05T01:29:40.029033Z,KXNEAR15M-26OCT042130-30,0.0170,4.52,yes
2026-10-05T01:29:40.064533Z,KXNEAR15M-26OCT042130-30,0.0100,41.00,no
2026-10-05T01:29:40.085432Z,KXNEAR15M-26OCT042130-30,0.0100,18.92,no
2026-10-05T01:29:40.085432Z,KXNEAR15M-26OCT042130-30,0.0100,0.03,no
2026-10-05T01:29:40.135999Z,KXNEAR15M-26OCT042130-30,0.0140,0.03,yes
2026-10-05T01:29:40.799867Z,KXNEAR15M-26OCT042130-30,0.0030,4.00,no
2026-10-05T01:29:40.799867Z,KXNEAR15M-26OCT042130-30,0.0030,8.00,no
2026-10-05T01:29:40.833659Z,KXNEAR15M-26OCT042130-30,0.0170,6.58,yes
2026-10-05T01:29:40.833659Z,KXNEAR15M-26OCT042130-30,0.0100,2.25,yes
2026-10-05T01:29:40.833659Z,KXNEAR15M-26OCT042130-30,0.0100,0.03,yes
2026-10-05T01:29:40.833659Z,KXNEAR15M-26OCT042130-30,0.0100,0.53,yes
2026-10-05T01:29:41.159376Z,KXNEAR15M-26OCT042130-30,0.0080,2.00,no
2026-10-05T01:29:41.165919Z,KXNEAR15M-26OCT042130-30,0.0160,47.65,yes
2026-10-05T01:29:41.270167Z,KXNEAR15M-26OCT042130-30,0.0080,4.00,no
2026-10-05T01:29:41.642535Z,KXNEAR15M-26OCT042130-30,0.0160,11.69,yes
2026-10-05T01:29:41.693947Z,KXNEAR15M-26OCT042130-30,0.0150,6.00,yes
2026-10-05T01:29:41.693947Z,KXNEAR15M-26OCT042130-30,0.0100,5.34,yes
2026-10-05T01:29:41.693947Z,KXNEAR15M-26OCT042130-30,0.0160,40.66,yes
2026-10-05T01:29:41.693947Z,KXNEAR15M-26OCT042130-30,0.0160,6.47,yes
2026-10-05T01:29:41.794897Z,KXNEAR15M-26OCT042130-30,0.0080,2.00,no
2026-10-05T01:29:41.80005Z,KXNEAR15M-26OCT042130-30,0.0080,1.00,no
2026-10-05T01:29:41.878051Z,KXNEAR15M-26OCT042130-30,0.0160,3.18,yes
2026-10-05T01:29:42.059243Z,KXNEAR15M-26OCT042130-30,0.0080,11.00,no
2026-10-05T01:29:42.059243Z,KXNEAR15M-26OCT042130-30,0.0080,0.03,no
2026-10-05T01:29:42.059243Z,KXNEAR15M-26OCT042130-30,0.0080,2.97,no
2026-10-05T01:29:42.069244Z,KXNEAR15M-26OCT042130-30,0.0080,2.00,no
2026-10-05T01:29:42.127579Z,KXNEAR15M-26OCT042130-30,0.0150,0.03,yes
2026-10-05T01:29:42.127579Z,KXNEAR15M-26OCT042130-30,0.0140,21.00,yes
2026-10-05T01:29:42.127579Z,KXNEAR15M-26OCT042130-30,0.0310,0.92,yes
2026-10-05T01:29:42.127579Z,KXNEAR15M-26OCT042130-30,0.0170,13.12,yes
2026-10-05T01:29:42.127579Z,KXNEAR15M-26OCT042130-30,0.0200,0.03,yes
2026-10-05T01:29:42.127579Z,KXNEAR15M-26OCT042130-30,0.0160,0.03,yes
2026-10-05T01:29:42.127579Z,KXNEAR15M-26OCT042130-30,0.0170,0.03,yes
2026-10-05T01:29:42.127579Z,KXNEAR15M-26OCT042130-30,0.0150,6.00,yes
2026-10-05T01:29:42.127579Z,KXNEAR15M-26OCT042130-30,0.0160,240.35,yes
2026-10-05T01:29:42.127579Z,KXNEAR15M-26OCT042130-30,0.0200,5.00,yes
2026-10-05T01:29:42.136706Z,KXNEAR15M-26OCT042130-30,0.0080,2.00,no
2026-10-05T01:29:42.168204Z,KXNEAR15M-26OCT042130-30,0.0040,0.03,no
2026-10-05T01:29:42.168204Z,KXNEAR15M-26OCT042130-30,0.0040,3.00,no
2026-10-05T01:29:42.168204Z,KXNEAR15M-26OCT042130-30,0.0080,87.03,no
2026-10-05T01:29:42.168204Z,KXNEAR15M-26OCT042130-30,0.0030,0.03,no
2026-10-05T01:29:42.168204Z,KXNEAR15M-26OCT042130-30,0.0030,5.00,no
2026-10-05T01:29:42.518509Z,KXNEAR15M-26OCT042130-30,0.0200,2.10,yes
2026-10-05T01:29:42.77721Z,KXNEAR15M-26OCT042130-30,0.0030,5.00,no
2026-10-05T01:29:42.919874Z,KXNEAR15M-26OCT042130-30,0.0030,0.03,no
2026-10-05T01:29:42.919874Z,KXNEAR15M-26OCT042130-30,0.0040,3.00,no
2026-10-05T01:29:42.919874Z,KXNEAR15M-26OCT042130-30,0.0050,7.00,no
2026-10-05T01:29:42.919874Z,KXNEAR15M-26OCT042130-30,0.0030,5.00,no
2026-10-05T01:29:43.057033Z,KXNEAR15M-26OCT042130-30,0.0030,7.97,no
2026-10-05T01:29:43.057033Z,KXNEAR15M-26OCT042130-30,0.0040,0.03,no
2026-10-05T01:29:43.057033Z,KXNEAR15M-26OCT042130-30,0.0040,5.00,no
2026-10-05T01:29:43.069479Z,KXNEAR15M-26OCT042130-30,0.0020,1.47,no
2026-10-05T01:29:43.069479Z,KXNEAR15M-26OCT042130-30,0.0030,0.03,no
2026-10-05T01:29:43.190967Z,KXNEAR15M-26OCT042130-30,0.0040,5.00,no
2026-10-05T01:29:43.190967Z,KXNEAR15M-26OCT042130-30,0.0030,8.00,no
2026-10-05T01:29:43.331517Z,KXNEAR15M-26OCT042130-30,0.0030,5.00,no
2026-10-05T01:29:43.331517Z,KXNEAR15M-26OCT042130-30,0.0030,8.00,no
2026-10-05T01:29:43.490643Z,KXNEAR15M-26OCT042130-30,0.0590,31.43,yes
2026-10-05T01:29:43.490643Z,KXNEAR15M-26OCT042130-30,0.0560,8.00,yes
2026-10-05T01:29:43.490643Z,KXNEAR15M-26OCT042130-30,0.0330,1.00,yes
2026-10-05T01:29:43.490643Z,KXNEAR15M-26OCT042130-30,0.0570,6.00,yes
2026-10-05T01:29:43.490643Z,KXNEAR15M-26OCT042130-30,0.0310,0.08,yes
2026-10-05T01:29:43.490643Z,KXNEAR15M-26OCT042130-30,0.0310,20.00,yes
2026-10-05T01:29:43.490643Z,KXNEAR15M-26OCT042130-30,0.0310,0.03,yes
2026-10-05T01:29:43.490643Z,KXNEAR15M-26OCT042130-30,0.0200,2.90,yes
2026-10-05T01:29:43.490643Z,KXNEAR15M-26OCT042130-30,0.0200,0.03,yes
2026-10-05T01:29:43.490643Z,KXNEAR15M-26OCT042130-30,0.0560,8.00,yes
2026-10-05T01:29:43.490643Z,KXNEAR15M-26OCT042130-30,0.0330,0.03,yes
2026-10-05T01:29:43.490643Z,KXNEAR15M-26OCT042130-30,0.0530,1.47,yes
2026-10-05T01:29:43.490643Z,KXNEAR15M-26OCT042130-30,0.0150,0.03,yes
2026-10-05T01:29:43.490643Z,KXNEAR15M-26OCT042130-30,0.0330,3.00,yes
2026-10-05T01:29:43.490643Z,KXNEAR15M-26OCT042130-30,0.0150,41.00,yes
2026-10-05T01:29:43.855656Z,KXNEAR15M-26OCT042130-30,0.0030,5.00,no
2026-10-05T01:29:43.855656Z,KXNEAR15M-26OCT042130-30,0.0030,15.00,no
2026-10-05T01:29:43.855656Z,KXNEAR15M-26OCT042130-30,0.0030,8.00,no
2026-10-05T01:29:43.981697Z,KXNEAR15M-26OCT042130-30,0.0030,4.97,no
2026-10-05T01:29:43.981697Z,KXNEAR15M-26OCT042130-30,0.0030,0.03,no
2026-10-05T01:29:43.981697Z,KXNEAR15M-26OCT042130-30,0.0030,8.00,no
2026-10-05T01:29:44.035157Z,KXNEAR15M-26OCT042130-30,0.0050,2.49,yes
2026-10-05T01:29:44.090156Z,KXNEAR15M-26OCT042130-30,0.0030,7.97,no
2026-10-05T01:29:44.090156Z,KXNEAR15M-26OCT042130-30,0.0030,0.03,no
2026-10-05T01:29:44.199937Z,KXNEAR15M-26OCT042130-30,0.0020,200.00,no
2026-10-05T01:29:44.199937Z,KXNEAR15M-26OCT042130-30,0.0020,2.00,no
2026-10-05T01:29:44.199937Z,KXNEAR15M-26OCT042130-30,0.0020,0.03,no
2026-10-05T01:29:44.199937Z,KXNEAR15M-26OCT042130-30,0.0020,4.97,no
2026-10-05T01:29:44.245303Z,KXNEAR15M-26OCT042130-30,0.0080,10.00,yes
2026-10-05T01:29:44.245303Z,KXNEAR15M-26OCT042130-30,0.0080,20.00,yes
2026-10-05T01:29:44.245303Z,KXNEAR15M-26OCT042130-30,0.0330,2.26,yes
2026-10-05T01:29:44.245303Z,KXNEAR15M-26OCT042130-30,0.0040,24.00,yes
2026-10-05T01:29:44.801278Z,KXNEAR15M-26OCT042130-30,0.0030,158.00,no
2026-10-05T01:29:45.408251Z,KXNEAR15M-26OCT042130-30,0.0030,7.47,yes
2026-10-05T01:29:45.408251Z,KXNEAR15M-26OCT042130-30,0.0020,37.00,yes
2026-10-05T01:29:45.527883Z,KXNEAR15M-26OCT042130-30,0.0030,190.33,yes
2026-10-05T01:29:45.527883Z,KXNEAR15M-26OCT042130-30,0.0020,13.00,yes
2026-10-05T01:29:45.569321Z,KXNEAR15M-26OCT042130-30,0.0020,48.00,yes
2026-10-05T01:29:45.569321Z,KXNEAR15M-26OCT042130-30,0.0030,187.88,yes
2026-10-05T01:29:45.867541Z,KXNEAR15M-26OCT042130-30,0.0010,101.14,no
2026-10-05T01:29:46.325456Z,KXNEAR15M-26OCT042130-30,0.0020,101.14,yes
2026-10-05T01:29:46.325456Z,KXNEAR15M-26OCT042130-30,0.0030,214.12,yes
2026-10-05T01:29:46.337482Z,KXNEAR15M-26OCT042130-30,0.0010,1.00,no
2026-10-05T01:29:46.337482Z,KXNEAR15M-26OCT042130-30,0.0010,1.00,no
2026-10-05T01:29:46.337482Z,KXNEAR15M-26OCT042130-30,0.0010,98.86,no
2026-10-05T01:29:46.337482Z,KXNEAR15M-26OCT042130-30,0.0010,1.00,no
2026-10-05T01:29:46.337482Z,KXNEAR15M-26OCT042130-30,0.0010,80.00,no
2026-10-05T01:29:46.337482Z,KXNEAR15M-26OCT042130-30,0.0010,0.03,no
2026-10-05T01:29:46.337482Z,KXNEAR15M-26OCT042130-30,0.0010,68.00,no
2026-10-05T01:29:46.337482Z,KXNEAR15M-26OCT042130-30,0.0010,5.08,no
2026-10-05T01:29:46.337482Z,KXNEAR15M-26OCT042130-30,0.0010,0.03,no
2026-10-05T01:29:46.337482Z,KXNEAR15M-26OCT042130-30,0.0010,250.00,no
2026-10-05T01:29:46.337482Z,KXNEAR15M-26OCT042130-30,0.0010,62.00,no
2026-10-05T01:29:46.41266Z,KXNEAR15M-26OCT042130-30,0.0010,8.08,no
2026-10-05T01:29:46.41266Z,KXNEAR15M-26OCT042130-30,0.0010,0.92,no
2026-10-05T01:29:46.425823Z,KXNEAR15M-26OCT042130-30,0.0010,5.00,no
2026-10-05T01:29:46.425823Z,KXNEAR15M-26OCT042130-30,0.0010,93.06,no
2026-10-05T01:29:46.425823Z,KXNEAR15M-26OCT042130-30,0.0010,68.00,no
2026-10-05T01:29:46.533048Z,KXNEAR15M-26OCT042130-30,0.0020,93.06,yes
2026-10-05T01:29:46.533048Z,KXNEAR15M-26OCT042130-30,0.0020,8.08,yes
2026-10-05T01:29:46.533048Z,KXNEAR15M-26OCT042130-30,0.0020,98.86,yes
2026-10-05T01:29:46.533048Z,KXNEAR15M-26OCT042130-30,0.0020,50.00,yes
2026-10-05T01:29:46.533048Z,KXNEAR15M-26OCT042130-30,0.0030,94.20,yes
2026-10-05T01:29:46.548913Z,KXNEAR15M-26OCT042130-30,0.0010,0.03,no
2026-10-05T01:29:46.548913Z,KXNEAR15M-26OCT042130-30,0.0010,67.97,no
2026-10-05T01:29:46.622986Z,KXNEAR15M-26OCT042130-30,0.0010,8.08,no
2026-10-05T01:29:46.622986Z,KXNEAR15M-26OCT042130-30,0.0010,0.03,no
2026-10-05T01:29:46.622986Z,KXNEAR15M-26OCT042130-30,0.0010,67.97,no
2026-10-05T01:29:46.622986Z,KXNEAR15M-26OCT042130-30,0.0010,93.06,no
2026-10-05T01:29:46.622986Z,KXNEAR15M-26OCT042130-30,0.0010,98.86,no
2026-10-05T01:29:46.622986Z,KXNEAR15M-26OCT042130-30,0.0010,5.00,no
2026-10-05T01:29:46.706953Z,KXNEAR15M-26OCT042130-30,0.0020,1.00,yes
2026-10-05T01:29:47.53229Z,KXNEAR15M-26OCT042130-30,0.0020,0.07,yes
2026-10-05T01:29:47.53229Z,KXNEAR15M-26OCT042130-30,0.0020,97.86,yes
2026-10-05T01:29:47.53229Z,KXNEAR15M-26OCT042130-30,0.0020,8.08,yes
2026-10-05T01:29:47.53229Z,KXNEAR15M-26OCT042130-30,0.0020,50.00,yes
2026-10-05T01:29:47.53229Z,KXNEAR15M-26OCT042130-30,0.0020,93.06,yes
2026-10-05T01:29:47.53229Z,KXNEAR15M-26OCT042130-30,0.0020,42.00,yes
2026-10-05T01:29:47.53229Z,KXNEAR15M-26OCT042130-30,0.0030,115.22,yes
2026-10-05T01:29:47.551492Z,KXNEAR15M-26OCT042130-30,0.0010,50.00,no
2026-10-05T01:29:47.551492Z,KXNEAR15M-26OCT042130-30,0.0010,2.00,no
2026-10-05T01:29:47.551492Z,KXNEAR15M-26OCT042130-30,0.0010,1.00,no
2026-10-05T01:29:47.626429Z,KXNEAR15M-26OCT042130-30,0.0010,4.00,no
2026-10-05T01:29:47.626429Z,KXNEAR15M-26OCT042130-30,0.0010,0.03,no
2026-10-05T01:29:47.626429Z,KXNEAR15M-26OCT042130-30,0.0010,0.97,no
2026-10-05T01:29:47.700043Z,KXNEAR15M-26OCT042130-30,0.0010,5.00,no
2026-10-05T01:29:47.700043Z,KXNEAR15M-26OCT042130-30,0.0010,199.00,no
2026-10-05T01:29:48.49026Z,KXNEAR15M-26OCT042130-30,0.0020,91.62,yes
2026-10-05T01:29:48.510169Z,KXNEAR15M-26OCT042130-30,0.0010,91.00,no
2026-10-05T01:29:49.056448Z,KXNEAR15M-26OCT042130-30,0.0010,0.38,no
2026-10-05T01:29:49.056448Z,KXNEAR15M-26OCT042130-30,0.0010,0.62,no
2026-10-05T01:29:49.243806Z,KXNEAR15M-26OCT042130-30,0.0020,7.50,yes
2026-10-05T01:29:49.262854Z,KXNEAR15M-26OCT042130-30,0.0030,114.83,yes
2026-10-05T01:29:49.262854Z,KXNEAR15M-26OCT042130-30,0.0020,50.00,yes
2026-10-05T01:29:49.262854Z,KXNEAR15M-26OCT042130-30,0.0020,100.88,yes
2026-10-05T01:29:49.262854Z,KXNEAR15M-26OCT042130-30,0.0020,0.62,yes
2026-10-05T01:29:49.262854Z,KXNEAR15M-26OCT042130-30,0.0020,91.00,yes
2026-10-05T01:29:49.262854Z,KXNEAR15M-26OCT042130-30,0.0020,36.00,yes
2026-10-05T01:29:49.265661Z,KXNEAR15M-26OCT042130-30,0.0010,7.00,no
2026-10-05T01:29:49.357369Z,KXNEAR15M-26OCT042130-30,0.0010,54.00,no
2026-10-05T01:29:49.357369Z,KXNEAR15M-26OCT042130-30,0.0010,2.00,no
2026-10-05T01:29:49.357369Z,KXNEAR15M-26OCT042130-30,0.0010,0.50,no
2026-10-05T01:29:49.357369Z,KXNEAR15M-26OCT042130-30,0.0010,0.62,no
2026-10-05T01:29:49.357369Z,KXNEAR15M-26OCT042130-30,0.0010,91.00,no
2026-10-05T01:29:49.357369Z,KXNEAR15M-26OCT042130-30,0.0010,100.88,no
2026-10-05T01:29:49.357369Z,KXNEAR15M-26OCT042130-30,0.0010,5.00,no
2026-10-05T01:29:49.532557Z,KXNEAR15M-26OCT042130-30,0.0020,37.50,yes
2026-10-05T01:29:49.532557Z,KXNEAR15M-26OCT042130-30,0.0020,0.50,yes
2026-10-05T01:29:49.532557Z,KXNEAR15M-26OCT042130-30,0.0020,7.00,yes
2026-10-05T01:29:49.5535Z,KXNEAR15M-26OCT042130-30,0.0010,2.00,no
2026-10-05T01:29:49.5535Z,KXNEAR15M-26OCT042130-30,0.0010,0.03,no
2026-10-05T01:29:49.5535Z,KXNEAR15M-26OCT042130-30,0.0010,37.97,no
2026-10-05T01:29:49.661197Z,KXNEAR15M-26OCT042130-30,0.0010,7.00,no
2026-10-05T01:29:49.812692Z,KXNEAR15M-26OCT042130-30,0.0020,0.45,yes
2026-10-05T01:29:50.089624Z,KXNEAR15M-26OCT042130-30,0.0020,100.88,yes
2026-10-05T01:29:50.089624Z,KXNEAR15M-26OCT042130-30,0.0020,12.05,yes
2026-10-05T01:29:50.089624Z,KXNEAR15M-26OCT042130-30,0.0020,0.62,yes
2026-10-05T01:29:50.089624Z,KXNEAR15M-26OCT042130-30,0.0020,0.45,yes
2026-10-05T01:29:50.089624Z,KXNEAR15M-26OCT042130-30,0.0020,91.00,yes
2026-10-05T01:29:50.089624Z,KXNEAR15M-26OCT042130-30,0.0020,7.00,yes
2026-10-05T01:29:50.089624Z,KXNEAR15M-26OCT042130-30,0.0020,37.50,yes
2026-10-05T01:29:50.089624Z,KXNEAR15M-26OCT042130-30,0.0030,146.84,yes
2026-10-05T01:29:50.429447Z,KXNEAR15M-26OCT042130-30,0.0030,683.59,yes
2026-10-05T01:29:51.282062Z,KXNEAR15M-26OCT042130-30,0.0030,305.35,yes
2026-10-05T01:29:51.707467Z,KXNEAR15M-26OCT042130-30,0.0030,21.30,yes
2026-10-05T01:29:51.90279Z,KXNEAR15M-26OCT042130-30,0.0030,61.08,yes
2026-10-05T01:29:51.980664Z,KXNEAR15M-26OCT042130-30,0.0030,29.10,yes
2026-10-05T01:29:52.781753Z,KXNEAR15M-26OCT042130-30,0.0010,11.00,yes
2026-10-05T01:29:52.938285Z,KXNEAR15M-26OCT042130-30,0.0010,21.49,yes
2026-10-05T01:29:54.891457Z,KXNEAR15M-26OCT042130-30,0.0010,148.00,yes
2026-10-05T01:29:54.891457Z,KXNEAR15M-26OCT042130-30,0.0010,37.51,yes
2026-10-05T01:29:54.891457Z,KXNEAR15M-26OCT042130-30,0.0030,551.59,yes
2026-10-05T01:29:57.477179Z,KXNEAR15M-26OCT042130-30,0.0040,1084.31,yes
2026-10-05T01:29:57.477179Z,KXNEAR15M-26OCT042130-30,0.0010,250.00,yes
2026-10-05T01:29:57.477179Z,KXNEAR15M-26OCT042130-30,0.0030,27.10,yes
2026-10-05T01:29:57.477179Z,KXNEAR15M-26OCT042130-30,0.0040,0.08,yes
2026-10-05T01:29:57.477179Z,KXNEAR15M-26OCT042130-30,0.0030,0.07,yes
2026-10-05T01:29:59.856019Z,KXNEAR15M-26OCT042130-30,0.0010,9.20,yes
2026-10-05T01:39:15.294349Z,KXSOL15M-26OCT042145-45,0.0120,1.25,yes
2026-10-05T01:39:16.696697Z,KXSOL15M-26OCT042145-45,0.0140,10.00,yes
2026-10-05T01:39:16.696697Z,KXSOL15M-26OCT042145-45,0.0170,3.00,yes
2026-10-05T01:39:16.696697Z,KXSOL15M-26OCT042145-45,0.0130,16.00,yes
2026-10-05T01:39:16.696697Z,KXSOL15M-26OCT042145-45,0.0120,15.00,yes
2026-10-05T01:39:16.696697Z,KXSOL15M-26OCT042145-45,0.0120,13.00,yes
2026-10-05T01:39:16.696697Z,KXSOL15M-26OCT042145-45,0.0180,60.17,yes
2026-10-05T01:39:16.696697Z,KXSOL15M-26OCT042145-45,0.0170,12.00,yes
2026-10-05T01:39:16.696697Z,KXSOL15M-26OCT042145-45,0.0150,12.00,yes
2026-10-05T01:39:16.696697Z,KXSOL15M-26OCT042145-45,0.0160,11.00,yes
2026-10-05T01:39:16.696697Z,KXSOL15M-26OCT042145-45,0.0140,11.00,yes
2026-10-05T01:39:16.696697Z,KXSOL15M-26OCT042145-45,0.0170,10.00,yes
2026-10-05T01:39:17.82369Z,KXSOL15M-26OCT042145-45,0.0160,29.00,no
2026-10-05T01:39:19.061328Z,KXSOL15M-26OCT042145-45,0.0160,5.00,no
2026-10-05T01:39:19.284615Z,KXSOL15M-26OCT042145-45,0.0100,282.82,no
2026-10-05T01:39:19.284615Z,KXSOL15M-26OCT042145-45,0.0100,40.00,no
2026-10-05T01:39:19.284615Z,KXSOL15M-26OCT042145-45,0.0100,75.00,no
2026-10-05T01:39:19.284615Z,KXSOL15M-26OCT042145-45,0.0160,2.00,no
2026-10-05T01:39:19.284615Z,KXSOL15M-26OCT042145-45,0.0150,9.00,no
2026-10-05T01:39:19.284615Z,KXSOL15M-26OCT042145-45,0.0130,22.00,no
2026-10-05T01:39:19.284615Z,KXSOL15M-26OCT042145-45,0.0140,10.00,no
2026-10-05T01:39:19.284615Z,KXSOL15M-26OCT042145-45,0.0110,7.00,no
2026-10-05T01:39:19.284615Z,KXSOL15M-26OCT042145-45,0.0120,10.00,no
2026-10-05T01:39:19.284615Z,KXSOL15M-26OCT042145-45,0.0110,11.00,no
2026-10-05T01:39:28.551148Z,KXSOL15M-26OCT042145-45,0.0110,44.54,yes
2026-10-05T01:39:28.551148Z,KXSOL15M-26OCT042145-45,0.0110,40.00,yes
2026-10-05T01:39:30.399814Z,KXSOL15M-26OCT042145-45,0.0100,4.00,no
2026-10-05T01:39:30.417942Z,KXSOL15M-26OCT042145-45,0.0100,2.00,no
2026-10-05T01:39:30.454857Z,KXSOL15M-26OCT042145-45,0.0100,2.00,no
2026-10-05T01:39:30.542232Z,KXSOL15M-26OCT042145-45,0.0100,2.00,no
2026-10-05T01:39:32.472083Z,KXSOL15M-26OCT042145-45,0.0100,2.00,no
2026-10-05T01:39:32.472083Z,KXSOL15M-26OCT042145-45,0.0100,2.00,no
2026-10-05T01:39:32.472083Z,KXSOL15M-26OCT042145-45,0.0100,14.00,no
2026-10-05T01:39:32.472083Z,KXSOL15M-26OCT042145-45,0.0100,6.00,no
2026-10-05T01:39:32.912031Z,KXSOL15M-26OCT042145-45,0.0100,5.00,no
2026-10-05T01:39:34.088506Z,KXSOL15M-26OCT042145-45,0.0090,40.00,no
2026-10-05T01:39:34.088506Z,KXSOL15M-26OCT042145-45,0.0090,510.24,no
2026-10-05T01:39:34.088506Z,KXSOL15M-26OCT042145-45,0.0100,70.00,no
2026-10-05T01:39:34.088506Z,KXSOL15M-26OCT042145-45,0.0100,6.00,no
2026-10-05T01:39:36.449717Z,KXSOL15M-26OCT042145-45,0.0100,7.00,yes
2026-10-05T01:39:36.524455Z,KXSOL15M-26OCT042145-45,0.0100,6.00,yes
2026-10-05T01:39:37.411998Z,KXSOL15M-26OCT042145-45,0.0100,2.00,yes
2026-10-05T01:39:37.621589Z,KXSOL15M-26OCT042145-45,0.0100,1.00,yes
2026-10-05T01:39:38.173746Z,KXSOL15M-26OCT042145-45,0.0100,8.23,yes
2026-10-05T01:39:39.574669Z,KXSOL15M-26OCT042145-45,0.0100,4.00,yes
2026-10-05T01:39:39.787308Z,KXSOL15M-26OCT042145-45,0.0100,11.77,yes
2026-10-05T01:39:39.787308Z,KXSOL15M-26OCT042145-45,0.0100,11.23,yes
2026-10-05T01:39:42.493891Z,KXSOL15M-26OCT042145-45,0.0100,30.46,yes
2026-10-05T01:39:42.493891Z,KXSOL15M-26OCT042145-45,0.0100,12.00,yes
2026-10-05T01:39:42.493891Z,KXSOL15M-26OCT042145-45,0.0100,49.80,yes
2026-10-05T01:39:42.493891Z,KXSOL15M-26OCT042145-45,0.0100,5.00,yes
2026-10-05T01:39:42.493891Z,KXSOL15M-26OCT042145-45,0.0100,89.77,yes
2026-10-05T01:39:42.604086Z,KXSOL15M-26OCT042145-45,0.0100,10.00,yes
2026-10-05T01:39:47.440077Z,KXSOL15M-26OCT042145-45,0.0100,18.00,yes
2026-10-05T01:39:47.440077Z,KXSOL15M-26OCT042145-45,0.0100,10.20,yes
2026-10-05T01:39:47.440077Z,KXSOL15M-26OCT042145-45,0.0130,110.00,yes
2026-10-05T01:39:47.440077Z,KXSOL15M-26OCT042145-45,0.0110,101.00,yes
2026-10-05T01:39:47.440077Z,KXSOL15M-26OCT042145-45,0.0120,101.00,yes
2026-10-05T01:39:47.440077Z,KXSOL15M-26OCT042145-45,0.0100,30.00,yes
2026-10-05T01:39:47.440077Z,KXSOL15M-26OCT042145-45,0.0100,12.00,yes
2026-10-05T01:39:47.440077Z,KXSOL15M-26OCT042145-45,0.0100,18.00,yes
2026-10-05T01:39:47.440077Z,KXSOL15M-26OCT042145-45,0.0140,2.00,yes
2026-10-05T01:39:48.408062Z,KXSOL15M-26OCT042145-45,0.0110,31.00,yes
2026-10-05T01:39:48.408062Z,KXSOL15M-26OCT042145-45,0.0120,11.00,yes
2026-10-05T01:39:48.408062Z,KXSOL15M-26OCT042145-45,0.0130,9.00,yes
2026-10-05T01:39:48.408062Z,KXSOL15M-26OCT042145-45,0.0130,12.00,yes
2026-10-05T01:39:48.408062Z,KXSOL15M-26OCT042145-45,0.0140,9.00,yes
2026-10-05T01:39:48.408062Z,KXSOL15M-26OCT042145-45,0.0140,136.66,yes
2026-10-05T01:39:49.879957Z,KXSOL15M-26OCT042145-45,0.0160,3.00,yes
2026-10-05T01:39:49.879957Z,KXSOL15M-26OCT042145-45,0.0150,3.00,yes
2026-10-05T01:39:49.879957Z,KXSOL15M-26OCT042145-45,0.0140,30.00,yes
2026-10-05T01:39:49.879957Z,KXSOL15M-26OCT042145-45,0.0110,7.00,yes
2026-10-05T01:39:49.879957Z,KXSOL15M-26OCT042145-45,0.0110,11.00,yes
2026-10-05T01:39:49.879957Z,KXSOL15M-26OCT042145-45,0.0120,11.00,yes
2026-10-05T01:39:49.879957Z,KXSOL15M-26OCT042145-45,0.0130,7.00,yes
2026-10-05T01:39:49.879957Z,KXSOL15M-26OCT042145-45,0.0130,1.00,yes
2026-10-05T01:39:49.879957Z,KXSOL15M-26OCT042145-45,0.0160,19.00,yes
2026-10-05T01:39:49.879957Z,KXSOL15M-26OCT042145-45,0.0170,10.00,yes
2026-10-05T01:39:49.879957Z,KXSOL15M-26OCT042145-45,0.0180,6.00,yes
2026-10-05T01:39:49.879957Z,KXSOL15M-26OCT042145-45,0.0170,6.00,yes
2026-10-05T01:39:49.879957Z,KXSOL15M-26OCT042145-45,0.0140,8.00,yes
2026-10-05T01:39:49.879957Z,KXSOL15M-26OCT042145-45,0.0180,11.00,yes
2026-10-05T01:39:49.879957Z,KXSOL15M-26OCT042145-45,0.0150,9.00,yes
2026-10-05T01:39:49.879957Z,KXSOL15M-26OCT042145-45,0.0190,2.00,yes
2026-10-05T01:39:49.879957Z,KXSOL15M-26OCT042145-45,0.0160,9.00,yes
2026-10-05T01:39:49.879957Z,KXSOL15M-26OCT042145-45,0.0170,9.00,yes
2026-10-05T01:39:49.879957Z,KXSOL15M-26OCT042145-45,0.0140,70.71,yes
2026-10-05T01:39:49.879957Z,KXSOL15M-26OCT042145-45,0.0180,0.01,yes
2026-10-05T01:39:49.879957Z,KXSOL15M-26OCT042145-45,0.0200,9.77,yes
2026-10-05T01:39:49.879957Z,KXSOL15M-26OCT042145-45,0.0200,0.01,yes
2026-10-05T01:39:49.879957Z,KXSOL15M-26OCT042145-45,0.0190,0.01,yes
2026-10-05T01:39:49.879957Z,KXSOL15M-26OCT042145-45,0.0190,1.00,yes
2026-10-05T01:39:52.441694Z,KXSOL15M-26OCT042145-45,0.0080,29.09,no
2026-10-05T01:39:52.441694Z,KXSOL15M-26OCT042145-45,0.0090,11.00,no
2026-10-05T01:39:52.441694Z,KXSOL15M-26OCT042145-45,0.0110,6.00,no
2026-10-05T01:39:52.441694Z,KXSOL15M-26OCT042145-45,0.0090,10.00,no
2026-10-05T01:39:52.441694Z,KXSOL15M-26OCT042145-45,0.0130,4.00,no
2026-10-05T01:39:52.441694Z,KXSOL15M-26OCT042145-45,0.0130,8.00,no
2026-10-05T01:39:52.441694Z,KXSOL15M-26OCT042145-45,0.0120,36.00,no
2026-10-05T01:39:52.441694Z,KXSOL15M-26OCT042145-45,0.0100,9.00,no
2026-10-05T01:39:52.441694Z,KXSOL15M-26OCT042145-45,0.0090,4.00,no
2026-10-05T01:39:52.56154Z,KXSOL15M-26OCT042145-45,0.0300,1.00,yes
2026-10-05T01:39:52.56154Z,KXSOL15M-26OCT042145-45,0.0250,20.00,yes
2026-10-05T01:39:52.56154Z,KXSOL15M-26OCT042145-45,0.0270,1.00,yes
2026-10-05T01:39:52.56154Z,KXSOL15M-26OCT042145-45,0.0200,2.00,yes
2026-10-05T01:39:52.56154Z,KXSOL15M-26OCT042145-45,0.0240,2.00,yes
2026-10-05T01:39:52.56154Z,KXSOL15M-26OCT042145-45,0.0230,2.00,yes
2026-10-05T01:39:52.56154Z,KXSOL15M-26OCT042145-45,0.0280,1.00,yes
2026-10-05T01:39:52.56154Z,KXSOL15M-26OCT042145-45,0.0260,1.00,yes
2026-10-05T01:39:52.56154Z,KXSOL15M-26OCT042145-45,0.0210,2.00,yes
2026-10-05T01:39:52.56154Z,KXSOL15M-26OCT042145-45,0.0300,1.00,yes
2026-10-05T01:39:52.56154Z,KXSOL15M-26OCT042145-45,0.0220,2.00,yes
2026-10-05T01:39:52.56154Z,KXSOL15M-26OCT042145-45,0.0290,1.00,yes
2026-10-05T01:39:52.56154Z,KXSOL15M-26OCT042145-45,0.0250,1.00,yes
2026-10-05T01:39:52.56154Z,KXSOL15M-26OCT042145-45,0.0110,29.09,yes
2026-10-05T01:39:52.56154Z,KXSOL15M-26OCT042145-45,0.0120,48.00,yes
2026-10-05T01:39:52.56154Z,KXSOL15M-26OCT042145-45,0.0130,12.00,yes
2026-10-05T01:39:52.56154Z,KXSOL15M-26OCT042145-45,0.0170,12.00,yes
2026-10-05T01:39:52.56154Z,KXSOL15M-26OCT042145-45,0.0300,334.07,yes
2026-10-05T01:39:52.56154Z,KXSOL15M-26OCT042145-45,0.0180,30.00,yes
2026-10-05T01:39:52.56154Z,KXSOL15M-26OCT042145-45,0.0180,3.00,yes
2026-10-05T01:39:52.56154Z,KXSOL15M-26OCT042145-45,0.0170,3.00,yes
2026-10-05T01:39:52.56154Z,KXSOL15M-26OCT042145-45,0.0250,70.00,yes
2026-10-05T01:39:52.56154Z,KXSOL15M-26OCT042145-45,0.0190,0.01,yes
2026-10-05T01:39:52.56154Z,KXSOL15M-26OCT042145-45,0.0300,2.00,yes
2026-10-05T01:39:52.56154Z,KXSOL15M-26OCT042145-45,0.0200,0.01,yes
2026-10-05T01:39:52.56154Z,KXSOL15M-26OCT042145-45,0.0140,15.00,yes
2026-10-05T01:39:52.56154Z,KXSOL15M-26OCT042145-45,0.0190,10.00,yes
2026-10-05T01:39:52.56154Z,KXSOL15M-26OCT042145-45,0.0200,100.00,yes
2026-10-05T01:39:52.56154Z,KXSOL15M-26OCT042145-45,0.0250,200.00,yes
2026-10-05T01:39:52.56154Z,KXSOL15M-26OCT042145-45,0.0240,60.00,yes
2026-10-05T01:39:52.56154Z,KXSOL15M-26OCT042145-45,0.0240,0.01,yes
2026-10-05T01:39:52.56154Z,KXSOL15M-26OCT042145-45,0.0230,0.01,yes
2026-10-05T01:39:52.56154Z,KXSOL15M-26OCT042145-45,0.0250,36.54,yes
2026-10-05T01:39:52.56154Z,KXSOL15M-26OCT042145-45,0.0210,0.01,yes
2026-10-05T01:39:52.56154Z,KXSOL15M-26OCT042145-45,0.0260,1.00,yes
2026-10-05T01:39:52.56154Z,KXSOL15M-26OCT042145-45,0.0220,0.01,yes
2026-10-05T01:39:52.56154Z,KXSOL15M-26OCT042145-45,0.0270,1.00,yes
2026-10-05T01:39:52.56154Z,KXSOL15M-26OCT042145-45,0.0230,60.00,yes
2026-10-05T01:39:52.56154Z,KXSOL15M-26OCT042145-45,0.0270,0.01,yes
2026-10-05T01:39:52.56154Z,KXSOL15M-26OCT042145-45,0.0300,0.01,yes
2026-10-05T01:39:52.56154Z,KXSOL15M-26OCT042145-45,0.0290,0.01,yes
2026-10-05T01:39:52.56154Z,KXSOL15M-26OCT042145-45,0.0280,0.01,yes
2026-10-05T01:39:52.56154Z,KXSOL15M-26OCT042145-45,0.0260,0.01,yes
2026-10-05T01:39:52.56154Z,KXSOL15M-26OCT042145-45,0.0250,0.01,yes
2026-10-05T01:39:52.56154Z,KXSOL15M-26OCT042145-45,0.0300,17.00,yes
2026-10-05T01:39:52.56154Z,KXSOL15M-26OCT042145-45,0.0200,7.94,yes
2026-10-05T01:39:52.56154Z,KXSOL15M-26OCT042145-45,0.0200,8.54,yes
2026-10-05T01:39:52.56154Z,KXSOL15M-26OCT042145-45,0.0200,19.00,yes
2026-10-05T01:39:52.56154Z,KXSOL15M-26OCT042145-45,0.0200,5.80,yes
2026-10-05T01:39:52.56154Z,KXSOL15M-26OCT042145-45,0.0200,60.00,yes
2026-10-05T01:39:52.56154Z,KXSOL15M-26OCT042145-45,0.0200,5.00,yes
2026-10-05T01:39:52.56154Z,KXSOL15M-26OCT042145-45,0.0200,500.23,yes
2026-10-05T01:39:52.56154Z,KXSOL15M-26OCT042145-45,0.0200,179.00,yes
2026-10-05T01:39:52.868954Z,KXSOL15M-26OCT042145-45,0.0100,54.90,no
2026-10-05T01:39:52.868954Z,KXSOL15M-26OCT042145-45,0.0110,7.00,no
2026-10-05T01:39:52.868954Z,KXSOL15M-26OCT042145-45,0.0110,29.00,no
2026-10-05T01:39:52.868954Z,KXSOL15M-26OCT042145-45,0.0100,6.00,no
2026-10-05T01:39:52.868954Z,KXSOL15M-26OCT042145-45,0.0100,3.00,no
2026-10-05T01:39:52.868954Z,KXSOL15M-26OCT042145-45,0.0110,0.10,no
2026-10-05T01:39:53.314742Z,KXSOL15M-26OCT042145-45,0.0170,54.47,yes
2026-10-05T01:39:53.390654Z,KXSOL15M-26OCT042145-45,0.0050,32.40,no
2026-10-05T01:39:53.390654Z,KXSOL15M-26OCT042145-45,0.0080,10.91,no
2026-10-05T01:39:53.390654Z,KXSOL15M-26OCT042145-45,0.0060,40.00,no
2026-10-05T01:39:53.390654Z,KXSOL15M-26OCT042145-45,0.0050,40.00,no
2026-10-05T01:39:53.390654Z,KXSOL15M-26OCT042145-45,0.0070,40.00,no
2026-10-05T01:39:53.390654Z,KXSOL15M-26OCT042145-45,0.0050,1.00,no
2026-10-05T01:39:53.390654Z,KXSOL15M-26OCT042145-45,0.0070,40.00,no
2026-10-05T01:39:53.390654Z,KXSOL15M-26OCT042145-45,0.0120,17.00,no
2026-10-05T01:39:53.390654Z,KXSOL15M-26OCT042145-45,0.0090,10.00,no
2026-10-05T01:39:53.390654Z,KXSOL15M-26OCT042145-45,0.0110,7.00,no
2026-10-05T01:39:53.390654Z,KXSOL15M-26OCT042145-45,0.0110,0.11,no
2026-10-05T01:39:53.390654Z,KXSOL15M-26OCT042145-45,0.0090,3.00,no
2026-10-05T01:39:53.390654Z,KXSOL15M-26OCT042145-45,0.0090,1.00,no
2026-10-05T01:39:53.390654Z,KXSOL15M-26OCT042145-45,0.0100,17.10,no
2026-10-05T01:39:53.390654Z,KXSOL15M-26OCT042145-45,0.0080,3.00,no
2026-10-05T01:39:53.390654Z,KXSOL15M-26OCT042145-45,0.0090,14.00,no
2026-10-05T01:39:53.390654Z,KXSOL15M-26OCT042145-45,0.0080,27.00,no
2026-10-05T01:39:57.014599Z,KXSOL15M-26OCT042145-45,0.0090,10.91,yes
2026-10-05T01:39:57.014599Z,KXSOL15M-26OCT042145-45,0.0090,0.39,yes
2026-10-05T01:39:58.643271Z,KXSOL15M-26OCT042145-45,0.0080,1.00,no
2026-10-05T01:39:58.644075Z,KXSOL15M-26OCT042145-45,0.0080,11.00,no
2026-10-05T01:39:58.644969Z,KXSOL15M-26OCT042145-45,0.0080,2.00,no
2026-10-05T01:39:58.644969Z,KXSOL15M-26OCT042145-45,0.0080,11.00,no
2026-10-05T01:39:58.80358Z,KXSOL15M-26OCT042145-45,0.0090,10.39,yes
2026-10-05T01:39:59.866463Z,KXSOL15M-26OCT042145-45,0.0080,4.00,no
2026-10-05T01:39:59.866463Z,KXSOL15M-26OCT042145-45,0.0080,0.17,no
2026-10-05T01:39:59.927892Z,KXSOL15M-26OCT042145-45,0.0070,18.03,no
2026-10-05T01:39:59.927892Z,KXSOL15M-26OCT042145-45,0.0070,10.00,no
2026-10-05T01:39:59.927892Z,KXSOL15M-26OCT042145-45,0.0080,11.83,no
2026-10-05T01:39:59.927892Z,KXSOL15M-26OCT042145-45,0.0080,20.00,no
2026-10-05T01:40:00.463076Z,KXSOL15M-26OCT042145-45,0.0080,2.00,yes
2026-10-05T01:40:00.493649Z,KXSOL15M-26OCT042145-45,0.0070,10.00,no
2026-10-05T01:40:00.493649Z,KXSOL15M-26OCT042145-45,0.0070,16.97,no
2026-10-05T01:40:00.493649Z,KXSOL15M-26OCT042145-45,0.0060,10.19,no
2026-10-05T01:40:01.752723Z,KXSOL15M-26OCT042145-45,0.0060,8.76,no
2026-10-05T01:40:02.509545Z,KXSOL15M-26OCT042145-45,0.0050,11.00,no
2026-10-05T01:40:02.509545Z,KXSOL15M-26OCT042145-45,0.0050,5.00,no
2026-10-05T01:40:02.509545Z,KXSOL15M-26OCT042145-45,0.0050,5.00,no
2026-10-05T01:40:02.509545Z,KXSOL15M-26OCT042145-45,0.0060,10.00,no
2026-10-05T01:40:02.509545Z,KXSOL15M-26OCT042145-45,0.0060,11.00,no
2026-10-05T01:40:02.509545Z,KXSOL15M-26OCT042145-45,0.0050,12.89,no
2026-10-05T01:40:02.509545Z,KXSOL15M-26OCT042145-45,0.0050,3.00,no
2026-10-05T01:40:02.509545Z,KXSOL15M-26OCT042145-45,0.0060,3.00,no
2026-10-05T01:40:02.509545Z,KXSOL15M-26OCT042145-45,0.0060,27.05,no
2026-10-05T01:40:03.506052Z,KXSOL15M-26OCT042145-45,0.0070,40.00,yes
2026-10-05T01:40:03.506052Z,KXSOL15M-26OCT042145-45,0.0080,17.82,yes
2026-10-05T01:40:03.506052Z,KXSOL15M-26OCT042145-45,0.0070,40.00,yes
2026-10-05T01:40:03.506052Z,KXSOL15M-26OCT042145-45,0.0070,0.01,yes
2026-10-05T01:40:03.506052Z,KXSOL15M-26OCT042145-45,0.0080,28.00,yes
2026-10-05T01:40:05.426054Z,KXSOL15M-26OCT042145-45,0.0090,0.01,yes
2026-10-05T01:40:05.426054Z,KXSOL15M-26OCT042145-45,0.0090,1.00,yes
2026-10-05T01:40:05.426054Z,KXSOL15M-26OCT042145-45,0.0090,26.35,yes
2026-10-05T01:40:05.426054Z,KXSOL15M-26OCT042145-45,0.0080,42.00,yes
2026-10-05T01:40:05.426054Z,KXSOL15M-26OCT042145-45,0.0080,0.01,yes
2026-10-05T01:40:05.426054Z,KXSOL15M-26OCT042145-45,0.0080,11.40,yes
2026-10-05T01:40:05.426054Z,KXSOL15M-26OCT042145-45,0.0080,17.00,yes
2026-10-05T01:40:05.426054Z,KXSOL15M-26OCT042145-45,0.0070,12.00,yes
2026-10-05T01:40:08.789756Z,KXSOL15M-26OCT042145-45,0.0090,0.01,yes
2026-10-05T01:40:08.789756Z,KXSOL15M-26OCT042145-45,0.0100,0.47,yes
2026-10-05T01:40:08.789756Z,KXSOL15M-26OCT042145-45,0.0100,0.01,yes
2026-10-05T01:40:09.588972Z,KXSOL15M-26OCT042145-45,0.0100,0.01,yes
2026-10-05T01:40:09.588972Z,KXSOL15M-26OCT042145-45,0.0100,24.08,yes
2026-10-05T01:40:09.588972Z,KXSOL15M-26OCT042145-45,0.0100,16.00,yes
2026-10-05T01:40:09.588972Z,KXSOL15M-26OCT042145-45,0.0100,16.00,yes
2026-10-05T01:40:09.588972Z,KXSOL15M-26OCT042145-45,0.0100,30.00,yes
2026-10-05T01:40:09.588972Z,KXSOL15M-26OCT042145-45,0.0100,1.53,yes
2026-10-05T01:40:10.215429Z,KXSOL15M-26OCT042145-45,0.0130,1.05,yes
2026-10-05T01:40:10.215429Z,KXSOL15M-26OCT042145-45,0.0120,12.00,yes
2026-10-05T01:40:10.215429Z,KXSOL15M-26OCT042145-45,0.0100,9.00,yes
2026-10-05T01:40:10.215429Z,KXSOL15M-26OCT042145-45,0.0100,5.92,yes
2026-10-05T01:40:10.215429Z,KXSOL15M-26OCT042145-45,0.0100,8.00,yes
2026-10-05T01:40:10.215429Z,KXSOL15M-26OCT042145-45,0.0110,14.00,yes
2026-10-05T01:40:10.215429Z,KXSOL15M-26OCT042145-45,0.0110,0.01,yes
2026-10-05T01:40:10.215429Z,KXSOL15M-26OCT042145-45,0.0130,0.01,yes
2026-10-05T01:40:10.215429Z,KXSOL15M-26OCT042145-45,0.0120,0.01,yes
2026-10-05T01:40:13.449701Z,KXSOL15M-26OCT042145-45,0.0100,4.00,yes
2026-10-05T01:40:13.510791Z,KXSOL15M-26OCT042145-45,0.0090,3.74,no
2026-10-05T01:40:13.510791Z,KXSOL15M-26OCT042145-45,0.0090,8.00,no
2026-10-05T01:40:14.860565Z,KXSOL15M-26OCT042145-45,0.0100,7.00,yes
2026-10-05T01:40:14.868991Z,KXSOL15M-26OCT042145-45,0.0100,4.00,yes
2026-10-05T01:40:14.878051Z,KXSOL15M-26OCT042145-45,0.0100,1.00,yes
2026-10-05T01:40:14.898615Z,KXSOL15M-26OCT042145-45,0.0100,2.00,yes
2026-10-05T01:40:14.905745Z,KXSOL15M-26OCT042145-45,0.0100,2.00,yes
2026-10-05T01:40:18.45714Z,KXSOL15M-26OCT042145-45,0.0110,25.00,yes
2026-10-05T01:40:18.45714Z,KXSOL15M-26OCT042145-45,0.0190,10.00,yes
2026-10-05T01:40:18.45714Z,KXSOL15M-26OCT042145-45,0.0130,3.00,yes
2026-10-05T01:40:18.45714Z,KXSOL15M-26OCT042145-45,0.0200,520.00,yes
2026-10-05T01:40:18.45714Z,KXSOL15M-26OCT042145-45,0.0110,17.00,yes
2026-10-05T01:40:18.45714Z,KXSOL15M-26OCT042145-45,0.0330,9.00,yes
2026-10-05T01:40:18.45714Z,KXSOL15M-26OCT042145-45,0.0360,7.00,yes
2026-10-05T01:40:18.45714Z,KXSOL15M-26OCT042145-45,0.0320,9.00,yes
2026-10-05T01:40:18.45714Z,KXSOL15M-26OCT042145-45,0.0220,16.00,yes
2026-10-05T01:40:18.45714Z,KXSOL15M-26OCT042145-45,0.0100,10.00,yes
2026-10-05T01:40:18.45714Z,KXSOL15M-26OCT042145-45,0.0110,0.01,yes
2026-10-05T01:40:18.45714Z,KXSOL15M-26OCT042145-45,0.0130,0.01,yes
2026-10-05T01:40:18.45714Z,KXSOL15M-26OCT042145-45,0.0120,0.01,yes
2026-10-05T01:40:18.45714Z,KXSOL15M-26OCT042145-45,0.0160,12.00,yes
2026-10-05T01:40:18.45714Z,KXSOL15M-26OCT042145-45,0.0230,16.00,yes
2026-10-05T01:40:18.45714Z,KXSOL15M-26OCT042145-45,0.0120,20.00,yes
2026-10-05T01:40:18.45714Z,KXSOL15M-26OCT042145-45,0.0300,10.00,yes
2026-10-05T01:40:18.45714Z,KXSOL15M-26OCT042145-45,0.0310,10.00,yes
2026-10-05T01:40:18.45714Z,KXSOL15M-26OCT042145-45,0.0150,6.00,yes
2026-10-05T01:40:18.45714Z,KXSOL15M-26OCT042145-45,0.0140,1.00,yes
2026-10-05T01:40:18.45714Z,KXSOL15M-26OCT042145-45,0.0280,12.00,yes
2026-10-05T01:40:18.45714Z,KXSOL15M-26OCT042145-45,0.0180,5.00,yes
2026-10-05T01:40:18.45714Z,KXSOL15M-26OCT042145-45,0.0290,20.00,yes
2026-10-05T01:40:18.45714Z,KXSOL15M-26OCT042145-45,0.0190,5.00,yes
2026-10-05T01:40:18.45714Z,KXSOL15M-26OCT042145-45,0.0180,1.00,yes
2026-10-05T01:40:18.45714Z,KXSOL15M-26OCT042145-45,0.0140,3.00,yes
2026-10-05T01:40:18.45714Z,KXSOL15M-26OCT042145-45,0.0160,7.00,yes
2026-10-05T01:40:18.45714Z,KXSOL15M-26OCT042145-45,0.0340,8.00,yes
2026-10-05T01:40:18.45714Z,KXSOL15M-26OCT042145-45,0.0230,0.01,yes
2026-10-05T01:40:18.45714Z,KXSOL15M-26OCT042145-45,0.0240,0.01,yes
2026-10-05T01:40:18.45714Z,KXSOL15M-26OCT042145-45,0.0350,1.00,yes
2026-10-05T01:40:18.45714Z,KXSOL15M-26OCT042145-45,0.0280,0.01,yes
2026-10-05T01:40:18.45714Z,KXSOL15M-26OCT042145-45,0.0200,6.00,yes
2026-10-05T01:40:18.45714Z,KXSOL15M-26OCT042145-45,0.0260,0.01,yes
2026-10-05T01:40:18.45714Z,KXSOL15M-26OCT042145-45,0.0250,0.01,yes
2026-10-05T01:40:18.45714Z,KXSOL15M-26OCT042145-45,0.0180,0.01,yes
2026-10-05T01:40:18.45714Z,KXSOL15M-26OCT042145-45,0.0300,0.01,yes
2026-10-05T01:40:18.45714Z,KXSOL15M-26OCT042145-45,0.0290,0.01,yes
2026-10-05T01:40:18.45714Z,KXSOL15M-26OCT042145-45,0.0170,0.01,yes
2026-10-05T01:40:18.45714Z,KXSOL15M-26OCT042145-45,0.0190,0.01,yes
2026-10-05T01:40:18.45714Z,KXSOL15M-26OCT042145-45,0.0270,0.01,yes
2026-10-05T01:40:18.45714Z,KXSOL15M-26OCT042145-45,0.0160,0.01,yes
2026-10-05T01:40:18.45714Z,KXSOL15M-26OCT042145-45,0.0290,11.00,yes
2026-10-05T01:40:18.45714Z,KXSOL15M-26OCT042145-45,0.0260,13.00,yes
2026-10-05T01:40:18.45714Z,KXSOL15M-26OCT042145-45,0.0140,0.01,yes
2026-10-05T01:40:18.45714Z,KXSOL15M-26OCT042145-45,0.0170,4.00,yes
2026-10-05T01:40:18.45714Z,KXSOL15M-26OCT042145-45,0.0250,15.00,yes
2026-10-05T01:40:18.45714Z,KXSOL15M-26OCT042145-45,0.0200,0.01,yes
2026-10-05T01:40:18.45714Z,KXSOL15M-26OCT042145-45,0.0150,0.01,yes
2026-10-05T01:40:18.45714Z,KXSOL15M-26OCT042145-45,0.0240,16.00,yes
2026-10-05T01:40:18.45714Z,KXSOL15M-26OCT042145-45,0.0210,0.01,yes
2026-10-05T01:40:18.45714Z,KXSOL15M-26OCT042145-45,0.0220,0.01,yes
2026-10-05T01:40:18.45714Z,KXSOL15M-26OCT042145-45,0.0210,3.00,yes
2026-10-05T01:40:18.45714Z,KXSOL15M-26OCT042145-45,0.0200,4.00,yes
2026-10-05T01:40:18.45714Z,KXSOL15M-26OCT042145-45,0.0150,1.00,yes
2026-10-05T01:40:18.45714Z,KXSOL15M-26OCT042145-45,0.0350,1.00,yes
2026-10-05T01:40:18.45714Z,KXSOL15M-26OCT042145-45,0.0200,1.00,yes
2026-10-05T01:40:18.45714Z,KXSOL15M-26OCT042145-45,0.0320,1.00,yes
2026-10-05T01:40:18.45714Z,KXSOL15M-26OCT042145-45,0.0360,3.00,yes
2026-10-05T01:40:18.45714Z,KXSOL15M-26OCT042145-45,0.0340,1.00,yes
2026-10-05T01:40:18.45714Z,KXSOL15M-26OCT042145-45,0.0350,1.00,yes
2026-10-05T01:40:18.45714Z,KXSOL15M-26OCT042145-45,0.0310,1.00,yes
2026-10-05T01:40:18.45714Z,KXSOL15M-26OCT042145-45,0.0330,1.00,yes
2026-10-05T01:40:18.45714Z,KXSOL15M-26OCT042145-45,0.0390,254.55,yes
2026-10-05T01:40:18.45714Z,KXSOL15M-26OCT042145-45,0.0310,0.01,yes
2026-10-05T01:40:18.45714Z,KXSOL15M-26OCT042145-45,0.0320,0.01,yes
2026-10-05T01:40:18.45714Z,KXSOL15M-26OCT042145-45,0.0370,0.01,yes
2026-10-05T01:40:18.45714Z,KXSOL15M-26OCT042145-45,0.0350,0.01,yes
2026-10-05T01:40:18.45714Z,KXSOL15M-26OCT042145-45,0.0340,0.01,yes
2026-10-05T01:40:18.45714Z,KXSOL15M-26OCT042145-45,0.0330,0.01,yes
2026-10-05T01:40:18.45714Z,KXSOL15M-26OCT042145-45,0.0360,0.01,yes
2026-10-05T01:40:18.45714Z,KXSOL15M-26OCT042145-45,0.0390,0.01,yes
2026-10-05T01:40:18.45714Z,KXSOL15M-26OCT042145-45,0.0380,0.01,yes
2026-10-05T01:40:19.087562Z,KXSOL15M-26OCT042145-45,0.0140,121.00,no
2026-10-05T01:40:19.087562Z,KXSOL15M-26OCT042145-45,0.0140,1.00,no
2026-10-05T01:40:19.43877Z,KXSOL15M-26OCT042145-45,0.0130,1.01,no
2026-10-05T01:40:21.026155Z,KXSOL15M-26OCT042145-45,0.0150,3.00,yes
2026-10-05T01:40:21.026155Z,KXSOL15M-26OCT042145-45,0.0250,8.00,yes
2026-10-05T01:40:21.026155Z,KXSOL15M-26OCT042145-45,0.0150,0.50,yes
2026-10-05T01:40:21.026155Z,KXSOL15M-26OCT042145-45,0.0160,3.00,yes
2026-10-05T01:40:21.026155Z,KXSOL15M-26OCT042145-45,0.0230,0.01,yes
2026-10-05T01:40:21.026155Z,KXSOL15M-26OCT042145-45,0.0150,1.00,yes
2026-10-05T01:40:21.026155Z,KXSOL15M-26OCT042145-45,0.0190,10.00,yes
2026-10-05T01:40:21.026155Z,KXSOL15M-26OCT042145-45,0.0150,6.00,yes
2026-10-05T01:40:21.026155Z,KXSOL15M-26OCT042145-45,0.0260,13.00,yes
2026-10-05T01:40:21.026155Z,KXSOL15M-26OCT042145-45,0.0140,8.00,yes
2026-10-05T01:40:21.026155Z,KXSOL15M-26OCT042145-45,0.0270,7.09,yes
2026-10-05T01:40:21.026155Z,KXSOL15M-26OCT042145-45,0.0140,1.00,yes
2026-10-05T01:40:21.026155Z,KXSOL15M-26OCT042145-45,0.0250,13.00,yes
2026-10-05T01:40:21.026155Z,KXSOL15M-26OCT042145-45,0.0140,14.00,yes
2026-10-05T01:40:28.627478Z,KXSOL15M-26OCT042145-45,0.0170,3.00,yes
2026-10-05T01:40:28.627478Z,KXSOL15M-26OCT042145-45,0.0160,14.00,yes
2026-10-05T01:40:28.627478Z,KXSOL15M-26OCT042145-45,0.0160,1.00,yes
2026-10-05T01:40:28.627478Z,KXSOL15M-26OCT042145-45,0.0170,26.17,yes
2026-10-05T01:40:28.627478Z,KXSOL15M-26OCT042145-45,0.0150,6.00,yes
2026-10-05T01:40:28.627478Z,KXSOL15M-26OCT042145-45,0.0150,7.00,yes
2026-10-05T01:40:29.145777Z,KXSOL15M-26OCT042145-45,0.0140,31.00,no
2026-10-05T01:40:29.145777Z,KXSOL15M-26OCT042145-45,0.0150,43.00,no
2026-10-05T01:40:33.02008Z,KXSOL15M-26OCT042145-45,0.0160,9.00,yes
2026-10-05T01:40:33.02008Z,KXSOL15M-26OCT042145-45,0.0180,3.00,yes
2026-10-05T01:40:33.02008Z,KXSOL15M-26OCT042145-45,0.0200,10.00,yes
2026-10-05T01:40:33.02008Z,KXSOL15M-26OCT042145-45,0.0170,14.00,yes
2026-10-05T01:40:33.02008Z,KXSOL15M-26OCT042145-45,0.0170,3.00,yes
2026-10-05T01:40:33.02008Z,KXSOL15M-26OCT042145-45,0.0250,1.00,yes
2026-10-05T01:40:33.02008Z,KXSOL15M-26OCT042145-45,0.0240,1.00,yes
2026-10-05T01:40:33.02008Z,KXSOL15M-26OCT042145-45,0.0230,1.00,yes
2026-10-05T01:40:33.02008Z,KXSOL15M-26OCT042145-45,0.0270,0.95,yes
2026-10-05T01:40:33.02008Z,KXSOL15M-26OCT042145-45,0.0240,0.01,yes
2026-10-05T01:40:33.02008Z,KXSOL15M-26OCT042145-45,0.0270,0.01,yes
2026-10-05T01:40:33.02008Z,KXSOL15M-26OCT042145-45,0.0250,0.01,yes
2026-10-05T01:40:33.02008Z,KXSOL15M-26OCT042145-45,0.0230,0.01,yes
2026-10-05T01:40:33.02008Z,KXSOL15M-26OCT042145-45,0.0260,0.01,yes
2026-10-05T01:40:33.02008Z,KXSOL15M-26OCT042145-45,0.0260,1.00,yes
2026-10-05T01:40:33.02008Z,KXSOL15M-26OCT042145-45,0.0170,3.83,yes
2026-10-05T01:40:33.040667Z,KXSOL15M-26OCT042145-45,0.0150,2.47,no
2026-10-05T01:40:33.040667Z,KXSOL15M-26OCT042145-45,0.0150,17.00,no
2026-10-05T01:40:33.040667Z,KXSOL15M-26OCT042145-45,0.0150,20.00,no
2026-10-05T01:40:33.160004Z,KXSOL15M-26OCT042145-45,0.0160,5.00,no
2026-10-05T01:40:35.259181Z,KXSOL15M-26OCT042145-45,0.0190,1.00,yes
2026-10-05T01:40:35.259181Z,KXSOL15M-26OCT042145-45,0.0190,12.00,yes
2026-10-05T01:40:35.259181Z,KXSOL15M-26OCT042145-45,0.0200,15.00,yes
2026-10-05T01:40:35.259181Z,KXSOL15M-26OCT042145-45,0.0210,10.00,yes
2026-10-05T01:40:35.259181Z,KXSOL15M-26OCT042145-45,0.0260,0.01,yes
2026-10-05T01:40:35.259181Z,KXSOL15M-26OCT042145-45,0.0240,0.01,yes
2026-10-05T01:40:35.259181Z,KXSOL15M-26OCT042145-45,0.0250,0.01,yes
2026-10-05T01:40:35.259181Z,KXSOL15M-26OCT042145-45,0.0230,0.01,yes
2026-10-05T01:40:35.259181Z,KXSOL15M-26OCT042145-45,0.0200,3.00,yes
2026-10-05T01:40:35.259181Z,KXSOL15M-26OCT042145-45,0.0250,6.00,yes
2026-10-05T01:40:35.259181Z,KXSOL15M-26OCT042145-45,0.0270,0.36,yes
2026-10-05T01:40:35.259181Z,KXSOL15M-26OCT042145-45,0.0190,3.00,yes
2026-10-05T01:40:35.259181Z,KXSOL15M-26OCT042145-45,0.0180,12.00,yes
2026-10-05T01:40:35.259181Z,KXSOL15M-26OCT042145-45,0.0220,5.00,yes
2026-10-05T01:40:35.259181Z,KXSOL15M-26OCT042145-45,0.0270,0.05,yes
2026-10-05T01:40:35.259181Z,KXSOL15M-26OCT042145-45,0.0270,9.00,yes
2026-10-05T01:40:35.476846Z,KXSOL15M-26OCT042145-45,0.0210,0.50,yes
2026-10-05T01:40:35.542849Z,KXSOL15M-26OCT042145-45,0.0110,20.00,no
2026-10-05T01:40:35.542849Z,KXSOL15M-26OCT042145-45,0.0120,1.00,no
2026-10-05T01:40:35.542849Z,KXSOL15M-26OCT042145-45,0.0130,5.00,no
2026-10-05T01:40:35.542849Z,KXSOL15M-26OCT042145-45,0.0140,7.00,no
2026-10-05T01:40:35.542849Z,KXSOL15M-26OCT042145-45,0.0140,5.00,no
2026-10-05T01:40:35.542849Z,KXSOL15M-26OCT042145-45,0.0130,3.00,no
2026-10-05T01:40:35.542849Z,KXSOL15M-26OCT042145-45,0.0120,3.00,no
2026-10-05T01:40:35.542849Z,KXSOL15M-26OCT042145-45,0.0100,1.55,no
2026-10-05T01:40:35.542849Z,KXSOL15M-26OCT042145-45,0.0120,0.45,no
2026-10-05T01:40:35.542849Z,KXSOL15M-26OCT042145-45,0.0100,4.00,no
2026-10-05T01:40:36.967804Z,KXSOL15M-26OCT042145-45,0.0170,15.00,yes
2026-10-05T01:40:36.967804Z,KXSOL15M-26OCT042145-45,0.0160,14.00,yes
2026-10-05T01:40:36.967804Z,KXSOL15M-26OCT042145-45,0.0210,5.00,yes
2026-10-05T01:40:36.967804Z,KXSOL15M-26OCT042145-45,0.0200,3.00,yes
2026-10-05T01:40:36.967804Z,KXSOL15M-26OCT042145-45,0.0190,3.00,yes
2026-10-05T01:40:36.967804Z,KXSOL15M-26OCT042145-45,0.0230,2.77,yes
2026-10-05T01:40:36.967804Z,KXSOL15M-26OCT042145-45,0.0190,1.55,yes
2026-10-05T01:40:37.03347Z,KXSOL15M-26OCT042145-45,0.0150,6.00,no
2026-10-05T01:40:37.03347Z,KXSOL15M-26OCT042145-45,0.0150,4.00,no
2026-10-05T01:40:37.078458Z,KXSOL15M-26OCT042145-45,0.0130,5.00,no
2026-10-05T01:40:37.078458Z,KXSOL15M-26OCT042145-45,0.0140,1.00,no
2026-10-05T01:40:37.078458Z,KXSOL15M-26OCT042145-45,0.0150,32.00,no
2026-10-05T01:40:37.14762Z,KXSOL15M-26OCT042145-45,0.0120,3.00,no
2026-10-05T01:40:37.14762Z,KXSOL15M-26OCT042145-45,0.0120,0.03,no
2026-10-05T01:40:37.14762Z,KXSOL15M-26OCT042145-45,0.0110,6.97,no
2026-10-05T01:40:37.210509Z,KXSOL15M-26OCT042145-45,0.0100,10.00,no
2026-10-05T01:40:37.210509Z,KXSOL15M-26OCT042145-45,0.0110,6.97,no
2026-10-05T01:40:37.210509Z,KXSOL15M-26OCT042145-45,0.0110,3.00,no
2026-10-05T01:40:37.210509Z,KXSOL15M-26OCT042145-45,0.0110,0.03,no
2026-10-05T01:40:38.706023Z,KXSOL15M-26OCT042145-45,0.0140,1.00,no
2026-10-05T01:40:39.065232Z,KXSOL15M-26OCT042145-45,0.0120,6.00,no
2026-10-05T01:40:39.065232Z,KXSOL15M-26OCT042145-45,0.0140,14.00,no
2026-10-05T01:40:39.065232Z,KXSOL15M-26OCT042145-45,0.0130,46.00,no
2026-10-05T01:40:39.837107Z,KXSOL15M-26OCT042145-45,0.0120,5.00,yes
2026-10-05T01:40:40.046678Z,KXSOL15M-26OCT042145-45,0.0100,63.45,no
2026-10-05T01:40:40.046678Z,KXSOL15M-26OCT042145-45,0.0100,3.00,no
2026-10-05T01:40:43.071548Z,KXSOL15M-26OCT042145-45,0.0100,12.00,no
2026-10-05T01:40:43.071548Z,KXSOL15M-26OCT042145-45,0.0100,24.00,no
2026-10-05T01:40:43.455075Z,KXSOL15M-26OCT042145-45,0.0150,0.01,yes
2026-10-05T01:40:43.455075Z,KXSOL15M-26OCT042145-45,0.0160,0.01,yes
2026-10-05T01:40:43.455075Z,KXSOL15M-26OCT042145-45,0.0170,0.01,yes
2026-10-05T01:40:43.455075Z,KXSOL15M-26OCT042145-45,0.0130,0.01,yes
2026-10-05T01:40:43.455075Z,KXSOL15M-26OCT042145-45,0.0140,63.45,yes
2026-10-05T01:40:43.455075Z,KXSOL15M-26OCT042145-45,0.0120,0.01,yes
2026-10-05T01:40:43.455075Z,KXSOL15M-26OCT042145-45,0.0140,0.01,yes
2026-10-05T01:40:43.455075Z,KXSOL15M-26OCT042145-45,0.0180,3.00,yes
2026-10-05T01:40:43.455075Z,KXSOL15M-26OCT042145-45,0.0170,4.00,yes
2026-10-05T01:40:43.455075Z,KXSOL15M-26OCT042145-45,0.0190,1.32,yes
2026-10-05T01:40:43.455075Z,KXSOL15M-26OCT042145-45,0.0180,0.01,yes
2026-10-05T01:40:43.455075Z,KXSOL15M-26OCT042145-45,0.0130,13.00,yes
2026-10-05T01:40:43.455075Z,KXSOL15M-26OCT042145-45,0.0110,9.00,yes
2026-10-05T01:40:43.455075Z,KXSOL15M-26OCT042145-45,0.0100,24.00,yes
2026-10-05T01:40:43.455075Z,KXSOL15M-26OCT042145-45,0.0150,6.00,yes
2026-10-05T01:40:43.455075Z,KXSOL15M-26OCT042145-45,0.0110,0.01,yes
2026-10-05T01:40:43.513689Z,KXSOL15M-26OCT042145-45,0.0110,7.02,yes
2026-10-05T01:40:50.70644Z,KXSOL15M-26OCT042145-45,0.0100,1.00,no
2026-10-05T01:40:52.443708Z,KXSOL15M-26OCT042145-45,0.0080,3.00,no
2026-10-05T01:40:52.443708Z,KXSOL15M-26OCT042145-45,0.0090,7.00,no
2026-10-05T01:40:52.443708Z,KXSOL15M-26OCT042145-45,0.0070,20.00,no
2026-10-05T01:40:52.443708Z,KXSOL15M-26OCT042145-45,0.0090,3.00,no
2026-10-05T01:40:52.443708Z,KXSOL15M-26OCT042145-45,0.0070,21.00,no
2026-10-05T01:40:52.443708Z,KXSOL15M-26OCT042145-45,0.0080,18.00,no
2026-10-05T01:40:52.443708Z,KXSOL15M-26OCT042145-45,0.0090,4.00,no
2026-10-05T01:40:52.443708Z,KXSOL15M-26OCT042145-45,0.0080,6.00,no
2026-10-05T01:40:52.443708Z,KXSOL15M-26OCT042145-45,0.0070,2.00,no
2026-10-05T01:40:52.443708Z,KXSOL15M-26OCT042145-45,0.0060,8.87,no
2026-10-05T01:40:55.78651Z,KXSOL15M-26OCT042145-45,0.0080,11.00,yes
2026-10-05T01:40:55.78651Z,KXSOL15M-26OCT042145-45,0.0080,1.00,yes
2026-10-05T01:40:55.78651Z,KXSOL15M-26OCT042145-45,0.0080,16.00,yes
2026-10-05T01:40:55.78651Z,KXSOL15M-26OCT042145-45,0.0090,12.00,yes
2026-10-05T01:40:55.78651Z,KXSOL15M-26OCT042145-45,0.0080,10.00,yes
2026-10-05T01:41:02.964526Z,KXSOL15M-26OCT042145-45,0.0070,1.17,yes
2026-10-05T01:41:03.042972Z,KXSOL15M-26OCT042145-45,0.0060,13.00,no
2026-10-05T01:41:03.042972Z,KXSOL15M-26OCT042145-45,0.0050,3.00,no
2026-10-05T01:41:03.042972Z,KXSOL15M-26OCT042145-45,0.0060,11.00,no
2026-10-05T01:41:03.042972Z,KXSOL15M-26OCT042145-45,0.0050,39.00,no
2026-10-05T01:41:04.625603Z,KXSOL15M-26OCT042145-45,0.0060,2.00,yes
2026-10-05T01:41:05.064614Z,KXSOL15M-26OCT042145-45,0.0050,9.00,no
2026-10-05T01:41:05.064614Z,KXSOL15M-26OCT042145-45,0.0050,7.00,no
2026-10-05T01:41:05.064614Z,KXSOL15M-26OCT042145-45,0.0050,56.00,no
2026-10-05T01:41:06.35158Z,KXSOL15M-26OCT042145-45,0.0070,27.83,yes
2026-10-05T01:41:06.35158Z,KXSOL15M-26OCT042145-45,0.0070,18.00,yes
2026-10-05T01:41:06.35158Z,KXSOL15M-26OCT042145-45,0.0130,3.00,yes
2026-10-05T01:41:06.35158Z,KXSOL15M-26OCT042145-45,0.0060,18.00,yes
2026-10-05T01:41:06.35158Z,KXSOL15M-26OCT042145-45,0.0080,10.00,yes
2026-10-05T01:41:06.35158Z,KXSOL15M-26OCT042145-45,0.0090,4.00,yes
2026-10-05T01:41:06.35158Z,KXSOL15M-26OCT042145-45,0.0100,11.00,yes
2026-10-05T01:41:06.35158Z,KXSOL15M-26OCT042145-45,0.0090,3.00,yes
2026-10-05T01:41:06.35158Z,KXSOL15M-26OCT042145-45,0.0110,5.00,yes
2026-10-05T01:41:06.35158Z,KXSOL15M-26OCT042145-45,0.0120,6.00,yes
2026-10-05T01:41:06.35158Z,KXSOL15M-26OCT042145-45,0.0140,5.87,yes
2026-10-05T01:41:07.082781Z,KXSOL15M-26OCT042145-45,0.0060,53.00,no
2026-10-05T01:41:07.082781Z,KXSOL15M-26OCT042145-45,0.0060,11.00,no
2026-10-05T01:41:07.332391Z,KXSOL15M-26OCT042145-45,0.0050,3.00,no
2026-10-05T01:41:07.332391Z,KXSOL15M-26OCT042145-45,0.0050,32.00,no
2026-10-05T01:41:07.332391Z,KXSOL15M-26OCT042145-45,0.0050,6.00,no
2026-10-05T01:41:07.332391Z,KXSOL15M-26OCT042145-45,0.0050,23.00,no
2026-10-05T01:41:07.931666Z,KXSOL15M-26OCT042145-45,0.0050,9.00,no
2026-10-05T01:41:08.111768Z,KXSOL15M-26OCT042145-45,0.0050,0.05,no
2026-10-05T01:41:08.111768Z,KXSOL15M-26OCT042145-45,0.0050,24.00,no
2026-10-05T01:41:08.111768Z,KXSOL15M-26OCT042145-45,0.0050,9.00,no
2026-10-05T01:41:12.145055Z,KXSOL15M-26OCT042145-45,0.0130,1.33,yes
2026-10-05T01:41:13.236116Z,KXSOL15M-26OCT042145-45,0.0130,1.44,yes
2026-10-05T01:41:13.236116Z,KXSOL15M-26OCT042145-45,0.0110,10.00,yes
2026-10-05T01:41:13.236116Z,KXSOL15M-26OCT042145-45,0.0120,2.00,yes
2026-10-05T01:41:13.236116Z,KXSOL15M-26OCT042145-45,0.0110,2.00,yes
2026-10-05T01:41:15.391903Z,KXSOL15M-26OCT042145-45,0.0040,47.34,no
2026-10-05T01:41:19.085566Z,KXSOL15M-26OCT042145-45,0.0060,31.00,no
2026-10-05T01:41:19.085566Z,KXSOL15M-26OCT042145-45,0.0060,28.00,no
2026-10-05T01:41:20.858645Z,KXSOL15M-26OCT042145-45,0.0060,6.00,no
2026-10-05T01:41:21.9179Z,KXSOL15M-26OCT042145-45,0.0060,10.00,no
2026-10-05T01:41:21.9179Z,KXSOL15M-26OCT042145-45,0.0060,11.00,no
2026-10-05T01:41:21.9179Z,KXSOL15M-26OCT042145-45,0.0060,4.00,no
2026-10-05T01:41:26.685248Z,KXSOL15M-26OCT042145-45,0.0120,3.00,yes
2026-10-05T01:41:26.685248Z,KXSOL15M-26OCT042145-45,0.0130,33.09,yes
2026-10-05T01:41:29.061368Z,KXSOL15M-26OCT042145-45,0.0060,40.00,no
2026-10-05T01:41:33.09046Z,KXSOL15M-26OCT042145-45,0.0050,23.00,no
2026-10-05T01:41:33.863192Z,KXSOL15M-26OCT042145-45,0.0110,35.00,yes
2026-10-05T01:41:33.863192Z,KXSOL15M-26OCT042145-45,0.0120,1.00,yes
2026-10-05T01:41:33.863192Z,KXSOL15M-26OCT042145-45,0.0120,3.00,yes
2026-10-05T01:41:33.863192Z,KXSOL15M-26OCT042145-45,0.0130,37.41,yes
2026-10-05T01:41:36.366796Z,KXSOL15M-26OCT042145-45,0.0050,1.00,yes
2026-10-05T01:41:38.106303Z,KXSOL15M-26OCT042145-45,0.0040,7.02,no
2026-10-05T01:41:40.610632Z,KXSOL15M-26OCT042145-45,0.0040,22.36,no
2026-10-05T01:41:40.610632Z,KXSOL15M-26OCT042145-45,0.0040,27.64,no
2026-10-05T01:41:41.542155Z,KXSOL15M-26OCT042145-45,0.0110,14.00,yes
2026-10-05T01:41:41.542155Z,KXSOL15M-26OCT042145-45,0.0080,22.36,yes
2026-10-05T01:41:41.542155Z,KXSOL15M-26OCT042145-45,0.0100,73.00,yes
2026-10-05T01:41:41.542155Z,KXSOL15M-26OCT042145-45,0.0120,55.34,yes
2026-10-05T01:41:41.542155Z,KXSOL15M-26OCT042145-45,0.0050,1.00,yes
2026-10-05T01:41:46.895215Z,KXSOL15M-26OCT042145-45,0.0130,7.91,yes
2026-10-05T01:41:46.895215Z,KXSOL15M-26OCT042145-45,0.0120,17.66,yes
2026-10-05T01:41:46.895215Z,KXSOL15M-26OCT042145-45,0.0110,56.00,yes
2026-10-05T01:41:47.104694Z,KXSOL15M-26OCT042145-45,0.0060,16.00,no
2026-10-05T01:41:47.104694Z,KXSOL15M-26OCT042145-45,0.0060,28.00,no
2026-10-05T01:41:48.475051Z,KXSOL15M-26OCT042145-45,0.0120,3.13,yes
2026-10-05T01:41:53.667818Z,KXSOL15M-26OCT042145-45,0.0050,9.00,no
2026-10-05T01:41:53.667818Z,KXSOL15M-26OCT042145-45,0.0050,6.00,no
2026-10-05T01:41:53.667818Z,KXSOL15M-26OCT042145-45,0.0040,25.99,no
2026-10-05T01:41:53.782936Z,KXSOL15M-26OCT042145-45,0.0050,6.00,no
2026-10-05T01:41:53.789874Z,KXSOL15M-26OCT042145-45,0.0050,3.00,no
2026-10-05T01:41:57.537184Z,KXSOL15M-26OCT042145-45,0.0050,13.00,no
2026-10-05T01:41:57.537184Z,KXSOL15M-26OCT042145-45,0.0050,9.00,no
2026-10-05T01:41:57.537184Z,KXSOL15M-26OCT042145-45,0.0050,30.00,no
2026-10-05T01:41:58.9795Z,KXSOL15M-26OCT042145-45,0.0080,30.00,yes
2026-10-05T01:41:58.9795Z,KXSOL15M-26OCT042145-45,0.0100,422.70,yes
2026-10-05T01:41:58.9795Z,KXSOL15M-26OCT042145-45,0.0080,25.99,yes
2026-10-05T01:42:01.155377Z,KXSOL15M-26OCT042145-45,0.0040,301.65,no
2026-10-05T01:42:01.155377Z,KXSOL15M-26OCT042145-45,0.0040,149.35,no
2026-10-05T01:42:03.451815Z,KXSOL15M-26OCT042145-45,0.0040,21.00,no
2026-10-05T01:42:03.951082Z,KXSOL15M-26OCT042145-45,0.0040,7.00,no
2026-10-05T01:42:03.951082Z,KXSOL15M-26OCT042145-45,0.0040,0.08,no
2026-10-05T01:42:03.951082Z,KXSOL15M-26OCT042145-45,0.0040,10.00,no
2026-10-05T01:42:03.951082Z,KXSOL15M-26OCT042145-45,0.0040,1.00,no
2026-10-05T01:42:03.951082Z,KXSOL15M-26OCT042145-45,0.0040,1.00,no
2026-10-05T01:42:03.951082Z,KXSOL15M-26OCT042145-45,0.0040,1.00,no
2026-10-05T01:42:03.951082Z,KXSOL15M-26OCT042145-45,0.0040,1.00,no
2026-10-05T01:42:03.951082Z,KXSOL15M-26OCT042145-45,0.0040,13.00,no
2026-10-05T01:42:03.951082Z,KXSOL15M-26OCT042145-45,0.0040,1.00,no
2026-10-05T01:42:03.951082Z,KXSOL15M-26OCT042145-45,0.0040,19.00,no
2026-10-05T01:42:04.577797Z,KXSOL15M-26OCT042145-45,0.0030,32.22,no
2026-10-05T01:42:05.304236Z,KXSOL15M-26OCT042145-45,0.0040,7.00,yes
2026-10-05T01:42:05.304236Z,KXSOL15M-26OCT042145-45,0.0040,0.01,yes
2026-10-05T01:42:05.304236Z,KXSOL15M-26OCT042145-45,0.0040,13.08,yes
2026-10-05T01:42:07.286354Z,KXSOL15M-26OCT042145-45,0.0030,5.01,no
2026-10-05T01:42:07.756895Z,KXSOL15M-26OCT042145-45,0.0030,42.00,no
2026-10-05T01:42:07.761543Z,KXSOL15M-26OCT042145-45,0.0030,8.00,no
2026-10-05T01:42:09.067811Z,KXSOL15M-26OCT042145-45,0.0030,7.00,no
2026-10-05T01:42:09.115348Z,KXSOL15M-26OCT042145-45,0.0030,46.51,no
2026-10-05T01:42:13.026874Z,KXSOL15M-26OCT042145-45,0.0040,2.29,yes
2026-10-05T01:42:13.528022Z,KXSOL15M-26OCT042145-45,0.0030,7.84,no
2026-10-05T01:42:14.704202Z,KXSOL15M-26OCT042145-45,0.0030,10.00,no
2026-10-05T01:42:14.734108Z,KXSOL15M-26OCT042145-45,0.0040,7.84,yes
2026-10-05T01:42:14.734108Z,KXSOL15M-26OCT042145-45,0.0050,8.00,yes
2026-10-05T01:42:14.734108Z,KXSOL15M-26OCT042145-45,0.0070,9.00,yes
2026-10-05T01:42:14.734108Z,KXSOL15M-26OCT042145-45,0.0060,8.00,yes
2026-10-05T01:42:14.734108Z,KXSOL15M-26OCT042145-45,0.0080,93.51,yes
2026-10-05T01:42:14.734108Z,KXSOL15M-26OCT042145-45,0.0040,7.00,yes
2026-10-05T01:42:14.734108Z,KXSOL15M-26OCT042145-45,0.0040,16.85,yes
2026-10-05T01:42:14.734108Z,KXSOL15M-26OCT042145-45,0.0050,0.01,yes
2026-10-05T01:42:14.734108Z,KXSOL15M-26OCT042145-45,0.0060,0.01,yes
2026-10-05T01:42:14.734108Z,KXSOL15M-26OCT042145-45,0.0070,0.01,yes
2026-10-05T01:42:14.734108Z,KXSOL15M-26OCT042145-45,0.0050,19.00,yes
2026-10-05T01:42:14.734108Z,KXSOL15M-26OCT042145-45,0.0050,21.00,yes
2026-10-05T01:42:14.734108Z,KXSOL15M-26OCT042145-45,0.0070,25.00,yes
2026-10-05T01:42:14.734108Z,KXSOL15M-26OCT042145-45,0.0060,25.00,yes
2026-10-05T01:42:14.734108Z,KXSOL15M-26OCT042145-45,0.0060,8.00,yes
2026-10-05T01:42:14.734108Z,KXSOL15M-26OCT042145-45,0.0070,8.00,yes
2026-10-05T01:42:14.734108Z,KXSOL15M-26OCT042145-45,0.0070,1.00,yes
2026-10-05T01:42:14.734108Z,KXSOL15M-26OCT042145-45,0.0050,7.00,yes
2026-10-05T01:42:14.734108Z,KXSOL15M-26OCT042145-45,0.0050,1.00,yes
2026-10-05T01:42:14.734108Z,KXSOL15M-26OCT042145-45,0.0040,1.00,yes
2026-10-05T01:42:14.734108Z,KXSOL15M-26OCT042145-45,0.0070,22.00,yes
2026-10-05T01:42:16.582077Z,KXSOL15M-26OCT042145-45,0.0080,26.88,yes
2026-10-05T01:42:16.582077Z,KXSOL15M-26OCT042145-45,0.0070,22.00,yes
2026-10-05T01:42:16.582077Z,KXSOL15M-26OCT042145-45,0.0040,10.00,yes
2026-10-05T01:42:16.582077Z,KXSOL15M-26OCT042145-45,0.0070,0.01,yes
2026-10-05T01:42:16.582077Z,KXSOL15M-26OCT042145-45,0.0060,7.00,yes
2026-10-05T01:42:20.359724Z,KXSOL15M-26OCT042145-45,0.0030,10.00,no
2026-10-05T01:42:20.66769Z,KXSOL15M-26OCT042145-45,0.0030,7.00,no
2026-10-05T01:42:20.78242Z,KXSOL15M-26OCT042145-45,0.0030,10.00,no
2026-10-05T01:42:20.7907Z,KXSOL15M-26OCT042145-45,0.0030,8.00,no
2026-10-05T01:42:21.714298Z,KXSOL15M-26OCT042145-45,0.0030,181.73,no
2026-10-05T01:42:22.991934Z,KXSOL15M-26OCT042145-45,0.0030,7.00,no
2026-10-05T01:42:24.700594Z,KXSOL15M-26OCT042145-45,0.0030,0.57,no
2026-10-05T01:42:24.700594Z,KXSOL15M-26OCT042145-45,0.0030,8.43,no
2026-10-05T01:42:24.974001Z,KXSOL15M-26OCT042145-45,0.0040,143.04,yes
2026-10-05T01:42:24.974001Z,KXSOL15M-26OCT042145-45,0.0040,78.00,yes
2026-10-05T01:42:24.974001Z,KXSOL15M-26OCT042145-45,0.0040,8.00,yes
2026-10-05T01:42:27.575197Z,KXSOL15M-26OCT042145-45,0.0030,10.00,no
2026-10-05T01:42:28.081034Z,KXSOL15M-26OCT042145-45,0.0030,6.15,no
2026-10-05T01:42:28.557147Z,KXSOL15M-26OCT042145-45,0.0040,7.00,yes
2026-10-05T01:42:28.557147Z,KXSOL15M-26OCT042145-45,0.0040,0.57,yes
2026-10-05T01:42:28.557147Z,KXSOL15M-26OCT042145-45,0.0040,40.00,yes
2026-10-05T01:42:28.557147Z,KXSOL15M-26OCT042145-45,0.0040,8.43,yes
2026-10-05T01:42:28.557147Z,KXSOL15M-26OCT042145-45,0.0040,10.00,yes
2026-10-05T01:42:28.557147Z,KXSOL15M-26OCT042145-45,0.0040,9.84,yes
2026-10-05T01:42:28.557147Z,KXSOL15M-26OCT042145-45,0.0040,38.69,yes
2026-10-05T01:42:30.88136Z,KXSOL15M-26OCT042145-45,0.0030,16.72,no
2026-10-05T01:42:30.88136Z,KXSOL15M-26OCT042145-45,0.0030,23.28,no
2026-10-05T01:42:30.88876Z,KXSOL15M-26OCT042145-45,0.0030,0.72,no
2026-10-05T01:42:30.88876Z,KXSOL15M-26OCT042145-45,0.0030,18.00,no
2026-10-05T01:42:30.88876Z,KXSOL15M-26OCT042145-45,0.0030,2.00,no
2026-10-05T01:42:30.88876Z,KXSOL15M-26OCT042145-45,0.0030,2.00,no
2026-10-05T01:42:30.88876Z,KXSOL15M-26OCT042145-45,0.0030,2.00,no
2026-10-05T01:42:30.88876Z,KXSOL15M-26OCT042145-45,0.0030,2.00,no
2026-10-05T01:42:30.88876Z,KXSOL15M-26OCT042145-45,0.0030,13.28,no
2026-10-05T01:42:30.909512Z,KXSOL15M-26OCT042145-45,0.0030,1.28,no
2026-10-05T01:42:30.909512Z,KXSOL15M-26OCT042145-45,0.0030,30.72,no
2026-10-05T01:42:30.909512Z,KXSOL15M-26OCT042145-45,0.0030,8.00,no
2026-10-05T01:42:30.918553Z,KXSOL15M-26OCT042145-45,0.0030,16.00,no
2026-10-05T01:42:31.002063Z,KXSOL15M-26OCT042145-45,0.0030,40.00,no
2026-10-05T01:42:31.223619Z,KXSOL15M-26OCT042145-45,0.0030,40.00,no
2026-10-05T01:42:31.256038Z,KXSOL15M-26OCT042145-45,0.0030,40.00,no
2026-10-05T01:42:31.270112Z,KXSOL15M-26OCT042145-45,0.0030,34.00,no
2026-10-05T01:42:32.139944Z,KXSOL15M-26OCT042145-45,0.0030,49.28,no
2026-10-05T01:42:32.139944Z,KXSOL15M-26OCT042145-45,0.0030,8.00,no
2026-10-05T01:42:32.404654Z,KXSOL15M-26OCT042145-45,0.0020,2.00,no
2026-10-05T01:42:32.877147Z,KXSOL15M-26OCT042145-45,0.0020,5.96,no
2026-10-05T01:42:32.961064Z,KXSOL15M-26OCT042145-45,0.0020,2.00,no
2026-10-05T01:42:32.967219Z,KXSOL15M-26OCT042145-45,0.0020,2.00,no
2026-10-05T01:42:34.467137Z,KXSOL15M-26OCT042145-45,0.0020,26.00,no
2026-10-05T01:42:34.898804Z,KXSOL15M-26OCT042145-45,0.0020,20.00,no
2026-10-05T01:42:34.90561Z,KXSOL15M-26OCT042145-45,0.0020,7.00,no
2026-10-05T01:42:34.912549Z,KXSOL15M-26OCT042145-45,0.0020,2.00,no
2026-10-05T01:42:34.917609Z,KXSOL15M-26OCT042145-45,0.0020,2.00,no
2026-10-05T01:42:35.30539Z,KXSOL15M-26OCT042145-45,0.0020,12.00,no
2026-10-05T01:42:35.312461Z,KXSOL15M-26OCT042145-45,0.0020,5.00,no
2026-10-05T01:42:35.318945Z,KXSOL15M-26OCT042145-45,0.0020,2.00,no
2026-10-05T01:42:35.790812Z,KXSOL15M-26OCT042145-45,0.0020,25.04,no
2026-10-05T01:42:35.83454Z,KXSOL15M-26OCT042145-45,0.0020,2.00,no
2026-10-05T01:42:35.841986Z,KXSOL15M-26OCT042145-45,0.0020,2.00,no
2026-10-05T01:42:35.932988Z,KXSOL15M-26OCT042145-45,0.0020,5.00,no
2026-10-05T01:42:35.932988Z,KXSOL15M-26OCT042145-45,0.0020,26.00,no
2026-10-05T01:42:35.932988Z,KXSOL15M-26OCT042145-45,0.0020,3.00,no
2026-10-05T01:42:35.932988Z,KXSOL15M-26OCT042145-45,0.0020,3.00,no
2026-10-05T01:42:35.932988Z,KXSOL15M-26OCT042145-45,0.0020,3.00,no
2026-10-05T01:42:35.932988Z,KXSOL15M-26OCT042145-45,0.0020,3.00,no
2026-10-05T01:42:35.932988Z,KXSOL15M-26OCT042145-45,0.0020,3.00,no
2026-10-05T01:42:35.932988Z,KXSOL15M-26OCT042145-45,0.0020,862.05,no
2026-10-05T01:42:35.932988Z,KXSOL15M-26OCT042145-45,0.0020,20.00,no
2026-10-05T01:42:35.932988Z,KXSOL15M-26OCT042145-45,0.0020,3.00,no
2026-10-05T01:42:35.932988Z,KXSOL15M-26OCT042145-45,0.0020,100.00,no
2026-10-05T01:42:35.932988Z,KXSOL15M-26OCT042145-45,0.0020,500.00,no
2026-10-05T01:42:35.932988Z,KXSOL15M-26OCT042145-45,0.0020,433.00,no
2026-10-05T01:42:35.932988Z,KXSOL15M-26OCT042145-45,0.0020,100.00,no
2026-10-05T01:42:35.932988Z,KXSOL15M-26OCT042145-45,0.0020,1000.00,no
2026-10-05T01:42:35.932988Z,KXSOL15M-26OCT042145-45,0.0020,1800.00,no
2026-10-05T01:42:35.932988Z,KXSOL15M-26OCT042145-45,0.0020,500.00,no
2026-10-05T01:42:35.932988Z,KXSOL15M-26OCT042145-45,0.0020,40.00,no
2026-10-05T01:42:36.161957Z,KXSOL15M-26OCT042145-45,0.0010,98.17,no
2026-10-05T01:42:39.075841Z,KXSOL15M-26OCT042145-45,0.0010,11.00,no
2026-10-05T01:42:40.12371Z,KXSOL15M-26OCT042145-45,0.0030,32.00,yes
2026-10-05T01:42:40.128817Z,KXSOL15M-26OCT042145-45,0.0030,10.00,yes
2026-10-05T01:42:40.134017Z,KXSOL15M-26OCT042145-45,0.0030,7.28,yes
2026-10-05T01:42:40.134017Z,KXSOL15M-26OCT042145-45,0.0030,1.72,yes
2026-10-05T01:42:40.684562Z,KXSOL15M-26OCT042145-45,0.0030,7.00,yes
2026-10-05T01:42:42.083286Z,KXSOL15M-26OCT042145-45,0.0020,8.17,no
2026-10-05T01:42:42.083286Z,KXSOL15M-26OCT042145-45,0.0020,46.00,no
2026-10-05T01:42:42.083286Z,KXSOL15M-26OCT042145-45,0.0020,41.00,no
2026-10-05T01:42:42.083286Z,KXSOL15M-26OCT042145-45,0.0020,3.00,no
2026-10-05T01:42:42.083351Z,KXSOL15M-26OCT042145-45,0.0020,11.00,no
2026-10-05T01:42:42.967516Z,KXSOL15M-26OCT042145-45,0.0020,21.16,yes
2026-10-05T01:42:42.967516Z,KXSOL15M-26OCT042145-45,0.0020,10.00,yes
2026-10-05T01:42:45.494474Z,KXSOL15M-26OCT042145-45,0.0020,2.84,yes
2026-10-05T01:42:45.494474Z,KXSOL15M-26OCT042145-45,0.0020,4.16,yes
2026-10-05T01:42:45.72753Z,KXSOL15M-26OCT042145-45,0.0030,91.01,yes
2026-10-05T01:42:45.72753Z,KXSOL15M-26OCT042145-45,0.0020,27.00,yes
2026-10-05T01:42:45.72753Z,KXSOL15M-26OCT042145-45,0.0020,10.00,yes
2026-10-05T01:42:45.72753Z,KXSOL15M-26OCT042145-45,0.0030,31.28,yes
2026-10-05T01:42:45.72753Z,KXSOL15M-26OCT042145-45,0.0020,2.84,yes
2026-10-05T01:42:45.72753Z,KXSOL15M-26OCT042145-45,0.0020,10.00,yes
2026-10-05T01:42:47.7815Z,KXSOL15M-26OCT042145-45,0.0020,41.00,yes
2026-10-05T01:42:47.7815Z,KXSOL15M-26OCT042145-45,0.0020,41.00,yes
2026-10-05T01:42:47.7815Z,KXSOL15M-26OCT042145-45,0.0030,21.83,yes
2026-10-05T01:42:48.250324Z,KXSOL15M-26OCT042145-45,0.0020,21.80,yes
2026-10-05T01:42:48.250324Z,KXSOL15M-26OCT042145-45,0.0020,24.00,yes
2026-10-05T01:42:55.649156Z,KXSOL15M-26OCT042145-45,0.0020,253.37,yes
2026-10-05T01:42:55.649156Z,KXSOL15M-26OCT042145-45,0.0020,16.00,yes
2026-10-05T01:42:55.649156Z,KXSOL15M-26OCT042145-45,0.0020,30.72,yes
2026-10-05T01:42:55.649156Z,KXSOL15M-26OCT042145-45,0.0020,40.00,yes
2026-10-05T01:42:55.649156Z,KXSOL15M-26OCT042145-45,0.0020,34.00,yes
2026-10-05T01:42:55.649156Z,KXSOL15M-26OCT042145-45,0.0020,40.00,yes
2026-10-05T01:42:55.649156Z,KXSOL15M-26OCT042145-45,0.0020,40.00,yes
2026-10-05T01:42:56.635024Z,KXSOL15M-26OCT042145-45,0.0020,0.45,yes
2026-10-05T01:42:57.297525Z,KXSOL15M-26OCT042145-45,0.0030,224.89,yes
2026-10-05T01:42:57.297525Z,KXSOL15M-26OCT042145-45,0.0020,23.55,yes
2026-10-05T01:42:57.297525Z,KXSOL15M-26OCT042145-45,0.0020,68.00,yes
2026-10-05T01:42:58.236319Z,KXSOL15M-26OCT042145-45,0.0010,1340.00,no
2026-10-05T01:42:59.235446Z,KXSOL15M-26OCT042145-45,0.0010,45.80,no
2026-10-05T01:43:00.366512Z,KXSOL15M-26OCT042145-45,0.0010,15.01,no
2026-10-05T01:43:00.512082Z,KXSOL15M-26OCT042145-45,0.0010,200.00,no
2026-10-05T01:43:01.057186Z,KXSOL15M-26OCT042145-45,0.0020,30.00,yes
2026-10-05T01:43:01.057186Z,KXSOL15M-26OCT042145-45,0.0020,29.99,yes
2026-10-05T01:43:01.057186Z,KXSOL15M-26OCT042145-45,0.0020,48.00,yes
2026-10-05T01:43:01.057186Z,KXSOL15M-26OCT042145-45,0.0030,74.56,yes
2026-10-05T01:43:01.057186Z,KXSOL15M-26OCT042145-45,0.0030,162.27,yes
2026-10-05T01:43:01.60239Z,KXSOL15M-26OCT042145-45,0.0020,1.00,yes
2026-10-05T01:43:01.60239Z,KXSOL15M-26OCT042145-45,0.0020,71.00,yes
2026-10-05T01:43:01.60239Z,KXSOL15M-26OCT042145-45,0.0020,1.00,yes
2026-10-05T01:43:02.680017Z,KXSOL15M-26OCT042145-45,0.0020,5.00,no
2026-10-05T01:43:02.953006Z,KXSOL15M-26OCT042145-45,0.0020,3.00,no
2026-10-05T01:43:02.953006Z,KXSOL15M-26OCT042145-45,0.0020,37.00,no
2026-10-05T01:43:03.018798Z,KXSOL15M-26OCT042145-45,0.0010,1.00,no
2026-10-05T01:43:03.98859Z,KXSOL15M-26OCT042145-45,0.0010,141.26,no
2026-10-05T01:43:06.109937Z,KXSOL15M-26OCT042145-45,0.0020,39.99,yes
2026-10-05T01:43:06.109937Z,KXSOL15M-26OCT042145-45,0.0020,40.00,yes
2026-10-05T01:43:06.109937Z,KXSOL15M-26OCT042145-45,0.0030,255.52,yes
2026-10-05T01:43:08.415788Z,KXSOL15M-26OCT042145-45,0.0020,31.00,yes
2026-10-05T01:43:08.415788Z,KXSOL15M-26OCT042145-45,0.0020,31.00,yes
2026-10-05T01:43:08.415788Z,KXSOL15M-26OCT042145-45,0.0020,267.01,yes
2026-10-05T01:43:08.415788Z,KXSOL15M-26OCT042145-45,0.0020,129.00,yes
2026-10-05T01:43:10.887678Z,KXSOL15M-26OCT042145-45,0.0020,45.80,yes
2026-10-05T01:43:11.300834Z,KXSOL15M-26OCT042145-45,0.0030,171.39,yes
2026-10-05T01:43:11.300834Z,KXSOL15M-26OCT042145-45,0.0020,166.89,yes
2026-10-05T01:43:11.300834Z,KXSOL15M-26OCT042145-45,0.0020,43.20,yes
2026-10-05T01:43:13.848968Z,KXSOL15M-26OCT042145-45,0.0020,4.59,yes
2026-10-05T01:43:14.222885Z,KXSOL15M-26OCT042145-45,0.0010,123.85,no
2026-10-05T01:43:17.609795Z,KXSOL15M-26OCT042145-45,0.0010,11.01,no
2026-10-05T01:43:20.617213Z,KXSOL15M-26OCT042145-45,0.0010,1.00,no
2026-10-05T01:43:20.617213Z,KXSOL15M-26OCT042145-45,0.0010,32.00,no
2026-10-05T01:43:20.617213Z,KXSOL15M-26OCT042145-45,0.0010,38.00,no
2026-10-05T01:43:20.617213Z,KXSOL15M-26OCT042145-45,0.0010,3.00,no
2026-10-05T01:43:20.617213Z,KXSOL15M-26OCT042145-45,0.0010,500.00,no
2026-10-05T01:43:20.617213Z,KXSOL15M-26OCT042145-45,0.0010,75.00,no
2026-10-05T01:43:20.617213Z,KXSOL15M-26OCT042145-45,0.0010,1.00,no
2026-10-05T01:43:20.617213Z,KXSOL15M-26OCT042145-45,0.0010,200.00,no
2026-10-05T01:43:20.617213Z,KXSOL15M-26OCT042145-45,0.0010,1.00,no
2026-10-05T01:43:20.617213Z,KXSOL15M-26OCT042145-45,0.0010,40.00,no
2026-10-05T01:43:20.617213Z,KXSOL15M-26OCT042145-45,0.0010,350.00,no
2026-10-05T01:43:26.898746Z,KXSOL15M-26OCT042145-45,0.0010,99.00,yes
2026-10-05T01:43:26.898746Z,KXSOL15M-26OCT042145-45,0.0010,72.82,yes
2026-10-05T01:43:26.898746Z,KXSOL15M-26OCT042145-45,0.0020,144.89,yes
2026-10-05T01:43:26.898746Z,KXSOL15M-26OCT042145-45,0.0010,123.85,yes
2026-10-05T01:43:26.898746Z,KXSOL15M-26OCT042145-45,0.0010,200.00,yes
2026-10-05T01:43:26.898746Z,KXSOL15M-26OCT042145-45,0.0010,141.26,yes
2026-10-05T01:43:31.722464Z,KXSOL15M-26OCT042145-45,0.0020,5.01,yes
2026-10-05T01:43:38.899225Z,KXSOL15M-26OCT042145-45,0.0010,100.00,yes
2026-10-05T01:43:38.899225Z,KXSOL15M-26OCT042145-45,0.0010,1.00,yes
2026-10-05T01:43:38.899225Z,KXSOL15M-26OCT042145-45,0.0010,153.00,yes
2026-10-05T01:43:38.899225Z,KXSOL15M-26OCT042145-45,0.0010,148.00,yes
2026-10-05T01:43:38.899225Z,KXSOL15M-26OCT042145-45,0.0020,346.34,yes
2026-10-05T01:43:38.899225Z,KXSOL15M-26OCT042145-45,0.0020,850.10,yes
2026-10-05T01:43:38.927858Z,KXSOL15M-26OCT042145-45,0.0010,200.00,no
2026-10-05T01:43:38.945402Z,KXSOL15M-26OCT042145-45,0.0010,146.00,no
2026-10-05T01:43:38.959847Z,KXSOL15M-26OCT042145-45,0.0010,37.66,no
2026-10-05T01:43:38.959847Z,KXSOL15M-26OCT042145-45,0.0010,0.34,no
2026-10-05T01:43:42.220666Z,KXSOL15M-26OCT042145-45,0.0020,58.00,yes
2026-10-05T01:43:42.220666Z,KXSOL15M-26OCT042145-45,0.0020,146.00,yes
2026-10-05T01:43:42.220666Z,KXSOL15M-26OCT042145-45,0.0020,200.00,yes
2026-10-05T01:43:42.220666Z,KXSOL15M-26OCT042145-45,0.0020,0.34,yes
2026-10-05T01:43:42.220666Z,KXSOL15M-26OCT042145-45,0.0030,396.53,yes
2026-10-05T01:43:42.220666Z,KXSOL15M-26OCT042145-45,0.0040,120.00,yes
2026-10-05T01:43:42.220666Z,KXSOL15M-26OCT042145-45,0.0040,320.15,yes
2026-10-05T01:43:42.220666Z,KXSOL15M-26OCT042145-45,0.0040,23.28,yes
2026-10-05T01:43:42.220666Z,KXSOL15M-26OCT042145-45,0.0040,6.15,yes
2026-10-05T01:43:42.220666Z,KXSOL15M-26OCT042145-45,0.0020,40.00,yes
2026-10-05T01:43:42.220666Z,KXSOL15M-26OCT042145-45,0.0020,200.00,yes
2026-10-05T01:43:42.220666Z,KXSOL15M-26OCT042145-45,0.0020,153.66,yes
2026-10-05T01:43:42.220666Z,KXSOL15M-26OCT042145-45,0.0040,0.16,yes
2026-10-05T01:43:42.254527Z,KXSOL15M-26OCT042145-45,0.0010,7.00,no
2026-10-05T01:43:42.271991Z,KXSOL15M-26OCT042145-45,0.0010,146.00,no
2026-10-05T01:43:42.295559Z,KXSOL15M-26OCT042145-45,0.0010,0.66,no
2026-10-05T01:43:42.295559Z,KXSOL15M-26OCT042145-45,0.0010,0.34,no
2026-10-05T01:43:42.605886Z,KXSOL15M-26OCT042145-45,0.0010,166.00,no
2026-10-05T01:43:44.823095Z,KXSOL15M-26OCT042145-45,0.0010,19.34,no
2026-10-05T01:43:44.823095Z,KXSOL15M-26OCT042145-45,0.0010,33.66,no
2026-10-05T01:43:45.755493Z,KXSOL15M-26OCT042145-45,0.0010,0.34,no
2026-10-05T01:43:45.755493Z,KXSOL15M-26OCT042145-45,0.0010,18.66,no
2026-10-05T01:43:45.755493Z,KXSOL15M-26OCT042145-45,0.0010,146.00,no
2026-10-05T01:43:45.755493Z,KXSOL15M-26OCT042145-45,0.0010,260.00,no
2026-10-05T01:43:47.463992Z,KXSOL15M-26OCT042145-45,0.0010,18.66,no
2026-10-05T01:43:47.463992Z,KXSOL15M-26OCT042145-45,0.0010,19.34,no
2026-10-05T01:43:47.463992Z,KXSOL15M-26OCT042145-45,0.0010,60.15,no
2026-10-05T01:43:53.682742Z,KXSOL15M-26OCT042145-45,0.0020,0.34,yes
2026-10-05T01:43:53.682742Z,KXSOL15M-26OCT042145-45,0.0020,39.00,yes
2026-10-05T01:43:53.682742Z,KXSOL15M-26OCT042145-45,0.0020,0.66,yes
2026-10-05T01:44:13.51117Z,KXSOL15M-26OCT042145-45,0.0080,25.00,yes
2026-10-05T01:44:13.51117Z,KXSOL15M-26OCT042145-45,0.0080,8.00,yes
2026-10-05T01:44:13.51117Z,KXSOL15M-26OCT042145-45,0.0080,9.00,yes
2026-10-05T01:44:13.51117Z,KXSOL15M-26OCT042145-45,0.0010,6338.43,yes
2026-10-05T01:44:13.51117Z,KXSOL15M-26OCT042145-45,0.0030,33.66,yes
2026-10-05T01:44:13.51117Z,KXSOL15M-26OCT042145-45,0.0030,7.00,yes
2026-10-05T01:44:13.51117Z,KXSOL15M-26OCT042145-45,0.0030,166.00,yes
2026-10-05T01:44:13.51117Z,KXSOL15M-26OCT042145-45,0.0030,146.00,yes
2026-10-05T01:44:13.51117Z,KXSOL15M-26OCT042145-45,0.0030,146.00,yes
2026-10-05T01:44:13.51117Z,KXSOL15M-26OCT042145-45,0.0030,0.34,yes
2026-10-05T01:44:13.51117Z,KXSOL15M-26OCT042145-45,0.0070,21.00,yes
2026-10-05T01:44:13.51117Z,KXSOL15M-26OCT042145-45,0.0010,12.00,yes
2026-10-05T01:44:13.51117Z,KXSOL15M-26OCT042145-45,0.0040,71.00,yes
2026-10-05T01:44:13.51117Z,KXSOL15M-26OCT042145-45,0.0060,71.00,yes
2026-10-05T01:44:13.51117Z,KXSOL15M-26OCT042145-45,0.0020,71.00,yes
2026-10-05T01:44:13.51117Z,KXSOL15M-26OCT042145-45,0.0010,71.00,yes
2026-10-05T01:44:13.51117Z,KXSOL15M-26OCT042145-45,0.0020,2500.00,yes
2026-10-05T01:44:13.51117Z,KXSOL15M-26OCT042145-45,0.0010,600.00,yes
2026-10-05T01:44:13.51117Z,KXSOL15M-26OCT042145-45,0.0060,30.00,yes
2026-10-05T01:44:13.51117Z,KXSOL15M-26OCT042145-45,0.0080,9.00,yes
2026-10-05T01:44:13.51117Z,KXSOL15M-26OCT042145-45,0.0080,26.00,yes
2026-10-05T01:44:13.51117Z,KXSOL15M-26OCT042145-45,0.0080,31.00,yes
2026-10-05T01:44:13.51117Z,KXSOL15M-26OCT042145-45,0.0080,2.00,yes
2026-10-05T01:44:13.51117Z,KXSOL15M-26OCT042145-45,0.0050,120.00,yes
2026-10-05T01:44:13.51117Z,KXSOL15M-26OCT042145-45,0.0070,120.00,yes
2026-10-05T01:44:13.51117Z,KXSOL15M-26OCT042145-45,0.0060,120.00,yes
2026-10-05T01:44:13.51117Z,KXSOL15M-26OCT042145-45,0.0080,19.00,yes
2026-10-05T01:44:13.51117Z,KXSOL15M-26OCT042145-45,0.0080,367.76,yes
2026-10-05T01:44:13.51117Z,KXSOL15M-26OCT042145-45,0.0050,100.00,yes
2026-10-05T01:44:13.51117Z,KXSOL15M-26OCT042145-45,0.0040,500.00,yes
2026-10-05T01:44:13.90816Z,KXSOL15M-26OCT042145-45,0.0020,200.00,no
2026-10-05T01:44:13.916172Z,KXSOL15M-26OCT042145-45,0.0020,1.00,no
2026-10-05T01:44:13.921767Z,KXSOL15M-26OCT042145-45,0.0020,200.00,no
2026-10-05T01:44:13.941505Z,KXSOL15M-26OCT042145-45,0.0020,99.00,no
2026-10-05T01:44:26.304261Z,KXSOL15M-26OCT042145-45,0.0010,25.04,yes
2026-10-05T01:44:31.462553Z,KXSOL15M-26OCT042145-45,0.0010,1.07,yes
2026-10-05T01:44:48.682476Z,KXSOL15M-26OCT042145-45,0.0010,711.88,yes
2026-10-05T01:44:48.682476Z,KXSOL15M-26OCT042145-45,0.0010,592.93,yes
2026-10-05T01:44:48.682476Z,KXSOL15M-26OCT042145-45,0.0010,55.19,yes
2026-10-05T01:40:38.049696Z,KXDOGE15M-26OCT042145-45,0.0190,12.75,yes
2026-10-05T01:40:38.049696Z,KXDOGE15M-26OCT042145-45,0.0190,10.13,yes
2026-10-05T01:40:38.049696Z,KXDOGE15M-26OCT042145-45,0.0190,1.09,yes
2026-10-05T01:40:38.049696Z,KXDOGE15M-26OCT042145-45,0.0190,3.59,yes
2026-10-05T01:40:38.049696Z,KXDOGE15M-26OCT042145-45,0.0190,0.25,yes
2026-10-05T01:40:38.049696Z,KXDOGE15M-26OCT042145-45,0.0190,6.35,yes
2026-10-05T01:40:38.049696Z,KXDOGE15M-26OCT042145-45,0.0190,0.15,yes
2026-10-05T01:40:38.049696Z,KXDOGE15M-26OCT042145-45,0.0190,6.57,yes
2026-10-05T01:40:38.049696Z,KXDOGE15M-26OCT042145-45,0.0190,7.38,yes
2026-10-05T01:40:39.137096Z,KXDOGE15M-26OCT042145-45,0.0200,10.00,yes
2026-10-05T01:40:39.137096Z,KXDOGE15M-26OCT042145-45,0.0200,3.00,yes
2026-10-05T01:40:39.137096Z,KXDOGE15M-26OCT042145-45,0.0200,5.26,yes
2026-10-05T01:40:39.137096Z,KXDOGE15M-26OCT042145-45,0.0190,29.74,yes
2026-10-05T01:40:39.137096Z,KXDOGE15M-26OCT042145-45,0.0200,0.01,yes
2026-10-05T01:40:40.094498Z,KXDOGE15M-26OCT042145-45,0.0200,145.82,yes
2026-10-05T01:40:40.094498Z,KXDOGE15M-26OCT042145-45,0.0200,14.74,yes
2026-10-05T01:40:40.381868Z,KXDOGE15M-26OCT042145-45,0.0200,0.46,yes
2026-10-05T01:40:42.225105Z,KXDOGE15M-26OCT042145-45,0.0130,1.64,no
2026-10-05T01:40:42.225105Z,KXDOGE15M-26OCT042145-45,0.0130,3.36,no
2026-10-05T01:40:51.073191Z,KXDOGE15M-26OCT042145-45,0.0190,0.03,yes
2026-10-05T01:40:51.073191Z,KXDOGE15M-26OCT042145-45,0.0200,133.61,yes
2026-10-05T01:40:51.073191Z,KXDOGE15M-26OCT042145-45,0.0200,3.00,yes
2026-10-05T01:40:51.073191Z,KXDOGE15M-26OCT042145-45,0.0200,20.64,yes
2026-10-05T01:40:51.073191Z,KXDOGE15M-26OCT042145-45,0.0190,3.36,yes
2026-10-05T01:40:51.073191Z,KXDOGE15M-26OCT042145-45,0.0190,1.64,yes
2026-10-05T01:40:51.073191Z,KXDOGE15M-26OCT042145-45,0.0200,0.01,yes
2026-10-05T01:40:52.609494Z,KXDOGE15M-26OCT042145-45,0.0150,5.00,no
2026-10-05T01:40:52.668259Z,KXDOGE15M-26OCT042145-45,0.0150,15.64,no
2026-10-05T01:40:52.668259Z,KXDOGE15M-26OCT042145-45,0.0150,0.03,no
2026-10-05T01:40:52.668259Z,KXDOGE15M-26OCT042145-45,0.0140,0.03,no
2026-10-05T01:40:52.668259Z,KXDOGE15M-26OCT042145-45,0.0140,22.00,no
2026-10-05T01:40:52.668259Z,KXDOGE15M-26OCT042145-45,0.0130,4.10,no
2026-10-05T01:40:52.668259Z,KXDOGE15M-26OCT042145-45,0.0130,3.87,no
2026-10-05T01:40:52.668259Z,KXDOGE15M-26OCT042145-45,0.0130,0.20,no
2026-10-05T01:40:52.668259Z,KXDOGE15M-26OCT042145-45,0.0130,1.00,no
2026-10-05T01:40:52.668259Z,KXDOGE15M-26OCT042145-45,0.0130,4.92,no
2026-10-05T01:40:52.668259Z,KXDOGE15M-26OCT042145-45,0.0130,15.44,no
2026-10-05T01:40:52.668259Z,KXDOGE15M-26OCT042145-45,0.0130,17.36,no
2026-10-05T01:40:52.668259Z,KXDOGE15M-26OCT042145-45,0.0130,0.03,no
2026-10-05T01:40:52.668259Z,KXDOGE15M-26OCT042145-45,0.0130,11.52,no
2026-10-05T01:40:52.668259Z,KXDOGE15M-26OCT042145-45,0.0130,0.72,no
2026-10-05T01:40:52.668259Z,KXDOGE15M-26OCT042145-45,0.0130,0.30,no
2026-10-05T01:40:52.668259Z,KXDOGE15M-26OCT042145-45,0.0130,1.67,no
2026-10-05T01:40:52.668259Z,KXDOGE15M-26OCT042145-45,0.0130,7.31,no
2026-10-05T01:40:52.668259Z,KXDOGE15M-26OCT042145-45,0.0130,1.95,no
2026-10-05T01:40:52.668259Z,KXDOGE15M-26OCT042145-45,0.0130,0.51,no
2026-10-05T01:40:52.668259Z,KXDOGE15M-26OCT042145-45,0.0130,1.15,no
2026-10-05T01:40:52.668259Z,KXDOGE15M-26OCT042145-45,0.0130,9.00,no
2026-10-05T01:40:52.668259Z,KXDOGE15M-26OCT042145-45,0.0130,2.46,no
2026-10-05T01:40:52.668259Z,KXDOGE15M-26OCT042145-45,0.0130,0.50,no
2026-10-05T01:41:00.986872Z,KXDOGE15M-26OCT042145-45,0.0130,1.00,no
2026-10-05T01:41:01.080891Z,KXDOGE15M-26OCT042145-45,0.0130,5.02,no
2026-10-05T01:41:01.080891Z,KXDOGE15M-26OCT042145-45,0.0130,3.59,no
2026-10-05T01:41:01.080891Z,KXDOGE15M-26OCT042145-45,0.0130,10.13,no
2026-10-05T01:41:01.080891Z,KXDOGE15M-26OCT042145-45,0.0130,6.35,no
2026-10-05T01:41:01.080891Z,KXDOGE15M-26OCT042145-45,0.0130,1.09,no
2026-10-05T01:41:01.080891Z,KXDOGE15M-26OCT042145-45,0.0130,0.15,no
2026-10-05T01:41:01.080891Z,KXDOGE15M-26OCT042145-45,0.0130,6.57,no
2026-10-05T01:41:01.080891Z,KXDOGE15M-26OCT042145-45,0.0130,7.38,no
2026-10-05T01:41:01.080891Z,KXDOGE15M-26OCT042145-45,0.0130,15.72,no
2026-10-05T01:41:01.095759Z,KXDOGE15M-26OCT042145-45,0.0110,0.03,no
2026-10-05T01:41:01.095759Z,KXDOGE15M-26OCT042145-45,0.0130,14.02,no
2026-10-05T01:41:01.095759Z,KXDOGE15M-26OCT042145-45,0.0100,3.00,no
2026-10-05T01:41:01.095759Z,KXDOGE15M-26OCT042145-45,0.0100,0.03,no
2026-10-05T01:41:01.095759Z,KXDOGE15M-26OCT042145-45,0.0100,5.89,no
2026-10-05T01:41:01.095759Z,KXDOGE15M-26OCT042145-45,0.0130,3.36,no
2026-10-05T01:41:01.095759Z,KXDOGE15M-26OCT042145-45,0.0110,3.00,no
2026-10-05T01:41:01.095759Z,KXDOGE15M-26OCT042145-45,0.0130,1.64,no
2026-10-05T01:41:01.095759Z,KXDOGE15M-26OCT042145-45,0.0130,0.03,no
2026-10-05T01:41:01.095759Z,KXDOGE15M-26OCT042145-45,0.0110,22.00,no
2026-10-05T01:41:01.10802Z,KXDOGE15M-26OCT042145-45,0.0100,19.00,no
2026-10-05T01:41:02.053078Z,KXDOGE15M-26OCT042145-45,0.0100,50.11,no
2026-10-05T01:41:02.053078Z,KXDOGE15M-26OCT042145-45,0.0100,49.86,no
2026-10-05T01:41:02.053078Z,KXDOGE15M-26OCT042145-45,0.0100,0.03,no
2026-10-05T01:41:02.106978Z,KXDOGE15M-26OCT042145-45,0.0100,619.00,no
2026-10-05T01:41:02.121411Z,KXDOGE15M-26OCT042145-45,0.0080,0.03,no
2026-10-05T01:41:02.121411Z,KXDOGE15M-26OCT042145-45,0.0090,0.03,no
2026-10-05T01:41:02.121411Z,KXDOGE15M-26OCT042145-45,0.0100,111.14,no
2026-10-05T01:41:02.121411Z,KXDOGE15M-26OCT042145-45,0.0080,3.00,no
2026-10-05T01:41:02.121411Z,KXDOGE15M-26OCT042145-45,0.0060,34.00,no
2026-10-05T01:41:02.121411Z,KXDOGE15M-26OCT042145-45,0.0090,3.00,no
2026-10-05T01:41:02.121411Z,KXDOGE15M-26OCT042145-45,0.0090,2.00,no
2026-10-05T01:41:02.121411Z,KXDOGE15M-26OCT042145-45,0.0080,10.00,no
2026-10-05T01:41:02.121411Z,KXDOGE15M-26OCT042145-45,0.0080,9.00,no
2026-10-05T01:41:02.121411Z,KXDOGE15M-26OCT042145-45,0.0060,0.03,no
2026-10-05T01:41:02.121411Z,KXDOGE15M-26OCT042145-45,0.0070,0.03,no
2026-10-05T01:41:02.121411Z,KXDOGE15M-26OCT042145-45,0.0080,0.15,no
2026-10-05T01:41:02.121411Z,KXDOGE15M-26OCT042145-45,0.0080,5.00,no
2026-10-05T01:41:02.121411Z,KXDOGE15M-26OCT042145-45,0.0060,5.00,no
2026-10-05T01:41:02.121411Z,KXDOGE15M-26OCT042145-45,0.0070,5.00,no
2026-10-05T01:41:02.121411Z,KXDOGE15M-26OCT042145-45,0.0050,8.00,no
2026-10-05T01:41:02.121411Z,KXDOGE15M-26OCT042145-45,0.0050,71.59,no
2026-10-05T01:41:02.121411Z,KXDOGE15M-26OCT042145-45,0.0050,1.00,no
2026-10-05T01:41:02.302191Z,KXDOGE15M-26OCT042145-45,0.0100,30.00,no
2026-10-05T01:41:02.619633Z,KXDOGE15M-26OCT042145-45,0.0100,5.00,no
2026-10-05T01:41:03.902822Z,KXDOGE15M-26OCT042145-45,0.0090,0.03,no
2026-10-05T01:41:03.902822Z,KXDOGE15M-26OCT042145-45,0.0090,24.00,no
2026-10-05T01:41:03.902822Z,KXDOGE15M-26OCT042145-45,0.0100,0.03,no
2026-10-05T01:41:03.902822Z,KXDOGE15M-26OCT042145-45,0.0100,40.00,no
2026-10-05T01:41:04.418294Z,KXDOGE15M-26OCT042145-45,0.0080,109.00,no
2026-10-05T01:41:06.997051Z,KXDOGE15M-26OCT042145-45,0.0070,2.00,no
2026-10-05T01:41:06.997051Z,KXDOGE15M-26OCT042145-45,0.0070,72.97,no
2026-10-05T01:41:06.997051Z,KXDOGE15M-26OCT042145-45,0.0080,25.00,no
2026-10-05T01:41:06.997051Z,KXDOGE15M-26OCT042145-45,0.0080,0.03,no
2026-10-05T01:41:13.55993Z,KXDOGE15M-26OCT042145-45,0.0060,28.66,no
2026-10-05T01:41:13.848986Z,KXDOGE15M-26OCT042145-45,0.0090,19.00,yes
2026-10-05T01:41:13.848986Z,KXDOGE15M-26OCT042145-45,0.0090,5.89,yes
2026-10-05T01:41:13.848986Z,KXDOGE15M-26OCT042145-45,0.0090,35.93,yes
2026-10-05T01:41:13.848986Z,KXDOGE15M-26OCT042145-45,0.0090,0.01,yes
2026-10-05T01:41:13.848986Z,KXDOGE15M-26OCT042145-45,0.0090,5.00,yes
2026-10-05T01:41:13.848986Z,KXDOGE15M-26OCT042145-45,0.0090,5.00,yes
2026-10-05T01:41:13.848986Z,KXDOGE15M-26OCT042145-45,0.0090,5.00,yes
2026-10-05T01:41:13.848986Z,KXDOGE15M-26OCT042145-45,0.0090,26.00,yes
2026-10-05T01:41:16.684124Z,KXDOGE15M-26OCT042145-45,0.0060,1.00,no
2026-10-05T01:41:19.663698Z,KXDOGE15M-26OCT042145-45,0.0080,7.00,yes
2026-10-05T01:41:20.129583Z,KXDOGE15M-26OCT042145-45,0.0080,10.00,no
2026-10-05T01:41:20.129583Z,KXDOGE15M-26OCT042145-45,0.0060,34.00,no
2026-10-05T01:41:20.129583Z,KXDOGE15M-26OCT042145-45,0.0050,217.85,no
2026-10-05T01:41:20.343253Z,KXDOGE15M-26OCT042145-45,0.0080,10.00,no
2026-10-05T01:41:22.685538Z,KXDOGE15M-26OCT042145-45,0.0080,10.00,no
2026-10-05T01:41:22.685538Z,KXDOGE15M-26OCT042145-45,0.0060,21.63,no
2026-10-05T01:41:23.892083Z,KXDOGE15M-26OCT042145-45,0.0080,11.45,yes
2026-10-05T01:41:26.473051Z,KXDOGE15M-26OCT042145-45,0.0080,5.00,yes
2026-10-05T01:41:26.473051Z,KXDOGE15M-26OCT042145-45,0.0090,14.18,yes
2026-10-05T01:41:26.473051Z,KXDOGE15M-26OCT042145-45,0.0080,18.55,yes
2026-10-05T01:41:26.473051Z,KXDOGE15M-26OCT042145-45,0.0080,40.00,yes
2026-10-05T01:41:26.473051Z,KXDOGE15M-26OCT042145-45,0.0090,7.00,yes
2026-10-05T01:41:26.473051Z,KXDOGE15M-26OCT042145-45,0.0100,15.27,yes
2026-10-05T01:41:31.575774Z,KXDOGE15M-26OCT042145-45,0.0100,0.93,yes
2026-10-05T01:41:33.088744Z,KXDOGE15M-26OCT042145-45,0.0100,35.00,yes
2026-10-05T01:41:41.65278Z,KXDOGE15M-26OCT042145-45,0.0140,2.00,yes
2026-10-05T01:41:41.65278Z,KXDOGE15M-26OCT042145-45,0.0120,1.00,yes
2026-10-05T01:41:41.65278Z,KXDOGE15M-26OCT042145-45,0.0170,2.00,yes
2026-10-05T01:41:41.65278Z,KXDOGE15M-26OCT042145-45,0.0180,2.00,yes
2026-10-05T01:41:41.65278Z,KXDOGE15M-26OCT042145-45,0.0160,2.00,yes
2026-10-05T01:41:41.65278Z,KXDOGE15M-26OCT042145-45,0.0150,2.00,yes
2026-10-05T01:41:41.65278Z,KXDOGE15M-26OCT042145-45,0.0100,27.00,yes
2026-10-05T01:41:41.65278Z,KXDOGE15M-26OCT042145-45,0.0130,2.00,yes
2026-10-05T01:41:41.65278Z,KXDOGE15M-26OCT042145-45,0.0160,3.00,yes
2026-10-05T01:41:41.65278Z,KXDOGE15M-26OCT042145-45,0.0140,3.00,yes
2026-10-05T01:41:41.65278Z,KXDOGE15M-26OCT042145-45,0.0100,29.80,yes
2026-10-05T01:41:41.65278Z,KXDOGE15M-26OCT042145-45,0.0130,3.00,yes
2026-10-05T01:41:41.65278Z,KXDOGE15M-26OCT042145-45,0.0180,3.00,yes
2026-10-05T01:41:41.65278Z,KXDOGE15M-26OCT042145-45,0.0150,3.00,yes
2026-10-05T01:41:41.65278Z,KXDOGE15M-26OCT042145-45,0.0170,3.00,yes
2026-10-05T01:41:41.65278Z,KXDOGE15M-26OCT042145-45,0.0100,100.00,yes
2026-10-05T01:41:41.65278Z,KXDOGE15M-26OCT042145-45,0.0150,3.00,yes
2026-10-05T01:41:41.65278Z,KXDOGE15M-26OCT042145-45,0.0140,1.00,yes
2026-10-05T01:41:41.65278Z,KXDOGE15M-26OCT042145-45,0.0130,1.00,yes
2026-10-05T01:41:41.65278Z,KXDOGE15M-26OCT042145-45,0.0150,1.00,yes
2026-10-05T01:41:41.65278Z,KXDOGE15M-26OCT042145-45,0.0100,7.00,yes
2026-10-05T01:41:41.65278Z,KXDOGE15M-26OCT042145-45,0.0180,1.00,yes
2026-10-05T01:41:41.65278Z,KXDOGE15M-26OCT042145-45,0.0170,1.00,yes
2026-10-05T01:41:41.65278Z,KXDOGE15M-26OCT042145-45,0.0160,1.00,yes
2026-10-05T01:41:41.65278Z,KXDOGE15M-26OCT042145-45,0.0110,1.00,yes
2026-10-05T01:41:41.65278Z,KXDOGE15M-26OCT042145-45,0.0100,1.00,yes
2026-10-05T01:41:41.65278Z,KXDOGE15M-26OCT042145-45,0.0190,2.46,yes
2026-10-05T01:41:41.65278Z,KXDOGE15M-26OCT042145-45,0.0190,1.15,yes
2026-10-05T01:41:41.65278Z,KXDOGE15M-26OCT042145-45,0.0190,1.00,yes
2026-10-05T01:41:41.65278Z,KXDOGE15M-26OCT042145-45,0.0180,45.00,yes
2026-10-05T01:41:41.65278Z,KXDOGE15M-26OCT042145-45,0.0190,0.51,yes
2026-10-05T01:41:41.65278Z,KXDOGE15M-26OCT042145-45,0.0190,0.72,yes
2026-10-05T01:41:41.65278Z,KXDOGE15M-26OCT042145-45,0.0190,0.20,yes
2026-10-05T01:41:41.65278Z,KXDOGE15M-26OCT042145-45,0.0190,17.36,yes
2026-10-05T01:41:41.65278Z,KXDOGE15M-26OCT042145-45,0.0190,15.44,yes
2026-10-05T01:41:41.65278Z,KXDOGE15M-26OCT042145-45,0.0190,0.30,yes
2026-10-05T01:41:41.65278Z,KXDOGE15M-26OCT042145-45,0.0190,9.00,yes
2026-10-05T01:41:41.65278Z,KXDOGE15M-26OCT042145-45,0.0190,0.50,yes
2026-10-05T01:41:41.65278Z,KXDOGE15M-26OCT042145-45,0.0190,1.67,yes
2026-10-05T01:41:41.65278Z,KXDOGE15M-26OCT042145-45,0.0190,11.52,yes
2026-10-05T01:41:41.65278Z,KXDOGE15M-26OCT042145-45,0.0190,1.95,yes
2026-10-05T01:41:41.65278Z,KXDOGE15M-26OCT042145-45,0.0190,7.31,yes
2026-10-05T01:41:41.65278Z,KXDOGE15M-26OCT042145-45,0.0190,4.92,yes
2026-10-05T01:41:41.65278Z,KXDOGE15M-26OCT042145-45,0.0190,3.87,yes
2026-10-05T01:41:41.65278Z,KXDOGE15M-26OCT042145-45,0.0190,4.10,yes
2026-10-05T01:41:41.65278Z,KXDOGE15M-26OCT042145-45,0.0190,1.00,yes
2026-10-05T01:41:41.65278Z,KXDOGE15M-26OCT042145-45,0.0190,2.09,yes
2026-10-05T01:41:41.65278Z,KXDOGE15M-26OCT042145-45,0.0190,5.02,yes
2026-10-05T01:41:41.65278Z,KXDOGE15M-26OCT042145-45,0.0160,10.00,yes
2026-10-05T01:41:41.65278Z,KXDOGE15M-26OCT042145-45,0.0140,0.03,yes
2026-10-05T01:41:41.65278Z,KXDOGE15M-26OCT042145-45,0.0130,0.03,yes
2026-10-05T01:41:41.65278Z,KXDOGE15M-26OCT042145-45,0.0100,30.00,yes
2026-10-05T01:41:41.65278Z,KXDOGE15M-26OCT042145-45,0.0150,9.00,yes
2026-10-05T01:41:41.65278Z,KXDOGE15M-26OCT042145-45,0.0150,0.03,yes
2026-10-05T01:41:41.65278Z,KXDOGE15M-26OCT042145-45,0.0100,10.00,yes
2026-10-05T01:41:41.65278Z,KXDOGE15M-26OCT042145-45,0.0140,3.00,yes
2026-10-05T01:41:46.247356Z,KXDOGE15M-26OCT042145-45,0.0190,8.04,yes
2026-10-05T01:41:46.247356Z,KXDOGE15M-26OCT042145-45,0.0190,1.09,yes
2026-10-05T01:41:46.247356Z,KXDOGE15M-26OCT042145-45,0.0190,0.15,yes
2026-10-05T01:41:46.247356Z,KXDOGE15M-26OCT042145-45,0.0190,10.17,yes
2026-10-05T01:41:46.247356Z,KXDOGE15M-26OCT042145-45,0.0190,6.35,yes
2026-10-05T01:41:46.247356Z,KXDOGE15M-26OCT042145-45,0.0190,6.57,yes
2026-10-05T01:41:46.247356Z,KXDOGE15M-26OCT042145-45,0.0190,3.59,yes
2026-10-05T01:41:46.247356Z,KXDOGE15M-26OCT042145-45,0.0190,7.38,yes
2026-10-05T01:41:46.247356Z,KXDOGE15M-26OCT042145-45,0.0170,3.00,yes
2026-10-05T01:41:46.247356Z,KXDOGE15M-26OCT042145-45,0.0160,3.00,yes
2026-10-05T01:41:48.730926Z,KXDOGE15M-26OCT042145-45,0.0190,4.00,yes
2026-10-05T01:41:48.730926Z,KXDOGE15M-26OCT042145-45,0.0190,2.00,yes
2026-10-05T01:41:48.730926Z,KXDOGE15M-26OCT042145-45,0.0190,5.55,yes
2026-10-05T01:41:48.730926Z,KXDOGE15M-26OCT042145-45,0.0190,1.64,yes
2026-10-05T01:41:48.730926Z,KXDOGE15M-26OCT042145-45,0.0190,3.36,yes
2026-10-05T01:41:48.730926Z,KXDOGE15M-26OCT042145-45,0.0190,14.02,yes
2026-10-05T01:41:48.730926Z,KXDOGE15M-26OCT042145-45,0.0200,122.40,yes
2026-10-05T01:41:48.730926Z,KXDOGE15M-26OCT042145-45,0.0180,45.00,yes
2026-10-05T01:41:48.730926Z,KXDOGE15M-26OCT042145-45,0.0190,3.00,yes
2026-10-05T01:41:48.730926Z,KXDOGE15M-26OCT042145-45,0.0180,3.00,yes
2026-10-05T01:41:56.98876Z,KXDOGE15M-26OCT042145-45,0.0130,0.81,no
2026-10-05T01:41:56.98876Z,KXDOGE15M-26OCT042145-45,0.0130,0.20,no
2026-10-05T01:42:00.48831Z,KXDOGE15M-26OCT042145-45,0.0130,1.00,no
2026-10-05T01:42:00.654262Z,KXDOGE15M-26OCT042145-45,0.0130,11.52,no
2026-10-05T01:42:00.654262Z,KXDOGE15M-26OCT042145-45,0.0130,9.00,no
2026-10-05T01:42:00.654262Z,KXDOGE15M-26OCT042145-45,0.0130,2.35,no
2026-10-05T01:42:00.654262Z,KXDOGE15M-26OCT042145-45,0.0130,0.51,no
2026-10-05T01:42:00.654262Z,KXDOGE15M-26OCT042145-45,0.0130,0.30,no
2026-10-05T01:42:00.654262Z,KXDOGE15M-26OCT042145-45,0.0130,17.36,no
2026-10-05T01:42:00.654262Z,KXDOGE15M-26OCT042145-45,0.0130,0.72,no
2026-10-05T01:42:00.654262Z,KXDOGE15M-26OCT042145-45,0.0130,13.63,no
2026-10-05T01:42:00.654262Z,KXDOGE15M-26OCT042145-45,0.0130,2.46,no
2026-10-05T01:42:00.654262Z,KXDOGE15M-26OCT042145-45,0.0130,1.15,no
2026-10-05T01:42:00.654262Z,KXDOGE15M-26OCT042145-45,0.0130,1.00,no
2026-10-05T01:42:00.94319Z,KXDOGE15M-26OCT042145-45,0.0130,1.00,no
2026-10-05T01:42:01.057289Z,KXDOGE15M-26OCT042145-45,0.0070,32.00,no
2026-10-05T01:42:01.057289Z,KXDOGE15M-26OCT042145-45,0.0100,0.01,no
2026-10-05T01:42:01.057289Z,KXDOGE15M-26OCT042145-45,0.0060,0.03,no
2026-10-05T01:42:01.057289Z,KXDOGE15M-26OCT042145-45,0.0060,9.00,no
2026-10-05T01:42:01.057289Z,KXDOGE15M-26OCT042145-45,0.0130,10.17,no
2026-10-05T01:42:01.057289Z,KXDOGE15M-26OCT042145-45,0.0130,6.57,no
2026-10-05T01:42:01.057289Z,KXDOGE15M-26OCT042145-45,0.0130,7.38,no
2026-10-05T01:42:01.057289Z,KXDOGE15M-26OCT042145-45,0.0130,3.59,no
2026-10-05T01:42:01.057289Z,KXDOGE15M-26OCT042145-45,0.0130,8.04,no
2026-10-05T01:42:01.057289Z,KXDOGE15M-26OCT042145-45,0.0100,25.00,no
2026-10-05T01:42:01.057289Z,KXDOGE15M-26OCT042145-45,0.0100,0.03,no
2026-10-05T01:42:01.057289Z,KXDOGE15M-26OCT042145-45,0.0130,1.09,no
2026-10-05T01:42:01.057289Z,KXDOGE15M-26OCT042145-45,0.0130,0.15,no
2026-10-05T01:42:01.057289Z,KXDOGE15M-26OCT042145-45,0.0130,6.35,no
2026-10-05T01:42:01.057289Z,KXDOGE15M-26OCT042145-45,0.0130,5.02,no
2026-10-05T01:42:01.057289Z,KXDOGE15M-26OCT042145-45,0.0130,4.92,no
2026-10-05T01:42:01.057289Z,KXDOGE15M-26OCT042145-45,0.0130,3.87,no
2026-10-05T01:42:01.057289Z,KXDOGE15M-26OCT042145-45,0.0130,1.95,no
2026-10-05T01:42:01.057289Z,KXDOGE15M-26OCT042145-45,0.0130,2.09,no
2026-10-05T01:42:01.057289Z,KXDOGE15M-26OCT042145-45,0.0130,3.96,no
2026-10-05T01:42:01.057289Z,KXDOGE15M-26OCT042145-45,0.0130,0.50,no
2026-10-05T01:42:01.057289Z,KXDOGE15M-26OCT042145-45,0.0130,1.67,no
2026-10-05T01:42:01.057289Z,KXDOGE15M-26OCT042145-45,0.0130,1.00,no
2026-10-05T01:42:01.057289Z,KXDOGE15M-26OCT042145-45,0.0130,4.10,no
2026-10-05T01:42:01.057289Z,KXDOGE15M-26OCT042145-45,0.0120,0.03,no
2026-10-05T01:42:01.057289Z,KXDOGE15M-26OCT042145-45,0.0130,0.03,no
2026-10-05T01:42:01.057289Z,KXDOGE15M-26OCT042145-45,0.0110,0.03,no
2026-10-05T01:42:01.057289Z,KXDOGE15M-26OCT042145-45,0.0130,5.55,no
2026-10-05T01:42:01.057289Z,KXDOGE15M-26OCT042145-45,0.0130,3.36,no
2026-10-05T01:42:01.057289Z,KXDOGE15M-26OCT042145-45,0.0130,14.02,no
2026-10-05T01:42:01.057289Z,KXDOGE15M-26OCT042145-45,0.0110,3.00,no
2026-10-05T01:42:01.057289Z,KXDOGE15M-26OCT042145-45,0.0130,1.64,no
2026-10-05T01:42:01.057289Z,KXDOGE15M-26OCT042145-45,0.0120,3.00,no
2026-10-05T01:42:01.057289Z,KXDOGE15M-26OCT042145-45,0.0060,281.85,no
2026-10-05T01:42:01.106943Z,KXDOGE15M-26OCT042145-45,0.0070,20.00,no
2026-10-05T01:42:01.106943Z,KXDOGE15M-26OCT042145-45,0.0080,3.00,no
2026-10-05T01:42:01.106943Z,KXDOGE15M-26OCT042145-45,0.0090,3.00,no
2026-10-05T01:42:01.106943Z,KXDOGE15M-26OCT042145-45,0.0090,24.00,no
2026-10-05T01:42:01.450404Z,KXDOGE15M-26OCT042145-45,0.0070,1.00,no
2026-10-05T01:42:02.180021Z,KXDOGE15M-26OCT042145-45,0.0070,1.00,no
2026-10-05T01:42:03.166591Z,KXDOGE15M-26OCT042145-45,0.0150,10.00,yes
2026-10-05T01:42:03.166591Z,KXDOGE15M-26OCT042145-45,0.0140,30.00,yes
2026-10-05T01:42:03.166591Z,KXDOGE15M-26OCT042145-45,0.0130,0.01,yes
2026-10-05T01:42:04.088204Z,KXDOGE15M-26OCT042145-45,0.0050,0.03,no
2026-10-05T01:42:04.088204Z,KXDOGE15M-26OCT042145-45,0.0060,10.00,no
2026-10-05T01:42:04.088204Z,KXDOGE15M-26OCT042145-45,0.0070,0.03,no
2026-10-05T01:42:04.088204Z,KXDOGE15M-26OCT042145-45,0.0060,83.00,no
2026-10-05T01:42:04.088204Z,KXDOGE15M-26OCT042145-45,0.0070,61.00,no
2026-10-05T01:42:04.088204Z,KXDOGE15M-26OCT042145-45,0.0060,3.00,no
2026-10-05T01:42:04.088204Z,KXDOGE15M-26OCT042145-45,0.0070,3.00,no
2026-10-05T01:42:04.088204Z,KXDOGE15M-26OCT042145-45,0.0060,0.03,no
2026-10-05T01:42:04.088204Z,KXDOGE15M-26OCT042145-45,0.0070,32.00,no
2026-10-05T01:42:04.088204Z,KXDOGE15M-26OCT042145-45,0.0050,600.00,no
2026-10-05T01:42:04.088204Z,KXDOGE15M-26OCT042145-45,0.0050,11.00,no
2026-10-05T01:42:04.088204Z,KXDOGE15M-26OCT042145-45,0.0050,5.00,no
2026-10-05T01:42:04.088204Z,KXDOGE15M-26OCT042145-45,0.0050,60.56,no
2026-10-05T01:42:04.282839Z,KXDOGE15M-26OCT042145-45,0.0060,2.01,no
2026-10-05T01:42:04.507495Z,KXDOGE15M-26OCT042145-45,0.0120,5.00,yes
2026-10-05T01:42:04.507495Z,KXDOGE15M-26OCT042145-45,0.0120,67.00,yes
2026-10-05T01:42:05.258136Z,KXDOGE15M-26OCT042145-45,0.0050,0.03,no
2026-10-05T01:42:05.258136Z,KXDOGE15M-26OCT042145-45,0.0060,10.00,no
2026-10-05T01:42:05.258136Z,KXDOGE15M-26OCT042145-45,0.0060,34.00,no
2026-10-05T01:42:05.258136Z,KXDOGE15M-26OCT042145-45,0.0060,80.99,no
2026-10-05T01:42:05.258136Z,KXDOGE15M-26OCT042145-45,0.0060,0.03,no
2026-10-05T01:42:05.258136Z,KXDOGE15M-26OCT042145-45,0.0050,83.00,no
2026-10-05T01:42:05.527726Z,KXDOGE15M-26OCT042145-45,0.0120,7.79,yes
2026-10-05T01:42:06.025688Z,KXDOGE15M-26OCT042145-45,0.0060,1.00,no
2026-10-05T01:42:06.768804Z,KXDOGE15M-26OCT042145-45,0.0060,9.00,no
2026-10-05T01:42:06.768804Z,KXDOGE15M-26OCT042145-45,0.0060,34.00,no
2026-10-05T01:42:06.768804Z,KXDOGE15M-26OCT042145-45,0.0050,83.00,no
2026-10-05T01:42:06.768804Z,KXDOGE15M-26OCT042145-45,0.0050,0.03,no
2026-10-05T01:42:06.768804Z,KXDOGE15M-26OCT042145-45,0.0060,0.03,no
2026-10-05T01:42:06.948716Z,KXDOGE15M-26OCT042145-45,0.0040,717.34,no
2026-10-05T01:42:07.19692Z,KXDOGE15M-26OCT042145-45,0.0040,308.24,no
2026-10-05T01:42:07.889083Z,KXDOGE15M-26OCT042145-45,0.0070,1.31,yes
2026-10-05T01:42:08.855528Z,KXDOGE15M-26OCT042145-45,0.0080,112.00,yes
2026-10-05T01:42:08.855528Z,KXDOGE15M-26OCT042145-45,0.0070,41.00,yes
2026-10-05T01:42:08.855528Z,KXDOGE15M-26OCT042145-45,0.0100,99.38,yes
2026-10-05T01:42:08.855528Z,KXDOGE15M-26OCT042145-45,0.0080,41.00,yes
2026-10-05T01:42:08.855528Z,KXDOGE15M-26OCT042145-45,0.0070,111.69,yes
2026-10-05T01:42:08.855528Z,KXDOGE15M-26OCT042145-45,0.0090,112.00,yes
2026-10-05T01:42:08.855528Z,KXDOGE15M-26OCT042145-45,0.0100,10.00,yes
2026-10-05T01:42:08.855528Z,KXDOGE15M-26OCT042145-45,0.0070,0.03,yes
2026-10-05T01:42:08.855528Z,KXDOGE15M-26OCT042145-45,0.0080,0.03,yes
2026-10-05T01:42:08.855528Z,KXDOGE15M-26OCT042145-45,0.0090,0.03,yes
2026-10-05T01:42:08.855528Z,KXDOGE15M-26OCT042145-45,0.0070,25.00,yes
2026-10-05T01:42:09.177432Z,KXDOGE15M-26OCT042145-45,0.0070,121.00,no
2026-10-05T01:42:09.17765Z,KXDOGE15M-26OCT042145-45,0.0070,0.03,no
2026-10-05T01:42:09.17765Z,KXDOGE15M-26OCT042145-45,0.0070,79.00,no
2026-10-05T01:42:09.526869Z,KXDOGE15M-26OCT042145-45,0.0050,0.03,no
2026-10-05T01:42:09.526869Z,KXDOGE15M-26OCT042145-45,0.0050,25.00,no
2026-10-05T01:42:10.014139Z,KXDOGE15M-26OCT042145-45,0.0040,83.00,no
2026-10-05T01:42:10.014139Z,KXDOGE15M-26OCT042145-45,0.0040,3.00,no
2026-10-05T01:42:10.014139Z,KXDOGE15M-26OCT042145-45,0.0040,0.03,no
2026-10-05T01:42:10.014139Z,KXDOGE15M-26OCT042145-45,0.0040,19.00,no
2026-10-05T01:42:10.014139Z,KXDOGE15M-26OCT042145-45,0.0040,13.00,no
2026-10-05T01:42:10.014139Z,KXDOGE15M-26OCT042145-45,0.0040,1.00,no
2026-10-05T01:42:10.014139Z,KXDOGE15M-26OCT042145-45,0.0040,1.00,no
2026-10-05T01:42:10.014139Z,KXDOGE15M-26OCT042145-45,0.0040,1.00,no
2026-10-05T01:42:10.014139Z,KXDOGE15M-26OCT042145-45,0.0040,1.00,no
2026-10-05T01:42:10.014139Z,KXDOGE15M-26OCT042145-45,0.0040,1.00,no
2026-10-05T01:42:10.014139Z,KXDOGE15M-26OCT042145-45,0.0040,5.00,no
2026-10-05T01:42:10.014139Z,KXDOGE15M-26OCT042145-45,0.0030,79.03,no
2026-10-05T01:42:10.079841Z,KXDOGE15M-26OCT042145-45,0.0040,78.70,yes
2026-10-05T01:42:14.594998Z,KXDOGE15M-26OCT042145-45,0.0030,49.34,no
2026-10-05T01:42:17.853556Z,KXDOGE15M-26OCT042145-45,0.0040,0.33,yes
2026-10-05T01:42:17.853556Z,KXDOGE15M-26OCT042145-45,0.0050,5.00,yes
2026-10-05T01:42:17.853556Z,KXDOGE15M-26OCT042145-45,0.0060,41.97,yes
2026-10-05T01:42:17.853556Z,KXDOGE15M-26OCT042145-45,0.0050,7.00,yes
2026-10-05T01:42:17.853556Z,KXDOGE15M-26OCT042145-45,0.0050,41.00,yes
2026-10-05T01:42:17.853556Z,KXDOGE15M-26OCT042145-45,0.0060,25.34,yes
2026-10-05T01:42:17.853556Z,KXDOGE15M-26OCT042145-45,0.0060,41.00,yes
2026-10-05T01:42:19.991875Z,KXDOGE15M-26OCT042145-45,0.0060,0.03,yes
2026-10-05T01:42:19.991875Z,KXDOGE15M-26OCT042145-45,0.0060,7.00,yes
2026-10-05T01:42:19.991875Z,KXDOGE15M-26OCT042145-45,0.0070,0.03,yes
2026-10-05T01:42:19.991875Z,KXDOGE15M-26OCT042145-45,0.0070,7.00,yes
2026-10-05T01:42:19.991875Z,KXDOGE15M-26OCT042145-45,0.0060,26.66,yes
2026-10-05T01:42:19.991875Z,KXDOGE15M-26OCT042145-45,0.0070,52.00,yes
2026-10-05T01:42:19.991875Z,KXDOGE15M-26OCT042145-45,0.0080,15.19,yes
2026-10-05T01:42:22.487459Z,KXDOGE15M-26OCT042145-45,0.0030,10.00,no
2026-10-05T01:42:22.487459Z,KXDOGE15M-26OCT042145-45,0.0030,3.00,no
2026-10-05T01:42:22.487459Z,KXDOGE15M-26OCT042145-45,0.0030,0.03,no
2026-10-05T01:42:22.487459Z,KXDOGE15M-26OCT042145-45,0.0030,18.00,no
2026-10-05T01:42:22.487459Z,KXDOGE15M-26OCT042145-45,0.0030,2.00,no
2026-10-05T01:42:22.487459Z,KXDOGE15M-26OCT042145-45,0.0030,2.00,no
2026-10-05T01:42:22.487459Z,KXDOGE15M-26OCT042145-45,0.0030,2.00,no
2026-10-05T01:42:22.487459Z,KXDOGE15M-26OCT042145-45,0.0030,2.00,no
2026-10-05T01:42:22.487459Z,KXDOGE15M-26OCT042145-45,0.0030,2.00,no
2026-10-05T01:42:22.487459Z,KXDOGE15M-26OCT042145-45,0.0030,250.00,no
2026-10-05T01:42:22.487459Z,KXDOGE15M-26OCT042145-45,0.0030,30.00,no
2026-10-05T01:42:22.487459Z,KXDOGE15M-26OCT042145-45,0.0030,5.00,no
2026-10-05T01:42:22.84469Z,KXDOGE15M-26OCT042145-45,0.0030,116.88,yes
2026-10-05T01:42:23.076698Z,KXDOGE15M-26OCT042145-45,0.0030,33.86,yes
2026-10-05T01:42:23.10841Z,KXDOGE15M-26OCT042145-45,0.0020,55.00,no
2026-10-05T01:42:28.796521Z,KXDOGE15M-26OCT042145-45,0.0020,1.00,no
2026-10-05T01:42:29.2523Z,KXDOGE15M-26OCT042145-45,0.0020,100.18,no
2026-10-05T01:42:29.651089Z,KXDOGE15M-26OCT042145-45,0.0020,243.82,no
2026-10-05T01:42:29.651089Z,KXDOGE15M-26OCT042145-45,0.0020,521.18,no
2026-10-05T01:42:29.651089Z,KXDOGE15M-26OCT042145-45,0.0020,100.00,no
2026-10-05T01:42:31.066174Z,KXDOGE15M-26OCT042145-45,0.0020,40.00,no
2026-10-05T01:42:31.070598Z,KXDOGE15M-26OCT042145-45,0.0020,40.00,no
2026-10-05T01:42:31.078982Z,KXDOGE15M-26OCT042145-45,0.0020,40.00,no
2026-10-05T01:42:31.202198Z,KXDOGE15M-26OCT042145-45,0.0020,40.00,no
2026-10-05T01:42:31.394098Z,KXDOGE15M-26OCT042145-45,0.0020,40.00,no
2026-10-05T01:42:31.441709Z,KXDOGE15M-26OCT042145-45,0.0020,40.00,no
2026-10-05T01:42:33.660567Z,KXDOGE15M-26OCT042145-45,0.0020,55.00,no
2026-10-05T01:42:33.878555Z,KXDOGE15M-26OCT042145-45,0.0020,756.40,no
2026-10-05T01:42:33.971358Z,KXDOGE15M-26OCT042145-45,0.0020,34.00,no
2026-10-05T01:42:33.985817Z,KXDOGE15M-26OCT042145-45,0.0020,16.00,no
2026-10-05T01:42:35.598626Z,KXDOGE15M-26OCT042145-45,0.0020,86.21,no
2026-10-05T01:42:35.677415Z,KXDOGE15M-26OCT042145-45,0.0030,100.00,yes
2026-10-05T01:42:37.768913Z,KXDOGE15M-26OCT042145-45,0.0030,30.53,yes
2026-10-05T01:42:43.557747Z,KXDOGE15M-26OCT042145-45,0.0050,521.18,yes
2026-10-05T01:42:43.557747Z,KXDOGE15M-26OCT042145-45,0.0050,120.00,yes
2026-10-05T01:42:43.557747Z,KXDOGE15M-26OCT042145-45,0.0050,120.00,yes
2026-10-05T01:42:43.557747Z,KXDOGE15M-26OCT042145-45,0.0050,406.66,yes
2026-10-05T01:42:43.557747Z,KXDOGE15M-26OCT042145-45,0.0040,0.03,yes
2026-10-05T01:42:43.557747Z,KXDOGE15M-26OCT042145-45,0.0050,10.00,yes
2026-10-05T01:42:43.557747Z,KXDOGE15M-26OCT042145-45,0.0040,82.00,yes
2026-10-05T01:42:43.557747Z,KXDOGE15M-26OCT042145-45,0.0050,30.00,yes
2026-10-05T01:42:43.557747Z,KXDOGE15M-26OCT042145-45,0.0030,119.47,yes
2026-10-05T01:42:43.557747Z,KXDOGE15M-26OCT042145-45,0.0040,5.00,yes
2026-10-05T01:42:43.557747Z,KXDOGE15M-26OCT042145-45,0.0050,400.00,yes
2026-10-05T01:42:44.162776Z,KXDOGE15M-26OCT042145-45,0.0050,186.97,yes
2026-10-05T01:42:47.609044Z,KXDOGE15M-26OCT042145-45,0.0020,25.04,no
2026-10-05T01:42:51.616472Z,KXDOGE15M-26OCT042145-45,0.0020,144.00,no
2026-10-05T01:42:53.378148Z,KXDOGE15M-26OCT042145-45,0.0020,75.63,no
2026-10-05T01:42:53.378148Z,KXDOGE15M-26OCT042145-45,0.0020,122.17,no
2026-10-05T01:42:54.56874Z,KXDOGE15M-26OCT042145-45,0.0050,186.97,yes
2026-10-05T01:42:57.129122Z,KXDOGE15M-26OCT042145-45,0.0020,100.18,no
2026-10-05T01:43:02.610663Z,KXDOGE15M-26OCT042145-45,0.0020,5.00,no
2026-10-05T01:43:14.636394Z,KXDOGE15M-26OCT042145-45,0.0020,11.45,no
2026-10-05T01:43:15.81123Z,KXDOGE15M-26OCT042145-45,0.0020,5.00,no
2026-10-05T01:43:15.81123Z,KXDOGE15M-26OCT042145-45,0.0020,26.00,no
2026-10-05T01:43:15.81123Z,KXDOGE15M-26OCT042145-45,0.0020,3.00,no
2026-10-05T01:43:15.81123Z,KXDOGE15M-26OCT042145-45,0.0020,3.00,no
2026-10-05T01:43:15.81123Z,KXDOGE15M-26OCT042145-45,0.0020,3.00,no
2026-10-05T01:43:15.81123Z,KXDOGE15M-26OCT042145-45,0.0020,3.00,no
2026-10-05T01:43:15.81123Z,KXDOGE15M-26OCT042145-45,0.0020,3.00,no
2026-10-05T01:43:15.81123Z,KXDOGE15M-26OCT042145-45,0.0020,3.00,no
2026-10-05T01:43:15.81123Z,KXDOGE15M-26OCT042145-45,0.0020,13.26,no
2026-10-05T01:43:15.81123Z,KXDOGE15M-26OCT042145-45,0.0020,5.00,no
2026-10-05T01:43:15.81123Z,KXDOGE15M-26OCT042145-45,0.0020,50.00,no
2026-10-05T01:43:15.81123Z,KXDOGE15M-26OCT042145-45,0.0020,307.74,no
2026-10-05T01:43:16.801344Z,KXDOGE15M-26OCT042145-45,0.0020,153.91,no
2026-10-05T01:43:17.257555Z,KXDOGE15M-26OCT042145-45,0.0030,305.35,yes
2026-10-05T01:43:17.316329Z,KXDOGE15M-26OCT042145-45,0.0030,155.79,yes
2026-10-05T01:43:19.221011Z,KXDOGE15M-26OCT042145-45,0.0020,701.55,no
2026-10-05T01:43:24.759561Z,KXDOGE15M-26OCT042145-45,0.0030,5.00,yes
2026-10-05T01:43:24.759561Z,KXDOGE15M-26OCT042145-45,0.0030,98.86,yes
2026-10-05T01:43:24.759561Z,KXDOGE15M-26OCT042145-45,0.0030,11.45,yes
2026-10-05T01:43:24.759561Z,KXDOGE15M-26OCT042145-45,0.0030,9.23,yes
2026-10-05T01:43:24.759561Z,KXDOGE15M-26OCT042145-45,0.0030,5.00,yes
2026-10-05T01:43:24.759561Z,KXDOGE15M-26OCT042145-45,0.0030,75.63,yes
2026-10-05T01:43:24.759561Z,KXDOGE15M-26OCT042145-45,0.0030,100.18,yes
2026-10-05T01:43:28.161594Z,KXDOGE15M-26OCT042145-45,0.0020,129.49,no
2026-10-05T01:43:30.43266Z,KXDOGE15M-26OCT042145-45,0.0020,1.00,no
2026-10-05T01:43:31.286698Z,KXDOGE15M-26OCT042145-45,0.0020,53.00,no
2026-10-05T01:43:31.425005Z,KXDOGE15M-26OCT042145-45,0.0030,180.18,yes
2026-10-05T01:43:33.376909Z,KXDOGE15M-26OCT042145-45,0.0020,241.00,no
2026-10-05T01:43:33.376909Z,KXDOGE15M-26OCT042145-45,0.0020,346.00,no
2026-10-05T01:43:33.571309Z,KXDOGE15M-26OCT042145-45,0.0020,210.00,no
2026-10-05T01:43:35.822373Z,KXDOGE15M-26OCT042145-45,0.0020,26.00,no
2026-10-05T01:43:37.47404Z,KXDOGE15M-26OCT042145-45,0.0010,1.00,no
2026-10-05T01:43:37.47404Z,KXDOGE15M-26OCT042145-45,0.0010,80.00,no
2026-10-05T01:43:37.47404Z,KXDOGE15M-26OCT042145-45,0.0010,6.00,no
2026-10-05T01:43:37.47404Z,KXDOGE15M-26OCT042145-45,0.0020,23.00,no
2026-10-05T01:43:37.47404Z,KXDOGE15M-26OCT042145-45,0.0010,0.03,no
2026-10-05T01:43:37.47404Z,KXDOGE15M-26OCT042145-45,0.0020,0.03,no
2026-10-05T01:43:37.47404Z,KXDOGE15M-26OCT042145-45,0.0010,1.00,no
2026-10-05T01:43:37.47404Z,KXDOGE15M-26OCT042145-45,0.0010,118.00,no
2026-10-05T01:43:37.47404Z,KXDOGE15M-26OCT042145-45,0.0010,3.00,no
2026-10-05T01:43:37.47404Z,KXDOGE15M-26OCT042145-45,0.0010,10.00,no
2026-10-05T01:43:37.47404Z,KXDOGE15M-26OCT042145-45,0.0010,5.00,no
2026-10-05T01:43:37.47404Z,KXDOGE15M-26OCT042145-45,0.0010,1.00,no
2026-10-05T01:43:37.47404Z,KXDOGE15M-26OCT042145-45,0.0010,500.00,no
2026-10-05T01:43:37.47404Z,KXDOGE15M-26OCT042145-45,0.0010,350.00,no
2026-10-05T01:43:37.47404Z,KXDOGE15M-26OCT042145-45,0.0010,1.00,no
2026-10-05T01:43:38.077752Z,KXDOGE15M-26OCT042145-45,0.0020,33.86,yes
2026-10-05T01:43:40.185067Z,KXDOGE15M-26OCT042145-45,0.0020,151.00,yes
2026-10-05T01:43:44.288977Z,KXDOGE15M-26OCT042145-45,0.0010,1.00,no
2026-10-05T01:43:48.388706Z,KXDOGE15M-26OCT042145-45,0.0020,4.59,yes
2026-10-05T01:43:48.902426Z,KXDOGE15M-26OCT042145-45,0.0010,16.86,no
2026-10-05T01:43:49.04611Z,KXDOGE15M-26OCT042145-45,0.0010,14.61,no
2026-10-05T01:43:56.156852Z,KXDOGE15M-26OCT042145-45,0.0010,3.00,no
2026-10-05T01:43:56.156852Z,KXDOGE15M-26OCT042145-45,0.0010,10.00,no
2026-10-05T01:43:56.156852Z,KXDOGE15M-26OCT042145-45,0.0010,1.39,no
2026-10-05T01:43:56.156852Z,KXDOGE15M-26OCT042145-45,0.0010,9.85,no
2026-10-05T01:43:56.769624Z,KXDOGE15M-26OCT042145-45,0.0010,100.10,no
2026-10-05T01:43:56.888714Z,KXDOGE15M-26OCT042145-45,0.0010,29.58,no
2026-10-05T01:43:57.668498Z,KXDOGE15M-26OCT042145-45,0.0010,11.47,no
2026-10-05T01:43:57.668498Z,KXDOGE15M-26OCT042145-45,0.0010,10.00,no
2026-10-05T01:43:57.668498Z,KXDOGE15M-26OCT042145-45,0.0010,1.00,no
2026-10-05T01:43:58.115147Z,KXDOGE15M-26OCT042145-45,0.0010,33.87,yes
2026-10-05T01:44:12.504256Z,KXDOGE15M-26OCT042145-45,0.0010,23.00,yes
2026-10-05T01:44:12.504256Z,KXDOGE15M-26OCT042145-45,0.0010,26.00,yes
2026-10-05T01:44:12.504256Z,KXDOGE15M-26OCT042145-45,0.0010,42.62,yes
2026-10-05T01:44:16.409889Z,KXDOGE15M-26OCT042145-45,0.0010,25.04,yes
2026-10-05T01:44:20.093819Z,KXDOGE15M-26OCT042145-45,0.0010,91.62,yes
2026-10-05T01:44:21.760853Z,KXDOGE15M-26OCT042145-45,0.0010,881.55,yes
2026-10-05T01:44:21.760853Z,KXDOGE15M-26OCT042145-45,0.0010,34.44,yes
2026-10-05T01:44:25.179875Z,KXDOGE15M-26OCT042145-45,0.0010,47.14,yes
2026-10-05T01:44:39.252066Z,KXDOGE15M-26OCT042145-45,0.0010,91.62,yes
2026-10-05T01:44:47.850297Z,KXDOGE15M-26OCT042145-45,0.0010,9.20,yes
2026-10-05T01:44:55.282485Z,KXDOGE15M-26OCT042145-45,0.0010,283.99,yes
2026-10-05T01:41:03.64583Z,KXNEAR15M-26OCT042145-45,0.0110,2.68,no
2026-10-05T01:41:03.64583Z,KXNEAR15M-26OCT042145-45,0.0120,0.32,no
2026-10-05T01:41:03.652744Z,KXNEAR15M-26OCT042145-45,0.0110,0.32,no
2026-10-05T01:41:08.236305Z,KXNEAR15M-26OCT042145-45,0.0100,4.00,no
2026-10-05T01:41:08.242375Z,KXNEAR15M-26OCT042145-45,0.0100,1.00,no
2026-10-05T01:41:08.248543Z,KXNEAR15M-26OCT042145-45,0.0100,1.00,no
2026-10-05T01:41:08.440508Z,KXNEAR15M-26OCT042145-45,0.0100,2.00,no
2026-10-05T01:41:08.448751Z,KXNEAR15M-26OCT042145-45,0.0100,1.00,no
2026-10-05T01:41:09.988403Z,KXNEAR15M-26OCT042145-45,0.0100,1.00,no
2026-10-05T01:41:10.413687Z,KXNEAR15M-26OCT042145-45,0.0100,1.00,no
2026-10-05T01:41:10.969184Z,KXNEAR15M-26OCT042145-45,0.0100,2.00,no
2026-10-05T01:41:11.329095Z,KXNEAR15M-26OCT042145-45,0.0100,6.00,no
2026-10-05T01:41:11.393005Z,KXNEAR15M-26OCT042145-45,0.0100,1.00,no
2026-10-05T01:41:12.471065Z,KXNEAR15M-26OCT042145-45,0.0100,1.00,no
2026-10-05T01:41:13.368089Z,KXNEAR15M-26OCT042145-45,0.0100,1.00,no
2026-10-05T01:41:13.487738Z,KXNEAR15M-26OCT042145-45,0.0100,4.00,no
2026-10-05T01:41:13.494345Z,KXNEAR15M-26OCT042145-45,0.0100,1.00,no
2026-10-05T01:41:13.560993Z,KXNEAR15M-26OCT042145-45,0.0100,2.00,no
2026-10-05T01:41:14.864636Z,KXNEAR15M-26OCT042145-45,0.0100,3.00,no
2026-10-05T01:41:14.864736Z,KXNEAR15M-26OCT042145-45,0.0100,2.00,no
2026-10-05T01:41:14.882779Z,KXNEAR15M-26OCT042145-45,0.0100,1.00,no
2026-10-05T01:41:14.990624Z,KXNEAR15M-26OCT042145-45,0.0100,2.00,no
2026-10-05T01:41:14.997188Z,KXNEAR15M-26OCT042145-45,0.0100,1.00,no
2026-10-05T01:41:15.959533Z,KXNEAR15M-26OCT042145-45,0.0110,1.00,yes
2026-10-05T01:41:15.959533Z,KXNEAR15M-26OCT042145-45,0.0110,1.00,yes
2026-10-05T01:41:15.959533Z,KXNEAR15M-26OCT042145-45,0.0110,1.00,yes
2026-10-05T01:41:15.959533Z,KXNEAR15M-26OCT042145-45,0.0110,2.00,yes
2026-10-05T01:41:15.959533Z,KXNEAR15M-26OCT042145-45,0.0110,4.00,yes
2026-10-05T01:41:15.959533Z,KXNEAR15M-26OCT042145-45,0.0110,5.99,yes
2026-10-05T01:41:15.959533Z,KXNEAR15M-26OCT042145-45,0.0110,2.00,yes
2026-10-05T01:41:15.959533Z,KXNEAR15M-26OCT042145-45,0.0110,0.01,yes
2026-10-05T01:41:15.959533Z,KXNEAR15M-26OCT042145-45,0.0110,1.00,yes
2026-10-05T01:41:15.959533Z,KXNEAR15M-26OCT042145-45,0.0110,1.00,yes
2026-10-05T01:41:15.967379Z,KXNEAR15M-26OCT042145-45,0.0110,0.01,yes
2026-10-05T01:41:15.967379Z,KXNEAR15M-26OCT042145-45,0.0110,1.00,yes
2026-10-05T01:41:15.967379Z,KXNEAR15M-26OCT042145-45,0.0110,1.00,yes
2026-10-05T01:41:15.967379Z,KXNEAR15M-26OCT042145-45,0.0110,0.99,yes
2026-10-05T01:41:15.967379Z,KXNEAR15M-26OCT042145-45,0.0110,1.00,yes
2026-10-05T01:41:15.977112Z,KXNEAR15M-26OCT042145-45,0.0110,1.00,yes
2026-10-05T01:41:19.208567Z,KXNEAR15M-26OCT042145-45,0.0110,2.00,yes
2026-10-05T01:41:19.53505Z,KXNEAR15M-26OCT042145-45,0.0110,2.00,yes
2026-10-05T01:41:19.53505Z,KXNEAR15M-26OCT042145-45,0.0110,2.00,yes
2026-10-05T01:41:19.53505Z,KXNEAR15M-26OCT042145-45,0.0110,1.00,yes
2026-10-05T01:41:19.53505Z,KXNEAR15M-26OCT042145-45,0.0110,1.00,yes
2026-10-05T01:41:19.53505Z,KXNEAR15M-26OCT042145-45,0.0110,3.00,yes
2026-10-05T01:41:19.53505Z,KXNEAR15M-26OCT042145-45,0.0110,0.01,yes
2026-10-05T01:41:19.53505Z,KXNEAR15M-26OCT042145-45,0.0110,2.00,yes
2026-10-05T01:41:19.53505Z,KXNEAR15M-26OCT042145-45,0.0110,1.00,yes
2026-10-05T01:41:28.047089Z,KXNEAR15M-26OCT042145-45,0.0120,0.01,yes
2026-10-05T01:41:28.990044Z,KXNEAR15M-26OCT042145-45,0.0120,0.03,no
2026-10-05T01:41:28.990044Z,KXNEAR15M-26OCT042145-45,0.0120,1.97,no
2026-10-05T01:41:28.990044Z,KXNEAR15M-26OCT042145-45,0.0120,10.00,no
2026-10-05T01:41:30.943831Z,KXNEAR15M-26OCT042145-45,0.0100,5.00,no
2026-10-05T01:41:34.742186Z,KXNEAR15M-26OCT042145-45,0.0100,10.00,no
2026-10-05T01:41:35.118348Z,KXNEAR15M-26OCT042145-45,0.0110,1.00,yes
2026-10-05T01:41:35.341788Z,KXNEAR15M-26OCT042145-45,0.0110,4.00,yes
2026-10-05T01:41:37.126111Z,KXNEAR15M-26OCT042145-45,0.0110,4.23,yes
2026-10-05T01:41:38.1877Z,KXNEAR15M-26OCT042145-45,0.0110,1.00,yes
2026-10-05T01:41:41.912325Z,KXNEAR15M-26OCT042145-45,0.0100,3.00,no
2026-10-05T01:41:41.912325Z,KXNEAR15M-26OCT042145-45,0.0070,0.03,no
2026-10-05T01:41:41.912325Z,KXNEAR15M-26OCT042145-45,0.0050,5.00,no
2026-10-05T01:41:41.912325Z,KXNEAR15M-26OCT042145-45,0.0060,0.03,no
2026-10-05T01:41:41.912325Z,KXNEAR15M-26OCT042145-45,0.0080,0.03,no
2026-10-05T01:41:41.912325Z,KXNEAR15M-26OCT042145-45,0.0100,22.00,no
2026-10-05T01:41:41.912325Z,KXNEAR15M-26OCT042145-45,0.0050,0.03,no
2026-10-05T01:41:41.912325Z,KXNEAR15M-26OCT042145-45,0.0040,8.98,no
2026-10-05T01:41:41.912325Z,KXNEAR15M-26OCT042145-45,0.0050,11.00,no
2026-10-05T01:41:41.912325Z,KXNEAR15M-26OCT042145-45,0.0090,10.00,no
2026-10-05T01:41:41.912325Z,KXNEAR15M-26OCT042145-45,0.0070,10.00,no
2026-10-05T01:41:41.912325Z,KXNEAR15M-26OCT042145-45,0.0080,10.00,no
2026-10-05T01:41:41.912325Z,KXNEAR15M-26OCT042145-45,0.0050,10.00,no
2026-10-05T01:41:41.912325Z,KXNEAR15M-26OCT042145-45,0.0060,10.00,no
2026-10-05T01:41:41.988579Z,KXNEAR15M-26OCT042145-45,0.0090,7.00,no
2026-10-05T01:41:45.247159Z,KXNEAR15M-26OCT042145-45,0.0090,1.01,yes
2026-10-05T01:41:54.531265Z,KXNEAR15M-26OCT042145-45,0.0070,1.31,yes
2026-10-05T01:41:55.4007Z,KXNEAR15M-26OCT042145-45,0.0050,3.00,no
2026-10-05T01:41:55.4007Z,KXNEAR15M-26OCT042145-45,0.0050,5.00,no
2026-10-05T01:41:57.286773Z,KXNEAR15M-26OCT042145-45,0.0060,2.00,yes
2026-10-05T01:41:57.393191Z,KXNEAR15M-26OCT042145-45,0.0060,2.00,yes
2026-10-05T01:41:58.281434Z,KXNEAR15M-26OCT042145-45,0.0050,4.00,no
2026-10-05T01:41:58.57354Z,KXNEAR15M-26OCT042145-45,0.0050,5.00,no
2026-10-05T01:41:58.57354Z,KXNEAR15M-26OCT042145-45,0.0050,8.00,no
2026-10-05T01:41:59.32793Z,KXNEAR15M-26OCT042145-45,0.0040,1.98,no
2026-10-05T01:41:59.522602Z,KXNEAR15M-26OCT042145-45,0.0040,8.02,no
2026-10-05T01:41:59.522602Z,KXNEAR15M-26OCT042145-45,0.0040,8.98,no
2026-10-05T01:42:01.107157Z,KXNEAR15M-26OCT042145-45,0.0030,0.03,no
2026-10-05T01:42:01.107157Z,KXNEAR15M-26OCT042145-45,0.0040,0.03,no
2026-10-05T01:42:01.107157Z,KXNEAR15M-26OCT042145-45,0.0040,3.00,no
2026-10-05T01:42:01.107157Z,KXNEAR15M-26OCT042145-45,0.0040,1.00,no
2026-10-05T01:42:01.107157Z,KXNEAR15M-26OCT042145-45,0.0030,2.00,no
2026-10-05T01:42:01.107157Z,KXNEAR15M-26OCT042145-45,0.0040,1.00,no
2026-10-05T01:42:01.107157Z,KXNEAR15M-26OCT042145-45,0.0030,2.00,no
2026-10-05T01:42:01.107157Z,KXNEAR15M-26OCT042145-45,0.0030,10.00,no
2026-10-05T01:42:01.107157Z,KXNEAR15M-26OCT042145-45,0.0030,2.00,no
2026-10-05T01:42:01.107157Z,KXNEAR15M-26OCT042145-45,0.0040,1.00,no
2026-10-05T01:42:01.107157Z,KXNEAR15M-26OCT042145-45,0.0040,1.00,no
2026-10-05T01:42:01.107157Z,KXNEAR15M-26OCT042145-45,0.0030,2.00,no
2026-10-05T01:42:01.107157Z,KXNEAR15M-26OCT042145-45,0.0040,1.00,no
2026-10-05T01:42:01.107157Z,KXNEAR15M-26OCT042145-45,0.0030,18.00,no
2026-10-05T01:42:01.107157Z,KXNEAR15M-26OCT042145-45,0.0030,2.00,no
2026-10-05T01:42:01.107157Z,KXNEAR15M-26OCT042145-45,0.0040,4.02,no
2026-10-05T01:42:01.107157Z,KXNEAR15M-26OCT042145-45,0.0030,250.00,no
2026-10-05T01:42:02.224899Z,KXNEAR15M-26OCT042145-45,0.0030,8.00,no
2026-10-05T01:42:02.281351Z,KXNEAR15M-26OCT042145-45,0.0030,8.00,no
2026-10-05T01:42:12.037075Z,KXNEAR15M-26OCT042145-45,0.0030,129.02,yes
2026-10-05T01:42:12.037075Z,KXNEAR15M-26OCT042145-45,0.0030,22.00,yes
2026-10-05T01:42:12.037075Z,KXNEAR15M-26OCT042145-45,0.0030,4.77,yes
2026-10-05T01:42:12.231147Z,KXNEAR15M-26OCT042145-45,0.0030,3.00,yes
2026-10-05T01:42:18.647015Z,KXNEAR15M-26OCT042145-45,0.0060,6.00,yes
2026-10-05T01:42:18.647015Z,KXNEAR15M-26OCT042145-45,0.0060,0.03,yes
2026-10-05T01:42:18.647015Z,KXNEAR15M-26OCT042145-45,0.0070,0.03,yes
2026-10-05T01:42:18.647015Z,KXNEAR15M-26OCT042145-45,0.0050,0.03,yes
2026-10-05T01:42:18.647015Z,KXNEAR15M-26OCT042145-45,0.0100,1.00,yes
2026-10-05T01:42:18.647015Z,KXNEAR15M-26OCT042145-45,0.0040,10.00,yes
2026-10-05T01:42:18.647015Z,KXNEAR15M-26OCT042145-45,0.0030,117.98,yes
2026-10-05T01:42:18.647015Z,KXNEAR15M-26OCT042145-45,0.0050,8.02,yes
2026-10-05T01:42:18.647015Z,KXNEAR15M-26OCT042145-45,0.0050,1.98,yes
2026-10-05T01:42:18.647015Z,KXNEAR15M-26OCT042145-45,0.0100,30.00,yes
2026-10-05T01:42:18.647015Z,KXNEAR15M-26OCT042145-45,0.0100,1.00,yes
2026-10-05T01:42:18.647015Z,KXNEAR15M-26OCT042145-45,0.0040,1.00,yes
2026-10-05T01:42:18.647015Z,KXNEAR15M-26OCT042145-45,0.0100,60.00,yes
2026-10-05T01:42:18.647015Z,KXNEAR15M-26OCT042145-45,0.0130,1.00,yes
2026-10-05T01:42:18.647015Z,KXNEAR15M-26OCT042145-45,0.0100,1.00,yes
2026-10-05T01:42:18.647015Z,KXNEAR15M-26OCT042145-45,0.0100,10.00,yes
2026-10-05T01:42:18.647015Z,KXNEAR15M-26OCT042145-45,0.0090,8.99,yes
2026-10-05T01:42:18.647015Z,KXNEAR15M-26OCT042145-45,0.0080,10.00,yes
2026-10-05T01:42:18.647015Z,KXNEAR15M-26OCT042145-45,0.0090,11.00,yes
2026-10-05T01:42:18.647015Z,KXNEAR15M-26OCT042145-45,0.0070,10.00,yes
2026-10-05T01:42:18.647015Z,KXNEAR15M-26OCT042145-45,0.0160,56.71,yes
2026-10-05T01:42:19.155141Z,KXNEAR15M-26OCT042145-45,0.0030,1.00,no
2026-10-05T01:42:19.155141Z,KXNEAR15M-26OCT042145-45,0.0030,8.00,no
2026-10-05T01:42:20.266328Z,KXNEAR15M-26OCT042145-45,0.0030,0.03,no
2026-10-05T01:42:20.266328Z,KXNEAR15M-26OCT042145-45,0.0030,8.00,no
2026-10-05T01:42:21.151365Z,KXNEAR15M-26OCT042145-45,0.0090,62.03,yes
2026-10-05T01:42:21.385024Z,KXNEAR15M-26OCT042145-45,0.0030,8.00,no
2026-10-05T01:42:21.385024Z,KXNEAR15M-26OCT042145-45,0.0030,0.03,no
2026-10-05T01:42:22.462373Z,KXNEAR15M-26OCT042145-45,0.0050,0.03,no
2026-10-05T01:42:22.462373Z,KXNEAR15M-26OCT042145-45,0.0050,5.00,no
2026-10-05T01:42:22.462373Z,KXNEAR15M-26OCT042145-45,0.0040,10.80,no
2026-10-05T01:42:22.462373Z,KXNEAR15M-26OCT042145-45,0.0050,27.00,no
2026-10-05T01:42:23.49504Z,KXNEAR15M-26OCT042145-45,0.0040,1.00,no
2026-10-05T01:42:23.560786Z,KXNEAR15M-26OCT042145-45,0.0040,0.03,no
2026-10-05T01:42:23.636506Z,KXNEAR15M-26OCT042145-45,0.0040,7.00,yes
2026-10-05T01:42:23.636506Z,KXNEAR15M-26OCT042145-45,0.0050,5.00,yes
2026-10-05T01:42:23.713489Z,KXNEAR15M-26OCT042145-45,0.0040,1.00,no
2026-10-05T01:42:23.839831Z,KXNEAR15M-26OCT042145-45,0.0050,18.00,no
2026-10-05T01:42:25.949262Z,KXNEAR15M-26OCT042145-45,0.0050,5.00,no
2026-10-05T01:42:25.949262Z,KXNEAR15M-26OCT042145-45,0.0050,14.00,no
2026-10-05T01:42:25.949262Z,KXNEAR15M-26OCT042145-45,0.0050,0.03,no
2026-10-05T01:42:31.968189Z,KXNEAR15M-26OCT042145-45,0.0040,2.00,no
2026-10-05T01:42:32.265607Z,KXNEAR15M-26OCT042145-45,0.0030,2.00,no
2026-10-05T01:42:32.8825Z,KXNEAR15M-26OCT042145-45,0.0030,52.00,no
2026-10-05T01:42:32.8825Z,KXNEAR15M-26OCT042145-45,0.0030,8.00,no
2026-10-05T01:42:33.146555Z,KXNEAR15M-26OCT042145-45,0.0030,10.00,no
2026-10-05T01:42:33.153506Z,KXNEAR15M-26OCT042145-45,0.0030,3.00,no
2026-10-05T01:42:33.158856Z,KXNEAR15M-26OCT042145-45,0.0030,3.00,no
2026-10-05T01:42:33.493496Z,KXNEAR15M-26OCT042145-45,0.0030,3.00,no
2026-10-05T01:42:33.560695Z,KXNEAR15M-26OCT042145-45,0.0030,5.00,no
2026-10-05T01:42:34.556079Z,KXNEAR15M-26OCT042145-45,0.0030,9.00,no
2026-10-05T01:42:35.962928Z,KXNEAR15M-26OCT042145-45,0.0030,5.00,no
2026-10-05T01:42:36.130842Z,KXNEAR15M-26OCT042145-45,0.0030,3.00,no
2026-10-05T01:42:36.433071Z,KXNEAR15M-26OCT042145-45,0.0030,3.00,no
2026-10-05T01:42:37.234111Z,KXNEAR15M-26OCT042145-45,0.0030,100.27,no
2026-10-05T01:42:40.20884Z,KXNEAR15M-26OCT042145-45,0.0040,5.00,yes
2026-10-05T01:42:40.215314Z,KXNEAR15M-26OCT042145-45,0.0040,2.00,yes
2026-10-05T01:42:40.220874Z,KXNEAR15M-26OCT042145-45,0.0040,1.00,yes
2026-10-05T01:42:40.227193Z,KXNEAR15M-26OCT042145-45,0.0040,1.00,yes
2026-10-05T01:42:40.424231Z,KXNEAR15M-26OCT042145-45,0.0040,3.00,yes
2026-10-05T01:42:40.424231Z,KXNEAR15M-26OCT042145-45,0.0040,1.00,yes
2026-10-05T01:42:40.424231Z,KXNEAR15M-26OCT042145-45,0.0040,1.00,yes
2026-10-05T01:42:40.433939Z,KXNEAR15M-26OCT042145-45,0.0040,1.00,yes
2026-10-05T01:42:42.820563Z,KXNEAR15M-26OCT042145-45,0.0040,2.00,yes
2026-10-05T01:42:42.820563Z,KXNEAR15M-26OCT042145-45,0.0040,3.00,yes
2026-10-05T01:42:42.820563Z,KXNEAR15M-26OCT042145-45,0.0040,1.00,yes
2026-10-05T01:42:43.080931Z,KXNEAR15M-26OCT042145-45,0.0040,3.00,yes
2026-10-05T01:42:43.080931Z,KXNEAR15M-26OCT042145-45,0.0040,9.00,yes
2026-10-05T01:42:43.080931Z,KXNEAR15M-26OCT042145-45,0.0040,58.00,yes
2026-10-05T01:42:43.080931Z,KXNEAR15M-26OCT042145-45,0.0040,3.00,yes
2026-10-05T01:42:43.080931Z,KXNEAR15M-26OCT042145-45,0.0040,3.00,yes
2026-10-05T01:42:43.080931Z,KXNEAR15M-26OCT042145-45,0.0040,5.00,yes
2026-10-05T01:42:47.344123Z,KXNEAR15M-26OCT042145-45,0.0030,5.00,no
2026-10-05T01:42:47.67262Z,KXNEAR15M-26OCT042145-45,0.0030,5.00,no
2026-10-05T01:42:47.770483Z,KXNEAR15M-26OCT042145-45,0.0030,10.00,no
2026-10-05T01:42:47.779514Z,KXNEAR15M-26OCT042145-45,0.0030,3.00,no
2026-10-05T01:42:47.986888Z,KXNEAR15M-26OCT042145-45,0.0030,4.00,no
2026-10-05T01:42:48.290969Z,KXNEAR15M-26OCT042145-45,0.0030,2.00,no
2026-10-05T01:42:48.290969Z,KXNEAR15M-26OCT042145-45,0.0030,26.73,no
2026-10-05T01:42:48.290969Z,KXNEAR15M-26OCT042145-45,0.0030,1.00,no
2026-10-05T01:42:48.290969Z,KXNEAR15M-26OCT042145-45,0.0020,400.00,no
2026-10-05T01:42:48.290969Z,KXNEAR15M-26OCT042145-45,0.0020,100.00,no
2026-10-05T01:42:48.290969Z,KXNEAR15M-26OCT042145-45,0.0020,211.58,no
2026-10-05T01:42:50.151199Z,KXNEAR15M-26OCT042145-45,0.0040,52.00,yes
2026-10-05T01:42:50.151199Z,KXNEAR15M-26OCT042145-45,0.0040,42.27,yes
2026-10-05T01:42:50.151199Z,KXNEAR15M-26OCT042145-45,0.0040,4.00,yes
2026-10-05T01:42:50.151199Z,KXNEAR15M-26OCT042145-45,0.0030,7.00,yes
2026-10-05T01:42:50.151199Z,KXNEAR15M-26OCT042145-45,0.0040,105.42,yes
2026-10-05T01:42:50.151199Z,KXNEAR15M-26OCT042145-45,0.0040,5.00,yes
2026-10-05T01:42:50.151199Z,KXNEAR15M-26OCT042145-45,0.0040,5.00,yes
2026-10-05T01:42:50.151199Z,KXNEAR15M-26OCT042145-45,0.0040,10.00,yes
2026-10-05T01:42:50.151199Z,KXNEAR15M-26OCT042145-45,0.0040,3.00,yes
2026-10-05T01:42:50.173005Z,KXNEAR15M-26OCT042145-45,0.0020,4.51,no
2026-10-05T01:42:56.606174Z,KXNEAR15M-26OCT042145-45,0.0030,13.00,yes
2026-10-05T01:42:56.606174Z,KXNEAR15M-26OCT042145-45,0.0030,4.51,yes
2026-10-05T01:42:56.606174Z,KXNEAR15M-26OCT042145-45,0.0030,12.00,yes
2026-10-05T01:42:56.606174Z,KXNEAR15M-26OCT042145-45,0.0050,61.71,yes
2026-10-05T01:42:56.606174Z,KXNEAR15M-26OCT042145-45,0.0040,26.73,yes
2026-10-05T01:42:56.606174Z,KXNEAR15M-26OCT042145-45,0.0040,106.16,yes
2026-10-05T01:42:58.080385Z,KXNEAR15M-26OCT042145-45,0.0020,17.00,no
2026-10-05T01:42:58.088071Z,KXNEAR15M-26OCT042145-45,0.0020,5.00,no
2026-10-05T01:42:58.09513Z,KXNEAR15M-26OCT042145-45,0.0020,2.00,no
2026-10-05T01:42:58.10066Z,KXNEAR15M-26OCT042145-45,0.0020,2.00,no
2026-10-05T01:42:59.347342Z,KXNEAR15M-26OCT042145-45,0.0020,10.29,no
2026-10-05T01:43:00.232049Z,KXNEAR15M-26OCT042145-45,0.0020,2.00,no
2026-10-05T01:43:00.594632Z,KXNEAR15M-26OCT042145-45,0.0020,2.00,no
2026-10-05T01:43:00.600233Z,KXNEAR15M-26OCT042145-45,0.0020,2.00,no
2026-10-05T01:43:00.790351Z,KXNEAR15M-26OCT042145-45,0.0020,5.00,no
2026-10-05T01:43:00.796892Z,KXNEAR15M-26OCT042145-45,0.0020,2.00,no
2026-10-05T01:43:00.804072Z,KXNEAR15M-26OCT042145-45,0.0020,2.00,no
2026-10-05T01:43:00.810229Z,KXNEAR15M-26OCT042145-45,0.0020,2.00,no
2026-10-05T01:43:00.977187Z,KXNEAR15M-26OCT042145-45,0.0020,2.00,no
2026-10-05T01:43:00.982188Z,KXNEAR15M-26OCT042145-45,0.0020,2.00,no
2026-10-05T01:43:00.98884Z,KXNEAR15M-26OCT042145-45,0.0020,2.00,no
2026-10-05T01:43:02.736501Z,KXNEAR15M-26OCT042145-45,0.0020,5.00,no
2026-10-05T01:43:02.77009Z,KXNEAR15M-26OCT042145-45,0.0020,200.37,no
2026-10-05T01:43:04.129891Z,KXNEAR15M-26OCT042145-45,0.0020,1.15,no
2026-10-05T01:43:04.129891Z,KXNEAR15M-26OCT042145-45,0.0020,19.25,no
2026-10-05T01:43:16.606314Z,KXNEAR15M-26OCT042145-45,0.0020,2.00,no
2026-10-05T01:43:16.606314Z,KXNEAR15M-26OCT042145-45,0.0020,0.03,no
2026-10-05T01:43:16.606314Z,KXNEAR15M-26OCT042145-45,0.0020,9.45,no
2026-10-05T01:43:16.606314Z,KXNEAR15M-26OCT042145-45,0.0020,8.85,no
2026-10-05T01:43:16.606314Z,KXNEAR15M-26OCT042145-45,0.0020,26.00,no
2026-10-05T01:43:16.606314Z,KXNEAR15M-26OCT042145-45,0.0020,3.00,no
2026-10-05T01:43:16.606314Z,KXNEAR15M-26OCT042145-45,0.0020,3.00,no
2026-10-05T01:43:16.606314Z,KXNEAR15M-26OCT042145-45,0.0020,3.00,no
2026-10-05T01:43:16.606314Z,KXNEAR15M-26OCT042145-45,0.0020,3.00,no
2026-10-05T01:43:16.606314Z,KXNEAR15M-26OCT042145-45,0.0020,3.00,no
2026-10-05T01:43:16.606314Z,KXNEAR15M-26OCT042145-45,0.0020,50.00,no
2026-10-05T01:43:28.801132Z,KXNEAR15M-26OCT042145-45,0.0050,185.11,yes
2026-10-05T01:43:28.801132Z,KXNEAR15M-26OCT042145-45,0.0030,4.00,yes
2026-10-05T01:43:28.801132Z,KXNEAR15M-26OCT042145-45,0.0030,5.00,yes
2026-10-05T01:43:28.801132Z,KXNEAR15M-26OCT042145-45,0.0030,10.29,yes
2026-10-05T01:43:28.801132Z,KXNEAR15M-26OCT042145-45,0.0030,5.00,yes
2026-10-05T01:43:28.801132Z,KXNEAR15M-26OCT042145-45,0.0030,2.00,yes
2026-10-05T01:43:28.801132Z,KXNEAR15M-26OCT042145-45,0.0030,2.00,yes
2026-10-05T01:43:28.801132Z,KXNEAR15M-26OCT042145-45,0.0030,17.00,yes
2026-10-05T01:43:28.801132Z,KXNEAR15M-26OCT042145-45,0.0030,2.00,yes
2026-10-05T01:43:28.801132Z,KXNEAR15M-26OCT042145-45,0.0030,2.00,yes
2026-10-05T01:43:28.801132Z,KXNEAR15M-26OCT042145-45,0.0030,2.00,yes
2026-10-05T01:43:28.801132Z,KXNEAR15M-26OCT042145-45,0.0030,2.00,yes
2026-10-05T01:43:28.801132Z,KXNEAR15M-26OCT042145-45,0.0030,2.00,yes
2026-10-05T01:43:28.801132Z,KXNEAR15M-26OCT042145-45,0.0030,2.00,yes
2026-10-05T01:43:28.801132Z,KXNEAR15M-26OCT042145-45,0.0030,5.00,yes
2026-10-05T01:43:28.801132Z,KXNEAR15M-26OCT042145-45,0.0030,2.00,yes
2026-10-05T01:43:28.801132Z,KXNEAR15M-26OCT042145-45,0.0030,2.00,yes
2026-10-05T01:43:28.801132Z,KXNEAR15M-26OCT042145-45,0.0030,2.00,yes
2026-10-05T01:43:28.801132Z,KXNEAR15M-26OCT042145-45,0.0030,200.37,yes
2026-10-05T01:43:28.801132Z,KXNEAR15M-26OCT042145-45,0.0030,5.00,yes
2026-10-05T01:43:28.801132Z,KXNEAR15M-26OCT042145-45,0.0030,1.15,yes
2026-10-05T01:43:28.801132Z,KXNEAR15M-26OCT042145-45,0.0030,19.25,yes
2026-10-05T01:43:28.801132Z,KXNEAR15M-26OCT042145-45,0.0030,8.85,yes
2026-10-05T01:43:28.801132Z,KXNEAR15M-26OCT042145-45,0.0030,9.45,yes
2026-10-05T01:43:31.085876Z,KXNEAR15M-26OCT042145-45,0.0020,490.55,no
2026-10-05T01:43:31.085876Z,KXNEAR15M-26OCT042145-45,0.0020,2.00,no
2026-10-05T01:43:31.085876Z,KXNEAR15M-26OCT042145-45,0.0020,0.03,no
2026-10-05T01:43:31.73869Z,KXNEAR15M-26OCT042145-45,0.0010,53.00,no
2026-10-05T01:43:34.913465Z,KXNEAR15M-26OCT042145-45,0.0010,1.00,no
2026-10-05T01:43:48.326398Z,KXNEAR15M-26OCT042145-45,0.0010,15.69,no
2026-10-05T01:43:49.331907Z,KXNEAR15M-26OCT042145-45,0.0010,2.00,no
2026-10-05T01:43:51.536114Z,KXNEAR15M-26OCT042145-45,0.0020,148.00,yes
2026-10-05T01:43:51.536114Z,KXNEAR15M-26OCT042145-45,0.0020,53.00,yes
2026-10-05T01:43:51.536114Z,KXNEAR15M-26OCT042145-45,0.0020,490.55,yes
2026-10-05T01:43:51.536114Z,KXNEAR15M-26OCT042145-45,0.0100,4.00,yes
2026-10-05T01:43:51.536114Z,KXNEAR15M-26OCT042145-45,0.0050,50.00,yes
2026-10-05T01:43:51.536114Z,KXNEAR15M-26OCT042145-45,0.0100,25.00,yes
2026-10-05T01:43:51.536114Z,KXNEAR15M-26OCT042145-45,0.0050,153.18,yes
2026-10-05T01:43:51.536114Z,KXNEAR15M-26OCT042145-45,0.0080,100.00,yes
2026-10-05T01:43:51.536114Z,KXNEAR15M-26OCT042145-45,0.0100,8.00,yes
2026-10-05T01:43:51.536114Z,KXNEAR15M-26OCT042145-45,0.0020,2.00,yes
2026-10-05T01:43:51.536114Z,KXNEAR15M-26OCT042145-45,0.0100,80.00,yes
2026-10-05T01:43:51.536114Z,KXNEAR15M-26OCT042145-45,0.0050,0.03,yes
2026-10-05T01:43:51.536114Z,KXNEAR15M-26OCT042145-45,0.0040,0.03,yes
2026-10-05T01:43:51.536114Z,KXNEAR15M-26OCT042145-45,0.0040,47.00,yes
2026-10-05T01:43:51.536114Z,KXNEAR15M-26OCT042145-45,0.0100,1.62,yes
2026-10-05T01:43:51.536114Z,KXNEAR15M-26OCT042145-45,0.0120,3.89,yes
2026-10-05T01:43:51.536114Z,KXNEAR15M-26OCT042145-45,0.0020,15.69,yes
2026-10-05T01:43:51.536114Z,KXNEAR15M-26OCT042145-45,0.0020,1.00,yes
2026-10-05T01:43:54.465983Z,KXNEAR15M-26OCT042145-45,0.0050,1.00,no
2026-10-05T01:43:54.473845Z,KXNEAR15M-26OCT042145-45,0.0050,1.97,no
2026-10-05T01:43:54.473845Z,KXNEAR15M-26OCT042145-45,0.0050,0.03,no
2026-10-05T01:43:54.987096Z,KXNEAR15M-26OCT042145-45,0.0040,2.97,no
2026-10-05T01:43:54.987096Z,KXNEAR15M-26OCT042145-45,0.0040,0.03,no
2026-10-05T01:43:54.987096Z,KXNEAR15M-26OCT042145-45,0.0040,4.00,no
2026-10-05T01:43:56.755099Z,KXNEAR15M-26OCT042145-45,0.0020,7.00,no
2026-10-05T01:43:56.760795Z,KXNEAR15M-26OCT042145-45,0.0020,5.00,no
2026-10-05T01:43:56.766314Z,KXNEAR15M-26OCT042145-45,0.0020,5.00,no
2026-10-05T01:43:56.773436Z,KXNEAR15M-26OCT042145-45,0.0020,2.00,no
2026-10-05T01:43:56.780159Z,KXNEAR15M-26OCT042145-45,0.0020,2.00,no
2026-10-05T01:43:57.371377Z,KXNEAR15M-26OCT042145-45,0.0020,2.00,no
2026-10-05T01:43:57.376973Z,KXNEAR15M-26OCT042145-45,0.0020,2.00,no
2026-10-05T01:43:57.53255Z,KXNEAR15M-26OCT042145-45,0.0020,2.00,no
2026-10-05T01:43:57.959687Z,KXNEAR15M-26OCT042145-45,0.0020,2.00,no
2026-10-05T01:43:57.966502Z,KXNEAR15M-26OCT042145-45,0.0020,2.00,no
2026-10-05T01:43:59.008535Z,KXNEAR15M-26OCT042145-45,0.0020,2.00,no
2026-10-05T01:43:59.090598Z,KXNEAR15M-26OCT042145-45,0.0020,1.00,no
2026-10-05T01:44:00.076864Z,KXNEAR15M-26OCT042145-45,0.0020,2.00,no
2026-10-05T01:44:00.663673Z,KXNEAR15M-26OCT042145-45,0.0020,225.38,no
2026-10-05T01:44:02.513187Z,KXNEAR15M-26OCT042145-45,0.0020,1.00,no
2026-10-05T01:44:04.409594Z,KXNEAR15M-26OCT042145-45,0.0020,2.00,no
2026-10-05T01:44:10.938353Z,KXNEAR15M-26OCT042145-45,0.0020,135.62,no
2026-10-05T01:44:10.938353Z,KXNEAR15M-26OCT042145-45,0.0010,64.38,no
2026-10-05T01:44:12.134211Z,KXNEAR15M-26OCT042145-45,0.0010,20.01,no
2026-10-05T01:44:13.381031Z,KXNEAR15M-26OCT042145-45,0.0020,20.01,yes
2026-10-05T01:44:13.381031Z,KXNEAR15M-26OCT042145-45,0.0020,64.38,yes
2026-10-05T01:44:13.381031Z,KXNEAR15M-26OCT042145-45,0.0020,27.00,yes
2026-10-05T01:44:13.381031Z,KXNEAR15M-26OCT042145-45,0.0040,16.00,yes
2026-10-05T01:44:13.381031Z,KXNEAR15M-26OCT042145-45,0.0050,18.53,yes
2026-10-05T01:44:13.381031Z,KXNEAR15M-26OCT042145-45,0.0030,10.00,yes
2026-10-05T01:44:13.381031Z,KXNEAR15M-26OCT042145-45,0.0050,103.00,yes
2026-10-05T01:44:13.569078Z,KXNEAR15M-26OCT042145-45,0.0010,35.00,no
2026-10-05T01:44:14.187386Z,KXNEAR15M-26OCT042145-45,0.0020,18.00,no
2026-10-05T01:44:14.553745Z,KXNEAR15M-26OCT042145-45,0.0020,2.00,no
2026-10-05T01:44:14.553745Z,KXNEAR15M-26OCT042145-45,0.0020,0.53,no
2026-10-05T01:44:14.553745Z,KXNEAR15M-26OCT042145-45,0.0010,1.00,no
2026-10-05T01:44:14.553745Z,KXNEAR15M-26OCT042145-45,0.0010,10.00,no
2026-10-05T01:44:14.553745Z,KXNEAR15M-26OCT042145-45,0.0010,1.00,no
2026-10-05T01:44:14.553745Z,KXNEAR15M-26OCT042145-45,0.0010,8.92,no
2026-10-05T01:44:14.553745Z,KXNEAR15M-26OCT042145-45,0.0010,1.00,no
2026-10-05T01:44:14.553745Z,KXNEAR15M-26OCT042145-45,0.0010,80.00,no
2026-10-05T01:44:15.329724Z,KXNEAR15M-26OCT042145-45,0.0010,82.00,yes
2026-10-05T01:44:24.028951Z,KXNEAR15M-26OCT042145-45,0.0010,90.00,yes
2026-10-05T01:41:05.547852Z,KXZEC15M-26OCT042145-45,0.0100,4.00,no
2026-10-05T01:41:08.478122Z,KXZEC15M-26OCT042145-45,0.0110,1.00,no
2026-10-05T01:41:08.478122Z,KXZEC15M-26OCT042145-45,0.0110,25.00,no
2026-10-05T01:41:08.628032Z,KXZEC15M-26OCT042145-45,0.0110,0.03,no
2026-10-05T01:41:08.628032Z,KXZEC15M-26OCT042145-45,0.0110,25.00,no
2026-10-05T01:41:10.84167Z,KXZEC15M-26OCT042145-45,0.0100,6.00,no
2026-10-05T01:41:13.665713Z,KXZEC15M-26OCT042145-45,0.0100,6.00,no
2026-10-05T01:41:21.712633Z,KXZEC15M-26OCT042145-45,0.0100,51.17,no
2026-10-05T01:41:22.802876Z,KXZEC15M-26OCT042145-45,0.0100,7.83,no
2026-10-05T01:41:22.802876Z,KXZEC15M-26OCT042145-45,0.0080,2.61,no
2026-10-05T01:41:27.390093Z,KXZEC15M-26OCT042145-45,0.0080,10.07,no
2026-10-05T01:41:27.955977Z,KXZEC15M-26OCT042145-45,0.0070,12.68,no
2026-10-05T01:41:27.955977Z,KXZEC15M-26OCT042145-45,0.0080,34.00,no
2026-10-05T01:41:27.955977Z,KXZEC15M-26OCT042145-45,0.0080,7.32,no
2026-10-05T01:41:27.955977Z,KXZEC15M-26OCT042145-45,0.0070,20.00,no
2026-10-05T01:41:28.09776Z,KXZEC15M-26OCT042145-45,0.0070,74.00,no
2026-10-05T01:41:37.947598Z,KXZEC15M-26OCT042145-45,0.0070,2.71,yes
2026-10-05T01:41:37.947598Z,KXZEC15M-26OCT042145-45,0.0070,10.64,yes
2026-10-05T01:41:38.607029Z,KXZEC15M-26OCT042145-45,0.0070,1.31,yes
2026-10-05T01:41:44.855513Z,KXZEC15M-26OCT042145-45,0.0060,19.26,no
2026-10-05T01:41:48.098158Z,KXZEC15M-26OCT042145-45,0.0060,51.17,yes
2026-10-05T01:41:48.098158Z,KXZEC15M-26OCT042145-45,0.0060,6.00,yes
2026-10-05T01:41:48.098158Z,KXZEC15M-26OCT042145-45,0.0060,6.00,yes
2026-10-05T01:41:48.098158Z,KXZEC15M-26OCT042145-45,0.0060,4.00,yes
2026-10-05T01:41:48.098158Z,KXZEC15M-26OCT042145-45,0.0060,0.01,yes
2026-10-05T01:41:48.098158Z,KXZEC15M-26OCT042145-45,0.0060,7.83,yes
2026-10-05T01:41:48.704061Z,KXZEC15M-26OCT042145-45,0.0050,136.69,no
2026-10-05T01:41:48.704061Z,KXZEC15M-26OCT042145-45,0.0050,1.00,no
2026-10-05T01:41:48.704061Z,KXZEC15M-26OCT042145-45,0.0050,11.00,no
2026-10-05T01:41:49.741468Z,KXZEC15M-26OCT042145-45,0.0070,26.71,yes
2026-10-05T01:41:51.43499Z,KXZEC15M-26OCT042145-45,0.0050,1.00,no
2026-10-05T01:41:51.724319Z,KXZEC15M-26OCT042145-45,0.0050,25.00,no
2026-10-05T01:41:51.724319Z,KXZEC15M-26OCT042145-45,0.0050,1.00,no
2026-10-05T01:41:51.724319Z,KXZEC15M-26OCT042145-45,0.0050,0.03,no
2026-10-05T01:41:52.037757Z,KXZEC15M-26OCT042145-45,0.0050,428.96,yes
2026-10-05T01:41:56.068181Z,KXZEC15M-26OCT042145-45,0.0040,125.00,no
2026-10-05T01:42:00.032881Z,KXZEC15M-26OCT042145-45,0.0050,65.00,yes
2026-10-05T01:42:02.273791Z,KXZEC15M-26OCT042145-45,0.0050,1.83,yes
2026-10-05T01:42:04.464735Z,KXZEC15M-26OCT042145-45,0.0040,60.97,no
2026-10-05T01:42:04.464735Z,KXZEC15M-26OCT042145-45,0.0040,1.00,no
2026-10-05T01:42:04.464735Z,KXZEC15M-26OCT042145-45,0.0040,1.00,no
2026-10-05T01:42:04.464735Z,KXZEC15M-26OCT042145-45,0.0040,1.00,no
2026-10-05T01:42:04.464735Z,KXZEC15M-26OCT042145-45,0.0040,1.00,no
2026-10-05T01:42:04.464735Z,KXZEC15M-26OCT042145-45,0.0040,1.00,no
2026-10-05T01:42:04.464735Z,KXZEC15M-26OCT042145-45,0.0040,13.00,no
2026-10-05T01:42:06.79117Z,KXZEC15M-26OCT042145-45,0.0040,1.00,no
2026-10-05T01:42:06.98567Z,KXZEC15M-26OCT042145-45,0.0040,20.00,no
2026-10-05T01:42:06.98567Z,KXZEC15M-26OCT042145-45,0.0040,38.03,no
2026-10-05T01:42:07.131541Z,KXZEC15M-26OCT042145-45,0.0030,50.00,no
2026-10-05T01:42:07.183221Z,KXZEC15M-26OCT042145-45,0.0030,14.34,no
2026-10-05T01:42:09.65725Z,KXZEC15M-26OCT042145-45,0.0030,20.00,no
2026-10-05T01:42:09.65725Z,KXZEC15M-26OCT042145-45,0.0030,0.03,no
2026-10-05T01:42:09.65725Z,KXZEC15M-26OCT042145-45,0.0040,1.00,no
2026-10-05T01:42:09.65725Z,KXZEC15M-26OCT042145-45,0.0030,18.00,no
2026-10-05T01:42:09.65725Z,KXZEC15M-26OCT042145-45,0.0030,2.00,no
2026-10-05T01:42:09.65725Z,KXZEC15M-26OCT042145-45,0.0030,2.00,no
2026-10-05T01:42:09.65725Z,KXZEC15M-26OCT042145-45,0.0030,2.00,no
2026-10-05T01:42:09.65725Z,KXZEC15M-26OCT042145-45,0.0030,2.00,no
2026-10-05T01:42:09.65725Z,KXZEC15M-26OCT042145-45,0.0030,2.00,no
2026-10-05T01:42:09.65725Z,KXZEC15M-26OCT042145-45,0.0030,250.00,no
2026-10-05T01:42:10.098126Z,KXZEC15M-26OCT042145-45,0.0040,76.00,yes
2026-10-05T01:42:10.098126Z,KXZEC15M-26OCT042145-45,0.0040,20.00,yes
2026-10-05T01:42:10.098126Z,KXZEC15M-26OCT042145-45,0.0030,33.63,yes
2026-10-05T01:42:15.248699Z,KXZEC15M-26OCT042145-45,0.0020,1.00,no
2026-10-05T01:42:18.875347Z,KXZEC15M-26OCT042145-45,0.0030,1.00,no
2026-10-05T01:42:18.875347Z,KXZEC15M-26OCT042145-45,0.0020,199.00,no
2026-10-05T01:42:18.875347Z,KXZEC15M-26OCT042145-45,0.0020,200.00,no
2026-10-05T01:42:18.875347Z,KXZEC15M-26OCT042145-45,0.0020,356.40,no
2026-10-05T01:42:21.097674Z,KXZEC15M-26OCT042145-45,0.0040,1.00,yes
2026-10-05T01:42:21.097674Z,KXZEC15M-26OCT042145-45,0.0040,76.00,yes
2026-10-05T01:42:22.106244Z,KXZEC15M-26OCT042145-45,0.0030,177.00,yes
2026-10-05T01:42:22.635366Z,KXZEC15M-26OCT042145-45,0.0020,26.71,no
2026-10-05T01:42:35.073858Z,KXZEC15M-26OCT042145-45,0.0030,229.62,yes
2026-10-05T01:42:35.274324Z,KXZEC15M-26OCT042145-45,0.0020,13.21,no
2026-10-05T01:42:40.599091Z,KXZEC15M-26OCT042145-45,0.0020,60.11,no
2026-10-05T01:42:42.64924Z,KXZEC15M-26OCT042145-45,0.0020,200.37,no
2026-10-05T01:42:45.194445Z,KXZEC15M-26OCT042145-45,0.0020,144.00,no
2026-10-05T01:42:46.472669Z,KXZEC15M-26OCT042145-45,0.0020,20.00,no
2026-10-05T01:42:46.472669Z,KXZEC15M-26OCT042145-45,0.0020,1094.40,no
2026-10-05T01:42:46.472669Z,KXZEC15M-26OCT042145-45,0.0020,100.00,no
2026-10-05T01:42:46.472669Z,KXZEC15M-26OCT042145-45,0.0020,55.60,no
2026-10-05T01:42:46.472669Z,KXZEC15M-26OCT042145-45,0.0020,30.00,no
2026-10-05T01:42:46.472669Z,KXZEC15M-26OCT042145-45,0.0020,3.00,no
2026-10-05T01:42:46.472669Z,KXZEC15M-26OCT042145-45,0.0020,3.00,no
2026-10-05T01:42:46.472669Z,KXZEC15M-26OCT042145-45,0.0020,3.00,no
2026-10-05T01:42:46.472669Z,KXZEC15M-26OCT042145-45,0.0020,3.00,no
2026-10-05T01:42:46.472669Z,KXZEC15M-26OCT042145-45,0.0020,3.00,no
2026-10-05T01:42:46.472669Z,KXZEC15M-26OCT042145-45,0.0020,26.00,no
2026-10-05T01:42:55.829161Z,KXZEC15M-26OCT042145-45,0.0030,13.21,yes
2026-10-05T01:42:55.829161Z,KXZEC15M-26OCT042145-45,0.0030,184.94,yes
2026-10-05T01:42:55.829161Z,KXZEC15M-26OCT042145-45,0.0030,60.11,yes
2026-10-05T01:42:55.829161Z,KXZEC15M-26OCT042145-45,0.0030,26.71,yes
2026-10-05T01:42:55.829161Z,KXZEC15M-26OCT042145-45,0.0030,20.38,yes
2026-10-05T01:43:00.184944Z,KXZEC15M-26OCT042145-45,0.0020,7.00,no
2026-10-05T01:43:02.281255Z,KXZEC15M-26OCT042145-45,0.0020,5.00,no
2026-10-05T01:43:03.745681Z,KXZEC15M-26OCT042145-45,0.0020,7.00,no
2026-10-05T01:43:03.745681Z,KXZEC15M-26OCT042145-45,0.0020,7.81,no
2026-10-05T01:43:04.059567Z,KXZEC15M-26OCT042145-45,0.0020,60.19,yes
2026-10-05T01:43:06.106259Z,KXZEC15M-26OCT042145-45,0.0020,144.00,yes
2026-10-05T01:43:06.918584Z,KXZEC15M-26OCT042145-45,0.0010,200.00,no
2026-10-05T01:43:06.918584Z,KXZEC15M-26OCT042145-45,0.0010,80.00,no
2026-10-05T01:43:06.918584Z,KXZEC15M-26OCT042145-45,0.0010,1.00,no
2026-10-05T01:43:06.918584Z,KXZEC15M-26OCT042145-45,0.0010,300.00,no
2026-10-05T01:43:06.918584Z,KXZEC15M-26OCT042145-45,0.0010,1.00,no
2026-10-05T01:43:06.918584Z,KXZEC15M-26OCT042145-45,0.0010,148.50,no
2026-10-05T01:43:06.947009Z,KXZEC15M-26OCT042145-45,0.0010,842.99,no
2026-10-05T01:43:07.043741Z,KXZEC15M-26OCT042145-45,0.0020,46.90,yes
2026-10-05T01:43:07.043741Z,KXZEC15M-26OCT042145-45,0.0020,55.60,yes
2026-10-05T01:43:07.933474Z,KXZEC15M-26OCT042145-45,0.0020,25.03,yes
2026-10-05T01:43:10.830629Z,KXZEC15M-26OCT042145-45,0.0010,250.00,no
2026-10-05T01:43:30.181645Z,KXZEC15M-26OCT042145-45,0.0010,149.00,no
2026-10-05T01:43:30.243863Z,KXZEC15M-26OCT042145-45,0.0010,268.00,no
2026-10-05T01:43:31.261106Z,KXZEC15M-26OCT042145-45,0.0010,53.00,no
2026-10-05T01:43:32.045989Z,KXZEC15M-26OCT042145-45,0.0010,20.00,no
2026-10-05T01:43:32.045989Z,KXZEC15M-26OCT042145-45,0.0010,300.00,no
2026-10-05T01:43:32.045989Z,KXZEC15M-26OCT042145-45,0.0010,25.03,no
2026-10-05T01:43:32.045989Z,KXZEC15M-26OCT042145-45,0.0010,46.90,no
2026-10-05T01:43:32.045989Z,KXZEC15M-26OCT042145-45,0.0010,788.51,no
2026-10-05T01:43:32.045989Z,KXZEC15M-26OCT042145-45,0.0010,1.00,no
2026-10-05T01:43:33.090321Z,KXZEC15M-26OCT042145-45,0.0010,191.29,yes
2026-10-05T01:43:33.090321Z,KXZEC15M-26OCT042145-45,0.0010,15.43,yes
2026-10-05T01:43:33.090321Z,KXZEC15M-26OCT042145-45,0.0010,100.00,yes
2026-10-05T01:43:35.886288Z,KXZEC15M-26OCT042145-45,0.0010,2.30,yes
2026-10-05T01:43:35.886288Z,KXZEC15M-26OCT042145-45,0.0010,842.99,yes
2026-10-05T01:43:35.886288Z,KXZEC15M-26OCT042145-45,0.0010,58.71,yes
2026-10-05T01:43:41.893264Z,KXZEC15M-26OCT042145-45,0.0010,11.42,yes
2026-10-05T01:43:49.102934Z,KXZEC15M-26OCT042145-45,0.0010,781.21,yes
2026-10-05T01:43:49.102934Z,KXZEC15M-26OCT042145-45,0.0010,134.78,yes
2026-10-05T01:43:57.477909Z,KXZEC15M-26OCT042145-45,0.0010,89.75,yes
2026-10-05T01:44:17.226588Z,KXZEC15M-26OCT042145-45,0.0010,91.62,yes
2026-10-05T01:44:23.682814Z,KXZEC15M-26OCT042145-45,0.0010,10.00,yes
2026-10-05T01:41:53.986246Z,KXHYPE15M-26OCT042145-45,0.0220,2.00,yes
2026-10-05T01:41:53.986246Z,KXHYPE15M-26OCT042145-45,0.0220,0.03,yes
2026-10-05T01:41:53.986246Z,KXHYPE15M-26OCT042145-45,0.0210,2.00,yes
2026-10-05T01:41:53.986246Z,KXHYPE15M-26OCT042145-45,0.0210,0.03,yes
2026-10-05T01:41:53.986246Z,KXHYPE15M-26OCT042145-45,0.0210,40.00,yes
2026-10-05T01:42:01.457586Z,KXHYPE15M-26OCT042145-45,0.0120,2.00,no
2026-10-05T01:42:01.457586Z,KXHYPE15M-26OCT042145-45,0.0120,37.00,no
2026-10-05T01:42:01.457586Z,KXHYPE15M-26OCT042145-45,0.0130,2.00,no
2026-10-05T01:42:01.457586Z,KXHYPE15M-26OCT042145-45,0.0120,0.03,no
2026-10-05T01:42:01.457586Z,KXHYPE15M-26OCT042145-45,0.0130,0.03,no
2026-10-05T01:42:01.457586Z,KXHYPE15M-26OCT042145-45,0.0110,8.94,no
2026-10-05T01:42:02.10906Z,KXHYPE15M-26OCT042145-45,0.0110,39.58,no
2026-10-05T01:42:02.10906Z,KXHYPE15M-26OCT042145-45,0.0110,0.03,no
2026-10-05T01:42:02.10906Z,KXHYPE15M-26OCT042145-45,0.0110,8.80,no
2026-10-05T01:42:02.10906Z,KXHYPE15M-26OCT042145-45,0.0110,12.24,no
2026-10-05T01:42:02.10906Z,KXHYPE15M-26OCT042145-45,0.0110,15.97,no
2026-10-05T01:42:02.10906Z,KXHYPE15M-26OCT042145-45,0.0110,10.00,no
2026-10-05T01:42:02.10906Z,KXHYPE15M-26OCT042145-45,0.0110,17.89,no
2026-10-05T01:42:02.10906Z,KXHYPE15M-26OCT042145-45,0.0110,0.44,no
2026-10-05T01:42:02.10906Z,KXHYPE15M-26OCT042145-45,0.0110,1.00,no
2026-10-05T01:42:02.10906Z,KXHYPE15M-26OCT042145-45,0.0110,5.82,no
2026-10-05T01:42:02.10906Z,KXHYPE15M-26OCT042145-45,0.0110,15.08,no
2026-10-05T01:42:02.10906Z,KXHYPE15M-26OCT042145-45,0.0110,6.35,no
2026-10-05T01:42:02.10906Z,KXHYPE15M-26OCT042145-45,0.0110,10.00,no
2026-10-05T01:42:02.10906Z,KXHYPE15M-26OCT042145-45,0.0110,27.56,no
2026-10-05T01:42:02.10906Z,KXHYPE15M-26OCT042145-45,0.0110,36.64,no
2026-10-05T01:42:02.10906Z,KXHYPE15M-26OCT042145-45,0.0110,3.27,no
2026-10-05T01:42:04.072431Z,KXHYPE15M-26OCT042145-45,0.0100,100.00,no
2026-10-05T01:42:09.96088Z,KXHYPE15M-26OCT042145-45,0.0100,300.00,no
2026-10-05T01:42:10.973634Z,KXHYPE15M-26OCT042145-45,0.0100,1.51,no
2026-10-05T01:42:11.949142Z,KXHYPE15M-26OCT042145-45,0.0100,45.00,no
2026-10-05T01:42:12.082648Z,KXHYPE15M-26OCT042145-45,0.0100,195.00,no
2026-10-05T01:42:12.082648Z,KXHYPE15M-26OCT042145-45,0.0100,2.00,no
2026-10-05T01:42:12.082648Z,KXHYPE15M-26OCT042145-45,0.0090,2.00,no
2026-10-05T01:42:12.082648Z,KXHYPE15M-26OCT042145-45,0.0100,23.81,no
2026-10-05T01:42:12.082648Z,KXHYPE15M-26OCT042145-45,0.0090,4.00,no
2026-10-05T01:42:12.082648Z,KXHYPE15M-26OCT042145-45,0.0100,0.03,no
2026-10-05T01:42:12.082648Z,KXHYPE15M-26OCT042145-45,0.0100,25.00,no
2026-10-05T01:42:12.082648Z,KXHYPE15M-26OCT042145-45,0.0080,0.03,no
2026-10-05T01:42:12.082648Z,KXHYPE15M-26OCT042145-45,0.0100,10.00,no
2026-10-05T01:42:12.082648Z,KXHYPE15M-26OCT042145-45,0.0090,0.03,no
2026-10-05T01:42:12.082648Z,KXHYPE15M-26OCT042145-45,0.0080,20.00,no
2026-10-05T01:42:12.082648Z,KXHYPE15M-26OCT042145-45,0.0090,20.00,no
2026-10-05T01:42:13.852167Z,KXHYPE15M-26OCT042145-45,0.0090,20.00,yes
2026-10-05T01:42:14.049422Z,KXHYPE15M-26OCT042145-45,0.0070,0.03,no
2026-10-05T01:42:14.049422Z,KXHYPE15M-26OCT042145-45,0.0090,79.00,no
2026-10-05T01:42:14.049422Z,KXHYPE15M-26OCT042145-45,0.0070,2.00,no
2026-10-05T01:42:14.049422Z,KXHYPE15M-26OCT042145-45,0.0070,20.00,no
2026-10-05T01:42:15.209991Z,KXHYPE15M-26OCT042145-45,0.0100,20.00,yes
2026-10-05T01:42:15.209991Z,KXHYPE15M-26OCT042145-45,0.0100,0.03,yes
2026-10-05T01:42:15.209991Z,KXHYPE15M-26OCT042145-45,0.0100,36.00,yes
2026-10-05T01:42:15.209991Z,KXHYPE15M-26OCT042145-45,0.0120,14.85,yes
2026-10-05T01:42:15.209991Z,KXHYPE15M-26OCT042145-45,0.0100,20.00,yes
2026-10-05T01:42:15.209991Z,KXHYPE15M-26OCT042145-45,0.0120,100.00,yes
2026-10-05T01:42:22.983012Z,KXHYPE15M-26OCT042145-45,0.0070,130.90,yes
2026-10-05T01:42:24.652174Z,KXHYPE15M-26OCT042145-45,0.0060,10.07,no
2026-10-05T01:42:26.691785Z,KXHYPE15M-26OCT042145-45,0.0060,0.07,no
2026-10-05T01:42:26.691785Z,KXHYPE15M-26OCT042145-45,0.0060,9.93,no
2026-10-05T01:42:28.121858Z,KXHYPE15M-26OCT042145-45,0.0070,133.58,yes
2026-10-05T01:42:35.648213Z,KXHYPE15M-26OCT042145-45,0.0060,311.64,yes
2026-10-05T01:42:36.738524Z,KXHYPE15M-26OCT042145-45,0.0050,17.00,no
2026-10-05T01:42:36.738524Z,KXHYPE15M-26OCT042145-45,0.0050,225.00,no
2026-10-05T01:42:36.738524Z,KXHYPE15M-26OCT042145-45,0.0050,173.00,no
2026-10-05T01:42:37.195615Z,KXHYPE15M-26OCT042145-45,0.0050,19.55,no
2026-10-05T01:42:37.712721Z,KXHYPE15M-26OCT042145-45,0.0050,51.81,no
2026-10-05T01:42:37.741542Z,KXHYPE15M-26OCT042145-45,0.0050,7.84,no
2026-10-05T01:42:49.439273Z,KXHYPE15M-26OCT042145-45,0.0040,1.00,no
2026-10-05T01:42:49.439273Z,KXHYPE15M-26OCT042145-45,0.0040,13.00,no
2026-10-05T01:42:49.439273Z,KXHYPE15M-26OCT042145-45,0.0050,11.00,no
2026-10-05T01:42:49.439273Z,KXHYPE15M-26OCT042145-45,0.0040,1.00,no
2026-10-05T01:42:49.439273Z,KXHYPE15M-26OCT042145-45,0.0040,1.00,no
2026-10-05T01:42:49.439273Z,KXHYPE15M-26OCT042145-45,0.0040,1.00,no
2026-10-05T01:42:49.439273Z,KXHYPE15M-26OCT042145-45,0.0040,1.00,no
2026-10-05T01:42:49.439273Z,KXHYPE15M-26OCT042145-45,0.0040,2.00,no
2026-10-05T01:42:49.439273Z,KXHYPE15M-26OCT042145-45,0.0040,0.03,no
2026-10-05T01:42:49.439273Z,KXHYPE15M-26OCT042145-45,0.0050,0.03,no
2026-10-05T01:42:49.439273Z,KXHYPE15M-26OCT042145-45,0.0050,2.00,no
2026-10-05T01:42:49.439273Z,KXHYPE15M-26OCT042145-45,0.0040,19.00,no
2026-10-05T01:42:49.439273Z,KXHYPE15M-26OCT042145-45,0.0030,104.81,no
2026-10-05T01:42:49.439273Z,KXHYPE15M-26OCT042145-45,0.0050,3.80,no
2026-10-05T01:42:49.439273Z,KXHYPE15M-26OCT042145-45,0.0040,20.00,no
2026-10-05T01:42:49.439273Z,KXHYPE15M-26OCT042145-45,0.0050,20.00,no
2026-10-05T01:42:49.520595Z,KXHYPE15M-26OCT042145-45,0.0030,40.96,no
2026-10-05T01:42:51.219947Z,KXHYPE15M-26OCT042145-45,0.0030,29.07,no
2026-10-05T01:42:54.981004Z,KXHYPE15M-26OCT042145-45,0.0030,2.00,no
2026-10-05T01:42:54.981004Z,KXHYPE15M-26OCT042145-45,0.0030,2.00,no
2026-10-05T01:42:54.981004Z,KXHYPE15M-26OCT042145-45,0.0030,2.00,no
2026-10-05T01:42:54.981004Z,KXHYPE15M-26OCT042145-45,0.0030,2.00,no
2026-10-05T01:42:54.981004Z,KXHYPE15M-26OCT042145-45,0.0030,2.00,no
2026-10-05T01:42:54.981004Z,KXHYPE15M-26OCT042145-45,0.0030,18.00,no
2026-10-05T01:42:54.981004Z,KXHYPE15M-26OCT042145-45,0.0030,2.00,no
2026-10-05T01:42:54.981004Z,KXHYPE15M-26OCT042145-45,0.0030,2.00,no
2026-10-05T01:42:54.981004Z,KXHYPE15M-26OCT042145-45,0.0030,75.16,no
2026-10-05T01:42:54.981004Z,KXHYPE15M-26OCT042145-45,0.0030,20.00,no
2026-10-05T01:42:55.097844Z,KXHYPE15M-26OCT042145-45,0.0030,383.49,yes
2026-10-05T01:42:56.802414Z,KXHYPE15M-26OCT042145-45,0.0020,55.18,no
2026-10-05T01:42:58.00622Z,KXHYPE15M-26OCT042145-45,0.0030,30.53,yes
2026-10-05T01:42:59.399136Z,KXHYPE15M-26OCT042145-45,0.0030,25.00,yes
2026-10-05T01:42:59.618891Z,KXHYPE15M-26OCT042145-45,0.0030,50.00,yes
2026-10-05T01:42:59.961801Z,KXHYPE15M-26OCT042145-45,0.0020,144.82,no
2026-10-05T01:42:59.961801Z,KXHYPE15M-26OCT042145-45,0.0020,155.18,no
2026-10-05T01:43:00.118433Z,KXHYPE15M-26OCT042145-45,0.0020,1.00,no
2026-10-05T01:43:02.549955Z,KXHYPE15M-26OCT042145-45,0.0020,5.00,no
2026-10-05T01:43:03.432341Z,KXHYPE15M-26OCT042145-45,0.0020,486.18,no
2026-10-05T01:43:03.432341Z,KXHYPE15M-26OCT042145-45,0.0020,238.82,no
2026-10-05T01:43:03.513027Z,KXHYPE15M-26OCT042145-45,0.0020,1.00,no
2026-10-05T01:43:04.554985Z,KXHYPE15M-26OCT042145-45,0.0020,2.00,no
2026-10-05T01:43:05.827456Z,KXHYPE15M-26OCT042145-45,0.0030,75.16,yes
2026-10-05T01:43:05.827456Z,KXHYPE15M-26OCT042145-45,0.0030,230.19,yes
2026-10-05T01:43:09.047276Z,KXHYPE15M-26OCT042145-45,0.0030,10.15,yes
2026-10-05T01:43:09.047276Z,KXHYPE15M-26OCT042145-45,0.0050,22.95,yes
2026-10-05T01:43:09.047276Z,KXHYPE15M-26OCT042145-45,0.0050,0.03,yes
2026-10-05T01:43:09.047276Z,KXHYPE15M-26OCT042145-45,0.0040,20.00,yes
2026-10-05T01:43:09.047276Z,KXHYPE15M-26OCT042145-45,0.0030,0.03,yes
2026-10-05T01:43:09.047276Z,KXHYPE15M-26OCT042145-45,0.0030,392.81,yes
2026-10-05T01:43:09.047276Z,KXHYPE15M-26OCT042145-45,0.0050,0.03,yes
2026-10-05T01:43:09.047276Z,KXHYPE15M-26OCT042145-45,0.0050,20.00,yes
2026-10-05T01:43:09.047276Z,KXHYPE15M-26OCT042145-45,0.0030,40.96,yes
2026-10-05T01:43:09.047276Z,KXHYPE15M-26OCT042145-45,0.0030,104.81,yes
2026-10-05T01:43:09.047276Z,KXHYPE15M-26OCT042145-45,0.0040,0.03,yes
2026-10-05T01:43:09.047276Z,KXHYPE15M-26OCT042145-45,0.0030,29.07,yes
2026-10-05T01:43:09.047276Z,KXHYPE15M-26OCT042145-45,0.0030,2.00,yes
2026-10-05T01:43:09.047276Z,KXHYPE15M-26OCT042145-45,0.0040,59.00,yes
2026-10-05T01:43:09.047276Z,KXHYPE15M-26OCT042145-45,0.0030,1.00,yes
2026-10-05T01:43:09.047276Z,KXHYPE15M-26OCT042145-45,0.0030,486.18,yes
2026-10-05T01:43:09.244187Z,KXHYPE15M-26OCT042145-45,0.0020,19.21,no
2026-10-05T01:43:09.244187Z,KXHYPE15M-26OCT042145-45,0.0020,10.82,no
2026-10-05T01:43:11.071781Z,KXHYPE15M-26OCT042145-45,0.0020,1.00,no
2026-10-05T01:43:11.071781Z,KXHYPE15M-26OCT042145-45,0.0020,3.00,no
2026-10-05T01:43:11.071781Z,KXHYPE15M-26OCT042145-45,0.0020,3.00,no
2026-10-05T01:43:11.071781Z,KXHYPE15M-26OCT042145-45,0.0020,3.00,no
2026-10-05T01:43:11.071781Z,KXHYPE15M-26OCT042145-45,0.0020,26.00,no
2026-10-05T01:43:11.071781Z,KXHYPE15M-26OCT042145-45,0.0020,3.00,no
2026-10-05T01:43:11.071781Z,KXHYPE15M-26OCT042145-45,0.0020,3.00,no
2026-10-05T01:43:11.071781Z,KXHYPE15M-26OCT042145-45,0.0020,1.00,no
2026-10-05T01:43:11.071781Z,KXHYPE15M-26OCT042145-45,0.0020,1.00,no
2026-10-05T01:43:11.071781Z,KXHYPE15M-26OCT042145-45,0.0020,1.00,no
2026-10-05T01:43:11.071781Z,KXHYPE15M-26OCT042145-45,0.0020,3.00,no
2026-10-05T01:43:11.071781Z,KXHYPE15M-26OCT042145-45,0.0020,2.00,no
2026-10-05T01:43:11.071781Z,KXHYPE15M-26OCT042145-45,0.0020,7.00,no
2026-10-05T01:43:11.071781Z,KXHYPE15M-26OCT042145-45,0.0020,12.00,no
2026-10-05T01:43:11.071781Z,KXHYPE15M-26OCT042145-45,0.0020,59.60,no
2026-10-05T01:43:11.071781Z,KXHYPE15M-26OCT042145-45,0.0020,0.79,no
2026-10-05T01:43:11.071781Z,KXHYPE15M-26OCT042145-45,0.0020,50.00,no
2026-10-05T01:43:11.096541Z,KXHYPE15M-26OCT042145-45,0.0020,6.94,no
2026-10-05T01:43:17.587948Z,KXHYPE15M-26OCT042145-45,0.0020,90.24,no
2026-10-05T01:43:18.986718Z,KXHYPE15M-26OCT042145-45,0.0030,57.89,yes
2026-10-05T01:43:18.986718Z,KXHYPE15M-26OCT042145-45,0.0030,0.79,yes
2026-10-05T01:43:18.986718Z,KXHYPE15M-26OCT042145-45,0.0030,19.21,yes
2026-10-05T01:43:31.189986Z,KXHYPE15M-26OCT042145-45,0.0020,53.00,no
2026-10-05T01:43:31.885109Z,KXHYPE15M-26OCT042145-45,0.0020,45.00,no
2026-10-05T01:43:33.116564Z,KXHYPE15M-26OCT042145-45,0.0020,0.03,no
2026-10-05T01:43:33.116564Z,KXHYPE15M-26OCT042145-45,0.0020,245.22,no
2026-10-05T01:43:34.0668Z,KXHYPE15M-26OCT042145-45,0.0020,489.75,yes
2026-10-05T01:43:40.864825Z,KXHYPE15M-26OCT042145-45,0.0010,22.00,no
2026-10-05T01:43:41.606412Z,KXHYPE15M-26OCT042145-45,0.0010,400.00,no
2026-10-05T01:43:42.969774Z,KXHYPE15M-26OCT042145-45,0.0010,1.00,no
2026-10-05T01:43:43.432985Z,KXHYPE15M-26OCT042145-45,0.0010,123.59,no
2026-10-05T01:43:43.432985Z,KXHYPE15M-26OCT042145-45,0.0010,77.00,no
2026-10-05T01:43:44.646067Z,KXHYPE15M-26OCT042145-45,0.0010,22.02,no
2026-10-05T01:43:45.474145Z,KXHYPE15M-26OCT042145-45,0.0010,3.61,no
2026-10-05T01:43:46.23768Z,KXHYPE15M-26OCT042145-45,0.0010,3.61,no
2026-10-05T01:43:47.006286Z,KXHYPE15M-26OCT042145-45,0.0010,3.60,no
2026-10-05T01:43:47.752861Z,KXHYPE15M-26OCT042145-45,0.0020,245.22,yes
2026-10-05T01:43:47.752861Z,KXHYPE15M-26OCT042145-45,0.0020,145.00,yes
2026-10-05T01:43:47.752861Z,KXHYPE15M-26OCT042145-45,0.0020,67.79,yes
2026-10-05T01:43:48.539892Z,KXHYPE15M-26OCT042145-45,0.0010,14.90,no
2026-10-05T01:43:48.925049Z,KXHYPE15M-26OCT042145-45,0.0010,11.01,no
2026-10-05T01:43:49.29927Z,KXHYPE15M-26OCT042145-45,0.0010,14.90,no
2026-10-05T01:43:50.062759Z,KXHYPE15M-26OCT042145-45,0.0010,14.90,no
2026-10-05T01:43:50.820734Z,KXHYPE15M-26OCT042145-45,0.0010,14.90,no
2026-10-05T01:43:50.876199Z,KXHYPE15M-26OCT042145-45,0.0010,3.47,no
2026-10-05T01:43:51.663877Z,KXHYPE15M-26OCT042145-45,0.0010,3.47,no
2026-10-05T01:43:53.624887Z,KXHYPE15M-26OCT042145-45,0.0010,74.09,no
2026-10-05T01:43:53.624887Z,KXHYPE15M-26OCT042145-45,0.0010,1.00,no
2026-10-05T01:43:53.624887Z,KXHYPE15M-26OCT042145-45,0.0010,46.02,no
2026-10-05T01:43:53.624887Z,KXHYPE15M-26OCT042145-45,0.0010,1.00,no
2026-10-05T01:43:53.666266Z,KXHYPE15M-26OCT042145-45,0.0010,8.09,no
2026-10-05T01:43:54.423264Z,KXHYPE15M-26OCT042145-45,0.0010,8.09,no
2026-10-05T01:43:55.196658Z,KXHYPE15M-26OCT042145-45,0.0010,1.00,no
2026-10-05T01:43:55.196658Z,KXHYPE15M-26OCT042145-45,0.0010,1.27,no
2026-10-05T01:43:55.196658Z,KXHYPE15M-26OCT042145-45,0.0010,2.00,no
2026-10-05T01:43:55.196658Z,KXHYPE15M-26OCT042145-45,0.0010,3.82,no
2026-10-05T01:43:55.95614Z,KXHYPE15M-26OCT042145-45,0.0010,8.08,no
2026-10-05T01:43:58.200436Z,KXHYPE15M-26OCT042145-45,0.0010,13.60,no
2026-10-05T01:43:58.200436Z,KXHYPE15M-26OCT042145-45,0.0010,4.00,no
2026-10-05T01:43:58.200436Z,KXHYPE15M-26OCT042145-45,0.0010,3.00,no
2026-10-05T01:43:58.200436Z,KXHYPE15M-26OCT042145-45,0.0010,1.00,no
2026-10-05T01:43:58.200436Z,KXHYPE15M-26OCT042145-45,0.0010,3.00,no
2026-10-05T01:43:59.047198Z,KXHYPE15M-26OCT042145-45,0.0010,53.00,yes
2026-10-05T01:43:59.047198Z,KXHYPE15M-26OCT042145-45,0.0010,45.00,yes
2026-10-05T01:43:59.047198Z,KXHYPE15M-26OCT042145-45,0.0010,250.25,yes
2026-10-05T01:43:59.047198Z,KXHYPE15M-26OCT042145-45,0.0010,11.00,yes
2026-10-05T01:44:03.056509Z,KXHYPE15M-26OCT042145-45,0.0010,130.57,yes
2026-10-05T01:44:09.331759Z,KXHYPE15M-26OCT042145-45,0.0010,9.20,yes
2026-10-05T01:44:34.593015Z,KXHYPE15M-26OCT042145-45,0.0010,91.62,yes
2026-10-05T01:44:46.608055Z,KXHYPE15M-26OCT042145-45,0.0010,7.77,yes
2026-10-05T01:44:46.608055Z,KXHYPE15M-26OCT042145-45,0.0030,40.00,yes
2026-10-05T01:44:46.608055Z,KXHYPE15M-26OCT042145-45,0.0030,40.00,yes
2026-10-05T01:44:46.608055Z,KXHYPE15M-26OCT042145-45,0.0010,2263.56,yes
2026-10-05T01:44:46.608055Z,KXHYPE15M-26OCT042145-45,0.0010,55.19,yes
2026-10-05T01:44:46.608055Z,KXHYPE15M-26OCT042145-45,0.0010,1719.62,yes
2026-10-05T01:44:46.608055Z,KXHYPE15M-26OCT042145-45,0.0050,516.54,yes
2026-10-05T01:44:46.608055Z,KXHYPE15M-26OCT042145-45,0.0020,313.21,yes
2026-10-05T01:44:46.608055Z,KXHYPE15M-26OCT042145-45,0.0020,22.00,yes
2026-10-05T01:44:46.608055Z,KXHYPE15M-26OCT042145-45,0.0020,1.00,yes
2026-10-05T01:44:46.608055Z,KXHYPE15M-26OCT042145-45,0.0020,400.00,yes
2026-10-05T01:44:46.608055Z,KXHYPE15M-26OCT042145-45,0.0020,77.00,yes
2026-10-05T01:44:46.608055Z,KXHYPE15M-26OCT042145-45,0.0010,74.09,yes
2026-10-05T01:44:46.608055Z,KXHYPE15M-26OCT042145-45,0.0020,8.09,yes
2026-10-05T01:44:46.608055Z,KXHYPE15M-26OCT042145-45,0.0020,3.82,yes
2026-10-05T01:44:46.608055Z,KXHYPE15M-26OCT042145-45,0.0020,8.09,yes
2026-10-05T01:44:46.608055Z,KXHYPE15M-26OCT042145-45,0.0010,35.00,yes
2026-10-05T01:44:46.608055Z,KXHYPE15M-26OCT042145-45,0.0010,68.61,yes
2026-10-05T01:44:46.608055Z,KXHYPE15M-26OCT042145-45,0.0020,71.00,yes
2026-10-05T01:44:46.608055Z,KXHYPE15M-26OCT042145-45,0.0040,71.00,yes
2026-10-05T01:44:46.608055Z,KXHYPE15M-26OCT042145-45,0.0010,12.00,yes
2026-10-05T01:44:46.608055Z,KXHYPE15M-26OCT042145-45,0.0010,71.00,yes
2026-10-05T01:44:46.608055Z,KXHYPE15M-26OCT042145-45,0.0050,50.00,yes
2026-10-05T01:44:46.608055Z,KXHYPE15M-26OCT042145-45,0.0040,200.00,yes
2026-10-05T01:44:47.020245Z,KXHYPE15M-26OCT042145-45,0.0010,50.00,no
2026-10-05T01:44:47.048837Z,KXHYPE15M-26OCT042145-45,0.0010,2.00,no
2026-10-05T01:44:47.057937Z,KXHYPE15M-26OCT042145-45,0.0010,52.00,no
2026-10-05T01:44:47.057937Z,KXHYPE15M-26OCT042145-45,0.0010,148.00,no
2026-10-05T01:44:47.063583Z,KXHYPE15M-26OCT042145-45,0.0010,1.00,no
2026-10-05T01:44:47.063583Z,KXHYPE15M-26OCT042145-45,0.0010,3.00,no
2026-10-05T01:44:55.369026Z,KXHYPE15M-26OCT042145-45,0.0010,915.99,yes
2026-10-05T01:42:00.006587Z,KXXRP15M-26OCT042145-45,0.0360,1.63,no
2026-10-05T01:42:00.556354Z,KXXRP15M-26OCT042145-45,0.0340,1.31,no
2026-10-05T01:42:00.556354Z,KXXRP15M-26OCT042145-45,0.0350,5.00,no
2026-10-05T01:42:00.556354Z,KXXRP15M-26OCT042145-45,0.0360,3.11,no
2026-10-05T01:42:00.883538Z,KXXRP15M-26OCT042145-45,0.0340,1.00,no
2026-10-05T01:42:00.937996Z,KXXRP15M-26OCT042145-45,0.0330,16.00,no
2026-10-05T01:42:00.937996Z,KXXRP15M-26OCT042145-45,0.0330,5.00,no
2026-10-05T01:42:00.937996Z,KXXRP15M-26OCT042145-45,0.0340,4.00,no
2026-10-05T01:42:00.937996Z,KXXRP15M-26OCT042145-45,0.0320,0.08,no
2026-10-05T01:42:00.937996Z,KXXRP15M-26OCT042145-45,0.0320,0.44,no
2026-10-05T01:42:00.937996Z,KXXRP15M-26OCT042145-45,0.0320,2.50,no
2026-10-05T01:42:00.937996Z,KXXRP15M-26OCT042145-45,0.0320,0.23,no
2026-10-05T01:42:00.937996Z,KXXRP15M-26OCT042145-45,0.0320,0.83,no
2026-10-05T01:42:00.937996Z,KXXRP15M-26OCT042145-45,0.0320,1.01,no
2026-10-05T01:42:00.937996Z,KXXRP15M-26OCT042145-45,0.0320,0.45,no
2026-10-05T01:42:00.937996Z,KXXRP15M-26OCT042145-45,0.0320,2.66,no
2026-10-05T01:42:00.937996Z,KXXRP15M-26OCT042145-45,0.0320,1.17,no
2026-10-05T01:42:00.937996Z,KXXRP15M-26OCT042145-45,0.0320,0.74,no
2026-10-05T01:42:00.937996Z,KXXRP15M-26OCT042145-45,0.0320,0.86,no
2026-10-05T01:42:00.937996Z,KXXRP15M-26OCT042145-45,0.0320,1.93,no
2026-10-05T01:42:00.937996Z,KXXRP15M-26OCT042145-45,0.0320,0.10,no
2026-10-05T01:42:00.952183Z,KXXRP15M-26OCT042145-45,0.0320,0.38,no
2026-10-05T01:42:00.952183Z,KXXRP15M-26OCT042145-45,0.0320,1.55,no
2026-10-05T01:42:00.952183Z,KXXRP15M-26OCT042145-45,0.0320,0.56,no
2026-10-05T01:42:00.952183Z,KXXRP15M-26OCT042145-45,0.0320,0.49,no
2026-10-05T01:42:00.952183Z,KXXRP15M-26OCT042145-45,0.0320,0.50,no
2026-10-05T01:42:00.952183Z,KXXRP15M-26OCT042145-45,0.0320,0.05,no
2026-10-05T01:42:00.952183Z,KXXRP15M-26OCT042145-45,0.0320,0.34,no
2026-10-05T01:42:00.952183Z,KXXRP15M-26OCT042145-45,0.0320,1.15,no
2026-10-05T01:42:00.952183Z,KXXRP15M-26OCT042145-45,0.0320,0.82,no
2026-10-05T01:42:00.952183Z,KXXRP15M-26OCT042145-45,0.0320,0.18,no
2026-10-05T01:42:00.952183Z,KXXRP15M-26OCT042145-45,0.0320,1.50,no
2026-10-05T01:42:00.952183Z,KXXRP15M-26OCT042145-45,0.0320,2.15,no
2026-10-05T01:42:00.952183Z,KXXRP15M-26OCT042145-45,0.0320,0.95,no
2026-10-05T01:42:00.952183Z,KXXRP15M-26OCT042145-45,0.0320,0.02,no
2026-10-05T01:42:00.952183Z,KXXRP15M-26OCT042145-45,0.0320,4.00,no
2026-10-05T01:42:00.952183Z,KXXRP15M-26OCT042145-45,0.0320,5.00,no
2026-10-05T01:42:00.952183Z,KXXRP15M-26OCT042145-45,0.0320,1.63,no
2026-10-05T01:42:00.952183Z,KXXRP15M-26OCT042145-45,0.0320,0.26,no
2026-10-05T01:42:00.952183Z,KXXRP15M-26OCT042145-45,0.0320,1.00,no
2026-10-05T01:42:00.952183Z,KXXRP15M-26OCT042145-45,0.0320,1.00,no
2026-10-05T01:42:00.952183Z,KXXRP15M-26OCT042145-45,0.0320,8.63,no
2026-10-05T01:42:00.952183Z,KXXRP15M-26OCT042145-45,0.0320,0.37,no
2026-10-05T01:42:00.952183Z,KXXRP15M-26OCT042145-45,0.0320,2.10,no
2026-10-05T01:42:00.952183Z,KXXRP15M-26OCT042145-45,0.0320,0.37,no
2026-10-05T01:42:00.952183Z,KXXRP15M-26OCT042145-45,0.0320,1.00,no
2026-10-05T01:42:00.964854Z,KXXRP15M-26OCT042145-45,0.0320,0.01,no
2026-10-05T01:42:00.964854Z,KXXRP15M-26OCT042145-45,0.0320,1.99,no
2026-10-05T01:42:00.964854Z,KXXRP15M-26OCT042145-45,0.0320,1.37,no
2026-10-05T01:42:00.964854Z,KXXRP15M-26OCT042145-45,0.0320,0.68,no
2026-10-05T01:42:00.964854Z,KXXRP15M-26OCT042145-45,0.0320,3.91,no
2026-10-05T01:42:00.964854Z,KXXRP15M-26OCT042145-45,0.0320,0.05,no
2026-10-05T01:42:00.964854Z,KXXRP15M-26OCT042145-45,0.0320,1.40,no
2026-10-05T01:42:00.964854Z,KXXRP15M-26OCT042145-45,0.0320,0.40,no
2026-10-05T01:42:00.964854Z,KXXRP15M-26OCT042145-45,0.0320,0.16,no
2026-10-05T01:42:00.964854Z,KXXRP15M-26OCT042145-45,0.0320,3.03,no
2026-10-05T01:42:01.010868Z,KXXRP15M-26OCT042145-45,0.0310,35.00,no
2026-10-05T01:42:01.010868Z,KXXRP15M-26OCT042145-45,0.0320,3.01,no
2026-10-05T01:42:01.010868Z,KXXRP15M-26OCT042145-45,0.0310,5.00,no
2026-10-05T01:42:01.010868Z,KXXRP15M-26OCT042145-45,0.0260,7.00,no
2026-10-05T01:42:01.010868Z,KXXRP15M-26OCT042145-45,0.0250,40.00,no
2026-10-05T01:42:01.010868Z,KXXRP15M-26OCT042145-45,0.0250,155.23,no
2026-10-05T01:42:01.010868Z,KXXRP15M-26OCT042145-45,0.0250,7.50,no
2026-10-05T01:42:01.010868Z,KXXRP15M-26OCT042145-45,0.0300,1.00,no
2026-10-05T01:42:01.010868Z,KXXRP15M-26OCT042145-45,0.0200,5.00,no
2026-10-05T01:42:01.010868Z,KXXRP15M-26OCT042145-45,0.0200,87.14,no
2026-10-05T01:42:01.010868Z,KXXRP15M-26OCT042145-45,0.0200,55.00,no
2026-10-05T01:42:01.010868Z,KXXRP15M-26OCT042145-45,0.0200,2.00,no
2026-10-05T01:42:01.010868Z,KXXRP15M-26OCT042145-45,0.0200,10.00,no
2026-10-05T01:42:01.010868Z,KXXRP15M-26OCT042145-45,0.0200,38.12,no
2026-10-05T01:42:01.063734Z,KXXRP15M-26OCT042145-45,0.0210,7.00,no
2026-10-05T01:42:01.063734Z,KXXRP15M-26OCT042145-45,0.0280,5.00,no
2026-10-05T01:42:01.063734Z,KXXRP15M-26OCT042145-45,0.0290,5.00,no
2026-10-05T01:42:01.063734Z,KXXRP15M-26OCT042145-45,0.0160,109.14,no
2026-10-05T01:42:01.063734Z,KXXRP15M-26OCT042145-45,0.0200,1.00,no
2026-10-05T01:42:01.063734Z,KXXRP15M-26OCT042145-45,0.0200,12.86,no
2026-10-05T01:42:01.063734Z,KXXRP15M-26OCT042145-45,0.0180,8.00,no
2026-10-05T01:42:01.063734Z,KXXRP15M-26OCT042145-45,0.0180,40.00,no
2026-10-05T01:42:01.063734Z,KXXRP15M-26OCT042145-45,0.0160,40.00,no
2026-10-05T01:42:01.063734Z,KXXRP15M-26OCT042145-45,0.0190,40.00,no
2026-10-05T01:42:01.063734Z,KXXRP15M-26OCT042145-45,0.0170,40.00,no
2026-10-05T01:42:01.346152Z,KXXRP15M-26OCT042145-45,0.0270,2.00,no
2026-10-05T01:42:01.523007Z,KXXRP15M-26OCT042145-45,0.0270,3.00,no
2026-10-05T01:42:01.523007Z,KXXRP15M-26OCT042145-45,0.0260,5.00,no
2026-10-05T01:42:01.523007Z,KXXRP15M-26OCT042145-45,0.0200,7.00,no
2026-10-05T01:42:01.663335Z,KXXRP15M-26OCT042145-45,0.0250,5.00,no
2026-10-05T01:42:01.663335Z,KXXRP15M-26OCT042145-45,0.0240,5.00,no
2026-10-05T01:42:01.663335Z,KXXRP15M-26OCT042145-45,0.0200,7.50,no
2026-10-05T01:42:01.663335Z,KXXRP15M-26OCT042145-45,0.0190,1.00,no
2026-10-05T01:42:01.663335Z,KXXRP15M-26OCT042145-45,0.0190,9.50,no
2026-10-05T01:42:01.663335Z,KXXRP15M-26OCT042145-45,0.0200,7.00,no
2026-10-05T01:42:01.736836Z,KXXRP15M-26OCT042145-45,0.0260,7.31,yes
2026-10-05T01:42:01.978024Z,KXXRP15M-26OCT042145-45,0.0240,10.00,yes
2026-10-05T01:42:02.197539Z,KXXRP15M-26OCT042145-45,0.0240,27.31,yes
2026-10-05T01:42:02.197539Z,KXXRP15M-26OCT042145-45,0.0240,22.69,yes
2026-10-05T01:42:02.276054Z,KXXRP15M-26OCT042145-45,0.0430,0.01,yes
2026-10-05T01:42:02.276054Z,KXXRP15M-26OCT042145-45,0.0450,0.01,yes
2026-10-05T01:42:02.276054Z,KXXRP15M-26OCT042145-45,0.0440,0.01,yes
2026-10-05T01:42:02.276054Z,KXXRP15M-26OCT042145-45,0.0450,1.00,yes
2026-10-05T01:42:02.276054Z,KXXRP15M-26OCT042145-45,0.0370,1.00,yes
2026-10-05T01:42:02.276054Z,KXXRP15M-26OCT042145-45,0.0430,1.04,yes
2026-10-05T01:42:02.276054Z,KXXRP15M-26OCT042145-45,0.0400,1.63,yes
2026-10-05T01:42:02.276054Z,KXXRP15M-26OCT042145-45,0.0400,2.10,yes
2026-10-05T01:42:02.276054Z,KXXRP15M-26OCT042145-45,0.0400,0.37,yes
2026-10-05T01:42:02.276054Z,KXXRP15M-26OCT042145-45,0.0400,0.49,yes
2026-10-05T01:42:02.276054Z,KXXRP15M-26OCT042145-45,0.0400,0.26,yes
2026-10-05T01:42:02.276054Z,KXXRP15M-26OCT042145-45,0.0400,1.15,yes
2026-10-05T01:42:02.276054Z,KXXRP15M-26OCT042145-45,0.0400,4.00,yes
2026-10-05T01:42:02.276054Z,KXXRP15M-26OCT042145-45,0.0400,5.00,yes
2026-10-05T01:42:02.276054Z,KXXRP15M-26OCT042145-45,0.0340,108.14,yes
2026-10-05T01:42:02.276054Z,KXXRP15M-26OCT042145-45,0.0400,0.05,yes
2026-10-05T01:42:02.276054Z,KXXRP15M-26OCT042145-45,0.0290,0.01,yes
2026-10-05T01:42:02.276054Z,KXXRP15M-26OCT042145-45,0.0270,0.01,yes
2026-10-05T01:42:02.276054Z,KXXRP15M-26OCT042145-45,0.0400,0.50,yes
2026-10-05T01:42:02.276054Z,KXXRP15M-26OCT042145-45,0.0240,40.00,yes
2026-10-05T01:42:02.276054Z,KXXRP15M-26OCT042145-45,0.0400,0.38,yes
2026-10-05T01:42:02.276054Z,KXXRP15M-26OCT042145-45,0.0560,126.03,yes
2026-10-05T01:42:02.276054Z,KXXRP15M-26OCT042145-45,0.0400,0.10,yes
2026-10-05T01:42:02.276054Z,KXXRP15M-26OCT042145-45,0.0380,0.01,yes
2026-10-05T01:42:02.276054Z,KXXRP15M-26OCT042145-45,0.0400,0.44,yes
2026-10-05T01:42:02.276054Z,KXXRP15M-26OCT042145-45,0.0400,1.55,yes
2026-10-05T01:42:02.276054Z,KXXRP15M-26OCT042145-45,0.0370,0.01,yes
2026-10-05T01:42:02.276054Z,KXXRP15M-26OCT042145-45,0.0400,0.86,yes
2026-10-05T01:42:02.276054Z,KXXRP15M-26OCT042145-45,0.0330,0.01,yes
2026-10-05T01:42:02.276054Z,KXXRP15M-26OCT042145-45,0.0400,0.45,yes
2026-10-05T01:42:02.276054Z,KXXRP15M-26OCT042145-45,0.0240,12.69,yes
2026-10-05T01:42:02.276054Z,KXXRP15M-26OCT042145-45,0.0400,1.50,yes
2026-10-05T01:42:02.276054Z,KXXRP15M-26OCT042145-45,0.0400,0.08,yes
2026-10-05T01:42:02.276054Z,KXXRP15M-26OCT042145-45,0.0240,38.12,yes
2026-10-05T01:42:02.276054Z,KXXRP15M-26OCT042145-45,0.0400,0.34,yes
2026-10-05T01:42:02.276054Z,KXXRP15M-26OCT042145-45,0.0320,0.01,yes
2026-10-05T01:42:02.276054Z,KXXRP15M-26OCT042145-45,0.0300,7.50,yes
2026-10-05T01:42:02.276054Z,KXXRP15M-26OCT042145-45,0.0400,1.01,yes
2026-10-05T01:42:02.276054Z,KXXRP15M-26OCT042145-45,0.0240,40.00,yes
2026-10-05T01:42:02.276054Z,KXXRP15M-26OCT042145-45,0.0400,2.15,yes
2026-10-05T01:42:02.276054Z,KXXRP15M-26OCT042145-45,0.0340,0.01,yes
2026-10-05T01:42:02.276054Z,KXXRP15M-26OCT042145-45,0.0330,5.00,yes
2026-10-05T01:42:02.276054Z,KXXRP15M-26OCT042145-45,0.0400,0.83,yes
2026-10-05T01:42:02.276054Z,KXXRP15M-26OCT042145-45,0.0350,0.01,yes
2026-10-05T01:42:02.276054Z,KXXRP15M-26OCT042145-45,0.0400,1.00,yes
2026-10-05T01:42:02.276054Z,KXXRP15M-26OCT042145-45,0.0360,0.01,yes
2026-10-05T01:42:02.276054Z,KXXRP15M-26OCT042145-45,0.0400,0.82,yes
2026-10-05T01:42:02.276054Z,KXXRP15M-26OCT042145-45,0.0400,1.93,yes
2026-10-05T01:42:02.276054Z,KXXRP15M-26OCT042145-45,0.0320,5.00,yes
2026-10-05T01:42:02.276054Z,KXXRP15M-26OCT042145-45,0.0400,0.18,yes
2026-10-05T01:42:02.276054Z,KXXRP15M-26OCT042145-45,0.0400,2.50,yes
2026-10-05T01:42:02.276054Z,KXXRP15M-26OCT042145-45,0.0400,0.74,yes
2026-10-05T01:42:02.276054Z,KXXRP15M-26OCT042145-45,0.0500,1.00,yes
2026-10-05T01:42:02.276054Z,KXXRP15M-26OCT042145-45,0.0400,0.56,yes
2026-10-05T01:42:02.276054Z,KXXRP15M-26OCT042145-45,0.0280,0.01,yes
2026-10-05T01:42:02.276054Z,KXXRP15M-26OCT042145-45,0.0400,2.66,yes
2026-10-05T01:42:02.276054Z,KXXRP15M-26OCT042145-45,0.0400,1.17,yes
2026-10-05T01:42:02.276054Z,KXXRP15M-26OCT042145-45,0.0400,0.23,yes
2026-10-05T01:42:02.276054Z,KXXRP15M-26OCT042145-45,0.0330,9.00,yes
2026-10-05T01:42:02.276054Z,KXXRP15M-26OCT042145-45,0.0400,0.02,yes
2026-10-05T01:42:02.276054Z,KXXRP15M-26OCT042145-45,0.0400,5.00,yes
2026-10-05T01:42:02.276054Z,KXXRP15M-26OCT042145-45,0.0400,0.95,yes
2026-10-05T01:42:02.276054Z,KXXRP15M-26OCT042145-45,0.0390,40.00,yes
2026-10-05T01:42:02.276054Z,KXXRP15M-26OCT042145-45,0.0550,0.01,yes
2026-10-05T01:42:02.276054Z,KXXRP15M-26OCT042145-45,0.0470,0.01,yes
2026-10-05T01:42:02.276054Z,KXXRP15M-26OCT042145-45,0.0540,0.01,yes
2026-10-05T01:42:02.276054Z,KXXRP15M-26OCT042145-45,0.0460,0.01,yes
2026-10-05T01:42:02.276054Z,KXXRP15M-26OCT042145-45,0.0520,0.01,yes
2026-10-05T01:42:02.276054Z,KXXRP15M-26OCT042145-45,0.0560,0.01,yes
2026-10-05T01:42:02.276054Z,KXXRP15M-26OCT042145-45,0.0530,0.01,yes
2026-10-05T01:42:02.276054Z,KXXRP15M-26OCT042145-45,0.0510,0.01,yes
2026-10-05T01:42:02.276054Z,KXXRP15M-26OCT042145-45,0.0500,1.00,yes
2026-10-05T01:42:02.276054Z,KXXRP15M-26OCT042145-45,0.0500,0.01,yes
2026-10-05T01:42:02.276054Z,KXXRP15M-26OCT042145-45,0.0490,0.01,yes
2026-10-05T01:42:02.276054Z,KXXRP15M-26OCT042145-45,0.0480,0.01,yes
2026-10-05T01:42:02.336513Z,KXXRP15M-26OCT042145-45,0.0240,5.00,no
2026-10-05T01:42:02.336513Z,KXXRP15M-26OCT042145-45,0.0200,3.00,no
2026-10-05T01:42:02.336513Z,KXXRP15M-26OCT042145-45,0.0210,7.00,no
2026-10-05T01:42:02.336513Z,KXXRP15M-26OCT042145-45,0.0250,5.00,no
2026-10-05T01:42:04.151061Z,KXXRP15M-26OCT042145-45,0.0250,6.86,yes
2026-10-05T01:42:04.151061Z,KXXRP15M-26OCT042145-45,0.0250,9.00,yes
2026-10-05T01:42:04.151061Z,KXXRP15M-26OCT042145-45,0.0250,20.00,yes
2026-10-05T01:42:04.612199Z,KXXRP15M-26OCT042145-45,0.0220,23.75,no
2026-10-05T01:42:04.612199Z,KXXRP15M-26OCT042145-45,0.0240,0.24,no
2026-10-05T01:42:04.612199Z,KXXRP15M-26OCT042145-45,0.0230,5.00,no
2026-10-05T01:42:04.612199Z,KXXRP15M-26OCT042145-45,0.0220,5.00,no
2026-10-05T01:42:04.612199Z,KXXRP15M-26OCT042145-45,0.0240,7.00,no
2026-10-05T01:42:05.219706Z,KXXRP15M-26OCT042145-45,0.0230,3.27,yes
2026-10-05T01:42:06.110758Z,KXXRP15M-26OCT042145-45,0.0230,0.01,yes
2026-10-05T01:42:06.110758Z,KXXRP15M-26OCT042145-45,0.0240,10.21,yes
2026-10-05T01:42:06.110758Z,KXXRP15M-26OCT042145-45,0.0240,0.01,yes
2026-10-05T01:42:06.110758Z,KXXRP15M-26OCT042145-45,0.0230,17.00,yes
2026-10-05T01:42:06.110758Z,KXXRP15M-26OCT042145-45,0.0230,7.73,yes
2026-10-05T01:42:06.551658Z,KXXRP15M-26OCT042145-45,0.0220,18.00,no
2026-10-05T01:42:06.842142Z,KXXRP15M-26OCT042145-45,0.0400,8.63,yes
2026-10-05T01:42:06.842142Z,KXXRP15M-26OCT042145-45,0.0400,1.40,yes
2026-10-05T01:42:06.842142Z,KXXRP15M-26OCT042145-45,0.0400,3.03,yes
2026-10-05T01:42:06.842142Z,KXXRP15M-26OCT042145-45,0.0400,0.37,yes
2026-10-05T01:42:06.842142Z,KXXRP15M-26OCT042145-45,0.0400,0.05,yes
2026-10-05T01:42:06.842142Z,KXXRP15M-26OCT042145-45,0.0400,0.68,yes
2026-10-05T01:42:06.842142Z,KXXRP15M-26OCT042145-45,0.0400,1.00,yes
2026-10-05T01:42:06.842142Z,KXXRP15M-26OCT042145-45,0.0440,40.00,yes
2026-10-05T01:42:06.842142Z,KXXRP15M-26OCT042145-45,0.0300,7.50,yes
2026-10-05T01:42:06.842142Z,KXXRP15M-26OCT042145-45,0.0400,1.00,yes
2026-10-05T01:42:06.842142Z,KXXRP15M-26OCT042145-45,0.0400,1.37,yes
2026-10-05T01:42:06.842142Z,KXXRP15M-26OCT042145-45,0.0400,0.40,yes
2026-10-05T01:42:06.842142Z,KXXRP15M-26OCT042145-45,0.0400,1.00,yes
2026-10-05T01:42:06.842142Z,KXXRP15M-26OCT042145-45,0.0400,3.91,yes
2026-10-05T01:42:06.842142Z,KXXRP15M-26OCT042145-45,0.0400,0.16,yes
2026-10-05T01:42:06.842142Z,KXXRP15M-26OCT042145-45,0.0340,0.01,yes
2026-10-05T01:42:06.842142Z,KXXRP15M-26OCT042145-45,0.0240,5.79,yes
2026-10-05T01:42:06.842142Z,KXXRP15M-26OCT042145-45,0.0310,0.01,yes
2026-10-05T01:42:06.842142Z,KXXRP15M-26OCT042145-45,0.0320,0.01,yes
2026-10-05T01:42:06.842142Z,KXXRP15M-26OCT042145-45,0.0390,10.00,yes
2026-10-05T01:42:06.842142Z,KXXRP15M-26OCT042145-45,0.0360,1.00,yes
2026-10-05T01:42:06.842142Z,KXXRP15M-26OCT042145-45,0.0270,0.01,yes
2026-10-05T01:42:06.842142Z,KXXRP15M-26OCT042145-45,0.0380,0.01,yes
2026-10-05T01:42:06.842142Z,KXXRP15M-26OCT042145-45,0.0360,0.01,yes
2026-10-05T01:42:06.842142Z,KXXRP15M-26OCT042145-45,0.0390,0.01,yes
2026-10-05T01:42:06.842142Z,KXXRP15M-26OCT042145-45,0.0300,0.01,yes
2026-10-05T01:42:06.842142Z,KXXRP15M-26OCT042145-45,0.0370,0.01,yes
2026-10-05T01:42:06.842142Z,KXXRP15M-26OCT042145-45,0.0290,0.01,yes
2026-10-05T01:42:06.842142Z,KXXRP15M-26OCT042145-45,0.0280,0.01,yes
2026-10-05T01:42:06.842142Z,KXXRP15M-26OCT042145-45,0.0350,0.01,yes
2026-10-05T01:42:06.842142Z,KXXRP15M-26OCT042145-45,0.0330,0.01,yes
2026-10-05T01:42:06.842142Z,KXXRP15M-26OCT042145-45,0.0400,0.02,yes
2026-10-05T01:42:06.842142Z,KXXRP15M-26OCT042145-45,0.0230,14.00,yes
2026-10-05T01:42:06.842142Z,KXXRP15M-26OCT042145-45,0.0450,0.03,yes
2026-10-05T01:42:06.842142Z,KXXRP15M-26OCT042145-45,0.0500,65.98,yes
2026-10-05T01:42:06.842142Z,KXXRP15M-26OCT042145-45,0.0410,0.02,yes
2026-10-05T01:42:06.842142Z,KXXRP15M-26OCT042145-45,0.0420,0.02,yes
2026-10-05T01:42:06.842142Z,KXXRP15M-26OCT042145-45,0.0460,0.04,yes
2026-10-05T01:42:06.842142Z,KXXRP15M-26OCT042145-45,0.0300,18.00,yes
2026-10-05T01:42:06.842142Z,KXXRP15M-26OCT042145-45,0.0440,0.02,yes
2026-10-05T01:42:06.842142Z,KXXRP15M-26OCT042145-45,0.0230,15.00,yes
2026-10-05T01:42:06.842142Z,KXXRP15M-26OCT042145-45,0.0430,0.02,yes
2026-10-05T01:42:06.842142Z,KXXRP15M-26OCT042145-45,0.0300,5.00,yes
2026-10-05T01:42:06.842142Z,KXXRP15M-26OCT042145-45,0.0240,15.00,yes
2026-10-05T01:42:06.842142Z,KXXRP15M-26OCT042145-45,0.0250,1.14,yes
2026-10-05T01:42:06.842142Z,KXXRP15M-26OCT042145-45,0.0250,0.01,yes
2026-10-05T01:42:06.842142Z,KXXRP15M-26OCT042145-45,0.0310,5.00,yes
2026-10-05T01:42:06.842142Z,KXXRP15M-26OCT042145-45,0.0260,0.01,yes
2026-10-05T01:42:06.925449Z,KXXRP15M-26OCT042145-45,0.0240,28.57,no
2026-10-05T01:42:07.113858Z,KXXRP15M-26OCT042145-45,0.0220,19.00,no
2026-10-05T01:42:07.113858Z,KXXRP15M-26OCT042145-45,0.0220,5.00,no
2026-10-05T01:42:07.113858Z,KXXRP15M-26OCT042145-45,0.0230,5.00,no
2026-10-05T01:42:07.113858Z,KXXRP15M-26OCT042145-45,0.0210,7.00,no
2026-10-05T01:42:07.113858Z,KXXRP15M-26OCT042145-45,0.0250,11.00,no
2026-10-05T01:42:07.113858Z,KXXRP15M-26OCT042145-45,0.0270,0.03,no
2026-10-05T01:42:07.113858Z,KXXRP15M-26OCT042145-45,0.0240,22.00,no
2026-10-05T01:42:07.113858Z,KXXRP15M-26OCT042145-45,0.0210,30.97,no
2026-10-05T01:42:07.470176Z,KXXRP15M-26OCT042145-45,0.0300,1.55,yes
2026-10-05T01:42:07.470176Z,KXXRP15M-26OCT042145-45,0.0300,5.00,yes
2026-10-05T01:42:07.470176Z,KXXRP15M-26OCT042145-45,0.0280,94.00,yes
2026-10-05T01:42:08.208432Z,KXXRP15M-26OCT042145-45,0.0230,2.69,no
2026-10-05T01:42:08.208432Z,KXXRP15M-26OCT042145-45,0.0270,0.31,no
2026-10-05T01:42:08.208432Z,KXXRP15M-26OCT042145-45,0.0240,7.00,no
2026-10-05T01:42:08.85272Z,KXXRP15M-26OCT042145-45,0.0210,9.91,no
2026-10-05T01:42:08.85272Z,KXXRP15M-26OCT042145-45,0.0210,5.00,no
2026-10-05T01:42:08.85272Z,KXXRP15M-26OCT042145-45,0.0220,5.00,no
2026-10-05T01:42:08.85272Z,KXXRP15M-26OCT042145-45,0.0220,7.00,no
2026-10-05T01:42:08.85272Z,KXXRP15M-26OCT042145-45,0.0220,24.00,no
2026-10-05T01:42:08.943578Z,KXXRP15M-26OCT042145-45,0.0210,9.99,no
2026-10-05T01:42:09.168983Z,KXXRP15M-26OCT042145-45,0.0330,0.01,yes
2026-10-05T01:42:09.168983Z,KXXRP15M-26OCT042145-45,0.0300,19.00,yes
2026-10-05T01:42:09.168983Z,KXXRP15M-26OCT042145-45,0.0480,0.08,yes
2026-10-05T01:42:09.168983Z,KXXRP15M-26OCT042145-45,0.0430,0.01,yes
2026-10-05T01:42:09.168983Z,KXXRP15M-26OCT042145-45,0.0440,0.01,yes
2026-10-05T01:42:09.168983Z,KXXRP15M-26OCT042145-45,0.0450,0.01,yes
2026-10-05T01:42:09.168983Z,KXXRP15M-26OCT042145-45,0.0420,0.01,yes
2026-10-05T01:42:09.168983Z,KXXRP15M-26OCT042145-45,0.0390,0.01,yes
2026-10-05T01:42:09.168983Z,KXXRP15M-26OCT042145-45,0.0400,0.01,yes
2026-10-05T01:42:09.168983Z,KXXRP15M-26OCT042145-45,0.0410,0.01,yes
2026-10-05T01:42:09.168983Z,KXXRP15M-26OCT042145-45,0.0290,1.00,yes
2026-10-05T01:42:09.168983Z,KXXRP15M-26OCT042145-45,0.0290,9.99,yes
2026-10-05T01:42:09.168983Z,KXXRP15M-26OCT042145-45,0.0300,5.00,yes
2026-10-05T01:42:09.168983Z,KXXRP15M-26OCT042145-45,0.0420,9.00,yes
2026-10-05T01:42:09.168983Z,KXXRP15M-26OCT042145-45,0.0460,0.01,yes
2026-10-05T01:42:09.168983Z,KXXRP15M-26OCT042145-45,0.0230,18.00,yes
2026-10-05T01:42:09.168983Z,KXXRP15M-26OCT042145-45,0.0320,0.01,yes
2026-10-05T01:42:09.168983Z,KXXRP15M-26OCT042145-45,0.0290,5.00,yes
2026-10-05T01:42:09.168983Z,KXXRP15M-26OCT042145-45,0.0300,7.50,yes
2026-10-05T01:42:09.168983Z,KXXRP15M-26OCT042145-45,0.0290,9.91,yes
2026-10-05T01:42:09.168983Z,KXXRP15M-26OCT042145-45,0.0300,0.01,yes
2026-10-05T01:42:09.168983Z,KXXRP15M-26OCT042145-45,0.0310,0.01,yes
2026-10-05T01:42:09.168983Z,KXXRP15M-26OCT042145-45,0.0290,0.01,yes
2026-10-05T01:42:09.168983Z,KXXRP15M-26OCT042145-45,0.0280,0.01,yes
2026-10-05T01:42:09.168983Z,KXXRP15M-26OCT042145-45,0.0500,320.39,yes
2026-10-05T01:42:09.168983Z,KXXRP15M-26OCT042145-45,0.0500,0.01,yes
2026-10-05T01:42:09.168983Z,KXXRP15M-26OCT042145-45,0.0230,8.00,yes
2026-10-05T01:42:09.168983Z,KXXRP15M-26OCT042145-45,0.0270,1.00,yes
2026-10-05T01:42:09.168983Z,KXXRP15M-26OCT042145-45,0.0430,40.00,yes
2026-10-05T01:42:09.168983Z,KXXRP15M-26OCT042145-45,0.0490,0.11,yes
2026-10-05T01:42:09.168983Z,KXXRP15M-26OCT042145-45,0.0470,0.05,yes
2026-10-05T01:42:09.2915Z,KXXRP15M-26OCT042145-45,0.0220,5.00,no
2026-10-05T01:42:09.2915Z,KXXRP15M-26OCT042145-45,0.0220,25.59,no
2026-10-05T01:42:10.103707Z,KXXRP15M-26OCT042145-45,0.0230,7.00,no
2026-10-05T01:42:10.103707Z,KXXRP15M-26OCT042145-45,0.0240,21.00,no
2026-10-05T01:42:10.920904Z,KXXRP15M-26OCT042145-45,0.0230,0.61,no
2026-10-05T01:42:10.920904Z,KXXRP15M-26OCT042145-45,0.0240,7.00,no
2026-10-05T01:42:10.920904Z,KXXRP15M-26OCT042145-45,0.0260,0.39,no
2026-10-05T01:42:10.920904Z,KXXRP15M-26OCT042145-45,0.0240,14.00,no
2026-10-05T01:42:11.117678Z,KXXRP15M-26OCT042145-45,0.0230,10.00,no
2026-10-05T01:42:11.178197Z,KXXRP15M-26OCT042145-45,0.0210,25.00,no
2026-10-05T01:42:11.178197Z,KXXRP15M-26OCT042145-45,0.0210,5.00,no
2026-10-05T01:42:11.178197Z,KXXRP15M-26OCT042145-45,0.0200,5.00,no
2026-10-05T01:42:11.178197Z,KXXRP15M-26OCT042145-45,0.0200,7.50,no
2026-10-05T01:42:11.178197Z,KXXRP15M-26OCT042145-45,0.0200,242.83,no
2026-10-05T01:42:11.178197Z,KXXRP15M-26OCT042145-45,0.0220,7.00,no
2026-10-05T01:42:11.178197Z,KXXRP15M-26OCT042145-45,0.0230,28.90,no
2026-10-05T01:42:11.178197Z,KXXRP15M-26OCT042145-45,0.0210,21.10,no
2026-10-05T01:42:11.178197Z,KXXRP15M-26OCT042145-45,0.0200,40.00,no
2026-10-05T01:42:11.178197Z,KXXRP15M-26OCT042145-45,0.0200,20.00,no
2026-10-05T01:42:11.178197Z,KXXRP15M-26OCT042145-45,0.0200,5.00,no
2026-10-05T01:42:11.214173Z,KXXRP15M-26OCT042145-45,0.0190,5.00,no
2026-10-05T01:42:11.281701Z,KXXRP15M-26OCT042145-45,0.0190,1.03,no
2026-10-05T01:42:11.313347Z,KXXRP15M-26OCT042145-45,0.0190,29.97,no
2026-10-05T01:42:11.313347Z,KXXRP15M-26OCT042145-45,0.0170,5.00,no
2026-10-05T01:42:11.313347Z,KXXRP15M-26OCT042145-45,0.0180,29.00,no
2026-10-05T01:42:11.313347Z,KXXRP15M-26OCT042145-45,0.0180,5.00,no
2026-10-05T01:42:11.313347Z,KXXRP15M-26OCT042145-45,0.0170,30.09,no
2026-10-05T01:42:11.313347Z,KXXRP15M-26OCT042145-45,0.0170,1.00,no
2026-10-05T01:42:11.938602Z,KXXRP15M-26OCT042145-45,0.0180,2.00,no
2026-10-05T01:42:11.938602Z,KXXRP15M-26OCT042145-45,0.0180,1.00,no
2026-10-05T01:42:12.232005Z,KXXRP15M-26OCT042145-45,0.0150,0.10,no
2026-10-05T01:42:12.232005Z,KXXRP15M-26OCT042145-45,0.0170,9.91,no
2026-10-05T01:42:12.232005Z,KXXRP15M-26OCT042145-45,0.0150,5.00,no
2026-10-05T01:42:12.232005Z,KXXRP15M-26OCT042145-45,0.0170,31.00,no
2026-10-05T01:42:12.232005Z,KXXRP15M-26OCT042145-45,0.0160,8.00,no
2026-10-05T01:42:12.232005Z,KXXRP15M-26OCT042145-45,0.0180,15.00,no
2026-10-05T01:42:12.232005Z,KXXRP15M-26OCT042145-45,0.0160,5.00,no
2026-10-05T01:42:12.232005Z,KXXRP15M-26OCT042145-45,0.0150,7.50,no
2026-10-05T01:42:12.232005Z,KXXRP15M-26OCT042145-45,0.0150,14.60,no
2026-10-05T01:42:12.232005Z,KXXRP15M-26OCT042145-45,0.0150,3.00,no
2026-10-05T01:42:12.232005Z,KXXRP15M-26OCT042145-45,0.0140,1.00,no
2026-10-05T01:42:12.232005Z,KXXRP15M-26OCT042145-45,0.0140,40.00,no
2026-10-05T01:42:12.232005Z,KXXRP15M-26OCT042145-45,0.0150,40.00,no
2026-10-05T01:42:12.232005Z,KXXRP15M-26OCT042145-45,0.0130,3.37,no
2026-10-05T01:42:12.656957Z,KXXRP15M-26OCT042145-45,0.0160,1.00,no
2026-10-05T01:42:12.656957Z,KXXRP15M-26OCT042145-45,0.0140,40.00,no
2026-10-05T01:42:12.656957Z,KXXRP15M-26OCT042145-45,0.0160,32.00,no
2026-10-05T01:42:12.656957Z,KXXRP15M-26OCT042145-45,0.0140,5.00,no
2026-10-05T01:42:12.656957Z,KXXRP15M-26OCT042145-45,0.0150,7.00,no
2026-10-05T01:42:12.656957Z,KXXRP15M-26OCT042145-45,0.0130,15.00,no
2026-10-05T01:42:12.755096Z,KXXRP15M-26OCT042145-45,0.0270,0.01,yes
2026-10-05T01:42:12.755096Z,KXXRP15M-26OCT042145-45,0.0250,0.01,yes
2026-10-05T01:42:12.755096Z,KXXRP15M-26OCT042145-45,0.0280,0.01,yes
2026-10-05T01:42:12.755096Z,KXXRP15M-26OCT042145-45,0.0300,0.31,yes
2026-10-05T01:42:12.755096Z,KXXRP15M-26OCT042145-45,0.0290,21.10,yes
2026-10-05T01:42:12.755096Z,KXXRP15M-26OCT042145-45,0.0260,0.01,yes
2026-10-05T01:42:12.755096Z,KXXRP15M-26OCT042145-45,0.0270,3.37,yes
2026-10-05T01:42:12.755096Z,KXXRP15M-26OCT042145-45,0.0210,0.01,yes
2026-10-05T01:42:12.755096Z,KXXRP15M-26OCT042145-45,0.0180,40.00,yes
2026-10-05T01:42:12.755096Z,KXXRP15M-26OCT042145-45,0.0190,0.01,yes
2026-10-05T01:42:12.755096Z,KXXRP15M-26OCT042145-45,0.0180,0.01,yes
2026-10-05T01:42:12.755096Z,KXXRP15M-26OCT042145-45,0.0220,0.01,yes
2026-10-05T01:42:12.755096Z,KXXRP15M-26OCT042145-45,0.0230,5.00,yes
2026-10-05T01:42:12.755096Z,KXXRP15M-26OCT042145-45,0.0220,5.00,yes
2026-10-05T01:42:12.755096Z,KXXRP15M-26OCT042145-45,0.0230,0.01,yes
2026-10-05T01:42:12.755096Z,KXXRP15M-26OCT042145-45,0.0270,15.00,yes
2026-10-05T01:42:12.755096Z,KXXRP15M-26OCT042145-45,0.0200,0.01,yes
2026-10-05T01:42:12.755096Z,KXXRP15M-26OCT042145-45,0.0180,40.00,yes
2026-10-05T01:42:13.133544Z,KXXRP15M-26OCT042145-45,0.0210,20.00,yes
2026-10-05T01:42:14.591799Z,KXXRP15M-26OCT042145-45,0.0190,12.00,yes
2026-10-05T01:42:14.591799Z,KXXRP15M-26OCT042145-45,0.0190,28.00,yes
2026-10-05T01:42:15.00386Z,KXXRP15M-26OCT042145-45,0.0230,86.00,yes
2026-10-05T01:42:15.00386Z,KXXRP15M-26OCT042145-45,0.0300,61.42,yes
2026-10-05T01:42:15.00386Z,KXXRP15M-26OCT042145-45,0.0290,10.00,yes
2026-10-05T01:42:15.00386Z,KXXRP15M-26OCT042145-45,0.0260,0.01,yes
2026-10-05T01:42:15.00386Z,KXXRP15M-26OCT042145-45,0.0250,0.01,yes
2026-10-05T01:42:15.00386Z,KXXRP15M-26OCT042145-45,0.0280,0.01,yes
2026-10-05T01:42:15.00386Z,KXXRP15M-26OCT042145-45,0.0270,0.01,yes
2026-10-05T01:42:15.00386Z,KXXRP15M-26OCT042145-45,0.0250,5.00,yes
2026-10-05T01:42:15.00386Z,KXXRP15M-26OCT042145-45,0.0300,0.01,yes
2026-10-05T01:42:15.00386Z,KXXRP15M-26OCT042145-45,0.0290,0.01,yes
2026-10-05T01:42:15.00386Z,KXXRP15M-26OCT042145-45,0.0240,0.01,yes
2026-10-05T01:42:15.00386Z,KXXRP15M-26OCT042145-45,0.0240,5.00,yes
2026-10-05T01:42:15.00386Z,KXXRP15M-26OCT042145-45,0.0300,4.00,yes
2026-10-05T01:42:15.498929Z,KXXRP15M-26OCT042145-45,0.0190,8.09,no
2026-10-05T01:42:16.46189Z,KXXRP15M-26OCT042145-45,0.0180,0.34,no
2026-10-05T01:42:16.46189Z,KXXRP15M-26OCT042145-45,0.0180,20.00,no
2026-10-05T01:42:16.570036Z,KXXRP15M-26OCT042145-45,0.0180,16.00,no
2026-10-05T01:42:16.570036Z,KXXRP15M-26OCT042145-45,0.0140,0.17,no
2026-10-05T01:42:16.570036Z,KXXRP15M-26OCT042145-45,0.0180,20.76,no
2026-10-05T01:42:16.570036Z,KXXRP15M-26OCT042145-45,0.0150,7.50,no
2026-10-05T01:42:16.570036Z,KXXRP15M-26OCT042145-45,0.0150,1.00,no
2026-10-05T01:42:16.570036Z,KXXRP15M-26OCT042145-45,0.0150,5.00,no
2026-10-05T01:42:16.570036Z,KXXRP15M-26OCT042145-45,0.0170,31.00,no
2026-10-05T01:42:16.570036Z,KXXRP15M-26OCT042145-45,0.0160,5.00,no
2026-10-05T01:42:16.570036Z,KXXRP15M-26OCT042145-45,0.0140,7.00,no
2026-10-05T01:42:16.570036Z,KXXRP15M-26OCT042145-45,0.0130,33.94,no
2026-10-05T01:42:17.246631Z,KXXRP15M-26OCT042145-45,0.0170,13.28,yes
2026-10-05T01:42:18.995417Z,KXXRP15M-26OCT042145-45,0.0130,40.00,no
2026-10-05T01:42:18.995417Z,KXXRP15M-26OCT042145-45,0.0160,0.10,no
2026-10-05T01:42:18.995417Z,KXXRP15M-26OCT042145-45,0.0160,13.00,no
2026-10-05T01:42:18.995417Z,KXXRP15M-26OCT042145-45,0.0150,10.00,no
2026-10-05T01:42:18.995417Z,KXXRP15M-26OCT042145-45,0.0140,5.00,no
2026-10-05T01:42:18.995417Z,KXXRP15M-26OCT042145-45,0.0160,8.00,no
2026-10-05T01:42:18.995417Z,KXXRP15M-26OCT042145-45,0.0150,27.00,no
2026-10-05T01:42:18.995417Z,KXXRP15M-26OCT042145-45,0.0130,5.00,no
2026-10-05T01:42:18.995417Z,KXXRP15M-26OCT042145-45,0.0120,4.37,no
2026-10-05T01:42:18.995417Z,KXXRP15M-26OCT042145-45,0.0120,80.00,no
2026-10-05T01:42:18.995417Z,KXXRP15M-26OCT042145-45,0.0130,273.69,no
2026-10-05T01:42:18.995417Z,KXXRP15M-26OCT042145-45,0.0130,40.00,no
2026-10-05T01:42:19.490841Z,KXXRP15M-26OCT042145-45,0.0150,6.23,yes
2026-10-05T01:42:19.512253Z,KXXRP15M-26OCT042145-45,0.0150,50.12,yes
2026-10-05T01:42:20.055898Z,KXXRP15M-26OCT042145-45,0.0150,0.01,yes
2026-10-05T01:42:20.055898Z,KXXRP15M-26OCT042145-45,0.0150,24.00,yes
2026-10-05T01:42:20.055898Z,KXXRP15M-26OCT042145-45,0.0150,9.25,yes
2026-10-05T01:42:20.055898Z,KXXRP15M-26OCT042145-45,0.0150,40.00,yes
2026-10-05T01:42:20.055898Z,KXXRP15M-26OCT042145-45,0.0150,23.65,yes
2026-10-05T01:42:20.08947Z,KXXRP15M-26OCT042145-45,0.0130,11.00,no
2026-10-05T01:42:20.08947Z,KXXRP15M-26OCT042145-45,0.0130,14.00,no
2026-10-05T01:42:20.08947Z,KXXRP15M-26OCT042145-45,0.0140,7.00,no
2026-10-05T01:42:20.08947Z,KXXRP15M-26OCT042145-45,0.0140,1.00,no
2026-10-05T01:42:20.08947Z,KXXRP15M-26OCT042145-45,0.0120,47.00,no
2026-10-05T01:42:20.788206Z,KXXRP15M-26OCT042145-45,0.0120,7.00,no
2026-10-05T01:42:20.788206Z,KXXRP15M-26OCT042145-45,0.0120,5.00,no
2026-10-05T01:42:20.788206Z,KXXRP15M-26OCT042145-45,0.0120,40.00,no
2026-10-05T01:42:20.788206Z,KXXRP15M-26OCT042145-45,0.0110,48.37,no
2026-10-05T01:42:20.788206Z,KXXRP15M-26OCT042145-45,0.0110,20.00,no
2026-10-05T01:42:20.788206Z,KXXRP15M-26OCT042145-45,0.0120,298.63,no
2026-10-05T01:42:20.788206Z,KXXRP15M-26OCT042145-45,0.0110,81.00,no
2026-10-05T01:42:20.85861Z,KXXRP15M-26OCT042145-45,0.0120,0.48,no
2026-10-05T01:42:20.85861Z,KXXRP15M-26OCT042145-45,0.0120,1.00,no
2026-10-05T01:42:21.064804Z,KXXRP15M-26OCT042145-45,0.0110,4.56,no
2026-10-05T01:42:21.171322Z,KXXRP15M-26OCT042145-45,0.0130,40.00,yes
2026-10-05T01:42:21.187599Z,KXXRP15M-26OCT042145-45,0.0150,5.13,yes
2026-10-05T01:42:21.296499Z,KXXRP15M-26OCT042145-45,0.0130,30.00,no
2026-10-05T01:42:21.296499Z,KXXRP15M-26OCT042145-45,0.0120,7.00,no
2026-10-05T01:42:21.296499Z,KXXRP15M-26OCT042145-45,0.0110,13.96,no
2026-10-05T01:42:21.296499Z,KXXRP15M-26OCT042145-45,0.0110,1.00,no
2026-10-05T01:42:21.296499Z,KXXRP15M-26OCT042145-45,0.0110,47.07,no
2026-10-05T01:42:21.296499Z,KXXRP15M-26OCT042145-45,0.0110,2.00,no
2026-10-05T01:42:22.116954Z,KXXRP15M-26OCT042145-45,0.0110,9.00,no
2026-10-05T01:42:22.126607Z,KXXRP15M-26OCT042145-45,0.0110,6.00,no
2026-10-05T01:42:22.135844Z,KXXRP15M-26OCT042145-45,0.0110,6.00,no
2026-10-05T01:42:22.145796Z,KXXRP15M-26OCT042145-45,0.0110,3.00,no
2026-10-05T01:42:22.152463Z,KXXRP15M-26OCT042145-45,0.0110,0.96,no
2026-10-05T01:42:22.152463Z,KXXRP15M-26OCT042145-45,0.0110,2.04,no
2026-10-05T01:42:22.16147Z,KXXRP15M-26OCT042145-45,0.0110,0.04,no
2026-10-05T01:42:22.16147Z,KXXRP15M-26OCT042145-45,0.0110,0.96,no
2026-10-05T01:42:22.168312Z,KXXRP15M-26OCT042145-45,0.0110,3.00,no
2026-10-05T01:42:22.588125Z,KXXRP15M-26OCT042145-45,0.0120,3.00,yes
2026-10-05T01:42:22.588125Z,KXXRP15M-26OCT042145-45,0.0140,1.00,yes
2026-10-05T01:42:22.588125Z,KXXRP15M-26OCT042145-45,0.0130,3.00,yes
2026-10-05T01:42:22.588125Z,KXXRP15M-26OCT042145-45,0.0120,6.00,yes
2026-10-05T01:42:22.588125Z,KXXRP15M-26OCT042145-45,0.0120,6.00,yes
2026-10-05T01:42:22.588125Z,KXXRP15M-26OCT042145-45,0.0140,94.54,yes
2026-10-05T01:42:22.588125Z,KXXRP15M-26OCT042145-45,0.0120,2.04,yes
2026-10-05T01:42:22.588125Z,KXXRP15M-26OCT042145-45,0.0120,9.00,yes
2026-10-05T01:42:22.588125Z,KXXRP15M-26OCT042145-45,0.0120,13.96,yes
2026-10-05T01:42:23.391886Z,KXXRP15M-26OCT042145-45,0.0110,5.00,no
2026-10-05T01:42:24.684784Z,KXXRP15M-26OCT042145-45,0.0110,5.00,no
2026-10-05T01:42:25.047455Z,KXXRP15M-26OCT042145-45,0.0150,16.43,yes
2026-10-05T01:42:25.047455Z,KXXRP15M-26OCT042145-45,0.0120,37.00,yes
2026-10-05T01:42:25.047455Z,KXXRP15M-26OCT042145-45,0.0120,16.00,yes
2026-10-05T01:42:25.56107Z,KXXRP15M-26OCT042145-45,0.0110,1.11,no
2026-10-05T01:42:25.56107Z,KXXRP15M-26OCT042145-45,0.0110,4.10,no
2026-10-05T01:42:25.56107Z,KXXRP15M-26OCT042145-45,0.0110,2.00,no
2026-10-05T01:42:25.56107Z,KXXRP15M-26OCT042145-45,0.0110,10.00,no
2026-10-05T01:42:25.56107Z,KXXRP15M-26OCT042145-45,0.0110,6.04,no
2026-10-05T01:42:25.56107Z,KXXRP15M-26OCT042145-45,0.0110,1.00,no
2026-10-05T01:42:25.56107Z,KXXRP15M-26OCT042145-45,0.0110,1.00,no
2026-10-05T01:42:25.77227Z,KXXRP15M-26OCT042145-45,0.0150,10.53,yes
2026-10-05T01:42:25.77227Z,KXXRP15M-26OCT042145-45,0.0120,30.00,yes
2026-10-05T01:42:26.128249Z,KXXRP15M-26OCT042145-45,0.0110,3.00,no
2026-10-05T01:42:26.40229Z,KXXRP15M-26OCT042145-45,0.0130,7.00,yes
2026-10-05T01:42:26.40229Z,KXXRP15M-26OCT042145-45,0.0130,0.10,yes
2026-10-05T01:42:26.40229Z,KXXRP15M-26OCT042145-45,0.0150,21.59,yes
2026-10-05T01:42:26.482342Z,KXXRP15M-26OCT042145-45,0.0120,8.00,no
2026-10-05T01:42:26.482342Z,KXXRP15M-26OCT042145-45,0.0120,7.00,no
2026-10-05T01:42:26.482342Z,KXXRP15M-26OCT042145-45,0.0110,1149.27,no
2026-10-05T01:42:26.651262Z,KXXRP15M-26OCT042145-45,0.0110,54.05,no
2026-10-05T01:42:26.821133Z,KXXRP15M-26OCT042145-45,0.0120,24.00,yes
2026-10-05T01:42:28.020406Z,KXXRP15M-26OCT042145-45,0.0110,20.22,no
2026-10-05T01:42:28.483928Z,KXXRP15M-26OCT042145-45,0.0120,31.00,yes
2026-10-05T01:42:28.483928Z,KXXRP15M-26OCT042145-45,0.0120,7.00,yes
2026-10-05T01:42:28.714213Z,KXXRP15M-26OCT042145-45,0.0110,100.00,no
2026-10-05T01:42:29.158806Z,KXXRP15M-26OCT042145-45,0.0120,1.44,yes
2026-10-05T01:42:30.475864Z,KXXRP15M-26OCT042145-45,0.0110,2.00,no
2026-10-05T01:42:30.51001Z,KXXRP15M-26OCT042145-45,0.0110,64.00,no
2026-10-05T01:42:30.685082Z,KXXRP15M-26OCT042145-45,0.0110,18.00,no
2026-10-05T01:42:31.384623Z,KXXRP15M-26OCT042145-45,0.0110,6.00,no
2026-10-05T01:42:31.391862Z,KXXRP15M-26OCT042145-45,0.0110,3.00,no
2026-10-05T01:42:31.398945Z,KXXRP15M-26OCT042145-45,0.0110,3.00,no
2026-10-05T01:42:31.40719Z,KXXRP15M-26OCT042145-45,0.0110,3.00,no
2026-10-05T01:42:31.412688Z,KXXRP15M-26OCT042145-45,0.0110,1.00,no
2026-10-05T01:42:31.418859Z,KXXRP15M-26OCT042145-45,0.0110,1.00,no
2026-10-05T01:42:31.42525Z,KXXRP15M-26OCT042145-45,0.0110,3.00,no
2026-10-05T01:42:32.24599Z,KXXRP15M-26OCT042145-45,0.0110,3.00,no
2026-10-05T01:42:32.745341Z,KXXRP15M-26OCT042145-45,0.0110,1.04,no
2026-10-05T01:42:32.745341Z,KXXRP15M-26OCT042145-45,0.0110,1.03,no
2026-10-05T01:42:32.745341Z,KXXRP15M-26OCT042145-45,0.0110,1.04,no
2026-10-05T01:42:32.745341Z,KXXRP15M-26OCT042145-45,0.0110,1.05,no
2026-10-05T01:42:32.745341Z,KXXRP15M-26OCT042145-45,0.0110,1.04,no
2026-10-05T01:42:32.745341Z,KXXRP15M-26OCT042145-45,0.0110,1.08,no
2026-10-05T01:42:32.745341Z,KXXRP15M-26OCT042145-45,0.0110,0.09,no
2026-10-05T01:42:32.745341Z,KXXRP15M-26OCT042145-45,0.0110,1.00,no
2026-10-05T01:42:32.745341Z,KXXRP15M-26OCT042145-45,0.0110,1.10,no
2026-10-05T01:42:32.745341Z,KXXRP15M-26OCT042145-45,0.0110,1.15,no
2026-10-05T01:42:32.745341Z,KXXRP15M-26OCT042145-45,0.0110,7.36,no
2026-10-05T01:42:32.745341Z,KXXRP15M-26OCT042145-45,0.0110,0.97,no
2026-10-05T01:42:32.745341Z,KXXRP15M-26OCT042145-45,0.0110,8.00,no
2026-10-05T01:42:32.745341Z,KXXRP15M-26OCT042145-45,0.0110,1.05,no
2026-10-05T01:42:32.745341Z,KXXRP15M-26OCT042145-45,0.0100,168.88,no
2026-10-05T01:42:34.319772Z,KXXRP15M-26OCT042145-45,0.0100,69.84,no
2026-10-05T01:42:34.490668Z,KXXRP15M-26OCT042145-45,0.0100,0.91,no
2026-10-05T01:42:34.833376Z,KXXRP15M-26OCT042145-45,0.0100,5.00,no
2026-10-05T01:42:35.448085Z,KXXRP15M-26OCT042145-45,0.0100,44.94,no
2026-10-05T01:42:35.73691Z,KXXRP15M-26OCT042145-45,0.0110,1.11,yes
2026-10-05T01:42:36.307788Z,KXXRP15M-26OCT042145-45,0.0110,17.00,yes
2026-10-05T01:42:36.307788Z,KXXRP15M-26OCT042145-45,0.0110,18.89,yes
2026-10-05T01:42:36.669437Z,KXXRP15M-26OCT042145-45,0.0100,50.15,no
2026-10-05T01:42:36.669437Z,KXXRP15M-26OCT042145-45,0.0100,3.00,no
2026-10-05T01:42:36.669437Z,KXXRP15M-26OCT042145-45,0.0100,10.43,no
2026-10-05T01:42:37.327298Z,KXXRP15M-26OCT042145-45,0.0100,2.00,no
2026-10-05T01:42:37.327298Z,KXXRP15M-26OCT042145-45,0.0100,0.01,no
2026-10-05T01:42:37.327298Z,KXXRP15M-26OCT042145-45,0.0100,5.00,no
2026-10-05T01:42:37.327298Z,KXXRP15M-26OCT042145-45,0.0100,4.31,no
2026-10-05T01:42:37.327298Z,KXXRP15M-26OCT042145-45,0.0100,1.14,no
2026-10-05T01:42:37.327298Z,KXXRP15M-26OCT042145-45,0.0100,6.86,no
2026-10-05T01:42:37.327298Z,KXXRP15M-26OCT042145-45,0.0100,12.13,no
2026-10-05T01:42:37.327298Z,KXXRP15M-26OCT042145-45,0.0100,20.00,no
2026-10-05T01:42:37.327298Z,KXXRP15M-26OCT042145-45,0.0100,2.00,no
2026-10-05T01:42:37.327298Z,KXXRP15M-26OCT042145-45,0.0100,10.99,no
2026-10-05T01:42:37.327298Z,KXXRP15M-26OCT042145-45,0.0100,2.00,no
2026-10-05T01:42:37.327298Z,KXXRP15M-26OCT042145-45,0.0100,40.00,no
2026-10-05T01:42:37.327298Z,KXXRP15M-26OCT042145-45,0.0100,49.85,no
2026-10-05T01:42:37.327298Z,KXXRP15M-26OCT042145-45,0.0100,25.00,no
2026-10-05T01:42:37.824804Z,KXXRP15M-26OCT042145-45,0.0090,5.00,no
2026-10-05T01:42:37.824804Z,KXXRP15M-26OCT042145-45,0.0090,40.00,no
2026-10-05T01:42:37.844329Z,KXXRP15M-26OCT042145-45,0.0100,2.08,yes
2026-10-05T01:42:38.530922Z,KXXRP15M-26OCT042145-45,0.0080,8.00,no
2026-10-05T01:42:38.530922Z,KXXRP15M-26OCT042145-45,0.0080,34.00,no
2026-10-05T01:42:38.530922Z,KXXRP15M-26OCT042145-45,0.0080,5.00,no
2026-10-05T01:42:38.530922Z,KXXRP15M-26OCT042145-45,0.0080,40.00,no
2026-10-05T01:42:39.05794Z,KXXRP15M-26OCT042145-45,0.0080,23.00,yes
2026-10-05T01:42:39.05794Z,KXXRP15M-26OCT042145-45,0.0080,1.50,yes
2026-10-05T01:42:39.18746Z,KXXRP15M-26OCT042145-45,0.0080,32.00,no
2026-10-05T01:42:39.18746Z,KXXRP15M-26OCT042145-45,0.0080,4.71,no
2026-10-05T01:42:39.4071Z,KXXRP15M-26OCT042145-45,0.0090,4.00,yes
2026-10-05T01:42:39.594739Z,KXXRP15M-26OCT042145-45,0.0070,5.00,no
2026-10-05T01:42:39.594739Z,KXXRP15M-26OCT042145-45,0.0080,4.71,no
2026-10-05T01:42:39.594739Z,KXXRP15M-26OCT042145-45,0.0080,30.00,no
2026-10-05T01:42:39.594739Z,KXXRP15M-26OCT042145-45,0.0080,28.00,no
2026-10-05T01:42:39.594739Z,KXXRP15M-26OCT042145-45,0.0060,5.00,no
2026-10-05T01:42:39.594739Z,KXXRP15M-26OCT042145-45,0.0080,3.29,no
2026-10-05T01:42:39.594739Z,KXXRP15M-26OCT042145-45,0.0050,295.56,no
2026-10-05T01:42:39.594739Z,KXXRP15M-26OCT042145-45,0.0050,11.00,no
2026-10-05T01:42:39.594739Z,KXXRP15M-26OCT042145-45,0.0050,40.00,no
2026-10-05T01:42:39.594739Z,KXXRP15M-26OCT042145-45,0.0070,40.00,no
2026-10-05T01:42:39.594739Z,KXXRP15M-26OCT042145-45,0.0060,40.00,no
2026-10-05T01:42:40.193711Z,KXXRP15M-26OCT042145-45,0.0090,31.00,yes
2026-10-05T01:42:40.193711Z,KXXRP15M-26OCT042145-45,0.0090,34.84,yes
2026-10-05T01:42:40.193711Z,KXXRP15M-26OCT042145-45,0.0090,1.00,yes
2026-10-05T01:42:40.193711Z,KXXRP15M-26OCT042145-45,0.0090,36.00,yes
2026-10-05T01:42:40.672801Z,KXXRP15M-26OCT042145-45,0.0100,14.84,yes
2026-10-05T01:42:40.672801Z,KXXRP15M-26OCT042145-45,0.0090,40.00,yes
2026-10-05T01:42:40.672801Z,KXXRP15M-26OCT042145-45,0.0090,5.16,yes
2026-10-05T01:42:40.672801Z,KXXRP15M-26OCT042145-45,0.0090,40.00,yes
2026-10-05T01:42:41.138126Z,KXXRP15M-26OCT042145-45,0.0090,12.00,no
2026-10-05T01:42:41.24789Z,KXXRP15M-26OCT042145-45,0.0070,1.00,no
2026-10-05T01:42:41.24789Z,KXXRP15M-26OCT042145-45,0.0040,5.00,no
2026-10-05T01:42:41.24789Z,KXXRP15M-26OCT042145-45,0.0060,10.00,no
2026-10-05T01:42:41.24789Z,KXXRP15M-26OCT042145-45,0.0050,5.00,no
2026-10-05T01:42:41.24789Z,KXXRP15M-26OCT042145-45,0.0030,2549.25,no
2026-10-05T01:42:41.24789Z,KXXRP15M-26OCT042145-45,0.0050,7.50,no
2026-10-05T01:42:41.24789Z,KXXRP15M-26OCT042145-45,0.0090,58.00,no
2026-10-05T01:42:41.24789Z,KXXRP15M-26OCT042145-45,0.0050,0.01,no
2026-10-05T01:42:41.24789Z,KXXRP15M-26OCT042145-45,0.0040,40.00,no
2026-10-05T01:42:41.24789Z,KXXRP15M-26OCT042145-45,0.0050,104.44,no
2026-10-05T01:42:41.24789Z,KXXRP15M-26OCT042145-45,0.0030,40.00,no
2026-10-05T01:42:41.24789Z,KXXRP15M-26OCT042145-45,0.0040,1.00,no
2026-10-05T01:42:41.24789Z,KXXRP15M-26OCT042145-45,0.0040,1.00,no
2026-10-05T01:42:41.24789Z,KXXRP15M-26OCT042145-45,0.0030,2.00,no
2026-10-05T01:42:41.24789Z,KXXRP15M-26OCT042145-45,0.0040,1.00,no
2026-10-05T01:42:41.24789Z,KXXRP15M-26OCT042145-45,0.0030,2.00,no
2026-10-05T01:42:41.24789Z,KXXRP15M-26OCT042145-45,0.0030,2.00,no
2026-10-05T01:42:41.24789Z,KXXRP15M-26OCT042145-45,0.0040,1.00,no
2026-10-05T01:42:41.24789Z,KXXRP15M-26OCT042145-45,0.0030,2.00,no
2026-10-05T01:42:41.24789Z,KXXRP15M-26OCT042145-45,0.0040,1.00,no
2026-10-05T01:42:41.24789Z,KXXRP15M-26OCT042145-45,0.0030,2.00,no
2026-10-05T01:42:41.24789Z,KXXRP15M-26OCT042145-45,0.0040,1.00,no
2026-10-05T01:42:41.24789Z,KXXRP15M-26OCT042145-45,0.0030,18.00,no
2026-10-05T01:42:41.24789Z,KXXRP15M-26OCT042145-45,0.0040,13.00,no
2026-10-05T01:42:41.24789Z,KXXRP15M-26OCT042145-45,0.0030,200.00,no
2026-10-05T01:42:41.24789Z,KXXRP15M-26OCT042145-45,0.0030,40.00,no
2026-10-05T01:42:41.24789Z,KXXRP15M-26OCT042145-45,0.0040,40.00,no
2026-10-05T01:42:41.24789Z,KXXRP15M-26OCT042145-45,0.0030,250.00,no
2026-10-05T01:42:41.284212Z,KXXRP15M-26OCT042145-45,0.0090,104.00,no
2026-10-05T01:42:41.302879Z,KXXRP15M-26OCT042145-45,0.0090,200.00,no
2026-10-05T01:42:41.319798Z,KXXRP15M-26OCT042145-45,0.0040,95.00,no
2026-10-05T01:42:41.319798Z,KXXRP15M-26OCT042145-45,0.0040,1.00,no
2026-10-05T01:42:41.319798Z,KXXRP15M-26OCT042145-45,0.0050,8.00,no
2026-10-05T01:42:41.319798Z,KXXRP15M-26OCT042145-45,0.0090,96.00,no
2026-10-05T01:42:41.535542Z,KXXRP15M-26OCT042145-45,0.0080,24.70,no
2026-10-05T01:42:41.677698Z,KXXRP15M-26OCT042145-45,0.0080,375.30,no
2026-10-05T01:42:41.959872Z,KXXRP15M-26OCT042145-45,0.0040,7.00,no
2026-10-05T01:42:41.959872Z,KXXRP15M-26OCT042145-45,0.0040,32.18,no
2026-10-05T01:42:41.959872Z,KXXRP15M-26OCT042145-45,0.0050,1.00,no
2026-10-05T01:42:41.959872Z,KXXRP15M-26OCT042145-45,0.0060,230.00,no
2026-10-05T01:42:41.959872Z,KXXRP15M-26OCT042145-45,0.0040,1.00,no
2026-10-05T01:42:41.979659Z,KXXRP15M-26OCT042145-45,0.0040,7.82,no
2026-10-05T01:42:41.979659Z,KXXRP15M-26OCT042145-45,0.0040,192.18,no
2026-10-05T01:42:41.991964Z,KXXRP15M-26OCT042145-45,0.0040,94.00,no
2026-10-05T01:42:42.178153Z,KXXRP15M-26OCT042145-45,0.0070,5.71,yes
2026-10-05T01:42:42.178153Z,KXXRP15M-26OCT042145-45,0.0070,0.01,yes
2026-10-05T01:42:42.178153Z,KXXRP15M-26OCT042145-45,0.0050,40.00,yes
2026-10-05T01:42:42.178153Z,KXXRP15M-26OCT042145-45,0.0060,18.00,yes
2026-10-05T01:42:42.178153Z,KXXRP15M-26OCT042145-45,0.0050,40.00,yes
2026-10-05T01:42:42.178153Z,KXXRP15M-26OCT042145-45,0.0060,25.00,yes
2026-10-05T01:42:42.303816Z,KXXRP15M-26OCT042145-45,0.0070,52.82,yes
2026-10-05T01:42:42.303816Z,KXXRP15M-26OCT042145-45,0.0060,3.50,yes
2026-10-05T01:42:42.605074Z,KXXRP15M-26OCT042145-45,0.0060,1.02,no
2026-10-05T01:42:44.417508Z,KXXRP15M-26OCT042145-45,0.0070,17.00,no
2026-10-05T01:42:44.685917Z,KXXRP15M-26OCT042145-45,0.0050,81.37,no
2026-10-05T01:42:44.685967Z,KXXRP15M-26OCT042145-45,0.0050,53.37,no
2026-10-05T01:42:44.685967Z,KXXRP15M-26OCT042145-45,0.0050,10.63,no
2026-10-05T01:42:44.686008Z,KXXRP15M-26OCT042145-45,0.0050,31.63,no
2026-10-05T01:42:44.892805Z,KXXRP15M-26OCT042145-45,0.0040,11.81,no
2026-10-05T01:42:45.377042Z,KXXRP15M-26OCT042145-45,0.0040,50.00,no
2026-10-05T01:42:45.500771Z,KXXRP15M-26OCT042145-45,0.0050,80.68,yes
2026-10-05T01:42:45.500771Z,KXXRP15M-26OCT042145-45,0.0050,68.37,yes
2026-10-05T01:42:45.500771Z,KXXRP15M-26OCT042145-45,0.0050,37.92,yes
2026-10-05T01:42:46.123868Z,KXXRP15M-26OCT042145-45,0.0050,56.09,yes
2026-10-05T01:42:47.683192Z,KXXRP15M-26OCT042145-45,0.0040,80.00,no
2026-10-05T01:42:47.683192Z,KXXRP15M-26OCT042145-45,0.0040,40.00,no
2026-10-05T01:42:47.683192Z,KXXRP15M-26OCT042145-45,0.0030,250.00,no
2026-10-05T01:42:47.683192Z,KXXRP15M-26OCT042145-45,0.0040,7.00,no
2026-10-05T01:42:47.683192Z,KXXRP15M-26OCT042145-45,0.0030,5.00,no
2026-10-05T01:42:47.683192Z,KXXRP15M-26OCT042145-45,0.0040,2.01,no
2026-10-05T01:42:47.683192Z,KXXRP15M-26OCT042145-45,0.0030,1.00,no
2026-10-05T01:42:47.683192Z,KXXRP15M-26OCT042145-45,0.0020,116.39,no
2026-10-05T01:42:49.144291Z,KXXRP15M-26OCT042145-45,0.0040,69.00,yes
2026-10-05T01:42:50.212234Z,KXXRP15M-26OCT042145-45,0.0030,250.00,no
2026-10-05T01:42:50.212234Z,KXXRP15M-26OCT042145-45,0.0030,76.00,no
2026-10-05T01:42:50.212234Z,KXXRP15M-26OCT042145-45,0.0030,1.00,no
2026-10-05T01:42:50.212234Z,KXXRP15M-26OCT042145-45,0.0030,10.00,no
2026-10-05T01:42:50.212234Z,KXXRP15M-26OCT042145-45,0.0020,283.61,no
2026-10-05T01:42:50.212234Z,KXXRP15M-26OCT042145-45,0.0020,1928.64,no
2026-10-05T01:42:51.237791Z,KXXRP15M-26OCT042145-45,0.0030,23.58,yes
2026-10-05T01:42:51.372066Z,KXXRP15M-26OCT042145-45,0.0030,130.00,yes
2026-10-05T01:42:52.635365Z,KXXRP15M-26OCT042145-45,0.0030,30.59,yes
2026-10-05T01:42:54.412355Z,KXXRP15M-26OCT042145-45,0.0020,500.93,no
2026-10-05T01:42:54.714364Z,KXXRP15M-26OCT042145-45,0.0030,305.35,yes
2026-10-05T01:42:55.569306Z,KXXRP15M-26OCT042145-45,0.0020,1.00,no
2026-10-05T01:42:55.68484Z,KXXRP15M-26OCT042145-45,0.0020,479.76,no
2026-10-05T01:42:55.719558Z,KXXRP15M-26OCT042145-45,0.0030,25.00,yes
2026-10-05T01:42:56.075239Z,KXXRP15M-26OCT042145-45,0.0030,51.50,yes
2026-10-05T01:42:59.06397Z,KXXRP15M-26OCT042145-45,0.0020,400.74,no
2026-10-05T01:42:59.515878Z,KXXRP15M-26OCT042145-45,0.0030,25.00,yes
2026-10-05T01:42:59.515878Z,KXXRP15M-26OCT042145-45,0.0030,166.41,yes
2026-10-05T01:42:59.515878Z,KXXRP15M-26OCT042145-45,0.0030,113.94,yes
2026-10-05T01:43:00.191252Z,KXXRP15M-26OCT042145-45,0.0020,1.00,no
2026-10-05T01:43:00.250828Z,KXXRP15M-26OCT042145-45,0.0030,1175.59,yes
2026-10-05T01:43:00.250828Z,KXXRP15M-26OCT042145-45,0.0030,101.21,yes
2026-10-05T01:43:00.250828Z,KXXRP15M-26OCT042145-45,0.0030,250.00,yes
2026-10-05T01:43:01.949384Z,KXXRP15M-26OCT042145-45,0.0020,7.07,no
2026-10-05T01:43:01.949384Z,KXXRP15M-26OCT042145-45,0.0020,687.93,no
2026-10-05T01:43:01.949384Z,KXXRP15M-26OCT042145-45,0.0020,500.00,no
2026-10-05T01:43:02.348565Z,KXXRP15M-26OCT042145-45,0.0020,200.00,no
2026-10-05T01:43:02.499052Z,KXXRP15M-26OCT042145-45,0.0020,5.00,no
2026-10-05T01:43:02.542383Z,KXXRP15M-26OCT042145-45,0.0020,150.00,no
2026-10-05T01:43:03.154276Z,KXXRP15M-26OCT042145-45,0.0030,148.79,yes
2026-10-05T01:43:03.154276Z,KXXRP15M-26OCT042145-45,0.0030,7.00,yes
2026-10-05T01:43:05.103524Z,KXXRP15M-26OCT042145-45,0.0020,23.51,no
2026-10-05T01:43:05.394819Z,KXXRP15M-26OCT042145-45,0.0020,25.00,no
2026-10-05T01:43:05.746134Z,KXXRP15M-26OCT042145-45,0.0020,13.00,no
2026-10-05T01:43:05.80428Z,KXXRP15M-26OCT042145-45,0.0020,30.00,no
2026-10-05T01:43:05.815387Z,KXXRP15M-26OCT042145-45,0.0020,30.00,no
2026-10-05T01:43:05.816276Z,KXXRP15M-26OCT042145-45,0.0020,13.58,no
2026-10-05T01:43:05.816276Z,KXXRP15M-26OCT042145-45,0.0020,16.42,no
2026-10-05T01:43:05.877877Z,KXXRP15M-26OCT042145-45,0.0020,3.58,no
2026-10-05T01:43:05.877877Z,KXXRP15M-26OCT042145-45,0.0020,26.42,no
2026-10-05T01:43:06.096614Z,KXXRP15M-26OCT042145-45,0.0020,7.58,no
2026-10-05T01:43:06.096614Z,KXXRP15M-26OCT042145-45,0.0020,22.42,no
2026-10-05T01:43:06.958655Z,KXXRP15M-26OCT042145-45,0.0030,62.35,yes
2026-10-05T01:43:06.958655Z,KXXRP15M-26OCT042145-45,0.0030,243.00,yes
2026-10-05T01:43:09.931778Z,KXXRP15M-26OCT042145-45,0.0030,24.70,yes
2026-10-05T01:43:11.146475Z,KXXRP15M-26OCT042145-45,0.0030,29.95,yes
2026-10-05T01:43:11.146475Z,KXXRP15M-26OCT042145-45,0.0030,63.33,yes
2026-10-05T01:43:11.146475Z,KXXRP15M-26OCT042145-45,0.0030,5.00,yes
2026-10-05T01:43:11.146475Z,KXXRP15M-26OCT042145-45,0.0030,7.07,yes
2026-10-05T01:43:11.146475Z,KXXRP15M-26OCT042145-45,0.0030,200.00,yes
2026-10-05T01:43:11.569475Z,KXXRP15M-26OCT042145-45,0.0030,0.91,yes
2026-10-05T01:43:12.272159Z,KXXRP15M-26OCT042145-45,0.0020,22.81,no
2026-10-05T01:43:12.730018Z,KXXRP15M-26OCT042145-45,0.0020,19.61,no
2026-10-05T01:43:12.730018Z,KXXRP15M-26OCT042145-45,0.0020,3.00,no
2026-10-05T01:43:12.730018Z,KXXRP15M-26OCT042145-45,0.0020,3.00,no
2026-10-05T01:43:12.730018Z,KXXRP15M-26OCT042145-45,0.0020,3.00,no
2026-10-05T01:43:12.730018Z,KXXRP15M-26OCT042145-45,0.0020,2.70,no
2026-10-05T01:43:13.15006Z,KXXRP15M-26OCT042145-45,0.0030,23.93,yes
2026-10-05T01:43:13.744397Z,KXXRP15M-26OCT042145-45,0.0020,0.30,no
2026-10-05T01:43:13.744397Z,KXXRP15M-26OCT042145-45,0.0020,0.70,no
2026-10-05T01:43:15.093621Z,KXXRP15M-26OCT042145-45,0.0020,5.00,no
2026-10-05T01:43:15.093621Z,KXXRP15M-26OCT042145-45,0.0020,5.00,no
2026-10-05T01:43:15.093621Z,KXXRP15M-26OCT042145-45,0.0020,5.00,no
2026-10-05T01:43:15.093621Z,KXXRP15M-26OCT042145-45,0.0020,8.68,no
2026-10-05T01:43:15.093621Z,KXXRP15M-26OCT042145-45,0.0020,2.30,no
2026-10-05T01:43:15.304356Z,KXXRP15M-26OCT042145-45,0.0020,100.20,no
2026-10-05T01:43:15.904111Z,KXXRP15M-26OCT042145-45,0.0020,390.88,no
2026-10-05T01:43:15.904111Z,KXXRP15M-26OCT042145-45,0.0020,34.12,no
2026-10-05T01:43:16.080471Z,KXXRP15M-26OCT042145-45,0.0020,109.12,no
2026-10-05T01:43:16.080471Z,KXXRP15M-26OCT042145-45,0.0020,4.88,no
2026-10-05T01:43:16.346914Z,KXXRP15M-26OCT042145-45,0.0020,15.90,no
2026-10-05T01:43:16.346914Z,KXXRP15M-26OCT042145-45,0.0020,5.00,no
2026-10-05T01:43:16.346914Z,KXXRP15M-26OCT042145-45,0.0020,0.10,no
2026-10-05T01:43:18.266518Z,KXXRP15M-26OCT042145-45,0.0030,30.53,yes
2026-10-05T01:43:19.783743Z,KXXRP15M-26OCT042145-45,0.0020,78.26,no
2026-10-05T01:43:20.086642Z,KXXRP15M-26OCT042145-45,0.0020,73.64,yes
2026-10-05T01:43:23.24268Z,KXXRP15M-26OCT042145-45,0.0030,16.85,yes
2026-10-05T01:43:23.24268Z,KXXRP15M-26OCT042145-45,0.0030,23.51,yes
2026-10-05T01:43:23.24268Z,KXXRP15M-26OCT042145-45,0.0030,31.30,yes
2026-10-05T01:43:23.24268Z,KXXRP15M-26OCT042145-45,0.0020,109.00,yes
2026-10-05T01:43:23.24268Z,KXXRP15M-26OCT042145-45,0.0020,15.36,yes
2026-10-05T01:43:24.254389Z,KXXRP15M-26OCT042145-45,0.0010,193.27,no
2026-10-05T01:43:26.344853Z,KXXRP15M-26OCT042145-45,0.0020,81.00,yes
2026-10-05T01:43:26.344853Z,KXXRP15M-26OCT042145-45,0.0020,53.00,yes
2026-10-05T01:43:26.344853Z,KXXRP15M-26OCT042145-45,0.0030,83.66,yes
2026-10-05T01:43:26.344853Z,KXXRP15M-26OCT042145-45,0.0030,30.00,yes
2026-10-05T01:43:26.344853Z,KXXRP15M-26OCT042145-45,0.0030,8.15,yes
2026-10-05T01:43:26.344853Z,KXXRP15M-26OCT042145-45,0.0030,26.42,yes
2026-10-05T01:43:26.344853Z,KXXRP15M-26OCT042145-45,0.0020,13.00,yes
2026-10-05T01:43:26.344853Z,KXXRP15M-26OCT042145-45,0.0030,16.42,yes
2026-10-05T01:43:26.344853Z,KXXRP15M-26OCT042145-45,0.0030,30.00,yes
2026-10-05T01:43:26.344853Z,KXXRP15M-26OCT042145-45,0.0030,13.58,yes
2026-10-05T01:43:27.041609Z,KXXRP15M-26OCT042145-45,0.0010,19.07,no
2026-10-05T01:43:28.249373Z,KXXRP15M-26OCT042145-45,0.0020,50.00,yes
2026-10-05T01:43:28.249373Z,KXXRP15M-26OCT042145-45,0.0020,66.00,yes
2026-10-05T01:43:28.249373Z,KXXRP15M-26OCT042145-45,0.0030,233.69,yes
2026-10-05T01:43:30.376387Z,KXXRP15M-26OCT042145-45,0.0010,187.66,no
2026-10-05T01:43:30.376387Z,KXXRP15M-26OCT042145-45,0.0010,80.34,no
2026-10-05T01:43:31.021749Z,KXXRP15M-26OCT042145-45,0.0010,200.00,no
2026-10-05T01:43:31.042394Z,KXXRP15M-26OCT042145-45,0.0010,200.00,no
2026-10-05T01:43:31.054985Z,KXXRP15M-26OCT042145-45,0.0010,200.00,no
2026-10-05T01:43:31.069975Z,KXXRP15M-26OCT042145-45,0.0010,1402.00,no
2026-10-05T01:43:31.106732Z,KXXRP15M-26OCT042145-45,0.0010,200.00,no
2026-10-05T01:43:31.236685Z,KXXRP15M-26OCT042145-45,0.0010,200.00,no
2026-10-05T01:43:31.272816Z,KXXRP15M-26OCT042145-45,0.0010,200.00,no
2026-10-05T01:43:31.597171Z,KXXRP15M-26OCT042145-45,0.0020,37.00,yes
2026-10-05T01:43:31.597171Z,KXXRP15M-26OCT042145-45,0.0020,3.49,yes
2026-10-05T01:43:31.616085Z,KXXRP15M-26OCT042145-45,0.0010,200.00,no
2026-10-05T01:43:31.616469Z,KXXRP15M-26OCT042145-45,0.0010,175.00,no
2026-10-05T01:43:31.631879Z,KXXRP15M-26OCT042145-45,0.0010,200.00,no
2026-10-05T01:43:31.686471Z,KXXRP15M-26OCT042145-45,0.0010,200.00,no
2026-10-05T01:43:31.715368Z,KXXRP15M-26OCT042145-45,0.0010,53.00,no
2026-10-05T01:43:31.832505Z,KXXRP15M-26OCT042145-45,0.0010,200.00,no
2026-10-05T01:43:31.854238Z,KXXRP15M-26OCT042145-45,0.0010,200.00,no
2026-10-05T01:43:31.942812Z,KXXRP15M-26OCT042145-45,0.0010,200.00,no
2026-10-05T01:43:32.102512Z,KXXRP15M-26OCT042145-45,0.0010,200.00,no
2026-10-05T01:43:32.207848Z,KXXRP15M-26OCT042145-45,0.0010,200.00,no
2026-10-05T01:43:32.290411Z,KXXRP15M-26OCT042145-45,0.0020,11.18,yes
2026-10-05T01:43:32.305471Z,KXXRP15M-26OCT042145-45,0.0010,44.00,no
2026-10-05T01:43:32.309636Z,KXXRP15M-26OCT042145-45,0.0010,200.00,no
2026-10-05T01:43:32.361947Z,KXXRP15M-26OCT042145-45,0.0010,200.00,no
2026-10-05T01:43:32.525957Z,KXXRP15M-26OCT042145-45,0.0010,200.00,no
2026-10-05T01:43:32.5447Z,KXXRP15M-26OCT042145-45,0.0010,200.00,no
2026-10-05T01:43:32.744142Z,KXXRP15M-26OCT042145-45,0.0010,200.00,no
2026-10-05T01:43:32.762915Z,KXXRP15M-26OCT042145-45,0.0010,200.00,no
2026-10-05T01:43:32.778633Z,KXXRP15M-26OCT042145-45,0.0010,67.00,no
2026-10-05T01:43:32.94571Z,KXXRP15M-26OCT042145-45,0.0020,89.33,yes
2026-10-05T01:43:32.94571Z,KXXRP15M-26OCT042145-45,0.0020,65.67,yes
2026-10-05T01:43:34.462288Z,KXXRP15M-26OCT042145-45,0.0020,110.67,yes
2026-10-05T01:43:34.462288Z,KXXRP15M-26OCT042145-45,0.0020,101.33,yes
2026-10-05T01:43:34.462288Z,KXXRP15M-26OCT042145-45,0.0020,200.00,yes
2026-10-05T01:43:36.481262Z,KXXRP15M-26OCT042145-45,0.0010,225.00,no
2026-10-05T01:43:36.563334Z,KXXRP15M-26OCT042145-45,0.0010,444.40,no
2026-10-05T01:43:37.179184Z,KXXRP15M-26OCT042145-45,0.0010,1.00,no
2026-10-05T01:43:41.97964Z,KXXRP15M-26OCT042145-45,0.0020,1.00,yes
2026-10-05T01:43:41.97964Z,KXXRP15M-26OCT042145-45,0.0020,225.00,yes
2026-10-05T01:43:41.97964Z,KXXRP15M-26OCT042145-45,0.0020,444.40,yes
2026-10-05T01:43:41.97964Z,KXXRP15M-26OCT042145-45,0.0050,400.74,yes
2026-10-05T01:43:41.97964Z,KXXRP15M-26OCT042145-45,0.0050,480.76,yes
2026-10-05T01:43:41.97964Z,KXXRP15M-26OCT042145-45,0.0050,500.93,yes
2026-10-05T01:43:41.97964Z,KXXRP15M-26OCT042145-45,0.0050,1928.64,yes
2026-10-05T01:43:41.97964Z,KXXRP15M-26OCT042145-45,0.0040,35.00,yes
2026-10-05T01:43:41.97964Z,KXXRP15M-26OCT042145-45,0.0020,200.00,yes
2026-10-05T01:43:41.97964Z,KXXRP15M-26OCT042145-45,0.0020,200.00,yes
2026-10-05T01:43:41.97964Z,KXXRP15M-26OCT042145-45,0.0020,200.00,yes
2026-10-05T01:43:41.97964Z,KXXRP15M-26OCT042145-45,0.0020,44.00,yes
2026-10-05T01:43:41.97964Z,KXXRP15M-26OCT042145-45,0.0020,621.00,yes
2026-10-05T01:43:41.97964Z,KXXRP15M-26OCT042145-45,0.0020,200.00,yes
2026-10-05T01:43:41.97964Z,KXXRP15M-26OCT042145-45,0.0020,381.00,yes
2026-10-05T01:43:41.97964Z,KXXRP15M-26OCT042145-45,0.0020,200.00,yes
2026-10-05T01:43:41.97964Z,KXXRP15M-26OCT042145-45,0.0020,200.00,yes
2026-10-05T01:43:41.97964Z,KXXRP15M-26OCT042145-45,0.0020,67.00,yes
2026-10-05T01:43:41.97964Z,KXXRP15M-26OCT042145-45,0.0050,712.14,yes
2026-10-05T01:43:41.97964Z,KXXRP15M-26OCT042145-45,0.0020,200.00,yes
2026-10-05T01:43:41.97964Z,KXXRP15M-26OCT042145-45,0.0020,200.00,yes
2026-10-05T01:43:41.97964Z,KXXRP15M-26OCT042145-45,0.0020,1402.00,yes
2026-10-05T01:43:41.97964Z,KXXRP15M-26OCT042145-45,0.0020,200.00,yes
2026-10-05T01:43:41.97964Z,KXXRP15M-26OCT042145-45,0.0020,200.00,yes
2026-10-05T01:43:41.97964Z,KXXRP15M-26OCT042145-45,0.0020,200.00,yes
2026-10-05T01:43:41.97964Z,KXXRP15M-26OCT042145-45,0.0020,98.67,yes
2026-10-05T01:43:41.97964Z,KXXRP15M-26OCT042145-45,0.0020,200.00,yes
2026-10-05T01:43:41.97964Z,KXXRP15M-26OCT042145-45,0.0020,200.00,yes
2026-10-05T01:43:41.97964Z,KXXRP15M-26OCT042145-45,0.0020,200.00,yes
2026-10-05T01:43:41.97964Z,KXXRP15M-26OCT042145-45,0.0020,200.00,yes
2026-10-05T01:43:41.97964Z,KXXRP15M-26OCT042145-45,0.0020,53.00,yes
2026-10-05T01:43:41.97964Z,KXXRP15M-26OCT042145-45,0.0020,200.00,yes
2026-10-05T01:43:41.97964Z,KXXRP15M-26OCT042145-45,0.0020,175.00,yes
2026-10-05T01:43:41.97964Z,KXXRP15M-26OCT042145-45,0.0020,200.00,yes
2026-10-05T01:43:41.97964Z,KXXRP15M-26OCT042145-45,0.0050,400.00,yes
2026-10-05T01:43:41.97964Z,KXXRP15M-26OCT042145-45,0.0020,109.12,yes
2026-10-05T01:43:41.97964Z,KXXRP15M-26OCT042145-45,0.0020,73.53,yes
2026-10-05T01:43:41.97964Z,KXXRP15M-26OCT042145-45,0.0050,22.81,yes
2026-10-05T01:43:41.97964Z,KXXRP15M-26OCT042145-45,0.0050,19.61,yes
2026-10-05T01:43:41.97964Z,KXXRP15M-26OCT042145-45,0.0050,7.58,yes
2026-10-05T01:43:41.97964Z,KXXRP15M-26OCT042145-45,0.0040,500.00,yes
2026-10-05T01:43:41.97964Z,KXXRP15M-26OCT042145-45,0.0050,688.93,yes
2026-10-05T01:43:41.97964Z,KXXRP15M-26OCT042145-45,0.0020,40.00,yes
2026-10-05T01:43:42.887175Z,KXXRP15M-26OCT042145-45,0.0010,2170.26,no
2026-10-05T01:43:42.887175Z,KXXRP15M-26OCT042145-45,0.0010,53.80,no
2026-10-05T01:43:42.903179Z,KXXRP15M-26OCT042145-45,0.0010,500.00,no
2026-10-05T01:43:42.903179Z,KXXRP15M-26OCT042145-45,0.0010,148.06,no
2026-10-05T01:43:42.903179Z,KXXRP15M-26OCT042145-45,0.0010,40.00,no
2026-10-05T01:43:42.903179Z,KXXRP15M-26OCT042145-45,0.0010,43.00,no
2026-10-05T01:43:42.903179Z,KXXRP15M-26OCT042145-45,0.0010,100.00,no
2026-10-05T01:43:42.903179Z,KXXRP15M-26OCT042145-45,0.0010,1.00,no
2026-10-05T01:43:42.903179Z,KXXRP15M-26OCT042145-45,0.0010,40.00,no
2026-10-05T01:43:42.903179Z,KXXRP15M-26OCT042145-45,0.0010,1.00,no
2026-10-05T01:43:42.903179Z,KXXRP15M-26OCT042145-45,0.0010,446.20,no
2026-10-05T01:43:42.903179Z,KXXRP15M-26OCT042145-45,0.0010,500.00,no
2026-10-05T01:43:42.903179Z,KXXRP15M-26OCT042145-45,0.0010,1.00,no
2026-10-05T01:43:42.903179Z,KXXRP15M-26OCT042145-45,0.0010,350.00,no
2026-10-05T01:43:43.443076Z,KXXRP15M-26OCT042145-45,0.0020,221.35,yes
2026-10-05T01:43:43.443076Z,KXXRP15M-26OCT042145-45,0.0020,53.80,yes
2026-10-05T01:43:44.767704Z,KXXRP15M-26OCT042145-45,0.0010,59.24,no
2026-10-05T01:43:46.037687Z,KXXRP15M-26OCT042145-45,0.0020,40.00,yes
2026-10-05T01:43:46.037687Z,KXXRP15M-26OCT042145-45,0.0020,40.00,yes
2026-10-05T01:43:46.037687Z,KXXRP15M-26OCT042145-45,0.0020,224.85,yes
2026-10-05T01:43:46.037687Z,KXXRP15M-26OCT042145-45,0.0020,500.00,yes
2026-10-05T01:43:46.047771Z,KXXRP15M-26OCT042145-45,0.0020,20.00,no
2026-10-05T01:43:46.055938Z,KXXRP15M-26OCT042145-45,0.0020,15.00,no
2026-10-05T01:43:46.060985Z,KXXRP15M-26OCT042145-45,0.0020,10.00,no
2026-10-05T01:43:46.582708Z,KXXRP15M-26OCT042145-45,0.0020,7.00,no
2026-10-05T01:43:46.794678Z,KXXRP15M-26OCT042145-45,0.0020,41.04,no
2026-10-05T01:43:47.110376Z,KXXRP15M-26OCT042145-45,0.0020,5.00,no
2026-10-05T01:43:47.264487Z,KXXRP15M-26OCT042145-45,0.0030,192.00,yes
2026-10-05T01:43:47.264487Z,KXXRP15M-26OCT042145-45,0.0050,71.05,yes
2026-10-05T01:43:48.220657Z,KXXRP15M-26OCT042145-45,0.0020,90.16,no
2026-10-05T01:43:51.276893Z,KXXRP15M-26OCT042145-45,0.0030,41.97,yes
2026-10-05T01:43:53.051103Z,KXXRP15M-26OCT042145-45,0.0020,104.73,no
2026-10-05T01:43:55.160538Z,KXXRP15M-26OCT042145-45,0.0050,56.09,yes
2026-10-05T01:43:55.160538Z,KXXRP15M-26OCT042145-45,0.0030,40.00,yes
2026-10-05T01:43:55.160538Z,KXXRP15M-26OCT042145-45,0.0040,35.00,yes
2026-10-05T01:43:55.160538Z,KXXRP15M-26OCT042145-45,0.0040,0.10,yes
2026-10-05T01:43:55.160538Z,KXXRP15M-26OCT042145-45,0.0030,64.03,yes
2026-10-05T01:43:55.160538Z,KXXRP15M-26OCT042145-45,0.0030,64.00,yes
2026-10-05T01:43:56.666944Z,KXXRP15M-26OCT042145-45,0.0030,15.27,yes
2026-10-05T01:43:57.128014Z,KXXRP15M-26OCT042145-45,0.0030,36.35,yes
2026-10-05T01:43:57.128014Z,KXXRP15M-26OCT042145-45,0.0030,24.73,yes
2026-10-05T01:43:59.059168Z,KXXRP15M-26OCT042145-45,0.0020,200.00,no
2026-10-05T01:44:00.075562Z,KXXRP15M-26OCT042145-45,0.0020,1.00,no
2026-10-05T01:44:00.084552Z,KXXRP15M-26OCT042145-45,0.0020,35.00,no
2026-10-05T01:44:00.107585Z,KXXRP15M-26OCT042145-45,0.0020,100.00,no
2026-10-05T01:44:00.216042Z,KXXRP15M-26OCT042145-45,0.0020,2.00,no
2026-10-05T01:44:00.554324Z,KXXRP15M-26OCT042145-45,0.0020,1.00,no
2026-10-05T01:44:00.807469Z,KXXRP15M-26OCT042145-45,0.0020,225.38,no
2026-10-05T01:44:01.03354Z,KXXRP15M-26OCT042145-45,0.0020,576.00,no
2026-10-05T01:44:01.068325Z,KXXRP15M-26OCT042145-45,0.0020,350.00,no
2026-10-05T01:44:01.580202Z,KXXRP15M-26OCT042145-45,0.0020,250.25,no
2026-10-05T01:44:02.365798Z,KXXRP15M-26OCT042145-45,0.0020,1161.59,no
2026-10-05T01:44:02.852814Z,KXXRP15M-26OCT042145-45,0.0050,91.72,yes
2026-10-05T01:44:02.852814Z,KXXRP15M-26OCT042145-45,0.0050,224.85,yes
2026-10-05T01:44:02.852814Z,KXXRP15M-26OCT042145-45,0.0050,804.85,yes
2026-10-05T01:44:02.852814Z,KXXRP15M-26OCT042145-45,0.0040,500.00,yes
2026-10-05T01:44:02.852814Z,KXXRP15M-26OCT042145-45,0.0050,207.30,yes
2026-10-05T01:44:02.852814Z,KXXRP15M-26OCT042145-45,0.0050,570.00,yes
2026-10-05T01:44:02.852814Z,KXXRP15M-26OCT042145-45,0.0020,1338.41,yes
2026-10-05T01:44:02.852814Z,KXXRP15M-26OCT042145-45,0.0050,0.12,yes
2026-10-05T01:44:02.852814Z,KXXRP15M-26OCT042145-45,0.0040,12.00,yes
2026-10-05T01:44:02.852814Z,KXXRP15M-26OCT042145-45,0.0030,100.00,yes
2026-10-05T01:44:02.852814Z,KXXRP15M-26OCT042145-45,0.0040,35.00,yes
2026-10-05T01:44:02.852814Z,KXXRP15M-26OCT042145-45,0.0020,40.00,yes
2026-10-05T01:44:03.10557Z,KXXRP15M-26OCT042145-45,0.0010,2.97,no
2026-10-05T01:44:04.623699Z,KXXRP15M-26OCT042145-45,0.0010,30.03,no
2026-10-05T01:44:05.270395Z,KXXRP15M-26OCT042145-45,0.0010,43.00,no
2026-10-05T01:44:05.270395Z,KXXRP15M-26OCT042145-45,0.0010,119.25,no
2026-10-05T01:44:05.270395Z,KXXRP15M-26OCT042145-45,0.0010,221.35,no
2026-10-05T01:44:05.270395Z,KXXRP15M-26OCT042145-45,0.0010,53.80,no
2026-10-05T01:44:05.270395Z,KXXRP15M-26OCT042145-45,0.0010,7.00,no
2026-10-05T01:44:05.686981Z,KXXRP15M-26OCT042145-45,0.0010,14.00,no
2026-10-05T01:44:06.178272Z,KXXRP15M-26OCT042145-45,0.0020,40.00,yes
2026-10-05T01:44:06.178272Z,KXXRP15M-26OCT042145-45,0.0020,178.00,yes
2026-10-05T01:44:06.178272Z,KXXRP15M-26OCT042145-45,0.0020,249.36,yes
2026-10-05T01:44:06.292314Z,KXXRP15M-26OCT042145-45,0.0010,200.00,no
2026-10-05T01:44:06.593519Z,KXXRP15M-26OCT042145-45,0.0010,12.00,no
2026-10-05T01:44:06.663307Z,KXXRP15M-26OCT042145-45,0.0020,40.00,yes
2026-10-05T01:44:06.663307Z,KXXRP15M-26OCT042145-45,0.0040,35.00,yes
2026-10-05T01:44:06.663307Z,KXXRP15M-26OCT042145-45,0.0020,221.35,yes
2026-10-05T01:44:06.663307Z,KXXRP15M-26OCT042145-45,0.0020,53.80,yes
2026-10-05T01:44:06.663307Z,KXXRP15M-26OCT042145-45,0.0020,330.64,yes
2026-10-05T01:44:06.663307Z,KXXRP15M-26OCT042145-45,0.0040,8.00,yes
2026-10-05T01:44:06.663307Z,KXXRP15M-26OCT042145-45,0.0050,136.74,yes
2026-10-05T01:44:07.170918Z,KXXRP15M-26OCT042145-45,0.0010,5.00,no
2026-10-05T01:44:07.766216Z,KXXRP15M-26OCT042145-45,0.0010,88.25,no
2026-10-05T01:44:07.766216Z,KXXRP15M-26OCT042145-45,0.0010,49.75,no
2026-10-05T01:44:08.227248Z,KXXRP15M-26OCT042145-45,0.0010,411.75,no
2026-10-05T01:44:08.227248Z,KXXRP15M-26OCT042145-45,0.0010,43.00,no
2026-10-05T01:44:08.227248Z,KXXRP15M-26OCT042145-45,0.0010,40.00,no
2026-10-05T01:44:11.199735Z,KXXRP15M-26OCT042145-45,0.0010,22.81,yes
2026-10-05T01:44:11.605918Z,KXXRP15M-26OCT042145-45,0.0010,48.19,yes
2026-10-05T01:44:11.605918Z,KXXRP15M-26OCT042145-45,0.0010,5.00,yes
2026-10-05T01:44:11.605918Z,KXXRP15M-26OCT042145-45,0.0010,2029.74,yes
2026-10-05T01:44:12.188558Z,KXXRP15M-26OCT042145-45,0.0010,915.99,yes
2026-10-05T01:44:12.2602Z,KXXRP15M-26OCT042145-45,0.0010,809.65,yes
2026-10-05T01:44:12.2602Z,KXXRP15M-26OCT042145-45,0.0010,106.34,yes
2026-10-05T01:44:14.244162Z,KXXRP15M-26OCT042145-45,0.0010,90.00,yes
2026-10-05T01:44:21.375629Z,KXXRP15M-26OCT042145-45,0.0010,915.99,yes
2026-10-05T01:44:22.622818Z,KXXRP15M-26OCT042145-45,0.0010,44.00,yes
2026-10-05T01:44:22.939583Z,KXXRP15M-26OCT042145-45,0.0010,20.00,yes
2026-10-05T01:44:25.976835Z,KXXRP15M-26OCT042145-45,0.0010,915.99,yes
2026-10-05T01:44:44.679438Z,KXXRP15M-26OCT042145-45,0.0010,90.00,yes
2026-10-05T01:42:00.069467Z,KXETH15M-26OCT042145-45,0.0150,2.00,yes
2026-10-05T01:42:00.166767Z,KXETH15M-26OCT042145-45,0.0140,1.00,no
2026-10-05T01:42:00.171087Z,KXETH15M-26OCT042145-45,0.0150,2.00,yes
2026-10-05T01:42:00.592308Z,KXETH15M-26OCT042145-45,0.0130,4.00,no
2026-10-05T01:42:00.592308Z,KXETH15M-26OCT042145-45,0.0130,0.60,no
2026-10-05T01:42:00.592308Z,KXETH15M-26OCT042145-45,0.0140,55.00,no
2026-10-05T01:42:00.592308Z,KXETH15M-26OCT042145-45,0.0130,0.40,no
2026-10-05T01:42:01.137482Z,KXETH15M-26OCT042145-45,0.0120,6.15,no
2026-10-05T01:42:02.025246Z,KXETH15M-26OCT042145-45,0.0120,8.00,no
2026-10-05T01:42:02.025246Z,KXETH15M-26OCT042145-45,0.0120,12.00,no
2026-10-05T01:42:02.287501Z,KXETH15M-26OCT042145-45,0.0110,1.00,no
2026-10-05T01:42:04.118692Z,KXETH15M-26OCT042145-45,0.0110,20.20,no
2026-10-05T01:42:05.211124Z,KXETH15M-26OCT042145-45,0.0120,88.00,yes
2026-10-05T01:42:05.69139Z,KXETH15M-26OCT042145-45,0.0110,9.17,no
2026-10-05T01:42:05.788111Z,KXETH15M-26OCT042145-45,0.0110,10.00,no
2026-10-05T01:42:05.894757Z,KXETH15M-26OCT042145-45,0.0110,50.00,no
2026-10-05T01:42:06.516974Z,KXETH15M-26OCT042145-45,0.0110,2.02,no
2026-10-05T01:42:06.754226Z,KXETH15M-26OCT042145-45,0.0110,100.00,no
2026-10-05T01:42:06.754226Z,KXETH15M-26OCT042145-45,0.0110,92.32,no
2026-10-05T01:42:06.754226Z,KXETH15M-26OCT042145-45,0.0110,29.68,no
2026-10-05T01:42:07.16022Z,KXETH15M-26OCT042145-45,0.0110,10.00,no
2026-10-05T01:42:07.16022Z,KXETH15M-26OCT042145-45,0.0110,12.00,no
2026-10-05T01:42:07.16022Z,KXETH15M-26OCT042145-45,0.0110,4.00,no
2026-10-05T01:42:07.16022Z,KXETH15M-26OCT042145-45,0.0110,1.00,no
2026-10-05T01:42:07.16022Z,KXETH15M-26OCT042145-45,0.0110,50.00,no
2026-10-05T01:42:07.16022Z,KXETH15M-26OCT042145-45,0.0110,1.00,no
2026-10-05T01:42:07.16022Z,KXETH15M-26OCT042145-45,0.0100,38.13,no
2026-10-05T01:42:07.16022Z,KXETH15M-26OCT042145-45,0.0110,10.00,no
2026-10-05T01:42:07.16022Z,KXETH15M-26OCT042145-45,0.0110,2.00,no
2026-10-05T01:42:07.16022Z,KXETH15M-26OCT042145-45,0.0110,20.00,no
2026-10-05T01:42:07.16022Z,KXETH15M-26OCT042145-45,0.0110,7.68,no
2026-10-05T01:42:07.16022Z,KXETH15M-26OCT042145-45,0.0110,1.00,no
2026-10-05T01:42:07.16022Z,KXETH15M-26OCT042145-45,0.0110,2.00,no
2026-10-05T01:42:08.108274Z,KXETH15M-26OCT042145-45,0.0110,36.94,yes
2026-10-05T01:42:08.108274Z,KXETH15M-26OCT042145-45,0.0110,41.00,yes
2026-10-05T01:42:08.521521Z,KXETH15M-26OCT042145-45,0.0110,19.00,yes
2026-10-05T01:42:08.521521Z,KXETH15M-26OCT042145-45,0.0110,0.01,yes
2026-10-05T01:42:08.521521Z,KXETH15M-26OCT042145-45,0.0110,63.06,yes
2026-10-05T01:42:08.521521Z,KXETH15M-26OCT042145-45,0.0120,80.28,yes
2026-10-05T01:42:09.622025Z,KXETH15M-26OCT042145-45,0.0110,22.10,yes
2026-10-05T01:42:10.370389Z,KXETH15M-26OCT042145-45,0.0100,11.87,no
2026-10-05T01:42:10.370389Z,KXETH15M-26OCT042145-45,0.0100,1.00,no
2026-10-05T01:42:10.370389Z,KXETH15M-26OCT042145-45,0.0100,5.29,no
2026-10-05T01:42:10.660095Z,KXETH15M-26OCT042145-45,0.0110,8.50,yes
2026-10-05T01:42:10.984625Z,KXETH15M-26OCT042145-45,0.0150,0.01,yes
2026-10-05T01:42:10.984625Z,KXETH15M-26OCT042145-45,0.0160,0.01,yes
2026-10-05T01:42:10.984625Z,KXETH15M-26OCT042145-45,0.0120,0.01,yes
2026-10-05T01:42:10.984625Z,KXETH15M-26OCT042145-45,0.0120,247.72,yes
2026-10-05T01:42:10.984625Z,KXETH15M-26OCT042145-45,0.0140,0.01,yes
2026-10-05T01:42:10.984625Z,KXETH15M-26OCT042145-45,0.0130,0.01,yes
2026-10-05T01:42:10.984625Z,KXETH15M-26OCT042145-45,0.0120,34.00,yes
2026-10-05T01:42:10.984625Z,KXETH15M-26OCT042145-45,0.0170,8.72,yes
2026-10-05T01:42:10.984625Z,KXETH15M-26OCT042145-45,0.0120,28.00,yes
2026-10-05T01:42:10.984625Z,KXETH15M-26OCT042145-45,0.0170,0.01,yes
2026-10-05T01:42:10.984625Z,KXETH15M-26OCT042145-45,0.0110,12.00,yes
2026-10-05T01:42:10.984625Z,KXETH15M-26OCT042145-45,0.0110,31.00,yes
2026-10-05T01:42:10.984625Z,KXETH15M-26OCT042145-45,0.0110,10.40,yes
2026-10-05T01:42:11.443008Z,KXETH15M-26OCT042145-45,0.0100,0.71,no
2026-10-05T01:42:11.443008Z,KXETH15M-26OCT042145-45,0.0100,49.29,no
2026-10-05T01:42:11.743563Z,KXETH15M-26OCT042145-45,0.0110,3.00,yes
2026-10-05T01:42:11.751622Z,KXETH15M-26OCT042145-45,0.0110,1.00,yes
2026-10-05T01:42:11.756518Z,KXETH15M-26OCT042145-45,0.0110,40.00,yes
2026-10-05T01:42:11.756518Z,KXETH15M-26OCT042145-45,0.0110,37.00,yes
2026-10-05T01:42:11.775247Z,KXETH15M-26OCT042145-45,0.0110,1.00,no
2026-10-05T01:42:12.663212Z,KXETH15M-26OCT042145-45,0.0130,2.16,yes
2026-10-05T01:42:12.663212Z,KXETH15M-26OCT042145-45,0.0120,34.00,yes
2026-10-05T01:42:12.663212Z,KXETH15M-26OCT042145-45,0.0120,41.00,yes
2026-10-05T01:42:13.26926Z,KXETH15M-26OCT042145-45,0.0170,0.01,yes
2026-10-05T01:42:13.26926Z,KXETH15M-26OCT042145-45,0.0150,0.01,yes
2026-10-05T01:42:13.26926Z,KXETH15M-26OCT042145-45,0.0160,0.01,yes
2026-10-05T01:42:13.26926Z,KXETH15M-26OCT042145-45,0.0200,12.00,yes
2026-10-05T01:42:13.26926Z,KXETH15M-26OCT042145-45,0.0130,34.00,yes
2026-10-05T01:42:13.26926Z,KXETH15M-26OCT042145-45,0.0180,11.00,yes
2026-10-05T01:42:13.26926Z,KXETH15M-26OCT042145-45,0.0130,41.00,yes
2026-10-05T01:42:13.26926Z,KXETH15M-26OCT042145-45,0.0140,41.00,yes
2026-10-05T01:42:13.26926Z,KXETH15M-26OCT042145-45,0.0150,12.00,yes
2026-10-05T01:42:13.26926Z,KXETH15M-26OCT042145-45,0.0140,21.00,yes
2026-10-05T01:42:13.26926Z,KXETH15M-26OCT042145-45,0.0200,4.00,yes
2026-10-05T01:42:13.26926Z,KXETH15M-26OCT042145-45,0.0200,1.00,yes
2026-10-05T01:42:13.26926Z,KXETH15M-26OCT042145-45,0.0210,4.00,yes
2026-10-05T01:42:13.26926Z,KXETH15M-26OCT042145-45,0.0190,4.00,yes
2026-10-05T01:42:13.26926Z,KXETH15M-26OCT042145-45,0.0200,4.00,yes
2026-10-05T01:42:13.26926Z,KXETH15M-26OCT042145-45,0.0210,4.00,yes
2026-10-05T01:42:13.26926Z,KXETH15M-26OCT042145-45,0.0210,3.60,yes
2026-10-05T01:42:13.26926Z,KXETH15M-26OCT042145-45,0.0210,15.52,yes
2026-10-05T01:42:13.26926Z,KXETH15M-26OCT042145-45,0.0210,40.00,yes
2026-10-05T01:42:13.26926Z,KXETH15M-26OCT042145-45,0.0190,4.00,yes
2026-10-05T01:42:13.26926Z,KXETH15M-26OCT042145-45,0.0190,1.00,yes
2026-10-05T01:42:13.26926Z,KXETH15M-26OCT042145-45,0.0180,1.00,yes
2026-10-05T01:42:13.26926Z,KXETH15M-26OCT042145-45,0.0180,0.01,yes
2026-10-05T01:42:13.26926Z,KXETH15M-26OCT042145-45,0.0210,0.01,yes
2026-10-05T01:42:13.26926Z,KXETH15M-26OCT042145-45,0.0190,0.01,yes
2026-10-05T01:42:13.26926Z,KXETH15M-26OCT042145-45,0.0200,0.01,yes
2026-10-05T01:42:13.26926Z,KXETH15M-26OCT042145-45,0.0200,20.00,yes
2026-10-05T01:42:13.679688Z,KXETH15M-26OCT042145-45,0.0130,1.00,yes
2026-10-05T01:42:14.343895Z,KXETH15M-26OCT042145-45,0.0120,1.00,no
2026-10-05T01:42:14.343895Z,KXETH15M-26OCT042145-45,0.0120,4.00,no
2026-10-05T01:42:14.714261Z,KXETH15M-26OCT042145-45,0.0140,0.67,yes
2026-10-05T01:42:14.714261Z,KXETH15M-26OCT042145-45,0.0130,31.00,yes
2026-10-05T01:42:14.714261Z,KXETH15M-26OCT042145-45,0.0130,40.00,yes
2026-10-05T01:42:14.743761Z,KXETH15M-26OCT042145-45,0.0120,3.60,no
2026-10-05T01:42:14.743761Z,KXETH15M-26OCT042145-45,0.0120,11.00,no
2026-10-05T01:42:14.743761Z,KXETH15M-26OCT042145-45,0.0110,4.00,no
2026-10-05T01:42:14.743761Z,KXETH15M-26OCT042145-45,0.0120,20.00,no
2026-10-05T01:42:14.743761Z,KXETH15M-26OCT042145-45,0.0110,4.00,no
2026-10-05T01:42:14.743761Z,KXETH15M-26OCT042145-45,0.0120,3.00,no
2026-10-05T01:42:14.743761Z,KXETH15M-26OCT042145-45,0.0120,24.00,no
2026-10-05T01:42:14.743761Z,KXETH15M-26OCT042145-45,0.0110,20.00,no
2026-10-05T01:42:14.743761Z,KXETH15M-26OCT042145-45,0.0110,12.00,no
2026-10-05T01:42:15.112775Z,KXETH15M-26OCT042145-45,0.0240,0.01,yes
2026-10-05T01:42:15.112775Z,KXETH15M-26OCT042145-45,0.0230,0.01,yes
2026-10-05T01:42:15.112775Z,KXETH15M-26OCT042145-45,0.0220,0.01,yes
2026-10-05T01:42:15.112775Z,KXETH15M-26OCT042145-45,0.0230,20.00,yes
2026-10-05T01:42:15.112775Z,KXETH15M-26OCT042145-45,0.0250,85.18,yes
2026-10-05T01:42:15.112775Z,KXETH15M-26OCT042145-45,0.0150,9.00,yes
2026-10-05T01:42:15.112775Z,KXETH15M-26OCT042145-45,0.0120,41.00,yes
2026-10-05T01:42:15.112775Z,KXETH15M-26OCT042145-45,0.0170,11.00,yes
2026-10-05T01:42:15.112775Z,KXETH15M-26OCT042145-45,0.0200,4.00,yes
2026-10-05T01:42:15.112775Z,KXETH15M-26OCT042145-45,0.0180,3.60,yes
2026-10-05T01:42:15.112775Z,KXETH15M-26OCT042145-45,0.0210,30.00,yes
2026-10-05T01:42:15.112775Z,KXETH15M-26OCT042145-45,0.0130,24.00,yes
2026-10-05T01:42:15.112775Z,KXETH15M-26OCT042145-45,0.0200,4.00,yes
2026-10-05T01:42:15.112775Z,KXETH15M-26OCT042145-45,0.0120,26.00,yes
2026-10-05T01:42:15.112775Z,KXETH15M-26OCT042145-45,0.0210,4.00,yes
2026-10-05T01:42:15.112775Z,KXETH15M-26OCT042145-45,0.0210,4.00,yes
2026-10-05T01:42:15.112775Z,KXETH15M-26OCT042145-45,0.0190,0.01,yes
2026-10-05T01:42:15.112775Z,KXETH15M-26OCT042145-45,0.0290,23.70,yes
2026-10-05T01:42:15.112775Z,KXETH15M-26OCT042145-45,0.0130,41.00,yes
2026-10-05T01:42:15.112775Z,KXETH15M-26OCT042145-45,0.0200,0.01,yes
2026-10-05T01:42:15.112775Z,KXETH15M-26OCT042145-45,0.0180,0.01,yes
2026-10-05T01:42:15.112775Z,KXETH15M-26OCT042145-45,0.0170,0.01,yes
2026-10-05T01:42:15.112775Z,KXETH15M-26OCT042145-45,0.0220,4.00,yes
2026-10-05T01:42:15.112775Z,KXETH15M-26OCT042145-45,0.0250,9.00,yes
2026-10-05T01:42:15.112775Z,KXETH15M-26OCT042145-45,0.0210,0.01,yes
2026-10-05T01:42:15.112775Z,KXETH15M-26OCT042145-45,0.0200,12.00,yes
2026-10-05T01:42:15.112775Z,KXETH15M-26OCT042145-45,0.0240,20.00,yes
2026-10-05T01:42:15.112775Z,KXETH15M-26OCT042145-45,0.0220,4.00,yes
2026-10-05T01:42:15.112775Z,KXETH15M-26OCT042145-45,0.0250,1.22,yes
2026-10-05T01:42:15.112775Z,KXETH15M-26OCT042145-45,0.0250,0.01,yes
2026-10-05T01:42:15.380691Z,KXETH15M-26OCT042145-45,0.0150,11.00,no
2026-10-05T01:42:15.642953Z,KXETH15M-26OCT042145-45,0.0140,18.00,no
2026-10-05T01:42:15.642953Z,KXETH15M-26OCT042145-45,0.0140,4.00,no
2026-10-05T01:42:15.642953Z,KXETH15M-26OCT042145-45,0.0140,4.00,no
2026-10-05T01:42:15.642953Z,KXETH15M-26OCT042145-45,0.0140,24.62,no
2026-10-05T01:42:16.239838Z,KXETH15M-26OCT042145-45,0.0140,3.00,no
2026-10-05T01:42:16.848694Z,KXETH15M-26OCT042145-45,0.0130,20.00,no
2026-10-05T01:42:16.848694Z,KXETH15M-26OCT042145-45,0.0120,30.00,no
2026-10-05T01:42:16.848694Z,KXETH15M-26OCT042145-45,0.0120,2.00,no
2026-10-05T01:42:16.848694Z,KXETH15M-26OCT042145-45,0.0140,11.00,no
2026-10-05T01:42:16.848694Z,KXETH15M-26OCT042145-45,0.0120,4.00,no
2026-10-05T01:42:16.848694Z,KXETH15M-26OCT042145-45,0.0120,4.00,no
2026-10-05T01:42:16.848694Z,KXETH15M-26OCT042145-45,0.0130,4.00,no
2026-10-05T01:42:16.848694Z,KXETH15M-26OCT042145-45,0.0140,62.38,no
2026-10-05T01:42:16.848694Z,KXETH15M-26OCT042145-45,0.0110,0.30,no
2026-10-05T01:42:16.848694Z,KXETH15M-26OCT042145-45,0.0130,4.00,no
2026-10-05T01:42:17.073015Z,KXETH15M-26OCT042145-45,0.0110,6.00,no
2026-10-05T01:42:19.095187Z,KXETH15M-26OCT042145-45,0.0100,12.44,no
2026-10-05T01:42:19.095187Z,KXETH15M-26OCT042145-45,0.0100,3.20,no
2026-10-05T01:42:19.095187Z,KXETH15M-26OCT042145-45,0.0100,1.03,no
2026-10-05T01:42:19.095187Z,KXETH15M-26OCT042145-45,0.0100,0.37,no
2026-10-05T01:42:19.095187Z,KXETH15M-26OCT042145-45,0.0100,2.00,no
2026-10-05T01:42:19.095187Z,KXETH15M-26OCT042145-45,0.0110,6.00,no
2026-10-05T01:42:19.095187Z,KXETH15M-26OCT042145-45,0.0110,0.30,no
2026-10-05T01:42:19.095187Z,KXETH15M-26OCT042145-45,0.0100,4.00,no
2026-10-05T01:42:19.095187Z,KXETH15M-26OCT042145-45,0.0110,20.00,no
2026-10-05T01:42:19.095187Z,KXETH15M-26OCT042145-45,0.0100,4.00,no
2026-10-05T01:42:19.095187Z,KXETH15M-26OCT042145-45,0.0110,4.00,no
2026-10-05T01:42:19.095187Z,KXETH15M-26OCT042145-45,0.0110,4.00,no
2026-10-05T01:42:19.095187Z,KXETH15M-26OCT042145-45,0.0110,5.70,no
2026-10-05T01:42:19.095187Z,KXETH15M-26OCT042145-45,0.0100,825.20,no
2026-10-05T01:42:19.095187Z,KXETH15M-26OCT042145-45,0.0100,100.00,no
2026-10-05T01:42:19.095187Z,KXETH15M-26OCT042145-45,0.0100,100.00,no
2026-10-05T01:42:19.095187Z,KXETH15M-26OCT042145-45,0.0100,25.00,no
2026-10-05T01:42:19.095187Z,KXETH15M-26OCT042145-45,0.0100,1.00,no
2026-10-05T01:42:19.095187Z,KXETH15M-26OCT042145-45,0.0100,97.38,no
2026-10-05T01:42:19.095187Z,KXETH15M-26OCT042145-45,0.0100,20.00,no
2026-10-05T01:42:19.095187Z,KXETH15M-26OCT042145-45,0.0100,25.00,no
2026-10-05T01:42:19.095187Z,KXETH15M-26OCT042145-45,0.0100,7.50,no
2026-10-05T01:42:19.095187Z,KXETH15M-26OCT042145-45,0.0100,2.25,no
2026-10-05T01:42:19.095187Z,KXETH15M-26OCT042145-45,0.0100,2.00,no
2026-10-05T01:42:19.241518Z,KXETH15M-26OCT042145-45,0.0090,13.00,no
2026-10-05T01:42:19.241518Z,KXETH15M-26OCT042145-45,0.0090,4.00,no
2026-10-05T01:42:19.241518Z,KXETH15M-26OCT042145-45,0.0090,4.00,no
2026-10-05T01:42:19.241518Z,KXETH15M-26OCT042145-45,0.0090,100.00,no
2026-10-05T01:42:19.879973Z,KXETH15M-26OCT042145-45,0.0080,41.00,no
2026-10-05T01:42:19.879973Z,KXETH15M-26OCT042145-45,0.0090,20.00,no
2026-10-05T01:42:19.879973Z,KXETH15M-26OCT042145-45,0.0070,4.00,no
2026-10-05T01:42:19.879973Z,KXETH15M-26OCT042145-45,0.0090,20.00,no
2026-10-05T01:42:19.879973Z,KXETH15M-26OCT042145-45,0.0080,11.00,no
2026-10-05T01:42:19.879973Z,KXETH15M-26OCT042145-45,0.0070,3.99,no
2026-10-05T01:42:19.879973Z,KXETH15M-26OCT042145-45,0.0070,4.00,no
2026-10-05T01:42:19.879973Z,KXETH15M-26OCT042145-45,0.0080,4.00,no
2026-10-05T01:42:19.879973Z,KXETH15M-26OCT042145-45,0.0070,0.23,no
2026-10-05T01:42:19.879973Z,KXETH15M-26OCT042145-45,0.0070,100.00,no
2026-10-05T01:42:19.879973Z,KXETH15M-26OCT042145-45,0.0080,100.00,no
2026-10-05T01:42:20.026162Z,KXETH15M-26OCT042145-45,0.0090,100.00,yes
2026-10-05T01:42:20.387521Z,KXETH15M-26OCT042145-45,0.0080,40.00,no
2026-10-05T01:42:21.085874Z,KXETH15M-26OCT042145-45,0.0090,9.00,yes
2026-10-05T01:42:21.085874Z,KXETH15M-26OCT042145-45,0.0090,92.83,yes
2026-10-05T01:42:21.733593Z,KXETH15M-26OCT042145-45,0.0080,40.00,no
2026-10-05T01:42:21.733593Z,KXETH15M-26OCT042145-45,0.0080,15.00,no
2026-10-05T01:42:21.733593Z,KXETH15M-26OCT042145-45,0.0080,1.00,no
2026-10-05T01:42:21.733593Z,KXETH15M-26OCT042145-45,0.0070,7.69,no
2026-10-05T01:42:21.733593Z,KXETH15M-26OCT042145-45,0.0070,37.01,no
2026-10-05T01:42:22.083094Z,KXETH15M-26OCT042145-45,0.0060,8.00,no
2026-10-05T01:42:22.083094Z,KXETH15M-26OCT042145-45,0.0050,9.00,no
2026-10-05T01:42:22.083094Z,KXETH15M-26OCT042145-45,0.0070,49.00,no
2026-10-05T01:42:22.083094Z,KXETH15M-26OCT042145-45,0.0060,41.00,no
2026-10-05T01:42:22.083094Z,KXETH15M-26OCT042145-45,0.0050,4.00,no
2026-10-05T01:42:22.083094Z,KXETH15M-26OCT042145-45,0.0070,12.31,no
2026-10-05T01:42:22.083094Z,KXETH15M-26OCT042145-45,0.0050,4.00,no
2026-10-05T01:42:22.083094Z,KXETH15M-26OCT042145-45,0.0070,13.00,no
2026-10-05T01:42:22.083094Z,KXETH15M-26OCT042145-45,0.0060,4.00,no
2026-10-05T01:42:22.083094Z,KXETH15M-26OCT042145-45,0.0050,11.00,no
2026-10-05T01:42:22.083094Z,KXETH15M-26OCT042145-45,0.0050,5.00,no
2026-10-05T01:42:22.083094Z,KXETH15M-26OCT042145-45,0.0050,100.00,no
2026-10-05T01:42:22.083094Z,KXETH15M-26OCT042145-45,0.0060,100.00,no
2026-10-05T01:42:22.083094Z,KXETH15M-26OCT042145-45,0.0040,40.73,no
2026-10-05T01:42:22.083094Z,KXETH15M-26OCT042145-45,0.0050,100.00,no
2026-10-05T01:42:22.159607Z,KXETH15M-26OCT042145-45,0.0070,100.00,yes
2026-10-05T01:42:22.159607Z,KXETH15M-26OCT042145-45,0.0080,7.17,yes
2026-10-05T01:42:22.159607Z,KXETH15M-26OCT042145-45,0.0070,100.00,yes
2026-10-05T01:42:22.159607Z,KXETH15M-26OCT042145-45,0.0070,46.00,yes
2026-10-05T01:42:22.159607Z,KXETH15M-26OCT042145-45,0.0070,100.00,yes
2026-10-05T01:42:22.159607Z,KXETH15M-26OCT042145-45,0.0080,18.00,yes
2026-10-05T01:42:22.159607Z,KXETH15M-26OCT042145-45,0.0090,0.01,yes
2026-10-05T01:42:22.159607Z,KXETH15M-26OCT042145-45,0.0100,33.03,yes
2026-10-05T01:42:22.314369Z,KXETH15M-26OCT042145-45,0.0060,21.73,no
2026-10-05T01:42:22.720136Z,KXETH15M-26OCT042145-45,0.0080,16.00,yes
2026-10-05T01:42:22.720136Z,KXETH15M-26OCT042145-45,0.0080,32.00,yes
2026-10-05T01:42:22.720136Z,KXETH15M-26OCT042145-45,0.0090,41.00,yes
2026-10-05T01:42:22.720136Z,KXETH15M-26OCT042145-45,0.0070,0.01,yes
2026-10-05T01:42:22.720136Z,KXETH15M-26OCT042145-45,0.0100,10.98,yes
2026-10-05T01:42:23.101139Z,KXETH15M-26OCT042145-45,0.0060,19.27,no
2026-10-05T01:42:23.101139Z,KXETH15M-26OCT042145-45,0.0060,0.73,no
2026-10-05T01:42:23.503529Z,KXETH15M-26OCT042145-45,0.0070,2.00,yes
2026-10-05T01:42:23.665974Z,KXETH15M-26OCT042145-45,0.0090,100.00,yes
2026-10-05T01:42:23.665974Z,KXETH15M-26OCT042145-45,0.0080,38.00,yes
2026-10-05T01:42:23.665974Z,KXETH15M-26OCT042145-45,0.0090,41.00,yes
2026-10-05T01:42:23.665974Z,KXETH15M-26OCT042145-45,0.0100,41.00,yes
2026-10-05T01:42:23.665974Z,KXETH15M-26OCT042145-45,0.0080,14.00,yes
2026-10-05T01:42:23.665974Z,KXETH15M-26OCT042145-45,0.0100,0.01,yes
2026-10-05T01:42:23.665974Z,KXETH15M-26OCT042145-45,0.0100,55.99,yes
2026-10-05T01:42:23.665974Z,KXETH15M-26OCT042145-45,0.0110,99.71,yes
2026-10-05T01:42:23.878316Z,KXETH15M-26OCT042145-45,0.0060,41.00,no
2026-10-05T01:42:23.878316Z,KXETH15M-26OCT042145-45,0.0070,66.00,no
2026-10-05T01:42:23.878316Z,KXETH15M-26OCT042145-45,0.0060,11.00,no
2026-10-05T01:42:23.878316Z,KXETH15M-26OCT042145-45,0.0070,13.00,no
2026-10-05T01:42:23.878316Z,KXETH15M-26OCT042145-45,0.0050,35.46,no
2026-10-05T01:42:23.878316Z,KXETH15M-26OCT042145-45,0.0070,20.00,no
2026-10-05T01:42:23.962504Z,KXETH15M-26OCT042145-45,0.0080,5.00,yes
2026-10-05T01:42:24.257348Z,KXETH15M-26OCT042145-45,0.0050,23.08,no
2026-10-05T01:42:24.257348Z,KXETH15M-26OCT042145-45,0.0050,5.54,no
2026-10-05T01:42:24.257348Z,KXETH15M-26OCT042145-45,0.0060,1.00,no
2026-10-05T01:42:24.257348Z,KXETH15M-26OCT042145-45,0.0050,20.00,no
2026-10-05T01:42:24.257348Z,KXETH15M-26OCT042145-45,0.0050,36.00,no
2026-10-05T01:42:24.257348Z,KXETH15M-26OCT042145-45,0.0060,13.00,no
2026-10-05T01:42:24.783579Z,KXETH15M-26OCT042145-45,0.0060,41.65,no
2026-10-05T01:42:25.481376Z,KXETH15M-26OCT042145-45,0.0060,14.00,yes
2026-10-05T01:42:25.481376Z,KXETH15M-26OCT042145-45,0.0060,1.58,yes
2026-10-05T01:42:26.069154Z,KXETH15M-26OCT042145-45,0.0060,12.42,yes
2026-10-05T01:42:26.069154Z,KXETH15M-26OCT042145-45,0.0060,37.53,yes
2026-10-05T01:42:26.082277Z,KXETH15M-26OCT042145-45,0.0060,0.10,yes
2026-10-05T01:42:27.417344Z,KXETH15M-26OCT042145-45,0.0050,13.11,no
2026-10-05T01:42:27.417344Z,KXETH15M-26OCT042145-45,0.0050,12.00,no
2026-10-05T01:42:27.444147Z,KXETH15M-26OCT042145-45,0.0200,24.62,yes
2026-10-05T01:42:27.444147Z,KXETH15M-26OCT042145-45,0.0200,0.01,yes
2026-10-05T01:42:27.444147Z,KXETH15M-26OCT042145-45,0.0220,0.01,yes
2026-10-05T01:42:27.444147Z,KXETH15M-26OCT042145-45,0.0190,0.01,yes
2026-10-05T01:42:27.444147Z,KXETH15M-26OCT042145-45,0.0210,0.01,yes
2026-10-05T01:42:27.444147Z,KXETH15M-26OCT042145-45,0.0230,0.01,yes
2026-10-05T01:42:27.444147Z,KXETH15M-26OCT042145-45,0.0120,10.00,yes
2026-10-05T01:42:27.444147Z,KXETH15M-26OCT042145-45,0.0200,62.38,yes
2026-10-05T01:42:27.444147Z,KXETH15M-26OCT042145-45,0.0200,3.00,yes
2026-10-05T01:42:27.444147Z,KXETH15M-26OCT042145-45,0.0120,25.00,yes
2026-10-05T01:42:27.444147Z,KXETH15M-26OCT042145-45,0.0110,0.29,yes
2026-10-05T01:42:27.444147Z,KXETH15M-26OCT042145-45,0.0170,0.01,yes
2026-10-05T01:42:27.444147Z,KXETH15M-26OCT042145-45,0.0130,0.01,yes
2026-10-05T01:42:27.444147Z,KXETH15M-26OCT042145-45,0.0120,0.01,yes
2026-10-05T01:42:27.444147Z,KXETH15M-26OCT042145-45,0.0150,0.01,yes
2026-10-05T01:42:27.444147Z,KXETH15M-26OCT042145-45,0.0140,4.00,yes
2026-10-05T01:42:27.444147Z,KXETH15M-26OCT042145-45,0.0140,0.01,yes
2026-10-05T01:42:27.444147Z,KXETH15M-26OCT042145-45,0.0160,0.01,yes
2026-10-05T01:42:27.444147Z,KXETH15M-26OCT042145-45,0.0180,0.01,yes
2026-10-05T01:42:27.444147Z,KXETH15M-26OCT042145-45,0.0110,0.01,yes
2026-10-05T01:42:27.444147Z,KXETH15M-26OCT042145-45,0.0180,20.00,yes
2026-10-05T01:42:27.444147Z,KXETH15M-26OCT042145-45,0.0140,4.00,yes
2026-10-05T01:42:27.444147Z,KXETH15M-26OCT042145-45,0.0160,40.73,yes
2026-10-05T01:42:27.444147Z,KXETH15M-26OCT042145-45,0.0130,4.00,yes
2026-10-05T01:42:27.444147Z,KXETH15M-26OCT042145-45,0.0130,4.00,yes
2026-10-05T01:42:27.444147Z,KXETH15M-26OCT042145-45,0.0090,11.00,yes
2026-10-05T01:42:27.444147Z,KXETH15M-26OCT042145-45,0.0080,8.00,yes
2026-10-05T01:42:27.444147Z,KXETH15M-26OCT042145-45,0.0230,10.41,yes
2026-10-05T01:42:27.444147Z,KXETH15M-26OCT042145-45,0.0190,12.00,yes
2026-10-05T01:42:27.444147Z,KXETH15M-26OCT042145-45,0.0120,4.00,yes
2026-10-05T01:42:27.444147Z,KXETH15M-26OCT042145-45,0.0220,17.00,yes
2026-10-05T01:42:27.444147Z,KXETH15M-26OCT042145-45,0.0200,17.00,yes
2026-10-05T01:42:27.444147Z,KXETH15M-26OCT042145-45,0.0210,16.00,yes
2026-10-05T01:42:27.444147Z,KXETH15M-26OCT042145-45,0.0070,41.00,yes
2026-10-05T01:42:27.444147Z,KXETH15M-26OCT042145-45,0.0100,0.01,yes
2026-10-05T01:42:27.444147Z,KXETH15M-26OCT042145-45,0.0120,4.00,yes
2026-10-05T01:42:27.444147Z,KXETH15M-26OCT042145-45,0.0070,100.00,yes
2026-10-05T01:42:27.444147Z,KXETH15M-26OCT042145-45,0.0100,8.00,yes
2026-10-05T01:42:27.444147Z,KXETH15M-26OCT042145-45,0.0190,19.00,yes
2026-10-05T01:42:27.444147Z,KXETH15M-26OCT042145-45,0.0210,24.00,yes
2026-10-05T01:42:27.444147Z,KXETH15M-26OCT042145-45,0.0060,20.00,yes
2026-10-05T01:42:27.444147Z,KXETH15M-26OCT042145-45,0.0210,40.00,yes
2026-10-05T01:42:27.444147Z,KXETH15M-26OCT042145-45,0.0060,3.37,yes
2026-10-05T01:42:27.444147Z,KXETH15M-26OCT042145-45,0.0060,38.00,yes
2026-10-05T01:42:27.480327Z,KXETH15M-26OCT042145-45,0.0070,41.00,yes
2026-10-05T01:42:27.560618Z,KXETH15M-26OCT042145-45,0.0070,0.86,no
2026-10-05T01:42:27.91374Z,KXETH15M-26OCT042145-45,0.0050,6.89,no
2026-10-05T01:42:27.91374Z,KXETH15M-26OCT042145-45,0.0060,4.00,no
2026-10-05T01:42:27.91374Z,KXETH15M-26OCT042145-45,0.0050,0.12,no
2026-10-05T01:42:27.91374Z,KXETH15M-26OCT042145-45,0.0050,4.00,no
2026-10-05T01:42:27.91374Z,KXETH15M-26OCT042145-45,0.0070,3.00,no
2026-10-05T01:42:27.91374Z,KXETH15M-26OCT042145-45,0.0050,4.00,no
2026-10-05T01:42:27.91374Z,KXETH15M-26OCT042145-45,0.0060,4.00,no
2026-10-05T01:42:27.91374Z,KXETH15M-26OCT042145-45,0.0070,21.14,no
2026-10-05T01:42:27.91374Z,KXETH15M-26OCT042145-45,0.0050,12.00,no
2026-10-05T01:42:27.91374Z,KXETH15M-26OCT042145-45,0.0060,11.00,no
2026-10-05T01:42:27.91374Z,KXETH15M-26OCT042145-45,0.0040,30.26,no
2026-10-05T01:42:28.413902Z,KXETH15M-26OCT042145-45,0.0070,2.13,yes
2026-10-05T01:42:29.330374Z,KXETH15M-26OCT042145-45,0.0070,13.35,yes
2026-10-05T01:42:29.568662Z,KXETH15M-26OCT042145-45,0.0060,1.72,no
2026-10-05T01:42:29.714088Z,KXETH15M-26OCT042145-45,0.0070,85.38,yes
2026-10-05T01:42:29.714088Z,KXETH15M-26OCT042145-45,0.0070,25.52,yes
2026-10-05T01:42:29.714088Z,KXETH15M-26OCT042145-45,0.0070,20.00,yes
2026-10-05T01:42:30.031011Z,KXETH15M-26OCT042145-45,0.0070,20.00,yes
2026-10-05T01:42:30.064264Z,KXETH15M-26OCT042145-45,0.0060,6.73,no
2026-10-05T01:42:30.613423Z,KXETH15M-26OCT042145-45,0.0070,13.35,yes
2026-10-05T01:42:30.96317Z,KXETH15M-26OCT042145-45,0.0060,29.55,no
2026-10-05T01:42:30.96317Z,KXETH15M-26OCT042145-45,0.0060,19.00,no
2026-10-05T01:42:31.984792Z,KXETH15M-26OCT042145-45,0.0050,6.97,no
2026-10-05T01:42:32.074106Z,KXETH15M-26OCT042145-45,0.0070,14.00,yes
2026-10-05T01:42:32.074106Z,KXETH15M-26OCT042145-45,0.0080,52.62,yes
2026-10-05T01:42:32.074106Z,KXETH15M-26OCT042145-45,0.0070,6.65,yes
2026-10-05T01:42:32.074106Z,KXETH15M-26OCT042145-45,0.0060,1.00,yes
2026-10-05T01:42:32.074106Z,KXETH15M-26OCT042145-45,0.0060,20.00,yes
2026-10-05T01:42:32.074106Z,KXETH15M-26OCT042145-45,0.0060,20.00,yes
2026-10-05T01:42:32.074106Z,KXETH15M-26OCT042145-45,0.0080,14.00,yes
2026-10-05T01:42:33.701656Z,KXETH15M-26OCT042145-45,0.0040,1.00,no
2026-10-05T01:42:33.701656Z,KXETH15M-26OCT042145-45,0.0040,1.00,no
2026-10-05T01:42:33.701656Z,KXETH15M-26OCT042145-45,0.0030,2.00,no
2026-10-05T01:42:33.701656Z,KXETH15M-26OCT042145-45,0.0030,2.00,no
2026-10-05T01:42:33.701656Z,KXETH15M-26OCT042145-45,0.0040,1.00,no
2026-10-05T01:42:33.701656Z,KXETH15M-26OCT042145-45,0.0030,18.00,no
2026-10-05T01:42:33.701656Z,KXETH15M-26OCT042145-45,0.0040,13.00,no
2026-10-05T01:42:33.701656Z,KXETH15M-26OCT042145-45,0.0030,2.00,no
2026-10-05T01:42:33.701656Z,KXETH15M-26OCT042145-45,0.0040,1.00,no
2026-10-05T01:42:33.701656Z,KXETH15M-26OCT042145-45,0.0030,2.00,no
2026-10-05T01:42:33.701656Z,KXETH15M-26OCT042145-45,0.0040,1.00,no
2026-10-05T01:42:33.701656Z,KXETH15M-26OCT042145-45,0.0030,2.00,no
2026-10-05T01:42:33.701656Z,KXETH15M-26OCT042145-45,0.0050,0.05,no
2026-10-05T01:42:33.701656Z,KXETH15M-26OCT042145-45,0.0040,8.00,no
2026-10-05T01:42:33.701656Z,KXETH15M-26OCT042145-45,0.0050,52.00,no
2026-10-05T01:42:33.701656Z,KXETH15M-26OCT042145-45,0.0030,4.00,no
2026-10-05T01:42:33.701656Z,KXETH15M-26OCT042145-45,0.0040,4.00,no
2026-10-05T01:42:33.701656Z,KXETH15M-26OCT042145-45,0.0050,13.03,no
2026-10-05T01:42:33.701656Z,KXETH15M-26OCT042145-45,0.0040,4.00,no
2026-10-05T01:42:33.701656Z,KXETH15M-26OCT042145-45,0.0030,4.00,no
2026-10-05T01:42:33.701656Z,KXETH15M-26OCT042145-45,0.0050,12.00,no
2026-10-05T01:42:33.701656Z,KXETH15M-26OCT042145-45,0.0040,60.00,no
2026-10-05T01:42:33.701656Z,KXETH15M-26OCT042145-45,0.0020,1847.96,no
2026-10-05T01:42:33.701656Z,KXETH15M-26OCT042145-45,0.0040,600.01,no
2026-10-05T01:42:33.701656Z,KXETH15M-26OCT042145-45,0.0030,200.00,no
2026-10-05T01:42:33.701656Z,KXETH15M-26OCT042145-45,0.0030,40.00,no
2026-10-05T01:42:33.701656Z,KXETH15M-26OCT042145-45,0.0030,250.00,no
2026-10-05T01:42:33.701656Z,KXETH15M-26OCT042145-45,0.0030,100.00,no
2026-10-05T01:42:33.701656Z,KXETH15M-26OCT042145-45,0.0040,100.00,no
2026-10-05T01:42:33.890237Z,KXETH15M-26OCT042145-45,0.0050,69.42,yes
2026-10-05T01:42:33.908026Z,KXETH15M-26OCT042145-45,0.0050,116.63,yes
2026-10-05T01:42:33.970499Z,KXETH15M-26OCT042145-45,0.0040,42.93,no
2026-10-05T01:42:34.56395Z,KXETH15M-26OCT042145-45,0.0040,1.00,no
2026-10-05T01:42:34.616561Z,KXETH15M-26OCT042145-45,0.0040,1.01,no
2026-10-05T01:42:35.360566Z,KXETH15M-26OCT042145-45,0.0040,41.43,no
2026-10-05T01:42:35.798193Z,KXETH15M-26OCT042145-45,0.0040,35.00,no
2026-10-05T01:42:36.845975Z,KXETH15M-26OCT042145-45,0.0030,17.00,no
2026-10-05T01:42:36.845975Z,KXETH15M-26OCT042145-45,0.0030,20.00,no
2026-10-05T01:42:36.845975Z,KXETH15M-26OCT042145-45,0.0030,250.00,no
2026-10-05T01:42:36.845975Z,KXETH15M-26OCT042145-45,0.0030,58.00,no
2026-10-05T01:42:36.845975Z,KXETH15M-26OCT042145-45,0.0030,125.00,no
2026-10-05T01:42:37.138462Z,KXETH15M-26OCT042145-45,0.0020,73.28,no
2026-10-05T01:42:37.231709Z,KXETH15M-26OCT042145-45,0.0030,305.35,yes
2026-10-05T01:42:37.906024Z,KXETH15M-26OCT042145-45,0.0020,125.20,no
2026-10-05T01:42:38.106888Z,KXETH15M-26OCT042145-45,0.0020,1.00,no
2026-10-05T01:42:38.536712Z,KXETH15M-26OCT042145-45,0.0020,1.00,no
2026-10-05T01:42:39.131594Z,KXETH15M-26OCT042145-45,0.0030,958.00,yes
2026-10-05T01:42:39.808493Z,KXETH15M-26OCT042145-45,0.0030,40.55,yes
2026-10-05T01:42:41.163302Z,KXETH15M-26OCT042145-45,0.0030,9.00,yes
2026-10-05T01:42:41.256989Z,KXETH15M-26OCT042145-45,0.0030,51.00,yes
2026-10-05T01:42:41.429877Z,KXETH15M-26OCT042145-45,0.0030,8.00,yes
2026-10-05T01:42:41.485063Z,KXETH15M-26OCT042145-45,0.0030,25.00,yes
2026-10-05T01:42:41.518485Z,KXETH15M-26OCT042145-45,0.0030,3053.57,yes
2026-10-05T01:42:41.680908Z,KXETH15M-26OCT042145-45,0.0020,25.04,no
2026-10-05T01:42:41.962436Z,KXETH15M-26OCT042145-45,0.0030,0.01,yes
2026-10-05T01:42:41.962436Z,KXETH15M-26OCT042145-45,0.0030,250.00,yes
2026-10-05T01:42:41.962436Z,KXETH15M-26OCT042145-45,0.0030,341.53,yes
2026-10-05T01:42:41.962436Z,KXETH15M-26OCT042145-45,0.0040,0.01,yes
2026-10-05T01:42:41.962436Z,KXETH15M-26OCT042145-45,0.0040,20.00,yes
2026-10-05T01:42:41.962436Z,KXETH15M-26OCT042145-45,0.0030,250.00,yes
2026-10-05T01:42:41.962436Z,KXETH15M-26OCT042145-45,0.0050,330.95,yes
2026-10-05T01:42:41.962436Z,KXETH15M-26OCT042145-45,0.0040,100.00,yes
2026-10-05T01:42:42.449382Z,KXETH15M-26OCT042145-45,0.0050,97.20,yes
2026-10-05T01:42:42.449382Z,KXETH15M-26OCT042145-45,0.0040,65.00,yes
2026-10-05T01:42:44.541482Z,KXETH15M-26OCT042145-45,0.0040,9.00,yes
2026-10-05T01:42:44.541482Z,KXETH15M-26OCT042145-45,0.0040,41.00,yes
2026-10-05T01:42:44.541482Z,KXETH15M-26OCT042145-45,0.0040,20.00,yes
2026-10-05T01:42:44.93791Z,KXETH15M-26OCT042145-45,0.0040,16.00,no
2026-10-05T01:42:44.93791Z,KXETH15M-26OCT042145-45,0.0040,7.00,no
2026-10-05T01:42:45.305679Z,KXETH15M-26OCT042145-45,0.0040,22.00,yes
2026-10-05T01:42:45.305679Z,KXETH15M-26OCT042145-45,0.0040,13.53,yes
2026-10-05T01:42:45.539108Z,KXETH15M-26OCT042145-45,0.0030,41.00,no
2026-10-05T01:42:45.539108Z,KXETH15M-26OCT042145-45,0.0030,10.20,no
2026-10-05T01:42:45.539108Z,KXETH15M-26OCT042145-45,0.0030,24.00,no
2026-10-05T01:42:45.579014Z,KXETH15M-26OCT042145-45,0.0030,1.00,no
2026-10-05T01:42:45.902445Z,KXETH15M-26OCT042145-45,0.0030,5.80,no
2026-10-05T01:42:45.902445Z,KXETH15M-26OCT042145-45,0.0030,0.20,no
2026-10-05T01:42:47.811977Z,KXETH15M-26OCT042145-45,0.0040,6.47,yes
2026-10-05T01:42:47.811977Z,KXETH15M-26OCT042145-45,0.0040,54.00,yes
2026-10-05T01:42:47.811977Z,KXETH15M-26OCT042145-45,0.0040,5.00,yes
2026-10-05T01:42:47.811977Z,KXETH15M-26OCT042145-45,0.0040,20.00,yes
2026-10-05T01:42:47.811977Z,KXETH15M-26OCT042145-45,0.0060,0.01,yes
2026-10-05T01:42:47.811977Z,KXETH15M-26OCT042145-45,0.0050,0.01,yes
2026-10-05T01:42:47.811977Z,KXETH15M-26OCT042145-45,0.0090,89.36,yes
2026-10-05T01:42:47.811977Z,KXETH15M-26OCT042145-45,0.0070,0.01,yes
2026-10-05T01:42:47.811977Z,KXETH15M-26OCT042145-45,0.0080,11.00,yes
2026-10-05T01:42:47.811977Z,KXETH15M-26OCT042145-45,0.0060,13.00,yes
2026-10-05T01:42:47.811977Z,KXETH15M-26OCT042145-45,0.0060,40.00,yes
2026-10-05T01:42:47.811977Z,KXETH15M-26OCT042145-45,0.0050,100.00,yes
2026-10-05T01:42:47.811977Z,KXETH15M-26OCT042145-45,0.0050,1233.76,yes
2026-10-05T01:42:47.811977Z,KXETH15M-26OCT042145-45,0.0080,0.01,yes
2026-10-05T01:42:47.811977Z,KXETH15M-26OCT042145-45,0.0050,198.48,yes
2026-10-05T01:42:47.811977Z,KXETH15M-26OCT042145-45,0.0050,20.00,yes
2026-10-05T01:42:49.044139Z,KXETH15M-26OCT042145-45,0.0060,15.00,yes
2026-10-05T01:42:49.044139Z,KXETH15M-26OCT042145-45,0.0050,20.00,yes
2026-10-05T01:42:49.044139Z,KXETH15M-26OCT042145-45,0.0040,20.00,yes
2026-10-05T01:42:49.044139Z,KXETH15M-26OCT042145-45,0.0040,20.00,yes
2026-10-05T01:42:49.044139Z,KXETH15M-26OCT042145-45,0.0080,2.34,yes
2026-10-05T01:42:49.044139Z,KXETH15M-26OCT042145-45,0.0070,0.03,yes
2026-10-05T01:42:49.044139Z,KXETH15M-26OCT042145-45,0.0040,20.00,yes
2026-10-05T01:42:49.503671Z,KXETH15M-26OCT042145-45,0.0050,20.00,yes
2026-10-05T01:42:49.503671Z,KXETH15M-26OCT042145-45,0.0050,3.00,yes
2026-10-05T01:42:49.643838Z,KXETH15M-26OCT042145-45,0.0040,2.15,no
2026-10-05T01:42:52.22527Z,KXETH15M-26OCT042145-45,0.0050,18.80,yes
2026-10-05T01:42:52.22527Z,KXETH15M-26OCT042145-45,0.0050,12.00,yes
2026-10-05T01:42:52.270045Z,KXETH15M-26OCT042145-45,0.0040,15.05,no
2026-10-05T01:42:53.183293Z,KXETH15M-26OCT042145-45,0.0050,24.00,yes
2026-10-05T01:42:53.183293Z,KXETH15M-26OCT042145-45,0.0050,8.20,yes
2026-10-05T01:42:53.183293Z,KXETH15M-26OCT042145-45,0.0060,18.69,yes
2026-10-05T01:42:53.392796Z,KXETH15M-26OCT042145-45,0.0040,10.00,no
2026-10-05T01:42:53.392796Z,KXETH15M-26OCT042145-45,0.0040,14.00,no
2026-10-05T01:42:53.392796Z,KXETH15M-26OCT042145-45,0.0040,18.80,no
2026-10-05T01:42:53.962216Z,KXETH15M-26OCT042145-45,0.0040,25.00,yes
2026-10-05T01:42:54.251147Z,KXETH15M-26OCT042145-45,0.0030,30.20,no
2026-10-05T01:42:54.251147Z,KXETH15M-26OCT042145-45,0.0030,19.80,no
2026-10-05T01:42:54.828068Z,KXETH15M-26OCT042145-45,0.0030,17.00,no
2026-10-05T01:42:54.828068Z,KXETH15M-26OCT042145-45,0.0030,10.07,no
2026-10-05T01:42:57.493908Z,KXETH15M-26OCT042145-45,0.0040,2290.32,yes
2026-10-05T01:42:58.390899Z,KXETH15M-26OCT042145-45,0.0040,1.52,yes
2026-10-05T01:43:00.054589Z,KXETH15M-26OCT042145-45,0.0040,20.20,yes
2026-10-05T01:43:00.110895Z,KXETH15M-26OCT042145-45,0.0030,25.72,no
2026-10-05T01:43:00.174233Z,KXETH15M-26OCT042145-45,0.0040,9.34,yes
2026-10-05T01:43:00.72872Z,KXETH15M-26OCT042145-45,0.0030,17.00,no
2026-10-05T01:43:00.72872Z,KXETH15M-26OCT042145-45,0.0030,20.28,no
2026-10-05T01:43:01.202547Z,KXETH15M-26OCT042145-45,0.0020,80.00,no
2026-10-05T01:43:01.614927Z,KXETH15M-26OCT042145-45,0.0020,80.00,no
2026-10-05T01:43:01.65549Z,KXETH15M-26OCT042145-45,0.0020,80.00,no
2026-10-05T01:43:01.791944Z,KXETH15M-26OCT042145-45,0.0020,80.00,no
2026-10-05T01:43:01.847856Z,KXETH15M-26OCT042145-45,0.0020,80.00,no
2026-10-05T01:43:01.931098Z,KXETH15M-26OCT042145-45,0.0020,80.00,no
2026-10-05T01:43:02.040649Z,KXETH15M-26OCT042145-45,0.0020,68.00,no
2026-10-05T01:43:02.122262Z,KXETH15M-26OCT042145-45,0.0030,25.11,yes
2026-10-05T01:43:02.560181Z,KXETH15M-26OCT042145-45,0.0030,33.00,yes
2026-10-05T01:43:02.560181Z,KXETH15M-26OCT042145-45,0.0030,19.89,yes
2026-10-05T01:43:02.560181Z,KXETH15M-26OCT042145-45,0.0030,252.46,yes
2026-10-05T01:43:04.070244Z,KXETH15M-26OCT042145-45,0.0020,3.45,no
2026-10-05T01:43:04.261952Z,KXETH15M-26OCT042145-45,0.0020,54.82,no
2026-10-05T01:43:06.387345Z,KXETH15M-26OCT042145-45,0.0030,189.32,yes
2026-10-05T01:43:07.176314Z,KXETH15M-26OCT042145-45,0.0020,500.00,no
2026-10-05T01:43:07.176314Z,KXETH15M-26OCT042145-45,0.0020,320.25,no
2026-10-05T01:43:07.176314Z,KXETH15M-26OCT042145-45,0.0020,100.00,no
2026-10-05T01:43:07.176314Z,KXETH15M-26OCT042145-45,0.0020,190.75,no
2026-10-05T01:43:07.210458Z,KXETH15M-26OCT042145-45,0.0030,155.79,yes
2026-10-05T01:43:08.912736Z,KXETH15M-26OCT042145-45,0.0020,1.00,no
2026-10-05T01:43:08.968475Z,KXETH15M-26OCT042145-45,0.0020,21.84,no
2026-10-05T01:43:11.797919Z,KXETH15M-26OCT042145-45,0.0020,5.00,no
2026-10-05T01:43:11.797919Z,KXETH15M-26OCT042145-45,0.0020,3.00,no
2026-10-05T01:43:11.797919Z,KXETH15M-26OCT042145-45,0.0020,3.00,no
2026-10-05T01:43:11.797919Z,KXETH15M-26OCT042145-45,0.0020,26.00,no
2026-10-05T01:43:11.797919Z,KXETH15M-26OCT042145-45,0.0020,3.00,no
2026-10-05T01:43:11.797919Z,KXETH15M-26OCT042145-45,0.0020,3.00,no
2026-10-05T01:43:11.797919Z,KXETH15M-26OCT042145-45,0.0020,3.00,no
2026-10-05T01:43:11.797919Z,KXETH15M-26OCT042145-45,0.0020,231.59,no
2026-10-05T01:43:11.797919Z,KXETH15M-26OCT042145-45,0.0020,100.00,no
2026-10-05T01:43:11.797919Z,KXETH15M-26OCT042145-45,0.0020,286.41,no
2026-10-05T01:43:11.797919Z,KXETH15M-26OCT042145-45,0.0020,80.00,no
2026-10-05T01:43:14.048429Z,KXETH15M-26OCT042145-45,0.0020,23.42,no
2026-10-05T01:43:14.126739Z,KXETH15M-26OCT042145-45,0.0030,20.00,yes
2026-10-05T01:43:14.126739Z,KXETH15M-26OCT042145-45,0.0030,108.00,yes
2026-10-05T01:43:14.126739Z,KXETH15M-26OCT042145-45,0.0030,177.35,yes
2026-10-05T01:43:14.995969Z,KXETH15M-26OCT042145-45,0.0030,1.01,yes
2026-10-05T01:43:15.371114Z,KXETH15M-26OCT042145-45,0.0020,37.58,no
2026-10-05T01:43:15.371114Z,KXETH15M-26OCT042145-45,0.0020,15.00,no
2026-10-05T01:43:15.371114Z,KXETH15M-26OCT042145-45,0.0020,7.00,no
2026-10-05T01:43:15.371114Z,KXETH15M-26OCT042145-45,0.0020,551.42,no
2026-10-05T01:43:15.371114Z,KXETH15M-26OCT042145-45,0.0020,500.00,no
2026-10-05T01:43:16.33699Z,KXETH15M-26OCT042145-45,0.0020,10.00,yes
2026-10-05T01:43:17.85005Z,KXETH15M-26OCT042145-45,0.0020,23.16,yes
2026-10-05T01:43:17.85005Z,KXETH15M-26OCT042145-45,0.0020,330.85,yes
2026-10-05T01:43:17.85005Z,KXETH15M-26OCT042145-45,0.0020,7990.00,yes
2026-10-05T01:43:17.85005Z,KXETH15M-26OCT042145-45,0.0030,500.00,yes
2026-10-05T01:43:17.85005Z,KXETH15M-26OCT042145-45,0.0030,256.26,yes
2026-10-05T01:43:17.85005Z,KXETH15M-26OCT042145-45,0.0020,23.16,yes
2026-10-05T01:43:17.85005Z,KXETH15M-26OCT042145-45,0.0020,138.95,yes
2026-10-05T01:43:17.85005Z,KXETH15M-26OCT042145-45,0.0030,286.41,yes
2026-10-05T01:43:17.85005Z,KXETH15M-26OCT042145-45,0.0030,100.00,yes
2026-10-05T01:43:17.85005Z,KXETH15M-26OCT042145-45,0.0030,12.39,yes
2026-10-05T01:43:17.85005Z,KXETH15M-26OCT042145-45,0.0030,21.84,yes
2026-10-05T01:43:17.85005Z,KXETH15M-26OCT042145-45,0.0030,1.00,yes
2026-10-05T01:43:17.85005Z,KXETH15M-26OCT042145-45,0.0040,701.12,yes
2026-10-05T01:43:20.895667Z,KXETH15M-26OCT042145-45,0.0020,1.00,yes
2026-10-05T01:43:20.895667Z,KXETH15M-26OCT042145-45,0.0020,0.06,yes
2026-10-05T01:43:20.895667Z,KXETH15M-26OCT042145-45,0.0020,22.00,yes
2026-10-05T01:43:21.520313Z,KXETH15M-26OCT042145-45,0.0020,7.00,no
2026-10-05T01:43:21.520313Z,KXETH15M-26OCT042145-45,0.0020,42.00,no
2026-10-05T01:43:21.520313Z,KXETH15M-26OCT042145-45,0.0020,42.00,no
2026-10-05T01:43:21.520313Z,KXETH15M-26OCT042145-45,0.0020,15.00,no
2026-10-05T01:43:21.560768Z,KXETH15M-26OCT042145-45,0.0020,0.17,no
2026-10-05T01:43:22.581016Z,KXETH15M-26OCT042145-45,0.0030,1.00,yes
2026-10-05T01:43:22.581016Z,KXETH15M-26OCT042145-45,0.0030,20.00,yes
2026-10-05T01:43:22.581016Z,KXETH15M-26OCT042145-45,0.0030,20.00,yes
2026-10-05T01:43:22.581016Z,KXETH15M-26OCT042145-45,0.0030,1.18,yes
2026-10-05T01:43:22.581016Z,KXETH15M-26OCT042145-45,0.0030,1.18,yes
2026-10-05T01:43:22.581016Z,KXETH15M-26OCT042145-45,0.0030,1.18,yes
2026-10-05T01:43:22.581016Z,KXETH15M-26OCT042145-45,0.0030,1.18,yes
2026-10-05T01:43:22.581016Z,KXETH15M-26OCT042145-45,0.0030,65.00,yes
2026-10-05T01:43:22.581016Z,KXETH15M-26OCT042145-45,0.0030,1.40,yes
2026-10-05T01:43:22.581016Z,KXETH15M-26OCT042145-45,0.0030,2.36,yes
2026-10-05T01:43:22.581016Z,KXETH15M-26OCT042145-45,0.0040,147.24,yes
2026-10-05T01:43:22.807272Z,KXETH15M-26OCT042145-45,0.0020,108.00,no
2026-10-05T01:43:22.807272Z,KXETH15M-26OCT042145-45,0.0020,7.00,no
2026-10-05T01:43:22.807272Z,KXETH15M-26OCT042145-45,0.0020,33.83,no
2026-10-05T01:43:22.993904Z,KXETH15M-26OCT042145-45,0.0030,120.00,yes
2026-10-05T01:43:22.993904Z,KXETH15M-26OCT042145-45,0.0030,20.00,yes
2026-10-05T01:43:22.993904Z,KXETH15M-26OCT042145-45,0.0020,2.00,yes
2026-10-05T01:43:22.993904Z,KXETH15M-26OCT042145-45,0.0020,1.74,yes
2026-10-05T01:43:22.993904Z,KXETH15M-26OCT042145-45,0.0030,20.00,yes
2026-10-05T01:43:22.993904Z,KXETH15M-26OCT042145-45,0.0020,105.00,yes
2026-10-05T01:43:22.993904Z,KXETH15M-26OCT042145-45,0.0030,50.00,yes
2026-10-05T01:43:22.993904Z,KXETH15M-26OCT042145-45,0.0040,176.68,yes
2026-10-05T01:43:24.781793Z,KXETH15M-26OCT042145-45,0.0050,160.00,yes
2026-10-05T01:43:24.781793Z,KXETH15M-26OCT042145-45,0.0050,160.00,yes
2026-10-05T01:43:24.781793Z,KXETH15M-26OCT042145-45,0.0050,187.04,yes
2026-10-05T01:43:24.781793Z,KXETH15M-26OCT042145-45,0.0050,138.03,yes
2026-10-05T01:43:24.781793Z,KXETH15M-26OCT042145-45,0.0040,20.00,yes
2026-10-05T01:43:24.781793Z,KXETH15M-26OCT042145-45,0.0030,20.00,yes
2026-10-05T01:43:24.781793Z,KXETH15M-26OCT042145-45,0.0040,59.00,yes
2026-10-05T01:43:24.781793Z,KXETH15M-26OCT042145-45,0.0040,38.00,yes
2026-10-05T01:43:24.781793Z,KXETH15M-26OCT042145-45,0.0030,35.00,yes
2026-10-05T01:43:24.781793Z,KXETH15M-26OCT042145-45,0.0030,20.00,yes
2026-10-05T01:43:24.781793Z,KXETH15M-26OCT042145-45,0.0040,0.35,yes
2026-10-05T01:43:24.781793Z,KXETH15M-26OCT042145-45,0.0040,185.78,yes
2026-10-05T01:43:24.836362Z,KXETH15M-26OCT042145-45,0.0030,60.00,no
2026-10-05T01:43:25.772496Z,KXETH15M-26OCT042145-45,0.0020,7.00,no
2026-10-05T01:43:25.772496Z,KXETH15M-26OCT042145-45,0.0020,78.20,no
2026-10-05T01:43:25.772496Z,KXETH15M-26OCT042145-45,0.0020,15.00,no
2026-10-05T01:43:26.76561Z,KXETH15M-26OCT042145-45,0.0020,7.00,no
2026-10-05T01:43:26.76561Z,KXETH15M-26OCT042145-45,0.0020,18.80,no
2026-10-05T01:43:27.011076Z,KXETH15M-26OCT042145-45,0.0010,78.49,no
2026-10-05T01:43:27.334275Z,KXETH15M-26OCT042145-45,0.0010,292.88,no
2026-10-05T01:43:28.39463Z,KXETH15M-26OCT042145-45,0.0020,111.00,yes
2026-10-05T01:43:28.39463Z,KXETH15M-26OCT042145-45,0.0020,353.99,yes
2026-10-05T01:43:28.567082Z,KXETH15M-26OCT042145-45,0.0020,916.02,yes
2026-10-05T01:43:28.94473Z,KXETH15M-26OCT042145-45,0.0020,249.62,yes
2026-10-05T01:43:29.813147Z,KXETH15M-26OCT042145-45,0.0020,131.94,yes
2026-10-05T01:43:29.942092Z,KXETH15M-26OCT042145-45,0.0020,3.06,yes
2026-10-05T01:43:30.033834Z,KXETH15M-26OCT042145-45,0.0010,653.30,no
2026-10-05T01:43:30.033834Z,KXETH15M-26OCT042145-45,0.0010,2000.00,no
2026-10-05T01:43:30.033834Z,KXETH15M-26OCT042145-45,0.0010,28.63,no
2026-10-05T01:43:30.033834Z,KXETH15M-26OCT042145-45,0.0010,1000.00,no
2026-10-05T01:43:30.033834Z,KXETH15M-26OCT042145-45,0.0010,1.00,no
2026-10-05T01:43:30.033834Z,KXETH15M-26OCT042145-45,0.0010,1.00,no
2026-10-05T01:43:30.033834Z,KXETH15M-26OCT042145-45,0.0010,1914.07,no
2026-10-05T01:43:30.071456Z,KXETH15M-26OCT042145-45,0.0010,250.00,no
2026-10-05T01:43:30.217436Z,KXETH15M-26OCT042145-45,0.0010,51.58,no
2026-10-05T01:43:30.513395Z,KXETH15M-26OCT042145-45,0.0050,13.00,yes
2026-10-05T01:43:30.513395Z,KXETH15M-26OCT042145-45,0.0050,80.00,yes
2026-10-05T01:43:30.513395Z,KXETH15M-26OCT042145-45,0.0050,308.49,yes
2026-10-05T01:43:30.513395Z,KXETH15M-26OCT042145-45,0.0040,500.00,yes
2026-10-05T01:43:30.513395Z,KXETH15M-26OCT042145-45,0.0020,567.37,yes
2026-10-05T01:43:30.513395Z,KXETH15M-26OCT042145-45,0.0050,160.08,yes
2026-10-05T01:43:30.513395Z,KXETH15M-26OCT042145-45,0.0020,126.00,yes
2026-10-05T01:43:30.513395Z,KXETH15M-26OCT042145-45,0.0020,2796.00,yes
2026-10-05T01:43:30.513395Z,KXETH15M-26OCT042145-45,0.0020,51.58,yes
2026-10-05T01:43:30.513395Z,KXETH15M-26OCT042145-45,0.0020,250.00,yes
2026-10-05T01:43:30.513395Z,KXETH15M-26OCT042145-45,0.0050,2.00,yes
2026-10-05T01:43:30.513395Z,KXETH15M-26OCT042145-45,0.0020,268.00,yes
2026-10-05T01:43:30.513395Z,KXETH15M-26OCT042145-45,0.0020,2000.00,yes
2026-10-05T01:43:30.513395Z,KXETH15M-26OCT042145-45,0.0020,1914.07,yes
2026-10-05T01:43:30.513395Z,KXETH15M-26OCT042145-45,0.0020,148.00,yes
2026-10-05T01:43:30.513395Z,KXETH15M-26OCT042145-45,0.0020,1000.00,yes
2026-10-05T01:43:30.513395Z,KXETH15M-26OCT042145-45,0.0030,20.00,yes
2026-10-05T01:43:30.513395Z,KXETH15M-26OCT042145-45,0.0040,20.00,yes
2026-10-05T01:43:31.08268Z,KXETH15M-26OCT042145-45,0.0010,1.00,no
2026-10-05T01:43:31.08268Z,KXETH15M-26OCT042145-45,0.0010,4.00,no
2026-10-05T01:43:31.08268Z,KXETH15M-26OCT042145-45,0.0010,4.00,no
2026-10-05T01:43:31.08268Z,KXETH15M-26OCT042145-45,0.0010,189.65,no
2026-10-05T01:43:31.08268Z,KXETH15M-26OCT042145-45,0.0020,33.00,no
2026-10-05T01:43:31.08268Z,KXETH15M-26OCT042145-45,0.0020,63.00,no
2026-10-05T01:43:31.08268Z,KXETH15M-26OCT042145-45,0.0020,15.00,no
2026-10-05T01:43:31.08268Z,KXETH15M-26OCT042145-45,0.0020,7.00,no
2026-10-05T01:43:31.08268Z,KXETH15M-26OCT042145-45,0.0010,100.00,no
2026-10-05T01:43:31.08268Z,KXETH15M-26OCT042145-45,0.0010,284.35,no
2026-10-05T01:43:31.468474Z,KXETH15M-26OCT042145-45,0.0010,350.00,no
2026-10-05T01:43:31.705075Z,KXETH15M-26OCT042145-45,0.0030,65.32,yes
2026-10-05T01:43:31.705075Z,KXETH15M-26OCT042145-45,0.0030,20.00,yes
2026-10-05T01:43:31.982511Z,KXETH15M-26OCT042145-45,0.0010,460.35,no
2026-10-05T01:43:31.982511Z,KXETH15M-26OCT042145-45,0.0010,23.65,no
2026-10-05T01:43:32.017814Z,KXETH15M-26OCT042145-45,0.0010,119.00,no
2026-10-05T01:43:32.140579Z,KXETH15M-26OCT042145-45,0.0010,88.00,no
2026-10-05T01:43:32.222989Z,KXETH15M-26OCT042145-45,0.0020,6.23,yes
2026-10-05T01:43:33.056145Z,KXETH15M-26OCT042145-45,0.0010,682.09,no
2026-10-05T01:43:34.538291Z,KXETH15M-26OCT042145-45,0.0020,523.90,yes
2026-10-05T01:43:34.538291Z,KXETH15M-26OCT042145-45,0.0020,34.68,yes
2026-10-05T01:43:34.538291Z,KXETH15M-26OCT042145-45,0.0020,23.65,yes
2026-10-05T01:43:34.538291Z,KXETH15M-26OCT042145-45,0.0020,0.77,yes
2026-10-05T01:43:34.538291Z,KXETH15M-26OCT042145-45,0.0020,119.00,yes
2026-10-05T01:43:34.538291Z,KXETH15M-26OCT042145-45,0.0020,634.00,yes
2026-10-05T01:43:34.538291Z,KXETH15M-26OCT042145-45,0.0020,1466.00,yes
2026-10-05T01:43:34.538291Z,KXETH15M-26OCT042145-45,0.0020,110.00,yes
2026-10-05T01:43:34.538291Z,KXETH15M-26OCT042145-45,0.0020,88.00,yes
2026-10-05T01:43:34.545226Z,KXETH15M-26OCT042145-45,0.0020,9.00,yes
2026-10-05T01:43:35.031866Z,KXETH15M-26OCT042145-45,0.0010,43.77,no
2026-10-05T01:43:35.031866Z,KXETH15M-26OCT042145-45,0.0010,500.00,no
2026-10-05T01:43:35.031866Z,KXETH15M-26OCT042145-45,0.0010,160.08,no
2026-10-05T01:43:35.031866Z,KXETH15M-26OCT042145-45,0.0010,1087.26,no
2026-10-05T01:43:35.818158Z,KXETH15M-26OCT042145-45,0.0010,7.88,no
2026-10-05T01:43:36.274221Z,KXETH15M-26OCT042145-45,0.0010,513.00,no
2026-10-05T01:43:36.274221Z,KXETH15M-26OCT042145-45,0.0010,67.00,no
2026-10-05T01:43:36.274221Z,KXETH15M-26OCT042145-45,0.0010,23.65,no
2026-10-05T01:43:36.274221Z,KXETH15M-26OCT042145-45,0.0010,119.00,no
2026-10-05T01:43:36.274221Z,KXETH15M-26OCT042145-45,0.0010,88.00,no
2026-10-05T01:43:36.274221Z,KXETH15M-26OCT042145-45,0.0010,14.35,no
2026-10-05T01:43:36.274221Z,KXETH15M-26OCT042145-45,0.0010,57.00,no
2026-10-05T01:43:36.314608Z,KXETH15M-26OCT042145-45,0.0010,7.88,no
2026-10-05T01:43:36.314608Z,KXETH15M-26OCT042145-45,0.0010,43.77,no
2026-10-05T01:43:36.314608Z,KXETH15M-26OCT042145-45,0.0010,7.28,no
2026-10-05T01:43:36.314608Z,KXETH15M-26OCT042145-45,0.0010,10.90,no
2026-10-05T01:43:36.314608Z,KXETH15M-26OCT042145-45,0.0010,9.00,no
2026-10-05T01:43:37.074001Z,KXETH15M-26OCT042145-45,0.0010,40.00,no
2026-10-05T01:43:37.074001Z,KXETH15M-26OCT042145-45,0.0010,66.00,no
2026-10-05T01:43:38.70549Z,KXETH15M-26OCT042145-45,0.0010,915.99,yes
2026-10-05T01:43:39.361246Z,KXETH15M-26OCT042145-45,0.0010,581.00,yes
2026-10-05T01:43:39.361246Z,KXETH15M-26OCT042145-45,0.0010,87.00,yes
2026-10-05T01:43:39.361246Z,KXETH15M-26OCT042145-45,0.0010,89.01,yes
2026-10-05T01:43:39.361246Z,KXETH15M-26OCT042145-45,0.0020,9.00,yes
2026-10-05T01:43:39.361246Z,KXETH15M-26OCT042145-45,0.0020,513.00,yes
2026-10-05T01:43:39.361246Z,KXETH15M-26OCT042145-45,0.0020,10.90,yes
2026-10-05T01:43:39.361246Z,KXETH15M-26OCT042145-45,0.0020,119.00,yes
2026-10-05T01:43:39.361246Z,KXETH15M-26OCT042145-45,0.0020,23.65,yes
2026-10-05T01:43:39.361246Z,KXETH15M-26OCT042145-45,0.0020,88.00,yes
2026-10-05T01:43:39.361246Z,KXETH15M-26OCT042145-45,0.0040,500.00,yes
2026-10-05T01:43:39.361246Z,KXETH15M-26OCT042145-45,0.0020,1087.26,yes
2026-10-05T01:43:39.361246Z,KXETH15M-26OCT042145-45,0.0050,357.14,yes
2026-10-05T01:43:39.361246Z,KXETH15M-26OCT042145-45,0.0020,1.00,yes
2026-10-05T01:43:39.361246Z,KXETH15M-26OCT042145-45,0.0020,149.19,yes
2026-10-05T01:43:39.361246Z,KXETH15M-26OCT042145-45,0.0050,951.00,yes
2026-10-05T01:43:39.361246Z,KXETH15M-26OCT042145-45,0.0050,2199.00,yes
2026-10-05T01:43:39.361246Z,KXETH15M-26OCT042145-45,0.0010,284.35,yes
2026-10-05T01:43:39.361246Z,KXETH15M-26OCT042145-45,0.0030,20.00,yes
2026-10-05T01:43:39.361246Z,KXETH15M-26OCT042145-45,0.0040,15.00,yes
2026-10-05T01:43:39.361246Z,KXETH15M-26OCT042145-45,0.0010,100.00,yes
2026-10-05T01:43:39.361246Z,KXETH15M-26OCT042145-45,0.0040,20.00,yes
2026-10-05T01:43:39.536871Z,KXETH15M-26OCT042145-45,0.0030,1.00,yes
2026-10-05T01:43:42.047735Z,KXETH15M-26OCT042145-45,0.0010,107.53,no
2026-10-05T01:43:43.024406Z,KXETH15M-26OCT042145-45,0.0010,41.66,no
2026-10-05T01:43:43.024406Z,KXETH15M-26OCT042145-45,0.0010,458.34,no
2026-10-05T01:43:43.257159Z,KXETH15M-26OCT042145-45,0.0010,50.00,no
2026-10-05T01:43:43.298204Z,KXETH15M-26OCT042145-45,0.0020,27.80,yes
2026-10-05T01:43:43.298204Z,KXETH15M-26OCT042145-45,0.0020,18.00,yes
2026-10-05T01:43:43.784133Z,KXETH15M-26OCT042145-45,0.0020,41.66,yes
2026-10-05T01:43:43.784133Z,KXETH15M-26OCT042145-45,0.0020,133.09,yes
2026-10-05T01:43:43.784133Z,KXETH15M-26OCT042145-45,0.0020,107.53,yes
2026-10-05T01:43:43.784133Z,KXETH15M-26OCT042145-45,0.0020,50.20,yes
2026-10-05T01:43:44.548816Z,KXETH15M-26OCT042145-45,0.0010,11.18,no
2026-10-05T01:43:45.629358Z,KXETH15M-26OCT042145-45,0.0010,0.45,no
2026-10-05T01:43:47.164692Z,KXETH15M-26OCT042145-45,0.0010,235.90,no
2026-10-05T01:43:48.013336Z,KXETH15M-26OCT042145-45,0.0010,81.81,no
2026-10-05T01:43:48.878739Z,KXETH15M-26OCT042145-45,0.0010,30.02,no
2026-10-05T01:43:49.575219Z,KXETH15M-26OCT042145-45,0.0020,8.13,yes
2026-10-05T01:43:49.575219Z,KXETH15M-26OCT042145-45,0.0020,0.45,yes
2026-10-05T01:43:49.575219Z,KXETH15M-26OCT042145-45,0.0020,11.18,yes
2026-10-05T01:43:49.575219Z,KXETH15M-26OCT042145-45,0.0020,50.00,yes
2026-10-05T01:43:49.575219Z,KXETH15M-26OCT042145-45,0.0020,325.25,yes
2026-10-05T01:43:49.575219Z,KXETH15M-26OCT042145-45,0.0020,63.00,yes
2026-10-05T01:43:49.608671Z,KXETH15M-26OCT042145-45,0.0020,82.30,yes
2026-10-05T01:43:50.562337Z,KXETH15M-26OCT042145-45,0.0010,0.50,no
2026-10-05T01:43:51.669953Z,KXETH15M-26OCT042145-45,0.0010,29.59,no
2026-10-05T01:43:51.772152Z,KXETH15M-26OCT042145-45,0.0010,12.00,no
2026-10-05T01:43:51.891006Z,KXETH15M-26OCT042145-45,0.0010,100.09,no
2026-10-05T01:43:52.196628Z,KXETH15M-26OCT042145-45,0.0010,77.38,no
2026-10-05T01:43:52.196628Z,KXETH15M-26OCT042145-45,0.0010,9.00,no
2026-10-05T01:43:52.196628Z,KXETH15M-26OCT042145-45,0.0010,23.65,no
2026-10-05T01:43:52.196628Z,KXETH15M-26OCT042145-45,0.0010,119.00,no
2026-10-05T01:43:52.196628Z,KXETH15M-26OCT042145-45,0.0010,88.00,no
2026-10-05T01:43:52.196628Z,KXETH15M-26OCT042145-45,0.0010,66.00,no
2026-10-05T01:43:52.196628Z,KXETH15M-26OCT042145-45,0.0010,205.10,no
2026-10-05T01:43:52.196628Z,KXETH15M-26OCT042145-45,0.0010,10.90,no
2026-10-05T01:43:52.196628Z,KXETH15M-26OCT042145-45,0.0010,513.00,no
2026-10-05T01:43:53.132973Z,KXETH15M-26OCT042145-45,0.0010,294.90,no
2026-10-05T01:43:53.132973Z,KXETH15M-26OCT042145-45,0.0010,96.10,no
2026-10-05T01:43:53.265574Z,KXETH15M-26OCT042145-45,0.0010,6.97,no
2026-10-05T01:43:53.265574Z,KXETH15M-26OCT042145-45,0.0010,179.90,no
2026-10-05T01:43:57.594986Z,KXETH15M-26OCT042145-45,0.0010,66.00,no
2026-10-05T01:43:57.594986Z,KXETH15M-26OCT042145-45,0.0010,2493.03,no
2026-10-05T01:43:57.65026Z,KXETH15M-26OCT042145-45,0.0010,3376.93,yes
2026-10-05T01:43:58.727077Z,KXETH15M-26OCT042145-45,0.0010,1888.97,yes
2026-10-05T01:44:01.533471Z,KXETH15M-26OCT042145-45,0.0010,21.73,yes
2026-10-05T01:44:06.439291Z,KXETH15M-26OCT042145-45,0.0010,90.00,yes
2026-10-05T01:44:09.661698Z,KXETH15M-26OCT042145-45,0.0010,2803.99,yes
2026-10-05T01:44:10.390643Z,KXETH15M-26OCT042145-45,0.0010,1690.74,yes
2026-10-05T01:44:10.390643Z,KXETH15M-26OCT042145-45,0.0010,4814.35,yes
2026-10-05T01:44:11.858067Z,KXETH15M-26OCT042145-45,0.0010,127.71,yes
2026-10-05T01:44:11.858067Z,KXETH15M-26OCT042145-45,0.0010,802.29,yes
2026-10-05T01:44:12.771345Z,KXETH15M-26OCT042145-45,0.0010,122.54,yes
2026-10-05T01:44:12.771345Z,KXETH15M-26OCT042145-45,0.0010,1709.36,yes
2026-10-05T01:44:14.22003Z,KXETH15M-26OCT042145-45,0.0010,1.11,yes
2026-10-05T01:44:20.130637Z,KXETH15M-26OCT042145-45,0.0010,4.44,yes
2026-10-05T01:44:20.369774Z,KXETH15M-26OCT042145-45,0.0010,408.90,yes
2026-10-05T01:44:20.369774Z,KXETH15M-26OCT042145-45,0.0010,507.09,yes
2026-10-05T01:44:20.923079Z,KXETH15M-26OCT042145-45,0.0010,8.00,yes
2026-10-05T01:44:27.619317Z,KXETH15M-26OCT042145-45,0.0010,91.62,yes
2026-10-05T01:44:28.029754Z,KXETH15M-26OCT042145-45,0.0010,803.79,yes
2026-10-05T01:44:31.172363Z,KXETH15M-26OCT042145-45,0.0010,1517.13,yes
2026-10-05T01:44:31.172363Z,KXETH15M-26OCT042145-45,0.0010,314.77,yes
2026-10-05T01:44:32.317711Z,KXETH15M-26OCT042145-45,0.0010,180.00,yes
2026-10-05T01:44:35.897722Z,KXETH15M-26OCT042145-45,0.0010,30.00,yes
2026-10-05T01:44:36.836901Z,KXETH15M-26OCT042145-45,0.0010,91.62,yes
2026-10-05T01:44:38.663656Z,KXETH15M-26OCT042145-45,0.0010,23.33,yes
2026-10-05T01:44:42.377339Z,KXETH15M-26OCT042145-45,0.0010,10.01,yes
2026-10-05T01:44:42.377339Z,KXETH15M-26OCT042145-45,0.0010,248.06,yes
2026-10-05T01:44:42.377339Z,KXETH15M-26OCT042145-45,0.0010,657.92,yes
2026-10-05T01:44:50.839852Z,KXETH15M-26OCT042145-45,0.0010,251.94,yes
2026-10-05T01:44:50.839852Z,KXETH15M-26OCT042145-45,0.0010,664.05,yes
2026-10-05T01:44:52.96554Z,KXETH15M-26OCT042145-45,0.0010,45.85,yes
2026-10-05T01:44:53.561497Z,KXETH15M-26OCT042145-45,0.0010,6.97,yes
2026-10-05T01:44:53.561497Z,KXETH15M-26OCT042145-45,0.0010,401.10,yes
2026-10-05T01:44:53.561497Z,KXETH15M-26OCT042145-45,0.0010,81.00,yes
2026-10-05T01:44:53.561497Z,KXETH15M-26OCT042145-45,0.0010,12.00,yes
2026-10-05T01:44:53.561497Z,KXETH15M-26OCT042145-45,0.0010,414.92,yes
2026-10-05T01:44:54.997528Z,KXETH15M-26OCT042145-45,0.0010,915.99,yes
2026-10-05T01:42:01.503312Z,KXBNB15M-26OCT042145-45,0.0100,1.41,no
2026-10-05T01:42:01.503312Z,KXBNB15M-26OCT042145-45,0.0100,22.59,no
2026-10-05T01:42:01.503312Z,KXBNB15M-26OCT042145-45,0.0100,25.00,no
2026-10-05T01:42:01.503312Z,KXBNB15M-26OCT042145-45,0.0100,1.00,no
2026-10-05T01:42:02.086282Z,KXBNB15M-26OCT042145-45,0.0100,23.00,no
2026-10-05T01:42:02.086282Z,KXBNB15M-26OCT042145-45,0.0050,400.00,no
2026-10-05T01:42:02.086282Z,KXBNB15M-26OCT042145-45,0.0050,19.00,no
2026-10-05T01:42:02.086282Z,KXBNB15M-26OCT042145-45,0.0090,2.00,no
2026-10-05T01:42:02.086282Z,KXBNB15M-26OCT042145-45,0.0080,2.00,no
2026-10-05T01:42:02.086282Z,KXBNB15M-26OCT042145-45,0.0100,25.00,no
2026-10-05T01:42:02.086282Z,KXBNB15M-26OCT042145-45,0.0100,8.00,no
2026-10-05T01:42:02.086282Z,KXBNB15M-26OCT042145-45,0.0100,2.00,no
2026-10-05T01:42:02.086282Z,KXBNB15M-26OCT042145-45,0.0070,20.00,no
2026-10-05T01:42:02.086282Z,KXBNB15M-26OCT042145-45,0.0100,18.59,no
2026-10-05T01:42:02.086282Z,KXBNB15M-26OCT042145-45,0.0060,20.00,no
2026-10-05T01:42:02.086282Z,KXBNB15M-26OCT042145-45,0.0080,20.00,no
2026-10-05T01:42:02.086282Z,KXBNB15M-26OCT042145-45,0.0090,20.00,no
2026-10-05T01:42:02.086282Z,KXBNB15M-26OCT042145-45,0.0050,20.00,no
2026-10-05T01:42:02.086282Z,KXBNB15M-26OCT042145-45,0.0050,11.00,no
2026-10-05T01:42:02.086282Z,KXBNB15M-26OCT042145-45,0.0100,20.00,no
2026-10-05T01:42:02.086282Z,KXBNB15M-26OCT042145-45,0.0050,31.00,no
2026-10-05T01:42:03.11114Z,KXBNB15M-26OCT042145-45,0.0050,2.00,no
2026-10-05T01:42:03.11114Z,KXBNB15M-26OCT042145-45,0.0050,9.00,no
2026-10-05T01:42:03.36123Z,KXBNB15M-26OCT042145-45,0.0030,2.00,no
2026-10-05T01:42:03.36123Z,KXBNB15M-26OCT042145-45,0.0040,2.00,no
2026-10-05T01:42:03.36123Z,KXBNB15M-26OCT042145-45,0.0040,1.00,no
2026-10-05T01:42:03.36123Z,KXBNB15M-26OCT042145-45,0.0040,1.00,no
2026-10-05T01:42:03.36123Z,KXBNB15M-26OCT042145-45,0.0030,2.00,no
2026-10-05T01:42:03.36123Z,KXBNB15M-26OCT042145-45,0.0030,2.00,no
2026-10-05T01:42:03.36123Z,KXBNB15M-26OCT042145-45,0.0040,1.00,no
2026-10-05T01:42:03.36123Z,KXBNB15M-26OCT042145-45,0.0030,2.00,no
2026-10-05T01:42:03.36123Z,KXBNB15M-26OCT042145-45,0.0030,2.00,no
2026-10-05T01:42:03.36123Z,KXBNB15M-26OCT042145-45,0.0040,1.00,no
2026-10-05T01:42:03.36123Z,KXBNB15M-26OCT042145-45,0.0030,2.00,no
2026-10-05T01:42:03.36123Z,KXBNB15M-26OCT042145-45,0.0040,1.00,no
2026-10-05T01:42:03.36123Z,KXBNB15M-26OCT042145-45,0.0040,13.00,no
2026-10-05T01:42:03.36123Z,KXBNB15M-26OCT042145-45,0.0040,20.00,no
2026-10-05T01:42:03.36123Z,KXBNB15M-26OCT042145-45,0.0030,20.00,no
2026-10-05T01:42:03.36123Z,KXBNB15M-26OCT042145-45,0.0030,18.00,no
2026-10-05T01:42:03.36123Z,KXBNB15M-26OCT042145-45,0.0030,250.00,no
2026-10-05T01:42:03.36123Z,KXBNB15M-26OCT042145-45,0.0020,87.82,no
2026-10-05T01:42:03.36123Z,KXBNB15M-26OCT042145-45,0.0020,200.00,no
2026-10-05T01:42:03.36123Z,KXBNB15M-26OCT042145-45,0.0030,100.00,no
2026-10-05T01:42:05.893723Z,KXBNB15M-26OCT042145-45,0.0020,29.89,no
2026-10-05T01:42:08.477545Z,KXBNB15M-26OCT042145-45,0.0020,0.19,no
2026-10-05T01:42:11.058398Z,KXBNB15M-26OCT042145-45,0.0020,117.90,no
2026-10-05T01:42:11.058398Z,KXBNB15M-26OCT042145-45,0.0020,282.10,no
2026-10-05T01:42:11.724617Z,KXBNB15M-26OCT042145-45,0.0040,20.00,yes
2026-10-05T01:42:11.724617Z,KXBNB15M-26OCT042145-45,0.0040,29.00,yes
2026-10-05T01:42:11.724617Z,KXBNB15M-26OCT042145-45,0.0040,25.00,yes
2026-10-05T01:42:11.724617Z,KXBNB15M-26OCT042145-45,0.0040,25.00,yes
2026-10-05T01:42:11.724661Z,KXBNB15M-26OCT042145-45,0.0040,99.00,yes
2026-10-05T01:42:11.728767Z,KXBNB15M-26OCT042145-45,0.0040,18.00,yes
2026-10-05T01:42:11.728767Z,KXBNB15M-26OCT042145-45,0.0040,122.00,yes
2026-10-05T01:42:11.72974Z,KXBNB15M-26OCT042145-45,0.0040,1.00,yes
2026-10-05T01:42:11.7338Z,KXBNB15M-26OCT042145-45,0.0040,98.90,yes
2026-10-05T01:42:11.7338Z,KXBNB15M-26OCT042145-45,0.0050,20.00,yes
2026-10-05T01:42:11.7338Z,KXBNB15M-26OCT042145-45,0.0050,20.10,yes
2026-10-05T01:42:11.7338Z,KXBNB15M-26OCT042145-45,0.0050,1.00,yes
2026-10-05T01:42:11.739084Z,KXBNB15M-26OCT042145-45,0.0050,140.00,yes
2026-10-05T01:42:11.781293Z,KXBNB15M-26OCT042145-45,0.0050,39.90,yes
2026-10-05T01:42:11.781293Z,KXBNB15M-26OCT042145-45,0.0070,60.10,yes
2026-10-05T01:42:11.781293Z,KXBNB15M-26OCT042145-45,0.0070,20.00,yes
2026-10-05T01:42:11.781293Z,KXBNB15M-26OCT042145-45,0.0060,20.00,yes
2026-10-05T01:42:11.837658Z,KXBNB15M-26OCT042145-45,0.0070,82.39,yes
2026-10-05T01:42:11.837658Z,KXBNB15M-26OCT042145-45,0.0070,29.89,yes
2026-10-05T01:42:11.837658Z,KXBNB15M-26OCT042145-45,0.0070,27.72,yes
2026-10-05T01:42:12.337643Z,KXBNB15M-26OCT042145-45,0.0070,140.00,yes
2026-10-05T01:42:12.741536Z,KXBNB15M-26OCT042145-45,0.0070,59.90,yes
2026-10-05T01:42:12.741536Z,KXBNB15M-26OCT042145-45,0.0080,60.10,yes
2026-10-05T01:42:12.741536Z,KXBNB15M-26OCT042145-45,0.0080,20.00,yes
2026-10-05T01:42:13.768362Z,KXBNB15M-26OCT042145-45,0.0100,1.00,yes
2026-10-05T01:42:13.768362Z,KXBNB15M-26OCT042145-45,0.0110,0.11,yes
2026-10-05T01:42:13.768362Z,KXBNB15M-26OCT042145-45,0.0090,20.00,yes
2026-10-05T01:42:13.768362Z,KXBNB15M-26OCT042145-45,0.0110,18.59,yes
2026-10-05T01:42:13.768362Z,KXBNB15M-26OCT042145-45,0.0100,20.00,yes
2026-10-05T01:42:13.768362Z,KXBNB15M-26OCT042145-45,0.0080,39.90,yes
2026-10-05T01:42:15.033645Z,KXBNB15M-26OCT042145-45,0.0100,2.99,no
2026-10-05T01:42:17.283594Z,KXBNB15M-26OCT042145-45,0.0030,12.00,no
2026-10-05T01:42:17.283594Z,KXBNB15M-26OCT042145-45,0.0030,1.00,no
2026-10-05T01:42:17.283594Z,KXBNB15M-26OCT042145-45,0.0030,1.00,no
2026-10-05T01:42:17.283594Z,KXBNB15M-26OCT042145-45,0.0030,1.00,no
2026-10-05T01:42:17.283594Z,KXBNB15M-26OCT042145-45,0.0030,2.00,no
2026-10-05T01:42:17.283594Z,KXBNB15M-26OCT042145-45,0.0030,1.00,no
2026-10-05T01:42:17.283594Z,KXBNB15M-26OCT042145-45,0.0030,1.00,no
2026-10-05T01:42:17.283594Z,KXBNB15M-26OCT042145-45,0.0030,19.00,no
2026-10-05T01:42:17.283594Z,KXBNB15M-26OCT042145-45,0.0030,1.00,no
2026-10-05T01:42:17.283594Z,KXBNB15M-26OCT042145-45,0.0030,1.00,no
2026-10-05T01:42:17.283594Z,KXBNB15M-26OCT042145-45,0.0020,84.24,no
2026-10-05T01:42:20.60573Z,KXBNB15M-26OCT042145-45,0.0030,19.00,no
2026-10-05T01:42:20.60573Z,KXBNB15M-26OCT042145-45,0.0020,31.00,no
2026-10-05T01:42:22.013589Z,KXBNB15M-26OCT042145-45,0.0100,0.93,yes
2026-10-05T01:42:27.741158Z,KXBNB15M-26OCT042145-45,0.0020,16.29,no
2026-10-05T01:42:28.028262Z,KXBNB15M-26OCT042145-45,0.0020,1.00,no
2026-10-05T01:42:29.197901Z,KXBNB15M-26OCT042145-45,0.0100,1.87,yes
2026-10-05T01:42:30.649876Z,KXBNB15M-26OCT042145-45,0.0100,0.01,yes
2026-10-05T01:42:30.649876Z,KXBNB15M-26OCT042145-45,0.0100,1.00,yes
2026-10-05T01:42:30.649876Z,KXBNB15M-26OCT042145-45,0.0100,10.00,yes
2026-10-05T01:42:30.649876Z,KXBNB15M-26OCT042145-45,0.0100,10.00,yes
2026-10-05T01:42:30.649876Z,KXBNB15M-26OCT042145-45,0.0110,49.41,yes
2026-10-05T01:42:30.649876Z,KXBNB15M-26OCT042145-45,0.0110,2.00,yes
2026-10-05T01:42:30.649876Z,KXBNB15M-26OCT042145-45,0.0100,14.42,yes
2026-10-05T01:42:30.649876Z,KXBNB15M-26OCT042145-45,0.0110,1.30,yes
2026-10-05T01:42:32.742381Z,KXBNB15M-26OCT042145-45,0.0100,25.50,yes
2026-10-05T01:42:33.361895Z,KXBNB15M-26OCT042145-45,0.0170,1.00,yes
2026-10-05T01:42:33.361895Z,KXBNB15M-26OCT042145-45,0.0150,0.01,yes
2026-10-05T01:42:33.361895Z,KXBNB15M-26OCT042145-45,0.0160,0.01,yes
2026-10-05T01:42:33.361895Z,KXBNB15M-26OCT042145-45,0.0170,0.01,yes
2026-10-05T01:42:33.361895Z,KXBNB15M-26OCT042145-45,0.0140,0.01,yes
2026-10-05T01:42:33.361895Z,KXBNB15M-26OCT042145-45,0.0110,0.01,yes
2026-10-05T01:42:33.361895Z,KXBNB15M-26OCT042145-45,0.0210,55.00,yes
2026-10-05T01:42:33.361895Z,KXBNB15M-26OCT042145-45,0.0180,0.01,yes
2026-10-05T01:42:33.361895Z,KXBNB15M-26OCT042145-45,0.0210,0.01,yes
2026-10-05T01:42:33.361895Z,KXBNB15M-26OCT042145-45,0.0200,0.01,yes
2026-10-05T01:42:33.361895Z,KXBNB15M-26OCT042145-45,0.0190,0.01,yes
2026-10-05T01:42:33.361895Z,KXBNB15M-26OCT042145-45,0.0130,2.00,yes
2026-10-05T01:42:33.361895Z,KXBNB15M-26OCT042145-45,0.0210,21.19,yes
2026-10-05T01:42:33.361895Z,KXBNB15M-26OCT042145-45,0.0100,54.50,yes
2026-10-05T01:42:33.361895Z,KXBNB15M-26OCT042145-45,0.0200,1.00,yes
2026-10-05T01:42:33.361895Z,KXBNB15M-26OCT042145-45,0.0130,20.00,yes
2026-10-05T01:42:33.361895Z,KXBNB15M-26OCT042145-45,0.0180,31.00,yes
2026-10-05T01:42:33.361895Z,KXBNB15M-26OCT042145-45,0.0110,31.00,yes
2026-10-05T01:42:33.361895Z,KXBNB15M-26OCT042145-45,0.0120,2.00,yes
2026-10-05T01:42:33.361895Z,KXBNB15M-26OCT042145-45,0.0130,0.01,yes
2026-10-05T01:42:33.361895Z,KXBNB15M-26OCT042145-45,0.0170,5.00,yes
2026-10-05T01:42:33.361895Z,KXBNB15M-26OCT042145-45,0.0200,37.00,yes
2026-10-05T01:42:33.361895Z,KXBNB15M-26OCT042145-45,0.0120,0.01,yes
2026-10-05T01:42:33.361895Z,KXBNB15M-26OCT042145-45,0.0110,34.83,yes
2026-10-05T01:42:33.679517Z,KXBNB15M-26OCT042145-45,0.0050,2.00,no
2026-10-05T01:42:33.679517Z,KXBNB15M-26OCT042145-45,0.0050,0.06,no
2026-10-05T01:42:33.679517Z,KXBNB15M-26OCT042145-45,0.0060,2.00,no
2026-10-05T01:42:34.894447Z,KXBNB15M-26OCT042145-45,0.0030,38.00,no
2026-10-05T01:42:34.894447Z,KXBNB15M-26OCT042145-45,0.0030,2.00,no
2026-10-05T01:42:34.894447Z,KXBNB15M-26OCT042145-45,0.0050,0.06,no
2026-10-05T01:42:34.894447Z,KXBNB15M-26OCT042145-45,0.0020,0.85,no
2026-10-05T01:42:37.134276Z,KXBNB15M-26OCT042145-45,0.0020,20.00,no
2026-10-05T01:42:40.096808Z,KXBNB15M-26OCT042145-45,0.0100,1.00,yes
2026-10-05T01:42:40.27272Z,KXBNB15M-26OCT042145-45,0.0100,1.10,yes
2026-10-05T01:42:40.27272Z,KXBNB15M-26OCT042145-45,0.0100,0.01,yes
2026-10-05T01:42:40.27272Z,KXBNB15M-26OCT042145-45,0.0100,13.00,yes
2026-10-05T01:42:40.27272Z,KXBNB15M-26OCT042145-45,0.0100,0.85,yes
2026-10-05T01:42:49.462552Z,KXBNB15M-26OCT042145-45,0.0020,20.03,no
2026-10-05T01:42:53.431597Z,KXBNB15M-26OCT042145-45,0.0020,49.38,no
2026-10-05T01:42:56.29993Z,KXBNB15M-26OCT042145-45,0.0020,100.18,no
2026-10-05T01:42:59.436746Z,KXBNB15M-26OCT042145-45,0.0020,14.96,no
2026-10-05T01:43:02.356269Z,KXBNB15M-26OCT042145-45,0.0020,5.00,no
2026-10-05T01:43:04.140442Z,KXBNB15M-26OCT042145-45,0.0020,31.27,no
2026-10-05T01:43:07.053821Z,KXBNB15M-26OCT042145-45,0.0020,3.00,no
2026-10-05T01:43:07.053821Z,KXBNB15M-26OCT042145-45,0.0020,1.10,no
2026-10-05T01:43:07.053821Z,KXBNB15M-26OCT042145-45,0.0020,20.00,no
2026-10-05T01:43:07.053821Z,KXBNB15M-26OCT042145-45,0.0020,26.00,no
2026-10-05T01:43:07.053821Z,KXBNB15M-26OCT042145-45,0.0020,7.90,no
2026-10-05T01:43:07.053821Z,KXBNB15M-26OCT042145-45,0.0020,30.00,no
2026-10-05T01:43:07.28069Z,KXBNB15M-26OCT042145-45,0.0020,1.00,no
2026-10-05T01:43:07.28069Z,KXBNB15M-26OCT042145-45,0.0020,18.13,no
2026-10-05T01:43:07.28069Z,KXBNB15M-26OCT042145-45,0.0020,1.90,no
2026-10-05T01:43:07.28069Z,KXBNB15M-26OCT042145-45,0.0020,3.00,no
2026-10-05T01:43:07.28069Z,KXBNB15M-26OCT042145-45,0.0020,3.00,no
2026-10-05T01:43:07.28069Z,KXBNB15M-26OCT042145-45,0.0020,3.00,no
2026-10-05T01:43:07.932097Z,KXBNB15M-26OCT042145-45,0.0040,4.67,yes
2026-10-05T01:43:15.007823Z,KXBNB15M-26OCT042145-45,0.0030,18.90,yes
2026-10-05T01:43:15.007823Z,KXBNB15M-26OCT042145-45,0.0030,20.03,yes
2026-10-05T01:43:15.007823Z,KXBNB15M-26OCT042145-45,0.0030,100.18,yes
2026-10-05T01:43:15.007823Z,KXBNB15M-26OCT042145-45,0.0030,14.96,yes
2026-10-05T01:43:15.007823Z,KXBNB15M-26OCT042145-45,0.0030,49.38,yes
2026-10-05T01:43:15.007823Z,KXBNB15M-26OCT042145-45,0.0030,31.27,yes
2026-10-05T01:43:15.007823Z,KXBNB15M-26OCT042145-45,0.0030,7.90,yes
2026-10-05T01:43:15.007823Z,KXBNB15M-26OCT042145-45,0.0030,15.33,yes
2026-10-05T01:43:15.007823Z,KXBNB15M-26OCT042145-45,0.0030,5.00,yes
2026-10-05T01:43:16.498663Z,KXBNB15M-26OCT042145-45,0.0030,181.00,no
2026-10-05T01:43:16.844811Z,KXBNB15M-26OCT042145-45,0.0120,2.00,yes
2026-10-05T01:43:16.844811Z,KXBNB15M-26OCT042145-45,0.0110,2.00,yes
2026-10-05T01:43:16.844811Z,KXBNB15M-26OCT042145-45,0.0110,0.01,yes
2026-10-05T01:43:16.844811Z,KXBNB15M-26OCT042145-45,0.0120,0.01,yes
2026-10-05T01:43:16.844811Z,KXBNB15M-26OCT042145-45,0.0130,0.01,yes
2026-10-05T01:43:16.844811Z,KXBNB15M-26OCT042145-45,0.0100,1.62,yes
2026-10-05T01:43:16.844811Z,KXBNB15M-26OCT042145-45,0.0090,18.13,yes
2026-10-05T01:43:16.844811Z,KXBNB15M-26OCT042145-45,0.0050,30.00,yes
2026-10-05T01:43:16.844811Z,KXBNB15M-26OCT042145-45,0.0130,41.43,yes
2026-10-05T01:43:19.020307Z,KXBNB15M-26OCT042145-45,0.0040,2.00,no
2026-10-05T01:43:25.299356Z,KXBNB15M-26OCT042145-45,0.0130,10.20,yes
2026-10-05T01:43:25.299356Z,KXBNB15M-26OCT042145-45,0.0130,0.03,yes
2026-10-05T01:43:25.299356Z,KXBNB15M-26OCT042145-45,0.0120,2.00,yes
2026-10-05T01:43:25.299356Z,KXBNB15M-26OCT042145-45,0.0130,2.00,yes
2026-10-05T01:43:25.748315Z,KXBNB15M-26OCT042145-45,0.0050,2.00,no
2026-10-05T01:43:25.748315Z,KXBNB15M-26OCT042145-45,0.0100,0.01,no
2026-10-05T01:43:27.444492Z,KXBNB15M-26OCT042145-45,0.0190,0.01,yes
2026-10-05T01:43:27.444492Z,KXBNB15M-26OCT042145-45,0.0200,0.01,yes
2026-10-05T01:43:27.444492Z,KXBNB15M-26OCT042145-45,0.0170,0.01,yes
2026-10-05T01:43:27.444492Z,KXBNB15M-26OCT042145-45,0.0180,0.01,yes
2026-10-05T01:43:27.444492Z,KXBNB15M-26OCT042145-45,0.0150,0.01,yes
2026-10-05T01:43:27.444492Z,KXBNB15M-26OCT042145-45,0.0140,0.01,yes
2026-10-05T01:43:27.444492Z,KXBNB15M-26OCT042145-45,0.0160,0.01,yes
2026-10-05T01:43:27.444492Z,KXBNB15M-26OCT042145-45,0.0140,2.00,yes
2026-10-05T01:43:27.444492Z,KXBNB15M-26OCT042145-45,0.0130,2.00,yes
2026-10-05T01:43:27.444492Z,KXBNB15M-26OCT042145-45,0.0200,35.08,yes
2026-10-05T01:43:27.444492Z,KXBNB15M-26OCT042145-45,0.0150,4.00,yes
2026-10-05T01:43:27.444492Z,KXBNB15M-26OCT042145-45,0.0160,4.42,yes
2026-10-05T01:43:27.506036Z,KXBNB15M-26OCT042145-45,0.0070,2.00,no
2026-10-05T01:43:29.59306Z,KXBNB15M-26OCT042145-45,0.0050,2.00,no
2026-10-05T01:43:30.150886Z,KXBNB15M-26OCT042145-45,0.0020,58.81,no
2026-10-05T01:43:30.150886Z,KXBNB15M-26OCT042145-45,0.0030,56.05,no
2026-10-05T01:43:30.150886Z,KXBNB15M-26OCT042145-45,0.0040,30.00,no
2026-10-05T01:43:30.150886Z,KXBNB15M-26OCT042145-45,0.0040,2.00,no
2026-10-05T01:43:30.150886Z,KXBNB15M-26OCT042145-45,0.0040,0.14,no
2026-10-05T01:43:30.150886Z,KXBNB15M-26OCT042145-45,0.0030,2.00,no
2026-10-05T01:43:31.131738Z,KXBNB15M-26OCT042145-45,0.0020,53.00,no
2026-10-05T01:43:32.020842Z,KXBNB15M-26OCT042145-45,0.0040,4.00,no
2026-10-05T01:43:33.572754Z,KXBNB15M-26OCT042145-45,0.0020,12.01,no
2026-10-05T01:43:33.572754Z,KXBNB15M-26OCT042145-45,0.0020,88.19,no
2026-10-05T01:43:35.220628Z,KXBNB15M-26OCT042145-45,0.0020,9.00,no
2026-10-05T01:43:41.32397Z,KXBNB15M-26OCT042145-45,0.0020,1.00,no
2026-10-05T01:43:41.393337Z,KXBNB15M-26OCT042145-45,0.0050,0.03,yes
2026-10-05T01:43:41.393337Z,KXBNB15M-26OCT042145-45,0.0060,14.03,yes
2026-10-05T01:43:41.498454Z,KXBNB15M-26OCT042145-45,0.0020,10.07,no
2026-10-05T01:43:42.17393Z,KXBNB15M-26OCT042145-45,0.0060,1.00,yes
2026-10-05T01:43:42.17393Z,KXBNB15M-26OCT042145-45,0.0060,10.07,yes
2026-10-05T01:43:42.17393Z,KXBNB15M-26OCT042145-45,0.0060,9.00,yes
2026-10-05T01:43:42.17393Z,KXBNB15M-26OCT042145-45,0.0060,12.01,yes
2026-10-05T01:43:42.17393Z,KXBNB15M-26OCT042145-45,0.0100,229.71,yes
2026-10-05T01:43:42.17393Z,KXBNB15M-26OCT042145-45,0.0070,0.03,yes
2026-10-05T01:43:42.17393Z,KXBNB15M-26OCT042145-45,0.0090,0.04,yes
2026-10-05T01:43:42.17393Z,KXBNB15M-26OCT042145-45,0.0080,0.04,yes
2026-10-05T01:43:42.17393Z,KXBNB15M-26OCT042145-45,0.0060,0.03,yes
2026-10-05T01:43:42.17393Z,KXBNB15M-26OCT042145-45,0.0060,30.97,yes
2026-10-05T01:43:42.17393Z,KXBNB15M-26OCT042145-45,0.0080,200.00,yes
2026-10-05T01:43:42.17393Z,KXBNB15M-26OCT042145-45,0.0100,0.03,yes
2026-10-05T01:43:42.17393Z,KXBNB15M-26OCT042145-45,0.0100,2.00,yes
2026-10-05T01:43:42.834891Z,KXBNB15M-26OCT042145-45,0.0130,2.00,yes
2026-10-05T01:43:42.834891Z,KXBNB15M-26OCT042145-45,0.0200,49.51,yes
2026-10-05T01:43:42.834891Z,KXBNB15M-26OCT042145-45,0.0120,2.00,yes
2026-10-05T01:43:42.834891Z,KXBNB15M-26OCT042145-45,0.0200,37.00,yes
2026-10-05T01:43:42.834891Z,KXBNB15M-26OCT042145-45,0.0100,270.29,yes
2026-10-05T01:43:42.834891Z,KXBNB15M-26OCT042145-45,0.0120,5.00,yes
2026-10-05T01:43:42.834891Z,KXBNB15M-26OCT042145-45,0.0120,4.00,yes
2026-10-05T01:43:42.834891Z,KXBNB15M-26OCT042145-45,0.0200,0.05,yes
2026-10-05T01:43:42.834891Z,KXBNB15M-26OCT042145-45,0.0180,0.04,yes
2026-10-05T01:43:42.834891Z,KXBNB15M-26OCT042145-45,0.0170,0.03,yes
2026-10-05T01:43:42.834891Z,KXBNB15M-26OCT042145-45,0.0190,0.04,yes
2026-10-05T01:43:42.834891Z,KXBNB15M-26OCT042145-45,0.0160,0.03,yes
2026-10-05T01:43:42.834891Z,KXBNB15M-26OCT042145-45,0.0110,0.03,yes
2026-10-05T01:43:42.834891Z,KXBNB15M-26OCT042145-45,0.0130,0.04,yes
2026-10-05T01:43:42.834891Z,KXBNB15M-26OCT042145-45,0.0150,0.05,yes
2026-10-05T01:43:42.834891Z,KXBNB15M-26OCT042145-45,0.0140,0.05,yes
2026-10-05T01:43:42.834891Z,KXBNB15M-26OCT042145-45,0.0120,0.04,yes
2026-10-05T01:43:42.964371Z,KXBNB15M-26OCT042145-45,0.0050,2.00,no
2026-10-05T01:43:42.964371Z,KXBNB15M-26OCT042145-45,0.0050,0.01,no
2026-10-05T01:43:43.676527Z,KXBNB15M-26OCT042145-45,0.0100,49.19,yes
2026-10-05T01:43:44.927713Z,KXBNB15M-26OCT042145-45,0.0200,5.44,yes
2026-10-05T01:43:44.927713Z,KXBNB15M-26OCT042145-45,0.0190,0.06,yes
2026-10-05T01:43:44.927713Z,KXBNB15M-26OCT042145-45,0.0170,0.04,yes
2026-10-05T01:43:44.927713Z,KXBNB15M-26OCT042145-45,0.0180,0.05,yes
2026-10-05T01:43:44.927713Z,KXBNB15M-26OCT042145-45,0.0160,0.04,yes
2026-10-05T01:43:44.927713Z,KXBNB15M-26OCT042145-45,0.0140,0.03,yes
2026-10-05T01:43:44.927713Z,KXBNB15M-26OCT042145-45,0.0150,0.03,yes
2026-10-05T01:43:44.927713Z,KXBNB15M-26OCT042145-45,0.0200,0.07,yes
2026-10-05T01:43:44.927713Z,KXBNB15M-26OCT042145-45,0.0140,2.00,yes
2026-10-05T01:43:44.927713Z,KXBNB15M-26OCT042145-45,0.0130,2.00,yes
2026-10-05T01:43:44.927713Z,KXBNB15M-26OCT042145-45,0.0200,37.00,yes
2026-10-05T01:43:45.643563Z,KXBNB15M-26OCT042145-45,0.0070,2.00,no
2026-10-05T01:43:45.643563Z,KXBNB15M-26OCT042145-45,0.0060,2.00,no
2026-10-05T01:43:46.673497Z,KXBNB15M-26OCT042145-45,0.0040,0.92,no
2026-10-05T01:43:46.673497Z,KXBNB15M-26OCT042145-45,0.0040,1.08,no
2026-10-05T01:43:46.970665Z,KXBNB15M-26OCT042145-45,0.0190,7.73,yes
2026-10-05T01:43:46.970665Z,KXBNB15M-26OCT042145-45,0.0100,63.00,yes
2026-10-05T01:43:46.970665Z,KXBNB15M-26OCT042145-45,0.0110,0.03,yes
2026-10-05T01:43:46.970665Z,KXBNB15M-26OCT042145-45,0.0120,0.04,yes
2026-10-05T01:43:46.970665Z,KXBNB15M-26OCT042145-45,0.0130,0.05,yes
2026-10-05T01:43:46.970665Z,KXBNB15M-26OCT042145-45,0.0100,0.03,yes
2026-10-05T01:43:46.970665Z,KXBNB15M-26OCT042145-45,0.0180,0.04,yes
2026-10-05T01:43:46.970665Z,KXBNB15M-26OCT042145-45,0.0170,0.03,yes
2026-10-05T01:43:46.970665Z,KXBNB15M-26OCT042145-45,0.0120,5.00,yes
2026-10-05T01:43:46.970665Z,KXBNB15M-26OCT042145-45,0.0160,0.03,yes
2026-10-05T01:43:46.970665Z,KXBNB15M-26OCT042145-45,0.0130,2.00,yes
2026-10-05T01:43:46.970665Z,KXBNB15M-26OCT042145-45,0.0140,2.00,yes
2026-10-05T01:43:47.595079Z,KXBNB15M-26OCT042145-45,0.0060,2.00,no
2026-10-05T01:43:47.595079Z,KXBNB15M-26OCT042145-45,0.0050,2.00,no
2026-10-05T01:43:47.595079Z,KXBNB15M-26OCT042145-45,0.0050,37.00,no
2026-10-05T01:43:58.371515Z,KXBNB15M-26OCT042145-45,0.0080,100.00,yes
2026-10-05T01:43:58.371515Z,KXBNB15M-26OCT042145-45,0.0080,9.87,yes
2026-10-05T01:43:58.371515Z,KXBNB15M-26OCT042145-45,0.0070,8.00,yes
2026-10-05T01:44:00.116813Z,KXBNB15M-26OCT042145-45,0.0040,4.00,no
2026-10-05T01:44:00.136423Z,KXBNB15M-26OCT042145-45,0.0030,1.75,no
2026-10-05T01:44:00.136423Z,KXBNB15M-26OCT042145-45,0.0030,0.25,no
2026-10-05T01:44:00.21831Z,KXBNB15M-26OCT042145-45,0.0020,200.00,no
2026-10-05T01:44:00.813899Z,KXBNB15M-26OCT042145-45,0.0020,1.00,no
2026-10-05T01:44:00.993185Z,KXBNB15M-26OCT042145-45,0.0020,1.00,no
2026-10-05T01:44:00.993185Z,KXBNB15M-26OCT042145-45,0.0020,20.00,no
2026-10-05T01:44:01.033884Z,KXBNB15M-26OCT042145-45,0.0010,17.00,no
2026-10-05T01:44:01.033884Z,KXBNB15M-26OCT042145-45,0.0010,40.00,no
2026-10-05T01:44:01.033884Z,KXBNB15M-26OCT042145-45,0.0010,2.00,no
2026-10-05T01:44:01.033884Z,KXBNB15M-26OCT042145-45,0.0010,60.00,no
2026-10-05T01:44:01.033884Z,KXBNB15M-26OCT042145-45,0.0010,1.00,no
2026-10-05T01:44:01.033884Z,KXBNB15M-26OCT042145-45,0.0010,75.00,no
2026-10-05T01:44:01.033884Z,KXBNB15M-26OCT042145-45,0.0010,1.00,no
2026-10-05T01:44:01.033884Z,KXBNB15M-26OCT042145-45,0.0010,100.00,no
2026-10-05T01:44:01.033884Z,KXBNB15M-26OCT042145-45,0.0010,1.00,no
2026-10-05T01:44:01.033884Z,KXBNB15M-26OCT042145-45,0.0010,20.00,no
2026-10-05T01:44:03.960157Z,KXBNB15M-26OCT042145-45,0.0050,181.28,yes
2026-10-05T01:44:03.960157Z,KXBNB15M-26OCT042145-45,0.0040,20.00,yes
2026-10-05T01:44:03.960157Z,KXBNB15M-26OCT042145-45,0.0040,74.00,yes
2026-10-05T01:44:10.023252Z,KXBNB15M-26OCT042145-45,0.0050,65.00,yes
2026-10-05T01:44:10.023252Z,KXBNB15M-26OCT042145-45,0.0080,97.00,yes
2026-10-05T01:44:10.023252Z,KXBNB15M-26OCT042145-45,0.0080,146.43,yes
2026-10-05T01:44:10.023252Z,KXBNB15M-26OCT042145-45,0.0050,18.72,yes
2026-10-05T01:44:10.023252Z,KXBNB15M-26OCT042145-45,0.0080,2.00,yes
2026-10-05T01:44:10.023252Z,KXBNB15M-26OCT042145-45,0.0060,100.00,yes
2026-10-05T01:44:10.023252Z,KXBNB15M-26OCT042145-45,0.0080,0.03,yes
2026-10-05T01:44:10.023252Z,KXBNB15M-26OCT042145-45,0.0070,0.03,yes
2026-10-05T01:44:10.023252Z,KXBNB15M-26OCT042145-45,0.0070,240.00,yes
2026-10-05T01:44:10.10065Z,KXBNB15M-26OCT042145-45,0.0010,2.00,no
2026-10-05T01:44:10.10065Z,KXBNB15M-26OCT042145-45,0.0010,100.00,no
2026-10-05T01:44:10.45079Z,KXBNB15M-26OCT042145-45,0.0020,157.00,no
2026-10-05T01:44:11.06371Z,KXBNB15M-26OCT042145-45,0.0020,35.00,no
2026-10-05T01:44:11.345053Z,KXBNB15M-26OCT042145-45,0.0020,8.00,no
2026-10-05T01:44:14.808916Z,KXBNB15M-26OCT042145-45,0.0070,130.90,yes
2026-10-05T01:44:20.218431Z,KXBNB15M-26OCT042145-45,0.0010,12.00,no
2026-10-05T01:44:20.929065Z,KXBNB15M-26OCT042145-45,0.0020,10.00,yes
2026-10-05T01:44:20.953305Z,KXBNB15M-26OCT042145-45,0.0010,4.00,no
2026-10-05T01:44:22.0309Z,KXBNB15M-26OCT042145-45,0.0030,40.00,yes
2026-10-05T01:44:22.0309Z,KXBNB15M-26OCT042145-45,0.0030,40.00,yes
2026-10-05T01:44:22.0309Z,KXBNB15M-26OCT042145-45,0.0050,65.00,yes
2026-10-05T01:44:22.0309Z,KXBNB15M-26OCT042145-45,0.0060,60.78,yes
2026-10-05T01:44:22.262313Z,KXBNB15M-26OCT042145-45,0.0020,175.00,no
2026-10-05T01:44:22.724459Z,KXBNB15M-26OCT042145-45,0.0020,0.68,no
2026-10-05T01:44:24.358378Z,KXBNB15M-26OCT042145-45,0.0010,100.00,no
2026-10-05T01:44:24.358378Z,KXBNB15M-26OCT042145-45,0.0010,40.00,no
2026-10-05T01:44:24.412458Z,KXBNB15M-26OCT042145-45,0.0010,118.88,yes
2026-10-05T01:44:26.788716Z,KXBNB15M-26OCT042145-45,0.0010,142.00,yes
2026-10-05T01:44:37.981785Z,KXBNB15M-26OCT042145-45,0.0010,270.00,yes
2026-10-05T01:44:38.278486Z,KXBNB15M-26OCT042145-45,0.0010,5.00,yes
2026-10-05T01:44:48.066733Z,KXBNB15M-26OCT042145-45,0.0010,54.68,yes
2026-10-05T01:44:48.066733Z,KXBNB15M-26OCT042145-45,0.0010,325.08,yes
2026-10-05T01:44:48.066733Z,KXBNB15M-26OCT042145-45,0.0010,531.23,yes
2026-10-05T01:44:48.066733Z,KXBNB15M-26OCT042145-45,0.0010,5.00,yes
2026-10-05T01:42:13.030553Z,KXBTC15M-26OCT042145-45,0.0230,82.49,no
2026-10-05T01:42:13.030553Z,KXBTC15M-26OCT042145-45,0.0230,1.00,no
2026-10-05T01:42:13.030553Z,KXBTC15M-26OCT042145-45,0.0230,100.00,no
2026-10-05T01:42:13.030553Z,KXBTC15M-26OCT042145-45,0.0230,200.00,no
2026-10-05T01:42:13.030553Z,KXBTC15M-26OCT042145-45,0.0230,127.49,no
2026-10-05T01:42:13.030553Z,KXBTC15M-26OCT042145-45,0.0230,0.01,no
2026-10-05T01:42:13.030553Z,KXBTC15M-26OCT042145-45,0.0230,0.01,no
2026-10-05T01:42:13.089587Z,KXBTC15M-26OCT042145-45,0.0230,0.01,no
2026-10-05T01:42:13.089587Z,KXBTC15M-26OCT042145-45,0.0230,0.01,no
2026-10-05T01:42:13.089587Z,KXBTC15M-26OCT042145-45,0.0230,49.98,no
2026-10-05T01:42:13.147706Z,KXBTC15M-26OCT042145-45,0.0240,0.01,yes
2026-10-05T01:42:13.147706Z,KXBTC15M-26OCT042145-45,0.0240,3.89,yes
2026-10-05T01:42:13.147706Z,KXBTC15M-26OCT042145-45,0.0240,12.00,yes
2026-10-05T01:42:13.147706Z,KXBTC15M-26OCT042145-45,0.0240,0.01,yes
2026-10-05T01:42:13.147706Z,KXBTC15M-26OCT042145-45,0.0240,61.09,yes
2026-10-05T01:42:13.147706Z,KXBTC15M-26OCT042145-45,0.0240,1.00,yes
2026-10-05T01:42:13.170017Z,KXBTC15M-26OCT042145-45,0.0220,424.00,no
2026-10-05T01:42:13.170017Z,KXBTC15M-26OCT042145-45,0.0220,134.07,no
2026-10-05T01:42:13.170017Z,KXBTC15M-26OCT042145-45,0.0230,400.00,no
2026-10-05T01:42:13.170017Z,KXBTC15M-26OCT042145-45,0.0230,100.00,no
2026-10-05T01:42:13.170017Z,KXBTC15M-26OCT042145-45,0.0230,0.01,no
2026-10-05T01:42:13.170017Z,KXBTC15M-26OCT042145-45,0.0230,73.51,no
2026-10-05T01:42:13.170017Z,KXBTC15M-26OCT042145-45,0.0230,0.01,no
2026-10-05T01:42:13.170017Z,KXBTC15M-26OCT042145-45,0.0230,1.00,no
2026-10-05T01:42:13.177573Z,KXBTC15M-26OCT042145-45,0.0230,100.00,no
2026-10-05T01:42:13.177573Z,KXBTC15M-26OCT042145-45,0.0220,0.01,no
2026-10-05T01:42:13.177573Z,KXBTC15M-26OCT042145-45,0.0220,0.01,no
2026-10-05T01:42:13.177573Z,KXBTC15M-26OCT042145-45,0.0200,15.00,no
2026-10-05T01:42:13.177573Z,KXBTC15M-26OCT042145-45,0.0190,15.00,no
2026-10-05T01:42:13.177573Z,KXBTC15M-26OCT042145-45,0.0190,15.00,no
2026-10-05T01:42:13.177573Z,KXBTC15M-26OCT042145-45,0.0190,15.00,no
2026-10-05T01:42:13.177573Z,KXBTC15M-26OCT042145-45,0.0200,49.02,no
2026-10-05T01:42:13.177573Z,KXBTC15M-26OCT042145-45,0.0200,6.00,no
2026-10-05T01:42:13.177573Z,KXBTC15M-26OCT042145-45,0.0210,15.00,no
2026-10-05T01:42:13.177573Z,KXBTC15M-26OCT042145-45,0.0200,15.00,no
2026-10-05T01:42:13.177573Z,KXBTC15M-26OCT042145-45,0.0190,10.00,no
2026-10-05T01:42:13.177573Z,KXBTC15M-26OCT042145-45,0.0200,183.00,no
2026-10-05T01:42:13.177573Z,KXBTC15M-26OCT042145-45,0.0190,10.32,no
2026-10-05T01:42:13.177573Z,KXBTC15M-26OCT042145-45,0.0180,5.13,no
2026-10-05T01:42:13.177573Z,KXBTC15M-26OCT042145-45,0.0190,56.00,no
2026-10-05T01:42:13.178399Z,KXBTC15M-26OCT042145-45,0.0240,68.11,yes
2026-10-05T01:42:13.178399Z,KXBTC15M-26OCT042145-45,0.0240,126.90,yes
2026-10-05T01:42:13.184637Z,KXBTC15M-26OCT042145-45,0.0240,78.00,yes
2026-10-05T01:42:13.201338Z,KXBTC15M-26OCT042145-45,0.0220,0.01,no
2026-10-05T01:42:13.201338Z,KXBTC15M-26OCT042145-45,0.0230,0.01,no
2026-10-05T01:42:13.201338Z,KXBTC15M-26OCT042145-45,0.0220,149.98,no
2026-10-05T01:42:13.233641Z,KXBTC15M-26OCT042145-45,0.0220,14.96,no
2026-10-05T01:42:13.233641Z,KXBTC15M-26OCT042145-45,0.0230,0.01,no
2026-10-05T01:42:13.233641Z,KXBTC15M-26OCT042145-45,0.0230,0.01,no
2026-10-05T01:42:13.233641Z,KXBTC15M-26OCT042145-45,0.0220,0.01,no
2026-10-05T01:42:13.233641Z,KXBTC15M-26OCT042145-45,0.0220,0.01,no
2026-10-05T01:42:13.279276Z,KXBTC15M-26OCT042145-45,0.0230,0.01,no
2026-10-05T01:42:13.279276Z,KXBTC15M-26OCT042145-45,0.0230,0.01,no
2026-10-05T01:42:13.279276Z,KXBTC15M-26OCT042145-45,0.0220,55.98,no
2026-10-05T01:42:13.341557Z,KXBTC15M-26OCT042145-45,0.0240,0.01,yes
2026-10-05T01:42:13.341557Z,KXBTC15M-26OCT042145-45,0.0240,15.00,yes
2026-10-05T01:42:13.341557Z,KXBTC15M-26OCT042145-45,0.0240,12.00,yes
2026-10-05T01:42:13.341557Z,KXBTC15M-26OCT042145-45,0.0240,0.01,yes
2026-10-05T01:42:13.341557Z,KXBTC15M-26OCT042145-45,0.0240,23.00,yes
2026-10-05T01:42:13.341557Z,KXBTC15M-26OCT042145-45,0.0240,29.00,yes
2026-10-05T01:42:13.341557Z,KXBTC15M-26OCT042145-45,0.0240,200.00,yes
2026-10-05T01:42:13.341557Z,KXBTC15M-26OCT042145-45,0.0240,1.00,yes
2026-10-05T01:42:13.341557Z,KXBTC15M-26OCT042145-45,0.0250,121.30,yes
2026-10-05T01:42:13.468497Z,KXBTC15M-26OCT042145-45,0.0240,0.01,yes
2026-10-05T01:42:13.468497Z,KXBTC15M-26OCT042145-45,0.0240,182.00,yes
2026-10-05T01:42:13.468497Z,KXBTC15M-26OCT042145-45,0.0240,0.01,yes
2026-10-05T01:42:13.468497Z,KXBTC15M-26OCT042145-45,0.0240,0.99,yes
2026-10-05T01:42:13.468497Z,KXBTC15M-26OCT042145-45,0.0240,12.00,yes
2026-10-05T01:42:13.517101Z,KXBTC15M-26OCT042145-45,0.0230,0.01,no
2026-10-05T01:42:13.517101Z,KXBTC15M-26OCT042145-45,0.0230,15.00,no
2026-10-05T01:42:13.517101Z,KXBTC15M-26OCT042145-45,0.0210,134.98,no
2026-10-05T01:42:13.517101Z,KXBTC15M-26OCT042145-45,0.0230,0.01,no
2026-10-05T01:42:13.542257Z,KXBTC15M-26OCT042145-45,0.0240,9.99,yes
2026-10-05T01:42:13.542257Z,KXBTC15M-26OCT042145-45,0.0240,14.01,yes
2026-10-05T01:42:13.542257Z,KXBTC15M-26OCT042145-45,0.0240,15.00,yes
2026-10-05T01:42:13.568762Z,KXBTC15M-26OCT042145-45,0.0240,19.50,yes
2026-10-05T01:42:13.574544Z,KXBTC15M-26OCT042145-45,0.0230,0.50,no
2026-10-05T01:42:13.574544Z,KXBTC15M-26OCT042145-45,0.0230,0.01,no
2026-10-05T01:42:13.574544Z,KXBTC15M-26OCT042145-45,0.0230,0.01,no
2026-10-05T01:42:13.587487Z,KXBTC15M-26OCT042145-45,0.0210,101.34,no
2026-10-05T01:42:13.587487Z,KXBTC15M-26OCT042145-45,0.0230,15.00,no
2026-10-05T01:42:13.587487Z,KXBTC15M-26OCT042145-45,0.0230,0.01,no
2026-10-05T01:42:13.587487Z,KXBTC15M-26OCT042145-45,0.0230,14.50,no
2026-10-05T01:42:13.587487Z,KXBTC15M-26OCT042145-45,0.0210,39.02,no
2026-10-05T01:42:13.587487Z,KXBTC15M-26OCT042145-45,0.0210,0.01,no
2026-10-05T01:42:13.587487Z,KXBTC15M-26OCT042145-45,0.0230,0.01,no
2026-10-05T01:42:13.610712Z,KXBTC15M-26OCT042145-45,0.0240,70.10,yes
2026-10-05T01:42:13.655656Z,KXBTC15M-26OCT042145-45,0.0240,1.04,yes
2026-10-05T01:42:13.690896Z,KXBTC15M-26OCT042145-45,0.0240,27.00,yes
2026-10-05T01:42:13.770164Z,KXBTC15M-26OCT042145-45,0.0200,1.92,no
2026-10-05T01:42:13.770164Z,KXBTC15M-26OCT042145-45,0.0230,0.01,no
2026-10-05T01:42:13.770164Z,KXBTC15M-26OCT042145-45,0.0230,0.01,no
2026-10-05T01:42:13.770164Z,KXBTC15M-26OCT042145-45,0.0200,1.02,no
2026-10-05T01:42:13.770164Z,KXBTC15M-26OCT042145-45,0.0200,1.04,no
2026-10-05T01:42:13.802047Z,KXBTC15M-26OCT042145-45,0.0210,0.01,no
2026-10-05T01:42:13.802047Z,KXBTC15M-26OCT042145-45,0.0210,100.00,no
2026-10-05T01:42:13.802047Z,KXBTC15M-26OCT042145-45,0.0210,0.01,no
2026-10-05T01:42:13.802047Z,KXBTC15M-26OCT042145-45,0.0210,65.20,no
2026-10-05T01:42:13.802047Z,KXBTC15M-26OCT042145-45,0.0210,636.00,no
2026-10-05T01:42:13.802047Z,KXBTC15M-26OCT042145-45,0.0210,200.00,no
2026-10-05T01:42:13.802047Z,KXBTC15M-26OCT042145-45,0.0210,500.00,no
2026-10-05T01:42:13.820794Z,KXBTC15M-26OCT042145-45,0.0210,0.98,no
2026-10-05T01:42:13.820794Z,KXBTC15M-26OCT042145-45,0.0210,0.01,no
2026-10-05T01:42:13.844418Z,KXBTC15M-26OCT042145-45,0.0240,114.36,yes
2026-10-05T01:42:13.844418Z,KXBTC15M-26OCT042145-45,0.0240,80.65,yes
2026-10-05T01:42:13.868551Z,KXBTC15M-26OCT042145-45,0.0240,52.03,yes
2026-10-05T01:42:13.878136Z,KXBTC15M-26OCT042145-45,0.0240,1.00,yes
2026-10-05T01:42:13.878136Z,KXBTC15M-26OCT042145-45,0.0240,12.00,yes
2026-10-05T01:42:13.878136Z,KXBTC15M-26OCT042145-45,0.0240,0.01,yes
2026-10-05T01:42:13.878136Z,KXBTC15M-26OCT042145-45,0.0240,75.00,yes
2026-10-05T01:42:13.878136Z,KXBTC15M-26OCT042145-45,0.0240,40.00,yes
2026-10-05T01:42:13.878136Z,KXBTC15M-26OCT042145-45,0.0240,67.32,yes
2026-10-05T01:42:13.878136Z,KXBTC15M-26OCT042145-45,0.0240,15.00,yes
2026-10-05T01:42:13.878136Z,KXBTC15M-26OCT042145-45,0.0240,0.01,yes
2026-10-05T01:42:13.878136Z,KXBTC15M-26OCT042145-45,0.0250,159.10,yes
2026-10-05T01:42:13.932322Z,KXBTC15M-26OCT042145-45,0.0240,15.00,yes
2026-10-05T01:42:13.932322Z,KXBTC15M-26OCT042145-45,0.0240,0.01,yes
2026-10-05T01:42:13.932322Z,KXBTC15M-26OCT042145-45,0.0240,12.00,yes
2026-10-05T01:42:13.932322Z,KXBTC15M-26OCT042145-45,0.0240,0.01,yes
2026-10-05T01:42:13.932322Z,KXBTC15M-26OCT042145-45,0.0250,0.01,yes
2026-10-05T01:42:13.932322Z,KXBTC15M-26OCT042145-45,0.0250,8.97,yes
2026-10-05T01:42:13.932322Z,KXBTC15M-26OCT042145-45,0.0250,2.00,yes
2026-10-05T01:42:13.934325Z,KXBTC15M-26OCT042145-45,0.0200,86.47,no
2026-10-05T01:42:13.934325Z,KXBTC15M-26OCT042145-45,0.0230,0.01,no
2026-10-05T01:42:13.934325Z,KXBTC15M-26OCT042145-45,0.0210,200.00,no
2026-10-05T01:42:13.934325Z,KXBTC15M-26OCT042145-45,0.0230,0.01,no
2026-10-05T01:42:13.934325Z,KXBTC15M-26OCT042145-45,0.0230,159.00,no
2026-10-05T01:42:13.934325Z,KXBTC15M-26OCT042145-45,0.0210,0.01,no
2026-10-05T01:42:13.934325Z,KXBTC15M-26OCT042145-45,0.0230,15.00,no
2026-10-05T01:42:13.934325Z,KXBTC15M-26OCT042145-45,0.0220,318.00,no
2026-10-05T01:42:13.934325Z,KXBTC15M-26OCT042145-45,0.0200,48.08,no
2026-10-05T01:42:13.934325Z,KXBTC15M-26OCT042145-45,0.0200,183.00,no
2026-10-05T01:42:13.934325Z,KXBTC15M-26OCT042145-45,0.0210,0.01,no
2026-10-05T01:42:13.934325Z,KXBTC15M-26OCT042145-45,0.0200,200.00,no
2026-10-05T01:42:13.934325Z,KXBTC15M-26OCT042145-45,0.0210,11.00,no
2026-10-05T01:42:13.981289Z,KXBTC15M-26OCT042145-45,0.0230,0.01,no
2026-10-05T01:42:13.981289Z,KXBTC15M-26OCT042145-45,0.0210,11.00,no
2026-10-05T01:42:13.981289Z,KXBTC15M-26OCT042145-45,0.0190,8.97,no
2026-10-05T01:42:13.981289Z,KXBTC15M-26OCT042145-45,0.0200,1.02,no
2026-10-05T01:42:13.981289Z,KXBTC15M-26OCT042145-45,0.0190,56.00,no
2026-10-05T01:42:13.981289Z,KXBTC15M-26OCT042145-45,0.0160,10.00,no
2026-10-05T01:42:13.981289Z,KXBTC15M-26OCT042145-45,0.0230,15.00,no
2026-10-05T01:42:13.981289Z,KXBTC15M-26OCT042145-45,0.0230,15.00,no
2026-10-05T01:42:13.981289Z,KXBTC15M-26OCT042145-45,0.0200,50.00,no
2026-10-05T01:42:13.981289Z,KXBTC15M-26OCT042145-45,0.0200,500.00,no
2026-10-05T01:42:13.981289Z,KXBTC15M-26OCT042145-45,0.0200,64.00,no
2026-10-05T01:42:13.981289Z,KXBTC15M-26OCT042145-45,0.0220,0.01,no
2026-10-05T01:42:13.981289Z,KXBTC15M-26OCT042145-45,0.0200,1413.53,no
2026-10-05T01:42:13.981289Z,KXBTC15M-26OCT042145-45,0.0170,2.00,no
2026-10-05T01:42:13.981289Z,KXBTC15M-26OCT042145-45,0.0220,159.00,no
2026-10-05T01:42:13.981289Z,KXBTC15M-26OCT042145-45,0.0150,20.75,no
2026-10-05T01:42:13.981289Z,KXBTC15M-26OCT042145-45,0.0150,0.13,no
2026-10-05T01:42:13.981289Z,KXBTC15M-26OCT042145-45,0.0160,2.00,no
2026-10-05T01:42:13.981289Z,KXBTC15M-26OCT042145-45,0.0170,2.00,no
2026-10-05T01:42:13.981289Z,KXBTC15M-26OCT042145-45,0.0150,64.00,no
2026-10-05T01:42:13.981289Z,KXBTC15M-26OCT042145-45,0.0150,64.00,no
2026-10-05T01:42:13.981289Z,KXBTC15M-26OCT042145-45,0.0180,17.00,no
2026-10-05T01:42:13.981289Z,KXBTC15M-26OCT042145-45,0.0160,2.00,no
2026-10-05T01:42:13.981289Z,KXBTC15M-26OCT042145-45,0.0150,2.00,no
2026-10-05T01:42:13.981289Z,KXBTC15M-26OCT042145-45,0.0180,9.87,no
2026-10-05T01:42:13.981289Z,KXBTC15M-26OCT042145-45,0.0150,2.00,no
2026-10-05T01:42:13.981289Z,KXBTC15M-26OCT042145-45,0.0150,500.00,no
2026-10-05T01:42:13.981289Z,KXBTC15M-26OCT042145-45,0.0170,500.00,no
2026-10-05T01:42:13.981289Z,KXBTC15M-26OCT042145-45,0.0160,17.00,no
2026-10-05T01:42:13.981289Z,KXBTC15M-26OCT042145-45,0.0180,99.00,no
2026-10-05T01:42:13.981289Z,KXBTC15M-26OCT042145-45,0.0160,353.23,no
2026-10-05T01:42:13.981289Z,KXBTC15M-26OCT042145-45,0.0160,10.00,no
2026-10-05T01:42:13.981289Z,KXBTC15M-26OCT042145-45,0.0160,100.00,no
2026-10-05T01:42:14.000955Z,KXBTC15M-26OCT042145-45,0.0220,39.00,yes
2026-10-05T01:42:14.02748Z,KXBTC15M-26OCT042145-45,0.0220,195.01,yes
2026-10-05T01:42:14.046593Z,KXBTC15M-26OCT042145-45,0.0210,0.01,no
2026-10-05T01:42:14.046593Z,KXBTC15M-26OCT042145-45,0.0210,7.99,no
2026-10-05T01:42:14.046593Z,KXBTC15M-26OCT042145-45,0.0210,100.00,no
2026-10-05T01:42:14.051404Z,KXBTC15M-26OCT042145-45,0.0210,13.00,no
2026-10-05T01:42:14.123399Z,KXBTC15M-26OCT042145-45,0.0200,17.69,no
2026-10-05T01:42:14.200369Z,KXBTC15M-26OCT042145-45,0.0210,15.00,yes
2026-10-05T01:42:14.200369Z,KXBTC15M-26OCT042145-45,0.0210,2.00,yes
2026-10-05T01:42:14.200369Z,KXBTC15M-26OCT042145-45,0.0210,2.00,yes
2026-10-05T01:42:14.200369Z,KXBTC15M-26OCT042145-45,0.0210,0.01,yes
2026-10-05T01:42:14.200369Z,KXBTC15M-26OCT042145-45,0.0210,19.98,yes
2026-10-05T01:42:14.200369Z,KXBTC15M-26OCT042145-45,0.0210,0.01,yes
2026-10-05T01:42:14.316587Z,KXBTC15M-26OCT042145-45,0.0200,3.03,no
2026-10-05T01:42:14.392844Z,KXBTC15M-26OCT042145-45,0.0200,100.00,no
2026-10-05T01:42:14.392844Z,KXBTC15M-26OCT042145-45,0.0200,74.51,no
2026-10-05T01:42:14.392844Z,KXBTC15M-26OCT042145-45,0.0200,29.28,no
2026-10-05T01:42:14.47886Z,KXBTC15M-26OCT042145-45,0.0200,301.29,no
2026-10-05T01:42:14.47886Z,KXBTC15M-26OCT042145-45,0.0200,50.00,no
2026-10-05T01:42:14.47886Z,KXBTC15M-26OCT042145-45,0.0200,0.01,no
2026-10-05T01:42:14.47886Z,KXBTC15M-26OCT042145-45,0.0200,325.49,no
2026-10-05T01:42:14.47886Z,KXBTC15M-26OCT042145-45,0.0200,100.00,no
2026-10-05T01:42:14.47886Z,KXBTC15M-26OCT042145-45,0.0200,200.00,no
2026-10-05T01:42:14.47886Z,KXBTC15M-26OCT042145-45,0.0200,15.00,no
2026-10-05T01:42:14.47886Z,KXBTC15M-26OCT042145-45,0.0200,0.01,no
2026-10-05T01:42:14.591678Z,KXBTC15M-26OCT042145-45,0.0210,1.00,yes
2026-10-05T01:42:14.591678Z,KXBTC15M-26OCT042145-45,0.0240,2.00,yes
2026-10-05T01:42:14.591678Z,KXBTC15M-26OCT042145-45,0.0210,1000.00,yes
2026-10-05T01:42:14.591678Z,KXBTC15M-26OCT042145-45,0.0210,500.02,yes
2026-10-05T01:42:14.591678Z,KXBTC15M-26OCT042145-45,0.0240,2.00,yes
2026-10-05T01:42:14.591678Z,KXBTC15M-26OCT042145-45,0.0210,200.00,yes
2026-10-05T01:42:14.591678Z,KXBTC15M-26OCT042145-45,0.0240,15.00,yes
2026-10-05T01:42:14.591678Z,KXBTC15M-26OCT042145-45,0.0210,155.00,yes
2026-10-05T01:42:14.591678Z,KXBTC15M-26OCT042145-45,0.0200,0.01,yes
2026-10-05T01:42:14.591678Z,KXBTC15M-26OCT042145-45,0.0200,0.01,yes
2026-10-05T01:42:14.591678Z,KXBTC15M-26OCT042145-45,0.0200,200.00,yes
2026-10-05T01:42:14.591678Z,KXBTC15M-26OCT042145-45,0.0230,404.37,yes
2026-10-05T01:42:14.591678Z,KXBTC15M-26OCT042145-45,0.0230,0.01,yes
2026-10-05T01:42:14.591678Z,KXBTC15M-26OCT042145-45,0.0200,50.00,yes
2026-10-05T01:42:14.591678Z,KXBTC15M-26OCT042145-45,0.0240,15.00,yes
2026-10-05T01:42:14.591678Z,KXBTC15M-26OCT042145-45,0.0230,2.00,yes
2026-10-05T01:42:14.591678Z,KXBTC15M-26OCT042145-45,0.0220,2.00,yes
2026-10-05T01:42:14.591678Z,KXBTC15M-26OCT042145-45,0.0220,265.99,yes
2026-10-05T01:42:14.591678Z,KXBTC15M-26OCT042145-45,0.0230,27.00,yes
2026-10-05T01:42:14.591678Z,KXBTC15M-26OCT042145-45,0.0230,2.00,yes
2026-10-05T01:42:14.591678Z,KXBTC15M-26OCT042145-45,0.0210,1.00,yes
2026-10-05T01:42:14.591678Z,KXBTC15M-26OCT042145-45,0.0240,500.00,yes
2026-10-05T01:42:14.591678Z,KXBTC15M-26OCT042145-45,0.0200,8.20,yes
2026-10-05T01:42:14.591678Z,KXBTC15M-26OCT042145-45,0.0200,172.22,yes
2026-10-05T01:42:14.607474Z,KXBTC15M-26OCT042145-45,0.0200,14.00,yes
2026-10-05T01:42:14.607474Z,KXBTC15M-26OCT042145-45,0.0200,1.00,yes
2026-10-05T01:42:14.696493Z,KXBTC15M-26OCT042145-45,0.0200,89.13,yes
2026-10-05T01:42:14.802287Z,KXBTC15M-26OCT042145-45,0.0190,100.00,no
2026-10-05T01:42:14.802287Z,KXBTC15M-26OCT042145-45,0.0190,199.56,no
2026-10-05T01:42:14.802287Z,KXBTC15M-26OCT042145-45,0.0190,0.01,no
2026-10-05T01:42:14.834908Z,KXBTC15M-26OCT042145-45,0.0190,15.00,no
2026-10-05T01:42:14.834908Z,KXBTC15M-26OCT042145-45,0.0190,325.45,no
2026-10-05T01:42:14.834908Z,KXBTC15M-26OCT042145-45,0.0190,200.44,no
2026-10-05T01:42:14.834908Z,KXBTC15M-26OCT042145-45,0.0190,1.00,no
2026-10-05T01:42:14.834908Z,KXBTC15M-26OCT042145-45,0.0190,0.01,no
2026-10-05T01:42:14.900828Z,KXBTC15M-26OCT042145-45,0.0200,6.00,yes
2026-10-05T01:42:14.933209Z,KXBTC15M-26OCT042145-45,0.0200,50.00,yes
2026-10-05T01:42:14.933209Z,KXBTC15M-26OCT042145-45,0.0250,64.00,yes
2026-10-05T01:42:14.933209Z,KXBTC15M-26OCT042145-45,0.0200,15.00,yes
2026-10-05T01:42:14.933209Z,KXBTC15M-26OCT042145-45,0.0250,93.75,yes
2026-10-05T01:42:14.933209Z,KXBTC15M-26OCT042145-45,0.0250,93.75,yes
2026-10-05T01:42:14.933209Z,KXBTC15M-26OCT042145-45,0.0240,41.00,yes
2026-10-05T01:42:14.933209Z,KXBTC15M-26OCT042145-45,0.0200,1390.87,yes
2026-10-05T01:42:14.933209Z,KXBTC15M-26OCT042145-45,0.0200,200.00,yes
2026-10-05T01:42:14.933209Z,KXBTC15M-26OCT042145-45,0.0230,1.00,yes
2026-10-05T01:42:14.933209Z,KXBTC15M-26OCT042145-45,0.0220,15.00,yes
2026-10-05T01:42:14.933209Z,KXBTC15M-26OCT042145-45,0.0200,15.00,yes
2026-10-05T01:42:14.933209Z,KXBTC15M-26OCT042145-45,0.0250,0.01,yes
2026-10-05T01:42:14.933209Z,KXBTC15M-26OCT042145-45,0.0220,500.00,yes
2026-10-05T01:42:14.933209Z,KXBTC15M-26OCT042145-45,0.0200,0.01,yes
2026-10-05T01:42:14.933209Z,KXBTC15M-26OCT042145-45,0.0240,500.00,yes
2026-10-05T01:42:14.933209Z,KXBTC15M-26OCT042145-45,0.0250,15.00,yes
2026-10-05T01:42:14.933209Z,KXBTC15M-26OCT042145-45,0.0200,208.51,yes
2026-10-05T01:42:14.933209Z,KXBTC15M-26OCT042145-45,0.0240,1.00,yes
2026-10-05T01:42:14.933209Z,KXBTC15M-26OCT042145-45,0.0210,200.00,yes
2026-10-05T01:42:14.933209Z,KXBTC15M-26OCT042145-45,0.0250,15.00,yes
2026-10-05T01:42:14.933209Z,KXBTC15M-26OCT042145-45,0.0250,15.00,yes
2026-10-05T01:42:14.933209Z,KXBTC15M-26OCT042145-45,0.0230,12.00,yes
2026-10-05T01:42:14.933209Z,KXBTC15M-26OCT042145-45,0.0200,1.00,yes
2026-10-05T01:42:14.933209Z,KXBTC15M-26OCT042145-45,0.0220,1.00,yes
2026-10-05T01:42:14.933209Z,KXBTC15M-26OCT042145-45,0.0200,140.00,yes
2026-10-05T01:42:14.933209Z,KXBTC15M-26OCT042145-45,0.0250,64.00,yes
2026-10-05T01:42:14.933209Z,KXBTC15M-26OCT042145-45,0.0230,150.00,yes
2026-10-05T01:42:14.933209Z,KXBTC15M-26OCT042145-45,0.0210,1000.00,yes
2026-10-05T01:42:14.933209Z,KXBTC15M-26OCT042145-45,0.0200,0.01,yes
2026-10-05T01:42:14.933209Z,KXBTC15M-26OCT042145-45,0.0200,15.00,yes
2026-10-05T01:42:14.933209Z,KXBTC15M-26OCT042145-45,0.0200,1.00,yes
2026-10-05T01:42:14.933209Z,KXBTC15M-26OCT042145-45,0.0200,500.00,yes
2026-10-05T01:42:14.933209Z,KXBTC15M-26OCT042145-45,0.0240,1.00,yes
2026-10-05T01:42:14.933209Z,KXBTC15M-26OCT042145-45,0.0260,384.00,yes
2026-10-05T01:42:14.933209Z,KXBTC15M-26OCT042145-45,0.0260,384.00,yes
2026-10-05T01:42:14.933209Z,KXBTC15M-26OCT042145-45,0.0260,384.00,yes
2026-10-05T01:42:14.933209Z,KXBTC15M-26OCT042145-45,0.0260,384.00,yes
2026-10-05T01:42:14.933209Z,KXBTC15M-26OCT042145-45,0.0260,8.09,yes
2026-10-05T01:42:14.933209Z,KXBTC15M-26OCT042145-45,0.0260,256.00,yes
2026-10-05T01:42:14.933209Z,KXBTC15M-26OCT042145-45,0.0260,384.00,yes
2026-10-05T01:42:14.939969Z,KXBTC15M-26OCT042145-45,0.0200,28.50,no
2026-10-05T01:42:14.953105Z,KXBTC15M-26OCT042145-45,0.0210,0.01,yes
2026-10-05T01:42:14.953105Z,KXBTC15M-26OCT042145-45,0.0210,1.00,yes
2026-10-05T01:42:14.953105Z,KXBTC15M-26OCT042145-45,0.0210,0.01,yes
2026-10-05T01:42:14.975881Z,KXBTC15M-26OCT042145-45,0.0210,32.57,no
2026-10-05T01:42:15.026767Z,KXBTC15M-26OCT042145-45,0.0230,1.00,yes
2026-10-05T01:42:15.026767Z,KXBTC15M-26OCT042145-45,0.0230,100.00,yes
2026-10-05T01:42:15.026767Z,KXBTC15M-26OCT042145-45,0.0230,0.01,yes
2026-10-05T01:42:15.026767Z,KXBTC15M-26OCT042145-45,0.0230,0.01,yes
2026-10-05T01:42:15.026767Z,KXBTC15M-26OCT042145-45,0.0230,15.00,yes
2026-10-05T01:42:15.026767Z,KXBTC15M-26OCT042145-45,0.0230,112.54,yes
2026-10-05T01:42:15.092211Z,KXBTC15M-26OCT042145-45,0.0210,1000.00,no
2026-10-05T01:42:15.092211Z,KXBTC15M-26OCT042145-45,0.0210,19.36,no
2026-10-05T01:42:15.108296Z,KXBTC15M-26OCT042145-45,0.0210,12.00,no
2026-10-05T01:42:15.123669Z,KXBTC15M-26OCT042145-45,0.0210,89.58,no
2026-10-05T01:42:15.167551Z,KXBTC15M-26OCT042145-45,0.0220,0.01,yes
2026-10-05T01:42:15.167551Z,KXBTC15M-26OCT042145-45,0.0230,0.01,yes
2026-10-05T01:42:15.167551Z,KXBTC15M-26OCT042145-45,0.0230,0.01,yes
2026-10-05T01:42:15.167551Z,KXBTC15M-26OCT042145-45,0.0220,0.01,yes
2026-10-05T01:42:15.167551Z,KXBTC15M-26OCT042145-45,0.0230,0.03,yes
2026-10-05T01:42:15.167551Z,KXBTC15M-26OCT042145-45,0.0220,1.00,yes
2026-10-05T01:42:15.228511Z,KXBTC15M-26OCT042145-45,0.0230,1.00,yes
2026-10-05T01:42:15.228511Z,KXBTC15M-26OCT042145-45,0.0230,0.01,yes
2026-10-05T01:42:15.228511Z,KXBTC15M-26OCT042145-45,0.0230,1.00,yes
2026-10-05T01:42:15.228511Z,KXBTC15M-26OCT042145-45,0.0230,76.90,yes
2026-10-05T01:42:15.228511Z,KXBTC15M-26OCT042145-45,0.0230,22.97,yes
2026-10-05T01:42:15.228511Z,KXBTC15M-26OCT042145-45,0.0230,0.01,yes
2026-10-05T01:42:15.265826Z,KXBTC15M-26OCT042145-45,0.0250,8.00,yes
2026-10-05T01:42:15.265826Z,KXBTC15M-26OCT042145-45,0.0270,646.05,yes
2026-10-05T01:42:15.265826Z,KXBTC15M-26OCT042145-45,0.0260,0.01,yes
2026-10-05T01:42:15.265826Z,KXBTC15M-26OCT042145-45,0.0260,384.00,yes
2026-10-05T01:42:15.265826Z,KXBTC15M-26OCT042145-45,0.0260,375.91,yes
2026-10-05T01:42:15.265826Z,KXBTC15M-26OCT042145-45,0.0270,0.01,yes
2026-10-05T01:42:15.265826Z,KXBTC15M-26OCT042145-45,0.0260,256.00,yes
2026-10-05T01:42:15.265826Z,KXBTC15M-26OCT042145-45,0.0260,256.00,yes
2026-10-05T01:42:15.265826Z,KXBTC15M-26OCT042145-45,0.0260,384.00,yes
2026-10-05T01:42:15.265826Z,KXBTC15M-26OCT042145-45,0.0260,384.00,yes
2026-10-05T01:42:15.265826Z,KXBTC15M-26OCT042145-45,0.0240,1000.00,yes
2026-10-05T01:42:15.265826Z,KXBTC15M-26OCT042145-45,0.0240,1.00,yes
2026-10-05T01:42:15.265826Z,KXBTC15M-26OCT042145-45,0.0240,200.00,yes
2026-10-05T01:42:15.265826Z,KXBTC15M-26OCT042145-45,0.0230,0.01,yes
2026-10-05T01:42:15.265826Z,KXBTC15M-26OCT042145-45,0.0230,100.00,yes
2026-10-05T01:42:15.265826Z,KXBTC15M-26OCT042145-45,0.0230,0.01,yes
2026-10-05T01:42:15.265826Z,KXBTC15M-26OCT042145-45,0.0230,1.00,yes
2026-10-05T01:42:15.265826Z,KXBTC15M-26OCT042145-45,0.0240,196.00,yes
2026-10-05T01:42:15.265826Z,KXBTC15M-26OCT042145-45,0.0260,2.00,yes
2026-10-05T01:42:15.265826Z,KXBTC15M-26OCT042145-45,0.0240,44.00,yes
2026-10-05T01:42:15.265826Z,KXBTC15M-26OCT042145-45,0.0250,12.00,yes
2026-10-05T01:42:15.265826Z,KXBTC15M-26OCT042145-45,0.0250,15.00,yes
2026-10-05T01:42:15.470367Z,KXBTC15M-26OCT042145-45,0.0260,5.16,yes
2026-10-05T01:42:15.470367Z,KXBTC15M-26OCT042145-45,0.0260,0.01,yes
2026-10-05T01:42:15.490693Z,KXBTC15M-26OCT042145-45,0.0250,283.44,no
2026-10-05T01:42:15.511296Z,KXBTC15M-26OCT042145-45,0.0340,10.00,yes
2026-10-05T01:42:15.511296Z,KXBTC15M-26OCT042145-45,0.0270,353.95,yes
2026-10-05T01:42:15.511296Z,KXBTC15M-26OCT042145-45,0.0280,66.00,yes
2026-10-05T01:42:15.511296Z,KXBTC15M-26OCT042145-45,0.0330,0.01,yes
2026-10-05T01:42:15.511296Z,KXBTC15M-26OCT042145-45,0.0320,0.01,yes
2026-10-05T01:42:15.511296Z,KXBTC15M-26OCT042145-45,0.0310,0.01,yes
2026-10-05T01:42:15.511296Z,KXBTC15M-26OCT042145-45,0.0340,0.01,yes
2026-10-05T01:42:15.511296Z,KXBTC15M-26OCT042145-45,0.0290,0.01,yes
2026-10-05T01:42:15.511296Z,KXBTC15M-26OCT042145-45,0.0300,0.01,yes
2026-10-05T01:42:15.511296Z,KXBTC15M-26OCT042145-45,0.0280,0.01,yes
2026-10-05T01:42:15.511296Z,KXBTC15M-26OCT042145-45,0.0340,10.00,yes
2026-10-05T01:42:15.511296Z,KXBTC15M-26OCT042145-45,0.0300,15.00,yes
2026-10-05T01:42:15.511296Z,KXBTC15M-26OCT042145-45,0.0350,33.89,yes
2026-10-05T01:42:15.511296Z,KXBTC15M-26OCT042145-45,0.0270,460.00,yes
2026-10-05T01:42:15.511296Z,KXBTC15M-26OCT042145-45,0.0300,15.00,yes
2026-10-05T01:42:15.511296Z,KXBTC15M-26OCT042145-45,0.0290,2.00,yes
2026-10-05T01:42:15.511296Z,KXBTC15M-26OCT042145-45,0.0300,64.00,yes
2026-10-05T01:42:15.511296Z,KXBTC15M-26OCT042145-45,0.0280,1.00,yes
2026-10-05T01:42:15.511296Z,KXBTC15M-26OCT042145-45,0.0340,1.00,yes
2026-10-05T01:42:15.511296Z,KXBTC15M-26OCT042145-45,0.0300,93.75,yes
2026-10-05T01:42:15.511296Z,KXBTC15M-26OCT042145-45,0.0260,100.00,yes
2026-10-05T01:42:15.511296Z,KXBTC15M-26OCT042145-45,0.0260,75.00,yes
2026-10-05T01:42:15.511296Z,KXBTC15M-26OCT042145-45,0.0300,1.00,yes
2026-10-05T01:42:15.511296Z,KXBTC15M-26OCT042145-45,0.0300,64.00,yes
2026-10-05T01:42:15.511296Z,KXBTC15M-26OCT042145-45,0.0270,232.00,yes
2026-10-05T01:42:15.511296Z,KXBTC15M-26OCT042145-45,0.0260,1.00,yes
2026-10-05T01:42:15.511296Z,KXBTC15M-26OCT042145-45,0.0260,0.01,yes
2026-10-05T01:42:15.511296Z,KXBTC15M-26OCT042145-45,0.0290,1.00,yes
2026-10-05T01:42:15.511296Z,KXBTC15M-26OCT042145-45,0.0290,24.00,yes
2026-10-05T01:42:15.511296Z,KXBTC15M-26OCT042145-45,0.0300,93.75,yes
2026-10-05T01:42:15.511296Z,KXBTC15M-26OCT042145-45,0.0310,1.00,yes
2026-10-05T01:42:15.511296Z,KXBTC15M-26OCT042145-45,0.0260,400.00,yes
2026-10-05T01:42:15.511296Z,KXBTC15M-26OCT042145-45,0.0270,1.00,yes
2026-10-05T01:42:15.511296Z,KXBTC15M-26OCT042145-45,0.0260,0.01,yes
2026-10-05T01:42:15.511296Z,KXBTC15M-26OCT042145-45,0.0280,2.00,yes
2026-10-05T01:42:15.511296Z,KXBTC15M-26OCT042145-45,0.0290,2.00,yes
2026-10-05T01:42:15.511296Z,KXBTC15M-26OCT042145-45,0.0330,1.00,yes
2026-10-05T01:42:15.511296Z,KXBTC15M-26OCT042145-45,0.0280,2.00,yes
2026-10-05T01:42:15.511296Z,KXBTC15M-26OCT042145-45,0.0270,2.00,yes
2026-10-05T01:42:15.511296Z,KXBTC15M-26OCT042145-45,0.0310,173.57,yes
2026-10-05T01:42:15.511296Z,KXBTC15M-26OCT042145-45,0.0270,2.00,yes
2026-10-05T01:42:15.511296Z,KXBTC15M-26OCT042145-45,0.0270,15.00,yes
2026-10-05T01:42:15.511296Z,KXBTC15M-26OCT042145-45,0.0320,1.00,yes
2026-10-05T01:42:15.511296Z,KXBTC15M-26OCT042145-45,0.0300,50.00,yes
2026-10-05T01:42:15.511296Z,KXBTC15M-26OCT042145-45,0.0330,10.00,yes
2026-10-05T01:42:15.533029Z,KXBTC15M-26OCT042145-45,0.0300,15.00,yes
2026-10-05T01:42:15.533029Z,KXBTC15M-26OCT042145-45,0.0300,93.75,yes
2026-10-05T01:42:15.533029Z,KXBTC15M-26OCT042145-45,0.0300,93.75,yes
2026-10-05T01:42:15.565198Z,KXBTC15M-26OCT042145-45,0.0300,36.83,no
2026-10-05T01:42:15.565198Z,KXBTC15M-26OCT042145-45,0.0300,50.00,no
2026-10-05T01:42:15.565198Z,KXBTC15M-26OCT042145-45,0.0300,0.01,no
2026-10-05T01:42:15.608456Z,KXBTC15M-26OCT042145-45,0.0300,200.00,no
2026-10-05T01:42:15.608456Z,KXBTC15M-26OCT042145-45,0.0290,259.97,no
2026-10-05T01:42:15.608456Z,KXBTC15M-26OCT042145-45,0.0300,50.00,no
2026-10-05T01:42:15.710271Z,KXBTC15M-26OCT042145-45,0.0280,1.00,no
2026-10-05T01:42:15.710271Z,KXBTC15M-26OCT042145-45,0.0290,0.01,no
2026-10-05T01:42:15.710271Z,KXBTC15M-26OCT042145-45,0.0260,1.02,no
2026-10-05T01:42:15.710271Z,KXBTC15M-26OCT042145-45,0.0290,0.01,no
2026-10-05T01:42:15.759263Z,KXBTC15M-26OCT042145-45,0.0270,39.98,no
2026-10-05T01:42:15.759263Z,KXBTC15M-26OCT042145-45,0.0280,0.01,no
2026-10-05T01:42:15.759263Z,KXBTC15M-26OCT042145-45,0.0280,0.01,no
2026-10-05T01:42:15.781144Z,KXBTC15M-26OCT042145-45,0.0300,7.22,yes
2026-10-05T01:42:15.781144Z,KXBTC15M-26OCT042145-45,0.0290,12.00,yes
2026-10-05T01:42:15.781144Z,KXBTC15M-26OCT042145-45,0.0290,0.01,yes
2026-10-05T01:42:15.781144Z,KXBTC15M-26OCT042145-45,0.0290,0.01,yes
2026-10-05T01:42:15.781144Z,KXBTC15M-26OCT042145-45,0.0290,1.00,yes
2026-10-05T01:42:15.945067Z,KXBTC15M-26OCT042145-45,0.0290,0.01,yes
2026-10-05T01:42:15.945067Z,KXBTC15M-26OCT042145-45,0.0290,12.00,yes
2026-10-05T01:42:15.945067Z,KXBTC15M-26OCT042145-45,0.0290,400.00,yes
2026-10-05T01:42:15.945067Z,KXBTC15M-26OCT042145-45,0.0290,1.00,yes
2026-10-05T01:42:15.945067Z,KXBTC15M-26OCT042145-45,0.0290,1.00,yes
2026-10-05T01:42:15.945067Z,KXBTC15M-26OCT042145-45,0.0290,0.01,yes
2026-10-05T01:42:15.945067Z,KXBTC15M-26OCT042145-45,0.0290,100.00,yes
2026-10-05T01:42:15.945067Z,KXBTC15M-26OCT042145-45,0.0290,8.00,yes
2026-10-05T01:42:15.945067Z,KXBTC15M-26OCT042145-45,0.0290,493.98,yes
2026-10-05T01:42:16.001259Z,KXBTC15M-26OCT042145-45,0.0270,1.00,no
2026-10-05T01:42:16.001259Z,KXBTC15M-26OCT042145-45,0.0280,0.01,no
2026-10-05T01:42:16.001259Z,KXBTC15M-26OCT042145-45,0.0280,0.01,no
2026-10-05T01:42:16.065039Z,KXBTC15M-26OCT042145-45,0.0270,0.01,no
2026-10-05T01:42:16.065039Z,KXBTC15M-26OCT042145-45,0.0270,0.01,no
2026-10-05T01:42:16.065039Z,KXBTC15M-26OCT042145-45,0.0260,2.99,no
2026-10-05T01:42:16.136284Z,KXBTC15M-26OCT042145-45,0.0280,64.57,yes
2026-10-05T01:42:16.21548Z,KXBTC15M-26OCT042145-45,0.0280,65.10,yes
2026-10-05T01:42:16.21548Z,KXBTC15M-26OCT042145-45,0.0280,0.01,yes
2026-10-05T01:42:16.21548Z,KXBTC15M-26OCT042145-45,0.0280,0.01,yes
2026-10-05T01:42:16.21548Z,KXBTC15M-26OCT042145-45,0.0280,100.00,yes
2026-10-05T01:42:16.21548Z,KXBTC15M-26OCT042145-45,0.0280,43.00,yes
2026-10-05T01:42:16.230414Z,KXBTC15M-26OCT042145-45,0.0270,25.00,no
2026-10-05T01:42:16.277445Z,KXBTC15M-26OCT042145-45,0.0270,183.99,no
2026-10-05T01:42:16.277445Z,KXBTC15M-26OCT042145-45,0.0270,0.01,no
2026-10-05T01:42:16.277445Z,KXBTC15M-26OCT042145-45,0.0270,0.01,no
2026-10-05T01:42:16.277445Z,KXBTC15M-26OCT042145-45,0.0270,247.00,no
2026-10-05T01:42:16.279223Z,KXBTC15M-26OCT042145-45,0.0280,334.90,yes
2026-10-05T01:42:16.279223Z,KXBTC15M-26OCT042145-45,0.0280,73.10,yes
2026-10-05T01:42:16.454714Z,KXBTC15M-26OCT042145-45,0.0280,33.43,yes
2026-10-05T01:42:16.493166Z,KXBTC15M-26OCT042145-45,0.0270,0.07,no
2026-10-05T01:42:16.536416Z,KXBTC15M-26OCT042145-45,0.0270,6.00,no
2026-10-05T01:42:16.552832Z,KXBTC15M-26OCT042145-45,0.0280,0.01,yes
2026-10-05T01:42:16.552832Z,KXBTC15M-26OCT042145-45,0.0280,0.01,yes
2026-10-05T01:42:16.552832Z,KXBTC15M-26OCT042145-45,0.0280,41.43,yes
2026-10-05T01:42:16.612011Z,KXBTC15M-26OCT042145-45,0.0280,113.43,yes
2026-10-05T01:42:16.612011Z,KXBTC15M-26OCT042145-45,0.0280,58.57,yes
2026-10-05T01:42:16.679021Z,KXBTC15M-26OCT042145-45,0.0280,33.43,yes
2026-10-05T01:42:16.699885Z,KXBTC15M-26OCT042145-45,0.0280,12.00,yes
2026-10-05T01:42:16.722913Z,KXBTC15M-26OCT042145-45,0.0270,21.79,no
2026-10-05T01:42:16.739168Z,KXBTC15M-26OCT042145-45,0.0270,91.67,no
2026-10-05T01:42:16.770143Z,KXBTC15M-26OCT042145-45,0.0280,33.43,yes
2026-10-05T01:42:16.871713Z,KXBTC15M-26OCT042145-45,0.0270,41.47,no
2026-10-05T01:42:16.871713Z,KXBTC15M-26OCT042145-45,0.0270,1.00,no
2026-10-05T01:42:16.871713Z,KXBTC15M-26OCT042145-45,0.0270,40.13,no
2026-10-05T01:42:16.871713Z,KXBTC15M-26OCT042145-45,0.0270,136.00,no
2026-10-05T01:42:16.871713Z,KXBTC15M-26OCT042145-45,0.0270,0.01,no
2026-10-05T01:42:16.871713Z,KXBTC15M-26OCT042145-45,0.0270,0.01,no
2026-10-05T01:42:16.906758Z,KXBTC15M-26OCT042145-45,0.0280,33.43,yes
2026-10-05T01:42:16.972209Z,KXBTC15M-26OCT042145-45,0.0280,66.87,yes
2026-10-05T01:42:16.977397Z,KXBTC15M-26OCT042145-45,0.0270,32.76,no
2026-10-05T01:42:16.977397Z,KXBTC15M-26OCT042145-45,0.0270,0.01,no
2026-10-05T01:42:16.977397Z,KXBTC15M-26OCT042145-45,0.0270,0.01,no
2026-10-05T01:42:17.052275Z,KXBTC15M-26OCT042145-45,0.0270,200.00,no
2026-10-05T01:42:17.052275Z,KXBTC15M-26OCT042145-45,0.0260,200.00,no
2026-10-05T01:42:17.052275Z,KXBTC15M-26OCT042145-45,0.0270,0.01,no
2026-10-05T01:42:17.052275Z,KXBTC15M-26OCT042145-45,0.0270,0.01,no
2026-10-05T01:42:17.052275Z,KXBTC15M-26OCT042145-45,0.0260,558.00,no
2026-10-05T01:42:17.052275Z,KXBTC15M-26OCT042145-45,0.0250,783.77,no
2026-10-05T01:42:17.052275Z,KXBTC15M-26OCT042145-45,0.0260,4.99,no
2026-10-05T01:42:17.052275Z,KXBTC15M-26OCT042145-45,0.0270,440.54,no
2026-10-05T01:42:17.064167Z,KXBTC15M-26OCT042145-45,0.0280,100.31,yes
2026-10-05T01:42:17.0875Z,KXBTC15M-26OCT042145-45,0.0250,14.38,no
2026-10-05T01:42:17.0875Z,KXBTC15M-26OCT042145-45,0.0250,1.03,no
2026-10-05T01:42:17.0875Z,KXBTC15M-26OCT042145-45,0.0250,1.04,no
2026-10-05T01:42:17.138882Z,KXBTC15M-26OCT042145-45,0.0280,7.10,yes
2026-10-05T01:42:17.138882Z,KXBTC15M-26OCT042145-45,0.0280,26.33,yes
2026-10-05T01:42:17.143695Z,KXBTC15M-26OCT042145-45,0.0250,0.01,no
2026-10-05T01:42:17.143695Z,KXBTC15M-26OCT042145-45,0.0260,1.00,no
2026-10-05T01:42:17.143695Z,KXBTC15M-26OCT042145-45,0.0250,200.00,no
2026-10-05T01:42:17.143695Z,KXBTC15M-26OCT042145-45,0.0270,0.01,no
2026-10-05T01:42:17.143695Z,KXBTC15M-26OCT042145-45,0.0270,0.01,no
2026-10-05T01:42:17.143695Z,KXBTC15M-26OCT042145-45,0.0250,0.01,no
2026-10-05T01:42:17.143695Z,KXBTC15M-26OCT042145-45,0.0250,1.00,no
2026-10-05T01:42:17.143695Z,KXBTC15M-26OCT042145-45,0.0270,1.00,no
2026-10-05T01:42:17.143695Z,KXBTC15M-26OCT042145-45,0.0250,146.00,no
2026-10-05T01:42:17.143695Z,KXBTC15M-26OCT042145-45,0.0240,254.13,no
2026-10-05T01:42:17.21608Z,KXBTC15M-26OCT042145-45,0.0270,48.15,yes
2026-10-05T01:42:17.243265Z,KXBTC15M-26OCT042145-45,0.0270,19.33,yes
2026-10-05T01:42:17.250188Z,KXBTC15M-26OCT042145-45,0.0270,200.00,yes
2026-10-05T01:42:17.297108Z,KXBTC15M-26OCT042145-45,0.0160,0.19,no
2026-10-05T01:42:17.297108Z,KXBTC15M-26OCT042145-45,0.0150,10.00,no
2026-10-05T01:42:17.297108Z,KXBTC15M-26OCT042145-45,0.0240,1.00,no
2026-10-05T01:42:17.297108Z,KXBTC15M-26OCT042145-45,0.0260,0.01,no
2026-10-05T01:42:17.297108Z,KXBTC15M-26OCT042145-45,0.0220,200.00,no
2026-10-05T01:42:17.297108Z,KXBTC15M-26OCT042145-45,0.0220,332.00,no
2026-10-05T01:42:17.297108Z,KXBTC15M-26OCT042145-45,0.0230,1.00,no
2026-10-05T01:42:17.297108Z,KXBTC15M-26OCT042145-45,0.0150,14.00,no
2026-10-05T01:42:17.297108Z,KXBTC15M-26OCT042145-45,0.0150,1.00,no
2026-10-05T01:42:17.297108Z,KXBTC15M-26OCT042145-45,0.0220,1.00,no
2026-10-05T01:42:17.297108Z,KXBTC15M-26OCT042145-45,0.0260,0.01,no
2026-10-05T01:42:17.297108Z,KXBTC15M-26OCT042145-45,0.0230,200.00,no
2026-10-05T01:42:17.297108Z,KXBTC15M-26OCT042145-45,0.0160,1.00,no
2026-10-05T01:42:17.297108Z,KXBTC15M-26OCT042145-45,0.0230,1.00,no
2026-10-05T01:42:17.297108Z,KXBTC15M-26OCT042145-45,0.0170,1.00,no
2026-10-05T01:42:17.297108Z,KXBTC15M-26OCT042145-45,0.0190,1.00,no
2026-10-05T01:42:17.297108Z,KXBTC15M-26OCT042145-45,0.0200,1.00,no
2026-10-05T01:42:17.297108Z,KXBTC15M-26OCT042145-45,0.0210,1.00,no
2026-10-05T01:42:17.297108Z,KXBTC15M-26OCT042145-45,0.0200,15.00,no
2026-10-05T01:42:17.297108Z,KXBTC15M-26OCT042145-45,0.0180,1.00,no
2026-10-05T01:42:17.297108Z,KXBTC15M-26OCT042145-45,0.0130,1.00,no
2026-10-05T01:42:17.297108Z,KXBTC15M-26OCT042145-45,0.0140,1.00,no
2026-10-05T01:42:17.297108Z,KXBTC15M-26OCT042145-45,0.0120,1.00,no
2026-10-05T01:42:17.297108Z,KXBTC15M-26OCT042145-45,0.0210,15.00,no
2026-10-05T01:42:17.297108Z,KXBTC15M-26OCT042145-45,0.0230,2.00,no
2026-10-05T01:42:17.297108Z,KXBTC15M-26OCT042145-45,0.0210,2.00,no
2026-10-05T01:42:17.297108Z,KXBTC15M-26OCT042145-45,0.0200,64.00,no
2026-10-05T01:42:17.297108Z,KXBTC15M-26OCT042145-45,0.0230,2.00,no
2026-10-05T01:42:17.297108Z,KXBTC15M-26OCT042145-45,0.0220,2.00,no
2026-10-05T01:42:17.297108Z,KXBTC15M-26OCT042145-45,0.0210,5.00,no
2026-10-05T01:42:17.297108Z,KXBTC15M-26OCT042145-45,0.0200,15.00,no
2026-10-05T01:42:17.297108Z,KXBTC15M-26OCT042145-45,0.0140,500.00,no
2026-10-05T01:42:17.297108Z,KXBTC15M-26OCT042145-45,0.0210,15.00,no
2026-10-05T01:42:17.297108Z,KXBTC15M-26OCT042145-45,0.0210,93.00,no
2026-10-05T01:42:17.297108Z,KXBTC15M-26OCT042145-45,0.0230,500.00,no
2026-10-05T01:42:17.297108Z,KXBTC15M-26OCT042145-45,0.0210,15.00,no
2026-10-05T01:42:17.297108Z,KXBTC15M-26OCT042145-45,0.0210,2.00,no
2026-10-05T01:42:17.297108Z,KXBTC15M-26OCT042145-45,0.0200,64.00,no
2026-10-05T01:42:17.297108Z,KXBTC15M-26OCT042145-45,0.0120,333.70,no
2026-10-05T01:42:17.297108Z,KXBTC15M-26OCT042145-45,0.0220,2.00,no
2026-10-05T01:42:17.297108Z,KXBTC15M-26OCT042145-45,0.0190,15.00,no
2026-10-05T01:42:17.297108Z,KXBTC15M-26OCT042145-45,0.0200,15.00,no
2026-10-05T01:42:17.297108Z,KXBTC15M-26OCT042145-45,0.0140,500.00,no
2026-10-05T01:42:17.297108Z,KXBTC15M-26OCT042145-45,0.0200,471.50,no
2026-10-05T01:42:17.297108Z,KXBTC15M-26OCT042145-45,0.0150,64.00,no
2026-10-05T01:42:17.297108Z,KXBTC15M-26OCT042145-45,0.0190,10.00,no
2026-10-05T01:42:17.297108Z,KXBTC15M-26OCT042145-45,0.0160,500.00,no
2026-10-05T01:42:17.297108Z,KXBTC15M-26OCT042145-45,0.0200,50.00,no
2026-10-05T01:42:17.297108Z,KXBTC15M-26OCT042145-45,0.0190,15.00,no
2026-10-05T01:42:17.297108Z,KXBTC15M-26OCT042145-45,0.0180,500.00,no
2026-10-05T01:42:17.297108Z,KXBTC15M-26OCT042145-45,0.0150,15.00,no
2026-10-05T01:42:17.297108Z,KXBTC15M-26OCT042145-45,0.0210,13.98,no
2026-10-05T01:42:17.297108Z,KXBTC15M-26OCT042145-45,0.0160,10.00,no
2026-10-05T01:42:17.297108Z,KXBTC15M-26OCT042145-45,0.0120,500.00,no
2026-10-05T01:42:17.297108Z,KXBTC15M-26OCT042145-45,0.0150,15.00,no
2026-10-05T01:42:17.297108Z,KXBTC15M-26OCT042145-45,0.0210,58.00,no
2026-10-05T01:42:17.297108Z,KXBTC15M-26OCT042145-45,0.0150,64.00,no
2026-10-05T01:42:17.297108Z,KXBTC15M-26OCT042145-45,0.0200,15.00,no
2026-10-05T01:42:17.297108Z,KXBTC15M-26OCT042145-45,0.0120,544.17,no
2026-10-05T01:42:17.297108Z,KXBTC15M-26OCT042145-45,0.0120,256.00,no
2026-10-05T01:42:17.297108Z,KXBTC15M-26OCT042145-45,0.0120,256.00,no
2026-10-05T01:42:17.297108Z,KXBTC15M-26OCT042145-45,0.0110,1546.50,no
2026-10-05T01:42:17.297108Z,KXBTC15M-26OCT042145-45,0.0120,256.00,no
2026-10-05T01:42:17.297108Z,KXBTC15M-26OCT042145-45,0.0120,330.00,no
2026-10-05T01:42:17.297108Z,KXBTC15M-26OCT042145-45,0.0120,150.00,no
2026-10-05T01:42:17.297108Z,KXBTC15M-26OCT042145-45,0.0120,256.00,no
2026-10-05T01:42:17.297108Z,KXBTC15M-26OCT042145-45,0.0120,150.00,no
2026-10-05T01:42:17.322725Z,KXBTC15M-26OCT042145-45,0.0130,3.34,yes
2026-10-05T01:42:17.33304Z,KXBTC15M-26OCT042145-45,0.0130,500.00,yes
2026-10-05T01:42:17.370109Z,KXBTC15M-26OCT042145-45,0.0130,3.67,yes
2026-10-05T01:42:17.371196Z,KXBTC15M-26OCT042145-45,0.0130,150.00,yes
2026-10-05T01:42:17.371259Z,KXBTC15M-26OCT042145-45,0.0130,225.00,yes
2026-10-05T01:42:17.371598Z,KXBTC15M-26OCT042145-45,0.0130,0.01,yes
2026-10-05T01:42:17.371598Z,KXBTC15M-26OCT042145-45,0.0130,87.99,yes
2026-10-05T01:42:17.371598Z,KXBTC15M-26OCT042145-45,0.0130,0.01,yes
2026-10-05T01:42:17.371598Z,KXBTC15M-26OCT042145-45,0.0130,256.00,yes
2026-10-05T01:42:17.371598Z,KXBTC15M-26OCT042145-45,0.0130,617.99,yes
2026-10-05T01:42:17.371616Z,KXBTC15M-26OCT042145-45,0.0130,15.00,yes
2026-10-05T01:42:17.371616Z,KXBTC15M-26OCT042145-45,0.0130,62.01,yes
2026-10-05T01:42:17.371616Z,KXBTC15M-26OCT042145-45,0.0130,150.00,yes
2026-10-05T01:42:17.371616Z,KXBTC15M-26OCT042145-45,0.0140,597.99,yes
2026-10-05T01:42:17.37288Z,KXBTC15M-26OCT042145-45,0.0150,391.99,yes
2026-10-05T01:42:17.37288Z,KXBTC15M-26OCT042145-45,0.0140,402.01,yes
2026-10-05T01:42:17.37288Z,KXBTC15M-26OCT042145-45,0.0140,404.00,yes
2026-10-05T01:42:17.373502Z,KXBTC15M-26OCT042145-45,0.0150,108.01,yes
2026-10-05T01:42:17.373502Z,KXBTC15M-26OCT042145-45,0.0170,133.99,yes
2026-10-05T01:42:17.373502Z,KXBTC15M-26OCT042145-45,0.0160,215.00,yes
2026-10-05T01:42:17.381667Z,KXBTC15M-26OCT042145-45,0.0130,0.01,yes
2026-10-05T01:42:17.381667Z,KXBTC15M-26OCT042145-45,0.0130,0.01,yes
2026-10-05T01:42:17.381667Z,KXBTC15M-26OCT042145-45,0.0170,49.98,yes
2026-10-05T01:42:17.388028Z,KXBTC15M-26OCT042145-45,0.0160,100.52,no
2026-10-05T01:42:17.429972Z,KXBTC15M-26OCT042145-45,0.0170,316.03,yes
2026-10-05T01:42:17.429972Z,KXBTC15M-26OCT042145-45,0.0170,13.00,yes
2026-10-05T01:42:17.429972Z,KXBTC15M-26OCT042145-45,0.0170,0.01,yes
2026-10-05T01:42:17.429972Z,KXBTC15M-26OCT042145-45,0.0170,0.01,yes
2026-10-05T01:42:17.429972Z,KXBTC15M-26OCT042145-45,0.0170,199.95,yes
2026-10-05T01:42:17.430847Z,KXBTC15M-26OCT042145-45,0.0170,15.00,yes
2026-10-05T01:42:17.503932Z,KXBTC15M-26OCT042145-45,0.0170,3.65,yes
2026-10-05T01:42:17.503932Z,KXBTC15M-26OCT042145-45,0.0170,0.01,yes
2026-10-05T01:42:17.503932Z,KXBTC15M-26OCT042145-45,0.0170,0.01,yes
2026-10-05T01:42:17.516374Z,KXBTC15M-26OCT042145-45,0.0160,1.04,no
2026-10-05T01:42:17.516374Z,KXBTC15M-26OCT042145-45,0.0150,2.00,no
2026-10-05T01:42:17.516374Z,KXBTC15M-26OCT042145-45,0.0160,1.02,no
2026-10-05T01:42:17.516374Z,KXBTC15M-26OCT042145-45,0.0160,100.00,no
2026-10-05T01:42:17.516374Z,KXBTC15M-26OCT042145-45,0.0150,278.72,no
2026-10-05T01:42:17.516374Z,KXBTC15M-26OCT042145-45,0.0160,13.00,no
2026-10-05T01:42:17.516374Z,KXBTC15M-26OCT042145-45,0.0160,2.00,no
2026-10-05T01:42:17.516374Z,KXBTC15M-26OCT042145-45,0.0160,200.00,no
2026-10-05T01:42:17.516374Z,KXBTC15M-26OCT042145-45,0.0160,2.00,no
2026-10-05T01:42:17.516374Z,KXBTC15M-26OCT042145-45,0.0160,400.00,no
2026-10-05T01:42:17.516374Z,KXBTC15M-26OCT042145-45,0.0160,458.00,no
2026-10-05T01:42:17.516374Z,KXBTC15M-26OCT042145-45,0.0150,2.00,no
2026-10-05T01:42:17.516374Z,KXBTC15M-26OCT042145-45,0.0160,0.01,no
2026-10-05T01:42:17.516374Z,KXBTC15M-26OCT042145-45,0.0160,500.00,no
2026-10-05T01:42:17.516374Z,KXBTC15M-26OCT042145-45,0.0160,0.01,no
2026-10-05T01:42:17.516374Z,KXBTC15M-26OCT042145-45,0.0160,100.00,no
2026-10-05T01:42:17.516374Z,KXBTC15M-26OCT042145-45,0.0160,219.00,no
2026-10-05T01:42:17.557548Z,KXBTC15M-26OCT042145-45,0.0170,0.01,yes
2026-10-05T01:42:17.557548Z,KXBTC15M-26OCT042145-45,0.0170,243.63,yes
2026-10-05T01:42:17.557548Z,KXBTC15M-26OCT042145-45,0.0170,15.00,yes
2026-10-05T01:42:17.557548Z,KXBTC15M-26OCT042145-45,0.0170,11.35,yes
2026-10-05T01:42:17.557548Z,KXBTC15M-26OCT042145-45,0.0170,0.01,yes
2026-10-05T01:42:17.573095Z,KXBTC15M-26OCT042145-45,0.0170,0.37,yes
2026-10-05T01:42:17.573095Z,KXBTC15M-26OCT042145-45,0.0170,3.30,yes
2026-10-05T01:42:17.574128Z,KXBTC15M-26OCT042145-45,0.0170,234.07,yes
2026-10-05T01:42:17.604893Z,KXBTC15M-26OCT042145-45,0.0170,0.01,yes
2026-10-05T01:42:17.604893Z,KXBTC15M-26OCT042145-45,0.0170,18.41,yes
2026-10-05T01:42:17.604893Z,KXBTC15M-26OCT042145-45,0.0170,15.00,yes
2026-10-05T01:42:17.604893Z,KXBTC15M-26OCT042145-45,0.0170,0.01,yes
2026-10-05T01:42:17.607936Z,KXBTC15M-26OCT042145-45,0.0170,145.10,yes
2026-10-05T01:42:17.61811Z,KXBTC15M-26OCT042145-45,0.0180,33.43,yes
2026-10-05T01:42:17.625314Z,KXBTC15M-26OCT042145-45,0.0180,135.40,yes
2026-10-05T01:42:17.625314Z,KXBTC15M-26OCT042145-45,0.0180,0.01,yes
2026-10-05T01:42:17.625314Z,KXBTC15M-26OCT042145-45,0.0170,15.00,yes
2026-10-05T01:42:17.625314Z,KXBTC15M-26OCT042145-45,0.0180,48.57,yes
2026-10-05T01:42:17.625314Z,KXBTC15M-26OCT042145-45,0.0180,0.01,yes
2026-10-05T01:42:17.625314Z,KXBTC15M-26OCT042145-45,0.0170,0.01,yes
2026-10-05T01:42:17.638223Z,KXBTC15M-26OCT042145-45,0.0180,3.65,yes
2026-10-05T01:42:17.638223Z,KXBTC15M-26OCT042145-45,0.0170,0.01,yes
2026-10-05T01:42:17.638223Z,KXBTC15M-26OCT042145-45,0.0180,0.01,yes
2026-10-05T01:42:17.652313Z,KXBTC15M-26OCT042145-45,0.0160,0.98,no
2026-10-05T01:42:17.652313Z,KXBTC15M-26OCT042145-45,0.0160,0.01,no
2026-10-05T01:42:17.652313Z,KXBTC15M-26OCT042145-45,0.0160,0.01,no
2026-10-05T01:42:17.697268Z,KXBTC15M-26OCT042145-45,0.0160,100.00,no
2026-10-05T01:42:17.697268Z,KXBTC15M-26OCT042145-45,0.0160,16.02,no
2026-10-05T01:42:17.697268Z,KXBTC15M-26OCT042145-45,0.0160,222.75,no
2026-10-05T01:42:17.735235Z,KXBTC15M-26OCT042145-45,0.0170,0.01,yes
2026-10-05T01:42:17.754402Z,KXBTC15M-26OCT042145-45,0.0170,234.99,yes
2026-10-05T01:42:17.754402Z,KXBTC15M-26OCT042145-45,0.0170,0.01,yes
2026-10-05T01:42:17.754402Z,KXBTC15M-26OCT042145-45,0.0170,15.00,yes
2026-10-05T01:42:17.759249Z,KXBTC15M-26OCT042145-45,0.0170,219.01,yes
2026-10-05T01:42:17.759249Z,KXBTC15M-26OCT042145-45,0.0170,0.01,yes
2026-10-05T01:42:17.759249Z,KXBTC15M-26OCT042145-45,0.0170,0.01,yes
2026-10-05T01:42:17.775103Z,KXBTC15M-26OCT042145-45,0.0170,0.01,yes
2026-10-05T01:42:17.775103Z,KXBTC15M-26OCT042145-45,0.0170,4.99,yes
2026-10-05T01:42:17.776362Z,KXBTC15M-26OCT042145-45,0.0170,10.01,yes
2026-10-05T01:42:17.776362Z,KXBTC15M-26OCT042145-45,0.0180,0.01,yes
2026-10-05T01:42:17.79199Z,KXBTC15M-26OCT042145-45,0.0170,0.01,yes
2026-10-05T01:42:17.79199Z,KXBTC15M-26OCT042145-45,0.0190,233.98,yes
2026-10-05T01:42:17.79199Z,KXBTC15M-26OCT042145-45,0.0170,0.01,yes
2026-10-05T01:42:17.806736Z,KXBTC15M-26OCT042145-45,0.0170,0.01,yes
2026-10-05T01:42:17.806736Z,KXBTC15M-26OCT042145-45,0.0170,0.01,yes
2026-10-05T01:42:17.806736Z,KXBTC15M-26OCT042145-45,0.0170,0.01,yes
2026-10-05T01:42:17.861908Z,KXBTC15M-26OCT042145-45,0.0190,0.01,yes
2026-10-05T01:42:17.861908Z,KXBTC15M-26OCT042145-45,0.0190,3.62,yes
2026-10-05T01:42:17.861908Z,KXBTC15M-26OCT042145-45,0.0190,0.01,yes
2026-10-05T01:42:18.000379Z,KXBTC15M-26OCT042145-45,0.0170,999.28,no
2026-10-05T01:42:18.000379Z,KXBTC15M-26OCT042145-45,0.0180,0.01,no
2026-10-05T01:42:18.000379Z,KXBTC15M-26OCT042145-45,0.0170,200.00,no
2026-10-05T01:42:18.000379Z,KXBTC15M-26OCT042145-45,0.0180,0.01,no
2026-10-05T01:42:18.000379Z,KXBTC15M-26OCT042145-45,0.0160,42.41,no
2026-10-05T01:42:18.000379Z,KXBTC15M-26OCT042145-45,0.0180,1.02,no
2026-10-05T01:42:18.000379Z,KXBTC15M-26OCT042145-45,0.0170,12.00,no
2026-10-05T01:42:18.000379Z,KXBTC15M-26OCT042145-45,0.0170,74.00,no
2026-10-05T01:42:18.000379Z,KXBTC15M-26OCT042145-45,0.0160,15.00,no
2026-10-05T01:42:18.000379Z,KXBTC15M-26OCT042145-45,0.0170,215.00,no
2026-10-05T01:42:18.000379Z,KXBTC15M-26OCT042145-45,0.0160,15.00,no
2026-10-05T01:42:18.000379Z,KXBTC15M-26OCT042145-45,0.0160,15.00,no
2026-10-05T01:42:18.000379Z,KXBTC15M-26OCT042145-45,0.0160,15.00,no
2026-10-05T01:42:18.000379Z,KXBTC15M-26OCT042145-45,0.0180,100.00,no
2026-10-05T01:42:18.000379Z,KXBTC15M-26OCT042145-45,0.0160,15.00,no
2026-10-05T01:42:18.000379Z,KXBTC15M-26OCT042145-45,0.0170,17.00,no
2026-10-05T01:42:18.000379Z,KXBTC15M-26OCT042145-45,0.0180,203.00,no
2026-10-05T01:42:18.000379Z,KXBTC15M-26OCT042145-45,0.0180,200.00,no
2026-10-05T01:42:18.000379Z,KXBTC15M-26OCT042145-45,0.0180,500.00,no
2026-10-05T01:42:18.000379Z,KXBTC15M-26OCT042145-45,0.0180,400.00,no
2026-10-05T01:42:18.04175Z,KXBTC15M-26OCT042145-45,0.0190,0.58,yes
2026-10-05T01:42:18.04175Z,KXBTC15M-26OCT042145-45,0.0190,0.01,yes
2026-10-05T01:42:18.04175Z,KXBTC15M-26OCT042145-45,0.0190,0.01,yes
2026-10-05T01:42:18.169604Z,KXBTC15M-26OCT042145-45,0.0190,3.18,yes
2026-10-05T01:42:18.21742Z,KXBTC15M-26OCT042145-45,0.0190,11.24,yes
2026-10-05T01:42:18.21742Z,KXBTC15M-26OCT042145-45,0.0190,0.01,yes
2026-10-05T01:42:18.21742Z,KXBTC15M-26OCT042145-45,0.0190,0.01,yes
2026-10-05T01:42:18.21742Z,KXBTC15M-26OCT042145-45,0.0200,36.02,yes
2026-10-05T01:42:18.233477Z,KXBTC15M-26OCT042145-45,0.0190,15.00,yes
2026-10-05T01:42:18.233477Z,KXBTC15M-26OCT042145-45,0.0190,15.00,yes
2026-10-05T01:42:18.233477Z,KXBTC15M-26OCT042145-45,0.0190,0.01,yes
2026-10-05T01:42:18.233477Z,KXBTC15M-26OCT042145-45,0.0200,4.27,yes
2026-10-05T01:42:18.233477Z,KXBTC15M-26OCT042145-45,0.0200,13.98,yes
2026-10-05T01:42:18.27095Z,KXBTC15M-26OCT042145-45,0.0190,0.01,yes
2026-10-05T01:42:18.27095Z,KXBTC15M-26OCT042145-45,0.0200,50.00,yes
2026-10-05T01:42:18.27095Z,KXBTC15M-26OCT042145-45,0.0200,0.01,yes
2026-10-05T01:42:18.27095Z,KXBTC15M-26OCT042145-45,0.0190,0.01,yes
2026-10-05T01:42:18.27095Z,KXBTC15M-26OCT042145-45,0.0200,0.01,yes
2026-10-05T01:42:18.27095Z,KXBTC15M-26OCT042145-45,0.0190,15.00,yes
2026-10-05T01:42:18.27095Z,KXBTC15M-26OCT042145-45,0.0200,168.46,yes
2026-10-05T01:42:18.323407Z,KXBTC15M-26OCT042145-45,0.0190,15.00,yes
2026-10-05T01:42:18.323407Z,KXBTC15M-26OCT042145-45,0.0190,0.01,yes
2026-10-05T01:42:18.323407Z,KXBTC15M-26OCT042145-45,0.0190,0.01,yes
2026-10-05T01:42:18.323407Z,KXBTC15M-26OCT042145-45,0.0200,234.73,yes
2026-10-05T01:42:18.402457Z,KXBTC15M-26OCT042145-45,0.0200,0.99,yes
2026-10-05T01:42:18.402457Z,KXBTC15M-26OCT042145-45,0.0190,0.01,yes
2026-10-05T01:42:18.42108Z,KXBTC15M-26OCT042145-45,0.0200,5.62,yes
2026-10-05T01:42:18.441573Z,KXBTC15M-26OCT042145-45,0.0200,500.00,yes
2026-10-05T01:42:18.614874Z,KXBTC15M-26OCT042145-45,0.0200,200.00,yes
2026-10-05T01:42:18.614874Z,KXBTC15M-26OCT042145-45,0.0200,50.00,yes
2026-10-05T01:42:18.614874Z,KXBTC15M-26OCT042145-45,0.0200,90.20,yes
2026-10-05T01:42:18.614874Z,KXBTC15M-26OCT042145-45,0.0200,1.00,yes
2026-10-05T01:42:18.614874Z,KXBTC15M-26OCT042145-45,0.0190,10.00,yes
2026-10-05T01:42:18.614874Z,KXBTC15M-26OCT042145-45,0.0190,0.01,yes
2026-10-05T01:42:18.614874Z,KXBTC15M-26OCT042145-45,0.0190,0.01,yes
2026-10-05T01:42:18.614874Z,KXBTC15M-26OCT042145-45,0.0210,105.95,yes
2026-10-05T01:42:18.620774Z,KXBTC15M-26OCT042145-45,0.0180,0.01,no
2026-10-05T01:42:18.620774Z,KXBTC15M-26OCT042145-45,0.0180,12.00,no
2026-10-05T01:42:18.620774Z,KXBTC15M-26OCT042145-45,0.0180,15.00,no
2026-10-05T01:42:18.620774Z,KXBTC15M-26OCT042145-45,0.0180,0.01,no
2026-10-05T01:42:18.620774Z,KXBTC15M-26OCT042145-45,0.0180,61.52,no
2026-10-05T01:42:18.620892Z,KXBTC15M-26OCT042145-45,0.0190,0.01,yes
2026-10-05T01:42:18.620892Z,KXBTC15M-26OCT042145-45,0.0210,0.24,yes
2026-10-05T01:42:18.628146Z,KXBTC15M-26OCT042145-45,0.0190,0.01,yes
2026-10-05T01:42:18.628146Z,KXBTC15M-26OCT042145-45,0.0200,356.47,yes
2026-10-05T01:42:18.634582Z,KXBTC15M-26OCT042145-45,0.0200,0.01,yes
2026-10-05T01:42:18.634582Z,KXBTC15M-26OCT042145-45,0.0210,32.76,yes
2026-10-05T01:42:18.634582Z,KXBTC15M-26OCT042145-45,0.0210,2.01,yes
2026-10-05T01:42:18.643784Z,KXBTC15M-26OCT042145-45,0.0190,15.00,yes
2026-10-05T01:42:18.643784Z,KXBTC15M-26OCT042145-45,0.0210,8.31,yes
2026-10-05T01:42:18.703922Z,KXBTC15M-26OCT042145-45,0.0210,0.48,yes
2026-10-05T01:42:18.705793Z,KXBTC15M-26OCT042145-45,0.0180,1.00,no
2026-10-05T01:42:18.705793Z,KXBTC15M-26OCT042145-45,0.0170,17.00,no
2026-10-05T01:42:18.705793Z,KXBTC15M-26OCT042145-45,0.0180,189.26,no
2026-10-05T01:42:18.705793Z,KXBTC15M-26OCT042145-45,0.0180,15.00,no
2026-10-05T01:42:18.705793Z,KXBTC15M-26OCT042145-45,0.0180,38.48,no
2026-10-05T01:42:18.705793Z,KXBTC15M-26OCT042145-45,0.0170,189.26,no
2026-10-05T01:42:18.705793Z,KXBTC15M-26OCT042145-45,0.0180,0.01,no
2026-10-05T01:42:18.705793Z,KXBTC15M-26OCT042145-45,0.0180,15.00,no
2026-10-05T01:42:18.705793Z,KXBTC15M-26OCT042145-45,0.0180,15.00,no
2026-10-05T01:42:18.705793Z,KXBTC15M-26OCT042145-45,0.0160,72.00,no
2026-10-05T01:42:18.705793Z,KXBTC15M-26OCT042145-45,0.0180,0.01,no
2026-10-05T01:42:18.705793Z,KXBTC15M-26OCT042145-45,0.0180,15.00,no
2026-10-05T01:42:18.705793Z,KXBTC15M-26OCT042145-45,0.0180,12.00,no
2026-10-05T01:42:18.705793Z,KXBTC15M-26OCT042145-45,0.0170,702.00,no
2026-10-05T01:42:18.705793Z,KXBTC15M-26OCT042145-45,0.0180,15.00,no
2026-10-05T01:42:18.705793Z,KXBTC15M-26OCT042145-45,0.0180,400.00,no
2026-10-05T01:42:18.705793Z,KXBTC15M-26OCT042145-45,0.0160,57.59,no
2026-10-05T01:42:18.705793Z,KXBTC15M-26OCT042145-45,0.0160,15.00,no
2026-10-05T01:42:18.72442Z,KXBTC15M-26OCT042145-45,0.0160,93.13,yes
2026-10-05T01:42:18.735135Z,KXBTC15M-26OCT042145-45,0.0160,52.00,yes
2026-10-05T01:42:18.735738Z,KXBTC15M-26OCT042145-45,0.0160,500.00,yes
2026-10-05T01:42:18.736694Z,KXBTC15M-26OCT042145-45,0.0160,376.00,yes
2026-10-05T01:42:18.756219Z,KXBTC15M-26OCT042145-45,0.0160,9.82,yes
2026-10-05T01:42:18.784935Z,KXBTC15M-26OCT042145-45,0.0160,2.46,yes
2026-10-05T01:42:18.833449Z,KXBTC15M-26OCT042145-45,0.0160,46.79,yes
2026-10-05T01:42:18.861528Z,KXBTC15M-26OCT042145-45,0.0160,4.67,yes
2026-10-05T01:42:18.94978Z,KXBTC15M-26OCT042145-45,0.0160,20.65,yes
2026-10-05T01:42:18.974117Z,KXBTC15M-26OCT042145-45,0.0150,0.25,no
2026-10-05T01:42:19.002746Z,KXBTC15M-26OCT042145-45,0.0160,58.47,yes
2026-10-05T01:42:19.070152Z,KXBTC15M-26OCT042145-45,0.0150,498.34,no
2026-10-05T01:42:19.078923Z,KXBTC15M-26OCT042145-45,0.0160,29.23,yes
2026-10-05T01:42:19.116001Z,KXBTC15M-26OCT042145-45,0.0160,116.94,yes
2026-10-05T01:42:19.172333Z,KXBTC15M-26OCT042145-45,0.0170,968.00,yes
2026-10-05T01:42:19.172333Z,KXBTC15M-26OCT042145-45,0.0180,200.00,yes
2026-10-05T01:42:19.172333Z,KXBTC15M-26OCT042145-45,0.0180,408.00,yes
2026-10-05T01:42:19.172333Z,KXBTC15M-26OCT042145-45,0.0170,200.00,yes
2026-10-05T01:42:19.172333Z,KXBTC15M-26OCT042145-45,0.0170,220.00,yes
2026-10-05T01:42:19.172333Z,KXBTC15M-26OCT042145-45,0.0250,93.75,yes
2026-10-05T01:42:19.172333Z,KXBTC15M-26OCT042145-45,0.0200,15.00,yes
2026-10-05T01:42:19.172333Z,KXBTC15M-26OCT042145-45,0.0160,32.59,yes
2026-10-05T01:42:19.172333Z,KXBTC15M-26OCT042145-45,0.0200,64.00,yes
2026-10-05T01:42:19.172333Z,KXBTC15M-26OCT042145-45,0.0220,12.00,yes
2026-10-05T01:42:19.172333Z,KXBTC15M-26OCT042145-45,0.0250,24.57,yes
2026-10-05T01:42:19.172333Z,KXBTC15M-26OCT042145-45,0.0160,0.01,yes
2026-10-05T01:42:19.172333Z,KXBTC15M-26OCT042145-45,0.0250,15.00,yes
2026-10-05T01:42:19.172333Z,KXBTC15M-26OCT042145-45,0.0210,15.00,yes
2026-10-05T01:42:19.172333Z,KXBTC15M-26OCT042145-45,0.0230,15.00,yes
2026-10-05T01:42:19.172333Z,KXBTC15M-26OCT042145-45,0.0200,64.00,yes
2026-10-05T01:42:19.172333Z,KXBTC15M-26OCT042145-45,0.0200,50.00,yes
2026-10-05T01:42:19.172333Z,KXBTC15M-26OCT042145-45,0.0250,500.00,yes
2026-10-05T01:42:19.172333Z,KXBTC15M-26OCT042145-45,0.0250,15.00,yes
2026-10-05T01:42:19.172333Z,KXBTC15M-26OCT042145-45,0.0240,2.00,yes
2026-10-05T01:42:19.172333Z,KXBTC15M-26OCT042145-45,0.0230,500.00,yes
2026-10-05T01:42:19.172333Z,KXBTC15M-26OCT042145-45,0.0210,4.20,yes
2026-10-05T01:42:19.172333Z,KXBTC15M-26OCT042145-45,0.0240,2.00,yes
2026-10-05T01:42:19.172333Z,KXBTC15M-26OCT042145-45,0.0210,1.00,yes
2026-10-05T01:42:19.172333Z,KXBTC15M-26OCT042145-45,0.0230,2.00,yes
2026-10-05T01:42:19.172333Z,KXBTC15M-26OCT042145-45,0.0250,64.00,yes
2026-10-05T01:42:19.172333Z,KXBTC15M-26OCT042145-45,0.0250,64.00,yes
2026-10-05T01:42:19.172333Z,KXBTC15M-26OCT042145-45,0.0250,2.00,yes
2026-10-05T01:42:19.172333Z,KXBTC15M-26OCT042145-45,0.0250,2.00,yes
2026-10-05T01:42:19.172333Z,KXBTC15M-26OCT042145-45,0.0200,34.00,yes
2026-10-05T01:42:19.227474Z,KXBTC15M-26OCT042145-45,0.0210,1.00,no
2026-10-05T01:42:19.227924Z,KXBTC15M-26OCT042145-45,0.0210,50.70,no
2026-10-05T01:42:19.232428Z,KXBTC15M-26OCT042145-45,0.0220,70.77,yes
2026-10-05T01:42:19.232428Z,KXBTC15M-26OCT042145-45,0.0220,1.00,yes
2026-10-05T01:42:19.542144Z,KXBTC15M-26OCT042145-45,0.0220,258.64,yes
2026-10-05T01:42:19.542144Z,KXBTC15M-26OCT042145-45,0.0220,29.23,yes
2026-10-05T01:42:19.569624Z,KXBTC15M-26OCT042145-45,0.0220,17.64,yes
2026-10-05T01:42:19.569624Z,KXBTC15M-26OCT042145-45,0.0220,0.01,yes
2026-10-05T01:42:19.655311Z,KXBTC15M-26OCT042145-45,0.0220,1.00,yes
2026-10-05T01:42:19.655311Z,KXBTC15M-26OCT042145-45,0.0220,48.36,yes
2026-10-05T01:42:19.655311Z,KXBTC15M-26OCT042145-45,0.0220,20.85,yes
2026-10-05T01:42:19.655311Z,KXBTC15M-26OCT042145-45,0.0220,14.87,yes
2026-10-05T01:42:19.69344Z,KXBTC15M-26OCT042145-45,0.0210,15.38,no
2026-10-05T01:42:19.747579Z,KXBTC15M-26OCT042145-45,0.0220,42.54,yes
2026-10-05T01:42:19.776394Z,KXBTC15M-26OCT042145-45,0.0220,11.48,yes
2026-10-05T01:42:19.776394Z,KXBTC15M-26OCT042145-45,0.0220,15.00,yes
2026-10-05T01:42:19.852634Z,KXBTC15M-26OCT042145-45,0.0220,29.24,yes
2026-10-05T01:42:19.852634Z,KXBTC15M-26OCT042145-45,0.0220,37.52,yes
2026-10-05T01:42:19.852634Z,KXBTC15M-26OCT042145-45,0.0220,100.00,yes
2026-10-05T01:42:19.898651Z,KXBTC15M-26OCT042145-45,0.0230,3.17,yes
2026-10-05T01:42:19.917933Z,KXBTC15M-26OCT042145-45,0.0210,1019.95,no
2026-10-05T01:42:20.052311Z,KXBTC15M-26OCT042145-45,0.0220,212.71,yes
2026-10-05T01:42:20.078283Z,KXBTC15M-26OCT042145-45,0.0210,80.00,no
2026-10-05T01:42:20.132218Z,KXBTC15M-26OCT042145-45,0.0220,12.72,yes
2026-10-05T01:42:20.148556Z,KXBTC15M-26OCT042145-45,0.0210,82.28,no
2026-10-05T01:42:20.208396Z,KXBTC15M-26OCT042145-45,0.0220,467.96,yes
2026-10-05T01:42:20.209014Z,KXBTC15M-26OCT042145-45,0.0210,1.30,no
2026-10-05T01:42:20.209852Z,KXBTC15M-26OCT042145-45,0.0210,47.82,no
2026-10-05T01:42:20.209852Z,KXBTC15M-26OCT042145-45,0.0210,36.42,no
2026-10-05T01:42:20.209852Z,KXBTC15M-26OCT042145-45,0.0210,0.01,no
2026-10-05T01:42:20.209852Z,KXBTC15M-26OCT042145-45,0.0210,1.00,no
2026-10-05T01:42:20.209852Z,KXBTC15M-26OCT042145-45,0.0210,0.01,no
2026-10-05T01:42:20.282972Z,KXBTC15M-26OCT042145-45,0.0210,57.30,no
2026-10-05T01:42:20.370687Z,KXBTC15M-26OCT042145-45,0.0220,104.59,yes
2026-10-05T01:42:20.448805Z,KXBTC15M-26OCT042145-45,0.0220,4.04,yes
2026-10-05T01:42:20.462507Z,KXBTC15M-26OCT042145-45,0.0210,1.00,no
2026-10-05T01:42:20.470569Z,KXBTC15M-26OCT042145-45,0.0210,1.00,no
2026-10-05T01:42:20.519611Z,KXBTC15M-26OCT042145-45,0.0220,96.47,yes
2026-10-05T01:42:20.519611Z,KXBTC15M-26OCT042145-45,0.0220,107.00,yes
2026-10-05T01:42:20.5434Z,KXBTC15M-26OCT042145-45,0.0210,25.49,no
2026-10-05T01:42:20.610914Z,KXBTC15M-26OCT042145-45,0.0210,100.00,no
2026-10-05T01:42:20.63616Z,KXBTC15M-26OCT042145-45,0.0210,39.00,no
2026-10-05T01:42:20.644405Z,KXBTC15M-26OCT042145-45,0.0220,3.53,yes
2026-10-05T01:42:20.644405Z,KXBTC15M-26OCT042145-45,0.0220,39.01,yes
2026-10-05T01:42:20.675551Z,KXBTC15M-26OCT042145-45,0.0210,50.00,no
2026-10-05T01:42:20.716392Z,KXBTC15M-26OCT042145-45,0.0210,0.01,no
2026-10-05T01:42:20.716392Z,KXBTC15M-26OCT042145-45,0.0210,0.01,no
2026-10-05T01:42:20.716392Z,KXBTC15M-26OCT042145-45,0.0210,1.00,no
2026-10-05T01:42:20.716392Z,KXBTC15M-26OCT042145-45,0.0210,9.65,no
2026-10-05T01:42:20.716392Z,KXBTC15M-26OCT042145-45,0.0210,15.00,no
2026-10-05T01:42:20.767296Z,KXBTC15M-26OCT042145-45,0.0210,77.00,no
2026-10-05T01:42:20.775219Z,KXBTC15M-26OCT042145-45,0.0220,42.54,yes
2026-10-05T01:42:20.789945Z,KXBTC15M-26OCT042145-45,0.0220,0.02,yes
2026-10-05T01:42:20.890915Z,KXBTC15M-26OCT042145-45,0.0220,85.08,yes
2026-10-05T01:42:20.922452Z,KXBTC15M-26OCT042145-45,0.0210,0.01,no
2026-10-05T01:42:20.922452Z,KXBTC15M-26OCT042145-45,0.0210,0.01,no
2026-10-05T01:42:20.922452Z,KXBTC15M-26OCT042145-45,0.0210,313.35,no
2026-10-05T01:42:21.111495Z,KXBTC15M-26OCT042145-45,0.0210,10.00,yes
2026-10-05T01:42:21.111495Z,KXBTC15M-26OCT042145-45,0.0210,311.98,yes
2026-10-05T01:42:21.111495Z,KXBTC15M-26OCT042145-45,0.0210,0.01,yes
2026-10-05T01:42:21.111495Z,KXBTC15M-26OCT042145-45,0.0210,0.01,yes
2026-10-05T01:42:21.111495Z,KXBTC15M-26OCT042145-45,0.0210,100.00,yes
2026-10-05T01:42:21.111495Z,KXBTC15M-26OCT042145-45,0.0210,1.00,yes
2026-10-05T01:42:21.111495Z,KXBTC15M-26OCT042145-45,0.0210,15.00,yes
2026-10-05T01:42:21.111495Z,KXBTC15M-26OCT042145-45,0.0210,87.00,yes
2026-10-05T01:42:21.115101Z,KXBTC15M-26OCT042145-45,0.0340,500.00,yes
2026-10-05T01:42:21.115101Z,KXBTC15M-26OCT042145-45,0.0270,0.52,yes
2026-10-05T01:42:21.115101Z,KXBTC15M-26OCT042145-45,0.0300,15.00,yes
2026-10-05T01:42:21.115101Z,KXBTC15M-26OCT042145-45,0.0300,93.75,yes
2026-10-05T01:42:21.115101Z,KXBTC15M-26OCT042145-45,0.0270,500.00,yes
2026-10-05T01:42:21.115101Z,KXBTC15M-26OCT042145-45,0.0300,64.00,yes
2026-10-05T01:42:21.115101Z,KXBTC15M-26OCT042145-45,0.0300,500.00,yes
2026-10-05T01:42:21.115101Z,KXBTC15M-26OCT042145-45,0.0320,500.00,yes
2026-10-05T01:42:21.115101Z,KXBTC15M-26OCT042145-45,0.0270,256.00,yes
2026-10-05T01:42:21.115101Z,KXBTC15M-26OCT042145-45,0.0270,256.00,yes
2026-10-05T01:42:21.115101Z,KXBTC15M-26OCT042145-45,0.0210,500.00,yes
2026-10-05T01:42:21.115101Z,KXBTC15M-26OCT042145-45,0.0280,0.01,yes
2026-10-05T01:42:21.115101Z,KXBTC15M-26OCT042145-45,0.0270,256.00,yes
2026-10-05T01:42:21.115101Z,KXBTC15M-26OCT042145-45,0.0290,0.01,yes
2026-10-05T01:42:21.115101Z,KXBTC15M-26OCT042145-45,0.0330,0.01,yes
2026-10-05T01:42:21.115101Z,KXBTC15M-26OCT042145-45,0.0300,0.01,yes
2026-10-05T01:42:21.115101Z,KXBTC15M-26OCT042145-45,0.0310,0.01,yes
2026-10-05T01:42:21.115101Z,KXBTC15M-26OCT042145-45,0.0340,0.01,yes
2026-10-05T01:42:21.115101Z,KXBTC15M-26OCT042145-45,0.0320,0.01,yes
2026-10-05T01:42:21.115101Z,KXBTC15M-26OCT042145-45,0.0300,50.00,yes
2026-10-05T01:42:21.115101Z,KXBTC15M-26OCT042145-45,0.0350,64.00,yes
2026-10-05T01:42:21.115101Z,KXBTC15M-26OCT042145-45,0.0290,8.00,yes
2026-10-05T01:42:21.115101Z,KXBTC15M-26OCT042145-45,0.0350,64.00,yes
2026-10-05T01:42:21.115101Z,KXBTC15M-26OCT042145-45,0.0350,93.75,yes
2026-10-05T01:42:21.115101Z,KXBTC15M-26OCT042145-45,0.0350,98.00,yes
2026-10-05T01:42:21.115101Z,KXBTC15M-26OCT042145-45,0.0260,10.00,yes
2026-10-05T01:42:21.115101Z,KXBTC15M-26OCT042145-45,0.0350,93.75,yes
2026-10-05T01:42:21.115101Z,KXBTC15M-26OCT042145-45,0.0250,10.00,yes
2026-10-05T01:42:21.115101Z,KXBTC15M-26OCT042145-45,0.0350,15.00,yes
2026-10-05T01:42:21.115101Z,KXBTC15M-26OCT042145-45,0.0260,12.00,yes
2026-10-05T01:42:21.115101Z,KXBTC15M-26OCT042145-45,0.0220,200.00,yes
2026-10-05T01:42:21.115101Z,KXBTC15M-26OCT042145-45,0.0300,50.00,yes
2026-10-05T01:42:21.115101Z,KXBTC15M-26OCT042145-45,0.0230,0.01,yes
2026-10-05T01:42:21.115101Z,KXBTC15M-26OCT042145-45,0.0230,15.00,yes
2026-10-05T01:42:21.115101Z,KXBTC15M-26OCT042145-45,0.0270,0.01,yes
2026-10-05T01:42:21.115101Z,KXBTC15M-26OCT042145-45,0.0250,64.00,yes
2026-10-05T01:42:21.115101Z,KXBTC15M-26OCT042145-45,0.0210,200.00,yes
2026-10-05T01:42:21.115101Z,KXBTC15M-26OCT042145-45,0.0280,1.00,yes
2026-10-05T01:42:21.115101Z,KXBTC15M-26OCT042145-45,0.0240,151.50,yes
2026-10-05T01:42:21.115101Z,KXBTC15M-26OCT042145-45,0.0250,0.01,yes
2026-10-05T01:42:21.115101Z,KXBTC15M-26OCT042145-45,0.0210,88.02,yes
2026-10-05T01:42:21.115101Z,KXBTC15M-26OCT042145-45,0.0350,1.00,yes
2026-10-05T01:42:21.115101Z,KXBTC15M-26OCT042145-45,0.0270,20.00,yes
2026-10-05T01:42:21.115101Z,KXBTC15M-26OCT042145-45,0.0260,0.01,yes
2026-10-05T01:42:21.115101Z,KXBTC15M-26OCT042145-45,0.0220,44.00,yes
2026-10-05T01:42:21.115101Z,KXBTC15M-26OCT042145-45,0.0210,1.00,yes
2026-10-05T01:42:21.115101Z,KXBTC15M-26OCT042145-45,0.0240,0.01,yes
2026-10-05T01:42:21.115101Z,KXBTC15M-26OCT042145-45,0.0270,2.00,yes
2026-10-05T01:42:21.115101Z,KXBTC15M-26OCT042145-45,0.0250,15.00,yes
2026-10-05T01:42:21.115101Z,KXBTC15M-26OCT042145-45,0.0250,64.00,yes
2026-10-05T01:42:21.115101Z,KXBTC15M-26OCT042145-45,0.0230,1.00,yes
2026-10-05T01:42:21.115101Z,KXBTC15M-26OCT042145-45,0.0210,248.00,yes
2026-10-05T01:42:21.115101Z,KXBTC15M-26OCT042145-45,0.0260,2.00,yes
2026-10-05T01:42:21.115101Z,KXBTC15M-26OCT042145-45,0.0220,88.00,yes
2026-10-05T01:42:21.115101Z,KXBTC15M-26OCT042145-45,0.0250,15.00,yes
2026-10-05T01:42:21.115101Z,KXBTC15M-26OCT042145-45,0.0290,2.00,yes
2026-10-05T01:42:21.115101Z,KXBTC15M-26OCT042145-45,0.0210,1.00,yes
2026-10-05T01:42:21.115101Z,KXBTC15M-26OCT042145-45,0.0220,484.00,yes
2026-10-05T01:42:21.115101Z,KXBTC15M-26OCT042145-45,0.0280,2.00,yes
2026-10-05T01:42:21.115101Z,KXBTC15M-26OCT042145-45,0.0290,55.00,yes
2026-10-05T01:42:21.115101Z,KXBTC15M-26OCT042145-45,0.0300,93.75,yes
2026-10-05T01:42:21.115101Z,KXBTC15M-26OCT042145-45,0.0270,2.00,yes
2026-10-05T01:42:21.115101Z,KXBTC15M-26OCT042145-45,0.0240,500.00,yes
2026-10-05T01:42:21.115101Z,KXBTC15M-26OCT042145-45,0.0280,2.00,yes
2026-10-05T01:42:21.115101Z,KXBTC15M-26OCT042145-45,0.0300,15.00,yes
2026-10-05T01:42:21.115101Z,KXBTC15M-26OCT042145-45,0.0370,315.99,yes
2026-10-05T01:42:21.115101Z,KXBTC15M-26OCT042145-45,0.0350,0.01,yes
2026-10-05T01:42:21.115101Z,KXBTC15M-26OCT042145-45,0.0360,0.01,yes
2026-10-05T01:42:21.128897Z,KXBTC15M-26OCT042145-45,0.0370,0.01,yes
2026-10-05T01:42:21.12971Z,KXBTC15M-26OCT042145-45,0.0380,0.01,yes
2026-10-05T01:42:21.12971Z,KXBTC15M-26OCT042145-45,0.0380,0.01,yes
2026-10-05T01:42:21.153131Z,KXBTC15M-26OCT042145-45,0.0370,590.29,no
2026-10-05T01:42:21.153986Z,KXBTC15M-26OCT042145-45,0.0370,225.00,no
2026-10-05T01:42:21.1544Z,KXBTC15M-26OCT042145-45,0.0370,0.01,no
2026-10-05T01:42:21.1544Z,KXBTC15M-26OCT042145-45,0.0370,0.01,no
2026-10-05T01:42:21.1544Z,KXBTC15M-26OCT042145-45,0.0370,10.00,no
2026-10-05T01:42:21.1544Z,KXBTC15M-26OCT042145-45,0.0370,1.00,no
2026-10-05T01:42:21.1544Z,KXBTC15M-26OCT042145-45,0.0360,1079.27,no
2026-10-05T01:42:21.1544Z,KXBTC15M-26OCT042145-45,0.0370,184.71,no
2026-10-05T01:42:21.154654Z,KXBTC15M-26OCT042145-45,0.0360,35.66,no
2026-10-05T01:42:21.190917Z,KXBTC15M-26OCT042145-45,0.0360,0.01,no
2026-10-05T01:42:21.190917Z,KXBTC15M-26OCT042145-45,0.0360,385.07,no
2026-10-05T01:42:21.190917Z,KXBTC15M-26OCT042145-45,0.0360,28.91,no
2026-10-05T01:42:21.190917Z,KXBTC15M-26OCT042145-45,0.0360,0.01,no
2026-10-05T01:42:21.19388Z,KXBTC15M-26OCT042145-45,0.0360,73.09,no
2026-10-05T01:42:21.19388Z,KXBTC15M-26OCT042145-45,0.0340,297.91,no
2026-10-05T01:42:21.220545Z,KXBTC15M-26OCT042145-45,0.0340,0.01,no
2026-10-05T01:42:21.220545Z,KXBTC15M-26OCT042145-45,0.0340,0.01,no
2026-10-05T01:42:21.220545Z,KXBTC15M-26OCT042145-45,0.0320,0.98,no
2026-10-05T01:42:21.249604Z,KXBTC15M-26OCT042145-45,0.0320,500.00,no
2026-10-05T01:42:21.249604Z,KXBTC15M-26OCT042145-45,0.0310,500.00,no
2026-10-05T01:42:21.249604Z,KXBTC15M-26OCT042145-45,0.0320,0.01,no
2026-10-05T01:42:21.249604Z,KXBTC15M-26OCT042145-45,0.0320,113.02,no
2026-10-05T01:42:21.249604Z,KXBTC15M-26OCT042145-45,0.0260,10.00,no
2026-10-05T01:42:21.249604Z,KXBTC15M-26OCT042145-45,0.0300,50.00,no
2026-10-05T01:42:21.249604Z,KXBTC15M-26OCT042145-45,0.0260,564.00,no
2026-10-05T01:42:21.249604Z,KXBTC15M-26OCT042145-45,0.0270,500.00,no
2026-10-05T01:42:21.249604Z,KXBTC15M-26OCT042145-45,0.0300,122.00,no
2026-10-05T01:42:21.249604Z,KXBTC15M-26OCT042145-45,0.0290,500.00,no
2026-10-05T01:42:21.249604Z,KXBTC15M-26OCT042145-45,0.0320,0.01,no
2026-10-05T01:42:21.249604Z,KXBTC15M-26OCT042145-45,0.0250,135.77,no
2026-10-05T01:42:21.249604Z,KXBTC15M-26OCT042145-45,0.0320,114.00,no
2026-10-05T01:42:21.249604Z,KXBTC15M-26OCT042145-45,0.0310,1000.00,no
2026-10-05T01:42:21.261708Z,KXBTC15M-26OCT042145-45,0.0250,1.00,no
2026-10-05T01:42:21.372866Z,KXBTC15M-26OCT042145-45,0.0210,15.00,no
2026-10-05T01:42:21.372866Z,KXBTC15M-26OCT042145-45,0.0210,5.19,no
2026-10-05T01:42:21.372866Z,KXBTC15M-26OCT042145-45,0.0230,2.00,no
2026-10-05T01:42:21.372866Z,KXBTC15M-26OCT042145-45,0.0250,0.01,no
2026-10-05T01:42:21.372866Z,KXBTC15M-26OCT042145-45,0.0220,2.00,no
2026-10-05T01:42:21.372866Z,KXBTC15M-26OCT042145-45,0.0210,2.00,no
2026-10-05T01:42:21.372866Z,KXBTC15M-26OCT042145-45,0.0250,0.01,no
2026-10-05T01:42:21.372866Z,KXBTC15M-26OCT042145-45,0.0210,2.00,no
2026-10-05T01:42:21.399546Z,KXBTC15M-26OCT042145-45,0.0220,42.54,yes
2026-10-05T01:42:21.412103Z,KXBTC15M-26OCT042145-45,0.0210,0.01,no
2026-10-05T01:42:21.412103Z,KXBTC15M-26OCT042145-45,0.0210,0.01,no
2026-10-05T01:42:21.412103Z,KXBTC15M-26OCT042145-45,0.0200,15.00,no
2026-10-05T01:42:21.412103Z,KXBTC15M-26OCT042145-45,0.0200,73.17,no
2026-10-05T01:42:21.412103Z,KXBTC15M-26OCT042145-45,0.0200,2.00,no
2026-10-05T01:42:21.412103Z,KXBTC15M-26OCT042145-45,0.0200,50.00,no
2026-10-05T01:42:21.412103Z,KXBTC15M-26OCT042145-45,0.0210,9.81,no
2026-10-05T01:42:21.419962Z,KXBTC15M-26OCT042145-45,0.0200,5.59,no
2026-10-05T01:42:21.435546Z,KXBTC15M-26OCT042145-45,0.0200,5.28,no
2026-10-05T01:42:21.480698Z,KXBTC15M-26OCT042145-45,0.0210,10.00,yes
2026-10-05T01:42:21.480698Z,KXBTC15M-26OCT042145-45,0.0210,32.54,yes
2026-10-05T01:42:21.629185Z,KXBTC15M-26OCT042145-45,0.0200,0.01,no
2026-10-05T01:42:21.629185Z,KXBTC15M-26OCT042145-45,0.0200,50.00,no
2026-10-05T01:42:21.629185Z,KXBTC15M-26OCT042145-45,0.0200,0.01,no
2026-10-05T01:42:21.655064Z,KXBTC15M-26OCT042145-45,0.0210,0.01,yes
2026-10-05T01:42:21.655064Z,KXBTC15M-26OCT042145-45,0.0210,1.78,yes
2026-10-05T01:42:21.655064Z,KXBTC15M-26OCT042145-45,0.0210,0.01,yes
2026-10-05T01:42:21.659896Z,KXBTC15M-26OCT042145-45,0.0200,0.01,no
2026-10-05T01:42:21.659896Z,KXBTC15M-26OCT042145-45,0.0200,4.99,no
2026-10-05T01:42:21.724201Z,KXBTC15M-26OCT042145-45,0.0210,116.40,yes
2026-10-05T01:42:21.724201Z,KXBTC15M-26OCT042145-45,0.0210,11.22,yes
2026-10-05T01:42:21.817035Z,KXBTC15M-26OCT042145-45,0.0210,36.00,yes
2026-10-05T01:42:21.821887Z,KXBTC15M-26OCT042145-45,0.0210,33.00,yes
2026-10-05T01:42:21.826087Z,KXBTC15M-26OCT042145-45,0.0210,35.39,yes
2026-10-05T01:42:21.970955Z,KXBTC15M-26OCT042145-45,0.0200,3.59,no
2026-10-05T01:42:21.973712Z,KXBTC15M-26OCT042145-45,0.0190,0.17,no
2026-10-05T01:42:21.973712Z,KXBTC15M-26OCT042145-45,0.0200,0.01,no
2026-10-05T01:42:21.973712Z,KXBTC15M-26OCT042145-45,0.0200,0.01,no
2026-10-05T01:42:21.973712Z,KXBTC15M-26OCT042145-45,0.0200,41.42,no
2026-10-05T01:42:21.973712Z,KXBTC15M-26OCT042145-45,0.0190,42.64,no
2026-10-05T01:42:21.973712Z,KXBTC15M-26OCT042145-45,0.0190,15.00,no
2026-10-05T01:42:21.973712Z,KXBTC15M-26OCT042145-45,0.0190,15.00,no
2026-10-05T01:42:21.973712Z,KXBTC15M-26OCT042145-45,0.0190,15.00,no
2026-10-05T01:42:21.99463Z,KXBTC15M-26OCT042145-45,0.0190,0.01,no
2026-10-05T01:42:21.99463Z,KXBTC15M-26OCT042145-45,0.0190,9.57,no
2026-10-05T01:42:21.99463Z,KXBTC15M-26OCT042145-45,0.0190,0.01,no
2026-10-05T01:42:22.075485Z,KXBTC15M-26OCT042145-45,0.0200,0.01,yes
2026-10-05T01:42:22.075485Z,KXBTC15M-26OCT042145-45,0.0200,10.00,yes
2026-10-05T01:42:22.075485Z,KXBTC15M-26OCT042145-45,0.0200,1.13,yes
2026-10-05T01:42:22.099244Z,KXBTC15M-26OCT042145-45,0.0200,42.54,yes
2026-10-05T01:42:22.293771Z,KXBTC15M-26OCT042145-45,0.0200,5.25,yes
2026-10-05T01:42:22.296529Z,KXBTC15M-26OCT042145-45,0.0190,1.01,no
2026-10-05T01:42:22.413549Z,KXBTC15M-26OCT042145-45,0.0200,48.04,yes
2026-10-05T01:42:22.413549Z,KXBTC15M-26OCT042145-45,0.0200,13.00,yes
2026-10-05T01:42:22.413549Z,KXBTC15M-26OCT042145-45,0.0200,27.00,yes
2026-10-05T01:42:22.413549Z,KXBTC15M-26OCT042145-45,0.0200,1.08,yes
2026-10-05T01:42:22.413549Z,KXBTC15M-26OCT042145-45,0.0200,0.01,yes
2026-10-05T01:42:22.431846Z,KXBTC15M-26OCT042145-45,0.0200,48.00,yes
2026-10-05T01:42:22.431846Z,KXBTC15M-26OCT042145-45,0.0200,8.00,yes
2026-10-05T01:42:22.431846Z,KXBTC15M-26OCT042145-45,0.0200,151.96,yes
2026-10-05T01:42:22.431846Z,KXBTC15M-26OCT042145-45,0.0200,105.11,yes
2026-10-05T01:42:22.431846Z,KXBTC15M-26OCT042145-45,0.0200,1.00,yes
2026-10-05T01:42:22.480919Z,KXBTC15M-26OCT042145-45,0.0190,25.16,no
2026-10-05T01:42:22.520324Z,KXBTC15M-26OCT042145-45,0.0190,39.24,no
2026-10-05T01:42:22.544288Z,KXBTC15M-26OCT042145-45,0.0200,46.79,yes
2026-10-05T01:42:22.54808Z,KXBTC15M-26OCT042145-45,0.0200,44.56,yes
2026-10-05T01:42:22.549925Z,KXBTC15M-26OCT042145-45,0.0200,347.54,yes
2026-10-05T01:42:22.549925Z,KXBTC15M-26OCT042145-45,0.0200,0.01,yes
2026-10-05T01:42:22.549925Z,KXBTC15M-26OCT042145-45,0.0200,119.95,yes
2026-10-05T01:42:22.569736Z,KXBTC15M-26OCT042145-45,0.0190,93.76,no
2026-10-05T01:42:22.687794Z,KXBTC15M-26OCT042145-45,0.0200,46.78,yes
2026-10-05T01:42:22.687794Z,KXBTC15M-26OCT042145-45,0.0200,0.01,yes
2026-10-05T01:42:22.726182Z,KXBTC15M-26OCT042145-45,0.0200,3.22,yes
2026-10-05T01:42:22.726182Z,KXBTC15M-26OCT042145-45,0.0200,0.01,yes
2026-10-05T01:42:22.726182Z,KXBTC15M-26OCT042145-45,0.0200,0.01,yes
2026-10-05T01:42:22.726182Z,KXBTC15M-26OCT042145-45,0.0200,0.01,yes
2026-10-05T01:42:22.726182Z,KXBTC15M-26OCT042145-45,0.0210,82.32,yes
2026-10-05T01:42:22.775868Z,KXBTC15M-26OCT042145-45,0.0200,15.00,yes
2026-10-05T01:42:22.775868Z,KXBTC15M-26OCT042145-45,0.0200,31.79,yes
2026-10-05T01:42:22.784707Z,KXBTC15M-26OCT042145-45,0.0190,0.01,no
2026-10-05T01:42:22.784707Z,KXBTC15M-26OCT042145-45,0.0190,0.01,no
2026-10-05T01:42:22.784707Z,KXBTC15M-26OCT042145-45,0.0190,24.44,no
2026-10-05T01:42:22.784707Z,KXBTC15M-26OCT042145-45,0.0190,179.14,no
2026-10-05T01:42:22.829772Z,KXBTC15M-26OCT042145-45,0.0200,0.01,yes
2026-10-05T01:42:22.829772Z,KXBTC15M-26OCT042145-45,0.0200,18.21,yes
2026-10-05T01:42:22.829772Z,KXBTC15M-26OCT042145-45,0.0200,0.01,yes
2026-10-05T01:42:22.829772Z,KXBTC15M-26OCT042145-45,0.0200,28.56,yes
2026-10-05T01:42:22.860781Z,KXBTC15M-26OCT042145-45,0.0190,70.83,no
2026-10-05T01:42:22.871229Z,KXBTC15M-26OCT042145-45,0.0200,111.75,yes
2026-10-05T01:42:23.014898Z,KXBTC15M-26OCT042145-45,0.0200,0.01,yes
2026-10-05T01:42:23.014898Z,KXBTC15M-26OCT042145-45,0.0200,50.00,yes
2026-10-05T01:42:23.014898Z,KXBTC15M-26OCT042145-45,0.0220,15.00,yes
2026-10-05T01:42:23.014898Z,KXBTC15M-26OCT042145-45,0.0250,15.00,yes
2026-10-05T01:42:23.014898Z,KXBTC15M-26OCT042145-45,0.0240,15.00,yes
2026-10-05T01:42:23.014898Z,KXBTC15M-26OCT042145-45,0.0210,46.00,yes
2026-10-05T01:42:23.014898Z,KXBTC15M-26OCT042145-45,0.0210,200.00,yes
2026-10-05T01:42:23.014898Z,KXBTC15M-26OCT042145-45,0.0210,468.00,yes
2026-10-05T01:42:23.014898Z,KXBTC15M-26OCT042145-45,0.0210,0.01,yes
2026-10-05T01:42:23.014898Z,KXBTC15M-26OCT042145-45,0.0230,10.00,yes
2026-10-05T01:42:23.014898Z,KXBTC15M-26OCT042145-45,0.0220,0.01,yes
2026-10-05T01:42:23.014898Z,KXBTC15M-26OCT042145-45,0.0250,93.75,yes
2026-10-05T01:42:23.014898Z,KXBTC15M-26OCT042145-45,0.0260,15.00,yes
2026-10-05T01:42:23.014898Z,KXBTC15M-26OCT042145-45,0.0210,1000.00,yes
2026-10-05T01:42:23.014898Z,KXBTC15M-26OCT042145-45,0.0250,93.75,yes
2026-10-05T01:42:23.014898Z,KXBTC15M-26OCT042145-45,0.0210,13.00,yes
2026-10-05T01:42:23.014898Z,KXBTC15M-26OCT042145-45,0.0200,0.01,yes
2026-10-05T01:42:23.014898Z,KXBTC15M-26OCT042145-45,0.0300,26.00,yes
2026-10-05T01:42:23.014898Z,KXBTC15M-26OCT042145-45,0.0210,1.00,yes
2026-10-05T01:42:23.014898Z,KXBTC15M-26OCT042145-45,0.0300,93.75,yes
2026-10-05T01:42:23.014898Z,KXBTC15M-26OCT042145-45,0.0270,2.00,yes
2026-10-05T01:42:23.014898Z,KXBTC15M-26OCT042145-45,0.0220,180.53,yes
2026-10-05T01:42:23.014898Z,KXBTC15M-26OCT042145-45,0.0300,50.00,yes
2026-10-05T01:42:23.014898Z,KXBTC15M-26OCT042145-45,0.0320,250.11,yes
2026-10-05T01:42:23.014898Z,KXBTC15M-26OCT042145-45,0.0250,64.00,yes
2026-10-05T01:42:23.014898Z,KXBTC15M-26OCT042145-45,0.0280,2.00,yes
2026-10-05T01:42:23.014898Z,KXBTC15M-26OCT042145-45,0.0300,93.75,yes
2026-10-05T01:42:23.014898Z,KXBTC15M-26OCT042145-45,0.0300,500.00,yes
2026-10-05T01:42:23.014898Z,KXBTC15M-26OCT042145-45,0.0280,500.00,yes
2026-10-05T01:42:23.014898Z,KXBTC15M-26OCT042145-45,0.0310,10.00,yes
2026-10-05T01:42:23.014898Z,KXBTC15M-26OCT042145-45,0.0270,2.00,yes
2026-10-05T01:42:23.014898Z,KXBTC15M-26OCT042145-45,0.0250,15.00,yes
2026-10-05T01:42:23.014898Z,KXBTC15M-26OCT042145-45,0.0290,2.00,yes
2026-10-05T01:42:23.014898Z,KXBTC15M-26OCT042145-45,0.0310,0.01,yes
2026-10-05T01:42:23.014898Z,KXBTC15M-26OCT042145-45,0.0220,1457.46,yes
2026-10-05T01:42:23.014898Z,KXBTC15M-26OCT042145-45,0.0260,500.00,yes
2026-10-05T01:42:23.014898Z,KXBTC15M-26OCT042145-45,0.0250,64.00,yes
2026-10-05T01:42:23.014898Z,KXBTC15M-26OCT042145-45,0.0280,2.00,yes
2026-10-05T01:42:23.014898Z,KXBTC15M-26OCT042145-45,0.0300,15.00,yes
2026-10-05T01:42:23.014898Z,KXBTC15M-26OCT042145-45,0.0290,10.00,yes
2026-10-05T01:42:23.014898Z,KXBTC15M-26OCT042145-45,0.0300,64.00,yes
2026-10-05T01:42:23.014898Z,KXBTC15M-26OCT042145-45,0.0300,64.00,yes
2026-10-05T01:42:23.014898Z,KXBTC15M-26OCT042145-45,0.0300,15.00,yes
2026-10-05T01:42:23.014898Z,KXBTC15M-26OCT042145-45,0.0300,500.00,yes
2026-10-05T01:42:23.014898Z,KXBTC15M-26OCT042145-45,0.0290,2.00,yes
2026-10-05T01:42:23.057078Z,KXBTC15M-26OCT042145-45,0.0310,6.29,no
2026-10-05T01:42:23.076315Z,KXBTC15M-26OCT042145-45,0.0310,32.90,no
2026-10-05T01:42:23.187701Z,KXBTC15M-26OCT042145-45,0.0320,2.00,yes
2026-10-05T01:42:23.187701Z,KXBTC15M-26OCT042145-45,0.0320,0.01,yes
2026-10-05T01:42:23.187701Z,KXBTC15M-26OCT042145-45,0.0320,99.00,yes
2026-10-05T01:42:23.187701Z,KXBTC15M-26OCT042145-45,0.0320,100.00,yes
2026-10-05T01:42:23.187701Z,KXBTC15M-26OCT042145-45,0.0320,94.65,yes
2026-10-05T01:42:23.187701Z,KXBTC15M-26OCT042145-45,0.0320,0.01,yes
2026-10-05T01:42:23.187701Z,KXBTC15M-26OCT042145-45,0.0320,2.00,yes
2026-10-05T01:42:23.187701Z,KXBTC15M-26OCT042145-45,0.0320,0.01,yes
2026-10-05T01:42:23.244676Z,KXBTC15M-26OCT042145-45,0.0310,277.00,no
2026-10-05T01:42:23.258185Z,KXBTC15M-26OCT042145-45,0.0310,1.64,no
2026-10-05T01:42:23.37072Z,KXBTC15M-26OCT042145-45,0.0320,22.68,yes
2026-10-05T01:42:23.428321Z,KXBTC15M-26OCT042145-45,0.0310,56.00,no
2026-10-05T01:42:23.494683Z,KXBTC15M-26OCT042145-45,0.0320,139.24,yes
2026-10-05T01:42:23.494683Z,KXBTC15M-26OCT042145-45,0.0320,282.67,yes
2026-10-05T01:42:23.494683Z,KXBTC15M-26OCT042145-45,0.0320,1.00,yes
2026-10-05T01:42:23.534981Z,KXBTC15M-26OCT042145-45,0.0320,4.13,yes
2026-10-05T01:42:23.574816Z,KXBTC15M-26OCT042145-45,0.0310,314.00,no
2026-10-05T01:42:23.59856Z,KXBTC15M-26OCT042145-45,0.0320,55.85,yes
2026-10-05T01:42:23.747138Z,KXBTC15M-26OCT042145-45,0.0320,0.01,yes
2026-10-05T01:42:23.747138Z,KXBTC15M-26OCT042145-45,0.0320,187.62,yes
2026-10-05T01:42:23.747138Z,KXBTC15M-26OCT042145-45,0.0320,5.02,yes
2026-10-05T01:42:23.747138Z,KXBTC15M-26OCT042145-45,0.0320,100.00,yes
2026-10-05T01:42:23.747138Z,KXBTC15M-26OCT042145-45,0.0320,0.01,yes
2026-10-05T01:42:23.785086Z,KXBTC15M-26OCT042145-45,0.0320,82.22,yes
2026-10-05T01:42:23.85904Z,KXBTC15M-26OCT042145-45,0.0310,629.22,no
2026-10-05T01:42:23.908396Z,KXBTC15M-26OCT042145-45,0.0310,0.01,no
2026-10-05T01:42:23.933258Z,KXBTC15M-26OCT042145-45,0.0310,49.25,no
2026-10-05T01:42:23.948676Z,KXBTC15M-26OCT042145-45,0.0310,0.02,no
2026-10-05T01:42:23.9697Z,KXBTC15M-26OCT042145-45,0.0320,58.53,yes
2026-10-05T01:42:23.976012Z,KXBTC15M-26OCT042145-45,0.0320,0.08,yes
2026-10-05T01:42:23.978153Z,KXBTC15M-26OCT042145-45,0.0310,0.17,no
2026-10-05T01:42:23.978153Z,KXBTC15M-26OCT042145-45,0.0310,133.67,no
2026-10-05T01:42:23.978153Z,KXBTC15M-26OCT042145-45,0.0310,0.01,no
2026-10-05T01:42:24.003102Z,KXBTC15M-26OCT042145-45,0.0310,90.61,no
2026-10-05T01:42:24.123751Z,KXBTC15M-26OCT042145-45,0.0310,157.30,no
2026-10-05T01:42:24.126697Z,KXBTC15M-26OCT042145-45,0.0290,1.00,no
2026-10-05T01:42:24.126697Z,KXBTC15M-26OCT042145-45,0.0290,126.00,no
2026-10-05T01:42:24.126697Z,KXBTC15M-26OCT042145-45,0.0310,105.92,no
2026-10-05T01:42:24.126697Z,KXBTC15M-26OCT042145-45,0.0310,0.01,no
2026-10-05T01:42:24.126697Z,KXBTC15M-26OCT042145-45,0.0310,0.01,no
2026-10-05T01:42:24.126697Z,KXBTC15M-26OCT042145-45,0.0280,81.99,no
2026-10-05T01:42:24.136329Z,KXBTC15M-26OCT042145-45,0.0310,29.26,yes
2026-10-05T01:42:24.19193Z,KXBTC15M-26OCT042145-45,0.0290,433.22,no
2026-10-05T01:42:24.19193Z,KXBTC15M-26OCT042145-45,0.0290,0.01,no
2026-10-05T01:42:24.19193Z,KXBTC15M-26OCT042145-45,0.0290,0.01,no
2026-10-05T01:42:24.19193Z,KXBTC15M-26OCT042145-45,0.0290,10.00,no
2026-10-05T01:42:24.21891Z,KXBTC15M-26OCT042145-45,0.0290,0.01,no
2026-10-05T01:42:24.21891Z,KXBTC15M-26OCT042145-45,0.0290,0.01,no
2026-10-05T01:42:24.21891Z,KXBTC15M-26OCT042145-45,0.0280,16.73,no
2026-10-05T01:42:24.247718Z,KXBTC15M-26OCT042145-45,0.0280,152.39,no
2026-10-05T01:42:24.251Z,KXBTC15M-26OCT042145-45,0.0290,2.92,yes
2026-10-05T01:42:24.320875Z,KXBTC15M-26OCT042145-45,0.0290,5.44,yes
2026-10-05T01:42:24.348477Z,KXBTC15M-26OCT042145-45,0.0280,86.84,no
2026-10-05T01:42:24.43935Z,KXBTC15M-26OCT042145-45,0.0280,85.00,no
2026-10-05T01:42:24.446049Z,KXBTC15M-26OCT042145-45,0.0280,10.08,no
2026-10-05T01:42:24.516854Z,KXBTC15M-26OCT042145-45,0.0280,2.06,no
2026-10-05T01:42:24.528492Z,KXBTC15M-26OCT042145-45,0.0280,19.16,no
2026-10-05T01:42:24.538118Z,KXBTC15M-26OCT042145-45,0.0280,0.01,no
2026-10-05T01:42:24.538118Z,KXBTC15M-26OCT042145-45,0.0280,0.01,no
2026-10-05T01:42:24.538118Z,KXBTC15M-26OCT042145-45,0.0270,315.98,no
2026-10-05T01:42:24.538118Z,KXBTC15M-26OCT042145-45,0.0280,45.75,no
2026-10-05T01:42:24.588501Z,KXBTC15M-26OCT042145-45,0.0290,156.06,yes
2026-10-05T01:42:24.623049Z,KXBTC15M-26OCT042145-45,0.0290,100.00,yes
2026-10-05T01:42:24.623049Z,KXBTC15M-26OCT042145-45,0.0290,385.45,yes
2026-10-05T01:42:24.623049Z,KXBTC15M-26OCT042145-45,0.0290,0.01,yes
2026-10-05T01:42:24.623049Z,KXBTC15M-26OCT042145-45,0.0290,0.01,yes
2026-10-05T01:42:24.623049Z,KXBTC15M-26OCT042145-45,0.0290,196.45,yes
2026-10-05T01:42:24.646819Z,KXBTC15M-26OCT042145-45,0.0270,0.01,no
2026-10-05T01:42:24.646819Z,KXBTC15M-26OCT042145-45,0.0250,166.97,no
2026-10-05T01:42:24.646819Z,KXBTC15M-26OCT042145-45,0.0280,0.01,no
2026-10-05T01:42:24.646819Z,KXBTC15M-26OCT042145-45,0.0280,0.01,no
2026-10-05T01:42:24.646819Z,KXBTC15M-26OCT042145-45,0.0260,141.00,no
2026-10-05T01:42:24.751466Z,KXBTC15M-26OCT042145-45,0.0280,0.01,no
2026-10-05T01:42:24.751466Z,KXBTC15M-26OCT042145-45,0.0280,0.01,no
2026-10-05T01:42:24.789922Z,KXBTC15M-26OCT042145-45,0.0250,20.42,yes
2026-10-05T01:42:24.789922Z,KXBTC15M-26OCT042145-45,0.0250,0.01,yes
2026-10-05T01:42:24.789922Z,KXBTC15M-26OCT042145-45,0.0250,0.01,yes
2026-10-05T01:42:24.789922Z,KXBTC15M-26OCT042145-45,0.0250,10.00,yes
2026-10-05T01:42:24.789922Z,KXBTC15M-26OCT042145-45,0.0250,131.00,yes
2026-10-05T01:42:24.801141Z,KXBTC15M-26OCT042145-45,0.0190,15.00,no
2026-10-05T01:42:24.801141Z,KXBTC15M-26OCT042145-45,0.0170,100.00,no
2026-10-05T01:42:24.801141Z,KXBTC15M-26OCT042145-45,0.0240,0.01,no
2026-10-05T01:42:24.801141Z,KXBTC15M-26OCT042145-45,0.0210,2.00,no
2026-10-05T01:42:24.801141Z,KXBTC15M-26OCT042145-45,0.0240,1.00,no
2026-10-05T01:42:24.801141Z,KXBTC15M-26OCT042145-45,0.0210,2.00,no
2026-10-05T01:42:24.801141Z,KXBTC15M-26OCT042145-45,0.0240,0.01,no
2026-10-05T01:42:24.801141Z,KXBTC15M-26OCT042145-45,0.0210,11.00,no
2026-10-05T01:42:24.801141Z,KXBTC15M-26OCT042145-45,0.0190,386.00,no
2026-10-05T01:42:24.801141Z,KXBTC15M-26OCT042145-45,0.0230,619.00,no
2026-10-05T01:42:24.801141Z,KXBTC15M-26OCT042145-45,0.0210,20.00,no
2026-10-05T01:42:24.801141Z,KXBTC15M-26OCT042145-45,0.0200,50.00,no
2026-10-05T01:42:24.801141Z,KXBTC15M-26OCT042145-45,0.0160,230.46,no
2026-10-05T01:42:24.801141Z,KXBTC15M-26OCT042145-45,0.0230,2.00,no
2026-10-05T01:42:24.801141Z,KXBTC15M-26OCT042145-45,0.0170,1.00,no
2026-10-05T01:42:24.801141Z,KXBTC15M-26OCT042145-45,0.0200,15.00,no
2026-10-05T01:42:24.801141Z,KXBTC15M-26OCT042145-45,0.0230,2.00,no
2026-10-05T01:42:24.801141Z,KXBTC15M-26OCT042145-45,0.0220,2.00,no
2026-10-05T01:42:24.801141Z,KXBTC15M-26OCT042145-45,0.0200,15.00,no
2026-10-05T01:42:24.801141Z,KXBTC15M-26OCT042145-45,0.0180,1.00,no
2026-10-05T01:42:24.801141Z,KXBTC15M-26OCT042145-45,0.0200,500.00,no
2026-10-05T01:42:24.801141Z,KXBTC15M-26OCT042145-45,0.0220,2.00,no
2026-10-05T01:42:24.801141Z,KXBTC15M-26OCT042145-45,0.0200,15.00,no
2026-10-05T01:42:24.801141Z,KXBTC15M-26OCT042145-45,0.0200,15.00,no
2026-10-05T01:42:24.801141Z,KXBTC15M-26OCT042145-45,0.0240,500.00,no
2026-10-05T01:42:24.801141Z,KXBTC15M-26OCT042145-45,0.0180,500.00,no
2026-10-05T01:42:24.801141Z,KXBTC15M-26OCT042145-45,0.0180,74.00,no
2026-10-05T01:42:24.801141Z,KXBTC15M-26OCT042145-45,0.0160,10.00,no
2026-10-05T01:42:24.891506Z,KXBTC15M-26OCT042145-45,0.0150,0.05,no
2026-10-05T01:42:24.891506Z,KXBTC15M-26OCT042145-45,0.0150,15.00,no
2026-10-05T01:42:24.891506Z,KXBTC15M-26OCT042145-45,0.0150,20.85,no
2026-10-05T01:42:24.891506Z,KXBTC15M-26OCT042145-45,0.0160,0.01,no
2026-10-05T01:42:24.891506Z,KXBTC15M-26OCT042145-45,0.0180,2.00,no
2026-10-05T01:42:24.891506Z,KXBTC15M-26OCT042145-45,0.0170,810.00,no
2026-10-05T01:42:24.891506Z,KXBTC15M-26OCT042145-45,0.0180,377.10,no
2026-10-05T01:42:24.891506Z,KXBTC15M-26OCT042145-45,0.0160,2.00,no
2026-10-05T01:42:24.891506Z,KXBTC15M-26OCT042145-45,0.0180,0.01,no
2026-10-05T01:42:24.891506Z,KXBTC15M-26OCT042145-45,0.0180,2.00,no
2026-10-05T01:42:24.891506Z,KXBTC15M-26OCT042145-45,0.0180,0.01,no
2026-10-05T01:42:24.891506Z,KXBTC15M-26OCT042145-45,0.0170,2.00,no
2026-10-05T01:42:24.891506Z,KXBTC15M-26OCT042145-45,0.0170,2.00,no
2026-10-05T01:42:24.891506Z,KXBTC15M-26OCT042145-45,0.0170,0.01,no
2026-10-05T01:42:24.891506Z,KXBTC15M-26OCT042145-45,0.0160,2.00,no
2026-10-05T01:42:24.891506Z,KXBTC15M-26OCT042145-45,0.0150,88.00,no
2026-10-05T01:42:24.891506Z,KXBTC15M-26OCT042145-45,0.0160,1.00,no
2026-10-05T01:42:24.891506Z,KXBTC15M-26OCT042145-45,0.0160,1893.54,no
2026-10-05T01:42:24.891506Z,KXBTC15M-26OCT042145-45,0.0150,0.91,no
2026-10-05T01:42:24.891506Z,KXBTC15M-26OCT042145-45,0.0150,15.00,no
2026-10-05T01:42:24.891506Z,KXBTC15M-26OCT042145-45,0.0180,1.04,no
2026-10-05T01:42:24.905255Z,KXBTC15M-26OCT042145-45,0.0190,31.21,yes
2026-10-05T01:42:24.918361Z,KXBTC15M-26OCT042145-45,0.0170,15.00,no
2026-10-05T01:42:25.006342Z,KXBTC15M-26OCT042145-45,0.0180,5.02,no
2026-10-05T01:42:25.025401Z,KXBTC15M-26OCT042145-45,0.0190,208.88,yes
2026-10-05T01:42:25.025401Z,KXBTC15M-26OCT042145-45,0.0190,0.01,yes
2026-10-05T01:42:25.025401Z,KXBTC15M-26OCT042145-45,0.0190,0.01,yes
2026-10-05T01:42:25.025401Z,KXBTC15M-26OCT042145-45,0.0190,1468.79,yes
2026-10-05T01:42:25.0256Z,KXBTC15M-26OCT042145-45,0.0180,66.00,no
2026-10-05T01:42:25.0256Z,KXBTC15M-26OCT042145-45,0.0180,1.03,no
2026-10-05T01:42:25.0256Z,KXBTC15M-26OCT042145-45,0.0170,0.01,no
2026-10-05T01:42:25.0256Z,KXBTC15M-26OCT042145-45,0.0180,0.01,no
2026-10-05T01:42:25.0256Z,KXBTC15M-26OCT042145-45,0.0170,0.01,no
2026-10-05T01:42:25.0256Z,KXBTC15M-26OCT042145-45,0.0180,316.62,no
2026-10-05T01:42:25.0256Z,KXBTC15M-26OCT042145-45,0.0180,1.04,no
2026-10-05T01:42:25.0256Z,KXBTC15M-26OCT042145-45,0.0180,0.01,no
2026-10-05T01:42:25.0256Z,KXBTC15M-26OCT042145-45,0.0170,405.00,no
2026-10-05T01:42:25.072316Z,KXBTC15M-26OCT042145-45,0.0190,15.00,yes
2026-10-05T01:42:25.072316Z,KXBTC15M-26OCT042145-45,0.0190,16.20,yes
2026-10-05T01:42:25.072316Z,KXBTC15M-26OCT042145-45,0.0190,0.01,yes
2026-10-05T01:42:25.116831Z,KXBTC15M-26OCT042145-45,0.0180,0.01,no
2026-10-05T01:42:25.116831Z,KXBTC15M-26OCT042145-45,0.0180,34.67,no
2026-10-05T01:42:25.118907Z,KXBTC15M-26OCT042145-45,0.0180,150.00,no
2026-10-05T01:42:25.163966Z,KXBTC15M-26OCT042145-45,0.0180,1061.00,no
2026-10-05T01:42:25.225232Z,KXBTC15M-26OCT042145-45,0.0190,141.84,yes
2026-10-05T01:42:25.262685Z,KXBTC15M-26OCT042145-45,0.0180,46.84,no
2026-10-05T01:42:25.295377Z,KXBTC15M-26OCT042145-45,0.0190,0.01,yes
2026-10-05T01:42:25.295377Z,KXBTC15M-26OCT042145-45,0.0190,83.47,yes
2026-10-05T01:42:25.295377Z,KXBTC15M-26OCT042145-45,0.0190,15.00,yes
2026-10-05T01:42:25.295377Z,KXBTC15M-26OCT042145-45,0.0190,0.01,yes
2026-10-05T01:42:25.351576Z,KXBTC15M-26OCT042145-45,0.0190,10.00,yes
2026-10-05T01:42:25.364461Z,KXBTC15M-26OCT042145-45,0.0180,7.44,no
2026-10-05T01:42:25.486779Z,KXBTC15M-26OCT042145-45,0.0180,2.15,no
2026-10-05T01:42:25.497603Z,KXBTC15M-26OCT042145-45,0.0190,144.79,yes
2026-10-05T01:42:25.528704Z,KXBTC15M-26OCT042145-45,0.0190,0.01,yes
2026-10-05T01:42:25.528704Z,KXBTC15M-26OCT042145-45,0.0190,0.01,yes
2026-10-05T01:42:25.528704Z,KXBTC15M-26OCT042145-45,0.0190,0.01,yes
2026-10-05T01:42:25.545279Z,KXBTC15M-26OCT042145-45,0.0190,14.99,yes
2026-10-05T01:42:25.545279Z,KXBTC15M-26OCT042145-45,0.0190,1.13,yes
2026-10-05T01:42:25.545279Z,KXBTC15M-26OCT042145-45,0.0190,0.01,yes
2026-10-05T01:42:25.545279Z,KXBTC15M-26OCT042145-45,0.0190,0.01,yes
2026-10-05T01:42:25.681822Z,KXBTC15M-26OCT042145-45,0.0190,0.01,yes
2026-10-05T01:42:25.681822Z,KXBTC15M-26OCT042145-45,0.0200,19.37,yes
2026-10-05T01:42:25.681822Z,KXBTC15M-26OCT042145-45,0.0190,0.01,yes
2026-10-05T01:42:25.681822Z,KXBTC15M-26OCT042145-45,0.0190,15.00,yes
2026-10-05T01:42:25.681822Z,KXBTC15M-26OCT042145-45,0.0190,13.87,yes
2026-10-05T01:42:25.726796Z,KXBTC15M-26OCT042145-45,0.0200,78.82,yes
2026-10-05T01:42:25.726796Z,KXBTC15M-26OCT042145-45,0.0200,200.00,yes
2026-10-05T01:42:25.726796Z,KXBTC15M-26OCT042145-45,0.0200,1.00,yes
2026-10-05T01:42:25.726796Z,KXBTC15M-26OCT042145-45,0.0200,0.01,yes
2026-10-05T01:42:25.726796Z,KXBTC15M-26OCT042145-45,0.0200,0.01,yes
2026-10-05T01:42:25.727497Z,KXBTC15M-26OCT042145-45,0.0180,67.00,no
2026-10-05T01:42:25.727497Z,KXBTC15M-26OCT042145-45,0.0180,100.00,no
2026-10-05T01:42:25.727497Z,KXBTC15M-26OCT042145-45,0.0180,15.00,no
2026-10-05T01:42:25.727497Z,KXBTC15M-26OCT042145-45,0.0180,92.63,no
2026-10-05T01:42:25.727497Z,KXBTC15M-26OCT042145-45,0.0180,15.00,no
2026-10-05T01:42:25.727497Z,KXBTC15M-26OCT042145-45,0.0180,217.91,no
2026-10-05T01:42:25.727497Z,KXBTC15M-26OCT042145-45,0.0180,0.01,no
2026-10-05T01:42:25.727497Z,KXBTC15M-26OCT042145-45,0.0180,0.01,no
2026-10-05T01:42:25.743812Z,KXBTC15M-26OCT042145-45,0.0190,3.00,no
2026-10-05T01:42:25.899677Z,KXBTC15M-26OCT042145-45,0.0190,141.66,no
2026-10-05T01:42:25.951257Z,KXBTC15M-26OCT042145-45,0.0200,4.98,yes
2026-10-05T01:42:25.951257Z,KXBTC15M-26OCT042145-45,0.0200,0.01,yes
2026-10-05T01:42:25.951257Z,KXBTC15M-26OCT042145-45,0.0200,0.01,yes
2026-10-05T01:42:25.962234Z,KXBTC15M-26OCT042145-45,0.0200,11.98,yes
2026-10-05T01:42:25.962234Z,KXBTC15M-26OCT042145-45,0.0200,10.02,yes
2026-10-05T01:42:25.978042Z,KXBTC15M-26OCT042145-45,0.0200,0.01,yes
2026-10-05T01:42:25.978042Z,KXBTC15M-26OCT042145-45,0.0200,11.98,yes
2026-10-05T01:42:25.978042Z,KXBTC15M-26OCT042145-45,0.0200,1.02,yes
2026-10-05T01:42:25.978042Z,KXBTC15M-26OCT042145-45,0.0200,1.93,yes
2026-10-05T01:42:25.978042Z,KXBTC15M-26OCT042145-45,0.0200,0.01,yes
2026-10-05T01:42:26.026575Z,KXBTC15M-26OCT042145-45,0.0200,6.00,yes
2026-10-05T01:42:26.026575Z,KXBTC15M-26OCT042145-45,0.0200,15.00,yes
2026-10-05T01:42:26.097916Z,KXBTC15M-26OCT042145-45,0.0200,63.24,yes
2026-10-05T01:42:26.12423Z,KXBTC15M-26OCT042145-45,0.0200,4.67,yes
2026-10-05T01:42:26.191815Z,KXBTC15M-26OCT042145-45,0.0190,0.01,no
2026-10-05T01:42:26.191815Z,KXBTC15M-26OCT042145-45,0.0190,0.01,no
2026-10-05T01:42:26.191815Z,KXBTC15M-26OCT042145-45,0.0190,1.14,no
2026-10-05T01:42:26.20989Z,KXBTC15M-26OCT042145-45,0.0190,11.18,no
2026-10-05T01:42:26.318305Z,KXBTC15M-26OCT042145-45,0.0150,15.00,no
2026-10-05T01:42:26.318305Z,KXBTC15M-26OCT042145-45,0.0160,500.00,no
2026-10-05T01:42:26.318305Z,KXBTC15M-26OCT042145-45,0.0190,2.68,no
2026-10-05T01:42:26.318305Z,KXBTC15M-26OCT042145-45,0.0180,15.00,no
2026-10-05T01:42:26.318305Z,KXBTC15M-26OCT042145-45,0.0180,15.00,no
2026-10-05T01:42:26.318305Z,KXBTC15M-26OCT042145-45,0.0150,1.59,no
2026-10-05T01:42:26.318305Z,KXBTC15M-26OCT042145-45,0.0190,15.00,no
2026-10-05T01:42:26.318305Z,KXBTC15M-26OCT042145-45,0.0160,100.00,no
2026-10-05T01:42:26.318305Z,KXBTC15M-26OCT042145-45,0.0180,15.00,no
2026-10-05T01:42:26.318305Z,KXBTC15M-26OCT042145-45,0.0190,0.01,no
2026-10-05T01:42:26.318305Z,KXBTC15M-26OCT042145-45,0.0190,0.01,no
2026-10-05T01:42:26.318305Z,KXBTC15M-26OCT042145-45,0.0160,1.00,no
2026-10-05T01:42:26.452922Z,KXBTC15M-26OCT042145-45,0.0200,23.39,yes
2026-10-05T01:42:26.459383Z,KXBTC15M-26OCT042145-45,0.0200,102.70,yes
2026-10-05T01:42:26.459383Z,KXBTC15M-26OCT042145-45,0.0200,0.12,yes
2026-10-05T01:42:26.469164Z,KXBTC15M-26OCT042145-45,0.0190,0.01,no
2026-10-05T01:42:26.469164Z,KXBTC15M-26OCT042145-45,0.0180,143.27,no
2026-10-05T01:42:26.469164Z,KXBTC15M-26OCT042145-45,0.0190,0.01,no
2026-10-05T01:42:26.541978Z,KXBTC15M-26OCT042145-45,0.0190,48.07,yes
2026-10-05T01:42:26.557652Z,KXBTC15M-26OCT042145-45,0.0150,1.29,no
2026-10-05T01:42:26.557652Z,KXBTC15M-26OCT042145-45,0.0180,0.01,no
2026-10-05T01:42:26.557652Z,KXBTC15M-26OCT042145-45,0.0180,0.01,no
2026-10-05T01:42:26.601068Z,KXBTC15M-26OCT042145-45,0.0190,224.11,yes
2026-10-05T01:42:26.607412Z,KXBTC15M-26OCT042145-45,0.0190,494.00,yes
2026-10-05T01:42:26.611461Z,KXBTC15M-26OCT042145-45,0.0190,5.17,yes
2026-10-05T01:42:26.667251Z,KXBTC15M-26OCT042145-45,0.0190,235.23,yes
2026-10-05T01:42:26.874758Z,KXBTC15M-26OCT042145-45,0.0190,47.30,yes
2026-10-05T01:42:26.878678Z,KXBTC15M-26OCT042145-45,0.0190,48.07,yes
2026-10-05T01:42:26.884322Z,KXBTC15M-26OCT042145-45,0.0120,98.00,no
2026-10-05T01:42:26.884322Z,KXBTC15M-26OCT042145-45,0.0120,15.00,no
2026-10-05T01:42:26.884322Z,KXBTC15M-26OCT042145-45,0.0120,8.00,no
2026-10-05T01:42:26.884322Z,KXBTC15M-26OCT042145-45,0.0130,10.00,no
2026-10-05T01:42:26.884322Z,KXBTC15M-26OCT042145-45,0.0140,0.91,no
2026-10-05T01:42:26.884322Z,KXBTC15M-26OCT042145-45,0.0130,2.00,no
2026-10-05T01:42:26.884322Z,KXBTC15M-26OCT042145-45,0.0130,1.00,no
2026-10-05T01:42:26.884322Z,KXBTC15M-26OCT042145-45,0.0120,2.00,no
2026-10-05T01:42:26.884322Z,KXBTC15M-26OCT042145-45,0.0120,2.00,no
2026-10-05T01:42:26.884322Z,KXBTC15M-26OCT042145-45,0.0140,2.00,no
2026-10-05T01:42:26.884322Z,KXBTC15M-26OCT042145-45,0.0130,2.00,no
2026-10-05T01:42:26.884322Z,KXBTC15M-26OCT042145-45,0.0130,1.00,no
2026-10-05T01:42:26.884322Z,KXBTC15M-26OCT042145-45,0.0140,98.00,no
2026-10-05T01:42:26.884322Z,KXBTC15M-26OCT042145-45,0.0120,1.00,no
2026-10-05T01:42:26.884322Z,KXBTC15M-26OCT042145-45,0.0180,0.01,no
2026-10-05T01:42:26.884322Z,KXBTC15M-26OCT042145-45,0.0140,261.00,no
2026-10-05T01:42:26.884322Z,KXBTC15M-26OCT042145-45,0.0160,1500.00,no
2026-10-05T01:42:26.884322Z,KXBTC15M-26OCT042145-45,0.0180,0.01,no
2026-10-05T01:42:26.884322Z,KXBTC15M-26OCT042145-45,0.0140,261.00,no
2026-10-05T01:42:26.884322Z,KXBTC15M-26OCT042145-45,0.0170,140.00,no
2026-10-05T01:42:26.884322Z,KXBTC15M-26OCT042145-45,0.0150,91.00,no
2026-10-05T01:42:26.884322Z,KXBTC15M-26OCT042145-45,0.0120,15.00,no
2026-10-05T01:42:26.884322Z,KXBTC15M-26OCT042145-45,0.0130,500.00,no
2026-10-05T01:42:26.884322Z,KXBTC15M-26OCT042145-45,0.0110,512.00,no
2026-10-05T01:42:26.884322Z,KXBTC15M-26OCT042145-45,0.0110,11.57,no
2026-10-05T01:42:26.884322Z,KXBTC15M-26OCT042145-45,0.0110,953.50,no
2026-10-05T01:42:26.884322Z,KXBTC15M-26OCT042145-45,0.0110,512.00,no
2026-10-05T01:42:26.920105Z,KXBTC15M-26OCT042145-45,0.0140,1083.00,yes
2026-10-05T01:42:26.923751Z,KXBTC15M-26OCT042145-45,0.0140,151.00,yes
2026-10-05T01:42:27.056101Z,KXBTC15M-26OCT042145-45,0.0140,10.00,yes
2026-10-05T01:42:27.073955Z,KXBTC15M-26OCT042145-45,0.0140,236.49,yes
2026-10-05T01:42:27.073955Z,KXBTC15M-26OCT042145-45,0.0140,256.00,yes
2026-10-05T01:42:27.190108Z,KXBTC15M-26OCT042145-45,0.0140,39.89,yes
2026-10-05T01:42:27.265626Z,KXBTC15M-26OCT042145-45,0.0140,106.62,yes
2026-10-05T01:42:27.265626Z,KXBTC15M-26OCT042145-45,0.0140,262.97,yes
2026-10-05T01:42:27.265626Z,KXBTC15M-26OCT042145-45,0.0140,512.00,yes
2026-10-05T01:42:27.265626Z,KXBTC15M-26OCT042145-45,0.0140,15.00,yes
2026-10-05T01:42:27.265626Z,KXBTC15M-26OCT042145-45,0.0140,0.01,yes
2026-10-05T01:42:27.265626Z,KXBTC15M-26OCT042145-45,0.0140,512.00,yes
2026-10-05T01:42:27.265626Z,KXBTC15M-26OCT042145-45,0.0140,860.00,yes
2026-10-05T01:42:27.265626Z,KXBTC15M-26OCT042145-45,0.0140,0.01,yes
2026-10-05T01:42:27.265626Z,KXBTC15M-26OCT042145-45,0.0140,0.01,yes
2026-10-05T01:42:27.265626Z,KXBTC15M-26OCT042145-45,0.0140,34.02,yes
2026-10-05T01:42:27.279437Z,KXBTC15M-26OCT042145-45,0.0150,34.23,yes
2026-10-05T01:42:27.279437Z,KXBTC15M-26OCT042145-45,0.0140,0.01,yes
2026-10-05T01:42:27.279437Z,KXBTC15M-26OCT042145-45,0.0140,15.00,yes
2026-10-05T01:42:27.279437Z,KXBTC15M-26OCT042145-45,0.0140,0.01,yes
2026-10-05T01:42:27.294352Z,KXBTC15M-26OCT042145-45,0.0150,34.25,yes
2026-10-05T01:42:27.294352Z,KXBTC15M-26OCT042145-45,0.0140,15.00,yes
2026-10-05T01:42:27.300213Z,KXBTC15M-26OCT042145-45,0.0150,49.23,yes
2026-10-05T01:42:27.300213Z,KXBTC15M-26OCT042145-45,0.0140,0.01,yes
2026-10-05T01:42:27.300213Z,KXBTC15M-26OCT042145-45,0.0140,0.01,yes
2026-10-05T01:42:27.329557Z,KXBTC15M-26OCT042145-45,0.0150,4.98,yes
2026-10-05T01:42:27.329557Z,KXBTC15M-26OCT042145-45,0.0140,15.00,yes
2026-10-05T01:42:27.329557Z,KXBTC15M-26OCT042145-45,0.0140,0.01,yes
2026-10-05T01:42:27.329557Z,KXBTC15M-26OCT042145-45,0.0140,0.01,yes
2026-10-05T01:42:27.370601Z,KXBTC15M-26OCT042145-45,0.0140,2.00,yes
2026-10-05T01:42:27.37383Z,KXBTC15M-26OCT042145-45,0.0150,361.82,yes
2026-10-05T01:42:27.37383Z,KXBTC15M-26OCT042145-45,0.0140,15.00,yes
2026-10-05T01:42:27.37383Z,KXBTC15M-26OCT042145-45,0.0140,0.01,yes
2026-10-05T01:42:27.37383Z,KXBTC15M-26OCT042145-45,0.0140,8.00,yes
2026-10-05T01:42:27.37383Z,KXBTC15M-26OCT042145-45,0.0140,0.01,yes
2026-10-05T01:42:27.400596Z,KXBTC15M-26OCT042145-45,0.0130,11.32,no
2026-10-05T01:42:27.411023Z,KXBTC15M-26OCT042145-45,0.0150,36.71,yes
2026-10-05T01:42:27.411023Z,KXBTC15M-26OCT042145-45,0.0140,0.01,yes
2026-10-05T01:42:27.411023Z,KXBTC15M-26OCT042145-45,0.0140,15.00,yes
2026-10-05T01:42:27.411023Z,KXBTC15M-26OCT042145-45,0.0140,0.01,yes
2026-10-05T01:42:27.474825Z,KXBTC15M-26OCT042145-45,0.0130,400.00,no
2026-10-05T01:42:27.474825Z,KXBTC15M-26OCT042145-45,0.0120,8.00,no
2026-10-05T01:42:27.474825Z,KXBTC15M-26OCT042145-45,0.0120,70.00,no
2026-10-05T01:42:27.474825Z,KXBTC15M-26OCT042145-45,0.0130,131.00,no
2026-10-05T01:42:27.474825Z,KXBTC15M-26OCT042145-45,0.0130,100.00,no
2026-10-05T01:42:27.474825Z,KXBTC15M-26OCT042145-45,0.0130,0.01,no
2026-10-05T01:42:27.474825Z,KXBTC15M-26OCT042145-45,0.0130,15.00,no
2026-10-05T01:42:27.474825Z,KXBTC15M-26OCT042145-45,0.0130,15.00,no
2026-10-05T01:42:27.474825Z,KXBTC15M-26OCT042145-45,0.0130,15.00,no
2026-10-05T01:42:27.474825Z,KXBTC15M-26OCT042145-45,0.0130,15.00,no
2026-10-05T01:42:27.474825Z,KXBTC15M-26OCT042145-45,0.0130,15.00,no
2026-10-05T01:42:27.474825Z,KXBTC15M-26OCT042145-45,0.0120,100.00,no
2026-10-05T01:42:27.474825Z,KXBTC15M-26OCT042145-45,0.0120,15.00,no
2026-10-05T01:42:27.474825Z,KXBTC15M-26OCT042145-45,0.0130,15.00,no
2026-10-05T01:42:27.474825Z,KXBTC15M-26OCT042145-45,0.0120,610.00,no
2026-10-05T01:42:27.474825Z,KXBTC15M-26OCT042145-45,0.0130,15.00,no
2026-10-05T01:42:27.474825Z,KXBTC15M-26OCT042145-45,0.0130,0.01,no
2026-10-05T01:42:27.474825Z,KXBTC15M-26OCT042145-45,0.0110,79.50,no
2026-10-05T01:42:27.529731Z,KXBTC15M-26OCT042145-45,0.0130,14.00,no
2026-10-05T01:42:27.529731Z,KXBTC15M-26OCT042145-45,0.0130,87.21,no
2026-10-05T01:42:27.529731Z,KXBTC15M-26OCT042145-45,0.0130,0.01,no
2026-10-05T01:42:27.535535Z,KXBTC15M-26OCT042145-45,0.0140,50.46,yes
2026-10-05T01:42:27.535535Z,KXBTC15M-26OCT042145-45,0.0140,0.01,yes
2026-10-05T01:42:27.535535Z,KXBTC15M-26OCT042145-45,0.0140,15.00,yes
2026-10-05T01:42:27.535535Z,KXBTC15M-26OCT042145-45,0.0140,0.01,yes
2026-10-05T01:42:27.570105Z,KXBTC15M-26OCT042145-45,0.0140,5.21,yes
2026-10-05T01:42:27.570105Z,KXBTC15M-26OCT042145-45,0.0140,29.04,yes
2026-10-05T01:42:27.570105Z,KXBTC15M-26OCT042145-45,0.0140,15.00,yes
2026-10-05T01:42:27.58511Z,KXBTC15M-26OCT042145-45,0.0140,2.67,yes
2026-10-05T01:42:27.597545Z,KXBTC15M-26OCT042145-45,0.0130,14.00,no
2026-10-05T01:42:27.610659Z,KXBTC15M-26OCT042145-45,0.0130,13.00,no
2026-10-05T01:42:27.613041Z,KXBTC15M-26OCT042145-45,0.0130,37.00,no
2026-10-05T01:42:27.636892Z,KXBTC15M-26OCT042145-45,0.0130,17.36,no
2026-10-05T01:42:27.642478Z,KXBTC15M-26OCT042145-45,0.0140,15.00,yes
2026-10-05T01:42:27.642478Z,KXBTC15M-26OCT042145-45,0.0140,0.01,yes
2026-10-05T01:42:27.642478Z,KXBTC15M-26OCT042145-45,0.0140,15.00,yes
2026-10-05T01:42:27.642478Z,KXBTC15M-26OCT042145-45,0.0150,0.01,yes
2026-10-05T01:42:27.642478Z,KXBTC15M-26OCT042145-45,0.0150,31.72,yes
2026-10-05T01:42:27.642478Z,KXBTC15M-26OCT042145-45,0.0140,0.01,yes
2026-10-05T01:42:27.718003Z,KXBTC15M-26OCT042145-45,0.0130,296.00,no
2026-10-05T01:42:27.718003Z,KXBTC15M-26OCT042145-45,0.0120,100.00,no
2026-10-05T01:42:27.718003Z,KXBTC15M-26OCT042145-45,0.0120,200.00,no
2026-10-05T01:42:27.718003Z,KXBTC15M-26OCT042145-45,0.0130,15.00,no
2026-10-05T01:42:27.718003Z,KXBTC15M-26OCT042145-45,0.0140,1.00,no
2026-10-05T01:42:27.718003Z,KXBTC15M-26OCT042145-45,0.0120,15.00,no
2026-10-05T01:42:27.718003Z,KXBTC15M-26OCT042145-45,0.0140,0.01,no
2026-10-05T01:42:27.718003Z,KXBTC15M-26OCT042145-45,0.0130,200.00,no
2026-10-05T01:42:27.718003Z,KXBTC15M-26OCT042145-45,0.0130,0.01,no
2026-10-05T01:42:27.718003Z,KXBTC15M-26OCT042145-45,0.0130,15.00,no
2026-10-05T01:42:27.718003Z,KXBTC15M-26OCT042145-45,0.0120,63.00,no
2026-10-05T01:42:27.718003Z,KXBTC15M-26OCT042145-45,0.0130,0.01,no
2026-10-05T01:42:27.718003Z,KXBTC15M-26OCT042145-45,0.0130,15.00,no
2026-10-05T01:42:27.718003Z,KXBTC15M-26OCT042145-45,0.0140,0.01,no
2026-10-05T01:42:27.718003Z,KXBTC15M-26OCT042145-45,0.0110,64.95,no
2026-10-05T01:42:27.719395Z,KXBTC15M-26OCT042145-45,0.0110,10.53,no
2026-10-05T01:42:27.73448Z,KXBTC15M-26OCT042145-45,0.0120,14.99,no
2026-10-05T01:42:27.802873Z,KXBTC15M-26OCT042145-45,0.0140,10.00,yes
2026-10-05T01:42:27.802873Z,KXBTC15M-26OCT042145-45,0.0140,15.00,yes
2026-10-05T01:42:27.802873Z,KXBTC15M-26OCT042145-45,0.0140,15.00,yes
2026-10-05T01:42:27.802873Z,KXBTC15M-26OCT042145-45,0.0140,42.59,yes
2026-10-05T01:42:27.802873Z,KXBTC15M-26OCT042145-45,0.0140,0.01,yes
2026-10-05T01:42:27.802873Z,KXBTC15M-26OCT042145-45,0.0140,0.01,yes
2026-10-05T01:42:27.833627Z,KXBTC15M-26OCT042145-45,0.0140,10.53,yes
2026-10-05T01:42:27.833627Z,KXBTC15M-26OCT042145-45,0.0140,0.01,yes
2026-10-05T01:42:27.833627Z,KXBTC15M-26OCT042145-45,0.0140,0.01,yes
2026-10-05T01:42:27.833627Z,KXBTC15M-26OCT042145-45,0.0140,15.00,yes
2026-10-05T01:42:27.833627Z,KXBTC15M-26OCT042145-45,0.0150,1.34,yes
2026-10-05T01:42:27.833627Z,KXBTC15M-26OCT042145-45,0.0140,22.36,yes
2026-10-05T01:42:27.855381Z,KXBTC15M-26OCT042145-45,0.0130,63.59,no
2026-10-05T01:42:27.855381Z,KXBTC15M-26OCT042145-45,0.0130,0.01,no
2026-10-05T01:42:27.859343Z,KXBTC15M-26OCT042145-45,0.0130,88.54,no
2026-10-05T01:42:27.863046Z,KXBTC15M-26OCT042145-45,0.0140,0.01,yes
2026-10-05T01:42:27.863046Z,KXBTC15M-26OCT042145-45,0.0140,9.15,yes
2026-10-05T01:42:27.863046Z,KXBTC15M-26OCT042145-45,0.0140,0.01,yes
2026-10-05T01:42:27.866691Z,KXBTC15M-26OCT042145-45,0.0140,5.85,yes
2026-10-05T01:42:27.866691Z,KXBTC15M-26OCT042145-45,0.0150,133.46,yes
2026-10-05T01:42:27.866691Z,KXBTC15M-26OCT042145-45,0.0150,166.94,yes
2026-10-05T01:42:27.894788Z,KXBTC15M-26OCT042145-45,0.0140,0.01,yes
2026-10-05T01:42:27.894788Z,KXBTC15M-26OCT042145-45,0.0140,6.66,yes
2026-10-05T01:42:27.894788Z,KXBTC15M-26OCT042145-45,0.0140,0.01,yes
2026-10-05T01:42:27.895795Z,KXBTC15M-26OCT042145-45,0.0150,38.00,yes
2026-10-05T01:42:27.895795Z,KXBTC15M-26OCT042145-45,0.0150,25.95,yes
2026-10-05T01:42:27.895795Z,KXBTC15M-26OCT042145-45,0.0140,8.34,yes
2026-10-05T01:42:27.895795Z,KXBTC15M-26OCT042145-45,0.0150,0.01,yes
2026-10-05T01:42:27.895795Z,KXBTC15M-26OCT042145-45,0.0150,538.54,yes
2026-10-05T01:42:27.895795Z,KXBTC15M-26OCT042145-45,0.0150,0.01,yes
2026-10-05T01:42:27.895795Z,KXBTC15M-26OCT042145-45,0.0150,1.00,yes
2026-10-05T01:42:27.921064Z,KXBTC15M-26OCT042145-45,0.0140,0.01,yes
2026-10-05T01:42:27.921064Z,KXBTC15M-26OCT042145-45,0.0150,13.26,yes
2026-10-05T01:42:27.921064Z,KXBTC15M-26OCT042145-45,0.0140,0.01,yes
2026-10-05T01:42:27.921064Z,KXBTC15M-26OCT042145-45,0.0140,15.00,yes
2026-10-05T01:42:27.958707Z,KXBTC15M-26OCT042145-45,0.0110,1.00,no
2026-10-05T01:42:27.958707Z,KXBTC15M-26OCT042145-45,0.0130,15.00,no
2026-10-05T01:42:27.958707Z,KXBTC15M-26OCT042145-45,0.0130,15.00,no
2026-10-05T01:42:27.958707Z,KXBTC15M-26OCT042145-45,0.0110,467.57,no
2026-10-05T01:42:27.958707Z,KXBTC15M-26OCT042145-45,0.0120,74.00,no
2026-10-05T01:42:27.958707Z,KXBTC15M-26OCT042145-45,0.0130,500.00,no
2026-10-05T01:42:27.958707Z,KXBTC15M-26OCT042145-45,0.0130,200.00,no
2026-10-05T01:42:27.958707Z,KXBTC15M-26OCT042145-45,0.0130,15.00,no
2026-10-05T01:42:27.958707Z,KXBTC15M-26OCT042145-45,0.0130,0.01,no
2026-10-05T01:42:27.958707Z,KXBTC15M-26OCT042145-45,0.0120,100.00,no
2026-10-05T01:42:27.958707Z,KXBTC15M-26OCT042145-45,0.0130,564.00,no
2026-10-05T01:42:27.958707Z,KXBTC15M-26OCT042145-45,0.0120,0.01,no
2026-10-05T01:42:27.958707Z,KXBTC15M-26OCT042145-45,0.0130,1.00,no
2026-10-05T01:42:27.958707Z,KXBTC15M-26OCT042145-45,0.0120,14.99,no
2026-10-05T01:42:27.958707Z,KXBTC15M-26OCT042145-45,0.0130,15.00,no
2026-10-05T01:42:27.958707Z,KXBTC15M-26OCT042145-45,0.0120,200.00,no
2026-10-05T01:42:27.958707Z,KXBTC15M-26OCT042145-45,0.0130,247.87,no
2026-10-05T01:42:27.958707Z,KXBTC15M-26OCT042145-45,0.0130,0.01,no
2026-10-05T01:42:27.958707Z,KXBTC15M-26OCT042145-45,0.0130,100.00,no
2026-10-05T01:42:27.958707Z,KXBTC15M-26OCT042145-45,0.0130,15.00,no
2026-10-05T01:42:27.958707Z,KXBTC15M-26OCT042145-45,0.0130,15.00,no
2026-10-05T01:42:27.958707Z,KXBTC15M-26OCT042145-45,0.0130,15.00,no
2026-10-05T01:42:27.958707Z,KXBTC15M-26OCT042145-45,0.0110,345.45,no
2026-10-05T01:42:27.958707Z,KXBTC15M-26OCT042145-45,0.0110,89.09,no
2026-10-05T01:42:27.958707Z,KXBTC15M-26OCT042145-45,0.0110,300.00,no
2026-10-05T01:42:27.958707Z,KXBTC15M-26OCT042145-45,0.0110,352.00,no
2026-10-05T01:42:27.958707Z,KXBTC15M-26OCT042145-45,0.0110,150.00,no
2026-10-05T01:42:27.958707Z,KXBTC15M-26OCT042145-45,0.0110,1.00,no
2026-10-05T01:42:27.958707Z,KXBTC15M-26OCT042145-45,0.0110,2.00,no
2026-10-05T01:42:27.958707Z,KXBTC15M-26OCT042145-45,0.0110,1.00,no
2026-10-05T01:42:27.958707Z,KXBTC15M-26OCT042145-45,0.0110,100.00,no
2026-10-05T01:42:27.958707Z,KXBTC15M-26OCT042145-45,0.0110,10.00,no
2026-10-05T01:42:27.958707Z,KXBTC15M-26OCT042145-45,0.0110,20.00,no
2026-10-05T01:42:27.958707Z,KXBTC15M-26OCT042145-45,0.0110,2.00,no
2026-10-05T01:42:27.958707Z,KXBTC15M-26OCT042145-45,0.0110,1.00,no
2026-10-05T01:42:27.958707Z,KXBTC15M-26OCT042145-45,0.0110,1.00,no
2026-10-05T01:42:27.958707Z,KXBTC15M-26OCT042145-45,0.0110,150.00,no
2026-10-05T01:42:28.009465Z,KXBTC15M-26OCT042145-45,0.0140,15.00,yes
2026-10-05T01:42:28.009465Z,KXBTC15M-26OCT042145-45,0.0140,32.00,yes
2026-10-05T01:42:28.009465Z,KXBTC15M-26OCT042145-45,0.0140,0.01,yes
2026-10-05T01:42:28.009465Z,KXBTC15M-26OCT042145-45,0.0140,0.01,yes
2026-10-05T01:42:28.009465Z,KXBTC15M-26OCT042145-45,0.0140,21.29,yes
2026-10-05T01:42:28.016425Z,KXBTC15M-26OCT042145-45,0.0130,15.00,no
2026-10-05T01:42:28.016425Z,KXBTC15M-26OCT042145-45,0.0130,100.00,no
2026-10-05T01:42:28.016425Z,KXBTC15M-26OCT042145-45,0.0110,552.48,no
2026-10-05T01:42:28.016425Z,KXBTC15M-26OCT042145-45,0.0120,15.00,no
2026-10-05T01:42:28.016425Z,KXBTC15M-26OCT042145-45,0.0130,0.01,no
2026-10-05T01:42:28.016425Z,KXBTC15M-26OCT042145-45,0.0130,0.01,no
2026-10-05T01:42:28.016425Z,KXBTC15M-26OCT042145-45,0.0120,111.00,no
2026-10-05T01:42:28.042296Z,KXBTC15M-26OCT042145-45,0.0140,6.68,yes
2026-10-05T01:42:28.072794Z,KXBTC15M-26OCT042145-45,0.0140,63.04,yes
2026-10-05T01:42:28.100712Z,KXBTC15M-26OCT042145-45,0.0130,0.01,no
2026-10-05T01:42:28.100712Z,KXBTC15M-26OCT042145-45,0.0130,0.01,no
2026-10-05T01:42:28.100712Z,KXBTC15M-26OCT042145-45,0.0130,99.98,no
2026-10-05T01:42:28.201523Z,KXBTC15M-26OCT042145-45,0.0130,0.01,no
2026-10-05T01:42:28.201523Z,KXBTC15M-26OCT042145-45,0.0130,400.00,no
2026-10-05T01:42:28.201523Z,KXBTC15M-26OCT042145-45,0.0130,96.38,no
2026-10-05T01:42:28.201523Z,KXBTC15M-26OCT042145-45,0.0130,0.01,no
2026-10-05T01:42:28.220732Z,KXBTC15M-26OCT042145-45,0.0140,1.03,yes
2026-10-05T01:42:28.264189Z,KXBTC15M-26OCT042145-45,0.0140,259.96,yes
2026-10-05T01:42:28.264189Z,KXBTC15M-26OCT042145-45,0.0140,53.59,yes
2026-10-05T01:42:28.289091Z,KXBTC15M-26OCT042145-45,0.0130,40.47,no
2026-10-05T01:42:28.289091Z,KXBTC15M-26OCT042145-45,0.0130,0.01,no
2026-10-05T01:42:28.289091Z,KXBTC15M-26OCT042145-45,0.0130,0.01,no
2026-10-05T01:42:28.295557Z,KXBTC15M-26OCT042145-45,0.0140,12.47,yes
2026-10-05T01:42:28.299449Z,KXBTC15M-26OCT042145-45,0.0140,0.29,yes
2026-10-05T01:42:28.359938Z,KXBTC15M-26OCT042145-45,0.0140,373.65,yes
2026-10-05T01:42:28.359938Z,KXBTC15M-26OCT042145-45,0.0140,251.73,yes
2026-10-05T01:42:28.374808Z,KXBTC15M-26OCT042145-45,0.0130,200.00,no
2026-10-05T01:42:28.374808Z,KXBTC15M-26OCT042145-45,0.0120,55.00,no
2026-10-05T01:42:28.374808Z,KXBTC15M-26OCT042145-45,0.0130,0.01,no
2026-10-05T01:42:28.374808Z,KXBTC15M-26OCT042145-45,0.0130,359.53,no
2026-10-05T01:42:28.374808Z,KXBTC15M-26OCT042145-45,0.0130,0.01,no
2026-10-05T01:42:28.374808Z,KXBTC15M-26OCT042145-45,0.0120,183.05,no
2026-10-05T01:42:28.374808Z,KXBTC15M-26OCT042145-45,0.0130,100.00,no
2026-10-05T01:42:28.394935Z,KXBTC15M-26OCT042145-45,0.0130,0.01,no
2026-10-05T01:42:28.394935Z,KXBTC15M-26OCT042145-45,0.0130,0.01,no
2026-10-05T01:42:28.394935Z,KXBTC15M-26OCT042145-45,0.0120,28.00,no
2026-10-05T01:42:28.394935Z,KXBTC15M-26OCT042145-45,0.0130,100.00,no
2026-10-05T01:42:28.394935Z,KXBTC15M-26OCT042145-45,0.0110,92.00,no
2026-10-05T01:42:28.412772Z,KXBTC15M-26OCT042145-45,0.0130,5.06,no
2026-10-05T01:42:28.45924Z,KXBTC15M-26OCT042145-45,0.0130,38.98,no
2026-10-05T01:42:28.45924Z,KXBTC15M-26OCT042145-45,0.0130,0.01,no
2026-10-05T01:42:28.45924Z,KXBTC15M-26OCT042145-45,0.0130,0.01,no
2026-10-05T01:42:28.489357Z,KXBTC15M-26OCT042145-45,0.0130,6.04,no
2026-10-05T01:42:28.489357Z,KXBTC15M-26OCT042145-45,0.0130,61.02,no
2026-10-05T01:42:28.543588Z,KXBTC15M-26OCT042145-45,0.0130,104.02,no
2026-10-05T01:42:28.652598Z,KXBTC15M-26OCT042145-45,0.0130,289.94,no
2026-10-05T01:42:28.652598Z,KXBTC15M-26OCT042145-45,0.0130,10.06,no
2026-10-05T01:42:28.852203Z,KXBTC15M-26OCT042145-45,0.0140,38.00,yes
2026-10-05T01:42:28.852338Z,KXBTC15M-26OCT042145-45,0.0130,400.00,no
2026-10-05T01:42:28.852338Z,KXBTC15M-26OCT042145-45,0.0130,0.01,no
2026-10-05T01:42:28.852338Z,KXBTC15M-26OCT042145-45,0.0120,200.00,no
2026-10-05T01:42:28.852338Z,KXBTC15M-26OCT042145-45,0.0120,114.72,no
2026-10-05T01:42:28.852338Z,KXBTC15M-26OCT042145-45,0.0120,11.00,no
2026-10-05T01:42:28.852338Z,KXBTC15M-26OCT042145-45,0.0130,189.94,no
2026-10-05T01:42:28.852338Z,KXBTC15M-26OCT042145-45,0.0130,100.00,no
2026-10-05T01:42:28.852338Z,KXBTC15M-26OCT042145-45,0.0130,0.01,no
2026-10-05T01:42:28.891539Z,KXBTC15M-26OCT042145-45,0.0140,55.72,yes
2026-10-05T01:42:28.891539Z,KXBTC15M-26OCT042145-45,0.0140,14.28,yes
2026-10-05T01:42:28.927551Z,KXBTC15M-26OCT042145-45,0.0140,32.74,yes
2026-10-05T01:42:28.944898Z,KXBTC15M-26OCT042145-45,0.0140,65.48,yes
2026-10-05T01:42:28.975756Z,KXBTC15M-26OCT042145-45,0.0140,0.01,yes
2026-10-05T01:42:28.975756Z,KXBTC15M-26OCT042145-45,0.0140,11.96,yes
2026-10-05T01:42:28.975756Z,KXBTC15M-26OCT042145-45,0.0140,15.00,yes
2026-10-05T01:42:28.975756Z,KXBTC15M-26OCT042145-45,0.0140,0.01,yes
2026-10-05T01:42:28.975756Z,KXBTC15M-26OCT042145-45,0.0140,37.50,yes
2026-10-05T01:42:28.975756Z,KXBTC15M-26OCT042145-45,0.0140,1.00,yes
2026-10-05T01:42:28.984689Z,KXBTC15M-26OCT042145-45,0.0130,0.01,no
2026-10-05T01:42:28.984689Z,KXBTC15M-26OCT042145-45,0.0130,15.61,no
2026-10-05T01:42:28.984689Z,KXBTC15M-26OCT042145-45,0.0130,0.01,no
2026-10-05T01:42:29.003591Z,KXBTC15M-26OCT042145-45,0.0140,32.74,yes
2026-10-05T01:42:29.005808Z,KXBTC15M-26OCT042145-45,0.0140,206.20,yes
2026-10-05T01:42:29.032461Z,KXBTC15M-26OCT042145-45,0.0130,13.60,no
2026-10-05T01:42:29.037451Z,KXBTC15M-26OCT042145-45,0.0130,15.18,no
2026-10-05T01:42:29.11216Z,KXBTC15M-26OCT042145-45,0.0130,55.22,no
2026-10-05T01:42:29.122973Z,KXBTC15M-26OCT042145-45,0.0140,2.11,yes
2026-10-05T01:42:29.249183Z,KXBTC15M-26OCT042145-45,0.0130,17.69,no
2026-10-05T01:42:29.313579Z,KXBTC15M-26OCT042145-45,0.0140,265.85,yes
2026-10-05T01:42:29.313579Z,KXBTC15M-26OCT042145-45,0.0140,15.00,yes
2026-10-05T01:42:29.313579Z,KXBTC15M-26OCT042145-45,0.0140,246.99,yes
2026-10-05T01:42:29.331227Z,KXBTC15M-26OCT042145-45,0.0140,55.87,yes
2026-10-05T01:42:29.332269Z,KXBTC15M-26OCT042145-45,0.0120,152.97,no
2026-10-05T01:42:29.332269Z,KXBTC15M-26OCT042145-45,0.0130,0.01,no
2026-10-05T01:42:29.332269Z,KXBTC15M-26OCT042145-45,0.0130,298.31,no
2026-10-05T01:42:29.332269Z,KXBTC15M-26OCT042145-45,0.0130,1.00,no
2026-10-05T01:42:29.332269Z,KXBTC15M-26OCT042145-45,0.0130,0.01,no
2026-10-05T01:42:29.332269Z,KXBTC15M-26OCT042145-45,0.0130,282.00,no
2026-10-05T01:42:29.332269Z,KXBTC15M-26OCT042145-45,0.0130,162.46,no
2026-10-05T01:42:29.332269Z,KXBTC15M-26OCT042145-45,0.0130,15.00,no
2026-10-05T01:42:29.332269Z,KXBTC15M-26OCT042145-45,0.0130,100.00,no
2026-10-05T01:42:29.346983Z,KXBTC15M-26OCT042145-45,0.0140,133.63,yes
2026-10-05T01:42:29.348665Z,KXBTC15M-26OCT042145-45,0.0120,19.98,no
2026-10-05T01:42:29.348665Z,KXBTC15M-26OCT042145-45,0.0130,0.01,no
2026-10-05T01:42:29.348665Z,KXBTC15M-26OCT042145-45,0.0130,0.01,no
2026-10-05T01:42:29.446091Z,KXBTC15M-26OCT042145-45,0.0140,0.01,yes
2026-10-05T01:42:29.446091Z,KXBTC15M-26OCT042145-45,0.0140,0.01,yes
2026-10-05T01:42:29.446091Z,KXBTC15M-26OCT042145-45,0.0140,150.00,yes
2026-10-05T01:42:29.446091Z,KXBTC15M-26OCT042145-45,0.0140,10.50,yes
2026-10-05T01:42:29.446091Z,KXBTC15M-26OCT042145-45,0.0140,1.00,yes
2026-10-05T01:42:29.446091Z,KXBTC15M-26OCT042145-45,0.0140,15.00,yes
2026-10-05T01:42:29.446091Z,KXBTC15M-26OCT042145-45,0.0140,279.74,yes
2026-10-05T01:42:29.446091Z,KXBTC15M-26OCT042145-45,0.0140,144.00,yes
2026-10-05T01:42:29.455928Z,KXBTC15M-26OCT042145-45,0.0130,0.01,no
2026-10-05T01:42:29.455928Z,KXBTC15M-26OCT042145-45,0.0130,0.01,no
2026-10-05T01:42:29.455928Z,KXBTC15M-26OCT042145-45,0.0130,10.04,no
2026-10-05T01:42:29.487676Z,KXBTC15M-26OCT042145-45,0.0140,15.00,yes
2026-10-05T01:42:29.487676Z,KXBTC15M-26OCT042145-45,0.0140,0.01,yes
2026-10-05T01:42:29.487676Z,KXBTC15M-26OCT042145-45,0.0140,0.01,yes
2026-10-05T01:42:29.487676Z,KXBTC15M-26OCT042145-45,0.0140,15.00,yes
2026-10-05T01:42:29.487676Z,KXBTC15M-26OCT042145-45,0.0150,357.98,yes
2026-10-05T01:42:29.526338Z,KXBTC15M-26OCT042145-45,0.0130,89.96,no
2026-10-05T01:42:29.526338Z,KXBTC15M-26OCT042145-45,0.0130,1.14,no
2026-10-05T01:42:29.563319Z,KXBTC15M-26OCT042145-45,0.0150,108.00,yes
2026-10-05T01:42:29.586627Z,KXBTC15M-26OCT042145-45,0.0130,27.25,no
2026-10-05T01:42:29.661866Z,KXBTC15M-26OCT042145-45,0.0130,67.06,no
2026-10-05T01:42:29.822401Z,KXBTC15M-26OCT042145-45,0.0140,58.53,no
2026-10-05T01:42:29.855944Z,KXBTC15M-26OCT042145-45,0.0150,32.73,yes
2026-10-05T01:42:29.855944Z,KXBTC15M-26OCT042145-45,0.0150,92.00,yes
2026-10-05T01:42:29.906537Z,KXBTC15M-26OCT042145-45,0.0140,34.68,no
2026-10-05T01:42:29.924886Z,KXBTC15M-26OCT042145-45,0.0130,35.79,no
2026-10-05T01:42:29.924886Z,KXBTC15M-26OCT042145-45,0.0140,1.00,no
2026-10-05T01:42:29.924886Z,KXBTC15M-26OCT042145-45,0.0130,15.00,no
2026-10-05T01:42:29.924886Z,KXBTC15M-26OCT042145-45,0.0140,522.00,no
2026-10-05T01:42:29.924886Z,KXBTC15M-26OCT042145-45,0.0140,0.01,no
2026-10-05T01:42:29.924886Z,KXBTC15M-26OCT042145-45,0.0130,15.00,no
2026-10-05T01:42:29.924886Z,KXBTC15M-26OCT042145-45,0.0140,0.01,no
2026-10-05T01:42:29.924886Z,KXBTC15M-26OCT042145-45,0.0130,15.00,no
2026-10-05T01:42:29.924886Z,KXBTC15M-26OCT042145-45,0.0140,204.19,no
2026-10-05T01:42:29.934001Z,KXBTC15M-26OCT042145-45,0.0150,468.04,yes
2026-10-05T01:42:29.934001Z,KXBTC15M-26OCT042145-45,0.0150,400.00,yes
2026-10-05T01:42:29.934001Z,KXBTC15M-26OCT042145-45,0.0150,13.00,yes
2026-10-05T01:42:29.934001Z,KXBTC15M-26OCT042145-45,0.0150,0.01,yes
2026-10-05T01:42:29.934001Z,KXBTC15M-26OCT042145-45,0.0150,0.01,yes
2026-10-05T01:42:29.934001Z,KXBTC15M-26OCT042145-45,0.0150,87.27,yes
2026-10-05T01:42:29.934001Z,KXBTC15M-26OCT042145-45,0.0150,220.00,yes
2026-10-05T01:42:29.934001Z,KXBTC15M-26OCT042145-45,0.0150,1.00,yes
2026-10-05T01:42:29.973704Z,KXBTC15M-26OCT042145-45,0.0150,0.82,yes
2026-10-05T01:42:29.973704Z,KXBTC15M-26OCT042145-45,0.0150,0.01,yes
2026-10-05T01:42:29.973704Z,KXBTC15M-26OCT042145-45,0.0150,13.00,yes
2026-10-05T01:42:29.973704Z,KXBTC15M-26OCT042145-45,0.0150,0.01,yes
2026-10-05T01:42:29.973704Z,KXBTC15M-26OCT042145-45,0.0150,15.00,yes
2026-10-05T01:42:29.997616Z,KXBTC15M-26OCT042145-45,0.0140,15.00,no
2026-10-05T01:42:29.997616Z,KXBTC15M-26OCT042145-45,0.0140,0.01,no
2026-10-05T01:42:29.997616Z,KXBTC15M-26OCT042145-45,0.0140,0.01,no
2026-10-05T01:42:30.06089Z,KXBTC15M-26OCT042145-45,0.0140,0.01,no
2026-10-05T01:42:30.06089Z,KXBTC15M-26OCT042145-45,0.0130,0.01,no
2026-10-05T01:42:30.06089Z,KXBTC15M-26OCT042145-45,0.0140,0.01,no
2026-10-05T01:42:30.06089Z,KXBTC15M-26OCT042145-45,0.0130,26.81,no
2026-10-05T01:42:30.089966Z,KXBTC15M-26OCT042145-45,0.0150,29.93,yes
2026-10-05T01:42:30.101356Z,KXBTC15M-26OCT042145-45,0.0130,21.16,no
2026-10-05T01:42:30.101356Z,KXBTC15M-26OCT042145-45,0.0140,0.01,no
2026-10-05T01:42:30.101356Z,KXBTC15M-26OCT042145-45,0.0140,0.01,no
2026-10-05T01:42:30.113735Z,KXBTC15M-26OCT042145-45,0.0120,1.32,no
2026-10-05T01:42:30.113735Z,KXBTC15M-26OCT042145-45,0.0130,0.01,no
2026-10-05T01:42:30.113735Z,KXBTC15M-26OCT042145-45,0.0130,0.01,no
2026-10-05T01:42:30.12952Z,KXBTC15M-26OCT042145-45,0.0120,190.67,no
2026-10-05T01:42:30.12952Z,KXBTC15M-26OCT042145-45,0.0120,15.00,no
2026-10-05T01:42:30.12952Z,KXBTC15M-26OCT042145-45,0.0120,0.01,no
2026-10-05T01:42:30.12952Z,KXBTC15M-26OCT042145-45,0.0120,141.68,no
2026-10-05T01:42:30.138407Z,KXBTC15M-26OCT042145-45,0.0150,109.71,yes
2026-10-05T01:42:30.138407Z,KXBTC15M-26OCT042145-45,0.0140,0.01,yes
2026-10-05T01:42:30.138407Z,KXBTC15M-26OCT042145-45,0.0140,0.01,yes
2026-10-05T01:42:30.138407Z,KXBTC15M-26OCT042145-45,0.0140,15.00,yes
2026-10-05T01:42:30.144566Z,KXBTC15M-26OCT042145-45,0.0120,0.01,no
2026-10-05T01:42:30.144566Z,KXBTC15M-26OCT042145-45,0.0120,173.67,no
2026-10-05T01:42:30.150269Z,KXBTC15M-26OCT042145-45,0.0120,26.33,no
2026-10-05T01:42:30.150269Z,KXBTC15M-26OCT042145-45,0.0120,123.67,no
2026-10-05T01:42:30.150269Z,KXBTC15M-26OCT042145-45,0.0120,100.00,no
2026-10-05T01:42:30.159953Z,KXBTC15M-26OCT042145-45,0.0150,200.00,yes
2026-10-05T01:42:30.159953Z,KXBTC15M-26OCT042145-45,0.0150,0.01,yes
2026-10-05T01:42:30.159953Z,KXBTC15M-26OCT042145-45,0.0150,58.29,yes
2026-10-05T01:42:30.159953Z,KXBTC15M-26OCT042145-45,0.0150,0.01,yes
2026-10-05T01:42:30.159953Z,KXBTC15M-26OCT042145-45,0.0140,0.01,yes
2026-10-05T01:42:30.159953Z,KXBTC15M-26OCT042145-45,0.0150,1.00,yes
2026-10-05T01:42:30.159953Z,KXBTC15M-26OCT042145-45,0.0150,352.75,yes
2026-10-05T01:42:30.159953Z,KXBTC15M-26OCT042145-45,0.0140,0.01,yes
2026-10-05T01:42:30.162612Z,KXBTC15M-26OCT042145-45,0.0120,234.98,no
2026-10-05T01:42:30.162612Z,KXBTC15M-26OCT042145-45,0.0130,15.00,no
2026-10-05T01:42:30.162612Z,KXBTC15M-26OCT042145-45,0.0130,0.01,no
2026-10-05T01:42:30.162612Z,KXBTC15M-26OCT042145-45,0.0130,0.01,no
2026-10-05T01:42:30.208956Z,KXBTC15M-26OCT042145-45,0.0150,582.06,yes
2026-10-05T01:42:30.208956Z,KXBTC15M-26OCT042145-45,0.0140,0.01,yes
2026-10-05T01:42:30.208956Z,KXBTC15M-26OCT042145-45,0.0140,15.00,yes
2026-10-05T01:42:30.208956Z,KXBTC15M-26OCT042145-45,0.0140,15.00,yes
2026-10-05T01:42:30.208956Z,KXBTC15M-26OCT042145-45,0.0140,0.01,yes
2026-10-05T01:42:30.254457Z,KXBTC15M-26OCT042145-45,0.0130,0.01,no
2026-10-05T01:42:30.254457Z,KXBTC15M-26OCT042145-45,0.0130,0.01,no
2026-10-05T01:42:30.254457Z,KXBTC15M-26OCT042145-45,0.0130,5.04,no
2026-10-05T01:42:30.281483Z,KXBTC15M-26OCT042145-45,0.0130,1.21,no
2026-10-05T01:42:30.312839Z,KXBTC15M-26OCT042145-45,0.0150,417.94,yes
2026-10-05T01:42:30.312839Z,KXBTC15M-26OCT042145-45,0.0150,42.98,yes
2026-10-05T01:42:30.350811Z,KXBTC15M-26OCT042145-45,0.0130,1.67,no
2026-10-05T01:42:30.350811Z,KXBTC15M-26OCT042145-45,0.0130,15.00,no
2026-10-05T01:42:30.388137Z,KXBTC15M-26OCT042145-45,0.0150,133.19,yes
2026-10-05T01:42:30.388137Z,KXBTC15M-26OCT042145-45,0.0140,0.01,yes
2026-10-05T01:42:30.388137Z,KXBTC15M-26OCT042145-45,0.0140,0.01,yes
2026-10-05T01:42:30.388137Z,KXBTC15M-26OCT042145-45,0.0150,157.02,yes
2026-10-05T01:42:30.388137Z,KXBTC15M-26OCT042145-45,0.0150,0.01,yes
2026-10-05T01:42:30.388137Z,KXBTC15M-26OCT042145-45,0.0150,1.00,yes
2026-10-05T01:42:30.388137Z,KXBTC15M-26OCT042145-45,0.0150,0.01,yes
2026-10-05T01:42:30.388137Z,KXBTC15M-26OCT042145-45,0.0140,15.00,yes
2026-10-05T01:42:30.390215Z,KXBTC15M-26OCT042145-45,0.0150,58.81,yes
2026-10-05T01:42:30.390215Z,KXBTC15M-26OCT042145-45,0.0150,549.85,yes
2026-10-05T01:42:30.390215Z,KXBTC15M-26OCT042145-45,0.0140,15.00,yes
2026-10-05T01:42:30.39333Z,KXBTC15M-26OCT042145-45,0.0130,13.33,no
2026-10-05T01:42:30.39333Z,KXBTC15M-26OCT042145-45,0.0130,0.01,no
2026-10-05T01:42:30.39333Z,KXBTC15M-26OCT042145-45,0.0130,5.84,no
2026-10-05T01:42:30.39333Z,KXBTC15M-26OCT042145-45,0.0130,0.01,no
2026-10-05T01:42:30.441194Z,KXBTC15M-26OCT042145-45,0.0150,11.36,yes
2026-10-05T01:42:30.441194Z,KXBTC15M-26OCT042145-45,0.0140,0.01,yes
2026-10-05T01:42:30.441194Z,KXBTC15M-26OCT042145-45,0.0140,15.00,yes
2026-10-05T01:42:30.441194Z,KXBTC15M-26OCT042145-45,0.0140,0.01,yes
2026-10-05T01:42:30.473474Z,KXBTC15M-26OCT042145-45,0.0160,57.00,yes
2026-10-05T01:42:30.473474Z,KXBTC15M-26OCT042145-45,0.0160,17.54,yes
2026-10-05T01:42:30.473474Z,KXBTC15M-26OCT042145-45,0.0140,15.00,yes
2026-10-05T01:42:30.473474Z,KXBTC15M-26OCT042145-45,0.0150,200.00,yes
2026-10-05T01:42:30.473474Z,KXBTC15M-26OCT042145-45,0.0150,1.00,yes
2026-10-05T01:42:30.473474Z,KXBTC15M-26OCT042145-45,0.0150,0.01,yes
2026-10-05T01:42:30.473474Z,KXBTC15M-26OCT042145-45,0.0140,0.01,yes
2026-10-05T01:42:30.473474Z,KXBTC15M-26OCT042145-45,0.0140,0.01,yes
2026-10-05T01:42:30.473474Z,KXBTC15M-26OCT042145-45,0.0150,0.01,yes
2026-10-05T01:42:30.473474Z,KXBTC15M-26OCT042145-45,0.0160,15.00,yes
2026-10-05T01:42:30.473474Z,KXBTC15M-26OCT042145-45,0.0160,0.01,yes
2026-10-05T01:42:30.496391Z,KXBTC15M-26OCT042145-45,0.0140,0.01,yes
2026-10-05T01:42:30.496391Z,KXBTC15M-26OCT042145-45,0.0140,0.01,yes
2026-10-05T01:42:30.501217Z,KXBTC15M-26OCT042145-45,0.0120,500.00,no
2026-10-05T01:42:30.501217Z,KXBTC15M-26OCT042145-45,0.0110,94.06,no
2026-10-05T01:42:30.501217Z,KXBTC15M-26OCT042145-45,0.0130,15.00,no
2026-10-05T01:42:30.501217Z,KXBTC15M-26OCT042145-45,0.0130,15.00,no
2026-10-05T01:42:30.501217Z,KXBTC15M-26OCT042145-45,0.0120,71.00,no
2026-10-05T01:42:30.501217Z,KXBTC15M-26OCT042145-45,0.0130,200.00,no
2026-10-05T01:42:30.501217Z,KXBTC15M-26OCT042145-45,0.0120,1.00,no
2026-10-05T01:42:30.501217Z,KXBTC15M-26OCT042145-45,0.0130,15.00,no
2026-10-05T01:42:30.501217Z,KXBTC15M-26OCT042145-45,0.0130,15.00,no
2026-10-05T01:42:30.501217Z,KXBTC15M-26OCT042145-45,0.0130,8.16,no
2026-10-05T01:42:30.501217Z,KXBTC15M-26OCT042145-45,0.0120,169.97,no
2026-10-05T01:42:30.501217Z,KXBTC15M-26OCT042145-45,0.0130,0.01,no
2026-10-05T01:42:30.501217Z,KXBTC15M-26OCT042145-45,0.0130,5.84,no
2026-10-05T01:42:30.501217Z,KXBTC15M-26OCT042145-45,0.0130,15.00,no
2026-10-05T01:42:30.501217Z,KXBTC15M-26OCT042145-45,0.0130,0.01,no
2026-10-05T01:42:30.501217Z,KXBTC15M-26OCT042145-45,0.0120,73.00,no
2026-10-05T01:42:30.501217Z,KXBTC15M-26OCT042145-45,0.0100,283.95,no
2026-10-05T01:42:30.501217Z,KXBTC15M-26OCT042145-45,0.0100,6.00,no
2026-10-05T01:42:30.501217Z,KXBTC15M-26OCT042145-45,0.0100,512.00,no
2026-10-05T01:42:30.505966Z,KXBTC15M-26OCT042145-45,0.0100,36.88,no
2026-10-05T01:42:30.543364Z,KXBTC15M-26OCT042145-45,0.0130,14.00,no
2026-10-05T01:42:30.543364Z,KXBTC15M-26OCT042145-45,0.0130,0.01,no
2026-10-05T01:42:30.543364Z,KXBTC15M-26OCT042145-45,0.0130,0.01,no
2026-10-05T01:42:30.547261Z,KXBTC15M-26OCT042145-45,0.0120,19.25,no
2026-10-05T01:42:30.570917Z,KXBTC15M-26OCT042145-45,0.0130,12.00,yes
2026-10-05T01:42:30.571331Z,KXBTC15M-26OCT042145-45,0.0140,122.86,yes
2026-10-05T01:42:30.571331Z,KXBTC15M-26OCT042145-45,0.0130,15.00,yes
2026-10-05T01:42:30.571331Z,KXBTC15M-26OCT042145-45,0.0130,0.01,yes
2026-10-05T01:42:30.571331Z,KXBTC15M-26OCT042145-45,0.0140,0.01,yes
2026-10-05T01:42:30.571331Z,KXBTC15M-26OCT042145-45,0.0130,0.01,yes
2026-10-05T01:42:30.571331Z,KXBTC15M-26OCT042145-45,0.0140,15.00,yes
2026-10-05T01:42:30.571331Z,KXBTC15M-26OCT042145-45,0.0130,158.93,yes
2026-10-05T01:42:30.571331Z,KXBTC15M-26OCT042145-45,0.0140,0.01,yes
2026-10-05T01:42:30.584663Z,KXBTC15M-26OCT042145-45,0.0120,4.95,no
2026-10-05T01:42:30.624368Z,KXBTC15M-26OCT042145-45,0.0130,6.21,yes
2026-10-05T01:42:30.624368Z,KXBTC15M-26OCT042145-45,0.0130,0.01,yes
2026-10-05T01:42:30.624368Z,KXBTC15M-26OCT042145-45,0.0130,0.01,yes
2026-10-05T01:42:30.641822Z,KXBTC15M-26OCT042145-45,0.0130,0.01,yes
2026-10-05T01:42:30.641822Z,KXBTC15M-26OCT042145-45,0.0130,15.00,yes
2026-10-05T01:42:30.641822Z,KXBTC15M-26OCT042145-45,0.0130,15.00,yes
2026-10-05T01:42:30.641822Z,KXBTC15M-26OCT042145-45,0.0130,0.01,yes
2026-10-05T01:42:30.641822Z,KXBTC15M-26OCT042145-45,0.0130,17.67,yes
2026-10-05T01:42:30.641822Z,KXBTC15M-26OCT042145-45,0.0140,575.97,yes
2026-10-05T01:42:30.655133Z,KXBTC15M-26OCT042145-45,0.0120,400.00,no
2026-10-05T01:42:30.655133Z,KXBTC15M-26OCT042145-45,0.0120,1.00,no
2026-10-05T01:42:30.655133Z,KXBTC15M-26OCT042145-45,0.0120,0.01,no
2026-10-05T01:42:30.655133Z,KXBTC15M-26OCT042145-45,0.0120,0.01,no
2026-10-05T01:42:30.655133Z,KXBTC15M-26OCT042145-45,0.0110,92.00,no
2026-10-05T01:42:30.655133Z,KXBTC15M-26OCT042145-45,0.0120,500.00,no
2026-10-05T01:42:30.655133Z,KXBTC15M-26OCT042145-45,0.0120,200.00,no
2026-10-05T01:42:30.655133Z,KXBTC15M-26OCT042145-45,0.0110,200.00,no
2026-10-05T01:42:30.655133Z,KXBTC15M-26OCT042145-45,0.0110,408.00,no
2026-10-05T01:42:30.655133Z,KXBTC15M-26OCT042145-45,0.0120,95.05,no
2026-10-05T01:42:30.655133Z,KXBTC15M-26OCT042145-45,0.0120,15.00,no
2026-10-05T01:42:30.655133Z,KXBTC15M-26OCT042145-45,0.0120,15.00,no
2026-10-05T01:42:30.655133Z,KXBTC15M-26OCT042145-45,0.0120,15.00,no
2026-10-05T01:42:30.655133Z,KXBTC15M-26OCT042145-45,0.0100,6.17,no
2026-10-05T01:42:30.655133Z,KXBTC15M-26OCT042145-45,0.0100,71.75,no
2026-10-05T01:42:30.686925Z,KXBTC15M-26OCT042145-45,0.0130,62.36,yes
2026-10-05T01:42:30.714878Z,KXBTC15M-26OCT042145-45,0.0120,15.00,no
2026-10-05T01:42:30.714878Z,KXBTC15M-26OCT042145-45,0.0120,1.00,no
2026-10-05T01:42:30.714878Z,KXBTC15M-26OCT042145-45,0.0120,400.00,no
2026-10-05T01:42:30.714878Z,KXBTC15M-26OCT042145-45,0.0120,139.48,no
2026-10-05T01:42:30.714878Z,KXBTC15M-26OCT042145-45,0.0120,891.00,no
2026-10-05T01:42:30.714878Z,KXBTC15M-26OCT042145-45,0.0120,15.00,no
2026-10-05T01:42:30.714878Z,KXBTC15M-26OCT042145-45,0.0120,0.01,no
2026-10-05T01:42:30.714878Z,KXBTC15M-26OCT042145-45,0.0120,100.00,no
2026-10-05T01:42:30.714878Z,KXBTC15M-26OCT042145-45,0.0120,0.01,no
2026-10-05T01:42:30.714878Z,KXBTC15M-26OCT042145-45,0.0120,305.00,no
2026-10-05T01:42:30.714878Z,KXBTC15M-26OCT042145-45,0.0110,17.00,no
2026-10-05T01:42:30.714878Z,KXBTC15M-26OCT042145-45,0.0100,1.50,no
2026-10-05T01:42:30.714878Z,KXBTC15M-26OCT042145-45,0.0100,0.07,no
2026-10-05T01:42:30.714878Z,KXBTC15M-26OCT042145-45,0.0100,100.00,no
2026-10-05T01:42:30.714878Z,KXBTC15M-26OCT042145-45,0.0100,80.00,no
2026-10-05T01:42:30.714878Z,KXBTC15M-26OCT042145-45,0.0100,352.00,no
2026-10-05T01:42:30.714878Z,KXBTC15M-26OCT042145-45,0.0100,29.87,no
2026-10-05T01:42:30.714878Z,KXBTC15M-26OCT042145-45,0.0100,150.00,no
2026-10-05T01:42:30.714878Z,KXBTC15M-26OCT042145-45,0.0100,25.00,no
2026-10-05T01:42:30.714878Z,KXBTC15M-26OCT042145-45,0.0100,6.72,no
2026-10-05T01:42:30.714878Z,KXBTC15M-26OCT042145-45,0.0100,90.09,no
2026-10-05T01:42:30.714878Z,KXBTC15M-26OCT042145-45,0.0100,13.62,no
2026-10-05T01:42:30.714878Z,KXBTC15M-26OCT042145-45,0.0100,200.00,no
2026-10-05T01:42:30.714878Z,KXBTC15M-26OCT042145-45,0.0100,440.25,no
2026-10-05T01:42:30.714878Z,KXBTC15M-26OCT042145-45,0.0100,73.00,no
2026-10-05T01:42:30.714878Z,KXBTC15M-26OCT042145-45,0.0100,98.00,no
2026-10-05T01:42:30.714878Z,KXBTC15M-26OCT042145-45,0.0100,512.00,no
2026-10-05T01:42:30.714878Z,KXBTC15M-26OCT042145-45,0.0100,1.00,no
2026-10-05T01:42:30.729276Z,KXBTC15M-26OCT042145-45,0.0120,0.01,no
2026-10-05T01:42:30.729276Z,KXBTC15M-26OCT042145-45,0.0110,17.00,no
2026-10-05T01:42:30.729276Z,KXBTC15M-26OCT042145-45,0.0110,78.10,no
2026-10-05T01:42:30.729276Z,KXBTC15M-26OCT042145-45,0.0110,1.02,no
2026-10-05T01:42:30.729276Z,KXBTC15M-26OCT042145-45,0.0110,1.04,no
2026-10-05T01:42:30.752134Z,KXBTC15M-26OCT042145-45,0.0120,0.09,no
2026-10-05T01:42:30.752134Z,KXBTC15M-26OCT042145-45,0.0120,0.01,no
2026-10-05T01:42:30.776814Z,KXBTC15M-26OCT042145-45,0.0120,168.06,no
2026-10-05T01:42:30.776814Z,KXBTC15M-26OCT042145-45,0.0120,0.01,no
2026-10-05T01:42:30.776814Z,KXBTC15M-26OCT042145-45,0.0120,14.91,no
2026-10-05T01:42:30.855739Z,KXBTC15M-26OCT042145-45,0.0120,10.00,no
2026-10-05T01:42:30.855739Z,KXBTC15M-26OCT042145-45,0.0120,0.01,no
2026-10-05T01:42:30.855739Z,KXBTC15M-26OCT042145-45,0.0120,0.01,no
2026-10-05T01:42:30.917552Z,KXBTC15M-26OCT042145-45,0.0120,0.01,no
2026-10-05T01:42:30.917552Z,KXBTC15M-26OCT042145-45,0.0120,9.07,no
2026-10-05T01:42:30.917552Z,KXBTC15M-26OCT042145-45,0.0120,0.01,no
2026-10-05T01:42:30.917982Z,KXBTC15M-26OCT042145-45,0.0120,0.50,no
2026-10-05T01:42:30.960083Z,KXBTC15M-26OCT042145-45,0.0120,5.88,no
2026-10-05T01:42:30.960083Z,KXBTC15M-26OCT042145-45,0.0120,0.01,no
2026-10-05T01:42:30.960083Z,KXBTC15M-26OCT042145-45,0.0120,0.01,no
2026-10-05T01:42:30.968448Z,KXBTC15M-26OCT042145-45,0.0120,2.00,no
2026-10-05T01:42:30.990793Z,KXBTC15M-26OCT042145-45,0.0130,0.01,yes
2026-10-05T01:42:30.990793Z,KXBTC15M-26OCT042145-45,0.0130,9.39,yes
2026-10-05T01:42:30.990793Z,KXBTC15M-26OCT042145-45,0.0130,31.29,yes
2026-10-05T01:42:30.990793Z,KXBTC15M-26OCT042145-45,0.0130,15.00,yes
2026-10-05T01:42:30.990793Z,KXBTC15M-26OCT042145-45,0.0130,0.01,yes
2026-10-05T01:42:30.990793Z,KXBTC15M-26OCT042145-45,0.0130,4.17,yes
2026-10-05T01:42:31.081241Z,KXBTC15M-26OCT042145-45,0.0130,59.87,yes
2026-10-05T01:42:31.082665Z,KXBTC15M-26OCT042145-45,0.0120,0.01,no
2026-10-05T01:42:31.082665Z,KXBTC15M-26OCT042145-45,0.0120,0.01,no
2026-10-05T01:42:31.082665Z,KXBTC15M-26OCT042145-45,0.0120,99.98,no
2026-10-05T01:42:31.095562Z,KXBTC15M-26OCT042145-45,0.0100,767.87,no
2026-10-05T01:42:31.095562Z,KXBTC15M-26OCT042145-45,0.0100,582.60,no
2026-10-05T01:42:31.095562Z,KXBTC15M-26OCT042145-45,0.0100,1.00,no
2026-10-05T01:42:31.095562Z,KXBTC15M-26OCT042145-45,0.0100,1.00,no
2026-10-05T01:42:31.095562Z,KXBTC15M-26OCT042145-45,0.0100,10.45,no
2026-10-05T01:42:31.095562Z,KXBTC15M-26OCT042145-45,0.0100,21.18,no
2026-10-05T01:42:31.095562Z,KXBTC15M-26OCT042145-45,0.0100,191.01,no
2026-10-05T01:42:31.095562Z,KXBTC15M-26OCT042145-45,0.0100,100.00,no
2026-10-05T01:42:31.095562Z,KXBTC15M-26OCT042145-45,0.0100,440.00,no
2026-10-05T01:42:31.095562Z,KXBTC15M-26OCT042145-45,0.0100,10.00,no
2026-10-05T01:42:31.095562Z,KXBTC15M-26OCT042145-45,0.0100,4.19,no
2026-10-05T01:42:31.095562Z,KXBTC15M-26OCT042145-45,0.0100,110.00,no
2026-10-05T01:42:31.095562Z,KXBTC15M-26OCT042145-45,0.0100,27.77,no
2026-10-05T01:42:31.095562Z,KXBTC15M-26OCT042145-45,0.0100,69.08,no
2026-10-05T01:42:31.095562Z,KXBTC15M-26OCT042145-45,0.0100,25.33,no
2026-10-05T01:42:31.095562Z,KXBTC15M-26OCT042145-45,0.0100,400.00,no
2026-10-05T01:42:31.095562Z,KXBTC15M-26OCT042145-45,0.0100,11.15,no
2026-10-05T01:42:31.095562Z,KXBTC15M-26OCT042145-45,0.0100,91.43,no
2026-10-05T01:42:31.095562Z,KXBTC15M-26OCT042145-45,0.0100,2.25,no
2026-10-05T01:42:31.095562Z,KXBTC15M-26OCT042145-45,0.0100,10.51,no
2026-10-05T01:42:31.095562Z,KXBTC15M-26OCT042145-45,0.0100,5.75,no
2026-10-05T01:42:31.095562Z,KXBTC15M-26OCT042145-45,0.0100,34.91,no
2026-10-05T01:42:31.095562Z,KXBTC15M-26OCT042145-45,0.0100,500.00,no
2026-10-05T01:42:31.095562Z,KXBTC15M-26OCT042145-45,0.0100,0.48,no
2026-10-05T01:42:31.095562Z,KXBTC15M-26OCT042145-45,0.0100,6.00,no
2026-10-05T01:42:31.095562Z,KXBTC15M-26OCT042145-45,0.0100,20.72,no
2026-10-05T01:42:31.095562Z,KXBTC15M-26OCT042145-45,0.0100,11.64,no
2026-10-05T01:42:31.095562Z,KXBTC15M-26OCT042145-45,0.0100,100.00,no
2026-10-05T01:42:31.095562Z,KXBTC15M-26OCT042145-45,0.0100,2.32,no
2026-10-05T01:42:31.095562Z,KXBTC15M-26OCT042145-45,0.0100,0.87,no
2026-10-05T01:42:31.095562Z,KXBTC15M-26OCT042145-45,0.0100,0.30,no
2026-10-05T01:42:31.095562Z,KXBTC15M-26OCT042145-45,0.0100,0.05,no
2026-10-05T01:42:31.095562Z,KXBTC15M-26OCT042145-45,0.0100,4.60,no
2026-10-05T01:42:31.095562Z,KXBTC15M-26OCT042145-45,0.0100,0.01,no
2026-10-05T01:42:31.095562Z,KXBTC15M-26OCT042145-45,0.0100,5.63,no
2026-10-05T01:42:31.095562Z,KXBTC15M-26OCT042145-45,0.0100,2.23,no
2026-10-05T01:42:31.095562Z,KXBTC15M-26OCT042145-45,0.0100,1.00,no
2026-10-05T01:42:31.095562Z,KXBTC15M-26OCT042145-45,0.0100,0.79,no
2026-10-05T01:42:31.095562Z,KXBTC15M-26OCT042145-45,0.0100,16.51,no
2026-10-05T01:42:31.095562Z,KXBTC15M-26OCT042145-45,0.0100,11.39,no
2026-10-05T01:42:31.095562Z,KXBTC15M-26OCT042145-45,0.0100,10.00,no
2026-10-05T01:42:31.095562Z,KXBTC15M-26OCT042145-45,0.0110,366.90,no
2026-10-05T01:42:31.095562Z,KXBTC15M-26OCT042145-45,0.0110,17.00,no
2026-10-05T01:42:31.095562Z,KXBTC15M-26OCT042145-45,0.0120,0.01,no
2026-10-05T01:42:31.095562Z,KXBTC15M-26OCT042145-45,0.0120,300.02,no
2026-10-05T01:42:31.095562Z,KXBTC15M-26OCT042145-45,0.0120,1.00,no
2026-10-05T01:42:31.095562Z,KXBTC15M-26OCT042145-45,0.0120,100.00,no
2026-10-05T01:42:31.095562Z,KXBTC15M-26OCT042145-45,0.0120,111.59,no
2026-10-05T01:42:31.095562Z,KXBTC15M-26OCT042145-45,0.0120,0.01,no
2026-10-05T01:42:31.095562Z,KXBTC15M-26OCT042145-45,0.0110,111.59,no
2026-10-05T01:42:31.095562Z,KXBTC15M-26OCT042145-45,0.0100,5.89,no
2026-10-05T01:42:31.095562Z,KXBTC15M-26OCT042145-45,0.0100,56.41,no
2026-10-05T01:42:31.095562Z,KXBTC15M-26OCT042145-45,0.0100,3.00,no
2026-10-05T01:42:31.095562Z,KXBTC15M-26OCT042145-45,0.0100,150.00,no
2026-10-05T01:42:31.095562Z,KXBTC15M-26OCT042145-45,0.0100,48.59,no
2026-10-05T01:42:31.095562Z,KXBTC15M-26OCT042145-45,0.0100,0.60,no
2026-10-05T01:42:31.095562Z,KXBTC15M-26OCT042145-45,0.0100,5.00,no
2026-10-05T01:42:31.095562Z,KXBTC15M-26OCT042145-45,0.0100,3.78,no
2026-10-05T01:42:31.095562Z,KXBTC15M-26OCT042145-45,0.0100,20.00,no
2026-10-05T01:42:31.095562Z,KXBTC15M-26OCT042145-45,0.0100,6.16,no
2026-10-05T01:42:31.095562Z,KXBTC15M-26OCT042145-45,0.0100,2.46,no
2026-10-05T01:42:31.095562Z,KXBTC15M-26OCT042145-45,0.0100,2.68,no
2026-10-05T01:42:31.095562Z,KXBTC15M-26OCT042145-45,0.0100,198.50,no
2026-10-05T01:42:31.095562Z,KXBTC15M-26OCT042145-45,0.0100,0.05,no
2026-10-05T01:42:31.095562Z,KXBTC15M-26OCT042145-45,0.0100,21.49,no
2026-10-05T01:42:31.095562Z,KXBTC15M-26OCT042145-45,0.0100,1.24,no
2026-10-05T01:42:31.185146Z,KXBTC15M-26OCT042145-45,0.0120,0.01,no
2026-10-05T01:42:31.185146Z,KXBTC15M-26OCT042145-45,0.0120,0.01,no
2026-10-05T01:42:31.185146Z,KXBTC15M-26OCT042145-45,0.0120,48.17,no
2026-10-05T01:42:31.311336Z,KXBTC15M-26OCT042145-45,0.0120,168.40,no
2026-10-05T01:42:31.416543Z,KXBTC15M-26OCT042145-45,0.0130,40.86,yes
2026-10-05T01:42:31.4956Z,KXBTC15M-26OCT042145-45,0.0130,14.98,yes
2026-10-05T01:42:31.503594Z,KXBTC15M-26OCT042145-45,0.0120,45.74,no
2026-10-05T01:42:31.547795Z,KXBTC15M-26OCT042145-45,0.0130,24.07,yes
2026-10-05T01:42:31.548133Z,KXBTC15M-26OCT042145-45,0.0120,3.99,no
2026-10-05T01:42:31.651143Z,KXBTC15M-26OCT042145-45,0.0120,18.03,no
2026-10-05T01:42:31.663418Z,KXBTC15M-26OCT042145-45,0.0120,43.99,no
2026-10-05T01:42:31.687932Z,KXBTC15M-26OCT042145-45,0.0130,71.95,yes
2026-10-05T01:42:31.701085Z,KXBTC15M-26OCT042145-45,0.0130,32.57,yes
2026-10-05T01:42:31.724533Z,KXBTC15M-26OCT042145-45,0.0130,150.00,yes
2026-10-05T01:42:31.724533Z,KXBTC15M-26OCT042145-45,0.0130,25.00,yes
2026-10-05T01:42:31.724533Z,KXBTC15M-26OCT042145-45,0.0130,1.00,yes
2026-10-05T01:42:31.724533Z,KXBTC15M-26OCT042145-45,0.0130,76.41,yes
2026-10-05T01:42:31.724533Z,KXBTC15M-26OCT042145-45,0.0130,437.71,yes
2026-10-05T01:42:31.724533Z,KXBTC15M-26OCT042145-45,0.0130,15.00,yes
2026-10-05T01:42:31.777311Z,KXBTC15M-26OCT042145-45,0.0130,2.54,yes
2026-10-05T01:42:31.777311Z,KXBTC15M-26OCT042145-45,0.0130,1.05,yes
2026-10-05T01:42:31.789185Z,KXBTC15M-26OCT042145-45,0.0120,0.58,no
2026-10-05T01:42:31.827341Z,KXBTC15M-26OCT042145-45,0.0120,71.10,no
2026-10-05T01:42:31.827341Z,KXBTC15M-26OCT042145-45,0.0120,0.01,no
2026-10-05T01:42:31.827341Z,KXBTC15M-26OCT042145-45,0.0120,64.18,no
2026-10-05T01:42:31.827341Z,KXBTC15M-26OCT042145-45,0.0120,66.95,no
2026-10-05T01:42:31.827341Z,KXBTC15M-26OCT042145-45,0.0120,0.01,no
2026-10-05T01:42:31.888022Z,KXBTC15M-26OCT042145-45,0.0130,21.86,yes
2026-10-05T01:42:31.896336Z,KXBTC15M-26OCT042145-45,0.0120,270.62,no
2026-10-05T01:42:31.927975Z,KXBTC15M-26OCT042145-45,0.0130,200.00,yes
2026-10-05T01:42:31.927975Z,KXBTC15M-26OCT042145-45,0.0130,238.53,yes
2026-10-05T01:42:31.927975Z,KXBTC15M-26OCT042145-45,0.0140,93.84,yes
2026-10-05T01:42:31.927975Z,KXBTC15M-26OCT042145-45,0.0130,0.01,yes
2026-10-05T01:42:31.927975Z,KXBTC15M-26OCT042145-45,0.0130,15.00,yes
2026-10-05T01:42:31.927975Z,KXBTC15M-26OCT042145-45,0.0130,0.01,yes
2026-10-05T01:42:31.927975Z,KXBTC15M-26OCT042145-45,0.0140,512.00,yes
2026-10-05T01:42:31.927975Z,KXBTC15M-26OCT042145-45,0.0130,500.00,yes
2026-10-05T01:42:31.927975Z,KXBTC15M-26OCT042145-45,0.0130,489.09,yes
2026-10-05T01:42:31.927975Z,KXBTC15M-26OCT042145-45,0.0130,6.00,yes
2026-10-05T01:42:31.927975Z,KXBTC15M-26OCT042145-45,0.0130,1.00,yes
2026-10-05T01:42:31.927975Z,KXBTC15M-26OCT042145-45,0.0130,150.00,yes
2026-10-05T01:42:31.927975Z,KXBTC15M-26OCT042145-45,0.0130,884.00,yes
2026-10-05T01:42:31.927975Z,KXBTC15M-26OCT042145-45,0.0130,1.00,yes
2026-10-05T01:42:31.934438Z,KXBTC15M-26OCT042145-45,0.0120,3.03,no
2026-10-05T01:42:31.96615Z,KXBTC15M-26OCT042145-45,0.0140,23.64,yes
2026-10-05T01:42:31.96615Z,KXBTC15M-26OCT042145-45,0.0130,0.01,yes
2026-10-05T01:42:31.96615Z,KXBTC15M-26OCT042145-45,0.0130,15.00,yes
2026-10-05T01:42:31.96615Z,KXBTC15M-26OCT042145-45,0.0130,15.00,yes
2026-10-05T01:42:31.96615Z,KXBTC15M-26OCT042145-45,0.0130,0.01,yes
2026-10-05T01:42:31.96615Z,KXBTC15M-26OCT042145-45,0.0130,0.01,yes
2026-10-05T01:42:32.011323Z,KXBTC15M-26OCT042145-45,0.0140,41.89,yes
2026-10-05T01:42:32.011323Z,KXBTC15M-26OCT042145-45,0.0130,0.01,yes
2026-10-05T01:42:32.011323Z,KXBTC15M-26OCT042145-45,0.0130,15.00,yes
2026-10-05T01:42:32.011323Z,KXBTC15M-26OCT042145-45,0.0130,0.01,yes
2026-10-05T01:42:32.02175Z,KXBTC15M-26OCT042145-45,0.0120,1.01,no
2026-10-05T01:42:32.032288Z,KXBTC15M-26OCT042145-45,0.0120,8.09,no
2026-10-05T01:42:32.043269Z,KXBTC15M-26OCT042145-45,0.0120,1.00,no
2026-10-05T01:42:32.043269Z,KXBTC15M-26OCT042145-45,0.0120,3.66,no
2026-10-05T01:42:32.043269Z,KXBTC15M-26OCT042145-45,0.0120,22.25,no
2026-10-05T01:42:32.043269Z,KXBTC15M-26OCT042145-45,0.0120,0.01,no
2026-10-05T01:42:32.043269Z,KXBTC15M-26OCT042145-45,0.0120,0.01,no
2026-10-05T01:42:32.072507Z,KXBTC15M-26OCT042145-45,0.0100,1232.13,no
2026-10-05T01:42:32.072507Z,KXBTC15M-26OCT042145-45,0.0100,3.21,no
2026-10-05T01:42:32.072507Z,KXBTC15M-26OCT042145-45,0.0120,1.00,no
2026-10-05T01:42:32.072507Z,KXBTC15M-26OCT042145-45,0.0120,15.00,no
2026-10-05T01:42:32.072507Z,KXBTC15M-26OCT042145-45,0.0120,0.01,no
2026-10-05T01:42:32.072507Z,KXBTC15M-26OCT042145-45,0.0120,0.01,no
2026-10-05T01:42:32.072507Z,KXBTC15M-26OCT042145-45,0.0120,305.00,no
2026-10-05T01:42:32.072507Z,KXBTC15M-26OCT042145-45,0.0120,306.81,no
2026-10-05T01:42:32.072507Z,KXBTC15M-26OCT042145-45,0.0120,500.00,no
2026-10-05T01:42:32.072507Z,KXBTC15M-26OCT042145-45,0.0120,15.00,no
2026-10-05T01:42:32.072507Z,KXBTC15M-26OCT042145-45,0.0120,15.00,no
2026-10-05T01:42:32.072507Z,KXBTC15M-26OCT042145-45,0.0120,15.00,no
2026-10-05T01:42:32.072507Z,KXBTC15M-26OCT042145-45,0.0120,100.00,no
2026-10-05T01:42:32.072507Z,KXBTC15M-26OCT042145-45,0.0120,396.34,no
2026-10-05T01:42:32.072507Z,KXBTC15M-26OCT042145-45,0.0110,17.00,no
2026-10-05T01:42:32.072507Z,KXBTC15M-26OCT042145-45,0.0120,53.56,no
2026-10-05T01:42:32.072507Z,KXBTC15M-26OCT042145-45,0.0110,66.95,no
2026-10-05T01:42:32.072507Z,KXBTC15M-26OCT042145-45,0.0120,15.00,no
2026-10-05T01:42:32.072507Z,KXBTC15M-26OCT042145-45,0.0120,612.00,no
2026-10-05T01:42:32.072507Z,KXBTC15M-26OCT042145-45,0.0110,223.00,no
2026-10-05T01:42:32.072507Z,KXBTC15M-26OCT042145-45,0.0100,0.21,no
2026-10-05T01:42:32.072507Z,KXBTC15M-26OCT042145-45,0.0100,6.00,no
2026-10-05T01:42:32.072507Z,KXBTC15M-26OCT042145-45,0.0100,7.79,no
2026-10-05T01:42:32.072507Z,KXBTC15M-26OCT042145-45,0.0100,6.00,no
2026-10-05T01:42:32.072507Z,KXBTC15M-26OCT042145-45,0.0100,2065.20,no
2026-10-05T01:42:32.072507Z,KXBTC15M-26OCT042145-45,0.0100,408.69,no
2026-10-05T01:42:32.072507Z,KXBTC15M-26OCT042145-45,0.0100,304.60,no
2026-10-05T01:42:32.072507Z,KXBTC15M-26OCT042145-45,0.0100,970.00,no
2026-10-05T01:42:32.072507Z,KXBTC15M-26OCT042145-45,0.0100,978.31,no
2026-10-05T01:42:32.072507Z,KXBTC15M-26OCT042145-45,0.0100,300.00,no
2026-10-05T01:42:32.072507Z,KXBTC15M-26OCT042145-45,0.0100,83.98,no
2026-10-05T01:42:32.072507Z,KXBTC15M-26OCT042145-45,0.0100,100.00,no
2026-10-05T01:42:32.072507Z,KXBTC15M-26OCT042145-45,0.0100,1.00,no
2026-10-05T01:42:32.072507Z,KXBTC15M-26OCT042145-45,0.0100,12.38,no
2026-10-05T01:42:32.072507Z,KXBTC15M-26OCT042145-45,0.0100,56.82,no
2026-10-05T01:42:32.136234Z,KXBTC15M-26OCT042145-45,0.0120,0.01,no
2026-10-05T01:42:32.136234Z,KXBTC15M-26OCT042145-45,0.0120,0.01,no
2026-10-05T01:42:32.136234Z,KXBTC15M-26OCT042145-45,0.0120,0.20,no
2026-10-05T01:42:32.136234Z,KXBTC15M-26OCT042145-45,0.0120,15.00,no
2026-10-05T01:42:32.164478Z,KXBTC15M-26OCT042145-45,0.0130,15.00,yes
2026-10-05T01:42:32.164478Z,KXBTC15M-26OCT042145-45,0.0130,15.00,yes
2026-10-05T01:42:32.164478Z,KXBTC15M-26OCT042145-45,0.0130,0.01,yes
2026-10-05T01:42:32.164478Z,KXBTC15M-26OCT042145-45,0.0130,0.01,yes
2026-10-05T01:42:32.164478Z,KXBTC15M-26OCT042145-45,0.0130,73.40,yes
2026-10-05T01:42:32.181379Z,KXBTC15M-26OCT042145-45,0.0120,0.01,no
2026-10-05T01:42:32.181379Z,KXBTC15M-26OCT042145-45,0.0120,15.00,no
2026-10-05T01:42:32.181379Z,KXBTC15M-26OCT042145-45,0.0120,0.01,no
2026-10-05T01:42:32.181379Z,KXBTC15M-26OCT042145-45,0.0120,288.36,no
2026-10-05T01:42:32.210856Z,KXBTC15M-26OCT042145-45,0.0130,1.00,yes
2026-10-05T01:42:32.210856Z,KXBTC15M-26OCT042145-45,0.0140,430.10,yes
2026-10-05T01:42:32.210856Z,KXBTC15M-26OCT042145-45,0.0130,0.01,yes
2026-10-05T01:42:32.210856Z,KXBTC15M-26OCT042145-45,0.0130,15.00,yes
2026-10-05T01:42:32.210856Z,KXBTC15M-26OCT042145-45,0.0130,14.00,yes
2026-10-05T01:42:32.210856Z,KXBTC15M-26OCT042145-45,0.0130,0.01,yes
2026-10-05T01:42:32.210856Z,KXBTC15M-26OCT042145-45,0.0130,200.00,yes
2026-10-05T01:42:32.210856Z,KXBTC15M-26OCT042145-45,0.0130,15.00,yes
2026-10-05T01:42:32.210856Z,KXBTC15M-26OCT042145-45,0.0140,17.21,yes
2026-10-05T01:42:32.210856Z,KXBTC15M-26OCT042145-45,0.0130,117.67,yes
2026-10-05T01:42:32.223893Z,KXBTC15M-26OCT042145-45,0.0140,13.28,yes
2026-10-05T01:42:32.223893Z,KXBTC15M-26OCT042145-45,0.0130,0.01,yes
2026-10-05T01:42:32.223893Z,KXBTC15M-26OCT042145-45,0.0130,15.00,yes
2026-10-05T01:42:32.223893Z,KXBTC15M-26OCT042145-45,0.0130,0.01,yes
2026-10-05T01:42:32.223893Z,KXBTC15M-26OCT042145-45,0.0130,14.00,yes
2026-10-05T01:42:32.25475Z,KXBTC15M-26OCT042145-45,0.0120,0.01,no
2026-10-05T01:42:32.25475Z,KXBTC15M-26OCT042145-45,0.0120,0.01,no
2026-10-05T01:42:32.25475Z,KXBTC15M-26OCT042145-45,0.0120,28.29,no
2026-10-05T01:42:32.257807Z,KXBTC15M-26OCT042145-45,0.0130,0.01,yes
2026-10-05T01:42:32.257807Z,KXBTC15M-26OCT042145-45,0.0130,3.03,yes
2026-10-05T01:42:32.257807Z,KXBTC15M-26OCT042145-45,0.0130,0.01,yes
2026-10-05T01:42:32.275683Z,KXBTC15M-26OCT042145-45,0.0130,6.09,yes
2026-10-05T01:42:32.335421Z,KXBTC15M-26OCT042145-45,0.0120,335.07,no
2026-10-05T01:42:32.343408Z,KXBTC15M-26OCT042145-45,0.0130,4.23,yes
2026-10-05T01:42:32.460443Z,KXBTC15M-26OCT042145-45,0.0120,15.00,no
2026-10-05T01:42:32.460443Z,KXBTC15M-26OCT042145-45,0.0120,128.23,no
2026-10-05T01:42:32.460443Z,KXBTC15M-26OCT042145-45,0.0120,15.00,no
2026-10-05T01:42:32.460443Z,KXBTC15M-26OCT042145-45,0.0120,500.00,no
2026-10-05T01:42:32.460443Z,KXBTC15M-26OCT042145-45,0.0120,0.01,no
2026-10-05T01:42:32.460443Z,KXBTC15M-26OCT042145-45,0.0120,1.00,no
2026-10-05T01:42:32.460443Z,KXBTC15M-26OCT042145-45,0.0120,36.64,no
2026-10-05T01:42:32.460443Z,KXBTC15M-26OCT042145-45,0.0120,0.01,no
2026-10-05T01:42:32.498214Z,KXBTC15M-26OCT042145-45,0.0120,0.98,no
2026-10-05T01:42:32.498214Z,KXBTC15M-26OCT042145-45,0.0120,0.01,no
2026-10-05T01:42:32.498214Z,KXBTC15M-26OCT042145-45,0.0120,0.01,no
2026-10-05T01:42:32.529665Z,KXBTC15M-26OCT042145-45,0.0110,97.26,no
2026-10-05T01:42:32.529665Z,KXBTC15M-26OCT042145-45,0.0110,17.00,no
2026-10-05T01:42:32.529665Z,KXBTC15M-26OCT042145-45,0.0120,0.01,no
2026-10-05T01:42:32.529665Z,KXBTC15M-26OCT042145-45,0.0120,0.01,no
2026-10-05T01:42:32.560653Z,KXBTC15M-26OCT042145-45,0.0140,84.33,yes
2026-10-05T01:42:32.560653Z,KXBTC15M-26OCT042145-45,0.0130,0.01,yes
2026-10-05T01:42:32.560653Z,KXBTC15M-26OCT042145-45,0.0130,14.00,yes
2026-10-05T01:42:32.560653Z,KXBTC15M-26OCT042145-45,0.0130,0.01,yes
2026-10-05T01:42:32.560653Z,KXBTC15M-26OCT042145-45,0.0130,1.65,yes
2026-10-05T01:42:32.600114Z,KXBTC15M-26OCT042145-45,0.0120,0.01,no
2026-10-05T01:42:32.600114Z,KXBTC15M-26OCT042145-45,0.0120,1.98,no
2026-10-05T01:42:32.600114Z,KXBTC15M-26OCT042145-45,0.0120,0.01,no
2026-10-05T01:42:32.612245Z,KXBTC15M-26OCT042145-45,0.0120,13.02,no
2026-10-05T01:42:32.612245Z,KXBTC15M-26OCT042145-45,0.0120,9.22,no
2026-10-05T01:42:32.618386Z,KXBTC15M-26OCT042145-45,0.0130,15.00,yes
2026-10-05T01:42:32.618386Z,KXBTC15M-26OCT042145-45,0.0140,26.49,yes
2026-10-05T01:42:32.618386Z,KXBTC15M-26OCT042145-45,0.0130,14.00,yes
2026-10-05T01:42:32.618386Z,KXBTC15M-26OCT042145-45,0.0130,15.00,yes
2026-10-05T01:42:32.618386Z,KXBTC15M-26OCT042145-45,0.0130,0.01,yes
2026-10-05T01:42:32.618386Z,KXBTC15M-26OCT042145-45,0.0130,0.01,yes
2026-10-05T01:42:32.644436Z,KXBTC15M-26OCT042145-45,0.0120,131.71,no
2026-10-05T01:42:32.644436Z,KXBTC15M-26OCT042145-45,0.0120,0.01,no
2026-10-05T01:42:32.644436Z,KXBTC15M-26OCT042145-45,0.0120,15.00,no
2026-10-05T01:42:32.644436Z,KXBTC15M-26OCT042145-45,0.0120,15.00,no
2026-10-05T01:42:32.644436Z,KXBTC15M-26OCT042145-45,0.0120,0.01,no
2026-10-05T01:42:32.644436Z,KXBTC15M-26OCT042145-45,0.0120,15.00,no
2026-10-05T01:42:32.682583Z,KXBTC15M-26OCT042145-45,0.0110,102.58,no
2026-10-05T01:42:32.682583Z,KXBTC15M-26OCT042145-45,0.0120,15.00,no
2026-10-05T01:42:32.682583Z,KXBTC15M-26OCT042145-45,0.0120,400.00,no
2026-10-05T01:42:32.682583Z,KXBTC15M-26OCT042145-45,0.0120,0.01,no
2026-10-05T01:42:32.682583Z,KXBTC15M-26OCT042145-45,0.0120,0.01,no
2026-10-05T01:42:32.682583Z,KXBTC15M-26OCT042145-45,0.0110,17.00,no
2026-10-05T01:42:32.682583Z,KXBTC15M-26OCT042145-45,0.0110,34.74,no
2026-10-05T01:42:32.682583Z,KXBTC15M-26OCT042145-45,0.0100,1449.66,no
2026-10-05T01:42:32.687463Z,KXBTC15M-26OCT042145-45,0.0100,4.94,no
2026-10-05T01:42:32.742585Z,KXBTC15M-26OCT042145-45,0.0130,15.00,yes
2026-10-05T01:42:32.742585Z,KXBTC15M-26OCT042145-45,0.0130,15.00,yes
2026-10-05T01:42:32.742585Z,KXBTC15M-26OCT042145-45,0.0130,0.01,yes
2026-10-05T01:42:32.742585Z,KXBTC15M-26OCT042145-45,0.0130,3.27,yes
2026-10-05T01:42:32.742585Z,KXBTC15M-26OCT042145-45,0.0130,0.01,yes
2026-10-05T01:42:32.80384Z,KXBTC15M-26OCT042145-45,0.0130,24.27,yes
2026-10-05T01:42:32.80384Z,KXBTC15M-26OCT042145-45,0.0130,11.73,yes
2026-10-05T01:42:32.80384Z,KXBTC15M-26OCT042145-45,0.0130,14.00,yes
2026-10-05T01:42:32.813986Z,KXBTC15M-26OCT042145-45,0.0120,15.00,no
2026-10-05T01:42:32.813986Z,KXBTC15M-26OCT042145-45,0.0120,0.01,no
2026-10-05T01:42:32.813986Z,KXBTC15M-26OCT042145-45,0.0120,6.12,no
2026-10-05T01:42:32.876758Z,KXBTC15M-26OCT042145-45,0.0120,12.91,no
2026-10-05T01:42:32.962135Z,KXBTC15M-26OCT042145-45,0.0130,14.00,yes
2026-10-05T01:42:32.962135Z,KXBTC15M-26OCT042145-45,0.0130,0.01,yes
2026-10-05T01:42:32.962135Z,KXBTC15M-26OCT042145-45,0.0130,15.00,yes
2026-10-05T01:42:32.962135Z,KXBTC15M-26OCT042145-45,0.0130,0.01,yes
2026-10-05T01:42:33.002952Z,KXBTC15M-26OCT042145-45,0.0120,2.02,no
2026-10-05T01:42:33.037225Z,KXBTC15M-26OCT042145-45,0.0130,0.01,yes
2026-10-05T01:42:33.037225Z,KXBTC15M-26OCT042145-45,0.0130,0.01,yes
2026-10-05T01:42:33.037225Z,KXBTC15M-26OCT042145-45,0.0130,15.00,yes
2026-10-05T01:42:33.037225Z,KXBTC15M-26OCT042145-45,0.0130,15.00,yes
2026-10-05T01:42:33.037225Z,KXBTC15M-26OCT042145-45,0.0130,14.00,yes
2026-10-05T01:42:33.037225Z,KXBTC15M-26OCT042145-45,0.0140,26.49,yes
2026-10-05T01:42:33.061705Z,KXBTC15M-26OCT042145-45,0.0120,15.00,no
2026-10-05T01:42:33.061705Z,KXBTC15M-26OCT042145-45,0.0120,0.01,no
2026-10-05T01:42:33.061705Z,KXBTC15M-26OCT042145-45,0.0120,15.00,no
2026-10-05T01:42:33.061705Z,KXBTC15M-26OCT042145-45,0.0120,378.95,no
2026-10-05T01:42:33.061705Z,KXBTC15M-26OCT042145-45,0.0110,82.07,no
2026-10-05T01:42:33.061705Z,KXBTC15M-26OCT042145-45,0.0120,0.01,no
2026-10-05T01:42:33.061705Z,KXBTC15M-26OCT042145-45,0.0120,305.00,no
2026-10-05T01:42:33.061705Z,KXBTC15M-26OCT042145-45,0.0110,333.00,no
2026-10-05T01:42:33.061705Z,KXBTC15M-26OCT042145-45,0.0120,15.00,no
2026-10-05T01:42:33.061705Z,KXBTC15M-26OCT042145-45,0.0110,144.00,no
2026-10-05T01:42:33.061705Z,KXBTC15M-26OCT042145-45,0.0120,15.00,no
2026-10-05T01:42:33.061705Z,KXBTC15M-26OCT042145-45,0.0110,17.00,no
2026-10-05T01:42:33.061705Z,KXBTC15M-26OCT042145-45,0.0100,1703.12,no
2026-10-05T01:42:33.061705Z,KXBTC15M-26OCT042145-45,0.0100,5.83,no
2026-10-05T01:42:33.145337Z,KXBTC15M-26OCT042145-45,0.0110,33.98,no
2026-10-05T01:42:33.145337Z,KXBTC15M-26OCT042145-45,0.0110,0.01,no
2026-10-05T01:42:33.145337Z,KXBTC15M-26OCT042145-45,0.0110,0.01,no
2026-10-05T01:42:33.191525Z,KXBTC15M-26OCT042145-45,0.0120,2.00,yes
2026-10-05T01:42:33.234153Z,KXBTC15M-26OCT042145-45,0.0120,130.00,yes
2026-10-05T01:42:33.234153Z,KXBTC15M-26OCT042145-45,0.0120,61.05,yes
2026-10-05T01:42:33.234153Z,KXBTC15M-26OCT042145-45,0.0120,144.00,yes
2026-10-05T01:42:33.353671Z,KXBTC15M-26OCT042145-45,0.0110,0.01,no
2026-10-05T01:42:33.353671Z,KXBTC15M-26OCT042145-45,0.0110,112.78,no
2026-10-05T01:42:33.353671Z,KXBTC15M-26OCT042145-45,0.0110,0.01,no
2026-10-05T01:42:33.380222Z,KXBTC15M-26OCT042145-45,0.0110,5.05,no
2026-10-05T01:42:33.496908Z,KXBTC15M-26OCT042145-45,0.0120,500.00,yes
2026-10-05T01:42:33.496908Z,KXBTC15M-26OCT042145-45,0.0120,46.00,yes
2026-10-05T01:42:33.496908Z,KXBTC15M-26OCT042145-45,0.0130,15.00,yes
2026-10-05T01:42:33.496908Z,KXBTC15M-26OCT042145-45,0.0120,15.00,yes
2026-10-05T01:42:33.496908Z,KXBTC15M-26OCT042145-45,0.0120,15.00,yes
2026-10-05T01:42:33.496908Z,KXBTC15M-26OCT042145-45,0.0130,200.00,yes
2026-10-05T01:42:33.496908Z,KXBTC15M-26OCT042145-45,0.0130,1.00,yes
2026-10-05T01:42:33.496908Z,KXBTC15M-26OCT042145-45,0.0130,1000.00,yes
2026-10-05T01:42:33.496908Z,KXBTC15M-26OCT042145-45,0.0120,0.01,yes
2026-10-05T01:42:33.496908Z,KXBTC15M-26OCT042145-45,0.0120,382.00,yes
2026-10-05T01:42:33.496908Z,KXBTC15M-26OCT042145-45,0.0120,1.00,yes
2026-10-05T01:42:33.496908Z,KXBTC15M-26OCT042145-45,0.0120,0.01,yes
2026-10-05T01:42:33.496908Z,KXBTC15M-26OCT042145-45,0.0120,180.00,yes
2026-10-05T01:42:33.577251Z,KXBTC15M-26OCT042145-45,0.0110,0.10,no
2026-10-05T01:42:33.609479Z,KXBTC15M-26OCT042145-45,0.0110,69.35,no
2026-10-05T01:42:33.64346Z,KXBTC15M-26OCT042145-45,0.0110,77.86,no
2026-10-05T01:42:33.64346Z,KXBTC15M-26OCT042145-45,0.0110,11.21,no
2026-10-05T01:42:33.64346Z,KXBTC15M-26OCT042145-45,0.0110,1.00,no
2026-10-05T01:42:33.64346Z,KXBTC15M-26OCT042145-45,0.0110,212.72,no
2026-10-05T01:42:33.64346Z,KXBTC15M-26OCT042145-45,0.0110,0.01,no
2026-10-05T01:42:33.64346Z,KXBTC15M-26OCT042145-45,0.0110,0.01,no
2026-10-05T01:42:33.646924Z,KXBTC15M-26OCT042145-45,0.0120,62.92,yes
2026-10-05T01:42:33.646924Z,KXBTC15M-26OCT042145-45,0.0120,0.01,yes
2026-10-05T01:42:33.646924Z,KXBTC15M-26OCT042145-45,0.0120,15.00,yes
2026-10-05T01:42:33.646924Z,KXBTC15M-26OCT042145-45,0.0120,0.01,yes
2026-10-05T01:42:33.703817Z,KXBTC15M-26OCT042145-45,0.0110,9.00,no
2026-10-05T01:42:33.71761Z,KXBTC15M-26OCT042145-45,0.0120,56.78,yes
2026-10-05T01:42:33.725993Z,KXBTC15M-26OCT042145-45,0.0110,252.76,no
2026-10-05T01:42:33.777635Z,KXBTC15M-26OCT042145-45,0.0110,400.00,no
2026-10-05T01:42:33.777635Z,KXBTC15M-26OCT042145-45,0.0110,0.01,no
2026-10-05T01:42:33.777635Z,KXBTC15M-26OCT042145-45,0.0110,15.00,no
2026-10-05T01:42:33.777635Z,KXBTC15M-26OCT042145-45,0.0110,15.00,no
2026-10-05T01:42:33.777635Z,KXBTC15M-26OCT042145-45,0.0110,60.03,no
2026-10-05T01:42:33.777635Z,KXBTC15M-26OCT042145-45,0.0110,0.01,no
2026-10-05T01:42:33.777635Z,KXBTC15M-26OCT042145-45,0.0110,15.00,no
2026-10-05T01:42:33.777635Z,KXBTC15M-26OCT042145-45,0.0110,11.00,no
2026-10-05T01:42:33.777635Z,KXBTC15M-26OCT042145-45,0.0100,50.00,no
2026-10-05T01:42:33.777635Z,KXBTC15M-26OCT042145-45,0.0100,66.22,no
2026-10-05T01:42:33.777635Z,KXBTC15M-26OCT042145-45,0.0100,113.17,no
2026-10-05T01:42:33.827881Z,KXBTC15M-26OCT042145-45,0.0100,3.90,no
2026-10-05T01:42:33.827881Z,KXBTC15M-26OCT042145-45,0.0100,27.78,no
2026-10-05T01:42:33.831Z,KXBTC15M-26OCT042145-45,0.0110,16.00,yes
2026-10-05T01:42:33.831Z,KXBTC15M-26OCT042145-45,0.0110,0.01,yes
2026-10-05T01:42:33.831Z,KXBTC15M-26OCT042145-45,0.0110,16.16,yes
2026-10-05T01:42:33.831Z,KXBTC15M-26OCT042145-45,0.0110,15.00,yes
2026-10-05T01:42:33.831Z,KXBTC15M-26OCT042145-45,0.0110,15.00,yes
2026-10-05T01:42:33.831Z,KXBTC15M-26OCT042145-45,0.0110,0.01,yes
2026-10-05T01:42:33.878064Z,KXBTC15M-26OCT042145-45,0.0100,13.10,no
2026-10-05T01:42:33.878064Z,KXBTC15M-26OCT042145-45,0.0100,74.03,no
2026-10-05T01:42:33.906942Z,KXBTC15M-26OCT042145-45,0.0100,25.00,no
2026-10-05T01:42:33.906942Z,KXBTC15M-26OCT042145-45,0.0100,65.65,no
2026-10-05T01:42:33.906942Z,KXBTC15M-26OCT042145-45,0.0100,29.76,no
2026-10-05T01:42:33.906942Z,KXBTC15M-26OCT042145-45,0.0100,10.00,no
2026-10-05T01:42:34.115962Z,KXBTC15M-26OCT042145-45,0.0110,77.94,yes
2026-10-05T01:42:34.175101Z,KXBTC15M-26OCT042145-45,0.0110,77.94,yes
2026-10-05T01:42:34.235858Z,KXBTC15M-26OCT042145-45,0.0110,16.00,yes
2026-10-05T01:42:34.235858Z,KXBTC15M-26OCT042145-45,0.0110,30.16,yes
2026-10-05T01:42:34.235858Z,KXBTC15M-26OCT042145-45,0.0110,1.00,yes
2026-10-05T01:42:34.235858Z,KXBTC15M-26OCT042145-45,0.0110,15.00,yes
2026-10-05T01:42:34.235858Z,KXBTC15M-26OCT042145-45,0.0110,0.01,yes
2026-10-05T01:42:34.235858Z,KXBTC15M-26OCT042145-45,0.0110,0.01,yes
2026-10-05T01:42:34.247051Z,KXBTC15M-26OCT042145-45,0.0100,0.01,no
2026-10-05T01:42:34.247051Z,KXBTC15M-26OCT042145-45,0.0100,29.49,no
2026-10-05T01:42:34.247051Z,KXBTC15M-26OCT042145-45,0.0100,50.00,no
2026-10-05T01:42:34.295471Z,KXBTC15M-26OCT042145-45,0.0120,88.09,yes
2026-10-05T01:42:34.295471Z,KXBTC15M-26OCT042145-45,0.0110,25.00,yes
2026-10-05T01:42:34.295471Z,KXBTC15M-26OCT042145-45,0.0110,16.00,yes
2026-10-05T01:42:34.295471Z,KXBTC15M-26OCT042145-45,0.0110,0.01,yes
2026-10-05T01:42:34.295471Z,KXBTC15M-26OCT042145-45,0.0110,1.00,yes
2026-10-05T01:42:34.295471Z,KXBTC15M-26OCT042145-45,0.0110,0.01,yes
2026-10-05T01:42:34.295471Z,KXBTC15M-26OCT042145-45,0.0110,15.00,yes
2026-10-05T01:42:34.395945Z,KXBTC15M-26OCT042145-45,0.0100,34.72,no
2026-10-05T01:42:34.408446Z,KXBTC15M-26OCT042145-45,0.0110,0.01,yes
2026-10-05T01:42:34.408446Z,KXBTC15M-26OCT042145-45,0.0110,1.92,yes
2026-10-05T01:42:34.432646Z,KXBTC15M-26OCT042145-45,0.0100,5.05,no
2026-10-05T01:42:34.497836Z,KXBTC15M-26OCT042145-45,0.0120,403.47,yes
2026-10-05T01:42:34.497836Z,KXBTC15M-26OCT042145-45,0.0110,6.00,yes
2026-10-05T01:42:34.497836Z,KXBTC15M-26OCT042145-45,0.0110,0.01,yes
2026-10-05T01:42:34.497836Z,KXBTC15M-26OCT042145-45,0.0110,1.92,yes
2026-10-05T01:42:34.497836Z,KXBTC15M-26OCT042145-45,0.0110,1.00,yes
2026-10-05T01:42:34.497836Z,KXBTC15M-26OCT042145-45,0.0110,14.08,yes
2026-10-05T01:42:34.497836Z,KXBTC15M-26OCT042145-45,0.0110,15.00,yes
2026-10-05T01:42:34.497836Z,KXBTC15M-26OCT042145-45,0.0110,0.01,yes
2026-10-05T01:42:34.513016Z,KXBTC15M-26OCT042145-45,0.0100,140.00,no
2026-10-05T01:42:34.537651Z,KXBTC15M-26OCT042145-45,0.0100,190.74,no
2026-10-05T01:42:34.537651Z,KXBTC15M-26OCT042145-45,0.0100,366.00,no
2026-10-05T01:42:34.537651Z,KXBTC15M-26OCT042145-45,0.0100,15.00,no
2026-10-05T01:42:34.537651Z,KXBTC15M-26OCT042145-45,0.0100,0.01,no
2026-10-05T01:42:34.537651Z,KXBTC15M-26OCT042145-45,0.0100,25.00,no
2026-10-05T01:42:34.537651Z,KXBTC15M-26OCT042145-45,0.0100,15.00,no
2026-10-05T01:42:34.537651Z,KXBTC15M-26OCT042145-45,0.0100,15.00,no
2026-10-05T01:42:34.537651Z,KXBTC15M-26OCT042145-45,0.0100,15.00,no
2026-10-05T01:42:34.537651Z,KXBTC15M-26OCT042145-45,0.0100,12.41,no
2026-10-05T01:42:34.537651Z,KXBTC15M-26OCT042145-45,0.0100,15.00,no
2026-10-05T01:42:34.537651Z,KXBTC15M-26OCT042145-45,0.0100,15.00,no
2026-10-05T01:42:34.537651Z,KXBTC15M-26OCT042145-45,0.0100,1.00,no
2026-10-05T01:42:34.537651Z,KXBTC15M-26OCT042145-45,0.0100,89.16,no
2026-10-05T01:42:34.537651Z,KXBTC15M-26OCT042145-45,0.0100,50.00,no
2026-10-05T01:42:34.537651Z,KXBTC15M-26OCT042145-45,0.0100,0.01,no
2026-10-05T01:42:34.537651Z,KXBTC15M-26OCT042145-45,0.0100,72.00,no
2026-10-05T01:42:34.54069Z,KXBTC15M-26OCT042145-45,0.0120,0.16,yes
2026-10-05T01:42:34.54069Z,KXBTC15M-26OCT042145-45,0.0110,15.00,yes
2026-10-05T01:42:34.54069Z,KXBTC15M-26OCT042145-45,0.0110,0.01,yes
2026-10-05T01:42:34.54069Z,KXBTC15M-26OCT042145-45,0.0110,0.01,yes
2026-10-05T01:42:34.54069Z,KXBTC15M-26OCT042145-45,0.0110,16.00,yes
2026-10-05T01:42:34.542584Z,KXBTC15M-26OCT042145-45,0.0100,40.86,no
2026-10-05T01:42:34.592783Z,KXBTC15M-26OCT042145-45,0.0110,0.01,yes
2026-10-05T01:42:34.592783Z,KXBTC15M-26OCT042145-45,0.0110,16.00,yes
2026-10-05T01:42:34.592783Z,KXBTC15M-26OCT042145-45,0.0110,1.25,yes
2026-10-05T01:42:34.592783Z,KXBTC15M-26OCT042145-45,0.0110,0.01,yes
2026-10-05T01:42:34.666271Z,KXBTC15M-26OCT042145-45,0.0120,956.72,yes
2026-10-05T01:42:34.666271Z,KXBTC15M-26OCT042145-45,0.0110,25.00,yes
2026-10-05T01:42:34.666271Z,KXBTC15M-26OCT042145-45,0.0110,200.00,yes
2026-10-05T01:42:34.666271Z,KXBTC15M-26OCT042145-45,0.0110,0.01,yes
2026-10-05T01:42:34.666271Z,KXBTC15M-26OCT042145-45,0.0110,13.75,yes
2026-10-05T01:42:34.666271Z,KXBTC15M-26OCT042145-45,0.0110,0.01,yes
2026-10-05T01:42:34.666271Z,KXBTC15M-26OCT042145-45,0.0110,16.00,yes
2026-10-05T01:42:34.666271Z,KXBTC15M-26OCT042145-45,0.0110,15.00,yes
2026-10-05T01:42:34.719422Z,KXBTC15M-26OCT042145-45,0.0120,368.67,yes
2026-10-05T01:42:34.719422Z,KXBTC15M-26OCT042145-45,0.0110,0.01,yes
2026-10-05T01:42:34.719422Z,KXBTC15M-26OCT042145-45,0.0110,15.00,yes
2026-10-05T01:42:34.719422Z,KXBTC15M-26OCT042145-45,0.0110,0.01,yes
2026-10-05T01:42:34.760633Z,KXBTC15M-26OCT042145-45,0.0110,9.98,yes
2026-10-05T01:42:34.760633Z,KXBTC15M-26OCT042145-45,0.0110,0.01,yes
2026-10-05T01:42:34.760633Z,KXBTC15M-26OCT042145-45,0.0110,0.01,yes
2026-10-05T01:42:34.765673Z,KXBTC15M-26OCT042145-45,0.0100,289.79,no
2026-10-05T01:42:34.765673Z,KXBTC15M-26OCT042145-45,0.0100,16.00,no
2026-10-05T01:42:34.765673Z,KXBTC15M-26OCT042145-45,0.0100,0.01,no
2026-10-05T01:42:34.765673Z,KXBTC15M-26OCT042145-45,0.0100,10.27,no
2026-10-05T01:42:34.765673Z,KXBTC15M-26OCT042145-45,0.0100,0.01,no
2026-10-05T01:42:34.765673Z,KXBTC15M-26OCT042145-45,0.0100,15.00,no
2026-10-05T01:42:34.765673Z,KXBTC15M-26OCT042145-45,0.0100,25.00,no
2026-10-05T01:42:34.765673Z,KXBTC15M-26OCT042145-45,0.0100,77.36,no
2026-10-05T01:42:34.765673Z,KXBTC15M-26OCT042145-45,0.0100,50.00,no
2026-10-05T01:42:34.765673Z,KXBTC15M-26OCT042145-45,0.0100,15.00,no
2026-10-05T01:42:34.765673Z,KXBTC15M-26OCT042145-45,0.0100,15.00,no
2026-10-05T01:42:34.765673Z,KXBTC15M-26OCT042145-45,0.0100,400.00,no
2026-10-05T01:42:34.7721Z,KXBTC15M-26OCT042145-45,0.0100,4.73,no
2026-10-05T01:42:34.7721Z,KXBTC15M-26OCT042145-45,0.0100,6.14,no
2026-10-05T01:42:34.792365Z,KXBTC15M-26OCT042145-45,0.0100,15.13,no
2026-10-05T01:42:34.818111Z,KXBTC15M-26OCT042145-45,0.0100,50.00,no
2026-10-05T01:42:34.818111Z,KXBTC15M-26OCT042145-45,0.0100,0.01,no
2026-10-05T01:42:34.818111Z,KXBTC15M-26OCT042145-45,0.0100,10.54,no
2026-10-05T01:42:34.818111Z,KXBTC15M-26OCT042145-45,0.0100,0.01,no
2026-10-05T01:42:34.848111Z,KXBTC15M-26OCT042145-45,0.0110,72.13,yes
2026-10-05T01:42:34.848111Z,KXBTC15M-26OCT042145-45,0.0110,0.01,yes
2026-10-05T01:42:34.848111Z,KXBTC15M-26OCT042145-45,0.0110,0.01,yes
2026-10-05T01:42:34.848111Z,KXBTC15M-26OCT042145-45,0.0110,5.02,yes
2026-10-05T01:42:34.90204Z,KXBTC15M-26OCT042145-45,0.0090,89.00,no
2026-10-05T01:42:34.90204Z,KXBTC15M-26OCT042145-45,0.0100,0.01,no
2026-10-05T01:42:34.90204Z,KXBTC15M-26OCT042145-45,0.0100,50.00,no
2026-10-05T01:42:34.90204Z,KXBTC15M-26OCT042145-45,0.0080,458.00,no
2026-10-05T01:42:34.90204Z,KXBTC15M-26OCT042145-45,0.0080,17.00,no
2026-10-05T01:42:34.90204Z,KXBTC15M-26OCT042145-45,0.0090,701.00,no
2026-10-05T01:42:34.90204Z,KXBTC15M-26OCT042145-45,0.0100,25.00,no
2026-10-05T01:42:34.90204Z,KXBTC15M-26OCT042145-45,0.0100,500.00,no
2026-10-05T01:42:34.90204Z,KXBTC15M-26OCT042145-45,0.0100,400.00,no
2026-10-05T01:42:34.90204Z,KXBTC15M-26OCT042145-45,0.0100,4.46,no
2026-10-05T01:42:34.90204Z,KXBTC15M-26OCT042145-45,0.0100,101.89,no
2026-10-05T01:42:34.90204Z,KXBTC15M-26OCT042145-45,0.0090,407.00,no
2026-10-05T01:42:34.90204Z,KXBTC15M-26OCT042145-45,0.0090,89.16,no
2026-10-05T01:42:34.90204Z,KXBTC15M-26OCT042145-45,0.0100,0.01,no
2026-10-05T01:42:34.90204Z,KXBTC15M-26OCT042145-45,0.0090,17.00,no
2026-10-05T01:42:34.90204Z,KXBTC15M-26OCT042145-45,0.0080,2.00,no
2026-10-05T01:42:34.90204Z,KXBTC15M-26OCT042145-45,0.0090,2.00,no
2026-10-05T01:42:34.90204Z,KXBTC15M-26OCT042145-45,0.0080,2.00,no
2026-10-05T01:42:34.90204Z,KXBTC15M-26OCT042145-45,0.0070,1280.00,no
2026-10-05T01:42:34.90204Z,KXBTC15M-26OCT042145-45,0.0070,651.58,no
2026-10-05T01:42:34.90204Z,KXBTC15M-26OCT042145-45,0.0080,120.00,no
2026-10-05T01:42:34.90204Z,KXBTC15M-26OCT042145-45,0.0090,120.00,no
2026-10-05T01:42:34.915786Z,KXBTC15M-26OCT042145-45,0.0100,0.01,no
2026-10-05T01:42:34.915786Z,KXBTC15M-26OCT042145-45,0.0100,50.00,no
2026-10-05T01:42:34.915786Z,KXBTC15M-26OCT042145-45,0.0090,246.74,no
2026-10-05T01:42:34.916099Z,KXBTC15M-26OCT042145-45,0.0110,15.00,yes
2026-10-05T01:42:34.916099Z,KXBTC15M-26OCT042145-45,0.0110,25.00,yes
2026-10-05T01:42:34.916099Z,KXBTC15M-26OCT042145-45,0.0110,65.83,yes
2026-10-05T01:42:34.933534Z,KXBTC15M-26OCT042145-45,0.0100,0.01,no
2026-10-05T01:42:34.933534Z,KXBTC15M-26OCT042145-45,0.0100,50.00,no
2026-10-05T01:42:34.933534Z,KXBTC15M-26OCT042145-45,0.0090,63.68,no
2026-10-05T01:42:34.954137Z,KXBTC15M-26OCT042145-45,0.0110,50.00,yes
2026-10-05T01:42:34.964603Z,KXBTC15M-26OCT042145-45,0.0100,400.00,no
2026-10-05T01:42:34.964603Z,KXBTC15M-26OCT042145-45,0.0080,17.00,no
2026-10-05T01:42:34.964603Z,KXBTC15M-26OCT042145-45,0.0100,0.01,no
2026-10-05T01:42:34.964603Z,KXBTC15M-26OCT042145-45,0.0090,111.32,no
2026-10-05T01:42:34.964603Z,KXBTC15M-26OCT042145-45,0.0100,50.00,no
2026-10-05T01:42:34.964603Z,KXBTC15M-26OCT042145-45,0.0090,0.01,no
2026-10-05T01:42:34.964603Z,KXBTC15M-26OCT042145-45,0.0080,17.00,no
2026-10-05T01:42:34.964603Z,KXBTC15M-26OCT042145-45,0.0100,0.01,no
2026-10-05T01:42:34.964603Z,KXBTC15M-26OCT042145-45,0.0070,628.42,no
2026-10-05T01:42:34.964603Z,KXBTC15M-26OCT042145-45,0.0070,753.14,no
2026-10-05T01:42:34.967272Z,KXBTC15M-26OCT042145-45,0.0110,1.00,yes
2026-10-05T01:42:34.967272Z,KXBTC15M-26OCT042145-45,0.0110,341.37,yes
2026-10-05T01:42:34.967272Z,KXBTC15M-26OCT042145-45,0.0110,0.01,yes
2026-10-05T01:42:34.967272Z,KXBTC15M-26OCT042145-45,0.0110,84.17,yes
2026-10-05T01:42:34.967272Z,KXBTC15M-26OCT042145-45,0.0110,1.00,yes
2026-10-05T01:42:34.967272Z,KXBTC15M-26OCT042145-45,0.0110,0.01,yes
2026-10-05T01:42:35.046262Z,KXBTC15M-26OCT042145-45,0.0070,128.63,no
2026-10-05T01:42:35.066681Z,KXBTC15M-26OCT042145-45,0.0080,0.01,yes
2026-10-05T01:42:35.066681Z,KXBTC15M-26OCT042145-45,0.0080,67.00,yes
2026-10-05T01:42:35.066681Z,KXBTC15M-26OCT042145-45,0.0080,1.00,yes
2026-10-05T01:42:35.066681Z,KXBTC15M-26OCT042145-45,0.0080,0.01,yes
2026-10-05T01:42:35.066681Z,KXBTC15M-26OCT042145-45,0.0080,15.00,yes
2026-10-05T01:42:35.074029Z,KXBTC15M-26OCT042145-45,0.0080,1.00,yes
2026-10-05T01:42:35.111733Z,KXBTC15M-26OCT042145-45,0.0080,160.96,yes
2026-10-05T01:42:35.140106Z,KXBTC15M-26OCT042145-45,0.0080,36.33,yes
2026-10-05T01:42:35.159836Z,KXBTC15M-26OCT042145-45,0.0070,398.23,no
2026-10-05T01:42:35.159836Z,KXBTC15M-26OCT042145-45,0.0070,480.18,no
2026-10-05T01:42:35.202523Z,KXBTC15M-26OCT042145-45,0.0070,6.80,no
2026-10-05T01:42:35.210842Z,KXBTC15M-26OCT042145-45,0.0080,36.33,yes
2026-10-05T01:42:35.21984Z,KXBTC15M-26OCT042145-45,0.0070,8.04,no
2026-10-05T01:42:35.227123Z,KXBTC15M-26OCT042145-45,0.0070,3.24,no
2026-10-05T01:42:35.250917Z,KXBTC15M-26OCT042145-45,0.0080,15.71,yes
2026-10-05T01:42:35.2756Z,KXBTC15M-26OCT042145-45,0.0080,36.33,yes
2026-10-05T01:42:35.286906Z,KXBTC15M-26OCT042145-45,0.0080,42.10,yes
2026-10-05T01:42:35.294234Z,KXBTC15M-26OCT042145-45,0.0070,1.66,no
2026-10-05T01:42:35.374697Z,KXBTC15M-26OCT042145-45,0.0080,36.33,yes
2026-10-05T01:42:35.384972Z,KXBTC15M-26OCT042145-45,0.0080,0.01,yes
2026-10-05T01:42:35.384972Z,KXBTC15M-26OCT042145-45,0.0080,128.63,yes
2026-10-05T01:42:35.384972Z,KXBTC15M-26OCT042145-45,0.0080,0.01,yes
2026-10-05T01:42:35.384972Z,KXBTC15M-26OCT042145-45,0.0080,99.13,yes
2026-10-05T01:42:35.384972Z,KXBTC15M-26OCT042145-45,0.0080,196.33,yes
2026-10-05T01:42:35.384972Z,KXBTC15M-26OCT042145-45,0.0080,1.00,yes
2026-10-05T01:42:35.447255Z,KXBTC15M-26OCT042145-45,0.0070,8.68,no
2026-10-05T01:42:35.449962Z,KXBTC15M-26OCT042145-45,0.0080,85.02,yes
2026-10-05T01:42:35.45644Z,KXBTC15M-26OCT042145-45,0.0080,11.45,yes
2026-10-05T01:42:35.456493Z,KXBTC15M-26OCT042145-45,0.0070,2500.00,no
2026-10-05T01:42:35.456493Z,KXBTC15M-26OCT042145-45,0.0060,610.00,no
2026-10-05T01:42:35.456493Z,KXBTC15M-26OCT042145-45,0.0070,15.00,no
2026-10-05T01:42:35.456493Z,KXBTC15M-26OCT042145-45,0.0070,156.00,no
2026-10-05T01:42:35.456493Z,KXBTC15M-26OCT042145-45,0.0060,70.00,no
2026-10-05T01:42:35.456493Z,KXBTC15M-26OCT042145-45,0.0070,500.00,no
2026-10-05T01:42:35.456493Z,KXBTC15M-26OCT042145-45,0.0070,15.00,no
2026-10-05T01:42:35.456493Z,KXBTC15M-26OCT042145-45,0.0070,400.00,no
2026-10-05T01:42:35.456493Z,KXBTC15M-26OCT042145-45,0.0070,103.68,no
2026-10-05T01:42:35.456493Z,KXBTC15M-26OCT042145-45,0.0070,15.00,no
2026-10-05T01:42:35.456493Z,KXBTC15M-26OCT042145-45,0.0060,103.68,no
2026-10-05T01:42:35.456493Z,KXBTC15M-26OCT042145-45,0.0070,500.00,no
2026-10-05T01:42:35.456493Z,KXBTC15M-26OCT042145-45,0.0060,2.00,no
2026-10-05T01:42:35.456493Z,KXBTC15M-26OCT042145-45,0.0070,1.00,no
2026-10-05T01:42:35.456493Z,KXBTC15M-26OCT042145-45,0.0070,17.00,no
2026-10-05T01:42:35.456493Z,KXBTC15M-26OCT042145-45,0.0070,0.01,no
2026-10-05T01:42:35.456493Z,KXBTC15M-26OCT042145-45,0.0070,0.01,no
2026-10-05T01:42:35.456493Z,KXBTC15M-26OCT042145-45,0.0070,10.00,no
2026-10-05T01:42:35.456493Z,KXBTC15M-26OCT042145-45,0.0070,10.00,no
2026-10-05T01:42:35.456493Z,KXBTC15M-26OCT042145-45,0.0070,10.00,no
2026-10-05T01:42:35.456493Z,KXBTC15M-26OCT042145-45,0.0060,2.00,no
2026-10-05T01:42:35.456493Z,KXBTC15M-26OCT042145-45,0.0050,2000.00,no
2026-10-05T01:42:35.456493Z,KXBTC15M-26OCT042145-45,0.0060,1230.00,no
2026-10-05T01:42:35.456493Z,KXBTC15M-26OCT042145-45,0.0060,1280.00,no
2026-10-05T01:42:35.456493Z,KXBTC15M-26OCT042145-45,0.0050,2000.00,no
2026-10-05T01:42:35.456493Z,KXBTC15M-26OCT042145-45,0.0050,2000.00,no
2026-10-05T01:42:35.456493Z,KXBTC15M-26OCT042145-45,0.0060,1280.00,no
2026-10-05T01:42:35.456493Z,KXBTC15M-26OCT042145-45,0.0060,50.00,no
2026-10-05T01:42:35.456493Z,KXBTC15M-26OCT042145-45,0.0050,1933.59,no
2026-10-05T01:42:35.456493Z,KXBTC15M-26OCT042145-45,0.0070,120.00,no
2026-10-05T01:42:35.456493Z,KXBTC15M-26OCT042145-45,0.0060,120.00,no
2026-10-05T01:42:35.456493Z,KXBTC15M-26OCT042145-45,0.0070,771.40,no
2026-10-05T01:42:35.456493Z,KXBTC15M-26OCT042145-45,0.0060,1280.00,no
2026-10-05T01:42:35.466961Z,KXBTC15M-26OCT042145-45,0.0080,16.93,yes
2026-10-05T01:42:35.466961Z,KXBTC15M-26OCT042145-45,0.0080,4.40,yes
2026-10-05T01:42:35.466961Z,KXBTC15M-26OCT042145-45,0.0080,15.00,yes
2026-10-05T01:42:35.467527Z,KXBTC15M-26OCT042145-45,0.0070,0.09,no
2026-10-05T01:42:35.473447Z,KXBTC15M-26OCT042145-45,0.0050,29.26,no
2026-10-05T01:42:35.473447Z,KXBTC15M-26OCT042145-45,0.0050,140.00,no
2026-10-05T01:42:35.473447Z,KXBTC15M-26OCT042145-45,0.0060,105.00,no
2026-10-05T01:42:35.473447Z,KXBTC15M-26OCT042145-45,0.0070,16.91,no
2026-10-05T01:42:35.473447Z,KXBTC15M-26OCT042145-45,0.0070,400.00,no
2026-10-05T01:42:35.473447Z,KXBTC15M-26OCT042145-45,0.0060,20.00,no
2026-10-05T01:42:35.473447Z,KXBTC15M-26OCT042145-45,0.0050,66.41,no
2026-10-05T01:42:35.473447Z,KXBTC15M-26OCT042145-45,0.0050,120.00,no
2026-10-05T01:42:35.473447Z,KXBTC15M-26OCT042145-45,0.0050,1024.00,no
2026-10-05T01:42:35.473447Z,KXBTC15M-26OCT042145-45,0.0050,11.00,no
2026-10-05T01:42:35.476913Z,KXBTC15M-26OCT042145-45,0.0070,0.01,no
2026-10-05T01:42:35.476913Z,KXBTC15M-26OCT042145-45,0.0070,0.01,no
2026-10-05T01:42:35.515026Z,KXBTC15M-26OCT042145-45,0.0070,17.00,no
2026-10-05T01:42:35.515026Z,KXBTC15M-26OCT042145-45,0.0060,0.01,no
2026-10-05T01:42:35.515026Z,KXBTC15M-26OCT042145-45,0.0060,0.01,no
2026-10-05T01:42:35.515026Z,KXBTC15M-26OCT042145-45,0.0060,52.00,no
2026-10-05T01:42:35.515026Z,KXBTC15M-26OCT042145-45,0.0070,0.01,no
2026-10-05T01:42:35.515026Z,KXBTC15M-26OCT042145-45,0.0060,400.00,no
2026-10-05T01:42:35.515026Z,KXBTC15M-26OCT042145-45,0.0070,0.01,no
2026-10-05T01:42:35.520883Z,KXBTC15M-26OCT042145-45,0.0050,65.71,no
2026-10-05T01:42:35.520883Z,KXBTC15M-26OCT042145-45,0.0050,60.74,no
2026-10-05T01:42:35.520883Z,KXBTC15M-26OCT042145-45,0.0050,50.00,no
2026-10-05T01:42:35.534361Z,KXBTC15M-26OCT042145-45,0.0050,4.00,no
2026-10-05T01:42:35.539213Z,KXBTC15M-26OCT042145-45,0.0060,265.90,yes
2026-10-05T01:42:35.542283Z,KXBTC15M-26OCT042145-45,0.0060,36.33,yes
2026-10-05T01:42:35.550649Z,KXBTC15M-26OCT042145-45,0.0050,28.00,no
2026-10-05T01:42:35.56159Z,KXBTC15M-26OCT042145-45,0.0050,19.56,no
2026-10-05T01:42:35.56159Z,KXBTC15M-26OCT042145-45,0.0050,2.29,no
2026-10-05T01:42:35.566762Z,KXBTC15M-26OCT042145-45,0.0050,1.00,no
2026-10-05T01:42:35.587496Z,KXBTC15M-26OCT042145-45,0.0050,9.00,no
2026-10-05T01:42:35.603085Z,KXBTC15M-26OCT042145-45,0.0050,1.00,no
2026-10-05T01:42:35.605505Z,KXBTC15M-26OCT042145-45,0.0060,36.33,yes
2026-10-05T01:42:35.609006Z,KXBTC15M-26OCT042145-45,0.0060,37.09,yes
2026-10-05T01:42:35.618488Z,KXBTC15M-26OCT042145-45,0.0050,71.00,no
2026-10-05T01:42:35.674545Z,KXBTC15M-26OCT042145-45,0.0050,2.15,no
2026-10-05T01:42:35.678439Z,KXBTC15M-26OCT042145-45,0.0060,36.33,yes
2026-10-05T01:42:35.683128Z,KXBTC15M-26OCT042145-45,0.0060,500.00,yes
2026-10-05T01:42:35.699991Z,KXBTC15M-26OCT042145-45,0.0060,18.84,yes
2026-10-05T01:42:35.712483Z,KXBTC15M-26OCT042145-45,0.0050,36.49,no
2026-10-05T01:42:35.747943Z,KXBTC15M-26OCT042145-45,0.0060,584.42,yes
2026-10-05T01:42:35.74821Z,KXBTC15M-26OCT042145-45,0.0060,15.72,yes
2026-10-05T01:42:35.74821Z,KXBTC15M-26OCT042145-45,0.0060,20.61,yes
2026-10-05T01:42:35.805861Z,KXBTC15M-26OCT042145-45,0.0050,31.27,no
2026-10-05T01:42:35.823144Z,KXBTC15M-26OCT042145-45,0.0060,0.01,yes
2026-10-05T01:42:35.823144Z,KXBTC15M-26OCT042145-45,0.0060,0.01,yes
2026-10-05T01:42:35.823144Z,KXBTC15M-26OCT042145-45,0.0060,45.80,yes
2026-10-05T01:42:35.823144Z,KXBTC15M-26OCT042145-45,0.0060,200.00,yes
2026-10-05T01:42:35.823144Z,KXBTC15M-26OCT042145-45,0.0060,1.00,yes
2026-10-05T01:42:35.823144Z,KXBTC15M-26OCT042145-45,0.0060,15.00,yes
2026-10-05T01:42:35.823144Z,KXBTC15M-26OCT042145-45,0.0060,118.18,yes
2026-10-05T01:42:35.823144Z,KXBTC15M-26OCT042145-45,0.0060,120.00,yes
2026-10-05T01:42:35.829937Z,KXBTC15M-26OCT042145-45,0.0060,36.33,yes
2026-10-05T01:42:35.873321Z,KXBTC15M-26OCT042145-45,0.0050,25.63,no
2026-10-05T01:42:35.879572Z,KXBTC15M-26OCT042145-45,0.0060,100.00,yes
2026-10-05T01:42:35.911707Z,KXBTC15M-26OCT042145-45,0.0060,16.00,yes
2026-10-05T01:42:35.911707Z,KXBTC15M-26OCT042145-45,0.0060,0.01,yes
2026-10-05T01:42:35.911707Z,KXBTC15M-26OCT042145-45,0.0060,19.71,yes
2026-10-05T01:42:35.911707Z,KXBTC15M-26OCT042145-45,0.0060,0.01,yes
2026-10-05T01:42:35.911707Z,KXBTC15M-26OCT042145-45,0.0060,65.49,yes
2026-10-05T01:42:35.952636Z,KXBTC15M-26OCT042145-45,0.0060,319.71,yes
2026-10-05T01:42:35.952636Z,KXBTC15M-26OCT042145-45,0.0060,180.29,yes
2026-10-05T01:42:35.955142Z,KXBTC15M-26OCT042145-45,0.0060,36.33,yes
2026-10-05T01:42:36.01518Z,KXBTC15M-26OCT042145-45,0.0060,4.00,yes
2026-10-05T01:42:36.030625Z,KXBTC15M-26OCT042145-45,0.0050,10.34,no
2026-10-05T01:42:36.047442Z,KXBTC15M-26OCT042145-45,0.0060,31.16,yes
2026-10-05T01:42:36.092686Z,KXBTC15M-26OCT042145-45,0.0050,282.00,no
2026-10-05T01:42:36.109433Z,KXBTC15M-26OCT042145-45,0.0060,0.01,yes
2026-10-05T01:42:36.109433Z,KXBTC15M-26OCT042145-45,0.0060,1.00,yes
2026-10-05T01:42:36.109433Z,KXBTC15M-26OCT042145-45,0.0060,200.00,yes
2026-10-05T01:42:36.109433Z,KXBTC15M-26OCT042145-45,0.0060,0.01,yes
2026-10-05T01:42:36.109433Z,KXBTC15M-26OCT042145-45,0.0060,1.00,yes
2026-10-05T01:42:36.109433Z,KXBTC15M-26OCT042145-45,0.0060,10.80,yes
2026-10-05T01:42:36.109433Z,KXBTC15M-26OCT042145-45,0.0060,428.00,yes
2026-10-05T01:42:36.109433Z,KXBTC15M-26OCT042145-45,0.0060,15.00,yes
2026-10-05T01:42:36.111819Z,KXBTC15M-26OCT042145-45,0.0060,89.41,no
2026-10-05T01:42:36.157632Z,KXBTC15M-26OCT042145-45,0.0070,17.00,yes
2026-10-05T01:42:36.157632Z,KXBTC15M-26OCT042145-45,0.0070,1.00,yes
2026-10-05T01:42:36.157632Z,KXBTC15M-26OCT042145-45,0.0070,0.01,yes
2026-10-05T01:42:36.157632Z,KXBTC15M-26OCT042145-45,0.0070,80.00,yes
2026-10-05T01:42:36.157632Z,KXBTC15M-26OCT042145-45,0.0070,0.01,yes
2026-10-05T01:42:36.157632Z,KXBTC15M-26OCT042145-45,0.0070,1.00,yes
2026-10-05T01:42:36.157632Z,KXBTC15M-26OCT042145-45,0.0080,286.35,yes
2026-10-05T01:42:36.157632Z,KXBTC15M-26OCT042145-45,0.0070,120.00,yes
2026-10-05T01:42:36.183927Z,KXBTC15M-26OCT042145-45,0.0070,0.18,no
2026-10-05T01:42:36.29562Z,KXBTC15M-26OCT042145-45,0.0080,1.00,yes
2026-10-05T01:42:36.309132Z,KXBTC15M-26OCT042145-45,0.0080,1.00,yes
2026-10-05T01:42:36.31485Z,KXBTC15M-26OCT042145-45,0.0080,116.88,yes
2026-10-05T01:42:36.352565Z,KXBTC15M-26OCT042145-45,0.0070,250.16,no
2026-10-05T01:42:36.352565Z,KXBTC15M-26OCT042145-45,0.0070,0.01,no
2026-10-05T01:42:36.352565Z,KXBTC15M-26OCT042145-45,0.0070,0.01,no
2026-10-05T01:42:36.352565Z,KXBTC15M-26OCT042145-45,0.0070,149.82,no
2026-10-05T01:42:36.430729Z,KXBTC15M-26OCT042145-45,0.0080,1.42,yes
2026-10-05T01:42:36.448867Z,KXBTC15M-26OCT042145-45,0.0080,1.42,yes
2026-10-05T01:42:36.505171Z,KXBTC15M-26OCT042145-45,0.0070,50.23,no
2026-10-05T01:42:36.573082Z,KXBTC15M-26OCT042145-45,0.0070,9.74,no
2026-10-05T01:42:36.616709Z,KXBTC15M-26OCT042145-45,0.0070,13.04,no
2026-10-05T01:42:36.617294Z,KXBTC15M-26OCT042145-45,0.0080,55.18,yes
2026-10-05T01:42:36.617294Z,KXBTC15M-26OCT042145-45,0.0080,173.91,yes
2026-10-05T01:42:36.712366Z,KXBTC15M-26OCT042145-45,0.0070,23.63,no
2026-10-05T01:42:36.712366Z,KXBTC15M-26OCT042145-45,0.0070,76.83,no
2026-10-05T01:42:36.732117Z,KXBTC15M-26OCT042145-45,0.0080,14.99,yes
2026-10-05T01:42:36.782465Z,KXBTC15M-26OCT042145-45,0.0080,5.84,yes
2026-10-05T01:42:36.804008Z,KXBTC15M-26OCT042145-45,0.0070,70.47,no
2026-10-05T01:42:36.952548Z,KXBTC15M-26OCT042145-45,0.0070,198.21,no
2026-10-05T01:42:36.952548Z,KXBTC15M-26OCT042145-45,0.0070,428.90,no
2026-10-05T01:42:36.952548Z,KXBTC15M-26OCT042145-45,0.0070,0.01,no
2026-10-05T01:42:36.952548Z,KXBTC15M-26OCT042145-45,0.0070,17.00,no
2026-10-05T01:42:36.952548Z,KXBTC15M-26OCT042145-45,0.0070,0.01,no
2026-10-05T01:42:36.952548Z,KXBTC15M-26OCT042145-45,0.0070,1.00,no
2026-10-05T01:42:36.952548Z,KXBTC15M-26OCT042145-45,0.0070,60.00,no
2026-10-05T01:42:37.065907Z,KXBTC15M-26OCT042145-45,0.0070,61.14,no
2026-10-05T01:42:37.065907Z,KXBTC15M-26OCT042145-45,0.0070,10.00,no
2026-10-05T01:42:37.085083Z,KXBTC15M-26OCT042145-45,0.0080,1.66,yes
2026-10-05T01:42:37.085083Z,KXBTC15M-26OCT042145-45,0.0080,771.40,yes
2026-10-05T01:42:37.085083Z,KXBTC15M-26OCT042145-45,0.0080,10.00,yes
2026-10-05T01:42:37.085083Z,KXBTC15M-26OCT042145-45,0.0080,8.68,yes
2026-10-05T01:42:37.085083Z,KXBTC15M-26OCT042145-45,0.0080,203.49,yes
2026-10-05T01:42:37.085083Z,KXBTC15M-26OCT042145-45,0.0080,8.04,yes
2026-10-05T01:42:37.085083Z,KXBTC15M-26OCT042145-45,0.0080,6.80,yes
2026-10-05T01:42:37.085083Z,KXBTC15M-26OCT042145-45,0.0080,2.37,yes
2026-10-05T01:42:37.085083Z,KXBTC15M-26OCT042145-45,0.0080,3.24,yes
2026-10-05T01:42:37.322796Z,KXBTC15M-26OCT042145-45,0.0080,50.00,yes
2026-10-05T01:42:37.390698Z,KXBTC15M-26OCT042145-45,0.0080,116.88,yes
2026-10-05T01:42:37.409895Z,KXBTC15M-26OCT042145-45,0.0070,195.01,no
2026-10-05T01:42:37.436475Z,KXBTC15M-26OCT042145-45,0.0080,116.88,yes
2026-10-05T01:42:37.47025Z,KXBTC15M-26OCT042145-45,0.0080,116.88,yes
2026-10-05T01:42:37.482236Z,KXBTC15M-26OCT042145-45,0.0070,0.15,no
2026-10-05T01:42:37.482236Z,KXBTC15M-26OCT042145-45,0.0070,0.01,no
2026-10-05T01:42:37.482236Z,KXBTC15M-26OCT042145-45,0.0070,0.01,no
2026-10-05T01:42:37.507867Z,KXBTC15M-26OCT042145-45,0.0080,58.44,yes
2026-10-05T01:42:37.54169Z,KXBTC15M-26OCT042145-45,0.0070,184.67,no
2026-10-05T01:42:37.54169Z,KXBTC15M-26OCT042145-45,0.0070,9.85,no
2026-10-05T01:42:37.616954Z,KXBTC15M-26OCT042145-45,0.0080,50.00,yes
2026-10-05T01:42:37.616954Z,KXBTC15M-26OCT042145-45,0.0080,729.64,yes
2026-10-05T01:42:37.616954Z,KXBTC15M-26OCT042145-45,0.0080,120.00,yes
2026-10-05T01:42:37.616954Z,KXBTC15M-26OCT042145-45,0.0080,818.55,yes
2026-10-05T01:42:37.624797Z,KXBTC15M-26OCT042145-45,0.0080,29.22,yes
2026-10-05T01:42:37.681888Z,KXBTC15M-26OCT042145-45,0.0080,509.78,yes
2026-10-05T01:42:37.681888Z,KXBTC15M-26OCT042145-45,0.0080,521.14,yes
2026-10-05T01:42:37.785866Z,KXBTC15M-26OCT042145-45,0.0080,448.61,yes
2026-10-05T01:42:37.785866Z,KXBTC15M-26OCT042145-45,0.0080,720.22,yes
2026-10-05T01:42:37.806858Z,KXBTC15M-26OCT042145-45,0.0080,10.00,yes
2026-10-05T01:42:37.809539Z,KXBTC15M-26OCT042145-45,0.0080,116.88,yes
2026-10-05T01:42:37.852919Z,KXBTC15M-26OCT042145-45,0.0080,580.31,yes
2026-10-05T01:42:37.853625Z,KXBTC15M-26OCT042145-45,0.0060,14.99,no
2026-10-05T01:42:37.853625Z,KXBTC15M-26OCT042145-45,0.0070,0.01,no
2026-10-05T01:42:37.853625Z,KXBTC15M-26OCT042145-45,0.0070,215.33,no
2026-10-05T01:42:37.853625Z,KXBTC15M-26OCT042145-45,0.0070,0.01,no
2026-10-05T01:42:37.853625Z,KXBTC15M-26OCT042145-45,0.0060,17.00,no
2026-10-05T01:42:37.930924Z,KXBTC15M-26OCT042145-45,0.0070,4.00,no
2026-10-05T01:42:37.980886Z,KXBTC15M-26OCT042145-45,0.0070,35.03,no
2026-10-05T01:42:37.980886Z,KXBTC15M-26OCT042145-45,0.0070,13.00,no
2026-10-05T01:42:37.980886Z,KXBTC15M-26OCT042145-45,0.0070,0.01,no
2026-10-05T01:42:37.980886Z,KXBTC15M-26OCT042145-45,0.0070,0.01,no
2026-10-05T01:42:37.991242Z,KXBTC15M-26OCT042145-45,0.0080,343.64,yes
2026-10-05T01:42:37.997236Z,KXBTC15M-26OCT042145-45,0.0070,88.57,no
2026-10-05T01:42:38.045455Z,KXBTC15M-26OCT042145-45,0.0070,0.01,no
2026-10-05T01:42:38.045455Z,KXBTC15M-26OCT042145-45,0.0070,0.01,no
2026-10-05T01:42:38.045455Z,KXBTC15M-26OCT042145-45,0.0070,25.14,no
2026-10-05T01:42:38.097126Z,KXBTC15M-26OCT042145-45,0.0080,35.35,yes
2026-10-05T01:42:38.119517Z,KXBTC15M-26OCT042145-45,0.0050,90.00,no
2026-10-05T01:42:38.119517Z,KXBTC15M-26OCT042145-45,0.0050,250.00,no
2026-10-05T01:42:38.119517Z,KXBTC15M-26OCT042145-45,0.0050,35.00,no
2026-10-05T01:42:38.119517Z,KXBTC15M-26OCT042145-45,0.0050,360.00,no
2026-10-05T01:42:38.119517Z,KXBTC15M-26OCT042145-45,0.0050,10.56,no
2026-10-05T01:42:38.119517Z,KXBTC15M-26OCT042145-45,0.0050,200.00,no
2026-10-05T01:42:38.119517Z,KXBTC15M-26OCT042145-45,0.0050,450.00,no
2026-10-05T01:42:38.119517Z,KXBTC15M-26OCT042145-45,0.0050,200.00,no
2026-10-05T01:42:38.119517Z,KXBTC15M-26OCT042145-45,0.0050,200.00,no
2026-10-05T01:42:38.119517Z,KXBTC15M-26OCT042145-45,0.0050,146.41,no
2026-10-05T01:42:38.119517Z,KXBTC15M-26OCT042145-45,0.0050,600.00,no
2026-10-05T01:42:38.119517Z,KXBTC15M-26OCT042145-45,0.0050,360.00,no
2026-10-05T01:42:38.119517Z,KXBTC15M-26OCT042145-45,0.0050,200.00,no
2026-10-05T01:42:38.119517Z,KXBTC15M-26OCT042145-45,0.0050,360.00,no
2026-10-05T01:42:38.119517Z,KXBTC15M-26OCT042145-45,0.0060,20.00,no
2026-10-05T01:42:38.119517Z,KXBTC15M-26OCT042145-45,0.0060,257.78,no
2026-10-05T01:42:38.119517Z,KXBTC15M-26OCT042145-45,0.0060,13.00,no
2026-10-05T01:42:38.119517Z,KXBTC15M-26OCT042145-45,0.0060,200.00,no
2026-10-05T01:42:38.119517Z,KXBTC15M-26OCT042145-45,0.0060,17.00,no
2026-10-05T01:42:38.119517Z,KXBTC15M-26OCT042145-45,0.0060,610.00,no
2026-10-05T01:42:38.119517Z,KXBTC15M-26OCT042145-45,0.0060,76.01,no
2026-10-05T01:42:38.119517Z,KXBTC15M-26OCT042145-45,0.0070,1.00,no
2026-10-05T01:42:38.119517Z,KXBTC15M-26OCT042145-45,0.0070,0.01,no
2026-10-05T01:42:38.119517Z,KXBTC15M-26OCT042145-45,0.0070,0.01,no
2026-10-05T01:42:38.119517Z,KXBTC15M-26OCT042145-45,0.0070,200.00,no
2026-10-05T01:42:38.119517Z,KXBTC15M-26OCT042145-45,0.0070,400.00,no
2026-10-05T01:42:38.171492Z,KXBTC15M-26OCT042145-45,0.0050,74.20,no
2026-10-05T01:42:38.171492Z,KXBTC15M-26OCT042145-45,0.0050,483.59,no
2026-10-05T01:42:38.171492Z,KXBTC15M-26OCT042145-45,0.0050,200.00,no
2026-10-05T01:42:38.171492Z,KXBTC15M-26OCT042145-45,0.0050,150.00,no
2026-10-05T01:42:38.171492Z,KXBTC15M-26OCT042145-45,0.0060,20.00,no
2026-10-05T01:42:38.171492Z,KXBTC15M-26OCT042145-45,0.0070,17.00,no
2026-10-05T01:42:38.171492Z,KXBTC15M-26OCT042145-45,0.0060,17.00,no
2026-10-05T01:42:38.171492Z,KXBTC15M-26OCT042145-45,0.0060,20.00,no
2026-10-05T01:42:38.172435Z,KXBTC15M-26OCT042145-45,0.0080,1.14,yes
2026-10-05T01:42:38.215497Z,KXBTC15M-26OCT042145-45,0.0080,108.66,yes
2026-10-05T01:42:38.215497Z,KXBTC15M-26OCT042145-45,0.0080,464.07,yes
2026-10-05T01:42:38.226709Z,KXBTC15M-26OCT042145-45,0.0080,101.30,yes
2026-10-05T01:42:38.228673Z,KXBTC15M-26OCT042145-45,0.0080,116.88,yes
2026-10-05T01:42:38.234727Z,KXBTC15M-26OCT042145-45,0.0070,2.25,no
2026-10-05T01:42:38.251987Z,KXBTC15M-26OCT042145-45,0.0080,7.39,yes
2026-10-05T01:42:38.26071Z,KXBTC15M-26OCT042145-45,0.0070,0.04,no
2026-10-05T01:42:38.272696Z,KXBTC15M-26OCT042145-45,0.0070,5.03,no
2026-10-05T01:42:38.455951Z,KXBTC15M-26OCT042145-45,0.0080,106.25,yes
2026-10-05T01:42:38.520445Z,KXBTC15M-26OCT042145-45,0.0080,1493.11,yes
2026-10-05T01:42:38.520445Z,KXBTC15M-26OCT042145-45,0.0080,450.03,yes
2026-10-05T01:42:38.520445Z,KXBTC15M-26OCT042145-45,0.0080,1024.00,yes
2026-10-05T01:42:38.722297Z,KXBTC15M-26OCT042145-45,0.0080,1.14,yes
2026-10-05T01:42:38.772492Z,KXBTC15M-26OCT042145-45,0.0100,20.00,yes
2026-10-05T01:42:38.772492Z,KXBTC15M-26OCT042145-45,0.0120,63.19,yes
2026-10-05T01:42:38.772492Z,KXBTC15M-26OCT042145-45,0.0120,50.00,yes
2026-10-05T01:42:38.772492Z,KXBTC15M-26OCT042145-45,0.0150,15.00,yes
2026-10-05T01:42:38.772492Z,KXBTC15M-26OCT042145-45,0.0140,280.12,yes
2026-10-05T01:42:38.772492Z,KXBTC15M-26OCT042145-45,0.0140,2.00,yes
2026-10-05T01:42:38.772492Z,KXBTC15M-26OCT042145-45,0.0080,828.83,yes
2026-10-05T01:42:38.772492Z,KXBTC15M-26OCT042145-45,0.0140,2.00,yes
2026-10-05T01:42:38.772492Z,KXBTC15M-26OCT042145-45,0.0100,120.00,yes
2026-10-05T01:42:38.772492Z,KXBTC15M-26OCT042145-45,0.0100,2.00,yes
2026-10-05T01:42:38.772492Z,KXBTC15M-26OCT042145-45,0.0090,120.00,yes
2026-10-05T01:42:38.772492Z,KXBTC15M-26OCT042145-45,0.0150,1.00,yes
2026-10-05T01:42:38.772492Z,KXBTC15M-26OCT042145-45,0.0110,25.00,yes
2026-10-05T01:42:38.772492Z,KXBTC15M-26OCT042145-45,0.0130,2.00,yes
2026-10-05T01:42:38.772492Z,KXBTC15M-26OCT042145-45,0.0130,2.00,yes
2026-10-05T01:42:38.772492Z,KXBTC15M-26OCT042145-45,0.0080,2000.00,yes
2026-10-05T01:42:38.772492Z,KXBTC15M-26OCT042145-45,0.0150,2.00,yes
2026-10-05T01:42:38.772492Z,KXBTC15M-26OCT042145-45,0.0110,651.58,yes
2026-10-05T01:42:38.772492Z,KXBTC15M-26OCT042145-45,0.0150,15.00,yes
2026-10-05T01:42:38.772492Z,KXBTC15M-26OCT042145-45,0.0150,64.00,yes
2026-10-05T01:42:38.772492Z,KXBTC15M-26OCT042145-45,0.0110,753.14,yes
2026-10-05T01:42:38.772492Z,KXBTC15M-26OCT042145-45,0.0150,2.00,yes
2026-10-05T01:42:38.772492Z,KXBTC15M-26OCT042145-45,0.0110,1280.00,yes
2026-10-05T01:42:38.772492Z,KXBTC15M-26OCT042145-45,0.0150,64.00,yes
2026-10-05T01:42:38.772492Z,KXBTC15M-26OCT042145-45,0.0100,50.00,yes
2026-10-05T01:42:38.772492Z,KXBTC15M-26OCT042145-45,0.0180,861.09,yes
2026-10-05T01:42:38.772492Z,KXBTC15M-26OCT042145-45,0.0180,46.00,yes
2026-10-05T01:42:38.772492Z,KXBTC15M-26OCT042145-45,0.0090,49.00,yes
2026-10-05T01:42:38.772492Z,KXBTC15M-26OCT042145-45,0.0160,0.01,yes
2026-10-05T01:42:38.772492Z,KXBTC15M-26OCT042145-45,0.0150,3000.00,yes
2026-10-05T01:42:38.772492Z,KXBTC15M-26OCT042145-45,0.0080,0.01,yes
2026-10-05T01:42:38.772492Z,KXBTC15M-26OCT042145-45,0.0100,16.00,yes
2026-10-05T01:42:38.772492Z,KXBTC15M-26OCT042145-45,0.0080,0.01,yes
2026-10-05T01:42:38.772492Z,KXBTC15M-26OCT042145-45,0.0080,15.00,yes
2026-10-05T01:42:38.772492Z,KXBTC15M-26OCT042145-45,0.0100,15.00,yes
2026-10-05T01:42:38.772492Z,KXBTC15M-26OCT042145-45,0.0120,15.00,yes
2026-10-05T01:42:38.772492Z,KXBTC15M-26OCT042145-45,0.0080,15.00,yes
2026-10-05T01:42:38.772492Z,KXBTC15M-26OCT042145-45,0.0080,832.00,yes
2026-10-05T01:42:38.772492Z,KXBTC15M-26OCT042145-45,0.0120,1.00,yes
2026-10-05T01:42:38.772492Z,KXBTC15M-26OCT042145-45,0.0080,1.00,yes
2026-10-05T01:42:38.772492Z,KXBTC15M-26OCT042145-45,0.0090,200.00,yes
2026-10-05T01:42:38.772492Z,KXBTC15M-26OCT042145-45,0.0090,1000.00,yes
2026-10-05T01:42:38.772492Z,KXBTC15M-26OCT042145-45,0.0080,480.00,yes
2026-10-05T01:42:38.772492Z,KXBTC15M-26OCT042145-45,0.0140,10.00,yes
2026-10-05T01:42:38.772492Z,KXBTC15M-26OCT042145-45,0.0150,10.00,yes
2026-10-05T01:42:38.772492Z,KXBTC15M-26OCT042145-45,0.0160,10.00,yes
2026-10-05T01:42:38.772492Z,KXBTC15M-26OCT042145-45,0.0180,10.00,yes
2026-10-05T01:42:38.772492Z,KXBTC15M-26OCT042145-45,0.0170,0.01,yes
2026-10-05T01:42:38.772492Z,KXBTC15M-26OCT042145-45,0.0180,0.01,yes
2026-10-05T01:42:38.772492Z,KXBTC15M-26OCT042145-45,0.0180,500.00,yes
2026-10-05T01:42:38.820229Z,KXBTC15M-26OCT042145-45,0.0100,1.00,no
2026-10-05T01:42:38.83732Z,KXBTC15M-26OCT042145-45,0.0180,556.44,yes
2026-10-05T01:42:38.83732Z,KXBTC15M-26OCT042145-45,0.0110,15.00,yes
2026-10-05T01:42:38.83732Z,KXBTC15M-26OCT042145-45,0.0110,100.00,yes
2026-10-05T01:42:38.83732Z,KXBTC15M-26OCT042145-45,0.0130,0.01,yes
2026-10-05T01:42:38.83732Z,KXBTC15M-26OCT042145-45,0.0110,0.01,yes
2026-10-05T01:42:38.83732Z,KXBTC15M-26OCT042145-45,0.0150,15.00,yes
2026-10-05T01:42:38.83732Z,KXBTC15M-26OCT042145-45,0.0150,15.00,yes
2026-10-05T01:42:38.83732Z,KXBTC15M-26OCT042145-45,0.0110,400.00,yes
2026-10-05T01:42:38.83732Z,KXBTC15M-26OCT042145-45,0.0170,13.00,yes
2026-10-05T01:42:38.83732Z,KXBTC15M-26OCT042145-45,0.0120,995.00,yes
2026-10-05T01:42:38.83732Z,KXBTC15M-26OCT042145-45,0.0130,0.01,yes
2026-10-05T01:42:38.83732Z,KXBTC15M-26OCT042145-45,0.0130,15.00,yes
2026-10-05T01:42:38.83732Z,KXBTC15M-26OCT042145-45,0.0110,0.01,yes
2026-10-05T01:42:38.849628Z,KXBTC15M-26OCT042145-45,0.0110,0.01,yes
2026-10-05T01:42:38.922499Z,KXBTC15M-26OCT042145-45,0.0100,50.32,no
2026-10-05T01:42:38.992008Z,KXBTC15M-26OCT042145-45,0.0110,31.70,yes
2026-10-05T01:42:38.992008Z,KXBTC15M-26OCT042145-45,0.0110,15.00,yes
2026-10-05T01:42:38.992008Z,KXBTC15M-26OCT042145-45,0.0110,100.00,yes
2026-10-05T01:42:38.992008Z,KXBTC15M-26OCT042145-45,0.0110,0.01,yes
2026-10-05T01:42:38.992008Z,KXBTC15M-26OCT042145-45,0.0110,15.00,yes
2026-10-05T01:42:38.992008Z,KXBTC15M-26OCT042145-45,0.0110,0.01,yes
2026-10-05T01:42:39.006997Z,KXBTC15M-26OCT042145-45,0.0110,34.51,yes
2026-10-05T01:42:39.111106Z,KXBTC15M-26OCT042145-45,0.0180,3082.47,yes
2026-10-05T01:42:39.111106Z,KXBTC15M-26OCT042145-45,0.0180,2875.72,yes
2026-10-05T01:42:39.111106Z,KXBTC15M-26OCT042145-45,0.0110,15.00,yes
2026-10-05T01:42:39.111106Z,KXBTC15M-26OCT042145-45,0.0120,200.00,yes
2026-10-05T01:42:39.111106Z,KXBTC15M-26OCT042145-45,0.0110,0.01,yes
2026-10-05T01:42:39.111106Z,KXBTC15M-26OCT042145-45,0.0170,13.00,yes
2026-10-05T01:42:39.111106Z,KXBTC15M-26OCT042145-45,0.0110,200.00,yes
2026-10-05T01:42:39.111106Z,KXBTC15M-26OCT042145-45,0.0110,1052.00,yes
2026-10-05T01:42:39.111106Z,KXBTC15M-26OCT042145-45,0.0110,95.00,yes
2026-10-05T01:42:39.111106Z,KXBTC15M-26OCT042145-45,0.0150,15.00,yes
2026-10-05T01:42:39.111106Z,KXBTC15M-26OCT042145-45,0.0150,1.00,yes
2026-10-05T01:42:39.111106Z,KXBTC15M-26OCT042145-45,0.0120,992.00,yes
2026-10-05T01:42:39.111106Z,KXBTC15M-26OCT042145-45,0.0140,1.00,yes
2026-10-05T01:42:39.111106Z,KXBTC15M-26OCT042145-45,0.0170,1.00,yes
2026-10-05T01:42:39.111106Z,KXBTC15M-26OCT042145-45,0.0110,1.00,yes
2026-10-05T01:42:39.111106Z,KXBTC15M-26OCT042145-45,0.0110,1.00,yes
2026-10-05T01:42:39.111106Z,KXBTC15M-26OCT042145-45,0.0110,1.00,yes
2026-10-05T01:42:39.111106Z,KXBTC15M-26OCT042145-45,0.0110,100.00,yes
2026-10-05T01:42:39.111106Z,KXBTC15M-26OCT042145-45,0.0110,0.01,yes
2026-10-05T01:42:39.111106Z,KXBTC15M-26OCT042145-45,0.0160,1.00,yes
2026-10-05T01:42:39.111106Z,KXBTC15M-26OCT042145-45,0.0110,333.79,yes
2026-10-05T01:42:39.122691Z,KXBTC15M-26OCT042145-45,0.0170,341.73,yes
2026-10-05T01:42:39.122691Z,KXBTC15M-26OCT042145-45,0.0110,0.01,yes
2026-10-05T01:42:39.122691Z,KXBTC15M-26OCT042145-45,0.0150,968.00,yes
2026-10-05T01:42:39.122691Z,KXBTC15M-26OCT042145-45,0.0110,0.01,yes
2026-10-05T01:42:39.128131Z,KXBTC15M-26OCT042145-45,0.0110,0.02,yes
2026-10-05T01:42:39.128585Z,KXBTC15M-26OCT042145-45,0.0110,0.02,yes
2026-10-05T01:42:39.129584Z,KXBTC15M-26OCT042145-45,0.0110,0.02,yes
2026-10-05T01:42:39.130074Z,KXBTC15M-26OCT042145-45,0.0100,1.20,no
2026-10-05T01:42:39.130195Z,KXBTC15M-26OCT042145-45,0.0140,92.00,yes
2026-10-05T01:42:39.130195Z,KXBTC15M-26OCT042145-45,0.0110,399.94,yes
2026-10-05T01:42:39.131116Z,KXBTC15M-26OCT042145-45,0.0160,0.02,yes
2026-10-05T01:42:39.133197Z,KXBTC15M-26OCT042145-45,0.0160,0.02,yes
2026-10-05T01:42:39.137538Z,KXBTC15M-26OCT042145-45,0.0180,86.99,yes
2026-10-05T01:42:39.137538Z,KXBTC15M-26OCT042145-45,0.0170,0.01,yes
2026-10-05T01:42:39.137538Z,KXBTC15M-26OCT042145-45,0.0170,13.00,yes
2026-10-05T01:42:39.140716Z,KXBTC15M-26OCT042145-45,0.0160,0.01,yes
2026-10-05T01:42:39.140716Z,KXBTC15M-26OCT042145-45,0.0160,13.00,yes
2026-10-05T01:42:39.140971Z,KXBTC15M-26OCT042145-45,0.0160,87.00,yes
2026-10-05T01:42:39.144696Z,KXBTC15M-26OCT042145-45,0.0180,0.02,yes
2026-10-05T01:42:39.146339Z,KXBTC15M-26OCT042145-45,0.0180,1.23,yes
2026-10-05T01:42:39.157893Z,KXBTC15M-26OCT042145-45,0.0170,0.01,no
2026-10-05T01:42:39.157893Z,KXBTC15M-26OCT042145-45,0.0170,515.98,no
2026-10-05T01:42:39.157893Z,KXBTC15M-26OCT042145-45,0.0170,100.00,no
2026-10-05T01:42:39.157893Z,KXBTC15M-26OCT042145-45,0.0170,0.01,no
2026-10-05T01:42:39.203731Z,KXBTC15M-26OCT042145-45,0.0170,509.00,no
2026-10-05T01:42:39.204035Z,KXBTC15M-26OCT042145-45,0.0170,5.00,no
2026-10-05T01:42:39.2089Z,KXBTC15M-26OCT042145-45,0.0170,437.98,no
2026-10-05T01:42:39.2089Z,KXBTC15M-26OCT042145-45,0.0170,475.02,no
2026-10-05T01:42:39.22629Z,KXBTC15M-26OCT042145-45,0.0170,10.00,no
2026-10-05T01:42:39.22629Z,KXBTC15M-26OCT042145-45,0.0160,17.00,no
2026-10-05T01:42:39.22629Z,KXBTC15M-26OCT042145-45,0.0150,6.47,no
2026-10-05T01:42:39.22629Z,KXBTC15M-26OCT042145-45,0.0170,0.01,no
2026-10-05T01:42:39.22629Z,KXBTC15M-26OCT042145-45,0.0170,0.01,no
2026-10-05T01:42:39.22629Z,KXBTC15M-26OCT042145-45,0.0150,15.00,no
2026-10-05T01:42:39.22629Z,KXBTC15M-26OCT042145-45,0.0160,69.00,no
2026-10-05T01:42:39.22629Z,KXBTC15M-26OCT042145-45,0.0170,100.00,no
2026-10-05T01:42:39.22629Z,KXBTC15M-26OCT042145-45,0.0170,1.00,no
2026-10-05T01:42:39.255712Z,KXBTC15M-26OCT042145-45,0.0150,0.43,no
2026-10-05T01:42:39.255712Z,KXBTC15M-26OCT042145-45,0.0170,0.01,no
2026-10-05T01:42:39.255712Z,KXBTC15M-26OCT042145-45,0.0170,0.01,no
2026-10-05T01:42:39.3198Z,KXBTC15M-26OCT042145-45,0.0170,0.01,no
2026-10-05T01:42:39.3198Z,KXBTC15M-26OCT042145-45,0.0150,86.85,no
2026-10-05T01:42:39.3198Z,KXBTC15M-26OCT042145-45,0.0150,55.83,no
2026-10-05T01:42:39.35479Z,KXBTC15M-26OCT042145-45,0.0130,10.00,no
2026-10-05T01:42:39.35479Z,KXBTC15M-26OCT042145-45,0.0130,10.00,no
2026-10-05T01:42:39.35479Z,KXBTC15M-26OCT042145-45,0.0170,100.00,no
2026-10-05T01:42:39.35479Z,KXBTC15M-26OCT042145-45,0.0170,0.01,no
2026-10-05T01:42:39.35479Z,KXBTC15M-26OCT042145-45,0.0160,995.00,no
2026-10-05T01:42:39.35479Z,KXBTC15M-26OCT042145-45,0.0170,400.00,no
2026-10-05T01:42:39.35479Z,KXBTC15M-26OCT042145-45,0.0150,0.01,no
2026-10-05T01:42:39.35479Z,KXBTC15M-26OCT042145-45,0.0170,0.01,no
2026-10-05T01:42:39.35479Z,KXBTC15M-26OCT042145-45,0.0150,37.92,no
2026-10-05T01:42:39.35479Z,KXBTC15M-26OCT042145-45,0.0150,93.75,no
2026-10-05T01:42:39.35479Z,KXBTC15M-26OCT042145-45,0.0150,15.00,no
2026-10-05T01:42:39.35479Z,KXBTC15M-26OCT042145-45,0.0110,17.00,no
2026-10-05T01:42:39.35479Z,KXBTC15M-26OCT042145-45,0.0150,64.00,no
2026-10-05T01:42:39.35479Z,KXBTC15M-26OCT042145-45,0.0100,1447.48,no
2026-10-05T01:42:39.35479Z,KXBTC15M-26OCT042145-45,0.0100,46.77,no
2026-10-05T01:42:39.410458Z,KXBTC15M-26OCT042145-45,0.0100,1.57,no
2026-10-05T01:42:39.481295Z,KXBTC15M-26OCT042145-45,0.0100,15.00,no
2026-10-05T01:42:39.481295Z,KXBTC15M-26OCT042145-45,0.0100,2.00,no
2026-10-05T01:42:39.481295Z,KXBTC15M-26OCT042145-45,0.0100,93.75,no
2026-10-05T01:42:39.481295Z,KXBTC15M-26OCT042145-45,0.0100,15.00,no
2026-10-05T01:42:39.481295Z,KXBTC15M-26OCT042145-45,0.0090,200.00,no
2026-10-05T01:42:39.481295Z,KXBTC15M-26OCT042145-45,0.0100,10.00,no
2026-10-05T01:42:39.481295Z,KXBTC15M-26OCT042145-45,0.0090,2.00,no
2026-10-05T01:42:39.481295Z,KXBTC15M-26OCT042145-45,0.0100,1.00,no
2026-10-05T01:42:39.481295Z,KXBTC15M-26OCT042145-45,0.0090,452.38,no
2026-10-05T01:42:39.481295Z,KXBTC15M-26OCT042145-45,0.0090,2.00,no
2026-10-05T01:42:39.481295Z,KXBTC15M-26OCT042145-45,0.0100,0.01,no
2026-10-05T01:42:39.481295Z,KXBTC15M-26OCT042145-45,0.0100,100.00,no
2026-10-05T01:42:39.481295Z,KXBTC15M-26OCT042145-45,0.0100,0.01,no
2026-10-05T01:42:39.481295Z,KXBTC15M-26OCT042145-45,0.0100,200.00,no
2026-10-05T01:42:39.481295Z,KXBTC15M-26OCT042145-45,0.0100,10.00,no
2026-10-05T01:42:39.481295Z,KXBTC15M-26OCT042145-45,0.0100,93.75,no
2026-10-05T01:42:39.481295Z,KXBTC15M-26OCT042145-45,0.0100,15.00,no
2026-10-05T01:42:39.481295Z,KXBTC15M-26OCT042145-45,0.0100,17.00,no
2026-10-05T01:42:39.481295Z,KXBTC15M-26OCT042145-45,0.0100,400.00,no
2026-10-05T01:42:39.481295Z,KXBTC15M-26OCT042145-45,0.0100,10.00,no
2026-10-05T01:42:39.481295Z,KXBTC15M-26OCT042145-45,0.0100,261.07,no
2026-10-05T01:42:39.481295Z,KXBTC15M-26OCT042145-45,0.0090,79.00,no
2026-10-05T01:42:39.481295Z,KXBTC15M-26OCT042145-45,0.0100,1.66,no
2026-10-05T01:42:39.481295Z,KXBTC15M-26OCT042145-45,0.0100,15.00,no
2026-10-05T01:42:39.481295Z,KXBTC15M-26OCT042145-45,0.0100,15.00,no
2026-10-05T01:42:39.537665Z,KXBTC15M-26OCT042145-45,0.0110,1500.00,yes
2026-10-05T01:42:39.537665Z,KXBTC15M-26OCT042145-45,0.0110,0.01,yes
2026-10-05T01:42:39.537665Z,KXBTC15M-26OCT042145-45,0.0110,0.01,yes
2026-10-05T01:42:39.537665Z,KXBTC15M-26OCT042145-45,0.0110,15.00,yes
2026-10-05T01:42:39.537665Z,KXBTC15M-26OCT042145-45,0.0110,1.00,yes
2026-10-05T01:42:39.638051Z,KXBTC15M-26OCT042145-45,0.0110,0.01,yes
2026-10-05T01:42:39.638051Z,KXBTC15M-26OCT042145-45,0.0110,0.01,yes
2026-10-05T01:42:39.638051Z,KXBTC15M-26OCT042145-45,0.0110,15.00,yes
2026-10-05T01:42:39.638051Z,KXBTC15M-26OCT042145-45,0.0110,15.00,yes
2026-10-05T01:42:39.664431Z,KXBTC15M-26OCT042145-45,0.0110,0.01,yes
2026-10-05T01:42:39.664431Z,KXBTC15M-26OCT042145-45,0.0120,0.01,yes
2026-10-05T01:42:39.664431Z,KXBTC15M-26OCT042145-45,0.0110,15.00,yes
2026-10-05T01:42:39.664431Z,KXBTC15M-26OCT042145-45,0.0120,0.01,yes
2026-10-05T01:42:39.664431Z,KXBTC15M-26OCT042145-45,0.0110,0.01,yes
2026-10-05T01:42:39.664431Z,KXBTC15M-26OCT042145-45,0.0130,4.20,yes
2026-10-05T01:42:39.76719Z,KXBTC15M-26OCT042145-45,0.0130,0.01,yes
2026-10-05T01:42:39.76719Z,KXBTC15M-26OCT042145-45,0.0130,1.19,yes
2026-10-05T01:42:39.76719Z,KXBTC15M-26OCT042145-45,0.0130,0.01,yes
2026-10-05T01:42:39.778025Z,KXBTC15M-26OCT042145-45,0.0180,1036.04,yes
2026-10-05T01:42:39.778025Z,KXBTC15M-26OCT042145-45,0.0190,1000.00,yes
2026-10-05T01:42:39.778025Z,KXBTC15M-26OCT042145-45,0.0190,188.54,yes
2026-10-05T01:42:39.778025Z,KXBTC15M-26OCT042145-45,0.0130,37.81,yes
2026-10-05T01:42:39.778025Z,KXBTC15M-26OCT042145-45,0.0160,200.00,yes
2026-10-05T01:42:39.778025Z,KXBTC15M-26OCT042145-45,0.0160,488.00,yes
2026-10-05T01:42:39.778025Z,KXBTC15M-26OCT042145-45,0.0180,2.00,yes
2026-10-05T01:42:39.778025Z,KXBTC15M-26OCT042145-45,0.0150,13.00,yes
2026-10-05T01:42:39.778025Z,KXBTC15M-26OCT042145-45,0.0170,2.00,yes
2026-10-05T01:42:39.778025Z,KXBTC15M-26OCT042145-45,0.0170,200.00,yes
2026-10-05T01:42:39.778025Z,KXBTC15M-26OCT042145-45,0.0170,2.00,yes
2026-10-05T01:42:39.778025Z,KXBTC15M-26OCT042145-45,0.0130,0.01,yes
2026-10-05T01:42:39.778025Z,KXBTC15M-26OCT042145-45,0.0130,500.00,yes
2026-10-05T01:42:39.778025Z,KXBTC15M-26OCT042145-45,0.0160,2.00,yes
2026-10-05T01:42:39.778025Z,KXBTC15M-26OCT042145-45,0.0170,120.00,yes
2026-10-05T01:42:39.778025Z,KXBTC15M-26OCT042145-45,0.0130,15.00,yes
2026-10-05T01:42:39.778025Z,KXBTC15M-26OCT042145-45,0.0180,2.00,yes
2026-10-05T01:42:39.778025Z,KXBTC15M-26OCT042145-45,0.0130,0.01,yes
2026-10-05T01:42:39.778025Z,KXBTC15M-26OCT042145-45,0.0180,0.01,yes
2026-10-05T01:42:39.778025Z,KXBTC15M-26OCT042145-45,0.0180,500.00,yes
2026-10-05T01:42:39.778025Z,KXBTC15M-26OCT042145-45,0.0180,1.00,yes
2026-10-05T01:42:39.778025Z,KXBTC15M-26OCT042145-45,0.0190,11.57,yes
2026-10-05T01:42:39.778025Z,KXBTC15M-26OCT042145-45,0.0190,0.01,yes
2026-10-05T01:42:39.77874Z,KXBTC15M-26OCT042145-45,0.0190,208.82,yes
2026-10-05T01:42:39.785369Z,KXBTC15M-26OCT042145-45,0.0160,10.00,no
2026-10-05T01:42:39.785369Z,KXBTC15M-26OCT042145-45,0.0150,238.20,no
2026-10-05T01:42:39.858385Z,KXBTC15M-26OCT042145-45,0.0150,168.43,no
2026-10-05T01:42:40.03759Z,KXBTC15M-26OCT042145-45,0.0160,400.00,no
2026-10-05T01:42:40.03759Z,KXBTC15M-26OCT042145-45,0.0160,1.00,no
2026-10-05T01:42:40.03759Z,KXBTC15M-26OCT042145-45,0.0160,100.00,no
2026-10-05T01:42:40.03759Z,KXBTC15M-26OCT042145-45,0.0160,10.00,no
2026-10-05T01:42:40.03759Z,KXBTC15M-26OCT042145-45,0.0160,0.01,no
2026-10-05T01:42:40.03759Z,KXBTC15M-26OCT042145-45,0.0160,0.01,no
2026-10-05T01:42:40.04043Z,KXBTC15M-26OCT042145-45,0.0160,400.00,no
2026-10-05T01:42:40.066322Z,KXBTC15M-26OCT042145-45,0.0170,158.27,yes
2026-10-05T01:42:40.066322Z,KXBTC15M-26OCT042145-45,0.0170,200.00,yes
2026-10-05T01:42:40.066322Z,KXBTC15M-26OCT042145-45,0.0180,0.01,yes
2026-10-05T01:42:40.066322Z,KXBTC15M-26OCT042145-45,0.0170,0.01,yes
2026-10-05T01:42:40.066322Z,KXBTC15M-26OCT042145-45,0.0180,200.00,yes
2026-10-05T01:42:40.066322Z,KXBTC15M-26OCT042145-45,0.0170,500.00,yes
2026-10-05T01:42:40.066322Z,KXBTC15M-26OCT042145-45,0.0170,37.00,yes
2026-10-05T01:42:40.066322Z,KXBTC15M-26OCT042145-45,0.0170,1.00,yes
2026-10-05T01:42:40.066322Z,KXBTC15M-26OCT042145-45,0.0170,0.01,yes
2026-10-05T01:42:40.066322Z,KXBTC15M-26OCT042145-45,0.0180,1000.00,yes
2026-10-05T01:42:40.066322Z,KXBTC15M-26OCT042145-45,0.0170,1.00,yes
2026-10-05T01:42:40.066322Z,KXBTC15M-26OCT042145-45,0.0180,13.00,yes
2026-10-05T01:42:40.066322Z,KXBTC15M-26OCT042145-45,0.0190,338.70,yes
2026-10-05T01:42:40.069305Z,KXBTC15M-26OCT042145-45,0.0160,0.01,no
2026-10-05T01:42:40.069305Z,KXBTC15M-26OCT042145-45,0.0160,0.98,no
2026-10-05T01:42:40.069305Z,KXBTC15M-26OCT042145-45,0.0160,0.01,no
2026-10-05T01:42:40.076246Z,KXBTC15M-26OCT042145-45,0.0160,0.01,no
2026-10-05T01:42:40.076246Z,KXBTC15M-26OCT042145-45,0.0160,0.01,no
2026-10-05T01:42:40.076246Z,KXBTC15M-26OCT042145-45,0.0160,399.02,no
2026-10-05T01:42:40.076246Z,KXBTC15M-26OCT042145-45,0.0150,184.89,no
2026-10-05T01:42:40.129094Z,KXBTC15M-26OCT042145-45,0.0170,10.00,no
2026-10-05T01:42:40.129094Z,KXBTC15M-26OCT042145-45,0.0170,0.01,no
2026-10-05T01:42:40.129094Z,KXBTC15M-26OCT042145-45,0.0170,430.00,no
2026-10-05T01:42:40.129094Z,KXBTC15M-26OCT042145-45,0.0170,0.01,no
2026-10-05T01:42:40.131316Z,KXBTC15M-26OCT042145-45,0.0170,440.02,no
2026-10-05T01:42:40.136112Z,KXBTC15M-26OCT042145-45,0.0170,238.56,no
2026-10-05T01:42:40.136112Z,KXBTC15M-26OCT042145-45,0.0170,0.01,no
2026-10-05T01:42:40.136112Z,KXBTC15M-26OCT042145-45,0.0170,1494.98,no
2026-10-05T01:42:40.136112Z,KXBTC15M-26OCT042145-45,0.0170,0.01,no
2026-10-05T01:42:40.215275Z,KXBTC15M-26OCT042145-45,0.0170,0.01,no
2026-10-05T01:42:40.215275Z,KXBTC15M-26OCT042145-45,0.0170,10.00,no
2026-10-05T01:42:40.215275Z,KXBTC15M-26OCT042145-45,0.0170,0.01,no
2026-10-05T01:42:40.215275Z,KXBTC15M-26OCT042145-45,0.0150,535.98,no
2026-10-05T01:42:40.406399Z,KXBTC15M-26OCT042145-45,0.0160,22.01,yes
2026-10-05T01:42:40.411811Z,KXBTC15M-26OCT042145-45,0.0120,2.00,no
2026-10-05T01:42:40.411811Z,KXBTC15M-26OCT042145-45,0.0150,10.00,no
2026-10-05T01:42:40.411811Z,KXBTC15M-26OCT042145-45,0.0150,97.00,no
2026-10-05T01:42:40.411811Z,KXBTC15M-26OCT042145-45,0.0150,17.00,no
2026-10-05T01:42:40.411811Z,KXBTC15M-26OCT042145-45,0.0150,0.01,no
2026-10-05T01:42:40.411811Z,KXBTC15M-26OCT042145-45,0.0150,0.01,no
2026-10-05T01:42:40.411811Z,KXBTC15M-26OCT042145-45,0.0120,8.44,no
2026-10-05T01:42:40.411811Z,KXBTC15M-26OCT042145-45,0.0120,99.00,no
2026-10-05T01:42:40.411811Z,KXBTC15M-26OCT042145-45,0.0120,15.00,no
2026-10-05T01:42:40.450137Z,KXBTC15M-26OCT042145-45,0.0130,9.43,no
2026-10-05T01:42:40.592332Z,KXBTC15M-26OCT042145-45,0.0140,15.00,yes
2026-10-05T01:42:40.592332Z,KXBTC15M-26OCT042145-45,0.0140,13.00,yes
2026-10-05T01:42:40.592332Z,KXBTC15M-26OCT042145-45,0.0140,0.01,yes
2026-10-05T01:42:40.592332Z,KXBTC15M-26OCT042145-45,0.0140,200.00,yes
2026-10-05T01:42:40.592332Z,KXBTC15M-26OCT042145-45,0.0140,496.11,yes
2026-10-05T01:42:40.592332Z,KXBTC15M-26OCT042145-45,0.0140,168.00,yes
2026-10-05T01:42:40.592332Z,KXBTC15M-26OCT042145-45,0.0140,0.01,yes
2026-10-05T01:42:40.592332Z,KXBTC15M-26OCT042145-45,0.0140,277.31,yes
2026-10-05T01:42:40.594418Z,KXBTC15M-26OCT042145-45,0.0140,1.00,yes
2026-10-05T01:42:40.594418Z,KXBTC15M-26OCT042145-45,0.0140,39.89,yes
2026-10-05T01:42:40.594418Z,KXBTC15M-26OCT042145-45,0.0150,1000.00,yes
2026-10-05T01:42:40.594418Z,KXBTC15M-26OCT042145-45,0.0160,113.11,yes
2026-10-05T01:42:40.594418Z,KXBTC15M-26OCT042145-45,0.0150,200.00,yes
2026-10-05T01:42:40.632078Z,KXBTC15M-26OCT042145-45,0.0130,2.97,no
2026-10-05T01:42:40.678395Z,KXBTC15M-26OCT042145-45,0.0130,0.01,no
2026-10-05T01:42:40.678395Z,KXBTC15M-26OCT042145-45,0.0130,10.17,no
2026-10-05T01:42:40.678395Z,KXBTC15M-26OCT042145-45,0.0130,4.60,no
2026-10-05T01:42:40.71626Z,KXBTC15M-26OCT042145-45,0.0140,58.46,yes
2026-10-05T01:42:40.71626Z,KXBTC15M-26OCT042145-45,0.0140,0.01,yes
2026-10-05T01:42:40.749263Z,KXBTC15M-26OCT042145-45,0.0130,308.32,no
2026-10-05T01:42:40.763096Z,KXBTC15M-26OCT042145-45,0.0130,15.00,no
2026-10-05T01:42:40.763096Z,KXBTC15M-26OCT042145-45,0.0130,1.00,no
2026-10-05T01:42:40.763096Z,KXBTC15M-26OCT042145-45,0.0130,10.00,no
2026-10-05T01:42:40.763096Z,KXBTC15M-26OCT042145-45,0.0130,81.51,no
2026-10-05T01:42:40.763096Z,KXBTC15M-26OCT042145-45,0.0130,200.00,no
2026-10-05T01:42:40.763096Z,KXBTC15M-26OCT042145-45,0.0130,0.01,no
2026-10-05T01:42:40.763096Z,KXBTC15M-26OCT042145-45,0.0130,21.63,no
2026-10-05T01:42:40.767337Z,KXBTC15M-26OCT042145-45,0.0140,29.23,yes
2026-10-05T01:42:40.800021Z,KXBTC15M-26OCT042145-45,0.0130,30.00,no
2026-10-05T01:42:40.813799Z,KXBTC15M-26OCT042145-45,0.0130,0.01,no
2026-10-05T01:42:40.813799Z,KXBTC15M-26OCT042145-45,0.0130,72.49,no
2026-10-05T01:42:40.826934Z,KXBTC15M-26OCT042145-45,0.0140,58.47,yes
2026-10-05T01:42:40.852894Z,KXBTC15M-26OCT042145-45,0.0150,200.00,yes
2026-10-05T01:42:40.852894Z,KXBTC15M-26OCT042145-45,0.0150,364.00,yes
2026-10-05T01:42:40.852894Z,KXBTC15M-26OCT042145-45,0.0140,0.01,yes
2026-10-05T01:42:40.852894Z,KXBTC15M-26OCT042145-45,0.0140,15.00,yes
2026-10-05T01:42:40.852894Z,KXBTC15M-26OCT042145-45,0.0150,13.00,yes
2026-10-05T01:42:40.852894Z,KXBTC15M-26OCT042145-45,0.0140,0.01,yes
2026-10-05T01:42:40.852894Z,KXBTC15M-26OCT042145-45,0.0140,81.62,yes
2026-10-05T01:42:40.852894Z,KXBTC15M-26OCT042145-45,0.0160,166.36,yes
2026-10-05T01:42:40.852894Z,KXBTC15M-26OCT042145-45,0.0150,1.00,yes
2026-10-05T01:42:40.900246Z,KXBTC15M-26OCT042145-45,0.0130,0.87,no
2026-10-05T01:42:40.900246Z,KXBTC15M-26OCT042145-45,0.0130,0.01,no
2026-10-05T01:42:40.96938Z,KXBTC15M-26OCT042145-45,0.0130,4.18,no
2026-10-05T01:42:41.104716Z,KXBTC15M-26OCT042145-45,0.0130,1.01,no
2026-10-05T01:42:41.110664Z,KXBTC15M-26OCT042145-45,0.0130,2.01,no
2026-10-05T01:42:41.110862Z,KXBTC15M-26OCT042145-45,0.0150,522.98,yes
2026-10-05T01:42:41.110862Z,KXBTC15M-26OCT042145-45,0.0140,0.01,yes
2026-10-05T01:42:41.110862Z,KXBTC15M-26OCT042145-45,0.0140,0.01,yes
2026-10-05T01:42:41.122815Z,KXBTC15M-26OCT042145-45,0.0140,0.01,yes
2026-10-05T01:42:41.122815Z,KXBTC15M-26OCT042145-45,0.0140,0.01,yes
2026-10-05T01:42:41.122815Z,KXBTC15M-26OCT042145-45,0.0160,116.34,yes
2026-10-05T01:42:41.194898Z,KXBTC15M-26OCT042145-45,0.0140,0.01,yes
2026-10-05T01:42:41.194898Z,KXBTC15M-26OCT042145-45,0.0140,0.01,yes
2026-10-05T01:42:41.194898Z,KXBTC15M-26OCT042145-45,0.0150,51.95,yes
2026-10-05T01:42:41.194898Z,KXBTC15M-26OCT042145-45,0.0150,0.01,yes
2026-10-05T01:42:41.218313Z,KXBTC15M-26OCT042145-45,0.0140,0.01,yes
2026-10-05T01:42:41.218313Z,KXBTC15M-26OCT042145-45,0.0150,0.01,yes
2026-10-05T01:42:41.218313Z,KXBTC15M-26OCT042145-45,0.0140,0.01,yes
2026-10-05T01:42:41.218313Z,KXBTC15M-26OCT042145-45,0.0150,0.01,yes
2026-10-05T01:42:41.218313Z,KXBTC15M-26OCT042145-45,0.0150,258.00,yes
2026-10-05T01:42:41.218313Z,KXBTC15M-26OCT042145-45,0.0160,62.59,yes
2026-10-05T01:42:41.218313Z,KXBTC15M-26OCT042145-45,0.0160,1082.18,yes
2026-10-05T01:42:41.218313Z,KXBTC15M-26OCT042145-45,0.0160,36.00,yes
2026-10-05T01:42:41.218313Z,KXBTC15M-26OCT042145-45,0.0160,23.00,yes
2026-10-05T01:42:41.291846Z,KXBTC15M-26OCT042145-45,0.0150,6.80,no
2026-10-05T01:42:41.410985Z,KXBTC15M-26OCT042145-45,0.0150,0.85,no
2026-10-05T01:42:41.447778Z,KXBTC15M-26OCT042145-45,0.0150,202.83,no
2026-10-05T01:42:41.479946Z,KXBTC15M-26OCT042145-45,0.0170,129.00,yes
2026-10-05T01:42:41.479946Z,KXBTC15M-26OCT042145-45,0.0170,169.98,yes
2026-10-05T01:42:41.479946Z,KXBTC15M-26OCT042145-45,0.0160,0.01,yes
2026-10-05T01:42:41.479946Z,KXBTC15M-26OCT042145-45,0.0160,27.00,yes
2026-10-05T01:42:41.479946Z,KXBTC15M-26OCT042145-45,0.0160,0.01,yes
2026-10-05T01:42:41.528099Z,KXBTC15M-26OCT042145-45,0.0150,259.13,no
2026-10-05T01:42:41.54706Z,KXBTC15M-26OCT042145-45,0.0150,581.72,no
2026-10-05T01:42:41.627903Z,KXBTC15M-26OCT042145-45,0.0150,0.01,no
2026-10-05T01:42:41.627903Z,KXBTC15M-26OCT042145-45,0.0150,0.01,no
2026-10-05T01:42:41.627903Z,KXBTC15M-26OCT042145-45,0.0150,62.09,no
2026-10-05T01:42:41.640205Z,KXBTC15M-26OCT042145-45,0.0150,59.02,no
2026-10-05T01:42:41.699733Z,KXBTC15M-26OCT042145-45,0.0150,64.89,no
2026-10-05T01:42:41.84344Z,KXBTC15M-26OCT042145-45,0.0180,404.00,yes
2026-10-05T01:42:41.84344Z,KXBTC15M-26OCT042145-45,0.0180,1.00,yes
2026-10-05T01:42:41.84344Z,KXBTC15M-26OCT042145-45,0.0170,65.00,yes
2026-10-05T01:42:41.84344Z,KXBTC15M-26OCT042145-45,0.0180,13.00,yes
2026-10-05T01:42:41.84344Z,KXBTC15M-26OCT042145-45,0.0180,76.00,yes
2026-10-05T01:42:41.84344Z,KXBTC15M-26OCT042145-45,0.0160,0.01,yes
2026-10-05T01:42:41.84344Z,KXBTC15M-26OCT042145-45,0.0180,200.00,yes
2026-10-05T01:42:41.84344Z,KXBTC15M-26OCT042145-45,0.0170,41.00,yes
2026-10-05T01:42:41.84344Z,KXBTC15M-26OCT042145-45,0.0160,0.01,yes
2026-10-05T01:42:41.84344Z,KXBTC15M-26OCT042145-45,0.0180,0.01,yes
2026-10-05T01:42:41.84344Z,KXBTC15M-26OCT042145-45,0.0190,215.97,yes
2026-10-05T01:42:41.922492Z,KXBTC15M-26OCT042145-45,0.0170,100.00,yes
2026-10-05T01:42:41.922492Z,KXBTC15M-26OCT042145-45,0.0170,0.01,yes
2026-10-05T01:42:41.922492Z,KXBTC15M-26OCT042145-45,0.0170,0.01,yes
2026-10-05T01:42:41.922492Z,KXBTC15M-26OCT042145-45,0.0170,86.98,yes
2026-10-05T01:42:41.939435Z,KXBTC15M-26OCT042145-45,0.0170,0.01,yes
2026-10-05T01:42:41.939435Z,KXBTC15M-26OCT042145-45,0.0170,3.95,yes
2026-10-05T01:42:41.939435Z,KXBTC15M-26OCT042145-45,0.0170,1.00,yes
2026-10-05T01:42:41.939435Z,KXBTC15M-26OCT042145-45,0.0170,0.01,yes
2026-10-05T01:42:41.970267Z,KXBTC15M-26OCT042145-45,0.0160,173.37,no
2026-10-05T01:42:41.984577Z,KXBTC15M-26OCT042145-45,0.0160,11.00,no
2026-10-05T01:42:41.98786Z,KXBTC15M-26OCT042145-45,0.0170,0.01,yes
2026-10-05T01:42:41.98786Z,KXBTC15M-26OCT042145-45,0.0170,26.97,yes
2026-10-05T01:42:41.98786Z,KXBTC15M-26OCT042145-45,0.0170,0.01,yes
2026-10-05T01:42:42.115291Z,KXBTC15M-26OCT042145-45,0.0160,5.07,no
2026-10-05T01:42:42.127873Z,KXBTC15M-26OCT042145-45,0.0160,39.56,no
2026-10-05T01:42:42.127873Z,KXBTC15M-26OCT042145-45,0.0160,133.84,no
2026-10-05T01:42:42.127873Z,KXBTC15M-26OCT042145-45,0.0160,0.01,no
2026-10-05T01:42:42.166301Z,KXBTC15M-26OCT042145-45,0.0160,22.64,no
2026-10-05T01:42:42.20256Z,KXBTC15M-26OCT042145-45,0.0160,43.52,no
2026-10-05T01:42:42.20256Z,KXBTC15M-26OCT042145-45,0.0160,0.01,no
2026-10-05T01:42:42.20256Z,KXBTC15M-26OCT042145-45,0.0160,402.00,no
2026-10-05T01:42:42.20256Z,KXBTC15M-26OCT042145-45,0.0160,1.00,no
2026-10-05T01:42:42.20256Z,KXBTC15M-26OCT042145-45,0.0160,13.84,no
2026-10-05T01:42:42.20256Z,KXBTC15M-26OCT042145-45,0.0160,0.01,no
2026-10-05T01:42:42.282213Z,KXBTC15M-26OCT042145-45,0.0150,31.13,no
2026-10-05T01:42:42.282213Z,KXBTC15M-26OCT042145-45,0.0160,0.01,no
2026-10-05T01:42:42.282213Z,KXBTC15M-26OCT042145-45,0.0160,0.01,no
2026-10-05T01:42:42.291184Z,KXBTC15M-26OCT042145-45,0.0170,4.42,yes
2026-10-05T01:42:42.365334Z,KXBTC15M-26OCT042145-45,0.0190,1000.00,yes
2026-10-05T01:42:42.365334Z,KXBTC15M-26OCT042145-45,0.0190,1344.97,yes
2026-10-05T01:42:42.365334Z,KXBTC15M-26OCT042145-45,0.0200,1652.06,yes
2026-10-05T01:42:42.365334Z,KXBTC15M-26OCT042145-45,0.0200,2.00,yes
2026-10-05T01:42:42.365334Z,KXBTC15M-26OCT042145-45,0.0170,24.00,yes
2026-10-05T01:42:42.365334Z,KXBTC15M-26OCT042145-45,0.0180,13.00,yes
2026-10-05T01:42:42.365334Z,KXBTC15M-26OCT042145-45,0.0170,0.01,yes
2026-10-05T01:42:42.365334Z,KXBTC15M-26OCT042145-45,0.0180,32.00,yes
2026-10-05T01:42:42.365334Z,KXBTC15M-26OCT042145-45,0.0170,395.58,yes
2026-10-05T01:42:42.365334Z,KXBTC15M-26OCT042145-45,0.0170,100.00,yes
2026-10-05T01:42:42.365334Z,KXBTC15M-26OCT042145-45,0.0170,200.00,yes
2026-10-05T01:42:42.365334Z,KXBTC15M-26OCT042145-45,0.0170,0.01,yes
2026-10-05T01:42:42.365334Z,KXBTC15M-26OCT042145-45,0.0180,200.00,yes
2026-10-05T01:42:42.365334Z,KXBTC15M-26OCT042145-45,0.0170,500.00,yes
2026-10-05T01:42:42.365334Z,KXBTC15M-26OCT042145-45,0.0180,266.99,yes
2026-10-05T01:42:42.365334Z,KXBTC15M-26OCT042145-45,0.0190,1.00,yes
2026-10-05T01:42:42.365334Z,KXBTC15M-26OCT042145-45,0.0190,2.00,yes
2026-10-05T01:42:42.365334Z,KXBTC15M-26OCT042145-45,0.0190,1.00,yes
2026-10-05T01:42:42.365334Z,KXBTC15M-26OCT042145-45,0.0180,0.01,yes
2026-10-05T01:42:42.365334Z,KXBTC15M-26OCT042145-45,0.0170,344.00,yes
2026-10-05T01:42:42.365334Z,KXBTC15M-26OCT042145-45,0.0170,100.00,yes
2026-10-05T01:42:42.365334Z,KXBTC15M-26OCT042145-45,0.0170,1.00,yes
2026-10-05T01:42:42.365334Z,KXBTC15M-26OCT042145-45,0.0170,20.00,yes
2026-10-05T01:42:42.365334Z,KXBTC15M-26OCT042145-45,0.0190,0.01,yes
2026-10-05T01:42:42.365334Z,KXBTC15M-26OCT042145-45,0.0190,1.00,yes
2026-10-05T01:42:42.365334Z,KXBTC15M-26OCT042145-45,0.0200,0.01,yes
2026-10-05T01:42:42.371739Z,KXBTC15M-26OCT042145-45,0.0170,0.99,yes
2026-10-05T01:42:42.371739Z,KXBTC15M-26OCT042145-45,0.0170,0.01,yes
2026-10-05T01:42:42.421734Z,KXBTC15M-26OCT042145-45,0.0170,0.01,yes
2026-10-05T01:42:42.421734Z,KXBTC15M-26OCT042145-45,0.0170,54.48,yes
2026-10-05T01:42:42.421734Z,KXBTC15M-26OCT042145-45,0.0170,0.01,yes
2026-10-05T01:42:42.442997Z,KXBTC15M-26OCT042145-45,0.0160,0.01,no
2026-10-05T01:42:42.442997Z,KXBTC15M-26OCT042145-45,0.0160,0.01,no
2026-10-05T01:42:42.442997Z,KXBTC15M-26OCT042145-45,0.0150,4.23,no
2026-10-05T01:42:42.442997Z,KXBTC15M-26OCT042145-45,0.0160,13.00,no
2026-10-05T01:42:42.481865Z,KXBTC15M-26OCT042145-45,0.0150,78.18,no
2026-10-05T01:42:42.484069Z,KXBTC15M-26OCT042145-45,0.0150,8.94,no
2026-10-05T01:42:42.503604Z,KXBTC15M-26OCT042145-45,0.0150,98.48,no
2026-10-05T01:42:42.586801Z,KXBTC15M-26OCT042145-45,0.0170,53.93,yes
2026-10-05T01:42:42.588269Z,KXBTC15M-26OCT042145-45,0.0150,31.23,no
2026-10-05T01:42:42.632947Z,KXBTC15M-26OCT042145-45,0.0170,110.07,yes
2026-10-05T01:42:42.671822Z,KXBTC15M-26OCT042145-45,0.0150,303.00,no
2026-10-05T01:42:42.707713Z,KXBTC15M-26OCT042145-45,0.0150,0.93,no
2026-10-05T01:42:42.726468Z,KXBTC15M-26OCT042145-45,0.0150,13.14,no
2026-10-05T01:42:42.745518Z,KXBTC15M-26OCT042145-45,0.0170,153.75,yes
2026-10-05T01:42:42.854563Z,KXBTC15M-26OCT042145-45,0.0170,27.77,yes
2026-10-05T01:42:42.854563Z,KXBTC15M-26OCT042145-45,0.0170,47.39,yes
2026-10-05T01:42:42.854563Z,KXBTC15M-26OCT042145-45,0.0170,200.00,yes
2026-10-05T01:42:42.854563Z,KXBTC15M-26OCT042145-45,0.0170,0.01,yes
2026-10-05T01:42:42.854563Z,KXBTC15M-26OCT042145-45,0.0170,0.01,yes
2026-10-05T01:42:42.94708Z,KXBTC15M-26OCT042145-45,0.0150,0.01,no
2026-10-05T01:42:42.94708Z,KXBTC15M-26OCT042145-45,0.0150,0.01,no
2026-10-05T01:42:43.011041Z,KXBTC15M-26OCT042145-45,0.0140,4.96,no
2026-10-05T01:42:43.055585Z,KXBTC15M-26OCT042145-45,0.0150,5.50,yes
2026-10-05T01:42:43.083579Z,KXBTC15M-26OCT042145-45,0.0150,2.22,yes
2026-10-05T01:42:43.08786Z,KXBTC15M-26OCT042145-45,0.0150,110.07,yes
2026-10-05T01:42:43.157085Z,KXBTC15M-26OCT042145-45,0.0130,54.55,no
2026-10-05T01:42:43.157085Z,KXBTC15M-26OCT042145-45,0.0130,15.00,no
2026-10-05T01:42:43.157085Z,KXBTC15M-26OCT042145-45,0.0140,0.01,no
2026-10-05T01:42:43.157085Z,KXBTC15M-26OCT042145-45,0.0140,0.01,no
2026-10-05T01:42:43.199044Z,KXBTC15M-26OCT042145-45,0.0150,13.76,yes
2026-10-05T01:42:43.224226Z,KXBTC15M-26OCT042145-45,0.0130,2.90,no
2026-10-05T01:42:43.224226Z,KXBTC15M-26OCT042145-45,0.0140,0.01,no
2026-10-05T01:42:43.224226Z,KXBTC15M-26OCT042145-45,0.0140,0.01,no
2026-10-05T01:42:43.332844Z,KXBTC15M-26OCT042145-45,0.0150,1445.11,yes
2026-10-05T01:42:43.398428Z,KXBTC15M-26OCT042145-45,0.0140,0.01,no
2026-10-05T01:42:43.398428Z,KXBTC15M-26OCT042145-45,0.0140,10.15,no
2026-10-05T01:42:43.398428Z,KXBTC15M-26OCT042145-45,0.0140,0.01,no
2026-10-05T01:42:43.399883Z,KXBTC15M-26OCT042145-45,0.0150,15.96,yes
2026-10-05T01:42:43.513081Z,KXBTC15M-26OCT042145-45,0.0150,62.36,yes
2026-10-05T01:42:43.527575Z,KXBTC15M-26OCT042145-45,0.0150,34.92,yes
2026-10-05T01:42:43.541445Z,KXBTC15M-26OCT042145-45,0.0150,62.36,yes
2026-10-05T01:42:43.576498Z,KXBTC15M-26OCT042145-45,0.0150,0.01,yes
2026-10-05T01:42:43.576498Z,KXBTC15M-26OCT042145-45,0.0150,339.37,yes
2026-10-05T01:42:43.576498Z,KXBTC15M-26OCT042145-45,0.0150,0.01,yes
2026-10-05T01:42:43.576498Z,KXBTC15M-26OCT042145-45,0.0150,34.80,yes
2026-10-05T01:42:43.597276Z,KXBTC15M-26OCT042145-45,0.0140,33.40,no
2026-10-05T01:42:43.607431Z,KXBTC15M-26OCT042145-45,0.0150,62.36,yes
2026-10-05T01:42:43.661147Z,KXBTC15M-26OCT042145-45,0.0140,9.11,no
2026-10-05T01:42:43.689185Z,KXBTC15M-26OCT042145-45,0.0150,25.00,yes
2026-10-05T01:42:43.752214Z,KXBTC15M-26OCT042145-45,0.0140,120.57,no
2026-10-05T01:42:43.807626Z,KXBTC15M-26OCT042145-45,0.0150,6.23,yes
2026-10-05T01:42:43.830264Z,KXBTC15M-26OCT042145-45,0.0140,0.02,no
2026-10-05T01:42:43.852989Z,KXBTC15M-26OCT042145-45,0.0140,42.61,no
2026-10-05T01:42:43.875164Z,KXBTC15M-26OCT042145-45,0.0140,99.38,no
2026-10-05T01:42:43.90914Z,KXBTC15M-26OCT042145-45,0.0140,18.00,no
2026-10-05T01:42:43.950333Z,KXBTC15M-26OCT042145-45,0.0140,116.88,no
2026-10-05T01:42:43.952768Z,KXBTC15M-26OCT042145-45,0.0140,30.39,no
2026-10-05T01:42:44.051089Z,KXBTC15M-26OCT042145-45,0.0150,6.23,yes
2026-10-05T01:42:44.078884Z,KXBTC15M-26OCT042145-45,0.0150,0.01,yes
2026-10-05T01:42:44.078884Z,KXBTC15M-26OCT042145-45,0.0150,2.54,yes
2026-10-05T01:42:44.078884Z,KXBTC15M-26OCT042145-45,0.0150,0.01,yes
2026-10-05T01:42:44.078884Z,KXBTC15M-26OCT042145-45,0.0150,49.80,yes
2026-10-05T01:42:44.078884Z,KXBTC15M-26OCT042145-45,0.0150,10.00,yes
2026-10-05T01:42:44.147171Z,KXBTC15M-26OCT042145-45,0.0140,15.00,no
2026-10-05T01:42:44.147171Z,KXBTC15M-26OCT042145-45,0.0130,2.08,no
2026-10-05T01:42:44.147171Z,KXBTC15M-26OCT042145-45,0.0140,0.01,no
2026-10-05T01:42:44.147171Z,KXBTC15M-26OCT042145-45,0.0140,0.01,no
2026-10-05T01:42:44.186363Z,KXBTC15M-26OCT042145-45,0.0140,0.01,no
2026-10-05T01:42:44.186363Z,KXBTC15M-26OCT042145-45,0.0140,0.01,no
2026-10-05T01:42:44.186363Z,KXBTC15M-26OCT042145-45,0.0130,229.27,no
2026-10-05T01:42:44.186363Z,KXBTC15M-26OCT042145-45,0.0140,13.00,no
2026-10-05T01:42:44.224996Z,KXBTC15M-26OCT042145-45,0.0140,0.01,no
2026-10-05T01:42:44.224996Z,KXBTC15M-26OCT042145-45,0.0140,0.01,no
2026-10-05T01:42:44.224996Z,KXBTC15M-26OCT042145-45,0.0130,282.00,no
2026-10-05T01:42:44.224996Z,KXBTC15M-26OCT042145-45,0.0130,80.76,no
2026-10-05T01:42:44.224996Z,KXBTC15M-26OCT042145-45,0.0130,1.00,no
2026-10-05T01:42:44.224996Z,KXBTC15M-26OCT042145-45,0.0130,336.22,no
2026-10-05T01:42:44.234825Z,KXBTC15M-26OCT042145-45,0.0150,4.36,yes
2026-10-05T01:42:44.248315Z,KXBTC15M-26OCT042145-45,0.0130,0.41,no
2026-10-05T01:42:44.248315Z,KXBTC15M-26OCT042145-45,0.0140,0.01,no
2026-10-05T01:42:44.248315Z,KXBTC15M-26OCT042145-45,0.0140,0.01,no
2026-10-05T01:42:44.248315Z,KXBTC15M-26OCT042145-45,0.0140,286.77,no
2026-10-05T01:42:44.248315Z,KXBTC15M-26OCT042145-45,0.0140,200.00,no
2026-10-05T01:42:44.269311Z,KXBTC15M-26OCT042145-45,0.0150,265.99,yes
2026-10-05T01:42:44.269311Z,KXBTC15M-26OCT042145-45,0.0150,45.84,yes
2026-10-05T01:42:44.319107Z,KXBTC15M-26OCT042145-45,0.0150,62.36,yes
2026-10-05T01:42:44.378986Z,KXBTC15M-26OCT042145-45,0.0140,0.01,no
2026-10-05T01:42:44.378986Z,KXBTC15M-26OCT042145-45,0.0130,0.01,no
2026-10-05T01:42:44.378986Z,KXBTC15M-26OCT042145-45,0.0140,0.01,no
2026-10-05T01:42:44.378986Z,KXBTC15M-26OCT042145-45,0.0130,199.96,no
2026-10-05T01:42:44.378986Z,KXBTC15M-26OCT042145-45,0.0130,0.01,no
2026-10-05T01:42:44.383928Z,KXBTC15M-26OCT042145-45,0.0150,116.18,yes
2026-10-05T01:42:44.383928Z,KXBTC15M-26OCT042145-45,0.0150,71.65,yes
2026-10-05T01:42:44.383928Z,KXBTC15M-26OCT042145-45,0.0150,120.00,yes
2026-10-05T01:42:44.383928Z,KXBTC15M-26OCT042145-45,0.0150,4.00,yes
2026-10-05T01:42:44.384681Z,KXBTC15M-26OCT042145-45,0.0130,3.04,no
2026-10-05T01:42:44.502568Z,KXBTC15M-26OCT042145-45,0.0130,0.01,no
2026-10-05T01:42:44.502568Z,KXBTC15M-26OCT042145-45,0.0130,0.01,no
2026-10-05T01:42:44.502568Z,KXBTC15M-26OCT042145-45,0.0120,22.34,no
2026-10-05T01:42:44.5547Z,KXBTC15M-26OCT042145-45,0.0140,15.00,yes
2026-10-05T01:42:44.5547Z,KXBTC15M-26OCT042145-45,0.0140,0.01,yes
2026-10-05T01:42:44.5547Z,KXBTC15M-26OCT042145-45,0.0140,0.01,yes
2026-10-05T01:42:44.5547Z,KXBTC15M-26OCT042145-45,0.0140,6.94,yes
2026-10-05T01:42:44.5547Z,KXBTC15M-26OCT042145-45,0.0140,289.87,yes
2026-10-05T01:42:44.603388Z,KXBTC15M-26OCT042145-45,0.0140,31.67,yes
2026-10-05T01:42:44.603388Z,KXBTC15M-26OCT042145-45,0.0140,93.06,yes
2026-10-05T01:42:44.688678Z,KXBTC15M-26OCT042145-45,0.0130,3.03,no
2026-10-05T01:42:44.688678Z,KXBTC15M-26OCT042145-45,0.0130,0.01,no
2026-10-05T01:42:44.688678Z,KXBTC15M-26OCT042145-45,0.0130,14.00,no
2026-10-05T01:42:44.688678Z,KXBTC15M-26OCT042145-45,0.0130,0.01,no
2026-10-05T01:42:44.733043Z,KXBTC15M-26OCT042145-45,0.0140,124.73,yes
2026-10-05T01:42:44.776389Z,KXBTC15M-26OCT042145-45,0.0140,32.74,yes
2026-10-05T01:42:44.842866Z,KXBTC15M-26OCT042145-45,0.0130,0.01,no
2026-10-05T01:42:44.842866Z,KXBTC15M-26OCT042145-45,0.0130,0.01,no
2026-10-05T01:42:44.842866Z,KXBTC15M-26OCT042145-45,0.0130,14.00,no
2026-10-05T01:42:44.842866Z,KXBTC15M-26OCT042145-45,0.0130,11.97,no
2026-10-05T01:42:44.842866Z,KXBTC15M-26OCT042145-45,0.0120,265.26,no
2026-10-05T01:42:44.867098Z,KXBTC15M-26OCT042145-45,0.0140,10.86,yes
2026-10-05T01:42:44.867098Z,KXBTC15M-26OCT042145-45,0.0140,2.50,yes
2026-10-05T01:42:44.88467Z,KXBTC15M-26OCT042145-45,0.0140,29.11,yes
2026-10-05T01:42:44.896981Z,KXBTC15M-26OCT042145-45,0.0140,233.19,yes
2026-10-05T01:42:44.952059Z,KXBTC15M-26OCT042145-45,0.0130,0.01,no
2026-10-05T01:42:44.952059Z,KXBTC15M-26OCT042145-45,0.0130,0.01,no
2026-10-05T01:42:44.952059Z,KXBTC15M-26OCT042145-45,0.0120,22.20,no
2026-10-05T01:42:44.967661Z,KXBTC15M-26OCT042145-45,0.0120,118.05,no
2026-10-05T01:42:45.039846Z,KXBTC15M-26OCT042145-45,0.0130,0.01,yes
2026-10-05T01:42:45.039846Z,KXBTC15M-26OCT042145-45,0.0130,200.00,yes
2026-10-05T01:42:45.039846Z,KXBTC15M-26OCT042145-45,0.0130,100.00,yes
2026-10-05T01:42:45.039846Z,KXBTC15M-26OCT042145-45,0.0130,34.06,yes
2026-10-05T01:42:45.039846Z,KXBTC15M-26OCT042145-45,0.0130,0.01,yes
2026-10-05T01:42:45.436527Z,KXBTC15M-26OCT042145-45,0.0130,10.00,yes
2026-10-05T01:42:45.443323Z,KXBTC15M-26OCT042145-45,0.0120,15.00,no
2026-10-05T01:42:45.443323Z,KXBTC15M-26OCT042145-45,0.0120,305.00,no
2026-10-05T01:42:45.443323Z,KXBTC15M-26OCT042145-45,0.0120,500.00,no
2026-10-05T01:42:45.443323Z,KXBTC15M-26OCT042145-45,0.0120,0.01,no
2026-10-05T01:42:45.443323Z,KXBTC15M-26OCT042145-45,0.0120,0.01,no
2026-10-05T01:42:45.443323Z,KXBTC15M-26OCT042145-45,0.0120,1.00,no
2026-10-05T01:42:45.443323Z,KXBTC15M-26OCT042145-45,0.0110,2.00,no
2026-10-05T01:42:45.443323Z,KXBTC15M-26OCT042145-45,0.0110,15.00,no
2026-10-05T01:42:45.443323Z,KXBTC15M-26OCT042145-45,0.0110,14.99,no
2026-10-05T01:42:45.443323Z,KXBTC15M-26OCT042145-45,0.0110,268.86,no
2026-10-05T01:42:45.443323Z,KXBTC15M-26OCT042145-45,0.0120,510.15,no
2026-10-05T01:42:45.446664Z,KXBTC15M-26OCT042145-45,0.0130,0.01,yes
2026-10-05T01:42:45.446664Z,KXBTC15M-26OCT042145-45,0.0130,244.00,yes
2026-10-05T01:42:45.446664Z,KXBTC15M-26OCT042145-45,0.0130,5.00,yes
2026-10-05T01:42:45.446664Z,KXBTC15M-26OCT042145-45,0.0130,200.00,yes
2026-10-05T01:42:45.446664Z,KXBTC15M-26OCT042145-45,0.0130,56.00,yes
2026-10-05T01:42:45.446664Z,KXBTC15M-26OCT042145-45,0.0130,0.01,yes
2026-10-05T01:42:45.446664Z,KXBTC15M-26OCT042145-45,0.0130,62.15,yes
2026-10-05T01:42:45.446664Z,KXBTC15M-26OCT042145-45,0.0130,100.00,yes
2026-10-05T01:42:45.446664Z,KXBTC15M-26OCT042145-45,0.0130,1.00,yes
2026-10-05T01:42:45.558258Z,KXBTC15M-26OCT042145-45,0.0120,0.01,no
2026-10-05T01:42:45.558258Z,KXBTC15M-26OCT042145-45,0.0120,0.01,no
2026-10-05T01:42:45.558258Z,KXBTC15M-26OCT042145-45,0.0110,29.49,no
2026-10-05T01:42:45.732666Z,KXBTC15M-26OCT042145-45,0.0120,15.00,yes
2026-10-05T01:42:45.732666Z,KXBTC15M-26OCT042145-45,0.0120,400.00,yes
2026-10-05T01:42:45.732666Z,KXBTC15M-26OCT042145-45,0.0130,137.85,yes
2026-10-05T01:42:45.732666Z,KXBTC15M-26OCT042145-45,0.0120,0.01,yes
2026-10-05T01:42:45.732666Z,KXBTC15M-26OCT042145-45,0.0140,1500.00,yes
2026-10-05T01:42:45.732666Z,KXBTC15M-26OCT042145-45,0.0120,84.00,yes
2026-10-05T01:42:45.732666Z,KXBTC15M-26OCT042145-45,0.0120,132.00,yes
2026-10-05T01:42:45.732666Z,KXBTC15M-26OCT042145-45,0.0120,0.01,yes
2026-10-05T01:42:45.732666Z,KXBTC15M-26OCT042145-45,0.0130,392.00,yes
2026-10-05T01:42:45.732666Z,KXBTC15M-26OCT042145-45,0.0130,72.00,yes
2026-10-05T01:42:45.732666Z,KXBTC15M-26OCT042145-45,0.0130,1.00,yes
2026-10-05T01:42:45.732666Z,KXBTC15M-26OCT042145-45,0.0130,14.00,yes
2026-10-05T01:42:45.732666Z,KXBTC15M-26OCT042145-45,0.0130,427.00,yes
2026-10-05T01:42:45.732666Z,KXBTC15M-26OCT042145-45,0.0140,30.00,yes
2026-10-05T01:42:45.76035Z,KXBTC15M-26OCT042145-45,0.0110,46.91,no
2026-10-05T01:42:45.786447Z,KXBTC15M-26OCT042145-45,0.0110,3.00,no
2026-10-05T01:42:45.829971Z,KXBTC15M-26OCT042145-45,0.0110,29.83,no
2026-10-05T01:42:45.85206Z,KXBTC15M-26OCT042145-45,0.0130,71.93,yes
2026-10-05T01:42:45.85206Z,KXBTC15M-26OCT042145-45,0.0120,0.01,yes
2026-10-05T01:42:45.85206Z,KXBTC15M-26OCT042145-45,0.0120,0.01,yes
2026-10-05T01:42:45.888903Z,KXBTC15M-26OCT042145-45,0.0130,0.01,yes
2026-10-05T01:42:45.888903Z,KXBTC15M-26OCT042145-45,0.0120,0.01,yes
2026-10-05T01:42:45.888903Z,KXBTC15M-26OCT042145-45,0.0130,35.94,yes
2026-10-05T01:42:45.888903Z,KXBTC15M-26OCT042145-45,0.0120,0.01,yes
2026-10-05T01:42:46.034093Z,KXBTC15M-26OCT042145-45,0.0130,66.81,yes
2026-10-05T01:42:46.034093Z,KXBTC15M-26OCT042145-45,0.0130,0.01,yes
2026-10-05T01:42:46.062598Z,KXBTC15M-26OCT042145-45,0.0120,67.37,no
2026-10-05T01:42:46.093046Z,KXBTC15M-26OCT042145-45,0.0130,1.51,yes
2026-10-05T01:42:46.093046Z,KXBTC15M-26OCT042145-45,0.0130,0.01,yes
2026-10-05T01:42:46.109853Z,KXBTC15M-26OCT042145-45,0.0130,143.90,yes
2026-10-05T01:42:46.110477Z,KXBTC15M-26OCT042145-45,0.0130,1.52,yes
2026-10-05T01:42:46.191002Z,KXBTC15M-26OCT042145-45,0.0120,20.20,no
2026-10-05T01:42:46.20262Z,KXBTC15M-26OCT042145-45,0.0120,52.85,no
2026-10-05T01:42:46.352571Z,KXBTC15M-26OCT042145-45,0.0120,196.20,no
2026-10-05T01:42:46.352571Z,KXBTC15M-26OCT042145-45,0.0120,1.00,no
2026-10-05T01:42:46.352571Z,KXBTC15M-26OCT042145-45,0.0120,0.01,no
2026-10-05T01:42:46.352571Z,KXBTC15M-26OCT042145-45,0.0120,0.01,no
2026-10-05T01:42:46.352571Z,KXBTC15M-26OCT042145-45,0.0120,164.58,no
2026-10-05T01:42:46.400614Z,KXBTC15M-26OCT042145-45,0.0120,116.72,no
2026-10-05T01:42:46.400759Z,KXBTC15M-26OCT042145-45,0.0120,274.00,no
2026-10-05T01:42:46.421854Z,KXBTC15M-26OCT042145-45,0.0130,0.01,yes
2026-10-05T01:42:46.421854Z,KXBTC15M-26OCT042145-45,0.0130,0.01,yes
2026-10-05T01:42:46.421854Z,KXBTC15M-26OCT042145-45,0.0130,56.27,yes
2026-10-05T01:42:46.421854Z,KXBTC15M-26OCT042145-45,0.0130,10.00,yes
2026-10-05T01:42:46.468448Z,KXBTC15M-26OCT042145-45,0.0130,0.01,yes
2026-10-05T01:42:46.468448Z,KXBTC15M-26OCT042145-45,0.0130,100.00,yes
2026-10-05T01:42:46.468448Z,KXBTC15M-26OCT042145-45,0.0130,0.01,yes
2026-10-05T01:42:46.468448Z,KXBTC15M-26OCT042145-45,0.0130,14.00,yes
2026-10-05T01:42:46.468448Z,KXBTC15M-26OCT042145-45,0.0130,24.23,yes
2026-10-05T01:42:46.493145Z,KXBTC15M-26OCT042145-45,0.0120,0.01,no
2026-10-05T01:42:46.493145Z,KXBTC15M-26OCT042145-45,0.0120,0.01,no
2026-10-05T01:42:46.493145Z,KXBTC15M-26OCT042145-45,0.0110,42.59,no
2026-10-05T01:42:46.599482Z,KXBTC15M-26OCT042145-45,0.0120,0.01,no
2026-10-05T01:42:46.599482Z,KXBTC15M-26OCT042145-45,0.0120,0.01,no
2026-10-05T01:42:46.599482Z,KXBTC15M-26OCT042145-45,0.0110,31.44,no
2026-10-05T01:42:46.617561Z,KXBTC15M-26OCT042145-45,0.0110,15.00,no
2026-10-05T01:42:46.617561Z,KXBTC15M-26OCT042145-45,0.0110,69.38,no
2026-10-05T01:42:46.617561Z,KXBTC15M-26OCT042145-45,0.0110,16.74,no
2026-10-05T01:42:46.664157Z,KXBTC15M-26OCT042145-45,0.0110,2.16,no
2026-10-05T01:42:46.665291Z,KXBTC15M-26OCT042145-45,0.0120,15.00,yes
2026-10-05T01:42:46.665291Z,KXBTC15M-26OCT042145-45,0.0130,54.98,yes
2026-10-05T01:42:46.665291Z,KXBTC15M-26OCT042145-45,0.0120,10.00,yes
2026-10-05T01:42:46.665291Z,KXBTC15M-26OCT042145-45,0.0120,0.01,yes
2026-10-05T01:42:46.665291Z,KXBTC15M-26OCT042145-45,0.0120,0.01,yes
2026-10-05T01:42:46.705383Z,KXBTC15M-26OCT042145-45,0.0110,24.77,no
2026-10-05T01:42:46.709312Z,KXBTC15M-26OCT042145-45,0.0100,366.00,no
2026-10-05T01:42:46.709312Z,KXBTC15M-26OCT042145-45,0.0110,15.00,no
2026-10-05T01:42:46.709312Z,KXBTC15M-26OCT042145-45,0.0100,154.81,no
2026-10-05T01:42:46.709312Z,KXBTC15M-26OCT042145-45,0.0110,0.01,no
2026-10-05T01:42:46.709312Z,KXBTC15M-26OCT042145-45,0.0110,0.01,no
2026-10-05T01:42:46.709312Z,KXBTC15M-26OCT042145-45,0.0110,1.00,no
2026-10-05T01:42:46.709312Z,KXBTC15M-26OCT042145-45,0.0100,25.00,no
2026-10-05T01:42:46.709312Z,KXBTC15M-26OCT042145-45,0.0110,403.69,no
2026-10-05T01:42:46.709312Z,KXBTC15M-26OCT042145-45,0.0100,15.00,no
2026-10-05T01:42:46.709312Z,KXBTC15M-26OCT042145-45,0.0100,15.00,no
2026-10-05T01:42:46.709312Z,KXBTC15M-26OCT042145-45,0.0100,50.00,no
2026-10-05T01:42:46.709312Z,KXBTC15M-26OCT042145-45,0.0100,15.00,no
2026-10-05T01:42:46.709312Z,KXBTC15M-26OCT042145-45,0.0100,15.00,no
2026-10-05T01:42:46.709312Z,KXBTC15M-26OCT042145-45,0.0100,84.00,no
2026-10-05T01:42:46.709312Z,KXBTC15M-26OCT042145-45,0.0100,2.00,no
2026-10-05T01:42:46.80939Z,KXBTC15M-26OCT042145-45,0.0110,9.90,no
2026-10-05T01:42:46.816781Z,KXBTC15M-26OCT042145-45,0.0120,14.68,yes
2026-10-05T01:42:46.850552Z,KXBTC15M-26OCT042145-45,0.0120,10.07,yes
2026-10-05T01:42:46.905406Z,KXBTC15M-26OCT042145-45,0.0110,49.50,no
2026-10-05T01:42:47.028686Z,KXBTC15M-26OCT042145-45,0.0110,100.00,no
2026-10-05T01:42:47.04077Z,KXBTC15M-26OCT042145-45,0.0120,77.94,yes
2026-10-05T01:42:47.162659Z,KXBTC15M-26OCT042145-45,0.0120,23.03,yes
2026-10-05T01:42:47.183523Z,KXBTC15M-26OCT042145-45,0.0110,44.56,no
2026-10-05T01:42:47.209909Z,KXBTC15M-26OCT042145-45,0.0120,15.27,yes
2026-10-05T01:42:47.234401Z,KXBTC15M-26OCT042145-45,0.0110,23.23,no
2026-10-05T01:42:47.423658Z,KXBTC15M-26OCT042145-45,0.0110,775.94,no
2026-10-05T01:42:47.448393Z,KXBTC15M-26OCT042145-45,0.0120,38.68,yes
2026-10-05T01:42:47.448393Z,KXBTC15M-26OCT042145-45,0.0120,0.01,yes
2026-10-05T01:42:47.448393Z,KXBTC15M-26OCT042145-45,0.0120,0.01,yes
2026-10-05T01:42:47.448393Z,KXBTC15M-26OCT042145-45,0.0120,200.00,yes
2026-10-05T01:42:47.448393Z,KXBTC15M-26OCT042145-45,0.0120,151.01,yes
2026-10-05T01:42:47.46644Z,KXBTC15M-26OCT042145-45,0.0110,101.03,no
2026-10-05T01:42:47.477223Z,KXBTC15M-26OCT042145-45,0.0110,0.01,no
2026-10-05T01:42:47.477223Z,KXBTC15M-26OCT042145-45,0.0110,1.00,no
2026-10-05T01:42:47.477223Z,KXBTC15M-26OCT042145-45,0.0110,0.01,no
2026-10-05T01:42:47.477223Z,KXBTC15M-26OCT042145-45,0.0110,150.98,no
2026-10-05T01:42:47.495726Z,KXBTC15M-26OCT042145-45,0.0120,25.00,yes
2026-10-05T01:42:47.495726Z,KXBTC15M-26OCT042145-45,0.0120,15.00,yes
2026-10-05T01:42:47.495726Z,KXBTC15M-26OCT042145-45,0.0130,145.02,yes
2026-10-05T01:42:47.495726Z,KXBTC15M-26OCT042145-45,0.0120,293.32,yes
2026-10-05T01:42:47.495726Z,KXBTC15M-26OCT042145-45,0.0120,15.00,yes
2026-10-05T01:42:47.495726Z,KXBTC15M-26OCT042145-45,0.0120,1.00,yes
2026-10-05T01:42:47.495726Z,KXBTC15M-26OCT042145-45,0.0120,0.01,yes
2026-10-05T01:42:47.495726Z,KXBTC15M-26OCT042145-45,0.0120,200.00,yes
2026-10-05T01:42:47.495726Z,KXBTC15M-26OCT042145-45,0.0120,100.00,yes
2026-10-05T01:42:47.495726Z,KXBTC15M-26OCT042145-45,0.0120,0.01,yes
2026-10-05T01:42:47.495726Z,KXBTC15M-26OCT042145-45,0.0120,175.99,yes
2026-10-05T01:42:47.495726Z,KXBTC15M-26OCT042145-45,0.0130,1.66,yes
2026-10-05T01:42:47.495726Z,KXBTC15M-26OCT042145-45,0.0120,500.00,yes
2026-10-05T01:42:47.528423Z,KXBTC15M-26OCT042145-45,0.0120,8.95,yes
2026-10-05T01:42:47.528423Z,KXBTC15M-26OCT042145-45,0.0120,0.01,yes
2026-10-05T01:42:47.528423Z,KXBTC15M-26OCT042145-45,0.0120,15.00,yes
2026-10-05T01:42:47.528423Z,KXBTC15M-26OCT042145-45,0.0120,0.01,yes
2026-10-05T01:42:47.528423Z,KXBTC15M-26OCT042145-45,0.0120,15.00,yes
2026-10-05T01:42:47.533536Z,KXBTC15M-26OCT042145-45,0.0120,77.94,yes
2026-10-05T01:42:47.536389Z,KXBTC15M-26OCT042145-45,0.0110,15.00,no
2026-10-05T01:42:47.536389Z,KXBTC15M-26OCT042145-45,0.0110,0.01,no
2026-10-05T01:42:47.536389Z,KXBTC15M-26OCT042145-45,0.0110,0.01,no
2026-10-05T01:42:47.536389Z,KXBTC15M-26OCT042145-45,0.0110,10.23,no
2026-10-05T01:42:47.585068Z,KXBTC15M-26OCT042145-45,0.0100,25.00,no
2026-10-05T01:42:47.585068Z,KXBTC15M-26OCT042145-45,0.0100,50.00,no
2026-10-05T01:42:47.585068Z,KXBTC15M-26OCT042145-45,0.0100,67.67,no
2026-10-05T01:42:47.585068Z,KXBTC15M-26OCT042145-45,0.0110,1.00,no
2026-10-05T01:42:47.585068Z,KXBTC15M-26OCT042145-45,0.0110,322.77,no
2026-10-05T01:42:47.585068Z,KXBTC15M-26OCT042145-45,0.0110,15.00,no
2026-10-05T01:42:47.585068Z,KXBTC15M-26OCT042145-45,0.0110,0.01,no
2026-10-05T01:42:47.585068Z,KXBTC15M-26OCT042145-45,0.0110,15.00,no
2026-10-05T01:42:47.585068Z,KXBTC15M-26OCT042145-45,0.0110,0.01,no
2026-10-05T01:42:47.633921Z,KXBTC15M-26OCT042145-45,0.0110,194.69,yes
2026-10-05T01:42:47.633921Z,KXBTC15M-26OCT042145-45,0.0110,0.01,yes
2026-10-05T01:42:47.633921Z,KXBTC15M-26OCT042145-45,0.0110,15.00,yes
2026-10-05T01:42:47.633921Z,KXBTC15M-26OCT042145-45,0.0110,180.00,yes
2026-10-05T01:42:47.633921Z,KXBTC15M-26OCT042145-45,0.0110,0.01,yes
2026-10-05T01:42:47.677323Z,KXBTC15M-26OCT042145-45,0.0100,10.43,no
2026-10-05T01:42:47.730894Z,KXBTC15M-26OCT042145-45,0.0090,53.92,no
2026-10-05T01:42:47.730894Z,KXBTC15M-26OCT042145-45,0.0100,0.01,no
2026-10-05T01:42:47.730894Z,KXBTC15M-26OCT042145-45,0.0100,0.01,no
2026-10-05T01:42:47.730894Z,KXBTC15M-26OCT042145-45,0.0100,15.00,no
2026-10-05T01:42:47.730894Z,KXBTC15M-26OCT042145-45,0.0100,15.00,no
2026-10-05T01:42:47.730894Z,KXBTC15M-26OCT042145-45,0.0100,39.57,no
2026-10-05T01:42:47.730894Z,KXBTC15M-26OCT042145-45,0.0100,25.00,no
2026-10-05T01:42:47.862734Z,KXBTC15M-26OCT042145-45,0.0110,0.01,yes
2026-10-05T01:42:47.862734Z,KXBTC15M-26OCT042145-45,0.0110,0.01,yes
2026-10-05T01:42:47.862734Z,KXBTC15M-26OCT042145-45,0.0110,15.00,yes
2026-10-05T01:42:47.862734Z,KXBTC15M-26OCT042145-45,0.0110,62.92,yes
2026-10-05T01:42:48.047972Z,KXBTC15M-26OCT042145-45,0.0050,90.00,no
2026-10-05T01:42:48.047972Z,KXBTC15M-26OCT042145-45,0.0050,50.00,no
2026-10-05T01:42:48.047972Z,KXBTC15M-26OCT042145-45,0.0050,100.00,no
2026-10-05T01:42:48.047972Z,KXBTC15M-26OCT042145-45,0.0050,90.00,no
2026-10-05T01:42:48.047972Z,KXBTC15M-26OCT042145-45,0.0050,100.00,no
2026-10-05T01:42:48.047972Z,KXBTC15M-26OCT042145-45,0.0050,50.00,no
2026-10-05T01:42:48.047972Z,KXBTC15M-26OCT042145-45,0.0050,50.00,no
2026-10-05T01:42:48.047972Z,KXBTC15M-26OCT042145-45,0.0050,5.00,no
2026-10-05T01:42:48.047972Z,KXBTC15M-26OCT042145-45,0.0050,180.00,no
2026-10-05T01:42:48.047972Z,KXBTC15M-26OCT042145-45,0.0050,100.00,no
2026-10-05T01:42:48.047972Z,KXBTC15M-26OCT042145-45,0.0050,50.00,no
2026-10-05T01:42:48.047972Z,KXBTC15M-26OCT042145-45,0.0050,50.00,no
2026-10-05T01:42:48.047972Z,KXBTC15M-26OCT042145-45,0.0050,35.00,no
2026-10-05T01:42:48.047972Z,KXBTC15M-26OCT042145-45,0.0050,90.00,no
2026-10-05T01:42:48.047972Z,KXBTC15M-26OCT042145-45,0.0050,50.00,no
2026-10-05T01:42:48.047972Z,KXBTC15M-26OCT042145-45,0.0050,90.00,no
2026-10-05T01:42:48.047972Z,KXBTC15M-26OCT042145-45,0.0050,50.00,no
2026-10-05T01:42:48.047972Z,KXBTC15M-26OCT042145-45,0.0050,50.00,no
2026-10-05T01:42:48.047972Z,KXBTC15M-26OCT042145-45,0.0050,90.00,no
2026-10-05T01:42:48.047972Z,KXBTC15M-26OCT042145-45,0.0050,35.00,no
2026-10-05T01:42:48.047972Z,KXBTC15M-26OCT042145-45,0.0050,90.00,no
2026-10-05T01:42:48.047972Z,KXBTC15M-26OCT042145-45,0.0050,50.00,no
2026-10-05T01:42:48.047972Z,KXBTC15M-26OCT042145-45,0.0050,50.00,no
2026-10-05T01:42:48.047972Z,KXBTC15M-26OCT042145-45,0.0050,50.00,no
2026-10-05T01:42:48.047972Z,KXBTC15M-26OCT042145-45,0.0050,35.00,no
2026-10-05T01:42:48.047972Z,KXBTC15M-26OCT042145-45,0.0050,200.00,no
2026-10-05T01:42:48.047972Z,KXBTC15M-26OCT042145-45,0.0050,100.00,no
2026-10-05T01:42:48.047972Z,KXBTC15M-26OCT042145-45,0.0050,180.00,no
2026-10-05T01:42:48.047972Z,KXBTC15M-26OCT042145-45,0.0050,180.00,no
2026-10-05T01:42:48.047972Z,KXBTC15M-26OCT042145-45,0.0050,100.00,no
2026-10-05T01:42:48.047972Z,KXBTC15M-26OCT042145-45,0.0050,200.00,no
2026-10-05T01:42:48.047972Z,KXBTC15M-26OCT042145-45,0.0050,90.00,no
2026-10-05T01:42:48.047972Z,KXBTC15M-26OCT042145-45,0.0050,50.00,no
2026-10-05T01:42:48.047972Z,KXBTC15M-26OCT042145-45,0.0050,90.00,no
2026-10-05T01:42:48.047972Z,KXBTC15M-26OCT042145-45,0.0050,22.22,no
2026-10-05T01:42:48.047972Z,KXBTC15M-26OCT042145-45,0.0050,50.00,no
2026-10-05T01:42:48.047972Z,KXBTC15M-26OCT042145-45,0.0050,100.00,no
2026-10-05T01:42:48.047972Z,KXBTC15M-26OCT042145-45,0.0050,90.00,no
2026-10-05T01:42:48.047972Z,KXBTC15M-26OCT042145-45,0.0050,50.00,no
2026-10-05T01:42:48.047972Z,KXBTC15M-26OCT042145-45,0.0050,300.00,no
2026-10-05T01:42:48.047972Z,KXBTC15M-26OCT042145-45,0.0050,100.00,no
2026-10-05T01:42:48.047972Z,KXBTC15M-26OCT042145-45,0.0050,50.00,no
2026-10-05T01:42:48.047972Z,KXBTC15M-26OCT042145-45,0.0050,100.00,no
2026-10-05T01:42:48.047972Z,KXBTC15M-26OCT042145-45,0.0050,90.00,no
2026-10-05T01:42:48.047972Z,KXBTC15M-26OCT042145-45,0.0050,50.00,no
2026-10-05T01:42:48.047972Z,KXBTC15M-26OCT042145-45,0.0050,90.00,no
2026-10-05T01:42:48.047972Z,KXBTC15M-26OCT042145-45,0.0050,100.00,no
2026-10-05T01:42:48.047972Z,KXBTC15M-26OCT042145-45,0.0050,35.00,no
2026-10-05T01:42:48.047972Z,KXBTC15M-26OCT042145-45,0.0050,180.00,no
2026-10-05T01:42:48.047972Z,KXBTC15M-26OCT042145-45,0.0050,100.00,no
2026-10-05T01:42:48.047972Z,KXBTC15M-26OCT042145-45,0.0050,50.00,no
2026-10-05T01:42:48.047972Z,KXBTC15M-26OCT042145-45,0.0050,100.00,no
2026-10-05T01:42:48.047972Z,KXBTC15M-26OCT042145-45,0.0050,50.00,no
2026-10-05T01:42:48.047972Z,KXBTC15M-26OCT042145-45,0.0050,90.00,no
2026-10-05T01:42:48.047972Z,KXBTC15M-26OCT042145-45,0.0050,180.00,no
2026-10-05T01:42:48.047972Z,KXBTC15M-26OCT042145-45,0.0050,50.00,no
2026-10-05T01:42:48.047972Z,KXBTC15M-26OCT042145-45,0.0050,100.00,no
2026-10-05T01:42:48.047972Z,KXBTC15M-26OCT042145-45,0.0050,50.00,no
2026-10-05T01:42:48.047972Z,KXBTC15M-26OCT042145-45,0.0050,270.00,no
2026-10-05T01:42:48.047972Z,KXBTC15M-26OCT042145-45,0.0050,90.00,no
2026-10-05T01:42:48.047972Z,KXBTC15M-26OCT042145-45,0.0050,50.00,no
2026-10-05T01:42:48.047972Z,KXBTC15M-26OCT042145-45,0.0050,90.00,no
2026-10-05T01:42:48.047972Z,KXBTC15M-26OCT042145-45,0.0050,200.00,no
2026-10-05T01:42:48.047972Z,KXBTC15M-26OCT042145-45,0.0050,70.00,no
2026-10-05T01:42:48.047972Z,KXBTC15M-26OCT042145-45,0.0050,100.00,no
2026-10-05T01:42:48.047972Z,KXBTC15M-26OCT042145-45,0.0050,100.00,no
2026-10-05T01:42:48.047972Z,KXBTC15M-26OCT042145-45,0.0050,270.00,no
2026-10-05T01:42:48.047972Z,KXBTC15M-26OCT042145-45,0.0050,50.00,no
2026-10-05T01:42:48.047972Z,KXBTC15M-26OCT042145-45,0.0050,70.00,no
2026-10-05T01:42:48.047972Z,KXBTC15M-26OCT042145-45,0.0050,90.00,no
2026-10-05T01:42:48.047972Z,KXBTC15M-26OCT042145-45,0.0050,50.00,no
2026-10-05T01:42:48.047972Z,KXBTC15M-26OCT042145-45,0.0050,180.00,no
2026-10-05T01:42:48.047972Z,KXBTC15M-26OCT042145-45,0.0050,50.00,no
2026-10-05T01:42:48.047972Z,KXBTC15M-26OCT042145-45,0.0050,100.00,no
2026-10-05T01:42:48.047972Z,KXBTC15M-26OCT042145-45,0.0050,50.00,no
2026-10-05T01:42:48.047972Z,KXBTC15M-26OCT042145-45,0.0050,50.00,no
2026-10-05T01:42:48.047972Z,KXBTC15M-26OCT042145-45,0.0050,50.00,no
2026-10-05T01:42:48.047972Z,KXBTC15M-26OCT042145-45,0.0050,50.00,no
2026-10-05T01:42:48.047972Z,KXBTC15M-26OCT042145-45,0.0050,90.00,no
2026-10-05T01:42:48.047972Z,KXBTC15M-26OCT042145-45,0.0050,35.00,no
2026-10-05T01:42:48.047972Z,KXBTC15M-26OCT042145-45,0.0050,100.00,no
2026-10-05T01:42:48.047972Z,KXBTC15M-26OCT042145-45,0.0050,100.00,no
2026-10-05T01:42:48.047972Z,KXBTC15M-26OCT042145-45,0.0050,50.00,no
2026-10-05T01:42:48.047972Z,KXBTC15M-26OCT042145-45,0.0050,50.00,no
2026-10-05T01:42:48.047972Z,KXBTC15M-26OCT042145-45,0.0050,90.00,no
2026-10-05T01:42:48.047972Z,KXBTC15M-26OCT042145-45,0.0050,150.00,no
2026-10-05T01:42:48.047972Z,KXBTC15M-26OCT042145-45,0.0050,100.00,no
2026-10-05T01:42:48.047972Z,KXBTC15M-26OCT042145-45,0.0050,90.00,no
2026-10-05T01:42:48.047972Z,KXBTC15M-26OCT042145-45,0.0050,180.00,no
2026-10-05T01:42:48.047972Z,KXBTC15M-26OCT042145-45,0.0050,70.00,no
2026-10-05T01:42:48.047972Z,KXBTC15M-26OCT042145-45,0.0050,500.00,no
2026-10-05T01:42:48.047972Z,KXBTC15M-26OCT042145-45,0.0050,200.00,no
2026-10-05T01:42:48.047972Z,KXBTC15M-26OCT042145-45,0.0050,90.00,no
2026-10-05T01:42:48.047972Z,KXBTC15M-26OCT042145-45,0.0050,100.00,no
2026-10-05T01:42:48.047972Z,KXBTC15M-26OCT042145-45,0.0050,100.00,no
2026-10-05T01:42:48.047972Z,KXBTC15M-26OCT042145-45,0.0050,90.00,no
2026-10-05T01:42:48.047972Z,KXBTC15M-26OCT042145-45,0.0050,100.00,no
2026-10-05T01:42:48.047972Z,KXBTC15M-26OCT042145-45,0.0050,35.00,no
2026-10-05T01:42:48.047972Z,KXBTC15M-26OCT042145-45,0.0050,100.00,no
2026-10-05T01:42:48.047972Z,KXBTC15M-26OCT042145-45,0.0050,35.00,no
2026-10-05T01:42:48.047972Z,KXBTC15M-26OCT042145-45,0.0050,90.00,no
2026-10-05T01:42:48.047972Z,KXBTC15M-26OCT042145-45,0.0050,70.00,no
2026-10-05T01:42:48.047972Z,KXBTC15M-26OCT042145-45,0.0050,50.00,no
2026-10-05T01:42:48.047972Z,KXBTC15M-26OCT042145-45,0.0050,200.00,no
2026-10-05T01:42:48.047972Z,KXBTC15M-26OCT042145-45,0.0050,50.00,no
2026-10-05T01:42:48.047972Z,KXBTC15M-26OCT042145-45,0.0050,90.00,no
2026-10-05T01:42:48.047972Z,KXBTC15M-26OCT042145-45,0.0050,100.00,no
2026-10-05T01:42:48.047972Z,KXBTC15M-26OCT042145-45,0.0050,180.00,no
2026-10-05T01:42:48.047972Z,KXBTC15M-26OCT042145-45,0.0050,70.00,no
2026-10-05T01:42:48.047972Z,KXBTC15M-26OCT042145-45,0.0050,100.00,no
2026-10-05T01:42:48.047972Z,KXBTC15M-26OCT042145-45,0.0050,360.00,no
2026-10-05T01:42:48.047972Z,KXBTC15M-26OCT042145-45,0.0050,100.00,no
2026-10-05T01:42:48.047972Z,KXBTC15M-26OCT042145-45,0.0050,270.00,no
2026-10-05T01:42:48.047972Z,KXBTC15M-26OCT042145-45,0.0050,150.00,no
2026-10-05T01:42:48.047972Z,KXBTC15M-26OCT042145-45,0.0050,300.00,no
2026-10-05T01:42:48.047972Z,KXBTC15M-26OCT042145-45,0.0050,105.00,no
2026-10-05T01:42:48.047972Z,KXBTC15M-26OCT042145-45,0.0050,270.00,no
2026-10-05T01:42:48.047972Z,KXBTC15M-26OCT042145-45,0.0050,540.00,no
2026-10-05T01:42:48.047972Z,KXBTC15M-26OCT042145-45,0.0050,825.80,no
2026-10-05T01:42:48.047972Z,KXBTC15M-26OCT042145-45,0.0080,2.00,no
2026-10-05T01:42:48.047972Z,KXBTC15M-26OCT042145-45,0.0060,15.00,no
2026-10-05T01:42:48.047972Z,KXBTC15M-26OCT042145-45,0.0070,15.00,no
2026-10-05T01:42:48.047972Z,KXBTC15M-26OCT042145-45,0.0060,15.00,no
2026-10-05T01:42:48.047972Z,KXBTC15M-26OCT042145-45,0.0060,15.00,no
2026-10-05T01:42:48.047972Z,KXBTC15M-26OCT042145-45,0.0080,57.92,no
2026-10-05T01:42:48.047972Z,KXBTC15M-26OCT042145-45,0.0070,10.00,no
2026-10-05T01:42:48.047972Z,KXBTC15M-26OCT042145-45,0.0080,500.00,no
2026-10-05T01:42:48.047972Z,KXBTC15M-26OCT042145-45,0.0060,500.00,no
2026-10-05T01:42:48.047972Z,KXBTC15M-26OCT042145-45,0.0090,1000.00,no
2026-10-05T01:42:48.047972Z,KXBTC15M-26OCT042145-45,0.0080,88.00,no
2026-10-05T01:42:48.047972Z,KXBTC15M-26OCT042145-45,0.0060,2.00,no
2026-10-05T01:42:48.047972Z,KXBTC15M-26OCT042145-45,0.0070,2.00,no
2026-10-05T01:42:48.047972Z,KXBTC15M-26OCT042145-45,0.0100,50.00,no
2026-10-05T01:42:48.047972Z,KXBTC15M-26OCT042145-45,0.0070,17.00,no
2026-10-05T01:42:48.047972Z,KXBTC15M-26OCT042145-45,0.0100,0.01,no
2026-10-05T01:42:48.047972Z,KXBTC15M-26OCT042145-45,0.0100,0.01,no
2026-10-05T01:42:48.047972Z,KXBTC15M-26OCT042145-45,0.0060,20.00,no
2026-10-05T01:42:48.047972Z,KXBTC15M-26OCT042145-45,0.0100,25.00,no
2026-10-05T01:42:48.047972Z,KXBTC15M-26OCT042145-45,0.0080,17.00,no
2026-10-05T01:42:48.047972Z,KXBTC15M-26OCT042145-45,0.0070,200.00,no
2026-10-05T01:42:48.047972Z,KXBTC15M-26OCT042145-45,0.0080,2.00,no
2026-10-05T01:42:48.047972Z,KXBTC15M-26OCT042145-45,0.0060,2.00,no
2026-10-05T01:42:48.047972Z,KXBTC15M-26OCT042145-45,0.0070,2.00,no
2026-10-05T01:42:48.047972Z,KXBTC15M-26OCT042145-45,0.0070,0.14,no
2026-10-05T01:42:48.060428Z,KXBTC15M-26OCT042145-45,0.0090,0.01,no
2026-10-05T01:42:48.066016Z,KXBTC15M-26OCT042145-45,0.0090,85.02,yes
2026-10-05T01:42:48.102685Z,KXBTC15M-26OCT042145-45,0.0070,745.85,yes
2026-10-05T01:42:48.143512Z,KXBTC15M-26OCT042145-45,0.0070,36.33,yes
2026-10-05T01:42:48.182618Z,KXBTC15M-26OCT042145-45,0.0060,3.60,no
2026-10-05T01:42:48.197576Z,KXBTC15M-26OCT042145-45,0.0070,370.00,yes
2026-10-05T01:42:48.204182Z,KXBTC15M-26OCT042145-45,0.0070,15.00,yes
2026-10-05T01:42:48.204182Z,KXBTC15M-26OCT042145-45,0.0070,0.01,yes
2026-10-05T01:42:48.204182Z,KXBTC15M-26OCT042145-45,0.0070,0.01,yes
2026-10-05T01:42:48.205241Z,KXBTC15M-26OCT042145-45,0.0080,36.33,yes
2026-10-05T01:42:48.228377Z,KXBTC15M-26OCT042145-45,0.0070,10.85,no
2026-10-05T01:42:48.260269Z,KXBTC15M-26OCT042145-45,0.0080,15.00,yes
2026-10-05T01:42:48.260269Z,KXBTC15M-26OCT042145-45,0.0080,0.01,yes
2026-10-05T01:42:48.260269Z,KXBTC15M-26OCT042145-45,0.0080,0.01,yes
2026-10-05T01:42:48.260269Z,KXBTC15M-26OCT042145-45,0.0090,8.95,yes
2026-10-05T01:42:48.260269Z,KXBTC15M-26OCT042145-45,0.0080,15.00,yes
2026-10-05T01:42:48.272688Z,KXBTC15M-26OCT042145-45,0.0090,170.05,yes
2026-10-05T01:42:48.311208Z,KXBTC15M-26OCT042145-45,0.0090,35.97,yes
2026-10-05T01:42:48.311208Z,KXBTC15M-26OCT042145-45,0.0100,34.03,yes
2026-10-05T01:42:48.311208Z,KXBTC15M-26OCT042145-45,0.0090,15.00,yes
2026-10-05T01:42:48.311208Z,KXBTC15M-26OCT042145-45,0.0090,0.01,yes
2026-10-05T01:42:48.311208Z,KXBTC15M-26OCT042145-45,0.0090,0.01,yes
2026-10-05T01:42:48.311674Z,KXBTC15M-26OCT042145-45,0.0090,25.00,no
2026-10-05T01:42:48.334913Z,KXBTC15M-26OCT042145-45,0.0100,15.97,yes
2026-10-05T01:42:48.334913Z,KXBTC15M-26OCT042145-45,0.0100,0.01,yes
2026-10-05T01:42:48.334913Z,KXBTC15M-26OCT042145-45,0.0100,0.01,yes
2026-10-05T01:42:48.334913Z,KXBTC15M-26OCT042145-45,0.0100,468.99,yes
2026-10-05T01:42:48.366531Z,KXBTC15M-26OCT042145-45,0.0100,7.26,yes
2026-10-05T01:42:48.392886Z,KXBTC15M-26OCT042145-45,0.0090,1.00,no
2026-10-05T01:42:48.392886Z,KXBTC15M-26OCT042145-45,0.0090,500.00,no
2026-10-05T01:42:48.392886Z,KXBTC15M-26OCT042145-45,0.0090,200.00,no
2026-10-05T01:42:48.392886Z,KXBTC15M-26OCT042145-45,0.0090,0.01,no
2026-10-05T01:42:48.392886Z,KXBTC15M-26OCT042145-45,0.0090,125.00,no
2026-10-05T01:42:48.392886Z,KXBTC15M-26OCT042145-45,0.0090,18.00,no
2026-10-05T01:42:48.392886Z,KXBTC15M-26OCT042145-45,0.0090,0.01,no
2026-10-05T01:42:48.420688Z,KXBTC15M-26OCT042145-45,0.0090,7.26,yes
2026-10-05T01:42:48.467778Z,KXBTC15M-26OCT042145-45,0.0090,148.72,yes
2026-10-05T01:42:48.467778Z,KXBTC15M-26OCT042145-45,0.0090,106.35,yes
2026-10-05T01:42:48.498377Z,KXBTC15M-26OCT042145-45,0.0080,0.01,no
2026-10-05T01:42:48.498377Z,KXBTC15M-26OCT042145-45,0.0080,17.00,no
2026-10-05T01:42:48.498377Z,KXBTC15M-26OCT042145-45,0.0080,0.01,no
2026-10-05T01:42:48.498377Z,KXBTC15M-26OCT042145-45,0.0080,200.00,no
2026-10-05T01:42:48.498377Z,KXBTC15M-26OCT042145-45,0.0080,103.63,no
2026-10-05T01:42:48.498377Z,KXBTC15M-26OCT042145-45,0.0080,100.00,no
2026-10-05T01:42:48.498377Z,KXBTC15M-26OCT042145-45,0.0080,15.00,no
2026-10-05T01:42:48.498377Z,KXBTC15M-26OCT042145-45,0.0080,458.00,no
2026-10-05T01:42:48.524639Z,KXBTC15M-26OCT042145-45,0.0080,58.44,no
2026-10-05T01:42:48.541793Z,KXBTC15M-26OCT042145-45,0.0080,190.02,no
2026-10-05T01:42:48.591022Z,KXBTC15M-26OCT042145-45,0.0090,0.85,yes
2026-10-05T01:42:48.659546Z,KXBTC15M-26OCT042145-45,0.0080,23.73,no
2026-10-05T01:42:48.699401Z,KXBTC15M-26OCT042145-45,0.0090,10.00,yes
2026-10-05T01:42:48.7056Z,KXBTC15M-26OCT042145-45,0.0080,1.00,no
2026-10-05T01:42:48.7056Z,KXBTC15M-26OCT042145-45,0.0080,24.18,no
2026-10-05T01:42:48.7056Z,KXBTC15M-26OCT042145-45,0.0080,72.65,no
2026-10-05T01:42:48.722287Z,KXBTC15M-26OCT042145-45,0.0090,0.01,yes
2026-10-05T01:42:48.722287Z,KXBTC15M-26OCT042145-45,0.0090,0.03,yes
2026-10-05T01:42:48.722287Z,KXBTC15M-26OCT042145-45,0.0090,4.15,yes
2026-10-05T01:42:48.722287Z,KXBTC15M-26OCT042145-45,0.0090,1.00,yes
2026-10-05T01:42:48.722287Z,KXBTC15M-26OCT042145-45,0.0090,0.01,yes
2026-10-05T01:42:48.722287Z,KXBTC15M-26OCT042145-45,0.0090,632.00,yes
2026-10-05T01:42:48.722287Z,KXBTC15M-26OCT042145-45,0.0090,203.07,yes
2026-10-05T01:42:48.752113Z,KXBTC15M-26OCT042145-45,0.0090,0.01,yes
2026-10-05T01:42:48.752113Z,KXBTC15M-26OCT042145-45,0.0100,16.54,yes
2026-10-05T01:42:48.752113Z,KXBTC15M-26OCT042145-45,0.0090,15.00,yes
2026-10-05T01:42:48.752113Z,KXBTC15M-26OCT042145-45,0.0090,0.01,yes
2026-10-05T01:42:48.907305Z,KXBTC15M-26OCT042145-45,0.0080,66.42,no
2026-10-05T01:42:48.907305Z,KXBTC15M-26OCT042145-45,0.0080,0.01,no
2026-10-05T01:42:49.030407Z,KXBTC15M-26OCT042145-45,0.0080,0.54,no
2026-10-05T01:42:49.075927Z,KXBTC15M-26OCT042145-45,0.0090,0.01,yes
2026-10-05T01:42:49.075927Z,KXBTC15M-26OCT042145-45,0.0100,0.03,yes
2026-10-05T01:42:49.075927Z,KXBTC15M-26OCT042145-45,0.0090,0.01,yes
2026-10-05T01:42:49.075927Z,KXBTC15M-26OCT042145-45,0.0100,33.46,yes
2026-10-05T01:42:49.075927Z,KXBTC15M-26OCT042145-45,0.0090,15.00,yes
2026-10-05T01:42:49.075927Z,KXBTC15M-26OCT042145-45,0.0100,45.00,yes
2026-10-05T01:42:49.10193Z,KXBTC15M-26OCT042145-45,0.0160,10.00,yes
2026-10-05T01:42:49.10193Z,KXBTC15M-26OCT042145-45,0.0150,10.00,yes
2026-10-05T01:42:49.10193Z,KXBTC15M-26OCT042145-45,0.0110,25.00,yes
2026-10-05T01:42:49.10193Z,KXBTC15M-26OCT042145-45,0.0160,500.00,yes
2026-10-05T01:42:49.10193Z,KXBTC15M-26OCT042145-45,0.0150,64.00,yes
2026-10-05T01:42:49.10193Z,KXBTC15M-26OCT042145-45,0.0150,64.00,yes
2026-10-05T01:42:49.10193Z,KXBTC15M-26OCT042145-45,0.0170,85.88,yes
2026-10-05T01:42:49.10193Z,KXBTC15M-26OCT042145-45,0.0140,500.00,yes
2026-10-05T01:42:49.10193Z,KXBTC15M-26OCT042145-45,0.0120,25.00,yes
2026-10-05T01:42:49.10193Z,KXBTC15M-26OCT042145-45,0.0150,15.00,yes
2026-10-05T01:42:49.10193Z,KXBTC15M-26OCT042145-45,0.0150,32.91,yes
2026-10-05T01:42:49.10193Z,KXBTC15M-26OCT042145-45,0.0110,39.00,yes
2026-10-05T01:42:49.10193Z,KXBTC15M-26OCT042145-45,0.0130,2.00,yes
2026-10-05T01:42:49.10193Z,KXBTC15M-26OCT042145-45,0.0130,2.00,yes
2026-10-05T01:42:49.10193Z,KXBTC15M-26OCT042145-45,0.0140,2.00,yes
2026-10-05T01:42:49.10193Z,KXBTC15M-26OCT042145-45,0.0110,464.00,yes
2026-10-05T01:42:49.10193Z,KXBTC15M-26OCT042145-45,0.0120,2.00,yes
2026-10-05T01:42:49.10193Z,KXBTC15M-26OCT042145-45,0.0120,0.03,yes
2026-10-05T01:42:49.10193Z,KXBTC15M-26OCT042145-45,0.0140,13.00,yes
2026-10-05T01:42:49.10193Z,KXBTC15M-26OCT042145-45,0.0140,0.05,yes
2026-10-05T01:42:49.10193Z,KXBTC15M-26OCT042145-45,0.0110,160.00,yes
2026-10-05T01:42:49.10193Z,KXBTC15M-26OCT042145-45,0.0160,0.07,yes
2026-10-05T01:42:49.10193Z,KXBTC15M-26OCT042145-45,0.0130,0.04,yes
2026-10-05T01:42:49.10193Z,KXBTC15M-26OCT042145-45,0.0140,2.00,yes
2026-10-05T01:42:49.10193Z,KXBTC15M-26OCT042145-45,0.0130,15.00,yes
2026-10-05T01:42:49.10193Z,KXBTC15M-26OCT042145-45,0.0150,0.06,yes
2026-10-05T01:42:49.10193Z,KXBTC15M-26OCT042145-45,0.0120,2.00,yes
2026-10-05T01:42:49.10193Z,KXBTC15M-26OCT042145-45,0.0110,0.03,yes
2026-10-05T01:42:49.10193Z,KXBTC15M-26OCT042145-45,0.0110,15.00,yes
2026-10-05T01:42:49.10193Z,KXBTC15M-26OCT042145-45,0.0130,14.00,yes
2026-10-05T01:42:49.10193Z,KXBTC15M-26OCT042145-45,0.0150,93.75,yes
2026-10-05T01:42:49.10193Z,KXBTC15M-26OCT042145-45,0.0090,0.01,yes
2026-10-05T01:42:49.10193Z,KXBTC15M-26OCT042145-45,0.0120,200.00,yes
2026-10-05T01:42:49.10193Z,KXBTC15M-26OCT042145-45,0.0150,15.00,yes
2026-10-05T01:42:49.10193Z,KXBTC15M-26OCT042145-45,0.0090,0.01,yes
2026-10-05T01:42:49.10193Z,KXBTC15M-26OCT042145-45,0.0150,93.75,yes
2026-10-05T01:42:49.10193Z,KXBTC15M-26OCT042145-45,0.0100,50.00,yes
2026-10-05T01:42:49.10193Z,KXBTC15M-26OCT042145-45,0.0100,652.00,yes
2026-10-05T01:42:49.10193Z,KXBTC15M-26OCT042145-45,0.0150,15.00,yes
2026-10-05T01:42:49.10193Z,KXBTC15M-26OCT042145-45,0.0110,200.00,yes
2026-10-05T01:42:49.210101Z,KXBTC15M-26OCT042145-45,0.0130,27.32,no
2026-10-05T01:42:49.272035Z,KXBTC15M-26OCT042145-45,0.0130,25.18,no
2026-10-05T01:42:49.353441Z,KXBTC15M-26OCT042145-45,0.0130,161.65,no
2026-10-05T01:42:49.447361Z,KXBTC15M-26OCT042145-45,0.0120,1000.00,no
2026-10-05T01:42:49.447361Z,KXBTC15M-26OCT042145-45,0.0130,1.00,no
2026-10-05T01:42:49.447361Z,KXBTC15M-26OCT042145-45,0.0130,0.01,no
2026-10-05T01:42:49.447361Z,KXBTC15M-26OCT042145-45,0.0130,500.00,no
2026-10-05T01:42:49.447361Z,KXBTC15M-26OCT042145-45,0.0130,0.01,no
2026-10-05T01:42:49.447361Z,KXBTC15M-26OCT042145-45,0.0130,200.00,no
2026-10-05T01:42:49.447361Z,KXBTC15M-26OCT042145-45,0.0130,846.00,no
2026-10-05T01:42:49.447361Z,KXBTC15M-26OCT042145-45,0.0130,285.85,no
2026-10-05T01:42:49.447361Z,KXBTC15M-26OCT042145-45,0.0120,175.50,no
2026-10-05T01:42:49.471711Z,KXBTC15M-26OCT042145-45,0.0120,0.01,no
2026-10-05T01:42:49.471711Z,KXBTC15M-26OCT042145-45,0.0130,0.01,no
2026-10-05T01:42:49.471711Z,KXBTC15M-26OCT042145-45,0.0110,10.08,no
2026-10-05T01:42:49.503862Z,KXBTC15M-26OCT042145-45,0.0140,23.58,yes
2026-10-05T01:42:49.503862Z,KXBTC15M-26OCT042145-45,0.0140,0.01,yes
2026-10-05T01:42:49.593191Z,KXBTC15M-26OCT042145-45,0.0130,0.01,no
2026-10-05T01:42:49.593191Z,KXBTC15M-26OCT042145-45,0.0130,0.01,no
2026-10-05T01:42:49.593191Z,KXBTC15M-26OCT042145-45,0.0120,142.19,no
2026-10-05T01:42:49.599708Z,KXBTC15M-26OCT042145-45,0.0120,2.73,no
2026-10-05T01:42:49.639961Z,KXBTC15M-26OCT042145-45,0.0120,4.04,no
2026-10-05T01:42:49.72917Z,KXBTC15M-26OCT042145-45,0.0140,13.36,yes
2026-10-05T01:42:49.795675Z,KXBTC15M-26OCT042145-45,0.0140,6.68,yes
2026-10-05T01:42:49.913378Z,KXBTC15M-26OCT042145-45,0.0140,9.09,yes
2026-10-05T01:42:49.913378Z,KXBTC15M-26OCT042145-45,0.0140,56.38,yes
2026-10-05T01:42:49.913378Z,KXBTC15M-26OCT042145-45,0.0140,0.01,yes
2026-10-05T01:42:49.916067Z,KXBTC15M-26OCT042145-45,0.0120,127.57,no
2026-10-05T01:42:49.950992Z,KXBTC15M-26OCT042145-45,0.0120,78.18,no
2026-10-05T01:42:50.08176Z,KXBTC15M-26OCT042145-45,0.0130,5.05,no
2026-10-05T01:42:50.089212Z,KXBTC15M-26OCT042145-45,0.0130,0.01,no
2026-10-05T01:42:50.089212Z,KXBTC15M-26OCT042145-45,0.0130,0.01,no
2026-10-05T01:42:50.089212Z,KXBTC15M-26OCT042145-45,0.0120,206.13,no
2026-10-05T01:42:50.089212Z,KXBTC15M-26OCT042145-45,0.0130,1.00,no
2026-10-05T01:42:50.089212Z,KXBTC15M-26OCT042145-45,0.0130,298.49,no
2026-10-05T01:42:50.130514Z,KXBTC15M-26OCT042145-45,0.0120,0.01,no
2026-10-05T01:42:50.130514Z,KXBTC15M-26OCT042145-45,0.0120,0.01,no
2026-10-05T01:42:50.130514Z,KXBTC15M-26OCT042145-45,0.0110,157.59,no
2026-10-05T01:42:50.180724Z,KXBTC15M-26OCT042145-45,0.0120,0.01,no
2026-10-05T01:42:50.180724Z,KXBTC15M-26OCT042145-45,0.0120,0.01,no
2026-10-05T01:42:50.180724Z,KXBTC15M-26OCT042145-45,0.0110,3.95,no
2026-10-05T01:42:50.295274Z,KXBTC15M-26OCT042145-45,0.0130,66.82,yes
2026-10-05T01:42:50.31264Z,KXBTC15M-26OCT042145-45,0.0120,0.01,no
2026-10-05T01:42:50.31264Z,KXBTC15M-26OCT042145-45,0.0120,0.01,no
2026-10-05T01:42:50.31264Z,KXBTC15M-26OCT042145-45,0.0110,0.23,no
2026-10-05T01:42:50.352096Z,KXBTC15M-26OCT042145-45,0.0130,23.38,yes
2026-10-05T01:42:50.402937Z,KXBTC15M-26OCT042145-45,0.0110,142.19,no
2026-10-05T01:42:50.402937Z,KXBTC15M-26OCT042145-45,0.0120,0.01,no
2026-10-05T01:42:50.402937Z,KXBTC15M-26OCT042145-45,0.0120,0.01,no
2026-10-05T01:42:50.481214Z,KXBTC15M-26OCT042145-45,0.0110,17.70,no
2026-10-05T01:42:50.501649Z,KXBTC15M-26OCT042145-45,0.0110,74.32,no
2026-10-05T01:42:50.542657Z,KXBTC15M-26OCT042145-45,0.0110,20.00,no
2026-10-05T01:42:50.567177Z,KXBTC15M-26OCT042145-45,0.0120,332.00,yes
2026-10-05T01:42:50.567177Z,KXBTC15M-26OCT042145-45,0.0120,2.08,yes
2026-10-05T01:42:50.813686Z,KXBTC15M-26OCT042145-45,0.0110,0.01,no
2026-10-05T01:42:50.813686Z,KXBTC15M-26OCT042145-45,0.0110,0.01,no
2026-10-05T01:42:50.813686Z,KXBTC15M-26OCT042145-45,0.0100,17.07,no
2026-10-05T01:42:50.879172Z,KXBTC15M-26OCT042145-45,0.0120,88.92,yes
2026-10-05T01:42:50.879172Z,KXBTC15M-26OCT042145-45,0.0120,270.82,yes
2026-10-05T01:42:50.879172Z,KXBTC15M-26OCT042145-45,0.0120,0.01,yes
2026-10-05T01:42:50.879172Z,KXBTC15M-26OCT042145-45,0.0120,0.01,yes
2026-10-05T01:42:50.88432Z,KXBTC15M-26OCT042145-45,0.0120,277.57,yes
2026-10-05T01:42:50.88432Z,KXBTC15M-26OCT042145-45,0.0120,100.00,yes
2026-10-05T01:42:50.88432Z,KXBTC15M-26OCT042145-45,0.0120,173.18,yes
2026-10-05T01:42:50.921916Z,KXBTC15M-26OCT042145-45,0.0110,89.68,no
2026-10-05T01:42:50.954011Z,KXBTC15M-26OCT042145-45,0.0120,21.48,yes
2026-10-05T01:42:50.973404Z,KXBTC15M-26OCT042145-45,0.0120,100.95,yes
2026-10-05T01:42:50.973404Z,KXBTC15M-26OCT042145-45,0.0120,51.82,yes
2026-10-05T01:42:51.047761Z,KXBTC15M-26OCT042145-45,0.0110,1.01,no
2026-10-05T01:42:51.049661Z,KXBTC15M-26OCT042145-45,0.0110,100.93,no
2026-10-05T01:42:51.16314Z,KXBTC15M-26OCT042145-45,0.0110,101.03,no
2026-10-05T01:42:51.314646Z,KXBTC15M-26OCT042145-45,0.0120,0.01,yes
2026-10-05T01:42:51.314646Z,KXBTC15M-26OCT042145-45,0.0120,65.00,yes
2026-10-05T01:42:51.314646Z,KXBTC15M-26OCT042145-45,0.0120,0.01,yes
2026-10-05T01:42:51.314646Z,KXBTC15M-26OCT042145-45,0.0120,200.00,yes
2026-10-05T01:42:51.314646Z,KXBTC15M-26OCT042145-45,0.0120,1.00,yes
2026-10-05T01:42:51.314646Z,KXBTC15M-26OCT042145-45,0.0120,100.00,yes
2026-10-05T01:42:51.314646Z,KXBTC15M-26OCT042145-45,0.0120,65.69,yes
2026-10-05T01:42:51.426516Z,KXBTC15M-26OCT042145-45,0.0110,4.42,no
2026-10-05T01:42:51.426516Z,KXBTC15M-26OCT042145-45,0.0110,40.35,no
2026-10-05T01:42:51.426516Z,KXBTC15M-26OCT042145-45,0.0110,0.01,no
2026-10-05T01:42:51.426516Z,KXBTC15M-26OCT042145-45,0.0110,0.01,no
2026-10-05T01:42:51.477583Z,KXBTC15M-26OCT042145-45,0.0110,0.02,no
2026-10-05T01:42:51.498056Z,KXBTC15M-26OCT042145-45,0.0120,30.93,yes
2026-10-05T01:42:51.554203Z,KXBTC15M-26OCT042145-45,0.0120,31.53,yes
2026-10-05T01:42:51.594533Z,KXBTC15M-26OCT042145-45,0.0110,27.79,no
2026-10-05T01:42:51.615778Z,KXBTC15M-26OCT042145-45,0.0110,10.01,no
2026-10-05T01:42:51.630356Z,KXBTC15M-26OCT042145-45,0.0120,7.79,yes
2026-10-05T01:42:51.634067Z,KXBTC15M-26OCT042145-45,0.0120,152.77,yes
2026-10-05T01:42:51.749005Z,KXBTC15M-26OCT042145-45,0.0120,77.94,yes
2026-10-05T01:42:51.904942Z,KXBTC15M-26OCT042145-45,0.0110,128.78,no
2026-10-05T01:42:51.904942Z,KXBTC15M-26OCT042145-45,0.0110,290.76,no
2026-10-05T01:42:51.936837Z,KXBTC15M-26OCT042145-45,0.0110,134.22,no
2026-10-05T01:42:52.030698Z,KXBTC15M-26OCT042145-45,0.0120,0.25,yes
2026-10-05T01:42:52.106501Z,KXBTC15M-26OCT042145-45,0.0110,25.25,no
2026-10-05T01:42:52.190972Z,KXBTC15M-26OCT042145-45,0.0120,19.10,yes
2026-10-05T01:42:52.236544Z,KXBTC15M-26OCT042145-45,0.0110,2.02,no
2026-10-05T01:42:52.255649Z,KXBTC15M-26OCT042145-45,0.0110,75.77,no
2026-10-05T01:42:52.264972Z,KXBTC15M-26OCT042145-45,0.0120,1.00,yes
2026-10-05T01:42:52.264972Z,KXBTC15M-26OCT042145-45,0.0120,46.00,yes
2026-10-05T01:42:52.264972Z,KXBTC15M-26OCT042145-45,0.0120,10.19,yes
2026-10-05T01:42:52.264972Z,KXBTC15M-26OCT042145-45,0.0120,0.01,yes
2026-10-05T01:42:52.264972Z,KXBTC15M-26OCT042145-45,0.0120,100.00,yes
2026-10-05T01:42:52.264972Z,KXBTC15M-26OCT042145-45,0.0120,0.01,yes
2026-10-05T01:42:52.264972Z,KXBTC15M-26OCT042145-45,0.0120,192.00,yes
2026-10-05T01:42:52.264972Z,KXBTC15M-26OCT042145-45,0.0120,14.00,yes
2026-10-05T01:42:52.387935Z,KXBTC15M-26OCT042145-45,0.0120,389.71,yes
2026-10-05T01:42:52.391123Z,KXBTC15M-26OCT042145-45,0.0120,28.10,yes
2026-10-05T01:42:52.391123Z,KXBTC15M-26OCT042145-45,0.0120,124.67,yes
2026-10-05T01:42:52.40278Z,KXBTC15M-26OCT042145-45,0.0120,152.77,yes
2026-10-05T01:42:52.49366Z,KXBTC15M-26OCT042145-45,0.0110,133.96,no
2026-10-05T01:42:52.49366Z,KXBTC15M-26OCT042145-45,0.0110,139.04,no
2026-10-05T01:42:52.525424Z,KXBTC15M-26OCT042145-45,0.0110,114.11,no
2026-10-05T01:42:52.525424Z,KXBTC15M-26OCT042145-45,0.0110,60.96,no
2026-10-05T01:42:52.525424Z,KXBTC15M-26OCT042145-45,0.0110,1.00,no
2026-10-05T01:42:52.525424Z,KXBTC15M-26OCT042145-45,0.0110,0.01,no
2026-10-05T01:42:52.525424Z,KXBTC15M-26OCT042145-45,0.0110,0.01,no
2026-10-05T01:42:52.561465Z,KXBTC15M-26OCT042145-45,0.0120,72.99,yes
2026-10-05T01:42:52.561465Z,KXBTC15M-26OCT042145-45,0.0120,0.01,yes
2026-10-05T01:42:52.561465Z,KXBTC15M-26OCT042145-45,0.0120,15.00,yes
2026-10-05T01:42:52.625708Z,KXBTC15M-26OCT042145-45,0.0110,1.09,no
2026-10-05T01:42:52.635086Z,KXBTC15M-26OCT042145-45,0.0110,60.62,no
2026-10-05T01:42:52.735184Z,KXBTC15M-26OCT042145-45,0.0120,50.92,yes
2026-10-05T01:42:52.735184Z,KXBTC15M-26OCT042145-45,0.0120,0.01,yes
2026-10-05T01:42:52.735184Z,KXBTC15M-26OCT042145-45,0.0120,27.01,yes
2026-10-05T01:42:52.795861Z,KXBTC15M-26OCT042145-45,0.0110,0.01,no
2026-10-05T01:42:52.795861Z,KXBTC15M-26OCT042145-45,0.0110,0.01,no
2026-10-05T01:42:52.795861Z,KXBTC15M-26OCT042145-45,0.0100,64.07,no
2026-10-05T01:42:52.795861Z,KXBTC15M-26OCT042145-45,0.0100,32.93,no
2026-10-05T01:42:52.885085Z,KXBTC15M-26OCT042145-45,0.0110,4.51,no
2026-10-05T01:42:52.889383Z,KXBTC15M-26OCT042145-45,0.0120,20.49,yes
2026-10-05T01:42:53.069636Z,KXBTC15M-26OCT042145-45,0.0120,100.00,yes
2026-10-05T01:42:53.136435Z,KXBTC15M-26OCT042145-45,0.0110,93.87,no
2026-10-05T01:42:53.261113Z,KXBTC15M-26OCT042145-45,0.0120,0.76,yes
2026-10-05T01:42:53.265878Z,KXBTC15M-26OCT042145-45,0.0110,0.01,no
2026-10-05T01:42:53.265878Z,KXBTC15M-26OCT042145-45,0.0110,0.01,no
2026-10-05T01:42:53.265878Z,KXBTC15M-26OCT042145-45,0.0110,1.00,no
2026-10-05T01:42:53.265878Z,KXBTC15M-26OCT042145-45,0.0100,11.56,no
2026-10-05T01:42:53.398264Z,KXBTC15M-26OCT042145-45,0.0110,0.01,no
2026-10-05T01:42:53.398264Z,KXBTC15M-26OCT042145-45,0.0110,1.00,no
2026-10-05T01:42:53.398264Z,KXBTC15M-26OCT042145-45,0.0110,0.01,no
2026-10-05T01:42:53.398264Z,KXBTC15M-26OCT042145-45,0.0100,19.15,no
2026-10-05T01:42:53.45776Z,KXBTC15M-26OCT042145-45,0.0100,1.00,no
2026-10-05T01:42:53.45776Z,KXBTC15M-26OCT042145-45,0.0100,366.00,no
2026-10-05T01:42:53.45776Z,KXBTC15M-26OCT042145-45,0.0100,50.00,no
2026-10-05T01:42:53.45776Z,KXBTC15M-26OCT042145-45,0.0100,1.00,no
2026-10-05T01:42:53.45776Z,KXBTC15M-26OCT042145-45,0.0100,204.44,no
2026-10-05T01:42:53.45776Z,KXBTC15M-26OCT042145-45,0.0100,169.29,no
2026-10-05T01:42:53.481521Z,KXBTC15M-26OCT042145-45,0.0110,77.94,yes
2026-10-05T01:42:53.725884Z,KXBTC15M-26OCT042145-45,0.0110,0.01,yes
2026-10-05T01:42:53.725884Z,KXBTC15M-26OCT042145-45,0.0110,198.06,yes
2026-10-05T01:42:53.725884Z,KXBTC15M-26OCT042145-45,0.0110,0.01,yes
2026-10-05T01:42:53.725884Z,KXBTC15M-26OCT042145-45,0.0110,191.63,yes
2026-10-05T01:42:53.732775Z,KXBTC15M-26OCT042145-45,0.0100,0.93,no
2026-10-05T01:42:53.79748Z,KXBTC15M-26OCT042145-45,0.0110,1.95,yes
2026-10-05T01:42:53.890707Z,KXBTC15M-26OCT042145-45,0.0100,1.00,no
2026-10-05T01:42:53.890707Z,KXBTC15M-26OCT042145-45,0.0100,49.07,no
2026-10-05T01:42:53.890707Z,KXBTC15M-26OCT042145-45,0.0100,82.79,no
2026-10-05T01:42:53.890707Z,KXBTC15M-26OCT042145-45,0.0100,0.01,no
2026-10-05T01:42:53.890707Z,KXBTC15M-26OCT042145-45,0.0100,0.01,no
2026-10-05T01:42:53.890707Z,KXBTC15M-26OCT042145-45,0.0090,259.12,no
2026-10-05T01:42:53.983138Z,KXBTC15M-26OCT042145-45,0.0110,71.52,yes
2026-10-05T01:42:53.983138Z,KXBTC15M-26OCT042145-45,0.0110,6.42,yes
2026-10-05T01:42:54.04554Z,KXBTC15M-26OCT042145-45,0.0090,6.05,no
2026-10-05T01:42:54.088995Z,KXBTC15M-26OCT042145-45,0.0100,54.41,yes
2026-10-05T01:42:54.11633Z,KXBTC15M-26OCT042145-45,0.0090,33.64,no
2026-10-05T01:42:54.116377Z,KXBTC15M-26OCT042145-45,0.0100,114.46,yes
2026-10-05T01:42:54.116377Z,KXBTC15M-26OCT042145-45,0.0100,5.59,yes
2026-10-05T01:42:54.116377Z,KXBTC15M-26OCT042145-45,0.0100,50.00,yes
2026-10-05T01:42:54.202652Z,KXBTC15M-26OCT042145-45,0.0090,0.36,no
2026-10-05T01:42:54.216274Z,KXBTC15M-26OCT042145-45,0.0100,68.49,yes
2026-10-05T01:42:54.216274Z,KXBTC15M-26OCT042145-45,0.0100,16.00,yes
2026-10-05T01:42:54.216274Z,KXBTC15M-26OCT042145-45,0.0100,85.54,yes
2026-10-05T01:42:54.216274Z,KXBTC15M-26OCT042145-45,0.0100,0.01,yes
2026-10-05T01:42:54.216274Z,KXBTC15M-26OCT042145-45,0.0100,0.01,yes
2026-10-05T01:42:54.276957Z,KXBTC15M-26OCT042145-45,0.0100,170.05,yes
2026-10-05T01:42:54.284115Z,KXBTC15M-26OCT042145-45,0.0100,442.00,yes
2026-10-05T01:42:54.319992Z,KXBTC15M-26OCT042145-45,0.0100,255.07,yes
2026-10-05T01:42:54.463562Z,KXBTC15M-26OCT042145-45,0.0050,180.00,no
2026-10-05T01:42:54.463562Z,KXBTC15M-26OCT042145-45,0.0050,100.00,no
2026-10-05T01:42:54.463562Z,KXBTC15M-26OCT042145-45,0.0050,150.00,no
2026-10-05T01:42:54.463562Z,KXBTC15M-26OCT042145-45,0.0050,180.00,no
2026-10-05T01:42:54.463562Z,KXBTC15M-26OCT042145-45,0.0050,180.00,no
2026-10-05T01:42:54.463562Z,KXBTC15M-26OCT042145-45,0.0050,27.78,no
2026-10-05T01:42:54.463562Z,KXBTC15M-26OCT042145-45,0.0050,50.00,no
2026-10-05T01:42:54.463562Z,KXBTC15M-26OCT042145-45,0.0050,100.00,no
2026-10-05T01:42:54.463562Z,KXBTC15M-26OCT042145-45,0.0050,90.00,no
2026-10-05T01:42:54.463562Z,KXBTC15M-26OCT042145-45,0.0050,1.19,no
2026-10-05T01:42:54.463562Z,KXBTC15M-26OCT042145-45,0.0050,100.00,no
2026-10-05T01:42:54.463562Z,KXBTC15M-26OCT042145-45,0.0050,50.00,no
2026-10-05T01:42:54.463562Z,KXBTC15M-26OCT042145-45,0.0050,50.00,no
2026-10-05T01:42:54.463562Z,KXBTC15M-26OCT042145-45,0.0050,90.00,no
2026-10-05T01:42:54.463562Z,KXBTC15M-26OCT042145-45,0.0050,90.00,no
2026-10-05T01:42:54.463562Z,KXBTC15M-26OCT042145-45,0.0050,50.00,no
2026-10-05T01:42:54.463562Z,KXBTC15M-26OCT042145-45,0.0050,50.00,no
2026-10-05T01:42:54.463562Z,KXBTC15M-26OCT042145-45,0.0050,100.00,no
2026-10-05T01:42:54.463562Z,KXBTC15M-26OCT042145-45,0.0070,15.00,no
2026-10-05T01:42:54.463562Z,KXBTC15M-26OCT042145-45,0.0080,15.00,no
2026-10-05T01:42:54.463562Z,KXBTC15M-26OCT042145-45,0.0080,92.00,no
2026-10-05T01:42:54.463562Z,KXBTC15M-26OCT042145-45,0.0080,15.00,no
2026-10-05T01:42:54.463562Z,KXBTC15M-26OCT042145-45,0.0060,15.00,no
2026-10-05T01:42:54.463562Z,KXBTC15M-26OCT042145-45,0.0080,15.00,no
2026-10-05T01:42:54.463562Z,KXBTC15M-26OCT042145-45,0.0070,15.00,no
2026-10-05T01:42:54.463562Z,KXBTC15M-26OCT042145-45,0.0070,2.00,no
2026-10-05T01:42:54.463562Z,KXBTC15M-26OCT042145-45,0.0060,2.00,no
2026-10-05T01:42:54.463562Z,KXBTC15M-26OCT042145-45,0.0080,2.00,no
2026-10-05T01:42:54.463562Z,KXBTC15M-26OCT042145-45,0.0090,15.00,no
2026-10-05T01:42:54.463562Z,KXBTC15M-26OCT042145-45,0.0090,15.00,no
2026-10-05T01:42:54.463562Z,KXBTC15M-26OCT042145-45,0.0060,20.00,no
2026-10-05T01:42:54.463562Z,KXBTC15M-26OCT042145-45,0.0080,2.00,no
2026-10-05T01:42:54.463562Z,KXBTC15M-26OCT042145-45,0.0070,2.00,no
2026-10-05T01:42:54.463562Z,KXBTC15M-26OCT042145-45,0.0060,2.00,no
2026-10-05T01:42:54.463562Z,KXBTC15M-26OCT042145-45,0.0090,15.00,no
2026-10-05T01:42:54.463562Z,KXBTC15M-26OCT042145-45,0.0090,200.83,no
2026-10-05T01:42:54.463562Z,KXBTC15M-26OCT042145-45,0.0090,0.01,no
2026-10-05T01:42:54.463562Z,KXBTC15M-26OCT042145-45,0.0090,0.01,no
2026-10-05T01:42:54.463562Z,KXBTC15M-26OCT042145-45,0.0080,492.00,no
2026-10-05T01:42:54.463562Z,KXBTC15M-26OCT042145-45,0.0060,1.00,no
2026-10-05T01:42:54.463562Z,KXBTC15M-26OCT042145-45,0.0070,1.00,no
2026-10-05T01:42:54.463562Z,KXBTC15M-26OCT042145-45,0.0090,1.00,no
2026-10-05T01:42:54.463562Z,KXBTC15M-26OCT042145-45,0.0080,1.00,no
2026-10-05T01:42:54.463562Z,KXBTC15M-26OCT042145-45,0.0080,458.00,no
2026-10-05T01:42:54.471319Z,KXBTC15M-26OCT042145-45,0.0050,81.82,no
2026-10-05T01:42:54.471319Z,KXBTC15M-26OCT042145-45,0.0060,17.00,no
2026-10-05T01:42:54.600888Z,KXBTC15M-26OCT042145-45,0.0080,43.52,no
2026-10-05T01:42:54.692324Z,KXBTC15M-26OCT042145-45,0.0080,17.00,no
2026-10-05T01:42:54.692324Z,KXBTC15M-26OCT042145-45,0.0080,2.75,no
2026-10-05T01:42:54.884171Z,KXBTC15M-26OCT042145-45,0.0090,15.00,yes
2026-10-05T01:42:54.884171Z,KXBTC15M-26OCT042145-45,0.0090,0.01,yes
2026-10-05T01:42:54.884171Z,KXBTC15M-26OCT042145-45,0.0090,4.11,yes
2026-10-05T01:42:54.884171Z,KXBTC15M-26OCT042145-45,0.0090,0.01,yes
2026-10-05T01:42:54.884171Z,KXBTC15M-26OCT042145-45,0.0090,15.00,yes
2026-10-05T01:42:54.938979Z,KXBTC15M-26OCT042145-45,0.0090,22.24,yes
2026-10-05T01:42:54.984679Z,KXBTC15M-26OCT042145-45,0.0090,93.51,yes
2026-10-05T01:42:55.008743Z,KXBTC15M-26OCT042145-45,0.0090,213.05,yes
2026-10-05T01:42:55.008743Z,KXBTC15M-26OCT042145-45,0.0090,17.00,yes
2026-10-05T01:42:55.008743Z,KXBTC15M-26OCT042145-45,0.0090,704.14,yes
2026-10-05T01:42:55.008743Z,KXBTC15M-26OCT042145-45,0.0090,1.00,yes
2026-10-05T01:42:55.061428Z,KXBTC15M-26OCT042145-45,0.0090,15.00,yes
2026-10-05T01:42:55.061428Z,KXBTC15M-26OCT042145-45,0.0090,0.01,yes
2026-10-05T01:42:55.061428Z,KXBTC15M-26OCT042145-45,0.0090,0.01,yes
2026-10-05T01:42:55.061428Z,KXBTC15M-26OCT042145-45,0.0090,8.35,yes
2026-10-05T01:42:55.078123Z,KXBTC15M-26OCT042145-45,0.0080,14.20,no
2026-10-05T01:42:55.078123Z,KXBTC15M-26OCT042145-45,0.0080,15.00,no
2026-10-05T01:42:55.078123Z,KXBTC15M-26OCT042145-45,0.0080,0.01,no
2026-10-05T01:42:55.078123Z,KXBTC15M-26OCT042145-45,0.0080,1.00,no
2026-10-05T01:42:55.078123Z,KXBTC15M-26OCT042145-45,0.0080,0.01,no
2026-10-05T01:42:55.095477Z,KXBTC15M-26OCT042145-45,0.0090,0.01,yes
2026-10-05T01:42:55.095477Z,KXBTC15M-26OCT042145-45,0.0090,2.39,yes
2026-10-05T01:42:55.095477Z,KXBTC15M-26OCT042145-45,0.0090,0.01,yes
2026-10-05T01:42:55.147594Z,KXBTC15M-26OCT042145-45,0.0080,0.80,no
2026-10-05T01:42:55.147594Z,KXBTC15M-26OCT042145-45,0.0080,200.51,no
2026-10-05T01:42:55.23692Z,KXBTC15M-26OCT042145-45,0.0090,6.23,yes
2026-10-05T01:42:55.407113Z,KXBTC15M-26OCT042145-45,0.0080,5.03,no
2026-10-05T01:42:55.427012Z,KXBTC15M-26OCT042145-45,0.0080,252.46,no
2026-10-05T01:42:55.427012Z,KXBTC15M-26OCT042145-45,0.0080,425.84,no
2026-10-05T01:42:55.470325Z,KXBTC15M-26OCT042145-45,0.0100,2.04,yes
2026-10-05T01:42:55.470325Z,KXBTC15M-26OCT042145-45,0.0090,17.00,yes
2026-10-05T01:42:55.470325Z,KXBTC15M-26OCT042145-45,0.0090,15.00,yes
2026-10-05T01:42:55.470325Z,KXBTC15M-26OCT042145-45,0.0090,0.01,yes
2026-10-05T01:42:55.470325Z,KXBTC15M-26OCT042145-45,0.0090,0.01,yes
2026-10-05T01:42:55.478974Z,KXBTC15M-26OCT042145-45,0.0100,461.25,yes
2026-10-05T01:42:55.478974Z,KXBTC15M-26OCT042145-45,0.0090,0.01,yes
2026-10-05T01:42:55.479013Z,KXBTC15M-26OCT042145-45,0.0100,242.30,yes
2026-10-05T01:42:55.479013Z,KXBTC15M-26OCT042145-45,0.0100,180.90,yes
2026-10-05T01:42:55.479013Z,KXBTC15M-26OCT042145-45,0.0100,50.00,yes
2026-10-05T01:42:55.479013Z,KXBTC15M-26OCT042145-45,0.0100,446.25,yes
2026-10-05T01:42:55.497615Z,KXBTC15M-26OCT042145-45,0.0100,127.79,yes
2026-10-05T01:42:55.497615Z,KXBTC15M-26OCT042145-45,0.0090,0.01,yes
2026-10-05T01:42:55.497615Z,KXBTC15M-26OCT042145-45,0.0090,15.00,yes
2026-10-05T01:42:55.497615Z,KXBTC15M-26OCT042145-45,0.0090,0.01,yes
2026-10-05T01:42:55.497615Z,KXBTC15M-26OCT042145-45,0.0090,15.00,yes
2026-10-05T01:42:55.497615Z,KXBTC15M-26OCT042145-45,0.0090,17.00,yes
2026-10-05T01:42:55.504656Z,KXBTC15M-26OCT042145-45,0.0100,28.93,yes
2026-10-05T01:42:55.504656Z,KXBTC15M-26OCT042145-45,0.0090,0.01,yes
2026-10-05T01:42:55.524043Z,KXBTC15M-26OCT042145-45,0.0080,15.00,no
2026-10-05T01:42:55.524043Z,KXBTC15M-26OCT042145-45,0.0080,15.00,no
2026-10-05T01:42:55.524043Z,KXBTC15M-26OCT042145-45,0.0080,1.00,no
2026-10-05T01:42:55.524043Z,KXBTC15M-26OCT042145-45,0.0080,200.00,no
2026-10-05T01:42:55.524043Z,KXBTC15M-26OCT042145-45,0.0080,100.00,no
2026-10-05T01:42:55.524043Z,KXBTC15M-26OCT042145-45,0.0080,0.01,no
2026-10-05T01:42:55.524043Z,KXBTC15M-26OCT042145-45,0.0080,0.01,no
2026-10-05T01:42:55.524043Z,KXBTC15M-26OCT042145-45,0.0080,15.00,no
2026-10-05T01:42:55.524043Z,KXBTC15M-26OCT042145-45,0.0080,15.00,no
2026-10-05T01:42:55.524043Z,KXBTC15M-26OCT042145-45,0.0080,15.00,no
2026-10-05T01:42:55.526885Z,KXBTC15M-26OCT042145-45,0.0100,347.12,yes
2026-10-05T01:42:55.526885Z,KXBTC15M-26OCT042145-45,0.0090,15.00,yes
2026-10-05T01:42:55.526885Z,KXBTC15M-26OCT042145-45,0.0080,91.48,yes
2026-10-05T01:42:55.526885Z,KXBTC15M-26OCT042145-45,0.0090,0.01,yes
2026-10-05T01:42:55.526885Z,KXBTC15M-26OCT042145-45,0.0090,17.00,yes
2026-10-05T01:42:55.526885Z,KXBTC15M-26OCT042145-45,0.0090,0.01,yes
2026-10-05T01:42:55.544914Z,KXBTC15M-26OCT042145-45,0.0100,549.91,yes
2026-10-05T01:42:55.544914Z,KXBTC15M-26OCT042145-45,0.0090,0.01,yes
2026-10-05T01:42:55.544914Z,KXBTC15M-26OCT042145-45,0.0100,12.19,yes
2026-10-05T01:42:55.544914Z,KXBTC15M-26OCT042145-45,0.0090,0.01,yes
2026-10-05T01:42:55.544914Z,KXBTC15M-26OCT042145-45,0.0100,357.33,yes
2026-10-05T01:42:55.666448Z,KXBTC15M-26OCT042145-45,0.0090,15.00,yes
2026-10-05T01:42:55.666448Z,KXBTC15M-26OCT042145-45,0.0090,0.01,yes
2026-10-05T01:42:55.666448Z,KXBTC15M-26OCT042145-45,0.0090,0.01,yes
2026-10-05T01:42:55.666448Z,KXBTC15M-26OCT042145-45,0.0090,15.00,yes
2026-10-05T01:42:55.666448Z,KXBTC15M-26OCT042145-45,0.0100,6.31,yes
2026-10-05T01:42:55.774587Z,KXBTC15M-26OCT042145-45,0.0090,0.01,yes
2026-10-05T01:42:55.774587Z,KXBTC15M-26OCT042145-45,0.0100,64.52,yes
2026-10-05T01:42:55.774587Z,KXBTC15M-26OCT042145-45,0.0090,17.00,yes
2026-10-05T01:42:55.774587Z,KXBTC15M-26OCT042145-45,0.0090,15.00,yes
2026-10-05T01:42:55.774587Z,KXBTC15M-26OCT042145-45,0.0090,0.01,yes
2026-10-05T01:42:55.825019Z,KXBTC15M-26OCT042145-45,0.0100,1.01,yes
2026-10-05T01:42:55.990107Z,KXBTC15M-26OCT042145-45,0.0100,9.97,yes
2026-10-05T01:42:56.254079Z,KXBTC15M-26OCT042145-45,0.0050,100.00,no
2026-10-05T01:42:56.254079Z,KXBTC15M-26OCT042145-45,0.0050,50.00,no
2026-10-05T01:42:56.254079Z,KXBTC15M-26OCT042145-45,0.0050,100.00,no
2026-10-05T01:42:56.254079Z,KXBTC15M-26OCT042145-45,0.0050,50.00,no
2026-10-05T01:42:56.254079Z,KXBTC15M-26OCT042145-45,0.0050,50.00,no
2026-10-05T01:42:56.254079Z,KXBTC15M-26OCT042145-45,0.0050,50.00,no
2026-10-05T01:42:56.254079Z,KXBTC15M-26OCT042145-45,0.0050,100.00,no
2026-10-05T01:42:56.254079Z,KXBTC15M-26OCT042145-45,0.0050,50.00,no
2026-10-05T01:42:56.254079Z,KXBTC15M-26OCT042145-45,0.0050,50.00,no
2026-10-05T01:42:56.254079Z,KXBTC15M-26OCT042145-45,0.0050,50.00,no
2026-10-05T01:42:56.254079Z,KXBTC15M-26OCT042145-45,0.0050,50.00,no
2026-10-05T01:42:56.254079Z,KXBTC15M-26OCT042145-45,0.0050,50.00,no
2026-10-05T01:42:56.254079Z,KXBTC15M-26OCT042145-45,0.0050,50.00,no
2026-10-05T01:42:56.254079Z,KXBTC15M-26OCT042145-45,0.0050,100.00,no
2026-10-05T01:42:56.254079Z,KXBTC15M-26OCT042145-45,0.0050,50.00,no
2026-10-05T01:42:56.254079Z,KXBTC15M-26OCT042145-45,0.0050,50.00,no
2026-10-05T01:42:56.254079Z,KXBTC15M-26OCT042145-45,0.0050,50.00,no
2026-10-05T01:42:56.254079Z,KXBTC15M-26OCT042145-45,0.0050,50.00,no
2026-10-05T01:42:56.254079Z,KXBTC15M-26OCT042145-45,0.0050,50.00,no
2026-10-05T01:42:56.254079Z,KXBTC15M-26OCT042145-45,0.0050,100.00,no
2026-10-05T01:42:56.254079Z,KXBTC15M-26OCT042145-45,0.0050,150.00,no
2026-10-05T01:42:56.254079Z,KXBTC15M-26OCT042145-45,0.0050,100.00,no
2026-10-05T01:42:56.254079Z,KXBTC15M-26OCT042145-45,0.0050,100.00,no
2026-10-05T01:42:56.254079Z,KXBTC15M-26OCT042145-45,0.0050,96.99,no
2026-10-05T01:42:56.254079Z,KXBTC15M-26OCT042145-45,0.0050,150.00,no
2026-10-05T01:42:56.254079Z,KXBTC15M-26OCT042145-45,0.0050,180.00,no
2026-10-05T01:42:56.254079Z,KXBTC15M-26OCT042145-45,0.0050,90.00,no
2026-10-05T01:42:56.254079Z,KXBTC15M-26OCT042145-45,0.0050,50.00,no
2026-10-05T01:42:56.254079Z,KXBTC15M-26OCT042145-45,0.0050,100.00,no
2026-10-05T01:42:56.254079Z,KXBTC15M-26OCT042145-45,0.0040,2.00,no
2026-10-05T01:42:56.254079Z,KXBTC15M-26OCT042145-45,0.0040,10.00,no
2026-10-05T01:42:56.254079Z,KXBTC15M-26OCT042145-45,0.0040,10.00,no
2026-10-05T01:42:56.254079Z,KXBTC15M-26OCT042145-45,0.0040,6.00,no
2026-10-05T01:42:56.254079Z,KXBTC15M-26OCT042145-45,0.0050,15.00,no
2026-10-05T01:42:56.254079Z,KXBTC15M-26OCT042145-45,0.0050,15.00,no
2026-10-05T01:42:56.254079Z,KXBTC15M-26OCT042145-45,0.0080,458.00,no
2026-10-05T01:42:56.254079Z,KXBTC15M-26OCT042145-45,0.0080,100.00,no
2026-10-05T01:42:56.254079Z,KXBTC15M-26OCT042145-45,0.0080,400.00,no
2026-10-05T01:42:56.254079Z,KXBTC15M-26OCT042145-45,0.0040,1.00,no
2026-10-05T01:42:56.254079Z,KXBTC15M-26OCT042145-45,0.0060,20.00,no
2026-10-05T01:42:56.254079Z,KXBTC15M-26OCT042145-45,0.0070,95.00,no
2026-10-05T01:42:56.254079Z,KXBTC15M-26OCT042145-45,0.0050,17.00,no
2026-10-05T01:42:56.254079Z,KXBTC15M-26OCT042145-45,0.0070,541.00,no
2026-10-05T01:42:56.254079Z,KXBTC15M-26OCT042145-45,0.0050,15.00,no
2026-10-05T01:42:56.254079Z,KXBTC15M-26OCT042145-45,0.0080,200.00,no
2026-10-05T01:42:56.254079Z,KXBTC15M-26OCT042145-45,0.0080,150.00,no
2026-10-05T01:42:56.254079Z,KXBTC15M-26OCT042145-45,0.0050,15.00,no
2026-10-05T01:42:56.254079Z,KXBTC15M-26OCT042145-45,0.0050,64.00,no
2026-10-05T01:42:56.254079Z,KXBTC15M-26OCT042145-45,0.0080,15.00,no
2026-10-05T01:42:56.254079Z,KXBTC15M-26OCT042145-45,0.0080,15.00,no
2026-10-05T01:42:56.254079Z,KXBTC15M-26OCT042145-45,0.0080,0.01,no
2026-10-05T01:42:56.254079Z,KXBTC15M-26OCT042145-45,0.0080,15.00,no
2026-10-05T01:42:56.254079Z,KXBTC15M-26OCT042145-45,0.0070,200.00,no
2026-10-05T01:42:56.254079Z,KXBTC15M-26OCT042145-45,0.0080,0.01,no
2026-10-05T01:42:56.254079Z,KXBTC15M-26OCT042145-45,0.0050,93.75,no
2026-10-05T01:42:56.254079Z,KXBTC15M-26OCT042145-45,0.0050,93.75,no
2026-10-05T01:42:56.254079Z,KXBTC15M-26OCT042145-45,0.0050,64.00,no
2026-10-05T01:42:56.254079Z,KXBTC15M-26OCT042145-45,0.0050,4000.00,no
2026-10-05T01:42:56.254079Z,KXBTC15M-26OCT042145-45,0.0040,293.33,no
2026-10-05T01:42:56.254079Z,KXBTC15M-26OCT042145-45,0.0050,500.00,no
2026-10-05T01:42:56.254079Z,KXBTC15M-26OCT042145-45,0.0040,10.00,no
2026-10-05T01:42:56.254079Z,KXBTC15M-26OCT042145-45,0.0050,10.00,no
2026-10-05T01:42:56.254079Z,KXBTC15M-26OCT042145-45,0.0050,20.00,no
2026-10-05T01:42:56.254079Z,KXBTC15M-26OCT042145-45,0.0050,50.89,no
2026-10-05T01:42:56.254079Z,KXBTC15M-26OCT042145-45,0.0040,1800.00,no
2026-10-05T01:42:56.254079Z,KXBTC15M-26OCT042145-45,0.0040,1800.00,no
2026-10-05T01:42:56.254079Z,KXBTC15M-26OCT042145-45,0.0030,1800.00,no
2026-10-05T01:42:56.254079Z,KXBTC15M-26OCT042145-45,0.0040,1800.00,no
2026-10-05T01:42:56.254079Z,KXBTC15M-26OCT042145-45,0.0030,1800.00,no
2026-10-05T01:42:56.254079Z,KXBTC15M-26OCT042145-45,0.0030,1395.00,no
2026-10-05T01:42:56.254079Z,KXBTC15M-26OCT042145-45,0.0030,1800.00,no
2026-10-05T01:42:56.254079Z,KXBTC15M-26OCT042145-45,0.0040,1.00,no
2026-10-05T01:42:56.254079Z,KXBTC15M-26OCT042145-45,0.0040,1.00,no
2026-10-05T01:42:56.254079Z,KXBTC15M-26OCT042145-45,0.0040,1.00,no
2026-10-05T01:42:56.254079Z,KXBTC15M-26OCT042145-45,0.0040,1.00,no
2026-10-05T01:42:56.254079Z,KXBTC15M-26OCT042145-45,0.0040,13.00,no
2026-10-05T01:42:56.254079Z,KXBTC15M-26OCT042145-45,0.0030,810.59,no
2026-10-05T01:42:56.254079Z,KXBTC15M-26OCT042145-45,0.0040,512.00,no
2026-10-05T01:42:56.254079Z,KXBTC15M-26OCT042145-45,0.0040,120.00,no
2026-10-05T01:42:56.254079Z,KXBTC15M-26OCT042145-45,0.0030,250.00,no
2026-10-05T01:42:56.254079Z,KXBTC15M-26OCT042145-45,0.0030,120.00,no
2026-10-05T01:42:56.254079Z,KXBTC15M-26OCT042145-45,0.0040,1.00,no
2026-10-05T01:42:56.266663Z,KXBTC15M-26OCT042145-45,0.0050,276.98,no
2026-10-05T01:42:56.266663Z,KXBTC15M-26OCT042145-45,0.0060,17.00,no
2026-10-05T01:42:56.266663Z,KXBTC15M-26OCT042145-45,0.0050,15.00,no
2026-10-05T01:42:56.266663Z,KXBTC15M-26OCT042145-45,0.0080,0.01,no
2026-10-05T01:42:56.266663Z,KXBTC15M-26OCT042145-45,0.0080,200.00,no
2026-10-05T01:42:56.266663Z,KXBTC15M-26OCT042145-45,0.0080,0.01,no
2026-10-05T01:42:56.266663Z,KXBTC15M-26OCT042145-45,0.0070,200.00,no
2026-10-05T01:42:56.266663Z,KXBTC15M-26OCT042145-45,0.0060,20.00,no
2026-10-05T01:42:56.266663Z,KXBTC15M-26OCT042145-45,0.0060,271.00,no
2026-10-05T01:42:56.27201Z,KXBTC15M-26OCT042145-45,0.0070,380.00,no
2026-10-05T01:42:56.27645Z,KXBTC15M-26OCT042145-45,0.0080,0.01,no
2026-10-05T01:42:56.27645Z,KXBTC15M-26OCT042145-45,0.0080,10.03,no
2026-10-05T01:42:56.297599Z,KXBTC15M-26OCT042145-45,0.0070,0.01,no
2026-10-05T01:42:56.297599Z,KXBTC15M-26OCT042145-45,0.0070,0.01,no
2026-10-05T01:42:56.297599Z,KXBTC15M-26OCT042145-45,0.0080,0.01,no
2026-10-05T01:42:56.297599Z,KXBTC15M-26OCT042145-45,0.0050,57.46,no
2026-10-05T01:42:56.297599Z,KXBTC15M-26OCT042145-45,0.0080,0.01,no
2026-10-05T01:42:56.297599Z,KXBTC15M-26OCT042145-45,0.0050,17.00,no
2026-10-05T01:42:56.323218Z,KXBTC15M-26OCT042145-45,0.0070,96.54,yes
2026-10-05T01:42:56.393619Z,KXBTC15M-26OCT042145-45,0.0060,8.25,no
2026-10-05T01:42:56.404126Z,KXBTC15M-26OCT042145-45,0.0070,334.93,yes
2026-10-05T01:42:56.422388Z,KXBTC15M-26OCT042145-45,0.0070,93.51,yes
2026-10-05T01:42:56.452829Z,KXBTC15M-26OCT042145-45,0.0070,36.33,yes
2026-10-05T01:42:56.51468Z,KXBTC15M-26OCT042145-45,0.0060,8.60,no
2026-10-05T01:42:56.51468Z,KXBTC15M-26OCT042145-45,0.0060,8.75,no
2026-10-05T01:42:56.51468Z,KXBTC15M-26OCT042145-45,0.0060,0.01,no
2026-10-05T01:42:56.525606Z,KXBTC15M-26OCT042145-45,0.0070,36.33,yes
2026-10-05T01:42:56.541104Z,KXBTC15M-26OCT042145-45,0.0060,20.00,no
2026-10-05T01:42:56.541104Z,KXBTC15M-26OCT042145-45,0.0060,400.00,no
2026-10-05T01:42:56.541104Z,KXBTC15M-26OCT042145-45,0.0060,0.01,no
2026-10-05T01:42:56.541104Z,KXBTC15M-26OCT042145-45,0.0060,91.40,no
2026-10-05T01:42:56.541104Z,KXBTC15M-26OCT042145-45,0.0060,86.00,no
2026-10-05T01:42:56.541104Z,KXBTC15M-26OCT042145-45,0.0050,192.44,no
2026-10-05T01:42:56.541104Z,KXBTC15M-26OCT042145-45,0.0060,0.01,no
2026-10-05T01:42:56.55644Z,KXBTC15M-26OCT042145-45,0.0070,140.27,yes
2026-10-05T01:42:56.595435Z,KXBTC15M-26OCT042145-45,0.0070,113.67,yes
2026-10-05T01:42:56.621962Z,KXBTC15M-26OCT042145-45,0.0060,0.01,no
2026-10-05T01:42:56.621962Z,KXBTC15M-26OCT042145-45,0.0060,2.73,no
2026-10-05T01:42:56.687544Z,KXBTC15M-26OCT042145-45,0.0060,54.84,no
2026-10-05T01:42:56.687544Z,KXBTC15M-26OCT042145-45,0.0060,97.27,no
2026-10-05T01:42:56.687544Z,KXBTC15M-26OCT042145-45,0.0060,0.01,no
2026-10-05T01:42:56.728531Z,KXBTC15M-26OCT042145-45,0.0070,113.00,yes
2026-10-05T01:42:56.845812Z,KXBTC15M-26OCT042145-45,0.0070,37.00,yes
2026-10-05T01:42:56.867552Z,KXBTC15M-26OCT042145-45,0.0070,0.01,yes
2026-10-05T01:42:56.867552Z,KXBTC15M-26OCT042145-45,0.0070,0.01,yes
2026-10-05T01:42:56.867552Z,KXBTC15M-26OCT042145-45,0.0070,1.00,yes
2026-10-05T01:42:56.867552Z,KXBTC15M-26OCT042145-45,0.0070,798.42,yes
2026-10-05T01:42:56.867552Z,KXBTC15M-26OCT042145-45,0.0070,120.00,yes
2026-10-05T01:42:56.867552Z,KXBTC15M-26OCT042145-45,0.0070,49.85,yes
2026-10-05T01:42:56.867552Z,KXBTC15M-26OCT042145-45,0.0070,500.00,yes
2026-10-05T01:42:56.880303Z,KXBTC15M-26OCT042145-45,0.0070,70.15,yes
2026-10-05T01:42:56.880303Z,KXBTC15M-26OCT042145-45,0.0070,200.00,yes
2026-10-05T01:42:56.880303Z,KXBTC15M-26OCT042145-45,0.0070,175.23,yes
2026-10-05T01:42:56.880303Z,KXBTC15M-26OCT042145-45,0.0070,15.00,yes
2026-10-05T01:42:56.90604Z,KXBTC15M-26OCT042145-45,0.0070,36.33,yes
2026-10-05T01:42:56.91578Z,KXBTC15M-26OCT042145-45,0.0070,65.45,yes
2026-10-05T01:42:56.954715Z,KXBTC15M-26OCT042145-45,0.0070,150.00,yes
2026-10-05T01:42:56.966296Z,KXBTC15M-26OCT042145-45,0.0070,51.00,yes
2026-10-05T01:42:57.003027Z,KXBTC15M-26OCT042145-45,0.0070,36.33,yes
2026-10-05T01:42:57.021395Z,KXBTC15M-26OCT042145-45,0.0060,0.01,no
2026-10-05T01:42:57.021395Z,KXBTC15M-26OCT042145-45,0.0060,0.01,no
2026-10-05T01:42:57.021395Z,KXBTC15M-26OCT042145-45,0.0060,13.02,no
2026-10-05T01:42:57.054205Z,KXBTC15M-26OCT042145-45,0.0060,15.04,no
2026-10-05T01:42:57.070657Z,KXBTC15M-26OCT042145-45,0.0070,35.34,yes
2026-10-05T01:42:57.070657Z,KXBTC15M-26OCT042145-45,0.0070,77.66,yes
2026-10-05T01:42:57.07107Z,KXBTC15M-26OCT042145-45,0.0070,36.33,yes
2026-10-05T01:42:57.083703Z,KXBTC15M-26OCT042145-45,0.0070,30.39,yes
2026-10-05T01:42:57.165231Z,KXBTC15M-26OCT042145-45,0.0060,0.01,no
2026-10-05T01:42:57.165231Z,KXBTC15M-26OCT042145-45,0.0060,0.01,no
2026-10-05T01:42:57.165231Z,KXBTC15M-26OCT042145-45,0.0060,400.00,no
2026-10-05T01:42:57.165231Z,KXBTC15M-26OCT042145-45,0.0060,200.00,no
2026-10-05T01:42:57.165231Z,KXBTC15M-26OCT042145-45,0.0050,99.00,no
2026-10-05T01:42:57.165231Z,KXBTC15M-26OCT042145-45,0.0050,135.00,no
2026-10-05T01:42:57.165231Z,KXBTC15M-26OCT042145-45,0.0050,200.00,no
2026-10-05T01:42:57.165231Z,KXBTC15M-26OCT042145-45,0.0050,17.00,no
2026-10-05T01:42:57.165231Z,KXBTC15M-26OCT042145-45,0.0060,610.00,no
2026-10-05T01:42:57.165231Z,KXBTC15M-26OCT042145-45,0.0060,71.94,no
2026-10-05T01:42:57.165231Z,KXBTC15M-26OCT042145-45,0.0060,1.00,no
2026-10-05T01:42:57.165231Z,KXBTC15M-26OCT042145-45,0.0060,15.00,no
2026-10-05T01:42:57.165335Z,KXBTC15M-26OCT042145-45,0.0040,10.00,no
2026-10-05T01:42:57.165335Z,KXBTC15M-26OCT042145-45,0.0040,10.00,no
2026-10-05T01:42:57.165335Z,KXBTC15M-26OCT042145-45,0.0040,10.00,no
2026-10-05T01:42:57.165335Z,KXBTC15M-26OCT042145-45,0.0040,20.00,no
2026-10-05T01:42:57.165335Z,KXBTC15M-26OCT042145-45,0.0030,68.05,no
2026-10-05T01:42:57.165342Z,KXBTC15M-26OCT042145-45,0.0070,654.51,yes
2026-10-05T01:42:57.181692Z,KXBTC15M-26OCT042145-45,0.0070,227.00,yes
2026-10-05T01:42:57.207962Z,KXBTC15M-26OCT042145-45,0.0060,5.11,no
2026-10-05T01:42:57.215284Z,KXBTC15M-26OCT042145-45,0.0070,13.35,yes
2026-10-05T01:42:57.221572Z,KXBTC15M-26OCT042145-45,0.0070,130.90,yes
2026-10-05T01:42:57.222669Z,KXBTC15M-26OCT042145-45,0.0030,2500.00,no
2026-10-05T01:42:57.222669Z,KXBTC15M-26OCT042145-45,0.0030,2.00,no
2026-10-05T01:42:57.222669Z,KXBTC15M-26OCT042145-45,0.0030,2.00,no
2026-10-05T01:42:57.222669Z,KXBTC15M-26OCT042145-45,0.0060,100.00,no
2026-10-05T01:42:57.222669Z,KXBTC15M-26OCT042145-45,0.0060,400.00,no
2026-10-05T01:42:57.222669Z,KXBTC15M-26OCT042145-45,0.0050,17.00,no
2026-10-05T01:42:57.222669Z,KXBTC15M-26OCT042145-45,0.0040,20.00,no
2026-10-05T01:42:57.222669Z,KXBTC15M-26OCT042145-45,0.0060,11.89,no
2026-10-05T01:42:57.222669Z,KXBTC15M-26OCT042145-45,0.0060,610.00,no
2026-10-05T01:42:57.222669Z,KXBTC15M-26OCT042145-45,0.0050,68.00,no
2026-10-05T01:42:57.222669Z,KXBTC15M-26OCT042145-45,0.0030,250.00,no
2026-10-05T01:42:57.222669Z,KXBTC15M-26OCT042145-45,0.0030,0.34,no
2026-10-05T01:42:57.222669Z,KXBTC15M-26OCT042145-45,0.0020,1006.65,no
2026-10-05T01:42:57.222669Z,KXBTC15M-26OCT042145-45,0.0030,2.00,no
2026-10-05T01:42:57.222669Z,KXBTC15M-26OCT042145-45,0.0030,2.00,no
2026-10-05T01:42:57.222669Z,KXBTC15M-26OCT042145-45,0.0030,2.00,no
2026-10-05T01:42:57.222669Z,KXBTC15M-26OCT042145-45,0.0030,2.00,no
2026-10-05T01:42:57.222669Z,KXBTC15M-26OCT042145-45,0.0030,2.00,no
2026-10-05T01:42:57.222669Z,KXBTC15M-26OCT042145-45,0.0030,18.00,no
2026-10-05T01:42:57.230065Z,KXBTC15M-26OCT042145-45,0.0060,1.01,yes
2026-10-05T01:42:57.231361Z,KXBTC15M-26OCT042145-45,0.0040,20.00,no
2026-10-05T01:42:57.231361Z,KXBTC15M-26OCT042145-45,0.0050,17.00,no
2026-10-05T01:42:57.231361Z,KXBTC15M-26OCT042145-45,0.0030,500.00,no
2026-10-05T01:42:57.24668Z,KXBTC15M-26OCT042145-45,0.0020,24.00,no
2026-10-05T01:42:57.257289Z,KXBTC15M-26OCT042145-45,0.0030,133.58,yes
2026-10-05T01:42:57.261406Z,KXBTC15M-26OCT042145-45,0.0030,8.00,yes
2026-10-05T01:42:57.277334Z,KXBTC15M-26OCT042145-45,0.0050,10.00,yes
2026-10-05T01:42:57.277334Z,KXBTC15M-26OCT042145-45,0.0080,50.00,yes
2026-10-05T01:42:57.277334Z,KXBTC15M-26OCT042145-45,0.0030,0.01,yes
2026-10-05T01:42:57.277334Z,KXBTC15M-26OCT042145-45,0.0070,250.00,yes
2026-10-05T01:42:57.277334Z,KXBTC15M-26OCT042145-45,0.0060,20.00,yes
2026-10-05T01:42:57.277334Z,KXBTC15M-26OCT042145-45,0.0030,0.01,yes
2026-10-05T01:42:57.277334Z,KXBTC15M-26OCT042145-45,0.0060,15.00,yes
2026-10-05T01:42:57.277334Z,KXBTC15M-26OCT042145-45,0.0060,0.01,yes
2026-10-05T01:42:57.277334Z,KXBTC15M-26OCT042145-45,0.0030,328.07,yes
2026-10-05T01:42:57.277334Z,KXBTC15M-26OCT042145-45,0.0070,1.00,yes
2026-10-05T01:42:57.277334Z,KXBTC15M-26OCT042145-45,0.0030,24.00,yes
2026-10-05T01:42:57.277334Z,KXBTC15M-26OCT042145-45,0.0060,0.01,yes
2026-10-05T01:42:57.277334Z,KXBTC15M-26OCT042145-45,0.0080,3.92,yes
2026-10-05T01:42:57.277334Z,KXBTC15M-26OCT042145-45,0.0030,1.00,yes
2026-10-05T01:42:57.277334Z,KXBTC15M-26OCT042145-45,0.0070,255.26,yes
2026-10-05T01:42:57.277334Z,KXBTC15M-26OCT042145-45,0.0070,1.00,yes
2026-10-05T01:42:57.277334Z,KXBTC15M-26OCT042145-45,0.0090,355.43,yes
2026-10-05T01:42:57.277334Z,KXBTC15M-26OCT042145-45,0.0080,1.00,yes
2026-10-05T01:42:57.277334Z,KXBTC15M-26OCT042145-45,0.0060,10.00,yes
2026-10-05T01:42:57.277334Z,KXBTC15M-26OCT042145-45,0.0060,10.00,yes
2026-10-05T01:42:57.300428Z,KXBTC15M-26OCT042145-45,0.0080,5.00,yes
2026-10-05T01:42:57.304033Z,KXBTC15M-26OCT042145-45,0.0080,0.01,yes
2026-10-05T01:42:57.304033Z,KXBTC15M-26OCT042145-45,0.0080,10.00,yes
2026-10-05T01:42:57.304033Z,KXBTC15M-26OCT042145-45,0.0080,0.01,yes
2026-10-05T01:42:57.304033Z,KXBTC15M-26OCT042145-45,0.0090,39.98,yes
2026-10-05T01:42:57.343093Z,KXBTC15M-26OCT042145-45,0.0080,0.01,yes
2026-10-05T01:42:57.343093Z,KXBTC15M-26OCT042145-45,0.0080,0.01,yes
2026-10-05T01:42:57.343093Z,KXBTC15M-26OCT042145-45,0.0080,14.00,yes
2026-10-05T01:42:57.343093Z,KXBTC15M-26OCT042145-45,0.0080,15.00,yes
2026-10-05T01:42:57.343093Z,KXBTC15M-26OCT042145-45,0.0090,7.31,yes
2026-10-05T01:42:57.367568Z,KXBTC15M-26OCT042145-45,0.0080,0.01,yes
2026-10-05T01:42:57.367568Z,KXBTC15M-26OCT042145-45,0.0080,14.00,yes
2026-10-05T01:42:57.367568Z,KXBTC15M-26OCT042145-45,0.0080,0.01,yes
2026-10-05T01:42:57.367568Z,KXBTC15M-26OCT042145-45,0.0080,15.00,yes
2026-10-05T01:42:57.367568Z,KXBTC15M-26OCT042145-45,0.0090,11.17,yes
2026-10-05T01:42:57.405763Z,KXBTC15M-26OCT042145-45,0.0080,29.37,yes
2026-10-05T01:42:57.405763Z,KXBTC15M-26OCT042145-45,0.0080,0.01,yes
2026-10-05T01:42:57.405763Z,KXBTC15M-26OCT042145-45,0.0080,35.00,yes
2026-10-05T01:42:57.405763Z,KXBTC15M-26OCT042145-45,0.0080,0.01,yes
2026-10-05T01:42:57.405763Z,KXBTC15M-26OCT042145-45,0.0080,14.00,yes
2026-10-05T01:42:57.405763Z,KXBTC15M-26OCT042145-45,0.0080,15.00,yes
2026-10-05T01:42:57.405763Z,KXBTC15M-26OCT042145-45,0.0090,14.37,yes
2026-10-05T01:42:57.405763Z,KXBTC15M-26OCT042145-45,0.0090,98.11,yes
2026-10-05T01:42:57.413417Z,KXBTC15M-26OCT042145-45,0.0080,14.00,yes
2026-10-05T01:42:57.413417Z,KXBTC15M-26OCT042145-45,0.0090,214.01,yes
2026-10-05T01:42:57.498272Z,KXBTC15M-26OCT042145-45,0.0080,0.01,yes
2026-10-05T01:42:57.498272Z,KXBTC15M-26OCT042145-45,0.0080,42.05,yes
2026-10-05T01:42:57.498272Z,KXBTC15M-26OCT042145-45,0.0080,14.00,yes
2026-10-05T01:42:57.498272Z,KXBTC15M-26OCT042145-45,0.0080,15.00,yes
2026-10-05T01:42:57.498272Z,KXBTC15M-26OCT042145-45,0.0080,0.01,yes
2026-10-05T01:42:57.536542Z,KXBTC15M-26OCT042145-45,0.0080,487.20,yes
2026-10-05T01:42:57.550446Z,KXBTC15M-26OCT042145-45,0.0080,712.58,yes
2026-10-05T01:42:57.551577Z,KXBTC15M-26OCT042145-45,0.0080,33.40,yes
2026-10-05T01:42:57.560158Z,KXBTC15M-26OCT042145-45,0.0070,100.00,no
2026-10-05T01:42:57.560158Z,KXBTC15M-26OCT042145-45,0.0070,0.01,no
2026-10-05T01:42:57.560158Z,KXBTC15M-26OCT042145-45,0.0070,60.82,no
2026-10-05T01:42:57.560158Z,KXBTC15M-26OCT042145-45,0.0070,150.00,no
2026-10-05T01:42:57.560158Z,KXBTC15M-26OCT042145-45,0.0070,0.01,no
2026-10-05T01:42:57.562785Z,KXBTC15M-26OCT042145-45,0.0080,275.12,yes
2026-10-05T01:42:57.576663Z,KXBTC15M-26OCT042145-45,0.0070,89.93,no
2026-10-05T01:42:57.605282Z,KXBTC15M-26OCT042145-45,0.0080,209.77,yes
2026-10-05T01:42:57.62261Z,KXBTC15M-26OCT042145-45,0.0080,40.86,yes
2026-10-05T01:42:57.62604Z,KXBTC15M-26OCT042145-45,0.0080,508.53,yes
2026-10-05T01:42:57.633091Z,KXBTC15M-26OCT042145-45,0.0080,522.56,yes
2026-10-05T01:42:57.645927Z,KXBTC15M-26OCT042145-45,0.0070,119.49,no
2026-10-05T01:42:57.739842Z,KXBTC15M-26OCT042145-45,0.0070,55.35,no
2026-10-05T01:42:57.771705Z,KXBTC15M-26OCT042145-45,0.0080,92.75,yes
2026-10-05T01:42:57.83827Z,KXBTC15M-26OCT042145-45,0.0070,17.05,no
2026-10-05T01:42:57.864358Z,KXBTC15M-26OCT042145-45,0.0070,57.36,no
2026-10-05T01:42:57.864358Z,KXBTC15M-26OCT042145-45,0.0050,97.00,no
2026-10-05T01:42:57.864358Z,KXBTC15M-26OCT042145-45,0.0070,100.00,no
2026-10-05T01:42:57.864358Z,KXBTC15M-26OCT042145-45,0.0030,1057.66,no
2026-10-05T01:42:57.864358Z,KXBTC15M-26OCT042145-45,0.0070,15.00,no
2026-10-05T01:42:57.864358Z,KXBTC15M-26OCT042145-45,0.0060,34.00,no
2026-10-05T01:42:57.864358Z,KXBTC15M-26OCT042145-45,0.0070,0.01,no
2026-10-05T01:42:57.864358Z,KXBTC15M-26OCT042145-45,0.0050,15.00,no
2026-10-05T01:42:57.864358Z,KXBTC15M-26OCT042145-45,0.0070,15.00,no
2026-10-05T01:42:57.864358Z,KXBTC15M-26OCT042145-45,0.0030,17.00,no
2026-10-05T01:42:57.864358Z,KXBTC15M-26OCT042145-45,0.0030,25.00,no
2026-10-05T01:42:57.864358Z,KXBTC15M-26OCT042145-45,0.0070,15.00,no
2026-10-05T01:42:57.864358Z,KXBTC15M-26OCT042145-45,0.0050,1.00,no
2026-10-05T01:42:57.864358Z,KXBTC15M-26OCT042145-45,0.0070,0.01,no
2026-10-05T01:42:57.864358Z,KXBTC15M-26OCT042145-45,0.0070,15.00,no
2026-10-05T01:42:57.864358Z,KXBTC15M-26OCT042145-45,0.0070,15.00,no
2026-10-05T01:42:57.886436Z,KXBTC15M-26OCT042145-45,0.0080,175.29,yes
2026-10-05T01:42:57.886436Z,KXBTC15M-26OCT042145-45,0.0080,0.01,yes
2026-10-05T01:42:57.886436Z,KXBTC15M-26OCT042145-45,0.0080,15.00,yes
2026-10-05T01:42:57.886436Z,KXBTC15M-26OCT042145-45,0.0080,53.00,yes
2026-10-05T01:42:57.886436Z,KXBTC15M-26OCT042145-45,0.0080,0.01,yes
2026-10-05T01:42:57.886436Z,KXBTC15M-26OCT042145-45,0.0080,1.00,yes
2026-10-05T01:42:57.886436Z,KXBTC15M-26OCT042145-45,0.0080,2307.18,yes
2026-10-05T01:42:57.886436Z,KXBTC15M-26OCT042145-45,0.0080,200.00,yes
2026-10-05T01:42:57.886436Z,KXBTC15M-26OCT042145-45,0.0080,100.74,yes
2026-10-05T01:42:57.886436Z,KXBTC15M-26OCT042145-45,0.0080,500.00,yes
2026-10-05T01:42:57.886436Z,KXBTC15M-26OCT042145-45,0.0080,14.00,yes
2026-10-05T01:42:57.886436Z,KXBTC15M-26OCT042145-45,0.0090,919.89,yes
2026-10-05T01:42:57.886436Z,KXBTC15M-26OCT042145-45,0.0080,500.00,yes
2026-10-05T01:42:57.905858Z,KXBTC15M-26OCT042145-45,0.0070,6.62,no
2026-10-05T01:42:57.905858Z,KXBTC15M-26OCT042145-45,0.0070,0.01,no
2026-10-05T01:42:57.905858Z,KXBTC15M-26OCT042145-45,0.0070,0.01,no
2026-10-05T01:42:57.940505Z,KXBTC15M-26OCT042145-45,0.0080,0.01,yes
2026-10-05T01:42:57.940505Z,KXBTC15M-26OCT042145-45,0.0080,14.00,yes
2026-10-05T01:42:57.940505Z,KXBTC15M-26OCT042145-45,0.0080,15.00,yes
2026-10-05T01:42:57.940505Z,KXBTC15M-26OCT042145-45,0.0080,0.01,yes
2026-10-05T01:42:57.940505Z,KXBTC15M-26OCT042145-45,0.0080,15.00,yes
2026-10-05T01:42:57.940505Z,KXBTC15M-26OCT042145-45,0.0090,31.01,yes
2026-10-05T01:42:57.940505Z,KXBTC15M-26OCT042145-45,0.0080,5.00,yes
2026-10-05T01:42:57.950187Z,KXBTC15M-26OCT042145-45,0.0080,0.01,yes
2026-10-05T01:42:57.950187Z,KXBTC15M-26OCT042145-45,0.0080,0.01,yes
2026-10-05T01:42:57.950187Z,KXBTC15M-26OCT042145-45,0.0090,104.79,yes
2026-10-05T01:42:58.00156Z,KXBTC15M-26OCT042145-45,0.0080,38.00,yes
2026-10-05T01:42:58.00156Z,KXBTC15M-26OCT042145-45,0.0080,1.00,yes
2026-10-05T01:42:58.00156Z,KXBTC15M-26OCT042145-45,0.0080,15.00,yes
2026-10-05T01:42:58.00156Z,KXBTC15M-26OCT042145-45,0.0080,0.01,yes
2026-10-05T01:42:58.00156Z,KXBTC15M-26OCT042145-45,0.0080,8.00,yes
2026-10-05T01:42:58.00156Z,KXBTC15M-26OCT042145-45,0.0080,0.01,yes
2026-10-05T01:42:58.00156Z,KXBTC15M-26OCT042145-45,0.0080,14.00,yes
2026-10-05T01:42:58.00156Z,KXBTC15M-26OCT042145-45,0.0090,111.07,yes
2026-10-05T01:42:58.004821Z,KXBTC15M-26OCT042145-45,0.0070,357.39,no
2026-10-05T01:42:58.00705Z,KXBTC15M-26OCT042145-45,0.0060,17.00,no
2026-10-05T01:42:58.00705Z,KXBTC15M-26OCT042145-45,0.0070,15.00,no
2026-10-05T01:42:58.00705Z,KXBTC15M-26OCT042145-45,0.0070,42.61,no
2026-10-05T01:42:58.00705Z,KXBTC15M-26OCT042145-45,0.0070,15.00,no
2026-10-05T01:42:58.00705Z,KXBTC15M-26OCT042145-45,0.0070,0.01,no
2026-10-05T01:42:58.00705Z,KXBTC15M-26OCT042145-45,0.0070,100.00,no
2026-10-05T01:42:58.00705Z,KXBTC15M-26OCT042145-45,0.0070,0.01,no
2026-10-05T01:42:58.00705Z,KXBTC15M-26OCT042145-45,0.0040,4.29,no
2026-10-05T01:42:58.00705Z,KXBTC15M-26OCT042145-45,0.0070,15.00,no
2026-10-05T01:42:58.00705Z,KXBTC15M-26OCT042145-45,0.0070,15.00,no
2026-10-05T01:42:58.00705Z,KXBTC15M-26OCT042145-45,0.0050,71.00,no
2026-10-05T01:42:58.00705Z,KXBTC15M-26OCT042145-45,0.0070,1.00,no
2026-10-05T01:42:58.063001Z,KXBTC15M-26OCT042145-45,0.0070,114.20,no
2026-10-05T01:42:58.063001Z,KXBTC15M-26OCT042145-45,0.0070,400.00,no
2026-10-05T01:42:58.063001Z,KXBTC15M-26OCT042145-45,0.0070,0.01,no
2026-10-05T01:42:58.063001Z,KXBTC15M-26OCT042145-45,0.0070,0.01,no
2026-10-05T01:42:58.063001Z,KXBTC15M-26OCT042145-45,0.0070,15.00,no
2026-10-05T01:42:58.063001Z,KXBTC15M-26OCT042145-45,0.0070,100.00,no
2026-10-05T01:42:58.079848Z,KXBTC15M-26OCT042145-45,0.0070,15.00,no
2026-10-05T01:42:58.079848Z,KXBTC15M-26OCT042145-45,0.0070,0.01,no
2026-10-05T01:42:58.079848Z,KXBTC15M-26OCT042145-45,0.0070,0.01,no
2026-10-05T01:42:58.090218Z,KXBTC15M-26OCT042145-45,0.0080,15.00,yes
2026-10-05T01:42:58.090218Z,KXBTC15M-26OCT042145-45,0.0080,0.01,yes
2026-10-05T01:42:58.090218Z,KXBTC15M-26OCT042145-45,0.0080,14.00,yes
2026-10-05T01:42:58.090218Z,KXBTC15M-26OCT042145-45,0.0080,0.01,yes
2026-10-05T01:42:58.090218Z,KXBTC15M-26OCT042145-45,0.0080,8.00,yes
2026-10-05T01:42:58.090218Z,KXBTC15M-26OCT042145-45,0.0080,3.43,yes
2026-10-05T01:42:58.180231Z,KXBTC15M-26OCT042145-45,0.0070,50.32,no
2026-10-05T01:42:58.196942Z,KXBTC15M-26OCT042145-45,0.0080,1.15,yes
2026-10-05T01:42:58.30573Z,KXBTC15M-26OCT042145-45,0.0080,14.00,yes
2026-10-05T01:42:58.30573Z,KXBTC15M-26OCT042145-45,0.0080,48.00,yes
2026-10-05T01:42:58.30573Z,KXBTC15M-26OCT042145-45,0.0080,0.01,yes
2026-10-05T01:42:58.30573Z,KXBTC15M-26OCT042145-45,0.0080,0.01,yes
2026-10-05T01:42:58.30573Z,KXBTC15M-26OCT042145-45,0.0080,22.07,yes
2026-10-05T01:42:58.30573Z,KXBTC15M-26OCT042145-45,0.0080,10.42,yes
2026-10-05T01:42:58.316217Z,KXBTC15M-26OCT042145-45,0.0080,116.88,yes
2026-10-05T01:42:58.438249Z,KXBTC15M-26OCT042145-45,0.0080,15.00,yes
2026-10-05T01:42:58.438249Z,KXBTC15M-26OCT042145-45,0.0080,8.00,yes
2026-10-05T01:42:58.438249Z,KXBTC15M-26OCT042145-45,0.0080,244.00,yes
2026-10-05T01:42:58.438249Z,KXBTC15M-26OCT042145-45,0.0080,170.08,yes
2026-10-05T01:42:58.438249Z,KXBTC15M-26OCT042145-45,0.0080,1272.00,yes
2026-10-05T01:42:58.438249Z,KXBTC15M-26OCT042145-45,0.0080,61.05,yes
2026-10-05T01:42:58.443472Z,KXBTC15M-26OCT042145-45,0.0070,99.68,no
2026-10-05T01:42:58.443472Z,KXBTC15M-26OCT042145-45,0.0070,59.16,no
2026-10-05T01:42:58.467601Z,KXBTC15M-26OCT042145-45,0.0080,25.75,yes
2026-10-05T01:42:58.524235Z,KXBTC15M-26OCT042145-45,0.0080,0.01,yes
2026-10-05T01:42:58.524235Z,KXBTC15M-26OCT042145-45,0.0080,1.24,yes
2026-10-05T01:42:58.524235Z,KXBTC15M-26OCT042145-45,0.0080,56.18,yes
2026-10-05T01:42:58.524235Z,KXBTC15M-26OCT042145-45,0.0080,1.00,yes
2026-10-05T01:42:58.524235Z,KXBTC15M-26OCT042145-45,0.0080,0.01,yes
2026-10-05T01:42:58.532334Z,KXBTC15M-26OCT042145-45,0.0070,15.00,no
2026-10-05T01:42:58.532334Z,KXBTC15M-26OCT042145-45,0.0070,0.01,no
2026-10-05T01:42:58.532334Z,KXBTC15M-26OCT042145-45,0.0070,0.01,no
2026-10-05T01:42:58.700304Z,KXBTC15M-26OCT042145-45,0.0070,0.01,yes
2026-10-05T01:42:58.700304Z,KXBTC15M-26OCT042145-45,0.0080,30.53,yes
2026-10-05T01:42:58.700304Z,KXBTC15M-26OCT042145-45,0.0080,34.00,yes
2026-10-05T01:42:58.700304Z,KXBTC15M-26OCT042145-45,0.0070,0.01,yes
2026-10-05T01:42:58.700304Z,KXBTC15M-26OCT042145-45,0.0070,15.00,yes
2026-10-05T01:42:58.700304Z,KXBTC15M-26OCT042145-45,0.0080,12.76,yes
2026-10-05T01:42:58.700304Z,KXBTC15M-26OCT042145-45,0.0070,15.00,yes
2026-10-05T01:42:58.712671Z,KXBTC15M-26OCT042145-45,0.0070,0.01,no
2026-10-05T01:42:58.712671Z,KXBTC15M-26OCT042145-45,0.0070,150.00,no
2026-10-05T01:42:58.712671Z,KXBTC15M-26OCT042145-45,0.0060,610.00,no
2026-10-05T01:42:58.712671Z,KXBTC15M-26OCT042145-45,0.0060,245.28,no
2026-10-05T01:42:58.712671Z,KXBTC15M-26OCT042145-45,0.0070,0.01,no
2026-10-05T01:42:58.728791Z,KXBTC15M-26OCT042145-45,0.0080,251.36,yes
2026-10-05T01:42:58.728791Z,KXBTC15M-26OCT042145-45,0.0080,171.71,yes
2026-10-05T01:42:58.728791Z,KXBTC15M-26OCT042145-45,0.0080,1.00,yes
2026-10-05T01:42:58.728791Z,KXBTC15M-26OCT042145-45,0.0080,0.01,yes
2026-10-05T01:42:58.728791Z,KXBTC15M-26OCT042145-45,0.0080,500.00,yes
2026-10-05T01:42:58.728791Z,KXBTC15M-26OCT042145-45,0.0080,25.18,yes
2026-10-05T01:42:58.728791Z,KXBTC15M-26OCT042145-45,0.0080,12.76,yes
2026-10-05T01:42:58.728791Z,KXBTC15M-26OCT042145-45,0.0080,0.01,yes
2026-10-05T01:42:58.728791Z,KXBTC15M-26OCT042145-45,0.0080,1.24,yes
2026-10-05T01:42:58.728791Z,KXBTC15M-26OCT042145-45,0.0080,15.00,yes
2026-10-05T01:42:58.728791Z,KXBTC15M-26OCT042145-45,0.0080,169.47,yes
2026-10-05T01:42:58.728791Z,KXBTC15M-26OCT042145-45,0.0080,1.00,yes
2026-10-05T01:42:58.794315Z,KXBTC15M-26OCT042145-45,0.0070,15.00,no
2026-10-05T01:42:58.794315Z,KXBTC15M-26OCT042145-45,0.0070,15.19,no
2026-10-05T01:42:58.81041Z,KXBTC15M-26OCT042145-45,0.0080,15.00,yes
2026-10-05T01:42:58.81041Z,KXBTC15M-26OCT042145-45,0.0080,8.00,yes
2026-10-05T01:42:58.81041Z,KXBTC15M-26OCT042145-45,0.0080,0.01,yes
2026-10-05T01:42:58.81041Z,KXBTC15M-26OCT042145-45,0.0080,14.00,yes
2026-10-05T01:42:58.81041Z,KXBTC15M-26OCT042145-45,0.0080,0.01,yes
2026-10-05T01:42:58.81041Z,KXBTC15M-26OCT042145-45,0.0090,241.73,yes
2026-10-05T01:42:58.918495Z,KXBTC15M-26OCT042145-45,0.0080,8.00,yes
2026-10-05T01:42:58.918495Z,KXBTC15M-26OCT042145-45,0.0080,15.00,yes
2026-10-05T01:42:58.918495Z,KXBTC15M-26OCT042145-45,0.0080,0.01,yes
2026-10-05T01:42:58.918495Z,KXBTC15M-26OCT042145-45,0.0080,14.00,yes
2026-10-05T01:42:58.918495Z,KXBTC15M-26OCT042145-45,0.0080,79.86,yes
2026-10-05T01:42:58.918495Z,KXBTC15M-26OCT042145-45,0.0080,0.01,yes
2026-10-05T01:42:58.964542Z,KXBTC15M-26OCT042145-45,0.0070,0.01,no
2026-10-05T01:42:58.964542Z,KXBTC15M-26OCT042145-45,0.0070,0.01,no
2026-10-05T01:42:58.964542Z,KXBTC15M-26OCT042145-45,0.0070,5.00,no
2026-10-05T01:42:58.965515Z,KXBTC15M-26OCT042145-45,0.0070,15.00,no
2026-10-05T01:42:58.965515Z,KXBTC15M-26OCT042145-45,0.0060,91.15,no
2026-10-05T01:42:58.965515Z,KXBTC15M-26OCT042145-45,0.0070,10.00,no
2026-10-05T01:42:59.130304Z,KXBTC15M-26OCT042145-45,0.0060,2.21,no
2026-10-05T01:42:59.130304Z,KXBTC15M-26OCT042145-45,0.0070,0.01,no
2026-10-05T01:42:59.130304Z,KXBTC15M-26OCT042145-45,0.0070,0.01,no
2026-10-05T01:42:59.130304Z,KXBTC15M-26OCT042145-45,0.0060,15.00,no
2026-10-05T01:42:59.130304Z,KXBTC15M-26OCT042145-45,0.0060,12.00,no
2026-10-05T01:42:59.130304Z,KXBTC15M-26OCT042145-45,0.0060,200.00,no
2026-10-05T01:42:59.130304Z,KXBTC15M-26OCT042145-45,0.0060,273.57,no
2026-10-05T01:42:59.135156Z,KXBTC15M-26OCT042145-45,0.0080,222.19,yes
2026-10-05T01:42:59.135156Z,KXBTC15M-26OCT042145-45,0.0080,1.00,yes
2026-10-05T01:42:59.135156Z,KXBTC15M-26OCT042145-45,0.0080,8.00,yes
2026-10-05T01:42:59.135156Z,KXBTC15M-26OCT042145-45,0.0080,200.00,yes
2026-10-05T01:42:59.135156Z,KXBTC15M-26OCT042145-45,0.0080,14.00,yes
2026-10-05T01:42:59.135156Z,KXBTC15M-26OCT042145-45,0.0080,15.00,yes
2026-10-05T01:42:59.135156Z,KXBTC15M-26OCT042145-45,0.0080,15.19,yes
2026-10-05T01:42:59.135156Z,KXBTC15M-26OCT042145-45,0.0080,0.01,yes
2026-10-05T01:42:59.135156Z,KXBTC15M-26OCT042145-45,0.0080,0.01,yes
2026-10-05T01:42:59.135156Z,KXBTC15M-26OCT042145-45,0.0090,1480.72,yes
2026-10-05T01:42:59.135156Z,KXBTC15M-26OCT042145-45,0.0090,163.13,yes
2026-10-05T01:42:59.151811Z,KXBTC15M-26OCT042145-45,0.0180,729.12,yes
2026-10-05T01:42:59.151811Z,KXBTC15M-26OCT042145-45,0.0140,1268.00,yes
2026-10-05T01:42:59.151811Z,KXBTC15M-26OCT042145-45,0.0150,0.03,yes
2026-10-05T01:42:59.151811Z,KXBTC15M-26OCT042145-45,0.0160,0.03,yes
2026-10-05T01:42:59.151811Z,KXBTC15M-26OCT042145-45,0.0170,0.09,yes
2026-10-05T01:42:59.151811Z,KXBTC15M-26OCT042145-45,0.0090,249.80,yes
2026-10-05T01:42:59.151811Z,KXBTC15M-26OCT042145-45,0.0100,50.00,yes
2026-10-05T01:42:59.151811Z,KXBTC15M-26OCT042145-45,0.0150,15.00,yes
2026-10-05T01:42:59.151811Z,KXBTC15M-26OCT042145-45,0.0120,2.00,yes
2026-10-05T01:42:59.151811Z,KXBTC15M-26OCT042145-45,0.0150,200.00,yes
2026-10-05T01:42:59.151811Z,KXBTC15M-26OCT042145-45,0.0120,2.00,yes
2026-10-05T01:42:59.151811Z,KXBTC15M-26OCT042145-45,0.0150,64.00,yes
2026-10-05T01:42:59.151811Z,KXBTC15M-26OCT042145-45,0.0150,64.00,yes
2026-10-05T01:42:59.151811Z,KXBTC15M-26OCT042145-45,0.0130,9.00,yes
2026-10-05T01:42:59.151811Z,KXBTC15M-26OCT042145-45,0.0080,14.00,yes
2026-10-05T01:42:59.151811Z,KXBTC15M-26OCT042145-45,0.0090,0.01,yes
2026-10-05T01:42:59.151811Z,KXBTC15M-26OCT042145-45,0.0100,16.00,yes
2026-10-05T01:42:59.151811Z,KXBTC15M-26OCT042145-45,0.0090,0.01,yes
2026-10-05T01:42:59.151811Z,KXBTC15M-26OCT042145-45,0.0100,63.45,yes
2026-10-05T01:42:59.151811Z,KXBTC15M-26OCT042145-45,0.0090,25.18,yes
2026-10-05T01:42:59.151811Z,KXBTC15M-26OCT042145-45,0.0090,55.00,yes
2026-10-05T01:42:59.151811Z,KXBTC15M-26OCT042145-45,0.0160,1.00,yes
2026-10-05T01:42:59.151811Z,KXBTC15M-26OCT042145-45,0.0090,1000.00,yes
2026-10-05T01:42:59.151811Z,KXBTC15M-26OCT042145-45,0.0100,10.00,yes
2026-10-05T01:42:59.151811Z,KXBTC15M-26OCT042145-45,0.0160,150.00,yes
2026-10-05T01:42:59.151811Z,KXBTC15M-26OCT042145-45,0.0090,10.00,yes
2026-10-05T01:42:59.151811Z,KXBTC15M-26OCT042145-45,0.0100,2.00,yes
2026-10-05T01:42:59.151811Z,KXBTC15M-26OCT042145-45,0.0110,10.00,yes
2026-10-05T01:42:59.151811Z,KXBTC15M-26OCT042145-45,0.0110,2.00,yes
2026-10-05T01:42:59.151811Z,KXBTC15M-26OCT042145-45,0.0110,2.00,yes
2026-10-05T01:42:59.151811Z,KXBTC15M-26OCT042145-45,0.0100,2.00,yes
2026-10-05T01:42:59.151811Z,KXBTC15M-26OCT042145-45,0.0130,500.00,yes
2026-10-05T01:42:59.151811Z,KXBTC15M-26OCT042145-45,0.0130,15.00,yes
2026-10-05T01:42:59.151811Z,KXBTC15M-26OCT042145-45,0.0090,1800.00,yes
2026-10-05T01:42:59.151811Z,KXBTC15M-26OCT042145-45,0.0110,15.00,yes
2026-10-05T01:42:59.151811Z,KXBTC15M-26OCT042145-45,0.0100,250.00,yes
2026-10-05T01:42:59.151811Z,KXBTC15M-26OCT042145-45,0.0090,15.00,yes
2026-10-05T01:42:59.151811Z,KXBTC15M-26OCT042145-45,0.0090,319.28,yes
2026-10-05T01:42:59.151811Z,KXBTC15M-26OCT042145-45,0.0090,1800.00,yes
2026-10-05T01:42:59.151811Z,KXBTC15M-26OCT042145-45,0.0090,1800.00,yes
2026-10-05T01:42:59.151811Z,KXBTC15M-26OCT042145-45,0.0150,500.00,yes
2026-10-05T01:42:59.151811Z,KXBTC15M-26OCT042145-45,0.0110,1500.00,yes
2026-10-05T01:42:59.187994Z,KXBTC15M-26OCT042145-45,0.0080,3.15,yes
2026-10-05T01:42:59.300572Z,KXBTC15M-26OCT042145-45,0.0080,0.01,yes
2026-10-05T01:42:59.300572Z,KXBTC15M-26OCT042145-45,0.0080,11.85,yes
2026-10-05T01:42:59.300572Z,KXBTC15M-26OCT042145-45,0.0080,0.01,yes
2026-10-05T01:42:59.300572Z,KXBTC15M-26OCT042145-45,0.0090,11.04,yes
2026-10-05T01:42:59.317681Z,KXBTC15M-26OCT042145-45,0.0080,0.01,yes
2026-10-05T01:42:59.317681Z,KXBTC15M-26OCT042145-45,0.0090,4.32,yes
2026-10-05T01:42:59.317681Z,KXBTC15M-26OCT042145-45,0.0090,6.72,yes
2026-10-05T01:42:59.383738Z,KXBTC15M-26OCT042145-45,0.0070,0.01,no
2026-10-05T01:42:59.383738Z,KXBTC15M-26OCT042145-45,0.0070,15.00,no
2026-10-05T01:42:59.383738Z,KXBTC15M-26OCT042145-45,0.0070,23.33,no
2026-10-05T01:42:59.383738Z,KXBTC15M-26OCT042145-45,0.0070,15.00,no
2026-10-05T01:42:59.490327Z,KXBTC15M-26OCT042145-45,0.0280,100.00,yes
2026-10-05T01:42:59.490327Z,KXBTC15M-26OCT042145-45,0.0200,50.00,yes
2026-10-05T01:42:59.490327Z,KXBTC15M-26OCT042145-45,0.0200,100.00,yes
2026-10-05T01:42:59.490327Z,KXBTC15M-26OCT042145-45,0.0200,15.00,yes
2026-10-05T01:42:59.490327Z,KXBTC15M-26OCT042145-45,0.0200,64.00,yes
2026-10-05T01:42:59.490327Z,KXBTC15M-26OCT042145-45,0.0200,15.00,yes
2026-10-05T01:42:59.490327Z,KXBTC15M-26OCT042145-45,0.0200,0.01,yes
2026-10-05T01:42:59.490327Z,KXBTC15M-26OCT042145-45,0.0190,3.50,yes
2026-10-05T01:42:59.490327Z,KXBTC15M-26OCT042145-45,0.0250,64.00,yes
2026-10-05T01:42:59.490327Z,KXBTC15M-26OCT042145-45,0.0200,64.00,yes
2026-10-05T01:42:59.490327Z,KXBTC15M-26OCT042145-45,0.0180,270.88,yes
2026-10-05T01:42:59.490327Z,KXBTC15M-26OCT042145-45,0.0200,93.75,yes
2026-10-05T01:42:59.490327Z,KXBTC15M-26OCT042145-45,0.0100,1.00,yes
2026-10-05T01:42:59.490327Z,KXBTC15M-26OCT042145-45,0.0180,0.10,yes
2026-10-05T01:42:59.490327Z,KXBTC15M-26OCT042145-45,0.0160,97.00,yes
2026-10-05T01:42:59.490327Z,KXBTC15M-26OCT042145-45,0.0210,10.00,yes
2026-10-05T01:42:59.490327Z,KXBTC15M-26OCT042145-45,0.0150,15.00,yes
2026-10-05T01:42:59.490327Z,KXBTC15M-26OCT042145-45,0.0100,15.00,yes
2026-10-05T01:42:59.490327Z,KXBTC15M-26OCT042145-45,0.0160,2.00,yes
2026-10-05T01:42:59.490327Z,KXBTC15M-26OCT042145-45,0.0160,1.00,yes
2026-10-05T01:42:59.490327Z,KXBTC15M-26OCT042145-45,0.0100,50.00,yes
2026-10-05T01:42:59.490327Z,KXBTC15M-26OCT042145-45,0.0110,200.00,yes
2026-10-05T01:42:59.490327Z,KXBTC15M-26OCT042145-45,0.0090,34.68,yes
2026-10-05T01:42:59.490327Z,KXBTC15M-26OCT042145-45,0.0150,10.00,yes
2026-10-05T01:42:59.490327Z,KXBTC15M-26OCT042145-45,0.0080,0.01,yes
2026-10-05T01:42:59.490327Z,KXBTC15M-26OCT042145-45,0.0110,10.00,yes
2026-10-05T01:42:59.490327Z,KXBTC15M-26OCT042145-45,0.0100,200.00,yes
2026-10-05T01:42:59.490327Z,KXBTC15M-26OCT042145-45,0.0080,0.01,yes
2026-10-05T01:42:59.490327Z,KXBTC15M-26OCT042145-45,0.0140,2.00,yes
2026-10-05T01:42:59.490327Z,KXBTC15M-26OCT042145-45,0.0120,15.00,yes
2026-10-05T01:42:59.490327Z,KXBTC15M-26OCT042145-45,0.0150,2.00,yes
2026-10-05T01:42:59.490327Z,KXBTC15M-26OCT042145-45,0.0150,2.00,yes
2026-10-05T01:42:59.490327Z,KXBTC15M-26OCT042145-45,0.0160,2.00,yes
2026-10-05T01:42:59.490327Z,KXBTC15M-26OCT042145-45,0.0140,10.00,yes
2026-10-05T01:42:59.490327Z,KXBTC15M-26OCT042145-45,0.0080,15.00,yes
2026-10-05T01:42:59.490327Z,KXBTC15M-26OCT042145-45,0.0170,2.00,yes
2026-10-05T01:42:59.490327Z,KXBTC15M-26OCT042145-45,0.0160,150.00,yes
2026-10-05T01:42:59.490327Z,KXBTC15M-26OCT042145-45,0.0280,213.06,yes
2026-10-05T01:42:59.490327Z,KXBTC15M-26OCT042145-45,0.0170,13.00,yes
2026-10-05T01:42:59.490327Z,KXBTC15M-26OCT042145-45,0.0180,500.00,yes
2026-10-05T01:42:59.490327Z,KXBTC15M-26OCT042145-45,0.0100,1.00,yes
2026-10-05T01:42:59.490327Z,KXBTC15M-26OCT042145-45,0.0250,4.00,yes
2026-10-05T01:42:59.490327Z,KXBTC15M-26OCT042145-45,0.0250,10.00,yes
2026-10-05T01:42:59.490327Z,KXBTC15M-26OCT042145-45,0.0270,0.01,yes
2026-10-05T01:42:59.490327Z,KXBTC15M-26OCT042145-45,0.0280,0.01,yes
2026-10-05T01:42:59.490327Z,KXBTC15M-26OCT042145-45,0.0250,0.01,yes
2026-10-05T01:42:59.490327Z,KXBTC15M-26OCT042145-45,0.0260,0.01,yes
2026-10-05T01:42:59.490327Z,KXBTC15M-26OCT042145-45,0.0240,0.01,yes
2026-10-05T01:42:59.490327Z,KXBTC15M-26OCT042145-45,0.0230,0.01,yes
2026-10-05T01:42:59.490327Z,KXBTC15M-26OCT042145-45,0.0210,0.01,yes
2026-10-05T01:42:59.490327Z,KXBTC15M-26OCT042145-45,0.0220,0.01,yes
2026-10-05T01:42:59.490327Z,KXBTC15M-26OCT042145-45,0.0250,15.00,yes
2026-10-05T01:42:59.496679Z,KXBTC15M-26OCT042145-45,0.0240,57.11,no
2026-10-05T01:42:59.506026Z,KXBTC15M-26OCT042145-45,0.0250,210.25,no
2026-10-05T01:42:59.506026Z,KXBTC15M-26OCT042145-45,0.0250,93.75,no
2026-10-05T01:42:59.522778Z,KXBTC15M-26OCT042145-45,0.0250,0.01,no
2026-10-05T01:42:59.522778Z,KXBTC15M-26OCT042145-45,0.0250,1.00,no
2026-10-05T01:42:59.522778Z,KXBTC15M-26OCT042145-45,0.0250,0.01,no
2026-10-05T01:42:59.522778Z,KXBTC15M-26OCT042145-45,0.0240,488.98,no
2026-10-05T01:42:59.522778Z,KXBTC15M-26OCT042145-45,0.0250,10.00,no
2026-10-05T01:42:59.530042Z,KXBTC15M-26OCT042145-45,0.0240,39.00,no
2026-10-05T01:42:59.534239Z,KXBTC15M-26OCT042145-45,0.0240,12.00,no
2026-10-05T01:42:59.542445Z,KXBTC15M-26OCT042145-45,0.0240,500.00,no
2026-10-05T01:42:59.560731Z,KXBTC15M-26OCT042145-45,0.0150,15.00,no
2026-10-05T01:42:59.560731Z,KXBTC15M-26OCT042145-45,0.0100,64.00,no
2026-10-05T01:42:59.560731Z,KXBTC15M-26OCT042145-45,0.0070,15.00,no
2026-10-05T01:42:59.560731Z,KXBTC15M-26OCT042145-45,0.0070,15.00,no
2026-10-05T01:42:59.560731Z,KXBTC15M-26OCT042145-45,0.0190,500.00,no
2026-10-05T01:42:59.560731Z,KXBTC15M-26OCT042145-45,0.0200,11.00,no
2026-10-05T01:42:59.560731Z,KXBTC15M-26OCT042145-45,0.0240,0.01,no
2026-10-05T01:42:59.560731Z,KXBTC15M-26OCT042145-45,0.0100,93.75,no
2026-10-05T01:42:59.560731Z,KXBTC15M-26OCT042145-45,0.0070,117.70,no
2026-10-05T01:42:59.560731Z,KXBTC15M-26OCT042145-45,0.0090,2.00,no
2026-10-05T01:42:59.560731Z,KXBTC15M-26OCT042145-45,0.0080,15.00,no
2026-10-05T01:42:59.560731Z,KXBTC15M-26OCT042145-45,0.0140,500.00,no
2026-10-05T01:42:59.560731Z,KXBTC15M-26OCT042145-45,0.0170,500.00,no
2026-10-05T01:42:59.560731Z,KXBTC15M-26OCT042145-45,0.0100,15.00,no
2026-10-05T01:42:59.560731Z,KXBTC15M-26OCT042145-45,0.0070,500.00,no
2026-10-05T01:42:59.560731Z,KXBTC15M-26OCT042145-45,0.0070,15.00,no
2026-10-05T01:42:59.560731Z,KXBTC15M-26OCT042145-45,0.0100,93.75,no
2026-10-05T01:42:59.560731Z,KXBTC15M-26OCT042145-45,0.0100,64.00,no
2026-10-05T01:42:59.560731Z,KXBTC15M-26OCT042145-45,0.0080,2.00,no
2026-10-05T01:42:59.560731Z,KXBTC15M-26OCT042145-45,0.0080,15.00,no
2026-10-05T01:42:59.560731Z,KXBTC15M-26OCT042145-45,0.0100,2.00,no
2026-10-05T01:42:59.560731Z,KXBTC15M-26OCT042145-45,0.0100,2.00,no
2026-10-05T01:42:59.560731Z,KXBTC15M-26OCT042145-45,0.0120,500.00,no
2026-10-05T01:42:59.560731Z,KXBTC15M-26OCT042145-45,0.0070,15.00,no
2026-10-05T01:42:59.560731Z,KXBTC15M-26OCT042145-45,0.0080,2.00,no
2026-10-05T01:42:59.560731Z,KXBTC15M-26OCT042145-45,0.0060,500.00,no
2026-10-05T01:42:59.560731Z,KXBTC15M-26OCT042145-45,0.0070,15.00,no
2026-10-05T01:42:59.560731Z,KXBTC15M-26OCT042145-45,0.0240,15.00,no
2026-10-05T01:42:59.560731Z,KXBTC15M-26OCT042145-45,0.0240,0.01,no
2026-10-05T01:42:59.560731Z,KXBTC15M-26OCT042145-45,0.0090,500.00,no
2026-10-05T01:42:59.560731Z,KXBTC15M-26OCT042145-45,0.0090,2.00,no
2026-10-05T01:42:59.560731Z,KXBTC15M-26OCT042145-45,0.0100,15.00,no
2026-10-05T01:42:59.560731Z,KXBTC15M-26OCT042145-45,0.0060,0.06,no
2026-10-05T01:42:59.560731Z,KXBTC15M-26OCT042145-45,0.0060,80.00,no
2026-10-05T01:42:59.560731Z,KXBTC15M-26OCT042145-45,0.0060,12.79,no
2026-10-05T01:42:59.560731Z,KXBTC15M-26OCT042145-45,0.0070,33.67,no
2026-10-05T01:42:59.560731Z,KXBTC15M-26OCT042145-45,0.0070,10.00,no
2026-10-05T01:42:59.560731Z,KXBTC15M-26OCT042145-45,0.0070,10.00,no
2026-10-05T01:42:59.560731Z,KXBTC15M-26OCT042145-45,0.0070,10.00,no
2026-10-05T01:42:59.560731Z,KXBTC15M-26OCT042145-45,0.0090,318.26,no
2026-10-05T01:42:59.568035Z,KXBTC15M-26OCT042145-45,0.0050,64.00,no
2026-10-05T01:42:59.568035Z,KXBTC15M-26OCT042145-45,0.0050,15.00,no
2026-10-05T01:42:59.568035Z,KXBTC15M-26OCT042145-45,0.0050,15.89,no
2026-10-05T01:42:59.568035Z,KXBTC15M-26OCT042145-45,0.0050,15.00,no
2026-10-05T01:42:59.568232Z,KXBTC15M-26OCT042145-45,0.0060,63.37,yes
2026-10-05T01:42:59.676309Z,KXBTC15M-26OCT042145-45,0.0060,72.00,yes
2026-10-05T01:42:59.701328Z,KXBTC15M-26OCT042145-45,0.0060,5.00,yes
2026-10-05T01:42:59.769204Z,KXBTC15M-26OCT042145-45,0.0060,36.33,yes
2026-10-05T01:42:59.797496Z,KXBTC15M-26OCT042145-45,0.0060,103.42,yes
2026-10-05T01:42:59.848276Z,KXBTC15M-26OCT042145-45,0.0060,351.00,yes
2026-10-05T01:42:59.852924Z,KXBTC15M-26OCT042145-45,0.0060,188.68,yes
2026-10-05T01:42:59.870815Z,KXBTC15M-26OCT042145-45,0.0050,10.67,no
2026-10-05T01:42:59.870815Z,KXBTC15M-26OCT042145-45,0.0050,0.01,no
2026-10-05T01:42:59.870815Z,KXBTC15M-26OCT042145-45,0.0050,1.11,no
2026-10-05T01:42:59.870815Z,KXBTC15M-26OCT042145-45,0.0050,0.01,no
2026-10-05T01:42:59.88929Z,KXBTC15M-26OCT042145-45,0.0060,9.30,yes
2026-10-05T01:42:59.914991Z,KXBTC15M-26OCT042145-45,0.0060,36.33,yes
2026-10-05T01:42:59.93646Z,KXBTC15M-26OCT042145-45,0.0060,1.00,yes
2026-10-05T01:42:59.93646Z,KXBTC15M-26OCT042145-45,0.0080,15.00,yes
2026-10-05T01:42:59.93646Z,KXBTC15M-26OCT042145-45,0.0100,50.00,yes
2026-10-05T01:42:59.93646Z,KXBTC15M-26OCT042145-45,0.0150,500.00,yes
2026-10-05T01:42:59.93646Z,KXBTC15M-26OCT042145-45,0.0060,320.35,yes
2026-10-05T01:42:59.93646Z,KXBTC15M-26OCT042145-45,0.0160,2.00,yes
2026-10-05T01:42:59.93646Z,KXBTC15M-26OCT042145-45,0.0250,100.00,yes
2026-10-05T01:42:59.93646Z,KXBTC15M-26OCT042145-45,0.0200,93.75,yes
2026-10-05T01:42:59.93646Z,KXBTC15M-26OCT042145-45,0.0210,500.00,yes
2026-10-05T01:42:59.93646Z,KXBTC15M-26OCT042145-45,0.0250,1.00,yes
2026-10-05T01:42:59.93646Z,KXBTC15M-26OCT042145-45,0.0160,150.00,yes
2026-10-05T01:42:59.93646Z,KXBTC15M-26OCT042145-45,0.0090,500.00,yes
2026-10-05T01:42:59.93646Z,KXBTC15M-26OCT042145-45,0.0090,10.00,yes
2026-10-05T01:42:59.93646Z,KXBTC15M-26OCT042145-45,0.0190,500.00,yes
2026-10-05T01:42:59.93646Z,KXBTC15M-26OCT042145-45,0.0150,2.00,yes
2026-10-05T01:42:59.93646Z,KXBTC15M-26OCT042145-45,0.0160,2.00,yes
2026-10-05T01:42:59.93646Z,KXBTC15M-26OCT042145-45,0.0060,0.01,yes
2026-10-05T01:42:59.93646Z,KXBTC15M-26OCT042145-45,0.0250,55.27,yes
2026-10-05T01:42:59.93646Z,KXBTC15M-26OCT042145-45,0.0110,10.00,yes
2026-10-05T01:42:59.93646Z,KXBTC15M-26OCT042145-45,0.0070,200.00,yes
2026-10-05T01:42:59.93646Z,KXBTC15M-26OCT042145-45,0.0170,2.00,yes
2026-10-05T01:42:59.93646Z,KXBTC15M-26OCT042145-45,0.0070,50.00,yes
2026-10-05T01:42:59.93646Z,KXBTC15M-26OCT042145-45,0.0160,500.00,yes
2026-10-05T01:42:59.93646Z,KXBTC15M-26OCT042145-45,0.0200,93.75,yes
2026-10-05T01:42:59.93646Z,KXBTC15M-26OCT042145-45,0.0150,1.00,yes
2026-10-05T01:42:59.93646Z,KXBTC15M-26OCT042145-45,0.0070,17.76,yes
2026-10-05T01:42:59.93646Z,KXBTC15M-26OCT042145-45,0.0150,2.00,yes
2026-10-05T01:42:59.93646Z,KXBTC15M-26OCT042145-45,0.0120,15.00,yes
2026-10-05T01:42:59.93646Z,KXBTC15M-26OCT042145-45,0.0060,15.00,yes
2026-10-05T01:42:59.93646Z,KXBTC15M-26OCT042145-45,0.0100,6.00,yes
2026-10-05T01:42:59.93646Z,KXBTC15M-26OCT042145-45,0.0120,10.00,yes
2026-10-05T01:42:59.93646Z,KXBTC15M-26OCT042145-45,0.0100,15.00,yes
2026-10-05T01:42:59.93646Z,KXBTC15M-26OCT042145-45,0.0170,500.00,yes
2026-10-05T01:42:59.93646Z,KXBTC15M-26OCT042145-45,0.0110,500.00,yes
2026-10-05T01:42:59.93646Z,KXBTC15M-26OCT042145-45,0.0210,228.53,yes
2026-10-05T01:42:59.93646Z,KXBTC15M-26OCT042145-45,0.0060,8.57,yes
2026-10-05T01:42:59.93646Z,KXBTC15M-26OCT042145-45,0.0140,13.00,yes
2026-10-05T01:42:59.93646Z,KXBTC15M-26OCT042145-45,0.0200,50.00,yes
2026-10-05T01:42:59.93646Z,KXBTC15M-26OCT042145-45,0.0070,1500.00,yes
2026-10-05T01:42:59.93646Z,KXBTC15M-26OCT042145-45,0.0070,1000.00,yes
2026-10-05T01:42:59.93646Z,KXBTC15M-26OCT042145-45,0.0060,0.01,yes
2026-10-05T01:42:59.93646Z,KXBTC15M-26OCT042145-45,0.0200,15.00,yes
2026-10-05T01:42:59.93646Z,KXBTC15M-26OCT042145-45,0.0090,51.00,yes
2026-10-05T01:42:59.93646Z,KXBTC15M-26OCT042145-45,0.0140,2.00,yes
2026-10-05T01:42:59.93646Z,KXBTC15M-26OCT042145-45,0.0200,15.00,yes
2026-10-05T01:42:59.960206Z,KXBTC15M-26OCT042145-45,0.0190,0.75,yes
2026-10-05T01:42:59.967059Z,KXBTC15M-26OCT042145-45,0.0130,10.00,no
2026-10-05T01:42:59.974895Z,KXBTC15M-26OCT042145-45,0.0140,0.25,no
2026-10-05T01:43:00.016199Z,KXBTC15M-26OCT042145-45,0.0140,0.01,no
2026-10-05T01:43:00.016199Z,KXBTC15M-26OCT042145-45,0.0130,39.98,no
2026-10-05T01:43:00.016199Z,KXBTC15M-26OCT042145-45,0.0140,0.01,no
2026-10-05T01:43:00.0333Z,KXBTC15M-26OCT042145-45,0.0150,0.01,yes
2026-10-05T01:43:00.0333Z,KXBTC15M-26OCT042145-45,0.0150,15.00,yes
2026-10-05T01:43:00.0333Z,KXBTC15M-26OCT042145-45,0.0150,21.31,yes
2026-10-05T01:43:00.0333Z,KXBTC15M-26OCT042145-45,0.0150,0.01,yes
2026-10-05T01:43:00.035368Z,KXBTC15M-26OCT042145-45,0.0150,6.16,yes
2026-10-05T01:43:00.050009Z,KXBTC15M-26OCT042145-45,0.0130,1.00,no
2026-10-05T01:43:00.059057Z,KXBTC15M-26OCT042145-45,0.0140,1.17,yes
2026-10-05T01:43:00.110383Z,KXBTC15M-26OCT042145-45,0.0140,4.37,yes
2026-10-05T01:43:00.157184Z,KXBTC15M-26OCT042145-45,0.0110,15.00,no
2026-10-05T01:43:00.157184Z,KXBTC15M-26OCT042145-45,0.0130,1.00,no
2026-10-05T01:43:00.157184Z,KXBTC15M-26OCT042145-45,0.0110,17.00,no
2026-10-05T01:43:00.157184Z,KXBTC15M-26OCT042145-45,0.0090,814.00,no
2026-10-05T01:43:00.157184Z,KXBTC15M-26OCT042145-45,0.0100,50.00,no
2026-10-05T01:43:00.157184Z,KXBTC15M-26OCT042145-45,0.0100,64.00,no
2026-10-05T01:43:00.157184Z,KXBTC15M-26OCT042145-45,0.0130,0.01,no
2026-10-05T01:43:00.157184Z,KXBTC15M-26OCT042145-45,0.0100,2.00,no
2026-10-05T01:43:00.157184Z,KXBTC15M-26OCT042145-45,0.0100,2.00,no
2026-10-05T01:43:00.157184Z,KXBTC15M-26OCT042145-45,0.0090,2.00,no
2026-10-05T01:43:00.157184Z,KXBTC15M-26OCT042145-45,0.0100,64.00,no
2026-10-05T01:43:00.157184Z,KXBTC15M-26OCT042145-45,0.0130,0.01,no
2026-10-05T01:43:00.157184Z,KXBTC15M-26OCT042145-45,0.0100,500.00,no
2026-10-05T01:43:00.157184Z,KXBTC15M-26OCT042145-45,0.0130,449.02,no
2026-10-05T01:43:00.157184Z,KXBTC15M-26OCT042145-45,0.0090,2.00,no
2026-10-05T01:43:00.163901Z,KXBTC15M-26OCT042145-45,0.0080,2.00,no
2026-10-05T01:43:00.163901Z,KXBTC15M-26OCT042145-45,0.0080,0.33,no
2026-10-05T01:43:00.163901Z,KXBTC15M-26OCT042145-45,0.0080,500.00,no
2026-10-05T01:43:00.167103Z,KXBTC15M-26OCT042145-45,0.0090,50.00,yes
2026-10-05T01:43:00.201154Z,KXBTC15M-26OCT042145-45,0.0080,0.01,no
2026-10-05T01:43:00.201154Z,KXBTC15M-26OCT042145-45,0.0080,0.01,no
2026-10-05T01:43:00.201154Z,KXBTC15M-26OCT042145-45,0.0070,9.53,no
2026-10-05T01:43:00.201154Z,KXBTC15M-26OCT042145-45,0.0070,305.06,no
2026-10-05T01:43:00.26821Z,KXBTC15M-26OCT042145-45,0.0070,0.01,no
2026-10-05T01:43:00.26821Z,KXBTC15M-26OCT042145-45,0.0080,0.01,no
2026-10-05T01:43:00.26821Z,KXBTC15M-26OCT042145-45,0.0080,0.01,no
2026-10-05T01:43:00.26821Z,KXBTC15M-26OCT042145-45,0.0070,0.01,no
2026-10-05T01:43:00.26821Z,KXBTC15M-26OCT042145-45,0.0070,2.00,no
2026-10-05T01:43:00.26821Z,KXBTC15M-26OCT042145-45,0.0060,0.77,no
2026-10-05T01:43:00.289848Z,KXBTC15M-26OCT042145-45,0.0100,200.00,yes
2026-10-05T01:43:00.289848Z,KXBTC15M-26OCT042145-45,0.0090,15.00,yes
2026-10-05T01:43:00.289848Z,KXBTC15M-26OCT042145-45,0.0090,0.01,yes
2026-10-05T01:43:00.289848Z,KXBTC15M-26OCT042145-45,0.0100,16.27,yes
2026-10-05T01:43:00.289848Z,KXBTC15M-26OCT042145-45,0.0100,64.00,yes
2026-10-05T01:43:00.289848Z,KXBTC15M-26OCT042145-45,0.0090,40.00,yes
2026-10-05T01:43:00.289848Z,KXBTC15M-26OCT042145-45,0.0100,10.00,yes
2026-10-05T01:43:00.289848Z,KXBTC15M-26OCT042145-45,0.0090,500.00,yes
2026-10-05T01:43:00.289848Z,KXBTC15M-26OCT042145-45,0.0100,15.00,yes
2026-10-05T01:43:00.289848Z,KXBTC15M-26OCT042145-45,0.0090,10.00,yes
2026-10-05T01:43:00.289848Z,KXBTC15M-26OCT042145-45,0.0090,0.01,yes
2026-10-05T01:43:00.289848Z,KXBTC15M-26OCT042145-45,0.0090,3967.96,yes
2026-10-05T01:43:00.289848Z,KXBTC15M-26OCT042145-45,0.0100,93.75,yes
2026-10-05T01:43:00.289848Z,KXBTC15M-26OCT042145-45,0.0110,138.00,yes
2026-10-05T01:43:00.30979Z,KXBTC15M-26OCT042145-45,0.0100,0.01,yes
2026-10-05T01:43:00.30979Z,KXBTC15M-26OCT042145-45,0.0110,0.01,yes
2026-10-05T01:43:00.30979Z,KXBTC15M-26OCT042145-45,0.0110,123.71,yes
2026-10-05T01:43:00.30979Z,KXBTC15M-26OCT042145-45,0.0100,1.00,yes
2026-10-05T01:43:00.346433Z,KXBTC15M-26OCT042145-45,0.0080,79.99,no
2026-10-05T01:43:00.346433Z,KXBTC15M-26OCT042145-45,0.0080,0.01,no
2026-10-05T01:43:00.346746Z,KXBTC15M-26OCT042145-45,0.0080,80.00,no
2026-10-05T01:43:00.350981Z,KXBTC15M-26OCT042145-45,0.0080,32.00,no
2026-10-05T01:43:00.35601Z,KXBTC15M-26OCT042145-45,0.0080,62.99,no
2026-10-05T01:43:00.35601Z,KXBTC15M-26OCT042145-45,0.0080,17.00,no
2026-10-05T01:43:00.35601Z,KXBTC15M-26OCT042145-45,0.0080,0.01,no
2026-10-05T01:43:00.366408Z,KXBTC15M-26OCT042145-45,0.0080,80.00,no
2026-10-05T01:43:00.369101Z,KXBTC15M-26OCT042145-45,0.0080,15.00,no
2026-10-05T01:43:00.369101Z,KXBTC15M-26OCT042145-45,0.0080,0.01,no
2026-10-05T01:43:00.369101Z,KXBTC15M-26OCT042145-45,0.0080,357.01,no
2026-10-05T01:43:00.369101Z,KXBTC15M-26OCT042145-45,0.0080,0.01,no
2026-10-05T01:43:00.401007Z,KXBTC15M-26OCT042145-45,0.0080,0.01,no
2026-10-05T01:43:00.401007Z,KXBTC15M-26OCT042145-45,0.0080,0.01,no
2026-10-05T01:43:00.406685Z,KXBTC15M-26OCT042145-45,0.0070,0.01,no
2026-10-05T01:43:00.406685Z,KXBTC15M-26OCT042145-45,0.0070,15.00,no
2026-10-05T01:43:00.406685Z,KXBTC15M-26OCT042145-45,0.0070,0.01,no
2026-10-05T01:43:00.406685Z,KXBTC15M-26OCT042145-45,0.0060,22.48,no
2026-10-05T01:43:00.436943Z,KXBTC15M-26OCT042145-45,0.0080,31.18,yes
2026-10-05T01:43:00.460674Z,KXBTC15M-26OCT042145-45,0.0070,100.00,no
2026-10-05T01:43:00.460674Z,KXBTC15M-26OCT042145-45,0.0070,15.00,no
2026-10-05T01:43:00.460674Z,KXBTC15M-26OCT042145-45,0.0070,0.01,no
2026-10-05T01:43:00.460674Z,KXBTC15M-26OCT042145-45,0.0070,400.00,no
2026-10-05T01:43:00.460674Z,KXBTC15M-26OCT042145-45,0.0070,0.01,no
2026-10-05T01:43:00.467435Z,KXBTC15M-26OCT042145-45,0.0080,36.33,yes
2026-10-05T01:43:00.484843Z,KXBTC15M-26OCT042145-45,0.0070,0.01,no
2026-10-05T01:43:00.484843Z,KXBTC15M-26OCT042145-45,0.0070,15.00,no
2026-10-05T01:43:00.484843Z,KXBTC15M-26OCT042145-45,0.0070,84.98,no
2026-10-05T01:43:00.484843Z,KXBTC15M-26OCT042145-45,0.0070,0.01,no
2026-10-05T01:43:00.506549Z,KXBTC15M-26OCT042145-45,0.0070,400.00,no
2026-10-05T01:43:00.506549Z,KXBTC15M-26OCT042145-45,0.0070,0.01,no
2026-10-05T01:43:00.506549Z,KXBTC15M-26OCT042145-45,0.0070,0.01,no
2026-10-05T01:43:00.506549Z,KXBTC15M-26OCT042145-45,0.0070,100.00,no
2026-10-05T01:43:00.546499Z,KXBTC15M-26OCT042145-45,0.0070,15.00,yes
2026-10-05T01:43:00.546499Z,KXBTC15M-26OCT042145-45,0.0080,12.47,yes
2026-10-05T01:43:00.546499Z,KXBTC15M-26OCT042145-45,0.0080,8.86,yes
2026-10-05T01:43:00.552893Z,KXBTC15M-26OCT042145-45,0.0060,78.49,no
2026-10-05T01:43:00.580347Z,KXBTC15M-26OCT042145-45,0.0060,3.95,no
2026-10-05T01:43:00.589096Z,KXBTC15M-26OCT042145-45,0.0060,0.01,no
2026-10-05T01:43:00.589096Z,KXBTC15M-26OCT042145-45,0.0060,0.01,no
2026-10-05T01:43:00.589096Z,KXBTC15M-26OCT042145-45,0.0060,2.00,no
2026-10-05T01:43:00.589096Z,KXBTC15M-26OCT042145-45,0.0060,95.60,no
2026-10-05T01:43:00.589096Z,KXBTC15M-26OCT042145-45,0.0060,15.00,no
2026-10-05T01:43:00.589096Z,KXBTC15M-26OCT042145-45,0.0060,76.00,no
2026-10-05T01:43:00.589096Z,KXBTC15M-26OCT042145-45,0.0060,394.31,no
2026-10-05T01:43:00.589096Z,KXBTC15M-26OCT042145-45,0.0060,15.00,no
2026-10-05T01:43:00.589096Z,KXBTC15M-26OCT042145-45,0.0060,15.00,no
2026-10-05T01:43:00.603051Z,KXBTC15M-26OCT042145-45,0.0060,20.00,no
2026-10-05T01:43:00.603051Z,KXBTC15M-26OCT042145-45,0.0060,80.00,no
2026-10-05T01:43:00.613146Z,KXBTC15M-26OCT042145-45,0.0070,0.01,yes
2026-10-05T01:43:00.613146Z,KXBTC15M-26OCT042145-45,0.0070,0.01,yes
2026-10-05T01:43:00.613146Z,KXBTC15M-26OCT042145-45,0.0070,7.24,yes
2026-10-05T01:43:00.641486Z,KXBTC15M-26OCT042145-45,0.0070,7.76,yes
2026-10-05T01:43:00.641486Z,KXBTC15M-26OCT042145-45,0.0070,125.87,yes
2026-10-05T01:43:00.687196Z,KXBTC15M-26OCT042145-45,0.0070,15.00,yes
2026-10-05T01:43:00.688699Z,KXBTC15M-26OCT042145-45,0.0070,36.33,yes
2026-10-05T01:43:00.714286Z,KXBTC15M-26OCT042145-45,0.0070,58.38,yes
2026-10-05T01:43:00.732547Z,KXBTC15M-26OCT042145-45,0.0070,0.81,yes
2026-10-05T01:43:00.732547Z,KXBTC15M-26OCT042145-45,0.0070,76.42,yes
2026-10-05T01:43:00.755027Z,KXBTC15M-26OCT042145-45,0.0080,59.14,yes
2026-10-05T01:43:00.755027Z,KXBTC15M-26OCT042145-45,0.0070,0.01,yes
2026-10-05T01:43:00.755027Z,KXBTC15M-26OCT042145-45,0.0130,2.00,yes
2026-10-05T01:43:00.755027Z,KXBTC15M-26OCT042145-45,0.0070,0.01,yes
2026-10-05T01:43:00.755027Z,KXBTC15M-26OCT042145-45,0.0080,200.00,yes
2026-10-05T01:43:00.755027Z,KXBTC15M-26OCT042145-45,0.0100,64.00,yes
2026-10-05T01:43:00.755027Z,KXBTC15M-26OCT042145-45,0.0100,15.00,yes
2026-10-05T01:43:00.755027Z,KXBTC15M-26OCT042145-45,0.0100,35.52,yes
2026-10-05T01:43:00.755027Z,KXBTC15M-26OCT042145-45,0.0150,15.00,yes
2026-10-05T01:43:00.755027Z,KXBTC15M-26OCT042145-45,0.0100,93.75,yes
2026-10-05T01:43:00.755027Z,KXBTC15M-26OCT042145-45,0.0150,64.00,yes
2026-10-05T01:43:00.755027Z,KXBTC15M-26OCT042145-45,0.0080,80.00,yes
2026-10-05T01:43:00.755027Z,KXBTC15M-26OCT042145-45,0.0160,5.59,yes
2026-10-05T01:43:00.755027Z,KXBTC15M-26OCT042145-45,0.0130,15.00,yes
2026-10-05T01:43:00.755027Z,KXBTC15M-26OCT042145-45,0.0080,7.62,yes
2026-10-05T01:43:00.755027Z,KXBTC15M-26OCT042145-45,0.0070,200.00,yes
2026-10-05T01:43:00.755027Z,KXBTC15M-26OCT042145-45,0.0150,10.00,yes
2026-10-05T01:43:00.755027Z,KXBTC15M-26OCT042145-45,0.0150,2.00,yes
2026-10-05T01:43:00.755027Z,KXBTC15M-26OCT042145-45,0.0070,500.00,yes
2026-10-05T01:43:00.755027Z,KXBTC15M-26OCT042145-45,0.0070,295.00,yes
2026-10-05T01:43:00.755027Z,KXBTC15M-26OCT042145-45,0.0150,93.75,yes
2026-10-05T01:43:00.755027Z,KXBTC15M-26OCT042145-45,0.0070,335.00,yes
2026-10-05T01:43:00.755027Z,KXBTC15M-26OCT042145-45,0.0070,168.00,yes
2026-10-05T01:43:00.755027Z,KXBTC15M-26OCT042145-45,0.0100,93.75,yes
2026-10-05T01:43:00.755027Z,KXBTC15M-26OCT042145-45,0.0140,10.00,yes
2026-10-05T01:43:00.755027Z,KXBTC15M-26OCT042145-45,0.0090,52.00,yes
2026-10-05T01:43:00.755027Z,KXBTC15M-26OCT042145-45,0.0140,2.00,yes
2026-10-05T01:43:00.755027Z,KXBTC15M-26OCT042145-45,0.0150,64.00,yes
2026-10-05T01:43:00.755027Z,KXBTC15M-26OCT042145-45,0.0130,15.00,yes
2026-10-05T01:43:00.755027Z,KXBTC15M-26OCT042145-45,0.0110,10.00,yes
2026-10-05T01:43:00.755027Z,KXBTC15M-26OCT042145-45,0.0150,2.00,yes
2026-10-05T01:43:00.755027Z,KXBTC15M-26OCT042145-45,0.0100,64.00,yes
2026-10-05T01:43:00.755027Z,KXBTC15M-26OCT042145-45,0.0070,15.00,yes
2026-10-05T01:43:00.755027Z,KXBTC15M-26OCT042145-45,0.0070,727.19,yes
2026-10-05T01:43:00.755027Z,KXBTC15M-26OCT042145-45,0.0140,2.00,yes
2026-10-05T01:43:00.755027Z,KXBTC15M-26OCT042145-45,0.0090,247.73,yes
2026-10-05T01:43:00.755027Z,KXBTC15M-26OCT042145-45,0.0140,1.00,yes
2026-10-05T01:43:00.755027Z,KXBTC15M-26OCT042145-45,0.0080,246.94,yes
2026-10-05T01:43:00.766545Z,KXBTC15M-26OCT042145-45,0.0080,7.00,no
2026-10-05T01:43:00.782354Z,KXBTC15M-26OCT042145-45,0.0080,182.75,no
2026-10-05T01:43:00.782354Z,KXBTC15M-26OCT042145-45,0.0090,0.01,no
2026-10-05T01:43:00.782354Z,KXBTC15M-26OCT042145-45,0.0090,18.00,no
2026-10-05T01:43:00.782354Z,KXBTC15M-26OCT042145-45,0.0090,2.00,no
2026-10-05T01:43:00.7897Z,KXBTC15M-26OCT042145-45,0.0080,781.99,no
2026-10-05T01:43:00.7897Z,KXBTC15M-26OCT042145-45,0.0090,0.01,no
2026-10-05T01:43:00.7897Z,KXBTC15M-26OCT042145-45,0.0090,18.00,no
2026-10-05T01:43:00.822011Z,KXBTC15M-26OCT042145-45,0.0100,77.61,yes
2026-10-05T01:43:00.822011Z,KXBTC15M-26OCT042145-45,0.0100,15.00,yes
2026-10-05T01:43:00.829678Z,KXBTC15M-26OCT042145-45,0.0100,36.33,yes
2026-10-05T01:43:00.834867Z,KXBTC15M-26OCT042145-45,0.0080,2.00,no
2026-10-05T01:43:00.834867Z,KXBTC15M-26OCT042145-45,0.0090,15.00,no
2026-10-05T01:43:00.834867Z,KXBTC15M-26OCT042145-45,0.0090,15.00,no
2026-10-05T01:43:00.840446Z,KXBTC15M-26OCT042145-45,0.0080,0.01,no
2026-10-05T01:43:00.851068Z,KXBTC15M-26OCT042145-45,0.0070,100.00,no
2026-10-05T01:43:00.865031Z,KXBTC15M-26OCT042145-45,0.0090,77.23,yes
2026-10-05T01:43:00.86837Z,KXBTC15M-26OCT042145-45,0.0070,1.50,no
2026-10-05T01:43:00.876588Z,KXBTC15M-26OCT042145-45,0.0070,15.00,no
2026-10-05T01:43:00.876588Z,KXBTC15M-26OCT042145-45,0.0070,2.00,no
2026-10-05T01:43:00.876588Z,KXBTC15M-26OCT042145-45,0.0070,0.01,no
2026-10-05T01:43:00.876588Z,KXBTC15M-26OCT042145-45,0.0070,0.01,no
2026-10-05T01:43:00.876588Z,KXBTC15M-26OCT042145-45,0.0070,2.00,no
2026-10-05T01:43:00.876588Z,KXBTC15M-26OCT042145-45,0.0070,75.48,no
2026-10-05T01:43:00.876588Z,KXBTC15M-26OCT042145-45,0.0070,48.50,no
2026-10-05T01:43:00.907624Z,KXBTC15M-26OCT042145-45,0.0090,36.16,yes
2026-10-05T01:43:00.907624Z,KXBTC15M-26OCT042145-45,0.0090,0.01,yes
2026-10-05T01:43:00.907624Z,KXBTC15M-26OCT042145-45,0.0090,17.00,yes
2026-10-05T01:43:00.907624Z,KXBTC15M-26OCT042145-45,0.0090,100.00,yes
2026-10-05T01:43:00.907624Z,KXBTC15M-26OCT042145-45,0.0090,8.77,yes
2026-10-05T01:43:00.907624Z,KXBTC15M-26OCT042145-45,0.0090,15.00,yes
2026-10-05T01:43:00.907624Z,KXBTC15M-26OCT042145-45,0.0090,0.01,yes
2026-10-05T01:43:00.935953Z,KXBTC15M-26OCT042145-45,0.0080,10.00,yes
2026-10-05T01:43:00.935953Z,KXBTC15M-26OCT042145-45,0.0080,5.00,yes
2026-10-05T01:43:00.945121Z,KXBTC15M-26OCT042145-45,0.0080,0.01,yes
2026-10-05T01:43:00.945121Z,KXBTC15M-26OCT042145-45,0.0080,15.00,yes
2026-10-05T01:43:00.945121Z,KXBTC15M-26OCT042145-45,0.0080,57.98,yes
2026-10-05T01:43:00.945121Z,KXBTC15M-26OCT042145-45,0.0080,0.01,yes
2026-10-05T01:43:01.052303Z,KXBTC15M-26OCT042145-45,0.0070,0.10,no
2026-10-05T01:43:01.064589Z,KXBTC15M-26OCT042145-45,0.0070,25.14,no
2026-10-05T01:43:01.092201Z,KXBTC15M-26OCT042145-45,0.0080,30.48,yes
2026-10-05T01:43:01.092201Z,KXBTC15M-26OCT042145-45,0.0090,48.00,yes
2026-10-05T01:43:01.092201Z,KXBTC15M-26OCT042145-45,0.0080,100.00,yes
2026-10-05T01:43:01.092201Z,KXBTC15M-26OCT042145-45,0.0090,17.00,yes
2026-10-05T01:43:01.092201Z,KXBTC15M-26OCT042145-45,0.0080,0.01,yes
2026-10-05T01:43:01.092201Z,KXBTC15M-26OCT042145-45,0.0080,400.00,yes
2026-10-05T01:43:01.092201Z,KXBTC15M-26OCT042145-45,0.0080,142.02,yes
2026-10-05T01:43:01.092201Z,KXBTC15M-26OCT042145-45,0.0100,872.48,yes
2026-10-05T01:43:01.092201Z,KXBTC15M-26OCT042145-45,0.0090,200.00,yes
2026-10-05T01:43:01.092201Z,KXBTC15M-26OCT042145-45,0.0090,1140.00,yes
2026-10-05T01:43:01.092201Z,KXBTC15M-26OCT042145-45,0.0080,0.01,yes
2026-10-05T01:43:01.092201Z,KXBTC15M-26OCT042145-45,0.0080,15.00,yes
2026-10-05T01:43:01.154555Z,KXBTC15M-26OCT042145-45,0.0070,5.00,no
2026-10-05T01:43:01.276446Z,KXBTC15M-26OCT042145-45,0.0070,341.07,no
2026-10-05T01:43:01.292478Z,KXBTC15M-26OCT042145-45,0.0080,6.86,yes
2026-10-05T01:43:01.292478Z,KXBTC15M-26OCT042145-45,0.0080,10.00,yes
2026-10-05T01:43:01.292478Z,KXBTC15M-26OCT042145-45,0.0080,100.00,yes
2026-10-05T01:43:01.292478Z,KXBTC15M-26OCT042145-45,0.0080,0.01,yes
2026-10-05T01:43:01.292478Z,KXBTC15M-26OCT042145-45,0.0080,0.01,yes
2026-10-05T01:43:01.314967Z,KXBTC15M-26OCT042145-45,0.0080,8.14,yes
2026-10-05T01:43:01.314967Z,KXBTC15M-26OCT042145-45,0.0080,108.74,yes
2026-10-05T01:43:01.317917Z,KXBTC15M-26OCT042145-45,0.0080,6.09,yes
2026-10-05T01:43:01.317917Z,KXBTC15M-26OCT042145-45,0.0080,291.26,yes
2026-10-05T01:43:01.380363Z,KXBTC15M-26OCT042145-45,0.0070,0.01,no
2026-10-05T01:43:01.380363Z,KXBTC15M-26OCT042145-45,0.0070,43.56,no
2026-10-05T01:43:01.380363Z,KXBTC15M-26OCT042145-45,0.0070,76.21,no
2026-10-05T01:43:01.400803Z,KXBTC15M-26OCT042145-45,0.0070,2.01,no
2026-10-05T01:43:01.460745Z,KXBTC15M-26OCT042145-45,0.0070,16.00,no
2026-10-05T01:43:01.497078Z,KXBTC15M-26OCT042145-45,0.0100,15.00,yes
2026-10-05T01:43:01.497078Z,KXBTC15M-26OCT042145-45,0.0080,400.00,yes
2026-10-05T01:43:01.497078Z,KXBTC15M-26OCT042145-45,0.0080,93.91,yes
2026-10-05T01:43:01.497078Z,KXBTC15M-26OCT042145-45,0.0090,200.00,yes
2026-10-05T01:43:01.497078Z,KXBTC15M-26OCT042145-45,0.0100,64.00,yes
2026-10-05T01:43:01.497078Z,KXBTC15M-26OCT042145-45,0.0100,200.00,yes
2026-10-05T01:43:01.497078Z,KXBTC15M-26OCT042145-45,0.0080,0.01,yes
2026-10-05T01:43:01.497078Z,KXBTC15M-26OCT042145-45,0.0100,2.00,yes
2026-10-05T01:43:01.497078Z,KXBTC15M-26OCT042145-45,0.0080,10.00,yes
2026-10-05T01:43:01.497078Z,KXBTC15M-26OCT042145-45,0.0080,0.01,yes
2026-10-05T01:43:01.497078Z,KXBTC15M-26OCT042145-45,0.0080,71.08,yes
2026-10-05T01:43:01.497078Z,KXBTC15M-26OCT042145-45,0.0110,341.99,yes
2026-10-05T01:43:01.497078Z,KXBTC15M-26OCT042145-45,0.0090,35.00,yes
2026-10-05T01:43:01.497078Z,KXBTC15M-26OCT042145-45,0.0100,1.00,yes
2026-10-05T01:43:01.502613Z,KXBTC15M-26OCT042145-45,0.0070,15.00,no
2026-10-05T01:43:01.502613Z,KXBTC15M-26OCT042145-45,0.0070,9.56,no
2026-10-05T01:43:01.502613Z,KXBTC15M-26OCT042145-45,0.0070,500.00,no
2026-10-05T01:43:01.502613Z,KXBTC15M-26OCT042145-45,0.0070,0.01,no
2026-10-05T01:43:01.502613Z,KXBTC15M-26OCT042145-45,0.0070,460.43,no
2026-10-05T01:43:01.502613Z,KXBTC15M-26OCT042145-45,0.0070,15.00,no
2026-10-05T01:43:01.573566Z,KXBTC15M-26OCT042145-45,0.0070,35.40,no
2026-10-05T01:43:01.573566Z,KXBTC15M-26OCT042145-45,0.0070,15.00,no
2026-10-05T01:43:01.573566Z,KXBTC15M-26OCT042145-45,0.0070,0.01,no
2026-10-05T01:43:01.573566Z,KXBTC15M-26OCT042145-45,0.0070,15.00,no
2026-10-05T01:43:01.573566Z,KXBTC15M-26OCT042145-45,0.0070,0.01,no
2026-10-05T01:43:01.602236Z,KXBTC15M-26OCT042145-45,0.0070,0.01,no
2026-10-05T01:43:01.602236Z,KXBTC15M-26OCT042145-45,0.0060,200.00,no
2026-10-05T01:43:01.602236Z,KXBTC15M-26OCT042145-45,0.0070,500.00,no
2026-10-05T01:43:01.602236Z,KXBTC15M-26OCT042145-45,0.0070,0.01,no
2026-10-05T01:43:01.602236Z,KXBTC15M-26OCT042145-45,0.0070,464.60,no
2026-10-05T01:43:01.602236Z,KXBTC15M-26OCT042145-45,0.0070,200.00,no
2026-10-05T01:43:01.602236Z,KXBTC15M-26OCT042145-45,0.0060,15.00,no
2026-10-05T01:43:01.602236Z,KXBTC15M-26OCT042145-45,0.0060,15.00,no
2026-10-05T01:43:01.602236Z,KXBTC15M-26OCT042145-45,0.0050,2.00,no
2026-10-05T01:43:01.602236Z,KXBTC15M-26OCT042145-45,0.0060,2.00,no
2026-10-05T01:43:01.602236Z,KXBTC15M-26OCT042145-45,0.0050,2.00,no
2026-10-05T01:43:01.602236Z,KXBTC15M-26OCT042145-45,0.0060,84.00,no
2026-10-05T01:43:01.602236Z,KXBTC15M-26OCT042145-45,0.0060,15.00,no
2026-10-05T01:43:01.602236Z,KXBTC15M-26OCT042145-45,0.0040,485.32,no
2026-10-05T01:43:01.602236Z,KXBTC15M-26OCT042145-45,0.0050,15.00,no
2026-10-05T01:43:01.602236Z,KXBTC15M-26OCT042145-45,0.0050,3.78,no
2026-10-05T01:43:01.629363Z,KXBTC15M-26OCT042145-45,0.0080,0.01,yes
2026-10-05T01:43:01.629363Z,KXBTC15M-26OCT042145-45,0.0080,0.01,yes
2026-10-05T01:43:01.629363Z,KXBTC15M-26OCT042145-45,0.0080,2.27,yes
2026-10-05T01:43:01.75509Z,KXBTC15M-26OCT042145-45,0.0070,0.01,no
2026-10-05T01:43:01.75509Z,KXBTC15M-26OCT042145-45,0.0070,4.02,no
2026-10-05T01:43:01.75509Z,KXBTC15M-26OCT042145-45,0.0070,0.01,no
2026-10-05T01:43:01.762587Z,KXBTC15M-26OCT042145-45,0.0070,0.01,no
2026-10-05T01:43:01.762587Z,KXBTC15M-26OCT042145-45,0.0070,10.98,no
2026-10-05T01:43:01.762587Z,KXBTC15M-26OCT042145-45,0.0070,0.01,no
2026-10-05T01:43:01.782205Z,KXBTC15M-26OCT042145-45,0.0070,145.55,yes
2026-10-05T01:43:01.782205Z,KXBTC15M-26OCT042145-45,0.0070,436.09,yes
2026-10-05T01:43:01.786463Z,KXBTC15M-26OCT042145-45,0.0070,0.01,yes
2026-10-05T01:43:01.786463Z,KXBTC15M-26OCT042145-45,0.0070,400.00,yes
2026-10-05T01:43:01.786463Z,KXBTC15M-26OCT042145-45,0.0070,130.07,yes
2026-10-05T01:43:01.786463Z,KXBTC15M-26OCT042145-45,0.0070,63.91,yes
2026-10-05T01:43:01.786463Z,KXBTC15M-26OCT042145-45,0.0070,10.00,yes
2026-10-05T01:43:01.786463Z,KXBTC15M-26OCT042145-45,0.0070,0.01,yes
2026-10-05T01:43:01.786463Z,KXBTC15M-26OCT042145-45,0.0070,500.00,yes
2026-10-05T01:43:01.786463Z,KXBTC15M-26OCT042145-45,0.0070,100.00,yes
2026-10-05T01:43:01.875347Z,KXBTC15M-26OCT042145-45,0.0060,20.66,no
2026-10-05T01:43:01.900012Z,KXBTC15M-26OCT042145-45,0.0070,20.18,yes
2026-10-05T01:43:01.900012Z,KXBTC15M-26OCT042145-45,0.0070,0.01,yes
2026-10-05T01:43:01.900012Z,KXBTC15M-26OCT042145-45,0.0070,0.01,yes
2026-10-05T01:43:01.911917Z,KXBTC15M-26OCT042145-45,0.0070,37.06,yes
2026-10-05T01:43:01.911917Z,KXBTC15M-26OCT042145-45,0.0070,79.82,yes
2026-10-05T01:43:01.917568Z,KXBTC15M-26OCT042145-45,0.0060,0.01,no
2026-10-05T01:43:01.917568Z,KXBTC15M-26OCT042145-45,0.0060,20.00,no
2026-10-05T01:43:01.917568Z,KXBTC15M-26OCT042145-45,0.0060,473.18,no
2026-10-05T01:43:01.917568Z,KXBTC15M-26OCT042145-45,0.0060,0.01,no
2026-10-05T01:43:01.921738Z,KXBTC15M-26OCT042145-45,0.0060,6.00,no
2026-10-05T01:43:01.928345Z,KXBTC15M-26OCT042145-45,0.0070,15.00,yes
2026-10-05T01:43:01.948764Z,KXBTC15M-26OCT042145-45,0.0070,116.88,yes
2026-10-05T01:43:01.969497Z,KXBTC15M-26OCT042145-45,0.0060,4.82,no
2026-10-05T01:43:01.969709Z,KXBTC15M-26OCT042145-45,0.0060,100.65,no
2026-10-05T01:43:01.972797Z,KXBTC15M-26OCT042145-45,0.0070,0.03,yes
2026-10-05T01:43:01.972797Z,KXBTC15M-26OCT042145-45,0.0070,0.01,yes
2026-10-05T01:43:01.972797Z,KXBTC15M-26OCT042145-45,0.0070,1.83,yes
2026-10-05T01:43:01.972797Z,KXBTC15M-26OCT042145-45,0.0070,0.01,yes
2026-10-05T01:43:01.972797Z,KXBTC15M-26OCT042145-45,0.0070,100.00,yes
2026-10-05T01:43:01.972797Z,KXBTC15M-26OCT042145-45,0.0070,15.00,yes
2026-10-05T01:43:02.042425Z,KXBTC15M-26OCT042145-45,0.0070,29.20,yes
2026-10-05T01:43:02.042425Z,KXBTC15M-26OCT042145-45,0.0070,0.01,yes
2026-10-05T01:43:02.042425Z,KXBTC15M-26OCT042145-45,0.0070,0.01,yes
2026-10-05T01:43:02.053151Z,KXBTC15M-26OCT042145-45,0.0070,15.00,yes
2026-10-05T01:43:02.053151Z,KXBTC15M-26OCT042145-45,0.0070,70.80,yes
2026-10-05T01:43:02.053151Z,KXBTC15M-26OCT042145-45,0.0070,400.00,yes
2026-10-05T01:43:02.053151Z,KXBTC15M-26OCT042145-45,0.0070,0.01,yes
2026-10-05T01:43:02.053151Z,KXBTC15M-26OCT042145-45,0.0070,0.01,yes
2026-10-05T01:43:02.053151Z,KXBTC15M-26OCT042145-45,0.0080,15.00,yes
2026-10-05T01:43:02.053151Z,KXBTC15M-26OCT042145-45,0.0080,200.00,yes
2026-10-05T01:43:02.053151Z,KXBTC15M-26OCT042145-45,0.0080,950.15,yes
2026-10-05T01:43:02.053151Z,KXBTC15M-26OCT042145-45,0.0080,0.03,yes
2026-10-05T01:43:02.131388Z,KXBTC15M-26OCT042145-45,0.0080,1.86,yes
2026-10-05T01:43:02.131388Z,KXBTC15M-26OCT042145-45,0.0070,0.01,yes
2026-10-05T01:43:02.131388Z,KXBTC15M-26OCT042145-45,0.0070,100.00,yes
2026-10-05T01:43:02.131388Z,KXBTC15M-26OCT042145-45,0.0070,15.00,yes
2026-10-05T01:43:02.131388Z,KXBTC15M-26OCT042145-45,0.0070,0.01,yes
2026-10-05T01:43:02.219671Z,KXBTC15M-26OCT042145-45,0.0060,5.00,no
2026-10-05T01:43:02.294477Z,KXBTC15M-26OCT042145-45,0.0070,0.01,yes
2026-10-05T01:43:02.294477Z,KXBTC15M-26OCT042145-45,0.0070,59.78,yes
2026-10-05T01:43:02.294477Z,KXBTC15M-26OCT042145-45,0.0070,15.00,yes
2026-10-05T01:43:02.294477Z,KXBTC15M-26OCT042145-45,0.0070,0.01,yes
2026-10-05T01:43:02.318136Z,KXBTC15M-26OCT042145-45,0.0070,76.66,yes
2026-10-05T01:43:02.318136Z,KXBTC15M-26OCT042145-45,0.0070,40.22,yes
2026-10-05T01:43:02.32586Z,KXBTC15M-26OCT042145-45,0.0060,2.00,no
2026-10-05T01:43:02.335111Z,KXBTC15M-26OCT042145-45,0.0070,256.46,yes
2026-10-05T01:43:02.464649Z,KXBTC15M-26OCT042145-45,0.0060,47.32,no
2026-10-05T01:43:02.479915Z,KXBTC15M-26OCT042145-45,0.0070,66.88,yes
2026-10-05T01:43:02.479915Z,KXBTC15M-26OCT042145-45,0.0070,15.00,yes
2026-10-05T01:43:02.479915Z,KXBTC15M-26OCT042145-45,0.0070,0.01,yes
2026-10-05T01:43:02.479915Z,KXBTC15M-26OCT042145-45,0.0070,25.77,yes
2026-10-05T01:43:02.479915Z,KXBTC15M-26OCT042145-45,0.0070,0.01,yes
2026-10-05T01:43:02.559817Z,KXBTC15M-26OCT042145-45,0.0060,15.00,no
2026-10-05T01:43:02.559817Z,KXBTC15M-26OCT042145-45,0.0060,15.00,no
2026-10-05T01:43:02.559817Z,KXBTC15M-26OCT042145-45,0.0060,500.00,no
2026-10-05T01:43:02.559817Z,KXBTC15M-26OCT042145-45,0.0060,139.19,no
2026-10-05T01:43:02.559817Z,KXBTC15M-26OCT042145-45,0.0060,15.00,no
2026-10-05T01:43:02.559817Z,KXBTC15M-26OCT042145-45,0.0060,500.00,no
2026-10-05T01:43:02.559817Z,KXBTC15M-26OCT042145-45,0.0060,15.00,no
2026-10-05T01:43:02.559817Z,KXBTC15M-26OCT042145-45,0.0060,581.03,no
2026-10-05T01:43:02.559817Z,KXBTC15M-26OCT042145-45,0.0060,0.01,no
2026-10-05T01:43:02.559817Z,KXBTC15M-26OCT042145-45,0.0060,615.00,no
2026-10-05T01:43:02.559817Z,KXBTC15M-26OCT042145-45,0.0060,0.01,no
2026-10-05T01:43:02.580521Z,KXBTC15M-26OCT042145-45,0.0070,0.01,yes
2026-10-05T01:43:02.580521Z,KXBTC15M-26OCT042145-45,0.0070,115.88,yes
2026-10-05T01:43:02.580521Z,KXBTC15M-26OCT042145-45,0.0070,0.01,yes
2026-10-05T01:43:02.580521Z,KXBTC15M-26OCT042145-45,0.0070,15.00,yes
2026-10-05T01:43:02.671665Z,KXBTC15M-26OCT042145-45,0.0070,15.00,yes
2026-10-05T01:43:02.671665Z,KXBTC15M-26OCT042145-45,0.0070,34.09,yes
2026-10-05T01:43:02.671665Z,KXBTC15M-26OCT042145-45,0.0070,0.01,yes
2026-10-05T01:43:02.671665Z,KXBTC15M-26OCT042145-45,0.0070,15.00,yes
2026-10-05T01:43:02.671665Z,KXBTC15M-26OCT042145-45,0.0070,0.01,yes
2026-10-05T01:43:02.727262Z,KXBTC15M-26OCT042145-45,0.0070,0.01,yes
2026-10-05T01:43:02.727262Z,KXBTC15M-26OCT042145-45,0.0090,364.00,yes
2026-10-05T01:43:02.727262Z,KXBTC15M-26OCT042145-45,0.0080,0.01,yes
2026-10-05T01:43:02.727262Z,KXBTC15M-26OCT042145-45,0.0080,200.00,yes
2026-10-05T01:43:02.727262Z,KXBTC15M-26OCT042145-45,0.0090,0.04,yes
2026-10-05T01:43:02.727262Z,KXBTC15M-26OCT042145-45,0.0090,191.92,yes
2026-10-05T01:43:02.727262Z,KXBTC15M-26OCT042145-45,0.0080,0.01,yes
2026-10-05T01:43:02.727262Z,KXBTC15M-26OCT042145-45,0.0070,0.01,yes
2026-10-05T01:43:02.727262Z,KXBTC15M-26OCT042145-45,0.0090,49.00,yes
2026-10-05T01:43:02.727262Z,KXBTC15M-26OCT042145-45,0.0080,500.00,yes
2026-10-05T01:43:02.907807Z,KXBTC15M-26OCT042145-45,0.0070,15.00,yes
2026-10-05T01:43:02.907807Z,KXBTC15M-26OCT042145-45,0.0090,15.00,yes
2026-10-05T01:43:02.907807Z,KXBTC15M-26OCT042145-45,0.0090,28.49,yes
2026-10-05T01:43:02.907807Z,KXBTC15M-26OCT042145-45,0.0070,0.01,yes
2026-10-05T01:43:02.907807Z,KXBTC15M-26OCT042145-45,0.0070,0.01,yes
2026-10-05T01:43:02.907807Z,KXBTC15M-26OCT042145-45,0.0090,36.00,yes
2026-10-05T01:43:02.93599Z,KXBTC15M-26OCT042145-45,0.0070,0.01,yes
2026-10-05T01:43:02.93599Z,KXBTC15M-26OCT042145-45,0.0070,0.01,yes
2026-10-05T01:43:02.974185Z,KXBTC15M-26OCT042145-45,0.0070,0.01,yes
2026-10-05T01:43:02.974185Z,KXBTC15M-26OCT042145-45,0.0080,4.62,yes
2026-10-05T01:43:02.974185Z,KXBTC15M-26OCT042145-45,0.0070,0.01,yes
2026-10-05T01:43:02.974185Z,KXBTC15M-26OCT042145-45,0.0070,15.00,yes
2026-10-05T01:43:03.014229Z,KXBTC15M-26OCT042145-45,0.0070,15.00,yes
2026-10-05T01:43:03.014229Z,KXBTC15M-26OCT042145-45,0.0070,0.01,yes
2026-10-05T01:43:03.014229Z,KXBTC15M-26OCT042145-45,0.0080,93.98,yes
2026-10-05T01:43:03.014229Z,KXBTC15M-26OCT042145-45,0.0070,0.01,yes
2026-10-05T01:43:03.030301Z,KXBTC15M-26OCT042145-45,0.0060,15.00,no
2026-10-05T01:43:03.030301Z,KXBTC15M-26OCT042145-45,0.0060,15.00,no
2026-10-05T01:43:03.030301Z,KXBTC15M-26OCT042145-45,0.0060,0.01,no
2026-10-05T01:43:03.030301Z,KXBTC15M-26OCT042145-45,0.0060,15.00,no
2026-10-05T01:43:03.030301Z,KXBTC15M-26OCT042145-45,0.0060,15.00,no
2026-10-05T01:43:03.030301Z,KXBTC15M-26OCT042145-45,0.0060,15.00,no
2026-10-05T01:43:03.030301Z,KXBTC15M-26OCT042145-45,0.0060,20.00,no
2026-10-05T01:43:03.030301Z,KXBTC15M-26OCT042145-45,0.0060,1220.00,no
2026-10-05T01:43:03.030301Z,KXBTC15M-26OCT042145-45,0.0060,15.00,no
2026-10-05T01:43:03.030301Z,KXBTC15M-26OCT042145-45,0.0060,0.01,no
2026-10-05T01:43:03.030301Z,KXBTC15M-26OCT042145-45,0.0060,15.00,no
2026-10-05T01:43:03.030301Z,KXBTC15M-26OCT042145-45,0.0050,99.85,no
2026-10-05T01:43:03.030301Z,KXBTC15M-26OCT042145-45,0.0060,500.00,no
2026-10-05T01:43:03.030301Z,KXBTC15M-26OCT042145-45,0.0060,62.00,no
2026-10-05T01:43:03.054369Z,KXBTC15M-26OCT042145-45,0.0070,532.00,yes
2026-10-05T01:43:03.054369Z,KXBTC15M-26OCT042145-45,0.0070,0.01,yes
2026-10-05T01:43:03.054369Z,KXBTC15M-26OCT042145-45,0.0070,0.01,yes
2026-10-05T01:43:03.054369Z,KXBTC15M-26OCT042145-45,0.0070,200.00,yes
2026-10-05T01:43:03.054369Z,KXBTC15M-26OCT042145-45,0.0080,96.13,yes
2026-10-05T01:43:03.054369Z,KXBTC15M-26OCT042145-45,0.0070,179.85,yes
2026-10-05T01:43:03.06261Z,KXBTC15M-26OCT042145-45,0.0070,0.01,yes
2026-10-05T01:43:03.06261Z,KXBTC15M-26OCT042145-45,0.0070,78.53,yes
2026-10-05T01:43:03.096268Z,KXBTC15M-26OCT042145-45,0.0060,0.01,no
2026-10-05T01:43:03.096268Z,KXBTC15M-26OCT042145-45,0.0050,0.01,no
2026-10-05T01:43:03.096268Z,KXBTC15M-26OCT042145-45,0.0050,22.00,no
2026-10-05T01:43:03.096268Z,KXBTC15M-26OCT042145-45,0.0050,0.01,no
2026-10-05T01:43:03.096268Z,KXBTC15M-26OCT042145-45,0.0060,0.01,no
2026-10-05T01:43:03.096268Z,KXBTC15M-26OCT042145-45,0.0040,138.46,no
2026-10-05T01:43:03.096268Z,KXBTC15M-26OCT042145-45,0.0040,6.00,no
2026-10-05T01:43:03.096268Z,KXBTC15M-26OCT042145-45,0.0040,2.00,no
2026-10-05T01:43:03.096268Z,KXBTC15M-26OCT042145-45,0.0040,10.00,no
2026-10-05T01:43:03.096268Z,KXBTC15M-26OCT042145-45,0.0040,14.68,no
2026-10-05T01:43:03.096268Z,KXBTC15M-26OCT042145-45,0.0040,10.00,no
2026-10-05T01:43:03.114728Z,KXBTC15M-26OCT042145-45,0.0050,200.00,no
2026-10-05T01:43:03.128845Z,KXBTC15M-26OCT042145-45,0.0050,200.00,no
2026-10-05T01:43:03.146325Z,KXBTC15M-26OCT042145-45,0.0050,100.00,no
2026-10-05T01:43:03.146325Z,KXBTC15M-26OCT042145-45,0.0050,0.01,no
2026-10-05T01:43:03.146325Z,KXBTC15M-26OCT042145-45,0.0050,0.01,no
2026-10-05T01:43:03.146325Z,KXBTC15M-26OCT042145-45,0.0050,99.98,no
2026-10-05T01:43:03.15024Z,KXBTC15M-26OCT042145-45,0.0070,0.01,yes
2026-10-05T01:43:03.15024Z,KXBTC15M-26OCT042145-45,0.0070,261.79,yes
2026-10-05T01:43:03.166014Z,KXBTC15M-26OCT042145-45,0.0060,1.00,no
2026-10-05T01:43:03.186435Z,KXBTC15M-26OCT042145-45,0.0070,39.96,yes
2026-10-05T01:43:03.205233Z,KXBTC15M-26OCT042145-45,0.0070,130.90,yes
2026-10-05T01:43:03.21048Z,KXBTC15M-26OCT042145-45,0.0070,101.55,yes
2026-10-05T01:43:03.253264Z,KXBTC15M-26OCT042145-45,0.0060,14.00,no
2026-10-05T01:43:03.253264Z,KXBTC15M-26OCT042145-45,0.0050,21.96,no
2026-10-05T01:43:03.253264Z,KXBTC15M-26OCT042145-45,0.0060,0.01,no
2026-10-05T01:43:03.253264Z,KXBTC15M-26OCT042145-45,0.0060,0.01,no
2026-10-05T01:43:03.272289Z,KXBTC15M-26OCT042145-45,0.0070,3.15,yes
2026-10-05T01:43:03.359504Z,KXBTC15M-26OCT042145-45,0.0070,850.65,yes
2026-10-05T01:43:03.359504Z,KXBTC15M-26OCT042145-45,0.0070,200.00,yes
2026-10-05T01:43:03.359504Z,KXBTC15M-26OCT042145-45,0.0070,280.12,yes
2026-10-05T01:43:03.359504Z,KXBTC15M-26OCT042145-45,0.0070,0.01,yes
2026-10-05T01:43:03.359504Z,KXBTC15M-26OCT042145-45,0.0070,0.01,yes
2026-10-05T01:43:03.359504Z,KXBTC15M-26OCT042145-45,0.0070,15.00,yes
2026-10-05T01:43:03.359504Z,KXBTC15M-26OCT042145-45,0.0070,15.00,yes
2026-10-05T01:43:03.38046Z,KXBTC15M-26OCT042145-45,0.0070,15.00,yes
2026-10-05T01:43:03.38046Z,KXBTC15M-26OCT042145-45,0.0070,0.01,yes
2026-10-05T01:43:03.38046Z,KXBTC15M-26OCT042145-45,0.0070,0.01,yes
2026-10-05T01:43:03.38046Z,KXBTC15M-26OCT042145-45,0.0080,3.49,yes
2026-10-05T01:43:03.422159Z,KXBTC15M-26OCT042145-45,0.0070,15.00,yes
2026-10-05T01:43:03.422159Z,KXBTC15M-26OCT042145-45,0.0070,0.01,yes
2026-10-05T01:43:03.422159Z,KXBTC15M-26OCT042145-45,0.0080,0.01,yes
2026-10-05T01:43:03.422159Z,KXBTC15M-26OCT042145-45,0.0070,265.00,yes
2026-10-05T01:43:03.422159Z,KXBTC15M-26OCT042145-45,0.0080,1027.88,yes
2026-10-05T01:43:03.422159Z,KXBTC15M-26OCT042145-45,0.0080,0.01,yes
2026-10-05T01:43:03.422159Z,KXBTC15M-26OCT042145-45,0.0070,0.01,yes
2026-10-05T01:43:03.425501Z,KXBTC15M-26OCT042145-45,0.0070,115.74,yes
2026-10-05T01:43:03.463387Z,KXBTC15M-26OCT042145-45,0.0070,0.01,yes
2026-10-05T01:43:03.463387Z,KXBTC15M-26OCT042145-45,0.0070,15.00,yes
2026-10-05T01:43:03.463387Z,KXBTC15M-26OCT042145-45,0.0080,784.98,yes
2026-10-05T01:43:03.463387Z,KXBTC15M-26OCT042145-45,0.0070,0.01,yes
2026-10-05T01:43:03.463387Z,KXBTC15M-26OCT042145-45,0.0070,17.00,yes
2026-10-05T01:43:03.489158Z,KXBTC15M-26OCT042145-45,0.0060,0.01,no
2026-10-05T01:43:03.489158Z,KXBTC15M-26OCT042145-45,0.0060,0.01,no
2026-10-05T01:43:03.489158Z,KXBTC15M-26OCT042145-45,0.0060,15.00,no
2026-10-05T01:43:03.489158Z,KXBTC15M-26OCT042145-45,0.0060,610.00,no
2026-10-05T01:43:03.489158Z,KXBTC15M-26OCT042145-45,0.0060,15.00,no
2026-10-05T01:43:03.489158Z,KXBTC15M-26OCT042145-45,0.0060,200.00,no
2026-10-05T01:43:03.489158Z,KXBTC15M-26OCT042145-45,0.0060,500.00,no
2026-10-05T01:43:03.489158Z,KXBTC15M-26OCT042145-45,0.0060,251.49,no
2026-10-05T01:43:03.489158Z,KXBTC15M-26OCT042145-45,0.0060,285.65,no
2026-10-05T01:43:03.489158Z,KXBTC15M-26OCT042145-45,0.0060,610.00,no
2026-10-05T01:43:03.489158Z,KXBTC15M-26OCT042145-45,0.0060,15.00,no
2026-10-05T01:43:03.489158Z,KXBTC15M-26OCT042145-45,0.0060,15.00,no
2026-10-05T01:43:03.548261Z,KXBTC15M-26OCT042145-45,0.0070,15.00,yes
2026-10-05T01:43:03.548261Z,KXBTC15M-26OCT042145-45,0.0070,0.01,yes
2026-10-05T01:43:03.548261Z,KXBTC15M-26OCT042145-45,0.0070,0.01,yes
2026-10-05T01:43:03.548261Z,KXBTC15M-26OCT042145-45,0.0070,17.00,yes
2026-10-05T01:43:03.548261Z,KXBTC15M-26OCT042145-45,0.0070,36.96,yes
2026-10-05T01:43:03.641271Z,KXBTC15M-26OCT042145-45,0.0050,82.04,no
2026-10-05T01:43:03.641271Z,KXBTC15M-26OCT042145-45,0.0060,0.01,no
2026-10-05T01:43:03.641271Z,KXBTC15M-26OCT042145-45,0.0060,0.01,no
2026-10-05T01:43:03.641271Z,KXBTC15M-26OCT042145-45,0.0050,576.41,no
2026-10-05T01:43:03.641271Z,KXBTC15M-26OCT042145-45,0.0060,15.00,no
2026-10-05T01:43:03.668584Z,KXBTC15M-26OCT042145-45,0.0060,15.00,yes
2026-10-05T01:43:03.668584Z,KXBTC15M-26OCT042145-45,0.0070,0.01,yes
2026-10-05T01:43:03.668584Z,KXBTC15M-26OCT042145-45,0.0070,17.00,yes
2026-10-05T01:43:03.668584Z,KXBTC15M-26OCT042145-45,0.0070,397.60,yes
2026-10-05T01:43:03.668584Z,KXBTC15M-26OCT042145-45,0.0070,200.00,yes
2026-10-05T01:43:03.668584Z,KXBTC15M-26OCT042145-45,0.0070,15.00,yes
2026-10-05T01:43:03.668584Z,KXBTC15M-26OCT042145-45,0.0070,0.01,yes
2026-10-05T01:43:03.668584Z,KXBTC15M-26OCT042145-45,0.0070,219.38,yes
2026-10-05T01:43:03.787665Z,KXBTC15M-26OCT042145-45,0.0070,0.01,yes
2026-10-05T01:43:03.787665Z,KXBTC15M-26OCT042145-45,0.0080,624.98,yes
2026-10-05T01:43:03.787665Z,KXBTC15M-26OCT042145-45,0.0070,0.01,yes
2026-10-05T01:43:03.787665Z,KXBTC15M-26OCT042145-45,0.0070,17.00,yes
2026-10-05T01:43:03.839237Z,KXBTC15M-26OCT042145-45,0.0060,0.01,no
2026-10-05T01:43:03.839237Z,KXBTC15M-26OCT042145-45,0.0060,15.00,no
2026-10-05T01:43:03.839237Z,KXBTC15M-26OCT042145-45,0.0060,0.01,no
2026-10-05T01:43:03.839237Z,KXBTC15M-26OCT042145-45,0.0060,150.00,no
2026-10-05T01:43:03.847642Z,KXBTC15M-26OCT042145-45,0.0060,15.00,no
2026-10-05T01:43:03.940699Z,KXBTC15M-26OCT042145-45,0.0070,1.00,no
2026-10-05T01:43:03.951461Z,KXBTC15M-26OCT042145-45,0.0070,0.01,no
2026-10-05T01:43:03.951461Z,KXBTC15M-26OCT042145-45,0.0070,13.98,no
2026-10-05T01:43:03.951461Z,KXBTC15M-26OCT042145-45,0.0070,0.01,no
2026-10-05T01:43:04.004564Z,KXBTC15M-26OCT042145-45,0.0070,19.16,yes
2026-10-05T01:43:04.039491Z,KXBTC15M-26OCT042145-45,0.0060,0.01,no
2026-10-05T01:43:04.039491Z,KXBTC15M-26OCT042145-45,0.0060,0.01,no
2026-10-05T01:43:04.136727Z,KXBTC15M-26OCT042145-45,0.0060,203.60,yes
2026-10-05T01:43:04.151058Z,KXBTC15M-26OCT042145-45,0.0050,304.96,no
2026-10-05T01:43:04.151058Z,KXBTC15M-26OCT042145-45,0.0050,0.01,no
2026-10-05T01:43:04.151058Z,KXBTC15M-26OCT042145-45,0.0050,0.01,no
2026-10-05T01:43:04.151058Z,KXBTC15M-26OCT042145-45,0.0050,100.00,no
2026-10-05T01:43:04.151058Z,KXBTC15M-26OCT042145-45,0.0050,15.00,no
2026-10-05T01:43:04.151058Z,KXBTC15M-26OCT042145-45,0.0050,15.00,no
2026-10-05T01:43:04.238484Z,KXBTC15M-26OCT042145-45,0.0060,504.00,yes
2026-10-05T01:43:04.293309Z,KXBTC15M-26OCT042145-45,0.0060,133.58,yes
2026-10-05T01:43:04.308208Z,KXBTC15M-26OCT042145-45,0.0060,2.16,yes
2026-10-05T01:43:04.37757Z,KXBTC15M-26OCT042145-45,0.0060,10.00,yes
2026-10-05T01:43:04.503105Z,KXBTC15M-26OCT042145-45,0.0050,1.00,no
2026-10-05T01:43:04.554561Z,KXBTC15M-26OCT042145-45,0.0060,422.00,yes
2026-10-05T01:43:04.571973Z,KXBTC15M-26OCT042145-45,0.0060,118.71,yes
2026-10-05T01:43:04.601828Z,KXBTC15M-26OCT042145-45,0.0060,311.64,yes
2026-10-05T01:43:04.609606Z,KXBTC15M-26OCT042145-45,0.0060,3203.38,yes
2026-10-05T01:43:04.612353Z,KXBTC15M-26OCT042145-45,0.0060,235.59,yes
2026-10-05T01:43:04.850735Z,KXBTC15M-26OCT042145-45,0.0060,152.71,yes
2026-10-05T01:43:04.855674Z,KXBTC15M-26OCT042145-45,0.0060,152.71,yes
2026-10-05T01:43:04.881094Z,KXBTC15M-26OCT042145-45,0.0060,77.91,yes
2026-10-05T01:43:04.935798Z,KXBTC15M-26OCT042145-45,0.0060,763.54,yes
2026-10-05T01:43:05.02009Z,KXBTC15M-26OCT042145-45,0.0060,372.00,yes
2026-10-05T01:43:05.037853Z,KXBTC15M-26OCT042145-45,0.0060,763.54,yes
2026-10-05T01:43:05.043186Z,KXBTC15M-26OCT042145-45,0.0050,17.34,no
2026-10-05T01:43:05.043186Z,KXBTC15M-26OCT042145-45,0.0050,0.01,no
2026-10-05T01:43:05.043186Z,KXBTC15M-26OCT042145-45,0.0050,0.01,no
2026-10-05T01:43:05.092513Z,KXBTC15M-26OCT042145-45,0.0050,0.01,no
2026-10-05T01:43:05.092513Z,KXBTC15M-26OCT042145-45,0.0050,0.01,no
2026-10-05T01:43:05.121374Z,KXBTC15M-26OCT042145-45,0.0040,10.00,no
2026-10-05T01:43:05.121374Z,KXBTC15M-26OCT042145-45,0.0040,10.00,no
2026-10-05T01:43:05.121374Z,KXBTC15M-26OCT042145-45,0.0040,109.00,no
2026-10-05T01:43:05.121374Z,KXBTC15M-26OCT042145-45,0.0040,20.00,no
2026-10-05T01:43:05.121374Z,KXBTC15M-26OCT042145-45,0.0040,40.99,no
2026-10-05T01:43:05.121374Z,KXBTC15M-26OCT042145-45,0.0040,0.01,no
2026-10-05T01:43:05.121374Z,KXBTC15M-26OCT042145-45,0.0040,10.00,no
2026-10-05T01:43:05.13536Z,KXBTC15M-26OCT042145-45,0.0040,59.00,no
2026-10-05T01:43:05.273608Z,KXBTC15M-26OCT042145-45,0.0040,9.83,no
2026-10-05T01:43:05.278188Z,KXBTC15M-26OCT042145-45,0.0050,308.00,yes
2026-10-05T01:43:05.28637Z,KXBTC15M-26OCT042145-45,0.0040,303.28,no
2026-10-05T01:43:05.28637Z,KXBTC15M-26OCT042145-45,0.0040,90.18,no
2026-10-05T01:43:05.406288Z,KXBTC15M-26OCT042145-45,0.0050,39.60,yes
2026-10-05T01:43:05.408023Z,KXBTC15M-26OCT042145-45,0.0050,36.01,yes
2026-10-05T01:43:05.410509Z,KXBTC15M-26OCT042145-45,0.0050,186.97,yes
2026-10-05T01:43:05.442498Z,KXBTC15M-26OCT042145-45,0.0050,5.25,yes
2026-10-05T01:43:05.443761Z,KXBTC15M-26OCT042145-45,0.0050,311.64,yes
2026-10-05T01:43:05.493209Z,KXBTC15M-26OCT042145-45,0.0050,102.40,yes
2026-10-05T01:43:05.493209Z,KXBTC15M-26OCT042145-45,0.0050,500.00,yes
2026-10-05T01:43:05.493209Z,KXBTC15M-26OCT042145-45,0.0050,0.01,yes
2026-10-05T01:43:05.493209Z,KXBTC15M-26OCT042145-45,0.0050,200.00,yes
2026-10-05T01:43:05.493209Z,KXBTC15M-26OCT042145-45,0.0050,12641.51,yes
2026-10-05T01:43:05.493209Z,KXBTC15M-26OCT042145-45,0.0050,15.00,yes
2026-10-05T01:43:05.493209Z,KXBTC15M-26OCT042145-45,0.0050,0.01,yes
2026-10-05T01:43:05.493209Z,KXBTC15M-26OCT042145-45,0.0050,15.00,yes
2026-10-05T01:43:05.493209Z,KXBTC15M-26OCT042145-45,0.0060,1582.11,yes
2026-10-05T01:43:05.559204Z,KXBTC15M-26OCT042145-45,0.0060,3.03,yes
2026-10-05T01:43:05.574925Z,KXBTC15M-26OCT042145-45,0.0050,306.24,no
2026-10-05T01:43:05.574925Z,KXBTC15M-26OCT042145-45,0.0050,150.00,no
2026-10-05T01:43:05.574925Z,KXBTC15M-26OCT042145-45,0.0050,0.01,no
2026-10-05T01:43:05.574925Z,KXBTC15M-26OCT042145-45,0.0050,2.83,no
2026-10-05T01:43:05.624308Z,KXBTC15M-26OCT042145-45,0.0060,15.00,yes
2026-10-05T01:43:05.624308Z,KXBTC15M-26OCT042145-45,0.0060,1297.77,yes
2026-10-05T01:43:05.624308Z,KXBTC15M-26OCT042145-45,0.0060,1024.59,yes
2026-10-05T01:43:05.684736Z,KXBTC15M-26OCT042145-45,0.0050,0.01,no
2026-10-05T01:43:05.684736Z,KXBTC15M-26OCT042145-45,0.0050,22.00,no
2026-10-05T01:43:05.684736Z,KXBTC15M-26OCT042145-45,0.0050,10.49,no
2026-10-05T01:43:05.684736Z,KXBTC15M-26OCT042145-45,0.0050,0.01,no
2026-10-05T01:43:05.697935Z,KXBTC15M-26OCT042145-45,0.0050,16.64,no
2026-10-05T01:43:05.713376Z,KXBTC15M-26OCT042145-45,0.0050,200.00,no
2026-10-05T01:43:05.713376Z,KXBTC15M-26OCT042145-45,0.0040,10.00,no
2026-10-05T01:43:05.713376Z,KXBTC15M-26OCT042145-45,0.0040,15.00,no
2026-10-05T01:43:05.713376Z,KXBTC15M-26OCT042145-45,0.0050,0.01,no
2026-10-05T01:43:05.713376Z,KXBTC15M-26OCT042145-45,0.0040,10.00,no
2026-10-05T01:43:05.713376Z,KXBTC15M-26OCT042145-45,0.0040,10.00,no
2026-10-05T01:43:05.713376Z,KXBTC15M-26OCT042145-45,0.0040,131.62,no
2026-10-05T01:43:05.713376Z,KXBTC15M-26OCT042145-45,0.0050,0.01,no
2026-10-05T01:43:05.713376Z,KXBTC15M-26OCT042145-45,0.0050,236.31,no
2026-10-05T01:43:05.713376Z,KXBTC15M-26OCT042145-45,0.0040,15.00,no
2026-10-05T01:43:05.731185Z,KXBTC15M-26OCT042145-45,0.0040,177.99,no
2026-10-05T01:43:05.731185Z,KXBTC15M-26OCT042145-45,0.0050,0.01,no
2026-10-05T01:43:05.731185Z,KXBTC15M-26OCT042145-45,0.0050,22.00,no
2026-10-05T01:43:05.744401Z,KXBTC15M-26OCT042145-45,0.0050,0.01,no
2026-10-05T01:43:05.744401Z,KXBTC15M-26OCT042145-45,0.0050,22.00,no
2026-10-05T01:43:05.744401Z,KXBTC15M-26OCT042145-45,0.0050,0.01,no
2026-10-05T01:43:05.744401Z,KXBTC15M-26OCT042145-45,0.0040,177.98,no
2026-10-05T01:43:05.757557Z,KXBTC15M-26OCT042145-45,0.0040,199.98,no
2026-10-05T01:43:05.757557Z,KXBTC15M-26OCT042145-45,0.0050,0.01,no
2026-10-05T01:43:05.757557Z,KXBTC15M-26OCT042145-45,0.0050,0.01,no
2026-10-05T01:43:05.800788Z,KXBTC15M-26OCT042145-45,0.0040,0.01,no
2026-10-05T01:43:05.800788Z,KXBTC15M-26OCT042145-45,0.0040,500.00,no
2026-10-05T01:43:05.800788Z,KXBTC15M-26OCT042145-45,0.0040,46.41,no
2026-10-05T01:43:05.800788Z,KXBTC15M-26OCT042145-45,0.0040,0.01,no
2026-10-05T01:43:05.801866Z,KXBTC15M-26OCT042145-45,0.0050,8.41,yes
2026-10-05T01:43:05.818319Z,KXBTC15M-26OCT042145-45,0.0040,200.00,no
2026-10-05T01:43:05.945263Z,KXBTC15M-26OCT042145-45,0.0050,0.01,yes
2026-10-05T01:43:05.945263Z,KXBTC15M-26OCT042145-45,0.0050,15.00,yes
2026-10-05T01:43:05.945263Z,KXBTC15M-26OCT042145-45,0.0050,112.00,yes
2026-10-05T01:43:05.945263Z,KXBTC15M-26OCT042145-45,0.0050,0.01,yes
2026-10-05T01:43:05.945263Z,KXBTC15M-26OCT042145-45,0.0050,6.59,yes
2026-10-05T01:43:05.945263Z,KXBTC15M-26OCT042145-45,0.0060,48.70,yes
2026-10-05T01:43:05.960018Z,KXBTC15M-26OCT042145-45,0.0050,48.07,no
2026-10-05T01:43:05.996219Z,KXBTC15M-26OCT042145-45,0.0060,226.29,yes
2026-10-05T01:43:05.996219Z,KXBTC15M-26OCT042145-45,0.0060,22.71,yes
2026-10-05T01:43:05.996219Z,KXBTC15M-26OCT042145-45,0.0060,15.00,yes
2026-10-05T01:43:06.051388Z,KXBTC15M-26OCT042145-45,0.0050,101.93,no
2026-10-05T01:43:06.051388Z,KXBTC15M-26OCT042145-45,0.0050,98.98,no
2026-10-05T01:43:06.051388Z,KXBTC15M-26OCT042145-45,0.0050,0.01,no
2026-10-05T01:43:06.051388Z,KXBTC15M-26OCT042145-45,0.0050,0.01,no
2026-10-05T01:43:06.224376Z,KXBTC15M-26OCT042145-45,0.0060,689.83,yes
2026-10-05T01:43:06.224376Z,KXBTC15M-26OCT042145-45,0.0060,73.71,yes
2026-10-05T01:43:06.253302Z,KXBTC15M-26OCT042145-45,0.0050,0.01,no
2026-10-05T01:43:06.253302Z,KXBTC15M-26OCT042145-45,0.0050,0.01,no
2026-10-05T01:43:06.253302Z,KXBTC15M-26OCT042145-45,0.0050,22.00,no
2026-10-05T01:43:06.253302Z,KXBTC15M-26OCT042145-45,0.0040,7.08,no
2026-10-05T01:43:06.262686Z,KXBTC15M-26OCT042145-45,0.0060,208.00,yes
2026-10-05T01:43:06.262686Z,KXBTC15M-26OCT042145-45,0.0060,54.17,yes
2026-10-05T01:43:06.262686Z,KXBTC15M-26OCT042145-45,0.0060,43.83,yes
2026-10-05T01:43:06.289412Z,KXBTC15M-26OCT042145-45,0.0060,559.98,yes
2026-10-05T01:43:06.289412Z,KXBTC15M-26OCT042145-45,0.0060,15.00,yes
2026-10-05T01:43:06.289412Z,KXBTC15M-26OCT042145-45,0.0060,0.01,yes
2026-10-05T01:43:06.289412Z,KXBTC15M-26OCT042145-45,0.0060,0.01,yes
2026-10-05T01:43:06.31938Z,KXBTC15M-26OCT042145-45,0.0050,0.01,no
2026-10-05T01:43:06.31938Z,KXBTC15M-26OCT042145-45,0.0050,0.01,no
2026-10-05T01:43:06.31938Z,KXBTC15M-26OCT042145-45,0.0050,15.00,no
2026-10-05T01:43:06.31938Z,KXBTC15M-26OCT042145-45,0.0040,10.00,no
2026-10-05T01:43:06.31938Z,KXBTC15M-26OCT042145-45,0.0040,0.18,no
2026-10-05T01:43:06.31938Z,KXBTC15M-26OCT042145-45,0.0040,7.92,no
2026-10-05T01:43:06.356906Z,KXBTC15M-26OCT042145-45,0.0060,0.01,yes
2026-10-05T01:43:06.356906Z,KXBTC15M-26OCT042145-45,0.0070,102.98,yes
2026-10-05T01:43:06.356906Z,KXBTC15M-26OCT042145-45,0.0060,15.00,yes
2026-10-05T01:43:06.356906Z,KXBTC15M-26OCT042145-45,0.0060,0.01,yes
2026-10-05T01:43:06.356906Z,KXBTC15M-26OCT042145-45,0.0070,15.00,yes
2026-10-05T01:43:06.356906Z,KXBTC15M-26OCT042145-45,0.0070,44.00,yes
2026-10-05T01:43:06.356906Z,KXBTC15M-26OCT042145-45,0.0070,48.00,yes
2026-10-05T01:43:06.393594Z,KXBTC15M-26OCT042145-45,0.0060,8.33,no
2026-10-05T01:43:06.425017Z,KXBTC15M-26OCT042145-45,0.0070,30.95,yes
2026-10-05T01:43:06.473319Z,KXBTC15M-26OCT042145-45,0.0060,69.00,no
2026-10-05T01:43:06.478706Z,KXBTC15M-26OCT042145-45,0.0060,2.95,no
2026-10-05T01:43:06.516255Z,KXBTC15M-26OCT042145-45,0.0060,69.72,no
2026-10-05T01:43:06.516255Z,KXBTC15M-26OCT042145-45,0.0060,0.01,no
2026-10-05T01:43:06.516255Z,KXBTC15M-26OCT042145-45,0.0060,12.76,no
2026-10-05T01:43:06.516255Z,KXBTC15M-26OCT042145-45,0.0060,0.01,no
2026-10-05T01:43:06.57676Z,KXBTC15M-26OCT042145-45,0.0070,0.10,yes
2026-10-05T01:43:06.586619Z,KXBTC15M-26OCT042145-45,0.0070,0.01,yes
2026-10-05T01:43:06.586619Z,KXBTC15M-26OCT042145-45,0.0070,100.00,yes
2026-10-05T01:43:06.586619Z,KXBTC15M-26OCT042145-45,0.0070,65.97,yes
2026-10-05T01:43:06.586619Z,KXBTC15M-26OCT042145-45,0.0070,13.01,yes
2026-10-05T01:43:06.586619Z,KXBTC15M-26OCT042145-45,0.0070,0.01,yes
2026-10-05T01:43:06.598991Z,KXBTC15M-26OCT042145-45,0.0060,307.00,no
2026-10-05T01:43:06.756696Z,KXBTC15M-26OCT042145-45,0.0060,34.10,no
2026-10-05T01:43:06.767857Z,KXBTC15M-26OCT042145-45,0.0070,36.33,yes
2026-10-05T01:43:06.800246Z,KXBTC15M-26OCT042145-45,0.0070,120.43,yes
2026-10-05T01:43:06.815394Z,KXBTC15M-26OCT042145-45,0.0060,250.00,no
2026-10-05T01:43:06.819804Z,KXBTC15M-26OCT042145-45,0.0060,500.00,no
2026-10-05T01:43:06.84156Z,KXBTC15M-26OCT042145-45,0.0060,0.05,no
2026-10-05T01:43:06.843544Z,KXBTC15M-26OCT042145-45,0.0070,15.00,yes
2026-10-05T01:43:06.843544Z,KXBTC15M-26OCT042145-45,0.0070,230.23,yes
2026-10-05T01:43:06.843544Z,KXBTC15M-26OCT042145-45,0.0070,22.44,yes
2026-10-05T01:43:06.84785Z,KXBTC15M-26OCT042145-45,0.0070,142.00,yes
2026-10-05T01:43:06.93125Z,KXBTC15M-26OCT042145-45,0.0070,130.90,yes
2026-10-05T01:43:06.961582Z,KXBTC15M-26OCT042145-45,0.0060,0.01,no
2026-10-05T01:43:06.961582Z,KXBTC15M-26OCT042145-45,0.0060,0.01,no
2026-10-05T01:43:06.961582Z,KXBTC15M-26OCT042145-45,0.0060,11.06,no
2026-10-05T01:43:06.969389Z,KXBTC15M-26OCT042145-45,0.0060,8.94,no
2026-10-05T01:43:06.969389Z,KXBTC15M-26OCT042145-45,0.0060,2.06,no
2026-10-05T01:43:06.992046Z,KXBTC15M-26OCT042145-45,0.0070,0.01,yes
2026-10-05T01:43:06.992046Z,KXBTC15M-26OCT042145-45,0.0070,63.98,yes
2026-10-05T01:43:06.992046Z,KXBTC15M-26OCT042145-45,0.0070,0.01,yes
2026-10-05T01:43:06.992046Z,KXBTC15M-26OCT042145-45,0.0070,34.00,yes
2026-10-05T01:43:06.992046Z,KXBTC15M-26OCT042145-45,0.0070,100.00,yes
2026-10-05T01:43:07.009411Z,KXBTC15M-26OCT042145-45,0.0060,12.94,no
2026-10-05T01:43:07.009411Z,KXBTC15M-26OCT042145-45,0.0060,8.94,no
2026-10-05T01:43:07.009411Z,KXBTC15M-26OCT042145-45,0.0060,0.01,no
2026-10-05T01:43:07.009411Z,KXBTC15M-26OCT042145-45,0.0060,11.06,no
2026-10-05T01:43:07.009411Z,KXBTC15M-26OCT042145-45,0.0060,0.01,no
2026-10-05T01:43:07.019942Z,KXBTC15M-26OCT042145-45,0.0070,132.85,yes
2026-10-05T01:43:07.028984Z,KXBTC15M-26OCT042145-45,0.0070,58.38,yes
2026-10-05T01:43:07.028984Z,KXBTC15M-26OCT042145-45,0.0070,3.17,yes
2026-10-05T01:43:07.094542Z,KXBTC15M-26OCT042145-45,0.0050,15.00,no
2026-10-05T01:43:07.094542Z,KXBTC15M-26OCT042145-45,0.0050,579.27,no
2026-10-05T01:43:07.094542Z,KXBTC15M-26OCT042145-45,0.0050,15.00,no
2026-10-05T01:43:07.094542Z,KXBTC15M-26OCT042145-45,0.0060,0.01,no
2026-10-05T01:43:07.094542Z,KXBTC15M-26OCT042145-45,0.0060,20.00,no
2026-10-05T01:43:07.094542Z,KXBTC15M-26OCT042145-45,0.0060,0.01,no
2026-10-05T01:43:07.112153Z,KXBTC15M-26OCT042145-45,0.0070,267.00,yes
2026-10-05T01:43:07.12834Z,KXBTC15M-26OCT042145-45,0.0070,65.86,yes
2026-10-05T01:43:07.218683Z,KXBTC15M-26OCT042145-45,0.0070,65.45,yes
2026-10-05T01:43:07.253657Z,KXBTC15M-26OCT042145-45,0.0070,196.20,yes
2026-10-05T01:43:07.253657Z,KXBTC15M-26OCT042145-45,0.0070,43.31,yes
2026-10-05T01:43:07.253657Z,KXBTC15M-26OCT042145-45,0.0070,15.00,yes
2026-10-05T01:43:07.253657Z,KXBTC15M-26OCT042145-45,0.0070,400.00,yes
2026-10-05T01:43:07.322798Z,KXBTC15M-26OCT042145-45,0.0060,0.01,no
2026-10-05T01:43:07.322798Z,KXBTC15M-26OCT042145-45,0.0060,0.01,no
2026-10-05T01:43:07.350165Z,KXBTC15M-26OCT042145-45,0.0040,14.82,no
2026-10-05T01:43:07.350165Z,KXBTC15M-26OCT042145-45,0.0040,77.00,no
2026-10-05T01:43:07.350165Z,KXBTC15M-26OCT042145-45,0.0040,10.00,no
2026-10-05T01:43:07.350165Z,KXBTC15M-26OCT042145-45,0.0040,77.36,no
2026-10-05T01:43:07.350165Z,KXBTC15M-26OCT042145-45,0.0050,22.00,no
2026-10-05T01:43:07.350165Z,KXBTC15M-26OCT042145-45,0.0060,15.00,no
2026-10-05T01:43:07.350165Z,KXBTC15M-26OCT042145-45,0.0060,0.01,no
2026-10-05T01:43:07.350165Z,KXBTC15M-26OCT042145-45,0.0040,915.00,no
2026-10-05T01:43:07.350165Z,KXBTC15M-26OCT042145-45,0.0060,0.01,no
2026-10-05T01:43:07.363734Z,KXBTC15M-26OCT042145-45,0.0050,0.01,no
2026-10-05T01:43:07.363734Z,KXBTC15M-26OCT042145-45,0.0040,20.00,no
2026-10-05T01:43:07.363734Z,KXBTC15M-26OCT042145-45,0.0040,4.61,no
2026-10-05T01:43:07.363734Z,KXBTC15M-26OCT042145-45,0.0050,0.01,no
2026-10-05T01:43:07.388769Z,KXBTC15M-26OCT042145-45,0.0060,1.06,yes
2026-10-05T01:43:07.404737Z,KXBTC15M-26OCT042145-45,0.0040,56.00,no
2026-10-05T01:43:07.422321Z,KXBTC15M-26OCT042145-45,0.0040,4.61,no
2026-10-05T01:43:07.422321Z,KXBTC15M-26OCT042145-45,0.0040,139.39,no
2026-10-05T01:43:07.436987Z,KXBTC15M-26OCT042145-45,0.0040,10.00,no
2026-10-05T01:43:07.55077Z,KXBTC15M-26OCT042145-45,0.0080,52.55,yes
2026-10-05T01:43:07.55077Z,KXBTC15M-26OCT042145-45,0.0070,200.00,yes
2026-10-05T01:43:07.55077Z,KXBTC15M-26OCT042145-45,0.0060,0.01,yes
2026-10-05T01:43:07.55077Z,KXBTC15M-26OCT042145-45,0.0070,48.00,yes
2026-10-05T01:43:07.55077Z,KXBTC15M-26OCT042145-45,0.0070,320.00,yes
2026-10-05T01:43:07.55077Z,KXBTC15M-26OCT042145-45,0.0060,13.94,yes
2026-10-05T01:43:07.55077Z,KXBTC15M-26OCT042145-45,0.0060,0.01,yes
2026-10-05T01:43:07.55077Z,KXBTC15M-26OCT042145-45,0.0080,10.00,yes
2026-10-05T01:43:07.55077Z,KXBTC15M-26OCT042145-45,0.0080,10.00,yes
2026-10-05T01:43:07.661769Z,KXBTC15M-26OCT042145-45,0.0070,7.26,yes
2026-10-05T01:43:07.672364Z,KXBTC15M-26OCT042145-45,0.0070,130.90,yes
2026-10-05T01:43:07.736202Z,KXBTC15M-26OCT042145-45,0.0060,5.97,no
2026-10-05T01:43:07.75616Z,KXBTC15M-26OCT042145-45,0.0060,85.11,no
2026-10-05T01:43:07.7629Z,KXBTC15M-26OCT042145-45,0.0070,3.00,yes
2026-10-05T01:43:07.773892Z,KXBTC15M-26OCT042145-45,0.0070,11.14,yes
2026-10-05T01:43:07.797419Z,KXBTC15M-26OCT042145-45,0.0060,1.00,no
2026-10-05T01:43:07.843512Z,KXBTC15M-26OCT042145-45,0.0070,260.02,yes
2026-10-05T01:43:07.843512Z,KXBTC15M-26OCT042145-45,0.0080,198.69,yes
2026-10-05T01:43:07.843512Z,KXBTC15M-26OCT042145-45,0.0080,36.00,yes
2026-10-05T01:43:07.843512Z,KXBTC15M-26OCT042145-45,0.0070,0.01,yes
2026-10-05T01:43:07.843512Z,KXBTC15M-26OCT042145-45,0.0070,100.00,yes
2026-10-05T01:43:07.843512Z,KXBTC15M-26OCT042145-45,0.0070,15.00,yes
2026-10-05T01:43:07.843512Z,KXBTC15M-26OCT042145-45,0.0070,400.00,yes
2026-10-05T01:43:07.843512Z,KXBTC15M-26OCT042145-45,0.0070,200.00,yes
2026-10-05T01:43:07.843512Z,KXBTC15M-26OCT042145-45,0.0070,472.00,yes
2026-10-05T01:43:07.843512Z,KXBTC15M-26OCT042145-45,0.0070,73.86,yes
2026-10-05T01:43:07.843512Z,KXBTC15M-26OCT042145-45,0.0070,0.01,yes
2026-10-05T01:43:07.843512Z,KXBTC15M-26OCT042145-45,0.0070,34.00,yes
2026-10-05T01:43:07.98748Z,KXBTC15M-26OCT042145-45,0.0050,200.00,no
2026-10-05T01:43:07.98748Z,KXBTC15M-26OCT042145-45,0.0060,200.00,no
2026-10-05T01:43:07.98748Z,KXBTC15M-26OCT042145-45,0.0060,0.01,no
2026-10-05T01:43:07.98748Z,KXBTC15M-26OCT042145-45,0.0050,15.00,no
2026-10-05T01:43:07.98748Z,KXBTC15M-26OCT042145-45,0.0060,20.00,no
2026-10-05T01:43:07.98748Z,KXBTC15M-26OCT042145-45,0.0050,732.00,no
2026-10-05T01:43:07.98748Z,KXBTC15M-26OCT042145-45,0.0060,57.92,no
2026-10-05T01:43:07.98748Z,KXBTC15M-26OCT042145-45,0.0040,10.00,no
2026-10-05T01:43:07.98748Z,KXBTC15M-26OCT042145-45,0.0060,15.00,no
2026-10-05T01:43:07.98748Z,KXBTC15M-26OCT042145-45,0.0040,77.00,no
2026-10-05T01:43:07.98748Z,KXBTC15M-26OCT042145-45,0.0060,0.01,no
2026-10-05T01:43:07.98748Z,KXBTC15M-26OCT042145-45,0.0030,2.00,no
2026-10-05T01:43:07.98748Z,KXBTC15M-26OCT042145-45,0.0030,678.25,no
2026-10-05T01:43:07.992445Z,KXBTC15M-26OCT042145-45,0.0070,1.29,yes
2026-10-05T01:43:07.992445Z,KXBTC15M-26OCT042145-45,0.0070,0.01,yes
2026-10-05T01:43:07.992445Z,KXBTC15M-26OCT042145-45,0.0070,0.01,yes
2026-10-05T01:43:08.015624Z,KXBTC15M-26OCT042145-45,0.0060,0.01,no
2026-10-05T01:43:08.015624Z,KXBTC15M-26OCT042145-45,0.0050,0.01,no
2026-10-05T01:43:08.015624Z,KXBTC15M-26OCT042145-45,0.0050,1.94,no
2026-10-05T01:43:08.042033Z,KXBTC15M-26OCT042145-45,0.0070,43.29,yes
2026-10-05T01:43:08.042033Z,KXBTC15M-26OCT042145-45,0.0070,13.71,yes
2026-10-05T01:43:08.048326Z,KXBTC15M-26OCT042145-45,0.0040,0.38,no
2026-10-05T01:43:08.048326Z,KXBTC15M-26OCT042145-45,0.0060,0.01,no
2026-10-05T01:43:08.048326Z,KXBTC15M-26OCT042145-45,0.0050,22.00,no
2026-10-05T01:43:08.059344Z,KXBTC15M-26OCT042145-45,0.0070,205.09,yes
2026-10-05T01:43:08.059344Z,KXBTC15M-26OCT042145-45,0.0070,56.71,yes
2026-10-05T01:43:08.098586Z,KXBTC15M-26OCT042145-45,0.0060,0.01,no
2026-10-05T01:43:08.098586Z,KXBTC15M-26OCT042145-45,0.0060,15.00,no
2026-10-05T01:43:08.101703Z,KXBTC15M-26OCT042145-45,0.0050,33.39,yes
2026-10-05T01:43:08.175025Z,KXBTC15M-26OCT042145-45,0.0050,50.00,yes
2026-10-05T01:43:08.229987Z,KXBTC15M-26OCT042145-45,0.0050,48.00,yes
2026-10-05T01:43:08.229987Z,KXBTC15M-26OCT042145-45,0.0050,0.01,yes
2026-10-05T01:43:08.229987Z,KXBTC15M-26OCT042145-45,0.0050,37.25,yes
2026-10-05T01:43:08.229987Z,KXBTC15M-26OCT042145-45,0.0050,0.01,yes
2026-10-05T01:43:08.229987Z,KXBTC15M-26OCT042145-45,0.0050,35.37,yes
2026-10-05T01:43:08.324531Z,KXBTC15M-26OCT042145-45,0.0050,0.01,yes
2026-10-05T01:43:08.324531Z,KXBTC15M-26OCT042145-45,0.0050,5.02,yes
2026-10-05T01:43:08.324531Z,KXBTC15M-26OCT042145-45,0.0050,0.01,yes
2026-10-05T01:43:08.324531Z,KXBTC15M-26OCT042145-45,0.0050,15.00,yes
2026-10-05T01:43:08.346902Z,KXBTC15M-26OCT042145-45,0.0050,65.45,yes
2026-10-05T01:43:08.355709Z,KXBTC15M-26OCT042145-45,0.0050,22.36,yes
2026-10-05T01:43:08.426307Z,KXBTC15M-26OCT042145-45,0.0050,133.58,yes
2026-10-05T01:43:08.426719Z,KXBTC15M-26OCT042145-45,0.0050,33.39,yes
2026-10-05T01:43:08.581391Z,KXBTC15M-26OCT042145-45,0.0050,186.97,yes
2026-10-05T01:43:08.689566Z,KXBTC15M-26OCT042145-45,0.0040,3.74,no
2026-10-05T01:43:08.689566Z,KXBTC15M-26OCT042145-45,0.0040,0.01,no
2026-10-05T01:43:08.745212Z,KXBTC15M-26OCT042145-45,0.0050,5.20,yes
2026-10-05T01:43:08.831004Z,KXBTC15M-26OCT042145-45,0.0040,16.26,no
2026-10-05T01:43:08.831004Z,KXBTC15M-26OCT042145-45,0.0040,11.52,no
2026-10-05T01:43:08.831004Z,KXBTC15M-26OCT042145-45,0.0040,0.01,no
2026-10-05T01:43:08.855212Z,KXBTC15M-26OCT042145-45,0.0050,55.00,yes
2026-10-05T01:43:08.910506Z,KXBTC15M-26OCT042145-45,0.0050,30.00,yes
2026-10-05T01:43:09.014638Z,KXBTC15M-26OCT042145-45,0.0040,0.01,no
2026-10-05T01:43:09.014638Z,KXBTC15M-26OCT042145-45,0.0040,0.01,no
2026-10-05T01:43:09.014638Z,KXBTC15M-26OCT042145-45,0.0040,16.26,no
2026-10-05T01:43:09.014638Z,KXBTC15M-26OCT042145-45,0.0040,3.48,no
2026-10-05T01:43:09.014638Z,KXBTC15M-26OCT042145-45,0.0040,3.74,no
2026-10-05T01:43:09.048396Z,KXBTC15M-26OCT042145-45,0.0040,0.01,yes
2026-10-05T01:43:09.048396Z,KXBTC15M-26OCT042145-45,0.0040,0.01,yes
2026-10-05T01:43:09.048396Z,KXBTC15M-26OCT042145-45,0.0040,15.00,yes
2026-10-05T01:43:09.048396Z,KXBTC15M-26OCT042145-45,0.0050,0.01,yes
2026-10-05T01:43:09.048396Z,KXBTC15M-26OCT042145-45,0.0050,151.92,yes
2026-10-05T01:43:09.048396Z,KXBTC15M-26OCT042145-45,0.0050,0.01,yes
2026-10-05T01:43:09.048396Z,KXBTC15M-26OCT042145-45,0.0050,1286.00,yes
2026-10-05T01:43:09.048396Z,KXBTC15M-26OCT042145-45,0.0050,15.00,yes
2026-10-05T01:43:09.048396Z,KXBTC15M-26OCT042145-45,0.0050,519.03,yes
2026-10-05T01:43:09.089242Z,KXBTC15M-26OCT042145-45,0.0040,11.00,no
2026-10-05T01:43:09.119876Z,KXBTC15M-26OCT042145-45,0.0060,3.00,yes
2026-10-05T01:43:09.121903Z,KXBTC15M-26OCT042145-45,0.0060,2.00,yes
2026-10-05T01:43:09.121952Z,KXBTC15M-26OCT042145-45,0.0060,2.00,yes
2026-10-05T01:43:09.134225Z,KXBTC15M-26OCT042145-45,0.0040,0.01,no
2026-10-05T01:43:09.134225Z,KXBTC15M-26OCT042145-45,0.0040,0.01,no
2026-10-05T01:43:09.134225Z,KXBTC15M-26OCT042145-45,0.0040,100.00,no
2026-10-05T01:43:09.134225Z,KXBTC15M-26OCT042145-45,0.0040,479.13,no
2026-10-05T01:43:09.163035Z,KXBTC15M-26OCT042145-45,0.0040,50.17,no
2026-10-05T01:43:09.192847Z,KXBTC15M-26OCT042145-45,0.0040,200.00,no
2026-10-05T01:43:09.209615Z,KXBTC15M-26OCT042145-45,0.0040,4.00,no
2026-10-05T01:43:09.381968Z,KXBTC15M-26OCT042145-45,0.0070,13.57,yes
2026-10-05T01:43:09.381968Z,KXBTC15M-26OCT042145-45,0.0060,0.01,yes
2026-10-05T01:43:09.381968Z,KXBTC15M-26OCT042145-45,0.0070,1412.00,yes
2026-10-05T01:43:09.381968Z,KXBTC15M-26OCT042145-45,0.0060,536.00,yes
2026-10-05T01:43:09.381968Z,KXBTC15M-26OCT042145-45,0.0070,200.00,yes
2026-10-05T01:43:09.381968Z,KXBTC15M-26OCT042145-45,0.0060,108.00,yes
2026-10-05T01:43:09.381968Z,KXBTC15M-26OCT042145-45,0.0060,0.01,yes
2026-10-05T01:43:09.381968Z,KXBTC15M-26OCT042145-45,0.0060,270.21,yes
2026-10-05T01:43:09.381968Z,KXBTC15M-26OCT042145-45,0.0060,282.16,yes
2026-10-05T01:43:09.381968Z,KXBTC15M-26OCT042145-45,0.0080,15.00,yes
2026-10-05T01:43:09.381968Z,KXBTC15M-26OCT042145-45,0.0060,200.00,yes
2026-10-05T01:43:09.381968Z,KXBTC15M-26OCT042145-45,0.0060,494.00,yes
2026-10-05T01:43:09.381968Z,KXBTC15M-26OCT042145-45,0.0070,47.00,yes
2026-10-05T01:43:09.381968Z,KXBTC15M-26OCT042145-45,0.0070,94.95,yes
2026-10-05T01:43:09.381968Z,KXBTC15M-26OCT042145-45,0.0070,15.00,yes
2026-10-05T01:43:09.381968Z,KXBTC15M-26OCT042145-45,0.0100,1500.00,yes
2026-10-05T01:43:09.381968Z,KXBTC15M-26OCT042145-45,0.0100,1.00,yes
2026-10-05T01:43:09.381968Z,KXBTC15M-26OCT042145-45,0.0100,0.05,yes
2026-10-05T01:43:09.381968Z,KXBTC15M-26OCT042145-45,0.0100,50.00,yes
2026-10-05T01:43:09.381968Z,KXBTC15M-26OCT042145-45,0.0100,8350.04,yes
2026-10-05T01:43:09.381968Z,KXBTC15M-26OCT042145-45,0.0090,17.00,yes
2026-10-05T01:43:09.392206Z,KXBTC15M-26OCT042145-45,0.0090,90.00,no
2026-10-05T01:43:09.393945Z,KXBTC15M-26OCT042145-45,0.0100,11.43,yes
2026-10-05T01:43:09.404825Z,KXBTC15M-26OCT042145-45,0.0090,13.80,no
2026-10-05T01:43:09.596991Z,KXBTC15M-26OCT042145-45,0.0090,39.87,no
2026-10-05T01:43:09.597471Z,KXBTC15M-26OCT042145-45,0.0090,59.02,no
2026-10-05T01:43:09.674373Z,KXBTC15M-26OCT042145-45,0.0100,478.78,yes
2026-10-05T01:43:09.685242Z,KXBTC15M-26OCT042145-45,0.0090,38.00,no
2026-10-05T01:43:09.829178Z,KXBTC15M-26OCT042145-45,0.0090,8.10,no
2026-10-05T01:43:09.875218Z,KXBTC15M-26OCT042145-45,0.0090,838.45,no
2026-10-05T01:43:09.956634Z,KXBTC15M-26OCT042145-45,0.0100,9695.00,yes
2026-10-05T01:43:09.962371Z,KXBTC15M-26OCT042145-45,0.0090,65.52,no
2026-10-05T01:43:09.962371Z,KXBTC15M-26OCT042145-45,0.0090,0.01,no
2026-10-05T01:43:09.962371Z,KXBTC15M-26OCT042145-45,0.0090,0.01,no
2026-10-05T01:43:10.005966Z,KXBTC15M-26OCT042145-45,0.0090,311.66,no
2026-10-05T01:43:10.048106Z,KXBTC15M-26OCT042145-45,0.0090,45.37,no
2026-10-05T01:43:10.156608Z,KXBTC15M-26OCT042145-45,0.0090,23.63,no
2026-10-05T01:43:10.162408Z,KXBTC15M-26OCT042145-45,0.0090,152.71,no
2026-10-05T01:43:10.218216Z,KXBTC15M-26OCT042145-45,0.0100,6218.00,yes
2026-10-05T01:43:10.233049Z,KXBTC15M-26OCT042145-45,0.0090,193.00,no
2026-10-05T01:43:10.269719Z,KXBTC15M-26OCT042145-45,0.0090,36.49,no
2026-10-05T01:43:10.299999Z,KXBTC15M-26OCT042145-45,0.0100,93.51,yes
2026-10-05T01:43:10.328426Z,KXBTC15M-26OCT042145-45,0.0100,46.75,yes
2026-10-05T01:43:10.386741Z,KXBTC15M-26OCT042145-45,0.0090,0.01,no
2026-10-05T01:43:10.386741Z,KXBTC15M-26OCT042145-45,0.0090,0.01,no
2026-10-05T01:43:10.386741Z,KXBTC15M-26OCT042145-45,0.0090,799.62,no
2026-10-05T01:43:10.386741Z,KXBTC15M-26OCT042145-45,0.0050,162.10,no
2026-10-05T01:43:10.386741Z,KXBTC15M-26OCT042145-45,0.0080,200.00,no
2026-10-05T01:43:10.386741Z,KXBTC15M-26OCT042145-45,0.0090,44.00,no
2026-10-05T01:43:10.388702Z,KXBTC15M-26OCT042145-45,0.0050,86.96,no
2026-10-05T01:43:10.465735Z,KXBTC15M-26OCT042145-45,0.0060,0.02,no
2026-10-05T01:43:10.478906Z,KXBTC15M-26OCT042145-45,0.0070,36.33,yes
2026-10-05T01:43:10.566495Z,KXBTC15M-26OCT042145-45,0.0080,21.31,yes
2026-10-05T01:43:10.566495Z,KXBTC15M-26OCT042145-45,0.0070,15.00,yes
2026-10-05T01:43:10.566495Z,KXBTC15M-26OCT042145-45,0.0070,0.01,yes
2026-10-05T01:43:10.566495Z,KXBTC15M-26OCT042145-45,0.0070,0.01,yes
2026-10-05T01:43:10.591187Z,KXBTC15M-26OCT042145-45,0.0060,92.95,no
2026-10-05T01:43:10.591187Z,KXBTC15M-26OCT042145-45,0.0060,500.00,no
2026-10-05T01:43:10.611766Z,KXBTC15M-26OCT042145-45,0.0060,55.59,no
2026-10-05T01:43:10.640941Z,KXBTC15M-26OCT042145-45,0.0080,35.69,yes
2026-10-05T01:43:10.640941Z,KXBTC15M-26OCT042145-45,0.0070,0.01,yes
2026-10-05T01:43:10.640941Z,KXBTC15M-26OCT042145-45,0.0070,0.01,yes
2026-10-05T01:43:10.640941Z,KXBTC15M-26OCT042145-45,0.0080,42.80,yes
2026-10-05T01:43:10.640941Z,KXBTC15M-26OCT042145-45,0.0070,15.00,yes
2026-10-05T01:43:10.641142Z,KXBTC15M-26OCT042145-45,0.0080,7.26,yes
2026-10-05T01:43:10.717192Z,KXBTC15M-26OCT042145-45,0.0070,0.02,yes
2026-10-05T01:43:10.736221Z,KXBTC15M-26OCT042145-45,0.0060,15.00,no
2026-10-05T01:43:10.736221Z,KXBTC15M-26OCT042145-45,0.0060,0.01,no
2026-10-05T01:43:10.736221Z,KXBTC15M-26OCT042145-45,0.0060,47.91,no
2026-10-05T01:43:10.771226Z,KXBTC15M-26OCT042145-45,0.0070,0.01,yes
2026-10-05T01:43:10.771226Z,KXBTC15M-26OCT042145-45,0.0080,42.00,yes
2026-10-05T01:43:10.771226Z,KXBTC15M-26OCT042145-45,0.0090,86.00,yes
2026-10-05T01:43:10.771226Z,KXBTC15M-26OCT042145-45,0.0090,15.00,yes
2026-10-05T01:43:10.771226Z,KXBTC15M-26OCT042145-45,0.0090,200.00,yes
2026-10-05T01:43:10.771226Z,KXBTC15M-26OCT042145-45,0.0070,0.01,yes
2026-10-05T01:43:10.771226Z,KXBTC15M-26OCT042145-45,0.0080,200.00,yes
2026-10-05T01:43:10.771226Z,KXBTC15M-26OCT042145-45,0.0080,498.00,yes
2026-10-05T01:43:10.771226Z,KXBTC15M-26OCT042145-45,0.0080,1237.94,yes
2026-10-05T01:43:10.771226Z,KXBTC15M-26OCT042145-45,0.0070,14.98,yes
2026-10-05T01:43:10.771226Z,KXBTC15M-26OCT042145-45,0.0090,17.00,yes
2026-10-05T01:43:10.771226Z,KXBTC15M-26OCT042145-45,0.0100,2308.06,yes
2026-10-05T01:43:10.779384Z,KXBTC15M-26OCT042145-45,0.0060,152.09,no
2026-10-05T01:43:10.779384Z,KXBTC15M-26OCT042145-45,0.0060,69.81,no
2026-10-05T01:43:10.808161Z,KXBTC15M-26OCT042145-45,0.0080,0.01,yes
2026-10-05T01:43:10.808161Z,KXBTC15M-26OCT042145-45,0.0080,7.25,yes
2026-10-05T01:43:10.81698Z,KXBTC15M-26OCT042145-45,0.0070,10.99,no
2026-10-05T01:43:10.887271Z,KXBTC15M-26OCT042145-45,0.0070,120.69,no
2026-10-05T01:43:10.967823Z,KXBTC15M-26OCT042145-45,0.0080,93.50,yes
2026-10-05T01:43:10.967823Z,KXBTC15M-26OCT042145-45,0.0080,0.01,yes
2026-10-05T01:43:11.02021Z,KXBTC15M-26OCT042145-45,0.0070,914.32,no
2026-10-05T01:43:11.02021Z,KXBTC15M-26OCT042145-45,0.0070,38.60,no
2026-10-05T01:43:11.02021Z,KXBTC15M-26OCT042145-45,0.0070,0.01,no
2026-10-05T01:43:11.02021Z,KXBTC15M-26OCT042145-45,0.0070,0.01,no
2026-10-05T01:43:11.02021Z,KXBTC15M-26OCT042145-45,0.0070,15.00,no
2026-10-05T01:43:11.055355Z,KXBTC15M-26OCT042145-45,0.0080,46.79,yes
2026-10-05T01:43:11.066939Z,KXBTC15M-26OCT042145-45,0.0100,2692.27,yes
2026-10-05T01:43:11.066939Z,KXBTC15M-26OCT042145-45,0.0090,59.00,yes
2026-10-05T01:43:11.066939Z,KXBTC15M-26OCT042145-45,0.0090,17.00,yes
2026-10-05T01:43:11.066939Z,KXBTC15M-26OCT042145-45,0.0080,200.00,yes
2026-10-05T01:43:11.066939Z,KXBTC15M-26OCT042145-45,0.0090,200.00,yes
2026-10-05T01:43:11.066939Z,KXBTC15M-26OCT042145-45,0.0080,15.00,yes
2026-10-05T01:43:11.066939Z,KXBTC15M-26OCT042145-45,0.0080,0.01,yes
2026-10-05T01:43:11.066939Z,KXBTC15M-26OCT042145-45,0.0080,0.01,yes
2026-10-05T01:43:11.066939Z,KXBTC15M-26OCT042145-45,0.0080,100.00,yes
2026-10-05T01:43:11.066939Z,KXBTC15M-26OCT042145-45,0.0080,259.71,yes
2026-10-05T01:43:11.216918Z,KXBTC15M-26OCT042145-45,0.0080,100.00,yes
2026-10-05T01:43:11.216918Z,KXBTC15M-26OCT042145-45,0.0080,229.56,yes
2026-10-05T01:43:11.216918Z,KXBTC15M-26OCT042145-45,0.0080,15.00,yes
2026-10-05T01:43:11.216918Z,KXBTC15M-26OCT042145-45,0.0080,0.01,yes
2026-10-05T01:43:11.216918Z,KXBTC15M-26OCT042145-45,0.0080,0.01,yes
2026-10-05T01:43:11.217338Z,KXBTC15M-26OCT042145-45,0.0070,301.68,no
2026-10-05T01:43:11.219711Z,KXBTC15M-26OCT042145-45,0.0080,170.44,yes
2026-10-05T01:43:11.219711Z,KXBTC15M-26OCT042145-45,0.0080,200.00,yes
2026-10-05T01:43:11.257847Z,KXBTC15M-26OCT042145-45,0.0070,231.32,no
2026-10-05T01:43:11.257847Z,KXBTC15M-26OCT042145-45,0.0070,0.01,no
2026-10-05T01:43:11.257847Z,KXBTC15M-26OCT042145-45,0.0070,0.01,no
2026-10-05T01:43:11.257847Z,KXBTC15M-26OCT042145-45,0.0070,240.62,no
2026-10-05T01:43:11.333393Z,KXBTC15M-26OCT042145-45,0.0080,0.01,yes
2026-10-05T01:43:11.333393Z,KXBTC15M-26OCT042145-45,0.0080,0.01,yes
2026-10-05T01:43:11.333393Z,KXBTC15M-26OCT042145-45,0.0080,10.23,yes
2026-10-05T01:43:11.333393Z,KXBTC15M-26OCT042145-45,0.0080,15.00,yes
2026-10-05T01:43:11.333585Z,KXBTC15M-26OCT042145-45,0.0080,6.32,yes
2026-10-05T01:43:11.477108Z,KXBTC15M-26OCT042145-45,0.0080,25.20,yes
2026-10-05T01:43:11.531751Z,KXBTC15M-26OCT042145-45,0.0070,46.06,no
2026-10-05T01:43:11.663192Z,KXBTC15M-26OCT042145-45,0.0080,15.00,yes
2026-10-05T01:43:11.663192Z,KXBTC15M-26OCT042145-45,0.0080,0.01,yes
2026-10-05T01:43:11.663192Z,KXBTC15M-26OCT042145-45,0.0080,0.01,yes
2026-10-05T01:43:11.663192Z,KXBTC15M-26OCT042145-45,0.0080,100.00,yes
2026-10-05T01:43:11.663192Z,KXBTC15M-26OCT042145-45,0.0080,374.80,yes
2026-10-05T01:43:11.663192Z,KXBTC15M-26OCT042145-45,0.0090,40.99,yes
2026-10-05T01:43:11.663192Z,KXBTC15M-26OCT042145-45,0.0090,42.00,yes
2026-10-05T01:43:11.689582Z,KXBTC15M-26OCT042145-45,0.0090,572.40,yes
2026-10-05T01:43:11.689582Z,KXBTC15M-26OCT042145-45,0.0080,14.00,yes
2026-10-05T01:43:11.689582Z,KXBTC15M-26OCT042145-45,0.0080,100.00,yes
2026-10-05T01:43:11.689582Z,KXBTC15M-26OCT042145-45,0.0080,400.00,yes
2026-10-05T01:43:11.689582Z,KXBTC15M-26OCT042145-45,0.0080,0.01,yes
2026-10-05T01:43:11.689582Z,KXBTC15M-26OCT042145-45,0.0080,0.01,yes
2026-10-05T01:43:11.755978Z,KXBTC15M-26OCT042145-45,0.0070,65.52,no
2026-10-05T01:43:11.755978Z,KXBTC15M-26OCT042145-45,0.0070,15.00,no
2026-10-05T01:43:11.774951Z,KXBTC15M-26OCT042145-45,0.0080,0.01,yes
2026-10-05T01:43:11.774951Z,KXBTC15M-26OCT042145-45,0.0080,100.00,yes
2026-10-05T01:43:11.774951Z,KXBTC15M-26OCT042145-45,0.0080,400.00,yes
2026-10-05T01:43:11.774951Z,KXBTC15M-26OCT042145-45,0.0080,0.01,yes
2026-10-05T01:43:11.862001Z,KXBTC15M-26OCT042145-45,0.0100,2362.98,yes
2026-10-05T01:43:11.862001Z,KXBTC15M-26OCT042145-45,0.0080,0.01,yes
2026-10-05T01:43:11.862001Z,KXBTC15M-26OCT042145-45,0.0080,0.01,yes
2026-10-05T01:43:11.862001Z,KXBTC15M-26OCT042145-45,0.0080,400.00,yes
2026-10-05T01:43:11.862001Z,KXBTC15M-26OCT042145-45,0.0080,15.00,yes
2026-10-05T01:43:11.862001Z,KXBTC15M-26OCT042145-45,0.0080,100.00,yes
2026-10-05T01:43:11.862001Z,KXBTC15M-26OCT042145-45,0.0090,17.00,yes
2026-10-05T01:43:12.084864Z,KXBTC15M-26OCT042145-45,0.0080,0.01,yes
2026-10-05T01:43:12.084864Z,KXBTC15M-26OCT042145-45,0.0080,12.58,yes
2026-10-05T01:43:12.084864Z,KXBTC15M-26OCT042145-45,0.0080,0.01,yes
2026-10-05T01:43:12.114915Z,KXBTC15M-26OCT042145-45,0.0070,200.30,no
2026-10-05T01:43:12.133498Z,KXBTC15M-26OCT042145-45,0.0100,1076.18,yes
2026-10-05T01:43:12.133498Z,KXBTC15M-26OCT042145-45,0.0100,25.00,yes
2026-10-05T01:43:12.133498Z,KXBTC15M-26OCT042145-45,0.0100,6.00,yes
2026-10-05T01:43:12.133498Z,KXBTC15M-26OCT042145-45,0.0100,261.00,yes
2026-10-05T01:43:12.133498Z,KXBTC15M-26OCT042145-45,0.0100,15.00,yes
2026-10-05T01:43:12.133498Z,KXBTC15M-26OCT042145-45,0.0100,0.03,yes
2026-10-05T01:43:12.133498Z,KXBTC15M-26OCT042145-45,0.0100,59.00,yes
2026-10-05T01:43:12.133498Z,KXBTC15M-26OCT042145-45,0.0080,387.42,yes
2026-10-05T01:43:12.133498Z,KXBTC15M-26OCT042145-45,0.0100,15.00,yes
2026-10-05T01:43:12.133498Z,KXBTC15M-26OCT042145-45,0.0100,1.00,yes
2026-10-05T01:43:12.133498Z,KXBTC15M-26OCT042145-45,0.0090,1.00,yes
2026-10-05T01:43:12.133498Z,KXBTC15M-26OCT042145-45,0.0100,172.35,yes
2026-10-05T01:43:12.133498Z,KXBTC15M-26OCT042145-45,0.0080,100.00,yes
2026-10-05T01:43:12.133498Z,KXBTC15M-26OCT042145-45,0.0080,0.01,yes
2026-10-05T01:43:12.133498Z,KXBTC15M-26OCT042145-45,0.0080,0.01,yes
2026-10-05T01:43:12.173043Z,KXBTC15M-26OCT042145-45,0.0080,0.01,yes
2026-10-05T01:43:12.173043Z,KXBTC15M-26OCT042145-45,0.0080,14.99,yes
2026-10-05T01:43:12.339178Z,KXBTC15M-26OCT042145-45,0.0080,0.01,yes
2026-10-05T01:43:12.339178Z,KXBTC15M-26OCT042145-45,0.0080,229.07,yes
2026-10-05T01:43:12.339178Z,KXBTC15M-26OCT042145-45,0.0080,0.01,yes
2026-10-05T01:43:12.367572Z,KXBTC15M-26OCT042145-45,0.0070,50.32,no
2026-10-05T01:43:12.399194Z,KXBTC15M-26OCT042145-45,0.0080,0.01,yes
2026-10-05T01:43:12.399194Z,KXBTC15M-26OCT042145-45,0.0080,0.01,yes
2026-10-05T01:43:12.399194Z,KXBTC15M-26OCT042145-45,0.0080,100.00,yes
2026-10-05T01:43:12.399194Z,KXBTC15M-26OCT042145-45,0.0080,129.07,yes
2026-10-05T01:43:12.494555Z,KXBTC15M-26OCT042145-45,0.0080,0.01,yes
2026-10-05T01:43:12.494555Z,KXBTC15M-26OCT042145-45,0.0080,0.01,yes
2026-10-05T01:43:12.494555Z,KXBTC15M-26OCT042145-45,0.0080,27.47,yes
2026-10-05T01:43:12.500516Z,KXBTC15M-26OCT042145-45,0.0080,72.53,yes
2026-10-05T01:43:12.500516Z,KXBTC15M-26OCT042145-45,0.0080,1.00,yes
2026-10-05T01:43:12.500516Z,KXBTC15M-26OCT042145-45,0.0100,42.00,yes
2026-10-05T01:43:12.500516Z,KXBTC15M-26OCT042145-45,0.0100,15.00,yes
2026-10-05T01:43:12.500516Z,KXBTC15M-26OCT042145-45,0.0100,0.03,yes
2026-10-05T01:43:12.500516Z,KXBTC15M-26OCT042145-45,0.0090,1.00,yes
2026-10-05T01:43:12.500516Z,KXBTC15M-26OCT042145-45,0.0100,772.00,yes
2026-10-05T01:43:12.500516Z,KXBTC15M-26OCT042145-45,0.0100,19.65,yes
2026-10-05T01:43:12.500516Z,KXBTC15M-26OCT042145-45,0.0100,76.79,yes
2026-10-05T01:43:12.502313Z,KXBTC15M-26OCT042145-45,0.0120,2.00,yes
2026-10-05T01:43:12.502313Z,KXBTC15M-26OCT042145-45,0.0110,2.00,yes
2026-10-05T01:43:12.502313Z,KXBTC15M-26OCT042145-45,0.0130,2.00,yes
2026-10-05T01:43:12.502313Z,KXBTC15M-26OCT042145-45,0.0120,2.00,yes
2026-10-05T01:43:12.502313Z,KXBTC15M-26OCT042145-45,0.0130,2.00,yes
2026-10-05T01:43:12.502313Z,KXBTC15M-26OCT042145-45,0.0140,0.06,yes
2026-10-05T01:43:12.502313Z,KXBTC15M-26OCT042145-45,0.0120,0.05,yes
2026-10-05T01:43:12.502313Z,KXBTC15M-26OCT042145-45,0.0130,0.05,yes
2026-10-05T01:43:12.502313Z,KXBTC15M-26OCT042145-45,0.0110,0.05,yes
2026-10-05T01:43:12.502313Z,KXBTC15M-26OCT042145-45,0.0110,2.00,yes
2026-10-05T01:43:12.502313Z,KXBTC15M-26OCT042145-45,0.0140,10.00,yes
2026-10-05T01:43:12.502313Z,KXBTC15M-26OCT042145-45,0.0140,150.00,yes
2026-10-05T01:43:12.502313Z,KXBTC15M-26OCT042145-45,0.0140,1028.56,yes
2026-10-05T01:43:12.502313Z,KXBTC15M-26OCT042145-45,0.0110,15.00,yes
2026-10-05T01:43:12.502313Z,KXBTC15M-26OCT042145-45,0.0100,1.00,yes
2026-10-05T01:43:12.502313Z,KXBTC15M-26OCT042145-45,0.0100,123.21,yes
2026-10-05T01:43:12.502313Z,KXBTC15M-26OCT042145-45,0.0130,1.00,yes
2026-10-05T01:43:12.502313Z,KXBTC15M-26OCT042145-45,0.0110,200.00,yes
2026-10-05T01:43:12.502313Z,KXBTC15M-26OCT042145-45,0.0080,0.01,yes
2026-10-05T01:43:12.502313Z,KXBTC15M-26OCT042145-45,0.0130,14.00,yes
2026-10-05T01:43:12.502313Z,KXBTC15M-26OCT042145-45,0.0110,1.00,yes
2026-10-05T01:43:12.502313Z,KXBTC15M-26OCT042145-45,0.0080,0.01,yes
2026-10-05T01:43:12.502313Z,KXBTC15M-26OCT042145-45,0.0120,1.00,yes
2026-10-05T01:43:12.520886Z,KXBTC15M-26OCT042145-45,0.0080,0.01,yes
2026-10-05T01:43:12.520886Z,KXBTC15M-26OCT042145-45,0.0080,0.01,yes
2026-10-05T01:43:12.577311Z,KXBTC15M-26OCT042145-45,0.0100,3.00,no
2026-10-05T01:43:12.6099Z,KXBTC15M-26OCT042145-45,0.0100,1.00,no
2026-10-05T01:43:12.61911Z,KXBTC15M-26OCT042145-45,0.0100,504.00,no
2026-10-05T01:43:12.643091Z,KXBTC15M-26OCT042145-45,0.0100,2.02,no
2026-10-05T01:43:12.649978Z,KXBTC15M-26OCT042145-45,0.0100,12.15,no
2026-10-05T01:43:12.65751Z,KXBTC15M-26OCT042145-45,0.0100,100.00,no
2026-10-05T01:43:12.678034Z,KXBTC15M-26OCT042145-45,0.0100,56.45,no
2026-10-05T01:43:12.737564Z,KXBTC15M-26OCT042145-45,0.0100,500.00,no
2026-10-05T01:43:12.737564Z,KXBTC15M-26OCT042145-45,0.0100,256.53,no
2026-10-05T01:43:12.737564Z,KXBTC15M-26OCT042145-45,0.0100,50.00,no
2026-10-05T01:43:12.737564Z,KXBTC15M-26OCT042145-45,0.0100,0.01,no
2026-10-05T01:43:12.737564Z,KXBTC15M-26OCT042145-45,0.0100,0.01,no
2026-10-05T01:43:12.737564Z,KXBTC15M-26OCT042145-45,0.0100,200.00,no
2026-10-05T01:43:12.790697Z,KXBTC15M-26OCT042145-45,0.0100,295.00,no
2026-10-05T01:43:12.800947Z,KXBTC15M-26OCT042145-45,0.0110,1.00,yes
2026-10-05T01:43:12.800947Z,KXBTC15M-26OCT042145-45,0.0110,1.00,yes
2026-10-05T01:43:12.800947Z,KXBTC15M-26OCT042145-45,0.0140,13.00,yes
2026-10-05T01:43:12.800947Z,KXBTC15M-26OCT042145-45,0.0110,0.01,yes
2026-10-05T01:43:12.800947Z,KXBTC15M-26OCT042145-45,0.0110,59.00,yes
2026-10-05T01:43:12.800947Z,KXBTC15M-26OCT042145-45,0.0110,1.00,yes
2026-10-05T01:43:12.800947Z,KXBTC15M-26OCT042145-45,0.0110,400.00,yes
2026-10-05T01:43:12.800947Z,KXBTC15M-26OCT042145-45,0.0110,0.01,yes
2026-10-05T01:43:12.800947Z,KXBTC15M-26OCT042145-45,0.0130,0.04,yes
2026-10-05T01:43:12.800947Z,KXBTC15M-26OCT042145-45,0.0140,150.00,yes
2026-10-05T01:43:12.800947Z,KXBTC15M-26OCT042145-45,0.0120,1.00,yes
2026-10-05T01:43:12.800947Z,KXBTC15M-26OCT042145-45,0.0120,0.03,yes
2026-10-05T01:43:12.800947Z,KXBTC15M-26OCT042145-45,0.0130,1.00,yes
2026-10-05T01:43:12.800947Z,KXBTC15M-26OCT042145-45,0.0140,1.00,yes
2026-10-05T01:43:12.800947Z,KXBTC15M-26OCT042145-45,0.0140,0.04,yes
2026-10-05T01:43:12.800947Z,KXBTC15M-26OCT042145-45,0.0110,100.00,yes
2026-10-05T01:43:12.800947Z,KXBTC15M-26OCT042145-45,0.0140,252.87,yes
2026-10-05T01:43:13.032219Z,KXBTC15M-26OCT042145-45,0.0100,171.59,no
2026-10-05T01:43:13.096702Z,KXBTC15M-26OCT042145-45,0.0110,104.98,yes
2026-10-05T01:43:13.096702Z,KXBTC15M-26OCT042145-45,0.0110,41.00,yes
2026-10-05T01:43:13.096702Z,KXBTC15M-26OCT042145-45,0.0110,400.00,yes
2026-10-05T01:43:13.096702Z,KXBTC15M-26OCT042145-45,0.0110,0.01,yes
2026-10-05T01:43:13.096702Z,KXBTC15M-26OCT042145-45,0.0110,100.00,yes
2026-10-05T01:43:13.096702Z,KXBTC15M-26OCT042145-45,0.0110,0.01,yes
2026-10-05T01:43:13.103529Z,KXBTC15M-26OCT042145-45,0.0100,6.00,no
2026-10-05T01:43:13.138993Z,KXBTC15M-26OCT042145-45,0.0100,10.09,no
2026-10-05T01:43:13.227879Z,KXBTC15M-26OCT042145-45,0.0100,708.00,no
2026-10-05T01:43:13.241541Z,KXBTC15M-26OCT042145-45,0.0100,77.94,no
2026-10-05T01:43:13.305961Z,KXBTC15M-26OCT042145-45,0.0100,0.01,no
2026-10-05T01:43:13.305961Z,KXBTC15M-26OCT042145-45,0.0100,50.00,no
2026-10-05T01:43:13.305961Z,KXBTC15M-26OCT042145-45,0.0100,0.01,no
2026-10-05T01:43:13.305961Z,KXBTC15M-26OCT042145-45,0.0100,80.96,no
2026-10-05T01:43:13.305961Z,KXBTC15M-26OCT042145-45,0.0100,124.38,no
2026-10-05T01:43:13.372505Z,KXBTC15M-26OCT042145-45,0.0110,0.01,yes
2026-10-05T01:43:13.372505Z,KXBTC15M-26OCT042145-45,0.0110,100.00,yes
2026-10-05T01:43:13.372505Z,KXBTC15M-26OCT042145-45,0.0110,346.98,yes
2026-10-05T01:43:13.372505Z,KXBTC15M-26OCT042145-45,0.0110,0.01,yes
2026-10-05T01:43:13.411863Z,KXBTC15M-26OCT042145-45,0.0100,42.48,no
2026-10-05T01:43:13.495058Z,KXBTC15M-26OCT042145-45,0.0100,40.24,no
2026-10-05T01:43:13.57389Z,KXBTC15M-26OCT042145-45,0.0110,25.50,yes
2026-10-05T01:43:13.663247Z,KXBTC15M-26OCT042145-45,0.0110,42.51,yes
2026-10-05T01:43:13.664386Z,KXBTC15M-26OCT042145-45,0.0110,7.13,yes
2026-10-05T01:43:13.664386Z,KXBTC15M-26OCT042145-45,0.0110,2.00,yes
2026-10-05T01:43:13.664386Z,KXBTC15M-26OCT042145-45,0.0110,100.00,yes
2026-10-05T01:43:13.664386Z,KXBTC15M-26OCT042145-45,0.0110,57.49,yes
2026-10-05T01:43:13.664386Z,KXBTC15M-26OCT042145-45,0.0110,0.01,yes
2026-10-05T01:43:13.664386Z,KXBTC15M-26OCT042145-45,0.0110,0.01,yes
2026-10-05T01:43:13.669227Z,KXBTC15M-26OCT042145-45,0.0100,189.57,no
2026-10-05T01:43:13.669227Z,KXBTC15M-26OCT042145-45,0.0100,336.32,no
2026-10-05T01:43:13.679184Z,KXBTC15M-26OCT042145-45,0.0110,310.00,yes
2026-10-05T01:43:13.682397Z,KXBTC15M-26OCT042145-45,0.0100,1.00,no
2026-10-05T01:43:13.682397Z,KXBTC15M-26OCT042145-45,0.0100,10.43,no
2026-10-05T01:43:13.682397Z,KXBTC15M-26OCT042145-45,0.0100,35.98,no
2026-10-05T01:43:13.881467Z,KXBTC15M-26OCT042145-45,0.0110,11.18,yes
2026-10-05T01:43:13.885635Z,KXBTC15M-26OCT042145-45,0.0100,29.51,no
2026-10-05T01:43:13.91104Z,KXBTC15M-26OCT042145-45,0.0100,80.75,no
2026-10-05T01:43:14.064405Z,KXBTC15M-26OCT042145-45,0.0110,3.07,yes
2026-10-05T01:43:14.228168Z,KXBTC15M-26OCT042145-45,0.0100,111.63,no
2026-10-05T01:43:14.256472Z,KXBTC15M-26OCT042145-45,0.0100,107.96,no
2026-10-05T01:43:14.258149Z,KXBTC15M-26OCT042145-45,0.0100,50.46,no
2026-10-05T01:43:14.264264Z,KXBTC15M-26OCT042145-45,0.0110,1.00,yes
2026-10-05T01:43:14.264264Z,KXBTC15M-26OCT042145-45,0.0110,15.40,yes
2026-10-05T01:43:14.264264Z,KXBTC15M-26OCT042145-45,0.0110,68.62,yes
2026-10-05T01:43:14.264788Z,KXBTC15M-26OCT042145-45,0.0110,0.01,yes
2026-10-05T01:43:14.264788Z,KXBTC15M-26OCT042145-45,0.0110,57.00,yes
2026-10-05T01:43:14.264788Z,KXBTC15M-26OCT042145-45,0.0110,84.60,yes
2026-10-05T01:43:14.264788Z,KXBTC15M-26OCT042145-45,0.0110,51.38,yes
2026-10-05T01:43:14.264788Z,KXBTC15M-26OCT042145-45,0.0110,0.01,yes
2026-10-05T01:43:14.326516Z,KXBTC15M-26OCT042145-45,0.0100,6.91,no
2026-10-05T01:43:14.349588Z,KXBTC15M-26OCT042145-45,0.0110,85.02,yes
2026-10-05T01:43:14.382986Z,KXBTC15M-26OCT042145-45,0.0080,187.08,no
2026-10-05T01:43:14.382986Z,KXBTC15M-26OCT042145-45,0.0100,0.01,no
2026-10-05T01:43:14.382986Z,KXBTC15M-26OCT042145-45,0.0100,200.00,no
2026-10-05T01:43:14.382986Z,KXBTC15M-26OCT042145-45,0.0090,407.00,no
2026-10-05T01:43:14.382986Z,KXBTC15M-26OCT042145-45,0.0100,0.01,no
2026-10-05T01:43:14.382986Z,KXBTC15M-26OCT042145-45,0.0100,43.09,no
2026-10-05T01:43:14.382986Z,KXBTC15M-26OCT042145-45,0.0090,200.00,no
2026-10-05T01:43:14.382986Z,KXBTC15M-26OCT042145-45,0.0100,366.94,no
2026-10-05T01:43:14.382986Z,KXBTC15M-26OCT042145-45,0.0100,366.00,no
2026-10-05T01:43:14.385675Z,KXBTC15M-26OCT042145-45,0.0110,147.60,yes
2026-10-05T01:43:14.385675Z,KXBTC15M-26OCT042145-45,0.0110,19.04,yes
2026-10-05T01:43:14.430748Z,KXBTC15M-26OCT042145-45,0.0100,5.86,no
2026-10-05T01:43:14.430748Z,KXBTC15M-26OCT042145-45,0.0100,0.01,no
2026-10-05T01:43:14.61024Z,KXBTC15M-26OCT042145-45,0.0110,80.96,yes
2026-10-05T01:43:14.61024Z,KXBTC15M-26OCT042145-45,0.0110,59.04,yes
2026-10-05T01:43:14.650595Z,KXBTC15M-26OCT042145-45,0.0100,3.02,no
2026-10-05T01:43:14.723133Z,KXBTC15M-26OCT042145-45,0.0100,21.70,no
2026-10-05T01:43:14.819076Z,KXBTC15M-26OCT042145-45,0.0080,30.86,no
2026-10-05T01:43:14.819076Z,KXBTC15M-26OCT042145-45,0.0100,0.01,no
2026-10-05T01:43:14.819076Z,KXBTC15M-26OCT042145-45,0.0100,19.42,no
2026-10-05T01:43:14.819076Z,KXBTC15M-26OCT042145-45,0.0100,0.01,no
2026-10-05T01:43:14.844661Z,KXBTC15M-26OCT042145-45,0.0100,0.01,no
2026-10-05T01:43:14.844661Z,KXBTC15M-26OCT042145-45,0.0100,11.39,no
2026-10-05T01:43:14.883272Z,KXBTC15M-26OCT042145-45,0.0100,10.00,no
2026-10-05T01:43:14.883879Z,KXBTC15M-26OCT042145-45,0.0080,14.98,no
2026-10-05T01:43:14.883879Z,KXBTC15M-26OCT042145-45,0.0100,0.01,no
2026-10-05T01:43:14.883879Z,KXBTC15M-26OCT042145-45,0.0100,0.01,no
2026-10-05T01:43:14.883879Z,KXBTC15M-26OCT042145-45,0.0080,381.06,no
2026-10-05T01:43:14.883879Z,KXBTC15M-26OCT042145-45,0.0100,28.61,no
2026-10-05T01:43:14.883879Z,KXBTC15M-26OCT042145-45,0.0080,59.00,no
2026-10-05T01:43:14.930225Z,KXBTC15M-26OCT042145-45,0.0100,50.00,no
2026-10-05T01:43:14.930225Z,KXBTC15M-26OCT042145-45,0.0100,0.01,no
2026-10-05T01:43:14.930225Z,KXBTC15M-26OCT042145-45,0.0100,0.01,no
2026-10-05T01:43:14.935661Z,KXBTC15M-26OCT042145-45,0.0100,16.00,yes
2026-10-05T01:43:14.935661Z,KXBTC15M-26OCT042145-45,0.0110,31.00,yes
2026-10-05T01:43:14.935661Z,KXBTC15M-26OCT042145-45,0.0100,0.01,yes
2026-10-05T01:43:14.935661Z,KXBTC15M-26OCT042145-45,0.0110,100.00,yes
2026-10-05T01:43:14.935661Z,KXBTC15M-26OCT042145-45,0.0110,200.00,yes
2026-10-05T01:43:14.935661Z,KXBTC15M-26OCT042145-45,0.0110,800.00,yes
2026-10-05T01:43:14.935661Z,KXBTC15M-26OCT042145-45,0.0110,340.96,yes
2026-10-05T01:43:14.935661Z,KXBTC15M-26OCT042145-45,0.0100,0.01,yes
2026-10-05T01:43:14.935661Z,KXBTC15M-26OCT042145-45,0.0110,0.01,yes
2026-10-05T01:43:14.935661Z,KXBTC15M-26OCT042145-45,0.0100,49.98,yes
2026-10-05T01:43:14.935661Z,KXBTC15M-26OCT042145-45,0.0110,1.00,yes
2026-10-05T01:43:14.935661Z,KXBTC15M-26OCT042145-45,0.0110,667.00,yes
2026-10-05T01:43:14.935661Z,KXBTC15M-26OCT042145-45,0.0110,0.01,yes
2026-10-05T01:43:14.935661Z,KXBTC15M-26OCT042145-45,0.0110,76.00,yes
2026-10-05T01:43:14.959631Z,KXBTC15M-26OCT042145-45,0.0080,0.01,no
2026-10-05T01:43:14.959631Z,KXBTC15M-26OCT042145-45,0.0080,0.01,no
2026-10-05T01:43:14.959631Z,KXBTC15M-26OCT042145-45,0.0080,9.86,no
2026-10-05T01:43:15.012691Z,KXBTC15M-26OCT042145-45,0.0080,0.01,no
2026-10-05T01:43:15.012691Z,KXBTC15M-26OCT042145-45,0.0070,80.62,no
2026-10-05T01:43:15.012691Z,KXBTC15M-26OCT042145-45,0.0080,0.01,no
2026-10-05T01:43:15.012691Z,KXBTC15M-26OCT042145-45,0.0070,100.00,no
2026-10-05T01:43:15.012691Z,KXBTC15M-26OCT042145-45,0.0070,15.00,no
2026-10-05T01:43:15.012691Z,KXBTC15M-26OCT042145-45,0.0070,15.00,no
2026-10-05T01:43:15.012691Z,KXBTC15M-26OCT042145-45,0.0070,15.00,no
2026-10-05T01:43:15.012691Z,KXBTC15M-26OCT042145-45,0.0070,15.00,no
2026-10-05T01:43:15.012691Z,KXBTC15M-26OCT042145-45,0.0070,2.00,no
2026-10-05T01:43:15.012691Z,KXBTC15M-26OCT042145-45,0.0070,15.00,no
2026-10-05T01:43:15.030097Z,KXBTC15M-26OCT042145-45,0.0070,0.01,no
2026-10-05T01:43:15.030097Z,KXBTC15M-26OCT042145-45,0.0070,0.01,no
2026-10-05T01:43:15.030097Z,KXBTC15M-26OCT042145-45,0.0070,98.79,no
2026-10-05T01:43:15.151552Z,KXBTC15M-26OCT042145-45,0.0080,0.01,yes
2026-10-05T01:43:15.151552Z,KXBTC15M-26OCT042145-45,0.0080,15.00,yes
2026-10-05T01:43:15.151552Z,KXBTC15M-26OCT042145-45,0.0080,256.00,yes
2026-10-05T01:43:15.151552Z,KXBTC15M-26OCT042145-45,0.0080,200.00,yes
2026-10-05T01:43:15.151552Z,KXBTC15M-26OCT042145-45,0.0080,400.00,yes
2026-10-05T01:43:15.151552Z,KXBTC15M-26OCT042145-45,0.0080,0.01,yes
2026-10-05T01:43:15.156537Z,KXBTC15M-26OCT042145-45,0.0090,0.02,yes
2026-10-05T01:43:15.185469Z,KXBTC15M-26OCT042145-45,0.0080,21.32,yes
2026-10-05T01:43:15.185469Z,KXBTC15M-26OCT042145-45,0.0080,0.01,yes
2026-10-05T01:43:15.185469Z,KXBTC15M-26OCT042145-45,0.0080,15.00,yes
2026-10-05T01:43:15.234386Z,KXBTC15M-26OCT042145-45,0.0080,0.01,yes
2026-10-05T01:43:15.234386Z,KXBTC15M-26OCT042145-45,0.0080,1.78,yes
2026-10-05T01:43:15.253752Z,KXBTC15M-26OCT042145-45,0.0150,2506.21,yes
2026-10-05T01:43:15.253752Z,KXBTC15M-26OCT042145-45,0.0150,0.07,yes
2026-10-05T01:43:15.253752Z,KXBTC15M-26OCT042145-45,0.0140,1.00,yes
2026-10-05T01:43:15.253752Z,KXBTC15M-26OCT042145-45,0.0120,1.00,yes
2026-10-05T01:43:15.253752Z,KXBTC15M-26OCT042145-45,0.0140,0.04,yes
2026-10-05T01:43:15.253752Z,KXBTC15M-26OCT042145-45,0.0130,1.00,yes
2026-10-05T01:43:15.253752Z,KXBTC15M-26OCT042145-45,0.0130,0.03,yes
2026-10-05T01:43:15.253752Z,KXBTC15M-26OCT042145-45,0.0130,15.00,yes
2026-10-05T01:43:15.253752Z,KXBTC15M-26OCT042145-45,0.0090,0.01,yes
2026-10-05T01:43:15.253752Z,KXBTC15M-26OCT042145-45,0.0140,13.00,yes
2026-10-05T01:43:15.253752Z,KXBTC15M-26OCT042145-45,0.0080,0.01,yes
2026-10-05T01:43:15.253752Z,KXBTC15M-26OCT042145-45,0.0080,13.22,yes
2026-10-05T01:43:15.253752Z,KXBTC15M-26OCT042145-45,0.0090,944.00,yes
2026-10-05T01:43:15.253752Z,KXBTC15M-26OCT042145-45,0.0080,0.01,yes
2026-10-05T01:43:15.253752Z,KXBTC15M-26OCT042145-45,0.0090,116.00,yes
2026-10-05T01:43:15.253752Z,KXBTC15M-26OCT042145-45,0.0140,2.00,yes
2026-10-05T01:43:15.253752Z,KXBTC15M-26OCT042145-45,0.0130,15.00,yes
2026-10-05T01:43:15.253752Z,KXBTC15M-26OCT042145-45,0.0100,39.00,yes
2026-10-05T01:43:15.253752Z,KXBTC15M-26OCT042145-45,0.0100,40.40,yes
2026-10-05T01:43:15.253752Z,KXBTC15M-26OCT042145-45,0.0100,1.00,yes
2026-10-05T01:43:15.253752Z,KXBTC15M-26OCT042145-45,0.0110,1.00,yes
2026-10-05T01:43:15.270448Z,KXBTC15M-26OCT042145-45,0.0080,0.01,yes
2026-10-05T01:43:15.29312Z,KXBTC15M-26OCT042145-45,0.0070,0.01,no
2026-10-05T01:43:15.29312Z,KXBTC15M-26OCT042145-45,0.0070,15.00,no
2026-10-05T01:43:15.29312Z,KXBTC15M-26OCT042145-45,0.0070,100.00,no
2026-10-05T01:43:15.29312Z,KXBTC15M-26OCT042145-45,0.0070,0.01,no
2026-10-05T01:43:15.29312Z,KXBTC15M-26OCT042145-45,0.0070,200.00,no
2026-10-05T01:43:15.29312Z,KXBTC15M-26OCT042145-45,0.0070,38.95,no
2026-10-05T01:43:15.326833Z,KXBTC15M-26OCT042145-45,0.0080,15.00,yes
2026-10-05T01:43:15.326833Z,KXBTC15M-26OCT042145-45,0.0080,0.01,yes
2026-10-05T01:43:15.326833Z,KXBTC15M-26OCT042145-45,0.0080,0.01,yes
2026-10-05T01:43:15.326833Z,KXBTC15M-26OCT042145-45,0.0110,21.30,yes
2026-10-05T01:43:15.358982Z,KXBTC15M-26OCT042145-45,0.0070,100.70,no
2026-10-05T01:43:15.392677Z,KXBTC15M-26OCT042145-45,0.0080,7.26,yes
2026-10-05T01:43:15.397274Z,KXBTC15M-26OCT042145-45,0.0080,7.74,yes
2026-10-05T01:43:15.397274Z,KXBTC15M-26OCT042145-45,0.0080,0.01,yes
2026-10-05T01:43:15.519522Z,KXBTC15M-26OCT042145-45,0.0100,1.00,no
2026-10-05T01:43:15.543923Z,KXBTC15M-26OCT042145-45,0.0110,0.01,yes
2026-10-05T01:43:15.543923Z,KXBTC15M-26OCT042145-45,0.0110,7.25,yes
2026-10-05T01:43:15.636286Z,KXBTC15M-26OCT042145-45,0.0100,0.06,no
2026-10-05T01:43:15.636286Z,KXBTC15M-26OCT042145-45,0.0100,0.01,no
2026-10-05T01:43:15.636286Z,KXBTC15M-26OCT042145-45,0.0100,1.04,no
2026-10-05T01:43:15.636286Z,KXBTC15M-26OCT042145-45,0.0100,200.00,no
2026-10-05T01:43:15.636286Z,KXBTC15M-26OCT042145-45,0.0100,253.88,no
2026-10-05T01:43:15.636286Z,KXBTC15M-26OCT042145-45,0.0100,50.00,no
2026-10-05T01:43:15.636286Z,KXBTC15M-26OCT042145-45,0.0100,0.01,no
2026-10-05T01:43:15.777289Z,KXBTC15M-26OCT042145-45,0.0100,6.29,no
2026-10-05T01:43:15.825429Z,KXBTC15M-26OCT042145-45,0.0150,740.16,yes
2026-10-05T01:43:15.825429Z,KXBTC15M-26OCT042145-45,0.0110,49.75,yes
2026-10-05T01:43:15.825429Z,KXBTC15M-26OCT042145-45,0.0110,0.01,yes
2026-10-05T01:43:15.825429Z,KXBTC15M-26OCT042145-45,0.0140,956.00,yes
2026-10-05T01:43:15.825429Z,KXBTC15M-26OCT042145-45,0.0140,13.00,yes
2026-10-05T01:43:15.825429Z,KXBTC15M-26OCT042145-45,0.0130,0.03,yes
2026-10-05T01:43:15.825429Z,KXBTC15M-26OCT042145-45,0.0140,150.00,yes
2026-10-05T01:43:15.825429Z,KXBTC15M-26OCT042145-45,0.0110,400.00,yes
2026-10-05T01:43:15.825429Z,KXBTC15M-26OCT042145-45,0.0140,0.04,yes
2026-10-05T01:43:15.825429Z,KXBTC15M-26OCT042145-45,0.0110,100.00,yes
2026-10-05T01:43:15.825429Z,KXBTC15M-26OCT042145-45,0.0140,96.00,yes
2026-10-05T01:43:15.825429Z,KXBTC15M-26OCT042145-45,0.0110,0.01,yes
2026-10-05T01:43:15.861533Z,KXBTC15M-26OCT042145-45,0.0100,55.59,no
2026-10-05T01:43:15.920148Z,KXBTC15M-26OCT042145-45,0.0110,400.00,yes
2026-10-05T01:43:15.920148Z,KXBTC15M-26OCT042145-45,0.0110,25.10,yes
2026-10-05T01:43:15.920148Z,KXBTC15M-26OCT042145-45,0.0110,0.01,yes
2026-10-05T01:43:15.973263Z,KXBTC15M-26OCT042145-45,0.0100,92.86,no
2026-10-05T01:43:16.005705Z,KXBTC15M-26OCT042145-45,0.0100,252.31,no
2026-10-05T01:43:16.054454Z,KXBTC15M-26OCT042145-45,0.0050,1000.00,no
2026-10-05T01:43:16.054454Z,KXBTC15M-26OCT042145-45,0.0030,250.00,no
2026-10-05T01:43:16.054454Z,KXBTC15M-26OCT042145-45,0.0040,10.00,no
2026-10-05T01:43:16.054454Z,KXBTC15M-26OCT042145-45,0.0100,265.25,no
2026-10-05T01:43:16.054454Z,KXBTC15M-26OCT042145-45,0.0030,123.09,no
2026-10-05T01:43:16.054454Z,KXBTC15M-26OCT042145-45,0.0070,10.00,no
2026-10-05T01:43:16.054454Z,KXBTC15M-26OCT042145-45,0.0040,15.00,no
2026-10-05T01:43:16.054454Z,KXBTC15M-26OCT042145-45,0.0050,15.00,no
2026-10-05T01:43:16.054454Z,KXBTC15M-26OCT042145-45,0.0040,15.00,no
2026-10-05T01:43:16.054454Z,KXBTC15M-26OCT042145-45,0.0050,250.94,no
2026-10-05T01:43:16.054454Z,KXBTC15M-26OCT042145-45,0.0060,15.00,no
2026-10-05T01:43:16.054454Z,KXBTC15M-26OCT042145-45,0.0060,15.00,no
2026-10-05T01:43:16.054454Z,KXBTC15M-26OCT042145-45,0.0050,2.00,no
2026-10-05T01:43:16.054454Z,KXBTC15M-26OCT042145-45,0.0040,15.00,no
2026-10-05T01:43:16.054454Z,KXBTC15M-26OCT042145-45,0.0040,2.00,no
2026-10-05T01:43:16.054454Z,KXBTC15M-26OCT042145-45,0.0050,2.00,no
2026-10-05T01:43:16.054454Z,KXBTC15M-26OCT042145-45,0.0060,2.00,no
2026-10-05T01:43:16.054454Z,KXBTC15M-26OCT042145-45,0.0070,98.00,no
2026-10-05T01:43:16.054454Z,KXBTC15M-26OCT042145-45,0.0040,6.00,no
2026-10-05T01:43:16.054454Z,KXBTC15M-26OCT042145-45,0.0050,15.00,no
2026-10-05T01:43:16.054454Z,KXBTC15M-26OCT042145-45,0.0100,803.07,no
2026-10-05T01:43:16.054454Z,KXBTC15M-26OCT042145-45,0.0100,0.01,no
2026-10-05T01:43:16.054454Z,KXBTC15M-26OCT042145-45,0.0050,64.00,no
2026-10-05T01:43:16.054454Z,KXBTC15M-26OCT042145-45,0.0050,64.00,no
2026-10-05T01:43:16.054454Z,KXBTC15M-26OCT042145-45,0.0070,15.00,no
2026-10-05T01:43:16.054454Z,KXBTC15M-26OCT042145-45,0.0050,15.00,no
2026-10-05T01:43:16.054454Z,KXBTC15M-26OCT042145-45,0.0070,2.00,no
2026-10-05T01:43:16.054454Z,KXBTC15M-26OCT042145-45,0.0100,731.00,no
2026-10-05T01:43:16.054454Z,KXBTC15M-26OCT042145-45,0.0060,20.00,no
2026-10-05T01:43:16.054454Z,KXBTC15M-26OCT042145-45,0.0100,500.00,no
2026-10-05T01:43:16.054454Z,KXBTC15M-26OCT042145-45,0.0050,93.75,no
2026-10-05T01:43:16.054454Z,KXBTC15M-26OCT042145-45,0.0100,0.01,no
2026-10-05T01:43:16.054454Z,KXBTC15M-26OCT042145-45,0.0100,0.01,no
2026-10-05T01:43:16.054454Z,KXBTC15M-26OCT042145-45,0.0070,15.00,no
2026-10-05T01:43:16.054454Z,KXBTC15M-26OCT042145-45,0.0090,200.00,no
2026-10-05T01:43:16.054454Z,KXBTC15M-26OCT042145-45,0.0100,50.00,no
2026-10-05T01:43:16.054454Z,KXBTC15M-26OCT042145-45,0.0050,93.75,no
2026-10-05T01:43:16.054454Z,KXBTC15M-26OCT042145-45,0.0070,15.00,no
2026-10-05T01:43:16.054454Z,KXBTC15M-26OCT042145-45,0.0100,200.00,no
2026-10-05T01:43:16.054454Z,KXBTC15M-26OCT042145-45,0.0070,15.00,no
2026-10-05T01:43:16.054454Z,KXBTC15M-26OCT042145-45,0.0060,2.00,no
2026-10-05T01:43:16.133756Z,KXBTC15M-26OCT042145-45,0.0110,100.00,yes
2026-10-05T01:43:16.133756Z,KXBTC15M-26OCT042145-45,0.0110,400.00,yes
2026-10-05T01:43:16.133756Z,KXBTC15M-26OCT042145-45,0.0110,0.01,yes
2026-10-05T01:43:16.133756Z,KXBTC15M-26OCT042145-45,0.0110,1161.99,yes
2026-10-05T01:43:16.14748Z,KXBTC15M-26OCT042145-45,0.0110,70.00,yes
2026-10-05T01:43:16.14748Z,KXBTC15M-26OCT042145-45,0.0110,255.05,yes
2026-10-05T01:43:16.14748Z,KXBTC15M-26OCT042145-45,0.0110,0.01,yes
2026-10-05T01:43:16.169101Z,KXBTC15M-26OCT042145-45,0.0110,1.70,yes
2026-10-05T01:43:16.29005Z,KXBTC15M-26OCT042145-45,0.0110,15.00,yes
2026-10-05T01:43:16.395513Z,KXBTC15M-26OCT042145-45,0.0100,446.66,no
2026-10-05T01:43:16.395513Z,KXBTC15M-26OCT042145-45,0.0100,1500.00,no
2026-10-05T01:43:16.395513Z,KXBTC15M-26OCT042145-45,0.0100,0.01,no
2026-10-05T01:43:16.395513Z,KXBTC15M-26OCT042145-45,0.0100,0.01,no
2026-10-05T01:43:16.395513Z,KXBTC15M-26OCT042145-45,0.0100,200.00,no
2026-10-05T01:43:16.395513Z,KXBTC15M-26OCT042145-45,0.0100,50.00,no
2026-10-05T01:43:16.435857Z,KXBTC15M-26OCT042145-45,0.0110,84.54,yes
2026-10-05T01:43:16.472785Z,KXBTC15M-26OCT042145-45,0.0110,4.00,yes
2026-10-05T01:43:16.474484Z,KXBTC15M-26OCT042145-45,0.0100,7.83,no
2026-10-05T01:43:16.474484Z,KXBTC15M-26OCT042145-45,0.0100,0.01,no
2026-10-05T01:43:16.474484Z,KXBTC15M-26OCT042145-45,0.0100,0.01,no
2026-10-05T01:43:16.486109Z,KXBTC15M-26OCT042145-45,0.0110,0.04,yes
2026-10-05T01:43:16.528047Z,KXBTC15M-26OCT042145-45,0.0100,2.01,no
2026-10-05T01:43:16.542871Z,KXBTC15M-26OCT042145-45,0.0100,0.01,no
2026-10-05T01:43:16.542871Z,KXBTC15M-26OCT042145-45,0.0100,40.16,no
2026-10-05T01:43:16.542871Z,KXBTC15M-26OCT042145-45,0.0100,0.01,no
2026-10-05T01:43:16.586774Z,KXBTC15M-26OCT042145-45,0.0100,0.01,no
2026-10-05T01:43:16.586774Z,KXBTC15M-26OCT042145-45,0.0100,50.00,no
2026-10-05T01:43:16.586774Z,KXBTC15M-26OCT042145-45,0.0050,51.05,no
2026-10-05T01:43:16.586774Z,KXBTC15M-26OCT042145-45,0.0090,15.00,no
2026-10-05T01:43:16.586774Z,KXBTC15M-26OCT042145-45,0.0050,15.00,no
2026-10-05T01:43:16.586774Z,KXBTC15M-26OCT042145-45,0.0090,0.01,no
2026-10-05T01:43:16.586774Z,KXBTC15M-26OCT042145-45,0.0070,83.00,no
2026-10-05T01:43:16.586774Z,KXBTC15M-26OCT042145-45,0.0090,0.01,no
2026-10-05T01:43:16.586774Z,KXBTC15M-26OCT042145-45,0.0050,15.00,no
2026-10-05T01:43:16.586774Z,KXBTC15M-26OCT042145-45,0.0100,0.01,no
2026-10-05T01:43:16.650092Z,KXBTC15M-26OCT042145-45,0.0070,100.00,yes
2026-10-05T01:43:16.691305Z,KXBTC15M-26OCT042145-45,0.0070,36.33,yes
2026-10-05T01:43:16.727738Z,KXBTC15M-26OCT042145-45,0.0070,1.70,yes
2026-10-05T01:43:16.800645Z,KXBTC15M-26OCT042145-45,0.0070,463.00,yes
2026-10-05T01:43:16.845142Z,KXBTC15M-26OCT042145-45,0.0060,8.43,no
2026-10-05T01:43:16.845142Z,KXBTC15M-26OCT042145-45,0.0060,0.01,no
2026-10-05T01:43:16.845142Z,KXBTC15M-26OCT042145-45,0.0060,0.01,no
2026-10-05T01:43:16.845142Z,KXBTC15M-26OCT042145-45,0.0060,96.00,no
2026-10-05T01:43:16.863399Z,KXBTC15M-26OCT042145-45,0.0070,15.00,yes
2026-10-05T01:43:16.863399Z,KXBTC15M-26OCT042145-45,0.0070,0.01,yes
2026-10-05T01:43:16.863399Z,KXBTC15M-26OCT042145-45,0.0070,0.01,yes
2026-10-05T01:43:16.882022Z,KXBTC15M-26OCT042145-45,0.0070,0.01,yes
2026-10-05T01:43:16.882022Z,KXBTC15M-26OCT042145-45,0.0090,850.21,yes
2026-10-05T01:43:16.882022Z,KXBTC15M-26OCT042145-45,0.0070,0.01,yes
2026-10-05T01:43:16.919193Z,KXBTC15M-26OCT042145-45,0.0070,0.01,yes
2026-10-05T01:43:16.919193Z,KXBTC15M-26OCT042145-45,0.0070,0.01,yes
2026-10-05T01:43:16.919193Z,KXBTC15M-26OCT042145-45,0.0070,15.00,yes
2026-10-05T01:43:16.919193Z,KXBTC15M-26OCT042145-45,0.0090,6.29,yes
2026-10-05T01:43:16.93471Z,KXBTC15M-26OCT042145-45,0.0060,45.25,no
2026-10-05T01:43:17.003296Z,KXBTC15M-26OCT042145-45,0.0070,0.02,yes
2026-10-05T01:43:17.071937Z,KXBTC15M-26OCT042145-45,0.0070,7.26,yes
2026-10-05T01:43:17.076326Z,KXBTC15M-26OCT042145-45,0.0070,0.01,yes
2026-10-05T01:43:17.076326Z,KXBTC15M-26OCT042145-45,0.0090,799.76,yes
2026-10-05T01:43:17.076326Z,KXBTC15M-26OCT042145-45,0.0090,359.50,yes
2026-10-05T01:43:17.076326Z,KXBTC15M-26OCT042145-45,0.0090,44.00,yes
2026-10-05T01:43:17.076326Z,KXBTC15M-26OCT042145-45,0.0070,0.01,yes
2026-10-05T01:43:17.076326Z,KXBTC15M-26OCT042145-45,0.0070,7.72,yes
2026-10-05T01:43:17.205997Z,KXBTC15M-26OCT042145-45,0.0060,9.68,no
2026-10-05T01:43:17.215542Z,KXBTC15M-26OCT042145-45,0.0070,7.26,yes
2026-10-05T01:43:17.254964Z,KXBTC15M-26OCT042145-45,0.0070,2.00,yes
2026-10-05T01:43:17.285427Z,KXBTC15M-26OCT042145-45,0.0060,35.55,no
2026-10-05T01:43:17.285427Z,KXBTC15M-26OCT042145-45,0.0060,36.64,no
2026-10-05T01:43:17.350887Z,KXBTC15M-26OCT042145-45,0.0090,1.50,yes
2026-10-05T01:43:17.350887Z,KXBTC15M-26OCT042145-45,0.0070,0.01,yes
2026-10-05T01:43:17.350887Z,KXBTC15M-26OCT042145-45,0.0070,5.74,yes
2026-10-05T01:43:17.350887Z,KXBTC15M-26OCT042145-45,0.0070,0.01,yes
2026-10-05T01:43:17.394737Z,KXBTC15M-26OCT042145-45,0.0070,0.01,yes
2026-10-05T01:43:17.42935Z,KXBTC15M-26OCT042145-45,0.0090,0.01,yes
2026-10-05T01:43:17.42935Z,KXBTC15M-26OCT042145-45,0.0090,0.01,yes
2026-10-05T01:43:17.459385Z,KXBTC15M-26OCT042145-45,0.0100,60.00,yes
2026-10-05T01:43:17.459385Z,KXBTC15M-26OCT042145-45,0.0090,15.00,yes
2026-10-05T01:43:17.459385Z,KXBTC15M-26OCT042145-45,0.0100,42.11,yes
2026-10-05T01:43:17.459385Z,KXBTC15M-26OCT042145-45,0.0090,500.00,yes
2026-10-05T01:43:17.459385Z,KXBTC15M-26OCT042145-45,0.0090,74.89,yes
2026-10-05T01:43:17.459385Z,KXBTC15M-26OCT042145-45,0.0100,2.00,yes
2026-10-05T01:43:17.459385Z,KXBTC15M-26OCT042145-45,0.0100,200.00,yes
2026-10-05T01:43:17.459385Z,KXBTC15M-26OCT042145-45,0.0100,50.00,yes
2026-10-05T01:43:17.557526Z,KXBTC15M-26OCT042145-45,0.0070,1.00,no
2026-10-05T01:43:17.585464Z,KXBTC15M-26OCT042145-45,0.0070,400.00,no
2026-10-05T01:43:17.585464Z,KXBTC15M-26OCT042145-45,0.0070,200.00,no
2026-10-05T01:43:17.585464Z,KXBTC15M-26OCT042145-45,0.0070,0.01,no
2026-10-05T01:43:17.585464Z,KXBTC15M-26OCT042145-45,0.0070,0.49,no
2026-10-05T01:43:17.585464Z,KXBTC15M-26OCT042145-45,0.0070,0.01,no
2026-10-05T01:43:17.585464Z,KXBTC15M-26OCT042145-45,0.0070,17.80,no
2026-10-05T01:43:17.585464Z,KXBTC15M-26OCT042145-45,0.0070,15.00,no
2026-10-05T01:43:17.602497Z,KXBTC15M-26OCT042145-45,0.0070,0.89,no
2026-10-05T01:43:17.767536Z,KXBTC15M-26OCT042145-45,0.0070,107.61,no
2026-10-05T01:43:17.767536Z,KXBTC15M-26OCT042145-45,0.0070,500.00,no
2026-10-05T01:43:17.767536Z,KXBTC15M-26OCT042145-45,0.0070,81.31,no
2026-10-05T01:43:17.767536Z,KXBTC15M-26OCT042145-45,0.0070,15.00,no
2026-10-05T01:43:18.071341Z,KXBTC15M-26OCT042145-45,0.0100,0.01,yes
2026-10-05T01:43:18.071341Z,KXBTC15M-26OCT042145-45,0.0100,100.00,yes
2026-10-05T01:43:18.071341Z,KXBTC15M-26OCT042145-45,0.0100,0.01,yes
2026-10-05T01:43:18.071341Z,KXBTC15M-26OCT042145-45,0.0100,42.00,yes
2026-10-05T01:43:18.071341Z,KXBTC15M-26OCT042145-45,0.0100,50.00,yes
2026-10-05T01:43:18.071341Z,KXBTC15M-26OCT042145-45,0.0100,314.44,yes
2026-10-05T01:43:18.071341Z,KXBTC15M-26OCT042145-45,0.0100,220.54,yes
2026-10-05T01:43:18.214847Z,KXBTC15M-26OCT042145-45,0.0090,243.40,no
2026-10-05T01:43:18.337214Z,KXBTC15M-26OCT042145-45,0.0100,50.00,yes
2026-10-05T01:43:18.337214Z,KXBTC15M-26OCT042145-45,0.0110,250.00,yes
2026-10-05T01:43:18.337214Z,KXBTC15M-26OCT042145-45,0.0110,306.00,yes
2026-10-05T01:43:18.337214Z,KXBTC15M-26OCT042145-45,0.0110,2.00,yes
2026-10-05T01:43:18.568402Z,KXBTC15M-26OCT042145-45,0.0110,60.00,yes
2026-10-05T01:43:18.568402Z,KXBTC15M-26OCT042145-45,0.0110,25.00,yes
2026-10-05T01:43:18.568402Z,KXBTC15M-26OCT042145-45,0.0110,100.00,yes
2026-10-05T01:43:18.568402Z,KXBTC15M-26OCT042145-45,0.0110,15.00,yes
2026-10-05T01:43:18.568402Z,KXBTC15M-26OCT042145-45,0.0110,194.00,yes
2026-10-05T01:43:18.664016Z,KXBTC15M-26OCT042145-45,0.0100,51.13,no
2026-10-05T01:43:18.790769Z,KXBTC15M-26OCT042145-45,0.0100,0.04,no
2026-10-05T01:43:18.878974Z,KXBTC15M-26OCT042145-45,0.0110,6.00,yes
2026-10-05T01:43:18.878974Z,KXBTC15M-26OCT042145-45,0.0110,36.51,yes
2026-10-05T01:43:18.882671Z,KXBTC15M-26OCT042145-45,0.0110,5.49,yes
2026-10-05T01:43:18.882671Z,KXBTC15M-26OCT042145-45,0.0110,37.02,yes
2026-10-05T01:43:18.950223Z,KXBTC15M-26OCT042145-45,0.0110,148.51,yes
2026-10-05T01:43:18.997584Z,KXBTC15M-26OCT042145-45,0.0100,73.13,no
2026-10-05T01:43:18.997584Z,KXBTC15M-26OCT042145-45,0.0100,500.00,no
2026-10-05T01:43:18.997584Z,KXBTC15M-26OCT042145-45,0.0100,0.01,no
2026-10-05T01:43:18.997584Z,KXBTC15M-26OCT042145-45,0.0100,0.01,no
2026-10-05T01:43:18.997584Z,KXBTC15M-26OCT042145-45,0.0100,200.00,no
2026-10-05T01:43:18.997584Z,KXBTC15M-26OCT042145-45,0.0100,50.00,no
2026-10-05T01:43:18.997584Z,KXBTC15M-26OCT042145-45,0.0100,680.83,no
2026-10-05T01:43:19.149159Z,KXBTC15M-26OCT042145-45,0.0110,0.01,no
2026-10-05T01:43:19.149159Z,KXBTC15M-26OCT042145-45,0.0110,0.01,no
2026-10-05T01:43:19.149159Z,KXBTC15M-26OCT042145-45,0.0110,15.00,no
2026-10-05T01:43:19.157991Z,KXBTC15M-26OCT042145-45,0.0100,144.38,no
2026-10-05T01:43:19.157991Z,KXBTC15M-26OCT042145-45,0.0110,0.01,no
2026-10-05T01:43:19.266296Z,KXBTC15M-26OCT042145-45,0.0100,28.24,no
2026-10-05T01:43:19.266296Z,KXBTC15M-26OCT042145-45,0.0110,0.01,no
2026-10-05T01:43:19.266296Z,KXBTC15M-26OCT042145-45,0.0110,0.01,no
2026-10-05T01:43:19.311185Z,KXBTC15M-26OCT042145-45,0.0100,3.91,no
2026-10-05T01:43:19.311185Z,KXBTC15M-26OCT042145-45,0.0110,0.01,no
2026-10-05T01:43:19.311185Z,KXBTC15M-26OCT042145-45,0.0110,0.01,no
2026-10-05T01:43:19.351173Z,KXBTC15M-26OCT042145-45,0.0100,46.56,no
2026-10-05T01:43:19.405392Z,KXBTC15M-26OCT042145-45,0.0100,47.94,no
2026-10-05T01:43:19.407618Z,KXBTC15M-26OCT042145-45,0.0110,0.01,yes
2026-10-05T01:43:19.407618Z,KXBTC15M-26OCT042145-45,0.0110,15.00,yes
2026-10-05T01:43:19.407618Z,KXBTC15M-26OCT042145-45,0.0110,151.62,yes
2026-10-05T01:43:19.407618Z,KXBTC15M-26OCT042145-45,0.0110,0.01,yes
2026-10-05T01:43:19.432325Z,KXBTC15M-26OCT042145-45,0.0100,19.97,no
2026-10-05T01:43:19.432325Z,KXBTC15M-26OCT042145-45,0.0100,44.94,no
2026-10-05T01:43:19.432325Z,KXBTC15M-26OCT042145-45,0.0100,50.00,no
2026-10-05T01:43:19.461184Z,KXBTC15M-26OCT042145-45,0.0100,15.47,no
2026-10-05T01:43:19.465626Z,KXBTC15M-26OCT042145-45,0.0100,304.59,no
2026-10-05T01:43:19.465626Z,KXBTC15M-26OCT042145-45,0.0100,0.01,no
2026-10-05T01:43:19.465626Z,KXBTC15M-26OCT042145-45,0.0090,200.00,no
2026-10-05T01:43:19.465626Z,KXBTC15M-26OCT042145-45,0.0100,0.01,no
2026-10-05T01:43:19.465626Z,KXBTC15M-26OCT042145-45,0.0100,200.00,no
2026-10-05T01:43:19.465626Z,KXBTC15M-26OCT042145-45,0.0100,15.00,no
2026-10-05T01:43:19.475644Z,KXBTC15M-26OCT042145-45,0.0090,85.02,yes
2026-10-05T01:43:19.493064Z,KXBTC15M-26OCT042145-45,0.0090,77.94,yes
2026-10-05T01:43:19.493269Z,KXBTC15M-26OCT042145-45,0.0080,41.25,no
2026-10-05T01:43:19.535479Z,KXBTC15M-26OCT042145-45,0.0090,2.59,yes
2026-10-05T01:43:19.555702Z,KXBTC15M-26OCT042145-45,0.0080,25.11,no
2026-10-05T01:43:19.555702Z,KXBTC15M-26OCT042145-45,0.0080,100.00,no
2026-10-05T01:43:19.563193Z,KXBTC15M-26OCT042145-45,0.0090,779.43,yes
2026-10-05T01:43:19.601163Z,KXBTC15M-26OCT042145-45,0.0080,139.15,no
2026-10-05T01:43:19.608549Z,KXBTC15M-26OCT042145-45,0.0080,0.01,no
2026-10-05T01:43:19.608549Z,KXBTC15M-26OCT042145-45,0.0080,235.74,no
2026-10-05T01:43:19.608549Z,KXBTC15M-26OCT042145-45,0.0080,29.72,no
2026-10-05T01:43:19.608549Z,KXBTC15M-26OCT042145-45,0.0080,0.01,no
2026-10-05T01:43:19.649509Z,KXBTC15M-26OCT042145-45,0.0080,6.89,no
2026-10-05T01:43:19.649509Z,KXBTC15M-26OCT042145-45,0.0080,0.01,no
2026-10-05T01:43:19.649509Z,KXBTC15M-26OCT042145-45,0.0080,0.01,no
2026-10-05T01:43:19.703764Z,KXBTC15M-26OCT042145-45,0.0090,164.90,yes
2026-10-05T01:43:19.709751Z,KXBTC15M-26OCT042145-45,0.0080,157.30,no
2026-10-05T01:43:19.73186Z,KXBTC15M-26OCT042145-45,0.0080,0.01,no
2026-10-05T01:43:19.73186Z,KXBTC15M-26OCT042145-45,0.0080,42.76,no
2026-10-05T01:43:19.73186Z,KXBTC15M-26OCT042145-45,0.0080,0.01,no
2026-10-05T01:43:19.871109Z,KXBTC15M-26OCT042145-45,0.0080,0.01,no
2026-10-05T01:43:19.871109Z,KXBTC15M-26OCT042145-45,0.0080,0.01,no
2026-10-05T01:43:19.871109Z,KXBTC15M-26OCT042145-45,0.0080,10.05,no
2026-10-05T01:43:19.932479Z,KXBTC15M-26OCT042145-45,0.0090,70.80,yes
2026-10-05T01:43:20.0415Z,KXBTC15M-26OCT042145-45,0.0110,43.00,yes
2026-10-05T01:43:20.0415Z,KXBTC15M-26OCT042145-45,0.0130,2.00,yes
2026-10-05T01:43:20.0415Z,KXBTC15M-26OCT042145-45,0.0130,15.00,yes
2026-10-05T01:43:20.0415Z,KXBTC15M-26OCT042145-45,0.0100,50.00,yes
2026-10-05T01:43:20.0415Z,KXBTC15M-26OCT042145-45,0.0090,1245.73,yes
2026-10-05T01:43:20.0415Z,KXBTC15M-26OCT042145-45,0.0090,0.01,yes
2026-10-05T01:43:20.0415Z,KXBTC15M-26OCT042145-45,0.0130,15.00,yes
2026-10-05T01:43:20.0415Z,KXBTC15M-26OCT042145-45,0.0130,31.24,yes
2026-10-05T01:43:20.0415Z,KXBTC15M-26OCT042145-45,0.0090,35.00,yes
2026-10-05T01:43:20.0415Z,KXBTC15M-26OCT042145-45,0.0110,128.00,yes
2026-10-05T01:43:20.0415Z,KXBTC15M-26OCT042145-45,0.0090,0.01,yes
2026-10-05T01:43:20.0415Z,KXBTC15M-26OCT042145-45,0.0110,676.00,yes
2026-10-05T01:43:20.0415Z,KXBTC15M-26OCT042145-45,0.0100,188.00,yes
2026-10-05T01:43:20.0415Z,KXBTC15M-26OCT042145-45,0.0110,15.00,yes
2026-10-05T01:43:20.0415Z,KXBTC15M-26OCT042145-45,0.0130,2.00,yes
2026-10-05T01:43:20.0415Z,KXBTC15M-26OCT042145-45,0.0120,2.00,yes
2026-10-05T01:43:20.0415Z,KXBTC15M-26OCT042145-45,0.0130,500.00,yes
2026-10-05T01:43:20.101193Z,KXBTC15M-26OCT042145-45,0.0120,15.00,no
2026-10-05T01:43:20.13159Z,KXBTC15M-26OCT042145-45,0.0120,1000.00,no
2026-10-05T01:43:20.148567Z,KXBTC15M-26OCT042145-45,0.0120,1.00,no
2026-10-05T01:43:20.148567Z,KXBTC15M-26OCT042145-45,0.0120,405.77,no
2026-10-05T01:43:20.148567Z,KXBTC15M-26OCT042145-45,0.0120,200.00,no
2026-10-05T01:43:20.148567Z,KXBTC15M-26OCT042145-45,0.0120,0.01,no
2026-10-05T01:43:20.148567Z,KXBTC15M-26OCT042145-45,0.0120,0.01,no
2026-10-05T01:43:20.148567Z,KXBTC15M-26OCT042145-45,0.0120,500.00,no
2026-10-05T01:43:20.27925Z,KXBTC15M-26OCT042145-45,0.0100,93.75,no
2026-10-05T01:43:20.27925Z,KXBTC15M-26OCT042145-45,0.0110,1.00,no
2026-10-05T01:43:20.27925Z,KXBTC15M-26OCT042145-45,0.0120,0.01,no
2026-10-05T01:43:20.27925Z,KXBTC15M-26OCT042145-45,0.0090,15.00,no
2026-10-05T01:43:20.27925Z,KXBTC15M-26OCT042145-45,0.0100,1.00,no
2026-10-05T01:43:20.27925Z,KXBTC15M-26OCT042145-45,0.0100,93.75,no
2026-10-05T01:43:20.27925Z,KXBTC15M-26OCT042145-45,0.0110,200.00,no
2026-10-05T01:43:20.27925Z,KXBTC15M-26OCT042145-45,0.0090,15.00,no
2026-10-05T01:43:20.27925Z,KXBTC15M-26OCT042145-45,0.0090,1.00,no
2026-10-05T01:43:20.27925Z,KXBTC15M-26OCT042145-45,0.0120,915.00,no
2026-10-05T01:43:20.27925Z,KXBTC15M-26OCT042145-45,0.0100,50.00,no
2026-10-05T01:43:20.27925Z,KXBTC15M-26OCT042145-45,0.0120,0.01,no
2026-10-05T01:43:20.27925Z,KXBTC15M-26OCT042145-45,0.0080,1.00,no
2026-10-05T01:43:20.27925Z,KXBTC15M-26OCT042145-45,0.0080,1.35,no
2026-10-05T01:43:20.340364Z,KXBTC15M-26OCT042145-45,0.0120,1.00,yes
2026-10-05T01:43:20.340364Z,KXBTC15M-26OCT042145-45,0.0120,28.93,yes
2026-10-05T01:43:20.340364Z,KXBTC15M-26OCT042145-45,0.0120,1.00,yes
2026-10-05T01:43:20.36125Z,KXBTC15M-26OCT042145-45,0.0110,0.01,no
2026-10-05T01:43:20.36125Z,KXBTC15M-26OCT042145-45,0.0110,0.01,no
2026-10-05T01:43:20.36125Z,KXBTC15M-26OCT042145-45,0.0100,4.32,no
2026-10-05T01:43:20.384227Z,KXBTC15M-26OCT042145-45,0.0100,10.07,no
2026-10-05T01:43:20.384845Z,KXBTC15M-26OCT042145-45,0.0100,35.61,no
2026-10-05T01:43:20.384845Z,KXBTC15M-26OCT042145-45,0.0100,135.66,no
2026-10-05T01:43:20.422072Z,KXBTC15M-26OCT042145-45,0.0100,0.36,no
2026-10-05T01:43:20.547381Z,KXBTC15M-26OCT042145-45,0.0110,47.49,yes
2026-10-05T01:43:20.573698Z,KXBTC15M-26OCT042145-45,0.0110,1.44,yes
2026-10-05T01:43:20.603177Z,KXBTC15M-26OCT042145-45,0.0090,148.18,no
2026-10-05T01:43:20.603177Z,KXBTC15M-26OCT042145-45,0.0100,0.01,no
2026-10-05T01:43:20.603177Z,KXBTC15M-26OCT042145-45,0.0100,50.00,no
2026-10-05T01:43:20.603177Z,KXBTC15M-26OCT042145-45,0.0100,0.01,no
2026-10-05T01:43:20.613789Z,KXBTC15M-26OCT042145-45,0.0110,83.93,yes
2026-10-05T01:43:20.613789Z,KXBTC15M-26OCT042145-45,0.0110,0.01,yes
2026-10-05T01:43:20.613789Z,KXBTC15M-26OCT042145-45,0.0110,0.01,yes
2026-10-05T01:43:20.613789Z,KXBTC15M-26OCT042145-45,0.0110,16.00,yes
2026-10-05T01:43:20.613789Z,KXBTC15M-26OCT042145-45,0.0110,400.00,yes
2026-10-05T01:43:20.613789Z,KXBTC15M-26OCT042145-45,0.0110,100.00,yes
2026-10-05T01:43:20.613789Z,KXBTC15M-26OCT042145-45,0.0110,119.57,yes
2026-10-05T01:43:20.630171Z,KXBTC15M-26OCT042145-45,0.0110,71.95,yes
2026-10-05T01:43:20.742252Z,KXBTC15M-26OCT042145-45,0.0100,1.00,no
2026-10-05T01:43:20.742252Z,KXBTC15M-26OCT042145-45,0.0100,366.00,no
2026-10-05T01:43:20.742252Z,KXBTC15M-26OCT042145-45,0.0100,50.00,no
2026-10-05T01:43:20.742252Z,KXBTC15M-26OCT042145-45,0.0100,0.01,no
2026-10-05T01:43:20.742252Z,KXBTC15M-26OCT042145-45,0.0100,0.01,no
2026-10-05T01:43:20.860412Z,KXBTC15M-26OCT042145-45,0.0100,35.97,yes
2026-10-05T01:43:20.921818Z,KXBTC15M-26OCT042145-45,0.0100,71.95,yes
2026-10-05T01:43:20.990873Z,KXBTC15M-26OCT042145-45,0.0090,1.00,no
2026-10-05T01:43:20.990873Z,KXBTC15M-26OCT042145-45,0.0090,0.01,no
2026-10-05T01:43:20.990873Z,KXBTC15M-26OCT042145-45,0.0090,0.01,no
2026-10-05T01:43:20.990873Z,KXBTC15M-26OCT042145-45,0.0080,19.64,no
2026-10-05T01:43:21.287764Z,KXBTC15M-26OCT042145-45,0.0100,1.93,yes
2026-10-05T01:43:21.36637Z,KXBTC15M-26OCT042145-45,0.0090,1.00,no
2026-10-05T01:43:21.36637Z,KXBTC15M-26OCT042145-45,0.0090,0.01,no
2026-10-05T01:43:21.36637Z,KXBTC15M-26OCT042145-45,0.0080,43.02,no
2026-10-05T01:43:21.36637Z,KXBTC15M-26OCT042145-45,0.0090,0.01,no
2026-10-05T01:43:21.371579Z,KXBTC15M-26OCT042145-45,0.0080,118.37,no
2026-10-05T01:43:21.406264Z,KXBTC15M-26OCT042145-45,0.0080,200.00,no
2026-10-05T01:43:21.406264Z,KXBTC15M-26OCT042145-45,0.0080,57.84,no
2026-10-05T01:43:21.406264Z,KXBTC15M-26OCT042145-45,0.0080,1.00,no
2026-10-05T01:43:21.466605Z,KXBTC15M-26OCT042145-45,0.0080,42.16,no
2026-10-05T01:43:21.466605Z,KXBTC15M-26OCT042145-45,0.0080,0.01,no
2026-10-05T01:43:21.466605Z,KXBTC15M-26OCT042145-45,0.0080,1.00,no
2026-10-05T01:43:21.466605Z,KXBTC15M-26OCT042145-45,0.0080,0.01,no
2026-10-05T01:43:21.466605Z,KXBTC15M-26OCT042145-45,0.0070,4.46,no
2026-10-05T01:43:21.58679Z,KXBTC15M-26OCT042145-45,0.0080,7.26,yes
2026-10-05T01:43:21.683937Z,KXBTC15M-26OCT042145-45,0.0080,7.26,yes
2026-10-05T01:43:21.772197Z,KXBTC15M-26OCT042145-45,0.0080,0.01,yes
2026-10-05T01:43:21.772197Z,KXBTC15M-26OCT042145-45,0.0080,0.48,yes
2026-10-05T01:43:21.772197Z,KXBTC15M-26OCT042145-45,0.0080,0.01,yes
2026-10-05T01:43:21.772197Z,KXBTC15M-26OCT042145-45,0.0080,6.76,yes
2026-10-05T01:43:21.842187Z,KXBTC15M-26OCT042145-45,0.0080,7.24,yes
2026-10-05T01:43:21.842187Z,KXBTC15M-26OCT042145-45,0.0080,0.02,yes
2026-10-05T01:43:21.875811Z,KXBTC15M-26OCT042145-45,0.0070,32.69,no
2026-10-05T01:43:21.875811Z,KXBTC15M-26OCT042145-45,0.0070,10.54,no
2026-10-05T01:43:21.875811Z,KXBTC15M-26OCT042145-45,0.0070,1.00,no
2026-10-05T01:43:21.875811Z,KXBTC15M-26OCT042145-45,0.0070,15.00,no
2026-10-05T01:43:21.893725Z,KXBTC15M-26OCT042145-45,0.0080,0.98,yes
2026-10-05T01:43:21.893725Z,KXBTC15M-26OCT042145-45,0.0080,0.01,yes
2026-10-05T01:43:21.893725Z,KXBTC15M-26OCT042145-45,0.0080,7.24,yes
2026-10-05T01:43:21.893725Z,KXBTC15M-26OCT042145-45,0.0090,25.66,yes
2026-10-05T01:43:21.893725Z,KXBTC15M-26OCT042145-45,0.0080,0.01,yes
2026-10-05T01:43:21.893725Z,KXBTC15M-26OCT042145-45,0.0080,6.76,yes
2026-10-05T01:43:21.903752Z,KXBTC15M-26OCT042145-45,0.0080,0.01,yes
2026-10-05T01:43:21.903752Z,KXBTC15M-26OCT042145-45,0.0080,0.01,yes
2026-10-05T01:43:21.930135Z,KXBTC15M-26OCT042145-45,0.0070,72.31,no
2026-10-05T01:43:21.930135Z,KXBTC15M-26OCT042145-45,0.0070,87.73,no
2026-10-05T01:43:21.95893Z,KXBTC15M-26OCT042145-45,0.0080,7.24,yes
2026-10-05T01:43:22.046182Z,KXBTC15M-26OCT042145-45,0.0080,36.33,yes
2026-10-05T01:43:22.094537Z,KXBTC15M-26OCT042145-45,0.0070,14.50,no
2026-10-05T01:43:22.111258Z,KXBTC15M-26OCT042145-45,0.0080,36.33,yes
2026-10-05T01:43:22.177525Z,KXBTC15M-26OCT042145-45,0.0080,209.31,yes
2026-10-05T01:43:22.188255Z,KXBTC15M-26OCT042145-45,0.0080,36.33,yes
2026-10-05T01:43:22.231506Z,KXBTC15M-26OCT042145-45,0.0080,105.41,yes
2026-10-05T01:43:22.250225Z,KXBTC15M-26OCT042145-45,0.0080,36.33,yes
2026-10-05T01:43:22.325035Z,KXBTC15M-26OCT042145-45,0.0080,36.33,yes
2026-10-05T01:43:22.325668Z,KXBTC15M-26OCT042145-45,0.0080,10.18,yes
2026-10-05T01:43:22.365997Z,KXBTC15M-26OCT042145-45,0.0070,97.77,no
2026-10-05T01:43:22.365997Z,KXBTC15M-26OCT042145-45,0.0070,0.01,no
2026-10-05T01:43:22.365997Z,KXBTC15M-26OCT042145-45,0.0070,28.91,no
2026-10-05T01:43:22.365997Z,KXBTC15M-26OCT042145-45,0.0070,0.01,no
2026-10-05T01:43:22.393984Z,KXBTC15M-26OCT042145-45,0.0080,36.33,yes
2026-10-05T01:43:22.486268Z,KXBTC15M-26OCT042145-45,0.0070,1.77,no
2026-10-05T01:43:22.512768Z,KXBTC15M-26OCT042145-45,0.0070,18.87,no
2026-10-05T01:43:22.53252Z,KXBTC15M-26OCT042145-45,0.0080,58.44,yes
2026-10-05T01:43:22.560984Z,KXBTC15M-26OCT042145-45,0.0070,128.53,no
2026-10-05T01:43:22.581259Z,KXBTC15M-26OCT042145-45,0.0070,151.49,no
2026-10-05T01:43:22.586734Z,KXBTC15M-26OCT042145-45,0.0080,5.84,yes
2026-10-05T01:43:22.601936Z,KXBTC15M-26OCT042145-45,0.0070,15.58,no
2026-10-05T01:43:22.716605Z,KXBTC15M-26OCT042145-45,0.0080,22.32,yes
2026-10-05T01:43:22.762011Z,KXBTC15M-26OCT042145-45,0.0080,214.07,yes
2026-10-05T01:43:22.762011Z,KXBTC15M-26OCT042145-45,0.0080,0.01,yes
2026-10-05T01:43:22.762011Z,KXBTC15M-26OCT042145-45,0.0080,14.00,yes
2026-10-05T01:43:22.762011Z,KXBTC15M-26OCT042145-45,0.0080,0.01,yes
2026-10-05T01:43:22.762011Z,KXBTC15M-26OCT042145-45,0.0080,1.00,yes
2026-10-05T01:43:22.813923Z,KXBTC15M-26OCT042145-45,0.0070,0.02,no
2026-10-05T01:43:22.818065Z,KXBTC15M-26OCT042145-45,0.0090,52.66,yes
2026-10-05T01:43:22.818065Z,KXBTC15M-26OCT042145-45,0.0080,1.00,yes
2026-10-05T01:43:22.818065Z,KXBTC15M-26OCT042145-45,0.0080,0.01,yes
2026-10-05T01:43:22.818065Z,KXBTC15M-26OCT042145-45,0.0080,0.01,yes
2026-10-05T01:43:22.818065Z,KXBTC15M-26OCT042145-45,0.0080,14.00,yes
2026-10-05T01:43:22.818065Z,KXBTC15M-26OCT042145-45,0.0090,1.00,yes
2026-10-05T01:43:22.820115Z,KXBTC15M-26OCT042145-45,0.0080,22.91,yes
2026-10-05T01:43:22.967299Z,KXBTC15M-26OCT042145-45,0.0070,10.06,no
2026-10-05T01:43:22.972893Z,KXBTC15M-26OCT042145-45,0.0070,0.01,no
2026-10-05T01:43:22.972893Z,KXBTC15M-26OCT042145-45,0.0070,31.82,no
2026-10-05T01:43:22.972893Z,KXBTC15M-26OCT042145-45,0.0070,4.92,no
2026-10-05T01:43:22.972893Z,KXBTC15M-26OCT042145-45,0.0070,1.00,no
2026-10-05T01:43:23.253609Z,KXBTC15M-26OCT042145-45,0.0070,13.53,no
2026-10-05T01:43:23.526082Z,KXBTC15M-26OCT042145-45,0.0070,31.76,no
2026-10-05T01:43:23.562803Z,KXBTC15M-26OCT042145-45,0.0080,14.00,yes
2026-10-05T01:43:23.562803Z,KXBTC15M-26OCT042145-45,0.0080,9.90,yes
2026-10-05T01:43:23.562803Z,KXBTC15M-26OCT042145-45,0.0080,0.01,yes
2026-10-05T01:43:23.562803Z,KXBTC15M-26OCT042145-45,0.0080,0.01,yes
2026-10-05T01:43:23.562803Z,KXBTC15M-26OCT042145-45,0.0080,7.00,yes
2026-10-05T01:43:23.580801Z,KXBTC15M-26OCT042145-45,0.0070,73.32,no
2026-10-05T01:43:23.638203Z,KXBTC15M-26OCT042145-45,0.0070,75.48,no
2026-10-05T01:43:23.659546Z,KXBTC15M-26OCT042145-45,0.0080,90.10,yes
2026-10-05T01:43:23.659546Z,KXBTC15M-26OCT042145-45,0.0080,200.00,yes
2026-10-05T01:43:23.659546Z,KXBTC15M-26OCT042145-45,0.0080,220.00,yes
2026-10-05T01:43:23.659546Z,KXBTC15M-26OCT042145-45,0.0080,32.90,yes
2026-10-05T01:43:23.784576Z,KXBTC15M-26OCT042145-45,0.0080,0.01,yes
2026-10-05T01:43:23.784576Z,KXBTC15M-26OCT042145-45,0.0080,11.43,yes
2026-10-05T01:43:23.784576Z,KXBTC15M-26OCT042145-45,0.0080,0.01,yes
2026-10-05T01:43:23.795906Z,KXBTC15M-26OCT042145-45,0.0080,2.57,yes
2026-10-05T01:43:23.795906Z,KXBTC15M-26OCT042145-45,0.0080,12.43,yes
2026-10-05T01:43:23.894573Z,KXBTC15M-26OCT042145-45,0.0080,58.44,yes
2026-10-05T01:43:23.952218Z,KXBTC15M-26OCT042145-45,0.0040,10.00,no
2026-10-05T01:43:23.952218Z,KXBTC15M-26OCT042145-45,0.0070,277.45,no
2026-10-05T01:43:23.952218Z,KXBTC15M-26OCT042145-45,0.0060,15.00,no
2026-10-05T01:43:23.952218Z,KXBTC15M-26OCT042145-45,0.0060,15.00,no
2026-10-05T01:43:23.952218Z,KXBTC15M-26OCT042145-45,0.0050,500.00,no
2026-10-05T01:43:23.952218Z,KXBTC15M-26OCT042145-45,0.0060,15.00,no
2026-10-05T01:43:23.952218Z,KXBTC15M-26OCT042145-45,0.0060,106.00,no
2026-10-05T01:43:23.952218Z,KXBTC15M-26OCT042145-45,0.0070,500.00,no
2026-10-05T01:43:23.952218Z,KXBTC15M-26OCT042145-45,0.0070,820.09,no
2026-10-05T01:43:23.952218Z,KXBTC15M-26OCT042145-45,0.0070,0.01,no
2026-10-05T01:43:23.952218Z,KXBTC15M-26OCT042145-45,0.0070,0.01,no
2026-10-05T01:43:23.952218Z,KXBTC15M-26OCT042145-45,0.0070,500.00,no
2026-10-05T01:43:23.952218Z,KXBTC15M-26OCT042145-45,0.0040,1179.25,no
2026-10-05T01:43:23.952218Z,KXBTC15M-26OCT042145-45,0.0070,522.00,no
2026-10-05T01:43:23.952218Z,KXBTC15M-26OCT042145-45,0.0070,1.00,no
2026-10-05T01:43:23.952218Z,KXBTC15M-26OCT042145-45,0.0050,500.00,no
2026-10-05T01:43:23.952218Z,KXBTC15M-26OCT042145-45,0.0040,2.00,no
2026-10-05T01:43:23.952218Z,KXBTC15M-26OCT042145-45,0.0040,2.00,no
2026-10-05T01:43:23.952218Z,KXBTC15M-26OCT042145-45,0.0060,15.00,no
2026-10-05T01:43:23.952218Z,KXBTC15M-26OCT042145-45,0.0060,15.00,no
2026-10-05T01:43:23.952218Z,KXBTC15M-26OCT042145-45,0.0050,2.00,no
2026-10-05T01:43:23.952218Z,KXBTC15M-26OCT042145-45,0.0050,1.00,no
2026-10-05T01:43:23.952218Z,KXBTC15M-26OCT042145-45,0.0050,2.00,no
2026-10-05T01:43:23.952218Z,KXBTC15M-26OCT042145-45,0.0060,1.00,no
2026-10-05T01:43:23.952218Z,KXBTC15M-26OCT042145-45,0.0040,2.00,no
2026-10-05T01:43:23.952218Z,KXBTC15M-26OCT042145-45,0.0040,20.00,no
2026-10-05T01:43:23.952218Z,KXBTC15M-26OCT042145-45,0.0040,1.00,no
2026-10-05T01:43:23.952218Z,KXBTC15M-26OCT042145-45,0.0060,2.00,no
2026-10-05T01:43:24.011981Z,KXBTC15M-26OCT042145-45,0.0050,295.92,no
2026-10-05T01:43:24.113334Z,KXBTC15M-26OCT042145-45,0.0060,4.20,yes
2026-10-05T01:43:24.113334Z,KXBTC15M-26OCT042145-45,0.0060,15.00,yes
2026-10-05T01:43:24.113334Z,KXBTC15M-26OCT042145-45,0.0060,10.00,yes
2026-10-05T01:43:24.113334Z,KXBTC15M-26OCT042145-45,0.0060,0.01,yes
2026-10-05T01:43:24.113334Z,KXBTC15M-26OCT042145-45,0.0060,0.01,yes
2026-10-05T01:43:24.114897Z,KXBTC15M-26OCT042145-45,0.0060,20.24,yes
2026-10-05T01:43:24.116926Z,KXBTC15M-26OCT042145-45,0.0060,53.46,yes
2026-10-05T01:43:24.143614Z,KXBTC15M-26OCT042145-45,0.0060,10.30,yes
2026-10-05T01:43:24.147435Z,KXBTC15M-26OCT042145-45,0.0050,3.01,no
2026-10-05T01:43:24.212361Z,KXBTC15M-26OCT042145-45,0.0060,87.66,yes
2026-10-05T01:43:24.363551Z,KXBTC15M-26OCT042145-45,0.0060,198.71,yes
2026-10-05T01:43:24.496555Z,KXBTC15M-26OCT042145-45,0.0060,17.46,yes
2026-10-05T01:43:24.56342Z,KXBTC15M-26OCT042145-45,0.0050,23.90,no
2026-10-05T01:43:24.639413Z,KXBTC15M-26OCT042145-45,0.0050,4.97,no
2026-10-05T01:43:24.744188Z,KXBTC15M-26OCT042145-45,0.0050,10.04,no
2026-10-05T01:43:24.748944Z,KXBTC15M-26OCT042145-45,0.0060,500.00,yes
2026-10-05T01:43:24.748944Z,KXBTC15M-26OCT042145-45,0.0060,500.00,yes
2026-10-05T01:43:24.748944Z,KXBTC15M-26OCT042145-45,0.0060,0.01,yes
2026-10-05T01:43:24.748944Z,KXBTC15M-26OCT042145-45,0.0060,15.00,yes
2026-10-05T01:43:24.748944Z,KXBTC15M-26OCT042145-45,0.0060,436.00,yes
2026-10-05T01:43:24.748944Z,KXBTC15M-26OCT042145-45,0.0060,0.01,yes
2026-10-05T01:43:24.748944Z,KXBTC15M-26OCT042145-45,0.0070,200.00,yes
2026-10-05T01:43:24.748944Z,KXBTC15M-26OCT042145-45,0.0060,1011.97,yes
2026-10-05T01:43:24.748944Z,KXBTC15M-26OCT042145-45,0.0070,1.00,yes
2026-10-05T01:43:24.748944Z,KXBTC15M-26OCT042145-45,0.0060,1.00,yes
2026-10-05T01:43:24.748944Z,KXBTC15M-26OCT042145-45,0.0080,293.40,yes
2026-10-05T01:43:24.748944Z,KXBTC15M-26OCT042145-45,0.0070,15.00,yes
2026-10-05T01:43:24.77669Z,KXBTC15M-26OCT042145-45,0.0060,80.87,no
2026-10-05T01:43:24.856143Z,KXBTC15M-26OCT042145-45,0.0060,0.76,no
2026-10-05T01:43:24.856248Z,KXBTC15M-26OCT042145-45,0.0070,0.01,yes
2026-10-05T01:43:24.856248Z,KXBTC15M-26OCT042145-45,0.0070,0.01,yes
2026-10-05T01:43:24.856248Z,KXBTC15M-26OCT042145-45,0.0070,9.98,yes
2026-10-05T01:43:24.982013Z,KXBTC15M-26OCT042145-45,0.0070,5.98,yes
2026-10-05T01:43:24.982013Z,KXBTC15M-26OCT042145-45,0.0070,7.02,yes
2026-10-05T01:43:25.032928Z,KXBTC15M-26OCT042145-45,0.0070,53.00,yes
2026-10-05T01:43:25.190244Z,KXBTC15M-26OCT042145-45,0.0060,4.02,no
2026-10-05T01:43:25.247339Z,KXBTC15M-26OCT042145-45,0.0070,15.00,yes
2026-10-05T01:43:25.247339Z,KXBTC15M-26OCT042145-45,0.0070,7.02,yes
2026-10-05T01:43:25.247339Z,KXBTC15M-26OCT042145-45,0.0070,9.98,yes
2026-10-05T01:43:25.247339Z,KXBTC15M-26OCT042145-45,0.0070,0.01,yes
2026-10-05T01:43:25.247339Z,KXBTC15M-26OCT042145-45,0.0070,0.01,yes
2026-10-05T01:43:25.247339Z,KXBTC15M-26OCT042145-45,0.0080,28.60,yes
2026-10-05T01:43:25.299708Z,KXBTC15M-26OCT042145-45,0.0060,492.29,no
2026-10-05T01:43:25.318508Z,KXBTC15M-26OCT042145-45,0.0070,0.01,yes
2026-10-05T01:43:25.318508Z,KXBTC15M-26OCT042145-45,0.0070,17.00,yes
2026-10-05T01:43:25.318508Z,KXBTC15M-26OCT042145-45,0.0070,1027.29,yes
2026-10-05T01:43:25.318508Z,KXBTC15M-26OCT042145-45,0.0070,15.00,yes
2026-10-05T01:43:25.318508Z,KXBTC15M-26OCT042145-45,0.0070,15.00,yes
2026-10-05T01:43:25.318508Z,KXBTC15M-26OCT042145-45,0.0070,0.01,yes
2026-10-05T01:43:25.360353Z,KXBTC15M-26OCT042145-45,0.0060,21.30,no
2026-10-05T01:43:25.414757Z,KXBTC15M-26OCT042145-45,0.0060,10.76,no
2026-10-05T01:43:25.414757Z,KXBTC15M-26OCT042145-45,0.0060,20.36,no
2026-10-05T01:43:25.414757Z,KXBTC15M-26OCT042145-45,0.0060,0.01,no
2026-10-05T01:43:25.414757Z,KXBTC15M-26OCT042145-45,0.0060,0.01,no
2026-10-05T01:43:25.441409Z,KXBTC15M-26OCT042145-45,0.0070,0.01,yes
2026-10-05T01:43:25.441409Z,KXBTC15M-26OCT042145-45,0.0070,4.78,yes
2026-10-05T01:43:25.441409Z,KXBTC15M-26OCT042145-45,0.0070,0.01,yes
2026-10-05T01:43:25.441409Z,KXBTC15M-26OCT042145-45,0.0070,17.00,yes
2026-10-05T01:43:25.448747Z,KXBTC15M-26OCT042145-45,0.0070,0.01,yes
2026-10-05T01:43:25.448747Z,KXBTC15M-26OCT042145-45,0.0070,10.22,yes
2026-10-05T01:43:25.448747Z,KXBTC15M-26OCT042145-45,0.0070,0.01,yes
2026-10-05T01:43:25.448747Z,KXBTC15M-26OCT042145-45,0.0080,222.74,yes
2026-10-05T01:43:25.494018Z,KXBTC15M-26OCT042145-45,0.0060,500.00,no
2026-10-05T01:43:25.494018Z,KXBTC15M-26OCT042145-45,0.0060,0.01,no
2026-10-05T01:43:25.494018Z,KXBTC15M-26OCT042145-45,0.0060,0.01,no
2026-10-05T01:43:25.494018Z,KXBTC15M-26OCT042145-45,0.0060,15.00,no
2026-10-05T01:43:25.494018Z,KXBTC15M-26OCT042145-45,0.0060,15.00,no
2026-10-05T01:43:25.494018Z,KXBTC15M-26OCT042145-45,0.0060,15.00,no
2026-10-05T01:43:25.494018Z,KXBTC15M-26OCT042145-45,0.0060,15.00,no
2026-10-05T01:43:25.494018Z,KXBTC15M-26OCT042145-45,0.0060,500.00,no
2026-10-05T01:43:25.494018Z,KXBTC15M-26OCT042145-45,0.0060,200.00,no
2026-10-05T01:43:25.494018Z,KXBTC15M-26OCT042145-45,0.0060,15.00,no
2026-10-05T01:43:25.494018Z,KXBTC15M-26OCT042145-45,0.0060,589.64,no
2026-10-05T01:43:25.494018Z,KXBTC15M-26OCT042145-45,0.0060,1.00,no
2026-10-05T01:43:25.494018Z,KXBTC15M-26OCT042145-45,0.0050,142.59,no
2026-10-05T01:43:25.520343Z,KXBTC15M-26OCT042145-45,0.0070,0.01,yes
2026-10-05T01:43:25.520343Z,KXBTC15M-26OCT042145-45,0.0070,0.01,yes
2026-10-05T01:43:25.520343Z,KXBTC15M-26OCT042145-45,0.0070,7.24,yes
2026-10-05T01:43:25.592582Z,KXBTC15M-26OCT042145-45,0.0070,1.31,yes
2026-10-05T01:43:25.633376Z,KXBTC15M-26OCT042145-45,0.0070,15.35,yes
2026-10-05T01:43:25.633376Z,KXBTC15M-26OCT042145-45,0.0070,6.45,yes
2026-10-05T01:43:25.650553Z,KXBTC15M-26OCT042145-45,0.0070,0.01,yes
2026-10-05T01:43:25.650553Z,KXBTC15M-26OCT042145-45,0.0070,15.00,yes
2026-10-05T01:43:25.650553Z,KXBTC15M-26OCT042145-45,0.0070,0.01,yes
2026-10-05T01:43:25.650553Z,KXBTC15M-26OCT042145-45,0.0070,15.35,yes
2026-10-05T01:43:25.650553Z,KXBTC15M-26OCT042145-45,0.0070,1.65,yes
2026-10-05T01:43:25.650553Z,KXBTC15M-26OCT042145-45,0.0080,5.98,yes
2026-10-05T01:43:25.650553Z,KXBTC15M-26OCT042145-45,0.0080,15.00,yes
2026-10-05T01:43:25.701349Z,KXBTC15M-26OCT042145-45,0.0070,4.78,yes
2026-10-05T01:43:25.701349Z,KXBTC15M-26OCT042145-45,0.0070,0.01,yes
2026-10-05T01:43:25.701349Z,KXBTC15M-26OCT042145-45,0.0070,17.00,yes
2026-10-05T01:43:25.701349Z,KXBTC15M-26OCT042145-45,0.0070,0.01,yes
2026-10-05T01:43:25.72783Z,KXBTC15M-26OCT042145-45,0.0060,16.43,no
2026-10-05T01:43:25.72783Z,KXBTC15M-26OCT042145-45,0.0060,0.01,no
2026-10-05T01:43:25.72783Z,KXBTC15M-26OCT042145-45,0.0060,0.01,no
2026-10-05T01:43:25.774144Z,KXBTC15M-26OCT042145-45,0.0070,15.00,yes
2026-10-05T01:43:25.774144Z,KXBTC15M-26OCT042145-45,0.0070,10.22,yes
2026-10-05T01:43:25.774144Z,KXBTC15M-26OCT042145-45,0.0070,200.00,yes
2026-10-05T01:43:25.774144Z,KXBTC15M-26OCT042145-45,0.0070,17.00,yes
2026-10-05T01:43:25.774144Z,KXBTC15M-26OCT042145-45,0.0070,0.01,yes
2026-10-05T01:43:25.774144Z,KXBTC15M-26OCT042145-45,0.0070,0.01,yes
2026-10-05T01:43:25.774144Z,KXBTC15M-26OCT042145-45,0.0070,457.76,yes
2026-10-05T01:43:25.776974Z,KXBTC15M-26OCT042145-45,0.0070,36.33,yes
2026-10-05T01:43:25.782738Z,KXBTC15M-26OCT042145-45,0.0070,0.01,yes
2026-10-05T01:43:25.782738Z,KXBTC15M-26OCT042145-45,0.0070,140.04,yes
2026-10-05T01:43:25.782738Z,KXBTC15M-26OCT042145-45,0.0070,0.01,yes
2026-10-05T01:43:25.782738Z,KXBTC15M-26OCT042145-45,0.0070,5.91,yes
2026-10-05T01:43:25.782738Z,KXBTC15M-26OCT042145-45,0.0070,500.00,yes
2026-10-05T01:43:25.81739Z,KXBTC15M-26OCT042145-45,0.0060,5.90,no
2026-10-05T01:43:25.81977Z,KXBTC15M-26OCT042145-45,0.0070,15.00,yes
2026-10-05T01:43:25.81977Z,KXBTC15M-26OCT042145-45,0.0070,0.01,yes
2026-10-05T01:43:25.81977Z,KXBTC15M-26OCT042145-45,0.0070,17.00,yes
2026-10-05T01:43:25.81977Z,KXBTC15M-26OCT042145-45,0.0080,30.40,yes
2026-10-05T01:43:25.829516Z,KXBTC15M-26OCT042145-45,0.0070,17.00,yes
2026-10-05T01:43:25.829516Z,KXBTC15M-26OCT042145-45,0.0080,101.43,yes
2026-10-05T01:43:25.841859Z,KXBTC15M-26OCT042145-45,0.0070,15.00,yes
2026-10-05T01:43:25.841859Z,KXBTC15M-26OCT042145-45,0.0080,21.33,yes
2026-10-05T01:43:25.850572Z,KXBTC15M-26OCT042145-45,0.0050,732.00,no
2026-10-05T01:43:25.850572Z,KXBTC15M-26OCT042145-45,0.0060,20.00,no
2026-10-05T01:43:25.850572Z,KXBTC15M-26OCT042145-45,0.0060,0.01,no
2026-10-05T01:43:25.850572Z,KXBTC15M-26OCT042145-45,0.0060,15.00,no
2026-10-05T01:43:25.850572Z,KXBTC15M-26OCT042145-45,0.0060,15.00,no
2026-10-05T01:43:25.850572Z,KXBTC15M-26OCT042145-45,0.0060,1.00,no
2026-10-05T01:43:25.850572Z,KXBTC15M-26OCT042145-45,0.0060,0.01,no
2026-10-05T01:43:25.850572Z,KXBTC15M-26OCT042145-45,0.0060,9.10,no
2026-10-05T01:43:25.850572Z,KXBTC15M-26OCT042145-45,0.0060,15.00,no
2026-10-05T01:43:25.850572Z,KXBTC15M-26OCT042145-45,0.0060,15.00,no
2026-10-05T01:43:25.850572Z,KXBTC15M-26OCT042145-45,0.0050,104.00,no
2026-10-05T01:43:25.850572Z,KXBTC15M-26OCT042145-45,0.0050,1.00,no
2026-10-05T01:43:25.850572Z,KXBTC15M-26OCT042145-45,0.0050,15.00,no
2026-10-05T01:43:25.850572Z,KXBTC15M-26OCT042145-45,0.0050,15.00,no
2026-10-05T01:43:25.850572Z,KXBTC15M-26OCT042145-45,0.0050,15.49,no
2026-10-05T01:43:25.851313Z,KXBTC15M-26OCT042145-45,0.0050,588.39,yes
2026-10-05T01:43:25.904575Z,KXBTC15M-26OCT042145-45,0.0050,36.33,yes
2026-10-05T01:43:25.92929Z,KXBTC15M-26OCT042145-45,0.0050,15.00,yes
2026-10-05T01:43:26.071657Z,KXBTC15M-26OCT042145-45,0.0040,241.57,no
2026-10-05T01:43:26.080283Z,KXBTC15M-26OCT042145-45,0.0040,200.00,no
2026-10-05T01:43:26.205812Z,KXBTC15M-26OCT042145-45,0.0040,3.00,no
2026-10-05T01:43:26.246965Z,KXBTC15M-26OCT042145-45,0.0050,6.30,yes
2026-10-05T01:43:26.274438Z,KXBTC15M-26OCT042145-45,0.0040,33.39,no
2026-10-05T01:43:26.29505Z,KXBTC15M-26OCT042145-45,0.0050,248.51,yes
2026-10-05T01:43:26.416979Z,KXBTC15M-26OCT042145-45,0.0050,193.00,yes
2026-10-05T01:43:26.499363Z,KXBTC15M-26OCT042145-45,0.0040,170.53,no
2026-10-05T01:43:26.515198Z,KXBTC15M-26OCT042145-45,0.0050,67.31,yes
2026-10-05T01:43:26.518131Z,KXBTC15M-26OCT042145-45,0.0050,107.66,yes
2026-10-05T01:43:26.568055Z,KXBTC15M-26OCT042145-45,0.0050,5.43,yes
2026-10-05T01:43:26.590914Z,KXBTC15M-26OCT042145-45,0.0040,80.87,no
2026-10-05T01:43:26.661938Z,KXBTC15M-26OCT042145-45,0.0040,0.58,no
2026-10-05T01:43:26.704384Z,KXBTC15M-26OCT042145-45,0.0050,0.02,yes
2026-10-05T01:43:26.705141Z,KXBTC15M-26OCT042145-45,0.0050,0.02,yes
2026-10-05T01:43:26.742152Z,KXBTC15M-26OCT042145-45,0.0050,8.00,yes
2026-10-05T01:43:26.758165Z,KXBTC15M-26OCT042145-45,0.0040,300.91,no
2026-10-05T01:43:26.758165Z,KXBTC15M-26OCT042145-45,0.0040,100.00,no
2026-10-05T01:43:26.758165Z,KXBTC15M-26OCT042145-45,0.0040,101.00,no
2026-10-05T01:43:26.758165Z,KXBTC15M-26OCT042145-45,0.0040,400.00,no
2026-10-05T01:43:26.758165Z,KXBTC15M-26OCT042145-45,0.0040,0.01,no
2026-10-05T01:43:26.758165Z,KXBTC15M-26OCT042145-45,0.0040,0.01,no
2026-10-05T01:43:26.758165Z,KXBTC15M-26OCT042145-45,0.0040,90.81,no
2026-10-05T01:43:26.758165Z,KXBTC15M-26OCT042145-45,0.0040,6.00,no
2026-10-05T01:43:26.758165Z,KXBTC15M-26OCT042145-45,0.0040,1.00,no
2026-10-05T01:43:26.758165Z,KXBTC15M-26OCT042145-45,0.0040,6.00,no
2026-10-05T01:43:26.782676Z,KXBTC15M-26OCT042145-45,0.0050,0.02,yes
2026-10-05T01:43:26.832737Z,KXBTC15M-26OCT042145-45,0.0050,18.69,yes
2026-10-05T01:43:26.847337Z,KXBTC15M-26OCT042145-45,0.0050,373.95,yes
2026-10-05T01:43:26.920864Z,KXBTC15M-26OCT042145-45,0.0050,560.93,yes
2026-10-05T01:43:27.004091Z,KXBTC15M-26OCT042145-45,0.0050,916.19,yes
2026-10-05T01:43:27.082229Z,KXBTC15M-26OCT042145-45,0.0040,0.01,no
2026-10-05T01:43:27.082229Z,KXBTC15M-26OCT042145-45,0.0040,100.00,no
2026-10-05T01:43:27.082229Z,KXBTC15M-26OCT042145-45,0.0040,0.01,no
2026-10-05T01:43:27.082229Z,KXBTC15M-26OCT042145-45,0.0040,400.00,no
2026-10-05T01:43:27.104473Z,KXBTC15M-26OCT042145-45,0.0040,100.00,no
2026-10-05T01:43:27.104473Z,KXBTC15M-26OCT042145-45,0.0040,0.01,no
2026-10-05T01:43:27.104473Z,KXBTC15M-26OCT042145-45,0.0040,0.01,no
2026-10-05T01:43:27.104473Z,KXBTC15M-26OCT042145-45,0.0030,99.98,no
2026-10-05T01:43:27.114634Z,KXBTC15M-26OCT042145-45,0.0050,897.49,yes
2026-10-05T01:43:27.125275Z,KXBTC15M-26OCT042145-45,0.0040,199.99,no
2026-10-05T01:43:27.125275Z,KXBTC15M-26OCT042145-45,0.0040,0.01,no
2026-10-05T01:43:27.139477Z,KXBTC15M-26OCT042145-45,0.0040,0.01,no
2026-10-05T01:43:27.139477Z,KXBTC15M-26OCT042145-45,0.0040,100.00,no
2026-10-05T01:43:27.139477Z,KXBTC15M-26OCT042145-45,0.0040,0.01,no
2026-10-05T01:43:27.139477Z,KXBTC15M-26OCT042145-45,0.0030,99.98,no
2026-10-05T01:43:27.147174Z,KXBTC15M-26OCT042145-45,0.0040,38.46,no
2026-10-05T01:43:27.165186Z,KXBTC15M-26OCT042145-45,0.0050,2.00,yes
2026-10-05T01:43:27.18999Z,KXBTC15M-26OCT042145-45,0.0050,9348.85,yes
2026-10-05T01:43:27.335909Z,KXBTC15M-26OCT042145-45,0.0040,10.50,no
2026-10-05T01:43:27.335909Z,KXBTC15M-26OCT042145-45,0.0040,0.01,no
2026-10-05T01:43:27.33858Z,KXBTC15M-26OCT042145-45,0.0050,38.29,yes
2026-10-05T01:43:27.347129Z,KXBTC15M-26OCT042145-45,0.0050,186.97,yes
2026-10-05T01:43:27.356009Z,KXBTC15M-26OCT042145-45,0.0050,916.19,yes
2026-10-05T01:43:27.411703Z,KXBTC15M-26OCT042145-45,0.0040,29.57,no
2026-10-05T01:43:27.605978Z,KXBTC15M-26OCT042145-45,0.0050,18.69,yes
2026-10-05T01:43:27.716711Z,KXBTC15M-26OCT042145-45,0.0050,373.95,yes
2026-10-05T01:43:27.742698Z,KXBTC15M-26OCT042145-45,0.0050,1869.77,yes
2026-10-05T01:43:27.786767Z,KXBTC15M-26OCT042145-45,0.0040,0.01,no
2026-10-05T01:43:27.786767Z,KXBTC15M-26OCT042145-45,0.0040,0.01,no
2026-10-05T01:43:27.786767Z,KXBTC15M-26OCT042145-45,0.0030,98.99,no
2026-10-05T01:43:27.803015Z,KXBTC15M-26OCT042145-45,0.0050,373.95,yes
2026-10-05T01:43:27.805393Z,KXBTC15M-26OCT042145-45,0.0040,0.01,no
2026-10-05T01:43:27.805393Z,KXBTC15M-26OCT042145-45,0.0040,0.01,no
2026-10-05T01:43:27.805393Z,KXBTC15M-26OCT042145-45,0.0030,17.96,no
2026-10-05T01:43:27.805393Z,KXBTC15M-26OCT042145-45,0.0030,182.02,no
2026-10-05T01:43:27.807969Z,KXBTC15M-26OCT042145-45,0.0050,186.97,yes
2026-10-05T01:43:27.819338Z,KXBTC15M-26OCT042145-45,0.0050,373.95,yes
2026-10-05T01:43:27.820677Z,KXBTC15M-26OCT042145-45,0.0030,1.00,no
2026-10-05T01:43:27.820677Z,KXBTC15M-26OCT042145-45,0.0030,106.00,no
2026-10-05T01:43:27.820677Z,KXBTC15M-26OCT042145-45,0.0030,25.00,no
2026-10-05T01:43:27.820677Z,KXBTC15M-26OCT042145-45,0.0040,0.01,no
2026-10-05T01:43:27.820677Z,KXBTC15M-26OCT042145-45,0.0040,0.01,no
2026-10-05T01:43:27.820677Z,KXBTC15M-26OCT042145-45,0.0030,67.98,no
2026-10-05T01:43:27.840009Z,KXBTC15M-26OCT042145-45,0.0030,200.00,no
2026-10-05T01:43:27.884158Z,KXBTC15M-26OCT042145-45,0.0050,607.86,yes
2026-10-05T01:43:27.884158Z,KXBTC15M-26OCT042145-45,0.0040,15.00,yes
2026-10-05T01:43:27.884158Z,KXBTC15M-26OCT042145-45,0.0040,10.00,yes
2026-10-05T01:43:27.884158Z,KXBTC15M-26OCT042145-45,0.0040,0.01,yes
2026-10-05T01:43:27.884158Z,KXBTC15M-26OCT042145-45,0.0040,15.00,yes
2026-10-05T01:43:27.884158Z,KXBTC15M-26OCT042145-45,0.0040,344.12,yes
2026-10-05T01:43:27.884158Z,KXBTC15M-26OCT042145-45,0.0040,1808.00,yes
2026-10-05T01:43:27.884158Z,KXBTC15M-26OCT042145-45,0.0040,0.01,yes
2026-10-05T01:43:27.884158Z,KXBTC15M-26OCT042145-45,0.0040,200.00,yes
2026-10-05T01:43:27.920262Z,KXBTC15M-26OCT042145-45,0.0030,110.00,no
2026-10-05T01:43:27.920262Z,KXBTC15M-26OCT042145-45,0.0030,90.00,no
2026-10-05T01:43:27.92683Z,KXBTC15M-26OCT042145-45,0.0050,171.95,yes
2026-10-05T01:43:27.92683Z,KXBTC15M-26OCT042145-45,0.0040,15.00,yes
2026-10-05T01:43:27.92683Z,KXBTC15M-26OCT042145-45,0.0040,0.01,yes
2026-10-05T01:43:27.92683Z,KXBTC15M-26OCT042145-45,0.0040,0.01,yes
2026-10-05T01:43:27.932388Z,KXBTC15M-26OCT042145-45,0.0050,916.19,yes
2026-10-05T01:43:27.949574Z,KXBTC15M-26OCT042145-45,0.0040,49.18,no
2026-10-05T01:43:27.951476Z,KXBTC15M-26OCT042145-45,0.0050,18.69,yes
2026-10-05T01:43:27.966776Z,KXBTC15M-26OCT042145-45,0.0050,1869.77,yes
2026-10-05T01:43:28.042503Z,KXBTC15M-26OCT042145-45,0.0050,916.19,yes
2026-10-05T01:43:28.075607Z,KXBTC15M-26OCT042145-45,0.0050,225.04,yes
2026-10-05T01:43:28.142515Z,KXBTC15M-26OCT042145-45,0.0040,45.16,no
2026-10-05T01:43:28.142515Z,KXBTC15M-26OCT042145-45,0.0040,0.01,no
2026-10-05T01:43:28.142515Z,KXBTC15M-26OCT042145-45,0.0040,100.82,no
2026-10-05T01:43:28.142515Z,KXBTC15M-26OCT042145-45,0.0040,0.01,no
2026-10-05T01:43:28.145978Z,KXBTC15M-26OCT042145-45,0.0040,49.27,no
2026-10-05T01:43:28.255648Z,KXBTC15M-26OCT042145-45,0.0050,92.86,yes
2026-10-05T01:43:28.300477Z,KXBTC15M-26OCT042145-45,0.0040,5.01,no
2026-10-05T01:43:28.322413Z,KXBTC15M-26OCT042145-45,0.0050,1.83,yes
2026-10-05T01:43:28.489197Z,KXBTC15M-26OCT042145-45,0.0050,39.60,yes
2026-10-05T01:43:28.672427Z,KXBTC15M-26OCT042145-45,0.0060,54.00,yes
2026-10-05T01:43:28.672427Z,KXBTC15M-26OCT042145-45,0.0080,254.66,yes
2026-10-05T01:43:28.672427Z,KXBTC15M-26OCT042145-45,0.0100,263.15,yes
2026-10-05T01:43:28.672427Z,KXBTC15M-26OCT042145-45,0.0080,390.86,yes
2026-10-05T01:43:28.672427Z,KXBTC15M-26OCT042145-45,0.0070,1.00,yes
2026-10-05T01:43:28.672427Z,KXBTC15M-26OCT042145-45,0.0080,37.40,yes
2026-10-05T01:43:28.672427Z,KXBTC15M-26OCT042145-45,0.0050,0.01,yes
2026-10-05T01:43:28.672427Z,KXBTC15M-26OCT042145-45,0.0060,1346.00,yes
2026-10-05T01:43:28.672427Z,KXBTC15M-26OCT042145-45,0.0060,1.00,yes
2026-10-05T01:43:28.672427Z,KXBTC15M-26OCT042145-45,0.0080,1.00,yes
2026-10-05T01:43:28.672427Z,KXBTC15M-26OCT042145-45,0.0050,1.00,yes
2026-10-05T01:43:28.672427Z,KXBTC15M-26OCT042145-45,0.0090,17.00,yes
2026-10-05T01:43:28.672427Z,KXBTC15M-26OCT042145-45,0.0050,0.01,yes
2026-10-05T01:43:28.672427Z,KXBTC15M-26OCT042145-45,0.0050,9767.59,yes
2026-10-05T01:43:28.672427Z,KXBTC15M-26OCT042145-45,0.0070,10.00,yes
2026-10-05T01:43:28.672427Z,KXBTC15M-26OCT042145-45,0.0050,10000.00,yes
2026-10-05T01:43:28.672427Z,KXBTC15M-26OCT042145-45,0.0070,125.00,yes
2026-10-05T01:43:28.672427Z,KXBTC15M-26OCT042145-45,0.0060,500.00,yes
2026-10-05T01:43:28.672427Z,KXBTC15M-26OCT042145-45,0.0080,15.00,yes
2026-10-05T01:43:28.672427Z,KXBTC15M-26OCT042145-45,0.0090,1179.25,yes
2026-10-05T01:43:28.672427Z,KXBTC15M-26OCT042145-45,0.0050,182.02,yes
2026-10-05T01:43:28.672427Z,KXBTC15M-26OCT042145-45,0.0050,15.00,yes
2026-10-05T01:43:28.672427Z,KXBTC15M-26OCT042145-45,0.0060,15.00,yes
2026-10-05T01:43:28.672427Z,KXBTC15M-26OCT042145-45,0.0050,67.98,yes
2026-10-05T01:43:28.672427Z,KXBTC15M-26OCT042145-45,0.0060,1840.00,yes
2026-10-05T01:43:28.672427Z,KXBTC15M-26OCT042145-45,0.0090,10.00,yes
2026-10-05T01:43:28.672427Z,KXBTC15M-26OCT042145-45,0.0090,10.00,yes
2026-10-05T01:43:28.701285Z,KXBTC15M-26OCT042145-45,0.0040,200.00,no
2026-10-05T01:43:28.71585Z,KXBTC15M-26OCT042145-45,0.0050,0.04,yes
2026-10-05T01:43:28.71585Z,KXBTC15M-26OCT042145-45,0.0050,0.01,yes
2026-10-05T01:43:28.718176Z,KXBTC15M-26OCT042145-45,0.0040,100.00,no
2026-10-05T01:43:28.734427Z,KXBTC15M-26OCT042145-45,0.0040,200.00,no
2026-10-05T01:43:28.785121Z,KXBTC15M-26OCT042145-45,0.0050,14.96,yes
2026-10-05T01:43:28.785121Z,KXBTC15M-26OCT042145-45,0.0070,8.75,yes
2026-10-05T01:43:28.785121Z,KXBTC15M-26OCT042145-45,0.0050,0.01,yes
2026-10-05T01:43:28.785121Z,KXBTC15M-26OCT042145-45,0.0050,0.01,yes
2026-10-05T01:43:28.794792Z,KXBTC15M-26OCT042145-45,0.0050,3.65,no
2026-10-05T01:43:28.804368Z,KXBTC15M-26OCT042145-45,0.0050,146.35,no
2026-10-05T01:43:28.804368Z,KXBTC15M-26OCT042145-45,0.0050,53.65,no
2026-10-05T01:43:28.906524Z,KXBTC15M-26OCT042145-45,0.0050,0.01,no
2026-10-05T01:43:28.906524Z,KXBTC15M-26OCT042145-45,0.0050,135.19,no
2026-10-05T01:43:28.906524Z,KXBTC15M-26OCT042145-45,0.0050,15.00,no
2026-10-05T01:43:28.906524Z,KXBTC15M-26OCT042145-45,0.0040,1114.00,no
2026-10-05T01:43:28.906524Z,KXBTC15M-26OCT042145-45,0.0030,788.72,no
2026-10-05T01:43:28.906524Z,KXBTC15M-26OCT042145-45,0.0040,15.00,no
2026-10-05T01:43:28.906524Z,KXBTC15M-26OCT042145-45,0.0040,15.00,no
2026-10-05T01:43:28.906524Z,KXBTC15M-26OCT042145-45,0.0050,446.35,no
2026-10-05T01:43:28.906524Z,KXBTC15M-26OCT042145-45,0.0040,15.00,no
2026-10-05T01:43:28.906524Z,KXBTC15M-26OCT042145-45,0.0050,8.75,no
2026-10-05T01:43:28.906524Z,KXBTC15M-26OCT042145-45,0.0050,500.00,no
2026-10-05T01:43:28.906524Z,KXBTC15M-26OCT042145-45,0.0040,1230.56,no
2026-10-05T01:43:28.906524Z,KXBTC15M-26OCT042145-45,0.0040,200.00,no
2026-10-05T01:43:28.906524Z,KXBTC15M-26OCT042145-45,0.0040,15.00,no
2026-10-05T01:43:28.906524Z,KXBTC15M-26OCT042145-45,0.0050,0.01,no
2026-10-05T01:43:28.906524Z,KXBTC15M-26OCT042145-45,0.0050,200.00,no
2026-10-05T01:43:28.906524Z,KXBTC15M-26OCT042145-45,0.0030,15.00,no
2026-10-05T01:43:28.906524Z,KXBTC15M-26OCT042145-45,0.0030,250.00,no
2026-10-05T01:43:28.906524Z,KXBTC15M-26OCT042145-45,0.0030,15.00,no
2026-10-05T01:43:28.906524Z,KXBTC15M-26OCT042145-45,0.0030,15.00,no
2026-10-05T01:43:28.906524Z,KXBTC15M-26OCT042145-45,0.0050,22.00,no
2026-10-05T01:43:28.924542Z,KXBTC15M-26OCT042145-45,0.0040,20.00,no
2026-10-05T01:43:28.924542Z,KXBTC15M-26OCT042145-45,0.0050,0.01,no
2026-10-05T01:43:28.924542Z,KXBTC15M-26OCT042145-45,0.0030,71.00,no
2026-10-05T01:43:28.924542Z,KXBTC15M-26OCT042145-45,0.0030,91.96,no
2026-10-05T01:43:28.924542Z,KXBTC15M-26OCT042145-45,0.0030,17.00,no
2026-10-05T01:43:28.924542Z,KXBTC15M-26OCT042145-45,0.0040,0.01,no
2026-10-05T01:43:28.924542Z,KXBTC15M-26OCT042145-45,0.0050,0.01,no
2026-10-05T01:43:28.924542Z,KXBTC15M-26OCT042145-45,0.0040,0.01,no
2026-10-05T01:43:29.001392Z,KXBTC15M-26OCT042145-45,0.0050,0.01,no
2026-10-05T01:43:29.001392Z,KXBTC15M-26OCT042145-45,0.0050,157.71,no
2026-10-05T01:43:29.001392Z,KXBTC15M-26OCT042145-45,0.0050,0.01,no
2026-10-05T01:43:29.164Z,KXBTC15M-26OCT042145-45,0.0060,0.01,yes
2026-10-05T01:43:29.164Z,KXBTC15M-26OCT042145-45,0.0060,100.00,yes
2026-10-05T01:43:29.164Z,KXBTC15M-26OCT042145-45,0.0060,0.01,yes
2026-10-05T01:43:29.164Z,KXBTC15M-26OCT042145-45,0.0060,22.30,yes
2026-10-05T01:43:29.365449Z,KXBTC15M-26OCT042145-45,0.0060,401.05,yes
2026-10-05T01:43:29.365449Z,KXBTC15M-26OCT042145-45,0.0060,200.00,yes
2026-10-05T01:43:29.365449Z,KXBTC15M-26OCT042145-45,0.0060,15.00,yes
2026-10-05T01:43:29.365449Z,KXBTC15M-26OCT042145-45,0.0060,371.25,yes
2026-10-05T01:43:29.365449Z,KXBTC15M-26OCT042145-45,0.0060,377.70,yes
2026-10-05T01:43:29.365449Z,KXBTC15M-26OCT042145-45,0.0060,60.00,yes
2026-10-05T01:43:29.365449Z,KXBTC15M-26OCT042145-45,0.0060,15.00,yes
2026-10-05T01:43:29.775974Z,KXBTC15M-26OCT042145-45,0.0060,10.70,yes
2026-10-05T01:43:29.841944Z,KXBTC15M-26OCT042145-45,0.0030,32.04,no
2026-10-05T01:43:29.841944Z,KXBTC15M-26OCT042145-45,0.0050,0.01,no
2026-10-05T01:43:29.841944Z,KXBTC15M-26OCT042145-45,0.0050,15.00,no
2026-10-05T01:43:29.841944Z,KXBTC15M-26OCT042145-45,0.0050,0.01,no
2026-10-05T01:43:29.841944Z,KXBTC15M-26OCT042145-45,0.0040,20.00,no
2026-10-05T01:43:29.845259Z,KXBTC15M-26OCT042145-45,0.0060,118.05,yes
2026-10-05T01:43:29.845259Z,KXBTC15M-26OCT042145-45,0.0060,34.66,yes
2026-10-05T01:43:30.054994Z,KXBTC15M-26OCT042145-45,0.0050,0.01,yes
2026-10-05T01:43:30.054994Z,KXBTC15M-26OCT042145-45,0.0050,0.01,yes
2026-10-05T01:43:30.054994Z,KXBTC15M-26OCT042145-45,0.0050,0.56,yes
2026-10-05T01:43:30.054994Z,KXBTC15M-26OCT042145-45,0.0050,15.00,yes
2026-10-05T01:43:30.118905Z,KXBTC15M-26OCT042145-45,0.0030,3181.04,no
2026-10-05T01:43:30.118905Z,KXBTC15M-26OCT042145-45,0.0040,20.00,no
2026-10-05T01:43:30.118905Z,KXBTC15M-26OCT042145-45,0.0040,0.01,no
2026-10-05T01:43:30.118905Z,KXBTC15M-26OCT042145-45,0.0030,217.96,no
2026-10-05T01:43:30.118905Z,KXBTC15M-26OCT042145-45,0.0040,500.00,no
2026-10-05T01:43:30.118905Z,KXBTC15M-26OCT042145-45,0.0030,65.00,no
2026-10-05T01:43:30.118905Z,KXBTC15M-26OCT042145-45,0.0040,15.00,no
2026-10-05T01:43:30.118905Z,KXBTC15M-26OCT042145-45,0.0040,500.00,no
2026-10-05T01:43:30.118905Z,KXBTC15M-26OCT042145-45,0.0040,0.01,no
2026-10-05T01:43:30.118905Z,KXBTC15M-26OCT042145-45,0.0040,400.00,no
2026-10-05T01:43:30.118905Z,KXBTC15M-26OCT042145-45,0.0040,15.00,no
2026-10-05T01:43:30.118905Z,KXBTC15M-26OCT042145-45,0.0040,100.00,no
2026-10-05T01:43:30.163023Z,KXBTC15M-26OCT042145-45,0.0050,14.44,yes
2026-10-05T01:43:30.163023Z,KXBTC15M-26OCT042145-45,0.0050,1.14,yes
2026-10-05T01:43:30.275329Z,KXBTC15M-26OCT042145-45,0.0050,1.04,yes
2026-10-05T01:43:30.34201Z,KXBTC15M-26OCT042145-45,0.0040,20.00,no
2026-10-05T01:43:30.34201Z,KXBTC15M-26OCT042145-45,0.0040,0.01,no
2026-10-05T01:43:30.34201Z,KXBTC15M-26OCT042145-45,0.0040,0.01,no
2026-10-05T01:43:30.34201Z,KXBTC15M-26OCT042145-45,0.0040,80.29,no
2026-10-05T01:43:30.385769Z,KXBTC15M-26OCT042145-45,0.0040,49.01,no
2026-10-05T01:43:30.498408Z,KXBTC15M-26OCT042145-45,0.0050,186.97,yes
2026-10-05T01:43:30.536055Z,KXBTC15M-26OCT042145-45,0.0050,15.75,yes
2026-10-05T01:43:30.536055Z,KXBTC15M-26OCT042145-45,0.0050,75.87,yes
2026-10-05T01:43:30.679489Z,KXBTC15M-26OCT042145-45,0.0050,91.62,yes
2026-10-05T01:43:30.697294Z,KXBTC15M-26OCT042145-45,0.0050,132.43,yes
2026-10-05T01:43:30.697294Z,KXBTC15M-26OCT042145-45,0.0050,31.00,yes
2026-10-05T01:43:30.697294Z,KXBTC15M-26OCT042145-45,0.0050,8.52,yes
2026-10-05T01:43:30.697294Z,KXBTC15M-26OCT042145-45,0.0050,15.00,yes
2026-10-05T01:43:30.697294Z,KXBTC15M-26OCT042145-45,0.0050,0.01,yes
2026-10-05T01:43:30.697294Z,KXBTC15M-26OCT042145-45,0.0050,0.01,yes
2026-10-05T01:43:30.710367Z,KXBTC15M-26OCT042145-45,0.0040,13.11,no
2026-10-05T01:43:30.739859Z,KXBTC15M-26OCT042145-45,0.0040,200.66,no
2026-10-05T01:43:30.878407Z,KXBTC15M-26OCT042145-45,0.0050,5.49,yes
2026-10-05T01:43:30.892171Z,KXBTC15M-26OCT042145-45,0.0050,60.98,yes
2026-10-05T01:43:30.892171Z,KXBTC15M-26OCT042145-45,0.0050,125.99,yes
2026-10-05T01:43:30.901875Z,KXBTC15M-26OCT042145-45,0.0040,44.70,no
2026-10-05T01:43:30.939312Z,KXBTC15M-26OCT042145-45,0.0040,1.00,no
2026-10-05T01:43:30.957132Z,KXBTC15M-26OCT042145-45,0.0040,41.89,no
2026-10-05T01:43:30.957132Z,KXBTC15M-26OCT042145-45,0.0040,11.23,no
2026-10-05T01:43:30.975514Z,KXBTC15M-26OCT042145-45,0.0040,30.00,no
2026-10-05T01:43:31.000996Z,KXBTC15M-26OCT042145-45,0.0040,40.00,no
2026-10-05T01:43:31.023806Z,KXBTC15M-26OCT042145-45,0.0050,4.00,yes
2026-10-05T01:43:31.139575Z,KXBTC15M-26OCT042145-45,0.0040,33.68,no
2026-10-05T01:43:31.146239Z,KXBTC15M-26OCT042145-45,0.0040,12.38,no
2026-10-05T01:43:31.146239Z,KXBTC15M-26OCT042145-45,0.0040,0.01,no
2026-10-05T01:43:31.146239Z,KXBTC15M-26OCT042145-45,0.0040,0.01,no
2026-10-05T01:43:31.167087Z,KXBTC15M-26OCT042145-45,0.0050,152.98,yes
2026-10-05T01:43:31.167087Z,KXBTC15M-26OCT042145-45,0.0050,33.99,yes
2026-10-05T01:43:31.171968Z,KXBTC15M-26OCT042145-45,0.0040,7.62,no
2026-10-05T01:43:31.171968Z,KXBTC15M-26OCT042145-45,0.0040,25.19,no
2026-10-05T01:43:31.216605Z,KXBTC15M-26OCT042145-45,0.0040,13.00,no
2026-10-05T01:43:31.305089Z,KXBTC15M-26OCT042145-45,0.0040,7.62,no
2026-10-05T01:43:31.305089Z,KXBTC15M-26OCT042145-45,0.0040,100.00,no
2026-10-05T01:43:31.305089Z,KXBTC15M-26OCT042145-45,0.0040,400.00,no
2026-10-05T01:43:31.305089Z,KXBTC15M-26OCT042145-45,0.0030,200.00,no
2026-10-05T01:43:31.305089Z,KXBTC15M-26OCT042145-45,0.0040,0.01,no
2026-10-05T01:43:31.305089Z,KXBTC15M-26OCT042145-45,0.0040,0.01,no
2026-10-05T01:43:31.305089Z,KXBTC15M-26OCT042145-45,0.0040,200.00,no
2026-10-05T01:43:31.305089Z,KXBTC15M-26OCT042145-45,0.0040,12.38,no
2026-10-05T01:43:31.305089Z,KXBTC15M-26OCT042145-45,0.0030,11692.79,no
2026-10-05T01:43:31.305089Z,KXBTC15M-26OCT042145-45,0.0040,15.00,no
2026-10-05T01:43:31.305089Z,KXBTC15M-26OCT042145-45,0.0040,876.81,no
2026-10-05T01:43:31.305089Z,KXBTC15M-26OCT042145-45,0.0030,250.00,no
2026-10-05T01:43:31.309941Z,KXBTC15M-26OCT042145-45,0.0030,130.89,yes
2026-10-05T01:43:31.31569Z,KXBTC15M-26OCT042145-45,0.0030,46.75,yes
2026-10-05T01:43:31.320594Z,KXBTC15M-26OCT042145-45,0.0020,62.92,no
2026-10-05T01:43:31.359107Z,KXBTC15M-26OCT042145-45,0.0030,1000.00,yes
2026-10-05T01:43:31.366099Z,KXBTC15M-26OCT042145-45,0.0020,200.00,no
2026-10-05T01:43:31.375341Z,KXBTC15M-26OCT042145-45,0.0030,0.01,yes
2026-10-05T01:43:31.375341Z,KXBTC15M-26OCT042145-45,0.0030,250.00,yes
2026-10-05T01:43:31.375341Z,KXBTC15M-26OCT042145-45,0.0030,2549.46,yes
2026-10-05T01:43:31.375341Z,KXBTC15M-26OCT042145-45,0.0030,200.00,yes
2026-10-05T01:43:31.375341Z,KXBTC15M-26OCT042145-45,0.0030,62.92,yes
2026-10-05T01:43:31.375341Z,KXBTC15M-26OCT042145-45,0.0030,15.00,yes
2026-10-05T01:43:31.375341Z,KXBTC15M-26OCT042145-45,0.0030,0.01,yes
2026-10-05T01:43:31.375341Z,KXBTC15M-26OCT042145-45,0.0050,2113.73,yes
2026-10-05T01:43:31.375341Z,KXBTC15M-26OCT042145-45,0.0030,114.01,yes
2026-10-05T01:43:31.375341Z,KXBTC15M-26OCT042145-45,0.0050,126.17,yes
2026-10-05T01:43:31.446549Z,KXBTC15M-26OCT042145-45,0.0020,459.00,no
2026-10-05T01:43:31.447371Z,KXBTC15M-26OCT042145-45,0.0020,70.00,no
2026-10-05T01:43:31.460945Z,KXBTC15M-26OCT042145-45,0.0020,14.22,no
2026-10-05T01:43:31.470633Z,KXBTC15M-26OCT042145-45,0.0030,0.01,yes
2026-10-05T01:43:31.470633Z,KXBTC15M-26OCT042145-45,0.0030,0.01,yes
2026-10-05T01:43:31.470633Z,KXBTC15M-26OCT042145-45,0.0030,171.95,yes
2026-10-05T01:43:31.470633Z,KXBTC15M-26OCT042145-45,0.0030,15.00,yes
2026-10-05T01:43:31.567514Z,KXBTC15M-26OCT042145-45,0.0020,1.00,no
2026-10-05T01:43:31.67416Z,KXBTC15M-26OCT042145-45,0.0020,1.00,no
2026-10-05T01:43:31.721967Z,KXBTC15M-26OCT042145-45,0.0030,233.77,yes
2026-10-05T01:43:31.744199Z,KXBTC15M-26OCT042145-45,0.0020,1.00,no
2026-10-05T01:43:31.781722Z,KXBTC15M-26OCT042145-45,0.0030,1.51,yes
2026-10-05T01:43:31.806683Z,KXBTC15M-26OCT042145-45,0.0020,53.00,no
2026-10-05T01:43:31.895106Z,KXBTC15M-26OCT042145-45,0.0020,154.72,no
2026-10-05T01:43:32.00666Z,KXBTC15M-26OCT042145-45,0.0030,247.68,yes
2026-10-05T01:43:32.00666Z,KXBTC15M-26OCT042145-45,0.0030,200.00,yes
2026-10-05T01:43:32.00666Z,KXBTC15M-26OCT042145-45,0.0030,70.00,yes
2026-10-05T01:43:32.00666Z,KXBTC15M-26OCT042145-45,0.0030,1.00,yes
2026-10-05T01:43:32.00666Z,KXBTC15M-26OCT042145-45,0.0030,15.00,yes
2026-10-05T01:43:32.00666Z,KXBTC15M-26OCT042145-45,0.0030,51.77,yes
2026-10-05T01:43:32.00666Z,KXBTC15M-26OCT042145-45,0.0030,1332.00,yes
2026-10-05T01:43:32.00666Z,KXBTC15M-26OCT042145-45,0.0030,1.00,yes
2026-10-05T01:43:32.00666Z,KXBTC15M-26OCT042145-45,0.0030,14.22,yes
2026-10-05T01:43:32.00666Z,KXBTC15M-26OCT042145-45,0.0030,0.01,yes
2026-10-05T01:43:32.00666Z,KXBTC15M-26OCT042145-45,0.0030,0.01,yes
2026-10-05T01:43:32.00666Z,KXBTC15M-26OCT042145-45,0.0030,1067.31,yes
2026-10-05T01:43:32.217683Z,KXBTC15M-26OCT042145-45,0.0030,520.12,yes
2026-10-05T01:43:32.314077Z,KXBTC15M-26OCT042145-45,0.0020,1760.00,no
2026-10-05T01:43:32.317538Z,KXBTC15M-26OCT042145-45,0.0020,6.73,no
2026-10-05T01:43:32.400659Z,KXBTC15M-26OCT042145-45,0.0020,761.00,no
2026-10-05T01:43:32.428261Z,KXBTC15M-26OCT042145-45,0.0030,3.06,yes
2026-10-05T01:43:32.431141Z,KXBTC15M-26OCT042145-45,0.0030,33.12,yes
2026-10-05T01:43:32.434892Z,KXBTC15M-26OCT042145-45,0.0030,64.00,yes
2026-10-05T01:43:32.450431Z,KXBTC15M-26OCT042145-45,0.0030,3427.46,yes
2026-10-05T01:43:32.566009Z,KXBTC15M-26OCT042145-45,0.0030,30.53,yes
2026-10-05T01:43:32.570353Z,KXBTC15M-26OCT042145-45,0.0020,28.87,no
2026-10-05T01:43:32.570698Z,KXBTC15M-26OCT042145-45,0.0030,305.35,yes
2026-10-05T01:43:32.658277Z,KXBTC15M-26OCT042145-45,0.0020,5.00,no
2026-10-05T01:43:32.806619Z,KXBTC15M-26OCT042145-45,0.0030,1.00,yes
2026-10-05T01:43:32.833633Z,KXBTC15M-26OCT042145-45,0.0030,610.72,yes
2026-10-05T01:43:32.89474Z,KXBTC15M-26OCT042145-45,0.0030,60.38,yes
2026-10-05T01:43:32.966792Z,KXBTC15M-26OCT042145-45,0.0030,3053.57,yes
2026-10-05T01:43:33.029351Z,KXBTC15M-26OCT042145-45,0.0020,14.24,no
2026-10-05T01:43:33.029351Z,KXBTC15M-26OCT042145-45,0.0020,941.18,no
2026-10-05T01:43:33.029351Z,KXBTC15M-26OCT042145-45,0.0020,5.00,no
2026-10-05T01:43:33.029351Z,KXBTC15M-26OCT042145-45,0.0020,1875.00,no
2026-10-05T01:43:33.029351Z,KXBTC15M-26OCT042145-45,0.0020,15.00,no
2026-10-05T01:43:33.029351Z,KXBTC15M-26OCT042145-45,0.0020,400.00,no
2026-10-05T01:43:33.029351Z,KXBTC15M-26OCT042145-45,0.0020,0.01,no
2026-10-05T01:43:33.029351Z,KXBTC15M-26OCT042145-45,0.0020,15.00,no
2026-10-05T01:43:33.029351Z,KXBTC15M-26OCT042145-45,0.0020,100.00,no
2026-10-05T01:43:33.029351Z,KXBTC15M-26OCT042145-45,0.0020,15.00,no
2026-10-05T01:43:33.029351Z,KXBTC15M-26OCT042145-45,0.0020,0.01,no
2026-10-05T01:43:33.029351Z,KXBTC15M-26OCT042145-45,0.0020,28.00,no
2026-10-05T01:43:33.029351Z,KXBTC15M-26OCT042145-45,0.0020,3660.00,no
2026-10-05T01:43:33.029351Z,KXBTC15M-26OCT042145-45,0.0020,88.00,no
2026-10-05T01:43:33.029351Z,KXBTC15M-26OCT042145-45,0.0020,2.00,no
2026-10-05T01:43:33.029351Z,KXBTC15M-26OCT042145-45,0.0020,500.00,no
2026-10-05T01:43:33.029351Z,KXBTC15M-26OCT042145-45,0.0020,0.74,no
2026-10-05T01:43:33.029351Z,KXBTC15M-26OCT042145-45,0.0020,100.00,no
2026-10-05T01:43:33.029351Z,KXBTC15M-26OCT042145-45,0.0020,100.00,no
2026-10-05T01:43:33.029351Z,KXBTC15M-26OCT042145-45,0.0020,5000.00,no
2026-10-05T01:43:33.029351Z,KXBTC15M-26OCT042145-45,0.0020,200.00,no
2026-10-05T01:43:33.029351Z,KXBTC15M-26OCT042145-45,0.0020,3.00,no
2026-10-05T01:43:33.029351Z,KXBTC15M-26OCT042145-45,0.0020,3.00,no
2026-10-05T01:43:33.029351Z,KXBTC15M-26OCT042145-45,0.0020,3.00,no
2026-10-05T01:43:33.029351Z,KXBTC15M-26OCT042145-45,0.0020,3.00,no
2026-10-05T01:43:33.029351Z,KXBTC15M-26OCT042145-45,0.0020,200.00,no
2026-10-05T01:43:33.029351Z,KXBTC15M-26OCT042145-45,0.0020,3.00,no
2026-10-05T01:43:33.029351Z,KXBTC15M-26OCT042145-45,0.0020,26.00,no
2026-10-05T01:43:33.029351Z,KXBTC15M-26OCT042145-45,0.0020,500.00,no
2026-10-05T01:43:33.029351Z,KXBTC15M-26OCT042145-45,0.0020,120.00,no
2026-10-05T01:43:33.029351Z,KXBTC15M-26OCT042145-45,0.0020,1000.00,no
2026-10-05T01:43:33.029351Z,KXBTC15M-26OCT042145-45,0.0020,1000.00,no
2026-10-05T01:43:33.029351Z,KXBTC15M-26OCT042145-45,0.0020,100.00,no
2026-10-05T01:43:33.029351Z,KXBTC15M-26OCT042145-45,0.0020,20000.00,no
2026-10-05T01:43:33.029351Z,KXBTC15M-26OCT042145-45,0.0020,1300.00,no
2026-10-05T01:43:33.029351Z,KXBTC15M-26OCT042145-45,0.0020,1000.00,no
2026-10-05T01:43:33.029351Z,KXBTC15M-26OCT042145-45,0.0020,15390.89,no
2026-10-05T01:43:33.031235Z,KXBTC15M-26OCT042145-45,0.0020,1559.23,yes
2026-10-05T01:43:33.098138Z,KXBTC15M-26OCT042145-45,0.0020,307.03,yes
2026-10-05T01:43:33.279247Z,KXBTC15M-26OCT042145-45,0.0020,2000.00,yes
2026-10-05T01:43:33.381514Z,KXBTC15M-26OCT042145-45,0.0020,311.59,yes
2026-10-05T01:43:33.412479Z,KXBTC15M-26OCT042145-45,0.0020,311.59,yes
2026-10-05T01:43:33.54279Z,KXBTC15M-26OCT042145-45,0.0020,9.00,yes
2026-10-05T01:43:33.578637Z,KXBTC15M-26OCT042145-45,0.0010,5004.65,no
2026-10-05T01:43:33.667982Z,KXBTC15M-26OCT042145-45,0.0020,1422.00,yes
2026-10-05T01:43:33.781707Z,KXBTC15M-26OCT042145-45,0.0020,311.59,yes
2026-10-05T01:43:33.997148Z,KXBTC15M-26OCT042145-45,0.0010,80.07,no
2026-10-05T01:43:34.026993Z,KXBTC15M-26OCT042145-45,0.0010,1.00,no
2026-10-05T01:43:34.103019Z,KXBTC15M-26OCT042145-45,0.0010,5085.72,no
2026-10-05T01:43:34.105507Z,KXBTC15M-26OCT042145-45,0.0010,1.00,no
2026-10-05T01:43:34.10742Z,KXBTC15M-26OCT042145-45,0.0020,45.78,yes
2026-10-05T01:43:34.10742Z,KXBTC15M-26OCT042145-45,0.0020,0.01,yes
2026-10-05T01:43:34.10742Z,KXBTC15M-26OCT042145-45,0.0020,0.01,yes
2026-10-05T01:43:34.114933Z,KXBTC15M-26OCT042145-45,0.0010,33.68,no
2026-10-05T01:43:34.13149Z,KXBTC15M-26OCT042145-45,0.0010,25045.00,no
2026-10-05T01:43:34.152697Z,KXBTC15M-26OCT042145-45,0.0020,10.00,yes
2026-10-05T01:43:34.226852Z,KXBTC15M-26OCT042145-45,0.0010,35.00,no
2026-10-05T01:43:34.226852Z,KXBTC15M-26OCT042145-45,0.0010,75.00,no
2026-10-05T01:43:34.226852Z,KXBTC15M-26OCT042145-45,0.0010,150.00,no
2026-10-05T01:43:34.226852Z,KXBTC15M-26OCT042145-45,0.0010,35.00,no
2026-10-05T01:43:34.226852Z,KXBTC15M-26OCT042145-45,0.0010,35.00,no
2026-10-05T01:43:34.226852Z,KXBTC15M-26OCT042145-45,0.0010,75.00,no
2026-10-05T01:43:34.226852Z,KXBTC15M-26OCT042145-45,0.0010,70.00,no
2026-10-05T01:43:34.226852Z,KXBTC15M-26OCT042145-45,0.0010,75.00,no
2026-10-05T01:43:34.226852Z,KXBTC15M-26OCT042145-45,0.0010,35.00,no
2026-10-05T01:43:34.226852Z,KXBTC15M-26OCT042145-45,0.0010,225.00,no
2026-10-05T01:43:34.226852Z,KXBTC15M-26OCT042145-45,0.0010,150.00,no
2026-10-05T01:43:34.226852Z,KXBTC15M-26OCT042145-45,0.0010,225.00,no
2026-10-05T01:43:34.226852Z,KXBTC15M-26OCT042145-45,0.0010,225.00,no
2026-10-05T01:43:34.226852Z,KXBTC15M-26OCT042145-45,0.0010,75.00,no
2026-10-05T01:43:34.226852Z,KXBTC15M-26OCT042145-45,0.0010,35.00,no
2026-10-05T01:43:34.226852Z,KXBTC15M-26OCT042145-45,0.0010,75.00,no
2026-10-05T01:43:34.226852Z,KXBTC15M-26OCT042145-45,0.0010,35.00,no
2026-10-05T01:43:34.226852Z,KXBTC15M-26OCT042145-45,0.0010,75.00,no
2026-10-05T01:43:34.226852Z,KXBTC15M-26OCT042145-45,0.0010,225.00,no
2026-10-05T01:43:34.226852Z,KXBTC15M-26OCT042145-45,0.0010,70.00,no
2026-10-05T01:43:34.226852Z,KXBTC15M-26OCT042145-45,0.0010,75.00,no
2026-10-05T01:43:34.226852Z,KXBTC15M-26OCT042145-45,0.0010,175.00,no
2026-10-05T01:43:34.226852Z,KXBTC15M-26OCT042145-45,0.0010,375.00,no
2026-10-05T01:43:34.226852Z,KXBTC15M-26OCT042145-45,0.0010,35.00,no
2026-10-05T01:43:34.226852Z,KXBTC15M-26OCT042145-45,0.0010,35.00,no
2026-10-05T01:43:34.226852Z,KXBTC15M-26OCT042145-45,0.0010,35.00,no
2026-10-05T01:43:34.226852Z,KXBTC15M-26OCT042145-45,0.0010,75.00,no
2026-10-05T01:43:34.226852Z,KXBTC15M-26OCT042145-45,0.0010,35.00,no
2026-10-05T01:43:34.226852Z,KXBTC15M-26OCT042145-45,0.0010,35.00,no
2026-10-05T01:43:34.226852Z,KXBTC15M-26OCT042145-45,0.0010,500.00,no
2026-10-05T01:43:34.226852Z,KXBTC15M-26OCT042145-45,0.0010,75.00,no
2026-10-05T01:43:34.226852Z,KXBTC15M-26OCT042145-45,0.0010,75.00,no
2026-10-05T01:43:34.226852Z,KXBTC15M-26OCT042145-45,0.0010,75.00,no
2026-10-05T01:43:34.226852Z,KXBTC15M-26OCT042145-45,0.0010,150.00,no
2026-10-05T01:43:34.226852Z,KXBTC15M-26OCT042145-45,0.0010,105.00,no
2026-10-05T01:43:34.226852Z,KXBTC15M-26OCT042145-45,0.0010,75.00,no
2026-10-05T01:43:34.226852Z,KXBTC15M-26OCT042145-45,0.0010,75.00,no
2026-10-05T01:43:34.226852Z,KXBTC15M-26OCT042145-45,0.0010,75.00,no
2026-10-05T01:43:34.226852Z,KXBTC15M-26OCT042145-45,0.0010,70.00,no
2026-10-05T01:43:34.226852Z,KXBTC15M-26OCT042145-45,0.0010,35.00,no
2026-10-05T01:43:34.226852Z,KXBTC15M-26OCT042145-45,0.0010,75.00,no
2026-10-05T01:43:34.226852Z,KXBTC15M-26OCT042145-45,0.0010,70.00,no
2026-10-05T01:43:34.226852Z,KXBTC15M-26OCT042145-45,0.0010,150.00,no
2026-10-05T01:43:34.226852Z,KXBTC15M-26OCT042145-45,0.0010,75.00,no
2026-10-05T01:43:34.226852Z,KXBTC15M-26OCT042145-45,0.0010,70.00,no
2026-10-05T01:43:34.226852Z,KXBTC15M-26OCT042145-45,0.0010,150.00,no
2026-10-05T01:43:34.226852Z,KXBTC15M-26OCT042145-45,0.0010,1.00,no
2026-10-05T01:43:34.226852Z,KXBTC15M-26OCT042145-45,0.0010,150.00,no
2026-10-05T01:43:34.226852Z,KXBTC15M-26OCT042145-45,0.0010,150.00,no
2026-10-05T01:43:34.226852Z,KXBTC15M-26OCT042145-45,0.0010,75.00,no
2026-10-05T01:43:34.226852Z,KXBTC15M-26OCT042145-45,0.0010,75.00,no
2026-10-05T01:43:34.226852Z,KXBTC15M-26OCT042145-45,0.0010,35.00,no
2026-10-05T01:43:34.226852Z,KXBTC15M-26OCT042145-45,0.0010,35.00,no
2026-10-05T01:43:34.226852Z,KXBTC15M-26OCT042145-45,0.0010,75.00,no
2026-10-05T01:43:34.226852Z,KXBTC15M-26OCT042145-45,0.0010,35.00,no
2026-10-05T01:43:34.226852Z,KXBTC15M-26OCT042145-45,0.0010,35.00,no
2026-10-05T01:43:34.226852Z,KXBTC15M-26OCT042145-45,0.0010,35.00,no
2026-10-05T01:43:34.226852Z,KXBTC15M-26OCT042145-45,0.0010,255.50,no
2026-10-05T01:43:34.226852Z,KXBTC15M-26OCT042145-45,0.0010,888.48,no
2026-10-05T01:43:34.226852Z,KXBTC15M-26OCT042145-45,0.0010,1501.22,no
2026-10-05T01:43:34.226852Z,KXBTC15M-26OCT042145-45,0.0010,5000.00,no
2026-10-05T01:43:34.226852Z,KXBTC15M-26OCT042145-45,0.0010,300.00,no
2026-10-05T01:43:34.226852Z,KXBTC15M-26OCT042145-45,0.0010,35.00,no
2026-10-05T01:43:34.226852Z,KXBTC15M-26OCT042145-45,0.0010,35.00,no
2026-10-05T01:43:34.226852Z,KXBTC15M-26OCT042145-45,0.0010,14.00,no
2026-10-05T01:43:34.226852Z,KXBTC15M-26OCT042145-45,0.0010,120.00,no
2026-10-05T01:43:34.226852Z,KXBTC15M-26OCT042145-45,0.0010,1.00,no
2026-10-05T01:43:34.226852Z,KXBTC15M-26OCT042145-45,0.0010,1.00,no
2026-10-05T01:43:34.226852Z,KXBTC15M-26OCT042145-45,0.0010,2038.00,no
2026-10-05T01:43:34.226852Z,KXBTC15M-26OCT042145-45,0.0010,2396.00,no
2026-10-05T01:43:34.226852Z,KXBTC15M-26OCT042145-45,0.0010,2063.00,no
2026-10-05T01:43:34.226852Z,KXBTC15M-26OCT042145-45,0.0010,785.00,no
2026-10-05T01:43:34.226852Z,KXBTC15M-26OCT042145-45,0.0010,200.00,no
2026-10-05T01:43:34.226852Z,KXBTC15M-26OCT042145-45,0.0010,200.00,no
2026-10-05T01:43:34.226852Z,KXBTC15M-26OCT042145-45,0.0010,100.00,no
2026-10-05T01:43:34.226852Z,KXBTC15M-26OCT042145-45,0.0010,1.00,no
2026-10-05T01:43:34.226852Z,KXBTC15M-26OCT042145-45,0.0010,1922.00,no
2026-10-05T01:43:34.226852Z,KXBTC15M-26OCT042145-45,0.0010,200.00,no
2026-10-05T01:43:34.226852Z,KXBTC15M-26OCT042145-45,0.0010,2000.00,no
2026-10-05T01:43:34.226852Z,KXBTC15M-26OCT042145-45,0.0010,2100.00,no
2026-10-05T01:43:34.226852Z,KXBTC15M-26OCT042145-45,0.0010,2794.00,no
2026-10-05T01:43:34.226852Z,KXBTC15M-26OCT042145-45,0.0010,2226.00,no
2026-10-05T01:43:34.226852Z,KXBTC15M-26OCT042145-45,0.0010,2724.00,no
2026-10-05T01:43:34.240075Z,KXBTC15M-26OCT042145-45,0.0010,259.58,no
2026-10-05T01:43:34.240075Z,KXBTC15M-26OCT042145-45,0.0010,309.90,no
2026-10-05T01:43:34.240075Z,KXBTC15M-26OCT042145-45,0.0010,2.00,no
2026-10-05T01:43:34.240075Z,KXBTC15M-26OCT042145-45,0.0010,10.00,no
2026-10-05T01:43:34.240075Z,KXBTC15M-26OCT042145-45,0.0010,1000.00,no
2026-10-05T01:43:34.240075Z,KXBTC15M-26OCT042145-45,0.0010,10.00,no
2026-10-05T01:43:34.240075Z,KXBTC15M-26OCT042145-45,0.0010,10.00,no
2026-10-05T01:43:34.240075Z,KXBTC15M-26OCT042145-45,0.0010,1111.52,no
2026-10-05T01:43:34.240075Z,KXBTC15M-26OCT042145-45,0.0010,11.00,no
2026-10-05T01:43:34.240427Z,KXBTC15M-26OCT042145-45,0.0010,2063.00,no
2026-10-05T01:43:34.243263Z,KXBTC15M-26OCT042145-45,0.0010,0.01,no
2026-10-05T01:43:34.243263Z,KXBTC15M-26OCT042145-45,0.0010,100.00,no
2026-10-05T01:43:34.243263Z,KXBTC15M-26OCT042145-45,0.0010,15.00,no
2026-10-05T01:43:34.243263Z,KXBTC15M-26OCT042145-45,0.0010,40.00,no
2026-10-05T01:43:34.243263Z,KXBTC15M-26OCT042145-45,0.0010,0.01,no
2026-10-05T01:43:34.243263Z,KXBTC15M-26OCT042145-45,0.0010,400.00,no
2026-10-05T01:43:34.243263Z,KXBTC15M-26OCT042145-45,0.0010,500.00,no
2026-10-05T01:43:34.243263Z,KXBTC15M-26OCT042145-45,0.0010,106.00,no
2026-10-05T01:43:34.243263Z,KXBTC15M-26OCT042145-45,0.0010,500.00,no
2026-10-05T01:43:34.243263Z,KXBTC15M-26OCT042145-45,0.0010,4.59,no
2026-10-05T01:43:34.272862Z,KXBTC15M-26OCT042145-45,0.0010,32.97,yes
2026-10-05T01:43:34.272862Z,KXBTC15M-26OCT042145-45,0.0010,434.39,yes
2026-10-05T01:43:34.27747Z,KXBTC15M-26OCT042145-45,0.0010,27.46,yes
2026-10-05T01:43:34.345064Z,KXBTC15M-26OCT042145-45,0.0010,467.36,yes
2026-10-05T01:43:34.381485Z,KXBTC15M-26OCT042145-45,0.0010,455.00,yes
2026-10-05T01:43:34.430503Z,KXBTC15M-26OCT042145-45,0.0010,467.36,yes
2026-10-05T01:43:34.460744Z,KXBTC15M-26OCT042145-45,0.0010,467.36,yes
2026-10-05T01:43:34.490894Z,KXBTC15M-26OCT042145-45,0.0010,195.75,yes
2026-10-05T01:43:34.490894Z,KXBTC15M-26OCT042145-45,0.0010,120.49,yes
2026-10-05T01:43:34.522153Z,KXBTC15M-26OCT042145-45,0.0010,211.18,yes
2026-10-05T01:43:34.558899Z,KXBTC15M-26OCT042145-45,0.0010,46.74,yes
2026-10-05T01:43:34.603191Z,KXBTC15M-26OCT042145-45,0.0010,379.00,yes
2026-10-05T01:43:34.66186Z,KXBTC15M-26OCT042145-45,0.0010,1247.46,yes
2026-10-05T01:43:34.66186Z,KXBTC15M-26OCT042145-45,0.0010,1089.33,yes
2026-10-05T01:43:34.723888Z,KXBTC15M-26OCT042145-45,0.0010,202.83,yes
2026-10-05T01:43:34.756004Z,KXBTC15M-26OCT042145-45,0.0010,467.36,yes
2026-10-05T01:43:34.771922Z,KXBTC15M-26OCT042145-45,0.0010,467.36,yes
2026-10-05T01:43:34.772429Z,KXBTC15M-26OCT042145-45,0.0010,58.37,yes
2026-10-05T01:43:34.772429Z,KXBTC15M-26OCT042145-45,0.0010,408.99,yes
2026-10-05T01:43:34.813454Z,KXBTC15M-26OCT042145-45,0.0010,6.18,yes
2026-10-05T01:43:34.847838Z,KXBTC15M-26OCT042145-45,0.0010,1831.90,yes
2026-10-05T01:43:34.952556Z,KXBTC15M-26OCT042145-45,0.0010,2.00,yes
2026-10-05T01:43:35.064086Z,KXBTC15M-26OCT042145-45,0.0010,229.01,yes
2026-10-05T01:43:35.078401Z,KXBTC15M-26OCT042145-45,0.0010,1.00,yes
2026-10-05T01:43:35.119506Z,KXBTC15M-26OCT042145-45,0.0010,97.54,yes
2026-10-05T01:43:35.119506Z,KXBTC15M-26OCT042145-45,0.0010,818.45,yes
2026-10-05T01:43:35.209161Z,KXBTC15M-26OCT042145-45,0.0010,643.78,yes
2026-10-05T01:43:35.221135Z,KXBTC15M-26OCT042145-45,0.0010,11.00,yes
2026-10-05T01:43:35.230179Z,KXBTC15M-26OCT042145-45,0.0010,13.41,yes
2026-10-05T01:43:35.298045Z,KXBTC15M-26OCT042145-45,0.0010,100.00,yes
2026-10-05T01:43:35.3991Z,KXBTC15M-26OCT042145-45,0.0010,5.06,yes
2026-10-05T01:43:35.443389Z,KXBTC15M-26OCT042145-45,0.0010,229.01,yes
2026-10-05T01:43:35.563035Z,KXBTC15M-26OCT042145-45,0.0010,1094.59,yes
2026-10-05T01:43:35.563035Z,KXBTC15M-26OCT042145-45,0.0010,575.29,yes
2026-10-05T01:43:35.59975Z,KXBTC15M-26OCT042145-45,0.0010,258.41,yes
2026-10-05T01:43:35.648815Z,KXBTC15M-26OCT042145-45,0.0010,9.01,yes
2026-10-05T01:43:35.665179Z,KXBTC15M-26OCT042145-45,0.0010,7.97,yes
2026-10-05T01:43:35.698205Z,KXBTC15M-26OCT042145-45,0.0010,930.00,yes
2026-10-05T01:43:35.702298Z,KXBTC15M-26OCT042145-45,0.0010,1831.90,yes
2026-10-05T01:43:35.750087Z,KXBTC15M-26OCT042145-45,0.0010,291.25,yes
2026-10-05T01:43:35.857605Z,KXBTC15M-26OCT042145-45,0.0010,4.00,yes
2026-10-05T01:43:35.863039Z,KXBTC15M-26OCT042145-45,0.0010,26.00,yes
2026-10-05T01:43:36.004849Z,KXBTC15M-26OCT042145-45,0.0010,157.00,yes
2026-10-05T01:43:36.01218Z,KXBTC15M-26OCT042145-45,0.0010,12489.67,yes
2026-10-05T01:43:36.01218Z,KXBTC15M-26OCT042145-45,0.0010,1001.00,yes
2026-10-05T01:43:36.01218Z,KXBTC15M-26OCT042145-45,0.0010,528.00,yes
2026-10-05T01:43:36.01218Z,KXBTC15M-26OCT042145-45,0.0010,15.00,yes
2026-10-05T01:43:36.01218Z,KXBTC15M-26OCT042145-45,0.0010,7647.77,yes
2026-10-05T01:43:36.01218Z,KXBTC15M-26OCT042145-45,0.0010,750.00,yes
2026-10-05T01:43:36.125925Z,KXBTC15M-26OCT042145-45,0.0010,338.77,yes
2026-10-05T01:43:36.162546Z,KXBTC15M-26OCT042145-45,0.0010,125.13,yes
2026-10-05T01:43:36.165307Z,KXBTC15M-26OCT042145-45,0.0010,9.11,yes
2026-10-05T01:43:36.191671Z,KXBTC15M-26OCT042145-45,0.0010,864.10,yes
2026-10-05T01:43:36.240466Z,KXBTC15M-26OCT042145-45,0.0010,91.62,yes
2026-10-05T01:43:36.255159Z,KXBTC15M-26OCT042145-45,0.0010,177.30,yes
2026-10-05T01:43:36.260325Z,KXBTC15M-26OCT042145-45,0.0010,52.00,yes
2026-10-05T01:43:36.263577Z,KXBTC15M-26OCT042145-45,0.0010,91.62,yes
2026-10-05T01:43:36.329171Z,KXBTC15M-26OCT042145-45,0.0010,1000.00,yes
2026-10-05T01:43:36.602314Z,KXBTC15M-26OCT042145-45,0.0010,3.04,yes
2026-10-05T01:43:36.616632Z,KXBTC15M-26OCT042145-45,0.0010,91.62,yes
2026-10-05T01:43:36.660548Z,KXBTC15M-26OCT042145-45,0.0010,2827.23,yes
2026-10-05T01:43:36.660548Z,KXBTC15M-26OCT042145-45,0.0010,1659.08,yes
2026-10-05T01:43:36.691441Z,KXBTC15M-26OCT042145-45,0.0010,1339.24,yes
2026-10-05T01:43:36.737462Z,KXBTC15M-26OCT042145-45,0.0010,3.15,yes
2026-10-05T01:43:36.807467Z,KXBTC15M-26OCT042145-45,0.0010,7.43,yes
2026-10-05T01:43:36.851694Z,KXBTC15M-26OCT042145-45,0.0010,9.20,yes
2026-10-05T01:43:36.880451Z,KXBTC15M-26OCT042145-45,0.0010,915.99,yes
2026-10-05T01:43:36.910515Z,KXBTC15M-26OCT042145-45,0.0010,2.04,yes
2026-10-05T01:43:37.100573Z,KXBTC15M-26OCT042145-45,0.0010,915.99,yes
2026-10-05T01:43:37.115646Z,KXBTC15M-26OCT042145-45,0.0010,333.59,yes
2026-10-05T01:43:37.127744Z,KXBTC15M-26OCT042145-45,0.0010,5.32,yes
2026-10-05T01:43:37.137121Z,KXBTC15M-26OCT042145-45,0.0010,10.00,yes
2026-10-05T01:43:37.148134Z,KXBTC15M-26OCT042145-45,0.0010,2.00,yes
2026-10-05T01:43:37.158518Z,KXBTC15M-26OCT042145-45,0.0010,113.90,yes
2026-10-05T01:43:37.276837Z,KXBTC15M-26OCT042145-45,0.0010,91.62,yes
2026-10-05T01:43:37.341763Z,KXBTC15M-26OCT042145-45,0.0010,36.55,yes
2026-10-05T01:43:37.344793Z,KXBTC15M-26OCT042145-45,0.0010,201.31,yes
2026-10-05T01:43:37.365668Z,KXBTC15M-26OCT042145-45,0.0010,17.08,yes
2026-10-05T01:43:37.388729Z,KXBTC15M-26OCT042145-45,0.0010,9.18,yes
2026-10-05T01:43:37.406206Z,KXBTC15M-26OCT042145-45,0.0010,11.40,yes
2026-10-05T01:43:37.430145Z,KXBTC15M-26OCT042145-45,0.0010,915.99,yes
2026-10-05T01:43:37.681739Z,KXBTC15M-26OCT042145-45,0.0010,915.99,yes
2026-10-05T01:43:37.686331Z,KXBTC15M-26OCT042145-45,0.0010,915.99,yes
2026-10-05T01:43:37.696179Z,KXBTC15M-26OCT042145-45,0.0010,915.99,yes
2026-10-05T01:43:37.702004Z,KXBTC15M-26OCT042145-45,0.0010,2.85,yes
2026-10-05T01:43:37.886017Z,KXBTC15M-26OCT042145-45,0.0010,3052.82,yes
2026-10-05T01:43:37.888871Z,KXBTC15M-26OCT042145-45,0.0010,458.04,yes
2026-10-05T01:43:37.891238Z,KXBTC15M-26OCT042145-45,0.0010,23.23,yes
2026-10-05T01:43:37.91297Z,KXBTC15M-26OCT042145-45,0.0010,915.99,yes
2026-10-05T01:43:38.017046Z,KXBTC15M-26OCT042145-45,0.0010,33.45,yes
2026-10-05T01:43:38.108011Z,KXBTC15M-26OCT042145-45,0.0010,483.67,yes
2026-10-05T01:43:38.194692Z,KXBTC15M-26OCT042145-45,0.0010,915.99,yes
2026-10-05T01:43:38.198776Z,KXBTC15M-26OCT042145-45,0.0010,119.11,yes
2026-10-05T01:43:38.262954Z,KXBTC15M-26OCT042145-45,0.0010,915.99,yes
2026-10-05T01:43:38.26818Z,KXBTC15M-26OCT042145-45,0.0010,915.99,yes
2026-10-05T01:43:38.352814Z,KXBTC15M-26OCT042145-45,0.0010,10.59,yes
2026-10-05T01:43:38.392866Z,KXBTC15M-26OCT042145-45,0.0010,1.75,yes
2026-10-05T01:43:38.423057Z,KXBTC15M-26OCT042145-45,0.0010,1831.90,yes
2026-10-05T01:43:38.441823Z,KXBTC15M-26OCT042145-45,0.0010,100.00,yes
2026-10-05T01:43:38.531451Z,KXBTC15M-26OCT042145-45,0.0010,50.03,yes
2026-10-05T01:43:38.537361Z,KXBTC15M-26OCT042145-45,0.0010,91.62,yes
2026-10-05T01:43:38.558293Z,KXBTC15M-26OCT042145-45,0.0010,458.04,yes
2026-10-05T01:43:38.585093Z,KXBTC15M-26OCT042145-45,0.0010,7.50,yes
2026-10-05T01:43:38.619418Z,KXBTC15M-26OCT042145-45,0.0010,234.55,yes
2026-10-05T01:43:38.619418Z,KXBTC15M-26OCT042145-45,0.0010,263.41,yes
2026-10-05T01:43:38.620455Z,KXBTC15M-26OCT042145-45,0.0010,518.12,yes
2026-10-05T01:43:38.689188Z,KXBTC15M-26OCT042145-45,0.0010,200.00,yes
2026-10-05T01:43:38.722813Z,KXBTC15M-26OCT042145-45,0.0010,18.69,yes
2026-10-05T01:43:38.729888Z,KXBTC15M-26OCT042145-45,0.0010,91.62,yes
2026-10-05T01:43:38.824875Z,KXBTC15M-26OCT042145-45,0.0010,458.04,yes
2026-10-05T01:43:38.846877Z,KXBTC15M-26OCT042145-45,0.0010,9.36,yes
2026-10-05T01:43:38.984733Z,KXBTC15M-26OCT042145-45,0.0010,459.08,yes
2026-10-05T01:43:39.329598Z,KXBTC15M-26OCT042145-45,0.0010,90.10,yes
2026-10-05T01:43:39.427214Z,KXBTC15M-26OCT042145-45,0.0010,627.89,yes
2026-10-05T01:43:39.442726Z,KXBTC15M-26OCT042145-45,0.0010,490.57,yes
2026-10-05T01:43:39.466874Z,KXBTC15M-26OCT042145-45,0.0010,915.99,yes
2026-10-05T01:43:39.672932Z,KXBTC15M-26OCT042145-45,0.0010,30.00,yes
2026-10-05T01:43:39.672932Z,KXBTC15M-26OCT042145-45,0.0010,885.99,yes
2026-10-05T01:43:39.71649Z,KXBTC15M-26OCT042145-45,0.0010,102.02,yes
2026-10-05T01:43:39.801815Z,KXBTC15M-26OCT042145-45,0.0010,724.98,yes
2026-10-05T01:43:39.801815Z,KXBTC15M-26OCT042145-45,0.0010,191.01,yes
2026-10-05T01:43:39.905385Z,KXBTC15M-26OCT042145-45,0.0010,1137.35,yes
2026-10-05T01:43:40.067974Z,KXBTC15M-26OCT042145-45,0.0010,3.11,yes
2026-10-05T01:43:40.10668Z,KXBTC15M-26OCT042145-45,0.0010,1.03,yes
2026-10-05T01:43:40.219798Z,KXBTC15M-26OCT042145-45,0.0010,897.30,yes
2026-10-05T01:43:40.224357Z,KXBTC15M-26OCT042145-45,0.0010,458.04,yes
2026-10-05T01:43:40.237766Z,KXBTC15M-26OCT042145-45,0.0010,40.49,yes
2026-10-05T01:43:40.482231Z,KXBTC15M-26OCT042145-45,0.0010,329.72,yes
2026-10-05T01:43:40.482231Z,KXBTC15M-26OCT042145-45,0.0010,233.80,yes
2026-10-05T01:43:40.618296Z,KXBTC15M-26OCT042145-45,0.0010,43.38,yes
2026-10-05T01:43:40.618296Z,KXBTC15M-26OCT042145-45,0.0010,32.04,yes
2026-10-05T01:43:40.618296Z,KXBTC15M-26OCT042145-45,0.0010,16.20,yes
2026-10-05T01:43:40.656072Z,KXBTC15M-26OCT042145-45,0.0020,133.56,yes
2026-10-05T01:43:40.656072Z,KXBTC15M-26OCT042145-45,0.0010,91.00,yes
2026-10-05T01:43:40.656072Z,KXBTC15M-26OCT042145-45,0.0010,100.00,yes
2026-10-05T01:43:40.656072Z,KXBTC15M-26OCT042145-45,0.0010,43.62,yes
2026-10-05T01:43:40.88387Z,KXBTC15M-26OCT042145-45,0.0010,40.00,no
2026-10-05T01:43:40.88387Z,KXBTC15M-26OCT042145-45,0.0010,221.41,no
2026-10-05T01:43:40.88387Z,KXBTC15M-26OCT042145-45,0.0010,17.00,no
2026-10-05T01:43:40.88387Z,KXBTC15M-26OCT042145-45,0.0010,0.01,no
2026-10-05T01:43:40.88387Z,KXBTC15M-26OCT042145-45,0.0010,0.01,no
2026-10-05T01:43:40.88387Z,KXBTC15M-26OCT042145-45,0.0010,10.00,no
2026-10-05T01:43:40.88387Z,KXBTC15M-26OCT042145-45,0.0010,10.00,no
2026-10-05T01:43:40.88387Z,KXBTC15M-26OCT042145-45,0.0010,10.00,no
2026-10-05T01:43:41.21249Z,KXBTC15M-26OCT042145-45,0.0020,0.01,yes
2026-10-05T01:43:41.21249Z,KXBTC15M-26OCT042145-45,0.0020,0.01,yes
2026-10-05T01:43:41.21249Z,KXBTC15M-26OCT042145-45,0.0020,1632.08,yes
2026-10-05T01:43:41.21249Z,KXBTC15M-26OCT042145-45,0.0020,142.02,yes
2026-10-05T01:43:41.21249Z,KXBTC15M-26OCT042145-45,0.0020,15.00,yes
2026-10-05T01:43:41.21249Z,KXBTC15M-26OCT042145-45,0.0020,100.00,yes
2026-10-05T01:43:41.21249Z,KXBTC15M-26OCT042145-45,0.0020,310.66,yes
2026-10-05T01:43:41.21249Z,KXBTC15M-26OCT042145-45,0.0020,90.24,yes
2026-10-05T01:43:41.21249Z,KXBTC15M-26OCT042145-45,0.0020,0.03,yes
2026-10-05T01:43:41.295284Z,KXBTC15M-26OCT042145-45,0.0020,80.74,yes
2026-10-05T01:43:41.295284Z,KXBTC15M-26OCT042145-45,0.0020,367.92,yes
2026-10-05T01:43:41.523017Z,KXBTC15M-26OCT042145-45,0.0020,4.59,yes
2026-10-05T01:43:41.598647Z,KXBTC15M-26OCT042145-45,0.0020,28.26,yes
2026-10-05T01:43:41.626388Z,KXBTC15M-26OCT042145-45,0.0020,6.41,yes
2026-10-05T01:43:41.626388Z,KXBTC15M-26OCT042145-45,0.0020,200.00,yes
2026-10-05T01:43:41.626388Z,KXBTC15M-26OCT042145-45,0.0020,51.60,yes
2026-10-05T01:43:41.626388Z,KXBTC15M-26OCT042145-45,0.0020,200.00,yes
2026-10-05T01:43:41.770519Z,KXBTC15M-26OCT042145-45,0.0010,40.00,no
2026-10-05T01:43:41.770519Z,KXBTC15M-26OCT042145-45,0.0010,0.01,no
2026-10-05T01:43:41.770519Z,KXBTC15M-26OCT042145-45,0.0010,0.01,no
2026-10-05T01:43:41.770519Z,KXBTC15M-26OCT042145-45,0.0010,10.00,no
2026-10-05T01:43:41.770519Z,KXBTC15M-26OCT042145-45,0.0010,26.00,no
2026-10-05T01:43:41.991392Z,KXBTC15M-26OCT042145-45,0.0020,6.53,yes
2026-10-05T01:43:42.061476Z,KXBTC15M-26OCT042145-45,0.0020,1.85,yes
2026-10-05T01:43:42.104182Z,KXBTC15M-26OCT042145-45,0.0010,5.00,no
2026-10-05T01:43:42.213763Z,KXBTC15M-26OCT042145-45,0.0020,140.02,yes
2026-10-05T01:43:42.213763Z,KXBTC15M-26OCT042145-45,0.0020,314.07,yes
2026-10-05T01:43:42.242398Z,KXBTC15M-26OCT042145-45,0.0010,16.70,no
2026-10-05T01:43:42.448015Z,KXBTC15M-26OCT042145-45,0.0010,114.24,no
2026-10-05T01:43:42.494233Z,KXBTC15M-26OCT042145-45,0.0020,2.11,yes
2026-10-05T01:43:42.513009Z,KXBTC15M-26OCT042145-45,0.0020,9.18,yes
2026-10-05T01:43:42.601877Z,KXBTC15M-26OCT042145-45,0.0010,10.00,no
2026-10-05T01:43:42.601877Z,KXBTC15M-26OCT042145-45,0.0010,58.08,no
2026-10-05T01:43:42.601877Z,KXBTC15M-26OCT042145-45,0.0010,10.00,no
2026-10-05T01:43:42.601877Z,KXBTC15M-26OCT042145-45,0.0010,17.00,no
2026-10-05T01:43:42.613258Z,KXBTC15M-26OCT042145-45,0.0020,36.64,yes
2026-10-05T01:43:42.633561Z,KXBTC15M-26OCT042145-45,0.0010,10.00,no
2026-10-05T01:43:42.642215Z,KXBTC15M-26OCT042145-45,0.0020,238.17,yes
2026-10-05T01:43:42.672064Z,KXBTC15M-26OCT042145-45,0.0020,220.58,yes
2026-10-05T01:43:42.672064Z,KXBTC15M-26OCT042145-45,0.0020,237.43,yes
2026-10-05T01:43:42.805531Z,KXBTC15M-26OCT042145-45,0.0020,17.08,yes
2026-10-05T01:43:42.805531Z,KXBTC15M-26OCT042145-45,0.0020,15.00,yes
2026-10-05T01:43:42.82549Z,KXBTC15M-26OCT042145-45,0.0020,397.24,yes
2026-10-05T01:43:42.921147Z,KXBTC15M-26OCT042145-45,0.0010,33.68,no
2026-10-05T01:43:42.938476Z,KXBTC15M-26OCT042145-45,0.0020,267.11,yes
2026-10-05T01:43:42.941872Z,KXBTC15M-26OCT042145-45,0.0020,458.01,yes
2026-10-05T01:43:42.95288Z,KXBTC15M-26OCT042145-45,0.0010,11.61,no
2026-10-05T01:43:43.012028Z,KXBTC15M-26OCT042145-45,0.0010,35.39,no
2026-10-05T01:43:43.014493Z,KXBTC15M-26OCT042145-45,0.0020,10.14,yes
2026-10-05T01:43:43.036148Z,KXBTC15M-26OCT042145-45,0.0020,229.01,yes
2026-10-05T01:43:43.069726Z,KXBTC15M-26OCT042145-45,0.0020,121.41,yes
2026-10-05T01:43:43.069726Z,KXBTC15M-26OCT042145-45,0.0020,200.00,yes
2026-10-05T01:43:43.069726Z,KXBTC15M-26OCT042145-45,0.0020,300.04,yes
2026-10-05T01:43:43.069726Z,KXBTC15M-26OCT042145-45,0.0020,409.87,yes
2026-10-05T01:43:43.069726Z,KXBTC15M-26OCT042145-45,0.0020,15.00,yes
2026-10-05T01:43:43.069726Z,KXBTC15M-26OCT042145-45,0.0020,0.01,yes
2026-10-05T01:43:43.069726Z,KXBTC15M-26OCT042145-45,0.0020,0.01,yes
2026-10-05T01:43:43.102031Z,KXBTC15M-26OCT042145-45,0.0020,107.00,yes
2026-10-05T01:43:43.131762Z,KXBTC15M-26OCT042145-45,0.0010,250.00,no
2026-10-05T01:43:43.170459Z,KXBTC15M-26OCT042145-45,0.0010,100.00,no
2026-10-05T01:43:43.314555Z,KXBTC15M-26OCT042145-45,0.0020,9.34,yes
2026-10-05T01:43:43.402391Z,KXBTC15M-26OCT042145-45,0.0020,229.01,yes
2026-10-05T01:43:43.405616Z,KXBTC15M-26OCT042145-45,0.0010,5.68,no
2026-10-05T01:43:43.405616Z,KXBTC15M-26OCT042145-45,0.0010,2861.00,no
2026-10-05T01:43:43.405616Z,KXBTC15M-26OCT042145-45,0.0010,1632.08,no
2026-10-05T01:43:43.405616Z,KXBTC15M-26OCT042145-45,0.0010,4501.24,no
2026-10-05T01:43:43.405616Z,KXBTC15M-26OCT042145-45,0.0010,500.00,no
2026-10-05T01:43:43.405616Z,KXBTC15M-26OCT042145-45,0.0010,500.00,no
2026-10-05T01:43:43.407706Z,KXBTC15M-26OCT042145-45,0.0010,60.55,no
2026-10-05T01:43:43.4379Z,KXBTC15M-26OCT042145-45,0.0010,31.21,no
2026-10-05T01:43:43.503354Z,KXBTC15M-26OCT042145-45,0.0020,31.46,yes
2026-10-05T01:43:43.511615Z,KXBTC15M-26OCT042145-45,0.0010,134.00,no
2026-10-05T01:43:43.592042Z,KXBTC15M-26OCT042145-45,0.0010,1.67,no
2026-10-05T01:43:43.592042Z,KXBTC15M-26OCT042145-45,0.0010,0.01,no
2026-10-05T01:43:43.592042Z,KXBTC15M-26OCT042145-45,0.0010,40.00,no
2026-10-05T01:43:43.592042Z,KXBTC15M-26OCT042145-45,0.0010,136.48,no
2026-10-05T01:43:43.592042Z,KXBTC15M-26OCT042145-45,0.0010,0.01,no
2026-10-05T01:43:43.592042Z,KXBTC15M-26OCT042145-45,0.0010,10.00,no
2026-10-05T01:43:44.027005Z,KXBTC15M-26OCT042145-45,0.0020,45.80,yes
2026-10-05T01:43:44.042887Z,KXBTC15M-26OCT042145-45,0.0020,0.01,yes
2026-10-05T01:43:44.042887Z,KXBTC15M-26OCT042145-45,0.0020,0.01,yes
2026-10-05T01:43:44.042887Z,KXBTC15M-26OCT042145-45,0.0020,15.00,yes
2026-10-05T01:43:44.042887Z,KXBTC15M-26OCT042145-45,0.0020,387.47,yes
2026-10-05T01:43:44.042887Z,KXBTC15M-26OCT042145-45,0.0020,55.52,yes
2026-10-05T01:43:44.135907Z,KXBTC15M-26OCT042145-45,0.0010,163.36,no
2026-10-05T01:43:44.135907Z,KXBTC15M-26OCT042145-45,0.0010,15.00,no
2026-10-05T01:43:44.135907Z,KXBTC15M-26OCT042145-45,0.0010,40.00,no
2026-10-05T01:43:44.135907Z,KXBTC15M-26OCT042145-45,0.0010,0.01,no
2026-10-05T01:43:44.135907Z,KXBTC15M-26OCT042145-45,0.0010,0.01,no
2026-10-05T01:43:44.135907Z,KXBTC15M-26OCT042145-45,0.0010,10.00,no
2026-10-05T01:43:44.135907Z,KXBTC15M-26OCT042145-45,0.0010,200.00,no
2026-10-05T01:43:44.135907Z,KXBTC15M-26OCT042145-45,0.0010,17.00,no
2026-10-05T01:43:44.135907Z,KXBTC15M-26OCT042145-45,0.0010,10.00,no
2026-10-05T01:43:44.135907Z,KXBTC15M-26OCT042145-45,0.0010,15.00,no
2026-10-05T01:43:44.135907Z,KXBTC15M-26OCT042145-45,0.0010,15.00,no
2026-10-05T01:43:44.135907Z,KXBTC15M-26OCT042145-45,0.0010,10.00,no
2026-10-05T01:43:44.244458Z,KXBTC15M-26OCT042145-45,0.0010,9.34,yes
2026-10-05T01:43:44.579436Z,KXBTC15M-26OCT042145-45,0.0010,233.69,yes
2026-10-05T01:43:44.808113Z,KXBTC15M-26OCT042145-45,0.0010,358.02,yes
2026-10-05T01:43:44.808113Z,KXBTC15M-26OCT042145-45,0.0010,100.00,yes
2026-10-05T01:43:44.808113Z,KXBTC15M-26OCT042145-45,0.0010,261.59,yes
2026-10-05T01:43:44.876956Z,KXBTC15M-26OCT042145-45,0.0010,141.98,yes
2026-10-05T01:43:44.876956Z,KXBTC15M-26OCT042145-45,0.0010,45.01,yes
2026-10-05T01:43:45.054363Z,KXBTC15M-26OCT042145-45,0.0010,4.99,no
2026-10-05T01:43:45.054363Z,KXBTC15M-26OCT042145-45,0.0010,10.00,no
2026-10-05T01:43:45.054363Z,KXBTC15M-26OCT042145-45,0.0010,0.01,no
2026-10-05T01:43:45.054363Z,KXBTC15M-26OCT042145-45,0.0010,0.01,no
2026-10-05T01:43:45.156667Z,KXBTC15M-26OCT042145-45,0.0020,7.45,yes
2026-10-05T01:43:45.234848Z,KXBTC15M-26OCT042145-45,0.0010,5.01,no
2026-10-05T01:43:45.234848Z,KXBTC15M-26OCT042145-45,0.0010,1.74,no
2026-10-05T01:43:45.234848Z,KXBTC15M-26OCT042145-45,0.0010,10.00,no
2026-10-05T01:43:45.280062Z,KXBTC15M-26OCT042145-45,0.0020,458.01,yes
2026-10-05T01:43:45.290461Z,KXBTC15M-26OCT042145-45,0.0020,120.12,yes
2026-10-05T01:43:45.428205Z,KXBTC15M-26OCT042145-45,0.0020,5.05,yes
2026-10-05T01:43:45.439116Z,KXBTC15M-26OCT042145-45,0.0010,0.01,no
2026-10-05T01:43:45.439116Z,KXBTC15M-26OCT042145-45,0.0010,17.00,no
2026-10-05T01:43:45.439116Z,KXBTC15M-26OCT042145-45,0.0010,0.01,no
2026-10-05T01:43:45.439116Z,KXBTC15M-26OCT042145-45,0.0010,225.37,no
2026-10-05T01:43:45.439116Z,KXBTC15M-26OCT042145-45,0.0010,38.26,no
2026-10-05T01:43:45.439116Z,KXBTC15M-26OCT042145-45,0.0010,219.81,no
2026-10-05T01:43:45.479794Z,KXBTC15M-26OCT042145-45,0.0020,15.86,yes
2026-10-05T01:43:45.518518Z,KXBTC15M-26OCT042145-45,0.0020,114.50,yes
2026-10-05T01:43:45.592559Z,KXBTC15M-26OCT042145-45,0.0020,35.30,yes
2026-10-05T01:43:45.76472Z,KXBTC15M-26OCT042145-45,0.0010,26.02,no
2026-10-05T01:43:45.788912Z,KXBTC15M-26OCT042145-45,0.0020,31.68,yes
2026-10-05T01:43:45.832027Z,KXBTC15M-26OCT042145-45,0.0020,458.01,yes
2026-10-05T01:43:45.871622Z,KXBTC15M-26OCT042145-45,0.0020,191.55,yes
2026-10-05T01:43:45.871622Z,KXBTC15M-26OCT042145-45,0.0020,266.46,yes
2026-10-05T01:43:45.935493Z,KXBTC15M-26OCT042145-45,0.0020,458.01,yes
2026-10-05T01:43:46.006332Z,KXBTC15M-26OCT042145-45,0.0010,1.00,no
2026-10-05T01:43:46.102232Z,KXBTC15M-26OCT042145-45,0.0010,700.65,no
2026-10-05T01:43:46.120334Z,KXBTC15M-26OCT042145-45,0.0020,4.98,yes
2026-10-05T01:43:46.12947Z,KXBTC15M-26OCT042145-45,0.0020,3.24,yes
2026-10-05T01:43:46.137504Z,KXBTC15M-26OCT042145-45,0.0010,90.08,no
2026-10-05T01:43:46.157625Z,KXBTC15M-26OCT042145-45,0.0010,10.00,no
2026-10-05T01:43:46.252588Z,KXBTC15M-26OCT042145-45,0.0020,48.98,yes
2026-10-05T01:43:46.252671Z,KXBTC15M-26OCT042145-45,0.0010,2673.48,no
2026-10-05T01:43:46.288863Z,KXBTC15M-26OCT042145-45,0.0010,80.00,no
2026-10-05T01:43:46.351553Z,KXBTC15M-26OCT042145-45,0.0010,33.03,no
2026-10-05T01:43:46.356461Z,KXBTC15M-26OCT042145-45,0.0020,458.01,yes
2026-10-05T01:43:46.416768Z,KXBTC15M-26OCT042145-45,0.0020,392.40,yes
2026-10-05T01:43:46.416768Z,KXBTC15M-26OCT042145-45,0.0020,5.68,yes
2026-10-05T01:43:46.416768Z,KXBTC15M-26OCT042145-45,0.0020,59.93,yes
2026-10-05T01:43:46.498874Z,KXBTC15M-26OCT042145-45,0.0020,0.62,yes
2026-10-05T01:43:46.498874Z,KXBTC15M-26OCT042145-45,0.0020,31.21,yes
2026-10-05T01:43:46.498874Z,KXBTC15M-26OCT042145-45,0.0020,13.97,yes
2026-10-05T01:43:46.53648Z,KXBTC15M-26OCT042145-45,0.0010,29.46,no
2026-10-05T01:43:46.606231Z,KXBTC15M-26OCT042145-45,0.0010,4.37,no
2026-10-05T01:43:46.612099Z,KXBTC15M-26OCT042145-45,0.0020,1.03,yes
2026-10-05T01:43:46.646108Z,KXBTC15M-26OCT042145-45,0.0020,0.01,yes
2026-10-05T01:43:46.646108Z,KXBTC15M-26OCT042145-45,0.0020,102.51,yes
2026-10-05T01:43:46.646108Z,KXBTC15M-26OCT042145-45,0.0020,0.01,yes
2026-10-05T01:43:46.646108Z,KXBTC15M-26OCT042145-45,0.0020,100.00,yes
2026-10-05T01:43:46.646108Z,KXBTC15M-26OCT042145-45,0.0020,255.48,yes
2026-10-05T01:43:46.701121Z,KXBTC15M-26OCT042145-45,0.0020,97.49,yes
2026-10-05T01:43:46.701121Z,KXBTC15M-26OCT042145-45,0.0020,15.00,yes
2026-10-05T01:43:46.701121Z,KXBTC15M-26OCT042145-45,0.0020,280.18,yes
2026-10-05T01:43:46.701121Z,KXBTC15M-26OCT042145-45,0.0020,500.00,yes
2026-10-05T01:43:46.701121Z,KXBTC15M-26OCT042145-45,0.0020,1397.38,yes
2026-10-05T01:43:46.769479Z,KXBTC15M-26OCT042145-45,0.0010,200.00,no
2026-10-05T01:43:46.786087Z,KXBTC15M-26OCT042145-45,0.0020,0.01,yes
2026-10-05T01:43:46.786087Z,KXBTC15M-26OCT042145-45,0.0020,1.00,yes
2026-10-05T01:43:46.786087Z,KXBTC15M-26OCT042145-45,0.0020,102.55,yes
2026-10-05T01:43:46.786087Z,KXBTC15M-26OCT042145-45,0.0020,0.01,yes
2026-10-05T01:43:46.786087Z,KXBTC15M-26OCT042145-45,0.0020,3602.62,yes
2026-10-05T01:43:46.786087Z,KXBTC15M-26OCT042145-45,0.0020,500.00,yes
2026-10-05T01:43:46.789945Z,KXBTC15M-26OCT042145-45,0.0010,61.75,no
2026-10-05T01:43:46.820378Z,KXBTC15M-26OCT042145-45,0.0010,230.44,no
2026-10-05T01:43:46.959221Z,KXBTC15M-26OCT042145-45,0.0020,45.00,yes
2026-10-05T01:43:46.959221Z,KXBTC15M-26OCT042145-45,0.0020,1238.66,yes
2026-10-05T01:43:46.959221Z,KXBTC15M-26OCT042145-45,0.0020,271.31,yes
2026-10-05T01:43:46.959221Z,KXBTC15M-26OCT042145-45,0.0020,1.00,yes
2026-10-05T01:43:46.959221Z,KXBTC15M-26OCT042145-45,0.0020,15.00,yes
2026-10-05T01:43:46.959221Z,KXBTC15M-26OCT042145-45,0.0020,0.01,yes
2026-10-05T01:43:46.959221Z,KXBTC15M-26OCT042145-45,0.0020,97.45,yes
2026-10-05T01:43:46.959221Z,KXBTC15M-26OCT042145-45,0.0020,0.01,yes
2026-10-05T01:43:46.986116Z,KXBTC15M-26OCT042145-45,0.0010,33.00,no
2026-10-05T01:43:47.040177Z,KXBTC15M-26OCT042145-45,0.0010,7.00,no
2026-10-05T01:43:47.299884Z,KXBTC15M-26OCT042145-45,0.0010,96.25,no
2026-10-05T01:43:47.322555Z,KXBTC15M-26OCT042145-45,0.0010,56.05,no
2026-10-05T01:43:47.32325Z,KXBTC15M-26OCT042145-45,0.0010,352.67,no
2026-10-05T01:43:47.364183Z,KXBTC15M-26OCT042145-45,0.0020,19.25,yes
2026-10-05T01:43:47.378086Z,KXBTC15M-26OCT042145-45,0.0010,10.00,no
2026-10-05T01:43:47.378086Z,KXBTC15M-26OCT042145-45,0.0010,38.26,no
2026-10-05T01:43:47.378086Z,KXBTC15M-26OCT042145-45,0.0010,89.38,no
2026-10-05T01:43:47.378086Z,KXBTC15M-26OCT042145-45,0.0010,1.74,no
2026-10-05T01:43:47.378086Z,KXBTC15M-26OCT042145-45,0.0010,10.00,no
2026-10-05T01:43:47.378086Z,KXBTC15M-26OCT042145-45,0.0010,39.31,no
2026-10-05T01:43:47.378086Z,KXBTC15M-26OCT042145-45,0.0010,0.01,no
2026-10-05T01:43:47.378086Z,KXBTC15M-26OCT042145-45,0.0010,10.00,no
2026-10-05T01:43:47.378086Z,KXBTC15M-26OCT042145-45,0.0010,0.01,no
2026-10-05T01:43:47.547524Z,KXBTC15M-26OCT042145-45,0.0010,25.02,no
2026-10-05T01:43:47.628354Z,KXBTC15M-26OCT042145-45,0.0020,206.13,yes
2026-10-05T01:43:47.638999Z,KXBTC15M-26OCT042145-45,0.0010,2.00,no
2026-10-05T01:43:47.643851Z,KXBTC15M-26OCT042145-45,0.0010,16.70,no
2026-10-05T01:43:47.822475Z,KXBTC15M-26OCT042145-45,0.0010,15.38,no
2026-10-05T01:43:47.878717Z,KXBTC15M-26OCT042145-45,0.0020,185.38,yes
2026-10-05T01:43:47.929648Z,KXBTC15M-26OCT042145-45,0.0010,53.52,no
2026-10-05T01:43:47.932572Z,KXBTC15M-26OCT042145-45,0.0020,465.00,yes
2026-10-05T01:43:47.99336Z,KXBTC15M-26OCT042145-45,0.0020,35.00,yes
2026-10-05T01:43:47.99336Z,KXBTC15M-26OCT042145-45,0.0020,423.01,yes
2026-10-05T01:43:48.063758Z,KXBTC15M-26OCT042145-45,0.0010,0.01,no
2026-10-05T01:43:48.063758Z,KXBTC15M-26OCT042145-45,0.0010,10.00,no
2026-10-05T01:43:48.063758Z,KXBTC15M-26OCT042145-45,0.0010,40.00,no
2026-10-05T01:43:48.063758Z,KXBTC15M-26OCT042145-45,0.0010,4.80,no
2026-10-05T01:43:48.063758Z,KXBTC15M-26OCT042145-45,0.0010,10.00,no
2026-10-05T01:43:48.063758Z,KXBTC15M-26OCT042145-45,0.0010,0.01,no
2026-10-05T01:43:48.063758Z,KXBTC15M-26OCT042145-45,0.0010,15.00,no
2026-10-05T01:43:48.063758Z,KXBTC15M-26OCT042145-45,0.0010,15.00,no
2026-10-05T01:43:48.063758Z,KXBTC15M-26OCT042145-45,0.0010,17.00,no
2026-10-05T01:43:48.063758Z,KXBTC15M-26OCT042145-45,0.0010,88.15,no
2026-10-05T01:43:48.099494Z,KXBTC15M-26OCT042145-45,0.0020,69.12,yes
2026-10-05T01:43:48.099494Z,KXBTC15M-26OCT042145-45,0.0020,0.01,yes
2026-10-05T01:43:48.099494Z,KXBTC15M-26OCT042145-45,0.0020,15.00,yes
2026-10-05T01:43:48.099494Z,KXBTC15M-26OCT042145-45,0.0020,45.00,yes
2026-10-05T01:43:48.099494Z,KXBTC15M-26OCT042145-45,0.0020,76.99,yes
2026-10-05T01:43:48.099494Z,KXBTC15M-26OCT042145-45,0.0020,0.01,yes
2026-10-05T01:43:48.14901Z,KXBTC15M-26OCT042145-45,0.0010,17.00,no
2026-10-05T01:43:48.14901Z,KXBTC15M-26OCT042145-45,0.0010,40.00,no
2026-10-05T01:43:48.14901Z,KXBTC15M-26OCT042145-45,0.0010,15.00,no
2026-10-05T01:43:48.14901Z,KXBTC15M-26OCT042145-45,0.0010,1.40,no
2026-10-05T01:43:48.14901Z,KXBTC15M-26OCT042145-45,0.0010,0.01,no
2026-10-05T01:43:48.14901Z,KXBTC15M-26OCT042145-45,0.0010,0.01,no
2026-10-05T01:43:48.14901Z,KXBTC15M-26OCT042145-45,0.0010,10.00,no
2026-10-05T01:43:48.14901Z,KXBTC15M-26OCT042145-45,0.0010,122.36,no
2026-10-05T01:43:48.181237Z,KXBTC15M-26OCT042145-45,0.0010,63.27,yes
2026-10-05T01:43:48.181237Z,KXBTC15M-26OCT042145-45,0.0010,44.22,yes
2026-10-05T01:43:48.190863Z,KXBTC15M-26OCT042145-45,0.0010,1168.39,yes
2026-10-05T01:43:48.388982Z,KXBTC15M-26OCT042145-45,0.0010,268.34,yes
2026-10-05T01:43:48.388982Z,KXBTC15M-26OCT042145-45,0.0010,199.02,yes
2026-10-05T01:43:48.444528Z,KXBTC15M-26OCT042145-45,0.0010,3.68,yes
2026-10-05T01:43:48.579765Z,KXBTC15M-26OCT042145-45,0.0010,1.04,yes
2026-10-05T01:43:48.606699Z,KXBTC15M-26OCT042145-45,0.0010,328.98,yes
2026-10-05T01:43:48.641289Z,KXBTC15M-26OCT042145-45,0.0030,1000.00,yes
2026-10-05T01:43:48.641289Z,KXBTC15M-26OCT042145-45,0.0030,120.00,yes
2026-10-05T01:43:48.641289Z,KXBTC15M-26OCT042145-45,0.0030,1000.00,yes
2026-10-05T01:43:48.641289Z,KXBTC15M-26OCT042145-45,0.0040,1031.01,yes
2026-10-05T01:43:48.641289Z,KXBTC15M-26OCT042145-45,0.0030,1000.00,yes
2026-10-05T01:43:48.641289Z,KXBTC15M-26OCT042145-45,0.0040,15.00,yes
2026-10-05T01:43:48.641289Z,KXBTC15M-26OCT042145-45,0.0020,0.01,yes
2026-10-05T01:43:48.641289Z,KXBTC15M-26OCT042145-45,0.0010,100.00,yes
2026-10-05T01:43:48.641289Z,KXBTC15M-26OCT042145-45,0.0010,500.00,yes
2026-10-05T01:43:48.641289Z,KXBTC15M-26OCT042145-45,0.0020,1.00,yes
2026-10-05T01:43:48.641289Z,KXBTC15M-26OCT042145-45,0.0010,467.28,yes
2026-10-05T01:43:48.641289Z,KXBTC15M-26OCT042145-45,0.0010,500.00,yes
2026-10-05T01:43:48.641289Z,KXBTC15M-26OCT042145-45,0.0010,100.00,yes
2026-10-05T01:43:48.641289Z,KXBTC15M-26OCT042145-45,0.0020,0.01,yes
2026-10-05T01:43:48.641289Z,KXBTC15M-26OCT042145-45,0.0040,1.00,yes
2026-10-05T01:43:48.641289Z,KXBTC15M-26OCT042145-45,0.0030,1.00,yes
2026-10-05T01:43:48.641289Z,KXBTC15M-26OCT042145-45,0.0030,30.00,yes
2026-10-05T01:43:48.661602Z,KXBTC15M-26OCT042145-45,0.0020,0.01,yes
2026-10-05T01:43:48.661602Z,KXBTC15M-26OCT042145-45,0.0020,0.01,yes
2026-10-05T01:43:48.691529Z,KXBTC15M-26OCT042145-45,0.0040,10.22,yes
2026-10-05T01:43:48.691529Z,KXBTC15M-26OCT042145-45,0.0020,0.01,yes
2026-10-05T01:43:48.691529Z,KXBTC15M-26OCT042145-45,0.0030,30.00,yes
2026-10-05T01:43:48.691529Z,KXBTC15M-26OCT042145-45,0.0020,0.01,yes
2026-10-05T01:43:48.927123Z,KXBTC15M-26OCT042145-45,0.0020,0.01,yes
2026-10-05T01:43:48.927123Z,KXBTC15M-26OCT042145-45,0.0020,66.41,yes
2026-10-05T01:43:48.927123Z,KXBTC15M-26OCT042145-45,0.0020,0.01,yes
2026-10-05T01:43:48.95626Z,KXBTC15M-26OCT042145-45,0.0010,0.01,no
2026-10-05T01:43:48.95626Z,KXBTC15M-26OCT042145-45,0.0010,74.30,no
2026-10-05T01:43:48.95626Z,KXBTC15M-26OCT042145-45,0.0010,10.00,no
2026-10-05T01:43:48.95626Z,KXBTC15M-26OCT042145-45,0.0010,4875.68,no
2026-10-05T01:43:48.95626Z,KXBTC15M-26OCT042145-45,0.0010,40.00,no
2026-10-05T01:43:48.95626Z,KXBTC15M-26OCT042145-45,0.0010,0.01,no
2026-10-05T01:43:49.21386Z,KXBTC15M-26OCT042145-45,0.0020,500.00,yes
2026-10-05T01:43:49.21386Z,KXBTC15M-26OCT042145-45,0.0020,15.00,yes
2026-10-05T01:43:49.21386Z,KXBTC15M-26OCT042145-45,0.0020,1.00,yes
2026-10-05T01:43:49.21386Z,KXBTC15M-26OCT042145-45,0.0020,200.00,yes
2026-10-05T01:43:49.21386Z,KXBTC15M-26OCT042145-45,0.0020,4021.91,yes
2026-10-05T01:43:49.30482Z,KXBTC15M-26OCT042145-45,0.0020,467.36,yes
2026-10-05T01:43:49.475583Z,KXBTC15M-26OCT042145-45,0.0020,5.67,yes
2026-10-05T01:43:49.480008Z,KXBTC15M-26OCT042145-45,0.0010,124.32,no
2026-10-05T01:43:49.480008Z,KXBTC15M-26OCT042145-45,0.0010,625.68,no
2026-10-05T01:43:49.485867Z,KXBTC15M-26OCT042145-45,0.0020,59.57,yes
2026-10-05T01:43:49.516254Z,KXBTC15M-26OCT042145-45,0.0010,109.28,no
2026-10-05T01:43:49.645816Z,KXBTC15M-26OCT042145-45,0.0020,82.00,yes
2026-10-05T01:43:49.666786Z,KXBTC15M-26OCT042145-45,0.0020,14.98,yes
2026-10-05T01:43:49.678381Z,KXBTC15M-26OCT042145-45,0.0020,2.01,yes
2026-10-05T01:43:49.81984Z,KXBTC15M-26OCT042145-45,0.0020,185.12,yes
2026-10-05T01:43:50.048621Z,KXBTC15M-26OCT042145-45,0.0020,41.24,yes
2026-10-05T01:43:50.104054Z,KXBTC15M-26OCT042145-45,0.0010,42.47,no
2026-10-05T01:43:50.117385Z,KXBTC15M-26OCT042145-45,0.0010,20.62,no
2026-10-05T01:43:50.136359Z,KXBTC15M-26OCT042145-45,0.0010,24.16,no
2026-10-05T01:43:50.160528Z,KXBTC15M-26OCT042145-45,0.0010,15.00,no
2026-10-05T01:43:50.160528Z,KXBTC15M-26OCT042145-45,0.0010,423.11,no
2026-10-05T01:43:50.160528Z,KXBTC15M-26OCT042145-45,0.0010,0.01,no
2026-10-05T01:43:50.160528Z,KXBTC15M-26OCT042145-45,0.0010,4.72,no
2026-10-05T01:43:50.160528Z,KXBTC15M-26OCT042145-45,0.0010,214.12,no
2026-10-05T01:43:50.160528Z,KXBTC15M-26OCT042145-45,0.0010,219.02,no
2026-10-05T01:43:50.160528Z,KXBTC15M-26OCT042145-45,0.0010,40.00,no
2026-10-05T01:43:50.160528Z,KXBTC15M-26OCT042145-45,0.0010,0.01,no
2026-10-05T01:43:50.230109Z,KXBTC15M-26OCT042145-45,0.0010,23.11,no
2026-10-05T01:43:50.240975Z,KXBTC15M-26OCT042145-45,0.0010,11.67,no
2026-10-05T01:43:50.243334Z,KXBTC15M-26OCT042145-45,0.0010,10.41,no
2026-10-05T01:43:50.293502Z,KXBTC15M-26OCT042145-45,0.0020,96.71,yes
2026-10-05T01:43:50.317449Z,KXBTC15M-26OCT042145-45,0.0010,28.22,no
2026-10-05T01:43:50.352171Z,KXBTC15M-26OCT042145-45,0.0020,14.88,yes
2026-10-05T01:43:50.473378Z,KXBTC15M-26OCT042145-45,0.0020,8.55,yes
2026-10-05T01:43:50.473378Z,KXBTC15M-26OCT042145-45,0.0020,37.25,yes
2026-10-05T01:43:50.481531Z,KXBTC15M-26OCT042145-45,0.0010,17.78,no
2026-10-05T01:43:50.481531Z,KXBTC15M-26OCT042145-45,0.0010,21.22,no
2026-10-05T01:43:50.489269Z,KXBTC15M-26OCT042145-45,0.0010,60.41,no
2026-10-05T01:43:50.499599Z,KXBTC15M-26OCT042145-45,0.0010,10.00,no
2026-10-05T01:43:50.501457Z,KXBTC15M-26OCT042145-45,0.0010,111.81,no
2026-10-05T01:43:50.501457Z,KXBTC15M-26OCT042145-45,0.0010,0.01,no
2026-10-05T01:43:50.501457Z,KXBTC15M-26OCT042145-45,0.0010,42.82,no
2026-10-05T01:43:50.501457Z,KXBTC15M-26OCT042145-45,0.0010,0.01,no
2026-10-05T01:43:50.525478Z,KXBTC15M-26OCT042145-45,0.0010,72.06,no
2026-10-05T01:43:50.529118Z,KXBTC15M-26OCT042145-45,0.0010,20.69,no
2026-10-05T01:43:50.529118Z,KXBTC15M-26OCT042145-45,0.0010,15.33,no
2026-10-05T01:43:50.544374Z,KXBTC15M-26OCT042145-45,0.0010,5.00,no
2026-10-05T01:43:50.632581Z,KXBTC15M-26OCT042145-45,0.0010,8.75,no
2026-10-05T01:43:50.632581Z,KXBTC15M-26OCT042145-45,0.0010,0.01,no
2026-10-05T01:43:50.632581Z,KXBTC15M-26OCT042145-45,0.0010,0.01,no
2026-10-05T01:43:50.632581Z,KXBTC15M-26OCT042145-45,0.0010,14.31,no
2026-10-05T01:43:50.737623Z,KXBTC15M-26OCT042145-45,0.0010,0.02,no
2026-10-05T01:43:51.008818Z,KXBTC15M-26OCT042145-45,0.0020,165.00,yes
2026-10-05T01:43:51.119708Z,KXBTC15M-26OCT042145-45,0.0010,0.01,no
2026-10-05T01:43:51.119708Z,KXBTC15M-26OCT042145-45,0.0010,23.06,no
2026-10-05T01:43:51.119708Z,KXBTC15M-26OCT042145-45,0.0010,119.22,no
2026-10-05T01:43:51.119708Z,KXBTC15M-26OCT042145-45,0.0010,0.02,no
2026-10-05T01:43:51.119708Z,KXBTC15M-26OCT042145-45,0.0010,5.00,no
2026-10-05T01:43:51.119708Z,KXBTC15M-26OCT042145-45,0.0010,11.92,no
2026-10-05T01:43:51.119708Z,KXBTC15M-26OCT042145-45,0.0010,0.01,no
2026-10-05T01:43:51.68672Z,KXBTC15M-26OCT042145-45,0.0010,10.00,yes
2026-10-05T01:43:51.722619Z,KXBTC15M-26OCT042145-45,0.0010,224.11,yes
2026-10-05T01:43:51.730995Z,KXBTC15M-26OCT042145-45,0.0020,0.01,yes
2026-10-05T01:43:51.730995Z,KXBTC15M-26OCT042145-45,0.0020,500.00,yes
2026-10-05T01:43:51.730995Z,KXBTC15M-26OCT042145-45,0.0030,30.00,yes
2026-10-05T01:43:51.730995Z,KXBTC15M-26OCT042145-45,0.0010,356.65,yes
2026-10-05T01:43:51.730995Z,KXBTC15M-26OCT042145-45,0.0030,1.00,yes
2026-10-05T01:43:51.730995Z,KXBTC15M-26OCT042145-45,0.0020,0.01,yes
2026-10-05T01:43:51.730995Z,KXBTC15M-26OCT042145-45,0.0040,15.00,yes
2026-10-05T01:43:51.730995Z,KXBTC15M-26OCT042145-45,0.0040,34.04,yes
2026-10-05T01:43:51.730995Z,KXBTC15M-26OCT042145-45,0.0040,0.70,yes
2026-10-05T01:43:51.730995Z,KXBTC15M-26OCT042145-45,0.0040,254.00,yes
2026-10-05T01:43:51.747386Z,KXBTC15M-26OCT042145-45,0.0020,14.98,yes
2026-10-05T01:43:51.747386Z,KXBTC15M-26OCT042145-45,0.0020,0.01,yes
2026-10-05T01:43:51.747386Z,KXBTC15M-26OCT042145-45,0.0020,0.01,yes
2026-10-05T01:43:51.788841Z,KXBTC15M-26OCT042145-45,0.0010,11.80,no
2026-10-05T01:43:51.920795Z,KXBTC15M-26OCT042145-45,0.0020,0.01,yes
2026-10-05T01:43:51.920795Z,KXBTC15M-26OCT042145-45,0.0020,75.78,yes
2026-10-05T01:43:51.920795Z,KXBTC15M-26OCT042145-45,0.0020,0.01,yes
2026-10-05T01:43:51.920795Z,KXBTC15M-26OCT042145-45,0.0020,339.06,yes
2026-10-05T01:43:51.920795Z,KXBTC15M-26OCT042145-45,0.0020,15.00,yes
2026-10-05T01:43:51.920795Z,KXBTC15M-26OCT042145-45,0.0020,100.00,yes
2026-10-05T01:43:52.044947Z,KXBTC15M-26OCT042145-45,0.0010,40.00,no
2026-10-05T01:43:52.044947Z,KXBTC15M-26OCT042145-45,0.0010,58.20,no
2026-10-05T01:43:52.044947Z,KXBTC15M-26OCT042145-45,0.0010,0.01,no
2026-10-05T01:43:52.044947Z,KXBTC15M-26OCT042145-45,0.0010,15.00,no
2026-10-05T01:43:52.044947Z,KXBTC15M-26OCT042145-45,0.0010,0.01,no
2026-10-05T01:43:52.223662Z,KXBTC15M-26OCT042145-45,0.0010,539.35,yes
2026-10-05T01:43:52.422111Z,KXBTC15M-26OCT042145-45,0.0010,233.69,yes
2026-10-05T01:43:52.467377Z,KXBTC15M-26OCT042145-45,0.0010,46.74,yes
2026-10-05T01:43:52.476417Z,KXBTC15M-26OCT042145-45,0.0010,930.00,yes
2026-10-05T01:43:52.727847Z,KXBTC15M-26OCT042145-45,0.0010,467.36,yes
2026-10-05T01:43:52.748839Z,KXBTC15M-26OCT042145-45,0.0010,9.20,yes
2026-10-05T01:43:52.872688Z,KXBTC15M-26OCT042145-45,0.0010,930.00,yes
2026-10-05T01:43:53.010894Z,KXBTC15M-26OCT042145-45,0.0010,9159.55,yes
2026-10-05T01:43:53.039825Z,KXBTC15M-26OCT042145-45,0.0010,9.20,yes
2026-10-05T01:43:53.068375Z,KXBTC15M-26OCT042145-45,0.0010,9159.55,yes
2026-10-05T01:43:53.083257Z,KXBTC15M-26OCT042145-45,0.0010,229.01,yes
2026-10-05T01:43:53.126638Z,KXBTC15M-26OCT042145-45,0.0010,51.25,yes
2026-10-05T01:43:53.333476Z,KXBTC15M-26OCT042145-45,0.0010,412.17,yes
2026-10-05T01:43:53.346057Z,KXBTC15M-26OCT042145-45,0.0010,283.81,yes
2026-10-05T01:43:53.379156Z,KXBTC15M-26OCT042145-45,0.0010,915.99,yes
2026-10-05T01:43:53.416351Z,KXBTC15M-26OCT042145-45,0.0010,2000.00,yes
2026-10-05T01:43:53.497393Z,KXBTC15M-26OCT042145-45,0.0010,10000.00,yes
2026-10-05T01:43:53.498923Z,KXBTC15M-26OCT042145-45,0.0010,1.07,yes
2026-10-05T01:43:53.576989Z,KXBTC15M-26OCT042145-45,0.0010,1754.56,yes
2026-10-05T01:43:53.627673Z,KXBTC15M-26OCT042145-45,0.0010,4579.77,yes
2026-10-05T01:43:53.75139Z,KXBTC15M-26OCT042145-45,0.0010,915.99,yes
2026-10-05T01:43:53.790118Z,KXBTC15M-26OCT042145-45,0.0010,91.62,yes
2026-10-05T01:43:53.822773Z,KXBTC15M-26OCT042145-45,0.0010,1831.90,yes
2026-10-05T01:43:53.850595Z,KXBTC15M-26OCT042145-45,0.0010,82.50,yes
2026-10-05T01:43:53.857891Z,KXBTC15M-26OCT042145-45,0.0010,10.96,yes
2026-10-05T01:43:53.891455Z,KXBTC15M-26OCT042145-45,0.0010,915.99,yes
2026-10-05T01:43:53.90218Z,KXBTC15M-26OCT042145-45,0.0010,140.19,yes
2026-10-05T01:43:53.952089Z,KXBTC15M-26OCT042145-45,0.0010,366.41,yes
2026-10-05T01:43:54.033156Z,KXBTC15M-26OCT042145-45,0.0010,41.11,yes
2026-10-05T01:43:54.177975Z,KXBTC15M-26OCT042145-45,0.0010,9.20,yes
2026-10-05T01:43:54.21402Z,KXBTC15M-26OCT042145-45,0.0010,64.03,yes
2026-10-05T01:43:54.28301Z,KXBTC15M-26OCT042145-45,0.0010,934.69,yes
2026-10-05T01:43:54.285562Z,KXBTC15M-26OCT042145-45,0.0010,525.89,yes
2026-10-05T01:43:54.328585Z,KXBTC15M-26OCT042145-45,0.0010,90.00,yes
2026-10-05T01:43:54.424068Z,KXBTC15M-26OCT042145-45,0.0010,64.49,yes
2026-10-05T01:43:54.591061Z,KXBTC15M-26OCT042145-45,0.0010,54.67,yes
2026-10-05T01:43:54.592575Z,KXBTC15M-26OCT042145-45,0.0010,4761.42,yes
2026-10-05T01:43:54.732761Z,KXBTC15M-26OCT042145-45,0.0010,641.20,yes
2026-10-05T01:43:54.84113Z,KXBTC15M-26OCT042145-45,0.0010,8.63,yes
2026-10-05T01:43:54.857623Z,KXBTC15M-26OCT042145-45,0.0010,448.69,yes
2026-10-05T01:43:54.943166Z,KXBTC15M-26OCT042145-45,0.0010,200.42,yes
2026-10-05T01:43:54.974025Z,KXBTC15M-26OCT042145-45,0.0010,4.00,yes
2026-10-05T01:43:55.092645Z,KXBTC15M-26OCT042145-45,0.0010,164.92,yes
2026-10-05T01:43:55.114504Z,KXBTC15M-26OCT042145-45,0.0010,458.04,yes
2026-10-05T01:43:55.30053Z,KXBTC15M-26OCT042145-45,0.0010,915.99,yes
2026-10-05T01:43:55.322591Z,KXBTC15M-26OCT042145-45,0.0010,6.03,yes
2026-10-05T01:43:55.476949Z,KXBTC15M-26OCT042145-45,0.0010,1009.89,yes
2026-10-05T01:43:55.586602Z,KXBTC15M-26OCT042145-45,0.0010,215.00,yes
2026-10-05T01:43:55.836782Z,KXBTC15M-26OCT042145-45,0.0010,915.99,yes
2026-10-05T01:43:55.948508Z,KXBTC15M-26OCT042145-45,0.0010,100.00,yes
2026-10-05T01:43:56.035829Z,KXBTC15M-26OCT042145-45,0.0010,915.99,yes
2026-10-05T01:43:56.164046Z,KXBTC15M-26OCT042145-45,0.0010,934.72,yes
2026-10-05T01:43:56.185939Z,KXBTC15M-26OCT042145-45,0.0010,21.13,yes
2026-10-05T01:43:56.353623Z,KXBTC15M-26OCT042145-45,0.0010,9.20,yes
2026-10-05T01:43:56.448614Z,KXBTC15M-26OCT042145-45,0.0010,40.31,yes
2026-10-05T01:43:56.450963Z,KXBTC15M-26OCT042145-45,0.0010,1.55,yes
2026-10-05T01:43:56.488031Z,KXBTC15M-26OCT042145-45,0.0010,1500.00,yes
2026-10-05T01:43:56.590051Z,KXBTC15M-26OCT042145-45,0.0010,91.62,yes
2026-10-05T01:43:56.608324Z,KXBTC15M-26OCT042145-45,0.0010,9.20,yes
2026-10-05T01:43:56.677884Z,KXBTC15M-26OCT042145-45,0.0010,383.42,yes
2026-10-05T01:43:56.697399Z,KXBTC15M-26OCT042145-45,0.0010,280.39,yes
2026-10-05T01:43:56.871841Z,KXBTC15M-26OCT042145-45,0.0010,915.99,yes
2026-10-05T01:43:57.066169Z,KXBTC15M-26OCT042145-45,0.0010,915.99,yes
2026-10-05T01:43:57.147431Z,KXBTC15M-26OCT042145-45,0.0010,915.99,yes
2026-10-05T01:43:57.280992Z,KXBTC15M-26OCT042145-45,0.0010,229.01,yes
2026-10-05T01:43:57.46368Z,KXBTC15M-26OCT042145-45,0.0010,111.50,yes
2026-10-05T01:43:57.537626Z,KXBTC15M-26OCT042145-45,0.0010,915.99,yes
2026-10-05T01:43:57.572207Z,KXBTC15M-26OCT042145-45,0.0010,1.01,yes
2026-10-05T01:43:57.648139Z,KXBTC15M-26OCT042145-45,0.0010,5.00,yes
2026-10-05T01:43:57.870347Z,KXBTC15M-26OCT042145-45,0.0010,1019.95,yes
2026-10-05T01:43:58.356577Z,KXBTC15M-26OCT042145-45,0.0010,915.99,yes
2026-10-05T01:43:58.393629Z,KXBTC15M-26OCT042145-45,0.0010,54.96,yes
2026-10-05T01:43:58.409158Z,KXBTC15M-26OCT042145-45,0.0010,205.53,yes
2026-10-05T01:43:58.539591Z,KXBTC15M-26OCT042145-45,0.0010,93.49,yes
2026-10-05T01:43:58.626799Z,KXBTC15M-26OCT042145-45,0.0010,28.87,yes
2026-10-05T01:43:58.815158Z,KXBTC15M-26OCT042145-45,0.0010,83.38,yes
2026-10-05T01:43:59.063588Z,KXBTC15M-26OCT042145-45,0.0010,31.62,yes
2026-10-05T01:43:59.115836Z,KXBTC15M-26OCT042145-45,0.0010,500.68,yes
2026-10-05T01:43:59.265576Z,KXBTC15M-26OCT042145-45,0.0010,9159.55,yes
2026-10-05T01:43:59.504338Z,KXBTC15M-26OCT042145-45,0.0010,218.62,yes
2026-10-05T01:43:59.556841Z,KXBTC15M-26OCT042145-45,0.0010,577.11,yes
2026-10-05T01:43:59.595968Z,KXBTC15M-26OCT042145-45,0.0010,831.56,yes
2026-10-05T01:43:59.614775Z,KXBTC15M-26OCT042145-45,0.0010,4579.77,yes
2026-10-05T01:43:59.721208Z,KXBTC15M-26OCT042145-45,0.0010,467.36,yes
2026-10-05T01:43:59.735508Z,KXBTC15M-26OCT042145-45,0.0010,90.00,yes
2026-10-05T01:44:00.038355Z,KXBTC15M-26OCT042145-45,0.0010,98.82,yes
2026-10-05T01:44:00.601385Z,KXBTC15M-26OCT042145-45,0.0010,8993.06,yes
2026-10-05T01:44:00.745978Z,KXBTC15M-26OCT042145-45,0.0010,40.00,yes
2026-10-05T01:44:00.902907Z,KXBTC15M-26OCT042145-45,0.0010,15.00,yes
2026-10-05T01:44:00.910856Z,KXBTC15M-26OCT042145-45,0.0010,4579.77,yes
2026-10-05T01:44:01.038238Z,KXBTC15M-26OCT042145-45,0.0010,9.39,yes
2026-10-05T01:44:01.121945Z,KXBTC15M-26OCT042145-45,0.0010,3.45,yes
2026-10-05T01:44:01.249491Z,KXBTC15M-26OCT042145-45,0.0010,2.67,yes
2026-10-05T01:44:01.310928Z,KXBTC15M-26OCT042145-45,0.0010,97.47,yes
2026-10-05T01:44:01.32907Z,KXBTC15M-26OCT042145-45,0.0010,45.85,yes
2026-10-05T01:44:01.625016Z,KXBTC15M-26OCT042145-45,0.0010,2691.83,yes
2026-10-05T01:44:01.883829Z,KXBTC15M-26OCT042145-45,0.0010,23.33,yes
2026-10-05T01:44:02.534959Z,KXBTC15M-26OCT042145-45,0.0010,5.41,yes
2026-10-05T01:44:02.686407Z,KXBTC15M-26OCT042145-45,0.0010,35.89,yes
2026-10-05T01:44:03.366562Z,KXBTC15M-26OCT042145-45,0.0010,43.00,yes
2026-10-05T01:44:03.577098Z,KXBTC15M-26OCT042145-45,0.0010,11216.12,yes
2026-10-05T01:44:03.611144Z,KXBTC15M-26OCT042145-45,0.0010,4579.77,yes
2026-10-05T01:44:03.724365Z,KXBTC15M-26OCT042145-45,0.0010,53.84,yes
2026-10-05T01:44:03.768754Z,KXBTC15M-26OCT042145-45,0.0010,915.99,yes
2026-10-05T01:44:03.775702Z,KXBTC15M-26OCT042145-45,0.0010,9159.55,yes
2026-10-05T01:44:03.911218Z,KXBTC15M-26OCT042145-45,0.0010,2.97,yes
2026-10-05T01:44:03.929516Z,KXBTC15M-26OCT042145-45,0.0010,0.02,yes
2026-10-05T01:44:03.931361Z,KXBTC15M-26OCT042145-45,0.0010,0.02,yes
2026-10-05T01:44:04.078874Z,KXBTC15M-26OCT042145-45,0.0010,915.99,yes
2026-10-05T01:44:04.130286Z,KXBTC15M-26OCT042145-45,0.0010,831.37,yes
2026-10-05T01:44:04.235992Z,KXBTC15M-26OCT042145-45,0.0010,9.20,yes
2026-10-05T01:44:04.32331Z,KXBTC15M-26OCT042145-45,0.0010,2747.91,yes
2026-10-05T01:44:04.352167Z,KXBTC15M-26OCT042145-45,0.0010,54.96,yes
2026-10-05T01:44:04.568726Z,KXBTC15M-26OCT042145-45,0.0010,45.85,yes
2026-10-05T01:44:04.808366Z,KXBTC15M-26OCT042145-45,0.0010,915.99,yes
2026-10-05T01:44:04.897467Z,KXBTC15M-26OCT042145-45,0.0010,21.41,yes
2026-10-05T01:44:05.06438Z,KXBTC15M-26OCT042145-45,0.0010,261.69,yes
2026-10-05T01:44:05.117478Z,KXBTC15M-26OCT042145-45,0.0010,4579.77,yes
2026-10-05T01:44:05.195218Z,KXBTC15M-26OCT042145-45,0.0010,549.57,yes
2026-10-05T01:44:05.204262Z,KXBTC15M-26OCT042145-45,0.0010,38.47,yes
2026-10-05T01:44:05.475103Z,KXBTC15M-26OCT042145-45,0.0010,37.64,yes
2026-10-05T01:44:05.739971Z,KXBTC15M-26OCT042145-45,0.0010,2.17,yes
2026-10-05T01:44:06.066929Z,KXBTC15M-26OCT042145-45,0.0010,915.99,yes
2026-10-05T01:44:06.969406Z,KXBTC15M-26OCT042145-45,0.0010,39.96,yes
2026-10-05T01:44:07.078179Z,KXBTC15M-26OCT042145-45,0.0010,1190.78,yes
2026-10-05T01:44:07.26072Z,KXBTC15M-26OCT042145-45,0.0010,1831.90,yes
2026-10-05T01:44:07.326404Z,KXBTC15M-26OCT042145-45,0.0010,1.05,yes
2026-10-05T01:44:07.511377Z,KXBTC15M-26OCT042145-45,0.0010,915.99,yes
2026-10-05T01:44:07.604121Z,KXBTC15M-26OCT042145-45,0.0010,915.99,yes
2026-10-05T01:44:07.940858Z,KXBTC15M-26OCT042145-45,0.0010,9159.55,yes
2026-10-05T01:44:07.986177Z,KXBTC15M-26OCT042145-45,0.0010,897.30,yes
2026-10-05T01:44:08.725722Z,KXBTC15M-26OCT042145-45,0.0010,16.84,yes
2026-10-05T01:44:08.878099Z,KXBTC15M-26OCT042145-45,0.0010,2.30,yes
2026-10-05T01:44:09.042843Z,KXBTC15M-26OCT042145-45,0.0010,45.85,yes
2026-10-05T01:44:10.041326Z,KXBTC15M-26OCT042145-45,0.0010,300.20,yes
2026-10-05T01:44:10.111119Z,KXBTC15M-26OCT042145-45,0.0010,915.99,yes
2026-10-05T01:44:10.224342Z,KXBTC15M-26OCT042145-45,0.0010,641.20,yes
2026-10-05T01:44:10.536815Z,KXBTC15M-26OCT042145-45,0.0010,9.20,yes
2026-10-05T01:44:10.631935Z,KXBTC15M-26OCT042145-45,0.0010,18319.03,yes
2026-10-05T01:44:10.694406Z,KXBTC15M-26OCT042145-45,0.0010,915.99,yes
2026-10-05T01:44:10.859634Z,KXBTC15M-26OCT042145-45,0.0010,5.06,yes
2026-10-05T01:44:11.356442Z,KXBTC15M-26OCT042145-45,0.0010,915.99,yes
2026-10-05T01:44:11.402406Z,KXBTC15M-26OCT042145-45,0.0010,915.99,yes
2026-10-05T01:44:11.483791Z,KXBTC15M-26OCT042145-45,0.0010,47.14,yes
2026-10-05T01:44:11.637032Z,KXBTC15M-26OCT042145-45,0.0010,915.99,yes
2026-10-05T01:44:12.10927Z,KXBTC15M-26OCT042145-45,0.0010,915.99,yes
2026-10-05T01:44:12.270627Z,KXBTC15M-26OCT042145-45,0.0010,0.02,yes
2026-10-05T01:44:12.275366Z,KXBTC15M-26OCT042145-45,0.0010,0.02,yes
2026-10-05T01:44:12.27564Z,KXBTC15M-26OCT042145-45,0.0010,0.02,yes
2026-10-05T01:44:12.279739Z,KXBTC15M-26OCT042145-45,0.0010,250.00,yes
2026-10-05T01:44:12.422136Z,KXBTC15M-26OCT042145-45,0.0010,422.07,yes
2026-10-05T01:44:12.550552Z,KXBTC15M-26OCT042145-45,0.0010,90.00,yes
2026-10-05T01:44:12.56453Z,KXBTC15M-26OCT042145-45,0.0010,140.19,yes
2026-10-05T01:44:12.964748Z,KXBTC15M-26OCT042145-45,0.0010,9.01,yes
2026-10-05T01:44:13.144937Z,KXBTC15M-26OCT042145-45,0.0010,9.20,yes
2026-10-05T01:44:13.576212Z,KXBTC15M-26OCT042145-45,0.0010,915.99,yes
2026-10-05T01:44:13.636412Z,KXBTC15M-26OCT042145-45,0.0010,915.99,yes
2026-10-05T01:44:13.937542Z,KXBTC15M-26OCT042145-45,0.0010,100.83,yes
2026-10-05T01:44:13.949222Z,KXBTC15M-26OCT042145-45,0.0010,15.30,yes
2026-10-05T01:44:14.074358Z,KXBTC15M-26OCT042145-45,0.0010,0.02,yes
2026-10-05T01:44:14.250049Z,KXBTC15M-26OCT042145-45,0.0010,0.02,yes
2026-10-05T01:44:14.326597Z,KXBTC15M-26OCT042145-45,0.0010,915.99,yes
2026-10-05T01:44:14.377023Z,KXBTC15M-26OCT042145-45,0.0010,10.00,yes
2026-10-05T01:44:14.408767Z,KXBTC15M-26OCT042145-45,0.0010,9159.55,yes
2026-10-05T01:44:14.85648Z,KXBTC15M-26OCT042145-45,0.0010,45.85,yes
2026-10-05T01:44:15.22064Z,KXBTC15M-26OCT042145-45,0.0010,1.23,yes
2026-10-05T01:44:15.22104Z,KXBTC15M-26OCT042145-45,0.0010,201.57,yes
2026-10-05T01:44:15.252458Z,KXBTC15M-26OCT042145-45,0.0010,47.14,yes
2026-10-05T01:44:15.542516Z,KXBTC15M-26OCT042145-45,0.0010,22.36,yes
2026-10-05T01:44:15.873789Z,KXBTC15M-26OCT042145-45,0.0010,458.04,yes
2026-10-05T01:44:15.891339Z,KXBTC15M-26OCT042145-45,0.0010,458.04,yes
2026-10-05T01:44:16.733518Z,KXBTC15M-26OCT042145-45,0.0010,179.51,yes
2026-10-05T01:44:16.74259Z,KXBTC15M-26OCT042145-45,0.0010,229.01,yes
2026-10-05T01:44:16.803085Z,KXBTC15M-26OCT042145-45,0.0010,540.46,yes
2026-10-05T01:44:17.33282Z,KXBTC15M-26OCT042145-45,0.0010,192.36,yes
2026-10-05T01:44:17.388544Z,KXBTC15M-26OCT042145-45,0.0010,34.02,yes
2026-10-05T01:44:17.492343Z,KXBTC15M-26OCT042145-45,0.0010,91.62,yes
2026-10-05T01:44:17.505004Z,KXBTC15M-26OCT042145-45,0.0010,915.99,yes
2026-10-05T01:44:17.539972Z,KXBTC15M-26OCT042145-45,0.0010,100.00,yes
2026-10-05T01:44:17.734727Z,KXBTC15M-26OCT042145-45,0.0010,0.02,yes
2026-10-05T01:44:18.123823Z,KXBTC15M-26OCT042145-45,0.0010,0.72,yes
2026-10-05T01:44:18.219198Z,KXBTC15M-26OCT042145-45,0.0010,915.99,yes
2026-10-05T01:44:18.299556Z,KXBTC15M-26OCT042145-45,0.0010,33.11,yes
2026-10-05T01:44:18.439863Z,KXBTC15M-26OCT042145-45,0.0010,26.98,yes
2026-10-05T01:44:19.625835Z,KXBTC15M-26OCT042145-45,0.0010,229.01,yes
2026-10-05T01:44:19.700747Z,KXBTC15M-26OCT042145-45,0.0010,915.99,yes
2026-10-05T01:44:19.735106Z,KXBTC15M-26OCT042145-45,0.0010,915.99,yes
2026-10-05T01:44:19.776158Z,KXBTC15M-26OCT042145-45,0.0010,14.00,yes
2026-10-05T01:44:19.984991Z,KXBTC15M-26OCT042145-45,0.0010,8.47,yes
2026-10-05T01:44:20.178418Z,KXBTC15M-26OCT042145-45,0.0010,915.99,yes
2026-10-05T01:44:20.335536Z,KXBTC15M-26OCT042145-45,0.0010,237.61,yes
2026-10-05T01:44:20.423522Z,KXBTC15M-26OCT042145-45,0.0010,0.93,yes
2026-10-05T01:44:20.476116Z,KXBTC15M-26OCT042145-45,0.0010,18319.03,yes
2026-10-05T01:44:20.488314Z,KXBTC15M-26OCT042145-45,0.0010,1831.90,yes
2026-10-05T01:44:21.029636Z,KXBTC15M-26OCT042145-45,0.0010,183.25,yes
2026-10-05T01:44:21.218923Z,KXBTC15M-26OCT042145-45,0.0010,472.14,yes
2026-10-05T01:44:21.462961Z,KXBTC15M-26OCT042145-45,0.0010,9340.00,yes
2026-10-05T01:44:21.983132Z,KXBTC15M-26OCT042145-45,0.0010,9159.55,yes
2026-10-05T01:44:22.061838Z,KXBTC15M-26OCT042145-45,0.0010,915.99,yes
2026-10-05T01:44:22.119345Z,KXBTC15M-26OCT042145-45,0.0010,525.51,yes
2026-10-05T01:44:23.12358Z,KXBTC15M-26OCT042145-45,0.0010,915.99,yes
2026-10-05T01:44:23.248223Z,KXBTC15M-26OCT042145-45,0.0010,9.20,yes
2026-10-05T01:44:23.320599Z,KXBTC15M-26OCT042145-45,0.0010,705.29,yes
2026-10-05T01:44:23.645983Z,KXBTC15M-26OCT042145-45,0.0010,9159.55,yes
2026-10-05T01:44:23.852118Z,KXBTC15M-26OCT042145-45,0.0010,18319.03,yes
2026-10-05T01:44:23.931306Z,KXBTC15M-26OCT042145-45,0.0010,549.57,yes
2026-10-05T01:44:24.089514Z,KXBTC15M-26OCT042145-45,0.0010,4579.77,yes
2026-10-05T01:44:24.315148Z,KXBTC15M-26OCT042145-45,0.0010,47.14,yes
2026-10-05T01:44:24.833856Z,KXBTC15M-26OCT042145-45,0.0010,915.99,yes
2026-10-05T01:44:25.000699Z,KXBTC15M-26OCT042145-45,0.0010,2.09,yes
2026-10-05T01:44:25.06019Z,KXBTC15M-26OCT042145-45,0.0010,63.64,yes
2026-10-05T01:44:25.078171Z,KXBTC15M-26OCT042145-45,0.0010,2747.91,yes
2026-10-05T01:44:25.090217Z,KXBTC15M-26OCT042145-45,0.0010,80.07,yes
2026-10-05T01:44:25.096933Z,KXBTC15M-26OCT042145-45,0.0010,47.14,yes
2026-10-05T01:44:25.105122Z,KXBTC15M-26OCT042145-45,0.0010,9.20,yes
2026-10-05T01:44:25.595217Z,KXBTC15M-26OCT042145-45,0.0010,91.62,yes
2026-10-05T01:44:25.635006Z,KXBTC15M-26OCT042145-45,0.0010,3.13,yes
2026-10-05T01:44:26.009348Z,KXBTC15M-26OCT042145-45,0.0010,5.46,yes
2026-10-05T01:44:26.206984Z,KXBTC15M-26OCT042145-45,0.0010,458.04,yes
2026-10-05T01:44:26.380219Z,KXBTC15M-26OCT042145-45,0.0010,915.99,yes
2026-10-05T01:44:26.400909Z,KXBTC15M-26OCT042145-45,0.0010,18319.03,yes
2026-10-05T01:44:26.445562Z,KXBTC15M-26OCT042145-45,0.0010,3663.81,yes
2026-10-05T01:44:28.317418Z,KXBTC15M-26OCT042145-45,0.0010,14.72,yes
2026-10-05T01:44:28.433244Z,KXBTC15M-26OCT042145-45,0.0010,915.99,yes
2026-10-05T01:44:28.588383Z,KXBTC15M-26OCT042145-45,0.0010,475.71,yes
2026-10-05T01:44:28.69317Z,KXBTC15M-26OCT042145-45,0.0010,1825.00,yes
2026-10-05T01:44:28.69317Z,KXBTC15M-26OCT042145-45,0.0010,1825.00,yes
2026-10-05T01:44:28.69317Z,KXBTC15M-26OCT042145-45,0.0010,7580.18,yes
2026-10-05T01:44:28.69317Z,KXBTC15M-26OCT042145-45,0.0010,4000.00,yes
2026-10-05T01:44:28.69317Z,KXBTC15M-26OCT042145-45,0.0010,5000.00,yes
2026-10-05T01:44:28.69317Z,KXBTC15M-26OCT042145-45,0.0010,170.20,yes
2026-10-05T01:44:28.69317Z,KXBTC15M-26OCT042145-45,0.0010,10703.04,yes
2026-10-05T01:44:28.69317Z,KXBTC15M-26OCT042145-45,0.0010,49500.00,yes
2026-10-05T01:44:28.859225Z,KXBTC15M-26OCT042145-45,0.0010,824.36,yes
2026-10-05T01:44:29.009669Z,KXBTC15M-26OCT042145-45,0.0010,915.99,yes
2026-10-05T01:44:29.275052Z,KXBTC15M-26OCT042145-45,0.0010,4579.77,yes
2026-10-05T01:44:29.474626Z,KXBTC15M-26OCT042145-45,0.0010,1809.00,yes
2026-10-05T01:44:30.122462Z,KXBTC15M-26OCT042145-45,0.0010,237.61,yes
2026-10-05T01:44:30.156946Z,KXBTC15M-26OCT042145-45,0.0010,4.39,yes
2026-10-05T01:44:30.157816Z,KXBTC15M-26OCT042145-45,0.0010,1.28,yes
2026-10-05T01:44:30.16143Z,KXBTC15M-26OCT042145-45,0.0010,1.43,yes
2026-10-05T01:44:30.292123Z,KXBTC15M-26OCT042145-45,0.0010,3.78,yes
2026-10-05T01:44:30.394536Z,KXBTC15M-26OCT042145-45,0.0010,392.80,yes
2026-10-05T01:44:30.900849Z,KXBTC15M-26OCT042145-45,0.0010,2.27,yes
2026-10-05T01:44:31.237819Z,KXBTC15M-26OCT042145-45,0.0010,1000.00,yes
2026-10-05T01:44:34.262691Z,KXBTC15M-26OCT042145-45,0.0010,15.97,yes
2026-10-05T01:44:34.788126Z,KXBTC15M-26OCT042145-45,0.0010,1.66,yes
2026-10-05T01:44:35.14135Z,KXBTC15M-26OCT042145-45,0.0010,62.11,yes
2026-10-05T01:44:35.884237Z,KXBTC15M-26OCT042145-45,0.0010,171.24,yes
2026-10-05T01:44:36.907142Z,KXBTC15M-26OCT042145-45,0.0010,140.19,yes
2026-10-05T01:44:37.448102Z,KXBTC15M-26OCT042145-45,0.0010,18319.03,yes
2026-10-05T01:44:37.527281Z,KXBTC15M-26OCT042145-45,0.0010,47.14,yes
2026-10-05T01:44:37.820984Z,KXBTC15M-26OCT042145-45,0.0010,549.57,yes
2026-10-05T01:44:38.365829Z,KXBTC15M-26OCT042145-45,0.0010,45.85,yes
2026-10-05T01:44:39.225291Z,KXBTC15M-26OCT042145-45,0.0010,3663.81,yes
2026-10-05T01:44:39.379462Z,KXBTC15M-26OCT042145-45,0.0010,458.04,yes
2026-10-05T01:44:39.475028Z,KXBTC15M-26OCT042145-45,0.0010,100.83,yes
2026-10-05T01:44:39.662679Z,KXBTC15M-26OCT042145-45,0.0010,2.12,yes
2026-10-05T01:44:39.986869Z,KXBTC15M-26OCT042145-45,0.0010,69.33,yes
2026-10-05T01:44:39.994009Z,KXBTC15M-26OCT042145-45,0.0010,18319.03,yes
2026-10-05T01:44:41.068898Z,KXBTC15M-26OCT042145-45,0.0010,915.99,yes
2026-10-05T01:44:41.09713Z,KXBTC15M-26OCT042145-45,0.0010,915.99,yes
2026-10-05T01:44:41.249761Z,KXBTC15M-26OCT042145-45,0.0010,4579.77,yes
2026-10-05T01:44:42.133337Z,KXBTC15M-26OCT042145-45,0.0010,9159.55,yes
2026-10-05T01:44:42.829923Z,KXBTC15M-26OCT042145-45,0.0010,915.99,yes
2026-10-05T01:44:43.316453Z,KXBTC15M-26OCT042145-45,0.0010,458.04,yes
2026-10-05T01:44:43.663473Z,KXBTC15M-26OCT042145-45,0.0010,10.00,yes
2026-10-05T01:44:43.727987Z,KXBTC15M-26OCT042145-45,0.0010,915.99,yes
2026-10-05T01:44:43.730967Z,KXBTC15M-26OCT042145-45,0.0010,1.08,yes
2026-10-05T01:44:43.879827Z,KXBTC15M-26OCT042145-45,0.0010,21.61,yes
2026-10-05T01:44:44.087165Z,KXBTC15M-26OCT042145-45,0.0010,91.62,yes
2026-10-05T01:44:44.392326Z,KXBTC15M-26OCT042145-45,0.0010,9159.55,yes
2026-10-05T01:44:44.916152Z,KXBTC15M-26OCT042145-45,0.0010,915.99,yes
2026-10-05T01:44:44.944766Z,KXBTC15M-26OCT042145-45,0.0010,91.62,yes
2026-10-05T01:44:45.217603Z,KXBTC15M-26OCT042145-45,0.0010,448.69,yes
2026-10-05T01:44:45.281644Z,KXBTC15M-26OCT042145-45,0.0010,20.95,yes
2026-10-05T01:44:46.795099Z,KXBTC15M-26OCT042145-45,0.0010,9159.55,yes
2026-10-05T01:44:47.336632Z,KXBTC15M-26OCT042145-45,0.0010,9.83,yes
2026-10-05T01:44:47.419221Z,KXBTC15M-26OCT042145-45,0.0010,1831.90,yes
2026-10-05T01:44:47.520801Z,KXBTC15M-26OCT042145-45,0.0010,12.07,yes
2026-10-05T01:44:47.524783Z,KXBTC15M-26OCT042145-45,0.0010,1.32,yes
2026-10-05T01:44:47.631548Z,KXBTC15M-26OCT042145-45,0.0010,91.62,yes
2026-10-05T01:44:47.864655Z,KXBTC15M-26OCT042145-45,0.0010,458.04,yes
2026-10-05T01:44:48.180999Z,KXBTC15M-26OCT042145-45,0.0010,4579.77,yes
2026-10-05T01:44:48.275437Z,KXBTC15M-26OCT042145-45,0.0010,4579.77,yes
2026-10-05T01:44:48.473876Z,KXBTC15M-26OCT042145-45,0.0010,1373.95,yes
2026-10-05T01:44:48.703658Z,KXBTC15M-26OCT042145-45,0.0010,0.02,yes
2026-10-05T01:44:48.944226Z,KXBTC15M-26OCT042145-45,0.0010,2.13,yes
2026-10-05T01:44:49.319215Z,KXBTC15M-26OCT042145-45,0.0010,915.99,yes
2026-10-05T01:44:49.654532Z,KXBTC15M-26OCT042145-45,0.0010,9159.55,yes
2026-10-05T01:44:50.240259Z,KXBTC15M-26OCT042145-45,0.0010,2105.28,yes
2026-10-05T01:44:50.240259Z,KXBTC15M-26OCT042145-45,0.0010,1900.00,yes
2026-10-05T01:44:50.240259Z,KXBTC15M-26OCT042145-45,0.0010,3.00,yes
2026-10-05T01:44:50.240259Z,KXBTC15M-26OCT042145-45,0.0010,571.49,yes
2026-10-05T01:44:50.48876Z,KXBTC15M-26OCT042145-45,0.0010,915.99,yes
2026-10-05T01:44:50.635688Z,KXBTC15M-26OCT042145-45,0.0010,915.99,yes
2026-10-05T01:44:50.689135Z,KXBTC15M-26OCT042145-45,0.0010,5.05,yes
2026-10-05T01:44:50.780683Z,KXBTC15M-26OCT042145-45,0.0010,458.04,yes
2026-10-05T01:44:50.850666Z,KXBTC15M-26OCT042145-45,0.0010,915.99,yes
2026-10-05T01:44:50.937778Z,KXBTC15M-26OCT042145-45,0.0010,9159.55,yes
2026-10-05T01:44:51.060538Z,KXBTC15M-26OCT042145-45,0.0010,5.29,yes
2026-10-05T01:44:51.639357Z,KXBTC15M-26OCT042145-45,0.0010,176.40,yes
2026-10-05T01:44:51.639357Z,KXBTC15M-26OCT042145-45,0.0010,52.61,yes
2026-10-05T01:44:51.731201Z,KXBTC15M-26OCT042145-45,0.0010,2167.68,yes
2026-10-05T01:44:51.731201Z,KXBTC15M-26OCT042145-45,0.0010,1450.68,yes
2026-10-05T01:44:51.731201Z,KXBTC15M-26OCT042145-45,0.0010,10.01,yes
2026-10-05T01:44:51.731201Z,KXBTC15M-26OCT042145-45,0.0010,35.44,yes
2026-10-05T01:44:51.795251Z,KXBTC15M-26OCT042145-45,0.0010,915.99,yes
2026-10-05T01:44:51.802408Z,KXBTC15M-26OCT042145-45,0.0010,5.00,yes
2026-10-05T01:44:51.975932Z,KXBTC15M-26OCT042145-45,0.0010,119.11,yes
2026-10-05T01:44:52.617845Z,KXBTC15M-26OCT042145-45,0.0010,915.99,yes
2026-10-05T01:44:53.727627Z,KXBTC15M-26OCT042145-45,0.0010,63.18,yes
2026-10-05T01:44:53.943694Z,KXBTC15M-26OCT042145-45,0.0010,815.25,yes
2026-10-05T01:44:53.97972Z,KXBTC15M-26OCT042145-45,0.0010,915.99,yes
2026-10-05T01:44:54.213756Z,KXBTC15M-26OCT042145-45,0.0010,302.15,yes
2026-10-05T01:44:54.213756Z,KXBTC15M-26OCT042145-45,0.0010,410.41,yes
2026-10-05T01:44:54.213756Z,KXBTC15M-26OCT042145-45,0.0010,203.43,yes
2026-10-05T01:44:54.281548Z,KXBTC15M-26OCT042145-45,0.0010,27.01,yes
2026-10-05T01:44:54.497267Z,KXBTC15M-26OCT042145-45,0.0010,247.34,yes
2026-10-05T01:44:54.543483Z,KXBTC15M-26OCT042145-45,0.0010,1831.90,yes
2026-10-05T01:44:54.860399Z,KXBTC15M-26OCT042145-45,0.0010,444.44,yes
2026-10-05T01:44:54.860399Z,KXBTC15M-26OCT042145-45,0.0010,2500.00,yes
2026-10-05T01:44:54.860399Z,KXBTC15M-26OCT042145-45,0.0010,100.00,yes
2026-10-05T01:44:54.860399Z,KXBTC15M-26OCT042145-45,0.0010,1000.00,yes
2026-10-05T01:44:54.860399Z,KXBTC15M-26OCT042145-45,0.0010,109.00,yes
2026-10-05T01:44:54.860399Z,KXBTC15M-26OCT042145-45,0.0010,370.56,yes
2026-10-05T01:44:55.377319Z,KXBTC15M-26OCT042145-45,0.0010,4450.33,yes
2026-10-05T01:44:55.377319Z,KXBTC15M-26OCT042145-45,0.0010,129.44,yes
2026-10-05T01:44:55.401551Z,KXBTC15M-26OCT042145-45,0.0010,91.62,yes
2026-10-05T01:44:55.650795Z,KXBTC15M-26OCT042145-45,0.0010,12.00,yes
2026-10-05T01:44:55.650795Z,KXBTC15M-26OCT042145-45,0.0010,458.05,yes
2026-10-05T01:44:55.650795Z,KXBTC15M-26OCT042145-45,0.0010,445.94,yes
2026-10-05T01:44:55.658966Z,KXBTC15M-26OCT042145-45,0.0010,915.99,yes
2026-10-05T01:44:55.865321Z,KXBTC15M-26OCT042145-45,0.0010,277.92,yes
2026-10-05T01:44:55.865321Z,KXBTC15M-26OCT042145-45,0.0010,638.07,yes
2026-10-05T01:44:56.77211Z,KXBTC15M-26OCT042145-45,0.0010,1500.00,yes
2026-10-05T01:44:56.77211Z,KXBTC15M-26OCT042145-45,0.0010,722.08,yes
2026-10-05T01:44:56.77211Z,KXBTC15M-26OCT042145-45,0.0010,357.69,yes
2026-10-05T01:44:56.77211Z,KXBTC15M-26OCT042145-45,0.0010,2000.00,yes
2026-10-05T01:44:57.291704Z,KXBTC15M-26OCT042145-45,0.0010,939.59,yes
2026-10-05T01:44:57.291704Z,KXBTC15M-26OCT042145-45,0.0010,142.31,yes
2026-10-05T01:44:57.291704Z,KXBTC15M-26OCT042145-45,0.0010,750.00,yes
2026-10-05T01:44:57.352164Z,KXBTC15M-26OCT042145-45,0.0010,105.31,yes
2026-10-05T01:44:57.48704Z,KXBTC15M-26OCT042145-45,0.0010,455.10,yes
2026-10-05T01:44:57.48704Z,KXBTC15M-26OCT042145-45,0.0010,460.89,yes
2026-10-05T01:44:57.697902Z,KXBTC15M-26OCT042145-45,0.0010,19.00,yes
2026-10-05T01:44:57.697902Z,KXBTC15M-26OCT042145-45,0.0010,100.00,yes
2026-10-05T01:44:57.697902Z,KXBTC15M-26OCT042145-45,0.0010,81.00,yes
2026-10-05T01:44:57.697902Z,KXBTC15M-26OCT042145-45,0.0010,39.11,yes
2026-10-05T01:44:57.697902Z,KXBTC15M-26OCT042145-45,0.0010,127.30,yes
2026-10-05T01:44:57.913771Z,KXBTC15M-26OCT042145-45,0.0010,97.83,yes
2026-10-05T01:44:58.00922Z,KXBTC15M-26OCT042145-45,0.0010,57.03,yes
2026-10-05T01:44:58.00922Z,KXBTC15M-26OCT042145-45,0.0010,1774.87,yes
2026-10-05T01:44:58.783282Z,KXBTC15M-26OCT042145-45,0.0010,915.99,yes
2026-10-05T01:44:58.969113Z,KXBTC15M-26OCT042145-45,0.0010,109.94,yes
2026-10-05T01:44:58.996794Z,KXBTC15M-26OCT042145-45,0.0010,3.14,yes
2026-10-05T01:44:59.667193Z,KXBTC15M-26OCT042145-45,0.0010,5.27,yes
2026-10-05T01:44:59.91624Z,KXBTC15M-26OCT042145-45,0.0010,915.99,yes
2026-10-05T01:42:56.487228Z,KXEURUSD15M-26OCT042145-30,0.0100,10.00,no
2026-10-05T01:42:56.497682Z,KXEURUSD15M-26OCT042145-30,0.0100,1.00,no
2026-10-05T01:42:56.497682Z,KXEURUSD15M-26OCT042145-30,0.0100,2.00,no
2026-10-05T01:42:56.497682Z,KXEURUSD15M-26OCT042145-30,0.0100,11.21,no
2026-10-05T01:42:59.999433Z,KXEURUSD15M-26OCT042145-30,0.0100,60.00,yes
2026-10-05T01:42:59.999433Z,KXEURUSD15M-26OCT042145-30,0.0100,30.00,yes
2026-10-05T01:42:59.999433Z,KXEURUSD15M-26OCT042145-30,0.0100,3.51,yes
2026-10-05T01:43:02.807527Z,KXEURUSD15M-26OCT042145-30,0.0100,1.00,yes
2026-10-05T01:43:02.807527Z,KXEURUSD15M-26OCT042145-30,0.0100,30.00,yes
2026-10-05T01:43:02.807527Z,KXEURUSD15M-26OCT042145-30,0.0100,60.00,yes
2026-10-05T01:43:02.807527Z,KXEURUSD15M-26OCT042145-30,0.0200,0.93,yes
2026-10-05T01:44:33.502174Z,KXEURUSD15M-26OCT042145-30,0.0200,46.79,yes
2026-10-05T01:43:10.052386Z,KXPALLADIUM15M-26OCT042145-45,0.0300,5.14,no
2026-10-05T01:43:10.2888Z,KXPALLADIUM15M-26OCT042145-45,0.0300,4.00,no
2026-10-05T01:43:10.2888Z,KXPALLADIUM15M-26OCT042145-45,0.0300,5.00,no
2026-10-05T01:43:10.2888Z,KXPALLADIUM15M-26OCT042145-45,0.0300,2.86,no
2026-10-05T01:43:14.663063Z,KXPALLADIUM15M-26OCT042145-45,0.0200,2.00,no
2026-10-05T01:43:14.663063Z,KXPALLADIUM15M-26OCT042145-45,0.0200,1.00,no
2026-10-05T01:43:14.663063Z,KXPALLADIUM15M-26OCT042145-45,0.0200,15.00,no
2026-10-05T01:43:14.663063Z,KXPALLADIUM15M-26OCT042145-45,0.0200,8.00,no
2026-10-05T01:43:14.884254Z,KXPALLADIUM15M-26OCT042145-45,0.0100,350.00,no
2026-10-05T01:43:32.884664Z,KXPALLADIUM15M-26OCT042145-45,0.0100,11.99,no
2026-10-05T01:43:32.884664Z,KXPALLADIUM15M-26OCT042145-45,0.0100,0.38,no
2026-10-05T01:43:32.884664Z,KXPALLADIUM15M-26OCT042145-45,0.0100,22.78,no
2026-10-05T01:43:32.884664Z,KXPALLADIUM15M-26OCT042145-45,0.0100,18.85,no
2026-10-05T01:43:32.884664Z,KXPALLADIUM15M-26OCT042145-45,0.0100,60.00,no
2026-10-05T01:43:32.884664Z,KXPALLADIUM15M-26OCT042145-45,0.0100,30.00,no
2026-10-05T01:43:32.884664Z,KXPALLADIUM15M-26OCT042145-45,0.0100,1.00,no
2026-10-05T01:43:32.884664Z,KXPALLADIUM15M-26OCT042145-45,0.0100,20.00,no
2026-10-05T01:43:32.884664Z,KXPALLADIUM15M-26OCT042145-45,0.0100,10.00,no
2026-10-05T01:43:32.884664Z,KXPALLADIUM15M-26OCT042145-45,0.0100,2.00,no
2026-10-05T01:43:32.884664Z,KXPALLADIUM15M-26OCT042145-45,0.0100,1.00,no
2026-10-05T01:43:32.884664Z,KXPALLADIUM15M-26OCT042145-45,0.0100,20.00,no
2026-10-05T01:43:32.884664Z,KXPALLADIUM15M-26OCT042145-45,0.0100,100.00,no
2026-10-05T01:43:32.884664Z,KXPALLADIUM15M-26OCT042145-45,0.0100,2.00,no
2026-10-05T01:43:34.284022Z,KXPALLADIUM15M-26OCT042145-45,0.0100,1.00,no
2026-10-05T01:43:34.308216Z,KXPALLADIUM15M-26OCT042145-45,0.0100,43.46,no
2026-10-05T01:43:34.308216Z,KXPALLADIUM15M-26OCT042145-45,0.0100,1.00,no
2026-10-05T01:43:34.308216Z,KXPALLADIUM15M-26OCT042145-45,0.0100,1.00,no
2026-10-05T01:43:34.308216Z,KXPALLADIUM15M-26OCT042145-45,0.0100,1.00,no
2026-10-05T01:43:34.308216Z,KXPALLADIUM15M-26OCT042145-45,0.0100,20.00,no
2026-10-05T01:43:34.308216Z,KXPALLADIUM15M-26OCT042145-45,0.0100,3.00,no
2026-10-05T01:43:43.877969Z,KXPALLADIUM15M-26OCT042145-45,0.0100,20.00,no
2026-10-05T01:44:23.243385Z,KXPALLADIUM15M-26OCT042145-45,0.0100,20.00,yes
2026-10-05T01:44:23.243385Z,KXPALLADIUM15M-26OCT042145-45,0.0100,32.51,yes
2026-10-05T01:44:23.243385Z,KXPALLADIUM15M-26OCT042145-45,0.0100,1.00,yes
2026-10-05T01:44:23.243385Z,KXPALLADIUM15M-26OCT042145-45,0.0100,20.00,yes
2026-10-05T01:44:23.243385Z,KXPALLADIUM15M-26OCT042145-45,0.0100,20.00,yes
2026-10-05T01:43:28.242068Z,KXUSDJPY15M-26OCT042145-30,0.9900,1.00,yes
2026-10-05T01:43:33.81119Z,KXUSDJPY15M-26OCT042145-30,0.9900,1.00,yes
2026-10-05T01:43:34.004687Z,KXUSDJPY15M-26OCT042145-30,0.9800,60.00,no
2026-10-05T01:43:34.004687Z,KXUSDJPY15M-26OCT042145-30,0.9800,30.00,no
2026-10-05T01:43:34.004687Z,KXUSDJPY15M-26OCT042145-30,0.9800,3.58,no
2026-10-05T01:43:40.417133Z,KXUSDJPY15M-26OCT042145-30,0.9900,5.87,yes
2026-10-05T01:43:40.417133Z,KXUSDJPY15M-26OCT042145-30,0.9900,2.00,yes
2026-10-05T01:43:40.417133Z,KXUSDJPY15M-26OCT042145-30,0.9900,127.76,yes
2026-10-05T01:43:40.417133Z,KXUSDJPY15M-26OCT042145-30,0.9900,1.00,yes
2026-10-05T01:43:40.417133Z,KXUSDJPY15M-26OCT042145-30,0.9900,10.00,yes
2026-10-05T01:43:40.417133Z,KXUSDJPY15M-26OCT042145-30,0.9900,1.00,yes
2026-10-05T01:43:46.07667Z,KXUSDJPY15M-26OCT042145-30,0.9900,60.00,no
2026-10-05T01:43:46.07667Z,KXUSDJPY15M-26OCT042145-30,0.9900,30.00,no
2026-10-05T01:43:46.07667Z,KXUSDJPY15M-26OCT042145-30,0.9800,1.40,no
2026-10-05T01:43:49.495621Z,KXUSDJPY15M-26OCT042145-30,0.9900,60.00,no
2026-10-05T01:43:49.495621Z,KXUSDJPY15M-26OCT042145-30,0.9900,30.00,no
2026-10-05T01:43:49.495621Z,KXUSDJPY15M-26OCT042145-30,0.9800,1.40,no
2026-10-05T01:44:05.28917Z,KXUSDJPY15M-26OCT042145-30,0.9800,8.60,no
2026-10-05T01:44:05.28917Z,KXUSDJPY15M-26OCT042145-30,0.9800,39.59,no
2026-10-05T01:44:05.28917Z,KXUSDJPY15M-26OCT042145-30,0.9900,30.00,no
2026-10-05T01:44:05.28917Z,KXUSDJPY15M-26OCT042145-30,0.9900,60.00,no
2026-10-05T01:44:09.196435Z,KXUSDJPY15M-26OCT042145-30,0.9900,1.00,no
2026-10-05T01:43:55.385519Z,KXSILVER15M-26OCT042145-45,0.0500,2.43,yes
2026-10-05T01:43:56.016904Z,KXSILVER15M-26OCT042145-45,0.0460,5.00,yes
2026-10-05T01:43:56.016904Z,KXSILVER15M-26OCT042145-45,0.0460,1.02,yes
2026-10-05T01:43:56.183768Z,KXSILVER15M-26OCT042145-45,0.0460,1.21,yes
2026-10-05T01:43:56.768779Z,KXSILVER15M-26OCT042145-45,0.0500,7.17,yes
2026-10-05T01:43:56.768779Z,KXSILVER15M-26OCT042145-45,0.0490,5.00,yes
2026-10-05T01:43:56.7709Z,KXSILVER15M-26OCT042145-45,0.0580,7.00,yes
2026-10-05T01:43:58.052329Z,KXSILVER15M-26OCT042145-45,0.0660,5.00,yes
2026-10-05T01:43:58.052329Z,KXSILVER15M-26OCT042145-45,0.0660,6.00,yes
2026-10-05T01:43:58.052329Z,KXSILVER15M-26OCT042145-45,0.0670,24.77,yes
2026-10-05T01:44:00.150186Z,KXSILVER15M-26OCT042145-45,0.0750,4.00,yes
2026-10-05T01:44:00.150186Z,KXSILVER15M-26OCT042145-45,0.0740,5.00,yes
2026-10-05T01:44:00.150186Z,KXSILVER15M-26OCT042145-45,0.0750,77.70,yes
2026-10-05T01:44:00.150186Z,KXSILVER15M-26OCT042145-45,0.0740,5.00,yes
2026-10-05T01:44:00.150186Z,KXSILVER15M-26OCT042145-45,0.0740,41.00,yes
2026-10-05T01:44:00.837752Z,KXSILVER15M-26OCT042145-45,0.0660,2.84,yes
2026-10-05T01:44:00.867697Z,KXSILVER15M-26OCT042145-45,0.0660,12.04,yes
2026-10-05T01:44:01.000628Z,KXSILVER15M-26OCT042145-45,0.0630,5.21,no
2026-10-05T01:44:01.102752Z,KXSILVER15M-26OCT042145-45,0.0630,1.00,no
2026-10-05T01:44:01.153321Z,KXSILVER15M-26OCT042145-45,0.0660,14.22,yes
2026-10-05T01:44:01.173114Z,KXSILVER15M-26OCT042145-45,0.0670,41.51,yes
2026-10-05T01:44:01.594775Z,KXSILVER15M-26OCT042145-45,0.0610,10.40,no
2026-10-05T01:44:02.442915Z,KXSILVER15M-26OCT042145-45,0.0610,3.14,no
2026-10-05T01:44:03.1353Z,KXSILVER15M-26OCT042145-45,0.0910,5.00,yes
2026-10-05T01:44:03.1353Z,KXSILVER15M-26OCT042145-45,0.0910,5.00,yes
2026-10-05T01:44:03.141346Z,KXSILVER15M-26OCT042145-45,0.0970,6.39,yes
2026-10-05T01:44:03.145059Z,KXSILVER15M-26OCT042145-45,0.0970,3.61,yes
2026-10-05T01:44:03.145059Z,KXSILVER15M-26OCT042145-45,0.0910,5.00,yes
2026-10-05T01:44:04.000068Z,KXSILVER15M-26OCT042145-45,0.0990,21.85,no
2026-10-05T01:44:04.860955Z,KXSILVER15M-26OCT042145-45,0.0990,10.92,no
2026-10-05T01:44:05.168955Z,KXSILVER15M-26OCT042145-45,0.0990,0.82,no
2026-10-05T01:44:05.815792Z,KXSILVER15M-26OCT042145-45,0.1200,21.42,yes
2026-10-05T01:44:05.815792Z,KXSILVER15M-26OCT042145-45,0.1000,0.01,yes
2026-10-05T01:44:05.815792Z,KXSILVER15M-26OCT042145-45,0.1100,5.00,yes
2026-10-05T01:44:06.205562Z,KXSILVER15M-26OCT042145-45,0.0990,1.10,no
2026-10-05T01:44:06.396902Z,KXSILVER15M-26OCT042145-45,0.0990,30.00,no
2026-10-05T01:44:06.584149Z,KXSILVER15M-26OCT042145-45,0.1200,548.59,yes
2026-10-05T01:44:06.584149Z,KXSILVER15M-26OCT042145-45,0.1200,28.58,yes
2026-10-05T01:44:06.586883Z,KXSILVER15M-26OCT042145-45,0.1500,4.00,yes
2026-10-05T01:44:06.586883Z,KXSILVER15M-26OCT042145-45,0.1500,23.31,yes
2026-10-05T01:44:07.5629Z,KXSILVER15M-26OCT042145-45,0.1000,25.55,no
2026-10-05T01:44:07.5629Z,KXSILVER15M-26OCT042145-45,0.1100,2.00,no
2026-10-05T01:44:07.622917Z,KXSILVER15M-26OCT042145-45,0.1200,4.00,yes
2026-10-05T01:44:07.622917Z,KXSILVER15M-26OCT042145-45,0.1200,2.00,yes
2026-10-05T01:44:07.622917Z,KXSILVER15M-26OCT042145-45,0.1300,0.79,yes
2026-10-05T01:44:07.622917Z,KXSILVER15M-26OCT042145-45,0.1200,5.00,yes
2026-10-05T01:44:08.258843Z,KXSILVER15M-26OCT042145-45,0.1300,14.50,yes
2026-10-05T01:44:08.76525Z,KXSILVER15M-26OCT042145-45,0.1200,4.00,yes
2026-10-05T01:44:08.76525Z,KXSILVER15M-26OCT042145-45,0.1200,1.25,yes
2026-10-05T01:44:08.76525Z,KXSILVER15M-26OCT042145-45,0.1200,2.00,yes
2026-10-05T01:44:09.169872Z,KXSILVER15M-26OCT042145-45,0.0740,3.75,yes
2026-10-05T01:44:09.169872Z,KXSILVER15M-26OCT042145-45,0.0750,27.52,yes
2026-10-05T01:44:09.65792Z,KXSILVER15M-26OCT042145-45,0.0920,3.06,yes
2026-10-05T01:44:10.73076Z,KXSILVER15M-26OCT042145-45,0.0530,5.25,no
2026-10-05T01:44:11.138714Z,KXSILVER15M-26OCT042145-45,0.0880,5.00,yes
2026-10-05T01:44:11.138714Z,KXSILVER15M-26OCT042145-45,0.0890,12.85,yes
2026-10-05T01:44:13.03199Z,KXSILVER15M-26OCT042145-45,0.0890,5.00,yes
2026-10-05T01:44:13.03199Z,KXSILVER15M-26OCT042145-45,0.0890,5.56,yes
2026-10-05T01:44:13.410115Z,KXSILVER15M-26OCT042145-45,0.0630,21.12,yes
2026-10-05T01:44:15.550184Z,KXSILVER15M-26OCT042145-45,0.0530,15.63,no
2026-10-05T01:44:15.550184Z,KXSILVER15M-26OCT042145-45,0.0540,2.00,no
2026-10-05T01:44:15.550184Z,KXSILVER15M-26OCT042145-45,0.0540,3.00,no
2026-10-05T01:44:16.358244Z,KXSILVER15M-26OCT042145-45,0.0590,4.23,no
2026-10-05T01:44:16.699144Z,KXSILVER15M-26OCT042145-45,0.0590,24.77,no
2026-10-05T01:44:16.699144Z,KXSILVER15M-26OCT042145-45,0.0590,1.00,no
2026-10-05T01:44:17.29839Z,KXSILVER15M-26OCT042145-45,0.0540,26.00,yes
2026-10-05T01:44:18.090448Z,KXSILVER15M-26OCT042145-45,0.0500,0.01,no
2026-10-05T01:44:18.176023Z,KXSILVER15M-26OCT042145-45,0.0500,28.94,no
2026-10-05T01:44:18.507059Z,KXSILVER15M-26OCT042145-45,0.0540,0.17,yes
2026-10-05T01:44:19.439447Z,KXSILVER15M-26OCT042145-45,0.0500,1.00,no
2026-10-05T01:44:19.440293Z,KXSILVER15M-26OCT042145-45,0.0480,20.16,no
2026-10-05T01:44:19.894796Z,KXSILVER15M-26OCT042145-45,0.0510,36.77,yes
2026-10-05T01:44:20.502466Z,KXSILVER15M-26OCT042145-45,0.0340,4.00,no
2026-10-05T01:44:20.502466Z,KXSILVER15M-26OCT042145-45,0.0240,8.00,no
2026-10-05T01:44:20.502466Z,KXSILVER15M-26OCT042145-45,0.0220,53.39,no
2026-10-05T01:44:20.502466Z,KXSILVER15M-26OCT042145-45,0.0470,4.00,no
2026-10-05T01:44:20.502466Z,KXSILVER15M-26OCT042145-45,0.0470,1.00,no
2026-10-05T01:44:20.502466Z,KXSILVER15M-26OCT042145-45,0.0310,5.00,no
2026-10-05T01:44:20.502466Z,KXSILVER15M-26OCT042145-45,0.0240,30.00,no
2026-10-05T01:44:20.502466Z,KXSILVER15M-26OCT042145-45,0.0420,23.00,no
2026-10-05T01:44:20.502466Z,KXSILVER15M-26OCT042145-45,0.0300,75.00,no
2026-10-05T01:44:20.502466Z,KXSILVER15M-26OCT042145-45,0.0300,1.00,no
2026-10-05T01:44:20.502466Z,KXSILVER15M-26OCT042145-45,0.0220,1.00,no
2026-10-05T01:44:20.812087Z,KXSILVER15M-26OCT042145-45,0.0310,0.61,no
2026-10-05T01:44:20.812087Z,KXSILVER15M-26OCT042145-45,0.0310,19.75,no
2026-10-05T01:44:20.823608Z,KXSILVER15M-26OCT042145-45,0.0480,3.44,yes
2026-10-05T01:44:20.974295Z,KXSILVER15M-26OCT042145-45,0.0220,11.41,no
2026-10-05T01:44:20.974529Z,KXSILVER15M-26OCT042145-45,0.0220,12.29,no
2026-10-05T01:44:20.980015Z,KXSILVER15M-26OCT042145-45,0.0220,11.41,no
2026-10-05T01:44:20.980042Z,KXSILVER15M-26OCT042145-45,0.0220,12.29,no
2026-10-05T01:44:20.983488Z,KXSILVER15M-26OCT042145-45,0.0220,12.29,no
2026-10-05T01:44:20.983656Z,KXSILVER15M-26OCT042145-45,0.0200,5.10,no
2026-10-05T01:44:20.983656Z,KXSILVER15M-26OCT042145-45,0.0220,5.31,no
2026-10-05T01:44:20.983656Z,KXSILVER15M-26OCT042145-45,0.0200,1.00,no
2026-10-05T01:44:20.98809Z,KXSILVER15M-26OCT042145-45,0.0200,12.29,no
2026-10-05T01:44:20.989802Z,KXSILVER15M-26OCT042145-45,0.0200,6.31,no
2026-10-05T01:44:20.992347Z,KXSILVER15M-26OCT042145-45,0.0200,12.06,no
2026-10-05T01:44:20.995164Z,KXSILVER15M-26OCT042145-45,0.0200,6.31,no
2026-10-05T01:44:20.997316Z,KXSILVER15M-26OCT042145-45,0.0200,7.93,no
2026-10-05T01:44:20.997316Z,KXSILVER15M-26OCT042145-45,0.0200,4.13,no
2026-10-05T01:44:20.998596Z,KXSILVER15M-26OCT042145-45,0.0200,6.31,no
2026-10-05T01:44:21.001663Z,KXSILVER15M-26OCT042145-45,0.0200,7.93,no
2026-10-05T01:44:21.00566Z,KXSILVER15M-26OCT042145-45,0.0200,10.44,no
2026-10-05T01:44:21.090434Z,KXSILVER15M-26OCT042145-45,0.0230,36.23,yes
2026-10-05T01:44:21.620359Z,KXSILVER15M-26OCT042145-45,0.0200,22.37,no
2026-10-05T01:44:21.620359Z,KXSILVER15M-26OCT042145-45,0.0200,3.57,no
2026-10-05T01:44:21.620359Z,KXSILVER15M-26OCT042145-45,0.0200,42.00,no
2026-10-05T01:44:21.620359Z,KXSILVER15M-26OCT042145-45,0.0200,1.00,no
2026-10-05T01:44:22.900833Z,KXSILVER15M-26OCT042145-45,0.0230,1.00,yes
2026-10-05T01:44:23.031696Z,KXSILVER15M-26OCT042145-45,0.0230,10.34,yes
2026-10-05T01:44:23.541055Z,KXSILVER15M-26OCT042145-45,0.0230,13.00,yes
2026-10-05T01:44:23.792204Z,KXSILVER15M-26OCT042145-45,0.0140,21.74,no
2026-10-05T01:44:24.092565Z,KXSILVER15M-26OCT042145-45,0.0130,1.01,no
2026-10-05T01:44:25.762165Z,KXSILVER15M-26OCT042145-45,0.0130,241.64,yes
2026-10-05T01:44:25.929642Z,KXSILVER15M-26OCT042145-45,0.0120,10.00,no
2026-10-05T01:44:26.694478Z,KXSILVER15M-26OCT042145-45,0.0130,115.61,yes
2026-10-05T01:44:28.027723Z,KXSILVER15M-26OCT042145-45,0.0100,4.37,no
2026-10-05T01:44:28.027723Z,KXSILVER15M-26OCT042145-45,0.0100,2.77,no
2026-10-05T01:44:28.027723Z,KXSILVER15M-26OCT042145-45,0.0100,2.35,no
2026-10-05T01:44:28.027723Z,KXSILVER15M-26OCT042145-45,0.0100,1.55,no
2026-10-05T01:44:28.027723Z,KXSILVER15M-26OCT042145-45,0.0120,1.00,no
2026-10-05T01:44:28.027723Z,KXSILVER15M-26OCT042145-45,0.0120,45.00,no
2026-10-05T01:44:28.027723Z,KXSILVER15M-26OCT042145-45,0.0100,8.04,no
2026-10-05T01:44:28.027723Z,KXSILVER15M-26OCT042145-45,0.0100,2.00,no
2026-10-05T01:44:28.027723Z,KXSILVER15M-26OCT042145-45,0.0110,100.00,no
2026-10-05T01:44:28.027723Z,KXSILVER15M-26OCT042145-45,0.0110,2.00,no
2026-10-05T01:44:28.027723Z,KXSILVER15M-26OCT042145-45,0.0110,20.00,no
2026-10-05T01:44:28.027723Z,KXSILVER15M-26OCT042145-45,0.0110,2.00,no
2026-10-05T01:44:28.027723Z,KXSILVER15M-26OCT042145-45,0.0110,10.00,no
2026-10-05T01:44:28.027723Z,KXSILVER15M-26OCT042145-45,0.0110,1.00,no
2026-10-05T01:44:28.03716Z,KXSILVER15M-26OCT042145-45,0.0100,2.02,no
2026-10-05T01:44:28.03716Z,KXSILVER15M-26OCT042145-45,0.0100,5.94,no
2026-10-05T01:44:28.03716Z,KXSILVER15M-26OCT042145-45,0.0100,7.04,no
2026-10-05T01:44:28.043864Z,KXSILVER15M-26OCT042145-45,0.0130,6.18,yes
2026-10-05T01:44:28.19619Z,KXSILVER15M-26OCT042145-45,0.0100,0.24,no
2026-10-05T01:44:28.19619Z,KXSILVER15M-26OCT042145-45,0.0100,7.07,no
2026-10-05T01:44:28.19619Z,KXSILVER15M-26OCT042145-45,0.0100,0.58,no
2026-10-05T01:44:28.445389Z,KXSILVER15M-26OCT042145-45,0.0070,10.77,no
2026-10-05T01:44:28.445389Z,KXSILVER15M-26OCT042145-45,0.0080,5.00,no
2026-10-05T01:44:28.445389Z,KXSILVER15M-26OCT042145-45,0.0080,9.00,no
2026-10-05T01:44:28.558224Z,KXSILVER15M-26OCT042145-45,0.0100,10.87,yes
2026-10-05T01:44:28.744171Z,KXSILVER15M-26OCT042145-45,0.0100,21.24,yes
2026-10-05T01:44:28.744171Z,KXSILVER15M-26OCT042145-45,0.0100,15.00,yes
2026-10-05T01:44:28.744171Z,KXSILVER15M-26OCT042145-45,0.0130,282.30,yes
2026-10-05T01:44:29.97309Z,KXSILVER15M-26OCT042145-45,0.0100,0.01,yes
2026-10-05T01:44:29.97309Z,KXSILVER15M-26OCT042145-45,0.0100,74.58,yes
2026-10-05T01:44:29.988187Z,KXSILVER15M-26OCT042145-45,0.0070,10.06,no
2026-10-05T01:44:30.027207Z,KXSILVER15M-26OCT042145-45,0.0070,5.03,no
2026-10-05T01:44:30.081725Z,KXSILVER15M-26OCT042145-45,0.0070,9.69,no
2026-10-05T01:44:31.595097Z,KXSILVER15M-26OCT042145-45,0.0100,109.00,yes
2026-10-05T01:44:31.595097Z,KXSILVER15M-26OCT042145-45,0.0100,1.00,yes
2026-10-05T01:44:31.595097Z,KXSILVER15M-26OCT042145-45,0.0130,44.64,yes
2026-10-05T01:44:31.718261Z,KXSILVER15M-26OCT042145-45,0.0070,10.56,no
2026-10-05T01:44:33.392485Z,KXSILVER15M-26OCT042145-45,0.0070,7.25,no
2026-10-05T01:44:35.169378Z,KXSILVER15M-26OCT042145-45,0.0130,134.27,yes
2026-10-05T01:44:35.169378Z,KXSILVER15M-26OCT042145-45,0.0130,9.63,yes
2026-10-05T01:44:35.189326Z,KXSILVER15M-26OCT042145-45,0.0070,1.00,no
2026-10-05T01:44:35.492071Z,KXSILVER15M-26OCT042145-45,0.0070,10.06,no
2026-10-05T01:44:35.884037Z,KXSILVER15M-26OCT042145-45,0.0070,36.77,no
2026-10-05T01:44:36.265776Z,KXSILVER15M-26OCT042145-45,0.0070,3.00,no
2026-10-05T01:44:36.34723Z,KXSILVER15M-26OCT042145-45,0.0080,58.44,yes
2026-10-05T01:44:36.667344Z,KXSILVER15M-26OCT042145-45,0.0100,9.44,yes
2026-10-05T01:44:36.667344Z,KXSILVER15M-26OCT042145-45,0.0080,641.56,yes
2026-10-05T01:44:37.528393Z,KXSILVER15M-26OCT042145-45,0.0070,26.19,yes
2026-10-05T01:44:37.818933Z,KXSILVER15M-26OCT042145-45,0.0060,3.01,no
2026-10-05T01:44:37.868806Z,KXSILVER15M-26OCT042145-45,0.0070,1.17,yes
2026-10-05T01:44:38.634388Z,KXSILVER15M-26OCT042145-45,0.0070,61.68,yes
2026-10-05T01:44:40.943969Z,KXSILVER15M-26OCT042145-45,0.0050,988.67,no
2026-10-05T01:44:40.943969Z,KXSILVER15M-26OCT042145-45,0.0060,3.01,no
2026-10-05T01:44:40.943969Z,KXSILVER15M-26OCT042145-45,0.0060,5.00,no
2026-10-05T01:44:40.943969Z,KXSILVER15M-26OCT042145-45,0.0060,7.99,no
2026-10-05T01:44:41.118487Z,KXSILVER15M-26OCT042145-45,0.0050,50.23,no
2026-10-05T01:44:41.286879Z,KXSILVER15M-26OCT042145-45,0.0070,3.12,yes
2026-10-05T01:44:41.841264Z,KXSILVER15M-26OCT042145-45,0.0070,59.53,yes
2026-10-05T01:44:42.714365Z,KXSILVER15M-26OCT042145-45,0.0050,100.46,no
2026-10-05T01:44:42.715583Z,KXSILVER15M-26OCT042145-45,0.0050,88.00,no
2026-10-05T01:44:44.885829Z,KXSILVER15M-26OCT042145-45,0.0070,0.01,yes
2026-10-05T01:44:44.885829Z,KXSILVER15M-26OCT042145-45,0.0070,117.00,yes
2026-10-05T01:44:44.885829Z,KXSILVER15M-26OCT042145-45,0.0080,168.31,yes
2026-10-05T01:44:44.885829Z,KXSILVER15M-26OCT042145-45,0.0070,78.31,yes
2026-10-05T01:44:44.885829Z,KXSILVER15M-26OCT042145-45,0.0070,13.00,yes
2026-10-05T01:44:45.137419Z,KXSILVER15M-26OCT042145-45,0.0050,437.89,no
2026-10-05T01:44:45.674679Z,KXSILVER15M-26OCT042145-45,0.0030,140.00,no
2026-10-05T01:44:45.674679Z,KXSILVER15M-26OCT042145-45,0.0030,9.00,no
2026-10-05T01:44:45.789714Z,KXSILVER15M-26OCT042145-45,0.0030,1.00,no
2026-10-05T01:44:47.138277Z,KXSILVER15M-26OCT042145-45,0.0030,80.22,no
2026-10-05T01:44:47.337572Z,KXSILVER15M-26OCT042145-45,0.0030,15.30,no
2026-10-05T01:44:47.629046Z,KXSILVER15M-26OCT042145-45,0.0030,327.99,no
2026-10-05T01:44:48.765366Z,KXSILVER15M-26OCT042145-45,0.0030,5.00,no
2026-10-05T01:44:48.765366Z,KXSILVER15M-26OCT042145-45,0.0030,3.97,no
2026-10-05T01:44:49.573583Z,KXSILVER15M-26OCT042145-45,0.0030,3.00,no
2026-10-05T01:44:49.995727Z,KXSILVER15M-26OCT042145-45,0.0030,2.00,no
2026-10-05T01:44:50.491886Z,KXSILVER15M-26OCT042145-45,0.0030,9.00,no
2026-10-05T01:44:50.491886Z,KXSILVER15M-26OCT042145-45,0.0030,5.00,no
2026-10-05T01:44:53.965555Z,KXSILVER15M-26OCT042145-45,0.0020,73.32,no
2026-10-05T01:44:54.94812Z,KXSILVER15M-26OCT042145-45,0.0020,500.00,no
2026-10-05T01:44:55.008495Z,KXSILVER15M-26OCT042145-45,0.0020,1.00,no
2026-10-05T01:44:55.008495Z,KXSILVER15M-26OCT042145-45,0.0020,1.00,no
2026-10-05T01:44:55.724709Z,KXSILVER15M-26OCT042145-45,0.0010,1.00,no
2026-10-05T01:44:55.724709Z,KXSILVER15M-26OCT042145-45,0.0010,10.00,no
2026-10-05T01:44:57.519386Z,KXSILVER15M-26OCT042145-45,0.0020,0.13,yes
2026-10-05T01:44:58.325093Z,KXSILVER15M-26OCT042145-45,0.0020,6.02,yes
2026-10-05T01:44:59.225324Z,KXSILVER15M-26OCT042145-45,0.0010,86.93,yes
2026-10-05T01:44:59.225324Z,KXSILVER15M-26OCT042145-45,0.0010,71.00,yes
2026-10-05T01:43:55.294779Z,KXGOLD15M-26OCT042145-45,0.0100,5.05,no
2026-10-05T01:43:55.349597Z,KXGOLD15M-26OCT042145-45,0.0100,132.77,no
2026-10-05T01:43:55.349597Z,KXGOLD15M-26OCT042145-45,0.0100,25.00,no
2026-10-05T01:43:55.349597Z,KXGOLD15M-26OCT042145-45,0.0100,400.00,no
2026-10-05T01:43:55.349597Z,KXGOLD15M-26OCT042145-45,0.0100,109.35,no
2026-10-05T01:43:55.349597Z,KXGOLD15M-26OCT042145-45,0.0100,40.00,no
2026-10-05T01:43:55.349597Z,KXGOLD15M-26OCT042145-45,0.0100,301.88,no
2026-10-05T01:43:55.367817Z,KXGOLD15M-26OCT042145-45,0.0100,9.90,no
2026-10-05T01:43:55.653796Z,KXGOLD15M-26OCT042145-45,0.0130,51.58,yes
2026-10-05T01:43:55.782028Z,KXGOLD15M-26OCT042145-45,0.0190,115.48,yes
2026-10-05T01:43:55.782028Z,KXGOLD15M-26OCT042145-45,0.0140,10.00,yes
2026-10-05T01:43:55.782028Z,KXGOLD15M-26OCT042145-45,0.0170,25.00,yes
2026-10-05T01:43:55.813729Z,KXGOLD15M-26OCT042145-45,0.0100,1.89,no
2026-10-05T01:43:55.969443Z,KXGOLD15M-26OCT042145-45,0.0180,10.78,yes
2026-10-05T01:43:56.474332Z,KXGOLD15M-26OCT042145-45,0.0100,1.25,no
2026-10-05T01:43:56.768203Z,KXGOLD15M-26OCT042145-45,0.0170,13.00,yes
2026-10-05T01:43:56.768203Z,KXGOLD15M-26OCT042145-45,0.0170,300.00,yes
2026-10-05T01:43:57.213837Z,KXGOLD15M-26OCT042145-45,0.0150,51.98,yes
2026-10-05T01:43:57.705618Z,KXGOLD15M-26OCT042145-45,0.0180,7.00,yes
2026-10-05T01:43:57.705618Z,KXGOLD15M-26OCT042145-45,0.0180,21.90,yes
2026-10-05T01:43:58.24273Z,KXGOLD15M-26OCT042145-45,0.0150,42.00,no
2026-10-05T01:43:58.24273Z,KXGOLD15M-26OCT042145-45,0.0150,28.00,no
2026-10-05T01:43:58.319396Z,KXGOLD15M-26OCT042145-45,0.0160,12.99,yes
2026-10-05T01:43:58.66613Z,KXGOLD15M-26OCT042145-45,0.0170,99.23,yes
2026-10-05T01:43:58.817605Z,KXGOLD15M-26OCT042145-45,0.0170,49.98,yes
2026-10-05T01:43:58.823334Z,KXGOLD15M-26OCT042145-45,0.0170,0.55,yes
2026-10-05T01:43:59.241959Z,KXGOLD15M-26OCT042145-45,0.0140,31.00,no
2026-10-05T01:43:59.241959Z,KXGOLD15M-26OCT042145-45,0.0110,146.00,no
2026-10-05T01:43:59.241959Z,KXGOLD15M-26OCT042145-45,0.0120,6.00,no
2026-10-05T01:43:59.241959Z,KXGOLD15M-26OCT042145-45,0.0100,303.79,no
2026-10-05T01:43:59.264233Z,KXGOLD15M-26OCT042145-45,0.0110,146.00,no
2026-10-05T01:43:59.264233Z,KXGOLD15M-26OCT042145-45,0.0100,79.61,no
2026-10-05T01:43:59.446639Z,KXGOLD15M-26OCT042145-45,0.0130,2.02,no
2026-10-05T01:43:59.540379Z,KXGOLD15M-26OCT042145-45,0.0140,98.66,yes
2026-10-05T01:43:59.595365Z,KXGOLD15M-26OCT042145-45,0.0170,5.19,yes
2026-10-05T01:43:59.682886Z,KXGOLD15M-26OCT042145-45,0.0140,1.01,no
2026-10-05T01:43:59.776982Z,KXGOLD15M-26OCT042145-45,0.0170,473.54,yes
2026-10-05T01:44:00.213113Z,KXGOLD15M-26OCT042145-45,0.0140,30.43,no
2026-10-05T01:44:00.397504Z,KXGOLD15M-26OCT042145-45,0.0130,345.47,no
2026-10-05T01:44:00.481082Z,KXGOLD15M-26OCT042145-45,0.0160,809.02,yes
2026-10-05T01:44:00.537459Z,KXGOLD15M-26OCT042145-45,0.0130,1013.17,no
2026-10-05T01:44:01.123101Z,KXGOLD15M-26OCT042145-45,0.0120,79.16,no
2026-10-05T01:44:01.155411Z,KXGOLD15M-26OCT042145-45,0.0120,99.19,no
2026-10-05T01:44:01.335813Z,KXGOLD15M-26OCT042145-45,0.0170,57.92,yes
2026-10-05T01:44:01.381816Z,KXGOLD15M-26OCT042145-45,0.0120,19.00,no
2026-10-05T01:44:01.381816Z,KXGOLD15M-26OCT042145-45,0.0100,30.59,no
2026-10-05T01:44:01.662075Z,KXGOLD15M-26OCT042145-45,0.0170,367.71,yes
2026-10-05T01:44:01.662075Z,KXGOLD15M-26OCT042145-45,0.0160,101.00,yes
2026-10-05T01:44:01.664514Z,KXGOLD15M-26OCT042145-45,0.0170,141.18,yes
2026-10-05T01:44:02.23136Z,KXGOLD15M-26OCT042145-45,0.0130,10.12,no
2026-10-05T01:44:02.237201Z,KXGOLD15M-26OCT042145-45,0.0170,53.93,yes
2026-10-05T01:44:02.406897Z,KXGOLD15M-26OCT042145-45,0.0130,17.24,no
2026-10-05T01:44:02.417615Z,KXGOLD15M-26OCT042145-45,0.0170,5.72,yes
2026-10-05T01:44:02.95404Z,KXGOLD15M-26OCT042145-45,0.0170,110.07,yes
2026-10-05T01:44:03.18805Z,KXGOLD15M-26OCT042145-45,0.0150,1.01,no
2026-10-05T01:44:03.235075Z,KXGOLD15M-26OCT042145-45,0.0150,202.45,no
2026-10-05T01:44:03.584245Z,KXGOLD15M-26OCT042145-45,0.0190,0.40,yes
2026-10-05T01:44:03.644867Z,KXGOLD15M-26OCT042145-45,0.0190,47.49,yes
2026-10-05T01:44:03.662411Z,KXGOLD15M-26OCT042145-45,0.0140,198.77,no
2026-10-05T01:44:03.771375Z,KXGOLD15M-26OCT042145-45,0.0150,20.82,yes
2026-10-05T01:44:03.778415Z,KXGOLD15M-26OCT042145-45,0.0190,11.00,yes
2026-10-05T01:44:03.778415Z,KXGOLD15M-26OCT042145-45,0.0190,63.06,yes
2026-10-05T01:44:03.778415Z,KXGOLD15M-26OCT042145-45,0.0150,39.18,yes
2026-10-05T01:44:03.778415Z,KXGOLD15M-26OCT042145-45,0.0190,9.00,yes
2026-10-05T01:44:04.077362Z,KXGOLD15M-26OCT042145-45,0.0200,27.23,yes
2026-10-05T01:44:04.495875Z,KXGOLD15M-26OCT042145-45,0.0190,467.90,yes
2026-10-05T01:44:04.527545Z,KXGOLD15M-26OCT042145-45,0.0190,24.10,yes
2026-10-05T01:44:04.970135Z,KXGOLD15M-26OCT042145-45,0.0170,508.04,no
2026-10-05T01:44:05.122665Z,KXGOLD15M-26OCT042145-45,0.0160,51.37,no
2026-10-05T01:44:05.16515Z,KXGOLD15M-26OCT042145-45,0.0200,7.46,yes
2026-10-05T01:44:05.16515Z,KXGOLD15M-26OCT042145-45,0.0200,5.31,yes
2026-10-05T01:44:05.16515Z,KXGOLD15M-26OCT042145-45,0.0190,7.00,yes
2026-10-05T01:44:05.16515Z,KXGOLD15M-26OCT042145-45,0.0200,66.97,yes
2026-10-05T01:44:05.16515Z,KXGOLD15M-26OCT042145-45,0.0190,101.00,yes
2026-10-05T01:44:05.175332Z,KXGOLD15M-26OCT042145-45,0.0160,29.87,no
2026-10-05T01:44:05.314723Z,KXGOLD15M-26OCT042145-45,0.0170,0.49,yes
2026-10-05T01:44:05.347342Z,KXGOLD15M-26OCT042145-45,0.0160,10.04,no
2026-10-05T01:44:05.758141Z,KXGOLD15M-26OCT042145-45,0.0160,19.72,no
2026-10-05T01:44:05.758141Z,KXGOLD15M-26OCT042145-45,0.0150,21.09,no
2026-10-05T01:44:05.877864Z,KXGOLD15M-26OCT042145-45,0.0180,5.00,yes
2026-10-05T01:44:05.877864Z,KXGOLD15M-26OCT042145-45,0.0180,93.49,yes
2026-10-05T01:44:05.952357Z,KXGOLD15M-26OCT042145-45,0.0190,9.00,yes
2026-10-05T01:44:05.952357Z,KXGOLD15M-26OCT042145-45,0.0190,8.00,yes
2026-10-05T01:44:05.952357Z,KXGOLD15M-26OCT042145-45,0.0190,7.62,yes
2026-10-05T01:44:06.30628Z,KXGOLD15M-26OCT042145-45,0.0150,7.46,no
2026-10-05T01:44:06.30628Z,KXGOLD15M-26OCT042145-45,0.0150,5.31,no
2026-10-05T01:44:06.30628Z,KXGOLD15M-26OCT042145-45,0.0150,6.14,no
2026-10-05T01:44:06.30628Z,KXGOLD15M-26OCT042145-45,0.0130,1.36,no
2026-10-05T01:44:06.347144Z,KXGOLD15M-26OCT042145-45,0.0170,41.00,yes
2026-10-05T01:44:06.347144Z,KXGOLD15M-26OCT042145-45,0.0190,0.25,yes
2026-10-05T01:44:06.347144Z,KXGOLD15M-26OCT042145-45,0.0190,8.00,yes
2026-10-05T01:44:06.56767Z,KXGOLD15M-26OCT042145-45,0.0130,152.96,no
2026-10-05T01:44:06.56767Z,KXGOLD15M-26OCT042145-45,0.0130,20.64,no
2026-10-05T01:44:06.976889Z,KXGOLD15M-26OCT042145-45,0.0110,146.00,no
2026-10-05T01:44:06.976889Z,KXGOLD15M-26OCT042145-45,0.0120,15.00,no
2026-10-05T01:44:06.976889Z,KXGOLD15M-26OCT042145-45,0.0120,9.00,no
2026-10-05T01:44:06.998638Z,KXGOLD15M-26OCT042145-45,0.0140,18.72,yes
2026-10-05T01:44:07.335049Z,KXGOLD15M-26OCT042145-45,0.0140,58.47,yes
2026-10-05T01:44:07.705735Z,KXGOLD15M-26OCT042145-45,0.0140,334.08,yes
2026-10-05T01:44:07.800714Z,KXGOLD15M-26OCT042145-45,0.0140,240.31,yes
2026-10-05T01:44:07.90194Z,KXGOLD15M-26OCT042145-45,0.0140,65.48,yes
2026-10-05T01:44:08.00504Z,KXGOLD15M-26OCT042145-45,0.0140,22.18,yes
2026-10-05T01:44:08.215908Z,KXGOLD15M-26OCT042145-45,0.0110,25.25,no
2026-10-05T01:44:08.371977Z,KXGOLD15M-26OCT042145-45,0.0140,133.63,yes
2026-10-05T01:44:08.535112Z,KXGOLD15M-26OCT042145-45,0.0110,26.26,no
2026-10-05T01:44:09.038178Z,KXGOLD15M-26OCT042145-45,0.0100,1.00,no
2026-10-05T01:44:09.038178Z,KXGOLD15M-26OCT042145-45,0.0100,100.00,no
2026-10-05T01:44:09.038178Z,KXGOLD15M-26OCT042145-45,0.0100,3.26,no
2026-10-05T01:44:09.038178Z,KXGOLD15M-26OCT042145-45,0.0100,20.00,no
2026-10-05T01:44:09.038178Z,KXGOLD15M-26OCT042145-45,0.0100,403.48,no
2026-10-05T01:44:09.097136Z,KXGOLD15M-26OCT042145-45,0.0090,10.00,yes
2026-10-05T01:44:09.101974Z,KXGOLD15M-26OCT042145-45,0.0090,133.63,yes
2026-10-05T01:44:09.139719Z,KXGOLD15M-26OCT042145-45,0.0080,5.00,no
2026-10-05T01:44:09.565107Z,KXGOLD15M-26OCT042145-45,0.0080,249.09,yes
2026-10-05T01:44:09.610593Z,KXGOLD15M-26OCT042145-45,0.0080,2.06,yes
2026-10-05T01:44:09.758678Z,KXGOLD15M-26OCT042145-45,0.0080,10.00,yes
2026-10-05T01:44:09.758678Z,KXGOLD15M-26OCT042145-45,0.0080,1.45,yes
2026-10-05T01:44:09.917223Z,KXGOLD15M-26OCT042145-45,0.0140,29.87,yes
2026-10-05T01:44:10.127521Z,KXGOLD15M-26OCT042145-45,0.0170,21.33,yes
2026-10-05T01:44:10.181323Z,KXGOLD15M-26OCT042145-45,0.0190,58.80,yes
2026-10-05T01:44:10.181323Z,KXGOLD15M-26OCT042145-45,0.0090,13.00,yes
2026-10-05T01:44:10.741673Z,KXGOLD15M-26OCT042145-45,0.0070,57.16,no
2026-10-05T01:44:10.905457Z,KXGOLD15M-26OCT042145-45,0.0070,12.08,no
2026-10-05T01:44:10.928298Z,KXGOLD15M-26OCT042145-45,0.0190,80.33,yes
2026-10-05T01:44:10.928298Z,KXGOLD15M-26OCT042145-45,0.0110,31.00,yes
2026-10-05T01:44:11.020562Z,KXGOLD15M-26OCT042145-45,0.0080,57.16,yes
2026-10-05T01:44:11.193653Z,KXGOLD15M-26OCT042145-45,0.0190,12.93,yes
2026-10-05T01:44:11.193653Z,KXGOLD15M-26OCT042145-45,0.0170,41.00,yes
2026-10-05T01:44:11.496601Z,KXGOLD15M-26OCT042145-45,0.0080,100.65,no
2026-10-05T01:44:12.01246Z,KXGOLD15M-26OCT042145-45,0.0090,35.97,yes
2026-10-05T01:44:12.119552Z,KXGOLD15M-26OCT042145-45,0.0090,6.00,yes
2026-10-05T01:44:12.224628Z,KXGOLD15M-26OCT042145-45,0.0090,66.82,yes
2026-10-05T01:44:12.362447Z,KXGOLD15M-26OCT042145-45,0.0090,509.12,yes
2026-10-05T01:44:12.762797Z,KXGOLD15M-26OCT042145-45,0.0090,101.83,yes
2026-10-05T01:44:12.81519Z,KXGOLD15M-26OCT042145-45,0.0090,93.51,yes
2026-10-05T01:44:12.919227Z,KXGOLD15M-26OCT042145-45,0.0090,12.08,yes
2026-10-05T01:44:12.919227Z,KXGOLD15M-26OCT042145-45,0.0090,54.74,yes
2026-10-05T01:44:13.000048Z,KXGOLD15M-26OCT042145-45,0.0080,33.48,no
2026-10-05T01:44:13.160249Z,KXGOLD15M-26OCT042145-45,0.0090,1039.03,yes
2026-10-05T01:44:13.414555Z,KXGOLD15M-26OCT042145-45,0.0090,25.00,no
2026-10-05T01:44:13.500202Z,KXGOLD15M-26OCT042145-45,0.0080,5.03,no
2026-10-05T01:44:13.614003Z,KXGOLD15M-26OCT042145-45,0.0100,12.68,yes
2026-10-05T01:44:13.680158Z,KXGOLD15M-26OCT042145-45,0.0100,1.57,yes
2026-10-05T01:44:13.690179Z,KXGOLD15M-26OCT042145-45,0.0100,15.00,yes
2026-10-05T01:44:13.690179Z,KXGOLD15M-26OCT042145-45,0.0100,0.75,yes
2026-10-05T01:44:13.690179Z,KXGOLD15M-26OCT042145-45,0.0100,77.76,yes
2026-10-05T01:44:14.180177Z,KXGOLD15M-26OCT042145-45,0.0110,85.02,yes
2026-10-05T01:44:14.888602Z,KXGOLD15M-26OCT042145-45,0.0110,314.37,yes
2026-10-05T01:44:15.077773Z,KXGOLD15M-26OCT042145-45,0.0080,85.55,no
2026-10-05T01:44:15.379983Z,KXGOLD15M-26OCT042145-45,0.0130,101.00,yes
2026-10-05T01:44:15.379983Z,KXGOLD15M-26OCT042145-45,0.0150,148.18,yes
2026-10-05T01:44:15.379983Z,KXGOLD15M-26OCT042145-45,0.0130,26.00,yes
2026-10-05T01:44:15.422057Z,KXGOLD15M-26OCT042145-45,0.0150,124.84,yes
2026-10-05T01:44:15.433116Z,KXGOLD15M-26OCT042145-45,0.0150,7.22,yes
2026-10-05T01:44:15.64509Z,KXGOLD15M-26OCT042145-45,0.0080,65.53,yes
2026-10-05T01:44:15.721451Z,KXGOLD15M-26OCT042145-45,0.0080,31.18,yes
2026-10-05T01:44:16.420992Z,KXGOLD15M-26OCT042145-45,0.0070,15.88,no
2026-10-05T01:44:16.658824Z,KXGOLD15M-26OCT042145-45,0.0080,3.29,yes
2026-10-05T01:44:16.658824Z,KXGOLD15M-26OCT042145-45,0.0080,27.14,yes
2026-10-05T01:44:16.678418Z,KXGOLD15M-26OCT042145-45,0.0080,101.00,yes
2026-10-05T01:44:16.678418Z,KXGOLD15M-26OCT042145-45,0.0080,15.88,yes
2026-10-05T01:44:16.801828Z,KXGOLD15M-26OCT042145-45,0.0150,275.88,yes
2026-10-05T01:44:16.801828Z,KXGOLD15M-26OCT042145-45,0.0130,26.00,yes
2026-10-05T01:44:16.861678Z,KXGOLD15M-26OCT042145-45,0.0070,15.16,no
2026-10-05T01:44:16.99539Z,KXGOLD15M-26OCT042145-45,0.0080,15.16,yes
2026-10-05T01:44:16.99539Z,KXGOLD15M-26OCT042145-45,0.0080,101.72,yes
2026-10-05T01:44:17.023642Z,KXGOLD15M-26OCT042145-45,0.0070,50.32,no
2026-10-05T01:44:17.257628Z,KXGOLD15M-26OCT042145-45,0.0070,1.00,no
2026-10-05T01:44:17.633595Z,KXGOLD15M-26OCT042145-45,0.0080,5.84,yes
2026-10-05T01:44:17.950173Z,KXGOLD15M-26OCT042145-45,0.0070,58.38,no
2026-10-05T01:44:18.068902Z,KXGOLD15M-26OCT042145-45,0.0080,44.48,yes
2026-10-05T01:44:18.068902Z,KXGOLD15M-26OCT042145-45,0.0080,528.25,yes
2026-10-05T01:44:18.175648Z,KXGOLD15M-26OCT042145-45,0.0100,153.70,yes
2026-10-05T01:44:18.603082Z,KXGOLD15M-26OCT042145-45,0.0070,15.22,no
2026-10-05T01:44:18.635951Z,KXGOLD15M-26OCT042145-45,0.0070,30.19,no
2026-10-05T01:44:18.931448Z,KXGOLD15M-26OCT042145-45,0.0080,1.00,yes
2026-10-05T01:44:18.931448Z,KXGOLD15M-26OCT042145-45,0.0080,0.14,yes
2026-10-05T01:44:18.944633Z,KXGOLD15M-26OCT042145-45,0.0070,1.00,no
2026-10-05T01:44:19.141175Z,KXGOLD15M-26OCT042145-45,0.0070,99.23,no
2026-10-05T01:44:19.290614Z,KXGOLD15M-26OCT042145-45,0.0080,2.23,yes
2026-10-05T01:44:19.298856Z,KXGOLD15M-26OCT042145-45,0.0070,23.27,no
2026-10-05T01:44:19.439158Z,KXGOLD15M-26OCT042145-45,0.0070,105.06,no
2026-10-05T01:44:19.506297Z,KXGOLD15M-26OCT042145-45,0.0080,27.34,yes
2026-10-05T01:44:19.938583Z,KXGOLD15M-26OCT042145-45,0.0070,5.03,no
2026-10-05T01:44:20.131457Z,KXGOLD15M-26OCT042145-45,0.0070,11.02,no
2026-10-05T01:44:20.131457Z,KXGOLD15M-26OCT042145-45,0.0060,500.00,no
2026-10-05T01:44:20.201818Z,KXGOLD15M-26OCT042145-45,0.0070,153.59,yes
2026-10-05T01:44:20.208551Z,KXGOLD15M-26OCT042145-45,0.0070,668.17,yes
2026-10-05T01:44:20.256072Z,KXGOLD15M-26OCT042145-45,0.0070,116.88,yes
2026-10-05T01:44:20.290254Z,KXGOLD15M-26OCT042145-45,0.0070,5.06,yes
2026-10-05T01:44:20.496269Z,KXGOLD15M-26OCT042145-45,0.0060,5.00,no
2026-10-05T01:44:20.496269Z,KXGOLD15M-26OCT042145-45,0.0060,357.51,no
2026-10-05T01:44:20.593385Z,KXGOLD15M-26OCT042145-45,0.0080,25.25,yes
2026-10-05T01:44:21.044122Z,KXGOLD15M-26OCT042145-45,0.0070,2.03,yes
2026-10-05T01:44:21.248287Z,KXGOLD15M-26OCT042145-45,0.0060,1.36,yes
2026-10-05T01:44:21.320336Z,KXGOLD15M-26OCT042145-45,0.0060,145.80,yes
2026-10-05T01:44:21.36193Z,KXGOLD15M-26OCT042145-45,0.0070,15.00,yes
2026-10-05T01:44:21.36193Z,KXGOLD15M-26OCT042145-45,0.0070,40.04,yes
2026-10-05T01:44:21.482163Z,KXGOLD15M-26OCT042145-45,0.0050,502.33,no
2026-10-05T01:44:21.518726Z,KXGOLD15M-26OCT042145-45,0.0050,4.54,no
2026-10-05T01:44:21.608701Z,KXGOLD15M-26OCT042145-45,0.0060,219.92,yes
2026-10-05T01:44:22.011483Z,KXGOLD15M-26OCT042145-45,0.0060,100.00,yes
2026-10-05T01:44:22.274609Z,KXGOLD15M-26OCT042145-45,0.0060,133.58,yes
2026-10-05T01:44:22.405931Z,KXGOLD15M-26OCT042145-45,0.0050,43.08,no
2026-10-05T01:44:22.455122Z,KXGOLD15M-26OCT042145-45,0.0060,0.30,yes
2026-10-05T01:44:22.745886Z,KXGOLD15M-26OCT042145-45,0.0060,152.71,yes
2026-10-05T01:44:22.755048Z,KXGOLD15M-26OCT042145-45,0.0060,115.74,yes
2026-10-05T01:44:22.755048Z,KXGOLD15M-26OCT042145-45,0.0060,39.26,yes
2026-10-05T01:44:22.824197Z,KXGOLD15M-26OCT042145-45,0.0060,18.69,yes
2026-10-05T01:44:22.855031Z,KXGOLD15M-26OCT042145-45,0.0060,152.71,yes
2026-10-05T01:44:22.973968Z,KXGOLD15M-26OCT042145-45,0.0050,70.00,no
2026-10-05T01:44:23.001087Z,KXGOLD15M-26OCT042145-45,0.0060,935.19,yes
2026-10-05T01:44:23.061065Z,KXGOLD15M-26OCT042145-45,0.0050,51.23,no
2026-10-05T01:44:23.366733Z,KXGOLD15M-26OCT042145-45,0.0060,130.17,yes
2026-10-05T01:44:23.366733Z,KXGOLD15M-26OCT042145-45,0.0060,4.54,yes
2026-10-05T01:44:23.366733Z,KXGOLD15M-26OCT042145-45,0.0060,18.00,yes
2026-10-05T01:44:23.474432Z,KXGOLD15M-26OCT042145-45,0.0050,70.00,no
2026-10-05T01:44:23.800681Z,KXGOLD15M-26OCT042145-45,0.0050,11.00,no
2026-10-05T01:44:23.800681Z,KXGOLD15M-26OCT042145-45,0.0050,50.18,no
2026-10-05T01:44:23.800681Z,KXGOLD15M-26OCT042145-45,0.0050,8.82,no
2026-10-05T01:44:23.888205Z,KXGOLD15M-26OCT042145-45,0.0050,42.18,no
2026-10-05T01:44:23.888205Z,KXGOLD15M-26OCT042145-45,0.0050,27.82,no
2026-10-05T01:44:23.993573Z,KXGOLD15M-26OCT042145-45,0.0050,70.00,no
2026-10-05T01:44:24.475226Z,KXGOLD15M-26OCT042145-45,0.0060,99.83,yes
2026-10-05T01:44:24.475226Z,KXGOLD15M-26OCT042145-45,0.0060,9.80,yes
2026-10-05T01:44:24.475226Z,KXGOLD15M-26OCT042145-45,0.0060,43.08,yes
2026-10-05T01:44:24.493851Z,KXGOLD15M-26OCT042145-45,0.0050,70.00,no
2026-10-05T01:44:24.657193Z,KXGOLD15M-26OCT042145-45,0.0050,193.00,no
2026-10-05T01:44:24.704116Z,KXGOLD15M-26OCT042145-45,0.0050,478.30,yes
2026-10-05T01:44:24.808301Z,KXGOLD15M-26OCT042145-45,0.0050,70.00,no
2026-10-05T01:44:24.964055Z,KXGOLD15M-26OCT042145-45,0.0050,500.00,no
2026-10-05T01:44:24.976973Z,KXGOLD15M-26OCT042145-45,0.0040,984.57,no
2026-10-05T01:44:24.979935Z,KXGOLD15M-26OCT042145-45,0.0040,1.00,no
2026-10-05T01:44:25.208388Z,KXGOLD15M-26OCT042145-45,0.0050,136.63,no
2026-10-05T01:44:25.234174Z,KXGOLD15M-26OCT042145-45,0.0060,98.39,yes
2026-10-05T01:44:25.234174Z,KXGOLD15M-26OCT042145-45,0.0060,70.00,yes
2026-10-05T01:44:25.234174Z,KXGOLD15M-26OCT042145-45,0.0060,51.23,yes
2026-10-05T01:44:25.234174Z,KXGOLD15M-26OCT042145-45,0.0060,60.20,yes
2026-10-05T01:44:25.234174Z,KXGOLD15M-26OCT042145-45,0.0060,8.82,yes
2026-10-05T01:44:25.234174Z,KXGOLD15M-26OCT042145-45,0.0060,23.00,yes
2026-10-05T01:44:25.31696Z,KXGOLD15M-26OCT042145-45,0.0060,38.85,yes
2026-10-05T01:44:25.366032Z,KXGOLD15M-26OCT042145-45,0.0060,160.59,yes
2026-10-05T01:44:25.667025Z,KXGOLD15M-26OCT042145-45,0.0050,149.00,no
2026-10-05T01:44:25.702179Z,KXGOLD15M-26OCT042145-45,0.0050,36.24,yes
2026-10-05T01:44:26.060276Z,KXGOLD15M-26OCT042145-45,0.0050,779.13,yes
2026-10-05T01:44:26.502633Z,KXGOLD15M-26OCT042145-45,0.0050,1.00,no
2026-10-05T01:44:26.84386Z,KXGOLD15M-26OCT042145-45,0.0060,17.14,yes
2026-10-05T01:44:27.065148Z,KXGOLD15M-26OCT042145-45,0.0050,30.00,yes
2026-10-05T01:44:27.065148Z,KXGOLD15M-26OCT042145-45,0.0050,124.83,yes
2026-10-05T01:44:27.065148Z,KXGOLD15M-26OCT042145-45,0.0050,1.00,yes
2026-10-05T01:44:27.393906Z,KXGOLD15M-26OCT042145-45,0.0050,160.34,yes
2026-10-05T01:44:27.395508Z,KXGOLD15M-26OCT042145-45,0.0050,154.72,yes
2026-10-05T01:44:27.623665Z,KXGOLD15M-26OCT042145-45,0.0050,114.89,yes
2026-10-05T01:44:27.765979Z,KXGOLD15M-26OCT042145-45,0.0040,1.00,no
2026-10-05T01:44:27.765979Z,KXGOLD15M-26OCT042145-45,0.0040,1.00,no
2026-10-05T01:44:27.765979Z,KXGOLD15M-26OCT042145-45,0.0040,1.00,no
2026-10-05T01:44:27.765979Z,KXGOLD15M-26OCT042145-45,0.0040,1.00,no
2026-10-05T01:44:27.765979Z,KXGOLD15M-26OCT042145-45,0.0040,1.00,no
2026-10-05T01:44:27.765979Z,KXGOLD15M-26OCT042145-45,0.0040,13.00,no
2026-10-05T01:44:27.765979Z,KXGOLD15M-26OCT042145-45,0.0040,14.43,no
2026-10-05T01:44:27.765979Z,KXGOLD15M-26OCT042145-45,0.0030,92.41,no
2026-10-05T01:44:27.776927Z,KXGOLD15M-26OCT042145-45,0.0030,245.70,no
2026-10-05T01:44:28.139792Z,KXGOLD15M-26OCT042145-45,0.0040,373.95,yes
2026-10-05T01:44:28.791069Z,KXGOLD15M-26OCT042145-45,0.0040,26.31,yes
2026-10-05T01:44:28.879622Z,KXGOLD15M-26OCT042145-45,0.0030,54.14,no
2026-10-05T01:44:28.920385Z,KXGOLD15M-26OCT042145-45,0.0050,750.00,yes
2026-10-05T01:44:28.920385Z,KXGOLD15M-26OCT042145-45,0.0040,92.41,yes
2026-10-05T01:44:28.920385Z,KXGOLD15M-26OCT042145-45,0.0050,437.42,yes
2026-10-05T01:44:28.920385Z,KXGOLD15M-26OCT042145-45,0.0050,750.00,yes
2026-10-05T01:44:28.920385Z,KXGOLD15M-26OCT042145-45,0.0050,14.43,yes
2026-10-05T01:44:28.920385Z,KXGOLD15M-26OCT042145-45,0.0050,100.00,yes
2026-10-05T01:44:28.920385Z,KXGOLD15M-26OCT042145-45,0.0040,1099.74,yes
2026-10-05T01:44:28.920385Z,KXGOLD15M-26OCT042145-45,0.0050,34.00,yes
2026-10-05T01:44:29.078407Z,KXGOLD15M-26OCT042145-45,0.0040,229.04,yes
2026-10-05T01:44:29.286466Z,KXGOLD15M-26OCT042145-45,0.0030,501.39,no
2026-10-05T01:44:29.497173Z,KXGOLD15M-26OCT042145-45,0.0030,68.84,no
2026-10-05T01:44:29.637894Z,KXGOLD15M-26OCT042145-45,0.0040,33.63,yes
2026-10-05T01:44:29.735932Z,KXGOLD15M-26OCT042145-45,0.0040,112.19,yes
2026-10-05T01:44:30.185881Z,KXGOLD15M-26OCT042145-45,0.0030,100.00,no
2026-10-05T01:44:30.320445Z,KXGOLD15M-26OCT042145-45,0.0040,29.04,yes
2026-10-05T01:44:30.320445Z,KXGOLD15M-26OCT042145-45,0.0040,100.00,yes
2026-10-05T01:44:30.320445Z,KXGOLD15M-26OCT042145-45,0.0040,100.00,yes
2026-10-05T01:44:30.483247Z,KXGOLD15M-26OCT042145-45,0.0040,20.16,yes
2026-10-05T01:44:30.712527Z,KXGOLD15M-26OCT042145-45,0.0040,27.87,yes
2026-10-05T01:44:30.712527Z,KXGOLD15M-26OCT042145-45,0.0040,196.50,yes
2026-10-05T01:44:30.992136Z,KXGOLD15M-26OCT042145-45,0.0030,6.00,no
2026-10-05T01:44:31.042627Z,KXGOLD15M-26OCT042145-45,0.0030,1.00,no
2026-10-05T01:44:31.500896Z,KXGOLD15M-26OCT042145-45,0.0030,10.02,no
2026-10-05T01:44:31.550156Z,KXGOLD15M-26OCT042145-45,0.0030,31.58,no
2026-10-05T01:44:31.710277Z,KXGOLD15M-26OCT042145-45,0.0020,3.00,no
2026-10-05T01:44:31.710277Z,KXGOLD15M-26OCT042145-45,0.0030,2.00,no
2026-10-05T01:44:31.710277Z,KXGOLD15M-26OCT042145-45,0.0030,2.00,no
2026-10-05T01:44:31.710277Z,KXGOLD15M-26OCT042145-45,0.0020,3.00,no
2026-10-05T01:44:31.710277Z,KXGOLD15M-26OCT042145-45,0.0030,2.00,no
2026-10-05T01:44:31.710277Z,KXGOLD15M-26OCT042145-45,0.0020,3.00,no
2026-10-05T01:44:31.710277Z,KXGOLD15M-26OCT042145-45,0.0030,2.00,no
2026-10-05T01:44:31.710277Z,KXGOLD15M-26OCT042145-45,0.0020,3.00,no
2026-10-05T01:44:31.710277Z,KXGOLD15M-26OCT042145-45,0.0030,2.00,no
2026-10-05T01:44:31.710277Z,KXGOLD15M-26OCT042145-45,0.0020,3.00,no
2026-10-05T01:44:31.710277Z,KXGOLD15M-26OCT042145-45,0.0020,26.00,no
2026-10-05T01:44:31.710277Z,KXGOLD15M-26OCT042145-45,0.0030,18.00,no
2026-10-05T01:44:31.710277Z,KXGOLD15M-26OCT042145-45,0.0010,1.00,no
2026-10-05T01:44:31.710277Z,KXGOLD15M-26OCT042145-45,0.0010,400.00,no
2026-10-05T01:44:31.710277Z,KXGOLD15M-26OCT042145-45,0.0020,5.00,no
2026-10-05T01:44:31.710277Z,KXGOLD15M-26OCT042145-45,0.0020,5.00,no
2026-10-05T01:44:31.710277Z,KXGOLD15M-26OCT042145-45,0.0020,60.00,no
2026-10-05T01:44:31.710277Z,KXGOLD15M-26OCT042145-45,0.0010,82.10,no
2026-10-05T01:44:31.710277Z,KXGOLD15M-26OCT042145-45,0.0020,68.00,no
2026-10-05T01:44:31.710277Z,KXGOLD15M-26OCT042145-45,0.0010,1.00,no
2026-10-05T01:44:31.710277Z,KXGOLD15M-26OCT042145-45,0.0010,1250.00,no
2026-10-05T01:44:31.710277Z,KXGOLD15M-26OCT042145-45,0.0030,138.92,no
2026-10-05T01:44:31.710277Z,KXGOLD15M-26OCT042145-45,0.0020,1250.00,no
2026-10-05T01:44:31.710277Z,KXGOLD15M-26OCT042145-45,0.0010,5000.00,no
2026-10-05T01:44:31.710277Z,KXGOLD15M-26OCT042145-45,0.0020,1200.00,no
2026-10-05T01:44:31.842992Z,KXGOLD15M-26OCT042145-45,0.0030,2337.07,yes
2026-10-05T01:44:31.862828Z,KXGOLD15M-26OCT042145-45,0.0010,9.02,no
2026-10-05T01:44:31.907573Z,KXGOLD15M-26OCT042145-45,0.0010,8.83,no
2026-10-05T01:44:32.487921Z,KXGOLD15M-26OCT042145-45,0.0020,30.19,yes
2026-10-05T01:44:34.455249Z,KXGOLD15M-26OCT042145-45,0.0010,48.37,no
2026-10-05T01:44:34.469535Z,KXGOLD15M-26OCT042145-45,0.0010,10.93,no
2026-10-05T01:44:34.505524Z,KXGOLD15M-26OCT042145-45,0.0010,0.02,no
2026-10-05T01:44:34.887457Z,KXGOLD15M-26OCT042145-45,0.0010,189.05,no
2026-10-05T01:44:34.887457Z,KXGOLD15M-26OCT042145-45,0.0010,5.00,no
2026-10-05T01:44:34.887457Z,KXGOLD15M-26OCT042145-45,0.0010,56.18,no
2026-10-05T01:44:35.025658Z,KXGOLD15M-26OCT042145-45,0.0020,11.48,yes
2026-10-05T01:44:35.106648Z,KXGOLD15M-26OCT042145-45,0.0020,6.03,yes
2026-10-05T01:44:35.186261Z,KXGOLD15M-26OCT042145-45,0.0010,27.11,no
2026-10-05T01:44:35.202114Z,KXGOLD15M-26OCT042145-45,0.0020,14.18,yes
2026-10-05T01:44:35.420375Z,KXGOLD15M-26OCT042145-45,0.0020,458.01,yes
2026-10-05T01:44:36.023443Z,KXGOLD15M-26OCT042145-45,0.0010,13.41,no
2026-10-05T01:44:36.37017Z,KXGOLD15M-26OCT042145-45,0.0020,458.01,yes
2026-10-05T01:44:36.39396Z,KXGOLD15M-26OCT042145-45,0.0020,458.01,yes
2026-10-05T01:44:36.398002Z,KXGOLD15M-26OCT042145-45,0.0010,23.00,no
2026-10-05T01:44:36.888857Z,KXGOLD15M-26OCT042145-45,0.0020,458.01,yes
2026-10-05T01:44:36.96321Z,KXGOLD15M-26OCT042145-45,0.0020,2290.05,yes
2026-10-05T01:44:37.074023Z,KXGOLD15M-26OCT042145-45,0.0020,47.05,yes
2026-10-05T01:44:37.26326Z,KXGOLD15M-26OCT042145-45,0.0010,20.82,no
2026-10-05T01:44:37.407179Z,KXGOLD15M-26OCT042145-45,0.0020,50.68,yes
2026-10-05T01:44:37.996054Z,KXGOLD15M-26OCT042145-45,0.0020,1145.02,yes
2026-10-05T01:44:38.060056Z,KXGOLD15M-26OCT042145-45,0.0020,178.85,yes
2026-10-05T01:44:38.078151Z,KXGOLD15M-26OCT042145-45,0.0010,1.00,no
2026-10-05T01:44:38.654731Z,KXGOLD15M-26OCT042145-45,0.0020,88.93,yes
2026-10-05T01:44:38.697603Z,KXGOLD15M-26OCT042145-45,0.0010,30.55,no
2026-10-05T01:44:38.705563Z,KXGOLD15M-26OCT042145-45,0.0020,46.30,yes
2026-10-05T01:44:38.716441Z,KXGOLD15M-26OCT042145-45,0.0010,100.00,no
2026-10-05T01:44:38.882165Z,KXGOLD15M-26OCT042145-45,0.0020,5.30,yes
2026-10-05T01:44:39.183904Z,KXGOLD15M-26OCT042145-45,0.0020,584.81,yes
2026-10-05T01:44:39.63057Z,KXGOLD15M-26OCT042145-45,0.0020,246.11,yes
2026-10-05T01:44:39.681261Z,KXGOLD15M-26OCT042145-45,0.0010,88.00,no
2026-10-05T01:44:39.684787Z,KXGOLD15M-26OCT042145-45,0.0010,56.00,no
2026-10-05T01:44:39.684787Z,KXGOLD15M-26OCT042145-45,0.0010,2639.93,no
2026-10-05T01:44:39.684787Z,KXGOLD15M-26OCT042145-45,0.0010,10.93,no
2026-10-05T01:44:39.684787Z,KXGOLD15M-26OCT042145-45,0.0010,137.75,no
2026-10-05T01:44:39.684787Z,KXGOLD15M-26OCT042145-45,0.0010,0.02,no
2026-10-05T01:44:43.237101Z,KXGOLD15M-26OCT042145-45,0.0010,915.99,yes
2026-10-05T01:44:44.574602Z,KXGOLD15M-26OCT042145-45,0.0010,506.01,yes
2026-10-05T01:44:44.574602Z,KXGOLD15M-26OCT042145-45,0.0010,409.98,yes
2026-10-05T01:44:44.903537Z,KXGOLD15M-26OCT042145-45,0.0010,0.12,yes
2026-10-05T01:44:44.986401Z,KXGOLD15M-26OCT042145-45,0.0010,91.62,yes
2026-10-05T01:44:46.672848Z,KXGOLD15M-26OCT042145-45,0.0010,2.35,yes
2026-10-05T01:44:47.981481Z,KXGOLD15M-26OCT042145-45,0.0010,915.99,yes
2026-10-05T01:44:48.123514Z,KXGOLD15M-26OCT042145-45,0.0010,152.40,yes
2026-10-05T01:44:48.332433Z,KXGOLD15M-26OCT042145-45,0.0010,58.38,yes
2026-10-05T01:44:48.374856Z,KXGOLD15M-26OCT042145-45,0.0010,61.86,yes
2026-10-05T01:44:48.547214Z,KXGOLD15M-26OCT042145-45,0.0010,147.94,yes
2026-10-05T01:44:48.547877Z,KXGOLD15M-26OCT042145-45,0.0010,5.51,yes
2026-10-05T01:44:48.590248Z,KXGOLD15M-26OCT042145-45,0.0010,91.62,yes
2026-10-05T01:44:48.966977Z,KXGOLD15M-26OCT042145-45,0.0010,2367.60,yes
2026-10-05T01:44:48.966977Z,KXGOLD15M-26OCT042145-45,0.0010,284.23,yes
2026-10-05T01:44:48.966977Z,KXGOLD15M-26OCT042145-45,0.0010,40.00,yes
2026-10-05T01:44:49.693789Z,KXGOLD15M-26OCT042145-45,0.0010,1.00,yes
2026-10-05T01:44:52.326459Z,KXGOLD15M-26OCT042145-45,0.0010,9.20,yes
2026-10-05T01:44:55.900665Z,KXGOLD15M-26OCT042145-45,0.0010,244.20,yes
2026-10-05T01:44:55.900665Z,KXGOLD15M-26OCT042145-45,0.0010,1129.75,yes
2026-10-05T01:44:55.954793Z,KXGOLD15M-26OCT042145-45,0.0010,2709.52,yes
2026-10-05T01:44:55.954793Z,KXGOLD15M-26OCT042145-45,0.0010,1870.25,yes
2026-10-05T01:44:56.057286Z,KXGOLD15M-26OCT042145-45,0.0010,1681.59,yes
2026-10-05T01:44:56.057286Z,KXGOLD15M-26OCT042145-45,0.0010,7289.48,yes
2026-10-05T01:44:56.057286Z,KXGOLD15M-26OCT042145-45,0.0010,148.48,yes
2026-10-05T01:44:56.057286Z,KXGOLD15M-26OCT042145-45,0.0010,40.00,yes
2026-10-05T01:44:56.705109Z,KXGOLD15M-26OCT042145-45,0.0010,26.74,yes
2026-10-05T01:44:57.340528Z,KXGOLD15M-26OCT042145-45,0.0010,513.67,yes
2026-10-05T01:44:57.340528Z,KXGOLD15M-26OCT042145-45,0.0030,39.00,yes
2026-10-05T01:44:57.340528Z,KXGOLD15M-26OCT042145-45,0.0040,26.27,yes
2026-10-05T01:44:57.340528Z,KXGOLD15M-26OCT042145-45,0.0040,62.55,yes
2026-10-05T01:44:57.340528Z,KXGOLD15M-26OCT042145-45,0.0030,1250.00,yes
2026-10-05T01:44:57.340528Z,KXGOLD15M-26OCT042145-45,0.0020,1250.00,yes
2026-10-05T01:44:57.340528Z,KXGOLD15M-26OCT042145-45,0.0030,2662.93,yes
2026-10-05T01:44:57.558933Z,KXGOLD15M-26OCT042145-45,0.0040,9.93,yes
2026-10-05T01:44:58.981656Z,KXGOLD15M-26OCT042145-45,0.0040,229.04,yes
2026-10-05T01:44:59.604966Z,KXGOLD15M-26OCT042145-45,0.0010,915.99,yes
2026-10-05T01:44:59.728183Z,KXGOLD15M-26OCT042145-45,0.0010,915.99,yes
2026-10-05T01:54:54.227331Z,KXGOLD15M-26OCT042200-00,0.9770,33.69,no
2026-10-05T01:54:54.227331Z,KXGOLD15M-26OCT042200-00,0.9770,7.00,no
2026-10-05T01:54:54.407202Z,KXGOLD15M-26OCT042200-00,0.9770,5.00,no
2026-10-05T01:54:54.407202Z,KXGOLD15M-26OCT042200-00,0.9770,35.69,no
2026-10-05T01:54:54.421289Z,KXGOLD15M-26OCT042200-00,0.9780,15.04,yes
2026-10-05T01:54:54.421289Z,KXGOLD15M-26OCT042200-00,0.9780,40.00,yes
2026-10-05T01:54:54.575934Z,KXGOLD15M-26OCT042200-00,0.9760,195.01,no
2026-10-05T01:54:54.979917Z,KXGOLD15M-26OCT042200-00,0.9790,39.00,no
2026-10-05T01:54:55.026263Z,KXGOLD15M-26OCT042200-00,0.9780,195.01,no
2026-10-05T01:54:55.551506Z,KXGOLD15M-26OCT042200-00,0.9780,5.09,yes
2026-10-05T01:54:56.050513Z,KXGOLD15M-26OCT042200-00,0.9790,3.05,yes
2026-10-05T01:54:56.396204Z,KXGOLD15M-26OCT042200-00,0.9780,418.42,no
2026-10-05T01:54:56.396204Z,KXGOLD15M-26OCT042200-00,0.9780,7.00,no
2026-10-05T01:54:56.677506Z,KXGOLD15M-26OCT042200-00,0.9780,18.75,yes
2026-10-05T01:54:57.177322Z,KXGOLD15M-26OCT042200-00,0.9770,9.00,no
2026-10-05T01:54:57.177322Z,KXGOLD15M-26OCT042200-00,0.9770,28.83,no
2026-10-05T01:54:57.254382Z,KXGOLD15M-26OCT042200-00,0.9770,100.00,yes
2026-10-05T01:54:57.681913Z,KXGOLD15M-26OCT042200-00,0.9760,10.20,yes
2026-10-05T01:54:57.759384Z,KXGOLD15M-26OCT042200-00,0.9670,5.00,no
2026-10-05T01:54:57.759384Z,KXGOLD15M-26OCT042200-00,0.9670,1.00,no
2026-10-05T01:54:57.759384Z,KXGOLD15M-26OCT042200-00,0.9750,8.00,no
2026-10-05T01:54:57.759384Z,KXGOLD15M-26OCT042200-00,0.9670,97.00,no
2026-10-05T01:54:57.759384Z,KXGOLD15M-26OCT042200-00,0.9750,30.00,no
2026-10-05T01:54:57.759384Z,KXGOLD15M-26OCT042200-00,0.9750,30.00,no
2026-10-05T01:54:57.759384Z,KXGOLD15M-26OCT042200-00,0.9730,60.00,no
2026-10-05T01:54:57.759384Z,KXGOLD15M-26OCT042200-00,0.9730,60.00,no
2026-10-05T01:54:57.759384Z,KXGOLD15M-26OCT042200-00,0.9660,305.14,no
2026-10-05T01:54:58.276972Z,KXGOLD15M-26OCT042200-00,0.9750,561.66,no
2026-10-05T01:54:58.430065Z,KXGOLD15M-26OCT042200-00,0.9750,33.87,yes
2026-10-05T01:54:59.015895Z,KXGOLD15M-26OCT042200-00,0.9800,7.00,yes
2026-10-05T01:54:59.015895Z,KXGOLD15M-26OCT042200-00,0.9800,5.00,yes
2026-10-05T01:54:59.015895Z,KXGOLD15M-26OCT042200-00,0.9800,14.91,yes
2026-10-05T01:54:59.015895Z,KXGOLD15M-26OCT042200-00,0.9800,50.00,yes
2026-10-05T01:54:59.015895Z,KXGOLD15M-26OCT042200-00,0.9800,50.00,yes
2026-10-05T01:54:59.015895Z,KXGOLD15M-26OCT042200-00,0.9800,95.91,yes
2026-10-05T01:54:59.941508Z,KXGOLD15M-26OCT042200-00,0.9750,10.18,yes
2026-10-05T01:55:00.067489Z,KXGOLD15M-26OCT042200-00,0.9800,35.00,yes
2026-10-05T01:55:00.067489Z,KXGOLD15M-26OCT042200-00,0.9800,5.00,yes
2026-10-05T01:55:00.551674Z,KXGOLD15M-26OCT042200-00,0.9760,155.65,no
2026-10-05T01:55:00.551674Z,KXGOLD15M-26OCT042200-00,0.9760,4.00,no
2026-10-05T01:55:00.74587Z,KXGOLD15M-26OCT042200-00,0.9800,5.00,yes
2026-10-05T01:55:01.26611Z,KXGOLD15M-26OCT042200-00,0.9740,10.00,no
2026-10-05T01:55:01.26611Z,KXGOLD15M-26OCT042200-00,0.9730,16.86,no
2026-10-05T01:55:01.26611Z,KXGOLD15M-26OCT042200-00,0.9760,8.00,no
2026-10-05T01:55:02.86825Z,KXGOLD15M-26OCT042200-00,0.9810,1.02,yes
2026-10-05T01:55:02.903579Z,KXGOLD15M-26OCT042200-00,0.9750,7.00,no
2026-10-05T01:55:02.903579Z,KXGOLD15M-26OCT042200-00,0.9730,28.08,no
2026-10-05T01:55:02.968761Z,KXGOLD15M-26OCT042200-00,0.9710,0.63,no
2026-10-05T01:55:04.022891Z,KXGOLD15M-26OCT042200-00,0.9710,6.00,no
2026-10-05T01:55:04.022891Z,KXGOLD15M-26OCT042200-00,0.9710,121.80,no
2026-10-05T01:55:04.022891Z,KXGOLD15M-26OCT042200-00,0.9760,30.00,no
2026-10-05T01:55:04.022891Z,KXGOLD15M-26OCT042200-00,0.9740,3.00,no
2026-10-05T01:55:04.219782Z,KXGOLD15M-26OCT042200-00,0.9790,11.00,yes
2026-10-05T01:55:04.219782Z,KXGOLD15M-26OCT042200-00,0.9820,64.00,yes
2026-10-05T01:55:04.219782Z,KXGOLD15M-26OCT042200-00,0.9800,100.00,yes
2026-10-05T01:55:04.219782Z,KXGOLD15M-26OCT042200-00,0.9820,5.00,yes
2026-10-05T01:55:04.219782Z,KXGOLD15M-26OCT042200-00,0.9830,67.13,yes
2026-10-05T01:55:04.626254Z,KXGOLD15M-26OCT042200-00,0.9760,3.00,no
2026-10-05T01:55:04.626254Z,KXGOLD15M-26OCT042200-00,0.9760,33.00,no
2026-10-05T01:55:04.964613Z,KXGOLD15M-26OCT042200-00,0.9760,72.01,no
2026-10-05T01:55:05.028537Z,KXGOLD15M-26OCT042200-00,0.9770,10.17,yes
2026-10-05T01:55:05.548908Z,KXGOLD15M-26OCT042200-00,0.9740,28.60,no
2026-10-05T01:55:05.548908Z,KXGOLD15M-26OCT042200-00,0.9740,4.00,no
2026-10-05T01:55:05.737242Z,KXGOLD15M-26OCT042200-00,0.9790,40.00,yes
2026-10-05T01:55:05.737242Z,KXGOLD15M-26OCT042200-00,0.9800,20.00,yes
2026-10-05T01:55:05.737242Z,KXGOLD15M-26OCT042200-00,0.9810,6.00,yes
2026-10-05T01:55:05.737242Z,KXGOLD15M-26OCT042200-00,0.9820,46.97,yes
2026-10-05T01:55:05.737242Z,KXGOLD15M-26OCT042200-00,0.9790,10.00,yes
2026-10-05T01:55:05.789098Z,KXGOLD15M-26OCT042200-00,0.9810,5.50,yes
2026-10-05T01:55:06.469017Z,KXGOLD15M-26OCT042200-00,0.9740,360.06,no
2026-10-05T01:55:06.531978Z,KXGOLD15M-26OCT042200-00,0.9750,51.00,yes
2026-10-05T01:55:07.084211Z,KXGOLD15M-26OCT042200-00,0.9740,33.00,no
2026-10-05T01:55:07.084211Z,KXGOLD15M-26OCT042200-00,0.9740,3.00,no
2026-10-05T01:55:07.498585Z,KXGOLD15M-26OCT042200-00,0.9740,31.00,no
2026-10-05T01:55:07.498585Z,KXGOLD15M-26OCT042200-00,0.9740,5.00,no
2026-10-05T01:55:07.906828Z,KXGOLD15M-26OCT042200-00,0.9740,3.00,no
2026-10-05T01:55:08.510995Z,KXGOLD15M-26OCT042200-00,0.9740,5.00,no
2026-10-05T01:55:08.562239Z,KXGOLD15M-26OCT042200-00,0.9720,34.95,no
2026-10-05T01:55:08.5823Z,KXGOLD15M-26OCT042200-00,0.9730,64.79,no
2026-10-05T01:55:08.65588Z,KXGOLD15M-26OCT042200-00,0.9810,5.90,yes
2026-10-05T01:55:08.809262Z,KXGOLD15M-26OCT042200-00,0.9780,3.00,yes
2026-10-05T01:55:09.040047Z,KXGOLD15M-26OCT042200-00,0.9770,10.00,no
2026-10-05T01:55:09.040047Z,KXGOLD15M-26OCT042200-00,0.9770,155.57,no
2026-10-05T01:55:09.070288Z,KXGOLD15M-26OCT042200-00,0.9760,39.00,no
2026-10-05T01:55:09.212984Z,KXGOLD15M-26OCT042200-00,0.9770,1.60,no
2026-10-05T01:55:09.307949Z,KXGOLD15M-26OCT042200-00,0.9770,7.40,no
2026-10-05T01:55:09.307949Z,KXGOLD15M-26OCT042200-00,0.9770,33.29,no
2026-10-05T01:55:10.016823Z,KXGOLD15M-26OCT042200-00,0.9770,40.69,no
2026-10-05T01:55:10.708448Z,KXGOLD15M-26OCT042200-00,0.9770,1017.37,no
2026-10-05T01:55:10.828367Z,KXGOLD15M-26OCT042200-00,0.9770,203.47,no
2026-10-05T01:55:11.046555Z,KXGOLD15M-26OCT042200-00,0.9770,67.69,no
2026-10-05T01:55:11.046555Z,KXGOLD15M-26OCT042200-00,0.9770,8.00,no
2026-10-05T01:55:11.054539Z,KXGOLD15M-26OCT042200-00,0.9780,98.32,yes
2026-10-05T01:55:11.445866Z,KXGOLD15M-26OCT042200-00,0.9800,31.91,yes
2026-10-05T01:55:11.678411Z,KXGOLD15M-26OCT042200-00,0.9850,21.17,yes
2026-10-05T01:55:11.678411Z,KXGOLD15M-26OCT042200-00,0.9850,9.00,yes
2026-10-05T01:55:11.678411Z,KXGOLD15M-26OCT042200-00,0.9850,3.04,yes
2026-10-05T01:55:11.678411Z,KXGOLD15M-26OCT042200-00,0.9850,7.07,yes
2026-10-05T01:55:11.678411Z,KXGOLD15M-26OCT042200-00,0.9850,1.01,yes
2026-10-05T01:55:11.678411Z,KXGOLD15M-26OCT042200-00,0.9850,15.35,yes
2026-10-05T01:55:11.678411Z,KXGOLD15M-26OCT042200-00,0.9850,4.53,yes
2026-10-05T01:55:11.678411Z,KXGOLD15M-26OCT042200-00,0.9830,11.00,yes
2026-10-05T01:55:11.678411Z,KXGOLD15M-26OCT042200-00,0.9800,5.00,yes
2026-10-05T01:55:11.678411Z,KXGOLD15M-26OCT042200-00,0.9820,50.00,yes
2026-10-05T01:55:12.679999Z,KXGOLD15M-26OCT042200-00,0.9800,15.00,no
2026-10-05T01:55:12.679999Z,KXGOLD15M-26OCT042200-00,0.9800,4.53,no
2026-10-05T01:55:12.679999Z,KXGOLD15M-26OCT042200-00,0.9800,15.35,no
2026-10-05T01:55:12.679999Z,KXGOLD15M-26OCT042200-00,0.9800,2.82,no
2026-10-05T01:55:12.837121Z,KXGOLD15M-26OCT042200-00,0.9770,300.00,no
2026-10-05T01:55:12.837121Z,KXGOLD15M-26OCT042200-00,0.9800,15.00,no
2026-10-05T01:55:12.837121Z,KXGOLD15M-26OCT042200-00,0.9750,16.38,no
2026-10-05T01:55:12.837121Z,KXGOLD15M-26OCT042200-00,0.9780,5.00,no
2026-10-05T01:55:12.837121Z,KXGOLD15M-26OCT042200-00,0.9800,0.22,no
2026-10-05T01:55:12.837121Z,KXGOLD15M-26OCT042200-00,0.9800,9.00,no
2026-10-05T01:55:12.837121Z,KXGOLD15M-26OCT042200-00,0.9800,7.07,no
2026-10-05T01:55:12.837121Z,KXGOLD15M-26OCT042200-00,0.9800,1.01,no
2026-10-05T01:55:13.23607Z,KXGOLD15M-26OCT042200-00,0.9810,2.99,yes
2026-10-05T01:55:13.262971Z,KXGOLD15M-26OCT042200-00,0.9800,0.46,no
2026-10-05T01:55:13.754054Z,KXGOLD15M-26OCT042200-00,0.9800,4.67,no
2026-10-05T01:55:13.773857Z,KXGOLD15M-26OCT042200-00,0.9800,3.18,no
2026-10-05T01:55:14.334951Z,KXGOLD15M-26OCT042200-00,0.9800,10.00,no
2026-10-05T01:55:14.334951Z,KXGOLD15M-26OCT042200-00,0.9800,12.83,no
2026-10-05T01:55:14.334951Z,KXGOLD15M-26OCT042200-00,0.9780,4.00,no
2026-10-05T01:55:14.334951Z,KXGOLD15M-26OCT042200-00,0.9770,16.68,no
2026-10-05T01:55:14.457535Z,KXGOLD15M-26OCT042200-00,0.9770,179.08,no
2026-10-05T01:55:14.457535Z,KXGOLD15M-26OCT042200-00,0.9770,24.32,no
2026-10-05T01:55:14.797654Z,KXGOLD15M-26OCT042200-00,0.9760,100.00,yes
2026-10-05T01:55:14.829271Z,KXGOLD15M-26OCT042200-00,0.9760,100.00,yes
2026-10-05T01:55:15.471379Z,KXGOLD15M-26OCT042200-00,0.9750,33.44,no
2026-10-05T01:55:15.471379Z,KXGOLD15M-26OCT042200-00,0.9750,4.00,no
2026-10-05T01:55:15.4792Z,KXGOLD15M-26OCT042200-00,0.9750,187.22,no
2026-10-05T01:55:16.563449Z,KXGOLD15M-26OCT042200-00,0.9760,37.44,no
2026-10-05T01:55:16.653507Z,KXGOLD15M-26OCT042200-00,0.9770,49.61,yes
2026-10-05T01:55:17.30197Z,KXGOLD15M-26OCT042200-00,0.9810,165.57,yes
2026-10-05T01:55:17.442512Z,KXGOLD15M-26OCT042200-00,0.9820,11.00,yes
2026-10-05T01:55:17.442512Z,KXGOLD15M-26OCT042200-00,0.9820,10.00,yes
2026-10-05T01:55:17.478012Z,KXGOLD15M-26OCT042200-00,0.9770,59.41,no
2026-10-05T01:55:17.915055Z,KXGOLD15M-26OCT042200-00,0.9770,203.47,no
2026-10-05T01:55:18.251618Z,KXGOLD15M-26OCT042200-00,0.9770,3.00,no
2026-10-05T01:55:18.251618Z,KXGOLD15M-26OCT042200-00,0.9770,5.54,no
2026-10-05T01:55:18.324922Z,KXGOLD15M-26OCT042200-00,0.9730,50.00,no
2026-10-05T01:55:18.324922Z,KXGOLD15M-26OCT042200-00,0.9700,50.00,no
2026-10-05T01:55:18.324922Z,KXGOLD15M-26OCT042200-00,0.9670,75.00,no
2026-10-05T01:55:18.324922Z,KXGOLD15M-26OCT042200-00,0.9740,1500.00,no
2026-10-05T01:55:18.324922Z,KXGOLD15M-26OCT042200-00,0.9660,918.22,no
2026-10-05T01:55:18.324922Z,KXGOLD15M-26OCT042200-00,0.9710,30.00,no
2026-10-05T01:55:18.324922Z,KXGOLD15M-26OCT042200-00,0.9710,30.00,no
2026-10-05T01:55:18.324922Z,KXGOLD15M-26OCT042200-00,0.9690,60.00,no
2026-10-05T01:55:18.324922Z,KXGOLD15M-26OCT042200-00,0.9690,60.00,no
2026-10-05T01:55:18.865596Z,KXGOLD15M-26OCT042200-00,0.9750,108.69,no
2026-10-05T01:55:18.865596Z,KXGOLD15M-26OCT042200-00,0.9750,10.00,no
2026-10-05T01:55:19.392675Z,KXGOLD15M-26OCT042200-00,0.9780,1.51,no
2026-10-05T01:55:20.862651Z,KXGOLD15M-26OCT042200-00,0.9810,22.30,yes
2026-10-05T01:55:20.930503Z,KXGOLD15M-26OCT042200-00,0.9760,10.03,no
2026-10-05T01:55:24.312155Z,KXGOLD15M-26OCT042200-00,0.9790,0.49,yes
2026-10-05T01:55:25.339731Z,KXGOLD15M-26OCT042200-00,0.9790,134.36,yes
2026-10-05T01:55:25.565859Z,KXGOLD15M-26OCT042200-00,0.9770,20.34,no
2026-10-05T01:55:26.185051Z,KXGOLD15M-26OCT042200-00,0.9740,12.96,no
2026-10-05T01:55:26.185051Z,KXGOLD15M-26OCT042200-00,0.9770,20.66,no
2026-10-05T01:55:26.185051Z,KXGOLD15M-26OCT042200-00,0.9760,5.00,no
2026-10-05T01:55:26.239089Z,KXGOLD15M-26OCT042200-00,0.9750,328.91,no
2026-10-05T01:55:26.534595Z,KXGOLD15M-26OCT042200-00,0.9790,509.97,yes
2026-10-05T01:55:26.635361Z,KXGOLD15M-26OCT042200-00,0.9770,4.00,no
2026-10-05T01:55:26.635361Z,KXGOLD15M-26OCT042200-00,0.9770,176.11,no
2026-10-05T01:55:27.7387Z,KXGOLD15M-26OCT042200-00,0.9780,36.40,no
2026-10-05T01:55:28.198927Z,KXGOLD15M-26OCT042200-00,0.9790,2.34,no
2026-10-05T01:55:28.30761Z,KXGOLD15M-26OCT042200-00,0.9800,1.01,yes
2026-10-05T01:55:28.408325Z,KXGOLD15M-26OCT042200-00,0.9790,638.13,no
2026-10-05T01:55:28.540584Z,KXGOLD15M-26OCT042200-00,0.9780,6.00,no
2026-10-05T01:55:28.540584Z,KXGOLD15M-26OCT042200-00,0.9780,4.00,no
2026-10-05T01:55:29.249906Z,KXGOLD15M-26OCT042200-00,0.9800,1.99,yes
2026-10-05T01:55:29.254046Z,KXGOLD15M-26OCT042200-00,0.9790,8.02,no
2026-10-05T01:55:29.28931Z,KXGOLD15M-26OCT042200-00,0.9840,5.00,yes
2026-10-05T01:55:29.789688Z,KXGOLD15M-26OCT042200-00,0.9840,25.00,yes
2026-10-05T01:55:29.818565Z,KXGOLD15M-26OCT042200-00,0.9840,5.00,yes
2026-10-05T01:55:29.818565Z,KXGOLD15M-26OCT042200-00,0.9840,42.00,yes
2026-10-05T01:55:29.818565Z,KXGOLD15M-26OCT042200-00,0.9840,100.00,yes
2026-10-05T01:55:29.875549Z,KXGOLD15M-26OCT042200-00,0.9850,3.26,yes
2026-10-05T01:55:29.913615Z,KXGOLD15M-26OCT042200-00,0.9840,44.84,yes
2026-10-05T01:55:30.056906Z,KXGOLD15M-26OCT042200-00,0.9850,1.27,yes
2026-10-05T01:55:30.056906Z,KXGOLD15M-26OCT042200-00,0.9850,5.82,yes
2026-10-05T01:55:30.297518Z,KXGOLD15M-26OCT042200-00,0.9840,584.72,no
2026-10-05T01:55:30.350295Z,KXGOLD15M-26OCT042200-00,0.9840,19.91,yes
2026-10-05T01:55:31.159765Z,KXGOLD15M-26OCT042200-00,0.9840,1.28,yes
2026-10-05T01:55:31.187945Z,KXGOLD15M-26OCT042200-00,0.9830,25.04,no
2026-10-05T01:55:31.187945Z,KXGOLD15M-26OCT042200-00,0.9830,30.00,no
2026-10-05T01:55:31.434846Z,KXGOLD15M-26OCT042200-00,0.9830,322.67,yes
2026-10-05T01:55:32.183877Z,KXGOLD15M-26OCT042200-00,0.9830,110.07,no
2026-10-05T01:55:32.398918Z,KXGOLD15M-26OCT042200-00,0.9840,165.11,no
2026-10-05T01:55:32.492117Z,KXGOLD15M-26OCT042200-00,0.9840,25.00,no
2026-10-05T01:55:32.506577Z,KXGOLD15M-26OCT042200-00,0.9840,2.92,no
2026-10-05T01:55:32.507839Z,KXGOLD15M-26OCT042200-00,0.9840,55.04,no
2026-10-05T01:55:32.667477Z,KXGOLD15M-26OCT042200-00,0.9840,5.09,no
2026-10-05T01:55:33.672929Z,KXGOLD15M-26OCT042200-00,0.9840,29.23,no
2026-10-05T01:55:33.705454Z,KXGOLD15M-26OCT042200-00,0.9840,58.47,no
2026-10-05T01:55:33.729984Z,KXGOLD15M-26OCT042200-00,0.9850,21.14,yes
2026-10-05T01:55:33.729984Z,KXGOLD15M-26OCT042200-00,0.9850,9.00,yes
2026-10-05T01:55:33.729984Z,KXGOLD15M-26OCT042200-00,0.9850,2.82,yes
2026-10-05T01:55:33.729984Z,KXGOLD15M-26OCT042200-00,0.9850,9.53,yes
2026-10-05T01:55:33.729984Z,KXGOLD15M-26OCT042200-00,0.9850,0.22,yes
2026-10-05T01:55:33.729984Z,KXGOLD15M-26OCT042200-00,0.9850,1.01,yes
2026-10-05T01:55:33.729984Z,KXGOLD15M-26OCT042200-00,0.9850,7.07,yes
2026-10-05T01:55:33.729984Z,KXGOLD15M-26OCT042200-00,0.9850,100.00,yes
2026-10-05T01:55:33.729984Z,KXGOLD15M-26OCT042200-00,0.9850,209.27,yes
2026-10-05T01:55:33.868527Z,KXGOLD15M-26OCT042200-00,0.9840,58.47,no
2026-10-05T01:55:34.055143Z,KXGOLD15M-26OCT042200-00,0.9840,28.57,no
2026-10-05T01:55:34.072644Z,KXGOLD15M-26OCT042200-00,0.9850,3.04,yes
2026-10-05T01:55:34.205744Z,KXGOLD15M-26OCT042200-00,0.9840,58.47,no
2026-10-05T01:55:34.310467Z,KXGOLD15M-26OCT042200-00,0.9840,584.72,no
2026-10-05T01:55:34.364648Z,KXGOLD15M-26OCT042200-00,0.9840,58.47,no
2026-10-05T01:55:35.041164Z,KXGOLD15M-26OCT042200-00,0.9850,0.62,no
2026-10-05T01:55:35.069907Z,KXGOLD15M-26OCT042200-00,0.9850,2.92,no
2026-10-05T01:55:36.123845Z,KXGOLD15M-26OCT042200-00,0.9860,1.99,no
2026-10-05T01:55:37.432311Z,KXGOLD15M-26OCT042200-00,0.9860,6.68,no
2026-10-05T01:55:39.786953Z,KXGOLD15M-26OCT042200-00,0.9870,45.65,yes
2026-10-05T01:55:39.839975Z,KXGOLD15M-26OCT042200-00,0.9900,50.00,yes
2026-10-05T01:55:39.839975Z,KXGOLD15M-26OCT042200-00,0.9900,50.00,yes
2026-10-05T01:55:39.839975Z,KXGOLD15M-26OCT042200-00,0.9870,1500.00,yes
2026-10-05T01:55:39.839975Z,KXGOLD15M-26OCT042200-00,0.9870,86.00,yes
2026-10-05T01:55:39.839975Z,KXGOLD15M-26OCT042200-00,0.9910,21.00,yes
2026-10-05T01:55:39.839975Z,KXGOLD15M-26OCT042200-00,0.9870,5.00,yes
2026-10-05T01:55:39.839975Z,KXGOLD15M-26OCT042200-00,0.9880,2100.00,yes
2026-10-05T01:55:39.839975Z,KXGOLD15M-26OCT042200-00,0.9870,100.00,yes
2026-10-05T01:55:39.839975Z,KXGOLD15M-26OCT042200-00,0.9880,1000.00,yes
2026-10-05T01:55:39.839975Z,KXGOLD15M-26OCT042200-00,0.9900,4.00,yes
2026-10-05T01:55:39.839975Z,KXGOLD15M-26OCT042200-00,0.9900,6.34,yes
2026-10-05T01:55:39.839975Z,KXGOLD15M-26OCT042200-00,0.9900,6.34,yes
2026-10-05T01:55:39.839975Z,KXGOLD15M-26OCT042200-00,0.9900,16.90,yes
2026-10-05T01:55:39.839975Z,KXGOLD15M-26OCT042200-00,0.9900,0.22,yes
2026-10-05T01:55:39.839975Z,KXGOLD15M-26OCT042200-00,0.9900,1.13,yes
2026-10-05T01:55:39.839975Z,KXGOLD15M-26OCT042200-00,0.9900,400.00,yes
2026-10-05T01:55:39.839975Z,KXGOLD15M-26OCT042200-00,0.9900,11.64,yes
2026-10-05T01:55:39.839975Z,KXGOLD15M-26OCT042200-00,0.9900,11.39,yes
2026-10-05T01:55:39.839975Z,KXGOLD15M-26OCT042200-00,0.9880,1085.00,yes
2026-10-05T01:55:39.839975Z,KXGOLD15M-26OCT042200-00,0.9900,1.24,yes
2026-10-05T01:55:39.839975Z,KXGOLD15M-26OCT042200-00,0.9900,0.68,yes
2026-10-05T01:55:39.839975Z,KXGOLD15M-26OCT042200-00,0.9900,4.51,yes
2026-10-05T01:55:39.839975Z,KXGOLD15M-26OCT042200-00,0.9900,6.31,yes
2026-10-05T01:55:39.839975Z,KXGOLD15M-26OCT042200-00,0.9900,40.58,yes
2026-10-05T01:55:39.839975Z,KXGOLD15M-26OCT042200-00,0.9900,12.78,yes
2026-10-05T01:55:39.839975Z,KXGOLD15M-26OCT042200-00,0.9900,60.06,yes
2026-10-05T01:55:39.839975Z,KXGOLD15M-26OCT042200-00,0.9900,2.00,yes
2026-10-05T01:55:39.839975Z,KXGOLD15M-26OCT042200-00,0.9900,15.95,yes
2026-10-05T01:55:39.839975Z,KXGOLD15M-26OCT042200-00,0.9900,1.36,yes
2026-10-05T01:55:39.839975Z,KXGOLD15M-26OCT042200-00,0.9900,200.00,yes
2026-10-05T01:55:39.839975Z,KXGOLD15M-26OCT042200-00,0.9880,1.00,yes
2026-10-05T01:55:39.839975Z,KXGOLD15M-26OCT042200-00,0.9890,10.00,yes
2026-10-05T01:55:39.839975Z,KXGOLD15M-26OCT042200-00,0.9890,1.00,yes
2026-10-05T01:55:39.839975Z,KXGOLD15M-26OCT042200-00,0.9890,20.00,yes
2026-10-05T01:55:39.839975Z,KXGOLD15M-26OCT042200-00,0.9890,100.00,yes
2026-10-05T01:55:39.839975Z,KXGOLD15M-26OCT042200-00,0.9890,2.00,yes
2026-10-05T01:55:39.839975Z,KXGOLD15M-26OCT042200-00,0.9890,2.00,yes
2026-10-05T01:55:39.839975Z,KXGOLD15M-26OCT042200-00,0.9900,75.00,yes
2026-10-05T01:55:39.839975Z,KXGOLD15M-26OCT042200-00,0.9900,0.78,yes
2026-10-05T01:55:39.839975Z,KXGOLD15M-26OCT042200-00,0.9940,3914.92,yes
2026-10-05T01:55:39.839975Z,KXGOLD15M-26OCT042200-00,0.9900,1.00,yes
2026-10-05T01:55:39.839975Z,KXGOLD15M-26OCT042200-00,0.9870,142.06,yes
2026-10-05T01:55:39.839975Z,KXGOLD15M-26OCT042200-00,0.9940,500.00,yes
2026-10-05T01:55:39.839975Z,KXGOLD15M-26OCT042200-00,0.9890,372.00,yes
2026-10-05T01:55:39.839975Z,KXGOLD15M-26OCT042200-00,0.9930,500.00,yes
2026-10-05T01:55:39.839975Z,KXGOLD15M-26OCT042200-00,0.9900,2.00,yes
2026-10-05T01:55:39.839975Z,KXGOLD15M-26OCT042200-00,0.9890,2.00,yes
2026-10-05T01:55:39.839975Z,KXGOLD15M-26OCT042200-00,0.9890,600.00,yes
2026-10-05T01:55:39.839975Z,KXGOLD15M-26OCT042200-00,0.9900,750.00,yes
2026-10-05T01:55:39.839975Z,KXGOLD15M-26OCT042200-00,0.9890,350.00,yes
2026-10-05T01:55:39.858893Z,KXGOLD15M-26OCT042200-00,0.9880,30.20,yes
2026-10-05T01:55:39.895746Z,KXGOLD15M-26OCT042200-00,0.9900,50.00,yes
2026-10-05T01:55:39.895746Z,KXGOLD15M-26OCT042200-00,0.9910,50.00,yes
2026-10-05T01:55:40.073743Z,KXGOLD15M-26OCT042200-00,0.9890,1265.04,yes
2026-10-05T01:55:40.118556Z,KXGOLD15M-26OCT042200-00,0.9890,1.17,yes
2026-10-05T01:55:40.159662Z,KXGOLD15M-26OCT042200-00,0.9890,0.49,yes
2026-10-05T01:55:40.198749Z,KXGOLD15M-26OCT042200-00,0.9880,450.97,no
2026-10-05T01:55:40.392908Z,KXGOLD15M-26OCT042200-00,0.9890,11.80,yes
2026-10-05T01:55:40.879585Z,KXGOLD15M-26OCT042200-00,0.9880,20.37,no
2026-10-05T01:55:40.952063Z,KXGOLD15M-26OCT042200-00,0.9880,293.06,no
2026-10-05T01:55:41.068929Z,KXGOLD15M-26OCT042200-00,0.9880,201.61,no
2026-10-05T01:55:41.068929Z,KXGOLD15M-26OCT042200-00,0.9880,56.94,no
2026-10-05T01:55:41.781528Z,KXGOLD15M-26OCT042200-00,0.9890,0.83,yes
2026-10-05T01:55:41.920697Z,KXGOLD15M-26OCT042200-00,0.9880,509.97,no
2026-10-05T01:55:42.146092Z,KXGOLD15M-26OCT042200-00,0.9880,38.42,no
2026-10-05T01:55:42.146092Z,KXGOLD15M-26OCT042200-00,0.9880,165.05,no
2026-10-05T01:55:42.161506Z,KXGOLD15M-26OCT042200-00,0.9880,77.94,no
2026-10-05T01:55:42.34623Z,KXGOLD15M-26OCT042200-00,0.9880,257.01,no
2026-10-05T01:55:42.34623Z,KXGOLD15M-26OCT042200-00,0.9880,132.70,no
2026-10-05T01:55:42.60146Z,KXGOLD15M-26OCT042200-00,0.9890,0.10,yes
2026-10-05T01:55:43.163203Z,KXGOLD15M-26OCT042200-00,0.9890,11.65,yes
2026-10-05T01:55:43.163203Z,KXGOLD15M-26OCT042200-00,0.9890,17.07,yes
2026-10-05T01:55:43.416742Z,KXGOLD15M-26OCT042200-00,0.9880,50.00,no
2026-10-05T01:55:43.606406Z,KXGOLD15M-26OCT042200-00,0.9890,20.20,yes
2026-10-05T01:55:43.87984Z,KXGOLD15M-26OCT042200-00,0.9880,1241.55,no
2026-10-05T01:55:43.87984Z,KXGOLD15M-26OCT042200-00,0.9880,317.30,no
2026-10-05T01:55:44.184121Z,KXGOLD15M-26OCT042200-00,0.9880,77.94,no
2026-10-05T01:55:44.194667Z,KXGOLD15M-26OCT042200-00,0.9880,74.58,no
2026-10-05T01:55:44.194667Z,KXGOLD15M-26OCT042200-00,0.9880,22.06,no
2026-10-05T01:55:44.860163Z,KXGOLD15M-26OCT042200-00,0.9890,1085.00,yes
2026-10-05T01:55:44.86172Z,KXGOLD15M-26OCT042200-00,0.9890,4.00,yes
2026-10-05T01:55:44.889986Z,KXGOLD15M-26OCT042200-00,0.9880,77.94,no
2026-10-05T01:55:45.043825Z,KXGOLD15M-26OCT042200-00,0.9880,15.27,no
2026-10-05T01:55:46.620215Z,KXGOLD15M-26OCT042200-00,0.9890,1.01,yes
2026-10-05T01:55:46.874969Z,KXGOLD15M-26OCT042200-00,0.9890,5.05,yes
2026-10-05T01:55:47.029625Z,KXGOLD15M-26OCT042200-00,0.9880,152.77,no
2026-10-05T01:55:47.242492Z,KXGOLD15M-26OCT042200-00,0.9890,5.69,yes
2026-10-05T01:55:47.268813Z,KXGOLD15M-26OCT042200-00,0.9880,77.94,no
2026-10-05T01:55:47.708064Z,KXGOLD15M-26OCT042200-00,0.9880,152.77,no
2026-10-05T01:55:47.818773Z,KXGOLD15M-26OCT042200-00,0.9890,2.02,yes
2026-10-05T01:55:48.564501Z,KXGOLD15M-26OCT042200-00,0.9890,1.01,yes
2026-10-05T01:55:48.7117Z,KXGOLD15M-26OCT042200-00,0.9860,40.00,no
2026-10-05T01:55:48.7117Z,KXGOLD15M-26OCT042200-00,0.9880,75.00,no
2026-10-05T01:55:48.7117Z,KXGOLD15M-26OCT042200-00,0.9860,42.52,no
2026-10-05T01:55:48.799442Z,KXGOLD15M-26OCT042200-00,0.9900,75.00,yes
2026-10-05T01:55:48.799442Z,KXGOLD15M-26OCT042200-00,0.9920,117.00,yes
2026-10-05T01:55:48.799442Z,KXGOLD15M-26OCT042200-00,0.9890,100.00,yes
2026-10-05T01:55:48.799442Z,KXGOLD15M-26OCT042200-00,0.9920,5.00,yes
2026-10-05T01:55:48.799442Z,KXGOLD15M-26OCT042200-00,0.9880,1500.00,yes
2026-10-05T01:55:48.799442Z,KXGOLD15M-26OCT042200-00,0.9930,1552.65,yes
2026-10-05T01:55:48.799442Z,KXGOLD15M-26OCT042200-00,0.9880,14.00,yes
2026-10-05T01:55:48.955467Z,KXGOLD15M-26OCT042200-00,0.9870,335.12,no
2026-10-05T01:55:49.309014Z,KXGOLD15M-26OCT042200-00,0.9930,100.00,no
2026-10-05T01:55:49.309014Z,KXGOLD15M-26OCT042200-00,0.9870,21.90,no
2026-10-05T01:55:49.309014Z,KXGOLD15M-26OCT042200-00,0.9890,22.00,no
2026-10-05T01:55:49.846869Z,KXGOLD15M-26OCT042200-00,0.9930,81.11,no
2026-10-05T01:55:50.238989Z,KXGOLD15M-26OCT042200-00,0.9930,130.90,no
2026-10-05T01:55:50.54064Z,KXGOLD15M-26OCT042200-00,0.9930,130.90,no
2026-10-05T01:55:50.806159Z,KXGOLD15M-26OCT042200-00,0.9930,261.80,no
2026-10-05T01:55:51.618907Z,KXGOLD15M-26OCT042200-00,0.9940,4.89,yes
2026-10-05T01:55:51.618907Z,KXGOLD15M-26OCT042200-00,0.9940,5.00,yes
2026-10-05T01:55:51.649603Z,KXGOLD15M-26OCT042200-00,0.9940,7.09,no
2026-10-05T01:55:51.66023Z,KXGOLD15M-26OCT042200-00,0.9940,631.81,no
2026-10-05T01:55:52.168424Z,KXGOLD15M-26OCT042200-00,0.9930,10.25,no
2026-10-05T01:55:52.206261Z,KXGOLD15M-26OCT042200-00,0.9930,120.90,no
2026-10-05T01:55:52.206261Z,KXGOLD15M-26OCT042200-00,0.9930,10.00,no
2026-10-05T01:55:52.305045Z,KXGOLD15M-26OCT042200-00,0.9940,2.96,yes
2026-10-05T01:55:52.896321Z,KXGOLD15M-26OCT042200-00,0.9930,35.31,no
2026-10-05T01:55:52.966091Z,KXGOLD15M-26OCT042200-00,0.9940,200.00,yes
2026-10-05T01:55:53.788627Z,KXGOLD15M-26OCT042200-00,0.9930,21.37,no
2026-10-05T01:55:54.288598Z,KXGOLD15M-26OCT042200-00,0.9930,33.39,no
2026-10-05T01:55:54.367455Z,KXGOLD15M-26OCT042200-00,0.9930,90.50,yes
2026-10-05T01:55:54.368716Z,KXGOLD15M-26OCT042200-00,0.9920,10.45,no
2026-10-05T01:55:54.60849Z,KXGOLD15M-26OCT042200-00,0.9940,1292.04,yes
2026-10-05T01:55:54.60849Z,KXGOLD15M-26OCT042200-00,0.9940,5.00,yes
2026-10-05T01:55:55.702087Z,KXGOLD15M-26OCT042200-00,0.9930,40.07,no
2026-10-05T01:55:55.779164Z,KXGOLD15M-26OCT042200-00,0.9940,26.71,no
2026-10-05T01:55:55.902388Z,KXGOLD15M-26OCT042200-00,0.9950,1.00,yes
2026-10-05T01:55:56.10186Z,KXGOLD15M-26OCT042200-00,0.9940,667.87,no
2026-10-05T01:55:56.933824Z,KXGOLD15M-26OCT042200-00,0.9930,75.00,no
2026-10-05T01:55:56.933824Z,KXGOLD15M-26OCT042200-00,0.9930,25.90,no
2026-10-05T01:55:56.933824Z,KXGOLD15M-26OCT042200-00,0.9930,30.00,no
2026-10-05T01:55:57.32971Z,KXGOLD15M-26OCT042200-00,0.9930,23.03,no
2026-10-05T01:55:57.693091Z,KXGOLD15M-26OCT042200-00,0.9930,1.00,no
2026-10-05T01:55:57.693091Z,KXGOLD15M-26OCT042200-00,0.9930,653.51,no
2026-10-05T01:55:58.198873Z,KXGOLD15M-26OCT042200-00,0.9920,343.64,no
2026-10-05T01:55:58.199084Z,KXGOLD15M-26OCT042200-00,0.9930,2.96,yes
2026-10-05T01:55:58.295522Z,KXGOLD15M-26OCT042200-00,0.9930,1500.00,yes
2026-10-05T01:55:58.470885Z,KXGOLD15M-26OCT042200-00,0.9920,116.88,no
2026-10-05T01:55:59.553605Z,KXGOLD15M-26OCT042200-00,0.9930,18.11,yes
2026-10-05T01:56:00.297945Z,KXGOLD15M-26OCT042200-00,0.9920,1.01,no
2026-10-05T01:56:00.642891Z,KXGOLD15M-26OCT042200-00,0.9920,19.59,yes
2026-10-05T01:56:00.811045Z,KXGOLD15M-26OCT042200-00,0.9910,1.47,no
2026-10-05T01:56:00.840761Z,KXGOLD15M-26OCT042200-00,0.9920,188.00,yes
2026-10-05T01:56:01.005325Z,KXGOLD15M-26OCT042200-00,0.9910,10.32,no
2026-10-05T01:56:01.620444Z,KXGOLD15M-26OCT042200-00,0.9920,519.52,no
2026-10-05T01:56:01.690253Z,KXGOLD15M-26OCT042200-00,0.9910,101.83,no
2026-10-05T01:56:01.815257Z,KXGOLD15M-26OCT042200-00,0.9910,101.83,no
2026-10-05T01:56:01.899146Z,KXGOLD15M-26OCT042200-00,0.9910,83.12,no
2026-10-05T01:56:02.150239Z,KXGOLD15M-26OCT042200-00,0.9930,1500.00,yes
2026-10-05T01:56:02.150239Z,KXGOLD15M-26OCT042200-00,0.9930,24.00,yes
2026-10-05T01:56:02.190813Z,KXGOLD15M-26OCT042200-00,0.9940,5.00,yes
2026-10-05T01:56:02.190813Z,KXGOLD15M-26OCT042200-00,0.9940,14.72,yes
2026-10-05T01:56:02.19951Z,KXGOLD15M-26OCT042200-00,0.9940,85.28,yes
2026-10-05T01:56:02.19951Z,KXGOLD15M-26OCT042200-00,0.9940,14.72,yes
2026-10-05T01:56:02.228202Z,KXGOLD15M-26OCT042200-00,0.9950,1.96,yes
2026-10-05T01:56:02.665742Z,KXGOLD15M-26OCT042200-00,0.9940,9.85,yes
2026-10-05T01:56:02.715206Z,KXGOLD15M-26OCT042200-00,0.9940,81.00,yes
2026-10-05T01:56:02.798543Z,KXGOLD15M-26OCT042200-00,0.9930,1.96,no
2026-10-05T01:56:02.798543Z,KXGOLD15M-26OCT042200-00,0.9930,101.95,no
2026-10-05T01:56:03.06406Z,KXGOLD15M-26OCT042200-00,0.9910,943.74,no
2026-10-05T01:56:03.17335Z,KXGOLD15M-26OCT042200-00,0.9920,86.61,yes
2026-10-05T01:56:03.490598Z,KXGOLD15M-26OCT042200-00,0.9910,23.37,no
2026-10-05T01:56:03.545817Z,KXGOLD15M-26OCT042200-00,0.9920,24.43,yes
2026-10-05T01:56:04.059404Z,KXGOLD15M-26OCT042200-00,0.9910,548.73,yes
2026-10-05T01:56:04.388831Z,KXGOLD15M-26OCT042200-00,0.9910,9.99,no
2026-10-05T01:56:05.765267Z,KXGOLD15M-26OCT042200-00,0.9910,635.34,no
2026-10-05T01:56:05.923445Z,KXGOLD15M-26OCT042200-00,0.9900,93.51,no
2026-10-05T01:56:06.923231Z,KXGOLD15M-26OCT042200-00,0.9920,5.00,yes
2026-10-05T01:56:06.923231Z,KXGOLD15M-26OCT042200-00,0.9920,442.20,yes
2026-10-05T01:56:06.923231Z,KXGOLD15M-26OCT042200-00,0.9920,117.00,yes
2026-10-05T01:56:07.577261Z,KXGOLD15M-26OCT042200-00,0.9910,524.00,no
2026-10-05T01:56:07.747522Z,KXGOLD15M-26OCT042200-00,0.9920,0.03,yes
2026-10-05T01:56:07.747522Z,KXGOLD15M-26OCT042200-00,0.9920,5.00,yes
2026-10-05T01:56:08.070011Z,KXGOLD15M-26OCT042200-00,0.9910,101.83,no
2026-10-05T01:56:08.090884Z,KXGOLD15M-26OCT042200-00,0.9910,78.40,no
2026-10-05T01:56:08.105635Z,KXGOLD15M-26OCT042200-00,0.9910,10.39,no
2026-10-05T01:56:08.452013Z,KXGOLD15M-26OCT042200-00,0.9910,101.83,no
2026-10-05T01:56:08.59095Z,KXGOLD15M-26OCT042200-00,0.9920,2.01,yes
2026-10-05T01:56:09.364689Z,KXGOLD15M-26OCT042200-00,0.9900,93.51,no
2026-10-05T01:56:09.597894Z,KXGOLD15M-26OCT042200-00,0.9910,635.34,yes
2026-10-05T01:56:09.699566Z,KXGOLD15M-26OCT042200-00,0.9920,2.01,yes
2026-10-05T01:56:09.699566Z,KXGOLD15M-26OCT042200-00,0.9920,5.00,yes
2026-10-05T01:56:09.699566Z,KXGOLD15M-26OCT042200-00,0.9920,0.03,yes
2026-10-05T01:56:09.699566Z,KXGOLD15M-26OCT042200-00,0.9920,114.96,yes
2026-10-05T01:56:10.288556Z,KXGOLD15M-26OCT042200-00,0.9920,5.46,no
2026-10-05T01:56:10.771285Z,KXGOLD15M-26OCT042200-00,0.9920,233.77,no
2026-10-05T01:56:11.306679Z,KXGOLD15M-26OCT042200-00,0.9920,116.88,no
2026-10-05T01:56:11.415293Z,KXGOLD15M-26OCT042200-00,0.9920,116.88,no
2026-10-05T01:56:12.017269Z,KXGOLD15M-26OCT042200-00,0.9930,1.00,yes
2026-10-05T01:56:12.215574Z,KXGOLD15M-26OCT042200-00,0.9920,116.88,no
2026-10-05T01:56:12.614114Z,KXGOLD15M-26OCT042200-00,0.9920,116.88,no
2026-10-05T01:56:13.003058Z,KXGOLD15M-26OCT042200-00,0.9920,58.44,no
2026-10-05T01:56:13.120645Z,KXGOLD15M-26OCT042200-00,0.9920,343.64,no
2026-10-05T01:56:13.142841Z,KXGOLD15M-26OCT042200-00,0.9930,0.21,yes
2026-10-05T01:56:13.239557Z,KXGOLD15M-26OCT042200-00,0.9920,229.09,no
2026-10-05T01:56:13.405682Z,KXGOLD15M-26OCT042200-00,0.9920,11.45,no
2026-10-05T01:56:13.492331Z,KXGOLD15M-26OCT042200-00,0.9920,116.88,no
2026-10-05T01:56:14.201168Z,KXGOLD15M-26OCT042200-00,0.9910,40.00,no
2026-10-05T01:56:14.201168Z,KXGOLD15M-26OCT042200-00,0.9920,33.75,no
2026-10-05T01:56:14.201168Z,KXGOLD15M-26OCT042200-00,0.9900,89.94,no
2026-10-05T01:56:14.201168Z,KXGOLD15M-26OCT042200-00,0.9920,8.00,no
2026-10-05T01:56:15.057972Z,KXGOLD15M-26OCT042200-00,0.9930,4.98,no
2026-10-05T01:56:15.513878Z,KXGOLD15M-26OCT042200-00,0.9930,261.80,no
2026-10-05T01:56:15.58188Z,KXGOLD15M-26OCT042200-00,0.9940,0.28,yes
2026-10-05T01:56:15.601152Z,KXGOLD15M-26OCT042200-00,0.9930,65.45,no
2026-10-05T01:56:15.711055Z,KXGOLD15M-26OCT042200-00,0.9930,1335.72,no
2026-10-05T01:56:15.809215Z,KXGOLD15M-26OCT042200-00,0.9930,53.45,no
2026-10-05T01:56:15.809215Z,KXGOLD15M-26OCT042200-00,0.9930,12.00,no
2026-10-05T01:56:15.868928Z,KXGOLD15M-26OCT042200-00,0.9930,65.45,no
2026-10-05T01:56:16.092129Z,KXGOLD15M-26OCT042200-00,0.9940,4.72,yes
2026-10-05T01:56:16.092129Z,KXGOLD15M-26OCT042200-00,0.9940,10.36,yes
2026-10-05T01:56:16.882997Z,KXGOLD15M-26OCT042200-00,0.9940,4.58,no
2026-10-05T01:56:17.235169Z,KXGOLD15M-26OCT042200-00,0.9940,57.00,no
2026-10-05T01:56:18.802657Z,KXGOLD15M-26OCT042200-00,0.9940,152.71,no
2026-10-05T01:56:18.812742Z,KXGOLD15M-26OCT042200-00,0.9950,2.00,yes
2026-10-05T01:56:19.449691Z,KXGOLD15M-26OCT042200-00,0.9940,3.26,no
2026-10-05T01:56:19.535636Z,KXGOLD15M-26OCT042200-00,0.9940,152.71,no
2026-10-05T01:56:20.270783Z,KXGOLD15M-26OCT042200-00,0.9930,10.00,no
2026-10-05T01:56:20.270783Z,KXGOLD15M-26OCT042200-00,0.9940,1129.74,no
2026-10-05T01:56:20.270783Z,KXGOLD15M-26OCT042200-00,0.9940,2.00,no
2026-10-05T01:56:20.270783Z,KXGOLD15M-26OCT042200-00,0.9930,27.09,no
2026-10-05T01:56:20.298713Z,KXGOLD15M-26OCT042200-00,0.9950,1.04,yes
2026-10-05T01:56:20.351351Z,KXGOLD15M-26OCT042200-00,0.9950,14.25,yes
2026-10-05T01:56:20.705819Z,KXGOLD15M-26OCT042200-00,0.9940,76.87,no
2026-10-05T01:56:20.705819Z,KXGOLD15M-26OCT042200-00,0.9940,1.04,no
2026-10-05T01:56:20.772437Z,KXGOLD15M-26OCT042200-00,0.9940,152.71,no
2026-10-05T01:56:20.968925Z,KXGOLD15M-26OCT042200-00,0.9950,562.25,yes
2026-10-05T01:56:21.713916Z,KXGOLD15M-26OCT042200-00,0.9940,763.54,no
2026-10-05T01:56:21.748552Z,KXGOLD15M-26OCT042200-00,0.9940,10.14,no
2026-10-05T01:56:22.091585Z,KXGOLD15M-26OCT042200-00,0.9940,107.75,no
2026-10-05T01:56:22.091585Z,KXGOLD15M-26OCT042200-00,0.9940,14.25,no
2026-10-05T01:56:22.233558Z,KXGOLD15M-26OCT042200-00,0.9940,149.59,no
2026-10-05T01:56:23.091256Z,KXGOLD15M-26OCT042200-00,0.9940,152.71,no
2026-10-05T01:56:23.704664Z,KXGOLD15M-26OCT042200-00,0.9950,5.46,yes
2026-10-05T01:56:24.680992Z,KXGOLD15M-26OCT042200-00,0.9950,10.04,yes
2026-10-05T01:56:24.718633Z,KXGOLD15M-26OCT042200-00,0.9950,20.09,yes
2026-10-05T01:56:24.798843Z,KXGOLD15M-26OCT042200-00,0.9940,152.20,no
2026-10-05T01:56:24.798843Z,KXGOLD15M-26OCT042200-00,0.9940,1406.04,no
2026-10-05T01:56:25.956468Z,KXGOLD15M-26OCT042200-00,0.9950,7.49,yes
2026-10-05T01:56:25.956468Z,KXGOLD15M-26OCT042200-00,0.9950,40.00,yes
2026-10-05T01:56:25.956468Z,KXGOLD15M-26OCT042200-00,0.9950,131.91,yes
2026-10-05T01:56:26.327056Z,KXGOLD15M-26OCT042200-00,0.9940,1579.41,no
2026-10-05T01:56:26.327056Z,KXGOLD15M-26OCT042200-00,0.9940,1500.00,no
2026-10-05T01:56:26.327056Z,KXGOLD15M-26OCT042200-00,0.9940,5.46,no
2026-10-05T01:56:26.327056Z,KXGOLD15M-26OCT042200-00,0.9940,20.09,no
2026-10-05T01:56:26.327056Z,KXGOLD15M-26OCT042200-00,0.9940,10.04,no
2026-10-05T01:56:26.954777Z,KXGOLD15M-26OCT042200-00,0.9950,2.00,yes
2026-10-05T01:56:27.004004Z,KXGOLD15M-26OCT042200-00,0.9950,149.69,yes
2026-10-05T01:56:27.338414Z,KXGOLD15M-26OCT042200-00,0.9940,77.91,no
2026-10-05T01:56:27.634566Z,KXGOLD15M-26OCT042200-00,0.9940,106.89,no
2026-10-05T01:56:28.080803Z,KXGOLD15M-26OCT042200-00,0.9950,5.02,yes
2026-10-05T01:56:28.211592Z,KXGOLD15M-26OCT042200-00,0.9940,15.58,no
2026-10-05T01:56:28.214431Z,KXGOLD15M-26OCT042200-00,0.9950,279.80,yes
2026-10-05T01:56:28.214431Z,KXGOLD15M-26OCT042200-00,0.9950,222.53,yes
2026-10-05T01:56:28.681031Z,KXGOLD15M-26OCT042200-00,0.9940,70.00,no
2026-10-05T01:56:28.752448Z,KXGOLD15M-26OCT042200-00,0.9940,45.00,no
2026-10-05T01:56:29.14176Z,KXGOLD15M-26OCT042200-00,0.9950,1277.47,yes
2026-10-05T01:56:29.14176Z,KXGOLD15M-26OCT042200-00,0.9960,81.86,yes
2026-10-05T01:56:29.415828Z,KXGOLD15M-26OCT042200-00,0.9960,33.46,yes
2026-10-05T01:56:30.342968Z,KXGOLD15M-26OCT042200-00,0.9960,20.34,yes
2026-10-05T01:56:30.689368Z,KXGOLD15M-26OCT042200-00,0.9950,916.19,no
2026-10-05T01:56:30.832371Z,KXGOLD15M-26OCT042200-00,0.9950,186.97,no
2026-10-05T01:56:30.854628Z,KXGOLD15M-26OCT042200-00,0.9960,95.97,yes
2026-10-05T01:56:30.866966Z,KXGOLD15M-26OCT042200-00,0.9950,91.62,no
2026-10-05T01:56:31.242229Z,KXGOLD15M-26OCT042200-00,0.9950,373.95,no
2026-10-05T01:56:31.294774Z,KXGOLD15M-26OCT042200-00,0.9950,186.97,no
2026-10-05T01:56:32.069252Z,KXGOLD15M-26OCT042200-00,0.9950,644.00,no
2026-10-05T01:56:32.200138Z,KXGOLD15M-26OCT042200-00,0.9950,9.16,no
2026-10-05T01:56:32.730044Z,KXGOLD15M-26OCT042200-00,0.9960,2.00,yes
2026-10-05T01:56:32.789548Z,KXGOLD15M-26OCT042200-00,0.9950,10.00,no
2026-10-05T01:56:32.941003Z,KXGOLD15M-26OCT042200-00,0.9960,3.32,yes
2026-10-05T01:56:33.065236Z,KXGOLD15M-26OCT042200-00,0.9950,916.19,no
2026-10-05T01:56:33.460479Z,KXGOLD15M-26OCT042200-00,0.9960,1500.00,yes
2026-10-05T01:56:33.460479Z,KXGOLD15M-26OCT042200-00,0.9960,555.00,yes
2026-10-05T01:56:33.460479Z,KXGOLD15M-26OCT042200-00,0.9960,5.00,yes
2026-10-05T01:56:33.460479Z,KXGOLD15M-26OCT042200-00,0.9960,80.00,yes
2026-10-05T01:56:33.460479Z,KXGOLD15M-26OCT042200-00,0.9970,1250.00,yes
2026-10-05T01:56:33.460479Z,KXGOLD15M-26OCT042200-00,0.9960,763.05,yes
2026-10-05T01:56:33.460479Z,KXGOLD15M-26OCT042200-00,0.9970,1268.77,yes
2026-10-05T01:56:33.735538Z,KXGOLD15M-26OCT042200-00,0.9960,951.84,no
2026-10-05T01:56:33.795266Z,KXGOLD15M-26OCT042200-00,0.9970,2.94,yes
2026-10-05T01:56:34.954349Z,KXGOLD15M-26OCT042200-00,0.9960,229.04,no
2026-10-05T01:56:35.277522Z,KXGOLD15M-26OCT042200-00,0.9960,53.77,no
2026-10-05T01:56:35.280906Z,KXGOLD15M-26OCT042200-00,0.9960,458.07,no
2026-10-05T01:56:36.41913Z,KXGOLD15M-26OCT042200-00,0.9960,1077.28,no
2026-10-05T01:56:36.41913Z,KXGOLD15M-26OCT042200-00,0.9960,67.88,no
2026-10-05T01:56:36.728696Z,KXGOLD15M-26OCT042200-00,0.9960,3.04,no
2026-10-05T01:56:36.983547Z,KXGOLD15M-26OCT042200-00,0.9960,6.16,no
2026-10-05T01:56:37.104418Z,KXGOLD15M-26OCT042200-00,0.9960,502.33,no
2026-10-05T01:56:37.321915Z,KXGOLD15M-26OCT042200-00,0.9970,10.02,yes
2026-10-05T01:56:37.345479Z,KXGOLD15M-26OCT042200-00,0.9960,4.67,no
2026-10-05T01:56:37.821521Z,KXGOLD15M-26OCT042200-00,0.9970,171.69,yes
2026-10-05T01:56:38.293917Z,KXGOLD15M-26OCT042200-00,0.9960,29.76,no
2026-10-05T01:56:38.484073Z,KXGOLD15M-26OCT042200-00,0.9960,46.74,no
2026-10-05T01:56:38.672853Z,KXGOLD15M-26OCT042200-00,0.9950,33.46,no
2026-10-05T01:56:38.672853Z,KXGOLD15M-26OCT042200-00,0.9950,81.86,no
2026-10-05T01:56:38.672853Z,KXGOLD15M-26OCT042200-00,0.9950,95.97,no
2026-10-05T01:56:38.672853Z,KXGOLD15M-26OCT042200-00,0.9950,20.34,no
2026-10-05T01:56:38.672853Z,KXGOLD15M-26OCT042200-00,0.9960,839.42,no
2026-10-05T01:56:38.672853Z,KXGOLD15M-26OCT042200-00,0.9950,19.12,no
2026-10-05T01:56:38.672853Z,KXGOLD15M-26OCT042200-00,0.9950,2.00,no
2026-10-05T01:56:38.672853Z,KXGOLD15M-26OCT042200-00,0.9950,3.32,no
2026-10-05T01:56:39.227944Z,KXGOLD15M-26OCT042200-00,0.9960,229.04,no
2026-10-05T01:56:40.489801Z,KXGOLD15M-26OCT042200-00,0.9960,23.37,no
2026-10-05T01:56:41.020046Z,KXGOLD15M-26OCT042200-00,0.9950,52.35,no
2026-10-05T01:56:41.020046Z,KXGOLD15M-26OCT042200-00,0.9960,16.63,no
2026-10-05T01:56:42.063749Z,KXGOLD15M-26OCT042200-00,0.9960,186.97,no
2026-10-05T01:56:42.147738Z,KXGOLD15M-26OCT042200-00,0.9960,5.02,no
2026-10-05T01:56:42.173191Z,KXGOLD15M-26OCT042200-00,0.9960,17.08,no
2026-10-05T01:56:42.465372Z,KXGOLD15M-26OCT042200-00,0.9960,46.74,no
2026-10-05T01:56:42.781958Z,KXGOLD15M-26OCT042200-00,0.9960,229.04,no
2026-10-05T01:56:43.088788Z,KXGOLD15M-26OCT042200-00,0.9960,75.95,no
2026-10-05T01:56:43.405279Z,KXGOLD15M-26OCT042200-00,0.9960,57.27,no
2026-10-05T01:56:43.677079Z,KXGOLD15M-26OCT042200-00,0.9960,458.07,no
2026-10-05T01:56:44.236843Z,KXGOLD15M-26OCT042200-00,0.9960,375.00,no
2026-10-05T01:56:44.811975Z,KXGOLD15M-26OCT042200-00,0.9960,0.25,no
2026-10-05T01:56:45.041064Z,KXGOLD15M-26OCT042200-00,0.9970,871.81,yes
2026-10-05T01:56:45.061785Z,KXGOLD15M-26OCT042200-00,0.9960,257.68,no
2026-10-05T01:56:45.061785Z,KXGOLD15M-26OCT042200-00,0.9950,353.64,no
2026-10-05T01:56:45.21619Z,KXGOLD15M-26OCT042200-00,0.9970,375.01,yes
2026-10-05T01:56:45.607185Z,KXGOLD15M-26OCT042200-00,0.9970,705.83,yes
2026-10-05T01:56:45.607185Z,KXGOLD15M-26OCT042200-00,0.9970,1299.76,yes
2026-10-05T01:56:46.333209Z,KXGOLD15M-26OCT042200-00,0.9960,57.27,no
2026-10-05T01:56:46.760513Z,KXGOLD15M-26OCT042200-00,0.9970,6.52,yes
2026-10-05T01:56:46.760513Z,KXGOLD15M-26OCT042200-00,0.9970,44.17,yes
2026-10-05T01:56:47.216139Z,KXGOLD15M-26OCT042200-00,0.9960,2.24,no
2026-10-05T01:56:47.33139Z,KXGOLD15M-26OCT042200-00,0.9960,229.04,no
2026-10-05T01:56:47.581621Z,KXGOLD15M-26OCT042200-00,0.9970,6.51,yes
2026-10-05T01:56:47.581621Z,KXGOLD15M-26OCT042200-00,0.9970,3.48,yes
2026-10-05T01:56:47.791261Z,KXGOLD15M-26OCT042200-00,0.9960,1145.16,no
2026-10-05T01:56:47.944806Z,KXGOLD15M-26OCT042200-00,0.9960,78.00,no
2026-10-05T01:56:47.944806Z,KXGOLD15M-26OCT042200-00,0.9960,66.29,no
2026-10-05T01:56:48.330953Z,KXGOLD15M-26OCT042200-00,0.9960,23.37,no
2026-10-05T01:56:48.863858Z,KXGOLD15M-26OCT042200-00,0.9960,229.04,no
2026-10-05T01:56:48.950114Z,KXGOLD15M-26OCT042200-00,0.9970,750.00,yes
2026-10-05T01:56:48.950114Z,KXGOLD15M-26OCT042200-00,0.9970,58.49,yes
2026-10-05T01:56:48.950114Z,KXGOLD15M-26OCT042200-00,0.9970,250.00,yes
2026-10-05T01:56:48.950114Z,KXGOLD15M-26OCT042200-00,0.9970,81.00,yes
2026-10-05T01:56:48.950114Z,KXGOLD15M-26OCT042200-00,0.9970,5.00,yes
2026-10-05T01:56:48.975879Z,KXGOLD15M-26OCT042200-00,0.9970,620.26,no
2026-10-05T01:56:48.975879Z,KXGOLD15M-26OCT042200-00,0.9970,9.99,no
2026-10-05T01:56:49.138347Z,KXGOLD15M-26OCT042200-00,0.9970,21.00,no
2026-10-05T01:56:49.309627Z,KXGOLD15M-26OCT042200-00,0.9970,729.00,no
2026-10-05T01:56:49.309627Z,KXGOLD15M-26OCT042200-00,0.9970,523.24,no
2026-10-05T01:56:49.309627Z,KXGOLD15M-26OCT042200-00,0.9970,150.00,no
2026-10-05T01:56:50.33864Z,KXGOLD15M-26OCT042200-00,0.9970,43.00,yes
2026-10-05T01:56:50.33864Z,KXGOLD15M-26OCT042200-00,0.9970,32.69,yes
2026-10-05T01:56:50.402836Z,KXGOLD15M-26OCT042200-00,0.9960,375.42,no
2026-10-05T01:56:50.402836Z,KXGOLD15M-26OCT042200-00,0.9960,44.17,no
2026-10-05T01:56:50.402836Z,KXGOLD15M-26OCT042200-00,0.9960,685.57,no
2026-10-05T01:56:50.402836Z,KXGOLD15M-26OCT042200-00,0.9960,40.00,no
2026-10-05T01:56:50.473464Z,KXGOLD15M-26OCT042200-00,0.9970,0.62,yes
2026-10-05T01:56:50.777132Z,KXGOLD15M-26OCT042200-00,0.9960,116.87,no
2026-10-05T01:56:50.844029Z,KXGOLD15M-26OCT042200-00,0.9970,5.01,yes
2026-10-05T01:56:51.645504Z,KXGOLD15M-26OCT042200-00,0.9930,60.00,no
2026-10-05T01:56:51.645504Z,KXGOLD15M-26OCT042200-00,0.9950,1056.46,no
2026-10-05T01:56:51.645504Z,KXGOLD15M-26OCT042200-00,0.9950,1299.76,no
2026-10-05T01:56:51.645504Z,KXGOLD15M-26OCT042200-00,0.9950,375.01,no
2026-10-05T01:56:51.645504Z,KXGOLD15M-26OCT042200-00,0.9950,1001.21,no
2026-10-05T01:56:51.645504Z,KXGOLD15M-26OCT042200-00,0.9910,10.00,no
2026-10-05T01:56:51.645504Z,KXGOLD15M-26OCT042200-00,0.9860,477.33,no
2026-10-05T01:56:51.645504Z,KXGOLD15M-26OCT042200-00,0.9920,50.00,no
2026-10-05T01:56:51.645504Z,KXGOLD15M-26OCT042200-00,0.9920,50.00,no
2026-10-05T01:56:51.645504Z,KXGOLD15M-26OCT042200-00,0.9960,697.56,no
2026-10-05T01:56:51.645504Z,KXGOLD15M-26OCT042200-00,0.9960,9.38,no
2026-10-05T01:56:51.645504Z,KXGOLD15M-26OCT042200-00,0.9950,75.00,no
2026-10-05T01:56:51.645504Z,KXGOLD15M-26OCT042200-00,0.9860,60.00,no
2026-10-05T01:56:51.645504Z,KXGOLD15M-26OCT042200-00,0.9960,100.00,no
2026-10-05T01:56:51.645504Z,KXGOLD15M-26OCT042200-00,0.9940,131.91,no
2026-10-05T01:56:51.645504Z,KXGOLD15M-26OCT042200-00,0.9950,1250.00,no
2026-10-05T01:56:51.645504Z,KXGOLD15M-26OCT042200-00,0.9950,763.05,no
2026-10-05T01:56:51.645504Z,KXGOLD15M-26OCT042200-00,0.9950,843.66,no
2026-10-05T01:56:51.645504Z,KXGOLD15M-26OCT042200-00,0.9890,40.00,no
2026-10-05T01:56:51.645504Z,KXGOLD15M-26OCT042200-00,0.9940,12.00,no
2026-10-05T01:56:51.738832Z,KXGOLD15M-26OCT042200-00,0.9970,4.31,yes
2026-10-05T01:56:52.197834Z,KXGOLD15M-26OCT042200-00,0.9970,0.20,yes
2026-10-05T01:56:52.744351Z,KXGOLD15M-26OCT042200-00,0.9960,8.00,no
2026-10-05T01:56:53.793642Z,KXGOLD15M-26OCT042200-00,0.9970,13.80,yes
2026-10-05T01:56:54.138137Z,KXGOLD15M-26OCT042200-00,0.9950,30.00,no
2026-10-05T01:56:54.138137Z,KXGOLD15M-26OCT042200-00,0.9950,60.00,no
2026-10-05T01:56:54.138137Z,KXGOLD15M-26OCT042200-00,0.9920,50.00,no
2026-10-05T01:56:54.138137Z,KXGOLD15M-26OCT042200-00,0.9950,0.43,no
2026-10-05T01:56:54.138137Z,KXGOLD15M-26OCT042200-00,0.9950,60.00,no
2026-10-05T01:56:54.138137Z,KXGOLD15M-26OCT042200-00,0.9960,1.75,no
2026-10-05T01:56:54.138137Z,KXGOLD15M-26OCT042200-00,0.9950,30.00,no
2026-10-05T01:56:54.138137Z,KXGOLD15M-26OCT042200-00,0.9950,0.43,no
2026-10-05T01:56:54.138137Z,KXGOLD15M-26OCT042200-00,0.9960,1492.00,no
2026-10-05T01:56:54.138137Z,KXGOLD15M-26OCT042200-00,0.9960,1.75,no
2026-10-05T01:56:54.138137Z,KXGOLD15M-26OCT042200-00,0.9960,1.75,no
2026-10-05T01:56:54.138137Z,KXGOLD15M-26OCT042200-00,0.9960,100.00,no
2026-10-05T01:56:54.138137Z,KXGOLD15M-26OCT042200-00,0.9940,15.00,no
2026-10-05T01:56:54.138137Z,KXGOLD15M-26OCT042200-00,0.9890,8.69,no
2026-10-05T01:56:54.760658Z,KXGOLD15M-26OCT042200-00,0.9960,20.41,no
2026-10-05T01:56:54.809556Z,KXGOLD15M-26OCT042200-00,0.9960,186.97,no
2026-10-05T01:56:56.966998Z,KXGOLD15M-26OCT042200-00,0.9960,0.18,no
2026-10-05T01:56:57.028811Z,KXGOLD15M-26OCT042200-00,0.9970,240.49,yes
2026-10-05T01:56:57.028811Z,KXGOLD15M-26OCT042200-00,0.9970,5.00,yes
2026-10-05T01:56:57.028811Z,KXGOLD15M-26OCT042200-00,0.9970,24.37,yes
2026-10-05T01:56:57.028811Z,KXGOLD15M-26OCT042200-00,0.9970,4.31,yes
2026-10-05T01:56:57.028811Z,KXGOLD15M-26OCT042200-00,0.9970,34.00,yes
2026-10-05T01:56:57.028811Z,KXGOLD15M-26OCT042200-00,0.9970,32.69,yes
2026-10-05T01:56:57.028811Z,KXGOLD15M-26OCT042200-00,0.9970,0.62,yes
2026-10-05T01:56:57.028811Z,KXGOLD15M-26OCT042200-00,0.9970,5.01,yes
2026-10-05T01:56:57.028811Z,KXGOLD15M-26OCT042200-00,0.9970,13.80,yes
2026-10-05T01:56:57.028811Z,KXGOLD15M-26OCT042200-00,0.9970,0.20,yes
2026-10-05T01:56:57.028811Z,KXGOLD15M-26OCT042200-00,0.9970,43.82,yes
2026-10-05T01:56:57.116998Z,KXGOLD15M-26OCT042200-00,0.9970,39.00,yes
2026-10-05T01:56:58.788472Z,KXGOLD15M-26OCT042200-00,0.9960,458.07,no
2026-10-05T01:56:58.989994Z,KXGOLD15M-26OCT042200-00,0.9970,24.56,yes
2026-10-05T01:56:59.830015Z,KXGOLD15M-26OCT042200-00,0.9960,46.74,no
2026-10-05T01:56:59.973017Z,KXGOLD15M-26OCT042200-00,0.9960,105.36,no
2026-10-05T01:57:02.529527Z,KXGOLD15M-26OCT042200-00,0.9960,114.53,no
2026-10-05T01:57:03.222156Z,KXGOLD15M-26OCT042200-00,0.9960,458.07,no
2026-10-05T01:57:03.825944Z,KXGOLD15M-26OCT042200-00,0.9960,5.01,no
2026-10-05T01:57:03.974047Z,KXGOLD15M-26OCT042200-00,0.9970,5.01,yes
2026-10-05T01:57:04.229732Z,KXGOLD15M-26OCT042200-00,0.9970,68.19,yes
2026-10-05T01:57:04.444348Z,KXGOLD15M-26OCT042200-00,0.9970,0.50,yes
2026-10-05T01:57:04.485528Z,KXGOLD15M-26OCT042200-00,0.9960,57.27,no
2026-10-05T01:57:04.51835Z,KXGOLD15M-26OCT042200-00,0.9960,2.96,no
2026-10-05T01:57:04.842818Z,KXGOLD15M-26OCT042200-00,0.9970,382.68,yes
2026-10-05T01:57:04.910026Z,KXGOLD15M-26OCT042200-00,0.9970,76.80,yes
2026-10-05T01:57:05.104515Z,KXGOLD15M-26OCT042200-00,0.9970,49.20,yes
2026-10-05T01:57:05.458515Z,KXGOLD15M-26OCT042200-00,0.9960,20.58,no
2026-10-05T01:57:05.458515Z,KXGOLD15M-26OCT042200-00,0.9960,20.58,no
2026-10-05T01:57:05.458515Z,KXGOLD15M-26OCT042200-00,0.9960,1.07,no
2026-10-05T01:57:05.458515Z,KXGOLD15M-26OCT042200-00,0.9960,20.58,no
2026-10-05T01:57:05.458515Z,KXGOLD15M-26OCT042200-00,0.9960,3.50,no
2026-10-05T01:57:05.458515Z,KXGOLD15M-26OCT042200-00,0.9960,44.43,no
2026-10-05T01:57:05.458515Z,KXGOLD15M-26OCT042200-00,0.9960,0.29,no
2026-10-05T01:57:05.458515Z,KXGOLD15M-26OCT042200-00,0.9960,1.75,no
2026-10-05T01:57:05.458515Z,KXGOLD15M-26OCT042200-00,0.9960,1.75,no
2026-10-05T01:57:05.602539Z,KXGOLD15M-26OCT042200-00,0.9970,1.00,yes
2026-10-05T01:57:05.861811Z,KXGOLD15M-26OCT042200-00,0.9960,46.74,no
2026-10-05T01:57:06.062108Z,KXGOLD15M-26OCT042200-00,0.9970,1.00,yes
2026-10-05T01:57:06.439102Z,KXGOLD15M-26OCT042200-00,0.9960,48.51,no
2026-10-05T01:57:06.439102Z,KXGOLD15M-26OCT042200-00,0.9960,180.53,no
2026-10-05T01:57:07.104089Z,KXGOLD15M-26OCT042200-00,0.9960,229.04,no
2026-10-05T01:57:07.752986Z,KXGOLD15M-26OCT042200-00,0.9960,37.39,no
2026-10-05T01:57:08.135061Z,KXGOLD15M-26OCT042200-00,0.9970,5.55,yes
2026-10-05T01:57:08.523196Z,KXGOLD15M-26OCT042200-00,0.9960,161.27,no
2026-10-05T01:57:08.548888Z,KXGOLD15M-26OCT042200-00,0.9960,229.04,no
2026-10-05T01:57:09.021316Z,KXGOLD15M-26OCT042200-00,0.9970,20.05,yes
2026-10-05T01:57:09.136057Z,KXGOLD15M-26OCT042200-00,0.9970,14.52,yes
2026-10-05T01:57:09.647501Z,KXGOLD15M-26OCT042200-00,0.9960,46.74,no
2026-10-05T01:57:10.152202Z,KXGOLD15M-26OCT042200-00,0.9960,229.04,no
2026-10-05T01:57:10.454289Z,KXGOLD15M-26OCT042200-00,0.9970,5.01,yes
2026-10-05T01:57:10.937626Z,KXGOLD15M-26OCT042200-00,0.9960,229.04,no
2026-10-05T01:57:11.739526Z,KXGOLD15M-26OCT042200-00,0.9970,5.01,yes
2026-10-05T01:57:11.77232Z,KXGOLD15M-26OCT042200-00,0.9960,114.53,no
2026-10-05T01:57:13.655404Z,KXGOLD15M-26OCT042200-00,0.9960,18.55,no
2026-10-05T01:57:13.655404Z,KXGOLD15M-26OCT042200-00,0.9960,40.00,no
2026-10-05T01:57:13.655404Z,KXGOLD15M-26OCT042200-00,0.9960,43.38,no
2026-10-05T01:57:13.66466Z,KXGOLD15M-26OCT042200-00,0.9950,563.76,no
2026-10-05T01:57:13.66466Z,KXGOLD15M-26OCT042200-00,0.9950,13.85,no
2026-10-05T01:57:13.66466Z,KXGOLD15M-26OCT042200-00,0.9950,60.00,no
2026-10-05T01:57:13.66466Z,KXGOLD15M-26OCT042200-00,0.9950,30.00,no
2026-10-05T01:57:13.66466Z,KXGOLD15M-26OCT042200-00,0.9950,60.00,no
2026-10-05T01:57:13.66466Z,KXGOLD15M-26OCT042200-00,0.9950,30.00,no
2026-10-05T01:57:13.66466Z,KXGOLD15M-26OCT042200-00,0.9950,0.07,no
2026-10-05T01:57:13.66466Z,KXGOLD15M-26OCT042200-00,0.9950,0.43,no
2026-10-05T01:57:13.66466Z,KXGOLD15M-26OCT042200-00,0.9950,0.43,no
2026-10-05T01:57:13.66466Z,KXGOLD15M-26OCT042200-00,0.9950,0.43,no
2026-10-05T01:57:13.66466Z,KXGOLD15M-26OCT042200-00,0.9950,0.86,no
2026-10-05T01:57:13.961437Z,KXGOLD15M-26OCT042200-00,0.9970,12.58,yes
2026-10-05T01:57:14.70285Z,KXGOLD15M-26OCT042200-00,0.9970,18.05,yes
2026-10-05T01:57:14.862434Z,KXGOLD15M-26OCT042200-00,0.9970,2.00,yes
2026-10-05T01:57:15.349082Z,KXGOLD15M-26OCT042200-00,0.9970,9.40,yes
2026-10-05T01:57:15.973105Z,KXGOLD15M-26OCT042200-00,0.9950,30.00,no
2026-10-05T01:57:15.973105Z,KXGOLD15M-26OCT042200-00,0.9950,1.40,no
2026-10-05T01:57:15.973105Z,KXGOLD15M-26OCT042200-00,0.9960,5.60,no
2026-10-05T01:57:15.973105Z,KXGOLD15M-26OCT042200-00,0.9950,60.00,no
2026-10-05T01:57:15.973105Z,KXGOLD15M-26OCT042200-00,0.9950,60.00,no
2026-10-05T01:57:15.973105Z,KXGOLD15M-26OCT042200-00,0.9950,1.40,no
2026-10-05T01:57:15.973105Z,KXGOLD15M-26OCT042200-00,0.9960,5.60,no
2026-10-05T01:57:15.973105Z,KXGOLD15M-26OCT042200-00,0.9950,30.00,no
2026-10-05T01:57:15.973105Z,KXGOLD15M-26OCT042200-00,0.9950,1.40,no
2026-10-05T01:57:15.973105Z,KXGOLD15M-26OCT042200-00,0.9960,5.60,no
2026-10-05T01:57:15.973105Z,KXGOLD15M-26OCT042200-00,0.9950,1.40,no
2026-10-05T01:57:15.973105Z,KXGOLD15M-26OCT042200-00,0.9960,5.60,no
2026-10-05T01:57:15.973105Z,KXGOLD15M-26OCT042200-00,0.9950,208.77,no
2026-10-05T01:57:15.973105Z,KXGOLD15M-26OCT042200-00,0.9960,1500.00,no
2026-10-05T01:57:15.973105Z,KXGOLD15M-26OCT042200-00,0.9900,40.00,no
2026-10-05T01:57:15.973105Z,KXGOLD15M-26OCT042200-00,0.9860,798.32,no
2026-10-05T01:57:15.973105Z,KXGOLD15M-26OCT042200-00,0.9890,40.00,no
2026-10-05T01:57:15.973105Z,KXGOLD15M-26OCT042200-00,0.9940,17.00,no
2026-10-05T01:57:15.973105Z,KXGOLD15M-26OCT042200-00,0.9870,101.00,no
2026-10-05T01:57:16.550138Z,KXGOLD15M-26OCT042200-00,0.9950,66.82,no
2026-10-05T01:57:16.8323Z,KXGOLD15M-26OCT042200-00,0.9950,18.69,no
2026-10-05T01:57:17.787499Z,KXGOLD15M-26OCT042200-00,0.9960,5.60,no
2026-10-05T01:57:17.787499Z,KXGOLD15M-26OCT042200-00,0.9960,449.35,no
2026-10-05T01:57:17.787499Z,KXGOLD15M-26OCT042200-00,0.9960,11.20,no
2026-10-05T01:57:17.872631Z,KXGOLD15M-26OCT042200-00,0.9960,0.57,no
2026-10-05T01:57:18.324831Z,KXGOLD15M-26OCT042200-00,0.9960,114.53,no
2026-10-05T01:57:18.785738Z,KXGOLD15M-26OCT042200-00,0.9960,20.09,no
2026-10-05T01:57:18.875736Z,KXGOLD15M-26OCT042200-00,0.9970,22.06,yes
2026-10-05T01:57:18.935596Z,KXGOLD15M-26OCT042200-00,0.9960,229.04,no
2026-10-05T01:57:19.273991Z,KXGOLD15M-26OCT042200-00,0.9960,167.20,no
2026-10-05T01:57:20.388871Z,KXGOLD15M-26OCT042200-00,0.9960,18.11,no
2026-10-05T01:57:20.392042Z,KXGOLD15M-26OCT042200-00,0.9960,458.07,no
2026-10-05T01:57:20.406112Z,KXGOLD15M-26OCT042200-00,0.9970,20.05,yes
2026-10-05T01:57:20.997009Z,KXGOLD15M-26OCT042200-00,0.9970,2.00,yes
2026-10-05T01:57:21.351653Z,KXGOLD15M-26OCT042200-00,0.9970,10.02,yes
2026-10-05T01:57:21.637652Z,KXGOLD15M-26OCT042200-00,0.9950,2.80,no
2026-10-05T01:57:21.637652Z,KXGOLD15M-26OCT042200-00,0.9960,43.04,no
2026-10-05T01:57:21.637652Z,KXGOLD15M-26OCT042200-00,0.9950,0.20,no
2026-10-05T01:57:21.637652Z,KXGOLD15M-26OCT042200-00,0.9960,0.83,no
2026-10-05T01:57:21.637652Z,KXGOLD15M-26OCT042200-00,0.9950,1.40,no
2026-10-05T01:57:21.637652Z,KXGOLD15M-26OCT042200-00,0.9950,6.81,no
2026-10-05T01:57:22.054689Z,KXGOLD15M-26OCT042200-00,0.9960,1.01,no
2026-10-05T01:57:23.348681Z,KXGOLD15M-26OCT042200-00,0.9960,229.04,no
2026-10-05T01:57:23.783858Z,KXGOLD15M-26OCT042200-00,0.9960,229.04,no
2026-10-05T01:57:24.344963Z,KXGOLD15M-26OCT042200-00,0.9960,12.32,no
2026-10-05T01:57:25.201489Z,KXGOLD15M-26OCT042200-00,0.9960,229.04,no
2026-10-05T01:57:26.286743Z,KXGOLD15M-26OCT042200-00,0.9960,90.50,no
2026-10-05T01:57:26.495914Z,KXGOLD15M-26OCT042200-00,0.9960,229.04,no
2026-10-05T01:57:26.523259Z,KXGOLD15M-26OCT042200-00,0.9960,229.04,no
2026-10-05T01:57:28.186658Z,KXGOLD15M-26OCT042200-00,0.9950,30.00,no
2026-10-05T01:57:28.186658Z,KXGOLD15M-26OCT042200-00,0.9950,31.61,no
2026-10-05T01:57:28.186658Z,KXGOLD15M-26OCT042200-00,0.9950,30.00,no
2026-10-05T01:57:28.186658Z,KXGOLD15M-26OCT042200-00,0.9960,250.97,no
2026-10-05T01:57:28.186658Z,KXGOLD15M-26OCT042200-00,0.9960,60.00,no
2026-10-05T01:57:28.186658Z,KXGOLD15M-26OCT042200-00,0.9960,40.00,no
2026-10-05T01:57:29.059987Z,KXGOLD15M-26OCT042200-00,0.9970,2.11,yes
2026-10-05T01:57:29.29456Z,KXGOLD15M-26OCT042200-00,0.9950,166.66,no
2026-10-05T01:57:30.729425Z,KXGOLD15M-26OCT042200-00,0.9970,5.01,yes
2026-10-05T01:57:31.06244Z,KXGOLD15M-26OCT042200-00,0.9960,11.45,no
2026-10-05T01:57:31.74283Z,KXGOLD15M-26OCT042200-00,0.9970,861.76,yes
2026-10-05T01:57:32.115302Z,KXGOLD15M-26OCT042200-00,0.9970,5.00,yes
2026-10-05T01:57:33.081662Z,KXGOLD15M-26OCT042200-00,0.9970,60.16,yes
2026-10-05T01:57:34.35316Z,KXGOLD15M-26OCT042200-00,0.9960,114.53,no
2026-10-05T01:57:34.689881Z,KXGOLD15M-26OCT042200-00,0.9960,229.04,no
2026-10-05T01:57:34.898909Z,KXGOLD15M-26OCT042200-00,0.9970,2.00,yes
2026-10-05T01:57:35.677614Z,KXGOLD15M-26OCT042200-00,0.9960,73.29,no
2026-10-05T01:57:36.927471Z,KXGOLD15M-26OCT042200-00,0.9960,229.04,no
2026-10-05T01:57:37.080053Z,KXGOLD15M-26OCT042200-00,0.9960,641.30,no
2026-10-05T01:57:38.698258Z,KXGOLD15M-26OCT042200-00,0.9960,7.00,no
2026-10-05T01:57:38.784492Z,KXGOLD15M-26OCT042200-00,0.9960,60.00,no
2026-10-05T01:57:38.784492Z,KXGOLD15M-26OCT042200-00,0.9960,30.00,no
2026-10-05T01:57:38.784492Z,KXGOLD15M-26OCT042200-00,0.9960,60.00,no
2026-10-05T01:57:38.784492Z,KXGOLD15M-26OCT042200-00,0.9960,205.80,no
2026-10-05T01:57:38.784492Z,KXGOLD15M-26OCT042200-00,0.9950,594.11,no
2026-10-05T01:57:38.784492Z,KXGOLD15M-26OCT042200-00,0.9960,30.00,no
2026-10-05T01:57:38.784492Z,KXGOLD15M-26OCT042200-00,0.9960,40.00,no
2026-10-05T01:57:38.803942Z,KXGOLD15M-26OCT042200-00,0.9970,90.95,yes
2026-10-05T01:57:39.192001Z,KXGOLD15M-26OCT042200-00,0.9960,229.04,no
2026-10-05T01:57:40.494695Z,KXGOLD15M-26OCT042200-00,0.9960,31.41,no
2026-10-05T01:57:40.654038Z,KXGOLD15M-26OCT042200-00,0.9960,4.06,no
2026-10-05T01:57:41.838107Z,KXGOLD15M-26OCT042200-00,0.9960,229.04,no
2026-10-05T01:57:44.162401Z,KXGOLD15M-26OCT042200-00,0.9970,200.55,yes
2026-10-05T01:57:44.444895Z,KXGOLD15M-26OCT042200-00,0.9970,39.00,yes
2026-10-05T01:57:44.951303Z,KXGOLD15M-26OCT042200-00,0.9960,212.67,no
2026-10-05T01:57:45.131497Z,KXGOLD15M-26OCT042200-00,0.9970,500.00,yes
2026-10-05T01:57:45.16586Z,KXGOLD15M-26OCT042200-00,0.9970,200.00,yes
2026-10-05T01:57:45.178721Z,KXGOLD15M-26OCT042200-00,0.9970,200.00,yes
2026-10-05T01:57:45.192737Z,KXGOLD15M-26OCT042200-00,0.9970,200.00,yes
2026-10-05T01:57:45.407674Z,KXGOLD15M-26OCT042200-00,0.9970,200.00,yes
2026-10-05T01:57:45.422073Z,KXGOLD15M-26OCT042200-00,0.9970,164.00,yes
2026-10-05T01:57:46.198017Z,KXGOLD15M-26OCT042200-00,0.9970,35.36,yes
2026-10-05T01:57:47.962817Z,KXGOLD15M-26OCT042200-00,0.9960,112.19,no
2026-10-05T01:57:48.033474Z,KXGOLD15M-26OCT042200-00,0.9970,49.18,yes
2026-10-05T01:57:48.415014Z,KXGOLD15M-26OCT042200-00,0.9970,37.30,yes
2026-10-05T01:57:48.8205Z,KXGOLD15M-26OCT042200-00,0.9960,458.07,no
2026-10-05T01:57:49.723445Z,KXGOLD15M-26OCT042200-00,0.9970,23.96,yes
2026-10-05T01:57:49.7399Z,KXGOLD15M-26OCT042200-00,0.9970,45.80,yes
2026-10-05T01:57:49.777889Z,KXGOLD15M-26OCT042200-00,0.9970,239.80,yes
2026-10-05T01:57:49.777889Z,KXGOLD15M-26OCT042200-00,0.9970,142.59,yes
2026-10-05T01:57:49.777889Z,KXGOLD15M-26OCT042200-00,0.9970,81.00,yes
2026-10-05T01:57:49.777889Z,KXGOLD15M-26OCT042200-00,0.9970,5.00,yes
2026-10-05T01:57:49.777889Z,KXGOLD15M-26OCT042200-00,0.9970,33.00,yes
2026-10-05T01:57:50.199964Z,KXGOLD15M-26OCT042200-00,0.9960,5.52,no
2026-10-05T01:57:50.199964Z,KXGOLD15M-26OCT042200-00,0.9960,223.52,no
2026-10-05T01:57:50.903655Z,KXGOLD15M-26OCT042200-00,0.9970,12.62,yes
2026-10-05T01:57:50.903655Z,KXGOLD15M-26OCT042200-00,0.9970,81.00,yes
2026-10-05T01:57:50.903655Z,KXGOLD15M-26OCT042200-00,0.9970,5.00,yes
2026-10-05T01:57:51.168866Z,KXGOLD15M-26OCT042200-00,0.9970,7.42,yes
2026-10-05T01:57:51.194044Z,KXGOLD15M-26OCT042200-00,0.9960,1500.00,no
2026-10-05T01:57:51.194044Z,KXGOLD15M-26OCT042200-00,0.9960,40.00,no
2026-10-05T01:57:51.194044Z,KXGOLD15M-26OCT042200-00,0.9950,160.35,no
2026-10-05T01:57:51.194044Z,KXGOLD15M-26OCT042200-00,0.9960,30.00,no
2026-10-05T01:57:51.194044Z,KXGOLD15M-26OCT042200-00,0.9960,30.00,no
2026-10-05T01:57:51.194044Z,KXGOLD15M-26OCT042200-00,0.9960,60.00,no
2026-10-05T01:57:51.194044Z,KXGOLD15M-26OCT042200-00,0.9960,100.00,no
2026-10-05T01:57:51.353845Z,KXGOLD15M-26OCT042200-00,0.9960,1.04,no
2026-10-05T01:57:51.353845Z,KXGOLD15M-26OCT042200-00,0.9960,1144.12,no
2026-10-05T01:57:51.422549Z,KXGOLD15M-26OCT042200-00,0.9970,87.37,yes
2026-10-05T01:57:51.422549Z,KXGOLD15M-26OCT042200-00,0.9970,81.00,yes
2026-10-05T01:57:51.422549Z,KXGOLD15M-26OCT042200-00,0.9970,5.00,yes
2026-10-05T01:57:51.422549Z,KXGOLD15M-26OCT042200-00,0.9980,88.43,yes
2026-10-05T01:57:51.44597Z,KXGOLD15M-26OCT042200-00,0.9980,16.00,yes
2026-10-05T01:57:51.810295Z,KXGOLD15M-26OCT042200-00,0.9980,3.00,yes
2026-10-05T01:57:52.643295Z,KXGOLD15M-26OCT042200-00,0.9980,335.12,yes
2026-10-05T01:57:53.044785Z,KXGOLD15M-26OCT042200-00,0.9980,500.93,yes
2026-10-05T01:57:53.806137Z,KXGOLD15M-26OCT042200-00,0.9970,30.00,no
2026-10-05T01:57:53.806137Z,KXGOLD15M-26OCT042200-00,0.9970,60.00,no
2026-10-05T01:57:53.806137Z,KXGOLD15M-26OCT042200-00,0.9970,13.84,no
2026-10-05T01:57:54.092079Z,KXGOLD15M-26OCT042200-00,0.9970,56.63,no
2026-10-05T01:57:54.092079Z,KXGOLD15M-26OCT042200-00,0.9970,4.45,no
2026-10-05T01:57:54.212491Z,KXGOLD15M-26OCT042200-00,0.9980,1.00,yes
2026-10-05T01:57:54.250742Z,KXGOLD15M-26OCT042200-00,0.9980,25.24,yes
2026-10-05T01:57:55.082441Z,KXGOLD15M-26OCT042200-00,0.9980,1.00,yes
2026-10-05T01:57:55.629953Z,KXGOLD15M-26OCT042200-00,0.9960,60.00,no
2026-10-05T01:57:55.629953Z,KXGOLD15M-26OCT042200-00,0.9960,66.49,no
2026-10-05T01:57:55.629953Z,KXGOLD15M-26OCT042200-00,0.9960,1.05,no
2026-10-05T01:57:55.629953Z,KXGOLD15M-26OCT042200-00,0.9950,84.13,no
2026-10-05T01:57:56.72967Z,KXGOLD15M-26OCT042200-00,0.9960,100.00,no
2026-10-05T01:57:56.72967Z,KXGOLD15M-26OCT042200-00,0.9960,36.88,no
2026-10-05T01:57:56.72967Z,KXGOLD15M-26OCT042200-00,0.9970,6.31,no
2026-10-05T01:57:56.72967Z,KXGOLD15M-26OCT042200-00,0.9970,0.21,no
2026-10-05T01:57:56.72967Z,KXGOLD15M-26OCT042200-00,0.9970,5.06,no
2026-10-05T01:57:56.72967Z,KXGOLD15M-26OCT042200-00,0.9970,30.00,no
2026-10-05T01:57:56.72967Z,KXGOLD15M-26OCT042200-00,0.9970,0.74,no
2026-10-05T01:57:56.72967Z,KXGOLD15M-26OCT042200-00,0.9970,30.00,no
2026-10-05T01:57:56.72967Z,KXGOLD15M-26OCT042200-00,0.9970,60.00,no
2026-10-05T01:57:56.72967Z,KXGOLD15M-26OCT042200-00,0.9950,95.82,no
2026-10-05T01:57:56.72967Z,KXGOLD15M-26OCT042200-00,0.9950,84.84,no
2026-10-05T01:57:57.226781Z,KXGOLD15M-26OCT042200-00,0.9950,186.97,no
2026-10-05T01:57:57.56848Z,KXGOLD15M-26OCT042200-00,0.9950,100.12,no
2026-10-05T01:57:57.56848Z,KXGOLD15M-26OCT042200-00,0.9950,86.85,no
2026-10-05T01:57:58.090324Z,KXGOLD15M-26OCT042200-00,0.9960,0.04,no
2026-10-05T01:57:58.090324Z,KXGOLD15M-26OCT042200-00,0.9960,60.00,no
2026-10-05T01:57:58.090324Z,KXGOLD15M-26OCT042200-00,0.9950,126.93,no
2026-10-05T01:57:58.629635Z,KXGOLD15M-26OCT042200-00,0.9950,91.62,no
2026-10-05T01:57:58.83066Z,KXGOLD15M-26OCT042200-00,0.9980,20.00,yes
2026-10-05T01:57:58.862397Z,KXGOLD15M-26OCT042200-00,0.9970,60.00,no
2026-10-05T01:57:58.862397Z,KXGOLD15M-26OCT042200-00,0.9970,30.00,no
2026-10-05T01:57:58.862397Z,KXGOLD15M-26OCT042200-00,0.9970,30.00,no
2026-10-05T01:57:58.862397Z,KXGOLD15M-26OCT042200-00,0.9950,66.97,no
2026-10-05T01:58:00.203645Z,KXGOLD15M-26OCT042200-00,0.9950,126.97,no
2026-10-05T01:58:00.203645Z,KXGOLD15M-26OCT042200-00,0.9960,60.00,no
2026-10-05T01:58:00.453293Z,KXGOLD15M-26OCT042200-00,0.9980,5.00,yes
2026-10-05T01:58:00.506538Z,KXGOLD15M-26OCT042200-00,0.9980,195.00,yes
2026-10-05T01:58:00.559079Z,KXGOLD15M-26OCT042200-00,0.9970,1.61,no
2026-10-05T01:58:01.644036Z,KXGOLD15M-26OCT042200-00,0.9980,9.28,yes
2026-10-05T01:58:01.644036Z,KXGOLD15M-26OCT042200-00,0.9980,10.35,yes
2026-10-05T01:58:01.800977Z,KXGOLD15M-26OCT042200-00,0.9980,1102.05,yes
2026-10-05T01:58:01.826201Z,KXGOLD15M-26OCT042200-00,0.9970,3.20,no
2026-10-05T01:58:01.889154Z,KXGOLD15M-26OCT042200-00,0.9970,93.19,no
2026-10-05T01:58:01.889154Z,KXGOLD15M-26OCT042200-00,0.9970,30.00,no
2026-10-05T01:58:01.889154Z,KXGOLD15M-26OCT042200-00,0.9970,30.00,no
2026-10-05T01:58:01.889154Z,KXGOLD15M-26OCT042200-00,0.9960,19.57,no
2026-10-05T01:58:01.889154Z,KXGOLD15M-26OCT042200-00,0.9970,60.00,no
2026-10-05T01:58:01.889154Z,KXGOLD15M-26OCT042200-00,0.9970,8.05,no
2026-10-05T01:58:01.889154Z,KXGOLD15M-26OCT042200-00,0.9970,15.29,no
2026-10-05T01:58:01.889154Z,KXGOLD15M-26OCT042200-00,0.9970,31.84,no
2026-10-05T01:58:01.889154Z,KXGOLD15M-26OCT042200-00,0.9970,15.92,no
2026-10-05T01:58:02.135561Z,KXGOLD15M-26OCT042200-00,0.9970,5.01,no
2026-10-05T01:58:02.160801Z,KXGOLD15M-26OCT042200-00,0.9970,18.87,no
2026-10-05T01:58:02.160801Z,KXGOLD15M-26OCT042200-00,0.9970,5.34,no
2026-10-05T01:58:02.206396Z,KXGOLD15M-26OCT042200-00,0.9980,19.03,yes
2026-10-05T01:58:02.726409Z,KXGOLD15M-26OCT042200-00,0.9970,155.79,no
2026-10-05T01:58:03.016041Z,KXGOLD15M-26OCT042200-00,0.9970,305.35,no
2026-10-05T01:58:03.184246Z,KXGOLD15M-26OCT042200-00,0.9970,9.12,no
2026-10-05T01:58:03.52976Z,KXGOLD15M-26OCT042200-00,0.9970,2.11,no
2026-10-05T01:58:04.37788Z,KXGOLD15M-26OCT042200-00,0.9980,2.00,yes
2026-10-05T01:58:04.591219Z,KXGOLD15M-26OCT042200-00,0.9970,3.06,no
2026-10-05T01:58:05.881422Z,KXGOLD15M-26OCT042200-00,0.9970,234.05,no
2026-10-05T01:58:06.512779Z,KXGOLD15M-26OCT042200-00,0.9980,37.44,yes
2026-10-05T01:58:06.910983Z,KXGOLD15M-26OCT042200-00,0.9970,305.35,no
2026-10-05T01:58:07.209851Z,KXGOLD15M-26OCT042200-00,0.9960,100.00,no
2026-10-05T01:58:07.209851Z,KXGOLD15M-26OCT042200-00,0.9900,750.00,no
2026-10-05T01:58:07.209851Z,KXGOLD15M-26OCT042200-00,0.9910,750.00,no
2026-10-05T01:58:07.209851Z,KXGOLD15M-26OCT042200-00,0.9950,750.00,no
2026-10-05T01:58:07.209851Z,KXGOLD15M-26OCT042200-00,0.9920,750.00,no
2026-10-05T01:58:07.209851Z,KXGOLD15M-26OCT042200-00,0.9950,750.00,no
2026-10-05T01:58:07.209851Z,KXGOLD15M-26OCT042200-00,0.9930,750.00,no
2026-10-05T01:58:07.209851Z,KXGOLD15M-26OCT042200-00,0.9950,750.00,no
2026-10-05T01:58:07.209851Z,KXGOLD15M-26OCT042200-00,0.9880,33.90,no
2026-10-05T01:58:07.209851Z,KXGOLD15M-26OCT042200-00,0.9950,750.00,no
2026-10-05T01:58:07.209851Z,KXGOLD15M-26OCT042200-00,0.9940,750.00,no
2026-10-05T01:58:07.209851Z,KXGOLD15M-26OCT042200-00,0.9960,111.43,no
2026-10-05T01:58:07.209851Z,KXGOLD15M-26OCT042200-00,0.9950,750.00,no
2026-10-05T01:58:07.209851Z,KXGOLD15M-26OCT042200-00,0.9950,200.00,no
2026-10-05T01:58:07.209851Z,KXGOLD15M-26OCT042200-00,0.9950,200.00,no
2026-10-05T01:58:07.209851Z,KXGOLD15M-26OCT042200-00,0.9950,200.00,no
2026-10-05T01:58:07.209851Z,KXGOLD15M-26OCT042200-00,0.9950,200.00,no
2026-10-05T01:58:07.209851Z,KXGOLD15M-26OCT042200-00,0.9950,26.39,no
2026-10-05T01:58:07.209851Z,KXGOLD15M-26OCT042200-00,0.9950,248.54,no
2026-10-05T01:58:07.209851Z,KXGOLD15M-26OCT042200-00,0.9950,346.86,no
2026-10-05T01:58:07.209851Z,KXGOLD15M-26OCT042200-00,0.9950,1200.00,no
2026-10-05T01:58:07.209851Z,KXGOLD15M-26OCT042200-00,0.9870,4.42,no
2026-10-05T01:58:07.209851Z,KXGOLD15M-26OCT042200-00,0.9970,68.35,no
2026-10-05T01:58:07.209851Z,KXGOLD15M-26OCT042200-00,0.9870,3.97,no
2026-10-05T01:58:07.209851Z,KXGOLD15M-26OCT042200-00,0.9970,19.03,no
2026-10-05T01:58:07.209851Z,KXGOLD15M-26OCT042200-00,0.9970,60.00,no
2026-10-05T01:58:07.209851Z,KXGOLD15M-26OCT042200-00,0.9970,30.00,no
2026-10-05T01:58:07.209851Z,KXGOLD15M-26OCT042200-00,0.9970,30.00,no
2026-10-05T01:58:07.209851Z,KXGOLD15M-26OCT042200-00,0.9950,40.00,no
2026-10-05T01:58:07.209851Z,KXGOLD15M-26OCT042200-00,0.9970,60.00,no
2026-10-05T01:58:07.209851Z,KXGOLD15M-26OCT042200-00,0.9970,2.00,no
2026-10-05T01:58:07.209851Z,KXGOLD15M-26OCT042200-00,0.9970,37.44,no
2026-10-05T01:58:07.209851Z,KXGOLD15M-26OCT042200-00,0.9890,30.00,no
2026-10-05T01:58:07.209851Z,KXGOLD15M-26OCT042200-00,0.9860,1989.05,no
2026-10-05T01:58:07.209851Z,KXGOLD15M-26OCT042200-00,0.9940,15.00,no
2026-10-05T01:58:07.209851Z,KXGOLD15M-26OCT042200-00,0.9900,15.00,no
2026-10-05T01:58:07.715101Z,KXGOLD15M-26OCT042200-00,0.9970,0.20,yes
2026-10-05T01:58:07.715101Z,KXGOLD15M-26OCT042200-00,0.9970,50.00,yes
2026-10-05T01:58:07.715101Z,KXGOLD15M-26OCT042200-00,0.9970,50.00,yes
2026-10-05T01:58:08.06175Z,KXGOLD15M-26OCT042200-00,0.9900,57.00,no
2026-10-05T01:58:08.06175Z,KXGOLD15M-26OCT042200-00,0.9880,50.00,no
2026-10-05T01:58:08.06175Z,KXGOLD15M-26OCT042200-00,0.9880,50.00,no
2026-10-05T01:58:08.06175Z,KXGOLD15M-26OCT042200-00,0.9850,121.03,no
2026-10-05T01:58:08.089396Z,KXGOLD15M-26OCT042200-00,0.9960,50.00,yes
2026-10-05T01:58:08.101532Z,KXGOLD15M-26OCT042200-00,0.9960,50.00,yes
2026-10-05T01:58:08.354413Z,KXGOLD15M-26OCT042200-00,0.9960,5.00,yes
2026-10-05T01:58:08.354413Z,KXGOLD15M-26OCT042200-00,0.9970,52.30,yes
2026-10-05T01:58:08.37223Z,KXGOLD15M-26OCT042200-00,0.9970,45.00,yes
2026-10-05T01:58:08.37223Z,KXGOLD15M-26OCT042200-00,0.9970,28.50,yes
2026-10-05T01:58:08.37223Z,KXGOLD15M-26OCT042200-00,0.9970,88.30,yes
2026-10-05T01:58:08.37223Z,KXGOLD15M-26OCT042200-00,0.9970,0.20,yes
2026-10-05T01:58:08.591564Z,KXGOLD15M-26OCT042200-00,0.9880,3.73,no
2026-10-05T01:58:08.591564Z,KXGOLD15M-26OCT042200-00,0.9880,71.00,no
2026-10-05T01:58:08.591564Z,KXGOLD15M-26OCT042200-00,0.9880,50.00,no
2026-10-05T01:58:08.834437Z,KXGOLD15M-26OCT042200-00,0.9970,1.00,yes
2026-10-05T01:58:09.357466Z,KXGOLD15M-26OCT042200-00,0.9900,48.00,no
2026-10-05T01:58:09.357466Z,KXGOLD15M-26OCT042200-00,0.9890,35.32,no
2026-10-05T01:58:09.357466Z,KXGOLD15M-26OCT042200-00,0.9890,2.09,no
2026-10-05T01:58:09.376413Z,KXGOLD15M-26OCT042200-00,0.9890,18.28,no
2026-10-05T01:58:11.299851Z,KXGOLD15M-26OCT042200-00,0.9970,1.00,yes
2026-10-05T01:58:11.299851Z,KXGOLD15M-26OCT042200-00,0.9970,51.30,yes
2026-10-05T01:58:11.299851Z,KXGOLD15M-26OCT042200-00,0.9970,61.00,yes
2026-10-05T01:58:11.299851Z,KXGOLD15M-26OCT042200-00,0.9970,5.00,yes
2026-10-05T01:58:11.299851Z,KXGOLD15M-26OCT042200-00,0.9970,28.70,yes
2026-10-05T01:58:11.299851Z,KXGOLD15M-26OCT042200-00,0.9970,53.00,yes
2026-10-05T01:58:11.314643Z,KXGOLD15M-26OCT042200-00,0.9970,63.98,yes
2026-10-05T01:58:11.314643Z,KXGOLD15M-26OCT042200-00,0.9970,136.02,yes
2026-10-05T01:58:11.330405Z,KXGOLD15M-26OCT042200-00,0.9970,200.00,yes
2026-10-05T01:58:11.344706Z,KXGOLD15M-26OCT042200-00,0.9970,31.35,yes
2026-10-05T01:58:11.385144Z,KXGOLD15M-26OCT042200-00,0.9970,200.00,yes
2026-10-05T01:58:11.513954Z,KXGOLD15M-26OCT042200-00,0.9970,200.00,yes
2026-10-05T01:58:11.553144Z,KXGOLD15M-26OCT042200-00,0.9970,200.00,yes
2026-10-05T01:58:11.669291Z,KXGOLD15M-26OCT042200-00,0.9970,200.00,yes
2026-10-05T01:58:11.745274Z,KXGOLD15M-26OCT042200-00,0.9970,200.00,yes
2026-10-05T01:58:11.851546Z,KXGOLD15M-26OCT042200-00,0.9970,115.00,yes
2026-10-05T01:58:12.029476Z,KXGOLD15M-26OCT042200-00,0.9970,211.67,yes
2026-10-05T01:58:12.657503Z,KXGOLD15M-26OCT042200-00,0.9950,5.93,no
2026-10-05T01:58:12.657503Z,KXGOLD15M-26OCT042200-00,0.9950,200.00,no
2026-10-05T01:58:12.657503Z,KXGOLD15M-26OCT042200-00,0.9950,5.93,no
2026-10-05T01:58:12.657503Z,KXGOLD15M-26OCT042200-00,0.9950,200.00,no
2026-10-05T01:58:12.657503Z,KXGOLD15M-26OCT042200-00,0.9950,263.98,no
2026-10-05T01:58:12.657503Z,KXGOLD15M-26OCT042200-00,0.9950,9.00,no
2026-10-05T01:58:12.657503Z,KXGOLD15M-26OCT042200-00,0.9950,231.35,no
2026-10-05T01:58:12.982985Z,KXGOLD15M-26OCT042200-00,0.9970,2.00,yes
2026-10-05T01:58:13.093152Z,KXGOLD15M-26OCT042200-00,0.9950,268.89,no
2026-10-05T01:58:13.97342Z,KXGOLD15M-26OCT042200-00,0.9950,18.69,no
2026-10-05T01:58:14.303836Z,KXGOLD15M-26OCT042200-00,0.9950,103.42,no
2026-10-05T01:58:14.303836Z,KXGOLD15M-26OCT042200-00,0.9950,11.86,no
2026-10-05T01:58:14.303836Z,KXGOLD15M-26OCT042200-00,0.9950,5.93,no
2026-10-05T01:58:14.303836Z,KXGOLD15M-26OCT042200-00,0.9950,252.74,no
2026-10-05T01:58:15.223853Z,KXGOLD15M-26OCT042200-00,0.9940,60.00,no
2026-10-05T01:58:15.223853Z,KXGOLD15M-26OCT042200-00,0.9940,22.59,no
2026-10-05T01:58:15.223853Z,KXGOLD15M-26OCT042200-00,0.9950,5.93,no
2026-10-05T01:58:15.223853Z,KXGOLD15M-26OCT042200-00,0.9950,5.93,no
2026-10-05T01:58:15.223853Z,KXGOLD15M-26OCT042200-00,0.9950,73.93,no
2026-10-05T01:58:15.223853Z,KXGOLD15M-26OCT042200-00,0.9950,0.89,no
2026-10-05T01:58:15.851302Z,KXGOLD15M-26OCT042200-00,0.9930,2.03,no
2026-10-05T01:58:15.964816Z,KXGOLD15M-26OCT042200-00,0.9970,5.01,yes
2026-10-05T01:58:16.566883Z,KXGOLD15M-26OCT042200-00,0.9970,57.27,yes
2026-10-05T01:58:17.969209Z,KXGOLD15M-26OCT042200-00,0.9930,11.97,no
2026-10-05T01:58:17.969209Z,KXGOLD15M-26OCT042200-00,0.9930,36.32,no
2026-10-05T01:58:17.969209Z,KXGOLD15M-26OCT042200-00,0.9940,60.00,no
2026-10-05T01:58:18.190134Z,KXGOLD15M-26OCT042200-00,0.9970,5.00,yes
2026-10-05T01:58:18.190134Z,KXGOLD15M-26OCT042200-00,0.9970,2313.72,yes
2026-10-05T01:58:18.190134Z,KXGOLD15M-26OCT042200-00,0.9970,81.00,yes
2026-10-05T01:58:18.190134Z,KXGOLD15M-26OCT042200-00,0.9970,51.00,yes
2026-10-05T01:58:18.190134Z,KXGOLD15M-26OCT042200-00,0.9970,101.31,yes
2026-10-05T01:58:18.190134Z,KXGOLD15M-26OCT042200-00,0.9980,917.43,yes
2026-10-05T01:58:18.190134Z,KXGOLD15M-26OCT042200-00,0.9980,5.00,yes
2026-10-05T01:58:18.190134Z,KXGOLD15M-26OCT042200-00,0.9980,500.00,yes
2026-10-05T01:58:18.190134Z,KXGOLD15M-26OCT042200-00,0.9980,79.13,yes
2026-10-05T01:58:18.384431Z,KXGOLD15M-26OCT042200-00,0.9980,55.59,yes
2026-10-05T01:58:18.561623Z,KXGOLD15M-26OCT042200-00,0.9980,42.54,yes
2026-10-05T01:58:18.621497Z,KXGOLD15M-26OCT042200-00,0.9980,1.00,yes
2026-10-05T01:58:18.774957Z,KXGOLD15M-26OCT042200-00,0.9980,100.18,yes
2026-10-05T01:58:19.005137Z,KXGOLD15M-26OCT042200-00,0.9980,83.26,yes
2026-10-05T01:58:19.005137Z,KXGOLD15M-26OCT042200-00,0.9980,175.31,yes
2026-10-05T01:58:19.711459Z,KXGOLD15M-26OCT042200-00,0.9980,200.00,yes
2026-10-05T01:58:20.156743Z,KXGOLD15M-26OCT042200-00,0.9980,50.00,yes
2026-10-05T01:58:20.606496Z,KXGOLD15M-26OCT042200-00,0.9980,50.00,yes
2026-10-05T01:58:20.610341Z,KXGOLD15M-26OCT042200-00,0.9980,500.93,yes
2026-10-05T01:58:20.748802Z,KXGOLD15M-26OCT042200-00,0.9980,0.10,yes
2026-10-05T01:58:21.047064Z,KXGOLD15M-26OCT042200-00,0.9980,5.00,yes
2026-10-05T01:58:21.047064Z,KXGOLD15M-26OCT042200-00,0.9980,99.90,yes
2026-10-05T01:58:21.047064Z,KXGOLD15M-26OCT042200-00,0.9980,32.35,yes
2026-10-05T01:58:21.561478Z,KXGOLD15M-26OCT042200-00,0.9980,4.81,yes
2026-10-05T01:58:21.630612Z,KXGOLD15M-26OCT042200-00,0.9970,41.84,no
2026-10-05T01:58:21.630612Z,KXGOLD15M-26OCT042200-00,0.9970,10.58,no
2026-10-05T01:58:21.630612Z,KXGOLD15M-26OCT042200-00,0.9970,79.13,no
2026-10-05T01:58:21.630612Z,KXGOLD15M-26OCT042200-00,0.9970,24.24,no
2026-10-05T01:58:21.910509Z,KXGOLD15M-26OCT042200-00,0.9970,111.50,no
2026-10-05T01:58:21.910509Z,KXGOLD15M-26OCT042200-00,0.9970,330.55,no
2026-10-05T01:58:21.910509Z,KXGOLD15M-26OCT042200-00,0.9970,32.35,no
2026-10-05T01:58:21.910509Z,KXGOLD15M-26OCT042200-00,0.9970,4.81,no
2026-10-05T01:58:21.910509Z,KXGOLD15M-26OCT042200-00,0.9970,60.00,no
2026-10-05T01:58:21.910509Z,KXGOLD15M-26OCT042200-00,0.9970,30.00,no
2026-10-05T01:58:21.910509Z,KXGOLD15M-26OCT042200-00,0.9960,41.51,no
2026-10-05T01:58:22.184085Z,KXGOLD15M-26OCT042200-00,0.9950,8.20,no
2026-10-05T01:58:22.593175Z,KXGOLD15M-26OCT042200-00,0.9980,91.62,yes
2026-10-05T01:58:23.226637Z,KXGOLD15M-26OCT042200-00,0.9980,5.55,yes
2026-10-05T01:58:24.210052Z,KXGOLD15M-26OCT042200-00,0.9970,40.00,no
2026-10-05T01:58:24.210052Z,KXGOLD15M-26OCT042200-00,0.9960,60.00,no
2026-10-05T01:58:24.210052Z,KXGOLD15M-26OCT042200-00,0.9970,5.55,no
2026-10-05T01:58:24.210052Z,KXGOLD15M-26OCT042200-00,0.9970,74.27,no
2026-10-05T01:58:24.210052Z,KXGOLD15M-26OCT042200-00,0.9960,11.54,no
2026-10-05T01:58:24.210052Z,KXGOLD15M-26OCT042200-00,0.9960,64.73,no
2026-10-05T01:58:24.210052Z,KXGOLD15M-26OCT042200-00,0.9950,185.46,no
2026-10-05T01:58:24.210052Z,KXGOLD15M-26OCT042200-00,0.9960,100.00,no
2026-10-05T01:58:24.210052Z,KXGOLD15M-26OCT042200-00,0.9960,9.17,no
2026-10-05T01:58:24.579994Z,KXGOLD15M-26OCT042200-00,0.9970,0.05,no
2026-10-05T01:58:24.579994Z,KXGOLD15M-26OCT042200-00,0.9950,710.76,no
2026-10-05T01:58:25.415177Z,KXGOLD15M-26OCT042200-00,0.9980,66.82,yes
2026-10-05T01:58:25.843738Z,KXGOLD15M-26OCT042200-00,0.9980,20.03,yes
2026-10-05T01:58:26.442978Z,KXGOLD15M-26OCT042200-00,0.9980,10.01,yes
2026-10-05T01:58:26.470148Z,KXGOLD15M-26OCT042200-00,0.9970,28.05,no
2026-10-05T01:58:26.76445Z,KXGOLD15M-26OCT042200-00,0.9980,6.68,yes
2026-10-05T01:58:27.677193Z,KXGOLD15M-26OCT042200-00,0.9980,25.04,yes
2026-10-05T01:58:27.797132Z,KXGOLD15M-26OCT042200-00,0.9970,2.80,no
2026-10-05T01:58:27.94072Z,KXGOLD15M-26OCT042200-00,0.9970,3.08,no
2026-10-05T01:58:28.164057Z,KXGOLD15M-26OCT042200-00,0.9980,217.56,yes
2026-10-05T01:58:28.439055Z,KXGOLD15M-26OCT042200-00,0.9960,100.00,no
2026-10-05T01:58:28.439055Z,KXGOLD15M-26OCT042200-00,0.9970,106.68,no
2026-10-05T01:58:28.439055Z,KXGOLD15M-26OCT042200-00,0.9960,13.33,no
2026-10-05T01:58:28.439055Z,KXGOLD15M-26OCT042200-00,0.9960,26.66,no
2026-10-05T01:58:28.439055Z,KXGOLD15M-26OCT042200-00,0.9970,47.46,no
2026-10-05T01:58:28.439055Z,KXGOLD15M-26OCT042200-00,0.9970,106.68,no
2026-10-05T01:58:28.439055Z,KXGOLD15M-26OCT042200-00,0.9970,53.34,no
2026-10-05T01:58:28.439055Z,KXGOLD15M-26OCT042200-00,0.9950,312.79,no
2026-10-05T01:58:28.439055Z,KXGOLD15M-26OCT042200-00,0.9970,217.56,no
2026-10-05T01:58:28.439055Z,KXGOLD15M-26OCT042200-00,0.9970,13.48,no
2026-10-05T01:58:28.439055Z,KXGOLD15M-26OCT042200-00,0.9970,61.00,no
2026-10-05T01:58:28.439055Z,KXGOLD15M-26OCT042200-00,0.9970,10.01,no
2026-10-05T01:58:28.439055Z,KXGOLD15M-26OCT042200-00,0.9960,15.24,no
2026-10-05T01:58:28.439055Z,KXGOLD15M-26OCT042200-00,0.9970,6.68,no
2026-10-05T01:58:28.439055Z,KXGOLD15M-26OCT042200-00,0.9970,25.04,no
2026-10-05T01:58:28.439055Z,KXGOLD15M-26OCT042200-00,0.9960,26.51,no
2026-10-05T01:58:29.32104Z,KXGOLD15M-26OCT042200-00,0.9980,29.33,yes
2026-10-05T01:58:29.32104Z,KXGOLD15M-26OCT042200-00,0.9980,19.53,yes
2026-10-05T01:58:29.485808Z,KXGOLD15M-26OCT042200-00,0.9970,60.00,no
2026-10-05T01:58:29.485808Z,KXGOLD15M-26OCT042200-00,0.9970,18.69,no
2026-10-05T01:58:29.737948Z,KXGOLD15M-26OCT042200-00,0.9980,0.10,yes
2026-10-05T01:58:29.737948Z,KXGOLD15M-26OCT042200-00,0.9980,99.90,yes
2026-10-05T01:58:29.737948Z,KXGOLD15M-26OCT042200-00,0.9980,5.00,yes
2026-10-05T01:58:29.737948Z,KXGOLD15M-26OCT042200-00,0.9980,896.86,yes
2026-10-05T01:58:29.900377Z,KXGOLD15M-26OCT042200-00,0.9950,20.02,no
2026-10-05T01:58:30.234236Z,KXGOLD15M-26OCT042200-00,0.9950,1140.77,no
2026-10-05T01:58:30.234236Z,KXGOLD15M-26OCT042200-00,0.9950,229.00,no
2026-10-05T01:58:30.234236Z,KXGOLD15M-26OCT042200-00,0.9950,500.00,no
2026-10-05T01:58:30.715223Z,KXGOLD15M-26OCT042200-00,0.9980,1.00,yes
2026-10-05T01:58:30.824001Z,KXGOLD15M-26OCT042200-00,0.9980,120.00,yes
2026-10-05T01:58:32.552915Z,KXGOLD15M-26OCT042200-00,0.9980,338.43,yes
2026-10-05T01:58:33.188137Z,KXGOLD15M-26OCT042200-00,0.9980,278.03,yes
2026-10-05T01:58:33.188706Z,KXGOLD15M-26OCT042200-00,0.9970,2.00,no
2026-10-05T01:58:33.476418Z,KXGOLD15M-26OCT042200-00,0.9970,23.08,no
2026-10-05T01:58:33.476418Z,KXGOLD15M-26OCT042200-00,0.9970,38.00,no
2026-10-05T01:58:33.769203Z,KXGOLD15M-26OCT042200-00,0.9970,125.92,no
2026-10-05T01:58:33.769203Z,KXGOLD15M-26OCT042200-00,0.9970,179.43,no
2026-10-05T01:58:34.443736Z,KXGOLD15M-26OCT042200-00,0.9960,159.00,no
2026-10-05T01:58:34.443736Z,KXGOLD15M-26OCT042200-00,0.9960,278.03,no
2026-10-05T01:58:34.443736Z,KXGOLD15M-26OCT042200-00,0.9960,60.00,no
2026-10-05T01:58:34.443736Z,KXGOLD15M-26OCT042200-00,0.9950,162.67,no
2026-10-05T01:58:34.708499Z,KXGOLD15M-26OCT042200-00,0.9970,485.00,yes
2026-10-05T01:58:34.788274Z,KXGOLD15M-26OCT042200-00,0.9970,1017.86,yes
2026-10-05T01:58:36.011658Z,KXGOLD15M-26OCT042200-00,0.9970,8.02,yes
2026-10-05T01:58:36.069295Z,KXGOLD15M-26OCT042200-00,0.9970,1.00,yes
2026-10-05T01:58:36.086301Z,KXGOLD15M-26OCT042200-00,0.9970,885.00,yes
2026-10-05T01:58:36.798434Z,KXGOLD15M-26OCT042200-00,0.9960,60.00,no
2026-10-05T01:58:36.798434Z,KXGOLD15M-26OCT042200-00,0.9950,126.97,no
2026-10-05T01:58:37.359762Z,KXGOLD15M-26OCT042200-00,0.9970,22.00,yes
2026-10-05T01:58:37.673502Z,KXGOLD15M-26OCT042200-00,0.9970,229.04,yes
2026-10-05T01:58:37.680416Z,KXGOLD15M-26OCT042200-00,0.9970,638.92,yes
2026-10-05T01:58:38.12416Z,KXGOLD15M-26OCT042200-00,0.9950,186.97,no
2026-10-05T01:58:39.583666Z,KXGOLD15M-26OCT042200-00,0.9960,60.00,no
2026-10-05T01:58:39.593004Z,KXGOLD15M-26OCT042200-00,0.9950,0.84,no
2026-10-05T01:58:39.593004Z,KXGOLD15M-26OCT042200-00,0.9950,494.39,no
2026-10-05T01:58:39.593004Z,KXGOLD15M-26OCT042200-00,0.9950,66.82,no
2026-10-05T01:58:39.593004Z,KXGOLD15M-26OCT042200-00,0.9950,20.03,no
2026-10-05T01:58:39.593004Z,KXGOLD15M-26OCT042200-00,0.9950,91.62,no
2026-10-05T01:58:39.593004Z,KXGOLD15M-26OCT042200-00,0.9950,485.00,no
2026-10-05T01:58:39.593004Z,KXGOLD15M-26OCT042200-00,0.9950,781.30,no
2026-10-05T01:58:41.266996Z,KXGOLD15M-26OCT042200-00,0.9970,113.94,yes
2026-10-05T01:58:41.396544Z,KXGOLD15M-26OCT042200-00,0.9970,501.39,yes
2026-10-05T01:58:41.638731Z,KXGOLD15M-26OCT042200-00,0.9980,65.00,yes
2026-10-05T01:58:41.638731Z,KXGOLD15M-26OCT042200-00,0.9970,81.00,yes
2026-10-05T01:58:41.638731Z,KXGOLD15M-26OCT042200-00,0.9980,30.01,yes
2026-10-05T01:58:41.638731Z,KXGOLD15M-26OCT042200-00,0.9970,5.00,yes
2026-10-05T01:58:41.638731Z,KXGOLD15M-26OCT042200-00,0.9970,97.83,yes
2026-10-05T01:58:41.638731Z,KXGOLD15M-26OCT042200-00,0.9970,250.00,yes
2026-10-05T01:58:41.659005Z,KXGOLD15M-26OCT042200-00,0.9980,200.00,yes
2026-10-05T01:58:41.670774Z,KXGOLD15M-26OCT042200-00,0.9980,200.00,yes
2026-10-05T01:58:41.684753Z,KXGOLD15M-26OCT042200-00,0.9980,130.01,yes
2026-10-05T01:58:41.684753Z,KXGOLD15M-26OCT042200-00,0.9980,69.99,yes
2026-10-05T01:58:41.751869Z,KXGOLD15M-26OCT042200-00,0.9980,200.00,yes
2026-10-05T01:58:41.885908Z,KXGOLD15M-26OCT042200-00,0.9980,200.00,yes
2026-10-05T01:58:41.925139Z,KXGOLD15M-26OCT042200-00,0.9980,200.00,yes
2026-10-05T01:58:41.999995Z,KXGOLD15M-26OCT042200-00,0.9980,200.00,yes
2026-10-05T01:58:42.087534Z,KXGOLD15M-26OCT042200-00,0.9980,200.00,yes
2026-10-05T01:58:42.154116Z,KXGOLD15M-26OCT042200-00,0.9980,19.64,yes
2026-10-05T01:58:42.173927Z,KXGOLD15M-26OCT042200-00,0.9980,200.00,yes
2026-10-05T01:58:42.305789Z,KXGOLD15M-26OCT042200-00,0.9980,200.00,yes
2026-10-05T01:58:42.323994Z,KXGOLD15M-26OCT042200-00,0.9980,59.00,yes
2026-10-05T01:58:44.08823Z,KXGOLD15M-26OCT042200-00,0.9980,5.00,yes
2026-10-05T01:58:44.08823Z,KXGOLD15M-26OCT042200-00,0.9980,100.00,yes
2026-10-05T01:58:44.08823Z,KXGOLD15M-26OCT042200-00,0.9980,45.00,yes
2026-10-05T01:58:44.08823Z,KXGOLD15M-26OCT042200-00,0.9980,891.35,yes
2026-10-05T01:58:44.08823Z,KXGOLD15M-26OCT042200-00,0.9980,1200.00,yes
2026-10-05T01:58:44.134876Z,KXGOLD15M-26OCT042200-00,0.9980,2.03,no
2026-10-05T01:58:44.169058Z,KXGOLD15M-26OCT042200-00,0.9980,630.33,no
2026-10-05T01:58:44.429015Z,KXGOLD15M-26OCT042200-00,0.9980,4.11,no
2026-10-05T01:58:44.635749Z,KXGOLD15M-26OCT042200-00,0.9990,584.72,yes
2026-10-05T01:58:45.945541Z,KXGOLD15M-26OCT042200-00,0.9980,229.01,no
2026-10-05T01:58:46.088034Z,KXGOLD15M-26OCT042200-00,0.9990,5.00,yes
2026-10-05T01:58:46.133032Z,KXGOLD15M-26OCT042200-00,0.9980,17.00,no
2026-10-05T01:58:47.055715Z,KXGOLD15M-26OCT042200-00,0.9990,22.78,yes
2026-10-05T01:58:47.143234Z,KXGOLD15M-26OCT042200-00,0.9990,4.00,yes
2026-10-05T01:58:47.176602Z,KXGOLD15M-26OCT042200-00,0.9860,100.00,no
2026-10-05T01:58:47.176602Z,KXGOLD15M-26OCT042200-00,0.9860,50.00,no
2026-10-05T01:58:47.176602Z,KXGOLD15M-26OCT042200-00,0.9890,30.00,no
2026-10-05T01:58:47.176602Z,KXGOLD15M-26OCT042200-00,0.9890,30.00,no
2026-10-05T01:58:47.176602Z,KXGOLD15M-26OCT042200-00,0.9830,2100.00,no
2026-10-05T01:58:47.176602Z,KXGOLD15M-26OCT042200-00,0.9890,60.00,no
2026-10-05T01:58:47.176602Z,KXGOLD15M-26OCT042200-00,0.9700,550.72,no
2026-10-05T01:58:47.176602Z,KXGOLD15M-26OCT042200-00,0.9950,12.00,no
2026-10-05T01:58:47.176602Z,KXGOLD15M-26OCT042200-00,0.9700,186.97,no
2026-10-05T01:58:47.176602Z,KXGOLD15M-26OCT042200-00,0.9980,200.00,no
2026-10-05T01:58:47.176602Z,KXGOLD15M-26OCT042200-00,0.9980,219.64,no
2026-10-05T01:58:47.176602Z,KXGOLD15M-26OCT042200-00,0.9980,259.00,no
2026-10-05T01:58:47.176602Z,KXGOLD15M-26OCT042200-00,0.9980,400.00,no
2026-10-05T01:58:47.176602Z,KXGOLD15M-26OCT042200-00,0.9980,891.35,no
2026-10-05T01:58:47.176602Z,KXGOLD15M-26OCT042200-00,0.9980,6876.17,no
2026-10-05T01:58:47.176602Z,KXGOLD15M-26OCT042200-00,0.9920,50.00,no
2026-10-05T01:58:47.176602Z,KXGOLD15M-26OCT042200-00,0.9960,1200.00,no
2026-10-05T01:58:47.176602Z,KXGOLD15M-26OCT042200-00,0.9700,10.00,no
2026-10-05T01:58:47.176602Z,KXGOLD15M-26OCT042200-00,0.9950,97.83,no
2026-10-05T01:58:47.176602Z,KXGOLD15M-26OCT042200-00,0.9960,30.01,no
2026-10-05T01:58:47.176602Z,KXGOLD15M-26OCT042200-00,0.9980,200.00,no
2026-10-05T01:58:47.176602Z,KXGOLD15M-26OCT042200-00,0.9960,200.00,no
2026-10-05T01:58:47.176602Z,KXGOLD15M-26OCT042200-00,0.9960,200.00,no
2026-10-05T01:58:47.176602Z,KXGOLD15M-26OCT042200-00,0.9980,130.01,no
2026-10-05T01:58:47.176602Z,KXGOLD15M-26OCT042200-00,0.9980,200.00,no
2026-10-05T01:58:47.176602Z,KXGOLD15M-26OCT042200-00,0.9960,69.99,no
2026-10-05T01:58:47.176602Z,KXGOLD15M-26OCT042200-00,0.9950,615.33,no
2026-10-05T01:58:47.176602Z,KXGOLD15M-26OCT042200-00,0.9960,60.00,no
2026-10-05T01:58:47.176602Z,KXGOLD15M-26OCT042200-00,0.9950,40.00,no
2026-10-05T01:58:47.176602Z,KXGOLD15M-26OCT042200-00,0.9980,250.00,no
2026-10-05T01:58:47.176602Z,KXGOLD15M-26OCT042200-00,0.9950,236.56,no
2026-10-05T01:58:47.176602Z,KXGOLD15M-26OCT042200-00,0.9950,894.02,no
2026-10-05T01:58:47.176602Z,KXGOLD15M-26OCT042200-00,0.9950,638.92,no
2026-10-05T01:58:47.176602Z,KXGOLD15M-26OCT042200-00,0.9950,251.04,no
2026-10-05T01:58:47.176602Z,KXGOLD15M-26OCT042200-00,0.9800,5.82,no
2026-10-05T01:58:47.176602Z,KXGOLD15M-26OCT042200-00,0.9800,1.27,no
2026-10-05T01:58:47.176602Z,KXGOLD15M-26OCT042200-00,0.9800,9.53,no
2026-10-05T01:58:47.176602Z,KXGOLD15M-26OCT042200-00,0.9800,1.01,no
2026-10-05T01:58:47.176602Z,KXGOLD15M-26OCT042200-00,0.9800,2.82,no
2026-10-05T01:58:47.176602Z,KXGOLD15M-26OCT042200-00,0.9800,9.00,no
2026-10-05T01:58:47.176602Z,KXGOLD15M-26OCT042200-00,0.9800,0.22,no
2026-10-05T01:58:47.176602Z,KXGOLD15M-26OCT042200-00,0.9800,7.07,no
2026-10-05T01:58:47.176602Z,KXGOLD15M-26OCT042200-00,0.9800,3.26,no
2026-10-05T01:58:47.176602Z,KXGOLD15M-26OCT042200-00,0.9710,45.65,no
2026-10-05T01:58:47.176602Z,KXGOLD15M-26OCT042200-00,0.9710,142.06,no
2026-10-05T01:58:47.176602Z,KXGOLD15M-26OCT042200-00,0.9600,584.72,no
2026-10-05T01:58:47.176602Z,KXGOLD15M-26OCT042200-00,0.9600,152.77,no
2026-10-05T01:58:47.176602Z,KXGOLD15M-26OCT042200-00,0.9700,101.83,no
2026-10-05T01:58:47.176602Z,KXGOLD15M-26OCT042200-00,0.9800,89.00,no
2026-10-05T01:58:47.176602Z,KXGOLD15M-26OCT042200-00,0.9700,343.64,no
2026-10-05T01:58:47.176602Z,KXGOLD15M-26OCT042200-00,0.9850,3.97,no
2026-10-05T01:58:47.176602Z,KXGOLD15M-26OCT042200-00,0.9810,6.00,no
2026-10-05T01:58:47.176602Z,KXGOLD15M-26OCT042200-00,0.9700,229.04,no
2026-10-05T01:58:47.176602Z,KXGOLD15M-26OCT042200-00,0.9540,1.00,no
2026-10-05T01:58:47.176602Z,KXGOLD15M-26OCT042200-00,0.9700,1.00,no
2026-10-05T01:58:47.176602Z,KXGOLD15M-26OCT042200-00,0.9470,1.00,no
2026-10-05T01:58:47.176602Z,KXGOLD15M-26OCT042200-00,0.9600,1.00,no
2026-10-05T01:58:47.176602Z,KXGOLD15M-26OCT042200-00,0.9650,1.00,no
2026-10-05T01:58:47.176602Z,KXGOLD15M-26OCT042200-00,0.9500,10.00,no
2026-10-05T01:58:47.176602Z,KXGOLD15M-26OCT042200-00,0.9400,338.07,no
2026-10-05T01:58:47.20279Z,KXGOLD15M-26OCT042200-00,0.9860,75.00,yes
2026-10-05T01:58:47.20279Z,KXGOLD15M-26OCT042200-00,0.9870,325.00,yes
2026-10-05T01:58:47.245202Z,KXGOLD15M-26OCT042200-00,0.9870,75.00,yes
2026-10-05T01:58:47.245202Z,KXGOLD15M-26OCT042200-00,0.9870,100.00,yes
2026-10-05T01:58:47.568658Z,KXGOLD15M-26OCT042200-00,0.9970,28.19,yes
2026-10-05T01:58:47.568658Z,KXGOLD15M-26OCT042200-00,0.9950,5.00,yes
2026-10-05T01:58:48.193949Z,KXGOLD15M-26OCT042200-00,0.9890,4.25,no
2026-10-05T01:58:48.224759Z,KXGOLD15M-26OCT042200-00,0.9890,20.05,no
2026-10-05T01:58:49.285799Z,KXGOLD15M-26OCT042200-00,0.9970,5.00,yes
2026-10-05T01:58:49.532279Z,KXGOLD15M-26OCT042200-00,0.9970,3.50,yes
2026-10-05T01:58:49.532279Z,KXGOLD15M-26OCT042200-00,0.9970,5.00,yes
2026-10-05T01:58:50.300089Z,KXGOLD15M-26OCT042200-00,0.9980,35.00,yes
2026-10-05T01:58:50.300089Z,KXGOLD15M-26OCT042200-00,0.9980,966.86,yes
2026-10-05T01:58:51.186987Z,KXGOLD15M-26OCT042200-00,0.9980,12.58,yes
2026-10-05T01:58:51.237439Z,KXGOLD15M-26OCT042200-00,0.9970,25.00,no
2026-10-05T01:58:51.7531Z,KXGOLD15M-26OCT042200-00,0.9960,15.24,no
2026-10-05T01:58:52.404041Z,KXGOLD15M-26OCT042200-00,0.9970,4.67,yes
2026-10-05T01:58:53.058428Z,KXGOLD15M-26OCT042200-00,0.9960,9.76,no
2026-10-05T01:58:53.058428Z,KXGOLD15M-26OCT042200-00,0.9950,11.21,no
2026-10-05T01:58:53.909639Z,KXGOLD15M-26OCT042200-00,0.9970,40.07,yes
2026-10-05T01:58:54.071586Z,KXGOLD15M-26OCT042200-00,0.9960,25.00,no
2026-10-05T01:58:54.071586Z,KXGOLD15M-26OCT042200-00,0.9950,15.00,no
2026-10-05T01:58:54.071586Z,KXGOLD15M-26OCT042200-00,0.9940,88.76,no
2026-10-05T01:58:54.071586Z,KXGOLD15M-26OCT042200-00,0.9940,25.00,no
2026-10-05T01:58:54.071586Z,KXGOLD15M-26OCT042200-00,0.9950,13.79,no
2026-10-05T01:58:55.152552Z,KXGOLD15M-26OCT042200-00,0.9970,24.56,yes
2026-10-05T01:58:55.1584Z,KXGOLD15M-26OCT042200-00,0.9970,447.54,yes
2026-10-05T01:58:55.360094Z,KXGOLD15M-26OCT042200-00,0.9960,25.00,no
2026-10-05T01:58:55.781113Z,KXGOLD15M-26OCT042200-00,0.9970,95.47,yes
2026-10-05T01:58:56.573015Z,KXGOLD15M-26OCT042200-00,0.9950,17.00,no
2026-10-05T01:58:56.573015Z,KXGOLD15M-26OCT042200-00,0.9950,25.00,no
2026-10-05T01:58:56.573015Z,KXGOLD15M-26OCT042200-00,0.9950,124.41,no
2026-10-05T01:58:56.573015Z,KXGOLD15M-26OCT042200-00,0.9960,25.00,no
2026-10-05T01:58:57.41754Z,KXGOLD15M-26OCT042200-00,0.9960,25.00,no
2026-10-05T01:58:57.41754Z,KXGOLD15M-26OCT042200-00,0.9950,61.15,no
2026-10-05T01:58:57.648328Z,KXGOLD15M-26OCT042200-00,0.9970,451.25,yes
2026-10-05T01:58:57.714627Z,KXGOLD15M-26OCT042200-00,0.9970,0.50,yes
2026-10-05T01:58:57.933698Z,KXGOLD15M-26OCT042200-00,0.9960,2.13,no
2026-10-05T01:58:58.414451Z,KXGOLD15M-26OCT042200-00,0.9970,9.36,yes
2026-10-05T01:58:59.151432Z,KXGOLD15M-26OCT042200-00,0.9970,40.11,yes
2026-10-05T01:58:59.906037Z,KXGOLD15M-26OCT042200-00,0.9970,0.21,yes
2026-10-05T01:59:00.169063Z,KXGOLD15M-26OCT042200-00,0.9970,250.00,yes
2026-10-05T01:59:00.169063Z,KXGOLD15M-26OCT042200-00,0.9970,2861.26,yes
2026-10-05T01:59:00.169063Z,KXGOLD15M-26OCT042200-00,0.9970,4.74,yes
2026-10-05T01:59:00.185338Z,KXGOLD15M-26OCT042200-00,0.9970,0.26,yes
2026-10-05T01:59:00.185338Z,KXGOLD15M-26OCT042200-00,0.9970,19.74,yes
2026-10-05T01:59:00.318936Z,KXGOLD15M-26OCT042200-00,0.9970,5.00,yes
2026-10-05T01:59:00.318936Z,KXGOLD15M-26OCT042200-00,0.9970,81.00,yes
2026-10-05T01:59:00.336895Z,KXGOLD15M-26OCT042200-00,0.9970,5.00,yes
2026-10-05T01:59:00.395071Z,KXGOLD15M-26OCT042200-00,0.9980,116.00,yes
2026-10-05T01:59:00.417892Z,KXGOLD15M-26OCT042200-00,0.9980,100.00,yes
2026-10-05T01:59:00.417892Z,KXGOLD15M-26OCT042200-00,0.9980,100.00,yes
2026-10-05T01:59:00.417892Z,KXGOLD15M-26OCT042200-00,0.9980,4.44,yes
2026-10-05T01:59:00.417892Z,KXGOLD15M-26OCT042200-00,0.9980,104.56,yes
2026-10-05T01:59:00.417892Z,KXGOLD15M-26OCT042200-00,0.9980,6.00,yes
2026-10-05T01:59:00.417892Z,KXGOLD15M-26OCT042200-00,0.9980,34.00,yes
2026-10-05T01:59:00.497381Z,KXGOLD15M-26OCT042200-00,0.9980,0.56,yes
2026-10-05T01:59:00.497381Z,KXGOLD15M-26OCT042200-00,0.9980,100.00,yes
2026-10-05T01:59:00.531341Z,KXGOLD15M-26OCT042200-00,0.9960,191.14,no
2026-10-05T01:59:00.575941Z,KXGOLD15M-26OCT042200-00,0.9990,183.50,yes
2026-10-05T01:59:00.575941Z,KXGOLD15M-26OCT042200-00,0.9990,1245.50,yes
2026-10-05T01:59:00.596327Z,KXGOLD15M-26OCT042200-00,0.9990,114.00,yes
2026-10-05T01:59:00.672932Z,KXGOLD15M-26OCT042200-00,0.9980,114.00,no
2026-10-05T01:59:01.090245Z,KXGOLD15M-26OCT042200-00,0.9970,107.00,no
2026-10-05T01:59:01.125688Z,KXGOLD15M-26OCT042200-00,0.9990,37.44,yes
2026-10-05T01:59:01.137133Z,KXGOLD15M-26OCT042200-00,0.9990,2.11,yes
2026-10-05T01:59:01.261718Z,KXGOLD15M-26OCT042200-00,0.9980,58.86,no
2026-10-05T01:59:01.261718Z,KXGOLD15M-26OCT042200-00,0.9980,2.11,no
2026-10-05T01:59:01.261718Z,KXGOLD15M-26OCT042200-00,0.9980,37.44,no
2026-10-05T01:59:02.242756Z,KXGOLD15M-26OCT042200-00,0.9990,225.00,yes
2026-10-05T01:59:02.362638Z,KXGOLD15M-26OCT042200-00,0.9980,225.00,no
2026-10-05T01:59:03.527565Z,KXGOLD15M-26OCT042200-00,0.9990,10.00,yes
2026-10-05T01:59:03.649825Z,KXGOLD15M-26OCT042200-00,0.9970,10.00,no
2026-10-05T01:59:03.649825Z,KXGOLD15M-26OCT042200-00,0.9960,40.00,no
2026-10-05T01:59:03.649825Z,KXGOLD15M-26OCT042200-00,0.9960,100.00,no
2026-10-05T01:59:03.649825Z,KXGOLD15M-26OCT042200-00,0.9970,1138.50,no
2026-10-05T01:59:03.649825Z,KXGOLD15M-26OCT042200-00,0.9950,128.37,no
2026-10-05T01:59:03.858712Z,KXGOLD15M-26OCT042200-00,0.9950,17.46,no
2026-10-05T01:59:05.387947Z,KXGOLD15M-26OCT042200-00,0.9980,137.59,no
2026-10-05T01:59:06.525735Z,KXGOLD15M-26OCT042200-00,0.9980,458.01,no
2026-10-05T01:59:07.131137Z,KXGOLD15M-26OCT042200-00,0.9980,458.01,no
2026-10-05T01:59:07.485643Z,KXGOLD15M-26OCT042200-00,0.9990,1296.20,yes
2026-10-05T01:59:07.522344Z,KXGOLD15M-26OCT042200-00,0.9990,1.00,yes
2026-10-05T01:59:08.803262Z,KXGOLD15M-26OCT042200-00,0.9980,458.01,no
2026-10-05T01:59:09.54724Z,KXGOLD15M-26OCT042200-00,0.9980,18.22,no
2026-10-05T01:59:10.635643Z,KXGOLD15M-26OCT042200-00,0.9990,10.81,yes
2026-10-05T01:59:11.448693Z,KXGOLD15M-26OCT042200-00,0.9980,916.02,no
2026-10-05T01:59:11.705118Z,KXGOLD15M-26OCT042200-00,0.9980,1416.87,no
2026-10-05T01:59:11.755312Z,KXGOLD15M-26OCT042200-00,0.9990,1914.00,yes
2026-10-05T01:59:11.767664Z,KXGOLD15M-26OCT042200-00,0.9980,2.97,no
2026-10-05T01:59:11.846842Z,KXGOLD15M-26OCT042200-00,0.9990,500.00,yes
2026-10-05T01:59:11.87827Z,KXGOLD15M-26OCT042200-00,0.9980,4.97,no
2026-10-05T01:59:12.22969Z,KXGOLD15M-26OCT042200-00,0.9980,12.78,no
2026-10-05T01:59:12.274529Z,KXGOLD15M-26OCT042200-00,0.9990,0.04,yes
2026-10-05T01:59:13.500344Z,KXGOLD15M-26OCT042200-00,0.9990,14.22,yes
2026-10-05T01:59:13.640921Z,KXGOLD15M-26OCT042200-00,0.9990,112.77,yes
2026-10-05T01:59:14.080065Z,KXGOLD15M-26OCT042200-00,0.9990,1.00,yes
2026-10-05T01:59:14.313633Z,KXGOLD15M-26OCT042200-00,0.9990,179.34,yes
2026-10-05T01:59:14.405021Z,KXGOLD15M-26OCT042200-00,0.9990,155.79,yes
2026-10-05T01:59:15.556685Z,KXGOLD15M-26OCT042200-00,0.9990,200.18,yes
2026-10-05T01:59:16.659513Z,KXGOLD15M-26OCT042200-00,0.9990,135.00,yes
2026-10-05T01:59:16.915056Z,KXGOLD15M-26OCT042200-00,0.9980,2290.05,no
2026-10-05T01:59:18.321222Z,KXGOLD15M-26OCT042200-00,0.9980,2290.05,no
2026-10-05T01:59:18.417727Z,KXGOLD15M-26OCT042200-00,0.9980,337.39,no
2026-10-05T01:59:19.134212Z,KXGOLD15M-26OCT042200-00,0.9990,21.87,yes
2026-10-05T01:59:19.198042Z,KXGOLD15M-26OCT042200-00,0.9980,4486.59,no
2026-10-05T01:59:20.385354Z,KXGOLD15M-26OCT042200-00,0.9990,82.07,yes
2026-10-05T01:59:20.577088Z,KXGOLD15M-26OCT042200-00,0.9990,292.36,yes
2026-10-05T01:59:20.665769Z,KXGOLD15M-26OCT042200-00,0.9990,169.27,yes
2026-10-05T01:59:20.870381Z,KXGOLD15M-26OCT042200-00,0.9990,194.67,yes
2026-10-05T01:59:22.69791Z,KXGOLD15M-26OCT042200-00,0.9980,916.02,no
2026-10-05T01:59:23.175697Z,KXGOLD15M-26OCT042200-00,0.9990,2.00,yes
2026-10-05T01:59:23.36883Z,KXGOLD15M-26OCT042200-00,0.9990,25.02,yes
2026-10-05T01:59:23.428708Z,KXGOLD15M-26OCT042200-00,0.9980,91.62,no
2026-10-05T01:59:23.640051Z,KXGOLD15M-26OCT042200-00,0.9980,2.00,no
2026-10-05T01:59:23.640051Z,KXGOLD15M-26OCT042200-00,0.9980,25.02,no
2026-10-05T01:59:23.640051Z,KXGOLD15M-26OCT042200-00,0.9980,2222.00,no
2026-10-05T01:59:23.640051Z,KXGOLD15M-26OCT042200-00,0.9980,194.67,no
2026-10-05T01:59:23.640051Z,KXGOLD15M-26OCT042200-00,0.9980,292.36,no
2026-10-05T01:59:23.640051Z,KXGOLD15M-26OCT042200-00,0.9980,82.07,no
2026-10-05T01:59:23.640051Z,KXGOLD15M-26OCT042200-00,0.9980,169.27,no
2026-10-05T01:59:23.640051Z,KXGOLD15M-26OCT042200-00,0.9980,21.87,no
2026-10-05T01:59:23.640051Z,KXGOLD15M-26OCT042200-00,0.9980,2222.00,no
2026-10-05T01:59:23.640051Z,KXGOLD15M-26OCT042200-00,0.9980,135.00,no
2026-10-05T01:59:23.640051Z,KXGOLD15M-26OCT042200-00,0.9980,100.00,no
2026-10-05T01:59:23.640051Z,KXGOLD15M-26OCT042200-00,0.9970,235.45,no
2026-10-05T01:59:23.640051Z,KXGOLD15M-26OCT042200-00,0.9970,546.72,no
2026-10-05T01:59:23.640051Z,KXGOLD15M-26OCT042200-00,0.9980,200.18,no
2026-10-05T01:59:23.640051Z,KXGOLD15M-26OCT042200-00,0.9970,47.32,no
2026-10-05T01:59:23.640051Z,KXGOLD15M-26OCT042200-00,0.9980,179.34,no
2026-10-05T01:59:23.640051Z,KXGOLD15M-26OCT042200-00,0.9980,155.79,no
2026-10-05T01:59:23.640051Z,KXGOLD15M-26OCT042200-00,0.9980,1.00,no
2026-10-05T01:59:23.640051Z,KXGOLD15M-26OCT042200-00,0.9970,3333.00,no
2026-10-05T01:59:23.640051Z,KXGOLD15M-26OCT042200-00,0.9980,14.22,no
2026-10-05T01:59:23.640051Z,KXGOLD15M-26OCT042200-00,0.9980,112.77,no
2026-10-05T01:59:23.640051Z,KXGOLD15M-26OCT042200-00,0.9980,0.04,no
2026-10-05T01:59:23.640051Z,KXGOLD15M-26OCT042200-00,0.9980,500.00,no
2026-10-05T01:59:23.640051Z,KXGOLD15M-26OCT042200-00,0.9980,1914.00,no
2026-10-05T01:59:23.640051Z,KXGOLD15M-26OCT042200-00,0.9980,10.81,no
2026-10-05T01:59:23.640051Z,KXGOLD15M-26OCT042200-00,0.9980,0.01,no
2026-10-05T01:59:23.640051Z,KXGOLD15M-26OCT042200-00,0.9980,40.00,no
2026-10-05T01:59:23.640051Z,KXGOLD15M-26OCT042200-00,0.9980,1.00,no
2026-10-05T01:59:23.640051Z,KXGOLD15M-26OCT042200-00,0.9980,7926.83,no
2026-10-05T01:59:24.104157Z,KXGOLD15M-26OCT042200-00,0.9990,2222.00,yes
2026-10-05T01:59:25.808134Z,KXGOLD15M-26OCT042200-00,0.9990,10.00,yes
2026-10-05T01:59:25.91542Z,KXGOLD15M-26OCT042200-00,0.9990,600.55,yes
2026-10-05T01:59:26.540035Z,KXGOLD15M-26OCT042200-00,0.9990,50.04,yes
2026-10-05T01:59:27.085548Z,KXGOLD15M-26OCT042200-00,0.9990,1.00,yes
2026-10-05T01:59:27.961344Z,KXGOLD15M-26OCT042200-00,0.9980,4.59,no
2026-10-05T01:59:28.101502Z,KXGOLD15M-26OCT042200-00,0.9990,57.00,yes
2026-10-05T01:59:28.101502Z,KXGOLD15M-26OCT042200-00,0.9990,100.00,yes
2026-10-05T01:59:28.101502Z,KXGOLD15M-26OCT042200-00,0.9990,200.00,yes
2026-10-05T01:59:28.101502Z,KXGOLD15M-26OCT042200-00,0.9990,5.00,yes
2026-10-05T01:59:28.101502Z,KXGOLD15M-26OCT042200-00,0.9990,898.00,yes
2026-10-05T01:59:28.101502Z,KXGOLD15M-26OCT042200-00,0.9990,125.00,yes
2026-10-05T01:59:28.101502Z,KXGOLD15M-26OCT042200-00,0.9990,10000.00,yes
2026-10-05T01:59:28.101502Z,KXGOLD15M-26OCT042200-00,0.9990,5000.00,yes
2026-10-05T01:59:28.101502Z,KXGOLD15M-26OCT042200-00,0.9990,1.00,yes
2026-10-05T01:59:28.101502Z,KXGOLD15M-26OCT042200-00,0.9990,270.75,yes
2026-10-05T01:59:28.101502Z,KXGOLD15M-26OCT042200-00,0.9990,1250.00,yes
2026-10-05T01:59:28.101502Z,KXGOLD15M-26OCT042200-00,0.9990,400.00,yes
2026-10-05T01:59:28.295975Z,KXGOLD15M-26OCT042200-00,0.9990,1.54,no
2026-10-05T01:59:28.914936Z,KXGOLD15M-26OCT042200-00,0.9990,4506.96,no
2026-10-05T01:59:29.898415Z,KXGOLD15M-26OCT042200-00,0.9990,915.99,no
2026-10-05T01:59:31.030576Z,KXGOLD15M-26OCT042200-00,0.9990,915.99,no
2026-10-05T01:59:31.231203Z,KXGOLD15M-26OCT042200-00,0.9990,2351.75,no
2026-10-05T01:59:31.707584Z,KXGOLD15M-26OCT042200-00,0.9990,458.04,no
2026-10-05T01:59:32.149563Z,KXGOLD15M-26OCT042200-00,0.9990,6411.64,no
2026-10-05T01:59:32.50964Z,KXGOLD15M-26OCT042200-00,0.9990,564.20,no
2026-10-05T01:59:34.88184Z,KXGOLD15M-26OCT042200-00,0.9990,915.99,no
2026-10-05T01:59:34.904176Z,KXGOLD15M-26OCT042200-00,0.9990,4579.77,no
2026-10-05T01:59:34.906057Z,KXGOLD15M-26OCT042200-00,0.9990,2833.93,no
2026-10-05T01:59:34.906057Z,KXGOLD15M-26OCT042200-00,0.9990,4515.38,no
2026-10-05T01:59:36.479398Z,KXGOLD15M-26OCT042200-00,0.9990,10.81,no
2026-10-05T01:59:37.883559Z,KXGOLD15M-26OCT042200-00,0.9990,28.09,no
2026-10-05T01:59:37.915026Z,KXGOLD15M-26OCT042200-00,0.9990,9.20,no
2026-10-05T01:59:38.167357Z,KXGOLD15M-26OCT042200-00,0.9990,915.99,no
2026-10-05T01:59:38.968602Z,KXGOLD15M-26OCT042200-00,0.9990,5.05,no
2026-10-05T01:59:39.333827Z,KXGOLD15M-26OCT042200-00,0.9990,5.76,no
2026-10-05T01:59:40.142453Z,KXGOLD15M-26OCT042200-00,0.9990,1.00,no
2026-10-05T01:59:40.524084Z,KXGOLD15M-26OCT042200-00,0.9990,915.99,no
2026-10-05T01:59:41.56373Z,KXGOLD15M-26OCT042200-00,0.9990,9.20,no
2026-10-05T01:59:42.372833Z,KXGOLD15M-26OCT042200-00,0.9990,48.86,no
2026-10-05T01:59:42.496185Z,KXGOLD15M-26OCT042200-00,0.9990,2.03,no
2026-10-05T01:59:42.520704Z,KXGOLD15M-26OCT042200-00,0.9990,1.00,no
2026-10-05T01:59:43.450986Z,KXGOLD15M-26OCT042200-00,0.9990,1.46,no
2026-10-05T01:59:43.947205Z,KXGOLD15M-26OCT042200-00,0.9990,1831.90,no
2026-10-05T01:59:45.88927Z,KXGOLD15M-26OCT042200-00,0.9990,915.99,no
2026-10-05T01:59:46.611785Z,KXGOLD15M-26OCT042200-00,0.9990,5.00,no
2026-10-05T01:59:47.025681Z,KXGOLD15M-26OCT042200-00,0.9990,9.01,no
2026-10-05T01:59:47.283485Z,KXGOLD15M-26OCT042200-00,0.9990,2217.41,no
2026-10-05T01:59:47.283485Z,KXGOLD15M-26OCT042200-00,0.9990,600.55,no
2026-10-05T01:59:47.283485Z,KXGOLD15M-26OCT042200-00,0.9990,2449.73,no
2026-10-05T01:59:47.283485Z,KXGOLD15M-26OCT042200-00,0.9990,270.75,no
2026-10-05T01:59:47.283485Z,KXGOLD15M-26OCT042200-00,0.9990,61.04,no
2026-10-05T01:59:47.283485Z,KXGOLD15M-26OCT042200-00,0.9990,40.00,no
2026-10-05T01:59:47.283485Z,KXGOLD15M-26OCT042200-00,0.9990,2223.87,no
2026-10-05T01:59:47.283485Z,KXGOLD15M-26OCT042200-00,0.9990,1296.20,no
2026-10-05T01:59:50.252351Z,KXGOLD15M-26OCT042200-00,0.9990,1831.90,no
2026-10-05T01:59:51.987101Z,KXGOLD15M-26OCT042200-00,0.9990,915.99,no
2026-10-05T01:59:57.116882Z,KXGOLD15M-26OCT042200-00,0.9990,897.30,no
2026-10-05T01:59:57.547877Z,KXGOLD15M-26OCT042200-00,0.9990,915.99,no
2026-10-05T01:59:58.171666Z,KXGOLD15M-26OCT042200-00,0.9990,897.30,no
2026-10-05T01:59:59.491449Z,KXGOLD15M-26OCT042200-00,0.9990,915.99,no
2026-10-05T01:56:11.117773Z,KXSILVER15M-26OCT042200-00,0.9750,10.23,yes
2026-10-05T01:56:11.462758Z,KXSILVER15M-26OCT042200-00,0.9750,1.02,yes
2026-10-05T01:56:13.873475Z,KXSILVER15M-26OCT042200-00,0.9810,1.00,yes
2026-10-05T01:56:15.939619Z,KXSILVER15M-26OCT042200-00,0.9780,87.00,yes
2026-10-05T01:56:15.939619Z,KXSILVER15M-26OCT042200-00,0.9790,5.00,yes
2026-10-05T01:56:15.939619Z,KXSILVER15M-26OCT042200-00,0.9800,90.14,yes
2026-10-05T01:56:15.939619Z,KXSILVER15M-26OCT042200-00,0.9790,8.00,yes
2026-10-05T01:56:19.500867Z,KXSILVER15M-26OCT042200-00,0.9840,10.15,yes
2026-10-05T01:56:19.510617Z,KXSILVER15M-26OCT042200-00,0.9840,15.00,yes
2026-10-05T01:56:22.462792Z,KXSILVER15M-26OCT042200-00,0.9840,25.37,yes
2026-10-05T01:56:24.800971Z,KXSILVER15M-26OCT042200-00,0.9870,8.00,yes
2026-10-05T01:56:24.800971Z,KXSILVER15M-26OCT042200-00,0.9870,5.00,yes
2026-10-05T01:56:24.800971Z,KXSILVER15M-26OCT042200-00,0.9840,64.63,yes
2026-10-05T01:56:24.800971Z,KXSILVER15M-26OCT042200-00,0.9880,12.72,yes
2026-10-05T01:56:24.800971Z,KXSILVER15M-26OCT042200-00,0.9860,8.00,yes
2026-10-05T01:56:26.665009Z,KXSILVER15M-26OCT042200-00,0.9800,8.22,no
2026-10-05T01:56:26.665009Z,KXSILVER15M-26OCT042200-00,0.9810,12.72,no
2026-10-05T01:56:26.665009Z,KXSILVER15M-26OCT042200-00,0.9800,1.00,no
2026-10-05T01:56:26.665009Z,KXSILVER15M-26OCT042200-00,0.9800,2.00,no
2026-10-05T01:56:32.191604Z,KXSILVER15M-26OCT042200-00,0.9860,2.02,yes
2026-10-05T01:56:42.440825Z,KXSILVER15M-26OCT042200-00,0.9880,5.00,yes
2026-10-05T01:56:42.440825Z,KXSILVER15M-26OCT042200-00,0.9870,41.00,yes
2026-10-05T01:56:42.440825Z,KXSILVER15M-26OCT042200-00,0.9880,12.72,yes
2026-10-05T01:56:42.440825Z,KXSILVER15M-26OCT042200-00,0.9880,10.00,yes
2026-10-05T01:56:42.440825Z,KXSILVER15M-26OCT042200-00,0.9890,2.00,yes
2026-10-05T01:56:42.440825Z,KXSILVER15M-26OCT042200-00,0.9890,20.00,yes
2026-10-05T01:56:42.440825Z,KXSILVER15M-26OCT042200-00,0.9890,10.00,yes
2026-10-05T01:56:42.440825Z,KXSILVER15M-26OCT042200-00,0.9890,100.00,yes
2026-10-05T01:56:42.440825Z,KXSILVER15M-26OCT042200-00,0.9890,1.00,yes
2026-10-05T01:56:42.440825Z,KXSILVER15M-26OCT042200-00,0.9890,2.00,yes
2026-10-05T01:56:42.440825Z,KXSILVER15M-26OCT042200-00,0.9900,56.07,yes
2026-10-05T01:56:42.440825Z,KXSILVER15M-26OCT042200-00,0.9890,77.00,yes
2026-10-05T01:56:42.440825Z,KXSILVER15M-26OCT042200-00,0.9900,27.00,yes
2026-10-05T01:56:42.440825Z,KXSILVER15M-26OCT042200-00,0.9900,200.00,yes
2026-10-05T01:56:42.440825Z,KXSILVER15M-26OCT042200-00,0.9880,42.28,yes
2026-10-05T01:56:42.630839Z,KXSILVER15M-26OCT042200-00,0.9860,15.44,no
2026-10-05T01:56:42.689733Z,KXSILVER15M-26OCT042200-00,0.9880,39.00,yes
2026-10-05T01:56:43.674916Z,KXSILVER15M-26OCT042200-00,0.9890,10.00,yes
2026-10-05T01:56:43.674916Z,KXSILVER15M-26OCT042200-00,0.9890,5.00,yes
2026-10-05T01:56:44.405738Z,KXSILVER15M-26OCT042200-00,0.9860,6.68,no
2026-10-05T01:56:45.655465Z,KXSILVER15M-26OCT042200-00,0.9890,5.00,yes
2026-10-05T01:56:45.829164Z,KXSILVER15M-26OCT042200-00,0.9900,11.32,yes
2026-10-05T01:56:47.641498Z,KXSILVER15M-26OCT042200-00,0.9900,31.39,yes
2026-10-05T01:56:47.641498Z,KXSILVER15M-26OCT042200-00,0.9900,7.61,yes
2026-10-05T01:56:47.641498Z,KXSILVER15M-26OCT042200-00,0.9900,2.00,yes
2026-10-05T01:56:50.528615Z,KXSILVER15M-26OCT042200-00,0.9870,0.52,no
2026-10-05T01:56:57.897356Z,KXSILVER15M-26OCT042200-00,0.9900,17.17,yes
2026-10-05T01:56:57.897356Z,KXSILVER15M-26OCT042200-00,0.9900,6.58,yes
2026-10-05T01:56:57.897356Z,KXSILVER15M-26OCT042200-00,0.9940,48.45,yes
2026-10-05T01:56:57.897356Z,KXSILVER15M-26OCT042200-00,0.9900,30.00,yes
2026-10-05T01:56:57.897356Z,KXSILVER15M-26OCT042200-00,0.9920,51.00,yes
2026-10-05T01:56:57.897356Z,KXSILVER15M-26OCT042200-00,0.9900,75.00,yes
2026-10-05T01:56:57.897356Z,KXSILVER15M-26OCT042200-00,0.9900,2.00,yes
2026-10-05T01:56:57.897356Z,KXSILVER15M-26OCT042200-00,0.9900,1.19,yes
2026-10-05T01:56:57.897356Z,KXSILVER15M-26OCT042200-00,0.9900,68.61,yes
2026-10-05T01:57:03.586015Z,KXSILVER15M-26OCT042200-00,0.9940,17.20,yes
2026-10-05T01:57:04.534317Z,KXSILVER15M-26OCT042200-00,0.9940,74.80,yes
2026-10-05T01:57:05.309902Z,KXSILVER15M-26OCT042200-00,0.9940,5.00,no
2026-10-05T01:57:06.894605Z,KXSILVER15M-26OCT042200-00,0.9940,1.03,no
2026-10-05T01:57:09.035289Z,KXSILVER15M-26OCT042200-00,0.9940,0.53,no
2026-10-05T01:57:09.035289Z,KXSILVER15M-26OCT042200-00,0.9940,35.28,no
2026-10-05T01:57:09.076319Z,KXSILVER15M-26OCT042200-00,0.9940,10.00,no
2026-10-05T01:57:09.076319Z,KXSILVER15M-26OCT042200-00,0.9940,20.79,no
2026-10-05T01:57:09.076319Z,KXSILVER15M-26OCT042200-00,0.9910,10.00,no
2026-10-05T01:57:09.076319Z,KXSILVER15M-26OCT042200-00,0.9940,7.61,no
2026-10-05T01:57:09.076319Z,KXSILVER15M-26OCT042200-00,0.9940,11.32,no
2026-10-05T01:57:09.076319Z,KXSILVER15M-26OCT042200-00,0.9900,181.07,no
2026-10-05T01:57:09.076319Z,KXSILVER15M-26OCT042200-00,0.9940,75.00,no
2026-10-05T01:57:09.076319Z,KXSILVER15M-26OCT042200-00,0.9900,109.00,no
2026-10-05T01:57:09.076319Z,KXSILVER15M-26OCT042200-00,0.9910,94.00,no
2026-10-05T01:57:09.694251Z,KXSILVER15M-26OCT042200-00,0.9950,6.00,yes
2026-10-05T01:57:09.694251Z,KXSILVER15M-26OCT042200-00,0.9950,5.00,yes
2026-10-05T01:57:09.694251Z,KXSILVER15M-26OCT042200-00,0.9950,9.09,yes
2026-10-05T01:57:12.05023Z,KXSILVER15M-26OCT042200-00,0.9900,93.51,no
2026-10-05T01:57:17.956803Z,KXSILVER15M-26OCT042200-00,0.9950,4.28,yes
2026-10-05T01:57:20.404786Z,KXSILVER15M-26OCT042200-00,0.9950,0.50,yes
2026-10-05T01:57:20.442627Z,KXSILVER15M-26OCT042200-00,0.9950,3.01,yes
2026-10-05T01:57:27.348544Z,KXSILVER15M-26OCT042200-00,0.9900,5.00,no
2026-10-05T01:57:34.404297Z,KXSILVER15M-26OCT042200-00,0.9960,6.00,yes
2026-10-05T01:57:34.404297Z,KXSILVER15M-26OCT042200-00,0.9960,5.00,yes
2026-10-05T01:57:39.855338Z,KXSILVER15M-26OCT042200-00,0.9930,10.30,no
2026-10-05T01:57:48.188376Z,KXSILVER15M-26OCT042200-00,0.9970,9.02,yes
2026-10-05T01:57:50.964036Z,KXSILVER15M-26OCT042200-00,0.9970,4.31,yes
2026-10-05T01:58:04.17967Z,KXSILVER15M-26OCT042200-00,0.9940,4.31,no
2026-10-05T01:58:04.17967Z,KXSILVER15M-26OCT042200-00,0.9940,9.02,no
2026-10-05T01:58:04.17967Z,KXSILVER15M-26OCT042200-00,0.9940,30.00,no
2026-10-05T01:58:04.17967Z,KXSILVER15M-26OCT042200-00,0.9940,73.19,no
2026-10-05T01:58:11.088707Z,KXSILVER15M-26OCT042200-00,0.9950,186.97,no
2026-10-05T01:58:16.163667Z,KXSILVER15M-26OCT042200-00,0.9970,6.00,yes
2026-10-05T01:58:16.163667Z,KXSILVER15M-26OCT042200-00,0.9970,5.00,yes
2026-10-05T01:58:16.163667Z,KXSILVER15M-26OCT042200-00,0.9970,236.67,yes
2026-10-05T01:58:19.770903Z,KXSILVER15M-26OCT042200-00,0.9980,195.00,yes
2026-10-05T01:58:24.353658Z,KXSILVER15M-26OCT042200-00,0.9960,186.97,no
2026-10-05T01:58:27.824439Z,KXSILVER15M-26OCT042200-00,0.9960,229.04,no
2026-10-05T01:58:30.425903Z,KXSILVER15M-26OCT042200-00,0.9980,2.00,yes
2026-10-05T01:58:36.274983Z,KXSILVER15M-26OCT042200-00,0.9980,1.00,yes
2026-10-05T01:58:39.882717Z,KXSILVER15M-26OCT042200-00,0.9980,11.51,yes
2026-10-05T01:58:40.508096Z,KXSILVER15M-26OCT042200-00,0.9960,221.41,no
2026-10-05T01:58:40.508096Z,KXSILVER15M-26OCT042200-00,0.9960,7.63,no
2026-10-05T01:58:47.008209Z,KXSILVER15M-26OCT042200-00,0.9980,1.00,yes
2026-10-05T01:59:01.215526Z,KXSILVER15M-26OCT042200-00,0.9980,60.11,yes
2026-10-05T01:59:13.976438Z,KXSILVER15M-26OCT042200-00,0.9970,2.02,no
2026-10-05T01:59:15.68009Z,KXSILVER15M-26OCT042200-00,0.9980,12.08,yes
2026-10-05T01:59:28.190749Z,KXSILVER15M-26OCT042200-00,0.9970,77.89,no
2026-10-05T01:59:31.192554Z,KXSILVER15M-26OCT042200-00,0.9970,3.06,no
2026-10-05T01:59:33.85399Z,KXSILVER15M-26OCT042200-00,0.9970,146.03,no
2026-10-05T01:59:33.85399Z,KXSILVER15M-26OCT042200-00,0.9970,9.76,no
2026-10-05T01:59:35.282135Z,KXSILVER15M-26OCT042200-00,0.9980,5.01,yes
2026-10-05T01:59:36.135216Z,KXSILVER15M-26OCT042200-00,0.9980,3.00,yes
2026-10-05T01:59:41.231654Z,KXSILVER15M-26OCT042200-00,0.9970,149.00,no
2026-10-05T01:59:41.231654Z,KXSILVER15M-26OCT042200-00,0.9970,0.01,no
2026-10-05T01:59:41.231654Z,KXSILVER15M-26OCT042200-00,0.9970,95.29,no
2026-10-05T01:59:42.588612Z,KXSILVER15M-26OCT042200-00,0.9980,80.00,yes
2026-10-05T01:59:43.650687Z,KXSILVER15M-26OCT042200-00,0.9980,60.00,yes
2026-10-05T01:59:44.226493Z,KXSILVER15M-26OCT042200-00,0.9980,45.00,yes
2026-10-05T01:59:44.652079Z,KXSILVER15M-26OCT042200-00,0.9980,34.00,yes
2026-10-05T01:59:45.178265Z,KXSILVER15M-26OCT042200-00,0.9980,23.00,yes
2026-10-05T01:59:45.413588Z,KXSILVER15M-26OCT042200-00,0.9980,8.00,yes
2026-10-05T01:59:46.419735Z,KXSILVER15M-26OCT042200-00,0.9980,0.71,yes
2026-10-05T01:59:46.419735Z,KXSILVER15M-26OCT042200-00,0.9980,59.29,yes
2026-10-05T01:59:47.715053Z,KXSILVER15M-26OCT042200-00,0.9990,100.00,yes
2026-10-05T01:59:47.715053Z,KXSILVER15M-26OCT042200-00,0.9990,5.00,yes
2026-10-05T01:59:47.715053Z,KXSILVER15M-26OCT042200-00,0.9990,10.00,yes
2026-10-05T01:59:47.715053Z,KXSILVER15M-26OCT042200-00,0.9990,120.00,yes
2026-10-05T01:59:47.715053Z,KXSILVER15M-26OCT042200-00,0.9980,1.00,yes
2026-10-05T01:59:47.715053Z,KXSILVER15M-26OCT042200-00,0.9980,0.29,yes
2026-10-05T01:59:47.715053Z,KXSILVER15M-26OCT042200-00,0.9990,350.00,yes
2026-10-05T01:59:47.715053Z,KXSILVER15M-26OCT042200-00,0.9990,1.00,yes
2026-10-05T01:59:47.715053Z,KXSILVER15M-26OCT042200-00,0.9990,500.00,yes
2026-10-05T01:57:09.078955Z,KXPLATINUM15M-26OCT042200-00,0.9800,5.09,no
2026-10-05T01:57:17.885381Z,KXPLATINUM15M-26OCT042200-00,0.9800,2.00,no
2026-10-05T01:57:23.435581Z,KXPLATINUM15M-26OCT042200-00,0.9900,200.00,yes
2026-10-05T01:57:26.806431Z,KXPLATINUM15M-26OCT042200-00,0.9800,2.68,no
2026-10-05T01:57:29.418975Z,KXPLATINUM15M-26OCT042200-00,0.9900,9.08,yes
2026-10-05T01:57:30.246043Z,KXPLATINUM15M-26OCT042200-00,0.9900,10.00,yes
2026-10-05T01:57:39.756993Z,KXPLATINUM15M-26OCT042200-00,0.9900,26.00,yes
2026-10-05T01:57:52.655084Z,KXPLATINUM15M-26OCT042200-00,0.9900,0.25,yes
2026-10-05T01:58:00.141435Z,KXPLATINUM15M-26OCT042200-00,0.9900,1299.31,yes
2026-10-05T01:58:00.141435Z,KXPLATINUM15M-26OCT042200-00,0.9900,1.00,yes
2026-10-05T01:58:00.141435Z,KXPLATINUM15M-26OCT042200-00,0.9900,2.00,yes
2026-10-05T01:58:00.141435Z,KXPLATINUM15M-26OCT042200-00,0.9900,2.00,yes
2026-10-05T01:58:00.141435Z,KXPLATINUM15M-26OCT042200-00,0.9900,4.00,yes
2026-10-05T01:58:00.141435Z,KXPLATINUM15M-26OCT042200-00,0.9900,7.97,yes
2026-10-05T01:58:00.141435Z,KXPLATINUM15M-26OCT042200-00,0.9900,1.00,yes
2026-10-05T01:58:00.141435Z,KXPLATINUM15M-26OCT042200-00,0.9900,914.72,yes
2026-10-05T01:58:00.141435Z,KXPLATINUM15M-26OCT042200-00,0.9900,20.00,yes
2026-10-05T01:58:00.141435Z,KXPLATINUM15M-26OCT042200-00,0.9900,1.00,yes
2026-10-05T01:58:00.141435Z,KXPLATINUM15M-26OCT042200-00,0.9900,20.00,yes
2026-10-05T01:58:00.141435Z,KXPLATINUM15M-26OCT042200-00,0.9900,10.00,yes
2026-10-05T01:58:00.141435Z,KXPLATINUM15M-26OCT042200-00,0.9900,100.00,yes
2026-10-05T01:58:00.141435Z,KXPLATINUM15M-26OCT042200-00,0.9900,2.00,yes
2026-10-05T01:58:00.141435Z,KXPLATINUM15M-26OCT042200-00,0.9900,2.00,yes
2026-10-05T01:58:00.324569Z,KXPLATINUM15M-26OCT042200-00,0.9900,10.00,yes
2026-10-05T01:58:00.324569Z,KXPLATINUM15M-26OCT042200-00,0.9900,12.31,yes
2026-10-05T01:58:00.324569Z,KXPLATINUM15M-26OCT042200-00,0.9900,0.69,yes
2026-10-05T01:58:00.530966Z,KXPLATINUM15M-26OCT042200-00,0.9900,20.00,no
2026-10-05T01:58:17.046896Z,KXPLATINUM15M-26OCT042200-00,0.9900,18.70,no
2026-10-05T01:58:36.9789Z,KXPLATINUM15M-26OCT042200-00,0.9900,10.18,no
2026-10-05T01:57:23.339679Z,KXNATGAS15M-26OCT042200-00,0.9900,20.18,yes
2026-10-05T01:57:30.219661Z,KXNATGAS15M-26OCT042200-00,0.9900,11.10,yes
2026-10-05T01:57:33.575896Z,KXNATGAS15M-26OCT042200-00,0.9800,114.00,no
2026-10-05T01:57:33.575896Z,KXNATGAS15M-26OCT042200-00,0.9800,2.00,no
2026-10-05T01:57:33.575896Z,KXNATGAS15M-26OCT042200-00,0.9800,24.68,no
2026-10-05T01:57:33.575896Z,KXNATGAS15M-26OCT042200-00,0.9800,41.00,no
2026-10-05T01:57:33.575896Z,KXNATGAS15M-26OCT042200-00,0.9800,60.00,no
2026-10-05T01:57:33.575896Z,KXNATGAS15M-26OCT042200-00,0.9800,30.00,no
2026-10-05T01:57:33.575896Z,KXNATGAS15M-26OCT042200-00,0.9800,23.06,no
2026-10-05T01:57:33.575896Z,KXNATGAS15M-26OCT042200-00,0.9800,2.00,no
2026-10-05T01:57:33.575896Z,KXNATGAS15M-26OCT042200-00,0.9800,1.00,no
2026-10-05T01:57:33.575896Z,KXNATGAS15M-26OCT042200-00,0.9800,169.16,no
2026-10-05T01:57:33.575896Z,KXNATGAS15M-26OCT042200-00,0.9800,1.00,no
2026-10-05T01:57:39.775349Z,KXNATGAS15M-26OCT042200-00,0.9900,131.43,yes
2026-10-05T01:57:44.689462Z,KXNATGAS15M-26OCT042200-00,0.9900,265.31,yes
2026-10-05T01:57:44.689462Z,KXNATGAS15M-26OCT042200-00,0.9900,6.00,yes
2026-10-05T01:57:44.689462Z,KXNATGAS15M-26OCT042200-00,0.9900,1.00,yes
2026-10-05T01:57:44.689462Z,KXNATGAS15M-26OCT042200-00,0.9900,1085.47,yes
2026-10-05T01:57:44.689462Z,KXNATGAS15M-26OCT042200-00,0.9900,20.00,yes
2026-10-05T01:57:44.689462Z,KXNATGAS15M-26OCT042200-00,0.9900,2.00,yes
2026-10-05T01:57:44.689462Z,KXNATGAS15M-26OCT042200-00,0.9900,2.00,yes
2026-10-05T01:57:44.689462Z,KXNATGAS15M-26OCT042200-00,0.9900,1.00,yes
2026-10-05T01:57:44.689462Z,KXNATGAS15M-26OCT042200-00,0.9900,20.00,yes
2026-10-05T01:57:44.689462Z,KXNATGAS15M-26OCT042200-00,0.9900,10.00,yes
2026-10-05T01:57:44.689462Z,KXNATGAS15M-26OCT042200-00,0.9900,100.00,yes
2026-10-05T01:57:44.689462Z,KXNATGAS15M-26OCT042200-00,0.9900,2.00,yes
2026-10-05T01:57:44.689462Z,KXNATGAS15M-26OCT042200-00,0.9900,25.00,yes
2026-10-05T01:57:44.689462Z,KXNATGAS15M-26OCT042200-00,0.9900,100.00,yes
2026-10-05T01:57:44.689462Z,KXNATGAS15M-26OCT042200-00,0.9900,7.46,yes
2026-10-05T01:57:44.689462Z,KXNATGAS15M-26OCT042200-00,0.9900,2.46,yes
2026-10-05T01:57:44.689462Z,KXNATGAS15M-26OCT042200-00,0.9900,16.30,yes
2026-10-05T01:57:44.689462Z,KXNATGAS15M-26OCT042200-00,0.9900,2.00,yes
2026-10-05T01:57:47.709618Z,KXNATGAS15M-26OCT042200-00,0.9900,10.00,yes
2026-10-05T01:57:49.130148Z,KXNATGAS15M-26OCT042200-00,0.9900,3.02,yes
2026-10-05T01:57:49.634466Z,KXNATGAS15M-26OCT042200-00,0.9900,0.53,yes
2026-10-05T01:57:49.634466Z,KXNATGAS15M-26OCT042200-00,0.9900,21.67,yes
2026-10-05T01:57:49.698477Z,KXNATGAS15M-26OCT042200-00,0.9900,27.81,yes
2026-10-05T01:57:49.698477Z,KXNATGAS15M-26OCT042200-00,0.9900,1.00,yes
2026-10-05T01:57:49.698477Z,KXNATGAS15M-26OCT042200-00,0.9900,2.47,yes
2026-10-05T01:57:49.699348Z,KXNATGAS15M-26OCT042200-00,0.9900,1085.47,yes
2026-10-05T01:57:49.699884Z,KXNATGAS15M-26OCT042200-00,0.9900,131.43,yes
2026-10-05T01:57:51.327478Z,KXNATGAS15M-26OCT042200-00,0.9900,10.00,yes
2026-10-05T01:57:55.128831Z,KXNATGAS15M-26OCT042200-00,0.9900,12.20,yes
2026-10-05T01:57:55.128831Z,KXNATGAS15M-26OCT042200-00,0.9900,2.00,yes
2026-10-05T01:57:55.128831Z,KXNATGAS15M-26OCT042200-00,0.9900,8.00,yes
2026-10-05T01:57:55.903076Z,KXNATGAS15M-26OCT042200-00,0.9900,4.98,yes
2026-10-05T01:58:00.481399Z,KXNATGAS15M-26OCT042200-00,0.9900,1.65,yes
2026-10-05T01:58:00.481399Z,KXNATGAS15M-26OCT042200-00,0.9900,0.53,yes
2026-10-05T01:58:00.481399Z,KXNATGAS15M-26OCT042200-00,0.9900,2.82,yes
2026-10-05T01:58:01.991846Z,KXNATGAS15M-26OCT042200-00,0.9900,8.00,yes
2026-10-05T01:58:01.991846Z,KXNATGAS15M-26OCT042200-00,0.9900,0.18,yes
2026-10-05T01:58:01.991846Z,KXNATGAS15M-26OCT042200-00,0.9900,1.82,yes
2026-10-05T01:58:04.504512Z,KXNATGAS15M-26OCT042200-00,0.9900,3.82,yes
2026-10-05T01:58:04.504512Z,KXNATGAS15M-26OCT042200-00,0.9900,2.18,yes
2026-10-05T01:58:04.504512Z,KXNATGAS15M-26OCT042200-00,0.9900,1.82,yes
2026-10-05T01:58:15.964893Z,KXNATGAS15M-26OCT042200-00,0.9900,46.75,no
2026-10-05T01:58:27.119366Z,KXNATGAS15M-26OCT042200-00,0.9900,40.00,no
2026-10-05T01:58:27.119366Z,KXNATGAS15M-26OCT042200-00,0.9900,5.00,no
2026-10-05T01:58:27.119366Z,KXNATGAS15M-26OCT042200-00,0.9900,34.00,no
2026-10-05T01:58:27.119366Z,KXNATGAS15M-26OCT042200-00,0.9900,30.00,no
2026-10-05T01:58:27.119366Z,KXNATGAS15M-26OCT042200-00,0.9900,60.00,no
2026-10-05T01:58:27.119366Z,KXNATGAS15M-26OCT042200-00,0.9900,12.20,no
2026-10-05T01:58:27.119366Z,KXNATGAS15M-26OCT042200-00,0.9900,4.98,no
2026-10-05T01:58:27.119366Z,KXNATGAS15M-26OCT042200-00,0.9900,2.82,no
2026-10-05T01:58:27.119366Z,KXNATGAS15M-26OCT042200-00,0.9900,100.00,no
2026-10-05T01:58:27.119366Z,KXNATGAS15M-26OCT042200-00,0.9900,20.00,no
2026-10-05T01:58:27.119366Z,KXNATGAS15M-26OCT042200-00,0.9800,77.07,no
2026-10-05T01:58:27.119366Z,KXNATGAS15M-26OCT042200-00,0.9800,2.00,no
2026-10-05T01:58:27.463837Z,KXNATGAS15M-26OCT042200-00,0.9900,2.00,yes
2026-10-05T01:57:21.450553Z,KXCOPPER15M-26OCT042200-00,0.9900,8.55,yes
2026-10-05T01:57:22.765095Z,KXCOPPER15M-26OCT042200-00,0.9800,1.00,no
2026-10-05T01:57:22.765095Z,KXCOPPER15M-26OCT042200-00,0.9800,3.67,no
2026-10-05T01:57:23.505411Z,KXCOPPER15M-26OCT042200-00,0.9900,200.00,yes
2026-10-05T01:57:26.07576Z,KXCOPPER15M-26OCT042200-00,0.9900,70.27,yes
2026-10-05T01:57:36.968935Z,KXCOPPER15M-26OCT042200-00,0.9900,1.00,yes
2026-10-05T01:57:37.468653Z,KXCOPPER15M-26OCT042200-00,0.9900,45.42,yes
2026-10-05T01:57:39.677047Z,KXCOPPER15M-26OCT042200-00,0.9900,8.07,yes
2026-10-05T01:57:41.087202Z,KXCOPPER15M-26OCT042200-00,0.9900,22.20,yes
2026-10-05T01:57:44.397307Z,KXCOPPER15M-26OCT042200-00,0.9900,10.00,yes
2026-10-05T01:57:44.735164Z,KXCOPPER15M-26OCT042200-00,0.9900,22.20,yes
2026-10-05T01:57:46.546045Z,KXCOPPER15M-26OCT042200-00,0.9800,1.00,no
2026-10-05T01:57:47.535255Z,KXCOPPER15M-26OCT042200-00,0.9900,18.00,yes
2026-10-05T01:57:48.222417Z,KXCOPPER15M-26OCT042200-00,0.9900,23.48,yes
2026-10-05T01:57:50.738723Z,KXCOPPER15M-26OCT042200-00,0.9900,2.00,yes
2026-10-05T01:57:50.738723Z,KXCOPPER15M-26OCT042200-00,0.9900,4.23,yes
2026-10-05T01:57:50.738723Z,KXCOPPER15M-26OCT042200-00,0.9900,20.00,yes
2026-10-05T01:57:50.738723Z,KXCOPPER15M-26OCT042200-00,0.9900,7.14,yes
2026-10-05T01:57:50.738723Z,KXCOPPER15M-26OCT042200-00,0.9900,10.00,yes
2026-10-05T01:57:50.738723Z,KXCOPPER15M-26OCT042200-00,0.9900,100.00,yes
2026-10-05T01:57:50.738723Z,KXCOPPER15M-26OCT042200-00,0.9900,2.00,yes
2026-10-05T01:57:50.738723Z,KXCOPPER15M-26OCT042200-00,0.9900,2.00,yes
2026-10-05T01:57:50.738723Z,KXCOPPER15M-26OCT042200-00,0.9900,20.00,yes
2026-10-05T01:57:50.738723Z,KXCOPPER15M-26OCT042200-00,0.9900,1.00,yes
2026-10-05T01:57:50.738723Z,KXCOPPER15M-26OCT042200-00,0.9900,6.00,yes
2026-10-05T01:57:50.738723Z,KXCOPPER15M-26OCT042200-00,0.9900,1.00,yes
2026-10-05T01:57:50.738723Z,KXCOPPER15M-26OCT042200-00,0.9900,19.63,yes
2026-10-05T01:57:51.069712Z,KXCOPPER15M-26OCT042200-00,0.9900,2.00,yes
2026-10-05T01:57:51.80526Z,KXCOPPER15M-26OCT042200-00,0.9900,8.55,yes
2026-10-05T01:57:55.748418Z,KXCOPPER15M-26OCT042200-00,0.9900,45.42,yes
2026-10-05T01:57:55.748699Z,KXCOPPER15M-26OCT042200-00,0.9900,22.20,yes
2026-10-05T01:57:55.748981Z,KXCOPPER15M-26OCT042200-00,0.9900,4.88,yes
2026-10-05T01:57:55.748981Z,KXCOPPER15M-26OCT042200-00,0.9900,1.00,yes
2026-10-05T01:57:55.748981Z,KXCOPPER15M-26OCT042200-00,0.9900,17.60,yes
2026-10-05T01:57:55.74904Z,KXCOPPER15M-26OCT042200-00,0.9900,66.15,yes
2026-10-05T01:57:55.74904Z,KXCOPPER15M-26OCT042200-00,0.9900,2.12,yes
2026-10-05T01:57:55.74904Z,KXCOPPER15M-26OCT042200-00,0.9900,2.00,yes
2026-10-05T01:57:55.750016Z,KXCOPPER15M-26OCT042200-00,0.9900,33.85,yes
2026-10-05T01:57:55.750016Z,KXCOPPER15M-26OCT042200-00,0.9900,5.00,yes
2026-10-05T01:57:55.750016Z,KXCOPPER15M-26OCT042200-00,0.9900,20.00,yes
2026-10-05T01:58:06.653821Z,KXCOPPER15M-26OCT042200-00,0.9900,46.75,no
2026-10-05T01:58:31.753746Z,KXCOPPER15M-26OCT042200-00,0.9900,93.51,no
2026-10-05T01:58:34.077535Z,KXCOPPER15M-26OCT042200-00,0.9900,0.04,no
2026-10-05T01:58:34.077535Z,KXCOPPER15M-26OCT042200-00,0.9900,0.89,no
2026-10-05T01:59:13.098909Z,KXCOPPER15M-26OCT042200-00,0.9900,5.00,no
2026-10-05T01:59:13.098909Z,KXCOPPER15M-26OCT042200-00,0.9900,4.62,no
2026-10-05T01:59:13.098909Z,KXCOPPER15M-26OCT042200-00,0.9900,20.00,no
2026-10-05T01:59:13.098909Z,KXCOPPER15M-26OCT042200-00,0.9900,88.41,no
2026-10-05T01:59:13.098909Z,KXCOPPER15M-26OCT042200-00,0.9900,20.00,no
2026-10-05T01:59:13.098909Z,KXCOPPER15M-26OCT042200-00,0.9900,40.00,no
2026-10-05T01:59:13.098909Z,KXCOPPER15M-26OCT042200-00,0.9900,9.00,no
2026-10-05T01:59:45.946895Z,KXCOPPER15M-26OCT042200-00,0.9900,20.99,no
2026-10-05T01:59:45.946895Z,KXCOPPER15M-26OCT042200-00,0.9900,2.38,no
2026-10-05T01:57:32.819736Z,KXUSDJPY15M-26OCT042200-30,0.9800,3.00,no
2026-10-05T01:57:32.819736Z,KXUSDJPY15M-26OCT042200-30,0.9800,3.00,no
2026-10-05T01:57:32.819736Z,KXUSDJPY15M-26OCT042200-30,0.9800,3.00,no
2026-10-05T01:57:32.819736Z,KXUSDJPY15M-26OCT042200-30,0.9800,24.75,no
2026-10-05T01:57:32.819736Z,KXUSDJPY15M-26OCT042200-30,0.9800,3.00,no
2026-10-05T01:57:32.819736Z,KXUSDJPY15M-26OCT042200-30,0.9800,4.04,no
2026-10-05T01:57:32.819736Z,KXUSDJPY15M-26OCT042200-30,0.9800,3.00,no
2026-10-05T01:57:32.819736Z,KXUSDJPY15M-26OCT042200-30,0.9800,3.00,no
2026-10-05T01:57:36.460851Z,KXUSDJPY15M-26OCT042200-30,0.9900,1.00,yes
2026-10-05T01:57:44.491829Z,KXUSDJPY15M-26OCT042200-30,0.9900,0.10,yes
2026-10-05T01:57:49.011168Z,KXUSDJPY15M-26OCT042200-30,0.9800,7.09,no
2026-10-05T01:57:54.957609Z,KXUSDJPY15M-26OCT042200-30,0.9900,6.14,yes
2026-10-05T01:57:54.957609Z,KXUSDJPY15M-26OCT042200-30,0.9900,160.00,yes
2026-10-05T01:57:54.957609Z,KXUSDJPY15M-26OCT042200-30,0.9900,4.86,yes
2026-10-05T01:57:54.957609Z,KXUSDJPY15M-26OCT042200-30,0.9900,1.00,yes
2026-10-05T01:57:54.957609Z,KXUSDJPY15M-26OCT042200-30,0.9900,2.00,yes
2026-10-05T01:57:54.957609Z,KXUSDJPY15M-26OCT042200-30,0.9900,1.00,yes
2026-10-05T01:57:54.968474Z,KXUSDJPY15M-26OCT042200-30,0.9900,0.95,yes
2026-10-05T01:58:19.729234Z,KXUSDJPY15M-26OCT042200-30,0.9900,47.19,no
2026-10-05T01:58:30.047084Z,KXUSDJPY15M-26OCT042200-30,0.9900,4.00,no
2026-10-05T01:58:35.918654Z,KXUSDJPY15M-26OCT042200-30,0.9900,5.00,no
2026-10-05T01:58:35.918654Z,KXUSDJPY15M-26OCT042200-30,0.9900,30.00,no
2026-10-05T01:58:35.918654Z,KXUSDJPY15M-26OCT042200-30,0.9900,5.00,no
2026-10-05T01:58:35.918654Z,KXUSDJPY15M-26OCT042200-30,0.9900,60.00,no
2026-10-05T01:58:35.918654Z,KXUSDJPY15M-26OCT042200-30,0.9900,3.00,no
2026-10-05T01:58:35.918654Z,KXUSDJPY15M-26OCT042200-30,0.9900,3.00,no
2026-10-05T01:58:35.918654Z,KXUSDJPY15M-26OCT042200-30,0.9900,3.00,no
2026-10-05T01:58:35.918654Z,KXUSDJPY15M-26OCT042200-30,0.9900,3.00,no
2026-10-05T01:58:35.918654Z,KXUSDJPY15M-26OCT042200-30,0.9800,37.43,no
2026-10-05T01:59:33.457025Z,KXUSDJPY15M-26OCT042200-30,0.9800,3.00,no
2026-10-05T01:59:33.457025Z,KXUSDJPY15M-26OCT042200-30,0.9800,2.82,no
2026-10-05T01:59:33.457025Z,KXUSDJPY15M-26OCT042200-30,0.9800,3.00,no
2026-10-05T01:59:33.457025Z,KXUSDJPY15M-26OCT042200-30,0.9800,1.00,no
2026-10-05T01:57:43.050783Z,KXBTC15M-26OCT042200-00,0.0270,32.28,yes
2026-10-05T01:57:43.125394Z,KXBTC15M-26OCT042200-00,0.0270,24.00,yes
2026-10-05T01:57:43.155204Z,KXBTC15M-26OCT042200-00,0.0270,11.39,yes
2026-10-05T01:57:43.387914Z,KXBTC15M-26OCT042200-00,0.0270,34.67,yes
2026-10-05T01:57:43.506079Z,KXBTC15M-26OCT042200-00,0.0270,69.35,yes
2026-10-05T01:57:43.514821Z,KXBTC15M-26OCT042200-00,0.0260,75.98,no
2026-10-05T01:57:43.514821Z,KXBTC15M-26OCT042200-00,0.0260,0.01,no
2026-10-05T01:57:43.514821Z,KXBTC15M-26OCT042200-00,0.0260,0.01,no
2026-10-05T01:57:43.766313Z,KXBTC15M-26OCT042200-00,0.0260,59.02,no
2026-10-05T01:57:43.898174Z,KXBTC15M-26OCT042200-00,0.0270,1.73,yes
2026-10-05T01:57:43.904939Z,KXBTC15M-26OCT042200-00,0.0260,0.01,no
2026-10-05T01:57:43.904939Z,KXBTC15M-26OCT042200-00,0.0260,0.01,no
2026-10-05T01:57:43.904939Z,KXBTC15M-26OCT042200-00,0.0260,9.98,no
2026-10-05T01:57:43.915525Z,KXBTC15M-26OCT042200-00,0.0270,13.74,yes
2026-10-05T01:57:43.915525Z,KXBTC15M-26OCT042200-00,0.0270,403.96,yes
2026-10-05T01:57:43.915525Z,KXBTC15M-26OCT042200-00,0.0270,1.00,yes
2026-10-05T01:57:43.915525Z,KXBTC15M-26OCT042200-00,0.0270,100.00,yes
2026-10-05T01:57:43.915525Z,KXBTC15M-26OCT042200-00,0.0270,400.00,yes
2026-10-05T01:57:43.970299Z,KXBTC15M-26OCT042200-00,0.0270,58.79,yes
2026-10-05T01:57:43.970299Z,KXBTC15M-26OCT042200-00,0.0270,0.01,yes
2026-10-05T01:57:43.970299Z,KXBTC15M-26OCT042200-00,0.0270,96.04,yes
2026-10-05T01:57:43.970299Z,KXBTC15M-26OCT042200-00,0.0270,0.01,yes
2026-10-05T01:57:44.006295Z,KXBTC15M-26OCT042200-00,0.0270,9.00,yes
2026-10-05T01:57:44.006295Z,KXBTC15M-26OCT042200-00,0.0270,40.21,yes
2026-10-05T01:57:44.006295Z,KXBTC15M-26OCT042200-00,0.0270,20.14,yes
2026-10-05T01:57:44.027583Z,KXBTC15M-26OCT042200-00,0.0260,10.00,no
2026-10-05T01:57:44.030901Z,KXBTC15M-26OCT042200-00,0.0270,34.67,yes
2026-10-05T01:57:44.045759Z,KXBTC15M-26OCT042200-00,0.0270,11.55,yes
2026-10-05T01:57:44.059539Z,KXBTC15M-26OCT042200-00,0.0270,34.67,yes
2026-10-05T01:57:44.16421Z,KXBTC15M-26OCT042200-00,0.0270,34.67,yes
2026-10-05T01:57:44.166915Z,KXBTC15M-26OCT042200-00,0.0270,0.01,yes
2026-10-05T01:57:44.166915Z,KXBTC15M-26OCT042200-00,0.0270,100.00,yes
2026-10-05T01:57:44.166915Z,KXBTC15M-26OCT042200-00,0.0270,0.01,yes
2026-10-05T01:57:44.166915Z,KXBTC15M-26OCT042200-00,0.0270,400.00,yes
2026-10-05T01:57:44.166915Z,KXBTC15M-26OCT042200-00,0.0270,50.00,yes
2026-10-05T01:57:44.166915Z,KXBTC15M-26OCT042200-00,0.0270,479.24,yes
2026-10-05T01:57:44.166915Z,KXBTC15M-26OCT042200-00,0.0270,15.00,yes
2026-10-05T01:57:44.166915Z,KXBTC15M-26OCT042200-00,0.0270,99.00,yes
2026-10-05T01:57:44.166915Z,KXBTC15M-26OCT042200-00,0.0270,10.00,yes
2026-10-05T01:57:44.166915Z,KXBTC15M-26OCT042200-00,0.0270,2.00,yes
2026-10-05T01:57:44.166915Z,KXBTC15M-26OCT042200-00,0.0270,10.00,yes
2026-10-05T01:57:44.166915Z,KXBTC15M-26OCT042200-00,0.0270,17.00,yes
2026-10-05T01:57:44.166915Z,KXBTC15M-26OCT042200-00,0.0270,2.00,yes
2026-10-05T01:57:44.166915Z,KXBTC15M-26OCT042200-00,0.0270,64.30,yes
2026-10-05T01:57:44.166915Z,KXBTC15M-26OCT042200-00,0.0270,144.00,yes
2026-10-05T01:57:44.166915Z,KXBTC15M-26OCT042200-00,0.0270,319.55,yes
2026-10-05T01:57:44.195854Z,KXBTC15M-26OCT042200-00,0.0270,160.93,yes
2026-10-05T01:57:44.195854Z,KXBTC15M-26OCT042200-00,0.0270,0.01,yes
2026-10-05T01:57:44.195854Z,KXBTC15M-26OCT042200-00,0.0270,15.00,yes
2026-10-05T01:57:44.195854Z,KXBTC15M-26OCT042200-00,0.0270,2.00,yes
2026-10-05T01:57:44.195854Z,KXBTC15M-26OCT042200-00,0.0270,25.00,yes
2026-10-05T01:57:44.195854Z,KXBTC15M-26OCT042200-00,0.0270,50.00,yes
2026-10-05T01:57:44.195854Z,KXBTC15M-26OCT042200-00,0.0270,100.00,yes
2026-10-05T01:57:44.195854Z,KXBTC15M-26OCT042200-00,0.0270,0.01,yes
2026-10-05T01:57:44.195854Z,KXBTC15M-26OCT042200-00,0.0270,400.00,yes
2026-10-05T01:57:44.195854Z,KXBTC15M-26OCT042200-00,0.0270,200.00,yes
2026-10-05T01:57:44.195854Z,KXBTC15M-26OCT042200-00,0.0280,32.51,yes
2026-10-05T01:57:44.237224Z,KXBTC15M-26OCT042200-00,0.0260,0.01,no
2026-10-05T01:57:44.237224Z,KXBTC15M-26OCT042200-00,0.0260,0.01,no
2026-10-05T01:57:44.237224Z,KXBTC15M-26OCT042200-00,0.0260,246.83,no
2026-10-05T01:57:44.237224Z,KXBTC15M-26OCT042200-00,0.0260,269.39,no
2026-10-05T01:57:44.244383Z,KXBTC15M-26OCT042200-00,0.0270,18.60,yes
2026-10-05T01:57:44.337416Z,KXBTC15M-26OCT042200-00,0.0270,249.34,yes
2026-10-05T01:57:44.337416Z,KXBTC15M-26OCT042200-00,0.0270,400.00,yes
2026-10-05T01:57:44.337416Z,KXBTC15M-26OCT042200-00,0.0270,48.00,yes
2026-10-05T01:57:44.337416Z,KXBTC15M-26OCT042200-00,0.0270,0.01,yes
2026-10-05T01:57:44.337416Z,KXBTC15M-26OCT042200-00,0.0270,200.00,yes
2026-10-05T01:57:44.337416Z,KXBTC15M-26OCT042200-00,0.0270,15.00,yes
2026-10-05T01:57:44.337416Z,KXBTC15M-26OCT042200-00,0.0270,10.00,yes
2026-10-05T01:57:44.337416Z,KXBTC15M-26OCT042200-00,0.0270,17.00,yes
2026-10-05T01:57:44.337416Z,KXBTC15M-26OCT042200-00,0.0270,2.00,yes
2026-10-05T01:57:44.337416Z,KXBTC15M-26OCT042200-00,0.0270,10.00,yes
2026-10-05T01:57:44.337416Z,KXBTC15M-26OCT042200-00,0.0270,23.00,yes
2026-10-05T01:57:44.337416Z,KXBTC15M-26OCT042200-00,0.0270,0.01,yes
2026-10-05T01:57:44.337416Z,KXBTC15M-26OCT042200-00,0.0270,23.40,yes
2026-10-05T01:57:44.390453Z,KXBTC15M-26OCT042200-00,0.0270,0.01,yes
2026-10-05T01:57:44.390453Z,KXBTC15M-26OCT042200-00,0.0270,156.35,yes
2026-10-05T01:57:44.390453Z,KXBTC15M-26OCT042200-00,0.0270,0.01,yes
2026-10-05T01:57:44.390453Z,KXBTC15M-26OCT042200-00,0.0270,17.00,yes
2026-10-05T01:57:44.406317Z,KXBTC15M-26OCT042200-00,0.0270,400.00,yes
2026-10-05T01:57:44.406317Z,KXBTC15M-26OCT042200-00,0.0270,118.12,yes
2026-10-05T01:57:44.406317Z,KXBTC15M-26OCT042200-00,0.0270,2.00,yes
2026-10-05T01:57:44.425194Z,KXBTC15M-26OCT042200-00,0.0270,34.65,yes
2026-10-05T01:57:44.425194Z,KXBTC15M-26OCT042200-00,0.0270,0.01,yes
2026-10-05T01:57:44.425194Z,KXBTC15M-26OCT042200-00,0.0270,0.01,yes
2026-10-05T01:57:44.453737Z,KXBTC15M-26OCT042200-00,0.0270,0.01,yes
2026-10-05T01:57:44.453737Z,KXBTC15M-26OCT042200-00,0.0270,21.00,yes
2026-10-05T01:57:44.453737Z,KXBTC15M-26OCT042200-00,0.0270,13.66,yes
2026-10-05T01:57:44.503007Z,KXBTC15M-26OCT042200-00,0.0270,31.33,yes
2026-10-05T01:57:44.503007Z,KXBTC15M-26OCT042200-00,0.0270,3.34,yes
2026-10-05T01:57:44.585899Z,KXBTC15M-26OCT042200-00,0.0270,277.40,yes
2026-10-05T01:57:44.672638Z,KXBTC15M-26OCT042200-00,0.0270,1.00,yes
2026-10-05T01:57:44.672638Z,KXBTC15M-26OCT042200-00,0.0270,10.00,yes
2026-10-05T01:57:44.672638Z,KXBTC15M-26OCT042200-00,0.0270,2.00,yes
2026-10-05T01:57:44.672638Z,KXBTC15M-26OCT042200-00,0.0270,2.00,yes
2026-10-05T01:57:44.672638Z,KXBTC15M-26OCT042200-00,0.0270,70.02,yes
2026-10-05T01:57:44.672638Z,KXBTC15M-26OCT042200-00,0.0270,19.00,yes
2026-10-05T01:57:44.71887Z,KXBTC15M-26OCT042200-00,0.0260,25.00,no
2026-10-05T01:57:44.7335Z,KXBTC15M-26OCT042200-00,0.0260,25.00,no
2026-10-05T01:57:44.733934Z,KXBTC15M-26OCT042200-00,0.0260,25.00,no
2026-10-05T01:57:44.759546Z,KXBTC15M-26OCT042200-00,0.0270,34.67,yes
2026-10-05T01:57:44.849217Z,KXBTC15M-26OCT042200-00,0.0270,42.34,yes
2026-10-05T01:57:44.991874Z,KXBTC15M-26OCT042200-00,0.0260,1.13,no
2026-10-05T01:57:45.155328Z,KXBTC15M-26OCT042200-00,0.0270,51.05,yes
2026-10-05T01:57:45.155328Z,KXBTC15M-26OCT042200-00,0.0270,52.97,yes
2026-10-05T01:57:45.319632Z,KXBTC15M-26OCT042200-00,0.0270,44.72,yes
2026-10-05T01:57:45.335313Z,KXBTC15M-26OCT042200-00,0.0270,2.23,yes
2026-10-05T01:57:45.335313Z,KXBTC15M-26OCT042200-00,0.0270,257.77,yes
2026-10-05T01:57:45.399256Z,KXBTC15M-26OCT042200-00,0.0260,22.85,no
2026-10-05T01:57:45.480761Z,KXBTC15M-26OCT042200-00,0.0270,34.67,yes
2026-10-05T01:57:45.509977Z,KXBTC15M-26OCT042200-00,0.0260,29.51,no
2026-10-05T01:57:45.522065Z,KXBTC15M-26OCT042200-00,0.0270,107.56,yes
2026-10-05T01:57:45.522065Z,KXBTC15M-26OCT042200-00,0.0270,150.00,yes
2026-10-05T01:57:45.522065Z,KXBTC15M-26OCT042200-00,0.0270,16.00,yes
2026-10-05T01:57:45.522065Z,KXBTC15M-26OCT042200-00,0.0270,73.19,yes
2026-10-05T01:57:45.52355Z,KXBTC15M-26OCT042200-00,0.0270,1.00,yes
2026-10-05T01:57:45.52355Z,KXBTC15M-26OCT042200-00,0.0270,99.00,yes
2026-10-05T01:57:45.52355Z,KXBTC15M-26OCT042200-00,0.0270,200.00,yes
2026-10-05T01:57:45.52355Z,KXBTC15M-26OCT042200-00,0.0270,2.00,yes
2026-10-05T01:57:45.52355Z,KXBTC15M-26OCT042200-00,0.0270,26.81,yes
2026-10-05T01:57:45.52355Z,KXBTC15M-26OCT042200-00,0.0270,10.00,yes
2026-10-05T01:57:45.52355Z,KXBTC15M-26OCT042200-00,0.0280,87.22,yes
2026-10-05T01:57:45.550074Z,KXBTC15M-26OCT042200-00,0.0260,5.90,no
2026-10-05T01:57:45.583564Z,KXBTC15M-26OCT042200-00,0.0270,89.17,yes
2026-10-05T01:57:45.583564Z,KXBTC15M-26OCT042200-00,0.0270,17.00,yes
2026-10-05T01:57:45.614911Z,KXBTC15M-26OCT042200-00,0.0260,84.88,no
2026-10-05T01:57:45.646368Z,KXBTC15M-26OCT042200-00,0.0270,60.83,yes
2026-10-05T01:57:45.646368Z,KXBTC15M-26OCT042200-00,0.0270,112.54,yes
2026-10-05T01:57:45.706934Z,KXBTC15M-26OCT042200-00,0.0270,34.67,yes
2026-10-05T01:57:45.742011Z,KXBTC15M-26OCT042200-00,0.0270,34.67,yes
2026-10-05T01:57:46.01919Z,KXBTC15M-26OCT042200-00,0.0270,14.22,yes
2026-10-05T01:57:46.01919Z,KXBTC15M-26OCT042200-00,0.0270,18.12,yes
2026-10-05T01:57:46.01919Z,KXBTC15M-26OCT042200-00,0.0270,10.00,yes
2026-10-05T01:57:46.024311Z,KXBTC15M-26OCT042200-00,0.0260,15.00,no
2026-10-05T01:57:46.028188Z,KXBTC15M-26OCT042200-00,0.0290,60.00,yes
2026-10-05T01:57:46.028188Z,KXBTC15M-26OCT042200-00,0.0290,10.00,yes
2026-10-05T01:57:46.028188Z,KXBTC15M-26OCT042200-00,0.0280,200.00,yes
2026-10-05T01:57:46.028188Z,KXBTC15M-26OCT042200-00,0.0300,15.00,yes
2026-10-05T01:57:46.028188Z,KXBTC15M-26OCT042200-00,0.0280,11.00,yes
2026-10-05T01:57:46.028188Z,KXBTC15M-26OCT042200-00,0.0300,93.75,yes
2026-10-05T01:57:46.028188Z,KXBTC15M-26OCT042200-00,0.0300,2.00,yes
2026-10-05T01:57:46.028188Z,KXBTC15M-26OCT042200-00,0.0270,150.00,yes
2026-10-05T01:57:46.028188Z,KXBTC15M-26OCT042200-00,0.0280,97.00,yes
2026-10-05T01:57:46.028188Z,KXBTC15M-26OCT042200-00,0.0270,100.00,yes
2026-10-05T01:57:46.028188Z,KXBTC15M-26OCT042200-00,0.0300,43.01,yes
2026-10-05T01:57:46.028188Z,KXBTC15M-26OCT042200-00,0.0280,2.00,yes
2026-10-05T01:57:46.028188Z,KXBTC15M-26OCT042200-00,0.0290,2.00,yes
2026-10-05T01:57:46.028188Z,KXBTC15M-26OCT042200-00,0.0270,1.00,yes
2026-10-05T01:57:46.028188Z,KXBTC15M-26OCT042200-00,0.0280,318.00,yes
2026-10-05T01:57:46.028188Z,KXBTC15M-26OCT042200-00,0.0280,2.00,yes
2026-10-05T01:57:46.028188Z,KXBTC15M-26OCT042200-00,0.0270,385.78,yes
2026-10-05T01:57:46.028188Z,KXBTC15M-26OCT042200-00,0.0270,200.00,yes
2026-10-05T01:57:46.028188Z,KXBTC15M-26OCT042200-00,0.0270,10.00,yes
2026-10-05T01:57:46.028188Z,KXBTC15M-26OCT042200-00,0.0290,15.00,yes
2026-10-05T01:57:46.028188Z,KXBTC15M-26OCT042200-00,0.0300,2.00,yes
2026-10-05T01:57:46.028188Z,KXBTC15M-26OCT042200-00,0.0290,18.00,yes
2026-10-05T01:57:46.028188Z,KXBTC15M-26OCT042200-00,0.0290,173.91,yes
2026-10-05T01:57:46.028188Z,KXBTC15M-26OCT042200-00,0.0280,0.03,yes
2026-10-05T01:57:46.028188Z,KXBTC15M-26OCT042200-00,0.0300,64.00,yes
2026-10-05T01:57:46.028188Z,KXBTC15M-26OCT042200-00,0.0300,15.00,yes
2026-10-05T01:57:46.028188Z,KXBTC15M-26OCT042200-00,0.0290,0.03,yes
2026-10-05T01:57:46.028188Z,KXBTC15M-26OCT042200-00,0.0280,220.65,yes
2026-10-05T01:57:46.028188Z,KXBTC15M-26OCT042200-00,0.0300,30.00,yes
2026-10-05T01:57:46.028188Z,KXBTC15M-26OCT042200-00,0.0300,0.03,yes
2026-10-05T01:57:46.028188Z,KXBTC15M-26OCT042200-00,0.0300,50.00,yes
2026-10-05T01:57:46.028188Z,KXBTC15M-26OCT042200-00,0.0280,500.00,yes
2026-10-05T01:57:46.028188Z,KXBTC15M-26OCT042200-00,0.0290,17.00,yes
2026-10-05T01:57:46.028188Z,KXBTC15M-26OCT042200-00,0.0290,97.00,yes
2026-10-05T01:57:46.028188Z,KXBTC15M-26OCT042200-00,0.0300,500.00,yes
2026-10-05T01:57:46.028188Z,KXBTC15M-26OCT042200-00,0.0300,64.00,yes
2026-10-05T01:57:46.028188Z,KXBTC15M-26OCT042200-00,0.0290,2.00,yes
2026-10-05T01:57:46.031881Z,KXBTC15M-26OCT042200-00,0.0260,18.90,no
2026-10-05T01:57:46.031881Z,KXBTC15M-26OCT042200-00,0.0260,15.00,no
2026-10-05T01:57:46.031881Z,KXBTC15M-26OCT042200-00,0.0260,2.10,no
2026-10-05T01:57:46.034227Z,KXBTC15M-26OCT042200-00,0.0260,8.10,no
2026-10-05T01:57:46.034227Z,KXBTC15M-26OCT042200-00,0.0260,12.90,no
2026-10-05T01:57:46.034363Z,KXBTC15M-26OCT042200-00,0.0260,8.10,no
2026-10-05T01:57:46.034363Z,KXBTC15M-26OCT042200-00,0.0260,6.90,no
2026-10-05T01:57:46.358327Z,KXBTC15M-26OCT042200-00,0.0280,0.01,no
2026-10-05T01:57:46.358327Z,KXBTC15M-26OCT042200-00,0.0280,0.01,no
2026-10-05T01:57:46.358327Z,KXBTC15M-26OCT042200-00,0.0280,27.98,no
2026-10-05T01:57:46.358327Z,KXBTC15M-26OCT042200-00,0.0280,15.00,no
2026-10-05T01:57:46.37195Z,KXBTC15M-26OCT042200-00,0.0280,43.00,no
2026-10-05T01:57:46.372561Z,KXBTC15M-26OCT042200-00,0.0280,43.00,no
2026-10-05T01:57:46.571008Z,KXBTC15M-26OCT042200-00,0.0290,17.00,yes
2026-10-05T01:57:46.571008Z,KXBTC15M-26OCT042200-00,0.0290,34.73,yes
2026-10-05T01:57:46.596255Z,KXBTC15M-26OCT042200-00,0.0280,0.01,no
2026-10-05T01:57:46.596255Z,KXBTC15M-26OCT042200-00,0.0280,82.02,no
2026-10-05T01:57:46.596255Z,KXBTC15M-26OCT042200-00,0.0280,0.01,no
2026-10-05T01:57:46.596255Z,KXBTC15M-26OCT042200-00,0.0280,63.95,no
2026-10-05T01:57:46.766117Z,KXBTC15M-26OCT042200-00,0.0280,30.00,no
2026-10-05T01:57:46.857212Z,KXBTC15M-26OCT042200-00,0.0290,64.57,yes
2026-10-05T01:57:46.91021Z,KXBTC15M-26OCT042200-00,0.0280,39.01,no
2026-10-05T01:57:47.058382Z,KXBTC15M-26OCT042200-00,0.0280,0.01,no
2026-10-05T01:57:47.058382Z,KXBTC15M-26OCT042200-00,0.0280,0.01,no
2026-10-05T01:57:47.173247Z,KXBTC15M-26OCT042200-00,0.0280,32.28,yes
2026-10-05T01:57:47.177683Z,KXBTC15M-26OCT042200-00,0.0280,79.16,yes
2026-10-05T01:57:47.177683Z,KXBTC15M-26OCT042200-00,0.0280,17.70,yes
2026-10-05T01:57:47.211874Z,KXBTC15M-26OCT042200-00,0.0270,10.00,no
2026-10-05T01:57:47.263558Z,KXBTC15M-26OCT042200-00,0.0270,5.00,no
2026-10-05T01:57:47.263558Z,KXBTC15M-26OCT042200-00,0.0270,96.00,no
2026-10-05T01:57:47.271885Z,KXBTC15M-26OCT042200-00,0.0280,10.84,yes
2026-10-05T01:57:47.271885Z,KXBTC15M-26OCT042200-00,0.0280,13.00,yes
2026-10-05T01:57:47.271885Z,KXBTC15M-26OCT042200-00,0.0280,299.04,yes
2026-10-05T01:57:47.293239Z,KXBTC15M-26OCT042200-00,0.0280,103.95,yes
2026-10-05T01:57:47.405167Z,KXBTC15M-26OCT042200-00,0.0280,0.01,yes
2026-10-05T01:57:47.405167Z,KXBTC15M-26OCT042200-00,0.0280,0.31,yes
2026-10-05T01:57:47.444907Z,KXBTC15M-26OCT042200-00,0.0270,203.00,no
2026-10-05T01:57:47.444907Z,KXBTC15M-26OCT042200-00,0.0260,379.00,no
2026-10-05T01:57:47.444907Z,KXBTC15M-26OCT042200-00,0.0270,1.00,no
2026-10-05T01:57:47.444907Z,KXBTC15M-26OCT042200-00,0.0270,0.01,no
2026-10-05T01:57:47.444907Z,KXBTC15M-26OCT042200-00,0.0270,0.01,no
2026-10-05T01:57:47.444907Z,KXBTC15M-26OCT042200-00,0.0260,15.00,no
2026-10-05T01:57:47.444907Z,KXBTC15M-26OCT042200-00,0.0220,2.00,no
2026-10-05T01:57:47.444907Z,KXBTC15M-26OCT042200-00,0.0220,2.00,no
2026-10-05T01:57:47.444907Z,KXBTC15M-26OCT042200-00,0.0230,2.00,no
2026-10-05T01:57:47.444907Z,KXBTC15M-26OCT042200-00,0.0230,10.00,no
2026-10-05T01:57:47.444907Z,KXBTC15M-26OCT042200-00,0.0240,2.00,no
2026-10-05T01:57:47.444907Z,KXBTC15M-26OCT042200-00,0.0230,2.00,no
2026-10-05T01:57:47.444907Z,KXBTC15M-26OCT042200-00,0.0210,894.72,no
2026-10-05T01:57:47.444907Z,KXBTC15M-26OCT042200-00,0.0250,81.74,no
2026-10-05T01:57:47.444907Z,KXBTC15M-26OCT042200-00,0.0210,15.00,no
2026-10-05T01:57:47.444907Z,KXBTC15M-26OCT042200-00,0.0220,84.00,no
2026-10-05T01:57:47.444907Z,KXBTC15M-26OCT042200-00,0.0270,282.52,no
2026-10-05T01:57:47.444907Z,KXBTC15M-26OCT042200-00,0.0220,27.00,no
2026-10-05T01:57:47.444907Z,KXBTC15M-26OCT042200-00,0.0240,15.00,no
2026-10-05T01:57:47.444907Z,KXBTC15M-26OCT042200-00,0.0240,15.00,no
2026-10-05T01:57:47.444907Z,KXBTC15M-26OCT042200-00,0.0240,15.00,no
2026-10-05T01:57:47.488615Z,KXBTC15M-26OCT042200-00,0.0230,1.61,yes
2026-10-05T01:57:47.491189Z,KXBTC15M-26OCT042200-00,0.0220,39.56,no
2026-10-05T01:57:47.537297Z,KXBTC15M-26OCT042200-00,0.0220,0.35,no
2026-10-05T01:57:47.63157Z,KXBTC15M-26OCT042200-00,0.0230,3.00,yes
2026-10-05T01:57:47.822799Z,KXBTC15M-26OCT042200-00,0.0230,167.19,yes
2026-10-05T01:57:47.826472Z,KXBTC15M-26OCT042200-00,0.0230,17.31,yes
2026-10-05T01:57:47.884786Z,KXBTC15M-26OCT042200-00,0.0220,40.20,no
2026-10-05T01:57:47.896245Z,KXBTC15M-26OCT042200-00,0.0230,7.27,yes
2026-10-05T01:57:47.89975Z,KXBTC15M-26OCT042200-00,0.0220,0.01,no
2026-10-05T01:57:47.89975Z,KXBTC15M-26OCT042200-00,0.0220,242.75,no
2026-10-05T01:57:47.89975Z,KXBTC15M-26OCT042200-00,0.0220,116.05,no
2026-10-05T01:57:47.943072Z,KXBTC15M-26OCT042200-00,0.0230,40.69,yes
2026-10-05T01:57:48.159243Z,KXBTC15M-26OCT042200-00,0.0230,247.00,yes
2026-10-05T01:57:48.182133Z,KXBTC15M-26OCT042200-00,0.0210,63.61,no
2026-10-05T01:57:48.182133Z,KXBTC15M-26OCT042200-00,0.0220,1.00,no
2026-10-05T01:57:48.182133Z,KXBTC15M-26OCT042200-00,0.0220,0.01,no
2026-10-05T01:57:48.182133Z,KXBTC15M-26OCT042200-00,0.0220,275.38,no
2026-10-05T01:57:48.182133Z,KXBTC15M-26OCT042200-00,0.0220,0.01,no
2026-10-05T01:57:48.182133Z,KXBTC15M-26OCT042200-00,0.0220,200.00,no
2026-10-05T01:57:48.239211Z,KXBTC15M-26OCT042200-00,0.0220,0.01,yes
2026-10-05T01:57:48.239211Z,KXBTC15M-26OCT042200-00,0.0220,15.00,yes
2026-10-05T01:57:48.239211Z,KXBTC15M-26OCT042200-00,0.0220,0.01,yes
2026-10-05T01:57:48.239211Z,KXBTC15M-26OCT042200-00,0.0220,3.29,yes
2026-10-05T01:57:48.277011Z,KXBTC15M-26OCT042200-00,0.0230,1015.93,yes
2026-10-05T01:57:48.277011Z,KXBTC15M-26OCT042200-00,0.0230,0.01,yes
2026-10-05T01:57:48.277011Z,KXBTC15M-26OCT042200-00,0.0230,0.01,yes
2026-10-05T01:57:48.277011Z,KXBTC15M-26OCT042200-00,0.0220,0.01,yes
2026-10-05T01:57:48.277011Z,KXBTC15M-26OCT042200-00,0.0220,11.71,yes
2026-10-05T01:57:48.277011Z,KXBTC15M-26OCT042200-00,0.0220,0.01,yes
2026-10-05T01:57:48.277011Z,KXBTC15M-26OCT042200-00,0.0230,209.32,yes
2026-10-05T01:57:48.27994Z,KXBTC15M-26OCT042200-00,0.0230,40.69,yes
2026-10-05T01:57:48.287912Z,KXBTC15M-26OCT042200-00,0.0230,17.19,yes
2026-10-05T01:57:48.287912Z,KXBTC15M-26OCT042200-00,0.0230,23.50,yes
2026-10-05T01:57:48.305728Z,KXBTC15M-26OCT042200-00,0.0220,5.01,no
2026-10-05T01:57:48.354029Z,KXBTC15M-26OCT042200-00,0.0220,50.00,no
2026-10-05T01:57:48.443961Z,KXBTC15M-26OCT042200-00,0.0230,7.86,yes
2026-10-05T01:57:48.443961Z,KXBTC15M-26OCT042200-00,0.0230,32.81,yes
2026-10-05T01:57:48.443961Z,KXBTC15M-26OCT042200-00,0.0230,0.01,yes
2026-10-05T01:57:48.443961Z,KXBTC15M-26OCT042200-00,0.0230,0.01,yes
2026-10-05T01:57:48.446401Z,KXBTC15M-26OCT042200-00,0.0240,17.00,yes
2026-10-05T01:57:48.446401Z,KXBTC15M-26OCT042200-00,0.0240,200.00,yes
2026-10-05T01:57:48.446401Z,KXBTC15M-26OCT042200-00,0.0230,392.14,yes
2026-10-05T01:57:48.446401Z,KXBTC15M-26OCT042200-00,0.0230,15.00,yes
2026-10-05T01:57:48.446401Z,KXBTC15M-26OCT042200-00,0.0230,336.21,yes
2026-10-05T01:57:48.446401Z,KXBTC15M-26OCT042200-00,0.0240,15.00,yes
2026-10-05T01:57:48.446401Z,KXBTC15M-26OCT042200-00,0.0240,48.00,yes
2026-10-05T01:57:48.446401Z,KXBTC15M-26OCT042200-00,0.0240,344.00,yes
2026-10-05T01:57:48.480565Z,KXBTC15M-26OCT042200-00,0.0230,48.38,yes
2026-10-05T01:57:48.480565Z,KXBTC15M-26OCT042200-00,0.0230,0.01,yes
2026-10-05T01:57:48.480565Z,KXBTC15M-26OCT042200-00,0.0230,17.00,yes
2026-10-05T01:57:48.480565Z,KXBTC15M-26OCT042200-00,0.0230,15.00,yes
2026-10-05T01:57:48.731038Z,KXBTC15M-26OCT042200-00,0.0230,66.00,yes
2026-10-05T01:57:48.731038Z,KXBTC15M-26OCT042200-00,0.0230,34.00,yes
2026-10-05T01:57:48.761033Z,KXBTC15M-26OCT042200-00,0.0220,1020.37,no
2026-10-05T01:57:48.773936Z,KXBTC15M-26OCT042200-00,0.0220,13.03,no
2026-10-05T01:57:48.78249Z,KXBTC15M-26OCT042200-00,0.0220,0.01,no
2026-10-05T01:57:48.78249Z,KXBTC15M-26OCT042200-00,0.0220,49.99,no
2026-10-05T01:57:48.892682Z,KXBTC15M-26OCT042200-00,0.0230,81.39,yes
2026-10-05T01:57:48.996164Z,KXBTC15M-26OCT042200-00,0.0230,0.01,yes
2026-10-05T01:57:48.996164Z,KXBTC15M-26OCT042200-00,0.0230,22.46,yes
2026-10-05T01:57:49.00653Z,KXBTC15M-26OCT042200-00,0.0220,10.20,no
2026-10-05T01:57:49.00653Z,KXBTC15M-26OCT042200-00,0.0220,0.01,no
2026-10-05T01:57:49.077415Z,KXBTC15M-26OCT042200-00,0.0230,27.25,yes
2026-10-05T01:57:49.088295Z,KXBTC15M-26OCT042200-00,0.0230,244.17,yes
2026-10-05T01:57:49.127499Z,KXBTC15M-26OCT042200-00,0.0230,122.08,yes
2026-10-05T01:57:49.212299Z,KXBTC15M-26OCT042200-00,0.0230,75.53,yes
2026-10-05T01:57:49.212299Z,KXBTC15M-26OCT042200-00,0.0230,0.01,yes
2026-10-05T01:57:49.212299Z,KXBTC15M-26OCT042200-00,0.0230,0.01,yes
2026-10-05T01:57:49.212299Z,KXBTC15M-26OCT042200-00,0.0230,50.00,yes
2026-10-05T01:57:49.212299Z,KXBTC15M-26OCT042200-00,0.0230,77.92,yes
2026-10-05T01:57:49.260568Z,KXBTC15M-26OCT042200-00,0.0230,81.39,yes
2026-10-05T01:57:49.374455Z,KXBTC15M-26OCT042200-00,0.0220,10.52,no
2026-10-05T01:57:49.374455Z,KXBTC15M-26OCT042200-00,0.0220,4.80,no
2026-10-05T01:57:49.487711Z,KXBTC15M-26OCT042200-00,0.0220,4.48,no
2026-10-05T01:57:49.487711Z,KXBTC15M-26OCT042200-00,0.0220,15.00,no
2026-10-05T01:57:49.487711Z,KXBTC15M-26OCT042200-00,0.0220,0.01,no
2026-10-05T01:57:49.487711Z,KXBTC15M-26OCT042200-00,0.0220,182.51,no
2026-10-05T01:57:49.502625Z,KXBTC15M-26OCT042200-00,0.0230,4.06,yes
2026-10-05T01:57:49.546563Z,KXBTC15M-26OCT042200-00,0.0230,12.61,yes
2026-10-05T01:57:49.698814Z,KXBTC15M-26OCT042200-00,0.0230,78.00,yes
2026-10-05T01:57:49.771034Z,KXBTC15M-26OCT042200-00,0.0220,0.01,no
2026-10-05T01:57:49.771034Z,KXBTC15M-26OCT042200-00,0.0220,0.01,no
2026-10-05T01:57:49.771034Z,KXBTC15M-26OCT042200-00,0.0210,0.80,no
2026-10-05T01:57:49.807382Z,KXBTC15M-26OCT042200-00,0.0230,3.14,yes
2026-10-05T01:57:49.807382Z,KXBTC15M-26OCT042200-00,0.0230,7.33,yes
2026-10-05T01:57:49.818362Z,KXBTC15M-26OCT042200-00,0.0220,0.01,no
2026-10-05T01:57:49.818362Z,KXBTC15M-26OCT042200-00,0.0220,0.01,no
2026-10-05T01:57:49.818362Z,KXBTC15M-26OCT042200-00,0.0210,39.98,no
2026-10-05T01:57:49.880656Z,KXBTC15M-26OCT042200-00,0.0220,0.01,no
2026-10-05T01:57:49.880656Z,KXBTC15M-26OCT042200-00,0.0220,0.01,no
2026-10-05T01:57:49.880656Z,KXBTC15M-26OCT042200-00,0.0210,0.72,no
2026-10-05T01:57:49.892994Z,KXBTC15M-26OCT042200-00,0.0230,11.86,yes
2026-10-05T01:57:49.892994Z,KXBTC15M-26OCT042200-00,0.0230,27.14,yes
2026-10-05T01:57:49.959699Z,KXBTC15M-26OCT042200-00,0.0220,1.76,no
2026-10-05T01:57:50.020028Z,KXBTC15M-26OCT042200-00,0.0210,15.00,no
2026-10-05T01:57:50.020028Z,KXBTC15M-26OCT042200-00,0.0210,15.00,no
2026-10-05T01:57:50.020028Z,KXBTC15M-26OCT042200-00,0.0220,13.24,no
2026-10-05T01:57:50.020028Z,KXBTC15M-26OCT042200-00,0.0220,0.01,no
2026-10-05T01:57:50.020028Z,KXBTC15M-26OCT042200-00,0.0210,169.75,no
2026-10-05T01:57:50.020028Z,KXBTC15M-26OCT042200-00,0.0220,0.01,no
2026-10-05T01:57:50.049273Z,KXBTC15M-26OCT042200-00,0.0230,200.00,yes
2026-10-05T01:57:50.049273Z,KXBTC15M-26OCT042200-00,0.0230,15.00,yes
2026-10-05T01:57:50.049273Z,KXBTC15M-26OCT042200-00,0.0230,0.01,yes
2026-10-05T01:57:50.049273Z,KXBTC15M-26OCT042200-00,0.0230,372.86,yes
2026-10-05T01:57:50.049273Z,KXBTC15M-26OCT042200-00,0.0230,72.00,yes
2026-10-05T01:57:50.049273Z,KXBTC15M-26OCT042200-00,0.0230,12.00,yes
2026-10-05T01:57:50.049273Z,KXBTC15M-26OCT042200-00,0.0230,1.00,yes
2026-10-05T01:57:50.049273Z,KXBTC15M-26OCT042200-00,0.0230,0.01,yes
2026-10-05T01:57:50.049273Z,KXBTC15M-26OCT042200-00,0.0230,107.16,yes
2026-10-05T01:57:50.244549Z,KXBTC15M-26OCT042200-00,0.0230,81.39,yes
2026-10-05T01:57:50.298661Z,KXBTC15M-26OCT042200-00,0.0200,9.98,no
2026-10-05T01:57:50.298661Z,KXBTC15M-26OCT042200-00,0.0220,15.00,no
2026-10-05T01:57:50.298661Z,KXBTC15M-26OCT042200-00,0.0210,344.00,no
2026-10-05T01:57:50.298661Z,KXBTC15M-26OCT042200-00,0.0220,0.01,no
2026-10-05T01:57:50.298661Z,KXBTC15M-26OCT042200-00,0.0220,0.01,no
2026-10-05T01:57:50.298661Z,KXBTC15M-26OCT042200-00,0.0210,1.00,no
2026-10-05T01:57:50.298661Z,KXBTC15M-26OCT042200-00,0.0200,50.00,no
2026-10-05T01:57:50.298661Z,KXBTC15M-26OCT042200-00,0.0200,15.00,no
2026-10-05T01:57:50.298661Z,KXBTC15M-26OCT042200-00,0.0200,15.00,no
2026-10-05T01:57:50.344192Z,KXBTC15M-26OCT042200-00,0.0200,7.02,no
2026-10-05T01:57:50.344192Z,KXBTC15M-26OCT042200-00,0.0200,82.00,no
2026-10-05T01:57:50.344192Z,KXBTC15M-26OCT042200-00,0.0210,0.01,no
2026-10-05T01:57:50.344192Z,KXBTC15M-26OCT042200-00,0.0210,0.01,no
2026-10-05T01:57:50.344192Z,KXBTC15M-26OCT042200-00,0.0210,11.00,no
2026-10-05T01:57:50.345336Z,KXBTC15M-26OCT042200-00,0.0220,379.93,yes
2026-10-05T01:57:50.345336Z,KXBTC15M-26OCT042200-00,0.0220,0.01,yes
2026-10-05T01:57:50.345336Z,KXBTC15M-26OCT042200-00,0.0220,0.01,yes
2026-10-05T01:57:50.345336Z,KXBTC15M-26OCT042200-00,0.0220,15.00,yes
2026-10-05T01:57:50.345336Z,KXBTC15M-26OCT042200-00,0.0220,12.00,yes
2026-10-05T01:57:50.431171Z,KXBTC15M-26OCT042200-00,0.0220,1.48,yes
2026-10-05T01:57:50.593812Z,KXBTC15M-26OCT042200-00,0.0220,7.73,yes
2026-10-05T01:57:50.644333Z,KXBTC15M-26OCT042200-00,0.0220,0.01,yes
2026-10-05T01:57:50.644333Z,KXBTC15M-26OCT042200-00,0.0220,5.79,yes
2026-10-05T01:57:50.644333Z,KXBTC15M-26OCT042200-00,0.0220,401.15,yes
2026-10-05T01:57:50.659127Z,KXBTC15M-26OCT042200-00,0.0220,13.83,yes
2026-10-05T01:57:50.677831Z,KXBTC15M-26OCT042200-00,0.0220,1.00,yes
2026-10-05T01:57:50.677831Z,KXBTC15M-26OCT042200-00,0.0220,0.01,yes
2026-10-05T01:57:50.677831Z,KXBTC15M-26OCT042200-00,0.0230,144.00,yes
2026-10-05T01:57:50.677831Z,KXBTC15M-26OCT042200-00,0.0220,15.00,yes
2026-10-05T01:57:50.677831Z,KXBTC15M-26OCT042200-00,0.0220,12.00,yes
2026-10-05T01:57:50.677831Z,KXBTC15M-26OCT042200-00,0.0220,200.00,yes
2026-10-05T01:57:50.677831Z,KXBTC15M-26OCT042200-00,0.0220,0.01,yes
2026-10-05T01:57:50.677831Z,KXBTC15M-26OCT042200-00,0.0230,2.00,yes
2026-10-05T01:57:50.677831Z,KXBTC15M-26OCT042200-00,0.0220,85.02,yes
2026-10-05T01:57:50.725879Z,KXBTC15M-26OCT042200-00,0.0220,15.00,yes
2026-10-05T01:57:50.725879Z,KXBTC15M-26OCT042200-00,0.0220,0.01,yes
2026-10-05T01:57:50.725879Z,KXBTC15M-26OCT042200-00,0.0230,42.98,yes
2026-10-05T01:57:50.725879Z,KXBTC15M-26OCT042200-00,0.0220,0.01,yes
2026-10-05T01:57:50.757685Z,KXBTC15M-26OCT042200-00,0.0230,0.01,yes
2026-10-05T01:57:50.757685Z,KXBTC15M-26OCT042200-00,0.0230,15.02,yes
2026-10-05T01:57:50.757685Z,KXBTC15M-26OCT042200-00,0.0230,105.43,yes
2026-10-05T01:57:50.757685Z,KXBTC15M-26OCT042200-00,0.0230,71.00,yes
2026-10-05T01:57:50.757685Z,KXBTC15M-26OCT042200-00,0.0230,0.01,yes
2026-10-05T01:57:50.757685Z,KXBTC15M-26OCT042200-00,0.0230,12.00,yes
2026-10-05T01:57:50.804798Z,KXBTC15M-26OCT042200-00,0.0230,0.01,yes
2026-10-05T01:57:50.804798Z,KXBTC15M-26OCT042200-00,0.0230,91.62,yes
2026-10-05T01:57:50.810748Z,KXBTC15M-26OCT042200-00,0.0220,55.00,no
2026-10-05T01:57:50.816987Z,KXBTC15M-26OCT042200-00,0.0230,203.47,yes
2026-10-05T01:57:51.117145Z,KXBTC15M-26OCT042200-00,0.0230,100.04,yes
2026-10-05T01:57:51.263508Z,KXBTC15M-26OCT042200-00,0.0220,1.00,no
2026-10-05T01:57:51.313801Z,KXBTC15M-26OCT042200-00,0.0220,17.93,no
2026-10-05T01:57:51.324609Z,KXBTC15M-26OCT042200-00,0.0230,400.00,yes
2026-10-05T01:57:51.324609Z,KXBTC15M-26OCT042200-00,0.0230,399.96,yes
2026-10-05T01:57:51.324609Z,KXBTC15M-26OCT042200-00,0.0230,1.00,yes
2026-10-05T01:57:51.324609Z,KXBTC15M-26OCT042200-00,0.0230,0.01,yes
2026-10-05T01:57:51.324609Z,KXBTC15M-26OCT042200-00,0.0230,15.00,yes
2026-10-05T01:57:51.376611Z,KXBTC15M-26OCT042200-00,0.0230,53.00,no
2026-10-05T01:57:51.414467Z,KXBTC15M-26OCT042200-00,0.0230,40.00,no
2026-10-05T01:57:51.446662Z,KXBTC15M-26OCT042200-00,0.0230,99.00,no
2026-10-05T01:57:51.50544Z,KXBTC15M-26OCT042200-00,0.0230,0.01,no
2026-10-05T01:57:51.50544Z,KXBTC15M-26OCT042200-00,0.0230,0.01,no
2026-10-05T01:57:51.520696Z,KXBTC15M-26OCT042200-00,0.0230,0.01,no
2026-10-05T01:57:51.520696Z,KXBTC15M-26OCT042200-00,0.0220,15.00,no
2026-10-05T01:57:51.520696Z,KXBTC15M-26OCT042200-00,0.0230,0.01,no
2026-10-05T01:57:51.520696Z,KXBTC15M-26OCT042200-00,0.0220,101.62,no
2026-10-05T01:57:51.555026Z,KXBTC15M-26OCT042200-00,0.0230,0.01,no
2026-10-05T01:57:51.555026Z,KXBTC15M-26OCT042200-00,0.0230,0.01,no
2026-10-05T01:57:51.555026Z,KXBTC15M-26OCT042200-00,0.0220,5.08,no
2026-10-05T01:57:51.726106Z,KXBTC15M-26OCT042200-00,0.0230,0.01,no
2026-10-05T01:57:51.726106Z,KXBTC15M-26OCT042200-00,0.0230,0.01,no
2026-10-05T01:57:51.726106Z,KXBTC15M-26OCT042200-00,0.0220,17.34,no
2026-10-05T01:57:51.75108Z,KXBTC15M-26OCT042200-00,0.0220,0.01,no
2026-10-05T01:57:51.75108Z,KXBTC15M-26OCT042200-00,0.0230,0.01,no
2026-10-05T01:57:51.75108Z,KXBTC15M-26OCT042200-00,0.0220,200.00,no
2026-10-05T01:57:51.75108Z,KXBTC15M-26OCT042200-00,0.0230,0.01,no
2026-10-05T01:57:51.75108Z,KXBTC15M-26OCT042200-00,0.0220,1.00,no
2026-10-05T01:57:51.75108Z,KXBTC15M-26OCT042200-00,0.0220,44.64,no
2026-10-05T01:57:51.78631Z,KXBTC15M-26OCT042200-00,0.0240,7.41,yes
2026-10-05T01:57:51.862794Z,KXBTC15M-26OCT042200-00,0.0230,0.01,no
2026-10-05T01:57:51.862794Z,KXBTC15M-26OCT042200-00,0.0220,25.30,no
2026-10-05T01:57:51.862794Z,KXBTC15M-26OCT042200-00,0.0230,0.01,no
2026-10-05T01:57:51.881348Z,KXBTC15M-26OCT042200-00,0.0240,14.41,yes
2026-10-05T01:57:51.881348Z,KXBTC15M-26OCT042200-00,0.0240,15.00,yes
2026-10-05T01:57:51.881348Z,KXBTC15M-26OCT042200-00,0.0240,9.59,yes
2026-10-05T01:57:51.910639Z,KXBTC15M-26OCT042200-00,0.0240,0.01,yes
2026-10-05T01:57:51.910639Z,KXBTC15M-26OCT042200-00,0.0240,8.40,yes
2026-10-05T01:57:51.910639Z,KXBTC15M-26OCT042200-00,0.0240,12.00,yes
2026-10-05T01:57:51.910639Z,KXBTC15M-26OCT042200-00,0.0240,57.59,yes
2026-10-05T01:57:52.010534Z,KXBTC15M-26OCT042200-00,0.0240,80.51,yes
2026-10-05T01:57:52.010534Z,KXBTC15M-26OCT042200-00,0.0240,1.00,yes
2026-10-05T01:57:52.010534Z,KXBTC15M-26OCT042200-00,0.0240,6.60,yes
2026-10-05T01:57:52.010534Z,KXBTC15M-26OCT042200-00,0.0240,15.00,yes
2026-10-05T01:57:52.050766Z,KXBTC15M-26OCT042200-00,0.0230,0.01,no
2026-10-05T01:57:52.050766Z,KXBTC15M-26OCT042200-00,0.0230,0.01,no
2026-10-05T01:57:52.050766Z,KXBTC15M-26OCT042200-00,0.0230,10.98,no
2026-10-05T01:57:52.059872Z,KXBTC15M-26OCT042200-00,0.0240,0.01,yes
2026-10-05T01:57:52.059872Z,KXBTC15M-26OCT042200-00,0.0240,12.00,yes
2026-10-05T01:57:52.059872Z,KXBTC15M-26OCT042200-00,0.0240,0.01,yes
2026-10-05T01:57:52.059872Z,KXBTC15M-26OCT042200-00,0.0240,15.00,yes
2026-10-05T01:57:52.059872Z,KXBTC15M-26OCT042200-00,0.0250,11.58,yes
2026-10-05T01:57:52.097348Z,KXBTC15M-26OCT042200-00,0.0230,35.96,no
2026-10-05T01:57:52.097348Z,KXBTC15M-26OCT042200-00,0.0230,0.01,no
2026-10-05T01:57:52.097348Z,KXBTC15M-26OCT042200-00,0.0230,0.01,no
2026-10-05T01:57:52.097348Z,KXBTC15M-26OCT042200-00,0.0230,4.02,no
2026-10-05T01:57:52.114127Z,KXBTC15M-26OCT042200-00,0.0240,0.01,yes
2026-10-05T01:57:52.114127Z,KXBTC15M-26OCT042200-00,0.0240,0.99,yes
2026-10-05T01:57:52.153428Z,KXBTC15M-26OCT042200-00,0.0230,15.00,no
2026-10-05T01:57:52.153428Z,KXBTC15M-26OCT042200-00,0.0230,0.01,no
2026-10-05T01:57:52.153428Z,KXBTC15M-26OCT042200-00,0.0230,36.02,no
2026-10-05T01:57:52.153428Z,KXBTC15M-26OCT042200-00,0.0230,0.01,no
2026-10-05T01:57:52.169218Z,KXBTC15M-26OCT042200-00,0.0230,8.00,no
2026-10-05T01:57:52.178009Z,KXBTC15M-26OCT042200-00,0.0230,56.00,no
2026-10-05T01:57:52.206027Z,KXBTC15M-26OCT042200-00,0.0240,12.00,yes
2026-10-05T01:57:52.206027Z,KXBTC15M-26OCT042200-00,0.0240,15.00,yes
2026-10-05T01:57:52.206027Z,KXBTC15M-26OCT042200-00,0.0240,0.01,yes
2026-10-05T01:57:52.206027Z,KXBTC15M-26OCT042200-00,0.0240,16.01,yes
2026-10-05T01:57:52.206027Z,KXBTC15M-26OCT042200-00,0.0240,0.01,yes
2026-10-05T01:57:52.206027Z,KXBTC15M-26OCT042200-00,0.0240,34.97,yes
2026-10-05T01:57:52.237774Z,KXBTC15M-26OCT042200-00,0.0240,3.22,yes
2026-10-05T01:57:52.237774Z,KXBTC15M-26OCT042200-00,0.0240,1.00,yes
2026-10-05T01:57:52.237774Z,KXBTC15M-26OCT042200-00,0.0240,25.03,yes
2026-10-05T01:57:52.262258Z,KXBTC15M-26OCT042200-00,0.0220,490.98,no
2026-10-05T01:57:52.262258Z,KXBTC15M-26OCT042200-00,0.0220,269.00,no
2026-10-05T01:57:52.262258Z,KXBTC15M-26OCT042200-00,0.0220,15.00,no
2026-10-05T01:57:52.262258Z,KXBTC15M-26OCT042200-00,0.0230,10.00,no
2026-10-05T01:57:52.262258Z,KXBTC15M-26OCT042200-00,0.0220,200.00,no
2026-10-05T01:57:52.262258Z,KXBTC15M-26OCT042200-00,0.0230,0.01,no
2026-10-05T01:57:52.262258Z,KXBTC15M-26OCT042200-00,0.0230,0.01,no
2026-10-05T01:57:52.262258Z,KXBTC15M-26OCT042200-00,0.0230,15.00,no
2026-10-05T01:57:52.303174Z,KXBTC15M-26OCT042200-00,0.0240,0.01,yes
2026-10-05T01:57:52.303174Z,KXBTC15M-26OCT042200-00,0.0230,0.01,yes
2026-10-05T01:57:52.303174Z,KXBTC15M-26OCT042200-00,0.0230,15.00,yes
2026-10-05T01:57:52.303174Z,KXBTC15M-26OCT042200-00,0.0240,36.00,yes
2026-10-05T01:57:52.303174Z,KXBTC15M-26OCT042200-00,0.0230,0.01,yes
2026-10-05T01:57:52.303174Z,KXBTC15M-26OCT042200-00,0.0230,17.00,yes
2026-10-05T01:57:52.303174Z,KXBTC15M-26OCT042200-00,0.0240,17.00,yes
2026-10-05T01:57:52.303174Z,KXBTC15M-26OCT042200-00,0.0240,0.01,yes
2026-10-05T01:57:52.303174Z,KXBTC15M-26OCT042200-00,0.0240,187.97,yes
2026-10-05T01:57:52.325948Z,KXBTC15M-26OCT042200-00,0.0240,0.01,yes
2026-10-05T01:57:52.325948Z,KXBTC15M-26OCT042200-00,0.0240,77.98,yes
2026-10-05T01:57:52.325948Z,KXBTC15M-26OCT042200-00,0.0240,0.01,yes
2026-10-05T01:57:52.334223Z,KXBTC15M-26OCT042200-00,0.0230,7.00,no
2026-10-05T01:57:52.39067Z,KXBTC15M-26OCT042200-00,0.0250,12.00,yes
2026-10-05T01:57:52.39067Z,KXBTC15M-26OCT042200-00,0.0240,15.00,yes
2026-10-05T01:57:52.39067Z,KXBTC15M-26OCT042200-00,0.0240,0.01,yes
2026-10-05T01:57:52.39067Z,KXBTC15M-26OCT042200-00,0.0250,38.19,yes
2026-10-05T01:57:52.39067Z,KXBTC15M-26OCT042200-00,0.0240,0.01,yes
2026-10-05T01:57:52.39067Z,KXBTC15M-26OCT042200-00,0.0250,1.00,yes
2026-10-05T01:57:52.39067Z,KXBTC15M-26OCT042200-00,0.0250,1.00,yes
2026-10-05T01:57:52.39067Z,KXBTC15M-26OCT042200-00,0.0250,120.42,yes
2026-10-05T01:57:52.446885Z,KXBTC15M-26OCT042200-00,0.0230,2.02,no
2026-10-05T01:57:52.446885Z,KXBTC15M-26OCT042200-00,0.0230,0.01,no
2026-10-05T01:57:52.446885Z,KXBTC15M-26OCT042200-00,0.0230,0.01,no
2026-10-05T01:57:52.454053Z,KXBTC15M-26OCT042200-00,0.0230,7.00,no
2026-10-05T01:57:52.566023Z,KXBTC15M-26OCT042200-00,0.0230,15.00,no
2026-10-05T01:57:52.568734Z,KXBTC15M-26OCT042200-00,0.0230,500.00,no
2026-10-05T01:57:52.568734Z,KXBTC15M-26OCT042200-00,0.0230,15.00,no
2026-10-05T01:57:52.568734Z,KXBTC15M-26OCT042200-00,0.0230,0.01,no
2026-10-05T01:57:52.568734Z,KXBTC15M-26OCT042200-00,0.0230,1.00,no
2026-10-05T01:57:52.568734Z,KXBTC15M-26OCT042200-00,0.0220,65.80,no
2026-10-05T01:57:52.568734Z,KXBTC15M-26OCT042200-00,0.0230,15.00,no
2026-10-05T01:57:52.568734Z,KXBTC15M-26OCT042200-00,0.0230,0.01,no
2026-10-05T01:57:52.568734Z,KXBTC15M-26OCT042200-00,0.0230,200.00,no
2026-10-05T01:57:52.568734Z,KXBTC15M-26OCT042200-00,0.0230,224.00,no
2026-10-05T01:57:52.573003Z,KXBTC15M-26OCT042200-00,0.0220,15.00,no
2026-10-05T01:57:52.574009Z,KXBTC15M-26OCT042200-00,0.0220,204.20,no
2026-10-05T01:57:52.574009Z,KXBTC15M-26OCT042200-00,0.0220,115.82,no
2026-10-05T01:57:52.574009Z,KXBTC15M-26OCT042200-00,0.0220,15.00,no
2026-10-05T01:57:52.576681Z,KXBTC15M-26OCT042200-00,0.0230,152.00,no
2026-10-05T01:57:52.576953Z,KXBTC15M-26OCT042200-00,0.0230,1.00,no
2026-10-05T01:57:52.579163Z,KXBTC15M-26OCT042200-00,0.0230,15.00,no
2026-10-05T01:57:52.58542Z,KXBTC15M-26OCT042200-00,0.0230,0.01,no
2026-10-05T01:57:52.58542Z,KXBTC15M-26OCT042200-00,0.0230,0.01,no
2026-10-05T01:57:52.58542Z,KXBTC15M-26OCT042200-00,0.0220,14.97,no
2026-10-05T01:57:52.58542Z,KXBTC15M-26OCT042200-00,0.0220,0.01,no
2026-10-05T01:57:52.590567Z,KXBTC15M-26OCT042200-00,0.0230,0.01,no
2026-10-05T01:57:52.590567Z,KXBTC15M-26OCT042200-00,0.0220,9.99,no
2026-10-05T01:57:52.592607Z,KXBTC15M-26OCT042200-00,0.0230,15.00,no
2026-10-05T01:57:52.598786Z,KXBTC15M-26OCT042200-00,0.0230,14.99,no
2026-10-05T01:57:52.598786Z,KXBTC15M-26OCT042200-00,0.0230,0.01,no
2026-10-05T01:57:52.746031Z,KXBTC15M-26OCT042200-00,0.0230,0.01,no
2026-10-05T01:57:52.746031Z,KXBTC15M-26OCT042200-00,0.0230,0.01,no
2026-10-05T01:57:52.746031Z,KXBTC15M-26OCT042200-00,0.0220,95.97,no
2026-10-05T01:57:52.746031Z,KXBTC15M-26OCT042200-00,0.0230,0.01,no
2026-10-05T01:57:52.798072Z,KXBTC15M-26OCT042200-00,0.0240,12.95,yes
2026-10-05T01:57:52.821929Z,KXBTC15M-26OCT042200-00,0.0240,12.00,yes
2026-10-05T01:57:52.821929Z,KXBTC15M-26OCT042200-00,0.0240,4.05,yes
2026-10-05T01:57:52.821929Z,KXBTC15M-26OCT042200-00,0.0240,0.01,yes
2026-10-05T01:57:52.821929Z,KXBTC15M-26OCT042200-00,0.0240,82.33,yes
2026-10-05T01:57:52.821929Z,KXBTC15M-26OCT042200-00,0.0240,0.01,yes
2026-10-05T01:57:52.821929Z,KXBTC15M-26OCT042200-00,0.0240,15.00,yes
2026-10-05T01:57:52.853441Z,KXBTC15M-26OCT042200-00,0.0240,1.00,yes
2026-10-05T01:57:52.853441Z,KXBTC15M-26OCT042200-00,0.0240,200.00,yes
2026-10-05T01:57:52.853441Z,KXBTC15M-26OCT042200-00,0.0240,15.00,yes
2026-10-05T01:57:52.853441Z,KXBTC15M-26OCT042200-00,0.0240,196.83,yes
2026-10-05T01:57:52.870896Z,KXBTC15M-26OCT042200-00,0.0200,19.12,no
2026-10-05T01:57:52.870896Z,KXBTC15M-26OCT042200-00,0.0230,0.01,no
2026-10-05T01:57:52.870896Z,KXBTC15M-26OCT042200-00,0.0230,0.01,no
2026-10-05T01:57:52.870896Z,KXBTC15M-26OCT042200-00,0.0220,41.03,no
2026-10-05T01:57:52.870896Z,KXBTC15M-26OCT042200-00,0.0210,15.00,no
2026-10-05T01:57:52.870896Z,KXBTC15M-26OCT042200-00,0.0210,15.00,no
2026-10-05T01:57:52.870896Z,KXBTC15M-26OCT042200-00,0.0210,15.00,no
2026-10-05T01:57:52.870896Z,KXBTC15M-26OCT042200-00,0.0210,15.00,no
2026-10-05T01:57:52.872112Z,KXBTC15M-26OCT042200-00,0.0240,188.16,yes
2026-10-05T01:57:52.87494Z,KXBTC15M-26OCT042200-00,0.0240,291.71,yes
2026-10-05T01:57:52.87494Z,KXBTC15M-26OCT042200-00,0.0240,0.01,yes
2026-10-05T01:57:52.87494Z,KXBTC15M-26OCT042200-00,0.0240,191.56,yes
2026-10-05T01:57:52.87494Z,KXBTC15M-26OCT042200-00,0.0240,13.00,yes
2026-10-05T01:57:52.87494Z,KXBTC15M-26OCT042200-00,0.0240,15.00,yes
2026-10-05T01:57:52.87494Z,KXBTC15M-26OCT042200-00,0.0240,12.00,yes
2026-10-05T01:57:52.87494Z,KXBTC15M-26OCT042200-00,0.0240,100.00,yes
2026-10-05T01:57:52.87494Z,KXBTC15M-26OCT042200-00,0.0240,0.01,yes
2026-10-05T01:57:52.87494Z,KXBTC15M-26OCT042200-00,0.0240,15.01,yes
2026-10-05T01:57:52.8756Z,KXBTC15M-26OCT042200-00,0.0240,7.80,yes
2026-10-05T01:57:52.889277Z,KXBTC15M-26OCT042200-00,0.0230,51.99,no
2026-10-05T01:57:52.889277Z,KXBTC15M-26OCT042200-00,0.0230,0.01,no
2026-10-05T01:57:52.919195Z,KXBTC15M-26OCT042200-00,0.0240,3.34,yes
2026-10-05T01:57:52.919195Z,KXBTC15M-26OCT042200-00,0.0240,0.01,yes
2026-10-05T01:57:52.919195Z,KXBTC15M-26OCT042200-00,0.0240,0.01,yes
2026-10-05T01:57:52.919195Z,KXBTC15M-26OCT042200-00,0.0240,6.00,yes
2026-10-05T01:57:52.949999Z,KXBTC15M-26OCT042200-00,0.0240,39.00,yes
2026-10-05T01:57:53.007428Z,KXBTC15M-26OCT042200-00,0.0210,6.00,no
2026-10-05T01:57:53.007428Z,KXBTC15M-26OCT042200-00,0.0220,200.00,no
2026-10-05T01:57:53.007428Z,KXBTC15M-26OCT042200-00,0.0200,500.00,no
2026-10-05T01:57:53.007428Z,KXBTC15M-26OCT042200-00,0.0230,15.00,no
2026-10-05T01:57:53.007428Z,KXBTC15M-26OCT042200-00,0.0230,0.01,no
2026-10-05T01:57:53.007428Z,KXBTC15M-26OCT042200-00,0.0210,11.00,no
2026-10-05T01:57:53.007428Z,KXBTC15M-26OCT042200-00,0.0210,200.00,no
2026-10-05T01:57:53.007428Z,KXBTC15M-26OCT042200-00,0.0210,1.00,no
2026-10-05T01:57:53.007428Z,KXBTC15M-26OCT042200-00,0.0210,522.00,no
2026-10-05T01:57:53.007428Z,KXBTC15M-26OCT042200-00,0.0230,0.01,no
2026-10-05T01:57:53.007428Z,KXBTC15M-26OCT042200-00,0.0220,69.00,no
2026-10-05T01:57:53.007428Z,KXBTC15M-26OCT042200-00,0.0200,1.08,no
2026-10-05T01:57:53.007428Z,KXBTC15M-26OCT042200-00,0.0200,90.00,no
2026-10-05T01:57:53.007428Z,KXBTC15M-26OCT042200-00,0.0200,50.00,no
2026-10-05T01:57:53.007428Z,KXBTC15M-26OCT042200-00,0.0200,398.88,no
2026-10-05T01:57:53.007428Z,KXBTC15M-26OCT042200-00,0.0190,2.00,no
2026-10-05T01:57:53.007428Z,KXBTC15M-26OCT042200-00,0.0200,1.11,no
2026-10-05T01:57:53.007428Z,KXBTC15M-26OCT042200-00,0.0190,17.00,no
2026-10-05T01:57:53.007428Z,KXBTC15M-26OCT042200-00,0.0190,15.00,no
2026-10-05T01:57:53.007428Z,KXBTC15M-26OCT042200-00,0.0190,625.77,no
2026-10-05T01:57:53.052383Z,KXBTC15M-26OCT042200-00,0.0230,0.01,no
2026-10-05T01:57:53.052383Z,KXBTC15M-26OCT042200-00,0.0230,0.01,no
2026-10-05T01:57:53.052383Z,KXBTC15M-26OCT042200-00,0.0220,0.98,no
2026-10-05T01:57:53.058481Z,KXBTC15M-26OCT042200-00,0.0240,188.16,yes
2026-10-05T01:57:53.105434Z,KXBTC15M-26OCT042200-00,0.0230,0.94,yes
2026-10-05T01:57:53.105434Z,KXBTC15M-26OCT042200-00,0.0230,17.00,yes
2026-10-05T01:57:53.11694Z,KXBTC15M-26OCT042200-00,0.0230,14.06,yes
2026-10-05T01:57:53.11694Z,KXBTC15M-26OCT042200-00,0.0230,21.93,yes
2026-10-05T01:57:53.11694Z,KXBTC15M-26OCT042200-00,0.0230,0.01,yes
2026-10-05T01:57:53.11694Z,KXBTC15M-26OCT042200-00,0.0230,0.01,yes
2026-10-05T01:57:53.11694Z,KXBTC15M-26OCT042200-00,0.0230,15.00,yes
2026-10-05T01:57:53.11694Z,KXBTC15M-26OCT042200-00,0.0230,210.00,yes
2026-10-05T01:57:53.11694Z,KXBTC15M-26OCT042200-00,0.0230,12.00,yes
2026-10-05T01:57:53.154109Z,KXBTC15M-26OCT042200-00,0.0230,0.01,yes
2026-10-05T01:57:53.154109Z,KXBTC15M-26OCT042200-00,0.0230,12.00,yes
2026-10-05T01:57:53.154109Z,KXBTC15M-26OCT042200-00,0.0230,0.01,yes
2026-10-05T01:57:53.154109Z,KXBTC15M-26OCT042200-00,0.0230,17.00,yes
2026-10-05T01:57:53.154109Z,KXBTC15M-26OCT042200-00,0.0230,15.00,yes
2026-10-05T01:57:53.154109Z,KXBTC15M-26OCT042200-00,0.0240,338.98,yes
2026-10-05T01:57:53.154109Z,KXBTC15M-26OCT042200-00,0.0240,0.01,yes
2026-10-05T01:57:53.154109Z,KXBTC15M-26OCT042200-00,0.0240,6.00,yes
2026-10-05T01:57:53.154109Z,KXBTC15M-26OCT042200-00,0.0240,0.01,yes
2026-10-05T01:57:53.154109Z,KXBTC15M-26OCT042200-00,0.0240,1.00,yes
2026-10-05T01:57:53.371947Z,KXBTC15M-26OCT042200-00,0.0230,4.00,yes
2026-10-05T01:57:53.373966Z,KXBTC15M-26OCT042200-00,0.0230,5.82,yes
2026-10-05T01:57:53.375002Z,KXBTC15M-26OCT042200-00,0.0220,0.01,no
2026-10-05T01:57:53.375002Z,KXBTC15M-26OCT042200-00,0.0220,0.01,no
2026-10-05T01:57:53.375002Z,KXBTC15M-26OCT042200-00,0.0220,2.02,no
2026-10-05T01:57:53.416713Z,KXBTC15M-26OCT042200-00,0.0230,15.00,yes
2026-10-05T01:57:53.416713Z,KXBTC15M-26OCT042200-00,0.0230,16.80,yes
2026-10-05T01:57:53.416713Z,KXBTC15M-26OCT042200-00,0.0230,0.01,yes
2026-10-05T01:57:53.416713Z,KXBTC15M-26OCT042200-00,0.0230,7.18,yes
2026-10-05T01:57:53.416713Z,KXBTC15M-26OCT042200-00,0.0230,0.01,yes
2026-10-05T01:57:53.453699Z,KXBTC15M-26OCT042200-00,0.0230,40.20,yes
2026-10-05T01:57:53.486009Z,KXBTC15M-26OCT042200-00,0.0230,40.00,yes
2026-10-05T01:57:53.486009Z,KXBTC15M-26OCT042200-00,0.0230,1.00,yes
2026-10-05T01:57:53.486009Z,KXBTC15M-26OCT042200-00,0.0240,111.99,yes
2026-10-05T01:57:53.486009Z,KXBTC15M-26OCT042200-00,0.0230,27.00,yes
2026-10-05T01:57:53.486009Z,KXBTC15M-26OCT042200-00,0.0230,0.01,yes
2026-10-05T01:57:53.486009Z,KXBTC15M-26OCT042200-00,0.0230,0.01,yes
2026-10-05T01:57:53.486009Z,KXBTC15M-26OCT042200-00,0.0230,15.00,yes
2026-10-05T01:57:53.566693Z,KXBTC15M-26OCT042200-00,0.0230,15.00,yes
2026-10-05T01:57:53.566693Z,KXBTC15M-26OCT042200-00,0.0230,17.00,yes
2026-10-05T01:57:53.566693Z,KXBTC15M-26OCT042200-00,0.0240,19.38,yes
2026-10-05T01:57:53.566693Z,KXBTC15M-26OCT042200-00,0.0230,0.01,yes
2026-10-05T01:57:53.566693Z,KXBTC15M-26OCT042200-00,0.0230,0.01,yes
2026-10-05T01:57:53.576308Z,KXBTC15M-26OCT042200-00,0.0230,17.00,yes
2026-10-05T01:57:53.576308Z,KXBTC15M-26OCT042200-00,0.0240,22.06,yes
2026-10-05T01:57:53.621508Z,KXBTC15M-26OCT042200-00,0.0230,17.00,yes
2026-10-05T01:57:53.621508Z,KXBTC15M-26OCT042200-00,0.0230,0.01,yes
2026-10-05T01:57:53.621508Z,KXBTC15M-26OCT042200-00,0.0230,15.00,yes
2026-10-05T01:57:53.621508Z,KXBTC15M-26OCT042200-00,0.0230,0.01,yes
2026-10-05T01:57:53.621508Z,KXBTC15M-26OCT042200-00,0.0240,5.83,yes
2026-10-05T01:57:53.687896Z,KXBTC15M-26OCT042200-00,0.0230,0.01,yes
2026-10-05T01:57:53.687896Z,KXBTC15M-26OCT042200-00,0.0230,1.96,yes
2026-10-05T01:57:53.715966Z,KXBTC15M-26OCT042200-00,0.0230,0.01,yes
2026-10-05T01:57:53.715966Z,KXBTC15M-26OCT042200-00,0.0230,15.00,yes
2026-10-05T01:57:53.715966Z,KXBTC15M-26OCT042200-00,0.0230,15.04,yes
2026-10-05T01:57:53.715966Z,KXBTC15M-26OCT042200-00,0.0230,0.01,yes
2026-10-05T01:57:53.872114Z,KXBTC15M-26OCT042200-00,0.0250,123.99,yes
2026-10-05T01:57:53.872114Z,KXBTC15M-26OCT042200-00,0.0240,1.76,yes
2026-10-05T01:57:53.872114Z,KXBTC15M-26OCT042200-00,0.0250,15.00,yes
2026-10-05T01:57:53.872114Z,KXBTC15M-26OCT042200-00,0.0230,0.01,yes
2026-10-05T01:57:53.872114Z,KXBTC15M-26OCT042200-00,0.0230,17.00,yes
2026-10-05T01:57:53.872114Z,KXBTC15M-26OCT042200-00,0.0230,0.01,yes
2026-10-05T01:57:53.872114Z,KXBTC15M-26OCT042200-00,0.0240,7.00,yes
2026-10-05T01:57:53.872114Z,KXBTC15M-26OCT042200-00,0.0250,17.00,yes
2026-10-05T01:57:53.898146Z,KXBTC15M-26OCT042200-00,0.0230,0.01,yes
2026-10-05T01:57:53.988625Z,KXBTC15M-26OCT042200-00,0.0240,17.00,yes
2026-10-05T01:57:53.988625Z,KXBTC15M-26OCT042200-00,0.0240,28.22,yes
2026-10-05T01:57:54.0653Z,KXBTC15M-26OCT042200-00,0.0220,5.10,no
2026-10-05T01:57:54.090228Z,KXBTC15M-26OCT042200-00,0.0240,94.00,yes
2026-10-05T01:57:54.090228Z,KXBTC15M-26OCT042200-00,0.0230,50.00,yes
2026-10-05T01:57:54.090228Z,KXBTC15M-26OCT042200-00,0.0230,17.00,yes
2026-10-05T01:57:54.090228Z,KXBTC15M-26OCT042200-00,0.0240,8.00,yes
2026-10-05T01:57:54.090228Z,KXBTC15M-26OCT042200-00,0.0240,0.01,yes
2026-10-05T01:57:54.090228Z,KXBTC15M-26OCT042200-00,0.0250,15.00,yes
2026-10-05T01:57:54.090228Z,KXBTC15M-26OCT042200-00,0.0250,17.00,yes
2026-10-05T01:57:54.090228Z,KXBTC15M-26OCT042200-00,0.0240,37.78,yes
2026-10-05T01:57:54.090228Z,KXBTC15M-26OCT042200-00,0.0260,29.94,yes
2026-10-05T01:57:54.090654Z,KXBTC15M-26OCT042200-00,0.0260,21.25,yes
2026-10-05T01:57:54.102192Z,KXBTC15M-26OCT042200-00,0.0230,15.00,yes
2026-10-05T01:57:54.119797Z,KXBTC15M-26OCT042200-00,0.0230,0.40,yes
2026-10-05T01:57:54.130764Z,KXBTC15M-26OCT042200-00,0.0250,0.01,yes
2026-10-05T01:57:54.130764Z,KXBTC15M-26OCT042200-00,0.0240,17.00,yes
2026-10-05T01:57:54.130764Z,KXBTC15M-26OCT042200-00,0.0250,5.16,yes
2026-10-05T01:57:54.130764Z,KXBTC15M-26OCT042200-00,0.0230,15.00,yes
2026-10-05T01:57:54.130764Z,KXBTC15M-26OCT042200-00,0.0230,1.60,yes
2026-10-05T01:57:54.168059Z,KXBTC15M-26OCT042200-00,0.0230,5.16,yes
2026-10-05T01:57:54.176041Z,KXBTC15M-26OCT042200-00,0.0220,0.94,no
2026-10-05T01:57:54.28422Z,KXBTC15M-26OCT042200-00,0.0240,17.00,yes
2026-10-05T01:57:54.28422Z,KXBTC15M-26OCT042200-00,0.0230,11.84,yes
2026-10-05T01:57:54.28422Z,KXBTC15M-26OCT042200-00,0.0240,8.00,yes
2026-10-05T01:57:54.304804Z,KXBTC15M-26OCT042200-00,0.0250,151.29,yes
2026-10-05T01:57:54.304804Z,KXBTC15M-26OCT042200-00,0.0240,17.00,yes
2026-10-05T01:57:54.304804Z,KXBTC15M-26OCT042200-00,0.0250,15.00,yes
2026-10-05T01:57:54.331264Z,KXBTC15M-26OCT042200-00,0.0230,10.00,no
2026-10-05T01:57:54.335182Z,KXBTC15M-26OCT042200-00,0.0250,0.76,yes
2026-10-05T01:57:54.440117Z,KXBTC15M-26OCT042200-00,0.0250,44.13,yes
2026-10-05T01:57:54.521785Z,KXBTC15M-26OCT042200-00,0.0250,3.82,yes
2026-10-05T01:57:54.521785Z,KXBTC15M-26OCT042200-00,0.0250,1.00,yes
2026-10-05T01:57:54.521785Z,KXBTC15M-26OCT042200-00,0.0250,17.00,yes
2026-10-05T01:57:54.521785Z,KXBTC15M-26OCT042200-00,0.0250,161.45,yes
2026-10-05T01:57:54.599111Z,KXBTC15M-26OCT042200-00,0.0250,59.92,yes
2026-10-05T01:57:54.610776Z,KXBTC15M-26OCT042200-00,0.0250,110.88,yes
2026-10-05T01:57:54.820893Z,KXBTC15M-26OCT042200-00,0.0230,0.01,no
2026-10-05T01:57:54.820893Z,KXBTC15M-26OCT042200-00,0.0230,5.00,no
2026-10-05T01:57:54.820893Z,KXBTC15M-26OCT042200-00,0.0230,94.98,no
2026-10-05T01:57:54.820893Z,KXBTC15M-26OCT042200-00,0.0230,0.01,no
2026-10-05T01:57:54.913721Z,KXBTC15M-26OCT042200-00,0.0230,1.87,no
2026-10-05T01:57:54.954387Z,KXBTC15M-26OCT042200-00,0.0240,0.01,yes
2026-10-05T01:57:54.954387Z,KXBTC15M-26OCT042200-00,0.0240,17.00,yes
2026-10-05T01:57:55.107115Z,KXBTC15M-26OCT042200-00,0.0240,11.00,no
2026-10-05T01:57:55.113463Z,KXBTC15M-26OCT042200-00,0.0240,11.00,no
2026-10-05T01:57:55.114461Z,KXBTC15M-26OCT042200-00,0.0240,1.00,no
2026-10-05T01:57:55.119679Z,KXBTC15M-26OCT042200-00,0.0240,11.00,no
2026-10-05T01:57:55.173853Z,KXBTC15M-26OCT042200-00,0.0250,8.00,yes
2026-10-05T01:57:55.173853Z,KXBTC15M-26OCT042200-00,0.0250,12.00,yes
2026-10-05T01:57:55.173853Z,KXBTC15M-26OCT042200-00,0.0250,36.39,yes
2026-10-05T01:57:55.173853Z,KXBTC15M-26OCT042200-00,0.0250,17.00,yes
2026-10-05T01:57:55.18979Z,KXBTC15M-26OCT042200-00,0.0240,0.01,no
2026-10-05T01:57:55.18979Z,KXBTC15M-26OCT042200-00,0.0240,0.01,no
2026-10-05T01:57:55.18979Z,KXBTC15M-26OCT042200-00,0.0240,266.00,no
2026-10-05T01:57:55.18979Z,KXBTC15M-26OCT042200-00,0.0230,0.01,no
2026-10-05T01:57:55.18979Z,KXBTC15M-26OCT042200-00,0.0230,0.01,no
2026-10-05T01:57:55.18979Z,KXBTC15M-26OCT042200-00,0.0230,142.15,no
2026-10-05T01:57:55.18979Z,KXBTC15M-26OCT042200-00,0.0230,200.00,no
2026-10-05T01:57:55.18979Z,KXBTC15M-26OCT042200-00,0.0230,14.99,no
2026-10-05T01:57:55.18979Z,KXBTC15M-26OCT042200-00,0.0220,15.00,no
2026-10-05T01:57:55.18979Z,KXBTC15M-26OCT042200-00,0.0220,15.00,no
2026-10-05T01:57:55.18979Z,KXBTC15M-26OCT042200-00,0.0230,34.00,no
2026-10-05T01:57:55.18979Z,KXBTC15M-26OCT042200-00,0.0220,6.94,no
2026-10-05T01:57:55.18979Z,KXBTC15M-26OCT042200-00,0.0230,1.00,no
2026-10-05T01:57:55.18979Z,KXBTC15M-26OCT042200-00,0.0220,15.00,no
2026-10-05T01:57:55.18979Z,KXBTC15M-26OCT042200-00,0.0220,15.00,no
2026-10-05T01:57:55.18979Z,KXBTC15M-26OCT042200-00,0.0200,1475.63,no
2026-10-05T01:57:55.18979Z,KXBTC15M-26OCT042200-00,0.0220,15.00,no
2026-10-05T01:57:55.18979Z,KXBTC15M-26OCT042200-00,0.0210,6.00,no
2026-10-05T01:57:55.18979Z,KXBTC15M-26OCT042200-00,0.0220,15.00,no
2026-10-05T01:57:55.18979Z,KXBTC15M-26OCT042200-00,0.0210,11.00,no
2026-10-05T01:57:55.18979Z,KXBTC15M-26OCT042200-00,0.0220,15.00,no
2026-10-05T01:57:55.18979Z,KXBTC15M-26OCT042200-00,0.0200,50.00,no
2026-10-05T01:57:55.195055Z,KXBTC15M-26OCT042200-00,0.0250,37.44,yes
2026-10-05T01:57:55.310855Z,KXBTC15M-26OCT042200-00,0.0230,37.98,yes
2026-10-05T01:57:55.459226Z,KXBTC15M-26OCT042200-00,0.0220,1.53,no
2026-10-05T01:57:55.459226Z,KXBTC15M-26OCT042200-00,0.0220,0.01,no
2026-10-05T01:57:55.459226Z,KXBTC15M-26OCT042200-00,0.0220,0.01,no
2026-10-05T01:57:55.488149Z,KXBTC15M-26OCT042200-00,0.0220,99.00,no
2026-10-05T01:57:55.509068Z,KXBTC15M-26OCT042200-00,0.0230,0.43,yes
2026-10-05T01:57:55.569752Z,KXBTC15M-26OCT042200-00,0.0230,37.44,yes
2026-10-05T01:57:55.674341Z,KXBTC15M-26OCT042200-00,0.0220,42.99,no
2026-10-05T01:57:55.680424Z,KXBTC15M-26OCT042200-00,0.0230,162.13,yes
2026-10-05T01:57:55.680424Z,KXBTC15M-26OCT042200-00,0.0230,45.00,yes
2026-10-05T01:57:55.758762Z,KXBTC15M-26OCT042200-00,0.0210,11.00,no
2026-10-05T01:57:55.758762Z,KXBTC15M-26OCT042200-00,0.0210,5.32,no
2026-10-05T01:57:55.758762Z,KXBTC15M-26OCT042200-00,0.0220,0.01,no
2026-10-05T01:57:55.758762Z,KXBTC15M-26OCT042200-00,0.0220,302.83,no
2026-10-05T01:57:55.758762Z,KXBTC15M-26OCT042200-00,0.0220,200.00,no
2026-10-05T01:57:55.758762Z,KXBTC15M-26OCT042200-00,0.0210,93.00,no
2026-10-05T01:57:55.758762Z,KXBTC15M-26OCT042200-00,0.0220,1.00,no
2026-10-05T01:57:55.758762Z,KXBTC15M-26OCT042200-00,0.0210,17.00,no
2026-10-05T01:57:55.758762Z,KXBTC15M-26OCT042200-00,0.0220,0.01,no
2026-10-05T01:57:55.758762Z,KXBTC15M-26OCT042200-00,0.0220,500.00,no
2026-10-05T01:57:55.889815Z,KXBTC15M-26OCT042200-00,0.0220,0.01,yes
2026-10-05T01:57:55.889815Z,KXBTC15M-26OCT042200-00,0.0220,8.67,yes
2026-10-05T01:57:55.889815Z,KXBTC15M-26OCT042200-00,0.0220,15.00,yes
2026-10-05T01:57:55.889815Z,KXBTC15M-26OCT042200-00,0.0220,0.01,yes
2026-10-05T01:57:55.889815Z,KXBTC15M-26OCT042200-00,0.0220,17.00,yes
2026-10-05T01:57:55.906556Z,KXBTC15M-26OCT042200-00,0.0210,5.00,no
2026-10-05T01:57:55.941912Z,KXBTC15M-26OCT042200-00,0.0220,256.75,yes
2026-10-05T01:57:55.941912Z,KXBTC15M-26OCT042200-00,0.0220,0.01,yes
2026-10-05T01:57:55.941912Z,KXBTC15M-26OCT042200-00,0.0220,1.90,yes
2026-10-05T01:57:55.941912Z,KXBTC15M-26OCT042200-00,0.0220,6.33,yes
2026-10-05T01:57:55.941912Z,KXBTC15M-26OCT042200-00,0.0220,0.01,yes
2026-10-05T01:57:55.964667Z,KXBTC15M-26OCT042200-00,0.0220,69.07,yes
2026-10-05T01:57:56.105177Z,KXBTC15M-26OCT042200-00,0.0220,40.69,yes
2026-10-05T01:57:56.133008Z,KXBTC15M-26OCT042200-00,0.0220,40.69,yes
2026-10-05T01:57:56.139337Z,KXBTC15M-26OCT042200-00,0.0220,40.69,yes
2026-10-05T01:57:56.192179Z,KXBTC15M-26OCT042200-00,0.0220,0.01,yes
2026-10-05T01:57:56.192179Z,KXBTC15M-26OCT042200-00,0.0220,17.00,yes
2026-10-05T01:57:56.192179Z,KXBTC15M-26OCT042200-00,0.0220,0.01,yes
2026-10-05T01:57:56.192179Z,KXBTC15M-26OCT042200-00,0.0220,15.00,yes
2026-10-05T01:57:56.192179Z,KXBTC15M-26OCT042200-00,0.0230,23.98,yes
2026-10-05T01:57:56.261726Z,KXBTC15M-26OCT042200-00,0.0220,8.50,yes
2026-10-05T01:57:56.372726Z,KXBTC15M-26OCT042200-00,0.0220,8.50,yes
2026-10-05T01:57:56.372726Z,KXBTC15M-26OCT042200-00,0.0220,15.00,yes
2026-10-05T01:57:56.372726Z,KXBTC15M-26OCT042200-00,0.0220,0.01,yes
2026-10-05T01:57:56.372726Z,KXBTC15M-26OCT042200-00,0.0220,0.01,yes
2026-10-05T01:57:56.372726Z,KXBTC15M-26OCT042200-00,0.0230,8.00,yes
2026-10-05T01:57:56.372726Z,KXBTC15M-26OCT042200-00,0.0240,10.16,yes
2026-10-05T01:57:56.39257Z,KXBTC15M-26OCT042200-00,0.0240,9.80,yes
2026-10-05T01:57:56.39257Z,KXBTC15M-26OCT042200-00,0.0240,6.84,yes
2026-10-05T01:57:56.394032Z,KXBTC15M-26OCT042200-00,0.0230,260.00,no
2026-10-05T01:57:56.433452Z,KXBTC15M-26OCT042200-00,0.0230,0.01,no
2026-10-05T01:57:56.433452Z,KXBTC15M-26OCT042200-00,0.0220,93.97,no
2026-10-05T01:57:56.433452Z,KXBTC15M-26OCT042200-00,0.0230,0.01,no
2026-10-05T01:57:56.433452Z,KXBTC15M-26OCT042200-00,0.0220,8.00,no
2026-10-05T01:57:56.724918Z,KXBTC15M-26OCT042200-00,0.0240,5.62,yes
2026-10-05T01:57:57.030561Z,KXBTC15M-26OCT042200-00,0.0220,45.98,no
2026-10-05T01:57:57.030561Z,KXBTC15M-26OCT042200-00,0.0220,4.00,no
2026-10-05T01:57:57.030561Z,KXBTC15M-26OCT042200-00,0.0230,0.01,no
2026-10-05T01:57:57.030561Z,KXBTC15M-26OCT042200-00,0.0230,0.01,no
2026-10-05T01:57:57.142909Z,KXBTC15M-26OCT042200-00,0.0230,78.00,yes
2026-10-05T01:57:57.214743Z,KXBTC15M-26OCT042200-00,0.0230,39.00,yes
2026-10-05T01:57:57.222146Z,KXBTC15M-26OCT042200-00,0.0230,11.00,yes
2026-10-05T01:57:57.222146Z,KXBTC15M-26OCT042200-00,0.0230,186.74,yes
2026-10-05T01:57:57.222146Z,KXBTC15M-26OCT042200-00,0.0230,5.73,yes
2026-10-05T01:57:57.303936Z,KXBTC15M-26OCT042200-00,0.0220,0.01,no
2026-10-05T01:57:57.303936Z,KXBTC15M-26OCT042200-00,0.0220,0.99,no
2026-10-05T01:57:57.535023Z,KXBTC15M-26OCT042200-00,0.0230,8.81,yes
2026-10-05T01:57:57.535023Z,KXBTC15M-26OCT042200-00,0.0230,0.01,yes
2026-10-05T01:57:57.535023Z,KXBTC15M-26OCT042200-00,0.0230,0.01,yes
2026-10-05T01:57:57.543965Z,KXBTC15M-26OCT042200-00,0.0220,129.65,no
2026-10-05T01:57:57.547633Z,KXBTC15M-26OCT042200-00,0.0220,39.56,no
2026-10-05T01:57:57.594103Z,KXBTC15M-26OCT042200-00,0.0230,0.01,yes
2026-10-05T01:57:57.594103Z,KXBTC15M-26OCT042200-00,0.0230,11.00,yes
2026-10-05T01:57:57.594103Z,KXBTC15M-26OCT042200-00,0.0230,6.19,yes
2026-10-05T01:57:57.594103Z,KXBTC15M-26OCT042200-00,0.0230,0.01,yes
2026-10-05T01:57:57.594103Z,KXBTC15M-26OCT042200-00,0.0240,12.00,yes
2026-10-05T01:57:57.594103Z,KXBTC15M-26OCT042200-00,0.0240,4.38,yes
2026-10-05T01:57:57.594103Z,KXBTC15M-26OCT042200-00,0.0250,99.41,yes
2026-10-05T01:57:57.656916Z,KXBTC15M-26OCT042200-00,0.0240,17.00,yes
2026-10-05T01:57:57.656916Z,KXBTC15M-26OCT042200-00,0.0230,15.00,yes
2026-10-05T01:57:57.656916Z,KXBTC15M-26OCT042200-00,0.0240,0.01,yes
2026-10-05T01:57:57.656916Z,KXBTC15M-26OCT042200-00,0.0230,17.00,yes
2026-10-05T01:57:57.672042Z,KXBTC15M-26OCT042200-00,0.0220,0.01,no
2026-10-05T01:57:57.672042Z,KXBTC15M-26OCT042200-00,0.0220,102.08,no
2026-10-05T01:57:57.717103Z,KXBTC15M-26OCT042200-00,0.0220,0.01,no
2026-10-05T01:57:57.717103Z,KXBTC15M-26OCT042200-00,0.0220,15.00,no
2026-10-05T01:57:57.717103Z,KXBTC15M-26OCT042200-00,0.0220,97.92,no
2026-10-05T01:57:57.717103Z,KXBTC15M-26OCT042200-00,0.0220,15.00,no
2026-10-05T01:57:57.717103Z,KXBTC15M-26OCT042200-00,0.0220,1.00,no
2026-10-05T01:57:57.717103Z,KXBTC15M-26OCT042200-00,0.0220,15.00,no
2026-10-05T01:57:57.717103Z,KXBTC15M-26OCT042200-00,0.0220,500.00,no
2026-10-05T01:57:57.717103Z,KXBTC15M-26OCT042200-00,0.0220,314.07,no
2026-10-05T01:57:57.721358Z,KXBTC15M-26OCT042200-00,0.0220,0.01,no
2026-10-05T01:57:57.721358Z,KXBTC15M-26OCT042200-00,0.0220,0.06,no
2026-10-05T01:57:57.721358Z,KXBTC15M-26OCT042200-00,0.0210,14.93,no
2026-10-05T01:57:57.72143Z,KXBTC15M-26OCT042200-00,0.0210,151.93,no
2026-10-05T01:57:57.72143Z,KXBTC15M-26OCT042200-00,0.0210,2.00,no
2026-10-05T01:57:57.72143Z,KXBTC15M-26OCT042200-00,0.0210,93.00,no
2026-10-05T01:57:57.72143Z,KXBTC15M-26OCT042200-00,0.0210,15.00,no
2026-10-05T01:57:57.72143Z,KXBTC15M-26OCT042200-00,0.0210,15.00,no
2026-10-05T01:57:57.72143Z,KXBTC15M-26OCT042200-00,0.0210,11.00,no
2026-10-05T01:57:57.72143Z,KXBTC15M-26OCT042200-00,0.0210,0.07,no
2026-10-05T01:57:57.72143Z,KXBTC15M-26OCT042200-00,0.0210,15.00,no
2026-10-05T01:57:57.72749Z,KXBTC15M-26OCT042200-00,0.0210,14.99,no
2026-10-05T01:57:57.72749Z,KXBTC15M-26OCT042200-00,0.0220,0.01,no
2026-10-05T01:57:57.72828Z,KXBTC15M-26OCT042200-00,0.0210,1.00,no
2026-10-05T01:57:57.73453Z,KXBTC15M-26OCT042200-00,0.0210,15.00,no
2026-10-05T01:57:57.798017Z,KXBTC15M-26OCT042200-00,0.0220,4.04,yes
2026-10-05T01:57:57.893641Z,KXBTC15M-26OCT042200-00,0.0220,284.86,yes
2026-10-05T01:57:57.908539Z,KXBTC15M-26OCT042200-00,0.0230,11.00,yes
2026-10-05T01:57:57.908539Z,KXBTC15M-26OCT042200-00,0.0230,17.00,yes
2026-10-05T01:57:57.908539Z,KXBTC15M-26OCT042200-00,0.0230,15.00,yes
2026-10-05T01:57:57.908539Z,KXBTC15M-26OCT042200-00,0.0230,194.79,yes
2026-10-05T01:57:57.908539Z,KXBTC15M-26OCT042200-00,0.0230,15.00,yes
2026-10-05T01:57:57.908539Z,KXBTC15M-26OCT042200-00,0.0230,12.00,yes
2026-10-05T01:57:57.908539Z,KXBTC15M-26OCT042200-00,0.0220,0.01,yes
2026-10-05T01:57:57.908539Z,KXBTC15M-26OCT042200-00,0.0220,0.01,yes
2026-10-05T01:57:57.910583Z,KXBTC15M-26OCT042200-00,0.0230,805.21,yes
2026-10-05T01:57:57.910583Z,KXBTC15M-26OCT042200-00,0.0240,200.00,yes
2026-10-05T01:57:57.910583Z,KXBTC15M-26OCT042200-00,0.0250,2.00,yes
2026-10-05T01:57:57.910583Z,KXBTC15M-26OCT042200-00,0.0240,17.00,yes
2026-10-05T01:57:57.910583Z,KXBTC15M-26OCT042200-00,0.0240,15.00,yes
2026-10-05T01:57:57.910583Z,KXBTC15M-26OCT042200-00,0.0250,156.00,yes
2026-10-05T01:57:57.910583Z,KXBTC15M-26OCT042200-00,0.0260,148.37,yes
2026-10-05T01:57:57.910583Z,KXBTC15M-26OCT042200-00,0.0260,36.00,yes
2026-10-05T01:57:57.910583Z,KXBTC15M-26OCT042200-00,0.0250,2.00,yes
2026-10-05T01:57:57.910583Z,KXBTC15M-26OCT042200-00,0.0260,276.00,yes
2026-10-05T01:57:57.910583Z,KXBTC15M-26OCT042200-00,0.0230,200.00,yes
2026-10-05T01:57:57.910583Z,KXBTC15M-26OCT042200-00,0.0260,2.00,yes
2026-10-05T01:57:57.910583Z,KXBTC15M-26OCT042200-00,0.0250,50.59,yes
2026-10-05T01:57:57.910583Z,KXBTC15M-26OCT042200-00,0.0260,2.00,yes
2026-10-05T01:57:57.910583Z,KXBTC15M-26OCT042200-00,0.0260,15.00,yes
2026-10-05T01:57:57.985821Z,KXBTC15M-26OCT042200-00,0.0230,0.01,yes
2026-10-05T01:57:57.985821Z,KXBTC15M-26OCT042200-00,0.0230,15.00,yes
2026-10-05T01:57:57.985821Z,KXBTC15M-26OCT042200-00,0.0230,0.01,yes
2026-10-05T01:57:57.985821Z,KXBTC15M-26OCT042200-00,0.0230,7.36,yes
2026-10-05T01:57:58.017396Z,KXBTC15M-26OCT042200-00,0.0220,20.08,no
2026-10-05T01:57:58.04869Z,KXBTC15M-26OCT042200-00,0.0230,10.00,yes
2026-10-05T01:57:58.04869Z,KXBTC15M-26OCT042200-00,0.0230,15.00,yes
2026-10-05T01:57:58.04869Z,KXBTC15M-26OCT042200-00,0.0230,7.64,yes
2026-10-05T01:57:58.04869Z,KXBTC15M-26OCT042200-00,0.0250,6.74,yes
2026-10-05T01:57:58.092409Z,KXBTC15M-26OCT042200-00,0.0250,3.97,yes
2026-10-05T01:57:58.151478Z,KXBTC15M-26OCT042200-00,0.0230,27.81,no
2026-10-05T01:57:58.218825Z,KXBTC15M-26OCT042200-00,0.0240,16.00,yes
2026-10-05T01:57:58.218825Z,KXBTC15M-26OCT042200-00,0.0240,15.00,yes
2026-10-05T01:57:58.218825Z,KXBTC15M-26OCT042200-00,0.0250,12.74,yes
2026-10-05T01:57:58.218825Z,KXBTC15M-26OCT042200-00,0.0240,400.00,yes
2026-10-05T01:57:58.218825Z,KXBTC15M-26OCT042200-00,0.0250,1.00,yes
2026-10-05T01:57:58.218825Z,KXBTC15M-26OCT042200-00,0.0250,139.29,yes
2026-10-05T01:57:58.218825Z,KXBTC15M-26OCT042200-00,0.0250,258.34,yes
2026-10-05T01:57:58.218825Z,KXBTC15M-26OCT042200-00,0.0250,200.00,yes
2026-10-05T01:57:58.218825Z,KXBTC15M-26OCT042200-00,0.0250,15.00,yes
2026-10-05T01:57:58.296653Z,KXBTC15M-26OCT042200-00,0.0240,15.00,yes
2026-10-05T01:57:58.296653Z,KXBTC15M-26OCT042200-00,0.0240,59.53,yes
2026-10-05T01:57:58.310489Z,KXBTC15M-26OCT042200-00,0.0250,1.33,yes
2026-10-05T01:57:58.346004Z,KXBTC15M-26OCT042200-00,0.0240,16.84,yes
2026-10-05T01:57:58.346004Z,KXBTC15M-26OCT042200-00,0.0240,15.00,yes
2026-10-05T01:57:58.346004Z,KXBTC15M-26OCT042200-00,0.0240,15.00,yes
2026-10-05T01:57:58.420845Z,KXBTC15M-26OCT042200-00,0.0250,148.67,yes
2026-10-05T01:57:58.420845Z,KXBTC15M-26OCT042200-00,0.0280,6.00,yes
2026-10-05T01:57:58.420845Z,KXBTC15M-26OCT042200-00,0.0300,93.75,yes
2026-10-05T01:57:58.420845Z,KXBTC15M-26OCT042200-00,0.0240,15.00,yes
2026-10-05T01:57:58.420845Z,KXBTC15M-26OCT042200-00,0.0280,12.00,yes
2026-10-05T01:57:58.420845Z,KXBTC15M-26OCT042200-00,0.0300,15.00,yes
2026-10-05T01:57:58.420845Z,KXBTC15M-26OCT042200-00,0.0280,12.00,yes
2026-10-05T01:57:58.420845Z,KXBTC15M-26OCT042200-00,0.0280,276.00,yes
2026-10-05T01:57:58.420845Z,KXBTC15M-26OCT042200-00,0.0250,200.00,yes
2026-10-05T01:57:58.420845Z,KXBTC15M-26OCT042200-00,0.0300,93.75,yes
2026-10-05T01:57:58.420845Z,KXBTC15M-26OCT042200-00,0.0240,400.00,yes
2026-10-05T01:57:58.420845Z,KXBTC15M-26OCT042200-00,0.0290,2.00,yes
2026-10-05T01:57:58.420845Z,KXBTC15M-26OCT042200-00,0.0290,2.00,yes
2026-10-05T01:57:58.420845Z,KXBTC15M-26OCT042200-00,0.0300,2.00,yes
2026-10-05T01:57:58.420845Z,KXBTC15M-26OCT042200-00,0.0280,2.00,yes
2026-10-05T01:57:58.420845Z,KXBTC15M-26OCT042200-00,0.0300,2.00,yes
2026-10-05T01:57:58.420845Z,KXBTC15M-26OCT042200-00,0.0270,15.00,yes
2026-10-05T01:57:58.420845Z,KXBTC15M-26OCT042200-00,0.0280,2.00,yes
2026-10-05T01:57:58.420845Z,KXBTC15M-26OCT042200-00,0.0290,500.00,yes
2026-10-05T01:57:58.420845Z,KXBTC15M-26OCT042200-00,0.0270,500.00,yes
2026-10-05T01:57:58.420845Z,KXBTC15M-26OCT042200-00,0.0300,64.00,yes
2026-10-05T01:57:58.420845Z,KXBTC15M-26OCT042200-00,0.0290,0.03,yes
2026-10-05T01:57:58.420845Z,KXBTC15M-26OCT042200-00,0.0280,0.03,yes
2026-10-05T01:57:58.420845Z,KXBTC15M-26OCT042200-00,0.0270,0.02,yes
2026-10-05T01:57:58.420845Z,KXBTC15M-26OCT042200-00,0.0300,15.00,yes
2026-10-05T01:57:58.420845Z,KXBTC15M-26OCT042200-00,0.0290,100.00,yes
2026-10-05T01:57:58.420845Z,KXBTC15M-26OCT042200-00,0.0300,0.03,yes
2026-10-05T01:57:58.420845Z,KXBTC15M-26OCT042200-00,0.0300,50.00,yes
2026-10-05T01:57:58.420845Z,KXBTC15M-26OCT042200-00,0.0300,64.00,yes
2026-10-05T01:57:58.420845Z,KXBTC15M-26OCT042200-00,0.0290,150.00,yes
2026-10-05T01:57:58.420845Z,KXBTC15M-26OCT042200-00,0.0300,4.00,yes
2026-10-05T01:57:58.420845Z,KXBTC15M-26OCT042200-00,0.0300,5.00,yes
2026-10-05T01:57:58.420845Z,KXBTC15M-26OCT042200-00,0.0300,4.00,yes
2026-10-05T01:57:58.420845Z,KXBTC15M-26OCT042200-00,0.0300,8.00,yes
2026-10-05T01:57:58.420845Z,KXBTC15M-26OCT042200-00,0.0300,4.00,yes
2026-10-05T01:57:58.420845Z,KXBTC15M-26OCT042200-00,0.0340,500.00,yes
2026-10-05T01:57:58.420845Z,KXBTC15M-26OCT042200-00,0.0300,1.00,yes
2026-10-05T01:57:58.420845Z,KXBTC15M-26OCT042200-00,0.0280,15.00,yes
2026-10-05T01:57:58.420845Z,KXBTC15M-26OCT042200-00,0.0300,2.00,yes
2026-10-05T01:57:58.420845Z,KXBTC15M-26OCT042200-00,0.0300,57.00,yes
2026-10-05T01:57:58.420845Z,KXBTC15M-26OCT042200-00,0.0300,5.00,yes
2026-10-05T01:57:58.420845Z,KXBTC15M-26OCT042200-00,0.0300,3.00,yes
2026-10-05T01:57:58.420845Z,KXBTC15M-26OCT042200-00,0.0300,5.00,yes
2026-10-05T01:57:58.420845Z,KXBTC15M-26OCT042200-00,0.0280,5.00,yes
2026-10-05T01:57:58.420845Z,KXBTC15M-26OCT042200-00,0.0350,1.00,yes
2026-10-05T01:57:58.420845Z,KXBTC15M-26OCT042200-00,0.0350,33.00,yes
2026-10-05T01:57:58.420845Z,KXBTC15M-26OCT042200-00,0.0360,14.00,yes
2026-10-05T01:57:58.420845Z,KXBTC15M-26OCT042200-00,0.0350,50.00,yes
2026-10-05T01:57:58.420845Z,KXBTC15M-26OCT042200-00,0.0360,60.00,yes
2026-10-05T01:57:58.420845Z,KXBTC15M-26OCT042200-00,0.0350,6.57,yes
2026-10-05T01:57:58.420845Z,KXBTC15M-26OCT042200-00,0.0360,26.00,yes
2026-10-05T01:57:58.420845Z,KXBTC15M-26OCT042200-00,0.0330,0.05,yes
2026-10-05T01:57:58.420845Z,KXBTC15M-26OCT042200-00,0.0360,0.08,yes
2026-10-05T01:57:58.420845Z,KXBTC15M-26OCT042200-00,0.0350,0.07,yes
2026-10-05T01:57:58.420845Z,KXBTC15M-26OCT042200-00,0.0340,0.06,yes
2026-10-05T01:57:58.420845Z,KXBTC15M-26OCT042200-00,0.0330,383.64,yes
2026-10-05T01:57:58.420845Z,KXBTC15M-26OCT042200-00,0.0370,103.87,yes
2026-10-05T01:57:58.420845Z,KXBTC15M-26OCT042200-00,0.0310,0.03,yes
2026-10-05T01:57:58.420845Z,KXBTC15M-26OCT042200-00,0.0320,0.03,yes
2026-10-05T01:57:58.420845Z,KXBTC15M-26OCT042200-00,0.0350,15.00,yes
2026-10-05T01:57:58.420845Z,KXBTC15M-26OCT042200-00,0.0350,15.00,yes
2026-10-05T01:57:58.420845Z,KXBTC15M-26OCT042200-00,0.0350,64.00,yes
2026-10-05T01:57:58.420845Z,KXBTC15M-26OCT042200-00,0.0350,93.75,yes
2026-10-05T01:57:58.420845Z,KXBTC15M-26OCT042200-00,0.0350,93.75,yes
2026-10-05T01:57:58.420845Z,KXBTC15M-26OCT042200-00,0.0350,64.00,yes
2026-10-05T01:57:58.420845Z,KXBTC15M-26OCT042200-00,0.0310,10.00,yes
2026-10-05T01:57:58.44074Z,KXBTC15M-26OCT042200-00,0.0300,23.19,no
2026-10-05T01:57:58.451363Z,KXBTC15M-26OCT042200-00,0.0310,15.00,no
2026-10-05T01:57:58.463159Z,KXBTC15M-26OCT042200-00,0.0310,0.01,no
2026-10-05T01:57:58.463159Z,KXBTC15M-26OCT042200-00,0.0310,10.00,no
2026-10-05T01:57:58.463159Z,KXBTC15M-26OCT042200-00,0.0310,0.01,no
2026-10-05T01:57:58.463159Z,KXBTC15M-26OCT042200-00,0.0300,3.98,no
2026-10-05T01:57:58.463159Z,KXBTC15M-26OCT042200-00,0.0310,1.00,no
2026-10-05T01:57:58.470808Z,KXBTC15M-26OCT042200-00,0.0310,10.00,no
2026-10-05T01:57:58.470808Z,KXBTC15M-26OCT042200-00,0.0310,0.01,no
2026-10-05T01:57:58.470808Z,KXBTC15M-26OCT042200-00,0.0300,4.99,no
2026-10-05T01:57:58.476822Z,KXBTC15M-26OCT042200-00,0.0310,11.00,no
2026-10-05T01:57:58.478332Z,KXBTC15M-26OCT042200-00,0.0310,15.00,no
2026-10-05T01:57:58.485351Z,KXBTC15M-26OCT042200-00,0.0310,15.00,no
2026-10-05T01:57:58.494945Z,KXBTC15M-26OCT042200-00,0.0310,15.00,no
2026-10-05T01:57:58.50139Z,KXBTC15M-26OCT042200-00,0.0310,15.00,no
2026-10-05T01:57:58.508134Z,KXBTC15M-26OCT042200-00,0.0310,6.00,no
2026-10-05T01:57:58.534255Z,KXBTC15M-26OCT042200-00,0.0310,5.00,no
2026-10-05T01:57:58.541325Z,KXBTC15M-26OCT042200-00,0.0310,5.00,no
2026-10-05T01:57:58.595219Z,KXBTC15M-26OCT042200-00,0.0310,16.47,no
2026-10-05T01:57:58.615308Z,KXBTC15M-26OCT042200-00,0.0320,2.00,yes
2026-10-05T01:57:58.615308Z,KXBTC15M-26OCT042200-00,0.0320,64.00,yes
2026-10-05T01:57:58.615308Z,KXBTC15M-26OCT042200-00,0.0320,100.00,yes
2026-10-05T01:57:58.615308Z,KXBTC15M-26OCT042200-00,0.0320,0.01,yes
2026-10-05T01:57:58.615308Z,KXBTC15M-26OCT042200-00,0.0320,400.00,yes
2026-10-05T01:57:58.615308Z,KXBTC15M-26OCT042200-00,0.0320,0.01,yes
2026-10-05T01:57:58.615308Z,KXBTC15M-26OCT042200-00,0.0320,160.52,yes
2026-10-05T01:57:58.712904Z,KXBTC15M-26OCT042200-00,0.0310,78.00,no
2026-10-05T01:57:58.804473Z,KXBTC15M-26OCT042200-00,0.0320,292.66,yes
2026-10-05T01:57:58.886915Z,KXBTC15M-26OCT042200-00,0.0320,0.15,yes
2026-10-05T01:57:59.03244Z,KXBTC15M-26OCT042200-00,0.0310,0.01,no
2026-10-05T01:57:59.03244Z,KXBTC15M-26OCT042200-00,0.0310,1.00,no
2026-10-05T01:57:59.03244Z,KXBTC15M-26OCT042200-00,0.0310,0.01,no
2026-10-05T01:57:59.090713Z,KXBTC15M-26OCT042200-00,0.0310,29.26,yes
2026-10-05T01:57:59.156583Z,KXBTC15M-26OCT042200-00,0.0300,5.10,no
2026-10-05T01:57:59.188505Z,KXBTC15M-26OCT042200-00,0.0300,94.69,no
2026-10-05T01:57:59.301228Z,KXBTC15M-26OCT042200-00,0.0300,605.10,no
2026-10-05T01:57:59.312643Z,KXBTC15M-26OCT042200-00,0.0310,0.14,yes
2026-10-05T01:57:59.365338Z,KXBTC15M-26OCT042200-00,0.0310,150.00,yes
2026-10-05T01:57:59.365338Z,KXBTC15M-26OCT042200-00,0.0310,19.58,yes
2026-10-05T01:57:59.365338Z,KXBTC15M-26OCT042200-00,0.0310,60.42,yes
2026-10-05T01:57:59.367133Z,KXBTC15M-26OCT042200-00,0.0300,104.13,no
2026-10-05T01:57:59.367133Z,KXBTC15M-26OCT042200-00,0.0300,1.00,no
2026-10-05T01:57:59.367133Z,KXBTC15M-26OCT042200-00,0.0300,50.00,no
2026-10-05T01:57:59.382771Z,KXBTC15M-26OCT042200-00,0.0300,10.08,no
2026-10-05T01:57:59.394551Z,KXBTC15M-26OCT042200-00,0.0300,20.64,no
2026-10-05T01:57:59.401291Z,KXBTC15M-26OCT042200-00,0.0310,199.46,yes
2026-10-05T01:57:59.438949Z,KXBTC15M-26OCT042200-00,0.0300,9.98,no
2026-10-05T01:57:59.438949Z,KXBTC15M-26OCT042200-00,0.0300,0.01,no
2026-10-05T01:57:59.438949Z,KXBTC15M-26OCT042200-00,0.0300,0.01,no
2026-10-05T01:57:59.516815Z,KXBTC15M-26OCT042200-00,0.0310,30.20,yes
2026-10-05T01:57:59.600507Z,KXBTC15M-26OCT042200-00,0.0310,39.01,yes
2026-10-05T01:57:59.6346Z,KXBTC15M-26OCT042200-00,0.0300,99.00,no
2026-10-05T01:57:59.666107Z,KXBTC15M-26OCT042200-00,0.0300,19.70,no
2026-10-05T01:57:59.694783Z,KXBTC15M-26OCT042200-00,0.0300,0.51,no
2026-10-05T01:57:59.821472Z,KXBTC15M-26OCT042200-00,0.0310,15.10,yes
2026-10-05T01:57:59.849133Z,KXBTC15M-26OCT042200-00,0.0300,1.00,no
2026-10-05T01:57:59.849133Z,KXBTC15M-26OCT042200-00,0.0300,0.01,no
2026-10-05T01:57:59.849133Z,KXBTC15M-26OCT042200-00,0.0300,0.01,no
2026-10-05T01:57:59.849133Z,KXBTC15M-26OCT042200-00,0.0300,29.79,no
2026-10-05T01:57:59.849133Z,KXBTC15M-26OCT042200-00,0.0290,189.00,no
2026-10-05T01:57:59.849133Z,KXBTC15M-26OCT042200-00,0.0280,500.00,no
2026-10-05T01:57:59.849133Z,KXBTC15M-26OCT042200-00,0.0290,1.00,no
2026-10-05T01:57:59.849133Z,KXBTC15M-26OCT042200-00,0.0260,440.38,no
2026-10-05T01:57:59.926729Z,KXBTC15M-26OCT042200-00,0.0260,31.17,no
2026-10-05T01:57:59.926729Z,KXBTC15M-26OCT042200-00,0.0260,0.01,no
2026-10-05T01:57:59.926729Z,KXBTC15M-26OCT042200-00,0.0260,0.01,no
2026-10-05T01:57:59.985374Z,KXBTC15M-26OCT042200-00,0.0260,0.01,no
2026-10-05T01:57:59.985374Z,KXBTC15M-26OCT042200-00,0.0260,0.01,no
2026-10-05T01:57:59.985374Z,KXBTC15M-26OCT042200-00,0.0240,0.12,no
2026-10-05T01:57:59.987704Z,KXBTC15M-26OCT042200-00,0.0260,30.20,yes
2026-10-05T01:58:00.009932Z,KXBTC15M-26OCT042200-00,0.0240,0.01,no
2026-10-05T01:58:00.009932Z,KXBTC15M-26OCT042200-00,0.0240,0.01,no
2026-10-05T01:58:00.009932Z,KXBTC15M-26OCT042200-00,0.0230,5.10,no
2026-10-05T01:58:00.009932Z,KXBTC15M-26OCT042200-00,0.0240,1.88,no
2026-10-05T01:58:00.050518Z,KXBTC15M-26OCT042200-00,0.0230,1.00,no
2026-10-05T01:58:00.071473Z,KXBTC15M-26OCT042200-00,0.0230,15.00,no
2026-10-05T01:58:00.071473Z,KXBTC15M-26OCT042200-00,0.0230,8.90,no
2026-10-05T01:58:00.071473Z,KXBTC15M-26OCT042200-00,0.0230,15.00,no
2026-10-05T01:58:00.071473Z,KXBTC15M-26OCT042200-00,0.0230,1.10,no
2026-10-05T01:58:00.074706Z,KXBTC15M-26OCT042200-00,0.0240,150.00,yes
2026-10-05T01:58:00.074706Z,KXBTC15M-26OCT042200-00,0.0240,1.04,yes
2026-10-05T01:58:00.097729Z,KXBTC15M-26OCT042200-00,0.0230,0.01,no
2026-10-05T01:58:00.097729Z,KXBTC15M-26OCT042200-00,0.0230,0.01,no
2026-10-05T01:58:00.097729Z,KXBTC15M-26OCT042200-00,0.0230,239.00,no
2026-10-05T01:58:00.097729Z,KXBTC15M-26OCT042200-00,0.0230,1.11,no
2026-10-05T01:58:00.097729Z,KXBTC15M-26OCT042200-00,0.0230,1.07,no
2026-10-05T01:58:00.097729Z,KXBTC15M-26OCT042200-00,0.0230,200.00,no
2026-10-05T01:58:00.097729Z,KXBTC15M-26OCT042200-00,0.0230,2.00,no
2026-10-05T01:58:00.097729Z,KXBTC15M-26OCT042200-00,0.0230,13.90,no
2026-10-05T01:58:00.097729Z,KXBTC15M-26OCT042200-00,0.0230,15.00,no
2026-10-05T01:58:00.097729Z,KXBTC15M-26OCT042200-00,0.0220,2.00,no
2026-10-05T01:58:00.097729Z,KXBTC15M-26OCT042200-00,0.0220,4.79,no
2026-10-05T01:58:00.097729Z,KXBTC15M-26OCT042200-00,0.0220,15.00,no
2026-10-05T01:58:00.097729Z,KXBTC15M-26OCT042200-00,0.0230,15.00,no
2026-10-05T01:58:00.097729Z,KXBTC15M-26OCT042200-00,0.0220,15.00,no
2026-10-05T01:58:00.097729Z,KXBTC15M-26OCT042200-00,0.0220,15.00,no
2026-10-05T01:58:00.097729Z,KXBTC15M-26OCT042200-00,0.0220,15.00,no
2026-10-05T01:58:00.097729Z,KXBTC15M-26OCT042200-00,0.0220,15.00,no
2026-10-05T01:58:00.097729Z,KXBTC15M-26OCT042200-00,0.0220,15.00,no
2026-10-05T01:58:00.108449Z,KXBTC15M-26OCT042200-00,0.0220,26.79,no
2026-10-05T01:58:00.108449Z,KXBTC15M-26OCT042200-00,0.0220,2.00,no
2026-10-05T01:58:00.108449Z,KXBTC15M-26OCT042200-00,0.0220,10.21,no
2026-10-05T01:58:00.173341Z,KXBTC15M-26OCT042200-00,0.0230,100.00,yes
2026-10-05T01:58:00.180684Z,KXBTC15M-26OCT042200-00,0.0230,3.02,yes
2026-10-05T01:58:00.298746Z,KXBTC15M-26OCT042200-00,0.0230,69.35,yes
2026-10-05T01:58:00.316158Z,KXBTC15M-26OCT042200-00,0.0220,0.01,no
2026-10-05T01:58:00.316158Z,KXBTC15M-26OCT042200-00,0.0220,0.72,no
2026-10-05T01:58:00.316158Z,KXBTC15M-26OCT042200-00,0.0220,0.01,no
2026-10-05T01:58:00.452923Z,KXBTC15M-26OCT042200-00,0.0220,0.10,no
2026-10-05T01:58:00.462882Z,KXBTC15M-26OCT042200-00,0.0220,16.85,no
2026-10-05T01:58:00.567366Z,KXBTC15M-26OCT042200-00,0.0220,3.84,no
2026-10-05T01:58:00.586565Z,KXBTC15M-26OCT042200-00,0.0220,0.01,no
2026-10-05T01:58:00.586565Z,KXBTC15M-26OCT042200-00,0.0220,0.01,no
2026-10-05T01:58:00.586565Z,KXBTC15M-26OCT042200-00,0.0220,196.16,no
2026-10-05T01:58:00.586565Z,KXBTC15M-26OCT042200-00,0.0220,307.82,no
2026-10-05T01:58:00.592465Z,KXBTC15M-26OCT042200-00,0.0220,0.78,no
2026-10-05T01:58:00.595839Z,KXBTC15M-26OCT042200-00,0.0230,24.05,yes
2026-10-05T01:58:00.630428Z,KXBTC15M-26OCT042200-00,0.0230,12.00,yes
2026-10-05T01:58:00.630428Z,KXBTC15M-26OCT042200-00,0.0230,55.58,yes
2026-10-05T01:58:00.630428Z,KXBTC15M-26OCT042200-00,0.0230,0.01,yes
2026-10-05T01:58:00.630428Z,KXBTC15M-26OCT042200-00,0.0230,6.00,yes
2026-10-05T01:58:00.630428Z,KXBTC15M-26OCT042200-00,0.0230,33.48,yes
2026-10-05T01:58:00.630428Z,KXBTC15M-26OCT042200-00,0.0230,0.01,yes
2026-10-05T01:58:00.630428Z,KXBTC15M-26OCT042200-00,0.0230,15.00,yes
2026-10-05T01:58:00.65233Z,KXBTC15M-26OCT042200-00,0.0230,4.06,yes
2026-10-05T01:58:00.653554Z,KXBTC15M-26OCT042200-00,0.0220,0.01,no
2026-10-05T01:58:00.653554Z,KXBTC15M-26OCT042200-00,0.0220,0.01,no
2026-10-05T01:58:00.653554Z,KXBTC15M-26OCT042200-00,0.0220,322.64,no
2026-10-05T01:58:00.654371Z,KXBTC15M-26OCT042200-00,0.0230,28.17,yes
2026-10-05T01:58:00.664631Z,KXBTC15M-26OCT042200-00,0.0230,81.39,yes
2026-10-05T01:58:00.697279Z,KXBTC15M-26OCT042200-00,0.0200,38.66,no
2026-10-05T01:58:00.697279Z,KXBTC15M-26OCT042200-00,0.0210,2.00,no
2026-10-05T01:58:00.697279Z,KXBTC15M-26OCT042200-00,0.0220,0.01,no
2026-10-05T01:58:00.697279Z,KXBTC15M-26OCT042200-00,0.0220,0.01,no
2026-10-05T01:58:00.697279Z,KXBTC15M-26OCT042200-00,0.0210,0.01,no
2026-10-05T01:58:00.723657Z,KXBTC15M-26OCT042200-00,0.0230,3.47,yes
2026-10-05T01:58:00.744112Z,KXBTC15M-26OCT042200-00,0.0220,9.00,yes
2026-10-05T01:58:00.744112Z,KXBTC15M-26OCT042200-00,0.0230,223.32,yes
2026-10-05T01:58:00.760317Z,KXBTC15M-26OCT042200-00,0.0220,0.01,yes
2026-10-05T01:58:00.760317Z,KXBTC15M-26OCT042200-00,0.0220,0.01,yes
2026-10-05T01:58:00.760317Z,KXBTC15M-26OCT042200-00,0.0230,0.85,yes
2026-10-05T01:58:00.760317Z,KXBTC15M-26OCT042200-00,0.0220,15.00,yes
2026-10-05T01:58:00.76367Z,KXBTC15M-26OCT042200-00,0.0220,10.00,yes
2026-10-05T01:58:00.788547Z,KXBTC15M-26OCT042200-00,0.0220,0.01,yes
2026-10-05T01:58:00.788547Z,KXBTC15M-26OCT042200-00,0.0220,3.24,yes
2026-10-05T01:58:00.791303Z,KXBTC15M-26OCT042200-00,0.0220,2.07,yes
2026-10-05T01:58:00.793373Z,KXBTC15M-26OCT042200-00,0.0210,0.01,no
2026-10-05T01:58:00.793373Z,KXBTC15M-26OCT042200-00,0.0210,4.98,no
2026-10-05T01:58:00.822728Z,KXBTC15M-26OCT042200-00,0.0220,10.00,yes
2026-10-05T01:58:00.862427Z,KXBTC15M-26OCT042200-00,0.0220,2.00,yes
2026-10-05T01:58:00.898323Z,KXBTC15M-26OCT042200-00,0.0220,203.47,yes
2026-10-05T01:58:00.961421Z,KXBTC15M-26OCT042200-00,0.0220,40.69,yes
2026-10-05T01:58:01.022608Z,KXBTC15M-26OCT042200-00,0.0220,20.34,yes
2026-10-05T01:58:01.086326Z,KXBTC15M-26OCT042200-00,0.0220,212.71,yes
2026-10-05T01:58:01.104332Z,KXBTC15M-26OCT042200-00,0.0220,0.23,yes
2026-10-05T01:58:01.127917Z,KXBTC15M-26OCT042200-00,0.0220,4.00,yes
2026-10-05T01:58:01.138566Z,KXBTC15M-26OCT042200-00,0.0220,15.00,yes
2026-10-05T01:58:01.138566Z,KXBTC15M-26OCT042200-00,0.0220,0.01,yes
2026-10-05T01:58:01.138566Z,KXBTC15M-26OCT042200-00,0.0220,9.43,yes
2026-10-05T01:58:01.138566Z,KXBTC15M-26OCT042200-00,0.0220,15.00,yes
2026-10-05T01:58:01.138566Z,KXBTC15M-26OCT042200-00,0.0220,1.25,yes
2026-10-05T01:58:01.203816Z,KXBTC15M-26OCT042200-00,0.0220,1.87,yes
2026-10-05T01:58:01.23656Z,KXBTC15M-26OCT042200-00,0.0210,15.00,no
2026-10-05T01:58:01.23656Z,KXBTC15M-26OCT042200-00,0.0210,261.00,no
2026-10-05T01:58:01.23656Z,KXBTC15M-26OCT042200-00,0.0210,15.00,no
2026-10-05T01:58:01.23656Z,KXBTC15M-26OCT042200-00,0.0210,1.00,no
2026-10-05T01:58:01.23656Z,KXBTC15M-26OCT042200-00,0.0210,0.01,no
2026-10-05T01:58:01.23656Z,KXBTC15M-26OCT042200-00,0.0210,4.98,no
2026-10-05T01:58:01.23656Z,KXBTC15M-26OCT042200-00,0.0210,15.00,no
2026-10-05T01:58:01.23656Z,KXBTC15M-26OCT042200-00,0.0210,6.02,no
2026-10-05T01:58:01.23656Z,KXBTC15M-26OCT042200-00,0.0210,0.01,no
2026-10-05T01:58:01.23656Z,KXBTC15M-26OCT042200-00,0.0200,282.17,no
2026-10-05T01:58:01.272011Z,KXBTC15M-26OCT042200-00,0.0220,42.27,yes
2026-10-05T01:58:01.30865Z,KXBTC15M-26OCT042200-00,0.0220,42.54,yes
2026-10-05T01:58:01.474335Z,KXBTC15M-26OCT042200-00,0.0220,147.78,yes
2026-10-05T01:58:01.483723Z,KXBTC15M-26OCT042200-00,0.0220,13.02,yes
2026-10-05T01:58:01.501393Z,KXBTC15M-26OCT042200-00,0.0210,11.00,no
2026-10-05T01:58:01.501393Z,KXBTC15M-26OCT042200-00,0.0210,0.01,no
2026-10-05T01:58:01.501393Z,KXBTC15M-26OCT042200-00,0.0210,0.01,no
2026-10-05T01:58:01.501393Z,KXBTC15M-26OCT042200-00,0.0200,10.98,no
2026-10-05T01:58:01.501647Z,KXBTC15M-26OCT042200-00,0.0200,11.00,no
2026-10-05T01:58:01.507857Z,KXBTC15M-26OCT042200-00,0.0200,11.00,no
2026-10-05T01:58:01.508148Z,KXBTC15M-26OCT042200-00,0.0200,152.00,no
2026-10-05T01:58:01.51131Z,KXBTC15M-26OCT042200-00,0.0200,1.00,no
2026-10-05T01:58:01.514025Z,KXBTC15M-26OCT042200-00,0.0220,42.54,yes
2026-10-05T01:58:01.514878Z,KXBTC15M-26OCT042200-00,0.0200,152.00,no
2026-10-05T01:58:01.515975Z,KXBTC15M-26OCT042200-00,0.0200,15.00,no
2026-10-05T01:58:01.523096Z,KXBTC15M-26OCT042200-00,0.0200,15.00,no
2026-10-05T01:58:01.523172Z,KXBTC15M-26OCT042200-00,0.0200,152.00,no
2026-10-05T01:58:01.530467Z,KXBTC15M-26OCT042200-00,0.0200,15.00,no
2026-10-05T01:58:01.531342Z,KXBTC15M-26OCT042200-00,0.0200,152.00,no
2026-10-05T01:58:01.533075Z,KXBTC15M-26OCT042200-00,0.0200,10.00,no
2026-10-05T01:58:01.535952Z,KXBTC15M-26OCT042200-00,0.0200,15.00,no
2026-10-05T01:58:01.542012Z,KXBTC15M-26OCT042200-00,0.0200,15.00,no
2026-10-05T01:58:01.558117Z,KXBTC15M-26OCT042200-00,0.0210,15.00,yes
2026-10-05T01:58:01.558117Z,KXBTC15M-26OCT042200-00,0.0210,5.49,yes
2026-10-05T01:58:01.558117Z,KXBTC15M-26OCT042200-00,0.0210,0.01,yes
2026-10-05T01:58:01.558117Z,KXBTC15M-26OCT042200-00,0.0210,0.01,yes
2026-10-05T01:58:01.615352Z,KXBTC15M-26OCT042200-00,0.0200,2.04,no
2026-10-05T01:58:01.671956Z,KXBTC15M-26OCT042200-00,0.0210,200.00,yes
2026-10-05T01:58:01.671956Z,KXBTC15M-26OCT042200-00,0.0210,162.51,yes
2026-10-05T01:58:01.671956Z,KXBTC15M-26OCT042200-00,0.0210,62.91,yes
2026-10-05T01:58:01.682449Z,KXBTC15M-26OCT042200-00,0.0210,203.47,yes
2026-10-05T01:58:01.687098Z,KXBTC15M-26OCT042200-00,0.0200,299.00,no
2026-10-05T01:58:01.709247Z,KXBTC15M-26OCT042200-00,0.0210,15.00,yes
2026-10-05T01:58:01.709247Z,KXBTC15M-26OCT042200-00,0.0210,0.01,yes
2026-10-05T01:58:01.709247Z,KXBTC15M-26OCT042200-00,0.0210,133.62,yes
2026-10-05T01:58:01.709247Z,KXBTC15M-26OCT042200-00,0.0210,0.01,yes
2026-10-05T01:58:01.769195Z,KXBTC15M-26OCT042200-00,0.0200,29.97,no
2026-10-05T01:58:01.809485Z,KXBTC15M-26OCT042200-00,0.0200,409.16,no
2026-10-05T01:58:01.821471Z,KXBTC15M-26OCT042200-00,0.0210,0.01,yes
2026-10-05T01:58:01.821471Z,KXBTC15M-26OCT042200-00,0.0220,200.00,yes
2026-10-05T01:58:01.821471Z,KXBTC15M-26OCT042200-00,0.0210,400.00,yes
2026-10-05T01:58:01.821471Z,KXBTC15M-26OCT042200-00,0.0210,15.00,yes
2026-10-05T01:58:01.821471Z,KXBTC15M-26OCT042200-00,0.0220,0.01,yes
2026-10-05T01:58:01.821471Z,KXBTC15M-26OCT042200-00,0.0230,12.00,yes
2026-10-05T01:58:01.821471Z,KXBTC15M-26OCT042200-00,0.0230,23.49,yes
2026-10-05T01:58:01.821471Z,KXBTC15M-26OCT042200-00,0.0220,0.01,yes
2026-10-05T01:58:01.821471Z,KXBTC15M-26OCT042200-00,0.0220,120.00,yes
2026-10-05T01:58:01.821471Z,KXBTC15M-26OCT042200-00,0.0210,0.01,yes
2026-10-05T01:58:01.821471Z,KXBTC15M-26OCT042200-00,0.0220,16.47,yes
2026-10-05T01:58:01.821471Z,KXBTC15M-26OCT042200-00,0.0230,12.00,yes
2026-10-05T01:58:01.821471Z,KXBTC15M-26OCT042200-00,0.0220,12.00,yes
2026-10-05T01:58:01.821471Z,KXBTC15M-26OCT042200-00,0.0230,198.00,yes
2026-10-05T01:58:01.889358Z,KXBTC15M-26OCT042200-00,0.0210,348.29,yes
2026-10-05T01:58:01.889358Z,KXBTC15M-26OCT042200-00,0.0210,0.01,yes
2026-10-05T01:58:01.889358Z,KXBTC15M-26OCT042200-00,0.0210,0.01,yes
2026-10-05T01:58:01.889358Z,KXBTC15M-26OCT042200-00,0.0210,15.00,yes
2026-10-05T01:58:02.103924Z,KXBTC15M-26OCT042200-00,0.0200,1.01,no
2026-10-05T01:58:02.175379Z,KXBTC15M-26OCT042200-00,0.0210,15.00,yes
2026-10-05T01:58:02.175379Z,KXBTC15M-26OCT042200-00,0.0210,27.52,yes
2026-10-05T01:58:02.175379Z,KXBTC15M-26OCT042200-00,0.0210,0.01,yes
2026-10-05T01:58:02.175379Z,KXBTC15M-26OCT042200-00,0.0210,0.01,yes
2026-10-05T01:58:02.213531Z,KXBTC15M-26OCT042200-00,0.0210,50.00,yes
2026-10-05T01:58:02.213531Z,KXBTC15M-26OCT042200-00,0.0210,0.01,yes
2026-10-05T01:58:02.213531Z,KXBTC15M-26OCT042200-00,0.0210,0.01,yes
2026-10-05T01:58:02.213531Z,KXBTC15M-26OCT042200-00,0.0210,15.00,yes
2026-10-05T01:58:02.213531Z,KXBTC15M-26OCT042200-00,0.0210,216.41,yes
2026-10-05T01:58:02.504535Z,KXBTC15M-26OCT042200-00,0.0200,3.05,no
2026-10-05T01:58:02.531497Z,KXBTC15M-26OCT042200-00,0.0210,0.01,yes
2026-10-05T01:58:02.531497Z,KXBTC15M-26OCT042200-00,0.0210,1.03,yes
2026-10-05T01:58:02.531497Z,KXBTC15M-26OCT042200-00,0.0210,0.01,yes
2026-10-05T01:58:02.5897Z,KXBTC15M-26OCT042200-00,0.0210,0.01,yes
2026-10-05T01:58:02.5897Z,KXBTC15M-26OCT042200-00,0.0210,13.97,yes
2026-10-05T01:58:02.5897Z,KXBTC15M-26OCT042200-00,0.0220,179.26,yes
2026-10-05T01:58:02.5897Z,KXBTC15M-26OCT042200-00,0.0210,0.01,yes
2026-10-05T01:58:02.5897Z,KXBTC15M-26OCT042200-00,0.0210,9.00,yes
2026-10-05T01:58:02.665072Z,KXBTC15M-26OCT042200-00,0.0200,194.00,no
2026-10-05T01:58:02.683685Z,KXBTC15M-26OCT042200-00,0.0210,15.00,yes
2026-10-05T01:58:02.683685Z,KXBTC15M-26OCT042200-00,0.0210,0.01,yes
2026-10-05T01:58:02.683685Z,KXBTC15M-26OCT042200-00,0.0210,0.01,yes
2026-10-05T01:58:02.683685Z,KXBTC15M-26OCT042200-00,0.0220,0.01,yes
2026-10-05T01:58:02.683685Z,KXBTC15M-26OCT042200-00,0.0220,0.01,yes
2026-10-05T01:58:02.683685Z,KXBTC15M-26OCT042200-00,0.0230,153.99,yes
2026-10-05T01:58:02.758831Z,KXBTC15M-26OCT042200-00,0.0200,0.01,no
2026-10-05T01:58:02.758831Z,KXBTC15M-26OCT042200-00,0.0200,15.00,no
2026-10-05T01:58:02.758831Z,KXBTC15M-26OCT042200-00,0.0200,11.00,no
2026-10-05T01:58:02.758831Z,KXBTC15M-26OCT042200-00,0.0200,194.83,no
2026-10-05T01:58:02.758831Z,KXBTC15M-26OCT042200-00,0.0200,15.00,no
2026-10-05T01:58:02.758831Z,KXBTC15M-26OCT042200-00,0.0200,0.01,no
2026-10-05T01:58:02.758831Z,KXBTC15M-26OCT042200-00,0.0200,15.00,no
2026-10-05T01:58:02.758831Z,KXBTC15M-26OCT042200-00,0.0200,50.00,no
2026-10-05T01:58:02.758831Z,KXBTC15M-26OCT042200-00,0.0200,314.33,no
2026-10-05T01:58:02.758831Z,KXBTC15M-26OCT042200-00,0.0200,200.00,no
2026-10-05T01:58:02.954825Z,KXBTC15M-26OCT042200-00,0.0210,0.01,yes
2026-10-05T01:58:02.954825Z,KXBTC15M-26OCT042200-00,0.0210,15.00,yes
2026-10-05T01:58:02.954825Z,KXBTC15M-26OCT042200-00,0.0210,9.00,yes
2026-10-05T01:58:02.954825Z,KXBTC15M-26OCT042200-00,0.0210,0.01,yes
2026-10-05T01:58:02.954825Z,KXBTC15M-26OCT042200-00,0.0210,181.21,yes
2026-10-05T01:58:02.994531Z,KXBTC15M-26OCT042200-00,0.0210,202.15,yes
2026-10-05T01:58:03.026803Z,KXBTC15M-26OCT042200-00,0.0210,0.01,yes
2026-10-05T01:58:03.026803Z,KXBTC15M-26OCT042200-00,0.0210,26.48,yes
2026-10-05T01:58:03.026803Z,KXBTC15M-26OCT042200-00,0.0210,15.00,yes
2026-10-05T01:58:03.087017Z,KXBTC15M-26OCT042200-00,0.0210,7.01,yes
2026-10-05T01:58:03.266127Z,KXBTC15M-26OCT042200-00,0.0200,15.00,no
2026-10-05T01:58:03.266127Z,KXBTC15M-26OCT042200-00,0.0200,15.00,no
2026-10-05T01:58:03.266127Z,KXBTC15M-26OCT042200-00,0.0200,311.06,no
2026-10-05T01:58:03.266127Z,KXBTC15M-26OCT042200-00,0.0200,15.00,no
2026-10-05T01:58:03.266127Z,KXBTC15M-26OCT042200-00,0.0200,0.01,no
2026-10-05T01:58:03.266127Z,KXBTC15M-26OCT042200-00,0.0200,50.00,no
2026-10-05T01:58:03.266127Z,KXBTC15M-26OCT042200-00,0.0200,15.00,no
2026-10-05T01:58:03.266127Z,KXBTC15M-26OCT042200-00,0.0200,275.00,no
2026-10-05T01:58:03.266127Z,KXBTC15M-26OCT042200-00,0.0200,0.01,no
2026-10-05T01:58:03.266127Z,KXBTC15M-26OCT042200-00,0.0200,11.00,no
2026-10-05T01:58:03.266127Z,KXBTC15M-26OCT042200-00,0.0200,15.00,no
2026-10-05T01:58:03.266127Z,KXBTC15M-26OCT042200-00,0.0200,15.00,no
2026-10-05T01:58:03.266127Z,KXBTC15M-26OCT042200-00,0.0200,15.00,no
2026-10-05T01:58:03.266127Z,KXBTC15M-26OCT042200-00,0.0200,200.00,no
2026-10-05T01:58:03.266127Z,KXBTC15M-26OCT042200-00,0.0200,500.00,no
2026-10-05T01:58:03.266127Z,KXBTC15M-26OCT042200-00,0.0190,531.92,no
2026-10-05T01:58:03.267197Z,KXBTC15M-26OCT042200-00,0.0230,134.00,yes
2026-10-05T01:58:03.267197Z,KXBTC15M-26OCT042200-00,0.0230,15.00,yes
2026-10-05T01:58:03.267197Z,KXBTC15M-26OCT042200-00,0.0210,9.00,yes
2026-10-05T01:58:03.267197Z,KXBTC15M-26OCT042200-00,0.0210,7.99,yes
2026-10-05T01:58:03.267197Z,KXBTC15M-26OCT042200-00,0.0230,200.00,yes
2026-10-05T01:58:03.267197Z,KXBTC15M-26OCT042200-00,0.0240,11.82,yes
2026-10-05T01:58:03.323031Z,KXBTC15M-26OCT042200-00,0.0210,0.01,yes
2026-10-05T01:58:03.323031Z,KXBTC15M-26OCT042200-00,0.0210,60.66,yes
2026-10-05T01:58:03.323031Z,KXBTC15M-26OCT042200-00,0.0210,0.01,yes
2026-10-05T01:58:03.403855Z,KXBTC15M-26OCT042200-00,0.0210,8.91,yes
2026-10-05T01:58:03.417423Z,KXBTC15M-26OCT042200-00,0.0210,39.19,yes
2026-10-05T01:58:03.417423Z,KXBTC15M-26OCT042200-00,0.0210,6.09,yes
2026-10-05T01:58:03.417423Z,KXBTC15M-26OCT042200-00,0.0210,200.00,yes
2026-10-05T01:58:03.419295Z,KXBTC15M-26OCT042200-00,0.0210,62.00,yes
2026-10-05T01:58:03.436819Z,KXBTC15M-26OCT042200-00,0.0210,473.95,yes
2026-10-05T01:58:03.436819Z,KXBTC15M-26OCT042200-00,0.0210,117.05,yes
2026-10-05T01:58:03.436819Z,KXBTC15M-26OCT042200-00,0.0210,400.00,yes
2026-10-05T01:58:03.436819Z,KXBTC15M-26OCT042200-00,0.0210,9.00,yes
2026-10-05T01:58:03.531968Z,KXBTC15M-26OCT042200-00,0.0210,26.81,yes
2026-10-05T01:58:03.531968Z,KXBTC15M-26OCT042200-00,0.0210,15.00,yes
2026-10-05T01:58:03.654936Z,KXBTC15M-26OCT042200-00,0.0200,1.99,no
2026-10-05T01:58:03.666054Z,KXBTC15M-26OCT042200-00,0.0210,34.31,yes
2026-10-05T01:58:03.725471Z,KXBTC15M-26OCT042200-00,0.0200,98.00,no
2026-10-05T01:58:03.924598Z,KXBTC15M-26OCT042200-00,0.0210,22.28,yes
2026-10-05T01:58:03.967784Z,KXBTC15M-26OCT042200-00,0.0210,2.00,yes
2026-10-05T01:58:04.049192Z,KXBTC15M-26OCT042200-00,0.0200,8.00,no
2026-10-05T01:58:04.093154Z,KXBTC15M-26OCT042200-00,0.0200,125.00,no
2026-10-05T01:58:04.126486Z,KXBTC15M-26OCT042200-00,0.0210,178.26,yes
2026-10-05T01:58:04.160533Z,KXBTC15M-26OCT042200-00,0.0200,0.01,no
2026-10-05T01:58:04.160533Z,KXBTC15M-26OCT042200-00,0.0200,3.85,no
2026-10-05T01:58:04.160533Z,KXBTC15M-26OCT042200-00,0.0200,0.01,no
2026-10-05T01:58:04.164645Z,KXBTC15M-26OCT042200-00,0.0210,27.03,yes
2026-10-05T01:58:04.164645Z,KXBTC15M-26OCT042200-00,0.0210,200.00,yes
2026-10-05T01:58:04.164645Z,KXBTC15M-26OCT042200-00,0.0210,136.34,yes
2026-10-05T01:58:04.164645Z,KXBTC15M-26OCT042200-00,0.0210,10.00,yes
2026-10-05T01:58:04.164645Z,KXBTC15M-26OCT042200-00,0.0210,15.00,yes
2026-10-05T01:58:04.213216Z,KXBTC15M-26OCT042200-00,0.0210,30.00,yes
2026-10-05T01:58:04.228521Z,KXBTC15M-26OCT042200-00,0.0210,44.56,yes
2026-10-05T01:58:04.36835Z,KXBTC15M-26OCT042200-00,0.0210,15.00,yes
2026-10-05T01:58:04.376086Z,KXBTC15M-26OCT042200-00,0.0210,222.82,yes
2026-10-05T01:58:04.395308Z,KXBTC15M-26OCT042200-00,0.0210,160.59,yes
2026-10-05T01:58:04.395308Z,KXBTC15M-26OCT042200-00,0.0210,263.51,yes
2026-10-05T01:58:04.395308Z,KXBTC15M-26OCT042200-00,0.0210,1.00,yes
2026-10-05T01:58:04.395308Z,KXBTC15M-26OCT042200-00,0.0210,11.63,yes
2026-10-05T01:58:04.402496Z,KXBTC15M-26OCT042200-00,0.0210,11.61,yes
2026-10-05T01:58:04.402496Z,KXBTC15M-26OCT042200-00,0.0210,0.01,yes
2026-10-05T01:58:04.402496Z,KXBTC15M-26OCT042200-00,0.0210,38.37,yes
2026-10-05T01:58:04.402496Z,KXBTC15M-26OCT042200-00,0.0210,0.01,yes
2026-10-05T01:58:04.477121Z,KXBTC15M-26OCT042200-00,0.0210,188.39,yes
2026-10-05T01:58:04.477121Z,KXBTC15M-26OCT042200-00,0.0210,257.26,yes
2026-10-05T01:58:04.582064Z,KXBTC15M-26OCT042200-00,0.0200,15.00,no
2026-10-05T01:58:04.582064Z,KXBTC15M-26OCT042200-00,0.0200,15.00,no
2026-10-05T01:58:04.582064Z,KXBTC15M-26OCT042200-00,0.0200,46.15,no
2026-10-05T01:58:04.582064Z,KXBTC15M-26OCT042200-00,0.0200,23.71,no
2026-10-05T01:58:04.642529Z,KXBTC15M-26OCT042200-00,0.0210,4.45,yes
2026-10-05T01:58:04.700901Z,KXBTC15M-26OCT042200-00,0.0210,2.22,yes
2026-10-05T01:58:04.725037Z,KXBTC15M-26OCT042200-00,0.0230,157.00,yes
2026-10-05T01:58:04.725037Z,KXBTC15M-26OCT042200-00,0.0230,144.00,yes
2026-10-05T01:58:04.725037Z,KXBTC15M-26OCT042200-00,0.0230,699.00,yes
2026-10-05T01:58:04.725037Z,KXBTC15M-26OCT042200-00,0.0230,15.00,yes
2026-10-05T01:58:04.725037Z,KXBTC15M-26OCT042200-00,0.0230,12.00,yes
2026-10-05T01:58:04.725037Z,KXBTC15M-26OCT042200-00,0.0210,8.33,yes
2026-10-05T01:58:04.725037Z,KXBTC15M-26OCT042200-00,0.0210,10.00,yes
2026-10-05T01:58:04.725037Z,KXBTC15M-26OCT042200-00,0.0210,1.00,yes
2026-10-05T01:58:04.741046Z,KXBTC15M-26OCT042200-00,0.0230,101.00,yes
2026-10-05T01:58:04.741046Z,KXBTC15M-26OCT042200-00,0.0230,12.00,yes
2026-10-05T01:58:04.741046Z,KXBTC15M-26OCT042200-00,0.0230,200.00,yes
2026-10-05T01:58:04.741046Z,KXBTC15M-26OCT042200-00,0.0230,400.00,yes
2026-10-05T01:58:04.741046Z,KXBTC15M-26OCT042200-00,0.0220,24.00,yes
2026-10-05T01:58:04.741046Z,KXBTC15M-26OCT042200-00,0.0230,29.00,yes
2026-10-05T01:58:04.741046Z,KXBTC15M-26OCT042200-00,0.0230,500.00,yes
2026-10-05T01:58:04.741046Z,KXBTC15M-26OCT042200-00,0.0240,611.01,yes
2026-10-05T01:58:04.827286Z,KXBTC15M-26OCT042200-00,0.0230,4.36,yes
2026-10-05T01:58:04.844275Z,KXBTC15M-26OCT042200-00,0.0220,0.01,no
2026-10-05T01:58:04.844275Z,KXBTC15M-26OCT042200-00,0.0220,0.01,no
2026-10-05T01:58:04.844275Z,KXBTC15M-26OCT042200-00,0.0210,9.98,no
2026-10-05T01:58:04.926748Z,KXBTC15M-26OCT042200-00,0.0210,0.01,no
2026-10-05T01:58:04.926748Z,KXBTC15M-26OCT042200-00,0.0210,0.01,no
2026-10-05T01:58:04.926748Z,KXBTC15M-26OCT042200-00,0.0210,5.02,no
2026-10-05T01:58:04.926748Z,KXBTC15M-26OCT042200-00,0.0210,147.80,no
2026-10-05T01:58:04.976932Z,KXBTC15M-26OCT042200-00,0.0210,18.00,no
2026-10-05T01:58:05.020445Z,KXBTC15M-26OCT042200-00,0.0210,1.00,no
2026-10-05T01:58:05.020445Z,KXBTC15M-26OCT042200-00,0.0210,23.02,no
2026-10-05T01:58:05.020445Z,KXBTC15M-26OCT042200-00,0.0210,95.20,no
2026-10-05T01:58:05.104829Z,KXBTC15M-26OCT042200-00,0.0230,0.43,yes
2026-10-05T01:58:05.131109Z,KXBTC15M-26OCT042200-00,0.0200,15.00,no
2026-10-05T01:58:05.131109Z,KXBTC15M-26OCT042200-00,0.0210,0.01,no
2026-10-05T01:58:05.131109Z,KXBTC15M-26OCT042200-00,0.0200,15.00,no
2026-10-05T01:58:05.131109Z,KXBTC15M-26OCT042200-00,0.0200,4.65,no
2026-10-05T01:58:05.131109Z,KXBTC15M-26OCT042200-00,0.0210,0.01,no
2026-10-05T01:58:05.138606Z,KXBTC15M-26OCT042200-00,0.0220,4.79,yes
2026-10-05T01:58:05.190883Z,KXBTC15M-26OCT042200-00,0.0200,13.98,no
2026-10-05T01:58:05.190883Z,KXBTC15M-26OCT042200-00,0.0210,0.01,no
2026-10-05T01:58:05.190883Z,KXBTC15M-26OCT042200-00,0.0210,0.01,no
2026-10-05T01:58:05.190883Z,KXBTC15M-26OCT042200-00,0.0210,1.00,no
2026-10-05T01:58:05.195532Z,KXBTC15M-26OCT042200-00,0.0200,31.37,no
2026-10-05T01:58:05.195532Z,KXBTC15M-26OCT042200-00,0.0200,15.00,no
2026-10-05T01:58:05.195532Z,KXBTC15M-26OCT042200-00,0.0200,15.00,no
2026-10-05T01:58:05.195532Z,KXBTC15M-26OCT042200-00,0.0200,89.63,no
2026-10-05T01:58:05.197564Z,KXBTC15M-26OCT042200-00,0.0200,15.00,no
2026-10-05T01:58:05.198748Z,KXBTC15M-26OCT042200-00,0.0210,261.00,no
2026-10-05T01:58:05.200747Z,KXBTC15M-26OCT042200-00,0.0210,70.63,no
2026-10-05T01:58:05.200747Z,KXBTC15M-26OCT042200-00,0.0210,0.01,no
2026-10-05T01:58:05.200747Z,KXBTC15M-26OCT042200-00,0.0200,80.36,no
2026-10-05T01:58:05.20438Z,KXBTC15M-26OCT042200-00,0.0200,0.01,no
2026-10-05T01:58:05.20438Z,KXBTC15M-26OCT042200-00,0.0200,14.98,no
2026-10-05T01:58:05.20438Z,KXBTC15M-26OCT042200-00,0.0200,0.01,no
2026-10-05T01:58:05.20845Z,KXBTC15M-26OCT042200-00,0.0190,115.98,no
2026-10-05T01:58:05.20845Z,KXBTC15M-26OCT042200-00,0.0200,35.02,no
2026-10-05T01:58:05.211285Z,KXBTC15M-26OCT042200-00,0.0190,14.99,no
2026-10-05T01:58:05.211285Z,KXBTC15M-26OCT042200-00,0.0200,0.01,no
2026-10-05T01:58:05.217266Z,KXBTC15M-26OCT042200-00,0.0200,14.99,no
2026-10-05T01:58:05.217266Z,KXBTC15M-26OCT042200-00,0.0200,0.01,no
2026-10-05T01:58:05.225351Z,KXBTC15M-26OCT042200-00,0.0190,3.99,no
2026-10-05T01:58:05.225351Z,KXBTC15M-26OCT042200-00,0.0200,0.01,no
2026-10-05T01:58:05.225351Z,KXBTC15M-26OCT042200-00,0.0200,11.00,no
2026-10-05T01:58:05.232915Z,KXBTC15M-26OCT042200-00,0.0190,1.99,no
2026-10-05T01:58:05.232915Z,KXBTC15M-26OCT042200-00,0.0190,13.00,no
2026-10-05T01:58:05.232915Z,KXBTC15M-26OCT042200-00,0.0200,0.01,no
2026-10-05T01:58:05.27042Z,KXBTC15M-26OCT042200-00,0.0200,33.51,no
2026-10-05T01:58:05.27042Z,KXBTC15M-26OCT042200-00,0.0200,0.01,no
2026-10-05T01:58:05.27042Z,KXBTC15M-26OCT042200-00,0.0200,50.00,no
2026-10-05T01:58:05.27042Z,KXBTC15M-26OCT042200-00,0.0200,0.01,no
2026-10-05T01:58:05.368753Z,KXBTC15M-26OCT042200-00,0.0210,23.00,yes
2026-10-05T01:58:05.368753Z,KXBTC15M-26OCT042200-00,0.0210,15.00,yes
2026-10-05T01:58:05.368753Z,KXBTC15M-26OCT042200-00,0.0210,0.01,yes
2026-10-05T01:58:05.368753Z,KXBTC15M-26OCT042200-00,0.0210,28.37,yes
2026-10-05T01:58:05.368753Z,KXBTC15M-26OCT042200-00,0.0210,15.00,yes
2026-10-05T01:58:05.368753Z,KXBTC15M-26OCT042200-00,0.0210,0.01,yes
2026-10-05T01:58:05.37593Z,KXBTC15M-26OCT042200-00,0.0210,40.69,yes
2026-10-05T01:58:05.45061Z,KXBTC15M-26OCT042200-00,0.0200,195.00,no
2026-10-05T01:58:05.499485Z,KXBTC15M-26OCT042200-00,0.0210,119.93,yes
2026-10-05T01:58:05.499485Z,KXBTC15M-26OCT042200-00,0.0210,0.01,yes
2026-10-05T01:58:05.499485Z,KXBTC15M-26OCT042200-00,0.0210,22.00,yes
2026-10-05T01:58:05.499485Z,KXBTC15M-26OCT042200-00,0.0220,185.99,yes
2026-10-05T01:58:05.499485Z,KXBTC15M-26OCT042200-00,0.0210,15.00,yes
2026-10-05T01:58:05.499485Z,KXBTC15M-26OCT042200-00,0.0210,130.94,yes
2026-10-05T01:58:05.499485Z,KXBTC15M-26OCT042200-00,0.0210,0.01,yes
2026-10-05T01:58:05.608892Z,KXBTC15M-26OCT042200-00,0.0200,58.98,no
2026-10-05T01:58:05.608892Z,KXBTC15M-26OCT042200-00,0.0200,0.01,no
2026-10-05T01:58:05.608892Z,KXBTC15M-26OCT042200-00,0.0200,15.00,no
2026-10-05T01:58:05.608892Z,KXBTC15M-26OCT042200-00,0.0200,15.00,no
2026-10-05T01:58:05.608892Z,KXBTC15M-26OCT042200-00,0.0200,11.00,no
2026-10-05T01:58:05.608892Z,KXBTC15M-26OCT042200-00,0.0200,0.01,no
2026-10-05T01:58:05.611659Z,KXBTC15M-26OCT042200-00,0.0210,0.01,yes
2026-10-05T01:58:05.611659Z,KXBTC15M-26OCT042200-00,0.0210,15.00,yes
2026-10-05T01:58:05.611659Z,KXBTC15M-26OCT042200-00,0.0210,0.01,yes
2026-10-05T01:58:05.611659Z,KXBTC15M-26OCT042200-00,0.0210,30.92,yes
2026-10-05T01:58:05.632979Z,KXBTC15M-26OCT042200-00,0.0200,5.09,no
2026-10-05T01:58:05.733178Z,KXBTC15M-26OCT042200-00,0.0200,4.00,no
2026-10-05T01:58:05.765211Z,KXBTC15M-26OCT042200-00,0.0200,1.00,no
2026-10-05T01:58:05.776899Z,KXBTC15M-26OCT042200-00,0.0200,2.03,no
2026-10-05T01:58:05.785089Z,KXBTC15M-26OCT042200-00,0.0210,0.01,yes
2026-10-05T01:58:05.785089Z,KXBTC15M-26OCT042200-00,0.0210,20.00,yes
2026-10-05T01:58:05.785089Z,KXBTC15M-26OCT042200-00,0.0210,0.01,yes
2026-10-05T01:58:05.785089Z,KXBTC15M-26OCT042200-00,0.0210,9.98,yes
2026-10-05T01:58:05.941665Z,KXBTC15M-26OCT042200-00,0.0210,2.24,yes
2026-10-05T01:58:05.941665Z,KXBTC15M-26OCT042200-00,0.0210,0.01,yes
2026-10-05T01:58:05.941665Z,KXBTC15M-26OCT042200-00,0.0210,15.00,yes
2026-10-05T01:58:05.941665Z,KXBTC15M-26OCT042200-00,0.0210,0.01,yes
2026-10-05T01:58:05.941665Z,KXBTC15M-26OCT042200-00,0.0210,5.02,yes
2026-10-05T01:58:05.945203Z,KXBTC15M-26OCT042200-00,0.0210,1.00,yes
2026-10-05T01:58:05.945203Z,KXBTC15M-26OCT042200-00,0.0220,51.15,yes
2026-10-05T01:58:05.945203Z,KXBTC15M-26OCT042200-00,0.0210,17.76,yes
2026-10-05T01:58:05.945203Z,KXBTC15M-26OCT042200-00,0.0220,1.00,yes
2026-10-05T01:58:06.015316Z,KXBTC15M-26OCT042200-00,0.0210,72.00,yes
2026-10-05T01:58:06.015316Z,KXBTC15M-26OCT042200-00,0.0210,1.00,yes
2026-10-05T01:58:06.015316Z,KXBTC15M-26OCT042200-00,0.0210,0.01,yes
2026-10-05T01:58:06.015316Z,KXBTC15M-26OCT042200-00,0.0210,15.00,yes
2026-10-05T01:58:06.015316Z,KXBTC15M-26OCT042200-00,0.0220,42.36,yes
2026-10-05T01:58:06.015316Z,KXBTC15M-26OCT042200-00,0.0210,0.01,yes
2026-10-05T01:58:06.114002Z,KXBTC15M-26OCT042200-00,0.0200,30.00,no
2026-10-05T01:58:06.160423Z,KXBTC15M-26OCT042200-00,0.0210,18.00,yes
2026-10-05T01:58:06.160423Z,KXBTC15M-26OCT042200-00,0.0210,0.01,yes
2026-10-05T01:58:06.160423Z,KXBTC15M-26OCT042200-00,0.0210,1.00,yes
2026-10-05T01:58:06.160423Z,KXBTC15M-26OCT042200-00,0.0210,15.00,yes
2026-10-05T01:58:06.160423Z,KXBTC15M-26OCT042200-00,0.0210,0.01,yes
2026-10-05T01:58:06.160423Z,KXBTC15M-26OCT042200-00,0.0230,1.00,yes
2026-10-05T01:58:06.160423Z,KXBTC15M-26OCT042200-00,0.0230,7.08,yes
2026-10-05T01:58:06.160423Z,KXBTC15M-26OCT042200-00,0.0220,1.00,yes
2026-10-05T01:58:06.202244Z,KXBTC15M-26OCT042200-00,0.0200,165.22,no
2026-10-05T01:58:06.202244Z,KXBTC15M-26OCT042200-00,0.0200,398.90,no
2026-10-05T01:58:06.202244Z,KXBTC15M-26OCT042200-00,0.0200,0.01,no
2026-10-05T01:58:06.202244Z,KXBTC15M-26OCT042200-00,0.0200,0.01,no
2026-10-05T01:58:06.202244Z,KXBTC15M-26OCT042200-00,0.0200,15.00,no
2026-10-05T01:58:06.202244Z,KXBTC15M-26OCT042200-00,0.0200,15.00,no
2026-10-05T01:58:06.202244Z,KXBTC15M-26OCT042200-00,0.0200,200.00,no
2026-10-05T01:58:06.202244Z,KXBTC15M-26OCT042200-00,0.0200,15.00,no
2026-10-05T01:58:06.202244Z,KXBTC15M-26OCT042200-00,0.0200,15.00,no
2026-10-05T01:58:06.261669Z,KXBTC15M-26OCT042200-00,0.0180,246.35,no
2026-10-05T01:58:06.261669Z,KXBTC15M-26OCT042200-00,0.0190,13.00,no
2026-10-05T01:58:06.261669Z,KXBTC15M-26OCT042200-00,0.0200,15.00,no
2026-10-05T01:58:06.261669Z,KXBTC15M-26OCT042200-00,0.0200,0.01,no
2026-10-05T01:58:06.261669Z,KXBTC15M-26OCT042200-00,0.0200,109.78,no
2026-10-05T01:58:06.261669Z,KXBTC15M-26OCT042200-00,0.0200,15.00,no
2026-10-05T01:58:06.261669Z,KXBTC15M-26OCT042200-00,0.0200,0.01,no
2026-10-05T01:58:06.261669Z,KXBTC15M-26OCT042200-00,0.0190,200.00,no
2026-10-05T01:58:06.398019Z,KXBTC15M-26OCT042200-00,0.0180,8.32,no
2026-10-05T01:58:06.398019Z,KXBTC15M-26OCT042200-00,0.0200,0.01,no
2026-10-05T01:58:06.398019Z,KXBTC15M-26OCT042200-00,0.0190,0.01,no
2026-10-05T01:58:06.398019Z,KXBTC15M-26OCT042200-00,0.0200,0.01,no
2026-10-05T01:58:06.398019Z,KXBTC15M-26OCT042200-00,0.0200,0.01,no
2026-10-05T01:58:06.398019Z,KXBTC15M-26OCT042200-00,0.0190,0.01,no
2026-10-05T01:58:06.398883Z,KXBTC15M-26OCT042200-00,0.0210,0.01,yes
2026-10-05T01:58:06.398883Z,KXBTC15M-26OCT042200-00,0.0210,10.99,yes
2026-10-05T01:58:06.398883Z,KXBTC15M-26OCT042200-00,0.0210,0.01,yes
2026-10-05T01:58:06.398883Z,KXBTC15M-26OCT042200-00,0.0210,15.00,yes
2026-10-05T01:58:06.400377Z,KXBTC15M-26OCT042200-00,0.0210,62.00,yes
2026-10-05T01:58:06.498143Z,KXBTC15M-26OCT042200-00,0.0210,3.20,yes
2026-10-05T01:58:06.498143Z,KXBTC15M-26OCT042200-00,0.0210,94.80,yes
2026-10-05T01:58:06.498143Z,KXBTC15M-26OCT042200-00,0.0210,13.00,yes
2026-10-05T01:58:06.498143Z,KXBTC15M-26OCT042200-00,0.0210,200.00,yes
2026-10-05T01:58:06.536969Z,KXBTC15M-26OCT042200-00,0.0210,15.00,yes
2026-10-05T01:58:06.536969Z,KXBTC15M-26OCT042200-00,0.0210,0.01,yes
2026-10-05T01:58:06.536969Z,KXBTC15M-26OCT042200-00,0.0210,138.75,yes
2026-10-05T01:58:06.536969Z,KXBTC15M-26OCT042200-00,0.0210,13.80,yes
2026-10-05T01:58:06.536969Z,KXBTC15M-26OCT042200-00,0.0210,0.01,yes
2026-10-05T01:58:06.755281Z,KXBTC15M-26OCT042200-00,0.0210,0.01,yes
2026-10-05T01:58:06.755281Z,KXBTC15M-26OCT042200-00,0.0210,15.00,yes
2026-10-05T01:58:06.755281Z,KXBTC15M-26OCT042200-00,0.0210,15.00,yes
2026-10-05T01:58:06.755281Z,KXBTC15M-26OCT042200-00,0.0210,0.01,yes
2026-10-05T01:58:06.755281Z,KXBTC15M-26OCT042200-00,0.0210,55.54,yes
2026-10-05T01:58:06.79987Z,KXBTC15M-26OCT042200-00,0.0230,174.00,yes
2026-10-05T01:58:06.79987Z,KXBTC15M-26OCT042200-00,0.0220,144.00,yes
2026-10-05T01:58:06.79987Z,KXBTC15M-26OCT042200-00,0.0210,200.00,yes
2026-10-05T01:58:06.79987Z,KXBTC15M-26OCT042200-00,0.0220,200.00,yes
2026-10-05T01:58:06.79987Z,KXBTC15M-26OCT042200-00,0.0210,15.00,yes
2026-10-05T01:58:06.79987Z,KXBTC15M-26OCT042200-00,0.0210,0.01,yes
2026-10-05T01:58:06.79987Z,KXBTC15M-26OCT042200-00,0.0210,0.01,yes
2026-10-05T01:58:06.79987Z,KXBTC15M-26OCT042200-00,0.0210,400.00,yes
2026-10-05T01:58:06.79987Z,KXBTC15M-26OCT042200-00,0.0220,60.00,yes
2026-10-05T01:58:06.79987Z,KXBTC15M-26OCT042200-00,0.0210,16.00,yes
2026-10-05T01:58:06.79987Z,KXBTC15M-26OCT042200-00,0.0210,444.46,yes
2026-10-05T01:58:06.79987Z,KXBTC15M-26OCT042200-00,0.0230,15.00,yes
2026-10-05T01:58:06.808495Z,KXBTC15M-26OCT042200-00,0.0210,89.13,yes
2026-10-05T01:58:06.821535Z,KXBTC15M-26OCT042200-00,0.0210,0.01,yes
2026-10-05T01:58:06.821535Z,KXBTC15M-26OCT042200-00,0.0210,0.01,yes
2026-10-05T01:58:06.835593Z,KXBTC15M-26OCT042200-00,0.0200,0.01,no
2026-10-05T01:58:06.835593Z,KXBTC15M-26OCT042200-00,0.0200,0.01,no
2026-10-05T01:58:06.835593Z,KXBTC15M-26OCT042200-00,0.0200,4.98,no
2026-10-05T01:58:06.835593Z,KXBTC15M-26OCT042200-00,0.0200,15.00,no
2026-10-05T01:58:06.840873Z,KXBTC15M-26OCT042200-00,0.0210,10.47,yes
2026-10-05T01:58:06.866886Z,KXBTC15M-26OCT042200-00,0.0240,1.00,yes
2026-10-05T01:58:06.866886Z,KXBTC15M-26OCT042200-00,0.0240,1.00,yes
2026-10-05T01:58:06.866886Z,KXBTC15M-26OCT042200-00,0.0210,4.53,yes
2026-10-05T01:58:06.866886Z,KXBTC15M-26OCT042200-00,0.0210,400.00,yes
2026-10-05T01:58:06.866886Z,KXBTC15M-26OCT042200-00,0.0220,0.01,yes
2026-10-05T01:58:06.866886Z,KXBTC15M-26OCT042200-00,0.0210,0.01,yes
2026-10-05T01:58:06.866886Z,KXBTC15M-26OCT042200-00,0.0240,12.00,yes
2026-10-05T01:58:06.866886Z,KXBTC15M-26OCT042200-00,0.0210,0.01,yes
2026-10-05T01:58:06.866886Z,KXBTC15M-26OCT042200-00,0.0230,15.00,yes
2026-10-05T01:58:06.866886Z,KXBTC15M-26OCT042200-00,0.0210,200.00,yes
2026-10-05T01:58:06.866886Z,KXBTC15M-26OCT042200-00,0.0220,200.00,yes
2026-10-05T01:58:06.866886Z,KXBTC15M-26OCT042200-00,0.0240,2.00,yes
2026-10-05T01:58:06.866886Z,KXBTC15M-26OCT042200-00,0.0250,15.00,yes
2026-10-05T01:58:06.866886Z,KXBTC15M-26OCT042200-00,0.0250,2.00,yes
2026-10-05T01:58:06.866886Z,KXBTC15M-26OCT042200-00,0.0240,1.00,yes
2026-10-05T01:58:06.866886Z,KXBTC15M-26OCT042200-00,0.0250,0.72,yes
2026-10-05T01:58:06.88122Z,KXBTC15M-26OCT042200-00,0.0200,5.08,no
2026-10-05T01:58:06.882912Z,KXBTC15M-26OCT042200-00,0.0210,0.01,yes
2026-10-05T01:58:07.102041Z,KXBTC15M-26OCT042200-00,0.0210,0.01,no
2026-10-05T01:58:07.102041Z,KXBTC15M-26OCT042200-00,0.0210,0.01,no
2026-10-05T01:58:07.102041Z,KXBTC15M-26OCT042200-00,0.0210,15.00,no
2026-10-05T01:58:07.102041Z,KXBTC15M-26OCT042200-00,0.0210,14.99,no
2026-10-05T01:58:07.102041Z,KXBTC15M-26OCT042200-00,0.0210,51.37,no
2026-10-05T01:58:07.14473Z,KXBTC15M-26OCT042200-00,0.0210,0.37,no
2026-10-05T01:58:07.165226Z,KXBTC15M-26OCT042200-00,0.0200,15.00,no
2026-10-05T01:58:07.165226Z,KXBTC15M-26OCT042200-00,0.0190,286.53,no
2026-10-05T01:58:07.165226Z,KXBTC15M-26OCT042200-00,0.0200,4.94,no
2026-10-05T01:58:07.165226Z,KXBTC15M-26OCT042200-00,0.0200,200.00,no
2026-10-05T01:58:07.165226Z,KXBTC15M-26OCT042200-00,0.0200,15.00,no
2026-10-05T01:58:07.165226Z,KXBTC15M-26OCT042200-00,0.0200,15.00,no
2026-10-05T01:58:07.165226Z,KXBTC15M-26OCT042200-00,0.0210,0.01,no
2026-10-05T01:58:07.165226Z,KXBTC15M-26OCT042200-00,0.0210,209.26,no
2026-10-05T01:58:07.165226Z,KXBTC15M-26OCT042200-00,0.0200,275.00,no
2026-10-05T01:58:07.165226Z,KXBTC15M-26OCT042200-00,0.0210,0.01,no
2026-10-05T01:58:07.167676Z,KXBTC15M-26OCT042200-00,0.0220,1.29,yes
2026-10-05T01:58:07.167676Z,KXBTC15M-26OCT042200-00,0.0220,0.01,yes
2026-10-05T01:58:07.209037Z,KXBTC15M-26OCT042200-00,0.0210,8.61,yes
2026-10-05T01:58:07.209037Z,KXBTC15M-26OCT042200-00,0.0210,17.00,yes
2026-10-05T01:58:07.209037Z,KXBTC15M-26OCT042200-00,0.0210,0.01,yes
2026-10-05T01:58:07.209037Z,KXBTC15M-26OCT042200-00,0.0210,15.00,yes
2026-10-05T01:58:07.209037Z,KXBTC15M-26OCT042200-00,0.0210,0.01,yes
2026-10-05T01:58:07.232921Z,KXBTC15M-26OCT042200-00,0.0200,15.00,no
2026-10-05T01:58:07.232921Z,KXBTC15M-26OCT042200-00,0.0200,0.01,no
2026-10-05T01:58:07.232921Z,KXBTC15M-26OCT042200-00,0.0200,0.01,no
2026-10-05T01:58:07.24776Z,KXBTC15M-26OCT042200-00,0.0210,4.39,yes
2026-10-05T01:58:07.24776Z,KXBTC15M-26OCT042200-00,0.0210,2.00,yes
2026-10-05T01:58:07.24776Z,KXBTC15M-26OCT042200-00,0.0210,14.72,yes
2026-10-05T01:58:07.326959Z,KXBTC15M-26OCT042200-00,0.0210,132.73,yes
2026-10-05T01:58:07.345339Z,KXBTC15M-26OCT042200-00,0.0210,172.50,yes
2026-10-05T01:58:07.345339Z,KXBTC15M-26OCT042200-00,0.0210,252.55,yes
2026-10-05T01:58:07.365986Z,KXBTC15M-26OCT042200-00,0.0210,15.00,yes
2026-10-05T01:58:07.365986Z,KXBTC15M-26OCT042200-00,0.0210,50.00,yes
2026-10-05T01:58:07.365986Z,KXBTC15M-26OCT042200-00,0.0210,8.00,yes
2026-10-05T01:58:07.365986Z,KXBTC15M-26OCT042200-00,0.0210,15.00,yes
2026-10-05T01:58:07.365986Z,KXBTC15M-26OCT042200-00,0.0210,0.01,yes
2026-10-05T01:58:07.365986Z,KXBTC15M-26OCT042200-00,0.0210,0.01,yes
2026-10-05T01:58:07.365986Z,KXBTC15M-26OCT042200-00,0.0210,27.50,yes
2026-10-05T01:58:07.382033Z,KXBTC15M-26OCT042200-00,0.0200,15.00,no
2026-10-05T01:58:07.49133Z,KXBTC15M-26OCT042200-00,0.0200,50.00,no
2026-10-05T01:58:07.49133Z,KXBTC15M-26OCT042200-00,0.0200,16.97,no
2026-10-05T01:58:07.49133Z,KXBTC15M-26OCT042200-00,0.0200,0.01,no
2026-10-05T01:58:07.49133Z,KXBTC15M-26OCT042200-00,0.0200,0.01,no
2026-10-05T01:58:07.637992Z,KXBTC15M-26OCT042200-00,0.0210,15.00,yes
2026-10-05T01:58:07.637992Z,KXBTC15M-26OCT042200-00,0.0210,0.01,yes
2026-10-05T01:58:07.637992Z,KXBTC15M-26OCT042200-00,0.0210,6.25,yes
2026-10-05T01:58:07.637992Z,KXBTC15M-26OCT042200-00,0.0210,0.01,yes
2026-10-05T01:58:07.768488Z,KXBTC15M-26OCT042200-00,0.0200,0.01,no
2026-10-05T01:58:07.768488Z,KXBTC15M-26OCT042200-00,0.0200,0.01,no
2026-10-05T01:58:07.768488Z,KXBTC15M-26OCT042200-00,0.0200,14.98,no
2026-10-05T01:58:07.76854Z,KXBTC15M-26OCT042200-00,0.0180,149.98,no
2026-10-05T01:58:07.76854Z,KXBTC15M-26OCT042200-00,0.0200,1.00,no
2026-10-05T01:58:07.76854Z,KXBTC15M-26OCT042200-00,0.0200,0.02,no
2026-10-05T01:58:07.773847Z,KXBTC15M-26OCT042200-00,0.0180,95.35,no
2026-10-05T01:58:07.773847Z,KXBTC15M-26OCT042200-00,0.0180,2.00,no
2026-10-05T01:58:07.773847Z,KXBTC15M-26OCT042200-00,0.0180,53.65,no
2026-10-05T01:58:07.773889Z,KXBTC15M-26OCT042200-00,0.0180,1.00,no
2026-10-05T01:58:07.79567Z,KXBTC15M-26OCT042200-00,0.0190,27.54,yes
2026-10-05T01:58:07.79567Z,KXBTC15M-26OCT042200-00,0.0190,15.00,yes
2026-10-05T01:58:07.804987Z,KXBTC15M-26OCT042200-00,0.0190,62.00,yes
2026-10-05T01:58:07.808952Z,KXBTC15M-26OCT042200-00,0.0190,6.25,yes
2026-10-05T01:58:07.813235Z,KXBTC15M-26OCT042200-00,0.0180,12.00,no
2026-10-05T01:58:07.813235Z,KXBTC15M-26OCT042200-00,0.0180,3.00,no
2026-10-05T01:58:07.814452Z,KXBTC15M-26OCT042200-00,0.0190,10.69,yes
2026-10-05T01:58:07.81934Z,KXBTC15M-26OCT042200-00,0.0180,15.00,no
2026-10-05T01:58:07.826543Z,KXBTC15M-26OCT042200-00,0.0180,15.00,no
2026-10-05T01:58:07.832557Z,KXBTC15M-26OCT042200-00,0.0190,14.98,yes
2026-10-05T01:58:07.833251Z,KXBTC15M-26OCT042200-00,0.0180,15.00,no
2026-10-05T01:58:07.852006Z,KXBTC15M-26OCT042200-00,0.0180,15.00,no
2026-10-05T01:58:07.927264Z,KXBTC15M-26OCT042200-00,0.0190,0.01,yes
2026-10-05T01:58:07.927264Z,KXBTC15M-26OCT042200-00,0.0190,0.01,yes
2026-10-05T01:58:07.927264Z,KXBTC15M-26OCT042200-00,0.0190,15.00,yes
2026-10-05T01:58:07.927264Z,KXBTC15M-26OCT042200-00,0.0200,14.54,yes
2026-10-05T01:58:07.927264Z,KXBTC15M-26OCT042200-00,0.0190,15.00,yes
2026-10-05T01:58:07.927668Z,KXBTC15M-26OCT042200-00,0.0200,1.46,yes
2026-10-05T01:58:07.927668Z,KXBTC15M-26OCT042200-00,0.0200,9.68,yes
2026-10-05T01:58:07.928553Z,KXBTC15M-26OCT042200-00,0.0180,0.01,no
2026-10-05T01:58:07.928553Z,KXBTC15M-26OCT042200-00,0.0180,28.66,no
2026-10-05T01:58:07.928553Z,KXBTC15M-26OCT042200-00,0.0180,28.00,no
2026-10-05T01:58:07.928553Z,KXBTC15M-26OCT042200-00,0.0180,0.01,no
2026-10-05T01:58:08.068424Z,KXBTC15M-26OCT042200-00,0.0250,2.00,yes
2026-10-05T01:58:08.068424Z,KXBTC15M-26OCT042200-00,0.0250,81.78,yes
2026-10-05T01:58:08.068424Z,KXBTC15M-26OCT042200-00,0.0250,1.00,yes
2026-10-05T01:58:08.068424Z,KXBTC15M-26OCT042200-00,0.0190,0.01,yes
2026-10-05T01:58:08.068424Z,KXBTC15M-26OCT042200-00,0.0210,1.00,yes
2026-10-05T01:58:08.068424Z,KXBTC15M-26OCT042200-00,0.0220,50.00,yes
2026-10-05T01:58:08.068424Z,KXBTC15M-26OCT042200-00,0.0210,15.00,yes
2026-10-05T01:58:08.068424Z,KXBTC15M-26OCT042200-00,0.0190,15.00,yes
2026-10-05T01:58:08.068424Z,KXBTC15M-26OCT042200-00,0.0230,1.00,yes
2026-10-05T01:58:08.068424Z,KXBTC15M-26OCT042200-00,0.0190,0.01,yes
2026-10-05T01:58:08.068424Z,KXBTC15M-26OCT042200-00,0.0200,40.32,yes
2026-10-05T01:58:08.068424Z,KXBTC15M-26OCT042200-00,0.0210,14.00,yes
2026-10-05T01:58:08.068424Z,KXBTC15M-26OCT042200-00,0.0190,162.33,yes
2026-10-05T01:58:08.068424Z,KXBTC15M-26OCT042200-00,0.0240,1.00,yes
2026-10-05T01:58:08.068424Z,KXBTC15M-26OCT042200-00,0.0220,1.00,yes
2026-10-05T01:58:08.068424Z,KXBTC15M-26OCT042200-00,0.0240,12.00,yes
2026-10-05T01:58:08.068424Z,KXBTC15M-26OCT042200-00,0.0200,12.00,yes
2026-10-05T01:58:08.068424Z,KXBTC15M-26OCT042200-00,0.0250,7.28,yes
2026-10-05T01:58:08.068424Z,KXBTC15M-26OCT042200-00,0.0250,20.00,yes
2026-10-05T01:58:08.198074Z,KXBTC15M-26OCT042200-00,0.0180,1.51,no
2026-10-05T01:58:08.198074Z,KXBTC15M-26OCT042200-00,0.0180,15.00,no
2026-10-05T01:58:08.198074Z,KXBTC15M-26OCT042200-00,0.0180,15.00,no
2026-10-05T01:58:08.198074Z,KXBTC15M-26OCT042200-00,0.0200,50.00,no
2026-10-05T01:58:08.198074Z,KXBTC15M-26OCT042200-00,0.0210,0.01,no
2026-10-05T01:58:08.198074Z,KXBTC15M-26OCT042200-00,0.0190,15.00,no
2026-10-05T01:58:08.198074Z,KXBTC15M-26OCT042200-00,0.0200,0.01,no
2026-10-05T01:58:08.198074Z,KXBTC15M-26OCT042200-00,0.0200,0.01,no
2026-10-05T01:58:08.198074Z,KXBTC15M-26OCT042200-00,0.0210,0.01,no
2026-10-05T01:58:08.216599Z,KXBTC15M-26OCT042200-00,0.0210,10.00,yes
2026-10-05T01:58:08.216599Z,KXBTC15M-26OCT042200-00,0.0210,16.00,yes
2026-10-05T01:58:08.216599Z,KXBTC15M-26OCT042200-00,0.0210,0.01,yes
2026-10-05T01:58:08.216599Z,KXBTC15M-26OCT042200-00,0.0220,62.96,yes
2026-10-05T01:58:08.216599Z,KXBTC15M-26OCT042200-00,0.0210,13.00,yes
2026-10-05T01:58:08.216599Z,KXBTC15M-26OCT042200-00,0.0220,0.01,yes
2026-10-05T01:58:08.216599Z,KXBTC15M-26OCT042200-00,0.0220,0.01,yes
2026-10-05T01:58:08.216599Z,KXBTC15M-26OCT042200-00,0.0210,0.01,yes
2026-10-05T01:58:08.216599Z,KXBTC15M-26OCT042200-00,0.0220,12.00,yes
2026-10-05T01:58:08.320895Z,KXBTC15M-26OCT042200-00,0.0170,2.00,no
2026-10-05T01:58:08.320895Z,KXBTC15M-26OCT042200-00,0.0180,13.49,no
2026-10-05T01:58:08.320895Z,KXBTC15M-26OCT042200-00,0.0170,99.00,no
2026-10-05T01:58:08.320895Z,KXBTC15M-26OCT042200-00,0.0170,2.00,no
2026-10-05T01:58:08.320895Z,KXBTC15M-26OCT042200-00,0.0180,12.00,no
2026-10-05T01:58:08.320895Z,KXBTC15M-26OCT042200-00,0.0170,86.37,no
2026-10-05T01:58:08.320895Z,KXBTC15M-26OCT042200-00,0.0190,0.01,no
2026-10-05T01:58:08.320895Z,KXBTC15M-26OCT042200-00,0.0190,0.01,no
2026-10-05T01:58:08.320895Z,KXBTC15M-26OCT042200-00,0.0170,2.11,no
2026-10-05T01:58:08.366674Z,KXBTC15M-26OCT042200-00,0.0210,15.00,yes
2026-10-05T01:58:08.366674Z,KXBTC15M-26OCT042200-00,0.0210,12.00,yes
2026-10-05T01:58:08.614209Z,KXBTC15M-26OCT042200-00,0.0210,0.01,yes
2026-10-05T01:58:08.614209Z,KXBTC15M-26OCT042200-00,0.0210,14.98,yes
2026-10-05T01:58:08.614209Z,KXBTC15M-26OCT042200-00,0.0210,0.01,yes
2026-10-05T01:58:08.622079Z,KXBTC15M-26OCT042200-00,0.0240,1.00,yes
2026-10-05T01:58:08.622079Z,KXBTC15M-26OCT042200-00,0.0240,1.00,yes
2026-10-05T01:58:08.622079Z,KXBTC15M-26OCT042200-00,0.0210,0.02,yes
2026-10-05T01:58:08.622079Z,KXBTC15M-26OCT042200-00,0.0220,0.03,yes
2026-10-05T01:58:08.622079Z,KXBTC15M-26OCT042200-00,0.0220,78.00,yes
2026-10-05T01:58:08.622079Z,KXBTC15M-26OCT042200-00,0.0220,150.00,yes
2026-10-05T01:58:08.622079Z,KXBTC15M-26OCT042200-00,0.0210,0.02,yes
2026-10-05T01:58:08.622079Z,KXBTC15M-26OCT042200-00,0.0240,2.00,yes
2026-10-05T01:58:08.622079Z,KXBTC15M-26OCT042200-00,0.0240,23.89,yes
2026-10-05T01:58:08.622079Z,KXBTC15M-26OCT042200-00,0.0230,15.00,yes
2026-10-05T01:58:08.622079Z,KXBTC15M-26OCT042200-00,0.0210,400.00,yes
2026-10-05T01:58:08.622079Z,KXBTC15M-26OCT042200-00,0.0210,0.01,yes
2026-10-05T01:58:08.622079Z,KXBTC15M-26OCT042200-00,0.0210,0.01,yes
2026-10-05T01:58:08.622079Z,KXBTC15M-26OCT042200-00,0.0220,6.00,yes
2026-10-05T01:58:08.622079Z,KXBTC15M-26OCT042200-00,0.0230,102.00,yes
2026-10-05T01:58:08.622079Z,KXBTC15M-26OCT042200-00,0.0240,2.00,yes
2026-10-05T01:58:08.622079Z,KXBTC15M-26OCT042200-00,0.0230,48.00,yes
2026-10-05T01:58:08.622079Z,KXBTC15M-26OCT042200-00,0.0240,12.00,yes
2026-10-05T01:58:08.622079Z,KXBTC15M-26OCT042200-00,0.0210,14.00,yes
2026-10-05T01:58:08.640085Z,KXBTC15M-26OCT042200-00,0.0210,155.00,yes
2026-10-05T01:58:08.642541Z,KXBTC15M-26OCT042200-00,0.0150,15.00,no
2026-10-05T01:58:08.642541Z,KXBTC15M-26OCT042200-00,0.0150,2.98,no
2026-10-05T01:58:08.642541Z,KXBTC15M-26OCT042200-00,0.0150,115.01,no
2026-10-05T01:58:08.642541Z,KXBTC15M-26OCT042200-00,0.0150,221.45,no
2026-10-05T01:58:08.642541Z,KXBTC15M-26OCT042200-00,0.0160,97.60,no
2026-10-05T01:58:08.642541Z,KXBTC15M-26OCT042200-00,0.0160,128.64,no
2026-10-05T01:58:08.642541Z,KXBTC15M-26OCT042200-00,0.0160,157.76,no
2026-10-05T01:58:08.642541Z,KXBTC15M-26OCT042200-00,0.0150,44.56,no
2026-10-05T01:58:08.642541Z,KXBTC15M-26OCT042200-00,0.0160,37.00,no
2026-10-05T01:58:08.642541Z,KXBTC15M-26OCT042200-00,0.0170,1.11,no
2026-10-05T01:58:08.642541Z,KXBTC15M-26OCT042200-00,0.0150,1.00,no
2026-10-05T01:58:08.642541Z,KXBTC15M-26OCT042200-00,0.0200,500.00,no
2026-10-05T01:58:08.642541Z,KXBTC15M-26OCT042200-00,0.0150,2.00,no
2026-10-05T01:58:08.642541Z,KXBTC15M-26OCT042200-00,0.0200,0.01,no
2026-10-05T01:58:08.642541Z,KXBTC15M-26OCT042200-00,0.0180,12.00,no
2026-10-05T01:58:08.642541Z,KXBTC15M-26OCT042200-00,0.0200,200.00,no
2026-10-05T01:58:08.642541Z,KXBTC15M-26OCT042200-00,0.0170,236.63,no
2026-10-05T01:58:08.642541Z,KXBTC15M-26OCT042200-00,0.0160,2.00,no
2026-10-05T01:58:08.642541Z,KXBTC15M-26OCT042200-00,0.0200,0.01,no
2026-10-05T01:58:08.642541Z,KXBTC15M-26OCT042200-00,0.0170,2.00,no
2026-10-05T01:58:08.642541Z,KXBTC15M-26OCT042200-00,0.0170,99.00,no
2026-10-05T01:58:08.642541Z,KXBTC15M-26OCT042200-00,0.0150,4.34,no
2026-10-05T01:58:08.642541Z,KXBTC15M-26OCT042200-00,0.0200,15.00,no
2026-10-05T01:58:08.642541Z,KXBTC15M-26OCT042200-00,0.0170,1.07,no
2026-10-05T01:58:08.642541Z,KXBTC15M-26OCT042200-00,0.0170,2.00,no
2026-10-05T01:58:08.642541Z,KXBTC15M-26OCT042200-00,0.0190,200.00,no
2026-10-05T01:58:08.642541Z,KXBTC15M-26OCT042200-00,0.0150,2.00,no
2026-10-05T01:58:08.642541Z,KXBTC15M-26OCT042200-00,0.0150,21.29,no
2026-10-05T01:58:08.685473Z,KXBTC15M-26OCT042200-00,0.0210,15.00,yes
2026-10-05T01:58:08.685473Z,KXBTC15M-26OCT042200-00,0.0210,0.01,yes
2026-10-05T01:58:08.685473Z,KXBTC15M-26OCT042200-00,0.0210,0.68,yes
2026-10-05T01:58:08.685473Z,KXBTC15M-26OCT042200-00,0.0210,144.00,yes
2026-10-05T01:58:08.685473Z,KXBTC15M-26OCT042200-00,0.0210,15.00,yes
2026-10-05T01:58:08.730276Z,KXBTC15M-26OCT042200-00,0.0210,105.11,yes
2026-10-05T01:58:08.730276Z,KXBTC15M-26OCT042200-00,0.0210,221.45,yes
2026-10-05T01:58:08.730276Z,KXBTC15M-26OCT042200-00,0.0210,2.98,yes
2026-10-05T01:58:08.730276Z,KXBTC15M-26OCT042200-00,0.0210,44.56,yes
2026-10-05T01:58:08.730276Z,KXBTC15M-26OCT042200-00,0.0210,128.64,yes
2026-10-05T01:58:08.730276Z,KXBTC15M-26OCT042200-00,0.0210,157.76,yes
2026-10-05T01:58:08.730276Z,KXBTC15M-26OCT042200-00,0.0210,115.01,yes
2026-10-05T01:58:08.730276Z,KXBTC15M-26OCT042200-00,0.0210,96.92,yes
2026-10-05T01:58:08.805366Z,KXBTC15M-26OCT042200-00,0.0200,0.01,no
2026-10-05T01:58:08.805366Z,KXBTC15M-26OCT042200-00,0.0200,0.01,no
2026-10-05T01:58:08.805366Z,KXBTC15M-26OCT042200-00,0.0200,15.00,no
2026-10-05T01:58:08.805366Z,KXBTC15M-26OCT042200-00,0.0200,15.00,no
2026-10-05T01:58:08.805366Z,KXBTC15M-26OCT042200-00,0.0170,21.75,no
2026-10-05T01:58:08.833205Z,KXBTC15M-26OCT042200-00,0.0210,22.12,yes
2026-10-05T01:58:08.912401Z,KXBTC15M-26OCT042200-00,0.0170,1.11,no
2026-10-05T01:58:08.912401Z,KXBTC15M-26OCT042200-00,0.0170,0.01,no
2026-10-05T01:58:08.912401Z,KXBTC15M-26OCT042200-00,0.0170,0.01,no
2026-10-05T01:58:08.912401Z,KXBTC15M-26OCT042200-00,0.0150,188.46,no
2026-10-05T01:58:08.912401Z,KXBTC15M-26OCT042200-00,0.0200,0.01,no
2026-10-05T01:58:08.912401Z,KXBTC15M-26OCT042200-00,0.0160,42.00,no
2026-10-05T01:58:08.912401Z,KXBTC15M-26OCT042200-00,0.0150,15.00,no
2026-10-05T01:58:08.912401Z,KXBTC15M-26OCT042200-00,0.0200,0.01,no
2026-10-05T01:58:08.912401Z,KXBTC15M-26OCT042200-00,0.0150,17.00,no
2026-10-05T01:58:08.954249Z,KXBTC15M-26OCT042200-00,0.0190,1.01,no
2026-10-05T01:58:09.03591Z,KXBTC15M-26OCT042200-00,0.0200,50.00,yes
2026-10-05T01:58:09.03591Z,KXBTC15M-26OCT042200-00,0.0200,9.13,yes
2026-10-05T01:58:09.03591Z,KXBTC15M-26OCT042200-00,0.0200,17.00,yes
2026-10-05T01:58:09.03591Z,KXBTC15M-26OCT042200-00,0.0200,13.00,yes
2026-10-05T01:58:09.062377Z,KXBTC15M-26OCT042200-00,0.0190,43.04,no
2026-10-05T01:58:09.180045Z,KXBTC15M-26OCT042200-00,0.0200,44.56,yes
2026-10-05T01:58:09.287335Z,KXBTC15M-26OCT042200-00,0.0190,10.04,no
2026-10-05T01:58:09.400158Z,KXBTC15M-26OCT042200-00,0.0200,16.04,yes
2026-10-05T01:58:09.543544Z,KXBTC15M-26OCT042200-00,0.0200,0.01,yes
2026-10-05T01:58:09.543544Z,KXBTC15M-26OCT042200-00,0.0200,15.00,yes
2026-10-05T01:58:09.543544Z,KXBTC15M-26OCT042200-00,0.0200,0.01,yes
2026-10-05T01:58:09.543544Z,KXBTC15M-26OCT042200-00,0.0200,130.27,yes
2026-10-05T01:58:09.543544Z,KXBTC15M-26OCT042200-00,0.0200,50.00,yes
2026-10-05T01:58:09.543544Z,KXBTC15M-26OCT042200-00,0.0200,38.66,yes
2026-10-05T01:58:09.595639Z,KXBTC15M-26OCT042200-00,0.0200,15.00,yes
2026-10-05T01:58:09.595639Z,KXBTC15M-26OCT042200-00,0.0200,13.00,yes
2026-10-05T01:58:09.595639Z,KXBTC15M-26OCT042200-00,0.0200,0.02,yes
2026-10-05T01:58:09.595639Z,KXBTC15M-26OCT042200-00,0.0200,0.01,yes
2026-10-05T01:58:09.595639Z,KXBTC15M-26OCT042200-00,0.0200,11.34,yes
2026-10-05T01:58:09.595639Z,KXBTC15M-26OCT042200-00,0.0200,0.01,yes
2026-10-05T01:58:09.660684Z,KXBTC15M-26OCT042200-00,0.0190,203.60,no
2026-10-05T01:58:09.72241Z,KXBTC15M-26OCT042200-00,0.0190,0.01,no
2026-10-05T01:58:09.72241Z,KXBTC15M-26OCT042200-00,0.0190,261.98,no
2026-10-05T01:58:09.72241Z,KXBTC15M-26OCT042200-00,0.0190,0.01,no
2026-10-05T01:58:09.72241Z,KXBTC15M-26OCT042200-00,0.0190,15.00,no
2026-10-05T01:58:09.72241Z,KXBTC15M-26OCT042200-00,0.0190,15.00,no
2026-10-05T01:58:09.72241Z,KXBTC15M-26OCT042200-00,0.0190,15.00,no
2026-10-05T01:58:09.72241Z,KXBTC15M-26OCT042200-00,0.0190,200.00,no
2026-10-05T01:58:09.754618Z,KXBTC15M-26OCT042200-00,0.0160,86.06,no
2026-10-05T01:58:09.754618Z,KXBTC15M-26OCT042200-00,0.0150,15.00,no
2026-10-05T01:58:09.754618Z,KXBTC15M-26OCT042200-00,0.0190,0.01,no
2026-10-05T01:58:09.754618Z,KXBTC15M-26OCT042200-00,0.0190,0.01,no
2026-10-05T01:58:09.754618Z,KXBTC15M-26OCT042200-00,0.0150,57.00,no
2026-10-05T01:58:09.754618Z,KXBTC15M-26OCT042200-00,0.0140,327.00,no
2026-10-05T01:58:09.754618Z,KXBTC15M-26OCT042200-00,0.0140,113.50,no
2026-10-05T01:58:09.763681Z,KXBTC15M-26OCT042200-00,0.0200,500.00,yes
2026-10-05T01:58:09.763681Z,KXBTC15M-26OCT042200-00,0.0200,2000.00,yes
2026-10-05T01:58:09.763681Z,KXBTC15M-26OCT042200-00,0.0200,0.01,yes
2026-10-05T01:58:09.763681Z,KXBTC15M-26OCT042200-00,0.0200,132.70,yes
2026-10-05T01:58:09.763681Z,KXBTC15M-26OCT042200-00,0.0200,15.00,yes
2026-10-05T01:58:09.763681Z,KXBTC15M-26OCT042200-00,0.0200,14.00,yes
2026-10-05T01:58:09.763681Z,KXBTC15M-26OCT042200-00,0.0200,15.00,yes
2026-10-05T01:58:09.763681Z,KXBTC15M-26OCT042200-00,0.0200,0.02,yes
2026-10-05T01:58:09.763681Z,KXBTC15M-26OCT042200-00,0.0200,0.01,yes
2026-10-05T01:58:09.763681Z,KXBTC15M-26OCT042200-00,0.0200,50.00,yes
2026-10-05T01:58:09.791404Z,KXBTC15M-26OCT042200-00,0.0180,15.00,yes
2026-10-05T01:58:09.828276Z,KXBTC15M-26OCT042200-00,0.0170,13.56,yes
2026-10-05T01:58:09.833207Z,KXBTC15M-26OCT042200-00,0.0170,6.00,yes
2026-10-05T01:58:09.833418Z,KXBTC15M-26OCT042200-00,0.0170,13.04,yes
2026-10-05T01:58:09.833418Z,KXBTC15M-26OCT042200-00,0.0170,0.01,yes
2026-10-05T01:58:09.833418Z,KXBTC15M-26OCT042200-00,0.0170,0.01,yes
2026-10-05T01:58:09.833418Z,KXBTC15M-26OCT042200-00,0.0170,93.94,yes
2026-10-05T01:58:09.862606Z,KXBTC15M-26OCT042200-00,0.0160,0.74,no
2026-10-05T01:58:09.878342Z,KXBTC15M-26OCT042200-00,0.0170,172.04,yes
2026-10-05T01:58:09.878342Z,KXBTC15M-26OCT042200-00,0.0170,15.00,yes
2026-10-05T01:58:09.878342Z,KXBTC15M-26OCT042200-00,0.0170,1.96,yes
2026-10-05T01:58:09.883763Z,KXBTC15M-26OCT042200-00,0.0170,3.67,yes
2026-10-05T01:58:09.944216Z,KXBTC15M-26OCT042200-00,0.0160,328.35,no
2026-10-05T01:58:09.944216Z,KXBTC15M-26OCT042200-00,0.0160,0.01,no
2026-10-05T01:58:09.964718Z,KXBTC15M-26OCT042200-00,0.0170,23.16,yes
2026-10-05T01:58:10.004915Z,KXBTC15M-26OCT042200-00,0.0170,46.79,yes
2026-10-05T01:58:10.019491Z,KXBTC15M-26OCT042200-00,0.0160,36.79,no
2026-10-05T01:58:10.019491Z,KXBTC15M-26OCT042200-00,0.0160,15.00,no
2026-10-05T01:58:10.058991Z,KXBTC15M-26OCT042200-00,0.0150,14.00,no
2026-10-05T01:58:10.058991Z,KXBTC15M-26OCT042200-00,0.0160,15.00,no
2026-10-05T01:58:10.058991Z,KXBTC15M-26OCT042200-00,0.0150,0.98,no
2026-10-05T01:58:10.058991Z,KXBTC15M-26OCT042200-00,0.0160,0.01,no
2026-10-05T01:58:10.058991Z,KXBTC15M-26OCT042200-00,0.0160,0.01,no
2026-10-05T01:58:10.062367Z,KXBTC15M-26OCT042200-00,0.0150,1.00,no
2026-10-05T01:58:10.078648Z,KXBTC15M-26OCT042200-00,0.0160,0.01,no
2026-10-05T01:58:10.078648Z,KXBTC15M-26OCT042200-00,0.0160,0.01,no
2026-10-05T01:58:10.078648Z,KXBTC15M-26OCT042200-00,0.0150,9.98,no
2026-10-05T01:58:10.098497Z,KXBTC15M-26OCT042200-00,0.0150,25.00,no
2026-10-05T01:58:10.102136Z,KXBTC15M-26OCT042200-00,0.0170,0.02,yes
2026-10-05T01:58:10.102136Z,KXBTC15M-26OCT042200-00,0.0160,15.00,yes
2026-10-05T01:58:10.102136Z,KXBTC15M-26OCT042200-00,0.0160,0.01,yes
2026-10-05T01:58:10.102136Z,KXBTC15M-26OCT042200-00,0.0160,0.01,yes
2026-10-05T01:58:10.102136Z,KXBTC15M-26OCT042200-00,0.0180,45.56,yes
2026-10-05T01:58:10.102136Z,KXBTC15M-26OCT042200-00,0.0170,0.01,yes
2026-10-05T01:58:10.102136Z,KXBTC15M-26OCT042200-00,0.0170,15.00,yes
2026-10-05T01:58:10.102136Z,KXBTC15M-26OCT042200-00,0.0170,63.21,yes
2026-10-05T01:58:10.102136Z,KXBTC15M-26OCT042200-00,0.0170,0.01,yes
2026-10-05T01:58:10.119072Z,KXBTC15M-26OCT042200-00,0.0150,50.00,no
2026-10-05T01:58:10.125691Z,KXBTC15M-26OCT042200-00,0.0150,15.00,no
2026-10-05T01:58:10.127572Z,KXBTC15M-26OCT042200-00,0.0160,0.01,yes
2026-10-05T01:58:10.133601Z,KXBTC15M-26OCT042200-00,0.0150,15.00,no
2026-10-05T01:58:10.13578Z,KXBTC15M-26OCT042200-00,0.0150,100.00,no
2026-10-05T01:58:10.138067Z,KXBTC15M-26OCT042200-00,0.0150,19.78,no
2026-10-05T01:58:10.143921Z,KXBTC15M-26OCT042200-00,0.0150,0.01,no
2026-10-05T01:58:10.143921Z,KXBTC15M-26OCT042200-00,0.0150,0.76,no
2026-10-05T01:58:10.143921Z,KXBTC15M-26OCT042200-00,0.0150,0.22,no
2026-10-05T01:58:10.143921Z,KXBTC15M-26OCT042200-00,0.0150,14.00,no
2026-10-05T01:58:10.143921Z,KXBTC15M-26OCT042200-00,0.0150,0.01,no
2026-10-05T01:58:10.15207Z,KXBTC15M-26OCT042200-00,0.0150,15.00,no
2026-10-05T01:58:10.159609Z,KXBTC15M-26OCT042200-00,0.0150,15.00,no
2026-10-05T01:58:10.16519Z,KXBTC15M-26OCT042200-00,0.0160,0.01,yes
2026-10-05T01:58:10.16519Z,KXBTC15M-26OCT042200-00,0.0160,15.00,yes
2026-10-05T01:58:10.16519Z,KXBTC15M-26OCT042200-00,0.0160,0.01,yes
2026-10-05T01:58:10.16519Z,KXBTC15M-26OCT042200-00,0.0170,77.91,yes
2026-10-05T01:58:10.168248Z,KXBTC15M-26OCT042200-00,0.0150,15.00,no
2026-10-05T01:58:10.177656Z,KXBTC15M-26OCT042200-00,0.0150,15.00,no
2026-10-05T01:58:10.181263Z,KXBTC15M-26OCT042200-00,0.0150,100.00,no
2026-10-05T01:58:10.185239Z,KXBTC15M-26OCT042200-00,0.0150,15.00,no
2026-10-05T01:58:10.190543Z,KXBTC15M-26OCT042200-00,0.0150,300.00,no
2026-10-05T01:58:10.191492Z,KXBTC15M-26OCT042200-00,0.0150,15.00,no
2026-10-05T01:58:10.207734Z,KXBTC15M-26OCT042200-00,0.0150,1.00,no
2026-10-05T01:58:10.208084Z,KXBTC15M-26OCT042200-00,0.0150,8.24,no
2026-10-05T01:58:10.208084Z,KXBTC15M-26OCT042200-00,0.0150,6.76,no
2026-10-05T01:58:10.222054Z,KXBTC15M-26OCT042200-00,0.0150,10.00,no
2026-10-05T01:58:10.238849Z,KXBTC15M-26OCT042200-00,0.0150,25.00,no
2026-10-05T01:58:10.252759Z,KXBTC15M-26OCT042200-00,0.0150,50.00,no
2026-10-05T01:58:10.253706Z,KXBTC15M-26OCT042200-00,0.0150,8.24,no
2026-10-05T01:58:10.253706Z,KXBTC15M-26OCT042200-00,0.0150,187.76,no
2026-10-05T01:58:10.258024Z,KXBTC15M-26OCT042200-00,0.0160,0.02,yes
2026-10-05T01:58:10.258024Z,KXBTC15M-26OCT042200-00,0.0160,0.01,yes
2026-10-05T01:58:10.258024Z,KXBTC15M-26OCT042200-00,0.0170,3.09,yes
2026-10-05T01:58:10.258024Z,KXBTC15M-26OCT042200-00,0.0170,0.03,yes
2026-10-05T01:58:10.258024Z,KXBTC15M-26OCT042200-00,0.0160,15.00,yes
2026-10-05T01:58:10.258024Z,KXBTC15M-26OCT042200-00,0.0170,0.01,yes
2026-10-05T01:58:10.258024Z,KXBTC15M-26OCT042200-00,0.0180,28.63,yes
2026-10-05T01:58:10.273195Z,KXBTC15M-26OCT042200-00,0.0150,100.00,no
2026-10-05T01:58:10.292483Z,KXBTC15M-26OCT042200-00,0.0150,15.00,no
2026-10-05T01:58:10.36907Z,KXBTC15M-26OCT042200-00,0.0150,97.24,no
2026-10-05T01:58:10.36907Z,KXBTC15M-26OCT042200-00,0.0150,2.76,no
2026-10-05T01:58:10.376757Z,KXBTC15M-26OCT042200-00,0.0150,2.76,no
2026-10-05T01:58:10.376757Z,KXBTC15M-26OCT042200-00,0.0150,12.24,no
2026-10-05T01:58:10.418752Z,KXBTC15M-26OCT042200-00,0.0160,0.01,yes
2026-10-05T01:58:10.418752Z,KXBTC15M-26OCT042200-00,0.0160,42.00,yes
2026-10-05T01:58:10.418752Z,KXBTC15M-26OCT042200-00,0.0160,13.03,yes
2026-10-05T01:58:10.459357Z,KXBTC15M-26OCT042200-00,0.0150,12.24,no
2026-10-05T01:58:10.459357Z,KXBTC15M-26OCT042200-00,0.0150,2.74,no
2026-10-05T01:58:10.459357Z,KXBTC15M-26OCT042200-00,0.0150,0.01,no
2026-10-05T01:58:10.459357Z,KXBTC15M-26OCT042200-00,0.0150,0.01,no
2026-10-05T01:58:10.468611Z,KXBTC15M-26OCT042200-00,0.0160,1.97,yes
2026-10-05T01:58:10.468611Z,KXBTC15M-26OCT042200-00,0.0160,18.00,yes
2026-10-05T01:58:10.468611Z,KXBTC15M-26OCT042200-00,0.0160,30.67,yes
2026-10-05T01:58:10.479612Z,KXBTC15M-26OCT042200-00,0.0160,0.01,yes
2026-10-05T01:58:10.481822Z,KXBTC15M-26OCT042200-00,0.0150,0.25,no
2026-10-05T01:58:10.488488Z,KXBTC15M-26OCT042200-00,0.0150,1.00,no
2026-10-05T01:58:10.511033Z,KXBTC15M-26OCT042200-00,0.0150,10.00,no
2026-10-05T01:58:10.54435Z,KXBTC15M-26OCT042200-00,0.0150,0.01,no
2026-10-05T01:58:10.54435Z,KXBTC15M-26OCT042200-00,0.0150,14.99,no
2026-10-05T01:58:10.625423Z,KXBTC15M-26OCT042200-00,0.0150,0.01,no
2026-10-05T01:58:10.625423Z,KXBTC15M-26OCT042200-00,0.0150,14.99,no
2026-10-05T01:58:10.638798Z,KXBTC15M-26OCT042200-00,0.0150,5.43,no
2026-10-05T01:58:10.638798Z,KXBTC15M-26OCT042200-00,0.0150,85.01,no
2026-10-05T01:58:10.638798Z,KXBTC15M-26OCT042200-00,0.0150,15.00,no
2026-10-05T01:58:10.702249Z,KXBTC15M-26OCT042200-00,0.0160,3.85,yes
2026-10-05T01:58:10.70849Z,KXBTC15M-26OCT042200-00,0.0150,15.00,no
2026-10-05T01:58:10.790692Z,KXBTC15M-26OCT042200-00,0.0150,15.00,no
2026-10-05T01:58:10.794996Z,KXBTC15M-26OCT042200-00,0.0160,15.00,yes
2026-10-05T01:58:10.794996Z,KXBTC15M-26OCT042200-00,0.0160,0.01,yes
2026-10-05T01:58:10.794996Z,KXBTC15M-26OCT042200-00,0.0160,11.15,yes
2026-10-05T01:58:10.794996Z,KXBTC15M-26OCT042200-00,0.0160,9.62,yes
2026-10-05T01:58:10.825966Z,KXBTC15M-26OCT042200-00,0.0160,15.00,yes
2026-10-05T01:58:10.825966Z,KXBTC15M-26OCT042200-00,0.0170,81.52,yes
2026-10-05T01:58:10.825966Z,KXBTC15M-26OCT042200-00,0.0160,239.80,yes
2026-10-05T01:58:10.843836Z,KXBTC15M-26OCT042200-00,0.0150,25.00,no
2026-10-05T01:58:10.860425Z,KXBTC15M-26OCT042200-00,0.0150,50.00,no
2026-10-05T01:58:10.874689Z,KXBTC15M-26OCT042200-00,0.0150,15.00,no
2026-10-05T01:58:10.889552Z,KXBTC15M-26OCT042200-00,0.0150,57.00,no
2026-10-05T01:58:10.95488Z,KXBTC15M-26OCT042200-00,0.0160,15.00,yes
2026-10-05T01:58:10.95488Z,KXBTC15M-26OCT042200-00,0.0170,13.00,yes
2026-10-05T01:58:10.95488Z,KXBTC15M-26OCT042200-00,0.0160,0.02,yes
2026-10-05T01:58:10.95488Z,KXBTC15M-26OCT042200-00,0.0170,2.58,yes
2026-10-05T01:58:11.06771Z,KXBTC15M-26OCT042200-00,0.0170,13.00,yes
2026-10-05T01:58:11.06771Z,KXBTC15M-26OCT042200-00,0.0170,108.51,yes
2026-10-05T01:58:11.104597Z,KXBTC15M-26OCT042200-00,0.0170,53.93,yes
2026-10-05T01:58:11.113091Z,KXBTC15M-26OCT042200-00,0.0170,24.62,yes
2026-10-05T01:58:11.294112Z,KXBTC15M-26OCT042200-00,0.0170,5.56,yes
2026-10-05T01:58:11.370645Z,KXBTC15M-26OCT042200-00,0.0170,17.38,yes
2026-10-05T01:58:11.514872Z,KXBTC15M-26OCT042200-00,0.0170,93.58,yes
2026-10-05T01:58:11.533461Z,KXBTC15M-26OCT042200-00,0.0170,0.03,yes
2026-10-05T01:58:11.533461Z,KXBTC15M-26OCT042200-00,0.0170,15.00,yes
2026-10-05T01:58:11.533461Z,KXBTC15M-26OCT042200-00,0.0170,13.00,yes
2026-10-05T01:58:11.533461Z,KXBTC15M-26OCT042200-00,0.0170,10.00,yes
2026-10-05T01:58:11.533461Z,KXBTC15M-26OCT042200-00,0.0180,15.90,yes
2026-10-05T01:58:11.647585Z,KXBTC15M-26OCT042200-00,0.0170,15.00,yes
2026-10-05T01:58:11.843478Z,KXBTC15M-26OCT042200-00,0.0170,53.93,yes
2026-10-05T01:58:11.896774Z,KXBTC15M-26OCT042200-00,0.0170,87.07,yes
2026-10-05T01:58:11.896774Z,KXBTC15M-26OCT042200-00,0.0170,13.00,yes
2026-10-05T01:58:11.896774Z,KXBTC15M-26OCT042200-00,0.0170,96.97,yes
2026-10-05T01:58:11.90156Z,KXBTC15M-26OCT042200-00,0.0160,14.99,no
2026-10-05T01:58:11.90156Z,KXBTC15M-26OCT042200-00,0.0160,0.01,no
2026-10-05T01:58:11.90156Z,KXBTC15M-26OCT042200-00,0.0160,0.01,no
2026-10-05T01:58:11.90156Z,KXBTC15M-26OCT042200-00,0.0160,15.00,no
2026-10-05T01:58:11.920042Z,KXBTC15M-26OCT042200-00,0.0150,14.00,no
2026-10-05T01:58:11.920042Z,KXBTC15M-26OCT042200-00,0.0150,15.00,no
2026-10-05T01:58:11.920042Z,KXBTC15M-26OCT042200-00,0.0150,15.00,no
2026-10-05T01:58:11.920042Z,KXBTC15M-26OCT042200-00,0.0150,15.00,no
2026-10-05T01:58:11.920042Z,KXBTC15M-26OCT042200-00,0.0150,15.00,no
2026-10-05T01:58:11.920042Z,KXBTC15M-26OCT042200-00,0.0150,100.00,no
2026-10-05T01:58:11.920042Z,KXBTC15M-26OCT042200-00,0.0150,0.01,no
2026-10-05T01:58:11.920042Z,KXBTC15M-26OCT042200-00,0.0150,0.01,no
2026-10-05T01:58:11.920042Z,KXBTC15M-26OCT042200-00,0.0140,73.46,no
2026-10-05T01:58:11.94292Z,KXBTC15M-26OCT042200-00,0.0160,5.28,yes
2026-10-05T01:58:11.94292Z,KXBTC15M-26OCT042200-00,0.0160,10.00,yes
2026-10-05T01:58:11.94292Z,KXBTC15M-26OCT042200-00,0.0160,0.01,yes
2026-10-05T01:58:11.94292Z,KXBTC15M-26OCT042200-00,0.0160,0.01,yes
2026-10-05T01:58:11.949488Z,KXBTC15M-26OCT042200-00,0.0160,9.72,yes
2026-10-05T01:58:11.949488Z,KXBTC15M-26OCT042200-00,0.0160,6.79,yes
2026-10-05T01:58:12.01146Z,KXBTC15M-26OCT042200-00,0.0160,66.67,yes
2026-10-05T01:58:12.01146Z,KXBTC15M-26OCT042200-00,0.0160,5.75,yes
2026-10-05T01:58:12.043952Z,KXBTC15M-26OCT042200-00,0.0150,1.19,no
2026-10-05T01:58:12.043952Z,KXBTC15M-26OCT042200-00,0.0150,0.01,no
2026-10-05T01:58:12.043952Z,KXBTC15M-26OCT042200-00,0.0150,14.00,no
2026-10-05T01:58:12.043952Z,KXBTC15M-26OCT042200-00,0.0150,0.01,no
2026-10-05T01:58:12.152945Z,KXBTC15M-26OCT042200-00,0.0160,9.25,yes
2026-10-05T01:58:12.152945Z,KXBTC15M-26OCT042200-00,0.0160,0.01,yes
2026-10-05T01:58:12.152945Z,KXBTC15M-26OCT042200-00,0.0160,0.02,yes
2026-10-05T01:58:12.152945Z,KXBTC15M-26OCT042200-00,0.0160,85.78,yes
2026-10-05T01:58:12.152945Z,KXBTC15M-26OCT042200-00,0.0160,0.01,yes
2026-10-05T01:58:12.152945Z,KXBTC15M-26OCT042200-00,0.0160,15.00,yes
2026-10-05T01:58:12.161758Z,KXBTC15M-26OCT042200-00,0.0140,17.00,no
2026-10-05T01:58:12.161758Z,KXBTC15M-26OCT042200-00,0.0130,65.00,no
2026-10-05T01:58:12.161758Z,KXBTC15M-26OCT042200-00,0.0140,500.00,no
2026-10-05T01:58:12.161758Z,KXBTC15M-26OCT042200-00,0.0150,98.81,no
2026-10-05T01:58:12.161758Z,KXBTC15M-26OCT042200-00,0.0150,15.00,no
2026-10-05T01:58:12.161758Z,KXBTC15M-26OCT042200-00,0.0140,200.00,no
2026-10-05T01:58:12.161758Z,KXBTC15M-26OCT042200-00,0.0150,400.00,no
2026-10-05T01:58:12.161758Z,KXBTC15M-26OCT042200-00,0.0150,14.00,no
2026-10-05T01:58:12.161758Z,KXBTC15M-26OCT042200-00,0.0150,0.01,no
2026-10-05T01:58:12.161758Z,KXBTC15M-26OCT042200-00,0.0140,392.00,no
2026-10-05T01:58:12.161758Z,KXBTC15M-26OCT042200-00,0.0150,200.00,no
2026-10-05T01:58:12.161758Z,KXBTC15M-26OCT042200-00,0.0150,366.00,no
2026-10-05T01:58:12.161758Z,KXBTC15M-26OCT042200-00,0.0150,0.01,no
2026-10-05T01:58:12.161758Z,KXBTC15M-26OCT042200-00,0.0140,500.00,no
2026-10-05T01:58:12.161758Z,KXBTC15M-26OCT042200-00,0.0130,25.00,no
2026-10-05T01:58:12.161758Z,KXBTC15M-26OCT042200-00,0.0120,205.31,no
2026-10-05T01:58:12.161758Z,KXBTC15M-26OCT042200-00,0.0130,256.00,no
2026-10-05T01:58:12.161758Z,KXBTC15M-26OCT042200-00,0.0140,197.04,no
2026-10-05T01:58:12.161758Z,KXBTC15M-26OCT042200-00,0.0130,256.00,no
2026-10-05T01:58:12.161758Z,KXBTC15M-26OCT042200-00,0.0140,384.00,no
2026-10-05T01:58:12.161758Z,KXBTC15M-26OCT042200-00,0.0120,2500.00,no
2026-10-05T01:58:12.161758Z,KXBTC15M-26OCT042200-00,0.0130,256.00,no
2026-10-05T01:58:12.161758Z,KXBTC15M-26OCT042200-00,0.0140,384.00,no
2026-10-05T01:58:12.161758Z,KXBTC15M-26OCT042200-00,0.0140,384.00,no
2026-10-05T01:58:12.161758Z,KXBTC15M-26OCT042200-00,0.0130,256.00,no
2026-10-05T01:58:12.192488Z,KXBTC15M-26OCT042200-00,0.0160,5.48,yes
2026-10-05T01:58:12.192488Z,KXBTC15M-26OCT042200-00,0.0160,0.01,yes
2026-10-05T01:58:12.192488Z,KXBTC15M-26OCT042200-00,0.0160,0.01,yes
2026-10-05T01:58:12.245304Z,KXBTC15M-26OCT042200-00,0.0160,13.00,yes
2026-10-05T01:58:12.245304Z,KXBTC15M-26OCT042200-00,0.0160,102.47,yes
2026-10-05T01:58:12.245304Z,KXBTC15M-26OCT042200-00,0.0160,17.00,yes
2026-10-05T01:58:12.245304Z,KXBTC15M-26OCT042200-00,0.0160,9.52,yes
2026-10-05T01:58:12.348252Z,KXBTC15M-26OCT042200-00,0.0160,11.67,yes
2026-10-05T01:58:12.479269Z,KXBTC15M-26OCT042200-00,0.0160,2.50,yes
2026-10-05T01:58:12.483273Z,KXBTC15M-26OCT042200-00,0.0160,267.36,yes
2026-10-05T01:58:12.483273Z,KXBTC15M-26OCT042200-00,0.0160,197.04,yes
2026-10-05T01:58:12.483273Z,KXBTC15M-26OCT042200-00,0.0160,3.08,yes
2026-10-05T01:58:12.483273Z,KXBTC15M-26OCT042200-00,0.0160,256.00,yes
2026-10-05T01:58:12.506257Z,KXBTC15M-26OCT042200-00,0.0160,116.72,yes
2026-10-05T01:58:12.792496Z,KXBTC15M-26OCT042200-00,0.0160,256.00,yes
2026-10-05T01:58:12.792496Z,KXBTC15M-26OCT042200-00,0.0160,264.20,yes
2026-10-05T01:58:12.792496Z,KXBTC15M-26OCT042200-00,0.0160,79.80,yes
2026-10-05T01:58:12.795612Z,KXBTC15M-26OCT042200-00,0.0160,292.36,yes
2026-10-05T01:58:12.809394Z,KXBTC15M-26OCT042200-00,0.0160,166.79,yes
2026-10-05T01:58:12.809394Z,KXBTC15M-26OCT042200-00,0.0160,0.01,yes
2026-10-05T01:58:12.809394Z,KXBTC15M-26OCT042200-00,0.0160,137.84,yes
2026-10-05T01:58:12.978263Z,KXBTC15M-26OCT042200-00,0.0160,35.00,yes
2026-10-05T01:58:12.981102Z,KXBTC15M-26OCT042200-00,0.0160,2.04,yes
2026-10-05T01:58:12.999901Z,KXBTC15M-26OCT042200-00,0.0160,52.17,yes
2026-10-05T01:58:12.999901Z,KXBTC15M-26OCT042200-00,0.0160,0.01,yes
2026-10-05T01:58:12.999901Z,KXBTC15M-26OCT042200-00,0.0160,64.76,yes
2026-10-05T01:58:13.000475Z,KXBTC15M-26OCT042200-00,0.0150,315.79,no
2026-10-05T01:58:13.000475Z,KXBTC15M-26OCT042200-00,0.0120,17.00,no
2026-10-05T01:58:13.000475Z,KXBTC15M-26OCT042200-00,0.0150,0.01,no
2026-10-05T01:58:13.000475Z,KXBTC15M-26OCT042200-00,0.0150,15.00,no
2026-10-05T01:58:13.000475Z,KXBTC15M-26OCT042200-00,0.0150,15.00,no
2026-10-05T01:58:13.000475Z,KXBTC15M-26OCT042200-00,0.0120,458.00,no
2026-10-05T01:58:13.000475Z,KXBTC15M-26OCT042200-00,0.0150,100.00,no
2026-10-05T01:58:13.000475Z,KXBTC15M-26OCT042200-00,0.0120,71.00,no
2026-10-05T01:58:13.000475Z,KXBTC15M-26OCT042200-00,0.0150,400.00,no
2026-10-05T01:58:13.000475Z,KXBTC15M-26OCT042200-00,0.0130,14.00,no
2026-10-05T01:58:13.000475Z,KXBTC15M-26OCT042200-00,0.0150,0.01,no
2026-10-05T01:58:13.000475Z,KXBTC15M-26OCT042200-00,0.0150,15.00,no
2026-10-05T01:58:13.000475Z,KXBTC15M-26OCT042200-00,0.0130,422.00,no
2026-10-05T01:58:13.000475Z,KXBTC15M-26OCT042200-00,0.0120,500.00,no
2026-10-05T01:58:13.000475Z,KXBTC15M-26OCT042200-00,0.0120,150.00,no
2026-10-05T01:58:13.000475Z,KXBTC15M-26OCT042200-00,0.0120,330.00,no
2026-10-05T01:58:13.000475Z,KXBTC15M-26OCT042200-00,0.0120,50.69,no
2026-10-05T01:58:13.000475Z,KXBTC15M-26OCT042200-00,0.0120,256.00,no
2026-10-05T01:58:13.000475Z,KXBTC15M-26OCT042200-00,0.0110,1416.48,no
2026-10-05T01:58:13.000475Z,KXBTC15M-26OCT042200-00,0.0120,256.00,no
2026-10-05T01:58:13.000475Z,KXBTC15M-26OCT042200-00,0.0120,256.00,no
2026-10-05T01:58:13.003344Z,KXBTC15M-26OCT042200-00,0.0110,11.52,no
2026-10-05T01:58:13.142467Z,KXBTC15M-26OCT042200-00,0.0140,78.00,yes
2026-10-05T01:58:13.183443Z,KXBTC15M-26OCT042200-00,0.0130,16.46,no
2026-10-05T01:58:13.183443Z,KXBTC15M-26OCT042200-00,0.0130,0.01,no
2026-10-05T01:58:13.196468Z,KXBTC15M-26OCT042200-00,0.0140,102.28,yes
2026-10-05T01:58:13.311951Z,KXBTC15M-26OCT042200-00,0.0140,1.00,yes
2026-10-05T01:58:13.32508Z,KXBTC15M-26OCT042200-00,0.0130,0.01,no
2026-10-05T01:58:13.32508Z,KXBTC15M-26OCT042200-00,0.0130,0.01,no
2026-10-05T01:58:13.32508Z,KXBTC15M-26OCT042200-00,0.0130,200.00,no
2026-10-05T01:58:13.32508Z,KXBTC15M-26OCT042200-00,0.0130,83.54,no
2026-10-05T01:58:13.32508Z,KXBTC15M-26OCT042200-00,0.0130,400.00,no
2026-10-05T01:58:13.32508Z,KXBTC15M-26OCT042200-00,0.0120,47.00,no
2026-10-05T01:58:13.32508Z,KXBTC15M-26OCT042200-00,0.0120,15.00,no
2026-10-05T01:58:13.32508Z,KXBTC15M-26OCT042200-00,0.0120,17.00,no
2026-10-05T01:58:13.32508Z,KXBTC15M-26OCT042200-00,0.0120,200.00,no
2026-10-05T01:58:13.32508Z,KXBTC15M-26OCT042200-00,0.0110,31.03,no
2026-10-05T01:58:13.356956Z,KXBTC15M-26OCT042200-00,0.0140,58.47,yes
2026-10-05T01:58:13.461669Z,KXBTC15M-26OCT042200-00,0.0140,58.47,yes
2026-10-05T01:58:13.464374Z,KXBTC15M-26OCT042200-00,0.0140,100.50,yes
2026-10-05T01:58:13.466652Z,KXBTC15M-26OCT042200-00,0.0130,0.01,no
2026-10-05T01:58:13.466652Z,KXBTC15M-26OCT042200-00,0.0130,24.93,no
2026-10-05T01:58:13.466652Z,KXBTC15M-26OCT042200-00,0.0130,0.01,no
2026-10-05T01:58:13.507725Z,KXBTC15M-26OCT042200-00,0.0210,0.02,yes
2026-10-05T01:58:13.507725Z,KXBTC15M-26OCT042200-00,0.0180,106.91,yes
2026-10-05T01:58:13.507725Z,KXBTC15M-26OCT042200-00,0.0210,82.00,yes
2026-10-05T01:58:13.507725Z,KXBTC15M-26OCT042200-00,0.0200,2.00,yes
2026-10-05T01:58:13.507725Z,KXBTC15M-26OCT042200-00,0.0210,2.00,yes
2026-10-05T01:58:13.507725Z,KXBTC15M-26OCT042200-00,0.0200,2.00,yes
2026-10-05T01:58:13.507725Z,KXBTC15M-26OCT042200-00,0.0160,13.00,yes
2026-10-05T01:58:13.507725Z,KXBTC15M-26OCT042200-00,0.0200,0.03,yes
2026-10-05T01:58:13.507725Z,KXBTC15M-26OCT042200-00,0.0140,500.00,yes
2026-10-05T01:58:13.507725Z,KXBTC15M-26OCT042200-00,0.0210,2.00,yes
2026-10-05T01:58:13.507725Z,KXBTC15M-26OCT042200-00,0.0190,0.02,yes
2026-10-05T01:58:13.507725Z,KXBTC15M-26OCT042200-00,0.0200,50.00,yes
2026-10-05T01:58:13.507725Z,KXBTC15M-26OCT042200-00,0.0140,251.40,yes
2026-10-05T01:58:13.507725Z,KXBTC15M-26OCT042200-00,0.0180,1181.69,yes
2026-10-05T01:58:13.507725Z,KXBTC15M-26OCT042200-00,0.0180,0.03,yes
2026-10-05T01:58:13.507725Z,KXBTC15M-26OCT042200-00,0.0210,40.00,yes
2026-10-05T01:58:13.507725Z,KXBTC15M-26OCT042200-00,0.0170,0.02,yes
2026-10-05T01:58:13.507725Z,KXBTC15M-26OCT042200-00,0.0200,15.00,yes
2026-10-05T01:58:13.507725Z,KXBTC15M-26OCT042200-00,0.0200,93.75,yes
2026-10-05T01:58:13.507725Z,KXBTC15M-26OCT042200-00,0.0160,256.00,yes
2026-10-05T01:58:13.507725Z,KXBTC15M-26OCT042200-00,0.0200,64.00,yes
2026-10-05T01:58:13.507725Z,KXBTC15M-26OCT042200-00,0.0160,319.24,yes
2026-10-05T01:58:13.507725Z,KXBTC15M-26OCT042200-00,0.0210,40.00,yes
2026-10-05T01:58:13.507725Z,KXBTC15M-26OCT042200-00,0.0200,64.00,yes
2026-10-05T01:58:13.507725Z,KXBTC15M-26OCT042200-00,0.0190,2.00,yes
2026-10-05T01:58:13.507725Z,KXBTC15M-26OCT042200-00,0.0210,10.00,yes
2026-10-05T01:58:13.507725Z,KXBTC15M-26OCT042200-00,0.0160,0.02,yes
2026-10-05T01:58:13.507725Z,KXBTC15M-26OCT042200-00,0.0190,917.00,yes
2026-10-05T01:58:13.507725Z,KXBTC15M-26OCT042200-00,0.0160,205.31,yes
2026-10-05T01:58:13.507725Z,KXBTC15M-26OCT042200-00,0.0160,71.00,yes
2026-10-05T01:58:13.507725Z,KXBTC15M-26OCT042200-00,0.0140,13.00,yes
2026-10-05T01:58:13.507725Z,KXBTC15M-26OCT042200-00,0.0200,500.00,yes
2026-10-05T01:58:13.507725Z,KXBTC15M-26OCT042200-00,0.0210,9.00,yes
2026-10-05T01:58:13.507725Z,KXBTC15M-26OCT042200-00,0.0170,17.00,yes
2026-10-05T01:58:13.507725Z,KXBTC15M-26OCT042200-00,0.0140,150.00,yes
2026-10-05T01:58:13.507725Z,KXBTC15M-26OCT042200-00,0.0200,15.00,yes
2026-10-05T01:58:13.507725Z,KXBTC15M-26OCT042200-00,0.0140,0.01,yes
2026-10-05T01:58:13.507725Z,KXBTC15M-26OCT042200-00,0.0190,17.00,yes
2026-10-05T01:58:13.507725Z,KXBTC15M-26OCT042200-00,0.0140,256.00,yes
2026-10-05T01:58:13.507725Z,KXBTC15M-26OCT042200-00,0.0170,500.00,yes
2026-10-05T01:58:13.507725Z,KXBTC15M-26OCT042200-00,0.0160,62.10,yes
2026-10-05T01:58:13.507725Z,KXBTC15M-26OCT042200-00,0.0140,213.28,yes
2026-10-05T01:58:13.507725Z,KXBTC15M-26OCT042200-00,0.0140,0.03,yes
2026-10-05T01:58:13.507725Z,KXBTC15M-26OCT042200-00,0.0150,1500.00,yes
2026-10-05T01:58:13.507725Z,KXBTC15M-26OCT042200-00,0.0200,8.00,yes
2026-10-05T01:58:13.507725Z,KXBTC15M-26OCT042200-00,0.0180,15.00,yes
2026-10-05T01:58:13.507725Z,KXBTC15M-26OCT042200-00,0.0160,15.00,yes
2026-10-05T01:58:13.507725Z,KXBTC15M-26OCT042200-00,0.0140,15.00,yes
2026-10-05T01:58:13.507725Z,KXBTC15M-26OCT042200-00,0.0200,93.75,yes
2026-10-05T01:58:13.507725Z,KXBTC15M-26OCT042200-00,0.0140,200.00,yes
2026-10-05T01:58:13.507725Z,KXBTC15M-26OCT042200-00,0.0140,15.00,yes
2026-10-05T01:58:13.507725Z,KXBTC15M-26OCT042200-00,0.0140,162.00,yes
2026-10-05T01:58:13.507725Z,KXBTC15M-26OCT042200-00,0.0150,200.00,yes
2026-10-05T01:58:13.507725Z,KXBTC15M-26OCT042200-00,0.0200,15.00,yes
2026-10-05T01:58:13.507725Z,KXBTC15M-26OCT042200-00,0.0140,0.01,yes
2026-10-05T01:58:13.507725Z,KXBTC15M-26OCT042200-00,0.0210,22.11,yes
2026-10-05T01:58:13.507725Z,KXBTC15M-26OCT042200-00,0.0160,215.00,yes
2026-10-05T01:58:13.507725Z,KXBTC15M-26OCT042200-00,0.0160,256.00,yes
2026-10-05T01:58:13.507725Z,KXBTC15M-26OCT042200-00,0.0160,50.69,yes
2026-10-05T01:58:13.507725Z,KXBTC15M-26OCT042200-00,0.0180,82.00,yes
2026-10-05T01:58:13.507725Z,KXBTC15M-26OCT042200-00,0.0160,256.00,yes
2026-10-05T01:58:13.507725Z,KXBTC15M-26OCT042200-00,0.0150,0.03,yes
2026-10-05T01:58:13.507725Z,KXBTC15M-26OCT042200-00,0.0180,10.00,yes
2026-10-05T01:58:13.507725Z,KXBTC15M-26OCT042200-00,0.0200,10.00,yes
2026-10-05T01:58:13.521237Z,KXBTC15M-26OCT042200-00,0.0190,1000.00,no
2026-10-05T01:58:13.533874Z,KXBTC15M-26OCT042200-00,0.0190,46.07,no
2026-10-05T01:58:13.576705Z,KXBTC15M-26OCT042200-00,0.0190,453.93,no
2026-10-05T01:58:13.576705Z,KXBTC15M-26OCT042200-00,0.0190,0.01,no
2026-10-05T01:58:13.576705Z,KXBTC15M-26OCT042200-00,0.0190,0.01,no
2026-10-05T01:58:13.576705Z,KXBTC15M-26OCT042200-00,0.0190,15.00,no
2026-10-05T01:58:13.717236Z,KXBTC15M-26OCT042200-00,0.0180,7.00,yes
2026-10-05T01:58:13.738669Z,KXBTC15M-26OCT042200-00,0.0170,500.00,no
2026-10-05T01:58:13.738669Z,KXBTC15M-26OCT042200-00,0.0170,0.01,no
2026-10-05T01:58:13.738669Z,KXBTC15M-26OCT042200-00,0.0160,6.10,no
2026-10-05T01:58:13.738669Z,KXBTC15M-26OCT042200-00,0.0170,0.01,no
2026-10-05T01:58:13.74434Z,KXBTC15M-26OCT042200-00,0.0160,162.96,no
2026-10-05T01:58:13.846276Z,KXBTC15M-26OCT042200-00,0.0170,0.64,yes
2026-10-05T01:58:13.931523Z,KXBTC15M-26OCT042200-00,0.0160,26.05,no
2026-10-05T01:58:13.970735Z,KXBTC15M-26OCT042200-00,0.0160,53.63,no
2026-10-05T01:58:14.035552Z,KXBTC15M-26OCT042200-00,0.0160,15.00,no
2026-10-05T01:58:14.036289Z,KXBTC15M-26OCT042200-00,0.0160,163.74,no
2026-10-05T01:58:14.036289Z,KXBTC15M-26OCT042200-00,0.0160,236.26,no
2026-10-05T01:58:14.045658Z,KXBTC15M-26OCT042200-00,0.0160,15.00,no
2026-10-05T01:58:14.052522Z,KXBTC15M-26OCT042200-00,0.0160,15.00,no
2026-10-05T01:58:14.059798Z,KXBTC15M-26OCT042200-00,0.0160,6.26,no
2026-10-05T01:58:14.059798Z,KXBTC15M-26OCT042200-00,0.0160,0.01,no
2026-10-05T01:58:14.059798Z,KXBTC15M-26OCT042200-00,0.0160,0.01,no
2026-10-05T01:58:14.059798Z,KXBTC15M-26OCT042200-00,0.0160,8.72,no
2026-10-05T01:58:14.066316Z,KXBTC15M-26OCT042200-00,0.0160,15.00,no
2026-10-05T01:58:14.072771Z,KXBTC15M-26OCT042200-00,0.0160,15.00,no
2026-10-05T01:58:14.080706Z,KXBTC15M-26OCT042200-00,0.0160,15.00,no
2026-10-05T01:58:14.086128Z,KXBTC15M-26OCT042200-00,0.0160,15.00,no
2026-10-05T01:58:14.092106Z,KXBTC15M-26OCT042200-00,0.0160,15.00,no
2026-10-05T01:58:14.111223Z,KXBTC15M-26OCT042200-00,0.0160,200.00,no
2026-10-05T01:58:14.111223Z,KXBTC15M-26OCT042200-00,0.0160,0.01,no
2026-10-05T01:58:14.111223Z,KXBTC15M-26OCT042200-00,0.0160,0.01,no
2026-10-05T01:58:14.111223Z,KXBTC15M-26OCT042200-00,0.0160,15.00,no
2026-10-05T01:58:14.111223Z,KXBTC15M-26OCT042200-00,0.0160,119.88,no
2026-10-05T01:58:14.115707Z,KXBTC15M-26OCT042200-00,0.0150,15.00,no
2026-10-05T01:58:14.120551Z,KXBTC15M-26OCT042200-00,0.0150,0.01,no
2026-10-05T01:58:14.120551Z,KXBTC15M-26OCT042200-00,0.0150,0.01,no
2026-10-05T01:58:14.120551Z,KXBTC15M-26OCT042200-00,0.0150,135.00,no
2026-10-05T01:58:14.125795Z,KXBTC15M-26OCT042200-00,0.0140,100.00,no
2026-10-05T01:58:14.19875Z,KXBTC15M-26OCT042200-00,0.0140,10.00,no
2026-10-05T01:58:14.19875Z,KXBTC15M-26OCT042200-00,0.0140,2.00,no
2026-10-05T01:58:14.19875Z,KXBTC15M-26OCT042200-00,0.0140,2.00,no
2026-10-05T01:58:14.212944Z,KXBTC15M-26OCT042200-00,0.0140,15.00,no
2026-10-05T01:58:14.212944Z,KXBTC15M-26OCT042200-00,0.0140,5.00,no
2026-10-05T01:58:14.212944Z,KXBTC15M-26OCT042200-00,0.0140,3.90,no
2026-10-05T01:58:14.217784Z,KXBTC15M-26OCT042200-00,0.0140,0.02,no
2026-10-05T01:58:14.219947Z,KXBTC15M-26OCT042200-00,0.0140,11.00,no
2026-10-05T01:58:14.220625Z,KXBTC15M-26OCT042200-00,0.0140,0.01,no
2026-10-05T01:58:14.220625Z,KXBTC15M-26OCT042200-00,0.0130,1.90,no
2026-10-05T01:58:14.220625Z,KXBTC15M-26OCT042200-00,0.0140,0.01,no
2026-10-05T01:58:14.220625Z,KXBTC15M-26OCT042200-00,0.0130,15.00,no
2026-10-05T01:58:14.220625Z,KXBTC15M-26OCT042200-00,0.0130,15.00,no
2026-10-05T01:58:14.220625Z,KXBTC15M-26OCT042200-00,0.0140,0.08,no
2026-10-05T01:58:14.220625Z,KXBTC15M-26OCT042200-00,0.0130,422.00,no
2026-10-05T01:58:14.222643Z,KXBTC15M-26OCT042200-00,0.0120,0.02,no
2026-10-05T01:58:14.238397Z,KXBTC15M-26OCT042200-00,0.0120,0.02,no
2026-10-05T01:58:14.274604Z,KXBTC15M-26OCT042200-00,0.0120,72.07,no
2026-10-05T01:58:14.310746Z,KXBTC15M-26OCT042200-00,0.0140,100.00,yes
2026-10-05T01:58:14.310746Z,KXBTC15M-26OCT042200-00,0.0140,400.00,yes
2026-10-05T01:58:14.310746Z,KXBTC15M-26OCT042200-00,0.0160,31.96,yes
2026-10-05T01:58:14.310746Z,KXBTC15M-26OCT042200-00,0.0150,12.00,yes
2026-10-05T01:58:14.310746Z,KXBTC15M-26OCT042200-00,0.0150,99.00,yes
2026-10-05T01:58:14.310746Z,KXBTC15M-26OCT042200-00,0.0140,0.01,yes
2026-10-05T01:58:14.310746Z,KXBTC15M-26OCT042200-00,0.0140,15.00,yes
2026-10-05T01:58:14.310746Z,KXBTC15M-26OCT042200-00,0.0140,0.01,yes
2026-10-05T01:58:14.310746Z,KXBTC15M-26OCT042200-00,0.0150,0.01,yes
2026-10-05T01:58:14.310746Z,KXBTC15M-26OCT042200-00,0.0150,372.00,yes
2026-10-05T01:58:14.310746Z,KXBTC15M-26OCT042200-00,0.0150,0.01,yes
2026-10-05T01:58:14.310746Z,KXBTC15M-26OCT042200-00,0.0140,86.00,yes
2026-10-05T01:58:14.310746Z,KXBTC15M-26OCT042200-00,0.0150,200.00,yes
2026-10-05T01:58:14.310746Z,KXBTC15M-26OCT042200-00,0.0150,11.00,yes
2026-10-05T01:58:14.310746Z,KXBTC15M-26OCT042200-00,0.0140,500.00,yes
2026-10-05T01:58:14.341827Z,KXBTC15M-26OCT042200-00,0.0130,1.76,no
2026-10-05T01:58:14.368535Z,KXBTC15M-26OCT042200-00,0.0130,0.01,no
2026-10-05T01:58:14.368535Z,KXBTC15M-26OCT042200-00,0.0120,0.01,no
2026-10-05T01:58:14.368535Z,KXBTC15M-26OCT042200-00,0.0130,13.24,no
2026-10-05T01:58:14.368535Z,KXBTC15M-26OCT042200-00,0.0130,0.01,no
2026-10-05T01:58:14.368535Z,KXBTC15M-26OCT042200-00,0.0120,427.89,no
2026-10-05T01:58:14.368535Z,KXBTC15M-26OCT042200-00,0.0130,14.00,no
2026-10-05T01:58:14.368535Z,KXBTC15M-26OCT042200-00,0.0110,1040.97,no
2026-10-05T01:58:14.368535Z,KXBTC15M-26OCT042200-00,0.0110,512.00,no
2026-10-05T01:58:14.368535Z,KXBTC15M-26OCT042200-00,0.0110,473.87,no
2026-10-05T01:58:14.368535Z,KXBTC15M-26OCT042200-00,0.0110,512.00,no
2026-10-05T01:58:14.370672Z,KXBTC15M-26OCT042200-00,0.0110,1.01,no
2026-10-05T01:58:14.380042Z,KXBTC15M-26OCT042200-00,0.0140,0.01,yes
2026-10-05T01:58:14.380042Z,KXBTC15M-26OCT042200-00,0.0140,15.00,yes
2026-10-05T01:58:14.380042Z,KXBTC15M-26OCT042200-00,0.0140,100.00,yes
2026-10-05T01:58:14.380042Z,KXBTC15M-26OCT042200-00,0.0140,0.01,yes
2026-10-05T01:58:14.380042Z,KXBTC15M-26OCT042200-00,0.0140,9.57,yes
2026-10-05T01:58:14.380042Z,KXBTC15M-26OCT042200-00,0.0140,400.00,yes
2026-10-05T01:58:14.473922Z,KXBTC15M-26OCT042200-00,0.0130,0.01,no
2026-10-05T01:58:14.473922Z,KXBTC15M-26OCT042200-00,0.0130,15.00,no
2026-10-05T01:58:14.473922Z,KXBTC15M-26OCT042200-00,0.0130,0.01,no
2026-10-05T01:58:14.473922Z,KXBTC15M-26OCT042200-00,0.0110,37.12,no
2026-10-05T01:58:14.473922Z,KXBTC15M-26OCT042200-00,0.0110,284.80,no
2026-10-05T01:58:14.473922Z,KXBTC15M-26OCT042200-00,0.0110,89.09,no
2026-10-05T01:58:14.481017Z,KXBTC15M-26OCT042200-00,0.0140,103.96,yes
2026-10-05T01:58:14.489589Z,KXBTC15M-26OCT042200-00,0.0110,279.80,no
2026-10-05T01:58:14.489589Z,KXBTC15M-26OCT042200-00,0.0110,65.00,no
2026-10-05T01:58:14.489589Z,KXBTC15M-26OCT042200-00,0.0110,150.00,no
2026-10-05T01:58:14.489589Z,KXBTC15M-26OCT042200-00,0.0110,352.00,no
2026-10-05T01:58:14.489589Z,KXBTC15M-26OCT042200-00,0.0110,15.20,no
2026-10-05T01:58:14.489589Z,KXBTC15M-26OCT042200-00,0.0110,100.00,no
2026-10-05T01:58:14.489589Z,KXBTC15M-26OCT042200-00,0.0110,10.00,no
2026-10-05T01:58:14.489589Z,KXBTC15M-26OCT042200-00,0.0110,1.00,no
2026-10-05T01:58:14.489589Z,KXBTC15M-26OCT042200-00,0.0110,2.00,no
2026-10-05T01:58:14.489589Z,KXBTC15M-26OCT042200-00,0.0110,2.00,no
2026-10-05T01:58:14.489589Z,KXBTC15M-26OCT042200-00,0.0110,1.00,no
2026-10-05T01:58:14.489589Z,KXBTC15M-26OCT042200-00,0.0110,20.00,no
2026-10-05T01:58:14.489589Z,KXBTC15M-26OCT042200-00,0.0110,1.00,no
2026-10-05T01:58:14.489589Z,KXBTC15M-26OCT042200-00,0.0110,1.00,no
2026-10-05T01:58:14.495249Z,KXBTC15M-26OCT042200-00,0.0140,275.18,yes
2026-10-05T01:58:14.507384Z,KXBTC15M-26OCT042200-00,0.0110,0.01,no
2026-10-05T01:58:14.507384Z,KXBTC15M-26OCT042200-00,0.0110,0.01,no
2026-10-05T01:58:14.507384Z,KXBTC15M-26OCT042200-00,0.0110,17.00,no
2026-10-05T01:58:14.507384Z,KXBTC15M-26OCT042200-00,0.0100,0.40,no
2026-10-05T01:58:14.507384Z,KXBTC15M-26OCT042200-00,0.0100,6.00,no
2026-10-05T01:58:14.550607Z,KXBTC15M-26OCT042200-00,0.0110,17.00,no
2026-10-05T01:58:14.550607Z,KXBTC15M-26OCT042200-00,0.0110,0.01,no
2026-10-05T01:58:14.550607Z,KXBTC15M-26OCT042200-00,0.0110,0.01,no
2026-10-05T01:58:14.550607Z,KXBTC15M-26OCT042200-00,0.0110,15.00,no
2026-10-05T01:58:14.550607Z,KXBTC15M-26OCT042200-00,0.0100,19.13,no
2026-10-05T01:58:14.550607Z,KXBTC15M-26OCT042200-00,0.0100,0.96,no
2026-10-05T01:58:14.550607Z,KXBTC15M-26OCT042200-00,0.0100,0.41,no
2026-10-05T01:58:14.550607Z,KXBTC15M-26OCT042200-00,0.0100,4.69,no
2026-10-05T01:58:14.550607Z,KXBTC15M-26OCT042200-00,0.0100,31.70,no
2026-10-05T01:58:14.550607Z,KXBTC15M-26OCT042200-00,0.0100,16.05,no
2026-10-05T01:58:14.550607Z,KXBTC15M-26OCT042200-00,0.0100,13.10,no
2026-10-05T01:58:14.550607Z,KXBTC15M-26OCT042200-00,0.0100,230.00,no
2026-10-05T01:58:14.550607Z,KXBTC15M-26OCT042200-00,0.0100,39.24,no
2026-10-05T01:58:14.550607Z,KXBTC15M-26OCT042200-00,0.0100,58.21,no
2026-10-05T01:58:14.550607Z,KXBTC15M-26OCT042200-00,0.0100,0.73,no
2026-10-05T01:58:14.550607Z,KXBTC15M-26OCT042200-00,0.0100,21.43,no
2026-10-05T01:58:14.550607Z,KXBTC15M-26OCT042200-00,0.0100,5.58,no
2026-10-05T01:58:14.550607Z,KXBTC15M-26OCT042200-00,0.0100,11.51,no
2026-10-05T01:58:14.550607Z,KXBTC15M-26OCT042200-00,0.0100,0.16,no
2026-10-05T01:58:14.550607Z,KXBTC15M-26OCT042200-00,0.0100,118.44,no
2026-10-05T01:58:14.550607Z,KXBTC15M-26OCT042200-00,0.0100,23.28,no
2026-10-05T01:58:14.550607Z,KXBTC15M-26OCT042200-00,0.0100,19.00,no
2026-10-05T01:58:14.550607Z,KXBTC15M-26OCT042200-00,0.0100,1.93,no
2026-10-05T01:58:14.550607Z,KXBTC15M-26OCT042200-00,0.0100,18.59,no
2026-10-05T01:58:14.550607Z,KXBTC15M-26OCT042200-00,0.0100,4.64,no
2026-10-05T01:58:14.550607Z,KXBTC15M-26OCT042200-00,0.0100,43.95,no
2026-10-05T01:58:14.550607Z,KXBTC15M-26OCT042200-00,0.0100,8.94,no
2026-10-05T01:58:14.550607Z,KXBTC15M-26OCT042200-00,0.0100,15.24,no
2026-10-05T01:58:14.550607Z,KXBTC15M-26OCT042200-00,0.0100,5.05,no
2026-10-05T01:58:14.550607Z,KXBTC15M-26OCT042200-00,0.0100,0.12,no
2026-10-05T01:58:14.550607Z,KXBTC15M-26OCT042200-00,0.0100,1.26,no
2026-10-05T01:58:14.550607Z,KXBTC15M-26OCT042200-00,0.0100,1.27,no
2026-10-05T01:58:14.550607Z,KXBTC15M-26OCT042200-00,0.0100,12.62,no
2026-10-05T01:58:14.550607Z,KXBTC15M-26OCT042200-00,0.0100,6.31,no
2026-10-05T01:58:14.550607Z,KXBTC15M-26OCT042200-00,0.0100,12.29,no
2026-10-05T01:58:14.550607Z,KXBTC15M-26OCT042200-00,0.0100,100.00,no
2026-10-05T01:58:14.550607Z,KXBTC15M-26OCT042200-00,0.0100,150.00,no
2026-10-05T01:58:14.550607Z,KXBTC15M-26OCT042200-00,0.0100,4.79,no
2026-10-05T01:58:14.550607Z,KXBTC15M-26OCT042200-00,0.0100,1.60,no
2026-10-05T01:58:14.550607Z,KXBTC15M-26OCT042200-00,0.0100,0.49,no
2026-10-05T01:58:14.550607Z,KXBTC15M-26OCT042200-00,0.0100,32.03,no
2026-10-05T01:58:14.550607Z,KXBTC15M-26OCT042200-00,0.0100,11.18,no
2026-10-05T01:58:14.550607Z,KXBTC15M-26OCT042200-00,0.0100,352.00,no
2026-10-05T01:58:14.550607Z,KXBTC15M-26OCT042200-00,0.0100,80.00,no
2026-10-05T01:58:14.550607Z,KXBTC15M-26OCT042200-00,0.0100,1.00,no
2026-10-05T01:58:14.550607Z,KXBTC15M-26OCT042200-00,0.0100,512.00,no
2026-10-05T01:58:14.550607Z,KXBTC15M-26OCT042200-00,0.0100,73.00,no
2026-10-05T01:58:14.550607Z,KXBTC15M-26OCT042200-00,0.0100,512.00,no
2026-10-05T01:58:14.550607Z,KXBTC15M-26OCT042200-00,0.0100,150.00,no
2026-10-05T01:58:14.550607Z,KXBTC15M-26OCT042200-00,0.0100,512.00,no
2026-10-05T01:58:14.550607Z,KXBTC15M-26OCT042200-00,0.0100,326.60,no
2026-10-05T01:58:14.550607Z,KXBTC15M-26OCT042200-00,0.0100,98.00,no
2026-10-05T01:58:14.550607Z,KXBTC15M-26OCT042200-00,0.0100,2.18,no
2026-10-05T01:58:14.550607Z,KXBTC15M-26OCT042200-00,0.0100,2.00,no
2026-10-05T01:58:14.550607Z,KXBTC15M-26OCT042200-00,0.0100,28.98,no
2026-10-05T01:58:14.550607Z,KXBTC15M-26OCT042200-00,0.0100,200.00,no
2026-10-05T01:58:14.550607Z,KXBTC15M-26OCT042200-00,0.0100,200.00,no
2026-10-05T01:58:14.550607Z,KXBTC15M-26OCT042200-00,0.0100,1.00,no
2026-10-05T01:58:14.550607Z,KXBTC15M-26OCT042200-00,0.0100,1.00,no
2026-10-05T01:58:14.550607Z,KXBTC15M-26OCT042200-00,0.0100,1.00,no
2026-10-05T01:58:14.550607Z,KXBTC15M-26OCT042200-00,0.0100,25.00,no
2026-10-05T01:58:14.550607Z,KXBTC15M-26OCT042200-00,0.0100,22.36,no
2026-10-05T01:58:14.550607Z,KXBTC15M-26OCT042200-00,0.0100,18.26,no
2026-10-05T01:58:14.550607Z,KXBTC15M-26OCT042200-00,0.0100,20.00,no
2026-10-05T01:58:14.550607Z,KXBTC15M-26OCT042200-00,0.0100,9.47,no
2026-10-05T01:58:14.550607Z,KXBTC15M-26OCT042200-00,0.0100,15.44,no
2026-10-05T01:58:14.550607Z,KXBTC15M-26OCT042200-00,0.0100,1.86,no
2026-10-05T01:58:14.550607Z,KXBTC15M-26OCT042200-00,0.0100,94.78,no
2026-10-05T01:58:14.550607Z,KXBTC15M-26OCT042200-00,0.0100,100.50,no
2026-10-05T01:58:14.550607Z,KXBTC15M-26OCT042200-00,0.0100,1.86,no
2026-10-05T01:58:14.550607Z,KXBTC15M-26OCT042200-00,0.0100,9.30,no
2026-10-05T01:58:14.550607Z,KXBTC15M-26OCT042200-00,0.0100,0.47,no
2026-10-05T01:58:14.572481Z,KXBTC15M-26OCT042200-00,0.0120,15.00,yes
2026-10-05T01:58:14.572481Z,KXBTC15M-26OCT042200-00,0.0120,0.01,yes
2026-10-05T01:58:14.572481Z,KXBTC15M-26OCT042200-00,0.0120,400.00,yes
2026-10-05T01:58:14.572481Z,KXBTC15M-26OCT042200-00,0.0120,0.01,yes
2026-10-05T01:58:14.572481Z,KXBTC15M-26OCT042200-00,0.0120,352.00,yes
2026-10-05T01:58:14.572481Z,KXBTC15M-26OCT042200-00,0.0120,100.00,yes
2026-10-05T01:58:14.572481Z,KXBTC15M-26OCT042200-00,0.0120,95.86,yes
2026-10-05T01:58:14.572481Z,KXBTC15M-26OCT042200-00,0.0120,37.12,yes
2026-10-05T01:58:14.587108Z,KXBTC15M-26OCT042200-00,0.0120,256.14,yes
2026-10-05T01:58:14.587108Z,KXBTC15M-26OCT042200-00,0.0120,100.00,yes
2026-10-05T01:58:14.587108Z,KXBTC15M-26OCT042200-00,0.0120,512.00,yes
2026-10-05T01:58:14.587108Z,KXBTC15M-26OCT042200-00,0.0120,0.01,yes
2026-10-05T01:58:14.587108Z,KXBTC15M-26OCT042200-00,0.0120,15.00,yes
2026-10-05T01:58:14.587108Z,KXBTC15M-26OCT042200-00,0.0120,0.01,yes
2026-10-05T01:58:14.594183Z,KXBTC15M-26OCT042200-00,0.0100,10.00,no
2026-10-05T01:58:14.594183Z,KXBTC15M-26OCT042200-00,0.0110,17.00,no
2026-10-05T01:58:14.594183Z,KXBTC15M-26OCT042200-00,0.0110,0.01,no
2026-10-05T01:58:14.594183Z,KXBTC15M-26OCT042200-00,0.0100,2.00,no
2026-10-05T01:58:14.594183Z,KXBTC15M-26OCT042200-00,0.0100,93.75,no
2026-10-05T01:58:14.594183Z,KXBTC15M-26OCT042200-00,0.0100,0.01,no
2026-10-05T01:58:14.594183Z,KXBTC15M-26OCT042200-00,0.0120,150.00,no
2026-10-05T01:58:14.594183Z,KXBTC15M-26OCT042200-00,0.0100,0.01,no
2026-10-05T01:58:14.594183Z,KXBTC15M-26OCT042200-00,0.0120,0.01,no
2026-10-05T01:58:14.594183Z,KXBTC15M-26OCT042200-00,0.0110,0.01,no
2026-10-05T01:58:14.594183Z,KXBTC15M-26OCT042200-00,0.0100,15.00,no
2026-10-05T01:58:14.594183Z,KXBTC15M-26OCT042200-00,0.0100,200.00,no
2026-10-05T01:58:14.594183Z,KXBTC15M-26OCT042200-00,0.0100,93.75,no
2026-10-05T01:58:14.594183Z,KXBTC15M-26OCT042200-00,0.0100,1.03,no
2026-10-05T01:58:14.594183Z,KXBTC15M-26OCT042200-00,0.0100,1.00,no
2026-10-05T01:58:14.594183Z,KXBTC15M-26OCT042200-00,0.0100,42.38,no
2026-10-05T01:58:14.594183Z,KXBTC15M-26OCT042200-00,0.0100,143.00,no
2026-10-05T01:58:14.594183Z,KXBTC15M-26OCT042200-00,0.0100,1.00,no
2026-10-05T01:58:14.594183Z,KXBTC15M-26OCT042200-00,0.0100,41.59,no
2026-10-05T01:58:14.594183Z,KXBTC15M-26OCT042200-00,0.0100,1.00,no
2026-10-05T01:58:14.594183Z,KXBTC15M-26OCT042200-00,0.0100,80.04,no
2026-10-05T01:58:14.594183Z,KXBTC15M-26OCT042200-00,0.0100,1.02,no
2026-10-05T01:58:14.594183Z,KXBTC15M-26OCT042200-00,0.0100,2.52,no
2026-10-05T01:58:14.594183Z,KXBTC15M-26OCT042200-00,0.0100,0.85,no
2026-10-05T01:58:14.594183Z,KXBTC15M-26OCT042200-00,0.0100,2.27,no
2026-10-05T01:58:14.594183Z,KXBTC15M-26OCT042200-00,0.0100,1.00,no
2026-10-05T01:58:14.594183Z,KXBTC15M-26OCT042200-00,0.0100,10.00,no
2026-10-05T01:58:14.594183Z,KXBTC15M-26OCT042200-00,0.0100,1.00,no
2026-10-05T01:58:14.594183Z,KXBTC15M-26OCT042200-00,0.0100,200.00,no
2026-10-05T01:58:14.594183Z,KXBTC15M-26OCT042200-00,0.0100,1.10,no
2026-10-05T01:58:14.594183Z,KXBTC15M-26OCT042200-00,0.0100,1.00,no
2026-10-05T01:58:14.594183Z,KXBTC15M-26OCT042200-00,0.0100,757.56,no
2026-10-05T01:58:14.594183Z,KXBTC15M-26OCT042200-00,0.0100,55.00,no
2026-10-05T01:58:14.594183Z,KXBTC15M-26OCT042200-00,0.0100,1.79,no
2026-10-05T01:58:14.594183Z,KXBTC15M-26OCT042200-00,0.0100,31.18,no
2026-10-05T01:58:14.594183Z,KXBTC15M-26OCT042200-00,0.0100,2.24,no
2026-10-05T01:58:14.594183Z,KXBTC15M-26OCT042200-00,0.0100,119.69,no
2026-10-05T01:58:14.594183Z,KXBTC15M-26OCT042200-00,0.0100,2.32,no
2026-10-05T01:58:14.594183Z,KXBTC15M-26OCT042200-00,0.0100,11.64,no
2026-10-05T01:58:14.594183Z,KXBTC15M-26OCT042200-00,0.0100,1.16,no
2026-10-05T01:58:14.594183Z,KXBTC15M-26OCT042200-00,0.0100,1.21,no
2026-10-05T01:58:14.594183Z,KXBTC15M-26OCT042200-00,0.0100,6.09,no
2026-10-05T01:58:14.594183Z,KXBTC15M-26OCT042200-00,0.0100,20.33,no
2026-10-05T01:58:14.594183Z,KXBTC15M-26OCT042200-00,0.0100,85.28,no
2026-10-05T01:58:14.594183Z,KXBTC15M-26OCT042200-00,0.0100,7.21,no
2026-10-05T01:58:14.594183Z,KXBTC15M-26OCT042200-00,0.0100,2.35,no
2026-10-05T01:58:14.594183Z,KXBTC15M-26OCT042200-00,0.0100,22.36,no
2026-10-05T01:58:14.594183Z,KXBTC15M-26OCT042200-00,0.0100,2.32,no
2026-10-05T01:58:14.594183Z,KXBTC15M-26OCT042200-00,0.0100,5.58,no
2026-10-05T01:58:14.594183Z,KXBTC15M-26OCT042200-00,0.0100,11.77,no
2026-10-05T01:58:14.594183Z,KXBTC15M-26OCT042200-00,0.0100,1.00,no
2026-10-05T01:58:14.594183Z,KXBTC15M-26OCT042200-00,0.0100,70.63,no
2026-10-05T01:58:14.594183Z,KXBTC15M-26OCT042200-00,0.0100,30.10,no
2026-10-05T01:58:14.594183Z,KXBTC15M-26OCT042200-00,0.0100,28.84,no
2026-10-05T01:58:14.594183Z,KXBTC15M-26OCT042200-00,0.0100,2.91,no
2026-10-05T01:58:14.655543Z,KXBTC15M-26OCT042200-00,0.0130,0.40,yes
2026-10-05T01:58:14.655543Z,KXBTC15M-26OCT042200-00,0.0130,52.42,yes
2026-10-05T01:58:14.655543Z,KXBTC15M-26OCT042200-00,0.0130,14.00,yes
2026-10-05T01:58:14.668791Z,KXBTC15M-26OCT042200-00,0.0120,0.01,no
2026-10-05T01:58:14.668791Z,KXBTC15M-26OCT042200-00,0.0120,0.01,no
2026-10-05T01:58:14.781843Z,KXBTC15M-26OCT042200-00,0.0080,1.00,no
2026-10-05T01:58:14.781843Z,KXBTC15M-26OCT042200-00,0.0090,2.00,no
2026-10-05T01:58:14.781843Z,KXBTC15M-26OCT042200-00,0.0110,0.01,no
2026-10-05T01:58:14.781843Z,KXBTC15M-26OCT042200-00,0.0100,200.00,no
2026-10-05T01:58:14.781843Z,KXBTC15M-26OCT042200-00,0.0090,200.00,no
2026-10-05T01:58:14.781843Z,KXBTC15M-26OCT042200-00,0.0100,61.00,no
2026-10-05T01:58:14.781843Z,KXBTC15M-26OCT042200-00,0.0080,2.00,no
2026-10-05T01:58:14.781843Z,KXBTC15M-26OCT042200-00,0.0080,17.00,no
2026-10-05T01:58:14.781843Z,KXBTC15M-26OCT042200-00,0.0100,25.00,no
2026-10-05T01:58:14.781843Z,KXBTC15M-26OCT042200-00,0.0110,0.01,no
2026-10-05T01:58:14.781843Z,KXBTC15M-26OCT042200-00,0.0090,610.00,no
2026-10-05T01:58:14.781843Z,KXBTC15M-26OCT042200-00,0.0110,15.00,no
2026-10-05T01:58:14.781843Z,KXBTC15M-26OCT042200-00,0.0080,2.00,no
2026-10-05T01:58:14.781843Z,KXBTC15M-26OCT042200-00,0.0080,1000.00,no
2026-10-05T01:58:14.781843Z,KXBTC15M-26OCT042200-00,0.0080,8.00,no
2026-10-05T01:58:14.781843Z,KXBTC15M-26OCT042200-00,0.0090,120.00,no
2026-10-05T01:58:14.781843Z,KXBTC15M-26OCT042200-00,0.0070,1280.00,no
2026-10-05T01:58:14.781843Z,KXBTC15M-26OCT042200-00,0.0070,1280.00,no
2026-10-05T01:58:14.781843Z,KXBTC15M-26OCT042200-00,0.0070,156.98,no
2026-10-05T01:58:14.781843Z,KXBTC15M-26OCT042200-00,0.0080,120.00,no
2026-10-05T01:58:14.834185Z,KXBTC15M-26OCT042200-00,0.0110,120.00,yes
2026-10-05T01:58:14.834185Z,KXBTC15M-26OCT042200-00,0.0110,72.64,yes
2026-10-05T01:58:14.918844Z,KXBTC15M-26OCT042200-00,0.0100,0.01,no
2026-10-05T01:58:14.918844Z,KXBTC15M-26OCT042200-00,0.0100,2.22,no
2026-10-05T01:58:14.918844Z,KXBTC15M-26OCT042200-00,0.0100,0.01,no
2026-10-05T01:58:14.998081Z,KXBTC15M-26OCT042200-00,0.0110,0.01,yes
2026-10-05T01:58:14.998081Z,KXBTC15M-26OCT042200-00,0.0110,62.69,yes
2026-10-05T01:58:14.998081Z,KXBTC15M-26OCT042200-00,0.0110,47.36,yes
2026-10-05T01:58:14.998081Z,KXBTC15M-26OCT042200-00,0.0110,0.01,yes
2026-10-05T01:58:15.00368Z,KXBTC15M-26OCT042200-00,0.0100,43.00,no
2026-10-05T01:58:15.00368Z,KXBTC15M-26OCT042200-00,0.0100,0.01,no
2026-10-05T01:58:15.00368Z,KXBTC15M-26OCT042200-00,0.0090,0.01,no
2026-10-05T01:58:15.00368Z,KXBTC15M-26OCT042200-00,0.0100,50.00,no
2026-10-05T01:58:15.00368Z,KXBTC15M-26OCT042200-00,0.0100,0.01,no
2026-10-05T01:58:15.067758Z,KXBTC15M-26OCT042200-00,0.0070,6.00,no
2026-10-05T01:58:15.08217Z,KXBTC15M-26OCT042200-00,0.0070,10.00,no
2026-10-05T01:58:15.100405Z,KXBTC15M-26OCT042200-00,0.0070,33.00,no
2026-10-05T01:58:15.103612Z,KXBTC15M-26OCT042200-00,0.0080,15.00,yes
2026-10-05T01:58:15.103612Z,KXBTC15M-26OCT042200-00,0.0090,47.92,yes
2026-10-05T01:58:15.103612Z,KXBTC15M-26OCT042200-00,0.0080,15.00,yes
2026-10-05T01:58:15.103612Z,KXBTC15M-26OCT042200-00,0.0080,0.01,yes
2026-10-05T01:58:15.103612Z,KXBTC15M-26OCT042200-00,0.0080,0.01,yes
2026-10-05T01:58:15.11326Z,KXBTC15M-26OCT042200-00,0.0090,0.01,yes
2026-10-05T01:58:15.11326Z,KXBTC15M-26OCT042200-00,0.0090,278.37,yes
2026-10-05T01:58:15.11326Z,KXBTC15M-26OCT042200-00,0.0090,0.01,yes
2026-10-05T01:58:15.11326Z,KXBTC15M-26OCT042200-00,0.0090,111.32,yes
2026-10-05T01:58:15.119623Z,KXBTC15M-26OCT042200-00,0.0080,33.00,no
2026-10-05T01:58:15.135818Z,KXBTC15M-26OCT042200-00,0.0080,10.89,no
2026-10-05T01:58:15.191735Z,KXBTC15M-26OCT042200-00,0.0090,7.26,yes
2026-10-05T01:58:15.230665Z,KXBTC15M-26OCT042200-00,0.0090,70.00,yes
2026-10-05T01:58:15.240464Z,KXBTC15M-26OCT042200-00,0.0090,0.01,yes
2026-10-05T01:58:15.240464Z,KXBTC15M-26OCT042200-00,0.0090,4.98,yes
2026-10-05T01:58:15.240464Z,KXBTC15M-26OCT042200-00,0.0090,0.01,yes
2026-10-05T01:58:15.254613Z,KXBTC15M-26OCT042200-00,0.0080,0.01,no
2026-10-05T01:58:15.254613Z,KXBTC15M-26OCT042200-00,0.0080,40.41,no
2026-10-05T01:58:15.254613Z,KXBTC15M-26OCT042200-00,0.0080,106.11,no
2026-10-05T01:58:15.254613Z,KXBTC15M-26OCT042200-00,0.0080,100.00,no
2026-10-05T01:58:15.254613Z,KXBTC15M-26OCT042200-00,0.0080,0.01,no
2026-10-05T01:58:15.254613Z,KXBTC15M-26OCT042200-00,0.0080,107.00,no
2026-10-05T01:58:15.254613Z,KXBTC15M-26OCT042200-00,0.0080,17.00,no
2026-10-05T01:58:15.292182Z,KXBTC15M-26OCT042200-00,0.0090,2.75,yes
2026-10-05T01:58:15.319279Z,KXBTC15M-26OCT042200-00,0.0080,0.01,no
2026-10-05T01:58:15.319279Z,KXBTC15M-26OCT042200-00,0.0080,0.01,no
2026-10-05T01:58:15.319279Z,KXBTC15M-26OCT042200-00,0.0080,17.00,no
2026-10-05T01:58:15.319279Z,KXBTC15M-26OCT042200-00,0.0080,500.00,no
2026-10-05T01:58:15.319279Z,KXBTC15M-26OCT042200-00,0.0080,200.00,no
2026-10-05T01:58:15.319279Z,KXBTC15M-26OCT042200-00,0.0080,500.00,no
2026-10-05T01:58:15.319279Z,KXBTC15M-26OCT042200-00,0.0080,200.00,no
2026-10-05T01:58:15.319279Z,KXBTC15M-26OCT042200-00,0.0080,359.59,no
2026-10-05T01:58:15.319279Z,KXBTC15M-26OCT042200-00,0.0080,100.00,no
2026-10-05T01:58:15.319279Z,KXBTC15M-26OCT042200-00,0.0070,1149.37,no
2026-10-05T01:58:15.319279Z,KXBTC15M-26OCT042200-00,0.0070,1280.00,no
2026-10-05T01:58:15.319279Z,KXBTC15M-26OCT042200-00,0.0070,1074.02,no
2026-10-05T01:58:15.319279Z,KXBTC15M-26OCT042200-00,0.0070,120.00,no
2026-10-05T01:58:15.345055Z,KXBTC15M-26OCT042200-00,0.0090,20.73,yes
2026-10-05T01:58:15.345055Z,KXBTC15M-26OCT042200-00,0.0090,7.27,yes
2026-10-05T01:58:15.386243Z,KXBTC15M-26OCT042200-00,0.0090,10.00,yes
2026-10-05T01:58:15.386243Z,KXBTC15M-26OCT042200-00,0.0090,0.01,yes
2026-10-05T01:58:15.386243Z,KXBTC15M-26OCT042200-00,0.0090,6.00,yes
2026-10-05T01:58:15.386243Z,KXBTC15M-26OCT042200-00,0.0090,0.01,yes
2026-10-05T01:58:15.386243Z,KXBTC15M-26OCT042200-00,0.0090,1.26,yes
2026-10-05T01:58:15.386243Z,KXBTC15M-26OCT042200-00,0.0090,12.27,yes
2026-10-05T01:58:15.396821Z,KXBTC15M-26OCT042200-00,0.0090,17.00,yes
2026-10-05T01:58:15.457654Z,KXBTC15M-26OCT042200-00,0.0090,89.61,yes
2026-10-05T01:58:15.460449Z,KXBTC15M-26OCT042200-00,0.0090,358.81,yes
2026-10-05T01:58:15.460449Z,KXBTC15M-26OCT042200-00,0.0090,92.13,yes
2026-10-05T01:58:15.47114Z,KXBTC15M-26OCT042200-00,0.0090,101.83,yes
2026-10-05T01:58:15.474249Z,KXBTC15M-26OCT042200-00,0.0090,1.01,yes
2026-10-05T01:58:15.507988Z,KXBTC15M-26OCT042200-00,0.0090,2.00,yes
2026-10-05T01:58:15.586299Z,KXBTC15M-26OCT042200-00,0.0090,81.38,yes
2026-10-05T01:58:15.653722Z,KXBTC15M-26OCT042200-00,0.0070,306.32,no
2026-10-05T01:58:15.653722Z,KXBTC15M-26OCT042200-00,0.0070,15.00,no
2026-10-05T01:58:15.653722Z,KXBTC15M-26OCT042200-00,0.0080,15.00,no
2026-10-05T01:58:15.653722Z,KXBTC15M-26OCT042200-00,0.0080,400.00,no
2026-10-05T01:58:15.653722Z,KXBTC15M-26OCT042200-00,0.0080,100.00,no
2026-10-05T01:58:15.653722Z,KXBTC15M-26OCT042200-00,0.0080,74.00,no
2026-10-05T01:58:15.653722Z,KXBTC15M-26OCT042200-00,0.0080,200.00,no
2026-10-05T01:58:15.653722Z,KXBTC15M-26OCT042200-00,0.0080,0.01,no
2026-10-05T01:58:15.653722Z,KXBTC15M-26OCT042200-00,0.0070,15.00,no
2026-10-05T01:58:15.653722Z,KXBTC15M-26OCT042200-00,0.0080,0.01,no
2026-10-05T01:58:15.653722Z,KXBTC15M-26OCT042200-00,0.0070,200.00,no
2026-10-05T01:58:15.653722Z,KXBTC15M-26OCT042200-00,0.0070,15.00,no
2026-10-05T01:58:15.653722Z,KXBTC15M-26OCT042200-00,0.0070,2.00,no
2026-10-05T01:58:15.653722Z,KXBTC15M-26OCT042200-00,0.0070,17.00,no
2026-10-05T01:58:15.653722Z,KXBTC15M-26OCT042200-00,0.0070,1.00,no
2026-10-05T01:58:15.653722Z,KXBTC15M-26OCT042200-00,0.0070,0.43,no
2026-10-05T01:58:15.653722Z,KXBTC15M-26OCT042200-00,0.0070,1350.63,no
2026-10-05T01:58:15.653722Z,KXBTC15M-26OCT042200-00,0.0060,1280.00,no
2026-10-05T01:58:15.653722Z,KXBTC15M-26OCT042200-00,0.0060,1038.45,no
2026-10-05T01:58:15.698074Z,KXBTC15M-26OCT042200-00,0.0090,99.75,yes
2026-10-05T01:58:15.730483Z,KXBTC15M-26OCT042200-00,0.0090,64.69,yes
2026-10-05T01:58:15.782032Z,KXBTC15M-26OCT042200-00,0.0090,102.09,yes
2026-10-05T01:58:15.828251Z,KXBTC15M-26OCT042200-00,0.0080,0.01,no
2026-10-05T01:58:15.828251Z,KXBTC15M-26OCT042200-00,0.0080,100.00,no
2026-10-05T01:58:15.828251Z,KXBTC15M-26OCT042200-00,0.0070,15.00,no
2026-10-05T01:58:15.828251Z,KXBTC15M-26OCT042200-00,0.0080,400.00,no
2026-10-05T01:58:15.828251Z,KXBTC15M-26OCT042200-00,0.0080,0.01,no
2026-10-05T01:58:15.828251Z,KXBTC15M-26OCT042200-00,0.0070,33.98,no
2026-10-05T01:58:15.828251Z,KXBTC15M-26OCT042200-00,0.0080,51.00,no
2026-10-05T01:58:15.828251Z,KXBTC15M-26OCT042200-00,0.0080,200.00,no
2026-10-05T01:58:15.85765Z,KXBTC15M-26OCT042200-00,0.0090,15.00,yes
2026-10-05T01:58:15.85765Z,KXBTC15M-26OCT042200-00,0.0090,9.45,yes
2026-10-05T01:58:15.85765Z,KXBTC15M-26OCT042200-00,0.0090,468.44,yes
2026-10-05T01:58:15.898722Z,KXBTC15M-26OCT042200-00,0.0090,0.95,yes
2026-10-05T01:58:15.907501Z,KXBTC15M-26OCT042200-00,0.0090,5.04,yes
2026-10-05T01:58:15.924329Z,KXBTC15M-26OCT042200-00,0.0080,100.00,no
2026-10-05T01:58:15.924329Z,KXBTC15M-26OCT042200-00,0.0080,15.00,no
2026-10-05T01:58:15.924329Z,KXBTC15M-26OCT042200-00,0.0080,134.98,no
2026-10-05T01:58:15.924329Z,KXBTC15M-26OCT042200-00,0.0080,0.01,no
2026-10-05T01:58:15.924329Z,KXBTC15M-26OCT042200-00,0.0080,0.01,no
2026-10-05T01:58:15.924814Z,KXBTC15M-26OCT042200-00,0.0070,200.00,no
2026-10-05T01:58:15.924814Z,KXBTC15M-26OCT042200-00,0.0080,265.02,no
2026-10-05T01:58:15.924814Z,KXBTC15M-26OCT042200-00,0.0070,15.00,no
2026-10-05T01:58:15.924814Z,KXBTC15M-26OCT042200-00,0.0070,0.01,no
2026-10-05T01:58:15.924814Z,KXBTC15M-26OCT042200-00,0.0060,241.55,no
2026-10-05T01:58:15.924814Z,KXBTC15M-26OCT042200-00,0.0060,28.42,no
2026-10-05T01:58:15.924814Z,KXBTC15M-26OCT042200-00,0.0060,50.00,no
2026-10-05T01:58:15.93697Z,KXBTC15M-26OCT042200-00,0.0070,69.00,no
2026-10-05T01:58:15.93697Z,KXBTC15M-26OCT042200-00,0.0080,0.01,no
2026-10-05T01:58:15.93697Z,KXBTC15M-26OCT042200-00,0.0070,15.00,no
2026-10-05T01:58:15.93697Z,KXBTC15M-26OCT042200-00,0.0060,165.99,no
2026-10-05T01:58:15.943578Z,KXBTC15M-26OCT042200-00,0.0080,2.00,no
2026-10-05T01:58:15.949457Z,KXBTC15M-26OCT042200-00,0.0090,87.01,yes
2026-10-05T01:58:15.968076Z,KXBTC15M-26OCT042200-00,0.0090,971.57,yes
2026-10-05T01:58:15.968076Z,KXBTC15M-26OCT042200-00,0.0090,120.00,yes
2026-10-05T01:58:15.968076Z,KXBTC15M-26OCT042200-00,0.0090,759.16,yes
2026-10-05T01:58:15.968076Z,KXBTC15M-26OCT042200-00,0.0090,0.01,yes
2026-10-05T01:58:15.968076Z,KXBTC15M-26OCT042200-00,0.0090,0.01,yes
2026-10-05T01:58:15.968076Z,KXBTC15M-26OCT042200-00,0.0090,200.00,yes
2026-10-05T01:58:15.968076Z,KXBTC15M-26OCT042200-00,0.0090,500.00,yes
2026-10-05T01:58:16.007824Z,KXBTC15M-26OCT042200-00,0.0090,19.00,yes
2026-10-05T01:58:16.018843Z,KXBTC15M-26OCT042200-00,0.0090,100.00,yes
2026-10-05T01:58:16.030243Z,KXBTC15M-26OCT042200-00,0.0090,101.83,yes
2026-10-05T01:58:16.073671Z,KXBTC15M-26OCT042200-00,0.0090,300.01,yes
2026-10-05T01:58:16.073671Z,KXBTC15M-26OCT042200-00,0.0090,209.11,yes
2026-10-05T01:58:16.104616Z,KXBTC15M-26OCT042200-00,0.0090,9.17,yes
2026-10-05T01:58:16.106073Z,KXBTC15M-26OCT042200-00,0.0090,51.95,yes
2026-10-05T01:58:16.107396Z,KXBTC15M-26OCT042200-00,0.0090,101.83,yes
2026-10-05T01:58:16.122256Z,KXBTC15M-26OCT042200-00,0.0080,0.01,no
2026-10-05T01:58:16.122256Z,KXBTC15M-26OCT042200-00,0.0080,0.01,no
2026-10-05T01:58:16.122256Z,KXBTC15M-26OCT042200-00,0.0080,89.11,no
2026-10-05T01:58:16.137751Z,KXBTC15M-26OCT042200-00,0.0090,1.00,yes
2026-10-05T01:58:16.148154Z,KXBTC15M-26OCT042200-00,0.0090,246.34,yes
2026-10-05T01:58:16.15262Z,KXBTC15M-26OCT042200-00,0.0080,7.00,no
2026-10-05T01:58:16.206428Z,KXBTC15M-26OCT042200-00,0.0090,101.83,yes
2026-10-05T01:58:16.229423Z,KXBTC15M-26OCT042200-00,0.0070,74.76,no
2026-10-05T01:58:16.229423Z,KXBTC15M-26OCT042200-00,0.0070,15.00,no
2026-10-05T01:58:16.229423Z,KXBTC15M-26OCT042200-00,0.0080,303.89,no
2026-10-05T01:58:16.229423Z,KXBTC15M-26OCT042200-00,0.0080,0.01,no
2026-10-05T01:58:16.229423Z,KXBTC15M-26OCT042200-00,0.0080,0.01,no
2026-10-05T01:58:16.229423Z,KXBTC15M-26OCT042200-00,0.0080,100.00,no
2026-10-05T01:58:16.230056Z,KXBTC15M-26OCT042200-00,0.0090,4.84,yes
2026-10-05T01:58:16.274935Z,KXBTC15M-26OCT042200-00,0.0090,10.14,yes
2026-10-05T01:58:16.286835Z,KXBTC15M-26OCT042200-00,0.0090,5.09,yes
2026-10-05T01:58:16.301304Z,KXBTC15M-26OCT042200-00,0.0090,297.15,yes
2026-10-05T01:58:16.301304Z,KXBTC15M-26OCT042200-00,0.0090,8.32,yes
2026-10-05T01:58:16.353259Z,KXBTC15M-26OCT042200-00,0.0080,17.00,no
2026-10-05T01:58:16.353259Z,KXBTC15M-26OCT042200-00,0.0080,92.30,no
2026-10-05T01:58:16.353259Z,KXBTC15M-26OCT042200-00,0.0080,0.01,no
2026-10-05T01:58:16.353259Z,KXBTC15M-26OCT042200-00,0.0080,0.01,no
2026-10-05T01:58:16.353802Z,KXBTC15M-26OCT042200-00,0.0090,3.39,yes
2026-10-05T01:58:16.353802Z,KXBTC15M-26OCT042200-00,0.0090,0.03,yes
2026-10-05T01:58:16.353802Z,KXBTC15M-26OCT042200-00,0.0090,6.68,yes
2026-10-05T01:58:16.35469Z,KXBTC15M-26OCT042200-00,0.0090,1.00,yes
2026-10-05T01:58:16.360151Z,KXBTC15M-26OCT042200-00,0.0090,126.65,yes
2026-10-05T01:58:16.360649Z,KXBTC15M-26OCT042200-00,0.0090,22.38,yes
2026-10-05T01:58:16.360649Z,KXBTC15M-26OCT042200-00,0.0090,34.95,yes
2026-10-05T01:58:16.371658Z,KXBTC15M-26OCT042200-00,0.0090,200.00,yes
2026-10-05T01:58:16.371658Z,KXBTC15M-26OCT042200-00,0.0100,5.63,yes
2026-10-05T01:58:16.371658Z,KXBTC15M-26OCT042200-00,0.0090,219.17,yes
2026-10-05T01:58:16.371658Z,KXBTC15M-26OCT042200-00,0.0090,0.01,yes
2026-10-05T01:58:16.371658Z,KXBTC15M-26OCT042200-00,0.0090,0.01,yes
2026-10-05T01:58:16.371658Z,KXBTC15M-26OCT042200-00,0.0090,500.00,yes
2026-10-05T01:58:16.371658Z,KXBTC15M-26OCT042200-00,0.0090,50.00,yes
2026-10-05T01:58:16.371658Z,KXBTC15M-26OCT042200-00,0.0090,15.00,yes
2026-10-05T01:58:16.371658Z,KXBTC15M-26OCT042200-00,0.0090,28.42,yes
2026-10-05T01:58:16.554047Z,KXBTC15M-26OCT042200-00,0.0100,6.03,yes
2026-10-05T01:58:16.620603Z,KXBTC15M-26OCT042200-00,0.0090,55.41,no
2026-10-05T01:58:16.620997Z,KXBTC15M-26OCT042200-00,0.0090,75.56,no
2026-10-05T01:58:16.638655Z,KXBTC15M-26OCT042200-00,0.0100,500.00,yes
2026-10-05T01:58:16.638655Z,KXBTC15M-26OCT042200-00,0.0100,38.34,yes
2026-10-05T01:58:16.638655Z,KXBTC15M-26OCT042200-00,0.0100,25.00,yes
2026-10-05T01:58:16.638655Z,KXBTC15M-26OCT042200-00,0.0110,0.03,yes
2026-10-05T01:58:16.638655Z,KXBTC15M-26OCT042200-00,0.0100,140.00,yes
2026-10-05T01:58:16.638655Z,KXBTC15M-26OCT042200-00,0.0100,60.00,yes
2026-10-05T01:58:16.638655Z,KXBTC15M-26OCT042200-00,0.0100,1.00,yes
2026-10-05T01:58:16.638655Z,KXBTC15M-26OCT042200-00,0.0100,0.03,yes
2026-10-05T01:58:16.638655Z,KXBTC15M-26OCT042200-00,0.0110,15.00,yes
2026-10-05T01:58:16.638655Z,KXBTC15M-26OCT042200-00,0.0110,150.00,yes
2026-10-05T01:58:16.638655Z,KXBTC15M-26OCT042200-00,0.0110,16.00,yes
2026-10-05T01:58:16.638655Z,KXBTC15M-26OCT042200-00,0.0110,11.00,yes
2026-10-05T01:58:16.638655Z,KXBTC15M-26OCT042200-00,0.0110,156.98,yes
2026-10-05T01:58:16.638655Z,KXBTC15M-26OCT042200-00,0.0100,552.00,yes
2026-10-05T01:58:16.638655Z,KXBTC15M-26OCT042200-00,0.0100,200.00,yes
2026-10-05T01:58:16.638655Z,KXBTC15M-26OCT042200-00,0.0100,1.00,yes
2026-10-05T01:58:16.638655Z,KXBTC15M-26OCT042200-00,0.0100,15.00,yes
2026-10-05T01:58:16.638655Z,KXBTC15M-26OCT042200-00,0.0100,0.01,yes
2026-10-05T01:58:16.638655Z,KXBTC15M-26OCT042200-00,0.0100,0.01,yes
2026-10-05T01:58:16.638655Z,KXBTC15M-26OCT042200-00,0.0100,582.00,yes
2026-10-05T01:58:16.638655Z,KXBTC15M-26OCT042200-00,0.0100,500.00,yes
2026-10-05T01:58:16.638655Z,KXBTC15M-26OCT042200-00,0.0110,195.73,yes
2026-10-05T01:58:16.795257Z,KXBTC15M-26OCT042200-00,0.0100,0.06,no
2026-10-05T01:58:16.910603Z,KXBTC15M-26OCT042200-00,0.0110,35.22,yes
2026-10-05T01:58:16.910603Z,KXBTC15M-26OCT042200-00,0.0110,16.00,yes
2026-10-05T01:58:16.910603Z,KXBTC15M-26OCT042200-00,0.0110,0.01,yes
2026-10-05T01:58:16.910603Z,KXBTC15M-26OCT042200-00,0.0110,0.01,yes
2026-10-05T01:58:16.942161Z,KXBTC15M-26OCT042200-00,0.0060,17.00,no
2026-10-05T01:58:16.942161Z,KXBTC15M-26OCT042200-00,0.0060,1.00,no
2026-10-05T01:58:16.942161Z,KXBTC15M-26OCT042200-00,0.0060,2.00,no
2026-10-05T01:58:16.942161Z,KXBTC15M-26OCT042200-00,0.0080,15.00,no
2026-10-05T01:58:16.942161Z,KXBTC15M-26OCT042200-00,0.0100,0.01,no
2026-10-05T01:58:16.942161Z,KXBTC15M-26OCT042200-00,0.0100,400.00,no
2026-10-05T01:58:16.942161Z,KXBTC15M-26OCT042200-00,0.0090,15.00,no
2026-10-05T01:58:16.942161Z,KXBTC15M-26OCT042200-00,0.0100,500.00,no
2026-10-05T01:58:16.942161Z,KXBTC15M-26OCT042200-00,0.0100,549.00,no
2026-10-05T01:58:16.942161Z,KXBTC15M-26OCT042200-00,0.0080,24.00,no
2026-10-05T01:58:16.942161Z,KXBTC15M-26OCT042200-00,0.0100,0.01,no
2026-10-05T01:58:16.942161Z,KXBTC15M-26OCT042200-00,0.0080,15.00,no
2026-10-05T01:58:16.942161Z,KXBTC15M-26OCT042200-00,0.0100,100.00,no
2026-10-05T01:58:16.942161Z,KXBTC15M-26OCT042200-00,0.0070,15.00,no
2026-10-05T01:58:16.942161Z,KXBTC15M-26OCT042200-00,0.0100,500.00,no
2026-10-05T01:58:16.942161Z,KXBTC15M-26OCT042200-00,0.0100,149.94,no
2026-10-05T01:58:16.942161Z,KXBTC15M-26OCT042200-00,0.0070,48.00,no
2026-10-05T01:58:16.942161Z,KXBTC15M-26OCT042200-00,0.0100,50.00,no
2026-10-05T01:58:16.942161Z,KXBTC15M-26OCT042200-00,0.0090,1220.00,no
2026-10-05T01:58:16.942161Z,KXBTC15M-26OCT042200-00,0.0090,15.00,no
2026-10-05T01:58:16.942161Z,KXBTC15M-26OCT042200-00,0.0050,2000.00,no
2026-10-05T01:58:16.942161Z,KXBTC15M-26OCT042200-00,0.0050,1245.66,no
2026-10-05T01:58:16.942161Z,KXBTC15M-26OCT042200-00,0.0060,1035.59,no
2026-10-05T01:58:16.942161Z,KXBTC15M-26OCT042200-00,0.0050,2000.00,no
2026-10-05T01:58:16.942161Z,KXBTC15M-26OCT042200-00,0.0060,120.00,no
2026-10-05T01:58:16.942161Z,KXBTC15M-26OCT042200-00,0.0060,1280.00,no
2026-10-05T01:58:16.978735Z,KXBTC15M-26OCT042200-00,0.0100,51.70,no
2026-10-05T01:58:16.978735Z,KXBTC15M-26OCT042200-00,0.0100,0.01,no
2026-10-05T01:58:16.978735Z,KXBTC15M-26OCT042200-00,0.0100,50.00,no
2026-10-05T01:58:16.978735Z,KXBTC15M-26OCT042200-00,0.0100,0.01,no
2026-10-05T01:58:16.998091Z,KXBTC15M-26OCT042200-00,0.0060,290.06,no
2026-10-05T01:58:16.998091Z,KXBTC15M-26OCT042200-00,0.0080,0.01,no
2026-10-05T01:58:16.998091Z,KXBTC15M-26OCT042200-00,0.0080,17.00,no
2026-10-05T01:58:16.998091Z,KXBTC15M-26OCT042200-00,0.0060,17.00,no
2026-10-05T01:58:16.998091Z,KXBTC15M-26OCT042200-00,0.0080,0.01,no
2026-10-05T01:58:17.016113Z,KXBTC15M-26OCT042200-00,0.0050,81.00,no
2026-10-05T01:58:17.031534Z,KXBTC15M-26OCT042200-00,0.0050,160.18,no
2026-10-05T01:58:17.047811Z,KXBTC15M-26OCT042200-00,0.0050,33.00,no
2026-10-05T01:58:17.063056Z,KXBTC15M-26OCT042200-00,0.0060,85.02,yes
2026-10-05T01:58:17.09035Z,KXBTC15M-26OCT042200-00,0.0050,17.27,no
2026-10-05T01:58:17.100123Z,KXBTC15M-26OCT042200-00,0.0060,36.33,yes
2026-10-05T01:58:17.117759Z,KXBTC15M-26OCT042200-00,0.0060,467.59,yes
2026-10-05T01:58:17.149554Z,KXBTC15M-26OCT042200-00,0.0060,10.39,yes
2026-10-05T01:58:17.167323Z,KXBTC15M-26OCT042200-00,0.0060,2.00,yes
2026-10-05T01:58:17.206298Z,KXBTC15M-26OCT042200-00,0.0060,36.33,yes
2026-10-05T01:58:17.223962Z,KXBTC15M-26OCT042200-00,0.0060,500.00,yes
2026-10-05T01:58:17.267052Z,KXBTC15M-26OCT042200-00,0.0060,36.33,yes
2026-10-05T01:58:17.308686Z,KXBTC15M-26OCT042200-00,0.0060,425.11,yes
2026-10-05T01:58:17.342798Z,KXBTC15M-26OCT042200-00,0.0060,36.33,yes
2026-10-05T01:58:17.353591Z,KXBTC15M-26OCT042200-00,0.0060,81.00,yes
2026-10-05T01:58:17.353591Z,KXBTC15M-26OCT042200-00,0.0060,15.00,yes
2026-10-05T01:58:17.353591Z,KXBTC15M-26OCT042200-00,0.0060,33.00,yes
2026-10-05T01:58:17.353591Z,KXBTC15M-26OCT042200-00,0.0060,0.01,yes
2026-10-05T01:58:17.353591Z,KXBTC15M-26OCT042200-00,0.0070,120.00,yes
2026-10-05T01:58:17.353591Z,KXBTC15M-26OCT042200-00,0.0060,17.27,yes
2026-10-05T01:58:17.353591Z,KXBTC15M-26OCT042200-00,0.0060,160.18,yes
2026-10-05T01:58:17.353591Z,KXBTC15M-26OCT042200-00,0.0060,0.01,yes
2026-10-05T01:58:17.353591Z,KXBTC15M-26OCT042200-00,0.0060,40.49,yes
2026-10-05T01:58:17.361161Z,KXBTC15M-26OCT042200-00,0.0080,40.64,yes
2026-10-05T01:58:17.361161Z,KXBTC15M-26OCT042200-00,0.0070,0.01,yes
2026-10-05T01:58:17.389057Z,KXBTC15M-26OCT042200-00,0.0080,85.02,yes
2026-10-05T01:58:17.410141Z,KXBTC15M-26OCT042200-00,0.0080,36.33,yes
2026-10-05T01:58:17.418759Z,KXBTC15M-26OCT042200-00,0.0070,29.93,no
2026-10-05T01:58:17.418759Z,KXBTC15M-26OCT042200-00,0.0070,39.00,no
2026-10-05T01:58:17.418759Z,KXBTC15M-26OCT042200-00,0.0070,0.01,no
2026-10-05T01:58:17.418759Z,KXBTC15M-26OCT042200-00,0.0070,15.00,no
2026-10-05T01:58:17.418759Z,KXBTC15M-26OCT042200-00,0.0070,0.01,no
2026-10-05T01:58:17.418759Z,KXBTC15M-26OCT042200-00,0.0070,150.00,no
2026-10-05T01:58:17.444128Z,KXBTC15M-26OCT042200-00,0.0080,10.00,yes
2026-10-05T01:58:17.467576Z,KXBTC15M-26OCT042200-00,0.0060,915.00,no
2026-10-05T01:58:17.467576Z,KXBTC15M-26OCT042200-00,0.0070,0.01,no
2026-10-05T01:58:17.467576Z,KXBTC15M-26OCT042200-00,0.0060,200.00,no
2026-10-05T01:58:17.467576Z,KXBTC15M-26OCT042200-00,0.0070,0.01,no
2026-10-05T01:58:17.467576Z,KXBTC15M-26OCT042200-00,0.0070,170.07,no
2026-10-05T01:58:17.467576Z,KXBTC15M-26OCT042200-00,0.0070,15.00,no
2026-10-05T01:58:17.467576Z,KXBTC15M-26OCT042200-00,0.0060,17.00,no
2026-10-05T01:58:17.467576Z,KXBTC15M-26OCT042200-00,0.0070,400.00,no
2026-10-05T01:58:17.467576Z,KXBTC15M-26OCT042200-00,0.0050,100.36,no
2026-10-05T01:58:17.480537Z,KXBTC15M-26OCT042200-00,0.0060,17.00,no
2026-10-05T01:58:17.480537Z,KXBTC15M-26OCT042200-00,0.0070,15.00,no
2026-10-05T01:58:17.480537Z,KXBTC15M-26OCT042200-00,0.0070,400.00,no
2026-10-05T01:58:17.480537Z,KXBTC15M-26OCT042200-00,0.0050,362.53,no
2026-10-05T01:58:17.480537Z,KXBTC15M-26OCT042200-00,0.0050,461.31,no
2026-10-05T01:58:17.486253Z,KXBTC15M-26OCT042200-00,0.0080,33.04,yes
2026-10-05T01:58:17.490971Z,KXBTC15M-26OCT042200-00,0.0080,340.09,yes
2026-10-05T01:58:17.491672Z,KXBTC15M-26OCT042200-00,0.0090,78.41,yes
2026-10-05T01:58:17.491672Z,KXBTC15M-26OCT042200-00,0.0080,36.00,yes
2026-10-05T01:58:17.491672Z,KXBTC15M-26OCT042200-00,0.0080,200.00,yes
2026-10-05T01:58:17.491672Z,KXBTC15M-26OCT042200-00,0.0080,81.00,yes
2026-10-05T01:58:17.491672Z,KXBTC15M-26OCT042200-00,0.0080,0.01,yes
2026-10-05T01:58:17.491672Z,KXBTC15M-26OCT042200-00,0.0080,0.01,yes
2026-10-05T01:58:17.491672Z,KXBTC15M-26OCT042200-00,0.0080,15.00,yes
2026-10-05T01:58:17.491672Z,KXBTC15M-26OCT042200-00,0.0080,132.88,yes
2026-10-05T01:58:17.498594Z,KXBTC15M-26OCT042200-00,0.0080,36.33,yes
2026-10-05T01:58:17.576917Z,KXBTC15M-26OCT042200-00,0.0080,6.31,yes
2026-10-05T01:58:17.576917Z,KXBTC15M-26OCT042200-00,0.0080,0.01,yes
2026-10-05T01:58:17.576917Z,KXBTC15M-26OCT042200-00,0.0080,15.00,yes
2026-10-05T01:58:17.576917Z,KXBTC15M-26OCT042200-00,0.0080,0.01,yes
2026-10-05T01:58:17.576917Z,KXBTC15M-26OCT042200-00,0.0080,15.00,yes
2026-10-05T01:58:17.645312Z,KXBTC15M-26OCT042200-00,0.0080,5.19,yes
2026-10-05T01:58:17.693296Z,KXBTC15M-26OCT042200-00,0.0070,0.01,no
2026-10-05T01:58:17.693296Z,KXBTC15M-26OCT042200-00,0.0070,3.98,no
2026-10-05T01:58:17.693296Z,KXBTC15M-26OCT042200-00,0.0070,0.01,no
2026-10-05T01:58:17.702125Z,KXBTC15M-26OCT042200-00,0.0080,449.81,yes
2026-10-05T01:58:17.702125Z,KXBTC15M-26OCT042200-00,0.0080,88.18,yes
2026-10-05T01:58:17.724683Z,KXBTC15M-26OCT042200-00,0.0080,10.00,yes
2026-10-05T01:58:17.763181Z,KXBTC15M-26OCT042200-00,0.0080,114.70,yes
2026-10-05T01:58:17.763181Z,KXBTC15M-26OCT042200-00,0.0080,2.18,yes
2026-10-05T01:58:17.768687Z,KXBTC15M-26OCT042200-00,0.0070,11.02,no
2026-10-05T01:58:17.768687Z,KXBTC15M-26OCT042200-00,0.0060,56.26,no
2026-10-05T01:58:17.768687Z,KXBTC15M-26OCT042200-00,0.0070,15.00,no
2026-10-05T01:58:17.768687Z,KXBTC15M-26OCT042200-00,0.0070,200.00,no
2026-10-05T01:58:17.768687Z,KXBTC15M-26OCT042200-00,0.0070,400.00,no
2026-10-05T01:58:17.768687Z,KXBTC15M-26OCT042200-00,0.0070,15.00,no
2026-10-05T01:58:17.768687Z,KXBTC15M-26OCT042200-00,0.0070,0.01,no
2026-10-05T01:58:17.768687Z,KXBTC15M-26OCT042200-00,0.0070,15.00,no
2026-10-05T01:58:17.768687Z,KXBTC15M-26OCT042200-00,0.0070,0.01,no
2026-10-05T01:58:17.768687Z,KXBTC15M-26OCT042200-00,0.0060,17.00,no
2026-10-05T01:58:17.801069Z,KXBTC15M-26OCT042200-00,0.0080,247.83,yes
2026-10-05T01:58:17.801069Z,KXBTC15M-26OCT042200-00,0.0080,403.02,yes
2026-10-05T01:58:17.80984Z,KXBTC15M-26OCT042200-00,0.0080,0.01,yes
2026-10-05T01:58:17.80984Z,KXBTC15M-26OCT042200-00,0.0080,0.01,yes
2026-10-05T01:58:17.80984Z,KXBTC15M-26OCT042200-00,0.0080,15.00,yes
2026-10-05T01:58:17.80984Z,KXBTC15M-26OCT042200-00,0.0080,200.00,yes
2026-10-05T01:58:17.80984Z,KXBTC15M-26OCT042200-00,0.0080,60.65,yes
2026-10-05T01:58:17.80984Z,KXBTC15M-26OCT042200-00,0.0080,18.87,yes
2026-10-05T01:58:17.907136Z,KXBTC15M-26OCT042200-00,0.0090,509.44,yes
2026-10-05T01:58:17.988427Z,KXBTC15M-26OCT042200-00,0.0080,6.00,no
2026-10-05T01:58:18.024761Z,KXBTC15M-26OCT042200-00,0.0090,152.84,yes
2026-10-05T01:58:18.034388Z,KXBTC15M-26OCT042200-00,0.0090,36.33,yes
2026-10-05T01:58:18.060841Z,KXBTC15M-26OCT042200-00,0.0080,22.50,no
2026-10-05T01:58:18.07436Z,KXBTC15M-26OCT042200-00,0.0080,200.00,no
2026-10-05T01:58:18.07436Z,KXBTC15M-26OCT042200-00,0.0080,0.01,no
2026-10-05T01:58:18.07436Z,KXBTC15M-26OCT042200-00,0.0070,200.00,no
2026-10-05T01:58:18.07436Z,KXBTC15M-26OCT042200-00,0.0060,20.00,no
2026-10-05T01:58:18.07436Z,KXBTC15M-26OCT042200-00,0.0060,17.00,no
2026-10-05T01:58:18.07436Z,KXBTC15M-26OCT042200-00,0.0080,400.00,no
2026-10-05T01:58:18.07436Z,KXBTC15M-26OCT042200-00,0.0080,121.50,no
2026-10-05T01:58:18.07436Z,KXBTC15M-26OCT042200-00,0.0060,42.00,no
2026-10-05T01:58:18.07436Z,KXBTC15M-26OCT042200-00,0.0080,0.01,no
2026-10-05T01:58:18.07436Z,KXBTC15M-26OCT042200-00,0.0070,15.00,no
2026-10-05T01:58:18.07436Z,KXBTC15M-26OCT042200-00,0.0050,90.00,no
2026-10-05T01:58:18.07436Z,KXBTC15M-26OCT042200-00,0.0050,11.00,no
2026-10-05T01:58:18.07436Z,KXBTC15M-26OCT042200-00,0.0050,180.00,no
2026-10-05T01:58:18.07436Z,KXBTC15M-26OCT042200-00,0.0050,50.00,no
2026-10-05T01:58:18.07436Z,KXBTC15M-26OCT042200-00,0.0050,9.79,no
2026-10-05T01:58:18.07436Z,KXBTC15M-26OCT042200-00,0.0050,50.00,no
2026-10-05T01:58:18.07436Z,KXBTC15M-26OCT042200-00,0.0050,11.00,no
2026-10-05T01:58:18.07436Z,KXBTC15M-26OCT042200-00,0.0050,1024.00,no
2026-10-05T01:58:18.07436Z,KXBTC15M-26OCT042200-00,0.0050,1538.69,no
2026-10-05T01:58:18.07436Z,KXBTC15M-26OCT042200-00,0.0050,120.00,no
2026-10-05T01:58:18.095112Z,KXBTC15M-26OCT042200-00,0.0090,445.65,yes
2026-10-05T01:58:18.200978Z,KXBTC15M-26OCT042200-00,0.0090,1024.00,yes
2026-10-05T01:58:18.200978Z,KXBTC15M-26OCT042200-00,0.0090,762.06,yes
2026-10-05T01:58:18.200978Z,KXBTC15M-26OCT042200-00,0.0090,228.00,yes
2026-10-05T01:58:18.200978Z,KXBTC15M-26OCT042200-00,0.0090,200.00,yes
2026-10-05T01:58:18.200978Z,KXBTC15M-26OCT042200-00,0.0090,0.01,yes
2026-10-05T01:58:18.200978Z,KXBTC15M-26OCT042200-00,0.0090,777.33,yes
2026-10-05T01:58:18.200978Z,KXBTC15M-26OCT042200-00,0.0090,15.00,yes
2026-10-05T01:58:18.200978Z,KXBTC15M-26OCT042200-00,0.0090,0.01,yes
2026-10-05T01:58:18.200978Z,KXBTC15M-26OCT042200-00,0.0090,870.00,yes
2026-10-05T01:58:18.200978Z,KXBTC15M-26OCT042200-00,0.0090,12.00,yes
2026-10-05T01:58:18.200978Z,KXBTC15M-26OCT042200-00,0.0090,500.00,yes
2026-10-05T01:58:18.200978Z,KXBTC15M-26OCT042200-00,0.0090,252.59,yes
2026-10-05T01:58:18.201474Z,KXBTC15M-26OCT042200-00,0.0090,172.48,yes
2026-10-05T01:58:18.25441Z,KXBTC15M-26OCT042200-00,0.0090,17.64,yes
2026-10-05T01:58:18.343591Z,KXBTC15M-26OCT042200-00,0.0080,0.76,no
2026-10-05T01:58:18.343591Z,KXBTC15M-26OCT042200-00,0.0080,0.01,no
2026-10-05T01:58:18.456271Z,KXBTC15M-26OCT042200-00,0.0090,120.00,yes
2026-10-05T01:58:18.456271Z,KXBTC15M-26OCT042200-00,0.0090,15.00,yes
2026-10-05T01:58:18.456271Z,KXBTC15M-26OCT042200-00,0.0090,500.00,yes
2026-10-05T01:58:18.456271Z,KXBTC15M-26OCT042200-00,0.0090,200.00,yes
2026-10-05T01:58:18.456271Z,KXBTC15M-26OCT042200-00,0.0090,15.00,yes
2026-10-05T01:58:18.456271Z,KXBTC15M-26OCT042200-00,0.0090,0.01,yes
2026-10-05T01:58:18.456271Z,KXBTC15M-26OCT042200-00,0.0090,586.51,yes
2026-10-05T01:58:18.456271Z,KXBTC15M-26OCT042200-00,0.0090,0.01,yes
2026-10-05T01:58:18.456271Z,KXBTC15M-26OCT042200-00,0.0100,15.00,yes
2026-10-05T01:58:18.456271Z,KXBTC15M-26OCT042200-00,0.0100,9.84,yes
2026-10-05T01:58:18.456271Z,KXBTC15M-26OCT042200-00,0.0100,50.00,yes
2026-10-05T01:58:18.456271Z,KXBTC15M-26OCT042200-00,0.0100,16.00,yes
2026-10-05T01:58:18.484167Z,KXBTC15M-26OCT042200-00,0.0100,3.10,yes
2026-10-05T01:58:18.522741Z,KXBTC15M-26OCT042200-00,0.0090,80.90,no
2026-10-05T01:58:18.587965Z,KXBTC15M-26OCT042200-00,0.0080,15.00,no
2026-10-05T01:58:18.587965Z,KXBTC15M-26OCT042200-00,0.0090,69.10,no
2026-10-05T01:58:18.587965Z,KXBTC15M-26OCT042200-00,0.0090,610.00,no
2026-10-05T01:58:18.587965Z,KXBTC15M-26OCT042200-00,0.0060,915.00,no
2026-10-05T01:58:18.587965Z,KXBTC15M-26OCT042200-00,0.0060,17.00,no
2026-10-05T01:58:18.587965Z,KXBTC15M-26OCT042200-00,0.0080,15.00,no
2026-10-05T01:58:18.587965Z,KXBTC15M-26OCT042200-00,0.0060,20.00,no
2026-10-05T01:58:18.587965Z,KXBTC15M-26OCT042200-00,0.0090,0.01,no
2026-10-05T01:58:18.587965Z,KXBTC15M-26OCT042200-00,0.0070,17.00,no
2026-10-05T01:58:18.587965Z,KXBTC15M-26OCT042200-00,0.0090,0.01,no
2026-10-05T01:58:18.587965Z,KXBTC15M-26OCT042200-00,0.0060,15.00,no
2026-10-05T01:58:18.587965Z,KXBTC15M-26OCT042200-00,0.0080,200.00,no
2026-10-05T01:58:18.587965Z,KXBTC15M-26OCT042200-00,0.0050,100.00,no
2026-10-05T01:58:18.587965Z,KXBTC15M-26OCT042200-00,0.0050,150.00,no
2026-10-05T01:58:18.587965Z,KXBTC15M-26OCT042200-00,0.0050,83.71,no
2026-10-05T01:58:18.587965Z,KXBTC15M-26OCT042200-00,0.0050,150.00,no
2026-10-05T01:58:18.587965Z,KXBTC15M-26OCT042200-00,0.0050,270.00,no
2026-10-05T01:58:18.587965Z,KXBTC15M-26OCT042200-00,0.0050,170.21,no
2026-10-05T01:58:18.587965Z,KXBTC15M-26OCT042200-00,0.0050,200.00,no
2026-10-05T01:58:18.588656Z,KXBTC15M-26OCT042200-00,0.0050,122.96,no
2026-10-05T01:58:18.691106Z,KXBTC15M-26OCT042200-00,0.0090,0.01,no
2026-10-05T01:58:18.691106Z,KXBTC15M-26OCT042200-00,0.0060,17.00,no
2026-10-05T01:58:18.691106Z,KXBTC15M-26OCT042200-00,0.0060,16.65,no
2026-10-05T01:58:18.691106Z,KXBTC15M-26OCT042200-00,0.0090,0.01,no
2026-10-05T01:58:18.691106Z,KXBTC15M-26OCT042200-00,0.0080,0.01,no
2026-10-05T01:58:18.75871Z,KXBTC15M-26OCT042200-00,0.0090,11.19,yes
2026-10-05T01:58:18.785268Z,KXBTC15M-26OCT042200-00,0.0080,154.02,no
2026-10-05T01:58:18.785268Z,KXBTC15M-26OCT042200-00,0.0080,0.01,no
2026-10-05T01:58:18.811096Z,KXBTC15M-26OCT042200-00,0.0080,120.90,no
2026-10-05T01:58:18.924128Z,KXBTC15M-26OCT042200-00,0.0090,0.01,yes
2026-10-05T01:58:18.924128Z,KXBTC15M-26OCT042200-00,0.0090,3.81,yes
2026-10-05T01:58:18.924128Z,KXBTC15M-26OCT042200-00,0.0090,15.00,yes
2026-10-05T01:58:18.924128Z,KXBTC15M-26OCT042200-00,0.0090,14.00,yes
2026-10-05T01:58:18.924128Z,KXBTC15M-26OCT042200-00,0.0090,0.01,yes
2026-10-05T01:58:18.924128Z,KXBTC15M-26OCT042200-00,0.0100,2.07,yes
2026-10-05T01:58:18.939293Z,KXBTC15M-26OCT042200-00,0.0100,28.05,yes
2026-10-05T01:58:18.941346Z,KXBTC15M-26OCT042200-00,0.0100,100.00,yes
2026-10-05T01:58:19.01924Z,KXBTC15M-26OCT042200-00,0.0100,187.03,yes
2026-10-05T01:58:19.096167Z,KXBTC15M-26OCT042200-00,0.0090,133.88,no
2026-10-05T01:58:19.133719Z,KXBTC15M-26OCT042200-00,0.0100,1.19,yes
2026-10-05T01:58:19.16626Z,KXBTC15M-26OCT042200-00,0.0090,0.01,no
2026-10-05T01:58:19.16626Z,KXBTC15M-26OCT042200-00,0.0090,0.01,no
2026-10-05T01:58:19.16626Z,KXBTC15M-26OCT042200-00,0.0090,216.86,no
2026-10-05T01:58:19.16626Z,KXBTC15M-26OCT042200-00,0.0090,16.12,no
2026-10-05T01:58:19.221536Z,KXBTC15M-26OCT042200-00,0.0060,20.00,no
2026-10-05T01:58:19.221536Z,KXBTC15M-26OCT042200-00,0.0060,39.00,no
2026-10-05T01:58:19.221536Z,KXBTC15M-26OCT042200-00,0.0080,15.00,no
2026-10-05T01:58:19.221536Z,KXBTC15M-26OCT042200-00,0.0080,12.94,no
2026-10-05T01:58:19.221536Z,KXBTC15M-26OCT042200-00,0.0080,15.00,no
2026-10-05T01:58:19.221536Z,KXBTC15M-26OCT042200-00,0.0050,48.40,no
2026-10-05T01:58:19.221536Z,KXBTC15M-26OCT042200-00,0.0050,43.33,no
2026-10-05T01:58:19.221536Z,KXBTC15M-26OCT042200-00,0.0050,300.00,no
2026-10-05T01:58:19.297163Z,KXBTC15M-26OCT042200-00,0.0080,88.27,no
2026-10-05T01:58:19.297163Z,KXBTC15M-26OCT042200-00,0.0080,15.00,no
2026-10-05T01:58:19.297163Z,KXBTC15M-26OCT042200-00,0.0080,400.00,no
2026-10-05T01:58:19.330235Z,KXBTC15M-26OCT042200-00,0.0090,16.00,yes
2026-10-05T01:58:19.330235Z,KXBTC15M-26OCT042200-00,0.0090,75.00,yes
2026-10-05T01:58:19.330235Z,KXBTC15M-26OCT042200-00,0.0090,15.00,yes
2026-10-05T01:58:19.330235Z,KXBTC15M-26OCT042200-00,0.0090,0.01,yes
2026-10-05T01:58:19.330235Z,KXBTC15M-26OCT042200-00,0.0090,15.00,yes
2026-10-05T01:58:19.330235Z,KXBTC15M-26OCT042200-00,0.0090,0.01,yes
2026-10-05T01:58:19.330235Z,KXBTC15M-26OCT042200-00,0.0090,15.00,yes
2026-10-05T01:58:19.330235Z,KXBTC15M-26OCT042200-00,0.0100,425.09,yes
2026-10-05T01:58:19.33353Z,KXBTC15M-26OCT042200-00,0.0090,10.89,no
2026-10-05T01:58:19.346939Z,KXBTC15M-26OCT042200-00,0.0100,9.35,yes
2026-10-05T01:58:19.355713Z,KXBTC15M-26OCT042200-00,0.0100,9.35,yes
2026-10-05T01:58:19.359621Z,KXBTC15M-26OCT042200-00,0.0100,93.51,yes
2026-10-05T01:58:19.372195Z,KXBTC15M-26OCT042200-00,0.0090,33.57,no
2026-10-05T01:58:19.376004Z,KXBTC15M-26OCT042200-00,0.0100,3.74,yes
2026-10-05T01:58:19.494197Z,KXBTC15M-26OCT042200-00,0.0090,68.00,no
2026-10-05T01:58:19.503287Z,KXBTC15M-26OCT042200-00,0.0090,0.01,no
2026-10-05T01:58:19.503287Z,KXBTC15M-26OCT042200-00,0.0090,400.00,no
2026-10-05T01:58:19.503287Z,KXBTC15M-26OCT042200-00,0.0080,200.00,no
2026-10-05T01:58:19.503287Z,KXBTC15M-26OCT042200-00,0.0090,37.54,no
2026-10-05T01:58:19.503287Z,KXBTC15M-26OCT042200-00,0.0080,15.00,no
2026-10-05T01:58:19.503287Z,KXBTC15M-26OCT042200-00,0.0090,0.01,no
2026-10-05T01:58:19.503287Z,KXBTC15M-26OCT042200-00,0.0080,15.00,no
2026-10-05T01:58:19.511361Z,KXBTC15M-26OCT042200-00,0.0060,2.01,no
2026-10-05T01:58:19.552345Z,KXBTC15M-26OCT042200-00,0.0070,72.00,yes
2026-10-05T01:58:19.596401Z,KXBTC15M-26OCT042200-00,0.0070,36.33,yes
2026-10-05T01:58:19.647406Z,KXBTC15M-26OCT042200-00,0.0070,4.67,yes
2026-10-05T01:58:19.668705Z,KXBTC15M-26OCT042200-00,0.0070,500.00,yes
2026-10-05T01:58:19.677017Z,KXBTC15M-26OCT042200-00,0.0070,36.33,yes
2026-10-05T01:58:19.711676Z,KXBTC15M-26OCT042200-00,0.0060,35.22,no
2026-10-05T01:58:19.711676Z,KXBTC15M-26OCT042200-00,0.0060,400.00,no
2026-10-05T01:58:19.711676Z,KXBTC15M-26OCT042200-00,0.0060,500.00,no
2026-10-05T01:58:19.711676Z,KXBTC15M-26OCT042200-00,0.0060,20.00,no
2026-10-05T01:58:19.711676Z,KXBTC15M-26OCT042200-00,0.0060,15.00,no
2026-10-05T01:58:19.711676Z,KXBTC15M-26OCT042200-00,0.0060,200.00,no
2026-10-05T01:58:19.711676Z,KXBTC15M-26OCT042200-00,0.0060,282.54,no
2026-10-05T01:58:19.711676Z,KXBTC15M-26OCT042200-00,0.0050,180.00,no
2026-10-05T01:58:19.711676Z,KXBTC15M-26OCT042200-00,0.0050,200.00,no
2026-10-05T01:58:19.711676Z,KXBTC15M-26OCT042200-00,0.0050,50.00,no
2026-10-05T01:58:19.711676Z,KXBTC15M-26OCT042200-00,0.0050,100.00,no
2026-10-05T01:58:19.711676Z,KXBTC15M-26OCT042200-00,0.0050,100.00,no
2026-10-05T01:58:19.711676Z,KXBTC15M-26OCT042200-00,0.0050,70.00,no
2026-10-05T01:58:19.711676Z,KXBTC15M-26OCT042200-00,0.0050,200.00,no
2026-10-05T01:58:19.711676Z,KXBTC15M-26OCT042200-00,0.0050,200.00,no
2026-10-05T01:58:19.711676Z,KXBTC15M-26OCT042200-00,0.0050,35.00,no
2026-10-05T01:58:19.711676Z,KXBTC15M-26OCT042200-00,0.0050,50.00,no
2026-10-05T01:58:19.711676Z,KXBTC15M-26OCT042200-00,0.0050,180.00,no
2026-10-05T01:58:19.711676Z,KXBTC15M-26OCT042200-00,0.0050,200.00,no
2026-10-05T01:58:19.711676Z,KXBTC15M-26OCT042200-00,0.0050,35.00,no
2026-10-05T01:58:19.711676Z,KXBTC15M-26OCT042200-00,0.0050,90.00,no
2026-10-05T01:58:19.711676Z,KXBTC15M-26OCT042200-00,0.0050,100.00,no
2026-10-05T01:58:19.711676Z,KXBTC15M-26OCT042200-00,0.0050,35.00,no
2026-10-05T01:58:19.711676Z,KXBTC15M-26OCT042200-00,0.0050,100.00,no
2026-10-05T01:58:19.711676Z,KXBTC15M-26OCT042200-00,0.0050,100.00,no
2026-10-05T01:58:19.711676Z,KXBTC15M-26OCT042200-00,0.0050,180.00,no
2026-10-05T01:58:19.711676Z,KXBTC15M-26OCT042200-00,0.0050,180.00,no
2026-10-05T01:58:19.711676Z,KXBTC15M-26OCT042200-00,0.0050,200.00,no
2026-10-05T01:58:19.711676Z,KXBTC15M-26OCT042200-00,0.0050,50.00,no
2026-10-05T01:58:19.711676Z,KXBTC15M-26OCT042200-00,0.0050,35.00,no
2026-10-05T01:58:19.711676Z,KXBTC15M-26OCT042200-00,0.0050,100.00,no
2026-10-05T01:58:19.711676Z,KXBTC15M-26OCT042200-00,0.0050,50.00,no
2026-10-05T01:58:19.711676Z,KXBTC15M-26OCT042200-00,0.0050,100.00,no
2026-10-05T01:58:19.711676Z,KXBTC15M-26OCT042200-00,0.0050,100.00,no
2026-10-05T01:58:19.711676Z,KXBTC15M-26OCT042200-00,0.0050,50.00,no
2026-10-05T01:58:19.711676Z,KXBTC15M-26OCT042200-00,0.0050,100.00,no
2026-10-05T01:58:19.711676Z,KXBTC15M-26OCT042200-00,0.0050,180.00,no
2026-10-05T01:58:19.711676Z,KXBTC15M-26OCT042200-00,0.0050,90.00,no
2026-10-05T01:58:19.711676Z,KXBTC15M-26OCT042200-00,0.0050,200.00,no
2026-10-05T01:58:19.711676Z,KXBTC15M-26OCT042200-00,0.0050,180.00,no
2026-10-05T01:58:19.711676Z,KXBTC15M-26OCT042200-00,0.0050,200.00,no
2026-10-05T01:58:19.711676Z,KXBTC15M-26OCT042200-00,0.0050,150.00,no
2026-10-05T01:58:19.711676Z,KXBTC15M-26OCT042200-00,0.0050,360.00,no
2026-10-05T01:58:19.711676Z,KXBTC15M-26OCT042200-00,0.0050,180.00,no
2026-10-05T01:58:19.711676Z,KXBTC15M-26OCT042200-00,0.0050,400.00,no
2026-10-05T01:58:19.711676Z,KXBTC15M-26OCT042200-00,0.0050,100.00,no
2026-10-05T01:58:19.711676Z,KXBTC15M-26OCT042200-00,0.0050,50.00,no
2026-10-05T01:58:19.711676Z,KXBTC15M-26OCT042200-00,0.0050,180.00,no
2026-10-05T01:58:19.711676Z,KXBTC15M-26OCT042200-00,0.0050,90.00,no
2026-10-05T01:58:19.711676Z,KXBTC15M-26OCT042200-00,0.0050,100.00,no
2026-10-05T01:58:19.711676Z,KXBTC15M-26OCT042200-00,0.0050,50.00,no
2026-10-05T01:58:19.711676Z,KXBTC15M-26OCT042200-00,0.0050,50.00,no
2026-10-05T01:58:19.711676Z,KXBTC15M-26OCT042200-00,0.0050,90.00,no
2026-10-05T01:58:19.711676Z,KXBTC15M-26OCT042200-00,0.0050,50.00,no
2026-10-05T01:58:19.711676Z,KXBTC15M-26OCT042200-00,0.0050,100.00,no
2026-10-05T01:58:19.711676Z,KXBTC15M-26OCT042200-00,0.0050,50.00,no
2026-10-05T01:58:19.711676Z,KXBTC15M-26OCT042200-00,0.0050,90.00,no
2026-10-05T01:58:19.711676Z,KXBTC15M-26OCT042200-00,0.0050,270.00,no
2026-10-05T01:58:19.711676Z,KXBTC15M-26OCT042200-00,0.0050,100.00,no
2026-10-05T01:58:19.711676Z,KXBTC15M-26OCT042200-00,0.0050,100.00,no
2026-10-05T01:58:19.711676Z,KXBTC15M-26OCT042200-00,0.0050,270.00,no
2026-10-05T01:58:19.711676Z,KXBTC15M-26OCT042200-00,0.0050,90.00,no
2026-10-05T01:58:19.711676Z,KXBTC15M-26OCT042200-00,0.0050,5.00,no
2026-10-05T01:58:19.711676Z,KXBTC15M-26OCT042200-00,0.0050,100.00,no
2026-10-05T01:58:19.711676Z,KXBTC15M-26OCT042200-00,0.0050,50.00,no
2026-10-05T01:58:19.711676Z,KXBTC15M-26OCT042200-00,0.0050,50.00,no
2026-10-05T01:58:19.711676Z,KXBTC15M-26OCT042200-00,0.0050,90.00,no
2026-10-05T01:58:19.711676Z,KXBTC15M-26OCT042200-00,0.0050,100.00,no
2026-10-05T01:58:19.711676Z,KXBTC15M-26OCT042200-00,0.0050,90.00,no
2026-10-05T01:58:19.711676Z,KXBTC15M-26OCT042200-00,0.0050,50.00,no
2026-10-05T01:58:19.711676Z,KXBTC15M-26OCT042200-00,0.0050,50.00,no
2026-10-05T01:58:19.711676Z,KXBTC15M-26OCT042200-00,0.0050,50.00,no
2026-10-05T01:58:19.711676Z,KXBTC15M-26OCT042200-00,0.0050,100.00,no
2026-10-05T01:58:19.711676Z,KXBTC15M-26OCT042200-00,0.0050,180.00,no
2026-10-05T01:58:19.711676Z,KXBTC15M-26OCT042200-00,0.0050,50.00,no
2026-10-05T01:58:19.711676Z,KXBTC15M-26OCT042200-00,0.0050,100.00,no
2026-10-05T01:58:19.711676Z,KXBTC15M-26OCT042200-00,0.0050,50.00,no
2026-10-05T01:58:19.711676Z,KXBTC15M-26OCT042200-00,0.0050,90.00,no
2026-10-05T01:58:19.711676Z,KXBTC15M-26OCT042200-00,0.0050,90.00,no
2026-10-05T01:58:19.711676Z,KXBTC15M-26OCT042200-00,0.0050,100.00,no
2026-10-05T01:58:19.711676Z,KXBTC15M-26OCT042200-00,0.0050,90.00,no
2026-10-05T01:58:19.711676Z,KXBTC15M-26OCT042200-00,0.0050,50.00,no
2026-10-05T01:58:19.711676Z,KXBTC15M-26OCT042200-00,0.0050,50.00,no
2026-10-05T01:58:19.711676Z,KXBTC15M-26OCT042200-00,0.0050,50.00,no
2026-10-05T01:58:19.711676Z,KXBTC15M-26OCT042200-00,0.0050,100.00,no
2026-10-05T01:58:19.711676Z,KXBTC15M-26OCT042200-00,0.0050,90.00,no
2026-10-05T01:58:19.711676Z,KXBTC15M-26OCT042200-00,0.0050,180.00,no
2026-10-05T01:58:19.711676Z,KXBTC15M-26OCT042200-00,0.0050,50.00,no
2026-10-05T01:58:19.711676Z,KXBTC15M-26OCT042200-00,0.0050,50.00,no
2026-10-05T01:58:19.711676Z,KXBTC15M-26OCT042200-00,0.0050,200.00,no
2026-10-05T01:58:19.711676Z,KXBTC15M-26OCT042200-00,0.0050,50.00,no
2026-10-05T01:58:19.711676Z,KXBTC15M-26OCT042200-00,0.0050,50.00,no
2026-10-05T01:58:19.711676Z,KXBTC15M-26OCT042200-00,0.0050,50.00,no
2026-10-05T01:58:19.711676Z,KXBTC15M-26OCT042200-00,0.0050,90.00,no
2026-10-05T01:58:19.711676Z,KXBTC15M-26OCT042200-00,0.0050,90.00,no
2026-10-05T01:58:19.711676Z,KXBTC15M-26OCT042200-00,0.0050,100.00,no
2026-10-05T01:58:19.711676Z,KXBTC15M-26OCT042200-00,0.0050,90.00,no
2026-10-05T01:58:19.711676Z,KXBTC15M-26OCT042200-00,0.0050,50.00,no
2026-10-05T01:58:19.711676Z,KXBTC15M-26OCT042200-00,0.0050,50.00,no
2026-10-05T01:58:19.711676Z,KXBTC15M-26OCT042200-00,0.0050,50.00,no
2026-10-05T01:58:19.711676Z,KXBTC15M-26OCT042200-00,0.0050,90.00,no
2026-10-05T01:58:19.711676Z,KXBTC15M-26OCT042200-00,0.0050,90.00,no
2026-10-05T01:58:19.711676Z,KXBTC15M-26OCT042200-00,0.0050,50.00,no
2026-10-05T01:58:19.711676Z,KXBTC15M-26OCT042200-00,0.0050,50.00,no
2026-10-05T01:58:19.711676Z,KXBTC15M-26OCT042200-00,0.0050,100.00,no
2026-10-05T01:58:19.711676Z,KXBTC15M-26OCT042200-00,0.0050,100.00,no
2026-10-05T01:58:19.711676Z,KXBTC15M-26OCT042200-00,0.0050,90.00,no
2026-10-05T01:58:19.711676Z,KXBTC15M-26OCT042200-00,0.0050,50.00,no
2026-10-05T01:58:19.711676Z,KXBTC15M-26OCT042200-00,0.0050,11.32,no
2026-10-05T01:58:19.711676Z,KXBTC15M-26OCT042200-00,0.0050,90.00,no
2026-10-05T01:58:19.711676Z,KXBTC15M-26OCT042200-00,0.0050,50.00,no
2026-10-05T01:58:19.711676Z,KXBTC15M-26OCT042200-00,0.0050,50.00,no
2026-10-05T01:58:19.711676Z,KXBTC15M-26OCT042200-00,0.0050,90.00,no
2026-10-05T01:58:19.711676Z,KXBTC15M-26OCT042200-00,0.0050,90.00,no
2026-10-05T01:58:19.711676Z,KXBTC15M-26OCT042200-00,0.0050,100.00,no
2026-10-05T01:58:19.711676Z,KXBTC15M-26OCT042200-00,0.0050,50.00,no
2026-10-05T01:58:19.711676Z,KXBTC15M-26OCT042200-00,0.0050,90.00,no
2026-10-05T01:58:19.711676Z,KXBTC15M-26OCT042200-00,0.0050,50.00,no
2026-10-05T01:58:19.711676Z,KXBTC15M-26OCT042200-00,0.0050,180.00,no
2026-10-05T01:58:19.711676Z,KXBTC15M-26OCT042200-00,0.0050,50.00,no
2026-10-05T01:58:19.711676Z,KXBTC15M-26OCT042200-00,0.0050,90.00,no
2026-10-05T01:58:19.711676Z,KXBTC15M-26OCT042200-00,0.0050,90.00,no
2026-10-05T01:58:19.711676Z,KXBTC15M-26OCT042200-00,0.0050,50.00,no
2026-10-05T01:58:19.711676Z,KXBTC15M-26OCT042200-00,0.0050,50.00,no
2026-10-05T01:58:19.711676Z,KXBTC15M-26OCT042200-00,0.0050,90.00,no
2026-10-05T01:58:19.711676Z,KXBTC15M-26OCT042200-00,0.0050,100.00,no
2026-10-05T01:58:19.711676Z,KXBTC15M-26OCT042200-00,0.0050,180.00,no
2026-10-05T01:58:19.711676Z,KXBTC15M-26OCT042200-00,0.0050,90.00,no
2026-10-05T01:58:19.711676Z,KXBTC15M-26OCT042200-00,0.0050,100.00,no
2026-10-05T01:58:19.711676Z,KXBTC15M-26OCT042200-00,0.0050,180.00,no
2026-10-05T01:58:19.711676Z,KXBTC15M-26OCT042200-00,0.0050,50.00,no
2026-10-05T01:58:19.711676Z,KXBTC15M-26OCT042200-00,0.0050,50.00,no
2026-10-05T01:58:19.711676Z,KXBTC15M-26OCT042200-00,0.0050,90.00,no
2026-10-05T01:58:19.711676Z,KXBTC15M-26OCT042200-00,0.0050,50.00,no
2026-10-05T01:58:19.711676Z,KXBTC15M-26OCT042200-00,0.0050,50.00,no
2026-10-05T01:58:19.711676Z,KXBTC15M-26OCT042200-00,0.0050,50.00,no
2026-10-05T01:58:19.711676Z,KXBTC15M-26OCT042200-00,0.0050,90.00,no
2026-10-05T01:58:19.711676Z,KXBTC15M-26OCT042200-00,0.0050,100.00,no
2026-10-05T01:58:19.711676Z,KXBTC15M-26OCT042200-00,0.0050,100.00,no
2026-10-05T01:58:19.711676Z,KXBTC15M-26OCT042200-00,0.0050,90.00,no
2026-10-05T01:58:19.711676Z,KXBTC15M-26OCT042200-00,0.0050,100.00,no
2026-10-05T01:58:19.711676Z,KXBTC15M-26OCT042200-00,0.0050,90.00,no
2026-10-05T01:58:19.711676Z,KXBTC15M-26OCT042200-00,0.0050,50.00,no
2026-10-05T01:58:19.711676Z,KXBTC15M-26OCT042200-00,0.0050,100.00,no
2026-10-05T01:58:19.711676Z,KXBTC15M-26OCT042200-00,0.0050,50.00,no
2026-10-05T01:58:19.711676Z,KXBTC15M-26OCT042200-00,0.0050,90.00,no
2026-10-05T01:58:19.711676Z,KXBTC15M-26OCT042200-00,0.0050,35.00,no
2026-10-05T01:58:19.711676Z,KXBTC15M-26OCT042200-00,0.0050,90.00,no
2026-10-05T01:58:19.711676Z,KXBTC15M-26OCT042200-00,0.0050,35.00,no
2026-10-05T01:58:19.711676Z,KXBTC15M-26OCT042200-00,0.0050,100.00,no
2026-10-05T01:58:19.711676Z,KXBTC15M-26OCT042200-00,0.0050,100.00,no
2026-10-05T01:58:19.711676Z,KXBTC15M-26OCT042200-00,0.0050,90.00,no
2026-10-05T01:58:19.711676Z,KXBTC15M-26OCT042200-00,0.0050,50.00,no
2026-10-05T01:58:19.711676Z,KXBTC15M-26OCT042200-00,0.0050,100.00,no
2026-10-05T01:58:19.711676Z,KXBTC15M-26OCT042200-00,0.0050,41.60,no
2026-10-05T01:58:19.711676Z,KXBTC15M-26OCT042200-00,0.0050,300.00,no
2026-10-05T01:58:19.72171Z,KXBTC15M-26OCT042200-00,0.0070,4.67,yes
2026-10-05T01:58:19.741483Z,KXBTC15M-26OCT042200-00,0.0070,36.33,yes
2026-10-05T01:58:19.744983Z,KXBTC15M-26OCT042200-00,0.0050,29.26,no
2026-10-05T01:58:19.762888Z,KXBTC15M-26OCT042200-00,0.0060,400.00,no
2026-10-05T01:58:19.762888Z,KXBTC15M-26OCT042200-00,0.0060,20.00,no
2026-10-05T01:58:19.762888Z,KXBTC15M-26OCT042200-00,0.0050,100.00,no
2026-10-05T01:58:19.762888Z,KXBTC15M-26OCT042200-00,0.0050,90.00,no
2026-10-05T01:58:19.762888Z,KXBTC15M-26OCT042200-00,0.0050,100.00,no
2026-10-05T01:58:19.762888Z,KXBTC15M-26OCT042200-00,0.0050,50.00,no
2026-10-05T01:58:19.762888Z,KXBTC15M-26OCT042200-00,0.0050,32.24,no
2026-10-05T01:58:19.762888Z,KXBTC15M-26OCT042200-00,0.0050,50.00,no
2026-10-05T01:58:19.762888Z,KXBTC15M-26OCT042200-00,0.0050,9.42,no
2026-10-05T01:58:19.762888Z,KXBTC15M-26OCT042200-00,0.0050,50.00,no
2026-10-05T01:58:19.762888Z,KXBTC15M-26OCT042200-00,0.0050,90.00,no
2026-10-05T01:58:19.762888Z,KXBTC15M-26OCT042200-00,0.0050,100.00,no
2026-10-05T01:58:19.762888Z,KXBTC15M-26OCT042200-00,0.0050,180.00,no
2026-10-05T01:58:19.762888Z,KXBTC15M-26OCT042200-00,0.0050,100.00,no
2026-10-05T01:58:19.775378Z,KXBTC15M-26OCT042200-00,0.0050,0.01,no
2026-10-05T01:58:19.797953Z,KXBTC15M-26OCT042200-00,0.0060,0.01,yes
2026-10-05T01:58:19.797953Z,KXBTC15M-26OCT042200-00,0.0060,0.01,yes
2026-10-05T01:58:19.797953Z,KXBTC15M-26OCT042200-00,0.0060,15.00,yes
2026-10-05T01:58:19.797953Z,KXBTC15M-26OCT042200-00,0.0060,15.00,yes
2026-10-05T01:58:19.797953Z,KXBTC15M-26OCT042200-00,0.0070,469.98,yes
2026-10-05T01:58:19.806721Z,KXBTC15M-26OCT042200-00,0.0070,36.33,yes
2026-10-05T01:58:19.87808Z,KXBTC15M-26OCT042200-00,0.0070,0.01,yes
2026-10-05T01:58:19.87808Z,KXBTC15M-26OCT042200-00,0.0070,0.01,yes
2026-10-05T01:58:19.87808Z,KXBTC15M-26OCT042200-00,0.0070,15.00,yes
2026-10-05T01:58:19.87808Z,KXBTC15M-26OCT042200-00,0.0070,49.18,yes
2026-10-05T01:58:19.87808Z,KXBTC15M-26OCT042200-00,0.0070,135.80,yes
2026-10-05T01:58:19.878346Z,KXBTC15M-26OCT042200-00,0.0070,36.33,yes
2026-10-05T01:58:19.909064Z,KXBTC15M-26OCT042200-00,0.0050,2.16,no
2026-10-05T01:58:19.936424Z,KXBTC15M-26OCT042200-00,0.0060,36.33,yes
2026-10-05T01:58:19.945333Z,KXBTC15M-26OCT042200-00,0.0070,125.31,yes
2026-10-05T01:58:19.945333Z,KXBTC15M-26OCT042200-00,0.0060,0.01,yes
2026-10-05T01:58:19.945333Z,KXBTC15M-26OCT042200-00,0.0060,15.00,yes
2026-10-05T01:58:19.945333Z,KXBTC15M-26OCT042200-00,0.0060,0.01,yes
2026-10-05T01:58:19.945333Z,KXBTC15M-26OCT042200-00,0.0060,359.67,yes
2026-10-05T01:58:19.965992Z,KXBTC15M-26OCT042200-00,0.0070,0.01,yes
2026-10-05T01:58:19.965992Z,KXBTC15M-26OCT042200-00,0.0070,22.69,yes
2026-10-05T01:58:19.965992Z,KXBTC15M-26OCT042200-00,0.0070,0.01,yes
2026-10-05T01:58:19.965992Z,KXBTC15M-26OCT042200-00,0.0070,77.29,yes
2026-10-05T01:58:20.026439Z,KXBTC15M-26OCT042200-00,0.0070,200.00,yes
2026-10-05T01:58:20.026439Z,KXBTC15M-26OCT042200-00,0.0070,0.01,yes
2026-10-05T01:58:20.026439Z,KXBTC15M-26OCT042200-00,0.0070,175.71,yes
2026-10-05T01:58:20.026439Z,KXBTC15M-26OCT042200-00,0.0070,0.01,yes
2026-10-05T01:58:20.026439Z,KXBTC15M-26OCT042200-00,0.0070,158.55,yes
2026-10-05T01:58:20.029086Z,KXBTC15M-26OCT042200-00,0.0070,93.51,yes
2026-10-05T01:58:20.033167Z,KXBTC15M-26OCT042200-00,0.0070,36.33,yes
2026-10-05T01:58:20.064594Z,KXBTC15M-26OCT042200-00,0.0080,200.00,yes
2026-10-05T01:58:20.064594Z,KXBTC15M-26OCT042200-00,0.0070,15.00,yes
2026-10-05T01:58:20.064594Z,KXBTC15M-26OCT042200-00,0.0070,0.01,yes
2026-10-05T01:58:20.064594Z,KXBTC15M-26OCT042200-00,0.0080,40.98,yes
2026-10-05T01:58:20.064594Z,KXBTC15M-26OCT042200-00,0.0070,0.01,yes
2026-10-05T01:58:20.127987Z,KXBTC15M-26OCT042200-00,0.0080,88.27,yes
2026-10-05T01:58:20.127987Z,KXBTC15M-26OCT042200-00,0.0090,15.00,yes
2026-10-05T01:58:20.127987Z,KXBTC15M-26OCT042200-00,0.0090,15.00,yes
2026-10-05T01:58:20.127987Z,KXBTC15M-26OCT042200-00,0.0080,257.29,yes
2026-10-05T01:58:20.127987Z,KXBTC15M-26OCT042200-00,0.0080,200.00,yes
2026-10-05T01:58:20.127987Z,KXBTC15M-26OCT042200-00,0.0090,108.00,yes
2026-10-05T01:58:20.127987Z,KXBTC15M-26OCT042200-00,0.0080,15.00,yes
2026-10-05T01:58:20.127987Z,KXBTC15M-26OCT042200-00,0.0080,0.01,yes
2026-10-05T01:58:20.127987Z,KXBTC15M-26OCT042200-00,0.0080,319.02,yes
2026-10-05T01:58:20.127987Z,KXBTC15M-26OCT042200-00,0.0090,200.00,yes
2026-10-05T01:58:20.127987Z,KXBTC15M-26OCT042200-00,0.0080,0.01,yes
2026-10-05T01:58:20.127987Z,KXBTC15M-26OCT042200-00,0.0080,108.00,yes
2026-10-05T01:58:20.127987Z,KXBTC15M-26OCT042200-00,0.0100,50.31,yes
2026-10-05T01:58:20.187838Z,KXBTC15M-26OCT042200-00,0.0090,8.22,no
2026-10-05T01:58:20.205385Z,KXBTC15M-26OCT042200-00,0.0100,2.66,yes
2026-10-05T01:58:20.205385Z,KXBTC15M-26OCT042200-00,0.0100,1.00,yes
2026-10-05T01:58:20.205385Z,KXBTC15M-26OCT042200-00,0.0100,15.00,yes
2026-10-05T01:58:20.205385Z,KXBTC15M-26OCT042200-00,0.0100,15.00,yes
2026-10-05T01:58:20.205385Z,KXBTC15M-26OCT042200-00,0.0100,50.00,yes
2026-10-05T01:58:20.205385Z,KXBTC15M-26OCT042200-00,0.0100,1.00,yes
2026-10-05T01:58:20.205385Z,KXBTC15M-26OCT042200-00,0.0100,0.03,yes
2026-10-05T01:58:20.205385Z,KXBTC15M-26OCT042200-00,0.0100,290.31,yes
2026-10-05T01:58:20.269042Z,KXBTC15M-26OCT042200-00,0.0100,36.33,yes
2026-10-05T01:58:20.281667Z,KXBTC15M-26OCT042200-00,0.0090,20.09,no
2026-10-05T01:58:20.338882Z,KXBTC15M-26OCT042200-00,0.0090,2.00,no
2026-10-05T01:58:20.388709Z,KXBTC15M-26OCT042200-00,0.0090,12.00,no
2026-10-05T01:58:20.436094Z,KXBTC15M-26OCT042200-00,0.0100,1.43,yes
2026-10-05T01:58:20.469015Z,KXBTC15M-26OCT042200-00,0.0090,111.00,no
2026-10-05T01:58:20.469015Z,KXBTC15M-26OCT042200-00,0.0090,0.01,no
2026-10-05T01:58:20.469015Z,KXBTC15M-26OCT042200-00,0.0090,107.69,no
2026-10-05T01:58:20.469015Z,KXBTC15M-26OCT042200-00,0.0070,487.63,no
2026-10-05T01:58:20.469015Z,KXBTC15M-26OCT042200-00,0.0080,200.00,no
2026-10-05T01:58:20.469015Z,KXBTC15M-26OCT042200-00,0.0090,0.01,no
2026-10-05T01:58:20.498287Z,KXBTC15M-26OCT042200-00,0.0100,506.12,yes
2026-10-05T01:58:20.511901Z,KXBTC15M-26OCT042200-00,0.0080,0.01,no
2026-10-05T01:58:20.511901Z,KXBTC15M-26OCT042200-00,0.0080,201.10,no
2026-10-05T01:58:20.511901Z,KXBTC15M-26OCT042200-00,0.0080,0.01,no
2026-10-05T01:58:20.561275Z,KXBTC15M-26OCT042200-00,0.0100,93.51,yes
2026-10-05T01:58:20.658874Z,KXBTC15M-26OCT042200-00,0.0080,19.73,no
2026-10-05T01:58:20.658874Z,KXBTC15M-26OCT042200-00,0.0080,0.01,no
2026-10-05T01:58:20.658874Z,KXBTC15M-26OCT042200-00,0.0080,0.01,no
2026-10-05T01:58:20.790002Z,KXBTC15M-26OCT042200-00,0.0100,93.51,yes
2026-10-05T01:58:20.810723Z,KXBTC15M-26OCT042200-00,0.0080,100.64,no
2026-10-05T01:58:20.862158Z,KXBTC15M-26OCT042200-00,0.0070,8.07,no
2026-10-05T01:58:20.862158Z,KXBTC15M-26OCT042200-00,0.0080,0.01,no
2026-10-05T01:58:20.862158Z,KXBTC15M-26OCT042200-00,0.0080,0.01,no
2026-10-05T01:58:20.890278Z,KXBTC15M-26OCT042200-00,0.0100,144.44,yes
2026-10-05T01:58:20.890278Z,KXBTC15M-26OCT042200-00,0.0100,25.00,yes
2026-10-05T01:58:20.890278Z,KXBTC15M-26OCT042200-00,0.0100,0.01,yes
2026-10-05T01:58:20.890278Z,KXBTC15M-26OCT042200-00,0.0100,18.00,yes
2026-10-05T01:58:20.890278Z,KXBTC15M-26OCT042200-00,0.0100,100.00,yes
2026-10-05T01:58:20.890278Z,KXBTC15M-26OCT042200-00,0.0100,400.00,yes
2026-10-05T01:58:20.890278Z,KXBTC15M-26OCT042200-00,0.0100,15.00,yes
2026-10-05T01:58:20.890278Z,KXBTC15M-26OCT042200-00,0.0100,200.00,yes
2026-10-05T01:58:20.890278Z,KXBTC15M-26OCT042200-00,0.0100,420.00,yes
2026-10-05T01:58:20.890278Z,KXBTC15M-26OCT042200-00,0.0100,0.01,yes
2026-10-05T01:58:20.890278Z,KXBTC15M-26OCT042200-00,0.0100,50.00,yes
2026-10-05T01:58:20.890278Z,KXBTC15M-26OCT042200-00,0.0100,16.00,yes
2026-10-05T01:58:20.890278Z,KXBTC15M-26OCT042200-00,0.0110,420.41,yes
2026-10-05T01:58:20.938892Z,KXBTC15M-26OCT042200-00,0.0110,0.93,yes
2026-10-05T01:58:20.939047Z,KXBTC15M-26OCT042200-00,0.0110,55.53,yes
2026-10-05T01:58:20.956614Z,KXBTC15M-26OCT042200-00,0.0090,792.12,no
2026-10-05T01:58:20.956614Z,KXBTC15M-26OCT042200-00,0.0100,0.01,no
2026-10-05T01:58:20.956614Z,KXBTC15M-26OCT042200-00,0.0090,15.00,no
2026-10-05T01:58:20.956614Z,KXBTC15M-26OCT042200-00,0.0100,150.00,no
2026-10-05T01:58:20.956614Z,KXBTC15M-26OCT042200-00,0.0100,50.00,no
2026-10-05T01:58:20.956614Z,KXBTC15M-26OCT042200-00,0.0100,0.01,no
2026-10-05T01:58:21.074229Z,KXBTC15M-26OCT042200-00,0.0100,0.01,yes
2026-10-05T01:58:21.074229Z,KXBTC15M-26OCT042200-00,0.0100,100.00,yes
2026-10-05T01:58:21.074229Z,KXBTC15M-26OCT042200-00,0.0100,50.00,yes
2026-10-05T01:58:21.074229Z,KXBTC15M-26OCT042200-00,0.0100,263.57,yes
2026-10-05T01:58:21.074229Z,KXBTC15M-26OCT042200-00,0.0100,15.00,yes
2026-10-05T01:58:21.074229Z,KXBTC15M-26OCT042200-00,0.0100,0.01,yes
2026-10-05T01:58:21.074229Z,KXBTC15M-26OCT042200-00,0.0100,23.00,yes
2026-10-05T01:58:21.074229Z,KXBTC15M-26OCT042200-00,0.0100,16.00,yes
2026-10-05T01:58:21.101341Z,KXBTC15M-26OCT042200-00,0.0090,15.00,no
2026-10-05T01:58:21.101341Z,KXBTC15M-26OCT042200-00,0.0080,3.14,no
2026-10-05T01:58:21.101341Z,KXBTC15M-26OCT042200-00,0.0090,0.01,no
2026-10-05T01:58:21.101341Z,KXBTC15M-26OCT042200-00,0.0090,0.01,no
2026-10-05T01:58:21.182461Z,KXBTC15M-26OCT042200-00,0.0100,93.51,yes
2026-10-05T01:58:21.326294Z,KXBTC15M-26OCT042200-00,0.0090,11.00,yes
2026-10-05T01:58:21.326294Z,KXBTC15M-26OCT042200-00,0.0090,0.01,yes
2026-10-05T01:58:21.326294Z,KXBTC15M-26OCT042200-00,0.0090,0.01,yes
2026-10-05T01:58:21.326294Z,KXBTC15M-26OCT042200-00,0.0090,15.00,yes
2026-10-05T01:58:21.326294Z,KXBTC15M-26OCT042200-00,0.0090,904.10,yes
2026-10-05T01:58:21.373729Z,KXBTC15M-26OCT042200-00,0.0090,467.59,yes
2026-10-05T01:58:21.501248Z,KXBTC15M-26OCT042200-00,0.0090,170.98,yes
2026-10-05T01:58:21.501248Z,KXBTC15M-26OCT042200-00,0.0090,0.01,yes
2026-10-05T01:58:21.501248Z,KXBTC15M-26OCT042200-00,0.0090,0.01,yes
2026-10-05T01:58:21.501248Z,KXBTC15M-26OCT042200-00,0.0090,1.00,yes
2026-10-05T01:58:21.501248Z,KXBTC15M-26OCT042200-00,0.0090,0.03,yes
2026-10-05T01:58:21.501248Z,KXBTC15M-26OCT042200-00,0.0090,15.00,yes
2026-10-05T01:58:21.625918Z,KXBTC15M-26OCT042200-00,0.0090,2.31,yes
2026-10-05T01:58:21.7095Z,KXBTC15M-26OCT042200-00,0.0090,1.00,yes
2026-10-05T01:58:21.7095Z,KXBTC15M-26OCT042200-00,0.0100,31.07,yes
2026-10-05T01:58:21.7095Z,KXBTC15M-26OCT042200-00,0.0090,0.01,yes
2026-10-05T01:58:21.7095Z,KXBTC15M-26OCT042200-00,0.0090,0.01,yes
2026-10-05T01:58:21.7095Z,KXBTC15M-26OCT042200-00,0.0090,0.03,yes
2026-10-05T01:58:21.717094Z,KXBTC15M-26OCT042200-00,0.0110,15.00,yes
2026-10-05T01:58:21.717094Z,KXBTC15M-26OCT042200-00,0.0110,0.03,yes
2026-10-05T01:58:21.717094Z,KXBTC15M-26OCT042200-00,0.0110,200.00,yes
2026-10-05T01:58:21.717094Z,KXBTC15M-26OCT042200-00,0.0100,18.93,yes
2026-10-05T01:58:21.717094Z,KXBTC15M-26OCT042200-00,0.0100,20.00,yes
2026-10-05T01:58:21.717094Z,KXBTC15M-26OCT042200-00,0.0100,48.00,yes
2026-10-05T01:58:21.717094Z,KXBTC15M-26OCT042200-00,0.0110,1.00,yes
2026-10-05T01:58:21.717094Z,KXBTC15M-26OCT042200-00,0.0100,16.00,yes
2026-10-05T01:58:21.717094Z,KXBTC15M-26OCT042200-00,0.0110,15.00,yes
2026-10-05T01:58:21.717094Z,KXBTC15M-26OCT042200-00,0.0110,1.27,yes
2026-10-05T01:58:21.717094Z,KXBTC15M-26OCT042200-00,0.0120,1.00,yes
2026-10-05T01:58:21.717094Z,KXBTC15M-26OCT042200-00,0.0100,0.03,yes
2026-10-05T01:58:21.717094Z,KXBTC15M-26OCT042200-00,0.0100,0.01,yes
2026-10-05T01:58:21.717094Z,KXBTC15M-26OCT042200-00,0.0100,1.00,yes
2026-10-05T01:58:21.717094Z,KXBTC15M-26OCT042200-00,0.0100,864.00,yes
2026-10-05T01:58:21.717094Z,KXBTC15M-26OCT042200-00,0.0120,700.00,yes
2026-10-05T01:58:21.717094Z,KXBTC15M-26OCT042200-00,0.0130,395.78,yes
2026-10-05T01:58:21.717094Z,KXBTC15M-26OCT042200-00,0.0120,1280.00,yes
2026-10-05T01:58:21.717094Z,KXBTC15M-26OCT042200-00,0.0120,0.03,yes
2026-10-05T01:58:21.717094Z,KXBTC15M-26OCT042200-00,0.0120,25.00,yes
2026-10-05T01:58:21.717094Z,KXBTC15M-26OCT042200-00,0.0120,1280.00,yes
2026-10-05T01:58:21.717094Z,KXBTC15M-26OCT042200-00,0.0120,24.98,yes
2026-10-05T01:58:21.717094Z,KXBTC15M-26OCT042200-00,0.0120,15.00,yes
2026-10-05T01:58:21.717094Z,KXBTC15M-26OCT042200-00,0.0110,1035.59,yes
2026-10-05T01:58:21.717094Z,KXBTC15M-26OCT042200-00,0.0110,1245.66,yes
2026-10-05T01:58:21.717094Z,KXBTC15M-26OCT042200-00,0.0110,803.13,yes
2026-10-05T01:58:21.749641Z,KXBTC15M-26OCT042200-00,0.0100,0.01,no
2026-10-05T01:58:21.749641Z,KXBTC15M-26OCT042200-00,0.0100,79.06,no
2026-10-05T01:58:21.749641Z,KXBTC15M-26OCT042200-00,0.0100,150.00,no
2026-10-05T01:58:21.749641Z,KXBTC15M-26OCT042200-00,0.0100,50.00,no
2026-10-05T01:58:21.749641Z,KXBTC15M-26OCT042200-00,0.0100,0.01,no
2026-10-05T01:58:21.760264Z,KXBTC15M-26OCT042200-00,0.0100,224.06,no
2026-10-05T01:58:21.760264Z,KXBTC15M-26OCT042200-00,0.0100,120.94,no
2026-10-05T01:58:21.760264Z,KXBTC15M-26OCT042200-00,0.0100,500.00,no
2026-10-05T01:58:21.92666Z,KXBTC15M-26OCT042200-00,0.0100,100.51,no
2026-10-05T01:58:21.991337Z,KXBTC15M-26OCT042200-00,0.0100,227.57,no
2026-10-05T01:58:21.991337Z,KXBTC15M-26OCT042200-00,0.0100,175.43,no
2026-10-05T01:58:22.045334Z,KXBTC15M-26OCT042200-00,0.0100,549.00,no
2026-10-05T01:58:22.045334Z,KXBTC15M-26OCT042200-00,0.0100,321.43,no
2026-10-05T01:58:22.045334Z,KXBTC15M-26OCT042200-00,0.0100,0.01,no
2026-10-05T01:58:22.045334Z,KXBTC15M-26OCT042200-00,0.0100,12.71,no
2026-10-05T01:58:22.045334Z,KXBTC15M-26OCT042200-00,0.0100,0.01,no
2026-10-05T01:58:22.093864Z,KXBTC15M-26OCT042200-00,0.0110,28.00,yes
2026-10-05T01:58:22.093864Z,KXBTC15M-26OCT042200-00,0.0110,0.03,yes
2026-10-05T01:58:22.093864Z,KXBTC15M-26OCT042200-00,0.0110,56.49,yes
2026-10-05T01:58:22.093864Z,KXBTC15M-26OCT042200-00,0.0110,0.01,yes
2026-10-05T01:58:22.093864Z,KXBTC15M-26OCT042200-00,0.0110,0.01,yes
2026-10-05T01:58:22.100472Z,KXBTC15M-26OCT042200-00,0.0080,200.00,no
2026-10-05T01:58:22.100472Z,KXBTC15M-26OCT042200-00,0.0090,610.00,no
2026-10-05T01:58:22.100472Z,KXBTC15M-26OCT042200-00,0.0100,0.01,no
2026-10-05T01:58:22.100472Z,KXBTC15M-26OCT042200-00,0.0100,0.01,no
2026-10-05T01:58:22.100472Z,KXBTC15M-26OCT042200-00,0.0090,610.00,no
2026-10-05T01:58:22.100472Z,KXBTC15M-26OCT042200-00,0.0060,43.00,no
2026-10-05T01:58:22.100472Z,KXBTC15M-26OCT042200-00,0.0060,15.00,no
2026-10-05T01:58:22.100472Z,KXBTC15M-26OCT042200-00,0.0080,15.00,no
2026-10-05T01:58:22.100472Z,KXBTC15M-26OCT042200-00,0.0100,37.29,no
2026-10-05T01:58:22.100472Z,KXBTC15M-26OCT042200-00,0.0070,15.00,no
2026-10-05T01:58:22.100472Z,KXBTC15M-26OCT042200-00,0.0060,20.00,no
2026-10-05T01:58:22.100472Z,KXBTC15M-26OCT042200-00,0.0090,15.00,no
2026-10-05T01:58:22.100472Z,KXBTC15M-26OCT042200-00,0.0080,15.00,no
2026-10-05T01:58:22.100472Z,KXBTC15M-26OCT042200-00,0.0060,15.00,no
2026-10-05T01:58:22.100472Z,KXBTC15M-26OCT042200-00,0.0070,15.00,no
2026-10-05T01:58:22.100472Z,KXBTC15M-26OCT042200-00,0.0070,6.93,no
2026-10-05T01:58:22.100472Z,KXBTC15M-26OCT042200-00,0.0050,270.00,no
2026-10-05T01:58:22.100472Z,KXBTC15M-26OCT042200-00,0.0050,50.00,no
2026-10-05T01:58:22.100472Z,KXBTC15M-26OCT042200-00,0.0050,50.00,no
2026-10-05T01:58:22.100472Z,KXBTC15M-26OCT042200-00,0.0050,500.00,no
2026-10-05T01:58:22.100472Z,KXBTC15M-26OCT042200-00,0.0050,100.00,no
2026-10-05T01:58:22.100472Z,KXBTC15M-26OCT042200-00,0.0050,90.00,no
2026-10-05T01:58:22.100472Z,KXBTC15M-26OCT042200-00,0.0050,100.00,no
2026-10-05T01:58:22.100472Z,KXBTC15M-26OCT042200-00,0.0050,35.00,no
2026-10-05T01:58:22.100472Z,KXBTC15M-26OCT042200-00,0.0050,100.00,no
2026-10-05T01:58:22.100472Z,KXBTC15M-26OCT042200-00,0.0050,35.00,no
2026-10-05T01:58:22.100472Z,KXBTC15M-26OCT042200-00,0.0050,180.00,no
2026-10-05T01:58:22.100472Z,KXBTC15M-26OCT042200-00,0.0050,50.00,no
2026-10-05T01:58:22.100472Z,KXBTC15M-26OCT042200-00,0.0050,100.00,no
2026-10-05T01:58:22.100472Z,KXBTC15M-26OCT042200-00,0.0050,90.00,no
2026-10-05T01:58:22.100472Z,KXBTC15M-26OCT042200-00,0.0050,100.00,no
2026-10-05T01:58:22.100472Z,KXBTC15M-26OCT042200-00,0.0050,4.17,no
2026-10-05T01:58:22.100472Z,KXBTC15M-26OCT042200-00,0.0050,35.00,no
2026-10-05T01:58:22.100472Z,KXBTC15M-26OCT042200-00,0.0050,90.00,no
2026-10-05T01:58:22.100472Z,KXBTC15M-26OCT042200-00,0.0050,90.00,no
2026-10-05T01:58:22.100472Z,KXBTC15M-26OCT042200-00,0.0050,100.00,no
2026-10-05T01:58:22.100472Z,KXBTC15M-26OCT042200-00,0.0050,100.00,no
2026-10-05T01:58:22.100472Z,KXBTC15M-26OCT042200-00,0.0050,90.00,no
2026-10-05T01:58:22.100472Z,KXBTC15M-26OCT042200-00,0.0050,90.00,no
2026-10-05T01:58:22.100472Z,KXBTC15M-26OCT042200-00,0.0050,100.00,no
2026-10-05T01:58:22.100472Z,KXBTC15M-26OCT042200-00,0.0050,180.00,no
2026-10-05T01:58:22.100472Z,KXBTC15M-26OCT042200-00,0.0050,100.00,no
2026-10-05T01:58:22.100472Z,KXBTC15M-26OCT042200-00,0.0050,180.00,no
2026-10-05T01:58:22.100472Z,KXBTC15M-26OCT042200-00,0.0050,100.00,no
2026-10-05T01:58:22.100472Z,KXBTC15M-26OCT042200-00,0.0050,35.00,no
2026-10-05T01:58:22.100472Z,KXBTC15M-26OCT042200-00,0.0050,100.00,no
2026-10-05T01:58:22.100472Z,KXBTC15M-26OCT042200-00,0.0050,55.59,no
2026-10-05T01:58:22.174788Z,KXBTC15M-26OCT042200-00,0.0110,12.33,yes
2026-10-05T01:58:22.175373Z,KXBTC15M-26OCT042200-00,0.0100,0.01,no
2026-10-05T01:58:22.175373Z,KXBTC15M-26OCT042200-00,0.0100,0.01,no
2026-10-05T01:58:22.175373Z,KXBTC15M-26OCT042200-00,0.0060,20.00,no
2026-10-05T01:58:22.175373Z,KXBTC15M-26OCT042200-00,0.0100,50.00,no
2026-10-05T01:58:22.175373Z,KXBTC15M-26OCT042200-00,0.0050,50.00,no
2026-10-05T01:58:22.175373Z,KXBTC15M-26OCT042200-00,0.0050,4.92,no
2026-10-05T01:58:22.175373Z,KXBTC15M-26OCT042200-00,0.0050,30.83,no
2026-10-05T01:58:22.197992Z,KXBTC15M-26OCT042200-00,0.0110,46.76,yes
2026-10-05T01:58:22.197992Z,KXBTC15M-26OCT042200-00,0.0110,31.18,yes
2026-10-05T01:58:22.220928Z,KXBTC15M-26OCT042200-00,0.0110,166.64,yes
2026-10-05T01:58:22.277979Z,KXBTC15M-26OCT042200-00,0.0110,300.00,yes
2026-10-05T01:58:22.277979Z,KXBTC15M-26OCT042200-00,0.0110,60.00,yes
2026-10-05T01:58:22.277979Z,KXBTC15M-26OCT042200-00,0.0110,100.00,yes
2026-10-05T01:58:22.277979Z,KXBTC15M-26OCT042200-00,0.0110,200.00,yes
2026-10-05T01:58:22.277979Z,KXBTC15M-26OCT042200-00,0.0110,0.01,yes
2026-10-05T01:58:22.277979Z,KXBTC15M-26OCT042200-00,0.0110,0.01,yes
2026-10-05T01:58:22.277979Z,KXBTC15M-26OCT042200-00,0.0110,15.00,yes
2026-10-05T01:58:22.277979Z,KXBTC15M-26OCT042200-00,0.0110,30.00,yes
2026-10-05T01:58:22.277979Z,KXBTC15M-26OCT042200-00,0.0110,121.69,yes
2026-10-05T01:58:22.277979Z,KXBTC15M-26OCT042200-00,0.0110,186.60,yes
2026-10-05T01:58:22.300397Z,KXBTC15M-26OCT042200-00,0.0110,162.90,yes
2026-10-05T01:58:22.311901Z,KXBTC15M-26OCT042200-00,0.0110,72.27,yes
2026-10-05T01:58:22.318842Z,KXBTC15M-26OCT042200-00,0.0110,7.79,yes
2026-10-05T01:58:22.326841Z,KXBTC15M-26OCT042200-00,0.0100,13.92,no
2026-10-05T01:58:22.326841Z,KXBTC15M-26OCT042200-00,0.0100,50.00,no
2026-10-05T01:58:22.326841Z,KXBTC15M-26OCT042200-00,0.0100,0.01,no
2026-10-05T01:58:22.326841Z,KXBTC15M-26OCT042200-00,0.0100,0.01,no
2026-10-05T01:58:22.326841Z,KXBTC15M-26OCT042200-00,0.0100,150.00,no
2026-10-05T01:58:22.381919Z,KXBTC15M-26OCT042200-00,0.0100,0.01,no
2026-10-05T01:58:22.381919Z,KXBTC15M-26OCT042200-00,0.0100,50.00,no
2026-10-05T01:58:22.381919Z,KXBTC15M-26OCT042200-00,0.0100,0.01,no
2026-10-05T01:58:22.381919Z,KXBTC15M-26OCT042200-00,0.0060,6.31,no
2026-10-05T01:58:22.381919Z,KXBTC15M-26OCT042200-00,0.0100,1.08,no
2026-10-05T01:58:22.408569Z,KXBTC15M-26OCT042200-00,0.0110,31.29,yes
2026-10-05T01:58:22.408569Z,KXBTC15M-26OCT042200-00,0.0110,135.35,yes
2026-10-05T01:58:22.420133Z,KXBTC15M-26OCT042200-00,0.0110,67.63,yes
2026-10-05T01:58:22.420133Z,KXBTC15M-26OCT042200-00,0.0110,0.01,yes
2026-10-05T01:58:22.420133Z,KXBTC15M-26OCT042200-00,0.0110,468.71,yes
2026-10-05T01:58:22.46396Z,KXBTC15M-26OCT042200-00,0.0110,34.27,yes
2026-10-05T01:58:22.46396Z,KXBTC15M-26OCT042200-00,0.0110,132.37,yes
2026-10-05T01:58:22.480719Z,KXBTC15M-26OCT042200-00,0.0110,0.01,yes
2026-10-05T01:58:22.480719Z,KXBTC15M-26OCT042200-00,0.0110,15.00,yes
2026-10-05T01:58:22.480719Z,KXBTC15M-26OCT042200-00,0.0110,65.73,yes
2026-10-05T01:58:22.480719Z,KXBTC15M-26OCT042200-00,0.0110,85.90,yes
2026-10-05T01:58:22.554468Z,KXBTC15M-26OCT042200-00,0.0110,5.15,yes
2026-10-05T01:58:22.642814Z,KXBTC15M-26OCT042200-00,0.0110,0.01,yes
2026-10-05T01:58:22.642814Z,KXBTC15M-26OCT042200-00,0.0110,21.85,yes
2026-10-05T01:58:22.642814Z,KXBTC15M-26OCT042200-00,0.0110,63.15,yes
2026-10-05T01:58:22.642814Z,KXBTC15M-26OCT042200-00,0.0110,0.01,yes
2026-10-05T01:58:22.713618Z,KXBTC15M-26OCT042200-00,0.0110,365.37,yes
2026-10-05T01:58:22.713618Z,KXBTC15M-26OCT042200-00,0.0110,36.85,yes
2026-10-05T01:58:22.713618Z,KXBTC15M-26OCT042200-00,0.0110,400.00,yes
2026-10-05T01:58:22.713618Z,KXBTC15M-26OCT042200-00,0.0110,15.00,yes
2026-10-05T01:58:22.713618Z,KXBTC15M-26OCT042200-00,0.0110,16.00,yes
2026-10-05T01:58:22.798628Z,KXBTC15M-26OCT042200-00,0.0100,15.00,no
2026-10-05T01:58:22.798628Z,KXBTC15M-26OCT042200-00,0.0100,0.01,no
2026-10-05T01:58:22.798628Z,KXBTC15M-26OCT042200-00,0.0100,0.01,no
2026-10-05T01:58:22.798628Z,KXBTC15M-26OCT042200-00,0.0100,50.00,no
2026-10-05T01:58:22.798628Z,KXBTC15M-26OCT042200-00,0.0100,35.51,no
2026-10-05T01:58:22.899799Z,KXBTC15M-26OCT042200-00,0.0110,9.35,yes
2026-10-05T01:58:23.105965Z,KXBTC15M-26OCT042200-00,0.0110,78.00,yes
2026-10-05T01:58:23.105965Z,KXBTC15M-26OCT042200-00,0.0110,0.03,yes
2026-10-05T01:58:23.105965Z,KXBTC15M-26OCT042200-00,0.0110,125.28,yes
2026-10-05T01:58:23.105965Z,KXBTC15M-26OCT042200-00,0.0110,0.01,yes
2026-10-05T01:58:23.105965Z,KXBTC15M-26OCT042200-00,0.0110,16.00,yes
2026-10-05T01:58:23.105965Z,KXBTC15M-26OCT042200-00,0.0110,0.01,yes
2026-10-05T01:58:23.105965Z,KXBTC15M-26OCT042200-00,0.0110,24.00,yes
2026-10-05T01:58:23.105965Z,KXBTC15M-26OCT042200-00,0.0110,15.00,yes
2026-10-05T01:58:23.105965Z,KXBTC15M-26OCT042200-00,0.0110,1.00,yes
2026-10-05T01:58:23.160333Z,KXBTC15M-26OCT042200-00,0.0110,0.01,yes
2026-10-05T01:58:23.160333Z,KXBTC15M-26OCT042200-00,0.0110,16.00,yes
2026-10-05T01:58:23.160333Z,KXBTC15M-26OCT042200-00,0.0110,100.00,yes
2026-10-05T01:58:23.160333Z,KXBTC15M-26OCT042200-00,0.0110,15.00,yes
2026-10-05T01:58:23.160333Z,KXBTC15M-26OCT042200-00,0.0110,66.43,yes
2026-10-05T01:58:23.160333Z,KXBTC15M-26OCT042200-00,0.0110,0.01,yes
2026-10-05T01:58:23.160333Z,KXBTC15M-26OCT042200-00,0.0110,400.00,yes
2026-10-05T01:58:23.178101Z,KXBTC15M-26OCT042200-00,0.0100,15.00,no
2026-10-05T01:58:23.178101Z,KXBTC15M-26OCT042200-00,0.0060,200.00,no
2026-10-05T01:58:23.178101Z,KXBTC15M-26OCT042200-00,0.0060,20.00,no
2026-10-05T01:58:23.178101Z,KXBTC15M-26OCT042200-00,0.0100,15.00,no
2026-10-05T01:58:23.178101Z,KXBTC15M-26OCT042200-00,0.0100,15.00,no
2026-10-05T01:58:23.178101Z,KXBTC15M-26OCT042200-00,0.0100,0.01,no
2026-10-05T01:58:23.178101Z,KXBTC15M-26OCT042200-00,0.0060,69.00,no
2026-10-05T01:58:23.178101Z,KXBTC15M-26OCT042200-00,0.0100,0.01,no
2026-10-05T01:58:23.178101Z,KXBTC15M-26OCT042200-00,0.0050,50.00,no
2026-10-05T01:58:23.178101Z,KXBTC15M-26OCT042200-00,0.0050,45.08,no
2026-10-05T01:58:23.178101Z,KXBTC15M-26OCT042200-00,0.0050,21.84,no
2026-10-05T01:58:23.178494Z,KXBTC15M-26OCT042200-00,0.0110,0.01,yes
2026-10-05T01:58:23.178494Z,KXBTC15M-26OCT042200-00,0.0110,69.00,yes
2026-10-05T01:58:23.178494Z,KXBTC15M-26OCT042200-00,0.0110,0.01,yes
2026-10-05T01:58:23.178494Z,KXBTC15M-26OCT042200-00,0.0110,16.00,yes
2026-10-05T01:58:23.228434Z,KXBTC15M-26OCT042200-00,0.0120,0.03,yes
2026-10-05T01:58:23.228434Z,KXBTC15M-26OCT042200-00,0.0120,1.00,yes
2026-10-05T01:58:23.228434Z,KXBTC15M-26OCT042200-00,0.0110,16.00,yes
2026-10-05T01:58:23.228434Z,KXBTC15M-26OCT042200-00,0.0110,120.00,yes
2026-10-05T01:58:23.228434Z,KXBTC15M-26OCT042200-00,0.0110,200.00,yes
2026-10-05T01:58:23.228434Z,KXBTC15M-26OCT042200-00,0.0110,29.00,yes
2026-10-05T01:58:23.228434Z,KXBTC15M-26OCT042200-00,0.0110,0.01,yes
2026-10-05T01:58:23.228434Z,KXBTC15M-26OCT042200-00,0.0110,15.00,yes
2026-10-05T01:58:23.228434Z,KXBTC15M-26OCT042200-00,0.0110,0.01,yes
2026-10-05T01:58:23.228434Z,KXBTC15M-26OCT042200-00,0.0120,491.85,yes
2026-10-05T01:58:23.228844Z,KXBTC15M-26OCT042200-00,0.0050,15.00,no
2026-10-05T01:58:23.228844Z,KXBTC15M-26OCT042200-00,0.0050,15.00,no
2026-10-05T01:58:23.228844Z,KXBTC15M-26OCT042200-00,0.0050,15.00,no
2026-10-05T01:58:23.228844Z,KXBTC15M-26OCT042200-00,0.0050,17.00,no
2026-10-05T01:58:23.228844Z,KXBTC15M-26OCT042200-00,0.0050,93.75,no
2026-10-05T01:58:23.228844Z,KXBTC15M-26OCT042200-00,0.0050,200.00,no
2026-10-05T01:58:23.228844Z,KXBTC15M-26OCT042200-00,0.0100,0.01,no
2026-10-05T01:58:23.228844Z,KXBTC15M-26OCT042200-00,0.0060,500.00,no
2026-10-05T01:58:23.228844Z,KXBTC15M-26OCT042200-00,0.0060,915.00,no
2026-10-05T01:58:23.228844Z,KXBTC15M-26OCT042200-00,0.0050,64.00,no
2026-10-05T01:58:23.228844Z,KXBTC15M-26OCT042200-00,0.0100,0.01,no
2026-10-05T01:58:23.228844Z,KXBTC15M-26OCT042200-00,0.0060,20.00,no
2026-10-05T01:58:23.228844Z,KXBTC15M-26OCT042200-00,0.0050,64.00,no
2026-10-05T01:58:23.228844Z,KXBTC15M-26OCT042200-00,0.0060,500.00,no
2026-10-05T01:58:23.228844Z,KXBTC15M-26OCT042200-00,0.0050,15.00,no
2026-10-05T01:58:23.228844Z,KXBTC15M-26OCT042200-00,0.0050,0.01,no
2026-10-05T01:58:23.228844Z,KXBTC15M-26OCT042200-00,0.0050,93.75,no
2026-10-05T01:58:23.228844Z,KXBTC15M-26OCT042200-00,0.0050,15.00,no
2026-10-05T01:58:23.228844Z,KXBTC15M-26OCT042200-00,0.0050,100.00,no
2026-10-05T01:58:23.228844Z,KXBTC15M-26OCT042200-00,0.0050,50.00,no
2026-10-05T01:58:23.228844Z,KXBTC15M-26OCT042200-00,0.0050,50.00,no
2026-10-05T01:58:23.228844Z,KXBTC15M-26OCT042200-00,0.0050,100.00,no
2026-10-05T01:58:23.228844Z,KXBTC15M-26OCT042200-00,0.0050,2.00,no
2026-10-05T01:58:23.228844Z,KXBTC15M-26OCT042200-00,0.0050,15.00,no
2026-10-05T01:58:23.228844Z,KXBTC15M-26OCT042200-00,0.0050,50.00,no
2026-10-05T01:58:23.228844Z,KXBTC15M-26OCT042200-00,0.0050,50.00,no
2026-10-05T01:58:23.228844Z,KXBTC15M-26OCT042200-00,0.0050,100.00,no
2026-10-05T01:58:23.228844Z,KXBTC15M-26OCT042200-00,0.0050,158.16,no
2026-10-05T01:58:23.228844Z,KXBTC15M-26OCT042200-00,0.0040,98.12,no
2026-10-05T01:58:23.250428Z,KXBTC15M-26OCT042200-00,0.0110,166.63,yes
2026-10-05T01:58:23.250428Z,KXBTC15M-26OCT042200-00,0.0110,0.01,yes
2026-10-05T01:58:23.319886Z,KXBTC15M-26OCT042200-00,0.0110,0.03,yes
2026-10-05T01:58:23.319886Z,KXBTC15M-26OCT042200-00,0.0110,199.37,yes
2026-10-05T01:58:23.319886Z,KXBTC15M-26OCT042200-00,0.0110,0.01,yes
2026-10-05T01:58:23.319886Z,KXBTC15M-26OCT042200-00,0.0110,16.00,yes
2026-10-05T01:58:23.319886Z,KXBTC15M-26OCT042200-00,0.0110,200.00,yes
2026-10-05T01:58:23.319886Z,KXBTC15M-26OCT042200-00,0.0110,1.00,yes
2026-10-05T01:58:23.319886Z,KXBTC15M-26OCT042200-00,0.0110,98.12,yes
2026-10-05T01:58:23.319886Z,KXBTC15M-26OCT042200-00,0.0110,15.00,yes
2026-10-05T01:58:23.319886Z,KXBTC15M-26OCT042200-00,0.0110,0.01,yes
2026-10-05T01:58:23.319886Z,KXBTC15M-26OCT042200-00,0.0110,792.00,yes
2026-10-05T01:58:23.358611Z,KXBTC15M-26OCT042200-00,0.0100,0.01,no
2026-10-05T01:58:23.358611Z,KXBTC15M-26OCT042200-00,0.0100,15.00,no
2026-10-05T01:58:23.358611Z,KXBTC15M-26OCT042200-00,0.0100,0.01,no
2026-10-05T01:58:23.358611Z,KXBTC15M-26OCT042200-00,0.0100,0.08,no
2026-10-05T01:58:23.57593Z,KXBTC15M-26OCT042200-00,0.0100,0.08,no
2026-10-05T01:58:23.57593Z,KXBTC15M-26OCT042200-00,0.0100,0.01,no
2026-10-05T01:58:23.57593Z,KXBTC15M-26OCT042200-00,0.0100,0.01,no
2026-10-05T01:58:23.57593Z,KXBTC15M-26OCT042200-00,0.0100,14.92,no
2026-10-05T01:58:23.642116Z,KXBTC15M-26OCT042200-00,0.0100,16.72,no
2026-10-05T01:58:23.838634Z,KXBTC15M-26OCT042200-00,0.0110,0.01,yes
2026-10-05T01:58:23.838634Z,KXBTC15M-26OCT042200-00,0.0110,25.00,yes
2026-10-05T01:58:23.838634Z,KXBTC15M-26OCT042200-00,0.0110,89.19,yes
2026-10-05T01:58:23.838634Z,KXBTC15M-26OCT042200-00,0.0110,16.00,yes
2026-10-05T01:58:23.838634Z,KXBTC15M-26OCT042200-00,0.0110,15.00,yes
2026-10-05T01:58:23.838634Z,KXBTC15M-26OCT042200-00,0.0110,0.01,yes
2026-10-05T01:58:23.838634Z,KXBTC15M-26OCT042200-00,0.0110,0.03,yes
2026-10-05T01:58:23.838634Z,KXBTC15M-26OCT042200-00,0.0110,15.00,yes
2026-10-05T01:58:24.077179Z,KXBTC15M-26OCT042200-00,0.0100,47.43,no
2026-10-05T01:58:24.077179Z,KXBTC15M-26OCT042200-00,0.0100,0.01,no
2026-10-05T01:58:24.077179Z,KXBTC15M-26OCT042200-00,0.0100,2.55,no
2026-10-05T01:58:24.077179Z,KXBTC15M-26OCT042200-00,0.0100,0.01,no
2026-10-05T01:58:24.100537Z,KXBTC15M-26OCT042200-00,0.0100,12.45,no
2026-10-05T01:58:24.100537Z,KXBTC15M-26OCT042200-00,0.0100,15.00,no
2026-10-05T01:58:24.100537Z,KXBTC15M-26OCT042200-00,0.0100,123.88,no
2026-10-05T01:58:24.166571Z,KXBTC15M-26OCT042200-00,0.0100,27.79,no
2026-10-05T01:58:24.219111Z,KXBTC15M-26OCT042200-00,0.0110,6.09,yes
2026-10-05T01:58:24.223863Z,KXBTC15M-26OCT042200-00,0.0090,568.13,no
2026-10-05T01:58:24.223863Z,KXBTC15M-26OCT042200-00,0.0100,431.85,no
2026-10-05T01:58:24.223863Z,KXBTC15M-26OCT042200-00,0.0100,0.01,no
2026-10-05T01:58:24.223863Z,KXBTC15M-26OCT042200-00,0.0100,0.01,no
2026-10-05T01:58:24.249009Z,KXBTC15M-26OCT042200-00,0.0070,13.82,no
2026-10-05T01:58:24.249009Z,KXBTC15M-26OCT042200-00,0.0090,0.01,no
2026-10-05T01:58:24.249009Z,KXBTC15M-26OCT042200-00,0.0090,0.01,no
2026-10-05T01:58:24.276043Z,KXBTC15M-26OCT042200-00,0.0090,280.54,no
2026-10-05T01:58:24.276043Z,KXBTC15M-26OCT042200-00,0.0090,71.75,no
2026-10-05T01:58:24.276043Z,KXBTC15M-26OCT042200-00,0.0090,0.01,no
2026-10-05T01:58:24.276043Z,KXBTC15M-26OCT042200-00,0.0090,0.01,no
2026-10-05T01:58:24.331113Z,KXBTC15M-26OCT042200-00,0.0100,85.02,yes
2026-10-05T01:58:24.331367Z,KXBTC15M-26OCT042200-00,0.0090,2.27,no
2026-10-05T01:58:24.331367Z,KXBTC15M-26OCT042200-00,0.0090,0.01,no
2026-10-05T01:58:24.37999Z,KXBTC15M-26OCT042200-00,0.0090,400.00,no
2026-10-05T01:58:24.507027Z,KXBTC15M-26OCT042200-00,0.0070,0.98,no
2026-10-05T01:58:24.507027Z,KXBTC15M-26OCT042200-00,0.0070,0.01,no
2026-10-05T01:58:24.507027Z,KXBTC15M-26OCT042200-00,0.0070,0.01,no
2026-10-05T01:58:24.536945Z,KXBTC15M-26OCT042200-00,0.0080,36.33,yes
2026-10-05T01:58:24.587389Z,KXBTC15M-26OCT042200-00,0.0070,100.00,no
2026-10-05T01:58:24.587389Z,KXBTC15M-26OCT042200-00,0.0070,500.00,no
2026-10-05T01:58:24.587389Z,KXBTC15M-26OCT042200-00,0.0070,345.64,no
2026-10-05T01:58:24.587389Z,KXBTC15M-26OCT042200-00,0.0070,783.02,no
2026-10-05T01:58:24.60292Z,KXBTC15M-26OCT042200-00,0.0080,45.00,yes
2026-10-05T01:58:24.608445Z,KXBTC15M-26OCT042200-00,0.0080,85.02,yes
2026-10-05T01:58:24.621671Z,KXBTC15M-26OCT042200-00,0.0080,36.33,yes
2026-10-05T01:58:24.639378Z,KXBTC15M-26OCT042200-00,0.0080,0.01,yes
2026-10-05T01:58:24.639378Z,KXBTC15M-26OCT042200-00,0.0080,680.81,yes
2026-10-05T01:58:24.639378Z,KXBTC15M-26OCT042200-00,0.0080,0.01,yes
2026-10-05T01:58:24.639378Z,KXBTC15M-26OCT042200-00,0.0080,37.32,yes
2026-10-05T01:58:24.639378Z,KXBTC15M-26OCT042200-00,0.0080,15.00,yes
2026-10-05T01:58:24.639378Z,KXBTC15M-26OCT042200-00,0.0080,15.00,yes
2026-10-05T01:58:24.681993Z,KXBTC15M-26OCT042200-00,0.0080,36.33,yes
2026-10-05T01:58:24.747361Z,KXBTC15M-26OCT042200-00,0.0080,71.07,yes
2026-10-05T01:58:24.750445Z,KXBTC15M-26OCT042200-00,0.0080,36.33,yes
2026-10-05T01:58:24.793676Z,KXBTC15M-26OCT042200-00,0.0080,42.51,yes
2026-10-05T01:58:24.832045Z,KXBTC15M-26OCT042200-00,0.0070,24.02,no
2026-10-05T01:58:24.87914Z,KXBTC15M-26OCT042200-00,0.0070,15.69,no
2026-10-05T01:58:24.87914Z,KXBTC15M-26OCT042200-00,0.0070,30.34,no
2026-10-05T01:58:24.894988Z,KXBTC15M-26OCT042200-00,0.0080,68.95,yes
2026-10-05T01:58:24.894988Z,KXBTC15M-26OCT042200-00,0.0080,160.14,yes
2026-10-05T01:58:24.89678Z,KXBTC15M-26OCT042200-00,0.0080,100.00,yes
2026-10-05T01:58:24.924742Z,KXBTC15M-26OCT042200-00,0.0080,36.33,yes
2026-10-05T01:58:24.947458Z,KXBTC15M-26OCT042200-00,0.0070,0.01,no
2026-10-05T01:58:24.947458Z,KXBTC15M-26OCT042200-00,0.0070,15.00,no
2026-10-05T01:58:24.947458Z,KXBTC15M-26OCT042200-00,0.0070,0.01,no
2026-10-05T01:58:24.947458Z,KXBTC15M-26OCT042200-00,0.0070,184.31,no
2026-10-05T01:58:24.947458Z,KXBTC15M-26OCT042200-00,0.0070,17.59,no
2026-10-05T01:58:24.947458Z,KXBTC15M-26OCT042200-00,0.0070,100.00,no
2026-10-05T01:58:24.947458Z,KXBTC15M-26OCT042200-00,0.0070,15.00,no
2026-10-05T01:58:24.949488Z,KXBTC15M-26OCT042200-00,0.0080,457.76,yes
2026-10-05T01:58:25.004488Z,KXBTC15M-26OCT042200-00,0.0080,15.00,yes
2026-10-05T01:58:25.004488Z,KXBTC15M-26OCT042200-00,0.0080,15.40,yes
2026-10-05T01:58:25.004488Z,KXBTC15M-26OCT042200-00,0.0080,0.01,yes
2026-10-05T01:58:25.004488Z,KXBTC15M-26OCT042200-00,0.0080,0.01,yes
2026-10-05T01:58:25.004488Z,KXBTC15M-26OCT042200-00,0.0080,5.91,yes
2026-10-05T01:58:25.081709Z,KXBTC15M-26OCT042200-00,0.0080,36.33,yes
2026-10-05T01:58:25.090232Z,KXBTC15M-26OCT042200-00,0.0080,56.50,yes
2026-10-05T01:58:25.099225Z,KXBTC15M-26OCT042200-00,0.0080,300.39,yes
2026-10-05T01:58:25.107031Z,KXBTC15M-26OCT042200-00,0.0070,200.00,no
2026-10-05T01:58:25.107031Z,KXBTC15M-26OCT042200-00,0.0070,100.00,no
2026-10-05T01:58:25.107031Z,KXBTC15M-26OCT042200-00,0.0070,307.00,no
2026-10-05T01:58:25.14887Z,KXBTC15M-26OCT042200-00,0.0070,32.00,no
2026-10-05T01:58:25.159611Z,KXBTC15M-26OCT042200-00,0.0080,0.03,yes
2026-10-05T01:58:25.159611Z,KXBTC15M-26OCT042200-00,0.0080,0.01,yes
2026-10-05T01:58:25.159611Z,KXBTC15M-26OCT042200-00,0.0080,15.00,yes
2026-10-05T01:58:25.159611Z,KXBTC15M-26OCT042200-00,0.0080,0.01,yes
2026-10-05T01:58:25.202654Z,KXBTC15M-26OCT042200-00,0.0080,80.00,no
2026-10-05T01:58:25.203589Z,KXBTC15M-26OCT042200-00,0.0080,70.00,no
2026-10-05T01:58:25.203589Z,KXBTC15M-26OCT042200-00,0.0080,9.99,no
2026-10-05T01:58:25.203589Z,KXBTC15M-26OCT042200-00,0.0080,0.01,no
2026-10-05T01:58:25.204308Z,KXBTC15M-26OCT042200-00,0.0080,5.03,no
2026-10-05T01:58:25.205611Z,KXBTC15M-26OCT042200-00,0.0080,80.00,no
2026-10-05T01:58:25.205665Z,KXBTC15M-26OCT042200-00,0.0080,4.98,no
2026-10-05T01:58:25.205665Z,KXBTC15M-26OCT042200-00,0.0080,0.01,no
2026-10-05T01:58:25.205665Z,KXBTC15M-26OCT042200-00,0.0080,75.01,no
2026-10-05T01:58:25.214993Z,KXBTC15M-26OCT042200-00,0.0090,0.03,yes
2026-10-05T01:58:25.214993Z,KXBTC15M-26OCT042200-00,0.0090,21.25,yes
2026-10-05T01:58:25.224013Z,KXBTC15M-26OCT042200-00,0.0070,0.01,no
2026-10-05T01:58:25.224013Z,KXBTC15M-26OCT042200-00,0.0070,15.00,no
2026-10-05T01:58:25.224013Z,KXBTC15M-26OCT042200-00,0.0070,0.01,no
2026-10-05T01:58:25.224013Z,KXBTC15M-26OCT042200-00,0.0070,15.00,no
2026-10-05T01:58:25.224013Z,KXBTC15M-26OCT042200-00,0.0070,49.98,no
2026-10-05T01:58:25.230761Z,KXBTC15M-26OCT042200-00,0.0070,80.00,no
2026-10-05T01:58:25.244048Z,KXBTC15M-26OCT042200-00,0.0080,1.03,yes
2026-10-05T01:58:25.418194Z,KXBTC15M-26OCT042200-00,0.0080,7.26,yes
2026-10-05T01:58:25.462558Z,KXBTC15M-26OCT042200-00,0.0070,168.67,no
2026-10-05T01:58:25.462558Z,KXBTC15M-26OCT042200-00,0.0070,15.00,no
2026-10-05T01:58:25.462558Z,KXBTC15M-26OCT042200-00,0.0070,15.00,no
2026-10-05T01:58:25.51505Z,KXBTC15M-26OCT042200-00,0.0080,6.71,yes
2026-10-05T01:58:25.51505Z,KXBTC15M-26OCT042200-00,0.0080,0.55,yes
2026-10-05T01:58:25.540467Z,KXBTC15M-26OCT042200-00,0.0070,201.31,no
2026-10-05T01:58:25.58645Z,KXBTC15M-26OCT042200-00,0.0080,7.26,yes
2026-10-05T01:58:25.622042Z,KXBTC15M-26OCT042200-00,0.0070,24.90,no
2026-10-05T01:58:25.691903Z,KXBTC15M-26OCT042200-00,0.0080,7.19,yes
2026-10-05T01:58:25.691903Z,KXBTC15M-26OCT042200-00,0.0080,0.01,yes
2026-10-05T01:58:25.691903Z,KXBTC15M-26OCT042200-00,0.0080,0.01,yes
2026-10-05T01:58:25.691903Z,KXBTC15M-26OCT042200-00,0.0080,0.05,yes
2026-10-05T01:58:25.779033Z,KXBTC15M-26OCT042200-00,0.0070,5.12,no
2026-10-05T01:58:25.779033Z,KXBTC15M-26OCT042200-00,0.0070,95.89,no
2026-10-05T01:58:25.801583Z,KXBTC15M-26OCT042200-00,0.0080,7.26,yes
2026-10-05T01:58:25.841384Z,KXBTC15M-26OCT042200-00,0.0070,104.11,no
2026-10-05T01:58:25.841384Z,KXBTC15M-26OCT042200-00,0.0070,254.16,no
2026-10-05T01:58:25.841384Z,KXBTC15M-26OCT042200-00,0.0070,15.00,no
2026-10-05T01:58:25.841384Z,KXBTC15M-26OCT042200-00,0.0070,15.00,no
2026-10-05T01:58:25.841384Z,KXBTC15M-26OCT042200-00,0.0070,15.00,no
2026-10-05T01:58:25.841384Z,KXBTC15M-26OCT042200-00,0.0070,100.00,no
2026-10-05T01:58:25.851094Z,KXBTC15M-26OCT042200-00,0.0070,3.00,no
2026-10-05T01:58:25.871884Z,KXBTC15M-26OCT042200-00,0.0080,0.01,yes
2026-10-05T01:58:25.871884Z,KXBTC15M-26OCT042200-00,0.0080,0.01,yes
2026-10-05T01:58:25.871884Z,KXBTC15M-26OCT042200-00,0.0080,12.29,yes
2026-10-05T01:58:25.871884Z,KXBTC15M-26OCT042200-00,0.0080,7.69,yes
2026-10-05T01:58:25.87436Z,KXBTC15M-26OCT042200-00,0.0080,2.71,yes
2026-10-05T01:58:25.87436Z,KXBTC15M-26OCT042200-00,0.0080,114.17,yes
2026-10-05T01:58:25.890948Z,KXBTC15M-26OCT042200-00,0.0080,7.26,yes
2026-10-05T01:58:25.918569Z,KXBTC15M-26OCT042200-00,0.0080,15.00,yes
2026-10-05T01:58:25.918569Z,KXBTC15M-26OCT042200-00,0.0080,22.95,yes
2026-10-05T01:58:25.918569Z,KXBTC15M-26OCT042200-00,0.0080,0.01,yes
2026-10-05T01:58:25.918569Z,KXBTC15M-26OCT042200-00,0.0080,0.01,yes
2026-10-05T01:58:25.918569Z,KXBTC15M-26OCT042200-00,0.0080,4.57,yes
2026-10-05T01:58:25.957732Z,KXBTC15M-26OCT042200-00,0.0080,25.00,yes
2026-10-05T01:58:25.958618Z,KXBTC15M-26OCT042200-00,0.0080,15.00,yes
2026-10-05T01:58:25.958618Z,KXBTC15M-26OCT042200-00,0.0080,0.01,yes
2026-10-05T01:58:25.958618Z,KXBTC15M-26OCT042200-00,0.0080,296.91,yes
2026-10-05T01:58:25.958618Z,KXBTC15M-26OCT042200-00,0.0080,0.01,yes
2026-10-05T01:58:25.958618Z,KXBTC15M-26OCT042200-00,0.0080,210.05,yes
2026-10-05T01:58:25.958971Z,KXBTC15M-26OCT042200-00,0.0080,36.33,yes
2026-10-05T01:58:25.988629Z,KXBTC15M-26OCT042200-00,0.0090,88.89,yes
2026-10-05T01:58:25.988629Z,KXBTC15M-26OCT042200-00,0.0080,0.01,yes
2026-10-05T01:58:25.988629Z,KXBTC15M-26OCT042200-00,0.0080,0.01,yes
2026-10-05T01:58:25.988629Z,KXBTC15M-26OCT042200-00,0.0080,15.00,yes
2026-10-05T01:58:26.00113Z,KXBTC15M-26OCT042200-00,0.0090,205.59,yes
2026-10-05T01:58:26.015698Z,KXBTC15M-26OCT042200-00,0.0110,223.21,yes
2026-10-05T01:58:26.015698Z,KXBTC15M-26OCT042200-00,0.0100,0.03,yes
2026-10-05T01:58:26.015698Z,KXBTC15M-26OCT042200-00,0.0110,0.03,yes
2026-10-05T01:58:26.015698Z,KXBTC15M-26OCT042200-00,0.0100,50.00,yes
2026-10-05T01:58:26.015698Z,KXBTC15M-26OCT042200-00,0.0090,0.01,yes
2026-10-05T01:58:26.015698Z,KXBTC15M-26OCT042200-00,0.0100,5.00,yes
2026-10-05T01:58:26.015698Z,KXBTC15M-26OCT042200-00,0.0090,0.01,yes
2026-10-05T01:58:26.015698Z,KXBTC15M-26OCT042200-00,0.0100,15.00,yes
2026-10-05T01:58:26.015698Z,KXBTC15M-26OCT042200-00,0.0090,0.03,yes
2026-10-05T01:58:26.015698Z,KXBTC15M-26OCT042200-00,0.0100,16.00,yes
2026-10-05T01:58:26.015698Z,KXBTC15M-26OCT042200-00,0.0100,13.00,yes
2026-10-05T01:58:26.081847Z,KXBTC15M-26OCT042200-00,0.0100,0.01,yes
2026-10-05T01:58:26.081847Z,KXBTC15M-26OCT042200-00,0.0100,36.31,yes
2026-10-05T01:58:26.081847Z,KXBTC15M-26OCT042200-00,0.0100,0.01,yes
2026-10-05T01:58:26.186117Z,KXBTC15M-26OCT042200-00,0.0100,63.31,yes
2026-10-05T01:58:26.186117Z,KXBTC15M-26OCT042200-00,0.0100,15.00,yes
2026-10-05T01:58:26.186117Z,KXBTC15M-26OCT042200-00,0.0100,13.69,yes
2026-10-05T01:58:26.333584Z,KXBTC15M-26OCT042200-00,0.0090,11.11,no
2026-10-05T01:58:26.336145Z,KXBTC15M-26OCT042200-00,0.0090,25.16,no
2026-10-05T01:58:26.362338Z,KXBTC15M-26OCT042200-00,0.0090,17.00,no
2026-10-05T01:58:26.367321Z,KXBTC15M-26OCT042200-00,0.0100,10.17,yes
2026-10-05T01:58:26.367321Z,KXBTC15M-26OCT042200-00,0.0100,0.01,yes
2026-10-05T01:58:26.367321Z,KXBTC15M-26OCT042200-00,0.0100,0.01,yes
2026-10-05T01:58:26.391117Z,KXBTC15M-26OCT042200-00,0.0090,0.01,no
2026-10-05T01:58:26.391117Z,KXBTC15M-26OCT042200-00,0.0090,96.73,no
2026-10-05T01:58:26.391117Z,KXBTC15M-26OCT042200-00,0.0090,104.56,no
2026-10-05T01:58:26.391117Z,KXBTC15M-26OCT042200-00,0.0090,0.01,no
2026-10-05T01:58:26.41979Z,KXBTC15M-26OCT042200-00,0.0090,0.85,no
2026-10-05T01:58:26.603639Z,KXBTC15M-26OCT042200-00,0.0090,403.63,no
2026-10-05T01:58:26.63662Z,KXBTC15M-26OCT042200-00,0.0100,3.83,yes
2026-10-05T01:58:26.63662Z,KXBTC15M-26OCT042200-00,0.0100,15.00,yes
2026-10-05T01:58:26.63662Z,KXBTC15M-26OCT042200-00,0.0100,0.03,yes
2026-10-05T01:58:26.63662Z,KXBTC15M-26OCT042200-00,0.0100,50.00,yes
2026-10-05T01:58:26.63662Z,KXBTC15M-26OCT042200-00,0.0100,15.33,yes
2026-10-05T01:58:26.648056Z,KXBTC15M-26OCT042200-00,0.0090,179.40,no
2026-10-05T01:58:26.704851Z,KXBTC15M-26OCT042200-00,0.0090,34.28,no
2026-10-05T01:58:26.716392Z,KXBTC15M-26OCT042200-00,0.0090,302.53,no
2026-10-05T01:58:26.837477Z,KXBTC15M-26OCT042200-00,0.0090,24.65,no
2026-10-05T01:58:26.973232Z,KXBTC15M-26OCT042200-00,0.0100,13.00,yes
2026-10-05T01:58:26.973232Z,KXBTC15M-26OCT042200-00,0.0100,0.01,yes
2026-10-05T01:58:26.973232Z,KXBTC15M-26OCT042200-00,0.0100,15.00,yes
2026-10-05T01:58:26.973232Z,KXBTC15M-26OCT042200-00,0.0100,50.00,yes
2026-10-05T01:58:26.973232Z,KXBTC15M-26OCT042200-00,0.0100,15.49,yes
2026-10-05T01:58:26.973232Z,KXBTC15M-26OCT042200-00,0.0100,0.01,yes
2026-10-05T01:58:27.020127Z,KXBTC15M-26OCT042200-00,0.0090,7.48,no
2026-10-05T01:58:27.026763Z,KXBTC15M-26OCT042200-00,0.0090,18.38,no
2026-10-05T01:58:27.035233Z,KXBTC15M-26OCT042200-00,0.0100,98.51,yes
2026-10-05T01:58:27.035233Z,KXBTC15M-26OCT042200-00,0.0100,67.82,yes
2026-10-05T01:58:27.126568Z,KXBTC15M-26OCT042200-00,0.0100,32.18,yes
2026-10-05T01:58:27.126568Z,KXBTC15M-26OCT042200-00,0.0100,61.33,yes
2026-10-05T01:58:27.179821Z,KXBTC15M-26OCT042200-00,0.0100,1.12,yes
2026-10-05T01:58:27.180798Z,KXBTC15M-26OCT042200-00,0.0090,19.71,no
2026-10-05T01:58:27.243252Z,KXBTC15M-26OCT042200-00,0.0100,0.33,yes
2026-10-05T01:58:27.275492Z,KXBTC15M-26OCT042200-00,0.0100,93.51,yes
2026-10-05T01:58:27.338753Z,KXBTC15M-26OCT042200-00,0.0090,6.00,no
2026-10-05T01:58:27.345462Z,KXBTC15M-26OCT042200-00,0.0100,1.03,yes
2026-10-05T01:58:27.352754Z,KXBTC15M-26OCT042200-00,0.0100,62.65,yes
2026-10-05T01:58:27.366798Z,KXBTC15M-26OCT042200-00,0.0100,86.03,yes
2026-10-05T01:58:27.366798Z,KXBTC15M-26OCT042200-00,0.0100,404.03,yes
2026-10-05T01:58:27.38451Z,KXBTC15M-26OCT042200-00,0.0090,50.42,no
2026-10-05T01:58:27.398137Z,KXBTC15M-26OCT042200-00,0.0100,313.97,yes
2026-10-05T01:58:27.398137Z,KXBTC15M-26OCT042200-00,0.0100,420.72,yes
2026-10-05T01:58:27.498568Z,KXBTC15M-26OCT042200-00,0.0110,0.03,yes
2026-10-05T01:58:27.498568Z,KXBTC15M-26OCT042200-00,0.0110,131.55,yes
2026-10-05T01:58:27.498568Z,KXBTC15M-26OCT042200-00,0.0100,200.00,yes
2026-10-05T01:58:27.498568Z,KXBTC15M-26OCT042200-00,0.0100,15.00,yes
2026-10-05T01:58:27.498568Z,KXBTC15M-26OCT042200-00,0.0100,0.01,yes
2026-10-05T01:58:27.498568Z,KXBTC15M-26OCT042200-00,0.0100,50.00,yes
2026-10-05T01:58:27.498568Z,KXBTC15M-26OCT042200-00,0.0100,0.01,yes
2026-10-05T01:58:27.498568Z,KXBTC15M-26OCT042200-00,0.0100,12.00,yes
2026-10-05T01:58:27.498568Z,KXBTC15M-26OCT042200-00,0.0100,400.00,yes
2026-10-05T01:58:27.498568Z,KXBTC15M-26OCT042200-00,0.0100,1.00,yes
2026-10-05T01:58:27.498568Z,KXBTC15M-26OCT042200-00,0.0100,100.00,yes
2026-10-05T01:58:27.498568Z,KXBTC15M-26OCT042200-00,0.0100,79.28,yes
2026-10-05T01:58:27.626105Z,KXBTC15M-26OCT042200-00,0.0250,500.00,yes
2026-10-05T01:58:27.626105Z,KXBTC15M-26OCT042200-00,0.0200,10.00,yes
2026-10-05T01:58:27.626105Z,KXBTC15M-26OCT042200-00,0.0170,0.03,yes
2026-10-05T01:58:27.626105Z,KXBTC15M-26OCT042200-00,0.0200,99.00,yes
2026-10-05T01:58:27.626105Z,KXBTC15M-26OCT042200-00,0.0270,500.00,yes
2026-10-05T01:58:27.626105Z,KXBTC15M-26OCT042200-00,0.0200,0.03,yes
2026-10-05T01:58:27.626105Z,KXBTC15M-26OCT042200-00,0.0190,0.03,yes
2026-10-05T01:58:27.626105Z,KXBTC15M-26OCT042200-00,0.0200,50.00,yes
2026-10-05T01:58:27.626105Z,KXBTC15M-26OCT042200-00,0.0210,99.00,yes
2026-10-05T01:58:27.626105Z,KXBTC15M-26OCT042200-00,0.0210,0.03,yes
2026-10-05T01:58:27.626105Z,KXBTC15M-26OCT042200-00,0.0180,0.03,yes
2026-10-05T01:58:27.626105Z,KXBTC15M-26OCT042200-00,0.0130,2.00,yes
2026-10-05T01:58:27.626105Z,KXBTC15M-26OCT042200-00,0.0140,2.00,yes
2026-10-05T01:58:27.626105Z,KXBTC15M-26OCT042200-00,0.0140,512.00,yes
2026-10-05T01:58:27.626105Z,KXBTC15M-26OCT042200-00,0.0190,500.00,yes
2026-10-05T01:58:27.626105Z,KXBTC15M-26OCT042200-00,0.0130,512.00,yes
2026-10-05T01:58:27.626105Z,KXBTC15M-26OCT042200-00,0.0130,0.03,yes
2026-10-05T01:58:27.626105Z,KXBTC15M-26OCT042200-00,0.0150,20.00,yes
2026-10-05T01:58:27.626105Z,KXBTC15M-26OCT042200-00,0.0160,500.00,yes
2026-10-05T01:58:27.626105Z,KXBTC15M-26OCT042200-00,0.0220,500.00,yes
2026-10-05T01:58:27.626105Z,KXBTC15M-26OCT042200-00,0.0140,474.88,yes
2026-10-05T01:58:27.626105Z,KXBTC15M-26OCT042200-00,0.0140,0.03,yes
2026-10-05T01:58:27.626105Z,KXBTC15M-26OCT042200-00,0.0200,64.00,yes
2026-10-05T01:58:27.626105Z,KXBTC15M-26OCT042200-00,0.0130,150.00,yes
2026-10-05T01:58:27.626105Z,KXBTC15M-26OCT042200-00,0.0160,0.03,yes
2026-10-05T01:58:27.626105Z,KXBTC15M-26OCT042200-00,0.0200,93.75,yes
2026-10-05T01:58:27.626105Z,KXBTC15M-26OCT042200-00,0.0200,64.00,yes
2026-10-05T01:58:27.626105Z,KXBTC15M-26OCT042200-00,0.0140,1111.29,yes
2026-10-05T01:58:27.626105Z,KXBTC15M-26OCT042200-00,0.0150,2.00,yes
2026-10-05T01:58:27.626105Z,KXBTC15M-26OCT042200-00,0.0140,512.00,yes
2026-10-05T01:58:27.626105Z,KXBTC15M-26OCT042200-00,0.0200,15.00,yes
2026-10-05T01:58:27.626105Z,KXBTC15M-26OCT042200-00,0.0200,8.00,yes
2026-10-05T01:58:27.626105Z,KXBTC15M-26OCT042200-00,0.0150,0.03,yes
2026-10-05T01:58:27.626105Z,KXBTC15M-26OCT042200-00,0.0130,150.00,yes
2026-10-05T01:58:27.626105Z,KXBTC15M-26OCT042200-00,0.0130,116.22,yes
2026-10-05T01:58:27.626105Z,KXBTC15M-26OCT042200-00,0.0150,15.00,yes
2026-10-05T01:58:27.626105Z,KXBTC15M-26OCT042200-00,0.0140,2.00,yes
2026-10-05T01:58:27.626105Z,KXBTC15M-26OCT042200-00,0.0260,2.00,yes
2026-10-05T01:58:27.626105Z,KXBTC15M-26OCT042200-00,0.0260,0.04,yes
2026-10-05T01:58:27.626105Z,KXBTC15M-26OCT042200-00,0.0240,0.03,yes
2026-10-05T01:58:27.626105Z,KXBTC15M-26OCT042200-00,0.0220,0.03,yes
2026-10-05T01:58:27.626105Z,KXBTC15M-26OCT042200-00,0.0250,0.04,yes
2026-10-05T01:58:27.626105Z,KXBTC15M-26OCT042200-00,0.0230,0.03,yes
2026-10-05T01:58:27.626105Z,KXBTC15M-26OCT042200-00,0.0270,0.05,yes
2026-10-05T01:58:27.626105Z,KXBTC15M-26OCT042200-00,0.0280,0.07,yes
2026-10-05T01:58:27.626105Z,KXBTC15M-26OCT042200-00,0.0120,15.00,yes
2026-10-05T01:58:27.626105Z,KXBTC15M-26OCT042200-00,0.0120,15.00,yes
2026-10-05T01:58:27.626105Z,KXBTC15M-26OCT042200-00,0.0100,200.00,yes
2026-10-05T01:58:27.626105Z,KXBTC15M-26OCT042200-00,0.0150,1.00,yes
2026-10-05T01:58:27.626105Z,KXBTC15M-26OCT042200-00,0.0220,1.00,yes
2026-10-05T01:58:27.626105Z,KXBTC15M-26OCT042200-00,0.0240,1.00,yes
2026-10-05T01:58:27.626105Z,KXBTC15M-26OCT042200-00,0.0100,12.00,yes
2026-10-05T01:58:27.626105Z,KXBTC15M-26OCT042200-00,0.0100,0.01,yes
2026-10-05T01:58:27.626105Z,KXBTC15M-26OCT042200-00,0.0130,1.00,yes
2026-10-05T01:58:27.626105Z,KXBTC15M-26OCT042200-00,0.0120,558.00,yes
2026-10-05T01:58:27.626105Z,KXBTC15M-26OCT042200-00,0.0170,1.00,yes
2026-10-05T01:58:27.626105Z,KXBTC15M-26OCT042200-00,0.0150,93.75,yes
2026-10-05T01:58:27.626105Z,KXBTC15M-26OCT042200-00,0.0110,1.00,yes
2026-10-05T01:58:27.626105Z,KXBTC15M-26OCT042200-00,0.0100,50.00,yes
2026-10-05T01:58:27.626105Z,KXBTC15M-26OCT042200-00,0.0140,1.00,yes
2026-10-05T01:58:27.626105Z,KXBTC15M-26OCT042200-00,0.0160,1.00,yes
2026-10-05T01:58:27.626105Z,KXBTC15M-26OCT042200-00,0.0100,400.00,yes
2026-10-05T01:58:27.626105Z,KXBTC15M-26OCT042200-00,0.0120,1.00,yes
2026-10-05T01:58:27.626105Z,KXBTC15M-26OCT042200-00,0.0110,24.00,yes
2026-10-05T01:58:27.626105Z,KXBTC15M-26OCT042200-00,0.0190,1.00,yes
2026-10-05T01:58:27.626105Z,KXBTC15M-26OCT042200-00,0.0100,0.01,yes
2026-10-05T01:58:27.626105Z,KXBTC15M-26OCT042200-00,0.0150,15.00,yes
2026-10-05T01:58:27.626105Z,KXBTC15M-26OCT042200-00,0.0180,1.00,yes
2026-10-05T01:58:27.626105Z,KXBTC15M-26OCT042200-00,0.0210,18.00,yes
2026-10-05T01:58:27.626105Z,KXBTC15M-26OCT042200-00,0.0120,558.00,yes
2026-10-05T01:58:27.626105Z,KXBTC15M-26OCT042200-00,0.0200,1.00,yes
2026-10-05T01:58:27.626105Z,KXBTC15M-26OCT042200-00,0.0110,200.00,yes
2026-10-05T01:58:27.626105Z,KXBTC15M-26OCT042200-00,0.0210,1.00,yes
2026-10-05T01:58:27.626105Z,KXBTC15M-26OCT042200-00,0.0200,500.00,yes
2026-10-05T01:58:27.626105Z,KXBTC15M-26OCT042200-00,0.0230,1.00,yes
2026-10-05T01:58:27.626105Z,KXBTC15M-26OCT042200-00,0.0100,100.00,yes
2026-10-05T01:58:27.626105Z,KXBTC15M-26OCT042200-00,0.0150,93.75,yes
2026-10-05T01:58:27.626105Z,KXBTC15M-26OCT042200-00,0.0170,1000.00,yes
2026-10-05T01:58:27.626105Z,KXBTC15M-26OCT042200-00,0.0140,222.45,yes
2026-10-05T01:58:27.626105Z,KXBTC15M-26OCT042200-00,0.0140,15.00,yes
2026-10-05T01:58:27.626105Z,KXBTC15M-26OCT042200-00,0.0200,500.00,yes
2026-10-05T01:58:27.626105Z,KXBTC15M-26OCT042200-00,0.0120,15.00,yes
2026-10-05T01:58:27.626105Z,KXBTC15M-26OCT042200-00,0.0130,1000.00,yes
2026-10-05T01:58:27.626105Z,KXBTC15M-26OCT042200-00,0.0150,64.00,yes
2026-10-05T01:58:27.626105Z,KXBTC15M-26OCT042200-00,0.0230,1.00,yes
2026-10-05T01:58:27.626105Z,KXBTC15M-26OCT042200-00,0.0150,64.00,yes
2026-10-05T01:58:27.626105Z,KXBTC15M-26OCT042200-00,0.0130,2.00,yes
2026-10-05T01:58:27.626105Z,KXBTC15M-26OCT042200-00,0.0180,150.00,yes
2026-10-05T01:58:27.626105Z,KXBTC15M-26OCT042200-00,0.0120,0.03,yes
2026-10-05T01:58:27.626105Z,KXBTC15M-26OCT042200-00,0.0120,2.00,yes
2026-10-05T01:58:27.638262Z,KXBTC15M-26OCT042200-00,0.0280,1.00,no
2026-10-05T01:58:27.646829Z,KXBTC15M-26OCT042200-00,0.0280,10.61,no
2026-10-05T01:58:27.6491Z,KXBTC15M-26OCT042200-00,0.0280,302.00,no
2026-10-05T01:58:27.652244Z,KXBTC15M-26OCT042200-00,0.0200,50.00,no
2026-10-05T01:58:27.652244Z,KXBTC15M-26OCT042200-00,0.0260,500.00,no
2026-10-05T01:58:27.652244Z,KXBTC15M-26OCT042200-00,0.0200,500.00,no
2026-10-05T01:58:27.652244Z,KXBTC15M-26OCT042200-00,0.0160,385.59,no
2026-10-05T01:58:27.652244Z,KXBTC15M-26OCT042200-00,0.0280,0.01,no
2026-10-05T01:58:27.652244Z,KXBTC15M-26OCT042200-00,0.0280,0.01,no
2026-10-05T01:58:27.652244Z,KXBTC15M-26OCT042200-00,0.0200,15.00,no
2026-10-05T01:58:27.652244Z,KXBTC15M-26OCT042200-00,0.0180,500.00,no
2026-10-05T01:58:27.652244Z,KXBTC15M-26OCT042200-00,0.0270,10.00,no
2026-10-05T01:58:27.652244Z,KXBTC15M-26OCT042200-00,0.0280,1186.39,no
2026-10-05T01:58:27.652244Z,KXBTC15M-26OCT042200-00,0.0240,500.00,no
2026-10-05T01:58:27.652244Z,KXBTC15M-26OCT042200-00,0.0220,500.00,no
2026-10-05T01:58:27.652244Z,KXBTC15M-26OCT042200-00,0.0170,12.00,no
2026-10-05T01:58:27.65562Z,KXBTC15M-26OCT042200-00,0.0160,1.00,no
2026-10-05T01:58:27.662404Z,KXBTC15M-26OCT042200-00,0.0160,13.00,no
2026-10-05T01:58:27.662404Z,KXBTC15M-26OCT042200-00,0.0150,15.00,no
2026-10-05T01:58:27.662404Z,KXBTC15M-26OCT042200-00,0.0100,15.00,no
2026-10-05T01:58:27.662404Z,KXBTC15M-26OCT042200-00,0.0100,21.25,no
2026-10-05T01:58:27.662404Z,KXBTC15M-26OCT042200-00,0.0100,93.75,no
2026-10-05T01:58:27.662404Z,KXBTC15M-26OCT042200-00,0.0100,64.00,no
2026-10-05T01:58:27.662404Z,KXBTC15M-26OCT042200-00,0.0100,64.00,no
2026-10-05T01:58:27.662404Z,KXBTC15M-26OCT042200-00,0.0100,15.00,no
2026-10-05T01:58:27.667343Z,KXBTC15M-26OCT042200-00,0.0100,15.00,no
2026-10-05T01:58:27.667343Z,KXBTC15M-26OCT042200-00,0.0100,72.50,no
2026-10-05T01:58:27.667343Z,KXBTC15M-26OCT042200-00,0.0100,50.00,no
2026-10-05T01:58:27.667343Z,KXBTC15M-26OCT042200-00,0.0110,17.00,no
2026-10-05T01:58:27.692666Z,KXBTC15M-26OCT042200-00,0.0090,4.22,no
2026-10-05T01:58:27.692666Z,KXBTC15M-26OCT042200-00,0.0090,68.11,no
2026-10-05T01:58:27.692666Z,KXBTC15M-26OCT042200-00,0.0100,0.01,no
2026-10-05T01:58:27.692666Z,KXBTC15M-26OCT042200-00,0.0100,50.00,no
2026-10-05T01:58:27.692666Z,KXBTC15M-26OCT042200-00,0.0100,0.01,no
2026-10-05T01:58:27.694558Z,KXBTC15M-26OCT042200-00,0.0110,20.20,yes
2026-10-05T01:58:27.735981Z,KXBTC15M-26OCT042200-00,0.0100,0.01,no
2026-10-05T01:58:27.735981Z,KXBTC15M-26OCT042200-00,0.0100,0.01,no
2026-10-05T01:58:27.735981Z,KXBTC15M-26OCT042200-00,0.0100,49.98,no
2026-10-05T01:58:27.743443Z,KXBTC15M-26OCT042200-00,0.0100,0.02,no
2026-10-05T01:58:27.743443Z,KXBTC15M-26OCT042200-00,0.0100,19.98,no
2026-10-05T01:58:27.795907Z,KXBTC15M-26OCT042200-00,0.0110,1420.99,yes
2026-10-05T01:58:27.825655Z,KXBTC15M-26OCT042200-00,0.0110,100.00,yes
2026-10-05T01:58:27.825655Z,KXBTC15M-26OCT042200-00,0.0110,58.88,yes
2026-10-05T01:58:27.840448Z,KXBTC15M-26OCT042200-00,0.0110,40.57,yes
2026-10-05T01:58:27.9361Z,KXBTC15M-26OCT042200-00,0.0100,499.00,no
2026-10-05T01:58:27.94991Z,KXBTC15M-26OCT042200-00,0.0100,250.00,no
2026-10-05T01:58:27.954451Z,KXBTC15M-26OCT042200-00,0.0100,506.00,no
2026-10-05T01:58:28.083419Z,KXBTC15M-26OCT042200-00,0.0100,372.02,no
2026-10-05T01:58:28.083419Z,KXBTC15M-26OCT042200-00,0.0100,137.64,no
2026-10-05T01:58:28.083419Z,KXBTC15M-26OCT042200-00,0.0100,50.00,no
2026-10-05T01:58:28.083419Z,KXBTC15M-26OCT042200-00,0.0100,0.01,no
2026-10-05T01:58:28.083419Z,KXBTC15M-26OCT042200-00,0.0100,0.01,no
2026-10-05T01:58:28.088655Z,KXBTC15M-26OCT042200-00,0.0100,300.00,no
2026-10-05T01:58:28.141254Z,KXBTC15M-26OCT042200-00,0.0110,20.83,yes
2026-10-05T01:58:28.169421Z,KXBTC15M-26OCT042200-00,0.0110,12.75,yes
2026-10-05T01:58:28.269751Z,KXBTC15M-26OCT042200-00,0.0110,85.02,yes
2026-10-05T01:58:28.303125Z,KXBTC15M-26OCT042200-00,0.0110,0.85,yes
2026-10-05T01:58:28.327543Z,KXBTC15M-26OCT042200-00,0.0100,0.01,no
2026-10-05T01:58:28.327543Z,KXBTC15M-26OCT042200-00,0.0100,25.21,no
2026-10-05T01:58:28.327543Z,KXBTC15M-26OCT042200-00,0.0100,0.01,no
2026-10-05T01:58:28.436121Z,KXBTC15M-26OCT042200-00,0.0110,56.97,yes
2026-10-05T01:58:28.51608Z,KXBTC15M-26OCT042200-00,0.0280,10.00,yes
2026-10-05T01:58:28.51608Z,KXBTC15M-26OCT042200-00,0.0290,0.02,yes
2026-10-05T01:58:28.51608Z,KXBTC15M-26OCT042200-00,0.0160,6.00,yes
2026-10-05T01:58:28.51608Z,KXBTC15M-26OCT042200-00,0.0110,258.00,yes
2026-10-05T01:58:28.51608Z,KXBTC15M-26OCT042200-00,0.0110,828.00,yes
2026-10-05T01:58:28.51608Z,KXBTC15M-26OCT042200-00,0.0180,0.03,yes
2026-10-05T01:58:28.51608Z,KXBTC15M-26OCT042200-00,0.0170,0.03,yes
2026-10-05T01:58:28.51608Z,KXBTC15M-26OCT042200-00,0.0190,0.03,yes
2026-10-05T01:58:28.51608Z,KXBTC15M-26OCT042200-00,0.0120,200.00,yes
2026-10-05T01:58:28.51608Z,KXBTC15M-26OCT042200-00,0.0110,0.01,yes
2026-10-05T01:58:28.51608Z,KXBTC15M-26OCT042200-00,0.0250,15.00,yes
2026-10-05T01:58:28.51608Z,KXBTC15M-26OCT042200-00,0.0200,15.00,yes
2026-10-05T01:58:28.51608Z,KXBTC15M-26OCT042200-00,0.0200,50.00,yes
2026-10-05T01:58:28.51608Z,KXBTC15M-26OCT042200-00,0.0280,10.00,yes
2026-10-05T01:58:28.51608Z,KXBTC15M-26OCT042200-00,0.0150,64.00,yes
2026-10-05T01:58:28.51608Z,KXBTC15M-26OCT042200-00,0.0200,93.75,yes
2026-10-05T01:58:28.51608Z,KXBTC15M-26OCT042200-00,0.0130,15.00,yes
2026-10-05T01:58:28.51608Z,KXBTC15M-26OCT042200-00,0.0110,100.00,yes
2026-10-05T01:58:28.51608Z,KXBTC15M-26OCT042200-00,0.0140,13.00,yes
2026-10-05T01:58:28.51608Z,KXBTC15M-26OCT042200-00,0.0210,500.00,yes
2026-10-05T01:58:28.51608Z,KXBTC15M-26OCT042200-00,0.0170,98.00,yes
2026-10-05T01:58:28.51608Z,KXBTC15M-26OCT042200-00,0.0230,500.00,yes
2026-10-05T01:58:28.51608Z,KXBTC15M-26OCT042200-00,0.0200,93.75,yes
2026-10-05T01:58:28.51608Z,KXBTC15M-26OCT042200-00,0.0150,15.00,yes
2026-10-05T01:58:28.51608Z,KXBTC15M-26OCT042200-00,0.0280,400.00,yes
2026-10-05T01:58:28.51608Z,KXBTC15M-26OCT042200-00,0.0150,15.00,yes
2026-10-05T01:58:28.51608Z,KXBTC15M-26OCT042200-00,0.0170,2.00,yes
2026-10-05T01:58:28.51608Z,KXBTC15M-26OCT042200-00,0.0200,15.00,yes
2026-10-05T01:58:28.51608Z,KXBTC15M-26OCT042200-00,0.0210,323.72,yes
2026-10-05T01:58:28.51608Z,KXBTC15M-26OCT042200-00,0.0180,2.00,yes
2026-10-05T01:58:28.51608Z,KXBTC15M-26OCT042200-00,0.0110,0.01,yes
2026-10-05T01:58:28.51608Z,KXBTC15M-26OCT042200-00,0.0250,15.00,yes
2026-10-05T01:58:28.51608Z,KXBTC15M-26OCT042200-00,0.0230,189.74,yes
2026-10-05T01:58:28.51608Z,KXBTC15M-26OCT042200-00,0.0250,93.75,yes
2026-10-05T01:58:28.51608Z,KXBTC15M-26OCT042200-00,0.0110,124.13,yes
2026-10-05T01:58:28.51608Z,KXBTC15M-26OCT042200-00,0.0110,21.00,yes
2026-10-05T01:58:28.51608Z,KXBTC15M-26OCT042200-00,0.0180,2.00,yes
2026-10-05T01:58:28.51608Z,KXBTC15M-26OCT042200-00,0.0190,100.00,yes
2026-10-05T01:58:28.51608Z,KXBTC15M-26OCT042200-00,0.0150,93.75,yes
2026-10-05T01:58:28.51608Z,KXBTC15M-26OCT042200-00,0.0210,200.00,yes
2026-10-05T01:58:28.51608Z,KXBTC15M-26OCT042200-00,0.0150,15.00,yes
2026-10-05T01:58:28.51608Z,KXBTC15M-26OCT042200-00,0.0190,2.00,yes
2026-10-05T01:58:28.51608Z,KXBTC15M-26OCT042200-00,0.0160,2.00,yes
2026-10-05T01:58:28.51608Z,KXBTC15M-26OCT042200-00,0.0150,64.00,yes
2026-10-05T01:58:28.51608Z,KXBTC15M-26OCT042200-00,0.0150,500.00,yes
2026-10-05T01:58:28.51608Z,KXBTC15M-26OCT042200-00,0.0190,500.00,yes
2026-10-05T01:58:28.51608Z,KXBTC15M-26OCT042200-00,0.0170,500.00,yes
2026-10-05T01:58:28.51608Z,KXBTC15M-26OCT042200-00,0.0170,2.00,yes
2026-10-05T01:58:28.51608Z,KXBTC15M-26OCT042200-00,0.0290,349.53,yes
2026-10-05T01:58:28.51608Z,KXBTC15M-26OCT042200-00,0.0270,500.00,yes
2026-10-05T01:58:28.51608Z,KXBTC15M-26OCT042200-00,0.0150,93.75,yes
2026-10-05T01:58:28.522361Z,KXBTC15M-26OCT042200-00,0.0160,21.00,yes
2026-10-05T01:58:28.541054Z,KXBTC15M-26OCT042200-00,0.0270,1.00,no
2026-10-05T01:58:28.543818Z,KXBTC15M-26OCT042200-00,0.0270,15.00,no
2026-10-05T01:58:28.550178Z,KXBTC15M-26OCT042200-00,0.0270,15.00,no
2026-10-05T01:58:28.553444Z,KXBTC15M-26OCT042200-00,0.0270,10.00,no
2026-10-05T01:58:28.554348Z,KXBTC15M-26OCT042200-00,0.0270,992.00,no
2026-10-05T01:58:28.554787Z,KXBTC15M-26OCT042200-00,0.0250,500.00,no
2026-10-05T01:58:28.554787Z,KXBTC15M-26OCT042200-00,0.0270,0.01,no
2026-10-05T01:58:28.554787Z,KXBTC15M-26OCT042200-00,0.0230,40.98,no
2026-10-05T01:58:28.554787Z,KXBTC15M-26OCT042200-00,0.0270,0.01,no
2026-10-05T01:58:28.554787Z,KXBTC15M-26OCT042200-00,0.0270,467.00,no
2026-10-05T01:58:28.56169Z,KXBTC15M-26OCT042200-00,0.0230,402.17,no
2026-10-05T01:58:28.570061Z,KXBTC15M-26OCT042200-00,0.0230,1.00,no
2026-10-05T01:58:28.615361Z,KXBTC15M-26OCT042200-00,0.0210,9.98,no
2026-10-05T01:58:28.615361Z,KXBTC15M-26OCT042200-00,0.0230,0.01,no
2026-10-05T01:58:28.615361Z,KXBTC15M-26OCT042200-00,0.0230,0.01,no
2026-10-05T01:58:28.618083Z,KXBTC15M-26OCT042200-00,0.0210,10.00,no
2026-10-05T01:58:28.6318Z,KXBTC15M-26OCT042200-00,0.0210,25.00,no
2026-10-05T01:58:28.69129Z,KXBTC15M-26OCT042200-00,0.0210,50.00,no
2026-10-05T01:58:28.733264Z,KXBTC15M-26OCT042200-00,0.0210,1.00,no
2026-10-05T01:58:28.744296Z,KXBTC15M-26OCT042200-00,0.0210,38.00,no
2026-10-05T01:58:28.747637Z,KXBTC15M-26OCT042200-00,0.0210,100.00,no
2026-10-05T01:58:28.772927Z,KXBTC15M-26OCT042200-00,0.0200,100.98,no
2026-10-05T01:58:28.772927Z,KXBTC15M-26OCT042200-00,0.0200,50.00,no
2026-10-05T01:58:28.772927Z,KXBTC15M-26OCT042200-00,0.0210,0.01,no
2026-10-05T01:58:28.772927Z,KXBTC15M-26OCT042200-00,0.0210,0.01,no
2026-10-05T01:58:28.775651Z,KXBTC15M-26OCT042200-00,0.0200,100.00,no
2026-10-05T01:58:28.786781Z,KXBTC15M-26OCT042200-00,0.0200,76.98,no
2026-10-05T01:58:28.786781Z,KXBTC15M-26OCT042200-00,0.0200,74.02,no
2026-10-05T01:58:28.794583Z,KXBTC15M-26OCT042200-00,0.0200,0.01,no
2026-10-05T01:58:28.794583Z,KXBTC15M-26OCT042200-00,0.0200,123.02,no
2026-10-05T01:58:28.794583Z,KXBTC15M-26OCT042200-00,0.0200,0.01,no
2026-10-05T01:58:28.794583Z,KXBTC15M-26OCT042200-00,0.0200,28.96,no
2026-10-05T01:58:28.795449Z,KXBTC15M-26OCT042200-00,0.0190,1.00,no
2026-10-05T01:58:28.808405Z,KXBTC15M-26OCT042200-00,0.0180,150.00,no
2026-10-05T01:58:28.820464Z,KXBTC15M-26OCT042200-00,0.0180,1.00,no
2026-10-05T01:58:28.844159Z,KXBTC15M-26OCT042200-00,0.0130,338.16,no
2026-10-05T01:58:28.844159Z,KXBTC15M-26OCT042200-00,0.0100,15.00,no
2026-10-05T01:58:28.844159Z,KXBTC15M-26OCT042200-00,0.0100,15.00,no
2026-10-05T01:58:28.844159Z,KXBTC15M-26OCT042200-00,0.0100,2.00,no
2026-10-05T01:58:28.844159Z,KXBTC15M-26OCT042200-00,0.0160,500.00,no
2026-10-05T01:58:28.844159Z,KXBTC15M-26OCT042200-00,0.0100,93.75,no
2026-10-05T01:58:28.844159Z,KXBTC15M-26OCT042200-00,0.0100,50.00,no
2026-10-05T01:58:28.844159Z,KXBTC15M-26OCT042200-00,0.0150,93.75,no
2026-10-05T01:58:28.844159Z,KXBTC15M-26OCT042200-00,0.0100,64.00,no
2026-10-05T01:58:28.844159Z,KXBTC15M-26OCT042200-00,0.0120,500.00,no
2026-10-05T01:58:28.844159Z,KXBTC15M-26OCT042200-00,0.0100,93.75,no
2026-10-05T01:58:28.844159Z,KXBTC15M-26OCT042200-00,0.0150,15.00,no
2026-10-05T01:58:28.844159Z,KXBTC15M-26OCT042200-00,0.0110,2.00,no
2026-10-05T01:58:28.844159Z,KXBTC15M-26OCT042200-00,0.0110,15.00,no
2026-10-05T01:58:28.844159Z,KXBTC15M-26OCT042200-00,0.0120,2.00,no
2026-10-05T01:58:28.844159Z,KXBTC15M-26OCT042200-00,0.0180,0.01,no
2026-10-05T01:58:28.844159Z,KXBTC15M-26OCT042200-00,0.0160,13.00,no
2026-10-05T01:58:28.844159Z,KXBTC15M-26OCT042200-00,0.0140,500.00,no
2026-10-05T01:58:28.844159Z,KXBTC15M-26OCT042200-00,0.0100,6.00,no
2026-10-05T01:58:28.844159Z,KXBTC15M-26OCT042200-00,0.0180,0.01,no
2026-10-05T01:58:28.844159Z,KXBTC15M-26OCT042200-00,0.0180,349.00,no
2026-10-05T01:58:28.844159Z,KXBTC15M-26OCT042200-00,0.0150,1098.00,no
2026-10-05T01:58:28.844159Z,KXBTC15M-26OCT042200-00,0.0100,64.00,no
2026-10-05T01:58:28.844159Z,KXBTC15M-26OCT042200-00,0.0100,800.00,no
2026-10-05T01:58:28.844159Z,KXBTC15M-26OCT042200-00,0.0110,2.00,no
2026-10-05T01:58:28.844159Z,KXBTC15M-26OCT042200-00,0.0100,2.00,no
2026-10-05T01:58:28.844159Z,KXBTC15M-26OCT042200-00,0.0150,93.75,no
2026-10-05T01:58:28.844159Z,KXBTC15M-26OCT042200-00,0.0180,500.00,no
2026-10-05T01:58:28.860093Z,KXBTC15M-26OCT042200-00,0.0090,0.01,no
2026-10-05T01:58:28.860093Z,KXBTC15M-26OCT042200-00,0.0090,18.00,no
2026-10-05T01:58:28.860093Z,KXBTC15M-26OCT042200-00,0.0090,15.00,no
2026-10-05T01:58:28.860093Z,KXBTC15M-26OCT042200-00,0.0090,15.00,no
2026-10-05T01:58:28.860093Z,KXBTC15M-26OCT042200-00,0.0080,15.00,no
2026-10-05T01:58:28.860093Z,KXBTC15M-26OCT042200-00,0.0090,10.78,no
2026-10-05T01:58:28.860093Z,KXBTC15M-26OCT042200-00,0.0090,15.00,no
2026-10-05T01:58:28.860093Z,KXBTC15M-26OCT042200-00,0.0080,15.00,no
2026-10-05T01:58:28.860093Z,KXBTC15M-26OCT042200-00,0.0080,14.90,no
2026-10-05T01:58:28.945807Z,KXBTC15M-26OCT042200-00,0.0090,0.01,no
2026-10-05T01:58:28.945807Z,KXBTC15M-26OCT042200-00,0.0090,89.01,no
2026-10-05T01:58:28.961675Z,KXBTC15M-26OCT042200-00,0.0090,111.83,no
2026-10-05T01:58:29.157014Z,KXBTC15M-26OCT042200-00,0.0090,85.02,yes
2026-10-05T01:58:29.163669Z,KXBTC15M-26OCT042200-00,0.0090,10.00,yes
2026-10-05T01:58:29.169982Z,KXBTC15M-26OCT042200-00,0.0090,11.76,yes
2026-10-05T01:58:29.224968Z,KXBTC15M-26OCT042200-00,0.0090,467.59,yes
2026-10-05T01:58:29.230546Z,KXBTC15M-26OCT042200-00,0.0090,0.01,yes
2026-10-05T01:58:29.230546Z,KXBTC15M-26OCT042200-00,0.0090,925.63,yes
2026-10-05T01:58:29.230546Z,KXBTC15M-26OCT042200-00,0.0090,15.00,yes
2026-10-05T01:58:29.230546Z,KXBTC15M-26OCT042200-00,0.0100,910.35,yes
2026-10-05T01:58:29.230546Z,KXBTC15M-26OCT042200-00,0.0090,500.00,yes
2026-10-05T01:58:29.230546Z,KXBTC15M-26OCT042200-00,0.0090,17.00,yes
2026-10-05T01:58:29.230546Z,KXBTC15M-26OCT042200-00,0.0090,0.01,yes
2026-10-05T01:58:29.230546Z,KXBTC15M-26OCT042200-00,0.0090,990.00,yes
2026-10-05T01:58:29.230546Z,KXBTC15M-26OCT042200-00,0.0090,200.00,yes
2026-10-05T01:58:29.262127Z,KXBTC15M-26OCT042200-00,0.0100,70.00,yes
2026-10-05T01:58:29.262127Z,KXBTC15M-26OCT042200-00,0.0090,0.01,yes
2026-10-05T01:58:29.262127Z,KXBTC15M-26OCT042200-00,0.0090,15.00,yes
2026-10-05T01:58:29.262127Z,KXBTC15M-26OCT042200-00,0.0090,0.01,yes
2026-10-05T01:58:29.382768Z,KXBTC15M-26OCT042200-00,0.0100,452.57,yes
2026-10-05T01:58:29.382768Z,KXBTC15M-26OCT042200-00,0.0090,0.01,yes
2026-10-05T01:58:29.382768Z,KXBTC15M-26OCT042200-00,0.0090,0.01,yes
2026-10-05T01:58:29.382768Z,KXBTC15M-26OCT042200-00,0.0090,15.00,yes
2026-10-05T01:58:29.413375Z,KXBTC15M-26OCT042200-00,0.0100,409.43,yes
2026-10-05T01:58:29.413375Z,KXBTC15M-26OCT042200-00,0.0090,15.00,yes
2026-10-05T01:58:29.413375Z,KXBTC15M-26OCT042200-00,0.0090,0.01,yes
2026-10-05T01:58:29.413375Z,KXBTC15M-26OCT042200-00,0.0090,0.01,yes
2026-10-05T01:58:29.574122Z,KXBTC15M-26OCT042200-00,0.0080,2.00,no
2026-10-05T01:58:29.574122Z,KXBTC15M-26OCT042200-00,0.0080,0.01,no
2026-10-05T01:58:29.574122Z,KXBTC15M-26OCT042200-00,0.0080,100.00,no
2026-10-05T01:58:29.574122Z,KXBTC15M-26OCT042200-00,0.0080,0.10,no
2026-10-05T01:58:29.574122Z,KXBTC15M-26OCT042200-00,0.0080,99.29,no
2026-10-05T01:58:29.574122Z,KXBTC15M-26OCT042200-00,0.0080,0.10,no
2026-10-05T01:58:29.601387Z,KXBTC15M-26OCT042200-00,0.0100,0.98,yes
2026-10-05T01:58:29.601387Z,KXBTC15M-26OCT042200-00,0.0090,0.01,yes
2026-10-05T01:58:29.601387Z,KXBTC15M-26OCT042200-00,0.0090,0.01,yes
2026-10-05T01:58:29.6201Z,KXBTC15M-26OCT042200-00,0.0080,61.64,no
2026-10-05T01:58:29.844973Z,KXBTC15M-26OCT042200-00,0.0100,30.00,yes
2026-10-05T01:58:29.847599Z,KXBTC15M-26OCT042200-00,0.0100,8.43,yes
2026-10-05T01:58:29.848619Z,KXBTC15M-26OCT042200-00,0.0100,22.46,yes
2026-10-05T01:58:29.85831Z,KXBTC15M-26OCT042200-00,0.0080,652.34,no
2026-10-05T01:58:29.85831Z,KXBTC15M-26OCT042200-00,0.0080,1339.07,no
2026-10-05T01:58:29.85831Z,KXBTC15M-26OCT042200-00,0.0080,0.01,no
2026-10-05T01:58:29.867255Z,KXBTC15M-26OCT042200-00,0.0090,93.51,yes
2026-10-05T01:58:29.905413Z,KXBTC15M-26OCT042200-00,0.0090,231.30,yes
2026-10-05T01:58:29.935193Z,KXBTC15M-26OCT042200-00,0.0090,92.60,yes
2026-10-05T01:58:30.083788Z,KXBTC15M-26OCT042200-00,0.0090,186.12,yes
2026-10-05T01:58:30.104315Z,KXBTC15M-26OCT042200-00,0.0090,92.60,yes
2026-10-05T01:58:30.131101Z,KXBTC15M-26OCT042200-00,0.0090,149.00,yes
2026-10-05T01:58:30.131101Z,KXBTC15M-26OCT042200-00,0.0100,14.86,yes
2026-10-05T01:58:30.131101Z,KXBTC15M-26OCT042200-00,0.0090,0.01,yes
2026-10-05T01:58:30.131101Z,KXBTC15M-26OCT042200-00,0.0090,0.01,yes
2026-10-05T01:58:30.131101Z,KXBTC15M-26OCT042200-00,0.0090,803.87,yes
2026-10-05T01:58:30.131101Z,KXBTC15M-26OCT042200-00,0.0090,17.00,yes
2026-10-05T01:58:30.147828Z,KXBTC15M-26OCT042200-00,0.0100,467.59,yes
2026-10-05T01:58:30.161721Z,KXBTC15M-26OCT042200-00,0.0100,46.75,yes
2026-10-05T01:58:30.166215Z,KXBTC15M-26OCT042200-00,0.0100,18.70,yes
2026-10-05T01:58:30.215396Z,KXBTC15M-26OCT042200-00,0.0090,70.00,no
2026-10-05T01:58:30.384552Z,KXBTC15M-26OCT042200-00,0.0100,400.00,yes
2026-10-05T01:58:30.384552Z,KXBTC15M-26OCT042200-00,0.0100,0.01,yes
2026-10-05T01:58:30.384552Z,KXBTC15M-26OCT042200-00,0.0100,0.01,yes
2026-10-05T01:58:30.384552Z,KXBTC15M-26OCT042200-00,0.0100,1603.70,yes
2026-10-05T01:58:30.384552Z,KXBTC15M-26OCT042200-00,0.0100,50.00,yes
2026-10-05T01:58:30.384552Z,KXBTC15M-26OCT042200-00,0.0140,181.28,yes
2026-10-05T01:58:30.384552Z,KXBTC15M-26OCT042200-00,0.0100,10.00,yes
2026-10-05T01:58:30.384552Z,KXBTC15M-26OCT042200-00,0.0110,15.00,yes
2026-10-05T01:58:30.384552Z,KXBTC15M-26OCT042200-00,0.0130,15.00,yes
2026-10-05T01:58:30.384552Z,KXBTC15M-26OCT042200-00,0.0100,437.00,yes
2026-10-05T01:58:30.423689Z,KXBTC15M-26OCT042200-00,0.0100,0.01,no
2026-10-05T01:58:30.423689Z,KXBTC15M-26OCT042200-00,0.0100,181.92,no
2026-10-05T01:58:30.423689Z,KXBTC15M-26OCT042200-00,0.0100,0.01,no
2026-10-05T01:58:30.423689Z,KXBTC15M-26OCT042200-00,0.0100,50.00,no
2026-10-05T01:58:30.444472Z,KXBTC15M-26OCT042200-00,0.0100,24.00,no
2026-10-05T01:58:30.444472Z,KXBTC15M-26OCT042200-00,0.0100,5.21,no
2026-10-05T01:58:30.445765Z,KXBTC15M-26OCT042200-00,0.0110,0.01,yes
2026-10-05T01:58:30.445765Z,KXBTC15M-26OCT042200-00,0.0110,51.77,yes
2026-10-05T01:58:30.469563Z,KXBTC15M-26OCT042200-00,0.0110,0.01,yes
2026-10-05T01:58:30.469563Z,KXBTC15M-26OCT042200-00,0.0110,263.37,yes
2026-10-05T01:58:30.469563Z,KXBTC15M-26OCT042200-00,0.0110,48.23,yes
2026-10-05T01:58:30.475667Z,KXBTC15M-26OCT042200-00,0.0100,0.01,no
2026-10-05T01:58:30.475667Z,KXBTC15M-26OCT042200-00,0.0100,0.01,no
2026-10-05T01:58:30.475667Z,KXBTC15M-26OCT042200-00,0.0100,10.79,no
2026-10-05T01:58:30.475667Z,KXBTC15M-26OCT042200-00,0.0100,19.19,no
2026-10-05T01:58:30.509238Z,KXBTC15M-26OCT042200-00,0.0110,378.98,yes
2026-10-05T01:58:30.509238Z,KXBTC15M-26OCT042200-00,0.0110,21.00,yes
2026-10-05T01:58:30.509238Z,KXBTC15M-26OCT042200-00,0.0110,0.01,yes
2026-10-05T01:58:30.509238Z,KXBTC15M-26OCT042200-00,0.0110,0.01,yes
2026-10-05T01:58:30.536266Z,KXBTC15M-26OCT042200-00,0.0100,0.80,no
2026-10-05T01:58:30.575177Z,KXBTC15M-26OCT042200-00,0.0100,8.00,no
2026-10-05T01:58:30.586393Z,KXBTC15M-26OCT042200-00,0.0100,71.53,no
2026-10-05T01:58:30.623688Z,KXBTC15M-26OCT042200-00,0.0100,0.01,no
2026-10-05T01:58:30.623688Z,KXBTC15M-26OCT042200-00,0.0100,10.79,no
2026-10-05T01:58:30.623688Z,KXBTC15M-26OCT042200-00,0.0100,15.02,no
2026-10-05T01:58:30.623688Z,KXBTC15M-26OCT042200-00,0.0100,0.01,no
2026-10-05T01:58:30.623688Z,KXBTC15M-26OCT042200-00,0.0090,67.96,no
2026-10-05T01:58:30.623688Z,KXBTC15M-26OCT042200-00,0.0100,1.00,no
2026-10-05T01:58:30.623688Z,KXBTC15M-26OCT042200-00,0.0100,5.21,no
2026-10-05T01:58:30.660851Z,KXBTC15M-26OCT042200-00,0.0100,20.00,no
2026-10-05T01:58:30.678404Z,KXBTC15M-26OCT042200-00,0.0100,1.00,no
2026-10-05T01:58:30.771169Z,KXBTC15M-26OCT042200-00,0.0100,0.01,no
2026-10-05T01:58:30.771169Z,KXBTC15M-26OCT042200-00,0.0100,6.98,no
2026-10-05T01:58:30.771169Z,KXBTC15M-26OCT042200-00,0.0100,0.01,no
2026-10-05T01:58:30.782337Z,KXBTC15M-26OCT042200-00,0.0110,0.01,yes
2026-10-05T01:58:30.782337Z,KXBTC15M-26OCT042200-00,0.0110,0.01,yes
2026-10-05T01:58:30.782337Z,KXBTC15M-26OCT042200-00,0.0110,9.83,yes
2026-10-05T01:58:30.893187Z,KXBTC15M-26OCT042200-00,0.0100,1.00,no
2026-10-05T01:58:30.893187Z,KXBTC15M-26OCT042200-00,0.0100,2.60,no
2026-10-05T01:58:30.893187Z,KXBTC15M-26OCT042200-00,0.0100,24.00,no
2026-10-05T01:58:30.893187Z,KXBTC15M-26OCT042200-00,0.0100,9.02,no
2026-10-05T01:58:30.893187Z,KXBTC15M-26OCT042200-00,0.0100,22.40,no
2026-10-05T01:58:30.894406Z,KXBTC15M-26OCT042200-00,0.0100,53.00,no
2026-10-05T01:58:30.911699Z,KXBTC15M-26OCT042200-00,0.0110,19.00,yes
2026-10-05T01:58:30.911699Z,KXBTC15M-26OCT042200-00,0.0120,624.00,yes
2026-10-05T01:58:30.911699Z,KXBTC15M-26OCT042200-00,0.0110,90.17,yes
2026-10-05T01:58:30.911699Z,KXBTC15M-26OCT042200-00,0.0130,24.00,yes
2026-10-05T01:58:30.911699Z,KXBTC15M-26OCT042200-00,0.0150,0.75,yes
2026-10-05T01:58:30.911699Z,KXBTC15M-26OCT042200-00,0.0130,15.00,yes
2026-10-05T01:58:30.911699Z,KXBTC15M-26OCT042200-00,0.0130,258.00,yes
2026-10-05T01:58:30.911699Z,KXBTC15M-26OCT042200-00,0.0110,0.01,yes
2026-10-05T01:58:30.911699Z,KXBTC15M-26OCT042200-00,0.0110,0.01,yes
2026-10-05T01:58:30.911699Z,KXBTC15M-26OCT042200-00,0.0110,400.00,yes
2026-10-05T01:58:30.911699Z,KXBTC15M-26OCT042200-00,0.0130,1.00,yes
2026-10-05T01:58:30.911699Z,KXBTC15M-26OCT042200-00,0.0130,1.00,yes
2026-10-05T01:58:30.911699Z,KXBTC15M-26OCT042200-00,0.0150,15.00,yes
2026-10-05T01:58:30.911699Z,KXBTC15M-26OCT042200-00,0.0150,2.00,yes
2026-10-05T01:58:30.941477Z,KXBTC15M-26OCT042200-00,0.0110,0.01,yes
2026-10-05T01:58:30.941477Z,KXBTC15M-26OCT042200-00,0.0110,14.98,yes
2026-10-05T01:58:30.941477Z,KXBTC15M-26OCT042200-00,0.0110,0.01,yes
2026-10-05T01:58:31.001594Z,KXBTC15M-26OCT042200-00,0.0100,0.01,no
2026-10-05T01:58:31.001594Z,KXBTC15M-26OCT042200-00,0.0100,0.01,no
2026-10-05T01:58:31.001594Z,KXBTC15M-26OCT042200-00,0.0100,1.84,no
2026-10-05T01:58:31.002777Z,KXBTC15M-26OCT042200-00,0.0100,34.84,no
2026-10-05T01:58:31.002777Z,KXBTC15M-26OCT042200-00,0.0100,9.02,no
2026-10-05T01:58:31.002777Z,KXBTC15M-26OCT042200-00,0.0100,5.14,no
2026-10-05T01:58:31.002777Z,KXBTC15M-26OCT042200-00,0.0100,1.00,no
2026-10-05T01:58:31.083727Z,KXBTC15M-26OCT042200-00,0.0110,85.00,yes
2026-10-05T01:58:31.083727Z,KXBTC15M-26OCT042200-00,0.0110,0.01,yes
2026-10-05T01:58:31.083727Z,KXBTC15M-26OCT042200-00,0.0110,0.01,yes
2026-10-05T01:58:31.10772Z,KXBTC15M-26OCT042200-00,0.0160,361.73,yes
2026-10-05T01:58:31.10772Z,KXBTC15M-26OCT042200-00,0.0150,15.00,yes
2026-10-05T01:58:31.10772Z,KXBTC15M-26OCT042200-00,0.0120,882.00,yes
2026-10-05T01:58:31.10772Z,KXBTC15M-26OCT042200-00,0.0130,15.00,yes
2026-10-05T01:58:31.10772Z,KXBTC15M-26OCT042200-00,0.0110,100.00,yes
2026-10-05T01:58:31.10772Z,KXBTC15M-26OCT042200-00,0.0150,13.00,yes
2026-10-05T01:58:31.10772Z,KXBTC15M-26OCT042200-00,0.0150,64.00,yes
2026-10-05T01:58:31.10772Z,KXBTC15M-26OCT042200-00,0.0150,15.00,yes
2026-10-05T01:58:31.10772Z,KXBTC15M-26OCT042200-00,0.0110,315.00,yes
2026-10-05T01:58:31.10772Z,KXBTC15M-26OCT042200-00,0.0150,63.25,yes
2026-10-05T01:58:31.10772Z,KXBTC15M-26OCT042200-00,0.0110,0.01,yes
2026-10-05T01:58:31.10772Z,KXBTC15M-26OCT042200-00,0.0110,17.00,yes
2026-10-05T01:58:31.10772Z,KXBTC15M-26OCT042200-00,0.0120,84.00,yes
2026-10-05T01:58:31.10772Z,KXBTC15M-26OCT042200-00,0.0110,0.01,yes
2026-10-05T01:58:31.12956Z,KXBTC15M-26OCT042200-00,0.0110,0.01,yes
2026-10-05T01:58:31.12956Z,KXBTC15M-26OCT042200-00,0.0110,0.01,yes
2026-10-05T01:58:31.12956Z,KXBTC15M-26OCT042200-00,0.0110,14.98,yes
2026-10-05T01:58:31.161263Z,KXBTC15M-26OCT042200-00,0.0120,1.00,no
2026-10-05T01:58:31.168724Z,KXBTC15M-26OCT042200-00,0.0120,400.00,no
2026-10-05T01:58:31.55031Z,KXBTC15M-26OCT042200-00,0.0120,322.88,no
2026-10-05T01:58:31.559411Z,KXBTC15M-26OCT042200-00,0.0120,10.00,no
2026-10-05T01:58:31.574278Z,KXBTC15M-26OCT042200-00,0.0150,1.00,yes
2026-10-05T01:58:31.574278Z,KXBTC15M-26OCT042200-00,0.0150,1.00,yes
2026-10-05T01:58:31.574278Z,KXBTC15M-26OCT042200-00,0.0130,0.01,yes
2026-10-05T01:58:31.574278Z,KXBTC15M-26OCT042200-00,0.0130,15.00,yes
2026-10-05T01:58:31.574278Z,KXBTC15M-26OCT042200-00,0.0130,35.00,yes
2026-10-05T01:58:31.574278Z,KXBTC15M-26OCT042200-00,0.0130,0.01,yes
2026-10-05T01:58:31.574278Z,KXBTC15M-26OCT042200-00,0.0130,400.00,yes
2026-10-05T01:58:31.574278Z,KXBTC15M-26OCT042200-00,0.0150,456.38,yes
2026-10-05T01:58:31.574278Z,KXBTC15M-26OCT042200-00,0.0130,100.00,yes
2026-10-05T01:58:31.589284Z,KXBTC15M-26OCT042200-00,0.0120,25.00,no
2026-10-05T01:58:31.616759Z,KXBTC15M-26OCT042200-00,0.0130,0.01,yes
2026-10-05T01:58:31.616759Z,KXBTC15M-26OCT042200-00,0.0130,51.12,yes
2026-10-05T01:58:31.616759Z,KXBTC15M-26OCT042200-00,0.0130,0.01,yes
2026-10-05T01:58:31.658287Z,KXBTC15M-26OCT042200-00,0.0130,0.01,yes
2026-10-05T01:58:31.658287Z,KXBTC15M-26OCT042200-00,0.0130,0.01,yes
2026-10-05T01:58:31.658287Z,KXBTC15M-26OCT042200-00,0.0130,71.93,yes
2026-10-05T01:58:31.722152Z,KXBTC15M-26OCT042200-00,0.0170,2.00,yes
2026-10-05T01:58:31.722152Z,KXBTC15M-26OCT042200-00,0.0160,2.00,yes
2026-10-05T01:58:31.722152Z,KXBTC15M-26OCT042200-00,0.0170,150.00,yes
2026-10-05T01:58:31.722152Z,KXBTC15M-26OCT042200-00,0.0170,2.00,yes
2026-10-05T01:58:31.722152Z,KXBTC15M-26OCT042200-00,0.0170,0.03,yes
2026-10-05T01:58:31.722152Z,KXBTC15M-26OCT042200-00,0.0130,0.01,yes
2026-10-05T01:58:31.722152Z,KXBTC15M-26OCT042200-00,0.0130,0.01,yes
2026-10-05T01:58:31.722152Z,KXBTC15M-26OCT042200-00,0.0170,417.95,yes
2026-10-05T01:58:31.722152Z,KXBTC15M-26OCT042200-00,0.0160,200.00,yes
2026-10-05T01:58:31.722152Z,KXBTC15M-26OCT042200-00,0.0160,138.00,yes
2026-10-05T01:58:31.722152Z,KXBTC15M-26OCT042200-00,0.0130,400.00,yes
2026-10-05T01:58:31.722152Z,KXBTC15M-26OCT042200-00,0.0130,32.00,yes
2026-10-05T01:58:31.722152Z,KXBTC15M-26OCT042200-00,0.0150,13.00,yes
2026-10-05T01:58:31.740311Z,KXBTC15M-26OCT042200-00,0.0120,50.00,no
2026-10-05T01:58:31.748212Z,KXBTC15M-26OCT042200-00,0.0120,200.00,no
2026-10-05T01:58:31.748212Z,KXBTC15M-26OCT042200-00,0.0120,1.00,no
2026-10-05T01:58:31.748212Z,KXBTC15M-26OCT042200-00,0.0120,415.00,no
2026-10-05T01:58:31.748212Z,KXBTC15M-26OCT042200-00,0.0120,0.01,no
2026-10-05T01:58:31.748212Z,KXBTC15M-26OCT042200-00,0.0120,434.73,no
2026-10-05T01:58:31.748212Z,KXBTC15M-26OCT042200-00,0.0120,0.01,no
2026-10-05T01:58:31.826664Z,KXBTC15M-26OCT042200-00,0.0130,6.98,yes
2026-10-05T01:58:31.826664Z,KXBTC15M-26OCT042200-00,0.0130,0.01,yes
2026-10-05T01:58:31.826664Z,KXBTC15M-26OCT042200-00,0.0130,0.01,yes
2026-10-05T01:58:31.875655Z,KXBTC15M-26OCT042200-00,0.0120,458.00,no
2026-10-05T01:58:31.875655Z,KXBTC15M-26OCT042200-00,0.0120,23.27,no
2026-10-05T01:58:31.875655Z,KXBTC15M-26OCT042200-00,0.0120,24.37,no
2026-10-05T01:58:31.887163Z,KXBTC15M-26OCT042200-00,0.0120,100.00,no
2026-10-05T01:58:31.898301Z,KXBTC15M-26OCT042200-00,0.0130,71.95,yes
2026-10-05T01:58:31.923251Z,KXBTC15M-26OCT042200-00,0.0120,51.59,no
2026-10-05T01:58:32.032974Z,KXBTC15M-26OCT042200-00,0.0120,24.04,no
2026-10-05T01:58:32.032974Z,KXBTC15M-26OCT042200-00,0.0120,102.35,no
2026-10-05T01:58:32.032974Z,KXBTC15M-26OCT042200-00,0.0120,0.01,no
2026-10-05T01:58:32.032974Z,KXBTC15M-26OCT042200-00,0.0120,0.01,no
2026-10-05T01:58:32.060265Z,KXBTC15M-26OCT042200-00,0.0130,5.03,yes
2026-10-05T01:58:32.144056Z,KXBTC15M-26OCT042200-00,0.0120,42.47,no
2026-10-05T01:58:32.151985Z,KXBTC15M-26OCT042200-00,0.0120,1.01,no
2026-10-05T01:58:32.164224Z,KXBTC15M-26OCT042200-00,0.0120,40.00,no
2026-10-05T01:58:32.252727Z,KXBTC15M-26OCT042200-00,0.0130,55.04,yes
2026-10-05T01:58:32.292545Z,KXBTC15M-26OCT042200-00,0.0120,1.01,no
2026-10-05T01:58:32.336903Z,KXBTC15M-26OCT042200-00,0.0130,42.93,yes
2026-10-05T01:58:32.336903Z,KXBTC15M-26OCT042200-00,0.0130,0.01,yes
2026-10-05T01:58:32.336903Z,KXBTC15M-26OCT042200-00,0.0130,0.01,yes
2026-10-05T01:58:32.336903Z,KXBTC15M-26OCT042200-00,0.0130,29.00,yes
2026-10-05T01:58:32.345064Z,KXBTC15M-26OCT042200-00,0.0150,1.00,yes
2026-10-05T01:58:32.345064Z,KXBTC15M-26OCT042200-00,0.0130,1.00,yes
2026-10-05T01:58:32.345064Z,KXBTC15M-26OCT042200-00,0.0140,1.00,yes
2026-10-05T01:58:32.345064Z,KXBTC15M-26OCT042200-00,0.0130,0.01,yes
2026-10-05T01:58:32.345064Z,KXBTC15M-26OCT042200-00,0.0130,357.07,yes
2026-10-05T01:58:32.345064Z,KXBTC15M-26OCT042200-00,0.0160,243.03,yes
2026-10-05T01:58:32.345064Z,KXBTC15M-26OCT042200-00,0.0150,13.00,yes
2026-10-05T01:58:32.345064Z,KXBTC15M-26OCT042200-00,0.0140,200.89,yes
2026-10-05T01:58:32.537322Z,KXBTC15M-26OCT042200-00,0.0120,64.69,no
2026-10-05T01:58:32.670505Z,KXBTC15M-26OCT042200-00,0.0130,0.01,yes
2026-10-05T01:58:32.670505Z,KXBTC15M-26OCT042200-00,0.0130,357.26,yes
2026-10-05T01:58:32.670505Z,KXBTC15M-26OCT042200-00,0.0130,0.01,yes
2026-10-05T01:58:32.701495Z,KXBTC15M-26OCT042200-00,0.0130,2.65,yes
2026-10-05T01:58:32.722932Z,KXBTC15M-26OCT042200-00,0.0120,44.79,no
2026-10-05T01:58:32.729905Z,KXBTC15M-26OCT042200-00,0.0130,10.27,yes
2026-10-05T01:58:32.729905Z,KXBTC15M-26OCT042200-00,0.0130,40.09,yes
2026-10-05T01:58:32.789608Z,KXBTC15M-26OCT042200-00,0.0130,0.98,yes
2026-10-05T01:58:32.789608Z,KXBTC15M-26OCT042200-00,0.0130,0.01,yes
2026-10-05T01:58:32.789608Z,KXBTC15M-26OCT042200-00,0.0130,0.01,yes
2026-10-05T01:58:32.837041Z,KXBTC15M-26OCT042200-00,0.0120,58.53,no
2026-10-05T01:58:32.926452Z,KXBTC15M-26OCT042200-00,0.0130,15.02,yes
2026-10-05T01:58:32.986428Z,KXBTC15M-26OCT042200-00,0.0120,112.25,no
2026-10-05T01:58:32.998763Z,KXBTC15M-26OCT042200-00,0.0130,92.73,yes
2026-10-05T01:58:32.998763Z,KXBTC15M-26OCT042200-00,0.0130,10.00,yes
2026-10-05T01:58:33.024365Z,KXBTC15M-26OCT042200-00,0.0120,47.10,no
2026-10-05T01:58:33.024365Z,KXBTC15M-26OCT042200-00,0.0120,32.90,no
2026-10-05T01:58:33.032137Z,KXBTC15M-26OCT042200-00,0.0130,0.01,yes
2026-10-05T01:58:33.032137Z,KXBTC15M-26OCT042200-00,0.0130,0.01,yes
2026-10-05T01:58:33.032137Z,KXBTC15M-26OCT042200-00,0.0130,71.93,yes
2026-10-05T01:58:33.060462Z,KXBTC15M-26OCT042200-00,0.0120,20.58,no
2026-10-05T01:58:33.063794Z,KXBTC15M-26OCT042200-00,0.0160,264.00,yes
2026-10-05T01:58:33.063794Z,KXBTC15M-26OCT042200-00,0.0160,111.00,yes
2026-10-05T01:58:33.063794Z,KXBTC15M-26OCT042200-00,0.0130,0.01,yes
2026-10-05T01:58:33.063794Z,KXBTC15M-26OCT042200-00,0.0160,33.01,yes
2026-10-05T01:58:33.063794Z,KXBTC15M-26OCT042200-00,0.0130,0.01,yes
2026-10-05T01:58:33.063794Z,KXBTC15M-26OCT042200-00,0.0160,110.97,yes
2026-10-05T01:58:33.063794Z,KXBTC15M-26OCT042200-00,0.0160,1.00,yes
2026-10-05T01:58:33.14861Z,KXBTC15M-26OCT042200-00,0.0120,1.70,no
2026-10-05T01:58:33.189474Z,KXBTC15M-26OCT042200-00,0.0130,0.01,yes
2026-10-05T01:58:33.189474Z,KXBTC15M-26OCT042200-00,0.0130,71.93,yes
2026-10-05T01:58:33.189474Z,KXBTC15M-26OCT042200-00,0.0130,0.01,yes
2026-10-05T01:58:33.341895Z,KXBTC15M-26OCT042200-00,0.0120,0.01,no
2026-10-05T01:58:33.341895Z,KXBTC15M-26OCT042200-00,0.0120,200.00,no
2026-10-05T01:58:33.341895Z,KXBTC15M-26OCT042200-00,0.0120,0.01,no
2026-10-05T01:58:33.341895Z,KXBTC15M-26OCT042200-00,0.0120,300.46,no
2026-10-05T01:58:33.341895Z,KXBTC15M-26OCT042200-00,0.0120,500.00,no
2026-10-05T01:58:33.341895Z,KXBTC15M-26OCT042200-00,0.0120,917.00,no
2026-10-05T01:58:33.341895Z,KXBTC15M-26OCT042200-00,0.0120,822.62,no
2026-10-05T01:58:33.350158Z,KXBTC15M-26OCT042200-00,0.0120,71.95,yes
2026-10-05T01:58:33.430105Z,KXBTC15M-26OCT042200-00,0.0120,71.95,yes
2026-10-05T01:58:33.461598Z,KXBTC15M-26OCT042200-00,0.0110,15.00,no
2026-10-05T01:58:33.461598Z,KXBTC15M-26OCT042200-00,0.0110,0.01,no
2026-10-05T01:58:33.461598Z,KXBTC15M-26OCT042200-00,0.0110,0.01,no
2026-10-05T01:58:33.461598Z,KXBTC15M-26OCT042200-00,0.0110,940.81,no
2026-10-05T01:58:33.461598Z,KXBTC15M-26OCT042200-00,0.0110,15.00,no
2026-10-05T01:58:33.478743Z,KXBTC15M-26OCT042200-00,0.0120,143.90,yes
2026-10-05T01:58:33.500548Z,KXBTC15M-26OCT042200-00,0.0110,0.01,no
2026-10-05T01:58:33.500548Z,KXBTC15M-26OCT042200-00,0.0100,1.00,no
2026-10-05T01:58:33.500548Z,KXBTC15M-26OCT042200-00,0.0110,1.00,no
2026-10-05T01:58:33.500548Z,KXBTC15M-26OCT042200-00,0.0110,0.01,no
2026-10-05T01:58:33.500548Z,KXBTC15M-26OCT042200-00,0.0090,105.30,no
2026-10-05T01:58:33.500548Z,KXBTC15M-26OCT042200-00,0.0100,2.00,no
2026-10-05T01:58:33.514393Z,KXBTC15M-26OCT042200-00,0.0110,0.01,no
2026-10-05T01:58:33.514393Z,KXBTC15M-26OCT042200-00,0.0110,0.01,no
2026-10-05T01:58:33.514393Z,KXBTC15M-26OCT042200-00,0.0090,5.22,no
2026-10-05T01:58:33.535918Z,KXBTC15M-26OCT042200-00,0.0120,2114.00,yes
2026-10-05T01:58:33.553849Z,KXBTC15M-26OCT042200-00,0.0110,0.01,no
2026-10-05T01:58:33.553849Z,KXBTC15M-26OCT042200-00,0.0110,0.01,no
2026-10-05T01:58:33.553849Z,KXBTC15M-26OCT042200-00,0.0090,25.30,no
2026-10-05T01:58:33.560861Z,KXBTC15M-26OCT042200-00,0.0120,1161.47,yes
2026-10-05T01:58:33.569294Z,KXBTC15M-26OCT042200-00,0.0120,71.95,yes
2026-10-05T01:58:33.575347Z,KXBTC15M-26OCT042200-00,0.0050,50.00,no
2026-10-05T01:58:33.575347Z,KXBTC15M-26OCT042200-00,0.0070,15.00,no
2026-10-05T01:58:33.575347Z,KXBTC15M-26OCT042200-00,0.0070,15.00,no
2026-10-05T01:58:33.575347Z,KXBTC15M-26OCT042200-00,0.0070,15.00,no
2026-10-05T01:58:33.575347Z,KXBTC15M-26OCT042200-00,0.0070,15.00,no
2026-10-05T01:58:33.575347Z,KXBTC15M-26OCT042200-00,0.0080,38.00,no
2026-10-05T01:58:33.575347Z,KXBTC15M-26OCT042200-00,0.0080,15.00,no
2026-10-05T01:58:33.575347Z,KXBTC15M-26OCT042200-00,0.0080,15.00,no
2026-10-05T01:58:33.575347Z,KXBTC15M-26OCT042200-00,0.0080,15.00,no
2026-10-05T01:58:33.575347Z,KXBTC15M-26OCT042200-00,0.0080,15.00,no
2026-10-05T01:58:33.575347Z,KXBTC15M-26OCT042200-00,0.0050,15.00,no
2026-10-05T01:58:33.575347Z,KXBTC15M-26OCT042200-00,0.0050,1.36,no
2026-10-05T01:58:33.575347Z,KXBTC15M-26OCT042200-00,0.0070,1.00,no
2026-10-05T01:58:33.575347Z,KXBTC15M-26OCT042200-00,0.0080,1372.00,no
2026-10-05T01:58:33.575347Z,KXBTC15M-26OCT042200-00,0.0090,200.00,no
2026-10-05T01:58:33.575347Z,KXBTC15M-26OCT042200-00,0.0070,2.00,no
2026-10-05T01:58:33.575347Z,KXBTC15M-26OCT042200-00,0.0090,1.00,no
2026-10-05T01:58:33.575347Z,KXBTC15M-26OCT042200-00,0.0060,2.00,no
2026-10-05T01:58:33.575347Z,KXBTC15M-26OCT042200-00,0.0110,0.01,no
2026-10-05T01:58:33.575347Z,KXBTC15M-26OCT042200-00,0.0050,200.00,no
2026-10-05T01:58:33.575347Z,KXBTC15M-26OCT042200-00,0.0110,0.01,no
2026-10-05T01:58:33.575347Z,KXBTC15M-26OCT042200-00,0.0080,1.00,no
2026-10-05T01:58:33.575347Z,KXBTC15M-26OCT042200-00,0.0090,0.01,no
2026-10-05T01:58:33.575347Z,KXBTC15M-26OCT042200-00,0.0090,0.01,no
2026-10-05T01:58:33.575347Z,KXBTC15M-26OCT042200-00,0.0080,200.00,no
2026-10-05T01:58:33.575347Z,KXBTC15M-26OCT042200-00,0.0050,22.00,no
2026-10-05T01:58:33.575347Z,KXBTC15M-26OCT042200-00,0.0090,364.18,no
2026-10-05T01:58:33.575347Z,KXBTC15M-26OCT042200-00,0.0070,2.00,no
2026-10-05T01:58:33.575347Z,KXBTC15M-26OCT042200-00,0.0090,15.00,no
2026-10-05T01:58:33.575347Z,KXBTC15M-26OCT042200-00,0.0050,500.00,no
2026-10-05T01:58:33.575347Z,KXBTC15M-26OCT042200-00,0.0090,15.00,no
2026-10-05T01:58:33.575347Z,KXBTC15M-26OCT042200-00,0.0080,2.00,no
2026-10-05T01:58:33.575347Z,KXBTC15M-26OCT042200-00,0.0050,1.00,no
2026-10-05T01:58:33.575347Z,KXBTC15M-26OCT042200-00,0.0090,15.00,no
2026-10-05T01:58:33.575347Z,KXBTC15M-26OCT042200-00,0.0060,1.00,no
2026-10-05T01:58:33.575347Z,KXBTC15M-26OCT042200-00,0.0070,500.00,no
2026-10-05T01:58:33.575347Z,KXBTC15M-26OCT042200-00,0.0090,2.00,no
2026-10-05T01:58:33.575347Z,KXBTC15M-26OCT042200-00,0.0090,308.00,no
2026-10-05T01:58:33.575347Z,KXBTC15M-26OCT042200-00,0.0080,2.00,no
2026-10-05T01:58:33.575347Z,KXBTC15M-26OCT042200-00,0.0050,10.00,no
2026-10-05T01:58:33.626441Z,KXBTC15M-26OCT042200-00,0.0050,71.95,yes
2026-10-05T01:58:33.651918Z,KXBTC15M-26OCT042200-00,0.0050,36.33,yes
2026-10-05T01:58:33.657624Z,KXBTC15M-26OCT042200-00,0.0050,14.39,yes
2026-10-05T01:58:33.661347Z,KXBTC15M-26OCT042200-00,0.0050,50.00,yes
2026-10-05T01:58:33.678722Z,KXBTC15M-26OCT042200-00,0.0050,71.95,yes
2026-10-05T01:58:33.684355Z,KXBTC15M-26OCT042200-00,0.0050,20.00,yes
2026-10-05T01:58:33.690771Z,KXBTC15M-26OCT042200-00,0.0050,305.00,yes
2026-10-05T01:58:33.692904Z,KXBTC15M-26OCT042200-00,0.0050,89.94,yes
2026-10-05T01:58:33.704861Z,KXBTC15M-26OCT042200-00,0.0050,414.00,yes
2026-10-05T01:58:33.726095Z,KXBTC15M-26OCT042200-00,0.0050,71.95,yes
2026-10-05T01:58:33.733196Z,KXBTC15M-26OCT042200-00,0.0050,44.60,yes
2026-10-05T01:58:33.790391Z,KXBTC15M-26OCT042200-00,0.0050,389.71,yes
2026-10-05T01:58:33.804172Z,KXBTC15M-26OCT042200-00,0.0050,71.95,yes
2026-10-05T01:58:33.823032Z,KXBTC15M-26OCT042200-00,0.0050,77.94,yes
2026-10-05T01:58:33.874544Z,KXBTC15M-26OCT042200-00,0.0050,20.00,yes
2026-10-05T01:58:33.89548Z,KXBTC15M-26OCT042200-00,0.0050,649.50,yes
2026-10-05T01:58:33.937344Z,KXBTC15M-26OCT042200-00,0.0050,779.43,yes
2026-10-05T01:58:33.93869Z,KXBTC15M-26OCT042200-00,0.0050,71.95,yes
2026-10-05T01:58:33.948987Z,KXBTC15M-26OCT042200-00,0.0050,2.21,yes
2026-10-05T01:58:33.951853Z,KXBTC15M-26OCT042200-00,0.0040,37.91,no
2026-10-05T01:58:34.000458Z,KXBTC15M-26OCT042200-00,0.0050,9.66,yes
2026-10-05T01:58:34.095828Z,KXBTC15M-26OCT042200-00,0.0040,20.07,no
2026-10-05T01:58:34.102933Z,KXBTC15M-26OCT042200-00,0.0050,916.19,yes
2026-10-05T01:58:34.113271Z,KXBTC15M-26OCT042200-00,0.0050,155.89,yes
2026-10-05T01:58:34.114957Z,KXBTC15M-26OCT042200-00,0.0050,186.97,yes
2026-10-05T01:58:34.181015Z,KXBTC15M-26OCT042200-00,0.0050,0.01,yes
2026-10-05T01:58:34.181015Z,KXBTC15M-26OCT042200-00,0.0050,15.00,yes
2026-10-05T01:58:34.181015Z,KXBTC15M-26OCT042200-00,0.0050,97.04,yes
2026-10-05T01:58:34.181015Z,KXBTC15M-26OCT042200-00,0.0050,0.01,yes
2026-10-05T01:58:34.181015Z,KXBTC15M-26OCT042200-00,0.0050,74.91,yes
2026-10-05T01:58:34.230733Z,KXBTC15M-26OCT042200-00,0.0050,916.19,yes
2026-10-05T01:58:34.252007Z,KXBTC15M-26OCT042200-00,0.0050,194.00,yes
2026-10-05T01:58:34.256707Z,KXBTC15M-26OCT042200-00,0.0040,500.00,no
2026-10-05T01:58:34.256707Z,KXBTC15M-26OCT042200-00,0.0040,140.10,no
2026-10-05T01:58:34.256707Z,KXBTC15M-26OCT042200-00,0.0040,300.00,no
2026-10-05T01:58:34.256707Z,KXBTC15M-26OCT042200-00,0.0040,512.00,no
2026-10-05T01:58:34.256707Z,KXBTC15M-26OCT042200-00,0.0040,120.00,no
2026-10-05T01:58:34.256707Z,KXBTC15M-26OCT042200-00,0.0040,1643.90,no
2026-10-05T01:58:34.256707Z,KXBTC15M-26OCT042200-00,0.0040,1800.00,no
2026-10-05T01:58:34.256707Z,KXBTC15M-26OCT042200-00,0.0040,1800.00,no
2026-10-05T01:58:34.256707Z,KXBTC15M-26OCT042200-00,0.0040,1.00,no
2026-10-05T01:58:34.256707Z,KXBTC15M-26OCT042200-00,0.0040,1.00,no
2026-10-05T01:58:34.256707Z,KXBTC15M-26OCT042200-00,0.0040,1.00,no
2026-10-05T01:58:34.256707Z,KXBTC15M-26OCT042200-00,0.0040,1.00,no
2026-10-05T01:58:34.256707Z,KXBTC15M-26OCT042200-00,0.0040,1.00,no
2026-10-05T01:58:34.256707Z,KXBTC15M-26OCT042200-00,0.0040,13.00,no
2026-10-05T01:58:34.265684Z,KXBTC15M-26OCT042200-00,0.0050,186.97,yes
2026-10-05T01:58:34.299412Z,KXBTC15M-26OCT042200-00,0.0050,100.17,yes
2026-10-05T01:58:34.315403Z,KXBTC15M-26OCT042200-00,0.0040,15.00,no
2026-10-05T01:58:34.315403Z,KXBTC15M-26OCT042200-00,0.0040,359.90,no
2026-10-05T01:58:34.315403Z,KXBTC15M-26OCT042200-00,0.0040,17.00,no
2026-10-05T01:58:34.315403Z,KXBTC15M-26OCT042200-00,0.0040,20.00,no
2026-10-05T01:58:34.315403Z,KXBTC15M-26OCT042200-00,0.0040,100.00,no
2026-10-05T01:58:34.315403Z,KXBTC15M-26OCT042200-00,0.0040,0.01,no
2026-10-05T01:58:34.315403Z,KXBTC15M-26OCT042200-00,0.0040,400.00,no
2026-10-05T01:58:34.315403Z,KXBTC15M-26OCT042200-00,0.0040,0.01,no
2026-10-05T01:58:34.315403Z,KXBTC15M-26OCT042200-00,0.0040,2.00,no
2026-10-05T01:58:34.315403Z,KXBTC15M-26OCT042200-00,0.0040,200.00,no
2026-10-05T01:58:34.315403Z,KXBTC15M-26OCT042200-00,0.0040,176.00,no
2026-10-05T01:58:34.315403Z,KXBTC15M-26OCT042200-00,0.0030,476.08,no
2026-10-05T01:58:34.32762Z,KXBTC15M-26OCT042200-00,0.0040,0.01,no
2026-10-05T01:58:34.32762Z,KXBTC15M-26OCT042200-00,0.0040,20.00,no
2026-10-05T01:58:34.32762Z,KXBTC15M-26OCT042200-00,0.0040,0.01,no
2026-10-05T01:58:34.32762Z,KXBTC15M-26OCT042200-00,0.0040,256.27,no
2026-10-05T01:58:34.377321Z,KXBTC15M-26OCT042200-00,0.0040,71.95,yes
2026-10-05T01:58:34.391726Z,KXBTC15M-26OCT042200-00,0.0030,764.00,no
2026-10-05T01:58:34.417831Z,KXBTC15M-26OCT042200-00,0.0040,96.00,yes
2026-10-05T01:58:34.451213Z,KXBTC15M-26OCT042200-00,0.0040,18.69,yes
2026-10-05T01:58:34.462452Z,KXBTC15M-26OCT042200-00,0.0040,15.00,yes
2026-10-05T01:58:34.462452Z,KXBTC15M-26OCT042200-00,0.0040,419.80,yes
2026-10-05T01:58:34.462452Z,KXBTC15M-26OCT042200-00,0.0040,3.07,yes
2026-10-05T01:58:34.462452Z,KXBTC15M-26OCT042200-00,0.0040,200.00,yes
2026-10-05T01:58:34.462452Z,KXBTC15M-26OCT042200-00,0.0040,0.01,yes
2026-10-05T01:58:34.462452Z,KXBTC15M-26OCT042200-00,0.0040,15.00,yes
2026-10-05T01:58:34.462452Z,KXBTC15M-26OCT042200-00,0.0040,0.01,yes
2026-10-05T01:58:34.462452Z,KXBTC15M-26OCT042200-00,0.0040,282.00,yes
2026-10-05T01:58:34.49686Z,KXBTC15M-26OCT042200-00,0.0050,20.07,yes
2026-10-05T01:58:34.49686Z,KXBTC15M-26OCT042200-00,0.0040,114.20,yes
2026-10-05T01:58:34.49686Z,KXBTC15M-26OCT042200-00,0.0040,0.01,yes
2026-10-05T01:58:34.49686Z,KXBTC15M-26OCT042200-00,0.0040,15.00,yes
2026-10-05T01:58:34.49686Z,KXBTC15M-26OCT042200-00,0.0040,0.01,yes
2026-10-05T01:58:34.49686Z,KXBTC15M-26OCT042200-00,0.0040,0.03,yes
2026-10-05T01:58:34.49686Z,KXBTC15M-26OCT042200-00,0.0050,422.88,yes
2026-10-05T01:58:34.49686Z,KXBTC15M-26OCT042200-00,0.0050,0.03,yes
2026-10-05T01:58:34.49686Z,KXBTC15M-26OCT042200-00,0.0050,1259.63,yes
2026-10-05T01:58:34.49686Z,KXBTC15M-26OCT042200-00,0.0050,37.91,yes
2026-10-05T01:58:34.502597Z,KXBTC15M-26OCT042200-00,0.0050,62.73,yes
2026-10-05T01:58:34.502597Z,KXBTC15M-26OCT042200-00,0.0050,588.12,yes
2026-10-05T01:58:34.531453Z,KXBTC15M-26OCT042200-00,0.0050,186.97,yes
2026-10-05T01:58:34.546686Z,KXBTC15M-26OCT042200-00,0.0050,186.97,yes
2026-10-05T01:58:34.560199Z,KXBTC15M-26OCT042200-00,0.0050,75.33,yes
2026-10-05T01:58:34.560199Z,KXBTC15M-26OCT042200-00,0.0050,111.64,yes
2026-10-05T01:58:34.605098Z,KXBTC15M-26OCT042200-00,0.0050,8.36,yes
2026-10-05T01:58:34.605098Z,KXBTC15M-26OCT042200-00,0.0050,178.61,yes
2026-10-05T01:58:34.658273Z,KXBTC15M-26OCT042200-00,0.0050,897.49,yes
2026-10-05T01:58:34.660503Z,KXBTC15M-26OCT042200-00,0.0050,186.97,yes
2026-10-05T01:58:34.675251Z,KXBTC15M-26OCT042200-00,0.0050,186.97,yes
2026-10-05T01:58:34.718973Z,KXBTC15M-26OCT042200-00,0.0050,349.96,yes
2026-10-05T01:58:34.718973Z,KXBTC15M-26OCT042200-00,0.0050,465.22,yes
2026-10-05T01:58:34.720906Z,KXBTC15M-26OCT042200-00,0.0050,247.00,yes
2026-10-05T01:58:34.743216Z,KXBTC15M-26OCT042200-00,0.0050,186.97,yes
2026-10-05T01:58:34.764493Z,KXBTC15M-26OCT042200-00,0.0050,186.97,yes
2026-10-05T01:58:34.812301Z,KXBTC15M-26OCT042200-00,0.0050,220.63,yes
2026-10-05T01:58:34.81877Z,KXBTC15M-26OCT042200-00,0.0040,13.59,no
2026-10-05T01:58:34.820945Z,KXBTC15M-26OCT042200-00,0.0040,400.00,no
2026-10-05T01:58:34.820945Z,KXBTC15M-26OCT042200-00,0.0040,500.00,no
2026-10-05T01:58:34.820945Z,KXBTC15M-26OCT042200-00,0.0040,136.41,no
2026-10-05T01:58:34.820945Z,KXBTC15M-26OCT042200-00,0.0040,200.00,no
2026-10-05T01:58:34.820945Z,KXBTC15M-26OCT042200-00,0.0040,2746.00,no
2026-10-05T01:58:34.820945Z,KXBTC15M-26OCT042200-00,0.0040,500.00,no
2026-10-05T01:58:34.820945Z,KXBTC15M-26OCT042200-00,0.0040,0.01,no
2026-10-05T01:58:34.820945Z,KXBTC15M-26OCT042200-00,0.0040,2746.00,no
2026-10-05T01:58:34.820945Z,KXBTC15M-26OCT042200-00,0.0040,122.00,no
2026-10-05T01:58:34.820945Z,KXBTC15M-26OCT042200-00,0.0040,20.00,no
2026-10-05T01:58:34.820945Z,KXBTC15M-26OCT042200-00,0.0040,100.00,no
2026-10-05T01:58:34.820945Z,KXBTC15M-26OCT042200-00,0.0040,0.01,no
2026-10-05T01:58:34.850406Z,KXBTC15M-26OCT042200-00,0.0040,15.13,yes
2026-10-05T01:58:34.90565Z,KXBTC15M-26OCT042200-00,0.0040,93.49,yes
2026-10-05T01:58:34.922301Z,KXBTC15M-26OCT042200-00,0.0040,227.81,yes
2026-10-05T01:58:35.025008Z,KXBTC15M-26OCT042200-00,0.0040,431.43,yes
2026-10-05T01:58:35.05212Z,KXBTC15M-26OCT042200-00,0.0040,1.02,yes
2026-10-05T01:58:35.089655Z,KXBTC15M-26OCT042200-00,0.0040,186.97,yes
2026-10-05T01:58:35.130889Z,KXBTC15M-26OCT042200-00,0.0040,18.70,yes
2026-10-05T01:58:35.135265Z,KXBTC15M-26OCT042200-00,0.0040,4229.00,yes
2026-10-05T01:58:35.223834Z,KXBTC15M-26OCT042200-00,0.0040,0.01,yes
2026-10-05T01:58:35.223834Z,KXBTC15M-26OCT042200-00,0.0040,171.95,yes
2026-10-05T01:58:35.223834Z,KXBTC15M-26OCT042200-00,0.0040,0.01,yes
2026-10-05T01:58:35.223834Z,KXBTC15M-26OCT042200-00,0.0040,15.00,yes
2026-10-05T01:58:35.237051Z,KXBTC15M-26OCT042200-00,0.0030,733.02,no
2026-10-05T01:58:35.237051Z,KXBTC15M-26OCT042200-00,0.0030,154.92,no
2026-10-05T01:58:35.266885Z,KXBTC15M-26OCT042200-00,0.0040,46.74,yes
2026-10-05T01:58:35.269741Z,KXBTC15M-26OCT042200-00,0.0040,3.17,yes
2026-10-05T01:58:35.341357Z,KXBTC15M-26OCT042200-00,0.0040,733.02,yes
2026-10-05T01:58:35.341357Z,KXBTC15M-26OCT042200-00,0.0040,0.01,yes
2026-10-05T01:58:35.341357Z,KXBTC15M-26OCT042200-00,0.0040,0.01,yes
2026-10-05T01:58:35.341357Z,KXBTC15M-26OCT042200-00,0.0040,278.14,yes
2026-10-05T01:58:35.341357Z,KXBTC15M-26OCT042200-00,0.0050,69.93,yes
2026-10-05T01:58:35.347839Z,KXBTC15M-26OCT042200-00,0.0050,93.51,yes
2026-10-05T01:58:35.426052Z,KXBTC15M-26OCT042200-00,0.0040,44.59,no
2026-10-05T01:58:35.426052Z,KXBTC15M-26OCT042200-00,0.0040,0.01,no
2026-10-05T01:58:35.426052Z,KXBTC15M-26OCT042200-00,0.0040,100.00,no
2026-10-05T01:58:35.426052Z,KXBTC15M-26OCT042200-00,0.0040,0.01,no
2026-10-05T01:58:35.426052Z,KXBTC15M-26OCT042200-00,0.0040,150.00,no
2026-10-05T01:58:35.426052Z,KXBTC15M-26OCT042200-00,0.0040,81.00,no
2026-10-05T01:58:35.426052Z,KXBTC15M-26OCT042200-00,0.0040,20.00,no
2026-10-05T01:58:35.426821Z,KXBTC15M-26OCT042200-00,0.0050,0.10,yes
2026-10-05T01:58:35.467053Z,KXBTC15M-26OCT042200-00,0.0050,21.29,yes
2026-10-05T01:58:35.476691Z,KXBTC15M-26OCT042200-00,0.0040,200.00,no
2026-10-05T01:58:35.476691Z,KXBTC15M-26OCT042200-00,0.0040,0.01,no
2026-10-05T01:58:35.476691Z,KXBTC15M-26OCT042200-00,0.0040,20.00,no
2026-10-05T01:58:35.476691Z,KXBTC15M-26OCT042200-00,0.0040,3.99,no
2026-10-05T01:58:35.476691Z,KXBTC15M-26OCT042200-00,0.0040,1.00,no
2026-10-05T01:58:35.568733Z,KXBTC15M-26OCT042200-00,0.0050,218.00,yes
2026-10-05T01:58:35.661902Z,KXBTC15M-26OCT042200-00,0.0050,29.19,yes
2026-10-05T01:58:35.673361Z,KXBTC15M-26OCT042200-00,0.0050,3.00,yes
2026-10-05T01:58:35.675353Z,KXBTC15M-26OCT042200-00,0.0050,25.23,yes
2026-10-05T01:58:35.705922Z,KXBTC15M-26OCT042200-00,0.0040,199.99,no
2026-10-05T01:58:35.705922Z,KXBTC15M-26OCT042200-00,0.0040,0.01,no
2026-10-05T01:58:35.706746Z,KXBTC15M-26OCT042200-00,0.0040,3.00,no
2026-10-05T01:58:35.730833Z,KXBTC15M-26OCT042200-00,0.0050,38.04,yes
2026-10-05T01:58:35.730833Z,KXBTC15M-26OCT042200-00,0.0050,32.96,yes
2026-10-05T01:58:35.801678Z,KXBTC15M-26OCT042200-00,0.0050,343.50,yes
2026-10-05T01:58:35.827932Z,KXBTC15M-26OCT042200-00,0.0050,373.95,yes
2026-10-05T01:58:35.831614Z,KXBTC15M-26OCT042200-00,0.0050,163.79,yes
2026-10-05T01:58:35.839497Z,KXBTC15M-26OCT042200-00,0.0050,186.97,yes
2026-10-05T01:58:35.872596Z,KXBTC15M-26OCT042200-00,0.0040,8.02,no
2026-10-05T01:58:36.012527Z,KXBTC15M-26OCT042200-00,0.0050,537.65,yes
2026-10-05T01:58:36.012527Z,KXBTC15M-26OCT042200-00,0.0050,0.03,yes
2026-10-05T01:58:36.012527Z,KXBTC15M-26OCT042200-00,0.0050,2.32,yes
2026-10-05T01:58:36.041182Z,KXBTC15M-26OCT042200-00,0.0050,73.14,yes
2026-10-05T01:58:36.056583Z,KXBTC15M-26OCT042200-00,0.0050,0.01,yes
2026-10-05T01:58:36.056583Z,KXBTC15M-26OCT042200-00,0.0050,11.09,yes
2026-10-05T01:58:36.056583Z,KXBTC15M-26OCT042200-00,0.0050,0.01,yes
2026-10-05T01:58:36.113074Z,KXBTC15M-26OCT042200-00,0.0050,0.01,yes
2026-10-05T01:58:36.113074Z,KXBTC15M-26OCT042200-00,0.0050,0.01,yes
2026-10-05T01:58:36.113074Z,KXBTC15M-26OCT042200-00,0.0050,3.91,yes
2026-10-05T01:58:36.113074Z,KXBTC15M-26OCT042200-00,0.0060,17.42,yes
2026-10-05T01:58:36.165837Z,KXBTC15M-26OCT042200-00,0.0060,505.64,yes
2026-10-05T01:58:36.234015Z,KXBTC15M-26OCT042200-00,0.0050,400.00,no
2026-10-05T01:58:36.234015Z,KXBTC15M-26OCT042200-00,0.0050,0.01,no
2026-10-05T01:58:36.234015Z,KXBTC15M-26OCT042200-00,0.0050,0.01,no
2026-10-05T01:58:36.234015Z,KXBTC15M-26OCT042200-00,0.0050,100.00,no
2026-10-05T01:58:36.234015Z,KXBTC15M-26OCT042200-00,0.0050,150.00,no
2026-10-05T01:58:36.234015Z,KXBTC15M-26OCT042200-00,0.0050,200.00,no
2026-10-05T01:58:36.234015Z,KXBTC15M-26OCT042200-00,0.0040,153.44,no
2026-10-05T01:58:36.268049Z,KXBTC15M-26OCT042200-00,0.0050,0.01,no
2026-10-05T01:58:36.268049Z,KXBTC15M-26OCT042200-00,0.0050,0.01,no
2026-10-05T01:58:36.268049Z,KXBTC15M-26OCT042200-00,0.0050,100.00,no
2026-10-05T01:58:36.268049Z,KXBTC15M-26OCT042200-00,0.0040,1.85,no
2026-10-05T01:58:36.268049Z,KXBTC15M-26OCT042200-00,0.0050,22.00,no
2026-10-05T01:58:36.268049Z,KXBTC15M-26OCT042200-00,0.0040,57.00,no
2026-10-05T01:58:36.268049Z,KXBTC15M-26OCT042200-00,0.0040,46.56,no
2026-10-05T01:58:36.268049Z,KXBTC15M-26OCT042200-00,0.0040,403.29,no
2026-10-05T01:58:36.323035Z,KXBTC15M-26OCT042200-00,0.0060,9.16,yes
2026-10-05T01:58:36.339798Z,KXBTC15M-26OCT042200-00,0.0060,171.03,yes
2026-10-05T01:58:36.339798Z,KXBTC15M-26OCT042200-00,0.0060,200.00,yes
2026-10-05T01:58:36.339798Z,KXBTC15M-26OCT042200-00,0.0060,15.00,yes
2026-10-05T01:58:36.339798Z,KXBTC15M-26OCT042200-00,0.0060,967.78,yes
2026-10-05T01:58:36.339798Z,KXBTC15M-26OCT042200-00,0.0060,0.03,yes
2026-10-05T01:58:36.346051Z,KXBTC15M-26OCT042200-00,0.0050,49.52,no
2026-10-05T01:58:36.346051Z,KXBTC15M-26OCT042200-00,0.0050,0.01,no
2026-10-05T01:58:36.346051Z,KXBTC15M-26OCT042200-00,0.0050,0.01,no
2026-10-05T01:58:36.348619Z,KXBTC15M-26OCT042200-00,0.0060,192.00,yes
2026-10-05T01:58:36.351155Z,KXBTC15M-26OCT042200-00,0.0050,12.21,no
2026-10-05T01:58:36.352211Z,KXBTC15M-26OCT042200-00,0.0050,61.73,no
2026-10-05T01:58:36.352211Z,KXBTC15M-26OCT042200-00,0.0050,38.27,no
2026-10-05T01:58:36.413472Z,KXBTC15M-26OCT042200-00,0.0060,0.01,yes
2026-10-05T01:58:36.413472Z,KXBTC15M-26OCT042200-00,0.0060,0.01,yes
2026-10-05T01:58:36.413472Z,KXBTC15M-26OCT042200-00,0.0060,15.00,yes
2026-10-05T01:58:36.413472Z,KXBTC15M-26OCT042200-00,0.0080,0.04,yes
2026-10-05T01:58:36.413472Z,KXBTC15M-26OCT042200-00,0.0080,1.12,yes
2026-10-05T01:58:36.413472Z,KXBTC15M-26OCT042200-00,0.0070,0.03,yes
2026-10-05T01:58:36.413472Z,KXBTC15M-26OCT042200-00,0.0070,13.00,yes
2026-10-05T01:58:36.457719Z,KXBTC15M-26OCT042200-00,0.0070,0.01,yes
2026-10-05T01:58:36.457719Z,KXBTC15M-26OCT042200-00,0.0080,0.01,yes
2026-10-05T01:58:36.457719Z,KXBTC15M-26OCT042200-00,0.0070,0.01,yes
2026-10-05T01:58:36.457719Z,KXBTC15M-26OCT042200-00,0.0080,15.00,yes
2026-10-05T01:58:36.457719Z,KXBTC15M-26OCT042200-00,0.0090,0.04,yes
2026-10-05T01:58:36.457719Z,KXBTC15M-26OCT042200-00,0.0100,16.93,yes
2026-10-05T01:58:36.50944Z,KXBTC15M-26OCT042200-00,0.0090,5.09,yes
2026-10-05T01:58:36.543876Z,KXBTC15M-26OCT042200-00,0.0080,8.51,yes
2026-10-05T01:58:36.66392Z,KXBTC15M-26OCT042200-00,0.0070,5.00,no
2026-10-05T01:58:36.670681Z,KXBTC15M-26OCT042200-00,0.0070,17.30,no
2026-10-05T01:58:36.707802Z,KXBTC15M-26OCT042200-00,0.0080,2.00,yes
2026-10-05T01:58:36.708799Z,KXBTC15M-26OCT042200-00,0.0080,3.00,yes
2026-10-05T01:58:36.715896Z,KXBTC15M-26OCT042200-00,0.0080,2.00,yes
2026-10-05T01:58:36.857604Z,KXBTC15M-26OCT042200-00,0.0070,200.00,no
2026-10-05T01:58:36.857604Z,KXBTC15M-26OCT042200-00,0.0070,500.00,no
2026-10-05T01:58:36.857604Z,KXBTC15M-26OCT042200-00,0.0070,127.70,no
2026-10-05T01:58:36.857604Z,KXBTC15M-26OCT042200-00,0.0070,100.00,no
2026-10-05T01:58:36.857604Z,KXBTC15M-26OCT042200-00,0.0060,20.00,no
2026-10-05T01:58:36.857604Z,KXBTC15M-26OCT042200-00,0.0070,15.00,no
2026-10-05T01:58:36.857604Z,KXBTC15M-26OCT042200-00,0.0070,400.00,no
2026-10-05T01:58:36.857604Z,KXBTC15M-26OCT042200-00,0.0060,200.00,no
2026-10-05T01:58:36.857604Z,KXBTC15M-26OCT042200-00,0.0060,15.00,no
2026-10-05T01:58:36.857604Z,KXBTC15M-26OCT042200-00,0.0070,0.01,no
2026-10-05T01:58:36.857604Z,KXBTC15M-26OCT042200-00,0.0070,500.00,no
2026-10-05T01:58:36.857604Z,KXBTC15M-26OCT042200-00,0.0070,0.01,no
2026-10-05T01:58:36.903434Z,KXBTC15M-26OCT042200-00,0.0060,200.00,yes
2026-10-05T01:58:36.931438Z,KXBTC15M-26OCT042200-00,0.0050,100.00,no
2026-10-05T01:58:36.931763Z,KXBTC15M-26OCT042200-00,0.0050,1000.00,no
2026-10-05T01:58:36.957885Z,KXBTC15M-26OCT042200-00,0.0050,100.00,no
2026-10-05T01:58:36.957885Z,KXBTC15M-26OCT042200-00,0.0050,200.00,no
2026-10-05T01:58:36.957885Z,KXBTC15M-26OCT042200-00,0.0050,0.01,no
2026-10-05T01:58:36.957885Z,KXBTC15M-26OCT042200-00,0.0050,5.00,no
2026-10-05T01:58:36.957885Z,KXBTC15M-26OCT042200-00,0.0050,400.00,no
2026-10-05T01:58:36.957885Z,KXBTC15M-26OCT042200-00,0.0050,15.00,no
2026-10-05T01:58:36.957885Z,KXBTC15M-26OCT042200-00,0.0050,0.01,no
2026-10-05T01:58:36.970676Z,KXBTC15M-26OCT042200-00,0.0050,26.56,yes
2026-10-05T01:58:36.970676Z,KXBTC15M-26OCT042200-00,0.0050,279.98,yes
2026-10-05T01:58:36.970676Z,KXBTC15M-26OCT042200-00,0.0050,0.01,yes
2026-10-05T01:58:36.970676Z,KXBTC15M-26OCT042200-00,0.0050,0.01,yes
2026-10-05T01:58:37.076095Z,KXBTC15M-26OCT042200-00,0.0050,0.01,yes
2026-10-05T01:58:37.076095Z,KXBTC15M-26OCT042200-00,0.0050,0.01,yes
2026-10-05T01:58:37.076095Z,KXBTC15M-26OCT042200-00,0.0060,425.09,yes
2026-10-05T01:58:37.078955Z,KXBTC15M-26OCT042200-00,0.0050,150.00,no
2026-10-05T01:58:37.078955Z,KXBTC15M-26OCT042200-00,0.0050,150.00,no
2026-10-05T01:58:37.078955Z,KXBTC15M-26OCT042200-00,0.0050,150.00,no
2026-10-05T01:58:37.18135Z,KXBTC15M-26OCT042200-00,0.0050,202.00,yes
2026-10-05T01:58:37.205893Z,KXBTC15M-26OCT042200-00,0.0050,0.01,yes
2026-10-05T01:58:37.205893Z,KXBTC15M-26OCT042200-00,0.0050,680.66,yes
2026-10-05T01:58:37.205893Z,KXBTC15M-26OCT042200-00,0.0050,0.01,yes
2026-10-05T01:58:37.205893Z,KXBTC15M-26OCT042200-00,0.0050,19.00,yes
2026-10-05T01:58:37.230777Z,KXBTC15M-26OCT042200-00,0.0050,0.01,yes
2026-10-05T01:58:37.230777Z,KXBTC15M-26OCT042200-00,0.0050,298.34,yes
2026-10-05T01:58:37.230777Z,KXBTC15M-26OCT042200-00,0.0050,200.00,yes
2026-10-05T01:58:37.230777Z,KXBTC15M-26OCT042200-00,0.0050,0.01,yes
2026-10-05T01:58:37.230777Z,KXBTC15M-26OCT042200-00,0.0060,23.69,yes
2026-10-05T01:58:37.340264Z,KXBTC15M-26OCT042200-00,0.0060,105.67,yes
2026-10-05T01:58:37.366933Z,KXBTC15M-26OCT042200-00,0.0060,152.71,yes
2026-10-05T01:58:37.374016Z,KXBTC15M-26OCT042200-00,0.0050,49.31,no
2026-10-05T01:58:37.482774Z,KXBTC15M-26OCT042200-00,0.0060,29.63,yes
2026-10-05T01:58:37.542266Z,KXBTC15M-26OCT042200-00,0.0060,28.04,yes
2026-10-05T01:58:37.631127Z,KXBTC15M-26OCT042200-00,0.0060,14.05,yes
2026-10-05T01:58:37.742616Z,KXBTC15M-26OCT042200-00,0.0060,2943.40,yes
2026-10-05T01:58:37.742616Z,KXBTC15M-26OCT042200-00,0.0060,534.33,yes
2026-10-05T01:58:37.742616Z,KXBTC15M-26OCT042200-00,0.0060,339.96,yes
2026-10-05T01:58:37.750314Z,KXBTC15M-26OCT042200-00,0.0060,152.71,yes
2026-10-05T01:58:37.790726Z,KXBTC15M-26OCT042200-00,0.0060,20.00,yes
2026-10-05T01:58:37.790726Z,KXBTC15M-26OCT042200-00,0.0060,147.00,yes
2026-10-05T01:58:37.860728Z,KXBTC15M-26OCT042200-00,0.0050,87.00,no
2026-10-05T01:58:37.874624Z,KXBTC15M-26OCT042200-00,0.0050,0.01,no
2026-10-05T01:58:37.874624Z,KXBTC15M-26OCT042200-00,0.0050,13.69,no
2026-10-05T01:58:37.874624Z,KXBTC15M-26OCT042200-00,0.0050,0.01,no
2026-10-05T01:58:37.874624Z,KXBTC15M-26OCT042200-00,0.0050,286.29,no
2026-10-05T01:58:37.969801Z,KXBTC15M-26OCT042200-00,0.0060,1.02,yes
2026-10-05T01:58:37.97857Z,KXBTC15M-26OCT042200-00,0.0060,152.71,yes
2026-10-05T01:58:37.999028Z,KXBTC15M-26OCT042200-00,0.0060,100.53,yes
2026-10-05T01:58:38.080777Z,KXBTC15M-26OCT042200-00,0.0060,53.96,yes
2026-10-05T01:58:38.080777Z,KXBTC15M-26OCT042200-00,0.0060,0.01,yes
2026-10-05T01:58:38.080777Z,KXBTC15M-26OCT042200-00,0.0060,98.74,yes
2026-10-05T01:58:38.082144Z,KXBTC15M-26OCT042200-00,0.0060,13.41,yes
2026-10-05T01:58:38.101013Z,KXBTC15M-26OCT042200-00,0.0060,152.71,yes
2026-10-05T01:58:38.170958Z,KXBTC15M-26OCT042200-00,0.0050,200.00,no
2026-10-05T01:58:38.170958Z,KXBTC15M-26OCT042200-00,0.0050,113.71,no
2026-10-05T01:58:38.170958Z,KXBTC15M-26OCT042200-00,0.0050,100.00,no
2026-10-05T01:58:38.170958Z,KXBTC15M-26OCT042200-00,0.0050,0.01,no
2026-10-05T01:58:38.170958Z,KXBTC15M-26OCT042200-00,0.0050,0.01,no
2026-10-05T01:58:38.170958Z,KXBTC15M-26OCT042200-00,0.0040,13.15,no
2026-10-05T01:58:38.170958Z,KXBTC15M-26OCT042200-00,0.0040,20.00,no
2026-10-05T01:58:38.170958Z,KXBTC15M-26OCT042200-00,0.0040,1.12,no
2026-10-05T01:58:38.170958Z,KXBTC15M-26OCT042200-00,0.0040,38.00,no
2026-10-05T01:58:38.170958Z,KXBTC15M-26OCT042200-00,0.0040,15.00,no
2026-10-05T01:58:38.170958Z,KXBTC15M-26OCT042200-00,0.0040,1.06,no
2026-10-05T01:58:38.23752Z,KXBTC15M-26OCT042200-00,0.0050,311.98,no
2026-10-05T01:58:38.23752Z,KXBTC15M-26OCT042200-00,0.0050,0.01,no
2026-10-05T01:58:38.23752Z,KXBTC15M-26OCT042200-00,0.0050,0.01,no
2026-10-05T01:58:38.241854Z,KXBTC15M-26OCT042200-00,0.0050,88.02,no
2026-10-05T01:58:38.241854Z,KXBTC15M-26OCT042200-00,0.0050,12.44,no
2026-10-05T01:58:38.25929Z,KXBTC15M-26OCT042200-00,0.0050,0.01,no
2026-10-05T01:58:38.25929Z,KXBTC15M-26OCT042200-00,0.0050,100.00,no
2026-10-05T01:58:38.25929Z,KXBTC15M-26OCT042200-00,0.0050,0.01,no
2026-10-05T01:58:38.25929Z,KXBTC15M-26OCT042200-00,0.0050,400.00,no
2026-10-05T01:58:38.288966Z,KXBTC15M-26OCT042200-00,0.0050,14.03,yes
2026-10-05T01:58:38.290714Z,KXBTC15M-26OCT042200-00,0.0040,7.86,no
2026-10-05T01:58:38.345799Z,KXBTC15M-26OCT042200-00,0.0050,155.83,yes
2026-10-05T01:58:38.449189Z,KXBTC15M-26OCT042200-00,0.0050,1529.96,yes
2026-10-05T01:58:38.469317Z,KXBTC15M-26OCT042200-00,0.0050,155.83,yes
2026-10-05T01:58:38.479039Z,KXBTC15M-26OCT042200-00,0.0050,779.13,yes
2026-10-05T01:58:38.502962Z,KXBTC15M-26OCT042200-00,0.0050,23.38,yes
2026-10-05T01:58:38.51677Z,KXBTC15M-26OCT042200-00,0.0040,4.91,no
2026-10-05T01:58:38.531294Z,KXBTC15M-26OCT042200-00,0.0050,38.96,yes
2026-10-05T01:58:38.549526Z,KXBTC15M-26OCT042200-00,0.0050,9.00,yes
2026-10-05T01:58:38.578191Z,KXBTC15M-26OCT042200-00,0.0050,139.00,yes
2026-10-05T01:58:38.597363Z,KXBTC15M-26OCT042200-00,0.0050,155.83,yes
2026-10-05T01:58:38.656606Z,KXBTC15M-26OCT042200-00,0.0050,77.91,yes
2026-10-05T01:58:38.678076Z,KXBTC15M-26OCT042200-00,0.0050,31.16,yes
2026-10-05T01:58:38.718844Z,KXBTC15M-26OCT042200-00,0.0050,15.58,yes
2026-10-05T01:58:38.719915Z,KXBTC15M-26OCT042200-00,0.0040,29.86,no
2026-10-05T01:58:38.719915Z,KXBTC15M-26OCT042200-00,0.0040,0.01,no
2026-10-05T01:58:38.719915Z,KXBTC15M-26OCT042200-00,0.0040,0.01,no
2026-10-05T01:58:38.719915Z,KXBTC15M-26OCT042200-00,0.0040,2.23,no
2026-10-05T01:58:38.745985Z,KXBTC15M-26OCT042200-00,0.0050,201.31,yes
2026-10-05T01:58:38.748647Z,KXBTC15M-26OCT042200-00,0.0050,779.13,yes
2026-10-05T01:58:38.758993Z,KXBTC15M-26OCT042200-00,0.0050,186.97,yes
2026-10-05T01:58:38.763607Z,KXBTC15M-26OCT042200-00,0.0050,113.61,yes
2026-10-05T01:58:38.766682Z,KXBTC15M-26OCT042200-00,0.0050,373.95,yes
2026-10-05T01:58:38.769944Z,KXBTC15M-26OCT042200-00,0.0040,1.00,no
2026-10-05T01:58:38.784681Z,KXBTC15M-26OCT042200-00,0.0050,5.19,yes
2026-10-05T01:58:38.834335Z,KXBTC15M-26OCT042200-00,0.0050,900.00,yes
2026-10-05T01:58:38.869681Z,KXBTC15M-26OCT042200-00,0.0050,186.97,yes
2026-10-05T01:58:39.025015Z,KXBTC15M-26OCT042200-00,0.0050,64.00,yes
2026-10-05T01:58:39.050334Z,KXBTC15M-26OCT042200-00,0.0050,600.19,yes
2026-10-05T01:58:39.093494Z,KXBTC15M-26OCT042200-00,0.0050,45.81,yes
2026-10-05T01:58:39.116885Z,KXBTC15M-26OCT042200-00,0.0050,186.97,yes
2026-10-05T01:58:39.124555Z,KXBTC15M-26OCT042200-00,0.0040,500.00,no
2026-10-05T01:58:39.124555Z,KXBTC15M-26OCT042200-00,0.0040,200.00,no
2026-10-05T01:58:39.124555Z,KXBTC15M-26OCT042200-00,0.0040,20.00,no
2026-10-05T01:58:39.124555Z,KXBTC15M-26OCT042200-00,0.0040,0.01,no
2026-10-05T01:58:39.124555Z,KXBTC15M-26OCT042200-00,0.0040,0.01,no
2026-10-05T01:58:39.124555Z,KXBTC15M-26OCT042200-00,0.0040,369.14,no
2026-10-05T01:58:39.124555Z,KXBTC15M-26OCT042200-00,0.0030,916.78,no
2026-10-05T01:58:39.145808Z,KXBTC15M-26OCT042200-00,0.0040,194.50,yes
2026-10-05T01:58:39.157111Z,KXBTC15M-26OCT042200-00,0.0030,840.73,no
2026-10-05T01:58:39.157111Z,KXBTC15M-26OCT042200-00,0.0030,150.20,no
2026-10-05T01:58:39.172161Z,KXBTC15M-26OCT042200-00,0.0040,95.47,yes
2026-10-05T01:58:39.172161Z,KXBTC15M-26OCT042200-00,0.0040,839.40,yes
2026-10-05T01:58:39.172161Z,KXBTC15M-26OCT042200-00,0.0040,0.01,yes
2026-10-05T01:58:39.172161Z,KXBTC15M-26OCT042200-00,0.0040,0.01,yes
2026-10-05T01:58:39.227985Z,KXBTC15M-26OCT042200-00,0.0040,46.38,yes
2026-10-05T01:58:39.239467Z,KXBTC15M-26OCT042200-00,0.0040,31.00,yes
2026-10-05T01:58:39.239467Z,KXBTC15M-26OCT042200-00,0.0040,140.97,yes
2026-10-05T01:58:39.239467Z,KXBTC15M-26OCT042200-00,0.0040,15.00,yes
2026-10-05T01:58:39.302021Z,KXBTC15M-26OCT042200-00,0.0040,59.03,yes
2026-10-05T01:58:39.302021Z,KXBTC15M-26OCT042200-00,0.0040,3691.32,yes
2026-10-05T01:58:39.312273Z,KXBTC15M-26OCT042200-00,0.0040,32.62,yes
2026-10-05T01:58:39.320405Z,KXBTC15M-26OCT042200-00,0.0030,245.91,no
2026-10-05T01:58:39.338428Z,KXBTC15M-26OCT042200-00,0.0040,186.97,yes
2026-10-05T01:58:39.404017Z,KXBTC15M-26OCT042200-00,0.0030,98.36,no
2026-10-05T01:58:39.413962Z,KXBTC15M-26OCT042200-00,0.0040,140.23,yes
2026-10-05T01:58:39.431636Z,KXBTC15M-26OCT042200-00,0.0030,24.81,no
2026-10-05T01:58:39.4452Z,KXBTC15M-26OCT042200-00,0.0040,1799.40,yes
2026-10-05T01:58:39.465283Z,KXBTC15M-26OCT042200-00,0.0040,10.00,yes
2026-10-05T01:58:39.536107Z,KXBTC15M-26OCT042200-00,0.0040,233.72,yes
2026-10-05T01:58:39.551132Z,KXBTC15M-26OCT042200-00,0.0040,19.70,yes
2026-10-05T01:58:39.570659Z,KXBTC15M-26OCT042200-00,0.0040,3.41,yes
2026-10-05T01:58:39.586505Z,KXBTC15M-26OCT042200-00,0.0040,186.97,yes
2026-10-05T01:58:39.619113Z,KXBTC15M-26OCT042200-00,0.0030,59.60,no
2026-10-05T01:58:39.626424Z,KXBTC15M-26OCT042200-00,0.0040,186.97,yes
2026-10-05T01:58:39.669383Z,KXBTC15M-26OCT042200-00,0.0030,28.07,no
2026-10-05T01:58:39.672411Z,KXBTC15M-26OCT042200-00,0.0030,0.32,no
2026-10-05T01:58:39.672411Z,KXBTC15M-26OCT042200-00,0.0030,502.52,no
2026-10-05T01:58:39.764876Z,KXBTC15M-26OCT042200-00,0.0040,0.33,yes
2026-10-05T01:58:39.778942Z,KXBTC15M-26OCT042200-00,0.0040,207.91,yes
2026-10-05T01:58:39.800872Z,KXBTC15M-26OCT042200-00,0.0040,187.63,yes
2026-10-05T01:58:39.81153Z,KXBTC15M-26OCT042200-00,0.0040,46.74,yes
2026-10-05T01:58:39.816502Z,KXBTC15M-26OCT042200-00,0.0040,153.45,yes
2026-10-05T01:58:39.923089Z,KXBTC15M-26OCT042200-00,0.0030,29.08,no
2026-10-05T01:58:39.928583Z,KXBTC15M-26OCT042200-00,0.0040,115.94,yes
2026-10-05T01:58:39.946511Z,KXBTC15M-26OCT042200-00,0.0040,1145.16,yes
2026-10-05T01:58:39.947918Z,KXBTC15M-26OCT042200-00,0.0040,2290.32,yes
2026-10-05T01:58:39.948471Z,KXBTC15M-26OCT042200-00,0.0040,5.03,yes
2026-10-05T01:58:39.974235Z,KXBTC15M-26OCT042200-00,0.0030,1002.79,no
2026-10-05T01:58:39.999435Z,KXBTC15M-26OCT042200-00,0.0040,26.09,yes
2026-10-05T01:58:40.141553Z,KXBTC15M-26OCT042200-00,0.0040,0.01,yes
2026-10-05T01:58:40.141553Z,KXBTC15M-26OCT042200-00,0.0040,0.01,yes
2026-10-05T01:58:40.141553Z,KXBTC15M-26OCT042200-00,0.0040,2.27,yes
2026-10-05T01:58:40.141925Z,KXBTC15M-26OCT042200-00,0.0040,12.55,yes
2026-10-05T01:58:40.166425Z,KXBTC15M-26OCT042200-00,0.0030,284.36,no
2026-10-05T01:58:40.167442Z,KXBTC15M-26OCT042200-00,0.0030,2.00,no
2026-10-05T01:58:40.167442Z,KXBTC15M-26OCT042200-00,0.0030,17.00,no
2026-10-05T01:58:40.167442Z,KXBTC15M-26OCT042200-00,0.0030,25.00,no
2026-10-05T01:58:40.167442Z,KXBTC15M-26OCT042200-00,0.0030,15.00,no
2026-10-05T01:58:40.167442Z,KXBTC15M-26OCT042200-00,0.0030,0.01,no
2026-10-05T01:58:40.167442Z,KXBTC15M-26OCT042200-00,0.0030,3750.00,no
2026-10-05T01:58:40.167442Z,KXBTC15M-26OCT042200-00,0.0030,0.01,no
2026-10-05T01:58:40.167442Z,KXBTC15M-26OCT042200-00,0.0030,400.00,no
2026-10-05T01:58:40.167442Z,KXBTC15M-26OCT042200-00,0.0030,66.00,no
2026-10-05T01:58:40.167442Z,KXBTC15M-26OCT042200-00,0.0030,340.16,no
2026-10-05T01:58:40.167442Z,KXBTC15M-26OCT042200-00,0.0030,2000.00,no
2026-10-05T01:58:40.167442Z,KXBTC15M-26OCT042200-00,0.0030,15.00,no
2026-10-05T01:58:40.167442Z,KXBTC15M-26OCT042200-00,0.0030,15.00,no
2026-10-05T01:58:40.167442Z,KXBTC15M-26OCT042200-00,0.0030,15.00,no
2026-10-05T01:58:40.167442Z,KXBTC15M-26OCT042200-00,0.0030,15.00,no
2026-10-05T01:58:40.167442Z,KXBTC15M-26OCT042200-00,0.0030,250.00,no
2026-10-05T01:58:40.167442Z,KXBTC15M-26OCT042200-00,0.0030,483.45,no
2026-10-05T01:58:40.167442Z,KXBTC15M-26OCT042200-00,0.0030,120.00,no
2026-10-05T01:58:40.167442Z,KXBTC15M-26OCT042200-00,0.0030,2.00,no
2026-10-05T01:58:40.167442Z,KXBTC15M-26OCT042200-00,0.0030,2.00,no
2026-10-05T01:58:40.167442Z,KXBTC15M-26OCT042200-00,0.0030,2.00,no
2026-10-05T01:58:40.167442Z,KXBTC15M-26OCT042200-00,0.0030,18.00,no
2026-10-05T01:58:40.167442Z,KXBTC15M-26OCT042200-00,0.0030,2.00,no
2026-10-05T01:58:40.167442Z,KXBTC15M-26OCT042200-00,0.0030,2.00,no
2026-10-05T01:58:40.167442Z,KXBTC15M-26OCT042200-00,0.0030,2500.00,no
2026-10-05T01:58:40.24044Z,KXBTC15M-26OCT042200-00,0.0030,31.75,yes
2026-10-05T01:58:40.313105Z,KXBTC15M-26OCT042200-00,0.0020,445.65,no
2026-10-05T01:58:40.321562Z,KXBTC15M-26OCT042200-00,0.0030,2121.46,yes
2026-10-05T01:58:40.340847Z,KXBTC15M-26OCT042200-00,0.0030,233.72,yes
2026-10-05T01:58:40.350223Z,KXBTC15M-26OCT042200-00,0.0030,1168.54,yes
2026-10-05T01:58:40.369649Z,KXBTC15M-26OCT042200-00,0.0030,233.72,yes
2026-10-05T01:58:40.412602Z,KXBTC15M-26OCT042200-00,0.0030,1.11,yes
2026-10-05T01:58:40.448117Z,KXBTC15M-26OCT042200-00,0.0030,152.74,yes
2026-10-05T01:58:40.473344Z,KXBTC15M-26OCT042200-00,0.0030,233.72,yes
2026-10-05T01:58:40.604421Z,KXBTC15M-26OCT042200-00,0.0020,37.44,no
2026-10-05T01:58:40.615766Z,KXBTC15M-26OCT042200-00,0.0030,233.72,yes
2026-10-05T01:58:40.653837Z,KXBTC15M-26OCT042200-00,0.0020,60.41,no
2026-10-05T01:58:40.665893Z,KXBTC15M-26OCT042200-00,0.0020,449.32,no
2026-10-05T01:58:40.689759Z,KXBTC15M-26OCT042200-00,0.0020,1808.87,no
2026-10-05T01:58:40.690721Z,KXBTC15M-26OCT042200-00,0.0020,1.00,no
2026-10-05T01:58:40.709263Z,KXBTC15M-26OCT042200-00,0.0020,21.83,no
2026-10-05T01:58:40.858991Z,KXBTC15M-26OCT042200-00,0.0020,14.05,no
2026-10-05T01:58:40.893635Z,KXBTC15M-26OCT042200-00,0.0030,105.44,yes
2026-10-05T01:58:40.903782Z,KXBTC15M-26OCT042200-00,0.0030,864.72,yes
2026-10-05T01:58:40.982398Z,KXBTC15M-26OCT042200-00,0.0030,229.00,yes
2026-10-05T01:58:41.072303Z,KXBTC15M-26OCT042200-00,0.0030,0.01,yes
2026-10-05T01:58:41.072303Z,KXBTC15M-26OCT042200-00,0.0030,0.01,yes
2026-10-05T01:58:41.072303Z,KXBTC15M-26OCT042200-00,0.0030,155.77,yes
2026-10-05T01:58:41.109787Z,KXBTC15M-26OCT042200-00,0.0030,15.00,yes
2026-10-05T01:58:41.109787Z,KXBTC15M-26OCT042200-00,0.0030,15.00,yes
2026-10-05T01:58:41.109787Z,KXBTC15M-26OCT042200-00,0.0030,485.49,yes
2026-10-05T01:58:41.109787Z,KXBTC15M-26OCT042200-00,0.0030,94.23,yes
2026-10-05T01:58:41.109787Z,KXBTC15M-26OCT042200-00,0.0030,1.00,yes
2026-10-05T01:58:41.112052Z,KXBTC15M-26OCT042200-00,0.0020,2556.57,no
2026-10-05T01:58:41.112052Z,KXBTC15M-26OCT042200-00,0.0020,5161.43,no
2026-10-05T01:58:41.129484Z,KXBTC15M-26OCT042200-00,0.0030,305.35,yes
2026-10-05T01:58:41.175366Z,KXBTC15M-26OCT042200-00,0.0030,5.16,yes
2026-10-05T01:58:41.177069Z,KXBTC15M-26OCT042200-00,0.0030,112.49,yes
2026-10-05T01:58:41.185486Z,KXBTC15M-26OCT042200-00,0.0030,55.41,yes
2026-10-05T01:58:41.255824Z,KXBTC15M-26OCT042200-00,0.0030,305.35,yes
2026-10-05T01:58:41.284349Z,KXBTC15M-26OCT042200-00,0.0030,2026.74,yes
2026-10-05T01:58:41.284349Z,KXBTC15M-26OCT042200-00,0.0030,0.01,yes
2026-10-05T01:58:41.284349Z,KXBTC15M-26OCT042200-00,0.0030,0.01,yes
2026-10-05T01:58:41.284349Z,KXBTC15M-26OCT042200-00,0.0030,23.00,yes
2026-10-05T01:58:41.284349Z,KXBTC15M-26OCT042200-00,0.0030,449.00,yes
2026-10-05T01:58:41.284349Z,KXBTC15M-26OCT042200-00,0.0030,14.00,yes
2026-10-05T01:58:41.284349Z,KXBTC15M-26OCT042200-00,0.0030,0.03,yes
2026-10-05T01:58:41.284349Z,KXBTC15M-26OCT042200-00,0.0030,37.00,yes
2026-10-05T01:58:41.284349Z,KXBTC15M-26OCT042200-00,0.0030,2480.75,yes
2026-10-05T01:58:41.284349Z,KXBTC15M-26OCT042200-00,0.0030,60.00,yes
2026-10-05T01:58:41.284349Z,KXBTC15M-26OCT042200-00,0.0030,436.00,yes
2026-10-05T01:58:41.284349Z,KXBTC15M-26OCT042200-00,0.0030,1809.00,yes
2026-10-05T01:58:41.284349Z,KXBTC15M-26OCT042200-00,0.0030,297.35,yes
2026-10-05T01:58:41.284349Z,KXBTC15M-26OCT042200-00,0.0030,1.00,yes
2026-10-05T01:58:41.316597Z,KXBTC15M-26OCT042200-00,0.0020,11.11,no
2026-10-05T01:58:41.32031Z,KXBTC15M-26OCT042200-00,0.0030,110.00,yes
2026-10-05T01:58:41.322014Z,KXBTC15M-26OCT042200-00,0.0030,1526.80,yes
2026-10-05T01:58:41.335129Z,KXBTC15M-26OCT042200-00,0.0020,500.93,no
2026-10-05T01:58:41.372035Z,KXBTC15M-26OCT042200-00,0.0020,99.18,no
2026-10-05T01:58:41.378765Z,KXBTC15M-26OCT042200-00,0.0030,115.15,yes
2026-10-05T01:58:41.381873Z,KXBTC15M-26OCT042200-00,0.0030,12.00,yes
2026-10-05T01:58:41.387511Z,KXBTC15M-26OCT042200-00,0.0030,1370.31,yes
2026-10-05T01:58:41.387511Z,KXBTC15M-26OCT042200-00,0.0030,1648.32,yes
2026-10-05T01:58:41.408981Z,KXBTC15M-26OCT042200-00,0.0030,305.35,yes
2026-10-05T01:58:41.508932Z,KXBTC15M-26OCT042200-00,0.0020,29.51,no
2026-10-05T01:58:41.517118Z,KXBTC15M-26OCT042200-00,0.0030,467.42,yes
2026-10-05T01:58:41.523196Z,KXBTC15M-26OCT042200-00,0.0030,5.29,yes
2026-10-05T01:58:41.523196Z,KXBTC15M-26OCT042200-00,0.0030,15.00,yes
2026-10-05T01:58:41.523196Z,KXBTC15M-26OCT042200-00,0.0030,0.01,yes
2026-10-05T01:58:41.523196Z,KXBTC15M-26OCT042200-00,0.0030,135.48,yes
2026-10-05T01:58:41.523196Z,KXBTC15M-26OCT042200-00,0.0030,0.01,yes
2026-10-05T01:58:41.644125Z,KXBTC15M-26OCT042200-00,0.0030,49.14,yes
2026-10-05T01:58:41.644125Z,KXBTC15M-26OCT042200-00,0.0030,5.82,yes
2026-10-05T01:58:41.644957Z,KXBTC15M-26OCT042200-00,0.0030,155.79,yes
2026-10-05T01:58:41.646483Z,KXBTC15M-26OCT042200-00,0.0030,296.00,yes
2026-10-05T01:58:41.646483Z,KXBTC15M-26OCT042200-00,0.0030,9.35,yes
2026-10-05T01:58:41.66218Z,KXBTC15M-26OCT042200-00,0.0030,3.06,yes
2026-10-05T01:58:41.665399Z,KXBTC15M-26OCT042200-00,0.0020,14.89,no
2026-10-05T01:58:41.705425Z,KXBTC15M-26OCT042200-00,0.0030,15.00,yes
2026-10-05T01:58:41.705425Z,KXBTC15M-26OCT042200-00,0.0030,0.01,yes
2026-10-05T01:58:41.705425Z,KXBTC15M-26OCT042200-00,0.0030,86.77,yes
2026-10-05T01:58:41.705425Z,KXBTC15M-26OCT042200-00,0.0030,164.24,yes
2026-10-05T01:58:41.705425Z,KXBTC15M-26OCT042200-00,0.0030,1.00,yes
2026-10-05T01:58:41.705425Z,KXBTC15M-26OCT042200-00,0.0030,0.03,yes
2026-10-05T01:58:41.705425Z,KXBTC15M-26OCT042200-00,0.0030,0.01,yes
2026-10-05T01:58:41.705425Z,KXBTC15M-26OCT042200-00,0.0030,29.51,yes
2026-10-05T01:58:41.746536Z,KXBTC15M-26OCT042200-00,0.0020,5279.00,no
2026-10-05T01:58:41.769176Z,KXBTC15M-26OCT042200-00,0.0030,14.89,yes
2026-10-05T01:58:41.769176Z,KXBTC15M-26OCT042200-00,0.0030,0.01,yes
2026-10-05T01:58:41.769176Z,KXBTC15M-26OCT042200-00,0.0030,275.44,yes
2026-10-05T01:58:41.769176Z,KXBTC15M-26OCT042200-00,0.0030,15.00,yes
2026-10-05T01:58:41.769176Z,KXBTC15M-26OCT042200-00,0.0030,0.01,yes
2026-10-05T01:58:41.813334Z,KXBTC15M-26OCT042200-00,0.0030,610.72,yes
2026-10-05T01:58:41.821495Z,KXBTC15M-26OCT042200-00,0.0030,0.01,yes
2026-10-05T01:58:41.821495Z,KXBTC15M-26OCT042200-00,0.0030,0.01,yes
2026-10-05T01:58:41.821495Z,KXBTC15M-26OCT042200-00,0.0030,4392.84,yes
2026-10-05T01:58:41.821495Z,KXBTC15M-26OCT042200-00,0.0030,15.00,yes
2026-10-05T01:58:41.821495Z,KXBTC15M-26OCT042200-00,0.0040,573.27,yes
2026-10-05T01:58:41.83851Z,KXBTC15M-26OCT042200-00,0.0030,150.00,no
2026-10-05T01:58:41.83851Z,KXBTC15M-26OCT042200-00,0.0030,0.01,no
2026-10-05T01:58:41.83851Z,KXBTC15M-26OCT042200-00,0.0030,0.01,no
2026-10-05T01:58:41.83851Z,KXBTC15M-26OCT042200-00,0.0030,260.71,no
2026-10-05T01:58:41.83851Z,KXBTC15M-26OCT042200-00,0.0030,25.00,no
2026-10-05T01:58:41.83851Z,KXBTC15M-26OCT042200-00,0.0030,38.00,no
2026-10-05T01:58:41.83851Z,KXBTC15M-26OCT042200-00,0.0020,82.30,no
2026-10-05T01:58:41.846507Z,KXBTC15M-26OCT042200-00,0.0030,82.30,no
2026-10-05T01:58:41.851614Z,KXBTC15M-26OCT042200-00,0.0030,8.64,no
2026-10-05T01:58:41.854537Z,KXBTC15M-26OCT042200-00,0.0030,25.00,no
2026-10-05T01:58:41.854537Z,KXBTC15M-26OCT042200-00,0.0030,309.06,no
2026-10-05T01:58:41.854537Z,KXBTC15M-26OCT042200-00,0.0030,0.01,no
2026-10-05T01:58:41.854537Z,KXBTC15M-26OCT042200-00,0.0030,0.01,no
2026-10-05T01:58:41.854537Z,KXBTC15M-26OCT042200-00,0.0020,667.78,no
2026-10-05T01:58:41.901829Z,KXBTC15M-26OCT042200-00,0.0030,3.41,yes
2026-10-05T01:58:41.91582Z,KXBTC15M-26OCT042200-00,0.0020,389.71,no
2026-10-05T01:58:41.995387Z,KXBTC15M-26OCT042200-00,0.0030,610.72,yes
2026-10-05T01:58:42.107015Z,KXBTC15M-26OCT042200-00,0.0020,1.00,no
2026-10-05T01:58:42.236973Z,KXBTC15M-26OCT042200-00,0.0030,53.65,yes
2026-10-05T01:58:42.236973Z,KXBTC15M-26OCT042200-00,0.0030,236.70,yes
2026-10-05T01:58:42.236973Z,KXBTC15M-26OCT042200-00,0.0030,15.00,yes
2026-10-05T01:58:42.239164Z,KXBTC15M-26OCT042200-00,0.0020,0.51,no
2026-10-05T01:58:42.239511Z,KXBTC15M-26OCT042200-00,0.0020,4.90,no
2026-10-05T01:58:42.257734Z,KXBTC15M-26OCT042200-00,0.0020,427.37,no
2026-10-05T01:58:42.552666Z,KXBTC15M-26OCT042200-00,0.0020,75.13,no
2026-10-05T01:58:42.609215Z,KXBTC15M-26OCT042200-00,0.0030,50.22,yes
2026-10-05T01:58:42.755463Z,KXBTC15M-26OCT042200-00,0.0030,31.54,yes
2026-10-05T01:58:42.755463Z,KXBTC15M-26OCT042200-00,0.0030,15.00,yes
2026-10-05T01:58:42.755463Z,KXBTC15M-26OCT042200-00,0.0030,0.51,yes
2026-10-05T01:58:42.755463Z,KXBTC15M-26OCT042200-00,0.0030,4.90,yes
2026-10-05T01:58:42.755463Z,KXBTC15M-26OCT042200-00,0.0030,1.00,yes
2026-10-05T01:58:42.755463Z,KXBTC15M-26OCT042200-00,0.0030,102.79,yes
2026-10-05T01:58:42.755463Z,KXBTC15M-26OCT042200-00,0.0030,0.01,yes
2026-10-05T01:58:42.755463Z,KXBTC15M-26OCT042200-00,0.0030,0.01,yes
2026-10-05T01:58:42.755463Z,KXBTC15M-26OCT042200-00,0.0030,0.03,yes
2026-10-05T01:58:42.824608Z,KXBTC15M-26OCT042200-00,0.0030,17.00,yes
2026-10-05T01:58:42.99766Z,KXBTC15M-26OCT042200-00,0.0020,17.62,no
2026-10-05T01:58:43.018123Z,KXBTC15M-26OCT042200-00,0.0020,25.04,no
2026-10-05T01:58:43.019843Z,KXBTC15M-26OCT042200-00,0.0030,1.00,yes
2026-10-05T01:58:43.038139Z,KXBTC15M-26OCT042200-00,0.0030,75.13,yes
2026-10-05T01:58:43.038139Z,KXBTC15M-26OCT042200-00,0.0030,377.83,yes
2026-10-05T01:58:43.038139Z,KXBTC15M-26OCT042200-00,0.0030,0.01,yes
2026-10-05T01:58:43.038139Z,KXBTC15M-26OCT042200-00,0.0030,0.01,yes
2026-10-05T01:58:43.038139Z,KXBTC15M-26OCT042200-00,0.0030,865.00,yes
2026-10-05T01:58:43.164749Z,KXBTC15M-26OCT042200-00,0.0020,1.00,no
2026-10-05T01:58:43.183209Z,KXBTC15M-26OCT042200-00,0.0020,9816.45,no
2026-10-05T01:58:43.183209Z,KXBTC15M-26OCT042200-00,0.0020,9218.96,no
2026-10-05T01:58:43.185855Z,KXBTC15M-26OCT042200-00,0.0030,33.54,yes
2026-10-05T01:58:43.205769Z,KXBTC15M-26OCT042200-00,0.0030,751.00,yes
2026-10-05T01:58:43.323398Z,KXBTC15M-26OCT042200-00,0.0020,1.00,no
2026-10-05T01:58:43.386995Z,KXBTC15M-26OCT042200-00,0.0020,5.58,no
2026-10-05T01:58:43.443317Z,KXBTC15M-26OCT042200-00,0.0030,155.79,yes
2026-10-05T01:58:43.50897Z,KXBTC15M-26OCT042200-00,0.0020,1.41,no
2026-10-05T01:58:43.511675Z,KXBTC15M-26OCT042200-00,0.0030,305.35,yes
2026-10-05T01:58:43.659816Z,KXBTC15M-26OCT042200-00,0.0020,600.00,no
2026-10-05T01:58:43.699114Z,KXBTC15M-26OCT042200-00,0.0020,152.01,no
2026-10-05T01:58:43.775118Z,KXBTC15M-26OCT042200-00,0.0020,10.01,no
2026-10-05T01:58:43.881128Z,KXBTC15M-26OCT042200-00,0.0020,64.58,no
2026-10-05T01:58:43.969579Z,KXBTC15M-26OCT042200-00,0.0020,784.61,no
2026-10-05T01:58:43.989692Z,KXBTC15M-26OCT042200-00,0.0030,299.12,yes
2026-10-05T01:58:44.00135Z,KXBTC15M-26OCT042200-00,0.0030,845.44,yes
2026-10-05T01:58:44.026192Z,KXBTC15M-26OCT042200-00,0.0020,2.00,no
2026-10-05T01:58:44.035694Z,KXBTC15M-26OCT042200-00,0.0020,154.00,no
2026-10-05T01:58:44.082729Z,KXBTC15M-26OCT042200-00,0.0030,26.00,yes
2026-10-05T01:58:44.093787Z,KXBTC15M-26OCT042200-00,0.0030,1395.12,yes
2026-10-05T01:58:44.108706Z,KXBTC15M-26OCT042200-00,0.0030,26.78,yes
2026-10-05T01:58:44.140871Z,KXBTC15M-26OCT042200-00,0.0030,26.14,yes
2026-10-05T01:58:44.170428Z,KXBTC15M-26OCT042200-00,0.0020,15.00,no
2026-10-05T01:58:44.170428Z,KXBTC15M-26OCT042200-00,0.0020,15.00,no
2026-10-05T01:58:44.170428Z,KXBTC15M-26OCT042200-00,0.0020,15.00,no
2026-10-05T01:58:44.170428Z,KXBTC15M-26OCT042200-00,0.0020,400.00,no
2026-10-05T01:58:44.170428Z,KXBTC15M-26OCT042200-00,0.0020,15.00,no
2026-10-05T01:58:44.170428Z,KXBTC15M-26OCT042200-00,0.0020,28.00,no
2026-10-05T01:58:44.170428Z,KXBTC15M-26OCT042200-00,0.0020,59.00,no
2026-10-05T01:58:44.170428Z,KXBTC15M-26OCT042200-00,0.0020,500.00,no
2026-10-05T01:58:44.170428Z,KXBTC15M-26OCT042200-00,0.0020,15.00,no
2026-10-05T01:58:44.170428Z,KXBTC15M-26OCT042200-00,0.0020,500.00,no
2026-10-05T01:58:44.170428Z,KXBTC15M-26OCT042200-00,0.0020,15.00,no
2026-10-05T01:58:44.170428Z,KXBTC15M-26OCT042200-00,0.0020,0.01,no
2026-10-05T01:58:44.170428Z,KXBTC15M-26OCT042200-00,0.0020,0.01,no
2026-10-05T01:58:44.170428Z,KXBTC15M-26OCT042200-00,0.0020,1875.00,no
2026-10-05T01:58:44.170428Z,KXBTC15M-26OCT042200-00,0.0020,1000.00,no
2026-10-05T01:58:44.170428Z,KXBTC15M-26OCT042200-00,0.0020,1.00,no
2026-10-05T01:58:44.170428Z,KXBTC15M-26OCT042200-00,0.0020,200.00,no
2026-10-05T01:58:44.170428Z,KXBTC15M-26OCT042200-00,0.0020,15.00,no
2026-10-05T01:58:44.170428Z,KXBTC15M-26OCT042200-00,0.0020,10.00,no
2026-10-05T01:58:44.170428Z,KXBTC15M-26OCT042200-00,0.0020,2.00,no
2026-10-05T01:58:44.170428Z,KXBTC15M-26OCT042200-00,0.0020,535.36,no
2026-10-05T01:58:44.170428Z,KXBTC15M-26OCT042200-00,0.0020,14.38,no
2026-10-05T01:58:44.170428Z,KXBTC15M-26OCT042200-00,0.0020,10.00,no
2026-10-05T01:58:44.170428Z,KXBTC15M-26OCT042200-00,0.0020,5.00,no
2026-10-05T01:58:44.170428Z,KXBTC15M-26OCT042200-00,0.0020,100.00,no
2026-10-05T01:58:44.170428Z,KXBTC15M-26OCT042200-00,0.0020,1000.00,no
2026-10-05T01:58:44.170428Z,KXBTC15M-26OCT042200-00,0.0020,1000.00,no
2026-10-05T01:58:44.170428Z,KXBTC15M-26OCT042200-00,0.0020,1300.00,no
2026-10-05T01:58:44.170428Z,KXBTC15M-26OCT042200-00,0.0020,1000.00,no
2026-10-05T01:58:44.170428Z,KXBTC15M-26OCT042200-00,0.0020,30550.00,no
2026-10-05T01:58:44.170428Z,KXBTC15M-26OCT042200-00,0.0020,9005.84,no
2026-10-05T01:58:44.170428Z,KXBTC15M-26OCT042200-00,0.0020,120.00,no
2026-10-05T01:58:44.170428Z,KXBTC15M-26OCT042200-00,0.0020,200.00,no
2026-10-05T01:58:44.170428Z,KXBTC15M-26OCT042200-00,0.0020,200.00,no
2026-10-05T01:58:44.170428Z,KXBTC15M-26OCT042200-00,0.0020,500.00,no
2026-10-05T01:58:44.170428Z,KXBTC15M-26OCT042200-00,0.0020,3.00,no
2026-10-05T01:58:44.170428Z,KXBTC15M-26OCT042200-00,0.0020,3.00,no
2026-10-05T01:58:44.170428Z,KXBTC15M-26OCT042200-00,0.0020,3.00,no
2026-10-05T01:58:44.170428Z,KXBTC15M-26OCT042200-00,0.0020,3.00,no
2026-10-05T01:58:44.170428Z,KXBTC15M-26OCT042200-00,0.0020,3.00,no
2026-10-05T01:58:44.170428Z,KXBTC15M-26OCT042200-00,0.0020,26.00,no
2026-10-05T01:58:44.202259Z,KXBTC15M-26OCT042200-00,0.0010,21.10,no
2026-10-05T01:58:44.209021Z,KXBTC15M-26OCT042200-00,0.0020,15.59,yes
2026-10-05T01:58:44.268296Z,KXBTC15M-26OCT042200-00,0.0010,1334.29,no
2026-10-05T01:58:44.285303Z,KXBTC15M-26OCT042200-00,0.0010,25.41,no
2026-10-05T01:58:44.327575Z,KXBTC15M-26OCT042200-00,0.0020,5.24,yes
2026-10-05T01:58:44.397575Z,KXBTC15M-26OCT042200-00,0.0010,6.65,no
2026-10-05T01:58:44.526753Z,KXBTC15M-26OCT042200-00,0.0020,26.00,yes
2026-10-05T01:58:44.552588Z,KXBTC15M-26OCT042200-00,0.0010,18.75,no
2026-10-05T01:58:44.591751Z,KXBTC15M-26OCT042200-00,0.0020,2000.00,yes
2026-10-05T01:58:44.604625Z,KXBTC15M-26OCT042200-00,0.0020,261.95,yes
2026-10-05T01:58:44.616569Z,KXBTC15M-26OCT042200-00,0.0020,52.00,yes
2026-10-05T01:58:44.674097Z,KXBTC15M-26OCT042200-00,0.0020,458.01,yes
2026-10-05T01:58:44.680519Z,KXBTC15M-26OCT042200-00,0.0020,458.01,yes
2026-10-05T01:58:44.696581Z,KXBTC15M-26OCT042200-00,0.0020,311.59,yes
2026-10-05T01:58:44.698708Z,KXBTC15M-26OCT042200-00,0.0020,75.00,yes
2026-10-05T01:58:44.752085Z,KXBTC15M-26OCT042200-00,0.0020,285.09,yes
2026-10-05T01:58:44.900941Z,KXBTC15M-26OCT042200-00,0.0020,426.30,yes
2026-10-05T01:58:44.909809Z,KXBTC15M-26OCT042200-00,0.0010,382.35,no
2026-10-05T01:58:44.917244Z,KXBTC15M-26OCT042200-00,0.0020,45.80,yes
2026-10-05T01:58:44.92832Z,KXBTC15M-26OCT042200-00,0.0020,1422.00,yes
2026-10-05T01:58:44.996118Z,KXBTC15M-26OCT042200-00,0.0020,193.22,yes
2026-10-05T01:58:45.043493Z,KXBTC15M-26OCT042200-00,0.0020,458.01,yes
2026-10-05T01:58:45.077309Z,KXBTC15M-26OCT042200-00,0.0010,32.57,no
2026-10-05T01:58:45.080402Z,KXBTC15M-26OCT042200-00,0.0010,500.46,no
2026-10-05T01:58:45.104194Z,KXBTC15M-26OCT042200-00,0.0010,2321.58,no
2026-10-05T01:58:45.139271Z,KXBTC15M-26OCT042200-00,0.0020,636.49,yes
2026-10-05T01:58:45.156509Z,KXBTC15M-26OCT042200-00,0.0020,458.01,yes
2026-10-05T01:58:45.208566Z,KXBTC15M-26OCT042200-00,0.0020,311.59,yes
2026-10-05T01:58:45.291957Z,KXBTC15M-26OCT042200-00,0.0010,203.47,no
2026-10-05T01:58:45.36256Z,KXBTC15M-26OCT042200-00,0.0020,2290.05,yes
2026-10-05T01:58:45.366476Z,KXBTC15M-26OCT042200-00,0.0020,458.01,yes
2026-10-05T01:58:45.371172Z,KXBTC15M-26OCT042200-00,0.0020,32.08,yes
2026-10-05T01:58:45.384406Z,KXBTC15M-26OCT042200-00,0.0020,6.00,yes
2026-10-05T01:58:45.519222Z,KXBTC15M-26OCT042200-00,0.0020,458.01,yes
2026-10-05T01:58:45.536354Z,KXBTC15M-26OCT042200-00,0.0010,3.00,no
2026-10-05T01:58:45.578112Z,KXBTC15M-26OCT042200-00,0.0010,500.46,no
2026-10-05T01:58:45.583265Z,KXBTC15M-26OCT042200-00,0.0010,1.00,no
2026-10-05T01:58:45.60521Z,KXBTC15M-26OCT042200-00,0.0020,9.00,yes
2026-10-05T01:58:45.701197Z,KXBTC15M-26OCT042200-00,0.0020,103.91,yes
2026-10-05T01:58:45.70507Z,KXBTC15M-26OCT042200-00,0.0020,458.01,yes
2026-10-05T01:58:45.820466Z,KXBTC15M-26OCT042200-00,0.0010,21.30,no
2026-10-05T01:58:45.926544Z,KXBTC15M-26OCT042200-00,0.0020,61.80,yes
2026-10-05T01:58:45.928984Z,KXBTC15M-26OCT042200-00,0.0020,2243.31,yes
2026-10-05T01:58:45.943416Z,KXBTC15M-26OCT042200-00,0.0020,380.00,yes
2026-10-05T01:58:45.955044Z,KXBTC15M-26OCT042200-00,0.0020,2290.05,yes
2026-10-05T01:58:45.966171Z,KXBTC15M-26OCT042200-00,0.0010,80.07,no
2026-10-05T01:58:46.046443Z,KXBTC15M-26OCT042200-00,0.0010,333.31,no
2026-10-05T01:58:46.049717Z,KXBTC15M-26OCT042200-00,0.0010,208.74,no
2026-10-05T01:58:46.087523Z,KXBTC15M-26OCT042200-00,0.0020,458.01,yes
2026-10-05T01:58:46.168225Z,KXBTC15M-26OCT042200-00,0.0010,20.00,no
2026-10-05T01:58:46.200172Z,KXBTC15M-26OCT042200-00,0.0010,67.00,no
2026-10-05T01:58:46.278807Z,KXBTC15M-26OCT042200-00,0.0010,277.40,no
2026-10-05T01:58:46.33986Z,KXBTC15M-26OCT042200-00,0.0020,123.66,yes
2026-10-05T01:58:46.339888Z,KXBTC15M-26OCT042200-00,0.0010,15.62,no
2026-10-05T01:58:46.344433Z,KXBTC15M-26OCT042200-00,0.0010,0.43,no
2026-10-05T01:58:46.422183Z,KXBTC15M-26OCT042200-00,0.0020,458.01,yes
2026-10-05T01:58:46.445776Z,KXBTC15M-26OCT042200-00,0.0020,16871.96,yes
2026-10-05T01:58:46.458511Z,KXBTC15M-26OCT042200-00,0.0010,33.43,no
2026-10-05T01:58:46.481809Z,KXBTC15M-26OCT042200-00,0.0020,1869.44,yes
2026-10-05T01:58:46.537197Z,KXBTC15M-26OCT042200-00,0.0010,0.01,no
2026-10-05T01:58:46.5827Z,KXBTC15M-26OCT042200-00,0.0020,458.01,yes
2026-10-05T01:58:46.721326Z,KXBTC15M-26OCT042200-00,0.0010,2400.00,no
2026-10-05T01:58:46.734504Z,KXBTC15M-26OCT042200-00,0.0010,39.56,no
2026-10-05T01:58:46.737087Z,KXBTC15M-26OCT042200-00,0.0020,1.03,yes
2026-10-05T01:58:46.775942Z,KXBTC15M-26OCT042200-00,0.0010,319.57,no
2026-10-05T01:58:46.811737Z,KXBTC15M-26OCT042200-00,0.0020,45.00,yes
2026-10-05T01:58:46.871611Z,KXBTC15M-26OCT042200-00,0.0020,30.08,yes
2026-10-05T01:58:46.872488Z,KXBTC15M-26OCT042200-00,0.0020,0.01,yes
2026-10-05T01:58:46.872488Z,KXBTC15M-26OCT042200-00,0.0020,1621.07,yes
2026-10-05T01:58:46.872488Z,KXBTC15M-26OCT042200-00,0.0020,2958.97,yes
2026-10-05T01:58:46.872488Z,KXBTC15M-26OCT042200-00,0.0020,0.01,yes
2026-10-05T01:58:46.926119Z,KXBTC15M-26OCT042200-00,0.0020,154.76,yes
2026-10-05T01:58:47.01564Z,KXBTC15M-26OCT042200-00,0.0020,75.00,yes
2026-10-05T01:58:47.053101Z,KXBTC15M-26OCT042200-00,0.0020,878.81,yes
2026-10-05T01:58:47.107906Z,KXBTC15M-26OCT042200-00,0.0010,32.95,no
2026-10-05T01:58:47.124202Z,KXBTC15M-26OCT042200-00,0.0010,6.54,no
2026-10-05T01:58:47.142426Z,KXBTC15M-26OCT042200-00,0.0020,155.51,yes
2026-10-05T01:58:47.184751Z,KXBTC15M-26OCT042200-00,0.0010,500.46,no
2026-10-05T01:58:47.206721Z,KXBTC15M-26OCT042200-00,0.0020,458.01,yes
2026-10-05T01:58:47.262191Z,KXBTC15M-26OCT042200-00,0.0020,82.00,yes
2026-10-05T01:58:47.265738Z,KXBTC15M-26OCT042200-00,0.0020,2290.05,yes
2026-10-05T01:58:47.277371Z,KXBTC15M-26OCT042200-00,0.0020,511.47,yes
2026-10-05T01:58:47.305207Z,KXBTC15M-26OCT042200-00,0.0020,4.59,yes
2026-10-05T01:58:47.378951Z,KXBTC15M-26OCT042200-00,0.0020,30.21,yes
2026-10-05T01:58:47.420068Z,KXBTC15M-26OCT042200-00,0.0020,458.01,yes
2026-10-05T01:58:47.437574Z,KXBTC15M-26OCT042200-00,0.0010,14.83,no
2026-10-05T01:58:47.450344Z,KXBTC15M-26OCT042200-00,0.0020,201.12,yes
2026-10-05T01:58:47.510823Z,KXBTC15M-26OCT042200-00,0.0020,448.66,yes
2026-10-05T01:58:47.641534Z,KXBTC15M-26OCT042200-00,0.0020,9.81,yes
2026-10-05T01:58:47.654086Z,KXBTC15M-26OCT042200-00,0.0020,458.01,yes
2026-10-05T01:58:47.680141Z,KXBTC15M-26OCT042200-00,0.0010,3.24,no
2026-10-05T01:58:47.757626Z,KXBTC15M-26OCT042200-00,0.0020,186.97,yes
2026-10-05T01:58:47.769825Z,KXBTC15M-26OCT042200-00,0.0020,819.00,yes
2026-10-05T01:58:47.783275Z,KXBTC15M-26OCT042200-00,0.0020,458.01,yes
2026-10-05T01:58:47.840549Z,KXBTC15M-26OCT042200-00,0.0010,11.09,no
2026-10-05T01:58:47.881694Z,KXBTC15M-26OCT042200-00,0.0020,2089.79,yes
2026-10-05T01:58:47.930684Z,KXBTC15M-26OCT042200-00,0.0010,20.00,no
2026-10-05T01:58:48.003509Z,KXBTC15M-26OCT042200-00,0.0020,78.00,yes
2026-10-05T01:58:48.067778Z,KXBTC15M-26OCT042200-00,0.0020,114.00,yes
2026-10-05T01:58:48.13628Z,KXBTC15M-26OCT042200-00,0.0020,1.03,yes
2026-10-05T01:58:48.176224Z,KXBTC15M-26OCT042200-00,0.0010,48.56,no
2026-10-05T01:58:48.19678Z,KXBTC15M-26OCT042200-00,0.0020,74.89,yes
2026-10-05T01:58:48.250953Z,KXBTC15M-26OCT042200-00,0.0010,203.47,no
2026-10-05T01:58:48.292489Z,KXBTC15M-26OCT042200-00,0.0020,916.02,yes
2026-10-05T01:58:48.294574Z,KXBTC15M-26OCT042200-00,0.0020,305.00,yes
2026-10-05T01:58:48.304968Z,KXBTC15M-26OCT042200-00,0.0020,458.01,yes
2026-10-05T01:58:48.471696Z,KXBTC15M-26OCT042200-00,0.0020,458.01,yes
2026-10-05T01:58:48.506465Z,KXBTC15M-26OCT042200-00,0.0010,1.00,no
2026-10-05T01:58:48.510937Z,KXBTC15M-26OCT042200-00,0.0010,880.81,no
2026-10-05T01:58:48.620787Z,KXBTC15M-26OCT042200-00,0.0020,229.01,yes
2026-10-05T01:58:48.634192Z,KXBTC15M-26OCT042200-00,0.0020,897.33,yes
2026-10-05T01:58:48.64683Z,KXBTC15M-26OCT042200-00,0.0010,489.00,no
2026-10-05T01:58:48.663645Z,KXBTC15M-26OCT042200-00,0.0020,41.73,yes
2026-10-05T01:58:48.698308Z,KXBTC15M-26OCT042200-00,0.0020,100.00,yes
2026-10-05T01:58:48.706984Z,KXBTC15M-26OCT042200-00,0.0010,160.24,no
2026-10-05T01:58:48.728046Z,KXBTC15M-26OCT042200-00,0.0020,4580.06,yes
2026-10-05T01:58:48.784252Z,KXBTC15M-26OCT042200-00,0.0020,12.01,yes
2026-10-05T01:58:48.791058Z,KXBTC15M-26OCT042200-00,0.0020,4.59,yes
2026-10-05T01:58:48.930902Z,KXBTC15M-26OCT042200-00,0.0020,0.02,yes
2026-10-05T01:58:48.941348Z,KXBTC15M-26OCT042200-00,0.0020,916.02,yes
2026-10-05T01:58:48.947469Z,KXBTC15M-26OCT042200-00,0.0020,458.01,yes
2026-10-05T01:58:48.964692Z,KXBTC15M-26OCT042200-00,0.0010,848.04,no
2026-10-05T01:58:48.966799Z,KXBTC15M-26OCT042200-00,0.0020,27.21,yes
2026-10-05T01:58:48.983581Z,KXBTC15M-26OCT042200-00,0.0010,91.08,no
2026-10-05T01:58:48.985885Z,KXBTC15M-26OCT042200-00,0.0020,0.73,yes
2026-10-05T01:58:48.988776Z,KXBTC15M-26OCT042200-00,0.0010,18.60,no
2026-10-05T01:58:49.012281Z,KXBTC15M-26OCT042200-00,0.0020,0.99,yes
2026-10-05T01:58:49.044413Z,KXBTC15M-26OCT042200-00,0.0010,1.79,no
2026-10-05T01:58:49.072556Z,KXBTC15M-26OCT042200-00,0.0020,458.01,yes
2026-10-05T01:58:49.111082Z,KXBTC15M-26OCT042200-00,0.0010,34.67,no
2026-10-05T01:58:49.189176Z,KXBTC15M-26OCT042200-00,0.0010,0.02,no
2026-10-05T01:58:49.28684Z,KXBTC15M-26OCT042200-00,0.0020,9.85,yes
2026-10-05T01:58:49.356488Z,KXBTC15M-26OCT042200-00,0.0010,47.22,no
2026-10-05T01:58:49.387175Z,KXBTC15M-26OCT042200-00,0.0020,458.01,yes
2026-10-05T01:58:49.478007Z,KXBTC15M-26OCT042200-00,0.0010,320.29,no
2026-10-05T01:58:49.495625Z,KXBTC15M-26OCT042200-00,0.0020,99.29,yes
2026-10-05T01:58:49.57903Z,KXBTC15M-26OCT042200-00,0.0020,10.54,yes
2026-10-05T01:58:49.654257Z,KXBTC15M-26OCT042200-00,0.0010,117.34,no
2026-10-05T01:58:49.656295Z,KXBTC15M-26OCT042200-00,0.0020,7112.87,yes
2026-10-05T01:58:49.656295Z,KXBTC15M-26OCT042200-00,0.0020,15.00,yes
2026-10-05T01:58:49.656295Z,KXBTC15M-26OCT042200-00,0.0020,15.00,yes
2026-10-05T01:58:49.656295Z,KXBTC15M-26OCT042200-00,0.0020,1528.70,yes
2026-10-05T01:58:49.656295Z,KXBTC15M-26OCT042200-00,0.0020,500.00,yes
2026-10-05T01:58:49.675605Z,KXBTC15M-26OCT042200-00,0.0020,22.92,yes
2026-10-05T01:58:49.695139Z,KXBTC15M-26OCT042200-00,0.0010,3336.10,no
2026-10-05T01:58:49.695534Z,KXBTC15M-26OCT042200-00,0.0010,8006.44,no
2026-10-05T01:58:49.725602Z,KXBTC15M-26OCT042200-00,0.0010,400.00,no
2026-10-05T01:58:49.786644Z,KXBTC15M-26OCT042200-00,0.0020,25.00,yes
2026-10-05T01:58:49.836613Z,KXBTC15M-26OCT042200-00,0.0010,229.09,no
2026-10-05T01:58:49.934007Z,KXBTC15M-26OCT042200-00,0.0010,10000.00,no
2026-10-05T01:58:49.973641Z,KXBTC15M-26OCT042200-00,0.0020,298.38,yes
2026-10-05T01:58:49.973641Z,KXBTC15M-26OCT042200-00,0.0020,0.03,yes
2026-10-05T01:58:49.973641Z,KXBTC15M-26OCT042200-00,0.0020,223.38,yes
2026-10-05T01:58:50.00812Z,KXBTC15M-26OCT042200-00,0.0020,513.43,yes
2026-10-05T01:58:50.00812Z,KXBTC15M-26OCT042200-00,0.0020,1776.62,yes
2026-10-05T01:58:50.0682Z,KXBTC15M-26OCT042200-00,0.0010,55.38,no
2026-10-05T01:58:50.121594Z,KXBTC15M-26OCT042200-00,0.0010,1.00,no
2026-10-05T01:58:50.174236Z,KXBTC15M-26OCT042200-00,0.0010,34.67,no
2026-10-05T01:58:50.176202Z,KXBTC15M-26OCT042200-00,0.0010,5.00,no
2026-10-05T01:58:50.246921Z,KXBTC15M-26OCT042200-00,0.0020,3.00,yes
2026-10-05T01:58:50.272461Z,KXBTC15M-26OCT042200-00,0.0020,458.01,yes
2026-10-05T01:58:50.295394Z,KXBTC15M-26OCT042200-00,0.0010,96.17,no
2026-10-05T01:58:50.307863Z,KXBTC15M-26OCT042200-00,0.0020,10.65,yes
2026-10-05T01:58:50.354897Z,KXBTC15M-26OCT042200-00,0.0010,11.37,no
2026-10-05T01:58:50.5693Z,KXBTC15M-26OCT042200-00,0.0020,458.01,yes
2026-10-05T01:58:50.613322Z,KXBTC15M-26OCT042200-00,0.0010,1612.00,no
2026-10-05T01:58:50.69156Z,KXBTC15M-26OCT042200-00,0.0020,10.93,yes
2026-10-05T01:58:50.715408Z,KXBTC15M-26OCT042200-00,0.0010,11.11,no
2026-10-05T01:58:50.745562Z,KXBTC15M-26OCT042200-00,0.0020,4545.00,yes
2026-10-05T01:58:50.759494Z,KXBTC15M-26OCT042200-00,0.0020,458.01,yes
2026-10-05T01:58:50.765211Z,KXBTC15M-26OCT042200-00,0.0010,18.01,no
2026-10-05T01:58:50.851511Z,KXBTC15M-26OCT042200-00,0.0020,1.01,yes
2026-10-05T01:58:50.980817Z,KXBTC15M-26OCT042200-00,0.0020,916.02,yes
2026-10-05T01:58:51.013055Z,KXBTC15M-26OCT042200-00,0.0020,2290.05,yes
2026-10-05T01:58:51.097682Z,KXBTC15M-26OCT042200-00,0.0010,5004.65,no
2026-10-05T01:58:51.124239Z,KXBTC15M-26OCT042200-00,0.0020,335.88,yes
2026-10-05T01:58:51.124239Z,KXBTC15M-26OCT042200-00,0.0020,100.00,yes
2026-10-05T01:58:51.124239Z,KXBTC15M-26OCT042200-00,0.0020,1564.12,yes
2026-10-05T01:58:51.247162Z,KXBTC15M-26OCT042200-00,0.0010,0.02,no
2026-10-05T01:58:51.353656Z,KXBTC15M-26OCT042200-00,0.0020,4.50,yes
2026-10-05T01:58:51.423332Z,KXBTC15M-26OCT042200-00,0.0020,458.01,yes
2026-10-05T01:58:51.708123Z,KXBTC15M-26OCT042200-00,0.0020,458.01,yes
2026-10-05T01:58:51.71827Z,KXBTC15M-26OCT042200-00,0.0020,458.01,yes
2026-10-05T01:58:51.806683Z,KXBTC15M-26OCT042200-00,0.0020,20.94,yes
2026-10-05T01:58:51.820656Z,KXBTC15M-26OCT042200-00,0.0020,16.08,yes
2026-10-05T01:58:51.851155Z,KXBTC15M-26OCT042200-00,0.0020,10.17,yes
2026-10-05T01:58:51.880375Z,KXBTC15M-26OCT042200-00,0.0020,37.24,yes
2026-10-05T01:58:51.919362Z,KXBTC15M-26OCT042200-00,0.0020,1168.83,yes
2026-10-05T01:58:51.943352Z,KXBTC15M-26OCT042200-00,0.0020,9.22,yes
2026-10-05T01:58:51.961835Z,KXBTC15M-26OCT042200-00,0.0020,5316.99,yes
2026-10-05T01:58:51.993153Z,KXBTC15M-26OCT042200-00,0.0020,487.01,yes
2026-10-05T01:58:51.993153Z,KXBTC15M-26OCT042200-00,0.0020,337.99,yes
2026-10-05T01:58:52.262757Z,KXBTC15M-26OCT042200-00,0.0020,458.01,yes
2026-10-05T01:58:52.351065Z,KXBTC15M-26OCT042200-00,0.0020,458.01,yes
2026-10-05T01:58:52.3672Z,KXBTC15M-26OCT042200-00,0.0020,0.50,yes
2026-10-05T01:58:52.382287Z,KXBTC15M-26OCT042200-00,0.0020,448.66,yes
2026-10-05T01:58:52.444332Z,KXBTC15M-26OCT042200-00,0.0010,100.00,no
2026-10-05T01:58:52.444661Z,KXBTC15M-26OCT042200-00,0.0010,500.00,no
2026-10-05T01:58:52.487777Z,KXBTC15M-26OCT042200-00,0.0010,250.00,no
2026-10-05T01:58:52.613033Z,KXBTC15M-26OCT042200-00,0.0020,36.11,yes
2026-10-05T01:58:52.623165Z,KXBTC15M-26OCT042200-00,0.0010,100.09,no
2026-10-05T01:58:52.671643Z,KXBTC15M-26OCT042200-00,0.0020,229.01,yes
2026-10-05T01:58:52.766748Z,KXBTC15M-26OCT042200-00,0.0020,916.02,yes
2026-10-05T01:58:52.82371Z,KXBTC15M-26OCT042200-00,0.0020,1004.64,yes
2026-10-05T01:58:52.968535Z,KXBTC15M-26OCT042200-00,0.0010,0.93,no
2026-10-05T01:58:53.068821Z,KXBTC15M-26OCT042200-00,0.0020,448.66,yes
2026-10-05T01:58:53.164146Z,KXBTC15M-26OCT042200-00,0.0010,400.00,no
2026-10-05T01:58:53.189712Z,KXBTC15M-26OCT042200-00,0.0020,458.01,yes
2026-10-05T01:58:53.233013Z,KXBTC15M-26OCT042200-00,0.0020,247.00,yes
2026-10-05T01:58:53.297203Z,KXBTC15M-26OCT042200-00,0.0020,18.68,yes
2026-10-05T01:58:53.360081Z,KXBTC15M-26OCT042200-00,0.0020,294.81,yes
2026-10-05T01:58:53.376841Z,KXBTC15M-26OCT042200-00,0.0020,1.02,yes
2026-10-05T01:58:53.390826Z,KXBTC15M-26OCT042200-00,0.0020,3.06,yes
2026-10-05T01:58:53.410316Z,KXBTC15M-26OCT042200-00,0.0020,448.66,yes
2026-10-05T01:58:53.665215Z,KXBTC15M-26OCT042200-00,0.0020,155.83,yes
2026-10-05T01:58:53.725646Z,KXBTC15M-26OCT042200-00,0.0020,15.67,yes
2026-10-05T01:58:53.751034Z,KXBTC15M-26OCT042200-00,0.0010,14.20,no
2026-10-05T01:58:53.790939Z,KXBTC15M-26OCT042200-00,0.0020,11450.11,yes
2026-10-05T01:58:53.815618Z,KXBTC15M-26OCT042200-00,0.0020,2290.05,yes
2026-10-05T01:58:53.953463Z,KXBTC15M-26OCT042200-00,0.0020,4.50,yes
2026-10-05T01:58:54.042908Z,KXBTC15M-26OCT042200-00,0.0020,29.03,yes
2026-10-05T01:58:54.042908Z,KXBTC15M-26OCT042200-00,0.0020,0.43,yes
2026-10-05T01:58:54.042908Z,KXBTC15M-26OCT042200-00,0.0020,208.74,yes
2026-10-05T01:58:54.042908Z,KXBTC15M-26OCT042200-00,0.0020,67.00,yes
2026-10-05T01:58:54.042908Z,KXBTC15M-26OCT042200-00,0.0020,15.62,yes
2026-10-05T01:58:54.042908Z,KXBTC15M-26OCT042200-00,0.0020,20.00,yes
2026-10-05T01:58:54.042908Z,KXBTC15M-26OCT042200-00,0.0020,277.40,yes
2026-10-05T01:58:54.042908Z,KXBTC15M-26OCT042200-00,0.0020,333.31,yes
2026-10-05T01:58:54.042908Z,KXBTC15M-26OCT042200-00,0.0020,366.68,yes
2026-10-05T01:58:54.042908Z,KXBTC15M-26OCT042200-00,0.0020,21.30,yes
2026-10-05T01:58:54.042908Z,KXBTC15M-26OCT042200-00,0.0020,3.00,yes
2026-10-05T01:58:54.042908Z,KXBTC15M-26OCT042200-00,0.0020,80.07,yes
2026-10-05T01:58:54.042908Z,KXBTC15M-26OCT042200-00,0.0020,1.00,yes
2026-10-05T01:58:54.042908Z,KXBTC15M-26OCT042200-00,0.0020,500.46,yes
2026-10-05T01:58:54.042908Z,KXBTC15M-26OCT042200-00,0.0020,2321.58,yes
2026-10-05T01:58:54.042908Z,KXBTC15M-26OCT042200-00,0.0020,125.97,yes
2026-10-05T01:58:54.042908Z,KXBTC15M-26OCT042200-00,0.0020,5.00,yes
2026-10-05T01:58:54.042908Z,KXBTC15M-26OCT042200-00,0.0020,203.47,yes
2026-10-05T01:58:54.073002Z,KXBTC15M-26OCT042200-00,0.0010,20.00,no
2026-10-05T01:58:54.146712Z,KXBTC15M-26OCT042200-00,0.0010,50.00,no
2026-10-05T01:58:54.182763Z,KXBTC15M-26OCT042200-00,0.0020,0.01,yes
2026-10-05T01:58:54.182763Z,KXBTC15M-26OCT042200-00,0.0020,89.08,yes
2026-10-05T01:58:54.182763Z,KXBTC15M-26OCT042200-00,0.0020,4.40,yes
2026-10-05T01:58:54.193646Z,KXBTC15M-26OCT042200-00,0.0020,525.77,yes
2026-10-05T01:58:54.416972Z,KXBTC15M-26OCT042200-00,0.0020,25.16,yes
2026-10-05T01:58:54.464651Z,KXBTC15M-26OCT042200-00,0.0020,160.95,yes
2026-10-05T01:58:54.503556Z,KXBTC15M-26OCT042200-00,0.0020,458.01,yes
2026-10-05T01:58:54.550337Z,KXBTC15M-26OCT042200-00,0.0020,4.59,yes
2026-10-05T01:58:54.55677Z,KXBTC15M-26OCT042200-00,0.0010,86.47,no
2026-10-05T01:58:54.591778Z,KXBTC15M-26OCT042200-00,0.0010,11.00,no
2026-10-05T01:58:54.649857Z,KXBTC15M-26OCT042200-00,0.0020,458.01,yes
2026-10-05T01:58:54.699707Z,KXBTC15M-26OCT042200-00,0.0020,198.03,yes
2026-10-05T01:58:54.699707Z,KXBTC15M-26OCT042200-00,0.0020,678.43,yes
2026-10-05T01:58:54.699707Z,KXBTC15M-26OCT042200-00,0.0020,39.56,yes
2026-10-05T01:58:54.741571Z,KXBTC15M-26OCT042200-00,0.0020,114.50,yes
2026-10-05T01:58:54.775055Z,KXBTC15M-26OCT042200-00,0.0020,7.04,yes
2026-10-05T01:58:54.775055Z,KXBTC15M-26OCT042200-00,0.0020,0.01,yes
2026-10-05T01:58:54.775055Z,KXBTC15M-26OCT042200-00,0.0020,5.80,yes
2026-10-05T01:58:54.775055Z,KXBTC15M-26OCT042200-00,0.0020,32.95,yes
2026-10-05T01:58:54.811088Z,KXBTC15M-26OCT042200-00,0.0020,45.06,yes
2026-10-05T01:58:54.811088Z,KXBTC15M-26OCT042200-00,0.0020,0.74,yes
2026-10-05T01:58:55.063118Z,KXBTC15M-26OCT042200-00,0.0020,229.01,yes
2026-10-05T01:58:55.129389Z,KXBTC15M-26OCT042200-00,0.0010,800.74,no
2026-10-05T01:58:55.359091Z,KXBTC15M-26OCT042200-00,0.0020,45.80,yes
2026-10-05T01:58:55.40852Z,KXBTC15M-26OCT042200-00,0.0010,10.00,no
2026-10-05T01:58:55.415187Z,KXBTC15M-26OCT042200-00,0.0020,180.59,yes
2026-10-05T01:58:55.415187Z,KXBTC15M-26OCT042200-00,0.0020,20.00,yes
2026-10-05T01:58:55.415187Z,KXBTC15M-26OCT042200-00,0.0020,11.09,yes
2026-10-05T01:58:55.415187Z,KXBTC15M-26OCT042200-00,0.0020,3.24,yes
2026-10-05T01:58:55.415187Z,KXBTC15M-26OCT042200-00,0.0020,14.83,yes
2026-10-05T01:58:55.415187Z,KXBTC15M-26OCT042200-00,0.0020,147.63,yes
2026-10-05T01:58:55.415187Z,KXBTC15M-26OCT042200-00,0.0020,48.56,yes
2026-10-05T01:58:55.482523Z,KXBTC15M-26OCT042200-00,0.0010,1500.00,no
2026-10-05T01:58:55.485234Z,KXBTC15M-26OCT042200-00,0.0020,55.84,yes
2026-10-05T01:58:55.485234Z,KXBTC15M-26OCT042200-00,0.0020,1.00,yes
2026-10-05T01:58:55.485234Z,KXBTC15M-26OCT042200-00,0.0020,355.16,yes
2026-10-05T01:58:55.507548Z,KXBTC15M-26OCT042200-00,0.0010,219.34,no
2026-10-05T01:58:55.510937Z,KXBTC15M-26OCT042200-00,0.0020,458.01,yes
2026-10-05T01:58:55.521763Z,KXBTC15M-26OCT042200-00,0.0010,1000.00,no
2026-10-05T01:58:55.526151Z,KXBTC15M-26OCT042200-00,0.0010,500.00,no
2026-10-05T01:58:55.539346Z,KXBTC15M-26OCT042200-00,0.0010,500.00,no
2026-10-05T01:58:55.56409Z,KXBTC15M-26OCT042200-00,0.0020,67.64,yes
2026-10-05T01:58:55.56409Z,KXBTC15M-26OCT042200-00,0.0020,243.95,yes
2026-10-05T01:58:55.566836Z,KXBTC15M-26OCT042200-00,0.0010,750.00,no
2026-10-05T01:58:55.570165Z,KXBTC15M-26OCT042200-00,0.0010,100.00,no
2026-10-05T01:58:55.572968Z,KXBTC15M-26OCT042200-00,0.0010,100.00,no
2026-10-05T01:58:55.57801Z,KXBTC15M-26OCT042200-00,0.0010,250.00,no
2026-10-05T01:58:55.651208Z,KXBTC15M-26OCT042200-00,0.0010,49.22,no
2026-10-05T01:58:55.767807Z,KXBTC15M-26OCT042200-00,0.0020,51.77,yes
2026-10-05T01:58:55.827286Z,KXBTC15M-26OCT042200-00,0.0010,5004.65,no
2026-10-05T01:58:55.873001Z,KXBTC15M-26OCT042200-00,0.0010,65.78,no
2026-10-05T01:58:55.938263Z,KXBTC15M-26OCT042200-00,0.0020,9.00,yes
2026-10-05T01:58:55.93846Z,KXBTC15M-26OCT042200-00,0.0020,55.48,yes
2026-10-05T01:58:56.102604Z,KXBTC15M-26OCT042200-00,0.0010,1270.72,no
2026-10-05T01:58:56.197845Z,KXBTC15M-26OCT042200-00,0.0020,168.97,yes
2026-10-05T01:58:56.197845Z,KXBTC15M-26OCT042200-00,0.0020,128.80,yes
2026-10-05T01:58:56.197845Z,KXBTC15M-26OCT042200-00,0.0020,160.24,yes
2026-10-05T01:58:56.215125Z,KXBTC15M-26OCT042200-00,0.0020,14.99,yes
2026-10-05T01:58:56.308387Z,KXBTC15M-26OCT042200-00,0.0010,143.90,no
2026-10-05T01:58:56.867089Z,KXBTC15M-26OCT042200-00,0.0010,267.00,no
2026-10-05T01:58:57.347083Z,KXBTC15M-26OCT042200-00,0.0020,0.01,yes
2026-10-05T01:58:57.347083Z,KXBTC15M-26OCT042200-00,0.0020,664.08,yes
2026-10-05T01:58:57.347083Z,KXBTC15M-26OCT042200-00,0.0020,91.08,yes
2026-10-05T01:58:57.347083Z,KXBTC15M-26OCT042200-00,0.0020,18.60,yes
2026-10-05T01:58:57.347083Z,KXBTC15M-26OCT042200-00,0.0020,47.22,yes
2026-10-05T01:58:57.347083Z,KXBTC15M-26OCT042200-00,0.0020,1.79,yes
2026-10-05T01:58:57.347083Z,KXBTC15M-26OCT042200-00,0.0020,117.34,yes
2026-10-05T01:58:57.347083Z,KXBTC15M-26OCT042200-00,0.0020,320.29,yes
2026-10-05T01:58:57.347083Z,KXBTC15M-26OCT042200-00,0.0020,1194.51,yes
2026-10-05T01:58:57.347083Z,KXBTC15M-26OCT042200-00,0.0020,0.02,yes
2026-10-05T01:58:57.347083Z,KXBTC15M-26OCT042200-00,0.0020,15.00,yes
2026-10-05T01:58:57.347083Z,KXBTC15M-26OCT042200-00,0.0020,34.67,yes
2026-10-05T01:58:57.450101Z,KXBTC15M-26OCT042200-00,0.0010,104.83,no
2026-10-05T01:58:57.457583Z,KXBTC15M-26OCT042200-00,0.0010,2392.22,no
2026-10-05T01:58:57.464067Z,KXBTC15M-26OCT042200-00,0.0010,2000.00,no
2026-10-05T01:58:57.465149Z,KXBTC15M-26OCT042200-00,0.0010,100.00,no
2026-10-05T01:58:57.466408Z,KXBTC15M-26OCT042200-00,0.0010,1500.00,no
2026-10-05T01:58:57.481052Z,KXBTC15M-26OCT042200-00,0.0020,45.00,yes
2026-10-05T01:58:57.49902Z,KXBTC15M-26OCT042200-00,0.0010,500.00,no
2026-10-05T01:58:57.500197Z,KXBTC15M-26OCT042200-00,0.0010,1000.00,no
2026-10-05T01:58:57.507105Z,KXBTC15M-26OCT042200-00,0.0020,458.01,yes
2026-10-05T01:58:57.579635Z,KXBTC15M-26OCT042200-00,0.0010,465.73,no
2026-10-05T01:58:57.692312Z,KXBTC15M-26OCT042200-00,0.0020,700.00,yes
2026-10-05T01:58:57.90558Z,KXBTC15M-26OCT042200-00,0.0010,69.00,no
2026-10-05T01:58:58.003515Z,KXBTC15M-26OCT042200-00,0.0010,1.00,no
2026-10-05T01:58:58.056043Z,KXBTC15M-26OCT042200-00,0.0020,229.99,yes
2026-10-05T01:58:58.086454Z,KXBTC15M-26OCT042200-00,0.0020,12.05,yes
2026-10-05T01:58:58.174588Z,KXBTC15M-26OCT042200-00,0.0020,91.62,yes
2026-10-05T01:58:58.28827Z,KXBTC15M-26OCT042200-00,0.0010,2850.55,no
2026-10-05T01:58:58.313015Z,KXBTC15M-26OCT042200-00,0.0020,458.01,yes
2026-10-05T01:58:58.46324Z,KXBTC15M-26OCT042200-00,0.0020,22.92,yes
2026-10-05T01:58:58.473763Z,KXBTC15M-26OCT042200-00,0.0020,4.59,yes
2026-10-05T01:58:58.512685Z,KXBTC15M-26OCT042200-00,0.0010,4.94,no
2026-10-05T01:58:58.588811Z,KXBTC15M-26OCT042200-00,0.0010,150.00,no
2026-10-05T01:58:58.760197Z,KXBTC15M-26OCT042200-00,0.0010,191.04,no
2026-10-05T01:58:58.773059Z,KXBTC15M-26OCT042200-00,0.0010,500.46,no
2026-10-05T01:58:58.874796Z,KXBTC15M-26OCT042200-00,0.0020,338.61,yes
2026-10-05T01:58:58.874796Z,KXBTC15M-26OCT042200-00,0.0020,119.40,yes
2026-10-05T01:58:58.967191Z,KXBTC15M-26OCT042200-00,0.0010,0.01,no
2026-10-05T01:58:59.00189Z,KXBTC15M-26OCT042200-00,0.0020,37.00,yes
2026-10-05T01:58:59.106414Z,KXBTC15M-26OCT042200-00,0.0010,1.00,no
2026-10-05T01:58:59.296291Z,KXBTC15M-26OCT042200-00,0.0010,0.02,no
2026-10-05T01:58:59.470607Z,KXBTC15M-26OCT042200-00,0.0010,50.04,no
2026-10-05T01:58:59.690762Z,KXBTC15M-26OCT042200-00,0.0010,41.49,no
2026-10-05T01:58:59.713958Z,KXBTC15M-26OCT042200-00,0.0020,458.01,yes
2026-10-05T01:58:59.83628Z,KXBTC15M-26OCT042200-00,0.0010,37.99,no
2026-10-05T01:58:59.836371Z,KXBTC15M-26OCT042200-00,0.0020,458.01,yes
2026-10-05T01:58:59.883689Z,KXBTC15M-26OCT042200-00,0.0010,11.00,no
2026-10-05T01:58:59.914733Z,KXBTC15M-26OCT042200-00,0.0020,2290.05,yes
2026-10-05T01:59:00.014523Z,KXBTC15M-26OCT042200-00,0.0010,1.00,no
2026-10-05T01:59:00.038986Z,KXBTC15M-26OCT042200-00,0.0010,1001.00,no
2026-10-05T01:59:00.085114Z,KXBTC15M-26OCT042200-00,0.0010,1.00,no
2026-10-05T01:59:00.086536Z,KXBTC15M-26OCT042200-00,0.0010,3000.00,no
2026-10-05T01:59:00.095493Z,KXBTC15M-26OCT042200-00,0.0010,10.00,no
2026-10-05T01:59:00.117892Z,KXBTC15M-26OCT042200-00,0.0020,232.84,yes
2026-10-05T01:59:00.118646Z,KXBTC15M-26OCT042200-00,0.0020,687.01,yes
2026-10-05T01:59:00.178516Z,KXBTC15M-26OCT042200-00,0.0010,1001.00,no
2026-10-05T01:59:00.195645Z,KXBTC15M-26OCT042200-00,0.0010,1.00,no
2026-10-05T01:59:00.245237Z,KXBTC15M-26OCT042200-00,0.0010,3.00,no
2026-10-05T01:59:00.247239Z,KXBTC15M-26OCT042200-00,0.0010,410.41,no
2026-10-05T01:59:00.259101Z,KXBTC15M-26OCT042200-00,0.0010,400.00,no
2026-10-05T01:59:00.287138Z,KXBTC15M-26OCT042200-00,0.0010,4092.14,no
2026-10-05T01:59:00.313742Z,KXBTC15M-26OCT042200-00,0.0020,458.01,yes
2026-10-05T01:59:00.319944Z,KXBTC15M-26OCT042200-00,0.0020,8.09,yes
2026-10-05T01:59:00.350514Z,KXBTC15M-26OCT042200-00,0.0020,7.71,yes
2026-10-05T01:59:00.355964Z,KXBTC15M-26OCT042200-00,0.0010,3577.32,no
2026-10-05T01:59:00.433551Z,KXBTC15M-26OCT042200-00,0.0020,0.50,yes
2026-10-05T01:59:00.445679Z,KXBTC15M-26OCT042200-00,0.0010,3684.00,no
2026-10-05T01:59:00.468678Z,KXBTC15M-26OCT042200-00,0.0010,2000.00,no
2026-10-05T01:59:00.468843Z,KXBTC15M-26OCT042200-00,0.0010,1000.00,no
2026-10-05T01:59:00.471234Z,KXBTC15M-26OCT042200-00,0.0010,500.00,no
2026-10-05T01:59:00.472916Z,KXBTC15M-26OCT042200-00,0.0010,750.00,no
2026-10-05T01:59:00.473224Z,KXBTC15M-26OCT042200-00,0.0010,1500.00,no
2026-10-05T01:59:00.48901Z,KXBTC15M-26OCT042200-00,0.0010,100.00,no
2026-10-05T01:59:00.489033Z,KXBTC15M-26OCT042200-00,0.0010,1000.00,no
2026-10-05T01:59:00.504164Z,KXBTC15M-26OCT042200-00,0.0010,2000.00,no
2026-10-05T01:59:00.558559Z,KXBTC15M-26OCT042200-00,0.0020,2.08,yes
2026-10-05T01:59:00.63677Z,KXBTC15M-26OCT042200-00,0.0020,68.73,yes
2026-10-05T01:59:00.698407Z,KXBTC15M-26OCT042200-00,0.0010,1.00,no
2026-10-05T01:59:00.729779Z,KXBTC15M-26OCT042200-00,0.0020,2144.29,yes
2026-10-05T01:59:00.751363Z,KXBTC15M-26OCT042200-00,0.0010,200.00,no
2026-10-05T01:59:00.800343Z,KXBTC15M-26OCT042200-00,0.0020,3135.47,yes
2026-10-05T01:59:00.800343Z,KXBTC15M-26OCT042200-00,0.0020,815.50,yes
2026-10-05T01:59:00.800343Z,KXBTC15M-26OCT042200-00,0.0020,400.00,yes
2026-10-05T01:59:00.800343Z,KXBTC15M-26OCT042200-00,0.0020,229.09,yes
2026-10-05T01:59:00.805197Z,KXBTC15M-26OCT042200-00,0.0010,35.00,no
2026-10-05T01:59:00.81462Z,KXBTC15M-26OCT042200-00,0.0020,458.01,yes
2026-10-05T01:59:00.849377Z,KXBTC15M-26OCT042200-00,0.0010,93.58,no
2026-10-05T01:59:00.993985Z,KXBTC15M-26OCT042200-00,0.0010,2756.76,no
2026-10-05T01:59:01.001843Z,KXBTC15M-26OCT042200-00,0.0020,91.62,yes
2026-10-05T01:59:01.019405Z,KXBTC15M-26OCT042200-00,0.0020,458.01,yes
2026-10-05T01:59:01.027008Z,KXBTC15M-26OCT042200-00,0.0020,458.01,yes
2026-10-05T01:59:01.028139Z,KXBTC15M-26OCT042200-00,0.0020,306.87,yes
2026-10-05T01:59:01.041731Z,KXBTC15M-26OCT042200-00,0.0010,576.00,no
2026-10-05T01:59:01.059926Z,KXBTC15M-26OCT042200-00,0.0010,2169.83,no
2026-10-05T01:59:01.157894Z,KXBTC15M-26OCT042200-00,0.0010,10.01,no
2026-10-05T01:59:01.268282Z,KXBTC15M-26OCT042200-00,0.0010,426.00,no
2026-10-05T01:59:01.306828Z,KXBTC15M-26OCT042200-00,0.0020,916.02,yes
2026-10-05T01:59:01.359254Z,KXBTC15M-26OCT042200-00,0.0020,36.64,yes
2026-10-05T01:59:01.400972Z,KXBTC15M-26OCT042200-00,0.0020,377.54,yes
2026-10-05T01:59:01.474293Z,KXBTC15M-26OCT042200-00,0.0010,2118.01,no
2026-10-05T01:59:01.672399Z,KXBTC15M-26OCT042200-00,0.0020,521.00,yes
2026-10-05T01:59:01.736665Z,KXBTC15M-26OCT042200-00,0.0020,2.27,yes
2026-10-05T01:59:01.91768Z,KXBTC15M-26OCT042200-00,0.0010,5.00,no
2026-10-05T01:59:01.943151Z,KXBTC15M-26OCT042200-00,0.0010,2.00,no
2026-10-05T01:59:01.958017Z,KXBTC15M-26OCT042200-00,0.0010,305.35,no
2026-10-05T01:59:02.027243Z,KXBTC15M-26OCT042200-00,0.0010,21.10,no
2026-10-05T01:59:02.037815Z,KXBTC15M-26OCT042200-00,0.0010,1627.08,no
2026-10-05T01:59:02.217254Z,KXBTC15M-26OCT042200-00,0.0010,15.00,no
2026-10-05T01:59:02.262552Z,KXBTC15M-26OCT042200-00,0.0010,7.97,no
2026-10-05T01:59:02.463475Z,KXBTC15M-26OCT042200-00,0.0010,0.02,no
2026-10-05T01:59:02.528316Z,KXBTC15M-26OCT042200-00,0.0010,96.27,no
2026-10-05T01:59:02.610563Z,KXBTC15M-26OCT042200-00,0.0010,2.06,no
2026-10-05T01:59:02.834691Z,KXBTC15M-26OCT042200-00,0.0010,2.97,no
2026-10-05T01:59:02.987153Z,KXBTC15M-26OCT042200-00,0.0020,229.01,yes
2026-10-05T01:59:03.078509Z,KXBTC15M-26OCT042200-00,0.0020,57.11,yes
2026-10-05T01:59:03.184685Z,KXBTC15M-26OCT042200-00,0.0020,81.00,yes
2026-10-05T01:59:03.186714Z,KXBTC15M-26OCT042200-00,0.0020,20.00,yes
2026-10-05T01:59:03.278317Z,KXBTC15M-26OCT042200-00,0.0020,5.09,yes
2026-10-05T01:59:03.335258Z,KXBTC15M-26OCT042200-00,0.0020,14.99,yes
2026-10-05T01:59:03.511223Z,KXBTC15M-26OCT042200-00,0.0020,574.84,yes
2026-10-05T01:59:03.521824Z,KXBTC15M-26OCT042200-00,0.0010,88.96,no
2026-10-05T01:59:03.601017Z,KXBTC15M-26OCT042200-00,0.0020,359.88,yes
2026-10-05T01:59:03.625489Z,KXBTC15M-26OCT042200-00,0.0020,81.35,yes
2026-10-05T01:59:03.678796Z,KXBTC15M-26OCT042200-00,0.0010,10.00,no
2026-10-05T01:59:03.699387Z,KXBTC15M-26OCT042200-00,0.0010,15.01,no
2026-10-05T01:59:03.760874Z,KXBTC15M-26OCT042200-00,0.0010,5.00,no
2026-10-05T01:59:03.781987Z,KXBTC15M-26OCT042200-00,0.0010,2.95,no
2026-10-05T01:59:03.827711Z,KXBTC15M-26OCT042200-00,0.0020,11.37,yes
2026-10-05T01:59:03.827711Z,KXBTC15M-26OCT042200-00,0.0020,5.00,yes
2026-10-05T01:59:03.827711Z,KXBTC15M-26OCT042200-00,0.0020,96.17,yes
2026-10-05T01:59:03.827711Z,KXBTC15M-26OCT042200-00,0.0020,1.00,yes
2026-10-05T01:59:03.827711Z,KXBTC15M-26OCT042200-00,0.0020,55.38,yes
2026-10-05T01:59:03.827711Z,KXBTC15M-26OCT042200-00,0.0020,34.67,yes
2026-10-05T01:59:03.827711Z,KXBTC15M-26OCT042200-00,0.0020,271.19,yes
2026-10-05T01:59:03.827711Z,KXBTC15M-26OCT042200-00,0.0020,1815.27,yes
2026-10-05T01:59:03.854762Z,KXBTC15M-26OCT042200-00,0.0010,102.57,no
2026-10-05T01:59:03.915509Z,KXBTC15M-26OCT042200-00,0.0010,123.18,no
2026-10-05T01:59:03.923982Z,KXBTC15M-26OCT042200-00,0.0010,4.06,no
2026-10-05T01:59:04.065023Z,KXBTC15M-26OCT042200-00,0.0020,10.00,yes
2026-10-05T01:59:04.069561Z,KXBTC15M-26OCT042200-00,0.0020,30.90,yes
2026-10-05T01:59:04.073061Z,KXBTC15M-26OCT042200-00,0.0010,22195.00,no
2026-10-05T01:59:04.515639Z,KXBTC15M-26OCT042200-00,0.0010,1601.48,no
2026-10-05T01:59:04.519801Z,KXBTC15M-26OCT042200-00,0.0020,1.03,yes
2026-10-05T01:59:04.52133Z,KXBTC15M-26OCT042200-00,0.0010,1399.03,no
2026-10-05T01:59:04.736336Z,KXBTC15M-26OCT042200-00,0.0010,10.00,no
2026-10-05T01:59:04.916882Z,KXBTC15M-26OCT042200-00,0.0020,4.08,yes
2026-10-05T01:59:04.945455Z,KXBTC15M-26OCT042200-00,0.0010,25.50,no
2026-10-05T01:59:05.010003Z,KXBTC15M-26OCT042200-00,0.0010,5000.00,no
2026-10-05T01:59:05.013994Z,KXBTC15M-26OCT042200-00,0.0010,200.00,no
2026-10-05T01:59:05.020883Z,KXBTC15M-26OCT042200-00,0.0010,200.00,no
2026-10-05T01:59:05.095393Z,KXBTC15M-26OCT042200-00,0.0020,454.09,yes
2026-10-05T01:59:05.262619Z,KXBTC15M-26OCT042200-00,0.0010,15.31,no
2026-10-05T01:59:05.432845Z,KXBTC15M-26OCT042200-00,0.0010,769.00,no
2026-10-05T01:59:05.469908Z,KXBTC15M-26OCT042200-00,0.0020,21.00,yes
2026-10-05T01:59:05.482477Z,KXBTC15M-26OCT042200-00,0.0010,21.25,no
2026-10-05T01:59:05.567241Z,KXBTC15M-26OCT042200-00,0.0010,157.76,no
2026-10-05T01:59:05.66572Z,KXBTC15M-26OCT042200-00,0.0020,45.04,yes
2026-10-05T01:59:05.678239Z,KXBTC15M-26OCT042200-00,0.0020,70.33,yes
2026-10-05T01:59:05.722629Z,KXBTC15M-26OCT042200-00,0.0020,458.01,yes
2026-10-05T01:59:05.768059Z,KXBTC15M-26OCT042200-00,0.0010,4.00,no
2026-10-05T01:59:05.886056Z,KXBTC15M-26OCT042200-00,0.0010,121.75,no
2026-10-05T01:59:05.960997Z,KXBTC15M-26OCT042200-00,0.0010,200.00,no
2026-10-05T01:59:05.960997Z,KXBTC15M-26OCT042200-00,0.0010,200.00,no
2026-10-05T01:59:05.960997Z,KXBTC15M-26OCT042200-00,0.0010,200.00,no
2026-10-05T01:59:05.960997Z,KXBTC15M-26OCT042200-00,0.0010,349.25,no
2026-10-05T01:59:05.960997Z,KXBTC15M-26OCT042200-00,0.0010,2000.00,no
2026-10-05T01:59:05.960997Z,KXBTC15M-26OCT042200-00,0.0010,46500.75,no
2026-10-05T01:59:05.967972Z,KXBTC15M-26OCT042200-00,0.0010,90.95,no
2026-10-05T01:59:05.968508Z,KXBTC15M-26OCT042200-00,0.0010,11.00,no
2026-10-05T01:59:05.968565Z,KXBTC15M-26OCT042200-00,0.0010,14.20,no
2026-10-05T01:59:05.968833Z,KXBTC15M-26OCT042200-00,0.0010,18.01,no
2026-10-05T01:59:05.968885Z,KXBTC15M-26OCT042200-00,0.0010,10.01,no
2026-10-05T01:59:05.968919Z,KXBTC15M-26OCT042200-00,0.0010,20.00,no
2026-10-05T01:59:05.968967Z,KXBTC15M-26OCT042200-00,0.0010,21.10,no
2026-10-05T01:59:05.969112Z,KXBTC15M-26OCT042200-00,0.0010,35.00,no
2026-10-05T01:59:05.969212Z,KXBTC15M-26OCT042200-00,0.0010,15.00,no
2026-10-05T01:59:05.969242Z,KXBTC15M-26OCT042200-00,0.0010,37.99,no
2026-10-05T01:59:05.969356Z,KXBTC15M-26OCT042200-00,0.0010,25.50,no
2026-10-05T01:59:05.96935Z,KXBTC15M-26OCT042200-00,0.0010,15.01,no
2026-10-05T01:59:05.969383Z,KXBTC15M-26OCT042200-00,0.0010,50.00,no
2026-10-05T01:59:05.969488Z,KXBTC15M-26OCT042200-00,0.0010,11.00,no
2026-10-05T01:59:05.969553Z,KXBTC15M-26OCT042200-00,0.0010,11.11,no
2026-10-05T01:59:05.969631Z,KXBTC15M-26OCT042200-00,0.0010,49.22,no
2026-10-05T01:59:05.969695Z,KXBTC15M-26OCT042200-00,0.0010,0.65,no
2026-10-05T01:59:05.969695Z,KXBTC15M-26OCT042200-00,0.0010,40.84,no
2026-10-05T01:59:05.969743Z,KXBTC15M-26OCT042200-00,0.0010,15.31,no
2026-10-05T01:59:05.969916Z,KXBTC15M-26OCT042200-00,0.0010,21.25,no
2026-10-05T01:59:05.969941Z,KXBTC15M-26OCT042200-00,0.0010,69.40,no
2026-10-05T01:59:05.969941Z,KXBTC15M-26OCT042200-00,0.0010,1.00,no
2026-10-05T01:59:05.969941Z,KXBTC15M-26OCT042200-00,0.0010,22.60,no
2026-10-05T01:59:05.969941Z,KXBTC15M-26OCT042200-00,0.0010,1.00,no
2026-10-05T01:59:05.969941Z,KXBTC15M-26OCT042200-00,0.0010,5.00,no
2026-10-05T01:59:05.969941Z,KXBTC15M-26OCT042200-00,0.0010,1.00,no
2026-10-05T01:59:05.96995Z,KXBTC15M-26OCT042200-00,0.0010,48.40,no
2026-10-05T01:59:05.96995Z,KXBTC15M-26OCT042200-00,0.0010,1.00,no
2026-10-05T01:59:05.96995Z,KXBTC15M-26OCT042200-00,0.0010,50.60,no
2026-10-05T01:59:05.970141Z,KXBTC15M-26OCT042200-00,0.0010,150.00,no
2026-10-05T01:59:05.97014Z,KXBTC15M-26OCT042200-00,0.0010,100.00,no
2026-10-05T01:59:05.970201Z,KXBTC15M-26OCT042200-00,0.0010,123.18,no
2026-10-05T01:59:05.970239Z,KXBTC15M-26OCT042200-00,0.0010,88.96,no
2026-10-05T01:59:05.970326Z,KXBTC15M-26OCT042200-00,0.0010,250.00,no
2026-10-05T01:59:05.97036Z,KXBTC15M-26OCT042200-00,0.0010,143.90,no
2026-10-05T01:59:05.970399Z,KXBTC15M-26OCT042200-00,0.0010,69.00,no
2026-10-05T01:59:05.970444Z,KXBTC15M-26OCT042200-00,0.0010,191.04,no
2026-10-05T01:59:05.970549Z,KXBTC15M-26OCT042200-00,0.0010,121.75,no
2026-10-05T01:59:05.970551Z,KXBTC15M-26OCT042200-00,0.0010,102.57,no
2026-10-05T01:59:05.970562Z,KXBTC15M-26OCT042200-00,0.0010,100.00,no
2026-10-05T01:59:05.970653Z,KXBTC15M-26OCT042200-00,0.0010,157.76,no
2026-10-05T01:59:05.970705Z,KXBTC15M-26OCT042200-00,0.0010,86.47,no
2026-10-05T01:59:05.970763Z,KXBTC15M-26OCT042200-00,0.0010,246.33,no
2026-10-05T01:59:05.970808Z,KXBTC15M-26OCT042200-00,0.0010,100.09,no
2026-10-05T01:59:05.970871Z,KXBTC15M-26OCT042200-00,0.0010,65.78,no
2026-10-05T01:59:05.970919Z,KXBTC15M-26OCT042200-00,0.0010,219.34,no
2026-10-05T01:59:05.97096Z,KXBTC15M-26OCT042200-00,0.0010,400.00,no
2026-10-05T01:59:05.970971Z,KXBTC15M-26OCT042200-00,0.0010,200.00,no
2026-10-05T01:59:05.971113Z,KXBTC15M-26OCT042200-00,0.0010,500.00,no
2026-10-05T01:59:05.971153Z,KXBTC15M-26OCT042200-00,0.0010,200.00,no
2026-10-05T01:59:05.971175Z,KXBTC15M-26OCT042200-00,0.0010,200.00,no
2026-10-05T01:59:05.971177Z,KXBTC15M-26OCT042200-00,0.0010,800.74,no
2026-10-05T01:59:05.971178Z,KXBTC15M-26OCT042200-00,0.0010,305.35,no
2026-10-05T01:59:05.971182Z,KXBTC15M-26OCT042200-00,0.0010,104.83,no
2026-10-05T01:59:05.971323Z,KXBTC15M-26OCT042200-00,0.0010,500.00,no
2026-10-05T01:59:05.971336Z,KXBTC15M-26OCT042200-00,0.0010,500.00,no
2026-10-05T01:59:05.971376Z,KXBTC15M-26OCT042200-00,0.0010,426.00,no
2026-10-05T01:59:05.971382Z,KXBTC15M-26OCT042200-00,0.0010,465.73,no
2026-10-05T01:59:05.971388Z,KXBTC15M-26OCT042200-00,0.0010,250.00,no
2026-10-05T01:59:05.971483Z,KXBTC15M-26OCT042200-00,0.0010,100.00,no
2026-10-05T01:59:05.97149Z,KXBTC15M-26OCT042200-00,0.0010,400.00,no
2026-10-05T01:59:05.97149Z,KXBTC15M-26OCT042200-00,0.0010,500.00,no
2026-10-05T01:59:05.971557Z,KXBTC15M-26OCT042200-00,0.0010,267.00,no
2026-10-05T01:59:05.971557Z,KXBTC15M-26OCT042200-00,0.0010,1000.00,no
2026-10-05T01:59:05.971667Z,KXBTC15M-26OCT042200-00,0.0010,576.00,no
2026-10-05T01:59:05.971789Z,KXBTC15M-26OCT042200-00,0.0010,1001.00,no
2026-10-05T01:59:05.971797Z,KXBTC15M-26OCT042200-00,0.0010,1500.00,no
2026-10-05T01:59:05.971889Z,KXBTC15M-26OCT042200-00,0.0010,750.00,no
2026-10-05T01:59:05.97191Z,KXBTC15M-26OCT042200-00,0.0010,410.41,no
2026-10-05T01:59:05.97191Z,KXBTC15M-26OCT042200-00,0.0010,1601.48,no
2026-10-05T01:59:05.971951Z,KXBTC15M-26OCT042200-00,0.0010,1399.03,no
2026-10-05T01:59:05.972005Z,KXBTC15M-26OCT042200-00,0.0010,1000.00,no
2026-10-05T01:59:05.972013Z,KXBTC15M-26OCT042200-00,0.0010,1270.72,no
2026-10-05T01:59:05.972013Z,KXBTC15M-26OCT042200-00,0.0010,96.27,no
2026-10-05T01:59:05.972019Z,KXBTC15M-26OCT042200-00,0.0010,4.43,no
2026-10-05T01:59:05.972019Z,KXBTC15M-26OCT042200-00,0.0010,41.00,no
2026-10-05T01:59:05.972019Z,KXBTC15M-26OCT042200-00,0.0010,75.00,no
2026-10-05T01:59:05.972019Z,KXBTC15M-26OCT042200-00,0.0010,35.00,no
2026-10-05T01:59:05.972019Z,KXBTC15M-26OCT042200-00,0.0010,75.00,no
2026-10-05T01:59:05.972019Z,KXBTC15M-26OCT042200-00,0.0010,75.00,no
2026-10-05T01:59:05.972019Z,KXBTC15M-26OCT042200-00,0.0010,35.00,no
2026-10-05T01:59:05.972019Z,KXBTC15M-26OCT042200-00,0.0010,35.00,no
2026-10-05T01:59:05.972019Z,KXBTC15M-26OCT042200-00,0.0010,75.00,no
2026-10-05T01:59:05.972019Z,KXBTC15M-26OCT042200-00,0.0010,18.70,no
2026-10-05T01:59:05.972019Z,KXBTC15M-26OCT042200-00,0.0010,75.00,no
2026-10-05T01:59:05.972019Z,KXBTC15M-26OCT042200-00,0.0010,35.00,no
2026-10-05T01:59:05.972019Z,KXBTC15M-26OCT042200-00,0.0010,10.00,no
2026-10-05T01:59:05.972019Z,KXBTC15M-26OCT042200-00,0.0010,910.87,no
2026-10-05T01:59:05.972088Z,KXBTC15M-26OCT042200-00,0.0010,75.00,no
2026-10-05T01:59:05.972088Z,KXBTC15M-26OCT042200-00,0.0010,150.00,no
2026-10-05T01:59:05.972088Z,KXBTC15M-26OCT042200-00,0.0010,2.98,no
2026-10-05T01:59:05.972088Z,KXBTC15M-26OCT042200-00,0.0010,75.00,no
2026-10-05T01:59:05.972088Z,KXBTC15M-26OCT042200-00,0.0010,35.00,no
2026-10-05T01:59:05.972088Z,KXBTC15M-26OCT042200-00,0.0010,36.45,no
2026-10-05T01:59:05.972088Z,KXBTC15M-26OCT042200-00,0.0010,75.00,no
2026-10-05T01:59:05.972088Z,KXBTC15M-26OCT042200-00,0.0010,75.00,no
2026-10-05T01:59:05.972088Z,KXBTC15M-26OCT042200-00,0.0010,35.00,no
2026-10-05T01:59:05.972088Z,KXBTC15M-26OCT042200-00,0.0010,35.00,no
2026-10-05T01:59:05.972088Z,KXBTC15M-26OCT042200-00,0.0010,75.00,no
2026-10-05T01:59:05.972088Z,KXBTC15M-26OCT042200-00,0.0010,35.00,no
2026-10-05T01:59:05.972088Z,KXBTC15M-26OCT042200-00,0.0010,75.00,no
2026-10-05T01:59:05.972088Z,KXBTC15M-26OCT042200-00,0.0010,70.57,no
2026-10-05T01:59:05.972088Z,KXBTC15M-26OCT042200-00,0.0010,35.00,no
2026-10-05T01:59:05.972088Z,KXBTC15M-26OCT042200-00,0.0010,75.00,no
2026-10-05T01:59:05.972088Z,KXBTC15M-26OCT042200-00,0.0010,40.00,no
2026-10-05T01:59:05.972159Z,KXBTC15M-26OCT042200-00,0.0010,626.98,no
2026-10-05T01:59:05.972159Z,KXBTC15M-26OCT042200-00,0.0010,67.02,no
2026-10-05T01:59:05.972159Z,KXBTC15M-26OCT042200-00,0.0010,75.00,no
2026-10-05T01:59:05.972161Z,KXBTC15M-26OCT042200-00,0.0010,50.04,no
2026-10-05T01:59:05.972301Z,KXBTC15M-26OCT042200-00,0.0010,1627.08,no
2026-10-05T01:59:05.972371Z,KXBTC15M-26OCT042200-00,0.0010,304.10,no
2026-10-05T01:59:05.972371Z,KXBTC15M-26OCT042200-00,0.0010,1695.90,no
2026-10-05T01:59:05.972377Z,KXBTC15M-26OCT042200-00,0.0010,4795.90,no
2026-10-05T01:59:05.972377Z,KXBTC15M-26OCT042200-00,0.0010,2.00,no
2026-10-05T01:59:05.972377Z,KXBTC15M-26OCT042200-00,0.0010,151.33,no
2026-10-05T01:59:05.972377Z,KXBTC15M-26OCT042200-00,0.0010,45.42,no
2026-10-05T01:59:05.972377Z,KXBTC15M-26OCT042200-00,0.0010,10.00,no
2026-10-05T01:59:05.97242Z,KXBTC15M-26OCT042200-00,0.0010,500.46,no
2026-10-05T01:59:05.9724Z,KXBTC15M-26OCT042200-00,0.0010,500.00,no
2026-10-05T01:59:05.972605Z,KXBTC15M-26OCT042200-00,0.0010,454.12,no
2026-10-05T01:59:05.972605Z,KXBTC15M-26OCT042200-00,0.0010,217.74,no
2026-10-05T01:59:05.972605Z,KXBTC15M-26OCT042200-00,0.0010,40.00,no
2026-10-05T01:59:05.972605Z,KXBTC15M-26OCT042200-00,0.0010,2030.68,no
2026-10-05T01:59:05.972605Z,KXBTC15M-26OCT042200-00,0.0010,73.00,no
2026-10-05T01:59:05.972605Z,KXBTC15M-26OCT042200-00,0.0010,0.01,no
2026-10-05T01:59:05.972605Z,KXBTC15M-26OCT042200-00,0.0010,10.00,no
2026-10-05T01:59:05.972605Z,KXBTC15M-26OCT042200-00,0.0010,15.00,no
2026-10-05T01:59:05.972605Z,KXBTC15M-26OCT042200-00,0.0010,10.00,no
2026-10-05T01:59:05.972713Z,KXBTC15M-26OCT042200-00,0.0010,1500.00,no
2026-10-05T01:59:05.972768Z,KXBTC15M-26OCT042200-00,0.0010,1000.00,no
2026-10-05T01:59:05.972821Z,KXBTC15M-26OCT042200-00,0.0010,1001.00,no
2026-10-05T01:59:05.972828Z,KXBTC15M-26OCT042200-00,0.0010,3577.32,no
2026-10-05T01:59:05.97283Z,KXBTC15M-26OCT042200-00,0.0010,2.00,no
2026-10-05T01:59:05.97283Z,KXBTC15M-26OCT042200-00,0.0010,1193.01,no
2026-10-05T01:59:05.97283Z,KXBTC15M-26OCT042200-00,0.0010,2.00,no
2026-10-05T01:59:05.97283Z,KXBTC15M-26OCT042200-00,0.0010,15.00,no
2026-10-05T01:59:05.97283Z,KXBTC15M-26OCT042200-00,0.0010,15.00,no
2026-10-05T01:59:05.97283Z,KXBTC15M-26OCT042200-00,0.0010,891.00,no
2026-10-05T01:59:05.97285Z,KXBTC15M-26OCT042200-00,0.0010,0.01,no
2026-10-05T01:59:05.97285Z,KXBTC15M-26OCT042200-00,0.0010,100.00,no
2026-10-05T01:59:05.97285Z,KXBTC15M-26OCT042200-00,0.0010,6.00,no
2026-10-05T01:59:05.97285Z,KXBTC15M-26OCT042200-00,0.0010,6.00,no
2026-10-05T01:59:05.97285Z,KXBTC15M-26OCT042200-00,0.0010,1127.74,no
2026-10-05T01:59:05.97285Z,KXBTC15M-26OCT042200-00,0.0010,760.25,no
2026-10-05T01:59:05.972917Z,KXBTC15M-26OCT042200-00,0.0010,790.75,no
2026-10-05T01:59:05.981852Z,KXBTC15M-26OCT042200-00,0.0010,168.24,yes
2026-10-05T01:59:06.116385Z,KXBTC15M-26OCT042200-00,0.0010,479.00,yes
2026-10-05T01:59:06.170975Z,KXBTC15M-26OCT042200-00,0.0010,4.69,yes
2026-10-05T01:59:07.000594Z,KXBTC15M-26OCT042200-00,0.0010,75.27,yes
2026-10-05T01:59:07.11895Z,KXBTC15M-26OCT042200-00,0.0010,5.20,yes
2026-10-05T01:59:07.130947Z,KXBTC15M-26OCT042200-00,0.0010,46.92,yes
2026-10-05T01:59:07.130947Z,KXBTC15M-26OCT042200-00,0.0010,869.07,yes
2026-10-05T01:59:07.16919Z,KXBTC15M-26OCT042200-00,0.0010,1.00,yes
2026-10-05T01:59:07.405128Z,KXBTC15M-26OCT042200-00,0.0010,0.95,yes
2026-10-05T01:59:07.536169Z,KXBTC15M-26OCT042200-00,0.0010,11.00,yes
2026-10-05T01:59:07.612058Z,KXBTC15M-26OCT042200-00,0.0010,18.69,yes
2026-10-05T01:59:07.710809Z,KXBTC15M-26OCT042200-00,0.0010,500.00,yes
2026-10-05T01:59:07.776716Z,KXBTC15M-26OCT042200-00,0.0010,18.69,yes
2026-10-05T01:59:07.842071Z,KXBTC15M-26OCT042200-00,0.0010,1679.15,yes
2026-10-05T01:59:07.842071Z,KXBTC15M-26OCT042200-00,0.0010,152.75,yes
2026-10-05T01:59:07.854903Z,KXBTC15M-26OCT042200-00,0.0010,2834.05,yes
2026-10-05T01:59:07.854903Z,KXBTC15M-26OCT042200-00,0.0010,1320.85,yes
2026-10-05T01:59:07.854903Z,KXBTC15M-26OCT042200-00,0.0010,5004.65,yes
2026-10-05T01:59:08.120046Z,KXBTC15M-26OCT042200-00,0.0010,930.00,yes
2026-10-05T01:59:08.424968Z,KXBTC15M-26OCT042200-00,0.0010,156.26,yes
2026-10-05T01:59:08.526144Z,KXBTC15M-26OCT042200-00,0.0010,915.99,yes
2026-10-05T01:59:08.639033Z,KXBTC15M-26OCT042200-00,0.0010,752.29,yes
2026-10-05T01:59:08.639033Z,KXBTC15M-26OCT042200-00,0.0010,163.70,yes
2026-10-05T01:59:08.690064Z,KXBTC15M-26OCT042200-00,0.0010,2.08,yes
2026-10-05T01:59:08.855798Z,KXBTC15M-26OCT042200-00,0.0010,9.01,yes
2026-10-05T01:59:09.005358Z,KXBTC15M-26OCT042200-00,0.0010,915.99,yes
2026-10-05T01:59:09.117293Z,KXBTC15M-26OCT042200-00,0.0010,17.22,yes
2026-10-05T01:59:09.140926Z,KXBTC15M-26OCT042200-00,0.0010,2.94,yes
2026-10-05T01:59:09.303541Z,KXBTC15M-26OCT042200-00,0.0010,385.50,yes
2026-10-05T01:59:09.354722Z,KXBTC15M-26OCT042200-00,0.0010,180.97,yes
2026-10-05T01:59:09.354722Z,KXBTC15M-26OCT042200-00,0.0010,84.80,yes
2026-10-05T01:59:09.466087Z,KXBTC15M-26OCT042200-00,0.0010,915.99,yes
2026-10-05T01:59:09.563892Z,KXBTC15M-26OCT042200-00,0.0010,1.13,yes
2026-10-05T01:59:09.568135Z,KXBTC15M-26OCT042200-00,0.0010,93.99,yes
2026-10-05T01:59:09.880122Z,KXBTC15M-26OCT042200-00,0.0010,10.28,yes
2026-10-05T01:59:10.042956Z,KXBTC15M-26OCT042200-00,0.0010,86.38,yes
2026-10-05T01:59:10.066355Z,KXBTC15M-26OCT042200-00,0.0010,510.69,yes
2026-10-05T01:59:10.237145Z,KXBTC15M-26OCT042200-00,0.0010,467.36,yes
2026-10-05T01:59:10.29584Z,KXBTC15M-26OCT042200-00,0.0010,6.03,yes
2026-10-05T01:59:10.66563Z,KXBTC15M-26OCT042200-00,0.0010,92.79,yes
2026-10-05T01:59:10.782734Z,KXBTC15M-26OCT042200-00,0.0010,4.28,yes
2026-10-05T01:59:11.002041Z,KXBTC15M-26OCT042200-00,0.0010,1.01,yes
2026-10-05T01:59:11.104641Z,KXBTC15M-26OCT042200-00,0.0010,51.03,yes
2026-10-05T01:59:11.239243Z,KXBTC15M-26OCT042200-00,0.0010,334.83,yes
2026-10-05T01:59:11.239243Z,KXBTC15M-26OCT042200-00,0.0010,2550.47,yes
2026-10-05T01:59:11.258916Z,KXBTC15M-26OCT042200-00,0.0010,451.00,yes
2026-10-05T01:59:11.295316Z,KXBTC15M-26OCT042200-00,0.0010,26.91,yes
2026-10-05T01:59:11.32975Z,KXBTC15M-26OCT042200-00,0.0010,479.84,yes
2026-10-05T01:59:11.35529Z,KXBTC15M-26OCT042200-00,0.0010,11.09,yes
2026-10-05T01:59:11.521663Z,KXBTC15M-26OCT042200-00,0.0010,751.30,yes
2026-10-05T01:59:11.521663Z,KXBTC15M-26OCT042200-00,0.0010,164.69,yes
2026-10-05T01:59:11.547078Z,KXBTC15M-26OCT042200-00,0.0010,10.00,yes
2026-10-05T01:59:11.577788Z,KXBTC15M-26OCT042200-00,0.0010,9.20,yes
2026-10-05T01:59:11.620949Z,KXBTC15M-26OCT042200-00,0.0010,18.69,yes
2026-10-05T01:59:11.681605Z,KXBTC15M-26OCT042200-00,0.0010,82.50,yes
2026-10-05T01:59:11.750609Z,KXBTC15M-26OCT042200-00,0.0010,71.53,yes
2026-10-05T01:59:11.81549Z,KXBTC15M-26OCT042200-00,0.0010,99.18,yes
2026-10-05T01:59:11.816105Z,KXBTC15M-26OCT042200-00,0.0010,897.30,yes
2026-10-05T01:59:11.876847Z,KXBTC15M-26OCT042200-00,0.0010,22.93,yes
2026-10-05T01:59:12.022716Z,KXBTC15M-26OCT042200-00,0.0010,37.37,yes
2026-10-05T01:59:12.022716Z,KXBTC15M-26OCT042200-00,0.0010,1961.26,yes
2026-10-05T01:59:12.186045Z,KXBTC15M-26OCT042200-00,0.0010,0.67,yes
2026-10-05T01:59:12.194428Z,KXBTC15M-26OCT042200-00,0.0010,723.62,yes
2026-10-05T01:59:12.238579Z,KXBTC15M-26OCT042200-00,0.0010,5.16,yes
2026-10-05T01:59:12.248968Z,KXBTC15M-26OCT042200-00,0.0010,9.20,yes
2026-10-05T01:59:12.337974Z,KXBTC15M-26OCT042200-00,0.0010,9.00,yes
2026-10-05T01:59:12.342286Z,KXBTC15M-26OCT042200-00,0.0010,6.11,yes
2026-10-05T01:59:12.722427Z,KXBTC15M-26OCT042200-00,0.0010,723.62,yes
2026-10-05T01:59:12.937778Z,KXBTC15M-26OCT042200-00,0.0010,4579.77,yes
2026-10-05T01:59:13.017472Z,KXBTC15M-26OCT042200-00,0.0010,458.04,yes
2026-10-05T01:59:13.131668Z,KXBTC15M-26OCT042200-00,0.0010,915.99,yes
2026-10-05T01:59:13.604978Z,KXBTC15M-26OCT042200-00,0.0010,5.21,yes
2026-10-05T01:59:13.63107Z,KXBTC15M-26OCT042200-00,0.0010,915.99,yes
2026-10-05T01:59:13.732243Z,KXBTC15M-26OCT042200-00,0.0010,2088.99,yes
2026-10-05T01:59:13.790557Z,KXBTC15M-26OCT042200-00,0.0010,915.99,yes
2026-10-05T01:59:13.862372Z,KXBTC15M-26OCT042200-00,0.0010,109.94,yes
2026-10-05T01:59:13.899014Z,KXBTC15M-26OCT042200-00,0.0010,91.62,yes
2026-10-05T01:59:14.277391Z,KXBTC15M-26OCT042200-00,0.0010,484.73,yes
2026-10-05T01:59:14.277391Z,KXBTC15M-26OCT042200-00,0.0010,8674.82,yes
2026-10-05T01:59:14.519229Z,KXBTC15M-26OCT042200-00,0.0010,3103.99,yes
2026-10-05T01:59:14.67483Z,KXBTC15M-26OCT042200-00,0.0010,2.15,yes
2026-10-05T01:59:14.716332Z,KXBTC15M-26OCT042200-00,0.0010,4.15,yes
2026-10-05T01:59:14.863724Z,KXBTC15M-26OCT042200-00,0.0010,74.48,yes
2026-10-05T01:59:14.926838Z,KXBTC15M-26OCT042200-00,0.0010,9.20,yes
2026-10-05T01:59:15.003067Z,KXBTC15M-26OCT042200-00,0.0010,27.52,yes
2026-10-05T01:59:15.112446Z,KXBTC15M-26OCT042200-00,0.0010,229.01,yes
2026-10-05T01:59:15.232937Z,KXBTC15M-26OCT042200-00,0.0010,1581.41,yes
2026-10-05T01:59:15.232937Z,KXBTC15M-26OCT042200-00,0.0010,93.58,yes
2026-10-05T01:59:15.232937Z,KXBTC15M-26OCT042200-00,0.0010,156.91,yes
2026-10-05T01:59:15.69903Z,KXBTC15M-26OCT042200-00,0.0010,13.51,yes
2026-10-05T01:59:15.868756Z,KXBTC15M-26OCT042200-00,0.0010,915.99,yes
2026-10-05T01:59:15.903853Z,KXBTC15M-26OCT042200-00,0.0010,915.99,yes
2026-10-05T01:59:15.987237Z,KXBTC15M-26OCT042200-00,0.0010,915.99,yes
2026-10-05T01:59:16.060506Z,KXBTC15M-26OCT042200-00,0.0010,33.09,yes
2026-10-05T01:59:16.304464Z,KXBTC15M-26OCT042200-00,0.0010,207.34,yes
2026-10-05T01:59:16.305846Z,KXBTC15M-26OCT042200-00,0.0010,915.99,yes
2026-10-05T01:59:16.371273Z,KXBTC15M-26OCT042200-00,0.0010,1.03,yes
2026-10-05T01:59:16.381808Z,KXBTC15M-26OCT042200-00,0.0010,9.20,yes
2026-10-05T01:59:16.441117Z,KXBTC15M-26OCT042200-00,0.0010,4.28,yes
2026-10-05T01:59:16.532563Z,KXBTC15M-26OCT042200-00,0.0010,94.76,yes
2026-10-05T01:59:16.670113Z,KXBTC15M-26OCT042200-00,0.0010,915.99,yes
2026-10-05T01:59:16.769665Z,KXBTC15M-26OCT042200-00,0.0010,36.64,yes
2026-10-05T01:59:16.816252Z,KXBTC15M-26OCT042200-00,0.0010,4579.77,yes
2026-10-05T01:59:17.513698Z,KXBTC15M-26OCT042200-00,0.0010,458.04,yes
2026-10-05T01:59:18.057955Z,KXBTC15M-26OCT042200-00,0.0010,9159.55,yes
2026-10-05T01:59:18.206619Z,KXBTC15M-26OCT042200-00,0.0010,57.26,yes
2026-10-05T01:59:18.400693Z,KXBTC15M-26OCT042200-00,0.0010,18020.64,yes
2026-10-05T01:59:18.400693Z,KXBTC15M-26OCT042200-00,0.0010,1825.00,yes
2026-10-05T01:59:18.400693Z,KXBTC15M-26OCT042200-00,0.0010,16000.00,yes
2026-10-05T01:59:18.400693Z,KXBTC15M-26OCT042200-00,0.0010,13000.00,yes
2026-10-05T01:59:18.400693Z,KXBTC15M-26OCT042200-00,0.0010,12264.04,yes
2026-10-05T01:59:18.400693Z,KXBTC15M-26OCT042200-00,0.0010,3061.11,yes
2026-10-05T01:59:18.400693Z,KXBTC15M-26OCT042200-00,0.0010,81.00,yes
2026-10-05T01:59:18.400693Z,KXBTC15M-26OCT042200-00,0.0010,1643.09,yes
2026-10-05T01:59:18.400693Z,KXBTC15M-26OCT042200-00,0.0010,15.00,yes
2026-10-05T01:59:18.400693Z,KXBTC15M-26OCT042200-00,0.0010,25684.92,yes
2026-10-05T01:59:18.701987Z,KXBTC15M-26OCT042200-00,0.0010,18.69,yes
2026-10-05T01:59:18.949021Z,KXBTC15M-26OCT042200-00,0.0010,123.00,yes
2026-10-05T01:59:18.980421Z,KXBTC15M-26OCT042200-00,0.0010,25.03,yes
2026-10-05T01:59:19.276306Z,KXBTC15M-26OCT042200-00,0.0010,87.31,yes
2026-10-05T01:59:19.49269Z,KXBTC15M-26OCT042200-00,0.0010,82.24,yes
2026-10-05T01:59:19.49269Z,KXBTC15M-26OCT042200-00,0.0010,650.00,yes
2026-10-05T01:59:19.49269Z,KXBTC15M-26OCT042200-00,0.0010,183.75,yes
2026-10-05T01:59:20.196823Z,KXBTC15M-26OCT042200-00,0.0010,83.18,yes
2026-10-05T01:59:20.721908Z,KXBTC15M-26OCT042200-00,0.0010,353.54,yes
2026-10-05T01:59:21.062331Z,KXBTC15M-26OCT042200-00,0.0010,114.09,yes
2026-10-05T01:59:21.205101Z,KXBTC15M-26OCT042200-00,0.0010,6.07,yes
2026-10-05T01:59:21.2947Z,KXBTC15M-26OCT042200-00,0.0010,83.41,yes
2026-10-05T01:59:21.540136Z,KXBTC15M-26OCT042200-00,0.0010,0.45,yes
2026-10-05T01:59:21.541405Z,KXBTC15M-26OCT042200-00,0.0010,467.15,yes
2026-10-05T01:59:21.541556Z,KXBTC15M-26OCT042200-00,0.0010,5.41,yes
2026-10-05T01:59:22.02581Z,KXBTC15M-26OCT042200-00,0.0010,1.57,yes
2026-10-05T01:59:22.111722Z,KXBTC15M-26OCT042200-00,0.0010,526.38,yes
2026-10-05T01:59:22.111722Z,KXBTC15M-26OCT042200-00,0.0010,389.61,yes
2026-10-05T01:59:22.476745Z,KXBTC15M-26OCT042200-00,0.0010,299.71,yes
2026-10-05T01:59:22.813682Z,KXBTC15M-26OCT042200-00,0.0010,915.99,yes
2026-10-05T01:59:22.819191Z,KXBTC15M-26OCT042200-00,0.0010,1.00,yes
2026-10-05T01:59:22.877144Z,KXBTC15M-26OCT042200-00,0.0010,9159.55,yes
2026-10-05T01:59:23.022813Z,KXBTC15M-26OCT042200-00,0.0010,20.09,yes
2026-10-05T01:59:23.192833Z,KXBTC15M-26OCT042200-00,0.0010,927.00,yes
2026-10-05T01:59:23.196622Z,KXBTC15M-26OCT042200-00,0.0010,915.99,yes
2026-10-05T01:59:23.199902Z,KXBTC15M-26OCT042200-00,0.0010,9.20,yes
2026-10-05T01:59:23.225976Z,KXBTC15M-26OCT042200-00,0.0010,403.00,yes
2026-10-05T01:59:23.253498Z,KXBTC15M-26OCT042200-00,0.0010,915.99,yes
2026-10-05T01:59:23.468794Z,KXBTC15M-26OCT042200-00,0.0010,897.30,yes
2026-10-05T01:59:23.520886Z,KXBTC15M-26OCT042200-00,0.0010,180.00,yes
2026-10-05T01:59:23.696922Z,KXBTC15M-26OCT042200-00,0.0010,5.00,yes
2026-10-05T01:59:23.785042Z,KXBTC15M-26OCT042200-00,0.0010,9049.00,yes
2026-10-05T01:59:23.78763Z,KXBTC15M-26OCT042200-00,0.0010,0.02,yes
2026-10-05T01:59:23.839149Z,KXBTC15M-26OCT042200-00,0.0010,897.30,yes
2026-10-05T01:59:24.070553Z,KXBTC15M-26OCT042200-00,0.0010,1846.45,yes
2026-10-05T01:59:24.081509Z,KXBTC15M-26OCT042200-00,0.0010,29.31,yes
2026-10-05T01:59:24.109641Z,KXBTC15M-26OCT042200-00,0.0010,915.99,yes
2026-10-05T01:59:24.349318Z,KXBTC15M-26OCT042200-00,0.0010,915.99,yes
2026-10-05T01:59:24.525302Z,KXBTC15M-26OCT042200-00,0.0010,915.99,yes
2026-10-05T01:59:24.79102Z,KXBTC15M-26OCT042200-00,0.0010,915.99,yes
2026-10-05T01:59:24.887966Z,KXBTC15M-26OCT042200-00,0.0010,10.05,yes
2026-10-05T01:59:24.921106Z,KXBTC15M-26OCT042200-00,0.0010,3663.81,yes
2026-10-05T01:59:25.219583Z,KXBTC15M-26OCT042200-00,0.0010,915.99,yes
2026-10-05T01:59:25.262033Z,KXBTC15M-26OCT042200-00,0.0010,930.00,yes
2026-10-05T01:59:25.30303Z,KXBTC15M-26OCT042200-00,0.0010,1831.90,yes
2026-10-05T01:59:25.750514Z,KXBTC15M-26OCT042200-00,0.0010,8.00,yes
2026-10-05T01:59:25.794243Z,KXBTC15M-26OCT042200-00,0.0010,280.39,yes
2026-10-05T01:59:26.028223Z,KXBTC15M-26OCT042200-00,0.0010,4579.77,yes
2026-10-05T01:59:26.063414Z,KXBTC15M-26OCT042200-00,0.0010,0.93,yes
2026-10-05T01:59:26.306316Z,KXBTC15M-26OCT042200-00,0.0010,915.99,yes
2026-10-05T01:59:26.348774Z,KXBTC15M-26OCT042200-00,0.0010,19.70,yes
2026-10-05T01:59:26.543027Z,KXBTC15M-26OCT042200-00,0.0010,915.99,yes
2026-10-05T01:59:26.578075Z,KXBTC15M-26OCT042200-00,0.0010,915.99,yes
2026-10-05T01:59:26.704805Z,KXBTC15M-26OCT042200-00,0.0010,915.99,yes
2026-10-05T01:59:26.726018Z,KXBTC15M-26OCT042200-00,0.0010,1831.90,yes
2026-10-05T01:59:26.74707Z,KXBTC15M-26OCT042200-00,0.0010,915.99,yes
2026-10-05T01:59:26.784267Z,KXBTC15M-26OCT042200-00,0.0010,915.99,yes
2026-10-05T01:59:26.833762Z,KXBTC15M-26OCT042200-00,0.0010,119.11,yes
2026-10-05T01:59:26.861192Z,KXBTC15M-26OCT042200-00,0.0010,915.99,yes
2026-10-05T01:59:26.869518Z,KXBTC15M-26OCT042200-00,0.0010,915.99,yes
2026-10-05T01:59:26.896693Z,KXBTC15M-26OCT042200-00,0.0010,458.04,yes
2026-10-05T01:59:27.189198Z,KXBTC15M-26OCT042200-00,0.0010,18319.03,yes
2026-10-05T01:59:27.232049Z,KXBTC15M-26OCT042200-00,0.0010,915.99,yes
2026-10-05T01:59:27.23946Z,KXBTC15M-26OCT042200-00,0.0010,494.69,yes
2026-10-05T01:59:27.276483Z,KXBTC15M-26OCT042200-00,0.0010,915.99,yes
2026-10-05T01:59:27.722396Z,KXBTC15M-26OCT042200-00,0.0010,100.00,yes
2026-10-05T01:59:27.832607Z,KXBTC15M-26OCT042200-00,0.0010,915.99,yes
2026-10-05T01:59:27.855086Z,KXBTC15M-26OCT042200-00,0.0010,91.33,yes
2026-10-05T01:59:27.908642Z,KXBTC15M-26OCT042200-00,0.0010,900.00,yes
2026-10-05T01:59:27.918348Z,KXBTC15M-26OCT042200-00,0.0010,547.63,yes
2026-10-05T01:59:28.110904Z,KXBTC15M-26OCT042200-00,0.0010,45.85,yes
2026-10-05T01:59:28.171601Z,KXBTC15M-26OCT042200-00,0.0010,9159.55,yes
2026-10-05T01:59:28.17282Z,KXBTC15M-26OCT042200-00,0.0010,915.99,yes
2026-10-05T01:59:28.346065Z,KXBTC15M-26OCT042200-00,0.0010,91.62,yes
2026-10-05T01:59:28.40319Z,KXBTC15M-26OCT042200-00,0.0010,915.99,yes
2026-10-05T01:59:28.745954Z,KXBTC15M-26OCT042200-00,0.0010,4579.77,yes
2026-10-05T01:59:28.749036Z,KXBTC15M-26OCT042200-00,0.0010,4579.77,yes
2026-10-05T01:59:28.789349Z,KXBTC15M-26OCT042200-00,0.0010,904.00,yes
2026-10-05T01:59:28.800109Z,KXBTC15M-26OCT042200-00,0.0010,4.37,yes
2026-10-05T01:59:28.861732Z,KXBTC15M-26OCT042200-00,0.0010,503.80,yes
2026-10-05T01:59:28.913115Z,KXBTC15M-26OCT042200-00,0.0010,915.99,yes
2026-10-05T01:59:29.014411Z,KXBTC15M-26OCT042200-00,0.0010,183.25,yes
2026-10-05T01:59:29.258252Z,KXBTC15M-26OCT042200-00,0.0010,4579.77,yes
2026-10-05T01:59:29.633263Z,KXBTC15M-26OCT042200-00,0.0010,3663.81,yes
2026-10-05T01:59:29.897797Z,KXBTC15M-26OCT042200-00,0.0010,9340.00,yes
2026-10-05T01:59:29.914149Z,KXBTC15M-26OCT042200-00,0.0010,9.06,yes
2026-10-05T01:59:30.214077Z,KXBTC15M-26OCT042200-00,0.0010,0.10,yes
2026-10-05T01:59:30.280248Z,KXBTC15M-26OCT042200-00,0.0010,915.99,yes
2026-10-05T01:59:30.626877Z,KXBTC15M-26OCT042200-00,0.0010,91.62,yes
2026-10-05T01:59:30.799765Z,KXBTC15M-26OCT042200-00,0.0010,1831.90,yes
2026-10-05T01:59:30.834279Z,KXBTC15M-26OCT042200-00,0.0010,904.00,yes
2026-10-05T01:59:30.942999Z,KXBTC15M-26OCT042200-00,0.0010,915.99,yes
2026-10-05T01:59:31.128521Z,KXBTC15M-26OCT042200-00,0.0010,9.20,yes
2026-10-05T01:59:31.26149Z,KXBTC15M-26OCT042200-00,0.0010,28.07,yes
2026-10-05T01:59:31.814903Z,KXBTC15M-26OCT042200-00,0.0010,32.00,yes
2026-10-05T01:59:31.962644Z,KXBTC15M-26OCT042200-00,0.0010,21.00,yes
2026-10-05T01:59:32.109259Z,KXBTC15M-26OCT042200-00,0.0010,47.14,yes
2026-10-05T01:59:32.318141Z,KXBTC15M-26OCT042200-00,0.0010,4579.77,yes
2026-10-05T01:59:32.604146Z,KXBTC15M-26OCT042200-00,0.0010,229.01,yes
2026-10-05T01:59:32.687817Z,KXBTC15M-26OCT042200-00,0.0010,475.71,yes
2026-10-05T01:59:32.803376Z,KXBTC15M-26OCT042200-00,0.0010,20.45,yes
2026-10-05T01:59:32.844761Z,KXBTC15M-26OCT042200-00,0.0010,4579.77,yes
2026-10-05T01:59:33.286965Z,KXBTC15M-26OCT042200-00,0.0010,21.94,yes
2026-10-05T01:59:33.517235Z,KXBTC15M-26OCT042200-00,0.0010,915.99,yes
2026-10-05T01:59:33.794437Z,KXBTC15M-26OCT042200-00,0.0010,10.00,yes
2026-10-05T01:59:33.877186Z,KXBTC15M-26OCT042200-00,0.0010,13.84,yes
2026-10-05T01:59:34.301476Z,KXBTC15M-26OCT042200-00,0.0010,9159.55,yes
2026-10-05T01:59:34.954372Z,KXBTC15M-26OCT042200-00,0.0010,1831.90,yes
2026-10-05T01:59:35.823656Z,KXBTC15M-26OCT042200-00,0.0010,1831.90,yes
2026-10-05T01:59:35.863108Z,KXBTC15M-26OCT042200-00,0.0010,13574.00,yes
2026-10-05T01:59:36.104734Z,KXBTC15M-26OCT042200-00,0.0010,851.90,yes
2026-10-05T01:59:36.245934Z,KXBTC15M-26OCT042200-00,0.0010,458.04,yes
2026-10-05T01:59:36.325177Z,KXBTC15M-26OCT042200-00,0.0010,66.35,yes
2026-10-05T01:59:36.849444Z,KXBTC15M-26OCT042200-00,0.0010,407.98,yes
2026-10-05T01:59:36.944917Z,KXBTC15M-26OCT042200-00,0.0010,915.99,yes
2026-10-05T01:59:37.333042Z,KXBTC15M-26OCT042200-00,0.0010,915.99,yes
2026-10-05T01:59:38.038806Z,KXBTC15M-26OCT042200-00,0.0010,91.62,yes
2026-10-05T01:59:38.314177Z,KXBTC15M-26OCT042200-00,0.0010,1.00,yes
2026-10-05T01:59:38.37158Z,KXBTC15M-26OCT042200-00,0.0010,451.00,yes
2026-10-05T01:59:38.511316Z,KXBTC15M-26OCT042200-00,0.0010,183.25,yes
2026-10-05T01:59:38.854587Z,KXBTC15M-26OCT042200-00,0.0010,27.52,yes
2026-10-05T01:59:39.106754Z,KXBTC15M-26OCT042200-00,0.0010,4579.77,yes
2026-10-05T01:59:39.276375Z,KXBTC15M-26OCT042200-00,0.0010,20.81,yes
2026-10-05T01:59:39.588374Z,KXBTC15M-26OCT042200-00,0.0010,915.99,yes
2026-10-05T01:59:39.807958Z,KXBTC15M-26OCT042200-00,0.0010,90.00,yes
2026-10-05T01:59:40.010016Z,KXBTC15M-26OCT042200-00,0.0010,915.99,yes
2026-10-05T01:59:40.88414Z,KXBTC15M-26OCT042200-00,0.0010,54.01,yes
2026-10-05T01:59:41.444304Z,KXBTC15M-26OCT042200-00,0.0010,45.85,yes
2026-10-05T01:59:41.559981Z,KXBTC15M-26OCT042200-00,0.0010,458.04,yes
2026-10-05T01:59:41.755109Z,KXBTC15M-26OCT042200-00,0.0010,180.00,yes
2026-10-05T01:59:41.787443Z,KXBTC15M-26OCT042200-00,0.0010,897.30,yes
2026-10-05T01:59:41.829437Z,KXBTC15M-26OCT042200-00,0.0010,0.01,yes
2026-10-05T01:59:41.856978Z,KXBTC15M-26OCT042200-00,0.0010,451.00,yes
2026-10-05T01:59:42.725247Z,KXBTC15M-26OCT042200-00,0.0010,11.76,yes
2026-10-05T01:59:43.493909Z,KXBTC15M-26OCT042200-00,0.0010,312.67,yes
2026-10-05T01:59:44.059384Z,KXBTC15M-26OCT042200-00,0.0010,43.04,yes
2026-10-05T01:59:44.389567Z,KXBTC15M-26OCT042200-00,0.0010,90.00,yes
2026-10-05T01:59:44.608854Z,KXBTC15M-26OCT042200-00,0.0010,915.99,yes
2026-10-05T01:59:45.056136Z,KXBTC15M-26OCT042200-00,0.0010,915.99,yes
2026-10-05T01:59:45.475957Z,KXBTC15M-26OCT042200-00,0.0010,1831.90,yes
2026-10-05T01:59:45.703697Z,KXBTC15M-26OCT042200-00,0.0010,458.04,yes
2026-10-05T01:59:45.759803Z,KXBTC15M-26OCT042200-00,0.0010,17.32,yes
2026-10-05T01:59:46.00246Z,KXBTC15M-26OCT042200-00,0.0010,915.99,yes
2026-10-05T01:59:46.015378Z,KXBTC15M-26OCT042200-00,0.0010,10.29,yes
2026-10-05T01:59:46.03324Z,KXBTC15M-26OCT042200-00,0.0010,3.44,yes
2026-10-05T01:59:46.112035Z,KXBTC15M-26OCT042200-00,0.0010,3.86,yes
2026-10-05T01:59:46.477522Z,KXBTC15M-26OCT042200-00,0.0010,0.62,yes
2026-10-05T01:59:46.642715Z,KXBTC15M-26OCT042200-00,0.0010,18.69,yes
2026-10-05T01:59:46.797218Z,KXBTC15M-26OCT042200-00,0.0010,9.20,yes
2026-10-05T01:59:47.196731Z,KXBTC15M-26OCT042200-00,0.0010,64.18,yes
2026-10-05T01:59:47.44658Z,KXBTC15M-26OCT042200-00,0.0010,183.25,yes
2026-10-05T01:59:47.453575Z,KXBTC15M-26OCT042200-00,0.0010,116.81,yes
2026-10-05T01:59:47.714825Z,KXBTC15M-26OCT042200-00,0.0010,915.99,yes
2026-10-05T01:59:47.721518Z,KXBTC15M-26OCT042200-00,0.0010,4579.77,yes
2026-10-05T01:59:47.8978Z,KXBTC15M-26OCT042200-00,0.0010,1794.51,yes
2026-10-05T01:59:48.051231Z,KXBTC15M-26OCT042200-00,0.0010,55.79,yes
2026-10-05T01:59:48.223042Z,KXBTC15M-26OCT042200-00,0.0010,915.99,yes
2026-10-05T01:59:48.252989Z,KXBTC15M-26OCT042200-00,0.0010,119.58,yes
2026-10-05T01:59:49.90217Z,KXBTC15M-26OCT042200-00,0.0010,915.99,yes
2026-10-05T01:59:50.079612Z,KXBTC15M-26OCT042200-00,0.0010,915.99,yes
2026-10-05T01:59:50.23467Z,KXBTC15M-26OCT042200-00,0.0010,930.00,yes
2026-10-05T01:59:50.899971Z,KXBTC15M-26OCT042200-00,0.0010,28.17,yes
2026-10-05T01:59:51.126068Z,KXBTC15M-26OCT042200-00,0.0010,90.00,yes
2026-10-05T01:59:51.579022Z,KXBTC15M-26OCT042200-00,0.0010,1.00,yes
2026-10-05T01:59:52.245815Z,KXBTC15M-26OCT042200-00,0.0010,58.29,yes
2026-10-05T01:59:52.835149Z,KXBTC15M-26OCT042200-00,0.0010,4.28,yes
2026-10-05T01:59:52.866117Z,KXBTC15M-26OCT042200-00,0.0010,32.00,yes
2026-10-05T01:59:53.298234Z,KXBTC15M-26OCT042200-00,0.0010,26.06,yes
2026-10-05T01:59:53.543534Z,KXBTC15M-26OCT042200-00,0.0010,45.71,yes
2026-10-05T01:59:53.643423Z,KXBTC15M-26OCT042200-00,0.0010,299.00,yes
2026-10-05T01:59:53.969033Z,KXBTC15M-26OCT042200-00,0.0010,10.41,yes
2026-10-05T01:59:54.757Z,KXBTC15M-26OCT042200-00,0.0010,915.99,yes
2026-10-05T01:59:55.360013Z,KXBTC15M-26OCT042200-00,0.0010,27.52,yes
2026-10-05T01:59:55.611513Z,KXBTC15M-26OCT042200-00,0.0010,915.99,yes
2026-10-05T01:59:56.952544Z,KXBTC15M-26OCT042200-00,0.0010,915.99,yes
2026-10-05T01:59:57.495518Z,KXBTC15M-26OCT042200-00,0.0010,915.99,yes
2026-10-05T01:58:09.258959Z,KXETH15M-26OCT042200-00,0.0420,1.00,no
2026-10-05T01:58:09.258959Z,KXETH15M-26OCT042200-00,0.0430,1.00,no
2026-10-05T01:58:09.258959Z,KXETH15M-26OCT042200-00,0.0410,16.00,no
2026-10-05T01:58:09.258959Z,KXETH15M-26OCT042200-00,0.0450,20.00,no
2026-10-05T01:58:09.258959Z,KXETH15M-26OCT042200-00,0.0460,20.00,no
2026-10-05T01:58:09.258959Z,KXETH15M-26OCT042200-00,0.0410,5.31,no
2026-10-05T01:58:09.258959Z,KXETH15M-26OCT042200-00,0.0470,3.00,no
2026-10-05T01:58:09.258959Z,KXETH15M-26OCT042200-00,0.0480,20.00,no
2026-10-05T01:58:09.258959Z,KXETH15M-26OCT042200-00,0.0430,9.00,no
2026-10-05T01:58:09.258959Z,KXETH15M-26OCT042200-00,0.0440,2.00,no
2026-10-05T01:58:09.258959Z,KXETH15M-26OCT042200-00,0.0430,1.00,no
2026-10-05T01:58:09.258959Z,KXETH15M-26OCT042200-00,0.0420,1.00,no
2026-10-05T01:58:09.258959Z,KXETH15M-26OCT042200-00,0.0440,1.00,no
2026-10-05T01:58:09.258959Z,KXETH15M-26OCT042200-00,0.0450,1.00,no
2026-10-05T01:58:09.258959Z,KXETH15M-26OCT042200-00,0.0410,1.00,no
2026-10-05T01:58:09.267929Z,KXETH15M-26OCT042200-00,0.0500,1.28,yes
2026-10-05T01:58:09.435119Z,KXETH15M-26OCT042200-00,0.0530,18.88,yes
2026-10-05T01:58:09.435119Z,KXETH15M-26OCT042200-00,0.0510,19.00,yes
2026-10-05T01:58:09.435119Z,KXETH15M-26OCT042200-00,0.0530,12.00,yes
2026-10-05T01:58:09.435119Z,KXETH15M-26OCT042200-00,0.0520,20.00,yes
2026-10-05T01:58:09.435119Z,KXETH15M-26OCT042200-00,0.0520,5.00,yes
2026-10-05T01:58:09.435119Z,KXETH15M-26OCT042200-00,0.0500,6.72,yes
2026-10-05T01:58:09.435119Z,KXETH15M-26OCT042200-00,0.0490,7.00,yes
2026-10-05T01:58:09.435119Z,KXETH15M-26OCT042200-00,0.0490,1.00,yes
2026-10-05T01:58:09.506079Z,KXETH15M-26OCT042200-00,0.0540,32.17,yes
2026-10-05T01:58:09.506079Z,KXETH15M-26OCT042200-00,0.0520,10.00,yes
2026-10-05T01:58:09.506079Z,KXETH15M-26OCT042200-00,0.0520,2.00,yes
2026-10-05T01:58:09.506079Z,KXETH15M-26OCT042200-00,0.0530,5.00,yes
2026-10-05T01:58:09.506079Z,KXETH15M-26OCT042200-00,0.0530,20.00,yes
2026-10-05T01:58:09.688037Z,KXETH15M-26OCT042200-00,0.0510,24.49,yes
2026-10-05T01:58:09.694052Z,KXETH15M-26OCT042200-00,0.0470,10.45,no
2026-10-05T01:58:09.7431Z,KXETH15M-26OCT042200-00,0.0470,6.55,no
2026-10-05T01:58:09.7431Z,KXETH15M-26OCT042200-00,0.0470,8.45,no
2026-10-05T01:58:09.754177Z,KXETH15M-26OCT042200-00,0.0460,0.73,no
2026-10-05T01:58:09.881526Z,KXETH15M-26OCT042200-00,0.0480,9.43,yes
2026-10-05T01:58:09.911511Z,KXETH15M-26OCT042200-00,0.0480,8.57,yes
2026-10-05T01:58:09.911511Z,KXETH15M-26OCT042200-00,0.0480,10.18,yes
2026-10-05T01:58:09.933536Z,KXETH15M-26OCT042200-00,0.0440,19.00,no
2026-10-05T01:58:09.934146Z,KXETH15M-26OCT042200-00,0.0430,10.00,no
2026-10-05T01:58:09.934754Z,KXETH15M-26OCT042200-00,0.0420,1.00,no
2026-10-05T01:58:09.93509Z,KXETH15M-26OCT042200-00,0.0400,6.00,no
2026-10-05T01:58:09.93509Z,KXETH15M-26OCT042200-00,0.0400,1.00,no
2026-10-05T01:58:09.93509Z,KXETH15M-26OCT042200-00,0.0400,1.00,no
2026-10-05T01:58:09.942531Z,KXETH15M-26OCT042200-00,0.0390,1.00,no
2026-10-05T01:58:10.066127Z,KXETH15M-26OCT042200-00,0.0390,31.00,yes
2026-10-05T01:58:10.066127Z,KXETH15M-26OCT042200-00,0.0400,4.00,yes
2026-10-05T01:58:10.066127Z,KXETH15M-26OCT042200-00,0.0390,41.00,yes
2026-10-05T01:58:10.066127Z,KXETH15M-26OCT042200-00,0.0390,4.00,yes
2026-10-05T01:58:10.066127Z,KXETH15M-26OCT042200-00,0.0390,4.00,yes
2026-10-05T01:58:10.066127Z,KXETH15M-26OCT042200-00,0.0390,11.00,yes
2026-10-05T01:58:10.066127Z,KXETH15M-26OCT042200-00,0.0400,31.00,yes
2026-10-05T01:58:10.443184Z,KXETH15M-26OCT042200-00,0.0370,1.00,no
2026-10-05T01:58:10.443184Z,KXETH15M-26OCT042200-00,0.0350,1.00,no
2026-10-05T01:58:10.443184Z,KXETH15M-26OCT042200-00,0.0360,1.00,no
2026-10-05T01:58:10.443184Z,KXETH15M-26OCT042200-00,0.0380,1.00,no
2026-10-05T01:58:10.44841Z,KXETH15M-26OCT042200-00,0.0330,4.00,no
2026-10-05T01:58:10.44841Z,KXETH15M-26OCT042200-00,0.0340,4.00,no
2026-10-05T01:58:10.44841Z,KXETH15M-26OCT042200-00,0.0340,1.00,no
2026-10-05T01:58:10.44841Z,KXETH15M-26OCT042200-00,0.0330,1.00,no
2026-10-05T01:58:10.529657Z,KXETH15M-26OCT042200-00,0.0320,7.62,no
2026-10-05T01:58:10.529657Z,KXETH15M-26OCT042200-00,0.0320,1.00,no
2026-10-05T01:58:10.603732Z,KXETH15M-26OCT042200-00,0.0320,7.38,no
2026-10-05T01:58:10.603732Z,KXETH15M-26OCT042200-00,0.0310,2.62,no
2026-10-05T01:58:10.632386Z,KXETH15M-26OCT042200-00,0.0330,16.00,yes
2026-10-05T01:58:10.641726Z,KXETH15M-26OCT042200-00,0.0330,2.00,yes
2026-10-05T01:58:10.641726Z,KXETH15M-26OCT042200-00,0.0340,4.00,yes
2026-10-05T01:58:10.641726Z,KXETH15M-26OCT042200-00,0.0340,0.02,yes
2026-10-05T01:58:10.641726Z,KXETH15M-26OCT042200-00,0.0330,4.00,yes
2026-10-05T01:58:10.641726Z,KXETH15M-26OCT042200-00,0.0330,4.00,yes
2026-10-05T01:58:10.641726Z,KXETH15M-26OCT042200-00,0.0340,10.00,yes
2026-10-05T01:58:10.679069Z,KXETH15M-26OCT042200-00,0.0320,15.00,no
2026-10-05T01:58:10.808547Z,KXETH15M-26OCT042200-00,0.0320,5.00,no
2026-10-05T01:58:10.808547Z,KXETH15M-26OCT042200-00,0.0320,9.00,no
2026-10-05T01:58:10.879524Z,KXETH15M-26OCT042200-00,0.0320,6.00,no
2026-10-05T01:58:10.977506Z,KXETH15M-26OCT042200-00,0.0320,8.00,no
2026-10-05T01:58:10.984286Z,KXETH15M-26OCT042200-00,0.0320,6.00,no
2026-10-05T01:58:10.984286Z,KXETH15M-26OCT042200-00,0.0310,3.87,no
2026-10-05T01:58:10.984286Z,KXETH15M-26OCT042200-00,0.0310,8.13,no
2026-10-05T01:58:10.984286Z,KXETH15M-26OCT042200-00,0.0310,1.00,no
2026-10-05T01:58:10.984286Z,KXETH15M-26OCT042200-00,0.0310,1.00,no
2026-10-05T01:58:10.993981Z,KXETH15M-26OCT042200-00,0.0320,20.00,no
2026-10-05T01:58:10.994721Z,KXETH15M-26OCT042200-00,0.0310,4.87,no
2026-10-05T01:58:10.994721Z,KXETH15M-26OCT042200-00,0.0310,5.13,no
2026-10-05T01:58:10.995544Z,KXETH15M-26OCT042200-00,0.0310,3.87,no
2026-10-05T01:58:11.024432Z,KXETH15M-26OCT042200-00,0.0310,4.00,yes
2026-10-05T01:58:11.024432Z,KXETH15M-26OCT042200-00,0.0310,4.00,yes
2026-10-05T01:58:11.024432Z,KXETH15M-26OCT042200-00,0.0310,5.00,yes
2026-10-05T01:58:11.029503Z,KXETH15M-26OCT042200-00,0.0320,7.33,yes
2026-10-05T01:58:11.029503Z,KXETH15M-26OCT042200-00,0.0310,20.00,yes
2026-10-05T01:58:11.029503Z,KXETH15M-26OCT042200-00,0.0310,36.00,yes
2026-10-05T01:58:11.035699Z,KXETH15M-26OCT042200-00,0.0300,1.00,no
2026-10-05T01:58:11.035909Z,KXETH15M-26OCT042200-00,0.0300,5.00,no
2026-10-05T01:58:11.035909Z,KXETH15M-26OCT042200-00,0.0300,2.00,no
2026-10-05T01:58:11.065403Z,KXETH15M-26OCT042200-00,0.0310,18.00,yes
2026-10-05T01:58:11.074195Z,KXETH15M-26OCT042200-00,0.0300,6.00,no
2026-10-05T01:58:11.07439Z,KXETH15M-26OCT042200-00,0.0300,12.00,no
2026-10-05T01:58:11.07439Z,KXETH15M-26OCT042200-00,0.0300,1.00,no
2026-10-05T01:58:11.096635Z,KXETH15M-26OCT042200-00,0.0310,9.85,yes
2026-10-05T01:58:11.162924Z,KXETH15M-26OCT042200-00,0.0300,1.00,no
2026-10-05T01:58:11.162924Z,KXETH15M-26OCT042200-00,0.0300,3.00,no
2026-10-05T01:58:11.168004Z,KXETH15M-26OCT042200-00,0.0320,82.06,yes
2026-10-05T01:58:11.168004Z,KXETH15M-26OCT042200-00,0.0310,20.00,yes
2026-10-05T01:58:11.168004Z,KXETH15M-26OCT042200-00,0.0310,4.00,yes
2026-10-05T01:58:11.168004Z,KXETH15M-26OCT042200-00,0.0310,13.15,yes
2026-10-05T01:58:11.168004Z,KXETH15M-26OCT042200-00,0.0310,28.00,yes
2026-10-05T01:58:11.168004Z,KXETH15M-26OCT042200-00,0.0310,4.00,yes
2026-10-05T01:58:11.168004Z,KXETH15M-26OCT042200-00,0.0310,39.00,yes
2026-10-05T01:58:11.168004Z,KXETH15M-26OCT042200-00,0.0310,17.00,yes
2026-10-05T01:58:11.186903Z,KXETH15M-26OCT042200-00,0.0300,2.00,no
2026-10-05T01:58:11.285321Z,KXETH15M-26OCT042200-00,0.0300,19.96,no
2026-10-05T01:58:11.285321Z,KXETH15M-26OCT042200-00,0.0300,0.35,no
2026-10-05T01:58:11.285321Z,KXETH15M-26OCT042200-00,0.0300,4.03,no
2026-10-05T01:58:11.285321Z,KXETH15M-26OCT042200-00,0.0300,1.00,no
2026-10-05T01:58:11.285321Z,KXETH15M-26OCT042200-00,0.0300,1.66,no
2026-10-05T01:58:11.296076Z,KXETH15M-26OCT042200-00,0.0300,5.04,no
2026-10-05T01:58:11.296076Z,KXETH15M-26OCT042200-00,0.0300,4.96,no
2026-10-05T01:58:11.385832Z,KXETH15M-26OCT042200-00,0.0300,15.00,no
2026-10-05T01:58:11.391943Z,KXETH15M-26OCT042200-00,0.0300,42.00,no
2026-10-05T01:58:11.399694Z,KXETH15M-26OCT042200-00,0.0320,130.84,yes
2026-10-05T01:58:11.399694Z,KXETH15M-26OCT042200-00,0.0310,20.00,yes
2026-10-05T01:58:11.399694Z,KXETH15M-26OCT042200-00,0.0310,20.00,yes
2026-10-05T01:58:11.399694Z,KXETH15M-26OCT042200-00,0.0310,41.00,yes
2026-10-05T01:58:11.399694Z,KXETH15M-26OCT042200-00,0.0310,4.00,yes
2026-10-05T01:58:11.399694Z,KXETH15M-26OCT042200-00,0.0310,4.00,yes
2026-10-05T01:58:11.423535Z,KXETH15M-26OCT042200-00,0.0320,14.79,yes
2026-10-05T01:58:11.447591Z,KXETH15M-26OCT042200-00,0.0300,5.00,no
2026-10-05T01:58:11.454386Z,KXETH15M-26OCT042200-00,0.0300,30.00,no
2026-10-05T01:58:11.47335Z,KXETH15M-26OCT042200-00,0.0300,40.00,no
2026-10-05T01:58:11.547467Z,KXETH15M-26OCT042200-00,0.0280,8.96,no
2026-10-05T01:58:11.547467Z,KXETH15M-26OCT042200-00,0.0280,1.00,no
2026-10-05T01:58:11.547467Z,KXETH15M-26OCT042200-00,0.0300,63.04,no
2026-10-05T01:58:11.547467Z,KXETH15M-26OCT042200-00,0.0290,1.00,no
2026-10-05T01:58:11.547467Z,KXETH15M-26OCT042200-00,0.0280,1.00,no
2026-10-05T01:58:11.667693Z,KXETH15M-26OCT042200-00,0.0270,1.00,no
2026-10-05T01:58:11.667693Z,KXETH15M-26OCT042200-00,0.0270,1.00,no
2026-10-05T01:58:11.730226Z,KXETH15M-26OCT042200-00,0.0270,4.00,no
2026-10-05T01:58:11.736434Z,KXETH15M-26OCT042200-00,0.0250,20.00,no
2026-10-05T01:58:11.736434Z,KXETH15M-26OCT042200-00,0.0250,17.00,no
2026-10-05T01:58:11.736434Z,KXETH15M-26OCT042200-00,0.0230,10.00,no
2026-10-05T01:58:11.736434Z,KXETH15M-26OCT042200-00,0.0270,4.00,no
2026-10-05T01:58:11.736434Z,KXETH15M-26OCT042200-00,0.0240,8.00,no
2026-10-05T01:58:11.736434Z,KXETH15M-26OCT042200-00,0.0230,1.00,no
2026-10-05T01:58:11.736434Z,KXETH15M-26OCT042200-00,0.0240,1.00,no
2026-10-05T01:58:11.736434Z,KXETH15M-26OCT042200-00,0.0220,17.00,no
2026-10-05T01:58:11.736434Z,KXETH15M-26OCT042200-00,0.0260,1.00,no
2026-10-05T01:58:11.736434Z,KXETH15M-26OCT042200-00,0.0250,1.00,no
2026-10-05T01:58:11.738819Z,KXETH15M-26OCT042200-00,0.0220,60.00,no
2026-10-05T01:58:11.801496Z,KXETH15M-26OCT042200-00,0.0260,5.00,no
2026-10-05T01:58:11.808701Z,KXETH15M-26OCT042200-00,0.0260,1.00,no
2026-10-05T01:58:11.875773Z,KXETH15M-26OCT042200-00,0.0260,20.00,no
2026-10-05T01:58:11.880274Z,KXETH15M-26OCT042200-00,0.0260,10.00,no
2026-10-05T01:58:11.917045Z,KXETH15M-26OCT042200-00,0.0270,2.16,yes
2026-10-05T01:58:12.72732Z,KXETH15M-26OCT042200-00,0.0290,5.00,yes
2026-10-05T01:58:12.72732Z,KXETH15M-26OCT042200-00,0.0290,4.00,yes
2026-10-05T01:58:12.72732Z,KXETH15M-26OCT042200-00,0.0280,4.00,yes
2026-10-05T01:58:12.72732Z,KXETH15M-26OCT042200-00,0.0300,1.18,yes
2026-10-05T01:58:12.72732Z,KXETH15M-26OCT042200-00,0.0300,9.00,yes
2026-10-05T01:58:12.72732Z,KXETH15M-26OCT042200-00,0.0290,4.00,yes
2026-10-05T01:58:12.72732Z,KXETH15M-26OCT042200-00,0.0300,12.00,yes
2026-10-05T01:58:12.72732Z,KXETH15M-26OCT042200-00,0.0300,5.00,yes
2026-10-05T01:58:12.72732Z,KXETH15M-26OCT042200-00,0.0280,4.00,yes
2026-10-05T01:58:12.72732Z,KXETH15M-26OCT042200-00,0.0270,1.84,yes
2026-10-05T01:58:12.72732Z,KXETH15M-26OCT042200-00,0.0300,9.00,yes
2026-10-05T01:58:12.72732Z,KXETH15M-26OCT042200-00,0.0270,4.00,yes
2026-10-05T01:58:12.752056Z,KXETH15M-26OCT042200-00,0.0300,11.85,yes
2026-10-05T01:58:12.752056Z,KXETH15M-26OCT042200-00,0.0300,14.82,yes
2026-10-05T01:58:12.752056Z,KXETH15M-26OCT042200-00,0.0280,4.00,yes
2026-10-05T01:58:12.752056Z,KXETH15M-26OCT042200-00,0.0290,41.00,yes
2026-10-05T01:58:12.752056Z,KXETH15M-26OCT042200-00,0.0270,4.00,yes
2026-10-05T01:58:12.752056Z,KXETH15M-26OCT042200-00,0.0270,4.00,yes
2026-10-05T01:58:12.752056Z,KXETH15M-26OCT042200-00,0.0290,4.00,yes
2026-10-05T01:58:12.752056Z,KXETH15M-26OCT042200-00,0.0290,4.00,yes
2026-10-05T01:58:12.752056Z,KXETH15M-26OCT042200-00,0.0300,12.00,yes
2026-10-05T01:58:12.752056Z,KXETH15M-26OCT042200-00,0.0300,41.00,yes
2026-10-05T01:58:12.752056Z,KXETH15M-26OCT042200-00,0.0280,4.00,yes
2026-10-05T01:58:12.806574Z,KXETH15M-26OCT042200-00,0.0270,3.00,yes
2026-10-05T01:58:12.817939Z,KXETH15M-26OCT042200-00,0.0270,3.00,yes
2026-10-05T01:58:12.974586Z,KXETH15M-26OCT042200-00,0.0270,1.40,yes
2026-10-05T01:58:12.974586Z,KXETH15M-26OCT042200-00,0.0270,1.00,yes
2026-10-05T01:58:13.142257Z,KXETH15M-26OCT042200-00,0.0270,2.60,yes
2026-10-05T01:58:13.142257Z,KXETH15M-26OCT042200-00,0.0290,3.90,yes
2026-10-05T01:58:13.142257Z,KXETH15M-26OCT042200-00,0.0280,4.00,yes
2026-10-05T01:58:13.142257Z,KXETH15M-26OCT042200-00,0.0290,4.00,yes
2026-10-05T01:58:13.195102Z,KXETH15M-26OCT042200-00,0.0270,37.91,no
2026-10-05T01:58:13.28949Z,KXETH15M-26OCT042200-00,0.0290,0.10,yes
2026-10-05T01:58:13.28949Z,KXETH15M-26OCT042200-00,0.0300,4.71,yes
2026-10-05T01:58:13.28949Z,KXETH15M-26OCT042200-00,0.0300,8.00,yes
2026-10-05T01:58:13.28949Z,KXETH15M-26OCT042200-00,0.0300,12.00,yes
2026-10-05T01:58:13.28949Z,KXETH15M-26OCT042200-00,0.0290,20.00,yes
2026-10-05T01:58:13.45783Z,KXETH15M-26OCT042200-00,0.0310,15.20,yes
2026-10-05T01:58:13.45783Z,KXETH15M-26OCT042200-00,0.0300,36.29,yes
2026-10-05T01:58:13.45783Z,KXETH15M-26OCT042200-00,0.0300,4.00,yes
2026-10-05T01:58:13.45783Z,KXETH15M-26OCT042200-00,0.0300,4.00,yes
2026-10-05T01:58:13.45783Z,KXETH15M-26OCT042200-00,0.0300,20.00,yes
2026-10-05T01:58:13.45783Z,KXETH15M-26OCT042200-00,0.0300,12.00,yes
2026-10-05T01:58:13.45783Z,KXETH15M-26OCT042200-00,0.0300,8.00,yes
2026-10-05T01:58:13.473914Z,KXETH15M-26OCT042200-00,0.0290,4.00,yes
2026-10-05T01:58:13.473914Z,KXETH15M-26OCT042200-00,0.0290,15.89,yes
2026-10-05T01:58:13.473914Z,KXETH15M-26OCT042200-00,0.0290,12.00,yes
2026-10-05T01:58:13.718543Z,KXETH15M-26OCT042200-00,0.0300,1.07,yes
2026-10-05T01:58:13.776106Z,KXETH15M-26OCT042200-00,0.0300,2.00,yes
2026-10-05T01:58:13.80862Z,KXETH15M-26OCT042200-00,0.0260,36.00,no
2026-10-05T01:58:13.80862Z,KXETH15M-26OCT042200-00,0.0260,7.00,no
2026-10-05T01:58:13.80862Z,KXETH15M-26OCT042200-00,0.0280,7.00,no
2026-10-05T01:58:13.80862Z,KXETH15M-26OCT042200-00,0.0290,15.00,no
2026-10-05T01:58:13.80862Z,KXETH15M-26OCT042200-00,0.0280,8.00,no
2026-10-05T01:58:13.926448Z,KXETH15M-26OCT042200-00,0.0230,6.21,no
2026-10-05T01:58:13.926448Z,KXETH15M-26OCT042200-00,0.0240,10.00,no
2026-10-05T01:58:13.926448Z,KXETH15M-26OCT042200-00,0.0250,17.00,no
2026-10-05T01:58:13.926448Z,KXETH15M-26OCT042200-00,0.0240,17.00,no
2026-10-05T01:58:13.951778Z,KXETH15M-26OCT042200-00,0.0280,4.00,yes
2026-10-05T01:58:13.951778Z,KXETH15M-26OCT042200-00,0.0270,4.00,yes
2026-10-05T01:58:13.951778Z,KXETH15M-26OCT042200-00,0.0290,19.21,yes
2026-10-05T01:58:13.951778Z,KXETH15M-26OCT042200-00,0.0290,4.00,yes
2026-10-05T01:58:14.228772Z,KXETH15M-26OCT042200-00,0.0230,23.00,no
2026-10-05T01:58:14.247071Z,KXETH15M-26OCT042200-00,0.0230,13.00,no
2026-10-05T01:58:14.247071Z,KXETH15M-26OCT042200-00,0.0230,10.00,no
2026-10-05T01:58:14.247071Z,KXETH15M-26OCT042200-00,0.0230,18.00,no
2026-10-05T01:58:14.247071Z,KXETH15M-26OCT042200-00,0.0220,37.00,no
2026-10-05T01:58:14.524055Z,KXETH15M-26OCT042200-00,0.0220,15.00,no
2026-10-05T01:58:14.573518Z,KXETH15M-26OCT042200-00,0.0230,4.00,yes
2026-10-05T01:58:14.573518Z,KXETH15M-26OCT042200-00,0.0230,38.00,yes
2026-10-05T01:58:14.573518Z,KXETH15M-26OCT042200-00,0.0230,4.00,yes
2026-10-05T01:58:14.624036Z,KXETH15M-26OCT042200-00,0.0230,4.00,yes
2026-10-05T01:58:14.624036Z,KXETH15M-26OCT042200-00,0.0230,24.00,yes
2026-10-05T01:58:14.624036Z,KXETH15M-26OCT042200-00,0.0230,35.00,yes
2026-10-05T01:58:14.702061Z,KXETH15M-26OCT042200-00,0.0230,22.00,no
2026-10-05T01:58:14.702061Z,KXETH15M-26OCT042200-00,0.0230,10.00,no
2026-10-05T01:58:14.702061Z,KXETH15M-26OCT042200-00,0.0220,8.00,no
2026-10-05T01:58:14.703465Z,KXETH15M-26OCT042200-00,0.0220,45.00,no
2026-10-05T01:58:14.802252Z,KXETH15M-26OCT042200-00,0.0230,3.00,yes
2026-10-05T01:58:14.887782Z,KXETH15M-26OCT042200-00,0.0240,4.00,yes
2026-10-05T01:58:14.887782Z,KXETH15M-26OCT042200-00,0.0230,4.00,yes
2026-10-05T01:58:14.887782Z,KXETH15M-26OCT042200-00,0.0240,8.00,yes
2026-10-05T01:58:14.887782Z,KXETH15M-26OCT042200-00,0.0230,1.00,yes
2026-10-05T01:58:14.887782Z,KXETH15M-26OCT042200-00,0.0240,4.00,yes
2026-10-05T01:58:14.945753Z,KXETH15M-26OCT042200-00,0.0230,4.00,yes
2026-10-05T01:58:14.945753Z,KXETH15M-26OCT042200-00,0.0230,4.00,yes
2026-10-05T01:58:14.953882Z,KXETH15M-26OCT042200-00,0.0220,45.00,no
2026-10-05T01:58:14.98387Z,KXETH15M-26OCT042200-00,0.0230,48.01,yes
2026-10-05T01:58:15.01412Z,KXETH15M-26OCT042200-00,0.0230,0.69,yes
2026-10-05T01:58:15.01412Z,KXETH15M-26OCT042200-00,0.0230,40.00,yes
2026-10-05T01:58:15.121259Z,KXETH15M-26OCT042200-00,0.0220,93.00,no
2026-10-05T01:58:15.121259Z,KXETH15M-26OCT042200-00,0.0220,7.00,no
2026-10-05T01:58:15.231539Z,KXETH15M-26OCT042200-00,0.0220,10.00,no
2026-10-05T01:58:15.259459Z,KXETH15M-26OCT042200-00,0.0220,15.00,no
2026-10-05T01:58:15.269195Z,KXETH15M-26OCT042200-00,0.0220,64.00,no
2026-10-05T01:58:15.269195Z,KXETH15M-26OCT042200-00,0.0220,232.00,no
2026-10-05T01:58:15.922611Z,KXETH15M-26OCT042200-00,0.0220,10.00,no
2026-10-05T01:58:15.935086Z,KXETH15M-26OCT042200-00,0.0230,3.31,yes
2026-10-05T01:58:15.935086Z,KXETH15M-26OCT042200-00,0.0230,4.00,yes
2026-10-05T01:58:15.935086Z,KXETH15M-26OCT042200-00,0.0230,26.00,yes
2026-10-05T01:58:15.935086Z,KXETH15M-26OCT042200-00,0.0240,3.02,yes
2026-10-05T01:58:15.935086Z,KXETH15M-26OCT042200-00,0.0240,4.00,yes
2026-10-05T01:58:15.997318Z,KXETH15M-26OCT042200-00,0.0220,15.00,no
2026-10-05T01:58:16.08824Z,KXETH15M-26OCT042200-00,0.0230,2.51,yes
2026-10-05T01:58:16.08824Z,KXETH15M-26OCT042200-00,0.0230,4.00,yes
2026-10-05T01:58:16.148118Z,KXETH15M-26OCT042200-00,0.0280,93.00,yes
2026-10-05T01:58:16.148118Z,KXETH15M-26OCT042200-00,0.0280,15.00,yes
2026-10-05T01:58:16.148118Z,KXETH15M-26OCT042200-00,0.0280,10.00,yes
2026-10-05T01:58:16.148118Z,KXETH15M-26OCT042200-00,0.0280,26.57,yes
2026-10-05T01:58:16.148118Z,KXETH15M-26OCT042200-00,0.0280,115.31,yes
2026-10-05T01:58:16.148118Z,KXETH15M-26OCT042200-00,0.0260,5.00,yes
2026-10-05T01:58:16.148118Z,KXETH15M-26OCT042200-00,0.0250,11.00,yes
2026-10-05T01:58:16.148118Z,KXETH15M-26OCT042200-00,0.0240,4.00,yes
2026-10-05T01:58:16.148118Z,KXETH15M-26OCT042200-00,0.0250,4.00,yes
2026-10-05T01:58:16.148118Z,KXETH15M-26OCT042200-00,0.0240,0.98,yes
2026-10-05T01:58:16.148118Z,KXETH15M-26OCT042200-00,0.0280,1.01,yes
2026-10-05T01:58:16.148118Z,KXETH15M-26OCT042200-00,0.0250,4.00,yes
2026-10-05T01:58:16.148118Z,KXETH15M-26OCT042200-00,0.0270,12.00,yes
2026-10-05T01:58:16.148118Z,KXETH15M-26OCT042200-00,0.0240,20.00,yes
2026-10-05T01:58:16.148118Z,KXETH15M-26OCT042200-00,0.0240,19.00,yes
2026-10-05T01:58:16.148118Z,KXETH15M-26OCT042200-00,0.0230,1.49,yes
2026-10-05T01:58:16.391126Z,KXETH15M-26OCT042200-00,0.0240,2.08,yes
2026-10-05T01:58:16.391126Z,KXETH15M-26OCT042200-00,0.0230,4.00,yes
2026-10-05T01:58:16.391126Z,KXETH15M-26OCT042200-00,0.0230,20.00,yes
2026-10-05T01:58:16.391126Z,KXETH15M-26OCT042200-00,0.0240,4.00,yes
2026-10-05T01:58:16.391126Z,KXETH15M-26OCT042200-00,0.0240,4.00,yes
2026-10-05T01:58:16.391126Z,KXETH15M-26OCT042200-00,0.0230,4.00,yes
2026-10-05T01:58:16.693642Z,KXETH15M-26OCT042200-00,0.0230,4.00,yes
2026-10-05T01:58:16.693642Z,KXETH15M-26OCT042200-00,0.0230,41.00,yes
2026-10-05T01:58:16.693642Z,KXETH15M-26OCT042200-00,0.0230,4.00,yes
2026-10-05T01:58:16.693642Z,KXETH15M-26OCT042200-00,0.0230,20.00,yes
2026-10-05T01:58:16.829628Z,KXETH15M-26OCT042200-00,0.0240,4.00,yes
2026-10-05T01:58:16.829628Z,KXETH15M-26OCT042200-00,0.0240,38.92,yes
2026-10-05T01:58:16.829628Z,KXETH15M-26OCT042200-00,0.0240,4.00,yes
2026-10-05T01:58:17.01501Z,KXETH15M-26OCT042200-00,0.0240,3.00,yes
2026-10-05T01:58:17.053751Z,KXETH15M-26OCT042200-00,0.0220,50.00,no
2026-10-05T01:58:17.053751Z,KXETH15M-26OCT042200-00,0.0230,32.00,no
2026-10-05T01:58:17.053751Z,KXETH15M-26OCT042200-00,0.0210,1.00,no
2026-10-05T01:58:17.053751Z,KXETH15M-26OCT042200-00,0.0190,41.00,no
2026-10-05T01:58:17.053751Z,KXETH15M-26OCT042200-00,0.0200,41.00,no
2026-10-05T01:58:17.053751Z,KXETH15M-26OCT042200-00,0.0170,100.00,no
2026-10-05T01:58:17.053751Z,KXETH15M-26OCT042200-00,0.0160,100.00,no
2026-10-05T01:58:17.053751Z,KXETH15M-26OCT042200-00,0.0180,100.00,no
2026-10-05T01:58:17.053751Z,KXETH15M-26OCT042200-00,0.0220,10.00,no
2026-10-05T01:58:17.053751Z,KXETH15M-26OCT042200-00,0.0200,0.01,no
2026-10-05T01:58:17.053751Z,KXETH15M-26OCT042200-00,0.0230,40.00,no
2026-10-05T01:58:17.053751Z,KXETH15M-26OCT042200-00,0.0230,5.00,no
2026-10-05T01:58:17.053751Z,KXETH15M-26OCT042200-00,0.0190,20.00,no
2026-10-05T01:58:17.053751Z,KXETH15M-26OCT042200-00,0.0220,26.57,no
2026-10-05T01:58:17.053751Z,KXETH15M-26OCT042200-00,0.0180,1.00,no
2026-10-05T01:58:17.053751Z,KXETH15M-26OCT042200-00,0.0200,5.16,no
2026-10-05T01:58:17.053751Z,KXETH15M-26OCT042200-00,0.0200,0.23,no
2026-10-05T01:58:17.053751Z,KXETH15M-26OCT042200-00,0.0220,1.00,no
2026-10-05T01:58:17.053751Z,KXETH15M-26OCT042200-00,0.0200,6.00,no
2026-10-05T01:58:17.053751Z,KXETH15M-26OCT042200-00,0.0150,6.00,no
2026-10-05T01:58:17.053751Z,KXETH15M-26OCT042200-00,0.0200,11.00,no
2026-10-05T01:58:17.053751Z,KXETH15M-26OCT042200-00,0.0150,100.00,no
2026-10-05T01:58:17.053751Z,KXETH15M-26OCT042200-00,0.0220,1.00,no
2026-10-05T01:58:17.053751Z,KXETH15M-26OCT042200-00,0.0200,1.00,no
2026-10-05T01:58:17.053751Z,KXETH15M-26OCT042200-00,0.0180,1.00,no
2026-10-05T01:58:17.053751Z,KXETH15M-26OCT042200-00,0.0170,1.00,no
2026-10-05T01:58:17.053751Z,KXETH15M-26OCT042200-00,0.0150,1.00,no
2026-10-05T01:58:17.053751Z,KXETH15M-26OCT042200-00,0.0160,1.00,no
2026-10-05T01:58:17.053751Z,KXETH15M-26OCT042200-00,0.0210,1.00,no
2026-10-05T01:58:17.053751Z,KXETH15M-26OCT042200-00,0.0190,1.00,no
2026-10-05T01:58:17.053751Z,KXETH15M-26OCT042200-00,0.0200,25.00,no
2026-10-05T01:58:17.053751Z,KXETH15M-26OCT042200-00,0.0210,1.00,no
2026-10-05T01:58:17.053751Z,KXETH15M-26OCT042200-00,0.0200,10.00,no
2026-10-05T01:58:17.053751Z,KXETH15M-26OCT042200-00,0.0200,1.00,no
2026-10-05T01:58:17.335468Z,KXETH15M-26OCT042200-00,0.0200,29.00,no
2026-10-05T01:58:17.335468Z,KXETH15M-26OCT042200-00,0.0150,9.00,no
2026-10-05T01:58:17.335468Z,KXETH15M-26OCT042200-00,0.0170,41.00,no
2026-10-05T01:58:17.335468Z,KXETH15M-26OCT042200-00,0.0180,41.00,no
2026-10-05T01:58:17.335468Z,KXETH15M-26OCT042200-00,0.0200,33.00,no
2026-10-05T01:58:17.335468Z,KXETH15M-26OCT042200-00,0.0190,100.00,no
2026-10-05T01:58:17.335468Z,KXETH15M-26OCT042200-00,0.0150,20.00,no
2026-10-05T01:58:17.335468Z,KXETH15M-26OCT042200-00,0.0150,12.00,no
2026-10-05T01:58:17.335468Z,KXETH15M-26OCT042200-00,0.0140,214.34,no
2026-10-05T01:58:17.395447Z,KXETH15M-26OCT042200-00,0.0200,4.00,yes
2026-10-05T01:58:17.414534Z,KXETH15M-26OCT042200-00,0.0180,11.56,no
2026-10-05T01:58:17.414534Z,KXETH15M-26OCT042200-00,0.0180,4.00,no
2026-10-05T01:58:17.701378Z,KXETH15M-26OCT042200-00,0.0190,28.00,yes
2026-10-05T01:58:17.722435Z,KXETH15M-26OCT042200-00,0.0190,28.95,yes
2026-10-05T01:58:17.725315Z,KXETH15M-26OCT042200-00,0.0160,4.00,no
2026-10-05T01:58:17.725315Z,KXETH15M-26OCT042200-00,0.0150,4.00,no
2026-10-05T01:58:17.725315Z,KXETH15M-26OCT042200-00,0.0160,41.00,no
2026-10-05T01:58:17.725315Z,KXETH15M-26OCT042200-00,0.0170,41.00,no
2026-10-05T01:58:17.725315Z,KXETH15M-26OCT042200-00,0.0180,10.44,no
2026-10-05T01:58:17.725315Z,KXETH15M-26OCT042200-00,0.0170,4.00,no
2026-10-05T01:58:17.725315Z,KXETH15M-26OCT042200-00,0.0150,12.00,no
2026-10-05T01:58:17.725315Z,KXETH15M-26OCT042200-00,0.0170,4.00,no
2026-10-05T01:58:17.725315Z,KXETH15M-26OCT042200-00,0.0180,45.00,no
2026-10-05T01:58:17.725315Z,KXETH15M-26OCT042200-00,0.0180,15.00,no
2026-10-05T01:58:17.725315Z,KXETH15M-26OCT042200-00,0.0160,4.00,no
2026-10-05T01:58:17.725315Z,KXETH15M-26OCT042200-00,0.0150,20.00,no
2026-10-05T01:58:17.725315Z,KXETH15M-26OCT042200-00,0.0130,65.66,no
2026-10-05T01:58:17.725315Z,KXETH15M-26OCT042200-00,0.0140,135.66,no
2026-10-05T01:58:17.725315Z,KXETH15M-26OCT042200-00,0.0140,100.00,no
2026-10-05T01:58:17.725315Z,KXETH15M-26OCT042200-00,0.0140,1.00,no
2026-10-05T01:58:17.765815Z,KXETH15M-26OCT042200-00,0.0160,31.07,no
2026-10-05T01:58:17.765815Z,KXETH15M-26OCT042200-00,0.0170,4.00,no
2026-10-05T01:58:17.765815Z,KXETH15M-26OCT042200-00,0.0170,41.00,no
2026-10-05T01:58:17.765815Z,KXETH15M-26OCT042200-00,0.0170,24.00,no
2026-10-05T01:58:18.284456Z,KXETH15M-26OCT042200-00,0.0160,34.00,no
2026-10-05T01:58:18.284456Z,KXETH15M-26OCT042200-00,0.0160,31.00,no
2026-10-05T01:58:18.284456Z,KXETH15M-26OCT042200-00,0.0160,9.93,no
2026-10-05T01:58:18.376994Z,KXETH15M-26OCT042200-00,0.0170,0.64,yes
2026-10-05T01:58:18.729056Z,KXETH15M-26OCT042200-00,0.0160,30.00,yes
2026-10-05T01:58:18.745148Z,KXETH15M-26OCT042200-00,0.0160,70.00,yes
2026-10-05T01:58:18.745148Z,KXETH15M-26OCT042200-00,0.0160,2.47,yes
2026-10-05T01:58:18.845905Z,KXETH15M-26OCT042200-00,0.0160,96.56,yes
2026-10-05T01:58:19.219479Z,KXETH15M-26OCT042200-00,0.0160,0.97,yes
2026-10-05T01:58:19.219479Z,KXETH15M-26OCT042200-00,0.0160,2.12,yes
2026-10-05T01:58:20.064659Z,KXETH15M-26OCT042200-00,0.0160,32.45,yes
2026-10-05T01:58:20.271083Z,KXETH15M-26OCT042200-00,0.0150,5.00,no
2026-10-05T01:58:20.271083Z,KXETH15M-26OCT042200-00,0.0130,41.00,no
2026-10-05T01:58:20.271083Z,KXETH15M-26OCT042200-00,0.0140,5.00,no
2026-10-05T01:58:20.271083Z,KXETH15M-26OCT042200-00,0.0140,23.00,no
2026-10-05T01:58:20.271083Z,KXETH15M-26OCT042200-00,0.0140,41.00,no
2026-10-05T01:58:20.271083Z,KXETH15M-26OCT042200-00,0.0140,12.00,no
2026-10-05T01:58:20.271083Z,KXETH15M-26OCT042200-00,0.0140,34.00,no
2026-10-05T01:58:20.271083Z,KXETH15M-26OCT042200-00,0.0150,11.00,no
2026-10-05T01:58:20.271083Z,KXETH15M-26OCT042200-00,0.0130,150.00,no
2026-10-05T01:58:20.271083Z,KXETH15M-26OCT042200-00,0.0120,50.00,no
2026-10-05T01:58:20.271083Z,KXETH15M-26OCT042200-00,0.0150,20.00,no
2026-10-05T01:58:20.271083Z,KXETH15M-26OCT042200-00,0.0130,25.00,no
2026-10-05T01:58:20.271083Z,KXETH15M-26OCT042200-00,0.0120,350.00,no
2026-10-05T01:58:20.271083Z,KXETH15M-26OCT042200-00,0.0130,34.34,no
2026-10-05T01:58:20.271083Z,KXETH15M-26OCT042200-00,0.0120,100.00,no
2026-10-05T01:58:20.271083Z,KXETH15M-26OCT042200-00,0.0110,128.57,no
2026-10-05T01:58:20.271083Z,KXETH15M-26OCT042200-00,0.0130,1.00,no
2026-10-05T01:58:20.271083Z,KXETH15M-26OCT042200-00,0.0120,1.00,no
2026-10-05T01:58:20.338604Z,KXETH15M-26OCT042200-00,0.0140,5.00,yes
2026-10-05T01:58:20.628804Z,KXETH15M-26OCT042200-00,0.0140,34.34,yes
2026-10-05T01:58:20.628804Z,KXETH15M-26OCT042200-00,0.0140,37.79,yes
2026-10-05T01:58:20.628804Z,KXETH15M-26OCT042200-00,0.0140,28.21,yes
2026-10-05T01:58:20.637499Z,KXETH15M-26OCT042200-00,0.0140,62.21,yes
2026-10-05T01:58:20.676769Z,KXETH15M-26OCT042200-00,0.0160,3.00,yes
2026-10-05T01:58:20.676769Z,KXETH15M-26OCT042200-00,0.0150,3.00,yes
2026-10-05T01:58:20.676769Z,KXETH15M-26OCT042200-00,0.0150,16.00,yes
2026-10-05T01:58:20.676769Z,KXETH15M-26OCT042200-00,0.0160,20.00,yes
2026-10-05T01:58:20.776405Z,KXETH15M-26OCT042200-00,0.0160,9.00,no
2026-10-05T01:58:20.834344Z,KXETH15M-26OCT042200-00,0.0160,49.00,no
2026-10-05T01:58:20.83783Z,KXETH15M-26OCT042200-00,0.0170,1.63,yes
2026-10-05T01:58:20.894204Z,KXETH15M-26OCT042200-00,0.0170,98.37,yes
2026-10-05T01:58:20.894204Z,KXETH15M-26OCT042200-00,0.0170,13.00,yes
2026-10-05T01:58:20.894204Z,KXETH15M-26OCT042200-00,0.0170,20.00,yes
2026-10-05T01:58:20.90035Z,KXETH15M-26OCT042200-00,0.0170,141.81,no
2026-10-05T01:58:20.945985Z,KXETH15M-26OCT042200-00,0.0170,8.00,no
2026-10-05T01:58:21.019146Z,KXETH15M-26OCT042200-00,0.0170,49.00,no
2026-10-05T01:58:21.194636Z,KXETH15M-26OCT042200-00,0.0170,100.00,no
2026-10-05T01:58:21.19519Z,KXETH15M-26OCT042200-00,0.0170,5.06,no
2026-10-05T01:58:21.345298Z,KXETH15M-26OCT042200-00,0.0170,1.01,no
2026-10-05T01:58:21.372926Z,KXETH15M-26OCT042200-00,0.0170,35.31,no
2026-10-05T01:58:21.376006Z,KXETH15M-26OCT042200-00,0.0170,58.34,no
2026-10-05T01:58:21.389754Z,KXETH15M-26OCT042200-00,0.0170,6.35,no
2026-10-05T01:58:21.57828Z,KXETH15M-26OCT042200-00,0.0170,52.00,no
2026-10-05T01:58:21.86157Z,KXETH15M-26OCT042200-00,0.0180,25.99,yes
2026-10-05T01:58:21.898279Z,KXETH15M-26OCT042200-00,0.0170,80.09,no
2026-10-05T01:58:21.979798Z,KXETH15M-26OCT042200-00,0.0180,4.00,yes
2026-10-05T01:58:21.979798Z,KXETH15M-26OCT042200-00,0.0180,42.00,yes
2026-10-05T01:58:21.979798Z,KXETH15M-26OCT042200-00,0.0190,40.94,yes
2026-10-05T01:58:21.979798Z,KXETH15M-26OCT042200-00,0.0180,41.00,yes
2026-10-05T01:58:21.979798Z,KXETH15M-26OCT042200-00,0.0180,74.01,yes
2026-10-05T01:58:21.979798Z,KXETH15M-26OCT042200-00,0.0190,43.05,yes
2026-10-05T01:58:22.069487Z,KXETH15M-26OCT042200-00,0.0190,0.94,yes
2026-10-05T01:58:22.069487Z,KXETH15M-26OCT042200-00,0.0190,0.06,yes
2026-10-05T01:58:22.677178Z,KXETH15M-26OCT042200-00,0.0190,1.86,yes
2026-10-05T01:58:22.677178Z,KXETH15M-26OCT042200-00,0.0190,3.06,yes
2026-10-05T01:58:22.766591Z,KXETH15M-26OCT042200-00,0.0190,11.99,yes
2026-10-05T01:58:22.887675Z,KXETH15M-26OCT042200-00,0.0180,5.08,no
2026-10-05T01:58:22.973312Z,KXETH15M-26OCT042200-00,0.0190,21.00,yes
2026-10-05T01:58:23.328742Z,KXETH15M-26OCT042200-00,0.0190,6.15,yes
2026-10-05T01:58:23.328742Z,KXETH15M-26OCT042200-00,0.0190,5.85,yes
2026-10-05T01:58:23.411187Z,KXETH15M-26OCT042200-00,0.0170,119.00,no
2026-10-05T01:58:23.411187Z,KXETH15M-26OCT042200-00,0.0180,4.92,no
2026-10-05T01:58:23.411187Z,KXETH15M-26OCT042200-00,0.0180,10.00,no
2026-10-05T01:58:23.411187Z,KXETH15M-26OCT042200-00,0.0180,144.00,no
2026-10-05T01:58:23.411187Z,KXETH15M-26OCT042200-00,0.0180,5.08,no
2026-10-05T01:58:23.411187Z,KXETH15M-26OCT042200-00,0.0180,17.00,no
2026-10-05T01:58:23.628777Z,KXETH15M-26OCT042200-00,0.0170,1.01,no
2026-10-05T01:58:23.942988Z,KXETH15M-26OCT042200-00,0.0180,33.00,yes
2026-10-05T01:58:24.048038Z,KXETH15M-26OCT042200-00,0.0170,396.30,no
2026-10-05T01:58:24.157985Z,KXETH15M-26OCT042200-00,0.0180,8.00,yes
2026-10-05T01:58:24.157985Z,KXETH15M-26OCT042200-00,0.0180,12.99,yes
2026-10-05T01:58:24.301162Z,KXETH15M-26OCT042200-00,0.0180,20.01,yes
2026-10-05T01:58:24.481003Z,KXETH15M-26OCT042200-00,0.0190,29.15,yes
2026-10-05T01:58:24.481003Z,KXETH15M-26OCT042200-00,0.0200,41.00,yes
2026-10-05T01:58:24.481003Z,KXETH15M-26OCT042200-00,0.0190,20.00,yes
2026-10-05T01:58:24.481003Z,KXETH15M-26OCT042200-00,0.0200,6.96,yes
2026-10-05T01:58:24.481003Z,KXETH15M-26OCT042200-00,0.0210,15.63,yes
2026-10-05T01:58:24.481003Z,KXETH15M-26OCT042200-00,0.0200,18.97,yes
2026-10-05T01:58:24.481003Z,KXETH15M-26OCT042200-00,0.0200,100.00,yes
2026-10-05T01:58:24.594668Z,KXETH15M-26OCT042200-00,0.0190,4.00,no
2026-10-05T01:58:24.594668Z,KXETH15M-26OCT042200-00,0.0190,4.00,no
2026-10-05T01:58:24.594668Z,KXETH15M-26OCT042200-00,0.0180,1.43,no
2026-10-05T01:58:24.604287Z,KXETH15M-26OCT042200-00,0.0200,5.08,yes
2026-10-05T01:58:24.643397Z,KXETH15M-26OCT042200-00,0.0190,4.00,no
2026-10-05T01:58:24.643397Z,KXETH15M-26OCT042200-00,0.0190,4.00,no
2026-10-05T01:58:24.814604Z,KXETH15M-26OCT042200-00,0.0190,4.00,no
2026-10-05T01:58:24.814604Z,KXETH15M-26OCT042200-00,0.0190,7.00,no
2026-10-05T01:58:24.814604Z,KXETH15M-26OCT042200-00,0.0190,24.00,no
2026-10-05T01:58:24.881769Z,KXETH15M-26OCT042200-00,0.0200,2.29,yes
2026-10-05T01:58:24.989845Z,KXETH15M-26OCT042200-00,0.0190,4.00,no
2026-10-05T01:58:24.989845Z,KXETH15M-26OCT042200-00,0.0190,1.00,no
2026-10-05T01:58:24.989845Z,KXETH15M-26OCT042200-00,0.0190,4.00,no
2026-10-05T01:58:25.21515Z,KXETH15M-26OCT042200-00,0.0190,4.00,no
2026-10-05T01:58:25.354005Z,KXETH15M-26OCT042200-00,0.0190,3.00,no
2026-10-05T01:58:25.382099Z,KXETH15M-26OCT042200-00,0.0190,3.00,no
2026-10-05T01:58:25.382099Z,KXETH15M-26OCT042200-00,0.0190,1.00,no
2026-10-05T01:58:25.407039Z,KXETH15M-26OCT042200-00,0.0190,4.00,no
2026-10-05T01:58:25.407039Z,KXETH15M-26OCT042200-00,0.0190,1.00,no
2026-10-05T01:58:25.513216Z,KXETH15M-26OCT042200-00,0.0180,4.00,no
2026-10-05T01:58:25.513216Z,KXETH15M-26OCT042200-00,0.0180,4.00,no
2026-10-05T01:58:25.538528Z,KXETH15M-26OCT042200-00,0.0180,2.00,no
2026-10-05T01:58:25.652282Z,KXETH15M-26OCT042200-00,0.0180,3.00,no
2026-10-05T01:58:25.66543Z,KXETH15M-26OCT042200-00,0.0180,1.00,no
2026-10-05T01:58:25.66543Z,KXETH15M-26OCT042200-00,0.0180,1.00,no
2026-10-05T01:58:25.729156Z,KXETH15M-26OCT042200-00,0.0190,12.79,yes
2026-10-05T01:58:25.729156Z,KXETH15M-26OCT042200-00,0.0190,34.00,yes
2026-10-05T01:58:25.941404Z,KXETH15M-26OCT042200-00,0.0180,2.00,no
2026-10-05T01:58:26.057497Z,KXETH15M-26OCT042200-00,0.0200,33.63,yes
2026-10-05T01:58:26.057497Z,KXETH15M-26OCT042200-00,0.0200,1.00,yes
2026-10-05T01:58:26.057497Z,KXETH15M-26OCT042200-00,0.0190,3.00,yes
2026-10-05T01:58:26.057497Z,KXETH15M-26OCT042200-00,0.0200,75.06,yes
2026-10-05T01:58:26.057497Z,KXETH15M-26OCT042200-00,0.0190,28.21,yes
2026-10-05T01:58:26.258341Z,KXETH15M-26OCT042200-00,0.0190,4.00,no
2026-10-05T01:58:26.258341Z,KXETH15M-26OCT042200-00,0.0190,4.00,no
2026-10-05T01:58:26.258341Z,KXETH15M-26OCT042200-00,0.0190,9.00,no
2026-10-05T01:58:26.276039Z,KXETH15M-26OCT042200-00,0.0200,30.00,yes
2026-10-05T01:58:26.458709Z,KXETH15M-26OCT042200-00,0.0200,11.00,yes
2026-10-05T01:58:26.458709Z,KXETH15M-26OCT042200-00,0.0200,11.00,yes
2026-10-05T01:58:26.458709Z,KXETH15M-26OCT042200-00,0.0200,8.00,yes
2026-10-05T01:58:26.55312Z,KXETH15M-26OCT042200-00,0.0190,4.00,no
2026-10-05T01:58:26.55312Z,KXETH15M-26OCT042200-00,0.0190,3.00,no
2026-10-05T01:58:26.55312Z,KXETH15M-26OCT042200-00,0.0180,1.00,no
2026-10-05T01:58:26.55312Z,KXETH15M-26OCT042200-00,0.0190,4.00,no
2026-10-05T01:58:26.55312Z,KXETH15M-26OCT042200-00,0.0180,4.00,no
2026-10-05T01:58:26.55312Z,KXETH15M-26OCT042200-00,0.0180,14.00,no
2026-10-05T01:58:26.55312Z,KXETH15M-26OCT042200-00,0.0180,2.00,no
2026-10-05T01:58:26.55312Z,KXETH15M-26OCT042200-00,0.0180,3.00,no
2026-10-05T01:58:26.55312Z,KXETH15M-26OCT042200-00,0.0180,4.00,no
2026-10-05T01:58:26.55312Z,KXETH15M-26OCT042200-00,0.0180,10.00,no
2026-10-05T01:58:26.55312Z,KXETH15M-26OCT042200-00,0.0180,4.00,no
2026-10-05T01:58:26.55312Z,KXETH15M-26OCT042200-00,0.0180,1.00,no
2026-10-05T01:58:26.55312Z,KXETH15M-26OCT042200-00,0.0170,46.00,no
2026-10-05T01:58:26.63126Z,KXETH15M-26OCT042200-00,0.0180,10.00,no
2026-10-05T01:58:26.63126Z,KXETH15M-26OCT042200-00,0.0180,1.00,no
2026-10-05T01:58:26.63126Z,KXETH15M-26OCT042200-00,0.0170,117.50,no
2026-10-05T01:58:27.01687Z,KXETH15M-26OCT042200-00,0.0170,3.94,no
2026-10-05T01:58:27.07925Z,KXETH15M-26OCT042200-00,0.0230,16.00,yes
2026-10-05T01:58:27.07925Z,KXETH15M-26OCT042200-00,0.0220,58.34,yes
2026-10-05T01:58:27.07925Z,KXETH15M-26OCT042200-00,0.0240,15.46,yes
2026-10-05T01:58:27.07925Z,KXETH15M-26OCT042200-00,0.0200,46.65,yes
2026-10-05T01:58:27.07925Z,KXETH15M-26OCT042200-00,0.0200,19.00,yes
2026-10-05T01:58:27.07925Z,KXETH15M-26OCT042200-00,0.0210,12.00,yes
2026-10-05T01:58:27.07925Z,KXETH15M-26OCT042200-00,0.0210,41.00,yes
2026-10-05T01:58:27.07925Z,KXETH15M-26OCT042200-00,0.0210,1.00,yes
2026-10-05T01:58:27.247233Z,KXETH15M-26OCT042200-00,0.0200,42.89,no
2026-10-05T01:58:27.418493Z,KXETH15M-26OCT042200-00,0.0210,0.45,yes
2026-10-05T01:58:27.604662Z,KXETH15M-26OCT042200-00,0.0270,4.04,yes
2026-10-05T01:58:27.604662Z,KXETH15M-26OCT042200-00,0.0250,1.01,yes
2026-10-05T01:58:27.604662Z,KXETH15M-26OCT042200-00,0.0230,18.00,yes
2026-10-05T01:58:27.604662Z,KXETH15M-26OCT042200-00,0.0220,41.00,yes
2026-10-05T01:58:27.604662Z,KXETH15M-26OCT042200-00,0.0250,9.00,yes
2026-10-05T01:58:27.604662Z,KXETH15M-26OCT042200-00,0.0210,19.00,yes
2026-10-05T01:58:27.604662Z,KXETH15M-26OCT042200-00,0.0220,4.00,yes
2026-10-05T01:58:27.604662Z,KXETH15M-26OCT042200-00,0.0220,4.00,yes
2026-10-05T01:58:27.604662Z,KXETH15M-26OCT042200-00,0.0210,40.55,yes
2026-10-05T01:58:27.604662Z,KXETH15M-26OCT042200-00,0.0230,4.00,yes
2026-10-05T01:58:27.604662Z,KXETH15M-26OCT042200-00,0.0210,4.00,yes
2026-10-05T01:58:27.604662Z,KXETH15M-26OCT042200-00,0.0250,9.00,yes
2026-10-05T01:58:27.604662Z,KXETH15M-26OCT042200-00,0.0210,8.00,yes
2026-10-05T01:58:27.604662Z,KXETH15M-26OCT042200-00,0.0210,42.89,yes
2026-10-05T01:58:27.604662Z,KXETH15M-26OCT042200-00,0.0210,4.00,yes
2026-10-05T01:58:27.604662Z,KXETH15M-26OCT042200-00,0.0230,4.00,yes
2026-10-05T01:58:27.604662Z,KXETH15M-26OCT042200-00,0.0270,3.86,yes
2026-10-05T01:58:27.604662Z,KXETH15M-26OCT042200-00,0.0270,12.00,yes
2026-10-05T01:58:28.126666Z,KXETH15M-26OCT042200-00,0.0200,10.00,no
2026-10-05T01:58:28.374851Z,KXETH15M-26OCT042200-00,0.0180,5.00,no
2026-10-05T01:58:28.452668Z,KXETH15M-26OCT042200-00,0.0190,1.60,yes
2026-10-05T01:58:28.452668Z,KXETH15M-26OCT042200-00,0.0190,4.00,yes
2026-10-05T01:58:29.110716Z,KXETH15M-26OCT042200-00,0.0190,2.40,yes
2026-10-05T01:58:29.110716Z,KXETH15M-26OCT042200-00,0.0180,4.00,yes
2026-10-05T01:58:29.110716Z,KXETH15M-26OCT042200-00,0.0190,1.00,yes
2026-10-05T01:58:29.110716Z,KXETH15M-26OCT042200-00,0.0190,0.35,yes
2026-10-05T01:58:29.110716Z,KXETH15M-26OCT042200-00,0.0190,4.00,yes
2026-10-05T01:58:29.744054Z,KXETH15M-26OCT042200-00,0.0280,24.78,yes
2026-10-05T01:58:29.744054Z,KXETH15M-26OCT042200-00,0.0260,50.00,yes
2026-10-05T01:58:29.744054Z,KXETH15M-26OCT042200-00,0.0200,4.00,yes
2026-10-05T01:58:29.744054Z,KXETH15M-26OCT042200-00,0.0200,4.00,yes
2026-10-05T01:58:29.744054Z,KXETH15M-26OCT042200-00,0.0210,10.00,yes
2026-10-05T01:58:29.744054Z,KXETH15M-26OCT042200-00,0.0210,1.00,yes
2026-10-05T01:58:29.744054Z,KXETH15M-26OCT042200-00,0.0190,4.00,yes
2026-10-05T01:58:29.744054Z,KXETH15M-26OCT042200-00,0.0190,4.00,yes
2026-10-05T01:58:29.744054Z,KXETH15M-26OCT042200-00,0.0190,1.00,yes
2026-10-05T01:58:29.744054Z,KXETH15M-26OCT042200-00,0.0190,2.00,yes
2026-10-05T01:58:29.744054Z,KXETH15M-26OCT042200-00,0.0190,4.00,yes
2026-10-05T01:58:29.744054Z,KXETH15M-26OCT042200-00,0.0190,12.00,yes
2026-10-05T01:58:29.744054Z,KXETH15M-26OCT042200-00,0.0210,4.00,yes
2026-10-05T01:58:29.744054Z,KXETH15M-26OCT042200-00,0.0210,41.00,yes
2026-10-05T01:58:29.744054Z,KXETH15M-26OCT042200-00,0.0250,20.00,yes
2026-10-05T01:58:29.744054Z,KXETH15M-26OCT042200-00,0.0210,4.00,yes
2026-10-05T01:58:29.744054Z,KXETH15M-26OCT042200-00,0.0190,15.00,yes
2026-10-05T01:58:29.744054Z,KXETH15M-26OCT042200-00,0.0250,12.00,yes
2026-10-05T01:58:29.744054Z,KXETH15M-26OCT042200-00,0.0220,41.00,yes
2026-10-05T01:58:30.09603Z,KXETH15M-26OCT042200-00,0.0180,10.34,no
2026-10-05T01:58:30.09603Z,KXETH15M-26OCT042200-00,0.0180,10.00,no
2026-10-05T01:58:30.144251Z,KXETH15M-26OCT042200-00,0.0190,4.00,yes
2026-10-05T01:58:30.144251Z,KXETH15M-26OCT042200-00,0.0200,4.00,yes
2026-10-05T01:58:30.144251Z,KXETH15M-26OCT042200-00,0.0200,4.00,yes
2026-10-05T01:58:30.144251Z,KXETH15M-26OCT042200-00,0.0210,4.00,yes
2026-10-05T01:58:30.144251Z,KXETH15M-26OCT042200-00,0.0200,10.00,yes
2026-10-05T01:58:30.144251Z,KXETH15M-26OCT042200-00,0.0230,20.00,yes
2026-10-05T01:58:30.144251Z,KXETH15M-26OCT042200-00,0.0220,4.00,yes
2026-10-05T01:58:30.144251Z,KXETH15M-26OCT042200-00,0.0240,5.82,yes
2026-10-05T01:58:30.144251Z,KXETH15M-26OCT042200-00,0.0210,4.00,yes
2026-10-05T01:58:30.144251Z,KXETH15M-26OCT042200-00,0.0200,17.00,yes
2026-10-05T01:58:30.467388Z,KXETH15M-26OCT042200-00,0.0280,3.72,yes
2026-10-05T01:58:30.467388Z,KXETH15M-26OCT042200-00,0.0280,12.65,yes
2026-10-05T01:58:30.467388Z,KXETH15M-26OCT042200-00,0.0250,9.00,yes
2026-10-05T01:58:30.467388Z,KXETH15M-26OCT042200-00,0.0220,4.00,yes
2026-10-05T01:58:30.467388Z,KXETH15M-26OCT042200-00,0.0270,20.00,yes
2026-10-05T01:58:30.467388Z,KXETH15M-26OCT042200-00,0.0240,4.00,yes
2026-10-05T01:58:30.467388Z,KXETH15M-26OCT042200-00,0.0210,41.00,yes
2026-10-05T01:58:30.467388Z,KXETH15M-26OCT042200-00,0.0220,41.00,yes
2026-10-05T01:58:30.467388Z,KXETH15M-26OCT042200-00,0.0220,4.00,yes
2026-10-05T01:58:30.467388Z,KXETH15M-26OCT042200-00,0.0250,9.00,yes
2026-10-05T01:58:30.467388Z,KXETH15M-26OCT042200-00,0.0230,4.00,yes
2026-10-05T01:58:30.467388Z,KXETH15M-26OCT042200-00,0.0230,4.00,yes
2026-10-05T01:58:30.467388Z,KXETH15M-26OCT042200-00,0.0200,5.00,yes
2026-10-05T01:58:30.467388Z,KXETH15M-26OCT042200-00,0.0210,19.00,yes
2026-10-05T01:58:30.467388Z,KXETH15M-26OCT042200-00,0.0270,12.00,yes
2026-10-05T01:58:30.467388Z,KXETH15M-26OCT042200-00,0.0240,4.00,yes
2026-10-05T01:58:30.489746Z,KXETH15M-26OCT042200-00,0.0180,17.00,no
2026-10-05T01:58:30.489746Z,KXETH15M-26OCT042200-00,0.0180,10.00,no
2026-10-05T01:58:30.489746Z,KXETH15M-26OCT042200-00,0.0180,15.00,no
2026-10-05T01:58:30.489746Z,KXETH15M-26OCT042200-00,0.0180,24.78,no
2026-10-05T01:58:30.489746Z,KXETH15M-26OCT042200-00,0.0170,441.27,no
2026-10-05T01:58:30.814259Z,KXETH15M-26OCT042200-00,0.0490,4.00,yes
2026-10-05T01:58:30.814259Z,KXETH15M-26OCT042200-00,0.0440,8.00,yes
2026-10-05T01:58:30.814259Z,KXETH15M-26OCT042200-00,0.0280,15.00,yes
2026-10-05T01:58:30.814259Z,KXETH15M-26OCT042200-00,0.0300,9.00,yes
2026-10-05T01:58:30.814259Z,KXETH15M-26OCT042200-00,0.0280,1.00,yes
2026-10-05T01:58:30.814259Z,KXETH15M-26OCT042200-00,0.0350,9.00,yes
2026-10-05T01:58:30.814259Z,KXETH15M-26OCT042200-00,0.0280,26.57,yes
2026-10-05T01:58:30.814259Z,KXETH15M-26OCT042200-00,0.0320,58.35,yes
2026-10-05T01:58:30.814259Z,KXETH15M-26OCT042200-00,0.0280,6.28,yes
2026-10-05T01:58:30.814259Z,KXETH15M-26OCT042200-00,0.0300,58.34,yes
2026-10-05T01:58:30.814259Z,KXETH15M-26OCT042200-00,0.0450,50.00,yes
2026-10-05T01:58:30.814259Z,KXETH15M-26OCT042200-00,0.0300,8.00,yes
2026-10-05T01:58:30.814259Z,KXETH15M-26OCT042200-00,0.0500,60.99,yes
2026-10-05T01:58:30.814259Z,KXETH15M-26OCT042200-00,0.0300,105.00,yes
2026-10-05T01:58:30.814259Z,KXETH15M-26OCT042200-00,0.0400,19.00,yes
2026-10-05T01:58:30.814259Z,KXETH15M-26OCT042200-00,0.0460,500.00,yes
2026-10-05T01:58:30.814259Z,KXETH15M-26OCT042200-00,0.0270,4.00,yes
2026-10-05T01:58:30.814259Z,KXETH15M-26OCT042200-00,0.0210,15.00,yes
2026-10-05T01:58:30.814259Z,KXETH15M-26OCT042200-00,0.0260,4.04,yes
2026-10-05T01:58:30.814259Z,KXETH15M-26OCT042200-00,0.0250,4.00,yes
2026-10-05T01:58:30.814259Z,KXETH15M-26OCT042200-00,0.0290,11.00,yes
2026-10-05T01:58:30.814259Z,KXETH15M-26OCT042200-00,0.0190,15.00,yes
2026-10-05T01:58:30.814259Z,KXETH15M-26OCT042200-00,0.0270,12.00,yes
2026-10-05T01:58:30.814259Z,KXETH15M-26OCT042200-00,0.0260,20.00,yes
2026-10-05T01:58:30.814259Z,KXETH15M-26OCT042200-00,0.0220,41.00,yes
2026-10-05T01:58:30.814259Z,KXETH15M-26OCT042200-00,0.0270,4.00,yes
2026-10-05T01:58:30.814259Z,KXETH15M-26OCT042200-00,0.0210,41.00,yes
2026-10-05T01:58:30.814259Z,KXETH15M-26OCT042200-00,0.0260,4.00,yes
2026-10-05T01:58:30.814259Z,KXETH15M-26OCT042200-00,0.0240,24.78,yes
2026-10-05T01:58:30.814259Z,KXETH15M-26OCT042200-00,0.0250,4.00,yes
2026-10-05T01:58:30.814259Z,KXETH15M-26OCT042200-00,0.0260,4.00,yes
2026-10-05T01:58:30.814259Z,KXETH15M-26OCT042200-00,0.0200,5.00,yes
2026-10-05T01:58:30.814259Z,KXETH15M-26OCT042200-00,0.0190,5.00,yes
2026-10-05T01:58:30.814259Z,KXETH15M-26OCT042200-00,0.0240,1.01,yes
2026-10-05T01:58:30.814259Z,KXETH15M-26OCT042200-00,0.0330,21.00,yes
2026-10-05T01:58:30.814259Z,KXETH15M-26OCT042200-00,0.0410,60.00,yes
2026-10-05T01:58:30.814259Z,KXETH15M-26OCT042200-00,0.0380,9.00,yes
2026-10-05T01:58:30.814259Z,KXETH15M-26OCT042200-00,0.0410,40.00,yes
2026-10-05T01:58:30.814259Z,KXETH15M-26OCT042200-00,0.0310,60.00,yes
2026-10-05T01:58:30.814259Z,KXETH15M-26OCT042200-00,0.0410,25.00,yes
2026-10-05T01:58:30.814259Z,KXETH15M-26OCT042200-00,0.0310,10.00,yes
2026-10-05T01:58:30.814259Z,KXETH15M-26OCT042200-00,0.0310,5.00,yes
2026-10-05T01:58:30.814259Z,KXETH15M-26OCT042200-00,0.0400,40.00,yes
2026-10-05T01:58:30.814259Z,KXETH15M-26OCT042200-00,0.0310,50.00,yes
2026-10-05T01:58:30.814259Z,KXETH15M-26OCT042200-00,0.0300,30.00,yes
2026-10-05T01:58:30.814259Z,KXETH15M-26OCT042200-00,0.0400,5.00,yes
2026-10-05T01:58:30.814259Z,KXETH15M-26OCT042200-00,0.0310,60.00,yes
2026-10-05T01:58:30.814259Z,KXETH15M-26OCT042200-00,0.0410,60.00,yes
2026-10-05T01:58:30.814259Z,KXETH15M-26OCT042200-00,0.0420,15.00,yes
2026-10-05T01:58:30.814259Z,KXETH15M-26OCT042200-00,0.0310,59.00,yes
2026-10-05T01:58:30.814259Z,KXETH15M-26OCT042200-00,0.0410,75.00,yes
2026-10-05T01:58:30.814259Z,KXETH15M-26OCT042200-00,0.0310,40.00,yes
2026-10-05T01:58:30.814259Z,KXETH15M-26OCT042200-00,0.0410,8.00,yes
2026-10-05T01:58:30.814259Z,KXETH15M-26OCT042200-00,0.0310,60.00,yes
2026-10-05T01:58:30.814259Z,KXETH15M-26OCT042200-00,0.0400,8.00,yes
2026-10-05T01:58:30.814259Z,KXETH15M-26OCT042200-00,0.0390,9.00,yes
2026-10-05T01:58:30.814259Z,KXETH15M-26OCT042200-00,0.0340,10.00,yes
2026-10-05T01:58:30.814259Z,KXETH15M-26OCT042200-00,0.0470,8.66,yes
2026-10-05T01:58:30.814259Z,KXETH15M-26OCT042200-00,0.0470,8.66,yes
2026-10-05T01:58:30.814259Z,KXETH15M-26OCT042200-00,0.0360,10.00,yes
2026-10-05T01:58:30.814259Z,KXETH15M-26OCT042200-00,0.0360,500.00,yes
2026-10-05T01:58:30.814259Z,KXETH15M-26OCT042200-00,0.0480,15.00,yes
2026-10-05T01:58:30.814259Z,KXETH15M-26OCT042200-00,0.0430,7.00,yes
2026-10-05T01:58:30.814259Z,KXETH15M-26OCT042200-00,0.0450,6.00,yes
2026-10-05T01:58:30.814259Z,KXETH15M-26OCT042200-00,0.0390,1.00,yes
2026-10-05T01:58:30.814259Z,KXETH15M-26OCT042200-00,0.0490,1.00,yes
2026-10-05T01:58:30.814259Z,KXETH15M-26OCT042200-00,0.0310,1.00,yes
2026-10-05T01:58:30.814259Z,KXETH15M-26OCT042200-00,0.0280,50.00,yes
2026-10-05T01:58:30.909406Z,KXETH15M-26OCT042200-00,0.0260,1.00,yes
2026-10-05T01:58:31.334332Z,KXETH15M-26OCT042200-00,0.0240,29.00,yes
2026-10-05T01:58:31.334332Z,KXETH15M-26OCT042200-00,0.0250,20.00,yes
2026-10-05T01:58:31.334332Z,KXETH15M-26OCT042200-00,0.0260,40.00,yes
2026-10-05T01:58:31.334332Z,KXETH15M-26OCT042200-00,0.0270,16.80,yes
2026-10-05T01:58:31.334332Z,KXETH15M-26OCT042200-00,0.0260,4.00,yes
2026-10-05T01:58:31.556528Z,KXETH15M-26OCT042200-00,0.0220,24.78,no
2026-10-05T01:58:31.556528Z,KXETH15M-26OCT042200-00,0.0220,6.28,no
2026-10-05T01:58:31.556528Z,KXETH15M-26OCT042200-00,0.0230,15.00,no
2026-10-05T01:58:31.556528Z,KXETH15M-26OCT042200-00,0.0220,6.94,no
2026-10-05T01:58:31.784385Z,KXETH15M-26OCT042200-00,0.0220,8.06,no
2026-10-05T01:58:31.784385Z,KXETH15M-26OCT042200-00,0.0220,1.00,no
2026-10-05T01:58:31.784385Z,KXETH15M-26OCT042200-00,0.0220,16.94,no
2026-10-05T01:58:31.819706Z,KXETH15M-26OCT042200-00,0.0220,9.63,no
2026-10-05T01:58:31.819706Z,KXETH15M-26OCT042200-00,0.0200,10.00,no
2026-10-05T01:58:31.819706Z,KXETH15M-26OCT042200-00,0.0180,0.65,no
2026-10-05T01:58:31.819706Z,KXETH15M-26OCT042200-00,0.0220,16.37,no
2026-10-05T01:58:31.819706Z,KXETH15M-26OCT042200-00,0.0190,74.00,no
2026-10-05T01:58:31.833026Z,KXETH15M-26OCT042200-00,0.0180,5.35,no
2026-10-05T01:58:31.833026Z,KXETH15M-26OCT042200-00,0.0180,17.00,no
2026-10-05T01:58:31.833026Z,KXETH15M-26OCT042200-00,0.0180,10.00,no
2026-10-05T01:58:31.833026Z,KXETH15M-26OCT042200-00,0.0170,466.05,no
2026-10-05T01:58:31.962143Z,KXETH15M-26OCT042200-00,0.0180,3.00,no
2026-10-05T01:58:32.074822Z,KXETH15M-26OCT042200-00,0.0180,0.80,no
2026-10-05T01:58:32.232098Z,KXETH15M-26OCT042200-00,0.0250,9.00,yes
2026-10-05T01:58:32.232098Z,KXETH15M-26OCT042200-00,0.0190,14.00,yes
2026-10-05T01:58:32.232098Z,KXETH15M-26OCT042200-00,0.0200,27.00,yes
2026-10-05T01:58:32.232098Z,KXETH15M-26OCT042200-00,0.0240,4.00,yes
2026-10-05T01:58:32.232098Z,KXETH15M-26OCT042200-00,0.0270,12.00,yes
2026-10-05T01:58:32.232098Z,KXETH15M-26OCT042200-00,0.0250,4.00,yes
2026-10-05T01:58:32.232098Z,KXETH15M-26OCT042200-00,0.0280,4.05,yes
2026-10-05T01:58:32.232098Z,KXETH15M-26OCT042200-00,0.0210,15.00,yes
2026-10-05T01:58:32.232098Z,KXETH15M-26OCT042200-00,0.0260,4.00,yes
2026-10-05T01:58:32.232098Z,KXETH15M-26OCT042200-00,0.0240,4.00,yes
2026-10-05T01:58:32.232098Z,KXETH15M-26OCT042200-00,0.0260,4.00,yes
2026-10-05T01:58:32.232098Z,KXETH15M-26OCT042200-00,0.0250,4.00,yes
2026-10-05T01:58:32.232098Z,KXETH15M-26OCT042200-00,0.0230,41.00,yes
2026-10-05T01:58:32.232098Z,KXETH15M-26OCT042200-00,0.0220,41.00,yes
2026-10-05T01:58:32.559632Z,KXETH15M-26OCT042200-00,0.0180,4.41,no
2026-10-05T01:58:32.559632Z,KXETH15M-26OCT042200-00,0.0180,17.00,no
2026-10-05T01:58:32.559632Z,KXETH15M-26OCT042200-00,0.0180,4.00,no
2026-10-05T01:58:32.597996Z,KXETH15M-26OCT042200-00,0.0210,4.00,yes
2026-10-05T01:58:32.826787Z,KXETH15M-26OCT042200-00,0.0190,1.00,no
2026-10-05T01:58:32.834532Z,KXETH15M-26OCT042200-00,0.0190,20.34,no
2026-10-05T01:58:32.92485Z,KXETH15M-26OCT042200-00,0.0220,7.13,yes
2026-10-05T01:58:32.92485Z,KXETH15M-26OCT042200-00,0.0210,20.00,yes
2026-10-05T01:58:32.937914Z,KXETH15M-26OCT042200-00,0.0170,19.16,no
2026-10-05T01:58:32.937914Z,KXETH15M-26OCT042200-00,0.0180,10.00,no
2026-10-05T01:58:32.937914Z,KXETH15M-26OCT042200-00,0.0180,17.00,no
2026-10-05T01:58:32.937914Z,KXETH15M-26OCT042200-00,0.0190,3.66,no
2026-10-05T01:58:33.333575Z,KXETH15M-26OCT042200-00,0.0210,20.00,yes
2026-10-05T01:58:33.333575Z,KXETH15M-26OCT042200-00,0.0220,5.25,yes
2026-10-05T01:58:33.333575Z,KXETH15M-26OCT042200-00,0.0190,17.00,yes
2026-10-05T01:58:33.381017Z,KXETH15M-26OCT042200-00,0.0170,3.00,no
2026-10-05T01:58:33.381017Z,KXETH15M-26OCT042200-00,0.0180,17.00,no
2026-10-05T01:58:33.381017Z,KXETH15M-26OCT042200-00,0.0180,10.00,no
2026-10-05T01:58:33.381017Z,KXETH15M-26OCT042200-00,0.0190,4.00,no
2026-10-05T01:58:33.381017Z,KXETH15M-26OCT042200-00,0.0200,4.00,no
2026-10-05T01:58:33.381017Z,KXETH15M-26OCT042200-00,0.0180,4.00,no
2026-10-05T01:58:33.381017Z,KXETH15M-26OCT042200-00,0.0180,4.00,no
2026-10-05T01:58:33.381017Z,KXETH15M-26OCT042200-00,0.0190,4.00,no
2026-10-05T01:58:33.530554Z,KXETH15M-26OCT042200-00,0.0220,20.00,yes
2026-10-05T01:58:33.530554Z,KXETH15M-26OCT042200-00,0.0220,7.62,yes
2026-10-05T01:58:33.530554Z,KXETH15M-26OCT042200-00,0.0250,20.00,yes
2026-10-05T01:58:33.530554Z,KXETH15M-26OCT042200-00,0.0260,0.13,yes
2026-10-05T01:58:33.530554Z,KXETH15M-26OCT042200-00,0.0220,13.00,yes
2026-10-05T01:58:33.530554Z,KXETH15M-26OCT042200-00,0.0210,20.00,yes
2026-10-05T01:58:34.263436Z,KXETH15M-26OCT042200-00,0.0230,4.00,yes
2026-10-05T01:58:34.263436Z,KXETH15M-26OCT042200-00,0.0200,11.00,yes
2026-10-05T01:58:34.263436Z,KXETH15M-26OCT042200-00,0.0200,20.00,yes
2026-10-05T01:58:34.263436Z,KXETH15M-26OCT042200-00,0.0250,8.69,yes
2026-10-05T01:58:34.263436Z,KXETH15M-26OCT042200-00,0.0250,4.00,yes
2026-10-05T01:58:34.263436Z,KXETH15M-26OCT042200-00,0.0240,20.00,yes
2026-10-05T01:58:34.263436Z,KXETH15M-26OCT042200-00,0.0260,1.25,yes
2026-10-05T01:58:34.263436Z,KXETH15M-26OCT042200-00,0.0240,4.00,yes
2026-10-05T01:58:34.263436Z,KXETH15M-26OCT042200-00,0.0220,15.00,yes
2026-10-05T01:58:34.263436Z,KXETH15M-26OCT042200-00,0.0210,20.00,yes
2026-10-05T01:58:34.263436Z,KXETH15M-26OCT042200-00,0.0240,4.00,yes
2026-10-05T01:58:34.263436Z,KXETH15M-26OCT042200-00,0.0250,4.00,yes
2026-10-05T01:58:34.983612Z,KXETH15M-26OCT042200-00,0.0200,8.89,yes
2026-10-05T01:58:34.983612Z,KXETH15M-26OCT042200-00,0.0190,15.00,yes
2026-10-05T01:58:35.177614Z,KXETH15M-26OCT042200-00,0.0180,2.03,no
2026-10-05T01:58:35.244504Z,KXETH15M-26OCT042200-00,0.0200,2.95,yes
2026-10-05T01:58:35.244504Z,KXETH15M-26OCT042200-00,0.0200,11.11,yes
2026-10-05T01:58:35.244504Z,KXETH15M-26OCT042200-00,0.0200,3.00,yes
2026-10-05T01:58:35.596848Z,KXETH15M-26OCT042200-00,0.0200,11.00,yes
2026-10-05T01:58:35.596848Z,KXETH15M-26OCT042200-00,0.0200,17.43,yes
2026-10-05T01:58:36.118208Z,KXETH15M-26OCT042200-00,0.0180,4.98,no
2026-10-05T01:58:36.747465Z,KXETH15M-26OCT042200-00,0.0190,11.69,yes
2026-10-05T01:58:36.747465Z,KXETH15M-26OCT042200-00,0.0190,8.00,yes
2026-10-05T01:58:36.747465Z,KXETH15M-26OCT042200-00,0.0190,4.00,yes
2026-10-05T01:58:37.441479Z,KXETH15M-26OCT042200-00,0.0190,1.00,yes
2026-10-05T01:58:37.441479Z,KXETH15M-26OCT042200-00,0.0190,12.00,yes
2026-10-05T01:58:37.441479Z,KXETH15M-26OCT042200-00,0.0190,8.31,yes
2026-10-05T01:58:37.441479Z,KXETH15M-26OCT042200-00,0.0190,2.44,yes
2026-10-05T01:58:37.484547Z,KXETH15M-26OCT042200-00,0.0180,12.00,no
2026-10-05T01:58:37.484547Z,KXETH15M-26OCT042200-00,0.0180,7.00,no
2026-10-05T01:58:37.484547Z,KXETH15M-26OCT042200-00,0.0170,58.00,no
2026-10-05T01:58:37.484547Z,KXETH15M-26OCT042200-00,0.0180,10.00,no
2026-10-05T01:58:37.530842Z,KXETH15M-26OCT042200-00,0.0170,31.52,no
2026-10-05T01:58:37.621605Z,KXETH15M-26OCT042200-00,0.0240,4.00,yes
2026-10-05T01:58:37.621605Z,KXETH15M-26OCT042200-00,0.0190,14.00,yes
2026-10-05T01:58:37.621605Z,KXETH15M-26OCT042200-00,0.0240,4.00,yes
2026-10-05T01:58:37.621605Z,KXETH15M-26OCT042200-00,0.0260,4.04,yes
2026-10-05T01:58:37.621605Z,KXETH15M-26OCT042200-00,0.0190,20.00,yes
2026-10-05T01:58:37.621605Z,KXETH15M-26OCT042200-00,0.0240,1.01,yes
2026-10-05T01:58:37.621605Z,KXETH15M-26OCT042200-00,0.0200,7.00,yes
2026-10-05T01:58:37.621605Z,KXETH15M-26OCT042200-00,0.0280,4.04,yes
2026-10-05T01:58:37.621605Z,KXETH15M-26OCT042200-00,0.0230,11.00,yes
2026-10-05T01:58:37.621605Z,KXETH15M-26OCT042200-00,0.0200,1.00,yes
2026-10-05T01:58:37.621605Z,KXETH15M-26OCT042200-00,0.0190,4.00,yes
2026-10-05T01:58:37.621605Z,KXETH15M-26OCT042200-00,0.0220,4.00,yes
2026-10-05T01:58:37.621605Z,KXETH15M-26OCT042200-00,0.0200,18.00,yes
2026-10-05T01:58:37.621605Z,KXETH15M-26OCT042200-00,0.0220,4.00,yes
2026-10-05T01:58:37.621605Z,KXETH15M-26OCT042200-00,0.0270,20.00,yes
2026-10-05T01:58:37.621605Z,KXETH15M-26OCT042200-00,0.0230,4.00,yes
2026-10-05T01:58:37.621605Z,KXETH15M-26OCT042200-00,0.0230,4.00,yes
2026-10-05T01:58:37.621605Z,KXETH15M-26OCT042200-00,0.0190,14.00,yes
2026-10-05T01:58:37.621605Z,KXETH15M-26OCT042200-00,0.0270,12.00,yes
2026-10-05T01:58:37.621605Z,KXETH15M-26OCT042200-00,0.0280,9.63,yes
2026-10-05T01:58:37.621605Z,KXETH15M-26OCT042200-00,0.0280,16.94,yes
2026-10-05T01:58:37.621605Z,KXETH15M-26OCT042200-00,0.0280,6.28,yes
2026-10-05T01:58:37.621605Z,KXETH15M-26OCT042200-00,0.0280,1.00,yes
2026-10-05T01:58:37.621605Z,KXETH15M-26OCT042200-00,0.0280,16.37,yes
2026-10-05T01:58:37.621605Z,KXETH15M-26OCT042200-00,0.0280,6.94,yes
2026-10-05T01:58:37.621605Z,KXETH15M-26OCT042200-00,0.0280,24.78,yes
2026-10-05T01:58:37.621605Z,KXETH15M-26OCT042200-00,0.0280,8.06,yes
2026-10-05T01:58:37.621605Z,KXETH15M-26OCT042200-00,0.0280,50.00,yes
2026-10-05T01:58:37.621605Z,KXETH15M-26OCT042200-00,0.0300,30.00,yes
2026-10-05T01:58:37.621605Z,KXETH15M-26OCT042200-00,0.0300,35.23,yes
2026-10-05T01:58:37.790158Z,KXETH15M-26OCT042200-00,0.0180,27.00,no
2026-10-05T01:58:37.790158Z,KXETH15M-26OCT042200-00,0.0180,10.00,no
2026-10-05T01:58:37.790158Z,KXETH15M-26OCT042200-00,0.0170,64.60,no
2026-10-05T01:58:38.582754Z,KXETH15M-26OCT042200-00,0.0290,50.00,yes
2026-10-05T01:58:38.582754Z,KXETH15M-26OCT042200-00,0.0300,69.77,yes
2026-10-05T01:58:38.582754Z,KXETH15M-26OCT042200-00,0.0330,282.99,yes
2026-10-05T01:58:38.582754Z,KXETH15M-26OCT042200-00,0.0230,4.00,yes
2026-10-05T01:58:38.582754Z,KXETH15M-26OCT042200-00,0.0180,11.00,yes
2026-10-05T01:58:38.582754Z,KXETH15M-26OCT042200-00,0.0180,16.00,yes
2026-10-05T01:58:38.582754Z,KXETH15M-26OCT042200-00,0.0230,11.00,yes
2026-10-05T01:58:38.582754Z,KXETH15M-26OCT042200-00,0.0230,4.00,yes
2026-10-05T01:58:38.582754Z,KXETH15M-26OCT042200-00,0.0270,12.00,yes
2026-10-05T01:58:38.582754Z,KXETH15M-26OCT042200-00,0.0200,20.00,yes
2026-10-05T01:58:38.582754Z,KXETH15M-26OCT042200-00,0.0270,20.00,yes
2026-10-05T01:58:38.582754Z,KXETH15M-26OCT042200-00,0.0190,20.00,yes
2026-10-05T01:58:38.582754Z,KXETH15M-26OCT042200-00,0.0250,4.00,yes
2026-10-05T01:58:38.582754Z,KXETH15M-26OCT042200-00,0.0250,4.00,yes
2026-10-05T01:58:38.582754Z,KXETH15M-26OCT042200-00,0.0280,50.00,yes
2026-10-05T01:58:38.582754Z,KXETH15M-26OCT042200-00,0.0240,4.00,yes
2026-10-05T01:58:38.582754Z,KXETH15M-26OCT042200-00,0.0300,30.00,yes
2026-10-05T01:58:38.582754Z,KXETH15M-26OCT042200-00,0.0240,4.00,yes
2026-10-05T01:58:38.582754Z,KXETH15M-26OCT042200-00,0.0190,14.00,yes
2026-10-05T01:58:39.11867Z,KXETH15M-26OCT042200-00,0.0180,20.00,yes
2026-10-05T01:58:39.11867Z,KXETH15M-26OCT042200-00,0.0250,4.00,yes
2026-10-05T01:58:39.11867Z,KXETH15M-26OCT042200-00,0.0250,12.00,yes
2026-10-05T01:58:39.11867Z,KXETH15M-26OCT042200-00,0.0180,22.00,yes
2026-10-05T01:58:39.11867Z,KXETH15M-26OCT042200-00,0.0250,4.00,yes
2026-10-05T01:58:39.11867Z,KXETH15M-26OCT042200-00,0.0230,5.00,yes
2026-10-05T01:58:39.11867Z,KXETH15M-26OCT042200-00,0.0240,1.01,yes
2026-10-05T01:58:39.11867Z,KXETH15M-26OCT042200-00,0.0260,2.37,yes
2026-10-05T01:58:39.11867Z,KXETH15M-26OCT042200-00,0.0190,17.00,yes
2026-10-05T01:58:39.11867Z,KXETH15M-26OCT042200-00,0.0190,20.00,yes
2026-10-05T01:58:39.279354Z,KXETH15M-26OCT042200-00,0.0180,10.00,no
2026-10-05T01:58:39.330645Z,KXETH15M-26OCT042200-00,0.0190,5.00,yes
2026-10-05T01:58:39.330645Z,KXETH15M-26OCT042200-00,0.0190,20.00,yes
2026-10-05T01:58:39.420616Z,KXETH15M-26OCT042200-00,0.0180,0.93,yes
2026-10-05T01:58:39.566135Z,KXETH15M-26OCT042200-00,0.0170,1.73,no
2026-10-05T01:58:40.116825Z,KXETH15M-26OCT042200-00,0.0180,19.07,yes
2026-10-05T01:58:40.116825Z,KXETH15M-26OCT042200-00,0.0180,3.00,yes
2026-10-05T01:58:40.341457Z,KXETH15M-26OCT042200-00,0.0170,43.69,no
2026-10-05T01:58:40.583654Z,KXETH15M-26OCT042200-00,0.0180,20.00,yes
2026-10-05T01:58:40.583654Z,KXETH15M-26OCT042200-00,0.0180,2.56,yes
2026-10-05T01:58:40.856601Z,KXETH15M-26OCT042200-00,0.0170,5.99,no
2026-10-05T01:58:40.933803Z,KXETH15M-26OCT042200-00,0.0180,1.44,yes
2026-10-05T01:58:40.933803Z,KXETH15M-26OCT042200-00,0.0180,3.75,yes
2026-10-05T01:58:41.128268Z,KXETH15M-26OCT042200-00,0.0170,12.90,no
2026-10-05T01:58:41.128268Z,KXETH15M-26OCT042200-00,0.0170,10.99,no
2026-10-05T01:58:41.148391Z,KXETH15M-26OCT042200-00,0.0170,7.00,no
2026-10-05T01:58:41.202163Z,KXETH15M-26OCT042200-00,0.0170,7.00,no
2026-10-05T01:58:41.210183Z,KXETH15M-26OCT042200-00,0.0170,2.00,no
2026-10-05T01:58:41.298031Z,KXETH15M-26OCT042200-00,0.0170,1.00,no
2026-10-05T01:58:41.465202Z,KXETH15M-26OCT042200-00,0.0170,65.53,no
2026-10-05T01:58:41.561984Z,KXETH15M-26OCT042200-00,0.0180,16.40,yes
2026-10-05T01:58:41.561984Z,KXETH15M-26OCT042200-00,0.0180,2.00,yes
2026-10-05T01:58:41.561984Z,KXETH15M-26OCT042200-00,0.0180,1.00,yes
2026-10-05T01:58:41.561984Z,KXETH15M-26OCT042200-00,0.0180,2.00,yes
2026-10-05T01:58:41.561984Z,KXETH15M-26OCT042200-00,0.0180,20.00,yes
2026-10-05T01:58:41.561984Z,KXETH15M-26OCT042200-00,0.0180,12.00,yes
2026-10-05T01:58:41.561984Z,KXETH15M-26OCT042200-00,0.0180,1.00,yes
2026-10-05T01:58:41.561984Z,KXETH15M-26OCT042200-00,0.0180,7.00,yes
2026-10-05T01:58:41.561984Z,KXETH15M-26OCT042200-00,0.0190,0.24,yes
2026-10-05T01:58:41.561984Z,KXETH15M-26OCT042200-00,0.0180,34.00,yes
2026-10-05T01:58:41.967527Z,KXETH15M-26OCT042200-00,0.0180,2.00,yes
2026-10-05T01:58:42.097187Z,KXETH15M-26OCT042200-00,0.0200,0.45,yes
2026-10-05T01:58:42.097187Z,KXETH15M-26OCT042200-00,0.0180,32.00,yes
2026-10-05T01:58:42.097187Z,KXETH15M-26OCT042200-00,0.0180,5.00,yes
2026-10-05T01:58:42.097187Z,KXETH15M-26OCT042200-00,0.0180,20.00,yes
2026-10-05T01:58:42.097187Z,KXETH15M-26OCT042200-00,0.0180,7.00,yes
2026-10-05T01:58:42.097187Z,KXETH15M-26OCT042200-00,0.0190,15.00,yes
2026-10-05T01:58:42.097187Z,KXETH15M-26OCT042200-00,0.0190,19.76,yes
2026-10-05T01:58:42.097187Z,KXETH15M-26OCT042200-00,0.0200,5.00,yes
2026-10-05T01:58:42.173224Z,KXETH15M-26OCT042200-00,0.0190,6.00,yes
2026-10-05T01:58:42.197684Z,KXETH15M-26OCT042200-00,0.0210,55.00,yes
2026-10-05T01:58:42.199856Z,KXETH15M-26OCT042200-00,0.0220,7.00,yes
2026-10-05T01:58:42.199856Z,KXETH15M-26OCT042200-00,0.0220,13.00,yes
2026-10-05T01:58:42.199958Z,KXETH15M-26OCT042200-00,0.0220,4.00,yes
2026-10-05T01:58:42.199958Z,KXETH15M-26OCT042200-00,0.0220,16.00,yes
2026-10-05T01:58:42.206161Z,KXETH15M-26OCT042200-00,0.0230,1.00,yes
2026-10-05T01:58:42.208489Z,KXETH15M-26OCT042200-00,0.0290,4.04,yes
2026-10-05T01:58:42.208489Z,KXETH15M-26OCT042200-00,0.0230,0.01,yes
2026-10-05T01:58:42.208489Z,KXETH15M-26OCT042200-00,0.0250,4.04,yes
2026-10-05T01:58:42.208489Z,KXETH15M-26OCT042200-00,0.0300,300.00,yes
2026-10-05T01:58:42.208489Z,KXETH15M-26OCT042200-00,0.0270,4.04,yes
2026-10-05T01:58:42.208489Z,KXETH15M-26OCT042200-00,0.0310,2.95,yes
2026-10-05T01:58:42.208489Z,KXETH15M-26OCT042200-00,0.0300,16.00,yes
2026-10-05T01:58:42.208489Z,KXETH15M-26OCT042200-00,0.0280,50.00,yes
2026-10-05T01:58:42.218588Z,KXETH15M-26OCT042200-00,0.0260,12.00,yes
2026-10-05T01:58:42.28251Z,KXETH15M-26OCT042200-00,0.0280,41.00,no
2026-10-05T01:58:42.28251Z,KXETH15M-26OCT042200-00,0.0250,14.00,no
2026-10-05T01:58:42.411373Z,KXETH15M-26OCT042200-00,0.0300,10.16,no
2026-10-05T01:58:42.438112Z,KXETH15M-26OCT042200-00,0.0300,82.00,no
2026-10-05T01:58:42.689443Z,KXETH15M-26OCT042200-00,0.0300,5.00,no
2026-10-05T01:58:42.705647Z,KXETH15M-26OCT042200-00,0.0300,5.00,no
2026-10-05T01:58:42.708619Z,KXETH15M-26OCT042200-00,0.0300,5.00,no
2026-10-05T01:58:42.712026Z,KXETH15M-26OCT042200-00,0.0310,45.00,yes
2026-10-05T01:58:42.712026Z,KXETH15M-26OCT042200-00,0.0310,10.00,yes
2026-10-05T01:58:42.712026Z,KXETH15M-26OCT042200-00,0.0310,25.00,yes
2026-10-05T01:58:42.712026Z,KXETH15M-26OCT042200-00,0.0310,2.05,yes
2026-10-05T01:58:42.713872Z,KXETH15M-26OCT042200-00,0.0360,9.00,yes
2026-10-05T01:58:42.713872Z,KXETH15M-26OCT042200-00,0.0370,7.00,yes
2026-10-05T01:58:42.714473Z,KXETH15M-26OCT042200-00,0.0380,50.00,yes
2026-10-05T01:58:42.714473Z,KXETH15M-26OCT042200-00,0.0410,13.00,yes
2026-10-05T01:58:42.719304Z,KXETH15M-26OCT042200-00,0.0350,20.00,yes
2026-10-05T01:58:42.719304Z,KXETH15M-26OCT042200-00,0.0360,20.00,yes
2026-10-05T01:58:42.720345Z,KXETH15M-26OCT042200-00,0.0500,5.00,yes
2026-10-05T01:58:42.720345Z,KXETH15M-26OCT042200-00,0.0450,20.00,yes
2026-10-05T01:58:42.720345Z,KXETH15M-26OCT042200-00,0.0390,18.00,yes
2026-10-05T01:58:42.720345Z,KXETH15M-26OCT042200-00,0.0350,12.00,yes
2026-10-05T01:58:42.720345Z,KXETH15M-26OCT042200-00,0.0460,13.00,yes
2026-10-05T01:58:42.720345Z,KXETH15M-26OCT042200-00,0.0410,12.00,yes
2026-10-05T01:58:42.720345Z,KXETH15M-26OCT042200-00,0.0460,1.00,yes
2026-10-05T01:58:42.720345Z,KXETH15M-26OCT042200-00,0.0490,1.00,yes
2026-10-05T01:58:42.720345Z,KXETH15M-26OCT042200-00,0.0430,1.00,yes
2026-10-05T01:58:42.815222Z,KXETH15M-26OCT042200-00,0.0520,1.00,yes
2026-10-05T01:58:42.815222Z,KXETH15M-26OCT042200-00,0.0570,1.00,yes
2026-10-05T01:58:42.824855Z,KXETH15M-26OCT042200-00,0.0450,9.00,no
2026-10-05T01:58:42.824855Z,KXETH15M-26OCT042200-00,0.0420,91.00,no
2026-10-05T01:58:42.828203Z,KXETH15M-26OCT042200-00,0.0450,6.00,no
2026-10-05T01:58:43.041343Z,KXETH15M-26OCT042200-00,0.0350,5.00,no
2026-10-05T01:58:43.057827Z,KXETH15M-26OCT042200-00,0.0350,5.00,no
2026-10-05T01:58:43.060533Z,KXETH15M-26OCT042200-00,0.0350,5.00,no
2026-10-05T01:58:43.062878Z,KXETH15M-26OCT042200-00,0.0350,9.00,no
2026-10-05T01:58:43.062878Z,KXETH15M-26OCT042200-00,0.0350,9.00,no
2026-10-05T01:58:43.062878Z,KXETH15M-26OCT042200-00,0.0350,47.00,no
2026-10-05T01:58:43.062878Z,KXETH15M-26OCT042200-00,0.0320,4.00,no
2026-10-05T01:58:43.062878Z,KXETH15M-26OCT042200-00,0.0330,4.00,no
2026-10-05T01:58:43.101547Z,KXETH15M-26OCT042200-00,0.0300,9.00,no
2026-10-05T01:58:43.101547Z,KXETH15M-26OCT042200-00,0.0300,9.00,no
2026-10-05T01:58:43.101547Z,KXETH15M-26OCT042200-00,0.0290,17.58,no
2026-10-05T01:58:43.11452Z,KXETH15M-26OCT042200-00,0.0280,6.00,no
2026-10-05T01:58:43.164998Z,KXETH15M-26OCT042200-00,0.0300,2.31,no
2026-10-05T01:58:43.885943Z,KXETH15M-26OCT042200-00,0.0290,4.00,no
2026-10-05T01:58:43.958059Z,KXETH15M-26OCT042200-00,0.0290,2.00,no
2026-10-05T01:58:43.958059Z,KXETH15M-26OCT042200-00,0.0290,5.00,no
2026-10-05T01:58:44.060551Z,KXETH15M-26OCT042200-00,0.0290,3.00,no
2026-10-05T01:58:44.064204Z,KXETH15M-26OCT042200-00,0.0290,1.00,no
2026-10-05T01:58:44.167731Z,KXETH15M-26OCT042200-00,0.0310,17.00,no
2026-10-05T01:58:44.174676Z,KXETH15M-26OCT042200-00,0.0310,19.00,no
2026-10-05T01:58:44.380371Z,KXETH15M-26OCT042200-00,0.0310,5.13,no
2026-10-05T01:58:44.592702Z,KXETH15M-26OCT042200-00,0.0310,49.80,no
2026-10-05T01:58:44.644581Z,KXETH15M-26OCT042200-00,0.0320,2.13,yes
2026-10-05T01:58:44.738128Z,KXETH15M-26OCT042200-00,0.0310,3.00,no
2026-10-05T01:58:44.74994Z,KXETH15M-26OCT042200-00,0.0310,1.00,no
2026-10-05T01:58:44.843644Z,KXETH15M-26OCT042200-00,0.0310,8.00,no
2026-10-05T01:58:44.952891Z,KXETH15M-26OCT042200-00,0.0330,3.00,yes
2026-10-05T01:58:44.952891Z,KXETH15M-26OCT042200-00,0.0340,1.00,yes
2026-10-05T01:58:44.952891Z,KXETH15M-26OCT042200-00,0.0320,16.00,yes
2026-10-05T01:58:44.965595Z,KXETH15M-26OCT042200-00,0.0350,19.00,yes
2026-10-05T01:58:45.155082Z,KXETH15M-26OCT042200-00,0.0300,4.00,no
2026-10-05T01:58:45.155082Z,KXETH15M-26OCT042200-00,0.0280,4.00,no
2026-10-05T01:58:45.155082Z,KXETH15M-26OCT042200-00,0.0290,4.00,no
2026-10-05T01:58:45.155082Z,KXETH15M-26OCT042200-00,0.0260,10.00,no
2026-10-05T01:58:45.155082Z,KXETH15M-26OCT042200-00,0.0230,20.00,no
2026-10-05T01:58:45.155082Z,KXETH15M-26OCT042200-00,0.0200,13.68,no
2026-10-05T01:58:45.155082Z,KXETH15M-26OCT042200-00,0.0310,14.07,no
2026-10-05T01:58:45.155082Z,KXETH15M-26OCT042200-00,0.0210,100.00,no
2026-10-05T01:58:45.155082Z,KXETH15M-26OCT042200-00,0.0300,9.00,no
2026-10-05T01:58:45.155082Z,KXETH15M-26OCT042200-00,0.0220,90.00,no
2026-10-05T01:58:45.155082Z,KXETH15M-26OCT042200-00,0.0250,9.00,no
2026-10-05T01:58:45.155082Z,KXETH15M-26OCT042200-00,0.0200,40.00,no
2026-10-05T01:58:45.155082Z,KXETH15M-26OCT042200-00,0.0200,30.00,no
2026-10-05T01:58:45.155082Z,KXETH15M-26OCT042200-00,0.0200,9.00,no
2026-10-05T01:58:45.155082Z,KXETH15M-26OCT042200-00,0.0250,9.00,no
2026-10-05T01:58:45.155082Z,KXETH15M-26OCT042200-00,0.0200,105.00,no
2026-10-05T01:58:45.155082Z,KXETH15M-26OCT042200-00,0.0240,30.00,no
2026-10-05T01:58:45.19531Z,KXETH15M-26OCT042200-00,0.0280,4.00,no
2026-10-05T01:58:45.406062Z,KXETH15M-26OCT042200-00,0.0250,11.87,no
2026-10-05T01:58:45.406062Z,KXETH15M-26OCT042200-00,0.0260,7.00,no
2026-10-05T01:58:46.600218Z,KXETH15M-26OCT042200-00,0.0240,1.00,yes
2026-10-05T01:58:46.878653Z,KXETH15M-26OCT042200-00,0.0270,20.00,yes
2026-10-05T01:58:46.878653Z,KXETH15M-26OCT042200-00,0.0280,15.03,yes
2026-10-05T01:58:46.878653Z,KXETH15M-26OCT042200-00,0.0250,11.00,yes
2026-10-05T01:58:46.878653Z,KXETH15M-26OCT042200-00,0.0240,12.00,yes
2026-10-05T01:58:46.878653Z,KXETH15M-26OCT042200-00,0.0270,12.00,yes
2026-10-05T01:58:46.878653Z,KXETH15M-26OCT042200-00,0.0240,5.00,yes
2026-10-05T01:58:46.878653Z,KXETH15M-26OCT042200-00,0.0240,99.00,yes
2026-10-05T01:58:46.878653Z,KXETH15M-26OCT042200-00,0.0240,13.68,yes
2026-10-05T01:58:47.328144Z,KXETH15M-26OCT042200-00,0.0250,20.00,yes
2026-10-05T01:58:47.328144Z,KXETH15M-26OCT042200-00,0.0270,17.00,yes
2026-10-05T01:58:47.328144Z,KXETH15M-26OCT042200-00,0.0280,46.78,yes
2026-10-05T01:58:47.328144Z,KXETH15M-26OCT042200-00,0.0260,20.00,yes
2026-10-05T01:58:47.328144Z,KXETH15M-26OCT042200-00,0.0270,12.00,yes
2026-10-05T01:58:47.328144Z,KXETH15M-26OCT042200-00,0.0250,20.00,yes
2026-10-05T01:58:47.328144Z,KXETH15M-26OCT042200-00,0.0260,3.00,yes
2026-10-05T01:58:48.262811Z,KXETH15M-26OCT042200-00,0.0240,8.37,no
2026-10-05T01:58:48.291381Z,KXETH15M-26OCT042200-00,0.0240,0.63,no
2026-10-05T01:58:48.522896Z,KXETH15M-26OCT042200-00,0.0240,17.44,yes
2026-10-05T01:58:48.522896Z,KXETH15M-26OCT042200-00,0.0230,20.00,yes
2026-10-05T01:58:48.550991Z,KXETH15M-26OCT042200-00,0.0220,4.00,no
2026-10-05T01:58:48.550991Z,KXETH15M-26OCT042200-00,0.0220,15.03,no
2026-10-05T01:58:48.550991Z,KXETH15M-26OCT042200-00,0.0220,5.49,no
2026-10-05T01:58:48.925883Z,KXETH15M-26OCT042200-00,0.0230,16.00,yes
2026-10-05T01:58:48.925883Z,KXETH15M-26OCT042200-00,0.0230,13.00,yes
2026-10-05T01:58:48.925883Z,KXETH15M-26OCT042200-00,0.0230,6.00,yes
2026-10-05T01:58:48.925883Z,KXETH15M-26OCT042200-00,0.0230,20.00,yes
2026-10-05T01:58:48.929918Z,KXETH15M-26OCT042200-00,0.0240,2.56,yes
2026-10-05T01:58:48.929918Z,KXETH15M-26OCT042200-00,0.0240,6.00,yes
2026-10-05T01:58:48.929918Z,KXETH15M-26OCT042200-00,0.0240,18.00,yes
2026-10-05T01:58:48.933274Z,KXETH15M-26OCT042200-00,0.0280,24.19,yes
2026-10-05T01:58:48.933274Z,KXETH15M-26OCT042200-00,0.0300,9.00,yes
2026-10-05T01:58:48.933274Z,KXETH15M-26OCT042200-00,0.0290,4.00,yes
2026-10-05T01:58:48.933274Z,KXETH15M-26OCT042200-00,0.0260,20.00,yes
2026-10-05T01:58:48.933274Z,KXETH15M-26OCT042200-00,0.0280,15.03,yes
2026-10-05T01:58:48.933274Z,KXETH15M-26OCT042200-00,0.0260,12.00,yes
2026-10-05T01:58:48.933274Z,KXETH15M-26OCT042200-00,0.0280,5.49,yes
2026-10-05T01:58:48.933274Z,KXETH15M-26OCT042200-00,0.0300,9.00,yes
2026-10-05T01:58:48.933274Z,KXETH15M-26OCT042200-00,0.0280,4.00,yes
2026-10-05T01:58:48.954375Z,KXETH15M-26OCT042200-00,0.0320,42.00,yes
2026-10-05T01:58:48.954375Z,KXETH15M-26OCT042200-00,0.0310,20.00,yes
2026-10-05T01:58:48.954995Z,KXETH15M-26OCT042200-00,0.0320,62.00,yes
2026-10-05T01:58:49.186459Z,KXETH15M-26OCT042200-00,0.0270,92.00,no
2026-10-05T01:58:49.483762Z,KXETH15M-26OCT042200-00,0.0270,20.00,yes
2026-10-05T01:58:49.483762Z,KXETH15M-26OCT042200-00,0.0270,10.00,yes
2026-10-05T01:58:49.53688Z,KXETH15M-26OCT042200-00,0.0270,6.00,yes
2026-10-05T01:58:49.53688Z,KXETH15M-26OCT042200-00,0.0270,50.00,yes
2026-10-05T01:58:49.53688Z,KXETH15M-26OCT042200-00,0.0310,12.00,yes
2026-10-05T01:58:49.53688Z,KXETH15M-26OCT042200-00,0.0320,238.00,yes
2026-10-05T01:58:49.660621Z,KXETH15M-26OCT042200-00,0.0400,22.00,yes
2026-10-05T01:58:49.660621Z,KXETH15M-26OCT042200-00,0.0370,8.00,yes
2026-10-05T01:58:49.660621Z,KXETH15M-26OCT042200-00,0.0400,20.00,yes
2026-10-05T01:58:49.660621Z,KXETH15M-26OCT042200-00,0.0400,9.00,yes
2026-10-05T01:58:49.660621Z,KXETH15M-26OCT042200-00,0.0390,11.00,yes
2026-10-05T01:58:49.660621Z,KXETH15M-26OCT042200-00,0.0400,9.00,yes
2026-10-05T01:58:49.665357Z,KXETH15M-26OCT042200-00,0.0500,5.00,yes
2026-10-05T01:58:49.665357Z,KXETH15M-26OCT042200-00,0.0500,4.00,yes
2026-10-05T01:58:49.665357Z,KXETH15M-26OCT042200-00,0.0500,1.00,yes
2026-10-05T01:58:49.665357Z,KXETH15M-26OCT042200-00,0.0500,2.00,yes
2026-10-05T01:58:49.665357Z,KXETH15M-26OCT042200-00,0.0500,4.00,yes
2026-10-05T01:58:49.665357Z,KXETH15M-26OCT042200-00,0.0500,5.00,yes
2026-10-05T01:58:49.665357Z,KXETH15M-26OCT042200-00,0.0500,8.00,yes
2026-10-05T01:58:49.665357Z,KXETH15M-26OCT042200-00,0.0500,4.00,yes
2026-10-05T01:58:49.665357Z,KXETH15M-26OCT042200-00,0.0410,11.00,yes
2026-10-05T01:58:49.665357Z,KXETH15M-26OCT042200-00,0.0480,50.00,yes
2026-10-05T01:58:49.665357Z,KXETH15M-26OCT042200-00,0.0450,9.00,yes
2026-10-05T01:58:49.665357Z,KXETH15M-26OCT042200-00,0.0500,57.00,yes
2026-10-05T01:58:49.665357Z,KXETH15M-26OCT042200-00,0.0490,1.00,yes
2026-10-05T01:58:49.665392Z,KXETH15M-26OCT042200-00,0.0560,1.00,yes
2026-10-05T01:58:49.665392Z,KXETH15M-26OCT042200-00,0.0520,1.00,yes
2026-10-05T01:58:49.666424Z,KXETH15M-26OCT042200-00,0.0600,5.00,yes
2026-10-05T01:58:49.670296Z,KXETH15M-26OCT042200-00,0.0700,1.00,yes
2026-10-05T01:58:49.670296Z,KXETH15M-26OCT042200-00,0.0700,2.00,yes
2026-10-05T01:58:49.670296Z,KXETH15M-26OCT042200-00,0.0470,20.00,yes
2026-10-05T01:58:49.670296Z,KXETH15M-26OCT042200-00,0.0470,11.00,yes
2026-10-05T01:58:49.670296Z,KXETH15M-26OCT042200-00,0.0710,11.00,yes
2026-10-05T01:58:49.673086Z,KXETH15M-26OCT042200-00,0.0760,65.00,yes
2026-10-05T01:58:50.026214Z,KXETH15M-26OCT042200-00,0.0530,16.00,yes
2026-10-05T01:58:50.57974Z,KXETH15M-26OCT042200-00,0.0500,22.00,yes
2026-10-05T01:58:50.57974Z,KXETH15M-26OCT042200-00,0.0510,8.00,yes
2026-10-05T01:58:50.57974Z,KXETH15M-26OCT042200-00,0.0490,20.00,yes
2026-10-05T01:58:50.57974Z,KXETH15M-26OCT042200-00,0.0470,11.00,yes
2026-10-05T01:58:50.57974Z,KXETH15M-26OCT042200-00,0.0500,9.00,yes
2026-10-05T01:58:50.57974Z,KXETH15M-26OCT042200-00,0.0500,9.00,yes
2026-10-05T01:58:50.585962Z,KXETH15M-26OCT042200-00,0.0580,50.00,yes
2026-10-05T01:58:50.585962Z,KXETH15M-26OCT042200-00,0.0570,1.00,yes
2026-10-05T01:58:50.585962Z,KXETH15M-26OCT042200-00,0.0570,1.00,yes
2026-10-05T01:58:50.585962Z,KXETH15M-26OCT042200-00,0.0550,9.00,yes
2026-10-05T01:58:50.585962Z,KXETH15M-26OCT042200-00,0.0530,1.01,yes
2026-10-05T01:58:50.585962Z,KXETH15M-26OCT042200-00,0.0550,9.00,yes
2026-10-05T01:58:50.907006Z,KXETH15M-26OCT042200-00,0.0520,55.00,no
2026-10-05T01:58:50.907006Z,KXETH15M-26OCT042200-00,0.0530,41.00,no
2026-10-05T01:58:50.907006Z,KXETH15M-26OCT042200-00,0.0430,18.00,no
2026-10-05T01:58:50.907006Z,KXETH15M-26OCT042200-00,0.0420,395.31,no
2026-10-05T01:58:50.907006Z,KXETH15M-26OCT042200-00,0.0440,8.00,no
2026-10-05T01:58:50.975536Z,KXETH15M-26OCT042200-00,0.0440,19.00,no
2026-10-05T01:58:50.975536Z,KXETH15M-26OCT042200-00,0.0440,14.68,no
2026-10-05T01:58:51.049088Z,KXETH15M-26OCT042200-00,0.0440,0.98,no
2026-10-05T01:58:51.454361Z,KXETH15M-26OCT042200-00,0.0380,41.00,no
2026-10-05T01:58:51.454361Z,KXETH15M-26OCT042200-00,0.0350,3.36,no
2026-10-05T01:58:51.454361Z,KXETH15M-26OCT042200-00,0.0350,9.00,no
2026-10-05T01:58:51.525834Z,KXETH15M-26OCT042200-00,0.0440,8.00,yes
2026-10-05T01:58:51.526639Z,KXETH15M-26OCT042200-00,0.0440,11.00,yes
2026-10-05T01:58:51.526928Z,KXETH15M-26OCT042200-00,0.0480,50.00,yes
2026-10-05T01:58:51.526928Z,KXETH15M-26OCT042200-00,0.0450,23.00,yes
2026-10-05T01:58:51.532739Z,KXETH15M-26OCT042200-00,0.0470,11.00,yes
2026-10-05T01:58:51.532739Z,KXETH15M-26OCT042200-00,0.0610,500.00,yes
2026-10-05T01:58:51.532739Z,KXETH15M-26OCT042200-00,0.0700,1.00,yes
2026-10-05T01:58:51.532739Z,KXETH15M-26OCT042200-00,0.0700,8.00,yes
2026-10-05T01:58:51.532739Z,KXETH15M-26OCT042200-00,0.0630,1.00,yes
2026-10-05T01:58:51.532739Z,KXETH15M-26OCT042200-00,0.0680,50.00,yes
2026-10-05T01:58:51.532739Z,KXETH15M-26OCT042200-00,0.0690,1.00,yes
2026-10-05T01:58:51.556605Z,KXETH15M-26OCT042200-00,0.0350,0.50,no
2026-10-05T01:58:52.109167Z,KXETH15M-26OCT042200-00,0.0500,7.00,yes
2026-10-05T01:58:52.324709Z,KXETH15M-26OCT042200-00,0.0480,37.00,no
2026-10-05T01:58:52.500389Z,KXETH15M-26OCT042200-00,0.0500,14.00,yes
2026-10-05T01:58:52.5088Z,KXETH15M-26OCT042200-00,0.0500,2.00,yes
2026-10-05T01:58:52.558184Z,KXETH15M-26OCT042200-00,0.0500,20.00,yes
2026-10-05T01:58:52.661893Z,KXETH15M-26OCT042200-00,0.0450,1.00,no
2026-10-05T01:58:52.661893Z,KXETH15M-26OCT042200-00,0.0460,1.00,no
2026-10-05T01:58:52.668751Z,KXETH15M-26OCT042200-00,0.0450,5.12,no
2026-10-05T01:58:52.725957Z,KXETH15M-26OCT042200-00,0.0450,2.00,no
2026-10-05T01:58:53.026624Z,KXETH15M-26OCT042200-00,0.0460,4.00,no
2026-10-05T01:58:53.038866Z,KXETH15M-26OCT042200-00,0.0470,14.00,no
2026-10-05T01:58:53.280043Z,KXETH15M-26OCT042200-00,0.0470,2.52,no
2026-10-05T01:58:53.713765Z,KXETH15M-26OCT042200-00,0.0430,1.17,no
2026-10-05T01:58:53.913421Z,KXETH15M-26OCT042200-00,0.0410,23.69,no
2026-10-05T01:58:54.025632Z,KXETH15M-26OCT042200-00,0.0470,19.53,yes
2026-10-05T01:58:54.059994Z,KXETH15M-26OCT042200-00,0.0350,9.00,no
2026-10-05T01:58:54.059994Z,KXETH15M-26OCT042200-00,0.0360,9.00,no
2026-10-05T01:58:54.059994Z,KXETH15M-26OCT042200-00,0.0400,9.00,no
2026-10-05T01:58:54.059994Z,KXETH15M-26OCT042200-00,0.0400,9.00,no
2026-10-05T01:58:54.059994Z,KXETH15M-26OCT042200-00,0.0330,50.00,no
2026-10-05T01:58:54.059994Z,KXETH15M-26OCT042200-00,0.0420,41.00,no
2026-10-05T01:58:54.059994Z,KXETH15M-26OCT042200-00,0.0390,11.00,no
2026-10-05T01:58:54.059994Z,KXETH15M-26OCT042200-00,0.0410,17.31,no
2026-10-05T01:58:54.059994Z,KXETH15M-26OCT042200-00,0.0360,8.00,no
2026-10-05T01:58:54.059994Z,KXETH15M-26OCT042200-00,0.0310,39.00,no
2026-10-05T01:58:54.059994Z,KXETH15M-26OCT042200-00,0.0300,9.00,no
2026-10-05T01:58:54.059994Z,KXETH15M-26OCT042200-00,0.0300,5.36,no
2026-10-05T01:58:54.687097Z,KXETH15M-26OCT042200-00,0.0410,1.10,no
2026-10-05T01:58:55.14837Z,KXETH15M-26OCT042200-00,0.0300,9.00,no
2026-10-05T01:58:55.14837Z,KXETH15M-26OCT042200-00,0.0400,20.00,no
2026-10-05T01:58:55.14837Z,KXETH15M-26OCT042200-00,0.0410,20.00,no
2026-10-05T01:58:55.14837Z,KXETH15M-26OCT042200-00,0.0310,12.00,no
2026-10-05T01:58:55.14837Z,KXETH15M-26OCT042200-00,0.0280,28.46,no
2026-10-05T01:58:55.14837Z,KXETH15M-26OCT042200-00,0.0320,10.00,no
2026-10-05T01:58:55.14837Z,KXETH15M-26OCT042200-00,0.0300,3.64,no
2026-10-05T01:58:56.089771Z,KXETH15M-26OCT042200-00,0.0360,5.00,no
2026-10-05T01:58:56.098556Z,KXETH15M-26OCT042200-00,0.0360,9.00,no
2026-10-05T01:58:56.114412Z,KXETH15M-26OCT042200-00,0.0350,13.94,no
2026-10-05T01:58:56.114412Z,KXETH15M-26OCT042200-00,0.0360,6.00,no
2026-10-05T01:58:56.178275Z,KXETH15M-26OCT042200-00,0.0360,4.00,no
2026-10-05T01:58:56.237147Z,KXETH15M-26OCT042200-00,0.0380,20.00,yes
2026-10-05T01:58:56.237147Z,KXETH15M-26OCT042200-00,0.0370,22.00,yes
2026-10-05T01:58:56.237147Z,KXETH15M-26OCT042200-00,0.0380,1.00,yes
2026-10-05T01:58:56.237147Z,KXETH15M-26OCT042200-00,0.0390,11.00,yes
2026-10-05T01:58:56.237147Z,KXETH15M-26OCT042200-00,0.0400,5.19,yes
2026-10-05T01:58:56.246158Z,KXETH15M-26OCT042200-00,0.0360,2.00,no
2026-10-05T01:58:56.306831Z,KXETH15M-26OCT042200-00,0.0260,20.00,no
2026-10-05T01:58:56.306831Z,KXETH15M-26OCT042200-00,0.0280,1.00,no
2026-10-05T01:58:56.306831Z,KXETH15M-26OCT042200-00,0.0300,9.00,no
2026-10-05T01:58:56.306831Z,KXETH15M-26OCT042200-00,0.0300,9.00,no
2026-10-05T01:58:56.306831Z,KXETH15M-26OCT042200-00,0.0360,14.00,no
2026-10-05T01:58:56.306831Z,KXETH15M-26OCT042200-00,0.0350,14.00,no
2026-10-05T01:58:56.306831Z,KXETH15M-26OCT042200-00,0.0270,9.00,no
2026-10-05T01:58:56.306831Z,KXETH15M-26OCT042200-00,0.0350,6.06,no
2026-10-05T01:58:56.306831Z,KXETH15M-26OCT042200-00,0.0310,11.00,no
2026-10-05T01:58:56.306831Z,KXETH15M-26OCT042200-00,0.0250,0.72,no
2026-10-05T01:58:56.306831Z,KXETH15M-26OCT042200-00,0.0250,9.00,no
2026-10-05T01:58:56.348706Z,KXETH15M-26OCT042200-00,0.0360,4.00,no
2026-10-05T01:58:56.57112Z,KXETH15M-26OCT042200-00,0.0200,73.00,no
2026-10-05T01:58:56.57112Z,KXETH15M-26OCT042200-00,0.0130,15.45,no
2026-10-05T01:58:56.57112Z,KXETH15M-26OCT042200-00,0.0130,40.00,no
2026-10-05T01:58:56.57112Z,KXETH15M-26OCT042200-00,0.0230,38.00,no
2026-10-05T01:58:56.57112Z,KXETH15M-26OCT042200-00,0.0190,50.00,no
2026-10-05T01:58:56.57112Z,KXETH15M-26OCT042200-00,0.0200,9.00,no
2026-10-05T01:58:56.57112Z,KXETH15M-26OCT042200-00,0.0250,10.00,no
2026-10-05T01:58:56.57112Z,KXETH15M-26OCT042200-00,0.0350,20.00,no
2026-10-05T01:58:56.57112Z,KXETH15M-26OCT042200-00,0.0360,16.00,no
2026-10-05T01:58:56.57112Z,KXETH15M-26OCT042200-00,0.0200,33.43,no
2026-10-05T01:58:56.57112Z,KXETH15M-26OCT042200-00,0.0240,17.00,no
2026-10-05T01:58:56.57112Z,KXETH15M-26OCT042200-00,0.0170,88.27,no
2026-10-05T01:58:56.57112Z,KXETH15M-26OCT042200-00,0.0220,41.29,no
2026-10-05T01:58:56.57112Z,KXETH15M-26OCT042200-00,0.0220,24.19,no
2026-10-05T01:58:56.57112Z,KXETH15M-26OCT042200-00,0.0220,4.00,no
2026-10-05T01:58:56.57112Z,KXETH15M-26OCT042200-00,0.0220,5.49,no
2026-10-05T01:58:56.57112Z,KXETH15M-26OCT042200-00,0.0220,15.03,no
2026-10-05T01:58:56.613439Z,KXETH15M-26OCT042200-00,0.0300,20.00,no
2026-10-05T01:58:56.613439Z,KXETH15M-26OCT042200-00,0.0310,20.00,no
2026-10-05T01:58:56.64429Z,KXETH15M-26OCT042200-00,0.0270,33.43,yes
2026-10-05T01:58:56.64429Z,KXETH15M-26OCT042200-00,0.0280,1.29,yes
2026-10-05T01:58:56.64429Z,KXETH15M-26OCT042200-00,0.0340,10.68,yes
2026-10-05T01:58:56.908303Z,KXETH15M-26OCT042200-00,0.0270,2.69,yes
2026-10-05T01:58:56.925954Z,KXETH15M-26OCT042200-00,0.0270,2.69,yes
2026-10-05T01:58:56.927651Z,KXETH15M-26OCT042200-00,0.0270,2.69,yes
2026-10-05T01:58:57.048414Z,KXETH15M-26OCT042200-00,0.0260,20.00,no
2026-10-05T01:58:57.048414Z,KXETH15M-26OCT042200-00,0.0250,0.26,no
2026-10-05T01:58:57.790963Z,KXETH15M-26OCT042200-00,0.0250,20.00,no
2026-10-05T01:58:57.790963Z,KXETH15M-26OCT042200-00,0.0220,2.00,no
2026-10-05T01:58:57.790963Z,KXETH15M-26OCT042200-00,0.0250,8.74,no
2026-10-05T01:58:57.790963Z,KXETH15M-26OCT042200-00,0.0260,20.00,no
2026-10-05T01:58:58.451549Z,KXETH15M-26OCT042200-00,0.0270,2.33,yes
2026-10-05T01:58:58.451549Z,KXETH15M-26OCT042200-00,0.0270,1.00,yes
2026-10-05T01:58:58.540797Z,KXETH15M-26OCT042200-00,0.0270,0.33,yes
2026-10-05T01:58:58.540797Z,KXETH15M-26OCT042200-00,0.0270,24.67,yes
2026-10-05T01:58:59.17793Z,KXETH15M-26OCT042200-00,0.0250,18.00,no
2026-10-05T01:58:59.180124Z,KXETH15M-26OCT042200-00,0.0250,1.00,no
2026-10-05T01:58:59.185608Z,KXETH15M-26OCT042200-00,0.0250,1.00,no
2026-10-05T01:58:59.316491Z,KXETH15M-26OCT042200-00,0.0290,61.99,yes
2026-10-05T01:58:59.316491Z,KXETH15M-26OCT042200-00,0.0280,5.49,yes
2026-10-05T01:58:59.316491Z,KXETH15M-26OCT042200-00,0.0280,4.00,yes
2026-10-05T01:58:59.316491Z,KXETH15M-26OCT042200-00,0.0280,24.19,yes
2026-10-05T01:58:59.316491Z,KXETH15M-26OCT042200-00,0.0260,31.00,yes
2026-10-05T01:58:59.316491Z,KXETH15M-26OCT042200-00,0.0280,15.03,yes
2026-10-05T01:58:59.316491Z,KXETH15M-26OCT042200-00,0.0270,12.00,yes
2026-10-05T01:58:59.316491Z,KXETH15M-26OCT042200-00,0.0280,2.00,yes
2026-10-05T01:58:59.514435Z,KXETH15M-26OCT042200-00,0.0250,21.38,yes
2026-10-05T01:58:59.784258Z,KXETH15M-26OCT042200-00,0.0220,5.00,no
2026-10-05T01:58:59.791851Z,KXETH15M-26OCT042200-00,0.0220,2.00,no
2026-10-05T01:58:59.891533Z,KXETH15M-26OCT042200-00,0.0220,6.00,no
2026-10-05T01:58:59.90391Z,KXETH15M-26OCT042200-00,0.0220,2.00,no
2026-10-05T01:59:00.019561Z,KXETH15M-26OCT042200-00,0.0220,3.00,no
2026-10-05T01:59:00.019561Z,KXETH15M-26OCT042200-00,0.0220,1.00,no
2026-10-05T01:59:00.048548Z,KXETH15M-26OCT042200-00,0.0220,1.02,no
2026-10-05T01:59:00.105469Z,KXETH15M-26OCT042200-00,0.0220,2.00,no
2026-10-05T01:59:00.108311Z,KXETH15M-26OCT042200-00,0.0220,10.00,no
2026-10-05T01:59:00.172812Z,KXETH15M-26OCT042200-00,0.0220,4.00,no
2026-10-05T01:59:00.197829Z,KXETH15M-26OCT042200-00,0.0220,6.73,no
2026-10-05T01:59:00.197829Z,KXETH15M-26OCT042200-00,0.0220,1.98,no
2026-10-05T01:59:00.197829Z,KXETH15M-26OCT042200-00,0.0220,1.29,no
2026-10-05T01:59:00.257382Z,KXETH15M-26OCT042200-00,0.0230,50.00,yes
2026-10-05T01:59:00.257382Z,KXETH15M-26OCT042200-00,0.0230,0.01,yes
2026-10-05T01:59:00.257382Z,KXETH15M-26OCT042200-00,0.0230,41.00,yes
2026-10-05T01:59:00.257382Z,KXETH15M-26OCT042200-00,0.0240,15.99,yes
2026-10-05T01:59:00.257382Z,KXETH15M-26OCT042200-00,0.0240,27.00,yes
2026-10-05T01:59:00.353433Z,KXETH15M-26OCT042200-00,0.0210,11.00,no
2026-10-05T01:59:00.353433Z,KXETH15M-26OCT042200-00,0.0220,10.00,no
2026-10-05T01:59:00.353433Z,KXETH15M-26OCT042200-00,0.0220,4.00,no
2026-10-05T01:59:00.353433Z,KXETH15M-26OCT042200-00,0.0220,5.49,no
2026-10-05T01:59:00.353433Z,KXETH15M-26OCT042200-00,0.0220,17.46,no
2026-10-05T01:59:00.353433Z,KXETH15M-26OCT042200-00,0.0220,15.03,no
2026-10-05T01:59:00.353433Z,KXETH15M-26OCT042200-00,0.0220,2.00,no
2026-10-05T01:59:00.353433Z,KXETH15M-26OCT042200-00,0.0200,9.00,no
2026-10-05T01:59:00.353433Z,KXETH15M-26OCT042200-00,0.0140,15.84,no
2026-10-05T01:59:00.353433Z,KXETH15M-26OCT042200-00,0.0140,12.00,no
2026-10-05T01:59:00.521068Z,KXETH15M-26OCT042200-00,0.0230,40.69,yes
2026-10-05T01:59:00.545274Z,KXETH15M-26OCT042200-00,0.0180,76.00,no
2026-10-05T01:59:00.545274Z,KXETH15M-26OCT042200-00,0.0180,20.00,no
2026-10-05T01:59:00.545274Z,KXETH15M-26OCT042200-00,0.0180,4.00,no
2026-10-05T01:59:00.653272Z,KXETH15M-26OCT042200-00,0.0150,9.00,no
2026-10-05T01:59:00.653272Z,KXETH15M-26OCT042200-00,0.0140,5.00,no
2026-10-05T01:59:00.653272Z,KXETH15M-26OCT042200-00,0.0180,19.00,no
2026-10-05T01:59:00.653272Z,KXETH15M-26OCT042200-00,0.0190,3.00,no
2026-10-05T01:59:00.653272Z,KXETH15M-26OCT042200-00,0.0170,20.00,no
2026-10-05T01:59:00.653272Z,KXETH15M-26OCT042200-00,0.0120,12.00,no
2026-10-05T01:59:00.653272Z,KXETH15M-26OCT042200-00,0.0130,20.00,no
2026-10-05T01:59:00.653272Z,KXETH15M-26OCT042200-00,0.0170,31.00,no
2026-10-05T01:59:00.653272Z,KXETH15M-26OCT042200-00,0.0110,46.23,no
2026-10-05T01:59:00.653272Z,KXETH15M-26OCT042200-00,0.0110,1.00,no
2026-10-05T01:59:00.653272Z,KXETH15M-26OCT042200-00,0.0110,1.00,no
2026-10-05T01:59:00.653272Z,KXETH15M-26OCT042200-00,0.0110,4.77,no
2026-10-05T01:59:00.653272Z,KXETH15M-26OCT042200-00,0.0110,1.00,no
2026-10-05T01:59:00.653272Z,KXETH15M-26OCT042200-00,0.0110,10.00,no
2026-10-05T01:59:00.653272Z,KXETH15M-26OCT042200-00,0.0110,1.00,no
2026-10-05T01:59:00.653272Z,KXETH15M-26OCT042200-00,0.0110,2.00,no
2026-10-05T01:59:00.653272Z,KXETH15M-26OCT042200-00,0.0110,100.00,no
2026-10-05T01:59:00.653272Z,KXETH15M-26OCT042200-00,0.0110,2.00,no
2026-10-05T01:59:00.653272Z,KXETH15M-26OCT042200-00,0.0110,20.00,no
2026-10-05T01:59:00.706439Z,KXETH15M-26OCT042200-00,0.0190,1.00,yes
2026-10-05T01:59:00.706439Z,KXETH15M-26OCT042200-00,0.0220,13.00,yes
2026-10-05T01:59:00.706439Z,KXETH15M-26OCT042200-00,0.0220,26.69,yes
2026-10-05T01:59:01.557942Z,KXETH15M-26OCT042200-00,0.0160,5.00,yes
2026-10-05T01:59:01.580706Z,KXETH15M-26OCT042200-00,0.0190,20.00,yes
2026-10-05T01:59:01.580706Z,KXETH15M-26OCT042200-00,0.0190,12.00,yes
2026-10-05T01:59:01.580706Z,KXETH15M-26OCT042200-00,0.0200,26.70,yes
2026-10-05T01:59:01.580706Z,KXETH15M-26OCT042200-00,0.0160,14.54,yes
2026-10-05T01:59:01.592416Z,KXETH15M-26OCT042200-00,0.0200,26.00,yes
2026-10-05T01:59:01.592416Z,KXETH15M-26OCT042200-00,0.0190,12.00,yes
2026-10-05T01:59:01.592416Z,KXETH15M-26OCT042200-00,0.0190,41.00,yes
2026-10-05T01:59:01.600962Z,KXETH15M-26OCT042200-00,0.0120,9.00,no
2026-10-05T01:59:01.600962Z,KXETH15M-26OCT042200-00,0.0150,20.00,no
2026-10-05T01:59:01.600962Z,KXETH15M-26OCT042200-00,0.0140,29.00,no
2026-10-05T01:59:01.600962Z,KXETH15M-26OCT042200-00,0.0150,5.00,no
2026-10-05T01:59:01.600962Z,KXETH15M-26OCT042200-00,0.0140,20.00,no
2026-10-05T01:59:01.90111Z,KXETH15M-26OCT042200-00,0.0190,35.00,yes
2026-10-05T01:59:02.067404Z,KXETH15M-26OCT042200-00,0.0210,5.00,yes
2026-10-05T01:59:02.067404Z,KXETH15M-26OCT042200-00,0.0250,9.00,yes
2026-10-05T01:59:02.067404Z,KXETH15M-26OCT042200-00,0.0250,9.00,yes
2026-10-05T01:59:02.067404Z,KXETH15M-26OCT042200-00,0.0200,69.30,yes
2026-10-05T01:59:02.067404Z,KXETH15M-26OCT042200-00,0.0210,17.00,yes
2026-10-05T01:59:02.067404Z,KXETH15M-26OCT042200-00,0.0180,41.00,yes
2026-10-05T01:59:02.067404Z,KXETH15M-26OCT042200-00,0.0170,13.00,yes
2026-10-05T01:59:02.067404Z,KXETH15M-26OCT042200-00,0.0200,9.00,yes
2026-10-05T01:59:02.067404Z,KXETH15M-26OCT042200-00,0.0200,11.00,yes
2026-10-05T01:59:02.067404Z,KXETH15M-26OCT042200-00,0.0190,6.00,yes
2026-10-05T01:59:02.067404Z,KXETH15M-26OCT042200-00,0.0260,5.12,yes
2026-10-05T01:59:02.067404Z,KXETH15M-26OCT042200-00,0.0190,35.00,yes
2026-10-05T01:59:02.523077Z,KXETH15M-26OCT042200-00,0.0150,4.00,no
2026-10-05T01:59:02.523772Z,KXETH15M-26OCT042200-00,0.0120,20.00,no
2026-10-05T01:59:02.523772Z,KXETH15M-26OCT042200-00,0.0110,28.00,no
2026-10-05T01:59:02.523772Z,KXETH15M-26OCT042200-00,0.0120,3.00,no
2026-10-05T01:59:02.523772Z,KXETH15M-26OCT042200-00,0.0150,7.00,no
2026-10-05T01:59:02.523772Z,KXETH15M-26OCT042200-00,0.0130,7.00,no
2026-10-05T01:59:02.523772Z,KXETH15M-26OCT042200-00,0.0120,9.00,no
2026-10-05T01:59:02.523772Z,KXETH15M-26OCT042200-00,0.0110,53.77,no
2026-10-05T01:59:02.530994Z,KXETH15M-26OCT042200-00,0.0130,20.00,no
2026-10-05T01:59:02.530994Z,KXETH15M-26OCT042200-00,0.0100,114.57,no
2026-10-05T01:59:02.530994Z,KXETH15M-26OCT042200-00,0.0100,9.47,no
2026-10-05T01:59:02.530994Z,KXETH15M-26OCT042200-00,0.0100,13.29,no
2026-10-05T01:59:02.530994Z,KXETH15M-26OCT042200-00,0.0100,2.00,no
2026-10-05T01:59:02.530994Z,KXETH15M-26OCT042200-00,0.0100,25.00,no
2026-10-05T01:59:02.530994Z,KXETH15M-26OCT042200-00,0.0100,146.67,no
2026-10-05T01:59:02.530994Z,KXETH15M-26OCT042200-00,0.0100,50.00,no
2026-10-05T01:59:02.530994Z,KXETH15M-26OCT042200-00,0.0100,6.00,no
2026-10-05T01:59:02.530994Z,KXETH15M-26OCT042200-00,0.0100,100.00,no
2026-10-05T01:59:02.530994Z,KXETH15M-26OCT042200-00,0.0100,1.00,no
2026-10-05T01:59:02.530994Z,KXETH15M-26OCT042200-00,0.0100,1.00,no
2026-10-05T01:59:02.538232Z,KXETH15M-26OCT042200-00,0.0110,12.00,no
2026-10-05T01:59:02.538232Z,KXETH15M-26OCT042200-00,0.0100,10.75,no
2026-10-05T01:59:02.538232Z,KXETH15M-26OCT042200-00,0.0100,6.72,no
2026-10-05T01:59:02.538232Z,KXETH15M-26OCT042200-00,0.0100,8.02,no
2026-10-05T01:59:02.538232Z,KXETH15M-26OCT042200-00,0.0100,1.07,no
2026-10-05T01:59:02.538232Z,KXETH15M-26OCT042200-00,0.0100,2.41,no
2026-10-05T01:59:02.538232Z,KXETH15M-26OCT042200-00,0.0100,65.80,no
2026-10-05T01:59:02.538232Z,KXETH15M-26OCT042200-00,0.0100,4.76,no
2026-10-05T01:59:02.538232Z,KXETH15M-26OCT042200-00,0.0100,2.91,no
2026-10-05T01:59:02.538232Z,KXETH15M-26OCT042200-00,0.0100,34.56,no
2026-10-05T01:59:02.565794Z,KXETH15M-26OCT042200-00,0.0100,11.63,no
2026-10-05T01:59:02.565794Z,KXETH15M-26OCT042200-00,0.0100,1.00,no
2026-10-05T01:59:02.565794Z,KXETH15M-26OCT042200-00,0.0100,1.00,no
2026-10-05T01:59:02.565794Z,KXETH15M-26OCT042200-00,0.0100,3.39,no
2026-10-05T01:59:02.565794Z,KXETH15M-26OCT042200-00,0.0100,5.35,no
2026-10-05T01:59:02.565794Z,KXETH15M-26OCT042200-00,0.0100,2.58,no
2026-10-05T01:59:02.565794Z,KXETH15M-26OCT042200-00,0.0100,74.31,no
2026-10-05T01:59:02.590192Z,KXETH15M-26OCT042200-00,0.0110,3.00,yes
2026-10-05T01:59:02.599764Z,KXETH15M-26OCT042200-00,0.0110,8.00,yes
2026-10-05T01:59:02.606117Z,KXETH15M-26OCT042200-00,0.0110,1.00,yes
2026-10-05T01:59:02.621231Z,KXETH15M-26OCT042200-00,0.0110,3.00,yes
2026-10-05T01:59:02.628798Z,KXETH15M-26OCT042200-00,0.0110,4.00,yes
2026-10-05T01:59:02.628798Z,KXETH15M-26OCT042200-00,0.0120,0.57,yes
2026-10-05T01:59:02.628798Z,KXETH15M-26OCT042200-00,0.0110,4.00,yes
2026-10-05T01:59:02.628798Z,KXETH15M-26OCT042200-00,0.0110,38.77,yes
2026-10-05T01:59:02.628798Z,KXETH15M-26OCT042200-00,0.0120,4.00,yes
2026-10-05T01:59:02.633013Z,KXETH15M-26OCT042200-00,0.0110,1.00,yes
2026-10-05T01:59:02.645306Z,KXETH15M-26OCT042200-00,0.0110,2.15,yes
2026-10-05T01:59:02.656318Z,KXETH15M-26OCT042200-00,0.0110,11.00,yes
2026-10-05T01:59:02.845085Z,KXETH15M-26OCT042200-00,0.0110,3.00,yes
2026-10-05T01:59:02.853693Z,KXETH15M-26OCT042200-00,0.0110,5.06,yes
2026-10-05T01:59:02.853693Z,KXETH15M-26OCT042200-00,0.0110,23.85,yes
2026-10-05T01:59:02.855259Z,KXETH15M-26OCT042200-00,0.0110,1.00,yes
2026-10-05T01:59:03.040992Z,KXETH15M-26OCT042200-00,0.0110,16.94,yes
2026-10-05T01:59:03.040992Z,KXETH15M-26OCT042200-00,0.0110,17.06,yes
2026-10-05T01:59:03.635439Z,KXETH15M-26OCT042200-00,0.0100,61.63,no
2026-10-05T01:59:03.635439Z,KXETH15M-26OCT042200-00,0.0100,188.37,no
2026-10-05T01:59:03.770841Z,KXETH15M-26OCT042200-00,0.0110,5.63,yes
2026-10-05T01:59:04.026141Z,KXETH15M-26OCT042200-00,0.0110,4.25,yes
2026-10-05T01:59:04.048249Z,KXETH15M-26OCT042200-00,0.0110,42.12,yes
2026-10-05T01:59:04.060019Z,KXETH15M-26OCT042200-00,0.0110,19.57,yes
2026-10-05T01:59:04.060019Z,KXETH15M-26OCT042200-00,0.0110,30.94,yes
2026-10-05T01:59:04.121774Z,KXETH15M-26OCT042200-00,0.0100,5.49,no
2026-10-05T01:59:04.121774Z,KXETH15M-26OCT042200-00,0.0100,13.54,no
2026-10-05T01:59:04.261521Z,KXETH15M-26OCT042200-00,0.0090,20.00,no
2026-10-05T01:59:04.261521Z,KXETH15M-26OCT042200-00,0.0060,3.00,no
2026-10-05T01:59:04.261521Z,KXETH15M-26OCT042200-00,0.0100,50.00,no
2026-10-05T01:59:04.261521Z,KXETH15M-26OCT042200-00,0.0100,10.00,no
2026-10-05T01:59:04.261521Z,KXETH15M-26OCT042200-00,0.0050,43.00,no
2026-10-05T01:59:04.261521Z,KXETH15M-26OCT042200-00,0.0050,9.00,no
2026-10-05T01:59:04.261521Z,KXETH15M-26OCT042200-00,0.0050,9.00,no
2026-10-05T01:59:04.261521Z,KXETH15M-26OCT042200-00,0.0100,12.00,no
2026-10-05T01:59:04.261521Z,KXETH15M-26OCT042200-00,0.0080,4.00,no
2026-10-05T01:59:04.261521Z,KXETH15M-26OCT042200-00,0.0080,4.00,no
2026-10-05T01:59:04.261521Z,KXETH15M-26OCT042200-00,0.0070,4.00,no
2026-10-05T01:59:04.261521Z,KXETH15M-26OCT042200-00,0.0100,4.00,no
2026-10-05T01:59:04.261521Z,KXETH15M-26OCT042200-00,0.0060,4.00,no
2026-10-05T01:59:04.261521Z,KXETH15M-26OCT042200-00,0.0090,4.00,no
2026-10-05T01:59:04.261521Z,KXETH15M-26OCT042200-00,0.0050,2.00,no
2026-10-05T01:59:04.261521Z,KXETH15M-26OCT042200-00,0.0060,150.00,no
2026-10-05T01:59:04.261521Z,KXETH15M-26OCT042200-00,0.0100,13.50,no
2026-10-05T01:59:04.261521Z,KXETH15M-26OCT042200-00,0.0050,5.00,no
2026-10-05T01:59:04.261521Z,KXETH15M-26OCT042200-00,0.0050,1.00,no
2026-10-05T01:59:04.261521Z,KXETH15M-26OCT042200-00,0.0060,1.00,no
2026-10-05T01:59:04.261521Z,KXETH15M-26OCT042200-00,0.0090,1.00,no
2026-10-05T01:59:04.261521Z,KXETH15M-26OCT042200-00,0.0080,1.00,no
2026-10-05T01:59:04.261521Z,KXETH15M-26OCT042200-00,0.0050,100.00,no
2026-10-05T01:59:04.261521Z,KXETH15M-26OCT042200-00,0.0070,1.00,no
2026-10-05T01:59:04.261521Z,KXETH15M-26OCT042200-00,0.0050,100.00,no
2026-10-05T01:59:04.261521Z,KXETH15M-26OCT042200-00,0.0040,200.50,no
2026-10-05T01:59:04.261521Z,KXETH15M-26OCT042200-00,0.0070,100.00,no
2026-10-05T01:59:04.261521Z,KXETH15M-26OCT042200-00,0.0060,100.00,no
2026-10-05T01:59:04.261521Z,KXETH15M-26OCT042200-00,0.0080,100.00,no
2026-10-05T01:59:04.261521Z,KXETH15M-26OCT042200-00,0.0090,100.00,no
2026-10-05T01:59:04.261521Z,KXETH15M-26OCT042200-00,0.0050,11.00,no
2026-10-05T01:59:04.304994Z,KXETH15M-26OCT042200-00,0.0090,11.61,yes
2026-10-05T01:59:04.304994Z,KXETH15M-26OCT042200-00,0.0090,22.00,yes
2026-10-05T01:59:04.414811Z,KXETH15M-26OCT042200-00,0.0080,1.60,yes
2026-10-05T01:59:04.414811Z,KXETH15M-26OCT042200-00,0.0080,100.00,yes
2026-10-05T01:59:04.428104Z,KXETH15M-26OCT042200-00,0.0080,9.00,yes
2026-10-05T01:59:04.458725Z,KXETH15M-26OCT042200-00,0.0080,31.52,yes
2026-10-05T01:59:04.501951Z,KXETH15M-26OCT042200-00,0.0070,0.20,no
2026-10-05T01:59:04.887911Z,KXETH15M-26OCT042200-00,0.0080,13.29,yes
2026-10-05T01:59:04.970026Z,KXETH15M-26OCT042200-00,0.0080,17.35,yes
2026-10-05T01:59:05.170136Z,KXETH15M-26OCT042200-00,0.0080,2.00,yes
2026-10-05T01:59:05.236409Z,KXETH15M-26OCT042200-00,0.0080,18.45,yes
2026-10-05T01:59:05.236409Z,KXETH15M-26OCT042200-00,0.0080,25.24,yes
2026-10-05T01:59:05.412393Z,KXETH15M-26OCT042200-00,0.0090,14.04,yes
2026-10-05T01:59:05.412393Z,KXETH15M-26OCT042200-00,0.0080,81.55,yes
2026-10-05T01:59:05.528959Z,KXETH15M-26OCT042200-00,0.0080,0.99,yes
2026-10-05T01:59:05.555857Z,KXETH15M-26OCT042200-00,0.0060,41.00,no
2026-10-05T01:59:05.555857Z,KXETH15M-26OCT042200-00,0.0070,63.00,no
2026-10-05T01:59:05.555857Z,KXETH15M-26OCT042200-00,0.0050,12.00,no
2026-10-05T01:59:05.555857Z,KXETH15M-26OCT042200-00,0.0050,41.00,no
2026-10-05T01:59:05.555857Z,KXETH15M-26OCT042200-00,0.0050,20.00,no
2026-10-05T01:59:05.653621Z,KXETH15M-26OCT042200-00,0.0090,13.55,yes
2026-10-05T01:59:05.653621Z,KXETH15M-26OCT042200-00,0.0080,40.01,yes
2026-10-05T01:59:05.653621Z,KXETH15M-26OCT042200-00,0.0070,33.00,yes
2026-10-05T01:59:05.669813Z,KXETH15M-26OCT042200-00,0.0090,72.41,yes
2026-10-05T01:59:05.669813Z,KXETH15M-26OCT042200-00,0.0090,1.55,yes
2026-10-05T01:59:05.669813Z,KXETH15M-26OCT042200-00,0.0080,41.00,yes
2026-10-05T01:59:05.767856Z,KXETH15M-26OCT042200-00,0.0090,23.45,yes
2026-10-05T01:59:05.767856Z,KXETH15M-26OCT042200-00,0.0090,0.50,yes
2026-10-05T01:59:05.767856Z,KXETH15M-26OCT042200-00,0.0080,41.00,yes
2026-10-05T01:59:05.767856Z,KXETH15M-26OCT042200-00,0.0090,41.00,yes
2026-10-05T01:59:06.011916Z,KXETH15M-26OCT042200-00,0.0080,0.10,yes
2026-10-05T01:59:06.402717Z,KXETH15M-26OCT042200-00,0.0080,40.90,yes
2026-10-05T01:59:06.402717Z,KXETH15M-26OCT042200-00,0.0090,67.54,yes
2026-10-05T01:59:06.689044Z,KXETH15M-26OCT042200-00,0.0080,41.00,yes
2026-10-05T01:59:06.689044Z,KXETH15M-26OCT042200-00,0.0090,31.96,yes
2026-10-05T01:59:06.689044Z,KXETH15M-26OCT042200-00,0.0090,18.48,yes
2026-10-05T01:59:06.689044Z,KXETH15M-26OCT042200-00,0.0080,17.00,yes
2026-10-05T01:59:07.05621Z,KXETH15M-26OCT042200-00,0.0070,20.00,yes
2026-10-05T01:59:07.05621Z,KXETH15M-26OCT042200-00,0.0070,0.34,yes
2026-10-05T01:59:07.127251Z,KXETH15M-26OCT042200-00,0.0070,8.00,yes
2026-10-05T01:59:07.127251Z,KXETH15M-26OCT042200-00,0.0120,4.00,yes
2026-10-05T01:59:07.127251Z,KXETH15M-26OCT042200-00,0.0090,22.52,yes
2026-10-05T01:59:07.127251Z,KXETH15M-26OCT042200-00,0.0100,4.00,yes
2026-10-05T01:59:07.127251Z,KXETH15M-26OCT042200-00,0.0140,11.00,yes
2026-10-05T01:59:07.127251Z,KXETH15M-26OCT042200-00,0.0090,4.00,yes
2026-10-05T01:59:07.127251Z,KXETH15M-26OCT042200-00,0.0080,4.00,yes
2026-10-05T01:59:07.127251Z,KXETH15M-26OCT042200-00,0.0080,41.00,yes
2026-10-05T01:59:07.127251Z,KXETH15M-26OCT042200-00,0.0070,29.66,yes
2026-10-05T01:59:07.127251Z,KXETH15M-26OCT042200-00,0.0100,4.00,yes
2026-10-05T01:59:07.127251Z,KXETH15M-26OCT042200-00,0.0080,18.00,yes
2026-10-05T01:59:07.127251Z,KXETH15M-26OCT042200-00,0.0110,4.00,yes
2026-10-05T01:59:07.127251Z,KXETH15M-26OCT042200-00,0.0150,9.00,yes
2026-10-05T01:59:07.127251Z,KXETH15M-26OCT042200-00,0.0110,3.00,yes
2026-10-05T01:59:07.127251Z,KXETH15M-26OCT042200-00,0.0150,9.00,yes
2026-10-05T01:59:07.127251Z,KXETH15M-26OCT042200-00,0.0160,80.10,yes
2026-10-05T01:59:07.127251Z,KXETH15M-26OCT042200-00,0.0100,100.00,yes
2026-10-05T01:59:07.127251Z,KXETH15M-26OCT042200-00,0.0150,14.00,yes
2026-10-05T01:59:07.132149Z,KXETH15M-26OCT042200-00,0.0160,31.35,yes
2026-10-05T01:59:07.300936Z,KXETH15M-26OCT042200-00,0.0080,0.68,yes
2026-10-05T01:59:07.395926Z,KXETH15M-26OCT042200-00,0.0080,4.30,yes
2026-10-05T01:59:07.426613Z,KXETH15M-26OCT042200-00,0.0040,219.00,no
2026-10-05T01:59:07.484875Z,KXETH15M-26OCT042200-00,0.0080,9.00,yes
2026-10-05T01:59:07.750461Z,KXETH15M-26OCT042200-00,0.0110,4.00,yes
2026-10-05T01:59:07.750461Z,KXETH15M-26OCT042200-00,0.0100,4.00,yes
2026-10-05T01:59:07.750461Z,KXETH15M-26OCT042200-00,0.0110,4.00,yes
2026-10-05T01:59:07.750461Z,KXETH15M-26OCT042200-00,0.0160,219.00,yes
2026-10-05T01:59:07.750461Z,KXETH15M-26OCT042200-00,0.0070,20.00,yes
2026-10-05T01:59:07.750461Z,KXETH15M-26OCT042200-00,0.0080,14.00,yes
2026-10-05T01:59:07.750461Z,KXETH15M-26OCT042200-00,0.0130,11.00,yes
2026-10-05T01:59:07.750461Z,KXETH15M-26OCT042200-00,0.0150,14.00,yes
2026-10-05T01:59:07.750461Z,KXETH15M-26OCT042200-00,0.0090,4.00,yes
2026-10-05T01:59:07.750461Z,KXETH15M-26OCT042200-00,0.0120,4.00,yes
2026-10-05T01:59:07.750461Z,KXETH15M-26OCT042200-00,0.0130,4.00,yes
2026-10-05T01:59:07.750461Z,KXETH15M-26OCT042200-00,0.0080,6.02,yes
2026-10-05T01:59:07.750461Z,KXETH15M-26OCT042200-00,0.0070,20.00,yes
2026-10-05T01:59:07.750461Z,KXETH15M-26OCT042200-00,0.0160,89.05,yes
2026-10-05T01:59:07.750461Z,KXETH15M-26OCT042200-00,0.0200,65.78,yes
2026-10-05T01:59:08.26497Z,KXETH15M-26OCT042200-00,0.0150,9.00,yes
2026-10-05T01:59:08.26497Z,KXETH15M-26OCT042200-00,0.0150,9.00,yes
2026-10-05T01:59:08.26497Z,KXETH15M-26OCT042200-00,0.0150,4.00,yes
2026-10-05T01:59:08.26497Z,KXETH15M-26OCT042200-00,0.0160,4.00,yes
2026-10-05T01:59:08.26497Z,KXETH15M-26OCT042200-00,0.0070,20.00,yes
2026-10-05T01:59:08.26497Z,KXETH15M-26OCT042200-00,0.0130,4.00,yes
2026-10-05T01:59:08.26497Z,KXETH15M-26OCT042200-00,0.0140,4.00,yes
2026-10-05T01:59:08.26497Z,KXETH15M-26OCT042200-00,0.0120,11.00,yes
2026-10-05T01:59:08.26497Z,KXETH15M-26OCT042200-00,0.0080,20.00,yes
2026-10-05T01:59:08.26497Z,KXETH15M-26OCT042200-00,0.0120,4.00,yes
2026-10-05T01:59:08.26497Z,KXETH15M-26OCT042200-00,0.0190,12.00,yes
2026-10-05T01:59:08.26497Z,KXETH15M-26OCT042200-00,0.0100,9.00,yes
2026-10-05T01:59:08.26497Z,KXETH15M-26OCT042200-00,0.0100,9.00,yes
2026-10-05T01:59:08.26497Z,KXETH15M-26OCT042200-00,0.0140,4.00,yes
2026-10-05T01:59:08.26497Z,KXETH15M-26OCT042200-00,0.0070,20.00,yes
2026-10-05T01:59:08.26497Z,KXETH15M-26OCT042200-00,0.0070,35.00,yes
2026-10-05T01:59:08.26497Z,KXETH15M-26OCT042200-00,0.0200,10.32,yes
2026-10-05T01:59:08.370599Z,KXETH15M-26OCT042200-00,0.0080,14.11,no
2026-10-05T01:59:08.370599Z,KXETH15M-26OCT042200-00,0.0080,11.00,no
2026-10-05T01:59:08.370599Z,KXETH15M-26OCT042200-00,0.0080,4.00,no
2026-10-05T01:59:08.510432Z,KXETH15M-26OCT042200-00,0.0060,4.00,no
2026-10-05T01:59:08.510432Z,KXETH15M-26OCT042200-00,0.0050,4.00,no
2026-10-05T01:59:08.510432Z,KXETH15M-26OCT042200-00,0.0050,0.33,no
2026-10-05T01:59:08.887893Z,KXETH15M-26OCT042200-00,0.0130,11.00,yes
2026-10-05T01:59:08.887893Z,KXETH15M-26OCT042200-00,0.0110,4.00,yes
2026-10-05T01:59:08.887893Z,KXETH15M-26OCT042200-00,0.0130,4.00,yes
2026-10-05T01:59:08.887893Z,KXETH15M-26OCT042200-00,0.0120,4.00,yes
2026-10-05T01:59:08.887893Z,KXETH15M-26OCT042200-00,0.0070,20.00,yes
2026-10-05T01:59:08.887893Z,KXETH15M-26OCT042200-00,0.0080,20.00,yes
2026-10-05T01:59:08.887893Z,KXETH15M-26OCT042200-00,0.0100,9.00,yes
2026-10-05T01:59:08.887893Z,KXETH15M-26OCT042200-00,0.0130,4.00,yes
2026-10-05T01:59:08.887893Z,KXETH15M-26OCT042200-00,0.0150,3.05,yes
2026-10-05T01:59:08.887893Z,KXETH15M-26OCT042200-00,0.0070,25.00,yes
2026-10-05T01:59:08.887893Z,KXETH15M-26OCT042200-00,0.0140,4.00,yes
2026-10-05T01:59:08.887893Z,KXETH15M-26OCT042200-00,0.0100,9.00,yes
2026-10-05T01:59:09.015446Z,KXETH15M-26OCT042200-00,0.0050,4.00,no
2026-10-05T01:59:09.015446Z,KXETH15M-26OCT042200-00,0.0060,4.00,no
2026-10-05T01:59:09.015446Z,KXETH15M-26OCT042200-00,0.0050,11.67,no
2026-10-05T01:59:09.015446Z,KXETH15M-26OCT042200-00,0.0050,0.33,no
2026-10-05T01:59:09.015446Z,KXETH15M-26OCT042200-00,0.0040,5.11,no
2026-10-05T01:59:09.023017Z,KXETH15M-26OCT042200-00,0.0070,20.00,yes
2026-10-05T01:59:09.023017Z,KXETH15M-26OCT042200-00,0.0080,0.34,yes
2026-10-05T01:59:09.47911Z,KXETH15M-26OCT042200-00,0.0070,20.00,yes
2026-10-05T01:59:09.47911Z,KXETH15M-26OCT042200-00,0.0100,9.00,yes
2026-10-05T01:59:09.47911Z,KXETH15M-26OCT042200-00,0.0060,20.00,yes
2026-10-05T01:59:09.47911Z,KXETH15M-26OCT042200-00,0.0100,10.90,yes
2026-10-05T01:59:09.47911Z,KXETH15M-26OCT042200-00,0.0070,3.00,yes
2026-10-05T01:59:09.47911Z,KXETH15M-26OCT042200-00,0.0070,25.00,yes
2026-10-05T01:59:09.47911Z,KXETH15M-26OCT042200-00,0.0100,5.69,yes
2026-10-05T01:59:09.594901Z,KXETH15M-26OCT042200-00,0.0050,12.00,no
2026-10-05T01:59:09.594901Z,KXETH15M-26OCT042200-00,0.0050,12.00,no
2026-10-05T01:59:09.594901Z,KXETH15M-26OCT042200-00,0.0040,26.19,no
2026-10-05T01:59:09.774439Z,KXETH15M-26OCT042200-00,0.0040,50.00,no
2026-10-05T01:59:10.107689Z,KXETH15M-26OCT042200-00,0.0040,11.00,no
2026-10-05T01:59:10.393464Z,KXETH15M-26OCT042200-00,0.0100,10.33,yes
2026-10-05T01:59:10.393464Z,KXETH15M-26OCT042200-00,0.0060,20.00,yes
2026-10-05T01:59:10.393464Z,KXETH15M-26OCT042200-00,0.0070,28.00,yes
2026-10-05T01:59:10.393464Z,KXETH15M-26OCT042200-00,0.0070,20.00,yes
2026-10-05T01:59:10.393464Z,KXETH15M-26OCT042200-00,0.0100,14.10,yes
2026-10-05T01:59:10.393464Z,KXETH15M-26OCT042200-00,0.0100,10.00,yes
2026-10-05T01:59:10.393464Z,KXETH15M-26OCT042200-00,0.0050,21.00,yes
2026-10-05T01:59:10.393464Z,KXETH15M-26OCT042200-00,0.0110,32.32,yes
2026-10-05T01:59:10.393464Z,KXETH15M-26OCT042200-00,0.0100,17.00,yes
2026-10-05T01:59:10.472609Z,KXETH15M-26OCT042200-00,0.0040,35.00,no
2026-10-05T01:59:10.579022Z,KXETH15M-26OCT042200-00,0.0100,17.00,yes
2026-10-05T01:59:10.579022Z,KXETH15M-26OCT042200-00,0.0100,3.45,yes
2026-10-05T01:59:10.579022Z,KXETH15M-26OCT042200-00,0.0110,16.12,yes
2026-10-05T01:59:10.579022Z,KXETH15M-26OCT042200-00,0.0060,20.00,yes
2026-10-05T01:59:10.579022Z,KXETH15M-26OCT042200-00,0.0070,20.00,yes
2026-10-05T01:59:10.579022Z,KXETH15M-26OCT042200-00,0.0070,42.00,yes
2026-10-05T01:59:10.653164Z,KXETH15M-26OCT042200-00,0.0060,20.00,yes
2026-10-05T01:59:10.653164Z,KXETH15M-26OCT042200-00,0.0100,1.85,yes
2026-10-05T01:59:10.653164Z,KXETH15M-26OCT042200-00,0.0070,20.00,yes
2026-10-05T01:59:10.938469Z,KXETH15M-26OCT042200-00,0.0100,17.00,yes
2026-10-05T01:59:10.938469Z,KXETH15M-26OCT042200-00,0.0060,20.00,yes
2026-10-05T01:59:10.938469Z,KXETH15M-26OCT042200-00,0.0070,42.00,yes
2026-10-05T01:59:10.938469Z,KXETH15M-26OCT042200-00,0.0070,20.00,yes
2026-10-05T01:59:10.938469Z,KXETH15M-26OCT042200-00,0.0110,344.05,yes
2026-10-05T01:59:10.963787Z,KXETH15M-26OCT042200-00,0.0070,4.01,yes
2026-10-05T01:59:10.963787Z,KXETH15M-26OCT042200-00,0.0060,20.00,yes
2026-10-05T01:59:11.856946Z,KXETH15M-26OCT042200-00,0.0040,10.00,no
2026-10-05T01:59:11.856946Z,KXETH15M-26OCT042200-00,0.0040,45.00,no
2026-10-05T01:59:11.856946Z,KXETH15M-26OCT042200-00,0.0040,13.00,no
2026-10-05T01:59:11.856946Z,KXETH15M-26OCT042200-00,0.0040,100.00,no
2026-10-05T01:59:11.856946Z,KXETH15M-26OCT042200-00,0.0030,279.80,no
2026-10-05T01:59:11.856946Z,KXETH15M-26OCT042200-00,0.0040,124.20,no
2026-10-05T01:59:11.856946Z,KXETH15M-26OCT042200-00,0.0040,1.00,no
2026-10-05T01:59:11.856946Z,KXETH15M-26OCT042200-00,0.0040,1.00,no
2026-10-05T01:59:11.856946Z,KXETH15M-26OCT042200-00,0.0040,1.00,no
2026-10-05T01:59:11.856946Z,KXETH15M-26OCT042200-00,0.0040,1.00,no
2026-10-05T01:59:11.856946Z,KXETH15M-26OCT042200-00,0.0040,1.00,no
2026-10-05T01:59:11.947823Z,KXETH15M-26OCT042200-00,0.0050,30.54,yes
2026-10-05T01:59:12.204244Z,KXETH15M-26OCT042200-00,0.0030,11.80,no
2026-10-05T01:59:12.345428Z,KXETH15M-26OCT042200-00,0.0070,15.99,yes
2026-10-05T01:59:12.345428Z,KXETH15M-26OCT042200-00,0.0080,10.00,yes
2026-10-05T01:59:12.345428Z,KXETH15M-26OCT042200-00,0.0060,36.00,yes
2026-10-05T01:59:12.345428Z,KXETH15M-26OCT042200-00,0.0080,22.00,yes
2026-10-05T01:59:12.345428Z,KXETH15M-26OCT042200-00,0.0050,69.46,yes
2026-10-05T01:59:12.345428Z,KXETH15M-26OCT042200-00,0.0060,20.00,yes
2026-10-05T01:59:12.345428Z,KXETH15M-26OCT042200-00,0.0040,11.80,yes
2026-10-05T01:59:12.345428Z,KXETH15M-26OCT042200-00,0.0040,25.00,yes
2026-10-05T01:59:12.345428Z,KXETH15M-26OCT042200-00,0.0090,83.98,yes
2026-10-05T01:59:12.456806Z,KXETH15M-26OCT042200-00,0.0030,41.00,no
2026-10-05T01:59:12.456806Z,KXETH15M-26OCT042200-00,0.0030,72.00,no
2026-10-05T01:59:12.456806Z,KXETH15M-26OCT042200-00,0.0030,36.00,no
2026-10-05T01:59:12.456806Z,KXETH15M-26OCT042200-00,0.0030,17.00,no
2026-10-05T01:59:12.456806Z,KXETH15M-26OCT042200-00,0.0030,18.00,no
2026-10-05T01:59:12.456806Z,KXETH15M-26OCT042200-00,0.0030,88.20,no
2026-10-05T01:59:12.456806Z,KXETH15M-26OCT042200-00,0.0020,199.01,no
2026-10-05T01:59:12.456806Z,KXETH15M-26OCT042200-00,0.0030,2.00,no
2026-10-05T01:59:12.456806Z,KXETH15M-26OCT042200-00,0.0030,2.00,no
2026-10-05T01:59:12.456806Z,KXETH15M-26OCT042200-00,0.0030,2.00,no
2026-10-05T01:59:12.456806Z,KXETH15M-26OCT042200-00,0.0030,2.00,no
2026-10-05T01:59:12.456806Z,KXETH15M-26OCT042200-00,0.0030,2.00,no
2026-10-05T01:59:12.512857Z,KXETH15M-26OCT042200-00,0.0040,26.17,yes
2026-10-05T01:59:12.827233Z,KXETH15M-26OCT042200-00,0.0020,2.00,no
2026-10-05T01:59:13.020885Z,KXETH15M-26OCT042200-00,0.0040,24.00,yes
2026-10-05T01:59:13.020885Z,KXETH15M-26OCT042200-00,0.0040,24.83,yes
2026-10-05T01:59:13.020885Z,KXETH15M-26OCT042200-00,0.0040,53.95,yes
2026-10-05T01:59:13.471798Z,KXETH15M-26OCT042200-00,0.0040,4.93,yes
2026-10-05T01:59:13.623045Z,KXETH15M-26OCT042200-00,0.0050,20.00,yes
2026-10-05T01:59:13.623045Z,KXETH15M-26OCT042200-00,0.0050,113.00,yes
2026-10-05T01:59:13.623045Z,KXETH15M-26OCT042200-00,0.0040,29.32,yes
2026-10-05T01:59:13.623045Z,KXETH15M-26OCT042200-00,0.0060,25.19,yes
2026-10-05T01:59:13.632719Z,KXETH15M-26OCT042200-00,0.0060,20.00,yes
2026-10-05T01:59:13.632719Z,KXETH15M-26OCT042200-00,0.0050,20.00,yes
2026-10-05T01:59:13.632719Z,KXETH15M-26OCT042200-00,0.0060,52.00,yes
2026-10-05T01:59:13.632719Z,KXETH15M-26OCT042200-00,0.0070,42.08,yes
2026-10-05T01:59:14.064045Z,KXETH15M-26OCT042200-00,0.0040,3.46,no
2026-10-05T01:59:14.165754Z,KXETH15M-26OCT042200-00,0.0040,70.54,no
2026-10-05T01:59:14.165754Z,KXETH15M-26OCT042200-00,0.0030,17.00,no
2026-10-05T01:59:14.165754Z,KXETH15M-26OCT042200-00,0.0030,71.00,no
2026-10-05T01:59:14.165754Z,KXETH15M-26OCT042200-00,0.0020,31.84,no
2026-10-05T01:59:14.448554Z,KXETH15M-26OCT042200-00,0.0030,29.83,no
2026-10-05T01:59:14.476209Z,KXETH15M-26OCT042200-00,0.0040,19.00,yes
2026-10-05T01:59:14.476209Z,KXETH15M-26OCT042200-00,0.0040,40.00,yes
2026-10-05T01:59:14.884866Z,KXETH15M-26OCT042200-00,0.0060,20.00,yes
2026-10-05T01:59:14.884866Z,KXETH15M-26OCT042200-00,0.0050,20.00,yes
2026-10-05T01:59:14.884866Z,KXETH15M-26OCT042200-00,0.0060,39.25,yes
2026-10-05T01:59:14.884866Z,KXETH15M-26OCT042200-00,0.0050,27.00,yes
2026-10-05T01:59:14.990813Z,KXETH15M-26OCT042200-00,0.0060,47.00,yes
2026-10-05T01:59:14.990813Z,KXETH15M-26OCT042200-00,0.0060,20.00,yes
2026-10-05T01:59:14.990813Z,KXETH15M-26OCT042200-00,0.0050,20.00,yes
2026-10-05T01:59:14.990813Z,KXETH15M-26OCT042200-00,0.0070,16.69,yes
2026-10-05T01:59:15.182612Z,KXETH15M-26OCT042200-00,0.0050,1.00,yes
2026-10-05T01:59:15.182612Z,KXETH15M-26OCT042200-00,0.0060,4.65,yes
2026-10-05T01:59:15.182612Z,KXETH15M-26OCT042200-00,0.0050,20.00,yes
2026-10-05T01:59:15.564939Z,KXETH15M-26OCT042200-00,0.0050,20.00,yes
2026-10-05T01:59:15.564939Z,KXETH15M-26OCT042200-00,0.0060,1.75,yes
2026-10-05T01:59:15.564939Z,KXETH15M-26OCT042200-00,0.0050,21.00,yes
2026-10-05T01:59:15.564939Z,KXETH15M-26OCT042200-00,0.0050,45.00,yes
2026-10-05T01:59:15.564939Z,KXETH15M-26OCT042200-00,0.0060,15.35,yes
2026-10-05T01:59:16.088907Z,KXETH15M-26OCT042200-00,0.0060,20.00,yes
2026-10-05T01:59:16.088907Z,KXETH15M-26OCT042200-00,0.0050,20.00,yes
2026-10-05T01:59:16.088907Z,KXETH15M-26OCT042200-00,0.0060,31.25,yes
2026-10-05T01:59:16.088907Z,KXETH15M-26OCT042200-00,0.0070,74.80,yes
2026-10-05T01:59:16.100558Z,KXETH15M-26OCT042200-00,0.0050,8.82,yes
2026-10-05T01:59:16.329204Z,KXETH15M-26OCT042200-00,0.0040,33.12,no
2026-10-05T01:59:16.376932Z,KXETH15M-26OCT042200-00,0.0050,11.18,yes
2026-10-05T01:59:16.376932Z,KXETH15M-26OCT042200-00,0.0050,7.00,yes
2026-10-05T01:59:16.696391Z,KXETH15M-26OCT042200-00,0.0100,160.00,yes
2026-10-05T01:59:16.696391Z,KXETH15M-26OCT042200-00,0.0070,4.00,yes
2026-10-05T01:59:16.696391Z,KXETH15M-26OCT042200-00,0.0070,4.00,yes
2026-10-05T01:59:16.696391Z,KXETH15M-26OCT042200-00,0.0100,136.86,yes
2026-10-05T01:59:16.696391Z,KXETH15M-26OCT042200-00,0.0080,20.00,yes
2026-10-05T01:59:16.696391Z,KXETH15M-26OCT042200-00,0.0060,4.00,yes
2026-10-05T01:59:16.696391Z,KXETH15M-26OCT042200-00,0.0060,20.00,yes
2026-10-05T01:59:16.696391Z,KXETH15M-26OCT042200-00,0.0080,22.00,yes
2026-10-05T01:59:16.696391Z,KXETH15M-26OCT042200-00,0.0050,25.00,yes
2026-10-05T01:59:16.696391Z,KXETH15M-26OCT042200-00,0.0070,53.00,yes
2026-10-05T01:59:16.696391Z,KXETH15M-26OCT042200-00,0.0050,20.00,yes
2026-10-05T01:59:16.696391Z,KXETH15M-26OCT042200-00,0.0080,5.00,yes
2026-10-05T01:59:16.696391Z,KXETH15M-26OCT042200-00,0.0090,4.00,yes
2026-10-05T01:59:16.696391Z,KXETH15M-26OCT042200-00,0.0080,4.00,yes
2026-10-05T01:59:16.696391Z,KXETH15M-26OCT042200-00,0.0080,4.00,yes
2026-10-05T01:59:16.696391Z,KXETH15M-26OCT042200-00,0.0090,195.82,yes
2026-10-05T01:59:16.696391Z,KXETH15M-26OCT042200-00,0.0070,67.44,yes
2026-10-05T01:59:16.696391Z,KXETH15M-26OCT042200-00,0.0100,24.41,yes
2026-10-05T01:59:16.696391Z,KXETH15M-26OCT042200-00,0.0080,100.00,yes
2026-10-05T01:59:16.785144Z,KXETH15M-26OCT042200-00,0.0040,11.04,no
2026-10-05T01:59:16.863022Z,KXETH15M-26OCT042200-00,0.0040,48.05,no
2026-10-05T01:59:17.194088Z,KXETH15M-26OCT042200-00,0.0070,22.18,yes
2026-10-05T01:59:17.465643Z,KXETH15M-26OCT042200-00,0.0060,10.12,no
2026-10-05T01:59:17.465643Z,KXETH15M-26OCT042200-00,0.0060,15.00,no
2026-10-05T01:59:17.98148Z,KXETH15M-26OCT042200-00,0.0050,20.00,yes
2026-10-05T01:59:17.98148Z,KXETH15M-26OCT042200-00,0.0060,20.00,yes
2026-10-05T01:59:17.98148Z,KXETH15M-26OCT042200-00,0.0050,20.00,yes
2026-10-05T01:59:17.98148Z,KXETH15M-26OCT042200-00,0.0050,15.00,yes
2026-10-05T01:59:17.98148Z,KXETH15M-26OCT042200-00,0.0070,25.00,yes
2026-10-05T01:59:17.98148Z,KXETH15M-26OCT042200-00,0.0070,30.00,yes
2026-10-05T01:59:18.028894Z,KXETH15M-26OCT042200-00,0.0070,5.00,no
2026-10-05T01:59:18.199654Z,KXETH15M-26OCT042200-00,0.0080,0.71,yes
2026-10-05T01:59:18.296693Z,KXETH15M-26OCT042200-00,0.0070,40.00,no
2026-10-05T01:59:18.308758Z,KXETH15M-26OCT042200-00,0.0070,28.10,no
2026-10-05T01:59:18.393409Z,KXETH15M-26OCT042200-00,0.0070,5.03,no
2026-10-05T01:59:18.588059Z,KXETH15M-26OCT042200-00,0.0070,40.00,no
2026-10-05T01:59:18.695803Z,KXETH15M-26OCT042200-00,0.0150,9.00,yes
2026-10-05T01:59:18.695803Z,KXETH15M-26OCT042200-00,0.0080,40.00,yes
2026-10-05T01:59:18.695803Z,KXETH15M-26OCT042200-00,0.0080,90.00,yes
2026-10-05T01:59:18.695803Z,KXETH15M-26OCT042200-00,0.0080,39.00,yes
2026-10-05T01:59:18.695803Z,KXETH15M-26OCT042200-00,0.0100,9.00,yes
2026-10-05T01:59:18.695803Z,KXETH15M-26OCT042200-00,0.0080,52.00,yes
2026-10-05T01:59:18.695803Z,KXETH15M-26OCT042200-00,0.0090,4.00,yes
2026-10-05T01:59:18.695803Z,KXETH15M-26OCT042200-00,0.0080,100.00,yes
2026-10-05T01:59:18.695803Z,KXETH15M-26OCT042200-00,0.0100,4.00,yes
2026-10-05T01:59:18.695803Z,KXETH15M-26OCT042200-00,0.0090,21.00,yes
2026-10-05T01:59:18.695803Z,KXETH15M-26OCT042200-00,0.0100,160.00,yes
2026-10-05T01:59:18.695803Z,KXETH15M-26OCT042200-00,0.0110,4.00,yes
2026-10-05T01:59:18.695803Z,KXETH15M-26OCT042200-00,0.0120,4.00,yes
2026-10-05T01:59:18.695803Z,KXETH15M-26OCT042200-00,0.0110,4.00,yes
2026-10-05T01:59:18.695803Z,KXETH15M-26OCT042200-00,0.0100,10.00,yes
2026-10-05T01:59:18.695803Z,KXETH15M-26OCT042200-00,0.0110,3.00,yes
2026-10-05T01:59:18.695803Z,KXETH15M-26OCT042200-00,0.0100,4.00,yes
2026-10-05T01:59:18.695803Z,KXETH15M-26OCT042200-00,0.0100,23.14,yes
2026-10-05T01:59:18.695803Z,KXETH15M-26OCT042200-00,0.0100,5.00,yes
2026-10-05T01:59:18.695803Z,KXETH15M-26OCT042200-00,0.0100,160.00,yes
2026-10-05T01:59:18.695803Z,KXETH15M-26OCT042200-00,0.0100,160.00,yes
2026-10-05T01:59:18.695803Z,KXETH15M-26OCT042200-00,0.0100,160.00,yes
2026-10-05T01:59:18.695803Z,KXETH15M-26OCT042200-00,0.0100,5.00,yes
2026-10-05T01:59:18.695803Z,KXETH15M-26OCT042200-00,0.0150,1.58,yes
2026-10-05T01:59:19.064432Z,KXETH15M-26OCT042200-00,0.0070,11.00,no
2026-10-05T01:59:19.073943Z,KXETH15M-26OCT042200-00,0.0070,5.00,no
2026-10-05T01:59:19.198961Z,KXETH15M-26OCT042200-00,0.0070,3.36,no
2026-10-05T01:59:19.198961Z,KXETH15M-26OCT042200-00,0.0070,1.64,no
2026-10-05T01:59:19.404198Z,KXETH15M-26OCT042200-00,0.0060,62.00,no
2026-10-05T01:59:19.404198Z,KXETH15M-26OCT042200-00,0.0050,60.00,no
2026-10-05T01:59:20.362946Z,KXETH15M-26OCT042200-00,0.0040,51.00,no
2026-10-05T01:59:20.362946Z,KXETH15M-26OCT042200-00,0.0040,85.00,no
2026-10-05T01:59:20.375049Z,KXETH15M-26OCT042200-00,0.0070,25.00,yes
2026-10-05T01:59:20.375049Z,KXETH15M-26OCT042200-00,0.0070,34.22,yes
2026-10-05T01:59:20.375049Z,KXETH15M-26OCT042200-00,0.0040,50.00,yes
2026-10-05T01:59:20.375049Z,KXETH15M-26OCT042200-00,0.0070,4.00,yes
2026-10-05T01:59:20.375049Z,KXETH15M-26OCT042200-00,0.0050,20.00,yes
2026-10-05T01:59:20.375049Z,KXETH15M-26OCT042200-00,0.0060,20.00,yes
2026-10-05T01:59:20.388479Z,KXETH15M-26OCT042200-00,0.0070,40.00,yes
2026-10-05T01:59:20.388479Z,KXETH15M-26OCT042200-00,0.0070,25.00,yes
2026-10-05T01:59:20.388479Z,KXETH15M-26OCT042200-00,0.0060,20.00,yes
2026-10-05T01:59:20.388479Z,KXETH15M-26OCT042200-00,0.0060,2.00,yes
2026-10-05T01:59:20.388479Z,KXETH15M-26OCT042200-00,0.0050,20.00,yes
2026-10-05T01:59:20.388479Z,KXETH15M-26OCT042200-00,0.0080,40.00,yes
2026-10-05T01:59:20.388479Z,KXETH15M-26OCT042200-00,0.0080,24.00,yes
2026-10-05T01:59:20.388479Z,KXETH15M-26OCT042200-00,0.0080,100.00,yes
2026-10-05T01:59:20.730119Z,KXETH15M-26OCT042200-00,0.0060,33.00,yes
2026-10-05T01:59:20.730119Z,KXETH15M-26OCT042200-00,0.0050,20.00,yes
2026-10-05T01:59:21.43112Z,KXETH15M-26OCT042200-00,0.0040,80.00,no
2026-10-05T01:59:21.43112Z,KXETH15M-26OCT042200-00,0.0040,13.00,no
2026-10-05T01:59:21.841509Z,KXETH15M-26OCT042200-00,0.0050,846.19,yes
2026-10-05T01:59:21.841509Z,KXETH15M-26OCT042200-00,0.0050,20.00,yes
2026-10-05T01:59:21.841509Z,KXETH15M-26OCT042200-00,0.0050,30.00,yes
2026-10-05T01:59:21.841509Z,KXETH15M-26OCT042200-00,0.0050,20.00,yes
2026-10-05T01:59:21.935291Z,KXETH15M-26OCT042200-00,0.0050,186.97,yes
2026-10-05T01:59:22.415564Z,KXETH15M-26OCT042200-00,0.0050,186.97,yes
2026-10-05T01:59:22.697072Z,KXETH15M-26OCT042200-00,0.0050,18.00,yes
2026-10-05T01:59:22.705208Z,KXETH15M-26OCT042200-00,0.0050,10.00,yes
2026-10-05T01:59:22.710375Z,KXETH15M-26OCT042200-00,0.0050,7.87,yes
2026-10-05T01:59:22.710375Z,KXETH15M-26OCT042200-00,0.0050,8.13,yes
2026-10-05T01:59:22.71694Z,KXETH15M-26OCT042200-00,0.0050,2.00,yes
2026-10-05T01:59:22.740661Z,KXETH15M-26OCT042200-00,0.0050,12.00,yes
2026-10-05T01:59:22.745047Z,KXETH15M-26OCT042200-00,0.0050,2.00,yes
2026-10-05T01:59:22.771134Z,KXETH15M-26OCT042200-00,0.0050,2.00,yes
2026-10-05T01:59:22.779648Z,KXETH15M-26OCT042200-00,0.0050,2.00,yes
2026-10-05T01:59:23.062547Z,KXETH15M-26OCT042200-00,0.0050,6.00,yes
2026-10-05T01:59:23.068253Z,KXETH15M-26OCT042200-00,0.0050,2.00,yes
2026-10-05T01:59:23.070089Z,KXETH15M-26OCT042200-00,0.0050,4.00,yes
2026-10-05T01:59:23.075485Z,KXETH15M-26OCT042200-00,0.0050,14.00,yes
2026-10-05T01:59:23.092197Z,KXETH15M-26OCT042200-00,0.0070,4.00,yes
2026-10-05T01:59:23.092197Z,KXETH15M-26OCT042200-00,0.0050,45.87,yes
2026-10-05T01:59:23.092197Z,KXETH15M-26OCT042200-00,0.0050,100.00,yes
2026-10-05T01:59:23.092197Z,KXETH15M-26OCT042200-00,0.0070,9.14,yes
2026-10-05T01:59:23.259737Z,KXETH15M-26OCT042200-00,0.0050,16.05,no
2026-10-05T01:59:23.519814Z,KXETH15M-26OCT042200-00,0.0050,0.33,no
2026-10-05T01:59:23.547115Z,KXETH15M-26OCT042200-00,0.0070,4.00,yes
2026-10-05T01:59:23.547115Z,KXETH15M-26OCT042200-00,0.0080,35.69,yes
2026-10-05T01:59:23.547115Z,KXETH15M-26OCT042200-00,0.0080,50.00,yes
2026-10-05T01:59:23.547115Z,KXETH15M-26OCT042200-00,0.0080,50.00,yes
2026-10-05T01:59:23.547115Z,KXETH15M-26OCT042200-00,0.0080,40.00,yes
2026-10-05T01:59:23.547115Z,KXETH15M-26OCT042200-00,0.0070,42.86,yes
2026-10-05T01:59:23.547115Z,KXETH15M-26OCT042200-00,0.0080,16.00,yes
2026-10-05T01:59:23.678537Z,KXETH15M-26OCT042200-00,0.0050,38.62,no
2026-10-05T01:59:23.678537Z,KXETH15M-26OCT042200-00,0.0050,11.00,no
2026-10-05T01:59:23.678537Z,KXETH15M-26OCT042200-00,0.0050,2.21,no
2026-10-05T01:59:23.951945Z,KXETH15M-26OCT042200-00,0.0050,13.00,yes
2026-10-05T01:59:23.951945Z,KXETH15M-26OCT042200-00,0.0050,52.00,yes
2026-10-05T01:59:24.095501Z,KXETH15M-26OCT042200-00,0.0050,13.00,yes
2026-10-05T01:59:24.095501Z,KXETH15M-26OCT042200-00,0.0050,21.00,yes
2026-10-05T01:59:24.095501Z,KXETH15M-26OCT042200-00,0.0050,19.00,yes
2026-10-05T01:59:24.095501Z,KXETH15M-26OCT042200-00,0.0070,36.00,yes
2026-10-05T01:59:24.095501Z,KXETH15M-26OCT042200-00,0.0060,20.00,yes
2026-10-05T01:59:24.095501Z,KXETH15M-26OCT042200-00,0.0050,7.00,yes
2026-10-05T01:59:24.095501Z,KXETH15M-26OCT042200-00,0.0100,160.00,yes
2026-10-05T01:59:24.095501Z,KXETH15M-26OCT042200-00,0.0100,10.47,yes
2026-10-05T01:59:24.095501Z,KXETH15M-26OCT042200-00,0.0100,160.00,yes
2026-10-05T01:59:24.095501Z,KXETH15M-26OCT042200-00,0.0100,160.00,yes
2026-10-05T01:59:24.095501Z,KXETH15M-26OCT042200-00,0.0080,40.00,yes
2026-10-05T01:59:24.095501Z,KXETH15M-26OCT042200-00,0.0080,10.00,yes
2026-10-05T01:59:24.095501Z,KXETH15M-26OCT042200-00,0.0080,40.00,yes
2026-10-05T01:59:24.095501Z,KXETH15M-26OCT042200-00,0.0080,4.31,yes
2026-10-05T01:59:24.095501Z,KXETH15M-26OCT042200-00,0.0070,25.00,yes
2026-10-05T01:59:24.448033Z,KXETH15M-26OCT042200-00,0.0040,1.50,no
2026-10-05T01:59:24.537128Z,KXETH15M-26OCT042200-00,0.0080,7.88,yes
2026-10-05T01:59:24.537128Z,KXETH15M-26OCT042200-00,0.0070,19.00,yes
2026-10-05T01:59:25.045854Z,KXETH15M-26OCT042200-00,0.0080,55.00,yes
2026-10-05T01:59:25.045854Z,KXETH15M-26OCT042200-00,0.0080,55.00,yes
2026-10-05T01:59:25.045854Z,KXETH15M-26OCT042200-00,0.0080,6.25,yes
2026-10-05T01:59:25.180259Z,KXETH15M-26OCT042200-00,0.0050,9.00,no
2026-10-05T01:59:25.180259Z,KXETH15M-26OCT042200-00,0.0050,44.00,no
2026-10-05T01:59:25.180259Z,KXETH15M-26OCT042200-00,0.0030,17.00,no
2026-10-05T01:59:25.180259Z,KXETH15M-26OCT042200-00,0.0040,1.50,no
2026-10-05T01:59:25.180259Z,KXETH15M-26OCT042200-00,0.0050,56.00,no
2026-10-05T01:59:25.180259Z,KXETH15M-26OCT042200-00,0.0020,5.03,no
2026-10-05T01:59:25.180259Z,KXETH15M-26OCT042200-00,0.0020,68.16,no
2026-10-05T01:59:25.180259Z,KXETH15M-26OCT042200-00,0.0020,100.00,no
2026-10-05T01:59:25.694543Z,KXETH15M-26OCT042200-00,0.0050,11.85,yes
2026-10-05T01:59:25.895524Z,KXETH15M-26OCT042200-00,0.0050,28.04,yes
2026-10-05T01:59:25.895524Z,KXETH15M-26OCT042200-00,0.0050,24.15,yes
2026-10-05T01:59:25.895524Z,KXETH15M-26OCT042200-00,0.0050,100.00,yes
2026-10-05T01:59:25.895524Z,KXETH15M-26OCT042200-00,0.0050,24.00,yes
2026-10-05T01:59:26.749873Z,KXETH15M-26OCT042200-00,0.0050,36.00,yes
2026-10-05T01:59:26.749873Z,KXETH15M-26OCT042200-00,0.0060,155.70,yes
2026-10-05T01:59:26.749873Z,KXETH15M-26OCT042200-00,0.0050,24.00,yes
2026-10-05T01:59:26.749873Z,KXETH15M-26OCT042200-00,0.0050,13.00,yes
2026-10-05T01:59:26.749873Z,KXETH15M-26OCT042200-00,0.0100,2.17,yes
2026-10-05T01:59:26.749873Z,KXETH15M-26OCT042200-00,0.0060,6.00,yes
2026-10-05T01:59:26.749873Z,KXETH15M-26OCT042200-00,0.0080,3.00,yes
2026-10-05T01:59:26.749873Z,KXETH15M-26OCT042200-00,0.0080,39.00,yes
2026-10-05T01:59:26.749873Z,KXETH15M-26OCT042200-00,0.0070,1.00,yes
2026-10-05T01:59:26.749873Z,KXETH15M-26OCT042200-00,0.0080,75.00,yes
2026-10-05T01:59:26.749873Z,KXETH15M-26OCT042200-00,0.0080,33.75,yes
2026-10-05T01:59:26.749873Z,KXETH15M-26OCT042200-00,0.0100,149.53,yes
2026-10-05T01:59:26.845945Z,KXETH15M-26OCT042200-00,0.0050,153.00,no
2026-10-05T01:59:27.687636Z,KXETH15M-26OCT042200-00,0.0050,5.06,yes
2026-10-05T01:59:27.713809Z,KXETH15M-26OCT042200-00,0.0040,40.69,no
2026-10-05T01:59:27.780879Z,KXETH15M-26OCT042200-00,0.0050,15.58,yes
2026-10-05T01:59:28.016552Z,KXETH15M-26OCT042200-00,0.0060,99.66,yes
2026-10-05T01:59:28.016552Z,KXETH15M-26OCT042200-00,0.0050,27.36,yes
2026-10-05T01:59:28.016552Z,KXETH15M-26OCT042200-00,0.0050,33.00,yes
2026-10-05T01:59:28.531185Z,KXETH15M-26OCT042200-00,0.0070,32.37,yes
2026-10-05T01:59:29.040088Z,KXETH15M-26OCT042200-00,0.0040,83.00,no
2026-10-05T01:59:29.040088Z,KXETH15M-26OCT042200-00,0.0040,17.00,no
2026-10-05T01:59:29.042203Z,KXETH15M-26OCT042200-00,0.0040,54.00,no
2026-10-05T01:59:29.042203Z,KXETH15M-26OCT042200-00,0.0040,10.00,no
2026-10-05T01:59:29.146058Z,KXETH15M-26OCT042200-00,0.0020,4.89,no
2026-10-05T01:59:29.229586Z,KXETH15M-26OCT042200-00,0.0030,97.00,no
2026-10-05T01:59:29.229586Z,KXETH15M-26OCT042200-00,0.0030,17.00,no
2026-10-05T01:59:29.419121Z,KXETH15M-26OCT042200-00,0.0050,14.67,yes
2026-10-05T01:59:29.419121Z,KXETH15M-26OCT042200-00,0.0040,2.00,yes
2026-10-05T01:59:29.419121Z,KXETH15M-26OCT042200-00,0.0040,105.00,yes
2026-10-05T01:59:29.74851Z,KXETH15M-26OCT042200-00,0.0020,41.00,no
2026-10-05T01:59:29.74851Z,KXETH15M-26OCT042200-00,0.0020,5.00,no
2026-10-05T01:59:29.74851Z,KXETH15M-26OCT042200-00,0.0020,3.00,no
2026-10-05T01:59:29.74851Z,KXETH15M-26OCT042200-00,0.0020,3.00,no
2026-10-05T01:59:29.74851Z,KXETH15M-26OCT042200-00,0.0020,3.00,no
2026-10-05T01:59:29.74851Z,KXETH15M-26OCT042200-00,0.0020,3.00,no
2026-10-05T01:59:29.74851Z,KXETH15M-26OCT042200-00,0.0020,3.00,no
2026-10-05T01:59:29.74851Z,KXETH15M-26OCT042200-00,0.0020,16.08,no
2026-10-05T01:59:29.74851Z,KXETH15M-26OCT042200-00,0.0020,65.92,no
2026-10-05T01:59:30.233054Z,KXETH15M-26OCT042200-00,0.0020,41.00,no
2026-10-05T01:59:30.233054Z,KXETH15M-26OCT042200-00,0.0020,7.00,no
2026-10-05T01:59:30.233054Z,KXETH15M-26OCT042200-00,0.0020,73.00,no
2026-10-05T01:59:30.233054Z,KXETH15M-26OCT042200-00,0.0020,104.00,no
2026-10-05T01:59:30.233054Z,KXETH15M-26OCT042200-00,0.0020,4.00,no
2026-10-05T01:59:30.233054Z,KXETH15M-26OCT042200-00,0.0020,4.00,no
2026-10-05T01:59:30.233054Z,KXETH15M-26OCT042200-00,0.0020,434.08,no
2026-10-05T01:59:30.257082Z,KXETH15M-26OCT042200-00,0.0010,2.00,no
2026-10-05T01:59:30.659097Z,KXETH15M-26OCT042200-00,0.0020,33.12,yes
2026-10-05T01:59:30.797157Z,KXETH15M-26OCT042200-00,0.0020,75.00,yes
2026-10-05T01:59:30.797157Z,KXETH15M-26OCT042200-00,0.0040,2.47,yes
2026-10-05T01:59:30.797157Z,KXETH15M-26OCT042200-00,0.0020,7.88,yes
2026-10-05T01:59:30.84373Z,KXETH15M-26OCT042200-00,0.0020,7.00,no
2026-10-05T01:59:30.84373Z,KXETH15M-26OCT042200-00,0.0020,93.00,no
2026-10-05T01:59:31.051673Z,KXETH15M-26OCT042200-00,0.0050,52.00,yes
2026-10-05T01:59:31.051673Z,KXETH15M-26OCT042200-00,0.0060,1915.50,yes
2026-10-05T01:59:31.051673Z,KXETH15M-26OCT042200-00,0.0050,29.00,yes
2026-10-05T01:59:31.051673Z,KXETH15M-26OCT042200-00,0.0050,700.00,yes
2026-10-05T01:59:31.051673Z,KXETH15M-26OCT042200-00,0.0050,400.00,yes
2026-10-05T01:59:31.051673Z,KXETH15M-26OCT042200-00,0.0050,20.00,yes
2026-10-05T01:59:31.051673Z,KXETH15M-26OCT042200-00,0.0050,100.00,yes
2026-10-05T01:59:31.051673Z,KXETH15M-26OCT042200-00,0.0050,2.00,yes
2026-10-05T01:59:31.051673Z,KXETH15M-26OCT042200-00,0.0040,17.53,yes
2026-10-05T01:59:31.051673Z,KXETH15M-26OCT042200-00,0.0030,36.00,yes
2026-10-05T01:59:31.051673Z,KXETH15M-26OCT042200-00,0.0030,65.00,yes
2026-10-05T01:59:31.238995Z,KXETH15M-26OCT042200-00,0.0020,7.00,no
2026-10-05T01:59:31.238995Z,KXETH15M-26OCT042200-00,0.0020,40.00,no
2026-10-05T01:59:31.238995Z,KXETH15M-26OCT042200-00,0.0020,78.00,no
2026-10-05T01:59:31.238995Z,KXETH15M-26OCT042200-00,0.0020,57.00,no
2026-10-05T01:59:31.676819Z,KXETH15M-26OCT042200-00,0.0040,20.00,yes
2026-10-05T01:59:31.676819Z,KXETH15M-26OCT042200-00,0.0050,10.23,yes
2026-10-05T01:59:31.676819Z,KXETH15M-26OCT042200-00,0.0050,20.00,yes
2026-10-05T01:59:32.154348Z,KXETH15M-26OCT042200-00,0.0040,145.00,yes
2026-10-05T01:59:32.154348Z,KXETH15M-26OCT042200-00,0.0060,559.33,yes
2026-10-05T01:59:32.154348Z,KXETH15M-26OCT042200-00,0.0050,18.77,yes
2026-10-05T01:59:32.154348Z,KXETH15M-26OCT042200-00,0.0050,59.00,yes
2026-10-05T01:59:32.154348Z,KXETH15M-26OCT042200-00,0.0050,10.23,yes
2026-10-05T01:59:32.24297Z,KXETH15M-26OCT042200-00,0.0030,114.00,no
2026-10-05T01:59:32.510617Z,KXETH15M-26OCT042200-00,0.0050,24.11,yes
2026-10-05T01:59:32.510617Z,KXETH15M-26OCT042200-00,0.0050,42.00,yes
2026-10-05T01:59:32.620604Z,KXETH15M-26OCT042200-00,0.0060,1540.01,yes
2026-10-05T01:59:33.087022Z,KXETH15M-26OCT042200-00,0.0020,43.00,no
2026-10-05T01:59:33.087022Z,KXETH15M-26OCT042200-00,0.0020,7.00,no
2026-10-05T01:59:33.09927Z,KXETH15M-26OCT042200-00,0.0020,7.00,no
2026-10-05T01:59:33.09927Z,KXETH15M-26OCT042200-00,0.0020,68.00,no
2026-10-05T01:59:33.09927Z,KXETH15M-26OCT042200-00,0.0010,425.00,no
2026-10-05T01:59:33.132393Z,KXETH15M-26OCT042200-00,0.0010,128.07,no
2026-10-05T01:59:33.132393Z,KXETH15M-26OCT042200-00,0.0010,373.00,no
2026-10-05T01:59:33.483059Z,KXETH15M-26OCT042200-00,0.0030,5.00,yes
2026-10-05T01:59:33.609308Z,KXETH15M-26OCT042200-00,0.0020,3.82,yes
2026-10-05T01:59:34.394635Z,KXETH15M-26OCT042200-00,0.0040,98.88,yes
2026-10-05T01:59:34.394635Z,KXETH15M-26OCT042200-00,0.0030,50.00,yes
2026-10-05T01:59:34.394635Z,KXETH15M-26OCT042200-00,0.0040,32.00,yes
2026-10-05T01:59:34.394635Z,KXETH15M-26OCT042200-00,0.0020,79.00,yes
2026-10-05T01:59:34.394635Z,KXETH15M-26OCT042200-00,0.0020,44.18,yes
2026-10-05T01:59:34.901667Z,KXETH15M-26OCT042200-00,0.0040,70.00,yes
2026-10-05T01:59:35.127028Z,KXETH15M-26OCT042200-00,0.0020,7.00,no
2026-10-05T01:59:35.127028Z,KXETH15M-26OCT042200-00,0.0020,98.00,no
2026-10-05T01:59:35.323323Z,KXETH15M-26OCT042200-00,0.0030,16.72,yes
2026-10-05T01:59:35.964668Z,KXETH15M-26OCT042200-00,0.0020,42.25,no
2026-10-05T01:59:36.047896Z,KXETH15M-26OCT042200-00,0.0030,9.28,yes
2026-10-05T01:59:36.047896Z,KXETH15M-26OCT042200-00,0.0030,21.25,yes
2026-10-05T01:59:36.102871Z,KXETH15M-26OCT042200-00,0.0030,45.00,yes
2026-10-05T01:59:36.102871Z,KXETH15M-26OCT042200-00,0.0050,19.07,yes
2026-10-05T01:59:36.102871Z,KXETH15M-26OCT042200-00,0.0030,37.75,yes
2026-10-05T01:59:36.579963Z,KXETH15M-26OCT042200-00,0.0050,798.00,yes
2026-10-05T01:59:36.579963Z,KXETH15M-26OCT042200-00,0.0050,109.00,yes
2026-10-05T01:59:36.579963Z,KXETH15M-26OCT042200-00,0.0050,27.00,yes
2026-10-05T01:59:36.591414Z,KXETH15M-26OCT042200-00,0.0020,13.02,no
2026-10-05T01:59:36.63979Z,KXETH15M-26OCT042200-00,0.0030,66.00,no
2026-10-05T01:59:37.055296Z,KXETH15M-26OCT042200-00,0.0020,7.73,no
2026-10-05T01:59:37.055296Z,KXETH15M-26OCT042200-00,0.0020,4.27,no
2026-10-05T01:59:37.145826Z,KXETH15M-26OCT042200-00,0.0050,29.00,yes
2026-10-05T01:59:37.145826Z,KXETH15M-26OCT042200-00,0.0050,26.00,yes
2026-10-05T01:59:37.145826Z,KXETH15M-26OCT042200-00,0.0050,3.00,yes
2026-10-05T01:59:37.145826Z,KXETH15M-26OCT042200-00,0.0040,3.00,yes
2026-10-05T01:59:37.145826Z,KXETH15M-26OCT042200-00,0.0060,51.68,yes
2026-10-05T01:59:37.473587Z,KXETH15M-26OCT042200-00,0.0050,29.00,yes
2026-10-05T01:59:37.473587Z,KXETH15M-26OCT042200-00,0.0050,37.00,yes
2026-10-05T01:59:37.473587Z,KXETH15M-26OCT042200-00,0.0030,61.00,yes
2026-10-05T01:59:37.473587Z,KXETH15M-26OCT042200-00,0.0030,25.00,yes
2026-10-05T01:59:37.473587Z,KXETH15M-26OCT042200-00,0.0060,11.84,yes
2026-10-05T01:59:37.487506Z,KXETH15M-26OCT042200-00,0.0060,490.52,yes
2026-10-05T01:59:37.545284Z,KXETH15M-26OCT042200-00,0.0020,0.10,no
2026-10-05T01:59:38.289549Z,KXETH15M-26OCT042200-00,0.0010,41.00,no
2026-10-05T01:59:38.289549Z,KXETH15M-26OCT042200-00,0.0010,200.00,no
2026-10-05T01:59:38.289549Z,KXETH15M-26OCT042200-00,0.0010,4.00,no
2026-10-05T01:59:38.289549Z,KXETH15M-26OCT042200-00,0.0010,46.00,no
2026-10-05T01:59:38.289549Z,KXETH15M-26OCT042200-00,0.0010,109.00,no
2026-10-05T01:59:38.289549Z,KXETH15M-26OCT042200-00,0.0010,19.07,no
2026-10-05T01:59:38.289549Z,KXETH15M-26OCT042200-00,0.0020,4.27,no
2026-10-05T01:59:38.289549Z,KXETH15M-26OCT042200-00,0.0020,0.10,no
2026-10-05T01:59:38.289549Z,KXETH15M-26OCT042200-00,0.0010,800.00,no
2026-10-05T01:59:38.289549Z,KXETH15M-26OCT042200-00,0.0020,95.00,no
2026-10-05T01:59:38.289549Z,KXETH15M-26OCT042200-00,0.0010,98.88,no
2026-10-05T01:59:38.289549Z,KXETH15M-26OCT042200-00,0.0020,2.63,no
2026-10-05T01:59:38.289549Z,KXETH15M-26OCT042200-00,0.0010,2.00,no
2026-10-05T01:59:38.289549Z,KXETH15M-26OCT042200-00,0.0010,50.00,no
2026-10-05T01:59:38.289549Z,KXETH15M-26OCT042200-00,0.0010,653.30,no
2026-10-05T01:59:38.289549Z,KXETH15M-26OCT042200-00,0.0010,1.00,no
2026-10-05T01:59:38.289549Z,KXETH15M-26OCT042200-00,0.0010,1000.00,no
2026-10-05T01:59:38.289549Z,KXETH15M-26OCT042200-00,0.0010,1871.93,no
2026-10-05T01:59:38.289549Z,KXETH15M-26OCT042200-00,0.0010,1.00,no
2026-10-05T01:59:38.289549Z,KXETH15M-26OCT042200-00,0.0010,100.00,no
2026-10-05T01:59:38.289549Z,KXETH15M-26OCT042200-00,0.0010,1.00,no
2026-10-05T01:59:38.388698Z,KXETH15M-26OCT042200-00,0.0010,327.51,yes
2026-10-05T01:59:38.482692Z,KXETH15M-26OCT042200-00,0.0010,100.00,yes
2026-10-05T01:59:38.991384Z,KXETH15M-26OCT042200-00,0.0010,4579.77,yes
2026-10-05T01:59:39.188102Z,KXETH15M-26OCT042200-00,0.0010,1831.90,yes
2026-10-05T01:59:39.336888Z,KXETH15M-26OCT042200-00,0.0010,91.62,yes
2026-10-05T01:59:39.391325Z,KXETH15M-26OCT042200-00,0.0010,117.00,yes
2026-10-05T01:59:39.932568Z,KXETH15M-26OCT042200-00,0.0010,45.85,yes
2026-10-05T01:59:40.287111Z,KXETH15M-26OCT042200-00,0.0010,336.81,yes
2026-10-05T01:59:40.992134Z,KXETH15M-26OCT042200-00,0.0010,7.00,yes
2026-10-05T01:59:41.279599Z,KXETH15M-26OCT042200-00,0.0010,0.20,yes
2026-10-05T01:59:42.749808Z,KXETH15M-26OCT042200-00,0.0010,52.00,yes
2026-10-05T01:59:42.758179Z,KXETH15M-26OCT042200-00,0.0010,400.00,yes
2026-10-05T01:59:43.014152Z,KXETH15M-26OCT042200-00,0.0010,26.00,yes
2026-10-05T01:59:43.232705Z,KXETH15M-26OCT042200-00,0.0010,183.25,yes
2026-10-05T01:59:43.32587Z,KXETH15M-26OCT042200-00,0.0010,18.69,yes
2026-10-05T01:59:44.269293Z,KXETH15M-26OCT042200-00,0.0010,17.00,yes
2026-10-05T01:59:44.499507Z,KXETH15M-26OCT042200-00,0.0010,900.00,yes
2026-10-05T01:59:45.263648Z,KXETH15M-26OCT042200-00,0.0010,1831.90,yes
2026-10-05T01:59:45.614489Z,KXETH15M-26OCT042200-00,0.0010,4.98,yes
2026-10-05T01:59:45.645285Z,KXETH15M-26OCT042200-00,0.0010,325.00,yes
2026-10-05T01:59:46.138539Z,KXETH15M-26OCT042200-00,0.0010,378.47,yes
2026-10-05T01:59:46.395961Z,KXETH15M-26OCT042200-00,0.0010,983.60,yes
2026-10-05T01:59:47.086366Z,KXETH15M-26OCT042200-00,0.0010,5.63,yes
2026-10-05T01:59:47.965256Z,KXETH15M-26OCT042200-00,0.0010,0.80,yes
2026-10-05T01:59:48.639403Z,KXETH15M-26OCT042200-00,0.0010,152.28,yes
2026-10-05T01:59:48.66283Z,KXETH15M-26OCT042200-00,0.0010,119.00,yes
2026-10-05T01:59:52.802262Z,KXETH15M-26OCT042200-00,0.0010,4285.56,yes
2026-10-05T01:59:52.802262Z,KXETH15M-26OCT042200-00,0.0010,581.00,yes
2026-10-05T01:59:52.802262Z,KXETH15M-26OCT042200-00,0.0010,250.25,yes
2026-10-05T01:59:52.802262Z,KXETH15M-26OCT042200-00,0.0010,1627.08,yes
2026-10-05T01:59:52.802262Z,KXETH15M-26OCT042200-00,0.0010,88.00,yes
2026-10-05T01:59:52.802262Z,KXETH15M-26OCT042200-00,0.0010,148.00,yes
2026-10-05T01:59:52.802262Z,KXETH15M-26OCT042200-00,0.0010,1111.00,yes
2026-10-05T01:59:52.802262Z,KXETH15M-26OCT042200-00,0.0010,1058.65,yes
2026-10-05T01:59:52.802262Z,KXETH15M-26OCT042200-00,0.0010,10.01,yes
2026-10-05T01:59:56.088441Z,KXETH15M-26OCT042200-00,0.0010,915.99,yes
2026-10-05T01:59:56.337139Z,KXETH15M-26OCT042200-00,0.0010,1190.00,yes
2026-10-05T01:59:56.655642Z,KXETH15M-26OCT042200-00,0.0010,480.63,yes
2026-10-05T01:59:56.655642Z,KXETH15M-26OCT042200-00,0.0010,435.36,yes
2026-10-05T01:59:56.753402Z,KXETH15M-26OCT042200-00,0.0010,915.99,yes
2026-10-05T01:58:26.146587Z,KXXRP15M-26OCT042200-00,0.0080,210.00,yes
2026-10-05T01:58:27.048773Z,KXXRP15M-26OCT042200-00,0.0080,229.09,yes
2026-10-05T01:58:27.336635Z,KXXRP15M-26OCT042200-00,0.0080,129.97,yes
2026-10-05T01:58:27.438915Z,KXXRP15M-26OCT042200-00,0.0070,1.00,no
2026-10-05T01:58:27.438915Z,KXXRP15M-26OCT042200-00,0.0070,17.00,no
2026-10-05T01:58:27.447868Z,KXXRP15M-26OCT042200-00,0.0080,19.00,yes
2026-10-05T01:58:27.79966Z,KXXRP15M-26OCT042200-00,0.0070,24.76,no
2026-10-05T01:58:27.79966Z,KXXRP15M-26OCT042200-00,0.0070,32.00,no
2026-10-05T01:58:30.092092Z,KXXRP15M-26OCT042200-00,0.0060,19.19,no
2026-10-05T01:58:30.092092Z,KXXRP15M-26OCT042200-00,0.0060,10.00,no
2026-10-05T01:58:30.092092Z,KXXRP15M-26OCT042200-00,0.0060,31.00,no
2026-10-05T01:58:30.386968Z,KXXRP15M-26OCT042200-00,0.0070,50.00,yes
2026-10-05T01:58:30.386968Z,KXXRP15M-26OCT042200-00,0.0080,37.00,yes
2026-10-05T01:58:30.386968Z,KXXRP15M-26OCT042200-00,0.0120,5.00,yes
2026-10-05T01:58:30.386968Z,KXXRP15M-26OCT042200-00,0.0090,4.00,yes
2026-10-05T01:58:30.386968Z,KXXRP15M-26OCT042200-00,0.0070,7.00,yes
2026-10-05T01:58:30.386968Z,KXXRP15M-26OCT042200-00,0.0100,4.00,yes
2026-10-05T01:58:30.386968Z,KXXRP15M-26OCT042200-00,0.0170,26.00,yes
2026-10-05T01:58:30.386968Z,KXXRP15M-26OCT042200-00,0.0120,24.00,yes
2026-10-05T01:58:30.386968Z,KXXRP15M-26OCT042200-00,0.0130,5.00,yes
2026-10-05T01:58:30.386968Z,KXXRP15M-26OCT042200-00,0.0090,66.00,yes
2026-10-05T01:58:30.386968Z,KXXRP15M-26OCT042200-00,0.0110,1.00,yes
2026-10-05T01:58:30.386968Z,KXXRP15M-26OCT042200-00,0.0150,16.00,yes
2026-10-05T01:58:30.386968Z,KXXRP15M-26OCT042200-00,0.0130,20.00,yes
2026-10-05T01:58:30.386968Z,KXXRP15M-26OCT042200-00,0.0140,18.00,yes
2026-10-05T01:58:30.386968Z,KXXRP15M-26OCT042200-00,0.0120,4.00,yes
2026-10-05T01:58:30.386968Z,KXXRP15M-26OCT042200-00,0.0080,25.00,yes
2026-10-05T01:58:30.386968Z,KXXRP15M-26OCT042200-00,0.0130,1.00,yes
2026-10-05T01:58:30.386968Z,KXXRP15M-26OCT042200-00,0.0100,60.00,yes
2026-10-05T01:58:30.386968Z,KXXRP15M-26OCT042200-00,0.0100,25.00,yes
2026-10-05T01:58:30.386968Z,KXXRP15M-26OCT042200-00,0.0110,4.00,yes
2026-10-05T01:58:30.386968Z,KXXRP15M-26OCT042200-00,0.0140,1.00,yes
2026-10-05T01:58:30.386968Z,KXXRP15M-26OCT042200-00,0.0070,10.95,yes
2026-10-05T01:58:30.386968Z,KXXRP15M-26OCT042200-00,0.0180,21.83,yes
2026-10-05T01:58:30.781572Z,KXXRP15M-26OCT042200-00,0.0080,9.00,yes
2026-10-05T01:58:30.791408Z,KXXRP15M-26OCT042200-00,0.0080,3.00,yes
2026-10-05T01:58:30.888928Z,KXXRP15M-26OCT042200-00,0.0080,9.00,yes
2026-10-05T01:58:31.078801Z,KXXRP15M-26OCT042200-00,0.0080,40.00,yes
2026-10-05T01:58:31.867419Z,KXXRP15M-26OCT042200-00,0.0070,12.85,yes
2026-10-05T01:58:32.078058Z,KXXRP15M-26OCT042200-00,0.0070,40.00,yes
2026-10-05T01:58:32.11018Z,KXXRP15M-26OCT042200-00,0.0070,22.00,yes
2026-10-05T01:58:32.456261Z,KXXRP15M-26OCT042200-00,0.0200,7.50,yes
2026-10-05T01:58:32.456261Z,KXXRP15M-26OCT042200-00,0.0170,65.00,yes
2026-10-05T01:58:32.456261Z,KXXRP15M-26OCT042200-00,0.0190,28.00,yes
2026-10-05T01:58:32.456261Z,KXXRP15M-26OCT042200-00,0.0080,40.00,yes
2026-10-05T01:58:32.456261Z,KXXRP15M-26OCT042200-00,0.0130,7.00,yes
2026-10-05T01:58:32.456261Z,KXXRP15M-26OCT042200-00,0.0120,9.00,yes
2026-10-05T01:58:32.456261Z,KXXRP15M-26OCT042200-00,0.0070,19.00,yes
2026-10-05T01:58:32.456261Z,KXXRP15M-26OCT042200-00,0.0150,13.00,yes
2026-10-05T01:58:32.456261Z,KXXRP15M-26OCT042200-00,0.0100,33.00,yes
2026-10-05T01:58:32.456261Z,KXXRP15M-26OCT042200-00,0.0110,9.00,yes
2026-10-05T01:58:32.456261Z,KXXRP15M-26OCT042200-00,0.0160,13.00,yes
2026-10-05T01:58:32.456261Z,KXXRP15M-26OCT042200-00,0.0140,5.00,yes
2026-10-05T01:58:32.456261Z,KXXRP15M-26OCT042200-00,0.0200,173.63,yes
2026-10-05T01:58:32.456261Z,KXXRP15M-26OCT042200-00,0.0080,39.00,yes
2026-10-05T01:58:32.456261Z,KXXRP15M-26OCT042200-00,0.0110,1.00,yes
2026-10-05T01:58:32.456261Z,KXXRP15M-26OCT042200-00,0.0180,24.00,yes
2026-10-05T01:58:32.456261Z,KXXRP15M-26OCT042200-00,0.0130,5.00,yes
2026-10-05T01:58:32.456261Z,KXXRP15M-26OCT042200-00,0.0070,42.15,yes
2026-10-05T01:58:32.456261Z,KXXRP15M-26OCT042200-00,0.0190,40.00,yes
2026-10-05T01:58:33.430508Z,KXXRP15M-26OCT042200-00,0.0090,10.00,no
2026-10-05T01:58:33.430508Z,KXXRP15M-26OCT042200-00,0.0090,26.00,no
2026-10-05T01:58:33.430508Z,KXXRP15M-26OCT042200-00,0.0080,14.29,no
2026-10-05T01:58:33.430508Z,KXXRP15M-26OCT042200-00,0.0090,7.00,no
2026-10-05T01:58:34.1715Z,KXXRP15M-26OCT042200-00,0.0100,5.00,yes
2026-10-05T01:58:34.1715Z,KXXRP15M-26OCT042200-00,0.0190,12.00,yes
2026-10-05T01:58:34.1715Z,KXXRP15M-26OCT042200-00,0.0150,5.00,yes
2026-10-05T01:58:34.1715Z,KXXRP15M-26OCT042200-00,0.0140,5.00,yes
2026-10-05T01:58:34.1715Z,KXXRP15M-26OCT042200-00,0.0200,11.37,yes
2026-10-05T01:58:34.1715Z,KXXRP15M-26OCT042200-00,0.0150,7.50,yes
2026-10-05T01:58:34.1715Z,KXXRP15M-26OCT042200-00,0.0100,10.00,yes
2026-10-05T01:58:34.329036Z,KXXRP15M-26OCT042200-00,0.0100,0.80,no
2026-10-05T01:58:34.506434Z,KXXRP15M-26OCT042200-00,0.0100,7.00,no
2026-10-05T01:58:34.506434Z,KXXRP15M-26OCT042200-00,0.0100,8.00,no
2026-10-05T01:58:34.606006Z,KXXRP15M-26OCT042200-00,0.0090,10.00,no
2026-10-05T01:58:35.345287Z,KXXRP15M-26OCT042200-00,0.0070,5.00,no
2026-10-05T01:58:35.345287Z,KXXRP15M-26OCT042200-00,0.0070,3.00,no
2026-10-05T01:58:35.345287Z,KXXRP15M-26OCT042200-00,0.0080,12.00,no
2026-10-05T01:58:35.345287Z,KXXRP15M-26OCT042200-00,0.0060,12.54,no
2026-10-05T01:58:35.345287Z,KXXRP15M-26OCT042200-00,0.0070,2.00,no
2026-10-05T01:58:35.642394Z,KXXRP15M-26OCT042200-00,0.0120,56.44,yes
2026-10-05T01:58:36.773092Z,KXXRP15M-26OCT042200-00,0.0190,24.85,yes
2026-10-05T01:58:36.804567Z,KXXRP15M-26OCT042200-00,0.0180,96.26,yes
2026-10-05T01:58:36.832045Z,KXXRP15M-26OCT042200-00,0.0110,2.05,no
2026-10-05T01:58:37.562445Z,KXXRP15M-26OCT042200-00,0.0200,7.50,yes
2026-10-05T01:58:37.562445Z,KXXRP15M-26OCT042200-00,0.0180,5.00,yes
2026-10-05T01:58:37.562445Z,KXXRP15M-26OCT042200-00,0.0190,5.00,yes
2026-10-05T01:58:37.562445Z,KXXRP15M-26OCT042200-00,0.0210,5.89,yes
2026-10-05T01:58:37.636149Z,KXXRP15M-26OCT042200-00,0.0190,5.00,yes
2026-10-05T01:58:37.636149Z,KXXRP15M-26OCT042200-00,0.0200,5.00,yes
2026-10-05T01:58:37.636149Z,KXXRP15M-26OCT042200-00,0.0210,9.89,yes
2026-10-05T01:58:37.636149Z,KXXRP15M-26OCT042200-00,0.0210,5.11,yes
2026-10-05T01:58:37.672632Z,KXXRP15M-26OCT042200-00,0.0120,1.00,no
2026-10-05T01:58:37.770031Z,KXXRP15M-26OCT042200-00,0.0210,5.00,yes
2026-10-05T01:58:37.770031Z,KXXRP15M-26OCT042200-00,0.0220,5.00,yes
2026-10-05T01:58:37.770031Z,KXXRP15M-26OCT042200-00,0.0210,55.00,yes
2026-10-05T01:58:37.770031Z,KXXRP15M-26OCT042200-00,0.0250,7.50,yes
2026-10-05T01:58:37.770031Z,KXXRP15M-26OCT042200-00,0.0270,10.00,yes
2026-10-05T01:58:37.770031Z,KXXRP15M-26OCT042200-00,0.0210,10.00,yes
2026-10-05T01:58:37.770031Z,KXXRP15M-26OCT042200-00,0.0210,35.11,yes
2026-10-05T01:58:37.770031Z,KXXRP15M-26OCT042200-00,0.0270,17.63,yes
2026-10-05T01:58:37.770031Z,KXXRP15M-26OCT042200-00,0.0280,0.32,yes
2026-10-05T01:58:37.770031Z,KXXRP15M-26OCT042200-00,0.0280,31.32,yes
2026-10-05T01:58:37.770031Z,KXXRP15M-26OCT042200-00,0.0280,9.58,yes
2026-10-05T01:58:37.770031Z,KXXRP15M-26OCT042200-00,0.0240,7.41,yes
2026-10-05T01:58:37.831719Z,KXXRP15M-26OCT042200-00,0.0140,5.00,no
2026-10-05T01:58:38.173374Z,KXXRP15M-26OCT042200-00,0.0120,5.00,no
2026-10-05T01:58:38.173374Z,KXXRP15M-26OCT042200-00,0.0130,5.00,no
2026-10-05T01:58:38.505163Z,KXXRP15M-26OCT042200-00,0.0210,5.00,yes
2026-10-05T01:58:38.505163Z,KXXRP15M-26OCT042200-00,0.0220,11.28,yes
2026-10-05T01:58:38.505163Z,KXXRP15M-26OCT042200-00,0.0200,5.00,yes
2026-10-05T01:58:38.505163Z,KXXRP15M-26OCT042200-00,0.0210,0.10,yes
2026-10-05T01:58:38.825993Z,KXXRP15M-26OCT042200-00,0.0150,11.28,no
2026-10-05T01:58:39.038403Z,KXXRP15M-26OCT042200-00,0.0130,5.00,no
2026-10-05T01:58:39.223692Z,KXXRP15M-26OCT042200-00,0.0120,5.00,no
2026-10-05T01:58:39.625246Z,KXXRP15M-26OCT042200-00,0.0110,1.00,no
2026-10-05T01:58:40.751902Z,KXXRP15M-26OCT042200-00,0.0160,102.00,yes
2026-10-05T01:58:40.751902Z,KXXRP15M-26OCT042200-00,0.0200,3.32,yes
2026-10-05T01:58:40.751902Z,KXXRP15M-26OCT042200-00,0.0180,0.10,yes
2026-10-05T01:58:40.751902Z,KXXRP15M-26OCT042200-00,0.0240,10.00,yes
2026-10-05T01:58:40.751902Z,KXXRP15M-26OCT042200-00,0.0200,5.00,yes
2026-10-05T01:58:40.751902Z,KXXRP15M-26OCT042200-00,0.0190,5.00,yes
2026-10-05T01:58:40.751902Z,KXXRP15M-26OCT042200-00,0.0250,25.04,yes
2026-10-05T01:58:40.751902Z,KXXRP15M-26OCT042200-00,0.0220,10.10,yes
2026-10-05T01:58:40.751902Z,KXXRP15M-26OCT042200-00,0.0240,16.00,yes
2026-10-05T01:58:40.852573Z,KXXRP15M-26OCT042200-00,0.0110,20.00,no
2026-10-05T01:58:41.634099Z,KXXRP15M-26OCT042200-00,0.0160,37.04,no
2026-10-05T01:58:41.826088Z,KXXRP15M-26OCT042200-00,0.0300,157.44,yes
2026-10-05T01:58:41.826088Z,KXXRP15M-26OCT042200-00,0.0180,28.00,yes
2026-10-05T01:58:41.826088Z,KXXRP15M-26OCT042200-00,0.0240,37.04,yes
2026-10-05T01:58:41.826088Z,KXXRP15M-26OCT042200-00,0.0240,10.00,yes
2026-10-05T01:58:41.826088Z,KXXRP15M-26OCT042200-00,0.0230,10.00,yes
2026-10-05T01:58:41.826088Z,KXXRP15M-26OCT042200-00,0.0210,5.00,yes
2026-10-05T01:58:41.826088Z,KXXRP15M-26OCT042200-00,0.0200,5.00,yes
2026-10-05T01:58:41.826088Z,KXXRP15M-26OCT042200-00,0.0250,44.96,yes
2026-10-05T01:58:41.826088Z,KXXRP15M-26OCT042200-00,0.0290,18.00,yes
2026-10-05T01:58:41.826088Z,KXXRP15M-26OCT042200-00,0.0280,1.83,yes
2026-10-05T01:58:41.826088Z,KXXRP15M-26OCT042200-00,0.0280,0.76,yes
2026-10-05T01:58:41.826088Z,KXXRP15M-26OCT042200-00,0.0280,7.00,yes
2026-10-05T01:58:41.829613Z,KXXRP15M-26OCT042200-00,0.0160,11.59,no
2026-10-05T01:58:42.227257Z,KXXRP15M-26OCT042200-00,0.0150,10.10,no
2026-10-05T01:58:42.350697Z,KXXRP15M-26OCT042200-00,0.0200,1.48,yes
2026-10-05T01:58:43.225329Z,KXXRP15M-26OCT042200-00,0.0150,46.63,no
2026-10-05T01:58:43.42569Z,KXXRP15M-26OCT042200-00,0.0130,5.00,no
2026-10-05T01:58:43.42569Z,KXXRP15M-26OCT042200-00,0.0130,13.06,no
2026-10-05T01:58:44.336494Z,KXXRP15M-26OCT042200-00,0.0040,40.00,no
2026-10-05T01:58:44.336494Z,KXXRP15M-26OCT042200-00,0.0050,16.00,no
2026-10-05T01:58:44.336494Z,KXXRP15M-26OCT042200-00,0.0050,7.50,no
2026-10-05T01:58:44.336494Z,KXXRP15M-26OCT042200-00,0.0120,103.00,no
2026-10-05T01:58:44.336494Z,KXXRP15M-26OCT042200-00,0.0050,8.00,no
2026-10-05T01:58:44.336494Z,KXXRP15M-26OCT042200-00,0.0100,5.00,no
2026-10-05T01:58:44.336494Z,KXXRP15M-26OCT042200-00,0.0100,7.50,no
2026-10-05T01:58:44.336494Z,KXXRP15M-26OCT042200-00,0.0110,5.00,no
2026-10-05T01:58:44.336494Z,KXXRP15M-26OCT042200-00,0.0040,292.56,no
2026-10-05T01:58:44.336494Z,KXXRP15M-26OCT042200-00,0.0040,1.00,no
2026-10-05T01:58:44.336494Z,KXXRP15M-26OCT042200-00,0.0040,1.00,no
2026-10-05T01:58:44.336494Z,KXXRP15M-26OCT042200-00,0.0040,13.00,no
2026-10-05T01:58:44.336494Z,KXXRP15M-26OCT042200-00,0.0040,1.00,no
2026-10-05T01:58:44.336494Z,KXXRP15M-26OCT042200-00,0.0040,1.00,no
2026-10-05T01:58:44.336494Z,KXXRP15M-26OCT042200-00,0.0040,1.00,no
2026-10-05T01:58:44.745654Z,KXXRP15M-26OCT042200-00,0.0300,62.68,yes
2026-10-05T01:58:44.745654Z,KXXRP15M-26OCT042200-00,0.0240,11.59,yes
2026-10-05T01:58:44.745654Z,KXXRP15M-26OCT042200-00,0.0300,1.00,yes
2026-10-05T01:58:44.745654Z,KXXRP15M-26OCT042200-00,0.0300,52.56,yes
2026-10-05T01:58:44.745654Z,KXXRP15M-26OCT042200-00,0.0180,5.00,yes
2026-10-05T01:58:44.745654Z,KXXRP15M-26OCT042200-00,0.0290,10.00,yes
2026-10-05T01:58:44.745654Z,KXXRP15M-26OCT042200-00,0.0200,7.50,yes
2026-10-05T01:58:44.745654Z,KXXRP15M-26OCT042200-00,0.0190,5.00,yes
2026-10-05T01:58:44.745654Z,KXXRP15M-26OCT042200-00,0.0150,141.00,yes
2026-10-05T01:58:44.745654Z,KXXRP15M-26OCT042200-00,0.0230,46.63,yes
2026-10-05T01:58:44.745654Z,KXXRP15M-26OCT042200-00,0.0210,0.10,yes
2026-10-05T01:58:44.763463Z,KXXRP15M-26OCT042200-00,0.0110,3.74,no
2026-10-05T01:58:45.250816Z,KXXRP15M-26OCT042200-00,0.0090,5.00,no
2026-10-05T01:58:45.250816Z,KXXRP15M-26OCT042200-00,0.0100,5.00,no
2026-10-05T01:58:45.604088Z,KXXRP15M-26OCT042200-00,0.0160,87.00,yes
2026-10-05T01:58:45.604088Z,KXXRP15M-26OCT042200-00,0.0150,40.00,yes
2026-10-05T01:58:45.604088Z,KXXRP15M-26OCT042200-00,0.0180,5.00,yes
2026-10-05T01:58:45.604088Z,KXXRP15M-26OCT042200-00,0.0170,5.00,yes
2026-10-05T01:58:45.604088Z,KXXRP15M-26OCT042200-00,0.0270,11.00,yes
2026-10-05T01:58:45.604088Z,KXXRP15M-26OCT042200-00,0.0200,7.50,yes
2026-10-05T01:58:45.604088Z,KXXRP15M-26OCT042200-00,0.0280,8.90,yes
2026-10-05T01:58:47.08396Z,KXXRP15M-26OCT042200-00,0.0090,1.00,no
2026-10-05T01:58:47.08396Z,KXXRP15M-26OCT042200-00,0.0100,5.00,no
2026-10-05T01:58:47.08396Z,KXXRP15M-26OCT042200-00,0.0090,1.46,no
2026-10-05T01:58:47.08396Z,KXXRP15M-26OCT042200-00,0.0100,0.01,no
2026-10-05T01:58:47.522913Z,KXXRP15M-26OCT042200-00,0.0170,3.00,yes
2026-10-05T01:58:47.522913Z,KXXRP15M-26OCT042200-00,0.0160,32.00,yes
2026-10-05T01:58:47.978694Z,KXXRP15M-26OCT042200-00,0.0170,2.00,yes
2026-10-05T01:58:47.978694Z,KXXRP15M-26OCT042200-00,0.0180,5.00,yes
2026-10-05T01:58:47.978694Z,KXXRP15M-26OCT042200-00,0.0280,16.00,yes
2026-10-05T01:58:47.978694Z,KXXRP15M-26OCT042200-00,0.0270,10.00,yes
2026-10-05T01:58:47.978694Z,KXXRP15M-26OCT042200-00,0.0300,2.80,yes
2026-10-05T01:58:47.978694Z,KXXRP15M-26OCT042200-00,0.0180,0.10,yes
2026-10-05T01:58:48.973451Z,KXXRP15M-26OCT042200-00,0.0190,12.00,yes
2026-10-05T01:58:48.973451Z,KXXRP15M-26OCT042200-00,0.0190,5.00,yes
2026-10-05T01:58:48.973451Z,KXXRP15M-26OCT042200-00,0.0200,3.59,yes
2026-10-05T01:58:48.973451Z,KXXRP15M-26OCT042200-00,0.0160,33.00,yes
2026-10-05T01:58:48.973451Z,KXXRP15M-26OCT042200-00,0.0170,0.10,yes
2026-10-05T01:58:49.016759Z,KXXRP15M-26OCT042200-00,0.0200,1.41,yes
2026-10-05T01:58:49.016759Z,KXXRP15M-26OCT042200-00,0.0210,3.59,yes
2026-10-05T01:58:49.016759Z,KXXRP15M-26OCT042200-00,0.0200,19.00,yes
2026-10-05T01:58:49.067135Z,KXXRP15M-26OCT042200-00,0.0210,13.00,yes
2026-10-05T01:58:49.185751Z,KXXRP15M-26OCT042200-00,0.0110,5.00,no
2026-10-05T01:58:49.185751Z,KXXRP15M-26OCT042200-00,0.0120,5.00,no
2026-10-05T01:58:49.185751Z,KXXRP15M-26OCT042200-00,0.0060,14.72,no
2026-10-05T01:58:50.028758Z,KXXRP15M-26OCT042200-00,0.0080,2.50,no
2026-10-05T01:58:50.028758Z,KXXRP15M-26OCT042200-00,0.0090,5.00,no
2026-10-05T01:58:50.028758Z,KXXRP15M-26OCT042200-00,0.0100,7.50,no
2026-10-05T01:58:50.028758Z,KXXRP15M-26OCT042200-00,0.0100,5.00,no
2026-10-05T01:58:50.478831Z,KXXRP15M-26OCT042200-00,0.0150,17.00,yes
2026-10-05T01:58:51.509451Z,KXXRP15M-26OCT042200-00,0.0070,20.00,no
2026-10-05T01:58:51.509451Z,KXXRP15M-26OCT042200-00,0.0080,8.00,no
2026-10-05T01:58:51.509451Z,KXXRP15M-26OCT042200-00,0.0050,7.50,no
2026-10-05T01:58:51.509451Z,KXXRP15M-26OCT042200-00,0.0070,5.00,no
2026-10-05T01:58:51.509451Z,KXXRP15M-26OCT042200-00,0.0080,5.00,no
2026-10-05T01:58:51.509451Z,KXXRP15M-26OCT042200-00,0.0060,0.28,no
2026-10-05T01:58:51.509451Z,KXXRP15M-26OCT042200-00,0.0040,107.44,no
2026-10-05T01:58:51.509451Z,KXXRP15M-26OCT042200-00,0.0030,148.42,no
2026-10-05T01:58:51.509451Z,KXXRP15M-26OCT042200-00,0.0030,200.00,no
2026-10-05T01:58:51.724351Z,KXXRP15M-26OCT042200-00,0.0130,18.00,yes
2026-10-05T01:58:51.724351Z,KXXRP15M-26OCT042200-00,0.0160,21.51,yes
2026-10-05T01:58:51.724351Z,KXXRP15M-26OCT042200-00,0.0140,5.00,yes
2026-10-05T01:58:51.724351Z,KXXRP15M-26OCT042200-00,0.0150,5.00,yes
2026-10-05T01:58:51.97914Z,KXXRP15M-26OCT042200-00,0.0110,58.53,yes
2026-10-05T01:58:52.139015Z,KXXRP15M-26OCT042200-00,0.0110,3.00,yes
2026-10-05T01:58:52.330205Z,KXXRP15M-26OCT042200-00,0.0110,85.02,yes
2026-10-05T01:58:52.745799Z,KXXRP15M-26OCT042200-00,0.0070,5.00,no
2026-10-05T01:58:52.745799Z,KXXRP15M-26OCT042200-00,0.0060,5.00,no
2026-10-05T01:58:52.972017Z,KXXRP15M-26OCT042200-00,0.0080,86.00,yes
2026-10-05T01:58:52.978814Z,KXXRP15M-26OCT042200-00,0.0080,78.70,yes
2026-10-05T01:58:52.980621Z,KXXRP15M-26OCT042200-00,0.0080,35.30,yes
2026-10-05T01:58:53.102565Z,KXXRP15M-26OCT042200-00,0.0090,4.25,yes
2026-10-05T01:58:53.281589Z,KXXRP15M-26OCT042200-00,0.0090,17.00,yes
2026-10-05T01:58:54.594767Z,KXXRP15M-26OCT042200-00,0.0160,126.91,yes
2026-10-05T01:58:54.594767Z,KXXRP15M-26OCT042200-00,0.0150,7.50,yes
2026-10-05T01:58:54.594767Z,KXXRP15M-26OCT042200-00,0.0110,32.20,yes
2026-10-05T01:58:54.594767Z,KXXRP15M-26OCT042200-00,0.0150,13.00,yes
2026-10-05T01:58:54.594767Z,KXXRP15M-26OCT042200-00,0.0140,5.00,yes
2026-10-05T01:58:54.594767Z,KXXRP15M-26OCT042200-00,0.0150,5.00,yes
2026-10-05T01:58:54.594767Z,KXXRP15M-26OCT042200-00,0.0210,20.00,yes
2026-10-05T01:58:54.594767Z,KXXRP15M-26OCT042200-00,0.0290,6.02,yes
2026-10-05T01:58:54.594767Z,KXXRP15M-26OCT042200-00,0.0210,32.06,yes
2026-10-05T01:58:54.594767Z,KXXRP15M-26OCT042200-00,0.0200,19.00,yes
2026-10-05T01:58:54.733356Z,KXXRP15M-26OCT042200-00,0.0150,32.00,no
2026-10-05T01:58:55.431936Z,KXXRP15M-26OCT042200-00,0.0160,5.00,yes
2026-10-05T01:58:55.477216Z,KXXRP15M-26OCT042200-00,0.0150,57.94,no
2026-10-05T01:58:55.477216Z,KXXRP15M-26OCT042200-00,0.0150,0.06,no
2026-10-05T01:58:56.152867Z,KXXRP15M-26OCT042200-00,0.0160,4.99,yes
2026-10-05T01:58:56.333542Z,KXXRP15M-26OCT042200-00,0.0160,58.47,yes
2026-10-05T01:58:56.368585Z,KXXRP15M-26OCT042200-00,0.0100,20.00,no
2026-10-05T01:58:56.368585Z,KXXRP15M-26OCT042200-00,0.0150,0.28,no
2026-10-05T01:58:56.697892Z,KXXRP15M-26OCT042200-00,0.0070,5.00,no
2026-10-05T01:58:56.697892Z,KXXRP15M-26OCT042200-00,0.0050,7.50,no
2026-10-05T01:58:56.697892Z,KXXRP15M-26OCT042200-00,0.0040,10.00,no
2026-10-05T01:58:56.697892Z,KXXRP15M-26OCT042200-00,0.0080,5.00,no
2026-10-05T01:58:56.697892Z,KXXRP15M-26OCT042200-00,0.0040,7.00,no
2026-10-05T01:58:56.697892Z,KXXRP15M-26OCT042200-00,0.0090,24.00,no
2026-10-05T01:58:56.697892Z,KXXRP15M-26OCT042200-00,0.0030,5.05,no
2026-10-05T01:58:57.465626Z,KXXRP15M-26OCT042200-00,0.0060,10.00,no
2026-10-05T01:58:57.465626Z,KXXRP15M-26OCT042200-00,0.0060,10.00,no
2026-10-05T01:58:57.465626Z,KXXRP15M-26OCT042200-00,0.0060,5.00,no
2026-10-05T01:58:57.465626Z,KXXRP15M-26OCT042200-00,0.0050,0.13,no
2026-10-05T01:58:57.616951Z,KXXRP15M-26OCT042200-00,0.0120,13.85,yes
2026-10-05T01:58:57.847263Z,KXXRP15M-26OCT042200-00,0.0050,8.00,no
2026-10-05T01:58:57.847263Z,KXXRP15M-26OCT042200-00,0.0040,5.00,no
2026-10-05T01:58:57.847263Z,KXXRP15M-26OCT042200-00,0.0050,7.50,no
2026-10-05T01:58:57.847263Z,KXXRP15M-26OCT042200-00,0.0040,10.00,no
2026-10-05T01:58:57.847263Z,KXXRP15M-26OCT042200-00,0.0030,69.79,no
2026-10-05T01:58:58.023693Z,KXXRP15M-26OCT042200-00,0.0050,2.50,no
2026-10-05T01:58:58.023693Z,KXXRP15M-26OCT042200-00,0.0050,7.50,no
2026-10-05T01:58:58.274254Z,KXXRP15M-26OCT042200-00,0.0100,20.00,yes
2026-10-05T01:58:58.274254Z,KXXRP15M-26OCT042200-00,0.0100,10.00,yes
2026-10-05T01:58:58.274254Z,KXXRP15M-26OCT042200-00,0.0100,15.00,yes
2026-10-05T01:58:58.274254Z,KXXRP15M-26OCT042200-00,0.0150,7.50,yes
2026-10-05T01:58:58.274254Z,KXXRP15M-26OCT042200-00,0.0130,5.00,yes
2026-10-05T01:58:58.274254Z,KXXRP15M-26OCT042200-00,0.0130,69.79,yes
2026-10-05T01:58:58.274254Z,KXXRP15M-26OCT042200-00,0.0120,5.00,yes
2026-10-05T01:58:58.864535Z,KXXRP15M-26OCT042200-00,0.0160,1.50,yes
2026-10-05T01:58:58.864535Z,KXXRP15M-26OCT042200-00,0.0100,10.00,yes
2026-10-05T01:58:58.864535Z,KXXRP15M-26OCT042200-00,0.0150,7.50,yes
2026-10-05T01:58:58.864535Z,KXXRP15M-26OCT042200-00,0.0150,5.00,yes
2026-10-05T01:58:59.324695Z,KXXRP15M-26OCT042200-00,0.0070,4.27,no
2026-10-05T01:58:59.450465Z,KXXRP15M-26OCT042200-00,0.0080,29.00,no
2026-10-05T01:58:59.530535Z,KXXRP15M-26OCT042200-00,0.0040,4.27,no
2026-10-05T01:58:59.530535Z,KXXRP15M-26OCT042200-00,0.0070,0.73,no
2026-10-05T01:58:59.530535Z,KXXRP15M-26OCT042200-00,0.0060,5.00,no
2026-10-05T01:58:59.879155Z,KXXRP15M-26OCT042200-00,0.0170,0.06,yes
2026-10-05T01:58:59.879155Z,KXXRP15M-26OCT042200-00,0.0140,0.04,yes
2026-10-05T01:58:59.879155Z,KXXRP15M-26OCT042200-00,0.0150,7.50,yes
2026-10-05T01:58:59.879155Z,KXXRP15M-26OCT042200-00,0.0240,0.26,yes
2026-10-05T01:58:59.879155Z,KXXRP15M-26OCT042200-00,0.0260,0.37,yes
2026-10-05T01:58:59.879155Z,KXXRP15M-26OCT042200-00,0.0140,5.00,yes
2026-10-05T01:58:59.879155Z,KXXRP15M-26OCT042200-00,0.0200,0.10,yes
2026-10-05T01:58:59.879155Z,KXXRP15M-26OCT042200-00,0.0210,0.11,yes
2026-10-05T01:58:59.879155Z,KXXRP15M-26OCT042200-00,0.0190,0.08,yes
2026-10-05T01:58:59.879155Z,KXXRP15M-26OCT042200-00,0.0160,0.05,yes
2026-10-05T01:58:59.879155Z,KXXRP15M-26OCT042200-00,0.0220,0.13,yes
2026-10-05T01:58:59.879155Z,KXXRP15M-26OCT042200-00,0.0230,0.16,yes
2026-10-05T01:58:59.879155Z,KXXRP15M-26OCT042200-00,0.0080,0.02,yes
2026-10-05T01:58:59.879155Z,KXXRP15M-26OCT042200-00,0.0080,61.00,yes
2026-10-05T01:58:59.879155Z,KXXRP15M-26OCT042200-00,0.0180,0.07,yes
2026-10-05T01:58:59.879155Z,KXXRP15M-26OCT042200-00,0.0150,5.00,yes
2026-10-05T01:58:59.879155Z,KXXRP15M-26OCT042200-00,0.0150,0.04,yes
2026-10-05T01:58:59.879155Z,KXXRP15M-26OCT042200-00,0.0130,0.03,yes
2026-10-05T01:58:59.879155Z,KXXRP15M-26OCT042200-00,0.0090,0.03,yes
2026-10-05T01:58:59.879155Z,KXXRP15M-26OCT042200-00,0.0250,0.31,yes
2026-10-05T01:58:59.879155Z,KXXRP15M-26OCT042200-00,0.0170,5.05,yes
2026-10-05T01:58:59.879155Z,KXXRP15M-26OCT042200-00,0.0230,0.28,yes
2026-10-05T01:58:59.879155Z,KXXRP15M-26OCT042200-00,0.0230,57.94,yes
2026-10-05T01:58:59.879155Z,KXXRP15M-26OCT042200-00,0.0100,0.02,yes
2026-10-05T01:58:59.879155Z,KXXRP15M-26OCT042200-00,0.0220,10.00,yes
2026-10-05T01:58:59.879155Z,KXXRP15M-26OCT042200-00,0.0100,25.00,yes
2026-10-05T01:58:59.879155Z,KXXRP15M-26OCT042200-00,0.0110,0.03,yes
2026-10-05T01:58:59.879155Z,KXXRP15M-26OCT042200-00,0.0120,0.03,yes
2026-10-05T01:58:59.879155Z,KXXRP15M-26OCT042200-00,0.0290,8.98,yes
2026-10-05T01:58:59.879155Z,KXXRP15M-26OCT042200-00,0.0290,12.32,yes
2026-10-05T01:58:59.879155Z,KXXRP15M-26OCT042200-00,0.0280,1.00,yes
2026-10-05T01:59:00.095101Z,KXXRP15M-26OCT042200-00,0.0080,1.00,no
2026-10-05T01:59:00.234422Z,KXXRP15M-26OCT042200-00,0.0080,35.00,no
2026-10-05T01:59:00.361906Z,KXXRP15M-26OCT042200-00,0.0090,18.00,yes
2026-10-05T01:59:00.361906Z,KXXRP15M-26OCT042200-00,0.0100,14.64,yes
2026-10-05T01:59:00.361906Z,KXXRP15M-26OCT042200-00,0.0160,0.80,yes
2026-10-05T01:59:00.645025Z,KXXRP15M-26OCT042200-00,0.0100,54.24,yes
2026-10-05T01:59:00.645025Z,KXXRP15M-26OCT042200-00,0.0100,4.89,yes
2026-10-05T01:59:00.652416Z,KXXRP15M-26OCT042200-00,0.0100,0.33,yes
2026-10-05T01:59:00.838724Z,KXXRP15M-26OCT042200-00,0.0090,33.00,yes
2026-10-05T01:59:00.838724Z,KXXRP15M-26OCT042200-00,0.0100,26.16,yes
2026-10-05T01:59:00.893427Z,KXXRP15M-26OCT042200-00,0.0070,5.00,no
2026-10-05T01:59:00.893427Z,KXXRP15M-26OCT042200-00,0.0070,2.00,no
2026-10-05T01:59:00.900813Z,KXXRP15M-26OCT042200-00,0.0060,3.00,no
2026-10-05T01:59:01.0386Z,KXXRP15M-26OCT042200-00,0.0070,10.00,no
2026-10-05T01:59:01.041659Z,KXXRP15M-26OCT042200-00,0.0030,34.00,no
2026-10-05T01:59:01.041659Z,KXXRP15M-26OCT042200-00,0.0060,5.50,no
2026-10-05T01:59:01.041659Z,KXXRP15M-26OCT042200-00,0.0070,1.00,no
2026-10-05T01:59:01.041659Z,KXXRP15M-26OCT042200-00,0.0050,5.00,no
2026-10-05T01:59:01.041659Z,KXXRP15M-26OCT042200-00,0.0050,18.00,no
2026-10-05T01:59:01.041659Z,KXXRP15M-26OCT042200-00,0.0040,7.00,no
2026-10-05T01:59:01.041659Z,KXXRP15M-26OCT042200-00,0.0060,2.00,no
2026-10-05T01:59:01.041659Z,KXXRP15M-26OCT042200-00,0.0030,40.00,no
2026-10-05T01:59:01.041659Z,KXXRP15M-26OCT042200-00,0.0020,435.50,no
2026-10-05T01:59:01.041659Z,KXXRP15M-26OCT042200-00,0.0030,2.00,no
2026-10-05T01:59:01.041659Z,KXXRP15M-26OCT042200-00,0.0030,2.00,no
2026-10-05T01:59:01.041659Z,KXXRP15M-26OCT042200-00,0.0030,18.00,no
2026-10-05T01:59:01.041659Z,KXXRP15M-26OCT042200-00,0.0030,2.00,no
2026-10-05T01:59:01.041659Z,KXXRP15M-26OCT042200-00,0.0030,2.00,no
2026-10-05T01:59:01.041659Z,KXXRP15M-26OCT042200-00,0.0030,2.00,no
2026-10-05T01:59:01.056014Z,KXXRP15M-26OCT042200-00,0.0050,7.50,no
2026-10-05T01:59:01.056014Z,KXXRP15M-26OCT042200-00,0.0070,9.00,no
2026-10-05T01:59:01.103468Z,KXXRP15M-26OCT042200-00,0.0050,143.00,yes
2026-10-05T01:59:01.379729Z,KXXRP15M-26OCT042200-00,0.0050,186.97,yes
2026-10-05T01:59:02.048065Z,KXXRP15M-26OCT042200-00,0.0040,5.00,no
2026-10-05T01:59:02.048065Z,KXXRP15M-26OCT042200-00,0.0030,10.00,no
2026-10-05T01:59:02.048065Z,KXXRP15M-26OCT042200-00,0.0030,10.00,no
2026-10-05T01:59:02.048065Z,KXXRP15M-26OCT042200-00,0.0040,1.94,no
2026-10-05T01:59:02.048065Z,KXXRP15M-26OCT042200-00,0.0030,5.00,no
2026-10-05T01:59:02.048065Z,KXXRP15M-26OCT042200-00,0.0020,193.58,no
2026-10-05T01:59:02.217601Z,KXXRP15M-26OCT042200-00,0.0050,40.07,yes
2026-10-05T01:59:02.217601Z,KXXRP15M-26OCT042200-00,0.0050,89.03,yes
2026-10-05T01:59:02.217601Z,KXXRP15M-26OCT042200-00,0.0050,40.00,yes
2026-10-05T01:59:02.826736Z,KXXRP15M-26OCT042200-00,0.0100,10.00,yes
2026-10-05T01:59:02.826736Z,KXXRP15M-26OCT042200-00,0.0100,19.27,yes
2026-10-05T01:59:02.826736Z,KXXRP15M-26OCT042200-00,0.0130,0.07,yes
2026-10-05T01:59:02.826736Z,KXXRP15M-26OCT042200-00,0.0090,0.04,yes
2026-10-05T01:59:02.826736Z,KXXRP15M-26OCT042200-00,0.0120,0.06,yes
2026-10-05T01:59:02.826736Z,KXXRP15M-26OCT042200-00,0.0070,0.03,yes
2026-10-05T01:59:02.826736Z,KXXRP15M-26OCT042200-00,0.0080,0.03,yes
2026-10-05T01:59:02.826736Z,KXXRP15M-26OCT042200-00,0.0100,0.04,yes
2026-10-05T01:59:02.826736Z,KXXRP15M-26OCT042200-00,0.0060,0.03,yes
2026-10-05T01:59:02.826736Z,KXXRP15M-26OCT042200-00,0.0110,5.00,yes
2026-10-05T01:59:02.826736Z,KXXRP15M-26OCT042200-00,0.0050,0.02,yes
2026-10-05T01:59:02.826736Z,KXXRP15M-26OCT042200-00,0.0110,0.05,yes
2026-10-05T01:59:02.826736Z,KXXRP15M-26OCT042200-00,0.0120,5.00,yes
2026-10-05T01:59:02.826736Z,KXXRP15M-26OCT042200-00,0.0060,61.00,yes
2026-10-05T01:59:02.826736Z,KXXRP15M-26OCT042200-00,0.0070,45.00,yes
2026-10-05T01:59:02.826736Z,KXXRP15M-26OCT042200-00,0.0140,25.85,yes
2026-10-05T01:59:02.826736Z,KXXRP15M-26OCT042200-00,0.0050,59.93,yes
2026-10-05T01:59:02.826736Z,KXXRP15M-26OCT042200-00,0.0100,8.00,yes
2026-10-05T01:59:03.1359Z,KXXRP15M-26OCT042200-00,0.0050,10.00,no
2026-10-05T01:59:03.448764Z,KXXRP15M-26OCT042200-00,0.0060,14.00,no
2026-10-05T01:59:03.448764Z,KXXRP15M-26OCT042200-00,0.0040,5.00,no
2026-10-05T01:59:03.497842Z,KXXRP15M-26OCT042200-00,0.0040,21.00,no
2026-10-05T01:59:03.497842Z,KXXRP15M-26OCT042200-00,0.0050,8.00,no
2026-10-05T01:59:03.69348Z,KXXRP15M-26OCT042200-00,0.0040,1.00,no
2026-10-05T01:59:04.329651Z,KXXRP15M-26OCT042200-00,0.0030,9.00,no
2026-10-05T01:59:04.329651Z,KXXRP15M-26OCT042200-00,0.0030,5.00,no
2026-10-05T01:59:04.329651Z,KXXRP15M-26OCT042200-00,0.0040,151.00,no
2026-10-05T01:59:04.329651Z,KXXRP15M-26OCT042200-00,0.0030,10.00,no
2026-10-05T01:59:04.329651Z,KXXRP15M-26OCT042200-00,0.0020,25.00,no
2026-10-05T01:59:04.580817Z,KXXRP15M-26OCT042200-00,0.0030,1.03,no
2026-10-05T01:59:04.663139Z,KXXRP15M-26OCT042200-00,0.0030,10.00,no
2026-10-05T01:59:04.728225Z,KXXRP15M-26OCT042200-00,0.0160,0.11,yes
2026-10-05T01:59:04.728225Z,KXXRP15M-26OCT042200-00,0.0090,0.02,yes
2026-10-05T01:59:04.728225Z,KXXRP15M-26OCT042200-00,0.0180,0.16,yes
2026-10-05T01:59:04.728225Z,KXXRP15M-26OCT042200-00,0.0170,0.13,yes
2026-10-05T01:59:04.728225Z,KXXRP15M-26OCT042200-00,0.0140,0.08,yes
2026-10-05T01:59:04.728225Z,KXXRP15M-26OCT042200-00,0.0190,0.19,yes
2026-10-05T01:59:04.728225Z,KXXRP15M-26OCT042200-00,0.0150,0.10,yes
2026-10-05T01:59:04.728225Z,KXXRP15M-26OCT042200-00,0.0140,19.15,yes
2026-10-05T01:59:04.728225Z,KXXRP15M-26OCT042200-00,0.0050,0.02,yes
2026-10-05T01:59:04.728225Z,KXXRP15M-26OCT042200-00,0.0060,0.03,yes
2026-10-05T01:59:04.728225Z,KXXRP15M-26OCT042200-00,0.0060,17.00,yes
2026-10-05T01:59:04.728225Z,KXXRP15M-26OCT042200-00,0.0040,34.00,yes
2026-10-05T01:59:04.728225Z,KXXRP15M-26OCT042200-00,0.0050,218.58,yes
2026-10-05T01:59:04.728225Z,KXXRP15M-26OCT042200-00,0.0180,27.00,yes
2026-10-05T01:59:04.728225Z,KXXRP15M-26OCT042200-00,0.0110,5.00,yes
2026-10-05T01:59:04.728225Z,KXXRP15M-26OCT042200-00,0.0190,8.00,yes
2026-10-05T01:59:04.728225Z,KXXRP15M-26OCT042200-00,0.0050,17.00,yes
2026-10-05T01:59:04.728225Z,KXXRP15M-26OCT042200-00,0.0190,12.87,yes
2026-10-05T01:59:04.728225Z,KXXRP15M-26OCT042200-00,0.0120,0.04,yes
2026-10-05T01:59:04.728225Z,KXXRP15M-26OCT042200-00,0.0070,0.02,yes
2026-10-05T01:59:04.728225Z,KXXRP15M-26OCT042200-00,0.0120,5.00,yes
2026-10-05T01:59:04.728225Z,KXXRP15M-26OCT042200-00,0.0130,0.05,yes
2026-10-05T01:59:04.728225Z,KXXRP15M-26OCT042200-00,0.0100,0.03,yes
2026-10-05T01:59:04.728225Z,KXXRP15M-26OCT042200-00,0.0080,0.02,yes
2026-10-05T01:59:04.728225Z,KXXRP15M-26OCT042200-00,0.0110,0.03,yes
2026-10-05T01:59:04.86368Z,KXXRP15M-26OCT042200-00,0.0040,5.00,no
2026-10-05T01:59:04.86368Z,KXXRP15M-26OCT042200-00,0.0030,1.85,no
2026-10-05T01:59:04.86368Z,KXXRP15M-26OCT042200-00,0.0050,10.00,no
2026-10-05T01:59:04.86368Z,KXXRP15M-26OCT042200-00,0.0050,8.00,no
2026-10-05T01:59:05.655298Z,KXXRP15M-26OCT042200-00,0.0040,10.00,no
2026-10-05T01:59:05.804527Z,KXXRP15M-26OCT042200-00,0.0030,10.00,no
2026-10-05T01:59:05.804527Z,KXXRP15M-26OCT042200-00,0.0030,5.00,no
2026-10-05T01:59:05.804527Z,KXXRP15M-26OCT042200-00,0.0030,10.00,no
2026-10-05T01:59:05.804527Z,KXXRP15M-26OCT042200-00,0.0030,1.40,no
2026-10-05T01:59:05.804527Z,KXXRP15M-26OCT042200-00,0.0040,25.00,no
2026-10-05T01:59:05.804527Z,KXXRP15M-26OCT042200-00,0.0040,25.00,no
2026-10-05T01:59:05.804527Z,KXXRP15M-26OCT042200-00,0.0020,23.87,no
2026-10-05T01:59:06.921215Z,KXXRP15M-26OCT042200-00,0.0150,0.03,yes
2026-10-05T01:59:06.921215Z,KXXRP15M-26OCT042200-00,0.0120,5.00,yes
2026-10-05T01:59:06.921215Z,KXXRP15M-26OCT042200-00,0.0170,13.00,yes
2026-10-05T01:59:06.921215Z,KXXRP15M-26OCT042200-00,0.0180,70.00,yes
2026-10-05T01:59:06.921215Z,KXXRP15M-26OCT042200-00,0.0080,79.00,yes
2026-10-05T01:59:06.921215Z,KXXRP15M-26OCT042200-00,0.0200,7.50,yes
2026-10-05T01:59:06.921215Z,KXXRP15M-26OCT042200-00,0.0200,0.16,yes
2026-10-05T01:59:06.921215Z,KXXRP15M-26OCT042200-00,0.0040,61.00,yes
2026-10-05T01:59:06.921215Z,KXXRP15M-26OCT042200-00,0.0200,10.77,yes
2026-10-05T01:59:06.921215Z,KXXRP15M-26OCT042200-00,0.0110,5.00,yes
2026-10-05T01:59:06.921215Z,KXXRP15M-26OCT042200-00,0.0080,100.00,yes
2026-10-05T01:59:06.921215Z,KXXRP15M-26OCT042200-00,0.0200,49.88,yes
2026-10-05T01:59:06.9365Z,KXXRP15M-26OCT042200-00,0.0050,7.50,no
2026-10-05T01:59:06.9365Z,KXXRP15M-26OCT042200-00,0.0040,2.50,no
2026-10-05T01:59:07.325139Z,KXXRP15M-26OCT042200-00,0.0040,1.00,no
2026-10-05T01:59:07.331095Z,KXXRP15M-26OCT042200-00,0.0040,51.50,no
2026-10-05T01:59:07.331095Z,KXXRP15M-26OCT042200-00,0.0040,7.00,no
2026-10-05T01:59:07.331095Z,KXXRP15M-26OCT042200-00,0.0040,1.50,no
2026-10-05T01:59:07.343825Z,KXXRP15M-26OCT042200-00,0.0040,7.00,no
2026-10-05T01:59:07.352538Z,KXXRP15M-26OCT042200-00,0.0040,7.00,no
2026-10-05T01:59:07.420003Z,KXXRP15M-26OCT042200-00,0.0050,12.43,yes
2026-10-05T01:59:07.420003Z,KXXRP15M-26OCT042200-00,0.0050,0.03,yes
2026-10-05T01:59:07.803914Z,KXXRP15M-26OCT042200-00,0.0030,18.19,no
2026-10-05T01:59:07.803914Z,KXXRP15M-26OCT042200-00,0.0040,7.00,no
2026-10-05T01:59:07.803914Z,KXXRP15M-26OCT042200-00,0.0040,0.22,no
2026-10-05T01:59:07.803914Z,KXXRP15M-26OCT042200-00,0.0040,3.00,no
2026-10-05T01:59:07.803914Z,KXXRP15M-26OCT042200-00,0.0030,8.00,no
2026-10-05T01:59:07.803914Z,KXXRP15M-26OCT042200-00,0.0030,5.00,no
2026-10-05T01:59:07.864116Z,KXXRP15M-26OCT042200-00,0.0030,10.00,no
2026-10-05T01:59:07.864116Z,KXXRP15M-26OCT042200-00,0.0030,10.00,no
2026-10-05T01:59:07.98782Z,KXXRP15M-26OCT042200-00,0.0020,10.00,no
2026-10-05T01:59:08.135103Z,KXXRP15M-26OCT042200-00,0.0020,100.00,no
2026-10-05T01:59:08.205439Z,KXXRP15M-26OCT042200-00,0.0030,0.86,yes
2026-10-05T01:59:08.241659Z,KXXRP15M-26OCT042200-00,0.0030,24.78,yes
2026-10-05T01:59:08.488714Z,KXXRP15M-26OCT042200-00,0.0020,30.00,no
2026-10-05T01:59:08.491561Z,KXXRP15M-26OCT042200-00,0.0020,30.00,no
2026-10-05T01:59:08.492994Z,KXXRP15M-26OCT042200-00,0.0020,30.00,no
2026-10-05T01:59:08.496649Z,KXXRP15M-26OCT042200-00,0.0020,30.00,no
2026-10-05T01:59:08.501222Z,KXXRP15M-26OCT042200-00,0.0020,25.00,no
2026-10-05T01:59:08.508226Z,KXXRP15M-26OCT042200-00,0.0020,30.00,no
2026-10-05T01:59:08.601347Z,KXXRP15M-26OCT042200-00,0.0020,30.00,no
2026-10-05T01:59:09.661134Z,KXXRP15M-26OCT042200-00,0.0030,4.00,yes
2026-10-05T01:59:09.801998Z,KXXRP15M-26OCT042200-00,0.0050,0.03,yes
2026-10-05T01:59:09.801998Z,KXXRP15M-26OCT042200-00,0.0040,0.03,yes
2026-10-05T01:59:09.801998Z,KXXRP15M-26OCT042200-00,0.0030,0.02,yes
2026-10-05T01:59:09.801998Z,KXXRP15M-26OCT042200-00,0.0080,0.05,yes
2026-10-05T01:59:09.801998Z,KXXRP15M-26OCT042200-00,0.0090,0.05,yes
2026-10-05T01:59:09.801998Z,KXXRP15M-26OCT042200-00,0.0060,0.03,yes
2026-10-05T01:59:09.801998Z,KXXRP15M-26OCT042200-00,0.0070,0.03,yes
2026-10-05T01:59:09.801998Z,KXXRP15M-26OCT042200-00,0.0030,21.36,yes
2026-10-05T01:59:09.801998Z,KXXRP15M-26OCT042200-00,0.0030,39.00,yes
2026-10-05T01:59:09.801998Z,KXXRP15M-26OCT042200-00,0.0050,223.87,yes
2026-10-05T01:59:09.801998Z,KXXRP15M-26OCT042200-00,0.0100,2.63,yes
2026-10-05T01:59:10.095122Z,KXXRP15M-26OCT042200-00,0.0030,144.00,no
2026-10-05T01:59:10.095122Z,KXXRP15M-26OCT042200-00,0.0040,7.00,no
2026-10-05T01:59:10.095122Z,KXXRP15M-26OCT042200-00,0.0040,10.00,no
2026-10-05T01:59:10.095122Z,KXXRP15M-26OCT042200-00,0.0020,400.00,no
2026-10-05T01:59:10.095122Z,KXXRP15M-26OCT042200-00,0.0020,322.00,no
2026-10-05T01:59:10.113791Z,KXXRP15M-26OCT042200-00,0.0020,40.00,no
2026-10-05T01:59:10.113791Z,KXXRP15M-26OCT042200-00,0.0020,5.00,no
2026-10-05T01:59:10.113791Z,KXXRP15M-26OCT042200-00,0.0020,5.00,no
2026-10-05T01:59:10.113791Z,KXXRP15M-26OCT042200-00,0.0020,34.00,no
2026-10-05T01:59:10.113791Z,KXXRP15M-26OCT042200-00,0.0020,5.00,no
2026-10-05T01:59:10.113791Z,KXXRP15M-26OCT042200-00,0.0020,26.00,no
2026-10-05T01:59:10.113791Z,KXXRP15M-26OCT042200-00,0.0020,3.00,no
2026-10-05T01:59:10.113791Z,KXXRP15M-26OCT042200-00,0.0020,3.00,no
2026-10-05T01:59:10.113791Z,KXXRP15M-26OCT042200-00,0.0020,3.00,no
2026-10-05T01:59:10.113791Z,KXXRP15M-26OCT042200-00,0.0020,3.00,no
2026-10-05T01:59:10.113791Z,KXXRP15M-26OCT042200-00,0.0020,3.00,no
2026-10-05T01:59:10.113791Z,KXXRP15M-26OCT042200-00,0.0020,178.00,no
2026-10-05T01:59:10.223378Z,KXXRP15M-26OCT042200-00,0.0020,73.64,yes
2026-10-05T01:59:10.271866Z,KXXRP15M-26OCT042200-00,0.0010,10.00,no
2026-10-05T01:59:11.316703Z,KXXRP15M-26OCT042200-00,0.0010,10.00,no
2026-10-05T01:59:11.413042Z,KXXRP15M-26OCT042200-00,0.0020,0.36,yes
2026-10-05T01:59:11.413042Z,KXXRP15M-26OCT042200-00,0.0020,45.44,yes
2026-10-05T01:59:12.097694Z,KXXRP15M-26OCT042200-00,0.0010,18.50,no
2026-10-05T01:59:12.366888Z,KXXRP15M-26OCT042200-00,0.0010,10.00,no
2026-10-05T01:59:12.571742Z,KXXRP15M-26OCT042200-00,0.0010,20.49,no
2026-10-05T01:59:12.988231Z,KXXRP15M-26OCT042200-00,0.0040,35.00,yes
2026-10-05T01:59:12.988231Z,KXXRP15M-26OCT042200-00,0.0030,0.03,yes
2026-10-05T01:59:12.988231Z,KXXRP15M-26OCT042200-00,0.0030,40.00,yes
2026-10-05T01:59:12.988231Z,KXXRP15M-26OCT042200-00,0.0020,5.56,yes
2026-10-05T01:59:12.988231Z,KXXRP15M-26OCT042200-00,0.0050,2.79,yes
2026-10-05T01:59:12.988231Z,KXXRP15M-26OCT042200-00,0.0020,0.03,yes
2026-10-05T01:59:12.988231Z,KXXRP15M-26OCT042200-00,0.0050,115.00,yes
2026-10-05T01:59:12.988231Z,KXXRP15M-26OCT042200-00,0.0040,0.03,yes
2026-10-05T01:59:12.988231Z,KXXRP15M-26OCT042200-00,0.0020,27.00,yes
2026-10-05T01:59:12.988231Z,KXXRP15M-26OCT042200-00,0.0030,5.00,yes
2026-10-05T01:59:14.330216Z,KXXRP15M-26OCT042200-00,0.0020,0.03,yes
2026-10-05T01:59:14.418894Z,KXXRP15M-26OCT042200-00,0.0010,100.00,no
2026-10-05T01:59:15.319977Z,KXXRP15M-26OCT042200-00,0.0030,20.00,yes
2026-10-05T01:59:15.319977Z,KXXRP15M-26OCT042200-00,0.0030,26.00,yes
2026-10-05T01:59:15.319977Z,KXXRP15M-26OCT042200-00,0.0030,21.00,yes
2026-10-05T01:59:15.319977Z,KXXRP15M-26OCT042200-00,0.0040,17.00,yes
2026-10-05T01:59:15.319977Z,KXXRP15M-26OCT042200-00,0.0040,35.00,yes
2026-10-05T01:59:15.319977Z,KXXRP15M-26OCT042200-00,0.0050,840.27,yes
2026-10-05T01:59:15.351769Z,KXXRP15M-26OCT042200-00,0.0030,37.00,no
2026-10-05T01:59:15.351769Z,KXXRP15M-26OCT042200-00,0.0020,10.00,no
2026-10-05T01:59:15.351769Z,KXXRP15M-26OCT042200-00,0.0020,5.00,no
2026-10-05T01:59:15.351769Z,KXXRP15M-26OCT042200-00,0.0010,48.00,no
2026-10-05T01:59:16.095561Z,KXXRP15M-26OCT042200-00,0.0020,10.00,no
2026-10-05T01:59:16.095561Z,KXXRP15M-26OCT042200-00,0.0020,85.00,no
2026-10-05T01:59:16.095561Z,KXXRP15M-26OCT042200-00,0.0020,5.00,no
2026-10-05T01:59:16.225039Z,KXXRP15M-26OCT042200-00,0.0020,2.00,no
2026-10-05T01:59:16.225039Z,KXXRP15M-26OCT042200-00,0.0020,10.00,no
2026-10-05T01:59:16.739513Z,KXXRP15M-26OCT042200-00,0.0040,35.00,yes
2026-10-05T01:59:16.739513Z,KXXRP15M-26OCT042200-00,0.0030,16.00,yes
2026-10-05T01:59:16.739513Z,KXXRP15M-26OCT042200-00,0.0030,48.00,yes
2026-10-05T01:59:16.739513Z,KXXRP15M-26OCT042200-00,0.0030,45.00,yes
2026-10-05T01:59:16.739513Z,KXXRP15M-26OCT042200-00,0.0020,3.00,yes
2026-10-05T01:59:16.739513Z,KXXRP15M-26OCT042200-00,0.0050,90.49,yes
2026-10-05T01:59:16.760203Z,KXXRP15M-26OCT042200-00,0.0020,64.00,no
2026-10-05T01:59:16.760203Z,KXXRP15M-26OCT042200-00,0.0020,5.00,no
2026-10-05T01:59:16.760203Z,KXXRP15M-26OCT042200-00,0.0010,31.00,no
2026-10-05T01:59:17.522223Z,KXXRP15M-26OCT042200-00,0.0010,10.00,no
2026-10-05T01:59:17.94315Z,KXXRP15M-26OCT042200-00,0.0020,13.75,yes
2026-10-05T01:59:18.19009Z,KXXRP15M-26OCT042200-00,0.0010,10.00,no
2026-10-05T01:59:18.58705Z,KXXRP15M-26OCT042200-00,0.0010,10.00,no
2026-10-05T01:59:18.869058Z,KXXRP15M-26OCT042200-00,0.0010,10.00,no
2026-10-05T01:59:19.068319Z,KXXRP15M-26OCT042200-00,0.0020,45.00,yes
2026-10-05T01:59:19.068319Z,KXXRP15M-26OCT042200-00,0.0020,39.25,yes
2026-10-05T01:59:19.643163Z,KXXRP15M-26OCT042200-00,0.0020,119.00,yes
2026-10-05T01:59:19.643163Z,KXXRP15M-26OCT042200-00,0.0030,40.00,yes
2026-10-05T01:59:19.643163Z,KXXRP15M-26OCT042200-00,0.0040,35.00,yes
2026-10-05T01:59:19.643163Z,KXXRP15M-26OCT042200-00,0.0040,17.84,yes
2026-10-05T01:59:20.339461Z,KXXRP15M-26OCT042200-00,0.0020,44.00,yes
2026-10-05T01:59:20.526787Z,KXXRP15M-26OCT042200-00,0.0020,24.00,yes
2026-10-05T01:59:20.526787Z,KXXRP15M-26OCT042200-00,0.0030,10.54,yes
2026-10-05T01:59:21.887168Z,KXXRP15M-26OCT042200-00,0.0010,25.02,no
2026-10-05T01:59:22.413344Z,KXXRP15M-26OCT042200-00,0.0040,33.01,yes
2026-10-05T01:59:22.413344Z,KXXRP15M-26OCT042200-00,0.0020,96.00,yes
2026-10-05T01:59:22.413344Z,KXXRP15M-26OCT042200-00,0.0020,59.00,yes
2026-10-05T01:59:22.413344Z,KXXRP15M-26OCT042200-00,0.0030,6.46,yes
2026-10-05T01:59:22.413344Z,KXXRP15M-26OCT042200-00,0.0040,35.00,yes
2026-10-05T01:59:22.425754Z,KXXRP15M-26OCT042200-00,0.0020,10.00,no
2026-10-05T01:59:22.458825Z,KXXRP15M-26OCT042200-00,0.0020,5.00,no
2026-10-05T01:59:22.458825Z,KXXRP15M-26OCT042200-00,0.0020,50.00,no
2026-10-05T01:59:22.835778Z,KXXRP15M-26OCT042200-00,0.0010,40.00,no
2026-10-05T01:59:22.835778Z,KXXRP15M-26OCT042200-00,0.0010,40.00,no
2026-10-05T01:59:22.835778Z,KXXRP15M-26OCT042200-00,0.0010,100.00,no
2026-10-05T01:59:22.835778Z,KXXRP15M-26OCT042200-00,0.0010,34.00,no
2026-10-05T01:59:22.835778Z,KXXRP15M-26OCT042200-00,0.0010,5.00,no
2026-10-05T01:59:22.835778Z,KXXRP15M-26OCT042200-00,0.0020,5.00,no
2026-10-05T01:59:22.835778Z,KXXRP15M-26OCT042200-00,0.0020,10.00,no
2026-10-05T01:59:22.835778Z,KXXRP15M-26OCT042200-00,0.0010,50.85,no
2026-10-05T01:59:22.835778Z,KXXRP15M-26OCT042200-00,0.0010,1.00,no
2026-10-05T01:59:22.835778Z,KXXRP15M-26OCT042200-00,0.0010,350.00,no
2026-10-05T01:59:22.835778Z,KXXRP15M-26OCT042200-00,0.0010,500.00,no
2026-10-05T01:59:22.835778Z,KXXRP15M-26OCT042200-00,0.0010,1.00,no
2026-10-05T01:59:22.835778Z,KXXRP15M-26OCT042200-00,0.0010,486.99,no
2026-10-05T01:59:22.835778Z,KXXRP15M-26OCT042200-00,0.0010,500.00,no
2026-10-05T01:59:22.835778Z,KXXRP15M-26OCT042200-00,0.0010,1.00,no
2026-10-05T01:59:23.300709Z,KXXRP15M-26OCT042200-00,0.0020,500.00,yes
2026-10-05T01:59:23.300709Z,KXXRP15M-26OCT042200-00,0.0020,500.00,yes
2026-10-05T01:59:23.300709Z,KXXRP15M-26OCT042200-00,0.0020,40.00,yes
2026-10-05T01:59:23.300709Z,KXXRP15M-26OCT042200-00,0.0040,35.00,yes
2026-10-05T01:59:23.300709Z,KXXRP15M-26OCT042200-00,0.0050,348.21,yes
2026-10-05T01:59:23.300709Z,KXXRP15M-26OCT042200-00,0.0040,500.00,yes
2026-10-05T01:59:24.637816Z,KXXRP15M-26OCT042200-00,0.0020,65.00,yes
2026-10-05T01:59:24.637816Z,KXXRP15M-26OCT042200-00,0.0030,40.00,yes
2026-10-05T01:59:24.637816Z,KXXRP15M-26OCT042200-00,0.0030,17.00,yes
2026-10-05T01:59:24.637816Z,KXXRP15M-26OCT042200-00,0.0040,17.00,yes
2026-10-05T01:59:24.637816Z,KXXRP15M-26OCT042200-00,0.0040,35.00,yes
2026-10-05T01:59:24.637816Z,KXXRP15M-26OCT042200-00,0.0020,75.00,yes
2026-10-05T01:59:24.637816Z,KXXRP15M-26OCT042200-00,0.0050,42.24,yes
2026-10-05T01:59:24.637816Z,KXXRP15M-26OCT042200-00,0.0050,140.71,yes
2026-10-05T01:59:25.116244Z,KXXRP15M-26OCT042200-00,0.0020,24.21,no
2026-10-05T01:59:25.353248Z,KXXRP15M-26OCT042200-00,0.0010,12.00,no
2026-10-05T01:59:25.379732Z,KXXRP15M-26OCT042200-00,0.0030,47.00,yes
2026-10-05T01:59:25.379732Z,KXXRP15M-26OCT042200-00,0.0030,129.00,yes
2026-10-05T01:59:25.379732Z,KXXRP15M-26OCT042200-00,0.0020,12.00,yes
2026-10-05T01:59:25.379732Z,KXXRP15M-26OCT042200-00,0.0040,35.00,yes
2026-10-05T01:59:25.379732Z,KXXRP15M-26OCT042200-00,0.0050,40.35,yes
2026-10-05T01:59:26.2548Z,KXXRP15M-26OCT042200-00,0.0020,186.97,yes
2026-10-05T01:59:26.66833Z,KXXRP15M-26OCT042200-00,0.0020,235.83,yes
2026-10-05T01:59:26.705567Z,KXXRP15M-26OCT042200-00,0.0020,916.02,yes
2026-10-05T01:59:26.747034Z,KXXRP15M-26OCT042200-00,0.0010,12.00,no
2026-10-05T01:59:26.747034Z,KXXRP15M-26OCT042200-00,0.0010,43.00,no
2026-10-05T01:59:26.747034Z,KXXRP15M-26OCT042200-00,0.0010,40.00,no
2026-10-05T01:59:26.747034Z,KXXRP15M-26OCT042200-00,0.0010,500.00,no
2026-10-05T01:59:26.747034Z,KXXRP15M-26OCT042200-00,0.0010,488.00,no
2026-10-05T01:59:28.029036Z,KXXRP15M-26OCT042200-00,0.0020,458.01,yes
2026-10-05T01:59:29.184763Z,KXXRP15M-26OCT042200-00,0.0020,26.01,yes
2026-10-05T01:59:31.643884Z,KXXRP15M-26OCT042200-00,0.0020,177.16,yes
2026-10-05T01:59:31.643884Z,KXXRP15M-26OCT042200-00,0.0020,166.36,yes
2026-10-05T01:59:31.658697Z,KXXRP15M-26OCT042200-00,0.0010,100.00,no
2026-10-05T01:59:31.660373Z,KXXRP15M-26OCT042200-00,0.0010,66.36,no
2026-10-05T01:59:31.660373Z,KXXRP15M-26OCT042200-00,0.0010,43.00,no
2026-10-05T01:59:31.681801Z,KXXRP15M-26OCT042200-00,0.0010,2.00,no
2026-10-05T01:59:31.690647Z,KXXRP15M-26OCT042200-00,0.0010,43.00,no
2026-10-05T01:59:31.733931Z,KXXRP15M-26OCT042200-00,0.0010,40.00,no
2026-10-05T01:59:35.731866Z,KXXRP15M-26OCT042200-00,0.0020,82.00,yes
2026-10-05T01:59:35.750318Z,KXXRP15M-26OCT042200-00,0.0010,82.00,no
2026-10-05T01:59:35.877715Z,KXXRP15M-26OCT042200-00,0.0010,43.00,no
2026-10-05T01:59:35.877715Z,KXXRP15M-26OCT042200-00,0.0010,40.00,no
2026-10-05T01:59:35.965112Z,KXXRP15M-26OCT042200-00,0.0020,45.80,yes
2026-10-05T01:59:35.985527Z,KXXRP15M-26OCT042200-00,0.0010,45.00,no
2026-10-05T01:59:36.051605Z,KXXRP15M-26OCT042200-00,0.0010,39.20,no
2026-10-05T01:59:36.051605Z,KXXRP15M-26OCT042200-00,0.0010,43.00,no
2026-10-05T01:59:36.051605Z,KXXRP15M-26OCT042200-00,0.0010,0.80,no
2026-10-05T01:59:36.072925Z,KXXRP15M-26OCT042200-00,0.0010,42.20,no
2026-10-05T01:59:36.072925Z,KXXRP15M-26OCT042200-00,0.0010,0.80,no
2026-10-05T01:59:37.347878Z,KXXRP15M-26OCT042200-00,0.0020,21.26,yes
2026-10-05T01:59:37.366266Z,KXXRP15M-26OCT042200-00,0.0010,21.00,no
2026-10-05T01:59:37.490176Z,KXXRP15M-26OCT042200-00,0.0010,39.74,no
2026-10-05T01:59:37.490176Z,KXXRP15M-26OCT042200-00,0.0010,0.26,no
2026-10-05T01:59:37.490176Z,KXXRP15M-26OCT042200-00,0.0010,43.00,no
2026-10-05T01:59:37.491225Z,KXXRP15M-26OCT042200-00,0.0010,0.26,no
2026-10-05T01:59:37.506929Z,KXXRP15M-26OCT042200-00,0.0020,82.00,yes
2026-10-05T01:59:37.506929Z,KXXRP15M-26OCT042200-00,0.0020,45.00,yes
2026-10-05T01:59:37.506929Z,KXXRP15M-26OCT042200-00,0.0020,0.80,yes
2026-10-05T01:59:37.506929Z,KXXRP15M-26OCT042200-00,0.0020,21.00,yes
2026-10-05T01:59:37.506929Z,KXXRP15M-26OCT042200-00,0.0020,295.00,yes
2026-10-05T01:59:37.506929Z,KXXRP15M-26OCT042200-00,0.0020,0.26,yes
2026-10-05T01:59:37.506929Z,KXXRP15M-26OCT042200-00,0.0020,59.00,yes
2026-10-05T01:59:37.506929Z,KXXRP15M-26OCT042200-00,0.0030,12.00,yes
2026-10-05T01:59:37.506929Z,KXXRP15M-26OCT042200-00,0.0020,172.58,yes
2026-10-05T01:59:37.506929Z,KXXRP15M-26OCT042200-00,0.0030,48.33,yes
2026-10-05T01:59:37.506929Z,KXXRP15M-26OCT042200-00,0.0020,66.36,yes
2026-10-05T01:59:37.506929Z,KXXRP15M-26OCT042200-00,0.0020,100.00,yes
2026-10-05T01:59:37.506929Z,KXXRP15M-26OCT042200-00,0.0020,0.03,yes
2026-10-05T01:59:37.561231Z,KXXRP15M-26OCT042200-00,0.0010,86.47,no
2026-10-05T01:59:37.567698Z,KXXRP15M-26OCT042200-00,0.0010,0.26,no
2026-10-05T01:59:37.567698Z,KXXRP15M-26OCT042200-00,0.0010,0.80,no
2026-10-05T01:59:37.567698Z,KXXRP15M-26OCT042200-00,0.0010,10.00,no
2026-10-05T01:59:37.567698Z,KXXRP15M-26OCT042200-00,0.0010,12.00,no
2026-10-05T01:59:37.567698Z,KXXRP15M-26OCT042200-00,0.0010,21.00,no
2026-10-05T01:59:37.567698Z,KXXRP15M-26OCT042200-00,0.0010,66.36,no
2026-10-05T01:59:37.567698Z,KXXRP15M-26OCT042200-00,0.0010,86.11,no
2026-10-05T01:59:37.567698Z,KXXRP15M-26OCT042200-00,0.0010,100.00,no
2026-10-05T01:59:37.567698Z,KXXRP15M-26OCT042200-00,0.0010,82.00,no
2026-10-05T01:59:37.567698Z,KXXRP15M-26OCT042200-00,0.0010,43.00,no
2026-10-05T01:59:37.567698Z,KXXRP15M-26OCT042200-00,0.0010,45.00,no
2026-10-05T01:59:37.812967Z,KXXRP15M-26OCT042200-00,0.0020,0.03,yes
2026-10-05T01:59:37.812967Z,KXXRP15M-26OCT042200-00,0.0020,59.00,yes
2026-10-05T01:59:37.812967Z,KXXRP15M-26OCT042200-00,0.0020,500.00,yes
2026-10-05T01:59:37.812967Z,KXXRP15M-26OCT042200-00,0.0030,243.52,yes
2026-10-05T01:59:37.8339Z,KXXRP15M-26OCT042200-00,0.0010,500.00,no
2026-10-05T01:59:37.895557Z,KXXRP15M-26OCT042200-00,0.0010,40.00,no
2026-10-05T01:59:37.895557Z,KXXRP15M-26OCT042200-00,0.0010,43.00,no
2026-10-05T01:59:37.910977Z,KXXRP15M-26OCT042200-00,0.0020,10.00,yes
2026-10-05T01:59:37.961821Z,KXXRP15M-26OCT042200-00,0.0010,0.97,no
2026-10-05T01:59:37.973077Z,KXXRP15M-26OCT042200-00,0.0010,9.03,no
2026-10-05T01:59:37.973077Z,KXXRP15M-26OCT042200-00,0.0010,0.97,no
2026-10-05T01:59:38.098192Z,KXXRP15M-26OCT042200-00,0.0030,384.79,yes
2026-10-05T01:59:38.098192Z,KXXRP15M-26OCT042200-00,0.0020,490.00,yes
2026-10-05T01:59:38.098192Z,KXXRP15M-26OCT042200-00,0.0020,59.00,yes
2026-10-05T01:59:38.098192Z,KXXRP15M-26OCT042200-00,0.0020,0.97,yes
2026-10-05T01:59:38.164701Z,KXXRP15M-26OCT042200-00,0.0010,490.00,no
2026-10-05T01:59:38.243997Z,KXXRP15M-26OCT042200-00,0.0010,39.03,no
2026-10-05T01:59:38.243997Z,KXXRP15M-26OCT042200-00,0.0010,0.97,no
2026-10-05T01:59:38.243997Z,KXXRP15M-26OCT042200-00,0.0010,43.00,no
2026-10-05T01:59:38.303206Z,KXXRP15M-26OCT042200-00,0.0010,0.97,no
2026-10-05T01:59:38.303206Z,KXXRP15M-26OCT042200-00,0.0010,43.00,no
2026-10-05T01:59:40.080662Z,KXXRP15M-26OCT042200-00,0.0010,10.00,yes
2026-10-05T01:59:40.936411Z,KXXRP15M-26OCT042200-00,0.0010,926.00,yes
2026-10-05T01:59:42.930875Z,KXXRP15M-26OCT042200-00,0.0020,9.97,yes
2026-10-05T01:59:42.930875Z,KXXRP15M-26OCT042200-00,0.0020,0.03,yes
2026-10-05T01:59:42.946391Z,KXXRP15M-26OCT042200-00,0.0010,9.00,no
2026-10-05T01:59:42.9913Z,KXXRP15M-26OCT042200-00,0.0010,43.00,no
2026-10-05T01:59:42.9913Z,KXXRP15M-26OCT042200-00,0.0010,8.03,no
2026-10-05T01:59:42.9913Z,KXXRP15M-26OCT042200-00,0.0010,0.97,no
2026-10-05T01:59:43.054943Z,KXXRP15M-26OCT042200-00,0.0010,42.88,no
2026-10-05T01:59:43.054943Z,KXXRP15M-26OCT042200-00,0.0010,4.12,no
2026-10-05T01:59:43.06028Z,KXXRP15M-26OCT042200-00,0.0010,0.12,no
2026-10-05T01:59:47.679175Z,KXXRP15M-26OCT042200-00,0.0010,450.00,yes
2026-10-05T01:59:48.73733Z,KXXRP15M-26OCT042200-00,0.0010,915.99,yes
2026-10-05T01:59:49.723706Z,KXXRP15M-26OCT042200-00,0.0010,2.98,yes
2026-10-05T01:59:49.795439Z,KXXRP15M-26OCT042200-00,0.0010,183.25,yes
2026-10-05T01:59:49.885063Z,KXXRP15M-26OCT042200-00,0.0010,9.20,yes
2026-10-05T01:59:54.175674Z,KXXRP15M-26OCT042200-00,0.0010,4673.24,yes
2026-10-05T01:59:57.931246Z,KXXRP15M-26OCT042200-00,0.0010,915.99,yes
2026-10-05T01:58:38.68104Z,KXHYPE15M-26OCT042200-00,0.9400,25.00,no
2026-10-05T01:58:39.075289Z,KXHYPE15M-26OCT042200-00,0.9400,17.00,no
2026-10-05T01:58:39.075289Z,KXHYPE15M-26OCT042200-00,0.9360,6.00,no
2026-10-05T01:58:39.075289Z,KXHYPE15M-26OCT042200-00,0.9330,25.00,no
2026-10-05T01:58:39.075289Z,KXHYPE15M-26OCT042200-00,0.9360,0.03,no
2026-10-05T01:58:39.075289Z,KXHYPE15M-26OCT042200-00,0.9330,0.03,no
2026-10-05T01:58:39.075289Z,KXHYPE15M-26OCT042200-00,0.9400,0.03,no
2026-10-05T01:58:39.075289Z,KXHYPE15M-26OCT042200-00,0.9320,21.34,no
2026-10-05T01:58:41.043953Z,KXHYPE15M-26OCT042200-00,0.9570,1.97,yes
2026-10-05T01:58:41.043953Z,KXHYPE15M-26OCT042200-00,0.9560,0.03,yes
2026-10-05T01:58:41.043953Z,KXHYPE15M-26OCT042200-00,0.9560,5.00,yes
2026-10-05T01:58:42.422531Z,KXHYPE15M-26OCT042200-00,0.9570,0.03,yes
2026-10-05T01:58:42.422531Z,KXHYPE15M-26OCT042200-00,0.9620,0.03,yes
2026-10-05T01:58:42.422531Z,KXHYPE15M-26OCT042200-00,0.9690,20.91,yes
2026-10-05T01:58:42.422531Z,KXHYPE15M-26OCT042200-00,0.9570,0.03,yes
2026-10-05T01:58:42.422531Z,KXHYPE15M-26OCT042200-00,0.9620,2.00,yes
2026-10-05T01:58:42.820207Z,KXHYPE15M-26OCT042200-00,0.9760,13.97,yes
2026-10-05T01:58:42.820207Z,KXHYPE15M-26OCT042200-00,0.9700,2.00,yes
2026-10-05T01:58:42.820207Z,KXHYPE15M-26OCT042200-00,0.9700,0.03,yes
2026-10-05T01:58:48.0336Z,KXHYPE15M-26OCT042200-00,0.9790,2.00,yes
2026-10-05T01:58:49.692136Z,KXHYPE15M-26OCT042200-00,0.9790,26.00,no
2026-10-05T01:58:49.692136Z,KXHYPE15M-26OCT042200-00,0.9770,0.03,no
2026-10-05T01:58:49.692136Z,KXHYPE15M-26OCT042200-00,0.9720,5.00,no
2026-10-05T01:58:49.692136Z,KXHYPE15M-26OCT042200-00,0.9700,42.00,no
2026-10-05T01:58:49.692136Z,KXHYPE15M-26OCT042200-00,0.9660,14.00,no
2026-10-05T01:58:49.692136Z,KXHYPE15M-26OCT042200-00,0.9820,2.00,no
2026-10-05T01:58:49.692136Z,KXHYPE15M-26OCT042200-00,0.9810,2.00,no
2026-10-05T01:58:49.692136Z,KXHYPE15M-26OCT042200-00,0.9650,9.46,no
2026-10-05T01:58:49.692136Z,KXHYPE15M-26OCT042200-00,0.9780,0.03,no
2026-10-05T01:58:49.692136Z,KXHYPE15M-26OCT042200-00,0.9770,43.00,no
2026-10-05T01:58:49.692136Z,KXHYPE15M-26OCT042200-00,0.9780,21.39,no
2026-10-05T01:58:49.948603Z,KXHYPE15M-26OCT042200-00,0.9830,2.00,yes
2026-10-05T01:58:51.255665Z,KXHYPE15M-26OCT042200-00,0.9840,5.00,yes
2026-10-05T01:58:51.255665Z,KXHYPE15M-26OCT042200-00,0.9850,10.97,yes
2026-10-05T01:58:51.255665Z,KXHYPE15M-26OCT042200-00,0.9830,5.00,yes
2026-10-05T01:58:51.255665Z,KXHYPE15M-26OCT042200-00,0.9840,0.03,yes
2026-10-05T01:58:52.163594Z,KXHYPE15M-26OCT042200-00,0.9850,10.42,yes
2026-10-05T01:58:52.167754Z,KXHYPE15M-26OCT042200-00,0.9860,8.00,yes
2026-10-05T01:58:54.195161Z,KXHYPE15M-26OCT042200-00,0.9900,0.03,yes
2026-10-05T01:58:54.195161Z,KXHYPE15M-26OCT042200-00,0.9890,0.03,yes
2026-10-05T01:58:54.195161Z,KXHYPE15M-26OCT042200-00,0.9900,1.00,yes
2026-10-05T01:58:54.195161Z,KXHYPE15M-26OCT042200-00,0.9890,32.00,yes
2026-10-05T01:58:54.195161Z,KXHYPE15M-26OCT042200-00,0.9900,2.83,yes
2026-10-05T01:58:54.195161Z,KXHYPE15M-26OCT042200-00,0.9900,8.63,yes
2026-10-05T01:58:54.195161Z,KXHYPE15M-26OCT042200-00,0.9900,13.40,yes
2026-10-05T01:58:54.195161Z,KXHYPE15M-26OCT042200-00,0.9890,1.00,yes
2026-10-05T01:58:54.195161Z,KXHYPE15M-26OCT042200-00,0.9890,1.00,yes
2026-10-05T01:58:54.195161Z,KXHYPE15M-26OCT042200-00,0.9900,2.00,yes
2026-10-05T01:58:54.195161Z,KXHYPE15M-26OCT042200-00,0.9900,20.00,yes
2026-10-05T01:58:54.195161Z,KXHYPE15M-26OCT042200-00,0.9890,1.00,yes
2026-10-05T01:58:54.195161Z,KXHYPE15M-26OCT042200-00,0.9900,25.00,yes
2026-10-05T01:58:54.195161Z,KXHYPE15M-26OCT042200-00,0.9890,33.00,yes
2026-10-05T01:58:54.195161Z,KXHYPE15M-26OCT042200-00,0.9890,180.00,yes
2026-10-05T01:58:54.195161Z,KXHYPE15M-26OCT042200-00,0.9900,20.00,yes
2026-10-05T01:58:55.110047Z,KXHYPE15M-26OCT042200-00,0.9900,2.00,no
2026-10-05T01:58:55.110047Z,KXHYPE15M-26OCT042200-00,0.9890,2.00,no
2026-10-05T01:58:55.110047Z,KXHYPE15M-26OCT042200-00,0.9850,25.00,no
2026-10-05T01:58:55.110047Z,KXHYPE15M-26OCT042200-00,0.9890,20.00,no
2026-10-05T01:58:55.110047Z,KXHYPE15M-26OCT042200-00,0.9840,180.00,no
2026-10-05T01:58:55.110047Z,KXHYPE15M-26OCT042200-00,0.9900,5.00,no
2026-10-05T01:58:55.110047Z,KXHYPE15M-26OCT042200-00,0.9800,25.73,no
2026-10-05T01:58:55.110047Z,KXHYPE15M-26OCT042200-00,0.9860,0.03,no
2026-10-05T01:58:55.110047Z,KXHYPE15M-26OCT042200-00,0.9850,0.03,no
2026-10-05T01:58:55.110047Z,KXHYPE15M-26OCT042200-00,0.9840,0.03,no
2026-10-05T01:58:55.110047Z,KXHYPE15M-26OCT042200-00,0.9810,1.00,no
2026-10-05T01:58:55.110047Z,KXHYPE15M-26OCT042200-00,0.9860,37.00,no
2026-10-05T01:58:55.609235Z,KXHYPE15M-26OCT042200-00,0.9900,5.00,yes
2026-10-05T01:58:55.609235Z,KXHYPE15M-26OCT042200-00,0.9900,3.08,yes
2026-10-05T01:58:55.844848Z,KXHYPE15M-26OCT042200-00,0.9900,40.00,yes
2026-10-05T01:58:56.205954Z,KXHYPE15M-26OCT042200-00,0.9900,109.07,yes
2026-10-05T01:58:56.751864Z,KXHYPE15M-26OCT042200-00,0.9030,0.01,no
2026-10-05T01:58:56.751864Z,KXHYPE15M-26OCT042200-00,0.9200,5.00,no
2026-10-05T01:58:56.751864Z,KXHYPE15M-26OCT042200-00,0.9300,5.00,no
2026-10-05T01:58:56.751864Z,KXHYPE15M-26OCT042200-00,0.9750,2.00,no
2026-10-05T01:58:56.751864Z,KXHYPE15M-26OCT042200-00,0.9800,16.27,no
2026-10-05T01:58:56.751864Z,KXHYPE15M-26OCT042200-00,0.9890,5.00,no
2026-10-05T01:58:56.751864Z,KXHYPE15M-26OCT042200-00,0.9850,3.08,no
2026-10-05T01:58:56.751864Z,KXHYPE15M-26OCT042200-00,0.9880,2.00,no
2026-10-05T01:58:56.751864Z,KXHYPE15M-26OCT042200-00,0.9890,2.00,no
2026-10-05T01:58:56.751864Z,KXHYPE15M-26OCT042200-00,0.9860,4.00,no
2026-10-05T01:58:56.751864Z,KXHYPE15M-26OCT042200-00,0.8900,0.01,no
2026-10-05T01:58:56.751864Z,KXHYPE15M-26OCT042200-00,0.9850,40.00,no
2026-10-05T01:58:56.751864Z,KXHYPE15M-26OCT042200-00,0.9750,4.00,no
2026-10-05T01:58:56.751864Z,KXHYPE15M-26OCT042200-00,0.9800,30.00,no
2026-10-05T01:58:56.751864Z,KXHYPE15M-26OCT042200-00,0.9850,109.07,no
2026-10-05T01:58:56.751864Z,KXHYPE15M-26OCT042200-00,0.8400,20.00,no
2026-10-05T01:58:56.751864Z,KXHYPE15M-26OCT042200-00,0.8800,20.00,no
2026-10-05T01:58:56.751864Z,KXHYPE15M-26OCT042200-00,0.8800,162.00,no
2026-10-05T01:58:56.751864Z,KXHYPE15M-26OCT042200-00,0.9640,32.00,no
2026-10-05T01:58:56.751864Z,KXHYPE15M-26OCT042200-00,0.9650,215.54,no
2026-10-05T01:58:56.751864Z,KXHYPE15M-26OCT042200-00,0.9710,2.00,no
2026-10-05T01:58:56.751864Z,KXHYPE15M-26OCT042200-00,0.9660,2.00,no
2026-10-05T01:58:56.751864Z,KXHYPE15M-26OCT042200-00,0.9420,2.00,no
2026-10-05T01:58:56.751864Z,KXHYPE15M-26OCT042200-00,0.9710,7.00,no
2026-10-05T01:58:56.751864Z,KXHYPE15M-26OCT042200-00,0.8600,20.00,no
2026-10-05T01:58:56.751864Z,KXHYPE15M-26OCT042200-00,0.9480,225.00,no
2026-10-05T01:58:56.751864Z,KXHYPE15M-26OCT042200-00,0.9300,25.00,no
2026-10-05T01:58:56.751864Z,KXHYPE15M-26OCT042200-00,0.9320,203.66,no
2026-10-05T01:58:56.751864Z,KXHYPE15M-26OCT042200-00,0.8200,20.00,no
2026-10-05T01:58:56.751864Z,KXHYPE15M-26OCT042200-00,0.9000,225.00,no
2026-10-05T01:58:56.751864Z,KXHYPE15M-26OCT042200-00,0.9150,50.00,no
2026-10-05T01:58:56.751864Z,KXHYPE15M-26OCT042200-00,0.8800,225.00,no
2026-10-05T01:58:56.751864Z,KXHYPE15M-26OCT042200-00,0.9160,225.00,no
2026-10-05T01:58:56.751864Z,KXHYPE15M-26OCT042200-00,0.7300,1.00,no
2026-10-05T01:58:56.751864Z,KXHYPE15M-26OCT042200-00,0.8600,225.00,no
2026-10-05T01:58:56.751864Z,KXHYPE15M-26OCT042200-00,0.8000,20.00,no
2026-10-05T01:58:56.751864Z,KXHYPE15M-26OCT042200-00,0.7800,20.00,no
2026-10-05T01:58:56.751864Z,KXHYPE15M-26OCT042200-00,0.8400,1.00,no
2026-10-05T01:58:56.751864Z,KXHYPE15M-26OCT042200-00,0.8200,225.00,no
2026-10-05T01:58:56.751864Z,KXHYPE15M-26OCT042200-00,0.8400,225.00,no
2026-10-05T01:58:56.751864Z,KXHYPE15M-26OCT042200-00,0.7200,4.28,no
2026-10-05T01:58:56.751864Z,KXHYPE15M-26OCT042200-00,0.7800,151.11,no
2026-10-05T01:58:56.751864Z,KXHYPE15M-26OCT042200-00,0.8000,225.00,no
2026-10-05T01:58:56.751864Z,KXHYPE15M-26OCT042200-00,0.7600,20.00,no
2026-10-05T01:58:56.751864Z,KXHYPE15M-26OCT042200-00,0.7400,225.00,no
2026-10-05T01:58:56.751864Z,KXHYPE15M-26OCT042200-00,0.7400,20.00,no
2026-10-05T01:58:56.751864Z,KXHYPE15M-26OCT042200-00,0.7600,225.00,no
2026-10-05T01:58:56.751864Z,KXHYPE15M-26OCT042200-00,0.9540,100.00,no
2026-10-05T01:58:56.763502Z,KXHYPE15M-26OCT042200-00,0.9230,42.00,yes
2026-10-05T01:58:56.765721Z,KXHYPE15M-26OCT042200-00,0.9230,16.00,yes
2026-10-05T01:58:56.774737Z,KXHYPE15M-26OCT042200-00,0.9230,22.00,yes
2026-10-05T01:58:56.788291Z,KXHYPE15M-26OCT042200-00,0.9230,80.00,yes
2026-10-05T01:58:56.804549Z,KXHYPE15M-26OCT042200-00,0.9230,1.00,yes
2026-10-05T01:58:56.8747Z,KXHYPE15M-26OCT042200-00,0.9230,42.00,yes
2026-10-05T01:58:56.891423Z,KXHYPE15M-26OCT042200-00,0.9140,2.00,no
2026-10-05T01:58:56.891423Z,KXHYPE15M-26OCT042200-00,0.9220,2.00,no
2026-10-05T01:58:56.891423Z,KXHYPE15M-26OCT042200-00,0.9110,9.00,no
2026-10-05T01:58:57.059499Z,KXHYPE15M-26OCT042200-00,0.9220,5.00,yes
2026-10-05T01:58:57.074923Z,KXHYPE15M-26OCT042200-00,0.9230,22.00,yes
2026-10-05T01:58:57.074923Z,KXHYPE15M-26OCT042200-00,0.9380,225.00,yes
2026-10-05T01:58:57.074923Z,KXHYPE15M-26OCT042200-00,0.9330,12.00,yes
2026-10-05T01:58:57.074923Z,KXHYPE15M-26OCT042200-00,0.9340,6.00,yes
2026-10-05T01:58:57.113482Z,KXHYPE15M-26OCT042200-00,0.9380,225.00,yes
2026-10-05T01:58:57.297489Z,KXHYPE15M-26OCT042200-00,0.9570,49.00,yes
2026-10-05T01:58:57.297489Z,KXHYPE15M-26OCT042200-00,0.9560,3.00,yes
2026-10-05T01:58:57.297489Z,KXHYPE15M-26OCT042200-00,0.9560,18.00,yes
2026-10-05T01:58:57.374874Z,KXHYPE15M-26OCT042200-00,0.9570,42.00,yes
2026-10-05T01:58:57.397927Z,KXHYPE15M-26OCT042200-00,0.9560,9.97,yes
2026-10-05T01:58:57.397927Z,KXHYPE15M-26OCT042200-00,0.9560,0.03,yes
2026-10-05T01:58:57.60678Z,KXHYPE15M-26OCT042200-00,0.9570,29.31,yes
2026-10-05T01:58:57.777414Z,KXHYPE15M-26OCT042200-00,0.9570,35.00,yes
2026-10-05T01:58:57.857378Z,KXHYPE15M-26OCT042200-00,0.9570,27.00,yes
2026-10-05T01:58:58.089495Z,KXHYPE15M-26OCT042200-00,0.9570,42.69,yes
2026-10-05T01:58:58.089495Z,KXHYPE15M-26OCT042200-00,0.9570,0.03,yes
2026-10-05T01:58:58.609214Z,KXHYPE15M-26OCT042200-00,0.9530,11.67,yes
2026-10-05T01:58:58.99102Z,KXHYPE15M-26OCT042200-00,0.9520,1.00,no
2026-10-05T01:58:59.064023Z,KXHYPE15M-26OCT042200-00,0.9530,28.00,yes
2026-10-05T01:58:59.08008Z,KXHYPE15M-26OCT042200-00,0.9530,177.98,yes
2026-10-05T01:58:59.167688Z,KXHYPE15M-26OCT042200-00,0.9530,7.35,yes
2026-10-05T01:58:59.167688Z,KXHYPE15M-26OCT042200-00,0.9710,5.86,yes
2026-10-05T01:58:59.520952Z,KXHYPE15M-26OCT042200-00,0.9720,90.00,yes
2026-10-05T01:59:00.006981Z,KXHYPE15M-26OCT042200-00,0.9720,1.00,yes
2026-10-05T01:59:00.015297Z,KXHYPE15M-26OCT042200-00,0.9720,10.14,yes
2026-10-05T01:59:00.017005Z,KXHYPE15M-26OCT042200-00,0.9720,1.00,yes
2026-10-05T01:59:00.028719Z,KXHYPE15M-26OCT042200-00,0.9720,122.86,yes
2026-10-05T01:59:00.028719Z,KXHYPE15M-26OCT042200-00,0.9790,2.00,yes
2026-10-05T01:59:00.028719Z,KXHYPE15M-26OCT042200-00,0.9780,2.00,yes
2026-10-05T01:59:00.052761Z,KXHYPE15M-26OCT042200-00,0.9680,137.47,yes
2026-10-05T01:59:00.068163Z,KXHYPE15M-26OCT042200-00,0.9810,1.47,yes
2026-10-05T01:59:00.068163Z,KXHYPE15M-26OCT042200-00,0.9680,87.53,yes
2026-10-05T01:59:00.070687Z,KXHYPE15M-26OCT042200-00,0.9820,2.00,yes
2026-10-05T01:59:00.070687Z,KXHYPE15M-26OCT042200-00,0.9810,0.53,yes
2026-10-05T01:59:00.352567Z,KXHYPE15M-26OCT042200-00,0.9860,1.00,yes
2026-10-05T01:59:00.352567Z,KXHYPE15M-26OCT042200-00,0.9840,2.00,yes
2026-10-05T01:59:00.352567Z,KXHYPE15M-26OCT042200-00,0.9850,2.00,yes
2026-10-05T01:59:00.366436Z,KXHYPE15M-26OCT042200-00,0.9860,1.00,yes
2026-10-05T01:59:00.366436Z,KXHYPE15M-26OCT042200-00,0.9870,1.00,yes
2026-10-05T01:59:00.401878Z,KXHYPE15M-26OCT042200-00,0.9870,10.00,yes
2026-10-05T01:59:00.506719Z,KXHYPE15M-26OCT042200-00,0.9860,2.91,yes
2026-10-05T01:59:00.506719Z,KXHYPE15M-26OCT042200-00,0.9860,0.03,yes
2026-10-05T01:59:00.506719Z,KXHYPE15M-26OCT042200-00,0.9840,0.03,yes
2026-10-05T01:59:00.506719Z,KXHYPE15M-26OCT042200-00,0.9850,0.03,yes
2026-10-05T01:59:00.658644Z,KXHYPE15M-26OCT042200-00,0.9870,10.00,yes
2026-10-05T01:59:02.538019Z,KXHYPE15M-26OCT042200-00,0.9810,1.99,yes
2026-10-05T01:59:02.558032Z,KXHYPE15M-26OCT042200-00,0.9830,1.99,yes
2026-10-05T01:59:02.558032Z,KXHYPE15M-26OCT042200-00,0.9820,2.00,yes
2026-10-05T01:59:03.408521Z,KXHYPE15M-26OCT042200-00,0.9750,2.00,no
2026-10-05T01:59:03.408521Z,KXHYPE15M-26OCT042200-00,0.9740,2.00,no
2026-10-05T01:59:03.408521Z,KXHYPE15M-26OCT042200-00,0.9560,20.42,no
2026-10-05T01:59:03.408521Z,KXHYPE15M-26OCT042200-00,0.9760,0.03,no
2026-10-05T01:59:03.408521Z,KXHYPE15M-26OCT042200-00,0.9770,0.03,no
2026-10-05T01:59:03.408521Z,KXHYPE15M-26OCT042200-00,0.9720,0.03,no
2026-10-05T01:59:03.408521Z,KXHYPE15M-26OCT042200-00,0.9760,4.00,no
2026-10-05T01:59:03.408521Z,KXHYPE15M-26OCT042200-00,0.9770,5.00,no
2026-10-05T01:59:03.477682Z,KXHYPE15M-26OCT042200-00,0.9840,5.00,yes
2026-10-05T01:59:03.947522Z,KXHYPE15M-26OCT042200-00,0.9850,0.03,yes
2026-10-05T01:59:03.947522Z,KXHYPE15M-26OCT042200-00,0.9850,29.00,yes
2026-10-05T01:59:04.065224Z,KXHYPE15M-26OCT042200-00,0.9860,2.00,yes
2026-10-05T01:59:04.065224Z,KXHYPE15M-26OCT042200-00,0.9860,0.03,yes
2026-10-05T01:59:04.065224Z,KXHYPE15M-26OCT042200-00,0.9860,27.00,yes
2026-10-05T01:59:04.065224Z,KXHYPE15M-26OCT042200-00,0.9870,0.97,yes
2026-10-05T01:59:04.099636Z,KXHYPE15M-26OCT042200-00,0.9870,1.00,yes
2026-10-05T01:59:04.770305Z,KXHYPE15M-26OCT042200-00,0.9860,4.90,no
2026-10-05T01:59:04.770305Z,KXHYPE15M-26OCT042200-00,0.9800,0.76,no
2026-10-05T01:59:04.770305Z,KXHYPE15M-26OCT042200-00,0.9860,5.00,no
2026-10-05T01:59:05.062995Z,KXHYPE15M-26OCT042200-00,0.9870,1.00,yes
2026-10-05T01:59:05.092812Z,KXHYPE15M-26OCT042200-00,0.9870,25.00,yes
2026-10-05T01:59:05.733298Z,KXHYPE15M-26OCT042200-00,0.9870,25.00,yes
2026-10-05T01:59:06.304741Z,KXHYPE15M-26OCT042200-00,0.9870,100.00,yes
2026-10-05T01:59:06.920501Z,KXHYPE15M-26OCT042200-00,0.9870,25.00,yes
2026-10-05T01:59:08.044947Z,KXHYPE15M-26OCT042200-00,0.9870,25.00,yes
2026-10-05T01:59:08.460371Z,KXHYPE15M-26OCT042200-00,0.9860,1.63,no
2026-10-05T01:59:09.060675Z,KXHYPE15M-26OCT042200-00,0.9860,0.37,yes
2026-10-05T01:59:09.060675Z,KXHYPE15M-26OCT042200-00,0.9870,1.03,yes
2026-10-05T01:59:09.060675Z,KXHYPE15M-26OCT042200-00,0.9890,20.52,yes
2026-10-05T01:59:09.060675Z,KXHYPE15M-26OCT042200-00,0.9890,3.08,yes
2026-10-05T01:59:09.08677Z,KXHYPE15M-26OCT042200-00,0.9840,224.08,yes
2026-10-05T01:59:09.097848Z,KXHYPE15M-26OCT042200-00,0.9840,0.92,yes
2026-10-05T01:59:09.276335Z,KXHYPE15M-26OCT042200-00,0.9890,0.52,yes
2026-10-05T01:59:09.276335Z,KXHYPE15M-26OCT042200-00,0.9890,19.48,yes
2026-10-05T01:59:10.059011Z,KXHYPE15M-26OCT042200-00,0.9890,25.00,yes
2026-10-05T01:59:10.300774Z,KXHYPE15M-26OCT042200-00,0.9890,17.00,yes
2026-10-05T01:59:10.301968Z,KXHYPE15M-26OCT042200-00,0.9890,8.00,yes
2026-10-05T01:59:11.062017Z,KXHYPE15M-26OCT042200-00,0.9890,25.00,yes
2026-10-05T01:59:11.079409Z,KXHYPE15M-26OCT042200-00,0.9890,10.00,yes
2026-10-05T01:59:11.081525Z,KXHYPE15M-26OCT042200-00,0.9920,0.03,yes
2026-10-05T01:59:11.081525Z,KXHYPE15M-26OCT042200-00,0.9890,27.85,yes
2026-10-05T01:59:11.081525Z,KXHYPE15M-26OCT042200-00,0.9890,23.55,yes
2026-10-05T01:59:11.081525Z,KXHYPE15M-26OCT042200-00,0.9890,0.92,yes
2026-10-05T01:59:11.081525Z,KXHYPE15M-26OCT042200-00,0.9910,20.00,yes
2026-10-05T01:59:11.081525Z,KXHYPE15M-26OCT042200-00,0.9920,20.00,yes
2026-10-05T01:59:11.60738Z,KXHYPE15M-26OCT042200-00,0.9930,2.00,yes
2026-10-05T01:59:11.60738Z,KXHYPE15M-26OCT042200-00,0.9950,50.00,yes
2026-10-05T01:59:11.60738Z,KXHYPE15M-26OCT042200-00,0.9960,4.00,yes
2026-10-05T01:59:11.60738Z,KXHYPE15M-26OCT042200-00,0.9930,0.03,yes
2026-10-05T01:59:11.60738Z,KXHYPE15M-26OCT042200-00,0.9970,0.03,yes
2026-10-05T01:59:11.60738Z,KXHYPE15M-26OCT042200-00,0.9950,0.03,yes
2026-10-05T01:59:11.60738Z,KXHYPE15M-26OCT042200-00,0.9960,0.03,yes
2026-10-05T01:59:11.60738Z,KXHYPE15M-26OCT042200-00,0.9940,0.03,yes
2026-10-05T01:59:11.60738Z,KXHYPE15M-26OCT042200-00,0.9940,37.00,yes
2026-10-05T01:59:11.60738Z,KXHYPE15M-26OCT042200-00,0.9940,2.00,yes
2026-10-05T01:59:11.60738Z,KXHYPE15M-26OCT042200-00,0.9950,100.00,yes
2026-10-05T01:59:11.60738Z,KXHYPE15M-26OCT042200-00,0.9970,20.00,yes
2026-10-05T01:59:11.60738Z,KXHYPE15M-26OCT042200-00,0.9930,20.00,yes
2026-10-05T01:59:11.60738Z,KXHYPE15M-26OCT042200-00,0.9940,20.00,yes
2026-10-05T01:59:11.60738Z,KXHYPE15M-26OCT042200-00,0.9960,20.00,yes
2026-10-05T01:59:11.60738Z,KXHYPE15M-26OCT042200-00,0.9950,20.00,yes
2026-10-05T01:59:11.60738Z,KXHYPE15M-26OCT042200-00,0.9980,50.85,yes
2026-10-05T01:59:11.60738Z,KXHYPE15M-26OCT042200-00,0.9950,173.00,yes
2026-10-05T01:59:11.60738Z,KXHYPE15M-26OCT042200-00,0.9960,1.00,yes
2026-10-05T01:59:11.60738Z,KXHYPE15M-26OCT042200-00,0.9960,1.00,yes
2026-10-05T01:59:11.60738Z,KXHYPE15M-26OCT042200-00,0.9970,2.00,yes
2026-10-05T01:59:11.60738Z,KXHYPE15M-26OCT042200-00,0.9960,1.00,yes
2026-10-05T01:59:11.60738Z,KXHYPE15M-26OCT042200-00,0.9970,2.00,yes
2026-10-05T01:59:11.60738Z,KXHYPE15M-26OCT042200-00,0.9970,2.00,yes
2026-10-05T01:59:11.60738Z,KXHYPE15M-26OCT042200-00,0.9970,2.00,yes
2026-10-05T01:59:11.60738Z,KXHYPE15M-26OCT042200-00,0.9960,1.00,yes
2026-10-05T01:59:11.60738Z,KXHYPE15M-26OCT042200-00,0.9960,1.00,yes
2026-10-05T01:59:11.60738Z,KXHYPE15M-26OCT042200-00,0.9970,2.00,yes
2026-10-05T01:59:11.60738Z,KXHYPE15M-26OCT042200-00,0.9950,11.00,yes
2026-10-05T01:59:11.60738Z,KXHYPE15M-26OCT042200-00,0.9960,13.00,yes
2026-10-05T01:59:11.60738Z,KXHYPE15M-26OCT042200-00,0.9970,18.00,yes
2026-10-05T01:59:11.70803Z,KXHYPE15M-26OCT042200-00,0.9960,2.00,yes
2026-10-05T01:59:14.13199Z,KXHYPE15M-26OCT042200-00,0.9980,2.00,yes
2026-10-05T01:59:14.13199Z,KXHYPE15M-26OCT042200-00,0.9970,33.00,yes
2026-10-05T01:59:14.13199Z,KXHYPE15M-26OCT042200-00,0.9970,2.00,yes
2026-10-05T01:59:14.13199Z,KXHYPE15M-26OCT042200-00,0.9980,1.00,yes
2026-10-05T01:59:14.13199Z,KXHYPE15M-26OCT042200-00,0.9980,149.15,yes
2026-10-05T01:59:14.13199Z,KXHYPE15M-26OCT042200-00,0.9980,20.00,yes
2026-10-05T01:59:14.13199Z,KXHYPE15M-26OCT042200-00,0.9980,26.00,yes
2026-10-05T01:59:14.13199Z,KXHYPE15M-26OCT042200-00,0.9980,3.00,yes
2026-10-05T01:59:14.13199Z,KXHYPE15M-26OCT042200-00,0.9980,3.00,yes
2026-10-05T01:59:14.13199Z,KXHYPE15M-26OCT042200-00,0.9980,3.00,yes
2026-10-05T01:59:14.13199Z,KXHYPE15M-26OCT042200-00,0.9980,3.00,yes
2026-10-05T01:59:14.13199Z,KXHYPE15M-26OCT042200-00,0.9980,3.00,yes
2026-10-05T01:59:14.275366Z,KXHYPE15M-26OCT042200-00,0.9970,0.03,yes
2026-10-05T01:59:14.275366Z,KXHYPE15M-26OCT042200-00,0.9980,0.03,yes
2026-10-05T01:59:14.275366Z,KXHYPE15M-26OCT042200-00,0.9980,13.94,yes
2026-10-05T01:59:15.181812Z,KXHYPE15M-26OCT042200-00,0.9990,20.00,yes
2026-10-05T01:59:16.09984Z,KXHYPE15M-26OCT042200-00,0.9990,13.80,yes
2026-10-05T01:59:16.29126Z,KXHYPE15M-26OCT042200-00,0.9980,4.59,no
2026-10-05T01:59:19.446042Z,KXHYPE15M-26OCT042200-00,0.9990,250.25,yes
2026-10-05T01:59:19.963876Z,KXHYPE15M-26OCT042200-00,0.9990,215.95,yes
2026-10-05T01:59:19.963876Z,KXHYPE15M-26OCT042200-00,0.9990,84.05,yes
2026-10-05T01:59:20.744446Z,KXHYPE15M-26OCT042200-00,0.9980,412.22,no
2026-10-05T01:59:20.764164Z,KXHYPE15M-26OCT042200-00,0.9960,100.00,no
2026-10-05T01:59:20.764164Z,KXHYPE15M-26OCT042200-00,0.9850,20.00,no
2026-10-05T01:59:20.764164Z,KXHYPE15M-26OCT042200-00,0.9800,15.00,no
2026-10-05T01:59:20.764164Z,KXHYPE15M-26OCT042200-00,0.9800,15.00,no
2026-10-05T01:59:20.764164Z,KXHYPE15M-26OCT042200-00,0.9850,400.00,no
2026-10-05T01:59:20.764164Z,KXHYPE15M-26OCT042200-00,0.9970,40.00,no
2026-10-05T01:59:20.764164Z,KXHYPE15M-26OCT042200-00,0.9970,40.00,no
2026-10-05T01:59:20.764164Z,KXHYPE15M-26OCT042200-00,0.9920,5.00,no
2026-10-05T01:59:20.764164Z,KXHYPE15M-26OCT042200-00,0.9850,200.00,no
2026-10-05T01:59:20.764164Z,KXHYPE15M-26OCT042200-00,0.9900,100.00,no
2026-10-05T01:59:20.764164Z,KXHYPE15M-26OCT042200-00,0.9900,25.00,no
2026-10-05T01:59:20.764164Z,KXHYPE15M-26OCT042200-00,0.9790,23.06,no
2026-10-05T01:59:20.764164Z,KXHYPE15M-26OCT042200-00,0.9890,7.77,no
2026-10-05T01:59:20.764164Z,KXHYPE15M-26OCT042200-00,0.9820,4.00,no
2026-10-05T01:59:20.764164Z,KXHYPE15M-26OCT042200-00,0.9790,15.00,no
2026-10-05T01:59:20.764164Z,KXHYPE15M-26OCT042200-00,0.9790,55.00,no
2026-10-05T01:59:20.764164Z,KXHYPE15M-26OCT042200-00,0.9900,5.00,no
2026-10-05T01:59:20.764164Z,KXHYPE15M-26OCT042200-00,0.9980,13.80,no
2026-10-05T01:59:20.764164Z,KXHYPE15M-26OCT042200-00,0.9790,45.00,no
2026-10-05T01:59:20.764164Z,KXHYPE15M-26OCT042200-00,0.9900,10.00,no
2026-10-05T01:59:20.764164Z,KXHYPE15M-26OCT042200-00,0.9900,10.00,no
2026-10-05T01:59:20.764164Z,KXHYPE15M-26OCT042200-00,0.9790,30.00,no
2026-10-05T01:59:20.764164Z,KXHYPE15M-26OCT042200-00,0.9790,40.00,no
2026-10-05T01:59:20.764164Z,KXHYPE15M-26OCT042200-00,0.9900,15.00,no
2026-10-05T01:59:20.764164Z,KXHYPE15M-26OCT042200-00,0.9900,20.00,no
2026-10-05T01:59:20.764164Z,KXHYPE15M-26OCT042200-00,0.9900,25.00,no
2026-10-05T01:59:20.764164Z,KXHYPE15M-26OCT042200-00,0.9980,20.00,no
2026-10-05T01:59:20.764164Z,KXHYPE15M-26OCT042200-00,0.9900,80.00,no
2026-10-05T01:59:20.764164Z,KXHYPE15M-26OCT042200-00,0.9980,783.19,no
2026-10-05T01:59:20.764164Z,KXHYPE15M-26OCT042200-00,0.9880,5.00,no
2026-10-05T01:59:20.764164Z,KXHYPE15M-26OCT042200-00,0.9930,70.00,no
2026-10-05T01:59:20.764164Z,KXHYPE15M-26OCT042200-00,0.9900,5.00,no
2026-10-05T01:59:20.764164Z,KXHYPE15M-26OCT042200-00,0.9920,40.00,no
2026-10-05T01:59:20.764164Z,KXHYPE15M-26OCT042200-00,0.9950,0.03,no
2026-10-05T01:59:20.764164Z,KXHYPE15M-26OCT042200-00,0.9850,20.00,no
2026-10-05T01:59:20.764164Z,KXHYPE15M-26OCT042200-00,0.9920,200.00,no
2026-10-05T01:59:20.764164Z,KXHYPE15M-26OCT042200-00,0.9970,0.03,no
2026-10-05T01:59:20.764164Z,KXHYPE15M-26OCT042200-00,0.9950,103.00,no
2026-10-05T01:59:20.764164Z,KXHYPE15M-26OCT042200-00,0.9980,0.03,no
2026-10-05T01:59:20.764164Z,KXHYPE15M-26OCT042200-00,0.9930,0.03,no
2026-10-05T01:59:20.764164Z,KXHYPE15M-26OCT042200-00,0.9940,0.03,no
2026-10-05T01:59:20.764164Z,KXHYPE15M-26OCT042200-00,0.9960,0.03,no
2026-10-05T01:59:20.764164Z,KXHYPE15M-26OCT042200-00,0.9920,100.00,no
2026-10-05T01:59:20.764164Z,KXHYPE15M-26OCT042200-00,0.9900,8.00,no
2026-10-05T01:59:20.764164Z,KXHYPE15M-26OCT042200-00,0.9980,215.95,no
2026-10-05T01:59:20.764164Z,KXHYPE15M-26OCT042200-00,0.9800,10.00,no
2026-10-05T01:59:20.764164Z,KXHYPE15M-26OCT042200-00,0.9920,40.00,no
2026-10-05T01:59:20.764164Z,KXHYPE15M-26OCT042200-00,0.9890,454.00,no
2026-10-05T01:59:20.764164Z,KXHYPE15M-26OCT042200-00,0.9850,40.00,no
2026-10-05T01:59:20.764164Z,KXHYPE15M-26OCT042200-00,0.9800,5.00,no
2026-10-05T01:59:20.764164Z,KXHYPE15M-26OCT042200-00,0.9850,100.00,no
2026-10-05T01:59:20.764164Z,KXHYPE15M-26OCT042200-00,0.9980,250.25,no
2026-10-05T01:59:20.764164Z,KXHYPE15M-26OCT042200-00,0.9840,8.00,no
2026-10-05T01:59:20.764164Z,KXHYPE15M-26OCT042200-00,0.9840,25.00,no
2026-10-05T01:59:20.764164Z,KXHYPE15M-26OCT042200-00,0.9840,17.00,no
2026-10-05T01:59:20.764164Z,KXHYPE15M-26OCT042200-00,0.9840,20.52,no
2026-10-05T01:59:20.764164Z,KXHYPE15M-26OCT042200-00,0.9840,0.52,no
2026-10-05T01:59:20.764164Z,KXHYPE15M-26OCT042200-00,0.9840,2.16,no
2026-10-05T01:59:20.764164Z,KXHYPE15M-26OCT042200-00,0.9840,19.48,no
2026-10-05T01:59:20.764164Z,KXHYPE15M-26OCT042200-00,0.9800,20.00,no
2026-10-05T01:59:20.764164Z,KXHYPE15M-26OCT042200-00,0.9910,2.00,no
2026-10-05T01:59:20.764164Z,KXHYPE15M-26OCT042200-00,0.9900,2.00,no
2026-10-05T01:59:20.764164Z,KXHYPE15M-26OCT042200-00,0.9970,20.00,no
2026-10-05T01:59:20.764164Z,KXHYPE15M-26OCT042200-00,0.9960,10.00,no
2026-10-05T01:59:20.764164Z,KXHYPE15M-26OCT042200-00,0.9960,20.00,no
2026-10-05T01:59:20.764164Z,KXHYPE15M-26OCT042200-00,0.9940,20.00,no
2026-10-05T01:59:20.764164Z,KXHYPE15M-26OCT042200-00,0.9950,20.00,no
2026-10-05T01:59:20.764164Z,KXHYPE15M-26OCT042200-00,0.9910,20.00,no
2026-10-05T01:59:20.764164Z,KXHYPE15M-26OCT042200-00,0.9920,20.00,no
2026-10-05T01:59:20.764164Z,KXHYPE15M-26OCT042200-00,0.9930,20.00,no
2026-10-05T01:59:20.764164Z,KXHYPE15M-26OCT042200-00,0.9840,23.55,no
2026-10-05T01:59:20.764164Z,KXHYPE15M-26OCT042200-00,0.9840,10.00,no
2026-10-05T01:59:20.764164Z,KXHYPE15M-26OCT042200-00,0.9840,0.92,no
2026-10-05T01:59:20.764164Z,KXHYPE15M-26OCT042200-00,0.9860,173.00,no
2026-10-05T01:59:20.764164Z,KXHYPE15M-26OCT042200-00,0.9840,25.00,no
2026-10-05T01:59:20.764164Z,KXHYPE15M-26OCT042200-00,0.9950,200.00,no
2026-10-05T01:59:20.764164Z,KXHYPE15M-26OCT042200-00,0.9900,20.00,no
2026-10-05T01:59:20.764164Z,KXHYPE15M-26OCT042200-00,0.9840,27.85,no
2026-10-05T01:59:20.815585Z,KXHYPE15M-26OCT042200-00,0.9890,2.16,yes
2026-10-05T01:59:20.873521Z,KXHYPE15M-26OCT042200-00,0.9890,20.52,yes
2026-10-05T01:59:20.873521Z,KXHYPE15M-26OCT042200-00,0.9890,19.48,yes
2026-10-05T01:59:20.959404Z,KXHYPE15M-26OCT042200-00,0.9980,5.00,yes
2026-10-05T01:59:20.959404Z,KXHYPE15M-26OCT042200-00,0.9980,5.07,yes
2026-10-05T01:59:21.672225Z,KXHYPE15M-26OCT042200-00,0.9980,100.20,yes
2026-10-05T01:59:21.829625Z,KXHYPE15M-26OCT042200-00,0.9980,0.99,yes
2026-10-05T01:59:23.113679Z,KXHYPE15M-26OCT042200-00,0.9980,98.81,yes
2026-10-05T01:59:23.113679Z,KXHYPE15M-26OCT042200-00,0.9980,100.00,yes
2026-10-05T01:59:24.123689Z,KXHYPE15M-26OCT042200-00,0.9990,12.00,yes
2026-10-05T01:59:29.00336Z,KXHYPE15M-26OCT042200-00,0.9990,50.00,yes
2026-10-05T01:59:29.329443Z,KXHYPE15M-26OCT042200-00,0.9990,13.80,yes
2026-10-05T01:59:29.329443Z,KXHYPE15M-26OCT042200-00,0.9990,141.00,yes
2026-10-05T01:59:29.329443Z,KXHYPE15M-26OCT042200-00,0.9990,250.25,yes
2026-10-05T01:59:29.329443Z,KXHYPE15M-26OCT042200-00,0.9990,20.00,yes
2026-10-05T01:59:29.329443Z,KXHYPE15M-26OCT042200-00,0.9990,225.00,yes
2026-10-05T01:59:29.329443Z,KXHYPE15M-26OCT042200-00,0.9990,1.00,yes
2026-10-05T01:59:29.329443Z,KXHYPE15M-26OCT042200-00,0.9990,20.00,yes
2026-10-05T01:59:29.329443Z,KXHYPE15M-26OCT042200-00,0.9990,1.00,yes
2026-10-05T01:59:29.329443Z,KXHYPE15M-26OCT042200-00,0.9990,153.95,yes
2026-10-05T01:59:29.329443Z,KXHYPE15M-26OCT042200-00,0.9990,1.00,yes
2026-10-05T01:59:29.463568Z,KXHYPE15M-26OCT042200-00,0.9980,279.38,no
2026-10-05T01:59:30.178505Z,KXHYPE15M-26OCT042200-00,0.9980,25.00,no
2026-10-05T01:59:33.064965Z,KXHYPE15M-26OCT042200-00,0.9990,74.95,yes
2026-10-05T01:59:33.064965Z,KXHYPE15M-26OCT042200-00,0.9990,84.00,yes
2026-10-05T01:59:33.064965Z,KXHYPE15M-26OCT042200-00,0.9990,2.00,yes
2026-10-05T01:59:33.064965Z,KXHYPE15M-26OCT042200-00,0.9990,4.00,yes
2026-10-05T01:59:33.064965Z,KXHYPE15M-26OCT042200-00,0.9990,8.00,yes
2026-10-05T01:59:33.064965Z,KXHYPE15M-26OCT042200-00,0.9990,1.00,yes
2026-10-05T01:59:33.064965Z,KXHYPE15M-26OCT042200-00,0.9990,0.05,yes
2026-10-05T01:59:33.064965Z,KXHYPE15M-26OCT042200-00,0.9990,225.00,yes
2026-10-05T01:59:33.088144Z,KXHYPE15M-26OCT042200-00,0.9990,1.02,yes
2026-10-05T01:59:33.088144Z,KXHYPE15M-26OCT042200-00,0.9990,0.95,yes
2026-10-05T01:59:33.088144Z,KXHYPE15M-26OCT042200-00,0.9990,0.03,yes
2026-10-05T01:59:34.035753Z,KXHYPE15M-26OCT042200-00,0.9980,78.20,no
2026-10-05T01:59:34.035753Z,KXHYPE15M-26OCT042200-00,0.9980,379.81,no
2026-10-05T01:59:35.093823Z,KXHYPE15M-26OCT042200-00,0.9990,58.14,no
2026-10-05T01:59:37.989826Z,KXHYPE15M-26OCT042200-00,0.9990,90.00,no
2026-10-05T01:59:41.935101Z,KXHYPE15M-26OCT042200-00,0.9990,458.04,no
2026-10-05T01:59:42.622315Z,KXHYPE15M-26OCT042200-00,0.9990,73.29,no
2026-10-05T01:59:57.834948Z,KXHYPE15M-26OCT042200-00,0.9990,1.15,no
2026-10-05T01:58:38.738555Z,KXBNB15M-26OCT042200-00,0.9580,2.00,no
2026-10-05T01:58:38.738555Z,KXBNB15M-26OCT042200-00,0.9570,0.43,no
2026-10-05T01:58:38.738555Z,KXBNB15M-26OCT042200-00,0.9590,43.08,no
2026-10-05T01:58:39.989332Z,KXBNB15M-26OCT042200-00,0.9650,2.00,yes
2026-10-05T01:58:40.276274Z,KXBNB15M-26OCT042200-00,0.9670,2.00,yes
2026-10-05T01:58:40.276274Z,KXBNB15M-26OCT042200-00,0.9680,2.00,yes
2026-10-05T01:58:40.276274Z,KXBNB15M-26OCT042200-00,0.9760,1.00,yes
2026-10-05T01:58:40.276274Z,KXBNB15M-26OCT042200-00,0.9790,17.00,yes
2026-10-05T01:58:40.276274Z,KXBNB15M-26OCT042200-00,0.9780,25.01,yes
2026-10-05T01:58:40.276274Z,KXBNB15M-26OCT042200-00,0.9790,6.00,yes
2026-10-05T01:58:40.276274Z,KXBNB15M-26OCT042200-00,0.9790,18.00,yes
2026-10-05T01:58:40.276274Z,KXBNB15M-26OCT042200-00,0.9790,1.00,yes
2026-10-05T01:58:41.148252Z,KXBNB15M-26OCT042200-00,0.9590,2.00,no
2026-10-05T01:58:41.148252Z,KXBNB15M-26OCT042200-00,0.9600,2.00,no
2026-10-05T01:58:41.148252Z,KXBNB15M-26OCT042200-00,0.9600,56.00,no
2026-10-05T01:58:42.045368Z,KXBNB15M-26OCT042200-00,0.9700,2.00,yes
2026-10-05T01:58:42.045368Z,KXBNB15M-26OCT042200-00,0.9690,2.00,yes
2026-10-05T01:58:42.045368Z,KXBNB15M-26OCT042200-00,0.9800,12.99,yes
2026-10-05T01:58:42.045368Z,KXBNB15M-26OCT042200-00,0.9800,11.00,yes
2026-10-05T01:58:43.713368Z,KXBNB15M-26OCT042200-00,0.9700,0.70,no
2026-10-05T01:58:43.713368Z,KXBNB15M-26OCT042200-00,0.9690,0.30,no
2026-10-05T01:58:43.713368Z,KXBNB15M-26OCT042200-00,0.9700,29.00,no
2026-10-05T01:58:44.049344Z,KXBNB15M-26OCT042200-00,0.9730,1.44,yes
2026-10-05T01:58:44.163295Z,KXBNB15M-26OCT042200-00,0.9690,30.28,no
2026-10-05T01:58:44.170846Z,KXBNB15M-26OCT042200-00,0.9750,2.00,yes
2026-10-05T01:58:44.170846Z,KXBNB15M-26OCT042200-00,0.9790,23.00,yes
2026-10-05T01:58:44.170846Z,KXBNB15M-26OCT042200-00,0.9740,2.00,yes
2026-10-05T01:58:44.170846Z,KXBNB15M-26OCT042200-00,0.9890,0.93,yes
2026-10-05T01:58:44.170846Z,KXBNB15M-26OCT042200-00,0.9850,6.00,yes
2026-10-05T01:58:44.170846Z,KXBNB15M-26OCT042200-00,0.9870,202.00,yes
2026-10-05T01:58:44.170846Z,KXBNB15M-26OCT042200-00,0.9800,6.00,yes
2026-10-05T01:58:44.170846Z,KXBNB15M-26OCT042200-00,0.9850,18.00,yes
2026-10-05T01:58:44.170846Z,KXBNB15M-26OCT042200-00,0.9800,5.01,yes
2026-10-05T01:58:44.170846Z,KXBNB15M-26OCT042200-00,0.9800,60.00,yes
2026-10-05T01:58:44.170846Z,KXBNB15M-26OCT042200-00,0.9880,20.00,yes
2026-10-05T01:58:44.170846Z,KXBNB15M-26OCT042200-00,0.9800,10.00,yes
2026-10-05T01:58:44.170846Z,KXBNB15M-26OCT042200-00,0.9850,1.00,yes
2026-10-05T01:58:44.170846Z,KXBNB15M-26OCT042200-00,0.9860,8.00,yes
2026-10-05T01:58:45.615032Z,KXBNB15M-26OCT042200-00,0.9500,5.00,no
2026-10-05T01:58:45.615032Z,KXBNB15M-26OCT042200-00,0.9400,32.52,no
2026-10-05T01:58:45.615032Z,KXBNB15M-26OCT042200-00,0.9650,2.00,no
2026-10-05T01:58:45.615032Z,KXBNB15M-26OCT042200-00,0.9700,1.00,no
2026-10-05T01:58:45.615032Z,KXBNB15M-26OCT042200-00,0.9660,2.00,no
2026-10-05T01:58:45.615032Z,KXBNB15M-26OCT042200-00,0.9700,20.00,no
2026-10-05T01:58:45.615032Z,KXBNB15M-26OCT042200-00,0.9600,1.00,no
2026-10-05T01:58:45.615032Z,KXBNB15M-26OCT042200-00,0.9700,29.00,no
2026-10-05T01:58:45.615032Z,KXBNB15M-26OCT042200-00,0.9690,175.79,no
2026-10-05T01:58:46.905998Z,KXBNB15M-26OCT042200-00,0.9600,60.00,yes
2026-10-05T01:58:47.408676Z,KXBNB15M-26OCT042200-00,0.9680,2.00,no
2026-10-05T01:58:47.408676Z,KXBNB15M-26OCT042200-00,0.9590,5.00,no
2026-10-05T01:58:47.408676Z,KXBNB15M-26OCT042200-00,0.9670,2.00,no
2026-10-05T01:58:47.408676Z,KXBNB15M-26OCT042200-00,0.9400,9.85,no
2026-10-05T01:58:47.690403Z,KXBNB15M-26OCT042200-00,0.9660,0.17,no
2026-10-05T01:58:48.70099Z,KXBNB15M-26OCT042200-00,0.9740,2.00,yes
2026-10-05T01:58:48.70099Z,KXBNB15M-26OCT042200-00,0.9730,2.00,yes
2026-10-05T01:58:52.731648Z,KXBNB15M-26OCT042200-00,0.9790,2.00,yes
2026-10-05T01:58:53.239613Z,KXBNB15M-26OCT042200-00,0.9790,7.00,no
2026-10-05T01:58:53.258021Z,KXBNB15M-26OCT042200-00,0.9790,14.53,no
2026-10-05T01:58:53.794226Z,KXBNB15M-26OCT042200-00,0.9810,2.00,yes
2026-10-05T01:58:53.794226Z,KXBNB15M-26OCT042200-00,0.9800,2.00,yes
2026-10-05T01:58:53.794226Z,KXBNB15M-26OCT042200-00,0.9880,0.23,yes
2026-10-05T01:58:53.794226Z,KXBNB15M-26OCT042200-00,0.9840,1.00,yes
2026-10-05T01:58:53.794226Z,KXBNB15M-26OCT042200-00,0.9880,1.00,yes
2026-10-05T01:58:54.898815Z,KXBNB15M-26OCT042200-00,0.9830,2.00,yes
2026-10-05T01:58:54.898815Z,KXBNB15M-26OCT042200-00,0.9840,2.00,yes
2026-10-05T01:58:54.898815Z,KXBNB15M-26OCT042200-00,0.9880,3.03,yes
2026-10-05T01:58:55.197976Z,KXBNB15M-26OCT042200-00,0.9860,2.00,yes
2026-10-05T01:58:55.197976Z,KXBNB15M-26OCT042200-00,0.9870,2.00,yes
2026-10-05T01:58:55.197976Z,KXBNB15M-26OCT042200-00,0.9900,0.93,yes
2026-10-05T01:58:55.197976Z,KXBNB15M-26OCT042200-00,0.9880,28.00,yes
2026-10-05T01:58:55.197976Z,KXBNB15M-26OCT042200-00,0.9890,1.00,yes
2026-10-05T01:58:55.197976Z,KXBNB15M-26OCT042200-00,0.9900,20.00,yes
2026-10-05T01:58:55.197976Z,KXBNB15M-26OCT042200-00,0.9890,1.00,yes
2026-10-05T01:58:55.197976Z,KXBNB15M-26OCT042200-00,0.9900,25.00,yes
2026-10-05T01:58:55.197976Z,KXBNB15M-26OCT042200-00,0.9890,1.00,yes
2026-10-05T01:58:55.197976Z,KXBNB15M-26OCT042200-00,0.9900,1.00,yes
2026-10-05T01:58:55.197976Z,KXBNB15M-26OCT042200-00,0.9900,25.00,yes
2026-10-05T01:58:55.197976Z,KXBNB15M-26OCT042200-00,0.9900,20.00,yes
2026-10-05T01:58:55.197976Z,KXBNB15M-26OCT042200-00,0.9890,17.07,yes
2026-10-05T01:58:55.197976Z,KXBNB15M-26OCT042200-00,0.9890,6.00,yes
2026-10-05T01:58:55.330803Z,KXBNB15M-26OCT042200-00,0.9820,2.00,no
2026-10-05T01:58:55.344001Z,KXBNB15M-26OCT042200-00,0.9820,18.00,no
2026-10-05T01:58:55.344001Z,KXBNB15M-26OCT042200-00,0.9810,1.00,no
2026-10-05T01:58:55.344001Z,KXBNB15M-26OCT042200-00,0.9790,2.00,no
2026-10-05T01:58:55.344001Z,KXBNB15M-26OCT042200-00,0.9790,5.61,no
2026-10-05T01:58:55.344001Z,KXBNB15M-26OCT042200-00,0.9800,2.00,no
2026-10-05T01:58:55.344001Z,KXBNB15M-26OCT042200-00,0.9790,21.39,no
2026-10-05T01:58:58.405814Z,KXBNB15M-26OCT042200-00,0.9790,19.39,no
2026-10-05T01:58:58.405814Z,KXBNB15M-26OCT042200-00,0.9770,2.00,no
2026-10-05T01:58:58.405814Z,KXBNB15M-26OCT042200-00,0.9750,15.95,no
2026-10-05T01:58:58.405814Z,KXBNB15M-26OCT042200-00,0.9780,2.00,no
2026-10-05T01:58:58.610862Z,KXBNB15M-26OCT042200-00,0.9840,8.00,yes
2026-10-05T01:58:58.610862Z,KXBNB15M-26OCT042200-00,0.9840,2.00,yes
2026-10-05T01:58:58.77214Z,KXBNB15M-26OCT042200-00,0.9850,20.00,yes
2026-10-05T01:58:59.462424Z,KXBNB15M-26OCT042200-00,0.9890,1.00,yes
2026-10-05T01:58:59.462424Z,KXBNB15M-26OCT042200-00,0.9850,1.39,yes
2026-10-05T01:58:59.462424Z,KXBNB15M-26OCT042200-00,0.9860,2.00,yes
2026-10-05T01:58:59.462424Z,KXBNB15M-26OCT042200-00,0.9870,2.00,yes
2026-10-05T01:58:59.462424Z,KXBNB15M-26OCT042200-00,0.9900,35.00,yes
2026-10-05T01:58:59.462424Z,KXBNB15M-26OCT042200-00,0.9900,2.48,yes
2026-10-05T01:58:59.462424Z,KXBNB15M-26OCT042200-00,0.9920,20.00,yes
2026-10-05T01:58:59.462424Z,KXBNB15M-26OCT042200-00,0.9910,20.00,yes
2026-10-05T01:58:59.476819Z,KXBNB15M-26OCT042200-00,0.9940,1.00,yes
2026-10-05T01:58:59.476819Z,KXBNB15M-26OCT042200-00,0.9930,30.00,yes
2026-10-05T01:58:59.476819Z,KXBNB15M-26OCT042200-00,0.9940,20.00,yes
2026-10-05T01:58:59.476819Z,KXBNB15M-26OCT042200-00,0.9930,20.00,yes
2026-10-05T01:58:59.476819Z,KXBNB15M-26OCT042200-00,0.9950,16.11,yes
2026-10-05T01:59:00.774251Z,KXBNB15M-26OCT042200-00,0.9920,6.13,no
2026-10-05T01:59:00.774251Z,KXBNB15M-26OCT042200-00,0.9920,2.87,no
2026-10-05T01:59:00.774251Z,KXBNB15M-26OCT042200-00,0.9920,20.00,no
2026-10-05T01:59:00.958194Z,KXBNB15M-26OCT042200-00,0.9940,1.00,yes
2026-10-05T01:59:00.958194Z,KXBNB15M-26OCT042200-00,0.9940,2.00,yes
2026-10-05T01:59:01.000928Z,KXBNB15M-26OCT042200-00,0.9930,2.00,yes
2026-10-05T01:59:01.000928Z,KXBNB15M-26OCT042200-00,0.9940,2.00,yes
2026-10-05T01:59:01.000928Z,KXBNB15M-26OCT042200-00,0.9950,14.89,yes
2026-10-05T01:59:01.000928Z,KXBNB15M-26OCT042200-00,0.9950,20.00,yes
2026-10-05T01:59:01.000928Z,KXBNB15M-26OCT042200-00,0.9950,14.89,yes
2026-10-05T01:59:01.101233Z,KXBNB15M-26OCT042200-00,0.9950,4.00,yes
2026-10-05T01:59:02.604952Z,KXBNB15M-26OCT042200-00,0.9940,2.00,yes
2026-10-05T01:59:02.604952Z,KXBNB15M-26OCT042200-00,0.9950,32.00,yes
2026-10-05T01:59:04.688749Z,KXBNB15M-26OCT042200-00,0.9940,1.00,yes
2026-10-05T01:59:05.078432Z,KXBNB15M-26OCT042200-00,0.9930,2.00,no
2026-10-05T01:59:06.345271Z,KXBNB15M-26OCT042200-00,0.9950,2.00,yes
2026-10-05T01:59:06.345271Z,KXBNB15M-26OCT042200-00,0.9960,2.00,yes
2026-10-05T01:59:06.345271Z,KXBNB15M-26OCT042200-00,0.9950,11.00,yes
2026-10-05T01:59:06.345271Z,KXBNB15M-26OCT042200-00,0.9960,13.00,yes
2026-10-05T01:59:06.345271Z,KXBNB15M-26OCT042200-00,0.9980,26.00,yes
2026-10-05T01:59:06.345271Z,KXBNB15M-26OCT042200-00,0.9970,18.00,yes
2026-10-05T01:59:06.345271Z,KXBNB15M-26OCT042200-00,0.9980,3.00,yes
2026-10-05T01:59:06.345271Z,KXBNB15M-26OCT042200-00,0.9980,3.00,yes
2026-10-05T01:59:06.345271Z,KXBNB15M-26OCT042200-00,0.9970,2.00,yes
2026-10-05T01:59:06.345271Z,KXBNB15M-26OCT042200-00,0.9970,2.00,yes
2026-10-05T01:59:06.345271Z,KXBNB15M-26OCT042200-00,0.9960,1.00,yes
2026-10-05T01:59:06.345271Z,KXBNB15M-26OCT042200-00,0.9960,1.00,yes
2026-10-05T01:59:06.345271Z,KXBNB15M-26OCT042200-00,0.9970,2.00,yes
2026-10-05T01:59:06.345271Z,KXBNB15M-26OCT042200-00,0.9960,1.00,yes
2026-10-05T01:59:06.345271Z,KXBNB15M-26OCT042200-00,0.9980,3.00,yes
2026-10-05T01:59:06.345271Z,KXBNB15M-26OCT042200-00,0.9980,3.00,yes
2026-10-05T01:59:06.345271Z,KXBNB15M-26OCT042200-00,0.9960,1.00,yes
2026-10-05T01:59:06.345271Z,KXBNB15M-26OCT042200-00,0.9980,3.00,yes
2026-10-05T01:59:06.345271Z,KXBNB15M-26OCT042200-00,0.9970,2.00,yes
2026-10-05T01:59:06.345271Z,KXBNB15M-26OCT042200-00,0.9970,2.00,yes
2026-10-05T01:59:06.345271Z,KXBNB15M-26OCT042200-00,0.9960,1.00,yes
2026-10-05T01:59:06.345271Z,KXBNB15M-26OCT042200-00,0.9990,1.00,yes
2026-10-05T01:59:06.345271Z,KXBNB15M-26OCT042200-00,0.9980,200.00,yes
2026-10-05T01:59:06.345271Z,KXBNB15M-26OCT042200-00,0.9970,100.00,yes
2026-10-05T01:59:06.345271Z,KXBNB15M-26OCT042200-00,0.9990,100.00,yes
2026-10-05T01:59:06.345271Z,KXBNB15M-26OCT042200-00,0.9990,1.00,yes
2026-10-05T01:59:06.345271Z,KXBNB15M-26OCT042200-00,0.9990,12.00,yes
2026-10-05T01:59:06.345271Z,KXBNB15M-26OCT042200-00,0.9970,20.00,yes
2026-10-05T01:59:06.345271Z,KXBNB15M-26OCT042200-00,0.9980,20.00,yes
2026-10-05T01:59:06.345271Z,KXBNB15M-26OCT042200-00,0.9960,20.00,yes
2026-10-05T01:59:06.876573Z,KXBNB15M-26OCT042200-00,0.9960,2.46,no
2026-10-05T01:59:07.243934Z,KXBNB15M-26OCT042200-00,0.9960,12.91,no
2026-10-05T01:59:09.10117Z,KXBNB15M-26OCT042200-00,0.9980,2.00,yes
2026-10-05T01:59:10.474821Z,KXBNB15M-26OCT042200-00,0.9980,70.87,no
2026-10-05T01:59:11.344393Z,KXBNB15M-26OCT042200-00,0.9990,3.00,yes
2026-10-05T01:59:11.344393Z,KXBNB15M-26OCT042200-00,0.9990,2.00,yes
2026-10-05T01:59:11.344393Z,KXBNB15M-26OCT042200-00,0.9990,1.00,yes
2026-10-05T01:59:11.344393Z,KXBNB15M-26OCT042200-00,0.9990,8.00,yes
2026-10-05T01:59:11.344393Z,KXBNB15M-26OCT042200-00,0.9990,1.00,yes
2026-10-05T01:59:15.297881Z,KXBNB15M-26OCT042200-00,0.9980,103.00,no
2026-10-05T01:59:16.396047Z,KXBNB15M-26OCT042200-00,0.9980,1.00,no
2026-10-05T01:59:16.767681Z,KXBNB15M-26OCT042200-00,0.9980,115.99,no
2026-10-05T01:59:17.368139Z,KXBNB15M-26OCT042200-00,0.9990,10.00,no
2026-10-05T01:59:18.158999Z,KXBNB15M-26OCT042200-00,0.9990,30.62,no
2026-10-05T01:59:18.158999Z,KXBNB15M-26OCT042200-00,0.9990,61.00,no
2026-10-05T01:59:25.017099Z,KXBNB15M-26OCT042200-00,0.9990,458.04,no
2026-10-05T01:59:32.705835Z,KXBNB15M-26OCT042200-00,0.9990,458.04,no
2026-10-05T01:59:39.820807Z,KXBNB15M-26OCT042200-00,0.9990,91.62,no
2026-10-05T01:58:42.1531Z,KXSOL15M-26OCT042200-00,0.9200,26.75,yes
2026-10-05T01:58:42.160483Z,KXSOL15M-26OCT042200-00,0.9190,15.61,no
2026-10-05T01:58:42.585509Z,KXSOL15M-26OCT042200-00,0.9010,350.00,no
2026-10-05T01:58:42.585509Z,KXSOL15M-26OCT042200-00,0.8900,350.00,no
2026-10-05T01:58:42.585509Z,KXSOL15M-26OCT042200-00,0.8800,350.00,no
2026-10-05T01:58:42.585509Z,KXSOL15M-26OCT042200-00,0.8900,6.00,no
2026-10-05T01:58:42.585509Z,KXSOL15M-26OCT042200-00,0.8800,6.00,no
2026-10-05T01:58:42.585509Z,KXSOL15M-26OCT042200-00,0.8700,179.90,no
2026-10-05T01:58:42.585509Z,KXSOL15M-26OCT042200-00,0.9020,7.00,no
2026-10-05T01:58:42.585509Z,KXSOL15M-26OCT042200-00,0.9020,12.50,no
2026-10-05T01:58:42.585509Z,KXSOL15M-26OCT042200-00,0.9000,84.00,no
2026-10-05T01:58:42.585509Z,KXSOL15M-26OCT042200-00,0.9020,27.55,no
2026-10-05T01:58:42.850043Z,KXSOL15M-26OCT042200-00,0.9000,29.90,no
2026-10-05T01:58:42.871115Z,KXSOL15M-26OCT042200-00,0.9000,6.16,no
2026-10-05T01:58:43.052595Z,KXSOL15M-26OCT042200-00,0.9010,2.13,no
2026-10-05T01:58:43.070115Z,KXSOL15M-26OCT042200-00,0.9020,4.83,no
2026-10-05T01:58:43.070115Z,KXSOL15M-26OCT042200-00,0.9020,36.00,no
2026-10-05T01:58:43.210557Z,KXSOL15M-26OCT042200-00,0.8900,133.84,no
2026-10-05T01:58:43.210557Z,KXSOL15M-26OCT042200-00,0.9000,47.94,no
2026-10-05T01:58:43.210557Z,KXSOL15M-26OCT042200-00,0.9010,7.00,no
2026-10-05T01:58:43.210557Z,KXSOL15M-26OCT042200-00,0.9010,15.00,no
2026-10-05T01:58:43.210557Z,KXSOL15M-26OCT042200-00,0.9010,43.00,no
2026-10-05T01:58:43.524515Z,KXSOL15M-26OCT042200-00,0.9000,7.00,no
2026-10-05T01:58:43.524515Z,KXSOL15M-26OCT042200-00,0.9000,9.21,no
2026-10-05T01:58:43.609379Z,KXSOL15M-26OCT042200-00,0.9190,7.00,yes
2026-10-05T01:58:43.609379Z,KXSOL15M-26OCT042200-00,0.9170,1.00,yes
2026-10-05T01:58:43.609379Z,KXSOL15M-26OCT042200-00,0.9200,0.64,yes
2026-10-05T01:58:43.706241Z,KXSOL15M-26OCT042200-00,0.9200,2.57,yes
2026-10-05T01:58:43.706241Z,KXSOL15M-26OCT042200-00,0.9200,71.95,yes
2026-10-05T01:58:43.97172Z,KXSOL15M-26OCT042200-00,0.8900,6.00,no
2026-10-05T01:58:43.97172Z,KXSOL15M-26OCT042200-00,0.9000,16.00,no
2026-10-05T01:58:43.97172Z,KXSOL15M-26OCT042200-00,0.8900,57.59,no
2026-10-05T01:58:43.97172Z,KXSOL15M-26OCT042200-00,0.9000,6.00,no
2026-10-05T01:58:44.104386Z,KXSOL15M-26OCT042200-00,0.8900,2.32,no
2026-10-05T01:58:44.120381Z,KXSOL15M-26OCT042200-00,0.8900,6.00,no
2026-10-05T01:58:44.120381Z,KXSOL15M-26OCT042200-00,0.8900,0.79,no
2026-10-05T01:58:44.120381Z,KXSOL15M-26OCT042200-00,0.8900,24.09,no
2026-10-05T01:58:44.120381Z,KXSOL15M-26OCT042200-00,0.8900,8.00,no
2026-10-05T01:58:44.120381Z,KXSOL15M-26OCT042200-00,0.8900,20.00,no
2026-10-05T01:58:44.120381Z,KXSOL15M-26OCT042200-00,0.8800,27.49,no
2026-10-05T01:58:44.160376Z,KXSOL15M-26OCT042200-00,0.9100,44.00,yes
2026-10-05T01:58:44.245006Z,KXSOL15M-26OCT042200-00,0.9170,22.94,no
2026-10-05T01:58:44.989353Z,KXSOL15M-26OCT042200-00,0.9200,4.97,no
2026-10-05T01:58:45.14563Z,KXSOL15M-26OCT042200-00,0.9200,6.02,no
2026-10-05T01:58:45.399427Z,KXSOL15M-26OCT042200-00,0.9230,4.00,yes
2026-10-05T01:58:45.399427Z,KXSOL15M-26OCT042200-00,0.9220,4.00,yes
2026-10-05T01:58:45.399427Z,KXSOL15M-26OCT042200-00,0.9290,1.72,yes
2026-10-05T01:58:45.399427Z,KXSOL15M-26OCT042200-00,0.9290,5.00,yes
2026-10-05T01:58:45.399427Z,KXSOL15M-26OCT042200-00,0.9230,1.00,yes
2026-10-05T01:58:45.399427Z,KXSOL15M-26OCT042200-00,0.9290,1.00,yes
2026-10-05T01:58:45.399427Z,KXSOL15M-26OCT042200-00,0.9270,1.00,yes
2026-10-05T01:58:45.399427Z,KXSOL15M-26OCT042200-00,0.9280,1.00,yes
2026-10-05T01:58:45.399427Z,KXSOL15M-26OCT042200-00,0.9280,1.00,yes
2026-10-05T01:58:45.399427Z,KXSOL15M-26OCT042200-00,0.9290,1.00,yes
2026-10-05T01:58:45.399427Z,KXSOL15M-26OCT042200-00,0.9270,1.00,yes
2026-10-05T01:58:45.439864Z,KXSOL15M-26OCT042200-00,0.9230,44.71,no
2026-10-05T01:58:45.566863Z,KXSOL15M-26OCT042200-00,0.9250,2.11,yes
2026-10-05T01:58:45.603693Z,KXSOL15M-26OCT042200-00,0.9230,2.30,no
2026-10-05T01:58:45.604087Z,KXSOL15M-26OCT042200-00,0.9230,1.22,no
2026-10-05T01:58:45.61982Z,KXSOL15M-26OCT042200-00,0.9300,67.09,yes
2026-10-05T01:58:45.61982Z,KXSOL15M-26OCT042200-00,0.9240,14.00,yes
2026-10-05T01:58:45.61982Z,KXSOL15M-26OCT042200-00,0.9250,5.00,yes
2026-10-05T01:58:45.61982Z,KXSOL15M-26OCT042200-00,0.9290,5.00,yes
2026-10-05T01:58:45.61982Z,KXSOL15M-26OCT042200-00,0.9260,14.00,yes
2026-10-05T01:58:45.61982Z,KXSOL15M-26OCT042200-00,0.9300,1.00,yes
2026-10-05T01:58:45.61982Z,KXSOL15M-26OCT042200-00,0.9300,1.00,yes
2026-10-05T01:58:45.63015Z,KXSOL15M-26OCT042200-00,0.9300,0.28,yes
2026-10-05T01:58:45.63015Z,KXSOL15M-26OCT042200-00,0.9290,5.00,yes
2026-10-05T01:58:45.687515Z,KXSOL15M-26OCT042200-00,0.9240,24.00,no
2026-10-05T01:58:45.687515Z,KXSOL15M-26OCT042200-00,0.9230,68.23,no
2026-10-05T01:58:45.687515Z,KXSOL15M-26OCT042200-00,0.9240,6.00,no
2026-10-05T01:58:45.687515Z,KXSOL15M-26OCT042200-00,0.9240,10.00,no
2026-10-05T01:58:45.888805Z,KXSOL15M-26OCT042200-00,0.9240,6.00,no
2026-10-05T01:58:45.888805Z,KXSOL15M-26OCT042200-00,0.9230,61.14,no
2026-10-05T01:58:45.888805Z,KXSOL15M-26OCT042200-00,0.9240,10.00,no
2026-10-05T01:58:45.92857Z,KXSOL15M-26OCT042200-00,0.9230,9.13,no
2026-10-05T01:58:46.414622Z,KXSOL15M-26OCT042200-00,0.9230,35.89,no
2026-10-05T01:58:46.476726Z,KXSOL15M-26OCT042200-00,0.9230,36.59,no
2026-10-05T01:58:46.498775Z,KXSOL15M-26OCT042200-00,0.9230,2.01,no
2026-10-05T01:58:46.750992Z,KXSOL15M-26OCT042200-00,0.9240,6.00,no
2026-10-05T01:58:46.750992Z,KXSOL15M-26OCT042200-00,0.9230,19.65,no
2026-10-05T01:58:46.750992Z,KXSOL15M-26OCT042200-00,0.9240,13.00,no
2026-10-05T01:58:46.772502Z,KXSOL15M-26OCT042200-00,0.9390,6.43,yes
2026-10-05T01:58:46.772502Z,KXSOL15M-26OCT042200-00,0.9290,5.00,yes
2026-10-05T01:58:46.772502Z,KXSOL15M-26OCT042200-00,0.9350,6.00,yes
2026-10-05T01:58:46.772502Z,KXSOL15M-26OCT042200-00,0.9360,32.00,yes
2026-10-05T01:58:46.772502Z,KXSOL15M-26OCT042200-00,0.9300,5.00,yes
2026-10-05T01:58:46.772502Z,KXSOL15M-26OCT042200-00,0.9280,14.00,yes
2026-10-05T01:58:46.772502Z,KXSOL15M-26OCT042200-00,0.9270,14.00,yes
2026-10-05T01:58:46.772502Z,KXSOL15M-26OCT042200-00,0.9340,5.00,yes
2026-10-05T01:58:46.772502Z,KXSOL15M-26OCT042200-00,0.9310,1.00,yes
2026-10-05T01:58:46.772502Z,KXSOL15M-26OCT042200-00,0.9340,1.00,yes
2026-10-05T01:58:46.772502Z,KXSOL15M-26OCT042200-00,0.9330,1.00,yes
2026-10-05T01:58:46.772502Z,KXSOL15M-26OCT042200-00,0.9380,1.00,yes
2026-10-05T01:58:46.772502Z,KXSOL15M-26OCT042200-00,0.9390,1.00,yes
2026-10-05T01:58:46.772502Z,KXSOL15M-26OCT042200-00,0.9350,1.00,yes
2026-10-05T01:58:46.772502Z,KXSOL15M-26OCT042200-00,0.9320,1.00,yes
2026-10-05T01:58:46.772502Z,KXSOL15M-26OCT042200-00,0.9370,1.00,yes
2026-10-05T01:58:46.772502Z,KXSOL15M-26OCT042200-00,0.9360,1.00,yes
2026-10-05T01:58:46.772502Z,KXSOL15M-26OCT042200-00,0.9350,1.00,yes
2026-10-05T01:58:46.772502Z,KXSOL15M-26OCT042200-00,0.9360,1.00,yes
2026-10-05T01:58:46.772502Z,KXSOL15M-26OCT042200-00,0.9340,1.00,yes
2026-10-05T01:58:46.772502Z,KXSOL15M-26OCT042200-00,0.9370,1.00,yes
2026-10-05T01:58:46.772502Z,KXSOL15M-26OCT042200-00,0.9380,1.00,yes
2026-10-05T01:58:46.772502Z,KXSOL15M-26OCT042200-00,0.9310,1.00,yes
2026-10-05T01:58:46.772502Z,KXSOL15M-26OCT042200-00,0.9320,1.00,yes
2026-10-05T01:58:46.772502Z,KXSOL15M-26OCT042200-00,0.9330,1.00,yes
2026-10-05T01:58:46.772502Z,KXSOL15M-26OCT042200-00,0.9390,1.00,yes
2026-10-05T01:58:46.772502Z,KXSOL15M-26OCT042200-00,0.9360,1.00,yes
2026-10-05T01:58:46.924496Z,KXSOL15M-26OCT042200-00,0.9330,32.74,no
2026-10-05T01:58:47.209031Z,KXSOL15M-26OCT042200-00,0.9350,2.95,no
2026-10-05T01:58:47.22536Z,KXSOL15M-26OCT042200-00,0.9340,3.00,no
2026-10-05T01:58:47.375509Z,KXSOL15M-26OCT042200-00,0.9330,28.02,no
2026-10-05T01:58:47.50259Z,KXSOL15M-26OCT042200-00,0.9330,50.00,no
2026-10-05T01:58:47.53144Z,KXSOL15M-26OCT042200-00,0.9330,1.20,no
2026-10-05T01:58:47.626333Z,KXSOL15M-26OCT042200-00,0.9330,10.97,no
2026-10-05T01:58:47.698286Z,KXSOL15M-26OCT042200-00,0.9350,6.00,yes
2026-10-05T01:58:47.698286Z,KXSOL15M-26OCT042200-00,0.9360,1.62,yes
2026-10-05T01:58:47.838689Z,KXSOL15M-26OCT042200-00,0.9330,1.00,no
2026-10-05T01:58:48.029041Z,KXSOL15M-26OCT042200-00,0.9690,538.44,yes
2026-10-05T01:58:48.029041Z,KXSOL15M-26OCT042200-00,0.9490,33.00,yes
2026-10-05T01:58:48.029041Z,KXSOL15M-26OCT042200-00,0.9480,14.85,yes
2026-10-05T01:58:48.029041Z,KXSOL15M-26OCT042200-00,0.9650,285.00,yes
2026-10-05T01:58:48.029041Z,KXSOL15M-26OCT042200-00,0.9480,5.00,yes
2026-10-05T01:58:48.029041Z,KXSOL15M-26OCT042200-00,0.9450,6.00,yes
2026-10-05T01:58:48.029041Z,KXSOL15M-26OCT042200-00,0.9600,100.00,yes
2026-10-05T01:58:48.029041Z,KXSOL15M-26OCT042200-00,0.9600,1.00,yes
2026-10-05T01:58:48.029041Z,KXSOL15M-26OCT042200-00,0.9500,84.19,yes
2026-10-05T01:58:48.029041Z,KXSOL15M-26OCT042200-00,0.9580,3.00,yes
2026-10-05T01:58:48.029041Z,KXSOL15M-26OCT042200-00,0.9570,3.00,yes
2026-10-05T01:58:48.029041Z,KXSOL15M-26OCT042200-00,0.9690,9.00,yes
2026-10-05T01:58:48.029041Z,KXSOL15M-26OCT042200-00,0.9490,1.50,yes
2026-10-05T01:58:48.029041Z,KXSOL15M-26OCT042200-00,0.9620,3.00,yes
2026-10-05T01:58:48.029041Z,KXSOL15M-26OCT042200-00,0.9450,1.50,yes
2026-10-05T01:58:48.029041Z,KXSOL15M-26OCT042200-00,0.9590,3.00,yes
2026-10-05T01:58:48.029041Z,KXSOL15M-26OCT042200-00,0.9460,1.50,yes
2026-10-05T01:58:48.029041Z,KXSOL15M-26OCT042200-00,0.9680,9.00,yes
2026-10-05T01:58:48.029041Z,KXSOL15M-26OCT042200-00,0.9670,9.00,yes
2026-10-05T01:58:48.029041Z,KXSOL15M-26OCT042200-00,0.9640,3.00,yes
2026-10-05T01:58:48.029041Z,KXSOL15M-26OCT042200-00,0.9600,3.00,yes
2026-10-05T01:58:48.029041Z,KXSOL15M-26OCT042200-00,0.9470,1.50,yes
2026-10-05T01:58:48.029041Z,KXSOL15M-26OCT042200-00,0.9400,1.00,yes
2026-10-05T01:58:48.029041Z,KXSOL15M-26OCT042200-00,0.9560,3.00,yes
2026-10-05T01:58:48.029041Z,KXSOL15M-26OCT042200-00,0.9610,3.00,yes
2026-10-05T01:58:48.029041Z,KXSOL15M-26OCT042200-00,0.9480,1.50,yes
2026-10-05T01:58:48.029041Z,KXSOL15M-26OCT042200-00,0.9410,1.00,yes
2026-10-05T01:58:48.029041Z,KXSOL15M-26OCT042200-00,0.9650,9.00,yes
2026-10-05T01:58:48.029041Z,KXSOL15M-26OCT042200-00,0.9550,3.00,yes
2026-10-05T01:58:48.029041Z,KXSOL15M-26OCT042200-00,0.9430,1.00,yes
2026-10-05T01:58:48.029041Z,KXSOL15M-26OCT042200-00,0.9420,1.00,yes
2026-10-05T01:58:48.029041Z,KXSOL15M-26OCT042200-00,0.9440,1.00,yes
2026-10-05T01:58:48.029041Z,KXSOL15M-26OCT042200-00,0.9630,3.00,yes
2026-10-05T01:58:48.029041Z,KXSOL15M-26OCT042200-00,0.9660,9.00,yes
2026-10-05T01:58:48.029041Z,KXSOL15M-26OCT042200-00,0.9460,8.00,yes
2026-10-05T01:58:48.029041Z,KXSOL15M-26OCT042200-00,0.9400,1.00,yes
2026-10-05T01:58:48.029041Z,KXSOL15M-26OCT042200-00,0.9410,1.00,yes
2026-10-05T01:58:48.029041Z,KXSOL15M-26OCT042200-00,0.9460,1.00,yes
2026-10-05T01:58:48.029041Z,KXSOL15M-26OCT042200-00,0.9430,1.00,yes
2026-10-05T01:58:48.029041Z,KXSOL15M-26OCT042200-00,0.9530,1.00,yes
2026-10-05T01:58:48.029041Z,KXSOL15M-26OCT042200-00,0.9420,1.00,yes
2026-10-05T01:58:48.029041Z,KXSOL15M-26OCT042200-00,0.9470,1.00,yes
2026-10-05T01:58:48.029041Z,KXSOL15M-26OCT042200-00,0.9510,1.00,yes
2026-10-05T01:58:48.029041Z,KXSOL15M-26OCT042200-00,0.9440,1.00,yes
2026-10-05T01:58:48.029041Z,KXSOL15M-26OCT042200-00,0.9570,1.00,yes
2026-10-05T01:58:48.029041Z,KXSOL15M-26OCT042200-00,0.9550,1.00,yes
2026-10-05T01:58:48.029041Z,KXSOL15M-26OCT042200-00,0.9450,1.00,yes
2026-10-05T01:58:48.029041Z,KXSOL15M-26OCT042200-00,0.9580,1.00,yes
2026-10-05T01:58:48.029041Z,KXSOL15M-26OCT042200-00,0.9560,1.00,yes
2026-10-05T01:58:48.029041Z,KXSOL15M-26OCT042200-00,0.9500,1.00,yes
2026-10-05T01:58:48.029041Z,KXSOL15M-26OCT042200-00,0.9480,1.00,yes
2026-10-05T01:58:48.029041Z,KXSOL15M-26OCT042200-00,0.9490,1.00,yes
2026-10-05T01:58:48.029041Z,KXSOL15M-26OCT042200-00,0.9520,1.00,yes
2026-10-05T01:58:48.029041Z,KXSOL15M-26OCT042200-00,0.9540,1.00,yes
2026-10-05T01:58:48.029041Z,KXSOL15M-26OCT042200-00,0.9610,1.00,yes
2026-10-05T01:58:48.029041Z,KXSOL15M-26OCT042200-00,0.9620,1.00,yes
2026-10-05T01:58:48.029041Z,KXSOL15M-26OCT042200-00,0.9640,1.00,yes
2026-10-05T01:58:48.029041Z,KXSOL15M-26OCT042200-00,0.9670,1.00,yes
2026-10-05T01:58:48.029041Z,KXSOL15M-26OCT042200-00,0.9600,1.00,yes
2026-10-05T01:58:48.029041Z,KXSOL15M-26OCT042200-00,0.9660,1.00,yes
2026-10-05T01:58:48.029041Z,KXSOL15M-26OCT042200-00,0.9590,1.00,yes
2026-10-05T01:58:48.029041Z,KXSOL15M-26OCT042200-00,0.9680,1.00,yes
2026-10-05T01:58:48.029041Z,KXSOL15M-26OCT042200-00,0.9650,1.00,yes
2026-10-05T01:58:48.029041Z,KXSOL15M-26OCT042200-00,0.9630,1.00,yes
2026-10-05T01:58:48.029041Z,KXSOL15M-26OCT042200-00,0.9690,1.00,yes
2026-10-05T01:58:48.029041Z,KXSOL15M-26OCT042200-00,0.9690,1.00,yes
2026-10-05T01:58:48.029041Z,KXSOL15M-26OCT042200-00,0.9500,1.00,yes
2026-10-05T01:58:48.029041Z,KXSOL15M-26OCT042200-00,0.9500,3.00,yes
2026-10-05T01:58:48.029041Z,KXSOL15M-26OCT042200-00,0.9500,6.00,yes
2026-10-05T01:58:48.029041Z,KXSOL15M-26OCT042200-00,0.9600,1.00,yes
2026-10-05T01:58:48.029041Z,KXSOL15M-26OCT042200-00,0.9400,1.00,yes
2026-10-05T01:58:48.029041Z,KXSOL15M-26OCT042200-00,0.9660,2.00,yes
2026-10-05T01:58:48.029041Z,KXSOL15M-26OCT042200-00,0.9560,1.00,yes
2026-10-05T01:58:48.029041Z,KXSOL15M-26OCT042200-00,0.9460,1.00,yes
2026-10-05T01:58:48.033661Z,KXSOL15M-26OCT042200-00,0.9340,1.40,no
2026-10-05T01:58:48.085472Z,KXSOL15M-26OCT042200-00,0.9340,10.00,no
2026-10-05T01:58:48.085472Z,KXSOL15M-26OCT042200-00,0.9350,7.00,no
2026-10-05T01:58:48.085472Z,KXSOL15M-26OCT042200-00,0.9350,37.00,no
2026-10-05T01:58:48.085472Z,KXSOL15M-26OCT042200-00,0.9340,16.05,no
2026-10-05T01:58:48.100544Z,KXSOL15M-26OCT042200-00,0.9650,3.11,yes
2026-10-05T01:58:48.189275Z,KXSOL15M-26OCT042200-00,0.9400,6.00,no
2026-10-05T01:58:48.252139Z,KXSOL15M-26OCT042200-00,0.9390,10.00,no
2026-10-05T01:58:48.252139Z,KXSOL15M-26OCT042200-00,0.9380,4.01,no
2026-10-05T01:58:48.264975Z,KXSOL15M-26OCT042200-00,0.9380,1.99,no
2026-10-05T01:58:48.264975Z,KXSOL15M-26OCT042200-00,0.9370,18.08,no
2026-10-05T01:58:48.391619Z,KXSOL15M-26OCT042200-00,0.9590,15.00,yes
2026-10-05T01:58:48.391619Z,KXSOL15M-26OCT042200-00,0.9550,6.00,yes
2026-10-05T01:58:48.391619Z,KXSOL15M-26OCT042200-00,0.9590,6.00,yes
2026-10-05T01:58:48.391619Z,KXSOL15M-26OCT042200-00,0.9600,49.25,yes
2026-10-05T01:58:48.437408Z,KXSOL15M-26OCT042200-00,0.9380,21.00,no
2026-10-05T01:58:48.437408Z,KXSOL15M-26OCT042200-00,0.9370,85.06,no
2026-10-05T01:58:48.437408Z,KXSOL15M-26OCT042200-00,0.9380,10.00,no
2026-10-05T01:58:48.437408Z,KXSOL15M-26OCT042200-00,0.9380,6.00,no
2026-10-05T01:58:48.621551Z,KXSOL15M-26OCT042200-00,0.9380,5.00,no
2026-10-05T01:58:48.72429Z,KXSOL15M-26OCT042200-00,0.9400,257.14,no
2026-10-05T01:58:48.8236Z,KXSOL15M-26OCT042200-00,0.9400,2.00,no
2026-10-05T01:58:48.924776Z,KXSOL15M-26OCT042200-00,0.9540,140.00,yes
2026-10-05T01:58:48.924776Z,KXSOL15M-26OCT042200-00,0.9510,46.00,yes
2026-10-05T01:58:48.924776Z,KXSOL15M-26OCT042200-00,0.9600,2.00,yes
2026-10-05T01:58:48.924776Z,KXSOL15M-26OCT042200-00,0.9510,5.00,yes
2026-10-05T01:58:48.924776Z,KXSOL15M-26OCT042200-00,0.9590,4.00,yes
2026-10-05T01:58:48.924776Z,KXSOL15M-26OCT042200-00,0.9510,17.00,yes
2026-10-05T01:58:48.924776Z,KXSOL15M-26OCT042200-00,0.9520,116.00,yes
2026-10-05T01:58:48.928088Z,KXSOL15M-26OCT042200-00,0.9600,25.00,yes
2026-10-05T01:58:48.928164Z,KXSOL15M-26OCT042200-00,0.9600,7.75,yes
2026-10-05T01:58:48.928164Z,KXSOL15M-26OCT042200-00,0.9640,5.00,yes
2026-10-05T01:58:48.928164Z,KXSOL15M-26OCT042200-00,0.9700,37.25,yes
2026-10-05T01:58:48.928288Z,KXSOL15M-26OCT042200-00,0.9700,4.00,yes
2026-10-05T01:58:48.928288Z,KXSOL15M-26OCT042200-00,0.9700,28.75,yes
2026-10-05T01:58:48.928288Z,KXSOL15M-26OCT042200-00,0.9700,1.00,yes
2026-10-05T01:58:48.928288Z,KXSOL15M-26OCT042200-00,0.9700,1.00,yes
2026-10-05T01:58:48.928288Z,KXSOL15M-26OCT042200-00,0.9700,6.66,yes
2026-10-05T01:58:48.928288Z,KXSOL15M-26OCT042200-00,0.9700,8.59,yes
2026-10-05T01:58:48.928489Z,KXSOL15M-26OCT042200-00,0.9700,22.59,yes
2026-10-05T01:58:48.928489Z,KXSOL15M-26OCT042200-00,0.9700,16.41,yes
2026-10-05T01:58:48.928489Z,KXSOL15M-26OCT042200-00,0.9700,1.00,yes
2026-10-05T01:58:48.928665Z,KXSOL15M-26OCT042200-00,0.9700,2.41,yes
2026-10-05T01:58:48.928665Z,KXSOL15M-26OCT042200-00,0.9730,4.00,yes
2026-10-05T01:58:48.928665Z,KXSOL15M-26OCT042200-00,0.9740,4.00,yes
2026-10-05T01:58:48.928665Z,KXSOL15M-26OCT042200-00,0.9720,4.00,yes
2026-10-05T01:58:48.928665Z,KXSOL15M-26OCT042200-00,0.9710,4.00,yes
2026-10-05T01:58:48.928665Z,KXSOL15M-26OCT042200-00,0.9760,1.00,yes
2026-10-05T01:58:48.928665Z,KXSOL15M-26OCT042200-00,0.9760,6.00,yes
2026-10-05T01:58:48.928665Z,KXSOL15M-26OCT042200-00,0.9750,1.00,yes
2026-10-05T01:58:48.928665Z,KXSOL15M-26OCT042200-00,0.9720,1.00,yes
2026-10-05T01:58:48.928665Z,KXSOL15M-26OCT042200-00,0.9740,1.00,yes
2026-10-05T01:58:48.928665Z,KXSOL15M-26OCT042200-00,0.9750,6.00,yes
2026-10-05T01:58:48.928665Z,KXSOL15M-26OCT042200-00,0.9710,1.00,yes
2026-10-05T01:58:48.928665Z,KXSOL15M-26OCT042200-00,0.9730,1.00,yes
2026-10-05T01:58:48.928665Z,KXSOL15M-26OCT042200-00,0.9760,3.59,yes
2026-10-05T01:58:48.928682Z,KXSOL15M-26OCT042200-00,0.9770,1.00,yes
2026-10-05T01:58:48.928682Z,KXSOL15M-26OCT042200-00,0.9780,6.59,yes
2026-10-05T01:58:48.928682Z,KXSOL15M-26OCT042200-00,0.9770,6.00,yes
2026-10-05T01:58:48.928682Z,KXSOL15M-26OCT042200-00,0.9760,0.41,yes
2026-10-05T01:58:48.929104Z,KXSOL15M-26OCT042200-00,0.9780,13.00,yes
2026-10-05T01:58:48.929314Z,KXSOL15M-26OCT042200-00,0.9780,2.00,yes
2026-10-05T01:58:48.929425Z,KXSOL15M-26OCT042200-00,0.9790,1.00,yes
2026-10-05T01:58:48.929425Z,KXSOL15M-26OCT042200-00,0.9780,1.00,yes
2026-10-05T01:58:48.929425Z,KXSOL15M-26OCT042200-00,0.9780,18.41,yes
2026-10-05T01:58:48.929425Z,KXSOL15M-26OCT042200-00,0.9790,40.00,yes
2026-10-05T01:58:48.929425Z,KXSOL15M-26OCT042200-00,0.9790,3.00,yes
2026-10-05T01:58:48.929425Z,KXSOL15M-26OCT042200-00,0.9780,3.00,yes
2026-10-05T01:58:48.929425Z,KXSOL15M-26OCT042200-00,0.9790,1.00,yes
2026-10-05T01:58:48.930287Z,KXSOL15M-26OCT042200-00,0.9800,25.96,yes
2026-10-05T01:58:48.930287Z,KXSOL15M-26OCT042200-00,0.9800,1.00,yes
2026-10-05T01:58:48.930287Z,KXSOL15M-26OCT042200-00,0.9800,11.00,yes
2026-10-05T01:58:48.930287Z,KXSOL15M-26OCT042200-00,0.9800,40.00,yes
2026-10-05T01:58:48.930287Z,KXSOL15M-26OCT042200-00,0.9800,80.00,yes
2026-10-05T01:58:48.930287Z,KXSOL15M-26OCT042200-00,0.9800,3.00,yes
2026-10-05T01:58:48.930287Z,KXSOL15M-26OCT042200-00,0.9800,10.00,yes
2026-10-05T01:58:48.931854Z,KXSOL15M-26OCT042200-00,0.9510,5.00,yes
2026-10-05T01:58:48.933507Z,KXSOL15M-26OCT042200-00,0.9690,6.00,yes
2026-10-05T01:58:48.936113Z,KXSOL15M-26OCT042200-00,0.9720,40.00,yes
2026-10-05T01:58:48.936113Z,KXSOL15M-26OCT042200-00,0.9800,44.00,yes
2026-10-05T01:58:48.937101Z,KXSOL15M-26OCT042200-00,0.9700,5.00,yes
2026-10-05T01:58:48.937775Z,KXSOL15M-26OCT042200-00,0.9730,6.00,yes
2026-10-05T01:58:48.937775Z,KXSOL15M-26OCT042200-00,0.9800,13.85,yes
2026-10-05T01:58:48.943794Z,KXSOL15M-26OCT042200-00,0.9780,6.00,yes
2026-10-05T01:58:48.943794Z,KXSOL15M-26OCT042200-00,0.9740,1.00,yes
2026-10-05T01:58:48.943794Z,KXSOL15M-26OCT042200-00,0.9800,6.00,yes
2026-10-05T01:58:48.943794Z,KXSOL15M-26OCT042200-00,0.9760,6.00,yes
2026-10-05T01:58:48.943794Z,KXSOL15M-26OCT042200-00,0.9810,1.00,yes
2026-10-05T01:58:48.943794Z,KXSOL15M-26OCT042200-00,0.9810,40.00,yes
2026-10-05T01:58:49.035683Z,KXSOL15M-26OCT042200-00,0.9810,1.23,no
2026-10-05T01:58:49.052759Z,KXSOL15M-26OCT042200-00,0.9820,9.00,yes
2026-10-05T01:58:49.059885Z,KXSOL15M-26OCT042200-00,0.9820,7.00,yes
2026-10-05T01:58:49.059885Z,KXSOL15M-26OCT042200-00,0.9820,9.00,yes
2026-10-05T01:58:49.059885Z,KXSOL15M-26OCT042200-00,0.9820,31.00,yes
2026-10-05T01:58:49.059885Z,KXSOL15M-26OCT042200-00,0.9820,1.00,yes
2026-10-05T01:58:49.169134Z,KXSOL15M-26OCT042200-00,0.9800,3.00,no
2026-10-05T01:58:49.169134Z,KXSOL15M-26OCT042200-00,0.9800,40.00,no
2026-10-05T01:58:49.169134Z,KXSOL15M-26OCT042200-00,0.9810,1.77,no
2026-10-05T01:58:49.169134Z,KXSOL15M-26OCT042200-00,0.9810,31.00,no
2026-10-05T01:58:49.169134Z,KXSOL15M-26OCT042200-00,0.9810,9.00,no
2026-10-05T01:58:49.169134Z,KXSOL15M-26OCT042200-00,0.9790,40.00,no
2026-10-05T01:58:49.437607Z,KXSOL15M-26OCT042200-00,0.9820,1.00,yes
2026-10-05T01:58:49.437607Z,KXSOL15M-26OCT042200-00,0.9820,7.00,yes
2026-10-05T01:58:49.443146Z,KXSOL15M-26OCT042200-00,0.9830,10.00,yes
2026-10-05T01:58:49.58805Z,KXSOL15M-26OCT042200-00,0.9790,3.00,no
2026-10-05T01:58:49.58805Z,KXSOL15M-26OCT042200-00,0.9780,2.96,no
2026-10-05T01:58:49.692708Z,KXSOL15M-26OCT042200-00,0.9820,2.19,yes
2026-10-05T01:58:49.713247Z,KXSOL15M-26OCT042200-00,0.9810,1.99,no
2026-10-05T01:58:49.713247Z,KXSOL15M-26OCT042200-00,0.9810,10.00,no
2026-10-05T01:58:49.881143Z,KXSOL15M-26OCT042200-00,0.9820,10.00,yes
2026-10-05T01:58:50.038623Z,KXSOL15M-26OCT042200-00,0.9820,20.00,yes
2026-10-05T01:58:50.099948Z,KXSOL15M-26OCT042200-00,0.9830,10.00,yes
2026-10-05T01:58:50.224578Z,KXSOL15M-26OCT042200-00,0.9830,10.00,yes
2026-10-05T01:58:50.268781Z,KXSOL15M-26OCT042200-00,0.9810,0.87,no
2026-10-05T01:58:50.268781Z,KXSOL15M-26OCT042200-00,0.9820,10.00,no
2026-10-05T01:58:50.268781Z,KXSOL15M-26OCT042200-00,0.9820,3.00,no
2026-10-05T01:58:50.268781Z,KXSOL15M-26OCT042200-00,0.9820,10.00,no
2026-10-05T01:58:50.314359Z,KXSOL15M-26OCT042200-00,0.9830,10.00,yes
2026-10-05T01:58:50.314359Z,KXSOL15M-26OCT042200-00,0.9830,7.00,yes
2026-10-05T01:58:50.314359Z,KXSOL15M-26OCT042200-00,0.9830,27.92,yes
2026-10-05T01:58:50.314359Z,KXSOL15M-26OCT042200-00,0.9830,10.00,yes
2026-10-05T01:58:50.314359Z,KXSOL15M-26OCT042200-00,0.9830,1.00,yes
2026-10-05T01:58:50.459146Z,KXSOL15M-26OCT042200-00,0.9810,0.14,no
2026-10-05T01:58:50.459146Z,KXSOL15M-26OCT042200-00,0.9820,10.00,no
2026-10-05T01:58:50.459146Z,KXSOL15M-26OCT042200-00,0.9820,3.00,no
2026-10-05T01:58:50.459146Z,KXSOL15M-26OCT042200-00,0.9810,17.17,no
2026-10-05T01:58:50.509087Z,KXSOL15M-26OCT042200-00,0.9820,3.00,no
2026-10-05T01:58:50.509087Z,KXSOL15M-26OCT042200-00,0.9810,2.00,no
2026-10-05T01:58:50.580604Z,KXSOL15M-26OCT042200-00,0.9820,1.00,no
2026-10-05T01:58:50.588338Z,KXSOL15M-26OCT042200-00,0.9820,0.98,no
2026-10-05T01:58:50.668981Z,KXSOL15M-26OCT042200-00,0.9790,10.00,no
2026-10-05T01:58:50.668981Z,KXSOL15M-26OCT042200-00,0.9780,16.89,no
2026-10-05T01:58:50.668981Z,KXSOL15M-26OCT042200-00,0.9800,6.00,no
2026-10-05T01:58:50.668981Z,KXSOL15M-26OCT042200-00,0.9810,1.00,no
2026-10-05T01:58:50.668981Z,KXSOL15M-26OCT042200-00,0.9810,20.00,no
2026-10-05T01:58:50.668981Z,KXSOL15M-26OCT042200-00,0.9820,1.02,no
2026-10-05T01:58:50.733067Z,KXSOL15M-26OCT042200-00,0.9830,5.00,yes
2026-10-05T01:58:50.759502Z,KXSOL15M-26OCT042200-00,0.9820,20.00,yes
2026-10-05T01:58:50.877905Z,KXSOL15M-26OCT042200-00,0.9800,6.00,no
2026-10-05T01:58:50.877905Z,KXSOL15M-26OCT042200-00,0.9800,3.00,no
2026-10-05T01:58:50.880673Z,KXSOL15M-26OCT042200-00,0.9770,6.59,no
2026-10-05T01:58:50.880673Z,KXSOL15M-26OCT042200-00,0.9770,4.41,no
2026-10-05T01:58:50.880673Z,KXSOL15M-26OCT042200-00,0.9790,3.00,no
2026-10-05T01:58:51.034473Z,KXSOL15M-26OCT042200-00,0.9800,100.00,yes
2026-10-05T01:58:51.041735Z,KXSOL15M-26OCT042200-00,0.9770,7.79,no
2026-10-05T01:58:51.041735Z,KXSOL15M-26OCT042200-00,0.9780,20.00,no
2026-10-05T01:58:51.041735Z,KXSOL15M-26OCT042200-00,0.9780,3.00,no
2026-10-05T01:58:51.041735Z,KXSOL15M-26OCT042200-00,0.9780,9.00,no
2026-10-05T01:58:51.041735Z,KXSOL15M-26OCT042200-00,0.9790,3.00,no
2026-10-05T01:58:51.336564Z,KXSOL15M-26OCT042200-00,0.9800,6.00,no
2026-10-05T01:58:51.336564Z,KXSOL15M-26OCT042200-00,0.9780,9.00,no
2026-10-05T01:58:51.336564Z,KXSOL15M-26OCT042200-00,0.9770,2.00,no
2026-10-05T01:58:51.336564Z,KXSOL15M-26OCT042200-00,0.9770,0.80,no
2026-10-05T01:58:51.336564Z,KXSOL15M-26OCT042200-00,0.9770,1.20,no
2026-10-05T01:58:51.588221Z,KXSOL15M-26OCT042200-00,0.9800,5.83,no
2026-10-05T01:58:51.708067Z,KXSOL15M-26OCT042200-00,0.9820,2.03,yes
2026-10-05T01:58:51.758634Z,KXSOL15M-26OCT042200-00,0.9790,3.00,no
2026-10-05T01:58:51.758634Z,KXSOL15M-26OCT042200-00,0.9800,3.00,no
2026-10-05T01:58:51.758634Z,KXSOL15M-26OCT042200-00,0.9770,8.14,no
2026-10-05T01:58:51.758634Z,KXSOL15M-26OCT042200-00,0.9800,6.96,no
2026-10-05T01:58:51.978702Z,KXSOL15M-26OCT042200-00,0.9760,20.00,no
2026-10-05T01:58:51.978702Z,KXSOL15M-26OCT042200-00,0.9740,29.89,no
2026-10-05T01:58:51.978702Z,KXSOL15M-26OCT042200-00,0.9750,3.00,no
2026-10-05T01:58:51.978702Z,KXSOL15M-26OCT042200-00,0.9770,9.07,no
2026-10-05T01:58:51.978702Z,KXSOL15M-26OCT042200-00,0.9770,40.00,no
2026-10-05T01:58:51.978702Z,KXSOL15M-26OCT042200-00,0.9750,4.00,no
2026-10-05T01:58:51.978702Z,KXSOL15M-26OCT042200-00,0.9750,6.00,no
2026-10-05T01:58:52.205106Z,KXSOL15M-26OCT042200-00,0.9820,1.00,yes
2026-10-05T01:58:52.205106Z,KXSOL15M-26OCT042200-00,0.9800,32.00,yes
2026-10-05T01:58:52.205106Z,KXSOL15M-26OCT042200-00,0.9790,26.76,yes
2026-10-05T01:58:52.205106Z,KXSOL15M-26OCT042200-00,0.9800,100.00,yes
2026-10-05T01:58:52.205106Z,KXSOL15M-26OCT042200-00,0.9790,10.00,yes
2026-10-05T01:58:52.205106Z,KXSOL15M-26OCT042200-00,0.9830,12.82,yes
2026-10-05T01:58:52.205106Z,KXSOL15M-26OCT042200-00,0.9790,5.00,yes
2026-10-05T01:58:52.205106Z,KXSOL15M-26OCT042200-00,0.9820,15.97,yes
2026-10-05T01:58:52.24346Z,KXSOL15M-26OCT042200-00,0.9730,8.00,no
2026-10-05T01:58:52.24346Z,KXSOL15M-26OCT042200-00,0.9750,5.47,no
2026-10-05T01:58:52.24346Z,KXSOL15M-26OCT042200-00,0.9730,7.00,no
2026-10-05T01:58:52.24346Z,KXSOL15M-26OCT042200-00,0.9720,29.79,no
2026-10-05T01:58:52.335838Z,KXSOL15M-26OCT042200-00,0.9700,16.38,no
2026-10-05T01:58:52.335838Z,KXSOL15M-26OCT042200-00,0.9720,10.00,no
2026-10-05T01:58:52.335838Z,KXSOL15M-26OCT042200-00,0.9730,61.00,no
2026-10-05T01:58:52.335838Z,KXSOL15M-26OCT042200-00,0.9700,18.00,no
2026-10-05T01:58:52.351674Z,KXSOL15M-26OCT042200-00,0.9700,61.58,no
2026-10-05T01:58:52.351674Z,KXSOL15M-26OCT042200-00,0.9730,7.00,no
2026-10-05T01:58:52.510766Z,KXSOL15M-26OCT042200-00,0.9700,1.80,no
2026-10-05T01:58:52.600016Z,KXSOL15M-26OCT042200-00,0.9710,60.17,no
2026-10-05T01:58:52.601427Z,KXSOL15M-26OCT042200-00,0.9790,5.08,yes
2026-10-05T01:58:52.71965Z,KXSOL15M-26OCT042200-00,0.9790,303.93,yes
2026-10-05T01:58:52.766017Z,KXSOL15M-26OCT042200-00,0.9710,1.00,no
2026-10-05T01:58:52.911792Z,KXSOL15M-26OCT042200-00,0.9790,40.99,yes
2026-10-05T01:58:53.053516Z,KXSOL15M-26OCT042200-00,0.9810,1.00,yes
2026-10-05T01:58:53.307619Z,KXSOL15M-26OCT042200-00,0.9710,1.00,no
2026-10-05T01:58:53.307619Z,KXSOL15M-26OCT042200-00,0.9700,6.56,no
2026-10-05T01:58:53.307619Z,KXSOL15M-26OCT042200-00,0.9710,3.00,no
2026-10-05T01:58:53.307619Z,KXSOL15M-26OCT042200-00,0.9720,5.00,no
2026-10-05T01:58:53.307619Z,KXSOL15M-26OCT042200-00,0.9730,31.00,no
2026-10-05T01:58:53.812066Z,KXSOL15M-26OCT042200-00,0.9800,10.00,yes
2026-10-05T01:58:53.812066Z,KXSOL15M-26OCT042200-00,0.9790,5.00,yes
2026-10-05T01:58:53.812066Z,KXSOL15M-26OCT042200-00,0.9810,16.00,yes
2026-10-05T01:58:53.812066Z,KXSOL15M-26OCT042200-00,0.9800,6.00,yes
2026-10-05T01:58:53.812066Z,KXSOL15M-26OCT042200-00,0.9790,74.00,yes
2026-10-05T01:58:53.812066Z,KXSOL15M-26OCT042200-00,0.9810,39.00,yes
2026-10-05T01:58:53.941053Z,KXSOL15M-26OCT042200-00,0.9790,0.30,no
2026-10-05T01:58:54.203092Z,KXSOL15M-26OCT042200-00,0.9600,84.24,no
2026-10-05T01:58:54.203092Z,KXSOL15M-26OCT042200-00,0.9530,168.59,no
2026-10-05T01:58:54.203092Z,KXSOL15M-26OCT042200-00,0.9540,8.65,no
2026-10-05T01:58:54.203092Z,KXSOL15M-26OCT042200-00,0.9710,11.00,no
2026-10-05T01:58:54.203092Z,KXSOL15M-26OCT042200-00,0.9720,5.00,no
2026-10-05T01:58:54.203092Z,KXSOL15M-26OCT042200-00,0.9750,6.00,no
2026-10-05T01:58:54.203092Z,KXSOL15M-26OCT042200-00,0.9700,6.00,no
2026-10-05T01:58:54.203092Z,KXSOL15M-26OCT042200-00,0.9690,9.00,no
2026-10-05T01:58:54.203092Z,KXSOL15M-26OCT042200-00,0.9740,40.00,no
2026-10-05T01:58:54.203092Z,KXSOL15M-26OCT042200-00,0.9750,8.00,no
2026-10-05T01:58:54.203092Z,KXSOL15M-26OCT042200-00,0.9560,8.63,no
2026-10-05T01:58:54.203092Z,KXSOL15M-26OCT042200-00,0.9580,8.61,no
2026-10-05T01:58:54.203092Z,KXSOL15M-26OCT042200-00,0.9660,7.00,no
2026-10-05T01:58:54.203092Z,KXSOL15M-26OCT042200-00,0.9790,6.70,no
2026-10-05T01:58:54.203092Z,KXSOL15M-26OCT042200-00,0.9720,1.00,no
2026-10-05T01:58:54.203092Z,KXSOL15M-26OCT042200-00,0.9610,39.00,no
2026-10-05T01:58:54.203092Z,KXSOL15M-26OCT042200-00,0.9680,8.52,no
2026-10-05T01:58:54.203092Z,KXSOL15M-26OCT042200-00,0.9620,19.00,no
2026-10-05T01:58:54.203092Z,KXSOL15M-26OCT042200-00,0.9530,9.00,no
2026-10-05T01:58:54.203092Z,KXSOL15M-26OCT042200-00,0.9550,8.00,no
2026-10-05T01:58:54.335782Z,KXSOL15M-26OCT042200-00,0.9760,71.38,no
2026-10-05T01:58:54.380218Z,KXSOL15M-26OCT042200-00,0.9810,1.00,yes
2026-10-05T01:58:54.668446Z,KXSOL15M-26OCT042200-00,0.9800,10.00,yes
2026-10-05T01:58:54.668446Z,KXSOL15M-26OCT042200-00,0.9800,18.00,yes
2026-10-05T01:58:54.668446Z,KXSOL15M-26OCT042200-00,0.9800,6.00,yes
2026-10-05T01:58:54.925398Z,KXSOL15M-26OCT042200-00,0.9810,4.06,yes
2026-10-05T01:58:55.165385Z,KXSOL15M-26OCT042200-00,0.9740,3.00,no
2026-10-05T01:58:55.165385Z,KXSOL15M-26OCT042200-00,0.9730,5.64,no
2026-10-05T01:58:55.599874Z,KXSOL15M-26OCT042200-00,0.9760,0.78,no
2026-10-05T01:58:55.779488Z,KXSOL15M-26OCT042200-00,0.9770,3.00,no
2026-10-05T01:58:56.516753Z,KXSOL15M-26OCT042200-00,0.9800,13.00,yes
2026-10-05T01:58:56.606802Z,KXSOL15M-26OCT042200-00,0.9780,3.65,no
2026-10-05T01:58:56.920427Z,KXSOL15M-26OCT042200-00,0.9810,11.49,yes
2026-10-05T01:58:56.970551Z,KXSOL15M-26OCT042200-00,0.9780,25.35,no
2026-10-05T01:58:56.970551Z,KXSOL15M-26OCT042200-00,0.9790,27.00,no
2026-10-05T01:58:57.43714Z,KXSOL15M-26OCT042200-00,0.9660,8.54,no
2026-10-05T01:58:57.43714Z,KXSOL15M-26OCT042200-00,0.9670,8.53,no
2026-10-05T01:58:57.43714Z,KXSOL15M-26OCT042200-00,0.9680,1.00,no
2026-10-05T01:58:57.43714Z,KXSOL15M-26OCT042200-00,0.9630,27.18,no
2026-10-05T01:58:57.43714Z,KXSOL15M-26OCT042200-00,0.9650,8.00,no
2026-10-05T01:58:57.43714Z,KXSOL15M-26OCT042200-00,0.9630,1.00,no
2026-10-05T01:58:57.43714Z,KXSOL15M-26OCT042200-00,0.9640,8.56,no
2026-10-05T01:58:57.43714Z,KXSOL15M-26OCT042200-00,0.9650,19.00,no
2026-10-05T01:58:57.43714Z,KXSOL15M-26OCT042200-00,0.9640,16.00,no
2026-10-05T01:58:57.516368Z,KXSOL15M-26OCT042200-00,0.9790,5.00,yes
2026-10-05T01:58:57.621091Z,KXSOL15M-26OCT042200-00,0.9790,43.00,yes
2026-10-05T01:58:57.621091Z,KXSOL15M-26OCT042200-00,0.9830,19.00,yes
2026-10-05T01:58:57.621091Z,KXSOL15M-26OCT042200-00,0.9800,6.00,yes
2026-10-05T01:58:57.621091Z,KXSOL15M-26OCT042200-00,0.9820,7.00,yes
2026-10-05T01:58:57.621091Z,KXSOL15M-26OCT042200-00,0.9830,10.00,yes
2026-10-05T01:58:57.621091Z,KXSOL15M-26OCT042200-00,0.9840,16.75,yes
2026-10-05T01:58:58.092783Z,KXSOL15M-26OCT042200-00,0.9830,2.00,yes
2026-10-05T01:58:58.264775Z,KXSOL15M-26OCT042200-00,0.9770,2.00,no
2026-10-05T01:58:58.264775Z,KXSOL15M-26OCT042200-00,0.9770,16.75,no
2026-10-05T01:58:58.264775Z,KXSOL15M-26OCT042200-00,0.9710,8.00,no
2026-10-05T01:58:58.264775Z,KXSOL15M-26OCT042200-00,0.9700,30.01,no
2026-10-05T01:58:58.313409Z,KXSOL15M-26OCT042200-00,0.9830,7.00,yes
2026-10-05T01:58:58.313409Z,KXSOL15M-26OCT042200-00,0.9830,0.61,yes
2026-10-05T01:58:58.313409Z,KXSOL15M-26OCT042200-00,0.9830,62.00,yes
2026-10-05T01:58:58.821443Z,KXSOL15M-26OCT042200-00,0.9770,13.00,no
2026-10-05T01:58:58.821443Z,KXSOL15M-26OCT042200-00,0.9760,17.00,no
2026-10-05T01:58:58.821443Z,KXSOL15M-26OCT042200-00,0.9730,72.74,no
2026-10-05T01:58:58.821443Z,KXSOL15M-26OCT042200-00,0.9740,8.00,no
2026-10-05T01:58:58.821443Z,KXSOL15M-26OCT042200-00,0.9740,2.00,no
2026-10-05T01:58:58.821443Z,KXSOL15M-26OCT042200-00,0.9750,19.00,no
2026-10-05T01:58:58.821443Z,KXSOL15M-26OCT042200-00,0.9740,13.00,no
2026-10-05T01:58:58.885136Z,KXSOL15M-26OCT042200-00,0.9780,27.16,no
2026-10-05T01:58:59.031453Z,KXSOL15M-26OCT042200-00,0.9760,19.68,no
2026-10-05T01:58:59.031453Z,KXSOL15M-26OCT042200-00,0.9770,3.00,no
2026-10-05T01:58:59.031453Z,KXSOL15M-26OCT042200-00,0.9780,51.84,no
2026-10-05T01:58:59.46653Z,KXSOL15M-26OCT042200-00,0.9780,11.00,no
2026-10-05T01:58:59.46653Z,KXSOL15M-26OCT042200-00,0.9780,3.00,no
2026-10-05T01:58:59.46653Z,KXSOL15M-26OCT042200-00,0.9750,4.72,no
2026-10-05T01:58:59.46653Z,KXSOL15M-26OCT042200-00,0.9790,3.00,no
2026-10-05T01:58:59.522687Z,KXSOL15M-26OCT042200-00,0.9790,3.00,no
2026-10-05T01:58:59.522687Z,KXSOL15M-26OCT042200-00,0.9780,1.56,no
2026-10-05T01:58:59.549423Z,KXSOL15M-26OCT042200-00,0.9780,1.42,no
2026-10-05T01:58:59.964566Z,KXSOL15M-26OCT042200-00,0.9800,3.00,yes
2026-10-05T01:59:00.006946Z,KXSOL15M-26OCT042200-00,0.9800,6.00,yes
2026-10-05T01:59:00.014646Z,KXSOL15M-26OCT042200-00,0.9800,1.00,yes
2026-10-05T01:59:00.111268Z,KXSOL15M-26OCT042200-00,0.9830,10.00,yes
2026-10-05T01:59:00.184364Z,KXSOL15M-26OCT042200-00,0.9810,2.58,no
2026-10-05T01:59:00.187369Z,KXSOL15M-26OCT042200-00,0.9830,1.61,yes
2026-10-05T01:59:00.187369Z,KXSOL15M-26OCT042200-00,0.9830,7.00,yes
2026-10-05T01:59:00.187369Z,KXSOL15M-26OCT042200-00,0.9830,1.39,yes
2026-10-05T01:59:00.29574Z,KXSOL15M-26OCT042200-00,0.9830,7.00,yes
2026-10-05T01:59:00.29574Z,KXSOL15M-26OCT042200-00,0.9830,21.39,yes
2026-10-05T01:59:00.29574Z,KXSOL15M-26OCT042200-00,0.9830,10.00,yes
2026-10-05T01:59:00.29574Z,KXSOL15M-26OCT042200-00,0.9840,19.00,yes
2026-10-05T01:59:00.29574Z,KXSOL15M-26OCT042200-00,0.9840,1.00,yes
2026-10-05T01:59:00.29574Z,KXSOL15M-26OCT042200-00,0.9850,18.36,yes
2026-10-05T01:59:00.29574Z,KXSOL15M-26OCT042200-00,0.9840,23.25,yes
2026-10-05T01:59:00.584545Z,KXSOL15M-26OCT042200-00,0.9840,2.13,no
2026-10-05T01:59:00.584545Z,KXSOL15M-26OCT042200-00,0.9840,0.01,no
2026-10-05T01:59:00.584545Z,KXSOL15M-26OCT042200-00,0.9840,12.00,no
2026-10-05T01:59:00.619509Z,KXSOL15M-26OCT042200-00,0.9840,0.38,no
2026-10-05T01:59:00.634693Z,KXSOL15M-26OCT042200-00,0.9840,4.15,no
2026-10-05T01:59:00.634693Z,KXSOL15M-26OCT042200-00,0.9840,15.85,no
2026-10-05T01:59:00.923383Z,KXSOL15M-26OCT042200-00,0.9840,14.85,no
2026-10-05T01:59:00.923383Z,KXSOL15M-26OCT042200-00,0.9830,58.78,no
2026-10-05T01:59:00.923383Z,KXSOL15M-26OCT042200-00,0.9830,3.00,no
2026-10-05T01:59:00.923383Z,KXSOL15M-26OCT042200-00,0.9840,12.00,no
2026-10-05T01:59:00.923383Z,KXSOL15M-26OCT042200-00,0.9830,23.25,no
2026-10-05T01:59:01.074729Z,KXSOL15M-26OCT042200-00,0.9850,7.00,yes
2026-10-05T01:59:01.074729Z,KXSOL15M-26OCT042200-00,0.9850,20.00,yes
2026-10-05T01:59:01.074729Z,KXSOL15M-26OCT042200-00,0.9850,21.64,yes
2026-10-05T01:59:01.074729Z,KXSOL15M-26OCT042200-00,0.9850,5.00,yes
2026-10-05T01:59:01.074729Z,KXSOL15M-26OCT042200-00,0.9850,1.00,yes
2026-10-05T01:59:01.134554Z,KXSOL15M-26OCT042200-00,0.9840,12.00,no
2026-10-05T01:59:01.134554Z,KXSOL15M-26OCT042200-00,0.9840,16.00,no
2026-10-05T01:59:01.134554Z,KXSOL15M-26OCT042200-00,0.9840,3.00,no
2026-10-05T01:59:01.134554Z,KXSOL15M-26OCT042200-00,0.9850,3.00,no
2026-10-05T01:59:01.23592Z,KXSOL15M-26OCT042200-00,0.9840,5.36,no
2026-10-05T01:59:01.23592Z,KXSOL15M-26OCT042200-00,0.9840,5.64,no
2026-10-05T01:59:01.315015Z,KXSOL15M-26OCT042200-00,0.9830,2.86,no
2026-10-05T01:59:01.315015Z,KXSOL15M-26OCT042200-00,0.9840,3.00,no
2026-10-05T01:59:01.315015Z,KXSOL15M-26OCT042200-00,0.9840,12.00,no
2026-10-05T01:59:01.621866Z,KXSOL15M-26OCT042200-00,0.9850,2.98,no
2026-10-05T01:59:01.649565Z,KXSOL15M-26OCT042200-00,0.9830,88.79,no
2026-10-05T01:59:01.649565Z,KXSOL15M-26OCT042200-00,0.9850,0.02,no
2026-10-05T01:59:01.770223Z,KXSOL15M-26OCT042200-00,0.9840,9.00,no
2026-10-05T01:59:01.770223Z,KXSOL15M-26OCT042200-00,0.9840,3.00,no
2026-10-05T01:59:01.841218Z,KXSOL15M-26OCT042200-00,0.9830,16.41,no
2026-10-05T01:59:01.971868Z,KXSOL15M-26OCT042200-00,0.9830,164.76,no
2026-10-05T01:59:01.997214Z,KXSOL15M-26OCT042200-00,0.9830,12.32,no
2026-10-05T01:59:02.139366Z,KXSOL15M-26OCT042200-00,0.9850,8.10,yes
2026-10-05T01:59:02.496581Z,KXSOL15M-26OCT042200-00,0.9850,10.66,no
2026-10-05T01:59:02.496581Z,KXSOL15M-26OCT042200-00,0.9850,3.00,no
2026-10-05T01:59:02.499563Z,KXSOL15M-26OCT042200-00,0.9860,8.00,yes
2026-10-05T01:59:02.499563Z,KXSOL15M-26OCT042200-00,0.9860,40.00,yes
2026-10-05T01:59:02.499563Z,KXSOL15M-26OCT042200-00,0.9870,36.00,yes
2026-10-05T01:59:02.499563Z,KXSOL15M-26OCT042200-00,0.9860,5.00,yes
2026-10-05T01:59:02.499563Z,KXSOL15M-26OCT042200-00,0.9860,1.00,yes
2026-10-05T01:59:02.621716Z,KXSOL15M-26OCT042200-00,0.9860,4.00,no
2026-10-05T01:59:02.621716Z,KXSOL15M-26OCT042200-00,0.9860,3.00,no
2026-10-05T01:59:02.721858Z,KXSOL15M-26OCT042200-00,0.9860,32.00,no
2026-10-05T01:59:02.721858Z,KXSOL15M-26OCT042200-00,0.9850,40.00,no
2026-10-05T01:59:02.721858Z,KXSOL15M-26OCT042200-00,0.9850,3.00,no
2026-10-05T01:59:02.86755Z,KXSOL15M-26OCT042200-00,0.9860,6.00,yes
2026-10-05T01:59:02.86755Z,KXSOL15M-26OCT042200-00,0.9860,1.90,yes
2026-10-05T01:59:02.86755Z,KXSOL15M-26OCT042200-00,0.9870,13.10,yes
2026-10-05T01:59:02.86755Z,KXSOL15M-26OCT042200-00,0.9860,19.00,yes
2026-10-05T01:59:02.86755Z,KXSOL15M-26OCT042200-00,0.9870,4.00,yes
2026-10-05T01:59:02.86755Z,KXSOL15M-26OCT042200-00,0.9870,5.00,yes
2026-10-05T01:59:02.86755Z,KXSOL15M-26OCT042200-00,0.9870,1.00,yes
2026-10-05T01:59:03.040131Z,KXSOL15M-26OCT042200-00,0.9870,6.00,yes
2026-10-05T01:59:03.040131Z,KXSOL15M-26OCT042200-00,0.9870,10.00,yes
2026-10-05T01:59:03.040131Z,KXSOL15M-26OCT042200-00,0.9880,5.00,yes
2026-10-05T01:59:03.146004Z,KXSOL15M-26OCT042200-00,0.9870,20.00,no
2026-10-05T01:59:03.146004Z,KXSOL15M-26OCT042200-00,0.9860,4.00,no
2026-10-05T01:59:03.146004Z,KXSOL15M-26OCT042200-00,0.9870,5.00,no
2026-10-05T01:59:03.146004Z,KXSOL15M-26OCT042200-00,0.9870,3.00,no
2026-10-05T01:59:03.146004Z,KXSOL15M-26OCT042200-00,0.9860,3.00,no
2026-10-05T01:59:03.146004Z,KXSOL15M-26OCT042200-00,0.9830,0.01,no
2026-10-05T01:59:03.223457Z,KXSOL15M-26OCT042200-00,0.9810,7.03,no
2026-10-05T01:59:03.223457Z,KXSOL15M-26OCT042200-00,0.9860,3.00,no
2026-10-05T01:59:03.223457Z,KXSOL15M-26OCT042200-00,0.9850,3.00,no
2026-10-05T01:59:03.24547Z,KXSOL15M-26OCT042200-00,0.9880,10.00,yes
2026-10-05T01:59:03.24547Z,KXSOL15M-26OCT042200-00,0.9880,6.00,yes
2026-10-05T01:59:03.24547Z,KXSOL15M-26OCT042200-00,0.9880,35.00,yes
2026-10-05T01:59:03.24547Z,KXSOL15M-26OCT042200-00,0.9890,28.00,yes
2026-10-05T01:59:03.24547Z,KXSOL15M-26OCT042200-00,0.9880,4.00,yes
2026-10-05T01:59:03.397412Z,KXSOL15M-26OCT042200-00,0.9890,2.00,yes
2026-10-05T01:59:03.525979Z,KXSOL15M-26OCT042200-00,0.9890,1.00,yes
2026-10-05T01:59:03.525979Z,KXSOL15M-26OCT042200-00,0.9890,10.00,yes
2026-10-05T01:59:03.525979Z,KXSOL15M-26OCT042200-00,0.9890,4.00,yes
2026-10-05T01:59:03.560041Z,KXSOL15M-26OCT042200-00,0.9890,10.00,yes
2026-10-05T01:59:03.609319Z,KXSOL15M-26OCT042200-00,0.9890,20.00,yes
2026-10-05T01:59:04.607043Z,KXSOL15M-26OCT042200-00,0.9800,10.44,no
2026-10-05T01:59:04.607043Z,KXSOL15M-26OCT042200-00,0.9750,6.80,no
2026-10-05T01:59:04.607043Z,KXSOL15M-26OCT042200-00,0.9770,1.00,no
2026-10-05T01:59:04.607043Z,KXSOL15M-26OCT042200-00,0.9850,80.00,no
2026-10-05T01:59:04.607043Z,KXSOL15M-26OCT042200-00,0.9820,11.00,no
2026-10-05T01:59:04.607043Z,KXSOL15M-26OCT042200-00,0.9840,12.00,no
2026-10-05T01:59:04.607043Z,KXSOL15M-26OCT042200-00,0.9870,3.00,no
2026-10-05T01:59:04.607043Z,KXSOL15M-26OCT042200-00,0.9870,35.00,no
2026-10-05T01:59:04.607043Z,KXSOL15M-26OCT042200-00,0.9830,350.00,no
2026-10-05T01:59:04.607043Z,KXSOL15M-26OCT042200-00,0.9880,28.00,no
2026-10-05T01:59:04.607043Z,KXSOL15M-26OCT042200-00,0.9880,2.00,no
2026-10-05T01:59:04.607043Z,KXSOL15M-26OCT042200-00,0.9880,3.00,no
2026-10-05T01:59:04.607043Z,KXSOL15M-26OCT042200-00,0.9880,10.00,no
2026-10-05T01:59:04.607043Z,KXSOL15M-26OCT042200-00,0.9800,6.00,no
2026-10-05T01:59:04.861258Z,KXSOL15M-26OCT042200-00,0.9740,9.01,no
2026-10-05T01:59:04.861258Z,KXSOL15M-26OCT042200-00,0.9800,3.49,no
2026-10-05T01:59:04.861258Z,KXSOL15M-26OCT042200-00,0.9790,3.00,no
2026-10-05T01:59:04.861258Z,KXSOL15M-26OCT042200-00,0.9800,3.00,no
2026-10-05T01:59:04.861258Z,KXSOL15M-26OCT042200-00,0.9750,8.00,no
2026-10-05T01:59:04.861258Z,KXSOL15M-26OCT042200-00,0.9750,6.00,no
2026-10-05T01:59:04.880619Z,KXSOL15M-26OCT042200-00,0.9870,2.04,no
2026-10-05T01:59:04.950496Z,KXSOL15M-26OCT042200-00,0.9740,0.19,no
2026-10-05T01:59:04.950496Z,KXSOL15M-26OCT042200-00,0.9730,41.47,no
2026-10-05T01:59:04.950496Z,KXSOL15M-26OCT042200-00,0.9870,0.96,no
2026-10-05T01:59:04.950496Z,KXSOL15M-26OCT042200-00,0.9860,3.00,no
2026-10-05T01:59:04.950496Z,KXSOL15M-26OCT042200-00,0.9750,8.00,no
2026-10-05T01:59:04.950496Z,KXSOL15M-26OCT042200-00,0.9740,51.00,no
2026-10-05T01:59:05.120738Z,KXSOL15M-26OCT042200-00,0.9870,0.35,yes
2026-10-05T01:59:05.388666Z,KXSOL15M-26OCT042200-00,0.9860,3.00,no
2026-10-05T01:59:05.487792Z,KXSOL15M-26OCT042200-00,0.9740,10.00,no
2026-10-05T01:59:05.487792Z,KXSOL15M-26OCT042200-00,0.9850,3.00,no
2026-10-05T01:59:05.487792Z,KXSOL15M-26OCT042200-00,0.9750,8.00,no
2026-10-05T01:59:05.487792Z,KXSOL15M-26OCT042200-00,0.9860,3.00,no
2026-10-05T01:59:05.487792Z,KXSOL15M-26OCT042200-00,0.9730,13.52,no
2026-10-05T01:59:05.493305Z,KXSOL15M-26OCT042200-00,0.9880,2.00,yes
2026-10-05T01:59:05.493305Z,KXSOL15M-26OCT042200-00,0.9880,18.00,yes
2026-10-05T01:59:05.493305Z,KXSOL15M-26OCT042200-00,0.9870,12.00,yes
2026-10-05T01:59:05.493305Z,KXSOL15M-26OCT042200-00,0.9880,6.00,yes
2026-10-05T01:59:05.493305Z,KXSOL15M-26OCT042200-00,0.9870,20.00,yes
2026-10-05T01:59:05.493305Z,KXSOL15M-26OCT042200-00,0.9890,42.00,yes
2026-10-05T01:59:06.494188Z,KXSOL15M-26OCT042200-00,0.9870,18.00,no
2026-10-05T01:59:06.494188Z,KXSOL15M-26OCT042200-00,0.9860,3.00,no
2026-10-05T01:59:06.494188Z,KXSOL15M-26OCT042200-00,0.9870,12.00,no
2026-10-05T01:59:06.494188Z,KXSOL15M-26OCT042200-00,0.9850,3.00,no
2026-10-05T01:59:06.494188Z,KXSOL15M-26OCT042200-00,0.9840,1.34,no
2026-10-05T01:59:06.495661Z,KXSOL15M-26OCT042200-00,0.9880,11.00,yes
2026-10-05T01:59:06.495661Z,KXSOL15M-26OCT042200-00,0.9880,6.00,yes
2026-10-05T01:59:06.495661Z,KXSOL15M-26OCT042200-00,0.9890,23.00,yes
2026-10-05T01:59:06.911493Z,KXSOL15M-26OCT042200-00,0.9850,3.00,no
2026-10-05T01:59:07.012072Z,KXSOL15M-26OCT042200-00,0.9840,6.00,no
2026-10-05T01:59:07.012072Z,KXSOL15M-26OCT042200-00,0.9840,12.00,no
2026-10-05T01:59:07.012072Z,KXSOL15M-26OCT042200-00,0.9840,3.00,no
2026-10-05T01:59:07.522867Z,KXSOL15M-26OCT042200-00,0.9880,6.00,yes
2026-10-05T01:59:07.522867Z,KXSOL15M-26OCT042200-00,0.9880,10.00,yes
2026-10-05T01:59:07.522867Z,KXSOL15M-26OCT042200-00,0.9890,5.00,yes
2026-10-05T01:59:07.522867Z,KXSOL15M-26OCT042200-00,0.9890,19.00,yes
2026-10-05T01:59:07.598154Z,KXSOL15M-26OCT042200-00,0.9890,1.00,yes
2026-10-05T01:59:07.598154Z,KXSOL15M-26OCT042200-00,0.9890,10.00,yes
2026-10-05T01:59:07.598154Z,KXSOL15M-26OCT042200-00,0.9890,2.00,yes
2026-10-05T01:59:07.598154Z,KXSOL15M-26OCT042200-00,0.9890,2.00,yes
2026-10-05T01:59:07.598154Z,KXSOL15M-26OCT042200-00,0.9890,1.00,yes
2026-10-05T01:59:07.743426Z,KXSOL15M-26OCT042200-00,0.9890,4.00,yes
2026-10-05T01:59:07.743426Z,KXSOL15M-26OCT042200-00,0.9890,1.00,yes
2026-10-05T01:59:07.983754Z,KXSOL15M-26OCT042200-00,0.9900,11.26,yes
2026-10-05T01:59:07.983754Z,KXSOL15M-26OCT042200-00,0.9900,23.54,yes
2026-10-05T01:59:07.983754Z,KXSOL15M-26OCT042200-00,0.9890,10.00,yes
2026-10-05T01:59:07.983754Z,KXSOL15M-26OCT042200-00,0.9890,5.00,yes
2026-10-05T01:59:07.983754Z,KXSOL15M-26OCT042200-00,0.9900,219.58,yes
2026-10-05T01:59:07.983754Z,KXSOL15M-26OCT042200-00,0.9890,47.09,yes
2026-10-05T01:59:07.983754Z,KXSOL15M-26OCT042200-00,0.9900,4.41,yes
2026-10-05T01:59:07.983754Z,KXSOL15M-26OCT042200-00,0.9900,11.44,yes
2026-10-05T01:59:07.983754Z,KXSOL15M-26OCT042200-00,0.9900,6.85,yes
2026-10-05T01:59:07.983754Z,KXSOL15M-26OCT042200-00,0.9900,0.30,yes
2026-10-05T01:59:07.983754Z,KXSOL15M-26OCT042200-00,0.9900,12.91,yes
2026-10-05T01:59:07.983754Z,KXSOL15M-26OCT042200-00,0.9900,2.09,yes
2026-10-05T01:59:07.983754Z,KXSOL15M-26OCT042200-00,0.9900,40.00,yes
2026-10-05T01:59:07.983754Z,KXSOL15M-26OCT042200-00,0.9900,4.00,yes
2026-10-05T01:59:07.983754Z,KXSOL15M-26OCT042200-00,0.9900,2.00,yes
2026-10-05T01:59:07.983754Z,KXSOL15M-26OCT042200-00,0.9900,25.00,yes
2026-10-05T01:59:08.390794Z,KXSOL15M-26OCT042200-00,0.9890,5.00,yes
2026-10-05T01:59:08.803734Z,KXSOL15M-26OCT042200-00,0.9900,100.00,yes
2026-10-05T01:59:08.962035Z,KXSOL15M-26OCT042200-00,0.9900,80.42,yes
2026-10-05T01:59:08.962035Z,KXSOL15M-26OCT042200-00,0.9900,100.63,yes
2026-10-05T01:59:08.962035Z,KXSOL15M-26OCT042200-00,0.9910,18.95,yes
2026-10-05T01:59:08.977606Z,KXSOL15M-26OCT042200-00,0.9900,3.00,no
2026-10-05T01:59:08.977606Z,KXSOL15M-26OCT042200-00,0.9890,3.00,no
2026-10-05T01:59:08.977606Z,KXSOL15M-26OCT042200-00,0.9890,40.00,no
2026-10-05T01:59:08.977606Z,KXSOL15M-26OCT042200-00,0.9900,18.95,no
2026-10-05T01:59:08.977606Z,KXSOL15M-26OCT042200-00,0.9880,12.99,no
2026-10-05T01:59:09.215364Z,KXSOL15M-26OCT042200-00,0.9900,6.00,no
2026-10-05T01:59:10.019545Z,KXSOL15M-26OCT042200-00,0.9900,6.35,no
2026-10-05T01:59:10.019545Z,KXSOL15M-26OCT042200-00,0.9900,3.00,no
2026-10-05T01:59:10.190496Z,KXSOL15M-26OCT042200-00,0.9910,21.05,yes
2026-10-05T01:59:10.190496Z,KXSOL15M-26OCT042200-00,0.9920,16.95,yes
2026-10-05T01:59:10.220646Z,KXSOL15M-26OCT042200-00,0.9920,1.00,yes
2026-10-05T01:59:10.227076Z,KXSOL15M-26OCT042200-00,0.9920,1.00,yes
2026-10-05T01:59:10.246588Z,KXSOL15M-26OCT042200-00,0.9910,3.00,no
2026-10-05T01:59:10.246588Z,KXSOL15M-26OCT042200-00,0.9910,1.65,no
2026-10-05T01:59:10.246588Z,KXSOL15M-26OCT042200-00,0.9910,18.00,no
2026-10-05T01:59:10.261142Z,KXSOL15M-26OCT042200-00,0.9930,11.12,yes
2026-10-05T01:59:10.261142Z,KXSOL15M-26OCT042200-00,0.9920,21.05,yes
2026-10-05T01:59:10.354326Z,KXSOL15M-26OCT042200-00,0.9940,5.00,yes
2026-10-05T01:59:10.354326Z,KXSOL15M-26OCT042200-00,0.9940,48.00,yes
2026-10-05T01:59:10.354326Z,KXSOL15M-26OCT042200-00,0.9930,9.00,yes
2026-10-05T01:59:10.354326Z,KXSOL15M-26OCT042200-00,0.9930,10.00,yes
2026-10-05T01:59:10.354326Z,KXSOL15M-26OCT042200-00,0.9940,93.67,yes
2026-10-05T01:59:10.354326Z,KXSOL15M-26OCT042200-00,0.9950,15.00,yes
2026-10-05T01:59:10.354326Z,KXSOL15M-26OCT042200-00,0.9950,11.00,yes
2026-10-05T01:59:10.354326Z,KXSOL15M-26OCT042200-00,0.9960,13.00,yes
2026-10-05T01:59:10.354326Z,KXSOL15M-26OCT042200-00,0.9960,1.00,yes
2026-10-05T01:59:10.354326Z,KXSOL15M-26OCT042200-00,0.9960,1.00,yes
2026-10-05T01:59:10.354326Z,KXSOL15M-26OCT042200-00,0.9960,1.00,yes
2026-10-05T01:59:10.354326Z,KXSOL15M-26OCT042200-00,0.9960,1.00,yes
2026-10-05T01:59:10.354326Z,KXSOL15M-26OCT042200-00,0.9960,1.00,yes
2026-10-05T01:59:10.354326Z,KXSOL15M-26OCT042200-00,0.9950,1.00,yes
2026-10-05T01:59:10.354326Z,KXSOL15M-26OCT042200-00,0.9930,28.88,yes
2026-10-05T01:59:10.354326Z,KXSOL15M-26OCT042200-00,0.9970,135.45,yes
2026-10-05T01:59:10.354326Z,KXSOL15M-26OCT042200-00,0.9960,82.00,yes
2026-10-05T01:59:10.354326Z,KXSOL15M-26OCT042200-00,0.9940,40.00,yes
2026-10-05T01:59:10.354326Z,KXSOL15M-26OCT042200-00,0.9950,40.00,yes
2026-10-05T01:59:10.354326Z,KXSOL15M-26OCT042200-00,0.9960,40.00,yes
2026-10-05T01:59:10.362709Z,KXSOL15M-26OCT042200-00,0.9930,9.00,yes
2026-10-05T01:59:10.407608Z,KXSOL15M-26OCT042200-00,0.9960,10.00,yes
2026-10-05T01:59:10.407608Z,KXSOL15M-26OCT042200-00,0.9960,6.00,yes
2026-10-05T01:59:10.431515Z,KXSOL15M-26OCT042200-00,0.9960,54.00,no
2026-10-05T01:59:10.457575Z,KXSOL15M-26OCT042200-00,0.9970,1.00,yes
2026-10-05T01:59:10.865754Z,KXSOL15M-26OCT042200-00,0.9960,7.00,no
2026-10-05T01:59:11.317256Z,KXSOL15M-26OCT042200-00,0.9970,7.00,yes
2026-10-05T01:59:11.482579Z,KXSOL15M-26OCT042200-00,0.9960,27.69,no
2026-10-05T01:59:11.690729Z,KXSOL15M-26OCT042200-00,0.9960,2.00,no
2026-10-05T01:59:11.757149Z,KXSOL15M-26OCT042200-00,0.9960,24.00,no
2026-10-05T01:59:12.011921Z,KXSOL15M-26OCT042200-00,0.9960,4.76,no
2026-10-05T01:59:12.011921Z,KXSOL15M-26OCT042200-00,0.9950,3.03,no
2026-10-05T01:59:12.011921Z,KXSOL15M-26OCT042200-00,0.9960,1.00,no
2026-10-05T01:59:12.011921Z,KXSOL15M-26OCT042200-00,0.9960,7.00,no
2026-10-05T01:59:12.030164Z,KXSOL15M-26OCT042200-00,0.9950,20.48,no
2026-10-05T01:59:12.101086Z,KXSOL15M-26OCT042200-00,0.9930,92.75,no
2026-10-05T01:59:12.101086Z,KXSOL15M-26OCT042200-00,0.9950,6.00,no
2026-10-05T01:59:12.101086Z,KXSOL15M-26OCT042200-00,0.9950,16.49,no
2026-10-05T01:59:12.101086Z,KXSOL15M-26OCT042200-00,0.9930,40.00,no
2026-10-05T01:59:12.101086Z,KXSOL15M-26OCT042200-00,0.9940,40.00,no
2026-10-05T01:59:12.101086Z,KXSOL15M-26OCT042200-00,0.9950,27.00,no
2026-10-05T01:59:12.382011Z,KXSOL15M-26OCT042200-00,0.9960,6.00,yes
2026-10-05T01:59:12.382011Z,KXSOL15M-26OCT042200-00,0.9960,9.00,yes
2026-10-05T01:59:12.715349Z,KXSOL15M-26OCT042200-00,0.9960,1.00,yes
2026-10-05T01:59:12.715349Z,KXSOL15M-26OCT042200-00,0.9960,6.00,yes
2026-10-05T01:59:12.803657Z,KXSOL15M-26OCT042200-00,0.9970,22.14,yes
2026-10-05T01:59:13.130681Z,KXSOL15M-26OCT042200-00,0.9920,3.00,no
2026-10-05T01:59:13.130681Z,KXSOL15M-26OCT042200-00,0.9930,3.00,no
2026-10-05T01:59:13.130681Z,KXSOL15M-26OCT042200-00,0.9960,22.14,no
2026-10-05T01:59:13.130681Z,KXSOL15M-26OCT042200-00,0.9930,21.00,no
2026-10-05T01:59:13.130681Z,KXSOL15M-26OCT042200-00,0.9910,1.00,no
2026-10-05T01:59:13.130681Z,KXSOL15M-26OCT042200-00,0.9910,15.30,no
2026-10-05T01:59:13.130681Z,KXSOL15M-26OCT042200-00,0.9900,10.00,no
2026-10-05T01:59:13.130681Z,KXSOL15M-26OCT042200-00,0.9900,24.41,no
2026-10-05T01:59:13.130681Z,KXSOL15M-26OCT042200-00,0.9910,21.05,no
2026-10-05T01:59:13.130681Z,KXSOL15M-26OCT042200-00,0.9910,1.00,no
2026-10-05T01:59:13.130681Z,KXSOL15M-26OCT042200-00,0.9900,7.85,no
2026-10-05T01:59:13.130681Z,KXSOL15M-26OCT042200-00,0.9920,28.88,no
2026-10-05T01:59:13.130681Z,KXSOL15M-26OCT042200-00,0.9900,21.05,no
2026-10-05T01:59:13.130681Z,KXSOL15M-26OCT042200-00,0.9920,11.12,no
2026-10-05T01:59:13.707204Z,KXSOL15M-26OCT042200-00,0.9910,10.01,no
2026-10-05T01:59:13.707204Z,KXSOL15M-26OCT042200-00,0.9950,100.00,no
2026-10-05T01:59:13.707204Z,KXSOL15M-26OCT042200-00,0.9920,0.01,no
2026-10-05T01:59:13.707204Z,KXSOL15M-26OCT042200-00,0.9960,27.00,no
2026-10-05T01:59:14.251091Z,KXSOL15M-26OCT042200-00,0.9960,1.00,yes
2026-10-05T01:59:14.508617Z,KXSOL15M-26OCT042200-00,0.9900,11.15,no
2026-10-05T01:59:14.508617Z,KXSOL15M-26OCT042200-00,0.9870,15.43,no
2026-10-05T01:59:14.508617Z,KXSOL15M-26OCT042200-00,0.9900,23.28,no
2026-10-05T01:59:14.508617Z,KXSOL15M-26OCT042200-00,0.9880,14.00,no
2026-10-05T01:59:14.508617Z,KXSOL15M-26OCT042200-00,0.9950,72.00,no
2026-10-05T01:59:14.626919Z,KXSOL15M-26OCT042200-00,0.9950,28.00,yes
2026-10-05T01:59:15.296936Z,KXSOL15M-26OCT042200-00,0.9950,8.10,no
2026-10-05T01:59:15.528523Z,KXSOL15M-26OCT042200-00,0.9950,12.69,no
2026-10-05T01:59:15.537631Z,KXSOL15M-26OCT042200-00,0.9950,11.21,no
2026-10-05T01:59:15.537631Z,KXSOL15M-26OCT042200-00,0.9950,19.79,no
2026-10-05T01:59:15.628584Z,KXSOL15M-26OCT042200-00,0.9960,5.00,yes
2026-10-05T01:59:15.782833Z,KXSOL15M-26OCT042200-00,0.9880,1.72,no
2026-10-05T01:59:15.782833Z,KXSOL15M-26OCT042200-00,0.9900,5.00,no
2026-10-05T01:59:15.782833Z,KXSOL15M-26OCT042200-00,0.9900,5.00,no
2026-10-05T01:59:15.782833Z,KXSOL15M-26OCT042200-00,0.9960,100.00,no
2026-10-05T01:59:15.782833Z,KXSOL15M-26OCT042200-00,0.9910,3.00,no
2026-10-05T01:59:15.782833Z,KXSOL15M-26OCT042200-00,0.9900,3.00,no
2026-10-05T01:59:16.216328Z,KXSOL15M-26OCT042200-00,0.9870,22.62,no
2026-10-05T01:59:16.970347Z,KXSOL15M-26OCT042200-00,0.9950,3.40,no
2026-10-05T01:59:17.097254Z,KXSOL15M-26OCT042200-00,0.9960,5.00,yes
2026-10-05T01:59:17.097254Z,KXSOL15M-26OCT042200-00,0.9960,18.00,yes
2026-10-05T01:59:17.097254Z,KXSOL15M-26OCT042200-00,0.9960,4.00,yes
2026-10-05T01:59:17.097254Z,KXSOL15M-26OCT042200-00,0.9960,6.00,yes
2026-10-05T01:59:17.470282Z,KXSOL15M-26OCT042200-00,0.9960,1.58,no
2026-10-05T01:59:17.521509Z,KXSOL15M-26OCT042200-00,0.9970,10.69,yes
2026-10-05T01:59:17.521509Z,KXSOL15M-26OCT042200-00,0.9970,10.86,yes
2026-10-05T01:59:17.95947Z,KXSOL15M-26OCT042200-00,0.9970,1.69,yes
2026-10-05T01:59:17.95947Z,KXSOL15M-26OCT042200-00,0.9970,2.00,yes
2026-10-05T01:59:17.95947Z,KXSOL15M-26OCT042200-00,0.9970,7.31,yes
2026-10-05T01:59:17.95947Z,KXSOL15M-26OCT042200-00,0.9970,2.00,yes
2026-10-05T01:59:17.95947Z,KXSOL15M-26OCT042200-00,0.9970,2.00,yes
2026-10-05T01:59:17.95947Z,KXSOL15M-26OCT042200-00,0.9970,2.00,yes
2026-10-05T01:59:17.95947Z,KXSOL15M-26OCT042200-00,0.9970,2.00,yes
2026-10-05T01:59:17.95947Z,KXSOL15M-26OCT042200-00,0.9970,2.00,yes
2026-10-05T01:59:17.966979Z,KXSOL15M-26OCT042200-00,0.9970,6.00,yes
2026-10-05T01:59:18.038222Z,KXSOL15M-26OCT042200-00,0.9960,16.41,no
2026-10-05T01:59:18.413679Z,KXSOL15M-26OCT042200-00,0.9970,22.00,yes
2026-10-05T01:59:18.413679Z,KXSOL15M-26OCT042200-00,0.9970,2.31,yes
2026-10-05T01:59:18.413679Z,KXSOL15M-26OCT042200-00,0.9970,2.00,yes
2026-10-05T01:59:18.881922Z,KXSOL15M-26OCT042200-00,0.9970,1.56,no
2026-10-05T01:59:19.393062Z,KXSOL15M-26OCT042200-00,0.9980,1.00,yes
2026-10-05T01:59:19.475774Z,KXSOL15M-26OCT042200-00,0.9970,5.12,no
2026-10-05T01:59:19.475774Z,KXSOL15M-26OCT042200-00,0.9970,12.13,no
2026-10-05T01:59:19.475774Z,KXSOL15M-26OCT042200-00,0.9970,19.00,no
2026-10-05T01:59:19.475774Z,KXSOL15M-26OCT042200-00,0.9970,40.00,no
2026-10-05T01:59:19.506418Z,KXSOL15M-26OCT042200-00,0.9980,1.00,yes
2026-10-05T01:59:19.54875Z,KXSOL15M-26OCT042200-00,0.9980,105.31,yes
2026-10-05T01:59:19.632915Z,KXSOL15M-26OCT042200-00,0.9970,5.51,no
2026-10-05T01:59:20.142355Z,KXSOL15M-26OCT042200-00,0.9930,21.00,no
2026-10-05T01:59:20.142355Z,KXSOL15M-26OCT042200-00,0.9940,0.01,no
2026-10-05T01:59:20.142355Z,KXSOL15M-26OCT042200-00,0.9960,100.00,no
2026-10-05T01:59:20.142355Z,KXSOL15M-26OCT042200-00,0.9960,10.86,no
2026-10-05T01:59:20.142355Z,KXSOL15M-26OCT042200-00,0.9930,14.03,no
2026-10-05T01:59:20.142355Z,KXSOL15M-26OCT042200-00,0.9970,34.37,no
2026-10-05T01:59:20.142355Z,KXSOL15M-26OCT042200-00,0.9970,35.00,no
2026-10-05T01:59:20.354897Z,KXSOL15M-26OCT042200-00,0.9930,4.21,no
2026-10-05T01:59:20.458909Z,KXSOL15M-26OCT042200-00,0.9970,5.00,yes
2026-10-05T01:59:20.955907Z,KXSOL15M-26OCT042200-00,0.9970,1.30,yes
2026-10-05T01:59:21.215683Z,KXSOL15M-26OCT042200-00,0.9970,8.00,yes
2026-10-05T01:59:21.215683Z,KXSOL15M-26OCT042200-00,0.9970,2.00,yes
2026-10-05T01:59:21.328892Z,KXSOL15M-26OCT042200-00,0.9970,2.00,yes
2026-10-05T01:59:21.328892Z,KXSOL15M-26OCT042200-00,0.9970,2.00,yes
2026-10-05T01:59:21.441746Z,KXSOL15M-26OCT042200-00,0.9970,12.29,no
2026-10-05T01:59:21.441746Z,KXSOL15M-26OCT042200-00,0.9970,4.00,no
2026-10-05T01:59:21.796455Z,KXSOL15M-26OCT042200-00,0.9980,40.99,yes
2026-10-05T01:59:21.94707Z,KXSOL15M-26OCT042200-00,0.9940,23.00,no
2026-10-05T01:59:21.94707Z,KXSOL15M-26OCT042200-00,0.9920,20.00,no
2026-10-05T01:59:21.94707Z,KXSOL15M-26OCT042200-00,0.9960,100.00,no
2026-10-05T01:59:21.94707Z,KXSOL15M-26OCT042200-00,0.9920,0.07,no
2026-10-05T01:59:21.94707Z,KXSOL15M-26OCT042200-00,0.9970,76.71,no
2026-10-05T01:59:21.94707Z,KXSOL15M-26OCT042200-00,0.9960,100.00,no
2026-10-05T01:59:21.94707Z,KXSOL15M-26OCT042200-00,0.9920,25.00,no
2026-10-05T01:59:21.94707Z,KXSOL15M-26OCT042200-00,0.9920,40.00,no
2026-10-05T01:59:21.94707Z,KXSOL15M-26OCT042200-00,0.9930,89.07,no
2026-10-05T01:59:21.94707Z,KXSOL15M-26OCT042200-00,0.9920,40.00,no
2026-10-05T01:59:22.21392Z,KXSOL15M-26OCT042200-00,0.9980,0.23,yes
2026-10-05T01:59:22.906569Z,KXSOL15M-26OCT042200-00,0.9970,2.00,yes
2026-10-05T01:59:22.906569Z,KXSOL15M-26OCT042200-00,0.9970,10.00,yes
2026-10-05T01:59:23.04167Z,KXSOL15M-26OCT042200-00,0.9980,70.05,yes
2026-10-05T01:59:23.147604Z,KXSOL15M-26OCT042200-00,0.9980,500.00,yes
2026-10-05T01:59:23.158853Z,KXSOL15M-26OCT042200-00,0.9980,20.00,yes
2026-10-05T01:59:23.165608Z,KXSOL15M-26OCT042200-00,0.9980,10.00,yes
2026-10-05T01:59:23.174681Z,KXSOL15M-26OCT042200-00,0.9980,5.00,yes
2026-10-05T01:59:23.181624Z,KXSOL15M-26OCT042200-00,0.9980,2.00,yes
2026-10-05T01:59:23.189771Z,KXSOL15M-26OCT042200-00,0.9980,2.00,yes
2026-10-05T01:59:23.197328Z,KXSOL15M-26OCT042200-00,0.9980,2.00,yes
2026-10-05T01:59:23.272548Z,KXSOL15M-26OCT042200-00,0.9980,67.00,yes
2026-10-05T01:59:23.27767Z,KXSOL15M-26OCT042200-00,0.9980,40.00,yes
2026-10-05T01:59:23.283876Z,KXSOL15M-26OCT042200-00,0.9980,25.00,yes
2026-10-05T01:59:23.985273Z,KXSOL15M-26OCT042200-00,0.9970,16.48,no
2026-10-05T01:59:24.265339Z,KXSOL15M-26OCT042200-00,0.9970,4.06,no
2026-10-05T01:59:24.442614Z,KXSOL15M-26OCT042200-00,0.9980,1.50,yes
2026-10-05T01:59:24.724713Z,KXSOL15M-26OCT042200-00,0.9980,35.00,yes
2026-10-05T01:59:24.819663Z,KXSOL15M-26OCT042200-00,0.9970,16.43,no
2026-10-05T01:59:24.82797Z,KXSOL15M-26OCT042200-00,0.9970,15.00,no
2026-10-05T01:59:25.215929Z,KXSOL15M-26OCT042200-00,0.9980,1.00,yes
2026-10-05T01:59:25.248211Z,KXSOL15M-26OCT042200-00,0.9980,11.00,yes
2026-10-05T01:59:26.187499Z,KXSOL15M-26OCT042200-00,0.9980,59.92,yes
2026-10-05T01:59:26.187499Z,KXSOL15M-26OCT042200-00,0.9980,472.06,yes
2026-10-05T01:59:26.414691Z,KXSOL15M-26OCT042200-00,0.9970,47.71,no
2026-10-05T01:59:26.414691Z,KXSOL15M-26OCT042200-00,0.9970,20.51,no
2026-10-05T01:59:27.497234Z,KXSOL15M-26OCT042200-00,0.9980,21.10,yes
2026-10-05T01:59:27.529723Z,KXSOL15M-26OCT042200-00,0.9970,30.53,no
2026-10-05T01:59:27.654602Z,KXSOL15M-26OCT042200-00,0.9980,10.01,yes
2026-10-05T01:59:28.212479Z,KXSOL15M-26OCT042200-00,0.9980,14.50,yes
2026-10-05T01:59:28.290118Z,KXSOL15M-26OCT042200-00,0.9970,58.47,no
2026-10-05T01:59:28.290118Z,KXSOL15M-26OCT042200-00,0.9970,19.42,no
2026-10-05T01:59:29.001712Z,KXSOL15M-26OCT042200-00,0.9970,38.00,yes
2026-10-05T01:59:29.001712Z,KXSOL15M-26OCT042200-00,0.9970,2.00,yes
2026-10-05T01:59:29.562064Z,KXSOL15M-26OCT042200-00,0.9980,21.29,yes
2026-10-05T01:59:29.562064Z,KXSOL15M-26OCT042200-00,0.9980,32.33,yes
2026-10-05T01:59:30.006596Z,KXSOL15M-26OCT042200-00,0.9970,3.14,no
2026-10-05T01:59:30.051072Z,KXSOL15M-26OCT042200-00,0.9980,78.71,yes
2026-10-05T01:59:30.051072Z,KXSOL15M-26OCT042200-00,0.9980,21.29,yes
2026-10-05T01:59:30.088354Z,KXSOL15M-26OCT042200-00,0.9980,2.00,yes
2026-10-05T01:59:30.360895Z,KXSOL15M-26OCT042200-00,0.9970,30.00,no
2026-10-05T01:59:30.360895Z,KXSOL15M-26OCT042200-00,0.9970,13.40,no
2026-10-05T01:59:30.360895Z,KXSOL15M-26OCT042200-00,0.9970,32.86,no
2026-10-05T01:59:30.413725Z,KXSOL15M-26OCT042200-00,0.9980,0.20,yes
2026-10-05T01:59:30.455334Z,KXSOL15M-26OCT042200-00,0.9970,29.10,no
2026-10-05T01:59:31.840367Z,KXSOL15M-26OCT042200-00,0.9970,35.51,no
2026-10-05T01:59:31.840367Z,KXSOL15M-26OCT042200-00,0.9970,232.50,no
2026-10-05T01:59:31.865041Z,KXSOL15M-26OCT042200-00,0.9980,27.67,yes
2026-10-05T01:59:31.865041Z,KXSOL15M-26OCT042200-00,0.9980,10.00,yes
2026-10-05T01:59:31.865041Z,KXSOL15M-26OCT042200-00,0.9980,5.00,yes
2026-10-05T01:59:31.865041Z,KXSOL15M-26OCT042200-00,0.9980,16.51,yes
2026-10-05T01:59:31.865041Z,KXSOL15M-26OCT042200-00,0.9980,26.00,yes
2026-10-05T01:59:31.865041Z,KXSOL15M-26OCT042200-00,0.9980,3.00,yes
2026-10-05T01:59:31.865041Z,KXSOL15M-26OCT042200-00,0.9980,3.00,yes
2026-10-05T01:59:31.865041Z,KXSOL15M-26OCT042200-00,0.9980,3.00,yes
2026-10-05T01:59:31.865041Z,KXSOL15M-26OCT042200-00,0.9980,3.00,yes
2026-10-05T01:59:31.865041Z,KXSOL15M-26OCT042200-00,0.9980,3.00,yes
2026-10-05T01:59:32.49782Z,KXSOL15M-26OCT042200-00,0.9980,0.09,yes
2026-10-05T01:59:32.790512Z,KXSOL15M-26OCT042200-00,0.9930,21.00,no
2026-10-05T01:59:32.790512Z,KXSOL15M-26OCT042200-00,0.9930,665.04,no
2026-10-05T01:59:32.790512Z,KXSOL15M-26OCT042200-00,0.9940,48.99,no
2026-10-05T01:59:32.790512Z,KXSOL15M-26OCT042200-00,0.9970,0.20,no
2026-10-05T01:59:32.790512Z,KXSOL15M-26OCT042200-00,0.9970,21.29,no
2026-10-05T01:59:32.790512Z,KXSOL15M-26OCT042200-00,0.9970,2.00,no
2026-10-05T01:59:32.790512Z,KXSOL15M-26OCT042200-00,0.9970,87.00,no
2026-10-05T01:59:32.790512Z,KXSOL15M-26OCT042200-00,0.9970,16.51,no
2026-10-05T01:59:32.790512Z,KXSOL15M-26OCT042200-00,0.9960,3.00,no
2026-10-05T01:59:33.286683Z,KXSOL15M-26OCT042200-00,0.9970,0.01,no
2026-10-05T01:59:33.286683Z,KXSOL15M-26OCT042200-00,0.9970,5.27,no
2026-10-05T01:59:34.601943Z,KXSOL15M-26OCT042200-00,0.9970,0.10,no
2026-10-05T01:59:34.828433Z,KXSOL15M-26OCT042200-00,0.9980,16.00,yes
2026-10-05T01:59:34.828433Z,KXSOL15M-26OCT042200-00,0.9980,10.00,yes
2026-10-05T01:59:34.828433Z,KXSOL15M-26OCT042200-00,0.9980,138.78,yes
2026-10-05T01:59:35.224318Z,KXSOL15M-26OCT042200-00,0.9980,2.00,yes
2026-10-05T01:59:35.230181Z,KXSOL15M-26OCT042200-00,0.9980,47.00,yes
2026-10-05T01:59:35.58686Z,KXSOL15M-26OCT042200-00,0.9980,35.00,yes
2026-10-05T01:59:36.085601Z,KXSOL15M-26OCT042200-00,0.9980,100.18,yes
2026-10-05T01:59:36.322784Z,KXSOL15M-26OCT042200-00,0.9980,35.00,yes
2026-10-05T01:59:37.254992Z,KXSOL15M-26OCT042200-00,0.9980,16.28,yes
2026-10-05T01:59:37.582932Z,KXSOL15M-26OCT042200-00,0.9980,10.00,yes
2026-10-05T01:59:37.58739Z,KXSOL15M-26OCT042200-00,0.9980,7.00,yes
2026-10-05T01:59:37.59381Z,KXSOL15M-26OCT042200-00,0.9980,5.00,yes
2026-10-05T01:59:37.827379Z,KXSOL15M-26OCT042200-00,0.9980,5.00,yes
2026-10-05T01:59:37.83323Z,KXSOL15M-26OCT042200-00,0.9980,2.00,yes
2026-10-05T01:59:37.837012Z,KXSOL15M-26OCT042200-00,0.9980,2.00,yes
2026-10-05T01:59:37.84331Z,KXSOL15M-26OCT042200-00,0.9980,2.00,yes
2026-10-05T01:59:37.890062Z,KXSOL15M-26OCT042200-00,0.9980,2.00,yes
2026-10-05T01:59:37.897033Z,KXSOL15M-26OCT042200-00,0.9980,2.00,yes
2026-10-05T01:59:37.904134Z,KXSOL15M-26OCT042200-00,0.9980,2.00,yes
2026-10-05T01:59:37.909026Z,KXSOL15M-26OCT042200-00,0.9980,2.00,yes
2026-10-05T01:59:38.067456Z,KXSOL15M-26OCT042200-00,0.9980,2.00,yes
2026-10-05T01:59:38.07297Z,KXSOL15M-26OCT042200-00,0.9980,2.00,yes
2026-10-05T01:59:38.087413Z,KXSOL15M-26OCT042200-00,0.9980,2.00,yes
2026-10-05T01:59:38.278003Z,KXSOL15M-26OCT042200-00,0.9980,444.81,yes
2026-10-05T01:59:38.347597Z,KXSOL15M-26OCT042200-00,0.9980,2.00,yes
2026-10-05T01:59:38.58543Z,KXSOL15M-26OCT042200-00,0.9980,2.00,yes
2026-10-05T01:59:38.591381Z,KXSOL15M-26OCT042200-00,0.9980,2.00,yes
2026-10-05T01:59:38.596975Z,KXSOL15M-26OCT042200-00,0.9980,2.00,yes
2026-10-05T01:59:38.600887Z,KXSOL15M-26OCT042200-00,0.9980,2.00,yes
2026-10-05T01:59:38.605922Z,KXSOL15M-26OCT042200-00,0.9980,2.00,yes
2026-10-05T01:59:38.611951Z,KXSOL15M-26OCT042200-00,0.9980,2.00,yes
2026-10-05T01:59:38.617089Z,KXSOL15M-26OCT042200-00,0.9980,2.00,yes
2026-10-05T01:59:38.621854Z,KXSOL15M-26OCT042200-00,0.9980,1.32,yes
2026-10-05T01:59:38.858376Z,KXSOL15M-26OCT042200-00,0.9980,148.00,no
2026-10-05T01:59:38.858376Z,KXSOL15M-26OCT042200-00,0.9980,52.17,no
2026-10-05T01:59:38.858376Z,KXSOL15M-26OCT042200-00,0.9980,75.00,no
2026-10-05T01:59:39.893243Z,KXSOL15M-26OCT042200-00,0.9990,3.00,yes
2026-10-05T01:59:40.078916Z,KXSOL15M-26OCT042200-00,0.9960,52.46,no
2026-10-05T01:59:40.078916Z,KXSOL15M-26OCT042200-00,0.9980,153.00,no
2026-10-05T01:59:40.078916Z,KXSOL15M-26OCT042200-00,0.9970,0.01,no
2026-10-05T01:59:40.078916Z,KXSOL15M-26OCT042200-00,0.9980,2.83,no
2026-10-05T01:59:40.078916Z,KXSOL15M-26OCT042200-00,0.9980,104.00,no
2026-10-05T01:59:40.078916Z,KXSOL15M-26OCT042200-00,0.9970,100.00,no
2026-10-05T01:59:40.078916Z,KXSOL15M-26OCT042200-00,0.9960,27.00,no
2026-10-05T01:59:40.096682Z,KXSOL15M-26OCT042200-00,0.9980,344.00,yes
2026-10-05T01:59:40.104484Z,KXSOL15M-26OCT042200-00,0.9980,16.00,yes
2026-10-05T01:59:40.105197Z,KXSOL15M-26OCT042200-00,0.9990,150.00,yes
2026-10-05T01:59:40.164791Z,KXSOL15M-26OCT042200-00,0.9990,22.00,yes
2026-10-05T01:59:41.041184Z,KXSOL15M-26OCT042200-00,0.9990,33.00,yes
2026-10-05T01:59:41.041184Z,KXSOL15M-26OCT042200-00,0.9990,10.00,yes
2026-10-05T01:59:41.041184Z,KXSOL15M-26OCT042200-00,0.9990,54.00,yes
2026-10-05T01:59:41.041184Z,KXSOL15M-26OCT042200-00,0.9990,3.00,yes
2026-10-05T01:59:41.041184Z,KXSOL15M-26OCT042200-00,0.9990,40.00,yes
2026-10-05T01:59:41.041184Z,KXSOL15M-26OCT042200-00,0.9990,1.00,yes
2026-10-05T01:59:41.041184Z,KXSOL15M-26OCT042200-00,0.9990,125.00,yes
2026-10-05T01:59:41.041184Z,KXSOL15M-26OCT042200-00,0.9990,500.00,yes
2026-10-05T01:59:41.041184Z,KXSOL15M-26OCT042200-00,0.9990,200.00,yes
2026-10-05T01:59:41.041184Z,KXSOL15M-26OCT042200-00,0.9990,1.00,yes
2026-10-05T01:59:41.041184Z,KXSOL15M-26OCT042200-00,0.9990,1.00,yes
2026-10-05T01:59:41.119642Z,KXSOL15M-26OCT042200-00,0.9990,10.00,yes
2026-10-05T01:59:41.119642Z,KXSOL15M-26OCT042200-00,0.9990,33.00,yes
2026-10-05T01:59:41.708809Z,KXSOL15M-26OCT042200-00,0.9980,79.78,no
2026-10-05T01:59:41.728348Z,KXSOL15M-26OCT042200-00,0.9990,79.00,yes
2026-10-05T01:59:41.892144Z,KXSOL15M-26OCT042200-00,0.9990,0.78,yes
2026-10-05T01:59:41.892144Z,KXSOL15M-26OCT042200-00,0.9990,32.22,yes
2026-10-05T01:59:42.320967Z,KXSOL15M-26OCT042200-00,0.9980,6.58,no
2026-10-05T01:59:42.340875Z,KXSOL15M-26OCT042200-00,0.9990,6.00,yes
2026-10-05T01:59:42.450204Z,KXSOL15M-26OCT042200-00,0.9990,0.58,yes
2026-10-05T01:59:42.450204Z,KXSOL15M-26OCT042200-00,0.9990,32.42,yes
2026-10-05T01:59:43.096275Z,KXSOL15M-26OCT042200-00,0.9980,55.71,no
2026-10-05T01:59:43.118019Z,KXSOL15M-26OCT042200-00,0.9990,55.00,yes
2026-10-05T01:59:43.205649Z,KXSOL15M-26OCT042200-00,0.9990,0.71,yes
2026-10-05T01:59:43.205649Z,KXSOL15M-26OCT042200-00,0.9990,32.29,yes
2026-10-05T01:59:52.928654Z,KXSOL15M-26OCT042200-00,0.9990,842.38,no
2026-10-05T01:59:54.781211Z,KXSOL15M-26OCT042200-00,0.9990,6.09,no
2026-10-05T01:59:55.149455Z,KXSOL15M-26OCT042200-00,0.9990,5.00,no
2026-10-05T01:59:57.295775Z,KXSOL15M-26OCT042200-00,0.9990,6.14,no
2026-10-05T01:59:58.724006Z,KXSOL15M-26OCT042200-00,0.9990,93.02,no
2026-10-05T01:58:50.330862Z,KXZEC15M-26OCT042200-00,0.0220,1.02,no
2026-10-05T01:58:50.640518Z,KXZEC15M-26OCT042200-00,0.0220,15.26,no
2026-10-05T01:58:50.640518Z,KXZEC15M-26OCT042200-00,0.0220,0.03,no
2026-10-05T01:58:50.640518Z,KXZEC15M-26OCT042200-00,0.0200,0.03,no
2026-10-05T01:58:50.640518Z,KXZEC15M-26OCT042200-00,0.0190,20.00,no
2026-10-05T01:58:50.640518Z,KXZEC15M-26OCT042200-00,0.0180,8.70,no
2026-10-05T01:58:50.640518Z,KXZEC15M-26OCT042200-00,0.0200,5.98,no
2026-10-05T01:58:52.342835Z,KXZEC15M-26OCT042200-00,0.0310,15.82,yes
2026-10-05T01:58:52.342835Z,KXZEC15M-26OCT042200-00,0.0310,8.70,yes
2026-10-05T01:58:54.287132Z,KXZEC15M-26OCT042200-00,0.0360,5.00,yes
2026-10-05T01:58:54.287132Z,KXZEC15M-26OCT042200-00,0.0360,14.00,yes
2026-10-05T01:58:54.822383Z,KXZEC15M-26OCT042200-00,0.0150,50.00,no
2026-10-05T01:58:55.177841Z,KXZEC15M-26OCT042200-00,0.0190,20.00,no
2026-10-05T01:58:55.177841Z,KXZEC15M-26OCT042200-00,0.0190,20.00,no
2026-10-05T01:58:55.177841Z,KXZEC15M-26OCT042200-00,0.0190,4.31,no
2026-10-05T01:58:56.849199Z,KXZEC15M-26OCT042200-00,0.0390,39.54,no
2026-10-05T01:58:58.665685Z,KXZEC15M-26OCT042200-00,0.0400,20.00,yes
2026-10-05T01:58:58.665685Z,KXZEC15M-26OCT042200-00,0.0400,0.18,yes
2026-10-05T01:58:58.665685Z,KXZEC15M-26OCT042200-00,0.0400,26.67,yes
2026-10-05T01:58:59.437626Z,KXZEC15M-26OCT042200-00,0.0200,1.00,no
2026-10-05T01:58:59.437626Z,KXZEC15M-26OCT042200-00,0.0300,1.00,no
2026-10-05T01:58:59.437626Z,KXZEC15M-26OCT042200-00,0.0190,3.85,no
2026-10-05T01:58:59.437626Z,KXZEC15M-26OCT042200-00,0.0310,5.00,no
2026-10-05T01:59:00.062373Z,KXZEC15M-26OCT042200-00,0.0400,1.17,yes
2026-10-05T01:59:00.062373Z,KXZEC15M-26OCT042200-00,0.0380,0.03,yes
2026-10-05T01:59:00.062373Z,KXZEC15M-26OCT042200-00,0.0590,20.00,yes
2026-10-05T01:59:00.062373Z,KXZEC15M-26OCT042200-00,0.0410,0.03,yes
2026-10-05T01:59:00.062373Z,KXZEC15M-26OCT042200-00,0.0500,1.00,yes
2026-10-05T01:59:00.062373Z,KXZEC15M-26OCT042200-00,0.0380,20.00,yes
2026-10-05T01:59:00.062373Z,KXZEC15M-26OCT042200-00,0.0400,0.03,yes
2026-10-05T01:59:00.062373Z,KXZEC15M-26OCT042200-00,0.0400,1.00,yes
2026-10-05T01:59:00.062373Z,KXZEC15M-26OCT042200-00,0.0560,1.00,yes
2026-10-05T01:59:00.062373Z,KXZEC15M-26OCT042200-00,0.0600,167.88,yes
2026-10-05T01:59:04.177164Z,KXZEC15M-26OCT042200-00,0.0280,0.03,no
2026-10-05T01:59:04.177164Z,KXZEC15M-26OCT042200-00,0.0260,5.00,no
2026-10-05T01:59:05.313032Z,KXZEC15M-26OCT042200-00,0.0180,1.01,no
2026-10-05T01:59:06.62887Z,KXZEC15M-26OCT042200-00,0.0190,51.00,yes
2026-10-05T01:59:06.629136Z,KXZEC15M-26OCT042200-00,0.0200,1.15,yes
2026-10-05T01:59:06.629136Z,KXZEC15M-26OCT042200-00,0.0190,1.00,yes
2026-10-05T01:59:06.629136Z,KXZEC15M-26OCT042200-00,0.0200,19.97,yes
2026-10-05T01:59:06.629136Z,KXZEC15M-26OCT042200-00,0.0190,1.01,yes
2026-10-05T01:59:09.275124Z,KXZEC15M-26OCT042200-00,0.0130,14.00,no
2026-10-05T01:59:09.275124Z,KXZEC15M-26OCT042200-00,0.0130,20.00,no
2026-10-05T01:59:09.275182Z,KXZEC15M-26OCT042200-00,0.0130,12.00,no
2026-10-05T01:59:09.275182Z,KXZEC15M-26OCT042200-00,0.0120,20.00,no
2026-10-05T01:59:09.275182Z,KXZEC15M-26OCT042200-00,0.0110,1.00,no
2026-10-05T01:59:09.275182Z,KXZEC15M-26OCT042200-00,0.0100,5.00,no
2026-10-05T01:59:09.275182Z,KXZEC15M-26OCT042200-00,0.0110,20.00,no
2026-10-05T01:59:09.275182Z,KXZEC15M-26OCT042200-00,0.0110,1.00,no
2026-10-05T01:59:10.918176Z,KXZEC15M-26OCT042200-00,0.0190,4.92,yes
2026-10-05T01:59:11.172818Z,KXZEC15M-26OCT042200-00,0.0190,15.08,yes
2026-10-05T01:59:11.172818Z,KXZEC15M-26OCT042200-00,0.0190,5.00,yes
2026-10-05T01:59:11.172818Z,KXZEC15M-26OCT042200-00,0.0190,5.30,yes
2026-10-05T01:59:11.922009Z,KXZEC15M-26OCT042200-00,0.0110,0.50,no
2026-10-05T01:59:11.922009Z,KXZEC15M-26OCT042200-00,0.0110,3.36,no
2026-10-05T01:59:13.247784Z,KXZEC15M-26OCT042200-00,0.0110,7.78,yes
2026-10-05T01:59:13.247784Z,KXZEC15M-26OCT042200-00,0.0110,2.07,yes
2026-10-05T01:59:13.292466Z,KXZEC15M-26OCT042200-00,0.0100,1.00,no
2026-10-05T01:59:15.701264Z,KXZEC15M-26OCT042200-00,0.0100,5.00,no
2026-10-05T01:59:16.332122Z,KXZEC15M-26OCT042200-00,0.0100,5.00,no
2026-10-05T01:59:16.485527Z,KXZEC15M-26OCT042200-00,0.0100,35.00,no
2026-10-05T01:59:17.977457Z,KXZEC15M-26OCT042200-00,0.0130,14.70,yes
2026-10-05T01:59:17.977457Z,KXZEC15M-26OCT042200-00,0.0110,12.22,yes
2026-10-05T01:59:17.977457Z,KXZEC15M-26OCT042200-00,0.0110,0.69,yes
2026-10-05T01:59:17.977457Z,KXZEC15M-26OCT042200-00,0.0190,1.00,yes
2026-10-05T01:59:17.977457Z,KXZEC15M-26OCT042200-00,0.0180,0.50,yes
2026-10-05T01:59:17.977457Z,KXZEC15M-26OCT042200-00,0.0190,5.00,yes
2026-10-05T01:59:17.977457Z,KXZEC15M-26OCT042200-00,0.0110,3.00,yes
2026-10-05T01:59:17.977457Z,KXZEC15M-26OCT042200-00,0.0190,14.00,yes
2026-10-05T01:59:17.977457Z,KXZEC15M-26OCT042200-00,0.0190,5.00,yes
2026-10-05T01:59:18.098659Z,KXZEC15M-26OCT042200-00,0.0100,4.00,no
2026-10-05T01:59:18.896843Z,KXZEC15M-26OCT042200-00,0.0100,6.90,no
2026-10-05T01:59:18.896843Z,KXZEC15M-26OCT042200-00,0.0100,0.08,no
2026-10-05T01:59:18.896843Z,KXZEC15M-26OCT042200-00,0.0100,22.78,no
2026-10-05T01:59:18.896843Z,KXZEC15M-26OCT042200-00,0.0100,22.00,no
2026-10-05T01:59:18.896843Z,KXZEC15M-26OCT042200-00,0.0100,20.00,no
2026-10-05T01:59:18.896843Z,KXZEC15M-26OCT042200-00,0.0100,25.00,no
2026-10-05T01:59:19.542Z,KXZEC15M-26OCT042200-00,0.0190,14.89,yes
2026-10-05T01:59:19.542Z,KXZEC15M-26OCT042200-00,0.0190,4.00,yes
2026-10-05T01:59:19.542Z,KXZEC15M-26OCT042200-00,0.0110,20.00,yes
2026-10-05T01:59:19.542Z,KXZEC15M-26OCT042200-00,0.0100,4.88,yes
2026-10-05T01:59:19.542Z,KXZEC15M-26OCT042200-00,0.0190,21.00,yes
2026-10-05T01:59:19.542Z,KXZEC15M-26OCT042200-00,0.0180,46.00,yes
2026-10-05T01:59:19.789269Z,KXZEC15M-26OCT042200-00,0.0090,1.00,no
2026-10-05T01:59:20.232194Z,KXZEC15M-26OCT042200-00,0.0100,0.03,yes
2026-10-05T01:59:20.232194Z,KXZEC15M-26OCT042200-00,0.0100,1.00,yes
2026-10-05T01:59:20.232194Z,KXZEC15M-26OCT042200-00,0.0100,4.88,yes
2026-10-05T01:59:20.232194Z,KXZEC15M-26OCT042200-00,0.0110,54.25,yes
2026-10-05T01:59:20.446522Z,KXZEC15M-26OCT042200-00,0.0090,33.00,no
2026-10-05T01:59:20.446522Z,KXZEC15M-26OCT042200-00,0.0070,20.00,no
2026-10-05T01:59:20.446522Z,KXZEC15M-26OCT042200-00,0.0050,20.00,no
2026-10-05T01:59:20.446522Z,KXZEC15M-26OCT042200-00,0.0060,20.00,no
2026-10-05T01:59:20.446522Z,KXZEC15M-26OCT042200-00,0.0090,19.00,no
2026-10-05T01:59:20.446522Z,KXZEC15M-26OCT042200-00,0.0080,20.00,no
2026-10-05T01:59:20.446522Z,KXZEC15M-26OCT042200-00,0.0050,1.00,no
2026-10-05T01:59:20.446522Z,KXZEC15M-26OCT042200-00,0.0050,11.00,no
2026-10-05T01:59:22.749983Z,KXZEC15M-26OCT042200-00,0.0080,24.58,yes
2026-10-05T01:59:22.749983Z,KXZEC15M-26OCT042200-00,0.0080,20.00,yes
2026-10-05T01:59:22.749983Z,KXZEC15M-26OCT042200-00,0.0070,20.00,yes
2026-10-05T01:59:22.749983Z,KXZEC15M-26OCT042200-00,0.0080,0.03,yes
2026-10-05T01:59:22.749983Z,KXZEC15M-26OCT042200-00,0.0070,0.03,yes
2026-10-05T01:59:22.749983Z,KXZEC15M-26OCT042200-00,0.0080,50.00,yes
2026-10-05T01:59:22.749983Z,KXZEC15M-26OCT042200-00,0.0070,20.00,yes
2026-10-05T01:59:22.749983Z,KXZEC15M-26OCT042200-00,0.0080,5.00,yes
2026-10-05T01:59:22.749983Z,KXZEC15M-26OCT042200-00,0.0080,40.00,yes
2026-10-05T01:59:25.273119Z,KXZEC15M-26OCT042200-00,0.0030,25.34,no
2026-10-05T01:59:25.273119Z,KXZEC15M-26OCT042200-00,0.0030,18.00,no
2026-10-05T01:59:25.273119Z,KXZEC15M-26OCT042200-00,0.0040,13.00,no
2026-10-05T01:59:25.273119Z,KXZEC15M-26OCT042200-00,0.0040,1.00,no
2026-10-05T01:59:25.273119Z,KXZEC15M-26OCT042200-00,0.0030,2.00,no
2026-10-05T01:59:25.273119Z,KXZEC15M-26OCT042200-00,0.0040,1.00,no
2026-10-05T01:59:25.273119Z,KXZEC15M-26OCT042200-00,0.0030,2.00,no
2026-10-05T01:59:25.273119Z,KXZEC15M-26OCT042200-00,0.0030,2.00,no
2026-10-05T01:59:25.273119Z,KXZEC15M-26OCT042200-00,0.0040,1.00,no
2026-10-05T01:59:25.273119Z,KXZEC15M-26OCT042200-00,0.0040,1.00,no
2026-10-05T01:59:25.273119Z,KXZEC15M-26OCT042200-00,0.0030,2.00,no
2026-10-05T01:59:25.273119Z,KXZEC15M-26OCT042200-00,0.0040,1.00,no
2026-10-05T01:59:25.273119Z,KXZEC15M-26OCT042200-00,0.0030,2.00,no
2026-10-05T01:59:25.273119Z,KXZEC15M-26OCT042200-00,0.0040,20.00,no
2026-10-05T01:59:25.273119Z,KXZEC15M-26OCT042200-00,0.0030,20.00,no
2026-10-05T01:59:26.566956Z,KXZEC15M-26OCT042200-00,0.0020,53.00,no
2026-10-05T01:59:26.797104Z,KXZEC15M-26OCT042200-00,0.0020,84.97,no
2026-10-05T01:59:26.797104Z,KXZEC15M-26OCT042200-00,0.0020,0.03,no
2026-10-05T01:59:26.797104Z,KXZEC15M-26OCT042200-00,0.0020,7.00,no
2026-10-05T01:59:26.797104Z,KXZEC15M-26OCT042200-00,0.0020,3.00,no
2026-10-05T01:59:26.797104Z,KXZEC15M-26OCT042200-00,0.0020,26.00,no
2026-10-05T01:59:26.797104Z,KXZEC15M-26OCT042200-00,0.0020,3.00,no
2026-10-05T01:59:26.797104Z,KXZEC15M-26OCT042200-00,0.0020,3.00,no
2026-10-05T01:59:26.797104Z,KXZEC15M-26OCT042200-00,0.0020,3.00,no
2026-10-05T01:59:26.797104Z,KXZEC15M-26OCT042200-00,0.0020,3.00,no
2026-10-05T01:59:26.797104Z,KXZEC15M-26OCT042200-00,0.0020,200.00,no
2026-10-05T01:59:26.797104Z,KXZEC15M-26OCT042200-00,0.0020,47.00,no
2026-10-05T01:59:26.797104Z,KXZEC15M-26OCT042200-00,0.0020,20.00,no
2026-10-05T01:59:27.103995Z,KXZEC15M-26OCT042200-00,0.0020,0.03,no
2026-10-05T01:59:27.103995Z,KXZEC15M-26OCT042200-00,0.0020,7.00,no
2026-10-05T01:59:27.817531Z,KXZEC15M-26OCT042200-00,0.0020,22.92,yes
2026-10-05T01:59:29.246673Z,KXZEC15M-26OCT042200-00,0.0010,18.00,no
2026-10-05T01:59:29.377586Z,KXZEC15M-26OCT042200-00,0.0010,182.00,no
2026-10-05T01:59:29.377586Z,KXZEC15M-26OCT042200-00,0.0010,40.20,no
2026-10-05T01:59:30.057249Z,KXZEC15M-26OCT042200-00,0.0010,24.00,no
2026-10-05T01:59:30.057249Z,KXZEC15M-26OCT042200-00,0.0010,2.00,no
2026-10-05T01:59:30.057249Z,KXZEC15M-26OCT042200-00,0.0010,1.00,no
2026-10-05T01:59:30.057249Z,KXZEC15M-26OCT042200-00,0.0010,1.00,no
2026-10-05T01:59:30.057249Z,KXZEC15M-26OCT042200-00,0.0010,39.80,no
2026-10-05T01:59:30.057249Z,KXZEC15M-26OCT042200-00,0.0010,20.00,no
2026-10-05T01:59:30.057249Z,KXZEC15M-26OCT042200-00,0.0010,1.00,no
2026-10-05T01:59:35.548605Z,KXZEC15M-26OCT042200-00,0.0020,73.62,yes
2026-10-05T01:59:35.548605Z,KXZEC15M-26OCT042200-00,0.0020,18.00,yes
2026-10-05T01:59:38.680339Z,KXZEC15M-26OCT042200-00,0.0010,1.00,no
2026-10-05T01:59:38.873158Z,KXZEC15M-26OCT042200-00,0.0010,17.00,no
2026-10-05T01:59:38.873158Z,KXZEC15M-26OCT042200-00,0.0010,1.00,no
2026-10-05T01:59:09.896036Z,KXEURUSD15M-26OCT042200-30,0.0200,16.79,yes
2026-10-05T01:59:09.896036Z,KXEURUSD15M-26OCT042200-30,0.0200,30.00,yes
2026-10-05T01:59:21.927341Z,KXEURUSD15M-26OCT042200-30,0.0100,19.20,no
2026-10-05T01:59:21.927341Z,KXEURUSD15M-26OCT042200-30,0.0100,1.00,no
2026-10-05T01:59:21.927341Z,KXEURUSD15M-26OCT042200-30,0.0100,2.00,no
2026-10-05T01:59:21.937419Z,KXEURUSD15M-26OCT042200-30,0.0100,3.10,no
2026-10-05T01:59:21.937419Z,KXEURUSD15M-26OCT042200-30,0.0100,11.90,no
2026-10-05T01:59:32.90565Z,KXEURUSD15M-26OCT042200-30,0.0100,22.20,no
2026-10-05T01:59:33.71132Z,KXEURUSD15M-26OCT042200-30,0.0300,62.33,yes
2026-10-05T01:59:33.95742Z,KXEURUSD15M-26OCT042200-30,0.0100,0.10,no
2026-10-05T01:59:33.95742Z,KXEURUSD15M-26OCT042200-30,0.0100,2.00,no
2026-10-05T01:59:33.95742Z,KXEURUSD15M-26OCT042200-30,0.0100,1.00,no
2026-10-05T01:59:33.95742Z,KXEURUSD15M-26OCT042200-30,0.0100,125.90,no
2026-10-05T02:08:33.80997Z,KXBNB15M-26OCT042215-15,0.9900,40.00,yes
2026-10-05T02:08:36.023756Z,KXBNB15M-26OCT042215-15,0.9900,364.81,yes
2026-10-05T02:08:36.023756Z,KXBNB15M-26OCT042215-15,0.9900,370.02,yes
2026-10-05T02:08:36.546271Z,KXBNB15M-26OCT042215-15,0.9890,0.03,no
2026-10-05T02:08:43.038188Z,KXBNB15M-26OCT042215-15,0.9900,0.02,yes
2026-10-05T02:08:44.428485Z,KXBNB15M-26OCT042215-15,0.9810,41.00,no
2026-10-05T02:08:44.428485Z,KXBNB15M-26OCT042215-15,0.9870,2.00,no
2026-10-05T02:08:44.428485Z,KXBNB15M-26OCT042215-15,0.9810,0.82,no
2026-10-05T02:08:44.428485Z,KXBNB15M-26OCT042215-15,0.9880,2.00,no
2026-10-05T02:08:44.428485Z,KXBNB15M-26OCT042215-15,0.9870,2.00,no
2026-10-05T02:08:44.428485Z,KXBNB15M-26OCT042215-15,0.9890,0.03,no
2026-10-05T02:08:44.428485Z,KXBNB15M-26OCT042215-15,0.9850,0.04,no
2026-10-05T02:08:44.428485Z,KXBNB15M-26OCT042215-15,0.9880,0.04,no
2026-10-05T02:08:44.428485Z,KXBNB15M-26OCT042215-15,0.9870,0.04,no
2026-10-05T02:08:44.428485Z,KXBNB15M-26OCT042215-15,0.9810,0.04,no
2026-10-05T02:08:44.428485Z,KXBNB15M-26OCT042215-15,0.9860,0.04,no
2026-10-05T02:08:44.428485Z,KXBNB15M-26OCT042215-15,0.9840,0.05,no
2026-10-05T02:08:44.428485Z,KXBNB15M-26OCT042215-15,0.9820,0.03,no
2026-10-05T02:08:44.428485Z,KXBNB15M-26OCT042215-15,0.9830,0.03,no
2026-10-05T02:08:45.117546Z,KXBNB15M-26OCT042215-15,0.9900,6.56,yes
2026-10-05T02:08:50.030698Z,KXBNB15M-26OCT042215-15,0.9900,2.00,yes
2026-10-05T02:08:50.030698Z,KXBNB15M-26OCT042215-15,0.9900,2.76,yes
2026-10-05T02:08:50.030698Z,KXBNB15M-26OCT042215-15,0.9900,75.00,yes
2026-10-05T02:08:50.030698Z,KXBNB15M-26OCT042215-15,0.9900,100.00,yes
2026-10-05T02:08:50.030698Z,KXBNB15M-26OCT042215-15,0.9900,20.00,yes
2026-10-05T02:08:50.030698Z,KXBNB15M-26OCT042215-15,0.9900,138.61,yes
2026-10-05T02:08:50.030698Z,KXBNB15M-26OCT042215-15,0.9900,20.00,yes
2026-10-05T02:08:50.030698Z,KXBNB15M-26OCT042215-15,0.9900,25.00,yes
2026-10-05T02:08:50.763657Z,KXBNB15M-26OCT042215-15,0.9900,42.00,no
2026-10-05T02:08:50.951646Z,KXBNB15M-26OCT042215-15,0.9900,98.00,no
2026-10-05T02:08:54.317923Z,KXBNB15M-26OCT042215-15,0.9900,9.35,no
2026-10-05T02:09:08.624828Z,KXBNB15M-26OCT042215-15,0.9910,5.04,yes
2026-10-05T02:09:09.776833Z,KXBNB15M-26OCT042215-15,0.9900,48.00,no
2026-10-05T02:09:17.654237Z,KXBNB15M-26OCT042215-15,0.9900,333.00,no
2026-10-05T02:09:32.193113Z,KXBNB15M-26OCT042215-15,0.9910,14.96,yes
2026-10-05T02:09:32.798734Z,KXBNB15M-26OCT042215-15,0.9920,4.00,yes
2026-10-05T02:09:32.798734Z,KXBNB15M-26OCT042215-15,0.9920,20.00,yes
2026-10-05T02:09:38.088098Z,KXBNB15M-26OCT042215-15,0.9930,5.03,yes
2026-10-05T02:09:39.052632Z,KXBNB15M-26OCT042215-15,0.9930,14.97,yes
2026-10-05T02:09:39.592234Z,KXBNB15M-26OCT042215-15,0.9940,13.02,yes
2026-10-05T02:09:39.592234Z,KXBNB15M-26OCT042215-15,0.9940,20.00,yes
2026-10-05T02:09:42.615414Z,KXBNB15M-26OCT042215-15,0.9940,75.00,no
2026-10-05T02:09:42.615414Z,KXBNB15M-26OCT042215-15,0.9940,2.00,no
2026-10-05T02:09:42.615414Z,KXBNB15M-26OCT042215-15,0.9940,0.03,no
2026-10-05T02:09:48.376508Z,KXBNB15M-26OCT042215-15,0.9940,2.00,no
2026-10-05T02:09:48.376508Z,KXBNB15M-26OCT042215-15,0.9940,0.04,no
2026-10-05T02:09:51.864242Z,KXBNB15M-26OCT042215-15,0.9940,2.00,no
2026-10-05T02:09:51.864242Z,KXBNB15M-26OCT042215-15,0.9940,0.01,no
2026-10-05T02:09:51.864242Z,KXBNB15M-26OCT042215-15,0.9940,0.04,no
2026-10-05T02:09:51.864242Z,KXBNB15M-26OCT042215-15,0.9930,0.04,no
2026-10-05T02:09:51.864242Z,KXBNB15M-26OCT042215-15,0.9930,2.00,no
2026-10-05T02:09:51.864242Z,KXBNB15M-26OCT042215-15,0.9930,20.00,no
2026-10-05T02:09:56.16113Z,KXBNB15M-26OCT042215-15,0.9930,2.00,no
2026-10-05T02:09:56.16113Z,KXBNB15M-26OCT042215-15,0.9920,2.00,no
2026-10-05T02:09:56.16113Z,KXBNB15M-26OCT042215-15,0.9920,0.01,no
2026-10-05T02:09:56.16113Z,KXBNB15M-26OCT042215-15,0.9930,0.04,no
2026-10-05T02:09:56.16113Z,KXBNB15M-26OCT042215-15,0.9920,0.03,no
2026-10-05T02:09:56.16113Z,KXBNB15M-26OCT042215-15,0.9920,5.03,no
2026-10-05T02:09:56.16113Z,KXBNB15M-26OCT042215-15,0.9920,14.97,no
2026-10-05T02:10:03.431215Z,KXBNB15M-26OCT042215-15,0.9950,1.00,yes
2026-10-05T02:10:03.462486Z,KXBNB15M-26OCT042215-15,0.9950,1.00,yes
2026-10-05T02:10:10.290717Z,KXBNB15M-26OCT042215-15,0.9950,20.00,yes
2026-10-05T02:10:10.290717Z,KXBNB15M-26OCT042215-15,0.9950,29.00,yes
2026-10-05T02:10:10.290717Z,KXBNB15M-26OCT042215-15,0.9950,20.00,yes
2026-10-05T02:10:10.290717Z,KXBNB15M-26OCT042215-15,0.9950,11.00,yes
2026-10-05T02:10:10.713849Z,KXBNB15M-26OCT042215-15,0.9960,22.00,yes
2026-10-05T02:10:10.713849Z,KXBNB15M-26OCT042215-15,0.9960,20.00,yes
2026-10-05T02:10:10.713849Z,KXBNB15M-26OCT042215-15,0.9960,13.00,yes
2026-10-05T02:10:10.713849Z,KXBNB15M-26OCT042215-15,0.9960,1.00,yes
2026-10-05T02:10:10.713849Z,KXBNB15M-26OCT042215-15,0.9960,1.00,yes
2026-10-05T02:10:10.713849Z,KXBNB15M-26OCT042215-15,0.9960,1.00,yes
2026-10-05T02:10:10.713849Z,KXBNB15M-26OCT042215-15,0.9960,1.00,yes
2026-10-05T02:10:10.713849Z,KXBNB15M-26OCT042215-15,0.9960,1.00,yes
2026-10-05T02:10:13.814508Z,KXBNB15M-26OCT042215-15,0.9910,2.08,no
2026-10-05T02:10:13.814508Z,KXBNB15M-26OCT042215-15,0.9950,2.00,no
2026-10-05T02:10:13.814508Z,KXBNB15M-26OCT042215-15,0.9950,20.00,no
2026-10-05T02:10:13.814508Z,KXBNB15M-26OCT042215-15,0.9960,2.00,no
2026-10-05T02:10:13.814508Z,KXBNB15M-26OCT042215-15,0.9940,20.00,no
2026-10-05T02:10:15.66393Z,KXBNB15M-26OCT042215-15,0.9970,5.01,yes
2026-10-05T02:10:18.923071Z,KXBNB15M-26OCT042215-15,0.9900,13.14,no
2026-10-05T02:10:18.923071Z,KXBNB15M-26OCT042215-15,0.9900,5.04,no
2026-10-05T02:10:18.923071Z,KXBNB15M-26OCT042215-15,0.9910,17.92,no
2026-10-05T02:10:18.923071Z,KXBNB15M-26OCT042215-15,0.9900,14.96,no
2026-10-05T02:10:18.923071Z,KXBNB15M-26OCT042215-15,0.9900,34.86,no
2026-10-05T02:10:18.923071Z,KXBNB15M-26OCT042215-15,0.9920,5.00,no
2026-10-05T02:10:18.923071Z,KXBNB15M-26OCT042215-15,0.9930,2.00,no
2026-10-05T02:10:18.923071Z,KXBNB15M-26OCT042215-15,0.9940,2.00,no
2026-10-05T02:10:25.238207Z,KXBNB15M-26OCT042215-15,0.9970,15.88,yes
2026-10-05T02:10:31.455804Z,KXBNB15M-26OCT042215-15,0.9970,5.01,yes
2026-10-05T02:10:39.036965Z,KXBNB15M-26OCT042215-15,0.9970,9.35,yes
2026-10-05T02:10:42.778414Z,KXBNB15M-26OCT042215-15,0.9970,8.19,yes
2026-10-05T02:10:52.757785Z,KXBNB15M-26OCT042215-15,0.9970,55.00,yes
2026-10-05T02:11:05.618586Z,KXBNB15M-26OCT042215-15,0.9970,11.85,yes
2026-10-05T02:11:05.618586Z,KXBNB15M-26OCT042215-15,0.9970,1.56,yes
2026-10-05T02:11:07.562154Z,KXBNB15M-26OCT042215-15,0.9920,55.00,no
2026-10-05T02:11:07.562154Z,KXBNB15M-26OCT042215-15,0.9950,11.85,no
2026-10-05T02:11:07.562154Z,KXBNB15M-26OCT042215-15,0.9920,2.00,no
2026-10-05T02:11:07.562154Z,KXBNB15M-26OCT042215-15,0.9900,143.08,no
2026-10-05T02:11:07.562154Z,KXBNB15M-26OCT042215-15,0.9920,15.00,no
2026-10-05T02:11:07.562154Z,KXBNB15M-26OCT042215-15,0.9920,5.00,no
2026-10-05T02:11:07.562154Z,KXBNB15M-26OCT042215-15,0.9920,10.00,no
2026-10-05T02:11:07.562154Z,KXBNB15M-26OCT042215-15,0.9920,8.00,no
2026-10-05T02:11:07.562154Z,KXBNB15M-26OCT042215-15,0.9940,2.00,no
2026-10-05T02:11:07.562154Z,KXBNB15M-26OCT042215-15,0.9930,2.00,no
2026-10-05T02:11:07.562154Z,KXBNB15M-26OCT042215-15,0.9930,59.00,no
2026-10-05T02:11:10.468986Z,KXBNB15M-26OCT042215-15,0.9900,5.01,no
2026-10-05T02:11:20.312969Z,KXBNB15M-26OCT042215-15,0.9910,2.00,no
2026-10-05T02:11:20.312969Z,KXBNB15M-26OCT042215-15,0.9900,54.24,no
2026-10-05T02:11:22.265302Z,KXBNB15M-26OCT042215-15,0.9900,5.00,no
2026-10-05T02:11:26.996558Z,KXBNB15M-26OCT042215-15,0.9940,31.16,no
2026-10-05T02:11:32.267372Z,KXBNB15M-26OCT042215-15,0.9940,1.52,no
2026-10-05T02:11:35.832676Z,KXBNB15M-26OCT042215-15,0.9940,5.00,no
2026-10-05T02:11:45.44403Z,KXBNB15M-26OCT042215-15,0.9970,8.15,yes
2026-10-05T02:11:45.44403Z,KXBNB15M-26OCT042215-15,0.9970,79.85,yes
2026-10-05T02:11:50.033147Z,KXBNB15M-26OCT042215-15,0.9970,200.00,yes
2026-10-05T02:11:50.049191Z,KXBNB15M-26OCT042215-15,0.9970,200.00,yes
2026-10-05T02:11:50.063841Z,KXBNB15M-26OCT042215-15,0.9970,200.00,yes
2026-10-05T02:11:55.912885Z,KXBNB15M-26OCT042215-15,0.9910,2.00,no
2026-10-05T02:11:55.912885Z,KXBNB15M-26OCT042215-15,0.9940,7.32,no
2026-10-05T02:11:55.912885Z,KXBNB15M-26OCT042215-15,0.9950,8.15,no
2026-10-05T02:11:55.912885Z,KXBNB15M-26OCT042215-15,0.9950,79.85,no
2026-10-05T02:11:55.912885Z,KXBNB15M-26OCT042215-15,0.9910,1.00,no
2026-10-05T02:11:55.912885Z,KXBNB15M-26OCT042215-15,0.9910,2.00,no
2026-10-05T02:11:55.912885Z,KXBNB15M-26OCT042215-15,0.9910,2.00,no
2026-10-05T02:11:55.912885Z,KXBNB15M-26OCT042215-15,0.9950,200.00,no
2026-10-05T02:11:55.912885Z,KXBNB15M-26OCT042215-15,0.9950,200.00,no
2026-10-05T02:11:55.912885Z,KXBNB15M-26OCT042215-15,0.9950,200.00,no
2026-10-05T02:11:55.912885Z,KXBNB15M-26OCT042215-15,0.9900,112.22,no
2026-10-05T02:11:57.142914Z,KXBNB15M-26OCT042215-15,0.9970,0.50,yes
2026-10-05T02:12:01.108441Z,KXBNB15M-26OCT042215-15,0.9970,69.65,yes
2026-10-05T02:12:01.108441Z,KXBNB15M-26OCT042215-15,0.9970,2.00,yes
2026-10-05T02:12:01.108441Z,KXBNB15M-26OCT042215-15,0.9970,2.00,yes
2026-10-05T02:12:01.108441Z,KXBNB15M-26OCT042215-15,0.9970,2.00,yes
2026-10-05T02:12:01.108441Z,KXBNB15M-26OCT042215-15,0.9970,2.00,yes
2026-10-05T02:12:01.108441Z,KXBNB15M-26OCT042215-15,0.9970,2.00,yes
2026-10-05T02:12:01.108441Z,KXBNB15M-26OCT042215-15,0.9970,18.00,yes
2026-10-05T02:12:01.108441Z,KXBNB15M-26OCT042215-15,0.9970,13.00,yes
2026-10-05T02:12:01.129921Z,KXBNB15M-26OCT042215-15,0.9980,200.00,yes
2026-10-05T02:12:01.14787Z,KXBNB15M-26OCT042215-15,0.9980,200.00,yes
2026-10-05T02:12:01.162611Z,KXBNB15M-26OCT042215-15,0.9980,200.00,yes
2026-10-05T02:12:01.239407Z,KXBNB15M-26OCT042215-15,0.9980,20.00,yes
2026-10-05T02:12:01.239407Z,KXBNB15M-26OCT042215-15,0.9980,180.00,yes
2026-10-05T02:12:01.376276Z,KXBNB15M-26OCT042215-15,0.9980,200.00,yes
2026-10-05T02:12:01.395148Z,KXBNB15M-26OCT042215-15,0.9980,30.00,yes
2026-10-05T02:12:01.395148Z,KXBNB15M-26OCT042215-15,0.9980,120.00,yes
2026-10-05T02:12:01.395148Z,KXBNB15M-26OCT042215-15,0.9980,3.00,yes
2026-10-05T02:12:01.395148Z,KXBNB15M-26OCT042215-15,0.9980,3.00,yes
2026-10-05T02:12:01.395148Z,KXBNB15M-26OCT042215-15,0.9980,3.00,yes
2026-10-05T02:12:01.395148Z,KXBNB15M-26OCT042215-15,0.9980,3.00,yes
2026-10-05T02:12:01.395148Z,KXBNB15M-26OCT042215-15,0.9980,3.00,yes
2026-10-05T02:12:01.395148Z,KXBNB15M-26OCT042215-15,0.9980,26.00,yes
2026-10-05T02:12:01.395148Z,KXBNB15M-26OCT042215-15,0.9980,1.01,yes
2026-10-05T02:12:01.395148Z,KXBNB15M-26OCT042215-15,0.9980,1.00,yes
2026-10-05T02:12:01.395148Z,KXBNB15M-26OCT042215-15,0.9980,6.99,yes
2026-10-05T02:12:01.720541Z,KXBNB15M-26OCT042215-15,0.9980,10.01,yes
2026-10-05T02:12:01.720541Z,KXBNB15M-26OCT042215-15,0.9980,40.00,yes
2026-10-05T02:12:01.720541Z,KXBNB15M-26OCT042215-15,0.9980,149.99,yes
2026-10-05T02:12:01.736694Z,KXBNB15M-26OCT042215-15,0.9980,200.00,yes
2026-10-05T02:12:01.74986Z,KXBNB15M-26OCT042215-15,0.9980,19.99,yes
2026-10-05T02:12:01.74986Z,KXBNB15M-26OCT042215-15,0.9980,30.00,yes
2026-10-05T02:12:01.74986Z,KXBNB15M-26OCT042215-15,0.9980,150.01,yes
2026-10-05T02:12:01.800827Z,KXBNB15M-26OCT042215-15,0.9990,200.00,yes
2026-10-05T02:12:01.884977Z,KXBNB15M-26OCT042215-15,0.9990,200.00,yes
2026-10-05T02:12:01.935396Z,KXBNB15M-26OCT042215-15,0.9980,30.00,yes
2026-10-05T02:12:01.935396Z,KXBNB15M-26OCT042215-15,0.9980,20.00,yes
2026-10-05T02:12:01.990085Z,KXBNB15M-26OCT042215-15,0.9990,200.00,yes
2026-10-05T02:12:02.061538Z,KXBNB15M-26OCT042215-15,0.9990,200.00,yes
2026-10-05T02:12:02.152248Z,KXBNB15M-26OCT042215-15,0.9990,200.00,yes
2026-10-05T02:12:05.119695Z,KXBNB15M-26OCT042215-15,0.9980,10.00,yes
2026-10-05T02:12:05.351814Z,KXBNB15M-26OCT042215-15,0.9980,6.00,yes
2026-10-05T02:12:05.674711Z,KXBNB15M-26OCT042215-15,0.9990,1.00,yes
2026-10-05T02:12:05.674711Z,KXBNB15M-26OCT042215-15,0.9980,40.00,yes
2026-10-05T02:12:05.674711Z,KXBNB15M-26OCT042215-15,0.9980,14.00,yes
2026-10-05T02:12:05.691257Z,KXBNB15M-26OCT042215-15,0.9990,200.00,yes
2026-10-05T02:12:05.704366Z,KXBNB15M-26OCT042215-15,0.9990,200.00,yes
2026-10-05T02:12:05.72078Z,KXBNB15M-26OCT042215-15,0.9990,200.00,yes
2026-10-05T02:12:05.787484Z,KXBNB15M-26OCT042215-15,0.9990,130.00,yes
2026-10-05T02:12:05.787484Z,KXBNB15M-26OCT042215-15,0.9980,40.00,yes
2026-10-05T02:12:05.787484Z,KXBNB15M-26OCT042215-15,0.9980,30.00,yes
2026-10-05T02:12:05.897859Z,KXBNB15M-26OCT042215-15,0.9990,200.00,yes
2026-10-05T02:12:05.9765Z,KXBNB15M-26OCT042215-15,0.9990,200.00,yes
2026-10-05T02:12:06.049812Z,KXBNB15M-26OCT042215-15,0.9990,44.00,yes
2026-10-05T02:12:06.049812Z,KXBNB15M-26OCT042215-15,0.9990,20.00,yes
2026-10-05T02:12:06.049812Z,KXBNB15M-26OCT042215-15,0.9990,1.00,yes
2026-10-05T02:12:06.049812Z,KXBNB15M-26OCT042215-15,0.9990,1.00,yes
2026-10-05T02:12:06.049812Z,KXBNB15M-26OCT042215-15,0.9990,34.00,yes
2026-10-05T02:12:06.049812Z,KXBNB15M-26OCT042215-15,0.9990,100.00,yes
2026-10-05T02:12:06.136627Z,KXBNB15M-26OCT042215-15,0.9990,159.00,yes
2026-10-05T02:12:06.757395Z,KXBNB15M-26OCT042215-15,0.9990,78.00,yes
2026-10-05T02:12:06.857331Z,KXBNB15M-26OCT042215-15,0.9990,365.44,yes
2026-10-05T02:12:06.984532Z,KXBNB15M-26OCT042215-15,0.9990,843.77,yes
2026-10-05T02:12:07.015801Z,KXBNB15M-26OCT042215-15,0.9990,731.18,yes
2026-10-05T02:12:07.388437Z,KXBNB15M-26OCT042215-15,0.9990,30.00,yes
2026-10-05T02:12:07.388437Z,KXBNB15M-26OCT042215-15,0.9990,278.61,yes
2026-10-05T02:12:07.388437Z,KXBNB15M-26OCT042215-15,0.9990,1.00,yes
2026-10-05T02:12:07.388437Z,KXBNB15M-26OCT042215-15,0.9990,17.00,yes
2026-10-05T02:12:07.388437Z,KXBNB15M-26OCT042215-15,0.9990,8.00,yes
2026-10-05T02:12:07.388437Z,KXBNB15M-26OCT042215-15,0.9990,8.00,yes
2026-10-05T02:12:07.388437Z,KXBNB15M-26OCT042215-15,0.9990,2.00,yes
2026-10-05T02:12:07.388437Z,KXBNB15M-26OCT042215-15,0.9990,4.00,yes
2026-10-05T02:12:07.388437Z,KXBNB15M-26OCT042215-15,0.9990,2.00,yes
2026-10-05T02:12:07.388437Z,KXBNB15M-26OCT042215-15,0.9990,7.00,yes
2026-10-05T02:12:07.388437Z,KXBNB15M-26OCT042215-15,0.9990,2.00,yes
2026-10-05T02:12:07.388437Z,KXBNB15M-26OCT042215-15,0.9990,2.00,yes
2026-10-05T02:12:07.388437Z,KXBNB15M-26OCT042215-15,0.9990,2.00,yes
2026-10-05T02:12:09.057451Z,KXBNB15M-26OCT042215-15,0.9990,17.00,yes
2026-10-05T02:12:09.057451Z,KXBNB15M-26OCT042215-15,0.9990,30.00,yes
2026-10-05T02:12:09.057451Z,KXBNB15M-26OCT042215-15,0.9990,3.00,yes
2026-10-05T02:12:09.057451Z,KXBNB15M-26OCT042215-15,0.9990,150.00,yes
2026-10-05T02:12:09.058152Z,KXBNB15M-26OCT042215-15,0.9990,200.00,yes
2026-10-05T02:12:09.058158Z,KXBNB15M-26OCT042215-15,0.9990,200.00,yes
2026-10-05T02:12:09.058189Z,KXBNB15M-26OCT042215-15,0.9990,130.00,yes
2026-10-05T02:12:09.058212Z,KXBNB15M-26OCT042215-15,0.9990,200.00,yes
2026-10-05T02:12:09.058247Z,KXBNB15M-26OCT042215-15,0.9990,200.00,yes
2026-10-05T02:12:09.058493Z,KXBNB15M-26OCT042215-15,0.9990,200.00,yes
2026-10-05T02:12:09.058516Z,KXBNB15M-26OCT042215-15,0.9990,200.00,yes
2026-10-05T02:12:09.058801Z,KXBNB15M-26OCT042215-15,0.9990,200.00,yes
2026-10-05T02:12:09.059344Z,KXBNB15M-26OCT042215-15,0.9990,200.00,yes
2026-10-05T02:12:09.059348Z,KXBNB15M-26OCT042215-15,0.9990,200.00,yes
2026-10-05T02:12:09.059704Z,KXBNB15M-26OCT042215-15,0.9990,35.00,yes
2026-10-05T02:12:10.345526Z,KXBNB15M-26OCT042215-15,0.9980,159.00,no
2026-10-05T02:12:10.345526Z,KXBNB15M-26OCT042215-15,0.9980,44.00,no
2026-10-05T02:12:10.345526Z,KXBNB15M-26OCT042215-15,0.9980,20.00,no
2026-10-05T02:12:10.345526Z,KXBNB15M-26OCT042215-15,0.9980,0.05,no
2026-10-05T02:12:10.345526Z,KXBNB15M-26OCT042215-15,0.9980,100.00,no
2026-10-05T02:12:10.345526Z,KXBNB15M-26OCT042215-15,0.9980,34.96,no
2026-10-05T02:12:10.345526Z,KXBNB15M-26OCT042215-15,0.9980,100.00,no
2026-10-05T02:12:12.208323Z,KXBNB15M-26OCT042215-15,0.9990,385.00,yes
2026-10-05T02:12:12.208323Z,KXBNB15M-26OCT042215-15,0.9990,59.00,yes
2026-10-05T02:12:12.208323Z,KXBNB15M-26OCT042215-15,0.9990,100.00,yes
2026-10-05T02:12:12.208323Z,KXBNB15M-26OCT042215-15,0.9990,17.00,yes
2026-10-05T02:12:12.208323Z,KXBNB15M-26OCT042215-15,0.9990,4.00,yes
2026-10-05T02:12:16.202749Z,KXBNB15M-26OCT042215-15,0.9990,3.29,no
2026-10-05T02:12:20.798407Z,KXBNB15M-26OCT042215-15,0.9990,775.71,no
2026-10-05T02:12:20.798407Z,KXBNB15M-26OCT042215-15,0.9990,124.29,no
2026-10-05T02:12:20.798407Z,KXBNB15M-26OCT042215-15,0.9990,100.00,no
2026-10-05T02:12:29.723683Z,KXBNB15M-26OCT042215-15,0.9990,5.03,no
2026-10-05T02:12:35.44706Z,KXBNB15M-26OCT042215-15,0.9990,180.00,no
2026-10-05T02:12:49.11329Z,KXBNB15M-26OCT042215-15,0.9990,0.50,no
2026-10-05T02:12:49.11329Z,KXBNB15M-26OCT042215-15,0.9990,150.01,no
2026-10-05T02:12:49.11329Z,KXBNB15M-26OCT042215-15,0.9990,200.00,no
2026-10-05T02:12:49.11329Z,KXBNB15M-26OCT042215-15,0.9990,200.00,no
2026-10-05T02:12:49.11329Z,KXBNB15M-26OCT042215-15,0.9990,180.00,no
2026-10-05T02:12:49.11329Z,KXBNB15M-26OCT042215-15,0.9990,120.00,no
2026-10-05T02:12:49.11329Z,KXBNB15M-26OCT042215-15,0.9990,149.99,no
2026-10-05T02:12:49.11329Z,KXBNB15M-26OCT042215-15,0.9990,69.65,no
2026-10-05T02:12:49.11329Z,KXBNB15M-26OCT042215-15,0.9990,731.18,no
2026-10-05T02:12:49.11329Z,KXBNB15M-26OCT042215-15,0.9990,843.77,no
2026-10-05T02:12:49.11329Z,KXBNB15M-26OCT042215-15,0.9990,278.61,no
2026-10-05T02:12:49.11329Z,KXBNB15M-26OCT042215-15,0.9990,43.04,no
2026-10-05T02:12:49.11329Z,KXBNB15M-26OCT042215-15,0.9990,75.68,no
2026-10-05T02:12:49.11329Z,KXBNB15M-26OCT042215-15,0.9990,200.00,no
2026-10-05T02:12:49.11329Z,KXBNB15M-26OCT042215-15,0.9990,200.00,no
2026-10-05T02:12:49.11329Z,KXBNB15M-26OCT042215-15,0.9990,130.00,no
2026-10-05T02:12:49.11329Z,KXBNB15M-26OCT042215-15,0.9990,200.00,no
2026-10-05T02:12:49.11329Z,KXBNB15M-26OCT042215-15,0.9990,200.00,no
2026-10-05T02:12:49.11329Z,KXBNB15M-26OCT042215-15,0.9990,200.00,no
2026-10-05T02:12:49.11329Z,KXBNB15M-26OCT042215-15,0.9990,35.00,no
2026-10-05T02:12:49.11329Z,KXBNB15M-26OCT042215-15,0.9990,172.34,no
2026-10-05T02:12:49.11329Z,KXBNB15M-26OCT042215-15,0.9990,200.00,no
2026-10-05T02:12:57.052479Z,KXBNB15M-26OCT042215-15,0.9990,338.33,no
2026-10-05T02:12:57.052479Z,KXBNB15M-26OCT042215-15,0.9990,27.66,no
2026-10-05T02:12:57.052479Z,KXBNB15M-26OCT042215-15,0.9990,150.00,no
2026-10-05T02:12:57.052479Z,KXBNB15M-26OCT042215-15,0.9990,200.00,no
2026-10-05T02:12:57.052479Z,KXBNB15M-26OCT042215-15,0.9990,200.00,no
2026-10-05T02:13:37.598862Z,KXBNB15M-26OCT042215-15,0.9990,560.00,no
2026-10-05T02:13:37.598862Z,KXBNB15M-26OCT042215-15,0.9990,20.00,no
2026-10-05T02:13:37.598862Z,KXBNB15M-26OCT042215-15,0.9990,20.00,no
2026-10-05T02:13:37.598862Z,KXBNB15M-26OCT042215-15,0.9990,20.00,no
2026-10-05T02:13:37.598862Z,KXBNB15M-26OCT042215-15,0.9990,20.00,no
2026-10-05T02:13:37.598862Z,KXBNB15M-26OCT042215-15,0.9990,20.00,no
2026-10-05T02:13:37.598862Z,KXBNB15M-26OCT042215-15,0.9990,20.00,no
2026-10-05T02:13:37.598862Z,KXBNB15M-26OCT042215-15,0.9990,17.00,no
2026-10-05T02:13:37.598862Z,KXBNB15M-26OCT042215-15,0.9990,27.11,no
2026-10-05T02:13:37.598862Z,KXBNB15M-26OCT042215-15,0.9990,140.75,no
2026-10-05T02:13:37.598862Z,KXBNB15M-26OCT042215-15,0.9990,62.00,no
2026-10-05T02:14:44.725598Z,KXBNB15M-26OCT042215-15,0.9990,90.00,no
2026-10-05T02:09:15.459021Z,KXNEAR15M-26OCT042215-15,0.9760,0.03,no
2026-10-05T02:09:15.459021Z,KXNEAR15M-26OCT042215-15,0.9760,5.00,no
2026-10-05T02:09:16.427724Z,KXNEAR15M-26OCT042215-15,0.9780,0.77,yes
2026-10-05T02:09:16.430459Z,KXNEAR15M-26OCT042215-15,0.9780,1.23,yes
2026-10-05T02:09:17.098107Z,KXNEAR15M-26OCT042215-15,0.9800,33.37,no
2026-10-05T02:09:17.929538Z,KXNEAR15M-26OCT042215-15,0.9760,0.03,no
2026-10-05T02:09:24.421381Z,KXNEAR15M-26OCT042215-15,0.9780,3.00,no
2026-10-05T02:09:25.613374Z,KXNEAR15M-26OCT042215-15,0.9810,0.79,yes
2026-10-05T02:09:29.575322Z,KXNEAR15M-26OCT042215-15,0.9780,36.99,no
2026-10-05T02:09:29.575322Z,KXNEAR15M-26OCT042215-15,0.9820,2.00,no
2026-10-05T02:09:29.979113Z,KXNEAR15M-26OCT042215-15,0.9740,0.03,no
2026-10-05T02:09:29.979113Z,KXNEAR15M-26OCT042215-15,0.9710,0.04,no
2026-10-05T02:09:29.979113Z,KXNEAR15M-26OCT042215-15,0.9730,0.03,no
2026-10-05T02:09:29.979113Z,KXNEAR15M-26OCT042215-15,0.9720,0.03,no
2026-10-05T02:09:29.979113Z,KXNEAR15M-26OCT042215-15,0.9710,3.20,no
2026-10-05T02:09:29.979113Z,KXNEAR15M-26OCT042215-15,0.9710,1.00,no
2026-10-05T02:09:29.979113Z,KXNEAR15M-26OCT042215-15,0.9740,1.00,no
2026-10-05T02:09:29.979113Z,KXNEAR15M-26OCT042215-15,0.9750,5.00,no
2026-10-05T02:09:29.979113Z,KXNEAR15M-26OCT042215-15,0.9770,0.01,no
2026-10-05T02:09:29.979113Z,KXNEAR15M-26OCT042215-15,0.9780,10.00,no
2026-10-05T02:09:29.979113Z,KXNEAR15M-26OCT042215-15,0.9740,0.03,no
2026-10-05T02:09:29.979113Z,KXNEAR15M-26OCT042215-15,0.9730,0.03,no
2026-10-05T02:09:32.304019Z,KXNEAR15M-26OCT042215-15,0.9800,2.00,no
2026-10-05T02:09:32.304019Z,KXNEAR15M-26OCT042215-15,0.9810,1.00,no
2026-10-05T02:09:32.93249Z,KXNEAR15M-26OCT042215-15,0.9760,100.00,no
2026-10-05T02:09:32.93249Z,KXNEAR15M-26OCT042215-15,0.9790,0.01,no
2026-10-05T02:09:32.93249Z,KXNEAR15M-26OCT042215-15,0.9750,2.92,no
2026-10-05T02:09:32.93249Z,KXNEAR15M-26OCT042215-15,0.9790,4.00,no
2026-10-05T02:09:32.93249Z,KXNEAR15M-26OCT042215-15,0.9770,7.00,no
2026-10-05T02:09:33.194813Z,KXNEAR15M-26OCT042215-15,0.9810,2.00,yes
2026-10-05T02:09:34.563076Z,KXNEAR15M-26OCT042215-15,0.9820,0.03,yes
2026-10-05T02:09:34.579558Z,KXNEAR15M-26OCT042215-15,0.9820,0.97,no
2026-10-05T02:09:34.579558Z,KXNEAR15M-26OCT042215-15,0.9820,7.00,no
2026-10-05T02:09:34.579558Z,KXNEAR15M-26OCT042215-15,0.9810,1.00,no
2026-10-05T02:09:34.584407Z,KXNEAR15M-26OCT042215-15,0.9830,0.97,yes
2026-10-05T02:09:34.584407Z,KXNEAR15M-26OCT042215-15,0.9830,0.03,yes
2026-10-05T02:09:36.293115Z,KXNEAR15M-26OCT042215-15,0.9830,3.00,yes
2026-10-05T02:09:37.041478Z,KXNEAR15M-26OCT042215-15,0.9840,0.80,yes
2026-10-05T02:09:37.35312Z,KXNEAR15M-26OCT042215-15,0.9840,2.00,yes
2026-10-05T02:09:37.35762Z,KXNEAR15M-26OCT042215-15,0.9830,2.00,no
2026-10-05T02:09:37.35762Z,KXNEAR15M-26OCT042215-15,0.9830,5.00,no
2026-10-05T02:09:37.359445Z,KXNEAR15M-26OCT042215-15,0.9840,1.00,yes
2026-10-05T02:09:38.107851Z,KXNEAR15M-26OCT042215-15,0.9830,56.39,no
2026-10-05T02:09:40.147121Z,KXNEAR15M-26OCT042215-15,0.9840,1.00,yes
2026-10-05T02:09:40.151799Z,KXNEAR15M-26OCT042215-15,0.9840,1.00,yes
2026-10-05T02:09:40.284014Z,KXNEAR15M-26OCT042215-15,0.9840,0.69,yes
2026-10-05T02:09:40.284014Z,KXNEAR15M-26OCT042215-15,0.9850,4.38,yes
2026-10-05T02:09:40.305163Z,KXNEAR15M-26OCT042215-15,0.9840,24.80,no
2026-10-05T02:09:40.606705Z,KXNEAR15M-26OCT042215-15,0.9830,1.00,no
2026-10-05T02:09:40.606705Z,KXNEAR15M-26OCT042215-15,0.9840,7.00,no
2026-10-05T02:09:40.866925Z,KXNEAR15M-26OCT042215-15,0.9850,0.02,yes
2026-10-05T02:09:40.866925Z,KXNEAR15M-26OCT042215-15,0.9850,0.98,yes
2026-10-05T02:09:40.866925Z,KXNEAR15M-26OCT042215-15,0.9850,30.00,yes
2026-10-05T02:09:40.866925Z,KXNEAR15M-26OCT042215-15,0.9850,5.62,yes
2026-10-05T02:09:40.873453Z,KXNEAR15M-26OCT042215-15,0.9850,24.98,no
2026-10-05T02:09:40.883635Z,KXNEAR15M-26OCT042215-15,0.9860,1.35,yes
2026-10-05T02:09:40.883635Z,KXNEAR15M-26OCT042215-15,0.9870,3.00,yes
2026-10-05T02:09:40.883635Z,KXNEAR15M-26OCT042215-15,0.9870,0.03,yes
2026-10-05T02:09:40.883635Z,KXNEAR15M-26OCT042215-15,0.9860,0.03,yes
2026-10-05T02:09:40.883635Z,KXNEAR15M-26OCT042215-15,0.9880,0.03,yes
2026-10-05T02:09:40.883635Z,KXNEAR15M-26OCT042215-15,0.9880,2.00,yes
2026-10-05T02:09:40.883635Z,KXNEAR15M-26OCT042215-15,0.9880,4.03,yes
2026-10-05T02:09:40.883635Z,KXNEAR15M-26OCT042215-15,0.9860,8.00,yes
2026-10-05T02:09:40.883635Z,KXNEAR15M-26OCT042215-15,0.9870,10.00,yes
2026-10-05T02:09:40.883635Z,KXNEAR15M-26OCT042215-15,0.9860,10.00,yes
2026-10-05T02:09:40.883635Z,KXNEAR15M-26OCT042215-15,0.9890,61.53,yes
2026-10-05T02:09:41.071706Z,KXNEAR15M-26OCT042215-15,0.9850,36.96,no
2026-10-05T02:09:42.132804Z,KXNEAR15M-26OCT042215-15,0.9880,1.01,yes
2026-10-05T02:09:42.802034Z,KXNEAR15M-26OCT042215-15,0.9870,0.03,no
2026-10-05T02:09:42.802034Z,KXNEAR15M-26OCT042215-15,0.9870,2.00,no
2026-10-05T02:09:44.289164Z,KXNEAR15M-26OCT042215-15,0.9870,2.00,yes
2026-10-05T02:09:44.289164Z,KXNEAR15M-26OCT042215-15,0.9880,0.99,yes
2026-10-05T02:09:44.289164Z,KXNEAR15M-26OCT042215-15,0.9880,0.04,yes
2026-10-05T02:09:44.890707Z,KXNEAR15M-26OCT042215-15,0.9880,1.00,yes
2026-10-05T02:09:46.547562Z,KXNEAR15M-26OCT042215-15,0.9860,1.97,no
2026-10-05T02:09:46.547562Z,KXNEAR15M-26OCT042215-15,0.9870,0.03,no
2026-10-05T02:09:46.547562Z,KXNEAR15M-26OCT042215-15,0.9870,3.00,no
2026-10-05T02:09:46.547562Z,KXNEAR15M-26OCT042215-15,0.9870,2.00,no
2026-10-05T02:09:46.547562Z,KXNEAR15M-26OCT042215-15,0.9860,0.03,no
2026-10-05T02:09:52.693652Z,KXNEAR15M-26OCT042215-15,0.9870,3.00,no
2026-10-05T02:09:52.693652Z,KXNEAR15M-26OCT042215-15,0.9870,2.00,no
2026-10-05T02:09:52.693652Z,KXNEAR15M-26OCT042215-15,0.9870,0.03,no
2026-10-05T02:09:53.587451Z,KXNEAR15M-26OCT042215-15,0.9870,6.00,no
2026-10-05T02:09:53.587451Z,KXNEAR15M-26OCT042215-15,0.9870,0.03,no
2026-10-05T02:09:54.081945Z,KXNEAR15M-26OCT042215-15,0.9850,101.00,no
2026-10-05T02:09:54.081945Z,KXNEAR15M-26OCT042215-15,0.9860,1.00,no
2026-10-05T02:09:54.081945Z,KXNEAR15M-26OCT042215-15,0.9860,0.03,no
2026-10-05T02:09:54.081945Z,KXNEAR15M-26OCT042215-15,0.9860,2.03,no
2026-10-05T02:09:54.081945Z,KXNEAR15M-26OCT042215-15,0.9830,72.98,no
2026-10-05T02:09:54.081945Z,KXNEAR15M-26OCT042215-15,0.9850,0.03,no
2026-10-05T02:09:54.081945Z,KXNEAR15M-26OCT042215-15,0.9840,0.03,no
2026-10-05T02:09:54.081945Z,KXNEAR15M-26OCT042215-15,0.9830,0.04,no
2026-10-05T02:09:55.103045Z,KXNEAR15M-26OCT042215-15,0.9860,4.00,no
2026-10-05T02:09:55.103045Z,KXNEAR15M-26OCT042215-15,0.9860,20.80,no
2026-10-05T02:09:55.418682Z,KXNEAR15M-26OCT042215-15,0.9850,0.03,no
2026-10-05T02:09:55.418682Z,KXNEAR15M-26OCT042215-15,0.9840,0.03,no
2026-10-05T02:09:55.418682Z,KXNEAR15M-26OCT042215-15,0.9830,0.03,no
2026-10-05T02:09:55.418682Z,KXNEAR15M-26OCT042215-15,0.9800,3.78,no
2026-10-05T02:09:55.418682Z,KXNEAR15M-26OCT042215-15,0.9810,0.05,no
2026-10-05T02:09:55.418682Z,KXNEAR15M-26OCT042215-15,0.9820,0.04,no
2026-10-05T02:09:55.418682Z,KXNEAR15M-26OCT042215-15,0.9800,0.06,no
2026-10-05T02:09:55.418682Z,KXNEAR15M-26OCT042215-15,0.9820,1.00,no
2026-10-05T02:09:55.418682Z,KXNEAR15M-26OCT042215-15,0.9810,1.00,no
2026-10-05T02:09:55.418682Z,KXNEAR15M-26OCT042215-15,0.9810,5.00,no
2026-10-05T02:09:55.418682Z,KXNEAR15M-26OCT042215-15,0.9800,1.00,no
2026-10-05T02:09:56.220233Z,KXNEAR15M-26OCT042215-15,0.9870,25.01,no
2026-10-05T02:09:58.841421Z,KXNEAR15M-26OCT042215-15,0.9880,25.00,no
2026-10-05T02:10:00.134165Z,KXNEAR15M-26OCT042215-15,0.9880,2.00,yes
2026-10-05T02:10:00.134165Z,KXNEAR15M-26OCT042215-15,0.9890,0.03,yes
2026-10-05T02:10:00.134165Z,KXNEAR15M-26OCT042215-15,0.9880,3.96,yes
2026-10-05T02:10:00.134165Z,KXNEAR15M-26OCT042215-15,0.9900,10.00,yes
2026-10-05T02:10:00.134165Z,KXNEAR15M-26OCT042215-15,0.9900,59.54,yes
2026-10-05T02:10:00.134165Z,KXNEAR15M-26OCT042215-15,0.9890,39.47,yes
2026-10-05T02:10:00.134165Z,KXNEAR15M-26OCT042215-15,0.9890,10.00,yes
2026-10-05T02:10:00.134165Z,KXNEAR15M-26OCT042215-15,0.9890,2.00,yes
2026-10-05T02:10:00.134165Z,KXNEAR15M-26OCT042215-15,0.9890,20.00,yes
2026-10-05T02:10:00.134165Z,KXNEAR15M-26OCT042215-15,0.9890,1.00,yes
2026-10-05T02:10:00.134165Z,KXNEAR15M-26OCT042215-15,0.9890,100.00,yes
2026-10-05T02:10:00.134165Z,KXNEAR15M-26OCT042215-15,0.9890,2.00,yes
2026-10-05T02:10:00.351417Z,KXNEAR15M-26OCT042215-15,0.9890,24.99,no
2026-10-05T02:10:00.749968Z,KXNEAR15M-26OCT042215-15,0.9900,0.01,yes
2026-10-05T02:10:02.153897Z,KXNEAR15M-26OCT042215-15,0.9900,10.00,yes
2026-10-05T02:10:02.167521Z,KXNEAR15M-26OCT042215-15,0.9900,8.00,yes
2026-10-05T02:10:02.167521Z,KXNEAR15M-26OCT042215-15,0.9900,11.15,yes
2026-10-05T02:10:02.167521Z,KXNEAR15M-26OCT042215-15,0.9900,5.00,yes
2026-10-05T02:10:02.167521Z,KXNEAR15M-26OCT042215-15,0.9900,20.00,yes
2026-10-05T02:10:02.167521Z,KXNEAR15M-26OCT042215-15,0.9900,5.45,yes
2026-10-05T02:10:02.167521Z,KXNEAR15M-26OCT042215-15,0.9900,3.14,yes
2026-10-05T02:10:02.167521Z,KXNEAR15M-26OCT042215-15,0.9900,30.00,yes
2026-10-05T02:10:02.209624Z,KXNEAR15M-26OCT042215-15,0.9900,8.00,yes
2026-10-05T02:10:02.679751Z,KXNEAR15M-26OCT042215-15,0.9900,1.01,yes
2026-10-05T02:10:02.691636Z,KXNEAR15M-26OCT042215-15,0.9900,1.02,yes
2026-10-05T02:10:03.358615Z,KXNEAR15M-26OCT042215-15,0.9900,1.00,yes
2026-10-05T02:10:04.548989Z,KXNEAR15M-26OCT042215-15,0.9890,24.20,no
2026-10-05T02:10:04.548989Z,KXNEAR15M-26OCT042215-15,0.9890,0.03,no
2026-10-05T02:10:04.548989Z,KXNEAR15M-26OCT042215-15,0.9890,10.00,no
2026-10-05T02:10:04.548989Z,KXNEAR15M-26OCT042215-15,0.9890,0.01,no
2026-10-05T02:10:05.872659Z,KXNEAR15M-26OCT042215-15,0.9900,1.00,yes
2026-10-05T02:10:08.304133Z,KXNEAR15M-26OCT042215-15,0.9890,38.25,no
2026-10-05T02:10:08.304133Z,KXNEAR15M-26OCT042215-15,0.9890,100.00,no
2026-10-05T02:10:08.304133Z,KXNEAR15M-26OCT042215-15,0.9890,9.00,no
2026-10-05T02:10:08.304133Z,KXNEAR15M-26OCT042215-15,0.9890,0.03,no
2026-10-05T02:10:08.304133Z,KXNEAR15M-26OCT042215-15,0.9890,5.45,no
2026-10-05T02:10:08.304133Z,KXNEAR15M-26OCT042215-15,0.9890,10.00,no
2026-10-05T02:10:08.338919Z,KXNEAR15M-26OCT042215-15,0.9920,1.97,yes
2026-10-05T02:10:08.338919Z,KXNEAR15M-26OCT042215-15,0.9920,2.03,yes
2026-10-05T02:10:08.338919Z,KXNEAR15M-26OCT042215-15,0.9920,0.03,yes
2026-10-05T02:10:08.338919Z,KXNEAR15M-26OCT042215-15,0.9900,0.97,yes
2026-10-05T02:10:08.338919Z,KXNEAR15M-26OCT042215-15,0.9930,5.15,yes
2026-10-05T02:10:08.338919Z,KXNEAR15M-26OCT042215-15,0.9920,10.00,yes
2026-10-05T02:10:08.338919Z,KXNEAR15M-26OCT042215-15,0.9910,10.00,yes
2026-10-05T02:10:08.354304Z,KXNEAR15M-26OCT042215-15,0.9900,10.00,no
2026-10-05T02:10:08.36418Z,KXNEAR15M-26OCT042215-15,0.9900,10.00,no
2026-10-05T02:10:08.641916Z,KXNEAR15M-26OCT042215-15,0.9910,14.00,no
2026-10-05T02:10:08.665216Z,KXNEAR15M-26OCT042215-15,0.9920,7.00,no
2026-10-05T02:10:08.665216Z,KXNEAR15M-26OCT042215-15,0.9920,5.15,no
2026-10-05T02:10:09.921539Z,KXNEAR15M-26OCT042215-15,0.9900,0.03,no
2026-10-05T02:10:15.092361Z,KXNEAR15M-26OCT042215-15,0.9920,0.97,yes
2026-10-05T02:10:15.092361Z,KXNEAR15M-26OCT042215-15,0.9920,0.03,yes
2026-10-05T02:10:15.09954Z,KXNEAR15M-26OCT042215-15,0.9920,1.00,yes
2026-10-05T02:10:16.164918Z,KXNEAR15M-26OCT042215-15,0.9930,1.00,yes
2026-10-05T02:10:17.783137Z,KXNEAR15M-26OCT042215-15,0.9930,1.00,yes
2026-10-05T02:10:17.78995Z,KXNEAR15M-26OCT042215-15,0.9930,1.00,yes
2026-10-05T02:10:17.796674Z,KXNEAR15M-26OCT042215-15,0.9930,1.00,yes
2026-10-05T02:10:17.79939Z,KXNEAR15M-26OCT042215-15,0.9920,8.00,no
2026-10-05T02:10:17.79939Z,KXNEAR15M-26OCT042215-15,0.9920,1.00,no
2026-10-05T02:10:17.79939Z,KXNEAR15M-26OCT042215-15,0.9920,0.03,no
2026-10-05T02:10:17.79939Z,KXNEAR15M-26OCT042215-15,0.9920,1.00,no
2026-10-05T02:10:17.812295Z,KXNEAR15M-26OCT042215-15,0.9920,10.00,no
2026-10-05T02:10:17.812295Z,KXNEAR15M-26OCT042215-15,0.9920,1.00,no
2026-10-05T02:10:18.151225Z,KXNEAR15M-26OCT042215-15,0.9930,5.00,yes
2026-10-05T02:10:18.151225Z,KXNEAR15M-26OCT042215-15,0.9930,4.00,yes
2026-10-05T02:10:18.151225Z,KXNEAR15M-26OCT042215-15,0.9930,1.00,yes
2026-10-05T02:10:18.151225Z,KXNEAR15M-26OCT042215-15,0.9930,0.85,yes
2026-10-05T02:10:18.151225Z,KXNEAR15M-26OCT042215-15,0.9940,6.01,yes
2026-10-05T02:10:19.739304Z,KXNEAR15M-26OCT042215-15,0.9930,5.06,yes
2026-10-05T02:10:19.739304Z,KXNEAR15M-26OCT042215-15,0.9930,5.00,yes
2026-10-05T02:10:26.354005Z,KXNEAR15M-26OCT042215-15,0.9890,10.00,no
2026-10-05T02:10:26.354005Z,KXNEAR15M-26OCT042215-15,0.9900,0.03,no
2026-10-05T02:10:26.354005Z,KXNEAR15M-26OCT042215-15,0.9910,0.03,no
2026-10-05T02:10:26.354005Z,KXNEAR15M-26OCT042215-15,0.9900,30.00,no
2026-10-05T02:10:26.354005Z,KXNEAR15M-26OCT042215-15,0.9920,21.29,no
2026-10-05T02:10:26.354005Z,KXNEAR15M-26OCT042215-15,0.9880,23.44,no
2026-10-05T02:10:26.354005Z,KXNEAR15M-26OCT042215-15,0.9920,6.01,no
2026-10-05T02:10:26.354005Z,KXNEAR15M-26OCT042215-15,0.9920,0.85,no
2026-10-05T02:10:26.354005Z,KXNEAR15M-26OCT042215-15,0.9890,0.03,no
2026-10-05T02:10:26.354005Z,KXNEAR15M-26OCT042215-15,0.9920,1.00,no
2026-10-05T02:10:30.822073Z,KXNEAR15M-26OCT042215-15,0.9940,5.00,yes
2026-10-05T02:10:30.822073Z,KXNEAR15M-26OCT042215-15,0.9930,0.94,yes
2026-10-05T02:10:30.822073Z,KXNEAR15M-26OCT042215-15,0.9930,5.00,yes
2026-10-05T02:10:30.822073Z,KXNEAR15M-26OCT042215-15,0.9920,6.00,yes
2026-10-05T02:10:30.822073Z,KXNEAR15M-26OCT042215-15,0.9920,1.00,yes
2026-10-05T02:10:30.822073Z,KXNEAR15M-26OCT042215-15,0.9930,0.03,yes
2026-10-05T02:10:30.822073Z,KXNEAR15M-26OCT042215-15,0.9940,0.03,yes
2026-10-05T02:10:30.822073Z,KXNEAR15M-26OCT042215-15,0.9920,0.03,yes
2026-10-05T02:10:30.822073Z,KXNEAR15M-26OCT042215-15,0.9950,6.98,yes
2026-10-05T02:10:30.822073Z,KXNEAR15M-26OCT042215-15,0.9950,10.00,yes
2026-10-05T02:10:30.822073Z,KXNEAR15M-26OCT042215-15,0.9940,3.99,yes
2026-10-05T02:10:30.822073Z,KXNEAR15M-26OCT042215-15,0.9950,11.00,yes
2026-10-05T02:10:30.95558Z,KXNEAR15M-26OCT042215-15,0.9930,10.00,no
2026-10-05T02:10:30.95558Z,KXNEAR15M-26OCT042215-15,0.9930,3.99,no
2026-10-05T02:10:33.610548Z,KXNEAR15M-26OCT042215-15,0.9920,0.03,no
2026-10-05T02:10:33.610548Z,KXNEAR15M-26OCT042215-15,0.9910,0.03,no
2026-10-05T02:10:33.610548Z,KXNEAR15M-26OCT042215-15,0.9880,0.03,no
2026-10-05T02:10:33.610548Z,KXNEAR15M-26OCT042215-15,0.9870,68.32,no
2026-10-05T02:10:33.610548Z,KXNEAR15M-26OCT042215-15,0.9870,0.04,no
2026-10-05T02:10:33.610548Z,KXNEAR15M-26OCT042215-15,0.9900,0.03,no
2026-10-05T02:10:33.610548Z,KXNEAR15M-26OCT042215-15,0.9890,0.03,no
2026-10-05T02:10:37.460916Z,KXNEAR15M-26OCT042215-15,0.9920,3.00,no
2026-10-05T02:10:37.460916Z,KXNEAR15M-26OCT042215-15,0.9900,0.03,no
2026-10-05T02:10:37.460916Z,KXNEAR15M-26OCT042215-15,0.9890,0.03,no
2026-10-05T02:10:37.460916Z,KXNEAR15M-26OCT042215-15,0.9920,0.03,no
2026-10-05T02:10:37.460916Z,KXNEAR15M-26OCT042215-15,0.9910,0.04,no
2026-10-05T02:10:37.460916Z,KXNEAR15M-26OCT042215-15,0.9870,0.03,no
2026-10-05T02:10:37.460916Z,KXNEAR15M-26OCT042215-15,0.9880,8.00,no
2026-10-05T02:10:37.460916Z,KXNEAR15M-26OCT042215-15,0.9870,57.33,no
2026-10-05T02:10:37.460916Z,KXNEAR15M-26OCT042215-15,0.9880,0.03,no
2026-10-05T02:10:42.007388Z,KXNEAR15M-26OCT042215-15,0.9850,5.00,no
2026-10-05T02:10:42.007388Z,KXNEAR15M-26OCT042215-15,0.9800,0.03,no
2026-10-05T02:10:42.007388Z,KXNEAR15M-26OCT042215-15,0.9820,0.03,no
2026-10-05T02:10:42.007388Z,KXNEAR15M-26OCT042215-15,0.9860,100.00,no
2026-10-05T02:10:42.007388Z,KXNEAR15M-26OCT042215-15,0.9920,5.00,no
2026-10-05T02:10:42.007388Z,KXNEAR15M-26OCT042215-15,0.9850,40.00,no
2026-10-05T02:10:42.007388Z,KXNEAR15M-26OCT042215-15,0.9870,7.00,no
2026-10-05T02:10:42.007388Z,KXNEAR15M-26OCT042215-15,0.9870,0.03,no
2026-10-05T02:10:42.007388Z,KXNEAR15M-26OCT042215-15,0.9850,0.03,no
2026-10-05T02:10:42.007388Z,KXNEAR15M-26OCT042215-15,0.9860,0.03,no
2026-10-05T02:10:42.007388Z,KXNEAR15M-26OCT042215-15,0.9800,13.89,no
2026-10-05T02:10:42.007388Z,KXNEAR15M-26OCT042215-15,0.9800,96.22,no
2026-10-05T02:10:42.007388Z,KXNEAR15M-26OCT042215-15,0.9800,1.00,no
2026-10-05T02:10:42.007388Z,KXNEAR15M-26OCT042215-15,0.9800,2.00,no
2026-10-05T02:10:42.007388Z,KXNEAR15M-26OCT042215-15,0.9820,3.00,no
2026-10-05T02:10:43.068771Z,KXNEAR15M-26OCT042215-15,0.9870,5.00,no
2026-10-05T02:10:46.000338Z,KXNEAR15M-26OCT042215-15,0.9910,4.00,no
2026-10-05T02:10:46.000338Z,KXNEAR15M-26OCT042215-15,0.9910,3.00,no
2026-10-05T02:10:51.811632Z,KXNEAR15M-26OCT042215-15,0.9910,5.00,no
2026-10-05T02:10:52.409426Z,KXNEAR15M-26OCT042215-15,0.9910,7.03,yes
2026-10-05T02:10:55.717638Z,KXNEAR15M-26OCT042215-15,0.9900,0.10,yes
2026-10-05T02:10:57.156005Z,KXNEAR15M-26OCT042215-15,0.9800,0.52,no
2026-10-05T02:10:57.156005Z,KXNEAR15M-26OCT042215-15,0.9890,6.00,no
2026-10-05T02:10:57.156005Z,KXNEAR15M-26OCT042215-15,0.9800,0.03,no
2026-10-05T02:10:57.968672Z,KXNEAR15M-26OCT042215-15,0.9820,5.19,no
2026-10-05T02:10:58.9045Z,KXNEAR15M-26OCT042215-15,0.9820,7.00,no
2026-10-05T02:10:58.9045Z,KXNEAR15M-26OCT042215-15,0.9850,2.00,no
2026-10-05T02:10:58.9045Z,KXNEAR15M-26OCT042215-15,0.9850,2.00,no
2026-10-05T02:10:59.688399Z,KXNEAR15M-26OCT042215-15,0.9860,7.00,yes
2026-10-05T02:11:01.836842Z,KXNEAR15M-26OCT042215-15,0.9880,0.72,no
2026-10-05T02:11:02.105938Z,KXNEAR15M-26OCT042215-15,0.9950,93.02,yes
2026-10-05T02:11:02.105938Z,KXNEAR15M-26OCT042215-15,0.9950,0.03,yes
2026-10-05T02:11:02.105938Z,KXNEAR15M-26OCT042215-15,0.9910,7.00,yes
2026-10-05T02:11:02.105938Z,KXNEAR15M-26OCT042215-15,0.9940,3.00,yes
2026-10-05T02:11:02.105938Z,KXNEAR15M-26OCT042215-15,0.9920,0.03,yes
2026-10-05T02:11:02.105938Z,KXNEAR15M-26OCT042215-15,0.9940,0.03,yes
2026-10-05T02:11:02.105938Z,KXNEAR15M-26OCT042215-15,0.9920,3.00,yes
2026-10-05T02:11:02.105938Z,KXNEAR15M-26OCT042215-15,0.9940,5.00,yes
2026-10-05T02:11:03.017879Z,KXNEAR15M-26OCT042215-15,0.9950,186.97,no
2026-10-05T02:11:04.234291Z,KXNEAR15M-26OCT042215-15,0.9950,25.25,no
2026-10-05T02:11:07.751698Z,KXNEAR15M-26OCT042215-15,0.9950,1.00,no
2026-10-05T02:11:10.53638Z,KXNEAR15M-26OCT042215-15,0.9930,6.00,no
2026-10-05T02:11:12.270241Z,KXNEAR15M-26OCT042215-15,0.9900,3.00,no
2026-10-05T02:11:12.270241Z,KXNEAR15M-26OCT042215-15,0.9920,6.00,no
2026-10-05T02:11:12.270241Z,KXNEAR15M-26OCT042215-15,0.9900,38.14,no
2026-10-05T02:11:13.454399Z,KXNEAR15M-26OCT042215-15,0.9950,5.00,yes
2026-10-05T02:11:13.454399Z,KXNEAR15M-26OCT042215-15,0.9950,1.97,yes
2026-10-05T02:11:13.454399Z,KXNEAR15M-26OCT042215-15,0.9940,19.00,yes
2026-10-05T02:11:13.454399Z,KXNEAR15M-26OCT042215-15,0.9940,0.03,yes
2026-10-05T02:11:15.066847Z,KXNEAR15M-26OCT042215-15,0.9940,6.00,yes
2026-10-05T02:11:20.282698Z,KXNEAR15M-26OCT042215-15,0.9930,0.03,yes
2026-10-05T02:11:20.282698Z,KXNEAR15M-26OCT042215-15,0.9930,4.97,yes
2026-10-05T02:11:21.95744Z,KXNEAR15M-26OCT042215-15,0.9870,5.00,no
2026-10-05T02:11:21.95744Z,KXNEAR15M-26OCT042215-15,0.9800,4.00,no
2026-10-05T02:11:21.95744Z,KXNEAR15M-26OCT042215-15,0.9810,7.00,no
2026-10-05T02:11:21.95744Z,KXNEAR15M-26OCT042215-15,0.9800,4.00,no
2026-10-05T02:11:21.95744Z,KXNEAR15M-26OCT042215-15,0.9920,7.00,no
2026-10-05T02:11:21.95744Z,KXNEAR15M-26OCT042215-15,0.9920,4.00,no
2026-10-05T02:11:21.95744Z,KXNEAR15M-26OCT042215-15,0.9800,1.00,no
2026-10-05T02:11:21.95744Z,KXNEAR15M-26OCT042215-15,0.9870,0.03,no
2026-10-05T02:11:21.95744Z,KXNEAR15M-26OCT042215-15,0.9800,22.81,no
2026-10-05T02:11:23.373783Z,KXNEAR15M-26OCT042215-15,0.9870,0.03,no
2026-10-05T02:11:23.373783Z,KXNEAR15M-26OCT042215-15,0.9870,23.73,no
2026-10-05T02:11:23.373783Z,KXNEAR15M-26OCT042215-15,0.9880,13.00,no
2026-10-05T02:11:23.373783Z,KXNEAR15M-26OCT042215-15,0.9800,0.03,no
2026-10-05T02:11:23.373783Z,KXNEAR15M-26OCT042215-15,0.9810,7.00,no
2026-10-05T02:11:23.373783Z,KXNEAR15M-26OCT042215-15,0.9790,55.00,no
2026-10-05T02:11:23.373783Z,KXNEAR15M-26OCT042215-15,0.9790,14.45,no
2026-10-05T02:11:23.373783Z,KXNEAR15M-26OCT042215-15,0.9870,5.00,no
2026-10-05T02:11:23.373783Z,KXNEAR15M-26OCT042215-15,0.9800,17.19,no
2026-10-05T02:11:26.205136Z,KXNEAR15M-26OCT042215-15,0.9960,297.03,yes
2026-10-05T02:11:26.205136Z,KXNEAR15M-26OCT042215-15,0.9920,0.03,yes
2026-10-05T02:11:26.205136Z,KXNEAR15M-26OCT042215-15,0.9920,22.00,yes
2026-10-05T02:11:26.205136Z,KXNEAR15M-26OCT042215-15,0.9950,0.03,yes
2026-10-05T02:11:26.205136Z,KXNEAR15M-26OCT042215-15,0.9950,2.03,yes
2026-10-05T02:11:26.205136Z,KXNEAR15M-26OCT042215-15,0.9950,2.00,yes
2026-10-05T02:11:27.40014Z,KXNEAR15M-26OCT042215-15,0.9940,0.03,yes
2026-10-05T02:11:27.40014Z,KXNEAR15M-26OCT042215-15,0.9940,1.00,yes
2026-10-05T02:11:27.40014Z,KXNEAR15M-26OCT042215-15,0.9940,3.00,yes
2026-10-05T02:11:27.40014Z,KXNEAR15M-26OCT042215-15,0.9950,6.01,yes
2026-10-05T02:11:29.351233Z,KXNEAR15M-26OCT042215-15,0.9950,2.00,yes
2026-10-05T02:11:29.351233Z,KXNEAR15M-26OCT042215-15,0.9950,0.03,yes
2026-10-05T02:11:29.351233Z,KXNEAR15M-26OCT042215-15,0.9950,6.00,yes
2026-10-05T02:11:29.852543Z,KXNEAR15M-26OCT042215-15,0.9960,1.00,yes
2026-10-05T02:11:29.852543Z,KXNEAR15M-26OCT042215-15,0.9960,1.00,yes
2026-10-05T02:11:29.852543Z,KXNEAR15M-26OCT042215-15,0.9960,1.00,yes
2026-10-05T02:11:29.852543Z,KXNEAR15M-26OCT042215-15,0.9960,1.00,yes
2026-10-05T02:11:29.852543Z,KXNEAR15M-26OCT042215-15,0.9960,1.00,yes
2026-10-05T02:11:29.852543Z,KXNEAR15M-26OCT042215-15,0.9960,13.00,yes
2026-10-05T02:11:29.852543Z,KXNEAR15M-26OCT042215-15,0.9960,10.00,yes
2026-10-05T02:11:29.852543Z,KXNEAR15M-26OCT042215-15,0.9960,0.03,yes
2026-10-05T02:11:29.852543Z,KXNEAR15M-26OCT042215-15,0.9960,5.00,yes
2026-10-05T02:11:29.852543Z,KXNEAR15M-26OCT042215-15,0.9960,5.00,yes
2026-10-05T02:11:29.852543Z,KXNEAR15M-26OCT042215-15,0.9960,104.00,yes
2026-10-05T02:11:29.852543Z,KXNEAR15M-26OCT042215-15,0.9960,3.00,yes
2026-10-05T02:11:29.989563Z,KXNEAR15M-26OCT042215-15,0.9950,10.00,yes
2026-10-05T02:11:30.49432Z,KXNEAR15M-26OCT042215-15,0.9930,15.00,yes
2026-10-05T02:11:30.49432Z,KXNEAR15M-26OCT042215-15,0.9940,0.03,yes
2026-10-05T02:11:30.663041Z,KXNEAR15M-26OCT042215-15,0.9950,0.03,yes
2026-10-05T02:11:30.663041Z,KXNEAR15M-26OCT042215-15,0.9950,2.00,yes
2026-10-05T02:11:31.32556Z,KXNEAR15M-26OCT042215-15,0.9950,0.03,yes
2026-10-05T02:11:31.32556Z,KXNEAR15M-26OCT042215-15,0.9950,16.00,yes
2026-10-05T02:11:31.484467Z,KXNEAR15M-26OCT042215-15,0.9960,5.00,yes
2026-10-05T02:11:31.484467Z,KXNEAR15M-26OCT042215-15,0.9960,0.03,yes
2026-10-05T02:11:31.484467Z,KXNEAR15M-26OCT042215-15,0.9960,5.00,yes
2026-10-05T02:11:31.985237Z,KXNEAR15M-26OCT042215-15,0.9970,10.00,yes
2026-10-05T02:11:31.985237Z,KXNEAR15M-26OCT042215-15,0.9970,80.85,yes
2026-10-05T02:11:32.56124Z,KXNEAR15M-26OCT042215-15,0.9970,4.00,yes
2026-10-05T02:11:32.567353Z,KXNEAR15M-26OCT042215-15,0.9970,3.00,yes
2026-10-05T02:11:33.738227Z,KXNEAR15M-26OCT042215-15,0.9960,4.00,no
2026-10-05T02:11:33.738227Z,KXNEAR15M-26OCT042215-15,0.9950,10.00,no
2026-10-05T02:11:33.738227Z,KXNEAR15M-26OCT042215-15,0.9960,14.00,no
2026-10-05T02:11:33.738227Z,KXNEAR15M-26OCT042215-15,0.9950,80.85,no
2026-10-05T02:11:33.738227Z,KXNEAR15M-26OCT042215-15,0.9960,3.00,no
2026-10-05T02:11:33.738227Z,KXNEAR15M-26OCT042215-15,0.9960,10.00,no
2026-10-05T02:11:35.770803Z,KXNEAR15M-26OCT042215-15,0.9960,3.00,yes
2026-10-05T02:11:35.778456Z,KXNEAR15M-26OCT042215-15,0.9960,2.00,yes
2026-10-05T02:11:36.348945Z,KXNEAR15M-26OCT042215-15,0.9960,2.00,yes
2026-10-05T02:11:36.35526Z,KXNEAR15M-26OCT042215-15,0.9960,1.00,yes
2026-10-05T02:11:36.361372Z,KXNEAR15M-26OCT042215-15,0.9960,1.00,yes
2026-10-05T02:11:36.367743Z,KXNEAR15M-26OCT042215-15,0.9960,1.00,yes
2026-10-05T02:11:36.372157Z,KXNEAR15M-26OCT042215-15,0.9960,0.03,yes
2026-10-05T02:11:36.372157Z,KXNEAR15M-26OCT042215-15,0.9960,0.97,yes
2026-10-05T02:11:40.383314Z,KXNEAR15M-26OCT042215-15,0.9960,11.00,no
2026-10-05T02:11:40.383314Z,KXNEAR15M-26OCT042215-15,0.9960,0.03,no
2026-10-05T02:11:40.398537Z,KXNEAR15M-26OCT042215-15,0.9960,1.00,yes
2026-10-05T02:11:44.141224Z,KXNEAR15M-26OCT042215-15,0.9950,1.19,no
2026-10-05T02:11:46.287935Z,KXNEAR15M-26OCT042215-15,0.9950,6.00,no
2026-10-05T02:11:46.287935Z,KXNEAR15M-26OCT042215-15,0.9950,3.81,no
2026-10-05T02:11:46.287935Z,KXNEAR15M-26OCT042215-15,0.9950,0.03,no
2026-10-05T02:11:56.085001Z,KXNEAR15M-26OCT042215-15,0.9940,5.00,yes
2026-10-05T02:11:56.085001Z,KXNEAR15M-26OCT042215-15,0.9950,2.00,yes
2026-10-05T02:11:56.085001Z,KXNEAR15M-26OCT042215-15,0.9940,0.03,yes
2026-10-05T02:11:56.085001Z,KXNEAR15M-26OCT042215-15,0.9950,0.03,yes
2026-10-05T02:11:56.085001Z,KXNEAR15M-26OCT042215-15,0.9940,4.00,yes
2026-10-05T02:11:58.731959Z,KXNEAR15M-26OCT042215-15,0.9930,1.00,no
2026-10-05T02:11:58.974949Z,KXNEAR15M-26OCT042215-15,0.9950,0.03,yes
2026-10-05T02:11:58.974949Z,KXNEAR15M-26OCT042215-15,0.9940,0.03,yes
2026-10-05T02:11:58.974949Z,KXNEAR15M-26OCT042215-15,0.9940,6.00,yes
2026-10-05T02:11:58.974949Z,KXNEAR15M-26OCT042215-15,0.9950,2.00,yes
2026-10-05T02:11:58.974949Z,KXNEAR15M-26OCT042215-15,0.9950,5.00,yes
2026-10-05T02:11:59.882029Z,KXNEAR15M-26OCT042215-15,0.9940,0.03,no
2026-10-05T02:11:59.882029Z,KXNEAR15M-26OCT042215-15,0.9940,4.00,no
2026-10-05T02:12:00.492627Z,KXNEAR15M-26OCT042215-15,0.9950,0.03,yes
2026-10-05T02:12:00.492627Z,KXNEAR15M-26OCT042215-15,0.9940,4.00,yes
2026-10-05T02:12:00.492627Z,KXNEAR15M-26OCT042215-15,0.9940,0.03,yes
2026-10-05T02:12:00.492627Z,KXNEAR15M-26OCT042215-15,0.9950,5.00,yes
2026-10-05T02:12:00.492627Z,KXNEAR15M-26OCT042215-15,0.9950,2.00,yes
2026-10-05T02:12:01.012193Z,KXNEAR15M-26OCT042215-15,0.9970,2.00,yes
2026-10-05T02:12:01.012193Z,KXNEAR15M-26OCT042215-15,0.9970,2.00,yes
2026-10-05T02:12:01.012193Z,KXNEAR15M-26OCT042215-15,0.9970,2.00,yes
2026-10-05T02:12:01.012193Z,KXNEAR15M-26OCT042215-15,0.9970,2.00,yes
2026-10-05T02:12:01.012193Z,KXNEAR15M-26OCT042215-15,0.9970,2.00,yes
2026-10-05T02:12:01.012193Z,KXNEAR15M-26OCT042215-15,0.9970,18.00,yes
2026-10-05T02:12:01.012193Z,KXNEAR15M-26OCT042215-15,0.9970,250.00,yes
2026-10-05T02:12:01.012193Z,KXNEAR15M-26OCT042215-15,0.9970,1.02,yes
2026-10-05T02:12:01.012193Z,KXNEAR15M-26OCT042215-15,0.9940,3.00,yes
2026-10-05T02:12:01.012193Z,KXNEAR15M-26OCT042215-15,0.9950,6.00,yes
2026-10-05T02:12:01.012193Z,KXNEAR15M-26OCT042215-15,0.9940,0.03,yes
2026-10-05T02:12:01.012193Z,KXNEAR15M-26OCT042215-15,0.9950,0.03,yes
2026-10-05T02:12:01.012193Z,KXNEAR15M-26OCT042215-15,0.9940,5.00,yes
2026-10-05T02:12:01.012193Z,KXNEAR15M-26OCT042215-15,0.9960,52.97,yes
2026-10-05T02:12:01.012193Z,KXNEAR15M-26OCT042215-15,0.9960,0.03,yes
2026-10-05T02:12:01.012193Z,KXNEAR15M-26OCT042215-15,0.9970,0.03,yes
2026-10-05T02:12:01.230883Z,KXNEAR15M-26OCT042215-15,0.9970,21.00,yes
2026-10-05T02:12:01.230883Z,KXNEAR15M-26OCT042215-15,0.9960,5.00,yes
2026-10-05T02:12:01.230883Z,KXNEAR15M-26OCT042215-15,0.9960,5.00,yes
2026-10-05T02:12:01.230883Z,KXNEAR15M-26OCT042215-15,0.9970,21.97,yes
2026-10-05T02:12:05.331867Z,KXNEAR15M-26OCT042215-15,0.9970,1.00,yes
2026-10-05T02:12:05.419564Z,KXNEAR15M-26OCT042215-15,0.9960,1.00,no
2026-10-05T02:12:05.419564Z,KXNEAR15M-26OCT042215-15,0.9950,10.00,no
2026-10-05T02:12:05.419564Z,KXNEAR15M-26OCT042215-15,0.9960,1.00,no
2026-10-05T02:12:05.419564Z,KXNEAR15M-26OCT042215-15,0.9960,21.97,no
2026-10-05T02:12:05.419564Z,KXNEAR15M-26OCT042215-15,0.9960,15.00,no
2026-10-05T02:12:05.419564Z,KXNEAR15M-26OCT042215-15,0.9940,0.77,no
2026-10-05T02:12:05.419564Z,KXNEAR15M-26OCT042215-15,0.9950,0.06,no
2026-10-05T02:12:05.419564Z,KXNEAR15M-26OCT042215-15,0.9960,0.05,no
2026-10-05T02:12:07.500551Z,KXNEAR15M-26OCT042215-15,0.9970,1.00,yes
2026-10-05T02:12:09.671619Z,KXNEAR15M-26OCT042215-15,0.9970,226.03,yes
2026-10-05T02:12:09.671619Z,KXNEAR15M-26OCT042215-15,0.9970,5.00,yes
2026-10-05T02:12:09.671619Z,KXNEAR15M-26OCT042215-15,0.9970,0.03,yes
2026-10-05T02:12:09.671619Z,KXNEAR15M-26OCT042215-15,0.9970,1.00,yes
2026-10-05T02:12:09.67624Z,KXNEAR15M-26OCT042215-15,0.9970,18.80,no
2026-10-05T02:12:11.55563Z,KXNEAR15M-26OCT042215-15,0.9970,610.72,no
2026-10-05T02:12:14.362891Z,KXNEAR15M-26OCT042215-15,0.9980,84.00,yes
2026-10-05T02:12:14.362891Z,KXNEAR15M-26OCT042215-15,0.9980,400.00,yes
2026-10-05T02:12:20.916723Z,KXNEAR15M-26OCT042215-15,0.9980,16.00,yes
2026-10-05T02:12:20.916723Z,KXNEAR15M-26OCT042215-15,0.9980,10.00,yes
2026-10-05T02:12:20.916723Z,KXNEAR15M-26OCT042215-15,0.9980,25.00,yes
2026-10-05T02:12:34.581351Z,KXNEAR15M-26OCT042215-15,0.9980,60.11,yes
2026-10-05T02:12:42.77526Z,KXNEAR15M-26OCT042215-15,0.9980,0.80,yes
2026-10-05T02:13:01.118904Z,KXNEAR15M-26OCT042215-15,0.9980,154.00,yes
2026-10-05T02:13:02.558782Z,KXNEAR15M-26OCT042215-15,0.9980,5.00,yes
2026-10-05T02:13:05.010091Z,KXNEAR15M-26OCT042215-15,0.9980,182.81,yes
2026-10-05T02:13:06.952925Z,KXNEAR15M-26OCT042215-15,0.9980,26.00,yes
2026-10-05T02:13:06.952925Z,KXNEAR15M-26OCT042215-15,0.9980,3.00,yes
2026-10-05T02:13:06.952925Z,KXNEAR15M-26OCT042215-15,0.9980,3.00,yes
2026-10-05T02:13:06.952925Z,KXNEAR15M-26OCT042215-15,0.9980,3.00,yes
2026-10-05T02:13:06.952925Z,KXNEAR15M-26OCT042215-15,0.9980,3.00,yes
2026-10-05T02:13:06.952925Z,KXNEAR15M-26OCT042215-15,0.9980,3.00,yes
2026-10-05T02:13:06.952925Z,KXNEAR15M-26OCT042215-15,0.9980,72.28,yes
2026-10-05T02:13:06.952925Z,KXNEAR15M-26OCT042215-15,0.9980,50.00,yes
2026-10-05T02:13:06.952925Z,KXNEAR15M-26OCT042215-15,0.9980,357.41,yes
2026-10-05T02:13:06.952925Z,KXNEAR15M-26OCT042215-15,0.9980,60.00,yes
2026-10-05T02:13:06.952925Z,KXNEAR15M-26OCT042215-15,0.9980,25.00,yes
2026-10-05T02:13:06.952925Z,KXNEAR15M-26OCT042215-15,0.9980,5.00,yes
2026-10-05T02:13:06.952925Z,KXNEAR15M-26OCT042215-15,0.9980,0.03,yes
2026-10-05T02:13:06.96077Z,KXNEAR15M-26OCT042215-15,0.9980,10.00,yes
2026-10-05T02:13:06.967889Z,KXNEAR15M-26OCT042215-15,0.9980,7.00,yes
2026-10-05T02:13:07.339068Z,KXNEAR15M-26OCT042215-15,0.9980,5.00,yes
2026-10-05T02:13:07.872748Z,KXNEAR15M-26OCT042215-15,0.9980,5.00,yes
2026-10-05T02:13:08.412543Z,KXNEAR15M-26OCT042215-15,0.9980,2.00,yes
2026-10-05T02:13:08.419381Z,KXNEAR15M-26OCT042215-15,0.9980,2.00,yes
2026-10-05T02:13:08.968841Z,KXNEAR15M-26OCT042215-15,0.9980,2.00,yes
2026-10-05T02:13:08.977182Z,KXNEAR15M-26OCT042215-15,0.9980,2.00,yes
2026-10-05T02:13:08.981328Z,KXNEAR15M-26OCT042215-15,0.9980,2.00,yes
2026-10-05T02:13:08.988168Z,KXNEAR15M-26OCT042215-15,0.9980,2.00,yes
2026-10-05T02:13:11.703064Z,KXNEAR15M-26OCT042215-15,0.9980,2.00,yes
2026-10-05T02:13:15.251222Z,KXNEAR15M-26OCT042215-15,0.9980,56.31,yes
2026-10-05T02:13:15.251222Z,KXNEAR15M-26OCT042215-15,0.9980,1.00,yes
2026-10-05T02:13:15.251222Z,KXNEAR15M-26OCT042215-15,0.9980,5.00,yes
2026-10-05T02:13:16.066795Z,KXNEAR15M-26OCT042215-15,0.9990,32.28,yes
2026-10-05T02:13:16.066795Z,KXNEAR15M-26OCT042215-15,0.9980,2.00,yes
2026-10-05T02:13:16.066795Z,KXNEAR15M-26OCT042215-15,0.9980,0.03,yes
2026-10-05T02:13:16.066795Z,KXNEAR15M-26OCT042215-15,0.9980,1.00,yes
2026-10-05T02:13:16.066795Z,KXNEAR15M-26OCT042215-15,0.9980,5.00,yes
2026-10-05T02:13:16.066795Z,KXNEAR15M-26OCT042215-15,0.9980,5.00,yes
2026-10-05T02:13:16.066795Z,KXNEAR15M-26OCT042215-15,0.9980,2.00,yes
2026-10-05T02:13:16.066795Z,KXNEAR15M-26OCT042215-15,0.9980,2.00,yes
2026-10-05T02:13:16.066795Z,KXNEAR15M-26OCT042215-15,0.9980,6.00,yes
2026-10-05T02:13:16.066795Z,KXNEAR15M-26OCT042215-15,0.9980,5.00,yes
2026-10-05T02:13:16.066795Z,KXNEAR15M-26OCT042215-15,0.9980,2.00,yes
2026-10-05T02:13:16.095143Z,KXNEAR15M-26OCT042215-15,0.9980,25.00,no
2026-10-05T02:13:16.84698Z,KXNEAR15M-26OCT042215-15,0.9990,62.31,yes
2026-10-05T02:13:17.659063Z,KXNEAR15M-26OCT042215-15,0.9990,62.30,yes
2026-10-05T02:13:17.854062Z,KXNEAR15M-26OCT042215-15,0.9990,1.00,yes
2026-10-05T02:13:17.977294Z,KXNEAR15M-26OCT042215-15,0.9990,1.00,yes
2026-10-05T02:13:17.977294Z,KXNEAR15M-26OCT042215-15,0.9990,42.11,yes
2026-10-05T02:13:17.977294Z,KXNEAR15M-26OCT042215-15,0.9990,1.00,yes
2026-10-05T02:13:17.977294Z,KXNEAR15M-26OCT042215-15,0.9990,10.00,yes
2026-10-05T02:13:17.977294Z,KXNEAR15M-26OCT042215-15,0.9990,2.40,yes
2026-10-05T02:13:18.789095Z,KXNEAR15M-26OCT042215-15,0.9990,1.00,yes
2026-10-05T02:13:18.789095Z,KXNEAR15M-26OCT042215-15,0.9990,55.51,yes
2026-10-05T02:13:19.599441Z,KXNEAR15M-26OCT042215-15,0.9990,0.03,yes
2026-10-05T02:13:19.599441Z,KXNEAR15M-26OCT042215-15,0.9990,3.00,yes
2026-10-05T02:13:19.599441Z,KXNEAR15M-26OCT042215-15,0.9990,5.00,yes
2026-10-05T02:13:19.599441Z,KXNEAR15M-26OCT042215-15,0.9990,25.00,yes
2026-10-05T02:13:19.599441Z,KXNEAR15M-26OCT042215-15,0.9990,1.00,yes
2026-10-05T02:13:19.599441Z,KXNEAR15M-26OCT042215-15,0.9990,1.00,yes
2026-10-05T02:13:19.6607Z,KXNEAR15M-26OCT042215-15,0.9990,25.00,no
2026-10-05T02:13:21.254948Z,KXNEAR15M-26OCT042215-15,0.9990,20.09,no
2026-10-05T02:13:21.254948Z,KXNEAR15M-26OCT042215-15,0.9990,60.11,no
2026-10-05T02:13:21.254948Z,KXNEAR15M-26OCT042215-15,0.9990,0.80,no
2026-10-05T02:13:32.311197Z,KXNEAR15M-26OCT042215-15,0.9980,1.00,no
2026-10-05T02:13:32.311197Z,KXNEAR15M-26OCT042215-15,0.9980,10.00,no
2026-10-05T02:13:32.311197Z,KXNEAR15M-26OCT042215-15,0.9980,42.11,no
2026-10-05T02:13:32.311197Z,KXNEAR15M-26OCT042215-15,0.9980,62.30,no
2026-10-05T02:13:32.311197Z,KXNEAR15M-26OCT042215-15,0.9980,0.05,no
2026-10-05T02:13:32.311197Z,KXNEAR15M-26OCT042215-15,0.9980,62.31,no
2026-10-05T02:13:32.311197Z,KXNEAR15M-26OCT042215-15,0.9980,7.28,no
2026-10-05T02:13:32.311197Z,KXNEAR15M-26OCT042215-15,0.9970,30.00,no
2026-10-05T02:13:32.311197Z,KXNEAR15M-26OCT042215-15,0.9990,182.81,no
2026-10-05T02:13:32.311197Z,KXNEAR15M-26OCT042215-15,0.9990,72.28,no
2026-10-05T02:13:32.311197Z,KXNEAR15M-26OCT042215-15,0.9990,269.00,no
2026-10-05T02:13:32.311197Z,KXNEAR15M-26OCT042215-15,0.9990,149.00,no
2026-10-05T02:13:32.311197Z,KXNEAR15M-26OCT042215-15,0.9990,77.98,no
2026-10-05T02:13:32.311197Z,KXNEAR15M-26OCT042215-15,0.9980,25.00,no
2026-10-05T02:13:32.311197Z,KXNEAR15M-26OCT042215-15,0.9990,410.63,no
2026-10-05T02:13:32.311197Z,KXNEAR15M-26OCT042215-15,0.9970,0.05,no
2026-10-05T02:13:32.311197Z,KXNEAR15M-26OCT042215-15,0.9970,10.00,no
2026-10-05T02:13:32.311197Z,KXNEAR15M-26OCT042215-15,0.9990,5.00,no
2026-10-05T02:13:32.311197Z,KXNEAR15M-26OCT042215-15,0.9990,154.00,no
2026-10-05T02:13:32.643779Z,KXNEAR15M-26OCT042215-15,0.9990,7.28,yes
2026-10-05T02:13:32.643779Z,KXNEAR15M-26OCT042215-15,0.9990,36.72,yes
2026-10-05T02:13:35.041444Z,KXNEAR15M-26OCT042215-15,0.9990,13.00,yes
2026-10-05T02:13:35.041444Z,KXNEAR15M-26OCT042215-15,0.9990,14.41,yes
2026-10-05T02:13:35.041444Z,KXNEAR15M-26OCT042215-15,0.9990,25.59,yes
2026-10-05T02:13:37.072092Z,KXNEAR15M-26OCT042215-15,0.9990,1.00,yes
2026-10-05T02:13:57.547258Z,KXNEAR15M-26OCT042215-15,0.9980,14.41,no
2026-10-05T02:13:57.547258Z,KXNEAR15M-26OCT042215-15,0.9980,25.59,no
2026-10-05T02:13:57.547258Z,KXNEAR15M-26OCT042215-15,0.9980,1.00,no
2026-10-05T02:13:57.547258Z,KXNEAR15M-26OCT042215-15,0.9980,30.00,no
2026-10-05T02:13:57.547258Z,KXNEAR15M-26OCT042215-15,0.9980,767.75,no
2026-10-05T02:13:57.547258Z,KXNEAR15M-26OCT042215-15,0.9980,36.72,no
2026-10-05T02:13:57.547258Z,KXNEAR15M-26OCT042215-15,0.9980,27.00,no
2026-10-05T02:13:57.547258Z,KXNEAR15M-26OCT042215-15,0.9980,6.22,no
2026-10-05T02:13:57.547258Z,KXNEAR15M-26OCT042215-15,0.9980,7.28,no
2026-10-05T02:13:57.547258Z,KXNEAR15M-26OCT042215-15,0.9980,0.05,no
2026-10-05T02:13:59.391094Z,KXNEAR15M-26OCT042215-15,0.9990,32.00,yes
2026-10-05T02:14:00.061065Z,KXNEAR15M-26OCT042215-15,0.9990,1.00,yes
2026-10-05T02:14:00.061065Z,KXNEAR15M-26OCT042215-15,0.9990,14.89,yes
2026-10-05T02:14:00.061065Z,KXNEAR15M-26OCT042215-15,0.9990,42.11,yes
2026-10-05T02:14:00.061065Z,KXNEAR15M-26OCT042215-15,0.9990,25.00,yes
2026-10-05T02:14:00.061065Z,KXNEAR15M-26OCT042215-15,0.9990,1.00,yes
2026-10-05T02:14:00.061065Z,KXNEAR15M-26OCT042215-15,0.9990,2.00,yes
2026-10-05T02:14:00.061065Z,KXNEAR15M-26OCT042215-15,0.9990,36.72,yes
2026-10-05T02:14:00.061065Z,KXNEAR15M-26OCT042215-15,0.9990,14.41,yes
2026-10-05T02:14:00.061065Z,KXNEAR15M-26OCT042215-15,0.9990,7.28,yes
2026-10-05T02:14:00.061065Z,KXNEAR15M-26OCT042215-15,0.9990,25.59,yes
2026-10-05T02:14:00.061065Z,KXNEAR15M-26OCT042215-15,0.9990,5.00,yes
2026-10-05T02:14:00.061065Z,KXNEAR15M-26OCT042215-15,0.9990,0.03,yes
2026-10-05T02:14:00.061065Z,KXNEAR15M-26OCT042215-15,0.9990,10.00,yes
2026-10-05T02:14:08.802173Z,KXNEAR15M-26OCT042215-15,0.9990,229.01,no
2026-10-05T02:14:13.715562Z,KXNEAR15M-26OCT042215-15,0.9990,1741.42,no
2026-10-05T02:14:13.715562Z,KXNEAR15M-26OCT042215-15,0.9980,0.05,no
2026-10-05T02:14:13.715562Z,KXNEAR15M-26OCT042215-15,0.9980,30.74,no
2026-10-05T02:14:13.715562Z,KXNEAR15M-26OCT042215-15,0.9980,30.00,no
2026-10-05T02:14:14.020771Z,KXNEAR15M-26OCT042215-15,0.9990,7.00,yes
2026-10-05T02:14:14.61465Z,KXNEAR15M-26OCT042215-15,0.9990,1.00,yes
2026-10-05T02:14:15.130626Z,KXNEAR15M-26OCT042215-15,0.9990,7.31,yes
2026-10-05T02:14:15.13207Z,KXNEAR15M-26OCT042215-15,0.9990,0.03,yes
2026-10-05T02:14:15.13207Z,KXNEAR15M-26OCT042215-15,0.9990,18.00,yes
2026-10-05T02:14:15.13207Z,KXNEAR15M-26OCT042215-15,0.9990,15.43,yes
2026-10-05T02:14:42.995256Z,KXNEAR15M-26OCT042215-15,0.9980,17.03,no
2026-10-05T02:14:42.995256Z,KXNEAR15M-26OCT042215-15,0.9990,541.54,no
2026-10-05T02:14:42.995256Z,KXNEAR15M-26OCT042215-15,0.9980,1.00,no
2026-10-05T02:14:42.995256Z,KXNEAR15M-26OCT042215-15,0.9980,42.11,no
2026-10-05T02:14:42.995256Z,KXNEAR15M-26OCT042215-15,0.9980,1.00,no
2026-10-05T02:14:42.995256Z,KXNEAR15M-26OCT042215-15,0.9980,14.41,no
2026-10-05T02:14:42.995256Z,KXNEAR15M-26OCT042215-15,0.9980,25.00,no
2026-10-05T02:14:42.995256Z,KXNEAR15M-26OCT042215-15,0.9980,25.59,no
2026-10-05T02:14:42.995256Z,KXNEAR15M-26OCT042215-15,0.9980,36.72,no
2026-10-05T02:14:42.995256Z,KXNEAR15M-26OCT042215-15,0.9980,14.89,no
2026-10-05T02:14:42.995256Z,KXNEAR15M-26OCT042215-15,0.9980,10.00,no
2026-10-05T02:14:42.995256Z,KXNEAR15M-26OCT042215-15,0.9980,7.28,no
2026-10-05T02:14:42.995256Z,KXNEAR15M-26OCT042215-15,0.9980,1.26,no
2026-10-05T02:14:43.047217Z,KXNEAR15M-26OCT042215-15,0.9990,1.00,yes
2026-10-05T02:14:43.067244Z,KXNEAR15M-26OCT042215-15,0.9990,1.74,yes
2026-10-05T02:14:43.067244Z,KXNEAR15M-26OCT042215-15,0.9990,0.26,yes
2026-10-05T02:14:43.07947Z,KXNEAR15M-26OCT042215-15,0.9990,42.11,yes
2026-10-05T02:14:43.07947Z,KXNEAR15M-26OCT042215-15,0.9990,13.15,yes
2026-10-05T02:14:43.07947Z,KXNEAR15M-26OCT042215-15,0.9990,14.41,yes
2026-10-05T02:14:43.07947Z,KXNEAR15M-26OCT042215-15,0.9990,1.00,yes
2026-10-05T02:14:43.07947Z,KXNEAR15M-26OCT042215-15,0.9990,25.59,yes
2026-10-05T02:14:43.07947Z,KXNEAR15M-26OCT042215-15,0.9990,7.28,yes
2026-10-05T02:14:43.07947Z,KXNEAR15M-26OCT042215-15,0.9990,25.00,yes
2026-10-05T02:14:43.07947Z,KXNEAR15M-26OCT042215-15,0.9990,1.00,yes
2026-10-05T02:14:43.07947Z,KXNEAR15M-26OCT042215-15,0.9990,36.72,yes
2026-10-05T02:14:43.07947Z,KXNEAR15M-26OCT042215-15,0.9990,5.00,yes
2026-10-05T02:10:04.964515Z,KXEURUSD15M-26OCT042215-30,0.0100,1.00,no
2026-10-05T02:10:04.964515Z,KXEURUSD15M-26OCT042215-30,0.0200,1.00,no
2026-10-05T02:10:04.964515Z,KXEURUSD15M-26OCT042215-30,0.0100,2.00,no
2026-10-05T02:10:04.964515Z,KXEURUSD15M-26OCT042215-30,0.0100,1.00,no
2026-10-05T02:10:04.964515Z,KXEURUSD15M-26OCT042215-30,0.0100,160.00,no
2026-10-05T02:10:04.964515Z,KXEURUSD15M-26OCT042215-30,0.0100,10.00,no
2026-10-05T02:11:13.275951Z,KXEURUSD15M-26OCT042215-30,0.0200,28.83,yes
2026-10-05T02:11:13.275951Z,KXEURUSD15M-26OCT042215-30,0.0100,5.00,yes
2026-10-05T02:11:13.275951Z,KXEURUSD15M-26OCT042215-30,0.0100,10.00,yes
2026-10-05T02:11:13.275951Z,KXEURUSD15M-26OCT042215-30,0.0200,10.00,yes
2026-10-05T02:11:21.504893Z,KXEURUSD15M-26OCT042215-30,0.0200,93.58,yes
2026-10-05T02:11:34.791292Z,KXEURUSD15M-26OCT042215-30,0.0100,10.69,yes
2026-10-05T02:11:41.304598Z,KXEURUSD15M-26OCT042215-30,0.0100,13.10,yes
2026-10-05T02:12:10.649908Z,KXEURUSD15M-26OCT042215-30,0.0200,90.64,yes
2026-10-05T02:12:10.649908Z,KXEURUSD15M-26OCT042215-30,0.0200,2.00,yes
2026-10-05T02:12:10.649908Z,KXEURUSD15M-26OCT042215-30,0.0100,5.00,yes
2026-10-05T02:12:10.649908Z,KXEURUSD15M-26OCT042215-30,0.0100,30.00,yes
2026-10-05T02:12:10.649908Z,KXEURUSD15M-26OCT042215-30,0.0100,60.00,yes
2026-10-05T02:13:15.879704Z,KXEURUSD15M-26OCT042215-30,0.0100,25.00,yes
2026-10-05T02:10:14.010053Z,KXUSDJPY15M-26OCT042215-30,0.9800,23.39,no
2026-10-05T02:10:48.114732Z,KXUSDJPY15M-26OCT042215-30,0.9800,10.93,no
2026-10-05T02:10:49.965377Z,KXUSDJPY15M-26OCT042215-30,0.9900,57.72,yes
2026-10-05T02:10:49.965377Z,KXUSDJPY15M-26OCT042215-30,0.9900,10.00,yes
2026-10-05T02:10:49.965377Z,KXUSDJPY15M-26OCT042215-30,0.9900,1.00,yes
2026-10-05T02:10:49.965377Z,KXUSDJPY15M-26OCT042215-30,0.9900,1.00,yes
2026-10-05T02:10:49.965377Z,KXUSDJPY15M-26OCT042215-30,0.9900,2.00,yes
2026-10-05T02:10:49.965377Z,KXUSDJPY15M-26OCT042215-30,0.9900,0.28,yes
2026-10-05T02:10:49.97515Z,KXUSDJPY15M-26OCT042215-30,0.9900,0.51,yes
2026-10-05T02:11:14.416308Z,KXUSDJPY15M-26OCT042215-30,0.9900,3.51,no
2026-10-05T02:11:14.416308Z,KXUSDJPY15M-26OCT042215-30,0.9900,60.00,no
2026-10-05T02:11:14.416308Z,KXUSDJPY15M-26OCT042215-30,0.9900,30.00,no
2026-10-05T02:12:12.138118Z,KXUSDJPY15M-26OCT042215-30,0.9900,3.51,no
2026-10-05T02:12:12.138118Z,KXUSDJPY15M-26OCT042215-30,0.9900,60.00,no
2026-10-05T02:12:12.138118Z,KXUSDJPY15M-26OCT042215-30,0.9900,30.00,no
2026-10-05T02:13:01.662279Z,KXUSDJPY15M-26OCT042215-30,0.9900,25.00,no
2026-10-05T02:13:03.237135Z,KXUSDJPY15M-26OCT042215-30,0.9900,5.04,no
2026-10-05T02:14:06.726335Z,KXUSDJPY15M-26OCT042215-30,0.9900,1.00,no
2026-10-05T02:10:27.699949Z,KXSOL15M-26OCT042215-15,0.9840,6.00,yes
2026-10-05T02:10:27.699949Z,KXSOL15M-26OCT042215-15,0.9840,6.00,yes
2026-10-05T02:10:27.699949Z,KXSOL15M-26OCT042215-15,0.9840,10.00,yes
2026-10-05T02:10:27.699949Z,KXSOL15M-26OCT042215-15,0.9840,15.00,yes
2026-10-05T02:10:27.699949Z,KXSOL15M-26OCT042215-15,0.9850,4.34,yes
2026-10-05T02:10:29.546211Z,KXSOL15M-26OCT042215-15,0.9840,6.00,yes
2026-10-05T02:10:29.546211Z,KXSOL15M-26OCT042215-15,0.9840,10.00,yes
2026-10-05T02:10:29.546211Z,KXSOL15M-26OCT042215-15,0.9840,2.00,yes
2026-10-05T02:10:29.546211Z,KXSOL15M-26OCT042215-15,0.9840,14.00,yes
2026-10-05T02:10:29.546211Z,KXSOL15M-26OCT042215-15,0.9840,17.00,yes
2026-10-05T02:10:29.546211Z,KXSOL15M-26OCT042215-15,0.9850,4.17,yes
2026-10-05T02:10:33.088745Z,KXSOL15M-26OCT042215-15,0.9850,2.00,yes
2026-10-05T02:10:33.120692Z,KXSOL15M-26OCT042215-15,0.9840,15.00,no
2026-10-05T02:10:33.120692Z,KXSOL15M-26OCT042215-15,0.9840,3.00,no
2026-10-05T02:10:33.406056Z,KXSOL15M-26OCT042215-15,0.9850,15.21,yes
2026-10-05T02:10:34.319621Z,KXSOL15M-26OCT042215-15,0.9850,8.00,yes
2026-10-05T02:10:34.368786Z,KXSOL15M-26OCT042215-15,0.9850,5.00,yes
2026-10-05T02:10:34.376904Z,KXSOL15M-26OCT042215-15,0.9850,2.00,yes
2026-10-05T02:10:34.383281Z,KXSOL15M-26OCT042215-15,0.9850,2.00,yes
2026-10-05T02:10:34.454427Z,KXSOL15M-26OCT042215-15,0.9850,1.20,yes
2026-10-05T02:10:34.454427Z,KXSOL15M-26OCT042215-15,0.9870,1.00,yes
2026-10-05T02:10:34.454427Z,KXSOL15M-26OCT042215-15,0.9870,3.00,yes
2026-10-05T02:10:34.454427Z,KXSOL15M-26OCT042215-15,0.9850,7.00,yes
2026-10-05T02:10:34.454427Z,KXSOL15M-26OCT042215-15,0.9850,10.00,yes
2026-10-05T02:10:34.454427Z,KXSOL15M-26OCT042215-15,0.9860,40.00,yes
2026-10-05T02:10:34.454427Z,KXSOL15M-26OCT042215-15,0.9880,3.00,yes
2026-10-05T02:10:34.454427Z,KXSOL15M-26OCT042215-15,0.9900,2.00,yes
2026-10-05T02:10:34.454427Z,KXSOL15M-26OCT042215-15,0.9870,60.00,yes
2026-10-05T02:10:34.454427Z,KXSOL15M-26OCT042215-15,0.9860,60.00,yes
2026-10-05T02:10:34.454427Z,KXSOL15M-26OCT042215-15,0.9850,17.16,yes
2026-10-05T02:10:34.454427Z,KXSOL15M-26OCT042215-15,0.9900,8.23,yes
2026-10-05T02:10:34.454427Z,KXSOL15M-26OCT042215-15,0.9870,40.00,yes
2026-10-05T02:10:34.454427Z,KXSOL15M-26OCT042215-15,0.9880,40.00,yes
2026-10-05T02:10:34.454427Z,KXSOL15M-26OCT042215-15,0.9890,40.00,yes
2026-10-05T02:10:34.454427Z,KXSOL15M-26OCT042215-15,0.9880,17.00,yes
2026-10-05T02:10:34.454427Z,KXSOL15M-26OCT042215-15,0.9880,350.00,yes
2026-10-05T02:10:34.454427Z,KXSOL15M-26OCT042215-15,0.9890,23.00,yes
2026-10-05T02:10:34.454427Z,KXSOL15M-26OCT042215-15,0.9900,10.00,yes
2026-10-05T02:10:34.454427Z,KXSOL15M-26OCT042215-15,0.9900,40.00,yes
2026-10-05T02:10:34.454427Z,KXSOL15M-26OCT042215-15,0.9900,75.00,yes
2026-10-05T02:10:34.454427Z,KXSOL15M-26OCT042215-15,0.9890,2.00,yes
2026-10-05T02:10:34.454427Z,KXSOL15M-26OCT042215-15,0.9890,1.00,yes
2026-10-05T02:10:34.454427Z,KXSOL15M-26OCT042215-15,0.9890,20.00,yes
2026-10-05T02:10:34.454427Z,KXSOL15M-26OCT042215-15,0.9890,100.00,yes
2026-10-05T02:10:34.454427Z,KXSOL15M-26OCT042215-15,0.9890,2.00,yes
2026-10-05T02:10:34.454427Z,KXSOL15M-26OCT042215-15,0.9890,10.00,yes
2026-10-05T02:10:34.454427Z,KXSOL15M-26OCT042215-15,0.9900,25.00,yes
2026-10-05T02:10:34.454427Z,KXSOL15M-26OCT042215-15,0.9900,20.00,yes
2026-10-05T02:10:34.454427Z,KXSOL15M-26OCT042215-15,0.9900,350.00,yes
2026-10-05T02:10:34.454427Z,KXSOL15M-26OCT042215-15,0.9890,1.00,yes
2026-10-05T02:10:34.454427Z,KXSOL15M-26OCT042215-15,0.9860,8.00,yes
2026-10-05T02:10:34.454427Z,KXSOL15M-26OCT042215-15,0.9900,18.00,yes
2026-10-05T02:10:35.681921Z,KXSOL15M-26OCT042215-15,0.9880,3.00,no
2026-10-05T02:10:36.567685Z,KXSOL15M-26OCT042215-15,0.9880,6.00,no
2026-10-05T02:10:36.575768Z,KXSOL15M-26OCT042215-15,0.9880,3.00,no
2026-10-05T02:10:36.987962Z,KXSOL15M-26OCT042215-15,0.9880,2.00,no
2026-10-05T02:10:37.08821Z,KXSOL15M-26OCT042215-15,0.9880,10.00,no
2026-10-05T02:10:37.096729Z,KXSOL15M-26OCT042215-15,0.9880,3.00,no
2026-10-05T02:10:37.574342Z,KXSOL15M-26OCT042215-15,0.9890,16.74,yes
2026-10-05T02:10:38.992324Z,KXSOL15M-26OCT042215-15,0.9900,72.89,yes
2026-10-05T02:10:38.992324Z,KXSOL15M-26OCT042215-15,0.9900,3.00,yes
2026-10-05T02:10:38.992324Z,KXSOL15M-26OCT042215-15,0.9900,4.30,yes
2026-10-05T02:10:39.473918Z,KXSOL15M-26OCT042215-15,0.9900,2.11,yes
2026-10-05T02:10:39.473918Z,KXSOL15M-26OCT042215-15,0.9900,13.00,yes
2026-10-05T02:10:39.473918Z,KXSOL15M-26OCT042215-15,0.9900,23.00,yes
2026-10-05T02:10:39.556388Z,KXSOL15M-26OCT042215-15,0.9910,9.60,yes
2026-10-05T02:10:39.556388Z,KXSOL15M-26OCT042215-15,0.9910,40.00,yes
2026-10-05T02:10:39.850753Z,KXSOL15M-26OCT042215-15,0.9850,28.51,no
2026-10-05T02:10:39.850753Z,KXSOL15M-26OCT042215-15,0.9860,40.00,no
2026-10-05T02:10:39.850753Z,KXSOL15M-26OCT042215-15,0.9900,12.00,no
2026-10-05T02:10:39.850753Z,KXSOL15M-26OCT042215-15,0.9900,2.11,no
2026-10-05T02:10:39.850753Z,KXSOL15M-26OCT042215-15,0.9900,40.00,no
2026-10-05T02:10:39.850753Z,KXSOL15M-26OCT042215-15,0.9900,11.89,no
2026-10-05T02:10:39.850753Z,KXSOL15M-26OCT042215-15,0.9900,17.00,no
2026-10-05T02:10:39.850753Z,KXSOL15M-26OCT042215-15,0.9890,72.89,no
2026-10-05T02:10:39.850753Z,KXSOL15M-26OCT042215-15,0.9900,9.00,no
2026-10-05T02:10:39.850753Z,KXSOL15M-26OCT042215-15,0.9890,0.03,no
2026-10-05T02:10:39.850753Z,KXSOL15M-26OCT042215-15,0.9890,40.00,no
2026-10-05T02:10:39.850753Z,KXSOL15M-26OCT042215-15,0.9870,40.00,no
2026-10-05T02:10:39.850753Z,KXSOL15M-26OCT042215-15,0.9880,0.03,no
2026-10-05T02:10:39.850753Z,KXSOL15M-26OCT042215-15,0.9880,13.00,no
2026-10-05T02:10:39.850753Z,KXSOL15M-26OCT042215-15,0.9860,0.03,no
2026-10-05T02:10:39.850753Z,KXSOL15M-26OCT042215-15,0.9870,0.03,no
2026-10-05T02:10:40.147872Z,KXSOL15M-26OCT042215-15,0.9910,10.00,yes
2026-10-05T02:10:40.147872Z,KXSOL15M-26OCT042215-15,0.9920,3.00,yes
2026-10-05T02:10:40.147872Z,KXSOL15M-26OCT042215-15,0.9930,3.00,yes
2026-10-05T02:10:40.147872Z,KXSOL15M-26OCT042215-15,0.9900,3.00,yes
2026-10-05T02:10:40.147872Z,KXSOL15M-26OCT042215-15,0.9910,7.00,yes
2026-10-05T02:10:40.147872Z,KXSOL15M-26OCT042215-15,0.9900,11.00,yes
2026-10-05T02:10:40.147872Z,KXSOL15M-26OCT042215-15,0.9920,40.00,yes
2026-10-05T02:10:40.147872Z,KXSOL15M-26OCT042215-15,0.9930,40.00,yes
2026-10-05T02:10:40.147872Z,KXSOL15M-26OCT042215-15,0.9940,0.45,yes
2026-10-05T02:10:41.414745Z,KXSOL15M-26OCT042215-15,0.9910,2.16,no
2026-10-05T02:10:41.414745Z,KXSOL15M-26OCT042215-15,0.9910,0.45,no
2026-10-05T02:10:41.852083Z,KXSOL15M-26OCT042215-15,0.9910,30.48,no
2026-10-05T02:10:42.397084Z,KXSOL15M-26OCT042215-15,0.9910,4.00,no
2026-10-05T02:10:42.712988Z,KXSOL15M-26OCT042215-15,0.9910,3.00,no
2026-10-05T02:10:43.11255Z,KXSOL15M-26OCT042215-15,0.9920,5.59,yes
2026-10-05T02:10:44.159413Z,KXSOL15M-26OCT042215-15,0.9920,23.16,yes
2026-10-05T02:10:44.511243Z,KXSOL15M-26OCT042215-15,0.9910,0.36,no
2026-10-05T02:10:44.511243Z,KXSOL15M-26OCT042215-15,0.9910,40.00,no
2026-10-05T02:10:44.511243Z,KXSOL15M-26OCT042215-15,0.9910,11.59,no
2026-10-05T02:10:46.941716Z,KXSOL15M-26OCT042215-15,0.9910,8.00,no
2026-10-05T02:10:46.943555Z,KXSOL15M-26OCT042215-15,0.9910,20.00,no
2026-10-05T02:10:47.924077Z,KXSOL15M-26OCT042215-15,0.9910,4.00,no
2026-10-05T02:10:48.146946Z,KXSOL15M-26OCT042215-15,0.9910,1.01,no
2026-10-05T02:10:49.669171Z,KXSOL15M-26OCT042215-15,0.9910,20.78,no
2026-10-05T02:10:49.794107Z,KXSOL15M-26OCT042215-15,0.9910,8.00,no
2026-10-05T02:10:50.067628Z,KXSOL15M-26OCT042215-15,0.9900,0.94,no
2026-10-05T02:10:50.067628Z,KXSOL15M-26OCT042215-15,0.9910,0.03,no
2026-10-05T02:10:50.067628Z,KXSOL15M-26OCT042215-15,0.9900,0.03,no
2026-10-05T02:10:50.07477Z,KXSOL15M-26OCT042215-15,0.9900,0.68,no
2026-10-05T02:10:50.462657Z,KXSOL15M-26OCT042215-15,0.9900,22.16,yes
2026-10-05T02:10:50.864028Z,KXSOL15M-26OCT042215-15,0.9850,3.99,no
2026-10-05T02:10:50.864028Z,KXSOL15M-26OCT042215-15,0.9880,0.04,no
2026-10-05T02:10:50.864028Z,KXSOL15M-26OCT042215-15,0.9890,0.03,no
2026-10-05T02:10:50.864028Z,KXSOL15M-26OCT042215-15,0.9860,0.03,no
2026-10-05T02:10:50.864028Z,KXSOL15M-26OCT042215-15,0.9870,0.03,no
2026-10-05T02:10:50.864028Z,KXSOL15M-26OCT042215-15,0.9870,4.00,no
2026-10-05T02:10:50.864028Z,KXSOL15M-26OCT042215-15,0.9860,21.00,no
2026-10-05T02:10:51.159516Z,KXSOL15M-26OCT042215-15,0.9900,7.00,yes
2026-10-05T02:10:51.159516Z,KXSOL15M-26OCT042215-15,0.9910,0.55,yes
2026-10-05T02:10:51.159516Z,KXSOL15M-26OCT042215-15,0.9890,12.00,yes
2026-10-05T02:10:51.159516Z,KXSOL15M-26OCT042215-15,0.9900,27.00,yes
2026-10-05T02:10:52.644823Z,KXSOL15M-26OCT042215-15,0.9910,3.00,yes
2026-10-05T02:10:52.644823Z,KXSOL15M-26OCT042215-15,0.9910,3.00,yes
2026-10-05T02:10:52.644823Z,KXSOL15M-26OCT042215-15,0.9910,12.45,yes
2026-10-05T02:10:52.644823Z,KXSOL15M-26OCT042215-15,0.9910,7.00,yes
2026-10-05T02:10:52.644823Z,KXSOL15M-26OCT042215-15,0.9910,5.00,yes
2026-10-05T02:10:52.644823Z,KXSOL15M-26OCT042215-15,0.9920,8.00,yes
2026-10-05T02:10:52.644823Z,KXSOL15M-26OCT042215-15,0.9920,2.00,yes
2026-10-05T02:10:52.644823Z,KXSOL15M-26OCT042215-15,0.9920,4.25,yes
2026-10-05T02:10:52.644823Z,KXSOL15M-26OCT042215-15,0.9920,7.47,yes
2026-10-05T02:10:52.644823Z,KXSOL15M-26OCT042215-15,0.9920,1.00,yes
2026-10-05T02:10:53.106399Z,KXSOL15M-26OCT042215-15,0.9890,0.03,no
2026-10-05T02:10:53.106399Z,KXSOL15M-26OCT042215-15,0.9870,0.04,no
2026-10-05T02:10:53.106399Z,KXSOL15M-26OCT042215-15,0.9880,0.03,no
2026-10-05T02:10:53.106399Z,KXSOL15M-26OCT042215-15,0.9900,0.03,no
2026-10-05T02:10:53.106399Z,KXSOL15M-26OCT042215-15,0.9890,1.00,no
2026-10-05T02:10:53.106399Z,KXSOL15M-26OCT042215-15,0.9910,11.00,no
2026-10-05T02:10:53.106399Z,KXSOL15M-26OCT042215-15,0.9860,12.00,no
2026-10-05T02:10:53.106399Z,KXSOL15M-26OCT042215-15,0.9860,0.04,no
2026-10-05T02:10:53.106399Z,KXSOL15M-26OCT042215-15,0.9900,12.00,no
2026-10-05T02:10:53.106399Z,KXSOL15M-26OCT042215-15,0.9850,0.04,no
2026-10-05T02:10:53.106399Z,KXSOL15M-26OCT042215-15,0.9850,23.27,no
2026-10-05T02:10:53.106399Z,KXSOL15M-26OCT042215-15,0.9850,7.50,no
2026-10-05T02:10:53.991322Z,KXSOL15M-26OCT042215-15,0.9900,28.00,no
2026-10-05T02:10:53.991322Z,KXSOL15M-26OCT042215-15,0.9890,0.03,no
2026-10-05T02:10:53.991322Z,KXSOL15M-26OCT042215-15,0.9890,50.97,no
2026-10-05T02:10:55.654026Z,KXSOL15M-26OCT042215-15,0.9870,4.29,no
2026-10-05T02:10:55.654026Z,KXSOL15M-26OCT042215-15,0.9880,0.03,no
2026-10-05T02:10:55.654026Z,KXSOL15M-26OCT042215-15,0.9880,18.00,no
2026-10-05T02:10:55.860209Z,KXSOL15M-26OCT042215-15,0.9880,5.05,yes
2026-10-05T02:10:56.333919Z,KXSOL15M-26OCT042215-15,0.9890,19.00,yes
2026-10-05T02:10:56.333919Z,KXSOL15M-26OCT042215-15,0.9890,5.00,yes
2026-10-05T02:10:58.488621Z,KXSOL15M-26OCT042215-15,0.9920,1.00,yes
2026-10-05T02:10:58.867136Z,KXSOL15M-26OCT042215-15,0.9910,11.83,no
2026-10-05T02:11:00.04563Z,KXSOL15M-26OCT042215-15,0.9920,9.00,yes
2026-10-05T02:11:00.04563Z,KXSOL15M-26OCT042215-15,0.9920,4.00,yes
2026-10-05T02:11:00.04563Z,KXSOL15M-26OCT042215-15,0.9920,7.00,yes
2026-10-05T02:11:01.104046Z,KXSOL15M-26OCT042215-15,0.9940,0.17,yes
2026-10-05T02:11:01.104046Z,KXSOL15M-26OCT042215-15,0.9930,9.00,yes
2026-10-05T02:11:01.104046Z,KXSOL15M-26OCT042215-15,0.9930,2.53,yes
2026-10-05T02:11:01.354904Z,KXSOL15M-26OCT042215-15,0.9930,2.00,yes
2026-10-05T02:11:01.354904Z,KXSOL15M-26OCT042215-15,0.9930,9.00,yes
2026-10-05T02:11:01.558993Z,KXSOL15M-26OCT042215-15,0.9930,0.55,yes
2026-10-05T02:11:01.558993Z,KXSOL15M-26OCT042215-15,0.9930,8.00,yes
2026-10-05T02:11:02.40953Z,KXSOL15M-26OCT042215-15,0.9940,2.01,yes
2026-10-05T02:11:02.831431Z,KXSOL15M-26OCT042215-15,0.9890,1.00,no
2026-10-05T02:11:02.831431Z,KXSOL15M-26OCT042215-15,0.9880,0.03,no
2026-10-05T02:11:02.831431Z,KXSOL15M-26OCT042215-15,0.9890,0.03,no
2026-10-05T02:11:02.831431Z,KXSOL15M-26OCT042215-15,0.9880,1.00,no
2026-10-05T02:11:02.831431Z,KXSOL15M-26OCT042215-15,0.9910,0.03,no
2026-10-05T02:11:02.831431Z,KXSOL15M-26OCT042215-15,0.9900,0.03,no
2026-10-05T02:11:02.831431Z,KXSOL15M-26OCT042215-15,0.9870,0.03,no
2026-10-05T02:11:02.831431Z,KXSOL15M-26OCT042215-15,0.9930,0.17,no
2026-10-05T02:11:02.831431Z,KXSOL15M-26OCT042215-15,0.9930,0.03,no
2026-10-05T02:11:02.831431Z,KXSOL15M-26OCT042215-15,0.9870,128.53,no
2026-10-05T02:11:02.831431Z,KXSOL15M-26OCT042215-15,0.9880,14.00,no
2026-10-05T02:11:02.831431Z,KXSOL15M-26OCT042215-15,0.9920,3.00,no
2026-10-05T02:11:02.831431Z,KXSOL15M-26OCT042215-15,0.9920,0.03,no
2026-10-05T02:11:02.831431Z,KXSOL15M-26OCT042215-15,0.9890,3.00,no
2026-10-05T02:11:02.831431Z,KXSOL15M-26OCT042215-15,0.9930,5.00,no
2026-10-05T02:11:02.831431Z,KXSOL15M-26OCT042215-15,0.9880,3.00,no
2026-10-05T02:11:02.831431Z,KXSOL15M-26OCT042215-15,0.9930,2.01,no
2026-10-05T02:11:02.831431Z,KXSOL15M-26OCT042215-15,0.9930,45.00,no
2026-10-05T02:11:02.831431Z,KXSOL15M-26OCT042215-15,0.9910,4.00,no
2026-10-05T02:11:02.831431Z,KXSOL15M-26OCT042215-15,0.9900,3.00,no
2026-10-05T02:11:02.831431Z,KXSOL15M-26OCT042215-15,0.9890,41.73,no
2026-10-05T02:11:03.02653Z,KXSOL15M-26OCT042215-15,0.9920,14.78,yes
2026-10-05T02:11:03.157583Z,KXSOL15M-26OCT042215-15,0.9930,2.00,yes
2026-10-05T02:11:03.157583Z,KXSOL15M-26OCT042215-15,0.9930,10.00,yes
2026-10-05T02:11:05.22184Z,KXSOL15M-26OCT042215-15,0.9930,10.00,yes
2026-10-05T02:11:05.22184Z,KXSOL15M-26OCT042215-15,0.9930,9.00,yes
2026-10-05T02:11:05.22184Z,KXSOL15M-26OCT042215-15,0.9930,11.19,yes
2026-10-05T02:11:08.021388Z,KXSOL15M-26OCT042215-15,0.9930,10.00,yes
2026-10-05T02:11:08.581904Z,KXSOL15M-26OCT042215-15,0.9920,8.00,no
2026-10-05T02:11:08.581904Z,KXSOL15M-26OCT042215-15,0.9920,31.00,no
2026-10-05T02:11:08.581904Z,KXSOL15M-26OCT042215-15,0.9920,0.03,no
2026-10-05T02:11:08.581904Z,KXSOL15M-26OCT042215-15,0.9900,54.37,no
2026-10-05T02:11:08.581904Z,KXSOL15M-26OCT042215-15,0.9910,0.03,no
2026-10-05T02:11:08.581904Z,KXSOL15M-26OCT042215-15,0.9900,0.03,no
2026-10-05T02:11:08.642744Z,KXSOL15M-26OCT042215-15,0.9930,6.00,yes
2026-10-05T02:11:09.220203Z,KXSOL15M-26OCT042215-15,0.9870,0.95,no
2026-10-05T02:11:09.220203Z,KXSOL15M-26OCT042215-15,0.9880,0.03,no
2026-10-05T02:11:09.220203Z,KXSOL15M-26OCT042215-15,0.9890,0.03,no
2026-10-05T02:11:10.620731Z,KXSOL15M-26OCT042215-15,0.9910,20.00,no
2026-10-05T02:11:10.620731Z,KXSOL15M-26OCT042215-15,0.9900,67.33,no
2026-10-05T02:11:10.620731Z,KXSOL15M-26OCT042215-15,0.9910,9.00,no
2026-10-05T02:11:11.326697Z,KXSOL15M-26OCT042215-15,0.9920,6.00,yes
2026-10-05T02:11:11.802263Z,KXSOL15M-26OCT042215-15,0.9910,0.03,no
2026-10-05T02:11:11.802263Z,KXSOL15M-26OCT042215-15,0.9910,5.00,no
2026-10-05T02:11:11.802263Z,KXSOL15M-26OCT042215-15,0.9910,1.97,no
2026-10-05T02:11:15.068495Z,KXSOL15M-26OCT042215-15,0.9900,4.97,no
2026-10-05T02:11:15.068495Z,KXSOL15M-26OCT042215-15,0.9910,0.03,no
2026-10-05T02:11:17.67794Z,KXSOL15M-26OCT042215-15,0.9920,21.00,yes
2026-10-05T02:11:18.28758Z,KXSOL15M-26OCT042215-15,0.9930,1.00,yes
2026-10-05T02:11:18.28758Z,KXSOL15M-26OCT042215-15,0.9930,10.00,yes
2026-10-05T02:11:18.28758Z,KXSOL15M-26OCT042215-15,0.9930,9.00,yes
2026-10-05T02:11:19.445065Z,KXSOL15M-26OCT042215-15,0.9920,8.01,no
2026-10-05T02:11:19.445065Z,KXSOL15M-26OCT042215-15,0.9920,12.00,no
2026-10-05T02:11:19.75258Z,KXSOL15M-26OCT042215-15,0.9910,0.26,no
2026-10-05T02:11:21.293008Z,KXSOL15M-26OCT042215-15,0.9930,4.00,yes
2026-10-05T02:11:21.299556Z,KXSOL15M-26OCT042215-15,0.9930,1.00,yes
2026-10-05T02:11:21.48043Z,KXSOL15M-26OCT042215-15,0.9800,65.00,no
2026-10-05T02:11:21.48043Z,KXSOL15M-26OCT042215-15,0.9870,220.52,no
2026-10-05T02:11:21.48043Z,KXSOL15M-26OCT042215-15,0.9870,0.05,no
2026-10-05T02:11:21.48043Z,KXSOL15M-26OCT042215-15,0.9850,0.04,no
2026-10-05T02:11:21.48043Z,KXSOL15M-26OCT042215-15,0.9860,0.03,no
2026-10-05T02:11:21.48043Z,KXSOL15M-26OCT042215-15,0.9900,30.00,no
2026-10-05T02:11:21.48043Z,KXSOL15M-26OCT042215-15,0.9920,7.00,no
2026-10-05T02:11:21.48043Z,KXSOL15M-26OCT042215-15,0.9920,17.00,no
2026-10-05T02:11:21.48043Z,KXSOL15M-26OCT042215-15,0.9900,5.00,no
2026-10-05T02:11:21.48043Z,KXSOL15M-26OCT042215-15,0.9800,187.64,no
2026-10-05T02:11:21.48043Z,KXSOL15M-26OCT042215-15,0.9920,6.00,no
2026-10-05T02:11:21.48043Z,KXSOL15M-26OCT042215-15,0.9880,3.00,no
2026-10-05T02:11:21.48043Z,KXSOL15M-26OCT042215-15,0.9900,27.70,no
2026-10-05T02:11:21.48043Z,KXSOL15M-26OCT042215-15,0.9850,6.00,no
2026-10-05T02:11:21.48043Z,KXSOL15M-26OCT042215-15,0.9880,14.00,no
2026-10-05T02:11:21.48043Z,KXSOL15M-26OCT042215-15,0.9870,3.00,no
2026-10-05T02:11:21.48043Z,KXSOL15M-26OCT042215-15,0.9840,0.03,no
2026-10-05T02:11:21.48043Z,KXSOL15M-26OCT042215-15,0.9820,0.03,no
2026-10-05T02:11:21.48043Z,KXSOL15M-26OCT042215-15,0.9840,10.00,no
2026-10-05T02:11:21.48043Z,KXSOL15M-26OCT042215-15,0.9830,0.03,no
2026-10-05T02:11:21.48043Z,KXSOL15M-26OCT042215-15,0.9810,0.06,no
2026-10-05T02:11:21.48043Z,KXSOL15M-26OCT042215-15,0.9800,0.07,no
2026-10-05T02:11:22.107601Z,KXSOL15M-26OCT042215-15,0.9950,11.00,yes
2026-10-05T02:11:22.107601Z,KXSOL15M-26OCT042215-15,0.9950,40.00,yes
2026-10-05T02:11:22.107601Z,KXSOL15M-26OCT042215-15,0.9940,37.37,yes
2026-10-05T02:11:22.107601Z,KXSOL15M-26OCT042215-15,0.9950,1.00,yes
2026-10-05T02:11:22.107601Z,KXSOL15M-26OCT042215-15,0.9950,600.00,yes
2026-10-05T02:11:22.107601Z,KXSOL15M-26OCT042215-15,0.9940,500.00,yes
2026-10-05T02:11:22.107601Z,KXSOL15M-26OCT042215-15,0.9950,3.00,yes
2026-10-05T02:11:22.107601Z,KXSOL15M-26OCT042215-15,0.9930,16.00,yes
2026-10-05T02:11:22.107601Z,KXSOL15M-26OCT042215-15,0.9930,9.00,yes
2026-10-05T02:11:22.107601Z,KXSOL15M-26OCT042215-15,0.9930,5.00,yes
2026-10-05T02:11:22.107601Z,KXSOL15M-26OCT042215-15,0.9950,5.00,yes
2026-10-05T02:11:24.112204Z,KXSOL15M-26OCT042215-15,0.9950,10.00,yes
2026-10-05T02:11:24.112204Z,KXSOL15M-26OCT042215-15,0.9940,22.00,yes
2026-10-05T02:11:24.112204Z,KXSOL15M-26OCT042215-15,0.9950,6.00,yes
2026-10-05T02:11:24.112204Z,KXSOL15M-26OCT042215-15,0.9940,21.00,yes
2026-10-05T02:11:25.098004Z,KXSOL15M-26OCT042215-15,0.9950,31.00,yes
2026-10-05T02:11:25.098004Z,KXSOL15M-26OCT042215-15,0.9950,6.00,yes
2026-10-05T02:11:25.098004Z,KXSOL15M-26OCT042215-15,0.9950,10.00,yes
2026-10-05T02:11:26.09105Z,KXSOL15M-26OCT042215-15,0.9950,10.00,yes
2026-10-05T02:11:26.09105Z,KXSOL15M-26OCT042215-15,0.9950,3.00,yes
2026-10-05T02:11:26.09105Z,KXSOL15M-26OCT042215-15,0.9950,11.00,yes
2026-10-05T02:11:26.09105Z,KXSOL15M-26OCT042215-15,0.9950,6.00,yes
2026-10-05T02:11:26.09105Z,KXSOL15M-26OCT042215-15,0.9950,14.00,yes
2026-10-05T02:11:26.227667Z,KXSOL15M-26OCT042215-15,0.9940,2.00,no
2026-10-05T02:11:28.875055Z,KXSOL15M-26OCT042215-15,0.9960,82.00,yes
2026-10-05T02:11:28.875055Z,KXSOL15M-26OCT042215-15,0.9960,22.51,yes
2026-10-05T02:11:28.875055Z,KXSOL15M-26OCT042215-15,0.9950,10.00,yes
2026-10-05T02:11:28.875055Z,KXSOL15M-26OCT042215-15,0.9950,6.00,yes
2026-10-05T02:11:29.875494Z,KXSOL15M-26OCT042215-15,0.9940,5.00,no
2026-10-05T02:11:29.913805Z,KXSOL15M-26OCT042215-15,0.9940,5.00,no
2026-10-05T02:11:30.015993Z,KXSOL15M-26OCT042215-15,0.9940,5.00,no
2026-10-05T02:11:30.225322Z,KXSOL15M-26OCT042215-15,0.9940,23.00,no
2026-10-05T02:11:31.387434Z,KXSOL15M-26OCT042215-15,0.9940,33.33,yes
2026-10-05T02:11:31.387434Z,KXSOL15M-26OCT042215-15,0.9940,5.00,yes
2026-10-05T02:11:32.30181Z,KXSOL15M-26OCT042215-15,0.9930,37.37,no
2026-10-05T02:11:32.30181Z,KXSOL15M-26OCT042215-15,0.9930,93.53,no
2026-10-05T02:11:34.398777Z,KXSOL15M-26OCT042215-15,0.9940,5.05,no
2026-10-05T02:11:35.563053Z,KXSOL15M-26OCT042215-15,0.9930,19.47,no
2026-10-05T02:11:35.563053Z,KXSOL15M-26OCT042215-15,0.9930,11.00,no
2026-10-05T02:11:35.563053Z,KXSOL15M-26OCT042215-15,0.9920,11.69,no
2026-10-05T02:11:35.563053Z,KXSOL15M-26OCT042215-15,0.9940,6.95,no
2026-10-05T02:11:35.563053Z,KXSOL15M-26OCT042215-15,0.9940,18.00,no
2026-10-05T02:11:36.249269Z,KXSOL15M-26OCT042215-15,0.9910,27.41,no
2026-10-05T02:11:36.249269Z,KXSOL15M-26OCT042215-15,0.9920,113.31,no
2026-10-05T02:11:36.249269Z,KXSOL15M-26OCT042215-15,0.9920,22.51,no
2026-10-05T02:11:36.249269Z,KXSOL15M-26OCT042215-15,0.9920,112.00,no
2026-10-05T02:11:36.249269Z,KXSOL15M-26OCT042215-15,0.9930,54.00,no
2026-10-05T02:11:36.249269Z,KXSOL15M-26OCT042215-15,0.9940,10.00,no
2026-10-05T02:11:39.513411Z,KXSOL15M-26OCT042215-15,0.9910,34.13,no
2026-10-05T02:11:42.937087Z,KXSOL15M-26OCT042215-15,0.9930,21.00,no
2026-10-05T02:11:42.937087Z,KXSOL15M-26OCT042215-15,0.9930,12.00,no
2026-10-05T02:11:42.937087Z,KXSOL15M-26OCT042215-15,0.9910,25.97,no
2026-10-05T02:11:47.273796Z,KXSOL15M-26OCT042215-15,0.9960,41.34,yes
2026-10-05T02:11:47.273796Z,KXSOL15M-26OCT042215-15,0.9950,6.00,yes
2026-10-05T02:11:47.273796Z,KXSOL15M-26OCT042215-15,0.9950,10.00,yes
2026-10-05T02:11:47.273796Z,KXSOL15M-26OCT042215-15,0.9930,12.00,yes
2026-10-05T02:11:47.338197Z,KXSOL15M-26OCT042215-15,0.9900,69.92,no
2026-10-05T02:11:47.338197Z,KXSOL15M-26OCT042215-15,0.9910,37.49,no
2026-10-05T02:11:47.338197Z,KXSOL15M-26OCT042215-15,0.9900,124.00,no
2026-10-05T02:11:47.338197Z,KXSOL15M-26OCT042215-15,0.9910,112.00,no
2026-10-05T02:11:47.338197Z,KXSOL15M-26OCT042215-15,0.9920,39.00,no
2026-10-05T02:11:47.338197Z,KXSOL15M-26OCT042215-15,0.9900,100.00,no
2026-10-05T02:11:50.807425Z,KXSOL15M-26OCT042215-15,0.9920,7.00,no
2026-10-05T02:11:50.845321Z,KXSOL15M-26OCT042215-15,0.9920,23.00,no
2026-10-05T02:11:50.852356Z,KXSOL15M-26OCT042215-15,0.9920,1.00,no
2026-10-05T02:11:50.98275Z,KXSOL15M-26OCT042215-15,0.9920,10.00,no
2026-10-05T02:11:51.085349Z,KXSOL15M-26OCT042215-15,0.9930,12.26,yes
2026-10-05T02:11:55.900602Z,KXSOL15M-26OCT042215-15,0.9950,6.00,yes
2026-10-05T02:11:55.900602Z,KXSOL15M-26OCT042215-15,0.9950,10.00,yes
2026-10-05T02:11:55.900602Z,KXSOL15M-26OCT042215-15,0.9930,59.00,yes
2026-10-05T02:11:55.900602Z,KXSOL15M-26OCT042215-15,0.9930,32.74,yes
2026-10-05T02:11:57.306994Z,KXSOL15M-26OCT042215-15,0.9940,7.00,yes
2026-10-05T02:11:57.306994Z,KXSOL15M-26OCT042215-15,0.9940,10.00,yes
2026-10-05T02:11:57.306994Z,KXSOL15M-26OCT042215-15,0.9950,67.00,yes
2026-10-05T02:11:59.00007Z,KXSOL15M-26OCT042215-15,0.9950,15.22,no
2026-10-05T02:12:00.130025Z,KXSOL15M-26OCT042215-15,0.9950,37.78,no
2026-10-05T02:12:00.130025Z,KXSOL15M-26OCT042215-15,0.9940,17.00,no
2026-10-05T02:12:00.130025Z,KXSOL15M-26OCT042215-15,0.9950,30.00,no
2026-10-05T02:12:00.130025Z,KXSOL15M-26OCT042215-15,0.9920,0.34,no
2026-10-05T02:12:00.130025Z,KXSOL15M-26OCT042215-15,0.9910,18.00,no
2026-10-05T02:12:00.130025Z,KXSOL15M-26OCT042215-15,0.9930,22.00,no
2026-10-05T02:12:00.130025Z,KXSOL15M-26OCT042215-15,0.9900,14.96,no
2026-10-05T02:12:00.483485Z,KXSOL15M-26OCT042215-15,0.9950,42.00,yes
2026-10-05T02:12:00.483485Z,KXSOL15M-26OCT042215-15,0.9950,6.00,yes
2026-10-05T02:12:00.483485Z,KXSOL15M-26OCT042215-15,0.9950,10.00,yes
2026-10-05T02:12:00.922004Z,KXSOL15M-26OCT042215-15,0.9960,286.15,yes
2026-10-05T02:12:00.922004Z,KXSOL15M-26OCT042215-15,0.9960,164.85,yes
2026-10-05T02:12:02.900429Z,KXSOL15M-26OCT042215-15,0.9960,26.00,yes
2026-10-05T02:12:03.583605Z,KXSOL15M-26OCT042215-15,0.9960,26.00,yes
2026-10-05T02:12:04.088487Z,KXSOL15M-26OCT042215-15,0.9960,14.00,yes
2026-10-05T02:12:04.088487Z,KXSOL15M-26OCT042215-15,0.9960,7.00,yes
2026-10-05T02:12:06.042242Z,KXSOL15M-26OCT042215-15,0.9950,2.00,no
2026-10-05T02:12:06.048324Z,KXSOL15M-26OCT042215-15,0.9950,2.00,no
2026-10-05T02:12:06.350224Z,KXSOL15M-26OCT042215-15,0.9950,2.00,no
2026-10-05T02:12:06.554847Z,KXSOL15M-26OCT042215-15,0.9950,2.00,no
2026-10-05T02:12:07.25542Z,KXSOL15M-26OCT042215-15,0.9950,6.00,no
2026-10-05T02:12:07.262265Z,KXSOL15M-26OCT042215-15,0.9950,2.00,no
2026-10-05T02:12:07.465292Z,KXSOL15M-26OCT042215-15,0.9950,2.00,no
2026-10-05T02:12:08.656984Z,KXSOL15M-26OCT042215-15,0.9950,14.00,no
2026-10-05T02:12:08.656984Z,KXSOL15M-26OCT042215-15,0.9950,8.00,no
2026-10-05T02:12:08.656984Z,KXSOL15M-26OCT042215-15,0.9950,1.00,no
2026-10-05T02:12:10.687114Z,KXSOL15M-26OCT042215-15,0.9960,1.00,yes
2026-10-05T02:12:10.687114Z,KXSOL15M-26OCT042215-15,0.9960,6.00,yes
2026-10-05T02:12:10.687114Z,KXSOL15M-26OCT042215-15,0.9960,1.00,yes
2026-10-05T02:12:10.687114Z,KXSOL15M-26OCT042215-15,0.9960,1.00,yes
2026-10-05T02:12:10.687114Z,KXSOL15M-26OCT042215-15,0.9960,1.00,yes
2026-10-05T02:12:10.687114Z,KXSOL15M-26OCT042215-15,0.9960,1.00,yes
2026-10-05T02:12:10.687114Z,KXSOL15M-26OCT042215-15,0.9960,6.00,yes
2026-10-05T02:12:10.687114Z,KXSOL15M-26OCT042215-15,0.9960,10.00,yes
2026-10-05T02:12:10.922003Z,KXSOL15M-26OCT042215-15,0.9970,30.03,yes
2026-10-05T02:12:11.582206Z,KXSOL15M-26OCT042215-15,0.9970,10.02,yes
2026-10-05T02:12:12.165078Z,KXSOL15M-26OCT042215-15,0.9960,41.00,no
2026-10-05T02:12:12.165078Z,KXSOL15M-26OCT042215-15,0.9950,117.93,no
2026-10-05T02:12:12.165078Z,KXSOL15M-26OCT042215-15,0.9960,34.00,no
2026-10-05T02:12:14.610444Z,KXSOL15M-26OCT042215-15,0.9960,6.00,yes
2026-10-05T02:12:14.610444Z,KXSOL15M-26OCT042215-15,0.9960,4.00,yes
2026-10-05T02:12:14.617831Z,KXSOL15M-26OCT042215-15,0.9960,6.00,yes
2026-10-05T02:12:14.621526Z,KXSOL15M-26OCT042215-15,0.9960,1.00,yes
2026-10-05T02:12:14.780883Z,KXSOL15M-26OCT042215-15,0.9960,3.00,yes
2026-10-05T02:12:14.884142Z,KXSOL15M-26OCT042215-15,0.9960,7.00,yes
2026-10-05T02:12:14.890156Z,KXSOL15M-26OCT042215-15,0.9960,2.00,yes
2026-10-05T02:12:15.876383Z,KXSOL15M-26OCT042215-15,0.9960,34.00,no
2026-10-05T02:12:15.876383Z,KXSOL15M-26OCT042215-15,0.9950,158.93,no
2026-10-05T02:12:17.732324Z,KXSOL15M-26OCT042215-15,0.9950,4.00,no
2026-10-05T02:12:17.732324Z,KXSOL15M-26OCT042215-15,0.9950,1.00,no
2026-10-05T02:12:17.732324Z,KXSOL15M-26OCT042215-15,0.9960,19.00,no
2026-10-05T02:12:17.732324Z,KXSOL15M-26OCT042215-15,0.9940,6.79,no
2026-10-05T02:12:17.732324Z,KXSOL15M-26OCT042215-15,0.9950,9.29,no
2026-10-05T02:12:19.897853Z,KXSOL15M-26OCT042215-15,0.9970,1.00,yes
2026-10-05T02:12:20.330674Z,KXSOL15M-26OCT042215-15,0.9970,1.00,yes
2026-10-05T02:12:20.408035Z,KXSOL15M-26OCT042215-15,0.9940,20.21,no
2026-10-05T02:12:20.408035Z,KXSOL15M-26OCT042215-15,0.9920,28.00,no
2026-10-05T02:12:20.408035Z,KXSOL15M-26OCT042215-15,0.9930,28.00,no
2026-10-05T02:12:20.408035Z,KXSOL15M-26OCT042215-15,0.9930,4.00,no
2026-10-05T02:12:20.408035Z,KXSOL15M-26OCT042215-15,0.9940,4.00,no
2026-10-05T02:12:20.408035Z,KXSOL15M-26OCT042215-15,0.9920,4.00,no
2026-10-05T02:12:20.408035Z,KXSOL15M-26OCT042215-15,0.9930,1.00,no
2026-10-05T02:12:20.408035Z,KXSOL15M-26OCT042215-15,0.9960,26.00,no
2026-10-05T02:12:20.408035Z,KXSOL15M-26OCT042215-15,0.9960,19.00,no
2026-10-05T02:12:20.408035Z,KXSOL15M-26OCT042215-15,0.9960,1.00,no
2026-10-05T02:12:20.408035Z,KXSOL15M-26OCT042215-15,0.9960,1.00,no
2026-10-05T02:12:20.408035Z,KXSOL15M-26OCT042215-15,0.9930,2.00,no
2026-10-05T02:12:20.408035Z,KXSOL15M-26OCT042215-15,0.9930,4.00,no
2026-10-05T02:12:20.408035Z,KXSOL15M-26OCT042215-15,0.9920,3.23,no
2026-10-05T02:12:20.408035Z,KXSOL15M-26OCT042215-15,0.9940,1.00,no
2026-10-05T02:12:20.408035Z,KXSOL15M-26OCT042215-15,0.9940,4.00,no
2026-10-05T02:12:22.607412Z,KXSOL15M-26OCT042215-15,0.9940,72.00,yes
2026-10-05T02:12:23.770107Z,KXSOL15M-26OCT042215-15,0.9900,27.12,no
2026-10-05T02:12:23.770107Z,KXSOL15M-26OCT042215-15,0.9910,5.00,no
2026-10-05T02:12:23.770107Z,KXSOL15M-26OCT042215-15,0.9910,2.00,no
2026-10-05T02:12:23.770107Z,KXSOL15M-26OCT042215-15,0.9920,2.00,no
2026-10-05T02:12:23.770107Z,KXSOL15M-26OCT042215-15,0.9920,1.77,no
2026-10-05T02:12:23.770107Z,KXSOL15M-26OCT042215-15,0.9910,18.00,no
2026-10-05T02:12:23.770107Z,KXSOL15M-26OCT042215-15,0.9910,6.00,no
2026-10-05T02:12:23.770107Z,KXSOL15M-26OCT042215-15,0.9900,6.31,no
2026-10-05T02:12:23.770107Z,KXSOL15M-26OCT042215-15,0.9910,29.00,no
2026-10-05T02:12:24.133517Z,KXSOL15M-26OCT042215-15,0.9930,13.00,yes
2026-10-05T02:12:24.133517Z,KXSOL15M-26OCT042215-15,0.9930,26.00,yes
2026-10-05T02:12:24.25193Z,KXSOL15M-26OCT042215-15,0.9920,16.00,no
2026-10-05T02:12:24.25193Z,KXSOL15M-26OCT042215-15,0.9920,6.00,no
2026-10-05T02:12:24.387491Z,KXSOL15M-26OCT042215-15,0.9950,1.00,yes
2026-10-05T02:12:24.387491Z,KXSOL15M-26OCT042215-15,0.9940,18.00,yes
2026-10-05T02:12:24.877147Z,KXSOL15M-26OCT042215-15,0.9970,16.00,yes
2026-10-05T02:12:24.877147Z,KXSOL15M-26OCT042215-15,0.9960,10.00,yes
2026-10-05T02:12:24.877147Z,KXSOL15M-26OCT042215-15,0.9960,6.00,yes
2026-10-05T02:12:24.941967Z,KXSOL15M-26OCT042215-15,0.9960,16.00,no
2026-10-05T02:12:31.045154Z,KXSOL15M-26OCT042215-15,0.9960,6.00,yes
2026-10-05T02:12:31.045154Z,KXSOL15M-26OCT042215-15,0.9960,10.00,yes
2026-10-05T02:12:32.105722Z,KXSOL15M-26OCT042215-15,0.9970,250.00,yes
2026-10-05T02:12:32.105722Z,KXSOL15M-26OCT042215-15,0.9970,30.00,yes
2026-10-05T02:12:32.105722Z,KXSOL15M-26OCT042215-15,0.9970,22.00,yes
2026-10-05T02:12:32.105722Z,KXSOL15M-26OCT042215-15,0.9970,2.03,yes
2026-10-05T02:12:32.26613Z,KXSOL15M-26OCT042215-15,0.9960,23.38,no
2026-10-05T02:12:32.347649Z,KXSOL15M-26OCT042215-15,0.9960,9.38,no
2026-10-05T02:12:32.347649Z,KXSOL15M-26OCT042215-15,0.9960,0.62,no
2026-10-05T02:12:32.354814Z,KXSOL15M-26OCT042215-15,0.9960,1.00,no
2026-10-05T02:12:32.361275Z,KXSOL15M-26OCT042215-15,0.9960,1.00,no
2026-10-05T02:12:32.369447Z,KXSOL15M-26OCT042215-15,0.9960,1.00,no
2026-10-05T02:12:32.561108Z,KXSOL15M-26OCT042215-15,0.9960,3.62,no
2026-10-05T02:12:32.561108Z,KXSOL15M-26OCT042215-15,0.9960,6.38,no
2026-10-05T02:12:32.566882Z,KXSOL15M-26OCT042215-15,0.9960,1.00,no
2026-10-05T02:12:35.322098Z,KXSOL15M-26OCT042215-15,0.9960,40.00,no
2026-10-05T02:12:35.322098Z,KXSOL15M-26OCT042215-15,0.9960,2.42,no
2026-10-05T02:12:35.322098Z,KXSOL15M-26OCT042215-15,0.9960,40.00,no
2026-10-05T02:12:35.322098Z,KXSOL15M-26OCT042215-15,0.9960,26.62,no
2026-10-05T02:12:35.322098Z,KXSOL15M-26OCT042215-15,0.9960,40.00,no
2026-10-05T02:12:35.322098Z,KXSOL15M-26OCT042215-15,0.9960,40.00,no
2026-10-05T02:12:35.322098Z,KXSOL15M-26OCT042215-15,0.9960,40.00,no
2026-10-05T02:12:37.042729Z,KXSOL15M-26OCT042215-15,0.9960,71.58,no
2026-10-05T02:12:37.042729Z,KXSOL15M-26OCT042215-15,0.9960,22.00,no
2026-10-05T02:12:37.042729Z,KXSOL15M-26OCT042215-15,0.9940,30.00,no
2026-10-05T02:12:37.042729Z,KXSOL15M-26OCT042215-15,0.9960,250.00,no
2026-10-05T02:12:37.042729Z,KXSOL15M-26OCT042215-15,0.9950,15.00,no
2026-10-05T02:12:37.042729Z,KXSOL15M-26OCT042215-15,0.9910,18.00,no
2026-10-05T02:12:37.042729Z,KXSOL15M-26OCT042215-15,0.9910,5.89,no
2026-10-05T02:12:38.536062Z,KXSOL15M-26OCT042215-15,0.9970,15.00,yes
2026-10-05T02:12:39.519311Z,KXSOL15M-26OCT042215-15,0.9970,2.00,yes
2026-10-05T02:12:39.519311Z,KXSOL15M-26OCT042215-15,0.9970,0.03,yes
2026-10-05T02:12:39.519311Z,KXSOL15M-26OCT042215-15,0.9970,2.00,yes
2026-10-05T02:12:39.519311Z,KXSOL15M-26OCT042215-15,0.9970,2.00,yes
2026-10-05T02:12:39.519311Z,KXSOL15M-26OCT042215-15,0.9970,0.97,yes
2026-10-05T02:12:40.228704Z,KXSOL15M-26OCT042215-15,0.9960,69.34,no
2026-10-05T02:12:41.492977Z,KXSOL15M-26OCT042215-15,0.9900,2.55,no
2026-10-05T02:12:41.492977Z,KXSOL15M-26OCT042215-15,0.9900,20.00,no
2026-10-05T02:12:41.492977Z,KXSOL15M-26OCT042215-15,0.9900,1.00,no
2026-10-05T02:12:41.492977Z,KXSOL15M-26OCT042215-15,0.9900,22.69,no
2026-10-05T02:12:41.492977Z,KXSOL15M-26OCT042215-15,0.9900,5.00,no
2026-10-05T02:12:41.492977Z,KXSOL15M-26OCT042215-15,0.9900,3.00,no
2026-10-05T02:12:41.492977Z,KXSOL15M-26OCT042215-15,0.9960,22.00,no
2026-10-05T02:12:41.492977Z,KXSOL15M-26OCT042215-15,0.9960,27.00,no
2026-10-05T02:12:41.492977Z,KXSOL15M-26OCT042215-15,0.9910,18.00,no
2026-10-05T02:12:41.492977Z,KXSOL15M-26OCT042215-15,0.9910,3.00,no
2026-10-05T02:12:41.665949Z,KXSOL15M-26OCT042215-15,0.9900,5.00,no
2026-10-05T02:12:43.661298Z,KXSOL15M-26OCT042215-15,0.9970,1.97,yes
2026-10-05T02:12:43.661298Z,KXSOL15M-26OCT042215-15,0.9970,2.00,yes
2026-10-05T02:12:43.661298Z,KXSOL15M-26OCT042215-15,0.9960,57.00,yes
2026-10-05T02:12:43.661298Z,KXSOL15M-26OCT042215-15,0.9970,106.00,yes
2026-10-05T02:12:43.661298Z,KXSOL15M-26OCT042215-15,0.9960,6.00,yes
2026-10-05T02:12:43.661298Z,KXSOL15M-26OCT042215-15,0.9970,10.00,yes
2026-10-05T02:12:44.151136Z,KXSOL15M-26OCT042215-15,0.9960,2.00,no
2026-10-05T02:12:44.151136Z,KXSOL15M-26OCT042215-15,0.9960,8.00,no
2026-10-05T02:12:44.272354Z,KXSOL15M-26OCT042215-15,0.9960,23.37,no
2026-10-05T02:12:46.679575Z,KXSOL15M-26OCT042215-15,0.9970,20.00,yes
2026-10-05T02:12:47.368797Z,KXSOL15M-26OCT042215-15,0.9970,22.00,yes
2026-10-05T02:12:49.945907Z,KXSOL15M-26OCT042215-15,0.9970,21.00,yes
2026-10-05T02:12:49.952682Z,KXSOL15M-26OCT042215-15,0.9970,9.00,yes
2026-10-05T02:12:50.069358Z,KXSOL15M-26OCT042215-15,0.9970,10.00,yes
2026-10-05T02:12:50.076669Z,KXSOL15M-26OCT042215-15,0.9970,5.00,yes
2026-10-05T02:12:50.490914Z,KXSOL15M-26OCT042215-15,0.9970,10.00,yes
2026-10-05T02:12:50.496573Z,KXSOL15M-26OCT042215-15,0.9970,10.00,yes
2026-10-05T02:12:50.502939Z,KXSOL15M-26OCT042215-15,0.9970,10.00,yes
2026-10-05T02:12:51.029047Z,KXSOL15M-26OCT042215-15,0.9970,21.00,yes
2026-10-05T02:12:51.036589Z,KXSOL15M-26OCT042215-15,0.9970,2.00,yes
2026-10-05T02:12:51.036589Z,KXSOL15M-26OCT042215-15,0.9970,2.00,yes
2026-10-05T02:12:51.036589Z,KXSOL15M-26OCT042215-15,0.9970,6.00,yes
2026-10-05T02:12:51.043891Z,KXSOL15M-26OCT042215-15,0.9970,8.00,yes
2026-10-05T02:12:51.051129Z,KXSOL15M-26OCT042215-15,0.9970,2.00,yes
2026-10-05T02:12:52.761754Z,KXSOL15M-26OCT042215-15,0.9970,15.27,no
2026-10-05T02:12:52.90924Z,KXSOL15M-26OCT042215-15,0.9950,45.92,no
2026-10-05T02:12:52.90924Z,KXSOL15M-26OCT042215-15,0.9960,21.00,no
2026-10-05T02:12:52.90924Z,KXSOL15M-26OCT042215-15,0.9970,31.73,no
2026-10-05T02:12:52.90924Z,KXSOL15M-26OCT042215-15,0.9970,37.00,no
2026-10-05T02:12:52.90924Z,KXSOL15M-26OCT042215-15,0.9960,6.00,no
2026-10-05T02:12:52.90924Z,KXSOL15M-26OCT042215-15,0.9960,10.00,no
2026-10-05T02:12:52.90924Z,KXSOL15M-26OCT042215-15,0.9960,9.00,no
2026-10-05T02:12:52.90924Z,KXSOL15M-26OCT042215-15,0.9960,21.00,no
2026-10-05T02:12:52.90924Z,KXSOL15M-26OCT042215-15,0.9960,10.00,no
2026-10-05T02:12:52.90924Z,KXSOL15M-26OCT042215-15,0.9960,10.00,no
2026-10-05T02:12:52.90924Z,KXSOL15M-26OCT042215-15,0.9960,10.00,no
2026-10-05T02:12:52.90924Z,KXSOL15M-26OCT042215-15,0.9960,5.00,no
2026-10-05T02:12:52.90924Z,KXSOL15M-26OCT042215-15,0.9960,22.00,no
2026-10-05T02:12:55.108644Z,KXSOL15M-26OCT042215-15,0.9900,36.27,no
2026-10-05T02:12:55.108644Z,KXSOL15M-26OCT042215-15,0.9970,20.00,no
2026-10-05T02:12:55.108644Z,KXSOL15M-26OCT042215-15,0.9970,57.00,no
2026-10-05T02:12:55.108644Z,KXSOL15M-26OCT042215-15,0.9970,60.08,no
2026-10-05T02:12:55.108644Z,KXSOL15M-26OCT042215-15,0.9910,18.00,no
2026-10-05T02:12:56.920824Z,KXSOL15M-26OCT042215-15,0.9970,47.00,no
2026-10-05T02:12:57.62876Z,KXSOL15M-26OCT042215-15,0.9970,41.00,yes
2026-10-05T02:13:00.286996Z,KXSOL15M-26OCT042215-15,0.9980,1.00,yes
2026-10-05T02:13:00.656023Z,KXSOL15M-26OCT042215-15,0.9980,2.00,yes
2026-10-05T02:13:00.662596Z,KXSOL15M-26OCT042215-15,0.9980,2.00,yes
2026-10-05T02:13:01.387393Z,KXSOL15M-26OCT042215-15,0.9980,5.00,yes
2026-10-05T02:13:01.395021Z,KXSOL15M-26OCT042215-15,0.9980,5.00,yes
2026-10-05T02:13:01.400178Z,KXSOL15M-26OCT042215-15,0.9980,2.00,yes
2026-10-05T02:13:01.993262Z,KXSOL15M-26OCT042215-15,0.9910,59.11,no
2026-10-05T02:13:01.993262Z,KXSOL15M-26OCT042215-15,0.9900,456.18,no
2026-10-05T02:13:01.993262Z,KXSOL15M-26OCT042215-15,0.9900,400.00,no
2026-10-05T02:13:01.993262Z,KXSOL15M-26OCT042215-15,0.9900,40.00,no
2026-10-05T02:13:01.993262Z,KXSOL15M-26OCT042215-15,0.9930,17.00,no
2026-10-05T02:13:01.993262Z,KXSOL15M-26OCT042215-15,0.9940,61.00,no
2026-10-05T02:13:01.993262Z,KXSOL15M-26OCT042215-15,0.9970,49.00,no
2026-10-05T02:13:01.993262Z,KXSOL15M-26OCT042215-15,0.9900,64.41,no
2026-10-05T02:13:01.993262Z,KXSOL15M-26OCT042215-15,0.9910,18.00,no
2026-10-05T02:13:01.993262Z,KXSOL15M-26OCT042215-15,0.9970,78.00,no
2026-10-05T02:13:02.264314Z,KXSOL15M-26OCT042215-15,0.9970,3.00,yes
2026-10-05T02:13:02.264314Z,KXSOL15M-26OCT042215-15,0.9970,2.00,yes
2026-10-05T02:13:04.751607Z,KXSOL15M-26OCT042215-15,0.9970,7.00,yes
2026-10-05T02:13:04.751607Z,KXSOL15M-26OCT042215-15,0.9970,2.00,yes
2026-10-05T02:13:07.985416Z,KXSOL15M-26OCT042215-15,0.9970,7.61,no
2026-10-05T02:13:08.2802Z,KXSOL15M-26OCT042215-15,0.9980,1.00,yes
2026-10-05T02:13:11.167885Z,KXSOL15M-26OCT042215-15,0.9980,3.00,yes
2026-10-05T02:13:11.175393Z,KXSOL15M-26OCT042215-15,0.9980,3.00,yes
2026-10-05T02:13:11.708946Z,KXSOL15M-26OCT042215-15,0.9980,3.00,yes
2026-10-05T02:13:11.716391Z,KXSOL15M-26OCT042215-15,0.9980,3.00,yes
2026-10-05T02:13:11.933954Z,KXSOL15M-26OCT042215-15,0.9980,3.00,yes
2026-10-05T02:13:12.813035Z,KXSOL15M-26OCT042215-15,0.9980,3.00,yes
2026-10-05T02:13:12.815551Z,KXSOL15M-26OCT042215-15,0.9970,1.39,no
2026-10-05T02:13:12.815551Z,KXSOL15M-26OCT042215-15,0.9970,33.61,no
2026-10-05T02:13:17.117035Z,KXSOL15M-26OCT042215-15,0.9980,12.00,yes
2026-10-05T02:13:17.124688Z,KXSOL15M-26OCT042215-15,0.9980,10.00,yes
2026-10-05T02:13:17.130699Z,KXSOL15M-26OCT042215-15,0.9980,5.00,yes
2026-10-05T02:13:17.136802Z,KXSOL15M-26OCT042215-15,0.9980,5.00,yes
2026-10-05T02:13:17.141901Z,KXSOL15M-26OCT042215-15,0.9980,2.00,yes
2026-10-05T02:13:17.1475Z,KXSOL15M-26OCT042215-15,0.9980,2.00,yes
2026-10-05T02:13:17.152296Z,KXSOL15M-26OCT042215-15,0.9980,2.00,yes
2026-10-05T02:13:17.158692Z,KXSOL15M-26OCT042215-15,0.9980,2.00,yes
2026-10-05T02:13:17.165914Z,KXSOL15M-26OCT042215-15,0.9980,2.00,yes
2026-10-05T02:13:19.776594Z,KXSOL15M-26OCT042215-15,0.9980,2.00,yes
2026-10-05T02:13:19.783128Z,KXSOL15M-26OCT042215-15,0.9980,2.00,yes
2026-10-05T02:13:19.791869Z,KXSOL15M-26OCT042215-15,0.9980,2.00,yes
2026-10-05T02:13:19.800262Z,KXSOL15M-26OCT042215-15,0.9980,2.00,yes
2026-10-05T02:13:19.912792Z,KXSOL15M-26OCT042215-15,0.9980,6.47,yes
2026-10-05T02:13:20.63514Z,KXSOL15M-26OCT042215-15,0.9970,40.00,no
2026-10-05T02:13:20.63514Z,KXSOL15M-26OCT042215-15,0.9970,1.00,no
2026-10-05T02:13:20.63514Z,KXSOL15M-26OCT042215-15,0.9970,78.39,no
2026-10-05T02:13:20.63514Z,KXSOL15M-26OCT042215-15,0.9930,14.69,no
2026-10-05T02:13:22.019256Z,KXSOL15M-26OCT042215-15,0.9970,2.00,yes
2026-10-05T02:13:22.019256Z,KXSOL15M-26OCT042215-15,0.9970,8.00,yes
2026-10-05T02:13:22.026213Z,KXSOL15M-26OCT042215-15,0.9970,2.00,yes
2026-10-05T02:13:22.026213Z,KXSOL15M-26OCT042215-15,0.9970,2.00,yes
2026-10-05T02:13:22.032297Z,KXSOL15M-26OCT042215-15,0.9970,2.00,yes
2026-10-05T02:13:22.624552Z,KXSOL15M-26OCT042215-15,0.9970,2.00,yes
2026-10-05T02:13:22.624552Z,KXSOL15M-26OCT042215-15,0.9970,10.00,yes
2026-10-05T02:13:22.624552Z,KXSOL15M-26OCT042215-15,0.9960,43.00,yes
2026-10-05T02:13:23.612754Z,KXSOL15M-26OCT042215-15,0.9970,24.56,yes
2026-10-05T02:13:24.46732Z,KXSOL15M-26OCT042215-15,0.9970,3.01,yes
2026-10-05T02:13:24.46732Z,KXSOL15M-26OCT042215-15,0.9970,2.00,yes
2026-10-05T02:13:25.611817Z,KXSOL15M-26OCT042215-15,0.9970,32.00,yes
2026-10-05T02:13:25.611817Z,KXSOL15M-26OCT042215-15,0.9970,2.00,yes
2026-10-05T02:13:25.611817Z,KXSOL15M-26OCT042215-15,0.9970,6.99,yes
2026-10-05T02:13:25.986848Z,KXSOL15M-26OCT042215-15,0.9980,59.31,yes
2026-10-05T02:13:32.393974Z,KXSOL15M-26OCT042215-15,0.9980,15.00,yes
2026-10-05T02:13:32.39919Z,KXSOL15M-26OCT042215-15,0.9980,10.00,yes
2026-10-05T02:13:32.405164Z,KXSOL15M-26OCT042215-15,0.9980,7.00,yes
2026-10-05T02:13:32.410885Z,KXSOL15M-26OCT042215-15,0.9980,5.00,yes
2026-10-05T02:13:32.416251Z,KXSOL15M-26OCT042215-15,0.9980,2.00,yes
2026-10-05T02:13:33.348918Z,KXSOL15M-26OCT042215-15,0.9980,288.49,yes
2026-10-05T02:13:33.537432Z,KXSOL15M-26OCT042215-15,0.9980,53.00,yes
2026-10-05T02:13:34.406857Z,KXSOL15M-26OCT042215-15,0.9930,20.41,no
2026-10-05T02:13:34.406857Z,KXSOL15M-26OCT042215-15,0.9930,21.00,no
2026-10-05T02:13:34.406857Z,KXSOL15M-26OCT042215-15,0.9970,25.00,no
2026-10-05T02:13:34.406857Z,KXSOL15M-26OCT042215-15,0.9970,39.00,no
2026-10-05T02:13:34.406857Z,KXSOL15M-26OCT042215-15,0.9970,149.00,no
2026-10-05T02:13:34.825825Z,KXSOL15M-26OCT042215-15,0.9970,40.00,yes
2026-10-05T02:13:35.02095Z,KXSOL15M-26OCT042215-15,0.9970,2.00,yes
2026-10-05T02:13:35.02095Z,KXSOL15M-26OCT042215-15,0.9970,10.00,yes
2026-10-05T02:13:35.561585Z,KXSOL15M-26OCT042215-15,0.9980,5.00,yes
2026-10-05T02:13:35.567046Z,KXSOL15M-26OCT042215-15,0.9980,5.00,yes
2026-10-05T02:13:35.57362Z,KXSOL15M-26OCT042215-15,0.9980,2.00,yes
2026-10-05T02:13:35.579436Z,KXSOL15M-26OCT042215-15,0.9980,2.00,yes
2026-10-05T02:13:35.58503Z,KXSOL15M-26OCT042215-15,0.9980,2.00,yes
2026-10-05T02:13:35.589802Z,KXSOL15M-26OCT042215-15,0.9980,2.00,yes
2026-10-05T02:13:35.593881Z,KXSOL15M-26OCT042215-15,0.9980,2.00,yes
2026-10-05T02:13:35.597525Z,KXSOL15M-26OCT042215-15,0.9980,2.00,yes
2026-10-05T02:13:36.081054Z,KXSOL15M-26OCT042215-15,0.9980,2.00,yes
2026-10-05T02:13:36.625041Z,KXSOL15M-26OCT042215-15,0.9980,2.00,yes
2026-10-05T02:13:36.885421Z,KXSOL15M-26OCT042215-15,0.9980,40.90,yes
2026-10-05T02:13:37.21142Z,KXSOL15M-26OCT042215-15,0.9980,2.00,yes
2026-10-05T02:13:37.217626Z,KXSOL15M-26OCT042215-15,0.9980,2.00,yes
2026-10-05T02:13:37.224748Z,KXSOL15M-26OCT042215-15,0.9980,2.00,yes
2026-10-05T02:13:37.230509Z,KXSOL15M-26OCT042215-15,0.9980,2.00,yes
2026-10-05T02:13:37.236321Z,KXSOL15M-26OCT042215-15,0.9980,2.00,yes
2026-10-05T02:13:37.242084Z,KXSOL15M-26OCT042215-15,0.9980,2.00,yes
2026-10-05T02:13:37.744834Z,KXSOL15M-26OCT042215-15,0.9980,2.00,yes
2026-10-05T02:13:38.001022Z,KXSOL15M-26OCT042215-15,0.9980,2.00,yes
2026-10-05T02:13:38.006126Z,KXSOL15M-26OCT042215-15,0.9980,5.00,yes
2026-10-05T02:13:38.262778Z,KXSOL15M-26OCT042215-15,0.9980,2.00,yes
2026-10-05T02:13:38.267226Z,KXSOL15M-26OCT042215-15,0.9980,2.00,yes
2026-10-05T02:13:38.273599Z,KXSOL15M-26OCT042215-15,0.9980,2.00,yes
2026-10-05T02:13:38.82299Z,KXSOL15M-26OCT042215-15,0.9980,2.00,yes
2026-10-05T02:13:38.83073Z,KXSOL15M-26OCT042215-15,0.9980,2.00,yes
2026-10-05T02:13:39.775104Z,KXSOL15M-26OCT042215-15,0.9980,1.00,yes
2026-10-05T02:13:39.851279Z,KXSOL15M-26OCT042215-15,0.9980,2.00,yes
2026-10-05T02:13:40.905169Z,KXSOL15M-26OCT042215-15,0.9980,2.00,yes
2026-10-05T02:13:41.992058Z,KXSOL15M-26OCT042215-15,0.9940,45.00,no
2026-10-05T02:13:41.992058Z,KXSOL15M-26OCT042215-15,0.9970,90.00,no
2026-10-05T02:13:41.992058Z,KXSOL15M-26OCT042215-15,0.9930,36.07,no
2026-10-05T02:13:41.992058Z,KXSOL15M-26OCT042215-15,0.9940,23.00,no
2026-10-05T02:13:42.544032Z,KXSOL15M-26OCT042215-15,0.9970,13.00,yes
2026-10-05T02:13:42.569674Z,KXSOL15M-26OCT042215-15,0.9960,16.00,yes
2026-10-05T02:13:42.584226Z,KXSOL15M-26OCT042215-15,0.9960,6.00,yes
2026-10-05T02:13:42.598528Z,KXSOL15M-26OCT042215-15,0.9960,10.00,yes
2026-10-05T02:13:42.635604Z,KXSOL15M-26OCT042215-15,0.9980,364.83,yes
2026-10-05T02:13:42.635604Z,KXSOL15M-26OCT042215-15,0.9980,100.00,yes
2026-10-05T02:13:42.635604Z,KXSOL15M-26OCT042215-15,0.9980,550.00,yes
2026-10-05T02:13:42.635604Z,KXSOL15M-26OCT042215-15,0.9980,40.00,yes
2026-10-05T02:13:42.635604Z,KXSOL15M-26OCT042215-15,0.9980,427.17,yes
2026-10-05T02:13:42.635604Z,KXSOL15M-26OCT042215-15,0.9970,10.00,yes
2026-10-05T02:13:42.635604Z,KXSOL15M-26OCT042215-15,0.9970,2.00,yes
2026-10-05T02:13:42.635604Z,KXSOL15M-26OCT042215-15,0.9970,120.00,yes
2026-10-05T02:13:43.019558Z,KXSOL15M-26OCT042215-15,0.9980,26.00,yes
2026-10-05T02:13:43.019558Z,KXSOL15M-26OCT042215-15,0.9980,3.00,yes
2026-10-05T02:13:43.019558Z,KXSOL15M-26OCT042215-15,0.9980,3.00,yes
2026-10-05T02:13:43.019558Z,KXSOL15M-26OCT042215-15,0.9980,3.00,yes
2026-10-05T02:13:43.019558Z,KXSOL15M-26OCT042215-15,0.9980,3.00,yes
2026-10-05T02:13:43.019558Z,KXSOL15M-26OCT042215-15,0.9980,3.00,yes
2026-10-05T02:13:43.019558Z,KXSOL15M-26OCT042215-15,0.9980,72.83,yes
2026-10-05T02:13:43.019558Z,KXSOL15M-26OCT042215-15,0.9980,3.00,yes
2026-10-05T02:13:43.019558Z,KXSOL15M-26OCT042215-15,0.9980,1.34,yes
2026-10-05T02:13:43.019558Z,KXSOL15M-26OCT042215-15,0.9980,16.00,yes
2026-10-05T02:13:43.019558Z,KXSOL15M-26OCT042215-15,0.9980,10.00,yes
2026-10-05T02:13:43.019558Z,KXSOL15M-26OCT042215-15,0.9980,50.83,yes
2026-10-05T02:13:43.019558Z,KXSOL15M-26OCT042215-15,0.9980,5.00,yes
2026-10-05T02:13:43.032738Z,KXSOL15M-26OCT042215-15,0.9980,88.17,yes
2026-10-05T02:13:43.049425Z,KXSOL15M-26OCT042215-15,0.9980,16.00,yes
2026-10-05T02:13:43.049425Z,KXSOL15M-26OCT042215-15,0.9980,10.00,yes
2026-10-05T02:13:43.105945Z,KXSOL15M-26OCT042215-15,0.9980,200.00,yes
2026-10-05T02:13:43.114534Z,KXSOL15M-26OCT042215-15,0.9980,199.00,yes
2026-10-05T02:13:44.281182Z,KXSOL15M-26OCT042215-15,0.9970,40.00,no
2026-10-05T02:13:44.281182Z,KXSOL15M-26OCT042215-15,0.9970,69.00,no
2026-10-05T02:13:44.281182Z,KXSOL15M-26OCT042215-15,0.9970,72.83,no
2026-10-05T02:13:44.281182Z,KXSOL15M-26OCT042215-15,0.9970,123.52,no
2026-10-05T02:13:45.780497Z,KXSOL15M-26OCT042215-15,0.9980,2.00,yes
2026-10-05T02:13:45.78814Z,KXSOL15M-26OCT042215-15,0.9980,2.00,yes
2026-10-05T02:13:45.796607Z,KXSOL15M-26OCT042215-15,0.9980,2.00,yes
2026-10-05T02:13:45.804433Z,KXSOL15M-26OCT042215-15,0.9980,2.00,yes
2026-10-05T02:13:45.812864Z,KXSOL15M-26OCT042215-15,0.9980,2.00,yes
2026-10-05T02:13:46.337249Z,KXSOL15M-26OCT042215-15,0.9980,2.00,yes
2026-10-05T02:13:46.342965Z,KXSOL15M-26OCT042215-15,0.9980,2.00,yes
2026-10-05T02:13:46.539761Z,KXSOL15M-26OCT042215-15,0.9980,2.00,yes
2026-10-05T02:13:46.546936Z,KXSOL15M-26OCT042215-15,0.9980,2.00,yes
2026-10-05T02:13:46.551733Z,KXSOL15M-26OCT042215-15,0.9980,2.00,yes
2026-10-05T02:13:46.858672Z,KXSOL15M-26OCT042215-15,0.9980,2.00,yes
2026-10-05T02:13:46.860626Z,KXSOL15M-26OCT042215-15,0.9980,65.86,yes
2026-10-05T02:13:47.298107Z,KXSOL15M-26OCT042215-15,0.9980,2.00,yes
2026-10-05T02:13:47.303789Z,KXSOL15M-26OCT042215-15,0.9980,2.00,yes
2026-10-05T02:13:47.309781Z,KXSOL15M-26OCT042215-15,0.9980,2.00,yes
2026-10-05T02:13:47.316411Z,KXSOL15M-26OCT042215-15,0.9980,2.00,yes
2026-10-05T02:13:47.322385Z,KXSOL15M-26OCT042215-15,0.9980,2.00,yes
2026-10-05T02:13:47.326986Z,KXSOL15M-26OCT042215-15,0.9980,2.00,yes
2026-10-05T02:13:47.332814Z,KXSOL15M-26OCT042215-15,0.9980,0.86,yes
2026-10-05T02:13:47.332814Z,KXSOL15M-26OCT042215-15,0.9980,1.14,yes
2026-10-05T02:13:48.428694Z,KXSOL15M-26OCT042215-15,0.9980,2.00,yes
2026-10-05T02:13:48.435842Z,KXSOL15M-26OCT042215-15,0.9980,5.00,yes
2026-10-05T02:13:49.024214Z,KXSOL15M-26OCT042215-15,0.9980,2.00,yes
2026-10-05T02:13:49.028945Z,KXSOL15M-26OCT042215-15,0.9980,2.00,yes
2026-10-05T02:13:49.034322Z,KXSOL15M-26OCT042215-15,0.9980,4.14,yes
2026-10-05T02:13:49.034322Z,KXSOL15M-26OCT042215-15,0.9980,0.86,yes
2026-10-05T02:13:49.457267Z,KXSOL15M-26OCT042215-15,0.9980,0.86,yes
2026-10-05T02:13:49.457267Z,KXSOL15M-26OCT042215-15,0.9980,1.00,yes
2026-10-05T02:13:49.457267Z,KXSOL15M-26OCT042215-15,0.9980,9.14,yes
2026-10-05T02:13:49.608056Z,KXSOL15M-26OCT042215-15,0.9980,16.00,yes
2026-10-05T02:13:49.608056Z,KXSOL15M-26OCT042215-15,0.9980,10.00,yes
2026-10-05T02:13:49.72498Z,KXSOL15M-26OCT042215-15,0.9980,62.33,no
2026-10-05T02:13:50.507956Z,KXSOL15M-26OCT042215-15,0.9990,204.42,yes
2026-10-05T02:13:50.900466Z,KXSOL15M-26OCT042215-15,0.9980,1.00,no
2026-10-05T02:13:51.447004Z,KXSOL15M-26OCT042215-15,0.9990,22.02,yes
2026-10-05T02:13:53.412548Z,KXSOL15M-26OCT042215-15,0.9990,153.97,yes
2026-10-05T02:13:53.412548Z,KXSOL15M-26OCT042215-15,0.9990,334.56,yes
2026-10-05T02:13:53.520474Z,KXSOL15M-26OCT042215-15,0.9990,146.03,yes
2026-10-05T02:13:53.520474Z,KXSOL15M-26OCT042215-15,0.9990,58.39,yes
2026-10-05T02:13:53.520536Z,KXSOL15M-26OCT042215-15,0.9990,334.56,yes
2026-10-05T02:13:53.521221Z,KXSOL15M-26OCT042215-15,0.9990,22.02,yes
2026-10-05T02:13:59.566033Z,KXSOL15M-26OCT042215-15,0.9990,11.00,yes
2026-10-05T02:13:59.715201Z,KXSOL15M-26OCT042215-15,0.9990,200.00,yes
2026-10-05T02:13:59.715201Z,KXSOL15M-26OCT042215-15,0.9990,226.43,yes
2026-10-05T02:13:59.715201Z,KXSOL15M-26OCT042215-15,0.9990,74.03,yes
2026-10-05T02:13:59.724643Z,KXSOL15M-26OCT042215-15,0.9990,32.00,yes
2026-10-05T02:14:00.014606Z,KXSOL15M-26OCT042215-15,0.9990,1.00,yes
2026-10-05T02:14:00.014606Z,KXSOL15M-26OCT042215-15,0.9990,1.00,yes
2026-10-05T02:14:00.014606Z,KXSOL15M-26OCT042215-15,0.9990,198.00,yes
2026-10-05T02:14:00.030014Z,KXSOL15M-26OCT042215-15,0.9990,1.00,yes
2026-10-05T02:14:00.030014Z,KXSOL15M-26OCT042215-15,0.9990,152.00,yes
2026-10-05T02:14:00.030014Z,KXSOL15M-26OCT042215-15,0.9990,30.19,yes
2026-10-05T02:14:00.030014Z,KXSOL15M-26OCT042215-15,0.9990,3.00,yes
2026-10-05T02:14:00.030014Z,KXSOL15M-26OCT042215-15,0.9990,13.81,yes
2026-10-05T02:14:00.047616Z,KXSOL15M-26OCT042215-15,0.9990,130.81,yes
2026-10-05T02:14:00.047616Z,KXSOL15M-26OCT042215-15,0.9990,40.00,yes
2026-10-05T02:14:00.047616Z,KXSOL15M-26OCT042215-15,0.9990,10.00,yes
2026-10-05T02:14:00.047616Z,KXSOL15M-26OCT042215-15,0.9990,19.19,yes
2026-10-05T02:14:00.085472Z,KXSOL15M-26OCT042215-15,0.9990,1.00,yes
2026-10-05T02:14:00.140876Z,KXSOL15M-26OCT042215-15,0.9990,150.00,yes
2026-10-05T02:14:00.221715Z,KXSOL15M-26OCT042215-15,0.9990,3.00,yes
2026-10-05T02:14:00.772477Z,KXSOL15M-26OCT042215-15,0.9990,5.00,yes
2026-10-05T02:14:01.03396Z,KXSOL15M-26OCT042215-15,0.9990,10.00,yes
2026-10-05T02:14:01.03396Z,KXSOL15M-26OCT042215-15,0.9990,191.00,yes
2026-10-05T02:14:01.03396Z,KXSOL15M-26OCT042215-15,0.9990,70.00,yes
2026-10-05T02:14:01.03396Z,KXSOL15M-26OCT042215-15,0.9990,19.19,yes
2026-10-05T02:14:01.03396Z,KXSOL15M-26OCT042215-15,0.9990,13.81,yes
2026-10-05T02:14:04.375372Z,KXSOL15M-26OCT042215-15,0.9990,22.56,no
2026-10-05T02:14:04.375372Z,KXSOL15M-26OCT042215-15,0.9990,2.00,no
2026-10-05T02:14:04.935406Z,KXSOL15M-26OCT042215-15,0.9990,13.99,no
2026-10-05T02:14:05.5773Z,KXSOL15M-26OCT042215-15,0.9990,13.77,no
2026-10-05T02:14:19.67711Z,KXSOL15M-26OCT042215-15,0.9990,1200.91,no
2026-10-05T02:14:19.67711Z,KXSOL15M-26OCT042215-15,0.9990,1.00,no
2026-10-05T02:14:19.67711Z,KXSOL15M-26OCT042215-15,0.9990,153.00,no
2026-10-05T02:14:19.67711Z,KXSOL15M-26OCT042215-15,0.9990,49.68,no
2026-10-05T02:14:31.804871Z,KXSOL15M-26OCT042215-15,0.9990,0.35,no
2026-10-05T02:14:48.365948Z,KXSOL15M-26OCT042215-15,0.9990,40.00,no
2026-10-05T02:14:50.463601Z,KXSOL15M-26OCT042215-15,0.9990,16.74,no
2026-10-05T02:14:51.792932Z,KXSOL15M-26OCT042215-15,0.9990,1.00,no
2026-10-05T02:14:55.821962Z,KXSOL15M-26OCT042215-15,0.9990,91.62,no
2026-10-05T02:10:26.686104Z,KXETH15M-26OCT042215-15,0.9870,1.03,yes
2026-10-05T02:10:26.686104Z,KXETH15M-26OCT042215-15,0.9870,2.00,yes
2026-10-05T02:10:26.82454Z,KXETH15M-26OCT042215-15,0.9870,18.97,yes
2026-10-05T02:10:26.82454Z,KXETH15M-26OCT042215-15,0.9870,11.00,yes
2026-10-05T02:10:26.82454Z,KXETH15M-26OCT042215-15,0.9870,9.51,yes
2026-10-05T02:10:27.156206Z,KXETH15M-26OCT042215-15,0.9870,4.00,yes
2026-10-05T02:10:27.156206Z,KXETH15M-26OCT042215-15,0.9870,7.00,yes
2026-10-05T02:10:27.156206Z,KXETH15M-26OCT042215-15,0.9870,1.00,yes
2026-10-05T02:10:27.156206Z,KXETH15M-26OCT042215-15,0.9870,4.00,yes
2026-10-05T02:10:27.156206Z,KXETH15M-26OCT042215-15,0.9870,11.00,yes
2026-10-05T02:10:27.156206Z,KXETH15M-26OCT042215-15,0.9870,20.00,yes
2026-10-05T02:10:27.156206Z,KXETH15M-26OCT042215-15,0.9870,0.49,yes
2026-10-05T02:10:27.67644Z,KXETH15M-26OCT042215-15,0.9870,10.00,no
2026-10-05T02:10:27.986102Z,KXETH15M-26OCT042215-15,0.9870,0.82,no
2026-10-05T02:10:28.104883Z,KXETH15M-26OCT042215-15,0.9870,16.00,no
2026-10-05T02:10:28.104883Z,KXETH15M-26OCT042215-15,0.9870,1.69,no
2026-10-05T02:10:28.104883Z,KXETH15M-26OCT042215-15,0.9870,0.03,no
2026-10-05T02:10:28.104883Z,KXETH15M-26OCT042215-15,0.9870,7.00,no
2026-10-05T02:10:28.104883Z,KXETH15M-26OCT042215-15,0.9850,0.02,no
2026-10-05T02:10:28.104883Z,KXETH15M-26OCT042215-15,0.9840,1.96,no
2026-10-05T02:10:28.104883Z,KXETH15M-26OCT042215-15,0.9840,0.03,no
2026-10-05T02:10:28.104883Z,KXETH15M-26OCT042215-15,0.9850,22.00,no
2026-10-05T02:10:28.104883Z,KXETH15M-26OCT042215-15,0.9870,17.00,no
2026-10-05T02:10:28.104883Z,KXETH15M-26OCT042215-15,0.9860,1.00,no
2026-10-05T02:10:28.104883Z,KXETH15M-26OCT042215-15,0.9860,0.03,no
2026-10-05T02:10:28.573173Z,KXETH15M-26OCT042215-15,0.9870,11.00,yes
2026-10-05T02:10:28.573173Z,KXETH15M-26OCT042215-15,0.9870,20.00,yes
2026-10-05T02:10:28.573173Z,KXETH15M-26OCT042215-15,0.9870,22.00,yes
2026-10-05T02:10:28.573173Z,KXETH15M-26OCT042215-15,0.9880,85.63,yes
2026-10-05T02:10:29.057227Z,KXETH15M-26OCT042215-15,0.9850,29.00,no
2026-10-05T02:10:29.057227Z,KXETH15M-26OCT042215-15,0.9850,0.03,no
2026-10-05T02:10:29.057227Z,KXETH15M-26OCT042215-15,0.9850,13.00,no
2026-10-05T02:10:29.057227Z,KXETH15M-26OCT042215-15,0.9850,4.00,no
2026-10-05T02:10:29.06605Z,KXETH15M-26OCT042215-15,0.9840,0.03,no
2026-10-05T02:10:29.138575Z,KXETH15M-26OCT042215-15,0.9830,0.03,no
2026-10-05T02:10:29.138575Z,KXETH15M-26OCT042215-15,0.9830,3.97,no
2026-10-05T02:10:31.225341Z,KXETH15M-26OCT042215-15,0.9850,0.02,no
2026-10-05T02:10:31.444578Z,KXETH15M-26OCT042215-15,0.9850,1.51,yes
2026-10-05T02:10:31.485608Z,KXETH15M-26OCT042215-15,0.9840,9.98,no
2026-10-05T02:10:31.485608Z,KXETH15M-26OCT042215-15,0.9840,0.02,no
2026-10-05T02:10:33.601176Z,KXETH15M-26OCT042215-15,0.9850,2.00,yes
2026-10-05T02:10:33.601176Z,KXETH15M-26OCT042215-15,0.9850,3.07,yes
2026-10-05T02:10:34.193843Z,KXETH15M-26OCT042215-15,0.9850,3.00,yes
2026-10-05T02:10:34.193843Z,KXETH15M-26OCT042215-15,0.9850,2.00,yes
2026-10-05T02:10:34.193843Z,KXETH15M-26OCT042215-15,0.9850,1.93,yes
2026-10-05T02:10:35.038141Z,KXETH15M-26OCT042215-15,0.9860,3.34,no
2026-10-05T02:10:35.483774Z,KXETH15M-26OCT042215-15,0.9860,0.02,no
2026-10-05T02:10:35.483774Z,KXETH15M-26OCT042215-15,0.9860,3.66,no
2026-10-05T02:10:35.665406Z,KXETH15M-26OCT042215-15,0.9860,12.92,yes
2026-10-05T02:10:35.665406Z,KXETH15M-26OCT042215-15,0.9860,6.32,yes
2026-10-05T02:10:36.945305Z,KXETH15M-26OCT042215-15,0.9870,11.00,yes
2026-10-05T02:10:36.945305Z,KXETH15M-26OCT042215-15,0.9870,39.00,yes
2026-10-05T02:10:38.625542Z,KXETH15M-26OCT042215-15,0.9830,4.00,no
2026-10-05T02:10:38.625542Z,KXETH15M-26OCT042215-15,0.9870,7.00,no
2026-10-05T02:10:38.625542Z,KXETH15M-26OCT042215-15,0.9830,13.00,no
2026-10-05T02:10:38.625542Z,KXETH15M-26OCT042215-15,0.9860,9.00,no
2026-10-05T02:10:38.625542Z,KXETH15M-26OCT042215-15,0.9840,22.00,no
2026-10-05T02:10:38.625542Z,KXETH15M-26OCT042215-15,0.9870,10.00,no
2026-10-05T02:10:38.625542Z,KXETH15M-26OCT042215-15,0.9860,2.00,no
2026-10-05T02:10:38.625542Z,KXETH15M-26OCT042215-15,0.9860,4.00,no
2026-10-05T02:10:38.625542Z,KXETH15M-26OCT042215-15,0.9860,0.02,no
2026-10-05T02:10:38.625542Z,KXETH15M-26OCT042215-15,0.9820,6.00,no
2026-10-05T02:10:38.625542Z,KXETH15M-26OCT042215-15,0.9820,6.00,no
2026-10-05T02:10:38.625542Z,KXETH15M-26OCT042215-15,0.9830,20.00,no
2026-10-05T02:10:38.625542Z,KXETH15M-26OCT042215-15,0.9820,3.00,no
2026-10-05T02:10:38.625542Z,KXETH15M-26OCT042215-15,0.9820,14.00,no
2026-10-05T02:10:38.625542Z,KXETH15M-26OCT042215-15,0.9820,6.00,no
2026-10-05T02:10:38.625542Z,KXETH15M-26OCT042215-15,0.9820,0.05,no
2026-10-05T02:10:38.625542Z,KXETH15M-26OCT042215-15,0.9820,3.03,no
2026-10-05T02:10:38.625542Z,KXETH15M-26OCT042215-15,0.9820,25.12,no
2026-10-05T02:10:38.625542Z,KXETH15M-26OCT042215-15,0.9830,0.02,no
2026-10-05T02:10:38.625542Z,KXETH15M-26OCT042215-15,0.9820,9.01,no
2026-10-05T02:10:38.625542Z,KXETH15M-26OCT042215-15,0.9840,0.02,no
2026-10-05T02:10:38.625542Z,KXETH15M-26OCT042215-15,0.9850,0.02,no
2026-10-05T02:10:38.733331Z,KXETH15M-26OCT042215-15,0.9860,10.00,yes
2026-10-05T02:10:38.963027Z,KXETH15M-26OCT042215-15,0.9850,8.66,no
2026-10-05T02:10:38.963027Z,KXETH15M-26OCT042215-15,0.9850,22.00,no
2026-10-05T02:10:39.245951Z,KXETH15M-26OCT042215-15,0.9820,2.21,no
2026-10-05T02:10:39.245951Z,KXETH15M-26OCT042215-15,0.9850,20.00,no
2026-10-05T02:10:39.245951Z,KXETH15M-26OCT042215-15,0.9850,0.02,no
2026-10-05T02:10:39.245951Z,KXETH15M-26OCT042215-15,0.9850,11.00,no
2026-10-05T02:10:39.245951Z,KXETH15M-26OCT042215-15,0.9830,0.02,no
2026-10-05T02:10:39.245951Z,KXETH15M-26OCT042215-15,0.9850,13.34,no
2026-10-05T02:10:39.245951Z,KXETH15M-26OCT042215-15,0.9830,13.00,no
2026-10-05T02:10:41.063122Z,KXETH15M-26OCT042215-15,0.9850,1.00,no
2026-10-05T02:10:41.063122Z,KXETH15M-26OCT042215-15,0.9850,13.00,no
2026-10-05T02:10:41.063122Z,KXETH15M-26OCT042215-15,0.9850,18.00,no
2026-10-05T02:10:41.063122Z,KXETH15M-26OCT042215-15,0.9850,2.00,no
2026-10-05T02:10:41.755758Z,KXETH15M-26OCT042215-15,0.9860,2.28,yes
2026-10-05T02:10:41.755758Z,KXETH15M-26OCT042215-15,0.9860,22.00,yes
2026-10-05T02:10:41.755758Z,KXETH15M-26OCT042215-15,0.9860,1.00,yes
2026-10-05T02:10:42.230697Z,KXETH15M-26OCT042215-15,0.9870,20.00,yes
2026-10-05T02:10:42.230697Z,KXETH15M-26OCT042215-15,0.9870,11.00,yes
2026-10-05T02:10:42.230697Z,KXETH15M-26OCT042215-15,0.9860,8.00,yes
2026-10-05T02:10:42.230697Z,KXETH15M-26OCT042215-15,0.9860,5.00,yes
2026-10-05T02:10:42.230697Z,KXETH15M-26OCT042215-15,0.9880,79.59,yes
2026-10-05T02:10:42.732209Z,KXETH15M-26OCT042215-15,0.9860,8.00,no
2026-10-05T02:10:42.732209Z,KXETH15M-26OCT042215-15,0.9860,2.00,no
2026-10-05T02:10:43.451131Z,KXETH15M-26OCT042215-15,0.9860,1.07,no
2026-10-05T02:10:44.177062Z,KXETH15M-26OCT042215-15,0.9860,54.55,no
2026-10-05T02:10:44.177062Z,KXETH15M-26OCT042215-15,0.9860,10.93,no
2026-10-05T02:10:45.040157Z,KXETH15M-26OCT042215-15,0.9900,10.00,yes
2026-10-05T02:10:45.040157Z,KXETH15M-26OCT042215-15,0.9900,26.00,yes
2026-10-05T02:10:45.040157Z,KXETH15M-26OCT042215-15,0.9890,8.00,yes
2026-10-05T02:10:45.040157Z,KXETH15M-26OCT042215-15,0.9890,22.00,yes
2026-10-05T02:10:45.040157Z,KXETH15M-26OCT042215-15,0.9890,11.00,yes
2026-10-05T02:10:45.040157Z,KXETH15M-26OCT042215-15,0.9900,4.00,yes
2026-10-05T02:10:45.040157Z,KXETH15M-26OCT042215-15,0.9870,9.00,yes
2026-10-05T02:10:45.040157Z,KXETH15M-26OCT042215-15,0.9870,5.00,yes
2026-10-05T02:10:45.040157Z,KXETH15M-26OCT042215-15,0.9880,20.00,yes
2026-10-05T02:10:45.040157Z,KXETH15M-26OCT042215-15,0.9910,4.00,yes
2026-10-05T02:10:45.040157Z,KXETH15M-26OCT042215-15,0.9910,4.00,yes
2026-10-05T02:10:45.040157Z,KXETH15M-26OCT042215-15,0.9880,41.00,yes
2026-10-05T02:10:45.040157Z,KXETH15M-26OCT042215-15,0.9900,75.00,yes
2026-10-05T02:10:45.040157Z,KXETH15M-26OCT042215-15,0.9890,2.00,yes
2026-10-05T02:10:45.040157Z,KXETH15M-26OCT042215-15,0.9890,10.00,yes
2026-10-05T02:10:45.040157Z,KXETH15M-26OCT042215-15,0.9890,20.00,yes
2026-10-05T02:10:45.040157Z,KXETH15M-26OCT042215-15,0.9890,2.00,yes
2026-10-05T02:10:45.040157Z,KXETH15M-26OCT042215-15,0.9890,100.00,yes
2026-10-05T02:10:45.040157Z,KXETH15M-26OCT042215-15,0.9890,1.00,yes
2026-10-05T02:10:45.040157Z,KXETH15M-26OCT042215-15,0.9900,12.00,yes
2026-10-05T02:10:45.040157Z,KXETH15M-26OCT042215-15,0.9920,4.43,yes
2026-10-05T02:10:45.040157Z,KXETH15M-26OCT042215-15,0.9900,100.00,yes
2026-10-05T02:10:45.040157Z,KXETH15M-26OCT042215-15,0.9890,18.18,yes
2026-10-05T02:10:45.040157Z,KXETH15M-26OCT042215-15,0.9890,10.00,yes
2026-10-05T02:10:45.040157Z,KXETH15M-26OCT042215-15,0.9880,121.63,yes
2026-10-05T02:10:45.040157Z,KXETH15M-26OCT042215-15,0.9910,100.00,yes
2026-10-05T02:10:45.040157Z,KXETH15M-26OCT042215-15,0.9890,75.00,yes
2026-10-05T02:10:45.040157Z,KXETH15M-26OCT042215-15,0.9900,6.00,yes
2026-10-05T02:10:45.040157Z,KXETH15M-26OCT042215-15,0.9900,1.00,yes
2026-10-05T02:10:45.040157Z,KXETH15M-26OCT042215-15,0.9900,41.97,yes
2026-10-05T02:10:45.040157Z,KXETH15M-26OCT042215-15,0.9900,20.00,yes
2026-10-05T02:10:45.040157Z,KXETH15M-26OCT042215-15,0.9900,6.90,yes
2026-10-05T02:10:45.040157Z,KXETH15M-26OCT042215-15,0.9890,41.00,yes
2026-10-05T02:10:45.040157Z,KXETH15M-26OCT042215-15,0.9900,2.00,yes
2026-10-05T02:10:45.040157Z,KXETH15M-26OCT042215-15,0.9900,4.37,yes
2026-10-05T02:10:45.040157Z,KXETH15M-26OCT042215-15,0.9900,7.73,yes
2026-10-05T02:10:45.040157Z,KXETH15M-26OCT042215-15,0.9900,27.98,yes
2026-10-05T02:10:45.040157Z,KXETH15M-26OCT042215-15,0.9900,1.57,yes
2026-10-05T02:10:45.040157Z,KXETH15M-26OCT042215-15,0.9900,0.34,yes
2026-10-05T02:10:45.040157Z,KXETH15M-26OCT042215-15,0.9900,33.84,yes
2026-10-05T02:10:45.690679Z,KXETH15M-26OCT042215-15,0.9870,14.00,no
2026-10-05T02:10:45.690679Z,KXETH15M-26OCT042215-15,0.9870,100.00,no
2026-10-05T02:10:45.690679Z,KXETH15M-26OCT042215-15,0.9870,1.38,no
2026-10-05T02:10:45.690679Z,KXETH15M-26OCT042215-15,0.9870,100.00,no
2026-10-05T02:10:45.834298Z,KXETH15M-26OCT042215-15,0.9870,10.00,no
2026-10-05T02:10:46.124337Z,KXETH15M-26OCT042215-15,0.9880,2.02,yes
2026-10-05T02:10:46.514244Z,KXETH15M-26OCT042215-15,0.9870,20.00,no
2026-10-05T02:10:46.514244Z,KXETH15M-26OCT042215-15,0.9870,22.00,no
2026-10-05T02:10:46.514244Z,KXETH15M-26OCT042215-15,0.9870,2.55,no
2026-10-05T02:10:46.514244Z,KXETH15M-26OCT042215-15,0.9870,0.02,no
2026-10-05T02:10:46.514244Z,KXETH15M-26OCT042215-15,0.9870,5.00,no
2026-10-05T02:10:46.514244Z,KXETH15M-26OCT042215-15,0.9870,4.43,no
2026-10-05T02:10:46.514244Z,KXETH15M-26OCT042215-15,0.9870,14.00,no
2026-10-05T02:10:46.514244Z,KXETH15M-26OCT042215-15,0.9870,1.00,no
2026-10-05T02:10:46.514244Z,KXETH15M-26OCT042215-15,0.9870,9.00,no
2026-10-05T02:10:46.629028Z,KXETH15M-26OCT042215-15,0.9880,16.00,no
2026-10-05T02:10:46.629028Z,KXETH15M-26OCT042215-15,0.9880,3.00,no
2026-10-05T02:10:46.663053Z,KXETH15M-26OCT042215-15,0.9870,9.00,no
2026-10-05T02:10:46.687467Z,KXETH15M-26OCT042215-15,0.9860,143.84,no
2026-10-05T02:10:47.528195Z,KXETH15M-26OCT042215-15,0.9860,7.85,no
2026-10-05T02:10:47.654133Z,KXETH15M-26OCT042215-15,0.9860,43.57,no
2026-10-05T02:10:47.78049Z,KXETH15M-26OCT042215-15,0.9860,6.00,no
2026-10-05T02:10:47.789718Z,KXETH15M-26OCT042215-15,0.9860,3.00,no
2026-10-05T02:10:47.965985Z,KXETH15M-26OCT042215-15,0.9860,3.00,no
2026-10-05T02:10:49.556396Z,KXETH15M-26OCT042215-15,0.9950,5.00,yes
2026-10-05T02:10:49.556396Z,KXETH15M-26OCT042215-15,0.9870,6.00,yes
2026-10-05T02:10:49.556396Z,KXETH15M-26OCT042215-15,0.9930,4.00,yes
2026-10-05T02:10:49.556396Z,KXETH15M-26OCT042215-15,0.9920,4.00,yes
2026-10-05T02:10:49.556396Z,KXETH15M-26OCT042215-15,0.9910,4.00,yes
2026-10-05T02:10:49.556396Z,KXETH15M-26OCT042215-15,0.9930,4.00,yes
2026-10-05T02:10:49.556396Z,KXETH15M-26OCT042215-15,0.9950,9.00,yes
2026-10-05T02:10:49.556396Z,KXETH15M-26OCT042215-15,0.9910,10.00,yes
2026-10-05T02:10:49.556396Z,KXETH15M-26OCT042215-15,0.9870,7.00,yes
2026-10-05T02:10:49.556396Z,KXETH15M-26OCT042215-15,0.9890,22.00,yes
2026-10-05T02:10:49.556396Z,KXETH15M-26OCT042215-15,0.9880,41.00,yes
2026-10-05T02:10:49.556396Z,KXETH15M-26OCT042215-15,0.9920,4.00,yes
2026-10-05T02:10:49.556396Z,KXETH15M-26OCT042215-15,0.9870,41.00,yes
2026-10-05T02:10:49.556396Z,KXETH15M-26OCT042215-15,0.9950,239.95,yes
2026-10-05T02:10:49.556396Z,KXETH15M-26OCT042215-15,0.9900,9.00,yes
2026-10-05T02:10:49.556396Z,KXETH15M-26OCT042215-15,0.9910,17.00,yes
2026-10-05T02:10:49.556396Z,KXETH15M-26OCT042215-15,0.9920,1.01,yes
2026-10-05T02:10:49.556396Z,KXETH15M-26OCT042215-15,0.9870,20.00,yes
2026-10-05T02:10:49.556396Z,KXETH15M-26OCT042215-15,0.9940,4.04,yes
2026-10-05T02:10:49.556396Z,KXETH15M-26OCT042215-15,0.9910,4.00,yes
2026-10-05T02:10:49.556396Z,KXETH15M-26OCT042215-15,0.9950,9.00,yes
2026-10-05T02:10:49.556396Z,KXETH15M-26OCT042215-15,0.9880,35.00,yes
2026-10-05T02:10:49.556396Z,KXETH15M-26OCT042215-15,0.9950,100.00,yes
2026-10-05T02:10:49.556396Z,KXETH15M-26OCT042215-15,0.9930,100.00,yes
2026-10-05T02:10:49.556396Z,KXETH15M-26OCT042215-15,0.9940,100.00,yes
2026-10-05T02:10:49.556396Z,KXETH15M-26OCT042215-15,0.9920,95.57,yes
2026-10-05T02:10:49.556396Z,KXETH15M-26OCT042215-15,0.9950,100.00,yes
2026-10-05T02:10:49.556396Z,KXETH15M-26OCT042215-15,0.9950,11.00,yes
2026-10-05T02:10:49.88463Z,KXETH15M-26OCT042215-15,0.9870,10.00,no
2026-10-05T02:10:49.966627Z,KXETH15M-26OCT042215-15,0.9870,3.00,no
2026-10-05T02:10:50.054602Z,KXETH15M-26OCT042215-15,0.9880,22.00,yes
2026-10-05T02:10:50.061683Z,KXETH15M-26OCT042215-15,0.9880,32.00,yes
2026-10-05T02:10:50.061683Z,KXETH15M-26OCT042215-15,0.9880,9.00,yes
2026-10-05T02:10:50.061683Z,KXETH15M-26OCT042215-15,0.9880,19.00,yes
2026-10-05T02:10:50.622206Z,KXETH15M-26OCT042215-15,0.9880,41.00,yes
2026-10-05T02:10:50.622206Z,KXETH15M-26OCT042215-15,0.9890,14.00,yes
2026-10-05T02:10:50.622206Z,KXETH15M-26OCT042215-15,0.9880,45.00,yes
2026-10-05T02:10:51.034957Z,KXETH15M-26OCT042215-15,0.9880,0.54,yes
2026-10-05T02:10:51.207269Z,KXETH15M-26OCT042215-15,0.9890,27.00,yes
2026-10-05T02:10:51.207269Z,KXETH15M-26OCT042215-15,0.9890,21.00,yes
2026-10-05T02:10:51.207269Z,KXETH15M-26OCT042215-15,0.9900,75.00,yes
2026-10-05T02:10:51.207269Z,KXETH15M-26OCT042215-15,0.9890,12.00,yes
2026-10-05T02:10:51.207269Z,KXETH15M-26OCT042215-15,0.9880,21.00,yes
2026-10-05T02:10:51.207269Z,KXETH15M-26OCT042215-15,0.9880,40.46,yes
2026-10-05T02:10:52.448724Z,KXETH15M-26OCT042215-15,0.9900,20.00,no
2026-10-05T02:10:52.606546Z,KXETH15M-26OCT042215-15,0.9900,101.12,no
2026-10-05T02:10:52.711727Z,KXETH15M-26OCT042215-15,0.9910,5.90,yes
2026-10-05T02:10:53.251692Z,KXETH15M-26OCT042215-15,0.9900,5.00,no
2026-10-05T02:10:53.267873Z,KXETH15M-26OCT042215-15,0.9900,20.00,no
2026-10-05T02:10:53.563072Z,KXETH15M-26OCT042215-15,0.9900,10.00,no
2026-10-05T02:10:53.985992Z,KXETH15M-26OCT042215-15,0.9900,392.00,no
2026-10-05T02:10:53.988085Z,KXETH15M-26OCT042215-15,0.9900,54.00,no
2026-10-05T02:10:53.990716Z,KXETH15M-26OCT042215-15,0.9900,228.00,no
2026-10-05T02:10:54.709235Z,KXETH15M-26OCT042215-15,0.9910,7.82,yes
2026-10-05T02:10:55.01874Z,KXETH15M-26OCT042215-15,0.9900,18.70,no
2026-10-05T02:10:56.017711Z,KXETH15M-26OCT042215-15,0.9900,5.07,no
2026-10-05T02:10:56.166596Z,KXETH15M-26OCT042215-15,0.9900,1.76,no
2026-10-05T02:10:56.166596Z,KXETH15M-26OCT042215-15,0.9900,75.00,no
2026-10-05T02:10:56.166596Z,KXETH15M-26OCT042215-15,0.9900,100.00,no
2026-10-05T02:10:56.166596Z,KXETH15M-26OCT042215-15,0.9900,969.65,no
2026-10-05T02:10:56.166596Z,KXETH15M-26OCT042215-15,0.9900,100.00,no
2026-10-05T02:10:56.166596Z,KXETH15M-26OCT042215-15,0.9900,100.00,no
2026-10-05T02:10:56.166596Z,KXETH15M-26OCT042215-15,0.9900,0.02,no
2026-10-05T02:10:56.166596Z,KXETH15M-26OCT042215-15,0.9900,82.57,no
2026-10-05T02:10:57.048819Z,KXETH15M-26OCT042215-15,0.9900,10.00,no
2026-10-05T02:10:57.349501Z,KXETH15M-26OCT042215-15,0.9900,228.19,no
2026-10-05T02:10:57.349501Z,KXETH15M-26OCT042215-15,0.9900,13.98,no
2026-10-05T02:10:57.349501Z,KXETH15M-26OCT042215-15,0.9900,0.02,no
2026-10-05T02:10:59.039249Z,KXETH15M-26OCT042215-15,0.9900,19.02,no
2026-10-05T02:10:59.039249Z,KXETH15M-26OCT042215-15,0.9900,1.07,no
2026-10-05T02:10:59.77842Z,KXETH15M-26OCT042215-15,0.9900,0.02,no
2026-10-05T02:10:59.77842Z,KXETH15M-26OCT042215-15,0.9900,16.94,no
2026-10-05T02:10:59.77842Z,KXETH15M-26OCT042215-15,0.9900,73.93,no
2026-10-05T02:11:00.351822Z,KXETH15M-26OCT042215-15,0.9900,10.00,no
2026-10-05T02:11:01.459707Z,KXETH15M-26OCT042215-15,0.9910,27.28,yes
2026-10-05T02:11:01.459707Z,KXETH15M-26OCT042215-15,0.9910,29.45,yes
2026-10-05T02:11:01.531088Z,KXETH15M-26OCT042215-15,0.9900,3.00,no
2026-10-05T02:11:01.531088Z,KXETH15M-26OCT042215-15,0.9900,0.92,no
2026-10-05T02:11:01.531088Z,KXETH15M-26OCT042215-15,0.9900,0.02,no
2026-10-05T02:11:01.531088Z,KXETH15M-26OCT042215-15,0.9900,3.00,no
2026-10-05T02:11:01.531088Z,KXETH15M-26OCT042215-15,0.9900,3.06,no
2026-10-05T02:11:02.76372Z,KXETH15M-26OCT042215-15,0.9860,4.00,no
2026-10-05T02:11:02.76372Z,KXETH15M-26OCT042215-15,0.9860,4.00,no
2026-10-05T02:11:02.76372Z,KXETH15M-26OCT042215-15,0.9900,0.02,no
2026-10-05T02:11:02.76372Z,KXETH15M-26OCT042215-15,0.9900,17.00,no
2026-10-05T02:11:02.76372Z,KXETH15M-26OCT042215-15,0.9850,1.01,no
2026-10-05T02:11:02.76372Z,KXETH15M-26OCT042215-15,0.9880,20.00,no
2026-10-05T02:11:02.76372Z,KXETH15M-26OCT042215-15,0.9870,4.00,no
2026-10-05T02:11:02.76372Z,KXETH15M-26OCT042215-15,0.9830,4.04,no
2026-10-05T02:11:02.76372Z,KXETH15M-26OCT042215-15,0.9850,9.00,no
2026-10-05T02:11:02.76372Z,KXETH15M-26OCT042215-15,0.9850,9.00,no
2026-10-05T02:11:02.76372Z,KXETH15M-26OCT042215-15,0.9870,4.00,no
2026-10-05T02:11:02.76372Z,KXETH15M-26OCT042215-15,0.9900,3.08,no
2026-10-05T02:11:02.76372Z,KXETH15M-26OCT042215-15,0.9900,9.00,no
2026-10-05T02:11:02.76372Z,KXETH15M-26OCT042215-15,0.9900,5.00,no
2026-10-05T02:11:02.76372Z,KXETH15M-26OCT042215-15,0.9880,4.00,no
2026-10-05T02:11:02.76372Z,KXETH15M-26OCT042215-15,0.9880,4.00,no
2026-10-05T02:11:02.76372Z,KXETH15M-26OCT042215-15,0.9890,20.00,no
2026-10-05T02:11:02.76372Z,KXETH15M-26OCT042215-15,0.9860,0.02,no
2026-10-05T02:11:02.76372Z,KXETH15M-26OCT042215-15,0.9860,119.59,no
2026-10-05T02:11:02.76372Z,KXETH15M-26OCT042215-15,0.9840,0.03,no
2026-10-05T02:11:02.76372Z,KXETH15M-26OCT042215-15,0.9830,0.03,no
2026-10-05T02:11:02.76372Z,KXETH15M-26OCT042215-15,0.9850,0.02,no
2026-10-05T02:11:02.76372Z,KXETH15M-26OCT042215-15,0.9890,0.02,no
2026-10-05T02:11:02.76372Z,KXETH15M-26OCT042215-15,0.9860,22.00,no
2026-10-05T02:11:02.76372Z,KXETH15M-26OCT042215-15,0.9880,0.03,no
2026-10-05T02:11:02.76372Z,KXETH15M-26OCT042215-15,0.9870,0.03,no
2026-10-05T02:11:02.76372Z,KXETH15M-26OCT042215-15,0.9880,6.00,no
2026-10-05T02:11:02.76372Z,KXETH15M-26OCT042215-15,0.9830,20.00,no
2026-10-05T02:11:02.76372Z,KXETH15M-26OCT042215-15,0.9870,14.00,no
2026-10-05T02:11:02.76372Z,KXETH15M-26OCT042215-15,0.9820,22.91,no
2026-10-05T02:11:04.386556Z,KXETH15M-26OCT042215-15,0.9910,2.00,no
2026-10-05T02:11:04.386556Z,KXETH15M-26OCT042215-15,0.9910,7.98,no
2026-10-05T02:11:04.386556Z,KXETH15M-26OCT042215-15,0.9910,0.02,no
2026-10-05T02:11:04.625423Z,KXETH15M-26OCT042215-15,0.9870,14.00,no
2026-10-05T02:11:04.625423Z,KXETH15M-26OCT042215-15,0.9890,20.00,no
2026-10-05T02:11:04.625423Z,KXETH15M-26OCT042215-15,0.9910,13.00,no
2026-10-05T02:11:04.625423Z,KXETH15M-26OCT042215-15,0.9900,8.00,no
2026-10-05T02:11:04.625423Z,KXETH15M-26OCT042215-15,0.9880,20.00,no
2026-10-05T02:11:04.625423Z,KXETH15M-26OCT042215-15,0.9870,0.04,no
2026-10-05T02:11:04.625423Z,KXETH15M-26OCT042215-15,0.9880,0.03,no
2026-10-05T02:11:04.625423Z,KXETH15M-26OCT042215-15,0.9860,0.04,no
2026-10-05T02:11:04.625423Z,KXETH15M-26OCT042215-15,0.9860,4.00,no
2026-10-05T02:11:04.625423Z,KXETH15M-26OCT042215-15,0.9860,226.08,no
2026-10-05T02:11:04.625423Z,KXETH15M-26OCT042215-15,0.9860,4.00,no
2026-10-05T02:11:04.625423Z,KXETH15M-26OCT042215-15,0.9880,22.00,no
2026-10-05T02:11:04.625423Z,KXETH15M-26OCT042215-15,0.9870,20.00,no
2026-10-05T02:11:04.625423Z,KXETH15M-26OCT042215-15,0.9890,0.03,no
2026-10-05T02:11:04.625423Z,KXETH15M-26OCT042215-15,0.9900,0.02,no
2026-10-05T02:11:04.625423Z,KXETH15M-26OCT042215-15,0.9910,1.02,no
2026-10-05T02:11:04.819144Z,KXETH15M-26OCT042215-15,0.9930,27.74,yes
2026-10-05T02:11:04.834577Z,KXETH15M-26OCT042215-15,0.9910,10.00,no
2026-10-05T02:11:04.834577Z,KXETH15M-26OCT042215-15,0.9920,20.00,no
2026-10-05T02:11:04.834577Z,KXETH15M-26OCT042215-15,0.9910,16.00,no
2026-10-05T02:11:04.834577Z,KXETH15M-26OCT042215-15,0.9910,20.00,no
2026-10-05T02:11:05.13675Z,KXETH15M-26OCT042215-15,0.9900,14.00,yes
2026-10-05T02:11:05.487515Z,KXETH15M-26OCT042215-15,0.9850,0.05,no
2026-10-05T02:11:05.487515Z,KXETH15M-26OCT042215-15,0.9860,26.64,no
2026-10-05T02:11:05.487515Z,KXETH15M-26OCT042215-15,0.9840,58.30,no
2026-10-05T02:11:05.487515Z,KXETH15M-26OCT042215-15,0.9850,4.00,no
2026-10-05T02:11:05.487515Z,KXETH15M-26OCT042215-15,0.9840,4.00,no
2026-10-05T02:11:05.487515Z,KXETH15M-26OCT042215-15,0.9850,4.00,no
2026-10-05T02:11:05.487515Z,KXETH15M-26OCT042215-15,0.9840,4.00,no
2026-10-05T02:11:05.487515Z,KXETH15M-26OCT042215-15,0.9900,20.00,no
2026-10-05T02:11:05.487515Z,KXETH15M-26OCT042215-15,0.9910,20.00,no
2026-10-05T02:11:05.487515Z,KXETH15M-26OCT042215-15,0.9910,4.00,no
2026-10-05T02:11:05.487515Z,KXETH15M-26OCT042215-15,0.9890,0.03,no
2026-10-05T02:11:05.487515Z,KXETH15M-26OCT042215-15,0.9850,20.00,no
2026-10-05T02:11:05.487515Z,KXETH15M-26OCT042215-15,0.9870,14.00,no
2026-10-05T02:11:05.487515Z,KXETH15M-26OCT042215-15,0.9850,9.00,no
2026-10-05T02:11:05.487515Z,KXETH15M-26OCT042215-15,0.9910,31.00,no
2026-10-05T02:11:05.487515Z,KXETH15M-26OCT042215-15,0.9880,22.00,no
2026-10-05T02:11:05.487515Z,KXETH15M-26OCT042215-15,0.9850,9.00,no
2026-10-05T02:11:05.487515Z,KXETH15M-26OCT042215-15,0.9910,9.00,no
2026-10-05T02:11:06.906799Z,KXETH15M-26OCT042215-15,0.9910,20.00,no
2026-10-05T02:11:06.906799Z,KXETH15M-26OCT042215-15,0.9900,20.00,no
2026-10-05T02:11:06.906799Z,KXETH15M-26OCT042215-15,0.9900,8.05,no
2026-10-05T02:11:07.444734Z,KXETH15M-26OCT042215-15,0.9960,427.58,yes
2026-10-05T02:11:07.444734Z,KXETH15M-26OCT042215-15,0.9930,4.00,yes
2026-10-05T02:11:07.444734Z,KXETH15M-26OCT042215-15,0.9950,20.00,yes
2026-10-05T02:11:07.444734Z,KXETH15M-26OCT042215-15,0.9930,4.00,yes
2026-10-05T02:11:07.444734Z,KXETH15M-26OCT042215-15,0.9940,4.00,yes
2026-10-05T02:11:07.444734Z,KXETH15M-26OCT042215-15,0.9940,4.00,yes
2026-10-05T02:11:07.444734Z,KXETH15M-26OCT042215-15,0.9950,9.00,yes
2026-10-05T02:11:07.444734Z,KXETH15M-26OCT042215-15,0.9920,12.00,yes
2026-10-05T02:11:07.444734Z,KXETH15M-26OCT042215-15,0.9950,4.00,yes
2026-10-05T02:11:07.444734Z,KXETH15M-26OCT042215-15,0.9930,22.00,yes
2026-10-05T02:11:07.444734Z,KXETH15M-26OCT042215-15,0.9950,4.00,yes
2026-10-05T02:11:07.444734Z,KXETH15M-26OCT042215-15,0.9940,8.00,yes
2026-10-05T02:11:07.444734Z,KXETH15M-26OCT042215-15,0.9920,39.00,yes
2026-10-05T02:11:07.444734Z,KXETH15M-26OCT042215-15,0.9950,57.00,yes
2026-10-05T02:11:07.627852Z,KXETH15M-26OCT042215-15,0.9920,20.00,no
2026-10-05T02:11:08.072993Z,KXETH15M-26OCT042215-15,0.9920,1.43,no
2026-10-05T02:11:08.240843Z,KXETH15M-26OCT042215-15,0.9920,10.00,no
2026-10-05T02:11:08.600538Z,KXETH15M-26OCT042215-15,0.9920,2.00,no
2026-10-05T02:11:09.120277Z,KXETH15M-26OCT042215-15,0.9900,100.00,no
2026-10-05T02:11:09.120277Z,KXETH15M-26OCT042215-15,0.9920,1.00,no
2026-10-05T02:11:09.120277Z,KXETH15M-26OCT042215-15,0.9850,0.03,no
2026-10-05T02:11:09.120277Z,KXETH15M-26OCT042215-15,0.9920,12.00,no
2026-10-05T02:11:09.120277Z,KXETH15M-26OCT042215-15,0.9840,0.06,no
2026-10-05T02:11:09.120277Z,KXETH15M-26OCT042215-15,0.9850,20.00,no
2026-10-05T02:11:09.120277Z,KXETH15M-26OCT042215-15,0.9910,8.00,no
2026-10-05T02:11:09.120277Z,KXETH15M-26OCT042215-15,0.9840,350.00,no
2026-10-05T02:11:09.120277Z,KXETH15M-26OCT042215-15,0.9920,20.00,no
2026-10-05T02:11:09.120277Z,KXETH15M-26OCT042215-15,0.9840,4.00,no
2026-10-05T02:11:09.120277Z,KXETH15M-26OCT042215-15,0.9850,4.00,no
2026-10-05T02:11:09.120277Z,KXETH15M-26OCT042215-15,0.9860,4.00,no
2026-10-05T02:11:09.120277Z,KXETH15M-26OCT042215-15,0.9840,4.00,no
2026-10-05T02:11:09.120277Z,KXETH15M-26OCT042215-15,0.9870,22.00,no
2026-10-05T02:11:09.120277Z,KXETH15M-26OCT042215-15,0.9860,4.00,no
2026-10-05T02:11:09.120277Z,KXETH15M-26OCT042215-15,0.9840,119.68,no
2026-10-05T02:11:09.120277Z,KXETH15M-26OCT042215-15,0.9850,4.00,no
2026-10-05T02:11:09.120277Z,KXETH15M-26OCT042215-15,0.9910,20.00,no
2026-10-05T02:11:09.120277Z,KXETH15M-26OCT042215-15,0.9860,14.00,no
2026-10-05T02:11:10.255103Z,KXETH15M-26OCT042215-15,0.9910,18.00,no
2026-10-05T02:11:10.255103Z,KXETH15M-26OCT042215-15,0.9870,13.35,no
2026-10-05T02:11:10.255103Z,KXETH15M-26OCT042215-15,0.9900,12.00,no
2026-10-05T02:11:10.255103Z,KXETH15M-26OCT042215-15,0.9910,20.00,no
2026-10-05T02:11:10.255103Z,KXETH15M-26OCT042215-15,0.9900,20.00,no
2026-10-05T02:11:10.797835Z,KXETH15M-26OCT042215-15,0.9850,0.03,no
2026-10-05T02:11:10.797835Z,KXETH15M-26OCT042215-15,0.9850,14.00,no
2026-10-05T02:11:10.797835Z,KXETH15M-26OCT042215-15,0.9900,2.00,no
2026-10-05T02:11:10.797835Z,KXETH15M-26OCT042215-15,0.9910,20.00,no
2026-10-05T02:11:10.797835Z,KXETH15M-26OCT042215-15,0.9900,20.00,no
2026-10-05T02:11:10.797835Z,KXETH15M-26OCT042215-15,0.9850,16.24,no
2026-10-05T02:11:10.797835Z,KXETH15M-26OCT042215-15,0.9910,10.00,no
2026-10-05T02:11:11.399758Z,KXETH15M-26OCT042215-15,0.9900,20.00,no
2026-10-05T02:11:11.399758Z,KXETH15M-26OCT042215-15,0.9910,10.00,no
2026-10-05T02:11:11.399758Z,KXETH15M-26OCT042215-15,0.9850,14.00,no
2026-10-05T02:11:11.399758Z,KXETH15M-26OCT042215-15,0.9850,2.58,no
2026-10-05T02:11:11.399758Z,KXETH15M-26OCT042215-15,0.9910,20.00,no
2026-10-05T02:11:11.399758Z,KXETH15M-26OCT042215-15,0.9910,9.00,no
2026-10-05T02:11:11.413501Z,KXETH15M-26OCT042215-15,0.9910,10.00,yes
2026-10-05T02:11:12.589015Z,KXETH15M-26OCT042215-15,0.9870,10.00,no
2026-10-05T02:11:12.589015Z,KXETH15M-26OCT042215-15,0.9890,20.00,no
2026-10-05T02:11:12.589015Z,KXETH15M-26OCT042215-15,0.9900,21.00,no
2026-10-05T02:11:12.589015Z,KXETH15M-26OCT042215-15,0.9900,15.00,no
2026-10-05T02:11:12.589015Z,KXETH15M-26OCT042215-15,0.9900,20.00,no
2026-10-05T02:11:12.589015Z,KXETH15M-26OCT042215-15,0.9860,14.00,no
2026-10-05T02:11:12.589015Z,KXETH15M-26OCT042215-15,0.9850,4.99,no
2026-10-05T02:11:13.580135Z,KXETH15M-26OCT042215-15,0.9940,8.00,yes
2026-10-05T02:11:13.580135Z,KXETH15M-26OCT042215-15,0.9930,4.00,yes
2026-10-05T02:11:13.580135Z,KXETH15M-26OCT042215-15,0.9920,4.00,yes
2026-10-05T02:11:13.580135Z,KXETH15M-26OCT042215-15,0.9930,4.00,yes
2026-10-05T02:11:13.580135Z,KXETH15M-26OCT042215-15,0.9940,4.00,yes
2026-10-05T02:11:13.580135Z,KXETH15M-26OCT042215-15,0.9940,4.00,yes
2026-10-05T02:11:13.580135Z,KXETH15M-26OCT042215-15,0.9920,4.00,yes
2026-10-05T02:11:13.580135Z,KXETH15M-26OCT042215-15,0.9920,10.00,yes
2026-10-05T02:11:13.580135Z,KXETH15M-26OCT042215-15,0.9940,11.00,yes
2026-10-05T02:11:13.580135Z,KXETH15M-26OCT042215-15,0.9920,22.00,yes
2026-10-05T02:11:13.580135Z,KXETH15M-26OCT042215-15,0.9910,25.00,yes
2026-10-05T02:11:13.97845Z,KXETH15M-26OCT042215-15,0.9910,14.00,no
2026-10-05T02:11:13.97845Z,KXETH15M-26OCT042215-15,0.9890,20.00,no
2026-10-05T02:11:13.97845Z,KXETH15M-26OCT042215-15,0.9910,32.00,no
2026-10-05T02:11:13.97845Z,KXETH15M-26OCT042215-15,0.9900,20.00,no
2026-10-05T02:11:13.97845Z,KXETH15M-26OCT042215-15,0.9870,1.02,no
2026-10-05T02:11:14.012742Z,KXETH15M-26OCT042215-15,0.9900,10.00,no
2026-10-05T02:11:14.671424Z,KXETH15M-26OCT042215-15,0.9900,16.00,no
2026-10-05T02:11:14.671424Z,KXETH15M-26OCT042215-15,0.9900,23.00,no
2026-10-05T02:11:14.671424Z,KXETH15M-26OCT042215-15,0.9900,12.00,no
2026-10-05T02:11:14.671424Z,KXETH15M-26OCT042215-15,0.9880,3.18,no
2026-10-05T02:11:14.671424Z,KXETH15M-26OCT042215-15,0.9890,20.00,no
2026-10-05T02:11:14.671424Z,KXETH15M-26OCT042215-15,0.9900,10.00,no
2026-10-05T02:11:14.901216Z,KXETH15M-26OCT042215-15,0.9840,70.58,no
2026-10-05T02:11:14.901216Z,KXETH15M-26OCT042215-15,0.9890,32.00,no
2026-10-05T02:11:14.901216Z,KXETH15M-26OCT042215-15,0.9890,20.00,no
2026-10-05T02:11:14.901216Z,KXETH15M-26OCT042215-15,0.9850,9.00,no
2026-10-05T02:11:14.901216Z,KXETH15M-26OCT042215-15,0.9880,20.00,no
2026-10-05T02:11:14.901216Z,KXETH15M-26OCT042215-15,0.9890,34.00,no
2026-10-05T02:11:14.901216Z,KXETH15M-26OCT042215-15,0.9850,20.00,no
2026-10-05T02:11:14.901216Z,KXETH15M-26OCT042215-15,0.9860,14.00,no
2026-10-05T02:11:14.901216Z,KXETH15M-26OCT042215-15,0.9850,95.00,no
2026-10-05T02:11:14.901216Z,KXETH15M-26OCT042215-15,0.9850,4.00,no
2026-10-05T02:11:14.901216Z,KXETH15M-26OCT042215-15,0.9850,4.00,no
2026-10-05T02:11:14.901216Z,KXETH15M-26OCT042215-15,0.9860,4.00,no
2026-10-05T02:11:14.901216Z,KXETH15M-26OCT042215-15,0.9860,4.00,no
2026-10-05T02:11:15.415289Z,KXETH15M-26OCT042215-15,0.9880,16.00,no
2026-10-05T02:11:15.415289Z,KXETH15M-26OCT042215-15,0.9890,20.00,no
2026-10-05T02:11:15.415289Z,KXETH15M-26OCT042215-15,0.9900,20.00,no
2026-10-05T02:11:15.415289Z,KXETH15M-26OCT042215-15,0.9900,19.00,no
2026-10-05T02:11:15.415289Z,KXETH15M-26OCT042215-15,0.9870,62.78,no
2026-10-05T02:11:15.426114Z,KXETH15M-26OCT042215-15,0.9900,20.00,no
2026-10-05T02:11:15.514603Z,KXETH15M-26OCT042215-15,0.9900,22.00,yes
2026-10-05T02:11:15.514603Z,KXETH15M-26OCT042215-15,0.9900,9.00,yes
2026-10-05T02:11:15.538419Z,KXETH15M-26OCT042215-15,0.9900,70.00,yes
2026-10-05T02:11:15.620043Z,KXETH15M-26OCT042215-15,0.9900,12.00,yes
2026-10-05T02:11:15.621085Z,KXETH15M-26OCT042215-15,0.9900,7.00,yes
2026-10-05T02:11:15.921307Z,KXETH15M-26OCT042215-15,0.9900,18.00,no
2026-10-05T02:11:15.921307Z,KXETH15M-26OCT042215-15,0.9890,37.91,no
2026-10-05T02:11:15.921307Z,KXETH15M-26OCT042215-15,0.9920,14.00,no
2026-10-05T02:11:16.940189Z,KXETH15M-26OCT042215-15,0.9920,22.00,yes
2026-10-05T02:11:16.940189Z,KXETH15M-26OCT042215-15,0.9920,21.00,yes
2026-10-05T02:11:16.940189Z,KXETH15M-26OCT042215-15,0.9930,20.00,yes
2026-10-05T02:11:16.940189Z,KXETH15M-26OCT042215-15,0.9930,10.00,yes
2026-10-05T02:11:16.940189Z,KXETH15M-26OCT042215-15,0.9940,27.57,yes
2026-10-05T02:11:16.945478Z,KXETH15M-26OCT042215-15,0.9910,4.00,no
2026-10-05T02:11:17.421265Z,KXETH15M-26OCT042215-15,0.9940,9.86,yes
2026-10-05T02:11:17.929966Z,KXETH15M-26OCT042215-15,0.9900,11.79,no
2026-10-05T02:11:17.929966Z,KXETH15M-26OCT042215-15,0.9910,16.00,no
2026-10-05T02:11:17.929966Z,KXETH15M-26OCT042215-15,0.9900,20.00,no
2026-10-05T02:11:18.171015Z,KXETH15M-26OCT042215-15,0.9920,11.96,yes
2026-10-05T02:11:18.171015Z,KXETH15M-26OCT042215-15,0.9920,18.00,yes
2026-10-05T02:11:19.910752Z,KXETH15M-26OCT042215-15,0.9910,9.00,no
2026-10-05T02:11:19.910752Z,KXETH15M-26OCT042215-15,0.9910,10.00,no
2026-10-05T02:11:19.910752Z,KXETH15M-26OCT042215-15,0.9910,20.00,no
2026-10-05T02:11:21.086498Z,KXETH15M-26OCT042215-15,0.9940,42.00,yes
2026-10-05T02:11:21.086498Z,KXETH15M-26OCT042215-15,0.9930,67.00,yes
2026-10-05T02:11:21.086498Z,KXETH15M-26OCT042215-15,0.9930,10.00,yes
2026-10-05T02:11:21.086498Z,KXETH15M-26OCT042215-15,0.9940,15.82,yes
2026-10-05T02:11:21.166457Z,KXETH15M-26OCT042215-15,0.9840,237.32,no
2026-10-05T02:11:21.166457Z,KXETH15M-26OCT042215-15,0.9830,0.07,no
2026-10-05T02:11:21.166457Z,KXETH15M-26OCT042215-15,0.9870,50.00,no
2026-10-05T02:11:21.166457Z,KXETH15M-26OCT042215-15,0.9850,4.00,no
2026-10-05T02:11:21.166457Z,KXETH15M-26OCT042215-15,0.9860,4.00,no
2026-10-05T02:11:21.166457Z,KXETH15M-26OCT042215-15,0.9910,12.00,no
2026-10-05T02:11:21.166457Z,KXETH15M-26OCT042215-15,0.9860,4.00,no
2026-10-05T02:11:21.166457Z,KXETH15M-26OCT042215-15,0.9850,4.00,no
2026-10-05T02:11:21.166457Z,KXETH15M-26OCT042215-15,0.9900,0.01,no
2026-10-05T02:11:21.166457Z,KXETH15M-26OCT042215-15,0.9900,30.00,no
2026-10-05T02:11:21.166457Z,KXETH15M-26OCT042215-15,0.9900,22.00,no
2026-10-05T02:11:21.166457Z,KXETH15M-26OCT042215-15,0.9920,20.00,no
2026-10-05T02:11:21.166457Z,KXETH15M-26OCT042215-15,0.9920,41.00,no
2026-10-05T02:11:21.166457Z,KXETH15M-26OCT042215-15,0.9860,14.00,no
2026-10-05T02:11:21.166457Z,KXETH15M-26OCT042215-15,0.9930,20.00,no
2026-10-05T02:11:21.166457Z,KXETH15M-26OCT042215-15,0.9840,0.03,no
2026-10-05T02:11:21.166457Z,KXETH15M-26OCT042215-15,0.9850,20.00,no
2026-10-05T02:11:21.166457Z,KXETH15M-26OCT042215-15,0.9850,9.00,no
2026-10-05T02:11:21.166457Z,KXETH15M-26OCT042215-15,0.9840,4.00,no
2026-10-05T02:11:21.166457Z,KXETH15M-26OCT042215-15,0.9850,9.00,no
2026-10-05T02:11:21.166457Z,KXETH15M-26OCT042215-15,0.9840,4.00,no
2026-10-05T02:11:21.166457Z,KXETH15M-26OCT042215-15,0.9860,1.00,no
2026-10-05T02:11:21.166457Z,KXETH15M-26OCT042215-15,0.9810,0.06,no
2026-10-05T02:11:21.166457Z,KXETH15M-26OCT042215-15,0.9810,53.32,no
2026-10-05T02:11:21.166457Z,KXETH15M-26OCT042215-15,0.9820,10.00,no
2026-10-05T02:11:21.166457Z,KXETH15M-26OCT042215-15,0.9820,0.03,no
2026-10-05T02:11:21.166457Z,KXETH15M-26OCT042215-15,0.9820,50.00,no
2026-10-05T02:11:21.614808Z,KXETH15M-26OCT042215-15,0.9940,7.34,yes
2026-10-05T02:11:25.991425Z,KXETH15M-26OCT042215-15,0.9920,36.00,no
2026-10-05T02:11:25.991425Z,KXETH15M-26OCT042215-15,0.9900,100.00,no
2026-10-05T02:11:25.991425Z,KXETH15M-26OCT042215-15,0.9820,4.00,no
2026-10-05T02:11:25.991425Z,KXETH15M-26OCT042215-15,0.9820,20.00,no
2026-10-05T02:11:25.991425Z,KXETH15M-26OCT042215-15,0.9830,0.03,no
2026-10-05T02:11:25.991425Z,KXETH15M-26OCT042215-15,0.9820,4.00,no
2026-10-05T02:11:25.991425Z,KXETH15M-26OCT042215-15,0.9860,22.00,no
2026-10-05T02:11:25.991425Z,KXETH15M-26OCT042215-15,0.9920,20.00,no
2026-10-05T02:11:25.991425Z,KXETH15M-26OCT042215-15,0.9910,20.00,no
2026-10-05T02:11:25.991425Z,KXETH15M-26OCT042215-15,0.9840,0.03,no
2026-10-05T02:11:25.991425Z,KXETH15M-26OCT042215-15,0.9820,40.33,no
2026-10-05T02:11:25.991425Z,KXETH15M-26OCT042215-15,0.9830,4.00,no
2026-10-05T02:11:25.991425Z,KXETH15M-26OCT042215-15,0.9830,50.00,no
2026-10-05T02:11:25.991425Z,KXETH15M-26OCT042215-15,0.9830,4.00,no
2026-10-05T02:11:25.991425Z,KXETH15M-26OCT042215-15,0.9910,11.00,no
2026-10-05T02:11:25.991425Z,KXETH15M-26OCT042215-15,0.9840,14.00,no
2026-10-05T02:11:26.067912Z,KXETH15M-26OCT042215-15,0.9960,48.76,yes
2026-10-05T02:11:26.067912Z,KXETH15M-26OCT042215-15,0.9930,4.00,yes
2026-10-05T02:11:26.067912Z,KXETH15M-26OCT042215-15,0.9950,4.00,yes
2026-10-05T02:11:26.067912Z,KXETH15M-26OCT042215-15,0.9930,4.00,yes
2026-10-05T02:11:26.067912Z,KXETH15M-26OCT042215-15,0.9940,4.00,yes
2026-10-05T02:11:26.067912Z,KXETH15M-26OCT042215-15,0.9940,4.00,yes
2026-10-05T02:11:26.067912Z,KXETH15M-26OCT042215-15,0.9950,4.00,yes
2026-10-05T02:11:26.067912Z,KXETH15M-26OCT042215-15,0.9930,13.00,yes
2026-10-05T02:11:26.067912Z,KXETH15M-26OCT042215-15,0.9930,9.00,yes
2026-10-05T02:11:26.067912Z,KXETH15M-26OCT042215-15,0.9940,36.00,yes
2026-10-05T02:11:26.067912Z,KXETH15M-26OCT042215-15,0.9930,10.00,yes
2026-10-05T02:11:26.067912Z,KXETH15M-26OCT042215-15,0.9950,20.00,yes
2026-10-05T02:11:28.327277Z,KXETH15M-26OCT042215-15,0.9850,4.00,no
2026-10-05T02:11:28.327277Z,KXETH15M-26OCT042215-15,0.9850,4.00,no
2026-10-05T02:11:28.327277Z,KXETH15M-26OCT042215-15,0.9930,13.00,no
2026-10-05T02:11:28.327277Z,KXETH15M-26OCT042215-15,0.9840,0.03,no
2026-10-05T02:11:28.327277Z,KXETH15M-26OCT042215-15,0.9830,4.00,no
2026-10-05T02:11:28.327277Z,KXETH15M-26OCT042215-15,0.9840,4.00,no
2026-10-05T02:11:28.327277Z,KXETH15M-26OCT042215-15,0.9910,13.00,no
2026-10-05T02:11:28.327277Z,KXETH15M-26OCT042215-15,0.9830,0.03,no
2026-10-05T02:11:28.327277Z,KXETH15M-26OCT042215-15,0.9840,4.00,no
2026-10-05T02:11:28.327277Z,KXETH15M-26OCT042215-15,0.9930,20.00,no
2026-10-05T02:11:28.327277Z,KXETH15M-26OCT042215-15,0.9870,20.00,no
2026-10-05T02:11:28.327277Z,KXETH15M-26OCT042215-15,0.9840,48.76,no
2026-10-05T02:11:28.327277Z,KXETH15M-26OCT042215-15,0.9830,4.00,no
2026-10-05T02:11:28.327277Z,KXETH15M-26OCT042215-15,0.9850,14.00,no
2026-10-05T02:11:28.327277Z,KXETH15M-26OCT042215-15,0.9900,22.00,no
2026-10-05T02:11:28.327277Z,KXETH15M-26OCT042215-15,0.9920,20.00,no
2026-10-05T02:11:28.327277Z,KXETH15M-26OCT042215-15,0.9810,0.05,no
2026-10-05T02:11:28.327277Z,KXETH15M-26OCT042215-15,0.9820,9.67,no
2026-10-05T02:11:28.327277Z,KXETH15M-26OCT042215-15,0.9820,0.04,no
2026-10-05T02:11:28.327277Z,KXETH15M-26OCT042215-15,0.9800,82.35,no
2026-10-05T02:11:28.327277Z,KXETH15M-26OCT042215-15,0.9810,21.68,no
2026-10-05T02:11:28.603519Z,KXETH15M-26OCT042215-15,0.9900,8.56,no
2026-10-05T02:11:29.212278Z,KXETH15M-26OCT042215-15,0.9900,4.00,no
2026-10-05T02:11:29.212278Z,KXETH15M-26OCT042215-15,0.9900,22.00,no
2026-10-05T02:11:29.212278Z,KXETH15M-26OCT042215-15,0.9900,4.00,no
2026-10-05T02:11:29.212278Z,KXETH15M-26OCT042215-15,0.9900,30.00,no
2026-10-05T02:11:29.692057Z,KXETH15M-26OCT042215-15,0.9850,0.25,yes
2026-10-05T02:11:29.851172Z,KXETH15M-26OCT042215-15,0.9840,0.96,no
2026-10-05T02:11:29.851172Z,KXETH15M-26OCT042215-15,0.9840,0.03,no
2026-10-05T02:11:29.929033Z,KXETH15M-26OCT042215-15,0.9840,25.43,no
2026-10-05T02:11:29.929033Z,KXETH15M-26OCT042215-15,0.9850,20.00,no
2026-10-05T02:11:29.929033Z,KXETH15M-26OCT042215-15,0.9840,13.04,no
2026-10-05T02:11:30.773381Z,KXETH15M-26OCT042215-15,0.9960,13.00,yes
2026-10-05T02:11:30.773381Z,KXETH15M-26OCT042215-15,0.9970,18.00,yes
2026-10-05T02:11:30.773381Z,KXETH15M-26OCT042215-15,0.9970,2.00,yes
2026-10-05T02:11:30.773381Z,KXETH15M-26OCT042215-15,0.9970,2.00,yes
2026-10-05T02:11:30.773381Z,KXETH15M-26OCT042215-15,0.9960,1.00,yes
2026-10-05T02:11:30.773381Z,KXETH15M-26OCT042215-15,0.9960,1.00,yes
2026-10-05T02:11:30.773381Z,KXETH15M-26OCT042215-15,0.9970,2.00,yes
2026-10-05T02:11:30.773381Z,KXETH15M-26OCT042215-15,0.9960,1.00,yes
2026-10-05T02:11:30.773381Z,KXETH15M-26OCT042215-15,0.9970,2.00,yes
2026-10-05T02:11:30.773381Z,KXETH15M-26OCT042215-15,0.9970,2.00,yes
2026-10-05T02:11:30.773381Z,KXETH15M-26OCT042215-15,0.9960,1.00,yes
2026-10-05T02:11:30.773381Z,KXETH15M-26OCT042215-15,0.9960,1.00,yes
2026-10-05T02:11:30.773381Z,KXETH15M-26OCT042215-15,0.9970,100.00,yes
2026-10-05T02:11:30.773381Z,KXETH15M-26OCT042215-15,0.9960,100.00,yes
2026-10-05T02:11:30.773381Z,KXETH15M-26OCT042215-15,0.9980,11.38,yes
2026-10-05T02:11:30.773381Z,KXETH15M-26OCT042215-15,0.9980,3000.00,yes
2026-10-05T02:11:30.773381Z,KXETH15M-26OCT042215-15,0.9960,194.66,yes
2026-10-05T02:11:30.773381Z,KXETH15M-26OCT042215-15,0.9980,100.00,yes
2026-10-05T02:11:30.773381Z,KXETH15M-26OCT042215-15,0.9980,500.00,yes
2026-10-05T02:11:30.773381Z,KXETH15M-26OCT042215-15,0.9970,400.00,yes
2026-10-05T02:11:30.773381Z,KXETH15M-26OCT042215-15,0.9970,40.00,yes
2026-10-05T02:11:30.773381Z,KXETH15M-26OCT042215-15,0.9970,750.00,yes
2026-10-05T02:11:30.773381Z,KXETH15M-26OCT042215-15,0.9940,1.01,yes
2026-10-05T02:11:30.773381Z,KXETH15M-26OCT042215-15,0.9920,50.00,yes
2026-10-05T02:11:30.773381Z,KXETH15M-26OCT042215-15,0.9890,22.00,yes
2026-10-05T02:11:30.773381Z,KXETH15M-26OCT042215-15,0.9960,4.04,yes
2026-10-05T02:11:30.773381Z,KXETH15M-26OCT042215-15,0.9910,17.00,yes
2026-10-05T02:11:30.773381Z,KXETH15M-26OCT042215-15,0.9900,4.00,yes
2026-10-05T02:11:30.773381Z,KXETH15M-26OCT042215-15,0.9950,9.00,yes
2026-10-05T02:11:30.773381Z,KXETH15M-26OCT042215-15,0.9900,4.00,yes
2026-10-05T02:11:30.773381Z,KXETH15M-26OCT042215-15,0.9890,4.00,yes
2026-10-05T02:11:30.773381Z,KXETH15M-26OCT042215-15,0.9910,4.00,yes
2026-10-05T02:11:30.773381Z,KXETH15M-26OCT042215-15,0.9890,4.00,yes
2026-10-05T02:11:30.773381Z,KXETH15M-26OCT042215-15,0.9890,8.00,yes
2026-10-05T02:11:30.773381Z,KXETH15M-26OCT042215-15,0.9910,4.00,yes
2026-10-05T02:11:30.773381Z,KXETH15M-26OCT042215-15,0.9950,8.00,yes
2026-10-05T02:11:30.773381Z,KXETH15M-26OCT042215-15,0.9940,39.00,yes
2026-10-05T02:11:30.773381Z,KXETH15M-26OCT042215-15,0.9960,8.00,yes
2026-10-05T02:11:30.773381Z,KXETH15M-26OCT042215-15,0.9960,1.60,yes
2026-10-05T02:11:30.786412Z,KXETH15M-26OCT042215-15,0.9950,8.00,yes
2026-10-05T02:11:30.786412Z,KXETH15M-26OCT042215-15,0.9950,41.00,yes
2026-10-05T02:11:30.875443Z,KXETH15M-26OCT042215-15,0.9950,78.00,no
2026-10-05T02:11:30.884575Z,KXETH15M-26OCT042215-15,0.9950,22.00,no
2026-10-05T02:11:30.892494Z,KXETH15M-26OCT042215-15,0.9950,6.00,no
2026-10-05T02:11:30.899627Z,KXETH15M-26OCT042215-15,0.9950,2.00,no
2026-10-05T02:11:30.906513Z,KXETH15M-26OCT042215-15,0.9950,2.00,no
2026-10-05T02:11:30.915155Z,KXETH15M-26OCT042215-15,0.9950,2.00,no
2026-10-05T02:11:30.923996Z,KXETH15M-26OCT042215-15,0.9950,2.00,no
2026-10-05T02:11:30.925505Z,KXETH15M-26OCT042215-15,0.9950,60.00,no
2026-10-05T02:11:31.274591Z,KXETH15M-26OCT042215-15,0.9950,1078.00,no
2026-10-05T02:11:31.715054Z,KXETH15M-26OCT042215-15,0.9950,100.57,no
2026-10-05T02:11:31.83271Z,KXETH15M-26OCT042215-15,0.9950,91.62,no
2026-10-05T02:11:32.390314Z,KXETH15M-26OCT042215-15,0.9950,0.10,no
2026-10-05T02:11:32.619135Z,KXETH15M-26OCT042215-15,0.9950,186.97,no
2026-10-05T02:11:33.228332Z,KXETH15M-26OCT042215-15,0.9950,45.81,no
2026-10-05T02:11:33.245284Z,KXETH15M-26OCT042215-15,0.9950,32.76,no
2026-10-05T02:11:33.586916Z,KXETH15M-26OCT042215-15,0.9960,1.02,yes
2026-10-05T02:11:33.885866Z,KXETH15M-26OCT042215-15,0.9950,20.43,no
2026-10-05T02:11:34.010767Z,KXETH15M-26OCT042215-15,0.9950,35.00,no
2026-10-05T02:11:35.508937Z,KXETH15M-26OCT042215-15,0.9950,111.00,no
2026-10-05T02:11:35.912316Z,KXETH15M-26OCT042215-15,0.9950,3.03,no
2026-10-05T02:11:36.701186Z,KXETH15M-26OCT042215-15,0.9950,186.97,no
2026-10-05T02:11:36.966692Z,KXETH15M-26OCT042215-15,0.9960,3.51,yes
2026-10-05T02:11:39.007Z,KXETH15M-26OCT042215-15,0.9960,1.00,yes
2026-10-05T02:11:39.552984Z,KXETH15M-26OCT042215-15,0.9950,91.62,no
2026-10-05T02:11:39.594158Z,KXETH15M-26OCT042215-15,0.9950,4.37,no
2026-10-05T02:11:39.594158Z,KXETH15M-26OCT042215-15,0.9950,793.12,no
2026-10-05T02:11:39.594158Z,KXETH15M-26OCT042215-15,0.9950,100.00,no
2026-10-05T02:11:40.128832Z,KXETH15M-26OCT042215-15,0.9950,2.00,no
2026-10-05T02:11:41.438915Z,KXETH15M-26OCT042215-15,0.9950,5.25,no
2026-10-05T02:11:41.438915Z,KXETH15M-26OCT042215-15,0.9910,11.00,no
2026-10-05T02:11:41.438915Z,KXETH15M-26OCT042215-15,0.9950,750.00,no
2026-10-05T02:11:41.438915Z,KXETH15M-26OCT042215-15,0.9950,93.63,no
2026-10-05T02:11:41.438915Z,KXETH15M-26OCT042215-15,0.9920,22.00,no
2026-10-05T02:11:41.438915Z,KXETH15M-26OCT042215-15,0.9910,14.00,no
2026-10-05T02:11:41.438915Z,KXETH15M-26OCT042215-15,0.9950,0.03,no
2026-10-05T02:11:41.438915Z,KXETH15M-26OCT042215-15,0.9920,0.04,no
2026-10-05T02:11:41.438915Z,KXETH15M-26OCT042215-15,0.9910,242.03,no
2026-10-05T02:11:41.438915Z,KXETH15M-26OCT042215-15,0.9950,500.00,no
2026-10-05T02:11:41.438915Z,KXETH15M-26OCT042215-15,0.9930,0.03,no
2026-10-05T02:11:41.438915Z,KXETH15M-26OCT042215-15,0.9940,0.03,no
2026-10-05T02:11:41.493157Z,KXETH15M-26OCT042215-15,0.9930,1.19,yes
2026-10-05T02:11:41.762669Z,KXETH15M-26OCT042215-15,0.9920,20.00,no
2026-10-05T02:11:41.762669Z,KXETH15M-26OCT042215-15,0.9920,5.28,no
2026-10-05T02:11:41.981394Z,KXETH15M-26OCT042215-15,0.9920,55.72,no
2026-10-05T02:11:41.981394Z,KXETH15M-26OCT042215-15,0.9920,20.00,no
2026-10-05T02:11:41.981394Z,KXETH15M-26OCT042215-15,0.9920,1.36,no
2026-10-05T02:11:41.981394Z,KXETH15M-26OCT042215-15,0.9920,0.03,no
2026-10-05T02:11:41.981394Z,KXETH15M-26OCT042215-15,0.9910,35.06,no
2026-10-05T02:11:42.296532Z,KXETH15M-26OCT042215-15,0.9930,0.68,yes
2026-10-05T02:11:42.398763Z,KXETH15M-26OCT042215-15,0.9930,1.92,yes
2026-10-05T02:11:43.704839Z,KXETH15M-26OCT042215-15,0.9920,20.00,no
2026-10-05T02:11:43.704839Z,KXETH15M-26OCT042215-15,0.9910,0.34,no
2026-10-05T02:11:43.704839Z,KXETH15M-26OCT042215-15,0.9910,20.00,no
2026-10-05T02:11:43.704839Z,KXETH15M-26OCT042215-15,0.9910,0.17,no
2026-10-05T02:11:43.704839Z,KXETH15M-26OCT042215-15,0.9910,10.00,no
2026-10-05T02:11:43.704839Z,KXETH15M-26OCT042215-15,0.9910,0.47,no
2026-10-05T02:11:43.704839Z,KXETH15M-26OCT042215-15,0.9920,28.00,no
2026-10-05T02:11:43.704839Z,KXETH15M-26OCT042215-15,0.9910,0.04,no
2026-10-05T02:11:43.704839Z,KXETH15M-26OCT042215-15,0.9910,122.91,no
2026-10-05T02:11:43.704839Z,KXETH15M-26OCT042215-15,0.9900,0.05,no
2026-10-05T02:11:43.704839Z,KXETH15M-26OCT042215-15,0.9900,8.00,no
2026-10-05T02:11:44.434902Z,KXETH15M-26OCT042215-15,0.9920,14.00,no
2026-10-05T02:11:44.434902Z,KXETH15M-26OCT042215-15,0.9920,15.22,no
2026-10-05T02:11:46.832489Z,KXETH15M-26OCT042215-15,0.9930,20.00,yes
2026-10-05T02:11:46.832489Z,KXETH15M-26OCT042215-15,0.9930,4.00,yes
2026-10-05T02:11:46.832489Z,KXETH15M-26OCT042215-15,0.9930,10.00,yes
2026-10-05T02:11:46.832489Z,KXETH15M-26OCT042215-15,0.9930,13.00,yes
2026-10-05T02:11:46.832489Z,KXETH15M-26OCT042215-15,0.9930,19.00,yes
2026-10-05T02:11:47.120238Z,KXETH15M-26OCT042215-15,0.9930,11.69,no
2026-10-05T02:11:47.205394Z,KXETH15M-26OCT042215-15,0.9930,654.51,no
2026-10-05T02:11:48.208908Z,KXETH15M-26OCT042215-15,0.9930,196.36,no
2026-10-05T02:11:51.002419Z,KXETH15M-26OCT042215-15,0.9930,4.00,no
2026-10-05T02:11:51.011343Z,KXETH15M-26OCT042215-15,0.9930,1.00,no
2026-10-05T02:11:51.036758Z,KXETH15M-26OCT042215-15,0.9930,3.00,no
2026-10-05T02:11:51.043225Z,KXETH15M-26OCT042215-15,0.9930,1.00,no
2026-10-05T02:11:51.071691Z,KXETH15M-26OCT042215-15,0.9930,8.00,no
2026-10-05T02:11:51.078605Z,KXETH15M-26OCT042215-15,0.9930,2.00,no
2026-10-05T02:11:51.215986Z,KXETH15M-26OCT042215-15,0.9940,3.28,yes
2026-10-05T02:11:51.215986Z,KXETH15M-26OCT042215-15,0.9940,4.00,yes
2026-10-05T02:11:51.215986Z,KXETH15M-26OCT042215-15,0.9940,4.00,yes
2026-10-05T02:11:51.215986Z,KXETH15M-26OCT042215-15,0.9940,39.00,yes
2026-10-05T02:11:51.229229Z,KXETH15M-26OCT042215-15,0.9930,3.00,no
2026-10-05T02:11:51.233253Z,KXETH15M-26OCT042215-15,0.9930,5.00,no
2026-10-05T02:11:51.239978Z,KXETH15M-26OCT042215-15,0.9930,2.00,no
2026-10-05T02:11:51.250257Z,KXETH15M-26OCT042215-15,0.9930,3.00,no
2026-10-05T02:11:51.256579Z,KXETH15M-26OCT042215-15,0.9930,1.00,no
2026-10-05T02:11:51.710879Z,KXETH15M-26OCT042215-15,0.9930,654.51,no
2026-10-05T02:11:51.710937Z,KXETH15M-26OCT042215-15,0.9940,2.51,yes
2026-10-05T02:11:52.058572Z,KXETH15M-26OCT042215-15,0.9930,130.90,no
2026-10-05T02:11:52.441195Z,KXETH15M-26OCT042215-15,0.9930,56.00,no
2026-10-05T02:11:52.47195Z,KXETH15M-26OCT042215-15,0.9930,25.00,no
2026-10-05T02:11:52.774045Z,KXETH15M-26OCT042215-15,0.9930,132.85,no
2026-10-05T02:11:53.262332Z,KXETH15M-26OCT042215-15,0.9930,654.51,no
2026-10-05T02:11:53.719825Z,KXETH15M-26OCT042215-15,0.9940,2.01,yes
2026-10-05T02:11:53.722164Z,KXETH15M-26OCT042215-15,0.9930,65.45,no
2026-10-05T02:11:54.84353Z,KXETH15M-26OCT042215-15,0.9930,20.00,no
2026-10-05T02:11:55.526355Z,KXETH15M-26OCT042215-15,0.9930,132.85,no
2026-10-05T02:11:55.680633Z,KXETH15M-26OCT042215-15,0.9930,130.90,no
2026-10-05T02:11:55.926934Z,KXETH15M-26OCT042215-15,0.9940,15.20,yes
2026-10-05T02:11:55.926934Z,KXETH15M-26OCT042215-15,0.9950,4.00,yes
2026-10-05T02:11:55.926934Z,KXETH15M-26OCT042215-15,0.9950,4.00,yes
2026-10-05T02:11:55.926934Z,KXETH15M-26OCT042215-15,0.9950,65.00,yes
2026-10-05T02:11:56.591358Z,KXETH15M-26OCT042215-15,0.9930,201.59,no
2026-10-05T02:11:56.882829Z,KXETH15M-26OCT042215-15,0.9930,819.26,no
2026-10-05T02:11:57.171884Z,KXETH15M-26OCT042215-15,0.9940,13.00,yes
2026-10-05T02:11:57.171884Z,KXETH15M-26OCT042215-15,0.9940,17.00,yes
2026-10-05T02:11:57.171884Z,KXETH15M-26OCT042215-15,0.9950,50.00,yes
2026-10-05T02:11:57.171884Z,KXETH15M-26OCT042215-15,0.9940,4.00,yes
2026-10-05T02:11:57.171884Z,KXETH15M-26OCT042215-15,0.9950,45.00,yes
2026-10-05T02:11:57.738546Z,KXETH15M-26OCT042215-15,0.9930,130.90,no
2026-10-05T02:11:58.380102Z,KXETH15M-26OCT042215-15,0.9950,41.00,yes
2026-10-05T02:11:58.380102Z,KXETH15M-26OCT042215-15,0.9950,2.00,yes
2026-10-05T02:11:58.380102Z,KXETH15M-26OCT042215-15,0.9950,70.00,yes
2026-10-05T02:11:58.380102Z,KXETH15M-26OCT042215-15,0.9960,4.00,yes
2026-10-05T02:11:58.380102Z,KXETH15M-26OCT042215-15,0.9960,3.25,yes
2026-10-05T02:11:58.793062Z,KXETH15M-26OCT042215-15,0.9940,55.00,no
2026-10-05T02:11:58.793062Z,KXETH15M-26OCT042215-15,0.9940,15.00,no
2026-10-05T02:11:58.793062Z,KXETH15M-26OCT042215-15,0.9940,1.00,no
2026-10-05T02:11:58.793062Z,KXETH15M-26OCT042215-15,0.9940,0.03,no
2026-10-05T02:11:58.793062Z,KXETH15M-26OCT042215-15,0.9930,215.97,no
2026-10-05T02:11:58.964988Z,KXETH15M-26OCT042215-15,0.9950,42.00,yes
2026-10-05T02:11:58.964988Z,KXETH15M-26OCT042215-15,0.9950,41.00,yes
2026-10-05T02:12:01.087507Z,KXETH15M-26OCT042215-15,0.9960,3.90,yes
2026-10-05T02:12:02.689196Z,KXETH15M-26OCT042215-15,0.9950,18.00,no
2026-10-05T02:12:02.689196Z,KXETH15M-26OCT042215-15,0.9950,12.00,no
2026-10-05T02:12:02.689196Z,KXETH15M-26OCT042215-15,0.9940,20.00,no
2026-10-05T02:12:02.689196Z,KXETH15M-26OCT042215-15,0.9930,26.77,no
2026-10-05T02:12:03.236994Z,KXETH15M-26OCT042215-15,0.9940,26.00,no
2026-10-05T02:12:03.236994Z,KXETH15M-26OCT042215-15,0.9940,20.00,no
2026-10-05T02:12:03.236994Z,KXETH15M-26OCT042215-15,0.9940,51.00,no
2026-10-05T02:12:03.236994Z,KXETH15M-26OCT042215-15,0.9930,303.21,no
2026-10-05T02:12:03.774772Z,KXETH15M-26OCT042215-15,0.9950,27.00,yes
2026-10-05T02:12:04.014649Z,KXETH15M-26OCT042215-15,0.9950,10.00,no
2026-10-05T02:12:04.014649Z,KXETH15M-26OCT042215-15,0.9950,9.00,no
2026-10-05T02:12:04.014649Z,KXETH15M-26OCT042215-15,0.9940,20.00,no
2026-10-05T02:12:04.014649Z,KXETH15M-26OCT042215-15,0.9930,20.00,no
2026-10-05T02:12:04.014649Z,KXETH15M-26OCT042215-15,0.9920,9.05,no
2026-10-05T02:12:04.014649Z,KXETH15M-26OCT042215-15,0.9920,13.00,no
2026-10-05T02:12:04.014649Z,KXETH15M-26OCT042215-15,0.9930,567.77,no
2026-10-05T02:12:05.128389Z,KXETH15M-26OCT042215-15,0.9950,34.00,yes
2026-10-05T02:12:05.128389Z,KXETH15M-26OCT042215-15,0.9950,8.00,yes
2026-10-05T02:12:05.70877Z,KXETH15M-26OCT042215-15,0.9950,9.14,yes
2026-10-05T02:12:06.529308Z,KXETH15M-26OCT042215-15,0.9950,41.00,yes
2026-10-05T02:12:06.529308Z,KXETH15M-26OCT042215-15,0.9950,1.00,yes
2026-10-05T02:12:06.529308Z,KXETH15M-26OCT042215-15,0.9950,9.00,yes
2026-10-05T02:12:06.529308Z,KXETH15M-26OCT042215-15,0.9950,9.86,yes
2026-10-05T02:12:06.529308Z,KXETH15M-26OCT042215-15,0.9950,20.00,yes
2026-10-05T02:12:06.529308Z,KXETH15M-26OCT042215-15,0.9950,23.00,yes
2026-10-05T02:12:06.529308Z,KXETH15M-26OCT042215-15,0.9950,8.00,yes
2026-10-05T02:12:06.720767Z,KXETH15M-26OCT042215-15,0.9960,2.53,yes
2026-10-05T02:12:06.720767Z,KXETH15M-26OCT042215-15,0.9960,8.00,yes
2026-10-05T02:12:07.584896Z,KXETH15M-26OCT042215-15,0.9950,6.00,yes
2026-10-05T02:12:07.961125Z,KXETH15M-26OCT042215-15,0.9950,31.00,yes
2026-10-05T02:12:07.961125Z,KXETH15M-26OCT042215-15,0.9950,8.00,yes
2026-10-05T02:12:07.961125Z,KXETH15M-26OCT042215-15,0.9950,14.00,yes
2026-10-05T02:12:08.521442Z,KXETH15M-26OCT042215-15,0.9960,1.00,yes
2026-10-05T02:12:10.186699Z,KXETH15M-26OCT042215-15,0.9950,1.51,no
2026-10-05T02:12:10.899485Z,KXETH15M-26OCT042215-15,0.9950,19.00,no
2026-10-05T02:12:10.899485Z,KXETH15M-26OCT042215-15,0.9950,10.49,no
2026-10-05T02:12:10.899485Z,KXETH15M-26OCT042215-15,0.9930,0.03,no
2026-10-05T02:12:10.899485Z,KXETH15M-26OCT042215-15,0.9940,0.03,no
2026-10-05T02:12:10.899485Z,KXETH15M-26OCT042215-15,0.9910,0.04,no
2026-10-05T02:12:10.899485Z,KXETH15M-26OCT042215-15,0.9920,0.03,no
2026-10-05T02:12:10.899485Z,KXETH15M-26OCT042215-15,0.9920,1.00,no
2026-10-05T02:12:10.899485Z,KXETH15M-26OCT042215-15,0.9950,0.03,no
2026-10-05T02:12:10.899485Z,KXETH15M-26OCT042215-15,0.9910,19.00,no
2026-10-05T02:12:10.899485Z,KXETH15M-26OCT042215-15,0.9910,20.00,no
2026-10-05T02:12:10.899485Z,KXETH15M-26OCT042215-15,0.9920,12.00,no
2026-10-05T02:12:10.899485Z,KXETH15M-26OCT042215-15,0.9900,124.02,no
2026-10-05T02:12:11.106224Z,KXETH15M-26OCT042215-15,0.9960,3.17,yes
2026-10-05T02:12:13.090033Z,KXETH15M-26OCT042215-15,0.9960,34.03,yes
2026-10-05T02:12:13.090033Z,KXETH15M-26OCT042215-15,0.9960,58.00,yes
2026-10-05T02:12:13.090033Z,KXETH15M-26OCT042215-15,0.9960,4.00,yes
2026-10-05T02:12:13.090033Z,KXETH15M-26OCT042215-15,0.9960,34.30,yes
2026-10-05T02:12:14.175752Z,KXETH15M-26OCT042215-15,0.9950,8.00,no
2026-10-05T02:12:14.175752Z,KXETH15M-26OCT042215-15,0.9950,5.00,no
2026-10-05T02:12:14.175752Z,KXETH15M-26OCT042215-15,0.9950,1.00,no
2026-10-05T02:12:14.175752Z,KXETH15M-26OCT042215-15,0.9920,6.00,no
2026-10-05T02:12:14.175752Z,KXETH15M-26OCT042215-15,0.9930,0.03,no
2026-10-05T02:12:14.175752Z,KXETH15M-26OCT042215-15,0.9910,14.25,no
2026-10-05T02:12:14.175752Z,KXETH15M-26OCT042215-15,0.9930,10.00,no
2026-10-05T02:12:14.175752Z,KXETH15M-26OCT042215-15,0.9950,0.02,no
2026-10-05T02:12:14.175752Z,KXETH15M-26OCT042215-15,0.9920,0.03,no
2026-10-05T02:12:14.175752Z,KXETH15M-26OCT042215-15,0.9940,0.02,no
2026-10-05T02:12:14.175752Z,KXETH15M-26OCT042215-15,0.9950,4.00,no
2026-10-05T02:12:14.175752Z,KXETH15M-26OCT042215-15,0.9950,21.00,no
2026-10-05T02:12:14.175752Z,KXETH15M-26OCT042215-15,0.9910,19.00,no
2026-10-05T02:12:14.175752Z,KXETH15M-26OCT042215-15,0.9920,20.00,no
2026-10-05T02:12:14.175752Z,KXETH15M-26OCT042215-15,0.9930,20.00,no
2026-10-05T02:12:16.450173Z,KXETH15M-26OCT042215-15,0.9920,19.00,no
2026-10-05T02:12:16.450173Z,KXETH15M-26OCT042215-15,0.9940,0.03,no
2026-10-05T02:12:16.450173Z,KXETH15M-26OCT042215-15,0.9930,0.03,no
2026-10-05T02:12:16.450173Z,KXETH15M-26OCT042215-15,0.9920,0.03,no
2026-10-05T02:12:16.450173Z,KXETH15M-26OCT042215-15,0.9940,20.00,no
2026-10-05T02:12:16.450173Z,KXETH15M-26OCT042215-15,0.9950,36.00,no
2026-10-05T02:12:16.450173Z,KXETH15M-26OCT042215-15,0.9910,19.00,no
2026-10-05T02:12:16.450173Z,KXETH15M-26OCT042215-15,0.9950,27.00,no
2026-10-05T02:12:16.450173Z,KXETH15M-26OCT042215-15,0.9930,20.00,no
2026-10-05T02:12:16.450173Z,KXETH15M-26OCT042215-15,0.9950,0.03,no
2026-10-05T02:12:16.450173Z,KXETH15M-26OCT042215-15,0.9920,6.00,no
2026-10-05T02:12:16.450173Z,KXETH15M-26OCT042215-15,0.9900,29.92,no
2026-10-05T02:12:16.450173Z,KXETH15M-26OCT042215-15,0.9910,0.04,no
2026-10-05T02:12:16.450173Z,KXETH15M-26OCT042215-15,0.9910,5.75,no
2026-10-05T02:12:16.596035Z,KXETH15M-26OCT042215-15,0.9910,20.00,no
2026-10-05T02:12:16.596035Z,KXETH15M-26OCT042215-15,0.9940,71.00,no
2026-10-05T02:12:16.596035Z,KXETH15M-26OCT042215-15,0.9910,19.00,no
2026-10-05T02:12:16.596035Z,KXETH15M-26OCT042215-15,0.9940,20.00,no
2026-10-05T02:12:16.596035Z,KXETH15M-26OCT042215-15,0.9910,6.00,no
2026-10-05T02:12:16.596035Z,KXETH15M-26OCT042215-15,0.9920,17.00,no
2026-10-05T02:12:16.596035Z,KXETH15M-26OCT042215-15,0.9930,20.00,no
2026-10-05T02:12:16.596035Z,KXETH15M-26OCT042215-15,0.9900,61.16,no
2026-10-05T02:12:18.386683Z,KXETH15M-26OCT042215-15,0.9950,8.00,yes
2026-10-05T02:12:18.386683Z,KXETH15M-26OCT042215-15,0.9950,24.00,yes
2026-10-05T02:12:20.032045Z,KXETH15M-26OCT042215-15,0.9960,8.00,yes
2026-10-05T02:12:20.776392Z,KXETH15M-26OCT042215-15,0.9960,1.00,yes
2026-10-05T02:12:21.399769Z,KXETH15M-26OCT042215-15,0.9960,6.00,yes
2026-10-05T02:12:21.421889Z,KXETH15M-26OCT042215-15,0.9940,0.03,no
2026-10-05T02:12:21.421889Z,KXETH15M-26OCT042215-15,0.9940,3.08,no
2026-10-05T02:12:21.421889Z,KXETH15M-26OCT042215-15,0.9950,16.00,no
2026-10-05T02:12:21.421889Z,KXETH15M-26OCT042215-15,0.9950,0.03,no
2026-10-05T02:12:21.421889Z,KXETH15M-26OCT042215-15,0.9950,16.00,no
2026-10-05T02:12:22.055493Z,KXETH15M-26OCT042215-15,0.9940,14.00,no
2026-10-05T02:12:22.055493Z,KXETH15M-26OCT042215-15,0.9940,0.03,no
2026-10-05T02:12:22.378769Z,KXETH15M-26OCT042215-15,0.9930,0.03,no
2026-10-05T02:12:22.41877Z,KXETH15M-26OCT042215-15,0.9920,0.03,no
2026-10-05T02:12:22.41877Z,KXETH15M-26OCT042215-15,0.9910,2.97,no
2026-10-05T02:12:22.431519Z,KXETH15M-26OCT042215-15,0.9910,1.96,no
2026-10-05T02:12:22.431519Z,KXETH15M-26OCT042215-15,0.9910,0.04,no
2026-10-05T02:12:22.431519Z,KXETH15M-26OCT042215-15,0.9910,6.00,no
2026-10-05T02:12:22.43327Z,KXETH15M-26OCT042215-15,0.9910,4.00,no
2026-10-05T02:12:22.442242Z,KXETH15M-26OCT042215-15,0.9910,1.96,no
2026-10-05T02:12:22.562226Z,KXETH15M-26OCT042215-15,0.9920,22.00,yes
2026-10-05T02:12:22.562226Z,KXETH15M-26OCT042215-15,0.9910,1.00,yes
2026-10-05T02:12:22.562226Z,KXETH15M-26OCT042215-15,0.9940,4.00,yes
2026-10-05T02:12:22.562226Z,KXETH15M-26OCT042215-15,0.9950,9.00,yes
2026-10-05T02:12:22.562226Z,KXETH15M-26OCT042215-15,0.9910,41.00,yes
2026-10-05T02:12:22.562226Z,KXETH15M-26OCT042215-15,0.9950,9.00,yes
2026-10-05T02:12:22.562226Z,KXETH15M-26OCT042215-15,0.9950,4.00,yes
2026-10-05T02:12:22.562226Z,KXETH15M-26OCT042215-15,0.9910,53.00,yes
2026-10-05T02:12:22.562226Z,KXETH15M-26OCT042215-15,0.9930,4.00,yes
2026-10-05T02:12:22.562226Z,KXETH15M-26OCT042215-15,0.9930,4.00,yes
2026-10-05T02:12:22.562226Z,KXETH15M-26OCT042215-15,0.9920,41.00,yes
2026-10-05T02:12:22.562226Z,KXETH15M-26OCT042215-15,0.9950,4.00,yes
2026-10-05T02:12:22.562226Z,KXETH15M-26OCT042215-15,0.9940,4.00,yes
2026-10-05T02:12:22.562226Z,KXETH15M-26OCT042215-15,0.9930,25.00,yes
2026-10-05T02:12:23.710212Z,KXETH15M-26OCT042215-15,0.9910,14.06,yes
2026-10-05T02:12:23.820859Z,KXETH15M-26OCT042215-15,0.9900,93.51,no
2026-10-05T02:12:24.251983Z,KXETH15M-26OCT042215-15,0.9900,4.67,no
2026-10-05T02:12:24.352289Z,KXETH15M-26OCT042215-15,0.9940,46.00,yes
2026-10-05T02:12:24.352289Z,KXETH15M-26OCT042215-15,0.9950,9.00,yes
2026-10-05T02:12:24.352289Z,KXETH15M-26OCT042215-15,0.9910,26.94,yes
2026-10-05T02:12:24.352289Z,KXETH15M-26OCT042215-15,0.9920,41.00,yes
2026-10-05T02:12:24.352289Z,KXETH15M-26OCT042215-15,0.9920,22.00,yes
2026-10-05T02:12:24.352289Z,KXETH15M-26OCT042215-15,0.9910,11.00,yes
2026-10-05T02:12:26.497132Z,KXETH15M-26OCT042215-15,0.9950,9.00,yes
2026-10-05T02:12:26.497132Z,KXETH15M-26OCT042215-15,0.9930,22.00,yes
2026-10-05T02:12:26.497132Z,KXETH15M-26OCT042215-15,0.9930,41.00,yes
2026-10-05T02:12:26.497132Z,KXETH15M-26OCT042215-15,0.9920,41.00,yes
2026-10-05T02:12:26.497132Z,KXETH15M-26OCT042215-15,0.9930,27.00,yes
2026-10-05T02:12:26.567514Z,KXETH15M-26OCT042215-15,0.9920,16.00,yes
2026-10-05T02:12:26.575432Z,KXETH15M-26OCT042215-15,0.9920,12.00,yes
2026-10-05T02:12:27.082873Z,KXETH15M-26OCT042215-15,0.9910,4.00,no
2026-10-05T02:12:27.082873Z,KXETH15M-26OCT042215-15,0.9910,4.00,no
2026-10-05T02:12:27.082873Z,KXETH15M-26OCT042215-15,0.9910,0.02,no
2026-10-05T02:12:27.082873Z,KXETH15M-26OCT042215-15,0.9910,19.00,no
2026-10-05T02:12:27.082873Z,KXETH15M-26OCT042215-15,0.9910,36.89,no
2026-10-05T02:12:27.082873Z,KXETH15M-26OCT042215-15,0.9910,33.00,no
2026-10-05T02:12:28.394478Z,KXETH15M-26OCT042215-15,0.9940,22.00,yes
2026-10-05T02:12:28.394478Z,KXETH15M-26OCT042215-15,0.9930,41.00,yes
2026-10-05T02:12:28.394478Z,KXETH15M-26OCT042215-15,0.9940,41.00,yes
2026-10-05T02:12:28.394478Z,KXETH15M-26OCT042215-15,0.9930,17.00,yes
2026-10-05T02:12:28.394478Z,KXETH15M-26OCT042215-15,0.9930,14.00,yes
2026-10-05T02:12:28.394478Z,KXETH15M-26OCT042215-15,0.9950,20.00,yes
2026-10-05T02:12:28.644156Z,KXETH15M-26OCT042215-15,0.9940,6.03,yes
2026-10-05T02:12:30.121033Z,KXETH15M-26OCT042215-15,0.9910,0.02,no
2026-10-05T02:12:30.121033Z,KXETH15M-26OCT042215-15,0.9920,19.00,no
2026-10-05T02:12:30.121033Z,KXETH15M-26OCT042215-15,0.9920,0.02,no
2026-10-05T02:12:30.121033Z,KXETH15M-26OCT042215-15,0.9930,10.00,no
2026-10-05T02:12:30.121033Z,KXETH15M-26OCT042215-15,0.9930,25.00,no
2026-10-05T02:12:30.121033Z,KXETH15M-26OCT042215-15,0.9930,0.02,no
2026-10-05T02:12:30.121033Z,KXETH15M-26OCT042215-15,0.9910,20.00,no
2026-10-05T02:12:30.121033Z,KXETH15M-26OCT042215-15,0.9900,35.88,no
2026-10-05T02:12:30.121033Z,KXETH15M-26OCT042215-15,0.9900,1.00,no
2026-10-05T02:12:30.121033Z,KXETH15M-26OCT042215-15,0.9900,0.04,no
2026-10-05T02:12:30.121033Z,KXETH15M-26OCT042215-15,0.9900,86.72,no
2026-10-05T02:12:30.121033Z,KXETH15M-26OCT042215-15,0.9900,1.00,no
2026-10-05T02:12:30.5093Z,KXETH15M-26OCT042215-15,0.9940,8.00,yes
2026-10-05T02:12:30.5093Z,KXETH15M-26OCT042215-15,0.9930,8.00,yes
2026-10-05T02:12:30.5093Z,KXETH15M-26OCT042215-15,0.9940,1.00,yes
2026-10-05T02:12:30.5093Z,KXETH15M-26OCT042215-15,0.9950,41.00,yes
2026-10-05T02:12:30.5093Z,KXETH15M-26OCT042215-15,0.9940,20.00,yes
2026-10-05T02:12:31.18957Z,KXETH15M-26OCT042215-15,0.9930,13.35,no
2026-10-05T02:12:32.319185Z,KXETH15M-26OCT042215-15,0.9920,20.00,no
2026-10-05T02:12:32.319185Z,KXETH15M-26OCT042215-15,0.9930,1.00,no
2026-10-05T02:12:32.319185Z,KXETH15M-26OCT042215-15,0.9910,20.00,no
2026-10-05T02:12:32.319185Z,KXETH15M-26OCT042215-15,0.9910,0.02,no
2026-10-05T02:12:32.319185Z,KXETH15M-26OCT042215-15,0.9930,17.65,no
2026-10-05T02:12:32.319185Z,KXETH15M-26OCT042215-15,0.9910,20.00,no
2026-10-05T02:12:32.319185Z,KXETH15M-26OCT042215-15,0.9920,17.00,no
2026-10-05T02:12:32.319185Z,KXETH15M-26OCT042215-15,0.9920,26.00,no
2026-10-05T02:12:32.319185Z,KXETH15M-26OCT042215-15,0.9900,80.20,no
2026-10-05T02:12:32.417095Z,KXETH15M-26OCT042215-15,0.9940,9.00,yes
2026-10-05T02:12:32.417095Z,KXETH15M-26OCT042215-15,0.9940,21.00,yes
2026-10-05T02:12:32.417095Z,KXETH15M-26OCT042215-15,0.9950,41.00,yes
2026-10-05T02:12:32.417095Z,KXETH15M-26OCT042215-15,0.9940,8.00,yes
2026-10-05T02:12:32.417095Z,KXETH15M-26OCT042215-15,0.9950,9.00,yes
2026-10-05T02:12:32.417095Z,KXETH15M-26OCT042215-15,0.9940,26.00,yes
2026-10-05T02:12:32.417095Z,KXETH15M-26OCT042215-15,0.9950,9.00,yes
2026-10-05T02:12:34.162425Z,KXETH15M-26OCT042215-15,0.9900,0.02,no
2026-10-05T02:12:34.162425Z,KXETH15M-26OCT042215-15,0.9910,20.00,no
2026-10-05T02:12:34.162425Z,KXETH15M-26OCT042215-15,0.9880,4.00,no
2026-10-05T02:12:34.162425Z,KXETH15M-26OCT042215-15,0.9860,20.00,no
2026-10-05T02:12:34.162425Z,KXETH15M-26OCT042215-15,0.9880,22.00,no
2026-10-05T02:12:34.162425Z,KXETH15M-26OCT042215-15,0.9880,4.00,no
2026-10-05T02:12:34.162425Z,KXETH15M-26OCT042215-15,0.9920,20.00,no
2026-10-05T02:12:34.162425Z,KXETH15M-26OCT042215-15,0.9910,0.02,no
2026-10-05T02:12:34.162425Z,KXETH15M-26OCT042215-15,0.9920,22.00,no
2026-10-05T02:12:34.162425Z,KXETH15M-26OCT042215-15,0.9920,16.00,no
2026-10-05T02:12:34.162425Z,KXETH15M-26OCT042215-15,0.9920,20.00,no
2026-10-05T02:12:34.162425Z,KXETH15M-26OCT042215-15,0.9890,0.05,no
2026-10-05T02:12:34.162425Z,KXETH15M-26OCT042215-15,0.9880,0.05,no
2026-10-05T02:12:34.162425Z,KXETH15M-26OCT042215-15,0.9870,0.06,no
2026-10-05T02:12:34.162425Z,KXETH15M-26OCT042215-15,0.9860,0.07,no
2026-10-05T02:12:34.162425Z,KXETH15M-26OCT042215-15,0.9850,0.09,no
2026-10-05T02:12:34.162425Z,KXETH15M-26OCT042215-15,0.9860,1.01,no
2026-10-05T02:12:34.162425Z,KXETH15M-26OCT042215-15,0.9900,60.00,no
2026-10-05T02:12:34.162425Z,KXETH15M-26OCT042215-15,0.9850,14.00,no
2026-10-05T02:12:34.162425Z,KXETH15M-26OCT042215-15,0.9900,80.00,no
2026-10-05T02:12:34.162425Z,KXETH15M-26OCT042215-15,0.9850,9.00,no
2026-10-05T02:12:34.162425Z,KXETH15M-26OCT042215-15,0.9850,9.00,no
2026-10-05T02:12:34.162425Z,KXETH15M-26OCT042215-15,0.9900,4.00,no
2026-10-05T02:12:34.162425Z,KXETH15M-26OCT042215-15,0.9890,4.00,no
2026-10-05T02:12:34.162425Z,KXETH15M-26OCT042215-15,0.9900,4.00,no
2026-10-05T02:12:34.162425Z,KXETH15M-26OCT042215-15,0.9890,4.00,no
2026-10-05T02:12:34.162425Z,KXETH15M-26OCT042215-15,0.9900,20.00,no
2026-10-05T02:12:34.162425Z,KXETH15M-26OCT042215-15,0.9900,7.92,no
2026-10-05T02:12:34.162425Z,KXETH15M-26OCT042215-15,0.9840,52.62,no
2026-10-05T02:12:34.281958Z,KXETH15M-26OCT042215-15,0.9950,8.00,yes
2026-10-05T02:12:34.281958Z,KXETH15M-26OCT042215-15,0.9950,20.00,yes
2026-10-05T02:12:35.587083Z,KXETH15M-26OCT042215-15,0.9840,3.03,no
2026-10-05T02:12:35.587083Z,KXETH15M-26OCT042215-15,0.9860,1.01,no
2026-10-05T02:12:35.587083Z,KXETH15M-26OCT042215-15,0.9900,0.02,no
2026-10-05T02:12:35.587083Z,KXETH15M-26OCT042215-15,0.9870,4.00,no
2026-10-05T02:12:35.587083Z,KXETH15M-26OCT042215-15,0.9920,14.00,no
2026-10-05T02:12:35.587083Z,KXETH15M-26OCT042215-15,0.9900,20.00,no
2026-10-05T02:12:35.587083Z,KXETH15M-26OCT042215-15,0.9880,22.00,no
2026-10-05T02:12:35.587083Z,KXETH15M-26OCT042215-15,0.9910,20.00,no
2026-10-05T02:12:35.587083Z,KXETH15M-26OCT042215-15,0.9890,0.02,no
2026-10-05T02:12:35.587083Z,KXETH15M-26OCT042215-15,0.9850,4.00,no
2026-10-05T02:12:35.587083Z,KXETH15M-26OCT042215-15,0.9850,20.00,no
2026-10-05T02:12:35.587083Z,KXETH15M-26OCT042215-15,0.9850,4.00,no
2026-10-05T02:12:35.587083Z,KXETH15M-26OCT042215-15,0.9850,0.04,no
2026-10-05T02:12:35.587083Z,KXETH15M-26OCT042215-15,0.9920,17.00,no
2026-10-05T02:12:35.587083Z,KXETH15M-26OCT042215-15,0.9870,4.00,no
2026-10-05T02:12:35.587083Z,KXETH15M-26OCT042215-15,0.9860,4.00,no
2026-10-05T02:12:35.587083Z,KXETH15M-26OCT042215-15,0.9860,0.03,no
2026-10-05T02:12:35.587083Z,KXETH15M-26OCT042215-15,0.9850,14.00,no
2026-10-05T02:12:35.587083Z,KXETH15M-26OCT042215-15,0.9880,0.02,no
2026-10-05T02:12:35.587083Z,KXETH15M-26OCT042215-15,0.9870,0.03,no
2026-10-05T02:12:35.587083Z,KXETH15M-26OCT042215-15,0.9850,9.00,no
2026-10-05T02:12:35.587083Z,KXETH15M-26OCT042215-15,0.9860,4.00,no
2026-10-05T02:12:35.587083Z,KXETH15M-26OCT042215-15,0.9830,0.12,no
2026-10-05T02:12:35.587083Z,KXETH15M-26OCT042215-15,0.9820,0.14,no
2026-10-05T02:12:35.587083Z,KXETH15M-26OCT042215-15,0.9840,0.10,no
2026-10-05T02:12:35.587083Z,KXETH15M-26OCT042215-15,0.9820,22.80,no
2026-10-05T02:12:35.587083Z,KXETH15M-26OCT042215-15,0.9840,142.04,no
2026-10-05T02:12:36.366305Z,KXETH15M-26OCT042215-15,0.9930,22.00,yes
2026-10-05T02:12:36.366305Z,KXETH15M-26OCT042215-15,0.9920,6.00,yes
2026-10-05T02:12:36.366305Z,KXETH15M-26OCT042215-15,0.9950,9.00,yes
2026-10-05T02:12:36.366305Z,KXETH15M-26OCT042215-15,0.9930,4.00,yes
2026-10-05T02:12:36.366305Z,KXETH15M-26OCT042215-15,0.9950,4.00,yes
2026-10-05T02:12:36.366305Z,KXETH15M-26OCT042215-15,0.9950,4.00,yes
2026-10-05T02:12:36.366305Z,KXETH15M-26OCT042215-15,0.9940,4.00,yes
2026-10-05T02:12:36.366305Z,KXETH15M-26OCT042215-15,0.9930,4.00,yes
2026-10-05T02:12:36.366305Z,KXETH15M-26OCT042215-15,0.9920,17.00,yes
2026-10-05T02:12:36.366305Z,KXETH15M-26OCT042215-15,0.9940,4.00,yes
2026-10-05T02:12:36.366305Z,KXETH15M-26OCT042215-15,0.9950,41.00,yes
2026-10-05T02:12:36.366305Z,KXETH15M-26OCT042215-15,0.9940,20.00,yes
2026-10-05T02:12:36.366305Z,KXETH15M-26OCT042215-15,0.9940,8.00,yes
2026-10-05T02:12:36.366305Z,KXETH15M-26OCT042215-15,0.9950,33.00,yes
2026-10-05T02:12:36.484443Z,KXETH15M-26OCT042215-15,0.9920,16.00,no
2026-10-05T02:12:36.484443Z,KXETH15M-26OCT042215-15,0.9910,20.00,no
2026-10-05T02:12:36.484443Z,KXETH15M-26OCT042215-15,0.9900,5.09,no
2026-10-05T02:12:36.484443Z,KXETH15M-26OCT042215-15,0.9920,54.00,no
2026-10-05T02:12:36.67879Z,KXETH15M-26OCT042215-15,0.9870,0.02,no
2026-10-05T02:12:36.67879Z,KXETH15M-26OCT042215-15,0.9900,14.91,no
2026-10-05T02:12:36.67879Z,KXETH15M-26OCT042215-15,0.9860,0.02,no
2026-10-05T02:12:36.67879Z,KXETH15M-26OCT042215-15,0.9840,0.03,no
2026-10-05T02:12:36.67879Z,KXETH15M-26OCT042215-15,0.9840,20.00,no
2026-10-05T02:12:36.67879Z,KXETH15M-26OCT042215-15,0.9880,0.02,no
2026-10-05T02:12:36.67879Z,KXETH15M-26OCT042215-15,0.9850,0.03,no
2026-10-05T02:12:36.67879Z,KXETH15M-26OCT042215-15,0.9830,13.00,no
2026-10-05T02:12:36.67879Z,KXETH15M-26OCT042215-15,0.9830,0.04,no
2026-10-05T02:12:36.67879Z,KXETH15M-26OCT042215-15,0.9880,22.00,no
2026-10-05T02:12:36.67879Z,KXETH15M-26OCT042215-15,0.9920,14.00,no
2026-10-05T02:12:36.67879Z,KXETH15M-26OCT042215-15,0.9920,26.00,no
2026-10-05T02:12:36.67879Z,KXETH15M-26OCT042215-15,0.9850,4.00,no
2026-10-05T02:12:36.67879Z,KXETH15M-26OCT042215-15,0.9910,20.00,no
2026-10-05T02:12:36.67879Z,KXETH15M-26OCT042215-15,0.9850,4.00,no
2026-10-05T02:12:36.67879Z,KXETH15M-26OCT042215-15,0.9850,9.00,no
2026-10-05T02:12:36.67879Z,KXETH15M-26OCT042215-15,0.9860,4.00,no
2026-10-05T02:12:36.67879Z,KXETH15M-26OCT042215-15,0.9870,4.00,no
2026-10-05T02:12:36.67879Z,KXETH15M-26OCT042215-15,0.9860,4.00,no
2026-10-05T02:12:36.67879Z,KXETH15M-26OCT042215-15,0.9870,4.00,no
2026-10-05T02:12:36.67879Z,KXETH15M-26OCT042215-15,0.9820,14.75,no
2026-10-05T02:12:36.67879Z,KXETH15M-26OCT042215-15,0.9820,27.20,no
2026-10-05T02:12:37.084499Z,KXETH15M-26OCT042215-15,0.9910,4.49,no
2026-10-05T02:12:37.132553Z,KXETH15M-26OCT042215-15,0.9920,1.20,yes
2026-10-05T02:12:37.979294Z,KXETH15M-26OCT042215-15,0.9920,26.52,yes
2026-10-05T02:12:38.387748Z,KXETH15M-26OCT042215-15,0.9950,4.00,yes
2026-10-05T02:12:38.387748Z,KXETH15M-26OCT042215-15,0.9930,22.00,yes
2026-10-05T02:12:38.387748Z,KXETH15M-26OCT042215-15,0.9950,4.00,yes
2026-10-05T02:12:38.387748Z,KXETH15M-26OCT042215-15,0.9930,4.00,yes
2026-10-05T02:12:38.387748Z,KXETH15M-26OCT042215-15,0.9920,12.28,yes
2026-10-05T02:12:38.387748Z,KXETH15M-26OCT042215-15,0.9940,8.00,yes
2026-10-05T02:12:38.387748Z,KXETH15M-26OCT042215-15,0.9930,4.00,yes
2026-10-05T02:12:38.387748Z,KXETH15M-26OCT042215-15,0.9950,9.00,yes
2026-10-05T02:12:38.387748Z,KXETH15M-26OCT042215-15,0.9950,41.00,yes
2026-10-05T02:12:38.387748Z,KXETH15M-26OCT042215-15,0.9950,20.00,yes
2026-10-05T02:12:38.387748Z,KXETH15M-26OCT042215-15,0.9940,4.00,yes
2026-10-05T02:12:38.387748Z,KXETH15M-26OCT042215-15,0.9940,4.00,yes
2026-10-05T02:12:38.387748Z,KXETH15M-26OCT042215-15,0.9920,6.00,yes
2026-10-05T02:12:39.206562Z,KXETH15M-26OCT042215-15,0.9930,6.00,no
2026-10-05T02:12:40.340636Z,KXETH15M-26OCT042215-15,0.9950,76.00,yes
2026-10-05T02:12:40.340636Z,KXETH15M-26OCT042215-15,0.9950,20.00,yes
2026-10-05T02:12:40.340636Z,KXETH15M-26OCT042215-15,0.9950,8.00,yes
2026-10-05T02:12:40.340636Z,KXETH15M-26OCT042215-15,0.9950,41.00,yes
2026-10-05T02:12:40.69584Z,KXETH15M-26OCT042215-15,0.9960,3.00,yes
2026-10-05T02:12:40.909805Z,KXETH15M-26OCT042215-15,0.9960,5.00,yes
2026-10-05T02:12:40.909805Z,KXETH15M-26OCT042215-15,0.9960,14.00,yes
2026-10-05T02:12:40.920352Z,KXETH15M-26OCT042215-15,0.9960,7.00,yes
2026-10-05T02:12:40.928785Z,KXETH15M-26OCT042215-15,0.9960,3.00,yes
2026-10-05T02:12:40.936649Z,KXETH15M-26OCT042215-15,0.9960,1.00,yes
2026-10-05T02:12:40.944054Z,KXETH15M-26OCT042215-15,0.9960,1.00,yes
2026-10-05T02:12:41.007349Z,KXETH15M-26OCT042215-15,0.9960,6.00,yes
2026-10-05T02:12:41.015154Z,KXETH15M-26OCT042215-15,0.9960,3.00,yes
2026-10-05T02:12:41.025595Z,KXETH15M-26OCT042215-15,0.9960,1.00,yes
2026-10-05T02:12:41.034563Z,KXETH15M-26OCT042215-15,0.9960,1.00,yes
2026-10-05T02:12:42.356876Z,KXETH15M-26OCT042215-15,0.9960,1.00,yes
2026-10-05T02:12:42.368773Z,KXETH15M-26OCT042215-15,0.9950,9.86,no
2026-10-05T02:12:44.309363Z,KXETH15M-26OCT042215-15,0.9920,13.00,no
2026-10-05T02:12:44.309363Z,KXETH15M-26OCT042215-15,0.9910,15.51,no
2026-10-05T02:12:44.309363Z,KXETH15M-26OCT042215-15,0.9920,22.00,no
2026-10-05T02:12:44.309363Z,KXETH15M-26OCT042215-15,0.9950,19.00,no
2026-10-05T02:12:44.309363Z,KXETH15M-26OCT042215-15,0.9900,4.67,no
2026-10-05T02:12:44.309363Z,KXETH15M-26OCT042215-15,0.9950,40.14,no
2026-10-05T02:12:44.309363Z,KXETH15M-26OCT042215-15,0.9920,20.00,no
2026-10-05T02:12:44.726589Z,KXETH15M-26OCT042215-15,0.9940,5.75,no
2026-10-05T02:12:44.726589Z,KXETH15M-26OCT042215-15,0.9940,20.00,no
2026-10-05T02:12:46.25529Z,KXETH15M-26OCT042215-15,0.9950,17.72,yes
2026-10-05T02:12:46.25529Z,KXETH15M-26OCT042215-15,0.9950,36.00,yes
2026-10-05T02:12:46.25529Z,KXETH15M-26OCT042215-15,0.9950,8.00,yes
2026-10-05T02:12:48.768487Z,KXETH15M-26OCT042215-15,0.9940,9.34,no
2026-10-05T02:12:48.768487Z,KXETH15M-26OCT042215-15,0.9950,1.00,no
2026-10-05T02:12:48.768487Z,KXETH15M-26OCT042215-15,0.9950,20.00,no
2026-10-05T02:12:48.768487Z,KXETH15M-26OCT042215-15,0.9950,60.00,no
2026-10-05T02:12:51.593621Z,KXETH15M-26OCT042215-15,0.9920,8.91,no
2026-10-05T02:12:51.593621Z,KXETH15M-26OCT042215-15,0.9940,20.00,no
2026-10-05T02:12:51.593621Z,KXETH15M-26OCT042215-15,0.9950,35.00,no
2026-10-05T02:12:51.593621Z,KXETH15M-26OCT042215-15,0.9950,20.00,no
2026-10-05T02:12:51.593621Z,KXETH15M-26OCT042215-15,0.9950,20.00,no
2026-10-05T02:12:52.875215Z,KXETH15M-26OCT042215-15,0.9960,25.09,yes
2026-10-05T02:12:54.668526Z,KXETH15M-26OCT042215-15,0.9950,1.00,no
2026-10-05T02:12:57.049022Z,KXETH15M-26OCT042215-15,0.9950,3.51,no
2026-10-05T02:12:58.149873Z,KXETH15M-26OCT042215-15,0.9950,22.00,no
2026-10-05T02:12:58.149873Z,KXETH15M-26OCT042215-15,0.9950,15.49,no
2026-10-05T02:12:58.149873Z,KXETH15M-26OCT042215-15,0.9950,34.00,no
2026-10-05T02:12:58.995893Z,KXETH15M-26OCT042215-15,0.9950,20.00,yes
2026-10-05T02:13:00.568695Z,KXETH15M-26OCT042215-15,0.9950,80.00,no
2026-10-05T02:13:00.568695Z,KXETH15M-26OCT042215-15,0.9950,60.00,no
2026-10-05T02:13:00.568695Z,KXETH15M-26OCT042215-15,0.9950,47.37,no
2026-10-05T02:13:00.568695Z,KXETH15M-26OCT042215-15,0.9950,80.00,no
2026-10-05T02:13:00.602745Z,KXETH15M-26OCT042215-15,0.9950,68.00,no
2026-10-05T02:13:00.602745Z,KXETH15M-26OCT042215-15,0.9950,80.00,no
2026-10-05T02:13:00.602745Z,KXETH15M-26OCT042215-15,0.9950,32.00,no
2026-10-05T02:13:00.602745Z,KXETH15M-26OCT042215-15,0.9950,32.63,no
2026-10-05T02:13:00.602745Z,KXETH15M-26OCT042215-15,0.9950,80.00,no
2026-10-05T02:13:00.602745Z,KXETH15M-26OCT042215-15,0.9940,61.00,no
2026-10-05T02:13:00.602745Z,KXETH15M-26OCT042215-15,0.9950,56.00,no
2026-10-05T02:13:00.602745Z,KXETH15M-26OCT042215-15,0.9950,175.00,no
2026-10-05T02:13:00.909845Z,KXETH15M-26OCT042215-15,0.9970,58.00,yes
2026-10-05T02:13:00.909845Z,KXETH15M-26OCT042215-15,0.9960,15.00,yes
2026-10-05T02:13:00.909845Z,KXETH15M-26OCT042215-15,0.9960,57.00,yes
2026-10-05T02:13:00.909845Z,KXETH15M-26OCT042215-15,0.9950,9.00,yes
2026-10-05T02:13:00.909845Z,KXETH15M-26OCT042215-15,0.9950,35.00,yes
2026-10-05T02:13:00.909845Z,KXETH15M-26OCT042215-15,0.9950,20.00,yes
2026-10-05T02:13:00.909845Z,KXETH15M-26OCT042215-15,0.9960,11.00,yes
2026-10-05T02:13:01.151512Z,KXETH15M-26OCT042215-15,0.9960,39.39,yes
2026-10-05T02:13:01.804594Z,KXETH15M-26OCT042215-15,0.9960,11.00,yes
2026-10-05T02:13:01.804594Z,KXETH15M-26OCT042215-15,0.9960,26.00,yes
2026-10-05T02:13:01.804594Z,KXETH15M-26OCT042215-15,0.9960,5.00,yes
2026-10-05T02:13:01.804594Z,KXETH15M-26OCT042215-15,0.9960,20.00,yes
2026-10-05T02:13:02.158505Z,KXETH15M-26OCT042215-15,0.9970,20.00,yes
2026-10-05T02:13:04.057639Z,KXETH15M-26OCT042215-15,0.9920,7.00,no
2026-10-05T02:13:04.057639Z,KXETH15M-26OCT042215-15,0.9950,20.00,no
2026-10-05T02:13:04.057639Z,KXETH15M-26OCT042215-15,0.9910,10.00,no
2026-10-05T02:13:04.057639Z,KXETH15M-26OCT042215-15,0.9960,25.00,no
2026-10-05T02:13:04.057639Z,KXETH15M-26OCT042215-15,0.9950,58.00,no
2026-10-05T02:13:04.057639Z,KXETH15M-26OCT042215-15,0.9960,20.00,no
2026-10-05T02:13:04.057639Z,KXETH15M-26OCT042215-15,0.9960,20.00,no
2026-10-05T02:13:04.057639Z,KXETH15M-26OCT042215-15,0.9960,1.00,no
2026-10-05T02:13:04.057639Z,KXETH15M-26OCT042215-15,0.9960,42.00,no
2026-10-05T02:13:04.057639Z,KXETH15M-26OCT042215-15,0.9900,11.22,no
2026-10-05T02:13:04.057639Z,KXETH15M-26OCT042215-15,0.9920,21.00,no
2026-10-05T02:13:04.057639Z,KXETH15M-26OCT042215-15,0.9930,12.00,no
2026-10-05T02:13:04.057639Z,KXETH15M-26OCT042215-15,0.9910,20.00,no
2026-10-05T02:13:04.072303Z,KXETH15M-26OCT042215-15,0.9980,3.00,yes
2026-10-05T02:13:04.072303Z,KXETH15M-26OCT042215-15,0.9980,3.00,yes
2026-10-05T02:13:04.072303Z,KXETH15M-26OCT042215-15,0.9980,80.00,yes
2026-10-05T02:13:04.072303Z,KXETH15M-26OCT042215-15,0.9980,3.00,yes
2026-10-05T02:13:04.072303Z,KXETH15M-26OCT042215-15,0.9980,3.00,yes
2026-10-05T02:13:04.072303Z,KXETH15M-26OCT042215-15,0.9980,3.00,yes
2026-10-05T02:13:04.072303Z,KXETH15M-26OCT042215-15,0.9980,26.00,yes
2026-10-05T02:13:04.072303Z,KXETH15M-26OCT042215-15,0.9980,500.00,yes
2026-10-05T02:13:04.072303Z,KXETH15M-26OCT042215-15,0.9980,100.00,yes
2026-10-05T02:13:04.072303Z,KXETH15M-26OCT042215-15,0.9970,5.00,yes
2026-10-05T02:13:04.072303Z,KXETH15M-26OCT042215-15,0.9970,62.00,yes
2026-10-05T02:13:04.072303Z,KXETH15M-26OCT042215-15,0.9970,20.00,yes
2026-10-05T02:13:04.072303Z,KXETH15M-26OCT042215-15,0.9970,37.00,yes
2026-10-05T02:13:04.072303Z,KXETH15M-26OCT042215-15,0.9970,5.00,yes
2026-10-05T02:13:04.072303Z,KXETH15M-26OCT042215-15,0.9980,176.00,yes
2026-10-05T02:13:04.072303Z,KXETH15M-26OCT042215-15,0.9970,172.00,yes
2026-10-05T02:13:04.072303Z,KXETH15M-26OCT042215-15,0.9980,5.00,yes
2026-10-05T02:13:04.647097Z,KXETH15M-26OCT042215-15,0.9970,24.56,yes
2026-10-05T02:13:04.887159Z,KXETH15M-26OCT042215-15,0.9960,172.00,no
2026-10-05T02:13:04.887159Z,KXETH15M-26OCT042215-15,0.9960,20.00,no
2026-10-05T02:13:04.887159Z,KXETH15M-26OCT042215-15,0.9960,57.00,no
2026-10-05T02:13:04.887159Z,KXETH15M-26OCT042215-15,0.9960,500.00,no
2026-10-05T02:13:04.887159Z,KXETH15M-26OCT042215-15,0.9960,100.00,no
2026-10-05T02:13:05.367692Z,KXETH15M-26OCT042215-15,0.9970,22.44,yes
2026-10-05T02:13:05.367692Z,KXETH15M-26OCT042215-15,0.9970,51.00,yes
2026-10-05T02:13:05.367692Z,KXETH15M-26OCT042215-15,0.9970,26.00,yes
2026-10-05T02:13:05.367692Z,KXETH15M-26OCT042215-15,0.9970,5.00,yes
2026-10-05T02:13:05.367692Z,KXETH15M-26OCT042215-15,0.9970,20.00,yes
2026-10-05T02:13:05.367692Z,KXETH15M-26OCT042215-15,0.9980,324.00,yes
2026-10-05T02:13:05.367692Z,KXETH15M-26OCT042215-15,0.9980,52.63,yes
2026-10-05T02:13:05.444223Z,KXETH15M-26OCT042215-15,0.9960,20.00,no
2026-10-05T02:13:05.444223Z,KXETH15M-26OCT042215-15,0.9950,14.09,no
2026-10-05T02:13:05.444223Z,KXETH15M-26OCT042215-15,0.9970,15.00,no
2026-10-05T02:13:07.801682Z,KXETH15M-26OCT042215-15,0.9980,30.03,yes
2026-10-05T02:13:08.809359Z,KXETH15M-26OCT042215-15,0.9960,36.00,no
2026-10-05T02:13:08.809359Z,KXETH15M-26OCT042215-15,0.9950,5.91,no
2026-10-05T02:13:08.809359Z,KXETH15M-26OCT042215-15,0.9950,1.80,no
2026-10-05T02:13:08.809359Z,KXETH15M-26OCT042215-15,0.9970,65.00,no
2026-10-05T02:13:08.809359Z,KXETH15M-26OCT042215-15,0.9960,20.00,no
2026-10-05T02:13:10.498137Z,KXETH15M-26OCT042215-15,0.9950,78.20,no
2026-10-05T02:13:10.498137Z,KXETH15M-26OCT042215-15,0.9950,235.01,no
2026-10-05T02:13:10.498137Z,KXETH15M-26OCT042215-15,0.9950,14.00,no
2026-10-05T02:13:10.498137Z,KXETH15M-26OCT042215-15,0.9960,20.00,no
2026-10-05T02:13:10.498137Z,KXETH15M-26OCT042215-15,0.9960,37.00,no
2026-10-05T02:13:10.669122Z,KXETH15M-26OCT042215-15,0.9970,5.00,yes
2026-10-05T02:13:10.669122Z,KXETH15M-26OCT042215-15,0.9970,17.00,yes
2026-10-05T02:13:10.669122Z,KXETH15M-26OCT042215-15,0.9970,38.22,yes
2026-10-05T02:13:10.669122Z,KXETH15M-26OCT042215-15,0.9970,20.00,yes
2026-10-05T02:13:11.793919Z,KXETH15M-26OCT042215-15,0.9970,4.31,yes
2026-10-05T02:13:11.793919Z,KXETH15M-26OCT042215-15,0.9970,5.00,yes
2026-10-05T02:13:11.793919Z,KXETH15M-26OCT042215-15,0.9970,23.78,yes
2026-10-05T02:13:11.820777Z,KXETH15M-26OCT042215-15,0.9970,1.00,yes
2026-10-05T02:13:12.711347Z,KXETH15M-26OCT042215-15,0.9940,67.24,no
2026-10-05T02:13:12.711347Z,KXETH15M-26OCT042215-15,0.9940,10.00,no
2026-10-05T02:13:12.711347Z,KXETH15M-26OCT042215-15,0.9950,20.00,no
2026-10-05T02:13:12.711347Z,KXETH15M-26OCT042215-15,0.9960,42.00,no
2026-10-05T02:13:12.711347Z,KXETH15M-26OCT042215-15,0.9960,20.00,no
2026-10-05T02:13:13.073008Z,KXETH15M-26OCT042215-15,0.9960,53.00,yes
2026-10-05T02:13:13.2498Z,KXETH15M-26OCT042215-15,0.9960,20.00,no
2026-10-05T02:13:13.2498Z,KXETH15M-26OCT042215-15,0.9960,53.00,no
2026-10-05T02:13:13.50639Z,KXETH15M-26OCT042215-15,0.9970,14.69,yes
2026-10-05T02:13:13.50639Z,KXETH15M-26OCT042215-15,0.9970,35.00,yes
2026-10-05T02:13:13.50639Z,KXETH15M-26OCT042215-15,0.9970,5.00,yes
2026-10-05T02:13:13.50639Z,KXETH15M-26OCT042215-15,0.9970,4.00,yes
2026-10-05T02:13:13.50639Z,KXETH15M-26OCT042215-15,0.9980,475.61,yes
2026-10-05T02:13:13.641081Z,KXETH15M-26OCT042215-15,0.9960,20.00,no
2026-10-05T02:13:13.641081Z,KXETH15M-26OCT042215-15,0.9950,20.00,no
2026-10-05T02:13:13.641081Z,KXETH15M-26OCT042215-15,0.9960,20.00,no
2026-10-05T02:13:13.641081Z,KXETH15M-26OCT042215-15,0.9950,92.08,no
2026-10-05T02:13:15.58362Z,KXETH15M-26OCT042215-15,0.9970,20.00,yes
2026-10-05T02:13:15.58362Z,KXETH15M-26OCT042215-15,0.9970,5.00,yes
2026-10-05T02:13:15.58362Z,KXETH15M-26OCT042215-15,0.9970,86.00,yes
2026-10-05T02:13:15.958869Z,KXETH15M-26OCT042215-15,0.9980,41.11,yes
2026-10-05T02:13:17.714535Z,KXETH15M-26OCT042215-15,0.9970,305.35,no
2026-10-05T02:13:17.948494Z,KXETH15M-26OCT042215-15,0.9970,85.51,no
2026-10-05T02:13:21.692043Z,KXETH15M-26OCT042215-15,0.9970,33.09,no
2026-10-05T02:13:21.922692Z,KXETH15M-26OCT042215-15,0.9980,1.00,yes
2026-10-05T02:13:22.55571Z,KXETH15M-26OCT042215-15,0.9980,2.00,yes
2026-10-05T02:13:22.958588Z,KXETH15M-26OCT042215-15,0.9970,50.00,no
2026-10-05T02:13:23.265572Z,KXETH15M-26OCT042215-15,0.9980,100.18,yes
2026-10-05T02:13:23.508853Z,KXETH15M-26OCT042215-15,0.9980,9.82,yes
2026-10-05T02:13:25.239149Z,KXETH15M-26OCT042215-15,0.9970,1009.94,no
2026-10-05T02:13:27.840602Z,KXETH15M-26OCT042215-15,0.9970,476.87,no
2026-10-05T02:13:27.840602Z,KXETH15M-26OCT042215-15,0.9970,193.13,no
2026-10-05T02:13:28.639999Z,KXETH15M-26OCT042215-15,0.9980,100.20,yes
2026-10-05T02:13:30.170668Z,KXETH15M-26OCT042215-15,0.9980,400.00,yes
2026-10-05T02:13:30.225068Z,KXETH15M-26OCT042215-15,0.9980,654.51,yes
2026-10-05T02:13:31.057117Z,KXETH15M-26OCT042215-15,0.9980,53.00,yes
2026-10-05T02:13:31.244078Z,KXETH15M-26OCT042215-15,0.9980,128.00,yes
2026-10-05T02:13:31.254678Z,KXETH15M-26OCT042215-15,0.9970,305.35,no
2026-10-05T02:13:31.409481Z,KXETH15M-26OCT042215-15,0.9980,486.00,yes
2026-10-05T02:13:31.767336Z,KXETH15M-26OCT042215-15,0.9980,200.37,yes
2026-10-05T02:13:32.095583Z,KXETH15M-26OCT042215-15,0.9980,711.46,yes
2026-10-05T02:13:32.095583Z,KXETH15M-26OCT042215-15,0.9980,500.00,yes
2026-10-05T02:13:32.095583Z,KXETH15M-26OCT042215-15,0.9980,265.54,yes
2026-10-05T02:13:32.115948Z,KXETH15M-26OCT042215-15,0.9980,58.00,yes
2026-10-05T02:13:32.115948Z,KXETH15M-26OCT042215-15,0.9980,29.00,yes
2026-10-05T02:13:32.584799Z,KXETH15M-26OCT042215-15,0.9990,10.00,yes
2026-10-05T02:13:33.008054Z,KXETH15M-26OCT042215-15,0.9990,58.35,yes
2026-10-05T02:13:34.170406Z,KXETH15M-26OCT042215-15,0.9980,0.81,no
2026-10-05T02:13:34.185066Z,KXETH15M-26OCT042215-15,0.9990,70.05,yes
2026-10-05T02:13:34.584846Z,KXETH15M-26OCT042215-15,0.9990,90.98,yes
2026-10-05T02:13:35.057657Z,KXETH15M-26OCT042215-15,0.9980,83.00,no
2026-10-05T02:13:35.11267Z,KXETH15M-26OCT042215-15,0.9980,458.01,no
2026-10-05T02:13:36.199472Z,KXETH15M-26OCT042215-15,0.9990,346.32,yes
2026-10-05T02:13:36.206551Z,KXETH15M-26OCT042215-15,0.9990,633.81,yes
2026-10-05T02:13:36.744587Z,KXETH15M-26OCT042215-15,0.9990,88.00,yes
2026-10-05T02:13:40.014496Z,KXETH15M-26OCT042215-15,0.9990,0.23,yes
2026-10-05T02:13:40.084053Z,KXETH15M-26OCT042215-15,0.9990,33.43,yes
2026-10-05T02:13:40.312567Z,KXETH15M-26OCT042215-15,0.9990,1.00,yes
2026-10-05T02:13:41.261004Z,KXETH15M-26OCT042215-15,0.9990,50.00,yes
2026-10-05T02:13:41.644277Z,KXETH15M-26OCT042215-15,0.9990,1613.00,yes
2026-10-05T02:13:44.389203Z,KXETH15M-26OCT042215-15,0.9990,100.00,yes
2026-10-05T02:13:44.869021Z,KXETH15M-26OCT042215-15,0.9990,22.00,yes
2026-10-05T02:13:46.389739Z,KXETH15M-26OCT042215-15,0.9980,20.00,no
2026-10-05T02:13:46.389739Z,KXETH15M-26OCT042215-15,0.9980,9.18,no
2026-10-05T02:13:46.389739Z,KXETH15M-26OCT042215-15,0.9980,279.83,no
2026-10-05T02:13:46.389739Z,KXETH15M-26OCT042215-15,0.9980,149.00,no
2026-10-05T02:13:46.609369Z,KXETH15M-26OCT042215-15,0.9990,142.28,yes
2026-10-05T02:13:48.083357Z,KXETH15M-26OCT042215-15,0.9990,1.00,yes
2026-10-05T02:13:48.55591Z,KXETH15M-26OCT042215-15,0.9990,500.46,yes
2026-10-05T02:13:49.697331Z,KXETH15M-26OCT042215-15,0.9990,1191.10,yes
2026-10-05T02:13:50.032537Z,KXETH15M-26OCT042215-15,0.9990,801.00,yes
2026-10-05T02:13:50.945459Z,KXETH15M-26OCT042215-15,0.9990,10.00,yes
2026-10-05T02:13:51.020196Z,KXETH15M-26OCT042215-15,0.9990,200.00,yes
2026-10-05T02:13:51.081238Z,KXETH15M-26OCT042215-15,0.9990,200.00,yes
2026-10-05T02:13:51.096108Z,KXETH15M-26OCT042215-15,0.9990,200.00,yes
2026-10-05T02:13:51.10947Z,KXETH15M-26OCT042215-15,0.9990,200.00,yes
2026-10-05T02:13:51.190175Z,KXETH15M-26OCT042215-15,0.9990,200.00,yes
2026-10-05T02:13:51.309198Z,KXETH15M-26OCT042215-15,0.9990,200.00,yes
2026-10-05T02:13:51.3946Z,KXETH15M-26OCT042215-15,0.9990,200.00,yes
2026-10-05T02:13:51.499067Z,KXETH15M-26OCT042215-15,0.9990,200.00,yes
2026-10-05T02:13:51.522807Z,KXETH15M-26OCT042215-15,0.9990,200.00,yes
2026-10-05T02:13:51.685456Z,KXETH15M-26OCT042215-15,0.9990,113.37,yes
2026-10-05T02:13:51.694498Z,KXETH15M-26OCT042215-15,0.9990,200.00,yes
2026-10-05T02:13:51.709933Z,KXETH15M-26OCT042215-15,0.9990,200.00,yes
2026-10-05T02:13:51.938647Z,KXETH15M-26OCT042215-15,0.9990,200.00,yes
2026-10-05T02:13:51.954378Z,KXETH15M-26OCT042215-15,0.9990,200.00,yes
2026-10-05T02:13:51.968269Z,KXETH15M-26OCT042215-15,0.9990,200.00,yes
2026-10-05T02:13:52.023065Z,KXETH15M-26OCT042215-15,0.9990,200.00,yes
2026-10-05T02:13:52.109856Z,KXETH15M-26OCT042215-15,0.9990,200.00,yes
2026-10-05T02:13:52.210362Z,KXETH15M-26OCT042215-15,0.9990,200.00,yes
2026-10-05T02:13:52.276127Z,KXETH15M-26OCT042215-15,0.9990,200.00,yes
2026-10-05T02:13:52.358208Z,KXETH15M-26OCT042215-15,0.9990,200.00,yes
2026-10-05T02:13:52.445818Z,KXETH15M-26OCT042215-15,0.9990,200.00,yes
2026-10-05T02:13:52.504383Z,KXETH15M-26OCT042215-15,0.9990,426.00,yes
2026-10-05T02:13:52.52843Z,KXETH15M-26OCT042215-15,0.9990,200.00,yes
2026-10-05T02:13:52.648847Z,KXETH15M-26OCT042215-15,0.9990,200.00,yes
2026-10-05T02:13:52.688649Z,KXETH15M-26OCT042215-15,0.9990,200.00,yes
2026-10-05T02:13:52.778358Z,KXETH15M-26OCT042215-15,0.9990,3.38,yes
2026-10-05T02:13:52.778358Z,KXETH15M-26OCT042215-15,0.9990,196.62,yes
2026-10-05T02:13:52.954818Z,KXETH15M-26OCT042215-15,0.9990,200.00,yes
2026-10-05T02:13:53.602115Z,KXETH15M-26OCT042215-15,0.9990,77.66,yes
2026-10-05T02:13:53.602417Z,KXETH15M-26OCT042215-15,0.9990,88.00,yes
2026-10-05T02:13:53.60257Z,KXETH15M-26OCT042215-15,0.9990,142.28,yes
2026-10-05T02:13:53.602711Z,KXETH15M-26OCT042215-15,0.9990,50.00,yes
2026-10-05T02:13:53.602821Z,KXETH15M-26OCT042215-15,0.9990,161.32,yes
2026-10-05T02:13:53.602821Z,KXETH15M-26OCT042215-15,0.9990,38.68,yes
2026-10-05T02:13:53.602829Z,KXETH15M-26OCT042215-15,0.9990,200.00,yes
2026-10-05T02:13:53.602911Z,KXETH15M-26OCT042215-15,0.9990,90.98,yes
2026-10-05T02:13:53.602981Z,KXETH15M-26OCT042215-15,0.9990,200.00,yes
2026-10-05T02:13:53.603131Z,KXETH15M-26OCT042215-15,0.9990,200.00,yes
2026-10-05T02:13:53.603164Z,KXETH15M-26OCT042215-15,0.9990,196.62,yes
2026-10-05T02:13:53.603177Z,KXETH15M-26OCT042215-15,0.9990,200.00,yes
2026-10-05T02:13:53.603189Z,KXETH15M-26OCT042215-15,0.9990,200.00,yes
2026-10-05T02:13:53.603387Z,KXETH15M-26OCT042215-15,0.9990,200.00,yes
2026-10-05T02:13:53.603433Z,KXETH15M-26OCT042215-15,0.9990,200.00,yes
2026-10-05T02:13:53.603575Z,KXETH15M-26OCT042215-15,0.9990,48.92,yes
2026-10-05T02:13:53.603575Z,KXETH15M-26OCT042215-15,0.9990,151.08,yes
2026-10-05T02:13:53.603594Z,KXETH15M-26OCT042215-15,0.9990,633.81,yes
2026-10-05T02:13:53.603598Z,KXETH15M-26OCT042215-15,0.9990,82.73,yes
2026-10-05T02:13:53.603598Z,KXETH15M-26OCT042215-15,0.9990,117.27,yes
2026-10-05T02:13:53.6036Z,KXETH15M-26OCT042215-15,0.9990,58.35,yes
2026-10-05T02:13:53.603799Z,KXETH15M-26OCT042215-15,0.9990,100.00,yes
2026-10-05T02:13:53.603887Z,KXETH15M-26OCT042215-15,0.9990,70.05,yes
2026-10-05T02:13:53.603961Z,KXETH15M-26OCT042215-15,0.9990,113.37,yes
2026-10-05T02:13:53.604002Z,KXETH15M-26OCT042215-15,0.9990,200.00,yes
2026-10-05T02:13:53.604045Z,KXETH15M-26OCT042215-15,0.9990,200.00,yes
2026-10-05T02:13:53.604165Z,KXETH15M-26OCT042215-15,0.9990,175.50,yes
2026-10-05T02:13:53.604165Z,KXETH15M-26OCT042215-15,0.9990,1.00,yes
2026-10-05T02:13:53.604165Z,KXETH15M-26OCT042215-15,0.9990,1.00,yes
2026-10-05T02:13:53.604165Z,KXETH15M-26OCT042215-15,0.9990,22.50,yes
2026-10-05T02:13:53.604209Z,KXETH15M-26OCT042215-15,0.9990,1191.10,yes
2026-10-05T02:13:53.604221Z,KXETH15M-26OCT042215-15,0.9990,200.00,yes
2026-10-05T02:13:53.604413Z,KXETH15M-26OCT042215-15,0.9990,200.00,yes
2026-10-05T02:13:53.604468Z,KXETH15M-26OCT042215-15,0.9990,200.00,yes
2026-10-05T02:13:53.604619Z,KXETH15M-26OCT042215-15,0.9990,200.00,yes
2026-10-05T02:13:53.604628Z,KXETH15M-26OCT042215-15,0.9990,200.00,yes
2026-10-05T02:13:53.604782Z,KXETH15M-26OCT042215-15,0.9990,200.00,yes
2026-10-05T02:13:53.604829Z,KXETH15M-26OCT042215-15,0.9990,30.00,yes
2026-10-05T02:13:53.604829Z,KXETH15M-26OCT042215-15,0.9990,1.00,yes
2026-10-05T02:13:53.604829Z,KXETH15M-26OCT042215-15,0.9990,86.40,yes
2026-10-05T02:13:53.604829Z,KXETH15M-26OCT042215-15,0.9990,4.00,yes
2026-10-05T02:13:53.604829Z,KXETH15M-26OCT042215-15,0.9990,4.00,yes
2026-10-05T02:13:53.604829Z,KXETH15M-26OCT042215-15,0.9990,200.00,yes
2026-10-05T02:13:53.604829Z,KXETH15M-26OCT042215-15,0.9990,175.06,yes
2026-10-05T02:13:53.604856Z,KXETH15M-26OCT042215-15,0.9990,58.00,yes
2026-10-05T02:13:53.604856Z,KXETH15M-26OCT042215-15,0.9990,14.81,yes
2026-10-05T02:13:53.604856Z,KXETH15M-26OCT042215-15,0.9990,127.19,yes
2026-10-05T02:13:53.604864Z,KXETH15M-26OCT042215-15,0.9990,59.19,yes
2026-10-05T02:13:53.604864Z,KXETH15M-26OCT042215-15,0.9990,23.00,yes
2026-10-05T02:13:53.604864Z,KXETH15M-26OCT042215-15,0.9990,100.00,yes
2026-10-05T02:13:53.604864Z,KXETH15M-26OCT042215-15,0.9990,20.00,yes
2026-10-05T02:13:54.323698Z,KXETH15M-26OCT042215-15,0.9990,113.00,no
2026-10-05T02:13:58.55579Z,KXETH15M-26OCT042215-15,0.9990,66.35,no
2026-10-05T02:14:01.58353Z,KXETH15M-26OCT042215-15,0.9990,229.01,no
2026-10-05T02:14:01.643195Z,KXETH15M-26OCT042215-15,0.9990,183.25,no
2026-10-05T02:14:04.96049Z,KXETH15M-26OCT042215-15,0.9990,7.20,no
2026-10-05T02:14:04.96049Z,KXETH15M-26OCT042215-15,0.9990,200.00,no
2026-10-05T02:14:04.96049Z,KXETH15M-26OCT042215-15,0.9990,200.00,no
2026-10-05T02:14:04.96049Z,KXETH15M-26OCT042215-15,0.9990,452.38,no
2026-10-05T02:14:04.96049Z,KXETH15M-26OCT042215-15,0.9990,346.32,no
2026-10-05T02:14:04.96049Z,KXETH15M-26OCT042215-15,0.9990,426.00,no
2026-10-05T02:14:04.96049Z,KXETH15M-26OCT042215-15,0.9990,200.00,no
2026-10-05T02:14:07.574071Z,KXETH15M-26OCT042215-15,0.9990,500.00,no
2026-10-05T02:14:07.574071Z,KXETH15M-26OCT042215-15,0.9980,134.00,no
2026-10-05T02:14:07.574071Z,KXETH15M-26OCT042215-15,0.9990,1160.62,no
2026-10-05T02:14:07.574071Z,KXETH15M-26OCT042215-15,0.9990,1001.00,no
2026-10-05T02:14:07.574071Z,KXETH15M-26OCT042215-15,0.9990,431.63,no
2026-10-05T02:14:07.574071Z,KXETH15M-26OCT042215-15,0.9980,200.00,no
2026-10-05T02:14:07.574071Z,KXETH15M-26OCT042215-15,0.9990,200.00,no
2026-10-05T02:14:07.574071Z,KXETH15M-26OCT042215-15,0.9990,581.00,no
2026-10-05T02:14:07.574071Z,KXETH15M-26OCT042215-15,0.9990,200.00,no
2026-10-05T02:14:07.574071Z,KXETH15M-26OCT042215-15,0.9980,97.14,no
2026-10-05T02:14:07.574071Z,KXETH15M-26OCT042215-15,0.9990,3.00,no
2026-10-05T02:14:07.574071Z,KXETH15M-26OCT042215-15,0.9990,200.00,no
2026-10-05T02:14:07.574071Z,KXETH15M-26OCT042215-15,0.9990,1191.10,no
2026-10-05T02:14:07.574071Z,KXETH15M-26OCT042215-15,0.9990,200.00,no
2026-10-05T02:14:07.574071Z,KXETH15M-26OCT042215-15,0.9990,22.50,no
2026-10-05T02:14:07.574071Z,KXETH15M-26OCT042215-15,0.9990,200.00,no
2026-10-05T02:14:07.574071Z,KXETH15M-26OCT042215-15,0.9990,200.00,no
2026-10-05T02:14:07.574071Z,KXETH15M-26OCT042215-15,0.9990,8000.00,no
2026-10-05T02:14:07.574071Z,KXETH15M-26OCT042215-15,0.9990,86.40,no
2026-10-05T02:14:07.574071Z,KXETH15M-26OCT042215-15,0.9980,161.32,no
2026-10-05T02:14:07.574071Z,KXETH15M-26OCT042215-15,0.9990,5.00,no
2026-10-05T02:14:07.574071Z,KXETH15M-26OCT042215-15,0.9990,1111.00,no
2026-10-05T02:14:07.574071Z,KXETH15M-26OCT042215-15,0.9990,500.00,no
2026-10-05T02:14:07.574071Z,KXETH15M-26OCT042215-15,0.9990,1627.08,no
2026-10-05T02:14:07.574071Z,KXETH15M-26OCT042215-15,0.9990,10.01,no
2026-10-05T02:14:07.574071Z,KXETH15M-26OCT042215-15,0.9990,81.00,no
2026-10-05T02:14:07.622575Z,KXETH15M-26OCT042215-15,0.9990,5.00,yes
2026-10-05T02:14:07.629285Z,KXETH15M-26OCT042215-15,0.9990,4.68,yes
2026-10-05T02:14:07.629285Z,KXETH15M-26OCT042215-15,0.9990,161.32,yes
2026-10-05T02:14:07.629285Z,KXETH15M-26OCT042215-15,0.9990,47.00,yes
2026-10-05T02:14:07.644452Z,KXETH15M-26OCT042215-15,0.9990,195.32,yes
2026-10-05T02:14:07.644452Z,KXETH15M-26OCT042215-15,0.9990,58.00,yes
2026-10-05T02:14:07.678009Z,KXETH15M-26OCT042215-15,0.9980,3.40,no
2026-10-05T02:14:07.678009Z,KXETH15M-26OCT042215-15,0.9980,2.86,no
2026-10-05T02:14:07.746301Z,KXETH15M-26OCT042215-15,0.9990,3.40,yes
2026-10-05T02:14:07.746301Z,KXETH15M-26OCT042215-15,0.9990,57.60,yes
2026-10-05T02:14:07.747664Z,KXETH15M-26OCT042215-15,0.9990,36.00,yes
2026-10-05T02:14:07.747664Z,KXETH15M-26OCT042215-15,0.9990,0.40,yes
2026-10-05T02:14:08.848637Z,KXETH15M-26OCT042215-15,0.9990,0.49,no
2026-10-05T02:14:08.848637Z,KXETH15M-26OCT042215-15,0.9990,24.60,no
2026-10-05T02:14:14.005796Z,KXETH15M-26OCT042215-15,0.9990,9060.04,no
2026-10-05T02:14:14.005796Z,KXETH15M-26OCT042215-15,0.9990,99.51,no
2026-10-05T02:14:14.878777Z,KXETH15M-26OCT042215-15,0.9990,930.00,no
2026-10-05T02:14:15.023644Z,KXETH15M-26OCT042215-15,0.9990,183.25,no
2026-10-05T02:14:18.246091Z,KXETH15M-26OCT042215-15,0.9990,934.69,no
2026-10-05T02:14:20.772053Z,KXETH15M-26OCT042215-15,0.9990,26.52,no
2026-10-05T02:14:25.818207Z,KXETH15M-26OCT042215-15,0.9990,5.00,no
2026-10-05T02:14:34.682941Z,KXETH15M-26OCT042215-15,0.9990,47.14,no
2026-10-05T02:14:38.308903Z,KXETH15M-26OCT042215-15,0.9990,73.29,no
2026-10-05T02:14:41.434291Z,KXETH15M-26OCT042215-15,0.9990,458.04,no
2026-10-05T02:14:47.007204Z,KXETH15M-26OCT042215-15,0.9990,181.77,no
2026-10-05T02:14:57.766971Z,KXETH15M-26OCT042215-15,0.9990,458.04,no
2026-10-05T02:10:36.043844Z,KXDOGE15M-26OCT042215-15,0.9870,3.24,yes
2026-10-05T02:10:36.043844Z,KXDOGE15M-26OCT042215-15,0.9870,11.53,yes
2026-10-05T02:10:37.62496Z,KXDOGE15M-26OCT042215-15,0.9870,1.00,yes
2026-10-05T02:10:37.732191Z,KXDOGE15M-26OCT042215-15,0.9870,3.00,yes
2026-10-05T02:10:37.739541Z,KXDOGE15M-26OCT042215-15,0.9870,1.00,yes
2026-10-05T02:10:37.84668Z,KXDOGE15M-26OCT042215-15,0.9860,31.00,no
2026-10-05T02:10:37.84668Z,KXDOGE15M-26OCT042215-15,0.9850,3.00,no
2026-10-05T02:10:37.84668Z,KXDOGE15M-26OCT042215-15,0.9840,1.00,no
2026-10-05T02:10:39.085232Z,KXDOGE15M-26OCT042215-15,0.9870,14.11,yes
2026-10-05T02:10:39.085232Z,KXDOGE15M-26OCT042215-15,0.9870,28.00,yes
2026-10-05T02:10:39.085232Z,KXDOGE15M-26OCT042215-15,0.9870,1.00,yes
2026-10-05T02:10:39.085232Z,KXDOGE15M-26OCT042215-15,0.9870,4.00,yes
2026-10-05T02:10:39.085232Z,KXDOGE15M-26OCT042215-15,0.9870,9.76,yes
2026-10-05T02:10:39.786022Z,KXDOGE15M-26OCT042215-15,0.9810,1.00,no
2026-10-05T02:10:39.786022Z,KXDOGE15M-26OCT042215-15,0.9790,35.00,no
2026-10-05T02:10:39.786022Z,KXDOGE15M-26OCT042215-15,0.9790,40.00,no
2026-10-05T02:10:39.786022Z,KXDOGE15M-26OCT042215-15,0.9790,40.00,no
2026-10-05T02:10:39.786022Z,KXDOGE15M-26OCT042215-15,0.9790,40.00,no
2026-10-05T02:10:39.786022Z,KXDOGE15M-26OCT042215-15,0.9820,19.00,no
2026-10-05T02:10:39.786022Z,KXDOGE15M-26OCT042215-15,0.9790,45.00,no
2026-10-05T02:10:39.786022Z,KXDOGE15M-26OCT042215-15,0.9810,14.11,no
2026-10-05T02:10:39.786022Z,KXDOGE15M-26OCT042215-15,0.9810,28.00,no
2026-10-05T02:10:39.786022Z,KXDOGE15M-26OCT042215-15,0.9810,4.00,no
2026-10-05T02:10:39.786022Z,KXDOGE15M-26OCT042215-15,0.9790,11.83,no
2026-10-05T02:10:39.786022Z,KXDOGE15M-26OCT042215-15,0.9800,11.00,no
2026-10-05T02:10:39.786022Z,KXDOGE15M-26OCT042215-15,0.9790,40.00,no
2026-10-05T02:10:39.786022Z,KXDOGE15M-26OCT042215-15,0.9800,3.00,no
2026-10-05T02:10:39.786022Z,KXDOGE15M-26OCT042215-15,0.9800,1.00,no
2026-10-05T02:10:39.786022Z,KXDOGE15M-26OCT042215-15,0.9800,1.00,no
2026-10-05T02:10:39.786022Z,KXDOGE15M-26OCT042215-15,0.9830,3.00,no
2026-10-05T02:10:39.786022Z,KXDOGE15M-26OCT042215-15,0.9790,10.00,no
2026-10-05T02:10:39.786022Z,KXDOGE15M-26OCT042215-15,0.9850,1.00,no
2026-10-05T02:10:39.786022Z,KXDOGE15M-26OCT042215-15,0.9790,55.00,no
2026-10-05T02:10:39.786022Z,KXDOGE15M-26OCT042215-15,0.9830,5.00,no
2026-10-05T02:10:39.786022Z,KXDOGE15M-26OCT042215-15,0.9800,13.00,no
2026-10-05T02:10:39.786022Z,KXDOGE15M-26OCT042215-15,0.9790,0.02,no
2026-10-05T02:10:39.786022Z,KXDOGE15M-26OCT042215-15,0.9800,0.02,no
2026-10-05T02:10:39.786022Z,KXDOGE15M-26OCT042215-15,0.9820,1.00,no
2026-10-05T02:10:39.786022Z,KXDOGE15M-26OCT042215-15,0.9840,2.00,no
2026-10-05T02:10:39.786022Z,KXDOGE15M-26OCT042215-15,0.9800,3.00,no
2026-10-05T02:10:39.786022Z,KXDOGE15M-26OCT042215-15,0.9810,11.53,no
2026-10-05T02:10:40.624465Z,KXDOGE15M-26OCT042215-15,0.9820,3.00,no
2026-10-05T02:10:40.624465Z,KXDOGE15M-26OCT042215-15,0.9800,4.00,no
2026-10-05T02:10:40.624465Z,KXDOGE15M-26OCT042215-15,0.9830,5.00,no
2026-10-05T02:10:40.624465Z,KXDOGE15M-26OCT042215-15,0.9800,8.63,no
2026-10-05T02:10:40.624465Z,KXDOGE15M-26OCT042215-15,0.9810,3.00,no
2026-10-05T02:10:41.582647Z,KXDOGE15M-26OCT042215-15,0.9800,3.00,no
2026-10-05T02:10:41.582647Z,KXDOGE15M-26OCT042215-15,0.9810,5.00,no
2026-10-05T02:10:41.582647Z,KXDOGE15M-26OCT042215-15,0.9800,19.00,no
2026-10-05T02:10:41.582647Z,KXDOGE15M-26OCT042215-15,0.9790,18.27,no
2026-10-05T02:10:48.479671Z,KXDOGE15M-26OCT042215-15,0.9870,3.00,yes
2026-10-05T02:10:48.479671Z,KXDOGE15M-26OCT042215-15,0.9870,13.24,yes
2026-10-05T02:10:48.479671Z,KXDOGE15M-26OCT042215-15,0.9870,1.00,yes
2026-10-05T02:10:48.479671Z,KXDOGE15M-26OCT042215-15,0.9870,8.85,yes
2026-10-05T02:10:48.479671Z,KXDOGE15M-26OCT042215-15,0.9870,1.00,yes
2026-10-05T02:10:48.479671Z,KXDOGE15M-26OCT042215-15,0.9870,1.01,yes
2026-10-05T02:10:48.479671Z,KXDOGE15M-26OCT042215-15,0.9870,0.93,yes
2026-10-05T02:10:48.479671Z,KXDOGE15M-26OCT042215-15,0.9870,1.00,yes
2026-10-05T02:10:48.479671Z,KXDOGE15M-26OCT042215-15,0.9870,11.00,yes
2026-10-05T02:10:48.479671Z,KXDOGE15M-26OCT042215-15,0.9870,1.00,yes
2026-10-05T02:10:48.479671Z,KXDOGE15M-26OCT042215-15,0.9870,5.06,yes
2026-10-05T02:10:48.479671Z,KXDOGE15M-26OCT042215-15,0.9870,1.00,yes
2026-10-05T02:10:48.479671Z,KXDOGE15M-26OCT042215-15,0.9870,2.00,yes
2026-10-05T02:10:48.479671Z,KXDOGE15M-26OCT042215-15,0.9870,9.89,yes
2026-10-05T02:10:48.479671Z,KXDOGE15M-26OCT042215-15,0.9870,1.00,yes
2026-10-05T02:10:48.479671Z,KXDOGE15M-26OCT042215-15,0.9870,1.00,yes
2026-10-05T02:10:48.479671Z,KXDOGE15M-26OCT042215-15,0.9870,1.00,yes
2026-10-05T02:10:48.479671Z,KXDOGE15M-26OCT042215-15,0.9870,1.00,yes
2026-10-05T02:10:48.479671Z,KXDOGE15M-26OCT042215-15,0.9870,2.00,yes
2026-10-05T02:10:48.479671Z,KXDOGE15M-26OCT042215-15,0.9870,1.00,yes
2026-10-05T02:10:48.479671Z,KXDOGE15M-26OCT042215-15,0.9870,1.38,yes
2026-10-05T02:10:48.521736Z,KXDOGE15M-26OCT042215-15,0.9870,8.45,yes
2026-10-05T02:10:48.521736Z,KXDOGE15M-26OCT042215-15,0.9870,31.93,yes
2026-10-05T02:10:48.521736Z,KXDOGE15M-26OCT042215-15,0.9870,0.07,yes
2026-10-05T02:10:48.521736Z,KXDOGE15M-26OCT042215-15,0.9870,1.00,yes
2026-10-05T02:10:48.521736Z,KXDOGE15M-26OCT042215-15,0.9870,4.00,yes
2026-10-05T02:10:48.521736Z,KXDOGE15M-26OCT042215-15,0.9870,1.00,yes
2026-10-05T02:10:48.521736Z,KXDOGE15M-26OCT042215-15,0.9870,14.11,yes
2026-10-05T02:10:48.521736Z,KXDOGE15M-26OCT042215-15,0.9870,11.53,yes
2026-10-05T02:10:48.521736Z,KXDOGE15M-26OCT042215-15,0.9870,28.00,yes
2026-10-05T02:10:48.542597Z,KXDOGE15M-26OCT042215-15,0.9870,1.55,yes
2026-10-05T02:10:48.542597Z,KXDOGE15M-26OCT042215-15,0.9870,3.22,yes
2026-10-05T02:10:51.795721Z,KXDOGE15M-26OCT042215-15,0.9810,3.00,no
2026-10-05T02:10:51.795721Z,KXDOGE15M-26OCT042215-15,0.9810,1.00,no
2026-10-05T02:10:51.795721Z,KXDOGE15M-26OCT042215-15,0.9810,1.00,no
2026-10-05T02:10:51.795721Z,KXDOGE15M-26OCT042215-15,0.9810,9.89,no
2026-10-05T02:10:51.795721Z,KXDOGE15M-26OCT042215-15,0.9810,2.85,no
2026-10-05T02:10:51.795721Z,KXDOGE15M-26OCT042215-15,0.9810,1.00,no
2026-10-05T02:10:51.795721Z,KXDOGE15M-26OCT042215-15,0.9810,1.00,no
2026-10-05T02:10:51.795721Z,KXDOGE15M-26OCT042215-15,0.9830,5.00,no
2026-10-05T02:10:51.795721Z,KXDOGE15M-26OCT042215-15,0.9830,0.03,no
2026-10-05T02:10:52.052235Z,KXDOGE15M-26OCT042215-15,0.9870,4.00,yes
2026-10-05T02:10:52.059441Z,KXDOGE15M-26OCT042215-15,0.9870,2.00,yes
2026-10-05T02:11:00.135164Z,KXDOGE15M-26OCT042215-15,0.9870,0.03,yes
2026-10-05T02:11:00.135164Z,KXDOGE15M-26OCT042215-15,0.9870,2.85,yes
2026-10-05T02:11:00.135164Z,KXDOGE15M-26OCT042215-15,0.9870,1.00,yes
2026-10-05T02:11:00.135164Z,KXDOGE15M-26OCT042215-15,0.9870,3.89,yes
2026-10-05T02:11:00.135164Z,KXDOGE15M-26OCT042215-15,0.9870,1.00,yes
2026-10-05T02:11:00.135164Z,KXDOGE15M-26OCT042215-15,0.9870,1.00,yes
2026-10-05T02:11:00.135164Z,KXDOGE15M-26OCT042215-15,0.9870,1.00,yes
2026-10-05T02:11:00.265987Z,KXDOGE15M-26OCT042215-15,0.9880,4.97,yes
2026-10-05T02:11:00.265987Z,KXDOGE15M-26OCT042215-15,0.9880,0.03,yes
2026-10-05T02:11:00.265987Z,KXDOGE15M-26OCT042215-15,0.9880,18.00,yes
2026-10-05T02:11:00.541504Z,KXDOGE15M-26OCT042215-15,0.9880,0.03,yes
2026-10-05T02:11:00.541504Z,KXDOGE15M-26OCT042215-15,0.9880,17.97,yes
2026-10-05T02:11:00.657197Z,KXDOGE15M-26OCT042215-15,0.9890,1.00,yes
2026-10-05T02:11:00.816787Z,KXDOGE15M-26OCT042215-15,0.9890,1.00,yes
2026-10-05T02:11:00.816787Z,KXDOGE15M-26OCT042215-15,0.9890,20.00,yes
2026-10-05T02:11:00.816787Z,KXDOGE15M-26OCT042215-15,0.9890,10.00,yes
2026-10-05T02:11:00.816787Z,KXDOGE15M-26OCT042215-15,0.9890,2.00,yes
2026-10-05T02:11:00.816787Z,KXDOGE15M-26OCT042215-15,0.9890,100.00,yes
2026-10-05T02:11:00.816787Z,KXDOGE15M-26OCT042215-15,0.9890,2.00,yes
2026-10-05T02:11:00.816787Z,KXDOGE15M-26OCT042215-15,0.9890,1.00,yes
2026-10-05T02:11:00.816787Z,KXDOGE15M-26OCT042215-15,0.9890,9.69,yes
2026-10-05T02:11:00.816787Z,KXDOGE15M-26OCT042215-15,0.9890,70.00,yes
2026-10-05T02:11:00.816787Z,KXDOGE15M-26OCT042215-15,0.9890,17.28,yes
2026-10-05T02:11:00.816787Z,KXDOGE15M-26OCT042215-15,0.9890,0.03,yes
2026-10-05T02:11:01.11209Z,KXDOGE15M-26OCT042215-15,0.9900,1.00,yes
2026-10-05T02:11:01.11209Z,KXDOGE15M-26OCT042215-15,0.9890,18.00,yes
2026-10-05T02:11:01.11209Z,KXDOGE15M-26OCT042215-15,0.9890,10.00,yes
2026-10-05T02:11:01.135681Z,KXDOGE15M-26OCT042215-15,0.9900,2.00,yes
2026-10-05T02:11:01.135681Z,KXDOGE15M-26OCT042215-15,0.9900,50.00,yes
2026-10-05T02:11:01.14929Z,KXDOGE15M-26OCT042215-15,0.9900,50.00,yes
2026-10-05T02:11:01.14929Z,KXDOGE15M-26OCT042215-15,0.9900,3.00,yes
2026-10-05T02:11:01.162283Z,KXDOGE15M-26OCT042215-15,0.9900,20.00,yes
2026-10-05T02:11:01.268925Z,KXDOGE15M-26OCT042215-15,0.9900,1.00,yes
2026-10-05T02:11:01.595078Z,KXDOGE15M-26OCT042215-15,0.9900,4.00,yes
2026-10-05T02:11:01.595078Z,KXDOGE15M-26OCT042215-15,0.9900,1.00,yes
2026-10-05T02:11:01.595078Z,KXDOGE15M-26OCT042215-15,0.9900,20.00,yes
2026-10-05T02:11:02.253877Z,KXDOGE15M-26OCT042215-15,0.9900,1.11,yes
2026-10-05T02:11:02.253877Z,KXDOGE15M-26OCT042215-15,0.9900,7.97,yes
2026-10-05T02:11:02.253877Z,KXDOGE15M-26OCT042215-15,0.9900,2.65,yes
2026-10-05T02:11:02.299513Z,KXDOGE15M-26OCT042215-15,0.9890,2.00,no
2026-10-05T02:11:02.299513Z,KXDOGE15M-26OCT042215-15,0.9870,0.03,no
2026-10-05T02:11:02.299513Z,KXDOGE15M-26OCT042215-15,0.9890,3.00,no
2026-10-05T02:11:02.299513Z,KXDOGE15M-26OCT042215-15,0.9890,4.00,no
2026-10-05T02:11:02.299513Z,KXDOGE15M-26OCT042215-15,0.9860,0.03,no
2026-10-05T02:11:02.299513Z,KXDOGE15M-26OCT042215-15,0.9890,1.00,no
2026-10-05T02:11:02.299513Z,KXDOGE15M-26OCT042215-15,0.9860,9.69,no
2026-10-05T02:11:02.299513Z,KXDOGE15M-26OCT042215-15,0.9860,1.00,no
2026-10-05T02:11:02.299513Z,KXDOGE15M-26OCT042215-15,0.9870,1.00,no
2026-10-05T02:11:02.598935Z,KXDOGE15M-26OCT042215-15,0.9900,0.99,yes
2026-10-05T02:11:02.598935Z,KXDOGE15M-26OCT042215-15,0.9900,0.01,yes
2026-10-05T02:11:03.176099Z,KXDOGE15M-26OCT042215-15,0.9900,0.03,yes
2026-10-05T02:11:03.176099Z,KXDOGE15M-26OCT042215-15,0.9900,3.98,yes
2026-10-05T02:11:03.176099Z,KXDOGE15M-26OCT042215-15,0.9900,0.99,yes
2026-10-05T02:11:03.798283Z,KXDOGE15M-26OCT042215-15,0.9900,10.00,yes
2026-10-05T02:11:05.283584Z,KXDOGE15M-26OCT042215-15,0.9890,18.00,yes
2026-10-05T02:11:05.283584Z,KXDOGE15M-26OCT042215-15,0.9890,10.00,yes
2026-10-05T02:11:05.283584Z,KXDOGE15M-26OCT042215-15,0.9900,60.97,yes
2026-10-05T02:11:05.283584Z,KXDOGE15M-26OCT042215-15,0.9890,14.00,yes
2026-10-05T02:11:05.283584Z,KXDOGE15M-26OCT042215-15,0.9890,0.03,yes
2026-10-05T02:11:05.32862Z,KXDOGE15M-26OCT042215-15,0.9860,10.31,no
2026-10-05T02:11:05.32862Z,KXDOGE15M-26OCT042215-15,0.9850,0.28,no
2026-10-05T02:11:05.32862Z,KXDOGE15M-26OCT042215-15,0.9850,1.00,no
2026-10-05T02:11:05.32862Z,KXDOGE15M-26OCT042215-15,0.9870,1.00,no
2026-10-05T02:11:05.547001Z,KXDOGE15M-26OCT042215-15,0.9900,14.03,yes
2026-10-05T02:11:05.547001Z,KXDOGE15M-26OCT042215-15,0.9900,0.03,yes
2026-10-05T02:11:05.547001Z,KXDOGE15M-26OCT042215-15,0.9900,20.94,yes
2026-10-05T02:11:05.883423Z,KXDOGE15M-26OCT042215-15,0.9900,28.00,yes
2026-10-05T02:11:05.883423Z,KXDOGE15M-26OCT042215-15,0.9900,21.00,yes
2026-10-05T02:11:06.093803Z,KXDOGE15M-26OCT042215-15,0.9900,20.18,yes
2026-10-05T02:11:06.093803Z,KXDOGE15M-26OCT042215-15,0.9900,10.00,yes
2026-10-05T02:11:06.226156Z,KXDOGE15M-26OCT042215-15,0.9900,0.82,yes
2026-10-05T02:11:06.226156Z,KXDOGE15M-26OCT042215-15,0.9900,20.15,yes
2026-10-05T02:11:06.226156Z,KXDOGE15M-26OCT042215-15,0.9900,0.03,yes
2026-10-05T02:11:06.547909Z,KXDOGE15M-26OCT042215-15,0.9910,5.00,yes
2026-10-05T02:11:06.547909Z,KXDOGE15M-26OCT042215-15,0.9910,0.03,yes
2026-10-05T02:11:06.547909Z,KXDOGE15M-26OCT042215-15,0.9910,3.84,yes
2026-10-05T02:11:06.547909Z,KXDOGE15M-26OCT042215-15,0.9910,1.13,yes
2026-10-05T02:11:07.599605Z,KXDOGE15M-26OCT042215-15,0.9860,26.67,no
2026-10-05T02:11:07.599605Z,KXDOGE15M-26OCT042215-15,0.9880,0.03,no
2026-10-05T02:11:07.599605Z,KXDOGE15M-26OCT042215-15,0.9880,1.00,no
2026-10-05T02:11:07.599605Z,KXDOGE15M-26OCT042215-15,0.9870,0.03,no
2026-10-05T02:11:07.599605Z,KXDOGE15M-26OCT042215-15,0.9870,1.00,no
2026-10-05T02:11:07.599605Z,KXDOGE15M-26OCT042215-15,0.9890,5.00,no
2026-10-05T02:11:07.599605Z,KXDOGE15M-26OCT042215-15,0.9870,0.03,no
2026-10-05T02:11:07.949289Z,KXDOGE15M-26OCT042215-15,0.9900,8.00,yes
2026-10-05T02:11:08.100291Z,KXDOGE15M-26OCT042215-15,0.9910,42.10,yes
2026-10-05T02:11:10.029837Z,KXDOGE15M-26OCT042215-15,0.9910,0.03,yes
2026-10-05T02:11:10.029837Z,KXDOGE15M-26OCT042215-15,0.9910,6.26,yes
2026-10-05T02:11:10.337929Z,KXDOGE15M-26OCT042215-15,0.9910,0.03,yes
2026-10-05T02:11:10.337929Z,KXDOGE15M-26OCT042215-15,0.9910,6.26,yes
2026-10-05T02:11:10.337929Z,KXDOGE15M-26OCT042215-15,0.9910,15.74,yes
2026-10-05T02:11:14.092785Z,KXDOGE15M-26OCT042215-15,0.9910,19.74,no
2026-10-05T02:11:14.797804Z,KXDOGE15M-26OCT042215-15,0.9920,3.00,yes
2026-10-05T02:11:15.189917Z,KXDOGE15M-26OCT042215-15,0.9920,1.00,yes
2026-10-05T02:11:15.223614Z,KXDOGE15M-26OCT042215-15,0.9920,1.00,yes
2026-10-05T02:11:15.223614Z,KXDOGE15M-26OCT042215-15,0.9920,2.00,yes
2026-10-05T02:11:15.641241Z,KXDOGE15M-26OCT042215-15,0.9920,5.97,yes
2026-10-05T02:11:15.641241Z,KXDOGE15M-26OCT042215-15,0.9920,0.03,yes
2026-10-05T02:11:15.641241Z,KXDOGE15M-26OCT042215-15,0.9920,1.00,yes
2026-10-05T02:11:15.649474Z,KXDOGE15M-26OCT042215-15,0.9920,3.00,yes
2026-10-05T02:11:15.743103Z,KXDOGE15M-26OCT042215-15,0.9920,12.00,yes
2026-10-05T02:11:15.749705Z,KXDOGE15M-26OCT042215-15,0.9920,5.00,yes
2026-10-05T02:11:15.756559Z,KXDOGE15M-26OCT042215-15,0.9920,3.00,yes
2026-10-05T02:11:15.763251Z,KXDOGE15M-26OCT042215-15,0.9920,1.00,yes
2026-10-05T02:11:16.103154Z,KXDOGE15M-26OCT042215-15,0.9910,1.01,no
2026-10-05T02:11:16.377766Z,KXDOGE15M-26OCT042215-15,0.9920,3.00,yes
2026-10-05T02:11:16.386125Z,KXDOGE15M-26OCT042215-15,0.9920,1.00,yes
2026-10-05T02:11:16.580131Z,KXDOGE15M-26OCT042215-15,0.9920,3.00,yes
2026-10-05T02:11:19.074704Z,KXDOGE15M-26OCT042215-15,0.9930,4.00,yes
2026-10-05T02:11:19.08226Z,KXDOGE15M-26OCT042215-15,0.9930,1.00,yes
2026-10-05T02:11:19.930999Z,KXDOGE15M-26OCT042215-15,0.9930,1.00,yes
2026-10-05T02:11:20.104726Z,KXDOGE15M-26OCT042215-15,0.9930,3.00,yes
2026-10-05T02:11:20.1108Z,KXDOGE15M-26OCT042215-15,0.9930,1.00,yes
2026-10-05T02:11:20.11657Z,KXDOGE15M-26OCT042215-15,0.9930,1.00,yes
2026-10-05T02:11:20.93091Z,KXDOGE15M-26OCT042215-15,0.9930,2.00,yes
2026-10-05T02:11:20.938154Z,KXDOGE15M-26OCT042215-15,0.9930,1.00,yes
2026-10-05T02:11:22.199719Z,KXDOGE15M-26OCT042215-15,0.9920,0.58,no
2026-10-05T02:11:24.287212Z,KXDOGE15M-26OCT042215-15,0.9940,5.00,yes
2026-10-05T02:11:24.287212Z,KXDOGE15M-26OCT042215-15,0.9940,76.39,yes
2026-10-05T02:11:26.466384Z,KXDOGE15M-26OCT042215-15,0.9940,41.11,yes
2026-10-05T02:11:27.097631Z,KXDOGE15M-26OCT042215-15,0.9940,11.57,no
2026-10-05T02:11:28.405464Z,KXDOGE15M-26OCT042215-15,0.9950,3.00,yes
2026-10-05T02:11:30.941571Z,KXDOGE15M-26OCT042215-15,0.9940,3.00,no
2026-10-05T02:11:30.941571Z,KXDOGE15M-26OCT042215-15,0.9920,10.00,no
2026-10-05T02:11:30.941571Z,KXDOGE15M-26OCT042215-15,0.9910,10.00,no
2026-10-05T02:11:30.941571Z,KXDOGE15M-26OCT042215-15,0.9940,0.03,no
2026-10-05T02:11:30.941571Z,KXDOGE15M-26OCT042215-15,0.9920,18.00,no
2026-10-05T02:11:30.941571Z,KXDOGE15M-26OCT042215-15,0.9910,19.00,no
2026-10-05T02:11:30.941571Z,KXDOGE15M-26OCT042215-15,0.9930,5.00,no
2026-10-05T02:11:30.941571Z,KXDOGE15M-26OCT042215-15,0.9940,34.30,no
2026-10-05T02:11:30.941571Z,KXDOGE15M-26OCT042215-15,0.9940,14.03,no
2026-10-05T02:11:30.941571Z,KXDOGE15M-26OCT042215-15,0.9940,38.43,no
2026-10-05T02:11:30.941571Z,KXDOGE15M-26OCT042215-15,0.9910,60.00,no
2026-10-05T02:11:30.941571Z,KXDOGE15M-26OCT042215-15,0.9910,1.00,no
2026-10-05T02:11:30.941571Z,KXDOGE15M-26OCT042215-15,0.9910,1.00,no
2026-10-05T02:11:30.941571Z,KXDOGE15M-26OCT042215-15,0.9910,3.00,no
2026-10-05T02:11:30.941571Z,KXDOGE15M-26OCT042215-15,0.9910,0.03,no
2026-10-05T02:11:30.941571Z,KXDOGE15M-26OCT042215-15,0.9900,80.42,no
2026-10-05T02:11:30.941571Z,KXDOGE15M-26OCT042215-15,0.9910,17.63,no
2026-10-05T02:11:30.941571Z,KXDOGE15M-26OCT042215-15,0.9910,1.00,no
2026-10-05T02:11:30.941571Z,KXDOGE15M-26OCT042215-15,0.9910,1.00,no
2026-10-05T02:11:30.941571Z,KXDOGE15M-26OCT042215-15,0.9910,1.00,no
2026-10-05T02:11:30.941571Z,KXDOGE15M-26OCT042215-15,0.9930,0.03,no
2026-10-05T02:11:30.941571Z,KXDOGE15M-26OCT042215-15,0.9910,2.00,no
2026-10-05T02:11:30.941571Z,KXDOGE15M-26OCT042215-15,0.9920,1.00,no
2026-10-05T02:11:30.941571Z,KXDOGE15M-26OCT042215-15,0.9920,0.03,no
2026-10-05T02:11:30.941571Z,KXDOGE15M-26OCT042215-15,0.9920,4.00,no
2026-10-05T02:11:31.716847Z,KXDOGE15M-26OCT042215-15,0.9950,1.00,yes
2026-10-05T02:11:32.533379Z,KXDOGE15M-26OCT042215-15,0.9950,0.59,yes
2026-10-05T02:11:34.581014Z,KXDOGE15M-26OCT042215-15,0.9900,0.03,no
2026-10-05T02:11:34.581014Z,KXDOGE15M-26OCT042215-15,0.9900,19.58,no
2026-10-05T02:11:34.581014Z,KXDOGE15M-26OCT042215-15,0.9900,31.82,no
2026-10-05T02:11:34.581014Z,KXDOGE15M-26OCT042215-15,0.9940,1.00,no
2026-10-05T02:11:34.581014Z,KXDOGE15M-26OCT042215-15,0.9940,0.59,no
2026-10-05T02:11:34.581014Z,KXDOGE15M-26OCT042215-15,0.9910,0.03,no
2026-10-05T02:11:34.581014Z,KXDOGE15M-26OCT042215-15,0.9940,0.03,no
2026-10-05T02:11:34.581014Z,KXDOGE15M-26OCT042215-15,0.9930,0.03,no
2026-10-05T02:11:34.581014Z,KXDOGE15M-26OCT042215-15,0.9920,0.03,no
2026-10-05T02:11:37.245693Z,KXDOGE15M-26OCT042215-15,0.9930,2.14,no
2026-10-05T02:11:40.038962Z,KXDOGE15M-26OCT042215-15,0.9950,0.41,yes
2026-10-05T02:11:40.038962Z,KXDOGE15M-26OCT042215-15,0.9950,8.00,yes
2026-10-05T02:11:40.038962Z,KXDOGE15M-26OCT042215-15,0.9950,44.73,yes
2026-10-05T02:11:51.077623Z,KXDOGE15M-26OCT042215-15,0.9900,5.61,no
2026-10-05T02:11:51.077623Z,KXDOGE15M-26OCT042215-15,0.9940,0.41,no
2026-10-05T02:11:51.077623Z,KXDOGE15M-26OCT042215-15,0.9940,0.03,no
2026-10-05T02:11:51.077623Z,KXDOGE15M-26OCT042215-15,0.9930,27.86,no
2026-10-05T02:11:51.077623Z,KXDOGE15M-26OCT042215-15,0.9910,0.04,no
2026-10-05T02:11:51.077623Z,KXDOGE15M-26OCT042215-15,0.9930,0.03,no
2026-10-05T02:11:51.077623Z,KXDOGE15M-26OCT042215-15,0.9920,0.03,no
2026-10-05T02:11:55.848978Z,KXDOGE15M-26OCT042215-15,0.9950,11.00,yes
2026-10-05T02:11:55.848978Z,KXDOGE15M-26OCT042215-15,0.9950,305.27,yes
2026-10-05T02:11:55.848978Z,KXDOGE15M-26OCT042215-15,0.9950,1.00,yes
2026-10-05T02:11:55.848978Z,KXDOGE15M-26OCT042215-15,0.9950,10.00,yes
2026-10-05T02:11:55.848978Z,KXDOGE15M-26OCT042215-15,0.9950,600.00,yes
2026-10-05T02:11:55.848978Z,KXDOGE15M-26OCT042215-15,0.9950,3.00,yes
2026-10-05T02:11:55.848978Z,KXDOGE15M-26OCT042215-15,0.9950,17.00,yes
2026-10-05T02:11:55.848978Z,KXDOGE15M-26OCT042215-15,0.9950,0.03,yes
2026-10-05T02:11:56.952171Z,KXDOGE15M-26OCT042215-15,0.9900,462.57,no
2026-10-05T02:11:56.952171Z,KXDOGE15M-26OCT042215-15,0.9900,15.00,no
2026-10-05T02:11:56.952171Z,KXDOGE15M-26OCT042215-15,0.9900,0.43,no
2026-10-05T02:11:56.952171Z,KXDOGE15M-26OCT042215-15,0.9900,3.00,no
2026-10-05T02:11:56.952171Z,KXDOGE15M-26OCT042215-15,0.9900,6.00,no
2026-10-05T02:11:57.270666Z,KXDOGE15M-26OCT042215-15,0.9950,20.00,yes
2026-10-05T02:11:57.270666Z,KXDOGE15M-26OCT042215-15,0.9950,10.00,yes
2026-10-05T02:11:58.858707Z,KXDOGE15M-26OCT042215-15,0.9950,10.00,yes
2026-10-05T02:11:58.858707Z,KXDOGE15M-26OCT042215-15,0.9950,20.00,yes
2026-10-05T02:11:58.937569Z,KXDOGE15M-26OCT042215-15,0.9960,8.01,yes
2026-10-05T02:11:58.937569Z,KXDOGE15M-26OCT042215-15,0.9950,10.00,yes
2026-10-05T02:11:58.937569Z,KXDOGE15M-26OCT042215-15,0.9950,16.00,yes
2026-10-05T02:12:00.393052Z,KXDOGE15M-26OCT042215-15,0.9950,10.00,yes
2026-10-05T02:12:01.054264Z,KXDOGE15M-26OCT042215-15,0.9950,33.85,no
2026-10-05T02:12:01.056566Z,KXDOGE15M-26OCT042215-15,0.9960,451.00,yes
2026-10-05T02:12:02.646645Z,KXDOGE15M-26OCT042215-15,0.9960,1.01,yes
2026-10-05T02:12:02.736972Z,KXDOGE15M-26OCT042215-15,0.9950,0.03,no
2026-10-05T02:12:02.736972Z,KXDOGE15M-26OCT042215-15,0.9950,56.15,no
2026-10-05T02:12:02.736972Z,KXDOGE15M-26OCT042215-15,0.9930,23.03,no
2026-10-05T02:12:02.736972Z,KXDOGE15M-26OCT042215-15,0.9940,1.00,no
2026-10-05T02:12:02.736972Z,KXDOGE15M-26OCT042215-15,0.9940,0.04,no
2026-10-05T02:12:02.736972Z,KXDOGE15M-26OCT042215-15,0.9950,1.01,no
2026-10-05T02:12:11.685486Z,KXDOGE15M-26OCT042215-15,0.9960,3.99,yes
2026-10-05T02:12:11.685486Z,KXDOGE15M-26OCT042215-15,0.9970,156.52,yes
2026-10-05T02:12:11.685486Z,KXDOGE15M-26OCT042215-15,0.9960,1.00,yes
2026-10-05T02:12:11.685486Z,KXDOGE15M-26OCT042215-15,0.9960,1.00,yes
2026-10-05T02:12:11.685486Z,KXDOGE15M-26OCT042215-15,0.9960,1.00,yes
2026-10-05T02:12:11.685486Z,KXDOGE15M-26OCT042215-15,0.9960,13.00,yes
2026-10-05T02:12:11.685486Z,KXDOGE15M-26OCT042215-15,0.9960,1.00,yes
2026-10-05T02:12:11.685486Z,KXDOGE15M-26OCT042215-15,0.9960,1.00,yes
2026-10-05T02:12:11.685486Z,KXDOGE15M-26OCT042215-15,0.9960,2.00,yes
2026-10-05T02:12:13.402953Z,KXDOGE15M-26OCT042215-15,0.9950,0.03,no
2026-10-05T02:12:13.402953Z,KXDOGE15M-26OCT042215-15,0.9950,3.99,no
2026-10-05T02:12:13.402953Z,KXDOGE15M-26OCT042215-15,0.9950,0.03,no
2026-10-05T02:12:13.402953Z,KXDOGE15M-26OCT042215-15,0.9950,1.00,no
2026-10-05T02:12:16.147602Z,KXDOGE15M-26OCT042215-15,0.9940,24.00,no
2026-10-05T02:12:16.147602Z,KXDOGE15M-26OCT042215-15,0.9940,0.03,no
2026-10-05T02:12:16.147602Z,KXDOGE15M-26OCT042215-15,0.9950,0.03,no
2026-10-05T02:12:16.147602Z,KXDOGE15M-26OCT042215-15,0.9950,24.00,no
2026-10-05T02:12:16.147602Z,KXDOGE15M-26OCT042215-15,0.9950,0.03,no
2026-10-05T02:12:16.147602Z,KXDOGE15M-26OCT042215-15,0.9930,29.38,no
2026-10-05T02:12:16.147602Z,KXDOGE15M-26OCT042215-15,0.9940,76.00,no
2026-10-05T02:12:16.147602Z,KXDOGE15M-26OCT042215-15,0.9940,0.04,no
2026-10-05T02:12:21.861829Z,KXDOGE15M-26OCT042215-15,0.9970,5.00,yes
2026-10-05T02:12:21.861829Z,KXDOGE15M-26OCT042215-15,0.9970,46.00,yes
2026-10-05T02:12:28.260729Z,KXDOGE15M-26OCT042215-15,0.9970,2.00,yes
2026-10-05T02:12:29.503187Z,KXDOGE15M-26OCT042215-15,0.9970,44.40,yes
2026-10-05T02:12:31.073385Z,KXDOGE15M-26OCT042215-15,0.9960,10.00,no
2026-10-05T02:12:31.073385Z,KXDOGE15M-26OCT042215-15,0.9960,5.00,no
2026-10-05T02:12:31.110399Z,KXDOGE15M-26OCT042215-15,0.9940,0.03,no
2026-10-05T02:12:31.110399Z,KXDOGE15M-26OCT042215-15,0.9930,0.03,no
2026-10-05T02:12:31.110399Z,KXDOGE15M-26OCT042215-15,0.9950,40.00,no
2026-10-05T02:12:31.110399Z,KXDOGE15M-26OCT042215-15,0.9950,16.00,no
2026-10-05T02:12:31.110399Z,KXDOGE15M-26OCT042215-15,0.9950,34.00,no
2026-10-05T02:12:31.110399Z,KXDOGE15M-26OCT042215-15,0.9950,40.00,no
2026-10-05T02:12:31.110399Z,KXDOGE15M-26OCT042215-15,0.9940,0.03,no
2026-10-05T02:12:31.110399Z,KXDOGE15M-26OCT042215-15,0.9940,44.40,no
2026-10-05T02:12:31.110399Z,KXDOGE15M-26OCT042215-15,0.9940,2.00,no
2026-10-05T02:12:31.110399Z,KXDOGE15M-26OCT042215-15,0.9930,25.00,no
2026-10-05T02:12:31.110399Z,KXDOGE15M-26OCT042215-15,0.9940,46.00,no
2026-10-05T02:12:31.110399Z,KXDOGE15M-26OCT042215-15,0.9930,0.04,no
2026-10-05T02:12:31.110399Z,KXDOGE15M-26OCT042215-15,0.9920,112.00,no
2026-10-05T02:12:31.110399Z,KXDOGE15M-26OCT042215-15,0.9930,60.59,no
2026-10-05T02:12:31.110399Z,KXDOGE15M-26OCT042215-15,0.9930,1.00,no
2026-10-05T02:12:31.110399Z,KXDOGE15M-26OCT042215-15,0.9920,1.00,no
2026-10-05T02:12:31.110399Z,KXDOGE15M-26OCT042215-15,0.9930,77.00,no
2026-10-05T02:12:31.110399Z,KXDOGE15M-26OCT042215-15,0.9920,52.72,no
2026-10-05T02:12:31.110399Z,KXDOGE15M-26OCT042215-15,0.9930,68.00,no
2026-10-05T02:12:31.17067Z,KXDOGE15M-26OCT042215-15,0.9970,2.00,yes
2026-10-05T02:12:34.103715Z,KXDOGE15M-26OCT042215-15,0.9960,10.00,no
2026-10-05T02:12:34.103715Z,KXDOGE15M-26OCT042215-15,0.9960,0.03,no
2026-10-05T02:12:34.103715Z,KXDOGE15M-26OCT042215-15,0.9960,0.03,no
2026-10-05T02:12:35.534485Z,KXDOGE15M-26OCT042215-15,0.9950,40.00,no
2026-10-05T02:12:35.534485Z,KXDOGE15M-26OCT042215-15,0.9950,40.00,no
2026-10-05T02:12:35.534485Z,KXDOGE15M-26OCT042215-15,0.9930,0.05,no
2026-10-05T02:12:35.534485Z,KXDOGE15M-26OCT042215-15,0.9930,15.75,no
2026-10-05T02:12:35.534485Z,KXDOGE15M-26OCT042215-15,0.9940,0.05,no
2026-10-05T02:12:35.534485Z,KXDOGE15M-26OCT042215-15,0.9950,40.00,no
2026-10-05T02:12:35.534485Z,KXDOGE15M-26OCT042215-15,0.9950,0.03,no
2026-10-05T02:12:35.534485Z,KXDOGE15M-26OCT042215-15,0.9950,2.00,no
2026-10-05T02:12:35.534485Z,KXDOGE15M-26OCT042215-15,0.9950,40.00,no
2026-10-05T02:12:35.534485Z,KXDOGE15M-26OCT042215-15,0.9960,0.04,no
2026-10-05T02:12:38.480205Z,KXDOGE15M-26OCT042215-15,0.9920,4.27,no
2026-10-05T02:12:38.480205Z,KXDOGE15M-26OCT042215-15,0.9930,0.04,no
2026-10-05T02:12:43.407519Z,KXDOGE15M-26OCT042215-15,0.9970,31.07,yes
2026-10-05T02:12:44.383588Z,KXDOGE15M-26OCT042215-15,0.9920,20.01,no
2026-10-05T02:12:44.383588Z,KXDOGE15M-26OCT042215-15,0.9910,80.00,no
2026-10-05T02:12:44.383588Z,KXDOGE15M-26OCT042215-15,0.9910,2.00,no
2026-10-05T02:12:44.383588Z,KXDOGE15M-26OCT042215-15,0.9910,112.00,no
2026-10-05T02:12:44.383588Z,KXDOGE15M-26OCT042215-15,0.9910,0.06,no
2026-10-05T02:12:44.383588Z,KXDOGE15M-26OCT042215-15,0.9920,0.05,no
2026-10-05T02:12:44.383588Z,KXDOGE15M-26OCT042215-15,0.9920,25.00,no
2026-10-05T02:12:44.383588Z,KXDOGE15M-26OCT042215-15,0.9910,25.00,no
2026-10-05T02:12:44.383588Z,KXDOGE15M-26OCT042215-15,0.9920,0.03,no
2026-10-05T02:12:44.383588Z,KXDOGE15M-26OCT042215-15,0.9930,10.00,no
2026-10-05T02:12:44.383588Z,KXDOGE15M-26OCT042215-15,0.9910,0.03,no
2026-10-05T02:12:44.383588Z,KXDOGE15M-26OCT042215-15,0.9930,31.07,no
2026-10-05T02:12:44.383588Z,KXDOGE15M-26OCT042215-15,0.9930,0.04,no
2026-10-05T02:12:44.383588Z,KXDOGE15M-26OCT042215-15,0.9930,0.03,no
2026-10-05T02:12:44.383588Z,KXDOGE15M-26OCT042215-15,0.9900,1.00,no
2026-10-05T02:12:44.383588Z,KXDOGE15M-26OCT042215-15,0.9900,1.57,no
2026-10-05T02:12:44.383588Z,KXDOGE15M-26OCT042215-15,0.9900,15.19,no
2026-10-05T02:12:44.975808Z,KXDOGE15M-26OCT042215-15,0.9900,5.54,no
2026-10-05T02:12:44.975808Z,KXDOGE15M-26OCT042215-15,0.9900,3.81,no
2026-10-05T02:12:45.554231Z,KXDOGE15M-26OCT042215-15,0.9900,112.00,no
2026-10-05T02:12:45.554231Z,KXDOGE15M-26OCT042215-15,0.9900,7.87,no
2026-10-05T02:12:45.554231Z,KXDOGE15M-26OCT042215-15,0.9900,1.00,no
2026-10-05T02:12:45.554231Z,KXDOGE15M-26OCT042215-15,0.9900,30.00,no
2026-10-05T02:12:45.554231Z,KXDOGE15M-26OCT042215-15,0.9900,10.00,no
2026-10-05T02:12:45.554231Z,KXDOGE15M-26OCT042215-15,0.9900,5.46,no
2026-10-05T02:12:47.031573Z,KXDOGE15M-26OCT042215-15,0.9900,33.00,no
2026-10-05T02:12:47.616478Z,KXDOGE15M-26OCT042215-15,0.9950,5.00,yes
2026-10-05T02:12:48.2412Z,KXDOGE15M-26OCT042215-15,0.9950,0.03,yes
2026-10-05T02:12:49.470176Z,KXDOGE15M-26OCT042215-15,0.9960,2.40,yes
2026-10-05T02:12:49.509854Z,KXDOGE15M-26OCT042215-15,0.9970,6.97,yes
2026-10-05T02:12:49.509854Z,KXDOGE15M-26OCT042215-15,0.9960,2.40,yes
2026-10-05T02:12:49.509854Z,KXDOGE15M-26OCT042215-15,0.9960,0.03,yes
2026-10-05T02:12:49.509854Z,KXDOGE15M-26OCT042215-15,0.9960,22.60,yes
2026-10-05T02:12:50.845856Z,KXDOGE15M-26OCT042215-15,0.9900,47.32,no
2026-10-05T02:12:50.845856Z,KXDOGE15M-26OCT042215-15,0.9900,3.00,no
2026-10-05T02:12:50.845856Z,KXDOGE15M-26OCT042215-15,0.9900,0.06,no
2026-10-05T02:12:50.845856Z,KXDOGE15M-26OCT042215-15,0.9900,39.13,no
2026-10-05T02:12:50.845856Z,KXDOGE15M-26OCT042215-15,0.9900,3.00,no
2026-10-05T02:12:50.845856Z,KXDOGE15M-26OCT042215-15,0.9900,1.00,no
2026-10-05T02:13:02.494618Z,KXDOGE15M-26OCT042215-15,0.9970,5.00,yes
2026-10-05T02:13:02.797773Z,KXDOGE15M-26OCT042215-15,0.9900,46.75,no
2026-10-05T02:13:03.633756Z,KXDOGE15M-26OCT042215-15,0.9970,1.00,yes
2026-10-05T02:13:04.057512Z,KXDOGE15M-26OCT042215-15,0.9970,1.00,yes
2026-10-05T02:13:11.180532Z,KXDOGE15M-26OCT042215-15,0.9920,6.97,no
2026-10-05T02:13:11.180532Z,KXDOGE15M-26OCT042215-15,0.9900,87.00,no
2026-10-05T02:13:14.832662Z,KXDOGE15M-26OCT042215-15,0.9970,18.00,yes
2026-10-05T02:13:14.832662Z,KXDOGE15M-26OCT042215-15,0.9970,2.00,yes
2026-10-05T02:13:14.832662Z,KXDOGE15M-26OCT042215-15,0.9970,2.00,yes
2026-10-05T02:13:14.832662Z,KXDOGE15M-26OCT042215-15,0.9970,2.00,yes
2026-10-05T02:13:14.832662Z,KXDOGE15M-26OCT042215-15,0.9970,2.00,yes
2026-10-05T02:13:14.832662Z,KXDOGE15M-26OCT042215-15,0.9970,2.00,yes
2026-10-05T02:13:14.832662Z,KXDOGE15M-26OCT042215-15,0.9970,110.56,yes
2026-10-05T02:13:14.832662Z,KXDOGE15M-26OCT042215-15,0.9970,30.00,yes
2026-10-05T02:13:14.832662Z,KXDOGE15M-26OCT042215-15,0.9970,0.03,yes
2026-10-05T02:13:14.832662Z,KXDOGE15M-26OCT042215-15,0.9970,8.00,yes
2026-10-05T02:13:15.068799Z,KXDOGE15M-26OCT042215-15,0.9970,42.65,no
2026-10-05T02:13:15.114729Z,KXDOGE15M-26OCT042215-15,0.9980,9.35,yes
2026-10-05T02:13:16.002853Z,KXDOGE15M-26OCT042215-15,0.9980,2.00,yes
2026-10-05T02:13:16.671528Z,KXDOGE15M-26OCT042215-15,0.9970,84.03,no
2026-10-05T02:13:16.671528Z,KXDOGE15M-26OCT042215-15,0.9970,71.76,no
2026-10-05T02:13:22.738489Z,KXDOGE15M-26OCT042215-15,0.9970,1.00,no
2026-10-05T02:13:22.738489Z,KXDOGE15M-26OCT042215-15,0.9970,1.00,no
2026-10-05T02:13:22.738489Z,KXDOGE15M-26OCT042215-15,0.9950,5.00,no
2026-10-05T02:13:22.738489Z,KXDOGE15M-26OCT042215-15,0.9970,26.53,no
2026-10-05T02:13:22.738489Z,KXDOGE15M-26OCT042215-15,0.9970,0.03,no
2026-10-05T02:13:22.738489Z,KXDOGE15M-26OCT042215-15,0.9950,3.72,no
2026-10-05T02:13:22.738489Z,KXDOGE15M-26OCT042215-15,0.9970,5.00,no
2026-10-05T02:13:26.973886Z,KXDOGE15M-26OCT042215-15,0.9950,0.03,no
2026-10-05T02:13:26.973886Z,KXDOGE15M-26OCT042215-15,0.9950,26.28,no
2026-10-05T02:13:26.973886Z,KXDOGE15M-26OCT042215-15,0.9930,6.68,no
2026-10-05T02:13:30.883499Z,KXDOGE15M-26OCT042215-15,0.9980,308.35,yes
2026-10-05T02:13:30.883499Z,KXDOGE15M-26OCT042215-15,0.9980,2000.00,yes
2026-10-05T02:13:30.883499Z,KXDOGE15M-26OCT042215-15,0.9980,388.65,yes
2026-10-05T02:13:30.883499Z,KXDOGE15M-26OCT042215-15,0.9980,100.00,yes
2026-10-05T02:13:30.883499Z,KXDOGE15M-26OCT042215-15,0.9980,5.00,yes
2026-10-05T02:13:31.036892Z,KXDOGE15M-26OCT042215-15,0.9980,3.00,yes
2026-10-05T02:13:31.036892Z,KXDOGE15M-26OCT042215-15,0.9980,3.00,yes
2026-10-05T02:13:31.036892Z,KXDOGE15M-26OCT042215-15,0.9980,3.00,yes
2026-10-05T02:13:31.036892Z,KXDOGE15M-26OCT042215-15,0.9980,3.00,yes
2026-10-05T02:13:31.036892Z,KXDOGE15M-26OCT042215-15,0.9980,26.00,yes
2026-10-05T02:13:31.036892Z,KXDOGE15M-26OCT042215-15,0.9980,3.00,yes
2026-10-05T02:13:31.036892Z,KXDOGE15M-26OCT042215-15,0.9990,500.00,yes
2026-10-05T02:13:31.036892Z,KXDOGE15M-26OCT042215-15,0.9990,427.35,yes
2026-10-05T02:13:31.036892Z,KXDOGE15M-26OCT042215-15,0.9980,191.65,yes
2026-10-05T02:13:31.036892Z,KXDOGE15M-26OCT042215-15,0.9980,83.00,yes
2026-10-05T02:13:31.036892Z,KXDOGE15M-26OCT042215-15,0.9980,74.00,yes
2026-10-05T02:13:31.036892Z,KXDOGE15M-26OCT042215-15,0.9980,74.00,yes
2026-10-05T02:13:31.036892Z,KXDOGE15M-26OCT042215-15,0.9980,10.00,yes
2026-10-05T02:13:31.036892Z,KXDOGE15M-26OCT042215-15,0.9980,1.00,yes
2026-10-05T02:13:31.303324Z,KXDOGE15M-26OCT042215-15,0.9990,1.00,yes
2026-10-05T02:13:31.303324Z,KXDOGE15M-26OCT042215-15,0.9990,5.00,yes
2026-10-05T02:13:31.303324Z,KXDOGE15M-26OCT042215-15,0.9990,1.00,yes
2026-10-05T02:13:31.303324Z,KXDOGE15M-26OCT042215-15,0.9990,1.00,yes
2026-10-05T02:13:31.303324Z,KXDOGE15M-26OCT042215-15,0.9990,83.00,yes
2026-10-05T02:13:31.303324Z,KXDOGE15M-26OCT042215-15,0.9990,26.00,yes
2026-10-05T02:13:31.303324Z,KXDOGE15M-26OCT042215-15,0.9990,3.00,yes
2026-10-05T02:13:32.094042Z,KXDOGE15M-26OCT042215-15,0.9980,33.86,no
2026-10-05T02:13:35.277989Z,KXDOGE15M-26OCT042215-15,0.9980,81.00,no
2026-10-05T02:13:37.697742Z,KXDOGE15M-26OCT042215-15,0.9990,1.00,yes
2026-10-05T02:13:42.073278Z,KXDOGE15M-26OCT042215-15,0.9980,2.99,no
2026-10-05T02:13:42.601335Z,KXDOGE15M-26OCT042215-15,0.9980,100.00,no
2026-10-05T02:13:42.601335Z,KXDOGE15M-26OCT042215-15,0.9980,309.50,no
2026-10-05T02:13:42.601335Z,KXDOGE15M-26OCT042215-15,0.9980,57.86,no
2026-10-05T02:13:45.340688Z,KXDOGE15M-26OCT042215-15,0.9980,28.04,no
2026-10-05T02:13:50.856585Z,KXDOGE15M-26OCT042215-15,0.9990,2.90,yes
2026-10-05T02:13:52.598768Z,KXDOGE15M-26OCT042215-15,0.9990,36.00,yes
2026-10-05T02:13:52.598768Z,KXDOGE15M-26OCT042215-15,0.9990,6.10,yes
2026-10-05T02:13:53.105632Z,KXDOGE15M-26OCT042215-15,0.9990,33.87,no
2026-10-05T02:14:08.367997Z,KXDOGE15M-26OCT042215-15,0.9990,386.76,no
2026-10-05T02:14:08.367997Z,KXDOGE15M-26OCT042215-15,0.9990,191.65,no
2026-10-05T02:14:08.367997Z,KXDOGE15M-26OCT042215-15,0.9990,274.48,no
2026-10-05T02:14:08.367997Z,KXDOGE15M-26OCT042215-15,0.9990,63.10,no
2026-10-05T02:14:10.25914Z,KXDOGE15M-26OCT042215-15,0.9990,1.00,no
2026-10-05T02:14:25.448785Z,KXDOGE15M-26OCT042215-15,0.9990,750.00,no
2026-10-05T02:14:25.448785Z,KXDOGE15M-26OCT042215-15,0.9990,5.00,no
2026-10-05T02:14:25.448785Z,KXDOGE15M-26OCT042215-15,0.9990,160.99,no
2026-10-05T02:14:30.155432Z,KXDOGE15M-26OCT042215-15,0.9990,7.56,no
2026-10-05T02:14:37.28935Z,KXDOGE15M-26OCT042215-15,0.9990,19.03,no
2026-10-05T02:14:37.900726Z,KXDOGE15M-26OCT042215-15,0.9990,12.42,no
2026-10-05T02:14:37.900726Z,KXDOGE15M-26OCT042215-15,0.9990,903.57,no
2026-10-05T02:14:46.367976Z,KXDOGE15M-26OCT042215-15,0.9990,46.18,no
2026-10-05T02:14:48.028299Z,KXDOGE15M-26OCT042215-15,0.9990,2.17,no
2026-10-05T02:14:48.936638Z,KXDOGE15M-26OCT042215-15,0.9990,91.62,no
2026-10-05T02:10:42.056452Z,KXXRP15M-26OCT042215-15,0.9870,8.00,yes
2026-10-05T02:10:42.243701Z,KXXRP15M-26OCT042215-15,0.9880,6.00,yes
2026-10-05T02:10:42.243701Z,KXXRP15M-26OCT042215-15,0.9880,0.10,yes
2026-10-05T02:10:42.383032Z,KXXRP15M-26OCT042215-15,0.9900,75.00,yes
2026-10-05T02:10:42.383032Z,KXXRP15M-26OCT042215-15,0.9910,27.71,yes
2026-10-05T02:10:42.383032Z,KXXRP15M-26OCT042215-15,0.9890,6.00,yes
2026-10-05T02:10:42.383032Z,KXXRP15M-26OCT042215-15,0.9890,8.00,yes
2026-10-05T02:10:42.824691Z,KXXRP15M-26OCT042215-15,0.9890,2.48,yes
2026-10-05T02:10:44.803539Z,KXXRP15M-26OCT042215-15,0.9870,28.00,yes
2026-10-05T02:10:45.70932Z,KXXRP15M-26OCT042215-15,0.9900,75.00,yes
2026-10-05T02:10:45.70932Z,KXXRP15M-26OCT042215-15,0.9890,6.00,yes
2026-10-05T02:10:45.808802Z,KXXRP15M-26OCT042215-15,0.9910,12.00,yes
2026-10-05T02:10:45.815819Z,KXXRP15M-26OCT042215-15,0.9910,8.00,yes
2026-10-05T02:10:45.82441Z,KXXRP15M-26OCT042215-15,0.9910,4.00,yes
2026-10-05T02:10:45.911192Z,KXXRP15M-26OCT042215-15,0.9910,28.00,yes
2026-10-05T02:10:45.91893Z,KXXRP15M-26OCT042215-15,0.9910,8.00,yes
2026-10-05T02:10:45.927242Z,KXXRP15M-26OCT042215-15,0.9910,4.00,yes
2026-10-05T02:10:46.321931Z,KXXRP15M-26OCT042215-15,0.9890,13.00,no
2026-10-05T02:10:46.329289Z,KXXRP15M-26OCT042215-15,0.9890,3.00,no
2026-10-05T02:10:46.424866Z,KXXRP15M-26OCT042215-15,0.9890,16.00,no
2026-10-05T02:10:46.431783Z,KXXRP15M-26OCT042215-15,0.9890,3.00,no
2026-10-05T02:10:46.524484Z,KXXRP15M-26OCT042215-15,0.9890,13.00,no
2026-10-05T02:10:46.53229Z,KXXRP15M-26OCT042215-15,0.9890,1.00,no
2026-10-05T02:10:46.652029Z,KXXRP15M-26OCT042215-15,0.9890,11.00,no
2026-10-05T02:10:46.66196Z,KXXRP15M-26OCT042215-15,0.9890,3.00,no
2026-10-05T02:10:46.820229Z,KXXRP15M-26OCT042215-15,0.9870,7.00,no
2026-10-05T02:10:46.820229Z,KXXRP15M-26OCT042215-15,0.9890,12.00,no
2026-10-05T02:10:47.035721Z,KXXRP15M-26OCT042215-15,0.9870,20.00,yes
2026-10-05T02:10:47.436226Z,KXXRP15M-26OCT042215-15,0.9870,5.00,no
2026-10-05T02:10:47.436226Z,KXXRP15M-26OCT042215-15,0.9860,5.00,no
2026-10-05T02:10:47.436226Z,KXXRP15M-26OCT042215-15,0.9850,47.00,no
2026-10-05T02:10:47.590349Z,KXXRP15M-26OCT042215-15,0.9800,51.84,no
2026-10-05T02:10:47.590349Z,KXXRP15M-26OCT042215-15,0.9870,5.00,no
2026-10-05T02:10:47.590349Z,KXXRP15M-26OCT042215-15,0.9860,59.00,no
2026-10-05T02:10:47.590349Z,KXXRP15M-26OCT042215-15,0.9880,5.00,no
2026-10-05T02:10:47.590349Z,KXXRP15M-26OCT042215-15,0.9790,40.00,no
2026-10-05T02:10:47.590349Z,KXXRP15M-26OCT042215-15,0.9790,40.00,no
2026-10-05T02:10:47.590349Z,KXXRP15M-26OCT042215-15,0.9790,30.22,no
2026-10-05T02:10:47.590349Z,KXXRP15M-26OCT042215-15,0.9790,35.00,no
2026-10-05T02:10:47.590349Z,KXXRP15M-26OCT042215-15,0.9790,40.00,no
2026-10-05T02:10:47.590349Z,KXXRP15M-26OCT042215-15,0.9790,30.00,no
2026-10-05T02:10:47.590349Z,KXXRP15M-26OCT042215-15,0.9790,12.00,no
2026-10-05T02:10:47.590349Z,KXXRP15M-26OCT042215-15,0.9790,55.00,no
2026-10-05T02:10:47.590349Z,KXXRP15M-26OCT042215-15,0.9790,55.00,no
2026-10-05T02:10:47.590349Z,KXXRP15M-26OCT042215-15,0.9850,28.00,no
2026-10-05T02:10:47.590349Z,KXXRP15M-26OCT042215-15,0.9810,40.00,no
2026-10-05T02:10:47.590349Z,KXXRP15M-26OCT042215-15,0.9800,7.50,no
2026-10-05T02:10:47.590349Z,KXXRP15M-26OCT042215-15,0.9820,12.00,no
2026-10-05T02:10:49.070625Z,KXXRP15M-26OCT042215-15,0.9890,40.00,yes
2026-10-05T02:10:49.070625Z,KXXRP15M-26OCT042215-15,0.9910,38.39,yes
2026-10-05T02:10:49.070625Z,KXXRP15M-26OCT042215-15,0.9880,29.00,yes
2026-10-05T02:10:49.070625Z,KXXRP15M-26OCT042215-15,0.9880,6.00,yes
2026-10-05T02:10:49.629682Z,KXXRP15M-26OCT042215-15,0.9880,16.00,yes
2026-10-05T02:10:49.629682Z,KXXRP15M-26OCT042215-15,0.9880,5.42,yes
2026-10-05T02:10:51.463304Z,KXXRP15M-26OCT042215-15,0.9880,6.00,yes
2026-10-05T02:10:51.463304Z,KXXRP15M-26OCT042215-15,0.9880,4.00,yes
2026-10-05T02:10:52.53144Z,KXXRP15M-26OCT042215-15,0.9880,1.90,no
2026-10-05T02:10:53.240843Z,KXXRP15M-26OCT042215-15,0.9890,0.54,yes
2026-10-05T02:10:53.289855Z,KXXRP15M-26OCT042215-15,0.9880,7.10,no
2026-10-05T02:10:53.289855Z,KXXRP15M-26OCT042215-15,0.9800,10.00,no
2026-10-05T02:10:53.289855Z,KXXRP15M-26OCT042215-15,0.9800,1.69,no
2026-10-05T02:10:53.289855Z,KXXRP15M-26OCT042215-15,0.9830,5.00,no
2026-10-05T02:10:53.289855Z,KXXRP15M-26OCT042215-15,0.9870,19.00,no
2026-10-05T02:10:53.289855Z,KXXRP15M-26OCT042215-15,0.9870,14.00,no
2026-10-05T02:10:53.289855Z,KXXRP15M-26OCT042215-15,0.9840,5.00,no
2026-10-05T02:10:53.425118Z,KXXRP15M-26OCT042215-15,0.9870,19.00,yes
2026-10-05T02:10:53.856929Z,KXXRP15M-26OCT042215-15,0.9890,39.46,yes
2026-10-05T02:10:53.856929Z,KXXRP15M-26OCT042215-15,0.9900,6.00,yes
2026-10-05T02:10:53.899419Z,KXXRP15M-26OCT042215-15,0.9900,14.00,no
2026-10-05T02:10:53.908267Z,KXXRP15M-26OCT042215-15,0.9900,0.54,no
2026-10-05T02:10:54.629018Z,KXXRP15M-26OCT042215-15,0.9860,12.00,yes
2026-10-05T02:10:55.494001Z,KXXRP15M-26OCT042215-15,0.9890,26.61,yes
2026-10-05T02:10:56.040718Z,KXXRP15M-26OCT042215-15,0.9870,20.00,no
2026-10-05T02:10:56.950464Z,KXXRP15M-26OCT042215-15,0.9870,11.00,no
2026-10-05T02:10:56.950464Z,KXXRP15M-26OCT042215-15,0.9870,7.00,no
2026-10-05T02:10:56.950464Z,KXXRP15M-26OCT042215-15,0.9820,5.00,no
2026-10-05T02:10:56.950464Z,KXXRP15M-26OCT042215-15,0.9820,12.00,no
2026-10-05T02:10:56.950464Z,KXXRP15M-26OCT042215-15,0.9810,5.00,no
2026-10-05T02:10:56.950464Z,KXXRP15M-26OCT042215-15,0.9820,1.00,no
2026-10-05T02:10:56.950464Z,KXXRP15M-26OCT042215-15,0.9810,12.13,no
2026-10-05T02:10:59.276307Z,KXXRP15M-26OCT042215-15,0.9870,1.00,no
2026-10-05T02:10:59.276307Z,KXXRP15M-26OCT042215-15,0.9870,0.10,no
2026-10-05T02:10:59.276307Z,KXXRP15M-26OCT042215-15,0.9880,30.00,no
2026-10-05T02:11:00.093972Z,KXXRP15M-26OCT042215-15,0.9900,6.00,yes
2026-10-05T02:11:00.093972Z,KXXRP15M-26OCT042215-15,0.9900,27.90,yes
2026-10-05T02:11:00.348691Z,KXXRP15M-26OCT042215-15,0.9880,19.00,yes
2026-10-05T02:11:00.348691Z,KXXRP15M-26OCT042215-15,0.9880,0.10,yes
2026-10-05T02:11:00.883346Z,KXXRP15M-26OCT042215-15,0.9880,14.39,no
2026-10-05T02:11:01.070578Z,KXXRP15M-26OCT042215-15,0.9900,5.00,yes
2026-10-05T02:11:01.525797Z,KXXRP15M-26OCT042215-15,0.9890,6.00,yes
2026-10-05T02:11:01.525797Z,KXXRP15M-26OCT042215-15,0.9890,6.00,yes
2026-10-05T02:11:01.525797Z,KXXRP15M-26OCT042215-15,0.9900,19.00,yes
2026-10-05T02:11:01.53874Z,KXXRP15M-26OCT042215-15,0.9900,6.00,yes
2026-10-05T02:11:01.53874Z,KXXRP15M-26OCT042215-15,0.9900,23.10,yes
2026-10-05T02:11:01.657691Z,KXXRP15M-26OCT042215-15,0.9900,3.00,yes
2026-10-05T02:11:01.667811Z,KXXRP15M-26OCT042215-15,0.9890,12.00,yes
2026-10-05T02:11:01.833549Z,KXXRP15M-26OCT042215-15,0.9890,4.25,yes
2026-10-05T02:11:03.461148Z,KXXRP15M-26OCT042215-15,0.9880,1.49,no
2026-10-05T02:11:03.461148Z,KXXRP15M-26OCT042215-15,0.9880,5.00,no
2026-10-05T02:11:03.461148Z,KXXRP15M-26OCT042215-15,0.9900,48.00,no
2026-10-05T02:11:03.461148Z,KXXRP15M-26OCT042215-15,0.9900,13.00,no
2026-10-05T02:11:03.461148Z,KXXRP15M-26OCT042215-15,0.9900,10.00,no
2026-10-05T02:11:05.05844Z,KXXRP15M-26OCT042215-15,0.9900,6.00,yes
2026-10-05T02:11:05.05844Z,KXXRP15M-26OCT042215-15,0.9900,4.00,yes
2026-10-05T02:11:05.541129Z,KXXRP15M-26OCT042215-15,0.9890,5.00,no
2026-10-05T02:11:07.451078Z,KXXRP15M-26OCT042215-15,0.9800,7.50,no
2026-10-05T02:11:07.451078Z,KXXRP15M-26OCT042215-15,0.9800,10.00,no
2026-10-05T02:11:07.451078Z,KXXRP15M-26OCT042215-15,0.9880,17.51,no
2026-10-05T02:11:07.451078Z,KXXRP15M-26OCT042215-15,0.9880,23.10,no
2026-10-05T02:11:07.451078Z,KXXRP15M-26OCT042215-15,0.9870,27.90,no
2026-10-05T02:11:07.451078Z,KXXRP15M-26OCT042215-15,0.9890,19.00,no
2026-10-05T02:11:07.451078Z,KXXRP15M-26OCT042215-15,0.9850,7.50,no
2026-10-05T02:11:07.451078Z,KXXRP15M-26OCT042215-15,0.9840,5.00,no
2026-10-05T02:11:07.451078Z,KXXRP15M-26OCT042215-15,0.9890,6.00,no
2026-10-05T02:11:07.451078Z,KXXRP15M-26OCT042215-15,0.9800,347.97,no
2026-10-05T02:11:07.451078Z,KXXRP15M-26OCT042215-15,0.9850,5.00,no
2026-10-05T02:11:07.451078Z,KXXRP15M-26OCT042215-15,0.9870,40.00,no
2026-10-05T02:11:08.747201Z,KXXRP15M-26OCT042215-15,0.9870,66.82,no
2026-10-05T02:11:09.832708Z,KXXRP15M-26OCT042215-15,0.9880,0.10,yes
2026-10-05T02:11:09.832708Z,KXXRP15M-26OCT042215-15,0.9880,12.00,yes
2026-10-05T02:11:09.832708Z,KXXRP15M-26OCT042215-15,0.9880,6.00,yes
2026-10-05T02:11:09.832708Z,KXXRP15M-26OCT042215-15,0.9900,3.61,yes
2026-10-05T02:11:09.843077Z,KXXRP15M-26OCT042215-15,0.9900,31.00,no
2026-10-05T02:11:09.857366Z,KXXRP15M-26OCT042215-15,0.9900,8.00,no
2026-10-05T02:11:09.894712Z,KXXRP15M-26OCT042215-15,0.9900,4.00,no
2026-10-05T02:11:09.904131Z,KXXRP15M-26OCT042215-15,0.9900,1.00,no
2026-10-05T02:11:10.538109Z,KXXRP15M-26OCT042215-15,0.9900,1.00,no
2026-10-05T02:11:10.79723Z,KXXRP15M-26OCT042215-15,0.9910,50.42,yes
2026-10-05T02:11:10.837576Z,KXXRP15M-26OCT042215-15,0.9800,10.00,no
2026-10-05T02:11:10.837576Z,KXXRP15M-26OCT042215-15,0.9790,14.00,no
2026-10-05T02:11:10.837576Z,KXXRP15M-26OCT042215-15,0.9900,33.29,no
2026-10-05T02:11:10.837576Z,KXXRP15M-26OCT042215-15,0.9830,5.00,no
2026-10-05T02:11:10.837576Z,KXXRP15M-26OCT042215-15,0.9890,9.00,no
2026-10-05T02:11:10.837576Z,KXXRP15M-26OCT042215-15,0.9900,0.03,no
2026-10-05T02:11:10.837576Z,KXXRP15M-26OCT042215-15,0.9790,22.23,no
2026-10-05T02:11:10.837576Z,KXXRP15M-26OCT042215-15,0.9890,0.04,no
2026-10-05T02:11:10.837576Z,KXXRP15M-26OCT042215-15,0.9880,0.04,no
2026-10-05T02:11:10.837576Z,KXXRP15M-26OCT042215-15,0.9890,18.00,no
2026-10-05T02:11:10.837576Z,KXXRP15M-26OCT042215-15,0.9900,12.00,no
2026-10-05T02:11:10.837576Z,KXXRP15M-26OCT042215-15,0.9790,30.00,no
2026-10-05T02:11:10.837576Z,KXXRP15M-26OCT042215-15,0.9800,7.50,no
2026-10-05T02:11:10.837576Z,KXXRP15M-26OCT042215-15,0.9790,45.00,no
2026-10-05T02:11:10.837576Z,KXXRP15M-26OCT042215-15,0.9790,10.00,no
2026-10-05T02:11:10.837576Z,KXXRP15M-26OCT042215-15,0.9820,5.00,no
2026-10-05T02:11:10.837576Z,KXXRP15M-26OCT042215-15,0.9850,40.00,no
2026-10-05T02:11:11.046752Z,KXXRP15M-26OCT042215-15,0.9880,43.00,no
2026-10-05T02:11:11.046752Z,KXXRP15M-26OCT042215-15,0.9870,0.05,no
2026-10-05T02:11:12.755694Z,KXXRP15M-26OCT042215-15,0.9890,2.02,yes
2026-10-05T02:11:15.595956Z,KXXRP15M-26OCT042215-15,0.9870,0.03,no
2026-10-05T02:11:15.595956Z,KXXRP15M-26OCT042215-15,0.9820,2.89,no
2026-10-05T02:11:15.595956Z,KXXRP15M-26OCT042215-15,0.9840,0.04,no
2026-10-05T02:11:15.595956Z,KXXRP15M-26OCT042215-15,0.9850,0.03,no
2026-10-05T02:11:15.595956Z,KXXRP15M-26OCT042215-15,0.9860,0.03,no
2026-10-05T02:11:15.595956Z,KXXRP15M-26OCT042215-15,0.9830,5.00,no
2026-10-05T02:11:15.595956Z,KXXRP15M-26OCT042215-15,0.9890,0.03,no
2026-10-05T02:11:15.595956Z,KXXRP15M-26OCT042215-15,0.9880,16.00,no
2026-10-05T02:11:15.595956Z,KXXRP15M-26OCT042215-15,0.9820,5.00,no
2026-10-05T02:11:15.595956Z,KXXRP15M-26OCT042215-15,0.9890,17.00,no
2026-10-05T02:11:15.595956Z,KXXRP15M-26OCT042215-15,0.9880,13.00,no
2026-10-05T02:11:15.595956Z,KXXRP15M-26OCT042215-15,0.9860,10.00,no
2026-10-05T02:11:15.595956Z,KXXRP15M-26OCT042215-15,0.9880,0.03,no
2026-10-05T02:11:15.595956Z,KXXRP15M-26OCT042215-15,0.9830,0.05,no
2026-10-05T02:11:15.595956Z,KXXRP15M-26OCT042215-15,0.9820,0.06,no
2026-10-05T02:11:15.889015Z,KXXRP15M-26OCT042215-15,0.9870,113.00,no
2026-10-05T02:11:15.889015Z,KXXRP15M-26OCT042215-15,0.9840,4.21,no
2026-10-05T02:11:17.165759Z,KXXRP15M-26OCT042215-15,0.9860,13.00,yes
2026-10-05T02:11:17.165759Z,KXXRP15M-26OCT042215-15,0.9860,18.00,yes
2026-10-05T02:11:17.175665Z,KXXRP15M-26OCT042215-15,0.9890,23.36,yes
2026-10-05T02:11:17.681128Z,KXXRP15M-26OCT042215-15,0.9890,12.00,yes
2026-10-05T02:11:17.82887Z,KXXRP15M-26OCT042215-15,0.9900,6.00,yes
2026-10-05T02:11:18.34328Z,KXXRP15M-26OCT042215-15,0.9880,34.25,yes
2026-10-05T02:11:18.34328Z,KXXRP15M-26OCT042215-15,0.9870,0.10,yes
2026-10-05T02:11:18.34328Z,KXXRP15M-26OCT042215-15,0.9870,6.00,yes
2026-10-05T02:11:20.900781Z,KXXRP15M-26OCT042215-15,0.9890,10.00,yes
2026-10-05T02:11:21.716182Z,KXXRP15M-26OCT042215-15,0.9900,2.00,no
2026-10-05T02:11:22.042172Z,KXXRP15M-26OCT042215-15,0.9830,100.00,no
2026-10-05T02:11:22.042172Z,KXXRP15M-26OCT042215-15,0.9870,0.04,no
2026-10-05T02:11:22.042172Z,KXXRP15M-26OCT042215-15,0.9880,0.10,no
2026-10-05T02:11:22.042172Z,KXXRP15M-26OCT042215-15,0.9880,41.00,no
2026-10-05T02:11:22.042172Z,KXXRP15M-26OCT042215-15,0.9880,0.03,no
2026-10-05T02:11:22.042172Z,KXXRP15M-26OCT042215-15,0.9840,12.00,no
2026-10-05T02:11:22.042172Z,KXXRP15M-26OCT042215-15,0.9900,12.00,no
2026-10-05T02:11:22.042172Z,KXXRP15M-26OCT042215-15,0.9830,2.89,no
2026-10-05T02:11:22.042172Z,KXXRP15M-26OCT042215-15,0.9890,0.03,no
2026-10-05T02:11:22.042172Z,KXXRP15M-26OCT042215-15,0.9900,0.03,no
2026-10-05T02:11:22.042172Z,KXXRP15M-26OCT042215-15,0.9830,0.03,no
2026-10-05T02:11:22.042172Z,KXXRP15M-26OCT042215-15,0.9850,0.03,no
2026-10-05T02:11:22.042172Z,KXXRP15M-26OCT042215-15,0.9840,13.00,no
2026-10-05T02:11:22.042172Z,KXXRP15M-26OCT042215-15,0.9840,0.03,no
2026-10-05T02:11:22.042172Z,KXXRP15M-26OCT042215-15,0.9860,0.03,no
2026-10-05T02:11:22.585229Z,KXXRP15M-26OCT042215-15,0.9880,5.06,no
2026-10-05T02:11:24.071606Z,KXXRP15M-26OCT042215-15,0.9900,10.00,no
2026-10-05T02:11:24.071606Z,KXXRP15M-26OCT042215-15,0.9900,8.70,no
2026-10-05T02:11:25.075583Z,KXXRP15M-26OCT042215-15,0.9910,31.26,yes
2026-10-05T02:11:25.354378Z,KXXRP15M-26OCT042215-15,0.9900,34.17,no
2026-10-05T02:11:25.354378Z,KXXRP15M-26OCT042215-15,0.9900,0.04,no
2026-10-05T02:11:25.354378Z,KXXRP15M-26OCT042215-15,0.9900,50.00,no
2026-10-05T02:11:25.354378Z,KXXRP15M-26OCT042215-15,0.9900,9.30,no
2026-10-05T02:11:25.929507Z,KXXRP15M-26OCT042215-15,0.9910,24.00,yes
2026-10-05T02:11:25.936869Z,KXXRP15M-26OCT042215-15,0.9910,8.00,yes
2026-10-05T02:11:25.943593Z,KXXRP15M-26OCT042215-15,0.9910,4.00,yes
2026-10-05T02:11:25.953608Z,KXXRP15M-26OCT042215-15,0.9910,4.00,yes
2026-10-05T02:11:25.959659Z,KXXRP15M-26OCT042215-15,0.9910,4.00,yes
2026-10-05T02:11:29.224673Z,KXXRP15M-26OCT042215-15,0.9900,0.04,no
2026-10-05T02:11:29.224673Z,KXXRP15M-26OCT042215-15,0.9900,21.00,no
2026-10-05T02:11:29.224673Z,KXXRP15M-26OCT042215-15,0.9900,6.64,no
2026-10-05T02:11:29.224673Z,KXXRP15M-26OCT042215-15,0.9900,65.83,no
2026-10-05T02:11:30.321836Z,KXXRP15M-26OCT042215-15,0.9880,0.05,no
2026-10-05T02:11:30.321836Z,KXXRP15M-26OCT042215-15,0.9890,0.04,no
2026-10-05T02:11:30.750068Z,KXXRP15M-26OCT042215-15,0.9900,7.50,yes
2026-10-05T02:11:30.750068Z,KXXRP15M-26OCT042215-15,0.9880,23.00,yes
2026-10-05T02:11:30.750068Z,KXXRP15M-26OCT042215-15,0.9880,6.00,yes
2026-10-05T02:11:30.750068Z,KXXRP15M-26OCT042215-15,0.9880,57.00,yes
2026-10-05T02:11:30.750068Z,KXXRP15M-26OCT042215-15,0.9890,40.00,yes
2026-10-05T02:11:30.750068Z,KXXRP15M-26OCT042215-15,0.9920,160.28,yes
2026-10-05T02:11:30.750068Z,KXXRP15M-26OCT042215-15,0.9910,144.22,yes
2026-10-05T02:11:31.399522Z,KXXRP15M-26OCT042215-15,0.9890,6.78,yes
2026-10-05T02:11:32.12428Z,KXXRP15M-26OCT042215-15,0.9920,5.00,yes
2026-10-05T02:11:33.282135Z,KXXRP15M-26OCT042215-15,0.9900,1.09,no
2026-10-05T02:11:33.951021Z,KXXRP15M-26OCT042215-15,0.9900,93.51,no
2026-10-05T02:11:35.78707Z,KXXRP15M-26OCT042215-15,0.9900,5.02,no
2026-10-05T02:11:38.832429Z,KXXRP15M-26OCT042215-15,0.9860,0.04,no
2026-10-05T02:11:38.832429Z,KXXRP15M-26OCT042215-15,0.9870,0.04,no
2026-10-05T02:11:38.832429Z,KXXRP15M-26OCT042215-15,0.9850,0.04,no
2026-10-05T02:11:38.832429Z,KXXRP15M-26OCT042215-15,0.9860,40.00,no
2026-10-05T02:11:38.832429Z,KXXRP15M-26OCT042215-15,0.9860,13.00,no
2026-10-05T02:11:38.832429Z,KXXRP15M-26OCT042215-15,0.9890,0.03,no
2026-10-05T02:11:38.832429Z,KXXRP15M-26OCT042215-15,0.9900,19.38,no
2026-10-05T02:11:38.832429Z,KXXRP15M-26OCT042215-15,0.9850,4.00,no
2026-10-05T02:11:38.832429Z,KXXRP15M-26OCT042215-15,0.9870,4.00,no
2026-10-05T02:11:38.832429Z,KXXRP15M-26OCT042215-15,0.9860,4.00,no
2026-10-05T02:11:38.832429Z,KXXRP15M-26OCT042215-15,0.9900,0.04,no
2026-10-05T02:11:38.832429Z,KXXRP15M-26OCT042215-15,0.9900,100.00,no
2026-10-05T02:11:38.832429Z,KXXRP15M-26OCT042215-15,0.9860,5.00,no
2026-10-05T02:11:38.832429Z,KXXRP15M-26OCT042215-15,0.9910,0.04,no
2026-10-05T02:11:38.832429Z,KXXRP15M-26OCT042215-15,0.9850,10.53,no
2026-10-05T02:11:38.832429Z,KXXRP15M-26OCT042215-15,0.9900,37.00,no
2026-10-05T02:11:38.832429Z,KXXRP15M-26OCT042215-15,0.9880,0.03,no
2026-10-05T02:11:38.832429Z,KXXRP15M-26OCT042215-15,0.9850,5.00,no
2026-10-05T02:11:38.919534Z,KXXRP15M-26OCT042215-15,0.9860,11.00,no
2026-10-05T02:11:38.952174Z,KXXRP15M-26OCT042215-15,0.9900,17.00,yes
2026-10-05T02:11:39.276941Z,KXXRP15M-26OCT042215-15,0.9900,11.00,yes
2026-10-05T02:11:39.276941Z,KXXRP15M-26OCT042215-15,0.9900,16.00,yes
2026-10-05T02:11:42.220993Z,KXXRP15M-26OCT042215-15,0.9920,5.00,yes
2026-10-05T02:11:42.799161Z,KXXRP15M-26OCT042215-15,0.9920,3.59,yes
2026-10-05T02:11:43.355449Z,KXXRP15M-26OCT042215-15,0.9920,7.00,yes
2026-10-05T02:11:43.355449Z,KXXRP15M-26OCT042215-15,0.9920,31.41,yes
2026-10-05T02:11:43.355449Z,KXXRP15M-26OCT042215-15,0.9930,0.95,yes
2026-10-05T02:11:43.355449Z,KXXRP15M-26OCT042215-15,0.9930,10.00,yes
2026-10-05T02:11:44.233102Z,KXXRP15M-26OCT042215-15,0.9930,1.03,yes
2026-10-05T02:11:44.246945Z,KXXRP15M-26OCT042215-15,0.9930,7.00,yes
2026-10-05T02:11:44.246945Z,KXXRP15M-26OCT042215-15,0.9930,426.02,yes
2026-10-05T02:11:44.246945Z,KXXRP15M-26OCT042215-15,0.9940,70.18,yes
2026-10-05T02:11:44.343167Z,KXXRP15M-26OCT042215-15,0.9920,2.00,no
2026-10-05T02:11:44.418692Z,KXXRP15M-26OCT042215-15,0.9850,5.00,no
2026-10-05T02:11:44.418692Z,KXXRP15M-26OCT042215-15,0.9920,22.00,no
2026-10-05T02:11:44.418692Z,KXXRP15M-26OCT042215-15,0.9840,5.00,no
2026-10-05T02:11:44.418692Z,KXXRP15M-26OCT042215-15,0.9850,40.00,no
2026-10-05T02:11:44.418692Z,KXXRP15M-26OCT042215-15,0.9850,13.00,no
2026-10-05T02:11:44.418692Z,KXXRP15M-26OCT042215-15,0.9860,0.04,no
2026-10-05T02:11:44.418692Z,KXXRP15M-26OCT042215-15,0.9850,0.04,no
2026-10-05T02:11:44.418692Z,KXXRP15M-26OCT042215-15,0.9870,1.00,no
2026-10-05T02:11:44.418692Z,KXXRP15M-26OCT042215-15,0.9840,5.00,no
2026-10-05T02:11:44.418692Z,KXXRP15M-26OCT042215-15,0.9870,1.00,no
2026-10-05T02:11:44.418692Z,KXXRP15M-26OCT042215-15,0.9880,1.00,no
2026-10-05T02:11:44.418692Z,KXXRP15M-26OCT042215-15,0.9850,30.00,no
2026-10-05T02:11:44.418692Z,KXXRP15M-26OCT042215-15,0.9840,25.95,no
2026-10-05T02:11:44.418692Z,KXXRP15M-26OCT042215-15,0.9850,7.50,no
2026-10-05T02:11:44.418692Z,KXXRP15M-26OCT042215-15,0.9840,0.05,no
2026-10-05T02:11:47.074171Z,KXXRP15M-26OCT042215-15,0.9910,67.83,no
2026-10-05T02:11:47.074171Z,KXXRP15M-26OCT042215-15,0.9910,15.00,no
2026-10-05T02:11:47.074171Z,KXXRP15M-26OCT042215-15,0.9910,1.00,no
2026-10-05T02:11:47.074171Z,KXXRP15M-26OCT042215-15,0.9910,18.00,no
2026-10-05T02:11:47.249174Z,KXXRP15M-26OCT042215-15,0.9910,91.17,no
2026-10-05T02:11:47.249174Z,KXXRP15M-26OCT042215-15,0.9910,10.66,no
2026-10-05T02:11:47.785269Z,KXXRP15M-26OCT042215-15,0.9920,6.00,yes
2026-10-05T02:11:47.785269Z,KXXRP15M-26OCT042215-15,0.9920,11.00,yes
2026-10-05T02:11:49.406254Z,KXXRP15M-26OCT042215-15,0.9900,160.00,no
2026-10-05T02:11:49.406254Z,KXXRP15M-26OCT042215-15,0.9920,33.00,no
2026-10-05T02:11:49.406254Z,KXXRP15M-26OCT042215-15,0.9910,17.00,no
2026-10-05T02:11:49.406254Z,KXXRP15M-26OCT042215-15,0.9900,32.00,no
2026-10-05T02:11:51.333732Z,KXXRP15M-26OCT042215-15,0.9900,9.00,no
2026-10-05T02:11:51.341345Z,KXXRP15M-26OCT042215-15,0.9900,13.00,no
2026-10-05T02:11:51.350792Z,KXXRP15M-26OCT042215-15,0.9900,5.00,no
2026-10-05T02:11:51.356153Z,KXXRP15M-26OCT042215-15,0.9900,3.00,no
2026-10-05T02:11:51.36476Z,KXXRP15M-26OCT042215-15,0.9900,1.00,no
2026-10-05T02:11:51.434101Z,KXXRP15M-26OCT042215-15,0.9900,6.00,no
2026-10-05T02:11:51.44271Z,KXXRP15M-26OCT042215-15,0.9900,3.00,no
2026-10-05T02:11:51.449759Z,KXXRP15M-26OCT042215-15,0.9900,1.00,no
2026-10-05T02:11:51.457441Z,KXXRP15M-26OCT042215-15,0.9900,1.00,no
2026-10-05T02:11:52.430279Z,KXXRP15M-26OCT042215-15,0.9910,5.00,yes
2026-10-05T02:11:52.700893Z,KXXRP15M-26OCT042215-15,0.9900,3.00,no
2026-10-05T02:11:52.708131Z,KXXRP15M-26OCT042215-15,0.9900,1.00,no
2026-10-05T02:11:52.717046Z,KXXRP15M-26OCT042215-15,0.9900,1.00,no
2026-10-05T02:11:52.940335Z,KXXRP15M-26OCT042215-15,0.9950,40.00,yes
2026-10-05T02:11:52.940335Z,KXXRP15M-26OCT042215-15,0.9950,11.00,yes
2026-10-05T02:11:52.940335Z,KXXRP15M-26OCT042215-15,0.9950,302.78,yes
2026-10-05T02:11:52.940335Z,KXXRP15M-26OCT042215-15,0.9940,6.00,yes
2026-10-05T02:11:52.940335Z,KXXRP15M-26OCT042215-15,0.9920,40.00,yes
2026-10-05T02:11:52.940335Z,KXXRP15M-26OCT042215-15,0.9940,5.00,yes
2026-10-05T02:11:52.940335Z,KXXRP15M-26OCT042215-15,0.9910,60.00,yes
2026-10-05T02:11:52.940335Z,KXXRP15M-26OCT042215-15,0.9910,33.00,yes
2026-10-05T02:11:52.940335Z,KXXRP15M-26OCT042215-15,0.9950,5.00,yes
2026-10-05T02:11:53.413548Z,KXXRP15M-26OCT042215-15,0.9910,3.04,no
2026-10-05T02:11:53.545941Z,KXXRP15M-26OCT042215-15,0.9910,36.96,no
2026-10-05T02:11:53.545941Z,KXXRP15M-26OCT042215-15,0.9900,9.79,no
2026-10-05T02:11:53.745652Z,KXXRP15M-26OCT042215-15,0.9900,10.00,no
2026-10-05T02:11:55.135518Z,KXXRP15M-26OCT042215-15,0.9920,16.00,yes
2026-10-05T02:11:55.135518Z,KXXRP15M-26OCT042215-15,0.9920,40.00,yes
2026-10-05T02:11:55.139253Z,KXXRP15M-26OCT042215-15,0.9920,34.00,yes
2026-10-05T02:11:56.829629Z,KXXRP15M-26OCT042215-15,0.9880,10.00,no
2026-10-05T02:11:56.829629Z,KXXRP15M-26OCT042215-15,0.9880,40.00,no
2026-10-05T02:11:56.829629Z,KXXRP15M-26OCT042215-15,0.9900,1.21,no
2026-10-05T02:11:56.829629Z,KXXRP15M-26OCT042215-15,0.9900,17.00,no
2026-10-05T02:11:56.829629Z,KXXRP15M-26OCT042215-15,0.9870,2.80,no
2026-10-05T02:11:56.829629Z,KXXRP15M-26OCT042215-15,0.9880,11.00,no
2026-10-05T02:11:56.829629Z,KXXRP15M-26OCT042215-15,0.9900,30.00,no
2026-10-05T02:11:56.829629Z,KXXRP15M-26OCT042215-15,0.9900,57.00,no
2026-10-05T02:11:56.829629Z,KXXRP15M-26OCT042215-15,0.9880,7.00,no
2026-10-05T02:11:56.829629Z,KXXRP15M-26OCT042215-15,0.9920,22.00,no
2026-10-05T02:11:56.829629Z,KXXRP15M-26OCT042215-15,0.9920,9.00,no
2026-10-05T02:11:56.829629Z,KXXRP15M-26OCT042215-15,0.9910,57.00,no
2026-10-05T02:11:56.829629Z,KXXRP15M-26OCT042215-15,0.9890,5.00,no
2026-10-05T02:11:56.829629Z,KXXRP15M-26OCT042215-15,0.9910,0.10,no
2026-10-05T02:11:59.585207Z,KXXRP15M-26OCT042215-15,0.9920,0.10,yes
2026-10-05T02:11:59.585207Z,KXXRP15M-26OCT042215-15,0.9920,10.90,yes
2026-10-05T02:12:00.05556Z,KXXRP15M-26OCT042215-15,0.9930,24.74,yes
2026-10-05T02:12:00.05556Z,KXXRP15M-26OCT042215-15,0.9930,10.00,yes
2026-10-05T02:12:00.626736Z,KXXRP15M-26OCT042215-15,0.9910,19.00,no
2026-10-05T02:12:00.626736Z,KXXRP15M-26OCT042215-15,0.9940,37.00,no
2026-10-05T02:12:00.681448Z,KXXRP15M-26OCT042215-15,0.9950,6.00,yes
2026-10-05T02:12:00.681448Z,KXXRP15M-26OCT042215-15,0.9950,40.00,yes
2026-10-05T02:12:00.681448Z,KXXRP15M-26OCT042215-15,0.9950,50.00,yes
2026-10-05T02:12:00.699225Z,KXXRP15M-26OCT042215-15,0.9960,200.00,yes
2026-10-05T02:12:00.714186Z,KXXRP15M-26OCT042215-15,0.9960,200.00,yes
2026-10-05T02:12:00.728672Z,KXXRP15M-26OCT042215-15,0.9960,200.00,yes
2026-10-05T02:12:00.794531Z,KXXRP15M-26OCT042215-15,0.9950,18.00,no
2026-10-05T02:12:00.802771Z,KXXRP15M-26OCT042215-15,0.9950,6.00,no
2026-10-05T02:12:00.810304Z,KXXRP15M-26OCT042215-15,0.9950,2.00,no
2026-10-05T02:12:00.813396Z,KXXRP15M-26OCT042215-15,0.9960,200.00,yes
2026-10-05T02:12:00.820132Z,KXXRP15M-26OCT042215-15,0.9950,2.00,no
2026-10-05T02:12:00.827551Z,KXXRP15M-26OCT042215-15,0.9950,2.00,no
2026-10-05T02:12:00.835333Z,KXXRP15M-26OCT042215-15,0.9950,2.00,no
2026-10-05T02:12:00.871954Z,KXXRP15M-26OCT042215-15,0.9960,200.00,yes
2026-10-05T02:12:00.893003Z,KXXRP15M-26OCT042215-15,0.9950,4.00,no
2026-10-05T02:12:00.901579Z,KXXRP15M-26OCT042215-15,0.9950,2.00,no
2026-10-05T02:12:00.908036Z,KXXRP15M-26OCT042215-15,0.9950,2.00,no
2026-10-05T02:12:00.91645Z,KXXRP15M-26OCT042215-15,0.9950,2.00,no
2026-10-05T02:12:00.967512Z,KXXRP15M-26OCT042215-15,0.9960,443.00,yes
2026-10-05T02:12:00.967512Z,KXXRP15M-26OCT042215-15,0.9950,2.00,yes
2026-10-05T02:12:00.967512Z,KXXRP15M-26OCT042215-15,0.9950,6.00,yes
2026-10-05T02:12:01.533466Z,KXXRP15M-26OCT042215-15,0.9960,57.00,yes
2026-10-05T02:12:01.533466Z,KXXRP15M-26OCT042215-15,0.9960,29.77,yes
2026-10-05T02:12:02.543409Z,KXXRP15M-26OCT042215-15,0.9910,3.64,no
2026-10-05T02:12:02.543409Z,KXXRP15M-26OCT042215-15,0.9950,29.77,no
2026-10-05T02:12:02.543409Z,KXXRP15M-26OCT042215-15,0.9920,5.00,no
2026-10-05T02:12:06.127837Z,KXXRP15M-26OCT042215-15,0.9950,3.00,yes
2026-10-05T02:12:08.302824Z,KXXRP15M-26OCT042215-15,0.9950,3.00,yes
2026-10-05T02:12:08.302824Z,KXXRP15M-26OCT042215-15,0.9950,1.00,yes
2026-10-05T02:12:08.452669Z,KXXRP15M-26OCT042215-15,0.9950,2.00,yes
2026-10-05T02:12:08.473483Z,KXXRP15M-26OCT042215-15,0.9940,67.00,no
2026-10-05T02:12:08.473483Z,KXXRP15M-26OCT042215-15,0.9930,67.00,no
2026-10-05T02:12:08.473483Z,KXXRP15M-26OCT042215-15,0.9940,186.00,no
2026-10-05T02:12:08.473483Z,KXXRP15M-26OCT042215-15,0.9930,58.35,no
2026-10-05T02:12:13.874025Z,KXXRP15M-26OCT042215-15,0.9950,30.03,yes
2026-10-05T02:12:14.193164Z,KXXRP15M-26OCT042215-15,0.9950,3.00,yes
2026-10-05T02:12:14.299827Z,KXXRP15M-26OCT042215-15,0.9950,2.03,yes
2026-10-05T02:12:14.299827Z,KXXRP15M-26OCT042215-15,0.9950,3.00,yes
2026-10-05T02:12:14.299827Z,KXXRP15M-26OCT042215-15,0.9950,6.97,yes
2026-10-05T02:12:14.811841Z,KXXRP15M-26OCT042215-15,0.9960,10.23,yes
2026-10-05T02:12:14.811841Z,KXXRP15M-26OCT042215-15,0.9960,1.00,yes
2026-10-05T02:12:14.811841Z,KXXRP15M-26OCT042215-15,0.9960,1.00,yes
2026-10-05T02:12:14.811841Z,KXXRP15M-26OCT042215-15,0.9960,1.00,yes
2026-10-05T02:12:14.811841Z,KXXRP15M-26OCT042215-15,0.9960,13.00,yes
2026-10-05T02:12:14.811841Z,KXXRP15M-26OCT042215-15,0.9960,1.00,yes
2026-10-05T02:12:14.811841Z,KXXRP15M-26OCT042215-15,0.9960,1.00,yes
2026-10-05T02:12:14.811841Z,KXXRP15M-26OCT042215-15,0.9960,2.69,yes
2026-10-05T02:12:14.811841Z,KXXRP15M-26OCT042215-15,0.9950,40.00,yes
2026-10-05T02:12:14.811841Z,KXXRP15M-26OCT042215-15,0.9950,6.00,yes
2026-10-05T02:12:19.225066Z,KXXRP15M-26OCT042215-15,0.9960,17.00,yes
2026-10-05T02:12:19.233289Z,KXXRP15M-26OCT042215-15,0.9960,5.00,yes
2026-10-05T02:12:19.239727Z,KXXRP15M-26OCT042215-15,0.9960,2.00,yes
2026-10-05T02:12:19.248376Z,KXXRP15M-26OCT042215-15,0.9960,5.00,yes
2026-10-05T02:12:20.329376Z,KXXRP15M-26OCT042215-15,0.9960,2.00,yes
2026-10-05T02:12:20.63208Z,KXXRP15M-26OCT042215-15,0.9960,16.00,yes
2026-10-05T02:12:20.64046Z,KXXRP15M-26OCT042215-15,0.9960,5.00,yes
2026-10-05T02:12:20.646762Z,KXXRP15M-26OCT042215-15,0.9960,2.00,yes
2026-10-05T02:12:20.652377Z,KXXRP15M-26OCT042215-15,0.9960,1.00,yes
2026-10-05T02:12:20.746755Z,KXXRP15M-26OCT042215-15,0.9960,1.00,yes
2026-10-05T02:12:21.046558Z,KXXRP15M-26OCT042215-15,0.9960,2.00,yes
2026-10-05T02:12:21.087724Z,KXXRP15M-26OCT042215-15,0.9960,64.15,yes
2026-10-05T02:12:21.2243Z,KXXRP15M-26OCT042215-15,0.9960,15.00,yes
2026-10-05T02:12:21.231442Z,KXXRP15M-26OCT042215-15,0.9960,5.00,yes
2026-10-05T02:12:21.23681Z,KXXRP15M-26OCT042215-15,0.9960,1.00,yes
2026-10-05T02:12:21.242984Z,KXXRP15M-26OCT042215-15,0.9960,5.00,yes
2026-10-05T02:12:21.932067Z,KXXRP15M-26OCT042215-15,0.9960,15.00,yes
2026-10-05T02:12:22.156021Z,KXXRP15M-26OCT042215-15,0.9970,300.43,yes
2026-10-05T02:12:22.156021Z,KXXRP15M-26OCT042215-15,0.9960,184.16,yes
2026-10-05T02:12:22.156021Z,KXXRP15M-26OCT042215-15,0.9960,7.00,yes
2026-10-05T02:12:22.156021Z,KXXRP15M-26OCT042215-15,0.9960,10.00,yes
2026-10-05T02:12:22.176124Z,KXXRP15M-26OCT042215-15,0.9970,5.43,yes
2026-10-05T02:12:22.176124Z,KXXRP15M-26OCT042215-15,0.9970,99.57,yes
2026-10-05T02:12:22.176124Z,KXXRP15M-26OCT042215-15,0.9960,7.00,yes
2026-10-05T02:12:22.176124Z,KXXRP15M-26OCT042215-15,0.9960,88.00,yes
2026-10-05T02:12:22.19016Z,KXXRP15M-26OCT042215-15,0.9970,200.00,yes
2026-10-05T02:12:22.212915Z,KXXRP15M-26OCT042215-15,0.9970,200.00,yes
2026-10-05T02:12:22.289309Z,KXXRP15M-26OCT042215-15,0.9970,200.00,yes
2026-10-05T02:12:22.341809Z,KXXRP15M-26OCT042215-15,0.9970,200.00,yes
2026-10-05T02:12:22.364364Z,KXXRP15M-26OCT042215-15,0.9950,7.34,no
2026-10-05T02:12:22.364364Z,KXXRP15M-26OCT042215-15,0.9950,10.23,no
2026-10-05T02:12:22.364364Z,KXXRP15M-26OCT042215-15,0.9950,46.00,no
2026-10-05T02:12:22.426989Z,KXXRP15M-26OCT042215-15,0.9970,200.00,yes
2026-10-05T02:12:22.518819Z,KXXRP15M-26OCT042215-15,0.9970,156.00,yes
2026-10-05T02:12:24.4008Z,KXXRP15M-26OCT042215-15,0.9940,3.00,yes
2026-10-05T02:12:24.437221Z,KXXRP15M-26OCT042215-15,0.9940,28.00,yes
2026-10-05T02:12:24.447681Z,KXXRP15M-26OCT042215-15,0.9950,2.00,no
2026-10-05T02:12:24.454914Z,KXXRP15M-26OCT042215-15,0.9950,2.00,no
2026-10-05T02:12:24.456096Z,KXXRP15M-26OCT042215-15,0.9950,10.00,no
2026-10-05T02:12:24.461401Z,KXXRP15M-26OCT042215-15,0.9950,2.00,no
2026-10-05T02:12:24.468718Z,KXXRP15M-26OCT042215-15,0.9950,2.00,no
2026-10-05T02:12:24.475236Z,KXXRP15M-26OCT042215-15,0.9950,2.00,no
2026-10-05T02:12:24.482901Z,KXXRP15M-26OCT042215-15,0.9950,8.00,no
2026-10-05T02:12:24.490067Z,KXXRP15M-26OCT042215-15,0.9950,2.00,no
2026-10-05T02:12:24.499894Z,KXXRP15M-26OCT042215-15,0.9950,2.00,no
2026-10-05T02:12:24.513727Z,KXXRP15M-26OCT042215-15,0.9950,2.00,no
2026-10-05T02:12:24.519099Z,KXXRP15M-26OCT042215-15,0.9950,2.00,no
2026-10-05T02:12:25.267682Z,KXXRP15M-26OCT042215-15,0.9940,64.00,no
2026-10-05T02:12:25.267682Z,KXXRP15M-26OCT042215-15,0.9950,1.00,no
2026-10-05T02:12:25.267682Z,KXXRP15M-26OCT042215-15,0.9940,50.00,no
2026-10-05T02:12:25.267682Z,KXXRP15M-26OCT042215-15,0.9940,30.00,no
2026-10-05T02:12:25.267682Z,KXXRP15M-26OCT042215-15,0.9930,3.39,no
2026-10-05T02:12:27.093976Z,KXXRP15M-26OCT042215-15,0.9930,124.26,no
2026-10-05T02:12:27.093976Z,KXXRP15M-26OCT042215-15,0.9920,21.04,no
2026-10-05T02:12:27.093976Z,KXXRP15M-26OCT042215-15,0.9930,65.00,no
2026-10-05T02:12:27.093976Z,KXXRP15M-26OCT042215-15,0.9940,61.00,no
2026-10-05T02:12:27.093976Z,KXXRP15M-26OCT042215-15,0.9940,0.10,no
2026-10-05T02:12:28.555245Z,KXXRP15M-26OCT042215-15,0.9950,50.00,yes
2026-10-05T02:12:28.555245Z,KXXRP15M-26OCT042215-15,0.9950,1.00,yes
2026-10-05T02:12:28.79709Z,KXXRP15M-26OCT042215-15,0.9930,51.19,no
2026-10-05T02:12:28.79709Z,KXXRP15M-26OCT042215-15,0.9950,69.00,no
2026-10-05T02:12:31.436071Z,KXXRP15M-26OCT042215-15,0.9950,30.00,no
2026-10-05T02:12:31.436071Z,KXXRP15M-26OCT042215-15,0.9950,25.00,no
2026-10-05T02:12:31.436071Z,KXXRP15M-26OCT042215-15,0.9950,30.00,no
2026-10-05T02:12:31.436071Z,KXXRP15M-26OCT042215-15,0.9960,39.00,no
2026-10-05T02:12:31.436071Z,KXXRP15M-26OCT042215-15,0.9950,2.01,no
2026-10-05T02:12:31.436071Z,KXXRP15M-26OCT042215-15,0.9950,12.00,no
2026-10-05T02:12:31.436071Z,KXXRP15M-26OCT042215-15,0.9950,30.00,no
2026-10-05T02:12:31.436071Z,KXXRP15M-26OCT042215-15,0.9960,32.00,no
2026-10-05T02:12:32.064344Z,KXXRP15M-26OCT042215-15,0.9950,30.00,no
2026-10-05T02:12:32.064344Z,KXXRP15M-26OCT042215-15,0.9950,1.00,no
2026-10-05T02:12:32.064344Z,KXXRP15M-26OCT042215-15,0.9950,30.00,no
2026-10-05T02:12:32.064344Z,KXXRP15M-26OCT042215-15,0.9950,86.00,no
2026-10-05T02:12:32.064344Z,KXXRP15M-26OCT042215-15,0.9930,25.00,no
2026-10-05T02:12:32.064344Z,KXXRP15M-26OCT042215-15,0.9950,27.99,no
2026-10-05T02:12:32.064344Z,KXXRP15M-26OCT042215-15,0.9930,121.00,no
2026-10-05T02:12:32.064344Z,KXXRP15M-26OCT042215-15,0.9930,5.00,no
2026-10-05T02:12:32.064344Z,KXXRP15M-26OCT042215-15,0.9940,121.00,no
2026-10-05T02:12:32.064344Z,KXXRP15M-26OCT042215-15,0.9920,46.96,no
2026-10-05T02:12:32.064344Z,KXXRP15M-26OCT042215-15,0.9920,139.55,no
2026-10-05T02:12:32.064344Z,KXXRP15M-26OCT042215-15,0.9940,40.00,no
2026-10-05T02:12:32.999189Z,KXXRP15M-26OCT042215-15,0.9930,6.00,no
2026-10-05T02:12:32.999189Z,KXXRP15M-26OCT042215-15,0.9940,0.10,no
2026-10-05T02:12:32.999189Z,KXXRP15M-26OCT042215-15,0.9920,20.88,no
2026-10-05T02:12:33.983797Z,KXXRP15M-26OCT042215-15,0.9930,111.00,no
2026-10-05T02:12:33.983797Z,KXXRP15M-26OCT042215-15,0.9930,25.00,no
2026-10-05T02:12:33.983797Z,KXXRP15M-26OCT042215-15,0.9920,2.69,no
2026-10-05T02:12:33.983797Z,KXXRP15M-26OCT042215-15,0.9920,17.00,no
2026-10-05T02:12:33.983797Z,KXXRP15M-26OCT042215-15,0.9920,5.00,no
2026-10-05T02:12:33.983797Z,KXXRP15M-26OCT042215-15,0.9920,2.00,no
2026-10-05T02:12:33.983797Z,KXXRP15M-26OCT042215-15,0.9920,5.00,no
2026-10-05T02:12:33.983797Z,KXXRP15M-26OCT042215-15,0.9920,15.00,no
2026-10-05T02:12:33.983797Z,KXXRP15M-26OCT042215-15,0.9920,15.00,no
2026-10-05T02:12:33.983797Z,KXXRP15M-26OCT042215-15,0.9920,1.00,no
2026-10-05T02:12:33.983797Z,KXXRP15M-26OCT042215-15,0.9920,64.15,no
2026-10-05T02:12:33.983797Z,KXXRP15M-26OCT042215-15,0.9920,2.00,no
2026-10-05T02:12:33.983797Z,KXXRP15M-26OCT042215-15,0.9920,5.00,no
2026-10-05T02:12:33.983797Z,KXXRP15M-26OCT042215-15,0.9920,5.00,no
2026-10-05T02:12:33.983797Z,KXXRP15M-26OCT042215-15,0.9920,16.00,no
2026-10-05T02:12:33.983797Z,KXXRP15M-26OCT042215-15,0.9920,1.00,no
2026-10-05T02:12:33.983797Z,KXXRP15M-26OCT042215-15,0.9920,2.00,no
2026-10-05T02:12:33.983797Z,KXXRP15M-26OCT042215-15,0.9920,5.00,no
2026-10-05T02:12:33.983797Z,KXXRP15M-26OCT042215-15,0.9920,2.00,no
2026-10-05T02:12:33.983797Z,KXXRP15M-26OCT042215-15,0.9920,1.00,no
2026-10-05T02:12:33.983797Z,KXXRP15M-26OCT042215-15,0.9920,67.47,no
2026-10-05T02:12:33.983797Z,KXXRP15M-26OCT042215-15,0.9920,64.00,no
2026-10-05T02:12:33.983797Z,KXXRP15M-26OCT042215-15,0.9920,121.00,no
2026-10-05T02:12:33.983797Z,KXXRP15M-26OCT042215-15,0.9920,5.00,no
2026-10-05T02:12:33.983797Z,KXXRP15M-26OCT042215-15,0.9910,13.21,no
2026-10-05T02:12:33.983797Z,KXXRP15M-26OCT042215-15,0.9920,26.57,no
2026-10-05T02:12:35.33049Z,KXXRP15M-26OCT042215-15,0.9970,2.00,yes
2026-10-05T02:12:35.33049Z,KXXRP15M-26OCT042215-15,0.9970,2.00,yes
2026-10-05T02:12:35.33049Z,KXXRP15M-26OCT042215-15,0.9970,2.00,yes
2026-10-05T02:12:35.33049Z,KXXRP15M-26OCT042215-15,0.9970,18.00,yes
2026-10-05T02:12:35.33049Z,KXXRP15M-26OCT042215-15,0.9970,2.00,yes
2026-10-05T02:12:35.33049Z,KXXRP15M-26OCT042215-15,0.9970,2.00,yes
2026-10-05T02:12:35.33049Z,KXXRP15M-26OCT042215-15,0.9970,40.00,yes
2026-10-05T02:12:35.33049Z,KXXRP15M-26OCT042215-15,0.9980,100.02,yes
2026-10-05T02:12:35.33049Z,KXXRP15M-26OCT042215-15,0.9970,40.00,yes
2026-10-05T02:12:35.33049Z,KXXRP15M-26OCT042215-15,0.9970,250.00,yes
2026-10-05T02:12:35.33049Z,KXXRP15M-26OCT042215-15,0.9960,7.00,yes
2026-10-05T02:12:35.33049Z,KXXRP15M-26OCT042215-15,0.9940,35.00,yes
2026-10-05T02:12:35.33049Z,KXXRP15M-26OCT042215-15,0.9960,0.10,yes
2026-10-05T02:12:35.33049Z,KXXRP15M-26OCT042215-15,0.9970,1.27,yes
2026-10-05T02:12:38.283663Z,KXXRP15M-26OCT042215-15,0.9950,26.22,no
2026-10-05T02:12:38.551527Z,KXXRP15M-26OCT042215-15,0.9950,0.04,no
2026-10-05T02:12:38.551527Z,KXXRP15M-26OCT042215-15,0.9950,13.78,no
2026-10-05T02:12:42.951611Z,KXXRP15M-26OCT042215-15,0.9960,26.00,no
2026-10-05T02:12:42.951611Z,KXXRP15M-26OCT042215-15,0.9960,18.73,no
2026-10-05T02:12:45.659314Z,KXXRP15M-26OCT042215-15,0.9960,231.27,no
2026-10-05T02:12:45.659314Z,KXXRP15M-26OCT042215-15,0.9960,20.00,no
2026-10-05T02:12:45.659314Z,KXXRP15M-26OCT042215-15,0.9960,0.04,no
2026-10-05T02:12:46.456698Z,KXXRP15M-26OCT042215-15,0.9960,0.04,no
2026-10-05T02:12:46.456698Z,KXXRP15M-26OCT042215-15,0.9960,41.00,no
2026-10-05T02:12:47.192256Z,KXXRP15M-26OCT042215-15,0.9970,1.00,yes
2026-10-05T02:12:47.211022Z,KXXRP15M-26OCT042215-15,0.9970,2.00,yes
2026-10-05T02:12:47.211022Z,KXXRP15M-26OCT042215-15,0.9970,39.00,yes
2026-10-05T02:12:47.970189Z,KXXRP15M-26OCT042215-15,0.9960,0.04,no
2026-10-05T02:12:47.970189Z,KXXRP15M-26OCT042215-15,0.9960,28.00,no
2026-10-05T02:12:47.970189Z,KXXRP15M-26OCT042215-15,0.9950,0.04,no
2026-10-05T02:12:47.970189Z,KXXRP15M-26OCT042215-15,0.9920,17.00,no
2026-10-05T02:12:47.970189Z,KXXRP15M-26OCT042215-15,0.9930,0.05,no
2026-10-05T02:12:47.970189Z,KXXRP15M-26OCT042215-15,0.9940,0.04,no
2026-10-05T02:12:47.970189Z,KXXRP15M-26OCT042215-15,0.9920,82.32,no
2026-10-05T02:12:47.970189Z,KXXRP15M-26OCT042215-15,0.9940,116.69,no
2026-10-05T02:12:47.970189Z,KXXRP15M-26OCT042215-15,0.9940,40.00,no
2026-10-05T02:12:48.689513Z,KXXRP15M-26OCT042215-15,0.9980,299.98,yes
2026-10-05T02:12:48.689513Z,KXXRP15M-26OCT042215-15,0.9980,97.03,yes
2026-10-05T02:12:48.689513Z,KXXRP15M-26OCT042215-15,0.9950,0.10,yes
2026-10-05T02:12:48.689513Z,KXXRP15M-26OCT042215-15,0.9960,98.00,yes
2026-10-05T02:12:48.689513Z,KXXRP15M-26OCT042215-15,0.9950,6.00,yes
2026-10-05T02:12:49.869506Z,KXXRP15M-26OCT042215-15,0.9950,0.04,no
2026-10-05T02:12:49.869506Z,KXXRP15M-26OCT042215-15,0.9930,5.00,no
2026-10-05T02:12:49.869506Z,KXXRP15M-26OCT042215-15,0.9920,300.00,no
2026-10-05T02:12:49.869506Z,KXXRP15M-26OCT042215-15,0.9930,97.03,no
2026-10-05T02:12:49.869506Z,KXXRP15M-26OCT042215-15,0.9960,62.00,no
2026-10-05T02:12:49.869506Z,KXXRP15M-26OCT042215-15,0.9940,24.00,no
2026-10-05T02:12:49.869506Z,KXXRP15M-26OCT042215-15,0.9930,0.04,no
2026-10-05T02:12:49.869506Z,KXXRP15M-26OCT042215-15,0.9940,0.10,no
2026-10-05T02:12:49.869506Z,KXXRP15M-26OCT042215-15,0.9940,0.04,no
2026-10-05T02:12:49.869506Z,KXXRP15M-26OCT042215-15,0.9960,0.04,no
2026-10-05T02:12:49.869506Z,KXXRP15M-26OCT042215-15,0.9920,5.00,no
2026-10-05T02:12:49.869506Z,KXXRP15M-26OCT042215-15,0.9920,0.06,no
2026-10-05T02:12:49.869506Z,KXXRP15M-26OCT042215-15,0.9920,17.68,no
2026-10-05T02:12:49.869506Z,KXXRP15M-26OCT042215-15,0.9910,371.86,no
2026-10-05T02:12:49.869506Z,KXXRP15M-26OCT042215-15,0.9910,56.79,no
2026-10-05T02:12:49.869506Z,KXXRP15M-26OCT042215-15,0.9910,195.00,no
2026-10-05T02:12:49.869506Z,KXXRP15M-26OCT042215-15,0.9910,1.00,no
2026-10-05T02:12:50.246679Z,KXXRP15M-26OCT042215-15,0.9950,0.10,yes
2026-10-05T02:12:50.246679Z,KXXRP15M-26OCT042215-15,0.9950,5.90,yes
2026-10-05T02:12:52.8913Z,KXXRP15M-26OCT042215-15,0.9930,4.59,no
2026-10-05T02:12:52.8913Z,KXXRP15M-26OCT042215-15,0.9950,0.04,no
2026-10-05T02:12:52.8913Z,KXXRP15M-26OCT042215-15,0.9940,0.04,no
2026-10-05T02:12:52.8913Z,KXXRP15M-26OCT042215-15,0.9940,0.10,no
2026-10-05T02:12:52.8913Z,KXXRP15M-26OCT042215-15,0.9960,0.04,no
2026-10-05T02:12:52.8913Z,KXXRP15M-26OCT042215-15,0.9960,106.00,no
2026-10-05T02:12:53.324513Z,KXXRP15M-26OCT042215-15,0.9970,51.00,yes
2026-10-05T02:12:55.952941Z,KXXRP15M-26OCT042215-15,0.9910,34.28,no
2026-10-05T02:12:55.952941Z,KXXRP15M-26OCT042215-15,0.9910,28.14,no
2026-10-05T02:12:55.952941Z,KXXRP15M-26OCT042215-15,0.9970,60.00,no
2026-10-05T02:12:55.952941Z,KXXRP15M-26OCT042215-15,0.9930,30.00,no
2026-10-05T02:12:55.952941Z,KXXRP15M-26OCT042215-15,0.9960,0.04,no
2026-10-05T02:12:55.952941Z,KXXRP15M-26OCT042215-15,0.9950,0.04,no
2026-10-05T02:12:55.952941Z,KXXRP15M-26OCT042215-15,0.9920,61.00,no
2026-10-05T02:12:55.952941Z,KXXRP15M-26OCT042215-15,0.9940,0.04,no
2026-10-05T02:12:55.952941Z,KXXRP15M-26OCT042215-15,0.9930,0.04,no
2026-10-05T02:12:55.952941Z,KXXRP15M-26OCT042215-15,0.9920,0.05,no
2026-10-05T02:12:55.952941Z,KXXRP15M-26OCT042215-15,0.9920,17.00,no
2026-10-05T02:12:55.952941Z,KXXRP15M-26OCT042215-15,0.9960,40.00,no
2026-10-05T02:12:56.712421Z,KXXRP15M-26OCT042215-15,0.9960,6.90,yes
2026-10-05T02:12:56.712421Z,KXXRP15M-26OCT042215-15,0.9960,0.10,yes
2026-10-05T02:12:56.720308Z,KXXRP15M-26OCT042215-15,0.9960,0.10,yes
2026-10-05T02:12:57.63155Z,KXXRP15M-26OCT042215-15,0.9970,24.78,no
2026-10-05T02:12:58.009238Z,KXXRP15M-26OCT042215-15,0.9970,61.22,no
2026-10-05T02:12:58.009238Z,KXXRP15M-26OCT042215-15,0.9970,33.41,no
2026-10-05T02:13:00.188622Z,KXXRP15M-26OCT042215-15,0.9980,1.00,yes
2026-10-05T02:13:00.490175Z,KXXRP15M-26OCT042215-15,0.9970,24.59,no
2026-10-05T02:13:00.490175Z,KXXRP15M-26OCT042215-15,0.9970,49.41,no
2026-10-05T02:13:00.956413Z,KXXRP15M-26OCT042215-15,0.9970,0.04,no
2026-10-05T02:13:00.956413Z,KXXRP15M-26OCT042215-15,0.9970,1.00,no
2026-10-05T02:13:00.956413Z,KXXRP15M-26OCT042215-15,0.9970,1.96,no
2026-10-05T02:13:01.166989Z,KXXRP15M-26OCT042215-15,0.9980,39.00,yes
2026-10-05T02:13:01.166989Z,KXXRP15M-26OCT042215-15,0.9980,14.00,yes
2026-10-05T02:13:02.43755Z,KXXRP15M-26OCT042215-15,0.9980,5.00,yes
2026-10-05T02:13:02.486785Z,KXXRP15M-26OCT042215-15,0.9970,27.04,no
2026-10-05T02:13:02.486785Z,KXXRP15M-26OCT042215-15,0.9970,22.96,no
2026-10-05T02:13:03.027102Z,KXXRP15M-26OCT042215-15,0.9960,0.05,no
2026-10-05T02:13:03.027102Z,KXXRP15M-26OCT042215-15,0.9950,134.59,no
2026-10-05T02:13:03.027102Z,KXXRP15M-26OCT042215-15,0.9970,14.00,no
2026-10-05T02:13:03.027102Z,KXXRP15M-26OCT042215-15,0.9970,16.04,no
2026-10-05T02:13:03.027102Z,KXXRP15M-26OCT042215-15,0.9970,0.04,no
2026-10-05T02:13:03.027102Z,KXXRP15M-26OCT042215-15,0.9970,5.00,no
2026-10-05T02:13:03.027102Z,KXXRP15M-26OCT042215-15,0.9970,46.00,no
2026-10-05T02:13:03.027102Z,KXXRP15M-26OCT042215-15,0.9950,0.04,no
2026-10-05T02:13:05.139273Z,KXXRP15M-26OCT042215-15,0.9960,78.00,no
2026-10-05T02:13:05.139273Z,KXXRP15M-26OCT042215-15,0.9960,45.00,no
2026-10-05T02:13:05.139273Z,KXXRP15M-26OCT042215-15,0.9950,40.41,no
2026-10-05T02:13:05.139273Z,KXXRP15M-26OCT042215-15,0.9940,24.00,no
2026-10-05T02:13:05.139273Z,KXXRP15M-26OCT042215-15,0.9930,45.00,no
2026-10-05T02:13:05.139273Z,KXXRP15M-26OCT042215-15,0.9920,5.00,no
2026-10-05T02:13:05.139273Z,KXXRP15M-26OCT042215-15,0.9930,40.00,no
2026-10-05T02:13:05.139273Z,KXXRP15M-26OCT042215-15,0.9930,0.06,no
2026-10-05T02:13:05.139273Z,KXXRP15M-26OCT042215-15,0.9920,0.06,no
2026-10-05T02:13:05.139273Z,KXXRP15M-26OCT042215-15,0.9910,13.50,no
2026-10-05T02:13:05.139273Z,KXXRP15M-26OCT042215-15,0.9910,29.72,no
2026-10-05T02:13:11.103172Z,KXXRP15M-26OCT042215-15,0.9980,200.00,yes
2026-10-05T02:13:11.114717Z,KXXRP15M-26OCT042215-15,0.9980,200.00,yes
2026-10-05T02:13:11.127619Z,KXXRP15M-26OCT042215-15,0.9980,50.00,yes
2026-10-05T02:13:11.127619Z,KXXRP15M-26OCT042215-15,0.9980,3.00,yes
2026-10-05T02:13:11.127619Z,KXXRP15M-26OCT042215-15,0.9980,3.00,yes
2026-10-05T02:13:11.127619Z,KXXRP15M-26OCT042215-15,0.9980,3.00,yes
2026-10-05T02:13:11.127619Z,KXXRP15M-26OCT042215-15,0.9980,3.00,yes
2026-10-05T02:13:11.127619Z,KXXRP15M-26OCT042215-15,0.9980,3.00,yes
2026-10-05T02:13:11.127619Z,KXXRP15M-26OCT042215-15,0.9980,26.00,yes
2026-10-05T02:13:11.127619Z,KXXRP15M-26OCT042215-15,0.9980,81.00,yes
2026-10-05T02:13:11.127619Z,KXXRP15M-26OCT042215-15,0.9980,23.00,yes
2026-10-05T02:13:11.127619Z,KXXRP15M-26OCT042215-15,0.9980,5.00,yes
2026-10-05T02:13:11.189116Z,KXXRP15M-26OCT042215-15,0.9980,200.00,yes
2026-10-05T02:13:11.286393Z,KXXRP15M-26OCT042215-15,0.9980,23.00,yes
2026-10-05T02:13:11.286393Z,KXXRP15M-26OCT042215-15,0.9980,177.00,yes
2026-10-05T02:13:11.358205Z,KXXRP15M-26OCT042215-15,0.9980,183.00,yes
2026-10-05T02:13:11.358205Z,KXXRP15M-26OCT042215-15,0.9980,17.00,yes
2026-10-05T02:13:11.460191Z,KXXRP15M-26OCT042215-15,0.9980,200.00,yes
2026-10-05T02:13:11.605497Z,KXXRP15M-26OCT042215-15,0.9980,117.00,yes
2026-10-05T02:13:11.605497Z,KXXRP15M-26OCT042215-15,0.9980,83.00,yes
2026-10-05T02:13:11.621046Z,KXXRP15M-26OCT042215-15,0.9980,200.00,yes
2026-10-05T02:13:16.739551Z,KXXRP15M-26OCT042215-15,0.9980,55.60,yes
2026-10-05T02:13:17.653161Z,KXXRP15M-26OCT042215-15,0.9980,100.20,yes
2026-10-05T02:13:18.52262Z,KXXRP15M-26OCT042215-15,0.9980,811.20,yes
2026-10-05T02:13:18.52262Z,KXXRP15M-26OCT042215-15,0.9980,17.00,yes
2026-10-05T02:13:18.52262Z,KXXRP15M-26OCT042215-15,0.9980,16.80,yes
2026-10-05T02:13:18.52262Z,KXXRP15M-26OCT042215-15,0.9980,500.00,yes
2026-10-05T02:13:21.486342Z,KXXRP15M-26OCT042215-15,0.9970,500.00,no
2026-10-05T02:13:21.486342Z,KXXRP15M-26OCT042215-15,0.9970,65.00,no
2026-10-05T02:13:21.486342Z,KXXRP15M-26OCT042215-15,0.9970,200.00,no
2026-10-05T02:13:21.486342Z,KXXRP15M-26OCT042215-15,0.9970,169.80,no
2026-10-05T02:13:21.486342Z,KXXRP15M-26OCT042215-15,0.9970,0.02,no
2026-10-05T02:13:25.12404Z,KXXRP15M-26OCT042215-15,0.9970,2.80,no
2026-10-05T02:13:26.584893Z,KXXRP15M-26OCT042215-15,0.9980,23.20,yes
2026-10-05T02:13:26.584893Z,KXXRP15M-26OCT042215-15,0.9980,17.00,yes
2026-10-05T02:13:26.584893Z,KXXRP15M-26OCT042215-15,0.9980,399.02,yes
2026-10-05T02:13:29.454764Z,KXXRP15M-26OCT042215-15,0.9980,25.04,yes
2026-10-05T02:13:30.030336Z,KXXRP15M-26OCT042215-15,0.9990,5471.06,yes
2026-10-05T02:13:30.030336Z,KXXRP15M-26OCT042215-15,0.9980,40.00,yes
2026-10-05T02:13:30.030336Z,KXXRP15M-26OCT042215-15,0.9980,17.00,yes
2026-10-05T02:13:30.030336Z,KXXRP15M-26OCT042215-15,0.9980,75.94,yes
2026-10-05T02:13:30.35989Z,KXXRP15M-26OCT042215-15,0.9980,226.81,no
2026-10-05T02:13:30.939443Z,KXXRP15M-26OCT042215-15,0.9980,458.01,no
2026-10-05T02:13:31.019914Z,KXXRP15M-26OCT042215-15,0.9990,200.00,yes
2026-10-05T02:13:31.033Z,KXXRP15M-26OCT042215-15,0.9990,200.00,yes
2026-10-05T02:13:31.046799Z,KXXRP15M-26OCT042215-15,0.9990,200.00,yes
2026-10-05T02:13:31.102575Z,KXXRP15M-26OCT042215-15,0.9990,200.00,yes
2026-10-05T02:13:31.136057Z,KXXRP15M-26OCT042215-15,0.9990,53.00,yes
2026-10-05T02:13:31.197195Z,KXXRP15M-26OCT042215-15,0.9990,44.00,yes
2026-10-05T02:13:31.396307Z,KXXRP15M-26OCT042215-15,0.9990,351.00,yes
2026-10-05T02:13:32.107458Z,KXXRP15M-26OCT042215-15,0.9990,175.00,yes
2026-10-05T02:13:32.427431Z,KXXRP15M-26OCT042215-15,0.9990,88.00,yes
2026-10-05T02:13:35.094778Z,KXXRP15M-26OCT042215-15,0.9990,10.00,yes
2026-10-05T02:13:35.771Z,KXXRP15M-26OCT042215-15,0.9980,45.80,no
2026-10-05T02:13:36.761966Z,KXXRP15M-26OCT042215-15,0.9990,1.00,yes
2026-10-05T02:13:40.747861Z,KXXRP15M-26OCT042215-15,0.9990,269.00,yes
2026-10-05T02:13:43.20744Z,KXXRP15M-26OCT042215-15,0.9980,458.01,no
2026-10-05T02:13:44.608456Z,KXXRP15M-26OCT042215-15,0.9990,89.32,yes
2026-10-05T02:13:46.647912Z,KXXRP15M-26OCT042215-15,0.9990,43.00,yes
2026-10-05T02:13:47.171552Z,KXXRP15M-26OCT042215-15,0.9990,625.99,yes
2026-10-05T02:13:47.855503Z,KXXRP15M-26OCT042215-15,0.9990,20.25,yes
2026-10-05T02:13:47.973458Z,KXXRP15M-26OCT042215-15,0.9990,117.21,yes
2026-10-05T02:13:48.619241Z,KXXRP15M-26OCT042215-15,0.9990,20.25,yes
2026-10-05T02:13:48.897787Z,KXXRP15M-26OCT042215-15,0.9990,0.10,yes
2026-10-05T02:13:49.381777Z,KXXRP15M-26OCT042215-15,0.9990,20.25,yes
2026-10-05T02:13:50.162666Z,KXXRP15M-26OCT042215-15,0.9990,20.25,yes
2026-10-05T02:13:52.005002Z,KXXRP15M-26OCT042215-15,0.9990,200.45,yes
2026-10-05T02:13:53.496391Z,KXXRP15M-26OCT042215-15,0.9990,10.00,yes
2026-10-05T02:13:54.202039Z,KXXRP15M-26OCT042215-15,0.9990,360.59,yes
2026-10-05T02:13:54.202039Z,KXXRP15M-26OCT042215-15,0.9990,139.87,yes
2026-10-05T02:13:55.053783Z,KXXRP15M-26OCT042215-15,0.9990,81.85,yes
2026-10-05T02:13:55.053926Z,KXXRP15M-26OCT042215-15,0.9990,20.25,yes
2026-10-05T02:13:55.054398Z,KXXRP15M-26OCT042215-15,0.9990,37.31,yes
2026-10-05T02:13:55.054398Z,KXXRP15M-26OCT042215-15,0.9990,162.69,yes
2026-10-05T02:13:55.054771Z,KXXRP15M-26OCT042215-15,0.9990,139.87,yes
2026-10-05T02:13:55.054799Z,KXXRP15M-26OCT042215-15,0.9990,89.32,yes
2026-10-05T02:13:55.055006Z,KXXRP15M-26OCT042215-15,0.9990,342.88,yes
2026-10-05T02:13:55.055006Z,KXXRP15M-26OCT042215-15,0.9990,8.12,yes
2026-10-05T02:13:55.055033Z,KXXRP15M-26OCT042215-15,0.9990,88.00,yes
2026-10-05T02:13:55.055201Z,KXXRP15M-26OCT042215-15,0.9990,1.00,yes
2026-10-05T02:13:55.055201Z,KXXRP15M-26OCT042215-15,0.9990,1.00,yes
2026-10-05T02:13:55.055201Z,KXXRP15M-26OCT042215-15,0.9990,69.12,yes
2026-10-05T02:13:55.055201Z,KXXRP15M-26OCT042215-15,0.9990,1.00,yes
2026-10-05T02:13:55.055201Z,KXXRP15M-26OCT042215-15,0.9990,200.00,yes
2026-10-05T02:13:55.055201Z,KXXRP15M-26OCT042215-15,0.9990,34.00,yes
2026-10-05T02:13:55.055201Z,KXXRP15M-26OCT042215-15,0.9990,40.00,yes
2026-10-05T02:13:55.055201Z,KXXRP15M-26OCT042215-15,0.9990,40.00,yes
2026-10-05T02:13:56.109404Z,KXXRP15M-26OCT042215-15,0.9990,6.90,no
2026-10-05T02:13:56.311697Z,KXXRP15M-26OCT042215-15,0.9990,25.04,no
2026-10-05T02:13:57.593294Z,KXXRP15M-26OCT042215-15,0.9990,207.93,no
2026-10-05T02:13:57.593294Z,KXXRP15M-26OCT042215-15,0.9990,43.00,no
2026-10-05T02:13:57.593294Z,KXXRP15M-26OCT042215-15,0.9990,175.00,no
2026-10-05T02:13:57.593294Z,KXXRP15M-26OCT042215-15,0.9990,200.00,no
2026-10-05T02:13:57.593294Z,KXXRP15M-26OCT042215-15,0.9990,53.00,no
2026-10-05T02:13:57.593294Z,KXXRP15M-26OCT042215-15,0.9990,44.00,no
2026-10-05T02:13:57.593294Z,KXXRP15M-26OCT042215-15,0.9990,193.06,no
2026-10-05T02:14:01.385006Z,KXXRP15M-26OCT042215-15,0.9990,6.13,no
2026-10-05T02:14:10.679406Z,KXXRP15M-26OCT042215-15,0.9990,0.81,no
2026-10-05T02:14:10.679406Z,KXXRP15M-26OCT042215-15,0.9990,7.97,no
2026-10-05T02:14:11.579636Z,KXXRP15M-26OCT042215-15,0.9990,732.83,no
2026-10-05T02:14:18.475472Z,KXXRP15M-26OCT042215-15,0.9990,0.10,no
2026-10-05T02:14:26.769309Z,KXXRP15M-26OCT042215-15,0.9990,1.28,no
2026-10-05T02:14:42.104263Z,KXXRP15M-26OCT042215-15,0.9990,321.48,no
2026-10-05T02:14:46.251126Z,KXXRP15M-26OCT042215-15,0.9990,0.19,no
2026-10-05T02:10:42.10567Z,KXHYPE15M-26OCT042215-15,0.9880,0.03,no
2026-10-05T02:10:42.10567Z,KXHYPE15M-26OCT042215-15,0.9880,0.89,no
2026-10-05T02:10:42.10567Z,KXHYPE15M-26OCT042215-15,0.9880,12.27,no
2026-10-05T02:10:42.10567Z,KXHYPE15M-26OCT042215-15,0.9890,2.00,no
2026-10-05T02:10:42.10567Z,KXHYPE15M-26OCT042215-15,0.9880,6.00,no
2026-10-05T02:10:47.226657Z,KXHYPE15M-26OCT042215-15,0.9870,20.00,no
2026-10-05T02:10:47.226657Z,KXHYPE15M-26OCT042215-15,0.9860,0.04,no
2026-10-05T02:10:47.226657Z,KXHYPE15M-26OCT042215-15,0.9870,0.04,no
2026-10-05T02:10:47.226657Z,KXHYPE15M-26OCT042215-15,0.9860,13.00,no
2026-10-05T02:10:47.226657Z,KXHYPE15M-26OCT042215-15,0.9850,16.21,no
2026-10-05T02:10:47.226657Z,KXHYPE15M-26OCT042215-15,0.9860,7.00,no
2026-10-05T02:10:47.226657Z,KXHYPE15M-26OCT042215-15,0.9890,2.00,no
2026-10-05T02:10:47.226657Z,KXHYPE15M-26OCT042215-15,0.9880,2.00,no
2026-10-05T02:10:47.226657Z,KXHYPE15M-26OCT042215-15,0.9880,0.03,no
2026-10-05T02:10:47.226657Z,KXHYPE15M-26OCT042215-15,0.9890,0.03,no
2026-10-05T02:10:47.226657Z,KXHYPE15M-26OCT042215-15,0.9880,7.73,no
2026-10-05T02:10:48.484204Z,KXHYPE15M-26OCT042215-15,0.9850,0.05,no
2026-10-05T02:10:48.484204Z,KXHYPE15M-26OCT042215-15,0.9850,3.79,no
2026-10-05T02:10:48.484204Z,KXHYPE15M-26OCT042215-15,0.9850,40.00,no
2026-10-05T02:10:48.484204Z,KXHYPE15M-26OCT042215-15,0.9860,2.00,no
2026-10-05T02:10:48.484204Z,KXHYPE15M-26OCT042215-15,0.9860,0.03,no
2026-10-05T02:10:48.484204Z,KXHYPE15M-26OCT042215-15,0.9850,16.03,no
2026-10-05T02:10:49.810503Z,KXHYPE15M-26OCT042215-15,0.9890,0.03,yes
2026-10-05T02:10:49.810503Z,KXHYPE15M-26OCT042215-15,0.9890,16.00,yes
2026-10-05T02:10:49.810503Z,KXHYPE15M-26OCT042215-15,0.9890,1.00,yes
2026-10-05T02:10:49.810503Z,KXHYPE15M-26OCT042215-15,0.9890,2.00,yes
2026-10-05T02:10:52.540891Z,KXHYPE15M-26OCT042215-15,0.9850,2.00,no
2026-10-05T02:10:52.540891Z,KXHYPE15M-26OCT042215-15,0.9850,0.03,no
2026-10-05T02:10:52.540891Z,KXHYPE15M-26OCT042215-15,0.9840,0.06,no
2026-10-05T02:10:52.540891Z,KXHYPE15M-26OCT042215-15,0.9840,18.85,no
2026-10-05T02:10:54.17934Z,KXHYPE15M-26OCT042215-15,0.9850,18.31,yes
2026-10-05T02:10:55.327596Z,KXHYPE15M-26OCT042215-15,0.9850,1.69,yes
2026-10-05T02:10:56.916775Z,KXHYPE15M-26OCT042215-15,0.9850,5.00,no
2026-10-05T02:10:56.916775Z,KXHYPE15M-26OCT042215-15,0.9850,0.03,no
2026-10-05T02:10:56.916775Z,KXHYPE15M-26OCT042215-15,0.9850,98.31,no
2026-10-05T02:10:56.916775Z,KXHYPE15M-26OCT042215-15,0.9850,2.00,no
2026-10-05T02:10:56.916775Z,KXHYPE15M-26OCT042215-15,0.9850,0.03,no
2026-10-05T02:10:56.916775Z,KXHYPE15M-26OCT042215-15,0.9850,30.00,no
2026-10-05T02:10:56.916775Z,KXHYPE15M-26OCT042215-15,0.9840,2.63,no
2026-10-05T02:10:56.916775Z,KXHYPE15M-26OCT042215-15,0.9850,48.00,no
2026-10-05T02:10:58.150944Z,KXHYPE15M-26OCT042215-15,0.9850,48.00,no
2026-10-05T02:10:58.150944Z,KXHYPE15M-26OCT042215-15,0.9800,15.00,no
2026-10-05T02:10:58.150944Z,KXHYPE15M-26OCT042215-15,0.9830,2.00,no
2026-10-05T02:10:58.150944Z,KXHYPE15M-26OCT042215-15,0.9820,2.00,no
2026-10-05T02:10:58.150944Z,KXHYPE15M-26OCT042215-15,0.9800,4.95,no
2026-10-05T02:10:58.150944Z,KXHYPE15M-26OCT042215-15,0.9860,5.00,no
2026-10-05T02:10:58.150944Z,KXHYPE15M-26OCT042215-15,0.9860,30.00,no
2026-10-05T02:10:58.150944Z,KXHYPE15M-26OCT042215-15,0.9850,0.03,no
2026-10-05T02:10:58.150944Z,KXHYPE15M-26OCT042215-15,0.9860,0.03,no
2026-10-05T02:10:58.150944Z,KXHYPE15M-26OCT042215-15,0.9850,0.03,no
2026-10-05T02:10:58.150944Z,KXHYPE15M-26OCT042215-15,0.9860,0.03,no
2026-10-05T02:10:58.150944Z,KXHYPE15M-26OCT042215-15,0.9830,0.03,no
2026-10-05T02:10:58.150944Z,KXHYPE15M-26OCT042215-15,0.9810,0.03,no
2026-10-05T02:10:58.150944Z,KXHYPE15M-26OCT042215-15,0.9820,0.03,no
2026-10-05T02:10:58.150944Z,KXHYPE15M-26OCT042215-15,0.9800,0.03,no
2026-10-05T02:10:58.150944Z,KXHYPE15M-26OCT042215-15,0.9840,0.03,no
2026-10-05T02:10:58.150944Z,KXHYPE15M-26OCT042215-15,0.9840,18.31,no
2026-10-05T02:10:58.150944Z,KXHYPE15M-26OCT042215-15,0.9830,5.00,no
2026-10-05T02:10:58.150944Z,KXHYPE15M-26OCT042215-15,0.9840,1.69,no
2026-10-05T02:10:58.150944Z,KXHYPE15M-26OCT042215-15,0.9840,0.03,no
2026-10-05T02:10:58.150944Z,KXHYPE15M-26OCT042215-15,0.9830,0.06,no
2026-10-05T02:10:58.150944Z,KXHYPE15M-26OCT042215-15,0.9800,0.10,no
2026-10-05T02:10:58.150944Z,KXHYPE15M-26OCT042215-15,0.9820,0.08,no
2026-10-05T02:10:58.150944Z,KXHYPE15M-26OCT042215-15,0.9810,0.09,no
2026-10-05T02:10:58.150944Z,KXHYPE15M-26OCT042215-15,0.9840,76.55,no
2026-10-05T02:10:58.150944Z,KXHYPE15M-26OCT042215-15,0.9840,52.65,no
2026-10-05T02:10:58.150944Z,KXHYPE15M-26OCT042215-15,0.9840,7.32,no
2026-10-05T02:10:58.150944Z,KXHYPE15M-26OCT042215-15,0.9840,1.00,no
2026-10-05T02:10:58.150944Z,KXHYPE15M-26OCT042215-15,0.9840,21.00,no
2026-10-05T02:10:59.065318Z,KXHYPE15M-26OCT042215-15,0.9900,10.00,yes
2026-10-05T02:10:59.065318Z,KXHYPE15M-26OCT042215-15,0.9900,225.00,yes
2026-10-05T02:10:59.065318Z,KXHYPE15M-26OCT042215-15,0.9900,20.00,yes
2026-10-05T02:10:59.065318Z,KXHYPE15M-26OCT042215-15,0.9900,19.97,yes
2026-10-05T02:10:59.065318Z,KXHYPE15M-26OCT042215-15,0.9890,18.85,yes
2026-10-05T02:10:59.065318Z,KXHYPE15M-26OCT042215-15,0.9890,0.03,yes
2026-10-05T02:10:59.065318Z,KXHYPE15M-26OCT042215-15,0.9890,2.63,yes
2026-10-05T02:10:59.065318Z,KXHYPE15M-26OCT042215-15,0.9890,32.00,yes
2026-10-05T02:10:59.065318Z,KXHYPE15M-26OCT042215-15,0.9890,1.00,yes
2026-10-05T02:10:59.065318Z,KXHYPE15M-26OCT042215-15,0.9890,52.65,yes
2026-10-05T02:10:59.065318Z,KXHYPE15M-26OCT042215-15,0.9890,21.00,yes
2026-10-05T02:10:59.065318Z,KXHYPE15M-26OCT042215-15,0.9890,76.55,yes
2026-10-05T02:10:59.065318Z,KXHYPE15M-26OCT042215-15,0.9890,7.32,yes
2026-10-05T02:10:59.952779Z,KXHYPE15M-26OCT042215-15,0.9900,20.00,yes
2026-10-05T02:10:59.952779Z,KXHYPE15M-26OCT042215-15,0.9950,103.85,yes
2026-10-05T02:10:59.952779Z,KXHYPE15M-26OCT042215-15,0.9920,20.00,yes
2026-10-05T02:10:59.952779Z,KXHYPE15M-26OCT042215-15,0.9910,20.00,yes
2026-10-05T02:10:59.952779Z,KXHYPE15M-26OCT042215-15,0.9940,20.00,yes
2026-10-05T02:10:59.952779Z,KXHYPE15M-26OCT042215-15,0.9930,20.00,yes
2026-10-05T02:10:59.952779Z,KXHYPE15M-26OCT042215-15,0.9900,55.03,yes
2026-10-05T02:10:59.952779Z,KXHYPE15M-26OCT042215-15,0.9940,0.03,yes
2026-10-05T02:10:59.952779Z,KXHYPE15M-26OCT042215-15,0.9930,0.03,yes
2026-10-05T02:10:59.952779Z,KXHYPE15M-26OCT042215-15,0.9920,0.03,yes
2026-10-05T02:10:59.952779Z,KXHYPE15M-26OCT042215-15,0.9910,0.03,yes
2026-10-05T02:10:59.952779Z,KXHYPE15M-26OCT042215-15,0.9910,2.00,yes
2026-10-05T02:10:59.952779Z,KXHYPE15M-26OCT042215-15,0.9900,2.00,yes
2026-10-05T02:10:59.952779Z,KXHYPE15M-26OCT042215-15,0.9940,37.00,yes
2026-10-05T02:11:00.395424Z,KXHYPE15M-26OCT042215-15,0.9870,10.71,no
2026-10-05T02:11:00.395424Z,KXHYPE15M-26OCT042215-15,0.9890,20.00,no
2026-10-05T02:11:00.395424Z,KXHYPE15M-26OCT042215-15,0.9880,0.03,no
2026-10-05T02:11:00.395424Z,KXHYPE15M-26OCT042215-15,0.9890,0.03,no
2026-10-05T02:11:00.395424Z,KXHYPE15M-26OCT042215-15,0.9870,0.03,no
2026-10-05T02:11:00.395424Z,KXHYPE15M-26OCT042215-15,0.9890,20.00,no
2026-10-05T02:11:00.395424Z,KXHYPE15M-26OCT042215-15,0.9880,55.03,no
2026-10-05T02:11:00.395424Z,KXHYPE15M-26OCT042215-15,0.9890,20.00,no
2026-10-05T02:11:00.395424Z,KXHYPE15M-26OCT042215-15,0.9870,19.97,no
2026-10-05T02:11:00.395424Z,KXHYPE15M-26OCT042215-15,0.9880,0.03,no
2026-10-05T02:11:00.395424Z,KXHYPE15M-26OCT042215-15,0.9890,20.00,no
2026-10-05T02:11:00.395424Z,KXHYPE15M-26OCT042215-15,0.9890,20.00,no
2026-10-05T02:11:01.4464Z,KXHYPE15M-26OCT042215-15,0.9900,79.00,no
2026-10-05T02:11:01.4464Z,KXHYPE15M-26OCT042215-15,0.9900,0.03,no
2026-10-05T02:11:01.4464Z,KXHYPE15M-26OCT042215-15,0.9900,0.03,no
2026-10-05T02:11:01.4464Z,KXHYPE15M-26OCT042215-15,0.9900,20.94,no
2026-10-05T02:11:05.86791Z,KXHYPE15M-26OCT042215-15,0.9940,0.03,yes
2026-10-05T02:11:05.86791Z,KXHYPE15M-26OCT042215-15,0.9930,0.03,yes
2026-10-05T02:11:05.86791Z,KXHYPE15M-26OCT042215-15,0.9930,2.00,yes
2026-10-05T02:11:05.86791Z,KXHYPE15M-26OCT042215-15,0.9940,6.01,yes
2026-10-05T02:11:05.86791Z,KXHYPE15M-26OCT042215-15,0.9940,2.00,yes
2026-10-05T02:11:07.245519Z,KXHYPE15M-26OCT042215-15,0.9950,10.00,yes
2026-10-05T02:11:09.009301Z,KXHYPE15M-26OCT042215-15,0.9910,0.04,no
2026-10-05T02:11:09.009301Z,KXHYPE15M-26OCT042215-15,0.9900,0.03,no
2026-10-05T02:11:09.009301Z,KXHYPE15M-26OCT042215-15,0.9910,0.03,no
2026-10-05T02:11:09.009301Z,KXHYPE15M-26OCT042215-15,0.9910,10.00,no
2026-10-05T02:11:09.009301Z,KXHYPE15M-26OCT042215-15,0.9900,37.33,no
2026-10-05T02:11:13.134862Z,KXHYPE15M-26OCT042215-15,0.9900,0.03,no
2026-10-05T02:11:13.134862Z,KXHYPE15M-26OCT042215-15,0.9910,100.00,no
2026-10-05T02:11:13.134862Z,KXHYPE15M-26OCT042215-15,0.9900,191.07,no
2026-10-05T02:11:13.134862Z,KXHYPE15M-26OCT042215-15,0.9910,0.03,no
2026-10-05T02:11:14.040741Z,KXHYPE15M-26OCT042215-15,0.9950,41.78,yes
2026-10-05T02:11:15.638043Z,KXHYPE15M-26OCT042215-15,0.9910,29.96,no
2026-10-05T02:11:15.638043Z,KXHYPE15M-26OCT042215-15,0.9910,0.04,no
2026-10-05T02:11:19.636932Z,KXHYPE15M-26OCT042215-15,0.9910,5.25,no
2026-10-05T02:11:22.02944Z,KXHYPE15M-26OCT042215-15,0.9900,46.75,no
2026-10-05T02:11:23.067459Z,KXHYPE15M-26OCT042215-15,0.9950,17.37,yes
2026-10-05T02:11:23.067459Z,KXHYPE15M-26OCT042215-15,0.9950,1.00,yes
2026-10-05T02:11:23.067459Z,KXHYPE15M-26OCT042215-15,0.9970,20.00,yes
2026-10-05T02:11:23.067459Z,KXHYPE15M-26OCT042215-15,0.9950,20.00,yes
2026-10-05T02:11:23.067459Z,KXHYPE15M-26OCT042215-15,0.9960,20.00,yes
2026-10-05T02:11:23.067459Z,KXHYPE15M-26OCT042215-15,0.9970,74.74,yes
2026-10-05T02:11:23.067459Z,KXHYPE15M-26OCT042215-15,0.9950,11.00,yes
2026-10-05T02:11:23.067459Z,KXHYPE15M-26OCT042215-15,0.9960,13.00,yes
2026-10-05T02:11:23.067459Z,KXHYPE15M-26OCT042215-15,0.9960,1.00,yes
2026-10-05T02:11:23.067459Z,KXHYPE15M-26OCT042215-15,0.9960,1.00,yes
2026-10-05T02:11:23.067459Z,KXHYPE15M-26OCT042215-15,0.9960,1.00,yes
2026-10-05T02:11:23.067459Z,KXHYPE15M-26OCT042215-15,0.9960,1.00,yes
2026-10-05T02:11:23.067459Z,KXHYPE15M-26OCT042215-15,0.9960,1.00,yes
2026-10-05T02:11:23.067459Z,KXHYPE15M-26OCT042215-15,0.9950,27.00,yes
2026-10-05T02:11:23.067459Z,KXHYPE15M-26OCT042215-15,0.9950,0.03,yes
2026-10-05T02:11:23.067459Z,KXHYPE15M-26OCT042215-15,0.9960,0.03,yes
2026-10-05T02:11:23.067459Z,KXHYPE15M-26OCT042215-15,0.9960,2.00,yes
2026-10-05T02:11:23.067459Z,KXHYPE15M-26OCT042215-15,0.9960,1.02,yes
2026-10-05T02:11:27.079863Z,KXHYPE15M-26OCT042215-15,0.9950,18.00,no
2026-10-05T02:11:27.079863Z,KXHYPE15M-26OCT042215-15,0.9950,20.00,no
2026-10-05T02:11:27.765082Z,KXHYPE15M-26OCT042215-15,0.9970,10.56,yes
2026-10-05T02:11:35.406714Z,KXHYPE15M-26OCT042215-15,0.9970,1.00,yes
2026-10-05T02:11:42.475256Z,KXHYPE15M-26OCT042215-15,0.9950,1.00,no
2026-10-05T02:11:42.475256Z,KXHYPE15M-26OCT042215-15,0.9940,1.92,no
2026-10-05T02:11:42.475256Z,KXHYPE15M-26OCT042215-15,0.9950,0.03,no
2026-10-05T02:11:42.475256Z,KXHYPE15M-26OCT042215-15,0.9950,2.00,no
2026-10-05T02:11:42.475256Z,KXHYPE15M-26OCT042215-15,0.9950,0.05,no
2026-10-05T02:11:45.525164Z,KXHYPE15M-26OCT042215-15,0.9940,1.76,no
2026-10-05T02:11:45.525164Z,KXHYPE15M-26OCT042215-15,0.9960,0.05,no
2026-10-05T02:11:45.525164Z,KXHYPE15M-26OCT042215-15,0.9950,0.05,no
2026-10-05T02:11:45.525164Z,KXHYPE15M-26OCT042215-15,0.9950,100.00,no
2026-10-05T02:11:45.525164Z,KXHYPE15M-26OCT042215-15,0.9960,74.74,no
2026-10-05T02:11:45.525164Z,KXHYPE15M-26OCT042215-15,0.9940,20.00,no
2026-10-05T02:11:45.525164Z,KXHYPE15M-26OCT042215-15,0.9940,0.05,no
2026-10-05T02:11:45.545152Z,KXHYPE15M-26OCT042215-15,0.9940,2.29,no
2026-10-05T02:11:49.68958Z,KXHYPE15M-26OCT042215-15,0.9940,5.00,no
2026-10-05T02:12:06.734701Z,KXHYPE15M-26OCT042215-15,0.9970,1.00,yes
2026-10-05T02:12:07.013555Z,KXHYPE15M-26OCT042215-15,0.9970,2.00,yes
2026-10-05T02:12:07.013555Z,KXHYPE15M-26OCT042215-15,0.9970,2.00,yes
2026-10-05T02:12:07.013555Z,KXHYPE15M-26OCT042215-15,0.9970,18.00,yes
2026-10-05T02:12:07.013555Z,KXHYPE15M-26OCT042215-15,0.9970,2.00,yes
2026-10-05T02:12:07.013555Z,KXHYPE15M-26OCT042215-15,0.9970,2.00,yes
2026-10-05T02:12:07.013555Z,KXHYPE15M-26OCT042215-15,0.9970,2.00,yes
2026-10-05T02:12:07.013555Z,KXHYPE15M-26OCT042215-15,0.9970,249.00,yes
2026-10-05T02:12:07.013555Z,KXHYPE15M-26OCT042215-15,0.9970,16.00,yes
2026-10-05T02:12:07.013555Z,KXHYPE15M-26OCT042215-15,0.9970,2.00,yes
2026-10-05T02:12:07.013555Z,KXHYPE15M-26OCT042215-15,0.9970,0.03,yes
2026-10-05T02:12:07.091915Z,KXHYPE15M-26OCT042215-15,0.9980,7.31,yes
2026-10-05T02:12:08.681671Z,KXHYPE15M-26OCT042215-15,0.9940,0.12,no
2026-10-05T02:12:34.758499Z,KXHYPE15M-26OCT042215-15,0.9970,1.00,no
2026-10-05T02:12:34.758499Z,KXHYPE15M-26OCT042215-15,0.9970,18.32,no
2026-10-05T02:12:37.189709Z,KXHYPE15M-26OCT042215-15,0.9980,32.00,yes
2026-10-05T02:12:45.857435Z,KXHYPE15M-26OCT042215-15,0.9980,160.69,yes
2026-10-05T02:12:45.857435Z,KXHYPE15M-26OCT042215-15,0.9980,20.00,yes
2026-10-05T02:12:45.857435Z,KXHYPE15M-26OCT042215-15,0.9980,110.41,yes
2026-10-05T02:13:00.24194Z,KXHYPE15M-26OCT042215-15,0.9980,1.00,yes
2026-10-05T02:13:00.330318Z,KXHYPE15M-26OCT042215-15,0.9980,50.00,yes
2026-10-05T02:13:02.353603Z,KXHYPE15M-26OCT042215-15,0.9980,5.00,yes
2026-10-05T02:13:02.554059Z,KXHYPE15M-26OCT042215-15,0.9980,333.59,yes
2026-10-05T02:13:02.554059Z,KXHYPE15M-26OCT042215-15,0.9980,50.00,yes
2026-10-05T02:13:02.554059Z,KXHYPE15M-26OCT042215-15,0.9980,26.00,yes
2026-10-05T02:13:02.554059Z,KXHYPE15M-26OCT042215-15,0.9980,3.00,yes
2026-10-05T02:13:02.554059Z,KXHYPE15M-26OCT042215-15,0.9980,3.00,yes
2026-10-05T02:13:02.554059Z,KXHYPE15M-26OCT042215-15,0.9980,3.00,yes
2026-10-05T02:13:02.554059Z,KXHYPE15M-26OCT042215-15,0.9980,3.00,yes
2026-10-05T02:13:02.554059Z,KXHYPE15M-26OCT042215-15,0.9980,3.00,yes
2026-10-05T02:13:02.554059Z,KXHYPE15M-26OCT042215-15,0.9980,1.00,yes
2026-10-05T02:13:02.554059Z,KXHYPE15M-26OCT042215-15,0.9980,0.41,yes
2026-10-05T02:13:02.769265Z,KXHYPE15M-26OCT042215-15,0.9980,1.59,yes
2026-10-05T02:13:02.769265Z,KXHYPE15M-26OCT042215-15,0.9980,0.03,yes
2026-10-05T02:13:06.624034Z,KXHYPE15M-26OCT042215-15,0.9990,75.00,yes
2026-10-05T02:13:06.624034Z,KXHYPE15M-26OCT042215-15,0.9990,300.00,yes
2026-10-05T02:13:10.882964Z,KXHYPE15M-26OCT042215-15,0.9990,55.00,yes
2026-10-05T02:13:11.252335Z,KXHYPE15M-26OCT042215-15,0.9990,30.03,yes
2026-10-05T02:13:14.965861Z,KXHYPE15M-26OCT042215-15,0.9990,1.39,yes
2026-10-05T02:13:16.524438Z,KXHYPE15M-26OCT042215-15,0.9990,1.00,yes
2026-10-05T02:13:17.35119Z,KXHYPE15M-26OCT042215-15,0.9990,1344.00,yes
2026-10-05T02:13:20.363315Z,KXHYPE15M-26OCT042215-15,0.9990,75.00,yes
2026-10-05T02:13:20.364012Z,KXHYPE15M-26OCT042215-15,0.9990,425.00,yes
2026-10-05T02:13:20.364012Z,KXHYPE15M-26OCT042215-15,0.9990,1.00,yes
2026-10-05T02:13:20.364012Z,KXHYPE15M-26OCT042215-15,0.9990,1.00,yes
2026-10-05T02:13:20.364012Z,KXHYPE15M-26OCT042215-15,0.9990,20.00,yes
2026-10-05T02:13:20.364012Z,KXHYPE15M-26OCT042215-15,0.9990,897.00,yes
2026-10-05T02:13:20.36514Z,KXHYPE15M-26OCT042215-15,0.9990,87.42,yes
2026-10-05T02:13:24.648596Z,KXHYPE15M-26OCT042215-15,0.9990,1.89,yes
2026-10-05T02:13:29.144449Z,KXHYPE15M-26OCT042215-15,0.9990,1.00,yes
2026-10-05T02:13:29.144449Z,KXHYPE15M-26OCT042215-15,0.9990,5.00,yes
2026-10-05T02:13:29.144449Z,KXHYPE15M-26OCT042215-15,0.9990,3.00,yes
2026-10-05T02:13:29.144449Z,KXHYPE15M-26OCT042215-15,0.9990,5.00,yes
2026-10-05T02:13:29.144449Z,KXHYPE15M-26OCT042215-15,0.9990,12.00,yes
2026-10-05T02:13:43.512991Z,KXHYPE15M-26OCT042215-15,0.9990,1.00,no
2026-10-05T02:13:45.758331Z,KXHYPE15M-26OCT042215-15,0.9990,90.00,no
2026-10-05T02:13:46.26099Z,KXHYPE15M-26OCT042215-15,0.9990,50.00,no
2026-10-05T02:13:46.26099Z,KXHYPE15M-26OCT042215-15,0.9990,1.00,no
2026-10-05T02:13:46.26099Z,KXHYPE15M-26OCT042215-15,0.9990,333.59,no
2026-10-05T02:13:46.26099Z,KXHYPE15M-26OCT042215-15,0.9990,5.00,no
2026-10-05T02:13:46.26099Z,KXHYPE15M-26OCT042215-15,0.9990,110.41,no
2026-10-05T02:13:46.26099Z,KXHYPE15M-26OCT042215-15,0.9990,727.79,no
2026-10-05T02:13:46.26099Z,KXHYPE15M-26OCT042215-15,0.9990,1109.00,no
2026-10-05T02:13:52.966138Z,KXHYPE15M-26OCT042215-15,0.9990,651.47,no
2026-10-05T02:13:52.966138Z,KXHYPE15M-26OCT042215-15,0.9990,1.00,no
2026-10-05T02:13:52.966138Z,KXHYPE15M-26OCT042215-15,0.9990,5.00,no
2026-10-05T02:13:52.966138Z,KXHYPE15M-26OCT042215-15,0.9990,1.89,no
2026-10-05T02:13:52.966138Z,KXHYPE15M-26OCT042215-15,0.9990,87.42,no
2026-10-05T02:13:52.966138Z,KXHYPE15M-26OCT042215-15,0.9990,169.21,no
2026-10-05T02:14:04.241587Z,KXHYPE15M-26OCT042215-15,0.9990,5.00,no
2026-10-05T02:14:09.097281Z,KXHYPE15M-26OCT042215-15,0.9990,91.62,no
2026-10-05T02:14:13.461124Z,KXHYPE15M-26OCT042215-15,0.9990,108.06,no
2026-10-05T02:14:13.461124Z,KXHYPE15M-26OCT042215-15,0.9990,807.93,no
2026-10-05T02:14:22.585352Z,KXHYPE15M-26OCT042215-15,0.9990,75.04,no
2026-10-05T02:14:22.585352Z,KXHYPE15M-26OCT042215-15,0.9990,300.00,no
2026-10-05T02:14:22.585352Z,KXHYPE15M-26OCT042215-15,0.9990,1456.86,no
2026-10-05T02:14:27.615124Z,KXHYPE15M-26OCT042215-15,0.9990,824.96,no
2026-10-05T02:14:27.615124Z,KXHYPE15M-26OCT042215-15,0.9990,91.03,no
2026-10-05T02:14:28.629836Z,KXHYPE15M-26OCT042215-15,0.9990,915.99,no
2026-10-05T02:14:30.379168Z,KXHYPE15M-26OCT042215-15,0.9990,915.99,no
2026-10-05T02:14:40.111452Z,KXHYPE15M-26OCT042215-15,0.9980,0.05,no
2026-10-05T02:14:40.111452Z,KXHYPE15M-26OCT042215-15,0.9980,65.39,no
2026-10-05T02:14:40.111452Z,KXHYPE15M-26OCT042215-15,0.9990,664.64,no
2026-10-05T02:14:40.111452Z,KXHYPE15M-26OCT042215-15,0.9990,1.00,no
2026-10-05T02:14:40.111452Z,KXHYPE15M-26OCT042215-15,0.9990,55.22,no
2026-10-05T02:14:40.111452Z,KXHYPE15M-26OCT042215-15,0.9990,7.82,no
2026-10-05T02:14:40.111452Z,KXHYPE15M-26OCT042215-15,0.9990,71.00,no
2026-10-05T02:14:40.129563Z,KXHYPE15M-26OCT042215-15,0.9990,65.00,yes
2026-10-05T02:14:40.130737Z,KXHYPE15M-26OCT042215-15,0.9990,0.39,yes
2026-10-05T02:14:40.130737Z,KXHYPE15M-26OCT042215-15,0.9990,49.61,yes
2026-10-05T02:10:46.050878Z,KXZEC15M-26OCT042215-15,0.9880,102.00,no
2026-10-05T02:10:46.050878Z,KXZEC15M-26OCT042215-15,0.9880,9.00,no
2026-10-05T02:10:46.050878Z,KXZEC15M-26OCT042215-15,0.9890,17.00,no
2026-10-05T02:10:46.050878Z,KXZEC15M-26OCT042215-15,0.9870,15.83,no
2026-10-05T02:10:46.050878Z,KXZEC15M-26OCT042215-15,0.9900,12.00,no
2026-10-05T02:10:46.050878Z,KXZEC15M-26OCT042215-15,0.9900,0.05,no
2026-10-05T02:10:46.050878Z,KXZEC15M-26OCT042215-15,0.9920,0.04,no
2026-10-05T02:10:46.050878Z,KXZEC15M-26OCT042215-15,0.9910,0.04,no
2026-10-05T02:10:46.050878Z,KXZEC15M-26OCT042215-15,0.9920,1.00,no
2026-10-05T02:11:01.171073Z,KXZEC15M-26OCT042215-15,0.9930,1.00,yes
2026-10-05T02:11:01.171073Z,KXZEC15M-26OCT042215-15,0.9930,0.03,yes
2026-10-05T02:11:01.171073Z,KXZEC15M-26OCT042215-15,0.9940,3.97,yes
2026-10-05T02:11:01.299456Z,KXZEC15M-26OCT042215-15,0.9870,49.23,no
2026-10-05T02:11:01.299456Z,KXZEC15M-26OCT042215-15,0.9870,11.00,no
2026-10-05T02:11:01.299456Z,KXZEC15M-26OCT042215-15,0.9880,0.03,no
2026-10-05T02:11:01.299456Z,KXZEC15M-26OCT042215-15,0.9880,0.04,no
2026-10-05T02:11:03.442228Z,KXZEC15M-26OCT042215-15,0.9950,11.00,yes
2026-10-05T02:11:03.442228Z,KXZEC15M-26OCT042215-15,0.9960,521.12,yes
2026-10-05T02:11:03.442228Z,KXZEC15M-26OCT042215-15,0.9940,0.03,yes
2026-10-05T02:11:03.442228Z,KXZEC15M-26OCT042215-15,0.9950,1.85,yes
2026-10-05T02:11:14.865285Z,KXZEC15M-26OCT042215-15,0.9960,6.25,yes
2026-10-05T02:11:31.602452Z,KXZEC15M-26OCT042215-15,0.9960,8.52,yes
2026-10-05T02:11:36.998588Z,KXZEC15M-26OCT042215-15,0.9950,6.25,no
2026-10-05T02:11:36.998588Z,KXZEC15M-26OCT042215-15,0.9940,3.11,no
2026-10-05T02:11:36.998588Z,KXZEC15M-26OCT042215-15,0.9950,8.52,no
2026-10-05T02:11:41.028814Z,KXZEC15M-26OCT042215-15,0.9960,5.23,yes
2026-10-05T02:11:41.028814Z,KXZEC15M-26OCT042215-15,0.9960,1.00,yes
2026-10-05T02:11:41.028814Z,KXZEC15M-26OCT042215-15,0.9960,1.00,yes
2026-10-05T02:11:41.028814Z,KXZEC15M-26OCT042215-15,0.9960,1.00,yes
2026-10-05T02:11:41.028814Z,KXZEC15M-26OCT042215-15,0.9960,1.00,yes
2026-10-05T02:11:41.028814Z,KXZEC15M-26OCT042215-15,0.9960,13.00,yes
2026-10-05T02:11:41.028814Z,KXZEC15M-26OCT042215-15,0.9960,1.00,yes
2026-10-05T02:11:41.028814Z,KXZEC15M-26OCT042215-15,0.9960,5.00,yes
2026-10-05T02:11:41.028814Z,KXZEC15M-26OCT042215-15,0.9960,0.03,yes
2026-10-05T02:11:45.131732Z,KXZEC15M-26OCT042215-15,0.9970,1.00,yes
2026-10-05T02:11:47.9447Z,KXZEC15M-26OCT042215-15,0.9960,2.10,no
2026-10-05T02:11:55.924359Z,KXZEC15M-26OCT042215-15,0.9920,88.00,no
2026-10-05T02:11:55.924359Z,KXZEC15M-26OCT042215-15,0.9910,43.47,no
2026-10-05T02:11:55.924359Z,KXZEC15M-26OCT042215-15,0.9940,84.89,no
2026-10-05T02:11:55.924359Z,KXZEC15M-26OCT042215-15,0.9930,88.00,no
2026-10-05T02:11:55.924359Z,KXZEC15M-26OCT042215-15,0.9950,1.00,no
2026-10-05T02:11:55.924359Z,KXZEC15M-26OCT042215-15,0.9950,0.03,no
2026-10-05T02:11:55.924359Z,KXZEC15M-26OCT042215-15,0.9920,1.00,no
2026-10-05T02:11:55.924359Z,KXZEC15M-26OCT042215-15,0.9940,5.00,no
2026-10-05T02:11:55.924359Z,KXZEC15M-26OCT042215-15,0.9950,0.05,no
2026-10-05T02:11:55.924359Z,KXZEC15M-26OCT042215-15,0.9950,5.23,no
2026-10-05T02:11:55.924359Z,KXZEC15M-26OCT042215-15,0.9930,0.03,no
2026-10-05T02:11:55.924359Z,KXZEC15M-26OCT042215-15,0.9940,0.03,no
2026-10-05T02:11:55.924359Z,KXZEC15M-26OCT042215-15,0.9960,0.05,no
2026-10-05T02:11:55.924359Z,KXZEC15M-26OCT042215-15,0.9960,9.90,no
2026-10-05T02:11:55.924359Z,KXZEC15M-26OCT042215-15,0.9920,2.00,no
2026-10-05T02:11:55.924359Z,KXZEC15M-26OCT042215-15,0.9910,49.00,no
2026-10-05T02:11:57.243943Z,KXZEC15M-26OCT042215-15,0.9960,2.00,yes
2026-10-05T02:11:57.243943Z,KXZEC15M-26OCT042215-15,0.9960,1.00,yes
2026-10-05T02:12:01.156902Z,KXZEC15M-26OCT042215-15,0.9970,20.00,yes
2026-10-05T02:12:01.156902Z,KXZEC15M-26OCT042215-15,0.9970,173.21,yes
2026-10-05T02:12:01.156902Z,KXZEC15M-26OCT042215-15,0.9960,2.00,yes
2026-10-05T02:12:01.156902Z,KXZEC15M-26OCT042215-15,0.9960,18.00,yes
2026-10-05T02:12:01.156902Z,KXZEC15M-26OCT042215-15,0.9960,0.03,yes
2026-10-05T02:12:01.156902Z,KXZEC15M-26OCT042215-15,0.9960,5.00,yes
2026-10-05T02:12:02.841123Z,KXZEC15M-26OCT042215-15,0.9910,0.05,no
2026-10-05T02:12:02.841123Z,KXZEC15M-26OCT042215-15,0.9920,0.04,no
2026-10-05T02:12:02.841123Z,KXZEC15M-26OCT042215-15,0.9920,1.00,no
2026-10-05T02:12:02.841123Z,KXZEC15M-26OCT042215-15,0.9930,20.00,no
2026-10-05T02:12:02.841123Z,KXZEC15M-26OCT042215-15,0.9930,0.04,no
2026-10-05T02:12:02.841123Z,KXZEC15M-26OCT042215-15,0.9930,173.21,no
2026-10-05T02:12:02.841123Z,KXZEC15M-26OCT042215-15,0.9910,49.00,no
2026-10-05T02:12:02.841123Z,KXZEC15M-26OCT042215-15,0.9900,243.14,no
2026-10-05T02:12:02.841123Z,KXZEC15M-26OCT042215-15,0.9910,48.53,no
2026-10-05T02:12:02.956997Z,KXZEC15M-26OCT042215-15,0.9900,1.31,no
2026-10-05T02:12:07.217691Z,KXZEC15M-26OCT042215-15,0.9960,1.00,yes
2026-10-05T02:12:07.217691Z,KXZEC15M-26OCT042215-15,0.9960,20.00,yes
2026-10-05T02:12:07.217691Z,KXZEC15M-26OCT042215-15,0.9960,5.00,yes
2026-10-05T02:12:07.217691Z,KXZEC15M-26OCT042215-15,0.9960,0.03,yes
2026-10-05T02:12:17.93101Z,KXZEC15M-26OCT042215-15,0.9970,76.79,yes
2026-10-05T02:12:17.93101Z,KXZEC15M-26OCT042215-15,0.9970,18.00,yes
2026-10-05T02:12:17.93101Z,KXZEC15M-26OCT042215-15,0.9970,2.00,yes
2026-10-05T02:12:17.93101Z,KXZEC15M-26OCT042215-15,0.9970,2.00,yes
2026-10-05T02:12:17.93101Z,KXZEC15M-26OCT042215-15,0.9970,2.00,yes
2026-10-05T02:12:17.93101Z,KXZEC15M-26OCT042215-15,0.9970,2.00,yes
2026-10-05T02:12:17.93101Z,KXZEC15M-26OCT042215-15,0.9970,2.00,yes
2026-10-05T02:12:17.93101Z,KXZEC15M-26OCT042215-15,0.9970,0.03,yes
2026-10-05T02:12:17.93101Z,KXZEC15M-26OCT042215-15,0.9970,5.00,yes
2026-10-05T02:12:17.93101Z,KXZEC15M-26OCT042215-15,0.9970,5.00,yes
2026-10-05T02:12:18.06161Z,KXZEC15M-26OCT042215-15,0.9970,153.87,no
2026-10-05T02:12:21.897214Z,KXZEC15M-26OCT042215-15,0.9980,1.00,yes
2026-10-05T02:12:22.053318Z,KXZEC15M-26OCT042215-15,0.9980,1.00,yes
2026-10-05T02:12:22.292731Z,KXZEC15M-26OCT042215-15,0.9980,63.52,yes
2026-10-05T02:12:22.407222Z,KXZEC15M-26OCT042215-15,0.9980,1.00,yes
2026-10-05T02:12:29.262493Z,KXZEC15M-26OCT042215-15,0.9980,33.48,yes
2026-10-05T02:12:29.262493Z,KXZEC15M-26OCT042215-15,0.9980,200.00,yes
2026-10-05T02:12:29.262493Z,KXZEC15M-26OCT042215-15,0.9980,843.52,yes
2026-10-05T02:12:49.023207Z,KXZEC15M-26OCT042215-15,0.9980,15.02,yes
2026-10-05T02:12:50.518774Z,KXZEC15M-26OCT042215-15,0.9980,4.98,yes
2026-10-05T02:12:50.518774Z,KXZEC15M-26OCT042215-15,0.9980,149.02,yes
2026-10-05T02:13:00.482266Z,KXZEC15M-26OCT042215-15,0.9980,200.00,yes
2026-10-05T02:13:02.006425Z,KXZEC15M-26OCT042215-15,0.9980,5.00,yes
2026-10-05T02:13:02.972145Z,KXZEC15M-26OCT042215-15,0.9980,75.00,yes
2026-10-05T02:13:08.269119Z,KXZEC15M-26OCT042215-15,0.9980,11.02,yes
2026-10-05T02:13:12.057042Z,KXZEC15M-26OCT042215-15,0.9980,22.04,yes
2026-10-05T02:13:13.33847Z,KXZEC15M-26OCT042215-15,0.9980,30.03,yes
2026-10-05T02:13:15.907156Z,KXZEC15M-26OCT042215-15,0.9980,25.17,yes
2026-10-05T02:13:15.907156Z,KXZEC15M-26OCT042215-15,0.9980,7.89,yes
2026-10-05T02:13:20.313274Z,KXZEC15M-26OCT042215-15,0.9980,3.00,yes
2026-10-05T02:13:20.313274Z,KXZEC15M-26OCT042215-15,0.9980,3.00,yes
2026-10-05T02:13:20.313274Z,KXZEC15M-26OCT042215-15,0.9980,3.00,yes
2026-10-05T02:13:20.313274Z,KXZEC15M-26OCT042215-15,0.9980,3.00,yes
2026-10-05T02:13:20.313274Z,KXZEC15M-26OCT042215-15,0.9980,26.00,yes
2026-10-05T02:13:20.313274Z,KXZEC15M-26OCT042215-15,0.9980,3.00,yes
2026-10-05T02:13:20.313274Z,KXZEC15M-26OCT042215-15,0.9980,3.08,yes
2026-10-05T02:13:24.592363Z,KXZEC15M-26OCT042215-15,0.9980,17.28,yes
2026-10-05T02:13:24.592363Z,KXZEC15M-26OCT042215-15,0.9980,1.92,yes
2026-10-05T02:13:24.643712Z,KXZEC15M-26OCT042215-15,0.9980,1.00,yes
2026-10-05T02:13:25.41957Z,KXZEC15M-26OCT042215-15,0.9980,19.20,yes
2026-10-05T02:13:25.538976Z,KXZEC15M-26OCT042215-15,0.9990,12.20,yes
2026-10-05T02:13:25.538976Z,KXZEC15M-26OCT042215-15,0.9980,0.20,yes
2026-10-05T02:13:25.538976Z,KXZEC15M-26OCT042215-15,0.9980,0.28,yes
2026-10-05T02:13:25.538976Z,KXZEC15M-26OCT042215-15,0.9980,5.00,yes
2026-10-05T02:13:25.538976Z,KXZEC15M-26OCT042215-15,0.9980,0.03,yes
2026-10-05T02:13:25.538976Z,KXZEC15M-26OCT042215-15,0.9980,12.66,yes
2026-10-05T02:13:25.538976Z,KXZEC15M-26OCT042215-15,0.9980,22.52,yes
2026-10-05T02:13:26.0742Z,KXZEC15M-26OCT042215-15,0.9980,12.20,no
2026-10-05T02:13:26.0742Z,KXZEC15M-26OCT042215-15,0.9980,149.02,no
2026-10-05T02:13:26.0742Z,KXZEC15M-26OCT042215-15,0.9980,145.47,no
2026-10-05T02:13:26.237488Z,KXZEC15M-26OCT042215-15,0.9990,19.20,yes
2026-10-05T02:13:27.014909Z,KXZEC15M-26OCT042215-15,0.9990,19.19,yes
2026-10-05T02:13:30.035466Z,KXZEC15M-26OCT042215-15,0.9980,21.47,no
2026-10-05T02:13:30.035466Z,KXZEC15M-26OCT042215-15,0.9980,5.00,no
2026-10-05T02:13:30.035466Z,KXZEC15M-26OCT042215-15,0.9980,54.53,no
2026-10-05T02:13:30.675729Z,KXZEC15M-26OCT042215-15,0.9990,66.06,yes
2026-10-05T02:13:31.019917Z,KXZEC15M-26OCT042215-15,0.9990,53.00,yes
2026-10-05T02:13:31.073436Z,KXZEC15M-26OCT042215-15,0.9990,20.00,yes
2026-10-05T02:13:31.073436Z,KXZEC15M-26OCT042215-15,0.9990,1.00,yes
2026-10-05T02:13:31.073436Z,KXZEC15M-26OCT042215-15,0.9990,1.00,yes
2026-10-05T02:13:31.073436Z,KXZEC15M-26OCT042215-15,0.9990,30.35,yes
2026-10-05T02:13:31.073436Z,KXZEC15M-26OCT042215-15,0.9990,648.65,yes
2026-10-05T02:13:35.472647Z,KXZEC15M-26OCT042215-15,0.9990,268.00,yes
2026-10-05T02:13:36.804557Z,KXZEC15M-26OCT042215-15,0.9990,1.00,yes
2026-10-05T02:13:36.983067Z,KXZEC15M-26OCT042215-15,0.9990,77.07,yes
2026-10-05T02:13:38.909033Z,KXZEC15M-26OCT042215-15,0.9990,14.62,yes
2026-10-05T02:13:38.974054Z,KXZEC15M-26OCT042215-15,0.9990,16.88,yes
2026-10-05T02:13:45.533393Z,KXZEC15M-26OCT042215-15,0.9990,1.00,yes
2026-10-05T02:13:45.533393Z,KXZEC15M-26OCT042215-15,0.9990,2.67,yes
2026-10-05T02:13:46.317396Z,KXZEC15M-26OCT042215-15,0.9990,2.33,yes
2026-10-05T02:13:46.317396Z,KXZEC15M-26OCT042215-15,0.9990,1.34,yes
2026-10-05T02:13:47.112912Z,KXZEC15M-26OCT042215-15,0.9990,3.68,yes
2026-10-05T02:13:49.468549Z,KXZEC15M-26OCT042215-15,0.9990,0.83,yes
2026-10-05T02:13:49.468549Z,KXZEC15M-26OCT042215-15,0.9990,3.00,yes
2026-10-05T02:13:49.468549Z,KXZEC15M-26OCT042215-15,0.9990,7.18,yes
2026-10-05T02:13:50.287031Z,KXZEC15M-26OCT042215-15,0.9990,1.00,yes
2026-10-05T02:13:50.287031Z,KXZEC15M-26OCT042215-15,0.9990,4.34,yes
2026-10-05T02:13:50.287031Z,KXZEC15M-26OCT042215-15,0.9990,0.17,yes
2026-10-05T02:13:51.059221Z,KXZEC15M-26OCT042215-15,0.9990,5.00,yes
2026-10-05T02:13:51.09877Z,KXZEC15M-26OCT042215-15,0.9990,53.53,no
2026-10-05T02:13:52.058202Z,KXZEC15M-26OCT042215-15,0.9990,5.00,no
2026-10-05T02:13:52.058202Z,KXZEC15M-26OCT042215-15,0.9990,61.27,no
2026-10-05T02:13:52.058202Z,KXZEC15M-26OCT042215-15,0.9990,149.00,no
2026-10-05T02:13:52.058202Z,KXZEC15M-26OCT042215-15,0.9990,7.89,no
2026-10-05T02:13:52.058202Z,KXZEC15M-26OCT042215-15,0.9990,30.03,no
2026-10-05T02:14:47.872662Z,KXZEC15M-26OCT042215-15,0.9990,78.61,no
2026-10-05T02:14:47.872662Z,KXZEC15M-26OCT042215-15,0.9990,250.00,no
2026-10-05T02:14:47.872662Z,KXZEC15M-26OCT042215-15,0.9990,587.38,no
2026-10-05T02:11:35.129857Z,KXWTI15M-26OCT042215-15,0.0120,5.00,no
2026-10-05T02:11:37.52101Z,KXWTI15M-26OCT042215-15,0.0120,2.02,no
2026-10-05T02:11:42.566082Z,KXWTI15M-26OCT042215-15,0.0130,5.00,yes
2026-10-05T02:11:42.782541Z,KXWTI15M-26OCT042215-15,0.0130,7.00,yes
2026-10-05T02:11:42.782541Z,KXWTI15M-26OCT042215-15,0.0130,23.00,yes
2026-10-05T02:11:48.32387Z,KXWTI15M-26OCT042215-15,0.0130,2.00,yes
2026-10-05T02:11:52.305948Z,KXWTI15M-26OCT042215-15,0.0120,505.64,no
2026-10-05T02:11:52.318266Z,KXWTI15M-26OCT042215-15,0.0120,15.00,no
2026-10-05T02:11:52.880009Z,KXWTI15M-26OCT042215-15,0.0120,1.01,no
2026-10-05T02:11:58.539117Z,KXWTI15M-26OCT042215-15,0.0120,3.03,no
2026-10-05T02:11:59.817921Z,KXWTI15M-26OCT042215-15,0.0120,11.00,no
2026-10-05T02:12:01.901879Z,KXWTI15M-26OCT042215-15,0.0100,15.24,no
2026-10-05T02:12:01.901879Z,KXWTI15M-26OCT042215-15,0.0100,2.00,no
2026-10-05T02:12:01.901879Z,KXWTI15M-26OCT042215-15,0.0110,20.00,no
2026-10-05T02:12:01.901879Z,KXWTI15M-26OCT042215-15,0.0110,2.00,no
2026-10-05T02:12:01.901879Z,KXWTI15M-26OCT042215-15,0.0110,1.00,no
2026-10-05T02:12:01.901879Z,KXWTI15M-26OCT042215-15,0.0110,100.00,no
2026-10-05T02:12:01.901879Z,KXWTI15M-26OCT042215-15,0.0110,10.00,no
2026-10-05T02:12:01.901879Z,KXWTI15M-26OCT042215-15,0.0110,2.00,no
2026-10-05T02:12:01.901879Z,KXWTI15M-26OCT042215-15,0.0100,25.00,no
2026-10-05T02:12:01.901879Z,KXWTI15M-26OCT042215-15,0.0110,100.00,no
2026-10-05T02:12:01.901879Z,KXWTI15M-26OCT042215-15,0.0100,3.00,no
2026-10-05T02:12:01.901879Z,KXWTI15M-26OCT042215-15,0.0110,8.00,no
2026-10-05T02:12:01.901879Z,KXWTI15M-26OCT042215-15,0.0100,25.00,no
2026-10-05T02:12:01.901879Z,KXWTI15M-26OCT042215-15,0.0100,1.13,no
2026-10-05T02:12:01.901879Z,KXWTI15M-26OCT042215-15,0.0100,3.00,no
2026-10-05T02:12:01.901879Z,KXWTI15M-26OCT042215-15,0.0100,6.10,no
2026-10-05T02:12:01.901879Z,KXWTI15M-26OCT042215-15,0.0120,2116.90,no
2026-10-05T02:12:01.901879Z,KXWTI15M-26OCT042215-15,0.0100,63.90,no
2026-10-05T02:12:01.901879Z,KXWTI15M-26OCT042215-15,0.0100,26.58,no
2026-10-05T02:12:01.901879Z,KXWTI15M-26OCT042215-15,0.0100,14.98,no
2026-10-05T02:12:01.901879Z,KXWTI15M-26OCT042215-15,0.0100,0.08,no
2026-10-05T02:12:01.901879Z,KXWTI15M-26OCT042215-15,0.0100,17.00,no
2026-10-05T02:12:01.901879Z,KXWTI15M-26OCT042215-15,0.0100,60.00,no
2026-10-05T02:12:01.901879Z,KXWTI15M-26OCT042215-15,0.0100,60.00,no
2026-10-05T02:12:01.901879Z,KXWTI15M-26OCT042215-15,0.0110,17.00,no
2026-10-05T02:12:01.901879Z,KXWTI15M-26OCT042215-15,0.0100,533.59,no
2026-10-05T02:12:01.901879Z,KXWTI15M-26OCT042215-15,0.0110,23.00,no
2026-10-05T02:12:03.456558Z,KXWTI15M-26OCT042215-15,0.0130,35.00,yes
2026-10-05T02:12:03.456558Z,KXWTI15M-26OCT042215-15,0.0130,25.00,yes
2026-10-05T02:12:03.456558Z,KXWTI15M-26OCT042215-15,0.0140,5.34,yes
2026-10-05T02:12:03.456558Z,KXWTI15M-26OCT042215-15,0.0130,46.00,yes
2026-10-05T02:12:03.456558Z,KXWTI15M-26OCT042215-15,0.0130,32.00,yes
2026-10-05T02:12:04.081672Z,KXWTI15M-26OCT042215-15,0.0100,85.00,no
2026-10-05T02:12:04.081672Z,KXWTI15M-26OCT042215-15,0.0100,25.00,no
2026-10-05T02:12:04.372969Z,KXWTI15M-26OCT042215-15,0.0100,89.36,no
2026-10-05T02:12:05.082947Z,KXWTI15M-26OCT042215-15,0.0130,10.07,yes
2026-10-05T02:12:05.082947Z,KXWTI15M-26OCT042215-15,0.0120,42.00,yes
2026-10-05T02:12:05.082947Z,KXWTI15M-26OCT042215-15,0.0120,25.00,yes
2026-10-05T02:12:05.594562Z,KXWTI15M-26OCT042215-15,0.0120,39.00,yes
2026-10-05T02:12:05.594562Z,KXWTI15M-26OCT042215-15,0.0130,11.00,yes
2026-10-05T02:12:05.594562Z,KXWTI15M-26OCT042215-15,0.0140,70.70,yes
2026-10-05T02:12:05.594562Z,KXWTI15M-26OCT042215-15,0.0140,11.00,yes
2026-10-05T02:12:05.594562Z,KXWTI15M-26OCT042215-15,0.0140,3.03,yes
2026-10-05T02:12:05.594562Z,KXWTI15M-26OCT042215-15,0.0140,1.01,yes
2026-10-05T02:12:05.594562Z,KXWTI15M-26OCT042215-15,0.0140,15.00,yes
2026-10-05T02:12:05.594562Z,KXWTI15M-26OCT042215-15,0.0140,505.64,yes
2026-10-05T02:12:05.594562Z,KXWTI15M-26OCT042215-15,0.0140,2.02,yes
2026-10-05T02:12:05.594562Z,KXWTI15M-26OCT042215-15,0.0140,5.00,yes
2026-10-05T02:12:05.594562Z,KXWTI15M-26OCT042215-15,0.0140,4.77,yes
2026-10-05T02:12:06.895806Z,KXWTI15M-26OCT042215-15,0.0120,1.05,yes
2026-10-05T02:12:09.825323Z,KXWTI15M-26OCT042215-15,0.0120,1.00,yes
2026-10-05T02:12:09.825323Z,KXWTI15M-26OCT042215-15,0.0130,6.00,yes
2026-10-05T02:12:09.825323Z,KXWTI15M-26OCT042215-15,0.0120,34.95,yes
2026-10-05T02:12:09.825323Z,KXWTI15M-26OCT042215-15,0.0140,29.39,yes
2026-10-05T02:12:12.456191Z,KXWTI15M-26OCT042215-15,0.0050,11.00,no
2026-10-05T02:12:12.456191Z,KXWTI15M-26OCT042215-15,0.0060,200.00,no
2026-10-05T02:12:12.456191Z,KXWTI15M-26OCT042215-15,0.0060,30.00,no
2026-10-05T02:12:12.456191Z,KXWTI15M-26OCT042215-15,0.0050,30.00,no
2026-10-05T02:12:12.456191Z,KXWTI15M-26OCT042215-15,0.0100,25.00,no
2026-10-05T02:12:12.456191Z,KXWTI15M-26OCT042215-15,0.0100,1.00,no
2026-10-05T02:12:12.456191Z,KXWTI15M-26OCT042215-15,0.0050,8.61,no
2026-10-05T02:12:14.135389Z,KXWTI15M-26OCT042215-15,0.0120,25.00,yes
2026-10-05T02:12:14.135389Z,KXWTI15M-26OCT042215-15,0.0120,40.00,yes
2026-10-05T02:12:14.135389Z,KXWTI15M-26OCT042215-15,0.0120,30.00,yes
2026-10-05T02:12:14.835127Z,KXWTI15M-26OCT042215-15,0.0120,10.00,no
2026-10-05T02:12:14.835127Z,KXWTI15M-26OCT042215-15,0.0120,905.00,no
2026-10-05T02:12:14.835127Z,KXWTI15M-26OCT042215-15,0.0120,1.00,no
2026-10-05T02:12:15.156697Z,KXWTI15M-26OCT042215-15,0.0050,24.77,no
2026-10-05T02:12:15.218088Z,KXWTI15M-26OCT042215-15,0.0030,10.00,no
2026-10-05T02:12:15.218088Z,KXWTI15M-26OCT042215-15,0.0030,250.00,no
2026-10-05T02:12:15.218088Z,KXWTI15M-26OCT042215-15,0.0020,186.76,no
2026-10-05T02:12:15.218088Z,KXWTI15M-26OCT042215-15,0.0030,108.00,no
2026-10-05T02:12:15.218088Z,KXWTI15M-26OCT042215-15,0.0040,1.00,no
2026-10-05T02:12:15.218088Z,KXWTI15M-26OCT042215-15,0.0030,2.00,no
2026-10-05T02:12:15.218088Z,KXWTI15M-26OCT042215-15,0.0030,2.00,no
2026-10-05T02:12:15.218088Z,KXWTI15M-26OCT042215-15,0.0040,1.00,no
2026-10-05T02:12:15.218088Z,KXWTI15M-26OCT042215-15,0.0040,1.00,no
2026-10-05T02:12:15.218088Z,KXWTI15M-26OCT042215-15,0.0030,2.00,no
2026-10-05T02:12:15.218088Z,KXWTI15M-26OCT042215-15,0.0040,13.00,no
2026-10-05T02:12:15.218088Z,KXWTI15M-26OCT042215-15,0.0030,18.00,no
2026-10-05T02:12:15.218088Z,KXWTI15M-26OCT042215-15,0.0040,1.00,no
2026-10-05T02:12:15.218088Z,KXWTI15M-26OCT042215-15,0.0030,2.00,no
2026-10-05T02:12:15.218088Z,KXWTI15M-26OCT042215-15,0.0040,1.00,no
2026-10-05T02:12:15.218088Z,KXWTI15M-26OCT042215-15,0.0030,2.00,no
2026-10-05T02:12:15.218088Z,KXWTI15M-26OCT042215-15,0.0040,30.00,no
2026-10-05T02:12:15.218088Z,KXWTI15M-26OCT042215-15,0.0050,10.00,no
2026-10-05T02:12:15.218088Z,KXWTI15M-26OCT042215-15,0.0050,31.23,no
2026-10-05T02:12:15.218088Z,KXWTI15M-26OCT042215-15,0.0050,30.00,no
2026-10-05T02:12:15.382771Z,KXWTI15M-26OCT042215-15,0.0100,8.00,yes
2026-10-05T02:12:15.382771Z,KXWTI15M-26OCT042215-15,0.0100,25.00,yes
2026-10-05T02:12:19.064156Z,KXWTI15M-26OCT042215-15,0.0040,5.01,no
2026-10-05T02:12:19.843234Z,KXWTI15M-26OCT042215-15,0.0040,11.00,no
2026-10-05T02:12:19.843631Z,KXWTI15M-26OCT042215-15,0.0040,47.99,no
2026-10-05T02:12:23.076311Z,KXWTI15M-26OCT042215-15,0.0040,229.04,yes
2026-10-05T02:12:25.975179Z,KXWTI15M-26OCT042215-15,0.0020,231.20,no
2026-10-05T02:12:25.975179Z,KXWTI15M-26OCT042215-15,0.0020,213.24,no
2026-10-05T02:12:25.975179Z,KXWTI15M-26OCT042215-15,0.0030,25.00,no
2026-10-05T02:12:25.975179Z,KXWTI15M-26OCT042215-15,0.0030,72.00,no
2026-10-05T02:12:25.975179Z,KXWTI15M-26OCT042215-15,0.0030,200.00,no
2026-10-05T02:12:25.975179Z,KXWTI15M-26OCT042215-15,0.0030,1.00,no
2026-10-05T02:12:26.826221Z,KXWTI15M-26OCT042215-15,0.0040,23.37,yes
2026-10-05T02:12:26.84939Z,KXWTI15M-26OCT042215-15,0.0040,800.41,yes
2026-10-05T02:12:26.84939Z,KXWTI15M-26OCT042215-15,0.0050,63.32,yes
2026-10-05T02:12:26.84939Z,KXWTI15M-26OCT042215-15,0.0040,10.00,yes
2026-10-05T02:12:26.84939Z,KXWTI15M-26OCT042215-15,0.0040,242.00,yes
2026-10-05T02:12:26.84939Z,KXWTI15M-26OCT042215-15,0.0050,10.00,yes
2026-10-05T02:12:30.020614Z,KXWTI15M-26OCT042215-15,0.0030,1.00,no
2026-10-05T02:12:32.580577Z,KXWTI15M-26OCT042215-15,0.0040,23.37,yes
2026-10-05T02:12:33.538404Z,KXWTI15M-26OCT042215-15,0.0040,16.63,yes
2026-10-05T02:12:41.312339Z,KXWTI15M-26OCT042215-15,0.0040,609.08,no
2026-10-05T02:12:44.185445Z,KXWTI15M-26OCT042215-15,0.0040,200.00,no
2026-10-05T02:12:44.212762Z,KXWTI15M-26OCT042215-15,0.0040,174.00,no
2026-10-05T02:12:48.408582Z,KXWTI15M-26OCT042215-15,0.0050,19.09,yes
2026-10-05T02:12:48.408582Z,KXWTI15M-26OCT042215-15,0.0050,167.88,yes
2026-10-05T02:12:49.578906Z,KXWTI15M-26OCT042215-15,0.0100,7.00,yes
2026-10-05T02:12:49.578906Z,KXWTI15M-26OCT042215-15,0.0060,60.00,yes
2026-10-05T02:12:49.578906Z,KXWTI15M-26OCT042215-15,0.0050,40.00,yes
2026-10-05T02:12:49.578906Z,KXWTI15M-26OCT042215-15,0.0070,30.00,yes
2026-10-05T02:12:49.578906Z,KXWTI15M-26OCT042215-15,0.0050,380.91,yes
2026-10-05T02:12:49.578906Z,KXWTI15M-26OCT042215-15,0.0110,107.98,yes
2026-10-05T02:12:49.578906Z,KXWTI15M-26OCT042215-15,0.0050,10.00,yes
2026-10-05T02:12:49.578906Z,KXWTI15M-26OCT042215-15,0.0070,30.00,yes
2026-10-05T02:12:49.578906Z,KXWTI15M-26OCT042215-15,0.0070,60.00,yes
2026-10-05T02:12:49.578906Z,KXWTI15M-26OCT042215-15,0.0050,10.00,yes
2026-10-05T02:12:50.753117Z,KXWTI15M-26OCT042215-15,0.0150,200.00,yes
2026-10-05T02:12:50.753117Z,KXWTI15M-26OCT042215-15,0.0110,71.00,yes
2026-10-05T02:12:50.753117Z,KXWTI15M-26OCT042215-15,0.0140,31.00,yes
2026-10-05T02:12:50.753117Z,KXWTI15M-26OCT042215-15,0.0200,22.45,yes
2026-10-05T02:12:50.753117Z,KXWTI15M-26OCT042215-15,0.0110,0.02,yes
2026-10-05T02:12:59.194633Z,KXWTI15M-26OCT042215-15,0.0150,62.36,yes
2026-10-05T02:12:59.576924Z,KXWTI15M-26OCT042215-15,0.0020,575.37,no
2026-10-05T02:12:59.576924Z,KXWTI15M-26OCT042215-15,0.0030,51.00,no
2026-10-05T02:12:59.576924Z,KXWTI15M-26OCT042215-15,0.0030,25.00,no
2026-10-05T02:12:59.576924Z,KXWTI15M-26OCT042215-15,0.0040,200.00,no
2026-10-05T02:12:59.576924Z,KXWTI15M-26OCT042215-15,0.0030,250.00,no
2026-10-05T02:12:59.576924Z,KXWTI15M-26OCT042215-15,0.0040,0.29,no
2026-10-05T02:12:59.576924Z,KXWTI15M-26OCT042215-15,0.0040,1.00,no
2026-10-05T02:12:59.687996Z,KXWTI15M-26OCT042215-15,0.0020,193.43,no
2026-10-05T02:12:59.687996Z,KXWTI15M-26OCT042215-15,0.0020,93.61,no
2026-10-05T02:12:59.718826Z,KXWTI15M-26OCT042215-15,0.0030,36.00,no
2026-10-05T02:13:04.349467Z,KXWTI15M-26OCT042215-15,0.0050,186.97,yes
2026-10-05T02:13:05.622794Z,KXWTI15M-26OCT042215-15,0.0050,186.97,yes
2026-10-05T02:13:06.061762Z,KXWTI15M-26OCT042215-15,0.0050,186.97,yes
2026-10-05T02:13:11.872747Z,KXWTI15M-26OCT042215-15,0.0050,1.83,yes
2026-10-05T02:13:13.381447Z,KXWTI15M-26OCT042215-15,0.0050,10.00,yes
2026-10-05T02:13:15.241845Z,KXWTI15M-26OCT042215-15,0.0050,2.63,yes
2026-10-05T02:13:15.241845Z,KXWTI15M-26OCT042215-15,0.0050,97.37,yes
2026-10-05T02:13:15.499685Z,KXWTI15M-26OCT042215-15,0.0040,5.01,no
2026-10-05T02:13:17.138463Z,KXWTI15M-26OCT042215-15,0.0050,40.00,yes
2026-10-05T02:13:17.138463Z,KXWTI15M-26OCT042215-15,0.0050,10.00,yes
2026-10-05T02:13:17.138463Z,KXWTI15M-26OCT042215-15,0.0050,30.00,yes
2026-10-05T02:13:17.138463Z,KXWTI15M-26OCT042215-15,0.0050,60.00,yes
2026-10-05T02:13:17.138463Z,KXWTI15M-26OCT042215-15,0.0050,30.00,yes
2026-10-05T02:13:17.138463Z,KXWTI15M-26OCT042215-15,0.0050,60.00,yes
2026-10-05T02:13:17.138463Z,KXWTI15M-26OCT042215-15,0.0050,141.26,yes
2026-10-05T02:13:17.138463Z,KXWTI15M-26OCT042215-15,0.0050,93.61,yes
2026-10-05T02:13:17.138463Z,KXWTI15M-26OCT042215-15,0.0050,96.06,yes
2026-10-05T02:13:18.918502Z,KXWTI15M-26OCT042215-15,0.0050,5.01,yes
2026-10-05T02:13:19.844961Z,KXWTI15M-26OCT042215-15,0.0040,10.03,no
2026-10-05T02:13:20.081064Z,KXWTI15M-26OCT042215-15,0.0040,15.00,no
2026-10-05T02:13:21.780018Z,KXWTI15M-26OCT042215-15,0.0040,10.03,no
2026-10-05T02:13:22.16437Z,KXWTI15M-26OCT042215-15,0.0050,60.00,yes
2026-10-05T02:13:22.16437Z,KXWTI15M-26OCT042215-15,0.0050,11.24,yes
2026-10-05T02:13:22.16437Z,KXWTI15M-26OCT042215-15,0.0050,12.00,yes
2026-10-05T02:13:22.16437Z,KXWTI15M-26OCT042215-15,0.0050,103.73,yes
2026-10-05T02:13:23.192211Z,KXWTI15M-26OCT042215-15,0.0040,1.00,no
2026-10-05T02:13:23.192211Z,KXWTI15M-26OCT042215-15,0.0040,159.93,no
2026-10-05T02:13:23.207928Z,KXWTI15M-26OCT042215-15,0.0040,200.00,no
2026-10-05T02:13:23.223195Z,KXWTI15M-26OCT042215-15,0.0030,48.00,no
2026-10-05T02:13:23.223195Z,KXWTI15M-26OCT042215-15,0.0030,25.00,no
2026-10-05T02:13:24.979314Z,KXWTI15M-26OCT042215-15,0.0030,2.00,no
2026-10-05T02:13:25.108728Z,KXWTI15M-26OCT042215-15,0.0050,2.00,yes
2026-10-05T02:13:25.108728Z,KXWTI15M-26OCT042215-15,0.0050,48.00,yes
2026-10-05T02:13:25.108728Z,KXWTI15M-26OCT042215-15,0.0060,30.00,yes
2026-10-05T02:13:25.108728Z,KXWTI15M-26OCT042215-15,0.0060,60.00,yes
2026-10-05T02:13:25.108728Z,KXWTI15M-26OCT042215-15,0.0060,19.00,yes
2026-10-05T02:13:25.108728Z,KXWTI15M-26OCT042215-15,0.0050,30.00,yes
2026-10-05T02:13:25.108728Z,KXWTI15M-26OCT042215-15,0.0050,60.00,yes
2026-10-05T02:13:25.108728Z,KXWTI15M-26OCT042215-15,0.0140,31.00,yes
2026-10-05T02:13:25.108728Z,KXWTI15M-26OCT042215-15,0.0180,40.00,yes
2026-10-05T02:13:25.108728Z,KXWTI15M-26OCT042215-15,0.0150,200.00,yes
2026-10-05T02:13:25.108728Z,KXWTI15M-26OCT042215-15,0.0210,849.63,yes
2026-10-05T02:13:26.10997Z,KXWTI15M-26OCT042215-15,0.0170,125.00,yes
2026-10-05T02:13:26.10997Z,KXWTI15M-26OCT042215-15,0.0180,24.00,yes
2026-10-05T02:13:26.10997Z,KXWTI15M-26OCT042215-15,0.0190,110.81,yes
2026-10-05T02:13:26.627882Z,KXWTI15M-26OCT042215-15,0.0190,131.00,yes
2026-10-05T02:13:26.627882Z,KXWTI15M-26OCT042215-15,0.0200,15.15,yes
2026-10-05T02:13:27.268853Z,KXWTI15M-26OCT042215-15,0.0050,200.00,no
2026-10-05T02:13:27.268853Z,KXWTI15M-26OCT042215-15,0.0050,1.00,no
2026-10-05T02:13:27.268853Z,KXWTI15M-26OCT042215-15,0.0050,83.00,no
2026-10-05T02:13:27.482483Z,KXWTI15M-26OCT042215-15,0.0050,58.00,no
2026-10-05T02:13:28.343243Z,KXWTI15M-26OCT042215-15,0.0150,19.33,yes
2026-10-05T02:13:28.343243Z,KXWTI15M-26OCT042215-15,0.0130,49.00,yes
2026-10-05T02:13:29.465107Z,KXWTI15M-26OCT042215-15,0.0060,200.00,no
2026-10-05T02:13:29.465107Z,KXWTI15M-26OCT042215-15,0.0050,45.00,no
2026-10-05T02:13:32.742267Z,KXWTI15M-26OCT042215-15,0.0060,1.00,no
2026-10-05T02:13:32.742267Z,KXWTI15M-26OCT042215-15,0.0060,200.00,no
2026-10-05T02:13:34.200908Z,KXWTI15M-26OCT042215-15,0.0050,1.83,yes
2026-10-05T02:13:35.733732Z,KXWTI15M-26OCT042215-15,0.0040,1.00,no
2026-10-05T02:13:35.845589Z,KXWTI15M-26OCT042215-15,0.0040,1.00,no
2026-10-05T02:13:35.845589Z,KXWTI15M-26OCT042215-15,0.0040,64.00,no
2026-10-05T02:13:35.845589Z,KXWTI15M-26OCT042215-15,0.0040,20.00,no
2026-10-05T02:13:38.118Z,KXWTI15M-26OCT042215-15,0.0040,6.68,no
2026-10-05T02:13:40.996635Z,KXWTI15M-26OCT042215-15,0.0050,42.78,yes
2026-10-05T02:13:40.996635Z,KXWTI15M-26OCT042215-15,0.0050,331.17,yes
2026-10-05T02:13:42.627465Z,KXWTI15M-26OCT042215-15,0.0040,193.32,no
2026-10-05T02:13:42.627465Z,KXWTI15M-26OCT042215-15,0.0040,7.42,no
2026-10-05T02:13:43.423353Z,KXWTI15M-26OCT042215-15,0.0060,60.00,yes
2026-10-05T02:13:43.423353Z,KXWTI15M-26OCT042215-15,0.0060,60.00,yes
2026-10-05T02:13:43.423353Z,KXWTI15M-26OCT042215-15,0.0060,30.00,yes
2026-10-05T02:13:43.423353Z,KXWTI15M-26OCT042215-15,0.0060,30.00,yes
2026-10-05T02:13:43.423353Z,KXWTI15M-26OCT042215-15,0.0060,131.64,yes
2026-10-05T02:13:47.634864Z,KXWTI15M-26OCT042215-15,0.0060,121.54,yes
2026-10-05T02:13:47.634864Z,KXWTI15M-26OCT042215-15,0.0050,40.00,yes
2026-10-05T02:13:49.98516Z,KXWTI15M-26OCT042215-15,0.0060,7.50,yes
2026-10-05T02:13:52.297915Z,KXWTI15M-26OCT042215-15,0.0060,30.00,yes
2026-10-05T02:13:53.707017Z,KXWTI15M-26OCT042215-15,0.0060,42.32,yes
2026-10-05T02:13:53.707017Z,KXWTI15M-26OCT042215-15,0.0060,96.18,yes
2026-10-05T02:13:54.203251Z,KXWTI15M-26OCT042215-15,0.0060,40.00,yes
2026-10-05T02:13:54.291244Z,KXWTI15M-26OCT042215-15,0.0060,1502.00,no
2026-10-05T02:13:54.424955Z,KXWTI15M-26OCT042215-15,0.0060,0.99,no
2026-10-05T02:13:54.424955Z,KXWTI15M-26OCT042215-15,0.0060,41.01,no
2026-10-05T02:13:54.548147Z,KXWTI15M-26OCT042215-15,0.0050,53.00,no
2026-10-05T02:13:54.761304Z,KXWTI15M-26OCT042215-15,0.0050,37.00,no
2026-10-05T02:13:56.060171Z,KXWTI15M-26OCT042215-15,0.0100,209.76,yes
2026-10-05T02:13:56.060171Z,KXWTI15M-26OCT042215-15,0.0070,333.00,yes
2026-10-05T02:13:56.060171Z,KXWTI15M-26OCT042215-15,0.0080,9.00,yes
2026-10-05T02:13:56.060171Z,KXWTI15M-26OCT042215-15,0.0100,10.00,yes
2026-10-05T02:13:56.060171Z,KXWTI15M-26OCT042215-15,0.0070,10.04,yes
2026-10-05T02:13:58.373652Z,KXWTI15M-26OCT042215-15,0.0090,88.83,yes
2026-10-05T02:13:58.373652Z,KXWTI15M-26OCT042215-15,0.0090,13.00,yes
2026-10-05T02:13:58.715245Z,KXWTI15M-26OCT042215-15,0.0040,7.42,no
2026-10-05T02:13:58.715245Z,KXWTI15M-26OCT042215-15,0.0040,13.58,no
2026-10-05T02:13:58.715245Z,KXWTI15M-26OCT042215-15,0.0040,79.40,no
2026-10-05T02:14:00.064711Z,KXWTI15M-26OCT042215-15,0.0090,5.16,yes
2026-10-05T02:14:02.129047Z,KXWTI15M-26OCT042215-15,0.0150,16.78,yes
2026-10-05T02:14:02.129047Z,KXWTI15M-26OCT042215-15,0.0140,31.00,yes
2026-10-05T02:14:02.129047Z,KXWTI15M-26OCT042215-15,0.0090,239.01,yes
2026-10-05T02:14:02.129047Z,KXWTI15M-26OCT042215-15,0.0090,38.00,yes
2026-10-05T02:14:02.129047Z,KXWTI15M-26OCT042215-15,0.0100,10.00,yes
2026-10-05T02:14:02.129047Z,KXWTI15M-26OCT042215-15,0.0100,123.24,yes
2026-10-05T02:14:04.064651Z,KXWTI15M-26OCT042215-15,0.0060,311.64,yes
2026-10-05T02:14:10.075314Z,KXWTI15M-26OCT042215-15,0.0060,140.24,yes
2026-10-05T02:14:10.488275Z,KXWTI15M-26OCT042215-15,0.0060,56.09,yes
2026-10-05T02:14:10.81339Z,KXWTI15M-26OCT042215-15,0.0030,15.04,no
2026-10-05T02:14:14.557429Z,KXWTI15M-26OCT042215-15,0.0020,3.00,no
2026-10-05T02:14:14.557429Z,KXWTI15M-26OCT042215-15,0.0020,3.00,no
2026-10-05T02:14:14.557429Z,KXWTI15M-26OCT042215-15,0.0020,3.00,no
2026-10-05T02:14:14.557429Z,KXWTI15M-26OCT042215-15,0.0020,3.00,no
2026-10-05T02:14:14.557429Z,KXWTI15M-26OCT042215-15,0.0020,26.00,no
2026-10-05T02:14:14.557429Z,KXWTI15M-26OCT042215-15,0.0020,3.00,no
2026-10-05T02:14:14.557429Z,KXWTI15M-26OCT042215-15,0.0020,1.00,no
2026-10-05T02:14:14.557429Z,KXWTI15M-26OCT042215-15,0.0020,1.00,no
2026-10-05T02:14:14.557429Z,KXWTI15M-26OCT042215-15,0.0030,1.00,no
2026-10-05T02:14:14.557429Z,KXWTI15M-26OCT042215-15,0.0030,52.96,no
2026-10-05T02:14:14.557429Z,KXWTI15M-26OCT042215-15,0.0030,25.00,no
2026-10-05T02:14:14.557429Z,KXWTI15M-26OCT042215-15,0.0020,146.21,no
2026-10-05T02:14:14.557429Z,KXWTI15M-26OCT042215-15,0.0020,400.00,no
2026-10-05T02:14:15.435911Z,KXWTI15M-26OCT042215-15,0.0020,2.00,no
2026-10-05T02:14:16.176565Z,KXWTI15M-26OCT042215-15,0.0040,229.04,yes
2026-10-05T02:14:16.514053Z,KXWTI15M-26OCT042215-15,0.0010,164.00,no
2026-10-05T02:14:16.514053Z,KXWTI15M-26OCT042215-15,0.0020,1.00,no
2026-10-05T02:14:16.514053Z,KXWTI15M-26OCT042215-15,0.0020,60.00,no
2026-10-05T02:14:17.7533Z,KXWTI15M-26OCT042215-15,0.0010,38.08,no
2026-10-05T02:14:19.16113Z,KXWTI15M-26OCT042215-15,0.0010,0.02,no
2026-10-05T02:14:19.314294Z,KXWTI15M-26OCT042215-15,0.0010,19.78,no
2026-10-05T02:14:28.901781Z,KXWTI15M-26OCT042215-15,0.0020,4.59,yes
2026-10-05T02:14:29.186532Z,KXWTI15M-26OCT042215-15,0.0020,458.01,yes
2026-10-05T02:14:30.07305Z,KXWTI15M-26OCT042215-15,0.0020,4.95,yes
2026-10-05T02:14:30.133425Z,KXWTI15M-26OCT042215-15,0.0010,21.60,no
2026-10-05T02:14:31.216426Z,KXWTI15M-26OCT042215-15,0.0020,458.01,yes
2026-10-05T02:14:33.890655Z,KXWTI15M-26OCT042215-15,0.0020,21.60,yes
2026-10-05T02:14:33.890655Z,KXWTI15M-26OCT042215-15,0.0030,153.83,yes
2026-10-05T02:14:33.890655Z,KXWTI15M-26OCT042215-15,0.0020,40.00,yes
2026-10-05T02:14:33.890655Z,KXWTI15M-26OCT042215-15,0.0020,336.44,yes
2026-10-05T02:14:33.890655Z,KXWTI15M-26OCT042215-15,0.0030,164.00,yes
2026-10-05T02:14:33.890655Z,KXWTI15M-26OCT042215-15,0.0020,38.08,yes
2026-10-05T02:14:33.890655Z,KXWTI15M-26OCT042215-15,0.0020,19.80,yes
2026-10-05T02:14:38.479179Z,KXWTI15M-26OCT042215-15,0.0010,256.52,no
2026-10-05T02:14:38.479179Z,KXWTI15M-26OCT042215-15,0.0010,75.00,no
2026-10-05T02:14:38.479179Z,KXWTI15M-26OCT042215-15,0.0010,1.00,no
2026-10-05T02:14:38.479179Z,KXWTI15M-26OCT042215-15,0.0010,250.00,no
2026-10-05T02:14:38.479179Z,KXWTI15M-26OCT042215-15,0.0010,1.00,no
2026-10-05T02:14:38.479179Z,KXWTI15M-26OCT042215-15,0.0010,71.00,no
2026-10-05T02:14:38.479179Z,KXWTI15M-26OCT042215-15,0.0010,31.00,no
2026-10-05T02:14:38.479179Z,KXWTI15M-26OCT042215-15,0.0010,38.08,no
2026-10-05T02:14:38.479179Z,KXWTI15M-26OCT042215-15,0.0010,21.60,no
2026-10-05T02:14:38.479179Z,KXWTI15M-26OCT042215-15,0.0010,19.80,no
2026-10-05T02:14:38.479179Z,KXWTI15M-26OCT042215-15,0.0010,164.00,no
2026-10-05T02:14:38.479179Z,KXWTI15M-26OCT042215-15,0.0010,1.00,no
2026-10-05T02:14:40.380377Z,KXWTI15M-26OCT042215-15,0.0010,250.23,no
2026-10-05T02:14:41.542774Z,KXWTI15M-26OCT042215-15,0.0010,499.77,no
2026-10-05T02:14:41.542774Z,KXWTI15M-26OCT042215-15,0.0010,31.00,no
2026-10-05T02:14:41.542774Z,KXWTI15M-26OCT042215-15,0.0010,1.00,no
2026-10-05T02:14:41.850095Z,KXWTI15M-26OCT042215-15,0.0020,19.80,yes
2026-10-05T02:14:41.850095Z,KXWTI15M-26OCT042215-15,0.0020,38.08,yes
2026-10-05T02:14:41.850095Z,KXWTI15M-26OCT042215-15,0.0020,122.01,yes
2026-10-05T02:14:41.850095Z,KXWTI15M-26OCT042215-15,0.0020,256.52,yes
2026-10-05T02:14:41.850095Z,KXWTI15M-26OCT042215-15,0.0020,21.60,yes
2026-10-05T02:14:42.937408Z,KXWTI15M-26OCT042215-15,0.0010,24.46,no
2026-10-05T02:14:43.054676Z,KXWTI15M-26OCT042215-15,0.0010,200.00,no
2026-10-05T02:14:43.069642Z,KXWTI15M-26OCT042215-15,0.0010,32.06,no
2026-10-05T02:14:43.069642Z,KXWTI15M-26OCT042215-15,0.0010,31.94,no
2026-10-05T02:14:44.639765Z,KXWTI15M-26OCT042215-15,0.0010,122.01,no
2026-10-05T02:14:44.639765Z,KXWTI15M-26OCT042215-15,0.0010,19.80,no
2026-10-05T02:14:44.639765Z,KXWTI15M-26OCT042215-15,0.0010,31.00,no
2026-10-05T02:14:44.639765Z,KXWTI15M-26OCT042215-15,0.0010,21.60,no
2026-10-05T02:14:44.639765Z,KXWTI15M-26OCT042215-15,0.0010,6.14,no
2026-10-05T02:14:47.262818Z,KXWTI15M-26OCT042215-15,0.0300,15.00,yes
2026-10-05T02:14:47.262818Z,KXWTI15M-26OCT042215-15,0.0240,3.00,yes
2026-10-05T02:14:47.262818Z,KXWTI15M-26OCT042215-15,0.0350,3.00,yes
2026-10-05T02:14:47.262818Z,KXWTI15M-26OCT042215-15,0.0020,264.00,yes
2026-10-05T02:14:47.262818Z,KXWTI15M-26OCT042215-15,0.0020,19.80,yes
2026-10-05T02:14:47.262818Z,KXWTI15M-26OCT042215-15,0.0020,21.60,yes
2026-10-05T02:14:47.262818Z,KXWTI15M-26OCT042215-15,0.0020,6.14,yes
2026-10-05T02:14:47.262818Z,KXWTI15M-26OCT042215-15,0.0020,122.01,yes
2026-10-05T02:14:47.262818Z,KXWTI15M-26OCT042215-15,0.0360,57.24,yes
2026-10-05T02:14:47.262818Z,KXWTI15M-26OCT042215-15,0.0020,24.46,yes
2026-10-05T02:14:47.262818Z,KXWTI15M-26OCT042215-15,0.0100,50.00,yes
2026-10-05T02:14:47.262818Z,KXWTI15M-26OCT042215-15,0.0040,400.00,yes
2026-10-05T02:14:47.262818Z,KXWTI15M-26OCT042215-15,0.0030,179.17,yes
2026-10-05T02:14:47.262818Z,KXWTI15M-26OCT042215-15,0.0100,30.00,yes
2026-10-05T02:14:47.262818Z,KXWTI15M-26OCT042215-15,0.0030,40.00,yes
2026-10-05T02:14:47.262818Z,KXWTI15M-26OCT042215-15,0.0050,333.00,yes
2026-10-05T02:14:47.262818Z,KXWTI15M-26OCT042215-15,0.0020,41.99,yes
2026-10-05T02:14:47.262818Z,KXWTI15M-26OCT042215-15,0.0350,22.00,yes
2026-10-05T02:14:47.262818Z,KXWTI15M-26OCT042215-15,0.0200,186.97,yes
2026-10-05T02:14:47.262818Z,KXWTI15M-26OCT042215-15,0.0030,10.00,yes
2026-10-05T02:14:47.262818Z,KXWTI15M-26OCT042215-15,0.0100,571.80,yes
2026-10-05T02:14:47.298172Z,KXWTI15M-26OCT042215-15,0.0010,30.55,no
2026-10-05T02:14:47.298172Z,KXWTI15M-26OCT042215-15,0.0010,24.46,no
2026-10-05T02:14:47.298172Z,KXWTI15M-26OCT042215-15,0.0010,41.99,no
2026-10-05T02:14:47.31034Z,KXWTI15M-26OCT042215-15,0.0010,0.45,no
2026-10-05T02:14:47.31034Z,KXWTI15M-26OCT042215-15,0.0010,0.55,no
2026-10-05T02:14:47.324479Z,KXWTI15M-26OCT042215-15,0.0010,6.00,no
2026-10-05T02:14:47.398764Z,KXWTI15M-26OCT042215-15,0.0010,91.00,no
2026-10-05T02:14:47.655935Z,KXWTI15M-26OCT042215-15,0.0020,200.00,no
2026-10-05T02:14:47.671629Z,KXWTI15M-26OCT042215-15,0.0020,200.00,no
2026-10-05T02:14:47.997133Z,KXWTI15M-26OCT042215-15,0.0010,112.00,no
2026-10-05T02:14:48.459467Z,KXWTI15M-26OCT042215-15,0.0010,31.00,no
2026-10-05T02:14:48.463908Z,KXWTI15M-26OCT042215-15,0.0010,1.00,no
2026-10-05T02:14:48.463908Z,KXWTI15M-26OCT042215-15,0.0010,21.60,no
2026-10-05T02:14:48.463908Z,KXWTI15M-26OCT042215-15,0.0010,12.01,no
2026-10-05T02:14:48.463908Z,KXWTI15M-26OCT042215-15,0.0010,6.14,no
2026-10-05T02:14:48.463908Z,KXWTI15M-26OCT042215-15,0.0010,19.80,no
2026-10-05T02:14:48.463908Z,KXWTI15M-26OCT042215-15,0.0010,23.45,no
2026-10-05T02:14:48.735992Z,KXWTI15M-26OCT042215-15,0.0010,35.00,no
2026-10-05T02:14:49.622146Z,KXWTI15M-26OCT042215-15,0.0010,19.00,no
2026-10-05T02:14:49.982481Z,KXWTI15M-26OCT042215-15,0.0010,16.00,no
2026-10-05T02:14:53.29814Z,KXWTI15M-26OCT042215-15,0.0010,256.13,yes
2026-10-05T02:14:56.048054Z,KXWTI15M-26OCT042215-15,0.0030,13.00,yes
2026-10-05T02:14:56.048054Z,KXWTI15M-26OCT042215-15,0.0020,31.00,yes
2026-10-05T02:14:56.048054Z,KXWTI15M-26OCT042215-15,0.0020,35.00,yes
2026-10-05T02:14:56.048054Z,KXWTI15M-26OCT042215-15,0.0050,59.83,yes
2026-10-05T02:14:56.048054Z,KXWTI15M-26OCT042215-15,0.0020,23.45,yes
2026-10-05T02:14:56.048054Z,KXWTI15M-26OCT042215-15,0.0020,12.01,yes
2026-10-05T02:14:56.048054Z,KXWTI15M-26OCT042215-15,0.0020,21.60,yes
2026-10-05T02:14:56.048054Z,KXWTI15M-26OCT042215-15,0.0020,333.00,yes
2026-10-05T02:14:56.048054Z,KXWTI15M-26OCT042215-15,0.0020,19.80,yes
2026-10-05T02:14:56.048054Z,KXWTI15M-26OCT042215-15,0.0020,6.14,yes
2026-10-05T02:14:56.048054Z,KXWTI15M-26OCT042215-15,0.0010,393.87,yes
2026-10-05T02:14:56.048054Z,KXWTI15M-26OCT042215-15,0.0020,19.00,yes
2026-10-05T02:14:56.048054Z,KXWTI15M-26OCT042215-15,0.0020,16.00,yes
2026-10-05T02:14:56.048054Z,KXWTI15M-26OCT042215-15,0.0020,40.00,yes
2026-10-05T02:12:11.965632Z,KXGBPUSD15M-26OCT042215-30,0.0100,55.00,no
2026-10-05T02:12:11.975121Z,KXGBPUSD15M-26OCT042215-30,0.0100,0.98,no
2026-10-05T02:13:08.388765Z,KXGBPUSD15M-26OCT042215-30,0.0100,25.00,yes
2026-10-05T02:12:22.335359Z,KXCOPPER15M-26OCT042215-15,0.0200,46.79,yes
2026-10-05T02:12:27.028831Z,KXCOPPER15M-26OCT042215-15,0.0200,1.00,yes
2026-10-05T02:12:30.806472Z,KXCOPPER15M-26OCT042215-15,0.0100,24.73,no
2026-10-05T02:12:31.055343Z,KXCOPPER15M-26OCT042215-15,0.0100,11.11,no
2026-10-05T02:12:33.981791Z,KXCOPPER15M-26OCT042215-15,0.0200,24.00,yes
2026-10-05T02:12:33.981791Z,KXCOPPER15M-26OCT042215-15,0.0200,40.00,yes
2026-10-05T02:12:35.847578Z,KXCOPPER15M-26OCT042215-15,0.0100,10.09,no
2026-10-05T02:12:37.171931Z,KXCOPPER15M-26OCT042215-15,0.0100,1.00,no
2026-10-05T02:12:42.076589Z,KXCOPPER15M-26OCT042215-15,0.0200,16.00,yes
2026-10-05T02:12:43.114303Z,KXCOPPER15M-26OCT042215-15,0.0100,2.00,no
2026-10-05T02:12:43.114303Z,KXCOPPER15M-26OCT042215-15,0.0100,11.35,no
2026-10-05T02:12:43.114303Z,KXCOPPER15M-26OCT042215-15,0.0100,2.00,no
2026-10-05T02:12:43.114303Z,KXCOPPER15M-26OCT042215-15,0.0100,1.17,no
2026-10-05T02:12:43.114303Z,KXCOPPER15M-26OCT042215-15,0.0100,7.00,no
2026-10-05T02:12:43.114303Z,KXCOPPER15M-26OCT042215-15,0.0100,50.00,no
2026-10-05T02:12:43.114303Z,KXCOPPER15M-26OCT042215-15,0.0100,20.00,no
2026-10-05T02:12:43.114303Z,KXCOPPER15M-26OCT042215-15,0.0100,100.00,no
2026-10-05T02:12:43.114303Z,KXCOPPER15M-26OCT042215-15,0.0100,0.48,no
2026-10-05T02:12:43.114303Z,KXCOPPER15M-26OCT042215-15,0.0100,5.00,no
2026-10-05T02:12:48.165536Z,KXCOPPER15M-26OCT042215-15,0.0100,5.00,no
2026-10-05T02:12:52.625796Z,KXCOPPER15M-26OCT042215-15,0.0100,1.00,no
2026-10-05T02:12:58.618148Z,KXCOPPER15M-26OCT042215-15,0.0200,66.58,yes
2026-10-05T02:12:58.618148Z,KXCOPPER15M-26OCT042215-15,0.0200,20.00,yes
2026-10-05T02:12:58.618148Z,KXCOPPER15M-26OCT042215-15,0.0200,7.00,yes
2026-10-05T02:13:00.390905Z,KXCOPPER15M-26OCT042215-15,0.0100,94.00,no
2026-10-05T02:13:00.390905Z,KXCOPPER15M-26OCT042215-15,0.0100,20.00,no
2026-10-05T02:13:00.390905Z,KXCOPPER15M-26OCT042215-15,0.0100,50.00,no
2026-10-05T02:13:00.390905Z,KXCOPPER15M-26OCT042215-15,0.0100,7.00,no
2026-10-05T02:13:00.390905Z,KXCOPPER15M-26OCT042215-15,0.0100,1.00,no
2026-10-05T02:13:01.301034Z,KXCOPPER15M-26OCT042215-15,0.0100,2.01,no
2026-10-05T02:13:02.328388Z,KXCOPPER15M-26OCT042215-15,0.0100,19.01,no
2026-10-05T02:13:02.328388Z,KXCOPPER15M-26OCT042215-15,0.0100,7.00,no
2026-10-05T02:13:02.328388Z,KXCOPPER15M-26OCT042215-15,0.0100,47.99,no
2026-10-05T02:13:03.384589Z,KXCOPPER15M-26OCT042215-15,0.0100,0.99,no
2026-10-05T02:13:03.384589Z,KXCOPPER15M-26OCT042215-15,0.0100,6.92,no
2026-10-05T02:13:03.384589Z,KXCOPPER15M-26OCT042215-15,0.0100,7.00,no
2026-10-05T02:13:03.600333Z,KXCOPPER15M-26OCT042215-15,0.0100,10.00,no
2026-10-05T02:13:03.754869Z,KXCOPPER15M-26OCT042215-15,0.0100,7.00,no
2026-10-05T02:13:03.754869Z,KXCOPPER15M-26OCT042215-15,0.0100,19.92,no
2026-10-05T02:13:03.754869Z,KXCOPPER15M-26OCT042215-15,0.0100,33.08,no
2026-10-05T02:13:03.880296Z,KXCOPPER15M-26OCT042215-15,0.0100,6.92,no
2026-10-05T02:13:03.880296Z,KXCOPPER15M-26OCT042215-15,0.0100,0.08,no
2026-10-05T02:13:04.016588Z,KXCOPPER15M-26OCT042215-15,0.0100,6.92,no
2026-10-05T02:13:04.016588Z,KXCOPPER15M-26OCT042215-15,0.0100,50.00,no
2026-10-05T02:13:04.016588Z,KXCOPPER15M-26OCT042215-15,0.0100,0.08,no
2026-10-05T02:13:04.016588Z,KXCOPPER15M-26OCT042215-15,0.0100,19.00,no
2026-10-05T02:13:04.163848Z,KXCOPPER15M-26OCT042215-15,0.0100,1.00,no
2026-10-05T02:13:04.163848Z,KXCOPPER15M-26OCT042215-15,0.0100,6.00,no
2026-10-05T02:13:04.296288Z,KXCOPPER15M-26OCT042215-15,0.0100,1.00,no
2026-10-05T02:13:04.296288Z,KXCOPPER15M-26OCT042215-15,0.0100,5.00,no
2026-10-05T02:13:04.296288Z,KXCOPPER15M-26OCT042215-15,0.0100,50.00,no
2026-10-05T02:13:04.661879Z,KXCOPPER15M-26OCT042215-15,0.0100,20.00,no
2026-10-05T02:13:04.661879Z,KXCOPPER15M-26OCT042215-15,0.0100,7.00,no
2026-10-05T02:13:04.661879Z,KXCOPPER15M-26OCT042215-15,0.0100,50.00,no
2026-10-05T02:13:08.891621Z,KXCOPPER15M-26OCT042215-15,0.0100,20.00,yes
2026-10-05T02:13:08.891621Z,KXCOPPER15M-26OCT042215-15,0.0100,40.78,yes
2026-10-05T02:13:18.254782Z,KXCOPPER15M-26OCT042215-15,0.0100,30.00,yes
2026-10-05T02:13:18.254782Z,KXCOPPER15M-26OCT042215-15,0.0100,54.51,yes
2026-10-05T02:13:18.254782Z,KXCOPPER15M-26OCT042215-15,0.0100,9.00,yes
2026-10-05T02:13:26.673826Z,KXCOPPER15M-26OCT042215-15,0.0100,10.00,yes
2026-10-05T02:13:28.406468Z,KXCOPPER15M-26OCT042215-15,0.0100,30.00,yes
2026-10-05T02:13:28.406468Z,KXCOPPER15M-26OCT042215-15,0.0100,39.00,yes
2026-10-05T02:13:28.406468Z,KXCOPPER15M-26OCT042215-15,0.0100,4.51,yes
2026-10-05T02:13:28.406468Z,KXCOPPER15M-26OCT042215-15,0.0100,20.00,yes
2026-10-05T02:13:36.929811Z,KXCOPPER15M-26OCT042215-15,0.0100,10.00,yes
2026-10-05T02:13:38.392734Z,KXCOPPER15M-26OCT042215-15,0.0100,4.50,yes
2026-10-05T02:13:38.392734Z,KXCOPPER15M-26OCT042215-15,0.0100,19.00,yes
2026-10-05T02:13:38.392734Z,KXCOPPER15M-26OCT042215-15,0.0100,20.00,yes
2026-10-05T02:13:38.392734Z,KXCOPPER15M-26OCT042215-15,0.0100,1.00,yes
2026-10-05T02:13:38.392734Z,KXCOPPER15M-26OCT042215-15,0.0100,0.99,yes
2026-10-05T02:13:38.392734Z,KXCOPPER15M-26OCT042215-15,0.0100,19.92,yes
2026-10-05T02:13:38.392734Z,KXCOPPER15M-26OCT042215-15,0.0100,0.08,yes
2026-10-05T02:13:38.392734Z,KXCOPPER15M-26OCT042215-15,0.0100,28.02,yes
2026-10-05T02:13:39.861534Z,KXCOPPER15M-26OCT042215-15,0.0100,8.10,yes
2026-10-05T02:13:46.372096Z,KXCOPPER15M-26OCT042215-15,0.0100,30.00,yes
2026-10-05T02:13:46.372096Z,KXCOPPER15M-26OCT042215-15,0.0100,59.63,yes
2026-10-05T02:13:46.372096Z,KXCOPPER15M-26OCT042215-15,0.0100,3.88,yes
2026-10-05T02:13:50.280046Z,KXCOPPER15M-26OCT042215-15,0.0100,4.67,yes
2026-10-05T02:13:59.142961Z,KXCOPPER15M-26OCT042215-15,0.0100,1.54,yes
2026-10-05T02:13:59.142961Z,KXCOPPER15M-26OCT042215-15,0.0100,0.33,yes
2026-10-05T02:13:59.22947Z,KXCOPPER15M-26OCT042215-15,0.0100,1.00,yes
2026-10-05T02:13:59.22947Z,KXCOPPER15M-26OCT042215-15,0.0100,33.46,yes
2026-10-05T02:13:59.22947Z,KXCOPPER15M-26OCT042215-15,0.0100,60.00,yes
2026-10-05T02:13:59.22947Z,KXCOPPER15M-26OCT042215-15,0.0100,30.00,yes
2026-10-05T02:13:59.22947Z,KXCOPPER15M-26OCT042215-15,0.0100,62.57,yes
2026-10-05T02:14:00.019726Z,KXCOPPER15M-26OCT042215-15,0.0100,143.55,yes
2026-10-05T02:14:00.019726Z,KXCOPPER15M-26OCT042215-15,0.0100,40.00,yes
2026-10-05T02:14:00.019726Z,KXCOPPER15M-26OCT042215-15,0.0100,30.00,yes
2026-10-05T02:14:00.019726Z,KXCOPPER15M-26OCT042215-15,0.0100,60.00,yes
2026-10-05T02:14:00.019726Z,KXCOPPER15M-26OCT042215-15,0.0100,7.00,yes
2026-10-05T02:14:04.915092Z,KXCOPPER15M-26OCT042215-15,0.0100,10.14,yes
2026-10-05T02:14:04.915092Z,KXCOPPER15M-26OCT042215-15,0.0100,31.00,yes
2026-10-05T02:14:06.675839Z,KXCOPPER15M-26OCT042215-15,0.0100,93.51,yes
2026-10-05T02:14:07.006042Z,KXCOPPER15M-26OCT042215-15,0.0100,93.51,yes
2026-10-05T02:14:15.243677Z,KXCOPPER15M-26OCT042215-15,0.0100,52.84,yes
2026-10-05T02:14:15.243677Z,KXCOPPER15M-26OCT042215-15,0.0100,40.67,yes
2026-10-05T02:14:21.185187Z,KXCOPPER15M-26OCT042215-15,0.0100,46.76,yes
2026-10-05T02:14:21.185187Z,KXCOPPER15M-26OCT042215-15,0.0100,30.00,yes
2026-10-05T02:14:21.185187Z,KXCOPPER15M-26OCT042215-15,0.0100,16.75,yes
2026-10-05T02:14:21.534506Z,KXCOPPER15M-26OCT042215-15,0.0100,60.00,yes
2026-10-05T02:14:21.534506Z,KXCOPPER15M-26OCT042215-15,0.0100,30.00,yes
2026-10-05T02:14:21.534506Z,KXCOPPER15M-26OCT042215-15,0.0100,3.51,yes
2026-10-05T02:14:35.459683Z,KXCOPPER15M-26OCT042215-15,0.0100,2.11,yes
2026-10-05T02:14:38.511037Z,KXCOPPER15M-26OCT042215-15,0.0200,10.76,yes
2026-10-05T02:14:38.511037Z,KXCOPPER15M-26OCT042215-15,0.0100,9.00,yes
2026-10-05T02:14:38.511037Z,KXCOPPER15M-26OCT042215-15,0.0100,22.38,yes
2026-10-05T02:14:38.511037Z,KXCOPPER15M-26OCT042215-15,0.0100,40.00,yes
2026-10-05T02:14:38.551881Z,KXCOPPER15M-26OCT042215-15,0.0100,12.00,no
2026-10-05T02:14:38.736816Z,KXCOPPER15M-26OCT042215-15,0.0100,3.00,no
2026-10-05T02:14:38.879134Z,KXCOPPER15M-26OCT042215-15,0.0100,5.05,no
2026-10-05T02:14:38.886901Z,KXCOPPER15M-26OCT042215-15,0.0100,9.00,no
2026-10-05T02:14:39.198283Z,KXCOPPER15M-26OCT042215-15,0.0100,5.00,no
2026-10-05T02:14:39.207494Z,KXCOPPER15M-26OCT042215-15,0.0100,5.00,no
2026-10-05T02:14:39.426569Z,KXCOPPER15M-26OCT042215-15,0.0100,10.95,no
2026-10-05T02:14:39.426569Z,KXCOPPER15M-26OCT042215-15,0.0100,7.00,no
2026-10-05T02:14:39.426569Z,KXCOPPER15M-26OCT042215-15,0.0100,1.00,no
2026-10-05T02:14:39.590614Z,KXCOPPER15M-26OCT042215-15,0.0100,12.00,no
2026-10-05T02:14:39.68124Z,KXCOPPER15M-26OCT042215-15,0.0200,46.79,yes
2026-10-05T02:14:40.42943Z,KXCOPPER15M-26OCT042215-15,0.0100,11.00,no
2026-10-05T02:14:40.641026Z,KXCOPPER15M-26OCT042215-15,0.0100,8.00,no
2026-10-05T02:14:41.498032Z,KXCOPPER15M-26OCT042215-15,0.0100,1.00,no
2026-10-05T02:14:41.498032Z,KXCOPPER15M-26OCT042215-15,0.0100,19.00,no
2026-10-05T02:14:41.498032Z,KXCOPPER15M-26OCT042215-15,0.0100,7.00,no
2026-10-05T02:14:41.63905Z,KXCOPPER15M-26OCT042215-15,0.0100,12.00,no
2026-10-05T02:14:41.711044Z,KXCOPPER15M-26OCT042215-15,0.0100,7.00,no
2026-10-05T02:14:41.711044Z,KXCOPPER15M-26OCT042215-15,0.0100,38.00,no
2026-10-05T02:14:41.846446Z,KXCOPPER15M-26OCT042215-15,0.0100,14.00,no
2026-10-05T02:14:41.917938Z,KXCOPPER15M-26OCT042215-15,0.0100,7.00,no
2026-10-05T02:14:41.917938Z,KXCOPPER15M-26OCT042215-15,0.0100,36.00,no
2026-10-05T02:14:42.129601Z,KXCOPPER15M-26OCT042215-15,0.0100,5.00,no
2026-10-05T02:14:42.129601Z,KXCOPPER15M-26OCT042215-15,0.0100,50.00,no
2026-10-05T02:14:42.408277Z,KXCOPPER15M-26OCT042215-15,0.0100,50.00,no
2026-10-05T02:14:42.537711Z,KXCOPPER15M-26OCT042215-15,0.0100,12.00,no
2026-10-05T02:14:42.621187Z,KXCOPPER15M-26OCT042215-15,0.0100,38.00,no
2026-10-05T02:14:42.621187Z,KXCOPPER15M-26OCT042215-15,0.0100,1.00,no
2026-10-05T02:14:42.741147Z,KXCOPPER15M-26OCT042215-15,0.0100,12.00,no
2026-10-05T02:14:42.841929Z,KXCOPPER15M-26OCT042215-15,0.0100,38.00,no
2026-10-05T02:14:42.991334Z,KXCOPPER15M-26OCT042215-15,0.0100,12.00,no
2026-10-05T02:14:43.065225Z,KXCOPPER15M-26OCT042215-15,0.0100,1.00,no
2026-10-05T02:14:43.065225Z,KXCOPPER15M-26OCT042215-15,0.0100,38.00,no
2026-10-05T02:14:43.243847Z,KXCOPPER15M-26OCT042215-15,0.0100,12.00,no
2026-10-05T02:14:43.273651Z,KXCOPPER15M-26OCT042215-15,0.0100,38.00,no
2026-10-05T02:14:43.502449Z,KXCOPPER15M-26OCT042215-15,0.0100,1.00,no
2026-10-05T02:14:43.502449Z,KXCOPPER15M-26OCT042215-15,0.0100,50.00,no
2026-10-05T02:14:43.639605Z,KXCOPPER15M-26OCT042215-15,0.0100,12.00,no
2026-10-05T02:14:43.78251Z,KXCOPPER15M-26OCT042215-15,0.0100,38.00,no
2026-10-05T02:14:43.939811Z,KXCOPPER15M-26OCT042215-15,0.0100,12.00,no
2026-10-05T02:14:44.080277Z,KXCOPPER15M-26OCT042215-15,0.0100,1.00,no
2026-10-05T02:14:44.080277Z,KXCOPPER15M-26OCT042215-15,0.0100,38.00,no
2026-10-05T02:14:44.238344Z,KXCOPPER15M-26OCT042215-15,0.0100,12.00,no
2026-10-05T02:14:44.360135Z,KXCOPPER15M-26OCT042215-15,0.0100,38.00,no
2026-10-05T02:14:44.487781Z,KXCOPPER15M-26OCT042215-15,0.0100,12.00,no
2026-10-05T02:14:44.563649Z,KXCOPPER15M-26OCT042215-15,0.0100,38.00,no
2026-10-05T02:14:44.692104Z,KXCOPPER15M-26OCT042215-15,0.0100,12.00,no
2026-10-05T02:14:44.790958Z,KXCOPPER15M-26OCT042215-15,0.0100,1.00,no
2026-10-05T02:14:44.790958Z,KXCOPPER15M-26OCT042215-15,0.0100,38.00,no
2026-10-05T02:14:44.939815Z,KXCOPPER15M-26OCT042215-15,0.0100,12.00,no
2026-10-05T02:14:45.093927Z,KXCOPPER15M-26OCT042215-15,0.0100,38.00,no
2026-10-05T02:14:45.239676Z,KXCOPPER15M-26OCT042215-15,0.0100,12.00,no
2026-10-05T02:14:45.365452Z,KXCOPPER15M-26OCT042215-15,0.0100,1.00,no
2026-10-05T02:14:45.365452Z,KXCOPPER15M-26OCT042215-15,0.0100,38.00,no
2026-10-05T02:14:45.487043Z,KXCOPPER15M-26OCT042215-15,0.0100,12.00,no
2026-10-05T02:14:45.567138Z,KXCOPPER15M-26OCT042215-15,0.0100,38.00,no
2026-10-05T02:14:45.693882Z,KXCOPPER15M-26OCT042215-15,0.0100,12.00,no
2026-10-05T02:14:45.782585Z,KXCOPPER15M-26OCT042215-15,0.0100,38.00,no
2026-10-05T02:14:45.782585Z,KXCOPPER15M-26OCT042215-15,0.0100,1.00,no
2026-10-05T02:14:45.93839Z,KXCOPPER15M-26OCT042215-15,0.0100,11.00,no
2026-10-05T02:14:46.083261Z,KXCOPPER15M-26OCT042215-15,0.0100,39.00,no
2026-10-05T02:14:46.353993Z,KXCOPPER15M-26OCT042215-15,0.0100,1.00,no
2026-10-05T02:14:46.353993Z,KXCOPPER15M-26OCT042215-15,0.0100,50.00,no
2026-10-05T02:14:46.567977Z,KXCOPPER15M-26OCT042215-15,0.0100,50.00,no
2026-10-05T02:14:46.790299Z,KXCOPPER15M-26OCT042215-15,0.0100,50.00,no
2026-10-05T02:14:46.790299Z,KXCOPPER15M-26OCT042215-15,0.0100,1.00,no
2026-10-05T02:12:58.024159Z,KXBTC15M-26OCT042215-15,0.9500,57.69,yes
2026-10-05T02:12:58.025953Z,KXBTC15M-26OCT042215-15,0.9490,14.29,no
2026-10-05T02:12:58.055656Z,KXBTC15M-26OCT042215-15,0.9490,62.32,no
2026-10-05T02:12:58.055656Z,KXBTC15M-26OCT042215-15,0.9490,2.00,no
2026-10-05T02:12:58.055656Z,KXBTC15M-26OCT042215-15,0.9490,24.15,no
2026-10-05T02:12:58.128615Z,KXBTC15M-26OCT042215-15,0.9490,200.00,no
2026-10-05T02:12:58.128615Z,KXBTC15M-26OCT042215-15,0.9490,0.01,no
2026-10-05T02:12:58.128615Z,KXBTC15M-26OCT042215-15,0.9490,63.19,no
2026-10-05T02:12:58.128615Z,KXBTC15M-26OCT042215-15,0.9490,375.85,no
2026-10-05T02:12:58.128615Z,KXBTC15M-26OCT042215-15,0.9490,0.01,no
2026-10-05T02:12:58.128615Z,KXBTC15M-26OCT042215-15,0.9490,0.01,no
2026-10-05T02:12:58.128615Z,KXBTC15M-26OCT042215-15,0.9490,99.00,no
2026-10-05T02:12:58.132295Z,KXBTC15M-26OCT042215-15,0.9490,55.16,no
2026-10-05T02:12:58.14601Z,KXBTC15M-26OCT042215-15,0.9490,30.45,no
2026-10-05T02:12:58.19255Z,KXBTC15M-26OCT042215-15,0.9500,62.93,yes
2026-10-05T02:12:58.235011Z,KXBTC15M-26OCT042215-15,0.9490,1.20,no
2026-10-05T02:12:58.235011Z,KXBTC15M-26OCT042215-15,0.9490,2.00,no
2026-10-05T02:12:58.235011Z,KXBTC15M-26OCT042215-15,0.9490,0.17,no
2026-10-05T02:12:58.235011Z,KXBTC15M-26OCT042215-15,0.9490,2.00,no
2026-10-05T02:12:58.264142Z,KXBTC15M-26OCT042215-15,0.9490,1.00,no
2026-10-05T02:12:58.264142Z,KXBTC15M-26OCT042215-15,0.9490,100.00,no
2026-10-05T02:12:58.264142Z,KXBTC15M-26OCT042215-15,0.9490,0.01,no
2026-10-05T02:12:58.264142Z,KXBTC15M-26OCT042215-15,0.9490,29.30,no
2026-10-05T02:12:58.264142Z,KXBTC15M-26OCT042215-15,0.9490,0.01,no
2026-10-05T02:12:58.264142Z,KXBTC15M-26OCT042215-15,0.9490,17.83,no
2026-10-05T02:12:58.264142Z,KXBTC15M-26OCT042215-15,0.9490,282.00,no
2026-10-05T02:12:58.264142Z,KXBTC15M-26OCT042215-15,0.9490,7.00,no
2026-10-05T02:12:58.275358Z,KXBTC15M-26OCT042215-15,0.9490,67.70,no
2026-10-05T02:12:58.275358Z,KXBTC15M-26OCT042215-15,0.9490,152.47,no
2026-10-05T02:12:58.286992Z,KXBTC15M-26OCT042215-15,0.9490,1.11,no
2026-10-05T02:12:58.298023Z,KXBTC15M-26OCT042215-15,0.9490,45.51,no
2026-10-05T02:12:58.298023Z,KXBTC15M-26OCT042215-15,0.9490,46.42,no
2026-10-05T02:12:58.351365Z,KXBTC15M-26OCT042215-15,0.9490,5.57,no
2026-10-05T02:12:58.35602Z,KXBTC15M-26OCT042215-15,0.9490,318.44,no
2026-10-05T02:12:58.363575Z,KXBTC15M-26OCT042215-15,0.9500,2.00,yes
2026-10-05T02:12:58.364573Z,KXBTC15M-26OCT042215-15,0.9490,15.92,no
2026-10-05T02:12:58.395115Z,KXBTC15M-26OCT042215-15,0.9490,5.47,no
2026-10-05T02:12:58.395115Z,KXBTC15M-26OCT042215-15,0.9490,53.39,no
2026-10-05T02:12:58.39511Z,KXBTC15M-26OCT042215-15,0.9490,88.89,no
2026-10-05T02:12:58.39511Z,KXBTC15M-26OCT042215-15,0.9490,94.53,no
2026-10-05T02:12:58.39511Z,KXBTC15M-26OCT042215-15,0.9490,14.56,no
2026-10-05T02:12:58.39511Z,KXBTC15M-26OCT042215-15,0.9490,0.01,no
2026-10-05T02:12:58.39511Z,KXBTC15M-26OCT042215-15,0.9490,0.01,no
2026-10-05T02:12:58.39511Z,KXBTC15M-26OCT042215-15,0.9490,2.00,no
2026-10-05T02:12:58.402737Z,KXBTC15M-26OCT042215-15,0.9490,46.61,no
2026-10-05T02:12:58.402737Z,KXBTC15M-26OCT042215-15,0.9490,93.89,no
2026-10-05T02:12:58.406364Z,KXBTC15M-26OCT042215-15,0.9490,106.11,no
2026-10-05T02:12:58.406364Z,KXBTC15M-26OCT042215-15,0.9490,3.89,no
2026-10-05T02:12:58.411321Z,KXBTC15M-26OCT042215-15,0.9490,2.11,no
2026-10-05T02:12:58.411321Z,KXBTC15M-26OCT042215-15,0.9490,9.37,no
2026-10-05T02:12:58.411321Z,KXBTC15M-26OCT042215-15,0.9490,100.00,no
2026-10-05T02:12:58.411321Z,KXBTC15M-26OCT042215-15,0.9490,0.01,no
2026-10-05T02:12:58.411321Z,KXBTC15M-26OCT042215-15,0.9490,0.01,no
2026-10-05T02:12:58.426568Z,KXBTC15M-26OCT042215-15,0.9490,34.54,no
2026-10-05T02:12:58.426568Z,KXBTC15M-26OCT042215-15,0.9490,2.00,no
2026-10-05T02:12:58.426568Z,KXBTC15M-26OCT042215-15,0.9490,0.01,no
2026-10-05T02:12:58.43112Z,KXBTC15M-26OCT042215-15,0.9500,5.24,yes
2026-10-05T02:12:58.46201Z,KXBTC15M-26OCT042215-15,0.9490,91.92,no
2026-10-05T02:12:58.46201Z,KXBTC15M-26OCT042215-15,0.9490,0.01,no
2026-10-05T02:12:58.478166Z,KXBTC15M-26OCT042215-15,0.9490,83.84,no
2026-10-05T02:12:58.478166Z,KXBTC15M-26OCT042215-15,0.9490,8.08,no
2026-10-05T02:12:58.478166Z,KXBTC15M-26OCT042215-15,0.9490,0.01,no
2026-10-05T02:12:58.479064Z,KXBTC15M-26OCT042215-15,0.9490,37.21,no
2026-10-05T02:12:58.540692Z,KXBTC15M-26OCT042215-15,0.9490,18.38,no
2026-10-05T02:12:58.54457Z,KXBTC15M-26OCT042215-15,0.9490,183.86,no
2026-10-05T02:12:58.567231Z,KXBTC15M-26OCT042215-15,0.9490,6.09,no
2026-10-05T02:12:58.664046Z,KXBTC15M-26OCT042215-15,0.9490,36.77,no
2026-10-05T02:12:58.680578Z,KXBTC15M-26OCT042215-15,0.9500,80.08,yes
2026-10-05T02:12:58.680578Z,KXBTC15M-26OCT042215-15,0.9500,11.00,yes
2026-10-05T02:12:58.680578Z,KXBTC15M-26OCT042215-15,0.9500,5.81,yes
2026-10-05T02:12:58.680578Z,KXBTC15M-26OCT042215-15,0.9500,1.00,yes
2026-10-05T02:12:58.680578Z,KXBTC15M-26OCT042215-15,0.9500,1.00,yes
2026-10-05T02:12:58.680578Z,KXBTC15M-26OCT042215-15,0.9500,10.09,yes
2026-10-05T02:12:58.680578Z,KXBTC15M-26OCT042215-15,0.9500,0.91,yes
2026-10-05T02:12:58.680578Z,KXBTC15M-26OCT042215-15,0.9500,0.50,yes
2026-10-05T02:12:58.680578Z,KXBTC15M-26OCT042215-15,0.9500,1.15,yes
2026-10-05T02:12:58.680578Z,KXBTC15M-26OCT042215-15,0.9500,6.00,yes
2026-10-05T02:12:58.680578Z,KXBTC15M-26OCT042215-15,0.9500,1.62,yes
2026-10-05T02:12:58.680578Z,KXBTC15M-26OCT042215-15,0.9500,0.42,yes
2026-10-05T02:12:58.694598Z,KXBTC15M-26OCT042215-15,0.9490,2.00,no
2026-10-05T02:12:58.694598Z,KXBTC15M-26OCT042215-15,0.9490,33.85,no
2026-10-05T02:12:58.699425Z,KXBTC15M-26OCT042215-15,0.9500,18.85,yes
2026-10-05T02:12:58.699425Z,KXBTC15M-26OCT042215-15,0.9500,1.49,yes
2026-10-05T02:12:58.699425Z,KXBTC15M-26OCT042215-15,0.9500,5.68,yes
2026-10-05T02:12:58.699638Z,KXBTC15M-26OCT042215-15,0.9490,2.28,no
2026-10-05T02:12:58.702726Z,KXBTC15M-26OCT042215-15,0.9500,2.24,yes
2026-10-05T02:12:58.724991Z,KXBTC15M-26OCT042215-15,0.9500,4.31,yes
2026-10-05T02:12:58.724991Z,KXBTC15M-26OCT042215-15,0.9500,3.96,yes
2026-10-05T02:12:58.726662Z,KXBTC15M-26OCT042215-15,0.9490,22.56,no
2026-10-05T02:12:58.765455Z,KXBTC15M-26OCT042215-15,0.9490,18.38,no
2026-10-05T02:12:58.808489Z,KXBTC15M-26OCT042215-15,0.9490,10.59,no
2026-10-05T02:12:58.830838Z,KXBTC15M-26OCT042215-15,0.9500,17.81,yes
2026-10-05T02:12:58.832152Z,KXBTC15M-26OCT042215-15,0.9490,13.00,no
2026-10-05T02:12:58.836961Z,KXBTC15M-26OCT042215-15,0.9500,140.73,yes
2026-10-05T02:12:58.839042Z,KXBTC15M-26OCT042215-15,0.9490,18.38,no
2026-10-05T02:12:58.845057Z,KXBTC15M-26OCT042215-15,0.9490,9.59,no
2026-10-05T02:12:58.845057Z,KXBTC15M-26OCT042215-15,0.9490,12.81,no
2026-10-05T02:12:58.864168Z,KXBTC15M-26OCT042215-15,0.9490,22.51,no
2026-10-05T02:12:58.864168Z,KXBTC15M-26OCT042215-15,0.9490,99.00,no
2026-10-05T02:12:58.864168Z,KXBTC15M-26OCT042215-15,0.9490,0.01,no
2026-10-05T02:12:58.864168Z,KXBTC15M-26OCT042215-15,0.9490,2.00,no
2026-10-05T02:12:58.864168Z,KXBTC15M-26OCT042215-15,0.9490,190.41,no
2026-10-05T02:12:58.864168Z,KXBTC15M-26OCT042215-15,0.9490,400.00,no
2026-10-05T02:12:58.864168Z,KXBTC15M-26OCT042215-15,0.9490,2.00,no
2026-10-05T02:12:58.864168Z,KXBTC15M-26OCT042215-15,0.9490,0.01,no
2026-10-05T02:12:58.864168Z,KXBTC15M-26OCT042215-15,0.9490,1.06,no
2026-10-05T02:12:58.920086Z,KXBTC15M-26OCT042215-15,0.9490,0.02,no
2026-10-05T02:12:58.920086Z,KXBTC15M-26OCT042215-15,0.9490,0.01,no
2026-10-05T02:12:58.920086Z,KXBTC15M-26OCT042215-15,0.9490,6.53,no
2026-10-05T02:12:58.920086Z,KXBTC15M-26OCT042215-15,0.9490,0.01,no
2026-10-05T02:12:58.920901Z,KXBTC15M-26OCT042215-15,0.9490,91.93,no
2026-10-05T02:12:58.943418Z,KXBTC15M-26OCT042215-15,0.9490,2.00,no
2026-10-05T02:12:58.943418Z,KXBTC15M-26OCT042215-15,0.9490,100.00,no
2026-10-05T02:12:58.943418Z,KXBTC15M-26OCT042215-15,0.9490,301.54,no
2026-10-05T02:12:58.943418Z,KXBTC15M-26OCT042215-15,0.9490,0.01,no
2026-10-05T02:12:58.943418Z,KXBTC15M-26OCT042215-15,0.9490,0.01,no
2026-10-05T02:12:58.943418Z,KXBTC15M-26OCT042215-15,0.9480,104.16,no
2026-10-05T02:12:58.943418Z,KXBTC15M-26OCT042215-15,0.9480,9.00,no
2026-10-05T02:12:58.944237Z,KXBTC15M-26OCT042215-15,0.9500,4.11,yes
2026-10-05T02:12:58.967999Z,KXBTC15M-26OCT042215-15,0.9590,1.00,yes
2026-10-05T02:12:58.967999Z,KXBTC15M-26OCT042215-15,0.9580,1.00,yes
2026-10-05T02:12:58.967999Z,KXBTC15M-26OCT042215-15,0.9630,1.00,yes
2026-10-05T02:12:58.967999Z,KXBTC15M-26OCT042215-15,0.9600,1.00,yes
2026-10-05T02:12:58.967999Z,KXBTC15M-26OCT042215-15,0.9610,1.00,yes
2026-10-05T02:12:58.967999Z,KXBTC15M-26OCT042215-15,0.9620,1.00,yes
2026-10-05T02:12:58.967999Z,KXBTC15M-26OCT042215-15,0.9640,1.00,yes
2026-10-05T02:12:58.967999Z,KXBTC15M-26OCT042215-15,0.9560,1.00,yes
2026-10-05T02:12:58.967999Z,KXBTC15M-26OCT042215-15,0.9570,1.00,yes
2026-10-05T02:12:58.967999Z,KXBTC15M-26OCT042215-15,0.9600,6.00,yes
2026-10-05T02:12:58.967999Z,KXBTC15M-26OCT042215-15,0.9600,10.00,yes
2026-10-05T02:12:58.967999Z,KXBTC15M-26OCT042215-15,0.9600,10.00,yes
2026-10-05T02:12:58.967999Z,KXBTC15M-26OCT042215-15,0.9600,100.00,yes
2026-10-05T02:12:58.967999Z,KXBTC15M-26OCT042215-15,0.9560,1.00,yes
2026-10-05T02:12:58.967999Z,KXBTC15M-26OCT042215-15,0.9600,33.17,yes
2026-10-05T02:12:58.967999Z,KXBTC15M-26OCT042215-15,0.9600,1.31,yes
2026-10-05T02:12:58.967999Z,KXBTC15M-26OCT042215-15,0.9600,8.89,yes
2026-10-05T02:12:58.967999Z,KXBTC15M-26OCT042215-15,0.9600,13.10,yes
2026-10-05T02:12:58.967999Z,KXBTC15M-26OCT042215-15,0.9600,4.87,yes
2026-10-05T02:12:58.967999Z,KXBTC15M-26OCT042215-15,0.9600,214.31,yes
2026-10-05T02:12:58.967999Z,KXBTC15M-26OCT042215-15,0.9600,1500.00,yes
2026-10-05T02:12:58.967999Z,KXBTC15M-26OCT042215-15,0.9600,1.00,yes
2026-10-05T02:12:58.967999Z,KXBTC15M-26OCT042215-15,0.9500,55.00,yes
2026-10-05T02:12:58.967999Z,KXBTC15M-26OCT042215-15,0.9500,133.04,yes
2026-10-05T02:12:58.967999Z,KXBTC15M-26OCT042215-15,0.9600,103.69,yes
2026-10-05T02:12:58.967999Z,KXBTC15M-26OCT042215-15,0.9500,68.23,yes
2026-10-05T02:12:58.967999Z,KXBTC15M-26OCT042215-15,0.9600,1.11,yes
2026-10-05T02:12:58.967999Z,KXBTC15M-26OCT042215-15,0.9500,23.95,yes
2026-10-05T02:12:58.967999Z,KXBTC15M-26OCT042215-15,0.9600,20.00,yes
2026-10-05T02:12:58.967999Z,KXBTC15M-26OCT042215-15,0.9600,200.00,yes
2026-10-05T02:12:58.967999Z,KXBTC15M-26OCT042215-15,0.9500,3.88,yes
2026-10-05T02:12:58.967999Z,KXBTC15M-26OCT042215-15,0.9560,2.00,yes
2026-10-05T02:12:58.967999Z,KXBTC15M-26OCT042215-15,0.9560,8.00,yes
2026-10-05T02:12:58.967999Z,KXBTC15M-26OCT042215-15,0.9600,2.00,yes
2026-10-05T02:12:58.967999Z,KXBTC15M-26OCT042215-15,0.9580,131.00,yes
2026-10-05T02:12:58.967999Z,KXBTC15M-26OCT042215-15,0.9510,1000.00,yes
2026-10-05T02:12:58.967999Z,KXBTC15M-26OCT042215-15,0.9590,0.01,yes
2026-10-05T02:12:58.967999Z,KXBTC15M-26OCT042215-15,0.9590,2.00,yes
2026-10-05T02:12:58.967999Z,KXBTC15M-26OCT042215-15,0.9600,50.00,yes
2026-10-05T02:12:58.967999Z,KXBTC15M-26OCT042215-15,0.9640,84.27,yes
2026-10-05T02:12:58.967999Z,KXBTC15M-26OCT042215-15,0.9570,2.00,yes
2026-10-05T02:12:58.967999Z,KXBTC15M-26OCT042215-15,0.9500,50.00,yes
2026-10-05T02:12:58.967999Z,KXBTC15M-26OCT042215-15,0.9580,2.00,yes
2026-10-05T02:12:58.967999Z,KXBTC15M-26OCT042215-15,0.9580,131.00,yes
2026-10-05T02:12:58.967999Z,KXBTC15M-26OCT042215-15,0.9580,2.00,yes
2026-10-05T02:12:58.967999Z,KXBTC15M-26OCT042215-15,0.9590,402.00,yes
2026-10-05T02:12:58.967999Z,KXBTC15M-26OCT042215-15,0.9570,128.00,yes
2026-10-05T02:12:58.967999Z,KXBTC15M-26OCT042215-15,0.9570,67.00,yes
2026-10-05T02:12:58.967999Z,KXBTC15M-26OCT042215-15,0.9500,0.01,yes
2026-10-05T02:12:58.967999Z,KXBTC15M-26OCT042215-15,0.9500,0.01,yes
2026-10-05T02:12:58.967999Z,KXBTC15M-26OCT042215-15,0.9570,9.00,yes
2026-10-05T02:12:58.967999Z,KXBTC15M-26OCT042215-15,0.9500,500.00,yes
2026-10-05T02:12:58.967999Z,KXBTC15M-26OCT042215-15,0.9590,21.00,yes
2026-10-05T02:12:58.967999Z,KXBTC15M-26OCT042215-15,0.9500,6.09,yes
2026-10-05T02:12:58.971639Z,KXBTC15M-26OCT042215-15,0.9640,56.53,yes
2026-10-05T02:12:58.992027Z,KXBTC15M-26OCT042215-15,0.9550,65.27,no
2026-10-05T02:12:58.996384Z,KXBTC15M-26OCT042215-15,0.9550,95.75,no
2026-10-05T02:12:59.047175Z,KXBTC15M-26OCT042215-15,0.9560,3.00,no
2026-10-05T02:12:59.064771Z,KXBTC15M-26OCT042215-15,0.9570,0.01,yes
2026-10-05T02:12:59.064771Z,KXBTC15M-26OCT042215-15,0.9570,0.01,yes
2026-10-05T02:12:59.064771Z,KXBTC15M-26OCT042215-15,0.9570,2.98,yes
2026-10-05T02:12:59.079078Z,KXBTC15M-26OCT042215-15,0.9570,50.00,yes
2026-10-05T02:12:59.088591Z,KXBTC15M-26OCT042215-15,0.9560,52.36,no
2026-10-05T02:12:59.100391Z,KXBTC15M-26OCT042215-15,0.9570,10.27,yes
2026-10-05T02:12:59.112868Z,KXBTC15M-26OCT042215-15,0.9570,0.01,yes
2026-10-05T02:12:59.112868Z,KXBTC15M-26OCT042215-15,0.9570,1.00,yes
2026-10-05T02:12:59.112868Z,KXBTC15M-26OCT042215-15,0.9570,0.01,yes
2026-10-05T02:12:59.112868Z,KXBTC15M-26OCT042215-15,0.9570,3.29,yes
2026-10-05T02:12:59.117983Z,KXBTC15M-26OCT042215-15,0.9560,91.93,no
2026-10-05T02:12:59.126251Z,KXBTC15M-26OCT042215-15,0.9560,3.38,no
2026-10-05T02:12:59.140109Z,KXBTC15M-26OCT042215-15,0.9560,0.01,no
2026-10-05T02:12:59.140109Z,KXBTC15M-26OCT042215-15,0.9560,113.33,no
2026-10-05T02:12:59.140109Z,KXBTC15M-26OCT042215-15,0.9560,29.66,no
2026-10-05T02:12:59.14133Z,KXBTC15M-26OCT042215-15,0.9570,400.00,yes
2026-10-05T02:12:59.14133Z,KXBTC15M-26OCT042215-15,0.9580,131.20,yes
2026-10-05T02:12:59.14133Z,KXBTC15M-26OCT042215-15,0.9570,0.01,yes
2026-10-05T02:12:59.14133Z,KXBTC15M-26OCT042215-15,0.9570,0.01,yes
2026-10-05T02:12:59.14133Z,KXBTC15M-26OCT042215-15,0.9570,496.71,yes
2026-10-05T02:12:59.141689Z,KXBTC15M-26OCT042215-15,0.9560,10.00,no
2026-10-05T02:12:59.141689Z,KXBTC15M-26OCT042215-15,0.9560,0.01,no
2026-10-05T02:12:59.141689Z,KXBTC15M-26OCT042215-15,0.9560,89.00,no
2026-10-05T02:12:59.141689Z,KXBTC15M-26OCT042215-15,0.9560,58.47,no
2026-10-05T02:12:59.141689Z,KXBTC15M-26OCT042215-15,0.9560,23.00,no
2026-10-05T02:12:59.141689Z,KXBTC15M-26OCT042215-15,0.9560,317.86,no
2026-10-05T02:12:59.165372Z,KXBTC15M-26OCT042215-15,0.9560,18.37,no
2026-10-05T02:12:59.165372Z,KXBTC15M-26OCT042215-15,0.9560,0.01,no
2026-10-05T02:12:59.22175Z,KXBTC15M-26OCT042215-15,0.9570,1.04,yes
2026-10-05T02:12:59.274598Z,KXBTC15M-26OCT042215-15,0.9560,0.01,no
2026-10-05T02:12:59.274598Z,KXBTC15M-26OCT042215-15,0.9560,0.01,no
2026-10-05T02:12:59.274598Z,KXBTC15M-26OCT042215-15,0.9560,10.00,no
2026-10-05T02:12:59.274598Z,KXBTC15M-26OCT042215-15,0.9560,95.98,no
2026-10-05T02:12:59.28986Z,KXBTC15M-26OCT042215-15,0.9560,14.18,no
2026-10-05T02:12:59.29183Z,KXBTC15M-26OCT042215-15,0.9560,55.16,no
2026-10-05T02:12:59.302331Z,KXBTC15M-26OCT042215-15,0.9560,0.01,no
2026-10-05T02:12:59.302331Z,KXBTC15M-26OCT042215-15,0.9560,0.01,no
2026-10-05T02:12:59.302331Z,KXBTC15M-26OCT042215-15,0.9560,9.17,no
2026-10-05T02:12:59.304303Z,KXBTC15M-26OCT042215-15,0.9550,432.59,no
2026-10-05T02:12:59.304303Z,KXBTC15M-26OCT042215-15,0.9560,100.00,no
2026-10-05T02:12:59.304303Z,KXBTC15M-26OCT042215-15,0.9560,0.83,no
2026-10-05T02:12:59.305416Z,KXBTC15M-26OCT042215-15,0.9560,11.66,no
2026-10-05T02:12:59.322559Z,KXBTC15M-26OCT042215-15,0.9560,9.17,no
2026-10-05T02:12:59.322559Z,KXBTC15M-26OCT042215-15,0.9560,0.01,no
2026-10-05T02:12:59.322559Z,KXBTC15M-26OCT042215-15,0.9560,0.83,no
2026-10-05T02:12:59.322559Z,KXBTC15M-26OCT042215-15,0.9560,0.01,no
2026-10-05T02:12:59.322559Z,KXBTC15M-26OCT042215-15,0.9560,26.75,no
2026-10-05T02:12:59.32721Z,KXBTC15M-26OCT042215-15,0.9550,38.25,no
2026-10-05T02:12:59.32721Z,KXBTC15M-26OCT042215-15,0.9560,73.25,no
2026-10-05T02:12:59.327868Z,KXBTC15M-26OCT042215-15,0.9540,2.00,no
2026-10-05T02:12:59.327868Z,KXBTC15M-26OCT042215-15,0.9530,774.36,no
2026-10-05T02:12:59.327868Z,KXBTC15M-26OCT042215-15,0.9550,415.14,no
2026-10-05T02:12:59.327868Z,KXBTC15M-26OCT042215-15,0.9550,2.00,no
2026-10-05T02:12:59.327868Z,KXBTC15M-26OCT042215-15,0.9550,93.75,no
2026-10-05T02:12:59.327868Z,KXBTC15M-26OCT042215-15,0.9550,93.75,no
2026-10-05T02:12:59.327868Z,KXBTC15M-26OCT042215-15,0.9550,15.00,no
2026-10-05T02:12:59.327868Z,KXBTC15M-26OCT042215-15,0.9550,130.00,no
2026-10-05T02:12:59.359042Z,KXBTC15M-26OCT042215-15,0.9560,2.24,no
2026-10-05T02:12:59.359042Z,KXBTC15M-26OCT042215-15,0.9560,0.01,no
2026-10-05T02:12:59.386021Z,KXBTC15M-26OCT042215-15,0.9560,0.01,no
2026-10-05T02:12:59.386021Z,KXBTC15M-26OCT042215-15,0.9560,400.00,no
2026-10-05T02:12:59.386021Z,KXBTC15M-26OCT042215-15,0.9560,100.00,no
2026-10-05T02:12:59.386021Z,KXBTC15M-26OCT042215-15,0.9560,147.76,no
2026-10-05T02:12:59.394689Z,KXBTC15M-26OCT042215-15,0.9550,40.32,no
2026-10-05T02:12:59.394689Z,KXBTC15M-26OCT042215-15,0.9550,0.02,no
2026-10-05T02:12:59.396588Z,KXBTC15M-26OCT042215-15,0.9570,0.01,yes
2026-10-05T02:12:59.396588Z,KXBTC15M-26OCT042215-15,0.9570,9.00,yes
2026-10-05T02:12:59.396588Z,KXBTC15M-26OCT042215-15,0.9570,0.01,yes
2026-10-05T02:12:59.396588Z,KXBTC15M-26OCT042215-15,0.9570,42.02,yes
2026-10-05T02:12:59.396968Z,KXBTC15M-26OCT042215-15,0.9570,5.13,yes
2026-10-05T02:12:59.432969Z,KXBTC15M-26OCT042215-15,0.9560,2.48,yes
2026-10-05T02:12:59.448803Z,KXBTC15M-26OCT042215-15,0.9560,79.12,yes
2026-10-05T02:12:59.456917Z,KXBTC15M-26OCT042215-15,0.9550,13.10,no
2026-10-05T02:12:59.483273Z,KXBTC15M-26OCT042215-15,0.9550,0.01,no
2026-10-05T02:12:59.483273Z,KXBTC15M-26OCT042215-15,0.9550,0.01,no
2026-10-05T02:12:59.483273Z,KXBTC15M-26OCT042215-15,0.9540,2.00,no
2026-10-05T02:12:59.483273Z,KXBTC15M-26OCT042215-15,0.9540,0.02,no
2026-10-05T02:12:59.483273Z,KXBTC15M-26OCT042215-15,0.9540,88.06,no
2026-10-05T02:12:59.483273Z,KXBTC15M-26OCT042215-15,0.9550,136.90,no
2026-10-05T02:12:59.486684Z,KXBTC15M-26OCT042215-15,0.9550,6.00,no
2026-10-05T02:12:59.486684Z,KXBTC15M-26OCT042215-15,0.9540,25.48,no
2026-10-05T02:12:59.489817Z,KXBTC15M-26OCT042215-15,0.9520,2.00,no
2026-10-05T02:12:59.489817Z,KXBTC15M-26OCT042215-15,0.9530,2.00,no
2026-10-05T02:12:59.489817Z,KXBTC15M-26OCT042215-15,0.9520,2.00,no
2026-10-05T02:12:59.489817Z,KXBTC15M-26OCT042215-15,0.9500,43.61,no
2026-10-05T02:12:59.489817Z,KXBTC15M-26OCT042215-15,0.9510,2.00,no
2026-10-05T02:12:59.510558Z,KXBTC15M-26OCT042215-15,0.9540,0.01,no
2026-10-05T02:12:59.510558Z,KXBTC15M-26OCT042215-15,0.9540,11.78,no
2026-10-05T02:12:59.546004Z,KXBTC15M-26OCT042215-15,0.9540,52.41,no
2026-10-05T02:12:59.575683Z,KXBTC15M-26OCT042215-15,0.9540,63.76,no
2026-10-05T02:12:59.575683Z,KXBTC15M-26OCT042215-15,0.9540,85.81,no
2026-10-05T02:12:59.575683Z,KXBTC15M-26OCT042215-15,0.9540,100.00,no
2026-10-05T02:12:59.584602Z,KXBTC15M-26OCT042215-15,0.9540,50.43,no
2026-10-05T02:12:59.618517Z,KXBTC15M-26OCT042215-15,0.9540,4.08,no
2026-10-05T02:12:59.61893Z,KXBTC15M-26OCT042215-15,0.9550,105.22,yes
2026-10-05T02:12:59.629477Z,KXBTC15M-26OCT042215-15,0.9550,118.76,yes
2026-10-05T02:12:59.73829Z,KXBTC15M-26OCT042215-15,0.9540,8.92,no
2026-10-05T02:12:59.75847Z,KXBTC15M-26OCT042215-15,0.9540,104.44,no
2026-10-05T02:12:59.831468Z,KXBTC15M-26OCT042215-15,0.9550,0.98,yes
2026-10-05T02:12:59.831468Z,KXBTC15M-26OCT042215-15,0.9550,0.01,yes
2026-10-05T02:12:59.831468Z,KXBTC15M-26OCT042215-15,0.9550,0.01,yes
2026-10-05T02:12:59.855006Z,KXBTC15M-26OCT042215-15,0.9540,6.55,no
2026-10-05T02:12:59.874214Z,KXBTC15M-26OCT042215-15,0.9540,115.15,no
2026-10-05T02:12:59.878971Z,KXBTC15M-26OCT042215-15,0.9550,1.00,yes
2026-10-05T02:12:59.954554Z,KXBTC15M-26OCT042215-15,0.9540,52.36,no
2026-10-05T02:12:59.974865Z,KXBTC15M-26OCT042215-15,0.9540,20.37,no
2026-10-05T02:12:59.981634Z,KXBTC15M-26OCT042215-15,0.9550,15.65,yes
2026-10-05T02:12:59.997024Z,KXBTC15M-26OCT042215-15,0.9540,5.09,no
2026-10-05T02:13:00.002505Z,KXBTC15M-26OCT042215-15,0.9540,40.75,no
2026-10-05T02:13:00.02224Z,KXBTC15M-26OCT042215-15,0.9540,101.89,no
2026-10-05T02:13:00.054592Z,KXBTC15M-26OCT042215-15,0.9540,305.67,no
2026-10-05T02:13:00.081572Z,KXBTC15M-26OCT042215-15,0.9540,138.07,no
2026-10-05T02:13:00.089213Z,KXBTC15M-26OCT042215-15,0.9540,0.57,no
2026-10-05T02:13:00.113817Z,KXBTC15M-26OCT042215-15,0.9540,2.00,no
2026-10-05T02:13:00.132158Z,KXBTC15M-26OCT042215-15,0.9540,45.00,no
2026-10-05T02:13:00.135605Z,KXBTC15M-26OCT042215-15,0.9550,28.18,yes
2026-10-05T02:13:00.1722Z,KXBTC15M-26OCT042215-15,0.9540,2.26,no
2026-10-05T02:13:00.190238Z,KXBTC15M-26OCT042215-15,0.9540,157.00,no
2026-10-05T02:13:00.194323Z,KXBTC15M-26OCT042215-15,0.9550,7.30,yes
2026-10-05T02:13:00.209252Z,KXBTC15M-26OCT042215-15,0.9540,52.62,no
2026-10-05T02:13:00.209252Z,KXBTC15M-26OCT042215-15,0.9540,311.83,no
2026-10-05T02:13:00.257482Z,KXBTC15M-26OCT042215-15,0.9550,0.01,yes
2026-10-05T02:13:00.257482Z,KXBTC15M-26OCT042215-15,0.9550,45.89,yes
2026-10-05T02:13:00.257482Z,KXBTC15M-26OCT042215-15,0.9550,0.01,yes
2026-10-05T02:13:00.257482Z,KXBTC15M-26OCT042215-15,0.9550,2.00,yes
2026-10-05T02:13:00.257482Z,KXBTC15M-26OCT042215-15,0.9550,2.28,yes
2026-10-05T02:13:00.257482Z,KXBTC15M-26OCT042215-15,0.9550,2.00,yes
2026-10-05T02:13:00.274945Z,KXBTC15M-26OCT042215-15,0.9540,2.13,no
2026-10-05T02:13:00.300785Z,KXBTC15M-26OCT042215-15,0.9550,51.02,yes
2026-10-05T02:13:00.338338Z,KXBTC15M-26OCT042215-15,0.9540,23.28,no
2026-10-05T02:13:00.343034Z,KXBTC15M-26OCT042215-15,0.9540,40.75,no
2026-10-05T02:13:00.354546Z,KXBTC15M-26OCT042215-15,0.9550,4.00,yes
2026-10-05T02:13:00.363741Z,KXBTC15M-26OCT042215-15,0.9550,59.68,yes
2026-10-05T02:13:00.363741Z,KXBTC15M-26OCT042215-15,0.9550,42.70,yes
2026-10-05T02:13:00.469126Z,KXBTC15M-26OCT042215-15,0.9540,3.45,no
2026-10-05T02:13:00.488141Z,KXBTC15M-26OCT042215-15,0.9540,101.89,no
2026-10-05T02:13:00.497366Z,KXBTC15M-26OCT042215-15,0.9550,28.94,yes
2026-10-05T02:13:00.500996Z,KXBTC15M-26OCT042215-15,0.9540,262.08,no
2026-10-05T02:13:00.527547Z,KXBTC15M-26OCT042215-15,0.9550,311.38,yes
2026-10-05T02:13:00.527547Z,KXBTC15M-26OCT042215-15,0.9550,111.37,yes
2026-10-05T02:13:00.538187Z,KXBTC15M-26OCT042215-15,0.9540,131.04,no
2026-10-05T02:13:00.547577Z,KXBTC15M-26OCT042215-15,0.9540,0.28,no
2026-10-05T02:13:00.581333Z,KXBTC15M-26OCT042215-15,0.9540,274.03,no
2026-10-05T02:13:00.581738Z,KXBTC15M-26OCT042215-15,0.9540,20.37,no
2026-10-05T02:13:00.586667Z,KXBTC15M-26OCT042215-15,0.9540,61.13,no
2026-10-05T02:13:00.62882Z,KXBTC15M-26OCT042215-15,0.9540,40.75,no
2026-10-05T02:13:00.694048Z,KXBTC15M-26OCT042215-15,0.9550,1.00,yes
2026-10-05T02:13:00.694048Z,KXBTC15M-26OCT042215-15,0.9550,54.00,yes
2026-10-05T02:13:00.694048Z,KXBTC15M-26OCT042215-15,0.9550,0.01,yes
2026-10-05T02:13:00.694048Z,KXBTC15M-26OCT042215-15,0.9550,0.01,yes
2026-10-05T02:13:00.695429Z,KXBTC15M-26OCT042215-15,0.9540,500.00,no
2026-10-05T02:13:00.695429Z,KXBTC15M-26OCT042215-15,0.9540,1.04,no
2026-10-05T02:13:00.695429Z,KXBTC15M-26OCT042215-15,0.9540,986.20,no
2026-10-05T02:13:00.695429Z,KXBTC15M-26OCT042215-15,0.9510,0.02,no
2026-10-05T02:13:00.695429Z,KXBTC15M-26OCT042215-15,0.9540,0.01,no
2026-10-05T02:13:00.695429Z,KXBTC15M-26OCT042215-15,0.9520,0.02,no
2026-10-05T02:13:00.695429Z,KXBTC15M-26OCT042215-15,0.9540,1.06,no
2026-10-05T02:13:00.695429Z,KXBTC15M-26OCT042215-15,0.9530,0.02,no
2026-10-05T02:13:00.695429Z,KXBTC15M-26OCT042215-15,0.9500,64.00,no
2026-10-05T02:13:00.695429Z,KXBTC15M-26OCT042215-15,0.9500,0.02,no
2026-10-05T02:13:00.695429Z,KXBTC15M-26OCT042215-15,0.9540,0.01,no
2026-10-05T02:13:00.695429Z,KXBTC15M-26OCT042215-15,0.9510,24.00,no
2026-10-05T02:13:00.695429Z,KXBTC15M-26OCT042215-15,0.9500,144.00,no
2026-10-05T02:13:00.695429Z,KXBTC15M-26OCT042215-15,0.9510,72.00,no
2026-10-05T02:13:00.695429Z,KXBTC15M-26OCT042215-15,0.9540,100.00,no
2026-10-05T02:13:00.695429Z,KXBTC15M-26OCT042215-15,0.9500,25.00,no
2026-10-05T02:13:00.695429Z,KXBTC15M-26OCT042215-15,0.9500,961.04,no
2026-10-05T02:13:00.695429Z,KXBTC15M-26OCT042215-15,0.9510,84.00,no
2026-10-05T02:13:00.695429Z,KXBTC15M-26OCT042215-15,0.9540,400.00,no
2026-10-05T02:13:00.695429Z,KXBTC15M-26OCT042215-15,0.9520,9.00,no
2026-10-05T02:13:00.695429Z,KXBTC15M-26OCT042215-15,0.9540,0.01,no
2026-10-05T02:13:00.701839Z,KXBTC15M-26OCT042215-15,0.9540,200.00,no
2026-10-05T02:13:00.701839Z,KXBTC15M-26OCT042215-15,0.9500,375.31,no
2026-10-05T02:13:00.701839Z,KXBTC15M-26OCT042215-15,0.9530,200.00,no
2026-10-05T02:13:00.70377Z,KXBTC15M-26OCT042215-15,0.9540,0.01,no
2026-10-05T02:13:00.70377Z,KXBTC15M-26OCT042215-15,0.9500,1.99,no
2026-10-05T02:13:00.705192Z,KXBTC15M-26OCT042215-15,0.9540,0.01,no
2026-10-05T02:13:00.705192Z,KXBTC15M-26OCT042215-15,0.9540,99.84,no
2026-10-05T02:13:00.713501Z,KXBTC15M-26OCT042215-15,0.9540,99.85,no
2026-10-05T02:13:00.720284Z,KXBTC15M-26OCT042215-15,0.9540,7.78,no
2026-10-05T02:13:00.772643Z,KXBTC15M-26OCT042215-15,0.9540,6.78,no
2026-10-05T02:13:00.772643Z,KXBTC15M-26OCT042215-15,0.9540,0.01,no
2026-10-05T02:13:00.773724Z,KXBTC15M-26OCT042215-15,0.9540,20.37,no
2026-10-05T02:13:00.781682Z,KXBTC15M-26OCT042215-15,0.9540,23.48,no
2026-10-05T02:13:00.781682Z,KXBTC15M-26OCT042215-15,0.9540,72.85,no
2026-10-05T02:13:00.854458Z,KXBTC15M-26OCT042215-15,0.9530,22.00,yes
2026-10-05T02:13:00.854458Z,KXBTC15M-26OCT042215-15,0.9530,0.01,yes
2026-10-05T02:13:00.854458Z,KXBTC15M-26OCT042215-15,0.9540,1.98,yes
2026-10-05T02:13:00.854458Z,KXBTC15M-26OCT042215-15,0.9530,0.01,yes
2026-10-05T02:13:00.858352Z,KXBTC15M-26OCT042215-15,0.9540,61.58,yes
2026-10-05T02:13:00.864616Z,KXBTC15M-26OCT042215-15,0.9510,9.00,no
2026-10-05T02:13:00.864616Z,KXBTC15M-26OCT042215-15,0.9510,278.99,no
2026-10-05T02:13:00.864616Z,KXBTC15M-26OCT042215-15,0.9510,0.01,no
2026-10-05T02:13:00.864616Z,KXBTC15M-26OCT042215-15,0.9510,500.00,no
2026-10-05T02:13:00.872531Z,KXBTC15M-26OCT042215-15,0.9510,0.01,no
2026-10-05T02:13:00.872531Z,KXBTC15M-26OCT042215-15,0.9510,10.65,no
2026-10-05T02:13:00.885268Z,KXBTC15M-26OCT042215-15,0.9500,15.00,no
2026-10-05T02:13:00.885268Z,KXBTC15M-26OCT042215-15,0.9500,17.80,no
2026-10-05T02:13:00.892063Z,KXBTC15M-26OCT042215-15,0.9520,1.06,no
2026-10-05T02:13:00.892063Z,KXBTC15M-26OCT042215-15,0.9510,1.83,no
2026-10-05T02:13:00.909129Z,KXBTC15M-26OCT042215-15,0.9500,52.01,no
2026-10-05T02:13:00.909129Z,KXBTC15M-26OCT042215-15,0.9510,1.04,no
2026-10-05T02:13:00.930048Z,KXBTC15M-26OCT042215-15,0.9490,0.02,no
2026-10-05T02:13:00.930048Z,KXBTC15M-26OCT042215-15,0.9510,9.00,no
2026-10-05T02:13:00.930048Z,KXBTC15M-26OCT042215-15,0.9500,64.00,no
2026-10-05T02:13:00.930048Z,KXBTC15M-26OCT042215-15,0.9510,100.00,no
2026-10-05T02:13:00.930048Z,KXBTC15M-26OCT042215-15,0.9510,0.01,no
2026-10-05T02:13:00.930904Z,KXBTC15M-26OCT042215-15,0.9520,5.00,yes
2026-10-05T02:13:00.970283Z,KXBTC15M-26OCT042215-15,0.9500,22.78,no
2026-10-05T02:13:00.975789Z,KXBTC15M-26OCT042215-15,0.9530,0.01,yes
2026-10-05T02:13:00.975789Z,KXBTC15M-26OCT042215-15,0.9530,0.01,yes
2026-10-05T02:13:00.975789Z,KXBTC15M-26OCT042215-15,0.9530,8.00,yes
2026-10-05T02:13:00.975789Z,KXBTC15M-26OCT042215-15,0.9540,21.18,yes
2026-10-05T02:13:00.975789Z,KXBTC15M-26OCT042215-15,0.9520,0.01,yes
2026-10-05T02:13:00.975789Z,KXBTC15M-26OCT042215-15,0.9520,0.01,yes
2026-10-05T02:13:01.005848Z,KXBTC15M-26OCT042215-15,0.9510,5.40,no
2026-10-05T02:13:01.005848Z,KXBTC15M-26OCT042215-15,0.9510,0.01,no
2026-10-05T02:13:01.005848Z,KXBTC15M-26OCT042215-15,0.9510,1.06,no
2026-10-05T02:13:01.005848Z,KXBTC15M-26OCT042215-15,0.9510,0.01,no
2026-10-05T02:13:01.025641Z,KXBTC15M-26OCT042215-15,0.9530,2.06,yes
2026-10-05T02:13:01.025641Z,KXBTC15M-26OCT042215-15,0.9520,0.01,yes
2026-10-05T02:13:01.025641Z,KXBTC15M-26OCT042215-15,0.9520,0.01,yes
2026-10-05T02:13:01.082769Z,KXBTC15M-26OCT042215-15,0.9510,25.24,no
2026-10-05T02:13:01.082769Z,KXBTC15M-26OCT042215-15,0.9510,3.60,no
2026-10-05T02:13:01.088179Z,KXBTC15M-26OCT042215-15,0.9510,38.00,no
2026-10-05T02:13:01.092663Z,KXBTC15M-26OCT042215-15,0.9510,3.98,no
2026-10-05T02:13:01.121639Z,KXBTC15M-26OCT042215-15,0.9510,32.78,no
2026-10-05T02:13:01.121639Z,KXBTC15M-26OCT042215-15,0.9510,26.08,no
2026-10-05T02:13:01.135714Z,KXBTC15M-26OCT042215-15,0.9510,56.95,no
2026-10-05T02:13:01.140937Z,KXBTC15M-26OCT042215-15,0.9510,19.13,no
2026-10-05T02:13:01.148481Z,KXBTC15M-26OCT042215-15,0.9530,0.02,yes
2026-10-05T02:13:01.148481Z,KXBTC15M-26OCT042215-15,0.9520,1.00,yes
2026-10-05T02:13:01.148481Z,KXBTC15M-26OCT042215-15,0.9520,0.01,yes
2026-10-05T02:13:01.148481Z,KXBTC15M-26OCT042215-15,0.9520,0.01,yes
2026-10-05T02:13:01.158988Z,KXBTC15M-26OCT042215-15,0.9510,1.98,no
2026-10-05T02:13:01.191322Z,KXBTC15M-26OCT042215-15,0.9510,38.10,no
2026-10-05T02:13:01.194309Z,KXBTC15M-26OCT042215-15,0.9540,1.00,yes
2026-10-05T02:13:01.194309Z,KXBTC15M-26OCT042215-15,0.9530,0.98,yes
2026-10-05T02:13:01.194309Z,KXBTC15M-26OCT042215-15,0.9550,143.26,yes
2026-10-05T02:13:01.194309Z,KXBTC15M-26OCT042215-15,0.9530,0.01,yes
2026-10-05T02:13:01.194309Z,KXBTC15M-26OCT042215-15,0.9520,0.01,yes
2026-10-05T02:13:01.194309Z,KXBTC15M-26OCT042215-15,0.9530,0.01,yes
2026-10-05T02:13:01.194309Z,KXBTC15M-26OCT042215-15,0.9520,0.01,yes
2026-10-05T02:13:01.215524Z,KXBTC15M-26OCT042215-15,0.9510,191.98,no
2026-10-05T02:13:01.221228Z,KXBTC15M-26OCT042215-15,0.9510,30.00,no
2026-10-05T02:13:01.223078Z,KXBTC15M-26OCT042215-15,0.9510,8.24,no
2026-10-05T02:13:01.242787Z,KXBTC15M-26OCT042215-15,0.9520,1.00,yes
2026-10-05T02:13:01.242787Z,KXBTC15M-26OCT042215-15,0.9540,8.00,yes
2026-10-05T02:13:01.242787Z,KXBTC15M-26OCT042215-15,0.9550,22.67,yes
2026-10-05T02:13:01.242787Z,KXBTC15M-26OCT042215-15,0.9520,0.01,yes
2026-10-05T02:13:01.242787Z,KXBTC15M-26OCT042215-15,0.9540,0.01,yes
2026-10-05T02:13:01.242787Z,KXBTC15M-26OCT042215-15,0.9540,0.01,yes
2026-10-05T02:13:01.242787Z,KXBTC15M-26OCT042215-15,0.9520,0.01,yes
2026-10-05T02:13:01.269828Z,KXBTC15M-26OCT042215-15,0.9510,0.01,no
2026-10-05T02:13:01.269828Z,KXBTC15M-26OCT042215-15,0.9510,27.54,no
2026-10-05T02:13:01.269828Z,KXBTC15M-26OCT042215-15,0.9510,48.97,no
2026-10-05T02:13:01.269828Z,KXBTC15M-26OCT042215-15,0.9510,0.01,no
2026-10-05T02:13:01.277626Z,KXBTC15M-26OCT042215-15,0.9550,3.07,yes
2026-10-05T02:13:01.281742Z,KXBTC15M-26OCT042215-15,0.9510,11.18,no
2026-10-05T02:13:01.283933Z,KXBTC15M-26OCT042215-15,0.9510,39.85,no
2026-10-05T02:13:01.283933Z,KXBTC15M-26OCT042215-15,0.9510,62.72,no
2026-10-05T02:13:01.297246Z,KXBTC15M-26OCT042215-15,0.9510,89.67,no
2026-10-05T02:13:01.297246Z,KXBTC15M-26OCT042215-15,0.9520,6.00,no
2026-10-05T02:13:01.31038Z,KXBTC15M-26OCT042215-15,0.9520,83.65,no
2026-10-05T02:13:01.31038Z,KXBTC15M-26OCT042215-15,0.9520,0.01,no
2026-10-05T02:13:01.31038Z,KXBTC15M-26OCT042215-15,0.9520,0.01,no
2026-10-05T02:13:01.31038Z,KXBTC15M-26OCT042215-15,0.9530,12.00,no
2026-10-05T02:13:01.322165Z,KXBTC15M-26OCT042215-15,0.9510,27.58,no
2026-10-05T02:13:01.322165Z,KXBTC15M-26OCT042215-15,0.9520,0.01,no
2026-10-05T02:13:01.322165Z,KXBTC15M-26OCT042215-15,0.9520,400.00,no
2026-10-05T02:13:01.322165Z,KXBTC15M-26OCT042215-15,0.9520,0.01,no
2026-10-05T02:13:01.322165Z,KXBTC15M-26OCT042215-15,0.9510,0.01,no
2026-10-05T02:13:01.322165Z,KXBTC15M-26OCT042215-15,0.9510,0.01,no
2026-10-05T02:13:01.324722Z,KXBTC15M-26OCT042215-15,0.9510,9.56,no
2026-10-05T02:13:01.333903Z,KXBTC15M-26OCT042215-15,0.9530,1.00,yes
2026-10-05T02:13:01.333903Z,KXBTC15M-26OCT042215-15,0.9530,0.01,yes
2026-10-05T02:13:01.333903Z,KXBTC15M-26OCT042215-15,0.9530,0.01,yes
2026-10-05T02:13:01.333903Z,KXBTC15M-26OCT042215-15,0.9540,3.15,yes
2026-10-05T02:13:01.368612Z,KXBTC15M-26OCT042215-15,0.9520,1.08,no
2026-10-05T02:13:01.386376Z,KXBTC15M-26OCT042215-15,0.9520,33.56,no
2026-10-05T02:13:01.402251Z,KXBTC15M-26OCT042215-15,0.9520,130.98,no
2026-10-05T02:13:01.402251Z,KXBTC15M-26OCT042215-15,0.9520,0.01,no
2026-10-05T02:13:01.402251Z,KXBTC15M-26OCT042215-15,0.9520,0.01,no
2026-10-05T02:13:01.402251Z,KXBTC15M-26OCT042215-15,0.9520,9.00,no
2026-10-05T02:13:01.420271Z,KXBTC15M-26OCT042215-15,0.9530,0.01,yes
2026-10-05T02:13:01.420271Z,KXBTC15M-26OCT042215-15,0.9530,0.01,yes
2026-10-05T02:13:01.420271Z,KXBTC15M-26OCT042215-15,0.9530,182.81,yes
2026-10-05T02:13:01.424247Z,KXBTC15M-26OCT042215-15,0.9520,19.13,no
2026-10-05T02:13:01.456395Z,KXBTC15M-26OCT042215-15,0.9520,17.00,no
2026-10-05T02:13:01.480032Z,KXBTC15M-26OCT042215-15,0.9540,1.00,yes
2026-10-05T02:13:01.480032Z,KXBTC15M-26OCT042215-15,0.9540,23.00,yes
2026-10-05T02:13:01.480032Z,KXBTC15M-26OCT042215-15,0.9550,142.81,yes
2026-10-05T02:13:01.480032Z,KXBTC15M-26OCT042215-15,0.9530,0.01,yes
2026-10-05T02:13:01.480032Z,KXBTC15M-26OCT042215-15,0.9540,200.00,yes
2026-10-05T02:13:01.480032Z,KXBTC15M-26OCT042215-15,0.9540,0.01,yes
2026-10-05T02:13:01.480032Z,KXBTC15M-26OCT042215-15,0.9540,74.00,yes
2026-10-05T02:13:01.480032Z,KXBTC15M-26OCT042215-15,0.9530,0.01,yes
2026-10-05T02:13:01.480032Z,KXBTC15M-26OCT042215-15,0.9540,4.85,yes
2026-10-05T02:13:01.480032Z,KXBTC15M-26OCT042215-15,0.9540,3.15,yes
2026-10-05T02:13:01.505059Z,KXBTC15M-26OCT042215-15,0.9520,14.41,no
2026-10-05T02:13:01.521702Z,KXBTC15M-26OCT042215-15,0.9540,1.00,yes
2026-10-05T02:13:01.521702Z,KXBTC15M-26OCT042215-15,0.9540,0.01,yes
2026-10-05T02:13:01.521702Z,KXBTC15M-26OCT042215-15,0.9540,0.01,yes
2026-10-05T02:13:01.521702Z,KXBTC15M-26OCT042215-15,0.9540,8.00,yes
2026-10-05T02:13:01.531998Z,KXBTC15M-26OCT042215-15,0.9540,52.01,no
2026-10-05T02:13:01.541178Z,KXBTC15M-26OCT042215-15,0.9540,14.69,no
2026-10-05T02:13:01.541178Z,KXBTC15M-26OCT042215-15,0.9540,13.97,no
2026-10-05T02:13:01.541178Z,KXBTC15M-26OCT042215-15,0.9540,0.01,no
2026-10-05T02:13:01.541178Z,KXBTC15M-26OCT042215-15,0.9540,0.01,no
2026-10-05T02:13:01.567594Z,KXBTC15M-26OCT042215-15,0.9540,0.01,no
2026-10-05T02:13:01.567594Z,KXBTC15M-26OCT042215-15,0.9520,18.77,no
2026-10-05T02:13:01.567594Z,KXBTC15M-26OCT042215-15,0.9520,0.01,no
2026-10-05T02:13:01.567594Z,KXBTC15M-26OCT042215-15,0.9520,0.01,no
2026-10-05T02:13:01.567594Z,KXBTC15M-26OCT042215-15,0.9540,0.01,no
2026-10-05T02:13:01.586921Z,KXBTC15M-26OCT042215-15,0.9510,0.02,no
2026-10-05T02:13:01.586921Z,KXBTC15M-26OCT042215-15,0.9510,18.72,no
2026-10-05T02:13:01.613517Z,KXBTC15M-26OCT042215-15,0.9550,444.67,yes
2026-10-05T02:13:01.704148Z,KXBTC15M-26OCT042215-15,0.9550,8.00,yes
2026-10-05T02:13:01.710152Z,KXBTC15M-26OCT042215-15,0.9550,20.00,yes
2026-10-05T02:13:01.772892Z,KXBTC15M-26OCT042215-15,0.9500,96.83,no
2026-10-05T02:13:01.772892Z,KXBTC15M-26OCT042215-15,0.9510,72.00,no
2026-10-05T02:13:01.772892Z,KXBTC15M-26OCT042215-15,0.9540,0.01,no
2026-10-05T02:13:01.772892Z,KXBTC15M-26OCT042215-15,0.9540,0.01,no
2026-10-05T02:13:01.772892Z,KXBTC15M-26OCT042215-15,0.9510,2.00,no
2026-10-05T02:13:01.775698Z,KXBTC15M-26OCT042215-15,0.9550,4.17,yes
2026-10-05T02:13:01.809894Z,KXBTC15M-26OCT042215-15,0.9470,0.02,no
2026-10-05T02:13:01.809894Z,KXBTC15M-26OCT042215-15,0.9470,243.39,no
2026-10-05T02:13:01.809894Z,KXBTC15M-26OCT042215-15,0.9480,114.00,no
2026-10-05T02:13:01.809894Z,KXBTC15M-26OCT042215-15,0.9500,30.39,no
2026-10-05T02:13:01.809894Z,KXBTC15M-26OCT042215-15,0.9480,30.00,no
2026-10-05T02:13:01.809894Z,KXBTC15M-26OCT042215-15,0.9540,0.01,no
2026-10-05T02:13:01.809894Z,KXBTC15M-26OCT042215-15,0.9510,42.00,no
2026-10-05T02:13:01.809894Z,KXBTC15M-26OCT042215-15,0.9490,24.00,no
2026-10-05T02:13:01.809894Z,KXBTC15M-26OCT042215-15,0.9490,2.00,no
2026-10-05T02:13:01.809894Z,KXBTC15M-26OCT042215-15,0.9500,0.01,no
2026-10-05T02:13:01.809894Z,KXBTC15M-26OCT042215-15,0.9490,2.00,no
2026-10-05T02:13:01.809894Z,KXBTC15M-26OCT042215-15,0.9500,0.01,no
2026-10-05T02:13:01.809894Z,KXBTC15M-26OCT042215-15,0.9480,2.00,no
2026-10-05T02:13:01.809894Z,KXBTC15M-26OCT042215-15,0.9480,5.00,no
2026-10-05T02:13:01.809894Z,KXBTC15M-26OCT042215-15,0.9500,2.00,no
2026-10-05T02:13:01.809894Z,KXBTC15M-26OCT042215-15,0.9480,200.00,no
2026-10-05T02:13:01.809894Z,KXBTC15M-26OCT042215-15,0.9510,18.00,no
2026-10-05T02:13:01.809894Z,KXBTC15M-26OCT042215-15,0.9490,0.02,no
2026-10-05T02:13:01.809894Z,KXBTC15M-26OCT042215-15,0.9490,24.00,no
2026-10-05T02:13:01.809894Z,KXBTC15M-26OCT042215-15,0.9480,2.00,no
2026-10-05T02:13:01.809894Z,KXBTC15M-26OCT042215-15,0.9540,0.01,no
2026-10-05T02:13:01.809894Z,KXBTC15M-26OCT042215-15,0.9480,0.02,no
2026-10-05T02:13:01.824111Z,KXBTC15M-26OCT042215-15,0.9520,1.04,yes
2026-10-05T02:13:01.855277Z,KXBTC15M-26OCT042215-15,0.9510,133.98,no
2026-10-05T02:13:01.880248Z,KXBTC15M-26OCT042215-15,0.9520,0.01,yes
2026-10-05T02:13:01.880248Z,KXBTC15M-26OCT042215-15,0.9520,0.01,yes
2026-10-05T02:13:02.027338Z,KXBTC15M-26OCT042215-15,0.9500,1.07,no
2026-10-05T02:13:02.030763Z,KXBTC15M-26OCT042215-15,0.9510,10.00,yes
2026-10-05T02:13:02.050209Z,KXBTC15M-26OCT042215-15,0.9510,25.71,yes
2026-10-05T02:13:02.050209Z,KXBTC15M-26OCT042215-15,0.9510,0.01,yes
2026-10-05T02:13:02.050209Z,KXBTC15M-26OCT042215-15,0.9510,0.01,yes
2026-10-05T02:13:02.074337Z,KXBTC15M-26OCT042215-15,0.9500,118.81,no
2026-10-05T02:13:02.074337Z,KXBTC15M-26OCT042215-15,0.9500,100.00,no
2026-10-05T02:13:02.074337Z,KXBTC15M-26OCT042215-15,0.9500,148.93,no
2026-10-05T02:13:02.096136Z,KXBTC15M-26OCT042215-15,0.9510,5.00,yes
2026-10-05T02:13:02.096355Z,KXBTC15M-26OCT042215-15,0.9500,1.16,no
2026-10-05T02:13:02.098341Z,KXBTC15M-26OCT042215-15,0.9500,18.52,no
2026-10-05T02:13:02.101189Z,KXBTC15M-26OCT042215-15,0.9510,1.00,yes
2026-10-05T02:13:02.113416Z,KXBTC15M-26OCT042215-15,0.9500,37.40,no
2026-10-05T02:13:02.117094Z,KXBTC15M-26OCT042215-15,0.9500,93.53,no
2026-10-05T02:13:02.134318Z,KXBTC15M-26OCT042215-15,0.9500,22.78,no
2026-10-05T02:13:02.135259Z,KXBTC15M-26OCT042215-15,0.9500,2.29,no
2026-10-05T02:13:02.205818Z,KXBTC15M-26OCT042215-15,0.9500,88.47,no
2026-10-05T02:13:02.22052Z,KXBTC15M-26OCT042215-15,0.9500,17.04,no
2026-10-05T02:13:02.22052Z,KXBTC15M-26OCT042215-15,0.9500,0.01,no
2026-10-05T02:13:02.22052Z,KXBTC15M-26OCT042215-15,0.9500,0.01,no
2026-10-05T02:13:02.22052Z,KXBTC15M-26OCT042215-15,0.9500,1.54,no
2026-10-05T02:13:02.23342Z,KXBTC15M-26OCT042215-15,0.9500,93.76,no
2026-10-05T02:13:02.233442Z,KXBTC15M-26OCT042215-15,0.9500,14.04,no
2026-10-05T02:13:02.233442Z,KXBTC15M-26OCT042215-15,0.9500,4.70,no
2026-10-05T02:13:02.289182Z,KXBTC15M-26OCT042215-15,0.9500,0.01,no
2026-10-05T02:13:02.289182Z,KXBTC15M-26OCT042215-15,0.9500,225.03,no
2026-10-05T02:13:02.289182Z,KXBTC15M-26OCT042215-15,0.9500,0.01,no
2026-10-05T02:13:02.289182Z,KXBTC15M-26OCT042215-15,0.9500,150.00,no
2026-10-05T02:13:02.316231Z,KXBTC15M-26OCT042215-15,0.9500,49.04,no
2026-10-05T02:13:02.339075Z,KXBTC15M-26OCT042215-15,0.9500,75.01,no
2026-10-05T02:13:02.344771Z,KXBTC15M-26OCT042215-15,0.9510,20.93,yes
2026-10-05T02:13:02.351597Z,KXBTC15M-26OCT042215-15,0.9500,7.41,no
2026-10-05T02:13:02.379654Z,KXBTC15M-26OCT042215-15,0.9510,0.01,yes
2026-10-05T02:13:02.448933Z,KXBTC15M-26OCT042215-15,0.9510,2.00,yes
2026-10-05T02:13:02.455861Z,KXBTC15M-26OCT042215-15,0.9510,1.00,yes
2026-10-05T02:13:02.48628Z,KXBTC15M-26OCT042215-15,0.9500,0.01,no
2026-10-05T02:13:02.48628Z,KXBTC15M-26OCT042215-15,0.9500,0.01,no
2026-10-05T02:13:02.48628Z,KXBTC15M-26OCT042215-15,0.9500,77.54,no
2026-10-05T02:13:02.545668Z,KXBTC15M-26OCT042215-15,0.9500,11.25,no
2026-10-05T02:13:02.560728Z,KXBTC15M-26OCT042215-15,0.9500,9.02,no
2026-10-05T02:13:02.583346Z,KXBTC15M-26OCT042215-15,0.9500,3.00,no
2026-10-05T02:13:02.598549Z,KXBTC15M-26OCT042215-15,0.9500,2.62,no
2026-10-05T02:13:02.611466Z,KXBTC15M-26OCT042215-15,0.9500,6.55,no
2026-10-05T02:13:02.642741Z,KXBTC15M-26OCT042215-15,0.9510,0.70,yes
2026-10-05T02:13:02.644499Z,KXBTC15M-26OCT042215-15,0.9500,1.05,no
2026-10-05T02:13:02.644499Z,KXBTC15M-26OCT042215-15,0.9500,400.00,no
2026-10-05T02:13:02.660458Z,KXBTC15M-26OCT042215-15,0.9510,3.00,yes
2026-10-05T02:13:02.685269Z,KXBTC15M-26OCT042215-15,0.9510,2.00,yes
2026-10-05T02:13:02.716794Z,KXBTC15M-26OCT042215-15,0.9510,1.04,yes
2026-10-05T02:13:02.724573Z,KXBTC15M-26OCT042215-15,0.9540,2.00,yes
2026-10-05T02:13:02.724573Z,KXBTC15M-26OCT042215-15,0.9540,7.22,yes
2026-10-05T02:13:02.724573Z,KXBTC15M-26OCT042215-15,0.9510,0.01,yes
2026-10-05T02:13:02.724573Z,KXBTC15M-26OCT042215-15,0.9510,0.01,yes
2026-10-05T02:13:02.727425Z,KXBTC15M-26OCT042215-15,0.9500,53.34,no
2026-10-05T02:13:02.727828Z,KXBTC15M-26OCT042215-15,0.9500,47.10,no
2026-10-05T02:13:02.727828Z,KXBTC15M-26OCT042215-15,0.9500,46.66,no
2026-10-05T02:13:02.742886Z,KXBTC15M-26OCT042215-15,0.9470,517.08,no
2026-10-05T02:13:02.742886Z,KXBTC15M-26OCT042215-15,0.9480,5.00,no
2026-10-05T02:13:02.742886Z,KXBTC15M-26OCT042215-15,0.9480,60.00,no
2026-10-05T02:13:02.742886Z,KXBTC15M-26OCT042215-15,0.9500,0.01,no
2026-10-05T02:13:02.742886Z,KXBTC15M-26OCT042215-15,0.9490,200.00,no
2026-10-05T02:13:02.742886Z,KXBTC15M-26OCT042215-15,0.9500,352.90,no
2026-10-05T02:13:02.742886Z,KXBTC15M-26OCT042215-15,0.9500,0.01,no
2026-10-05T02:13:02.742886Z,KXBTC15M-26OCT042215-15,0.9480,200.00,no
2026-10-05T02:13:02.742886Z,KXBTC15M-26OCT042215-15,0.9500,9.00,no
2026-10-05T02:13:02.742886Z,KXBTC15M-26OCT042215-15,0.9490,150.00,no
2026-10-05T02:13:02.742886Z,KXBTC15M-26OCT042215-15,0.9480,6.00,no
2026-10-05T02:13:02.746105Z,KXBTC15M-26OCT042215-15,0.9540,30.67,yes
2026-10-05T02:13:02.746105Z,KXBTC15M-26OCT042215-15,0.9540,0.78,yes
2026-10-05T02:13:02.746105Z,KXBTC15M-26OCT042215-15,0.9510,0.01,yes
2026-10-05T02:13:02.771966Z,KXBTC15M-26OCT042215-15,0.9490,36.61,no
2026-10-05T02:13:02.791027Z,KXBTC15M-26OCT042215-15,0.9500,6.00,no
2026-10-05T02:13:02.791027Z,KXBTC15M-26OCT042215-15,0.9500,208.00,no
2026-10-05T02:13:02.791027Z,KXBTC15M-26OCT042215-15,0.9500,9.00,no
2026-10-05T02:13:02.796752Z,KXBTC15M-26OCT042215-15,0.9500,0.01,no
2026-10-05T02:13:02.800456Z,KXBTC15M-26OCT042215-15,0.9500,19.65,no
2026-10-05T02:13:02.804029Z,KXBTC15M-26OCT042215-15,0.9500,18.75,no
2026-10-05T02:13:02.814503Z,KXBTC15M-26OCT042215-15,0.9500,93.76,no
2026-10-05T02:13:02.818816Z,KXBTC15M-26OCT042215-15,0.9500,31.91,no
2026-10-05T02:13:02.868749Z,KXBTC15M-26OCT042215-15,0.9500,54.99,no
2026-10-05T02:13:02.883064Z,KXBTC15M-26OCT042215-15,0.9490,0.01,no
2026-10-05T02:13:02.883064Z,KXBTC15M-26OCT042215-15,0.9490,9.00,no
2026-10-05T02:13:02.883064Z,KXBTC15M-26OCT042215-15,0.9490,150.00,no
2026-10-05T02:13:02.883064Z,KXBTC15M-26OCT042215-15,0.9490,336.11,no
2026-10-05T02:13:02.925652Z,KXBTC15M-26OCT042215-15,0.9500,100.00,no
2026-10-05T02:13:02.925652Z,KXBTC15M-26OCT042215-15,0.9500,12.51,no
2026-10-05T02:13:03.022234Z,KXBTC15M-26OCT042215-15,0.9500,1.32,no
2026-10-05T02:13:03.060294Z,KXBTC15M-26OCT042215-15,0.9500,18.75,no
2026-10-05T02:13:03.063926Z,KXBTC15M-26OCT042215-15,0.9510,0.01,yes
2026-10-05T02:13:03.063926Z,KXBTC15M-26OCT042215-15,0.9510,0.01,yes
2026-10-05T02:13:03.066641Z,KXBTC15M-26OCT042215-15,0.9500,56.25,no
2026-10-05T02:13:03.091388Z,KXBTC15M-26OCT042215-15,0.9500,327.60,no
2026-10-05T02:13:03.102125Z,KXBTC15M-26OCT042215-15,0.9500,18.75,no
2026-10-05T02:13:03.132397Z,KXBTC15M-26OCT042215-15,0.9500,28.47,no
2026-10-05T02:13:03.150652Z,KXBTC15M-26OCT042215-15,0.9500,3.75,no
2026-10-05T02:13:03.15836Z,KXBTC15M-26OCT042215-15,0.9500,1.00,no
2026-10-05T02:13:03.185921Z,KXBTC15M-26OCT042215-15,0.9500,375.05,no
2026-10-05T02:13:03.189515Z,KXBTC15M-26OCT042215-15,0.9530,0.01,yes
2026-10-05T02:13:03.189515Z,KXBTC15M-26OCT042215-15,0.9530,117.00,yes
2026-10-05T02:13:03.189515Z,KXBTC15M-26OCT042215-15,0.9510,0.01,yes
2026-10-05T02:13:03.189515Z,KXBTC15M-26OCT042215-15,0.9530,0.01,yes
2026-10-05T02:13:03.189515Z,KXBTC15M-26OCT042215-15,0.9530,117.00,yes
2026-10-05T02:13:03.189515Z,KXBTC15M-26OCT042215-15,0.9510,0.01,yes
2026-10-05T02:13:03.189515Z,KXBTC15M-26OCT042215-15,0.9540,28.65,yes
2026-10-05T02:13:03.190141Z,KXBTC15M-26OCT042215-15,0.9540,4.73,yes
2026-10-05T02:13:03.212154Z,KXBTC15M-26OCT042215-15,0.9540,2.04,yes
2026-10-05T02:13:03.220493Z,KXBTC15M-26OCT042215-15,0.9510,93.60,no
2026-10-05T02:13:03.234049Z,KXBTC15M-26OCT042215-15,0.9540,10.00,yes
2026-10-05T02:13:03.276582Z,KXBTC15M-26OCT042215-15,0.9530,9.37,no
2026-10-05T02:13:03.286165Z,KXBTC15M-26OCT042215-15,0.9530,32.00,no
2026-10-05T02:13:03.316587Z,KXBTC15M-26OCT042215-15,0.9530,3.73,no
2026-10-05T02:13:03.327139Z,KXBTC15M-26OCT042215-15,0.9530,0.01,no
2026-10-05T02:13:03.327139Z,KXBTC15M-26OCT042215-15,0.9530,0.01,no
2026-10-05T02:13:03.327139Z,KXBTC15M-26OCT042215-15,0.9530,4.90,no
2026-10-05T02:13:03.327139Z,KXBTC15M-26OCT042215-15,0.9520,13.83,no
2026-10-05T02:13:03.351195Z,KXBTC15M-26OCT042215-15,0.9530,12.71,no
2026-10-05T02:13:03.361689Z,KXBTC15M-26OCT042215-15,0.9540,7.43,yes
2026-10-05T02:13:03.361689Z,KXBTC15M-26OCT042215-15,0.9540,43.91,yes
2026-10-05T02:13:03.400616Z,KXBTC15M-26OCT042215-15,0.9530,16.61,no
2026-10-05T02:13:03.416416Z,KXBTC15M-26OCT042215-15,0.9530,6.68,no
2026-10-05T02:13:03.416416Z,KXBTC15M-26OCT042215-15,0.9530,6.00,no
2026-10-05T02:13:03.416416Z,KXBTC15M-26OCT042215-15,0.9530,0.01,no
2026-10-05T02:13:03.416416Z,KXBTC15M-26OCT042215-15,0.9530,11.00,no
2026-10-05T02:13:03.416416Z,KXBTC15M-26OCT042215-15,0.9530,7.48,no
2026-10-05T02:13:03.416416Z,KXBTC15M-26OCT042215-15,0.9530,0.01,no
2026-10-05T02:13:03.426111Z,KXBTC15M-26OCT042215-15,0.9540,0.01,yes
2026-10-05T02:13:03.426111Z,KXBTC15M-26OCT042215-15,0.9540,8.00,yes
2026-10-05T02:13:03.426111Z,KXBTC15M-26OCT042215-15,0.9540,0.01,yes
2026-10-05T02:13:03.426111Z,KXBTC15M-26OCT042215-15,0.9540,29.98,yes
2026-10-05T02:13:03.467666Z,KXBTC15M-26OCT042215-15,0.9530,9.38,no
2026-10-05T02:13:03.478897Z,KXBTC15M-26OCT042215-15,0.9530,104.90,no
2026-10-05T02:13:03.478897Z,KXBTC15M-26OCT042215-15,0.9530,7.14,no
2026-10-05T02:13:03.478897Z,KXBTC15M-26OCT042215-15,0.9530,19.00,no
2026-10-05T02:13:03.494127Z,KXBTC15M-26OCT042215-15,0.9530,0.01,no
2026-10-05T02:13:03.494127Z,KXBTC15M-26OCT042215-15,0.9520,5.93,no
2026-10-05T02:13:03.494127Z,KXBTC15M-26OCT042215-15,0.9530,0.01,no
2026-10-05T02:13:03.508951Z,KXBTC15M-26OCT042215-15,0.9540,8.00,yes
2026-10-05T02:13:03.508951Z,KXBTC15M-26OCT042215-15,0.9540,0.01,yes
2026-10-05T02:13:03.508951Z,KXBTC15M-26OCT042215-15,0.9540,0.01,yes
2026-10-05T02:13:03.508951Z,KXBTC15M-26OCT042215-15,0.9540,8.00,yes
2026-10-05T02:13:03.508951Z,KXBTC15M-26OCT042215-15,0.9550,17.62,yes
2026-10-05T02:13:03.51755Z,KXBTC15M-26OCT042215-15,0.9530,0.01,no
2026-10-05T02:13:03.51755Z,KXBTC15M-26OCT042215-15,0.9530,0.01,no
2026-10-05T02:13:03.51755Z,KXBTC15M-26OCT042215-15,0.9520,0.01,no
2026-10-05T02:13:03.51755Z,KXBTC15M-26OCT042215-15,0.9510,2.22,no
2026-10-05T02:13:03.538213Z,KXBTC15M-26OCT042215-15,0.9540,0.01,yes
2026-10-05T02:13:03.538213Z,KXBTC15M-26OCT042215-15,0.9540,8.00,yes
2026-10-05T02:13:03.538213Z,KXBTC15M-26OCT042215-15,0.9540,0.01,yes
2026-10-05T02:13:03.538213Z,KXBTC15M-26OCT042215-15,0.9550,504.18,yes
2026-10-05T02:13:03.552172Z,KXBTC15M-26OCT042215-15,0.9540,0.01,yes
2026-10-05T02:13:03.552172Z,KXBTC15M-26OCT042215-15,0.9540,0.01,yes
2026-10-05T02:13:03.552172Z,KXBTC15M-26OCT042215-15,0.9540,8.00,yes
2026-10-05T02:13:03.552172Z,KXBTC15M-26OCT042215-15,0.9540,17.57,yes
2026-10-05T02:13:03.552491Z,KXBTC15M-26OCT042215-15,0.9520,18.75,no
2026-10-05T02:13:03.563077Z,KXBTC15M-26OCT042215-15,0.9520,59.00,no
2026-10-05T02:13:03.5783Z,KXBTC15M-26OCT042215-15,0.9520,0.01,no
2026-10-05T02:13:03.5783Z,KXBTC15M-26OCT042215-15,0.9520,0.01,no
2026-10-05T02:13:03.5783Z,KXBTC15M-26OCT042215-15,0.9520,56.23,no
2026-10-05T02:13:03.602116Z,KXBTC15M-26OCT042215-15,0.9520,0.01,no
2026-10-05T02:13:03.602116Z,KXBTC15M-26OCT042215-15,0.9510,27.99,no
2026-10-05T02:13:03.629122Z,KXBTC15M-26OCT042215-15,0.9530,0.01,yes
2026-10-05T02:13:03.629122Z,KXBTC15M-26OCT042215-15,0.9540,0.01,yes
2026-10-05T02:13:03.629122Z,KXBTC15M-26OCT042215-15,0.9540,3.61,yes
2026-10-05T02:13:03.629122Z,KXBTC15M-26OCT042215-15,0.9530,0.01,yes
2026-10-05T02:13:03.629122Z,KXBTC15M-26OCT042215-15,0.9540,0.01,yes
2026-10-05T02:13:03.673332Z,KXBTC15M-26OCT042215-15,0.9530,9.37,no
2026-10-05T02:13:03.689009Z,KXBTC15M-26OCT042215-15,0.9530,19.58,no
2026-10-05T02:13:03.747113Z,KXBTC15M-26OCT042215-15,0.9530,18.73,no
2026-10-05T02:13:03.747113Z,KXBTC15M-26OCT042215-15,0.9530,0.01,no
2026-10-05T02:13:03.747113Z,KXBTC15M-26OCT042215-15,0.9530,0.01,no
2026-10-05T02:13:03.779801Z,KXBTC15M-26OCT042215-15,0.9530,97.71,no
2026-10-05T02:13:03.79539Z,KXBTC15M-26OCT042215-15,0.9540,0.01,yes
2026-10-05T02:13:03.79539Z,KXBTC15M-26OCT042215-15,0.9570,128.00,yes
2026-10-05T02:13:03.79539Z,KXBTC15M-26OCT042215-15,0.9540,0.01,yes
2026-10-05T02:13:03.79539Z,KXBTC15M-26OCT042215-15,0.9550,122.00,yes
2026-10-05T02:13:03.79539Z,KXBTC15M-26OCT042215-15,0.9550,122.00,yes
2026-10-05T02:13:03.79539Z,KXBTC15M-26OCT042215-15,0.9560,25.00,yes
2026-10-05T02:13:03.79539Z,KXBTC15M-26OCT042215-15,0.9580,195.22,yes
2026-10-05T02:13:03.79539Z,KXBTC15M-26OCT042215-15,0.9550,1.00,yes
2026-10-05T02:13:03.79539Z,KXBTC15M-26OCT042215-15,0.9550,2.00,yes
2026-10-05T02:13:03.79539Z,KXBTC15M-26OCT042215-15,0.9560,74.91,yes
2026-10-05T02:13:03.79539Z,KXBTC15M-26OCT042215-15,0.9560,2.00,yes
2026-10-05T02:13:03.79539Z,KXBTC15M-26OCT042215-15,0.9560,2.00,yes
2026-10-05T02:13:03.79539Z,KXBTC15M-26OCT042215-15,0.9560,25.00,yes
2026-10-05T02:13:03.79539Z,KXBTC15M-26OCT042215-15,0.9560,486.91,yes
2026-10-05T02:13:03.79539Z,KXBTC15M-26OCT042215-15,0.9560,15.00,yes
2026-10-05T02:13:03.79539Z,KXBTC15M-26OCT042215-15,0.9570,2.00,yes
2026-10-05T02:13:03.79539Z,KXBTC15M-26OCT042215-15,0.9560,23.00,yes
2026-10-05T02:13:03.79539Z,KXBTC15M-26OCT042215-15,0.9570,2.00,yes
2026-10-05T02:13:03.806069Z,KXBTC15M-26OCT042215-15,0.9550,9.56,no
2026-10-05T02:13:03.811321Z,KXBTC15M-26OCT042215-15,0.9550,99.73,no
2026-10-05T02:13:03.813972Z,KXBTC15M-26OCT042215-15,0.9550,10.77,no
2026-10-05T02:13:03.815205Z,KXBTC15M-26OCT042215-15,0.9550,9.00,no
2026-10-05T02:13:03.815205Z,KXBTC15M-26OCT042215-15,0.9550,61.06,no
2026-10-05T02:13:03.815205Z,KXBTC15M-26OCT042215-15,0.9550,29.94,no
2026-10-05T02:13:03.816678Z,KXBTC15M-26OCT042215-15,0.9570,8.18,yes
2026-10-05T02:13:03.816678Z,KXBTC15M-26OCT042215-15,0.9570,0.01,yes
2026-10-05T02:13:03.816678Z,KXBTC15M-26OCT042215-15,0.9570,0.01,yes
2026-10-05T02:13:03.816678Z,KXBTC15M-26OCT042215-15,0.9570,1.00,yes
2026-10-05T02:13:03.818555Z,KXBTC15M-26OCT042215-15,0.9570,1.50,yes
2026-10-05T02:13:03.834119Z,KXBTC15M-26OCT042215-15,0.9550,1.17,no
2026-10-05T02:13:03.834119Z,KXBTC15M-26OCT042215-15,0.9550,0.01,no
2026-10-05T02:13:03.834119Z,KXBTC15M-26OCT042215-15,0.9550,0.01,no
2026-10-05T02:13:03.880263Z,KXBTC15M-26OCT042215-15,0.9560,0.19,no
2026-10-05T02:13:03.964347Z,KXBTC15M-26OCT042215-15,0.9560,9.97,no
2026-10-05T02:13:03.988426Z,KXBTC15M-26OCT042215-15,0.9570,0.01,yes
2026-10-05T02:13:03.988426Z,KXBTC15M-26OCT042215-15,0.9570,0.01,yes
2026-10-05T02:13:03.988426Z,KXBTC15M-26OCT042215-15,0.9570,25.00,yes
2026-10-05T02:13:04.040419Z,KXBTC15M-26OCT042215-15,0.9590,0.01,yes
2026-10-05T02:13:04.040419Z,KXBTC15M-26OCT042215-15,0.9590,0.91,yes
2026-10-05T02:13:04.040419Z,KXBTC15M-26OCT042215-15,0.9590,0.01,yes
2026-10-05T02:13:04.109087Z,KXBTC15M-26OCT042215-15,0.9580,11.52,no
2026-10-05T02:13:04.113607Z,KXBTC15M-26OCT042215-15,0.9580,20.83,no
2026-10-05T02:13:04.154822Z,KXBTC15M-26OCT042215-15,0.9590,0.01,yes
2026-10-05T02:13:04.154822Z,KXBTC15M-26OCT042215-15,0.9590,0.01,yes
2026-10-05T02:13:04.154822Z,KXBTC15M-26OCT042215-15,0.9590,25.00,yes
2026-10-05T02:13:04.154822Z,KXBTC15M-26OCT042215-15,0.9600,46.57,yes
2026-10-05T02:13:04.178043Z,KXBTC15M-26OCT042215-15,0.9580,3.21,no
2026-10-05T02:13:04.188774Z,KXBTC15M-26OCT042215-15,0.9590,0.01,yes
2026-10-05T02:13:04.188774Z,KXBTC15M-26OCT042215-15,0.9590,0.01,yes
2026-10-05T02:13:04.188774Z,KXBTC15M-26OCT042215-15,0.9600,255.57,yes
2026-10-05T02:13:04.198128Z,KXBTC15M-26OCT042215-15,0.9600,1.00,yes
2026-10-05T02:13:04.198128Z,KXBTC15M-26OCT042215-15,0.9590,0.01,yes
2026-10-05T02:13:04.198128Z,KXBTC15M-26OCT042215-15,0.9600,0.01,yes
2026-10-05T02:13:04.198128Z,KXBTC15M-26OCT042215-15,0.9590,0.01,yes
2026-10-05T02:13:04.198128Z,KXBTC15M-26OCT042215-15,0.9600,50.00,yes
2026-10-05T02:13:04.198128Z,KXBTC15M-26OCT042215-15,0.9600,407.00,yes
2026-10-05T02:13:04.198128Z,KXBTC15M-26OCT042215-15,0.9600,11.03,yes
2026-10-05T02:13:04.198128Z,KXBTC15M-26OCT042215-15,0.9600,5.95,yes
2026-10-05T02:13:04.198128Z,KXBTC15M-26OCT042215-15,0.9600,42.00,yes
2026-10-05T02:13:04.198128Z,KXBTC15M-26OCT042215-15,0.9600,2.38,yes
2026-10-05T02:13:04.200877Z,KXBTC15M-26OCT042215-15,0.9600,5.94,yes
2026-10-05T02:13:04.215875Z,KXBTC15M-26OCT042215-15,0.9580,0.01,no
2026-10-05T02:13:04.215875Z,KXBTC15M-26OCT042215-15,0.9580,95.49,no
2026-10-05T02:13:04.215875Z,KXBTC15M-26OCT042215-15,0.9580,0.01,no
2026-10-05T02:13:04.215875Z,KXBTC15M-26OCT042215-15,0.9580,168.00,no
2026-10-05T02:13:04.224048Z,KXBTC15M-26OCT042215-15,0.9580,30.00,no
2026-10-05T02:13:04.282289Z,KXBTC15M-26OCT042215-15,0.9590,104.14,no
2026-10-05T02:13:04.339967Z,KXBTC15M-26OCT042215-15,0.9590,25.88,no
2026-10-05T02:13:04.33996Z,KXBTC15M-26OCT042215-15,0.9590,10.76,no
2026-10-05T02:13:04.391721Z,KXBTC15M-26OCT042215-15,0.9590,11.65,no
2026-10-05T02:13:04.396575Z,KXBTC15M-26OCT042215-15,0.9590,108.97,no
2026-10-05T02:13:04.404412Z,KXBTC15M-26OCT042215-15,0.9600,0.01,yes
2026-10-05T02:13:04.404412Z,KXBTC15M-26OCT042215-15,0.9600,0.01,yes
2026-10-05T02:13:04.404412Z,KXBTC15M-26OCT042215-15,0.9600,11.19,yes
2026-10-05T02:13:04.414654Z,KXBTC15M-26OCT042215-15,0.9590,0.11,no
2026-10-05T02:13:04.423959Z,KXBTC15M-26OCT042215-15,0.9590,0.01,no
2026-10-05T02:13:04.423959Z,KXBTC15M-26OCT042215-15,0.9590,92.39,no
2026-10-05T02:13:04.423959Z,KXBTC15M-26OCT042215-15,0.9590,1.35,no
2026-10-05T02:13:04.423959Z,KXBTC15M-26OCT042215-15,0.9590,0.01,no
2026-10-05T02:13:04.428831Z,KXBTC15M-26OCT042215-15,0.9590,44.62,no
2026-10-05T02:13:04.448168Z,KXBTC15M-26OCT042215-15,0.9590,42.00,no
2026-10-05T02:13:04.448168Z,KXBTC15M-26OCT042215-15,0.9590,71.90,no
2026-10-05T02:13:04.483966Z,KXBTC15M-26OCT042215-15,0.9590,216.62,no
2026-10-05T02:13:04.490407Z,KXBTC15M-26OCT042215-15,0.9600,1.63,yes
2026-10-05T02:13:04.521273Z,KXBTC15M-26OCT042215-15,0.9590,11.15,no
2026-10-05T02:13:04.526707Z,KXBTC15M-26OCT042215-15,0.9600,13.47,yes
2026-10-05T02:13:04.542593Z,KXBTC15M-26OCT042215-15,0.9600,3.00,yes
2026-10-05T02:13:04.561164Z,KXBTC15M-26OCT042215-15,0.9600,20.71,yes
2026-10-05T02:13:04.561164Z,KXBTC15M-26OCT042215-15,0.9600,0.01,yes
2026-10-05T02:13:04.561164Z,KXBTC15M-26OCT042215-15,0.9600,23.14,yes
2026-10-05T02:13:04.561164Z,KXBTC15M-26OCT042215-15,0.9600,0.01,yes
2026-10-05T02:13:04.566416Z,KXBTC15M-26OCT042215-15,0.9590,0.01,no
2026-10-05T02:13:04.566416Z,KXBTC15M-26OCT042215-15,0.9590,0.02,no
2026-10-05T02:13:04.566416Z,KXBTC15M-26OCT042215-15,0.9580,37.27,no
2026-10-05T02:13:04.566416Z,KXBTC15M-26OCT042215-15,0.9590,0.01,no
2026-10-05T02:13:04.582045Z,KXBTC15M-26OCT042215-15,0.9590,0.01,no
2026-10-05T02:13:04.582045Z,KXBTC15M-26OCT042215-15,0.9580,0.02,no
2026-10-05T02:13:04.582045Z,KXBTC15M-26OCT042215-15,0.9580,5.32,no
2026-10-05T02:13:04.582045Z,KXBTC15M-26OCT042215-15,0.9590,0.01,no
2026-10-05T02:13:04.65474Z,KXBTC15M-26OCT042215-15,0.9580,0.01,no
2026-10-05T02:13:04.65474Z,KXBTC15M-26OCT042215-15,0.9580,0.01,no
2026-10-05T02:13:04.65474Z,KXBTC15M-26OCT042215-15,0.9570,49.63,no
2026-10-05T02:13:04.687444Z,KXBTC15M-26OCT042215-15,0.9570,2.82,no
2026-10-05T02:13:04.687444Z,KXBTC15M-26OCT042215-15,0.9580,0.01,no
2026-10-05T02:13:04.687444Z,KXBTC15M-26OCT042215-15,0.9580,0.01,no
2026-10-05T02:13:04.698538Z,KXBTC15M-26OCT042215-15,0.9580,0.01,no
2026-10-05T02:13:04.702152Z,KXBTC15M-26OCT042215-15,0.9570,17.04,no
2026-10-05T02:13:04.723679Z,KXBTC15M-26OCT042215-15,0.9580,0.01,no
2026-10-05T02:13:04.723679Z,KXBTC15M-26OCT042215-15,0.9570,21.84,no
2026-10-05T02:13:04.723679Z,KXBTC15M-26OCT042215-15,0.9580,0.01,no
2026-10-05T02:13:04.780432Z,KXBTC15M-26OCT042215-15,0.9580,0.01,no
2026-10-05T02:13:04.780432Z,KXBTC15M-26OCT042215-15,0.9580,0.01,no
2026-10-05T02:13:04.780432Z,KXBTC15M-26OCT042215-15,0.9580,0.02,no
2026-10-05T02:13:04.780432Z,KXBTC15M-26OCT042215-15,0.9570,38.22,no
2026-10-05T02:13:04.839512Z,KXBTC15M-26OCT042215-15,0.9580,0.01,no
2026-10-05T02:13:04.839512Z,KXBTC15M-26OCT042215-15,0.9570,1.09,no
2026-10-05T02:13:04.839512Z,KXBTC15M-26OCT042215-15,0.9580,0.01,no
2026-10-05T02:13:04.850448Z,KXBTC15M-26OCT042215-15,0.9570,30.00,no
2026-10-05T02:13:04.850448Z,KXBTC15M-26OCT042215-15,0.9570,162.00,no
2026-10-05T02:13:04.850448Z,KXBTC15M-26OCT042215-15,0.9570,0.02,no
2026-10-05T02:13:04.850448Z,KXBTC15M-26OCT042215-15,0.9570,200.00,no
2026-10-05T02:13:04.850448Z,KXBTC15M-26OCT042215-15,0.9570,0.01,no
2026-10-05T02:13:04.850448Z,KXBTC15M-26OCT042215-15,0.9570,19.36,no
2026-10-05T02:13:04.850448Z,KXBTC15M-26OCT042215-15,0.9570,10.00,no
2026-10-05T02:13:04.850448Z,KXBTC15M-26OCT042215-15,0.9570,0.01,no
2026-10-05T02:13:04.850448Z,KXBTC15M-26OCT042215-15,0.9560,220.69,no
2026-10-05T02:13:04.863808Z,KXBTC15M-26OCT042215-15,0.9570,10.00,no
2026-10-05T02:13:04.863808Z,KXBTC15M-26OCT042215-15,0.9570,28.56,no
2026-10-05T02:13:04.883416Z,KXBTC15M-26OCT042215-15,0.9570,1.70,no
2026-10-05T02:13:04.906799Z,KXBTC15M-26OCT042215-15,0.9570,25.56,no
2026-10-05T02:13:04.940983Z,KXBTC15M-26OCT042215-15,0.9570,25.88,no
2026-10-05T02:13:04.942418Z,KXBTC15M-26OCT042215-15,0.9570,68.30,no
2026-10-05T02:13:04.942418Z,KXBTC15M-26OCT042215-15,0.9570,10.00,no
2026-10-05T02:13:04.947097Z,KXBTC15M-26OCT042215-15,0.9540,2.00,no
2026-10-05T02:13:04.947097Z,KXBTC15M-26OCT042215-15,0.9550,2.00,no
2026-10-05T02:13:04.947097Z,KXBTC15M-26OCT042215-15,0.9550,2.00,no
2026-10-05T02:13:04.947097Z,KXBTC15M-26OCT042215-15,0.9550,0.02,no
2026-10-05T02:13:04.947097Z,KXBTC15M-26OCT042215-15,0.9560,0.02,no
2026-10-05T02:13:04.947097Z,KXBTC15M-26OCT042215-15,0.9540,1.43,no
2026-10-05T02:13:04.947097Z,KXBTC15M-26OCT042215-15,0.9560,2.00,no
2026-10-05T02:13:04.949917Z,KXBTC15M-26OCT042215-15,0.9580,0.01,yes
2026-10-05T02:13:04.949917Z,KXBTC15M-26OCT042215-15,0.9580,0.01,yes
2026-10-05T02:13:04.949917Z,KXBTC15M-26OCT042215-15,0.9580,2.05,yes
2026-10-05T02:13:04.96707Z,KXBTC15M-26OCT042215-15,0.9530,15.33,no
2026-10-05T02:13:04.96707Z,KXBTC15M-26OCT042215-15,0.9540,0.02,no
2026-10-05T02:13:04.96707Z,KXBTC15M-26OCT042215-15,0.9540,0.01,no
2026-10-05T02:13:04.96707Z,KXBTC15M-26OCT042215-15,0.9540,9.00,no
2026-10-05T02:13:04.96707Z,KXBTC15M-26OCT042215-15,0.9540,0.01,no
2026-10-05T02:13:04.980135Z,KXBTC15M-26OCT042215-15,0.9540,0.21,no
2026-10-05T02:13:05.004889Z,KXBTC15M-26OCT042215-15,0.9550,8.15,yes
2026-10-05T02:13:05.004889Z,KXBTC15M-26OCT042215-15,0.9550,0.01,yes
2026-10-05T02:13:05.004889Z,KXBTC15M-26OCT042215-15,0.9550,0.01,yes
2026-10-05T02:13:05.015388Z,KXBTC15M-26OCT042215-15,0.9550,0.48,yes
2026-10-05T02:13:05.076779Z,KXBTC15M-26OCT042215-15,0.9550,0.21,yes
2026-10-05T02:13:05.231903Z,KXBTC15M-26OCT042215-15,0.9550,52.03,yes
2026-10-05T02:13:05.273494Z,KXBTC15M-26OCT042215-15,0.9550,115.41,yes
2026-10-05T02:13:05.290774Z,KXBTC15M-26OCT042215-15,0.9530,21.30,no
2026-10-05T02:13:05.290774Z,KXBTC15M-26OCT042215-15,0.9540,0.01,no
2026-10-05T02:13:05.290774Z,KXBTC15M-26OCT042215-15,0.9540,0.01,no
2026-10-05T02:13:05.290774Z,KXBTC15M-26OCT042215-15,0.9540,8.00,no
2026-10-05T02:13:05.349485Z,KXBTC15M-26OCT042215-15,0.9530,764.39,no
2026-10-05T02:13:05.387245Z,KXBTC15M-26OCT042215-15,0.9550,15.65,yes
2026-10-05T02:13:05.423372Z,KXBTC15M-26OCT042215-15,0.9530,1.51,no
2026-10-05T02:13:05.434038Z,KXBTC15M-26OCT042215-15,0.9540,0.20,yes
2026-10-05T02:13:05.466986Z,KXBTC15M-26OCT042215-15,0.9530,0.03,no
2026-10-05T02:13:05.466986Z,KXBTC15M-26OCT042215-15,0.9530,19.55,no
2026-10-05T02:13:05.472863Z,KXBTC15M-26OCT042215-15,0.9530,57.26,no
2026-10-05T02:13:05.472863Z,KXBTC15M-26OCT042215-15,0.9530,8.00,no
2026-10-05T02:13:05.472863Z,KXBTC15M-26OCT042215-15,0.9530,130.45,no
2026-10-05T02:13:05.488177Z,KXBTC15M-26OCT042215-15,0.9520,42.75,no
2026-10-05T02:13:05.488177Z,KXBTC15M-26OCT042215-15,0.9530,42.74,no
2026-10-05T02:13:05.516582Z,KXBTC15M-26OCT042215-15,0.9510,2.00,no
2026-10-05T02:13:05.516582Z,KXBTC15M-26OCT042215-15,0.9510,36.00,no
2026-10-05T02:13:05.516582Z,KXBTC15M-26OCT042215-15,0.9520,2.00,no
2026-10-05T02:13:05.516582Z,KXBTC15M-26OCT042215-15,0.9510,9.00,no
2026-10-05T02:13:05.516582Z,KXBTC15M-26OCT042215-15,0.9510,2.00,no
2026-10-05T02:13:05.516582Z,KXBTC15M-26OCT042215-15,0.9520,2.00,no
2026-10-05T02:13:05.516582Z,KXBTC15M-26OCT042215-15,0.9520,0.03,no
2026-10-05T02:13:05.516582Z,KXBTC15M-26OCT042215-15,0.9510,0.03,no
2026-10-05T02:13:05.516582Z,KXBTC15M-26OCT042215-15,0.9520,189.50,no
2026-10-05T02:13:05.516582Z,KXBTC15M-26OCT042215-15,0.9530,150.00,no
2026-10-05T02:13:05.516582Z,KXBTC15M-26OCT042215-15,0.9510,189.50,no
2026-10-05T02:13:05.516582Z,KXBTC15M-26OCT042215-15,0.9510,12.00,no
2026-10-05T02:13:05.516582Z,KXBTC15M-26OCT042215-15,0.9510,15.00,no
2026-10-05T02:13:05.516582Z,KXBTC15M-26OCT042215-15,0.9520,5.00,no
2026-10-05T02:13:05.516582Z,KXBTC15M-26OCT042215-15,0.9500,250.47,no
2026-10-05T02:13:05.53474Z,KXBTC15M-26OCT042215-15,0.9540,0.01,yes
2026-10-05T02:13:05.53474Z,KXBTC15M-26OCT042215-15,0.9540,0.01,yes
2026-10-05T02:13:05.53474Z,KXBTC15M-26OCT042215-15,0.9540,13.45,yes
2026-10-05T02:13:05.595989Z,KXBTC15M-26OCT042215-15,0.9530,0.42,no
2026-10-05T02:13:05.61801Z,KXBTC15M-26OCT042215-15,0.9540,114.57,yes
2026-10-05T02:13:05.61801Z,KXBTC15M-26OCT042215-15,0.9540,86.55,yes
2026-10-05T02:13:05.649858Z,KXBTC15M-26OCT042215-15,0.9540,1.04,yes
2026-10-05T02:13:05.683179Z,KXBTC15M-26OCT042215-15,0.9540,2.08,yes
2026-10-05T02:13:05.703734Z,KXBTC15M-26OCT042215-15,0.9530,0.01,no
2026-10-05T02:13:05.703734Z,KXBTC15M-26OCT042215-15,0.9530,150.00,no
2026-10-05T02:13:05.703734Z,KXBTC15M-26OCT042215-15,0.9530,7.00,no
2026-10-05T02:13:05.703734Z,KXBTC15M-26OCT042215-15,0.9530,0.01,no
2026-10-05T02:13:05.703734Z,KXBTC15M-26OCT042215-15,0.9530,0.02,no
2026-10-05T02:13:05.703734Z,KXBTC15M-26OCT042215-15,0.9520,113.70,no
2026-10-05T02:13:05.703734Z,KXBTC15M-26OCT042215-15,0.9530,74.58,no
2026-10-05T02:13:05.703734Z,KXBTC15M-26OCT042215-15,0.9510,9.00,no
2026-10-05T02:13:05.703734Z,KXBTC15M-26OCT042215-15,0.9520,5.00,no
2026-10-05T02:13:05.703734Z,KXBTC15M-26OCT042215-15,0.9500,543.38,no
2026-10-05T02:13:05.72769Z,KXBTC15M-26OCT042215-15,0.9530,87.72,no
2026-10-05T02:13:05.73122Z,KXBTC15M-26OCT042215-15,0.9530,4.98,no
2026-10-05T02:13:05.752342Z,KXBTC15M-26OCT042215-15,0.9540,0.01,yes
2026-10-05T02:13:05.752342Z,KXBTC15M-26OCT042215-15,0.9540,100.00,yes
2026-10-05T02:13:05.752342Z,KXBTC15M-26OCT042215-15,0.9540,400.00,yes
2026-10-05T02:13:05.752342Z,KXBTC15M-26OCT042215-15,0.9540,0.01,yes
2026-10-05T02:13:05.752342Z,KXBTC15M-26OCT042215-15,0.9540,11.95,yes
2026-10-05T02:13:05.780741Z,KXBTC15M-26OCT042215-15,0.9530,19.58,no
2026-10-05T02:13:05.793649Z,KXBTC15M-26OCT042215-15,0.9530,5.75,no
2026-10-05T02:13:05.815581Z,KXBTC15M-26OCT042215-15,0.9540,0.01,yes
2026-10-05T02:13:05.815581Z,KXBTC15M-26OCT042215-15,0.9540,0.01,yes
2026-10-05T02:13:05.815581Z,KXBTC15M-26OCT042215-15,0.9540,1.02,yes
2026-10-05T02:13:05.830766Z,KXBTC15M-26OCT042215-15,0.9540,78.30,yes
2026-10-05T02:13:05.885066Z,KXBTC15M-26OCT042215-15,0.9540,20.68,yes
2026-10-05T02:13:05.885066Z,KXBTC15M-26OCT042215-15,0.9540,42.01,yes
2026-10-05T02:13:05.915443Z,KXBTC15M-26OCT042215-15,0.9530,0.01,no
2026-10-05T02:13:05.915443Z,KXBTC15M-26OCT042215-15,0.9530,0.01,no
2026-10-05T02:13:05.915443Z,KXBTC15M-26OCT042215-15,0.9530,124.67,no
2026-10-05T02:13:05.915443Z,KXBTC15M-26OCT042215-15,0.9530,90.96,no
2026-10-05T02:13:05.915443Z,KXBTC15M-26OCT042215-15,0.9530,7.00,no
2026-10-05T02:13:05.915443Z,KXBTC15M-26OCT042215-15,0.9530,18.21,no
2026-10-05T02:13:05.919022Z,KXBTC15M-26OCT042215-15,0.9540,9.98,yes
2026-10-05T02:13:05.919022Z,KXBTC15M-26OCT042215-15,0.9540,0.01,yes
2026-10-05T02:13:05.919022Z,KXBTC15M-26OCT042215-15,0.9540,0.01,yes
2026-10-05T02:13:05.942556Z,KXBTC15M-26OCT042215-15,0.9560,1.00,yes
2026-10-05T02:13:05.942556Z,KXBTC15M-26OCT042215-15,0.9560,48.00,yes
2026-10-05T02:13:05.942556Z,KXBTC15M-26OCT042215-15,0.9560,0.01,yes
2026-10-05T02:13:05.942556Z,KXBTC15M-26OCT042215-15,0.9560,53.36,yes
2026-10-05T02:13:05.942556Z,KXBTC15M-26OCT042215-15,0.9560,0.01,yes
2026-10-05T02:13:05.942556Z,KXBTC15M-26OCT042215-15,0.9540,0.01,yes
2026-10-05T02:13:05.963769Z,KXBTC15M-26OCT042215-15,0.9550,17.00,no
2026-10-05T02:13:05.971341Z,KXBTC15M-26OCT042215-15,0.9570,0.01,yes
2026-10-05T02:13:05.971341Z,KXBTC15M-26OCT042215-15,0.9570,2.00,yes
2026-10-05T02:13:05.971341Z,KXBTC15M-26OCT042215-15,0.9570,2.00,yes
2026-10-05T02:13:05.971341Z,KXBTC15M-26OCT042215-15,0.9570,0.01,yes
2026-10-05T02:13:05.971341Z,KXBTC15M-26OCT042215-15,0.9570,1.09,yes
2026-10-05T02:13:05.982244Z,KXBTC15M-26OCT042215-15,0.9550,0.01,no
2026-10-05T02:13:05.982244Z,KXBTC15M-26OCT042215-15,0.9550,51.26,no
2026-10-05T02:13:05.982244Z,KXBTC15M-26OCT042215-15,0.9550,0.01,no
2026-10-05T02:13:06.01154Z,KXBTC15M-26OCT042215-15,0.9560,0.01,yes
2026-10-05T02:13:06.01154Z,KXBTC15M-26OCT042215-15,0.9560,7.29,yes
2026-10-05T02:13:06.01154Z,KXBTC15M-26OCT042215-15,0.9560,0.01,yes
2026-10-05T02:13:06.012963Z,KXBTC15M-26OCT042215-15,0.9590,134.00,yes
2026-10-05T02:13:06.012963Z,KXBTC15M-26OCT042215-15,0.9600,377.29,yes
2026-10-05T02:13:06.012963Z,KXBTC15M-26OCT042215-15,0.9560,0.71,yes
2026-10-05T02:13:06.012963Z,KXBTC15M-26OCT042215-15,0.9570,0.01,yes
2026-10-05T02:13:06.012963Z,KXBTC15M-26OCT042215-15,0.9590,2.00,yes
2026-10-05T02:13:06.012963Z,KXBTC15M-26OCT042215-15,0.9570,0.01,yes
2026-10-05T02:13:06.012963Z,KXBTC15M-26OCT042215-15,0.9590,2.00,yes
2026-10-05T02:13:06.012963Z,KXBTC15M-26OCT042215-15,0.9590,134.00,yes
2026-10-05T02:13:06.012963Z,KXBTC15M-26OCT042215-15,0.9570,500.00,yes
2026-10-05T02:13:06.012963Z,KXBTC15M-26OCT042215-15,0.9560,500.00,yes
2026-10-05T02:13:06.037326Z,KXBTC15M-26OCT042215-15,0.9590,6.71,yes
2026-10-05T02:13:06.037326Z,KXBTC15M-26OCT042215-15,0.9560,0.01,yes
2026-10-05T02:13:06.037326Z,KXBTC15M-26OCT042215-15,0.9560,0.01,yes
2026-10-05T02:13:06.05986Z,KXBTC15M-26OCT042215-15,0.9590,8.00,yes
2026-10-05T02:13:06.05986Z,KXBTC15M-26OCT042215-15,0.9590,0.01,yes
2026-10-05T02:13:06.05986Z,KXBTC15M-26OCT042215-15,0.9590,0.81,yes
2026-10-05T02:13:06.05986Z,KXBTC15M-26OCT042215-15,0.9590,0.01,yes
2026-10-05T02:13:06.062306Z,KXBTC15M-26OCT042215-15,0.9500,382.97,no
2026-10-05T02:13:06.062306Z,KXBTC15M-26OCT042215-15,0.9510,12.00,no
2026-10-05T02:13:06.062306Z,KXBTC15M-26OCT042215-15,0.9520,195.00,no
2026-10-05T02:13:06.062306Z,KXBTC15M-26OCT042215-15,0.9550,0.01,no
2026-10-05T02:13:06.062306Z,KXBTC15M-26OCT042215-15,0.9510,18.00,no
2026-10-05T02:13:06.062306Z,KXBTC15M-26OCT042215-15,0.9520,0.02,no
2026-10-05T02:13:06.062306Z,KXBTC15M-26OCT042215-15,0.9550,0.01,no
2026-10-05T02:13:06.062306Z,KXBTC15M-26OCT042215-15,0.9530,9.00,no
2026-10-05T02:13:06.062306Z,KXBTC15M-26OCT042215-15,0.9510,66.00,no
2026-10-05T02:13:06.062306Z,KXBTC15M-26OCT042215-15,0.9550,98.74,no
2026-10-05T02:13:06.062306Z,KXBTC15M-26OCT042215-15,0.9520,2.00,no
2026-10-05T02:13:06.062306Z,KXBTC15M-26OCT042215-15,0.9520,2.00,no
2026-10-05T02:13:06.062306Z,KXBTC15M-26OCT042215-15,0.9510,2.00,no
2026-10-05T02:13:06.062306Z,KXBTC15M-26OCT042215-15,0.9520,5.00,no
2026-10-05T02:13:06.062306Z,KXBTC15M-26OCT042215-15,0.9550,72.76,no
2026-10-05T02:13:06.062306Z,KXBTC15M-26OCT042215-15,0.9550,93.75,no
2026-10-05T02:13:06.062306Z,KXBTC15M-26OCT042215-15,0.9550,400.00,no
2026-10-05T02:13:06.062306Z,KXBTC15M-26OCT042215-15,0.9550,93.75,no
2026-10-05T02:13:06.062306Z,KXBTC15M-26OCT042215-15,0.9550,15.00,no
2026-10-05T02:13:06.062306Z,KXBTC15M-26OCT042215-15,0.9530,156.00,no
2026-10-05T02:13:06.062306Z,KXBTC15M-26OCT042215-15,0.9550,7.00,no
2026-10-05T02:13:06.062306Z,KXBTC15M-26OCT042215-15,0.9550,100.00,no
2026-10-05T02:13:06.062306Z,KXBTC15M-26OCT042215-15,0.9540,72.76,no
2026-10-05T02:13:06.062306Z,KXBTC15M-26OCT042215-15,0.9510,2.00,no
2026-10-05T02:13:06.062306Z,KXBTC15M-26OCT042215-15,0.9500,375.21,no
2026-10-05T02:13:06.073452Z,KXBTC15M-26OCT042215-15,0.9590,8.00,yes
2026-10-05T02:13:06.081373Z,KXBTC15M-26OCT042215-15,0.9560,0.01,no
2026-10-05T02:13:06.081373Z,KXBTC15M-26OCT042215-15,0.9550,0.01,no
2026-10-05T02:13:06.081373Z,KXBTC15M-26OCT042215-15,0.9550,0.01,no
2026-10-05T02:13:06.081373Z,KXBTC15M-26OCT042215-15,0.9550,39.85,no
2026-10-05T02:13:06.081373Z,KXBTC15M-26OCT042215-15,0.9560,0.01,no
2026-10-05T02:13:06.135626Z,KXBTC15M-26OCT042215-15,0.9570,1.65,yes
2026-10-05T02:13:06.135626Z,KXBTC15M-26OCT042215-15,0.9570,2.00,yes
2026-10-05T02:13:06.144988Z,KXBTC15M-26OCT042215-15,0.9560,0.01,no
2026-10-05T02:13:06.144988Z,KXBTC15M-26OCT042215-15,0.9550,0.75,no
2026-10-05T02:13:06.144988Z,KXBTC15M-26OCT042215-15,0.9560,0.01,no
2026-10-05T02:13:06.182036Z,KXBTC15M-26OCT042215-15,0.9560,18.95,no
2026-10-05T02:13:06.197677Z,KXBTC15M-26OCT042215-15,0.9570,0.01,yes
2026-10-05T02:13:06.197677Z,KXBTC15M-26OCT042215-15,0.9570,0.01,yes
2026-10-05T02:13:06.197677Z,KXBTC15M-26OCT042215-15,0.9570,4.98,yes
2026-10-05T02:13:06.21717Z,KXBTC15M-26OCT042215-15,0.9570,112.63,yes
2026-10-05T02:13:06.243302Z,KXBTC15M-26OCT042215-15,0.9570,1.00,yes
2026-10-05T02:13:06.266049Z,KXBTC15M-26OCT042215-15,0.9570,0.52,yes
2026-10-05T02:13:06.271777Z,KXBTC15M-26OCT042215-15,0.9560,270.27,no
2026-10-05T02:13:06.320861Z,KXBTC15M-26OCT042215-15,0.9550,41.63,no
2026-10-05T02:13:06.320861Z,KXBTC15M-26OCT042215-15,0.9560,0.01,no
2026-10-05T02:13:06.320861Z,KXBTC15M-26OCT042215-15,0.9560,0.01,no
2026-10-05T02:13:06.324493Z,KXBTC15M-26OCT042215-15,0.9550,39.89,no
2026-10-05T02:13:06.354613Z,KXBTC15M-26OCT042215-15,0.9560,0.01,no
2026-10-05T02:13:06.354613Z,KXBTC15M-26OCT042215-15,0.9560,0.01,no
2026-10-05T02:13:06.354613Z,KXBTC15M-26OCT042215-15,0.9550,19.92,no
2026-10-05T02:13:06.378824Z,KXBTC15M-26OCT042215-15,0.9570,0.01,yes
2026-10-05T02:13:06.378824Z,KXBTC15M-26OCT042215-15,0.9570,103.31,yes
2026-10-05T02:13:06.378824Z,KXBTC15M-26OCT042215-15,0.9570,0.01,yes
2026-10-05T02:13:06.404732Z,KXBTC15M-26OCT042215-15,0.9510,1.04,no
2026-10-05T02:13:06.404732Z,KXBTC15M-26OCT042215-15,0.9510,1.05,no
2026-10-05T02:13:06.404732Z,KXBTC15M-26OCT042215-15,0.9520,6.00,no
2026-10-05T02:13:06.404732Z,KXBTC15M-26OCT042215-15,0.9550,0.01,no
2026-10-05T02:13:06.404732Z,KXBTC15M-26OCT042215-15,0.9560,0.01,no
2026-10-05T02:13:06.404732Z,KXBTC15M-26OCT042215-15,0.9520,12.00,no
2026-10-05T02:13:06.404732Z,KXBTC15M-26OCT042215-15,0.9510,20.64,no
2026-10-05T02:13:06.404732Z,KXBTC15M-26OCT042215-15,0.9520,24.00,no
2026-10-05T02:13:06.404732Z,KXBTC15M-26OCT042215-15,0.9550,0.01,no
2026-10-05T02:13:06.404732Z,KXBTC15M-26OCT042215-15,0.9560,0.01,no
2026-10-05T02:13:06.404732Z,KXBTC15M-26OCT042215-15,0.9550,7.96,no
2026-10-05T02:13:06.404732Z,KXBTC15M-26OCT042215-15,0.9520,12.00,no
2026-10-05T02:13:06.404732Z,KXBTC15M-26OCT042215-15,0.9530,5.00,no
2026-10-05T02:13:06.404732Z,KXBTC15M-26OCT042215-15,0.9540,8.00,no
2026-10-05T02:13:06.449452Z,KXBTC15M-26OCT042215-15,0.9560,0.01,no
2026-10-05T02:13:06.449452Z,KXBTC15M-26OCT042215-15,0.9560,0.01,no
2026-10-05T02:13:06.449452Z,KXBTC15M-26OCT042215-15,0.9550,15.99,no
2026-10-05T02:13:06.524442Z,KXBTC15M-26OCT042215-15,0.9500,664.03,no
2026-10-05T02:13:06.524442Z,KXBTC15M-26OCT042215-15,0.9500,1.00,no
2026-10-05T02:13:06.524442Z,KXBTC15M-26OCT042215-15,0.9480,0.02,no
2026-10-05T02:13:06.524442Z,KXBTC15M-26OCT042215-15,0.9470,0.03,no
2026-10-05T02:13:06.524442Z,KXBTC15M-26OCT042215-15,0.9490,0.02,no
2026-10-05T02:13:06.524442Z,KXBTC15M-26OCT042215-15,0.9500,1.00,no
2026-10-05T02:13:06.524442Z,KXBTC15M-26OCT042215-15,0.9500,15.00,no
2026-10-05T02:13:06.524442Z,KXBTC15M-26OCT042215-15,0.9500,0.03,no
2026-10-05T02:13:06.524442Z,KXBTC15M-26OCT042215-15,0.9480,2.00,no
2026-10-05T02:13:06.524442Z,KXBTC15M-26OCT042215-15,0.9550,0.01,no
2026-10-05T02:13:06.524442Z,KXBTC15M-26OCT042215-15,0.9520,9.00,no
2026-10-05T02:13:06.524442Z,KXBTC15M-26OCT042215-15,0.9530,5.00,no
2026-10-05T02:13:06.524442Z,KXBTC15M-26OCT042215-15,0.9490,2.00,no
2026-10-05T02:13:06.524442Z,KXBTC15M-26OCT042215-15,0.9530,0.02,no
2026-10-05T02:13:06.524442Z,KXBTC15M-26OCT042215-15,0.9500,2.00,no
2026-10-05T02:13:06.524442Z,KXBTC15M-26OCT042215-15,0.9510,0.02,no
2026-10-05T02:13:06.524442Z,KXBTC15M-26OCT042215-15,0.9540,7.00,no
2026-10-05T02:13:06.524442Z,KXBTC15M-26OCT042215-15,0.9540,90.00,no
2026-10-05T02:13:06.524442Z,KXBTC15M-26OCT042215-15,0.9560,400.00,no
2026-10-05T02:13:06.524442Z,KXBTC15M-26OCT042215-15,0.9480,2.00,no
2026-10-05T02:13:06.524442Z,KXBTC15M-26OCT042215-15,0.9500,64.00,no
2026-10-05T02:13:06.524442Z,KXBTC15M-26OCT042215-15,0.9490,2.00,no
2026-10-05T02:13:06.524442Z,KXBTC15M-26OCT042215-15,0.9470,87.80,no
2026-10-05T02:13:06.524442Z,KXBTC15M-26OCT042215-15,0.9500,2.00,no
2026-10-05T02:13:06.524442Z,KXBTC15M-26OCT042215-15,0.9520,132.00,no
2026-10-05T02:13:06.524442Z,KXBTC15M-26OCT042215-15,0.9510,141.36,no
2026-10-05T02:13:06.524442Z,KXBTC15M-26OCT042215-15,0.9560,100.00,no
2026-10-05T02:13:06.524442Z,KXBTC15M-26OCT042215-15,0.9560,150.00,no
2026-10-05T02:13:06.524442Z,KXBTC15M-26OCT042215-15,0.9500,64.00,no
2026-10-05T02:13:06.524442Z,KXBTC15M-26OCT042215-15,0.9540,43.66,no
2026-10-05T02:13:06.524442Z,KXBTC15M-26OCT042215-15,0.9480,90.00,no
2026-10-05T02:13:06.524442Z,KXBTC15M-26OCT042215-15,0.9540,108.00,no
2026-10-05T02:13:06.524442Z,KXBTC15M-26OCT042215-15,0.9500,15.00,no
2026-10-05T02:13:06.524442Z,KXBTC15M-26OCT042215-15,0.9500,93.75,no
2026-10-05T02:13:06.524442Z,KXBTC15M-26OCT042215-15,0.9550,0.01,no
2026-10-05T02:13:06.524442Z,KXBTC15M-26OCT042215-15,0.9500,100.00,no
2026-10-05T02:13:06.524442Z,KXBTC15M-26OCT042215-15,0.9470,286.53,no
2026-10-05T02:13:06.568581Z,KXBTC15M-26OCT042215-15,0.9560,7.31,yes
2026-10-05T02:13:06.579378Z,KXBTC15M-26OCT042215-15,0.9560,55.81,yes
2026-10-05T02:13:06.579378Z,KXBTC15M-26OCT042215-15,0.9560,2.00,yes
2026-10-05T02:13:06.579378Z,KXBTC15M-26OCT042215-15,0.9560,0.69,yes
2026-10-05T02:13:06.608893Z,KXBTC15M-26OCT042215-15,0.9560,26.04,yes
2026-10-05T02:13:06.638095Z,KXBTC15M-26OCT042215-15,0.9550,150.00,no
2026-10-05T02:13:06.638095Z,KXBTC15M-26OCT042215-15,0.9550,41.71,no
2026-10-05T02:13:06.649152Z,KXBTC15M-26OCT042215-15,0.9550,48.67,no
2026-10-05T02:13:06.649152Z,KXBTC15M-26OCT042215-15,0.9550,55.29,no
2026-10-05T02:13:06.715167Z,KXBTC15M-26OCT042215-15,0.9550,386.97,no
2026-10-05T02:13:06.715167Z,KXBTC15M-26OCT042215-15,0.9550,51.33,no
2026-10-05T02:13:06.722578Z,KXBTC15M-26OCT042215-15,0.9550,210.78,no
2026-10-05T02:13:06.722578Z,KXBTC15M-26OCT042215-15,0.9550,13.03,no
2026-10-05T02:13:06.722578Z,KXBTC15M-26OCT042215-15,0.9550,151.19,no
2026-10-05T02:13:06.722776Z,KXBTC15M-26OCT042215-15,0.9550,1.11,no
2026-10-05T02:13:06.783144Z,KXBTC15M-26OCT042215-15,0.9560,0.01,yes
2026-10-05T02:13:06.783144Z,KXBTC15M-26OCT042215-15,0.9570,498.72,yes
2026-10-05T02:13:06.783144Z,KXBTC15M-26OCT042215-15,0.9560,0.01,yes
2026-10-05T02:13:06.783144Z,KXBTC15M-26OCT042215-15,0.9560,2.00,yes
2026-10-05T02:13:06.783144Z,KXBTC15M-26OCT042215-15,0.9560,8.00,yes
2026-10-05T02:13:06.783144Z,KXBTC15M-26OCT042215-15,0.9560,124.00,yes
2026-10-05T02:13:06.783144Z,KXBTC15M-26OCT042215-15,0.9560,293.15,yes
2026-10-05T02:13:06.795673Z,KXBTC15M-26OCT042215-15,0.9560,19.05,no
2026-10-05T02:13:06.811946Z,KXBTC15M-26OCT042215-15,0.9560,106.65,no
2026-10-05T02:13:06.851145Z,KXBTC15M-26OCT042215-15,0.9560,37.70,no
2026-10-05T02:13:06.851145Z,KXBTC15M-26OCT042215-15,0.9560,24.30,no
2026-10-05T02:13:06.851145Z,KXBTC15M-26OCT042215-15,0.9560,400.00,no
2026-10-05T02:13:06.851145Z,KXBTC15M-26OCT042215-15,0.9560,100.00,no
2026-10-05T02:13:06.856735Z,KXBTC15M-26OCT042215-15,0.9570,52.53,yes
2026-10-05T02:13:06.856755Z,KXBTC15M-26OCT042215-15,0.9560,0.01,no
2026-10-05T02:13:06.8602Z,KXBTC15M-26OCT042215-15,0.9570,43.00,yes
2026-10-05T02:13:06.861335Z,KXBTC15M-26OCT042215-15,0.9570,100.00,yes
2026-10-05T02:13:06.891794Z,KXBTC15M-26OCT042215-15,0.9600,0.99,yes
2026-10-05T02:13:06.891794Z,KXBTC15M-26OCT042215-15,0.9570,0.01,yes
2026-10-05T02:13:06.891794Z,KXBTC15M-26OCT042215-15,0.9570,0.01,yes
2026-10-05T02:13:06.95483Z,KXBTC15M-26OCT042215-15,0.9600,0.10,yes
2026-10-05T02:13:06.983829Z,KXBTC15M-26OCT042215-15,0.9600,10.20,yes
2026-10-05T02:13:07.007836Z,KXBTC15M-26OCT042215-15,0.9590,0.01,no
2026-10-05T02:13:07.007836Z,KXBTC15M-26OCT042215-15,0.9590,5.00,no
2026-10-05T02:13:07.007836Z,KXBTC15M-26OCT042215-15,0.9590,0.01,no
2026-10-05T02:13:07.007836Z,KXBTC15M-26OCT042215-15,0.9590,2.00,no
2026-10-05T02:13:07.007836Z,KXBTC15M-26OCT042215-15,0.9590,24.00,no
2026-10-05T02:13:07.007836Z,KXBTC15M-26OCT042215-15,0.9590,2.00,no
2026-10-05T02:13:07.007836Z,KXBTC15M-26OCT042215-15,0.9590,73.48,no
2026-10-05T02:13:07.014059Z,KXBTC15M-26OCT042215-15,0.9590,5.20,no
2026-10-05T02:13:07.029787Z,KXBTC15M-26OCT042215-15,0.9590,5.24,no
2026-10-05T02:13:07.047316Z,KXBTC15M-26OCT042215-15,0.9590,23.14,no
2026-10-05T02:13:07.058491Z,KXBTC15M-26OCT042215-15,0.9590,2.44,no
2026-10-05T02:13:07.058491Z,KXBTC15M-26OCT042215-15,0.9590,18.86,no
2026-10-05T02:13:07.083603Z,KXBTC15M-26OCT042215-15,0.9590,2.00,no
2026-10-05T02:13:07.083603Z,KXBTC15M-26OCT042215-15,0.9590,13.92,no
2026-10-05T02:13:07.083603Z,KXBTC15M-26OCT042215-15,0.9590,0.01,no
2026-10-05T02:13:07.083603Z,KXBTC15M-26OCT042215-15,0.9590,2.00,no
2026-10-05T02:13:07.090915Z,KXBTC15M-26OCT042215-15,0.9590,3.95,no
2026-10-05T02:13:07.105485Z,KXBTC15M-26OCT042215-15,0.9590,20.83,no
2026-10-05T02:13:07.111479Z,KXBTC15M-26OCT042215-15,0.9600,400.00,yes
2026-10-05T02:13:07.135281Z,KXBTC15M-26OCT042215-15,0.9590,39.30,no
2026-10-05T02:13:07.135281Z,KXBTC15M-26OCT042215-15,0.9590,3.30,no
2026-10-05T02:13:07.168075Z,KXBTC15M-26OCT042215-15,0.9600,25.51,yes
2026-10-05T02:13:07.188801Z,KXBTC15M-26OCT042215-15,0.9590,104.14,no
2026-10-05T02:13:07.207859Z,KXBTC15M-26OCT042215-15,0.9590,106.50,no
2026-10-05T02:13:07.253227Z,KXBTC15M-26OCT042215-15,0.9590,22.40,no
2026-10-05T02:13:07.257697Z,KXBTC15M-26OCT042215-15,0.9600,0.98,yes
2026-10-05T02:13:07.282647Z,KXBTC15M-26OCT042215-15,0.9590,85.20,no
2026-10-05T02:13:07.294024Z,KXBTC15M-26OCT042215-15,0.9600,4.00,yes
2026-10-05T02:13:07.294999Z,KXBTC15M-26OCT042215-15,0.9600,7.27,yes
2026-10-05T02:13:07.309944Z,KXBTC15M-26OCT042215-15,0.9590,42.46,no
2026-10-05T02:13:07.309944Z,KXBTC15M-26OCT042215-15,0.9590,100.00,no
2026-10-05T02:13:07.309944Z,KXBTC15M-26OCT042215-15,0.9590,5.00,no
2026-10-05T02:13:07.309944Z,KXBTC15M-26OCT042215-15,0.9590,2.00,no
2026-10-05T02:13:07.309944Z,KXBTC15M-26OCT042215-15,0.9590,2.00,no
2026-10-05T02:13:07.309944Z,KXBTC15M-26OCT042215-15,0.9590,7.00,no
2026-10-05T02:13:07.309944Z,KXBTC15M-26OCT042215-15,0.9560,40.55,no
2026-10-05T02:13:07.309944Z,KXBTC15M-26OCT042215-15,0.9580,2.00,no
2026-10-05T02:13:07.309944Z,KXBTC15M-26OCT042215-15,0.9580,6.00,no
2026-10-05T02:13:07.309944Z,KXBTC15M-26OCT042215-15,0.9570,2.00,no
2026-10-05T02:13:07.309944Z,KXBTC15M-26OCT042215-15,0.9580,2.00,no
2026-10-05T02:13:07.309944Z,KXBTC15M-26OCT042215-15,0.9570,2.00,no
2026-10-05T02:13:07.31411Z,KXBTC15M-26OCT042215-15,0.9550,4.72,no
2026-10-05T02:13:07.31411Z,KXBTC15M-26OCT042215-15,0.9560,56.45,no
2026-10-05T02:13:07.31411Z,KXBTC15M-26OCT042215-15,0.9550,0.02,no
2026-10-05T02:13:07.31411Z,KXBTC15M-26OCT042215-15,0.9550,64.00,no
2026-10-05T02:13:07.323782Z,KXBTC15M-26OCT042215-15,0.9600,10.20,yes
2026-10-05T02:13:07.381228Z,KXBTC15M-26OCT042215-15,0.9600,47.19,yes
2026-10-05T02:13:07.381228Z,KXBTC15M-26OCT042215-15,0.9600,50.00,yes
2026-10-05T02:13:07.381228Z,KXBTC15M-26OCT042215-15,0.9600,52.04,yes
2026-10-05T02:13:07.381228Z,KXBTC15M-26OCT042215-15,0.9600,0.01,yes
2026-10-05T02:13:07.381228Z,KXBTC15M-26OCT042215-15,0.9600,0.01,yes
2026-10-05T02:13:07.390153Z,KXBTC15M-26OCT042215-15,0.9590,5.00,no
2026-10-05T02:13:07.390153Z,KXBTC15M-26OCT042215-15,0.9590,3.51,no
2026-10-05T02:13:07.390922Z,KXBTC15M-26OCT042215-15,0.9600,32.20,yes
2026-10-05T02:13:07.414128Z,KXBTC15M-26OCT042215-15,0.9600,215.02,yes
2026-10-05T02:13:07.4908Z,KXBTC15M-26OCT042215-15,0.9600,10.38,yes
2026-10-05T02:13:07.517184Z,KXBTC15M-26OCT042215-15,0.9590,45.71,no
2026-10-05T02:13:07.54604Z,KXBTC15M-26OCT042215-15,0.9600,0.91,yes
2026-10-05T02:13:07.550434Z,KXBTC15M-26OCT042215-15,0.9590,223.98,no
2026-10-05T02:13:07.563171Z,KXBTC15M-26OCT042215-15,0.9590,9.97,no
2026-10-05T02:13:07.565583Z,KXBTC15M-26OCT042215-15,0.9590,84.00,no
2026-10-05T02:13:07.575411Z,KXBTC15M-26OCT042215-15,0.9590,27.00,no
2026-10-05T02:13:07.59715Z,KXBTC15M-26OCT042215-15,0.9590,5.00,no
2026-10-05T02:13:07.59715Z,KXBTC15M-26OCT042215-15,0.9590,5.83,no
2026-10-05T02:13:07.59715Z,KXBTC15M-26OCT042215-15,0.9590,0.01,no
2026-10-05T02:13:07.59715Z,KXBTC15M-26OCT042215-15,0.9590,0.01,no
2026-10-05T02:13:07.59715Z,KXBTC15M-26OCT042215-15,0.9590,59.48,no
2026-10-05T02:13:07.612505Z,KXBTC15M-26OCT042215-15,0.9600,40.00,yes
2026-10-05T02:13:07.64932Z,KXBTC15M-26OCT042215-15,0.9600,0.01,yes
2026-10-05T02:13:07.64932Z,KXBTC15M-26OCT042215-15,0.9600,24.98,yes
2026-10-05T02:13:07.64932Z,KXBTC15M-26OCT042215-15,0.9600,50.00,yes
2026-10-05T02:13:07.64932Z,KXBTC15M-26OCT042215-15,0.9600,0.01,yes
2026-10-05T02:13:07.665432Z,KXBTC15M-26OCT042215-15,0.9590,18.95,no
2026-10-05T02:13:07.684292Z,KXBTC15M-26OCT042215-15,0.9590,8.68,no
2026-10-05T02:13:07.693761Z,KXBTC15M-26OCT042215-15,0.9600,10.00,yes
2026-10-05T02:13:07.719967Z,KXBTC15M-26OCT042215-15,0.9600,20.77,yes
2026-10-05T02:13:07.727047Z,KXBTC15M-26OCT042215-15,0.9600,4.22,yes
2026-10-05T02:13:07.738876Z,KXBTC15M-26OCT042215-15,0.9600,10.00,yes
2026-10-05T02:13:07.753136Z,KXBTC15M-26OCT042215-15,0.9590,0.59,no
2026-10-05T02:13:07.780576Z,KXBTC15M-26OCT042215-15,0.9590,4.96,no
2026-10-05T02:13:07.780576Z,KXBTC15M-26OCT042215-15,0.9590,99.00,no
2026-10-05T02:13:07.792041Z,KXBTC15M-26OCT042215-15,0.9590,1.04,no
2026-10-05T02:13:07.792041Z,KXBTC15M-26OCT042215-15,0.9590,44.67,no
2026-10-05T02:13:07.834255Z,KXBTC15M-26OCT042215-15,0.9600,25.96,yes
2026-10-05T02:13:07.866241Z,KXBTC15M-26OCT042215-15,0.9600,5.19,yes
2026-10-05T02:13:07.888194Z,KXBTC15M-26OCT042215-15,0.9600,13.19,yes
2026-10-05T02:13:07.957544Z,KXBTC15M-26OCT042215-15,0.9600,0.78,yes
2026-10-05T02:13:07.967895Z,KXBTC15M-26OCT042215-15,0.9590,0.01,no
2026-10-05T02:13:07.967895Z,KXBTC15M-26OCT042215-15,0.9590,5.33,no
2026-10-05T02:13:07.967895Z,KXBTC15M-26OCT042215-15,0.9590,400.00,no
2026-10-05T02:13:07.967895Z,KXBTC15M-26OCT042215-15,0.9590,0.01,no
2026-10-05T02:13:07.967895Z,KXBTC15M-26OCT042215-15,0.9590,5.00,no
2026-10-05T02:13:07.967895Z,KXBTC15M-26OCT042215-15,0.9590,463.65,no
2026-10-05T02:13:07.974776Z,KXBTC15M-26OCT042215-15,0.9590,5.00,no
2026-10-05T02:13:07.991282Z,KXBTC15M-26OCT042215-15,0.9580,8.00,no
2026-10-05T02:13:07.991282Z,KXBTC15M-26OCT042215-15,0.9590,5.00,no
2026-10-05T02:13:07.991282Z,KXBTC15M-26OCT042215-15,0.9550,1.70,no
2026-10-05T02:13:07.992063Z,KXBTC15M-26OCT042215-15,0.9600,19.10,yes
2026-10-05T02:13:08.049249Z,KXBTC15M-26OCT042215-15,0.9590,42.23,no
2026-10-05T02:13:08.049249Z,KXBTC15M-26OCT042215-15,0.9590,5.00,no
2026-10-05T02:13:08.049249Z,KXBTC15M-26OCT042215-15,0.9590,1.78,no
2026-10-05T02:13:08.056797Z,KXBTC15M-26OCT042215-15,0.9590,22.85,no
2026-10-05T02:13:08.064659Z,KXBTC15M-26OCT042215-15,0.9600,0.01,yes
2026-10-05T02:13:08.064659Z,KXBTC15M-26OCT042215-15,0.9600,0.01,yes
2026-10-05T02:13:08.064659Z,KXBTC15M-26OCT042215-15,0.9600,1.91,yes
2026-10-05T02:13:08.064659Z,KXBTC15M-26OCT042215-15,0.9600,50.00,yes
2026-10-05T02:13:08.108649Z,KXBTC15M-26OCT042215-15,0.9600,37.39,yes
2026-10-05T02:13:08.148345Z,KXBTC15M-26OCT042215-15,0.9560,1.05,no
2026-10-05T02:13:08.148345Z,KXBTC15M-26OCT042215-15,0.9550,8.58,no
2026-10-05T02:13:08.148345Z,KXBTC15M-26OCT042215-15,0.9560,1.04,no
2026-10-05T02:13:08.148345Z,KXBTC15M-26OCT042215-15,0.9550,6.00,no
2026-10-05T02:13:08.148345Z,KXBTC15M-26OCT042215-15,0.9550,15.86,no
2026-10-05T02:13:08.148345Z,KXBTC15M-26OCT042215-15,0.9590,5.00,no
2026-10-05T02:13:08.148345Z,KXBTC15M-26OCT042215-15,0.9580,7.00,no
2026-10-05T02:13:08.148345Z,KXBTC15M-26OCT042215-15,0.9590,0.01,no
2026-10-05T02:13:08.148345Z,KXBTC15M-26OCT042215-15,0.9590,0.01,no
2026-10-05T02:13:08.184024Z,KXBTC15M-26OCT042215-15,0.9570,5.00,no
2026-10-05T02:13:08.184024Z,KXBTC15M-26OCT042215-15,0.9560,227.84,no
2026-10-05T02:13:08.185418Z,KXBTC15M-26OCT042215-15,0.9600,1.00,yes
2026-10-05T02:13:08.18852Z,KXBTC15M-26OCT042215-15,0.9550,50.81,no
2026-10-05T02:13:08.18852Z,KXBTC15M-26OCT042215-15,0.9560,172.16,no
2026-10-05T02:13:08.191771Z,KXBTC15M-26OCT042215-15,0.9600,2.60,yes
2026-10-05T02:13:08.196594Z,KXBTC15M-26OCT042215-15,0.9570,40.56,no
2026-10-05T02:13:08.197003Z,KXBTC15M-26OCT042215-15,0.9570,3.92,no
2026-10-05T02:13:08.286062Z,KXBTC15M-26OCT042215-15,0.9580,33.18,yes
2026-10-05T02:13:08.300494Z,KXBTC15M-26OCT042215-15,0.9560,5.00,no
2026-10-05T02:13:08.300494Z,KXBTC15M-26OCT042215-15,0.9550,93.75,no
2026-10-05T02:13:08.300494Z,KXBTC15M-26OCT042215-15,0.9550,12.00,no
2026-10-05T02:13:08.300494Z,KXBTC15M-26OCT042215-15,0.9550,15.00,no
2026-10-05T02:13:08.300494Z,KXBTC15M-26OCT042215-15,0.9550,27.85,no
2026-10-05T02:13:08.300494Z,KXBTC15M-26OCT042215-15,0.9550,64.00,no
2026-10-05T02:13:08.300494Z,KXBTC15M-26OCT042215-15,0.9550,64.00,no
2026-10-05T02:13:08.302703Z,KXBTC15M-26OCT042215-15,0.9570,20.00,yes
2026-10-05T02:13:08.3269Z,KXBTC15M-26OCT042215-15,0.9550,0.63,no
2026-10-05T02:13:08.3269Z,KXBTC15M-26OCT042215-15,0.9560,5.00,no
2026-10-05T02:13:08.338621Z,KXBTC15M-26OCT042215-15,0.9530,5.68,no
2026-10-05T02:13:08.338621Z,KXBTC15M-26OCT042215-15,0.9540,0.02,no
2026-10-05T02:13:08.338621Z,KXBTC15M-26OCT042215-15,0.9560,5.00,no
2026-10-05T02:13:08.338621Z,KXBTC15M-26OCT042215-15,0.9540,9.00,no
2026-10-05T02:13:08.350373Z,KXBTC15M-26OCT042215-15,0.9570,100.00,yes
2026-10-05T02:13:08.350373Z,KXBTC15M-26OCT042215-15,0.9570,0.01,yes
2026-10-05T02:13:08.350373Z,KXBTC15M-26OCT042215-15,0.9570,6.98,yes
2026-10-05T02:13:08.350373Z,KXBTC15M-26OCT042215-15,0.9570,0.01,yes
2026-10-05T02:13:08.360939Z,KXBTC15M-26OCT042215-15,0.9570,82.64,yes
2026-10-05T02:13:08.360939Z,KXBTC15M-26OCT042215-15,0.9570,211.31,yes
2026-10-05T02:13:08.415519Z,KXBTC15M-26OCT042215-15,0.9570,173.45,yes
2026-10-05T02:13:08.415519Z,KXBTC15M-26OCT042215-15,0.9570,0.01,yes
2026-10-05T02:13:08.415519Z,KXBTC15M-26OCT042215-15,0.9570,0.01,yes
2026-10-05T02:13:08.456139Z,KXBTC15M-26OCT042215-15,0.9580,0.01,yes
2026-10-05T02:13:08.456139Z,KXBTC15M-26OCT042215-15,0.9580,2.05,yes
2026-10-05T02:13:08.456139Z,KXBTC15M-26OCT042215-15,0.9580,0.01,yes
2026-10-05T02:13:08.457235Z,KXBTC15M-26OCT042215-15,0.9570,0.01,no
2026-10-05T02:13:08.457235Z,KXBTC15M-26OCT042215-15,0.9570,0.01,no
2026-10-05T02:13:08.457235Z,KXBTC15M-26OCT042215-15,0.9570,150.00,no
2026-10-05T02:13:08.457235Z,KXBTC15M-26OCT042215-15,0.9570,393.59,no
2026-10-05T02:13:08.513982Z,KXBTC15M-26OCT042215-15,0.9580,5.19,yes
2026-10-05T02:13:08.517763Z,KXBTC15M-26OCT042215-15,0.9580,30.00,yes
2026-10-05T02:13:08.536821Z,KXBTC15M-26OCT042215-15,0.9580,55.00,yes
2026-10-05T02:13:08.592268Z,KXBTC15M-26OCT042215-15,0.9580,4.00,yes
2026-10-05T02:13:08.603799Z,KXBTC15M-26OCT042215-15,0.9570,0.01,no
2026-10-05T02:13:08.603799Z,KXBTC15M-26OCT042215-15,0.9570,0.01,no
2026-10-05T02:13:08.603799Z,KXBTC15M-26OCT042215-15,0.9570,106.80,no
2026-10-05T02:13:08.617167Z,KXBTC15M-26OCT042215-15,0.9560,0.91,no
2026-10-05T02:13:08.617167Z,KXBTC15M-26OCT042215-15,0.9570,0.01,no
2026-10-05T02:13:08.617167Z,KXBTC15M-26OCT042215-15,0.9560,9.00,no
2026-10-05T02:13:08.617167Z,KXBTC15M-26OCT042215-15,0.9560,5.00,no
2026-10-05T02:13:08.617167Z,KXBTC15M-26OCT042215-15,0.9570,0.01,no
2026-10-05T02:13:08.623367Z,KXBTC15M-26OCT042215-15,0.9580,0.52,yes
2026-10-05T02:13:08.625902Z,KXBTC15M-26OCT042215-15,0.9560,5.00,no
2026-10-05T02:13:08.625902Z,KXBTC15M-26OCT042215-15,0.9560,10.71,no
2026-10-05T02:13:08.625902Z,KXBTC15M-26OCT042215-15,0.9560,5.12,no
2026-10-05T02:13:08.651833Z,KXBTC15M-26OCT042215-15,0.9580,154.64,yes
2026-10-05T02:13:08.713734Z,KXBTC15M-26OCT042215-15,0.9580,494.09,yes
2026-10-05T02:13:08.713734Z,KXBTC15M-26OCT042215-15,0.9580,200.00,yes
2026-10-05T02:13:08.713734Z,KXBTC15M-26OCT042215-15,0.9580,0.01,yes
2026-10-05T02:13:08.713734Z,KXBTC15M-26OCT042215-15,0.9580,0.01,yes
2026-10-05T02:13:08.713734Z,KXBTC15M-26OCT042215-15,0.9580,79.89,yes
2026-10-05T02:13:08.727524Z,KXBTC15M-26OCT042215-15,0.9570,6.00,no
2026-10-05T02:13:08.727524Z,KXBTC15M-26OCT042215-15,0.9570,14.01,no
2026-10-05T02:13:08.744387Z,KXBTC15M-26OCT042215-15,0.9570,41.65,no
2026-10-05T02:13:08.769712Z,KXBTC15M-26OCT042215-15,0.9620,83.98,yes
2026-10-05T02:13:08.769712Z,KXBTC15M-26OCT042215-15,0.9610,9.00,yes
2026-10-05T02:13:08.769712Z,KXBTC15M-26OCT042215-15,0.9590,2.00,yes
2026-10-05T02:13:08.769712Z,KXBTC15M-26OCT042215-15,0.9580,0.01,yes
2026-10-05T02:13:08.769712Z,KXBTC15M-26OCT042215-15,0.9580,0.01,yes
2026-10-05T02:13:08.769712Z,KXBTC15M-26OCT042215-15,0.9600,2.00,yes
2026-10-05T02:13:08.769712Z,KXBTC15M-26OCT042215-15,0.9610,2.00,yes
2026-10-05T02:13:08.769712Z,KXBTC15M-26OCT042215-15,0.9590,9.00,yes
2026-10-05T02:13:08.769712Z,KXBTC15M-26OCT042215-15,0.9590,2.00,yes
2026-10-05T02:13:08.769712Z,KXBTC15M-26OCT042215-15,0.9600,2.00,yes
2026-10-05T02:13:08.769712Z,KXBTC15M-26OCT042215-15,0.9610,2.00,yes
2026-10-05T02:13:08.803283Z,KXBTC15M-26OCT042215-15,0.9600,20.80,yes
2026-10-05T02:13:08.862197Z,KXBTC15M-26OCT042215-15,0.9570,0.01,no
2026-10-05T02:13:08.862197Z,KXBTC15M-26OCT042215-15,0.9570,0.01,no
2026-10-05T02:13:08.862197Z,KXBTC15M-26OCT042215-15,0.9550,2.00,no
2026-10-05T02:13:08.862197Z,KXBTC15M-26OCT042215-15,0.9590,0.01,no
2026-10-05T02:13:08.862197Z,KXBTC15M-26OCT042215-15,0.9590,0.01,no
2026-10-05T02:13:08.862197Z,KXBTC15M-26OCT042215-15,0.9570,5.00,no
2026-10-05T02:13:08.862197Z,KXBTC15M-26OCT042215-15,0.9550,2.00,no
2026-10-05T02:13:08.862197Z,KXBTC15M-26OCT042215-15,0.9560,7.00,no
2026-10-05T02:13:08.862197Z,KXBTC15M-26OCT042215-15,0.9550,4.79,no
2026-10-05T02:13:08.86992Z,KXBTC15M-26OCT042215-15,0.9600,29.20,yes
2026-10-05T02:13:08.86992Z,KXBTC15M-26OCT042215-15,0.9600,56.48,yes
2026-10-05T02:13:08.86992Z,KXBTC15M-26OCT042215-15,0.9600,0.01,yes
2026-10-05T02:13:08.985455Z,KXBTC15M-26OCT042215-15,0.9580,10.00,yes
2026-10-05T02:13:08.988894Z,KXBTC15M-26OCT042215-15,0.9570,40.00,no
2026-10-05T02:13:08.988894Z,KXBTC15M-26OCT042215-15,0.9570,5.00,no
2026-10-05T02:13:09.003149Z,KXBTC15M-26OCT042215-15,0.9580,40.00,yes
2026-10-05T02:13:09.054792Z,KXBTC15M-26OCT042215-15,0.9570,108.97,no
2026-10-05T02:13:09.064854Z,KXBTC15M-26OCT042215-15,0.9580,103.87,yes
2026-10-05T02:13:09.072003Z,KXBTC15M-26OCT042215-15,0.9580,0.01,yes
2026-10-05T02:13:09.072003Z,KXBTC15M-26OCT042215-15,0.9600,5.23,yes
2026-10-05T02:13:09.072003Z,KXBTC15M-26OCT042215-15,0.9580,0.01,yes
2026-10-05T02:13:09.093298Z,KXBTC15M-26OCT042215-15,0.9570,21.79,no
2026-10-05T02:13:09.131628Z,KXBTC15M-26OCT042215-15,0.9580,0.01,yes
2026-10-05T02:13:09.131628Z,KXBTC15M-26OCT042215-15,0.9590,74.98,yes
2026-10-05T02:13:09.131628Z,KXBTC15M-26OCT042215-15,0.9580,0.01,yes
2026-10-05T02:13:09.176293Z,KXBTC15M-26OCT042215-15,0.9600,37.35,yes
2026-10-05T02:13:09.176293Z,KXBTC15M-26OCT042215-15,0.9590,0.01,yes
2026-10-05T02:13:09.176293Z,KXBTC15M-26OCT042215-15,0.9590,0.01,yes
2026-10-05T02:13:09.251616Z,KXBTC15M-26OCT042215-15,0.9600,27.53,yes
2026-10-05T02:13:09.318325Z,KXBTC15M-26OCT042215-15,0.9600,4.00,yes
2026-10-05T02:13:09.336538Z,KXBTC15M-26OCT042215-15,0.9600,50.00,yes
2026-10-05T02:13:09.33739Z,KXBTC15M-26OCT042215-15,0.9600,158.87,yes
2026-10-05T02:13:09.33739Z,KXBTC15M-26OCT042215-15,0.9600,118.47,yes
2026-10-05T02:13:09.33739Z,KXBTC15M-26OCT042215-15,0.9600,0.01,yes
2026-10-05T02:13:09.33739Z,KXBTC15M-26OCT042215-15,0.9600,50.00,yes
2026-10-05T02:13:09.33739Z,KXBTC15M-26OCT042215-15,0.9600,0.01,yes
2026-10-05T02:13:09.355915Z,KXBTC15M-26OCT042215-15,0.9590,0.02,no
2026-10-05T02:13:09.355915Z,KXBTC15M-26OCT042215-15,0.9600,150.00,no
2026-10-05T02:13:09.355915Z,KXBTC15M-26OCT042215-15,0.9600,0.01,no
2026-10-05T02:13:09.355915Z,KXBTC15M-26OCT042215-15,0.9590,0.01,no
2026-10-05T02:13:09.355915Z,KXBTC15M-26OCT042215-15,0.9590,0.01,no
2026-10-05T02:13:09.355915Z,KXBTC15M-26OCT042215-15,0.9590,285.85,no
2026-10-05T02:13:09.355915Z,KXBTC15M-26OCT042215-15,0.9600,0.01,no
2026-10-05T02:13:09.378884Z,KXBTC15M-26OCT042215-15,0.9600,21.79,no
2026-10-05T02:13:09.388515Z,KXBTC15M-26OCT042215-15,0.9610,40.00,yes
2026-10-05T02:13:09.390204Z,KXBTC15M-26OCT042215-15,0.9610,18.28,yes
2026-10-05T02:13:09.411648Z,KXBTC15M-26OCT042215-15,0.9610,2.03,yes
2026-10-05T02:13:09.416658Z,KXBTC15M-26OCT042215-15,0.9610,38.69,yes
2026-10-05T02:13:09.416658Z,KXBTC15M-26OCT042215-15,0.9610,189.08,yes
2026-10-05T02:13:09.416658Z,KXBTC15M-26OCT042215-15,0.9610,0.01,yes
2026-10-05T02:13:09.416658Z,KXBTC15M-26OCT042215-15,0.9610,0.01,yes
2026-10-05T02:13:09.428353Z,KXBTC15M-26OCT042215-15,0.9600,1.06,no
2026-10-05T02:13:09.458141Z,KXBTC15M-26OCT042215-15,0.9620,2.00,yes
2026-10-05T02:13:09.458141Z,KXBTC15M-26OCT042215-15,0.9620,2.00,yes
2026-10-05T02:13:09.458141Z,KXBTC15M-26OCT042215-15,0.9620,66.83,yes
2026-10-05T02:13:09.458141Z,KXBTC15M-26OCT042215-15,0.9610,0.01,yes
2026-10-05T02:13:09.458141Z,KXBTC15M-26OCT042215-15,0.9620,9.00,yes
2026-10-05T02:13:09.458141Z,KXBTC15M-26OCT042215-15,0.9610,0.01,yes
2026-10-05T02:13:09.473751Z,KXBTC15M-26OCT042215-15,0.9620,4.99,yes
2026-10-05T02:13:09.488331Z,KXBTC15M-26OCT042215-15,0.9610,24.41,no
2026-10-05T02:13:09.552748Z,KXBTC15M-26OCT042215-15,0.9620,0.01,yes
2026-10-05T02:13:09.552748Z,KXBTC15M-26OCT042215-15,0.9620,0.01,yes
2026-10-05T02:13:09.552748Z,KXBTC15M-26OCT042215-15,0.9630,109.88,yes
2026-10-05T02:13:09.575783Z,KXBTC15M-26OCT042215-15,0.9620,132.99,no
2026-10-05T02:13:09.575783Z,KXBTC15M-26OCT042215-15,0.9620,150.00,no
2026-10-05T02:13:09.575783Z,KXBTC15M-26OCT042215-15,0.9620,0.01,no
2026-10-05T02:13:09.615158Z,KXBTC15M-26OCT042215-15,0.9620,21.79,no
2026-10-05T02:13:09.621316Z,KXBTC15M-26OCT042215-15,0.9630,1.03,yes
2026-10-05T02:13:09.638633Z,KXBTC15M-26OCT042215-15,0.9620,11.18,no
2026-10-05T02:13:09.64567Z,KXBTC15M-26OCT042215-15,0.9630,141.76,yes
2026-10-05T02:13:09.671282Z,KXBTC15M-26OCT042215-15,0.9570,0.02,no
2026-10-05T02:13:09.671282Z,KXBTC15M-26OCT042215-15,0.9570,23.31,no
2026-10-05T02:13:09.671282Z,KXBTC15M-26OCT042215-15,0.9580,5.00,no
2026-10-05T02:13:09.671282Z,KXBTC15M-26OCT042215-15,0.9570,210.00,no
2026-10-05T02:13:09.671282Z,KXBTC15M-26OCT042215-15,0.9570,2.00,no
2026-10-05T02:13:09.671282Z,KXBTC15M-26OCT042215-15,0.9620,0.01,no
2026-10-05T02:13:09.671282Z,KXBTC15M-26OCT042215-15,0.9610,178.20,no
2026-10-05T02:13:09.671282Z,KXBTC15M-26OCT042215-15,0.9570,54.00,no
2026-10-05T02:13:09.671282Z,KXBTC15M-26OCT042215-15,0.9570,2.00,no
2026-10-05T02:13:09.671282Z,KXBTC15M-26OCT042215-15,0.9620,0.01,no
2026-10-05T02:13:09.671282Z,KXBTC15M-26OCT042215-15,0.9620,400.00,no
2026-10-05T02:13:09.671282Z,KXBTC15M-26OCT042215-15,0.9600,64.00,no
2026-10-05T02:13:09.671282Z,KXBTC15M-26OCT042215-15,0.9580,10.00,no
2026-10-05T02:13:09.671282Z,KXBTC15M-26OCT042215-15,0.9580,0.02,no
2026-10-05T02:13:09.671282Z,KXBTC15M-26OCT042215-15,0.9610,75.00,no
2026-10-05T02:13:09.671282Z,KXBTC15M-26OCT042215-15,0.9620,12.24,no
2026-10-05T02:13:09.671282Z,KXBTC15M-26OCT042215-15,0.9620,108.00,no
2026-10-05T02:13:09.671282Z,KXBTC15M-26OCT042215-15,0.9590,0.02,no
2026-10-05T02:13:09.671282Z,KXBTC15M-26OCT042215-15,0.9600,0.02,no
2026-10-05T02:13:09.686573Z,KXBTC15M-26OCT042215-15,0.9620,0.01,no
2026-10-05T02:13:09.686573Z,KXBTC15M-26OCT042215-15,0.9620,0.01,no
2026-10-05T02:13:09.686573Z,KXBTC15M-26OCT042215-15,0.9620,35.86,no
2026-10-05T02:13:09.69306Z,KXBTC15M-26OCT042215-15,0.9620,0.01,no
2026-10-05T02:13:09.69306Z,KXBTC15M-26OCT042215-15,0.9580,3.82,no
2026-10-05T02:13:09.700521Z,KXBTC15M-26OCT042215-15,0.9630,0.01,yes
2026-10-05T02:13:09.700521Z,KXBTC15M-26OCT042215-15,0.9630,3.29,yes
2026-10-05T02:13:09.700521Z,KXBTC15M-26OCT042215-15,0.9630,0.01,yes
2026-10-05T02:13:09.700521Z,KXBTC15M-26OCT042215-15,0.9630,0.75,yes
2026-10-05T02:13:09.714595Z,KXBTC15M-26OCT042215-15,0.9630,203.71,yes
2026-10-05T02:13:09.771089Z,KXBTC15M-26OCT042215-15,0.9630,50.98,yes
2026-10-05T02:13:09.774736Z,KXBTC15M-26OCT042215-15,0.9630,45.49,yes
2026-10-05T02:13:09.774736Z,KXBTC15M-26OCT042215-15,0.9630,97.02,yes
2026-10-05T02:13:09.866051Z,KXBTC15M-26OCT042215-15,0.9620,2.32,no
2026-10-05T02:13:09.866051Z,KXBTC15M-26OCT042215-15,0.9620,0.01,no
2026-10-05T02:13:09.866051Z,KXBTC15M-26OCT042215-15,0.9620,0.01,no
2026-10-05T02:13:09.877778Z,KXBTC15M-26OCT042215-15,0.9620,11.71,no
2026-10-05T02:13:09.939293Z,KXBTC15M-26OCT042215-15,0.9620,23.42,no
2026-10-05T02:13:09.941974Z,KXBTC15M-26OCT042215-15,0.9630,0.01,yes
2026-10-05T02:13:09.941974Z,KXBTC15M-26OCT042215-15,0.9630,0.01,yes
2026-10-05T02:13:09.941974Z,KXBTC15M-26OCT042215-15,0.9650,6.71,yes
2026-10-05T02:13:09.984183Z,KXBTC15M-26OCT042215-15,0.9640,39.00,no
2026-10-05T02:13:10.013174Z,KXBTC15M-26OCT042215-15,0.9640,120.12,no
2026-10-05T02:13:10.096164Z,KXBTC15M-26OCT042215-15,0.9640,7.00,no
2026-10-05T02:13:10.165756Z,KXBTC15M-26OCT042215-15,0.9640,5.24,no
2026-10-05T02:13:10.179051Z,KXBTC15M-26OCT042215-15,0.9640,123.27,no
2026-10-05T02:13:10.189031Z,KXBTC15M-26OCT042215-15,0.9650,1.10,yes
2026-10-05T02:13:10.189031Z,KXBTC15M-26OCT042215-15,0.9650,2.00,yes
2026-10-05T02:13:10.219138Z,KXBTC15M-26OCT042215-15,0.9660,13.37,yes
2026-10-05T02:13:10.219138Z,KXBTC15M-26OCT042215-15,0.9650,0.08,yes
2026-10-05T02:13:10.219138Z,KXBTC15M-26OCT042215-15,0.9650,0.01,yes
2026-10-05T02:13:10.219138Z,KXBTC15M-26OCT042215-15,0.9650,0.01,yes
2026-10-05T02:13:10.275585Z,KXBTC15M-26OCT042215-15,0.9640,0.01,no
2026-10-05T02:13:10.275585Z,KXBTC15M-26OCT042215-15,0.9640,18.60,no
2026-10-05T02:13:10.275732Z,KXBTC15M-26OCT042215-15,0.9640,24.65,no
2026-10-05T02:13:10.291647Z,KXBTC15M-26OCT042215-15,0.9660,1.01,yes
2026-10-05T02:13:10.291647Z,KXBTC15M-26OCT042215-15,0.9650,0.01,yes
2026-10-05T02:13:10.291647Z,KXBTC15M-26OCT042215-15,0.9650,0.01,yes
2026-10-05T02:13:10.299704Z,KXBTC15M-26OCT042215-15,0.9640,24.65,no
2026-10-05T02:13:10.323796Z,KXBTC15M-26OCT042215-15,0.9640,29.10,no
2026-10-05T02:13:10.399654Z,KXBTC15M-26OCT042215-15,0.9650,5.24,no
2026-10-05T02:13:10.44323Z,KXBTC15M-26OCT042215-15,0.9650,22.40,no
2026-10-05T02:13:10.452421Z,KXBTC15M-26OCT042215-15,0.9650,10.50,no
2026-10-05T02:13:10.48935Z,KXBTC15M-26OCT042215-15,0.9660,43.54,yes
2026-10-05T02:13:10.495743Z,KXBTC15M-26OCT042215-15,0.9650,32.45,no
2026-10-05T02:13:10.500401Z,KXBTC15M-26OCT042215-15,0.9660,51.19,yes
2026-10-05T02:13:10.522393Z,KXBTC15M-26OCT042215-15,0.9660,50.00,yes
2026-10-05T02:13:10.527556Z,KXBTC15M-26OCT042215-15,0.9660,0.36,yes
2026-10-05T02:13:10.538968Z,KXBTC15M-26OCT042215-15,0.9650,52.04,no
2026-10-05T02:13:10.542681Z,KXBTC15M-26OCT042215-15,0.9660,10.12,yes
2026-10-05T02:13:10.608856Z,KXBTC15M-26OCT042215-15,0.9660,2.06,yes
2026-10-05T02:13:10.613515Z,KXBTC15M-26OCT042215-15,0.9650,18.00,no
2026-10-05T02:13:10.632051Z,KXBTC15M-26OCT042215-15,0.9650,1.07,no
2026-10-05T02:13:10.64692Z,KXBTC15M-26OCT042215-15,0.9660,60.00,yes
2026-10-05T02:13:10.657707Z,KXBTC15M-26OCT042215-15,0.9660,113.36,yes
2026-10-05T02:13:10.699491Z,KXBTC15M-26OCT042215-15,0.9660,0.77,yes
2026-10-05T02:13:10.724671Z,KXBTC15M-26OCT042215-15,0.9640,25.51,no
2026-10-05T02:13:10.724671Z,KXBTC15M-26OCT042215-15,0.9650,0.01,no
2026-10-05T02:13:10.724671Z,KXBTC15M-26OCT042215-15,0.9650,8.30,no
2026-10-05T02:13:10.724671Z,KXBTC15M-26OCT042215-15,0.9650,0.01,no
2026-10-05T02:13:10.754123Z,KXBTC15M-26OCT042215-15,0.9650,130.10,no
2026-10-05T02:13:10.754123Z,KXBTC15M-26OCT042215-15,0.9650,0.01,no
2026-10-05T02:13:10.768943Z,KXBTC15M-26OCT042215-15,0.9630,80.08,no
2026-10-05T02:13:10.768943Z,KXBTC15M-26OCT042215-15,0.9650,19.90,no
2026-10-05T02:13:10.768943Z,KXBTC15M-26OCT042215-15,0.9650,0.01,no
2026-10-05T02:13:10.768943Z,KXBTC15M-26OCT042215-15,0.9650,0.01,no
2026-10-05T02:13:10.794596Z,KXBTC15M-26OCT042215-15,0.9630,114.08,no
2026-10-05T02:13:10.794596Z,KXBTC15M-26OCT042215-15,0.9630,45.49,no
2026-10-05T02:13:10.799947Z,KXBTC15M-26OCT042215-15,0.9630,25.49,no
2026-10-05T02:13:10.831395Z,KXBTC15M-26OCT042215-15,0.9630,152.92,no
2026-10-05T02:13:10.831395Z,KXBTC15M-26OCT042215-15,0.9630,10.43,no
2026-10-05T02:13:10.831395Z,KXBTC15M-26OCT042215-15,0.9630,0.01,no
2026-10-05T02:13:10.831395Z,KXBTC15M-26OCT042215-15,0.9630,500.00,no
2026-10-05T02:13:10.925731Z,KXBTC15M-26OCT042215-15,0.9630,1.08,no
2026-10-05T02:13:10.925731Z,KXBTC15M-26OCT042215-15,0.9630,0.01,no
2026-10-05T02:13:10.9369Z,KXBTC15M-26OCT042215-15,0.9640,103.25,yes
2026-10-05T02:13:10.9369Z,KXBTC15M-26OCT042215-15,0.9640,0.01,yes
2026-10-05T02:13:10.9369Z,KXBTC15M-26OCT042215-15,0.9640,0.01,yes
2026-10-05T02:13:10.937823Z,KXBTC15M-26OCT042215-15,0.9630,80.00,no
2026-10-05T02:13:10.964834Z,KXBTC15M-26OCT042215-15,0.9640,141.20,no
2026-10-05T02:13:10.966053Z,KXBTC15M-26OCT042215-15,0.9650,67.06,yes
2026-10-05T02:13:10.969779Z,KXBTC15M-26OCT042215-15,0.9650,26.74,yes
2026-10-05T02:13:10.969779Z,KXBTC15M-26OCT042215-15,0.9650,89.94,yes
2026-10-05T02:13:10.969779Z,KXBTC15M-26OCT042215-15,0.9650,0.01,yes
2026-10-05T02:13:10.969779Z,KXBTC15M-26OCT042215-15,0.9650,0.01,yes
2026-10-05T02:13:10.970434Z,KXBTC15M-26OCT042215-15,0.9650,0.74,yes
2026-10-05T02:13:11.039861Z,KXBTC15M-26OCT042215-15,0.9660,74.98,yes
2026-10-05T02:13:11.039861Z,KXBTC15M-26OCT042215-15,0.9650,0.01,yes
2026-10-05T02:13:11.039861Z,KXBTC15M-26OCT042215-15,0.9650,0.01,yes
2026-10-05T02:13:11.04726Z,KXBTC15M-26OCT042215-15,0.9650,42.79,no
2026-10-05T02:13:11.070595Z,KXBTC15M-26OCT042215-15,0.9650,26.01,no
2026-10-05T02:13:11.07355Z,KXBTC15M-26OCT042215-15,0.9660,47.16,yes
2026-10-05T02:13:11.111684Z,KXBTC15M-26OCT042215-15,0.9650,52.74,no
2026-10-05T02:13:11.146417Z,KXBTC15M-26OCT042215-15,0.9660,60.00,yes
2026-10-05T02:13:11.175032Z,KXBTC15M-26OCT042215-15,0.9650,0.01,no
2026-10-05T02:13:11.175032Z,KXBTC15M-26OCT042215-15,0.9650,0.01,no
2026-10-05T02:13:11.175032Z,KXBTC15M-26OCT042215-15,0.9650,28.46,no
2026-10-05T02:13:11.175032Z,KXBTC15M-26OCT042215-15,0.9620,0.02,no
2026-10-05T02:13:11.175032Z,KXBTC15M-26OCT042215-15,0.9620,14.05,no
2026-10-05T02:13:11.267583Z,KXBTC15M-26OCT042215-15,0.9660,25.30,yes
2026-10-05T02:13:11.271461Z,KXBTC15M-26OCT042215-15,0.9650,43.59,no
2026-10-05T02:13:11.29624Z,KXBTC15M-26OCT042215-15,0.9650,3.98,no
2026-10-05T02:13:11.305595Z,KXBTC15M-26OCT042215-15,0.9650,60.75,no
2026-10-05T02:13:11.305595Z,KXBTC15M-26OCT042215-15,0.9650,192.43,no
2026-10-05T02:13:11.305595Z,KXBTC15M-26OCT042215-15,0.9650,0.01,no
2026-10-05T02:13:11.305595Z,KXBTC15M-26OCT042215-15,0.9650,0.01,no
2026-10-05T02:13:11.306054Z,KXBTC15M-26OCT042215-15,0.9650,85.57,no
2026-10-05T02:13:11.367713Z,KXBTC15M-26OCT042215-15,0.9650,0.01,no
2026-10-05T02:13:11.367713Z,KXBTC15M-26OCT042215-15,0.9650,0.01,no
2026-10-05T02:13:11.367713Z,KXBTC15M-26OCT042215-15,0.9620,21.35,no
2026-10-05T02:13:11.372331Z,KXBTC15M-26OCT042215-15,0.9620,0.74,no
2026-10-05T02:13:11.386181Z,KXBTC15M-26OCT042215-15,0.9660,2.00,yes
2026-10-05T02:13:11.386181Z,KXBTC15M-26OCT042215-15,0.9660,20.26,yes
2026-10-05T02:13:11.386181Z,KXBTC15M-26OCT042215-15,0.9660,2.00,yes
2026-10-05T02:13:11.386181Z,KXBTC15M-26OCT042215-15,0.9660,2.00,yes
2026-10-05T02:13:11.396697Z,KXBTC15M-26OCT042215-15,0.9660,2.39,yes
2026-10-05T02:13:11.411642Z,KXBTC15M-26OCT042215-15,0.9660,5.11,yes
2026-10-05T02:13:11.417156Z,KXBTC15M-26OCT042215-15,0.9660,6.41,yes
2026-10-05T02:13:11.419588Z,KXBTC15M-26OCT042215-15,0.9660,103.27,yes
2026-10-05T02:13:11.510439Z,KXBTC15M-26OCT042215-15,0.9660,51.63,yes
2026-10-05T02:13:11.539029Z,KXBTC15M-26OCT042215-15,0.9650,0.01,no
2026-10-05T02:13:11.539029Z,KXBTC15M-26OCT042215-15,0.9630,1.04,no
2026-10-05T02:13:11.539029Z,KXBTC15M-26OCT042215-15,0.9630,1.04,no
2026-10-05T02:13:11.539029Z,KXBTC15M-26OCT042215-15,0.9620,1.22,no
2026-10-05T02:13:11.592104Z,KXBTC15M-26OCT042215-15,0.9650,75.38,yes
2026-10-05T02:13:11.614689Z,KXBTC15M-26OCT042215-15,0.9640,52.04,no
2026-10-05T02:13:11.62297Z,KXBTC15M-26OCT042215-15,0.9660,124.88,yes
2026-10-05T02:13:11.62297Z,KXBTC15M-26OCT042215-15,0.9660,0.01,yes
2026-10-05T02:13:11.62297Z,KXBTC15M-26OCT042215-15,0.9650,81.62,yes
2026-10-05T02:13:11.62297Z,KXBTC15M-26OCT042215-15,0.9660,0.01,yes
2026-10-05T02:13:11.62297Z,KXBTC15M-26OCT042215-15,0.9650,0.01,yes
2026-10-05T02:13:11.62297Z,KXBTC15M-26OCT042215-15,0.9650,0.01,yes
2026-10-05T02:13:11.663797Z,KXBTC15M-26OCT042215-15,0.9660,150.00,no
2026-10-05T02:13:11.663797Z,KXBTC15M-26OCT042215-15,0.9660,46.00,no
2026-10-05T02:13:11.663797Z,KXBTC15M-26OCT042215-15,0.9660,130.73,no
2026-10-05T02:13:11.680076Z,KXBTC15M-26OCT042215-15,0.9650,0.01,no
2026-10-05T02:13:11.680076Z,KXBTC15M-26OCT042215-15,0.9660,0.01,no
2026-10-05T02:13:11.680076Z,KXBTC15M-26OCT042215-15,0.9640,0.01,no
2026-10-05T02:13:11.680076Z,KXBTC15M-26OCT042215-15,0.9650,0.01,no
2026-10-05T02:13:11.680076Z,KXBTC15M-26OCT042215-15,0.9640,0.01,no
2026-10-05T02:13:11.680076Z,KXBTC15M-26OCT042215-15,0.9630,2.13,no
2026-10-05T02:13:11.745824Z,KXBTC15M-26OCT042215-15,0.9670,100.00,yes
2026-10-05T02:13:11.745824Z,KXBTC15M-26OCT042215-15,0.9670,0.01,yes
2026-10-05T02:13:11.745824Z,KXBTC15M-26OCT042215-15,0.9670,0.01,yes
2026-10-05T02:13:11.745824Z,KXBTC15M-26OCT042215-15,0.9670,36.88,yes
2026-10-05T02:13:11.745824Z,KXBTC15M-26OCT042215-15,0.9670,23.00,yes
2026-10-05T02:13:11.769146Z,KXBTC15M-26OCT042215-15,0.9620,5.78,no
2026-10-05T02:13:11.786033Z,KXBTC15M-26OCT042215-15,0.9660,0.01,no
2026-10-05T02:13:11.786033Z,KXBTC15M-26OCT042215-15,0.9660,50.00,no
2026-10-05T02:13:11.786033Z,KXBTC15M-26OCT042215-15,0.9650,96.27,no
2026-10-05T02:13:11.786033Z,KXBTC15M-26OCT042215-15,0.9640,106.92,no
2026-10-05T02:13:11.813249Z,KXBTC15M-26OCT042215-15,0.9670,2.05,yes
2026-10-05T02:13:11.817809Z,KXBTC15M-26OCT042215-15,0.9700,1.23,yes
2026-10-05T02:13:11.817809Z,KXBTC15M-26OCT042215-15,0.9680,15.00,yes
2026-10-05T02:13:11.817809Z,KXBTC15M-26OCT042215-15,0.9700,8.78,yes
2026-10-05T02:13:11.817809Z,KXBTC15M-26OCT042215-15,0.9700,10.05,yes
2026-10-05T02:13:11.817809Z,KXBTC15M-26OCT042215-15,0.9700,100.00,yes
2026-10-05T02:13:11.817809Z,KXBTC15M-26OCT042215-15,0.9760,4.00,yes
2026-10-05T02:13:11.817809Z,KXBTC15M-26OCT042215-15,0.9700,14.79,yes
2026-10-05T02:13:11.817809Z,KXBTC15M-26OCT042215-15,0.9700,200.00,yes
2026-10-05T02:13:11.817809Z,KXBTC15M-26OCT042215-15,0.9700,0.30,yes
2026-10-05T02:13:11.817809Z,KXBTC15M-26OCT042215-15,0.9760,1047.00,yes
2026-10-05T02:13:11.817809Z,KXBTC15M-26OCT042215-15,0.9680,1047.00,yes
2026-10-05T02:13:11.817809Z,KXBTC15M-26OCT042215-15,0.9720,1047.00,yes
2026-10-05T02:13:11.817809Z,KXBTC15M-26OCT042215-15,0.9700,1047.00,yes
2026-10-05T02:13:11.817809Z,KXBTC15M-26OCT042215-15,0.9740,1047.00,yes
2026-10-05T02:13:11.817809Z,KXBTC15M-26OCT042215-15,0.9780,1047.00,yes
2026-10-05T02:13:11.817809Z,KXBTC15M-26OCT042215-15,0.9700,40.00,yes
2026-10-05T02:13:11.817809Z,KXBTC15M-26OCT042215-15,0.9780,330.00,yes
2026-10-05T02:13:11.817809Z,KXBTC15M-26OCT042215-15,0.9700,20.00,yes
2026-10-05T02:13:11.817809Z,KXBTC15M-26OCT042215-15,0.9700,6.00,yes
2026-10-05T02:13:11.817809Z,KXBTC15M-26OCT042215-15,0.9700,260.00,yes
2026-10-05T02:13:11.817809Z,KXBTC15M-26OCT042215-15,0.9760,160.00,yes
2026-10-05T02:13:11.817809Z,KXBTC15M-26OCT042215-15,0.9750,1.00,yes
2026-10-05T02:13:11.817809Z,KXBTC15M-26OCT042215-15,0.9770,1.00,yes
2026-10-05T02:13:11.817809Z,KXBTC15M-26OCT042215-15,0.9760,1.00,yes
2026-10-05T02:13:11.817809Z,KXBTC15M-26OCT042215-15,0.9780,1.00,yes
2026-10-05T02:13:11.817809Z,KXBTC15M-26OCT042215-15,0.9730,1.00,yes
2026-10-05T02:13:11.817809Z,KXBTC15M-26OCT042215-15,0.9740,1.00,yes
2026-10-05T02:13:11.817809Z,KXBTC15M-26OCT042215-15,0.9710,1.00,yes
2026-10-05T02:13:11.817809Z,KXBTC15M-26OCT042215-15,0.9690,1.00,yes
2026-10-05T02:13:11.817809Z,KXBTC15M-26OCT042215-15,0.9680,1.00,yes
2026-10-05T02:13:11.817809Z,KXBTC15M-26OCT042215-15,0.9700,1.00,yes
2026-10-05T02:13:11.817809Z,KXBTC15M-26OCT042215-15,0.9720,1.00,yes
2026-10-05T02:13:11.817809Z,KXBTC15M-26OCT042215-15,0.9700,25.00,yes
2026-10-05T02:13:11.817809Z,KXBTC15M-26OCT042215-15,0.9700,6.66,yes
2026-10-05T02:13:11.817809Z,KXBTC15M-26OCT042215-15,0.9700,10.00,yes
2026-10-05T02:13:11.817809Z,KXBTC15M-26OCT042215-15,0.9700,100.00,yes
2026-10-05T02:13:11.817809Z,KXBTC15M-26OCT042215-15,0.9670,200.00,yes
2026-10-05T02:13:11.817809Z,KXBTC15M-26OCT042215-15,0.9700,2.00,yes
2026-10-05T02:13:11.817809Z,KXBTC15M-26OCT042215-15,0.9700,50.00,yes
2026-10-05T02:13:11.817809Z,KXBTC15M-26OCT042215-15,0.9690,2.00,yes
2026-10-05T02:13:11.817809Z,KXBTC15M-26OCT042215-15,0.9690,2.00,yes
2026-10-05T02:13:11.817809Z,KXBTC15M-26OCT042215-15,0.9670,100.00,yes
2026-10-05T02:13:11.817809Z,KXBTC15M-26OCT042215-15,0.9670,361.07,yes
2026-10-05T02:13:11.817809Z,KXBTC15M-26OCT042215-15,0.9680,200.00,yes
2026-10-05T02:13:11.817809Z,KXBTC15M-26OCT042215-15,0.9680,2.00,yes
2026-10-05T02:13:11.817809Z,KXBTC15M-26OCT042215-15,0.9670,78.00,yes
2026-10-05T02:13:11.817809Z,KXBTC15M-26OCT042215-15,0.9680,2.00,yes
2026-10-05T02:13:11.817809Z,KXBTC15M-26OCT042215-15,0.9670,9.00,yes
2026-10-05T02:13:11.817809Z,KXBTC15M-26OCT042215-15,0.9670,0.01,yes
2026-10-05T02:13:11.817809Z,KXBTC15M-26OCT042215-15,0.9760,89.47,yes
2026-10-05T02:13:11.817809Z,KXBTC15M-26OCT042215-15,0.9700,2.00,yes
2026-10-05T02:13:11.817809Z,KXBTC15M-26OCT042215-15,0.9720,0.02,yes
2026-10-05T02:13:11.817809Z,KXBTC15M-26OCT042215-15,0.9670,0.01,yes
2026-10-05T02:13:11.817809Z,KXBTC15M-26OCT042215-15,0.9670,500.00,yes
2026-10-05T02:13:11.817809Z,KXBTC15M-26OCT042215-15,0.9670,500.00,yes
2026-10-05T02:13:11.817809Z,KXBTC15M-26OCT042215-15,0.9750,1.00,yes
2026-10-05T02:13:11.817809Z,KXBTC15M-26OCT042215-15,0.9700,3.41,yes
2026-10-05T02:13:11.817809Z,KXBTC15M-26OCT042215-15,0.9700,20.00,yes
2026-10-05T02:13:11.817809Z,KXBTC15M-26OCT042215-15,0.9700,200.00,yes
2026-10-05T02:13:11.817809Z,KXBTC15M-26OCT042215-15,0.9700,25.00,yes
2026-10-05T02:13:11.817809Z,KXBTC15M-26OCT042215-15,0.9740,10.00,yes
2026-10-05T02:13:11.817809Z,KXBTC15M-26OCT042215-15,0.9700,93.99,yes
2026-10-05T02:13:11.817809Z,KXBTC15M-26OCT042215-15,0.9700,5.38,yes
2026-10-05T02:13:11.817809Z,KXBTC15M-26OCT042215-15,0.9730,10.00,yes
2026-10-05T02:13:11.817809Z,KXBTC15M-26OCT042215-15,0.9700,102.57,yes
2026-10-05T02:13:11.817809Z,KXBTC15M-26OCT042215-15,0.9700,1.00,yes
2026-10-05T02:13:11.817809Z,KXBTC15M-26OCT042215-15,0.9780,1057.02,yes
2026-10-05T02:13:11.817809Z,KXBTC15M-26OCT042215-15,0.9700,1.00,yes
2026-10-05T02:13:11.817809Z,KXBTC15M-26OCT042215-15,0.9700,25.56,yes
2026-10-05T02:13:11.817809Z,KXBTC15M-26OCT042215-15,0.9700,500.00,yes
2026-10-05T02:13:11.817809Z,KXBTC15M-26OCT042215-15,0.9700,360.14,yes
2026-10-05T02:13:11.817809Z,KXBTC15M-26OCT042215-15,0.9700,1.43,yes
2026-10-05T02:13:11.817809Z,KXBTC15M-26OCT042215-15,0.9700,0.30,yes
2026-10-05T02:13:11.817809Z,KXBTC15M-26OCT042215-15,0.9700,30.81,yes
2026-10-05T02:13:11.817809Z,KXBTC15M-26OCT042215-15,0.9700,11.90,yes
2026-10-05T02:13:11.827526Z,KXBTC15M-26OCT042215-15,0.9770,24.28,no
2026-10-05T02:13:11.835431Z,KXBTC15M-26OCT042215-15,0.9780,0.01,yes
2026-10-05T02:13:11.835431Z,KXBTC15M-26OCT042215-15,0.9780,6.40,yes
2026-10-05T02:13:11.835431Z,KXBTC15M-26OCT042215-15,0.9780,42.98,yes
2026-10-05T02:13:11.848923Z,KXBTC15M-26OCT042215-15,0.9770,416.78,no
2026-10-05T02:13:11.856407Z,KXBTC15M-26OCT042215-15,0.9770,2.00,no
2026-10-05T02:13:11.858279Z,KXBTC15M-26OCT042215-15,0.9770,825.00,no
2026-10-05T02:13:11.858688Z,KXBTC15M-26OCT042215-15,0.9770,11.00,no
2026-10-05T02:13:11.867494Z,KXBTC15M-26OCT042215-15,0.9780,0.09,yes
2026-10-05T02:13:11.867494Z,KXBTC15M-26OCT042215-15,0.9780,0.01,yes
2026-10-05T02:13:11.871529Z,KXBTC15M-26OCT042215-15,0.9780,2.00,yes
2026-10-05T02:13:11.871529Z,KXBTC15M-26OCT042215-15,0.9780,97.91,yes
2026-10-05T02:13:11.871529Z,KXBTC15M-26OCT042215-15,0.9780,70.09,yes
2026-10-05T02:13:11.871529Z,KXBTC15M-26OCT042215-15,0.9780,2.00,yes
2026-10-05T02:13:11.871529Z,KXBTC15M-26OCT042215-15,0.9780,81.00,yes
2026-10-05T02:13:11.871529Z,KXBTC15M-26OCT042215-15,0.9780,0.01,yes
2026-10-05T02:13:11.877976Z,KXBTC15M-26OCT042215-15,0.9770,60.00,no
2026-10-05T02:13:11.881231Z,KXBTC15M-26OCT042215-15,0.9770,133.81,no
2026-10-05T02:13:11.902306Z,KXBTC15M-26OCT042215-15,0.9780,60.19,yes
2026-10-05T02:13:11.902306Z,KXBTC15M-26OCT042215-15,0.9780,29.91,yes
2026-10-05T02:13:11.951506Z,KXBTC15M-26OCT042215-15,0.9770,425.85,no
2026-10-05T02:13:11.951506Z,KXBTC15M-26OCT042215-15,0.9770,0.01,no
2026-10-05T02:13:11.951506Z,KXBTC15M-26OCT042215-15,0.9770,0.01,no
2026-10-05T02:13:11.951506Z,KXBTC15M-26OCT042215-15,0.9770,1668.13,no
2026-10-05T02:13:11.961196Z,KXBTC15M-26OCT042215-15,0.9780,1.37,yes
2026-10-05T02:13:11.974254Z,KXBTC15M-26OCT042215-15,0.9750,49.98,no
2026-10-05T02:13:11.974254Z,KXBTC15M-26OCT042215-15,0.9770,0.01,no
2026-10-05T02:13:11.974254Z,KXBTC15M-26OCT042215-15,0.9770,0.01,no
2026-10-05T02:13:11.988852Z,KXBTC15M-26OCT042215-15,0.9750,24.28,no
2026-10-05T02:13:12.017771Z,KXBTC15M-26OCT042215-15,0.9760,630.98,yes
2026-10-05T02:13:12.017771Z,KXBTC15M-26OCT042215-15,0.9760,400.00,yes
2026-10-05T02:13:12.017771Z,KXBTC15M-26OCT042215-15,0.9760,99.00,yes
2026-10-05T02:13:12.017771Z,KXBTC15M-26OCT042215-15,0.9760,200.00,yes
2026-10-05T02:13:12.017771Z,KXBTC15M-26OCT042215-15,0.9760,2.00,yes
2026-10-05T02:13:12.017771Z,KXBTC15M-26OCT042215-15,0.9760,100.00,yes
2026-10-05T02:13:12.017771Z,KXBTC15M-26OCT042215-15,0.9760,0.01,yes
2026-10-05T02:13:12.017771Z,KXBTC15M-26OCT042215-15,0.9760,2.00,yes
2026-10-05T02:13:12.017771Z,KXBTC15M-26OCT042215-15,0.9760,44.00,yes
2026-10-05T02:13:12.017771Z,KXBTC15M-26OCT042215-15,0.9760,0.01,yes
2026-10-05T02:13:12.027362Z,KXBTC15M-26OCT042215-15,0.9750,425.00,no
2026-10-05T02:13:12.031093Z,KXBTC15M-26OCT042215-15,0.9760,75.97,yes
2026-10-05T02:13:12.046054Z,KXBTC15M-26OCT042215-15,0.9750,130.11,no
2026-10-05T02:13:12.046521Z,KXBTC15M-26OCT042215-15,0.9760,133.56,yes
2026-10-05T02:13:12.085456Z,KXBTC15M-26OCT042215-15,0.9750,18.33,no
2026-10-05T02:13:12.086523Z,KXBTC15M-26OCT042215-15,0.9790,47.00,yes
2026-10-05T02:13:12.086523Z,KXBTC15M-26OCT042215-15,0.9790,1.00,yes
2026-10-05T02:13:12.086523Z,KXBTC15M-26OCT042215-15,0.9760,0.01,yes
2026-10-05T02:13:12.086523Z,KXBTC15M-26OCT042215-15,0.9780,9.00,yes
2026-10-05T02:13:12.086523Z,KXBTC15M-26OCT042215-15,0.9760,400.00,yes
2026-10-05T02:13:12.086523Z,KXBTC15M-26OCT042215-15,0.9760,0.01,yes
2026-10-05T02:13:12.086523Z,KXBTC15M-26OCT042215-15,0.9760,200.00,yes
2026-10-05T02:13:12.086523Z,KXBTC15M-26OCT042215-15,0.9760,100.00,yes
2026-10-05T02:13:12.086523Z,KXBTC15M-26OCT042215-15,0.9760,100.00,yes
2026-10-05T02:13:12.086523Z,KXBTC15M-26OCT042215-15,0.9760,1.00,yes
2026-10-05T02:13:12.086523Z,KXBTC15M-26OCT042215-15,0.9760,290.47,yes
2026-10-05T02:13:12.086523Z,KXBTC15M-26OCT042215-15,0.9780,2.00,yes
2026-10-05T02:13:12.086523Z,KXBTC15M-26OCT042215-15,0.9770,0.01,yes
2026-10-05T02:13:12.086523Z,KXBTC15M-26OCT042215-15,0.9770,2.00,yes
2026-10-05T02:13:12.086523Z,KXBTC15M-26OCT042215-15,0.9780,0.01,yes
2026-10-05T02:13:12.086523Z,KXBTC15M-26OCT042215-15,0.9780,367.97,yes
2026-10-05T02:13:12.086523Z,KXBTC15M-26OCT042215-15,0.9780,0.01,yes
2026-10-05T02:13:12.086523Z,KXBTC15M-26OCT042215-15,0.9770,17.00,yes
2026-10-05T02:13:12.086523Z,KXBTC15M-26OCT042215-15,0.9770,84.00,yes
2026-10-05T02:13:12.086523Z,KXBTC15M-26OCT042215-15,0.9780,17.00,yes
2026-10-05T02:13:12.086523Z,KXBTC15M-26OCT042215-15,0.9760,500.00,yes
2026-10-05T02:13:12.086523Z,KXBTC15M-26OCT042215-15,0.9770,2.00,yes
2026-10-05T02:13:12.086523Z,KXBTC15M-26OCT042215-15,0.9770,200.00,yes
2026-10-05T02:13:12.086523Z,KXBTC15M-26OCT042215-15,0.9770,0.01,yes
2026-10-05T02:13:12.086523Z,KXBTC15M-26OCT042215-15,0.9780,97.00,yes
2026-10-05T02:13:12.086523Z,KXBTC15M-26OCT042215-15,0.9780,2.00,yes
2026-10-05T02:13:12.086523Z,KXBTC15M-26OCT042215-15,0.9790,87.42,yes
2026-10-05T02:13:12.094745Z,KXBTC15M-26OCT042215-15,0.9750,83.61,no
2026-10-05T02:13:12.107145Z,KXBTC15M-26OCT042215-15,0.9750,104.08,no
2026-10-05T02:13:12.123126Z,KXBTC15M-26OCT042215-15,0.9750,32.76,no
2026-10-05T02:13:12.155436Z,KXBTC15M-26OCT042215-15,0.9750,30.31,no
2026-10-05T02:13:12.227347Z,KXBTC15M-26OCT042215-15,0.9750,110.88,no
2026-10-05T02:13:12.233064Z,KXBTC15M-26OCT042215-15,0.9750,30.00,no
2026-10-05T02:13:12.244509Z,KXBTC15M-26OCT042215-15,0.9760,5.99,yes
2026-10-05T02:13:12.268346Z,KXBTC15M-26OCT042215-15,0.9760,1.64,yes
2026-10-05T02:13:12.273174Z,KXBTC15M-26OCT042215-15,0.9750,16.97,no
2026-10-05T02:13:12.273174Z,KXBTC15M-26OCT042215-15,0.9750,0.01,no
2026-10-05T02:13:12.273174Z,KXBTC15M-26OCT042215-15,0.9750,0.01,no
2026-10-05T02:13:12.273174Z,KXBTC15M-26OCT042215-15,0.9750,7.66,no
2026-10-05T02:13:12.280474Z,KXBTC15M-26OCT042215-15,0.9750,3.20,no
2026-10-05T02:13:12.312389Z,KXBTC15M-26OCT042215-15,0.9760,9.37,yes
2026-10-05T02:13:12.312389Z,KXBTC15M-26OCT042215-15,0.9760,0.01,yes
2026-10-05T02:13:12.312389Z,KXBTC15M-26OCT042215-15,0.9760,22.36,yes
2026-10-05T02:13:12.312389Z,KXBTC15M-26OCT042215-15,0.9760,0.01,yes
2026-10-05T02:13:12.350851Z,KXBTC15M-26OCT042215-15,0.9800,20.00,yes
2026-10-05T02:13:12.350851Z,KXBTC15M-26OCT042215-15,0.9800,0.95,yes
2026-10-05T02:13:12.350851Z,KXBTC15M-26OCT042215-15,0.9800,7.19,yes
2026-10-05T02:13:12.350851Z,KXBTC15M-26OCT042215-15,0.9800,98.51,yes
2026-10-05T02:13:12.350851Z,KXBTC15M-26OCT042215-15,0.9800,200.00,yes
2026-10-05T02:13:12.350851Z,KXBTC15M-26OCT042215-15,0.9800,1.12,yes
2026-10-05T02:13:12.350851Z,KXBTC15M-26OCT042215-15,0.9800,6.00,yes
2026-10-05T02:13:12.350851Z,KXBTC15M-26OCT042215-15,0.9800,330.00,yes
2026-10-05T02:13:12.350851Z,KXBTC15M-26OCT042215-15,0.9800,260.00,yes
2026-10-05T02:13:12.350851Z,KXBTC15M-26OCT042215-15,0.9800,20.00,yes
2026-10-05T02:13:12.350851Z,KXBTC15M-26OCT042215-15,0.9800,11.00,yes
2026-10-05T02:13:12.350851Z,KXBTC15M-26OCT042215-15,0.9800,150.00,yes
2026-10-05T02:13:12.350851Z,KXBTC15M-26OCT042215-15,0.9800,1.00,yes
2026-10-05T02:13:12.350851Z,KXBTC15M-26OCT042215-15,0.9800,25.00,yes
2026-10-05T02:13:12.350851Z,KXBTC15M-26OCT042215-15,0.9800,10.00,yes
2026-10-05T02:13:12.350851Z,KXBTC15M-26OCT042215-15,0.9760,0.01,yes
2026-10-05T02:13:12.350851Z,KXBTC15M-26OCT042215-15,0.9760,200.00,yes
2026-10-05T02:13:12.350851Z,KXBTC15M-26OCT042215-15,0.9760,500.00,yes
2026-10-05T02:13:12.350851Z,KXBTC15M-26OCT042215-15,0.9790,522.00,yes
2026-10-05T02:13:12.350851Z,KXBTC15M-26OCT042215-15,0.9770,200.00,yes
2026-10-05T02:13:12.350851Z,KXBTC15M-26OCT042215-15,0.9780,9.00,yes
2026-10-05T02:13:12.350851Z,KXBTC15M-26OCT042215-15,0.9760,500.00,yes
2026-10-05T02:13:12.350851Z,KXBTC15M-26OCT042215-15,0.9780,150.00,yes
2026-10-05T02:13:12.350851Z,KXBTC15M-26OCT042215-15,0.9760,77.64,yes
2026-10-05T02:13:12.350851Z,KXBTC15M-26OCT042215-15,0.9790,261.00,yes
2026-10-05T02:13:12.350851Z,KXBTC15M-26OCT042215-15,0.9780,84.00,yes
2026-10-05T02:13:12.350851Z,KXBTC15M-26OCT042215-15,0.9760,27.00,yes
2026-10-05T02:13:12.350851Z,KXBTC15M-26OCT042215-15,0.9760,400.00,yes
2026-10-05T02:13:12.350851Z,KXBTC15M-26OCT042215-15,0.9760,0.01,yes
2026-10-05T02:13:12.350851Z,KXBTC15M-26OCT042215-15,0.9760,313.86,yes
2026-10-05T02:13:12.350851Z,KXBTC15M-26OCT042215-15,0.9760,98.00,yes
2026-10-05T02:13:12.350851Z,KXBTC15M-26OCT042215-15,0.9770,17.00,yes
2026-10-05T02:13:12.350851Z,KXBTC15M-26OCT042215-15,0.9790,10.00,yes
2026-10-05T02:13:12.350851Z,KXBTC15M-26OCT042215-15,0.9790,218.58,yes
2026-10-05T02:13:12.350851Z,KXBTC15M-26OCT042215-15,0.9800,168.83,yes
2026-10-05T02:13:12.350851Z,KXBTC15M-26OCT042215-15,0.9800,131.04,yes
2026-10-05T02:13:12.350851Z,KXBTC15M-26OCT042215-15,0.9800,1.00,yes
2026-10-05T02:13:12.350851Z,KXBTC15M-26OCT042215-15,0.9800,1.00,yes
2026-10-05T02:13:12.350851Z,KXBTC15M-26OCT042215-15,0.9800,10.21,yes
2026-10-05T02:13:12.350851Z,KXBTC15M-26OCT042215-15,0.9800,2.97,yes
2026-10-05T02:13:12.372381Z,KXBTC15M-26OCT042215-15,0.9750,103.73,no
2026-10-05T02:13:12.405748Z,KXBTC15M-26OCT042215-15,0.9750,19.00,no
2026-10-05T02:13:12.42315Z,KXBTC15M-26OCT042215-15,0.9750,43.10,no
2026-10-05T02:13:12.42315Z,KXBTC15M-26OCT042215-15,0.9750,89.17,no
2026-10-05T02:13:12.456978Z,KXBTC15M-26OCT042215-15,0.9760,98.00,yes
2026-10-05T02:13:12.456978Z,KXBTC15M-26OCT042215-15,0.9760,4.28,yes
2026-10-05T02:13:12.471289Z,KXBTC15M-26OCT042215-15,0.9760,0.99,yes
2026-10-05T02:13:12.491087Z,KXBTC15M-26OCT042215-15,0.9750,73.39,no
2026-10-05T02:13:12.497271Z,KXBTC15M-26OCT042215-15,0.9750,1.98,no
2026-10-05T02:13:12.5018Z,KXBTC15M-26OCT042215-15,0.9750,35.46,no
2026-10-05T02:13:12.5018Z,KXBTC15M-26OCT042215-15,0.9750,8.67,no
2026-10-05T02:13:12.561105Z,KXBTC15M-26OCT042215-15,0.9760,5.11,yes
2026-10-05T02:13:12.575037Z,KXBTC15M-26OCT042215-15,0.9750,6.00,no
2026-10-05T02:13:12.583114Z,KXBTC15M-26OCT042215-15,0.9750,45.33,no
2026-10-05T02:13:12.583114Z,KXBTC15M-26OCT042215-15,0.9730,76.25,no
2026-10-05T02:13:12.583114Z,KXBTC15M-26OCT042215-15,0.9740,200.00,no
2026-10-05T02:13:12.583114Z,KXBTC15M-26OCT042215-15,0.9750,0.01,no
2026-10-05T02:13:12.583114Z,KXBTC15M-26OCT042215-15,0.9750,476.00,no
2026-10-05T02:13:12.583114Z,KXBTC15M-26OCT042215-15,0.9740,215.00,no
2026-10-05T02:13:12.583114Z,KXBTC15M-26OCT042215-15,0.9750,200.00,no
2026-10-05T02:13:12.583114Z,KXBTC15M-26OCT042215-15,0.9750,150.00,no
2026-10-05T02:13:12.583114Z,KXBTC15M-26OCT042215-15,0.9750,0.01,no
2026-10-05T02:13:12.583114Z,KXBTC15M-26OCT042215-15,0.9750,500.00,no
2026-10-05T02:13:12.583114Z,KXBTC15M-26OCT042215-15,0.9730,1047.00,no
2026-10-05T02:13:12.583114Z,KXBTC15M-26OCT042215-15,0.9740,12.00,no
2026-10-05T02:13:12.583114Z,KXBTC15M-26OCT042215-15,0.9750,302.72,no
2026-10-05T02:13:12.583114Z,KXBTC15M-26OCT042215-15,0.9750,500.00,no
2026-10-05T02:13:12.583839Z,KXBTC15M-26OCT042215-15,0.9760,0.01,yes
2026-10-05T02:13:12.589807Z,KXBTC15M-26OCT042215-15,0.9750,0.01,no
2026-10-05T02:13:12.589807Z,KXBTC15M-26OCT042215-15,0.9710,2.00,no
2026-10-05T02:13:12.589807Z,KXBTC15M-26OCT042215-15,0.9720,2.00,no
2026-10-05T02:13:12.589807Z,KXBTC15M-26OCT042215-15,0.9750,0.01,no
2026-10-05T02:13:12.589807Z,KXBTC15M-26OCT042215-15,0.9730,85.75,no
2026-10-05T02:13:12.589807Z,KXBTC15M-26OCT042215-15,0.9710,2.00,no
2026-10-05T02:13:12.589807Z,KXBTC15M-26OCT042215-15,0.9700,47.20,no
2026-10-05T02:13:12.589807Z,KXBTC15M-26OCT042215-15,0.9700,64.00,no
2026-10-05T02:13:12.589807Z,KXBTC15M-26OCT042215-15,0.9710,215.00,no
2026-10-05T02:13:12.600229Z,KXBTC15M-26OCT042215-15,0.9740,1.31,no
2026-10-05T02:13:12.632743Z,KXBTC15M-26OCT042215-15,0.9740,9.39,no
2026-10-05T02:13:12.632743Z,KXBTC15M-26OCT042215-15,0.9740,0.01,no
2026-10-05T02:13:12.642578Z,KXBTC15M-26OCT042215-15,0.9750,5.11,yes
2026-10-05T02:13:12.663111Z,KXBTC15M-26OCT042215-15,0.9740,4.41,no
2026-10-05T02:13:12.680498Z,KXBTC15M-26OCT042215-15,0.9760,0.01,yes
2026-10-05T02:13:12.680498Z,KXBTC15M-26OCT042215-15,0.9750,63.89,yes
2026-10-05T02:13:12.680498Z,KXBTC15M-26OCT042215-15,0.9750,9.00,yes
2026-10-05T02:13:12.680498Z,KXBTC15M-26OCT042215-15,0.9750,312.22,yes
2026-10-05T02:13:12.680498Z,KXBTC15M-26OCT042215-15,0.9760,15.00,yes
2026-10-05T02:13:12.680498Z,KXBTC15M-26OCT042215-15,0.9760,0.01,yes
2026-10-05T02:13:12.680498Z,KXBTC15M-26OCT042215-15,0.9750,0.01,yes
2026-10-05T02:13:12.680498Z,KXBTC15M-26OCT042215-15,0.9760,120.15,yes
2026-10-05T02:13:12.680498Z,KXBTC15M-26OCT042215-15,0.9750,400.00,yes
2026-10-05T02:13:12.680498Z,KXBTC15M-26OCT042215-15,0.9750,100.00,yes
2026-10-05T02:13:12.680498Z,KXBTC15M-26OCT042215-15,0.9750,0.01,yes
2026-10-05T02:13:12.689334Z,KXBTC15M-26OCT042215-15,0.9740,18.34,no
2026-10-05T02:13:12.705161Z,KXBTC15M-26OCT042215-15,0.9750,15.89,yes
2026-10-05T02:13:12.705161Z,KXBTC15M-26OCT042215-15,0.9750,17.00,yes
2026-10-05T02:13:12.705161Z,KXBTC15M-26OCT042215-15,0.9750,0.01,yes
2026-10-05T02:13:12.705161Z,KXBTC15M-26OCT042215-15,0.9750,0.01,yes
2026-10-05T02:13:12.729898Z,KXBTC15M-26OCT042215-15,0.9710,2.02,no
2026-10-05T02:13:12.729898Z,KXBTC15M-26OCT042215-15,0.9740,0.01,no
2026-10-05T02:13:12.729898Z,KXBTC15M-26OCT042215-15,0.9740,0.01,no
2026-10-05T02:13:12.811113Z,KXBTC15M-26OCT042215-15,0.9750,8.93,yes
2026-10-05T02:13:12.822239Z,KXBTC15M-26OCT042215-15,0.9740,66.54,yes
2026-10-05T02:13:12.827491Z,KXBTC15M-26OCT042215-15,0.9730,0.02,no
2026-10-05T02:13:12.841558Z,KXBTC15M-26OCT042215-15,0.9740,10.00,yes
2026-10-05T02:13:12.842001Z,KXBTC15M-26OCT042215-15,0.9730,0.01,no
2026-10-05T02:13:12.842966Z,KXBTC15M-26OCT042215-15,0.9730,0.01,no
2026-10-05T02:13:12.843554Z,KXBTC15M-26OCT042215-15,0.9720,0.01,no
2026-10-05T02:13:12.843554Z,KXBTC15M-26OCT042215-15,0.9720,54.40,no
2026-10-05T02:13:12.84666Z,KXBTC15M-26OCT042215-15,0.9720,100.00,no
2026-10-05T02:13:12.851181Z,KXBTC15M-26OCT042215-15,0.9720,37.98,no
2026-10-05T02:13:12.85448Z,KXBTC15M-26OCT042215-15,0.9730,5.00,yes
2026-10-05T02:13:12.861676Z,KXBTC15M-26OCT042215-15,0.9710,49.74,no
2026-10-05T02:13:12.861676Z,KXBTC15M-26OCT042215-15,0.9720,0.01,no
2026-10-05T02:13:12.861676Z,KXBTC15M-26OCT042215-15,0.9720,167.62,no
2026-10-05T02:13:12.861676Z,KXBTC15M-26OCT042215-15,0.9720,0.01,no
2026-10-05T02:13:12.864378Z,KXBTC15M-26OCT042215-15,0.9700,61.50,no
2026-10-05T02:13:12.90605Z,KXBTC15M-26OCT042215-15,0.9700,10.66,no
2026-10-05T02:13:12.954488Z,KXBTC15M-26OCT042215-15,0.9700,3.10,no
2026-10-05T02:13:12.96042Z,KXBTC15M-26OCT042215-15,0.9710,2.00,yes
2026-10-05T02:13:12.96042Z,KXBTC15M-26OCT042215-15,0.9710,100.38,yes
2026-10-05T02:13:12.972214Z,KXBTC15M-26OCT042215-15,0.9700,60.64,no
2026-10-05T02:13:12.972214Z,KXBTC15M-26OCT042215-15,0.9700,24.74,no
2026-10-05T02:13:13.013456Z,KXBTC15M-26OCT042215-15,0.9710,409.14,yes
2026-10-05T02:13:13.051172Z,KXBTC15M-26OCT042215-15,0.9700,4.11,no
2026-10-05T02:13:13.069829Z,KXBTC15M-26OCT042215-15,0.9700,4.00,no
2026-10-05T02:13:13.069987Z,KXBTC15M-26OCT042215-15,0.9700,6.70,no
2026-10-05T02:13:13.084814Z,KXBTC15M-26OCT042215-15,0.9700,24.55,no
2026-10-05T02:13:13.084814Z,KXBTC15M-26OCT042215-15,0.9700,146.85,no
2026-10-05T02:13:13.089104Z,KXBTC15M-26OCT042215-15,0.9700,253.15,no
2026-10-05T02:13:13.089104Z,KXBTC15M-26OCT042215-15,0.9700,22.76,no
2026-10-05T02:13:13.090445Z,KXBTC15M-26OCT042215-15,0.9710,5.04,yes
2026-10-05T02:13:13.115085Z,KXBTC15M-26OCT042215-15,0.9710,205.55,yes
2026-10-05T02:13:13.135453Z,KXBTC15M-26OCT042215-15,0.9710,5.11,yes
2026-10-05T02:13:13.177832Z,KXBTC15M-26OCT042215-15,0.9700,47.71,no
2026-10-05T02:13:13.191234Z,KXBTC15M-26OCT042215-15,0.9740,150.00,yes
2026-10-05T02:13:13.191234Z,KXBTC15M-26OCT042215-15,0.9730,99.00,yes
2026-10-05T02:13:13.191234Z,KXBTC15M-26OCT042215-15,0.9740,99.00,yes
2026-10-05T02:13:13.191234Z,KXBTC15M-26OCT042215-15,0.9710,100.00,yes
2026-10-05T02:13:13.191234Z,KXBTC15M-26OCT042215-15,0.9720,150.00,yes
2026-10-05T02:13:13.191234Z,KXBTC15M-26OCT042215-15,0.9730,10.00,yes
2026-10-05T02:13:13.191234Z,KXBTC15M-26OCT042215-15,0.9740,1047.00,yes
2026-10-05T02:13:13.191234Z,KXBTC15M-26OCT042215-15,0.9720,13.00,yes
2026-10-05T02:13:13.191234Z,KXBTC15M-26OCT042215-15,0.9720,2.00,yes
2026-10-05T02:13:13.191234Z,KXBTC15M-26OCT042215-15,0.9710,500.00,yes
2026-10-05T02:13:13.191234Z,KXBTC15M-26OCT042215-15,0.9730,2.00,yes
2026-10-05T02:13:13.191234Z,KXBTC15M-26OCT042215-15,0.9720,2.00,yes
2026-10-05T02:13:13.191234Z,KXBTC15M-26OCT042215-15,0.9710,500.00,yes
2026-10-05T02:13:13.191234Z,KXBTC15M-26OCT042215-15,0.9710,1.00,yes
2026-10-05T02:13:13.191234Z,KXBTC15M-26OCT042215-15,0.9720,508.64,yes
2026-10-05T02:13:13.191234Z,KXBTC15M-26OCT042215-15,0.9710,2415.78,yes
2026-10-05T02:13:13.191234Z,KXBTC15M-26OCT042215-15,0.9710,0.01,yes
2026-10-05T02:13:13.191234Z,KXBTC15M-26OCT042215-15,0.9710,97.00,yes
2026-10-05T02:13:13.191234Z,KXBTC15M-26OCT042215-15,0.9710,400.00,yes
2026-10-05T02:13:13.191234Z,KXBTC15M-26OCT042215-15,0.9710,378.00,yes
2026-10-05T02:13:13.191234Z,KXBTC15M-26OCT042215-15,0.9730,2.00,yes
2026-10-05T02:13:13.191234Z,KXBTC15M-26OCT042215-15,0.9710,1.00,yes
2026-10-05T02:13:13.191234Z,KXBTC15M-26OCT042215-15,0.9710,2.00,yes
2026-10-05T02:13:13.191234Z,KXBTC15M-26OCT042215-15,0.9710,0.01,yes
2026-10-05T02:13:13.191234Z,KXBTC15M-26OCT042215-15,0.9750,97.00,yes
2026-10-05T02:13:13.191234Z,KXBTC15M-26OCT042215-15,0.9750,17.00,yes
2026-10-05T02:13:13.191234Z,KXBTC15M-26OCT042215-15,0.9710,10.00,yes
2026-10-05T02:13:13.191234Z,KXBTC15M-26OCT042215-15,0.9740,2.00,yes
2026-10-05T02:13:13.191234Z,KXBTC15M-26OCT042215-15,0.9750,16.81,yes
2026-10-05T02:13:13.191234Z,KXBTC15M-26OCT042215-15,0.9750,15.00,yes
2026-10-05T02:13:13.191234Z,KXBTC15M-26OCT042215-15,0.9710,178.00,yes
2026-10-05T02:13:13.191234Z,KXBTC15M-26OCT042215-15,0.9750,93.75,yes
2026-10-05T02:13:13.191234Z,KXBTC15M-26OCT042215-15,0.9750,64.00,yes
2026-10-05T02:13:13.191234Z,KXBTC15M-26OCT042215-15,0.9710,81.00,yes
2026-10-05T02:13:13.191234Z,KXBTC15M-26OCT042215-15,0.9750,15.00,yes
2026-10-05T02:13:13.212877Z,KXBTC15M-26OCT042215-15,0.9730,1.36,yes
2026-10-05T02:13:13.232326Z,KXBTC15M-26OCT042215-15,0.9720,143.08,no
2026-10-05T02:13:13.232544Z,KXBTC15M-26OCT042215-15,0.9730,0.01,yes
2026-10-05T02:13:13.234502Z,KXBTC15M-26OCT042215-15,0.9730,11.05,yes
2026-10-05T02:13:13.258647Z,KXBTC15M-26OCT042215-15,0.9720,33.43,no
2026-10-05T02:13:13.318379Z,KXBTC15M-26OCT042215-15,0.9720,1.04,no
2026-10-05T02:13:13.33185Z,KXBTC15M-26OCT042215-15,0.9720,62.42,no
2026-10-05T02:13:13.409488Z,KXBTC15M-26OCT042215-15,0.9720,25.96,no
2026-10-05T02:13:13.422451Z,KXBTC15M-26OCT042215-15,0.9720,50.00,no
2026-10-05T02:13:13.445943Z,KXBTC15M-26OCT042215-15,0.9730,9.46,yes
2026-10-05T02:13:13.460244Z,KXBTC15M-26OCT042215-15,0.9720,167.19,no
2026-10-05T02:13:13.467407Z,KXBTC15M-26OCT042215-15,0.9720,15.60,no
2026-10-05T02:13:13.484635Z,KXBTC15M-26OCT042215-15,0.9720,6.00,no
2026-10-05T02:13:13.48693Z,KXBTC15M-26OCT042215-15,0.9720,1.32,no
2026-10-05T02:13:13.49894Z,KXBTC15M-26OCT042215-15,0.9720,1041.45,no
2026-10-05T02:13:13.52516Z,KXBTC15M-26OCT042215-15,0.9720,258.01,no
2026-10-05T02:13:13.525781Z,KXBTC15M-26OCT042215-15,0.9720,29.22,no
2026-10-05T02:13:13.533768Z,KXBTC15M-26OCT042215-15,0.9730,11.11,yes
2026-10-05T02:13:13.545749Z,KXBTC15M-26OCT042215-15,0.9720,620.77,no
2026-10-05T02:13:13.581738Z,KXBTC15M-26OCT042215-15,0.9720,67.20,no
2026-10-05T02:13:13.581738Z,KXBTC15M-26OCT042215-15,0.9720,0.01,no
2026-10-05T02:13:13.581738Z,KXBTC15M-26OCT042215-15,0.9720,0.01,no
2026-10-05T02:13:13.647884Z,KXBTC15M-26OCT042215-15,0.9700,3.14,no
2026-10-05T02:13:13.647884Z,KXBTC15M-26OCT042215-15,0.9720,0.01,no
2026-10-05T02:13:13.647884Z,KXBTC15M-26OCT042215-15,0.9720,0.01,no
2026-10-05T02:13:13.647884Z,KXBTC15M-26OCT042215-15,0.9710,0.02,no
2026-10-05T02:13:13.647884Z,KXBTC15M-26OCT042215-15,0.9720,0.02,no
2026-10-05T02:13:13.647884Z,KXBTC15M-26OCT042215-15,0.9720,7.80,no
2026-10-05T02:13:13.651292Z,KXBTC15M-26OCT042215-15,0.9700,8.39,no
2026-10-05T02:13:13.651292Z,KXBTC15M-26OCT042215-15,0.9700,0.02,no
2026-10-05T02:13:13.651292Z,KXBTC15M-26OCT042215-15,0.9700,18.47,no
2026-10-05T02:13:13.660216Z,KXBTC15M-26OCT042215-15,0.9720,0.01,no
2026-10-05T02:13:13.682783Z,KXBTC15M-26OCT042215-15,0.9730,0.01,yes
2026-10-05T02:13:13.682783Z,KXBTC15M-26OCT042215-15,0.9730,0.01,yes
2026-10-05T02:13:13.682783Z,KXBTC15M-26OCT042215-15,0.9730,116.25,yes
2026-10-05T02:13:13.682783Z,KXBTC15M-26OCT042215-15,0.9730,88.89,yes
2026-10-05T02:13:13.688627Z,KXBTC15M-26OCT042215-15,0.9720,0.01,no
2026-10-05T02:13:13.688627Z,KXBTC15M-26OCT042215-15,0.9700,55.85,no
2026-10-05T02:13:13.688627Z,KXBTC15M-26OCT042215-15,0.9720,0.01,no
2026-10-05T02:13:13.695134Z,KXBTC15M-26OCT042215-15,0.9730,10.25,yes
2026-10-05T02:13:13.700608Z,KXBTC15M-26OCT042215-15,0.9670,82.00,no
2026-10-05T02:13:13.700608Z,KXBTC15M-26OCT042215-15,0.9690,104.00,no
2026-10-05T02:13:13.700608Z,KXBTC15M-26OCT042215-15,0.9670,0.03,no
2026-10-05T02:13:13.700608Z,KXBTC15M-26OCT042215-15,0.9700,0.01,no
2026-10-05T02:13:13.700608Z,KXBTC15M-26OCT042215-15,0.9690,0.02,no
2026-10-05T02:13:13.700608Z,KXBTC15M-26OCT042215-15,0.9660,81.24,no
2026-10-05T02:13:13.700608Z,KXBTC15M-26OCT042215-15,0.9670,11.00,no
2026-10-05T02:13:13.700608Z,KXBTC15M-26OCT042215-15,0.9680,0.02,no
2026-10-05T02:13:13.700608Z,KXBTC15M-26OCT042215-15,0.9700,21.68,no
2026-10-05T02:13:13.700608Z,KXBTC15M-26OCT042215-15,0.9670,200.00,no
2026-10-05T02:13:13.718705Z,KXBTC15M-26OCT042215-15,0.9710,10.00,yes
2026-10-05T02:13:13.718705Z,KXBTC15M-26OCT042215-15,0.9750,17.00,yes
2026-10-05T02:13:13.718705Z,KXBTC15M-26OCT042215-15,0.9720,2.00,yes
2026-10-05T02:13:13.718705Z,KXBTC15M-26OCT042215-15,0.9730,2.00,yes
2026-10-05T02:13:13.718705Z,KXBTC15M-26OCT042215-15,0.9720,0.01,yes
2026-10-05T02:13:13.718705Z,KXBTC15M-26OCT042215-15,0.9710,0.01,yes
2026-10-05T02:13:13.718705Z,KXBTC15M-26OCT042215-15,0.9740,200.00,yes
2026-10-05T02:13:13.718705Z,KXBTC15M-26OCT042215-15,0.9710,150.00,yes
2026-10-05T02:13:13.718705Z,KXBTC15M-26OCT042215-15,0.9740,17.00,yes
2026-10-05T02:13:13.718705Z,KXBTC15M-26OCT042215-15,0.9710,98.00,yes
2026-10-05T02:13:13.718705Z,KXBTC15M-26OCT042215-15,0.9730,99.00,yes
2026-10-05T02:13:13.718705Z,KXBTC15M-26OCT042215-15,0.9750,289.94,yes
2026-10-05T02:13:13.718705Z,KXBTC15M-26OCT042215-15,0.9710,500.00,yes
2026-10-05T02:13:13.718705Z,KXBTC15M-26OCT042215-15,0.9720,2.00,yes
2026-10-05T02:13:13.718705Z,KXBTC15M-26OCT042215-15,0.9730,17.00,yes
2026-10-05T02:13:13.718705Z,KXBTC15M-26OCT042215-15,0.9720,9.00,yes
2026-10-05T02:13:13.718705Z,KXBTC15M-26OCT042215-15,0.9720,0.01,yes
2026-10-05T02:13:13.718705Z,KXBTC15M-26OCT042215-15,0.9740,2.00,yes
2026-10-05T02:13:13.718705Z,KXBTC15M-26OCT042215-15,0.9730,2.00,yes
2026-10-05T02:13:13.718705Z,KXBTC15M-26OCT042215-15,0.9710,0.01,yes
2026-10-05T02:13:13.718705Z,KXBTC15M-26OCT042215-15,0.9730,0.01,yes
2026-10-05T02:13:13.718705Z,KXBTC15M-26OCT042215-15,0.9730,0.01,yes
2026-10-05T02:13:13.718705Z,KXBTC15M-26OCT042215-15,0.9710,100.00,yes
2026-10-05T02:13:13.718705Z,KXBTC15M-26OCT042215-15,0.9740,2.00,yes
2026-10-05T02:13:13.718705Z,KXBTC15M-26OCT042215-15,0.9710,500.00,yes
2026-10-05T02:13:13.747228Z,KXBTC15M-26OCT042215-15,0.9710,36.80,yes
2026-10-05T02:13:13.806039Z,KXBTC15M-26OCT042215-15,0.9710,98.81,yes
2026-10-05T02:13:13.807543Z,KXBTC15M-26OCT042215-15,0.9710,50.00,yes
2026-10-05T02:13:13.828849Z,KXBTC15M-26OCT042215-15,0.9700,1.04,no
2026-10-05T02:13:13.828849Z,KXBTC15M-26OCT042215-15,0.9690,125.84,no
2026-10-05T02:13:13.828849Z,KXBTC15M-26OCT042215-15,0.9700,0.01,no
2026-10-05T02:13:13.828849Z,KXBTC15M-26OCT042215-15,0.9700,0.01,no
2026-10-05T02:13:13.828849Z,KXBTC15M-26OCT042215-15,0.9690,6.00,no
2026-10-05T02:13:13.849777Z,KXBTC15M-26OCT042215-15,0.9700,0.01,no
2026-10-05T02:13:13.849777Z,KXBTC15M-26OCT042215-15,0.9700,0.01,no
2026-10-05T02:13:13.849777Z,KXBTC15M-26OCT042215-15,0.9670,16.35,no
2026-10-05T02:13:13.849777Z,KXBTC15M-26OCT042215-15,0.9670,2.00,no
2026-10-05T02:13:13.849777Z,KXBTC15M-26OCT042215-15,0.9670,2.00,no
2026-10-05T02:13:13.858803Z,KXBTC15M-26OCT042215-15,0.9710,0.01,yes
2026-10-05T02:13:13.858803Z,KXBTC15M-26OCT042215-15,0.9700,0.01,yes
2026-10-05T02:13:13.858803Z,KXBTC15M-26OCT042215-15,0.9700,0.01,yes
2026-10-05T02:13:13.858803Z,KXBTC15M-26OCT042215-15,0.9710,0.01,yes
2026-10-05T02:13:13.858803Z,KXBTC15M-26OCT042215-15,0.9710,258.58,yes
2026-10-05T02:13:13.858803Z,KXBTC15M-26OCT042215-15,0.9710,15.10,yes
2026-10-05T02:13:13.858803Z,KXBTC15M-26OCT042215-15,0.9710,400.00,yes
2026-10-05T02:13:13.891433Z,KXBTC15M-26OCT042215-15,0.9680,5.12,yes
2026-10-05T02:13:13.89786Z,KXBTC15M-26OCT042215-15,0.9680,2.00,yes
2026-10-05T02:13:13.915338Z,KXBTC15M-26OCT042215-15,0.9680,7.37,yes
2026-10-05T02:13:13.915338Z,KXBTC15M-26OCT042215-15,0.9680,2.88,yes
2026-10-05T02:13:13.979757Z,KXBTC15M-26OCT042215-15,0.9670,59.98,no
2026-10-05T02:13:13.979757Z,KXBTC15M-26OCT042215-15,0.9670,6.00,no
2026-10-05T02:13:13.979757Z,KXBTC15M-26OCT042215-15,0.9670,0.01,no
2026-10-05T02:13:13.979757Z,KXBTC15M-26OCT042215-15,0.9670,11.00,no
2026-10-05T02:13:13.979757Z,KXBTC15M-26OCT042215-15,0.9670,0.01,no
2026-10-05T02:13:13.984189Z,KXBTC15M-26OCT042215-15,0.9680,5.12,yes
2026-10-05T02:13:13.995719Z,KXBTC15M-26OCT042215-15,0.9670,6.00,no
2026-10-05T02:13:13.996926Z,KXBTC15M-26OCT042215-15,0.9670,2.23,no
2026-10-05T02:13:14.007374Z,KXBTC15M-26OCT042215-15,0.9680,73.16,yes
2026-10-05T02:13:14.007374Z,KXBTC15M-26OCT042215-15,0.9680,0.01,yes
2026-10-05T02:13:14.007374Z,KXBTC15M-26OCT042215-15,0.9680,0.01,yes
2026-10-05T02:13:14.018428Z,KXBTC15M-26OCT042215-15,0.9680,31.61,yes
2026-10-05T02:13:14.029976Z,KXBTC15M-26OCT042215-15,0.9680,2.99,yes
2026-10-05T02:13:14.034962Z,KXBTC15M-26OCT042215-15,0.9680,50.00,yes
2026-10-05T02:13:14.04349Z,KXBTC15M-26OCT042215-15,0.9670,0.01,no
2026-10-05T02:13:14.04349Z,KXBTC15M-26OCT042215-15,0.9670,11.00,no
2026-10-05T02:13:14.04349Z,KXBTC15M-26OCT042215-15,0.9670,0.01,no
2026-10-05T02:13:14.04349Z,KXBTC15M-26OCT042215-15,0.9660,67.47,no
2026-10-05T02:13:14.083523Z,KXBTC15M-26OCT042215-15,0.9670,0.01,no
2026-10-05T02:13:14.083523Z,KXBTC15M-26OCT042215-15,0.9670,0.01,no
2026-10-05T02:13:14.083523Z,KXBTC15M-26OCT042215-15,0.9660,148.05,no
2026-10-05T02:13:14.091768Z,KXBTC15M-26OCT042215-15,0.9670,0.01,no
2026-10-05T02:13:14.091768Z,KXBTC15M-26OCT042215-15,0.9670,0.01,no
2026-10-05T02:13:14.091768Z,KXBTC15M-26OCT042215-15,0.9660,24.92,no
2026-10-05T02:13:14.094518Z,KXBTC15M-26OCT042215-15,0.9660,200.00,no
2026-10-05T02:13:14.094518Z,KXBTC15M-26OCT042215-15,0.9660,725.32,no
2026-10-05T02:13:14.094518Z,KXBTC15M-26OCT042215-15,0.9660,258.44,no
2026-10-05T02:13:14.094518Z,KXBTC15M-26OCT042215-15,0.9660,0.01,no
2026-10-05T02:13:14.094518Z,KXBTC15M-26OCT042215-15,0.9660,0.03,no
2026-10-05T02:13:14.094518Z,KXBTC15M-26OCT042215-15,0.9660,168.00,no
2026-10-05T02:13:14.094518Z,KXBTC15M-26OCT042215-15,0.9660,0.01,no
2026-10-05T02:13:14.094518Z,KXBTC15M-26OCT042215-15,0.9660,2.00,no
2026-10-05T02:13:14.114444Z,KXBTC15M-26OCT042215-15,0.9680,35.23,yes
2026-10-05T02:13:14.168276Z,KXBTC15M-26OCT042215-15,0.9670,0.01,no
2026-10-05T02:13:14.168276Z,KXBTC15M-26OCT042215-15,0.9670,0.01,no
2026-10-05T02:13:14.168276Z,KXBTC15M-26OCT042215-15,0.9660,0.30,no
2026-10-05T02:13:14.177198Z,KXBTC15M-26OCT042215-15,0.9680,10.25,yes
2026-10-05T02:13:14.197133Z,KXBTC15M-26OCT042215-15,0.9680,61.13,yes
2026-10-05T02:13:14.198914Z,KXBTC15M-26OCT042215-15,0.9650,33.00,no
2026-10-05T02:13:14.198914Z,KXBTC15M-26OCT042215-15,0.9660,161.70,no
2026-10-05T02:13:14.198914Z,KXBTC15M-26OCT042215-15,0.9660,0.01,no
2026-10-05T02:13:14.198914Z,KXBTC15M-26OCT042215-15,0.9650,0.03,no
2026-10-05T02:13:14.198914Z,KXBTC15M-26OCT042215-15,0.9650,18.00,no
2026-10-05T02:13:14.198914Z,KXBTC15M-26OCT042215-15,0.9650,37.42,no
2026-10-05T02:13:14.198914Z,KXBTC15M-26OCT042215-15,0.9650,2.00,no
2026-10-05T02:13:14.213646Z,KXBTC15M-26OCT042215-15,0.9670,19.32,yes
2026-10-05T02:13:14.221618Z,KXBTC15M-26OCT042215-15,0.9660,6.62,no
2026-10-05T02:13:14.235554Z,KXBTC15M-26OCT042215-15,0.9670,2.05,yes
2026-10-05T02:13:14.325666Z,KXBTC15M-26OCT042215-15,0.9660,35.23,yes
2026-10-05T02:13:14.329672Z,KXBTC15M-26OCT042215-15,0.9660,5.21,yes
2026-10-05T02:13:14.336183Z,KXBTC15M-26OCT042215-15,0.9660,39.89,yes
2026-10-05T02:13:14.348054Z,KXBTC15M-26OCT042215-15,0.9650,35.38,no
2026-10-05T02:13:14.354993Z,KXBTC15M-26OCT042215-15,0.9660,0.01,yes
2026-10-05T02:13:14.354993Z,KXBTC15M-26OCT042215-15,0.9660,69.87,yes
2026-10-05T02:13:14.354993Z,KXBTC15M-26OCT042215-15,0.9660,0.01,yes
2026-10-05T02:13:14.354993Z,KXBTC15M-26OCT042215-15,0.9660,30.11,yes
2026-10-05T02:13:14.354993Z,KXBTC15M-26OCT042215-15,0.9660,500.00,yes
2026-10-05T02:13:14.354993Z,KXBTC15M-26OCT042215-15,0.9660,500.00,yes
2026-10-05T02:13:14.391369Z,KXBTC15M-26OCT042215-15,0.9650,17.89,no
2026-10-05T02:13:14.421362Z,KXBTC15M-26OCT042215-15,0.9660,0.01,yes
2026-10-05T02:13:14.422604Z,KXBTC15M-26OCT042215-15,0.9660,44.70,yes
2026-10-05T02:13:14.462551Z,KXBTC15M-26OCT042215-15,0.9680,346.18,yes
2026-10-05T02:13:14.462551Z,KXBTC15M-26OCT042215-15,0.9660,0.01,yes
2026-10-05T02:13:14.462551Z,KXBTC15M-26OCT042215-15,0.9680,76.00,yes
2026-10-05T02:13:14.462551Z,KXBTC15M-26OCT042215-15,0.9680,9.00,yes
2026-10-05T02:13:14.462551Z,KXBTC15M-26OCT042215-15,0.9660,100.00,yes
2026-10-05T02:13:14.462551Z,KXBTC15M-26OCT042215-15,0.9660,500.00,yes
2026-10-05T02:13:14.462551Z,KXBTC15M-26OCT042215-15,0.9660,0.01,yes
2026-10-05T02:13:14.467338Z,KXBTC15M-26OCT042215-15,0.9660,82.46,yes
2026-10-05T02:13:14.475468Z,KXBTC15M-26OCT042215-15,0.9660,0.01,yes
2026-10-05T02:13:14.475468Z,KXBTC15M-26OCT042215-15,0.9660,0.01,yes
2026-10-05T02:13:14.475468Z,KXBTC15M-26OCT042215-15,0.9670,248.66,yes
2026-10-05T02:13:14.475468Z,KXBTC15M-26OCT042215-15,0.9670,9.00,yes
2026-10-05T02:13:14.527928Z,KXBTC15M-26OCT042215-15,0.9660,88.60,yes
2026-10-05T02:13:14.527928Z,KXBTC15M-26OCT042215-15,0.9660,0.01,yes
2026-10-05T02:13:14.527928Z,KXBTC15M-26OCT042215-15,0.9660,100.00,yes
2026-10-05T02:13:14.527928Z,KXBTC15M-26OCT042215-15,0.9660,0.01,yes
2026-10-05T02:13:14.531247Z,KXBTC15M-26OCT042215-15,0.9650,26.74,no
2026-10-05T02:13:14.580298Z,KXBTC15M-26OCT042215-15,0.9660,18.53,yes
2026-10-05T02:13:14.580298Z,KXBTC15M-26OCT042215-15,0.9660,0.01,yes
2026-10-05T02:13:14.580298Z,KXBTC15M-26OCT042215-15,0.9660,0.01,yes
2026-10-05T02:13:14.642931Z,KXBTC15M-26OCT042215-15,0.9650,49.00,no
2026-10-05T02:13:14.642931Z,KXBTC15M-26OCT042215-15,0.9640,40.00,no
2026-10-05T02:13:14.642931Z,KXBTC15M-26OCT042215-15,0.9650,30.00,no
2026-10-05T02:13:14.642931Z,KXBTC15M-26OCT042215-15,0.9650,69.99,no
2026-10-05T02:13:14.642931Z,KXBTC15M-26OCT042215-15,0.9650,204.00,no
2026-10-05T02:13:14.642931Z,KXBTC15M-26OCT042215-15,0.9650,0.01,no
2026-10-05T02:13:14.642931Z,KXBTC15M-26OCT042215-15,0.9650,0.01,no
2026-10-05T02:13:14.642931Z,KXBTC15M-26OCT042215-15,0.9640,131.44,no
2026-10-05T02:13:14.661153Z,KXBTC15M-26OCT042215-15,0.9650,0.01,no
2026-10-05T02:13:14.661153Z,KXBTC15M-26OCT042215-15,0.9650,2.68,no
2026-10-05T02:13:14.666343Z,KXBTC15M-26OCT042215-15,0.9650,26.76,no
2026-10-05T02:13:14.678219Z,KXBTC15M-26OCT042215-15,0.9650,26.43,no
2026-10-05T02:13:14.701021Z,KXBTC15M-26OCT042215-15,0.9650,24.94,no
2026-10-05T02:13:14.714024Z,KXBTC15M-26OCT042215-15,0.9650,26.76,no
2026-10-05T02:13:14.743331Z,KXBTC15M-26OCT042215-15,0.9660,16.50,yes
2026-10-05T02:13:14.763609Z,KXBTC15M-26OCT042215-15,0.9660,5.68,yes
2026-10-05T02:13:14.842321Z,KXBTC15M-26OCT042215-15,0.9660,59.29,yes
2026-10-05T02:13:14.842321Z,KXBTC15M-26OCT042215-15,0.9660,456.14,yes
2026-10-05T02:13:14.842516Z,KXBTC15M-26OCT042215-15,0.9650,24.08,no
2026-10-05T02:13:14.853727Z,KXBTC15M-26OCT042215-15,0.9650,0.01,no
2026-10-05T02:13:14.853727Z,KXBTC15M-26OCT042215-15,0.9650,0.01,no
2026-10-05T02:13:14.853727Z,KXBTC15M-26OCT042215-15,0.9650,18.35,no
2026-10-05T02:13:14.885638Z,KXBTC15M-26OCT042215-15,0.9650,4.31,yes
2026-10-05T02:13:14.952701Z,KXBTC15M-26OCT042215-15,0.9650,2.49,yes
2026-10-05T02:13:14.961555Z,KXBTC15M-26OCT042215-15,0.9650,2.35,yes
2026-10-05T02:13:14.961555Z,KXBTC15M-26OCT042215-15,0.9650,0.01,yes
2026-10-05T02:13:15.01451Z,KXBTC15M-26OCT042215-15,0.9650,10.00,yes
2026-10-05T02:13:15.01451Z,KXBTC15M-26OCT042215-15,0.9650,0.01,yes
2026-10-05T02:13:15.01451Z,KXBTC15M-26OCT042215-15,0.9690,499.55,yes
2026-10-05T02:13:15.01451Z,KXBTC15M-26OCT042215-15,0.9650,100.00,yes
2026-10-05T02:13:15.01451Z,KXBTC15M-26OCT042215-15,0.9650,497.65,yes
2026-10-05T02:13:15.01451Z,KXBTC15M-26OCT042215-15,0.9650,200.00,yes
2026-10-05T02:13:15.01451Z,KXBTC15M-26OCT042215-15,0.9650,400.00,yes
2026-10-05T02:13:15.01451Z,KXBTC15M-26OCT042215-15,0.9660,200.00,yes
2026-10-05T02:13:15.01451Z,KXBTC15M-26OCT042215-15,0.9650,500.00,yes
2026-10-05T02:13:15.01451Z,KXBTC15M-26OCT042215-15,0.9650,0.01,yes
2026-10-05T02:13:15.01451Z,KXBTC15M-26OCT042215-15,0.9680,9.00,yes
2026-10-05T02:13:15.01451Z,KXBTC15M-26OCT042215-15,0.9680,172.00,yes
2026-10-05T02:13:15.01451Z,KXBTC15M-26OCT042215-15,0.9680,516.00,yes
2026-10-05T02:13:15.021515Z,KXBTC15M-26OCT042215-15,0.9670,1.89,yes
2026-10-05T02:13:15.060976Z,KXBTC15M-26OCT042215-15,0.9670,0.01,yes
2026-10-05T02:13:15.060976Z,KXBTC15M-26OCT042215-15,0.9670,100.00,yes
2026-10-05T02:13:15.060976Z,KXBTC15M-26OCT042215-15,0.9670,0.01,yes
2026-10-05T02:13:15.060976Z,KXBTC15M-26OCT042215-15,0.9680,5.68,yes
2026-10-05T02:13:15.069929Z,KXBTC15M-26OCT042215-15,0.9660,1.87,no
2026-10-05T02:13:15.08222Z,KXBTC15M-26OCT042215-15,0.9680,0.01,yes
2026-10-05T02:13:15.08222Z,KXBTC15M-26OCT042215-15,0.9670,9.00,yes
2026-10-05T02:13:15.08222Z,KXBTC15M-26OCT042215-15,0.9680,18.77,yes
2026-10-05T02:13:15.08222Z,KXBTC15M-26OCT042215-15,0.9680,0.01,yes
2026-10-05T02:13:15.176014Z,KXBTC15M-26OCT042215-15,0.9670,54.98,yes
2026-10-05T02:13:15.176014Z,KXBTC15M-26OCT042215-15,0.9670,0.01,yes
2026-10-05T02:13:15.176014Z,KXBTC15M-26OCT042215-15,0.9670,0.01,yes
2026-10-05T02:13:15.182189Z,KXBTC15M-26OCT042215-15,0.9660,0.11,no
2026-10-05T02:13:15.182189Z,KXBTC15M-26OCT042215-15,0.9660,0.01,no
2026-10-05T02:13:15.182189Z,KXBTC15M-26OCT042215-15,0.9660,0.01,no
2026-10-05T02:13:15.204017Z,KXBTC15M-26OCT042215-15,0.9670,22.65,yes
2026-10-05T02:13:15.251107Z,KXBTC15M-26OCT042215-15,0.9660,2.67,no
2026-10-05T02:13:15.261857Z,KXBTC15M-26OCT042215-15,0.9660,140.99,no
2026-10-05T02:13:15.261857Z,KXBTC15M-26OCT042215-15,0.9660,15.22,no
2026-10-05T02:13:15.261857Z,KXBTC15M-26OCT042215-15,0.9660,300.00,no
2026-10-05T02:13:15.274255Z,KXBTC15M-26OCT042215-15,0.9670,5.70,yes
2026-10-05T02:13:15.321952Z,KXBTC15M-26OCT042215-15,0.9660,14.28,no
2026-10-05T02:13:15.324522Z,KXBTC15M-26OCT042215-15,0.9660,14.28,no
2026-10-05T02:13:15.358711Z,KXBTC15M-26OCT042215-15,0.9660,0.01,no
2026-10-05T02:13:15.358711Z,KXBTC15M-26OCT042215-15,0.9660,82.45,no
2026-10-05T02:13:15.358711Z,KXBTC15M-26OCT042215-15,0.9660,51.34,no
2026-10-05T02:13:15.358711Z,KXBTC15M-26OCT042215-15,0.9660,0.01,no
2026-10-05T02:13:15.363091Z,KXBTC15M-26OCT042215-15,0.9650,138.00,no
2026-10-05T02:13:15.363091Z,KXBTC15M-26OCT042215-15,0.9650,150.00,no
2026-10-05T02:13:15.363091Z,KXBTC15M-26OCT042215-15,0.9660,55.66,no
2026-10-05T02:13:15.363091Z,KXBTC15M-26OCT042215-15,0.9650,2.00,no
2026-10-05T02:13:15.374219Z,KXBTC15M-26OCT042215-15,0.9670,3.65,yes
2026-10-05T02:13:15.397339Z,KXBTC15M-26OCT042215-15,0.9670,0.51,yes
2026-10-05T02:13:15.455044Z,KXBTC15M-26OCT042215-15,0.9670,319.49,yes
2026-10-05T02:13:15.455044Z,KXBTC15M-26OCT042215-15,0.9670,12.51,yes
2026-10-05T02:13:15.474345Z,KXBTC15M-26OCT042215-15,0.9660,0.01,no
2026-10-05T02:13:15.474345Z,KXBTC15M-26OCT042215-15,0.9660,0.01,no
2026-10-05T02:13:15.474345Z,KXBTC15M-26OCT042215-15,0.9640,0.96,no
2026-10-05T02:13:15.506894Z,KXBTC15M-26OCT042215-15,0.9670,13.29,yes
2026-10-05T02:13:15.521915Z,KXBTC15M-26OCT042215-15,0.9670,32.78,yes
2026-10-05T02:13:15.521915Z,KXBTC15M-26OCT042215-15,0.9670,67.22,yes
2026-10-05T02:13:15.588453Z,KXBTC15M-26OCT042215-15,0.9670,1.03,yes
2026-10-05T02:13:15.595756Z,KXBTC15M-26OCT042215-15,0.9670,39.33,yes
2026-10-05T02:13:15.686971Z,KXBTC15M-26OCT042215-15,0.9670,130.02,yes
2026-10-05T02:13:15.686971Z,KXBTC15M-26OCT042215-15,0.9670,0.01,yes
2026-10-05T02:13:15.686971Z,KXBTC15M-26OCT042215-15,0.9670,0.01,yes
2026-10-05T02:13:15.686971Z,KXBTC15M-26OCT042215-15,0.9670,126.86,yes
2026-10-05T02:13:15.698367Z,KXBTC15M-26OCT042215-15,0.9660,0.01,no
2026-10-05T02:13:15.698367Z,KXBTC15M-26OCT042215-15,0.9660,0.01,no
2026-10-05T02:13:15.698367Z,KXBTC15M-26OCT042215-15,0.9640,26.00,no
2026-10-05T02:13:15.715481Z,KXBTC15M-26OCT042215-15,0.9670,31.98,yes
2026-10-05T02:13:15.736673Z,KXBTC15M-26OCT042215-15,0.9660,1.00,yes
2026-10-05T02:13:15.748609Z,KXBTC15M-26OCT042215-15,0.9660,3.09,yes
2026-10-05T02:13:15.75418Z,KXBTC15M-26OCT042215-15,0.9660,103.17,yes
2026-10-05T02:13:15.792166Z,KXBTC15M-26OCT042215-15,0.9660,40.37,yes
2026-10-05T02:13:15.792166Z,KXBTC15M-26OCT042215-15,0.9660,70.00,yes
2026-10-05T02:13:15.792166Z,KXBTC15M-26OCT042215-15,0.9660,0.01,yes
2026-10-05T02:13:15.792166Z,KXBTC15M-26OCT042215-15,0.9660,0.01,yes
2026-10-05T02:13:15.814447Z,KXBTC15M-26OCT042215-15,0.9650,6.75,no
2026-10-05T02:13:15.814447Z,KXBTC15M-26OCT042215-15,0.9650,6.00,no
2026-10-05T02:13:15.814447Z,KXBTC15M-26OCT042215-15,0.9650,0.01,no
2026-10-05T02:13:15.814447Z,KXBTC15M-26OCT042215-15,0.9650,0.01,no
2026-10-05T02:13:15.81767Z,KXBTC15M-26OCT042215-15,0.9660,159.63,yes
2026-10-05T02:13:15.81767Z,KXBTC15M-26OCT042215-15,0.9660,9.00,yes
2026-10-05T02:13:15.81767Z,KXBTC15M-26OCT042215-15,0.9660,135.60,yes
2026-10-05T02:13:15.81767Z,KXBTC15M-26OCT042215-15,0.9660,100.00,yes
2026-10-05T02:13:15.839953Z,KXBTC15M-26OCT042215-15,0.9650,0.01,no
2026-10-05T02:13:15.839953Z,KXBTC15M-26OCT042215-15,0.9650,2.00,no
2026-10-05T02:13:15.839953Z,KXBTC15M-26OCT042215-15,0.9650,233.25,no
2026-10-05T02:13:15.839953Z,KXBTC15M-26OCT042215-15,0.9650,18.00,no
2026-10-05T02:13:15.839953Z,KXBTC15M-26OCT042215-15,0.9650,0.01,no
2026-10-05T02:13:15.839953Z,KXBTC15M-26OCT042215-15,0.9640,178.49,no
2026-10-05T02:13:15.932663Z,KXBTC15M-26OCT042215-15,0.9660,1.03,yes
2026-10-05T02:13:15.933208Z,KXBTC15M-26OCT042215-15,0.9650,0.01,no
2026-10-05T02:13:15.933208Z,KXBTC15M-26OCT042215-15,0.9650,0.01,no
2026-10-05T02:13:15.933208Z,KXBTC15M-26OCT042215-15,0.9640,5.42,no
2026-10-05T02:13:15.952754Z,KXBTC15M-26OCT042215-15,0.9640,0.01,no
2026-10-05T02:13:15.952754Z,KXBTC15M-26OCT042215-15,0.9640,0.01,no
2026-10-05T02:13:15.952754Z,KXBTC15M-26OCT042215-15,0.9640,43.92,no
2026-10-05T02:13:15.952754Z,KXBTC15M-26OCT042215-15,0.9640,57.69,no
2026-10-05T02:13:15.952754Z,KXBTC15M-26OCT042215-15,0.9640,0.04,no
2026-10-05T02:13:15.955378Z,KXBTC15M-26OCT042215-15,0.9640,106.08,no
2026-10-05T02:13:15.955378Z,KXBTC15M-26OCT042215-15,0.9640,23.78,no
2026-10-05T02:13:15.957427Z,KXBTC15M-26OCT042215-15,0.9640,25.78,no
2026-10-05T02:13:15.959726Z,KXBTC15M-26OCT042215-15,0.9650,5.25,yes
2026-10-05T02:13:15.99Z,KXBTC15M-26OCT042215-15,0.9630,31.33,no
2026-10-05T02:13:15.99Z,KXBTC15M-26OCT042215-15,0.9640,150.00,no
2026-10-05T02:13:15.99Z,KXBTC15M-26OCT042215-15,0.9630,13.00,no
2026-10-05T02:13:15.99Z,KXBTC15M-26OCT042215-15,0.9640,1.04,no
2026-10-05T02:13:16.018535Z,KXBTC15M-26OCT042215-15,0.9640,50.00,yes
2026-10-05T02:13:16.023535Z,KXBTC15M-26OCT042215-15,0.9640,80.13,yes
2026-10-05T02:13:16.104744Z,KXBTC15M-26OCT042215-15,0.9640,128.96,yes
2026-10-05T02:13:16.147603Z,KXBTC15M-26OCT042215-15,0.9700,11.78,yes
2026-10-05T02:13:16.147603Z,KXBTC15M-26OCT042215-15,0.9700,50.00,yes
2026-10-05T02:13:16.147603Z,KXBTC15M-26OCT042215-15,0.9640,200.00,yes
2026-10-05T02:13:16.147603Z,KXBTC15M-26OCT042215-15,0.9640,0.01,yes
2026-10-05T02:13:16.147603Z,KXBTC15M-26OCT042215-15,0.9640,400.00,yes
2026-10-05T02:13:16.147603Z,KXBTC15M-26OCT042215-15,0.9670,9.00,yes
2026-10-05T02:13:16.147603Z,KXBTC15M-26OCT042215-15,0.9640,100.00,yes
2026-10-05T02:13:16.147603Z,KXBTC15M-26OCT042215-15,0.9640,0.01,yes
2026-10-05T02:13:16.147603Z,KXBTC15M-26OCT042215-15,0.9680,76.00,yes
2026-10-05T02:13:16.147603Z,KXBTC15M-26OCT042215-15,0.9670,2.00,yes
2026-10-05T02:13:16.147603Z,KXBTC15M-26OCT042215-15,0.9690,2.00,yes
2026-10-05T02:13:16.147603Z,KXBTC15M-26OCT042215-15,0.9640,371.04,yes
2026-10-05T02:13:16.147603Z,KXBTC15M-26OCT042215-15,0.9650,151.75,yes
2026-10-05T02:13:16.147603Z,KXBTC15M-26OCT042215-15,0.9680,2.00,yes
2026-10-05T02:13:16.147603Z,KXBTC15M-26OCT042215-15,0.9650,200.00,yes
2026-10-05T02:13:16.147603Z,KXBTC15M-26OCT042215-15,0.9680,516.00,yes
2026-10-05T02:13:16.147603Z,KXBTC15M-26OCT042215-15,0.9640,500.00,yes
2026-10-05T02:13:16.147603Z,KXBTC15M-26OCT042215-15,0.9690,708.00,yes
2026-10-05T02:13:16.147603Z,KXBTC15M-26OCT042215-15,0.9690,2.00,yes
2026-10-05T02:13:16.170049Z,KXBTC15M-26OCT042215-15,0.9640,150.00,no
2026-10-05T02:13:16.170049Z,KXBTC15M-26OCT042215-15,0.9640,109.53,no
2026-10-05T02:13:16.170049Z,KXBTC15M-26OCT042215-15,0.9640,2.00,no
2026-10-05T02:13:16.183452Z,KXBTC15M-26OCT042215-15,0.9670,0.01,yes
2026-10-05T02:13:16.183452Z,KXBTC15M-26OCT042215-15,0.9650,0.01,yes
2026-10-05T02:13:16.183452Z,KXBTC15M-26OCT042215-15,0.9670,2.04,yes
2026-10-05T02:13:16.208052Z,KXBTC15M-26OCT042215-15,0.9650,0.01,yes
2026-10-05T02:13:16.208052Z,KXBTC15M-26OCT042215-15,0.9650,10.90,yes
2026-10-05T02:13:16.208052Z,KXBTC15M-26OCT042215-15,0.9650,0.01,yes
2026-10-05T02:13:16.281505Z,KXBTC15M-26OCT042215-15,0.9650,0.01,yes
2026-10-05T02:13:16.281505Z,KXBTC15M-26OCT042215-15,0.9650,400.00,yes
2026-10-05T02:13:16.281505Z,KXBTC15M-26OCT042215-15,0.9650,0.01,yes
2026-10-05T02:13:16.281505Z,KXBTC15M-26OCT042215-15,0.9650,49.98,yes
2026-10-05T02:13:16.328596Z,KXBTC15M-26OCT042215-15,0.9650,47.00,yes
2026-10-05T02:13:16.380806Z,KXBTC15M-26OCT042215-15,0.9650,0.01,yes
2026-10-05T02:13:16.380806Z,KXBTC15M-26OCT042215-15,0.9650,23.77,yes
2026-10-05T02:13:16.380806Z,KXBTC15M-26OCT042215-15,0.9650,3.02,yes
2026-10-05T02:13:16.380806Z,KXBTC15M-26OCT042215-15,0.9650,0.01,yes
2026-10-05T02:13:16.401304Z,KXBTC15M-26OCT042215-15,0.9650,0.01,yes
2026-10-05T02:13:16.401304Z,KXBTC15M-26OCT042215-15,0.9690,75.00,yes
2026-10-05T02:13:16.401304Z,KXBTC15M-26OCT042215-15,0.9690,108.78,yes
2026-10-05T02:13:16.401304Z,KXBTC15M-26OCT042215-15,0.9650,0.01,yes
2026-10-05T02:13:16.401304Z,KXBTC15M-26OCT042215-15,0.9690,9.00,yes
2026-10-05T02:13:16.401304Z,KXBTC15M-26OCT042215-15,0.9690,10.00,yes
2026-10-05T02:13:16.40829Z,KXBTC15M-26OCT042215-15,0.9640,0.21,no
2026-10-05T02:13:16.40829Z,KXBTC15M-26OCT042215-15,0.9640,0.01,no
2026-10-05T02:13:16.423004Z,KXBTC15M-26OCT042215-15,0.9680,1.00,yes
2026-10-05T02:13:16.423004Z,KXBTC15M-26OCT042215-15,0.9680,1.00,yes
2026-10-05T02:13:16.423004Z,KXBTC15M-26OCT042215-15,0.9690,23.32,yes
2026-10-05T02:13:16.423004Z,KXBTC15M-26OCT042215-15,0.9680,0.01,yes
2026-10-05T02:13:16.423004Z,KXBTC15M-26OCT042215-15,0.9680,0.01,yes
2026-10-05T02:13:16.478232Z,KXBTC15M-26OCT042215-15,0.9640,326.13,no
2026-10-05T02:13:16.478232Z,KXBTC15M-26OCT042215-15,0.9640,9.79,no
2026-10-05T02:13:16.478232Z,KXBTC15M-26OCT042215-15,0.9640,0.01,no
2026-10-05T02:13:16.478232Z,KXBTC15M-26OCT042215-15,0.9640,6.00,no
2026-10-05T02:13:16.488114Z,KXBTC15M-26OCT042215-15,0.9640,13.92,no
2026-10-05T02:13:16.494435Z,KXBTC15M-26OCT042215-15,0.9640,51.80,no
2026-10-05T02:13:16.509983Z,KXBTC15M-26OCT042215-15,0.9640,1.01,no
2026-10-05T02:13:16.580655Z,KXBTC15M-26OCT042215-15,0.9640,50.64,no
2026-10-05T02:13:16.590982Z,KXBTC15M-26OCT042215-15,0.9640,0.26,no
2026-10-05T02:13:16.615775Z,KXBTC15M-26OCT042215-15,0.9640,0.78,no
2026-10-05T02:13:16.673782Z,KXBTC15M-26OCT042215-15,0.9640,23.46,no
2026-10-05T02:13:16.673782Z,KXBTC15M-26OCT042215-15,0.9640,230.05,no
2026-10-05T02:13:16.714426Z,KXBTC15M-26OCT042215-15,0.9650,0.01,yes
2026-10-05T02:13:16.714426Z,KXBTC15M-26OCT042215-15,0.9650,0.01,yes
2026-10-05T02:13:16.714426Z,KXBTC15M-26OCT042215-15,0.9650,38.62,yes
2026-10-05T02:13:16.716012Z,KXBTC15M-26OCT042215-15,0.9650,2.06,yes
2026-10-05T02:13:16.716623Z,KXBTC15M-26OCT042215-15,0.9640,8.32,no
2026-10-05T02:13:16.728504Z,KXBTC15M-26OCT042215-15,0.9640,52.04,no
2026-10-05T02:13:16.748338Z,KXBTC15M-26OCT042215-15,0.9650,25.37,yes
2026-10-05T02:13:16.775818Z,KXBTC15M-26OCT042215-15,0.9640,11.03,no
2026-10-05T02:13:16.827358Z,KXBTC15M-26OCT042215-15,0.9650,7.74,yes
2026-10-05T02:13:16.840994Z,KXBTC15M-26OCT042215-15,0.9640,25.78,no
2026-10-05T02:13:16.886Z,KXBTC15M-26OCT042215-15,0.9650,25.84,yes
2026-10-05T02:13:16.925015Z,KXBTC15M-26OCT042215-15,0.9650,178.00,yes
2026-10-05T02:13:16.942701Z,KXBTC15M-26OCT042215-15,0.9650,0.01,yes
2026-10-05T02:13:16.942701Z,KXBTC15M-26OCT042215-15,0.9650,3.08,yes
2026-10-05T02:13:16.942701Z,KXBTC15M-26OCT042215-15,0.9650,0.01,yes
2026-10-05T02:13:16.946715Z,KXBTC15M-26OCT042215-15,0.9650,7.76,yes
2026-10-05T02:13:16.949833Z,KXBTC15M-26OCT042215-15,0.9650,7.55,yes
2026-10-05T02:13:16.96394Z,KXBTC15M-26OCT042215-15,0.9640,5.20,no
2026-10-05T02:13:16.977774Z,KXBTC15M-26OCT042215-15,0.9650,82.67,yes
2026-10-05T02:13:16.977774Z,KXBTC15M-26OCT042215-15,0.9650,0.01,yes
2026-10-05T02:13:16.977774Z,KXBTC15M-26OCT042215-15,0.9650,0.01,yes
2026-10-05T02:13:16.996613Z,KXBTC15M-26OCT042215-15,0.9700,3.22,yes
2026-10-05T02:13:16.996613Z,KXBTC15M-26OCT042215-15,0.9690,9.00,yes
2026-10-05T02:13:16.996613Z,KXBTC15M-26OCT042215-15,0.9650,0.01,yes
2026-10-05T02:13:16.996613Z,KXBTC15M-26OCT042215-15,0.9650,0.01,yes
2026-10-05T02:13:16.996613Z,KXBTC15M-26OCT042215-15,0.9650,317.33,yes
2026-10-05T02:13:16.996613Z,KXBTC15M-26OCT042215-15,0.9650,100.00,yes
2026-10-05T02:13:16.996613Z,KXBTC15M-26OCT042215-15,0.9690,75.00,yes
2026-10-05T02:13:16.996613Z,KXBTC15M-26OCT042215-15,0.9700,1030.22,yes
2026-10-05T02:13:17.007757Z,KXBTC15M-26OCT042215-15,0.9690,1.00,yes
2026-10-05T02:13:17.007757Z,KXBTC15M-26OCT042215-15,0.9700,32.68,yes
2026-10-05T02:13:17.027246Z,KXBTC15M-26OCT042215-15,0.9670,52.04,no
2026-10-05T02:13:17.039598Z,KXBTC15M-26OCT042215-15,0.9690,48.07,yes
2026-10-05T02:13:17.039598Z,KXBTC15M-26OCT042215-15,0.9690,200.00,yes
2026-10-05T02:13:17.039598Z,KXBTC15M-26OCT042215-15,0.9690,0.01,yes
2026-10-05T02:13:17.039598Z,KXBTC15M-26OCT042215-15,0.9690,0.01,yes
2026-10-05T02:13:17.05043Z,KXBTC15M-26OCT042215-15,0.9670,1.82,no
2026-10-05T02:13:17.053718Z,KXBTC15M-26OCT042215-15,0.9690,5.78,yes
2026-10-05T02:13:17.077007Z,KXBTC15M-26OCT042215-15,0.9670,260.21,no
2026-10-05T02:13:17.090743Z,KXBTC15M-26OCT042215-15,0.9670,24.58,no
2026-10-05T02:13:17.116754Z,KXBTC15M-26OCT042215-15,0.9680,25.63,no
2026-10-05T02:13:17.159733Z,KXBTC15M-26OCT042215-15,0.9690,6.90,yes
2026-10-05T02:13:17.159733Z,KXBTC15M-26OCT042215-15,0.9690,3.22,yes
2026-10-05T02:13:17.160584Z,KXBTC15M-26OCT042215-15,0.9690,15.19,yes
2026-10-05T02:13:17.190309Z,KXBTC15M-26OCT042215-15,0.9690,326.78,yes
2026-10-05T02:13:17.190309Z,KXBTC15M-26OCT042215-15,0.9690,377.91,yes
2026-10-05T02:13:17.190309Z,KXBTC15M-26OCT042215-15,0.9690,0.01,yes
2026-10-05T02:13:17.190309Z,KXBTC15M-26OCT042215-15,0.9690,200.00,yes
2026-10-05T02:13:17.190309Z,KXBTC15M-26OCT042215-15,0.9690,5.78,yes
2026-10-05T02:13:17.190309Z,KXBTC15M-26OCT042215-15,0.9690,100.00,yes
2026-10-05T02:13:17.190309Z,KXBTC15M-26OCT042215-15,0.9690,0.01,yes
2026-10-05T02:13:17.19342Z,KXBTC15M-26OCT042215-15,0.9680,1.30,no
2026-10-05T02:13:17.199392Z,KXBTC15M-26OCT042215-15,0.9690,0.35,yes
2026-10-05T02:13:17.20236Z,KXBTC15M-26OCT042215-15,0.9690,499.65,yes
2026-10-05T02:13:17.20236Z,KXBTC15M-26OCT042215-15,0.9690,0.01,yes
2026-10-05T02:13:17.20236Z,KXBTC15M-26OCT042215-15,0.9690,45.63,yes
2026-10-05T02:13:17.20236Z,KXBTC15M-26OCT042215-15,0.9690,3.22,yes
2026-10-05T02:13:17.227043Z,KXBTC15M-26OCT042215-15,0.9690,2.01,yes
2026-10-05T02:13:17.234036Z,KXBTC15M-26OCT042215-15,0.9690,102.98,yes
2026-10-05T02:13:17.234036Z,KXBTC15M-26OCT042215-15,0.9690,0.01,yes
2026-10-05T02:13:17.234036Z,KXBTC15M-26OCT042215-15,0.9690,52.36,yes
2026-10-05T02:13:17.234036Z,KXBTC15M-26OCT042215-15,0.9690,5.78,yes
2026-10-05T02:13:17.268241Z,KXBTC15M-26OCT042215-15,0.9680,10.66,no
2026-10-05T02:13:17.271629Z,KXBTC15M-26OCT042215-15,0.9690,5.05,yes
2026-10-05T02:13:17.272889Z,KXBTC15M-26OCT042215-15,0.9690,73.04,yes
2026-10-05T02:13:17.282985Z,KXBTC15M-26OCT042215-15,0.9690,18.37,yes
2026-10-05T02:13:17.283421Z,KXBTC15M-26OCT042215-15,0.9690,8.12,yes
2026-10-05T02:13:17.283421Z,KXBTC15M-26OCT042215-15,0.9690,0.56,yes
2026-10-05T02:13:17.283661Z,KXBTC15M-26OCT042215-15,0.9690,48.98,yes
2026-10-05T02:13:17.300293Z,KXBTC15M-26OCT042215-15,0.9690,4.31,yes
2026-10-05T02:13:17.339251Z,KXBTC15M-26OCT042215-15,0.9680,56.76,no
2026-10-05T02:13:17.339729Z,KXBTC15M-26OCT042215-15,0.9700,1.10,yes
2026-10-05T02:13:17.339729Z,KXBTC15M-26OCT042215-15,0.9690,5.78,yes
2026-10-05T02:13:17.339729Z,KXBTC15M-26OCT042215-15,0.9690,0.01,yes
2026-10-05T02:13:17.339729Z,KXBTC15M-26OCT042215-15,0.9690,3.22,yes
2026-10-05T02:13:17.339729Z,KXBTC15M-26OCT042215-15,0.9690,0.01,yes
2026-10-05T02:13:17.356249Z,KXBTC15M-26OCT042215-15,0.9690,1.00,yes
2026-10-05T02:13:17.360267Z,KXBTC15M-26OCT042215-15,0.9680,13.01,no
2026-10-05T02:13:17.377144Z,KXBTC15M-26OCT042215-15,0.9680,130.11,no
2026-10-05T02:13:17.382298Z,KXBTC15M-26OCT042215-15,0.9700,4.39,yes
2026-10-05T02:13:17.382298Z,KXBTC15M-26OCT042215-15,0.9690,0.01,yes
2026-10-05T02:13:17.382298Z,KXBTC15M-26OCT042215-15,0.9690,0.01,yes
2026-10-05T02:13:17.382298Z,KXBTC15M-26OCT042215-15,0.9690,1.00,yes
2026-10-05T02:13:17.382298Z,KXBTC15M-26OCT042215-15,0.9690,8.00,yes
2026-10-05T02:13:17.386626Z,KXBTC15M-26OCT042215-15,0.9700,7.87,yes
2026-10-05T02:13:17.433168Z,KXBTC15M-26OCT042215-15,0.9690,9.00,yes
2026-10-05T02:13:17.433168Z,KXBTC15M-26OCT042215-15,0.9690,0.01,yes
2026-10-05T02:13:17.433168Z,KXBTC15M-26OCT042215-15,0.9690,2.78,yes
2026-10-05T02:13:17.433168Z,KXBTC15M-26OCT042215-15,0.9690,0.01,yes
2026-10-05T02:13:17.43386Z,KXBTC15M-26OCT042215-15,0.9680,48.06,no
2026-10-05T02:13:17.459336Z,KXBTC15M-26OCT042215-15,0.9680,10.00,no
2026-10-05T02:13:17.478526Z,KXBTC15M-26OCT042215-15,0.9680,9.08,no
2026-10-05T02:13:17.521712Z,KXBTC15M-26OCT042215-15,0.9690,1.02,yes
2026-10-05T02:13:17.568186Z,KXBTC15M-26OCT042215-15,0.9680,0.02,no
2026-10-05T02:13:17.568186Z,KXBTC15M-26OCT042215-15,0.9680,0.01,no
2026-10-05T02:13:17.568186Z,KXBTC15M-26OCT042215-15,0.9680,0.01,no
2026-10-05T02:13:17.568186Z,KXBTC15M-26OCT042215-15,0.9680,0.96,no
2026-10-05T02:13:17.569491Z,KXBTC15M-26OCT042215-15,0.9690,10.44,yes
2026-10-05T02:13:17.582917Z,KXBTC15M-26OCT042215-15,0.9680,57.50,no
2026-10-05T02:13:17.700031Z,KXBTC15M-26OCT042215-15,0.9690,2.05,yes
2026-10-05T02:13:17.722627Z,KXBTC15M-26OCT042215-15,0.9690,51.01,yes
2026-10-05T02:13:17.749666Z,KXBTC15M-26OCT042215-15,0.9690,10.10,yes
2026-10-05T02:13:17.916347Z,KXBTC15M-26OCT042215-15,0.9690,30.89,yes
2026-10-05T02:13:17.927584Z,KXBTC15M-26OCT042215-15,0.9680,2.60,no
2026-10-05T02:13:17.944198Z,KXBTC15M-26OCT042215-15,0.9690,500.00,yes
2026-10-05T02:13:17.944198Z,KXBTC15M-26OCT042215-15,0.9700,2081.95,yes
2026-10-05T02:13:17.944198Z,KXBTC15M-26OCT042215-15,0.9690,500.00,yes
2026-10-05T02:13:17.944198Z,KXBTC15M-26OCT042215-15,0.9690,9.00,yes
2026-10-05T02:13:17.944198Z,KXBTC15M-26OCT042215-15,0.9690,0.01,yes
2026-10-05T02:13:17.944198Z,KXBTC15M-26OCT042215-15,0.9690,100.00,yes
2026-10-05T02:13:17.944198Z,KXBTC15M-26OCT042215-15,0.9690,354.00,yes
2026-10-05T02:13:17.944198Z,KXBTC15M-26OCT042215-15,0.9690,294.49,yes
2026-10-05T02:13:17.944198Z,KXBTC15M-26OCT042215-15,0.9690,75.00,yes
2026-10-05T02:13:17.944198Z,KXBTC15M-26OCT042215-15,0.9690,0.01,yes
2026-10-05T02:13:17.955517Z,KXBTC15M-26OCT042215-15,0.9680,89.90,no
2026-10-05T02:13:17.955517Z,KXBTC15M-26OCT042215-15,0.9680,0.02,no
2026-10-05T02:13:17.955517Z,KXBTC15M-26OCT042215-15,0.9670,110.06,no
2026-10-05T02:13:17.955517Z,KXBTC15M-26OCT042215-15,0.9680,0.01,no
2026-10-05T02:13:17.955517Z,KXBTC15M-26OCT042215-15,0.9680,200.00,no
2026-10-05T02:13:17.955517Z,KXBTC15M-26OCT042215-15,0.9680,0.01,no
2026-10-05T02:13:17.955517Z,KXBTC15M-26OCT042215-15,0.9680,100.00,no
2026-10-05T02:13:17.963485Z,KXBTC15M-26OCT042215-15,0.9680,373.81,no
2026-10-05T02:13:17.963485Z,KXBTC15M-26OCT042215-15,0.9680,100.00,no
2026-10-05T02:13:17.963485Z,KXBTC15M-26OCT042215-15,0.9670,550.48,no
2026-10-05T02:13:17.966568Z,KXBTC15M-26OCT042215-15,0.9680,11.32,no
2026-10-05T02:13:18.00741Z,KXBTC15M-26OCT042215-15,0.9690,8.66,yes
2026-10-05T02:13:18.021908Z,KXBTC15M-26OCT042215-15,0.9680,7.60,no
2026-10-05T02:13:18.065908Z,KXBTC15M-26OCT042215-15,0.9680,146.33,no
2026-10-05T02:13:18.06672Z,KXBTC15M-26OCT042215-15,0.9680,2.92,no
2026-10-05T02:13:18.081457Z,KXBTC15M-26OCT042215-15,0.9680,1.46,no
2026-10-05T02:13:18.104829Z,KXBTC15M-26OCT042215-15,0.9680,29.31,no
2026-10-05T02:13:18.104829Z,KXBTC15M-26OCT042215-15,0.9680,0.01,no
2026-10-05T02:13:18.108199Z,KXBTC15M-26OCT042215-15,0.9680,20.00,no
2026-10-05T02:13:18.168291Z,KXBTC15M-26OCT042215-15,0.9680,29.26,no
2026-10-05T02:13:18.194198Z,KXBTC15M-26OCT042215-15,0.9690,8.66,yes
2026-10-05T02:13:18.194198Z,KXBTC15M-26OCT042215-15,0.9690,28.68,yes
2026-10-05T02:13:18.194198Z,KXBTC15M-26OCT042215-15,0.9690,0.01,yes
2026-10-05T02:13:18.194198Z,KXBTC15M-26OCT042215-15,0.9690,0.34,yes
2026-10-05T02:13:18.194198Z,KXBTC15M-26OCT042215-15,0.9690,0.01,yes
2026-10-05T02:13:18.235911Z,KXBTC15M-26OCT042215-15,0.9680,29.26,no
2026-10-05T02:13:18.316525Z,KXBTC15M-26OCT042215-15,0.9680,29.26,no
2026-10-05T02:13:18.326627Z,KXBTC15M-26OCT042215-15,0.9690,25.56,yes
2026-10-05T02:13:18.32748Z,KXBTC15M-26OCT042215-15,0.9680,16.34,no
2026-10-05T02:13:18.32748Z,KXBTC15M-26OCT042215-15,0.9680,12.91,no
2026-10-05T02:13:18.32748Z,KXBTC15M-26OCT042215-15,0.9680,0.01,no
2026-10-05T02:13:18.348857Z,KXBTC15M-26OCT042215-15,0.9680,16.34,no
2026-10-05T02:13:18.348857Z,KXBTC15M-26OCT042215-15,0.9680,183.66,no
2026-10-05T02:13:18.365602Z,KXBTC15M-26OCT042215-15,0.9680,1.26,no
2026-10-05T02:13:18.365602Z,KXBTC15M-26OCT042215-15,0.9680,302.49,no
2026-10-05T02:13:18.365602Z,KXBTC15M-26OCT042215-15,0.9680,11.00,no
2026-10-05T02:13:18.370699Z,KXBTC15M-26OCT042215-15,0.9680,29.26,no
2026-10-05T02:13:18.377961Z,KXBTC15M-26OCT042215-15,0.9680,14.63,no
2026-10-05T02:13:18.391904Z,KXBTC15M-26OCT042215-15,0.9690,10.97,yes
2026-10-05T02:13:18.466542Z,KXBTC15M-26OCT042215-15,0.9680,150.00,no
2026-10-05T02:13:18.471856Z,KXBTC15M-26OCT042215-15,0.9690,7.31,yes
2026-10-05T02:13:18.487984Z,KXBTC15M-26OCT042215-15,0.9690,94.50,yes
2026-10-05T02:13:18.548907Z,KXBTC15M-26OCT042215-15,0.9680,50.00,no
2026-10-05T02:13:18.592606Z,KXBTC15M-26OCT042215-15,0.9690,4.11,yes
2026-10-05T02:13:18.605123Z,KXBTC15M-26OCT042215-15,0.9690,1.02,yes
2026-10-05T02:13:18.606986Z,KXBTC15M-26OCT042215-15,0.9690,73.45,yes
2026-10-05T02:13:18.606986Z,KXBTC15M-26OCT042215-15,0.9690,0.01,yes
2026-10-05T02:13:18.606986Z,KXBTC15M-26OCT042215-15,0.9690,0.01,yes
2026-10-05T02:13:18.606986Z,KXBTC15M-26OCT042215-15,0.9690,256.53,yes
2026-10-05T02:13:18.606986Z,KXBTC15M-26OCT042215-15,0.9690,9.00,yes
2026-10-05T02:13:18.606986Z,KXBTC15M-26OCT042215-15,0.9690,100.00,yes
2026-10-05T02:13:18.640234Z,KXBTC15M-26OCT042215-15,0.9690,102.38,yes
2026-10-05T02:13:18.665165Z,KXBTC15M-26OCT042215-15,0.9690,2.45,yes
2026-10-05T02:13:18.671474Z,KXBTC15M-26OCT042215-15,0.9690,3.07,yes
2026-10-05T02:13:18.697862Z,KXBTC15M-26OCT042215-15,0.9680,14.63,no
2026-10-05T02:13:18.704319Z,KXBTC15M-26OCT042215-15,0.9700,1619.97,yes
2026-10-05T02:13:18.704319Z,KXBTC15M-26OCT042215-15,0.9690,9.00,yes
2026-10-05T02:13:18.704319Z,KXBTC15M-26OCT042215-15,0.9690,100.00,yes
2026-10-05T02:13:18.704319Z,KXBTC15M-26OCT042215-15,0.9690,318.65,yes
2026-10-05T02:13:18.704319Z,KXBTC15M-26OCT042215-15,0.9690,400.00,yes
2026-10-05T02:13:18.704319Z,KXBTC15M-26OCT042215-15,0.9690,200.00,yes
2026-10-05T02:13:18.704319Z,KXBTC15M-26OCT042215-15,0.9690,198.51,yes
2026-10-05T02:13:18.704319Z,KXBTC15M-26OCT042215-15,0.9690,0.01,yes
2026-10-05T02:13:18.704319Z,KXBTC15M-26OCT042215-15,0.9690,0.01,yes
2026-10-05T02:13:18.704319Z,KXBTC15M-26OCT042215-15,0.9690,75.00,yes
2026-10-05T02:13:18.724539Z,KXBTC15M-26OCT042215-15,0.9690,101.05,yes
2026-10-05T02:13:18.740715Z,KXBTC15M-26OCT042215-15,0.9680,0.02,no
2026-10-05T02:13:18.740715Z,KXBTC15M-26OCT042215-15,0.9680,129.00,no
2026-10-05T02:13:18.740715Z,KXBTC15M-26OCT042215-15,0.9680,0.01,no
2026-10-05T02:13:18.740715Z,KXBTC15M-26OCT042215-15,0.9680,17.30,no
2026-10-05T02:13:18.776305Z,KXBTC15M-26OCT042215-15,0.9680,2.92,no
2026-10-05T02:13:18.77948Z,KXBTC15M-26OCT042215-15,0.9680,56.34,no
2026-10-05T02:13:18.781228Z,KXBTC15M-26OCT042215-15,0.9680,38.44,no
2026-10-05T02:13:18.792056Z,KXBTC15M-26OCT042215-15,0.9690,2.05,yes
2026-10-05T02:13:18.799558Z,KXBTC15M-26OCT042215-15,0.9690,7.25,yes
2026-10-05T02:13:18.806594Z,KXBTC15M-26OCT042215-15,0.9690,51.48,yes
2026-10-05T02:13:18.823338Z,KXBTC15M-26OCT042215-15,0.9690,62.92,yes
2026-10-05T02:13:18.832733Z,KXBTC15M-26OCT042215-15,0.9690,146.22,yes
2026-10-05T02:13:18.839441Z,KXBTC15M-26OCT042215-15,0.9680,2.92,no
2026-10-05T02:13:18.86621Z,KXBTC15M-26OCT042215-15,0.9680,29.26,no
2026-10-05T02:13:18.889144Z,KXBTC15M-26OCT042215-15,0.9680,58.53,no
2026-10-05T02:13:18.904692Z,KXBTC15M-26OCT042215-15,0.9690,129.03,yes
2026-10-05T02:13:18.904692Z,KXBTC15M-26OCT042215-15,0.9690,0.01,yes
2026-10-05T02:13:18.904692Z,KXBTC15M-26OCT042215-15,0.9690,9.00,yes
2026-10-05T02:13:18.904692Z,KXBTC15M-26OCT042215-15,0.9690,67.10,yes
2026-10-05T02:13:18.904692Z,KXBTC15M-26OCT042215-15,0.9690,0.01,yes
2026-10-05T02:13:18.9122Z,KXBTC15M-26OCT042215-15,0.9680,29.26,no
2026-10-05T02:13:19.020426Z,KXBTC15M-26OCT042215-15,0.9680,143.03,no
2026-10-05T02:13:19.020426Z,KXBTC15M-26OCT042215-15,0.9680,176.92,no
2026-10-05T02:13:19.020426Z,KXBTC15M-26OCT042215-15,0.9680,0.01,no
2026-10-05T02:13:19.037447Z,KXBTC15M-26OCT042215-15,0.9680,4.00,no
2026-10-05T02:13:19.057332Z,KXBTC15M-26OCT042215-15,0.9690,2.65,yes
2026-10-05T02:13:19.058668Z,KXBTC15M-26OCT042215-15,0.9690,67.78,yes
2026-10-05T02:13:19.058668Z,KXBTC15M-26OCT042215-15,0.9690,30.25,yes
2026-10-05T02:13:19.129953Z,KXBTC15M-26OCT042215-15,0.9680,9.98,no
2026-10-05T02:13:19.129953Z,KXBTC15M-26OCT042215-15,0.9680,19.08,no
2026-10-05T02:13:19.212903Z,KXBTC15M-26OCT042215-15,0.9690,5.14,yes
2026-10-05T02:13:19.230821Z,KXBTC15M-26OCT042215-15,0.9680,29.26,no
2026-10-05T02:13:19.308883Z,KXBTC15M-26OCT042215-15,0.9680,0.02,no
2026-10-05T02:13:19.308883Z,KXBTC15M-26OCT042215-15,0.9680,0.01,no
2026-10-05T02:13:19.308883Z,KXBTC15M-26OCT042215-15,0.9680,25.22,no
2026-10-05T02:13:19.308883Z,KXBTC15M-26OCT042215-15,0.9680,0.01,no
2026-10-05T02:13:19.308883Z,KXBTC15M-26OCT042215-15,0.9680,2.00,no
2026-10-05T02:13:19.308883Z,KXBTC15M-26OCT042215-15,0.9680,2.00,no
2026-10-05T02:13:19.309981Z,KXBTC15M-26OCT042215-15,0.9680,14.63,no
2026-10-05T02:13:19.328086Z,KXBTC15M-26OCT042215-15,0.9680,29.26,no
2026-10-05T02:13:19.328427Z,KXBTC15M-26OCT042215-15,0.9690,3.46,yes
2026-10-05T02:13:19.375486Z,KXBTC15M-26OCT042215-15,0.9680,58.53,no
2026-10-05T02:13:19.377186Z,KXBTC15M-26OCT042215-15,0.9690,50.00,yes
2026-10-05T02:13:19.382608Z,KXBTC15M-26OCT042215-15,0.9680,14.63,no
2026-10-05T02:13:19.384521Z,KXBTC15M-26OCT042215-15,0.9680,7.73,no
2026-10-05T02:13:19.384521Z,KXBTC15M-26OCT042215-15,0.9680,0.01,no
2026-10-05T02:13:19.384521Z,KXBTC15M-26OCT042215-15,0.9670,16.90,no
2026-10-05T02:13:19.384521Z,KXBTC15M-26OCT042215-15,0.9680,0.01,no
2026-10-05T02:13:19.384521Z,KXBTC15M-26OCT042215-15,0.9670,2.00,no
2026-10-05T02:13:19.384521Z,KXBTC15M-26OCT042215-15,0.9670,2.00,no
2026-10-05T02:13:19.384521Z,KXBTC15M-26OCT042215-15,0.9670,0.02,no
2026-10-05T02:13:19.407004Z,KXBTC15M-26OCT042215-15,0.9680,2.00,no
2026-10-05T02:13:19.407004Z,KXBTC15M-26OCT042215-15,0.9680,16.00,no
2026-10-05T02:13:19.407004Z,KXBTC15M-26OCT042215-15,0.9680,2.00,no
2026-10-05T02:13:19.44914Z,KXBTC15M-26OCT042215-15,0.9670,0.01,no
2026-10-05T02:13:19.44914Z,KXBTC15M-26OCT042215-15,0.9670,0.01,no
2026-10-05T02:13:19.44914Z,KXBTC15M-26OCT042215-15,0.9670,2.00,no
2026-10-05T02:13:19.44914Z,KXBTC15M-26OCT042215-15,0.9680,0.01,no
2026-10-05T02:13:19.44914Z,KXBTC15M-26OCT042215-15,0.9680,134.00,no
2026-10-05T02:13:19.44914Z,KXBTC15M-26OCT042215-15,0.9680,0.01,no
2026-10-05T02:13:19.44914Z,KXBTC15M-26OCT042215-15,0.9670,2.00,no
2026-10-05T02:13:19.44914Z,KXBTC15M-26OCT042215-15,0.9660,2.00,no
2026-10-05T02:13:19.44914Z,KXBTC15M-26OCT042215-15,0.9660,3.36,no
2026-10-05T02:13:19.490788Z,KXBTC15M-26OCT042215-15,0.9690,70.47,yes
2026-10-05T02:13:19.536181Z,KXBTC15M-26OCT042215-15,0.9680,0.01,no
2026-10-05T02:13:19.536181Z,KXBTC15M-26OCT042215-15,0.9680,0.01,no
2026-10-05T02:13:19.566092Z,KXBTC15M-26OCT042215-15,0.9670,174.90,yes
2026-10-05T02:13:19.566092Z,KXBTC15M-26OCT042215-15,0.9670,0.01,yes
2026-10-05T02:13:19.566092Z,KXBTC15M-26OCT042215-15,0.9670,236.98,yes
2026-10-05T02:13:19.566092Z,KXBTC15M-26OCT042215-15,0.9670,0.01,yes
2026-10-05T02:13:19.66388Z,KXBTC15M-26OCT042215-15,0.9670,49.04,yes
2026-10-05T02:13:19.66388Z,KXBTC15M-26OCT042215-15,0.9670,25.10,yes
2026-10-05T02:13:19.679664Z,KXBTC15M-26OCT042215-15,0.9670,1.08,yes
2026-10-05T02:13:19.679664Z,KXBTC15M-26OCT042215-15,0.9670,400.00,yes
2026-10-05T02:13:19.679664Z,KXBTC15M-26OCT042215-15,0.9670,0.01,yes
2026-10-05T02:13:19.679664Z,KXBTC15M-26OCT042215-15,0.9670,0.01,yes
2026-10-05T02:13:19.679664Z,KXBTC15M-26OCT042215-15,0.9670,50.96,yes
2026-10-05T02:13:19.723508Z,KXBTC15M-26OCT042215-15,0.9670,127.68,yes
2026-10-05T02:13:19.749312Z,KXBTC15M-26OCT042215-15,0.9670,50.00,yes
2026-10-05T02:13:19.771571Z,KXBTC15M-26OCT042215-15,0.9670,18.14,yes
2026-10-05T02:13:19.79077Z,KXBTC15M-26OCT042215-15,0.9670,2.05,yes
2026-10-05T02:13:19.80074Z,KXBTC15M-26OCT042215-15,0.9670,146.07,yes
2026-10-05T02:13:19.80074Z,KXBTC15M-26OCT042215-15,0.9670,100.00,yes
2026-10-05T02:13:19.80074Z,KXBTC15M-26OCT042215-15,0.9670,0.01,yes
2026-10-05T02:13:19.80074Z,KXBTC15M-26OCT042215-15,0.9670,0.01,yes
2026-10-05T02:13:19.80074Z,KXBTC15M-26OCT042215-15,0.9670,1.05,yes
2026-10-05T02:13:19.808283Z,KXBTC15M-26OCT042215-15,0.9660,40.90,no
2026-10-05T02:13:19.842575Z,KXBTC15M-26OCT042215-15,0.9670,10.28,yes
2026-10-05T02:13:19.842575Z,KXBTC15M-26OCT042215-15,0.9670,0.01,yes
2026-10-05T02:13:19.852178Z,KXBTC15M-26OCT042215-15,0.9670,16.00,yes
2026-10-05T02:13:19.893487Z,KXBTC15M-26OCT042215-15,0.9660,1.00,no
2026-10-05T02:13:19.898025Z,KXBTC15M-26OCT042215-15,0.9670,25.74,yes
2026-10-05T02:13:19.91778Z,KXBTC15M-26OCT042215-15,0.9670,38.17,yes
2026-10-05T02:13:19.953416Z,KXBTC15M-26OCT042215-15,0.9670,0.50,yes
2026-10-05T02:13:19.953416Z,KXBTC15M-26OCT042215-15,0.9670,0.01,yes
2026-10-05T02:13:19.982058Z,KXBTC15M-26OCT042215-15,0.9670,22.70,yes
2026-10-05T02:13:19.985202Z,KXBTC15M-26OCT042215-15,0.9670,34.04,yes
2026-10-05T02:13:20.008044Z,KXBTC15M-26OCT042215-15,0.9670,103.83,yes
2026-10-05T02:13:20.039228Z,KXBTC15M-26OCT042215-15,0.9670,56.63,yes
2026-10-05T02:13:20.102133Z,KXBTC15M-26OCT042215-15,0.9670,9.26,yes
2026-10-05T02:13:20.115798Z,KXBTC15M-26OCT042215-15,0.9670,6.00,yes
2026-10-05T02:13:20.15154Z,KXBTC15M-26OCT042215-15,0.9660,10.83,no
2026-10-05T02:13:20.16109Z,KXBTC15M-26OCT042215-15,0.9690,200.00,yes
2026-10-05T02:13:20.16109Z,KXBTC15M-26OCT042215-15,0.9680,200.00,yes
2026-10-05T02:13:20.16109Z,KXBTC15M-26OCT042215-15,0.9670,224.28,yes
2026-10-05T02:13:20.16109Z,KXBTC15M-26OCT042215-15,0.9670,800.00,yes
2026-10-05T02:13:20.16109Z,KXBTC15M-26OCT042215-15,0.9690,75.00,yes
2026-10-05T02:13:20.16109Z,KXBTC15M-26OCT042215-15,0.9670,0.01,yes
2026-10-05T02:13:20.16109Z,KXBTC15M-26OCT042215-15,0.9670,0.01,yes
2026-10-05T02:13:20.16109Z,KXBTC15M-26OCT042215-15,0.9670,100.00,yes
2026-10-05T02:13:20.16109Z,KXBTC15M-26OCT042215-15,0.9690,354.00,yes
2026-10-05T02:13:20.16109Z,KXBTC15M-26OCT042215-15,0.9700,675.58,yes
2026-10-05T02:13:20.16109Z,KXBTC15M-26OCT042215-15,0.9690,9.00,yes
2026-10-05T02:13:20.191611Z,KXBTC15M-26OCT042215-15,0.9690,9.08,yes
2026-10-05T02:13:20.30359Z,KXBTC15M-26OCT042215-15,0.9690,72.00,yes
2026-10-05T02:13:20.378428Z,KXBTC15M-26OCT042215-15,0.9690,102.97,yes
2026-10-05T02:13:20.409591Z,KXBTC15M-26OCT042215-15,0.9690,10.10,yes
2026-10-05T02:13:20.464743Z,KXBTC15M-26OCT042215-15,0.9690,0.22,yes
2026-10-05T02:13:20.484369Z,KXBTC15M-26OCT042215-15,0.9690,20.55,yes
2026-10-05T02:13:20.484369Z,KXBTC15M-26OCT042215-15,0.9690,133.25,yes
2026-10-05T02:13:20.562508Z,KXBTC15M-26OCT042215-15,0.9680,2.75,no
2026-10-05T02:13:20.671435Z,KXBTC15M-26OCT042215-15,0.9690,5.00,yes
2026-10-05T02:13:20.687454Z,KXBTC15M-26OCT042215-15,0.9690,0.01,yes
2026-10-05T02:13:20.687454Z,KXBTC15M-26OCT042215-15,0.9690,100.00,yes
2026-10-05T02:13:20.687454Z,KXBTC15M-26OCT042215-15,0.9690,253.43,yes
2026-10-05T02:13:20.687454Z,KXBTC15M-26OCT042215-15,0.9690,9.00,yes
2026-10-05T02:13:20.687454Z,KXBTC15M-26OCT042215-15,0.9690,49.45,yes
2026-10-05T02:13:20.687454Z,KXBTC15M-26OCT042215-15,0.9690,0.01,yes
2026-10-05T02:13:20.694744Z,KXBTC15M-26OCT042215-15,0.9690,2.01,yes
2026-10-05T02:13:20.714979Z,KXBTC15M-26OCT042215-15,0.9690,47.79,yes
2026-10-05T02:13:20.766059Z,KXBTC15M-26OCT042215-15,0.9690,51.48,yes
2026-10-05T02:13:20.766801Z,KXBTC15M-26OCT042215-15,0.9680,11.00,no
2026-10-05T02:13:20.777871Z,KXBTC15M-26OCT042215-15,0.9690,10.97,yes
2026-10-05T02:13:20.793701Z,KXBTC15M-26OCT042215-15,0.9680,1.53,no
2026-10-05T02:13:20.801845Z,KXBTC15M-26OCT042215-15,0.9690,34.32,yes
2026-10-05T02:13:20.801845Z,KXBTC15M-26OCT042215-15,0.9690,32.39,yes
2026-10-05T02:13:20.820858Z,KXBTC15M-26OCT042215-15,0.9690,51.48,yes
2026-10-05T02:13:20.867795Z,KXBTC15M-26OCT042215-15,0.9680,14.63,no
2026-10-05T02:13:20.886688Z,KXBTC15M-26OCT042215-15,0.9680,0.01,no
2026-10-05T02:13:20.886688Z,KXBTC15M-26OCT042215-15,0.9680,155.84,no
2026-10-05T02:13:20.886688Z,KXBTC15M-26OCT042215-15,0.9680,46.80,no
2026-10-05T02:13:20.886688Z,KXBTC15M-26OCT042215-15,0.9680,90.00,no
2026-10-05T02:13:20.886688Z,KXBTC15M-26OCT042215-15,0.9680,0.01,no
2026-10-05T02:13:20.931492Z,KXBTC15M-26OCT042215-15,0.9690,18.26,yes
2026-10-05T02:13:20.934444Z,KXBTC15M-26OCT042215-15,0.9680,3.20,no
2026-10-05T02:13:20.934444Z,KXBTC15M-26OCT042215-15,0.9680,0.01,no
2026-10-05T02:13:20.934444Z,KXBTC15M-26OCT042215-15,0.9680,0.01,no
2026-10-05T02:13:20.937059Z,KXBTC15M-26OCT042215-15,0.9680,14.41,yes
2026-10-05T02:13:21.069898Z,KXBTC15M-26OCT042215-15,0.9680,4.69,yes
2026-10-05T02:13:21.070102Z,KXBTC15M-26OCT042215-15,0.9680,0.28,yes
2026-10-05T02:13:21.070102Z,KXBTC15M-26OCT042215-15,0.9680,0.01,yes
2026-10-05T02:13:21.070102Z,KXBTC15M-26OCT042215-15,0.9680,0.01,yes
2026-10-05T02:13:21.070102Z,KXBTC15M-26OCT042215-15,0.9680,2.68,yes
2026-10-05T02:13:21.073898Z,KXBTC15M-26OCT042215-15,0.9680,100.00,yes
2026-10-05T02:13:21.092451Z,KXBTC15M-26OCT042215-15,0.9680,67.73,yes
2026-10-05T02:13:21.158159Z,KXBTC15M-26OCT042215-15,0.9670,1.18,no
2026-10-05T02:13:21.158159Z,KXBTC15M-26OCT042215-15,0.9670,10.00,no
2026-10-05T02:13:21.171858Z,KXBTC15M-26OCT042215-15,0.9670,22.65,no
2026-10-05T02:13:21.212656Z,KXBTC15M-26OCT042215-15,0.9680,0.01,yes
2026-10-05T02:13:21.212656Z,KXBTC15M-26OCT042215-15,0.9680,0.01,yes
2026-10-05T02:13:21.212656Z,KXBTC15M-26OCT042215-15,0.9680,3.06,yes
2026-10-05T02:13:21.236253Z,KXBTC15M-26OCT042215-15,0.9680,50.45,yes
2026-10-05T02:13:21.37944Z,KXBTC15M-26OCT042215-15,0.9680,25.00,yes
2026-10-05T02:13:21.38817Z,KXBTC15M-26OCT042215-15,0.9680,2.06,yes
2026-10-05T02:13:21.409368Z,KXBTC15M-26OCT042215-15,0.9670,65.90,no
2026-10-05T02:13:21.437261Z,KXBTC15M-26OCT042215-15,0.9680,55.60,yes
2026-10-05T02:13:21.452321Z,KXBTC15M-26OCT042215-15,0.9670,18.44,no
2026-10-05T02:13:21.495411Z,KXBTC15M-26OCT042215-15,0.9670,70.26,no
2026-10-05T02:13:21.495411Z,KXBTC15M-26OCT042215-15,0.9670,0.01,no
2026-10-05T02:13:21.495411Z,KXBTC15M-26OCT042215-15,0.9670,131.83,no
2026-10-05T02:13:21.495411Z,KXBTC15M-26OCT042215-15,0.9670,0.01,no
2026-10-05T02:13:21.510824Z,KXBTC15M-26OCT042215-15,0.9680,9.27,yes
2026-10-05T02:13:21.550513Z,KXBTC15M-26OCT042215-15,0.9670,28.38,no
2026-10-05T02:13:21.553766Z,KXBTC15M-26OCT042215-15,0.9680,32.04,yes
2026-10-05T02:13:21.5644Z,KXBTC15M-26OCT042215-15,0.9670,0.36,no
2026-10-05T02:13:21.5644Z,KXBTC15M-26OCT042215-15,0.9670,0.69,no
2026-10-05T02:13:21.569507Z,KXBTC15M-26OCT042215-15,0.9670,111.25,no
2026-10-05T02:13:21.572555Z,KXBTC15M-26OCT042215-15,0.9670,27.06,no
2026-10-05T02:13:21.576292Z,KXBTC15M-26OCT042215-15,0.9670,0.01,no
2026-10-05T02:13:21.576292Z,KXBTC15M-26OCT042215-15,0.9670,11.00,no
2026-10-05T02:13:21.576292Z,KXBTC15M-26OCT042215-15,0.9670,0.01,no
2026-10-05T02:13:21.576292Z,KXBTC15M-26OCT042215-15,0.9670,6.27,no
2026-10-05T02:13:21.576292Z,KXBTC15M-26OCT042215-15,0.9670,10.00,no
2026-10-05T02:13:21.60417Z,KXBTC15M-26OCT042215-15,0.9680,10.17,yes
2026-10-05T02:13:21.669619Z,KXBTC15M-26OCT042215-15,0.9680,343.23,yes
2026-10-05T02:13:21.675401Z,KXBTC15M-26OCT042215-15,0.9680,19.78,yes
2026-10-05T02:13:21.710107Z,KXBTC15M-26OCT042215-15,0.9680,25.76,yes
2026-10-05T02:13:21.722612Z,KXBTC15M-26OCT042215-15,0.9670,55.09,no
2026-10-05T02:13:21.728983Z,KXBTC15M-26OCT042215-15,0.9680,1.00,yes
2026-10-05T02:13:21.747564Z,KXBTC15M-26OCT042215-15,0.9670,5.67,no
2026-10-05T02:13:21.760476Z,KXBTC15M-26OCT042215-15,0.9680,38.13,yes
2026-10-05T02:13:21.765713Z,KXBTC15M-26OCT042215-15,0.9670,97.00,no
2026-10-05T02:13:21.765713Z,KXBTC15M-26OCT042215-15,0.9670,0.01,no
2026-10-05T02:13:21.765713Z,KXBTC15M-26OCT042215-15,0.9670,7.97,no
2026-10-05T02:13:21.765713Z,KXBTC15M-26OCT042215-15,0.9670,150.00,no
2026-10-05T02:13:21.765713Z,KXBTC15M-26OCT042215-15,0.9670,0.01,no
2026-10-05T02:13:21.765713Z,KXBTC15M-26OCT042215-15,0.9670,10.00,no
2026-10-05T02:13:21.765713Z,KXBTC15M-26OCT042215-15,0.9660,13.15,no
2026-10-05T02:13:21.770795Z,KXBTC15M-26OCT042215-15,0.9680,1.02,yes
2026-10-05T02:13:21.807403Z,KXBTC15M-26OCT042215-15,0.9680,9.36,yes
2026-10-05T02:13:21.808616Z,KXBTC15M-26OCT042215-15,0.9680,13.39,yes
2026-10-05T02:13:21.816765Z,KXBTC15M-26OCT042215-15,0.9670,0.01,no
2026-10-05T02:13:21.816765Z,KXBTC15M-26OCT042215-15,0.9670,0.01,no
2026-10-05T02:13:21.816765Z,KXBTC15M-26OCT042215-15,0.9660,3.31,no
2026-10-05T02:13:21.870016Z,KXBTC15M-26OCT042215-15,0.9670,2.52,no
2026-10-05T02:13:21.880899Z,KXBTC15M-26OCT042215-15,0.9670,1.94,no
2026-10-05T02:13:21.907835Z,KXBTC15M-26OCT042215-15,0.9680,11.33,yes
2026-10-05T02:13:21.954669Z,KXBTC15M-26OCT042215-15,0.9670,139.07,no
2026-10-05T02:13:22.00212Z,KXBTC15M-26OCT042215-15,0.9680,6.12,yes
2026-10-05T02:13:22.00212Z,KXBTC15M-26OCT042215-15,0.9680,200.00,yes
2026-10-05T02:13:22.00212Z,KXBTC15M-26OCT042215-15,0.9680,0.01,yes
2026-10-05T02:13:22.00212Z,KXBTC15M-26OCT042215-15,0.9680,0.01,yes
2026-10-05T02:13:22.066631Z,KXBTC15M-26OCT042215-15,0.9670,0.01,no
2026-10-05T02:13:22.066631Z,KXBTC15M-26OCT042215-15,0.9670,85.12,no
2026-10-05T02:13:22.066631Z,KXBTC15M-26OCT042215-15,0.9670,0.01,no
2026-10-05T02:13:22.094224Z,KXBTC15M-26OCT042215-15,0.9670,9.00,no
2026-10-05T02:13:22.094224Z,KXBTC15M-26OCT042215-15,0.9670,14.88,no
2026-10-05T02:13:22.094224Z,KXBTC15M-26OCT042215-15,0.9670,0.02,no
2026-10-05T02:13:22.094224Z,KXBTC15M-26OCT042215-15,0.9670,64.23,no
2026-10-05T02:13:22.106936Z,KXBTC15M-26OCT042215-15,0.9670,22.87,no
2026-10-05T02:13:22.121333Z,KXBTC15M-26OCT042215-15,0.9670,26.02,no
2026-10-05T02:13:22.141621Z,KXBTC15M-26OCT042215-15,0.9680,103.07,yes
2026-10-05T02:13:22.151172Z,KXBTC15M-26OCT042215-15,0.9680,10.30,yes
2026-10-05T02:13:22.184594Z,KXBTC15M-26OCT042215-15,0.9680,3.00,yes
2026-10-05T02:13:22.189959Z,KXBTC15M-26OCT042215-15,0.9680,24.87,yes
2026-10-05T02:13:22.189959Z,KXBTC15M-26OCT042215-15,0.9680,78.20,yes
2026-10-05T02:13:22.199243Z,KXBTC15M-26OCT042215-15,0.9680,2.63,yes
2026-10-05T02:13:22.223445Z,KXBTC15M-26OCT042215-15,0.9680,3.09,yes
2026-10-05T02:13:22.23264Z,KXBTC15M-26OCT042215-15,0.9680,416.08,yes
2026-10-05T02:13:22.23264Z,KXBTC15M-26OCT042215-15,0.9680,91.35,yes
2026-10-05T02:13:22.253387Z,KXBTC15M-26OCT042215-15,0.9680,150.48,yes
2026-10-05T02:13:22.296742Z,KXBTC15M-26OCT042215-15,0.9680,0.51,yes
2026-10-05T02:13:22.297945Z,KXBTC15M-26OCT042215-15,0.9670,1.00,no
2026-10-05T02:13:22.338743Z,KXBTC15M-26OCT042215-15,0.9670,28.38,no
2026-10-05T02:13:22.341586Z,KXBTC15M-26OCT042215-15,0.9680,154.95,yes
2026-10-05T02:13:22.343452Z,KXBTC15M-26OCT042215-15,0.9680,20.54,yes
2026-10-05T02:13:22.355476Z,KXBTC15M-26OCT042215-15,0.9670,0.30,no
2026-10-05T02:13:22.355672Z,KXBTC15M-26OCT042215-15,0.9680,25.58,yes
2026-10-05T02:13:22.355672Z,KXBTC15M-26OCT042215-15,0.9680,82.17,yes
2026-10-05T02:13:22.390828Z,KXBTC15M-26OCT042215-15,0.9680,20.92,yes
2026-10-05T02:13:22.392277Z,KXBTC15M-26OCT042215-15,0.9680,24.65,yes
2026-10-05T02:13:22.396079Z,KXBTC15M-26OCT042215-15,0.9680,1.03,yes
2026-10-05T02:13:22.410262Z,KXBTC15M-26OCT042215-15,0.9680,2.06,yes
2026-10-05T02:13:22.473032Z,KXBTC15M-26OCT042215-15,0.9670,7.20,no
2026-10-05T02:13:22.473032Z,KXBTC15M-26OCT042215-15,0.9670,0.01,no
2026-10-05T02:13:22.473032Z,KXBTC15M-26OCT042215-15,0.9670,20.07,no
2026-10-05T02:13:22.473032Z,KXBTC15M-26OCT042215-15,0.9670,0.01,no
2026-10-05T02:13:22.547868Z,KXBTC15M-26OCT042215-15,0.9670,14.19,no
2026-10-05T02:13:22.560839Z,KXBTC15M-26OCT042215-15,0.9680,0.01,yes
2026-10-05T02:13:22.560839Z,KXBTC15M-26OCT042215-15,0.9680,0.01,yes
2026-10-05T02:13:22.560839Z,KXBTC15M-26OCT042215-15,0.9680,10.28,yes
2026-10-05T02:13:22.565696Z,KXBTC15M-26OCT042215-15,0.9670,62.00,no
2026-10-05T02:13:22.565696Z,KXBTC15M-26OCT042215-15,0.9670,22.40,no
2026-10-05T02:13:22.573434Z,KXBTC15M-26OCT042215-15,0.9670,0.01,no
2026-10-05T02:13:22.573434Z,KXBTC15M-26OCT042215-15,0.9670,0.01,no
2026-10-05T02:13:22.573434Z,KXBTC15M-26OCT042215-15,0.9670,8.00,no
2026-10-05T02:13:22.573434Z,KXBTC15M-26OCT042215-15,0.9670,166.00,no
2026-10-05T02:13:22.573434Z,KXBTC15M-26OCT042215-15,0.9670,3.83,no
2026-10-05T02:13:22.573434Z,KXBTC15M-26OCT042215-15,0.9670,2.00,no
2026-10-05T02:13:22.573434Z,KXBTC15M-26OCT042215-15,0.9670,18.00,no
2026-10-05T02:13:22.573434Z,KXBTC15M-26OCT042215-15,0.9670,12.00,no
2026-10-05T02:13:22.573434Z,KXBTC15M-26OCT042215-15,0.9670,0.02,no
2026-10-05T02:13:22.576592Z,KXBTC15M-26OCT042215-15,0.9670,23.27,no
2026-10-05T02:13:22.595694Z,KXBTC15M-26OCT042215-15,0.9680,38.00,yes
2026-10-05T02:13:22.64916Z,KXBTC15M-26OCT042215-15,0.9680,198.88,yes
2026-10-05T02:13:22.64916Z,KXBTC15M-26OCT042215-15,0.9680,151.72,yes
2026-10-05T02:13:22.64916Z,KXBTC15M-26OCT042215-15,0.9680,100.00,yes
2026-10-05T02:13:22.652971Z,KXBTC15M-26OCT042215-15,0.9680,7.04,yes
2026-10-05T02:13:22.797465Z,KXBTC15M-26OCT042215-15,0.9680,51.53,yes
2026-10-05T02:13:22.816253Z,KXBTC15M-26OCT042215-15,0.9680,166.67,yes
2026-10-05T02:13:22.816253Z,KXBTC15M-26OCT042215-15,0.9680,142.55,yes
2026-10-05T02:13:22.853502Z,KXBTC15M-26OCT042215-15,0.9680,8.27,yes
2026-10-05T02:13:22.854864Z,KXBTC15M-26OCT042215-15,0.9670,56.76,no
2026-10-05T02:13:22.88516Z,KXBTC15M-26OCT042215-15,0.9670,66.14,no
2026-10-05T02:13:22.88516Z,KXBTC15M-26OCT042215-15,0.9670,0.02,no
2026-10-05T02:13:22.88516Z,KXBTC15M-26OCT042215-15,0.9670,0.01,no
2026-10-05T02:13:22.88516Z,KXBTC15M-26OCT042215-15,0.9670,0.01,no
2026-10-05T02:13:22.88516Z,KXBTC15M-26OCT042215-15,0.9670,8.00,no
2026-10-05T02:13:22.889437Z,KXBTC15M-26OCT042215-15,0.9660,0.02,no
2026-10-05T02:13:22.89023Z,KXBTC15M-26OCT042215-15,0.9660,1013.00,no
2026-10-05T02:13:22.890492Z,KXBTC15M-26OCT042215-15,0.9660,56.95,no
2026-10-05T02:13:22.893173Z,KXBTC15M-26OCT042215-15,0.9660,0.02,no
2026-10-05T02:13:22.893446Z,KXBTC15M-26OCT042215-15,0.9660,100.00,no
2026-10-05T02:13:22.893501Z,KXBTC15M-26OCT042215-15,0.9660,76.00,no
2026-10-05T02:13:22.893596Z,KXBTC15M-26OCT042215-15,0.9660,195.00,no
2026-10-05T02:13:22.893596Z,KXBTC15M-26OCT042215-15,0.9660,0.01,no
2026-10-05T02:13:22.893596Z,KXBTC15M-26OCT042215-15,0.9660,55.00,no
2026-10-05T02:13:22.893596Z,KXBTC15M-26OCT042215-15,0.9660,0.01,no
2026-10-05T02:13:22.893596Z,KXBTC15M-26OCT042215-15,0.9660,0.02,no
2026-10-05T02:13:22.893596Z,KXBTC15M-26OCT042215-15,0.9660,313.46,no
2026-10-05T02:13:22.893596Z,KXBTC15M-26OCT042215-15,0.9650,0.02,no
2026-10-05T02:13:22.893596Z,KXBTC15M-26OCT042215-15,0.9650,8.48,no
2026-10-05T02:13:22.894212Z,KXBTC15M-26OCT042215-15,0.9650,99.58,no
2026-10-05T02:13:22.894212Z,KXBTC15M-26OCT042215-15,0.9650,291.52,no
2026-10-05T02:13:22.894212Z,KXBTC15M-26OCT042215-15,0.9630,10.00,no
2026-10-05T02:13:22.894212Z,KXBTC15M-26OCT042215-15,0.9630,0.02,no
2026-10-05T02:13:22.894212Z,KXBTC15M-26OCT042215-15,0.9640,0.02,no
2026-10-05T02:13:22.894951Z,KXBTC15M-26OCT042215-15,0.9620,3.98,no
2026-10-05T02:13:22.894951Z,KXBTC15M-26OCT042215-15,0.9620,0.02,no
2026-10-05T02:13:22.895226Z,KXBTC15M-26OCT042215-15,0.9620,8.00,no
2026-10-05T02:13:22.895971Z,KXBTC15M-26OCT042215-15,0.9620,7.00,no
2026-10-05T02:13:22.897475Z,KXBTC15M-26OCT042215-15,0.9620,81.02,no
2026-10-05T02:13:22.897475Z,KXBTC15M-26OCT042215-15,0.9610,0.02,no
2026-10-05T02:13:22.897475Z,KXBTC15M-26OCT042215-15,0.9610,18.96,no
2026-10-05T02:13:22.897553Z,KXBTC15M-26OCT042215-15,0.9610,2.00,no
2026-10-05T02:13:22.897882Z,KXBTC15M-26OCT042215-15,0.9610,3.00,no
2026-10-05T02:13:22.902954Z,KXBTC15M-26OCT042215-15,0.9620,11.00,no
2026-10-05T02:13:22.902954Z,KXBTC15M-26OCT042215-15,0.9610,68.00,no
2026-10-05T02:13:22.904323Z,KXBTC15M-26OCT042215-15,0.9610,52.97,no
2026-10-05T02:13:22.904746Z,KXBTC15M-26OCT042215-15,0.9610,1.74,no
2026-10-05T02:13:22.907062Z,KXBTC15M-26OCT042215-15,0.9610,110.00,no
2026-10-05T02:13:22.9081Z,KXBTC15M-26OCT042215-15,0.9630,323.06,yes
2026-10-05T02:13:22.9081Z,KXBTC15M-26OCT042215-15,0.9620,150.00,yes
2026-10-05T02:13:22.9081Z,KXBTC15M-26OCT042215-15,0.9620,150.00,yes
2026-10-05T02:13:22.9081Z,KXBTC15M-26OCT042215-15,0.9620,150.00,yes
2026-10-05T02:13:22.910962Z,KXBTC15M-26OCT042215-15,0.9610,37.52,no
2026-10-05T02:13:22.911303Z,KXBTC15M-26OCT042215-15,0.9610,37.00,no
2026-10-05T02:13:22.913728Z,KXBTC15M-26OCT042215-15,0.9610,624.11,no
2026-10-05T02:13:22.914635Z,KXBTC15M-26OCT042215-15,0.9570,6.80,no
2026-10-05T02:13:22.914635Z,KXBTC15M-26OCT042215-15,0.9610,0.01,no
2026-10-05T02:13:22.914635Z,KXBTC15M-26OCT042215-15,0.9550,0.02,no
2026-10-05T02:13:22.914635Z,KXBTC15M-26OCT042215-15,0.9560,0.02,no
2026-10-05T02:13:22.914635Z,KXBTC15M-26OCT042215-15,0.9540,0.02,no
2026-10-05T02:13:22.914635Z,KXBTC15M-26OCT042215-15,0.9570,0.02,no
2026-10-05T02:13:22.914635Z,KXBTC15M-26OCT042215-15,0.9590,0.02,no
2026-10-05T02:13:22.914635Z,KXBTC15M-26OCT042215-15,0.9610,730.37,no
2026-10-05T02:13:22.914635Z,KXBTC15M-26OCT042215-15,0.9600,0.02,no
2026-10-05T02:13:22.914635Z,KXBTC15M-26OCT042215-15,0.9580,0.02,no
2026-10-05T02:13:22.914635Z,KXBTC15M-26OCT042215-15,0.9580,16.00,no
2026-10-05T02:13:22.914635Z,KXBTC15M-26OCT042215-15,0.9610,33.00,no
2026-10-05T02:13:22.917732Z,KXBTC15M-26OCT042215-15,0.9610,0.01,no
2026-10-05T02:13:22.917732Z,KXBTC15M-26OCT042215-15,0.9510,100.00,no
2026-10-05T02:13:22.917732Z,KXBTC15M-26OCT042215-15,0.9510,0.03,no
2026-10-05T02:13:22.917732Z,KXBTC15M-26OCT042215-15,0.9530,0.02,no
2026-10-05T02:13:22.917732Z,KXBTC15M-26OCT042215-15,0.9520,0.02,no
2026-10-05T02:13:22.917732Z,KXBTC15M-26OCT042215-15,0.9510,15.31,no
2026-10-05T02:13:22.922125Z,KXBTC15M-26OCT042215-15,0.9620,50.00,yes
2026-10-05T02:13:22.922247Z,KXBTC15M-26OCT042215-15,0.9610,0.01,no
2026-10-05T02:13:22.923827Z,KXBTC15M-26OCT042215-15,0.9520,0.51,yes
2026-10-05T02:13:22.923852Z,KXBTC15M-26OCT042215-15,0.9510,26.00,no
2026-10-05T02:13:22.925334Z,KXBTC15M-26OCT042215-15,0.9510,58.69,no
2026-10-05T02:13:22.932652Z,KXBTC15M-26OCT042215-15,0.9510,0.01,no
2026-10-05T02:13:22.932652Z,KXBTC15M-26OCT042215-15,0.9500,21.94,no
2026-10-05T02:13:22.932652Z,KXBTC15M-26OCT042215-15,0.9510,0.01,no
2026-10-05T02:13:22.932652Z,KXBTC15M-26OCT042215-15,0.9500,0.04,no
2026-10-05T02:13:22.948699Z,KXBTC15M-26OCT042215-15,0.9510,1.03,yes
2026-10-05T02:13:22.98472Z,KXBTC15M-26OCT042215-15,0.9510,74.18,yes
2026-10-05T02:13:23.012156Z,KXBTC15M-26OCT042215-15,0.9510,0.01,yes
2026-10-05T02:13:23.012156Z,KXBTC15M-26OCT042215-15,0.9510,0.01,yes
2026-10-05T02:13:23.012156Z,KXBTC15M-26OCT042215-15,0.9510,199.79,yes
2026-10-05T02:13:23.012156Z,KXBTC15M-26OCT042215-15,0.9510,98.00,yes
2026-10-05T02:13:23.012156Z,KXBTC15M-26OCT042215-15,0.9510,100.00,yes
2026-10-05T02:13:23.012156Z,KXBTC15M-26OCT042215-15,0.9510,500.00,yes
2026-10-05T02:13:23.018839Z,KXBTC15M-26OCT042215-15,0.9510,354.97,yes
2026-10-05T02:13:23.083685Z,KXBTC15M-26OCT042215-15,0.9510,3.27,yes
2026-10-05T02:13:23.120678Z,KXBTC15M-26OCT042215-15,0.9510,10.00,yes
2026-10-05T02:13:23.120678Z,KXBTC15M-26OCT042215-15,0.9510,1.00,yes
2026-10-05T02:13:23.120678Z,KXBTC15M-26OCT042215-15,0.9510,9.35,yes
2026-10-05T02:13:23.120678Z,KXBTC15M-26OCT042215-15,0.9510,41.76,yes
2026-10-05T02:13:23.157621Z,KXBTC15M-26OCT042215-15,0.9500,0.01,no
2026-10-05T02:13:23.157621Z,KXBTC15M-26OCT042215-15,0.9500,30.85,no
2026-10-05T02:13:23.178692Z,KXBTC15M-26OCT042215-15,0.9510,26.24,yes
2026-10-05T02:13:23.180752Z,KXBTC15M-26OCT042215-15,0.9500,112.59,no
2026-10-05T02:13:23.185562Z,KXBTC15M-26OCT042215-15,0.9510,20.40,yes
2026-10-05T02:13:23.191908Z,KXBTC15M-26OCT042215-15,0.9510,200.00,yes
2026-10-05T02:13:23.197284Z,KXBTC15M-26OCT042215-15,0.9510,10.00,yes
2026-10-05T02:13:23.225296Z,KXBTC15M-26OCT042215-15,0.9510,23.67,yes
2026-10-05T02:13:23.273407Z,KXBTC15M-26OCT042215-15,0.9500,33.47,no
2026-10-05T02:13:23.286909Z,KXBTC15M-26OCT042215-15,0.9510,25.91,yes
2026-10-05T02:13:23.309006Z,KXBTC15M-26OCT042215-15,0.9500,187.00,no
2026-10-05T02:13:23.309401Z,KXBTC15M-26OCT042215-15,0.9500,28.85,no
2026-10-05T02:13:23.351503Z,KXBTC15M-26OCT042215-15,0.9500,5.11,no
2026-10-05T02:13:23.357775Z,KXBTC15M-26OCT042215-15,0.9510,308.28,yes
2026-10-05T02:13:23.371174Z,KXBTC15M-26OCT042215-15,0.9510,352.57,yes
2026-10-05T02:13:23.371174Z,KXBTC15M-26OCT042215-15,0.9510,0.01,yes
2026-10-05T02:13:23.371174Z,KXBTC15M-26OCT042215-15,0.9510,100.00,yes
2026-10-05T02:13:23.371174Z,KXBTC15M-26OCT042215-15,0.9510,0.01,yes
2026-10-05T02:13:23.371174Z,KXBTC15M-26OCT042215-15,0.9510,176.15,yes
2026-10-05T02:13:23.377419Z,KXBTC15M-26OCT042215-15,0.9510,0.01,yes
2026-10-05T02:13:23.377419Z,KXBTC15M-26OCT042215-15,0.9510,7.54,yes
2026-10-05T02:13:23.377419Z,KXBTC15M-26OCT042215-15,0.9510,10.00,yes
2026-10-05T02:13:23.377419Z,KXBTC15M-26OCT042215-15,0.9510,1.00,yes
2026-10-05T02:13:23.377419Z,KXBTC15M-26OCT042215-15,0.9510,47.43,yes
2026-10-05T02:13:23.377419Z,KXBTC15M-26OCT042215-15,0.9510,1.00,yes
2026-10-05T02:13:23.377419Z,KXBTC15M-26OCT042215-15,0.9510,0.01,yes
2026-10-05T02:13:23.377972Z,KXBTC15M-26OCT042215-15,0.9500,28.42,no
2026-10-05T02:13:23.385095Z,KXBTC15M-26OCT042215-15,0.9510,3.67,yes
2026-10-05T02:13:23.43879Z,KXBTC15M-26OCT042215-15,0.9510,5.20,yes
2026-10-05T02:13:23.458717Z,KXBTC15M-26OCT042215-15,0.9510,89.25,yes
2026-10-05T02:13:23.539025Z,KXBTC15M-26OCT042215-15,0.9510,2.07,yes
2026-10-05T02:13:23.539025Z,KXBTC15M-26OCT042215-15,0.9510,0.01,yes
2026-10-05T02:13:23.539025Z,KXBTC15M-26OCT042215-15,0.9510,0.01,yes
2026-10-05T02:13:23.585043Z,KXBTC15M-26OCT042215-15,0.9500,25.00,no
2026-10-05T02:13:23.585966Z,KXBTC15M-26OCT042215-15,0.9510,315.40,yes
2026-10-05T02:13:23.619128Z,KXBTC15M-26OCT042215-15,0.9500,119.06,no
2026-10-05T02:13:23.674671Z,KXBTC15M-26OCT042215-15,0.9500,187.52,no
2026-10-05T02:13:23.770822Z,KXBTC15M-26OCT042215-15,0.9510,30.48,yes
2026-10-05T02:13:23.791104Z,KXBTC15M-26OCT042215-15,0.9510,47.95,yes
2026-10-05T02:13:23.791104Z,KXBTC15M-26OCT042215-15,0.9510,52.05,yes
2026-10-05T02:13:23.831044Z,KXBTC15M-26OCT042215-15,0.9510,5.18,yes
2026-10-05T02:13:23.90932Z,KXBTC15M-26OCT042215-15,0.9500,37.50,no
2026-10-05T02:13:23.924323Z,KXBTC15M-26OCT042215-15,0.9510,6.40,yes
2026-10-05T02:13:23.927313Z,KXBTC15M-26OCT042215-15,0.9510,5.23,yes
2026-10-05T02:13:24.006547Z,KXBTC15M-26OCT042215-15,0.9510,0.05,yes
2026-10-05T02:13:24.017988Z,KXBTC15M-26OCT042215-15,0.9500,4.87,no
2026-10-05T02:13:24.055347Z,KXBTC15M-26OCT042215-15,0.9510,26.44,yes
2026-10-05T02:13:24.055347Z,KXBTC15M-26OCT042215-15,0.9510,0.01,yes
2026-10-05T02:13:24.055347Z,KXBTC15M-26OCT042215-15,0.9510,35.19,yes
2026-10-05T02:13:24.055347Z,KXBTC15M-26OCT042215-15,0.9510,0.01,yes
2026-10-05T02:13:24.102393Z,KXBTC15M-26OCT042215-15,0.9510,97.00,yes
2026-10-05T02:13:24.102393Z,KXBTC15M-26OCT042215-15,0.9510,0.01,yes
2026-10-05T02:13:24.102393Z,KXBTC15M-26OCT042215-15,0.9510,28.73,yes
2026-10-05T02:13:24.102393Z,KXBTC15M-26OCT042215-15,0.9510,0.01,yes
2026-10-05T02:13:24.107966Z,KXBTC15M-26OCT042215-15,0.9550,54.14,yes
2026-10-05T02:13:24.107966Z,KXBTC15M-26OCT042215-15,0.9550,207.42,yes
2026-10-05T02:13:24.116573Z,KXBTC15M-26OCT042215-15,0.9510,0.01,yes
2026-10-05T02:13:24.116573Z,KXBTC15M-26OCT042215-15,0.9510,23.66,yes
2026-10-05T02:13:24.124272Z,KXBTC15M-26OCT042215-15,0.9510,0.01,yes
2026-10-05T02:13:24.145267Z,KXBTC15M-26OCT042215-15,0.9500,37.50,no
2026-10-05T02:13:24.26066Z,KXBTC15M-26OCT042215-15,0.9510,0.01,yes
2026-10-05T02:13:24.26066Z,KXBTC15M-26OCT042215-15,0.9510,215.10,yes
2026-10-05T02:13:24.26066Z,KXBTC15M-26OCT042215-15,0.9510,100.00,yes
2026-10-05T02:13:24.274266Z,KXBTC15M-26OCT042215-15,0.9510,1.01,yes
2026-10-05T02:13:24.295346Z,KXBTC15M-26OCT042215-15,0.9500,18.60,no
2026-10-05T02:13:24.311524Z,KXBTC15M-26OCT042215-15,0.9510,102.98,yes
2026-10-05T02:13:24.311524Z,KXBTC15M-26OCT042215-15,0.9510,0.01,yes
2026-10-05T02:13:24.311524Z,KXBTC15M-26OCT042215-15,0.9510,0.01,yes
2026-10-05T02:13:24.331336Z,KXBTC15M-26OCT042215-15,0.9510,0.01,yes
2026-10-05T02:13:24.331336Z,KXBTC15M-26OCT042215-15,0.9510,43.28,yes
2026-10-05T02:13:24.399266Z,KXBTC15M-26OCT042215-15,0.9500,1428.42,no
2026-10-05T02:13:24.401718Z,KXBTC15M-26OCT042215-15,0.9510,92.99,yes
2026-10-05T02:13:24.401718Z,KXBTC15M-26OCT042215-15,0.9510,0.01,yes
2026-10-05T02:13:24.436393Z,KXBTC15M-26OCT042215-15,0.9540,2.85,yes
2026-10-05T02:13:24.436393Z,KXBTC15M-26OCT042215-15,0.9510,222.00,yes
2026-10-05T02:13:24.436393Z,KXBTC15M-26OCT042215-15,0.9540,8.00,yes
2026-10-05T02:13:24.436393Z,KXBTC15M-26OCT042215-15,0.9540,238.00,yes
2026-10-05T02:13:24.436393Z,KXBTC15M-26OCT042215-15,0.9510,0.01,yes
2026-10-05T02:13:24.436393Z,KXBTC15M-26OCT042215-15,0.9550,1595.55,yes
2026-10-05T02:13:24.436393Z,KXBTC15M-26OCT042215-15,0.9510,333.59,yes
2026-10-05T02:13:24.465235Z,KXBTC15M-26OCT042215-15,0.9510,0.01,yes
2026-10-05T02:13:24.47246Z,KXBTC15M-26OCT042215-15,0.9530,0.37,no
2026-10-05T02:13:24.488401Z,KXBTC15M-26OCT042215-15,0.9540,1.03,yes
2026-10-05T02:13:24.488401Z,KXBTC15M-26OCT042215-15,0.9540,0.01,yes
2026-10-05T02:13:24.551846Z,KXBTC15M-26OCT042215-15,0.9530,0.01,no
2026-10-05T02:13:24.551846Z,KXBTC15M-26OCT042215-15,0.9530,87.50,no
2026-10-05T02:13:24.551846Z,KXBTC15M-26OCT042215-15,0.9530,100.00,no
2026-10-05T02:13:24.551846Z,KXBTC15M-26OCT042215-15,0.9530,0.01,no
2026-10-05T02:13:24.651627Z,KXBTC15M-26OCT042215-15,0.9530,18.75,no
2026-10-05T02:13:24.65682Z,KXBTC15M-26OCT042215-15,0.9530,113.39,no
2026-10-05T02:13:24.758132Z,KXBTC15M-26OCT042215-15,0.9590,28.00,yes
2026-10-05T02:13:24.758132Z,KXBTC15M-26OCT042215-15,0.9580,9.00,yes
2026-10-05T02:13:24.758132Z,KXBTC15M-26OCT042215-15,0.9550,2.00,yes
2026-10-05T02:13:24.758132Z,KXBTC15M-26OCT042215-15,0.9560,2.00,yes
2026-10-05T02:13:24.758132Z,KXBTC15M-26OCT042215-15,0.9570,2.00,yes
2026-10-05T02:13:24.758132Z,KXBTC15M-26OCT042215-15,0.9570,2.00,yes
2026-10-05T02:13:24.758132Z,KXBTC15M-26OCT042215-15,0.9560,2.00,yes
2026-10-05T02:13:24.758132Z,KXBTC15M-26OCT042215-15,0.9540,81.00,yes
2026-10-05T02:13:24.758132Z,KXBTC15M-26OCT042215-15,0.9550,2.00,yes
2026-10-05T02:13:24.758132Z,KXBTC15M-26OCT042215-15,0.9590,208.99,yes
2026-10-05T02:13:24.758132Z,KXBTC15M-26OCT042215-15,0.9540,0.01,yes
2026-10-05T02:13:24.758132Z,KXBTC15M-26OCT042215-15,0.9540,0.01,yes
2026-10-05T02:13:24.818354Z,KXBTC15M-26OCT042215-15,0.9550,2.12,yes
2026-10-05T02:13:24.843451Z,KXBTC15M-26OCT042215-15,0.9540,0.01,no
2026-10-05T02:13:24.843451Z,KXBTC15M-26OCT042215-15,0.9540,9.00,no
2026-10-05T02:13:24.843451Z,KXBTC15M-26OCT042215-15,0.9540,39.59,no
2026-10-05T02:13:24.843451Z,KXBTC15M-26OCT042215-15,0.9540,0.01,no
2026-10-05T02:13:24.881195Z,KXBTC15M-26OCT042215-15,0.9560,32.86,yes
2026-10-05T02:13:24.881195Z,KXBTC15M-26OCT042215-15,0.9550,0.01,yes
2026-10-05T02:13:24.881195Z,KXBTC15M-26OCT042215-15,0.9550,1.00,yes
2026-10-05T02:13:24.881195Z,KXBTC15M-26OCT042215-15,0.9550,0.01,yes
2026-10-05T02:13:24.901975Z,KXBTC15M-26OCT042215-15,0.9540,500.00,no
2026-10-05T02:13:24.901975Z,KXBTC15M-26OCT042215-15,0.9540,198.11,no
2026-10-05T02:13:24.908965Z,KXBTC15M-26OCT042215-15,0.9550,5.11,yes
2026-10-05T02:13:24.908965Z,KXBTC15M-26OCT042215-15,0.9550,0.01,yes
2026-10-05T02:13:24.928519Z,KXBTC15M-26OCT042215-15,0.9550,46.06,yes
2026-10-05T02:13:25.001603Z,KXBTC15M-26OCT042215-15,0.9550,48.82,yes
2026-10-05T02:13:25.003946Z,KXBTC15M-26OCT042215-15,0.9550,15.39,yes
2026-10-05T02:13:25.037544Z,KXBTC15M-26OCT042215-15,0.9550,71.66,yes
2026-10-05T02:13:25.060152Z,KXBTC15M-26OCT042215-15,0.9550,10.19,yes
2026-10-05T02:13:25.060152Z,KXBTC15M-26OCT042215-15,0.9550,0.01,yes
2026-10-05T02:13:25.060152Z,KXBTC15M-26OCT042215-15,0.9550,1.00,yes
2026-10-05T02:13:25.082024Z,KXBTC15M-26OCT042215-15,0.9540,9.97,no
2026-10-05T02:13:25.08567Z,KXBTC15M-26OCT042215-15,0.9540,98.22,no
2026-10-05T02:13:25.094344Z,KXBTC15M-26OCT042215-15,0.9540,71.74,no
2026-10-05T02:13:25.094344Z,KXBTC15M-26OCT042215-15,0.9540,24.00,no
2026-10-05T02:13:25.113361Z,KXBTC15M-26OCT042215-15,0.9540,37.32,no
2026-10-05T02:13:25.113361Z,KXBTC15M-26OCT042215-15,0.9540,9.00,no
2026-10-05T02:13:25.113361Z,KXBTC15M-26OCT042215-15,0.9540,0.01,no
2026-10-05T02:13:25.113361Z,KXBTC15M-26OCT042215-15,0.9540,0.01,no
2026-10-05T02:13:25.146903Z,KXBTC15M-26OCT042215-15,0.9540,32.00,no
2026-10-05T02:13:25.231337Z,KXBTC15M-26OCT042215-15,0.9540,2.12,no
2026-10-05T02:13:25.248762Z,KXBTC15M-26OCT042215-15,0.9550,14.63,yes
2026-10-05T02:13:25.259208Z,KXBTC15M-26OCT042215-15,0.9550,14.20,yes
2026-10-05T02:13:25.306438Z,KXBTC15M-26OCT042215-15,0.9540,99.73,no
2026-10-05T02:13:25.363576Z,KXBTC15M-26OCT042215-15,0.9550,22.65,yes
2026-10-05T02:13:25.503895Z,KXBTC15M-26OCT042215-15,0.9550,7.76,yes
2026-10-05T02:13:25.509204Z,KXBTC15M-26OCT042215-15,0.9550,1.83,yes
2026-10-05T02:13:25.515667Z,KXBTC15M-26OCT042215-15,0.9540,20.37,no
2026-10-05T02:13:25.518573Z,KXBTC15M-26OCT042215-15,0.9540,2.03,no
2026-10-05T02:13:25.562443Z,KXBTC15M-26OCT042215-15,0.9550,28.74,yes
2026-10-05T02:13:25.562443Z,KXBTC15M-26OCT042215-15,0.9550,40.28,yes
2026-10-05T02:13:25.596735Z,KXBTC15M-26OCT042215-15,0.9540,0.01,no
2026-10-05T02:13:25.596735Z,KXBTC15M-26OCT042215-15,0.9540,0.01,no
2026-10-05T02:13:25.596735Z,KXBTC15M-26OCT042215-15,0.9540,9.00,no
2026-10-05T02:13:25.596735Z,KXBTC15M-26OCT042215-15,0.9530,36.56,no
2026-10-05T02:13:25.596735Z,KXBTC15M-26OCT042215-15,0.9540,150.04,no
2026-10-05T02:13:25.62471Z,KXBTC15M-26OCT042215-15,0.9540,6.00,no
2026-10-05T02:13:25.62471Z,KXBTC15M-26OCT042215-15,0.9540,0.01,no
2026-10-05T02:13:25.62471Z,KXBTC15M-26OCT042215-15,0.9540,9.00,no
2026-10-05T02:13:25.62471Z,KXBTC15M-26OCT042215-15,0.9540,0.01,no
2026-10-05T02:13:25.62471Z,KXBTC15M-26OCT042215-15,0.9530,24.91,no
2026-10-05T02:13:25.68372Z,KXBTC15M-26OCT042215-15,0.9550,144.01,yes
2026-10-05T02:13:25.68372Z,KXBTC15M-26OCT042215-15,0.9550,0.01,yes
2026-10-05T02:13:25.68372Z,KXBTC15M-26OCT042215-15,0.9550,0.01,yes
2026-10-05T02:13:25.721596Z,KXBTC15M-26OCT042215-15,0.9540,0.01,no
2026-10-05T02:13:25.721596Z,KXBTC15M-26OCT042215-15,0.9540,9.00,no
2026-10-05T02:13:25.721596Z,KXBTC15M-26OCT042215-15,0.9540,0.01,no
2026-10-05T02:13:25.721596Z,KXBTC15M-26OCT042215-15,0.9530,17.68,no
2026-10-05T02:13:25.743629Z,KXBTC15M-26OCT042215-15,0.9550,51.10,yes
2026-10-05T02:13:25.743629Z,KXBTC15M-26OCT042215-15,0.9550,0.01,yes
2026-10-05T02:13:25.743629Z,KXBTC15M-26OCT042215-15,0.9550,0.01,yes
2026-10-05T02:13:25.743629Z,KXBTC15M-26OCT042215-15,0.9560,4.04,yes
2026-10-05T02:13:25.789798Z,KXBTC15M-26OCT042215-15,0.9550,0.01,yes
2026-10-05T02:13:25.789798Z,KXBTC15M-26OCT042215-15,0.9550,0.01,yes
2026-10-05T02:13:25.789798Z,KXBTC15M-26OCT042215-15,0.9560,5.19,yes
2026-10-05T02:13:25.829517Z,KXBTC15M-26OCT042215-15,0.9560,9.96,yes
2026-10-05T02:13:25.855281Z,KXBTC15M-26OCT042215-15,0.9560,0.01,yes
2026-10-05T02:13:25.855281Z,KXBTC15M-26OCT042215-15,0.9560,45.95,yes
2026-10-05T02:13:25.855281Z,KXBTC15M-26OCT042215-15,0.9560,499.27,yes
2026-10-05T02:13:25.865253Z,KXBTC15M-26OCT042215-15,0.9560,11.27,yes
2026-10-05T02:13:25.865253Z,KXBTC15M-26OCT042215-15,0.9560,0.73,yes
2026-10-05T02:13:25.912558Z,KXBTC15M-26OCT042215-15,0.9540,0.01,no
2026-10-05T02:13:25.912558Z,KXBTC15M-26OCT042215-15,0.9540,0.01,no
2026-10-05T02:13:25.912558Z,KXBTC15M-26OCT042215-15,0.9540,6.00,no
2026-10-05T02:13:25.912558Z,KXBTC15M-26OCT042215-15,0.9540,9.00,no
2026-10-05T02:13:25.912558Z,KXBTC15M-26OCT042215-15,0.9530,82.79,no
2026-10-05T02:13:25.921518Z,KXBTC15M-26OCT042215-15,0.9550,0.01,yes
2026-10-05T02:13:25.921518Z,KXBTC15M-26OCT042215-15,0.9550,0.01,yes
2026-10-05T02:13:25.921518Z,KXBTC15M-26OCT042215-15,0.9550,1.00,yes
2026-10-05T02:13:25.921518Z,KXBTC15M-26OCT042215-15,0.9560,9.00,yes
2026-10-05T02:13:25.921518Z,KXBTC15M-26OCT042215-15,0.9550,1.00,yes
2026-10-05T02:13:25.98642Z,KXBTC15M-26OCT042215-15,0.9560,0.01,yes
2026-10-05T02:13:25.98642Z,KXBTC15M-26OCT042215-15,0.9590,10.21,yes
2026-10-05T02:13:25.989201Z,KXBTC15M-26OCT042215-15,0.9540,14.98,no
2026-10-05T02:13:25.989201Z,KXBTC15M-26OCT042215-15,0.9540,0.01,no
2026-10-05T02:13:25.989201Z,KXBTC15M-26OCT042215-15,0.9540,0.01,no
2026-10-05T02:13:26.014373Z,KXBTC15M-26OCT042215-15,0.9540,63.02,no
2026-10-05T02:13:26.014373Z,KXBTC15M-26OCT042215-15,0.9540,9.00,no
2026-10-05T02:13:26.014373Z,KXBTC15M-26OCT042215-15,0.9540,27.98,no
2026-10-05T02:13:26.045182Z,KXBTC15M-26OCT042215-15,0.9540,19.97,no
2026-10-05T02:13:26.060057Z,KXBTC15M-26OCT042215-15,0.9570,38.37,yes
2026-10-05T02:13:26.06835Z,KXBTC15M-26OCT042215-15,0.9540,0.01,no
2026-10-05T02:13:26.06835Z,KXBTC15M-26OCT042215-15,0.9540,0.01,no
2026-10-05T02:13:26.06835Z,KXBTC15M-26OCT042215-15,0.9540,1.61,no
2026-10-05T02:13:26.092859Z,KXBTC15M-26OCT042215-15,0.9540,7.39,no
2026-10-05T02:13:26.092859Z,KXBTC15M-26OCT042215-15,0.9540,0.01,no
2026-10-05T02:13:26.092859Z,KXBTC15M-26OCT042215-15,0.9540,1.61,no
2026-10-05T02:13:26.092859Z,KXBTC15M-26OCT042215-15,0.9540,0.01,no
2026-10-05T02:13:26.092859Z,KXBTC15M-26OCT042215-15,0.9540,6.00,no
2026-10-05T02:13:26.092859Z,KXBTC15M-26OCT042215-15,0.9530,84.75,no
2026-10-05T02:13:26.099934Z,KXBTC15M-26OCT042215-15,0.9570,10.00,yes
2026-10-05T02:13:26.142006Z,KXBTC15M-26OCT042215-15,0.9570,0.01,yes
2026-10-05T02:13:26.142006Z,KXBTC15M-26OCT042215-15,0.9570,0.01,yes
2026-10-05T02:13:26.142006Z,KXBTC15M-26OCT042215-15,0.9590,0.99,yes
2026-10-05T02:13:26.204902Z,KXBTC15M-26OCT042215-15,0.9570,0.01,yes
2026-10-05T02:13:26.204902Z,KXBTC15M-26OCT042215-15,0.9570,0.01,yes
2026-10-05T02:13:26.204902Z,KXBTC15M-26OCT042215-15,0.9580,9.20,yes
2026-10-05T02:13:26.209848Z,KXBTC15M-26OCT042215-15,0.9560,10.18,no
2026-10-05T02:13:26.212089Z,KXBTC15M-26OCT042215-15,0.9590,5.10,yes
2026-10-05T02:13:26.281874Z,KXBTC15M-26OCT042215-15,0.9590,1.00,yes
2026-10-05T02:13:26.337713Z,KXBTC15M-26OCT042215-15,0.9560,500.00,no
2026-10-05T02:13:26.338705Z,KXBTC15M-26OCT042215-15,0.9590,24.54,yes
2026-10-05T02:13:26.343998Z,KXBTC15M-26OCT042215-15,0.9590,30.34,yes
2026-10-05T02:13:26.377209Z,KXBTC15M-26OCT042215-15,0.9590,1.03,yes
2026-10-05T02:13:26.435362Z,KXBTC15M-26OCT042215-15,0.9590,50.00,yes
2026-10-05T02:13:26.477748Z,KXBTC15M-26OCT042215-15,0.9580,19.94,no
2026-10-05T02:13:26.482161Z,KXBTC15M-26OCT042215-15,0.9580,5.00,no
2026-10-05T02:13:26.490387Z,KXBTC15M-26OCT042215-15,0.9580,20.37,no
2026-10-05T02:13:26.532654Z,KXBTC15M-26OCT042215-15,0.9590,0.01,yes
2026-10-05T02:13:26.532654Z,KXBTC15M-26OCT042215-15,0.9590,0.01,yes
2026-10-05T02:13:26.532654Z,KXBTC15M-26OCT042215-15,0.9590,21.99,yes
2026-10-05T02:13:26.532654Z,KXBTC15M-26OCT042215-15,0.9620,14.77,yes
2026-10-05T02:13:26.532654Z,KXBTC15M-26OCT042215-15,0.9610,15.00,yes
2026-10-05T02:13:26.586786Z,KXBTC15M-26OCT042215-15,0.9580,261.71,no
2026-10-05T02:13:26.645489Z,KXBTC15M-26OCT042215-15,0.9620,1.39,yes
2026-10-05T02:13:26.689637Z,KXBTC15M-26OCT042215-15,0.9620,1.03,yes
2026-10-05T02:13:26.731492Z,KXBTC15M-26OCT042215-15,0.9620,0.80,yes
2026-10-05T02:13:26.870069Z,KXBTC15M-26OCT042215-15,0.9620,4.17,yes
2026-10-05T02:13:26.888879Z,KXBTC15M-26OCT042215-15,0.9590,36.00,no
2026-10-05T02:13:26.888879Z,KXBTC15M-26OCT042215-15,0.9580,8.60,no
2026-10-05T02:13:26.888879Z,KXBTC15M-26OCT042215-15,0.9590,0.01,no
2026-10-05T02:13:26.888879Z,KXBTC15M-26OCT042215-15,0.9590,0.01,no
2026-10-05T02:13:26.939802Z,KXBTC15M-26OCT042215-15,0.9580,5.75,no
2026-10-05T02:13:26.939802Z,KXBTC15M-26OCT042215-15,0.9590,10.00,no
2026-10-05T02:13:26.939802Z,KXBTC15M-26OCT042215-15,0.9590,0.01,no
2026-10-05T02:13:26.939802Z,KXBTC15M-26OCT042215-15,0.9590,6.00,no
2026-10-05T02:13:26.939802Z,KXBTC15M-26OCT042215-15,0.9590,0.01,no
2026-10-05T02:13:26.939802Z,KXBTC15M-26OCT042215-15,0.9580,0.01,no
2026-10-05T02:13:26.939802Z,KXBTC15M-26OCT042215-15,0.9580,0.01,no
2026-10-05T02:13:26.967708Z,KXBTC15M-26OCT042215-15,0.9610,12.42,yes
2026-10-05T02:13:26.967708Z,KXBTC15M-26OCT042215-15,0.9610,0.01,yes
2026-10-05T02:13:26.967708Z,KXBTC15M-26OCT042215-15,0.9610,0.01,yes
2026-10-05T02:13:26.996478Z,KXBTC15M-26OCT042215-15,0.9590,25.60,no
2026-10-05T02:13:26.996478Z,KXBTC15M-26OCT042215-15,0.9590,6.00,no
2026-10-05T02:13:26.996478Z,KXBTC15M-26OCT042215-15,0.9590,10.00,no
2026-10-05T02:13:26.996478Z,KXBTC15M-26OCT042215-15,0.9590,0.01,no
2026-10-05T02:13:26.996478Z,KXBTC15M-26OCT042215-15,0.9590,0.01,no
2026-10-05T02:13:27.013215Z,KXBTC15M-26OCT042215-15,0.9610,3.63,yes
2026-10-05T02:13:27.013215Z,KXBTC15M-26OCT042215-15,0.9610,0.01,yes
2026-10-05T02:13:27.013215Z,KXBTC15M-26OCT042215-15,0.9610,0.01,yes
2026-10-05T02:13:27.044715Z,KXBTC15M-26OCT042215-15,0.9590,10.00,no
2026-10-05T02:13:27.044715Z,KXBTC15M-26OCT042215-15,0.9590,0.01,no
2026-10-05T02:13:27.044715Z,KXBTC15M-26OCT042215-15,0.9600,0.01,no
2026-10-05T02:13:27.044715Z,KXBTC15M-26OCT042215-15,0.9590,0.01,no
2026-10-05T02:13:27.044715Z,KXBTC15M-26OCT042215-15,0.9580,235.41,no
2026-10-05T02:13:27.083032Z,KXBTC15M-26OCT042215-15,0.9610,0.01,yes
2026-10-05T02:13:27.083032Z,KXBTC15M-26OCT042215-15,0.9610,0.01,yes
2026-10-05T02:13:27.083032Z,KXBTC15M-26OCT042215-15,0.9620,6.68,yes
2026-10-05T02:13:27.140456Z,KXBTC15M-26OCT042215-15,0.9590,0.01,no
2026-10-05T02:13:27.140456Z,KXBTC15M-26OCT042215-15,0.9590,0.01,no
2026-10-05T02:13:27.140456Z,KXBTC15M-26OCT042215-15,0.9580,0.52,no
2026-10-05T02:13:27.331609Z,KXBTC15M-26OCT042215-15,0.9600,103.76,yes
2026-10-05T02:13:27.341585Z,KXBTC15M-26OCT042215-15,0.9590,0.01,no
2026-10-05T02:13:27.341585Z,KXBTC15M-26OCT042215-15,0.9590,0.01,no
2026-10-05T02:13:27.34599Z,KXBTC15M-26OCT042215-15,0.9580,100.00,no
2026-10-05T02:13:27.355094Z,KXBTC15M-26OCT042215-15,0.9580,0.01,no
2026-10-05T02:13:27.355094Z,KXBTC15M-26OCT042215-15,0.9580,0.01,no
2026-10-05T02:13:27.355094Z,KXBTC15M-26OCT042215-15,0.9580,772.08,no
2026-10-05T02:13:27.39169Z,KXBTC15M-26OCT042215-15,0.9580,7.31,yes
2026-10-05T02:13:27.402163Z,KXBTC15M-26OCT042215-15,0.9550,0.02,no
2026-10-05T02:13:27.405782Z,KXBTC15M-26OCT042215-15,0.9550,0.01,no
2026-10-05T02:13:27.405782Z,KXBTC15M-26OCT042215-15,0.9550,0.01,no
2026-10-05T02:13:27.405782Z,KXBTC15M-26OCT042215-15,0.9550,161.98,no
2026-10-05T02:13:27.414246Z,KXBTC15M-26OCT042215-15,0.9540,0.01,no
2026-10-05T02:13:27.414246Z,KXBTC15M-26OCT042215-15,0.9540,0.01,no
2026-10-05T02:13:27.421227Z,KXBTC15M-26OCT042215-15,0.9550,41.25,no
2026-10-05T02:13:27.454444Z,KXBTC15M-26OCT042215-15,0.9550,0.01,no
2026-10-05T02:13:27.639912Z,KXBTC15M-26OCT042215-15,0.9550,93.75,yes
2026-10-05T02:13:27.639912Z,KXBTC15M-26OCT042215-15,0.9560,2716.14,yes
2026-10-05T02:13:27.639912Z,KXBTC15M-26OCT042215-15,0.9550,64.00,yes
2026-10-05T02:13:27.639912Z,KXBTC15M-26OCT042215-15,0.9530,463.79,yes
2026-10-05T02:13:27.639912Z,KXBTC15M-26OCT042215-15,0.9530,200.00,yes
2026-10-05T02:13:27.639912Z,KXBTC15M-26OCT042215-15,0.9550,15.00,yes
2026-10-05T02:13:27.639912Z,KXBTC15M-26OCT042215-15,0.9520,8.00,yes
2026-10-05T02:13:27.639912Z,KXBTC15M-26OCT042215-15,0.9520,0.01,yes
2026-10-05T02:13:27.639912Z,KXBTC15M-26OCT042215-15,0.9520,200.00,yes
2026-10-05T02:13:27.639912Z,KXBTC15M-26OCT042215-15,0.9520,114.00,yes
2026-10-05T02:13:27.639912Z,KXBTC15M-26OCT042215-15,0.9520,0.01,yes
2026-10-05T02:13:27.639912Z,KXBTC15M-26OCT042215-15,0.9550,93.75,yes
2026-10-05T02:13:27.639912Z,KXBTC15M-26OCT042215-15,0.9520,114.00,yes
2026-10-05T02:13:27.639912Z,KXBTC15M-26OCT042215-15,0.9550,64.00,yes
2026-10-05T02:13:27.639912Z,KXBTC15M-26OCT042215-15,0.9520,41.00,yes
2026-10-05T02:13:27.639912Z,KXBTC15M-26OCT042215-15,0.9520,500.00,yes
2026-10-05T02:13:27.639912Z,KXBTC15M-26OCT042215-15,0.9520,500.00,yes
2026-10-05T02:13:27.702785Z,KXBTC15M-26OCT042215-15,0.9550,924.75,no
2026-10-05T02:13:27.722407Z,KXBTC15M-26OCT042215-15,0.9560,0.01,yes
2026-10-05T02:13:27.722407Z,KXBTC15M-26OCT042215-15,0.9580,0.98,yes
2026-10-05T02:13:27.722407Z,KXBTC15M-26OCT042215-15,0.9560,0.01,yes
2026-10-05T02:13:27.762428Z,KXBTC15M-26OCT042215-15,0.9550,1.51,no
2026-10-05T02:13:27.822957Z,KXBTC15M-26OCT042215-15,0.9550,1.51,no
2026-10-05T02:13:27.871926Z,KXBTC15M-26OCT042215-15,0.9550,0.02,no
2026-10-05T02:13:27.89246Z,KXBTC15M-26OCT042215-15,0.9550,2.23,no
2026-10-05T02:13:27.917397Z,KXBTC15M-26OCT042215-15,0.9550,1.51,no
2026-10-05T02:13:27.979079Z,KXBTC15M-26OCT042215-15,0.9550,1.51,no
2026-10-05T02:13:27.979727Z,KXBTC15M-26OCT042215-15,0.9560,0.01,yes
2026-10-05T02:13:27.979727Z,KXBTC15M-26OCT042215-15,0.9560,0.01,yes
2026-10-05T02:13:27.979727Z,KXBTC15M-26OCT042215-15,0.9560,20.49,yes
2026-10-05T02:13:27.996286Z,KXBTC15M-26OCT042215-15,0.9560,57.99,yes
2026-10-05T02:13:28.004638Z,KXBTC15M-26OCT042215-15,0.9550,26.35,no
2026-10-05T02:13:28.015778Z,KXBTC15M-26OCT042215-15,0.9550,1.91,no
2026-10-05T02:13:28.024417Z,KXBTC15M-26OCT042215-15,0.9550,10.37,no
2026-10-05T02:13:28.024417Z,KXBTC15M-26OCT042215-15,0.9550,0.01,no
2026-10-05T02:13:28.024417Z,KXBTC15M-26OCT042215-15,0.9550,0.01,no
2026-10-05T02:13:28.024417Z,KXBTC15M-26OCT042215-15,0.9550,314.61,no
2026-10-05T02:13:28.029146Z,KXBTC15M-26OCT042215-15,0.9560,9.23,yes
2026-10-05T02:13:28.051462Z,KXBTC15M-26OCT042215-15,0.9550,0.01,no
2026-10-05T02:13:28.051462Z,KXBTC15M-26OCT042215-15,0.9550,0.01,no
2026-10-05T02:13:28.106182Z,KXBTC15M-26OCT042215-15,0.9520,0.01,no
2026-10-05T02:13:28.106182Z,KXBTC15M-26OCT042215-15,0.9530,0.01,no
2026-10-05T02:13:28.106182Z,KXBTC15M-26OCT042215-15,0.9530,0.01,no
2026-10-05T02:13:28.106182Z,KXBTC15M-26OCT042215-15,0.9520,0.01,no
2026-10-05T02:13:28.122581Z,KXBTC15M-26OCT042215-15,0.9490,52.91,no
2026-10-05T02:13:28.131416Z,KXBTC15M-26OCT042215-15,0.9540,29.25,yes
2026-10-05T02:13:28.156382Z,KXBTC15M-26OCT042215-15,0.9540,98.49,yes
2026-10-05T02:13:28.183409Z,KXBTC15M-26OCT042215-15,0.9530,0.01,no
2026-10-05T02:13:28.183409Z,KXBTC15M-26OCT042215-15,0.9530,0.01,no
2026-10-05T02:13:28.183409Z,KXBTC15M-26OCT042215-15,0.9530,1.05,no
2026-10-05T02:13:28.200714Z,KXBTC15M-26OCT042215-15,0.9530,0.01,no
2026-10-05T02:13:28.200714Z,KXBTC15M-26OCT042215-15,0.9530,0.01,no
2026-10-05T02:13:28.200714Z,KXBTC15M-26OCT042215-15,0.9500,0.98,no
2026-10-05T02:13:28.221091Z,KXBTC15M-26OCT042215-15,0.9510,2.19,no
2026-10-05T02:13:28.289933Z,KXBTC15M-26OCT042215-15,0.9520,0.44,no
2026-10-05T02:13:28.294803Z,KXBTC15M-26OCT042215-15,0.9520,0.01,no
2026-10-05T02:13:28.294803Z,KXBTC15M-26OCT042215-15,0.9510,0.83,no
2026-10-05T02:13:28.294803Z,KXBTC15M-26OCT042215-15,0.9520,0.60,no
2026-10-05T02:13:28.294803Z,KXBTC15M-26OCT042215-15,0.9520,0.01,no
2026-10-05T02:13:28.332792Z,KXBTC15M-26OCT042215-15,0.9540,500.00,yes
2026-10-05T02:13:28.332792Z,KXBTC15M-26OCT042215-15,0.9540,35.98,yes
2026-10-05T02:13:28.332792Z,KXBTC15M-26OCT042215-15,0.9540,0.01,yes
2026-10-05T02:13:28.332792Z,KXBTC15M-26OCT042215-15,0.9540,8.00,yes
2026-10-05T02:13:28.332792Z,KXBTC15M-26OCT042215-15,0.9540,0.01,yes
2026-10-05T02:13:28.353834Z,KXBTC15M-26OCT042215-15,0.9540,0.01,yes
2026-10-05T02:13:28.353834Z,KXBTC15M-26OCT042215-15,0.9550,0.01,yes
2026-10-05T02:13:28.387088Z,KXBTC15M-26OCT042215-15,0.9550,0.01,yes
2026-10-05T02:13:28.387088Z,KXBTC15M-26OCT042215-15,0.9550,0.01,yes
2026-10-05T02:13:28.387088Z,KXBTC15M-26OCT042215-15,0.9570,0.43,yes
2026-10-05T02:13:28.387088Z,KXBTC15M-26OCT042215-15,0.9560,0.01,yes
2026-10-05T02:13:28.387088Z,KXBTC15M-26OCT042215-15,0.9560,0.01,yes
2026-10-05T02:13:28.387088Z,KXBTC15M-26OCT042215-15,0.9570,16.00,yes
2026-10-05T02:13:28.436424Z,KXBTC15M-26OCT042215-15,0.9540,2.56,no
2026-10-05T02:13:28.472479Z,KXBTC15M-26OCT042215-15,0.9550,0.01,yes
2026-10-05T02:13:28.472479Z,KXBTC15M-26OCT042215-15,0.9560,0.49,yes
2026-10-05T02:13:28.472479Z,KXBTC15M-26OCT042215-15,0.9550,0.01,yes
2026-10-05T02:13:28.497434Z,KXBTC15M-26OCT042215-15,0.9540,6.00,no
2026-10-05T02:13:28.497434Z,KXBTC15M-26OCT042215-15,0.9540,0.01,no
2026-10-05T02:13:28.497434Z,KXBTC15M-26OCT042215-15,0.9540,6.44,no
2026-10-05T02:13:28.497434Z,KXBTC15M-26OCT042215-15,0.9540,2.56,no
2026-10-05T02:13:28.497434Z,KXBTC15M-26OCT042215-15,0.9530,74.82,no
2026-10-05T02:13:28.497434Z,KXBTC15M-26OCT042215-15,0.9540,0.01,no
2026-10-05T02:13:28.498458Z,KXBTC15M-26OCT042215-15,0.9560,42.66,yes
2026-10-05T02:13:28.498458Z,KXBTC15M-26OCT042215-15,0.9550,0.01,yes
2026-10-05T02:13:28.498458Z,KXBTC15M-26OCT042215-15,0.9560,124.51,yes
2026-10-05T02:13:28.498458Z,KXBTC15M-26OCT042215-15,0.9550,0.01,yes
2026-10-05T02:13:28.505539Z,KXBTC15M-26OCT042215-15,0.9540,0.01,no
2026-10-05T02:13:28.505539Z,KXBTC15M-26OCT042215-15,0.9540,9.00,no
2026-10-05T02:13:28.505539Z,KXBTC15M-26OCT042215-15,0.9540,0.01,no
2026-10-05T02:13:28.505726Z,KXBTC15M-26OCT042215-15,0.9550,0.01,yes
2026-10-05T02:13:28.505726Z,KXBTC15M-26OCT042215-15,0.9560,59.88,yes
2026-10-05T02:13:28.505726Z,KXBTC15M-26OCT042215-15,0.9560,0.01,yes
2026-10-05T02:13:28.586905Z,KXBTC15M-26OCT042215-15,0.9540,0.01,no
2026-10-05T02:13:28.586905Z,KXBTC15M-26OCT042215-15,0.9540,137.98,no
2026-10-05T02:13:28.586905Z,KXBTC15M-26OCT042215-15,0.9540,84.00,no
2026-10-05T02:13:28.586905Z,KXBTC15M-26OCT042215-15,0.9540,9.00,no
2026-10-05T02:13:28.586905Z,KXBTC15M-26OCT042215-15,0.9540,0.01,no
2026-10-05T02:13:28.600693Z,KXBTC15M-26OCT042215-15,0.9550,0.01,yes
2026-10-05T02:13:28.600693Z,KXBTC15M-26OCT042215-15,0.9550,122.00,yes
2026-10-05T02:13:28.600693Z,KXBTC15M-26OCT042215-15,0.9560,315.55,yes
2026-10-05T02:13:28.600693Z,KXBTC15M-26OCT042215-15,0.9550,0.01,yes
2026-10-05T02:13:28.687977Z,KXBTC15M-26OCT042215-15,0.9560,1.04,yes
2026-10-05T02:13:28.75148Z,KXBTC15M-26OCT042215-15,0.9560,1.04,yes
2026-10-05T02:13:28.777796Z,KXBTC15M-26OCT042215-15,0.9560,500.00,yes
2026-10-05T02:13:28.777796Z,KXBTC15M-26OCT042215-15,0.9600,77.00,yes
2026-10-05T02:13:28.777796Z,KXBTC15M-26OCT042215-15,0.9560,0.01,yes
2026-10-05T02:13:28.777796Z,KXBTC15M-26OCT042215-15,0.9600,93.75,yes
2026-10-05T02:13:28.777796Z,KXBTC15M-26OCT042215-15,0.9570,149.57,yes
2026-10-05T02:13:28.777796Z,KXBTC15M-26OCT042215-15,0.9600,15.00,yes
2026-10-05T02:13:28.777796Z,KXBTC15M-26OCT042215-15,0.9600,93.75,yes
2026-10-05T02:13:28.777796Z,KXBTC15M-26OCT042215-15,0.9590,15.00,yes
2026-10-05T02:13:28.777796Z,KXBTC15M-26OCT042215-15,0.9600,64.00,yes
2026-10-05T02:13:28.777796Z,KXBTC15M-26OCT042215-15,0.9600,64.00,yes
2026-10-05T02:13:28.777796Z,KXBTC15M-26OCT042215-15,0.9560,200.00,yes
2026-10-05T02:13:28.777796Z,KXBTC15M-26OCT042215-15,0.9600,15.00,yes
2026-10-05T02:13:28.777796Z,KXBTC15M-26OCT042215-15,0.9560,182.37,yes
2026-10-05T02:13:28.777796Z,KXBTC15M-26OCT042215-15,0.9560,0.01,yes
2026-10-05T02:13:28.792115Z,KXBTC15M-26OCT042215-15,0.9600,12.12,no
2026-10-05T02:13:28.807556Z,KXBTC15M-26OCT042215-15,0.9600,146.00,no
2026-10-05T02:13:28.807885Z,KXBTC15M-26OCT042215-15,0.9600,258.00,no
2026-10-05T02:13:28.813617Z,KXBTC15M-26OCT042215-15,0.9600,1.51,no
2026-10-05T02:13:28.84724Z,KXBTC15M-26OCT042215-15,0.9600,150.00,no
2026-10-05T02:13:28.872605Z,KXBTC15M-26OCT042215-15,0.9600,1.00,no
2026-10-05T02:13:28.926727Z,KXBTC15M-26OCT042215-15,0.9610,0.47,yes
2026-10-05T02:13:28.926727Z,KXBTC15M-26OCT042215-15,0.9610,1.00,yes
2026-10-05T02:13:28.938895Z,KXBTC15M-26OCT042215-15,0.9610,141.00,yes
2026-10-05T02:13:28.938895Z,KXBTC15M-26OCT042215-15,0.9610,0.01,yes
2026-10-05T02:13:28.938895Z,KXBTC15M-26OCT042215-15,0.9610,150.00,yes
2026-10-05T02:13:28.938895Z,KXBTC15M-26OCT042215-15,0.9610,16.00,yes
2026-10-05T02:13:28.938895Z,KXBTC15M-26OCT042215-15,0.9610,500.00,yes
2026-10-05T02:13:28.938895Z,KXBTC15M-26OCT042215-15,0.9610,252.44,yes
2026-10-05T02:13:28.938895Z,KXBTC15M-26OCT042215-15,0.9610,200.00,yes
2026-10-05T02:13:28.938895Z,KXBTC15M-26OCT042215-15,0.9610,0.01,yes
2026-10-05T02:13:29.04724Z,KXBTC15M-26OCT042215-15,0.9600,101.89,no
2026-10-05T02:13:29.050922Z,KXBTC15M-26OCT042215-15,0.9610,0.01,yes
2026-10-05T02:13:29.050922Z,KXBTC15M-26OCT042215-15,0.9610,0.01,yes
2026-10-05T02:13:29.118644Z,KXBTC15M-26OCT042215-15,0.9610,0.01,yes
2026-10-05T02:13:29.118644Z,KXBTC15M-26OCT042215-15,0.9620,0.77,yes
2026-10-05T02:13:29.118644Z,KXBTC15M-26OCT042215-15,0.9620,0.01,yes
2026-10-05T02:13:29.118644Z,KXBTC15M-26OCT042215-15,0.9620,0.01,yes
2026-10-05T02:13:29.118644Z,KXBTC15M-26OCT042215-15,0.9610,0.01,yes
2026-10-05T02:13:29.151944Z,KXBTC15M-26OCT042215-15,0.9600,5.85,no
2026-10-05T02:13:29.250663Z,KXBTC15M-26OCT042215-15,0.9600,23.42,no
2026-10-05T02:13:29.278826Z,KXBTC15M-26OCT042215-15,0.9610,0.01,yes
2026-10-05T02:13:29.278826Z,KXBTC15M-26OCT042215-15,0.9610,0.01,yes
2026-10-05T02:13:29.304959Z,KXBTC15M-26OCT042215-15,0.9640,7.11,yes
2026-10-05T02:13:29.310419Z,KXBTC15M-26OCT042215-15,0.9630,454.42,no
2026-10-05T02:13:29.322696Z,KXBTC15M-26OCT042215-15,0.9630,0.46,no
2026-10-05T02:13:29.323756Z,KXBTC15M-26OCT042215-15,0.9630,90.23,no
2026-10-05T02:13:29.347807Z,KXBTC15M-26OCT042215-15,0.9640,38.13,yes
2026-10-05T02:13:29.348632Z,KXBTC15M-26OCT042215-15,0.9640,1.03,yes
2026-10-05T02:13:29.40096Z,KXBTC15M-26OCT042215-15,0.9630,117.12,no
2026-10-05T02:13:29.404498Z,KXBTC15M-26OCT042215-15,0.9640,30.61,yes
2026-10-05T02:13:29.428575Z,KXBTC15M-26OCT042215-15,0.9630,23.42,no
2026-10-05T02:13:29.428693Z,KXBTC15M-26OCT042215-15,0.9670,39.30,yes
2026-10-05T02:13:29.428693Z,KXBTC15M-26OCT042215-15,0.9640,0.01,yes
2026-10-05T02:13:29.428693Z,KXBTC15M-26OCT042215-15,0.9640,15.00,yes
2026-10-05T02:13:29.428693Z,KXBTC15M-26OCT042215-15,0.9640,0.01,yes
2026-10-05T02:13:29.428693Z,KXBTC15M-26OCT042215-15,0.9660,51.37,yes
2026-10-05T02:13:29.428693Z,KXBTC15M-26OCT042215-15,0.9640,73.12,yes
2026-10-05T02:13:29.429306Z,KXBTC15M-26OCT042215-15,0.9670,14.21,yes
2026-10-05T02:13:29.486978Z,KXBTC15M-26OCT042215-15,0.9640,2.01,yes
2026-10-05T02:13:29.533705Z,KXBTC15M-26OCT042215-15,0.9630,25.00,no
2026-10-05T02:13:29.56084Z,KXBTC15M-26OCT042215-15,0.9650,15.00,yes
2026-10-05T02:13:29.56084Z,KXBTC15M-26OCT042215-15,0.9650,150.00,yes
2026-10-05T02:13:29.561315Z,KXBTC15M-26OCT042215-15,0.9670,45.54,yes
2026-10-05T02:13:29.561315Z,KXBTC15M-26OCT042215-15,0.9660,2.00,yes
2026-10-05T02:13:29.562103Z,KXBTC15M-26OCT042215-15,0.9670,60.83,yes
2026-10-05T02:13:29.563353Z,KXBTC15M-26OCT042215-15,0.9670,101.69,yes
2026-10-05T02:13:29.565381Z,KXBTC15M-26OCT042215-15,0.9670,62.06,yes
2026-10-05T02:13:29.565381Z,KXBTC15M-26OCT042215-15,0.9690,9.00,yes
2026-10-05T02:13:29.565381Z,KXBTC15M-26OCT042215-15,0.9700,28.94,yes
2026-10-05T02:13:29.575798Z,KXBTC15M-26OCT042215-15,0.9670,43.72,yes
2026-10-05T02:13:29.575798Z,KXBTC15M-26OCT042215-15,0.9670,1.00,yes
2026-10-05T02:13:29.580969Z,KXBTC15M-26OCT042215-15,0.9670,1.00,yes
2026-10-05T02:13:29.581391Z,KXBTC15M-26OCT042215-15,0.9670,1.49,yes
2026-10-05T02:13:29.603311Z,KXBTC15M-26OCT042215-15,0.9700,200.00,yes
2026-10-05T02:13:29.631389Z,KXBTC15M-26OCT042215-15,0.9700,33.68,yes
2026-10-05T02:13:29.653659Z,KXBTC15M-26OCT042215-15,0.9700,303.94,yes
2026-10-05T02:13:29.657203Z,KXBTC15M-26OCT042215-15,0.9690,74.14,no
2026-10-05T02:13:29.7104Z,KXBTC15M-26OCT042215-15,0.9690,1.09,no
2026-10-05T02:13:29.762338Z,KXBTC15M-26OCT042215-15,0.9700,2.26,yes
2026-10-05T02:13:29.809648Z,KXBTC15M-26OCT042215-15,0.9690,46.85,no
2026-10-05T02:13:29.812703Z,KXBTC15M-26OCT042215-15,0.9690,50.64,no
2026-10-05T02:13:29.84907Z,KXBTC15M-26OCT042215-15,0.9690,25.00,no
2026-10-05T02:13:29.91854Z,KXBTC15M-26OCT042215-15,0.9700,50.69,yes
2026-10-05T02:13:29.931998Z,KXBTC15M-26OCT042215-15,0.9690,126.60,no
2026-10-05T02:13:30.007069Z,KXBTC15M-26OCT042215-15,0.9690,60.41,no
2026-10-05T02:13:30.035989Z,KXBTC15M-26OCT042215-15,0.9690,253.20,no
2026-10-05T02:13:30.055373Z,KXBTC15M-26OCT042215-15,0.9690,10.88,no
2026-10-05T02:13:30.059053Z,KXBTC15M-26OCT042215-15,0.9690,400.00,no
2026-10-05T02:13:30.072072Z,KXBTC15M-26OCT042215-15,0.9690,25.07,no
2026-10-05T02:13:30.12868Z,KXBTC15M-26OCT042215-15,0.9690,9.13,no
2026-10-05T02:13:30.201471Z,KXBTC15M-26OCT042215-15,0.9690,6.00,no
2026-10-05T02:13:30.233753Z,KXBTC15M-26OCT042215-15,0.9690,151.04,no
2026-10-05T02:13:30.266238Z,KXBTC15M-26OCT042215-15,0.9700,8.62,yes
2026-10-05T02:13:30.268298Z,KXBTC15M-26OCT042215-15,0.9700,0.26,yes
2026-10-05T02:13:30.276322Z,KXBTC15M-26OCT042215-15,0.9690,30.20,no
2026-10-05T02:13:30.317002Z,KXBTC15M-26OCT042215-15,0.9690,755.22,no
2026-10-05T02:13:30.367859Z,KXBTC15M-26OCT042215-15,0.9690,44.03,no
2026-10-05T02:13:30.367859Z,KXBTC15M-26OCT042215-15,0.9690,100.00,no
2026-10-05T02:13:30.402056Z,KXBTC15M-26OCT042215-15,0.9700,1.30,yes
2026-10-05T02:13:30.488843Z,KXBTC15M-26OCT042215-15,0.9700,25.71,yes
2026-10-05T02:13:30.511381Z,KXBTC15M-26OCT042215-15,0.9700,195.71,yes
2026-10-05T02:13:30.564145Z,KXBTC15M-26OCT042215-15,0.9690,0.01,no
2026-10-05T02:13:30.564145Z,KXBTC15M-26OCT042215-15,0.9690,55.97,no
2026-10-05T02:13:30.564145Z,KXBTC15M-26OCT042215-15,0.9690,0.01,no
2026-10-05T02:13:30.564145Z,KXBTC15M-26OCT042215-15,0.9690,4.42,no
2026-10-05T02:13:30.573625Z,KXBTC15M-26OCT042215-15,0.9690,1.59,no
2026-10-05T02:13:30.606003Z,KXBTC15M-26OCT042215-15,0.9690,158.79,no
2026-10-05T02:13:30.606003Z,KXBTC15M-26OCT042215-15,0.9690,393.99,no
2026-10-05T02:13:30.622016Z,KXBTC15M-26OCT042215-15,0.9700,78.53,yes
2026-10-05T02:13:30.649494Z,KXBTC15M-26OCT042215-15,0.9700,20.00,yes
2026-10-05T02:13:30.668186Z,KXBTC15M-26OCT042215-15,0.9690,85.00,no
2026-10-05T02:13:30.668186Z,KXBTC15M-26OCT042215-15,0.9690,0.01,no
2026-10-05T02:13:30.668186Z,KXBTC15M-26OCT042215-15,0.9690,100.00,no
2026-10-05T02:13:30.668186Z,KXBTC15M-26OCT042215-15,0.9690,98.00,no
2026-10-05T02:13:30.668186Z,KXBTC15M-26OCT042215-15,0.9690,0.01,no
2026-10-05T02:13:30.668186Z,KXBTC15M-26OCT042215-15,0.9690,0.01,no
2026-10-05T02:13:30.668186Z,KXBTC15M-26OCT042215-15,0.9690,2.00,no
2026-10-05T02:13:30.668186Z,KXBTC15M-26OCT042215-15,0.9690,56.79,no
2026-10-05T02:13:30.668186Z,KXBTC15M-26OCT042215-15,0.9690,105.02,no
2026-10-05T02:13:30.668186Z,KXBTC15M-26OCT042215-15,0.9690,2.00,no
2026-10-05T02:13:30.684653Z,KXBTC15M-26OCT042215-15,0.9690,5.98,no
2026-10-05T02:13:30.709751Z,KXBTC15M-26OCT042215-15,0.9700,133.73,yes
2026-10-05T02:13:30.79165Z,KXBTC15M-26OCT042215-15,0.9690,0.01,no
2026-10-05T02:13:30.79165Z,KXBTC15M-26OCT042215-15,0.9690,42.92,no
2026-10-05T02:13:30.79165Z,KXBTC15M-26OCT042215-15,0.9690,0.01,no
2026-10-05T02:13:30.799796Z,KXBTC15M-26OCT042215-15,0.9690,5.13,no
2026-10-05T02:13:30.801248Z,KXBTC15M-26OCT042215-15,0.9690,3.02,no
2026-10-05T02:13:30.817292Z,KXBTC15M-26OCT042215-15,0.9690,48.93,no
2026-10-05T02:13:30.817292Z,KXBTC15M-26OCT042215-15,0.9690,98.11,no
2026-10-05T02:13:30.817292Z,KXBTC15M-26OCT042215-15,0.9690,2.00,no
2026-10-05T02:13:30.817292Z,KXBTC15M-26OCT042215-15,0.9690,2.00,no
2026-10-05T02:13:30.819155Z,KXBTC15M-26OCT042215-15,0.9690,1.89,no
2026-10-05T02:13:30.819155Z,KXBTC15M-26OCT042215-15,0.9690,275.50,no
2026-10-05T02:13:30.824411Z,KXBTC15M-26OCT042215-15,0.9690,258.85,no
2026-10-05T02:13:30.911411Z,KXBTC15M-26OCT042215-15,0.9690,23.80,no
2026-10-05T02:13:30.92556Z,KXBTC15M-26OCT042215-15,0.9700,12.19,yes
2026-10-05T02:13:31.016697Z,KXBTC15M-26OCT042215-15,0.9690,30.20,no
2026-10-05T02:13:31.018821Z,KXBTC15M-26OCT042215-15,0.9700,19.78,yes
2026-10-05T02:13:31.026778Z,KXBTC15M-26OCT042215-15,0.9690,10.82,no
2026-10-05T02:13:31.053607Z,KXBTC15M-26OCT042215-15,0.9700,12.80,yes
2026-10-05T02:13:31.100538Z,KXBTC15M-26OCT042215-15,0.9690,17.37,no
2026-10-05T02:13:31.100538Z,KXBTC15M-26OCT042215-15,0.9690,12.83,no
2026-10-05T02:13:31.193957Z,KXBTC15M-26OCT042215-15,0.9690,60.41,no
2026-10-05T02:13:31.221548Z,KXBTC15M-26OCT042215-15,0.9690,296.04,no
2026-10-05T02:13:31.233769Z,KXBTC15M-26OCT042215-15,0.9690,7.00,no
2026-10-05T02:13:31.233769Z,KXBTC15M-26OCT042215-15,0.9690,0.01,no
2026-10-05T02:13:31.233769Z,KXBTC15M-26OCT042215-15,0.9690,98.35,no
2026-10-05T02:13:31.233769Z,KXBTC15M-26OCT042215-15,0.9690,0.01,no
2026-10-05T02:13:31.25386Z,KXBTC15M-26OCT042215-15,0.9690,0.01,no
2026-10-05T02:13:31.25386Z,KXBTC15M-26OCT042215-15,0.9690,2.00,no
2026-10-05T02:13:31.25386Z,KXBTC15M-26OCT042215-15,0.9690,0.01,no
2026-10-05T02:13:31.25386Z,KXBTC15M-26OCT042215-15,0.9690,47.24,no
2026-10-05T02:13:31.25386Z,KXBTC15M-26OCT042215-15,0.9690,0.65,no
2026-10-05T02:13:31.25386Z,KXBTC15M-26OCT042215-15,0.9690,2.00,no
2026-10-05T02:13:31.25386Z,KXBTC15M-26OCT042215-15,0.9690,0.02,no
2026-10-05T02:13:31.280407Z,KXBTC15M-26OCT042215-15,0.9690,1.37,no
2026-10-05T02:13:31.2938Z,KXBTC15M-26OCT042215-15,0.9700,1543.14,yes
2026-10-05T02:13:31.319832Z,KXBTC15M-26OCT042215-15,0.9700,41.14,yes
2026-10-05T02:13:31.326037Z,KXBTC15M-26OCT042215-15,0.9700,3.91,yes
2026-10-05T02:13:31.335124Z,KXBTC15M-26OCT042215-15,0.9690,15.10,no
2026-10-05T02:13:31.406602Z,KXBTC15M-26OCT042215-15,0.9700,10.00,yes
2026-10-05T02:13:31.42707Z,KXBTC15M-26OCT042215-15,0.9690,31.18,no
2026-10-05T02:13:31.44902Z,KXBTC15M-26OCT042215-15,0.9700,1.02,yes
2026-10-05T02:13:31.465558Z,KXBTC15M-26OCT042215-15,0.9690,150.96,no
2026-10-05T02:13:31.513835Z,KXBTC15M-26OCT042215-15,0.9690,151.04,no
2026-10-05T02:13:31.549873Z,KXBTC15M-26OCT042215-15,0.9700,30.00,yes
2026-10-05T02:13:31.550076Z,KXBTC15M-26OCT042215-15,0.9690,2.00,no
2026-10-05T02:13:31.550076Z,KXBTC15M-26OCT042215-15,0.9690,2.00,no
2026-10-05T02:13:31.550076Z,KXBTC15M-26OCT042215-15,0.9690,0.01,no
2026-10-05T02:13:31.550076Z,KXBTC15M-26OCT042215-15,0.9690,22.87,no
2026-10-05T02:13:31.550076Z,KXBTC15M-26OCT042215-15,0.9690,0.01,no
2026-10-05T02:13:31.550076Z,KXBTC15M-26OCT042215-15,0.9690,3.11,no
2026-10-05T02:13:31.563161Z,KXBTC15M-26OCT042215-15,0.9700,200.00,yes
2026-10-05T02:13:31.563161Z,KXBTC15M-26OCT042215-15,0.9700,3270.73,yes
2026-10-05T02:13:31.563161Z,KXBTC15M-26OCT042215-15,0.9700,50.00,yes
2026-10-05T02:13:31.563161Z,KXBTC15M-26OCT042215-15,0.9730,0.79,yes
2026-10-05T02:13:31.563161Z,KXBTC15M-26OCT042215-15,0.9700,33.00,yes
2026-10-05T02:13:31.563161Z,KXBTC15M-26OCT042215-15,0.9740,119.73,yes
2026-10-05T02:13:31.563161Z,KXBTC15M-26OCT042215-15,0.9700,0.01,yes
2026-10-05T02:13:31.563161Z,KXBTC15M-26OCT042215-15,0.9730,203.00,yes
2026-10-05T02:13:31.563161Z,KXBTC15M-26OCT042215-15,0.9700,0.01,yes
2026-10-05T02:13:31.563161Z,KXBTC15M-26OCT042215-15,0.9730,9.00,yes
2026-10-05T02:13:31.563161Z,KXBTC15M-26OCT042215-15,0.9700,50.00,yes
2026-10-05T02:13:31.563161Z,KXBTC15M-26OCT042215-15,0.9700,0.58,yes
2026-10-05T02:13:31.563161Z,KXBTC15M-26OCT042215-15,0.9700,4.09,yes
2026-10-05T02:13:31.581283Z,KXBTC15M-26OCT042215-15,0.9700,26.00,no
2026-10-05T02:13:31.581283Z,KXBTC15M-26OCT042215-15,0.9700,2.00,no
2026-10-05T02:13:31.581283Z,KXBTC15M-26OCT042215-15,0.9700,2.00,no
2026-10-05T02:13:31.644408Z,KXBTC15M-26OCT042215-15,0.9710,30.20,no
2026-10-05T02:13:31.646265Z,KXBTC15M-26OCT042215-15,0.9710,83.80,no
2026-10-05T02:13:31.646265Z,KXBTC15M-26OCT042215-15,0.9710,6.82,no
2026-10-05T02:13:31.707788Z,KXBTC15M-26OCT042215-15,0.9730,0.01,yes
2026-10-05T02:13:31.707788Z,KXBTC15M-26OCT042215-15,0.9720,0.01,yes
2026-10-05T02:13:31.707788Z,KXBTC15M-26OCT042215-15,0.9730,0.01,yes
2026-10-05T02:13:31.707788Z,KXBTC15M-26OCT042215-15,0.9720,0.01,yes
2026-10-05T02:13:31.707788Z,KXBTC15M-26OCT042215-15,0.9740,2540.60,yes
2026-10-05T02:13:31.708838Z,KXBTC15M-26OCT042215-15,0.9710,0.01,no
2026-10-05T02:13:31.708838Z,KXBTC15M-26OCT042215-15,0.9710,0.01,no
2026-10-05T02:13:31.708838Z,KXBTC15M-26OCT042215-15,0.9710,12.00,no
2026-10-05T02:13:31.708838Z,KXBTC15M-26OCT042215-15,0.9710,83.05,no
2026-10-05T02:13:31.723886Z,KXBTC15M-26OCT042215-15,0.9710,19.41,no
2026-10-05T02:13:31.736948Z,KXBTC15M-26OCT042215-15,0.9710,30.20,no
2026-10-05T02:13:31.740683Z,KXBTC15M-26OCT042215-15,0.9740,4.64,yes
2026-10-05T02:13:31.740683Z,KXBTC15M-26OCT042215-15,0.9720,0.01,yes
2026-10-05T02:13:31.740683Z,KXBTC15M-26OCT042215-15,0.9720,0.01,yes
2026-10-05T02:13:31.789495Z,KXBTC15M-26OCT042215-15,0.9710,20.24,no
2026-10-05T02:13:31.868632Z,KXBTC15M-26OCT042215-15,0.9750,20.00,yes
2026-10-05T02:13:31.868632Z,KXBTC15M-26OCT042215-15,0.9780,2.00,yes
2026-10-05T02:13:31.868632Z,KXBTC15M-26OCT042215-15,0.9750,17.00,yes
2026-10-05T02:13:31.868632Z,KXBTC15M-26OCT042215-15,0.9750,150.00,yes
2026-10-05T02:13:31.868632Z,KXBTC15M-26OCT042215-15,0.9790,2.00,yes
2026-10-05T02:13:31.868632Z,KXBTC15M-26OCT042215-15,0.9740,12.36,yes
2026-10-05T02:13:31.868632Z,KXBTC15M-26OCT042215-15,0.9790,9.00,yes
2026-10-05T02:13:31.868632Z,KXBTC15M-26OCT042215-15,0.9740,0.01,yes
2026-10-05T02:13:31.868632Z,KXBTC15M-26OCT042215-15,0.9790,261.00,yes
2026-10-05T02:13:31.868632Z,KXBTC15M-26OCT042215-15,0.9790,2.00,yes
2026-10-05T02:13:31.868632Z,KXBTC15M-26OCT042215-15,0.9760,200.00,yes
2026-10-05T02:13:31.868632Z,KXBTC15M-26OCT042215-15,0.9770,239.00,yes
2026-10-05T02:13:31.868632Z,KXBTC15M-26OCT042215-15,0.9740,0.01,yes
2026-10-05T02:13:31.868632Z,KXBTC15M-26OCT042215-15,0.9780,250.00,yes
2026-10-05T02:13:31.868632Z,KXBTC15M-26OCT042215-15,0.9770,7.00,yes
2026-10-05T02:13:31.868632Z,KXBTC15M-26OCT042215-15,0.9750,25.00,yes
2026-10-05T02:13:31.868632Z,KXBTC15M-26OCT042215-15,0.9800,431.76,yes
2026-10-05T02:13:31.868632Z,KXBTC15M-26OCT042215-15,0.9800,364.86,yes
2026-10-05T02:13:31.891874Z,KXBTC15M-26OCT042215-15,0.9730,0.01,no
2026-10-05T02:13:31.914449Z,KXBTC15M-26OCT042215-15,0.9730,2.47,no
2026-10-05T02:13:31.927717Z,KXBTC15M-26OCT042215-15,0.9730,20.98,no
2026-10-05T02:13:31.94308Z,KXBTC15M-26OCT042215-15,0.9730,10.86,no
2026-10-05T02:13:32.020736Z,KXBTC15M-26OCT042215-15,0.9730,2.47,no
2026-10-05T02:13:32.089565Z,KXBTC15M-26OCT042215-15,0.9730,2.47,no
2026-10-05T02:13:32.110095Z,KXBTC15M-26OCT042215-15,0.9740,1.00,yes
2026-10-05T02:13:32.110095Z,KXBTC15M-26OCT042215-15,0.9740,0.01,yes
2026-10-05T02:13:32.110095Z,KXBTC15M-26OCT042215-15,0.9740,0.01,yes
2026-10-05T02:13:32.110659Z,KXBTC15M-26OCT042215-15,0.9740,2.00,yes
2026-10-05T02:13:32.11192Z,KXBTC15M-26OCT042215-15,0.9730,151.04,no
2026-10-05T02:13:32.113553Z,KXBTC15M-26OCT042215-15,0.9730,64.57,no
2026-10-05T02:13:32.117966Z,KXBTC15M-26OCT042215-15,0.9730,32.28,no
2026-10-05T02:13:32.16292Z,KXBTC15M-26OCT042215-15,0.9730,50.00,no
2026-10-05T02:13:32.201995Z,KXBTC15M-26OCT042215-15,0.9740,0.01,yes
2026-10-05T02:13:32.204162Z,KXBTC15M-26OCT042215-15,0.9790,9.00,yes
2026-10-05T02:13:32.204162Z,KXBTC15M-26OCT042215-15,0.9760,150.00,yes
2026-10-05T02:13:32.204162Z,KXBTC15M-26OCT042215-15,0.9780,24.00,yes
2026-10-05T02:13:32.204162Z,KXBTC15M-26OCT042215-15,0.9800,331.54,yes
2026-10-05T02:13:32.217374Z,KXBTC15M-26OCT042215-15,0.9760,0.47,no
2026-10-05T02:13:32.217374Z,KXBTC15M-26OCT042215-15,0.9760,2.00,no
2026-10-05T02:13:32.239822Z,KXBTC15M-26OCT042215-15,0.9760,17.00,no
2026-10-05T02:13:32.240052Z,KXBTC15M-26OCT042215-15,0.9760,150.00,no
2026-10-05T02:13:32.242172Z,KXBTC15M-26OCT042215-15,0.9760,13.29,no
2026-10-05T02:13:32.260369Z,KXBTC15M-26OCT042215-15,0.9760,17.95,no
2026-10-05T02:13:32.35895Z,KXBTC15M-26OCT042215-15,0.9770,1.00,yes
2026-10-05T02:13:32.35895Z,KXBTC15M-26OCT042215-15,0.9770,150.00,yes
2026-10-05T02:13:32.35895Z,KXBTC15M-26OCT042215-15,0.9770,17.00,yes
2026-10-05T02:13:32.364578Z,KXBTC15M-26OCT042215-15,0.9780,17.00,yes
2026-10-05T02:13:32.364578Z,KXBTC15M-26OCT042215-15,0.9800,83.00,yes
2026-10-05T02:13:32.364753Z,KXBTC15M-26OCT042215-15,0.9800,0.02,yes
2026-10-05T02:13:32.372464Z,KXBTC15M-26OCT042215-15,0.9800,99.20,yes
2026-10-05T02:13:32.372464Z,KXBTC15M-26OCT042215-15,0.9800,100.00,yes
2026-10-05T02:13:32.372464Z,KXBTC15M-26OCT042215-15,0.9800,373.55,yes
2026-10-05T02:13:32.372464Z,KXBTC15M-26OCT042215-15,0.9800,5.24,yes
2026-10-05T02:13:32.372464Z,KXBTC15M-26OCT042215-15,0.9800,6.09,yes
2026-10-05T02:13:32.38335Z,KXBTC15M-26OCT042215-15,0.9800,89.00,yes
2026-10-05T02:13:32.383394Z,KXBTC15M-26OCT042215-15,0.9800,88.00,yes
2026-10-05T02:13:32.383419Z,KXBTC15M-26OCT042215-15,0.9800,0.02,yes
2026-10-05T02:13:32.397302Z,KXBTC15M-26OCT042215-15,0.9800,100.00,yes
2026-10-05T02:13:32.397506Z,KXBTC15M-26OCT042215-15,0.9800,4.00,yes
2026-10-05T02:13:32.410495Z,KXBTC15M-26OCT042215-15,0.9800,3.00,yes
2026-10-05T02:13:32.411968Z,KXBTC15M-26OCT042215-15,0.9800,3.00,yes
2026-10-05T02:13:32.412154Z,KXBTC15M-26OCT042215-15,0.9800,3.00,yes
2026-10-05T02:13:32.413554Z,KXBTC15M-26OCT042215-15,0.9800,3.00,yes
2026-10-05T02:13:32.414937Z,KXBTC15M-26OCT042215-15,0.9800,7.00,yes
2026-10-05T02:13:32.415218Z,KXBTC15M-26OCT042215-15,0.9800,7.00,yes
2026-10-05T02:13:32.429Z,KXBTC15M-26OCT042215-15,0.9800,3.00,yes
2026-10-05T02:13:32.435554Z,KXBTC15M-26OCT042215-15,0.9800,12.85,yes
2026-10-05T02:13:32.435554Z,KXBTC15M-26OCT042215-15,0.9800,4.15,yes
2026-10-05T02:13:32.444631Z,KXBTC15M-26OCT042215-15,0.9790,32.24,no
2026-10-05T02:13:32.45572Z,KXBTC15M-26OCT042215-15,0.9800,245.12,yes
2026-10-05T02:13:32.45572Z,KXBTC15M-26OCT042215-15,0.9800,164.88,yes
2026-10-05T02:13:32.492511Z,KXBTC15M-26OCT042215-15,0.9800,7.99,yes
2026-10-05T02:13:32.494355Z,KXBTC15M-26OCT042215-15,0.9790,0.34,no
2026-10-05T02:13:32.519745Z,KXBTC15M-26OCT042215-15,0.9790,11.44,no
2026-10-05T02:13:32.540188Z,KXBTC15M-26OCT042215-15,0.9790,0.62,no
2026-10-05T02:13:32.614714Z,KXBTC15M-26OCT042215-15,0.9790,69.35,no
2026-10-05T02:13:32.659952Z,KXBTC15M-26OCT042215-15,0.9790,34.67,no
2026-10-05T02:13:32.676906Z,KXBTC15M-26OCT042215-15,0.9800,849.51,yes
2026-10-05T02:13:32.762382Z,KXBTC15M-26OCT042215-15,0.9800,2.04,yes
2026-10-05T02:13:32.776199Z,KXBTC15M-26OCT042215-15,0.9810,103.92,yes
2026-10-05T02:13:32.776199Z,KXBTC15M-26OCT042215-15,0.9810,20.00,yes
2026-10-05T02:13:32.776199Z,KXBTC15M-26OCT042215-15,0.9800,10.25,yes
2026-10-05T02:13:32.776199Z,KXBTC15M-26OCT042215-15,0.9800,50.00,yes
2026-10-05T02:13:32.776199Z,KXBTC15M-26OCT042215-15,0.9800,200.00,yes
2026-10-05T02:13:32.776199Z,KXBTC15M-26OCT042215-15,0.9800,29.60,yes
2026-10-05T02:13:32.802859Z,KXBTC15M-26OCT042215-15,0.9810,40.00,yes
2026-10-05T02:13:32.806116Z,KXBTC15M-26OCT042215-15,0.9800,0.34,no
2026-10-05T02:13:32.930299Z,KXBTC15M-26OCT042215-15,0.9810,1.00,yes
2026-10-05T02:13:32.930299Z,KXBTC15M-26OCT042215-15,0.9820,71.92,yes
2026-10-05T02:13:32.930299Z,KXBTC15M-26OCT042215-15,0.9810,6.08,yes
2026-10-05T02:13:32.930299Z,KXBTC15M-26OCT042215-15,0.9820,20.00,yes
2026-10-05T02:13:32.930299Z,KXBTC15M-26OCT042215-15,0.9810,1.00,yes
2026-10-05T02:13:32.981825Z,KXBTC15M-26OCT042215-15,0.9830,1.00,yes
2026-10-05T02:13:32.981825Z,KXBTC15M-26OCT042215-15,0.9820,1.00,yes
2026-10-05T02:13:32.981825Z,KXBTC15M-26OCT042215-15,0.9820,78.08,yes
2026-10-05T02:13:32.981825Z,KXBTC15M-26OCT042215-15,0.9830,20.00,yes
2026-10-05T02:13:32.981825Z,KXBTC15M-26OCT042215-15,0.9840,23.74,yes
2026-10-05T02:13:32.981825Z,KXBTC15M-26OCT042215-15,0.9830,150.00,yes
2026-10-05T02:13:32.981825Z,KXBTC15M-26OCT042215-15,0.9840,988.00,yes
2026-10-05T02:13:32.981825Z,KXBTC15M-26OCT042215-15,0.9840,20.00,yes
2026-10-05T02:13:32.981825Z,KXBTC15M-26OCT042215-15,0.9820,500.00,yes
2026-10-05T02:13:32.981825Z,KXBTC15M-26OCT042215-15,0.9830,11.00,yes
2026-10-05T02:13:32.981825Z,KXBTC15M-26OCT042215-15,0.9820,1.00,yes
2026-10-05T02:13:32.981825Z,KXBTC15M-26OCT042215-15,0.9820,500.00,yes
2026-10-05T02:13:32.982642Z,KXBTC15M-26OCT042215-15,0.9840,25.02,yes
2026-10-05T02:13:33.005654Z,KXBTC15M-26OCT042215-15,0.9840,186.23,yes
2026-10-05T02:13:33.031896Z,KXBTC15M-26OCT042215-15,0.9830,12.00,no
2026-10-05T02:13:33.031896Z,KXBTC15M-26OCT042215-15,0.9830,0.01,no
2026-10-05T02:13:33.031896Z,KXBTC15M-26OCT042215-15,0.9830,2.00,no
2026-10-05T02:13:33.031896Z,KXBTC15M-26OCT042215-15,0.9830,101.99,no
2026-10-05T02:13:33.06064Z,KXBTC15M-26OCT042215-15,0.9830,2.00,no
2026-10-05T02:13:33.072127Z,KXBTC15M-26OCT042215-15,0.9830,0.01,no
2026-10-05T02:13:33.072127Z,KXBTC15M-26OCT042215-15,0.9830,0.01,no
2026-10-05T02:13:33.072127Z,KXBTC15M-26OCT042215-15,0.9830,100.00,no
2026-10-05T02:13:33.072127Z,KXBTC15M-26OCT042215-15,0.9830,400.00,no
2026-10-05T02:13:33.077319Z,KXBTC15M-26OCT042215-15,0.9840,1.01,yes
2026-10-05T02:13:33.083504Z,KXBTC15M-26OCT042215-15,0.9840,100.00,yes
2026-10-05T02:13:33.088267Z,KXBTC15M-26OCT042215-15,0.9830,0.01,no
2026-10-05T02:13:33.088267Z,KXBTC15M-26OCT042215-15,0.9830,2.00,no
2026-10-05T02:13:33.088267Z,KXBTC15M-26OCT042215-15,0.9830,82.99,no
2026-10-05T02:13:33.115393Z,KXBTC15M-26OCT042215-15,0.9830,2.00,no
2026-10-05T02:13:33.115393Z,KXBTC15M-26OCT042215-15,0.9830,0.01,no
2026-10-05T02:13:33.115393Z,KXBTC15M-26OCT042215-15,0.9830,0.01,no
2026-10-05T02:13:33.115393Z,KXBTC15M-26OCT042215-15,0.9830,100.00,no
2026-10-05T02:13:33.12486Z,KXBTC15M-26OCT042215-15,0.9830,0.01,no
2026-10-05T02:13:33.12486Z,KXBTC15M-26OCT042215-15,0.9830,99.98,no
2026-10-05T02:13:33.12486Z,KXBTC15M-26OCT042215-15,0.9830,0.01,no
2026-10-05T02:13:33.127175Z,KXBTC15M-26OCT042215-15,0.9830,3.67,no
2026-10-05T02:13:33.154294Z,KXBTC15M-26OCT042215-15,0.9840,40.00,yes
2026-10-05T02:13:33.166701Z,KXBTC15M-26OCT042215-15,0.9830,0.01,no
2026-10-05T02:13:33.166701Z,KXBTC15M-26OCT042215-15,0.9830,0.01,no
2026-10-05T02:13:33.166701Z,KXBTC15M-26OCT042215-15,0.9830,99.98,no
2026-10-05T02:13:33.180943Z,KXBTC15M-26OCT042215-15,0.9840,284.00,yes
2026-10-05T02:13:33.180943Z,KXBTC15M-26OCT042215-15,0.9840,314.52,yes
2026-10-05T02:13:33.210844Z,KXBTC15M-26OCT042215-15,0.9830,3.67,no
2026-10-05T02:13:33.211186Z,KXBTC15M-26OCT042215-15,0.9830,3.65,no
2026-10-05T02:13:33.211186Z,KXBTC15M-26OCT042215-15,0.9830,0.01,no
2026-10-05T02:13:33.211186Z,KXBTC15M-26OCT042215-15,0.9830,100.00,no
2026-10-05T02:13:33.211186Z,KXBTC15M-26OCT042215-15,0.9830,396.33,no
2026-10-05T02:13:33.211186Z,KXBTC15M-26OCT042215-15,0.9830,0.01,no
2026-10-05T02:13:33.216657Z,KXBTC15M-26OCT042215-15,0.9840,30.52,yes
2026-10-05T02:13:33.216657Z,KXBTC15M-26OCT042215-15,0.9840,69.48,yes
2026-10-05T02:13:33.222915Z,KXBTC15M-26OCT042215-15,0.9830,23.17,no
2026-10-05T02:13:33.230238Z,KXBTC15M-26OCT042215-15,0.9830,218.17,no
2026-10-05T02:13:33.245619Z,KXBTC15M-26OCT042215-15,0.9830,2.00,no
2026-10-05T02:13:33.259129Z,KXBTC15M-26OCT042215-15,0.9830,1.45,no
2026-10-05T02:13:33.259129Z,KXBTC15M-26OCT042215-15,0.9830,67.53,no
2026-10-05T02:13:33.259129Z,KXBTC15M-26OCT042215-15,0.9830,2.00,no
2026-10-05T02:13:33.259129Z,KXBTC15M-26OCT042215-15,0.9830,400.00,no
2026-10-05T02:13:33.259129Z,KXBTC15M-26OCT042215-15,0.9830,0.01,no
2026-10-05T02:13:33.259129Z,KXBTC15M-26OCT042215-15,0.9830,100.00,no
2026-10-05T02:13:33.259129Z,KXBTC15M-26OCT042215-15,0.9830,13.00,no
2026-10-05T02:13:33.259129Z,KXBTC15M-26OCT042215-15,0.9830,0.01,no
2026-10-05T02:13:33.272286Z,KXBTC15M-26OCT042215-15,0.9830,3.67,no
2026-10-05T02:13:33.295896Z,KXBTC15M-26OCT042215-15,0.9840,9.96,yes
2026-10-05T02:13:33.305152Z,KXBTC15M-26OCT042215-15,0.9830,399.10,no
2026-10-05T02:13:33.305152Z,KXBTC15M-26OCT042215-15,0.9830,25.40,no
2026-10-05T02:13:33.305152Z,KXBTC15M-26OCT042215-15,0.9830,100.00,no
2026-10-05T02:13:33.305152Z,KXBTC15M-26OCT042215-15,0.9830,0.01,no
2026-10-05T02:13:33.305152Z,KXBTC15M-26OCT042215-15,0.9830,0.01,no
2026-10-05T02:13:33.305152Z,KXBTC15M-26OCT042215-15,0.9830,69.48,no
2026-10-05T02:13:33.312994Z,KXBTC15M-26OCT042215-15,0.9820,92.78,no
2026-10-05T02:13:33.312994Z,KXBTC15M-26OCT042215-15,0.9830,100.00,no
2026-10-05T02:13:33.312994Z,KXBTC15M-26OCT042215-15,0.9830,0.01,no
2026-10-05T02:13:33.312994Z,KXBTC15M-26OCT042215-15,0.9830,0.01,no
2026-10-05T02:13:33.312994Z,KXBTC15M-26OCT042215-15,0.9830,13.00,no
2026-10-05T02:13:33.312994Z,KXBTC15M-26OCT042215-15,0.9820,2.00,no
2026-10-05T02:13:33.312994Z,KXBTC15M-26OCT042215-15,0.9820,2.00,no
2026-10-05T02:13:33.312994Z,KXBTC15M-26OCT042215-15,0.9820,304.54,no
2026-10-05T02:13:33.335859Z,KXBTC15M-26OCT042215-15,0.9830,3.67,no
2026-10-05T02:13:33.355744Z,KXBTC15M-26OCT042215-15,0.9830,2.00,no
2026-10-05T02:13:33.355744Z,KXBTC15M-26OCT042215-15,0.9830,0.01,no
2026-10-05T02:13:33.355744Z,KXBTC15M-26OCT042215-15,0.9830,54.69,no
2026-10-05T02:13:33.355744Z,KXBTC15M-26OCT042215-15,0.9830,100.00,no
2026-10-05T02:13:33.355744Z,KXBTC15M-26OCT042215-15,0.9830,6.29,no
2026-10-05T02:13:33.355744Z,KXBTC15M-26OCT042215-15,0.9830,0.01,no
2026-10-05T02:13:33.356558Z,KXBTC15M-26OCT042215-15,0.9830,248.00,no
2026-10-05T02:13:33.375471Z,KXBTC15M-26OCT042215-15,0.9840,54.48,yes
2026-10-05T02:13:33.375946Z,KXBTC15M-26OCT042215-15,0.9840,34.88,yes
2026-10-05T02:13:33.377344Z,KXBTC15M-26OCT042215-15,0.9830,0.01,no
2026-10-05T02:13:33.377344Z,KXBTC15M-26OCT042215-15,0.9830,50.57,no
2026-10-05T02:13:33.377344Z,KXBTC15M-26OCT042215-15,0.9830,0.01,no
2026-10-05T02:13:33.402162Z,KXBTC15M-26OCT042215-15,0.9830,3.67,no
2026-10-05T02:13:33.420318Z,KXBTC15M-26OCT042215-15,0.9830,308.18,no
2026-10-05T02:13:33.424954Z,KXBTC15M-26OCT042215-15,0.9830,88.15,no
2026-10-05T02:13:33.424954Z,KXBTC15M-26OCT042215-15,0.9830,13.00,no
2026-10-05T02:13:33.424954Z,KXBTC15M-26OCT042215-15,0.9830,100.00,no
2026-10-05T02:13:33.424954Z,KXBTC15M-26OCT042215-15,0.9830,0.01,no
2026-10-05T02:13:33.424954Z,KXBTC15M-26OCT042215-15,0.9830,24.83,no
2026-10-05T02:13:33.424954Z,KXBTC15M-26OCT042215-15,0.9830,0.01,no
2026-10-05T02:13:33.424954Z,KXBTC15M-26OCT042215-15,0.9830,200.00,no
2026-10-05T02:13:33.425335Z,KXBTC15M-26OCT042215-15,0.9830,29.65,no
2026-10-05T02:13:33.425335Z,KXBTC15M-26OCT042215-15,0.9830,34.88,no
2026-10-05T02:13:33.441929Z,KXBTC15M-26OCT042215-15,0.9830,13.00,no
2026-10-05T02:13:33.441929Z,KXBTC15M-26OCT042215-15,0.9830,0.01,no
2026-10-05T02:13:33.441929Z,KXBTC15M-26OCT042215-15,0.9830,0.01,no
2026-10-05T02:13:33.449767Z,KXBTC15M-26OCT042215-15,0.9830,93.58,no
2026-10-05T02:13:33.457908Z,KXBTC15M-26OCT042215-15,0.9830,147.00,no
2026-10-05T02:13:33.467561Z,KXBTC15M-26OCT042215-15,0.9830,3.67,no
2026-10-05T02:13:33.485308Z,KXBTC15M-26OCT042215-15,0.9840,1.00,yes
2026-10-05T02:13:33.485308Z,KXBTC15M-26OCT042215-15,0.9840,150.00,yes
2026-10-05T02:13:33.485308Z,KXBTC15M-26OCT042215-15,0.9840,254.16,yes
2026-10-05T02:13:33.485308Z,KXBTC15M-26OCT042215-15,0.9840,384.00,yes
2026-10-05T02:13:33.485308Z,KXBTC15M-26OCT042215-15,0.9840,384.00,yes
2026-10-05T02:13:33.485308Z,KXBTC15M-26OCT042215-15,0.9840,15.00,yes
2026-10-05T02:13:33.485308Z,KXBTC15M-26OCT042215-15,0.9840,0.01,yes
2026-10-05T02:13:33.485308Z,KXBTC15M-26OCT042215-15,0.9840,0.01,yes
2026-10-05T02:13:33.485308Z,KXBTC15M-26OCT042215-15,0.9840,11.00,yes
2026-10-05T02:13:33.498169Z,KXBTC15M-26OCT042215-15,0.9830,146.00,no
2026-10-05T02:13:33.50039Z,KXBTC15M-26OCT042215-15,0.9850,2.94,yes
2026-10-05T02:13:33.50039Z,KXBTC15M-26OCT042215-15,0.9850,6.00,yes
2026-10-05T02:13:33.50039Z,KXBTC15M-26OCT042215-15,0.9840,0.01,yes
2026-10-05T02:13:33.50039Z,KXBTC15M-26OCT042215-15,0.9840,0.01,yes
2026-10-05T02:13:33.525988Z,KXBTC15M-26OCT042215-15,0.9830,0.33,no
2026-10-05T02:13:33.605348Z,KXBTC15M-26OCT042215-15,0.9830,2.74,no
2026-10-05T02:13:33.605348Z,KXBTC15M-26OCT042215-15,0.9830,0.01,no
2026-10-05T02:13:33.605348Z,KXBTC15M-26OCT042215-15,0.9830,13.00,no
2026-10-05T02:13:33.605348Z,KXBTC15M-26OCT042215-15,0.9830,103.00,no
2026-10-05T02:13:33.605348Z,KXBTC15M-26OCT042215-15,0.9830,0.01,no
2026-10-05T02:13:33.608297Z,KXBTC15M-26OCT042215-15,0.9850,5.94,yes
2026-10-05T02:13:33.608297Z,KXBTC15M-26OCT042215-15,0.9840,0.01,yes
2026-10-05T02:13:33.608297Z,KXBTC15M-26OCT042215-15,0.9840,0.01,yes
2026-10-05T02:13:33.612273Z,KXBTC15M-26OCT042215-15,0.9830,19.00,no
2026-10-05T02:13:33.621939Z,KXBTC15M-26OCT042215-15,0.9840,0.01,yes
2026-10-05T02:13:33.621939Z,KXBTC15M-26OCT042215-15,0.9840,0.01,yes
2026-10-05T02:13:33.625614Z,KXBTC15M-26OCT042215-15,0.9830,0.06,no
2026-10-05T02:13:33.625614Z,KXBTC15M-26OCT042215-15,0.9840,0.98,no
2026-10-05T02:13:33.670134Z,KXBTC15M-26OCT042215-15,0.9850,101.49,yes
2026-10-05T02:13:33.670134Z,KXBTC15M-26OCT042215-15,0.9840,0.01,yes
2026-10-05T02:13:33.670134Z,KXBTC15M-26OCT042215-15,0.9840,0.01,yes
2026-10-05T02:13:33.704585Z,KXBTC15M-26OCT042215-15,0.9830,110.07,no
2026-10-05T02:13:33.718059Z,KXBTC15M-26OCT042215-15,0.9830,10.00,no
2026-10-05T02:13:33.769486Z,KXBTC15M-26OCT042215-15,0.9830,159.42,no
2026-10-05T02:13:33.769486Z,KXBTC15M-26OCT042215-15,0.9830,79.93,no
2026-10-05T02:13:33.783708Z,KXBTC15M-26OCT042215-15,0.9850,176.36,yes
2026-10-05T02:13:33.783708Z,KXBTC15M-26OCT042215-15,0.9840,0.01,yes
2026-10-05T02:13:33.783708Z,KXBTC15M-26OCT042215-15,0.9840,0.01,yes
2026-10-05T02:13:33.830319Z,KXBTC15M-26OCT042215-15,0.9850,3.78,yes
2026-10-05T02:13:33.830319Z,KXBTC15M-26OCT042215-15,0.9840,0.01,yes
2026-10-05T02:13:33.830319Z,KXBTC15M-26OCT042215-15,0.9840,0.01,yes
2026-10-05T02:13:33.876831Z,KXBTC15M-26OCT042215-15,0.9830,49.54,no
2026-10-05T02:13:33.914352Z,KXBTC15M-26OCT042215-15,0.9830,1.04,no
2026-10-05T02:13:33.93162Z,KXBTC15M-26OCT042215-15,0.9850,3.57,yes
2026-10-05T02:13:33.93162Z,KXBTC15M-26OCT042215-15,0.9840,0.01,yes
2026-10-05T02:13:33.93162Z,KXBTC15M-26OCT042215-15,0.9840,0.01,yes
2026-10-05T02:13:33.937758Z,KXBTC15M-26OCT042215-15,0.9830,25.38,no
2026-10-05T02:13:33.947814Z,KXBTC15M-26OCT042215-15,0.9830,148.62,no
2026-10-05T02:13:33.947814Z,KXBTC15M-26OCT042215-15,0.9830,13.18,no
2026-10-05T02:13:33.957175Z,KXBTC15M-26OCT042215-15,0.9830,34.11,no
2026-10-05T02:13:33.983527Z,KXBTC15M-26OCT042215-15,0.9830,52.83,no
2026-10-05T02:13:34.014128Z,KXBTC15M-26OCT042215-15,0.9830,27.52,no
2026-10-05T02:13:34.043931Z,KXBTC15M-26OCT042215-15,0.9830,22.36,no
2026-10-05T02:13:34.043931Z,KXBTC15M-26OCT042215-15,0.9830,8.53,no
2026-10-05T02:13:34.102332Z,KXBTC15M-26OCT042215-15,0.9830,4.27,no
2026-10-05T02:13:34.116695Z,KXBTC15M-26OCT042215-15,0.9840,0.01,yes
2026-10-05T02:13:34.116695Z,KXBTC15M-26OCT042215-15,0.9840,0.01,yes
2026-10-05T02:13:34.118346Z,KXBTC15M-26OCT042215-15,0.9830,5.50,no
2026-10-05T02:13:34.120173Z,KXBTC15M-26OCT042215-15,0.9830,5.50,no
2026-10-05T02:13:34.147794Z,KXBTC15M-26OCT042215-15,0.9830,0.52,no
2026-10-05T02:13:34.176699Z,KXBTC15M-26OCT042215-15,0.9830,275.18,no
2026-10-05T02:13:34.184289Z,KXBTC15M-26OCT042215-15,0.9830,14.89,no
2026-10-05T02:13:34.196945Z,KXBTC15M-26OCT042215-15,0.9830,7.24,no
2026-10-05T02:13:34.236653Z,KXBTC15M-26OCT042215-15,0.9830,19.36,no
2026-10-05T02:13:34.272567Z,KXBTC15M-26OCT042215-15,0.9850,148.11,yes
2026-10-05T02:13:34.272567Z,KXBTC15M-26OCT042215-15,0.9850,384.00,yes
2026-10-05T02:13:34.272567Z,KXBTC15M-26OCT042215-15,0.9850,89.92,yes
2026-10-05T02:13:34.272567Z,KXBTC15M-26OCT042215-15,0.9850,384.00,yes
2026-10-05T02:13:34.272567Z,KXBTC15M-26OCT042215-15,0.9840,0.01,yes
2026-10-05T02:13:34.272567Z,KXBTC15M-26OCT042215-15,0.9840,0.01,yes
2026-10-05T02:13:34.296022Z,KXBTC15M-26OCT042215-15,0.9850,1.17,yes
2026-10-05T02:13:34.296022Z,KXBTC15M-26OCT042215-15,0.9840,0.01,yes
2026-10-05T02:13:34.296022Z,KXBTC15M-26OCT042215-15,0.9840,0.01,yes
2026-10-05T02:13:34.352304Z,KXBTC15M-26OCT042215-15,0.9840,0.01,no
2026-10-05T02:13:34.352304Z,KXBTC15M-26OCT042215-15,0.9840,55.02,no
2026-10-05T02:13:34.352304Z,KXBTC15M-26OCT042215-15,0.9840,0.01,no
2026-10-05T02:13:34.385505Z,KXBTC15M-26OCT042215-15,0.9850,1.00,yes
2026-10-05T02:13:34.385505Z,KXBTC15M-26OCT042215-15,0.9850,0.72,yes
2026-10-05T02:13:34.385505Z,KXBTC15M-26OCT042215-15,0.9850,48.98,yes
2026-10-05T02:13:34.389616Z,KXBTC15M-26OCT042215-15,0.9850,59.66,yes
2026-10-05T02:13:34.403305Z,KXBTC15M-26OCT042215-15,0.9850,15.00,yes
2026-10-05T02:13:34.445992Z,KXBTC15M-26OCT042215-15,0.9840,34.12,no
2026-10-05T02:13:34.445992Z,KXBTC15M-26OCT042215-15,0.9840,200.00,no
2026-10-05T02:13:34.445992Z,KXBTC15M-26OCT042215-15,0.9840,99.00,no
2026-10-05T02:13:34.445992Z,KXBTC15M-26OCT042215-15,0.9840,44.98,no
2026-10-05T02:13:34.448338Z,KXBTC15M-26OCT042215-15,0.9840,55.04,no
2026-10-05T02:13:34.454211Z,KXBTC15M-26OCT042215-15,0.9840,7.17,no
2026-10-05T02:13:34.454694Z,KXBTC15M-26OCT042215-15,0.9840,39.86,no
2026-10-05T02:13:34.473557Z,KXBTC15M-26OCT042215-15,0.9850,1.00,yes
2026-10-05T02:13:34.518984Z,KXBTC15M-26OCT042215-15,0.9840,119.58,no
2026-10-05T02:13:34.527042Z,KXBTC15M-26OCT042215-15,0.9840,27.53,no
2026-10-05T02:13:34.537948Z,KXBTC15M-26OCT042215-15,0.9850,42.57,yes
2026-10-05T02:13:34.559705Z,KXBTC15M-26OCT042215-15,0.9840,112.63,no
2026-10-05T02:13:34.56758Z,KXBTC15M-26OCT042215-15,0.9850,14.59,yes
2026-10-05T02:13:34.580704Z,KXBTC15M-26OCT042215-15,0.9840,97.00,no
2026-10-05T02:13:34.580704Z,KXBTC15M-26OCT042215-15,0.9830,384.00,no
2026-10-05T02:13:34.580704Z,KXBTC15M-26OCT042215-15,0.9840,148.11,no
2026-10-05T02:13:34.580704Z,KXBTC15M-26OCT042215-15,0.9830,384.00,no
2026-10-05T02:13:34.580704Z,KXBTC15M-26OCT042215-15,0.9840,59.66,no
2026-10-05T02:13:34.580704Z,KXBTC15M-26OCT042215-15,0.9840,1.17,no
2026-10-05T02:13:34.580704Z,KXBTC15M-26OCT042215-15,0.9840,200.00,no
2026-10-05T02:13:34.580704Z,KXBTC15M-26OCT042215-15,0.9830,147.71,no
2026-10-05T02:13:34.580704Z,KXBTC15M-26OCT042215-15,0.9830,89.92,no
2026-10-05T02:13:34.580704Z,KXBTC15M-26OCT042215-15,0.9840,0.01,no
2026-10-05T02:13:34.580704Z,KXBTC15M-26OCT042215-15,0.9840,14.59,no
2026-10-05T02:13:34.580704Z,KXBTC15M-26OCT042215-15,0.9840,1.05,no
2026-10-05T02:13:34.580704Z,KXBTC15M-26OCT042215-15,0.9840,48.98,no
2026-10-05T02:13:34.580704Z,KXBTC15M-26OCT042215-15,0.9840,12.00,no
2026-10-05T02:13:34.580704Z,KXBTC15M-26OCT042215-15,0.9830,10.00,no
2026-10-05T02:13:34.580704Z,KXBTC15M-26OCT042215-15,0.9840,0.01,no
2026-10-05T02:13:34.580704Z,KXBTC15M-26OCT042215-15,0.9840,0.72,no
2026-10-05T02:13:34.580704Z,KXBTC15M-26OCT042215-15,0.9840,1.07,no
2026-10-05T02:13:34.580704Z,KXBTC15M-26OCT042215-15,0.9840,1.00,no
2026-10-05T02:13:34.580704Z,KXBTC15M-26OCT042215-15,0.9840,4.07,no
2026-10-05T02:13:34.580704Z,KXBTC15M-26OCT042215-15,0.9840,15.00,no
2026-10-05T02:13:34.580704Z,KXBTC15M-26OCT042215-15,0.9840,42.57,no
2026-10-05T02:13:34.580704Z,KXBTC15M-26OCT042215-15,0.9830,100.00,no
2026-10-05T02:13:34.580704Z,KXBTC15M-26OCT042215-15,0.9840,6.94,no
2026-10-05T02:13:34.580704Z,KXBTC15M-26OCT042215-15,0.9840,100.00,no
2026-10-05T02:13:34.580704Z,KXBTC15M-26OCT042215-15,0.9830,3.78,no
2026-10-05T02:13:34.580704Z,KXBTC15M-26OCT042215-15,0.9830,254.16,no
2026-10-05T02:13:34.580704Z,KXBTC15M-26OCT042215-15,0.9830,176.36,no
2026-10-05T02:13:34.580704Z,KXBTC15M-26OCT042215-15,0.9830,43.01,no
2026-10-05T02:13:34.580704Z,KXBTC15M-26OCT042215-15,0.9830,3.57,no
2026-10-05T02:13:34.580704Z,KXBTC15M-26OCT042215-15,0.9830,101.49,no
2026-10-05T02:13:34.580704Z,KXBTC15M-26OCT042215-15,0.9830,5.94,no
2026-10-05T02:13:34.580704Z,KXBTC15M-26OCT042215-15,0.9830,75.00,no
2026-10-05T02:13:34.580704Z,KXBTC15M-26OCT042215-15,0.9830,0.02,no
2026-10-05T02:13:34.580704Z,KXBTC15M-26OCT042215-15,0.9830,2.94,no
2026-10-05T02:13:34.580704Z,KXBTC15M-26OCT042215-15,0.9830,200.00,no
2026-10-05T02:13:34.580704Z,KXBTC15M-26OCT042215-15,0.9840,500.00,no
2026-10-05T02:13:34.614366Z,KXBTC15M-26OCT042215-15,0.9840,10.00,no
2026-10-05T02:13:34.651674Z,KXBTC15M-26OCT042215-15,0.9840,34.91,no
2026-10-05T02:13:34.674837Z,KXBTC15M-26OCT042215-15,0.9850,202.20,yes
2026-10-05T02:13:34.674837Z,KXBTC15M-26OCT042215-15,0.9850,10.00,yes
2026-10-05T02:13:34.674837Z,KXBTC15M-26OCT042215-15,0.9850,10.00,yes
2026-10-05T02:13:34.674837Z,KXBTC15M-26OCT042215-15,0.9850,10.00,yes
2026-10-05T02:13:34.674837Z,KXBTC15M-26OCT042215-15,0.9850,10.00,yes
2026-10-05T02:13:34.674837Z,KXBTC15M-26OCT042215-15,0.9850,0.01,yes
2026-10-05T02:13:34.674837Z,KXBTC15M-26OCT042215-15,0.9850,0.01,yes
2026-10-05T02:13:34.674837Z,KXBTC15M-26OCT042215-15,0.9850,65.78,yes
2026-10-05T02:13:34.674837Z,KXBTC15M-26OCT042215-15,0.9850,1.00,yes
2026-10-05T02:13:34.69227Z,KXBTC15M-26OCT042215-15,0.9860,8.00,yes
2026-10-05T02:13:34.69227Z,KXBTC15M-26OCT042215-15,0.9860,1.00,yes
2026-10-05T02:13:34.69227Z,KXBTC15M-26OCT042215-15,0.9860,384.00,yes
2026-10-05T02:13:34.69227Z,KXBTC15M-26OCT042215-15,0.9860,327.00,yes
2026-10-05T02:13:34.69227Z,KXBTC15M-26OCT042215-15,0.9860,150.00,yes
2026-10-05T02:13:34.69227Z,KXBTC15M-26OCT042215-15,0.9860,384.00,yes
2026-10-05T02:13:34.69227Z,KXBTC15M-26OCT042215-15,0.9860,384.00,yes
2026-10-05T02:13:34.69227Z,KXBTC15M-26OCT042215-15,0.9860,384.00,yes
2026-10-05T02:13:34.69227Z,KXBTC15M-26OCT042215-15,0.9860,57.09,yes
2026-10-05T02:13:34.69227Z,KXBTC15M-26OCT042215-15,0.9850,200.00,yes
2026-10-05T02:13:34.69227Z,KXBTC15M-26OCT042215-15,0.9850,11.00,yes
2026-10-05T02:13:34.69227Z,KXBTC15M-26OCT042215-15,0.9850,0.01,yes
2026-10-05T02:13:34.69227Z,KXBTC15M-26OCT042215-15,0.9850,0.01,yes
2026-10-05T02:13:34.711619Z,KXBTC15M-26OCT042215-15,0.9870,68.98,yes
2026-10-05T02:13:34.711619Z,KXBTC15M-26OCT042215-15,0.9860,0.01,yes
2026-10-05T02:13:34.711619Z,KXBTC15M-26OCT042215-15,0.9860,11.00,yes
2026-10-05T02:13:34.711619Z,KXBTC15M-26OCT042215-15,0.9860,0.01,yes
2026-10-05T02:13:34.7313Z,KXBTC15M-26OCT042215-15,0.9850,27.50,no
2026-10-05T02:13:34.734219Z,KXBTC15M-26OCT042215-15,0.9870,25.00,yes
2026-10-05T02:13:34.734219Z,KXBTC15M-26OCT042215-15,0.9870,1.00,yes
2026-10-05T02:13:34.734219Z,KXBTC15M-26OCT042215-15,0.9870,150.00,yes
2026-10-05T02:13:34.734219Z,KXBTC15M-26OCT042215-15,0.9870,256.00,yes
2026-10-05T02:13:34.734219Z,KXBTC15M-26OCT042215-15,0.9880,311.21,yes
2026-10-05T02:13:34.734219Z,KXBTC15M-26OCT042215-15,0.9870,187.02,yes
2026-10-05T02:13:34.734219Z,KXBTC15M-26OCT042215-15,0.9870,256.00,yes
2026-10-05T02:13:34.734219Z,KXBTC15M-26OCT042215-15,0.9870,256.00,yes
2026-10-05T02:13:34.734219Z,KXBTC15M-26OCT042215-15,0.9860,800.00,yes
2026-10-05T02:13:34.734219Z,KXBTC15M-26OCT042215-15,0.9870,0.01,yes
2026-10-05T02:13:34.734219Z,KXBTC15M-26OCT042215-15,0.9860,0.01,yes
2026-10-05T02:13:34.734219Z,KXBTC15M-26OCT042215-15,0.9870,19.00,yes
2026-10-05T02:13:34.777303Z,KXBTC15M-26OCT042215-15,0.9880,60.00,yes
2026-10-05T02:13:34.845369Z,KXBTC15M-26OCT042215-15,0.9860,15.65,no
2026-10-05T02:13:34.850201Z,KXBTC15M-26OCT042215-15,0.9870,26.83,yes
2026-10-05T02:13:34.907939Z,KXBTC15M-26OCT042215-15,0.9860,9.20,no
2026-10-05T02:13:34.976579Z,KXBTC15M-26OCT042215-15,0.9860,75.38,no
2026-10-05T02:13:34.984046Z,KXBTC15M-26OCT042215-15,0.9870,44.62,yes
2026-10-05T02:13:34.993052Z,KXBTC15M-26OCT042215-15,0.9870,14.44,yes
2026-10-05T02:13:35.014528Z,KXBTC15M-26OCT042215-15,0.9860,58.47,no
2026-10-05T02:13:35.021751Z,KXBTC15M-26OCT042215-15,0.9860,28.32,no
2026-10-05T02:13:35.021751Z,KXBTC15M-26OCT042215-15,0.9860,41.12,no
2026-10-05T02:13:35.025767Z,KXBTC15M-26OCT042215-15,0.9860,1.00,no
2026-10-05T02:13:35.038951Z,KXBTC15M-26OCT042215-15,0.9870,22.00,yes
2026-10-05T02:13:35.038951Z,KXBTC15M-26OCT042215-15,0.9870,2.34,yes
2026-10-05T02:13:35.038951Z,KXBTC15M-26OCT042215-15,0.9870,0.01,yes
2026-10-05T02:13:35.038951Z,KXBTC15M-26OCT042215-15,0.9870,85.96,yes
2026-10-05T02:13:35.063353Z,KXBTC15M-26OCT042215-15,0.9870,0.01,yes
2026-10-05T02:13:35.063353Z,KXBTC15M-26OCT042215-15,0.9870,19.31,yes
2026-10-05T02:13:35.092308Z,KXBTC15M-26OCT042215-15,0.9860,38.04,no
2026-10-05T02:13:35.106443Z,KXBTC15M-26OCT042215-15,0.9870,21.75,yes
2026-10-05T02:13:35.160381Z,KXBTC15M-26OCT042215-15,0.9860,17.56,no
2026-10-05T02:13:35.226511Z,KXBTC15M-26OCT042215-15,0.9860,99.43,no
2026-10-05T02:13:35.226511Z,KXBTC15M-26OCT042215-15,0.9860,102.28,no
2026-10-05T02:13:35.226511Z,KXBTC15M-26OCT042215-15,0.9860,0.01,no
2026-10-05T02:13:35.226511Z,KXBTC15M-26OCT042215-15,0.9860,0.01,no
2026-10-05T02:13:35.30974Z,KXBTC15M-26OCT042215-15,0.9860,29.11,no
2026-10-05T02:13:35.34142Z,KXBTC15M-26OCT042215-15,0.9860,20.22,no
2026-10-05T02:13:35.356862Z,KXBTC15M-26OCT042215-15,0.9860,13.00,no
2026-10-05T02:13:35.356862Z,KXBTC15M-26OCT042215-15,0.9860,1.24,no
2026-10-05T02:13:35.356862Z,KXBTC15M-26OCT042215-15,0.9860,13.00,no
2026-10-05T02:13:35.406369Z,KXBTC15M-26OCT042215-15,0.9880,55.54,yes
2026-10-05T02:13:35.406369Z,KXBTC15M-26OCT042215-15,0.9870,0.01,yes
2026-10-05T02:13:35.406369Z,KXBTC15M-26OCT042215-15,0.9870,0.01,yes
2026-10-05T02:13:35.406369Z,KXBTC15M-26OCT042215-15,0.9870,24.00,yes
2026-10-05T02:13:35.422427Z,KXBTC15M-26OCT042215-15,0.9870,8.00,no
2026-10-05T02:13:35.428763Z,KXBTC15M-26OCT042215-15,0.9880,22.23,yes
2026-10-05T02:13:35.446353Z,KXBTC15M-26OCT042215-15,0.9880,1.01,yes
2026-10-05T02:13:35.488453Z,KXBTC15M-26OCT042215-15,0.9870,0.01,no
2026-10-05T02:13:35.488453Z,KXBTC15M-26OCT042215-15,0.9870,7.00,no
2026-10-05T02:13:35.488453Z,KXBTC15M-26OCT042215-15,0.9870,15.00,no
2026-10-05T02:13:35.488453Z,KXBTC15M-26OCT042215-15,0.9870,0.01,no
2026-10-05T02:13:35.488453Z,KXBTC15M-26OCT042215-15,0.9860,184.52,no
2026-10-05T02:13:35.541499Z,KXBTC15M-26OCT042215-15,0.9870,0.01,no
2026-10-05T02:13:35.541499Z,KXBTC15M-26OCT042215-15,0.9870,0.01,no
2026-10-05T02:13:35.541499Z,KXBTC15M-26OCT042215-15,0.9860,20.49,no
2026-10-05T02:13:35.548862Z,KXBTC15M-26OCT042215-15,0.9870,0.01,no
2026-10-05T02:13:35.548862Z,KXBTC15M-26OCT042215-15,0.9870,0.01,no
2026-10-05T02:13:35.548862Z,KXBTC15M-26OCT042215-15,0.9860,249.98,no
2026-10-05T02:13:35.556715Z,KXBTC15M-26OCT042215-15,0.9870,0.01,no
2026-10-05T02:13:35.556715Z,KXBTC15M-26OCT042215-15,0.9870,0.01,no
2026-10-05T02:13:35.556715Z,KXBTC15M-26OCT042215-15,0.9860,68.98,no
2026-10-05T02:13:35.597142Z,KXBTC15M-26OCT042215-15,0.9860,0.02,no
2026-10-05T02:13:35.597142Z,KXBTC15M-26OCT042215-15,0.9870,0.01,no
2026-10-05T02:13:35.597142Z,KXBTC15M-26OCT042215-15,0.9860,0.01,no
2026-10-05T02:13:35.597142Z,KXBTC15M-26OCT042215-15,0.9860,107.99,no
2026-10-05T02:13:35.597142Z,KXBTC15M-26OCT042215-15,0.9860,0.01,no
2026-10-05T02:13:35.597142Z,KXBTC15M-26OCT042215-15,0.9870,0.01,no
2026-10-05T02:13:35.597142Z,KXBTC15M-26OCT042215-15,0.9860,226.03,no
2026-10-05T02:13:35.597958Z,KXBTC15M-26OCT042215-15,0.9880,9.12,yes
2026-10-05T02:13:35.653588Z,KXBTC15M-26OCT042215-15,0.9880,72.36,yes
2026-10-05T02:13:35.667097Z,KXBTC15M-26OCT042215-15,0.9880,495.55,yes
2026-10-05T02:13:35.675748Z,KXBTC15M-26OCT042215-15,0.9880,495.55,yes
2026-10-05T02:13:35.676977Z,KXBTC15M-26OCT042215-15,0.9880,4.95,yes
2026-10-05T02:13:35.707437Z,KXBTC15M-26OCT042215-15,0.9880,100.00,yes
2026-10-05T02:13:35.739562Z,KXBTC15M-26OCT042215-15,0.9870,15.84,yes
2026-10-05T02:13:35.775397Z,KXBTC15M-26OCT042215-15,0.9870,8.93,yes
2026-10-05T02:13:35.817626Z,KXBTC15M-26OCT042215-15,0.9870,3.65,yes
2026-10-05T02:13:35.819514Z,KXBTC15M-26OCT042215-15,0.9860,0.01,no
2026-10-05T02:13:35.819514Z,KXBTC15M-26OCT042215-15,0.9860,0.01,no
2026-10-05T02:13:35.819514Z,KXBTC15M-26OCT042215-15,0.9850,25.10,no
2026-10-05T02:13:35.821809Z,KXBTC15M-26OCT042215-15,0.9850,5.85,no
2026-10-05T02:13:35.839391Z,KXBTC15M-26OCT042215-15,0.9860,6.68,no
2026-10-05T02:13:35.858537Z,KXBTC15M-26OCT042215-15,0.9870,101.22,yes
2026-10-05T02:13:35.883801Z,KXBTC15M-26OCT042215-15,0.9870,64.17,yes
2026-10-05T02:13:35.891765Z,KXBTC15M-26OCT042215-15,0.9860,0.01,no
2026-10-05T02:13:35.891765Z,KXBTC15M-26OCT042215-15,0.9860,13.00,no
2026-10-05T02:13:35.891765Z,KXBTC15M-26OCT042215-15,0.9860,0.01,no
2026-10-05T02:13:35.911485Z,KXBTC15M-26OCT042215-15,0.9860,13.00,no
2026-10-05T02:13:35.911485Z,KXBTC15M-26OCT042215-15,0.9860,0.01,no
2026-10-05T02:13:35.911485Z,KXBTC15M-26OCT042215-15,0.9860,0.01,no
2026-10-05T02:13:35.911485Z,KXBTC15M-26OCT042215-15,0.9850,56.02,no
2026-10-05T02:13:35.911485Z,KXBTC15M-26OCT042215-15,0.9850,3141.00,no
2026-10-05T02:13:35.911485Z,KXBTC15M-26OCT042215-15,0.9850,91.55,no
2026-10-05T02:13:35.928809Z,KXBTC15M-26OCT042215-15,0.9850,28.28,no
2026-10-05T02:13:35.943521Z,KXBTC15M-26OCT042215-15,0.9860,15.07,yes
2026-10-05T02:13:35.943882Z,KXBTC15M-26OCT042215-15,0.9850,9.16,no
2026-10-05T02:13:35.945836Z,KXBTC15M-26OCT042215-15,0.9850,77.29,no
2026-10-05T02:13:35.956487Z,KXBTC15M-26OCT042215-15,0.9850,2.15,no
2026-10-05T02:13:35.966998Z,KXBTC15M-26OCT042215-15,0.9860,303.38,yes
2026-10-05T02:13:35.977402Z,KXBTC15M-26OCT042215-15,0.9860,1.23,yes
2026-10-05T02:13:36.034365Z,KXBTC15M-26OCT042215-15,0.9850,57.32,no
2026-10-05T02:13:36.044857Z,KXBTC15M-26OCT042215-15,0.9860,0.29,yes
2026-10-05T02:13:36.056102Z,KXBTC15M-26OCT042215-15,0.9850,19.70,no
2026-10-05T02:13:36.065696Z,KXBTC15M-26OCT042215-15,0.9860,195.37,yes
2026-10-05T02:13:36.097734Z,KXBTC15M-26OCT042215-15,0.9850,44.79,no
2026-10-05T02:13:36.103085Z,KXBTC15M-26OCT042215-15,0.9850,33.88,no
2026-10-05T02:13:36.157783Z,KXBTC15M-26OCT042215-15,0.9860,506.12,yes
2026-10-05T02:13:36.192193Z,KXBTC15M-26OCT042215-15,0.9860,898.87,yes
2026-10-05T02:13:36.193297Z,KXBTC15M-26OCT042215-15,0.9860,100.16,yes
2026-10-05T02:13:36.238022Z,KXBTC15M-26OCT042215-15,0.9850,50.00,no
2026-10-05T02:13:36.23992Z,KXBTC15M-26OCT042215-15,0.9860,150.00,yes
2026-10-05T02:13:36.260759Z,KXBTC15M-26OCT042215-15,0.9850,7.68,no
2026-10-05T02:13:36.260759Z,KXBTC15M-26OCT042215-15,0.9850,5.41,no
2026-10-05T02:13:36.262193Z,KXBTC15M-26OCT042215-15,0.9850,376.32,no
2026-10-05T02:13:36.262193Z,KXBTC15M-26OCT042215-15,0.9850,68.70,no
2026-10-05T02:13:36.262193Z,KXBTC15M-26OCT042215-15,0.9850,68.98,no
2026-10-05T02:13:36.262193Z,KXBTC15M-26OCT042215-15,0.9850,384.00,no
2026-10-05T02:13:36.269081Z,KXBTC15M-26OCT042215-15,0.9850,24.57,no
2026-10-05T02:13:36.269081Z,KXBTC15M-26OCT042215-15,0.9850,187.30,no
2026-10-05T02:13:36.279535Z,KXBTC15M-26OCT042215-15,0.9860,18.28,yes
2026-10-05T02:13:36.327627Z,KXBTC15M-26OCT042215-15,0.9860,10.00,yes
2026-10-05T02:13:36.332057Z,KXBTC15M-26OCT042215-15,0.9860,195.11,yes
2026-10-05T02:13:36.332386Z,KXBTC15M-26OCT042215-15,0.9850,8.27,no
2026-10-05T02:13:36.357729Z,KXBTC15M-26OCT042215-15,0.9860,0.01,yes
2026-10-05T02:13:36.357729Z,KXBTC15M-26OCT042215-15,0.9860,0.01,yes
2026-10-05T02:13:36.357729Z,KXBTC15M-26OCT042215-15,0.9860,200.00,yes
2026-10-05T02:13:36.357729Z,KXBTC15M-26OCT042215-15,0.9860,500.00,yes
2026-10-05T02:13:36.357729Z,KXBTC15M-26OCT042215-15,0.9860,129.26,yes
2026-10-05T02:13:36.392239Z,KXBTC15M-26OCT042215-15,0.9860,0.01,yes
2026-10-05T02:13:36.392239Z,KXBTC15M-26OCT042215-15,0.9860,0.01,yes
2026-10-05T02:13:36.392239Z,KXBTC15M-26OCT042215-15,0.9860,5.98,yes
2026-10-05T02:13:36.399804Z,KXBTC15M-26OCT042215-15,0.9860,200.00,yes
2026-10-05T02:13:36.429046Z,KXBTC15M-26OCT042215-15,0.9860,400.00,yes
2026-10-05T02:13:36.429046Z,KXBTC15M-26OCT042215-15,0.9860,0.01,yes
2026-10-05T02:13:36.429046Z,KXBTC15M-26OCT042215-15,0.9860,0.01,yes
2026-10-05T02:13:36.429046Z,KXBTC15M-26OCT042215-15,0.9860,100.00,yes
2026-10-05T02:13:36.429046Z,KXBTC15M-26OCT042215-15,0.9860,499.98,yes
2026-10-05T02:13:36.43142Z,KXBTC15M-26OCT042215-15,0.9850,98.00,no
2026-10-05T02:13:36.43142Z,KXBTC15M-26OCT042215-15,0.9850,0.01,no
2026-10-05T02:13:36.43142Z,KXBTC15M-26OCT042215-15,0.9850,0.01,no
2026-10-05T02:13:36.43142Z,KXBTC15M-26OCT042215-15,0.9850,2.00,no
2026-10-05T02:13:36.43142Z,KXBTC15M-26OCT042215-15,0.9850,2.00,no
2026-10-05T02:13:36.43142Z,KXBTC15M-26OCT042215-15,0.9850,0.02,no
2026-10-05T02:13:36.43142Z,KXBTC15M-26OCT042215-15,0.9850,223.16,no
2026-10-05T02:13:36.433718Z,KXBTC15M-26OCT042215-15,0.9860,0.02,yes
2026-10-05T02:13:36.433746Z,KXBTC15M-26OCT042215-15,0.9880,872.48,yes
2026-10-05T02:13:36.433746Z,KXBTC15M-26OCT042215-15,0.9880,330.00,yes
2026-10-05T02:13:36.433746Z,KXBTC15M-26OCT042215-15,0.9880,108.15,yes
2026-10-05T02:13:36.433746Z,KXBTC15M-26OCT042215-15,0.9860,300.00,yes
2026-10-05T02:13:36.433746Z,KXBTC15M-26OCT042215-15,0.9870,21.00,yes
2026-10-05T02:13:36.433746Z,KXBTC15M-26OCT042215-15,0.9870,11.00,yes
2026-10-05T02:13:36.433746Z,KXBTC15M-26OCT042215-15,0.9870,119.37,yes
2026-10-05T02:13:36.433746Z,KXBTC15M-26OCT042215-15,0.9860,500.00,yes
2026-10-05T02:13:36.433973Z,KXBTC15M-26OCT042215-15,0.9880,0.02,yes
2026-10-05T02:13:36.483922Z,KXBTC15M-26OCT042215-15,0.9880,0.03,yes
2026-10-05T02:13:36.483922Z,KXBTC15M-26OCT042215-15,0.9860,0.01,yes
2026-10-05T02:13:36.483922Z,KXBTC15M-26OCT042215-15,0.9860,0.01,yes
2026-10-05T02:13:36.49969Z,KXBTC15M-26OCT042215-15,0.9850,108.15,no
2026-10-05T02:13:36.49969Z,KXBTC15M-26OCT042215-15,0.9850,100.00,no
2026-10-05T02:13:36.49969Z,KXBTC15M-26OCT042215-15,0.9850,0.01,no
2026-10-05T02:13:36.49969Z,KXBTC15M-26OCT042215-15,0.9850,0.02,no
2026-10-05T02:13:36.49969Z,KXBTC15M-26OCT042215-15,0.9850,150.00,no
2026-10-05T02:13:36.49969Z,KXBTC15M-26OCT042215-15,0.9850,400.00,no
2026-10-05T02:13:36.49969Z,KXBTC15M-26OCT042215-15,0.9850,0.01,no
2026-10-05T02:13:36.49969Z,KXBTC15M-26OCT042215-15,0.9850,13.00,no
2026-10-05T02:13:36.49969Z,KXBTC15M-26OCT042215-15,0.9850,2.00,no
2026-10-05T02:13:36.49969Z,KXBTC15M-26OCT042215-15,0.9840,53.09,no
2026-10-05T02:13:36.49969Z,KXBTC15M-26OCT042215-15,0.9840,0.02,no
2026-10-05T02:13:36.49969Z,KXBTC15M-26OCT042215-15,0.9840,52.16,no
2026-10-05T02:13:36.49969Z,KXBTC15M-26OCT042215-15,0.9850,500.00,no
2026-10-05T02:13:36.49969Z,KXBTC15M-26OCT042215-15,0.9850,500.00,no
2026-10-05T02:13:36.550043Z,KXBTC15M-26OCT042215-15,0.9860,0.01,yes
2026-10-05T02:13:36.550043Z,KXBTC15M-26OCT042215-15,0.9870,51.14,yes
2026-10-05T02:13:36.550043Z,KXBTC15M-26OCT042215-15,0.9860,0.01,yes
2026-10-05T02:13:36.550043Z,KXBTC15M-26OCT042215-15,0.9860,11.00,yes
2026-10-05T02:13:36.663143Z,KXBTC15M-26OCT042215-15,0.9860,2.00,no
2026-10-05T02:13:36.663143Z,KXBTC15M-26OCT042215-15,0.9860,309.83,no
2026-10-05T02:13:36.680867Z,KXBTC15M-26OCT042215-15,0.9860,1.04,no
2026-10-05T02:13:36.683927Z,KXBTC15M-26OCT042215-15,0.9870,16.81,yes
2026-10-05T02:13:36.689264Z,KXBTC15M-26OCT042215-15,0.9860,0.01,no
2026-10-05T02:13:36.689264Z,KXBTC15M-26OCT042215-15,0.9860,0.01,no
2026-10-05T02:13:36.689264Z,KXBTC15M-26OCT042215-15,0.9860,1.04,no
2026-10-05T02:13:36.696876Z,KXBTC15M-26OCT042215-15,0.9860,0.01,no
2026-10-05T02:13:36.696876Z,KXBTC15M-26OCT042215-15,0.9860,100.00,no
2026-10-05T02:13:36.696876Z,KXBTC15M-26OCT042215-15,0.9850,0.03,no
2026-10-05T02:13:36.696876Z,KXBTC15M-26OCT042215-15,0.9840,0.96,no
2026-10-05T02:13:36.703532Z,KXBTC15M-26OCT042215-15,0.9860,0.01,no
2026-10-05T02:13:36.711357Z,KXBTC15M-26OCT042215-15,0.9860,0.01,no
2026-10-05T02:13:36.711357Z,KXBTC15M-26OCT042215-15,0.9850,2.02,no
2026-10-05T02:13:36.711357Z,KXBTC15M-26OCT042215-15,0.9860,0.01,no
2026-10-05T02:13:36.711357Z,KXBTC15M-26OCT042215-15,0.9850,0.01,no
2026-10-05T02:13:36.727648Z,KXBTC15M-26OCT042215-15,0.9860,0.51,no
2026-10-05T02:13:36.728575Z,KXBTC15M-26OCT042215-15,0.9870,12.58,yes
2026-10-05T02:13:36.758656Z,KXBTC15M-26OCT042215-15,0.9870,40.05,yes
2026-10-05T02:13:36.777789Z,KXBTC15M-26OCT042215-15,0.9860,0.01,no
2026-10-05T02:13:36.777789Z,KXBTC15M-26OCT042215-15,0.9850,0.01,no
2026-10-05T02:13:36.777789Z,KXBTC15M-26OCT042215-15,0.9850,0.01,no
2026-10-05T02:13:36.777789Z,KXBTC15M-26OCT042215-15,0.9860,0.01,no
2026-10-05T02:13:36.777789Z,KXBTC15M-26OCT042215-15,0.9840,9.11,no
2026-10-05T02:13:36.792243Z,KXBTC15M-26OCT042215-15,0.9840,23.91,no
2026-10-05T02:13:36.798337Z,KXBTC15M-26OCT042215-15,0.9840,0.61,no
2026-10-05T02:13:36.871955Z,KXBTC15M-26OCT042215-15,0.9840,21.20,no
2026-10-05T02:13:36.916744Z,KXBTC15M-26OCT042215-15,0.9850,315.42,no
2026-10-05T02:13:36.916744Z,KXBTC15M-26OCT042215-15,0.9850,0.01,no
2026-10-05T02:13:36.916744Z,KXBTC15M-26OCT042215-15,0.9850,100.00,no
2026-10-05T02:13:36.916744Z,KXBTC15M-26OCT042215-15,0.9850,0.01,no
2026-10-05T02:13:36.916744Z,KXBTC15M-26OCT042215-15,0.9850,1.07,no
2026-10-05T02:13:36.934121Z,KXBTC15M-26OCT042215-15,0.9850,2.05,no
2026-10-05T02:13:36.934121Z,KXBTC15M-26OCT042215-15,0.9850,0.01,no
2026-10-05T02:13:36.934121Z,KXBTC15M-26OCT042215-15,0.9850,0.01,no
2026-10-05T02:13:36.961736Z,KXBTC15M-26OCT042215-15,0.9860,0.01,yes
2026-10-05T02:13:36.961736Z,KXBTC15M-26OCT042215-15,0.9860,164.97,yes
2026-10-05T02:13:36.961736Z,KXBTC15M-26OCT042215-15,0.9860,0.01,yes
2026-10-05T02:13:36.978731Z,KXBTC15M-26OCT042215-15,0.9880,256.00,yes
2026-10-05T02:13:36.978731Z,KXBTC15M-26OCT042215-15,0.9880,150.00,yes
2026-10-05T02:13:36.978731Z,KXBTC15M-26OCT042215-15,0.9880,256.00,yes
2026-10-05T02:13:36.978731Z,KXBTC15M-26OCT042215-15,0.9890,1922.33,yes
2026-10-05T02:13:36.978731Z,KXBTC15M-26OCT042215-15,0.9880,147.80,yes
2026-10-05T02:13:36.978731Z,KXBTC15M-26OCT042215-15,0.9880,256.00,yes
2026-10-05T02:13:36.978731Z,KXBTC15M-26OCT042215-15,0.9870,0.01,yes
2026-10-05T02:13:36.978731Z,KXBTC15M-26OCT042215-15,0.9860,267.13,yes
2026-10-05T02:13:36.978731Z,KXBTC15M-26OCT042215-15,0.9860,0.01,yes
2026-10-05T02:13:36.978731Z,KXBTC15M-26OCT042215-15,0.9870,500.00,yes
2026-10-05T02:13:36.978731Z,KXBTC15M-26OCT042215-15,0.9870,11.00,yes
2026-10-05T02:13:36.978731Z,KXBTC15M-26OCT042215-15,0.9870,0.01,yes
2026-10-05T02:13:36.978731Z,KXBTC15M-26OCT042215-15,0.9860,0.01,yes
2026-10-05T02:13:36.978731Z,KXBTC15M-26OCT042215-15,0.9870,45.00,yes
2026-10-05T02:13:36.978731Z,KXBTC15M-26OCT042215-15,0.9880,15.00,yes
2026-10-05T02:13:36.978731Z,KXBTC15M-26OCT042215-15,0.9880,15.00,yes
2026-10-05T02:13:37.019753Z,KXBTC15M-26OCT042215-15,0.9860,0.01,yes
2026-10-05T02:13:37.019753Z,KXBTC15M-26OCT042215-15,0.9870,604.29,yes
2026-10-05T02:13:37.019753Z,KXBTC15M-26OCT042215-15,0.9860,0.01,yes
2026-10-05T02:13:37.022637Z,KXBTC15M-26OCT042215-15,0.9850,0.01,no
2026-10-05T02:13:37.022637Z,KXBTC15M-26OCT042215-15,0.9850,0.01,no
2026-10-05T02:13:37.022637Z,KXBTC15M-26OCT042215-15,0.9850,5.61,no
2026-10-05T02:13:37.041304Z,KXBTC15M-26OCT042215-15,0.9850,0.01,no
2026-10-05T02:13:37.041304Z,KXBTC15M-26OCT042215-15,0.9850,193.14,no
2026-10-05T02:13:37.041304Z,KXBTC15M-26OCT042215-15,0.9850,0.01,no
2026-10-05T02:13:37.041304Z,KXBTC15M-26OCT042215-15,0.9850,147.80,no
2026-10-05T02:13:37.041304Z,KXBTC15M-26OCT042215-15,0.9850,15.00,no
2026-10-05T02:13:37.041304Z,KXBTC15M-26OCT042215-15,0.9850,100.00,no
2026-10-05T02:13:37.041304Z,KXBTC15M-26OCT042215-15,0.9850,13.00,no
2026-10-05T02:13:37.041304Z,KXBTC15M-26OCT042215-15,0.9850,256.00,no
2026-10-05T02:13:37.041304Z,KXBTC15M-26OCT042215-15,0.9850,394.39,no
2026-10-05T02:13:37.041304Z,KXBTC15M-26OCT042215-15,0.9850,256.00,no
2026-10-05T02:13:37.041304Z,KXBTC15M-26OCT042215-15,0.9850,256.00,no
2026-10-05T02:13:37.048469Z,KXBTC15M-26OCT042215-15,0.9850,54.24,no
2026-10-05T02:13:37.048469Z,KXBTC15M-26OCT042215-15,0.9850,6.86,no
2026-10-05T02:13:37.048469Z,KXBTC15M-26OCT042215-15,0.9850,0.01,no
2026-10-05T02:13:37.101159Z,KXBTC15M-26OCT042215-15,0.9860,0.01,yes
2026-10-05T02:13:37.101159Z,KXBTC15M-26OCT042215-15,0.9860,7.98,yes
2026-10-05T02:13:37.101159Z,KXBTC15M-26OCT042215-15,0.9860,0.01,yes
2026-10-05T02:13:37.16204Z,KXBTC15M-26OCT042215-15,0.9850,45.76,no
2026-10-05T02:13:37.16204Z,KXBTC15M-26OCT042215-15,0.9850,0.01,no
2026-10-05T02:13:37.16204Z,KXBTC15M-26OCT042215-15,0.9850,13.00,no
2026-10-05T02:13:37.16204Z,KXBTC15M-26OCT042215-15,0.9850,0.01,no
2026-10-05T02:13:37.16204Z,KXBTC15M-26OCT042215-15,0.9850,400.00,no
2026-10-05T02:13:37.176472Z,KXBTC15M-26OCT042215-15,0.9850,0.01,no
2026-10-05T02:13:37.176472Z,KXBTC15M-26OCT042215-15,0.9840,41.02,no
2026-10-05T02:13:37.23183Z,KXBTC15M-26OCT042215-15,0.9860,500.00,yes
2026-10-05T02:13:37.23183Z,KXBTC15M-26OCT042215-15,0.9860,7.02,yes
2026-10-05T02:13:37.23183Z,KXBTC15M-26OCT042215-15,0.9860,0.01,yes
2026-10-05T02:13:37.23183Z,KXBTC15M-26OCT042215-15,0.9860,0.01,yes
2026-10-05T02:13:37.23183Z,KXBTC15M-26OCT042215-15,0.9860,43.07,yes
2026-10-05T02:13:37.23183Z,KXBTC15M-26OCT042215-15,0.9860,500.00,yes
2026-10-05T02:13:37.233702Z,KXBTC15M-26OCT042215-15,0.9860,5.00,yes
2026-10-05T02:13:37.277977Z,KXBTC15M-26OCT042215-15,0.9850,47.35,no
2026-10-05T02:13:37.277977Z,KXBTC15M-26OCT042215-15,0.9850,15.00,no
2026-10-05T02:13:37.277977Z,KXBTC15M-26OCT042215-15,0.9850,0.01,no
2026-10-05T02:13:37.313119Z,KXBTC15M-26OCT042215-15,0.9850,81.39,no
2026-10-05T02:13:37.319164Z,KXBTC15M-26OCT042215-15,0.9860,15.00,yes
2026-10-05T02:13:37.319164Z,KXBTC15M-26OCT042215-15,0.9860,0.01,yes
2026-10-05T02:13:37.319164Z,KXBTC15M-26OCT042215-15,0.9860,15.00,yes
2026-10-05T02:13:37.319164Z,KXBTC15M-26OCT042215-15,0.9860,200.00,yes
2026-10-05T02:13:37.319164Z,KXBTC15M-26OCT042215-15,0.9860,0.01,yes
2026-10-05T02:13:37.319164Z,KXBTC15M-26OCT042215-15,0.9860,317.81,yes
2026-10-05T02:13:37.341532Z,KXBTC15M-26OCT042215-15,0.9860,15.00,no
2026-10-05T02:13:37.341532Z,KXBTC15M-26OCT042215-15,0.9850,0.01,no
2026-10-05T02:13:37.341532Z,KXBTC15M-26OCT042215-15,0.9850,15.00,no
2026-10-05T02:13:37.341532Z,KXBTC15M-26OCT042215-15,0.9850,15.92,no
2026-10-05T02:13:37.341532Z,KXBTC15M-26OCT042215-15,0.9850,0.01,no
2026-10-05T02:13:37.341532Z,KXBTC15M-26OCT042215-15,0.9850,21.26,no
2026-10-05T02:13:37.34995Z,KXBTC15M-26OCT042215-15,0.9860,0.01,no
2026-10-05T02:13:37.34995Z,KXBTC15M-26OCT042215-15,0.9860,0.01,no
2026-10-05T02:13:37.34995Z,KXBTC15M-26OCT042215-15,0.9860,62.34,no
2026-10-05T02:13:37.352047Z,KXBTC15M-26OCT042215-15,0.9860,11.39,no
2026-10-05T02:13:37.361689Z,KXBTC15M-26OCT042215-15,0.9860,61.74,no
2026-10-05T02:13:37.363917Z,KXBTC15M-26OCT042215-15,0.9870,4.16,yes
2026-10-05T02:13:37.363917Z,KXBTC15M-26OCT042215-15,0.9870,0.01,yes
2026-10-05T02:13:37.363917Z,KXBTC15M-26OCT042215-15,0.9870,0.01,yes
2026-10-05T02:13:37.363917Z,KXBTC15M-26OCT042215-15,0.9870,11.00,yes
2026-10-05T02:13:37.399697Z,KXBTC15M-26OCT042215-15,0.9860,38.00,no
2026-10-05T02:13:37.449562Z,KXBTC15M-26OCT042215-15,0.9860,52.96,no
2026-10-05T02:13:37.496264Z,KXBTC15M-26OCT042215-15,0.9890,112.68,yes
2026-10-05T02:13:37.496264Z,KXBTC15M-26OCT042215-15,0.9870,11.00,yes
2026-10-05T02:13:37.496264Z,KXBTC15M-26OCT042215-15,0.9870,0.01,yes
2026-10-05T02:13:37.496264Z,KXBTC15M-26OCT042215-15,0.9880,458.00,yes
2026-10-05T02:13:37.496264Z,KXBTC15M-26OCT042215-15,0.9870,10.84,yes
2026-10-05T02:13:37.496264Z,KXBTC15M-26OCT042215-15,0.9880,200.00,yes
2026-10-05T02:13:37.496264Z,KXBTC15M-26OCT042215-15,0.9870,0.01,yes
2026-10-05T02:13:37.496264Z,KXBTC15M-26OCT042215-15,0.9870,268.15,yes
2026-10-05T02:13:37.523914Z,KXBTC15M-26OCT042215-15,0.9860,15.00,no
2026-10-05T02:13:37.523914Z,KXBTC15M-26OCT042215-15,0.9860,0.01,no
2026-10-05T02:13:37.523914Z,KXBTC15M-26OCT042215-15,0.9860,0.01,no
2026-10-05T02:13:37.523914Z,KXBTC15M-26OCT042215-15,0.9860,109.98,no
2026-10-05T02:13:37.56549Z,KXBTC15M-26OCT042215-15,0.9860,44.46,no
2026-10-05T02:13:37.572123Z,KXBTC15M-26OCT042215-15,0.9860,5.11,no
2026-10-05T02:13:37.580102Z,KXBTC15M-26OCT042215-15,0.9860,28.98,no
2026-10-05T02:13:37.625264Z,KXBTC15M-26OCT042215-15,0.9860,5.23,no
2026-10-05T02:13:37.62659Z,KXBTC15M-26OCT042215-15,0.9870,0.01,yes
2026-10-05T02:13:37.62659Z,KXBTC15M-26OCT042215-15,0.9870,0.01,yes
2026-10-05T02:13:37.62659Z,KXBTC15M-26OCT042215-15,0.9870,15.00,yes
2026-10-05T02:13:37.631538Z,KXBTC15M-26OCT042215-15,0.9860,2.07,no
2026-10-05T02:13:37.73644Z,KXBTC15M-26OCT042215-15,0.9870,0.12,no
2026-10-05T02:13:37.762612Z,KXBTC15M-26OCT042215-15,0.9870,5.11,no
2026-10-05T02:13:37.847096Z,KXBTC15M-26OCT042215-15,0.9890,335.99,yes
2026-10-05T02:13:37.847096Z,KXBTC15M-26OCT042215-15,0.9880,0.01,yes
2026-10-05T02:13:37.847096Z,KXBTC15M-26OCT042215-15,0.9880,12.00,yes
2026-10-05T02:13:37.847096Z,KXBTC15M-26OCT042215-15,0.9880,0.01,yes
2026-10-05T02:13:37.847096Z,KXBTC15M-26OCT042215-15,0.9880,18.00,yes
2026-10-05T02:13:37.866898Z,KXBTC15M-26OCT042215-15,0.9890,2.00,yes
2026-10-05T02:13:37.907277Z,KXBTC15M-26OCT042215-15,0.9880,5.23,no
2026-10-05T02:13:37.956963Z,KXBTC15M-26OCT042215-15,0.9880,0.37,no
2026-10-05T02:13:37.956963Z,KXBTC15M-26OCT042215-15,0.9870,0.01,no
2026-10-05T02:13:37.956963Z,KXBTC15M-26OCT042215-15,0.9880,0.01,no
2026-10-05T02:13:37.956963Z,KXBTC15M-26OCT042215-15,0.9880,15.00,no
2026-10-05T02:13:37.956963Z,KXBTC15M-26OCT042215-15,0.9880,0.01,no
2026-10-05T02:13:37.956963Z,KXBTC15M-26OCT042215-15,0.9870,0.01,no
2026-10-05T02:13:37.956963Z,KXBTC15M-26OCT042215-15,0.9840,17.06,no
2026-10-05T02:13:37.956963Z,KXBTC15M-26OCT042215-15,0.9840,53.23,no
2026-10-05T02:13:38.000003Z,KXBTC15M-26OCT042215-15,0.9890,13.87,yes
2026-10-05T02:13:38.030392Z,KXBTC15M-26OCT042215-15,0.9890,24.75,yes
2026-10-05T02:13:38.044391Z,KXBTC15M-26OCT042215-15,0.9890,33.54,yes
2026-10-05T02:13:38.093422Z,KXBTC15M-26OCT042215-15,0.9860,0.02,no
2026-10-05T02:13:38.093422Z,KXBTC15M-26OCT042215-15,0.9870,0.02,no
2026-10-05T02:13:38.093422Z,KXBTC15M-26OCT042215-15,0.9880,0.01,no
2026-10-05T02:13:38.093422Z,KXBTC15M-26OCT042215-15,0.9880,0.01,no
2026-10-05T02:13:38.093422Z,KXBTC15M-26OCT042215-15,0.9880,15.00,no
2026-10-05T02:13:38.106318Z,KXBTC15M-26OCT042215-15,0.9850,0.09,no
2026-10-05T02:13:38.106318Z,KXBTC15M-26OCT042215-15,0.9850,1.04,no
2026-10-05T02:13:38.138671Z,KXBTC15M-26OCT042215-15,0.9850,0.01,no
2026-10-05T02:13:38.138671Z,KXBTC15M-26OCT042215-15,0.9850,0.02,no
2026-10-05T02:13:38.138671Z,KXBTC15M-26OCT042215-15,0.9850,0.01,no
2026-10-05T02:13:38.138671Z,KXBTC15M-26OCT042215-15,0.9850,50.98,no
2026-10-05T02:13:38.177557Z,KXBTC15M-26OCT042215-15,0.9850,19.21,no
2026-10-05T02:13:38.215733Z,KXBTC15M-26OCT042215-15,0.9890,0.10,yes
2026-10-05T02:13:38.229324Z,KXBTC15M-26OCT042215-15,0.9850,0.01,no
2026-10-05T02:13:38.229324Z,KXBTC15M-26OCT042215-15,0.9880,0.02,no
2026-10-05T02:13:38.229324Z,KXBTC15M-26OCT042215-15,0.9850,0.01,no
2026-10-05T02:13:38.229324Z,KXBTC15M-26OCT042215-15,0.9880,0.01,no
2026-10-05T02:13:38.229324Z,KXBTC15M-26OCT042215-15,0.9880,0.01,no
2026-10-05T02:13:38.229324Z,KXBTC15M-26OCT042215-15,0.9840,3.28,no
2026-10-05T02:13:38.233522Z,KXBTC15M-26OCT042215-15,0.9840,289.58,no
2026-10-05T02:13:38.265746Z,KXBTC15M-26OCT042215-15,0.9850,6.54,no
2026-10-05T02:13:38.293697Z,KXBTC15M-26OCT042215-15,0.9860,14.00,no
2026-10-05T02:13:38.293697Z,KXBTC15M-26OCT042215-15,0.9850,6.54,no
2026-10-05T02:13:38.302113Z,KXBTC15M-26OCT042215-15,0.9860,178.55,no
2026-10-05T02:13:38.360785Z,KXBTC15M-26OCT042215-15,0.9860,0.01,no
2026-10-05T02:13:38.360785Z,KXBTC15M-26OCT042215-15,0.9860,14.20,no
2026-10-05T02:13:38.409988Z,KXBTC15M-26OCT042215-15,0.9870,0.02,no
2026-10-05T02:13:38.409988Z,KXBTC15M-26OCT042215-15,0.9870,0.01,no
2026-10-05T02:13:38.409988Z,KXBTC15M-26OCT042215-15,0.9870,0.01,no
2026-10-05T02:13:38.409988Z,KXBTC15M-26OCT042215-15,0.9860,0.01,no
2026-10-05T02:13:38.409988Z,KXBTC15M-26OCT042215-15,0.9860,0.01,no
2026-10-05T02:13:38.409988Z,KXBTC15M-26OCT042215-15,0.9850,300.00,no
2026-10-05T02:13:38.409988Z,KXBTC15M-26OCT042215-15,0.9840,131.57,no
2026-10-05T02:13:38.409988Z,KXBTC15M-26OCT042215-15,0.9840,74.08,no
2026-10-05T02:13:38.546816Z,KXBTC15M-26OCT042215-15,0.9870,0.01,no
2026-10-05T02:13:38.546816Z,KXBTC15M-26OCT042215-15,0.9860,0.02,no
2026-10-05T02:13:38.546816Z,KXBTC15M-26OCT042215-15,0.9850,0.02,no
2026-10-05T02:13:38.546816Z,KXBTC15M-26OCT042215-15,0.9840,57.31,no
2026-10-05T02:13:38.561208Z,KXBTC15M-26OCT042215-15,0.9870,0.02,no
2026-10-05T02:13:38.600507Z,KXBTC15M-26OCT042215-15,0.9840,7.51,no
2026-10-05T02:13:38.621293Z,KXBTC15M-26OCT042215-15,0.9850,2.02,yes
2026-10-05T02:13:38.647521Z,KXBTC15M-26OCT042215-15,0.9840,4.00,no
2026-10-05T02:13:38.649623Z,KXBTC15M-26OCT042215-15,0.9840,60.23,no
2026-10-05T02:13:38.649623Z,KXBTC15M-26OCT042215-15,0.9840,55.61,no
2026-10-05T02:13:38.653633Z,KXBTC15M-26OCT042215-15,0.9840,5.02,no
2026-10-05T02:13:38.655243Z,KXBTC15M-26OCT042215-15,0.9850,2.02,yes
2026-10-05T02:13:38.669081Z,KXBTC15M-26OCT042215-15,0.9850,5.05,yes
2026-10-05T02:13:38.696367Z,KXBTC15M-26OCT042215-15,0.9850,0.01,yes
2026-10-05T02:13:38.696367Z,KXBTC15M-26OCT042215-15,0.9850,16.36,yes
2026-10-05T02:13:38.696367Z,KXBTC15M-26OCT042215-15,0.9850,10.89,yes
2026-10-05T02:13:38.696367Z,KXBTC15M-26OCT042215-15,0.9850,0.01,yes
2026-10-05T02:13:38.705173Z,KXBTC15M-26OCT042215-15,0.9840,3.04,no
2026-10-05T02:13:38.708367Z,KXBTC15M-26OCT042215-15,0.9840,104.88,no
2026-10-05T02:13:38.709559Z,KXBTC15M-26OCT042215-15,0.9890,1.00,yes
2026-10-05T02:13:38.709559Z,KXBTC15M-26OCT042215-15,0.9890,54.74,yes
2026-10-05T02:13:38.709559Z,KXBTC15M-26OCT042215-15,0.9890,18.18,yes
2026-10-05T02:13:38.709559Z,KXBTC15M-26OCT042215-15,0.9890,150.00,yes
2026-10-05T02:13:38.709559Z,KXBTC15M-26OCT042215-15,0.9890,512.00,yes
2026-10-05T02:13:38.709559Z,KXBTC15M-26OCT042215-15,0.9890,512.00,yes
2026-10-05T02:13:38.709559Z,KXBTC15M-26OCT042215-15,0.9890,512.00,yes
2026-10-05T02:13:38.709559Z,KXBTC15M-26OCT042215-15,0.9890,225.10,yes
2026-10-05T02:13:38.709559Z,KXBTC15M-26OCT042215-15,0.9850,0.01,yes
2026-10-05T02:13:38.709559Z,KXBTC15M-26OCT042215-15,0.9850,35.64,yes
2026-10-05T02:13:38.709559Z,KXBTC15M-26OCT042215-15,0.9850,0.01,yes
2026-10-05T02:13:38.765567Z,KXBTC15M-26OCT042215-15,0.9890,1.00,yes
2026-10-05T02:13:38.765567Z,KXBTC15M-26OCT042215-15,0.9890,1.00,yes
2026-10-05T02:13:38.765567Z,KXBTC15M-26OCT042215-15,0.9890,10.00,yes
2026-10-05T02:13:38.765567Z,KXBTC15M-26OCT042215-15,0.9890,2.00,yes
2026-10-05T02:13:38.765567Z,KXBTC15M-26OCT042215-15,0.9890,2.00,yes
2026-10-05T02:13:38.765567Z,KXBTC15M-26OCT042215-15,0.9890,100.00,yes
2026-10-05T02:13:38.765567Z,KXBTC15M-26OCT042215-15,0.9890,20.00,yes
2026-10-05T02:13:38.765567Z,KXBTC15M-26OCT042215-15,0.9890,1.00,yes
2026-10-05T02:13:38.765567Z,KXBTC15M-26OCT042215-15,0.9890,51.00,yes
2026-10-05T02:13:38.765567Z,KXBTC15M-26OCT042215-15,0.9890,126.90,yes
2026-10-05T02:13:38.765567Z,KXBTC15M-26OCT042215-15,0.9890,952.06,yes
2026-10-05T02:13:38.779272Z,KXBTC15M-26OCT042215-15,0.9890,157.10,yes
2026-10-05T02:13:38.814697Z,KXBTC15M-26OCT042215-15,0.9890,707.24,yes
2026-10-05T02:13:38.848891Z,KXBTC15M-26OCT042215-15,0.9880,0.97,no
2026-10-05T02:13:38.855408Z,KXBTC15M-26OCT042215-15,0.9890,13.47,yes
2026-10-05T02:13:38.862411Z,KXBTC15M-26OCT042215-15,0.9890,14.52,yes
2026-10-05T02:13:38.935007Z,KXBTC15M-26OCT042215-15,0.9890,2804.84,yes
2026-10-05T02:13:38.935007Z,KXBTC15M-26OCT042215-15,0.9890,25.00,yes
2026-10-05T02:13:38.935007Z,KXBTC15M-26OCT042215-15,0.9890,1463.11,yes
2026-10-05T02:13:38.939535Z,KXBTC15M-26OCT042215-15,0.9890,12.12,yes
2026-10-05T02:13:38.968118Z,KXBTC15M-26OCT042215-15,0.9890,15.00,yes
2026-10-05T02:13:38.968118Z,KXBTC15M-26OCT042215-15,0.9890,10.61,yes
2026-10-05T02:13:38.968118Z,KXBTC15M-26OCT042215-15,0.9890,2.88,yes
2026-10-05T02:13:39.018492Z,KXBTC15M-26OCT042215-15,0.9880,62.69,no
2026-10-05T02:13:39.037282Z,KXBTC15M-26OCT042215-15,0.9880,33.41,no
2026-10-05T02:13:39.064783Z,KXBTC15M-26OCT042215-15,0.9890,10.61,yes
2026-10-05T02:13:39.064783Z,KXBTC15M-26OCT042215-15,0.9890,0.01,yes
2026-10-05T02:13:39.064783Z,KXBTC15M-26OCT042215-15,0.9890,0.01,yes
2026-10-05T02:13:39.064783Z,KXBTC15M-26OCT042215-15,0.9890,1.39,yes
2026-10-05T02:13:39.07749Z,KXBTC15M-26OCT042215-15,0.9890,20.04,no
2026-10-05T02:13:39.111471Z,KXBTC15M-26OCT042215-15,0.9900,94.67,yes
2026-10-05T02:13:39.12954Z,KXBTC15M-26OCT042215-15,0.9900,165.33,yes
2026-10-05T02:13:39.12954Z,KXBTC15M-26OCT042215-15,0.9900,584.67,yes
2026-10-05T02:13:39.130417Z,KXBTC15M-26OCT042215-15,0.9890,0.01,no
2026-10-05T02:13:39.130417Z,KXBTC15M-26OCT042215-15,0.9890,0.01,no
2026-10-05T02:13:39.130417Z,KXBTC15M-26OCT042215-15,0.9890,0.51,no
2026-10-05T02:13:39.163599Z,KXBTC15M-26OCT042215-15,0.9890,49.00,no
2026-10-05T02:13:39.166372Z,KXBTC15M-26OCT042215-15,0.9900,128.67,yes
2026-10-05T02:13:39.166372Z,KXBTC15M-26OCT042215-15,0.9900,6.00,yes
2026-10-05T02:13:39.166372Z,KXBTC15M-26OCT042215-15,0.9900,615.33,yes
2026-10-05T02:13:39.199304Z,KXBTC15M-26OCT042215-15,0.9900,39.67,yes
2026-10-05T02:13:39.199304Z,KXBTC15M-26OCT042215-15,0.9900,512.00,yes
2026-10-05T02:13:39.199304Z,KXBTC15M-26OCT042215-15,0.9900,198.33,yes
2026-10-05T02:13:39.23624Z,KXBTC15M-26OCT042215-15,0.9900,472.33,yes
2026-10-05T02:13:39.23624Z,KXBTC15M-26OCT042215-15,0.9900,277.67,yes
2026-10-05T02:13:39.263144Z,KXBTC15M-26OCT042215-15,0.9900,25.67,yes
2026-10-05T02:13:39.270613Z,KXBTC15M-26OCT042215-15,0.9900,297.34,yes
2026-10-05T02:13:39.270613Z,KXBTC15M-26OCT042215-15,0.9900,1.00,yes
2026-10-05T02:13:39.270613Z,KXBTC15M-26OCT042215-15,0.9900,20.00,yes
2026-10-05T02:13:39.270613Z,KXBTC15M-26OCT042215-15,0.9900,150.00,yes
2026-10-05T02:13:39.270613Z,KXBTC15M-26OCT042215-15,0.9900,208.66,yes
2026-10-05T02:13:39.270613Z,KXBTC15M-26OCT042215-15,0.9900,73.00,yes
2026-10-05T02:13:39.285602Z,KXBTC15M-26OCT042215-15,0.9900,4.94,yes
2026-10-05T02:13:39.304501Z,KXBTC15M-26OCT042215-15,0.9900,60.00,yes
2026-10-05T02:13:39.304501Z,KXBTC15M-26OCT042215-15,0.9900,49.72,yes
2026-10-05T02:13:39.304501Z,KXBTC15M-26OCT042215-15,0.9900,1.00,yes
2026-10-05T02:13:39.304501Z,KXBTC15M-26OCT042215-15,0.9900,62.20,yes
2026-10-05T02:13:39.304501Z,KXBTC15M-26OCT042215-15,0.9900,17.62,yes
2026-10-05T02:13:39.304501Z,KXBTC15M-26OCT042215-15,0.9900,26.67,yes
2026-10-05T02:13:39.304501Z,KXBTC15M-26OCT042215-15,0.9900,155.01,yes
2026-10-05T02:13:39.304501Z,KXBTC15M-26OCT042215-15,0.9900,6.15,yes
2026-10-05T02:13:39.304501Z,KXBTC15M-26OCT042215-15,0.9900,20.51,yes
2026-10-05T02:13:39.304501Z,KXBTC15M-26OCT042215-15,0.9900,44.06,yes
2026-10-05T02:13:39.304501Z,KXBTC15M-26OCT042215-15,0.9900,25.00,yes
2026-10-05T02:13:39.318879Z,KXBTC15M-26OCT042215-15,0.9890,1.00,no
2026-10-05T02:13:39.326717Z,KXBTC15M-26OCT042215-15,0.9890,47.94,no
2026-10-05T02:13:39.360118Z,KXBTC15M-26OCT042215-15,0.9890,1.55,no
2026-10-05T02:13:39.360118Z,KXBTC15M-26OCT042215-15,0.9890,21.83,no
2026-10-05T02:13:39.448828Z,KXBTC15M-26OCT042215-15,0.9900,4.57,yes
2026-10-05T02:13:39.448828Z,KXBTC15M-26OCT042215-15,0.9900,2.00,yes
2026-10-05T02:13:39.448828Z,KXBTC15M-26OCT042215-15,0.9900,30.65,yes
2026-10-05T02:13:39.448828Z,KXBTC15M-26OCT042215-15,0.9900,130.03,yes
2026-10-05T02:13:39.448828Z,KXBTC15M-26OCT042215-15,0.9900,8.81,yes
2026-10-05T02:13:39.448828Z,KXBTC15M-26OCT042215-15,0.9900,4.54,yes
2026-10-05T02:13:39.448828Z,KXBTC15M-26OCT042215-15,0.9900,1.47,yes
2026-10-05T02:13:39.448828Z,KXBTC15M-26OCT042215-15,0.9900,7.72,yes
2026-10-05T02:13:39.448828Z,KXBTC15M-26OCT042215-15,0.9900,44.85,yes
2026-10-05T02:13:39.448828Z,KXBTC15M-26OCT042215-15,0.9900,3.52,yes
2026-10-05T02:13:39.448828Z,KXBTC15M-26OCT042215-15,0.9900,212.73,yes
2026-10-05T02:13:39.448828Z,KXBTC15M-26OCT042215-15,0.9900,0.07,yes
2026-10-05T02:13:39.448828Z,KXBTC15M-26OCT042215-15,0.9900,1.00,yes
2026-10-05T02:13:39.448828Z,KXBTC15M-26OCT042215-15,0.9900,6.81,yes
2026-10-05T02:13:39.448828Z,KXBTC15M-26OCT042215-15,0.9900,20.00,yes
2026-10-05T02:13:39.448828Z,KXBTC15M-26OCT042215-15,0.9900,25.92,yes
2026-10-05T02:13:39.466046Z,KXBTC15M-26OCT042215-15,0.9900,8.00,yes
2026-10-05T02:13:39.534182Z,KXBTC15M-26OCT042215-15,0.9900,2.28,yes
2026-10-05T02:13:39.534182Z,KXBTC15M-26OCT042215-15,0.9900,4.57,yes
2026-10-05T02:13:39.534182Z,KXBTC15M-26OCT042215-15,0.9900,33.91,yes
2026-10-05T02:13:39.534182Z,KXBTC15M-26OCT042215-15,0.9900,3.72,yes
2026-10-05T02:13:39.534182Z,KXBTC15M-26OCT042215-15,0.9900,96.60,yes
2026-10-05T02:13:39.534182Z,KXBTC15M-26OCT042215-15,0.9900,8.94,yes
2026-10-05T02:13:39.534182Z,KXBTC15M-26OCT042215-15,0.9900,10.93,yes
2026-10-05T02:13:39.534182Z,KXBTC15M-26OCT042215-15,0.9900,19.70,yes
2026-10-05T02:13:39.534182Z,KXBTC15M-26OCT042215-15,0.9900,43.73,yes
2026-10-05T02:13:39.534182Z,KXBTC15M-26OCT042215-15,0.9900,10.93,yes
2026-10-05T02:13:39.534182Z,KXBTC15M-26OCT042215-15,0.9900,2.13,yes
2026-10-05T02:13:39.534182Z,KXBTC15M-26OCT042215-15,0.9900,63.42,yes
2026-10-05T02:13:39.534182Z,KXBTC15M-26OCT042215-15,0.9900,9.30,yes
2026-10-05T02:13:39.534182Z,KXBTC15M-26OCT042215-15,0.9900,37.21,yes
2026-10-05T02:13:39.534182Z,KXBTC15M-26OCT042215-15,0.9900,21.86,yes
2026-10-05T02:13:39.534182Z,KXBTC15M-26OCT042215-15,0.9900,0.05,yes
2026-10-05T02:13:39.534182Z,KXBTC15M-26OCT042215-15,0.9900,261.97,yes
2026-10-05T02:13:39.534182Z,KXBTC15M-26OCT042215-15,0.9900,176.26,yes
2026-10-05T02:13:39.548276Z,KXBTC15M-26OCT042215-15,0.9890,8.00,no
2026-10-05T02:13:39.55554Z,KXBTC15M-26OCT042215-15,0.9890,148.87,no
2026-10-05T02:13:39.560641Z,KXBTC15M-26OCT042215-15,0.9890,12.68,no
2026-10-05T02:13:39.567222Z,KXBTC15M-26OCT042215-15,0.9890,13.27,no
2026-10-05T02:13:39.616346Z,KXBTC15M-26OCT042215-15,0.9890,1.31,no
2026-10-05T02:13:39.618466Z,KXBTC15M-26OCT042215-15,0.9890,0.01,no
2026-10-05T02:13:39.618466Z,KXBTC15M-26OCT042215-15,0.9890,0.01,no
2026-10-05T02:13:39.618466Z,KXBTC15M-26OCT042215-15,0.9890,15.00,no
2026-10-05T02:13:39.618466Z,KXBTC15M-26OCT042215-15,0.9890,194.04,no
2026-10-05T02:13:39.618466Z,KXBTC15M-26OCT042215-15,0.9890,315.94,no
2026-10-05T02:13:39.618466Z,KXBTC15M-26OCT042215-15,0.9890,15.00,no
2026-10-05T02:13:39.638784Z,KXBTC15M-26OCT042215-15,0.9890,85.02,no
2026-10-05T02:13:39.697203Z,KXBTC15M-26OCT042215-15,0.9890,104.12,no
2026-10-05T02:13:39.757103Z,KXBTC15M-26OCT042215-15,0.9890,6.92,no
2026-10-05T02:13:39.757103Z,KXBTC15M-26OCT042215-15,0.9890,1.25,no
2026-10-05T02:13:39.764329Z,KXBTC15M-26OCT042215-15,0.9890,0.85,no
2026-10-05T02:13:39.78939Z,KXBTC15M-26OCT042215-15,0.9900,16.97,yes
2026-10-05T02:13:39.790078Z,KXBTC15M-26OCT042215-15,0.9900,7.73,yes
2026-10-05T02:13:39.790078Z,KXBTC15M-26OCT042215-15,0.9900,182.66,yes
2026-10-05T02:13:39.790078Z,KXBTC15M-26OCT042215-15,0.9900,0.01,yes
2026-10-05T02:13:39.790078Z,KXBTC15M-26OCT042215-15,0.9900,18.30,yes
2026-10-05T02:13:39.790078Z,KXBTC15M-26OCT042215-15,0.9900,11.44,yes
2026-10-05T02:13:39.790078Z,KXBTC15M-26OCT042215-15,0.9900,1.74,yes
2026-10-05T02:13:39.790078Z,KXBTC15M-26OCT042215-15,0.9900,10.95,yes
2026-10-05T02:13:39.790078Z,KXBTC15M-26OCT042215-15,0.9900,72.07,yes
2026-10-05T02:13:39.790078Z,KXBTC15M-26OCT042215-15,0.9900,3.61,yes
2026-10-05T02:13:39.790078Z,KXBTC15M-26OCT042215-15,0.9900,2.43,yes
2026-10-05T02:13:39.790078Z,KXBTC15M-26OCT042215-15,0.9900,6.16,yes
2026-10-05T02:13:39.790078Z,KXBTC15M-26OCT042215-15,0.9900,1.26,yes
2026-10-05T02:13:39.790078Z,KXBTC15M-26OCT042215-15,0.9900,0.29,yes
2026-10-05T02:13:39.790078Z,KXBTC15M-26OCT042215-15,0.9900,8.99,yes
2026-10-05T02:13:39.790078Z,KXBTC15M-26OCT042215-15,0.9900,2.55,yes
2026-10-05T02:13:39.790078Z,KXBTC15M-26OCT042215-15,0.9900,17.46,yes
2026-10-05T02:13:39.790078Z,KXBTC15M-26OCT042215-15,0.9900,425.49,yes
2026-10-05T02:13:39.790078Z,KXBTC15M-26OCT042215-15,0.9900,31.18,yes
2026-10-05T02:13:39.790078Z,KXBTC15M-26OCT042215-15,0.9900,39.91,yes
2026-10-05T02:13:39.790078Z,KXBTC15M-26OCT042215-15,0.9900,6.26,yes
2026-10-05T02:13:39.790078Z,KXBTC15M-26OCT042215-15,0.9900,9.17,yes
2026-10-05T02:13:39.790078Z,KXBTC15M-26OCT042215-15,0.9900,14.18,yes
2026-10-05T02:13:39.790078Z,KXBTC15M-26OCT042215-15,0.9900,64.70,yes
2026-10-05T02:13:39.790078Z,KXBTC15M-26OCT042215-15,0.9900,27.98,yes
2026-10-05T02:13:39.790078Z,KXBTC15M-26OCT042215-15,0.9900,5.24,yes
2026-10-05T02:13:39.790078Z,KXBTC15M-26OCT042215-15,0.9900,41.97,yes
2026-10-05T02:13:39.790078Z,KXBTC15M-26OCT042215-15,0.9900,2.58,yes
2026-10-05T02:13:39.790078Z,KXBTC15M-26OCT042215-15,0.9900,48.76,yes
2026-10-05T02:13:39.790078Z,KXBTC15M-26OCT042215-15,0.9900,0.12,yes
2026-10-05T02:13:39.790078Z,KXBTC15M-26OCT042215-15,0.9900,0.01,yes
2026-10-05T02:13:39.790078Z,KXBTC15M-26OCT042215-15,0.9900,1.29,yes
2026-10-05T02:13:39.790078Z,KXBTC15M-26OCT042215-15,0.9900,0.01,yes
2026-10-05T02:13:39.790078Z,KXBTC15M-26OCT042215-15,0.9900,3.83,yes
2026-10-05T02:13:39.790078Z,KXBTC15M-26OCT042215-15,0.9900,3.29,yes
2026-10-05T02:13:39.790078Z,KXBTC15M-26OCT042215-15,0.9900,1.31,yes
2026-10-05T02:13:39.790078Z,KXBTC15M-26OCT042215-15,0.9900,103.52,yes
2026-10-05T02:13:39.790078Z,KXBTC15M-26OCT042215-15,0.9900,21.95,yes
2026-10-05T02:13:39.790078Z,KXBTC15M-26OCT042215-15,0.9900,31.95,yes
2026-10-05T02:13:39.790078Z,KXBTC15M-26OCT042215-15,0.9900,30.94,yes
2026-10-05T02:13:39.790078Z,KXBTC15M-26OCT042215-15,0.9900,0.43,yes
2026-10-05T02:13:39.790078Z,KXBTC15M-26OCT042215-15,0.9900,15.71,yes
2026-10-05T02:13:39.790078Z,KXBTC15M-26OCT042215-15,0.9900,33.42,yes
2026-10-05T02:13:39.790078Z,KXBTC15M-26OCT042215-15,0.9900,29.17,yes
2026-10-05T02:13:39.790078Z,KXBTC15M-26OCT042215-15,0.9900,0.92,yes
2026-10-05T02:13:39.790078Z,KXBTC15M-26OCT042215-15,0.9900,25.56,yes
2026-10-05T02:13:39.790078Z,KXBTC15M-26OCT042215-15,0.9900,2.15,yes
2026-10-05T02:13:39.790078Z,KXBTC15M-26OCT042215-15,0.9900,2.55,yes
2026-10-05T02:13:39.790078Z,KXBTC15M-26OCT042215-15,0.9900,2.49,yes
2026-10-05T02:13:39.790078Z,KXBTC15M-26OCT042215-15,0.9900,31.70,yes
2026-10-05T02:13:39.790078Z,KXBTC15M-26OCT042215-15,0.9900,30.45,yes
2026-10-05T02:13:39.790078Z,KXBTC15M-26OCT042215-15,0.9900,1.77,yes
2026-10-05T02:13:39.790078Z,KXBTC15M-26OCT042215-15,0.9900,2.38,yes
2026-10-05T02:13:39.790078Z,KXBTC15M-26OCT042215-15,0.9900,1.20,yes
2026-10-05T02:13:39.790078Z,KXBTC15M-26OCT042215-15,0.9900,18.06,yes
2026-10-05T02:13:39.790078Z,KXBTC15M-26OCT042215-15,0.9900,36.06,yes
2026-10-05T02:13:39.790078Z,KXBTC15M-26OCT042215-15,0.9900,105.57,yes
2026-10-05T02:13:39.790078Z,KXBTC15M-26OCT042215-15,0.9900,1.00,yes
2026-10-05T02:13:39.790078Z,KXBTC15M-26OCT042215-15,0.9900,1.23,yes
2026-10-05T02:13:39.790078Z,KXBTC15M-26OCT042215-15,0.9900,26.66,yes
2026-10-05T02:13:39.790078Z,KXBTC15M-26OCT042215-15,0.9900,2.72,yes
2026-10-05T02:13:39.790078Z,KXBTC15M-26OCT042215-15,0.9900,6.47,yes
2026-10-05T02:13:39.790078Z,KXBTC15M-26OCT042215-15,0.9900,0.05,yes
2026-10-05T02:13:39.790078Z,KXBTC15M-26OCT042215-15,0.9900,258.80,yes
2026-10-05T02:13:39.790078Z,KXBTC15M-26OCT042215-15,0.9900,2.60,yes
2026-10-05T02:13:39.790078Z,KXBTC15M-26OCT042215-15,0.9900,12.83,yes
2026-10-05T02:13:39.790078Z,KXBTC15M-26OCT042215-15,0.9900,1.88,yes
2026-10-05T02:13:39.790078Z,KXBTC15M-26OCT042215-15,0.9900,83.90,yes
2026-10-05T02:13:39.790078Z,KXBTC15M-26OCT042215-15,0.9900,13.44,yes
2026-10-05T02:13:39.790078Z,KXBTC15M-26OCT042215-15,0.9900,6.54,yes
2026-10-05T02:13:39.879484Z,KXBTC15M-26OCT042215-15,0.9890,47.45,no
2026-10-05T02:13:39.879484Z,KXBTC15M-26OCT042215-15,0.9890,37.57,no
2026-10-05T02:13:39.898595Z,KXBTC15M-26OCT042215-15,0.9890,9.85,no
2026-10-05T02:13:39.905207Z,KXBTC15M-26OCT042215-15,0.9900,0.39,yes
2026-10-05T02:13:39.908175Z,KXBTC15M-26OCT042215-15,0.9900,8.16,yes
2026-10-05T02:13:39.932586Z,KXBTC15M-26OCT042215-15,0.9900,27.61,yes
2026-10-05T02:13:39.9511Z,KXBTC15M-26OCT042215-15,0.9890,15.93,no
2026-10-05T02:13:39.955677Z,KXBTC15M-26OCT042215-15,0.9890,18.27,no
2026-10-05T02:13:39.964389Z,KXBTC15M-26OCT042215-15,0.9890,186.17,no
2026-10-05T02:13:39.964389Z,KXBTC15M-26OCT042215-15,0.9890,92.09,no
2026-10-05T02:13:40.020019Z,KXBTC15M-26OCT042215-15,0.9890,105.43,no
2026-10-05T02:13:40.034308Z,KXBTC15M-26OCT042215-15,0.9890,164.30,no
2026-10-05T02:13:40.038724Z,KXBTC15M-26OCT042215-15,0.9890,85.02,no
2026-10-05T02:13:40.058888Z,KXBTC15M-26OCT042215-15,0.9900,444.82,yes
2026-10-05T02:13:40.072638Z,KXBTC15M-26OCT042215-15,0.9900,0.02,yes
2026-10-05T02:13:40.07263Z,KXBTC15M-26OCT042215-15,0.9900,0.02,yes
2026-10-05T02:13:40.074095Z,KXBTC15M-26OCT042215-15,0.9900,0.02,yes
2026-10-05T02:13:40.129556Z,KXBTC15M-26OCT042215-15,0.9890,77.98,no
2026-10-05T02:13:40.129556Z,KXBTC15M-26OCT042215-15,0.9890,297.34,no
2026-10-05T02:13:40.129556Z,KXBTC15M-26OCT042215-15,0.9890,25.49,no
2026-10-05T02:13:40.136524Z,KXBTC15M-26OCT042215-15,0.9890,14.44,no
2026-10-05T02:13:40.181664Z,KXBTC15M-26OCT042215-15,0.9900,290.50,yes
2026-10-05T02:13:40.190151Z,KXBTC15M-26OCT042215-15,0.9890,6.63,no
2026-10-05T02:13:40.191584Z,KXBTC15M-26OCT042215-15,0.9890,0.02,no
2026-10-05T02:13:40.191584Z,KXBTC15M-26OCT042215-15,0.9890,25.67,no
2026-10-05T02:13:40.191584Z,KXBTC15M-26OCT042215-15,0.9890,60.15,no
2026-10-05T02:13:40.191584Z,KXBTC15M-26OCT042215-15,0.9890,25.00,no
2026-10-05T02:13:40.191584Z,KXBTC15M-26OCT042215-15,0.9890,49.72,no
2026-10-05T02:13:40.191584Z,KXBTC15M-26OCT042215-15,0.9890,4.94,no
2026-10-05T02:13:40.191584Z,KXBTC15M-26OCT042215-15,0.9890,208.66,no
2026-10-05T02:13:40.191584Z,KXBTC15M-26OCT042215-15,0.9890,50.95,no
2026-10-05T02:13:40.229824Z,KXBTC15M-26OCT042215-15,0.9890,2.09,no
2026-10-05T02:13:40.230726Z,KXBTC15M-26OCT042215-15,0.9890,6.59,no
2026-10-05T02:13:40.240344Z,KXBTC15M-26OCT042215-15,0.9890,18.60,no
2026-10-05T02:13:40.290742Z,KXBTC15M-26OCT042215-15,0.9890,12.57,no
2026-10-05T02:13:40.290742Z,KXBTC15M-26OCT042215-15,0.9890,38.47,no
2026-10-05T02:13:40.343904Z,KXBTC15M-26OCT042215-15,0.9890,161.53,no
2026-10-05T02:13:40.343904Z,KXBTC15M-26OCT042215-15,0.9890,0.01,no
2026-10-05T02:13:40.343904Z,KXBTC15M-26OCT042215-15,0.9890,0.01,no
2026-10-05T02:13:40.343904Z,KXBTC15M-26OCT042215-15,0.9890,376.86,no
2026-10-05T02:13:40.344208Z,KXBTC15M-26OCT042215-15,0.9900,7.60,yes
2026-10-05T02:13:40.364956Z,KXBTC15M-26OCT042215-15,0.9890,8.50,no
2026-10-05T02:13:40.370184Z,KXBTC15M-26OCT042215-15,0.9900,29.26,yes
2026-10-05T02:13:40.372121Z,KXBTC15M-26OCT042215-15,0.9890,19.78,no
2026-10-05T02:13:40.372121Z,KXBTC15M-26OCT042215-15,0.9890,14.64,no
2026-10-05T02:13:40.372121Z,KXBTC15M-26OCT042215-15,0.9890,6.10,no
2026-10-05T02:13:40.393448Z,KXBTC15M-26OCT042215-15,0.9900,12.92,yes
2026-10-05T02:13:40.414036Z,KXBTC15M-26OCT042215-15,0.9900,30.00,yes
2026-10-05T02:13:40.449298Z,KXBTC15M-26OCT042215-15,0.9890,85.02,no
2026-10-05T02:13:40.460675Z,KXBTC15M-26OCT042215-15,0.9900,2731.42,yes
2026-10-05T02:13:40.478924Z,KXBTC15M-26OCT042215-15,0.9890,1.04,no
2026-10-05T02:13:40.478924Z,KXBTC15M-26OCT042215-15,0.9890,1.06,no
2026-10-05T02:13:40.478924Z,KXBTC15M-26OCT042215-15,0.9890,0.01,no
2026-10-05T02:13:40.478924Z,KXBTC15M-26OCT042215-15,0.9890,122.65,no
2026-10-05T02:13:40.478924Z,KXBTC15M-26OCT042215-15,0.9890,41.88,no
2026-10-05T02:13:40.482124Z,KXBTC15M-26OCT042215-15,0.9900,50.00,yes
2026-10-05T02:13:40.539658Z,KXBTC15M-26OCT042215-15,0.9900,1.00,yes
2026-10-05T02:13:40.567436Z,KXBTC15M-26OCT042215-15,0.9890,100.00,no
2026-10-05T02:13:40.567436Z,KXBTC15M-26OCT042215-15,0.9890,165.40,no
2026-10-05T02:13:40.567436Z,KXBTC15M-26OCT042215-15,0.9890,0.02,no
2026-10-05T02:13:40.567436Z,KXBTC15M-26OCT042215-15,0.9890,0.01,no
2026-10-05T02:13:40.570678Z,KXBTC15M-26OCT042215-15,0.9900,35.23,yes
2026-10-05T02:13:40.57229Z,KXBTC15M-26OCT042215-15,0.9890,7.09,no
2026-10-05T02:13:40.5949Z,KXBTC15M-26OCT042215-15,0.9890,85.02,no
2026-10-05T02:13:40.60165Z,KXBTC15M-26OCT042215-15,0.9880,238.03,no
2026-10-05T02:13:40.60165Z,KXBTC15M-26OCT042215-15,0.9890,1.06,no
2026-10-05T02:13:40.60165Z,KXBTC15M-26OCT042215-15,0.9890,9.00,no
2026-10-05T02:13:40.62786Z,KXBTC15M-26OCT042215-15,0.9900,19.78,yes
2026-10-05T02:13:40.674655Z,KXBTC15M-26OCT042215-15,0.9890,60.02,no
2026-10-05T02:13:40.674655Z,KXBTC15M-26OCT042215-15,0.9890,25.00,no
2026-10-05T02:13:40.719149Z,KXBTC15M-26OCT042215-15,0.9890,10.57,no
2026-10-05T02:13:40.719149Z,KXBTC15M-26OCT042215-15,0.9890,2.00,no
2026-10-05T02:13:40.736525Z,KXBTC15M-26OCT042215-15,0.9900,0.62,yes
2026-10-05T02:13:40.738624Z,KXBTC15M-26OCT042215-15,0.9900,6.55,yes
2026-10-05T02:13:40.738624Z,KXBTC15M-26OCT042215-15,0.9900,6.47,yes
2026-10-05T02:13:40.738624Z,KXBTC15M-26OCT042215-15,0.9900,5.00,yes
2026-10-05T02:13:40.738624Z,KXBTC15M-26OCT042215-15,0.9900,127.01,yes
2026-10-05T02:13:40.738624Z,KXBTC15M-26OCT042215-15,0.9900,2.37,yes
2026-10-05T02:13:40.738624Z,KXBTC15M-26OCT042215-15,0.9900,1.00,yes
2026-10-05T02:13:40.738624Z,KXBTC15M-26OCT042215-15,0.9900,2.37,yes
2026-10-05T02:13:40.738624Z,KXBTC15M-26OCT042215-15,0.9900,1.92,yes
2026-10-05T02:13:40.738624Z,KXBTC15M-26OCT042215-15,0.9900,1.86,yes
2026-10-05T02:13:40.738624Z,KXBTC15M-26OCT042215-15,0.9900,11.39,yes
2026-10-05T02:13:40.738624Z,KXBTC15M-26OCT042215-15,0.9900,1.00,yes
2026-10-05T02:13:40.738624Z,KXBTC15M-26OCT042215-15,0.9900,11.39,yes
2026-10-05T02:13:40.738624Z,KXBTC15M-26OCT042215-15,0.9900,3.00,yes
2026-10-05T02:13:40.738624Z,KXBTC15M-26OCT042215-15,0.9900,22.78,yes
2026-10-05T02:13:40.738624Z,KXBTC15M-26OCT042215-15,0.9900,33.17,yes
2026-10-05T02:13:40.738624Z,KXBTC15M-26OCT042215-15,0.9900,32.24,yes
2026-10-05T02:13:40.738624Z,KXBTC15M-26OCT042215-15,0.9900,3.41,yes
2026-10-05T02:13:40.738624Z,KXBTC15M-26OCT042215-15,0.9900,37.58,yes
2026-10-05T02:13:40.738624Z,KXBTC15M-26OCT042215-15,0.9900,550.63,yes
2026-10-05T02:13:40.738624Z,KXBTC15M-26OCT042215-15,0.9900,16.00,yes
2026-10-05T02:13:40.738624Z,KXBTC15M-26OCT042215-15,0.9900,131.14,yes
2026-10-05T02:13:40.738624Z,KXBTC15M-26OCT042215-15,0.9900,1.11,yes
2026-10-05T02:13:40.753575Z,KXBTC15M-26OCT042215-15,0.9890,51.48,no
2026-10-05T02:13:40.753891Z,KXBTC15M-26OCT042215-15,0.9890,18.27,no
2026-10-05T02:13:40.7857Z,KXBTC15M-26OCT042215-15,0.9890,2.09,no
2026-10-05T02:13:40.7857Z,KXBTC15M-26OCT042215-15,0.9890,8.00,no
2026-10-05T02:13:40.7857Z,KXBTC15M-26OCT042215-15,0.9890,400.00,no
2026-10-05T02:13:40.7857Z,KXBTC15M-26OCT042215-15,0.9890,0.02,no
2026-10-05T02:13:40.7857Z,KXBTC15M-26OCT042215-15,0.9890,15.00,no
2026-10-05T02:13:40.791857Z,KXBTC15M-26OCT042215-15,0.9900,6.95,yes
2026-10-05T02:13:40.792478Z,KXBTC15M-26OCT042215-15,0.9900,10.10,yes
2026-10-05T02:13:40.796581Z,KXBTC15M-26OCT042215-15,0.9900,1.00,yes
2026-10-05T02:13:40.82383Z,KXBTC15M-26OCT042215-15,0.9900,8.04,yes
2026-10-05T02:13:40.82383Z,KXBTC15M-26OCT042215-15,0.9900,254.94,yes
2026-10-05T02:13:40.82383Z,KXBTC15M-26OCT042215-15,0.9900,1.00,yes
2026-10-05T02:13:40.82383Z,KXBTC15M-26OCT042215-15,0.9900,241.83,yes
2026-10-05T02:13:40.82383Z,KXBTC15M-26OCT042215-15,0.9900,10.00,yes
2026-10-05T02:13:40.82383Z,KXBTC15M-26OCT042215-15,0.9900,1.00,yes
2026-10-05T02:13:40.82383Z,KXBTC15M-26OCT042215-15,0.9900,1.00,yes
2026-10-05T02:13:40.832194Z,KXBTC15M-26OCT042215-15,0.9900,1020.00,yes
2026-10-05T02:13:40.832194Z,KXBTC15M-26OCT042215-15,0.9900,0.01,yes
2026-10-05T02:13:40.832194Z,KXBTC15M-26OCT042215-15,0.9900,19.78,yes
2026-10-05T02:13:40.832194Z,KXBTC15M-26OCT042215-15,0.9900,6.00,yes
2026-10-05T02:13:40.832194Z,KXBTC15M-26OCT042215-15,0.9900,200.00,yes
2026-10-05T02:13:40.832194Z,KXBTC15M-26OCT042215-15,0.9900,0.01,yes
2026-10-05T02:13:40.832194Z,KXBTC15M-26OCT042215-15,0.9900,15.00,yes
2026-10-05T02:13:40.832194Z,KXBTC15M-26OCT042215-15,0.9900,25.00,yes
2026-10-05T02:13:40.832194Z,KXBTC15M-26OCT042215-15,0.9900,15.00,yes
2026-10-05T02:13:40.832194Z,KXBTC15M-26OCT042215-15,0.9900,3.00,yes
2026-10-05T02:13:40.832194Z,KXBTC15M-26OCT042215-15,0.9900,3.00,yes
2026-10-05T02:13:40.832194Z,KXBTC15M-26OCT042215-15,0.9900,75.76,yes
2026-10-05T02:13:40.832194Z,KXBTC15M-26OCT042215-15,0.9900,88.40,yes
2026-10-05T02:13:40.832194Z,KXBTC15M-26OCT042215-15,0.9900,50.00,yes
2026-10-05T02:13:40.832194Z,KXBTC15M-26OCT042215-15,0.9900,90.00,yes
2026-10-05T02:13:40.832194Z,KXBTC15M-26OCT042215-15,0.9900,0.43,yes
2026-10-05T02:13:40.832194Z,KXBTC15M-26OCT042215-15,0.9900,7.33,yes
2026-10-05T02:13:40.832194Z,KXBTC15M-26OCT042215-15,0.9900,100.00,yes
2026-10-05T02:13:40.832194Z,KXBTC15M-26OCT042215-15,0.9900,11.90,yes
2026-10-05T02:13:40.878264Z,KXBTC15M-26OCT042215-15,0.9890,400.00,no
2026-10-05T02:13:40.878264Z,KXBTC15M-26OCT042215-15,0.9890,8.11,no
2026-10-05T02:13:40.878264Z,KXBTC15M-26OCT042215-15,0.9890,15.00,no
2026-10-05T02:13:40.878264Z,KXBTC15M-26OCT042215-15,0.9890,2.00,no
2026-10-05T02:13:40.903197Z,KXBTC15M-26OCT042215-15,0.9890,45.56,no
2026-10-05T02:13:40.903202Z,KXBTC15M-26OCT042215-15,0.9880,212.99,no
2026-10-05T02:13:40.903202Z,KXBTC15M-26OCT042215-15,0.9880,176.90,no
2026-10-05T02:13:40.903202Z,KXBTC15M-26OCT042215-15,0.9890,0.01,no
2026-10-05T02:13:40.903202Z,KXBTC15M-26OCT042215-15,0.9890,25.00,no
2026-10-05T02:13:40.903202Z,KXBTC15M-26OCT042215-15,0.9890,46.33,no
2026-10-05T02:13:40.903202Z,KXBTC15M-26OCT042215-15,0.9890,15.00,no
2026-10-05T02:13:40.903202Z,KXBTC15M-26OCT042215-15,0.9890,9.00,no
2026-10-05T02:13:40.903202Z,KXBTC15M-26OCT042215-15,0.9890,400.00,no
2026-10-05T02:13:40.903202Z,KXBTC15M-26OCT042215-15,0.9890,15.00,no
2026-10-05T02:13:40.903202Z,KXBTC15M-26OCT042215-15,0.9890,0.01,no
2026-10-05T02:13:40.93751Z,KXBTC15M-26OCT042215-15,0.9900,424.98,yes
2026-10-05T02:13:40.93751Z,KXBTC15M-26OCT042215-15,0.9900,500.00,yes
2026-10-05T02:13:40.93751Z,KXBTC15M-26OCT042215-15,0.9900,0.01,yes
2026-10-05T02:13:40.93751Z,KXBTC15M-26OCT042215-15,0.9900,0.01,yes
2026-10-05T02:13:40.93751Z,KXBTC15M-26OCT042215-15,0.9900,25.00,yes
2026-10-05T02:13:40.93751Z,KXBTC15M-26OCT042215-15,0.9900,200.00,yes
2026-10-05T02:13:40.93751Z,KXBTC15M-26OCT042215-15,0.9900,50.00,yes
2026-10-05T02:13:40.947868Z,KXBTC15M-26OCT042215-15,0.9880,4.64,no
2026-10-05T02:13:40.947868Z,KXBTC15M-26OCT042215-15,0.9890,0.02,no
2026-10-05T02:13:40.947868Z,KXBTC15M-26OCT042215-15,0.9890,15.00,no
2026-10-05T02:13:40.947868Z,KXBTC15M-26OCT042215-15,0.9890,0.01,no
2026-10-05T02:13:40.947868Z,KXBTC15M-26OCT042215-15,0.9890,7.00,no
2026-10-05T02:13:40.947868Z,KXBTC15M-26OCT042215-15,0.9890,15.00,no
2026-10-05T02:13:40.983158Z,KXBTC15M-26OCT042215-15,0.9900,0.01,yes
2026-10-05T02:13:40.983158Z,KXBTC15M-26OCT042215-15,0.9900,50.00,yes
2026-10-05T02:13:40.983158Z,KXBTC15M-26OCT042215-15,0.9900,15.00,yes
2026-10-05T02:13:40.983158Z,KXBTC15M-26OCT042215-15,0.9900,25.00,yes
2026-10-05T02:13:40.983158Z,KXBTC15M-26OCT042215-15,0.9900,0.01,yes
2026-10-05T02:13:40.983158Z,KXBTC15M-26OCT042215-15,0.9900,10.91,yes
2026-10-05T02:13:41.000329Z,KXBTC15M-26OCT042215-15,0.9890,5.76,no
2026-10-05T02:13:41.000329Z,KXBTC15M-26OCT042215-15,0.9890,15.00,no
2026-10-05T02:13:41.000329Z,KXBTC15M-26OCT042215-15,0.9890,25.00,no
2026-10-05T02:13:41.027324Z,KXBTC15M-26OCT042215-15,0.9890,67.49,no
2026-10-05T02:13:41.056634Z,KXBTC15M-26OCT042215-15,0.9900,0.01,yes
2026-10-05T02:13:41.056634Z,KXBTC15M-26OCT042215-15,0.9900,4.09,yes
2026-10-05T02:13:41.056634Z,KXBTC15M-26OCT042215-15,0.9900,0.90,yes
2026-10-05T02:13:41.102618Z,KXBTC15M-26OCT042215-15,0.9890,0.01,no
2026-10-05T02:13:41.102618Z,KXBTC15M-26OCT042215-15,0.9890,1.68,no
2026-10-05T02:13:41.102618Z,KXBTC15M-26OCT042215-15,0.9890,0.01,no
2026-10-05T02:13:41.106023Z,KXBTC15M-26OCT042215-15,0.9900,8.00,yes
2026-10-05T02:13:41.231275Z,KXBTC15M-26OCT042215-15,0.9900,40.37,yes
2026-10-05T02:13:41.234926Z,KXBTC15M-26OCT042215-15,0.9890,15.00,no
2026-10-05T02:13:41.234926Z,KXBTC15M-26OCT042215-15,0.9890,15.00,no
2026-10-05T02:13:41.234926Z,KXBTC15M-26OCT042215-15,0.9890,25.00,no
2026-10-05T02:13:41.234926Z,KXBTC15M-26OCT042215-15,0.9890,354.14,no
2026-10-05T02:13:41.259418Z,KXBTC15M-26OCT042215-15,0.9890,14.45,no
2026-10-05T02:13:41.307671Z,KXBTC15M-26OCT042215-15,0.9900,8.26,yes
2026-10-05T02:13:41.307671Z,KXBTC15M-26OCT042215-15,0.9900,0.73,yes
2026-10-05T02:13:41.307671Z,KXBTC15M-26OCT042215-15,0.9900,0.01,yes
2026-10-05T02:13:41.337442Z,KXBTC15M-26OCT042215-15,0.9900,50.00,yes
2026-10-05T02:13:41.337442Z,KXBTC15M-26OCT042215-15,0.9900,1.00,yes
2026-10-05T02:13:41.337442Z,KXBTC15M-26OCT042215-15,0.9900,15.00,yes
2026-10-05T02:13:41.337442Z,KXBTC15M-26OCT042215-15,0.9900,16.74,yes
2026-10-05T02:13:41.337442Z,KXBTC15M-26OCT042215-15,0.9900,0.01,yes
2026-10-05T02:13:41.337442Z,KXBTC15M-26OCT042215-15,0.9900,0.01,yes
2026-10-05T02:13:41.385123Z,KXBTC15M-26OCT042215-15,0.9900,50.00,no
2026-10-05T02:13:41.385123Z,KXBTC15M-26OCT042215-15,0.9900,57.24,no
2026-10-05T02:13:41.385123Z,KXBTC15M-26OCT042215-15,0.9900,15.00,no
2026-10-05T02:13:41.385123Z,KXBTC15M-26OCT042215-15,0.9900,0.01,no
2026-10-05T02:13:41.385123Z,KXBTC15M-26OCT042215-15,0.9900,15.00,no
2026-10-05T02:13:41.385123Z,KXBTC15M-26OCT042215-15,0.9900,16.74,no
2026-10-05T02:13:41.385123Z,KXBTC15M-26OCT042215-15,0.9900,400.00,no
2026-10-05T02:13:41.385123Z,KXBTC15M-26OCT042215-15,0.9900,0.01,no
2026-10-05T02:13:41.385123Z,KXBTC15M-26OCT042215-15,0.9900,100.00,no
2026-10-05T02:13:41.385123Z,KXBTC15M-26OCT042215-15,0.9900,148.92,no
2026-10-05T02:13:41.385123Z,KXBTC15M-26OCT042215-15,0.9900,500.00,no
2026-10-05T02:13:41.385123Z,KXBTC15M-26OCT042215-15,0.9900,309.66,no
2026-10-05T02:13:41.435546Z,KXBTC15M-26OCT042215-15,0.9900,28.06,no
2026-10-05T02:13:41.471076Z,KXBTC15M-26OCT042215-15,0.9910,3.19,yes
2026-10-05T02:13:41.506147Z,KXBTC15M-26OCT042215-15,0.9910,35.23,yes
2026-10-05T02:13:41.548067Z,KXBTC15M-26OCT042215-15,0.9900,5.00,no
2026-10-05T02:13:41.551948Z,KXBTC15M-26OCT042215-15,0.9900,23.06,no
2026-10-05T02:13:41.551948Z,KXBTC15M-26OCT042215-15,0.9900,166.94,no
2026-10-05T02:13:41.624288Z,KXBTC15M-26OCT042215-15,0.9900,0.01,no
2026-10-05T02:13:41.624288Z,KXBTC15M-26OCT042215-15,0.9900,26.94,no
2026-10-05T02:13:41.624288Z,KXBTC15M-26OCT042215-15,0.9900,306.38,no
2026-10-05T02:13:41.658028Z,KXBTC15M-26OCT042215-15,0.9900,42.51,no
2026-10-05T02:13:41.668291Z,KXBTC15M-26OCT042215-15,0.9900,87.69,no
2026-10-05T02:13:41.668291Z,KXBTC15M-26OCT042215-15,0.9900,3.19,no
2026-10-05T02:13:41.668291Z,KXBTC15M-26OCT042215-15,0.9900,0.01,no
2026-10-05T02:13:41.668291Z,KXBTC15M-26OCT042215-15,0.9900,264.12,no
2026-10-05T02:13:41.668291Z,KXBTC15M-26OCT042215-15,0.9900,151.11,no
2026-10-05T02:13:41.681715Z,KXBTC15M-26OCT042215-15,0.9900,85.02,no
2026-10-05T02:13:41.699454Z,KXBTC15M-26OCT042215-15,0.9910,7.04,yes
2026-10-05T02:13:41.726101Z,KXBTC15M-26OCT042215-15,0.9900,10.00,no
2026-10-05T02:13:41.745666Z,KXBTC15M-26OCT042215-15,0.9900,20.77,no
2026-10-05T02:13:41.745666Z,KXBTC15M-26OCT042215-15,0.9900,25.23,no
2026-10-05T02:13:41.77092Z,KXBTC15M-26OCT042215-15,0.9900,9.22,no
2026-10-05T02:13:41.771487Z,KXBTC15M-26OCT042215-15,0.9910,74.54,yes
2026-10-05T02:13:41.771487Z,KXBTC15M-26OCT042215-15,0.9910,7.04,yes
2026-10-05T02:13:41.77909Z,KXBTC15M-26OCT042215-15,0.9900,50.00,no
2026-10-05T02:13:41.77909Z,KXBTC15M-26OCT042215-15,0.9900,170.01,no
2026-10-05T02:13:41.77909Z,KXBTC15M-26OCT042215-15,0.9900,0.02,no
2026-10-05T02:13:41.77909Z,KXBTC15M-26OCT042215-15,0.9900,346.29,no
2026-10-05T02:13:41.77909Z,KXBTC15M-26OCT042215-15,0.9900,0.01,no
2026-10-05T02:13:41.77909Z,KXBTC15M-26OCT042215-15,0.9900,100.00,no
2026-10-05T02:13:41.81499Z,KXBTC15M-26OCT042215-15,0.9910,1.65,yes
2026-10-05T02:13:41.81499Z,KXBTC15M-26OCT042215-15,0.9910,15.00,yes
2026-10-05T02:13:41.81499Z,KXBTC15M-26OCT042215-15,0.9910,0.01,yes
2026-10-05T02:13:41.81499Z,KXBTC15M-26OCT042215-15,0.9910,0.01,yes
2026-10-05T02:13:41.81499Z,KXBTC15M-26OCT042215-15,0.9910,1.27,yes
2026-10-05T02:13:41.817926Z,KXBTC15M-26OCT042215-15,0.9910,13.73,yes
2026-10-05T02:13:41.817926Z,KXBTC15M-26OCT042215-15,0.9910,10.27,yes
2026-10-05T02:13:41.879002Z,KXBTC15M-26OCT042215-15,0.9900,41.14,no
2026-10-05T02:13:41.891823Z,KXBTC15M-26OCT042215-15,0.9900,74.54,no
2026-10-05T02:13:41.891823Z,KXBTC15M-26OCT042215-15,0.9900,15.00,no
2026-10-05T02:13:41.891823Z,KXBTC15M-26OCT042215-15,0.9890,8.26,no
2026-10-05T02:13:41.891823Z,KXBTC15M-26OCT042215-15,0.9900,7.04,no
2026-10-05T02:13:41.891823Z,KXBTC15M-26OCT042215-15,0.9900,9.00,no
2026-10-05T02:13:41.891823Z,KXBTC15M-26OCT042215-15,0.9900,0.01,no
2026-10-05T02:13:41.891823Z,KXBTC15M-26OCT042215-15,0.9890,0.02,no
2026-10-05T02:13:41.891823Z,KXBTC15M-26OCT042215-15,0.9900,0.01,no
2026-10-05T02:13:41.891823Z,KXBTC15M-26OCT042215-15,0.9880,18.11,no
2026-10-05T02:13:41.907273Z,KXBTC15M-26OCT042215-15,0.9880,1.30,no
2026-10-05T02:13:41.919446Z,KXBTC15M-26OCT042215-15,0.9890,15.00,no
2026-10-05T02:13:41.919446Z,KXBTC15M-26OCT042215-15,0.9900,15.00,no
2026-10-05T02:13:41.919446Z,KXBTC15M-26OCT042215-15,0.9880,274.96,no
2026-10-05T02:13:41.919446Z,KXBTC15M-26OCT042215-15,0.9880,147.10,no
2026-10-05T02:13:41.922963Z,KXBTC15M-26OCT042215-15,0.9920,2.59,yes
2026-10-05T02:13:41.922963Z,KXBTC15M-26OCT042215-15,0.9910,0.01,yes
2026-10-05T02:13:41.922963Z,KXBTC15M-26OCT042215-15,0.9910,15.00,yes
2026-10-05T02:13:41.922963Z,KXBTC15M-26OCT042215-15,0.9910,0.01,yes
2026-10-05T02:13:41.94241Z,KXBTC15M-26OCT042215-15,0.9910,15.00,no
2026-10-05T02:13:41.945415Z,KXBTC15M-26OCT042215-15,0.9910,255.07,no
2026-10-05T02:13:42.006676Z,KXBTC15M-26OCT042215-15,0.9920,117.41,yes
2026-10-05T02:13:42.006676Z,KXBTC15M-26OCT042215-15,0.9930,142.02,yes
2026-10-05T02:13:42.006676Z,KXBTC15M-26OCT042215-15,0.9920,11.00,yes
2026-10-05T02:13:42.006676Z,KXBTC15M-26OCT042215-15,0.9920,0.01,yes
2026-10-05T02:13:42.006676Z,KXBTC15M-26OCT042215-15,0.9920,0.01,yes
2026-10-05T02:13:42.006676Z,KXBTC15M-26OCT042215-15,0.9920,26.00,yes
2026-10-05T02:13:42.042851Z,KXBTC15M-26OCT042215-15,0.9920,0.01,yes
2026-10-05T02:13:42.042851Z,KXBTC15M-26OCT042215-15,0.9920,0.01,yes
2026-10-05T02:13:42.042851Z,KXBTC15M-26OCT042215-15,0.9920,1.99,yes
2026-10-05T02:13:42.087723Z,KXBTC15M-26OCT042215-15,0.9920,98.01,yes
2026-10-05T02:13:42.087723Z,KXBTC15M-26OCT042215-15,0.9920,1.60,yes
2026-10-05T02:13:42.095492Z,KXBTC15M-26OCT042215-15,0.9910,0.85,no
2026-10-05T02:13:42.108805Z,KXBTC15M-26OCT042215-15,0.9910,935.19,no
2026-10-05T02:13:42.109585Z,KXBTC15M-26OCT042215-15,0.9910,6.39,no
2026-10-05T02:13:42.119309Z,KXBTC15M-26OCT042215-15,0.9910,4.56,no
2026-10-05T02:13:42.12162Z,KXBTC15M-26OCT042215-15,0.9920,198.40,yes
2026-10-05T02:13:42.12162Z,KXBTC15M-26OCT042215-15,0.9920,314.55,yes
2026-10-05T02:13:42.121687Z,KXBTC15M-26OCT042215-15,0.9910,2.00,no
2026-10-05T02:13:42.122665Z,KXBTC15M-26OCT042215-15,0.9910,144.38,no
2026-10-05T02:13:42.14283Z,KXBTC15M-26OCT042215-15,0.9910,93.51,no
2026-10-05T02:13:42.151942Z,KXBTC15M-26OCT042215-15,0.9910,1.00,no
2026-10-05T02:13:42.158784Z,KXBTC15M-26OCT042215-15,0.9940,1230.00,yes
2026-10-05T02:13:42.158784Z,KXBTC15M-26OCT042215-15,0.9930,1137.98,yes
2026-10-05T02:13:42.158784Z,KXBTC15M-26OCT042215-15,0.9930,1280.00,yes
2026-10-05T02:13:42.158784Z,KXBTC15M-26OCT042215-15,0.9940,1280.00,yes
2026-10-05T02:13:42.158784Z,KXBTC15M-26OCT042215-15,0.9940,50.00,yes
2026-10-05T02:13:42.158784Z,KXBTC15M-26OCT042215-15,0.9930,1280.00,yes
2026-10-05T02:13:42.158784Z,KXBTC15M-26OCT042215-15,0.9940,1280.00,yes
2026-10-05T02:13:42.158784Z,KXBTC15M-26OCT042215-15,0.9930,120.00,yes
2026-10-05T02:13:42.158784Z,KXBTC15M-26OCT042215-15,0.9940,120.00,yes
2026-10-05T02:13:42.158784Z,KXBTC15M-26OCT042215-15,0.9940,1.00,yes
2026-10-05T02:13:42.158784Z,KXBTC15M-26OCT042215-15,0.9930,1280.00,yes
2026-10-05T02:13:42.158784Z,KXBTC15M-26OCT042215-15,0.9940,1102.83,yes
2026-10-05T02:13:42.158784Z,KXBTC15M-26OCT042215-15,0.9920,100.00,yes
2026-10-05T02:13:42.158784Z,KXBTC15M-26OCT042215-15,0.9920,0.01,yes
2026-10-05T02:13:42.158784Z,KXBTC15M-26OCT042215-15,0.9930,33.00,yes
2026-10-05T02:13:42.158784Z,KXBTC15M-26OCT042215-15,0.9920,0.01,yes
2026-10-05T02:13:42.158784Z,KXBTC15M-26OCT042215-15,0.9920,11.00,yes
2026-10-05T02:13:42.158784Z,KXBTC15M-26OCT042215-15,0.9930,274.71,yes
2026-10-05T02:13:42.158784Z,KXBTC15M-26OCT042215-15,0.9930,2500.00,yes
2026-10-05T02:13:42.185582Z,KXBTC15M-26OCT042215-15,0.9910,2.59,no
2026-10-05T02:13:42.185582Z,KXBTC15M-26OCT042215-15,0.9910,500.00,no
2026-10-05T02:13:42.185582Z,KXBTC15M-26OCT042215-15,0.9910,1683.05,no
2026-10-05T02:13:42.185582Z,KXBTC15M-26OCT042215-15,0.9910,0.01,no
2026-10-05T02:13:42.185582Z,KXBTC15M-26OCT042215-15,0.9910,0.01,no
2026-10-05T02:13:42.185582Z,KXBTC15M-26OCT042215-15,0.9910,15.00,no
2026-10-05T02:13:42.185582Z,KXBTC15M-26OCT042215-15,0.9910,142.02,no
2026-10-05T02:13:42.185582Z,KXBTC15M-26OCT042215-15,0.9910,117.41,no
2026-10-05T02:13:42.185582Z,KXBTC15M-26OCT042215-15,0.9910,66.81,no
2026-10-05T02:13:42.185582Z,KXBTC15M-26OCT042215-15,0.9910,0.02,no
2026-10-05T02:13:42.233662Z,KXBTC15M-26OCT042215-15,0.9920,9.85,yes
2026-10-05T02:13:42.233662Z,KXBTC15M-26OCT042215-15,0.9920,0.01,yes
2026-10-05T02:13:42.233662Z,KXBTC15M-26OCT042215-15,0.9920,0.01,yes
2026-10-05T02:13:42.241986Z,KXBTC15M-26OCT042215-15,0.9910,5.11,no
2026-10-05T02:13:42.263987Z,KXBTC15M-26OCT042215-15,0.9920,0.63,yes
2026-10-05T02:13:42.265821Z,KXBTC15M-26OCT042215-15,0.9920,118.58,yes
2026-10-05T02:13:42.337469Z,KXBTC15M-26OCT042215-15,0.9910,48.08,no
2026-10-05T02:13:42.337469Z,KXBTC15M-26OCT042215-15,0.9910,45.43,no
2026-10-05T02:13:42.438675Z,KXBTC15M-26OCT042215-15,0.9910,1000.00,no
2026-10-05T02:13:42.508809Z,KXBTC15M-26OCT042215-15,0.9910,33.79,no
2026-10-05T02:13:42.534218Z,KXBTC15M-26OCT042215-15,0.9910,200.78,no
2026-10-05T02:13:42.534218Z,KXBTC15M-26OCT042215-15,0.9910,1102.83,no
2026-10-05T02:13:42.534218Z,KXBTC15M-26OCT042215-15,0.9910,658.06,no
2026-10-05T02:13:42.570207Z,KXBTC15M-26OCT042215-15,0.9920,6.00,yes
2026-10-05T02:13:42.610771Z,KXBTC15M-26OCT042215-15,0.9920,17.12,yes
2026-10-05T02:13:42.613588Z,KXBTC15M-26OCT042215-15,0.9910,103.91,no
2026-10-05T02:13:42.623095Z,KXBTC15M-26OCT042215-15,0.9920,9.38,yes
2026-10-05T02:13:42.638286Z,KXBTC15M-26OCT042215-15,0.9910,203.65,no
2026-10-05T02:13:42.661996Z,KXBTC15M-26OCT042215-15,0.9920,88.00,yes
2026-10-05T02:13:42.66397Z,KXBTC15M-26OCT042215-15,0.9920,35.66,yes
2026-10-05T02:13:42.687156Z,KXBTC15M-26OCT042215-15,0.9910,92.00,no
2026-10-05T02:13:42.693478Z,KXBTC15M-26OCT042215-15,0.9910,101.83,no
2026-10-05T02:13:42.723007Z,KXBTC15M-26OCT042215-15,0.9920,302.25,yes
2026-10-05T02:13:42.743158Z,KXBTC15M-26OCT042215-15,0.9920,10.07,yes
2026-10-05T02:13:42.803607Z,KXBTC15M-26OCT042215-15,0.9920,17.64,yes
2026-10-05T02:13:42.871307Z,KXBTC15M-26OCT042215-15,0.9910,18.55,no
2026-10-05T02:13:42.891287Z,KXBTC15M-26OCT042215-15,0.9940,70.88,yes
2026-10-05T02:13:42.891287Z,KXBTC15M-26OCT042215-15,0.9920,2525.82,yes
2026-10-05T02:13:42.891287Z,KXBTC15M-26OCT042215-15,0.9920,100.00,yes
2026-10-05T02:13:42.891287Z,KXBTC15M-26OCT042215-15,0.9920,0.01,yes
2026-10-05T02:13:42.891287Z,KXBTC15M-26OCT042215-15,0.9920,400.00,yes
2026-10-05T02:13:42.891287Z,KXBTC15M-26OCT042215-15,0.9920,15.00,yes
2026-10-05T02:13:42.891287Z,KXBTC15M-26OCT042215-15,0.9920,23.00,yes
2026-10-05T02:13:42.891287Z,KXBTC15M-26OCT042215-15,0.9920,0.01,yes
2026-10-05T02:13:42.891287Z,KXBTC15M-26OCT042215-15,0.9920,200.00,yes
2026-10-05T02:13:42.914063Z,KXBTC15M-26OCT042215-15,0.9910,175.70,no
2026-10-05T02:13:42.914063Z,KXBTC15M-26OCT042215-15,0.9910,120.00,no
2026-10-05T02:13:42.914063Z,KXBTC15M-26OCT042215-15,0.9910,102.00,no
2026-10-05T02:13:42.91636Z,KXBTC15M-26OCT042215-15,0.9920,24.82,yes
2026-10-05T02:13:42.91636Z,KXBTC15M-26OCT042215-15,0.9920,0.01,yes
2026-10-05T02:13:42.91636Z,KXBTC15M-26OCT042215-15,0.9920,0.01,yes
2026-10-05T02:13:42.921052Z,KXBTC15M-26OCT042215-15,0.9910,21.26,no
2026-10-05T02:13:42.933931Z,KXBTC15M-26OCT042215-15,0.9910,88.34,no
2026-10-05T02:13:42.95568Z,KXBTC15M-26OCT042215-15,0.9910,101.83,no
2026-10-05T02:13:42.966995Z,KXBTC15M-26OCT042215-15,0.9910,79.85,no
2026-10-05T02:13:42.981289Z,KXBTC15M-26OCT042215-15,0.9910,737.81,no
2026-10-05T02:13:42.989652Z,KXBTC15M-26OCT042215-15,0.9910,75.21,no
2026-10-05T02:13:42.989652Z,KXBTC15M-26OCT042215-15,0.9910,1280.00,no
2026-10-05T02:13:42.989652Z,KXBTC15M-26OCT042215-15,0.9910,0.01,no
2026-10-05T02:13:42.989652Z,KXBTC15M-26OCT042215-15,0.9910,10.00,no
2026-10-05T02:13:42.989652Z,KXBTC15M-26OCT042215-15,0.9910,0.01,no
2026-10-05T02:13:42.989652Z,KXBTC15M-26OCT042215-15,0.9910,154.37,no
2026-10-05T02:13:43.012941Z,KXBTC15M-26OCT042215-15,0.9910,10.39,no
2026-10-05T02:13:43.019233Z,KXBTC15M-26OCT042215-15,0.9910,101.83,no
2026-10-05T02:13:43.02073Z,KXBTC15M-26OCT042215-15,0.9910,125.75,no
2026-10-05T02:13:43.022321Z,KXBTC15M-26OCT042215-15,0.9910,113.84,no
2026-10-05T02:13:43.032085Z,KXBTC15M-26OCT042215-15,0.9910,631.80,no
2026-10-05T02:13:43.032085Z,KXBTC15M-26OCT042215-15,0.9910,355.18,no
2026-10-05T02:13:43.038405Z,KXBTC15M-26OCT042215-15,0.9910,509.12,no
2026-10-05T02:13:43.049248Z,KXBTC15M-26OCT042215-15,0.9910,57.51,no
2026-10-05T02:13:43.06841Z,KXBTC15M-26OCT042215-15,0.9910,57.60,no
2026-10-05T02:13:43.116481Z,KXBTC15M-26OCT042215-15,0.9920,0.01,yes
2026-10-05T02:13:43.116481Z,KXBTC15M-26OCT042215-15,0.9920,14.99,yes
2026-10-05T02:13:43.116481Z,KXBTC15M-26OCT042215-15,0.9920,0.01,yes
2026-10-05T02:13:43.143409Z,KXBTC15M-26OCT042215-15,0.9910,250.59,no
2026-10-05T02:13:43.143409Z,KXBTC15M-26OCT042215-15,0.9910,401.22,no
2026-10-05T02:13:43.143409Z,KXBTC15M-26OCT042215-15,0.9910,50.00,no
2026-10-05T02:13:43.147788Z,KXBTC15M-26OCT042215-15,0.9920,77.36,yes
2026-10-05T02:13:43.232287Z,KXBTC15M-26OCT042215-15,0.9910,306.16,no
2026-10-05T02:13:43.232287Z,KXBTC15M-26OCT042215-15,0.9910,98.78,no
2026-10-05T02:13:43.233121Z,KXBTC15M-26OCT042215-15,0.9920,30.76,yes
2026-10-05T02:13:43.250119Z,KXBTC15M-26OCT042215-15,0.9920,118.48,yes
2026-10-05T02:13:43.30762Z,KXBTC15M-26OCT042215-15,0.9910,1.01,no
2026-10-05T02:13:43.34359Z,KXBTC15M-26OCT042215-15,0.9910,101.83,no
2026-10-05T02:13:43.369237Z,KXBTC15M-26OCT042215-15,0.9920,50.37,yes
2026-10-05T02:13:43.378886Z,KXBTC15M-26OCT042215-15,0.9910,1.04,no
2026-10-05T02:13:43.423145Z,KXBTC15M-26OCT042215-15,0.9920,108.04,yes
2026-10-05T02:13:43.423145Z,KXBTC15M-26OCT042215-15,0.9920,22.00,yes
2026-10-05T02:13:43.423145Z,KXBTC15M-26OCT042215-15,0.9920,100.00,yes
2026-10-05T02:13:43.423145Z,KXBTC15M-26OCT042215-15,0.9930,63.61,yes
2026-10-05T02:13:43.423145Z,KXBTC15M-26OCT042215-15,0.9920,200.00,yes
2026-10-05T02:13:43.423145Z,KXBTC15M-26OCT042215-15,0.9920,0.01,yes
2026-10-05T02:13:43.423145Z,KXBTC15M-26OCT042215-15,0.9920,0.01,yes
2026-10-05T02:13:43.443407Z,KXBTC15M-26OCT042215-15,0.9910,287.87,no
2026-10-05T02:13:43.491637Z,KXBTC15M-26OCT042215-15,0.9920,0.01,yes
2026-10-05T02:13:43.491637Z,KXBTC15M-26OCT042215-15,0.9920,0.01,yes
2026-10-05T02:13:43.491637Z,KXBTC15M-26OCT042215-15,0.9920,50.35,yes
2026-10-05T02:13:43.499356Z,KXBTC15M-26OCT042215-15,0.9910,10.12,no
2026-10-05T02:13:43.543172Z,KXBTC15M-26OCT042215-15,0.9910,60.83,no
2026-10-05T02:13:43.608132Z,KXBTC15M-26OCT042215-15,0.9910,500.00,no
2026-10-05T02:13:43.608132Z,KXBTC15M-26OCT042215-15,0.9910,511.14,no
2026-10-05T02:13:43.608132Z,KXBTC15M-26OCT042215-15,0.9910,0.02,no
2026-10-05T02:13:43.608132Z,KXBTC15M-26OCT042215-15,0.9910,27.72,no
2026-10-05T02:13:43.61375Z,KXBTC15M-26OCT042215-15,0.9920,69.51,yes
2026-10-05T02:13:43.630097Z,KXBTC15M-26OCT042215-15,0.9910,101.83,no
2026-10-05T02:13:43.633559Z,KXBTC15M-26OCT042215-15,0.9920,14.36,yes
2026-10-05T02:13:43.645835Z,KXBTC15M-26OCT042215-15,0.9910,102.88,no
2026-10-05T02:13:43.653038Z,KXBTC15M-26OCT042215-15,0.9910,519.52,no
2026-10-05T02:13:43.654662Z,KXBTC15M-26OCT042215-15,0.9920,265.78,yes
2026-10-05T02:13:43.654662Z,KXBTC15M-26OCT042215-15,0.9920,16.22,yes
2026-10-05T02:13:43.684961Z,KXBTC15M-26OCT042215-15,0.9920,25.67,yes
2026-10-05T02:13:43.735099Z,KXBTC15M-26OCT042215-15,0.9920,1.00,yes
2026-10-05T02:13:43.768993Z,KXBTC15M-26OCT042215-15,0.9920,13.03,yes
2026-10-05T02:13:43.852112Z,KXBTC15M-26OCT042215-15,0.9950,1839.35,yes
2026-10-05T02:13:43.852112Z,KXBTC15M-26OCT042215-15,0.9940,106.29,yes
2026-10-05T02:13:43.852112Z,KXBTC15M-26OCT042215-15,0.9940,2000.00,yes
2026-10-05T02:13:43.852112Z,KXBTC15M-26OCT042215-15,0.9940,915.00,yes
2026-10-05T02:13:43.852112Z,KXBTC15M-26OCT042215-15,0.9940,2.00,yes
2026-10-05T02:13:43.852112Z,KXBTC15M-26OCT042215-15,0.9920,200.00,yes
2026-10-05T02:13:43.852112Z,KXBTC15M-26OCT042215-15,0.9920,44.08,yes
2026-10-05T02:13:43.852112Z,KXBTC15M-26OCT042215-15,0.9920,0.01,yes
2026-10-05T02:13:43.852112Z,KXBTC15M-26OCT042215-15,0.9930,200.00,yes
2026-10-05T02:13:43.852112Z,KXBTC15M-26OCT042215-15,0.9940,150.00,yes
2026-10-05T02:13:43.852112Z,KXBTC15M-26OCT042215-15,0.9930,2.00,yes
2026-10-05T02:13:43.852112Z,KXBTC15M-26OCT042215-15,0.9930,29.00,yes
2026-10-05T02:13:43.852112Z,KXBTC15M-26OCT042215-15,0.9940,16.00,yes
2026-10-05T02:13:43.852112Z,KXBTC15M-26OCT042215-15,0.9920,0.01,yes
2026-10-05T02:13:43.852112Z,KXBTC15M-26OCT042215-15,0.9920,400.00,yes
2026-10-05T02:13:43.852112Z,KXBTC15M-26OCT042215-15,0.9940,2.00,yes
2026-10-05T02:13:43.85282Z,KXBTC15M-26OCT042215-15,0.9950,6.73,yes
2026-10-05T02:13:43.867394Z,KXBTC15M-26OCT042215-15,0.9910,101.83,no
2026-10-05T02:13:43.929105Z,KXBTC15M-26OCT042215-15,0.9920,100.00,yes
2026-10-05T02:13:43.929105Z,KXBTC15M-26OCT042215-15,0.9920,0.01,yes
2026-10-05T02:13:43.929105Z,KXBTC15M-26OCT042215-15,0.9920,0.01,yes
2026-10-05T02:13:43.929105Z,KXBTC15M-26OCT042215-15,0.9920,121.63,yes
2026-10-05T02:13:43.940503Z,KXBTC15M-26OCT042215-15,0.9920,0.01,yes
2026-10-05T02:13:43.940503Z,KXBTC15M-26OCT042215-15,0.9920,0.01,yes
2026-10-05T02:13:43.940503Z,KXBTC15M-26OCT042215-15,0.9920,11.79,yes
2026-10-05T02:13:43.940712Z,KXBTC15M-26OCT042215-15,0.9920,14.53,yes
2026-10-05T02:13:43.944243Z,KXBTC15M-26OCT042215-15,0.9920,39.29,yes
2026-10-05T02:13:43.965355Z,KXBTC15M-26OCT042215-15,0.9910,105.22,no
2026-10-05T02:13:43.999995Z,KXBTC15M-26OCT042215-15,0.9910,99.75,no
2026-10-05T02:13:44.005898Z,KXBTC15M-26OCT042215-15,0.9920,22.37,yes
2026-10-05T02:13:44.008914Z,KXBTC15M-26OCT042215-15,0.9910,1038.88,no
2026-10-05T02:13:44.091083Z,KXBTC15M-26OCT042215-15,0.9920,10.07,yes
2026-10-05T02:13:44.145182Z,KXBTC15M-26OCT042215-15,0.9920,19.74,yes
2026-10-05T02:13:44.14681Z,KXBTC15M-26OCT042215-15,0.9910,51.95,no
2026-10-05T02:13:44.148033Z,KXBTC15M-26OCT042215-15,0.9910,10.39,no
2026-10-05T02:13:44.173273Z,KXBTC15M-26OCT042215-15,0.9920,10.08,yes
2026-10-05T02:13:44.209927Z,KXBTC15M-26OCT042215-15,0.9920,10.08,yes
2026-10-05T02:13:44.215457Z,KXBTC15M-26OCT042215-15,0.9910,3.34,no
2026-10-05T02:13:44.217288Z,KXBTC15M-26OCT042215-15,0.9910,0.01,no
2026-10-05T02:13:44.217288Z,KXBTC15M-26OCT042215-15,0.9910,0.01,no
2026-10-05T02:13:44.217288Z,KXBTC15M-26OCT042215-15,0.9910,15.00,no
2026-10-05T02:13:44.217288Z,KXBTC15M-26OCT042215-15,0.9910,5.20,no
2026-10-05T02:13:44.217288Z,KXBTC15M-26OCT042215-15,0.9910,53.14,no
2026-10-05T02:13:44.217288Z,KXBTC15M-26OCT042215-15,0.9910,24.00,no
2026-10-05T02:13:44.217288Z,KXBTC15M-26OCT042215-15,0.9910,106.29,no
2026-10-05T02:13:44.219147Z,KXBTC15M-26OCT042215-15,0.9920,41.86,yes
2026-10-05T02:13:44.235042Z,KXBTC15M-26OCT042215-15,0.9910,2.27,no
2026-10-05T02:13:44.237292Z,KXBTC15M-26OCT042215-15,0.9910,55.60,no
2026-10-05T02:13:44.244149Z,KXBTC15M-26OCT042215-15,0.9920,10.08,yes
2026-10-05T02:13:44.33868Z,KXBTC15M-26OCT042215-15,0.9910,309.41,no
2026-10-05T02:13:44.349717Z,KXBTC15M-26OCT042215-15,0.9910,203.65,no
2026-10-05T02:13:44.391622Z,KXBTC15M-26OCT042215-15,0.9910,101.83,no
2026-10-05T02:13:44.417391Z,KXBTC15M-26OCT042215-15,0.9920,100.75,yes
2026-10-05T02:13:44.425829Z,KXBTC15M-26OCT042215-15,0.9910,101.83,no
2026-10-05T02:13:44.432621Z,KXBTC15M-26OCT042215-15,0.9920,7.00,yes
2026-10-05T02:13:44.461804Z,KXBTC15M-26OCT042215-15,0.9920,15.11,yes
2026-10-05T02:13:44.469967Z,KXBTC15M-26OCT042215-15,0.9950,1352.94,yes
2026-10-05T02:13:44.469967Z,KXBTC15M-26OCT042215-15,0.9950,153.92,yes
2026-10-05T02:13:44.469967Z,KXBTC15M-26OCT042215-15,0.9920,500.00,yes
2026-10-05T02:13:44.469967Z,KXBTC15M-26OCT042215-15,0.9920,15.00,yes
2026-10-05T02:13:44.469967Z,KXBTC15M-26OCT042215-15,0.9940,16.00,yes
2026-10-05T02:13:44.469967Z,KXBTC15M-26OCT042215-15,0.9920,152.86,yes
2026-10-05T02:13:44.469967Z,KXBTC15M-26OCT042215-15,0.9920,0.01,yes
2026-10-05T02:13:44.469967Z,KXBTC15M-26OCT042215-15,0.9920,0.01,yes
2026-10-05T02:13:44.469967Z,KXBTC15M-26OCT042215-15,0.9920,100.00,yes
2026-10-05T02:13:44.469967Z,KXBTC15M-26OCT042215-15,0.9930,200.00,yes
2026-10-05T02:13:44.469967Z,KXBTC15M-26OCT042215-15,0.9940,150.00,yes
2026-10-05T02:13:44.469967Z,KXBTC15M-26OCT042215-15,0.9930,25.00,yes
2026-10-05T02:13:44.469967Z,KXBTC15M-26OCT042215-15,0.9920,200.00,yes
2026-10-05T02:13:44.472361Z,KXBTC15M-26OCT042215-15,0.9910,1.13,no
2026-10-05T02:13:44.478332Z,KXBTC15M-26OCT042215-15,0.9910,12.22,no
2026-10-05T02:13:44.546677Z,KXBTC15M-26OCT042215-15,0.9910,5.36,no
2026-10-05T02:13:44.568254Z,KXBTC15M-26OCT042215-15,0.9920,290.83,yes
2026-10-05T02:13:44.568254Z,KXBTC15M-26OCT042215-15,0.9920,0.01,yes
2026-10-05T02:13:44.568254Z,KXBTC15M-26OCT042215-15,0.9920,0.01,yes
2026-10-05T02:13:44.572838Z,KXBTC15M-26OCT042215-15,0.9910,509.12,no
2026-10-05T02:13:44.578585Z,KXBTC15M-26OCT042215-15,0.9950,0.41,yes
2026-10-05T02:13:44.578585Z,KXBTC15M-26OCT042215-15,0.9930,0.01,yes
2026-10-05T02:13:44.578585Z,KXBTC15M-26OCT042215-15,0.9920,100.00,yes
2026-10-05T02:13:44.578585Z,KXBTC15M-26OCT042215-15,0.9920,0.01,yes
2026-10-05T02:13:44.578585Z,KXBTC15M-26OCT042215-15,0.9940,16.00,yes
2026-10-05T02:13:44.578585Z,KXBTC15M-26OCT042215-15,0.9920,0.01,yes
2026-10-05T02:13:44.578585Z,KXBTC15M-26OCT042215-15,0.9920,109.17,yes
2026-10-05T02:13:44.625133Z,KXBTC15M-26OCT042215-15,0.9930,0.01,yes
2026-10-05T02:13:44.625133Z,KXBTC15M-26OCT042215-15,0.9930,6.98,yes
2026-10-05T02:13:44.625133Z,KXBTC15M-26OCT042215-15,0.9930,21.00,yes
2026-10-05T02:13:44.625133Z,KXBTC15M-26OCT042215-15,0.9930,0.01,yes
2026-10-05T02:13:44.640178Z,KXBTC15M-26OCT042215-15,0.9930,0.01,yes
2026-10-05T02:13:44.640178Z,KXBTC15M-26OCT042215-15,0.9930,0.01,yes
2026-10-05T02:13:44.640178Z,KXBTC15M-26OCT042215-15,0.9930,93.02,yes
2026-10-05T02:13:44.640178Z,KXBTC15M-26OCT042215-15,0.9930,15.00,yes
2026-10-05T02:13:44.70844Z,KXBTC15M-26OCT042215-15,0.9930,26.67,no
2026-10-05T02:13:44.748003Z,KXBTC15M-26OCT042215-15,0.9930,43.43,no
2026-10-05T02:13:44.754001Z,KXBTC15M-26OCT042215-15,0.9930,6.86,no
2026-10-05T02:13:44.754001Z,KXBTC15M-26OCT042215-15,0.9930,8.29,no
2026-10-05T02:13:44.754001Z,KXBTC15M-26OCT042215-15,0.9930,0.01,no
2026-10-05T02:13:44.754001Z,KXBTC15M-26OCT042215-15,0.9930,0.01,no
2026-10-05T02:13:44.75537Z,KXBTC15M-26OCT042215-15,0.9930,66.20,no
2026-10-05T02:13:44.75537Z,KXBTC15M-26OCT042215-15,0.9930,37.71,no
2026-10-05T02:13:44.774867Z,KXBTC15M-26OCT042215-15,0.9930,4.80,no
2026-10-05T02:13:44.774867Z,KXBTC15M-26OCT042215-15,0.9930,16.02,no
2026-10-05T02:13:44.774867Z,KXBTC15M-26OCT042215-15,0.9930,15.96,no
2026-10-05T02:13:44.774867Z,KXBTC15M-26OCT042215-15,0.9930,0.01,no
2026-10-05T02:13:44.774867Z,KXBTC15M-26OCT042215-15,0.9930,0.01,no
2026-10-05T02:13:44.787066Z,KXBTC15M-26OCT042215-15,0.9930,0.41,no
2026-10-05T02:13:44.794291Z,KXBTC15M-26OCT042215-15,0.9940,4.92,yes
2026-10-05T02:13:44.810566Z,KXBTC15M-26OCT042215-15,0.9940,0.01,yes
2026-10-05T02:13:44.810566Z,KXBTC15M-26OCT042215-15,0.9940,38.09,yes
2026-10-05T02:13:44.810566Z,KXBTC15M-26OCT042215-15,0.9940,11.08,yes
2026-10-05T02:13:44.843118Z,KXBTC15M-26OCT042215-15,0.9930,12.13,no
2026-10-05T02:13:44.843118Z,KXBTC15M-26OCT042215-15,0.9930,8.63,no
2026-10-05T02:13:44.843118Z,KXBTC15M-26OCT042215-15,0.9930,0.01,no
2026-10-05T02:13:44.843118Z,KXBTC15M-26OCT042215-15,0.9930,0.01,no
2026-10-05T02:13:44.848284Z,KXBTC15M-26OCT042215-15,0.9930,76.00,no
2026-10-05T02:13:44.883654Z,KXBTC15M-26OCT042215-15,0.9930,7.26,no
2026-10-05T02:13:44.91643Z,KXBTC15M-26OCT042215-15,0.9950,2000.00,yes
2026-10-05T02:13:44.91643Z,KXBTC15M-26OCT042215-15,0.9950,646.65,yes
2026-10-05T02:13:44.91643Z,KXBTC15M-26OCT042215-15,0.9950,2000.00,yes
2026-10-05T02:13:44.91643Z,KXBTC15M-26OCT042215-15,0.9950,74.52,yes
2026-10-05T02:13:44.91643Z,KXBTC15M-26OCT042215-15,0.9940,11.08,yes
2026-10-05T02:13:44.91643Z,KXBTC15M-26OCT042215-15,0.9940,0.01,yes
2026-10-05T02:13:44.91643Z,KXBTC15M-26OCT042215-15,0.9940,4.92,yes
2026-10-05T02:13:44.91643Z,KXBTC15M-26OCT042215-15,0.9940,0.01,yes
2026-10-05T02:13:44.921924Z,KXBTC15M-26OCT042215-15,0.9930,25.84,no
2026-10-05T02:13:44.921924Z,KXBTC15M-26OCT042215-15,0.9930,19.00,no
2026-10-05T02:13:44.921924Z,KXBTC15M-26OCT042215-15,0.9930,125.47,no
2026-10-05T02:13:44.943799Z,KXBTC15M-26OCT042215-15,0.9940,21.33,no
2026-10-05T02:13:44.943799Z,KXBTC15M-26OCT042215-15,0.9940,15.00,no
2026-10-05T02:13:44.984185Z,KXBTC15M-26OCT042215-15,0.9940,500.00,no
2026-10-05T02:13:45.01957Z,KXBTC15M-26OCT042215-15,0.9940,36.33,no
2026-10-05T02:13:45.025221Z,KXBTC15M-26OCT042215-15,0.9940,519.52,no
2026-10-05T02:13:45.045906Z,KXBTC15M-26OCT042215-15,0.9950,1.00,yes
2026-10-05T02:13:45.045906Z,KXBTC15M-26OCT042215-15,0.9950,196.92,yes
2026-10-05T02:13:45.045906Z,KXBTC15M-26OCT042215-15,0.9950,45.48,yes
2026-10-05T02:13:45.121724Z,KXBTC15M-26OCT042215-15,0.9950,14.20,yes
2026-10-05T02:13:45.128079Z,KXBTC15M-26OCT042215-15,0.9940,22.62,no
2026-10-05T02:13:45.167019Z,KXBTC15M-26OCT042215-15,0.9940,51.53,no
2026-10-05T02:13:45.24178Z,KXBTC15M-26OCT042215-15,0.9940,0.01,no
2026-10-05T02:13:45.24178Z,KXBTC15M-26OCT042215-15,0.9940,0.01,no
2026-10-05T02:13:45.24178Z,KXBTC15M-26OCT042215-15,0.9940,200.00,no
2026-10-05T02:13:45.24178Z,KXBTC15M-26OCT042215-15,0.9940,1931.59,no
2026-10-05T02:13:45.24178Z,KXBTC15M-26OCT042215-15,0.9940,74.52,no
2026-10-05T02:13:45.24178Z,KXBTC15M-26OCT042215-15,0.9940,468.00,no
2026-10-05T02:13:45.24178Z,KXBTC15M-26OCT042215-15,0.9940,646.65,no
2026-10-05T02:13:45.24178Z,KXBTC15M-26OCT042215-15,0.9940,848.67,no
2026-10-05T02:13:45.280887Z,KXBTC15M-26OCT042215-15,0.9940,68.41,no
2026-10-05T02:13:45.280887Z,KXBTC15M-26OCT042215-15,0.9940,13.97,no
2026-10-05T02:13:45.281695Z,KXBTC15M-26OCT042215-15,0.9940,6.68,no
2026-10-05T02:13:45.318562Z,KXBTC15M-26OCT042215-15,0.9950,2.17,yes
2026-10-05T02:13:45.367312Z,KXBTC15M-26OCT042215-15,0.9950,27.79,yes
2026-10-05T02:13:45.382865Z,KXBTC15M-26OCT042215-15,0.9950,23.43,yes
2026-10-05T02:13:45.420867Z,KXBTC15M-26OCT042215-15,0.9940,29.17,no
2026-10-05T02:13:45.471661Z,KXBTC15M-26OCT042215-15,0.9950,1.71,yes
2026-10-05T02:13:45.480755Z,KXBTC15M-26OCT042215-15,0.9940,6.00,no
2026-10-05T02:13:45.480755Z,KXBTC15M-26OCT042215-15,0.9940,2.00,no
2026-10-05T02:13:45.480755Z,KXBTC15M-26OCT042215-15,0.9940,15.74,no
2026-10-05T02:13:45.480755Z,KXBTC15M-26OCT042215-15,0.9940,6.00,no
2026-10-05T02:13:45.480755Z,KXBTC15M-26OCT042215-15,0.9940,10.00,no
2026-10-05T02:13:45.480755Z,KXBTC15M-26OCT042215-15,0.9940,65.00,no
2026-10-05T02:13:45.480755Z,KXBTC15M-26OCT042215-15,0.9940,26.00,no
2026-10-05T02:13:45.480755Z,KXBTC15M-26OCT042215-15,0.9940,1.01,no
2026-10-05T02:13:45.480755Z,KXBTC15M-26OCT042215-15,0.9940,3.00,no
2026-10-05T02:13:45.480755Z,KXBTC15M-26OCT042215-15,0.9940,4.00,no
2026-10-05T02:13:45.480755Z,KXBTC15M-26OCT042215-15,0.9940,10.00,no
2026-10-05T02:13:45.480755Z,KXBTC15M-26OCT042215-15,0.9940,16.31,no
2026-10-05T02:13:45.480755Z,KXBTC15M-26OCT042215-15,0.9940,14.20,no
2026-10-05T02:13:45.480755Z,KXBTC15M-26OCT042215-15,0.9940,200.00,no
2026-10-05T02:13:45.480755Z,KXBTC15M-26OCT042215-15,0.9940,2.17,no
2026-10-05T02:13:45.480755Z,KXBTC15M-26OCT042215-15,0.9940,0.01,no
2026-10-05T02:13:45.480755Z,KXBTC15M-26OCT042215-15,0.9940,27.79,no
2026-10-05T02:13:45.480755Z,KXBTC15M-26OCT042215-15,0.9940,0.02,no
2026-10-05T02:13:45.480755Z,KXBTC15M-26OCT042215-15,0.9940,23.43,no
2026-10-05T02:13:45.480755Z,KXBTC15M-26OCT042215-15,0.9940,0.01,no
2026-10-05T02:13:45.480755Z,KXBTC15M-26OCT042215-15,0.9940,25.44,no
2026-10-05T02:13:45.501262Z,KXBTC15M-26OCT042215-15,0.9940,33.00,no
2026-10-05T02:13:45.501262Z,KXBTC15M-26OCT042215-15,0.9940,82.00,no
2026-10-05T02:13:45.501262Z,KXBTC15M-26OCT042215-15,0.9940,82.04,no
2026-10-05T02:13:45.535874Z,KXBTC15M-26OCT042215-15,0.9950,367.74,yes
2026-10-05T02:13:45.624716Z,KXBTC15M-26OCT042215-15,0.9940,2.00,no
2026-10-05T02:13:45.638406Z,KXBTC15M-26OCT042215-15,0.9940,18.94,no
2026-10-05T02:13:45.662211Z,KXBTC15M-26OCT042215-15,0.9940,109.02,no
2026-10-05T02:13:45.662211Z,KXBTC15M-26OCT042215-15,0.9940,79.60,no
2026-10-05T02:13:45.673704Z,KXBTC15M-26OCT042215-15,0.9930,74.53,no
2026-10-05T02:13:45.673704Z,KXBTC15M-26OCT042215-15,0.9930,0.02,no
2026-10-05T02:13:45.673704Z,KXBTC15M-26OCT042215-15,0.9930,196.92,no
2026-10-05T02:13:45.673704Z,KXBTC15M-26OCT042215-15,0.9940,1.71,no
2026-10-05T02:13:45.673704Z,KXBTC15M-26OCT042215-15,0.9940,0.01,no
2026-10-05T02:13:45.673704Z,KXBTC15M-26OCT042215-15,0.9940,0.02,no
2026-10-05T02:13:45.673704Z,KXBTC15M-26OCT042215-15,0.9940,200.00,no
2026-10-05T02:13:45.673704Z,KXBTC15M-26OCT042215-15,0.9930,111.81,no
2026-10-05T02:13:45.673704Z,KXBTC15M-26OCT042215-15,0.9940,0.01,no
2026-10-05T02:13:45.673704Z,KXBTC15M-26OCT042215-15,0.9940,367.74,no
2026-10-05T02:13:45.673704Z,KXBTC15M-26OCT042215-15,0.9940,2.40,no
2026-10-05T02:13:45.673704Z,KXBTC15M-26OCT042215-15,0.9940,33.00,no
2026-10-05T02:13:45.673704Z,KXBTC15M-26OCT042215-15,0.9940,41.83,no
2026-10-05T02:13:45.724093Z,KXBTC15M-26OCT042215-15,0.9930,10.08,no
2026-10-05T02:13:45.724093Z,KXBTC15M-26OCT042215-15,0.9940,0.01,no
2026-10-05T02:13:45.724093Z,KXBTC15M-26OCT042215-15,0.9940,0.01,no
2026-10-05T02:13:45.753439Z,KXBTC15M-26OCT042215-15,0.9930,806.00,no
2026-10-05T02:13:45.764149Z,KXBTC15M-26OCT042215-15,0.9950,36.56,yes
2026-10-05T02:13:45.788991Z,KXBTC15M-26OCT042215-15,0.9940,36.56,no
2026-10-05T02:13:45.788991Z,KXBTC15M-26OCT042215-15,0.9930,2363.42,no
2026-10-05T02:13:45.788991Z,KXBTC15M-26OCT042215-15,0.9940,0.01,no
2026-10-05T02:13:45.788991Z,KXBTC15M-26OCT042215-15,0.9940,0.01,no
2026-10-05T02:13:45.808905Z,KXBTC15M-26OCT042215-15,0.9930,49.98,no
2026-10-05T02:13:45.808905Z,KXBTC15M-26OCT042215-15,0.9940,0.01,no
2026-10-05T02:13:45.808905Z,KXBTC15M-26OCT042215-15,0.9940,0.01,no
2026-10-05T02:13:45.811566Z,KXBTC15M-26OCT042215-15,0.9950,9.56,yes
2026-10-05T02:13:45.851338Z,KXBTC15M-26OCT042215-15,0.9930,0.01,no
2026-10-05T02:13:45.851338Z,KXBTC15M-26OCT042215-15,0.9940,0.01,no
2026-10-05T02:13:45.851338Z,KXBTC15M-26OCT042215-15,0.9930,200.00,no
2026-10-05T02:13:45.851338Z,KXBTC15M-26OCT042215-15,0.9940,9.56,no
2026-10-05T02:13:45.851338Z,KXBTC15M-26OCT042215-15,0.9940,0.01,no
2026-10-05T02:13:45.851338Z,KXBTC15M-26OCT042215-15,0.9930,0.01,no
2026-10-05T02:13:45.851338Z,KXBTC15M-26OCT042215-15,0.9930,2191.71,no
2026-10-05T02:13:45.851338Z,KXBTC15M-26OCT042215-15,0.9930,169.69,no
2026-10-05T02:13:45.85362Z,KXBTC15M-26OCT042215-15,0.9950,32.00,yes
2026-10-05T02:13:45.867275Z,KXBTC15M-26OCT042215-15,0.9950,83.67,yes
2026-10-05T02:13:45.881395Z,KXBTC15M-26OCT042215-15,0.9950,129.33,yes
2026-10-05T02:13:45.89416Z,KXBTC15M-26OCT042215-15,0.9950,49.00,yes
2026-10-05T02:13:45.907521Z,KXBTC15M-26OCT042215-15,0.9950,13.00,yes
2026-10-05T02:13:45.924417Z,KXBTC15M-26OCT042215-15,0.9950,20.00,yes
2026-10-05T02:13:45.938538Z,KXBTC15M-26OCT042215-15,0.9940,0.01,no
2026-10-05T02:13:45.938538Z,KXBTC15M-26OCT042215-15,0.9940,30.47,no
2026-10-05T02:13:45.989452Z,KXBTC15M-26OCT042215-15,0.9940,1.53,no
2026-10-05T02:13:45.989452Z,KXBTC15M-26OCT042215-15,0.9940,6.42,no
2026-10-05T02:13:45.989452Z,KXBTC15M-26OCT042215-15,0.9940,0.01,no
2026-10-05T02:13:46.039225Z,KXBTC15M-26OCT042215-15,0.9940,56.50,no
2026-10-05T02:13:46.07197Z,KXBTC15M-26OCT042215-15,0.9930,0.02,no
2026-10-05T02:13:46.07197Z,KXBTC15M-26OCT042215-15,0.9930,112.08,no
2026-10-05T02:13:46.07197Z,KXBTC15M-26OCT042215-15,0.9930,60.00,no
2026-10-05T02:13:46.07197Z,KXBTC15M-26OCT042215-15,0.9940,0.02,no
2026-10-05T02:13:46.07197Z,KXBTC15M-26OCT042215-15,0.9940,0.01,no
2026-10-05T02:13:46.07197Z,KXBTC15M-26OCT042215-15,0.9940,0.01,no
2026-10-05T02:13:46.07197Z,KXBTC15M-26OCT042215-15,0.9940,20.75,no
2026-10-05T02:13:46.073274Z,KXBTC15M-26OCT042215-15,0.9920,15.00,no
2026-10-05T02:13:46.073274Z,KXBTC15M-26OCT042215-15,0.9920,0.41,no
2026-10-05T02:13:46.073274Z,KXBTC15M-26OCT042215-15,0.9920,0.02,no
2026-10-05T02:13:46.073274Z,KXBTC15M-26OCT042215-15,0.9920,176.65,no
2026-10-05T02:13:46.073274Z,KXBTC15M-26OCT042215-15,0.9930,87.92,no
2026-10-05T02:13:46.101434Z,KXBTC15M-26OCT042215-15,0.9940,7.79,no
2026-10-05T02:13:46.188996Z,KXBTC15M-26OCT042215-15,0.9950,11.00,yes
2026-10-05T02:13:46.188996Z,KXBTC15M-26OCT042215-15,0.9950,16.92,yes
2026-10-05T02:13:46.188996Z,KXBTC15M-26OCT042215-15,0.9950,6.17,yes
2026-10-05T02:13:46.188996Z,KXBTC15M-26OCT042215-15,0.9950,90.00,yes
2026-10-05T02:13:46.188996Z,KXBTC15M-26OCT042215-15,0.9950,100.00,yes
2026-10-05T02:13:46.188996Z,KXBTC15M-26OCT042215-15,0.9950,15.26,yes
2026-10-05T02:13:46.259697Z,KXBTC15M-26OCT042215-15,0.9940,0.01,no
2026-10-05T02:13:46.259697Z,KXBTC15M-26OCT042215-15,0.9930,65.03,no
2026-10-05T02:13:46.259697Z,KXBTC15M-26OCT042215-15,0.9940,7.21,no
2026-10-05T02:13:46.259697Z,KXBTC15M-26OCT042215-15,0.9940,60.00,no
2026-10-05T02:13:46.259697Z,KXBTC15M-26OCT042215-15,0.9940,0.01,no
2026-10-05T02:13:46.292979Z,KXBTC15M-26OCT042215-15,0.9910,15.74,no
2026-10-05T02:13:46.292979Z,KXBTC15M-26OCT042215-15,0.9920,279.35,no
2026-10-05T02:13:46.292979Z,KXBTC15M-26OCT042215-15,0.9920,408.00,no
2026-10-05T02:13:46.292979Z,KXBTC15M-26OCT042215-15,0.9930,0.01,no
2026-10-05T02:13:46.292979Z,KXBTC15M-26OCT042215-15,0.9940,0.01,no
2026-10-05T02:13:46.292979Z,KXBTC15M-26OCT042215-15,0.9930,0.01,no
2026-10-05T02:13:46.292979Z,KXBTC15M-26OCT042215-15,0.9930,0.02,no
2026-10-05T02:13:46.292979Z,KXBTC15M-26OCT042215-15,0.9940,60.00,no
2026-10-05T02:13:46.292979Z,KXBTC15M-26OCT042215-15,0.9930,114.97,no
2026-10-05T02:13:46.292979Z,KXBTC15M-26OCT042215-15,0.9920,200.00,no
2026-10-05T02:13:46.292979Z,KXBTC15M-26OCT042215-15,0.9940,0.01,no
2026-10-05T02:13:46.292979Z,KXBTC15M-26OCT042215-15,0.9930,200.00,no
2026-10-05T02:13:46.306137Z,KXBTC15M-26OCT042215-15,0.9940,4.99,no
2026-10-05T02:13:46.306137Z,KXBTC15M-26OCT042215-15,0.9940,0.01,no
2026-10-05T02:13:46.309266Z,KXBTC15M-26OCT042215-15,0.9900,0.02,no
2026-10-05T02:13:46.309266Z,KXBTC15M-26OCT042215-15,0.9940,256.94,no
2026-10-05T02:13:46.309266Z,KXBTC15M-26OCT042215-15,0.9910,79.00,no
2026-10-05T02:13:46.309266Z,KXBTC15M-26OCT042215-15,0.9910,0.02,no
2026-10-05T02:13:46.309266Z,KXBTC15M-26OCT042215-15,0.9910,468.05,no
2026-10-05T02:13:46.309266Z,KXBTC15M-26OCT042215-15,0.9900,934.95,no
2026-10-05T02:13:46.309266Z,KXBTC15M-26OCT042215-15,0.9910,6.73,no
2026-10-05T02:13:46.309266Z,KXBTC15M-26OCT042215-15,0.9900,1391.04,no
2026-10-05T02:13:46.309266Z,KXBTC15M-26OCT042215-15,0.9910,153.92,no
2026-10-05T02:13:46.309266Z,KXBTC15M-26OCT042215-15,0.9910,100.00,no
2026-10-05T02:13:46.309266Z,KXBTC15M-26OCT042215-15,0.9910,1352.94,no
2026-10-05T02:13:46.309266Z,KXBTC15M-26OCT042215-15,0.9910,2.00,no
2026-10-05T02:13:46.309266Z,KXBTC15M-26OCT042215-15,0.9940,13.00,no
2026-10-05T02:13:46.309266Z,KXBTC15M-26OCT042215-15,0.9930,234.00,no
2026-10-05T02:13:46.309266Z,KXBTC15M-26OCT042215-15,0.9940,129.33,no
2026-10-05T02:13:46.309266Z,KXBTC15M-26OCT042215-15,0.9940,20.00,no
2026-10-05T02:13:46.309266Z,KXBTC15M-26OCT042215-15,0.9940,49.00,no
2026-10-05T02:13:46.372997Z,KXBTC15M-26OCT042215-15,0.9940,1.01,yes
2026-10-05T02:13:46.410541Z,KXBTC15M-26OCT042215-15,0.9920,133.63,no
2026-10-05T02:13:46.446188Z,KXBTC15M-26OCT042215-15,0.9930,197.07,yes
2026-10-05T02:13:46.479507Z,KXBTC15M-26OCT042215-15,0.9920,2.39,no
2026-10-05T02:13:46.479507Z,KXBTC15M-26OCT042215-15,0.9920,100.00,no
2026-10-05T02:13:46.50087Z,KXBTC15M-26OCT042215-15,0.9930,0.01,yes
2026-10-05T02:13:46.50087Z,KXBTC15M-26OCT042215-15,0.9940,0.01,yes
2026-10-05T02:13:46.50087Z,KXBTC15M-26OCT042215-15,0.9940,633.74,yes
2026-10-05T02:13:46.50087Z,KXBTC15M-26OCT042215-15,0.9940,0.01,yes
2026-10-05T02:13:46.50087Z,KXBTC15M-26OCT042215-15,0.9930,0.01,yes
2026-10-05T02:13:46.519228Z,KXBTC15M-26OCT042215-15,0.9950,11.57,yes
2026-10-05T02:13:46.519228Z,KXBTC15M-26OCT042215-15,0.9930,0.01,yes
2026-10-05T02:13:46.519228Z,KXBTC15M-26OCT042215-15,0.9930,0.01,yes
2026-10-05T02:13:46.530332Z,KXBTC15M-26OCT042215-15,0.9920,1.31,no
2026-10-05T02:13:46.540166Z,KXBTC15M-26OCT042215-15,0.9940,20.95,yes
2026-10-05T02:13:46.559075Z,KXBTC15M-26OCT042215-15,0.9920,20.96,no
2026-10-05T02:13:46.585519Z,KXBTC15M-26OCT042215-15,0.9940,29.24,yes
2026-10-05T02:13:46.585519Z,KXBTC15M-26OCT042215-15,0.9940,0.01,yes
2026-10-05T02:13:46.585519Z,KXBTC15M-26OCT042215-15,0.9940,0.01,yes
2026-10-05T02:13:46.603541Z,KXBTC15M-26OCT042215-15,0.9950,78.26,yes
2026-10-05T02:13:46.603541Z,KXBTC15M-26OCT042215-15,0.9950,96.00,yes
2026-10-05T02:13:46.603541Z,KXBTC15M-26OCT042215-15,0.9950,34.00,yes
2026-10-05T02:13:46.603541Z,KXBTC15M-26OCT042215-15,0.9950,96.00,yes
2026-10-05T02:13:46.603541Z,KXBTC15M-26OCT042215-15,0.9950,34.00,yes
2026-10-05T02:13:46.603541Z,KXBTC15M-26OCT042215-15,0.9940,247.34,yes
2026-10-05T02:13:46.603541Z,KXBTC15M-26OCT042215-15,0.9950,18.00,yes
2026-10-05T02:13:46.603541Z,KXBTC15M-26OCT042215-15,0.9950,14.00,yes
2026-10-05T02:13:46.603541Z,KXBTC15M-26OCT042215-15,0.9950,15.00,yes
2026-10-05T02:13:46.603541Z,KXBTC15M-26OCT042215-15,0.9940,0.01,yes
2026-10-05T02:13:46.603541Z,KXBTC15M-26OCT042215-15,0.9940,0.01,yes
2026-10-05T02:13:46.603541Z,KXBTC15M-26OCT042215-15,0.9950,500.00,yes
2026-10-05T02:13:46.603541Z,KXBTC15M-26OCT042215-15,0.9950,15.00,yes
2026-10-05T02:13:46.603541Z,KXBTC15M-26OCT042215-15,0.9950,0.01,yes
2026-10-05T02:13:46.603541Z,KXBTC15M-26OCT042215-15,0.9950,0.01,yes
2026-10-05T02:13:46.603541Z,KXBTC15M-26OCT042215-15,0.9950,18.71,yes
2026-10-05T02:13:46.603541Z,KXBTC15M-26OCT042215-15,0.9950,200.00,yes
2026-10-05T02:13:46.636274Z,KXBTC15M-26OCT042215-15,0.9930,12.52,no
2026-10-05T02:13:46.636274Z,KXBTC15M-26OCT042215-15,0.9930,100.00,no
2026-10-05T02:13:46.636274Z,KXBTC15M-26OCT042215-15,0.9930,12.00,no
2026-10-05T02:13:46.636274Z,KXBTC15M-26OCT042215-15,0.9940,0.01,no
2026-10-05T02:13:46.636274Z,KXBTC15M-26OCT042215-15,0.9930,0.01,no
2026-10-05T02:13:46.636274Z,KXBTC15M-26OCT042215-15,0.9930,0.01,no
2026-10-05T02:13:46.636274Z,KXBTC15M-26OCT042215-15,0.9930,400.00,no
2026-10-05T02:13:46.636274Z,KXBTC15M-26OCT042215-15,0.9940,0.01,no
2026-10-05T02:13:46.636274Z,KXBTC15M-26OCT042215-15,0.9930,200.00,no
2026-10-05T02:13:46.636274Z,KXBTC15M-26OCT042215-15,0.9940,15.00,no
2026-10-05T02:13:46.636274Z,KXBTC15M-26OCT042215-15,0.9930,18.00,no
2026-10-05T02:13:46.694348Z,KXBTC15M-26OCT042215-15,0.9900,1560.90,no
2026-10-05T02:13:46.694348Z,KXBTC15M-26OCT042215-15,0.9940,0.01,no
2026-10-05T02:13:46.694348Z,KXBTC15M-26OCT042215-15,0.9930,0.01,no
2026-10-05T02:13:46.694348Z,KXBTC15M-26OCT042215-15,0.9910,17.00,no
2026-10-05T02:13:46.694348Z,KXBTC15M-26OCT042215-15,0.9920,0.03,no
2026-10-05T02:13:46.694348Z,KXBTC15M-26OCT042215-15,0.9930,0.01,no
2026-10-05T02:13:46.694348Z,KXBTC15M-26OCT042215-15,0.9940,15.00,no
2026-10-05T02:13:46.694348Z,KXBTC15M-26OCT042215-15,0.9940,684.00,no
2026-10-05T02:13:46.694348Z,KXBTC15M-26OCT042215-15,0.9940,0.01,no
2026-10-05T02:13:46.694348Z,KXBTC15M-26OCT042215-15,0.9910,61.00,no
2026-10-05T02:13:46.697091Z,KXBTC15M-26OCT042215-15,0.9950,15.00,yes
2026-10-05T02:13:46.697091Z,KXBTC15M-26OCT042215-15,0.9950,0.01,yes
2026-10-05T02:13:46.697091Z,KXBTC15M-26OCT042215-15,0.9950,0.01,yes
2026-10-05T02:13:46.697091Z,KXBTC15M-26OCT042215-15,0.9950,34.47,yes
2026-10-05T02:13:46.697091Z,KXBTC15M-26OCT042215-15,0.9950,14.00,yes
2026-10-05T02:13:46.697091Z,KXBTC15M-26OCT042215-15,0.9950,15.00,yes
2026-10-05T02:13:46.711799Z,KXBTC15M-26OCT042215-15,0.9960,1800.00,yes
2026-10-05T02:13:46.711799Z,KXBTC15M-26OCT042215-15,0.9960,1800.00,yes
2026-10-05T02:13:46.711799Z,KXBTC15M-26OCT042215-15,0.9960,1334.59,yes
2026-10-05T02:13:46.711799Z,KXBTC15M-26OCT042215-15,0.9950,200.00,yes
2026-10-05T02:13:46.711799Z,KXBTC15M-26OCT042215-15,0.9950,0.01,yes
2026-10-05T02:13:46.711799Z,KXBTC15M-26OCT042215-15,0.9950,0.01,yes
2026-10-05T02:13:46.711799Z,KXBTC15M-26OCT042215-15,0.9950,21.00,yes
2026-10-05T02:13:46.711799Z,KXBTC15M-26OCT042215-15,0.9950,14.00,yes
2026-10-05T02:13:46.749224Z,KXBTC15M-26OCT042215-15,0.9960,2.12,yes
2026-10-05T02:13:46.749224Z,KXBTC15M-26OCT042215-15,0.9950,14.00,yes
2026-10-05T02:13:46.749224Z,KXBTC15M-26OCT042215-15,0.9950,0.01,yes
2026-10-05T02:13:46.749224Z,KXBTC15M-26OCT042215-15,0.9950,0.01,yes
2026-10-05T02:13:46.749224Z,KXBTC15M-26OCT042215-15,0.9950,15.00,yes
2026-10-05T02:13:46.758916Z,KXBTC15M-26OCT042215-15,0.9940,116.87,no
2026-10-05T02:13:46.758916Z,KXBTC15M-26OCT042215-15,0.9940,0.01,no
2026-10-05T02:13:46.843731Z,KXBTC15M-26OCT042215-15,0.9960,165.07,yes
2026-10-05T02:13:46.843731Z,KXBTC15M-26OCT042215-15,0.9950,0.01,yes
2026-10-05T02:13:46.843731Z,KXBTC15M-26OCT042215-15,0.9950,18.00,yes
2026-10-05T02:13:46.843731Z,KXBTC15M-26OCT042215-15,0.9950,0.01,yes
2026-10-05T02:13:46.843731Z,KXBTC15M-26OCT042215-15,0.9950,14.00,yes
2026-10-05T02:13:46.869268Z,KXBTC15M-26OCT042215-15,0.9960,298.22,yes
2026-10-05T02:13:46.869268Z,KXBTC15M-26OCT042215-15,0.9960,1.00,yes
2026-10-05T02:13:46.869268Z,KXBTC15M-26OCT042215-15,0.9960,52.41,yes
2026-10-05T02:13:46.870111Z,KXBTC15M-26OCT042215-15,0.9950,133.58,no
2026-10-05T02:13:47.024089Z,KXBTC15M-26OCT042215-15,0.9960,146.54,yes
2026-10-05T02:13:47.025151Z,KXBTC15M-26OCT042215-15,0.9950,67.01,no
2026-10-05T02:13:47.025151Z,KXBTC15M-26OCT042215-15,0.9950,31.49,no
2026-10-05T02:13:47.025151Z,KXBTC15M-26OCT042215-15,0.9950,0.01,no
2026-10-05T02:13:47.025151Z,KXBTC15M-26OCT042215-15,0.9950,0.01,no
2026-10-05T02:13:47.066149Z,KXBTC15M-26OCT042215-15,0.9950,4.73,no
2026-10-05T02:13:47.100819Z,KXBTC15M-26OCT042215-15,0.9960,25.22,yes
2026-10-05T02:13:47.11334Z,KXBTC15M-26OCT042215-15,0.9960,1.00,yes
2026-10-05T02:13:47.167266Z,KXBTC15M-26OCT042215-15,0.9950,37.97,no
2026-10-05T02:13:47.279305Z,KXBTC15M-26OCT042215-15,0.9950,100.00,no
2026-10-05T02:13:47.282948Z,KXBTC15M-26OCT042215-15,0.9950,98.52,no
2026-10-05T02:13:47.282948Z,KXBTC15M-26OCT042215-15,0.9950,88.51,no
2026-10-05T02:13:47.293192Z,KXBTC15M-26OCT042215-15,0.9950,7.11,no
2026-10-05T02:13:47.299647Z,KXBTC15M-26OCT042215-15,0.9950,18.69,no
2026-10-05T02:13:47.303905Z,KXBTC15M-26OCT042215-15,0.9940,15.00,no
2026-10-05T02:13:47.303905Z,KXBTC15M-26OCT042215-15,0.9940,295.13,no
2026-10-05T02:13:47.303905Z,KXBTC15M-26OCT042215-15,0.9950,75.68,no
2026-10-05T02:13:47.303905Z,KXBTC15M-26OCT042215-15,0.9950,25.22,no
2026-10-05T02:13:47.303905Z,KXBTC15M-26OCT042215-15,0.9950,146.54,no
2026-10-05T02:13:47.303905Z,KXBTC15M-26OCT042215-15,0.9950,1.00,no
2026-10-05T02:13:47.303905Z,KXBTC15M-26OCT042215-15,0.9950,0.01,no
2026-10-05T02:13:47.303905Z,KXBTC15M-26OCT042215-15,0.9950,52.41,no
2026-10-05T02:13:47.303905Z,KXBTC15M-26OCT042215-15,0.9950,0.01,no
2026-10-05T02:13:47.303905Z,KXBTC15M-26OCT042215-15,0.9950,1.00,no
2026-10-05T02:13:47.303905Z,KXBTC15M-26OCT042215-15,0.9950,1.00,no
2026-10-05T02:13:47.314671Z,KXBTC15M-26OCT042215-15,0.9960,13.00,yes
2026-10-05T02:13:47.314671Z,KXBTC15M-26OCT042215-15,0.9960,1.00,yes
2026-10-05T02:13:47.314671Z,KXBTC15M-26OCT042215-15,0.9960,1.00,yes
2026-10-05T02:13:47.314671Z,KXBTC15M-26OCT042215-15,0.9960,1.00,yes
2026-10-05T02:13:47.314671Z,KXBTC15M-26OCT042215-15,0.9960,1.00,yes
2026-10-05T02:13:47.314671Z,KXBTC15M-26OCT042215-15,0.9960,286.83,yes
2026-10-05T02:13:47.314671Z,KXBTC15M-26OCT042215-15,0.9960,1.00,yes
2026-10-05T02:13:47.314671Z,KXBTC15M-26OCT042215-15,0.9960,39.45,yes
2026-10-05T02:13:47.328555Z,KXBTC15M-26OCT042215-15,0.9960,56.86,yes
2026-10-05T02:13:47.421107Z,KXBTC15M-26OCT042215-15,0.9960,43.16,yes
2026-10-05T02:13:47.468536Z,KXBTC15M-26OCT042215-15,0.9950,14.39,no
2026-10-05T02:13:47.468536Z,KXBTC15M-26OCT042215-15,0.9950,0.01,no
2026-10-05T02:13:47.468536Z,KXBTC15M-26OCT042215-15,0.9950,0.01,no
2026-10-05T02:13:47.477089Z,KXBTC15M-26OCT042215-15,0.9940,29.04,no
2026-10-05T02:13:47.477089Z,KXBTC15M-26OCT042215-15,0.9950,7.31,no
2026-10-05T02:13:47.477089Z,KXBTC15M-26OCT042215-15,0.9950,0.01,no
2026-10-05T02:13:47.477089Z,KXBTC15M-26OCT042215-15,0.9950,0.61,no
2026-10-05T02:13:47.477089Z,KXBTC15M-26OCT042215-15,0.9950,1.00,no
2026-10-05T02:13:47.477089Z,KXBTC15M-26OCT042215-15,0.9950,0.01,no
2026-10-05T02:13:47.477089Z,KXBTC15M-26OCT042215-15,0.9950,15.00,no
2026-10-05T02:13:47.526265Z,KXBTC15M-26OCT042215-15,0.9940,6.54,no
2026-10-05T02:13:47.526265Z,KXBTC15M-26OCT042215-15,0.9950,0.01,no
2026-10-05T02:13:47.526265Z,KXBTC15M-26OCT042215-15,0.9950,1.00,no
2026-10-05T02:13:47.53004Z,KXBTC15M-26OCT042215-15,0.9940,9.62,no
2026-10-05T02:13:47.53004Z,KXBTC15M-26OCT042215-15,0.9950,0.01,no
2026-10-05T02:13:47.551923Z,KXBTC15M-26OCT042215-15,0.9940,7.76,no
2026-10-05T02:13:47.558729Z,KXBTC15M-26OCT042215-15,0.9960,984.57,yes
2026-10-05T02:13:47.6293Z,KXBTC15M-26OCT042215-15,0.9960,0.01,yes
2026-10-05T02:13:47.6293Z,KXBTC15M-26OCT042215-15,0.9960,20.58,yes
2026-10-05T02:13:47.6293Z,KXBTC15M-26OCT042215-15,0.9960,0.01,yes
2026-10-05T02:13:47.632744Z,KXBTC15M-26OCT042215-15,0.9940,2.00,no
2026-10-05T02:13:47.721903Z,KXBTC15M-26OCT042215-15,0.9950,41.48,yes
2026-10-05T02:13:47.778504Z,KXBTC15M-26OCT042215-15,0.9940,25.71,no
2026-10-05T02:13:47.789528Z,KXBTC15M-26OCT042215-15,0.9940,71.57,no
2026-10-05T02:13:47.81549Z,KXBTC15M-26OCT042215-15,0.9950,7.30,yes
2026-10-05T02:13:47.818105Z,KXBTC15M-26OCT042215-15,0.9940,17.51,no
2026-10-05T02:13:47.824101Z,KXBTC15M-26OCT042215-15,0.9950,0.01,yes
2026-10-05T02:13:47.824132Z,KXBTC15M-26OCT042215-15,0.9940,1142.94,no
2026-10-05T02:13:47.824936Z,KXBTC15M-26OCT042215-15,0.9940,15.36,no
2026-10-05T02:13:47.849086Z,KXBTC15M-26OCT042215-15,0.9940,102.97,no
2026-10-05T02:13:47.873961Z,KXBTC15M-26OCT042215-15,0.9940,131.30,no
2026-10-05T02:13:47.873961Z,KXBTC15M-26OCT042215-15,0.9940,73.85,no
2026-10-05T02:13:47.874357Z,KXBTC15M-26OCT042215-15,0.9940,450.60,no
2026-10-05T02:13:47.881587Z,KXBTC15M-26OCT042215-15,0.9940,11.05,no
2026-10-05T02:13:47.901848Z,KXBTC15M-26OCT042215-15,0.9940,18.06,no
2026-10-05T02:13:47.919057Z,KXBTC15M-26OCT042215-15,0.9940,310.10,no
2026-10-05T02:13:47.919664Z,KXBTC15M-26OCT042215-15,0.9940,12.12,no
2026-10-05T02:13:47.925917Z,KXBTC15M-26OCT042215-15,0.9940,157.06,no
2026-10-05T02:13:47.934834Z,KXBTC15M-26OCT042215-15,0.9940,77.91,no
2026-10-05T02:13:47.963172Z,KXBTC15M-26OCT042215-15,0.9950,159.20,yes
2026-10-05T02:13:47.966546Z,KXBTC15M-26OCT042215-15,0.9940,152.71,no
2026-10-05T02:13:47.991704Z,KXBTC15M-26OCT042215-15,0.9940,40.52,no
2026-10-05T02:13:48.118824Z,KXBTC15M-26OCT042215-15,0.9940,250.00,no
2026-10-05T02:13:48.135833Z,KXBTC15M-26OCT042215-15,0.9950,11.24,yes
2026-10-05T02:13:48.156464Z,KXBTC15M-26OCT042215-15,0.9940,39.27,no
2026-10-05T02:13:48.18108Z,KXBTC15M-26OCT042215-15,0.9950,366.36,yes
2026-10-05T02:13:48.188998Z,KXBTC15M-26OCT042215-15,0.9940,106.68,no
2026-10-05T02:13:48.200059Z,KXBTC15M-26OCT042215-15,0.9940,1319.54,no
2026-10-05T02:13:48.200059Z,KXBTC15M-26OCT042215-15,0.9940,42.62,no
2026-10-05T02:13:48.28125Z,KXBTC15M-26OCT042215-15,0.9940,16.92,no
2026-10-05T02:13:48.28125Z,KXBTC15M-26OCT042215-15,0.9940,2.12,no
2026-10-05T02:13:48.28125Z,KXBTC15M-26OCT042215-15,0.9940,15.05,no
2026-10-05T02:13:48.28125Z,KXBTC15M-26OCT042215-15,0.9940,0.01,no
2026-10-05T02:13:48.28125Z,KXBTC15M-26OCT042215-15,0.9940,1.00,no
2026-10-05T02:13:48.28125Z,KXBTC15M-26OCT042215-15,0.9940,0.01,no
2026-10-05T02:13:48.28125Z,KXBTC15M-26OCT042215-15,0.9940,17.60,no
2026-10-05T02:13:48.28125Z,KXBTC15M-26OCT042215-15,0.9940,100.00,no
2026-10-05T02:13:48.292037Z,KXBTC15M-26OCT042215-15,0.9940,4.07,no
2026-10-05T02:13:48.330838Z,KXBTC15M-26OCT042215-15,0.9940,1.63,no
2026-10-05T02:13:48.334726Z,KXBTC15M-26OCT042215-15,0.9950,946.95,yes
2026-10-05T02:13:48.35496Z,KXBTC15M-26OCT042215-15,0.9950,500.00,yes
2026-10-05T02:13:48.35496Z,KXBTC15M-26OCT042215-15,0.9950,200.00,yes
2026-10-05T02:13:48.35496Z,KXBTC15M-26OCT042215-15,0.9950,14.00,yes
2026-10-05T02:13:48.35496Z,KXBTC15M-26OCT042215-15,0.9950,0.01,yes
2026-10-05T02:13:48.35496Z,KXBTC15M-26OCT042215-15,0.9960,15.00,yes
2026-10-05T02:13:48.35496Z,KXBTC15M-26OCT042215-15,0.9960,55.98,yes
2026-10-05T02:13:48.35496Z,KXBTC15M-26OCT042215-15,0.9950,0.01,yes
2026-10-05T02:13:48.35496Z,KXBTC15M-26OCT042215-15,0.9960,15.00,yes
2026-10-05T02:13:48.407594Z,KXBTC15M-26OCT042215-15,0.9940,61.00,no
2026-10-05T02:13:48.457353Z,KXBTC15M-26OCT042215-15,0.9940,6.63,no
2026-10-05T02:13:48.489113Z,KXBTC15M-26OCT042215-15,0.9950,0.01,yes
2026-10-05T02:13:48.489113Z,KXBTC15M-26OCT042215-15,0.9950,100.00,yes
2026-10-05T02:13:48.489113Z,KXBTC15M-26OCT042215-15,0.9950,400.00,yes
2026-10-05T02:13:48.489113Z,KXBTC15M-26OCT042215-15,0.9950,200.00,yes
2026-10-05T02:13:48.489113Z,KXBTC15M-26OCT042215-15,0.9950,0.01,yes
2026-10-05T02:13:48.489113Z,KXBTC15M-26OCT042215-15,0.9950,14.00,yes
2026-10-05T02:13:48.494769Z,KXBTC15M-26OCT042215-15,0.9960,5.09,yes
2026-10-05T02:13:48.502133Z,KXBTC15M-26OCT042215-15,0.9950,155.83,no
2026-10-05T02:13:48.508017Z,KXBTC15M-26OCT042215-15,0.9950,0.97,no
2026-10-05T02:13:48.537696Z,KXBTC15M-26OCT042215-15,0.9950,30.48,no
2026-10-05T02:13:48.563642Z,KXBTC15M-26OCT042215-15,0.9960,3.01,yes
2026-10-05T02:13:48.591808Z,KXBTC15M-26OCT042215-15,0.9960,2.87,yes
2026-10-05T02:13:48.591808Z,KXBTC15M-26OCT042215-15,0.9960,0.01,yes
2026-10-05T02:13:48.591808Z,KXBTC15M-26OCT042215-15,0.9960,0.01,yes
2026-10-05T02:13:48.591808Z,KXBTC15M-26OCT042215-15,0.9960,9.90,yes
2026-10-05T02:13:48.601598Z,KXBTC15M-26OCT042215-15,0.9950,20.93,no
2026-10-05T02:13:48.606146Z,KXBTC15M-26OCT042215-15,0.9950,65.00,no
2026-10-05T02:13:48.608012Z,KXBTC15M-26OCT042215-15,0.9950,155.83,no
2026-10-05T02:13:48.661999Z,KXBTC15M-26OCT042215-15,0.9950,59.70,no
2026-10-05T02:13:48.680092Z,KXBTC15M-26OCT042215-15,0.9960,12.13,yes
2026-10-05T02:13:48.680092Z,KXBTC15M-26OCT042215-15,0.9960,27.76,yes
2026-10-05T02:13:48.690197Z,KXBTC15M-26OCT042215-15,0.9960,28.22,yes
2026-10-05T02:13:48.690197Z,KXBTC15M-26OCT042215-15,0.9960,72.24,yes
2026-10-05T02:13:48.786045Z,KXBTC15M-26OCT042215-15,0.9950,59.90,no
2026-10-05T02:13:48.790004Z,KXBTC15M-26OCT042215-15,0.9950,0.68,no
2026-10-05T02:13:48.817005Z,KXBTC15M-26OCT042215-15,0.9950,311.64,no
2026-10-05T02:13:48.850669Z,KXBTC15M-26OCT042215-15,0.9960,0.08,yes
2026-10-05T02:13:48.850669Z,KXBTC15M-26OCT042215-15,0.9960,0.01,yes
2026-10-05T02:13:48.850669Z,KXBTC15M-26OCT042215-15,0.9960,0.01,yes
2026-10-05T02:13:48.858309Z,KXBTC15M-26OCT042215-15,0.9970,15.59,yes
2026-10-05T02:13:48.858309Z,KXBTC15M-26OCT042215-15,0.9960,0.01,yes
2026-10-05T02:13:48.858309Z,KXBTC15M-26OCT042215-15,0.9960,0.01,yes
2026-10-05T02:13:48.858309Z,KXBTC15M-26OCT042215-15,0.9960,12.13,yes
2026-10-05T02:13:48.858309Z,KXBTC15M-26OCT042215-15,0.9960,2.79,yes
2026-10-05T02:13:48.858309Z,KXBTC15M-26OCT042215-15,0.9960,6.00,yes
2026-10-05T02:13:48.863762Z,KXBTC15M-26OCT042215-15,0.9960,0.02,yes
2026-10-05T02:13:48.869764Z,KXBTC15M-26OCT042215-15,0.9960,0.01,yes
2026-10-05T02:13:48.869764Z,KXBTC15M-26OCT042215-15,0.9960,0.01,yes
2026-10-05T02:13:48.873486Z,KXBTC15M-26OCT042215-15,0.9950,79.71,no
2026-10-05T02:13:48.873486Z,KXBTC15M-26OCT042215-15,0.9960,5.98,no
2026-10-05T02:13:48.879817Z,KXBTC15M-26OCT042215-15,0.9950,20.00,no
2026-10-05T02:13:48.932594Z,KXBTC15M-26OCT042215-15,0.9960,0.01,yes
2026-10-05T02:13:48.932594Z,KXBTC15M-26OCT042215-15,0.9960,0.49,yes
2026-10-05T02:13:48.964132Z,KXBTC15M-26OCT042215-15,0.9960,0.01,yes
2026-10-05T02:13:48.964132Z,KXBTC15M-26OCT042215-15,0.9960,0.52,yes
2026-10-05T02:13:48.964132Z,KXBTC15M-26OCT042215-15,0.9960,0.01,yes
2026-10-05T02:13:48.964132Z,KXBTC15M-26OCT042215-15,0.9960,0.49,yes
2026-10-05T02:13:48.964321Z,KXBTC15M-26OCT042215-15,0.9950,141.10,no
2026-10-05T02:13:49.011856Z,KXBTC15M-26OCT042215-15,0.9950,1.21,no
2026-10-05T02:13:49.017065Z,KXBTC15M-26OCT042215-15,0.9970,0.98,yes
2026-10-05T02:13:49.017065Z,KXBTC15M-26OCT042215-15,0.9960,0.01,yes
2026-10-05T02:13:49.017065Z,KXBTC15M-26OCT042215-15,0.9960,0.01,yes
2026-10-05T02:13:49.03196Z,KXBTC15M-26OCT042215-15,0.9950,79.60,no
2026-10-05T02:13:49.05247Z,KXBTC15M-26OCT042215-15,0.9970,24.56,yes
2026-10-05T02:13:49.05247Z,KXBTC15M-26OCT042215-15,0.9960,0.01,yes
2026-10-05T02:13:49.05247Z,KXBTC15M-26OCT042215-15,0.9960,0.01,yes
2026-10-05T02:13:49.06228Z,KXBTC15M-26OCT042215-15,0.9960,0.01,yes
2026-10-05T02:13:49.080539Z,KXBTC15M-26OCT042215-15,0.9970,418.13,yes
2026-10-05T02:13:49.080539Z,KXBTC15M-26OCT042215-15,0.9970,1353.87,yes
2026-10-05T02:13:49.14318Z,KXBTC15M-26OCT042215-15,0.9960,1.00,no
2026-10-05T02:13:49.192597Z,KXBTC15M-26OCT042215-15,0.9970,49.17,yes
2026-10-05T02:13:49.194875Z,KXBTC15M-26OCT042215-15,0.9960,24.99,no
2026-10-05T02:13:49.194875Z,KXBTC15M-26OCT042215-15,0.9960,12.40,no
2026-10-05T02:13:49.247771Z,KXBTC15M-26OCT042215-15,0.9970,7.60,yes
2026-10-05T02:13:49.30105Z,KXBTC15M-26OCT042215-15,0.9960,0.01,no
2026-10-05T02:13:49.30105Z,KXBTC15M-26OCT042215-15,0.9960,0.01,no
2026-10-05T02:13:49.30105Z,KXBTC15M-26OCT042215-15,0.9960,276.51,no
2026-10-05T02:13:49.30105Z,KXBTC15M-26OCT042215-15,0.9960,100.00,no
2026-10-05T02:13:49.30105Z,KXBTC15M-26OCT042215-15,0.9960,400.00,no
2026-10-05T02:13:49.30105Z,KXBTC15M-26OCT042215-15,0.9960,2.60,no
2026-10-05T02:13:49.306047Z,KXBTC15M-26OCT042215-15,0.9960,186.97,no
2026-10-05T02:13:49.309212Z,KXBTC15M-26OCT042215-15,0.9970,17.04,yes
2026-10-05T02:13:49.315203Z,KXBTC15M-26OCT042215-15,0.9960,274.99,no
2026-10-05T02:13:49.334845Z,KXBTC15M-26OCT042215-15,0.9970,25.59,yes
2026-10-05T02:13:49.341765Z,KXBTC15M-26OCT042215-15,0.9960,230.53,no
2026-10-05T02:13:49.341765Z,KXBTC15M-26OCT042215-15,0.9960,63.42,no
2026-10-05T02:13:49.342415Z,KXBTC15M-26OCT042215-15,0.9960,2.05,no
2026-10-05T02:13:49.346764Z,KXBTC15M-26OCT042215-15,0.9970,1360.53,yes
2026-10-05T02:13:49.346764Z,KXBTC15M-26OCT042215-15,0.9970,1800.00,yes
2026-10-05T02:13:49.346764Z,KXBTC15M-26OCT042215-15,0.9970,1282.47,yes
2026-10-05T02:13:49.416371Z,KXBTC15M-26OCT042215-15,0.9960,295.34,no
2026-10-05T02:13:49.416371Z,KXBTC15M-26OCT042215-15,0.9960,352.66,no
2026-10-05T02:13:49.433898Z,KXBTC15M-26OCT042215-15,0.9970,439.47,yes
2026-10-05T02:13:49.433898Z,KXBTC15M-26OCT042215-15,0.9970,2.00,yes
2026-10-05T02:13:49.433898Z,KXBTC15M-26OCT042215-15,0.9970,2.00,yes
2026-10-05T02:13:49.433898Z,KXBTC15M-26OCT042215-15,0.9970,2.00,yes
2026-10-05T02:13:49.433898Z,KXBTC15M-26OCT042215-15,0.9970,2.00,yes
2026-10-05T02:13:49.433898Z,KXBTC15M-26OCT042215-15,0.9970,250.00,yes
2026-10-05T02:13:49.433898Z,KXBTC15M-26OCT042215-15,0.9970,18.00,yes
2026-10-05T02:13:49.433898Z,KXBTC15M-26OCT042215-15,0.9970,2.00,yes
2026-10-05T02:13:49.433898Z,KXBTC15M-26OCT042215-15,0.9970,15.00,yes
2026-10-05T02:13:49.433898Z,KXBTC15M-26OCT042215-15,0.9970,0.01,yes
2026-10-05T02:13:49.433898Z,KXBTC15M-26OCT042215-15,0.9970,1127.60,yes
2026-10-05T02:13:49.433898Z,KXBTC15M-26OCT042215-15,0.9970,16.00,yes
2026-10-05T02:13:49.433898Z,KXBTC15M-26OCT042215-15,0.9970,0.01,yes
2026-10-05T02:13:49.433898Z,KXBTC15M-26OCT042215-15,0.9970,75.00,yes
2026-10-05T02:13:49.433898Z,KXBTC15M-26OCT042215-15,0.9970,2500.00,yes
2026-10-05T02:13:49.483512Z,KXBTC15M-26OCT042215-15,0.9960,47.17,no
2026-10-05T02:13:49.499068Z,KXBTC15M-26OCT042215-15,0.9960,0.01,no
2026-10-05T02:13:49.499068Z,KXBTC15M-26OCT042215-15,0.9960,744.67,no
2026-10-05T02:13:49.499068Z,KXBTC15M-26OCT042215-15,0.9960,0.03,no
2026-10-05T02:13:49.499068Z,KXBTC15M-26OCT042215-15,0.9960,23.00,no
2026-10-05T02:13:49.499068Z,KXBTC15M-26OCT042215-15,0.9960,100.00,no
2026-10-05T02:13:49.499068Z,KXBTC15M-26OCT042215-15,0.9960,0.01,no
2026-10-05T02:13:49.499068Z,KXBTC15M-26OCT042215-15,0.9960,400.00,no
2026-10-05T02:13:49.499068Z,KXBTC15M-26OCT042215-15,0.9960,502.65,no
2026-10-05T02:13:49.499068Z,KXBTC15M-26OCT042215-15,0.9960,25.59,no
2026-10-05T02:13:49.499068Z,KXBTC15M-26OCT042215-15,0.9960,17.04,no
2026-10-05T02:13:49.499068Z,KXBTC15M-26OCT042215-15,0.9960,49.17,no
2026-10-05T02:13:49.499068Z,KXBTC15M-26OCT042215-15,0.9960,7.60,no
2026-10-05T02:13:49.511199Z,KXBTC15M-26OCT042215-15,0.9970,15.00,yes
2026-10-05T02:13:49.511199Z,KXBTC15M-26OCT042215-15,0.9970,0.01,yes
2026-10-05T02:13:49.511199Z,KXBTC15M-26OCT042215-15,0.9970,47.60,yes
2026-10-05T02:13:49.511199Z,KXBTC15M-26OCT042215-15,0.9970,0.01,yes
2026-10-05T02:13:49.511199Z,KXBTC15M-26OCT042215-15,0.9970,16.00,yes
2026-10-05T02:13:49.515696Z,KXBTC15M-26OCT042215-15,0.9980,2598.41,yes
2026-10-05T02:13:49.515696Z,KXBTC15M-26OCT042215-15,0.9970,202.40,yes
2026-10-05T02:13:49.518183Z,KXBTC15M-26OCT042215-15,0.9960,23.37,no
2026-10-05T02:13:49.524675Z,KXBTC15M-26OCT042215-15,0.9970,16.00,yes
2026-10-05T02:13:49.527221Z,KXBTC15M-26OCT042215-15,0.9980,1.00,yes
2026-10-05T02:13:49.528755Z,KXBTC15M-26OCT042215-15,0.9980,13.47,yes
2026-10-05T02:13:49.594598Z,KXBTC15M-26OCT042215-15,0.9970,9.00,no
2026-10-05T02:13:49.608535Z,KXBTC15M-26OCT042215-15,0.9970,233.72,no
2026-10-05T02:13:49.630913Z,KXBTC15M-26OCT042215-15,0.9970,55.81,no
2026-10-05T02:13:49.633318Z,KXBTC15M-26OCT042215-15,0.9970,2.18,no
2026-10-05T02:13:49.676528Z,KXBTC15M-26OCT042215-15,0.9970,36.00,no
2026-10-05T02:13:49.72774Z,KXBTC15M-26OCT042215-15,0.9970,15.05,no
2026-10-05T02:13:49.818717Z,KXBTC15M-26OCT042215-15,0.9970,1.96,no
2026-10-05T02:13:49.824667Z,KXBTC15M-26OCT042215-15,0.9970,467.42,no
2026-10-05T02:13:49.83529Z,KXBTC15M-26OCT042215-15,0.9970,35.07,no
2026-10-05T02:13:49.848338Z,KXBTC15M-26OCT042215-15,0.9970,91.87,no
2026-10-05T02:13:49.855149Z,KXBTC15M-26OCT042215-15,0.9970,400.00,no
2026-10-05T02:13:49.855149Z,KXBTC15M-26OCT042215-15,0.9960,200.00,no
2026-10-05T02:13:49.855149Z,KXBTC15M-26OCT042215-15,0.9960,439.47,no
2026-10-05T02:13:49.855149Z,KXBTC15M-26OCT042215-15,0.9960,202.40,no
2026-10-05T02:13:49.855149Z,KXBTC15M-26OCT042215-15,0.9960,834.51,no
2026-10-05T02:13:49.855149Z,KXBTC15M-26OCT042215-15,0.9960,1127.60,no
2026-10-05T02:13:49.855149Z,KXBTC15M-26OCT042215-15,0.9970,1623.92,no
2026-10-05T02:13:49.855149Z,KXBTC15M-26OCT042215-15,0.9970,100.00,no
2026-10-05T02:13:49.855149Z,KXBTC15M-26OCT042215-15,0.9970,996.00,no
2026-10-05T02:13:49.855149Z,KXBTC15M-26OCT042215-15,0.9960,47.60,no
2026-10-05T02:13:49.855149Z,KXBTC15M-26OCT042215-15,0.9970,0.01,no
2026-10-05T02:13:49.855149Z,KXBTC15M-26OCT042215-15,0.9960,1800.00,no
2026-10-05T02:13:49.855149Z,KXBTC15M-26OCT042215-15,0.9960,1282.47,no
2026-10-05T02:13:49.855149Z,KXBTC15M-26OCT042215-15,0.9970,200.00,no
2026-10-05T02:13:49.855149Z,KXBTC15M-26OCT042215-15,0.9960,15.00,no
2026-10-05T02:13:49.855149Z,KXBTC15M-26OCT042215-15,0.9970,15.00,no
2026-10-05T02:13:49.855149Z,KXBTC15M-26OCT042215-15,0.9960,250.00,no
2026-10-05T02:13:49.855149Z,KXBTC15M-26OCT042215-15,0.9970,14.00,no
2026-10-05T02:13:49.855149Z,KXBTC15M-26OCT042215-15,0.9970,0.01,no
2026-10-05T02:13:49.907074Z,KXBTC15M-26OCT042215-15,0.9970,0.01,no
2026-10-05T02:13:49.907074Z,KXBTC15M-26OCT042215-15,0.9970,100.00,no
2026-10-05T02:13:49.907074Z,KXBTC15M-26OCT042215-15,0.9970,15.00,no
2026-10-05T02:13:49.907074Z,KXBTC15M-26OCT042215-15,0.9970,0.01,no
2026-10-05T02:13:49.911798Z,KXBTC15M-26OCT042215-15,0.9980,69.21,yes
2026-10-05T02:13:49.925375Z,KXBTC15M-26OCT042215-15,0.9970,0.01,no
2026-10-05T02:13:49.925375Z,KXBTC15M-26OCT042215-15,0.9970,233.70,no
2026-10-05T02:13:49.925375Z,KXBTC15M-26OCT042215-15,0.9970,0.01,no
2026-10-05T02:13:49.938673Z,KXBTC15M-26OCT042215-15,0.9970,0.01,no
2026-10-05T02:13:49.938673Z,KXBTC15M-26OCT042215-15,0.9970,100.00,no
2026-10-05T02:13:49.938673Z,KXBTC15M-26OCT042215-15,0.9960,999.52,no
2026-10-05T02:13:49.938673Z,KXBTC15M-26OCT042215-15,0.9970,69.00,no
2026-10-05T02:13:49.938673Z,KXBTC15M-26OCT042215-15,0.9970,0.01,no
2026-10-05T02:13:49.948818Z,KXBTC15M-26OCT042215-15,0.9960,2.00,no
2026-10-05T02:13:49.948818Z,KXBTC15M-26OCT042215-15,0.9970,0.01,no
2026-10-05T02:13:49.948818Z,KXBTC15M-26OCT042215-15,0.9970,0.01,no
2026-10-05T02:13:49.981608Z,KXBTC15M-26OCT042215-15,0.9960,57.77,no
2026-10-05T02:13:50.010962Z,KXBTC15M-26OCT042215-15,0.9970,490.91,yes
2026-10-05T02:13:50.054295Z,KXBTC15M-26OCT042215-15,0.9970,42.42,yes
2026-10-05T02:13:50.109153Z,KXBTC15M-26OCT042215-15,0.9970,2.00,yes
2026-10-05T02:13:50.140373Z,KXBTC15M-26OCT042215-15,0.9960,289.00,no
2026-10-05T02:13:50.257056Z,KXBTC15M-26OCT042215-15,0.9970,1182.19,yes
2026-10-05T02:13:50.280227Z,KXBTC15M-26OCT042215-15,0.9970,11.71,yes
2026-10-05T02:13:50.35736Z,KXBTC15M-26OCT042215-15,0.9960,327.60,no
2026-10-05T02:13:50.36172Z,KXBTC15M-26OCT042215-15,0.9960,51.48,no
2026-10-05T02:13:50.367629Z,KXBTC15M-26OCT042215-15,0.9960,400.00,no
2026-10-05T02:13:50.367629Z,KXBTC15M-26OCT042215-15,0.9960,0.01,no
2026-10-05T02:13:50.367629Z,KXBTC15M-26OCT042215-15,0.9960,27.92,no
2026-10-05T02:13:50.367629Z,KXBTC15M-26OCT042215-15,0.9960,100.00,no
2026-10-05T02:13:50.367629Z,KXBTC15M-26OCT042215-15,0.9960,0.01,no
2026-10-05T02:13:50.367629Z,KXBTC15M-26OCT042215-15,0.9960,325.99,no
2026-10-05T02:13:50.367629Z,KXBTC15M-26OCT042215-15,0.9960,174.00,no
2026-10-05T02:13:50.398583Z,KXBTC15M-26OCT042215-15,0.9960,0.01,no
2026-10-05T02:13:50.398583Z,KXBTC15M-26OCT042215-15,0.9960,93.85,no
2026-10-05T02:13:50.398583Z,KXBTC15M-26OCT042215-15,0.9960,23.01,no
2026-10-05T02:13:50.398583Z,KXBTC15M-26OCT042215-15,0.9960,0.01,no
2026-10-05T02:13:50.398716Z,KXBTC15M-26OCT042215-15,0.9960,80.32,no
2026-10-05T02:13:50.398716Z,KXBTC15M-26OCT042215-15,0.9960,6.15,no
2026-10-05T02:13:50.455557Z,KXBTC15M-26OCT042215-15,0.9960,114.54,no
2026-10-05T02:13:50.534347Z,KXBTC15M-26OCT042215-15,0.9970,36.77,yes
2026-10-05T02:13:50.615481Z,KXBTC15M-26OCT042215-15,0.9960,43.38,no
2026-10-05T02:13:50.616565Z,KXBTC15M-26OCT042215-15,0.9960,211.00,no
2026-10-05T02:13:50.616565Z,KXBTC15M-26OCT042215-15,0.9960,161.76,no
2026-10-05T02:13:50.616565Z,KXBTC15M-26OCT042215-15,0.9960,772.40,no
2026-10-05T02:13:50.655073Z,KXBTC15M-26OCT042215-15,0.9970,300.83,yes
2026-10-05T02:13:50.669591Z,KXBTC15M-26OCT042215-15,0.9960,128.99,no
2026-10-05T02:13:50.669591Z,KXBTC15M-26OCT042215-15,0.9960,0.01,no
2026-10-05T02:13:50.669591Z,KXBTC15M-26OCT042215-15,0.9960,0.03,no
2026-10-05T02:13:50.669591Z,KXBTC15M-26OCT042215-15,0.9960,0.01,no
2026-10-05T02:13:50.669591Z,KXBTC15M-26OCT042215-15,0.9960,100.00,no
2026-10-05T02:13:50.685962Z,KXBTC15M-26OCT042215-15,0.9970,16.00,yes
2026-10-05T02:13:50.685962Z,KXBTC15M-26OCT042215-15,0.9970,500.00,yes
2026-10-05T02:13:50.685962Z,KXBTC15M-26OCT042215-15,0.9970,0.01,yes
2026-10-05T02:13:50.685962Z,KXBTC15M-26OCT042215-15,0.9970,0.01,yes
2026-10-05T02:13:50.685962Z,KXBTC15M-26OCT042215-15,0.9970,150.69,yes
2026-10-05T02:13:50.685962Z,KXBTC15M-26OCT042215-15,0.9970,3750.00,yes
2026-10-05T02:13:50.685962Z,KXBTC15M-26OCT042215-15,0.9970,253.09,yes
2026-10-05T02:13:50.746294Z,KXBTC15M-26OCT042215-15,0.9970,18.13,no
2026-10-05T02:13:50.775899Z,KXBTC15M-26OCT042215-15,0.9970,24.26,no
2026-10-05T02:13:50.776299Z,KXBTC15M-26OCT042215-15,0.9970,701.12,no
2026-10-05T02:13:50.783324Z,KXBTC15M-26OCT042215-15,0.9980,34.51,yes
2026-10-05T02:13:50.835582Z,KXBTC15M-26OCT042215-15,0.9980,94.82,yes
2026-10-05T02:13:50.871544Z,KXBTC15M-26OCT042215-15,0.9980,10.56,yes
2026-10-05T02:13:50.894428Z,KXBTC15M-26OCT042215-15,0.9980,358.69,yes
2026-10-05T02:13:50.911106Z,KXBTC15M-26OCT042215-15,0.9970,20.54,no
2026-10-05T02:13:50.972607Z,KXBTC15M-26OCT042215-15,0.9980,1110.49,yes
2026-10-05T02:13:51.004175Z,KXBTC15M-26OCT042215-15,0.9970,439.37,no
2026-10-05T02:13:51.031567Z,KXBTC15M-26OCT042215-15,0.9970,2.20,no
2026-10-05T02:13:51.070617Z,KXBTC15M-26OCT042215-15,0.9970,31.13,no
2026-10-05T02:13:51.081756Z,KXBTC15M-26OCT042215-15,0.9980,50.00,yes
2026-10-05T02:13:51.083272Z,KXBTC15M-26OCT042215-15,0.9980,13.10,yes
2026-10-05T02:13:51.122305Z,KXBTC15M-26OCT042215-15,0.9980,49.19,yes
2026-10-05T02:13:51.134451Z,KXBTC15M-26OCT042215-15,0.9970,610.72,no
2026-10-05T02:13:51.197747Z,KXBTC15M-26OCT042215-15,0.9980,10.02,yes
2026-10-05T02:13:51.217068Z,KXBTC15M-26OCT042215-15,0.9980,3586.53,yes
2026-10-05T02:13:51.217068Z,KXBTC15M-26OCT042215-15,0.9980,865.75,yes
2026-10-05T02:13:51.231646Z,KXBTC15M-26OCT042215-15,0.9980,10.02,yes
2026-10-05T02:13:51.283105Z,KXBTC15M-26OCT042215-15,0.9970,51.46,no
2026-10-05T02:13:51.283105Z,KXBTC15M-26OCT042215-15,0.9970,0.01,no
2026-10-05T02:13:51.283105Z,KXBTC15M-26OCT042215-15,0.9970,0.01,no
2026-10-05T02:13:51.289453Z,KXBTC15M-26OCT042215-15,0.9970,232.66,no
2026-10-05T02:13:51.289453Z,KXBTC15M-26OCT042215-15,0.9970,72.69,no
2026-10-05T02:13:51.310101Z,KXBTC15M-26OCT042215-15,0.9970,6.86,no
2026-10-05T02:13:51.310101Z,KXBTC15M-26OCT042215-15,0.9970,27.31,no
2026-10-05T02:13:51.333471Z,KXBTC15M-26OCT042215-15,0.9970,155.79,no
2026-10-05T02:13:51.386624Z,KXBTC15M-26OCT042215-15,0.9980,500.00,yes
2026-10-05T02:13:51.409037Z,KXBTC15M-26OCT042215-15,0.9970,155.83,no
2026-10-05T02:13:51.41247Z,KXBTC15M-26OCT042215-15,0.9970,853.24,no
2026-10-05T02:13:51.41247Z,KXBTC15M-26OCT042215-15,0.9970,81.52,no
2026-10-05T02:13:51.447281Z,KXBTC15M-26OCT042215-15,0.9970,118.48,no
2026-10-05T02:13:51.461467Z,KXBTC15M-26OCT042215-15,0.9970,1526.80,no
2026-10-05T02:13:51.47903Z,KXBTC15M-26OCT042215-15,0.9970,934.76,no
2026-10-05T02:13:51.484304Z,KXBTC15M-26OCT042215-15,0.9970,305.35,no
2026-10-05T02:13:51.500436Z,KXBTC15M-26OCT042215-15,0.9980,1001.86,yes
2026-10-05T02:13:51.533584Z,KXBTC15M-26OCT042215-15,0.9980,10.18,yes
2026-10-05T02:13:51.55436Z,KXBTC15M-26OCT042215-15,0.9970,359.00,no
2026-10-05T02:13:51.55436Z,KXBTC15M-26OCT042215-15,0.9970,95.00,no
2026-10-05T02:13:51.55436Z,KXBTC15M-26OCT042215-15,0.9970,35.00,no
2026-10-05T02:13:51.55436Z,KXBTC15M-26OCT042215-15,0.9970,11.00,no
2026-10-05T02:13:51.55436Z,KXBTC15M-26OCT042215-15,0.9970,11.37,no
2026-10-05T02:13:51.55436Z,KXBTC15M-26OCT042215-15,0.9970,99.35,no
2026-10-05T02:13:51.557579Z,KXBTC15M-26OCT042215-15,0.9970,196.30,no
2026-10-05T02:13:51.565344Z,KXBTC15M-26OCT042215-15,0.9970,124.65,no
2026-10-05T02:13:51.566352Z,KXBTC15M-26OCT042215-15,0.9970,52.19,no
2026-10-05T02:13:51.577923Z,KXBTC15M-26OCT042215-15,0.9970,610.72,no
2026-10-05T02:13:51.590903Z,KXBTC15M-26OCT042215-15,0.9970,215.56,no
2026-10-05T02:13:51.590903Z,KXBTC15M-26OCT042215-15,0.9970,26.79,no
2026-10-05T02:13:51.590903Z,KXBTC15M-26OCT042215-15,0.9970,13.00,no
2026-10-05T02:13:51.590903Z,KXBTC15M-26OCT042215-15,0.9970,50.00,no
2026-10-05T02:13:51.641528Z,KXBTC15M-26OCT042215-15,0.9970,5.51,no
2026-10-05T02:13:51.64955Z,KXBTC15M-26OCT042215-15,0.9970,5.96,no
2026-10-05T02:13:51.671674Z,KXBTC15M-26OCT042215-15,0.9980,1050.87,yes
2026-10-05T02:13:51.67472Z,KXBTC15M-26OCT042215-15,0.9970,272.97,no
2026-10-05T02:13:51.67472Z,KXBTC15M-26OCT042215-15,0.9970,26.15,no
2026-10-05T02:13:51.685622Z,KXBTC15M-26OCT042215-15,0.9980,8.66,yes
2026-10-05T02:13:51.731762Z,KXBTC15M-26OCT042215-15,0.9980,75.13,yes
2026-10-05T02:13:51.747429Z,KXBTC15M-26OCT042215-15,0.9970,22.85,no
2026-10-05T02:13:51.747429Z,KXBTC15M-26OCT042215-15,0.9970,0.03,no
2026-10-05T02:13:51.747429Z,KXBTC15M-26OCT042215-15,0.9970,10.00,no
2026-10-05T02:13:51.747429Z,KXBTC15M-26OCT042215-15,0.9970,13.18,no
2026-10-05T02:13:51.764443Z,KXBTC15M-26OCT042215-15,0.9970,267.00,no
2026-10-05T02:13:51.767064Z,KXBTC15M-26OCT042215-15,0.9980,1000.00,yes
2026-10-05T02:13:51.767064Z,KXBTC15M-26OCT042215-15,0.9980,1300.00,yes
2026-10-05T02:13:51.767064Z,KXBTC15M-26OCT042215-15,0.9980,1000.00,yes
2026-10-05T02:13:51.767064Z,KXBTC15M-26OCT042215-15,0.9980,1000.00,yes
2026-10-05T02:13:51.767064Z,KXBTC15M-26OCT042215-15,0.9980,38464.53,yes
2026-10-05T02:13:51.767064Z,KXBTC15M-26OCT042215-15,0.9980,500.00,yes
2026-10-05T02:13:51.767064Z,KXBTC15M-26OCT042215-15,0.9980,26.00,yes
2026-10-05T02:13:51.767064Z,KXBTC15M-26OCT042215-15,0.9980,3.00,yes
2026-10-05T02:13:51.767064Z,KXBTC15M-26OCT042215-15,0.9980,3.00,yes
2026-10-05T02:13:51.767064Z,KXBTC15M-26OCT042215-15,0.9980,3.00,yes
2026-10-05T02:13:51.767064Z,KXBTC15M-26OCT042215-15,0.9980,3.00,yes
2026-10-05T02:13:51.767064Z,KXBTC15M-26OCT042215-15,0.9980,3.00,yes
2026-10-05T02:13:51.767064Z,KXBTC15M-26OCT042215-15,0.9980,552.78,yes
2026-10-05T02:13:51.767064Z,KXBTC15M-26OCT042215-15,0.9980,10.00,yes
2026-10-05T02:13:51.767064Z,KXBTC15M-26OCT042215-15,0.9980,10.00,yes
2026-10-05T02:13:51.767064Z,KXBTC15M-26OCT042215-15,0.9980,10.00,yes
2026-10-05T02:13:51.767064Z,KXBTC15M-26OCT042215-15,0.9980,14.44,yes
2026-10-05T02:13:51.767064Z,KXBTC15M-26OCT042215-15,0.9980,35.00,yes
2026-10-05T02:13:51.767064Z,KXBTC15M-26OCT042215-15,0.9980,15.00,yes
2026-10-05T02:13:51.767064Z,KXBTC15M-26OCT042215-15,0.9980,15.00,yes
2026-10-05T02:13:51.767064Z,KXBTC15M-26OCT042215-15,0.9980,0.01,yes
2026-10-05T02:13:51.767064Z,KXBTC15M-26OCT042215-15,0.9980,17.00,yes
2026-10-05T02:13:51.767064Z,KXBTC15M-26OCT042215-15,0.9980,0.01,yes
2026-10-05T02:13:51.767064Z,KXBTC15M-26OCT042215-15,0.9980,993.53,yes
2026-10-05T02:13:51.767064Z,KXBTC15M-26OCT042215-15,0.9980,500.00,yes
2026-10-05T02:13:51.767064Z,KXBTC15M-26OCT042215-15,0.9980,500.00,yes
2026-10-05T02:13:51.767064Z,KXBTC15M-26OCT042215-15,0.9980,5.00,yes
2026-10-05T02:13:51.785579Z,KXBTC15M-26OCT042215-15,0.9980,311.59,no
2026-10-05T02:13:51.788336Z,KXBTC15M-26OCT042215-15,0.9980,311.59,no
2026-10-05T02:13:51.79085Z,KXBTC15M-26OCT042215-15,0.9980,64.44,no
2026-10-05T02:13:51.832403Z,KXBTC15M-26OCT042215-15,0.9980,131.33,no
2026-10-05T02:13:51.875725Z,KXBTC15M-26OCT042215-15,0.9990,24.34,yes
2026-10-05T02:13:51.877335Z,KXBTC15M-26OCT042215-15,0.9980,2000.00,no
2026-10-05T02:13:51.902311Z,KXBTC15M-26OCT042215-15,0.9980,18.69,no
2026-10-05T02:13:52.014882Z,KXBTC15M-26OCT042215-15,0.9980,3.10,no
2026-10-05T02:13:52.017161Z,KXBTC15M-26OCT042215-15,0.9990,900.83,yes
2026-10-05T02:13:52.032443Z,KXBTC15M-26OCT042215-15,0.9980,31.16,no
2026-10-05T02:13:52.07041Z,KXBTC15M-26OCT042215-15,0.9980,2290.05,no
2026-10-05T02:13:52.101812Z,KXBTC15M-26OCT042215-15,0.9990,925.17,yes
2026-10-05T02:13:52.108789Z,KXBTC15M-26OCT042215-15,0.9980,171.39,no
2026-10-05T02:13:52.149263Z,KXBTC15M-26OCT042215-15,0.9980,7.04,no
2026-10-05T02:13:52.172476Z,KXBTC15M-26OCT042215-15,0.9980,1422.00,no
2026-10-05T02:13:52.198603Z,KXBTC15M-26OCT042215-15,0.9980,0.35,no
2026-10-05T02:13:52.248969Z,KXBTC15M-26OCT042215-15,0.9980,458.01,no
2026-10-05T02:13:52.27416Z,KXBTC15M-26OCT042215-15,0.9980,212.28,no
2026-10-05T02:13:52.290966Z,KXBTC15M-26OCT042215-15,0.9990,24.53,yes
2026-10-05T02:13:52.292773Z,KXBTC15M-26OCT042215-15,0.9980,421.76,no
2026-10-05T02:13:52.313333Z,KXBTC15M-26OCT042215-15,0.9990,105.51,yes
2026-10-05T02:13:52.324402Z,KXBTC15M-26OCT042215-15,0.9990,800.00,yes
2026-10-05T02:13:52.336913Z,KXBTC15M-26OCT042215-15,0.9980,458.01,no
2026-10-05T02:13:52.425655Z,KXBTC15M-26OCT042215-15,0.9980,0.01,no
2026-10-05T02:13:52.425655Z,KXBTC15M-26OCT042215-15,0.9980,28.86,no
2026-10-05T02:13:52.425655Z,KXBTC15M-26OCT042215-15,0.9980,0.01,no
2026-10-05T02:13:52.425655Z,KXBTC15M-26OCT042215-15,0.9980,429.13,no
2026-10-05T02:13:52.428245Z,KXBTC15M-26OCT042215-15,0.9980,436.62,no
2026-10-05T02:13:52.428245Z,KXBTC15M-26OCT042215-15,0.9980,851.57,no
2026-10-05T02:13:52.428245Z,KXBTC15M-26OCT042215-15,0.9980,1001.86,no
2026-10-05T02:13:52.470128Z,KXBTC15M-26OCT042215-15,0.9980,1.48,no
2026-10-05T02:13:52.485208Z,KXBTC15M-26OCT042215-15,0.9980,5.00,no
2026-10-05T02:13:52.49601Z,KXBTC15M-26OCT042215-15,0.9990,538.03,yes
2026-10-05T02:13:52.523986Z,KXBTC15M-26OCT042215-15,0.9980,3.30,no
2026-10-05T02:13:52.524826Z,KXBTC15M-26OCT042215-15,0.9990,7.85,yes
2026-10-05T02:13:52.55729Z,KXBTC15M-26OCT042215-15,0.9980,458.01,no
2026-10-05T02:13:52.561805Z,KXBTC15M-26OCT042215-15,0.9980,91.62,no
2026-10-05T02:13:52.575986Z,KXBTC15M-26OCT042215-15,0.9980,400.00,no
2026-10-05T02:13:52.599865Z,KXBTC15M-26OCT042215-15,0.9990,50.04,yes
2026-10-05T02:13:52.633486Z,KXBTC15M-26OCT042215-15,0.9980,2.63,no
2026-10-05T02:13:52.755827Z,KXBTC15M-26OCT042215-15,0.9980,2637.88,no
2026-10-05T02:13:52.761557Z,KXBTC15M-26OCT042215-15,0.9980,43.29,no
2026-10-05T02:13:52.765934Z,KXBTC15M-26OCT042215-15,0.9980,458.01,no
2026-10-05T02:13:52.798617Z,KXBTC15M-26OCT042215-15,0.9990,23.42,yes
2026-10-05T02:13:52.816584Z,KXBTC15M-26OCT042215-15,0.9980,467.36,no
2026-10-05T02:13:52.836835Z,KXBTC15M-26OCT042215-15,0.9990,1.00,yes
2026-10-05T02:13:52.837738Z,KXBTC15M-26OCT042215-15,0.9980,74.00,no
2026-10-05T02:13:52.846509Z,KXBTC15M-26OCT042215-15,0.9980,3.90,no
2026-10-05T02:13:52.852511Z,KXBTC15M-26OCT042215-15,0.9980,56.63,no
2026-10-05T02:13:52.857306Z,KXBTC15M-26OCT042215-15,0.9980,411.90,no
2026-10-05T02:13:52.862597Z,KXBTC15M-26OCT042215-15,0.9980,75.24,no
2026-10-05T02:13:52.909257Z,KXBTC15M-26OCT042215-15,0.9980,10.00,no
2026-10-05T02:13:52.990634Z,KXBTC15M-26OCT042215-15,0.9980,3.24,no
2026-10-05T02:13:53.008976Z,KXBTC15M-26OCT042215-15,0.9990,238.97,yes
2026-10-05T02:13:53.010001Z,KXBTC15M-26OCT042215-15,0.9990,90.08,yes
2026-10-05T02:13:53.033911Z,KXBTC15M-26OCT042215-15,0.9980,45.80,no
2026-10-05T02:13:53.073298Z,KXBTC15M-26OCT042215-15,0.9980,10.00,no
2026-10-05T02:13:53.085339Z,KXBTC15M-26OCT042215-15,0.9980,5.21,no
2026-10-05T02:13:53.161669Z,KXBTC15M-26OCT042215-15,0.9980,448.66,no
2026-10-05T02:13:53.16973Z,KXBTC15M-26OCT042215-15,0.9980,3.16,no
2026-10-05T02:13:53.183293Z,KXBTC15M-26OCT042215-15,0.9990,6.67,yes
2026-10-05T02:13:53.240404Z,KXBTC15M-26OCT042215-15,0.9980,916.02,no
2026-10-05T02:13:53.302171Z,KXBTC15M-26OCT042215-15,0.9990,25011.00,yes
2026-10-05T02:13:53.361374Z,KXBTC15M-26OCT042215-15,0.9990,125.11,yes
2026-10-05T02:13:53.394293Z,KXBTC15M-26OCT042215-15,0.9980,270.22,no
2026-10-05T02:13:53.416089Z,KXBTC15M-26OCT042215-15,0.9980,458.01,no
2026-10-05T02:13:53.430825Z,KXBTC15M-26OCT042215-15,0.9980,7.04,no
2026-10-05T02:13:53.457868Z,KXBTC15M-26OCT042215-15,0.9980,223.34,no
2026-10-05T02:13:53.504112Z,KXBTC15M-26OCT042215-15,0.9980,8.00,no
2026-10-05T02:13:53.518106Z,KXBTC15M-26OCT042215-15,0.9980,14.14,no
2026-10-05T02:13:53.562123Z,KXBTC15M-26OCT042215-15,0.9980,34.88,no
2026-10-05T02:13:53.597327Z,KXBTC15M-26OCT042215-15,0.9990,40.72,yes
2026-10-05T02:13:53.600271Z,KXBTC15M-26OCT042215-15,0.9980,848.48,no
2026-10-05T02:13:53.631425Z,KXBTC15M-26OCT042215-15,0.9980,103.07,no
2026-10-05T02:13:53.649409Z,KXBTC15M-26OCT042215-15,0.9980,758.46,no
2026-10-05T02:13:53.676108Z,KXBTC15M-26OCT042215-15,0.9980,916.02,no
2026-10-05T02:13:53.690454Z,KXBTC15M-26OCT042215-15,0.9990,130.11,yes
2026-10-05T02:13:53.717674Z,KXBTC15M-26OCT042215-15,0.9990,170.31,yes
2026-10-05T02:13:53.736041Z,KXBTC15M-26OCT042215-15,0.9980,42.45,no
2026-10-05T02:13:53.800608Z,KXBTC15M-26OCT042215-15,0.9980,8.28,no
2026-10-05T02:13:53.821321Z,KXBTC15M-26OCT042215-15,0.9980,32.08,no
2026-10-05T02:13:53.843371Z,KXBTC15M-26OCT042215-15,0.9980,98.28,no
2026-10-05T02:13:53.862734Z,KXBTC15M-26OCT042215-15,0.9990,5262.89,yes
2026-10-05T02:13:53.864683Z,KXBTC15M-26OCT042215-15,0.9990,30.77,yes
2026-10-05T02:13:53.889719Z,KXBTC15M-26OCT042215-15,0.9990,32.30,yes
2026-10-05T02:13:53.894399Z,KXBTC15M-26OCT042215-15,0.9980,458.01,no
2026-10-05T02:13:54.013361Z,KXBTC15M-26OCT042215-15,0.9980,42.70,no
2026-10-05T02:13:54.06663Z,KXBTC15M-26OCT042215-15,0.9980,60.27,no
2026-10-05T02:13:54.106339Z,KXBTC15M-26OCT042215-15,0.9980,22.15,no
2026-10-05T02:13:54.116107Z,KXBTC15M-26OCT042215-15,0.9980,458.01,no
2026-10-05T02:13:54.140018Z,KXBTC15M-26OCT042215-15,0.9980,458.01,no
2026-10-05T02:13:54.178323Z,KXBTC15M-26OCT042215-15,0.9980,311.59,no
2026-10-05T02:13:54.203872Z,KXBTC15M-26OCT042215-15,0.9980,37.51,no
2026-10-05T02:13:54.211323Z,KXBTC15M-26OCT042215-15,0.9990,10.01,yes
2026-10-05T02:13:54.225739Z,KXBTC15M-26OCT042215-15,0.9980,4.69,no
2026-10-05T02:13:54.245679Z,KXBTC15M-26OCT042215-15,0.9990,10.01,yes
2026-10-05T02:13:54.300664Z,KXBTC15M-26OCT042215-15,0.9990,1.46,yes
2026-10-05T02:13:54.301915Z,KXBTC15M-26OCT042215-15,0.9980,39.31,no
2026-10-05T02:13:54.410508Z,KXBTC15M-26OCT042215-15,0.9980,54.19,no
2026-10-05T02:13:54.417969Z,KXBTC15M-26OCT042215-15,0.9980,458.01,no
2026-10-05T02:13:54.43949Z,KXBTC15M-26OCT042215-15,0.9980,2169.25,no
2026-10-05T02:13:54.488907Z,KXBTC15M-26OCT042215-15,0.9980,11.03,no
2026-10-05T02:13:54.497789Z,KXBTC15M-26OCT042215-15,0.9980,10.93,no
2026-10-05T02:13:54.521157Z,KXBTC15M-26OCT042215-15,0.9980,12.04,no
2026-10-05T02:13:54.554909Z,KXBTC15M-26OCT042215-15,0.9990,500.46,yes
2026-10-05T02:13:54.561589Z,KXBTC15M-26OCT042215-15,0.9990,66.11,yes
2026-10-05T02:13:54.564418Z,KXBTC15M-26OCT042215-15,0.9980,0.12,no
2026-10-05T02:13:54.645551Z,KXBTC15M-26OCT042215-15,0.9980,55.00,no
2026-10-05T02:13:54.713569Z,KXBTC15M-26OCT042215-15,0.9990,5.38,yes
2026-10-05T02:13:54.718646Z,KXBTC15M-26OCT042215-15,0.9990,16.74,yes
2026-10-05T02:13:54.725024Z,KXBTC15M-26OCT042215-15,0.9980,17.03,no
2026-10-05T02:13:54.76546Z,KXBTC15M-26OCT042215-15,0.9990,17.94,yes
2026-10-05T02:13:54.76627Z,KXBTC15M-26OCT042215-15,0.9990,16.47,yes
2026-10-05T02:13:54.853976Z,KXBTC15M-26OCT042215-15,0.9980,458.01,no
2026-10-05T02:13:54.866726Z,KXBTC15M-26OCT042215-15,0.9980,292.00,no
2026-10-05T02:13:54.866769Z,KXBTC15M-26OCT042215-15,0.9980,1075.43,no
2026-10-05T02:13:54.867124Z,KXBTC15M-26OCT042215-15,0.9990,8.55,yes
2026-10-05T02:13:54.871458Z,KXBTC15M-26OCT042215-15,0.9990,1091.83,yes
2026-10-05T02:13:54.993782Z,KXBTC15M-26OCT042215-15,0.9990,4.79,yes
2026-10-05T02:13:55.036387Z,KXBTC15M-26OCT042215-15,0.9980,1124.43,no
2026-10-05T02:13:55.041527Z,KXBTC15M-26OCT042215-15,0.9980,2134.04,no
2026-10-05T02:13:55.059035Z,KXBTC15M-26OCT042215-15,0.9980,229.01,no
2026-10-05T02:13:55.060838Z,KXBTC15M-26OCT042215-15,0.9980,103.76,no
2026-10-05T02:13:55.073168Z,KXBTC15M-26OCT042215-15,0.9980,45.00,no
2026-10-05T02:13:55.097487Z,KXBTC15M-26OCT042215-15,0.9980,45.80,no
2026-10-05T02:13:55.116402Z,KXBTC15M-26OCT042215-15,0.9990,0.50,yes
2026-10-05T02:13:55.119578Z,KXBTC15M-26OCT042215-15,0.9980,544.62,no
2026-10-05T02:13:55.12629Z,KXBTC15M-26OCT042215-15,0.9990,1.79,yes
2026-10-05T02:13:55.167731Z,KXBTC15M-26OCT042215-15,0.9980,45.80,no
2026-10-05T02:13:55.17849Z,KXBTC15M-26OCT042215-15,0.9990,56.76,yes
2026-10-05T02:13:55.193685Z,KXBTC15M-26OCT042215-15,0.9980,10000.00,no
2026-10-05T02:13:55.279393Z,KXBTC15M-26OCT042215-15,0.9980,916.02,no
2026-10-05T02:13:55.281627Z,KXBTC15M-26OCT042215-15,0.9980,1374.03,no
2026-10-05T02:13:55.369998Z,KXBTC15M-26OCT042215-15,0.9990,50.04,yes
2026-10-05T02:13:55.406225Z,KXBTC15M-26OCT042215-15,0.9980,16.45,no
2026-10-05T02:13:55.47828Z,KXBTC15M-26OCT042215-15,0.9980,3.59,no
2026-10-05T02:13:55.483132Z,KXBTC15M-26OCT042215-15,0.9990,1217.03,yes
2026-10-05T02:13:55.486169Z,KXBTC15M-26OCT042215-15,0.9980,338.92,no
2026-10-05T02:13:55.526349Z,KXBTC15M-26OCT042215-15,0.9990,42.16,yes
2026-10-05T02:13:55.60024Z,KXBTC15M-26OCT042215-15,0.9980,5.00,no
2026-10-05T02:13:55.654158Z,KXBTC15M-26OCT042215-15,0.9980,45.00,no
2026-10-05T02:13:55.703147Z,KXBTC15M-26OCT042215-15,0.9980,448.66,no
2026-10-05T02:13:55.705856Z,KXBTC15M-26OCT042215-15,0.9980,141.76,no
2026-10-05T02:13:55.721199Z,KXBTC15M-26OCT042215-15,0.9990,25.49,yes
2026-10-05T02:13:55.741789Z,KXBTC15M-26OCT042215-15,0.9980,24.94,no
2026-10-05T02:13:55.749764Z,KXBTC15M-26OCT042215-15,0.9990,1.00,yes
2026-10-05T02:13:55.790691Z,KXBTC15M-26OCT042215-15,0.9980,82.00,no
2026-10-05T02:13:55.797252Z,KXBTC15M-26OCT042215-15,0.9980,4.64,no
2026-10-05T02:13:55.903333Z,KXBTC15M-26OCT042215-15,0.9980,467.36,no
2026-10-05T02:13:55.930533Z,KXBTC15M-26OCT042215-15,0.9980,6.55,no
2026-10-05T02:13:55.941933Z,KXBTC15M-26OCT042215-15,0.9980,336.49,no
2026-10-05T02:13:55.953854Z,KXBTC15M-26OCT042215-15,0.9990,5.93,yes
2026-10-05T02:13:55.98818Z,KXBTC15M-26OCT042215-15,0.9990,500.46,yes
2026-10-05T02:13:56.009286Z,KXBTC15M-26OCT042215-15,0.9990,5.00,yes
2026-10-05T02:13:56.092171Z,KXBTC15M-26OCT042215-15,0.9980,8.93,no
2026-10-05T02:13:56.11763Z,KXBTC15M-26OCT042215-15,0.9980,71.59,no
2026-10-05T02:13:56.132985Z,KXBTC15M-26OCT042215-15,0.9990,4.53,yes
2026-10-05T02:13:56.140158Z,KXBTC15M-26OCT042215-15,0.9980,458.01,no
2026-10-05T02:13:56.143083Z,KXBTC15M-26OCT042215-15,0.9980,366.36,no
2026-10-05T02:13:56.147069Z,KXBTC15M-26OCT042215-15,0.9980,4.59,no
2026-10-05T02:13:56.185417Z,KXBTC15M-26OCT042215-15,0.9990,8.78,yes
2026-10-05T02:13:56.20129Z,KXBTC15M-26OCT042215-15,0.9990,36.25,yes
2026-10-05T02:13:56.242086Z,KXBTC15M-26OCT042215-15,0.9990,10.01,yes
2026-10-05T02:13:56.284247Z,KXBTC15M-26OCT042215-15,0.9990,0.01,yes
2026-10-05T02:13:56.291282Z,KXBTC15M-26OCT042215-15,0.9990,50.04,yes
2026-10-05T02:13:56.305385Z,KXBTC15M-26OCT042215-15,0.9980,916.02,no
2026-10-05T02:13:56.3295Z,KXBTC15M-26OCT042215-15,0.9980,14.00,no
2026-10-05T02:13:56.337791Z,KXBTC15M-26OCT042215-15,0.9980,329.21,no
2026-10-05T02:13:56.337791Z,KXBTC15M-26OCT042215-15,0.9980,119.45,no
2026-10-05T02:13:56.41114Z,KXBTC15M-26OCT042215-15,0.9990,842.78,yes
2026-10-05T02:13:56.419154Z,KXBTC15M-26OCT042215-15,0.9980,59.08,no
2026-10-05T02:13:56.591295Z,KXBTC15M-26OCT042215-15,0.9990,200.16,yes
2026-10-05T02:13:56.612186Z,KXBTC15M-26OCT042215-15,0.9980,136.54,no
2026-10-05T02:13:56.612186Z,KXBTC15M-26OCT042215-15,0.9980,321.47,no
2026-10-05T02:13:56.65094Z,KXBTC15M-26OCT042215-15,0.9980,458.01,no
2026-10-05T02:13:56.669728Z,KXBTC15M-26OCT042215-15,0.9990,71.92,yes
2026-10-05T02:13:56.696209Z,KXBTC15M-26OCT042215-15,0.9990,20.25,yes
2026-10-05T02:13:56.732925Z,KXBTC15M-26OCT042215-15,0.9990,30.02,yes
2026-10-05T02:13:56.809779Z,KXBTC15M-26OCT042215-15,0.9990,500.46,yes
2026-10-05T02:13:56.810305Z,KXBTC15M-26OCT042215-15,0.9990,2.00,yes
2026-10-05T02:13:56.878486Z,KXBTC15M-26OCT042215-15,0.9980,51.34,no
2026-10-05T02:13:56.984014Z,KXBTC15M-26OCT042215-15,0.9990,335.03,yes
2026-10-05T02:13:57.051643Z,KXBTC15M-26OCT042215-15,0.9980,404.98,no
2026-10-05T02:13:57.051643Z,KXBTC15M-26OCT042215-15,0.9980,53.03,no
2026-10-05T02:13:57.054137Z,KXBTC15M-26OCT042215-15,0.9980,15.00,no
2026-10-05T02:13:57.054137Z,KXBTC15M-26OCT042215-15,0.9980,15.00,no
2026-10-05T02:13:57.054137Z,KXBTC15M-26OCT042215-15,0.9980,22.10,no
2026-10-05T02:13:57.054137Z,KXBTC15M-26OCT042215-15,0.9980,500.00,no
2026-10-05T02:13:57.054137Z,KXBTC15M-26OCT042215-15,0.9980,363.92,no
2026-10-05T02:13:57.104992Z,KXBTC15M-26OCT042215-15,0.9980,458.01,no
2026-10-05T02:13:57.241504Z,KXBTC15M-26OCT042215-15,0.9980,103.24,no
2026-10-05T02:13:57.241504Z,KXBTC15M-26OCT042215-15,0.9980,24.53,no
2026-10-05T02:13:57.241504Z,KXBTC15M-26OCT042215-15,0.9980,14.06,no
2026-10-05T02:13:57.241504Z,KXBTC15M-26OCT042215-15,0.9980,105.51,no
2026-10-05T02:13:57.253459Z,KXBTC15M-26OCT042215-15,0.9990,1.00,yes
2026-10-05T02:13:57.260038Z,KXBTC15M-26OCT042215-15,0.9990,337.93,yes
2026-10-05T02:13:57.272625Z,KXBTC15M-26OCT042215-15,0.9980,238.97,no
2026-10-05T02:13:57.272625Z,KXBTC15M-26OCT042215-15,0.9980,6.67,no
2026-10-05T02:13:57.272625Z,KXBTC15M-26OCT042215-15,0.9980,588.01,no
2026-10-05T02:13:57.272625Z,KXBTC15M-26OCT042215-15,0.9980,90.08,no
2026-10-05T02:13:57.272625Z,KXBTC15M-26OCT042215-15,0.9980,800.00,no
2026-10-05T02:13:57.272625Z,KXBTC15M-26OCT042215-15,0.9980,0.03,no
2026-10-05T02:13:57.272625Z,KXBTC15M-26OCT042215-15,0.9980,1.00,no
2026-10-05T02:13:57.272625Z,KXBTC15M-26OCT042215-15,0.9980,250.00,no
2026-10-05T02:13:57.272625Z,KXBTC15M-26OCT042215-15,0.9980,538.03,no
2026-10-05T02:13:57.272625Z,KXBTC15M-26OCT042215-15,0.9980,0.01,no
2026-10-05T02:13:57.272625Z,KXBTC15M-26OCT042215-15,0.9980,50.04,no
2026-10-05T02:13:57.272625Z,KXBTC15M-26OCT042215-15,0.9980,23.42,no
2026-10-05T02:13:57.272625Z,KXBTC15M-26OCT042215-15,0.9980,1985.94,no
2026-10-05T02:13:57.272625Z,KXBTC15M-26OCT042215-15,0.9980,0.01,no
2026-10-05T02:13:57.272625Z,KXBTC15M-26OCT042215-15,0.9980,7.85,no
2026-10-05T02:13:57.303701Z,KXBTC15M-26OCT042215-15,0.9980,10.46,no
2026-10-05T02:13:57.315926Z,KXBTC15M-26OCT042215-15,0.9980,300.00,no
2026-10-05T02:13:57.357777Z,KXBTC15M-26OCT042215-15,0.9980,175.01,no
2026-10-05T02:13:57.387965Z,KXBTC15M-26OCT042215-15,0.9980,229.01,no
2026-10-05T02:13:57.413845Z,KXBTC15M-26OCT042215-15,0.9990,2.96,yes
2026-10-05T02:13:57.457728Z,KXBTC15M-26OCT042215-15,0.9980,4580.06,no
2026-10-05T02:13:57.459589Z,KXBTC15M-26OCT042215-15,0.9990,20.01,yes
2026-10-05T02:13:57.472345Z,KXBTC15M-26OCT042215-15,0.9990,452.38,yes
2026-10-05T02:13:57.579269Z,KXBTC15M-26OCT042215-15,0.9980,458.01,no
2026-10-05T02:13:57.596215Z,KXBTC15M-26OCT042215-15,0.9980,20.00,no
2026-10-05T02:13:57.66491Z,KXBTC15M-26OCT042215-15,0.9980,1.18,no
2026-10-05T02:13:57.702904Z,KXBTC15M-26OCT042215-15,0.9980,458.01,no
2026-10-05T02:13:57.738158Z,KXBTC15M-26OCT042215-15,0.9990,18.06,yes
2026-10-05T02:13:57.775167Z,KXBTC15M-26OCT042215-15,0.9980,4580.06,no
2026-10-05T02:13:57.781709Z,KXBTC15M-26OCT042215-15,0.9980,327.60,no
2026-10-05T02:13:57.818771Z,KXBTC15M-26OCT042215-15,0.9990,2.64,yes
2026-10-05T02:13:57.845596Z,KXBTC15M-26OCT042215-15,0.9980,68.61,no
2026-10-05T02:13:57.864684Z,KXBTC15M-26OCT042215-15,0.9980,45.80,no
2026-10-05T02:13:57.895395Z,KXBTC15M-26OCT042215-15,0.9990,10.00,yes
2026-10-05T02:13:57.908524Z,KXBTC15M-26OCT042215-15,0.9980,500.00,no
2026-10-05T02:13:57.930981Z,KXBTC15M-26OCT042215-15,0.9980,4580.06,no
2026-10-05T02:13:57.949804Z,KXBTC15M-26OCT042215-15,0.9980,102.57,no
2026-10-05T02:13:58.040784Z,KXBTC15M-26OCT042215-15,0.9980,43.53,no
2026-10-05T02:13:58.063054Z,KXBTC15M-26OCT042215-15,0.9980,458.01,no
2026-10-05T02:13:58.085635Z,KXBTC15M-26OCT042215-15,0.9980,31.81,no
2026-10-05T02:13:58.111786Z,KXBTC15M-26OCT042215-15,0.9990,34.00,yes
2026-10-05T02:13:58.136933Z,KXBTC15M-26OCT042215-15,0.9980,458.01,no
2026-10-05T02:13:58.177107Z,KXBTC15M-26OCT042215-15,0.9990,19017.68,yes
2026-10-05T02:13:58.260953Z,KXBTC15M-26OCT042215-15,0.9980,536.94,no
2026-10-05T02:13:58.317001Z,KXBTC15M-26OCT042215-15,0.9980,458.01,no
2026-10-05T02:13:58.419786Z,KXBTC15M-26OCT042215-15,0.9980,1.03,no
2026-10-05T02:13:58.435464Z,KXBTC15M-26OCT042215-15,0.9990,51.81,yes
2026-10-05T02:13:58.43582Z,KXBTC15M-26OCT042215-15,0.9990,4000.00,yes
2026-10-05T02:13:58.442162Z,KXBTC15M-26OCT042215-15,0.9990,888.80,yes
2026-10-05T02:13:58.442298Z,KXBTC15M-26OCT042215-15,0.9980,32.20,no
2026-10-05T02:13:58.468973Z,KXBTC15M-26OCT042215-15,0.9980,72.36,no
2026-10-05T02:13:58.550963Z,KXBTC15M-26OCT042215-15,0.9980,161.38,no
2026-10-05T02:13:58.606891Z,KXBTC15M-26OCT042215-15,0.9980,62.58,no
2026-10-05T02:13:58.70647Z,KXBTC15M-26OCT042215-15,0.9980,916.02,no
2026-10-05T02:13:58.711232Z,KXBTC15M-26OCT042215-15,0.9980,83.07,no
2026-10-05T02:13:58.784657Z,KXBTC15M-26OCT042215-15,0.9980,897.33,no
2026-10-05T02:13:58.816599Z,KXBTC15M-26OCT042215-15,0.9980,1310.40,no
2026-10-05T02:13:58.819422Z,KXBTC15M-26OCT042215-15,0.9980,38.62,no
2026-10-05T02:13:58.836828Z,KXBTC15M-26OCT042215-15,0.9980,458.01,no
2026-10-05T02:13:58.998646Z,KXBTC15M-26OCT042215-15,0.9980,458.01,no
2026-10-05T02:13:59.004076Z,KXBTC15M-26OCT042215-15,0.9990,1.00,yes
2026-10-05T02:13:59.01074Z,KXBTC15M-26OCT042215-15,0.9980,11.00,no
2026-10-05T02:13:59.029284Z,KXBTC15M-26OCT042215-15,0.9990,400.00,yes
2026-10-05T02:13:59.032637Z,KXBTC15M-26OCT042215-15,0.9990,319.87,yes
2026-10-05T02:13:59.046109Z,KXBTC15M-26OCT042215-15,0.9990,20.00,yes
2026-10-05T02:13:59.142553Z,KXBTC15M-26OCT042215-15,0.9990,20.01,yes
2026-10-05T02:13:59.265062Z,KXBTC15M-26OCT042215-15,0.9990,47.21,yes
2026-10-05T02:13:59.321176Z,KXBTC15M-26OCT042215-15,0.9980,10.25,no
2026-10-05T02:13:59.404605Z,KXBTC15M-26OCT042215-15,0.9980,287.00,no
2026-10-05T02:13:59.501944Z,KXBTC15M-26OCT042215-15,0.9980,210.77,no
2026-10-05T02:13:59.501944Z,KXBTC15M-26OCT042215-15,0.9980,130.11,no
2026-10-05T02:13:59.501944Z,KXBTC15M-26OCT042215-15,0.9980,1200.98,no
2026-10-05T02:13:59.501944Z,KXBTC15M-26OCT042215-15,0.9980,170.31,no
2026-10-05T02:13:59.501944Z,KXBTC15M-26OCT042215-15,0.9980,125.11,no
2026-10-05T02:13:59.501944Z,KXBTC15M-26OCT042215-15,0.9980,40.72,no
2026-10-05T02:13:59.565312Z,KXBTC15M-26OCT042215-15,0.9980,849.51,no
2026-10-05T02:13:59.600204Z,KXBTC15M-26OCT042215-15,0.9980,194.89,no
2026-10-05T02:13:59.649284Z,KXBTC15M-26OCT042215-15,0.9990,3002.79,yes
2026-10-05T02:13:59.774342Z,KXBTC15M-26OCT042215-15,0.9990,32.00,yes
2026-10-05T02:13:59.830494Z,KXBTC15M-26OCT042215-15,0.9990,0.50,yes
2026-10-05T02:13:59.847572Z,KXBTC15M-26OCT042215-15,0.9990,200.18,yes
2026-10-05T02:13:59.885268Z,KXBTC15M-26OCT042215-15,0.9990,11.00,yes
2026-10-05T02:13:59.950354Z,KXBTC15M-26OCT042215-15,0.9980,2290.05,no
2026-10-05T02:13:59.951885Z,KXBTC15M-26OCT042215-15,0.9980,7.74,no
2026-10-05T02:13:59.952874Z,KXBTC15M-26OCT042215-15,0.9990,100.00,yes
2026-10-05T02:13:59.979265Z,KXBTC15M-26OCT042215-15,0.9990,190.00,yes
2026-10-05T02:14:00.030146Z,KXBTC15M-26OCT042215-15,0.9990,1001.00,yes
2026-10-05T02:14:00.037243Z,KXBTC15M-26OCT042215-15,0.9980,11.78,no
2026-10-05T02:14:00.064803Z,KXBTC15M-26OCT042215-15,0.9980,1.01,no
2026-10-05T02:14:00.070255Z,KXBTC15M-26OCT042215-15,0.9990,0.40,yes
2026-10-05T02:14:00.071973Z,KXBTC15M-26OCT042215-15,0.9980,13.97,no
2026-10-05T02:14:00.077459Z,KXBTC15M-26OCT042215-15,0.9990,1.00,yes
2026-10-05T02:14:00.094978Z,KXBTC15M-26OCT042215-15,0.9990,3000.00,yes
2026-10-05T02:14:00.212907Z,KXBTC15M-26OCT042215-15,0.9990,16.22,yes
2026-10-05T02:14:00.330492Z,KXBTC15M-26OCT042215-15,0.9990,2759.20,yes
2026-10-05T02:14:00.381656Z,KXBTC15M-26OCT042215-15,0.9980,28.36,no
2026-10-05T02:14:00.385326Z,KXBTC15M-26OCT042215-15,0.9990,100.00,yes
2026-10-05T02:14:00.525286Z,KXBTC15M-26OCT042215-15,0.9980,781.59,no
2026-10-05T02:14:00.539582Z,KXBTC15M-26OCT042215-15,0.9990,410.41,yes
2026-10-05T02:14:00.540956Z,KXBTC15M-26OCT042215-15,0.9990,4095.92,yes
2026-10-05T02:14:00.553691Z,KXBTC15M-26OCT042215-15,0.9990,2171.83,yes
2026-10-05T02:14:00.574397Z,KXBTC15M-26OCT042215-15,0.9980,1.05,no
2026-10-05T02:14:00.591854Z,KXBTC15M-26OCT042215-15,0.9990,4.00,yes
2026-10-05T02:14:00.611296Z,KXBTC15M-26OCT042215-15,0.9990,2394.22,yes
2026-10-05T02:14:00.629817Z,KXBTC15M-26OCT042215-15,0.9980,45.80,no
2026-10-05T02:14:00.734124Z,KXBTC15M-26OCT042215-15,0.9980,12.79,no
2026-10-05T02:14:00.788865Z,KXBTC15M-26OCT042215-15,0.9980,350.00,no
2026-10-05T02:14:00.815448Z,KXBTC15M-26OCT042215-15,0.9990,3.86,yes
2026-10-05T02:14:00.843074Z,KXBTC15M-26OCT042215-15,0.9990,10.01,yes
2026-10-05T02:14:00.854356Z,KXBTC15M-26OCT042215-15,0.9980,1.00,no
2026-10-05T02:14:00.889309Z,KXBTC15M-26OCT042215-15,0.9980,35.00,no
2026-10-05T02:14:00.899488Z,KXBTC15M-26OCT042215-15,0.9980,247.34,no
2026-10-05T02:14:00.90418Z,KXBTC15M-26OCT042215-15,0.9980,180.24,no
2026-10-05T02:14:00.90418Z,KXBTC15M-26OCT042215-15,0.9980,18.00,no
2026-10-05T02:14:00.90418Z,KXBTC15M-26OCT042215-15,0.9980,30.77,no
2026-10-05T02:14:00.939835Z,KXBTC15M-26OCT042215-15,0.9990,400.00,yes
2026-10-05T02:14:00.983631Z,KXBTC15M-26OCT042215-15,0.9990,108.97,yes
2026-10-05T02:14:01.009806Z,KXBTC15M-26OCT042215-15,0.9980,14.30,no
2026-10-05T02:14:01.009806Z,KXBTC15M-26OCT042215-15,0.9980,214.71,no
2026-10-05T02:14:01.02558Z,KXBTC15M-26OCT042215-15,0.9990,577.00,yes
2026-10-05T02:14:01.056207Z,KXBTC15M-26OCT042215-15,0.9980,355.25,no
2026-10-05T02:14:01.056207Z,KXBTC15M-26OCT042215-15,0.9980,1.46,no
2026-10-05T02:14:01.056207Z,KXBTC15M-26OCT042215-15,0.9980,10.01,no
2026-10-05T02:14:01.056207Z,KXBTC15M-26OCT042215-15,0.9980,10.01,no
2026-10-05T02:14:01.056207Z,KXBTC15M-26OCT042215-15,0.9980,1000.69,no
2026-10-05T02:14:01.101441Z,KXBTC15M-26OCT042215-15,0.9980,127.68,no
2026-10-05T02:14:01.136097Z,KXBTC15M-26OCT042215-15,0.9980,8.55,no
2026-10-05T02:14:01.136097Z,KXBTC15M-26OCT042215-15,0.9980,66.11,no
2026-10-05T02:14:01.136097Z,KXBTC15M-26OCT042215-15,0.9980,5.38,no
2026-10-05T02:14:01.136097Z,KXBTC15M-26OCT042215-15,0.9980,17.53,no
2026-10-05T02:14:01.136097Z,KXBTC15M-26OCT042215-15,0.9980,15.20,no
2026-10-05T02:14:01.136097Z,KXBTC15M-26OCT042215-15,0.9980,16.74,no
2026-10-05T02:14:01.136097Z,KXBTC15M-26OCT042215-15,0.9980,16.47,no
2026-10-05T02:14:01.136097Z,KXBTC15M-26OCT042215-15,0.9980,17.94,no
2026-10-05T02:14:01.16387Z,KXBTC15M-26OCT042215-15,0.9980,18.69,no
2026-10-05T02:14:01.165979Z,KXBTC15M-26OCT042215-15,0.9980,176.38,no
2026-10-05T02:14:01.169025Z,KXBTC15M-26OCT042215-15,0.9980,458.01,no
2026-10-05T02:14:01.1699Z,KXBTC15M-26OCT042215-15,0.9980,24.94,no
2026-10-05T02:14:01.179231Z,KXBTC15M-26OCT042215-15,0.9990,25.67,yes
2026-10-05T02:14:01.240841Z,KXBTC15M-26OCT042215-15,0.9990,5.00,yes
2026-10-05T02:14:01.292546Z,KXBTC15M-26OCT042215-15,0.9990,10.01,yes
2026-10-05T02:14:01.354866Z,KXBTC15M-26OCT042215-15,0.9980,1.79,no
2026-10-05T02:14:01.354866Z,KXBTC15M-26OCT042215-15,0.9980,0.50,no
2026-10-05T02:14:01.354866Z,KXBTC15M-26OCT042215-15,0.9980,50.04,no
2026-10-05T02:14:01.354866Z,KXBTC15M-26OCT042215-15,0.9980,522.62,no
2026-10-05T02:14:01.354866Z,KXBTC15M-26OCT042215-15,0.9980,56.76,no
2026-10-05T02:14:01.354866Z,KXBTC15M-26OCT042215-15,0.9980,4.79,no
2026-10-05T02:14:01.354866Z,KXBTC15M-26OCT042215-15,0.9980,398.61,no
2026-10-05T02:14:01.386377Z,KXBTC15M-26OCT042215-15,0.9990,750.00,yes
2026-10-05T02:14:01.407261Z,KXBTC15M-26OCT042215-15,0.9990,25.02,yes
2026-10-05T02:14:01.414598Z,KXBTC15M-26OCT042215-15,0.9990,250.00,yes
2026-10-05T02:14:01.422592Z,KXBTC15M-26OCT042215-15,0.9990,500.00,yes
2026-10-05T02:14:01.45196Z,KXBTC15M-26OCT042215-15,0.9980,5.93,no
2026-10-05T02:14:01.45196Z,KXBTC15M-26OCT042215-15,0.9980,500.46,no
2026-10-05T02:14:01.45196Z,KXBTC15M-26OCT042215-15,0.9980,1.00,no
2026-10-05T02:14:01.45196Z,KXBTC15M-26OCT042215-15,0.9980,42.16,no
2026-10-05T02:14:01.45196Z,KXBTC15M-26OCT042215-15,0.9980,25.49,no
2026-10-05T02:14:01.45196Z,KXBTC15M-26OCT042215-15,0.9980,694.41,no
2026-10-05T02:14:01.45196Z,KXBTC15M-26OCT042215-15,0.9980,8.78,no
2026-10-05T02:14:01.45196Z,KXBTC15M-26OCT042215-15,0.9980,842.78,no
2026-10-05T02:14:01.45196Z,KXBTC15M-26OCT042215-15,0.9980,50.04,no
2026-10-05T02:14:01.45196Z,KXBTC15M-26OCT042215-15,0.9980,10.01,no
2026-10-05T02:14:01.45196Z,KXBTC15M-26OCT042215-15,0.9980,5.00,no
2026-10-05T02:14:01.45196Z,KXBTC15M-26OCT042215-15,0.9980,0.01,no
2026-10-05T02:14:01.45196Z,KXBTC15M-26OCT042215-15,0.9980,4.53,no
2026-10-05T02:14:01.45196Z,KXBTC15M-26OCT042215-15,0.9980,36.25,no
2026-10-05T02:14:01.45196Z,KXBTC15M-26OCT042215-15,0.9980,63.20,no
2026-10-05T02:14:01.46188Z,KXBTC15M-26OCT042215-15,0.9990,100.00,yes
2026-10-05T02:14:01.526297Z,KXBTC15M-26OCT042215-15,0.9990,0.80,yes
2026-10-05T02:14:01.535941Z,KXBTC15M-26OCT042215-15,0.9990,500.46,yes
2026-10-05T02:14:01.54804Z,KXBTC15M-26OCT042215-15,0.9990,4.69,yes
2026-10-05T02:14:01.578537Z,KXBTC15M-26OCT042215-15,0.9990,5000.00,yes
2026-10-05T02:14:01.725467Z,KXBTC15M-26OCT042215-15,0.9980,30.02,no
2026-10-05T02:14:01.725467Z,KXBTC15M-26OCT042215-15,0.9980,500.46,no
2026-10-05T02:14:01.725467Z,KXBTC15M-26OCT042215-15,0.9980,173.11,no
2026-10-05T02:14:01.725467Z,KXBTC15M-26OCT042215-15,0.9980,2.00,no
2026-10-05T02:14:01.725467Z,KXBTC15M-26OCT042215-15,0.9980,136.96,no
2026-10-05T02:14:01.725467Z,KXBTC15M-26OCT042215-15,0.9980,71.92,no
2026-10-05T02:14:01.725467Z,KXBTC15M-26OCT042215-15,0.9980,20.25,no
2026-10-05T02:14:01.727908Z,KXBTC15M-26OCT042215-15,0.9990,22.02,yes
2026-10-05T02:14:01.762675Z,KXBTC15M-26OCT042215-15,0.9980,1.00,no
2026-10-05T02:14:01.762675Z,KXBTC15M-26OCT042215-15,0.9980,130.23,no
2026-10-05T02:14:01.762675Z,KXBTC15M-26OCT042215-15,0.9980,161.92,no
2026-10-05T02:14:01.775849Z,KXBTC15M-26OCT042215-15,0.9980,0.01,no
2026-10-05T02:14:01.775849Z,KXBTC15M-26OCT042215-15,0.9980,20.01,no
2026-10-05T02:14:01.775849Z,KXBTC15M-26OCT042215-15,0.9980,281.29,no
2026-10-05T02:14:01.775849Z,KXBTC15M-26OCT042215-15,0.9980,2.96,no
2026-10-05T02:14:01.775849Z,KXBTC15M-26OCT042215-15,0.9980,207.70,no
2026-10-05T02:14:01.826114Z,KXBTC15M-26OCT042215-15,0.9980,3.78,no
2026-10-05T02:14:01.830601Z,KXBTC15M-26OCT042215-15,0.9990,69.02,yes
2026-10-05T02:14:01.862519Z,KXBTC15M-26OCT042215-15,0.9990,128.26,yes
2026-10-05T02:14:01.885046Z,KXBTC15M-26OCT042215-15,0.9980,10.00,no
2026-10-05T02:14:01.885046Z,KXBTC15M-26OCT042215-15,0.9980,18.06,no
2026-10-05T02:14:01.885046Z,KXBTC15M-26OCT042215-15,0.9980,167.31,no
2026-10-05T02:14:01.885046Z,KXBTC15M-26OCT042215-15,0.9980,2.64,no
2026-10-05T02:14:01.885046Z,KXBTC15M-26OCT042215-15,0.9980,0.03,no
2026-10-05T02:14:01.885046Z,KXBTC15M-26OCT042215-15,0.9980,188.97,no
2026-10-05T02:14:01.885046Z,KXBTC15M-26OCT042215-15,0.9980,34.00,no
2026-10-05T02:14:01.885046Z,KXBTC15M-26OCT042215-15,0.9980,37.00,no
2026-10-05T02:14:01.897255Z,KXBTC15M-26OCT042215-15,0.9990,1001.00,yes
2026-10-05T02:14:01.951877Z,KXBTC15M-26OCT042215-15,0.9980,3.92,no
2026-10-05T02:14:02.013216Z,KXBTC15M-26OCT042215-15,0.9990,265.00,yes
2026-10-05T02:14:02.01679Z,KXBTC15M-26OCT042215-15,0.9980,342.00,no
2026-10-05T02:14:02.043542Z,KXBTC15M-26OCT042215-15,0.9980,238.17,no
2026-10-05T02:14:02.0722Z,KXBTC15M-26OCT042215-15,0.9980,8.33,no
2026-10-05T02:14:02.075176Z,KXBTC15M-26OCT042215-15,0.9980,458.01,no
2026-10-05T02:14:02.094415Z,KXBTC15M-26OCT042215-15,0.9990,215.81,yes
2026-10-05T02:14:02.145392Z,KXBTC15M-26OCT042215-15,0.9990,10.00,yes
2026-10-05T02:14:02.274832Z,KXBTC15M-26OCT042215-15,0.9990,5.25,yes
2026-10-05T02:14:02.374386Z,KXBTC15M-26OCT042215-15,0.9990,2000.00,yes
2026-10-05T02:14:02.375338Z,KXBTC15M-26OCT042215-15,0.9990,100.00,yes
2026-10-05T02:14:02.377731Z,KXBTC15M-26OCT042215-15,0.9990,1000.00,yes
2026-10-05T02:14:02.378208Z,KXBTC15M-26OCT042215-15,0.9990,1500.00,yes
2026-10-05T02:14:02.417076Z,KXBTC15M-26OCT042215-15,0.9990,500.00,yes
2026-10-05T02:14:02.428261Z,KXBTC15M-26OCT042215-15,0.9980,151.15,no
2026-10-05T02:14:02.461767Z,KXBTC15M-26OCT042215-15,0.9990,0.26,yes
2026-10-05T02:14:02.47589Z,KXBTC15M-26OCT042215-15,0.9990,69.28,yes
2026-10-05T02:14:02.501217Z,KXBTC15M-26OCT042215-15,0.9990,25.02,yes
2026-10-05T02:14:02.710222Z,KXBTC15M-26OCT042215-15,0.9980,0.02,no
2026-10-05T02:14:02.711665Z,KXBTC15M-26OCT042215-15,0.9980,0.02,no
2026-10-05T02:14:02.718974Z,KXBTC15M-26OCT042215-15,0.9990,5266.00,yes
2026-10-05T02:14:02.783294Z,KXBTC15M-26OCT042215-15,0.9980,458.01,no
2026-10-05T02:14:02.785521Z,KXBTC15M-26OCT042215-15,0.9980,9.34,no
2026-10-05T02:14:02.808776Z,KXBTC15M-26OCT042215-15,0.9980,224.34,no
2026-10-05T02:14:02.906272Z,KXBTC15M-26OCT042215-15,0.9990,10.68,yes
2026-10-05T02:14:02.935023Z,KXBTC15M-26OCT042215-15,0.9980,11.00,no
2026-10-05T02:14:02.976031Z,KXBTC15M-26OCT042215-15,0.9990,6860.00,yes
2026-10-05T02:14:03.008959Z,KXBTC15M-26OCT042215-15,0.9980,12.00,no
2026-10-05T02:14:03.022211Z,KXBTC15M-26OCT042215-15,0.9980,54.96,no
2026-10-05T02:14:03.075062Z,KXBTC15M-26OCT042215-15,0.9980,91.62,no
2026-10-05T02:14:03.131822Z,KXBTC15M-26OCT042215-15,0.9990,80.07,yes
2026-10-05T02:14:03.133444Z,KXBTC15M-26OCT042215-15,0.9980,45.00,no
2026-10-05T02:14:03.173474Z,KXBTC15M-26OCT042215-15,0.9990,3303.07,yes
2026-10-05T02:14:03.187014Z,KXBTC15M-26OCT042215-15,0.9980,229.01,no
2026-10-05T02:14:03.216316Z,KXBTC15M-26OCT042215-15,0.9980,458.01,no
2026-10-05T02:14:03.219107Z,KXBTC15M-26OCT042215-15,0.9980,4.59,no
2026-10-05T02:14:03.222008Z,KXBTC15M-26OCT042215-15,0.9990,2.00,yes
2026-10-05T02:14:03.251652Z,KXBTC15M-26OCT042215-15,0.9990,34.28,yes
2026-10-05T02:14:03.258954Z,KXBTC15M-26OCT042215-15,0.9980,108.88,no
2026-10-05T02:14:03.277079Z,KXBTC15M-26OCT042215-15,0.9990,5.00,yes
2026-10-05T02:14:03.356909Z,KXBTC15M-26OCT042215-15,0.9990,10.00,yes
2026-10-05T02:14:03.39453Z,KXBTC15M-26OCT042215-15,0.9990,5.00,yes
2026-10-05T02:14:03.396382Z,KXBTC15M-26OCT042215-15,0.9980,219.85,no
2026-10-05T02:14:03.417311Z,KXBTC15M-26OCT042215-15,0.9990,91.93,yes
2026-10-05T02:14:03.49476Z,KXBTC15M-26OCT042215-15,0.9980,229.01,no
2026-10-05T02:14:03.518692Z,KXBTC15M-26OCT042215-15,0.9990,94.69,yes
2026-10-05T02:14:03.535231Z,KXBTC15M-26OCT042215-15,0.9980,35.95,no
2026-10-05T02:14:03.550767Z,KXBTC15M-26OCT042215-15,0.9990,25000.00,yes
2026-10-05T02:14:03.599652Z,KXBTC15M-26OCT042215-15,0.9990,12.00,yes
2026-10-05T02:14:03.66482Z,KXBTC15M-26OCT042215-15,0.9990,40.03,yes
2026-10-05T02:14:03.707202Z,KXBTC15M-26OCT042215-15,0.9980,5.13,no
2026-10-05T02:14:03.795554Z,KXBTC15M-26OCT042215-15,0.9980,19.32,no
2026-10-05T02:14:03.883723Z,KXBTC15M-26OCT042215-15,0.9980,4580.06,no
2026-10-05T02:14:03.926048Z,KXBTC15M-26OCT042215-15,0.9980,4.17,no
2026-10-05T02:14:03.936811Z,KXBTC15M-26OCT042215-15,0.9990,2001.86,yes
2026-10-05T02:14:03.939137Z,KXBTC15M-26OCT042215-15,0.9990,10.46,yes
2026-10-05T02:14:03.975086Z,KXBTC15M-26OCT042215-15,0.9980,545.23,no
2026-10-05T02:14:03.987861Z,KXBTC15M-26OCT042215-15,0.9990,85.20,yes
2026-10-05T02:14:03.999789Z,KXBTC15M-26OCT042215-15,0.9990,9.66,yes
2026-10-05T02:14:04.032051Z,KXBTC15M-26OCT042215-15,0.9990,4.00,yes
2026-10-05T02:14:04.214121Z,KXBTC15M-26OCT042215-15,0.9990,3686.00,yes
2026-10-05T02:14:04.248089Z,KXBTC15M-26OCT042215-15,0.9980,13.10,no
2026-10-05T02:14:04.284328Z,KXBTC15M-26OCT042215-15,0.9980,458.01,no
2026-10-05T02:14:04.347673Z,KXBTC15M-26OCT042215-15,0.9980,458.01,no
2026-10-05T02:14:04.371883Z,KXBTC15M-26OCT042215-15,0.9990,1060.39,yes
2026-10-05T02:14:04.379654Z,KXBTC15M-26OCT042215-15,0.9990,100.00,yes
2026-10-05T02:14:04.379654Z,KXBTC15M-26OCT042215-15,0.9990,200.00,yes
2026-10-05T02:14:04.379654Z,KXBTC15M-26OCT042215-15,0.9990,7677.61,yes
2026-10-05T02:14:04.379654Z,KXBTC15M-26OCT042215-15,0.9990,20000.00,yes
2026-10-05T02:14:04.379654Z,KXBTC15M-26OCT042215-15,0.9990,200.00,yes
2026-10-05T02:14:04.379654Z,KXBTC15M-26OCT042215-15,0.9990,1.00,yes
2026-10-05T02:14:04.379654Z,KXBTC15M-26OCT042215-15,0.9990,2000.00,yes
2026-10-05T02:14:04.379654Z,KXBTC15M-26OCT042215-15,0.9990,200.00,yes
2026-10-05T02:14:04.379654Z,KXBTC15M-26OCT042215-15,0.9990,100.00,yes
2026-10-05T02:14:04.379654Z,KXBTC15M-26OCT042215-15,0.9990,1.00,yes
2026-10-05T02:14:04.379654Z,KXBTC15M-26OCT042215-15,0.9990,1.00,yes
2026-10-05T02:14:04.379654Z,KXBTC15M-26OCT042215-15,0.9990,3.00,yes
2026-10-05T02:14:04.379654Z,KXBTC15M-26OCT042215-15,0.9990,1.00,yes
2026-10-05T02:14:04.379654Z,KXBTC15M-26OCT042215-15,0.9990,75.00,yes
2026-10-05T02:14:04.379654Z,KXBTC15M-26OCT042215-15,0.9990,75.00,yes
2026-10-05T02:14:04.379654Z,KXBTC15M-26OCT042215-15,0.9990,75.00,yes
2026-10-05T02:14:04.379654Z,KXBTC15M-26OCT042215-15,0.9990,75.00,yes
2026-10-05T02:14:04.379654Z,KXBTC15M-26OCT042215-15,0.9990,75.00,yes
2026-10-05T02:14:04.379654Z,KXBTC15M-26OCT042215-15,0.9990,75.00,yes
2026-10-05T02:14:04.379654Z,KXBTC15M-26OCT042215-15,0.9990,215.87,yes
2026-10-05T02:14:04.379654Z,KXBTC15M-26OCT042215-15,0.9990,0.01,yes
2026-10-05T02:14:04.379654Z,KXBTC15M-26OCT042215-15,0.9990,10.00,yes
2026-10-05T02:14:04.379654Z,KXBTC15M-26OCT042215-15,0.9990,15.00,yes
2026-10-05T02:14:04.379654Z,KXBTC15M-26OCT042215-15,0.9990,0.01,yes
2026-10-05T02:14:04.379654Z,KXBTC15M-26OCT042215-15,0.9990,10.00,yes
2026-10-05T02:14:04.379654Z,KXBTC15M-26OCT042215-15,0.9990,10.00,yes
2026-10-05T02:14:04.379654Z,KXBTC15M-26OCT042215-15,0.9990,35.00,yes
2026-10-05T02:14:04.379654Z,KXBTC15M-26OCT042215-15,0.9990,1228.06,yes
2026-10-05T02:14:04.379654Z,KXBTC15M-26OCT042215-15,0.9990,1896.60,yes
2026-10-05T02:14:04.379654Z,KXBTC15M-26OCT042215-15,0.9990,75.00,yes
2026-10-05T02:14:04.379654Z,KXBTC15M-26OCT042215-15,0.9990,300.00,yes
2026-10-05T02:14:04.379654Z,KXBTC15M-26OCT042215-15,0.9990,2290.11,yes
2026-10-05T02:14:04.379654Z,KXBTC15M-26OCT042215-15,0.9990,3290.29,yes
2026-10-05T02:14:04.379654Z,KXBTC15M-26OCT042215-15,0.9990,500.00,yes
2026-10-05T02:14:04.379654Z,KXBTC15M-26OCT042215-15,0.9990,6.00,yes
2026-10-05T02:14:04.379654Z,KXBTC15M-26OCT042215-15,0.9990,2.00,yes
2026-10-05T02:14:04.379654Z,KXBTC15M-26OCT042215-15,0.9990,6.00,yes
2026-10-05T02:14:04.379654Z,KXBTC15M-26OCT042215-15,0.9990,6.00,yes
2026-10-05T02:14:04.379654Z,KXBTC15M-26OCT042215-15,0.9990,2.00,yes
2026-10-05T02:14:04.379654Z,KXBTC15M-26OCT042215-15,0.9990,2.00,yes
2026-10-05T02:14:04.379654Z,KXBTC15M-26OCT042215-15,0.9990,200.00,yes
2026-10-05T02:14:04.379654Z,KXBTC15M-26OCT042215-15,0.9990,15.00,yes
2026-10-05T02:14:04.379654Z,KXBTC15M-26OCT042215-15,0.9990,50.00,yes
2026-10-05T02:14:04.379654Z,KXBTC15M-26OCT042215-15,0.9990,150.00,yes
2026-10-05T02:14:04.430979Z,KXBTC15M-26OCT042215-15,0.9990,834.93,no
2026-10-05T02:14:04.510055Z,KXBTC15M-26OCT042215-15,0.9990,467.36,no
2026-10-05T02:14:04.540546Z,KXBTC15M-26OCT042215-15,0.9990,474.00,no
2026-10-05T02:14:04.584506Z,KXBTC15M-26OCT042215-15,0.9990,467.36,no
2026-10-05T02:14:04.602177Z,KXBTC15M-26OCT042215-15,0.9990,2.35,no
2026-10-05T02:14:04.6296Z,KXBTC15M-26OCT042215-15,0.9990,233.69,no
2026-10-05T02:14:04.640568Z,KXBTC15M-26OCT042215-15,0.9990,547.83,no
2026-10-05T02:14:04.862923Z,KXBTC15M-26OCT042215-15,0.9990,17.27,no
2026-10-05T02:14:04.967075Z,KXBTC15M-26OCT042215-15,0.9990,93.49,no
2026-10-05T02:14:04.969911Z,KXBTC15M-26OCT042215-15,0.9990,1831.90,no
2026-10-05T02:14:05.021824Z,KXBTC15M-26OCT042215-15,0.9990,1831.90,no
2026-10-05T02:14:05.069015Z,KXBTC15M-26OCT042215-15,0.9990,915.99,no
2026-10-05T02:14:05.431917Z,KXBTC15M-26OCT042215-15,0.9990,1006.05,no
2026-10-05T02:14:05.659174Z,KXBTC15M-26OCT042215-15,0.9990,540.46,no
2026-10-05T02:14:05.690474Z,KXBTC15M-26OCT042215-15,0.9990,1000.00,no
2026-10-05T02:14:05.703381Z,KXBTC15M-26OCT042215-15,0.9990,24.94,no
2026-10-05T02:14:06.053364Z,KXBTC15M-26OCT042215-15,0.9990,277.00,no
2026-10-05T02:14:06.055919Z,KXBTC15M-26OCT042215-15,0.9990,83.29,no
2026-10-05T02:14:06.21352Z,KXBTC15M-26OCT042215-15,0.9990,444.67,no
2026-10-05T02:14:06.300257Z,KXBTC15M-26OCT042215-15,0.9990,373.95,no
2026-10-05T02:14:06.390735Z,KXBTC15M-26OCT042215-15,0.9990,9.20,no
2026-10-05T02:14:06.442004Z,KXBTC15M-26OCT042215-15,0.9990,12.17,no
2026-10-05T02:14:06.462805Z,KXBTC15M-26OCT042215-15,0.9990,16.14,no
2026-10-05T02:14:06.569251Z,KXBTC15M-26OCT042215-15,0.9990,91.62,no
2026-10-05T02:14:06.601154Z,KXBTC15M-26OCT042215-15,0.9990,32.23,no
2026-10-05T02:14:06.658186Z,KXBTC15M-26OCT042215-15,0.9990,178.81,no
2026-10-05T02:14:06.852332Z,KXBTC15M-26OCT042215-15,0.9990,64.18,no
2026-10-05T02:14:06.900678Z,KXBTC15M-26OCT042215-15,0.9990,91.62,no
2026-10-05T02:14:06.937238Z,KXBTC15M-26OCT042215-15,0.9990,897.30,no
2026-10-05T02:14:06.995857Z,KXBTC15M-26OCT042215-15,0.9990,8.51,no
2026-10-05T02:14:07.032486Z,KXBTC15M-26OCT042215-15,0.9990,3.09,no
2026-10-05T02:14:07.070861Z,KXBTC15M-26OCT042215-15,0.9990,47.14,no
2026-10-05T02:14:07.133287Z,KXBTC15M-26OCT042215-15,0.9990,25.59,no
2026-10-05T02:14:07.208357Z,KXBTC15M-26OCT042215-15,0.9990,13739.29,no
2026-10-05T02:14:07.323745Z,KXBTC15M-26OCT042215-15,0.9990,76.00,no
2026-10-05T02:14:07.386496Z,KXBTC15M-26OCT042215-15,0.9990,91.62,no
2026-10-05T02:14:07.527525Z,KXBTC15M-26OCT042215-15,0.9990,897.30,no
2026-10-05T02:14:07.528393Z,KXBTC15M-26OCT042215-15,0.9990,0.66,no
2026-10-05T02:14:07.533311Z,KXBTC15M-26OCT042215-15,0.9990,1831.90,no
2026-10-05T02:14:07.639413Z,KXBTC15M-26OCT042215-15,0.9990,915.99,no
2026-10-05T02:14:07.666676Z,KXBTC15M-26OCT042215-15,0.9990,1.00,no
2026-10-05T02:14:07.673163Z,KXBTC15M-26OCT042215-15,0.9990,1.03,no
2026-10-05T02:14:07.696007Z,KXBTC15M-26OCT042215-15,0.9990,2.03,no
2026-10-05T02:14:07.921905Z,KXBTC15M-26OCT042215-15,0.9990,5.10,no
2026-10-05T02:14:08.014453Z,KXBTC15M-26OCT042215-15,0.9990,37.00,no
2026-10-05T02:14:08.01779Z,KXBTC15M-26OCT042215-15,0.9990,9159.55,no
2026-10-05T02:14:08.262627Z,KXBTC15M-26OCT042215-15,0.9990,126.26,no
2026-10-05T02:14:08.269569Z,KXBTC15M-26OCT042215-15,0.9990,130.00,no
2026-10-05T02:14:08.374319Z,KXBTC15M-26OCT042215-15,0.9990,34.04,no
2026-10-05T02:14:08.410805Z,KXBTC15M-26OCT042215-15,0.9990,5.00,no
2026-10-05T02:14:08.428172Z,KXBTC15M-26OCT042215-15,0.9990,4673.54,no
2026-10-05T02:14:08.439841Z,KXBTC15M-26OCT042215-15,0.9990,23.00,no
2026-10-05T02:14:08.447693Z,KXBTC15M-26OCT042215-15,0.9990,897.30,no
2026-10-05T02:14:08.532528Z,KXBTC15M-26OCT042215-15,0.9990,10.45,no
2026-10-05T02:14:08.614525Z,KXBTC15M-26OCT042215-15,0.9990,16.02,no
2026-10-05T02:14:08.713954Z,KXBTC15M-26OCT042215-15,0.9990,915.99,no
2026-10-05T02:14:08.900973Z,KXBTC15M-26OCT042215-15,0.9990,915.99,no
2026-10-05T02:14:08.92649Z,KXBTC15M-26OCT042215-15,0.9990,197.46,no
2026-10-05T02:14:08.930801Z,KXBTC15M-26OCT042215-15,0.9990,915.99,no
2026-10-05T02:14:08.979267Z,KXBTC15M-26OCT042215-15,0.9990,915.99,no
2026-10-05T02:14:08.99532Z,KXBTC15M-26OCT042215-15,0.9990,159.90,no
2026-10-05T02:14:09.015749Z,KXBTC15M-26OCT042215-15,0.9990,915.99,no
2026-10-05T02:14:09.110595Z,KXBTC15M-26OCT042215-15,0.9990,4579.77,no
2026-10-05T02:14:09.189351Z,KXBTC15M-26OCT042215-15,0.9990,3841.30,no
2026-10-05T02:14:09.218297Z,KXBTC15M-26OCT042215-15,0.9990,490.91,no
2026-10-05T02:14:09.409722Z,KXBTC15M-26OCT042215-15,0.9990,285.00,no
2026-10-05T02:14:09.46856Z,KXBTC15M-26OCT042215-15,0.9990,411.90,no
2026-10-05T02:14:09.472568Z,KXBTC15M-26OCT042215-15,0.9990,890.00,no
2026-10-05T02:14:09.47557Z,KXBTC15M-26OCT042215-15,0.9990,223.00,no
2026-10-05T02:14:09.740098Z,KXBTC15M-26OCT042215-15,0.9990,27.27,no
2026-10-05T02:14:09.751717Z,KXBTC15M-26OCT042215-15,0.9990,64.00,no
2026-10-05T02:14:09.789786Z,KXBTC15M-26OCT042215-15,0.9990,52.00,no
2026-10-05T02:14:09.816633Z,KXBTC15M-26OCT042215-15,0.9990,670.00,no
2026-10-05T02:14:09.830929Z,KXBTC15M-26OCT042215-15,0.9990,1.19,no
2026-10-05T02:14:09.862879Z,KXBTC15M-26OCT042215-15,0.9990,146.59,no
2026-10-05T02:14:09.994323Z,KXBTC15M-26OCT042215-15,0.9990,22.88,no
2026-10-05T02:14:10.19057Z,KXBTC15M-26OCT042215-15,0.9990,5.18,no
2026-10-05T02:14:10.212697Z,KXBTC15M-26OCT042215-15,0.9990,915.99,no
2026-10-05T02:14:10.235874Z,KXBTC15M-26OCT042215-15,0.9990,91.62,no
2026-10-05T02:14:10.259464Z,KXBTC15M-26OCT042215-15,0.9990,0.58,no
2026-10-05T02:14:10.281154Z,KXBTC15M-26OCT042215-15,0.9990,2.00,no
2026-10-05T02:14:10.335568Z,KXBTC15M-26OCT042215-15,0.9990,105.00,no
2026-10-05T02:14:10.360049Z,KXBTC15M-26OCT042215-15,0.9990,628.74,no
2026-10-05T02:14:10.40433Z,KXBTC15M-26OCT042215-15,0.9990,300.00,no
2026-10-05T02:14:10.461156Z,KXBTC15M-26OCT042215-15,0.9990,592.00,no
2026-10-05T02:14:10.527385Z,KXBTC15M-26OCT042215-15,0.9990,10.30,no
2026-10-05T02:14:10.530847Z,KXBTC15M-26OCT042215-15,0.9990,11.89,no
2026-10-05T02:14:10.574832Z,KXBTC15M-26OCT042215-15,0.9990,833.45,no
2026-10-05T02:14:10.647531Z,KXBTC15M-26OCT042215-15,0.9990,14.00,no
2026-10-05T02:14:10.764281Z,KXBTC15M-26OCT042215-15,0.9990,9.01,no
2026-10-05T02:14:10.774929Z,KXBTC15M-26OCT042215-15,0.9990,5.61,no
2026-10-05T02:14:10.976204Z,KXBTC15M-26OCT042215-15,0.9990,513.27,no
2026-10-05T02:14:11.013415Z,KXBTC15M-26OCT042215-15,0.9990,26.83,no
2026-10-05T02:14:11.044393Z,KXBTC15M-26OCT042215-15,0.9990,91.62,no
2026-10-05T02:14:11.168885Z,KXBTC15M-26OCT042215-15,0.9990,915.99,no
2026-10-05T02:14:11.260379Z,KXBTC15M-26OCT042215-15,0.9990,7.22,no
2026-10-05T02:14:11.268637Z,KXBTC15M-26OCT042215-15,0.9990,9.41,no
2026-10-05T02:14:11.314412Z,KXBTC15M-26OCT042215-15,0.9990,1831.90,no
2026-10-05T02:14:11.404193Z,KXBTC15M-26OCT042215-15,0.9990,183.25,no
2026-10-05T02:14:11.451764Z,KXBTC15M-26OCT042215-15,0.9990,200.00,no
2026-10-05T02:14:11.466119Z,KXBTC15M-26OCT042215-15,0.9990,915.99,no
2026-10-05T02:14:11.532965Z,KXBTC15M-26OCT042215-15,0.9990,302.32,no
2026-10-05T02:14:11.721163Z,KXBTC15M-26OCT042215-15,0.9990,915.99,no
2026-10-05T02:14:11.956322Z,KXBTC15M-26OCT042215-15,0.9990,75.97,no
2026-10-05T02:14:12.081935Z,KXBTC15M-26OCT042215-15,0.9990,6.02,no
2026-10-05T02:14:12.189039Z,KXBTC15M-26OCT042215-15,0.9990,5.91,no
2026-10-05T02:14:12.264275Z,KXBTC15M-26OCT042215-15,0.9990,22.07,no
2026-10-05T02:14:12.297032Z,KXBTC15M-26OCT042215-15,0.9990,110.39,no
2026-10-05T02:14:12.394846Z,KXBTC15M-26OCT042215-15,0.9990,18319.03,no
2026-10-05T02:14:12.399615Z,KXBTC15M-26OCT042215-15,0.9990,5495.73,no
2026-10-05T02:14:12.414635Z,KXBTC15M-26OCT042215-15,0.9990,0.02,no
2026-10-05T02:14:12.483363Z,KXBTC15M-26OCT042215-15,0.9990,904.00,no
2026-10-05T02:14:12.486888Z,KXBTC15M-26OCT042215-15,0.9990,36.64,no
2026-10-05T02:14:12.658182Z,KXBTC15M-26OCT042215-15,0.9990,915.99,no
2026-10-05T02:14:12.82137Z,KXBTC15M-26OCT042215-15,0.9990,21.13,no
2026-10-05T02:14:12.843144Z,KXBTC15M-26OCT042215-15,0.9990,2.97,no
2026-10-05T02:14:12.885954Z,KXBTC15M-26OCT042215-15,0.9990,915.99,no
2026-10-05T02:14:12.922172Z,KXBTC15M-26OCT042215-15,0.9990,17.69,no
2026-10-05T02:14:13.04395Z,KXBTC15M-26OCT042215-15,0.9990,18.00,no
2026-10-05T02:14:13.069733Z,KXBTC15M-26OCT042215-15,0.9990,897.30,no
2026-10-05T02:14:13.085024Z,KXBTC15M-26OCT042215-15,0.9990,1134.76,no
2026-10-05T02:14:13.194197Z,KXBTC15M-26OCT042215-15,0.9990,915.99,no
2026-10-05T02:14:13.279435Z,KXBTC15M-26OCT042215-15,0.9990,2.24,no
2026-10-05T02:14:13.288124Z,KXBTC15M-26OCT042215-15,0.9990,30.00,no
2026-10-05T02:14:13.327181Z,KXBTC15M-26OCT042215-15,0.9990,175.46,no
2026-10-05T02:14:13.33395Z,KXBTC15M-26OCT042215-15,0.9990,934.69,no
2026-10-05T02:14:13.337073Z,KXBTC15M-26OCT042215-15,0.9990,343.23,no
2026-10-05T02:14:13.469319Z,KXBTC15M-26OCT042215-15,0.9990,458.04,no
2026-10-05T02:14:13.62007Z,KXBTC15M-26OCT042215-15,0.9990,10.25,no
2026-10-05T02:14:13.622491Z,KXBTC15M-26OCT042215-15,0.9990,91.62,no
2026-10-05T02:14:13.747513Z,KXBTC15M-26OCT042215-15,0.9990,915.99,no
2026-10-05T02:14:13.779563Z,KXBTC15M-26OCT042215-15,0.9990,915.99,no
2026-10-05T02:14:13.795141Z,KXBTC15M-26OCT042215-15,0.9990,4.92,no
2026-10-05T02:14:13.828009Z,KXBTC15M-26OCT042215-15,0.9990,1.03,no
2026-10-05T02:14:13.941593Z,KXBTC15M-26OCT042215-15,0.9990,1402.08,no
2026-10-05T02:14:13.999363Z,KXBTC15M-26OCT042215-15,0.9990,7.00,no
2026-10-05T02:14:14.013395Z,KXBTC15M-26OCT042215-15,0.9990,915.99,no
2026-10-05T02:14:14.169223Z,KXBTC15M-26OCT042215-15,0.9990,0.02,no
2026-10-05T02:14:14.29018Z,KXBTC15M-26OCT042215-15,0.9990,1831.90,no
2026-10-05T02:14:14.301954Z,KXBTC15M-26OCT042215-15,0.9990,91.62,no
2026-10-05T02:14:14.33251Z,KXBTC15M-26OCT042215-15,0.9990,915.99,no
2026-10-05T02:14:14.346751Z,KXBTC15M-26OCT042215-15,0.9990,24.58,no
2026-10-05T02:14:14.376785Z,KXBTC15M-26OCT042215-15,0.9990,280.39,no
2026-10-05T02:14:14.446217Z,KXBTC15M-26OCT042215-15,0.9990,2336.79,no
2026-10-05T02:14:14.506733Z,KXBTC15M-26OCT042215-15,0.9990,20.38,no
2026-10-05T02:14:14.506733Z,KXBTC15M-26OCT042215-15,0.9990,20.00,no
2026-10-05T02:14:14.506733Z,KXBTC15M-26OCT042215-15,0.9990,32.00,no
2026-10-05T02:14:14.506733Z,KXBTC15M-26OCT042215-15,0.9990,11.00,no
2026-10-05T02:14:14.506733Z,KXBTC15M-26OCT042215-15,0.9990,51.81,no
2026-10-05T02:14:14.506733Z,KXBTC15M-26OCT042215-15,0.9990,92.44,no
2026-10-05T02:14:14.506733Z,KXBTC15M-26OCT042215-15,0.9990,1097.63,no
2026-10-05T02:14:14.506733Z,KXBTC15M-26OCT042215-15,0.9990,91.93,no
2026-10-05T02:14:14.506733Z,KXBTC15M-26OCT042215-15,0.9990,85.20,no
2026-10-05T02:14:14.506733Z,KXBTC15M-26OCT042215-15,0.9990,34.28,no
2026-10-05T02:14:14.506733Z,KXBTC15M-26OCT042215-15,0.9990,12.00,no
2026-10-05T02:14:14.506733Z,KXBTC15M-26OCT042215-15,0.9990,25.02,no
2026-10-05T02:14:14.506733Z,KXBTC15M-26OCT042215-15,0.9990,69.28,no
2026-10-05T02:14:14.506733Z,KXBTC15M-26OCT042215-15,0.9990,25.67,no
2026-10-05T02:14:14.506733Z,KXBTC15M-26OCT042215-15,0.9990,25.02,no
2026-10-05T02:14:14.506733Z,KXBTC15M-26OCT042215-15,0.9990,22.02,no
2026-10-05T02:14:14.506733Z,KXBTC15M-26OCT042215-15,0.9990,16.22,no
2026-10-05T02:14:14.506733Z,KXBTC15M-26OCT042215-15,0.9990,100.00,no
2026-10-05T02:14:14.898389Z,KXBTC15M-26OCT042215-15,0.9990,100.00,no
2026-10-05T02:14:14.898389Z,KXBTC15M-26OCT042215-15,0.9990,200.18,no
2026-10-05T02:14:14.898389Z,KXBTC15M-26OCT042215-15,0.9990,169.62,no
2026-10-05T02:14:14.898389Z,KXBTC15M-26OCT042215-15,0.9990,40.03,no
2026-10-05T02:14:14.898389Z,KXBTC15M-26OCT042215-15,0.9990,80.07,no
2026-10-05T02:14:14.898389Z,KXBTC15M-26OCT042215-15,0.9990,60.45,no
2026-10-05T02:14:14.898389Z,KXBTC15M-26OCT042215-15,0.9990,100.00,no
2026-10-05T02:14:14.898389Z,KXBTC15M-26OCT042215-15,0.9990,10.68,no
2026-10-05T02:14:14.898389Z,KXBTC15M-26OCT042215-15,0.9990,108.97,no
2026-10-05T02:14:14.910104Z,KXBTC15M-26OCT042215-15,0.9990,20.01,no
2026-10-05T02:14:14.910104Z,KXBTC15M-26OCT042215-15,0.9990,10.46,no
2026-10-05T02:14:14.910104Z,KXBTC15M-26OCT042215-15,0.9990,155.36,no
2026-10-05T02:14:14.910104Z,KXBTC15M-26OCT042215-15,0.9990,500.46,no
2026-10-05T02:14:14.910104Z,KXBTC15M-26OCT042215-15,0.9990,313.71,no
2026-10-05T02:14:14.963073Z,KXBTC15M-26OCT042215-15,0.9990,51.09,no
2026-10-05T02:14:14.973536Z,KXBTC15M-26OCT042215-15,0.9990,10.22,no
2026-10-05T02:14:15.021611Z,KXBTC15M-26OCT042215-15,0.9990,47.21,no
2026-10-05T02:14:15.021611Z,KXBTC15M-26OCT042215-15,0.9990,20.57,no
2026-10-05T02:14:15.021611Z,KXBTC15M-26OCT042215-15,0.9990,24.98,no
2026-10-05T02:14:15.058435Z,KXBTC15M-26OCT042215-15,0.9990,1831.90,no
2026-10-05T02:14:15.066994Z,KXBTC15M-26OCT042215-15,0.9990,1150.32,no
2026-10-05T02:14:15.066994Z,KXBTC15M-26OCT042215-15,0.9990,342.68,no
2026-10-05T02:14:15.066994Z,KXBTC15M-26OCT042215-15,0.9990,100.00,no
2026-10-05T02:14:15.088797Z,KXBTC15M-26OCT042215-15,0.9990,9.66,no
2026-10-05T02:14:15.149502Z,KXBTC15M-26OCT042215-15,0.9990,29.76,no
2026-10-05T02:14:15.26627Z,KXBTC15M-26OCT042215-15,0.9990,48.09,no
2026-10-05T02:14:15.26627Z,KXBTC15M-26OCT042215-15,0.9990,750.00,no
2026-10-05T02:14:15.26627Z,KXBTC15M-26OCT042215-15,0.9990,117.90,no
2026-10-05T02:14:15.345689Z,KXBTC15M-26OCT042215-15,0.9990,100.00,no
2026-10-05T02:14:15.39246Z,KXBTC15M-26OCT042215-15,0.9990,50.00,no
2026-10-05T02:14:16.127789Z,KXBTC15M-26OCT042215-15,0.9990,500.00,no
2026-10-05T02:14:16.207686Z,KXBTC15M-26OCT042215-15,0.9990,231.02,no
2026-10-05T02:14:16.470595Z,KXBTC15M-26OCT042215-15,0.9990,458.04,no
2026-10-05T02:14:16.512622Z,KXBTC15M-26OCT042215-15,0.9990,366.41,no
2026-10-05T02:14:16.773971Z,KXBTC15M-26OCT042215-15,0.9990,467.39,no
2026-10-05T02:14:16.859982Z,KXBTC15M-26OCT042215-15,0.9990,91.62,no
2026-10-05T02:14:17.059626Z,KXBTC15M-26OCT042215-15,0.9990,10.88,no
2026-10-05T02:14:17.083664Z,KXBTC15M-26OCT042215-15,0.9990,192.36,no
2026-10-05T02:14:17.100047Z,KXBTC15M-26OCT042215-15,0.9990,951.24,no
2026-10-05T02:14:17.353545Z,KXBTC15M-26OCT042215-15,0.9990,12.81,no
2026-10-05T02:14:17.479572Z,KXBTC15M-26OCT042215-15,0.9990,915.99,no
2026-10-05T02:14:17.578806Z,KXBTC15M-26OCT042215-15,0.9990,173.32,no
2026-10-05T02:14:17.629023Z,KXBTC15M-26OCT042215-15,0.9990,19.36,no
2026-10-05T02:14:17.635061Z,KXBTC15M-26OCT042215-15,0.9990,677.47,no
2026-10-05T02:14:17.635061Z,KXBTC15M-26OCT042215-15,0.9990,380.53,no
2026-10-05T02:14:17.695698Z,KXBTC15M-26OCT042215-15,0.9990,1869.29,no
2026-10-05T02:14:17.783907Z,KXBTC15M-26OCT042215-15,0.9990,915.99,no
2026-10-05T02:14:17.803256Z,KXBTC15M-26OCT042215-15,0.9990,91.62,no
2026-10-05T02:14:17.954148Z,KXBTC15M-26OCT042215-15,0.9990,1000.00,no
2026-10-05T02:14:18.118179Z,KXBTC15M-26OCT042215-15,0.9990,400.00,no
2026-10-05T02:14:18.118179Z,KXBTC15M-26OCT042215-15,0.9990,5095.06,no
2026-10-05T02:14:18.118179Z,KXBTC15M-26OCT042215-15,0.9990,4000.00,no
2026-10-05T02:14:18.118179Z,KXBTC15M-26OCT042215-15,0.9990,1780.99,no
2026-10-05T02:14:18.118179Z,KXBTC15M-26OCT042215-15,0.9990,69.02,no
2026-10-05T02:14:18.118179Z,KXBTC15M-26OCT042215-15,0.9990,2394.22,no
2026-10-05T02:14:18.178457Z,KXBTC15M-26OCT042215-15,0.9990,183.49,no
2026-10-05T02:14:18.316014Z,KXBTC15M-26OCT042215-15,0.9990,915.99,no
2026-10-05T02:14:18.404487Z,KXBTC15M-26OCT042215-15,0.9990,128.07,no
2026-10-05T02:14:18.519358Z,KXBTC15M-26OCT042215-15,0.9990,94.76,no
2026-10-05T02:14:18.578268Z,KXBTC15M-26OCT042215-15,0.9990,44.00,no
2026-10-05T02:14:18.708811Z,KXBTC15M-26OCT042215-15,0.9990,183.25,no
2026-10-05T02:14:18.764937Z,KXBTC15M-26OCT042215-15,0.9990,68.64,no
2026-10-05T02:14:18.885602Z,KXBTC15M-26OCT042215-15,0.9990,2.49,no
2026-10-05T02:14:19.01701Z,KXBTC15M-26OCT042215-15,0.9990,94.69,no
2026-10-05T02:14:19.01701Z,KXBTC15M-26OCT042215-15,0.9990,536.98,no
2026-10-05T02:14:19.01701Z,KXBTC15M-26OCT042215-15,0.9990,284.32,no
2026-10-05T02:14:19.34229Z,KXBTC15M-26OCT042215-15,0.9990,605.34,no
2026-10-05T02:14:19.600662Z,KXBTC15M-26OCT042215-15,0.9990,89.75,no
2026-10-05T02:14:19.715924Z,KXBTC15M-26OCT042215-15,0.9990,45.85,no
2026-10-05T02:14:19.821667Z,KXBTC15M-26OCT042215-15,0.9990,21.43,no
2026-10-05T02:14:20.44046Z,KXBTC15M-26OCT042215-15,0.9990,26.88,no
2026-10-05T02:14:20.628336Z,KXBTC15M-26OCT042215-15,0.9990,10.17,no
2026-10-05T02:14:20.677924Z,KXBTC15M-26OCT042215-15,0.9990,5.63,no
2026-10-05T02:14:20.819073Z,KXBTC15M-26OCT042215-15,0.9990,322.00,no
2026-10-05T02:14:20.893167Z,KXBTC15M-26OCT042215-15,0.9990,100.00,no
2026-10-05T02:14:20.957774Z,KXBTC15M-26OCT042215-15,0.9990,915.99,no
2026-10-05T02:14:21.029513Z,KXBTC15M-26OCT042215-15,0.9990,1192.05,no
2026-10-05T02:14:21.029513Z,KXBTC15M-26OCT042215-15,0.9990,319.98,no
2026-10-05T02:14:21.029513Z,KXBTC15M-26OCT042215-15,0.9990,319.87,no
2026-10-05T02:14:21.043342Z,KXBTC15M-26OCT042215-15,0.9990,45.85,no
2026-10-05T02:14:21.26156Z,KXBTC15M-26OCT042215-15,0.9990,47.14,no
2026-10-05T02:14:21.504148Z,KXBTC15M-26OCT042215-15,0.9990,91.62,no
2026-10-05T02:14:21.85248Z,KXBTC15M-26OCT042215-15,0.9990,18.69,no
2026-10-05T02:14:21.890219Z,KXBTC15M-26OCT042215-15,0.9990,1.90,no
2026-10-05T02:14:21.957735Z,KXBTC15M-26OCT042215-15,0.9990,19.41,no
2026-10-05T02:14:22.033653Z,KXBTC15M-26OCT042215-15,0.9990,27.14,no
2026-10-05T02:14:22.072095Z,KXBTC15M-26OCT042215-15,0.9990,0.29,no
2026-10-05T02:14:22.363959Z,KXBTC15M-26OCT042215-15,0.9990,144.00,no
2026-10-05T02:14:22.373556Z,KXBTC15M-26OCT042215-15,0.9990,2.24,no
2026-10-05T02:14:22.382769Z,KXBTC15M-26OCT042215-15,0.9990,3.02,no
2026-10-05T02:14:22.581011Z,KXBTC15M-26OCT042215-15,0.9990,25.84,no
2026-10-05T02:14:22.586218Z,KXBTC15M-26OCT042215-15,0.9990,21.57,no
2026-10-05T02:14:22.601835Z,KXBTC15M-26OCT042215-15,0.9990,2001.86,no
2026-10-05T02:14:22.601835Z,KXBTC15M-26OCT042215-15,0.9990,122.75,no
2026-10-05T02:14:22.601835Z,KXBTC15M-26OCT042215-15,0.9990,2455.16,no
2026-10-05T02:14:22.622546Z,KXBTC15M-26OCT042215-15,0.9990,500.00,no
2026-10-05T02:14:22.667545Z,KXBTC15M-26OCT042215-15,0.9990,888.80,no
2026-10-05T02:14:22.667545Z,KXBTC15M-26OCT042215-15,0.9990,265.00,no
2026-10-05T02:14:22.667545Z,KXBTC15M-26OCT042215-15,0.9990,377.25,no
2026-10-05T02:14:22.667545Z,KXBTC15M-26OCT042215-15,0.9990,2759.20,no
2026-10-05T02:14:22.667545Z,KXBTC15M-26OCT042215-15,0.9990,1004.81,no
2026-10-05T02:14:22.737163Z,KXBTC15M-26OCT042215-15,0.9990,9.20,no
2026-10-05T02:14:22.74469Z,KXBTC15M-26OCT042215-15,0.9990,91.62,no
2026-10-05T02:14:22.772595Z,KXBTC15M-26OCT042215-15,0.9990,420.47,no
2026-10-05T02:14:22.825549Z,KXBTC15M-26OCT042215-15,0.9990,270.26,no
2026-10-05T02:14:22.825549Z,KXBTC15M-26OCT042215-15,0.9990,645.73,no
2026-10-05T02:14:22.916689Z,KXBTC15M-26OCT042215-15,0.9990,15.71,no
2026-10-05T02:14:23.049442Z,KXBTC15M-26OCT042215-15,0.9990,1.06,no
2026-10-05T02:14:23.074533Z,KXBTC15M-26OCT042215-15,0.9990,5.05,no
2026-10-05T02:14:23.08499Z,KXBTC15M-26OCT042215-15,0.9990,207.27,no
2026-10-05T02:14:23.296998Z,KXBTC15M-26OCT042215-15,0.9990,0.65,no
2026-10-05T02:14:23.296998Z,KXBTC15M-26OCT042215-15,0.9990,31.35,no
2026-10-05T02:14:23.316544Z,KXBTC15M-26OCT042215-15,0.9990,26.30,no
2026-10-05T02:14:23.338519Z,KXBTC15M-26OCT042215-15,0.9990,5280.27,no
2026-10-05T02:14:23.338519Z,KXBTC15M-26OCT042215-15,0.9990,1942.35,no
2026-10-05T02:14:23.338519Z,KXBTC15M-26OCT042215-15,0.9990,1500.00,no
2026-10-05T02:14:23.338519Z,KXBTC15M-26OCT042215-15,0.9990,250.00,no
2026-10-05T02:14:23.433236Z,KXBTC15M-26OCT042215-15,0.9990,1.70,no
2026-10-05T02:14:23.445409Z,KXBTC15M-26OCT042215-15,0.9990,458.04,no
2026-10-05T02:14:23.576262Z,KXBTC15M-26OCT042215-15,0.9990,797.05,no
2026-10-05T02:14:23.91312Z,KXBTC15M-26OCT042215-15,0.9990,20.74,no
2026-10-05T02:14:23.948225Z,KXBTC15M-26OCT042215-15,0.9990,55.39,no
2026-10-05T02:14:24.06417Z,KXBTC15M-26OCT042215-15,0.9990,13.17,no
2026-10-05T02:14:24.152752Z,KXBTC15M-26OCT042215-15,0.9990,24.36,no
2026-10-05T02:14:24.200624Z,KXBTC15M-26OCT042215-15,0.9990,91.62,no
2026-10-05T02:14:24.269741Z,KXBTC15M-26OCT042215-15,0.9990,0.26,no
2026-10-05T02:14:24.291458Z,KXBTC15M-26OCT042215-15,0.9990,19.03,no
2026-10-05T02:14:24.357023Z,KXBTC15M-26OCT042215-15,0.9990,85.70,no
2026-10-05T02:14:24.371231Z,KXBTC15M-26OCT042215-15,0.9990,448.83,no
2026-10-05T02:14:24.398118Z,KXBTC15M-26OCT042215-15,0.9990,930.00,no
2026-10-05T02:14:24.399671Z,KXBTC15M-26OCT042215-15,0.9990,0.01,no
2026-10-05T02:14:24.429776Z,KXBTC15M-26OCT042215-15,0.9990,21.17,no
2026-10-05T02:14:24.480742Z,KXBTC15M-26OCT042215-15,0.9990,80.73,no
2026-10-05T02:14:24.791292Z,KXBTC15M-26OCT042215-15,0.9990,897.30,no
2026-10-05T02:14:24.897041Z,KXBTC15M-26OCT042215-15,0.9990,11.00,no
2026-10-05T02:14:24.906672Z,KXBTC15M-26OCT042215-15,0.9990,6.63,no
2026-10-05T02:14:24.908922Z,KXBTC15M-26OCT042215-15,0.9990,915.99,no
2026-10-05T02:14:25.102732Z,KXBTC15M-26OCT042215-15,0.9990,91.62,no
2026-10-05T02:14:25.18453Z,KXBTC15M-26OCT042215-15,0.9990,1020.30,no
2026-10-05T02:14:25.221377Z,KXBTC15M-26OCT042215-15,0.9990,915.99,no
2026-10-05T02:14:25.448939Z,KXBTC15M-26OCT042215-15,0.9990,144.92,no
2026-10-05T02:14:25.695206Z,KXBTC15M-26OCT042215-15,0.9990,32.00,no
2026-10-05T02:14:25.876128Z,KXBTC15M-26OCT042215-15,0.9990,8972.62,no
2026-10-05T02:14:25.912028Z,KXBTC15M-26OCT042215-15,0.9990,9.20,no
2026-10-05T02:14:25.987755Z,KXBTC15M-26OCT042215-15,0.9990,24.71,no
2026-10-05T02:14:26.059775Z,KXBTC15M-26OCT042215-15,0.9990,915.99,no
2026-10-05T02:14:26.195005Z,KXBTC15M-26OCT042215-15,0.9990,410.41,no
2026-10-05T02:14:26.195005Z,KXBTC15M-26OCT042215-15,0.9990,1603.15,no
2026-10-05T02:14:26.195005Z,KXBTC15M-26OCT042215-15,0.9990,128.26,no
2026-10-05T02:14:26.195005Z,KXBTC15M-26OCT042215-15,0.9990,1001.00,no
2026-10-05T02:14:26.195005Z,KXBTC15M-26OCT042215-15,0.9990,3303.07,no
2026-10-05T02:14:26.195005Z,KXBTC15M-26OCT042215-15,0.9990,2713.66,no
2026-10-05T02:14:26.290901Z,KXBTC15M-26OCT042215-15,0.9990,1860.56,no
2026-10-05T02:14:26.526969Z,KXBTC15M-26OCT042215-15,0.9990,309.22,no
2026-10-05T02:14:26.56441Z,KXBTC15M-26OCT042215-15,0.9990,233.69,no
2026-10-05T02:14:26.572763Z,KXBTC15M-26OCT042215-15,0.9990,229.40,no
2026-10-05T02:14:26.800817Z,KXBTC15M-26OCT042215-15,0.9990,763.98,no
2026-10-05T02:14:26.800817Z,KXBTC15M-26OCT042215-15,0.9990,152.01,no
2026-10-05T02:14:26.911555Z,KXBTC15M-26OCT042215-15,0.9990,91.62,no
2026-10-05T02:14:27.141384Z,KXBTC15M-26OCT042215-15,0.9990,219.90,no
2026-10-05T02:14:27.149357Z,KXBTC15M-26OCT042215-15,0.9990,229.01,no
2026-10-05T02:14:27.179428Z,KXBTC15M-26OCT042215-15,0.9990,100.00,no
2026-10-05T02:14:27.318904Z,KXBTC15M-26OCT042215-15,0.9990,3.67,no
2026-10-05T02:14:27.403041Z,KXBTC15M-26OCT042215-15,0.9990,93.84,no
2026-10-05T02:14:27.556812Z,KXBTC15M-26OCT042215-15,0.9990,91.62,no
2026-10-05T02:14:27.896907Z,KXBTC15M-26OCT042215-15,0.9990,148.72,no
2026-10-05T02:14:28.14787Z,KXBTC15M-26OCT042215-15,0.9990,91.62,no
2026-10-05T02:14:28.180407Z,KXBTC15M-26OCT042215-15,0.9990,348.56,no
2026-10-05T02:14:28.193373Z,KXBTC15M-26OCT042215-15,0.9990,458.04,no
2026-10-05T02:14:28.393603Z,KXBTC15M-26OCT042215-15,0.9990,1001.00,no
2026-10-05T02:14:28.393603Z,KXBTC15M-26OCT042215-15,0.9990,577.00,no
2026-10-05T02:14:28.393603Z,KXBTC15M-26OCT042215-15,0.9990,4831.39,no
2026-10-05T02:14:28.393603Z,KXBTC15M-26OCT042215-15,0.9990,7677.61,no
2026-10-05T02:14:28.393603Z,KXBTC15M-26OCT042215-15,0.9990,1060.39,no
2026-10-05T02:14:28.393603Z,KXBTC15M-26OCT042215-15,0.9990,8218.70,no
2026-10-05T02:14:28.461895Z,KXBTC15M-26OCT042215-15,0.9990,5.28,no
2026-10-05T02:14:28.541415Z,KXBTC15M-26OCT042215-15,0.9990,527.01,no
2026-10-05T02:14:28.793192Z,KXBTC15M-26OCT042215-15,0.9990,3519.19,no
2026-10-05T02:14:28.793192Z,KXBTC15M-26OCT042215-15,0.9990,1060.58,no
2026-10-05T02:14:28.883122Z,KXBTC15M-26OCT042215-15,0.9990,205.55,no
2026-10-05T02:14:28.980226Z,KXBTC15M-26OCT042215-15,0.9990,1.36,no
2026-10-05T02:14:29.158124Z,KXBTC15M-26OCT042215-15,0.9990,9159.55,no
2026-10-05T02:14:29.210132Z,KXBTC15M-26OCT042215-15,0.9990,91.62,no
2026-10-05T02:14:29.500186Z,KXBTC15M-26OCT042215-15,0.9990,915.99,no
2026-10-05T02:14:29.676282Z,KXBTC15M-26OCT042215-15,0.9990,915.99,no
2026-10-05T02:14:29.713751Z,KXBTC15M-26OCT042215-15,0.9990,25.56,no
2026-10-05T02:14:29.746072Z,KXBTC15M-26OCT042215-15,0.9990,504.69,no
2026-10-05T02:14:29.789099Z,KXBTC15M-26OCT042215-15,0.9990,4.21,no
2026-10-05T02:14:29.987564Z,KXBTC15M-26OCT042215-15,0.9990,57.51,no
2026-10-05T02:14:30.11501Z,KXBTC15M-26OCT042215-15,0.9990,210.69,no
2026-10-05T02:14:30.153062Z,KXBTC15M-26OCT042215-15,0.9990,113.36,no
2026-10-05T02:14:30.156808Z,KXBTC15M-26OCT042215-15,0.9990,915.99,no
2026-10-05T02:14:30.161338Z,KXBTC15M-26OCT042215-15,0.9990,7.20,no
2026-10-05T02:14:30.615772Z,KXBTC15M-26OCT042215-15,0.9990,930.00,no
2026-10-05T02:14:30.618757Z,KXBTC15M-26OCT042215-15,0.9990,8.81,no
2026-10-05T02:14:30.776326Z,KXBTC15M-26OCT042215-15,0.9990,915.99,no
2026-10-05T02:14:30.933333Z,KXBTC15M-26OCT042215-15,0.9990,67.61,no
2026-10-05T02:14:31.201479Z,KXBTC15M-26OCT042215-15,0.9990,915.99,no
2026-10-05T02:14:31.42091Z,KXBTC15M-26OCT042215-15,0.9990,249.31,no
2026-10-05T02:14:31.62852Z,KXBTC15M-26OCT042215-15,0.9990,1.03,no
2026-10-05T02:14:31.887966Z,KXBTC15M-26OCT042215-15,0.9990,40.00,no
2026-10-05T02:14:32.226972Z,KXBTC15M-26OCT042215-15,0.9990,915.99,no
2026-10-05T02:14:32.374379Z,KXBTC15M-26OCT042215-15,0.9990,94.76,no
2026-10-05T02:14:32.407529Z,KXBTC15M-26OCT042215-15,0.9990,1.00,no
2026-10-05T02:14:32.65674Z,KXBTC15M-26OCT042215-15,0.9990,50.00,no
2026-10-05T02:14:32.718833Z,KXBTC15M-26OCT042215-15,0.9990,227.79,no
2026-10-05T02:14:32.7612Z,KXBTC15M-26OCT042215-15,0.9990,46.88,no
2026-10-05T02:14:33.370533Z,KXBTC15M-26OCT042215-15,0.9990,458.04,no
2026-10-05T02:14:34.018098Z,KXBTC15M-26OCT042215-15,0.9990,15.00,no
2026-10-05T02:14:34.018098Z,KXBTC15M-26OCT042215-15,0.9990,886.95,no
2026-10-05T02:14:34.018098Z,KXBTC15M-26OCT042215-15,0.9990,750.00,no
2026-10-05T02:14:34.018098Z,KXBTC15M-26OCT042215-15,0.9990,1994.40,no
2026-10-05T02:14:34.294202Z,KXBTC15M-26OCT042215-15,0.9990,915.99,no
2026-10-05T02:14:34.42491Z,KXBTC15M-26OCT042215-15,0.9990,915.99,no
2026-10-05T02:14:34.875705Z,KXBTC15M-26OCT042215-15,0.9990,4579.77,no
2026-10-05T02:14:35.251798Z,KXBTC15M-26OCT042215-15,0.9990,1.01,no
2026-10-05T02:14:35.448897Z,KXBTC15M-26OCT042215-15,0.9990,29.89,no
2026-10-05T02:14:35.566597Z,KXBTC15M-26OCT042215-15,0.9990,170.11,no
2026-10-05T02:14:35.629492Z,KXBTC15M-26OCT042215-15,0.9990,915.99,no
2026-10-05T02:14:35.879341Z,KXBTC15M-26OCT042215-15,0.9990,915.99,no
2026-10-05T02:14:36.272823Z,KXBTC15M-26OCT042215-15,0.9990,915.99,no
2026-10-05T02:14:36.274597Z,KXBTC15M-26OCT042215-15,0.9990,59.00,no
2026-10-05T02:14:36.325585Z,KXBTC15M-26OCT042215-15,0.9990,915.99,no
2026-10-05T02:14:36.461026Z,KXBTC15M-26OCT042215-15,0.9990,140.19,no
2026-10-05T02:14:36.593658Z,KXBTC15M-26OCT042215-15,0.9990,228.30,no
2026-10-05T02:14:36.593658Z,KXBTC15M-26OCT042215-15,0.9990,529.69,no
2026-10-05T02:14:36.593658Z,KXBTC15M-26OCT042215-15,0.9990,158.00,no
2026-10-05T02:14:36.617722Z,KXBTC15M-26OCT042215-15,0.9990,521.70,no
2026-10-05T02:14:36.617722Z,KXBTC15M-26OCT042215-15,0.9990,100.00,no
2026-10-05T02:14:36.617722Z,KXBTC15M-26OCT042215-15,0.9990,250.00,no
2026-10-05T02:14:36.617722Z,KXBTC15M-26OCT042215-15,0.9990,44.29,no
2026-10-05T02:14:36.671481Z,KXBTC15M-26OCT042215-15,0.9990,140.19,no
2026-10-05T02:14:37.004325Z,KXBTC15M-26OCT042215-15,0.9990,38.70,no
2026-10-05T02:14:37.234623Z,KXBTC15M-26OCT042215-15,0.9990,139.17,no
2026-10-05T02:14:37.234623Z,KXBTC15M-26OCT042215-15,0.9990,776.82,no
2026-10-05T02:14:37.28971Z,KXBTC15M-26OCT042215-15,0.9990,0.08,no
2026-10-05T02:14:37.636604Z,KXBTC15M-26OCT042215-15,0.9990,47.14,no
2026-10-05T02:14:38.217955Z,KXBTC15M-26OCT042215-15,0.9990,91.62,no
2026-10-05T02:14:38.305721Z,KXBTC15M-26OCT042215-15,0.9990,19.75,no
2026-10-05T02:14:38.487697Z,KXBTC15M-26OCT042215-15,0.9990,1.04,no
2026-10-05T02:14:38.576646Z,KXBTC15M-26OCT042215-15,0.9990,111.55,no
2026-10-05T02:14:38.71721Z,KXBTC15M-26OCT042215-15,0.9990,10.00,no
2026-10-05T02:14:38.903141Z,KXBTC15M-26OCT042215-15,0.9990,5.00,no
2026-10-05T02:14:39.000257Z,KXBTC15M-26OCT042215-15,0.9990,74.65,no
2026-10-05T02:14:39.000257Z,KXBTC15M-26OCT042215-15,0.9990,46.36,no
2026-10-05T02:14:39.000257Z,KXBTC15M-26OCT042215-15,0.9990,400.00,no
2026-10-05T02:14:39.000257Z,KXBTC15M-26OCT042215-15,0.9990,376.29,no
2026-10-05T02:14:39.269147Z,KXBTC15M-26OCT042215-15,0.9990,292.28,no
2026-10-05T02:14:39.269147Z,KXBTC15M-26OCT042215-15,0.9990,623.71,no
2026-10-05T02:14:39.426432Z,KXBTC15M-26OCT042215-15,0.9990,10.34,no
2026-10-05T02:14:39.456515Z,KXBTC15M-26OCT042215-15,0.9990,0.50,no
2026-10-05T02:14:39.584217Z,KXBTC15M-26OCT042215-15,0.9990,0.51,no
2026-10-05T02:14:39.831419Z,KXBTC15M-26OCT042215-15,0.9990,2.08,no
2026-10-05T02:14:39.835586Z,KXBTC15M-26OCT042215-15,0.9990,2.12,no
2026-10-05T02:14:39.910517Z,KXBTC15M-26OCT042215-15,0.9990,192.17,no
2026-10-05T02:14:39.910517Z,KXBTC15M-26OCT042215-15,0.9990,256.52,no
2026-10-05T02:14:39.932761Z,KXBTC15M-26OCT042215-15,0.9990,33.66,no
2026-10-05T02:14:40.156002Z,KXBTC15M-26OCT042215-15,0.9990,9.20,no
2026-10-05T02:14:40.196068Z,KXBTC15M-26OCT042215-15,0.9990,967.08,no
2026-10-05T02:14:40.196068Z,KXBTC15M-26OCT042215-15,0.9990,1200.62,no
2026-10-05T02:14:40.196068Z,KXBTC15M-26OCT042215-15,0.9990,100.00,no
2026-10-05T02:14:40.196068Z,KXBTC15M-26OCT042215-15,0.9990,19.00,no
2026-10-05T02:14:40.196068Z,KXBTC15M-26OCT042215-15,0.9990,2000.00,no
2026-10-05T02:14:40.38281Z,KXBTC15M-26OCT042215-15,0.9990,0.27,no
2026-10-05T02:14:40.556402Z,KXBTC15M-26OCT042215-15,0.9990,0.01,no
2026-10-05T02:14:40.890627Z,KXBTC15M-26OCT042215-15,0.9990,915.99,no
2026-10-05T02:14:41.035526Z,KXBTC15M-26OCT042215-15,0.9990,915.99,no
2026-10-05T02:14:41.203359Z,KXBTC15M-26OCT042215-15,0.9990,5.12,no
2026-10-05T02:14:41.293072Z,KXBTC15M-26OCT042215-15,0.9990,915.99,no
2026-10-05T02:14:41.402304Z,KXBTC15M-26OCT042215-15,0.9990,9.66,no
2026-10-05T02:14:41.416296Z,KXBTC15M-26OCT042215-15,0.9990,1.20,no
2026-10-05T02:14:41.570011Z,KXBTC15M-26OCT042215-15,0.9990,0.50,no
2026-10-05T02:14:41.57621Z,KXBTC15M-26OCT042215-15,0.9990,112.28,no
2026-10-05T02:14:41.57621Z,KXBTC15M-26OCT042215-15,0.9990,2268.19,no
2026-10-05T02:14:41.690146Z,KXBTC15M-26OCT042215-15,0.9990,90.00,no
2026-10-05T02:14:41.704322Z,KXBTC15M-26OCT042215-15,0.9990,91.62,no
2026-10-05T02:14:41.729454Z,KXBTC15M-26OCT042215-15,0.9990,6.48,no
2026-10-05T02:14:41.946101Z,KXBTC15M-26OCT042215-15,0.9990,4.53,no
2026-10-05T02:14:42.008096Z,KXBTC15M-26OCT042215-15,0.9990,915.99,no
2026-10-05T02:14:42.040343Z,KXBTC15M-26OCT042215-15,0.9990,1000.00,no
2026-10-05T02:14:42.040343Z,KXBTC15M-26OCT042215-15,0.9990,552.80,no
2026-10-05T02:14:42.040343Z,KXBTC15M-26OCT042215-15,0.9990,279.10,no
2026-10-05T02:14:42.253745Z,KXBTC15M-26OCT042215-15,0.9990,11.67,no
2026-10-05T02:14:42.284942Z,KXBTC15M-26OCT042215-15,0.9990,5.21,no
2026-10-05T02:14:42.312296Z,KXBTC15M-26OCT042215-15,0.9990,22.53,no
2026-10-05T02:14:42.468698Z,KXBTC15M-26OCT042215-15,0.9990,45.85,no
2026-10-05T02:14:42.546793Z,KXBTC15M-26OCT042215-15,0.9990,5.19,no
2026-10-05T02:14:42.593392Z,KXBTC15M-26OCT042215-15,0.9990,57.68,no
2026-10-05T02:14:42.833992Z,KXBTC15M-26OCT042215-15,0.9990,4000.00,no
2026-10-05T02:14:42.833992Z,KXBTC15M-26OCT042215-15,0.9990,100.00,no
2026-10-05T02:14:42.833992Z,KXBTC15M-26OCT042215-15,0.9990,100.00,no
2026-10-05T02:14:42.833992Z,KXBTC15M-26OCT042215-15,0.9990,100.00,no
2026-10-05T02:14:42.833992Z,KXBTC15M-26OCT042215-15,0.9990,100.00,no
2026-10-05T02:14:42.833992Z,KXBTC15M-26OCT042215-15,0.9990,1060.48,no
2026-10-05T02:14:42.833992Z,KXBTC15M-26OCT042215-15,0.9990,100.00,no
2026-10-05T02:14:42.833992Z,KXBTC15M-26OCT042215-15,0.9990,100.00,no
2026-10-05T02:14:42.833992Z,KXBTC15M-26OCT042215-15,0.9990,100.00,no
2026-10-05T02:14:42.833992Z,KXBTC15M-26OCT042215-15,0.9990,1000.00,no
2026-10-05T02:14:42.833992Z,KXBTC15M-26OCT042215-15,0.9990,100.00,no
2026-10-05T02:14:42.833992Z,KXBTC15M-26OCT042215-15,0.9990,100.00,no
2026-10-05T02:14:42.833992Z,KXBTC15M-26OCT042215-15,0.9990,100.00,no
2026-10-05T02:14:42.833992Z,KXBTC15M-26OCT042215-15,0.9990,100.00,no
2026-10-05T02:14:42.833992Z,KXBTC15M-26OCT042215-15,0.9990,100.00,no
2026-10-05T02:14:42.833992Z,KXBTC15M-26OCT042215-15,0.9990,100.00,no
2026-10-05T02:14:42.833992Z,KXBTC15M-26OCT042215-15,0.9990,1299.07,no
2026-10-05T02:14:42.833992Z,KXBTC15M-26OCT042215-15,0.9990,500.00,no
2026-10-05T02:14:43.137861Z,KXBTC15M-26OCT042215-15,0.9990,85.00,no
2026-10-05T02:14:43.455599Z,KXBTC15M-26OCT042215-15,0.9990,93.49,no
2026-10-05T02:14:43.458122Z,KXBTC15M-26OCT042215-15,0.9990,213.01,no
2026-10-05T02:14:43.458122Z,KXBTC15M-26OCT042215-15,0.9990,245.03,no
2026-10-05T02:14:43.538228Z,KXBTC15M-26OCT042215-15,0.9990,8.65,no
2026-10-05T02:14:43.566947Z,KXBTC15M-26OCT042215-15,0.9990,6.49,no
2026-10-05T02:14:43.653383Z,KXBTC15M-26OCT042215-15,0.9990,265.66,no
2026-10-05T02:14:43.678851Z,KXBTC15M-26OCT042215-15,0.9990,1990.00,no
2026-10-05T02:14:43.678851Z,KXBTC15M-26OCT042215-15,0.9990,2570.36,no
2026-10-05T02:14:43.678851Z,KXBTC15M-26OCT042215-15,0.9990,4599.19,no
2026-10-05T02:14:43.874809Z,KXBTC15M-26OCT042215-15,0.9990,267.00,no
2026-10-05T02:14:43.874809Z,KXBTC15M-26OCT042215-15,0.9990,4099.74,no
2026-10-05T02:14:43.874809Z,KXBTC15M-26OCT042215-15,0.9990,4792.81,no
2026-10-05T02:14:44.035305Z,KXBTC15M-26OCT042215-15,0.9990,1.10,no
2026-10-05T02:14:44.173028Z,KXBTC15M-26OCT042215-15,0.9990,9.42,no
2026-10-05T02:14:44.285451Z,KXBTC15M-26OCT042215-15,0.9990,10.20,no
2026-10-05T02:14:44.577381Z,KXBTC15M-26OCT042215-15,0.9990,117.31,no
2026-10-05T02:14:44.673083Z,KXBTC15M-26OCT042215-15,0.9990,91.62,no
2026-10-05T02:14:44.886488Z,KXBTC15M-26OCT042215-15,0.9990,915.99,no
2026-10-05T02:14:44.936476Z,KXBTC15M-26OCT042215-15,0.9990,3663.81,no
2026-10-05T02:14:45.005109Z,KXBTC15M-26OCT042215-15,0.9990,458.04,no
2026-10-05T02:14:45.24865Z,KXBTC15M-26OCT042215-15,0.9990,12.00,no
2026-10-05T02:14:45.338551Z,KXBTC15M-26OCT042215-15,0.9990,91.62,no
2026-10-05T02:14:45.350105Z,KXBTC15M-26OCT042215-15,0.9990,9.20,no
2026-10-05T02:14:45.358486Z,KXBTC15M-26OCT042215-15,0.9990,98.06,no
2026-10-05T02:14:45.456239Z,KXBTC15M-26OCT042215-15,0.9990,111.63,no
2026-10-05T02:14:45.462942Z,KXBTC15M-26OCT042215-15,0.9990,1.04,no
2026-10-05T02:14:45.513034Z,KXBTC15M-26OCT042215-15,0.9990,1248.33,no
2026-10-05T02:14:45.513034Z,KXBTC15M-26OCT042215-15,0.9990,1000.00,no
2026-10-05T02:14:45.513034Z,KXBTC15M-26OCT042215-15,0.9990,2000.00,no
2026-10-05T02:14:45.513034Z,KXBTC15M-26OCT042215-15,0.9990,500.00,no
2026-10-05T02:14:45.513034Z,KXBTC15M-26OCT042215-15,0.9990,1500.00,no
2026-10-05T02:14:45.513034Z,KXBTC15M-26OCT042215-15,0.9990,100.00,no
2026-10-05T02:14:45.513034Z,KXBTC15M-26OCT042215-15,0.9990,2811.22,no
2026-10-05T02:14:45.68647Z,KXBTC15M-26OCT042215-15,0.9990,233.92,no
2026-10-05T02:14:45.714355Z,KXBTC15M-26OCT042215-15,0.9990,4579.77,no
2026-10-05T02:14:45.954064Z,KXBTC15M-26OCT042215-15,0.9990,915.99,no
2026-10-05T02:14:46.308328Z,KXBTC15M-26OCT042215-15,0.9990,142.51,no
2026-10-05T02:14:46.509989Z,KXBTC15M-26OCT042215-15,0.9990,915.99,no
2026-10-05T02:14:46.512961Z,KXBTC15M-26OCT042215-15,0.9990,915.99,no
2026-10-05T02:14:46.916747Z,KXBTC15M-26OCT042215-15,0.9990,4579.77,no
2026-10-05T02:14:47.336429Z,KXBTC15M-26OCT042215-15,0.9990,265.66,no
2026-10-05T02:14:47.358682Z,KXBTC15M-26OCT042215-15,0.9990,458.04,no
2026-10-05T02:14:47.833496Z,KXBTC15M-26OCT042215-15,0.9990,915.99,no
2026-10-05T02:14:48.142959Z,KXBTC15M-26OCT042215-15,0.9990,6.51,no
2026-10-05T02:14:48.240499Z,KXBTC15M-26OCT042215-15,0.9990,528.00,no
2026-10-05T02:14:48.240499Z,KXBTC15M-26OCT042215-15,0.9990,4821.53,no
2026-10-05T02:14:48.240499Z,KXBTC15M-26OCT042215-15,0.9990,2000.00,no
2026-10-05T02:14:48.240499Z,KXBTC15M-26OCT042215-15,0.9990,210.02,no
2026-10-05T02:14:48.240499Z,KXBTC15M-26OCT042215-15,0.9990,1500.00,no
2026-10-05T02:14:48.240499Z,KXBTC15M-26OCT042215-15,0.9990,100.00,no
2026-10-05T02:14:48.267879Z,KXBTC15M-26OCT042215-15,0.9990,1.31,no
2026-10-05T02:14:48.42023Z,KXBTC15M-26OCT042215-15,0.9990,24.88,no
2026-10-05T02:14:49.312028Z,KXBTC15M-26OCT042215-15,0.9990,268.11,no
2026-10-05T02:14:49.312028Z,KXBTC15M-26OCT042215-15,0.9990,100.00,no
2026-10-05T02:14:49.312028Z,KXBTC15M-26OCT042215-15,0.9990,500.00,no
2026-10-05T02:14:49.312028Z,KXBTC15M-26OCT042215-15,0.9990,763.79,no
2026-10-05T02:14:49.312028Z,KXBTC15M-26OCT042215-15,0.9990,100.00,no
2026-10-05T02:14:49.312028Z,KXBTC15M-26OCT042215-15,0.9990,100.00,no
2026-10-05T02:14:49.734851Z,KXBTC15M-26OCT042215-15,0.9990,108.10,no
2026-10-05T02:14:49.752786Z,KXBTC15M-26OCT042215-15,0.9990,915.99,no
2026-10-05T02:14:50.398981Z,KXBTC15M-26OCT042215-15,0.9990,25.02,no
2026-10-05T02:14:50.548074Z,KXBTC15M-26OCT042215-15,0.9990,5.22,no
2026-10-05T02:14:50.927019Z,KXBTC15M-26OCT042215-15,0.9990,58.69,no
2026-10-05T02:14:51.528928Z,KXBTC15M-26OCT042215-15,0.9990,0.53,no
2026-10-05T02:14:51.972893Z,KXBTC15M-26OCT042215-15,0.9990,58.86,no
2026-10-05T02:14:52.079251Z,KXBTC15M-26OCT042215-15,0.9990,166.64,no
2026-10-05T02:14:52.721086Z,KXBTC15M-26OCT042215-15,0.9990,698.15,no
2026-10-05T02:14:52.721086Z,KXBTC15M-26OCT042215-15,0.9990,217.84,no
2026-10-05T02:14:53.134552Z,KXBTC15M-26OCT042215-15,0.9990,229.01,no
2026-10-05T02:14:53.756249Z,KXBTC15M-26OCT042215-15,0.9990,3.90,no
2026-10-05T02:14:54.077669Z,KXBTC15M-26OCT042215-15,0.9990,458.04,no
2026-10-05T02:14:54.112942Z,KXBTC15M-26OCT042215-15,0.9990,2.00,no
2026-10-05T02:14:54.342891Z,KXBTC15M-26OCT042215-15,0.9990,1.00,no
2026-10-05T02:14:54.556271Z,KXBTC15M-26OCT042215-15,0.9990,54.92,no
2026-10-05T02:14:54.558372Z,KXBTC15M-26OCT042215-15,0.9990,538.01,no
2026-10-05T02:14:54.558372Z,KXBTC15M-26OCT042215-15,0.9990,377.98,no
2026-10-05T02:14:54.714208Z,KXBTC15M-26OCT042215-15,0.9990,6.00,no
2026-10-05T02:14:55.155919Z,KXBTC15M-26OCT042215-15,0.9990,0.02,no
2026-10-05T02:14:55.410006Z,KXBTC15M-26OCT042215-15,0.9990,915.99,no
2026-10-05T02:14:56.06203Z,KXBTC15M-26OCT042215-15,0.9990,3.21,no
2026-10-05T02:14:56.149438Z,KXBTC15M-26OCT042215-15,0.9990,5.19,no
2026-10-05T02:14:56.212398Z,KXBTC15M-26OCT042215-15,0.9990,559.41,no
2026-10-05T02:14:56.212398Z,KXBTC15M-26OCT042215-15,0.9990,356.58,no
2026-10-05T02:14:56.219638Z,KXBTC15M-26OCT042215-15,0.9990,25.02,no
2026-10-05T02:14:56.412187Z,KXBTC15M-26OCT042215-15,0.9990,915.99,no
2026-10-05T02:14:56.543771Z,KXBTC15M-26OCT042215-15,0.9990,126.66,no
2026-10-05T02:14:56.543771Z,KXBTC15M-26OCT042215-15,0.9990,789.33,no
2026-10-05T02:14:56.628627Z,KXBTC15M-26OCT042215-15,0.9990,67.67,no
2026-10-05T02:14:56.628627Z,KXBTC15M-26OCT042215-15,0.9990,792.32,no
2026-10-05T02:14:56.628627Z,KXBTC15M-26OCT042215-15,0.9990,56.00,no
2026-10-05T02:14:56.824361Z,KXBTC15M-26OCT042215-15,0.9990,91.62,no
2026-10-05T02:14:57.314474Z,KXBTC15M-26OCT042215-15,0.9990,7.05,no
2026-10-05T02:14:57.328445Z,KXBTC15M-26OCT042215-15,0.9990,1910.76,no
2026-10-05T02:14:57.328445Z,KXBTC15M-26OCT042215-15,0.9990,1560.00,no
2026-10-05T02:14:57.328445Z,KXBTC15M-26OCT042215-15,0.9990,1109.01,no
2026-10-05T02:14:57.80434Z,KXBTC15M-26OCT042215-15,0.9990,4650.31,no
2026-10-05T02:14:57.80434Z,KXBTC15M-26OCT042215-15,0.9990,1520.00,no
2026-10-05T02:14:57.80434Z,KXBTC15M-26OCT042215-15,0.9990,2989.24,no
2026-10-05T02:14:57.828144Z,KXBTC15M-26OCT042215-15,0.9990,58.86,no
2026-10-05T02:14:57.944219Z,KXBTC15M-26OCT042215-15,0.9990,2.00,no
2026-10-05T02:14:58.181473Z,KXBTC15M-26OCT042215-15,0.9990,0.02,no
2026-10-05T02:14:58.515979Z,KXBTC15M-26OCT042215-15,0.9990,27.59,no
2026-10-05T02:14:58.54317Z,KXBTC15M-26OCT042215-15,0.9990,91.62,no
2026-10-05T02:14:58.703701Z,KXBTC15M-26OCT042215-15,0.9990,2.55,no
2026-10-05T02:14:58.706485Z,KXBTC15M-26OCT042215-15,0.9990,915.99,no
2026-10-05T02:14:58.819577Z,KXBTC15M-26OCT042215-15,0.9990,23.41,no
2026-10-05T02:14:58.930344Z,KXBTC15M-26OCT042215-15,0.9990,100.00,no
2026-10-05T02:14:59.396897Z,KXBTC15M-26OCT042215-15,0.9990,63.78,no
2026-10-05T02:14:59.404642Z,KXBTC15M-26OCT042215-15,0.9990,27.52,no
2026-10-05T02:14:59.660577Z,KXBTC15M-26OCT042215-15,0.9990,0.02,no
2026-10-05T02:13:22.659976Z,KXNATGAS15M-26OCT042215-15,0.0400,3.00,yes
2026-10-05T02:13:28.595637Z,KXNATGAS15M-26OCT042215-15,0.0400,93.70,yes
2026-10-05T02:13:29.011161Z,KXNATGAS15M-26OCT042215-15,0.0300,20.57,no
2026-10-05T02:13:44.967541Z,KXNATGAS15M-26OCT042215-15,0.0300,113.04,no
2026-10-05T02:13:44.967541Z,KXNATGAS15M-26OCT042215-15,0.0300,57.96,no
2026-10-05T02:13:44.967541Z,KXNATGAS15M-26OCT042215-15,0.0300,6.00,no
2026-10-05T02:13:44.967541Z,KXNATGAS15M-26OCT042215-15,0.0300,2.00,no
2026-10-05T02:13:44.967541Z,KXNATGAS15M-26OCT042215-15,0.0300,25.00,no
2026-10-05T02:13:44.967541Z,KXNATGAS15M-26OCT042215-15,0.0300,1.00,no
2026-10-05T02:13:44.978986Z,KXNATGAS15M-26OCT042215-15,0.0300,15.00,no
2026-10-05T02:13:45.296349Z,KXNATGAS15M-26OCT042215-15,0.0300,5.00,no
2026-10-05T02:13:45.391276Z,KXNATGAS15M-26OCT042215-15,0.0300,9.25,no
2026-10-05T02:13:47.134032Z,KXNATGAS15M-26OCT042215-15,0.0300,3.60,no
2026-10-05T02:13:47.522193Z,KXNATGAS15M-26OCT042215-15,0.0300,2.23,no
2026-10-05T02:13:47.522193Z,KXNATGAS15M-26OCT042215-15,0.0300,20.77,no
2026-10-05T02:13:47.522193Z,KXNATGAS15M-26OCT042215-15,0.0300,2.00,no
2026-10-05T02:13:47.761194Z,KXNATGAS15M-26OCT042215-15,0.0300,1.77,no
2026-10-05T02:13:47.761194Z,KXNATGAS15M-26OCT042215-15,0.0300,2.00,no
2026-10-05T02:13:47.781941Z,KXNATGAS15M-26OCT042215-15,0.0300,1.00,yes
2026-10-05T02:13:48.994486Z,KXNATGAS15M-26OCT042215-15,0.0300,2.00,yes
2026-10-05T02:13:49.746581Z,KXNATGAS15M-26OCT042215-15,0.0200,10.00,no
2026-10-05T02:13:55.274577Z,KXNATGAS15M-26OCT042215-15,0.0200,1.00,no
2026-10-05T02:13:55.274577Z,KXNATGAS15M-26OCT042215-15,0.0200,4.10,no
2026-10-05T02:13:58.880547Z,KXNATGAS15M-26OCT042215-15,0.0200,8.00,no
2026-10-05T02:13:58.880547Z,KXNATGAS15M-26OCT042215-15,0.0200,1.90,no
2026-10-05T02:13:58.880547Z,KXNATGAS15M-26OCT042215-15,0.0200,10.00,no
2026-10-05T02:13:58.880547Z,KXNATGAS15M-26OCT042215-15,0.0200,50.00,no
2026-10-05T02:13:58.880547Z,KXNATGAS15M-26OCT042215-15,0.0200,3.00,no
2026-10-05T02:13:58.880547Z,KXNATGAS15M-26OCT042215-15,0.0200,1.00,no
2026-10-05T02:13:58.880547Z,KXNATGAS15M-26OCT042215-15,0.0200,2.00,no
2026-10-05T02:13:59.071177Z,KXNATGAS15M-26OCT042215-15,0.0200,31.21,yes
2026-10-05T02:14:00.193566Z,KXNATGAS15M-26OCT042215-15,0.0100,5.00,no
2026-10-05T02:14:00.897124Z,KXNATGAS15M-26OCT042215-15,0.0100,1.00,no
2026-10-05T02:14:01.214568Z,KXNATGAS15M-26OCT042215-15,0.0200,2.25,yes
2026-10-05T02:14:01.767382Z,KXNATGAS15M-26OCT042215-15,0.0100,0.01,no
2026-10-05T02:14:02.308738Z,KXNATGAS15M-26OCT042215-15,0.0100,2.01,no
2026-10-05T02:14:03.719297Z,KXNATGAS15M-26OCT042215-15,0.0200,20.57,yes
2026-10-05T02:14:07.935379Z,KXNATGAS15M-26OCT042215-15,0.0100,5.00,no
2026-10-05T02:14:10.24002Z,KXNATGAS15M-26OCT042215-15,0.0100,88.00,no
2026-10-05T02:14:10.658577Z,KXNATGAS15M-26OCT042215-15,0.0100,15.00,no
2026-10-05T02:14:10.740408Z,KXNATGAS15M-26OCT042215-15,0.0100,2.00,no
2026-10-05T02:14:10.740408Z,KXNATGAS15M-26OCT042215-15,0.0100,2.00,no
2026-10-05T02:14:10.740408Z,KXNATGAS15M-26OCT042215-15,0.0100,25.00,no
2026-10-05T02:14:10.740408Z,KXNATGAS15M-26OCT042215-15,0.0100,100.00,no
2026-10-05T02:14:10.740408Z,KXNATGAS15M-26OCT042215-15,0.0100,2.00,no
2026-10-05T02:14:10.740408Z,KXNATGAS15M-26OCT042215-15,0.0100,20.00,no
2026-10-05T02:14:10.740408Z,KXNATGAS15M-26OCT042215-15,0.0100,10.00,no
2026-10-05T02:14:10.740408Z,KXNATGAS15M-26OCT042215-15,0.0100,1.00,no
2026-10-05T02:14:10.740408Z,KXNATGAS15M-26OCT042215-15,0.0100,2.00,no
2026-10-05T02:14:10.740408Z,KXNATGAS15M-26OCT042215-15,0.0100,1.00,no
2026-10-05T02:14:10.740408Z,KXNATGAS15M-26OCT042215-15,0.0100,378.98,no
2026-10-05T02:14:10.740408Z,KXNATGAS15M-26OCT042215-15,0.0100,23.15,no
2026-10-05T02:14:10.740408Z,KXNATGAS15M-26OCT042215-15,0.0100,23.54,no
2026-10-05T02:14:10.740408Z,KXNATGAS15M-26OCT042215-15,0.0100,1.32,no
2026-10-05T02:14:10.740408Z,KXNATGAS15M-26OCT042215-15,0.0100,5.69,no
2026-10-05T02:14:10.740408Z,KXNATGAS15M-26OCT042215-15,0.0100,0.72,no
2026-10-05T02:14:10.740408Z,KXNATGAS15M-26OCT042215-15,0.0100,1.00,no
2026-10-05T02:14:10.740408Z,KXNATGAS15M-26OCT042215-15,0.0100,3.60,no
2026-10-05T02:14:10.740408Z,KXNATGAS15M-26OCT042215-15,0.0100,5.00,no
2026-10-05T02:14:10.740408Z,KXNATGAS15M-26OCT042215-15,0.0100,2.00,no
2026-10-05T02:14:12.55785Z,KXNATGAS15M-26OCT042215-15,0.0100,6.00,no
2026-10-05T02:14:12.55785Z,KXNATGAS15M-26OCT042215-15,0.0100,2.00,no
2026-10-05T02:14:21.92328Z,KXNATGAS15M-26OCT042215-15,0.0100,0.93,yes
2026-10-05T02:14:29.927133Z,KXNATGAS15M-26OCT042215-15,0.0100,71.44,yes
2026-10-05T02:14:29.927133Z,KXNATGAS15M-26OCT042215-15,0.0100,22.07,yes
2026-10-05T02:14:39.084331Z,KXNATGAS15M-26OCT042215-15,0.0100,88.51,yes
2026-10-05T02:14:39.084331Z,KXNATGAS15M-26OCT042215-15,0.0100,5.00,yes
2026-10-05T02:14:53.96243Z,KXNATGAS15M-26OCT042215-15,0.0100,40.00,yes
2026-10-05T02:14:53.96243Z,KXNATGAS15M-26OCT042215-15,0.0100,1.00,yes
2026-10-05T02:14:53.96243Z,KXNATGAS15M-26OCT042215-15,0.0100,0.93,yes
2026-10-05T02:14:53.96243Z,KXNATGAS15M-26OCT042215-15,0.0100,161.49,yes
2026-10-05T02:14:53.96243Z,KXNATGAS15M-26OCT042215-15,0.0100,32.46,yes
2026-10-05T02:14:53.96243Z,KXNATGAS15M-26OCT042215-15,0.0100,150.00,yes
2026-10-05T02:14:53.96243Z,KXNATGAS15M-26OCT042215-15,0.0100,22.07,yes
2026-10-05T02:20:37.10344Z,KXEURUSD15M-26OCT042230-30,0.0300,2.62,yes
2026-10-05T02:21:04.074153Z,KXEURUSD15M-26OCT042230-30,0.0300,1.21,yes
2026-10-05T02:21:04.074153Z,KXEURUSD15M-26OCT042230-30,0.0300,30.00,yes
2026-10-05T02:21:04.637854Z,KXEURUSD15M-26OCT042230-30,0.0200,22.00,no
2026-10-05T02:21:04.637854Z,KXEURUSD15M-26OCT042230-30,0.0200,1.00,no
2026-10-05T02:21:04.637854Z,KXEURUSD15M-26OCT042230-30,0.0200,202.46,no
2026-10-05T02:21:04.949766Z,KXEURUSD15M-26OCT042230-30,0.0100,2.00,no
2026-10-05T02:21:04.949766Z,KXEURUSD15M-26OCT042230-30,0.0100,1.00,no
2026-10-05T02:21:04.949766Z,KXEURUSD15M-26OCT042230-30,0.0100,1.00,no
2026-10-05T02:21:04.949766Z,KXEURUSD15M-26OCT042230-30,0.0100,80.00,no
2026-10-05T02:21:04.949766Z,KXEURUSD15M-26OCT042230-30,0.0100,10.00,no
2026-10-05T02:21:16.309448Z,KXEURUSD15M-26OCT042230-30,0.0100,30.00,yes
2026-10-05T02:21:16.309448Z,KXEURUSD15M-26OCT042230-30,0.0100,53.23,yes
2026-10-05T02:21:33.97003Z,KXEURUSD15M-26OCT042230-30,0.0100,3.00,yes
2026-10-05T02:21:34.254484Z,KXEURUSD15M-26OCT042230-30,0.0100,2.54,yes
2026-10-05T02:21:42.189987Z,KXEURUSD15M-26OCT042230-30,0.0200,10.00,yes
2026-10-05T02:21:42.189987Z,KXEURUSD15M-26OCT042230-30,0.0200,30.00,yes
2026-10-05T02:21:42.189987Z,KXEURUSD15M-26OCT042230-30,0.0200,6.79,yes
2026-10-05T02:21:47.464035Z,KXEURUSD15M-26OCT042230-30,0.0200,4.67,yes
2026-10-05T02:21:47.83872Z,KXEURUSD15M-26OCT042230-30,0.0200,16.31,yes
2026-10-05T02:21:59.650692Z,KXEURUSD15M-26OCT042230-30,0.0100,60.00,yes
2026-10-05T02:21:59.650692Z,KXEURUSD15M-26OCT042230-30,0.0100,30.00,yes
2026-10-05T02:21:59.650692Z,KXEURUSD15M-26OCT042230-30,0.0300,0.93,yes
2026-10-05T02:22:34.675112Z,KXEURUSD15M-26OCT042230-30,0.0200,46.79,yes
2026-10-05T02:22:38.841681Z,KXEURUSD15M-26OCT042230-30,0.0200,16.79,yes
2026-10-05T02:22:38.841681Z,KXEURUSD15M-26OCT042230-30,0.0200,30.00,yes
2026-10-05T02:23:42.11608Z,KXEURUSD15M-26OCT042230-30,0.0200,16.79,yes
2026-10-05T02:23:42.11608Z,KXEURUSD15M-26OCT042230-30,0.0200,30.00,yes
2026-10-05T02:24:49.136955Z,KXEURUSD15M-26OCT042230-30,0.0200,9.35,yes
2026-10-05T02:25:01.724155Z,KXEURUSD15M-26OCT042230-30,0.0200,300.00,yes
2026-10-05T02:25:01.724155Z,KXEURUSD15M-26OCT042230-30,0.0200,5.00,yes
2026-10-05T02:25:01.724155Z,KXEURUSD15M-26OCT042230-30,0.0300,48.38,yes
2026-10-05T02:25:01.724155Z,KXEURUSD15M-26OCT042230-30,0.0200,30.00,yes
2026-10-05T02:25:01.724155Z,KXEURUSD15M-26OCT042230-30,0.0200,60.00,yes
2026-10-05T02:25:12.578872Z,KXEURUSD15M-26OCT042230-30,0.0200,46.79,yes
2026-10-05T02:25:26.230332Z,KXEURUSD15M-26OCT042230-30,0.0200,5.00,yes
2026-10-05T02:25:26.230332Z,KXEURUSD15M-26OCT042230-30,0.0200,10.00,yes
2026-10-05T02:25:26.230332Z,KXEURUSD15M-26OCT042230-30,0.0200,30.00,yes
2026-10-05T02:25:26.230332Z,KXEURUSD15M-26OCT042230-30,0.0200,60.00,yes
2026-10-05T02:25:26.230332Z,KXEURUSD15M-26OCT042230-30,0.0200,128.95,yes
2026-10-05T02:26:59.693079Z,KXEURUSD15M-26OCT042230-30,0.0100,11.00,no
2026-10-05T02:26:59.707299Z,KXEURUSD15M-26OCT042230-30,0.0100,15.00,no
2026-10-05T02:27:01.452536Z,KXEURUSD15M-26OCT042230-30,0.0100,0.10,no
2026-10-05T02:27:04.781957Z,KXEURUSD15M-26OCT042230-30,0.0200,46.79,yes
2026-10-05T02:27:12.101596Z,KXEURUSD15M-26OCT042230-30,0.0100,20.00,no
2026-10-05T02:27:15.417796Z,KXEURUSD15M-26OCT042230-30,0.0100,2.00,no
2026-10-05T02:27:36.045478Z,KXEURUSD15M-26OCT042230-30,0.0200,60.00,yes
2026-10-05T02:27:36.045478Z,KXEURUSD15M-26OCT042230-30,0.0200,30.00,yes
2026-10-05T02:27:36.045478Z,KXEURUSD15M-26OCT042230-30,0.0200,10.00,yes
2026-10-05T02:27:36.045478Z,KXEURUSD15M-26OCT042230-30,0.0200,5.00,yes
2026-10-05T02:27:36.045478Z,KXEURUSD15M-26OCT042230-30,0.0300,85.83,yes
2026-10-05T02:27:49.320652Z,KXEURUSD15M-26OCT042230-30,0.0100,1.00,no
2026-10-05T02:28:22.25474Z,KXEURUSD15M-26OCT042230-30,0.0100,0.21,no
2026-10-05T02:29:20.213433Z,KXEURUSD15M-26OCT042230-30,0.0100,30.00,yes
2026-10-05T02:29:20.213433Z,KXEURUSD15M-26OCT042230-30,0.0100,60.00,yes
2026-10-05T02:29:20.213433Z,KXEURUSD15M-26OCT042230-30,0.0100,10.00,yes
2026-10-05T02:29:20.213433Z,KXEURUSD15M-26OCT042230-30,0.0100,200.00,yes
2026-10-05T02:29:20.213433Z,KXEURUSD15M-26OCT042230-30,0.0200,80.94,yes
2026-10-05T02:29:20.213433Z,KXEURUSD15M-26OCT042230-30,0.0100,5.00,yes
2026-10-05T02:29:53.795714Z,KXEURUSD15M-26OCT042230-30,0.0300,156.06,yes
2026-10-05T02:40:37.145999Z,KXBTC15M-26OCT042245-45,0.9650,1.00,no
2026-10-05T02:40:37.145999Z,KXBTC15M-26OCT042245-45,0.9650,4.00,no
2026-10-05T02:40:37.145999Z,KXBTC15M-26OCT042245-45,0.9650,5.00,no
2026-10-05T02:40:37.149701Z,KXBTC15M-26OCT042245-45,0.9650,7.61,no
2026-10-05T02:40:37.160757Z,KXBTC15M-26OCT042245-45,0.9650,91.27,no
2026-10-05T02:40:37.265205Z,KXBTC15M-26OCT042245-45,0.9650,50.00,no
2026-10-05T02:40:37.265205Z,KXBTC15M-26OCT042245-45,0.9650,26.17,no
2026-10-05T02:40:37.265205Z,KXBTC15M-26OCT042245-45,0.9650,100.00,no
2026-10-05T02:40:37.265205Z,KXBTC15M-26OCT042245-45,0.9650,0.01,no
2026-10-05T02:40:37.297454Z,KXBTC15M-26OCT042245-45,0.9650,0.17,no
2026-10-05T02:40:37.351162Z,KXBTC15M-26OCT042245-45,0.9650,5.31,no
2026-10-05T02:40:37.374365Z,KXBTC15M-26OCT042245-45,0.9660,51.63,yes
2026-10-05T02:40:37.386583Z,KXBTC15M-26OCT042245-45,0.9650,29.52,no
2026-10-05T02:40:37.386583Z,KXBTC15M-26OCT042245-45,0.9640,52.98,no
2026-10-05T02:40:37.393004Z,KXBTC15M-26OCT042245-45,0.9640,26.22,no
2026-10-05T02:40:37.402192Z,KXBTC15M-26OCT042245-45,0.9650,1.94,yes
2026-10-05T02:40:37.417158Z,KXBTC15M-26OCT042245-45,0.9650,0.01,yes
2026-10-05T02:40:37.417158Z,KXBTC15M-26OCT042245-45,0.9650,0.01,yes
2026-10-05T02:40:37.417158Z,KXBTC15M-26OCT042245-45,0.9650,0.10,yes
2026-10-05T02:40:37.417158Z,KXBTC15M-26OCT042245-45,0.9650,0.28,yes
2026-10-05T02:40:37.441466Z,KXBTC15M-26OCT042245-45,0.9650,3.01,yes
2026-10-05T02:40:37.501494Z,KXBTC15M-26OCT042245-45,0.9640,165.01,no
2026-10-05T02:40:37.517667Z,KXBTC15M-26OCT042245-45,0.9640,6.83,no
2026-10-05T02:40:37.521821Z,KXBTC15M-26OCT042245-45,0.9650,0.01,yes
2026-10-05T02:40:37.521821Z,KXBTC15M-26OCT042245-45,0.9650,0.01,yes
2026-10-05T02:40:37.522034Z,KXBTC15M-26OCT042245-45,0.9650,26.76,no
2026-10-05T02:40:37.655978Z,KXBTC15M-26OCT042245-45,0.9650,0.01,no
2026-10-05T02:40:37.655978Z,KXBTC15M-26OCT042245-45,0.9650,0.01,no
2026-10-05T02:40:37.655978Z,KXBTC15M-26OCT042245-45,0.9650,48.22,no
2026-10-05T02:40:37.655978Z,KXBTC15M-26OCT042245-45,0.9650,0.10,no
2026-10-05T02:40:37.655978Z,KXBTC15M-26OCT042245-45,0.9640,82.79,no
2026-10-05T02:40:37.65768Z,KXBTC15M-26OCT042245-45,0.9640,127.81,no
2026-10-05T02:40:37.718271Z,KXBTC15M-26OCT042245-45,0.9660,5.00,yes
2026-10-05T02:40:37.727495Z,KXBTC15M-26OCT042245-45,0.9660,5.15,yes
2026-10-05T02:40:37.749157Z,KXBTC15M-26OCT042245-45,0.9660,24.00,yes
2026-10-05T02:40:37.758657Z,KXBTC15M-26OCT042245-45,0.9660,55.16,yes
2026-10-05T02:40:37.76894Z,KXBTC15M-26OCT042245-45,0.9650,0.01,no
2026-10-05T02:40:37.76894Z,KXBTC15M-26OCT042245-45,0.9640,77.21,no
2026-10-05T02:40:37.79256Z,KXBTC15M-26OCT042245-45,0.9650,0.92,yes
2026-10-05T02:40:37.79256Z,KXBTC15M-26OCT042245-45,0.9650,0.01,yes
2026-10-05T02:40:37.79256Z,KXBTC15M-26OCT042245-45,0.9650,0.10,yes
2026-10-05T02:40:37.837439Z,KXBTC15M-26OCT042245-45,0.9650,0.01,yes
2026-10-05T02:40:37.837439Z,KXBTC15M-26OCT042245-45,0.9650,0.01,yes
2026-10-05T02:40:37.837439Z,KXBTC15M-26OCT042245-45,0.9650,1.00,yes
2026-10-05T02:40:37.837439Z,KXBTC15M-26OCT042245-45,0.9660,102.28,yes
2026-10-05T02:40:37.921294Z,KXBTC15M-26OCT042245-45,0.9650,1.00,yes
2026-10-05T02:40:37.921294Z,KXBTC15M-26OCT042245-45,0.9650,0.01,yes
2026-10-05T02:40:37.921294Z,KXBTC15M-26OCT042245-45,0.9650,0.01,yes
2026-10-05T02:40:37.921294Z,KXBTC15M-26OCT042245-45,0.9660,58.87,yes
2026-10-05T02:40:37.954379Z,KXBTC15M-26OCT042245-45,0.9650,26.76,no
2026-10-05T02:40:37.975842Z,KXBTC15M-26OCT042245-45,0.9650,26.76,no
2026-10-05T02:40:37.981716Z,KXBTC15M-26OCT042245-45,0.9670,10.00,yes
2026-10-05T02:40:37.981716Z,KXBTC15M-26OCT042245-45,0.9670,1.00,yes
2026-10-05T02:40:37.981716Z,KXBTC15M-26OCT042245-45,0.9680,1.00,yes
2026-10-05T02:40:37.981716Z,KXBTC15M-26OCT042245-45,0.9660,0.01,yes
2026-10-05T02:40:37.981716Z,KXBTC15M-26OCT042245-45,0.9660,0.01,yes
2026-10-05T02:40:37.981716Z,KXBTC15M-26OCT042245-45,0.9680,57.61,yes
2026-10-05T02:40:37.981716Z,KXBTC15M-26OCT042245-45,0.9660,1.00,yes
2026-10-05T02:40:37.991747Z,KXBTC15M-26OCT042245-45,0.9670,0.01,yes
2026-10-05T02:40:37.991747Z,KXBTC15M-26OCT042245-45,0.9670,0.69,yes
2026-10-05T02:40:37.991747Z,KXBTC15M-26OCT042245-45,0.9670,1.00,yes
2026-10-05T02:40:38.022648Z,KXBTC15M-26OCT042245-45,0.9670,0.01,yes
2026-10-05T02:40:38.022648Z,KXBTC15M-26OCT042245-45,0.9670,89.98,yes
2026-10-05T02:40:38.022648Z,KXBTC15M-26OCT042245-45,0.9670,0.01,yes
2026-10-05T02:40:38.030916Z,KXBTC15M-26OCT042245-45,0.9660,60.11,no
2026-10-05T02:40:38.030916Z,KXBTC15M-26OCT042245-45,0.9660,70.00,no
2026-10-05T02:40:38.178264Z,KXBTC15M-26OCT042245-45,0.9660,78.04,no
2026-10-05T02:40:38.178264Z,KXBTC15M-26OCT042245-45,0.9660,0.01,no
2026-10-05T02:40:38.178264Z,KXBTC15M-26OCT042245-45,0.9660,0.01,no
2026-10-05T02:40:38.193014Z,KXBTC15M-26OCT042245-45,0.9660,0.01,no
2026-10-05T02:40:38.193014Z,KXBTC15M-26OCT042245-45,0.9660,0.01,no
2026-10-05T02:40:38.193014Z,KXBTC15M-26OCT042245-45,0.9650,73.11,no
2026-10-05T02:40:38.21578Z,KXBTC15M-26OCT042245-45,0.9650,28.42,no
2026-10-05T02:40:38.21578Z,KXBTC15M-26OCT042245-45,0.9650,23.37,no
2026-10-05T02:40:38.221801Z,KXBTC15M-26OCT042245-45,0.9650,0.01,no
2026-10-05T02:40:38.221801Z,KXBTC15M-26OCT042245-45,0.9650,0.01,no
2026-10-05T02:40:38.221801Z,KXBTC15M-26OCT042245-45,0.9650,62.51,no
2026-10-05T02:40:38.221801Z,KXBTC15M-26OCT042245-45,0.9650,67.58,no
2026-10-05T02:40:38.246867Z,KXBTC15M-26OCT042245-45,0.9650,3.92,no
2026-10-05T02:40:38.305035Z,KXBTC15M-26OCT042245-45,0.9650,3.52,no
2026-10-05T02:40:38.309865Z,KXBTC15M-26OCT042245-45,0.9660,2.13,yes
2026-10-05T02:40:38.35504Z,KXBTC15M-26OCT042245-45,0.9650,0.01,no
2026-10-05T02:40:38.35504Z,KXBTC15M-26OCT042245-45,0.9650,0.01,no
2026-10-05T02:40:38.35504Z,KXBTC15M-26OCT042245-45,0.9650,146.48,no
2026-10-05T02:40:38.35504Z,KXBTC15M-26OCT042245-45,0.9640,1.00,no
2026-10-05T02:40:38.35504Z,KXBTC15M-26OCT042245-45,0.9640,19.00,no
2026-10-05T02:40:38.35504Z,KXBTC15M-26OCT042245-45,0.9630,187.37,no
2026-10-05T02:40:38.35504Z,KXBTC15M-26OCT042245-45,0.9640,508.15,no
2026-10-05T02:40:38.366723Z,KXBTC15M-26OCT042245-45,0.9660,10.32,yes
2026-10-05T02:40:38.408165Z,KXBTC15M-26OCT042245-45,0.9640,0.01,no
2026-10-05T02:40:38.408165Z,KXBTC15M-26OCT042245-45,0.9640,0.01,no
2026-10-05T02:40:38.408165Z,KXBTC15M-26OCT042245-45,0.9640,2.67,no
2026-10-05T02:40:38.486313Z,KXBTC15M-26OCT042245-45,0.9650,0.01,yes
2026-10-05T02:40:38.486313Z,KXBTC15M-26OCT042245-45,0.9650,0.10,yes
2026-10-05T02:40:38.486313Z,KXBTC15M-26OCT042245-45,0.9650,0.01,yes
2026-10-05T02:40:38.486313Z,KXBTC15M-26OCT042245-45,0.9650,1.88,yes
2026-10-05T02:40:38.489118Z,KXBTC15M-26OCT042245-45,0.9640,42.16,no
2026-10-05T02:40:38.500195Z,KXBTC15M-26OCT042245-45,0.9650,155.12,yes
2026-10-05T02:40:38.500195Z,KXBTC15M-26OCT042245-45,0.9650,351.44,yes
2026-10-05T02:40:38.512889Z,KXBTC15M-26OCT042245-45,0.9640,45.76,no
2026-10-05T02:40:38.534873Z,KXBTC15M-26OCT042245-45,0.9640,3.40,no
2026-10-05T02:40:38.561158Z,KXBTC15M-26OCT042245-45,0.9640,2.69,no
2026-10-05T02:40:38.626825Z,KXBTC15M-26OCT042245-45,0.9640,26.22,no
2026-10-05T02:40:38.648008Z,KXBTC15M-26OCT042245-45,0.9640,27.10,no
2026-10-05T02:40:38.648008Z,KXBTC15M-26OCT042245-45,0.9640,0.01,no
2026-10-05T02:40:38.648008Z,KXBTC15M-26OCT042245-45,0.9640,0.01,no
2026-10-05T02:40:38.648008Z,KXBTC15M-26OCT042245-45,0.9630,11.94,no
2026-10-05T02:40:38.648008Z,KXBTC15M-26OCT042245-45,0.9630,3.00,no
2026-10-05T02:40:38.674753Z,KXBTC15M-26OCT042245-45,0.9640,17.95,no
2026-10-05T02:40:38.681186Z,KXBTC15M-26OCT042245-45,0.9650,18.57,yes
2026-10-05T02:40:38.689761Z,KXBTC15M-26OCT042245-45,0.9650,29.99,yes
2026-10-05T02:40:38.689761Z,KXBTC15M-26OCT042245-45,0.9650,4.01,yes
2026-10-05T02:40:38.707152Z,KXBTC15M-26OCT042245-45,0.9650,5.52,yes
2026-10-05T02:40:38.795823Z,KXBTC15M-26OCT042245-45,0.9650,103.37,yes
2026-10-05T02:40:38.799169Z,KXBTC15M-26OCT042245-45,0.9650,34.97,yes
2026-10-05T02:40:38.846095Z,KXBTC15M-26OCT042245-45,0.9640,86.61,no
2026-10-05T02:40:38.869279Z,KXBTC15M-26OCT042245-45,0.9640,0.80,no
2026-10-05T02:40:38.869279Z,KXBTC15M-26OCT042245-45,0.9640,0.01,no
2026-10-05T02:40:38.869279Z,KXBTC15M-26OCT042245-45,0.9640,51.23,no
2026-10-05T02:40:38.917326Z,KXBTC15M-26OCT042245-45,0.9650,300.00,yes
2026-10-05T02:40:39.039613Z,KXBTC15M-26OCT042245-45,0.9640,13.01,no
2026-10-05T02:40:39.058518Z,KXBTC15M-26OCT042245-45,0.9650,0.01,yes
2026-10-05T02:40:39.058518Z,KXBTC15M-26OCT042245-45,0.9650,6.33,yes
2026-10-05T02:40:39.058518Z,KXBTC15M-26OCT042245-45,0.9650,0.01,yes
2026-10-05T02:40:39.058518Z,KXBTC15M-26OCT042245-45,0.9650,1.00,yes
2026-10-05T02:40:39.058518Z,KXBTC15M-26OCT042245-45,0.9650,52.13,yes
2026-10-05T02:40:39.141258Z,KXBTC15M-26OCT042245-45,0.9640,26.02,no
2026-10-05T02:40:39.167006Z,KXBTC15M-26OCT042245-45,0.9640,73.88,no
2026-10-05T02:40:39.173976Z,KXBTC15M-26OCT042245-45,0.9640,51.17,no
2026-10-05T02:40:39.216083Z,KXBTC15M-26OCT042245-45,0.9640,13.21,no
2026-10-05T02:40:39.227874Z,KXBTC15M-26OCT042245-45,0.9650,0.01,yes
2026-10-05T02:40:39.227874Z,KXBTC15M-26OCT042245-45,0.9650,1.00,yes
2026-10-05T02:40:39.227874Z,KXBTC15M-26OCT042245-45,0.9650,0.01,yes
2026-10-05T02:40:39.227874Z,KXBTC15M-26OCT042245-45,0.9650,2.00,yes
2026-10-05T02:40:39.229778Z,KXBTC15M-26OCT042245-45,0.9660,40.51,yes
2026-10-05T02:40:39.297147Z,KXBTC15M-26OCT042245-45,0.9650,0.01,no
2026-10-05T02:40:39.297147Z,KXBTC15M-26OCT042245-45,0.9640,6.38,no
2026-10-05T02:40:39.297147Z,KXBTC15M-26OCT042245-45,0.9650,0.10,no
2026-10-05T02:40:39.297147Z,KXBTC15M-26OCT042245-45,0.9650,0.01,no
2026-10-05T02:40:39.323813Z,KXBTC15M-26OCT042245-45,0.9640,26.02,no
2026-10-05T02:40:39.334202Z,KXBTC15M-26OCT042245-45,0.9640,44.39,no
2026-10-05T02:40:39.334202Z,KXBTC15M-26OCT042245-45,0.9640,2.43,no
2026-10-05T02:40:39.394205Z,KXBTC15M-26OCT042245-45,0.9670,2.00,yes
2026-10-05T02:40:39.394205Z,KXBTC15M-26OCT042245-45,0.9660,2.00,yes
2026-10-05T02:40:39.394205Z,KXBTC15M-26OCT042245-45,0.9660,0.01,yes
2026-10-05T02:40:39.394205Z,KXBTC15M-26OCT042245-45,0.9680,2.00,yes
2026-10-05T02:40:39.394205Z,KXBTC15M-26OCT042245-45,0.9650,0.01,yes
2026-10-05T02:40:39.394205Z,KXBTC15M-26OCT042245-45,0.9660,0.01,yes
2026-10-05T02:40:39.394205Z,KXBTC15M-26OCT042245-45,0.9650,0.01,yes
2026-10-05T02:40:39.394205Z,KXBTC15M-26OCT042245-45,0.9680,2.00,yes
2026-10-05T02:40:39.394205Z,KXBTC15M-26OCT042245-45,0.9670,2.00,yes
2026-10-05T02:40:39.394205Z,KXBTC15M-26OCT042245-45,0.9690,8.38,yes
2026-10-05T02:40:39.394205Z,KXBTC15M-26OCT042245-45,0.9650,3.18,yes
2026-10-05T02:40:39.394205Z,KXBTC15M-26OCT042245-45,0.9680,29.00,yes
2026-10-05T02:40:39.400845Z,KXBTC15M-26OCT042245-45,0.9690,22.19,yes
2026-10-05T02:40:39.442161Z,KXBTC15M-26OCT042245-45,0.9660,0.01,yes
2026-10-05T02:40:39.442161Z,KXBTC15M-26OCT042245-45,0.9660,0.01,yes
2026-10-05T02:40:39.442161Z,KXBTC15M-26OCT042245-45,0.9660,36.96,yes
2026-10-05T02:40:39.445386Z,KXBTC15M-26OCT042245-45,0.9660,400.00,yes
2026-10-05T02:40:39.445386Z,KXBTC15M-26OCT042245-45,0.9660,463.04,yes
2026-10-05T02:40:39.48541Z,KXBTC15M-26OCT042245-45,0.9660,0.01,yes
2026-10-05T02:40:39.48541Z,KXBTC15M-26OCT042245-45,0.9660,0.01,yes
2026-10-05T02:40:39.48541Z,KXBTC15M-26OCT042245-45,0.9660,9.98,yes
2026-10-05T02:40:39.526921Z,KXBTC15M-26OCT042245-45,0.9660,6.00,yes
2026-10-05T02:40:39.579841Z,KXBTC15M-26OCT042245-45,0.9650,0.01,no
2026-10-05T02:40:39.579841Z,KXBTC15M-26OCT042245-45,0.9650,0.01,no
2026-10-05T02:40:39.579841Z,KXBTC15M-26OCT042245-45,0.9650,14.94,no
2026-10-05T02:40:39.610059Z,KXBTC15M-26OCT042245-45,0.9660,3.00,yes
2026-10-05T02:40:39.615665Z,KXBTC15M-26OCT042245-45,0.9660,0.01,yes
2026-10-05T02:40:39.615665Z,KXBTC15M-26OCT042245-45,0.9660,3.90,yes
2026-10-05T02:40:39.615665Z,KXBTC15M-26OCT042245-45,0.9660,0.01,yes
2026-10-05T02:40:39.615665Z,KXBTC15M-26OCT042245-45,0.9660,6.00,yes
2026-10-05T02:40:39.670543Z,KXBTC15M-26OCT042245-45,0.9650,0.01,no
2026-10-05T02:40:39.670543Z,KXBTC15M-26OCT042245-45,0.9640,26.00,no
2026-10-05T02:40:39.670543Z,KXBTC15M-26OCT042245-45,0.9650,0.01,no
2026-10-05T02:40:39.675471Z,KXBTC15M-26OCT042245-45,0.9660,1.00,yes
2026-10-05T02:40:39.675471Z,KXBTC15M-26OCT042245-45,0.9660,17.29,yes
2026-10-05T02:40:39.675471Z,KXBTC15M-26OCT042245-45,0.9660,2.36,yes
2026-10-05T02:40:39.881213Z,KXBTC15M-26OCT042245-45,0.9640,4.28,no
2026-10-05T02:40:39.94851Z,KXBTC15M-26OCT042245-45,0.9640,8.47,no
2026-10-05T02:40:39.94851Z,KXBTC15M-26OCT042245-45,0.9640,0.01,no
2026-10-05T02:40:39.94851Z,KXBTC15M-26OCT042245-45,0.9640,17.29,no
2026-10-05T02:40:39.94851Z,KXBTC15M-26OCT042245-45,0.9640,0.01,no
2026-10-05T02:40:40.072984Z,KXBTC15M-26OCT042245-45,0.9640,51.80,no
2026-10-05T02:40:40.110879Z,KXBTC15M-26OCT042245-45,0.9640,0.25,no
2026-10-05T02:40:40.120495Z,KXBTC15M-26OCT042245-45,0.9640,3.02,no
2026-10-05T02:40:40.225335Z,KXBTC15M-26OCT042245-45,0.9640,0.02,no
2026-10-05T02:40:40.229251Z,KXBTC15M-26OCT042245-45,0.9640,50.00,no
2026-10-05T02:40:40.229251Z,KXBTC15M-26OCT042245-45,0.9640,0.01,no
2026-10-05T02:40:40.229251Z,KXBTC15M-26OCT042245-45,0.9640,0.01,no
2026-10-05T02:40:40.229251Z,KXBTC15M-26OCT042245-45,0.9640,86.44,no
2026-10-05T02:40:40.235294Z,KXBTC15M-26OCT042245-45,0.9630,0.02,no
2026-10-05T02:40:40.238344Z,KXBTC15M-26OCT042245-45,0.9630,0.01,no
2026-10-05T02:40:40.238344Z,KXBTC15M-26OCT042245-45,0.9620,0.24,no
2026-10-05T02:40:40.238668Z,KXBTC15M-26OCT042245-45,0.9620,0.02,no
2026-10-05T02:40:40.247186Z,KXBTC15M-26OCT042245-45,0.9620,0.01,no
2026-10-05T02:40:40.247186Z,KXBTC15M-26OCT042245-45,0.9620,73.74,no
2026-10-05T02:40:40.304609Z,KXBTC15M-26OCT042245-45,0.9610,154.90,yes
2026-10-05T02:40:40.31377Z,KXBTC15M-26OCT042245-45,0.9610,6.00,yes
2026-10-05T02:40:40.356959Z,KXBTC15M-26OCT042245-45,0.9610,0.01,yes
2026-10-05T02:40:40.386493Z,KXBTC15M-26OCT042245-45,0.9600,20.04,no
2026-10-05T02:40:40.386493Z,KXBTC15M-26OCT042245-45,0.9600,20.00,no
2026-10-05T02:40:40.482497Z,KXBTC15M-26OCT042245-45,0.9600,5.27,no
2026-10-05T02:40:40.482497Z,KXBTC15M-26OCT042245-45,0.9600,29.96,no
2026-10-05T02:40:40.538638Z,KXBTC15M-26OCT042245-45,0.9600,0.01,no
2026-10-05T02:40:40.538638Z,KXBTC15M-26OCT042245-45,0.9600,23.41,no
2026-10-05T02:40:40.617597Z,KXBTC15M-26OCT042245-45,0.9610,2.06,yes
2026-10-05T02:40:40.753076Z,KXBTC15M-26OCT042245-45,0.9610,102.05,yes
2026-10-05T02:40:40.784917Z,KXBTC15M-26OCT042245-45,0.9600,23.42,no
2026-10-05T02:40:40.861905Z,KXBTC15M-26OCT042245-45,0.9610,41.62,yes
2026-10-05T02:40:40.883774Z,KXBTC15M-26OCT042245-45,0.9610,183.29,yes
2026-10-05T02:40:40.883774Z,KXBTC15M-26OCT042245-45,0.9610,354.26,yes
2026-10-05T02:40:40.922845Z,KXBTC15M-26OCT042245-45,0.9600,35.00,no
2026-10-05T02:40:40.922845Z,KXBTC15M-26OCT042245-45,0.9600,0.01,no
2026-10-05T02:40:40.922845Z,KXBTC15M-26OCT042245-45,0.9600,3.17,no
2026-10-05T02:40:40.922845Z,KXBTC15M-26OCT042245-45,0.9590,150.00,no
2026-10-05T02:40:40.922845Z,KXBTC15M-26OCT042245-45,0.9590,101.27,no
2026-10-05T02:40:40.925043Z,KXBTC15M-26OCT042245-45,0.9590,0.82,no
2026-10-05T02:40:40.939378Z,KXBTC15M-26OCT042245-45,0.9590,92.00,yes
2026-10-05T02:40:40.939378Z,KXBTC15M-26OCT042245-45,0.9590,10.00,yes
2026-10-05T02:40:41.004966Z,KXBTC15M-26OCT042245-45,0.9590,0.01,yes
2026-10-05T02:40:41.004966Z,KXBTC15M-26OCT042245-45,0.9590,0.01,yes
2026-10-05T02:40:41.004966Z,KXBTC15M-26OCT042245-45,0.9600,5.15,yes
2026-10-05T02:40:41.025766Z,KXBTC15M-26OCT042245-45,0.9580,111.54,no
2026-10-05T02:40:41.15164Z,KXBTC15M-26OCT042245-45,0.9580,111.54,no
2026-10-05T02:40:41.198129Z,KXBTC15M-26OCT042245-45,0.9590,0.31,yes
2026-10-05T02:40:41.272805Z,KXBTC15M-26OCT042245-45,0.9590,10.00,yes
2026-10-05T02:40:41.272805Z,KXBTC15M-26OCT042245-45,0.9590,0.01,yes
2026-10-05T02:40:41.272805Z,KXBTC15M-26OCT042245-45,0.9590,133.69,yes
2026-10-05T02:40:41.272805Z,KXBTC15M-26OCT042245-45,0.9590,0.01,yes
2026-10-05T02:40:41.272805Z,KXBTC15M-26OCT042245-45,0.9600,6.20,yes
2026-10-05T02:40:41.272805Z,KXBTC15M-26OCT042245-45,0.9600,1.00,yes
2026-10-05T02:40:41.272805Z,KXBTC15M-26OCT042245-45,0.9600,44.85,yes
2026-10-05T02:40:41.568574Z,KXBTC15M-26OCT042245-45,0.9610,31.66,yes
2026-10-05T02:40:41.568574Z,KXBTC15M-26OCT042245-45,0.9610,0.01,yes
2026-10-05T02:40:41.568574Z,KXBTC15M-26OCT042245-45,0.9610,0.01,yes
2026-10-05T02:40:41.568574Z,KXBTC15M-26OCT042245-45,0.9610,400.00,yes
2026-10-05T02:40:41.59081Z,KXBTC15M-26OCT042245-45,0.9600,11.15,no
2026-10-05T02:40:41.645178Z,KXBTC15M-26OCT042245-45,0.9600,34.43,no
2026-10-05T02:40:41.645178Z,KXBTC15M-26OCT042245-45,0.9600,239.57,no
2026-10-05T02:40:41.667732Z,KXBTC15M-26OCT042245-45,0.9600,15.57,no
2026-10-05T02:40:41.667732Z,KXBTC15M-26OCT042245-45,0.9600,6.74,no
2026-10-05T02:40:41.745163Z,KXBTC15M-26OCT042245-45,0.9610,1.03,yes
2026-10-05T02:40:41.77504Z,KXBTC15M-26OCT042245-45,0.9600,22.31,no
2026-10-05T02:40:41.820615Z,KXBTC15M-26OCT042245-45,0.9610,67.31,yes
2026-10-05T02:40:41.820615Z,KXBTC15M-26OCT042245-45,0.9610,6.14,yes
2026-10-05T02:40:41.820615Z,KXBTC15M-26OCT042245-45,0.9610,0.01,yes
2026-10-05T02:40:41.820615Z,KXBTC15M-26OCT042245-45,0.9610,28.22,yes
2026-10-05T02:40:41.820615Z,KXBTC15M-26OCT042245-45,0.9610,0.01,yes
2026-10-05T02:40:41.842093Z,KXBTC15M-26OCT042245-45,0.9610,96.00,yes
2026-10-05T02:40:41.91416Z,KXBTC15M-26OCT042245-45,0.9600,9.00,no
2026-10-05T02:40:41.969203Z,KXBTC15M-26OCT042245-45,0.9600,23.42,no
2026-10-05T02:40:42.003886Z,KXBTC15M-26OCT042245-45,0.9600,44.62,no
2026-10-05T02:40:42.034283Z,KXBTC15M-26OCT042245-45,0.9600,79.12,no
2026-10-05T02:40:42.115329Z,KXBTC15M-26OCT042245-45,0.9600,117.12,no
2026-10-05T02:40:42.152257Z,KXBTC15M-26OCT042245-45,0.9600,2.34,no
2026-10-05T02:40:42.161719Z,KXBTC15M-26OCT042245-45,0.9600,84.53,no
2026-10-05T02:40:42.18545Z,KXBTC15M-26OCT042245-45,0.9610,67.35,yes
2026-10-05T02:40:42.191147Z,KXBTC15M-26OCT042245-45,0.9600,83.00,no
2026-10-05T02:40:42.253934Z,KXBTC15M-26OCT042245-45,0.9610,13.81,yes
2026-10-05T02:40:42.253934Z,KXBTC15M-26OCT042245-45,0.9610,6.08,yes
2026-10-05T02:40:42.253934Z,KXBTC15M-26OCT042245-45,0.9610,0.01,yes
2026-10-05T02:40:42.253934Z,KXBTC15M-26OCT042245-45,0.9610,0.01,yes
2026-10-05T02:40:42.253934Z,KXBTC15M-26OCT042245-45,0.9610,1.00,yes
2026-10-05T02:40:42.253934Z,KXBTC15M-26OCT042245-45,0.9610,208.43,yes
2026-10-05T02:40:42.289349Z,KXBTC15M-26OCT042245-45,0.9600,23.42,no
2026-10-05T02:40:42.318984Z,KXBTC15M-26OCT042245-45,0.9610,10.37,yes
2026-10-05T02:40:42.32333Z,KXBTC15M-26OCT042245-45,0.9610,10.37,yes
2026-10-05T02:40:42.327926Z,KXBTC15M-26OCT042245-45,0.9610,90.24,yes
2026-10-05T02:40:42.346576Z,KXBTC15M-26OCT042245-45,0.9600,4.38,no
2026-10-05T02:40:42.346576Z,KXBTC15M-26OCT042245-45,0.9600,464.07,no
2026-10-05T02:40:42.443157Z,KXBTC15M-26OCT042245-45,0.9600,35.93,no
2026-10-05T02:40:42.443157Z,KXBTC15M-26OCT042245-45,0.9600,0.01,no
2026-10-05T02:40:42.443157Z,KXBTC15M-26OCT042245-45,0.9600,0.01,no
2026-10-05T02:40:42.443157Z,KXBTC15M-26OCT042245-45,0.9590,193.61,no
2026-10-05T02:40:42.511288Z,KXBTC15M-26OCT042245-45,0.9590,11.47,no
2026-10-05T02:40:42.65231Z,KXBTC15M-26OCT042245-45,0.9590,4.42,no
2026-10-05T02:40:42.65231Z,KXBTC15M-26OCT042245-45,0.9590,18.53,no
2026-10-05T02:40:42.673451Z,KXBTC15M-26OCT042245-45,0.9590,16.58,no
2026-10-05T02:40:42.673451Z,KXBTC15M-26OCT042245-45,0.9590,6.37,no
2026-10-05T02:40:42.712456Z,KXBTC15M-26OCT042245-45,0.9600,31.33,yes
2026-10-05T02:40:42.725026Z,KXBTC15M-26OCT042245-45,0.9600,30.01,yes
2026-10-05T02:40:42.757042Z,KXBTC15M-26OCT042245-45,0.9590,3.20,no
2026-10-05T02:40:42.762849Z,KXBTC15M-26OCT042245-45,0.9590,0.72,no
2026-10-05T02:40:42.971642Z,KXBTC15M-26OCT042245-45,0.9600,0.10,yes
2026-10-05T02:40:42.971642Z,KXBTC15M-26OCT042245-45,0.9600,1.97,yes
2026-10-05T02:40:42.977117Z,KXBTC15M-26OCT042245-45,0.9580,36.19,no
2026-10-05T02:40:42.977117Z,KXBTC15M-26OCT042245-45,0.9590,2.00,no
2026-10-05T02:40:42.977117Z,KXBTC15M-26OCT042245-45,0.9590,0.01,no
2026-10-05T02:40:42.977117Z,KXBTC15M-26OCT042245-45,0.9590,0.01,no
2026-10-05T02:40:42.977117Z,KXBTC15M-26OCT042245-45,0.9590,139.71,no
2026-10-05T02:40:42.977117Z,KXBTC15M-26OCT042245-45,0.9590,2.00,no
2026-10-05T02:40:43.12176Z,KXBTC15M-26OCT042245-45,0.9590,0.01,yes
2026-10-05T02:40:43.12176Z,KXBTC15M-26OCT042245-45,0.9590,0.10,yes
2026-10-05T02:40:43.12176Z,KXBTC15M-26OCT042245-45,0.9590,0.01,yes
2026-10-05T02:40:43.12176Z,KXBTC15M-26OCT042245-45,0.9600,20.65,yes
2026-10-05T02:40:43.162264Z,KXBTC15M-26OCT042245-45,0.9590,45.71,no
2026-10-05T02:40:43.240325Z,KXBTC15M-26OCT042245-45,0.9590,71.10,no
2026-10-05T02:40:43.31823Z,KXBTC15M-26OCT042245-45,0.9580,29.87,no
2026-10-05T02:40:43.31823Z,KXBTC15M-26OCT042245-45,0.9590,33.19,no
2026-10-05T02:40:43.31823Z,KXBTC15M-26OCT042245-45,0.9590,0.10,no
2026-10-05T02:40:43.31823Z,KXBTC15M-26OCT042245-45,0.9590,0.01,no
2026-10-05T02:40:43.31823Z,KXBTC15M-26OCT042245-45,0.9590,2.00,no
2026-10-05T02:40:43.31823Z,KXBTC15M-26OCT042245-45,0.9590,2.00,no
2026-10-05T02:40:43.31823Z,KXBTC15M-26OCT042245-45,0.9590,0.01,no
2026-10-05T02:40:43.352983Z,KXBTC15M-26OCT042245-45,0.9580,22.31,no
2026-10-05T02:40:43.357692Z,KXBTC15M-26OCT042245-45,0.9580,22.39,no
2026-10-05T02:40:43.399102Z,KXBTC15M-26OCT042245-45,0.9580,1.37,no
2026-10-05T02:40:43.417288Z,KXBTC15M-26OCT042245-45,0.9600,20.65,yes
2026-10-05T02:40:43.417288Z,KXBTC15M-26OCT042245-45,0.9590,0.01,yes
2026-10-05T02:40:43.417288Z,KXBTC15M-26OCT042245-45,0.9590,0.01,yes
2026-10-05T02:40:43.417288Z,KXBTC15M-26OCT042245-45,0.9590,0.10,yes
2026-10-05T02:40:43.440938Z,KXBTC15M-26OCT042245-45,0.9600,0.77,yes
2026-10-05T02:40:43.440938Z,KXBTC15M-26OCT042245-45,0.9600,8.70,yes
2026-10-05T02:40:43.465841Z,KXBTC15M-26OCT042245-45,0.9580,9.21,no
2026-10-05T02:40:43.465841Z,KXBTC15M-26OCT042245-45,0.9590,0.01,no
2026-10-05T02:40:43.465841Z,KXBTC15M-26OCT042245-45,0.9590,0.10,no
2026-10-05T02:40:43.465841Z,KXBTC15M-26OCT042245-45,0.9590,0.01,no
2026-10-05T02:40:43.573263Z,KXBTC15M-26OCT042245-45,0.9590,129.28,no
2026-10-05T02:40:43.573263Z,KXBTC15M-26OCT042245-45,0.9590,0.01,no
2026-10-05T02:40:43.573263Z,KXBTC15M-26OCT042245-45,0.9590,0.01,no
2026-10-05T02:40:43.578678Z,KXBTC15M-26OCT042245-45,0.9590,188.64,no
2026-10-05T02:40:43.578678Z,KXBTC15M-26OCT042245-45,0.9590,500.00,no
2026-10-05T02:40:43.578678Z,KXBTC15M-26OCT042245-45,0.9590,400.00,no
2026-10-05T02:40:43.578678Z,KXBTC15M-26OCT042245-45,0.9590,20.72,no
2026-10-05T02:40:43.578678Z,KXBTC15M-26OCT042245-45,0.9590,10.00,no
2026-10-05T02:40:43.583766Z,KXBTC15M-26OCT042245-45,0.9590,223.13,no
2026-10-05T02:40:43.586446Z,KXBTC15M-26OCT042245-45,0.9590,45.71,no
2026-10-05T02:40:43.601773Z,KXBTC15M-26OCT042245-45,0.9600,0.23,yes
2026-10-05T02:40:43.601773Z,KXBTC15M-26OCT042245-45,0.9600,25.73,yes
2026-10-05T02:40:43.63686Z,KXBTC15M-26OCT042245-45,0.9600,57.34,yes
2026-10-05T02:40:43.712344Z,KXBTC15M-26OCT042245-45,0.9590,0.01,no
2026-10-05T02:40:43.712344Z,KXBTC15M-26OCT042245-45,0.9590,45.69,no
2026-10-05T02:40:43.712344Z,KXBTC15M-26OCT042245-45,0.9590,0.01,no
2026-10-05T02:40:43.73096Z,KXBTC15M-26OCT042245-45,0.9590,35.57,no
2026-10-05T02:40:43.73096Z,KXBTC15M-26OCT042245-45,0.9590,98.31,no
2026-10-05T02:40:43.783257Z,KXBTC15M-26OCT042245-45,0.9590,22.85,no
2026-10-05T02:40:43.783869Z,KXBTC15M-26OCT042245-45,0.9590,22.85,no
2026-10-05T02:40:43.786716Z,KXBTC15M-26OCT042245-45,0.9590,45.91,no
2026-10-05T02:40:43.805445Z,KXBTC15M-26OCT042245-45,0.9600,1.99,yes
2026-10-05T02:40:43.887828Z,KXBTC15M-26OCT042245-45,0.9600,185.08,yes
2026-10-05T02:40:43.887828Z,KXBTC15M-26OCT042245-45,0.9600,2.04,yes
2026-10-05T02:40:43.90661Z,KXBTC15M-26OCT042245-45,0.9590,22.39,no
2026-10-05T02:40:43.926969Z,KXBTC15M-26OCT042245-45,0.9600,314.92,yes
2026-10-05T02:40:43.926969Z,KXBTC15M-26OCT042245-45,0.9600,10.00,yes
2026-10-05T02:40:43.926969Z,KXBTC15M-26OCT042245-45,0.9610,6.11,yes
2026-10-05T02:40:43.926969Z,KXBTC15M-26OCT042245-45,0.9610,20.04,yes
2026-10-05T02:40:43.926969Z,KXBTC15M-26OCT042245-45,0.9600,6.11,yes
2026-10-05T02:40:43.926969Z,KXBTC15M-26OCT042245-45,0.9600,50.00,yes
2026-10-05T02:40:43.926969Z,KXBTC15M-26OCT042245-45,0.9600,0.01,yes
2026-10-05T02:40:43.926969Z,KXBTC15M-26OCT042245-45,0.9600,0.01,yes
2026-10-05T02:40:43.926969Z,KXBTC15M-26OCT042245-45,0.9600,1.00,yes
2026-10-05T02:40:43.941965Z,KXBTC15M-26OCT042245-45,0.9610,0.01,yes
2026-10-05T02:40:43.941965Z,KXBTC15M-26OCT042245-45,0.9610,1.27,yes
2026-10-05T02:40:43.941965Z,KXBTC15M-26OCT042245-45,0.9610,0.01,yes
2026-10-05T02:40:43.941965Z,KXBTC15M-26OCT042245-45,0.9600,0.01,yes
2026-10-05T02:40:44.043367Z,KXBTC15M-26OCT042245-45,0.9610,0.01,yes
2026-10-05T02:40:44.043367Z,KXBTC15M-26OCT042245-45,0.9610,0.01,yes
2026-10-05T02:40:44.043367Z,KXBTC15M-26OCT042245-45,0.9610,141.00,yes
2026-10-05T02:40:44.043367Z,KXBTC15M-26OCT042245-45,0.9610,121.98,yes
2026-10-05T02:40:44.146734Z,KXBTC15M-26OCT042245-45,0.9630,15.24,yes
2026-10-05T02:40:44.146734Z,KXBTC15M-26OCT042245-45,0.9620,0.01,yes
2026-10-05T02:40:44.146734Z,KXBTC15M-26OCT042245-45,0.9620,0.01,yes
2026-10-05T02:40:44.204824Z,KXBTC15M-26OCT042245-45,0.9610,9.90,no
2026-10-05T02:40:44.204824Z,KXBTC15M-26OCT042245-45,0.9610,0.10,no
2026-10-05T02:40:44.338001Z,KXBTC15M-26OCT042245-45,0.9630,129.25,yes
2026-10-05T02:40:44.338001Z,KXBTC15M-26OCT042245-45,0.9620,0.01,yes
2026-10-05T02:40:44.338001Z,KXBTC15M-26OCT042245-45,0.9620,0.01,yes
2026-10-05T02:40:44.372621Z,KXBTC15M-26OCT042245-45,0.9610,82.10,no
2026-10-05T02:40:44.372621Z,KXBTC15M-26OCT042245-45,0.9610,0.01,no
2026-10-05T02:40:44.372621Z,KXBTC15M-26OCT042245-45,0.9610,0.01,no
2026-10-05T02:40:44.372621Z,KXBTC15M-26OCT042245-45,0.9610,55.01,no
2026-10-05T02:40:44.39943Z,KXBTC15M-26OCT042245-45,0.9620,72.00,yes
2026-10-05T02:40:44.39943Z,KXBTC15M-26OCT042245-45,0.9620,0.01,yes
2026-10-05T02:40:44.39943Z,KXBTC15M-26OCT042245-45,0.9620,0.01,yes
2026-10-05T02:40:44.39943Z,KXBTC15M-26OCT042245-45,0.9620,9.00,yes
2026-10-05T02:40:44.39943Z,KXBTC15M-26OCT042245-45,0.9630,8.55,yes
2026-10-05T02:40:44.407907Z,KXBTC15M-26OCT042245-45,0.9610,0.01,no
2026-10-05T02:40:44.407907Z,KXBTC15M-26OCT042245-45,0.9610,0.01,no
2026-10-05T02:40:44.407907Z,KXBTC15M-26OCT042245-45,0.9610,0.21,no
2026-10-05T02:40:44.447727Z,KXBTC15M-26OCT042245-45,0.9620,0.01,yes
2026-10-05T02:40:44.447727Z,KXBTC15M-26OCT042245-45,0.9630,0.01,yes
2026-10-05T02:40:44.447727Z,KXBTC15M-26OCT042245-45,0.9620,0.01,yes
2026-10-05T02:40:44.447727Z,KXBTC15M-26OCT042245-45,0.9630,0.01,yes
2026-10-05T02:40:44.447727Z,KXBTC15M-26OCT042245-45,0.9640,0.60,yes
2026-10-05T02:40:44.456134Z,KXBTC15M-26OCT042245-45,0.9640,5.17,yes
2026-10-05T02:40:44.467658Z,KXBTC15M-26OCT042245-45,0.9620,46.85,no
2026-10-05T02:40:44.489543Z,KXBTC15M-26OCT042245-45,0.9630,0.01,no
2026-10-05T02:40:44.489543Z,KXBTC15M-26OCT042245-45,0.9630,0.01,no
2026-10-05T02:40:44.489543Z,KXBTC15M-26OCT042245-45,0.9630,24.00,no
2026-10-05T02:40:44.792323Z,KXBTC15M-26OCT042245-45,0.9620,11.99,no
2026-10-05T02:40:44.792323Z,KXBTC15M-26OCT042245-45,0.9620,0.01,no
2026-10-05T02:40:44.792323Z,KXBTC15M-26OCT042245-45,0.9620,0.01,no
2026-10-05T02:40:44.890606Z,KXBTC15M-26OCT042245-45,0.9630,0.01,yes
2026-10-05T02:40:44.890606Z,KXBTC15M-26OCT042245-45,0.9630,5.76,yes
2026-10-05T02:40:44.890606Z,KXBTC15M-26OCT042245-45,0.9630,0.01,yes
2026-10-05T02:40:44.910843Z,KXBTC15M-26OCT042245-45,0.9620,73.96,no
2026-10-05T02:40:44.963229Z,KXBTC15M-26OCT042245-45,0.9620,136.96,no
2026-10-05T02:40:44.963229Z,KXBTC15M-26OCT042245-45,0.9620,158.93,no
2026-10-05T02:40:44.963229Z,KXBTC15M-26OCT042245-45,0.9620,0.01,no
2026-10-05T02:40:44.963229Z,KXBTC15M-26OCT042245-45,0.9620,36.00,no
2026-10-05T02:40:44.963229Z,KXBTC15M-26OCT042245-45,0.9620,314.05,no
2026-10-05T02:40:44.963229Z,KXBTC15M-26OCT042245-45,0.9620,100.00,no
2026-10-05T02:40:44.963229Z,KXBTC15M-26OCT042245-45,0.9620,0.01,no
2026-10-05T02:40:44.963229Z,KXBTC15M-26OCT042245-45,0.9620,200.00,no
2026-10-05T02:40:44.963229Z,KXBTC15M-26OCT042245-45,0.9620,1.00,no
2026-10-05T02:40:44.993463Z,KXBTC15M-26OCT042245-45,0.9620,73.96,no
2026-10-05T02:40:45.000285Z,KXBTC15M-26OCT042245-45,0.9620,105.17,no
2026-10-05T02:40:45.02311Z,KXBTC15M-26OCT042245-45,0.9620,0.24,no
2026-10-05T02:40:45.058788Z,KXBTC15M-26OCT042245-45,0.9620,123.27,no
2026-10-05T02:40:45.100653Z,KXBTC15M-26OCT042245-45,0.9620,13.01,no
2026-10-05T02:40:45.100653Z,KXBTC15M-26OCT042245-45,0.9620,0.01,no
2026-10-05T02:40:45.100653Z,KXBTC15M-26OCT042245-45,0.9620,11.00,no
2026-10-05T02:40:45.128393Z,KXBTC15M-26OCT042245-45,0.9650,10.00,yes
2026-10-05T02:40:45.128393Z,KXBTC15M-26OCT042245-45,0.9640,500.00,yes
2026-10-05T02:40:45.128393Z,KXBTC15M-26OCT042245-45,0.9650,730.67,yes
2026-10-05T02:40:45.128393Z,KXBTC15M-26OCT042245-45,0.9640,4.23,yes
2026-10-05T02:40:45.128393Z,KXBTC15M-26OCT042245-45,0.9640,80.00,yes
2026-10-05T02:40:45.128393Z,KXBTC15M-26OCT042245-45,0.9630,0.01,yes
2026-10-05T02:40:45.128393Z,KXBTC15M-26OCT042245-45,0.9640,9.00,yes
2026-10-05T02:40:45.128393Z,KXBTC15M-26OCT042245-45,0.9640,1.00,yes
2026-10-05T02:40:45.128393Z,KXBTC15M-26OCT042245-45,0.9640,74.00,yes
2026-10-05T02:40:45.128393Z,KXBTC15M-26OCT042245-45,0.9640,500.00,yes
2026-10-05T02:40:45.128393Z,KXBTC15M-26OCT042245-45,0.9630,0.01,yes
2026-10-05T02:40:45.128393Z,KXBTC15M-26OCT042245-45,0.9640,6.08,yes
2026-10-05T02:40:45.128393Z,KXBTC15M-26OCT042245-45,0.9640,1000.00,yes
2026-10-05T02:40:45.214505Z,KXBTC15M-26OCT042245-45,0.9660,14.55,yes
2026-10-05T02:40:45.214505Z,KXBTC15M-26OCT042245-45,0.9630,0.01,yes
2026-10-05T02:40:45.214505Z,KXBTC15M-26OCT042245-45,0.9630,0.01,yes
2026-10-05T02:40:45.214505Z,KXBTC15M-26OCT042245-45,0.9640,0.01,yes
2026-10-05T02:40:45.214505Z,KXBTC15M-26OCT042245-45,0.9640,0.01,yes
2026-10-05T02:40:45.246547Z,KXBTC15M-26OCT042245-45,0.9630,24.65,no
2026-10-05T02:40:45.260217Z,KXBTC15M-26OCT042245-45,0.9640,0.51,yes
2026-10-05T02:40:45.347139Z,KXBTC15M-26OCT042245-45,0.9640,1.00,yes
2026-10-05T02:40:45.347139Z,KXBTC15M-26OCT042245-45,0.9640,0.01,yes
2026-10-05T02:40:45.347139Z,KXBTC15M-26OCT042245-45,0.9640,100.00,yes
2026-10-05T02:40:45.347139Z,KXBTC15M-26OCT042245-45,0.9640,0.01,yes
2026-10-05T02:40:45.347139Z,KXBTC15M-26OCT042245-45,0.9640,311.23,yes
2026-10-05T02:40:45.347139Z,KXBTC15M-26OCT042245-45,0.9650,207.99,yes
2026-10-05T02:40:45.353564Z,KXBTC15M-26OCT042245-45,0.9630,46.06,no
2026-10-05T02:40:45.353564Z,KXBTC15M-26OCT042245-45,0.9630,45.35,no
2026-10-05T02:40:45.393533Z,KXBTC15M-26OCT042245-45,0.9630,70.00,no
2026-10-05T02:40:45.393533Z,KXBTC15M-26OCT042245-45,0.9630,23.94,no
2026-10-05T02:40:45.393533Z,KXBTC15M-26OCT042245-45,0.9630,53.25,no
2026-10-05T02:40:45.400976Z,KXBTC15M-26OCT042245-45,0.9630,6.16,no
2026-10-05T02:40:45.401188Z,KXBTC15M-26OCT042245-45,0.9630,1.73,no
2026-10-05T02:40:45.401188Z,KXBTC15M-26OCT042245-45,0.9630,10.59,no
2026-10-05T02:40:45.418848Z,KXBTC15M-26OCT042245-45,0.9630,54.99,no
2026-10-05T02:40:45.418848Z,KXBTC15M-26OCT042245-45,0.9630,0.01,no
2026-10-05T02:40:45.418848Z,KXBTC15M-26OCT042245-45,0.9630,68.27,no
2026-10-05T02:40:45.455905Z,KXBTC15M-26OCT042245-45,0.9630,24.65,no
2026-10-05T02:40:45.49236Z,KXBTC15M-26OCT042245-45,0.9630,54.53,no
2026-10-05T02:40:45.49236Z,KXBTC15M-26OCT042245-45,0.9630,0.01,no
2026-10-05T02:40:45.49236Z,KXBTC15M-26OCT042245-45,0.9630,120.36,no
2026-10-05T02:40:45.49236Z,KXBTC15M-26OCT042245-45,0.9630,10.00,no
2026-10-05T02:40:45.49236Z,KXBTC15M-26OCT042245-45,0.9630,0.10,no
2026-10-05T02:40:45.517677Z,KXBTC15M-26OCT042245-45,0.9630,500.00,no
2026-10-05T02:40:45.517677Z,KXBTC15M-26OCT042245-45,0.9630,396.47,no
2026-10-05T02:40:45.517677Z,KXBTC15M-26OCT042245-45,0.9630,429.53,no
2026-10-05T02:40:45.517677Z,KXBTC15M-26OCT042245-45,0.9630,600.00,no
2026-10-05T02:40:45.520538Z,KXBTC15M-26OCT042245-45,0.9640,0.01,yes
2026-10-05T02:40:45.520538Z,KXBTC15M-26OCT042245-45,0.9640,0.01,yes
2026-10-05T02:40:45.528296Z,KXBTC15M-26OCT042245-45,0.9640,74.98,no
2026-10-05T02:40:45.528296Z,KXBTC15M-26OCT042245-45,0.9640,48.29,no
2026-10-05T02:40:45.544159Z,KXBTC15M-26OCT042245-45,0.9650,84.00,no
2026-10-05T02:40:45.544159Z,KXBTC15M-26OCT042245-45,0.9640,0.01,no
2026-10-05T02:40:45.544159Z,KXBTC15M-26OCT042245-45,0.9640,202.00,no
2026-10-05T02:40:45.544159Z,KXBTC15M-26OCT042245-45,0.9640,50.88,no
2026-10-05T02:40:45.544159Z,KXBTC15M-26OCT042245-45,0.9640,70.00,no
2026-10-05T02:40:45.544159Z,KXBTC15M-26OCT042245-45,0.9640,200.00,no
2026-10-05T02:40:45.544159Z,KXBTC15M-26OCT042245-45,0.9640,0.01,no
2026-10-05T02:40:45.544159Z,KXBTC15M-26OCT042245-45,0.9640,21.71,no
2026-10-05T02:40:45.544159Z,KXBTC15M-26OCT042245-45,0.9640,352.00,no
2026-10-05T02:40:45.567879Z,KXBTC15M-26OCT042245-45,0.9660,0.58,yes
2026-10-05T02:40:45.567879Z,KXBTC15M-26OCT042245-45,0.9660,0.01,yes
2026-10-05T02:40:45.567879Z,KXBTC15M-26OCT042245-45,0.9660,0.01,yes
2026-10-05T02:40:45.599327Z,KXBTC15M-26OCT042245-45,0.9650,0.01,no
2026-10-05T02:40:45.599327Z,KXBTC15M-26OCT042245-45,0.9640,25.30,no
2026-10-05T02:40:45.599327Z,KXBTC15M-26OCT042245-45,0.9650,0.01,no
2026-10-05T02:40:45.660122Z,KXBTC15M-26OCT042245-45,0.9640,49.33,no
2026-10-05T02:40:45.660122Z,KXBTC15M-26OCT042245-45,0.9650,0.01,no
2026-10-05T02:40:45.660122Z,KXBTC15M-26OCT042245-45,0.9650,0.01,no
2026-10-05T02:40:45.718338Z,KXBTC15M-26OCT042245-45,0.9650,0.01,yes
2026-10-05T02:40:45.718338Z,KXBTC15M-26OCT042245-45,0.9650,304.09,yes
2026-10-05T02:40:45.718338Z,KXBTC15M-26OCT042245-45,0.9650,0.10,yes
2026-10-05T02:40:45.718338Z,KXBTC15M-26OCT042245-45,0.9650,0.01,yes
2026-10-05T02:40:45.774659Z,KXBTC15M-26OCT042245-45,0.9640,17.36,no
2026-10-05T02:40:45.875503Z,KXBTC15M-26OCT042245-45,0.9640,56.95,no
2026-10-05T02:40:45.921783Z,KXBTC15M-26OCT042245-45,0.9640,4.31,no
2026-10-05T02:40:45.964755Z,KXBTC15M-26OCT042245-45,0.9650,20.65,yes
2026-10-05T02:40:45.987176Z,KXBTC15M-26OCT042245-45,0.9640,50.64,no
2026-10-05T02:40:46.006666Z,KXBTC15M-26OCT042245-45,0.9640,0.01,no
2026-10-05T02:40:46.006666Z,KXBTC15M-26OCT042245-45,0.9640,0.01,no
2026-10-05T02:40:46.006666Z,KXBTC15M-26OCT042245-45,0.9640,1.00,no
2026-10-05T02:40:46.006666Z,KXBTC15M-26OCT042245-45,0.9640,70.74,no
2026-10-05T02:40:46.006666Z,KXBTC15M-26OCT042245-45,0.9640,58.10,no
2026-10-05T02:40:46.132103Z,KXBTC15M-26OCT042245-45,0.9650,20.03,yes
2026-10-05T02:40:46.132103Z,KXBTC15M-26OCT042245-45,0.9650,75.26,yes
2026-10-05T02:40:46.132103Z,KXBTC15M-26OCT042245-45,0.9650,6.22,yes
2026-10-05T02:40:46.211607Z,KXBTC15M-26OCT042245-45,0.9640,0.01,no
2026-10-05T02:40:46.211607Z,KXBTC15M-26OCT042245-45,0.9640,0.01,no
2026-10-05T02:40:46.211607Z,KXBTC15M-26OCT042245-45,0.9640,147.40,no
2026-10-05T02:40:46.259824Z,KXBTC15M-26OCT042245-45,0.9640,0.01,no
2026-10-05T02:40:46.259824Z,KXBTC15M-26OCT042245-45,0.9630,41.00,no
2026-10-05T02:40:46.259824Z,KXBTC15M-26OCT042245-45,0.9640,0.01,no
2026-10-05T02:40:46.259824Z,KXBTC15M-26OCT042245-45,0.9620,1.98,no
2026-10-05T02:40:46.259824Z,KXBTC15M-26OCT042245-45,0.9620,12.00,no
2026-10-05T02:40:46.315713Z,KXBTC15M-26OCT042245-45,0.9630,25.49,no
2026-10-05T02:40:46.347755Z,KXBTC15M-26OCT042245-45,0.9630,100.00,no
2026-10-05T02:40:46.357841Z,KXBTC15M-26OCT042245-45,0.9640,0.01,yes
2026-10-05T02:40:46.357841Z,KXBTC15M-26OCT042245-45,0.9640,0.10,yes
2026-10-05T02:40:46.357841Z,KXBTC15M-26OCT042245-45,0.9640,152.42,yes
2026-10-05T02:40:46.357841Z,KXBTC15M-26OCT042245-45,0.9640,0.01,yes
2026-10-05T02:40:46.441672Z,KXBTC15M-26OCT042245-45,0.9640,0.58,yes
2026-10-05T02:40:46.441672Z,KXBTC15M-26OCT042245-45,0.9640,3.55,yes
2026-10-05T02:40:46.568265Z,KXBTC15M-26OCT042245-45,0.9630,73.11,no
2026-10-05T02:40:46.568265Z,KXBTC15M-26OCT042245-45,0.9630,0.01,no
2026-10-05T02:40:46.568265Z,KXBTC15M-26OCT042245-45,0.9630,0.01,no
2026-10-05T02:40:46.650118Z,KXBTC15M-26OCT042245-45,0.9630,10.40,no
2026-10-05T02:40:46.708611Z,KXBTC15M-26OCT042245-45,0.9630,25.49,no
2026-10-05T02:40:46.767658Z,KXBTC15M-26OCT042245-45,0.9640,26.55,yes
2026-10-05T02:40:46.767658Z,KXBTC15M-26OCT042245-45,0.9640,96.45,yes
2026-10-05T02:40:46.85092Z,KXBTC15M-26OCT042245-45,0.9630,0.01,no
2026-10-05T02:40:46.85092Z,KXBTC15M-26OCT042245-45,0.9620,6.00,no
2026-10-05T02:40:46.85092Z,KXBTC15M-26OCT042245-45,0.9630,0.01,no
2026-10-05T02:40:46.85092Z,KXBTC15M-26OCT042245-45,0.9610,16.00,no
2026-10-05T02:40:46.85092Z,KXBTC15M-26OCT042245-45,0.9610,477.98,no
2026-10-05T02:40:46.902349Z,KXBTC15M-26OCT042245-45,0.9630,0.01,yes
2026-10-05T02:40:46.902349Z,KXBTC15M-26OCT042245-45,0.9630,0.01,yes
2026-10-05T02:40:46.902349Z,KXBTC15M-26OCT042245-45,0.9630,225.55,yes
2026-10-05T02:40:46.98266Z,KXBTC15M-26OCT042245-45,0.9620,0.01,no
2026-10-05T02:40:46.98266Z,KXBTC15M-26OCT042245-45,0.9620,11.00,no
2026-10-05T02:40:46.98266Z,KXBTC15M-26OCT042245-45,0.9620,0.01,no
2026-10-05T02:40:46.98266Z,KXBTC15M-26OCT042245-45,0.9610,584.22,no
2026-10-05T02:40:46.98266Z,KXBTC15M-26OCT042245-45,0.9620,262.66,no
2026-10-05T02:40:47.060941Z,KXBTC15M-26OCT042245-45,0.9620,0.93,yes
2026-10-05T02:40:47.060941Z,KXBTC15M-26OCT042245-45,0.9620,0.10,yes
2026-10-05T02:40:47.093869Z,KXBTC15M-26OCT042245-45,0.9620,5.15,yes
2026-10-05T02:40:47.093869Z,KXBTC15M-26OCT042245-45,0.9620,0.01,yes
2026-10-05T02:40:47.093869Z,KXBTC15M-26OCT042245-45,0.9620,0.01,yes
2026-10-05T02:40:47.13822Z,KXBTC15M-26OCT042245-45,0.9610,103.94,no
2026-10-05T02:40:47.231096Z,KXBTC15M-26OCT042245-45,0.9610,1.00,no
2026-10-05T02:40:47.246628Z,KXBTC15M-26OCT042245-45,0.9610,16.77,no
2026-10-05T02:40:47.458718Z,KXBTC15M-26OCT042245-45,0.9610,100.00,no
2026-10-05T02:40:47.487298Z,KXBTC15M-26OCT042245-45,0.9610,2.24,no
2026-10-05T02:40:47.703642Z,KXBTC15M-26OCT042245-45,0.9610,23.42,no
2026-10-05T02:40:47.747282Z,KXBTC15M-26OCT042245-45,0.9620,0.01,yes
2026-10-05T02:40:47.747282Z,KXBTC15M-26OCT042245-45,0.9620,72.21,yes
2026-10-05T02:40:47.747282Z,KXBTC15M-26OCT042245-45,0.9620,0.01,yes
2026-10-05T02:40:47.810073Z,KXBTC15M-26OCT042245-45,0.9610,24.02,no
2026-10-05T02:40:48.034782Z,KXBTC15M-26OCT042245-45,0.9610,14.17,no
2026-10-05T02:40:48.135746Z,KXBTC15M-26OCT042245-45,0.9610,2.40,no
2026-10-05T02:40:48.152596Z,KXBTC15M-26OCT042245-45,0.9610,19.46,no
2026-10-05T02:40:48.202587Z,KXBTC15M-26OCT042245-45,0.9610,47.08,no
2026-10-05T02:40:48.246798Z,KXBTC15M-26OCT042245-45,0.9620,0.01,yes
2026-10-05T02:40:48.246798Z,KXBTC15M-26OCT042245-45,0.9620,0.01,yes
2026-10-05T02:40:48.246798Z,KXBTC15M-26OCT042245-45,0.9650,59.58,yes
2026-10-05T02:40:48.246798Z,KXBTC15M-26OCT042245-45,0.9630,1.00,yes
2026-10-05T02:40:48.275129Z,KXBTC15M-26OCT042245-45,0.9610,600.62,no
2026-10-05T02:40:48.442282Z,KXBTC15M-26OCT042245-45,0.9610,70.47,no
2026-10-05T02:40:48.442282Z,KXBTC15M-26OCT042245-45,0.9610,1.58,no
2026-10-05T02:40:48.442282Z,KXBTC15M-26OCT042245-45,0.9610,0.01,no
2026-10-05T02:40:48.442282Z,KXBTC15M-26OCT042245-45,0.9610,0.01,no
2026-10-05T02:40:48.455177Z,KXBTC15M-26OCT042245-45,0.9610,480.49,no
2026-10-05T02:40:48.651977Z,KXBTC15M-26OCT042245-45,0.9610,17.93,no
2026-10-05T02:40:48.651977Z,KXBTC15M-26OCT042245-45,0.9610,11.00,no
2026-10-05T02:40:48.651977Z,KXBTC15M-26OCT042245-45,0.9610,18.15,no
2026-10-05T02:40:48.675964Z,KXBTC15M-26OCT042245-45,0.9610,24.02,no
2026-10-05T02:40:48.712234Z,KXBTC15M-26OCT042245-45,0.9610,2.40,no
2026-10-05T02:40:48.77863Z,KXBTC15M-26OCT042245-45,0.9620,2.05,yes
2026-10-05T02:40:48.77863Z,KXBTC15M-26OCT042245-45,0.9620,0.01,yes
2026-10-05T02:40:48.77863Z,KXBTC15M-26OCT042245-45,0.9620,0.01,yes
2026-10-05T02:40:48.780659Z,KXBTC15M-26OCT042245-45,0.9610,1.68,no
2026-10-05T02:40:48.866278Z,KXBTC15M-26OCT042245-45,0.9610,96.09,no
2026-10-05T02:40:49.116883Z,KXBTC15M-26OCT042245-45,0.9610,98.00,no
2026-10-05T02:40:49.202113Z,KXBTC15M-26OCT042245-45,0.9610,0.45,no
2026-10-05T02:40:49.207591Z,KXBTC15M-26OCT042245-45,0.9610,47.08,no
2026-10-05T02:40:49.294478Z,KXBTC15M-26OCT042245-45,0.9610,24.02,no
2026-10-05T02:40:49.315443Z,KXBTC15M-26OCT042245-45,0.9610,88.11,no
2026-10-05T02:40:49.315443Z,KXBTC15M-26OCT042245-45,0.9610,32.13,no
2026-10-05T02:40:49.315443Z,KXBTC15M-26OCT042245-45,0.9610,120.00,no
2026-10-05T02:40:49.37109Z,KXBTC15M-26OCT042245-45,0.9610,39.00,no
2026-10-05T02:40:49.393067Z,KXBTC15M-26OCT042245-45,0.9610,4.80,no
2026-10-05T02:40:49.410003Z,KXBTC15M-26OCT042245-45,0.9610,96.09,no
2026-10-05T02:40:49.510069Z,KXBTC15M-26OCT042245-45,0.9650,153.95,yes
2026-10-05T02:40:49.510069Z,KXBTC15M-26OCT042245-45,0.9620,0.01,yes
2026-10-05T02:40:49.510069Z,KXBTC15M-26OCT042245-45,0.9620,0.01,yes
2026-10-05T02:40:49.510069Z,KXBTC15M-26OCT042245-45,0.9640,153.00,yes
2026-10-05T02:40:49.510069Z,KXBTC15M-26OCT042245-45,0.9640,74.00,yes
2026-10-05T02:40:49.510069Z,KXBTC15M-26OCT042245-45,0.9630,1.00,yes
2026-10-05T02:40:49.510069Z,KXBTC15M-26OCT042245-45,0.9630,1000.00,yes
2026-10-05T02:40:49.510069Z,KXBTC15M-26OCT042245-45,0.9640,6.28,yes
2026-10-05T02:40:49.510069Z,KXBTC15M-26OCT042245-45,0.9630,6.28,yes
2026-10-05T02:40:49.510069Z,KXBTC15M-26OCT042245-45,0.9640,9.00,yes
2026-10-05T02:40:49.527222Z,KXBTC15M-26OCT042245-45,0.9640,5.00,no
2026-10-05T02:40:49.527222Z,KXBTC15M-26OCT042245-45,0.9640,0.01,no
2026-10-05T02:40:49.527222Z,KXBTC15M-26OCT042245-45,0.9630,94.98,no
2026-10-05T02:40:49.527222Z,KXBTC15M-26OCT042245-45,0.9640,0.01,no
2026-10-05T02:40:49.527222Z,KXBTC15M-26OCT042245-45,0.9640,100.00,no
2026-10-05T02:40:49.52845Z,KXBTC15M-26OCT042245-45,0.9630,105.02,no
2026-10-05T02:40:49.52845Z,KXBTC15M-26OCT042245-45,0.9630,15.10,no
2026-10-05T02:40:49.555298Z,KXBTC15M-26OCT042245-45,0.9630,0.01,no
2026-10-05T02:40:49.555298Z,KXBTC15M-26OCT042245-45,0.9640,0.01,no
2026-10-05T02:40:49.555298Z,KXBTC15M-26OCT042245-45,0.9630,120.08,no
2026-10-05T02:40:49.555298Z,KXBTC15M-26OCT042245-45,0.9640,0.01,no
2026-10-05T02:40:49.555298Z,KXBTC15M-26OCT042245-45,0.9630,0.01,no
2026-10-05T02:40:49.597411Z,KXBTC15M-26OCT042245-45,0.9630,1.87,no
2026-10-05T02:40:49.599037Z,KXBTC15M-26OCT042245-45,0.9640,70.00,yes
2026-10-05T02:40:49.599037Z,KXBTC15M-26OCT042245-45,0.9640,70.00,yes
2026-10-05T02:40:49.599037Z,KXBTC15M-26OCT042245-45,0.9640,21.26,yes
2026-10-05T02:40:49.634755Z,KXBTC15M-26OCT042245-45,0.9630,92.09,no
2026-10-05T02:40:49.634755Z,KXBTC15M-26OCT042245-45,0.9630,0.01,no
2026-10-05T02:40:49.634755Z,KXBTC15M-26OCT042245-45,0.9630,0.01,no
2026-10-05T02:40:49.634755Z,KXBTC15M-26OCT042245-45,0.9630,148.13,no
2026-10-05T02:40:49.635376Z,KXBTC15M-26OCT042245-45,0.9630,1.44,no
2026-10-05T02:40:49.646701Z,KXBTC15M-26OCT042245-45,0.9640,0.01,yes
2026-10-05T02:40:49.646701Z,KXBTC15M-26OCT042245-45,0.9640,0.01,yes
2026-10-05T02:40:49.646701Z,KXBTC15M-26OCT042245-45,0.9640,3.56,yes
2026-10-05T02:40:49.67515Z,KXBTC15M-26OCT042245-45,0.9630,89.61,no
2026-10-05T02:40:49.723707Z,KXBTC15M-26OCT042245-45,0.9630,1.92,no
2026-10-05T02:40:49.742056Z,KXBTC15M-26OCT042245-45,0.9640,0.01,yes
2026-10-05T02:40:49.742056Z,KXBTC15M-26OCT042245-45,0.9640,0.01,yes
2026-10-05T02:40:49.742056Z,KXBTC15M-26OCT042245-45,0.9640,0.10,yes
2026-10-05T02:40:49.742056Z,KXBTC15M-26OCT042245-45,0.9640,3.56,yes
2026-10-05T02:40:49.742056Z,KXBTC15M-26OCT042245-45,0.9640,5.44,yes
2026-10-05T02:40:49.778233Z,KXBTC15M-26OCT042245-45,0.9650,33.12,yes
2026-10-05T02:40:49.780083Z,KXBTC15M-26OCT042245-45,0.9640,48.05,no
2026-10-05T02:40:49.834633Z,KXBTC15M-26OCT042245-45,0.9640,1.87,no
2026-10-05T02:40:49.877848Z,KXBTC15M-26OCT042245-45,0.9640,0.01,no
2026-10-05T02:40:49.877848Z,KXBTC15M-26OCT042245-45,0.9640,0.01,no
2026-10-05T02:40:49.877848Z,KXBTC15M-26OCT042245-45,0.9640,199.26,no
2026-10-05T02:40:49.877848Z,KXBTC15M-26OCT042245-45,0.9640,40.96,no
2026-10-05T02:40:49.905421Z,KXBTC15M-26OCT042245-45,0.9640,25.00,no
2026-10-05T02:40:49.941865Z,KXBTC15M-26OCT042245-45,0.9640,1.87,no
2026-10-05T02:40:50.013603Z,KXBTC15M-26OCT042245-45,0.9640,1.87,no
2026-10-05T02:40:50.033604Z,KXBTC15M-26OCT042245-45,0.9650,1.27,yes
2026-10-05T02:40:50.089774Z,KXBTC15M-26OCT042245-45,0.9640,36.28,no
2026-10-05T02:40:50.112724Z,KXBTC15M-26OCT042245-45,0.9640,10.36,no
2026-10-05T02:40:50.119324Z,KXBTC15M-26OCT042245-45,0.9640,1.87,no
2026-10-05T02:40:50.14491Z,KXBTC15M-26OCT042245-45,0.9650,14.92,yes
2026-10-05T02:40:50.179285Z,KXBTC15M-26OCT042245-45,0.9640,0.01,no
2026-10-05T02:40:50.179285Z,KXBTC15M-26OCT042245-45,0.9640,245.49,no
2026-10-05T02:40:50.179285Z,KXBTC15M-26OCT042245-45,0.9640,0.01,no
2026-10-05T02:40:50.205247Z,KXBTC15M-26OCT042245-45,0.9610,0.01,no
2026-10-05T02:40:50.205247Z,KXBTC15M-26OCT042245-45,0.9610,0.01,no
2026-10-05T02:40:50.205247Z,KXBTC15M-26OCT042245-45,0.9610,19.00,no
2026-10-05T02:40:50.205247Z,KXBTC15M-26OCT042245-45,0.9610,11.00,no
2026-10-05T02:40:50.205652Z,KXBTC15M-26OCT042245-45,0.9590,276.00,no
2026-10-05T02:40:50.205652Z,KXBTC15M-26OCT042245-45,0.9590,81.24,no
2026-10-05T02:40:50.205652Z,KXBTC15M-26OCT042245-45,0.9600,50.00,no
2026-10-05T02:40:50.205652Z,KXBTC15M-26OCT042245-45,0.9600,75.00,no
2026-10-05T02:40:50.218211Z,KXBTC15M-26OCT042245-45,0.9600,51.19,yes
2026-10-05T02:40:50.294088Z,KXBTC15M-26OCT042245-45,0.9580,1.87,no
2026-10-05T02:40:50.442328Z,KXBTC15M-26OCT042245-45,0.9580,15.82,no
2026-10-05T02:40:50.442607Z,KXBTC15M-26OCT042245-45,0.9590,25.41,yes
2026-10-05T02:40:50.442607Z,KXBTC15M-26OCT042245-45,0.9590,0.10,yes
2026-10-05T02:40:50.442607Z,KXBTC15M-26OCT042245-45,0.9590,0.01,yes
2026-10-05T02:40:50.442607Z,KXBTC15M-26OCT042245-45,0.9590,0.01,yes
2026-10-05T02:40:50.492119Z,KXBTC15M-26OCT042245-45,0.9580,57.40,no
2026-10-05T02:40:50.566534Z,KXBTC15M-26OCT042245-45,0.9580,223.13,no
2026-10-05T02:40:50.616717Z,KXBTC15M-26OCT042245-45,0.9590,1.94,yes
2026-10-05T02:40:50.674361Z,KXBTC15M-26OCT042245-45,0.9580,223.09,no
2026-10-05T02:40:50.677306Z,KXBTC15M-26OCT042245-45,0.9580,111.56,no
2026-10-05T02:40:50.733855Z,KXBTC15M-26OCT042245-45,0.9580,18.26,no
2026-10-05T02:40:50.772639Z,KXBTC15M-26OCT042245-45,0.9580,11.15,no
2026-10-05T02:40:50.773684Z,KXBTC15M-26OCT042245-45,0.9580,40.30,no
2026-10-05T02:40:50.773684Z,KXBTC15M-26OCT042245-45,0.9580,0.01,no
2026-10-05T02:40:50.773684Z,KXBTC15M-26OCT042245-45,0.9580,25.00,no
2026-10-05T02:40:50.773684Z,KXBTC15M-26OCT042245-45,0.9580,0.01,no
2026-10-05T02:40:50.773684Z,KXBTC15M-26OCT042245-45,0.9580,46.24,no
2026-10-05T02:40:50.790695Z,KXBTC15M-26OCT042245-45,0.9590,104.94,yes
2026-10-05T02:40:50.793822Z,KXBTC15M-26OCT042245-45,0.9590,1.03,yes
2026-10-05T02:40:50.862456Z,KXBTC15M-26OCT042245-45,0.9590,0.68,yes
2026-10-05T02:40:50.862456Z,KXBTC15M-26OCT042245-45,0.9590,28.43,yes
2026-10-05T02:40:50.873998Z,KXBTC15M-26OCT042245-45,0.9580,10.93,no
2026-10-05T02:40:50.904074Z,KXBTC15M-26OCT042245-45,0.9580,19.41,no
2026-10-05T02:40:50.960625Z,KXBTC15M-26OCT042245-45,0.9580,1.70,no
2026-10-05T02:40:51.000441Z,KXBTC15M-26OCT042245-45,0.9580,26.42,no
2026-10-05T02:40:51.000441Z,KXBTC15M-26OCT042245-45,0.9580,2.00,no
2026-10-05T02:40:51.000441Z,KXBTC15M-26OCT042245-45,0.9580,2.00,no
2026-10-05T02:40:51.000441Z,KXBTC15M-26OCT042245-45,0.9580,1.73,no
2026-10-05T02:40:51.000441Z,KXBTC15M-26OCT042245-45,0.9580,71.72,no
2026-10-05T02:40:51.029259Z,KXBTC15M-26OCT042245-45,0.9580,500.00,no
2026-10-05T02:40:51.029259Z,KXBTC15M-26OCT042245-45,0.9580,10.00,no
2026-10-05T02:40:51.029259Z,KXBTC15M-26OCT042245-45,0.9580,100.00,no
2026-10-05T02:40:51.029259Z,KXBTC15M-26OCT042245-45,0.9580,173.58,no
2026-10-05T02:40:51.029259Z,KXBTC15M-26OCT042245-45,0.9580,400.00,no
2026-10-05T02:40:51.029259Z,KXBTC15M-26OCT042245-45,0.9580,0.01,no
2026-10-05T02:40:51.029259Z,KXBTC15M-26OCT042245-45,0.9580,0.01,no
2026-10-05T02:40:51.029259Z,KXBTC15M-26OCT042245-45,0.9580,150.00,no
2026-10-05T02:40:51.046012Z,KXBTC15M-26OCT042245-45,0.9580,22.30,no
2026-10-05T02:40:51.046012Z,KXBTC15M-26OCT042245-45,0.9580,0.01,no
2026-10-05T02:40:51.063274Z,KXBTC15M-26OCT042245-45,0.9580,99.96,no
2026-10-05T02:40:51.064851Z,KXBTC15M-26OCT042245-45,0.9590,8.00,yes
2026-10-05T02:40:51.152834Z,KXBTC15M-26OCT042245-45,0.9580,22.31,no
2026-10-05T02:40:51.256911Z,KXBTC15M-26OCT042245-45,0.9590,0.51,yes
2026-10-05T02:40:51.274072Z,KXBTC15M-26OCT042245-45,0.9580,0.01,no
2026-10-05T02:40:51.274072Z,KXBTC15M-26OCT042245-45,0.9580,5.43,no
2026-10-05T02:40:51.274072Z,KXBTC15M-26OCT042245-45,0.9580,94.56,no
2026-10-05T02:40:51.290082Z,KXBTC15M-26OCT042245-45,0.9580,223.13,no
2026-10-05T02:40:51.298888Z,KXBTC15M-26OCT042245-45,0.9590,12.75,yes
2026-10-05T02:40:51.345049Z,KXBTC15M-26OCT042245-45,0.9570,20.64,no
2026-10-05T02:40:51.345049Z,KXBTC15M-26OCT042245-45,0.9580,15.00,no
2026-10-05T02:40:51.345049Z,KXBTC15M-26OCT042245-45,0.9580,0.01,no
2026-10-05T02:40:51.375648Z,KXBTC15M-26OCT042245-45,0.9580,44.62,no
2026-10-05T02:40:51.423763Z,KXBTC15M-26OCT042245-45,0.9570,21.79,no
2026-10-05T02:40:51.48445Z,KXBTC15M-26OCT042245-45,0.9580,1.03,yes
2026-10-05T02:40:51.521092Z,KXBTC15M-26OCT042245-45,0.9580,6.27,yes
2026-10-05T02:40:51.521092Z,KXBTC15M-26OCT042245-45,0.9580,1.00,yes
2026-10-05T02:40:51.521092Z,KXBTC15M-26OCT042245-45,0.9580,0.01,yes
2026-10-05T02:40:51.521092Z,KXBTC15M-26OCT042245-45,0.9580,131.00,yes
2026-10-05T02:40:51.521092Z,KXBTC15M-26OCT042245-45,0.9580,0.10,yes
2026-10-05T02:40:51.521092Z,KXBTC15M-26OCT042245-45,0.9580,0.01,yes
2026-10-05T02:40:51.521092Z,KXBTC15M-26OCT042245-45,0.9580,498.97,yes
2026-10-05T02:40:51.521092Z,KXBTC15M-26OCT042245-45,0.9590,322.34,yes
2026-10-05T02:40:51.540268Z,KXBTC15M-26OCT042245-45,0.9570,96.76,no
2026-10-05T02:40:51.607667Z,KXBTC15M-26OCT042245-45,0.9570,2.00,no
2026-10-05T02:40:51.607667Z,KXBTC15M-26OCT042245-45,0.9570,2.00,no
2026-10-05T02:40:51.607667Z,KXBTC15M-26OCT042245-45,0.9570,50.89,no
2026-10-05T02:40:51.607667Z,KXBTC15M-26OCT042245-45,0.9570,12.10,no
2026-10-05T02:40:51.631369Z,KXBTC15M-26OCT042245-45,0.9570,21.86,no
2026-10-05T02:40:51.642572Z,KXBTC15M-26OCT042245-45,0.9570,43.59,no
2026-10-05T02:40:51.664314Z,KXBTC15M-26OCT042245-45,0.9600,5.17,yes
2026-10-05T02:40:51.664314Z,KXBTC15M-26OCT042245-45,0.9580,0.01,yes
2026-10-05T02:40:51.664314Z,KXBTC15M-26OCT042245-45,0.9580,0.01,yes
2026-10-05T02:40:51.682751Z,KXBTC15M-26OCT042245-45,0.9590,85.84,no
2026-10-05T02:40:51.682751Z,KXBTC15M-26OCT042245-45,0.9590,10.00,no
2026-10-05T02:40:51.682751Z,KXBTC15M-26OCT042245-45,0.9590,298.44,no
2026-10-05T02:40:51.682751Z,KXBTC15M-26OCT042245-45,0.9590,0.01,no
2026-10-05T02:40:51.763858Z,KXBTC15M-26OCT042245-45,0.9600,8.00,yes
2026-10-05T02:40:51.774685Z,KXBTC15M-26OCT042245-45,0.9590,109.16,no
2026-10-05T02:40:51.824224Z,KXBTC15M-26OCT042245-45,0.9590,90.95,no
2026-10-05T02:40:51.824224Z,KXBTC15M-26OCT042245-45,0.9590,0.01,no
2026-10-05T02:40:51.824224Z,KXBTC15M-26OCT042245-45,0.9590,18.00,no
2026-10-05T02:40:51.824224Z,KXBTC15M-26OCT042245-45,0.9590,0.01,no
2026-10-05T02:40:51.829353Z,KXBTC15M-26OCT042245-45,0.9590,4.17,no
2026-10-05T02:40:51.831803Z,KXBTC15M-26OCT042245-45,0.9590,6.08,no
2026-10-05T02:40:51.910687Z,KXBTC15M-26OCT042245-45,0.9590,1.03,no
2026-10-05T02:40:51.91783Z,KXBTC15M-26OCT042245-45,0.9590,43.59,no
2026-10-05T02:40:51.942752Z,KXBTC15M-26OCT042245-45,0.9590,24.40,no
2026-10-05T02:40:51.968548Z,KXBTC15M-26OCT042245-45,0.9590,11.15,no
2026-10-05T02:40:51.968959Z,KXBTC15M-26OCT042245-45,0.9590,217.95,no
2026-10-05T02:40:52.011422Z,KXBTC15M-26OCT042245-45,0.9590,21.63,no
2026-10-05T02:40:52.011422Z,KXBTC15M-26OCT042245-45,0.9590,0.68,no
2026-10-05T02:40:52.028247Z,KXBTC15M-26OCT042245-45,0.9590,108.97,no
2026-10-05T02:40:52.158544Z,KXBTC15M-26OCT042245-45,0.9590,0.01,no
2026-10-05T02:40:52.158544Z,KXBTC15M-26OCT042245-45,0.9590,0.01,no
2026-10-05T02:40:52.158544Z,KXBTC15M-26OCT042245-45,0.9590,41.23,no
2026-10-05T02:40:52.212495Z,KXBTC15M-26OCT042245-45,0.9590,34.14,no
2026-10-05T02:40:52.281017Z,KXBTC15M-26OCT042245-45,0.9590,68.56,no
2026-10-05T02:40:52.290862Z,KXBTC15M-26OCT042245-45,0.9580,43.52,no
2026-10-05T02:40:52.290862Z,KXBTC15M-26OCT042245-45,0.9580,66.00,no
2026-10-05T02:40:52.400096Z,KXBTC15M-26OCT042245-45,0.9580,26.12,no
2026-10-05T02:40:52.462983Z,KXBTC15M-26OCT042245-45,0.9580,22.39,no
2026-10-05T02:40:52.569742Z,KXBTC15M-26OCT042245-45,0.9580,2.45,no
2026-10-05T02:40:52.644019Z,KXBTC15M-26OCT042245-45,0.9590,116.32,yes
2026-10-05T02:40:52.644019Z,KXBTC15M-26OCT042245-45,0.9590,0.01,yes
2026-10-05T02:40:52.644019Z,KXBTC15M-26OCT042245-45,0.9590,0.01,yes
2026-10-05T02:40:52.663218Z,KXBTC15M-26OCT042245-45,0.9590,0.01,yes
2026-10-05T02:40:52.663218Z,KXBTC15M-26OCT042245-45,0.9590,17.68,yes
2026-10-05T02:40:52.663218Z,KXBTC15M-26OCT042245-45,0.9590,0.01,yes
2026-10-05T02:40:52.678429Z,KXBTC15M-26OCT042245-45,0.9590,22.31,no
2026-10-05T02:40:52.733061Z,KXBTC15M-26OCT042245-45,0.9590,9.99,no
2026-10-05T02:40:52.733061Z,KXBTC15M-26OCT042245-45,0.9590,8.01,no
2026-10-05T02:40:52.738131Z,KXBTC15M-26OCT042245-45,0.9590,0.22,no
2026-10-05T02:40:52.743559Z,KXBTC15M-26OCT042245-45,0.9590,40.11,no
2026-10-05T02:40:52.75487Z,KXBTC15M-26OCT042245-45,0.9590,12.94,no
2026-10-05T02:40:52.867992Z,KXBTC15M-26OCT042245-45,0.9590,44.62,no
2026-10-05T02:40:52.881505Z,KXBTC15M-26OCT042245-45,0.9590,2.15,no
2026-10-05T02:40:52.889925Z,KXBTC15M-26OCT042245-45,0.9570,5.00,no
2026-10-05T02:40:52.889925Z,KXBTC15M-26OCT042245-45,0.9590,0.01,no
2026-10-05T02:40:52.889925Z,KXBTC15M-26OCT042245-45,0.9590,0.01,no
2026-10-05T02:40:52.889925Z,KXBTC15M-26OCT042245-45,0.9590,41.95,no
2026-10-05T02:40:52.889925Z,KXBTC15M-26OCT042245-45,0.9570,8.21,no
2026-10-05T02:40:52.889925Z,KXBTC15M-26OCT042245-45,0.9580,12.00,no
2026-10-05T02:40:52.923762Z,KXBTC15M-26OCT042245-45,0.9590,5.00,yes
2026-10-05T02:40:52.92437Z,KXBTC15M-26OCT042245-45,0.9590,237.00,yes
2026-10-05T02:40:52.978298Z,KXBTC15M-26OCT042245-45,0.9590,0.10,yes
2026-10-05T02:40:52.978298Z,KXBTC15M-26OCT042245-45,0.9590,6.63,yes
2026-10-05T02:40:53.044825Z,KXBTC15M-26OCT042245-45,0.9580,22.35,no
2026-10-05T02:40:53.049142Z,KXBTC15M-26OCT042245-45,0.9580,52.18,no
2026-10-05T02:40:53.061172Z,KXBTC15M-26OCT042245-45,0.9590,500.00,yes
2026-10-05T02:40:53.061172Z,KXBTC15M-26OCT042245-45,0.9590,500.00,yes
2026-10-05T02:40:53.061172Z,KXBTC15M-26OCT042245-45,0.9590,0.01,yes
2026-10-05T02:40:53.061172Z,KXBTC15M-26OCT042245-45,0.9590,1.00,yes
2026-10-05T02:40:53.061172Z,KXBTC15M-26OCT042245-45,0.9590,0.01,yes
2026-10-05T02:40:53.061172Z,KXBTC15M-26OCT042245-45,0.9590,6.29,yes
2026-10-05T02:40:53.061172Z,KXBTC15M-26OCT042245-45,0.9590,30.93,yes
2026-10-05T02:40:53.063886Z,KXBTC15M-26OCT042245-45,0.9580,49.49,no
2026-10-05T02:40:53.105234Z,KXBTC15M-26OCT042245-45,0.9580,22.39,no
2026-10-05T02:40:53.20667Z,KXBTC15M-26OCT042245-45,0.9580,3.15,no
2026-10-05T02:40:53.234628Z,KXBTC15M-26OCT042245-45,0.9580,0.44,no
2026-10-05T02:40:53.234628Z,KXBTC15M-26OCT042245-45,0.9580,0.01,no
2026-10-05T02:40:53.234628Z,KXBTC15M-26OCT042245-45,0.9580,0.01,no
2026-10-05T02:40:53.268321Z,KXBTC15M-26OCT042245-45,0.9590,103.87,yes
2026-10-05T02:40:53.269396Z,KXBTC15M-26OCT042245-45,0.9590,48.31,yes
2026-10-05T02:40:53.334618Z,KXBTC15M-26OCT042245-45,0.9560,6.57,no
2026-10-05T02:40:53.366656Z,KXBTC15M-26OCT042245-45,0.9570,8.10,yes
2026-10-05T02:40:53.374387Z,KXBTC15M-26OCT042245-45,0.9560,0.85,no
2026-10-05T02:40:53.401196Z,KXBTC15M-26OCT042245-45,0.9560,57.18,no
2026-10-05T02:40:53.401196Z,KXBTC15M-26OCT042245-45,0.9560,0.01,no
2026-10-05T02:40:53.401196Z,KXBTC15M-26OCT042245-45,0.9560,0.01,no
2026-10-05T02:40:53.422867Z,KXBTC15M-26OCT042245-45,0.9560,155.81,yes
2026-10-05T02:40:53.488834Z,KXBTC15M-26OCT042245-45,0.9550,4.00,no
2026-10-05T02:40:53.539453Z,KXBTC15M-26OCT042245-45,0.9550,0.02,no
2026-10-05T02:40:53.585497Z,KXBTC15M-26OCT042245-45,0.9550,10.39,yes
2026-10-05T02:40:53.620246Z,KXBTC15M-26OCT042245-45,0.9540,0.02,no
2026-10-05T02:40:53.814052Z,KXBTC15M-26OCT042245-45,0.9550,1.00,yes
2026-10-05T02:40:53.865483Z,KXBTC15M-26OCT042245-45,0.9540,11.37,no
2026-10-05T02:40:53.865483Z,KXBTC15M-26OCT042245-45,0.9540,70.27,no
2026-10-05T02:40:53.956657Z,KXBTC15M-26OCT042245-45,0.9530,19.12,no
2026-10-05T02:40:53.961031Z,KXBTC15M-26OCT042245-45,0.9540,2.08,yes
2026-10-05T02:40:54.068638Z,KXBTC15M-26OCT042245-45,0.9530,26.15,no
2026-10-05T02:40:54.118782Z,KXBTC15M-26OCT042245-45,0.9550,1000.00,yes
2026-10-05T02:40:54.118782Z,KXBTC15M-26OCT042245-45,0.9570,9.00,yes
2026-10-05T02:40:54.118782Z,KXBTC15M-26OCT042245-45,0.9580,304.76,yes
2026-10-05T02:40:54.118782Z,KXBTC15M-26OCT042245-45,0.9570,67.00,yes
2026-10-05T02:40:54.118782Z,KXBTC15M-26OCT042245-45,0.9560,6.25,yes
2026-10-05T02:40:54.118782Z,KXBTC15M-26OCT042245-45,0.9540,7.92,yes
2026-10-05T02:40:54.118782Z,KXBTC15M-26OCT042245-45,0.9540,0.01,yes
2026-10-05T02:40:54.118782Z,KXBTC15M-26OCT042245-45,0.9550,6.22,yes
2026-10-05T02:40:54.118782Z,KXBTC15M-26OCT042245-45,0.9550,122.00,yes
2026-10-05T02:40:54.118782Z,KXBTC15M-26OCT042245-45,0.9540,0.01,yes
2026-10-05T02:40:54.250027Z,KXBTC15M-26OCT042245-45,0.9540,10.00,yes
2026-10-05T02:40:54.250027Z,KXBTC15M-26OCT042245-45,0.9570,14.98,yes
2026-10-05T02:40:54.250027Z,KXBTC15M-26OCT042245-45,0.9540,0.01,yes
2026-10-05T02:40:54.250027Z,KXBTC15M-26OCT042245-45,0.9540,0.01,yes
2026-10-05T02:40:54.352688Z,KXBTC15M-26OCT042245-45,0.9560,20.37,no
2026-10-05T02:40:54.370395Z,KXBTC15M-26OCT042245-45,0.9560,500.00,no
2026-10-05T02:40:54.370395Z,KXBTC15M-26OCT042245-45,0.9560,153.63,no
2026-10-05T02:40:54.370395Z,KXBTC15M-26OCT042245-45,0.9560,93.35,no
2026-10-05T02:40:54.370395Z,KXBTC15M-26OCT042245-45,0.9560,0.01,no
2026-10-05T02:40:54.370395Z,KXBTC15M-26OCT042245-45,0.9560,0.01,no
2026-10-05T02:40:54.370395Z,KXBTC15M-26OCT042245-45,0.9560,30.00,no
2026-10-05T02:40:54.410121Z,KXBTC15M-26OCT042245-45,0.9560,99.73,no
2026-10-05T02:40:54.434918Z,KXBTC15M-26OCT042245-45,0.9560,39.89,no
2026-10-05T02:40:54.455695Z,KXBTC15M-26OCT042245-45,0.9570,4.02,yes
2026-10-05T02:40:54.455695Z,KXBTC15M-26OCT042245-45,0.9570,0.01,yes
2026-10-05T02:40:54.455695Z,KXBTC15M-26OCT042245-45,0.9570,0.01,yes
2026-10-05T02:40:54.47753Z,KXBTC15M-26OCT042245-45,0.9570,391.89,yes
2026-10-05T02:40:54.47753Z,KXBTC15M-26OCT042245-45,0.9570,0.01,yes
2026-10-05T02:40:54.47753Z,KXBTC15M-26OCT042245-45,0.9570,0.01,yes
2026-10-05T02:40:54.47753Z,KXBTC15M-26OCT042245-45,0.9570,67.00,yes
2026-10-05T02:40:54.47753Z,KXBTC15M-26OCT042245-45,0.9570,5.98,yes
2026-10-05T02:40:54.52057Z,KXBTC15M-26OCT042245-45,0.9560,0.01,no
2026-10-05T02:40:54.52057Z,KXBTC15M-26OCT042245-45,0.9560,0.01,no
2026-10-05T02:40:54.52057Z,KXBTC15M-26OCT042245-45,0.9550,2.00,no
2026-10-05T02:40:54.52057Z,KXBTC15M-26OCT042245-45,0.9550,97.71,no
2026-10-05T02:40:54.522331Z,KXBTC15M-26OCT042245-45,0.9570,0.01,yes
2026-10-05T02:40:54.522331Z,KXBTC15M-26OCT042245-45,0.9570,499.98,yes
2026-10-05T02:40:54.522331Z,KXBTC15M-26OCT042245-45,0.9570,0.01,yes
2026-10-05T02:40:54.522331Z,KXBTC15M-26OCT042245-45,0.9570,400.00,yes
2026-10-05T02:40:54.522331Z,KXBTC15M-26OCT042245-45,0.9570,100.00,yes
2026-10-05T02:40:54.523373Z,KXBTC15M-26OCT042245-45,0.9570,500.00,yes
2026-10-05T02:40:54.523373Z,KXBTC15M-26OCT042245-45,0.9570,500.00,yes
2026-10-05T02:40:54.527329Z,KXBTC15M-26OCT042245-45,0.9580,80.99,yes
2026-10-05T02:40:54.527329Z,KXBTC15M-26OCT042245-45,0.9570,10.00,yes
2026-10-05T02:40:54.527329Z,KXBTC15M-26OCT042245-45,0.9570,9.00,yes
2026-10-05T02:40:54.527329Z,KXBTC15M-26OCT042245-45,0.9570,0.01,yes
2026-10-05T02:40:54.532668Z,KXBTC15M-26OCT042245-45,0.9560,1.99,no
2026-10-05T02:40:54.545723Z,KXBTC15M-26OCT042245-45,0.9570,19.94,no
2026-10-05T02:40:54.549603Z,KXBTC15M-26OCT042245-45,0.9570,19.94,no
2026-10-05T02:40:54.55045Z,KXBTC15M-26OCT042245-45,0.9570,70.00,no
2026-10-05T02:40:54.55045Z,KXBTC15M-26OCT042245-45,0.9570,70.00,no
2026-10-05T02:40:54.55045Z,KXBTC15M-26OCT042245-45,0.9570,29.32,no
2026-10-05T02:40:54.55045Z,KXBTC15M-26OCT042245-45,0.9570,0.01,no
2026-10-05T02:40:54.55045Z,KXBTC15M-26OCT042245-45,0.9570,30.12,no
2026-10-05T02:40:54.55045Z,KXBTC15M-26OCT042245-45,0.9570,0.01,no
2026-10-05T02:40:54.580257Z,KXBTC15M-26OCT042245-45,0.9570,1.99,no
2026-10-05T02:40:54.582139Z,KXBTC15M-26OCT042245-45,0.9580,10.23,yes
2026-10-05T02:40:54.607792Z,KXBTC15M-26OCT042245-45,0.9570,0.31,no
2026-10-05T02:40:54.6144Z,KXBTC15M-26OCT042245-45,0.9570,6.13,no
2026-10-05T02:40:54.620353Z,KXBTC15M-26OCT042245-45,0.9570,21.86,no
2026-10-05T02:40:54.621561Z,KXBTC15M-26OCT042245-45,0.9570,19.94,no
2026-10-05T02:40:54.666921Z,KXBTC15M-26OCT042245-45,0.9570,99.73,no
2026-10-05T02:40:54.677725Z,KXBTC15M-26OCT042245-45,0.9570,19.94,no
2026-10-05T02:40:54.678349Z,KXBTC15M-26OCT042245-45,0.9570,532.54,no
2026-10-05T02:40:54.695955Z,KXBTC15M-26OCT042245-45,0.9570,1.03,no
2026-10-05T02:40:54.790577Z,KXBTC15M-26OCT042245-45,0.9570,12.12,no
2026-10-05T02:40:54.790988Z,KXBTC15M-26OCT042245-45,0.9560,200.00,no
2026-10-05T02:40:54.790988Z,KXBTC15M-26OCT042245-45,0.9530,2.00,no
2026-10-05T02:40:54.790988Z,KXBTC15M-26OCT042245-45,0.9570,0.01,no
2026-10-05T02:40:54.790988Z,KXBTC15M-26OCT042245-45,0.9570,500.00,no
2026-10-05T02:40:54.790988Z,KXBTC15M-26OCT042245-45,0.9570,200.00,no
2026-10-05T02:40:54.790988Z,KXBTC15M-26OCT042245-45,0.9540,3141.00,no
2026-10-05T02:40:54.790988Z,KXBTC15M-26OCT042245-45,0.9520,99.00,no
2026-10-05T02:40:54.790988Z,KXBTC15M-26OCT042245-45,0.9570,10.00,no
2026-10-05T02:40:54.790988Z,KXBTC15M-26OCT042245-45,0.9570,100.00,no
2026-10-05T02:40:54.790988Z,KXBTC15M-26OCT042245-45,0.9550,15.00,no
2026-10-05T02:40:54.790988Z,KXBTC15M-26OCT042245-45,0.9540,2.00,no
2026-10-05T02:40:54.790988Z,KXBTC15M-26OCT042245-45,0.9570,0.01,no
2026-10-05T02:40:54.790988Z,KXBTC15M-26OCT042245-45,0.9550,93.75,no
2026-10-05T02:40:54.790988Z,KXBTC15M-26OCT042245-45,0.9570,500.00,no
2026-10-05T02:40:54.790988Z,KXBTC15M-26OCT042245-45,0.9570,541.00,no
2026-10-05T02:40:54.790988Z,KXBTC15M-26OCT042245-45,0.9530,2.00,no
2026-10-05T02:40:54.790988Z,KXBTC15M-26OCT042245-45,0.9550,64.00,no
2026-10-05T02:40:54.790988Z,KXBTC15M-26OCT042245-45,0.9540,2.00,no
2026-10-05T02:40:54.790988Z,KXBTC15M-26OCT042245-45,0.9570,254.38,no
2026-10-05T02:40:54.790988Z,KXBTC15M-26OCT042245-45,0.9560,100.00,no
2026-10-05T02:40:54.790988Z,KXBTC15M-26OCT042245-45,0.9550,93.75,no
2026-10-05T02:40:54.790988Z,KXBTC15M-26OCT042245-45,0.9570,1.09,no
2026-10-05T02:40:54.790988Z,KXBTC15M-26OCT042245-45,0.9550,2.00,no
2026-10-05T02:40:54.790988Z,KXBTC15M-26OCT042245-45,0.9550,64.00,no
2026-10-05T02:40:54.790988Z,KXBTC15M-26OCT042245-45,0.9500,1.36,no
2026-10-05T02:40:54.790988Z,KXBTC15M-26OCT042245-45,0.9570,396.00,no
2026-10-05T02:40:54.790988Z,KXBTC15M-26OCT042245-45,0.9570,1.00,no
2026-10-05T02:40:54.790988Z,KXBTC15M-26OCT042245-45,0.9570,400.00,no
2026-10-05T02:40:54.790988Z,KXBTC15M-26OCT042245-45,0.9520,2.00,no
2026-10-05T02:40:54.790988Z,KXBTC15M-26OCT042245-45,0.9550,195.00,no
2026-10-05T02:40:54.790988Z,KXBTC15M-26OCT042245-45,0.9560,17.00,no
2026-10-05T02:40:54.790988Z,KXBTC15M-26OCT042245-45,0.9570,1.07,no
2026-10-05T02:40:54.790988Z,KXBTC15M-26OCT042245-45,0.9560,236.31,no
2026-10-05T02:40:54.790988Z,KXBTC15M-26OCT042245-45,0.9500,50.00,no
2026-10-05T02:40:54.790988Z,KXBTC15M-26OCT042245-45,0.9500,1.00,no
2026-10-05T02:40:54.790988Z,KXBTC15M-26OCT042245-45,0.9510,1047.00,no
2026-10-05T02:40:54.790988Z,KXBTC15M-26OCT042245-45,0.9530,10.00,no
2026-10-05T02:40:54.801735Z,KXBTC15M-26OCT042245-45,0.9570,0.01,no
2026-10-05T02:40:54.801735Z,KXBTC15M-26OCT042245-45,0.9570,15.70,no
2026-10-05T02:40:54.817455Z,KXBTC15M-26OCT042245-45,0.9500,6.49,no
2026-10-05T02:40:54.817455Z,KXBTC15M-26OCT042245-45,0.9570,0.01,no
2026-10-05T02:40:54.817455Z,KXBTC15M-26OCT042245-45,0.9570,100.00,no
2026-10-05T02:40:54.868378Z,KXBTC15M-26OCT042245-45,0.9510,12.94,no
2026-10-05T02:40:54.869367Z,KXBTC15M-26OCT042245-45,0.9530,0.92,yes
2026-10-05T02:40:54.869367Z,KXBTC15M-26OCT042245-45,0.9520,0.01,yes
2026-10-05T02:40:54.869367Z,KXBTC15M-26OCT042245-45,0.9520,0.10,yes
2026-10-05T02:40:54.869367Z,KXBTC15M-26OCT042245-45,0.9520,0.01,yes
2026-10-05T02:40:54.909594Z,KXBTC15M-26OCT042245-45,0.9530,6.09,yes
2026-10-05T02:40:55.038008Z,KXBTC15M-26OCT042245-45,0.9520,119.86,no
2026-10-05T02:40:55.146393Z,KXBTC15M-26OCT042245-45,0.9530,25.00,yes
2026-10-05T02:40:55.223823Z,KXBTC15M-26OCT042245-45,0.9520,19.53,no
2026-10-05T02:40:55.231252Z,KXBTC15M-26OCT042245-45,0.9520,10.61,no
2026-10-05T02:40:55.231252Z,KXBTC15M-26OCT042245-45,0.9520,0.10,no
2026-10-05T02:40:55.231252Z,KXBTC15M-26OCT042245-45,0.9520,25.89,no
2026-10-05T02:40:55.250128Z,KXBTC15M-26OCT042245-45,0.9520,19.13,no
2026-10-05T02:40:55.2526Z,KXBTC15M-26OCT042245-45,0.9520,20.59,no
2026-10-05T02:40:55.270893Z,KXBTC15M-26OCT042245-45,0.9520,95.70,no
2026-10-05T02:40:55.301481Z,KXBTC15M-26OCT042245-45,0.9530,2.09,yes
2026-10-05T02:40:55.34948Z,KXBTC15M-26OCT042245-45,0.9530,30.33,yes
2026-10-05T02:40:55.503657Z,KXBTC15M-26OCT042245-45,0.9530,14.34,yes
2026-10-05T02:40:55.504202Z,KXBTC15M-26OCT042245-45,0.9530,14.37,yes
2026-10-05T02:40:55.510249Z,KXBTC15M-26OCT042245-45,0.9530,0.02,yes
2026-10-05T02:40:55.511194Z,KXBTC15M-26OCT042245-45,0.9520,150.00,no
2026-10-05T02:40:55.516221Z,KXBTC15M-26OCT042245-45,0.9530,0.02,yes
2026-10-05T02:40:55.529179Z,KXBTC15M-26OCT042245-45,0.9530,6.00,yes
2026-10-05T02:40:55.567759Z,KXBTC15M-26OCT042245-45,0.9520,0.78,no
2026-10-05T02:40:55.576772Z,KXBTC15M-26OCT042245-45,0.9520,39.06,no
2026-10-05T02:40:55.588137Z,KXBTC15M-26OCT042245-45,0.9530,325.00,yes
2026-10-05T02:40:55.594835Z,KXBTC15M-26OCT042245-45,0.9520,200.00,no
2026-10-05T02:40:55.594835Z,KXBTC15M-26OCT042245-45,0.9520,477.79,no
2026-10-05T02:40:55.594835Z,KXBTC15M-26OCT042245-45,0.9520,48.85,no
2026-10-05T02:40:55.594835Z,KXBTC15M-26OCT042245-45,0.9520,39.00,no
2026-10-05T02:40:55.618478Z,KXBTC15M-26OCT042245-45,0.9520,9.76,no
2026-10-05T02:40:55.631876Z,KXBTC15M-26OCT042245-45,0.9530,0.88,yes
2026-10-05T02:40:55.632732Z,KXBTC15M-26OCT042245-45,0.9530,0.01,yes
2026-10-05T02:40:55.632732Z,KXBTC15M-26OCT042245-45,0.9530,0.01,yes
2026-10-05T02:40:55.632732Z,KXBTC15M-26OCT042245-45,0.9530,621.94,yes
2026-10-05T02:40:55.737625Z,KXBTC15M-26OCT042245-45,0.9540,12.90,no
2026-10-05T02:40:55.737625Z,KXBTC15M-26OCT042245-45,0.9540,6.63,no
2026-10-05T02:40:55.748079Z,KXBTC15M-26OCT042245-45,0.9540,39.06,no
2026-10-05T02:40:55.789835Z,KXBTC15M-26OCT042245-45,0.9540,2.00,no
2026-10-05T02:40:55.789835Z,KXBTC15M-26OCT042245-45,0.9540,48.04,no
2026-10-05T02:40:55.789835Z,KXBTC15M-26OCT042245-45,0.9540,106.21,no
2026-10-05T02:40:55.822113Z,KXBTC15M-26OCT042245-45,0.9540,5.86,no
2026-10-05T02:40:55.910573Z,KXBTC15M-26OCT042245-45,0.9540,5.28,no
2026-10-05T02:40:55.920039Z,KXBTC15M-26OCT042245-45,0.9550,27.00,yes
2026-10-05T02:40:55.974914Z,KXBTC15M-26OCT042245-45,0.9550,0.01,yes
2026-10-05T02:40:55.974914Z,KXBTC15M-26OCT042245-45,0.9560,500.00,yes
2026-10-05T02:40:55.974914Z,KXBTC15M-26OCT042245-45,0.9550,0.01,yes
2026-10-05T02:40:55.974914Z,KXBTC15M-26OCT042245-45,0.9580,379.98,yes
2026-10-05T02:40:55.974914Z,KXBTC15M-26OCT042245-45,0.9550,1020.00,yes
2026-10-05T02:40:56.126413Z,KXBTC15M-26OCT042245-45,0.9580,6.00,yes
2026-10-05T02:40:56.159375Z,KXBTC15M-26OCT042245-45,0.9570,23.00,no
2026-10-05T02:40:56.159375Z,KXBTC15M-26OCT042245-45,0.9570,4.89,no
2026-10-05T02:40:56.159375Z,KXBTC15M-26OCT042245-45,0.9570,2.00,no
2026-10-05T02:40:56.159375Z,KXBTC15M-26OCT042245-45,0.9570,2.00,no
2026-10-05T02:40:56.159375Z,KXBTC15M-26OCT042245-45,0.9570,70.00,no
2026-10-05T02:40:56.210991Z,KXBTC15M-26OCT042245-45,0.9570,0.01,no
2026-10-05T02:40:56.210991Z,KXBTC15M-26OCT042245-45,0.9570,95.11,no
2026-10-05T02:40:56.210991Z,KXBTC15M-26OCT042245-45,0.9570,37.51,no
2026-10-05T02:40:56.210991Z,KXBTC15M-26OCT042245-45,0.9570,0.01,no
2026-10-05T02:40:56.210991Z,KXBTC15M-26OCT042245-45,0.9570,10.00,no
2026-10-05T02:40:56.216961Z,KXBTC15M-26OCT042245-45,0.9580,46.56,yes
2026-10-05T02:40:56.217589Z,KXBTC15M-26OCT042245-45,0.9580,20.94,yes
2026-10-05T02:40:56.256796Z,KXBTC15M-26OCT042245-45,0.9570,21.79,no
2026-10-05T02:40:56.276812Z,KXBTC15M-26OCT042245-45,0.9570,11.03,no
2026-10-05T02:40:56.282382Z,KXBTC15M-26OCT042245-45,0.9570,79.20,no
2026-10-05T02:40:56.339667Z,KXBTC15M-26OCT042245-45,0.9570,35.72,no
2026-10-05T02:40:56.369122Z,KXBTC15M-26OCT042245-45,0.9570,9.57,no
2026-10-05T02:40:56.377577Z,KXBTC15M-26OCT042245-45,0.9580,13.04,yes
2026-10-05T02:40:56.410823Z,KXBTC15M-26OCT042245-45,0.9580,2.58,yes
2026-10-05T02:40:56.411075Z,KXBTC15M-26OCT042245-45,0.9580,2.58,yes
2026-10-05T02:40:56.44147Z,KXBTC15M-26OCT042245-45,0.9580,34.00,yes
2026-10-05T02:40:56.450647Z,KXBTC15M-26OCT042245-45,0.9570,5.18,no
2026-10-05T02:40:56.450647Z,KXBTC15M-26OCT042245-45,0.9570,10.00,no
2026-10-05T02:40:56.450647Z,KXBTC15M-26OCT042245-45,0.9570,26.66,no
2026-10-05T02:40:56.469598Z,KXBTC15M-26OCT042245-45,0.9570,108.97,no
2026-10-05T02:40:56.501546Z,KXBTC15M-26OCT042245-45,0.9580,60.00,yes
2026-10-05T02:40:56.519876Z,KXBTC15M-26OCT042245-45,0.9580,10.22,yes
2026-10-05T02:40:56.529346Z,KXBTC15M-26OCT042245-45,0.9580,60.00,yes
2026-10-05T02:40:56.539872Z,KXBTC15M-26OCT042245-45,0.9570,21.79,no
2026-10-05T02:40:56.639033Z,KXBTC15M-26OCT042245-45,0.9580,5.10,yes
2026-10-05T02:40:56.643151Z,KXBTC15M-26OCT042245-45,0.9580,53.33,yes
2026-10-05T02:40:56.673656Z,KXBTC15M-26OCT042245-45,0.9580,137.33,yes
2026-10-05T02:40:56.678809Z,KXBTC15M-26OCT042245-45,0.9570,18.00,no
2026-10-05T02:40:56.678809Z,KXBTC15M-26OCT042245-45,0.9570,90.97,no
2026-10-05T02:40:56.702712Z,KXBTC15M-26OCT042245-45,0.9570,21.79,no
2026-10-05T02:40:56.809638Z,KXBTC15M-26OCT042245-45,0.9580,34.00,yes
2026-10-05T02:40:56.831911Z,KXBTC15M-26OCT042245-45,0.9570,1.90,no
2026-10-05T02:40:56.839548Z,KXBTC15M-26OCT042245-45,0.9570,20.05,no
2026-10-05T02:40:56.899094Z,KXBTC15M-26OCT042245-45,0.9570,82.00,no
2026-10-05T02:40:56.903569Z,KXBTC15M-26OCT042245-45,0.9570,21.79,no
2026-10-05T02:40:56.909503Z,KXBTC15M-26OCT042245-45,0.9580,0.97,yes
2026-10-05T02:40:56.91429Z,KXBTC15M-26OCT042245-45,0.9580,95.00,yes
2026-10-05T02:40:56.940494Z,KXBTC15M-26OCT042245-45,0.9570,10.89,no
2026-10-05T02:40:56.956143Z,KXBTC15M-26OCT042245-45,0.9570,150.61,no
2026-10-05T02:40:56.956143Z,KXBTC15M-26OCT042245-45,0.9570,67.34,no
2026-10-05T02:40:57.009113Z,KXBTC15M-26OCT042245-45,0.9570,21.79,no
2026-10-05T02:40:57.040286Z,KXBTC15M-26OCT042245-45,0.9570,21.79,no
2026-10-05T02:40:57.056818Z,KXBTC15M-26OCT042245-45,0.9580,0.01,yes
2026-10-05T02:40:57.056818Z,KXBTC15M-26OCT042245-45,0.9580,0.01,yes
2026-10-05T02:40:57.068928Z,KXBTC15M-26OCT042245-45,0.9590,20.37,no
2026-10-05T02:40:57.07394Z,KXBTC15M-26OCT042245-45,0.9600,23.99,yes
2026-10-05T02:40:57.116581Z,KXBTC15M-26OCT042245-45,0.9590,29.61,no
2026-10-05T02:40:57.116581Z,KXBTC15M-26OCT042245-45,0.9590,57.57,no
2026-10-05T02:40:57.119636Z,KXBTC15M-26OCT042245-45,0.9600,4.99,yes
2026-10-05T02:40:57.132693Z,KXBTC15M-26OCT042245-45,0.9590,21.79,no
2026-10-05T02:40:57.136765Z,KXBTC15M-26OCT042245-45,0.9590,2.40,no
2026-10-05T02:40:57.173279Z,KXBTC15M-26OCT042245-45,0.9600,105.96,yes
2026-10-05T02:40:57.173279Z,KXBTC15M-26OCT042245-45,0.9600,0.01,yes
2026-10-05T02:40:57.173279Z,KXBTC15M-26OCT042245-45,0.9600,0.01,yes
2026-10-05T02:40:57.173279Z,KXBTC15M-26OCT042245-45,0.9600,1.00,yes
2026-10-05T02:40:57.173279Z,KXBTC15M-26OCT042245-45,0.9600,50.00,yes
2026-10-05T02:40:57.173279Z,KXBTC15M-26OCT042245-45,0.9600,108.02,yes
2026-10-05T02:40:57.189466Z,KXBTC15M-26OCT042245-45,0.9590,0.01,no
2026-10-05T02:40:57.189466Z,KXBTC15M-26OCT042245-45,0.9590,129.10,no
2026-10-05T02:40:57.189466Z,KXBTC15M-26OCT042245-45,0.9590,0.01,no
2026-10-05T02:40:57.189466Z,KXBTC15M-26OCT042245-45,0.9590,18.24,no
2026-10-05T02:40:57.189466Z,KXBTC15M-26OCT042245-45,0.9590,17.00,no
2026-10-05T02:40:57.189466Z,KXBTC15M-26OCT042245-45,0.9590,10.00,no
2026-10-05T02:40:57.290931Z,KXBTC15M-26OCT042245-45,0.9590,13.00,no
2026-10-05T02:40:57.341849Z,KXBTC15M-26OCT042245-45,0.9590,163.96,no
2026-10-05T02:40:57.396746Z,KXBTC15M-26OCT042245-45,0.9590,21.79,no
2026-10-05T02:40:57.410649Z,KXBTC15M-26OCT042245-45,0.9590,21.79,no
2026-10-05T02:40:57.487918Z,KXBTC15M-26OCT042245-45,0.9590,4.36,no
2026-10-05T02:40:57.552553Z,KXBTC15M-26OCT042245-45,0.9590,40.20,no
2026-10-05T02:40:57.552553Z,KXBTC15M-26OCT042245-45,0.9590,46.00,no
2026-10-05T02:40:57.564102Z,KXBTC15M-26OCT042245-45,0.9590,3.16,no
2026-10-05T02:40:57.589621Z,KXBTC15M-26OCT042245-45,0.9590,21.79,no
2026-10-05T02:40:57.597799Z,KXBTC15M-26OCT042245-45,0.9590,5.71,no
2026-10-05T02:40:57.600038Z,KXBTC15M-26OCT042245-45,0.9590,429.14,no
2026-10-05T02:40:57.600038Z,KXBTC15M-26OCT042245-45,0.9590,27.97,no
2026-10-05T02:40:57.6602Z,KXBTC15M-26OCT042245-45,0.9590,17.00,no
2026-10-05T02:40:57.701334Z,KXBTC15M-26OCT042245-45,0.9590,187.50,no
2026-10-05T02:40:57.701334Z,KXBTC15M-26OCT042245-45,0.9590,0.01,no
2026-10-05T02:40:57.701334Z,KXBTC15M-26OCT042245-45,0.9590,158.49,no
2026-10-05T02:40:57.701334Z,KXBTC15M-26OCT042245-45,0.9590,1.00,no
2026-10-05T02:40:57.708186Z,KXBTC15M-26OCT042245-45,0.9600,71.00,yes
2026-10-05T02:40:57.802452Z,KXBTC15M-26OCT042245-45,0.9590,5.20,no
2026-10-05T02:40:57.863227Z,KXBTC15M-26OCT042245-45,0.9590,45.71,no
2026-10-05T02:40:57.930223Z,KXBTC15M-26OCT042245-45,0.9590,22.85,no
2026-10-05T02:40:57.964335Z,KXBTC15M-26OCT042245-45,0.9590,114.28,no
2026-10-05T02:40:58.068893Z,KXBTC15M-26OCT042245-45,0.9590,22.85,no
2026-10-05T02:40:58.088482Z,KXBTC15M-26OCT042245-45,0.9590,111.99,no
2026-10-05T02:40:58.093086Z,KXBTC15M-26OCT042245-45,0.9590,6.17,no
2026-10-05T02:40:58.131676Z,KXBTC15M-26OCT042245-45,0.9590,22.85,no
2026-10-05T02:40:58.179056Z,KXBTC15M-26OCT042245-45,0.9600,6.00,yes
2026-10-05T02:40:58.189292Z,KXBTC15M-26OCT042245-45,0.9600,6.00,yes
2026-10-05T02:40:58.205419Z,KXBTC15M-26OCT042245-45,0.9590,6.00,no
2026-10-05T02:40:58.236623Z,KXBTC15M-26OCT042245-45,0.9590,11.65,no
2026-10-05T02:40:58.293862Z,KXBTC15M-26OCT042245-45,0.9590,22.85,no
2026-10-05T02:40:58.368254Z,KXBTC15M-26OCT042245-45,0.9590,18.00,no
2026-10-05T02:40:58.369645Z,KXBTC15M-26OCT042245-45,0.9590,4.65,no
2026-10-05T02:40:58.369645Z,KXBTC15M-26OCT042245-45,0.9590,30.01,no
2026-10-05T02:40:58.451616Z,KXBTC15M-26OCT042245-45,0.9590,18.00,no
2026-10-05T02:40:58.451616Z,KXBTC15M-26OCT042245-45,0.9590,0.01,no
2026-10-05T02:40:58.451616Z,KXBTC15M-26OCT042245-45,0.9590,0.01,no
2026-10-05T02:40:58.451616Z,KXBTC15M-26OCT042245-45,0.9590,11.99,no
2026-10-05T02:40:58.451616Z,KXBTC15M-26OCT042245-45,0.9590,2.61,no
2026-10-05T02:40:58.471824Z,KXBTC15M-26OCT042245-45,0.9590,20.00,no
2026-10-05T02:40:58.514263Z,KXBTC15M-26OCT042245-45,0.9590,59.59,no
2026-10-05T02:40:58.530282Z,KXBTC15M-26OCT042245-45,0.9600,6.82,yes
2026-10-05T02:40:58.596386Z,KXBTC15M-26OCT042245-45,0.9590,4.50,no
2026-10-05T02:40:58.644842Z,KXBTC15M-26OCT042245-45,0.9590,34.28,no
2026-10-05T02:40:58.666899Z,KXBTC15M-26OCT042245-45,0.9590,5.00,no
2026-10-05T02:40:58.690816Z,KXBTC15M-26OCT042245-45,0.9590,19.12,no
2026-10-05T02:40:58.749415Z,KXBTC15M-26OCT042245-45,0.9590,54.90,no
2026-10-05T02:40:58.749415Z,KXBTC15M-26OCT042245-45,0.9590,10.00,no
2026-10-05T02:40:58.749415Z,KXBTC15M-26OCT042245-45,0.9590,400.00,no
2026-10-05T02:40:58.749415Z,KXBTC15M-26OCT042245-45,0.9590,60.00,no
2026-10-05T02:40:58.749415Z,KXBTC15M-26OCT042245-45,0.9590,148.79,no
2026-10-05T02:40:58.749415Z,KXBTC15M-26OCT042245-45,0.9590,75.00,no
2026-10-05T02:40:58.791442Z,KXBTC15M-26OCT042245-45,0.9590,91.42,no
2026-10-05T02:40:58.847117Z,KXBTC15M-26OCT042245-45,0.9590,45.71,no
2026-10-05T02:40:58.85754Z,KXBTC15M-26OCT042245-45,0.9590,22.85,no
2026-10-05T02:40:58.878012Z,KXBTC15M-26OCT042245-45,0.9590,25.74,no
2026-10-05T02:40:58.878012Z,KXBTC15M-26OCT042245-45,0.9590,191.23,no
2026-10-05T02:40:58.878012Z,KXBTC15M-26OCT042245-45,0.9590,6.01,no
2026-10-05T02:40:58.878012Z,KXBTC15M-26OCT042245-45,0.9590,1.00,no
2026-10-05T02:40:58.978673Z,KXBTC15M-26OCT042245-45,0.9600,64.89,yes
2026-10-05T02:40:59.027112Z,KXBTC15M-26OCT042245-45,0.9600,20.00,yes
2026-10-05T02:40:59.059859Z,KXBTC15M-26OCT042245-45,0.9590,47.73,no
2026-10-05T02:40:59.059859Z,KXBTC15M-26OCT042245-45,0.9590,64.26,no
2026-10-05T02:40:59.14497Z,KXBTC15M-26OCT042245-45,0.9590,18.02,no
2026-10-05T02:40:59.147412Z,KXBTC15M-26OCT042245-45,0.9590,6.25,no
2026-10-05T02:40:59.147412Z,KXBTC15M-26OCT042245-45,0.9590,11.12,no
2026-10-05T02:40:59.154604Z,KXBTC15M-26OCT042245-45,0.9590,10.25,no
2026-10-05T02:40:59.189369Z,KXBTC15M-26OCT042245-45,0.9590,22.85,no
2026-10-05T02:40:59.230025Z,KXBTC15M-26OCT042245-45,0.9590,223.98,no
2026-10-05T02:40:59.272716Z,KXBTC15M-26OCT042245-45,0.9590,2.28,no
2026-10-05T02:40:59.314234Z,KXBTC15M-26OCT042245-45,0.9590,2.28,no
2026-10-05T02:40:59.363434Z,KXBTC15M-26OCT042245-45,0.9590,45.71,no
2026-10-05T02:40:59.370059Z,KXBTC15M-26OCT042245-45,0.9600,150.04,yes
2026-10-05T02:40:59.370059Z,KXBTC15M-26OCT042245-45,0.9600,5.72,yes
2026-10-05T02:40:59.389327Z,KXBTC15M-26OCT042245-45,0.9600,9.97,yes
2026-10-05T02:40:59.389388Z,KXBTC15M-26OCT042245-45,0.9590,5.04,no
2026-10-05T02:40:59.413342Z,KXBTC15M-26OCT042245-45,0.9590,22.85,no
2026-10-05T02:40:59.499359Z,KXBTC15M-26OCT042245-45,0.9590,21.55,no
2026-10-05T02:40:59.550853Z,KXBTC15M-26OCT042245-45,0.9600,34.31,yes
2026-10-05T02:40:59.550853Z,KXBTC15M-26OCT042245-45,0.9600,0.01,yes
2026-10-05T02:40:59.550853Z,KXBTC15M-26OCT042245-45,0.9600,0.01,yes
2026-10-05T02:40:59.550853Z,KXBTC15M-26OCT042245-45,0.9600,250.62,yes
2026-10-05T02:40:59.615581Z,KXBTC15M-26OCT042245-45,0.9600,49.24,yes
2026-10-05T02:40:59.615581Z,KXBTC15M-26OCT042245-45,0.9600,116.75,yes
2026-10-05T02:40:59.615581Z,KXBTC15M-26OCT042245-45,0.9600,0.01,yes
2026-10-05T02:40:59.616406Z,KXBTC15M-26OCT042245-45,0.9600,0.76,yes
2026-10-05T02:40:59.616406Z,KXBTC15M-26OCT042245-45,0.9610,5.06,yes
2026-10-05T02:40:59.616406Z,KXBTC15M-26OCT042245-45,0.9610,8.38,yes
2026-10-05T02:40:59.616431Z,KXBTC15M-26OCT042245-45,0.9610,43.29,yes
2026-10-05T02:40:59.61644Z,KXBTC15M-26OCT042245-45,0.9610,14.20,yes
2026-10-05T02:40:59.619104Z,KXBTC15M-26OCT042245-45,0.9610,26.00,yes
2026-10-05T02:40:59.619373Z,KXBTC15M-26OCT042245-45,0.9610,1.00,yes
2026-10-05T02:40:59.619373Z,KXBTC15M-26OCT042245-45,0.9610,52.45,yes
2026-10-05T02:40:59.619373Z,KXBTC15M-26OCT042245-45,0.9620,0.55,yes
2026-10-05T02:40:59.619377Z,KXBTC15M-26OCT042245-45,0.9620,2.00,yes
2026-10-05T02:40:59.619451Z,KXBTC15M-26OCT042245-45,0.9620,0.02,yes
2026-10-05T02:40:59.619725Z,KXBTC15M-26OCT042245-45,0.9620,2.00,yes
2026-10-05T02:40:59.620349Z,KXBTC15M-26OCT042245-45,0.9620,0.02,yes
2026-10-05T02:40:59.622661Z,KXBTC15M-26OCT042245-45,0.9620,3.00,yes
2026-10-05T02:40:59.672531Z,KXBTC15M-26OCT042245-45,0.9620,5.00,yes
2026-10-05T02:40:59.724523Z,KXBTC15M-26OCT042245-45,0.9620,312.58,yes
2026-10-05T02:40:59.724523Z,KXBTC15M-26OCT042245-45,0.9620,0.01,yes
2026-10-05T02:40:59.724523Z,KXBTC15M-26OCT042245-45,0.9620,1034.41,yes
2026-10-05T02:40:59.730739Z,KXBTC15M-26OCT042245-45,0.9620,0.77,yes
2026-10-05T02:40:59.730739Z,KXBTC15M-26OCT042245-45,0.9650,8.23,yes
2026-10-05T02:40:59.730847Z,KXBTC15M-26OCT042245-45,0.9650,4.00,yes
2026-10-05T02:40:59.731071Z,KXBTC15M-26OCT042245-45,0.9650,8.00,yes
2026-10-05T02:40:59.742135Z,KXBTC15M-26OCT042245-45,0.9650,3.04,yes
2026-10-05T02:40:59.747794Z,KXBTC15M-26OCT042245-45,0.9650,3.00,yes
2026-10-05T02:40:59.747886Z,KXBTC15M-26OCT042245-45,0.9650,6.00,yes
2026-10-05T02:40:59.747999Z,KXBTC15M-26OCT042245-45,0.9650,5.00,yes
2026-10-05T02:40:59.74821Z,KXBTC15M-26OCT042245-45,0.9650,2.00,yes
2026-10-05T02:40:59.748424Z,KXBTC15M-26OCT042245-45,0.9650,3.00,yes
2026-10-05T02:40:59.748655Z,KXBTC15M-26OCT042245-45,0.9650,3.00,yes
2026-10-05T02:40:59.749075Z,KXBTC15M-26OCT042245-45,0.9640,40.00,no
2026-10-05T02:40:59.749075Z,KXBTC15M-26OCT042245-45,0.9640,2.00,no
2026-10-05T02:40:59.749075Z,KXBTC15M-26OCT042245-45,0.9640,3.71,no
2026-10-05T02:40:59.75329Z,KXBTC15M-26OCT042245-45,0.9640,0.01,no
2026-10-05T02:40:59.75329Z,KXBTC15M-26OCT042245-45,0.9640,0.01,no
2026-10-05T02:40:59.75329Z,KXBTC15M-26OCT042245-45,0.9640,10.00,no
2026-10-05T02:40:59.75329Z,KXBTC15M-26OCT042245-45,0.9640,2.00,no
2026-10-05T02:40:59.75329Z,KXBTC15M-26OCT042245-45,0.9640,7.48,no
2026-10-05T02:40:59.75329Z,KXBTC15M-26OCT042245-45,0.9640,6.29,no
2026-10-05T02:40:59.760287Z,KXBTC15M-26OCT042245-45,0.9640,228.56,no
2026-10-05T02:40:59.879323Z,KXBTC15M-26OCT042245-45,0.9650,1.03,yes
2026-10-05T02:40:59.94151Z,KXBTC15M-26OCT042245-45,0.9650,16.28,yes
2026-10-05T02:40:59.944657Z,KXBTC15M-26OCT042245-45,0.9640,94.00,no
2026-10-05T02:40:59.970493Z,KXBTC15M-26OCT042245-45,0.9650,5.00,yes
2026-10-05T02:40:59.975646Z,KXBTC15M-26OCT042245-45,0.9650,35.62,yes
2026-10-05T02:40:59.986041Z,KXBTC15M-26OCT042245-45,0.9660,1000.00,yes
2026-10-05T02:40:59.986041Z,KXBTC15M-26OCT042245-45,0.9650,0.01,yes
2026-10-05T02:40:59.986041Z,KXBTC15M-26OCT042245-45,0.9650,157.00,yes
2026-10-05T02:40:59.986041Z,KXBTC15M-26OCT042245-45,0.9650,0.01,yes
2026-10-05T02:40:59.986041Z,KXBTC15M-26OCT042245-45,0.9660,6.62,yes
2026-10-05T02:40:59.986041Z,KXBTC15M-26OCT042245-45,0.9650,6.62,yes
2026-10-05T02:40:59.986041Z,KXBTC15M-26OCT042245-45,0.9650,943.80,yes
2026-10-05T02:40:59.986041Z,KXBTC15M-26OCT042245-45,0.9680,235.89,yes
2026-10-05T02:40:59.998555Z,KXBTC15M-26OCT042245-45,0.9680,150.00,no
2026-10-05T02:40:59.998555Z,KXBTC15M-26OCT042245-45,0.9680,38.00,no
2026-10-05T02:41:00.021452Z,KXBTC15M-26OCT042245-45,0.9690,0.01,yes
2026-10-05T02:41:00.021452Z,KXBTC15M-26OCT042245-45,0.9690,0.01,yes
2026-10-05T02:41:00.021452Z,KXBTC15M-26OCT042245-45,0.9700,39.98,yes
2026-10-05T02:41:00.032013Z,KXBTC15M-26OCT042245-45,0.9700,15.00,yes
2026-10-05T02:41:00.078919Z,KXBTC15M-26OCT042245-45,0.9700,200.00,yes
2026-10-05T02:41:00.082429Z,KXBTC15M-26OCT042245-45,0.9690,22.85,no
2026-10-05T02:41:00.085Z,KXBTC15M-26OCT042245-45,0.9690,120.12,no
2026-10-05T02:41:00.135446Z,KXBTC15M-26OCT042245-45,0.9700,34.00,yes
2026-10-05T02:41:00.147397Z,KXBTC15M-26OCT042245-45,0.9690,10.00,no
2026-10-05T02:41:00.147397Z,KXBTC15M-26OCT042245-45,0.9690,0.01,no
2026-10-05T02:41:00.147397Z,KXBTC15M-26OCT042245-45,0.9690,400.00,no
2026-10-05T02:41:00.147397Z,KXBTC15M-26OCT042245-45,0.9690,7.03,no
2026-10-05T02:41:00.147397Z,KXBTC15M-26OCT042245-45,0.9690,0.01,no
2026-10-05T02:41:00.147397Z,KXBTC15M-26OCT042245-45,0.9690,63.44,no
2026-10-05T02:41:00.167988Z,KXBTC15M-26OCT042245-45,0.9700,100.00,yes
2026-10-05T02:41:00.180711Z,KXBTC15M-26OCT042245-45,0.9700,100.00,yes
2026-10-05T02:41:00.18811Z,KXBTC15M-26OCT042245-45,0.9690,20.67,no
2026-10-05T02:41:00.212925Z,KXBTC15M-26OCT042245-45,0.9690,4.00,no
2026-10-05T02:41:00.226446Z,KXBTC15M-26OCT042245-45,0.9690,130.11,no
2026-10-05T02:41:00.244872Z,KXBTC15M-26OCT042245-45,0.9690,48.05,no
2026-10-05T02:41:00.258005Z,KXBTC15M-26OCT042245-45,0.9690,24.02,no
2026-10-05T02:41:00.270257Z,KXBTC15M-26OCT042245-45,0.9690,118.79,no
2026-10-05T02:41:00.270257Z,KXBTC15M-26OCT042245-45,0.9690,141.42,no
2026-10-05T02:41:00.273479Z,KXBTC15M-26OCT042245-45,0.9690,10.41,no
2026-10-05T02:41:00.289001Z,KXBTC15M-26OCT042245-45,0.9690,24.02,no
2026-10-05T02:41:00.316884Z,KXBTC15M-26OCT042245-45,0.9700,14.49,yes
2026-10-05T02:41:00.339305Z,KXBTC15M-26OCT042245-45,0.9700,4.00,yes
2026-10-05T02:41:00.342826Z,KXBTC15M-26OCT042245-45,0.9690,0.26,no
2026-10-05T02:41:00.433667Z,KXBTC15M-26OCT042245-45,0.9700,25.24,yes
2026-10-05T02:41:00.440722Z,KXBTC15M-26OCT042245-45,0.9690,60.41,no
2026-10-05T02:41:00.492968Z,KXBTC15M-26OCT042245-45,0.9700,340.44,yes
2026-10-05T02:41:00.492968Z,KXBTC15M-26OCT042245-45,0.9700,116.56,yes
2026-10-05T02:41:00.574199Z,KXBTC15M-26OCT042245-45,0.9700,1.00,yes
2026-10-05T02:41:00.584747Z,KXBTC15M-26OCT042245-45,0.9700,22.63,yes
2026-10-05T02:41:00.605277Z,KXBTC15M-26OCT042245-45,0.9690,29.25,no
2026-10-05T02:41:00.656379Z,KXBTC15M-26OCT042245-45,0.9700,20.00,yes
2026-10-05T02:41:00.710481Z,KXBTC15M-26OCT042245-45,0.9690,39.01,no
2026-10-05T02:41:00.728336Z,KXBTC15M-26OCT042245-45,0.9690,13.34,no
2026-10-05T02:41:00.728336Z,KXBTC15M-26OCT042245-45,0.9690,32.37,no
2026-10-05T02:41:00.739322Z,KXBTC15M-26OCT042245-45,0.9690,1.15,no
2026-10-05T02:41:00.778594Z,KXBTC15M-26OCT042245-45,0.9700,10.28,yes
2026-10-05T02:41:00.873538Z,KXBTC15M-26OCT042245-45,0.9700,7.54,yes
2026-10-05T02:41:00.883181Z,KXBTC15M-26OCT042245-45,0.9700,2.00,yes
2026-10-05T02:41:00.935352Z,KXBTC15M-26OCT042245-45,0.9700,50.00,yes
2026-10-05T02:41:00.937363Z,KXBTC15M-26OCT042245-45,0.9700,5.00,yes
2026-10-05T02:41:00.94191Z,KXBTC15M-26OCT042245-45,0.9690,15.48,no
2026-10-05T02:41:00.94191Z,KXBTC15M-26OCT042245-45,0.9690,44.91,no
2026-10-05T02:41:00.94191Z,KXBTC15M-26OCT042245-45,0.9690,0.01,no
2026-10-05T02:41:00.94191Z,KXBTC15M-26OCT042245-45,0.9690,0.01,no
2026-10-05T02:41:00.966743Z,KXBTC15M-26OCT042245-45,0.9690,104.94,no
2026-10-05T02:41:00.971526Z,KXBTC15M-26OCT042245-45,0.9690,0.15,no
2026-10-05T02:41:00.971526Z,KXBTC15M-26OCT042245-45,0.9690,4.98,no
2026-10-05T02:41:00.972581Z,KXBTC15M-26OCT042245-45,0.9700,4.00,yes
2026-10-05T02:41:00.981993Z,KXBTC15M-26OCT042245-45,0.9700,20.00,yes
2026-10-05T02:41:01.011231Z,KXBTC15M-26OCT042245-45,0.9690,3.00,no
2026-10-05T02:41:01.01434Z,KXBTC15M-26OCT042245-45,0.9690,29.30,no
2026-10-05T02:41:01.045307Z,KXBTC15M-26OCT042245-45,0.9700,3.09,yes
2026-10-05T02:41:01.094287Z,KXBTC15M-26OCT042245-45,0.9690,5.07,no
2026-10-05T02:41:01.123953Z,KXBTC15M-26OCT042245-45,0.9690,1.31,no
2026-10-05T02:41:01.138883Z,KXBTC15M-26OCT042245-45,0.9690,60.41,no
2026-10-05T02:41:01.143149Z,KXBTC15M-26OCT042245-45,0.9700,14.02,yes
2026-10-05T02:41:01.143149Z,KXBTC15M-26OCT042245-45,0.9700,38.08,yes
2026-10-05T02:41:01.18915Z,KXBTC15M-26OCT042245-45,0.9690,151.04,no
2026-10-05T02:41:01.231868Z,KXBTC15M-26OCT042245-45,0.9690,6.16,no
2026-10-05T02:41:01.237473Z,KXBTC15M-26OCT042245-45,0.9690,2.90,no
2026-10-05T02:41:01.245398Z,KXBTC15M-26OCT042245-45,0.9690,5.00,no
2026-10-05T02:41:01.253328Z,KXBTC15M-26OCT042245-45,0.9690,60.41,no
2026-10-05T02:41:01.265449Z,KXBTC15M-26OCT042245-45,0.9690,1.25,no
2026-10-05T02:41:01.281152Z,KXBTC15M-26OCT042245-45,0.9690,2.08,no
2026-10-05T02:41:01.298237Z,KXBTC15M-26OCT042245-45,0.9690,28.95,no
2026-10-05T02:41:01.298237Z,KXBTC15M-26OCT042245-45,0.9690,200.00,no
2026-10-05T02:41:01.298237Z,KXBTC15M-26OCT042245-45,0.9690,67.09,no
2026-10-05T02:41:01.352642Z,KXBTC15M-26OCT042245-45,0.9690,30.20,no
2026-10-05T02:41:01.35532Z,KXBTC15M-26OCT042245-45,0.9700,5.00,yes
2026-10-05T02:41:01.37052Z,KXBTC15M-26OCT042245-45,0.9690,440.85,no
2026-10-05T02:41:01.37052Z,KXBTC15M-26OCT042245-45,0.9690,10.00,no
2026-10-05T02:41:01.37052Z,KXBTC15M-26OCT042245-45,0.9690,25.00,no
2026-10-05T02:41:01.37052Z,KXBTC15M-26OCT042245-45,0.9690,279.37,no
2026-10-05T02:41:01.394954Z,KXBTC15M-26OCT042245-45,0.9690,40.00,no
2026-10-05T02:41:01.394954Z,KXBTC15M-26OCT042245-45,0.9690,100.00,no
2026-10-05T02:41:01.394954Z,KXBTC15M-26OCT042245-45,0.9690,11.04,no
2026-10-05T02:41:01.417995Z,KXBTC15M-26OCT042245-45,0.9690,3.02,no
2026-10-05T02:41:01.439748Z,KXBTC15M-26OCT042245-45,0.9690,200.00,no
2026-10-05T02:41:01.439748Z,KXBTC15M-26OCT042245-45,0.9690,400.00,no
2026-10-05T02:41:01.439748Z,KXBTC15M-26OCT042245-45,0.9690,100.00,no
2026-10-05T02:41:01.439748Z,KXBTC15M-26OCT042245-45,0.9690,1.38,no
2026-10-05T02:41:01.439748Z,KXBTC15M-26OCT042245-45,0.9690,1.00,no
2026-10-05T02:41:01.439748Z,KXBTC15M-26OCT042245-45,0.9690,30.00,no
2026-10-05T02:41:01.439748Z,KXBTC15M-26OCT042245-45,0.9690,21.88,no
2026-10-05T02:41:01.439748Z,KXBTC15M-26OCT042245-45,0.9690,0.94,no
2026-10-05T02:41:01.439748Z,KXBTC15M-26OCT042245-45,0.9690,0.01,no
2026-10-05T02:41:01.439748Z,KXBTC15M-26OCT042245-45,0.9690,0.01,no
2026-10-05T02:41:01.475345Z,KXBTC15M-26OCT042245-45,0.9700,2.41,yes
2026-10-05T02:41:01.482039Z,KXBTC15M-26OCT042245-45,0.9700,50.64,yes
2026-10-05T02:41:01.482039Z,KXBTC15M-26OCT042245-45,0.9700,49.70,yes
2026-10-05T02:41:01.482039Z,KXBTC15M-26OCT042245-45,0.9700,50.00,yes
2026-10-05T02:41:01.482039Z,KXBTC15M-26OCT042245-45,0.9700,2.00,yes
2026-10-05T02:41:01.482039Z,KXBTC15M-26OCT042245-45,0.9700,35.49,yes
2026-10-05T02:41:01.482039Z,KXBTC15M-26OCT042245-45,0.9700,4.50,yes
2026-10-05T02:41:01.482039Z,KXBTC15M-26OCT042245-45,0.9700,2.00,yes
2026-10-05T02:41:01.482039Z,KXBTC15M-26OCT042245-45,0.9700,0.01,yes
2026-10-05T02:41:01.482039Z,KXBTC15M-26OCT042245-45,0.9700,0.01,yes
2026-10-05T02:41:01.542259Z,KXBTC15M-26OCT042245-45,0.9690,30.20,no
2026-10-05T02:41:01.546299Z,KXBTC15M-26OCT042245-45,0.9690,11.50,no
2026-10-05T02:41:01.564401Z,KXBTC15M-26OCT042245-45,0.9700,0.01,yes
2026-10-05T02:41:01.564401Z,KXBTC15M-26OCT042245-45,0.9700,9.98,yes
2026-10-05T02:41:01.564401Z,KXBTC15M-26OCT042245-45,0.9700,0.01,yes
2026-10-05T02:41:01.58178Z,KXBTC15M-26OCT042245-45,0.9690,3.92,no
2026-10-05T02:41:01.593986Z,KXBTC15M-26OCT042245-45,0.9690,6.21,no
2026-10-05T02:41:01.622387Z,KXBTC15M-26OCT042245-45,0.9690,55.00,no
2026-10-05T02:41:01.631137Z,KXBTC15M-26OCT042245-45,0.9690,60.41,no
2026-10-05T02:41:01.648603Z,KXBTC15M-26OCT042245-45,0.9700,10.00,yes
2026-10-05T02:41:01.660527Z,KXBTC15M-26OCT042245-45,0.9700,17.28,yes
2026-10-05T02:41:01.676837Z,KXBTC15M-26OCT042245-45,0.9700,0.01,yes
2026-10-05T02:41:01.676837Z,KXBTC15M-26OCT042245-45,0.9700,0.01,yes
2026-10-05T02:41:01.676837Z,KXBTC15M-26OCT042245-45,0.9700,12.74,yes
2026-10-05T02:41:01.676837Z,KXBTC15M-26OCT042245-45,0.9710,88.05,yes
2026-10-05T02:41:01.696804Z,KXBTC15M-26OCT042245-45,0.9700,22.00,no
2026-10-05T02:41:01.707571Z,KXBTC15M-26OCT042245-45,0.9710,20.00,yes
2026-10-05T02:41:01.709162Z,KXBTC15M-26OCT042245-45,0.9700,25.07,no
2026-10-05T02:41:01.722445Z,KXBTC15M-26OCT042245-45,0.9710,1.00,yes
2026-10-05T02:41:01.768812Z,KXBTC15M-26OCT042245-45,0.9710,5.00,yes
2026-10-05T02:41:01.797776Z,KXBTC15M-26OCT042245-45,0.9710,10.07,yes
2026-10-05T02:41:01.869422Z,KXBTC15M-26OCT042245-45,0.9710,13.27,yes
2026-10-05T02:41:01.870587Z,KXBTC15M-26OCT042245-45,0.9710,8.00,yes
2026-10-05T02:41:01.871718Z,KXBTC15M-26OCT042245-45,0.9700,30.20,no
2026-10-05T02:41:01.873884Z,KXBTC15M-26OCT042245-45,0.9710,15.00,yes
2026-10-05T02:41:01.874089Z,KXBTC15M-26OCT042245-45,0.9700,20.94,no
2026-10-05T02:41:01.887572Z,KXBTC15M-26OCT042245-45,0.9710,127.00,yes
2026-10-05T02:41:01.911329Z,KXBTC15M-26OCT042245-45,0.9700,18.28,no
2026-10-05T02:41:01.938537Z,KXBTC15M-26OCT042245-45,0.9700,70.00,no
2026-10-05T02:41:01.938537Z,KXBTC15M-26OCT042245-45,0.9700,70.00,no
2026-10-05T02:41:01.938537Z,KXBTC15M-26OCT042245-45,0.9700,33.51,no
2026-10-05T02:41:01.938537Z,KXBTC15M-26OCT042245-45,0.9700,70.00,no
2026-10-05T02:41:01.938537Z,KXBTC15M-26OCT042245-45,0.9700,100.00,no
2026-10-05T02:41:01.938537Z,KXBTC15M-26OCT042245-45,0.9700,190.67,no
2026-10-05T02:41:01.938537Z,KXBTC15M-26OCT042245-45,0.9700,70.00,no
2026-10-05T02:41:01.939255Z,KXBTC15M-26OCT042245-45,0.9700,45.66,no
2026-10-05T02:41:01.946776Z,KXBTC15M-26OCT042245-45,0.9710,5.03,yes
2026-10-05T02:41:01.989842Z,KXBTC15M-26OCT042245-45,0.9700,12.78,no
2026-10-05T02:41:01.992681Z,KXBTC15M-26OCT042245-45,0.9700,12.51,no
2026-10-05T02:41:02.010244Z,KXBTC15M-26OCT042245-45,0.9700,30.20,no
2026-10-05T02:41:02.083356Z,KXBTC15M-26OCT042245-45,0.9710,34.78,yes
2026-10-05T02:41:02.086424Z,KXBTC15M-26OCT042245-45,0.9700,27.11,no
2026-10-05T02:41:02.099513Z,KXBTC15M-26OCT042245-45,0.9710,220.00,yes
2026-10-05T02:41:02.118942Z,KXBTC15M-26OCT042245-45,0.9700,7.91,no
2026-10-05T02:41:02.127661Z,KXBTC15M-26OCT042245-45,0.9710,400.00,yes
2026-10-05T02:41:02.147927Z,KXBTC15M-26OCT042245-45,0.9710,45.00,yes
2026-10-05T02:41:02.150193Z,KXBTC15M-26OCT042245-45,0.9700,30.20,no
2026-10-05T02:41:02.229508Z,KXBTC15M-26OCT042245-45,0.9710,14.00,yes
2026-10-05T02:41:02.271969Z,KXBTC15M-26OCT042245-45,0.9700,60.41,no
2026-10-05T02:41:02.30364Z,KXBTC15M-26OCT042245-45,0.9700,31.21,no
2026-10-05T02:41:02.334932Z,KXBTC15M-26OCT042245-45,0.9710,10.00,yes
2026-10-05T02:41:02.34363Z,KXBTC15M-26OCT042245-45,0.9710,10.00,yes
2026-10-05T02:41:02.389208Z,KXBTC15M-26OCT042245-45,0.9700,0.01,no
2026-10-05T02:41:02.389208Z,KXBTC15M-26OCT042245-45,0.9700,4.03,no
2026-10-05T02:41:02.389208Z,KXBTC15M-26OCT042245-45,0.9700,51.34,no
2026-10-05T02:41:02.39171Z,KXBTC15M-26OCT042245-45,0.9700,50.00,no
2026-10-05T02:41:02.39171Z,KXBTC15M-26OCT042245-45,0.9700,10.00,no
2026-10-05T02:41:02.39171Z,KXBTC15M-26OCT042245-45,0.9700,11.00,no
2026-10-05T02:41:02.39171Z,KXBTC15M-26OCT042245-45,0.9700,195.97,no
2026-10-05T02:41:02.39171Z,KXBTC15M-26OCT042245-45,0.9700,42.00,no
2026-10-05T02:41:02.39171Z,KXBTC15M-26OCT042245-45,0.9700,65.48,no
2026-10-05T02:41:02.39171Z,KXBTC15M-26OCT042245-45,0.9700,0.10,no
2026-10-05T02:41:02.39171Z,KXBTC15M-26OCT042245-45,0.9700,0.01,no
2026-10-05T02:41:02.550905Z,KXBTC15M-26OCT042245-45,0.9700,40.86,no
2026-10-05T02:41:02.55581Z,KXBTC15M-26OCT042245-45,0.9700,31.21,no
2026-10-05T02:41:02.604155Z,KXBTC15M-26OCT042245-45,0.9710,20.80,yes
2026-10-05T02:41:02.604155Z,KXBTC15M-26OCT042245-45,0.9710,34.18,yes
2026-10-05T02:41:02.604155Z,KXBTC15M-26OCT042245-45,0.9710,0.01,yes
2026-10-05T02:41:02.604155Z,KXBTC15M-26OCT042245-45,0.9710,0.01,yes
2026-10-05T02:41:02.629282Z,KXBTC15M-26OCT042245-45,0.9700,344.67,no
2026-10-05T02:41:02.629282Z,KXBTC15M-26OCT042245-45,0.9700,100.00,no
2026-10-05T02:41:02.629282Z,KXBTC15M-26OCT042245-45,0.9700,400.00,no
2026-10-05T02:41:02.629282Z,KXBTC15M-26OCT042245-45,0.9700,10.00,no
2026-10-05T02:41:02.629282Z,KXBTC15M-26OCT042245-45,0.9700,2.00,no
2026-10-05T02:41:02.629282Z,KXBTC15M-26OCT042245-45,0.9700,50.00,no
2026-10-05T02:41:02.629282Z,KXBTC15M-26OCT042245-45,0.9700,6.00,no
2026-10-05T02:41:02.629282Z,KXBTC15M-26OCT042245-45,0.9690,5.00,no
2026-10-05T02:41:02.629282Z,KXBTC15M-26OCT042245-45,0.9660,11.86,no
2026-10-05T02:41:02.629282Z,KXBTC15M-26OCT042245-45,0.9700,20.00,no
2026-10-05T02:41:02.629282Z,KXBTC15M-26OCT042245-45,0.9700,45.00,no
2026-10-05T02:41:02.629282Z,KXBTC15M-26OCT042245-45,0.9680,73.00,no
2026-10-05T02:41:02.629282Z,KXBTC15M-26OCT042245-45,0.9690,5.00,no
2026-10-05T02:41:02.629282Z,KXBTC15M-26OCT042245-45,0.9700,201.00,no
2026-10-05T02:41:02.629282Z,KXBTC15M-26OCT042245-45,0.9700,90.00,no
2026-10-05T02:41:02.629282Z,KXBTC15M-26OCT042245-45,0.9690,901.00,no
2026-10-05T02:41:02.629282Z,KXBTC15M-26OCT042245-45,0.9700,0.01,no
2026-10-05T02:41:02.629282Z,KXBTC15M-26OCT042245-45,0.9700,50.00,no
2026-10-05T02:41:02.629282Z,KXBTC15M-26OCT042245-45,0.9690,40.00,no
2026-10-05T02:41:02.629282Z,KXBTC15M-26OCT042245-45,0.9700,0.01,no
2026-10-05T02:41:02.629282Z,KXBTC15M-26OCT042245-45,0.9690,22.00,no
2026-10-05T02:41:02.629282Z,KXBTC15M-26OCT042245-45,0.9690,75.00,no
2026-10-05T02:41:02.629282Z,KXBTC15M-26OCT042245-45,0.9700,500.00,no
2026-10-05T02:41:02.629282Z,KXBTC15M-26OCT042245-45,0.9700,5.00,no
2026-10-05T02:41:02.629282Z,KXBTC15M-26OCT042245-45,0.9700,30.00,no
2026-10-05T02:41:02.629282Z,KXBTC15M-26OCT042245-45,0.9700,91.00,no
2026-10-05T02:41:02.629282Z,KXBTC15M-26OCT042245-45,0.9700,2.00,no
2026-10-05T02:41:02.629282Z,KXBTC15M-26OCT042245-45,0.9690,40.00,no
2026-10-05T02:41:02.629282Z,KXBTC15M-26OCT042245-45,0.9700,150.00,no
2026-10-05T02:41:02.629282Z,KXBTC15M-26OCT042245-45,0.9670,50.00,no
2026-10-05T02:41:02.629282Z,KXBTC15M-26OCT042245-45,0.9670,50.00,no
2026-10-05T02:41:02.629282Z,KXBTC15M-26OCT042245-45,0.9660,10.00,no
2026-10-05T02:41:02.733319Z,KXBTC15M-26OCT042245-45,0.9660,42.68,no
2026-10-05T02:41:02.735065Z,KXBTC15M-26OCT042245-45,0.9670,22.99,yes
2026-10-05T02:41:02.735065Z,KXBTC15M-26OCT042245-45,0.9670,0.01,yes
2026-10-05T02:41:02.735065Z,KXBTC15M-26OCT042245-45,0.9670,9.00,yes
2026-10-05T02:41:02.816904Z,KXBTC15M-26OCT042245-45,0.9660,1.12,no
2026-10-05T02:41:02.818345Z,KXBTC15M-26OCT042245-45,0.9660,0.57,no
2026-10-05T02:41:02.841813Z,KXBTC15M-26OCT042245-45,0.9670,333.00,yes
2026-10-05T02:41:02.881363Z,KXBTC15M-26OCT042245-45,0.9660,37.21,no
2026-10-05T02:41:02.885327Z,KXBTC15M-26OCT042245-45,0.9670,40.00,yes
2026-10-05T02:41:02.917724Z,KXBTC15M-26OCT042245-45,0.9670,0.10,yes
2026-10-05T02:41:02.946728Z,KXBTC15M-26OCT042245-45,0.9660,0.01,no
2026-10-05T02:41:02.946728Z,KXBTC15M-26OCT042245-45,0.9660,0.59,no
2026-10-05T02:41:02.95894Z,KXBTC15M-26OCT042245-45,0.9660,3.00,no
2026-10-05T02:41:02.95894Z,KXBTC15M-26OCT042245-45,0.9660,0.01,no
2026-10-05T02:41:02.95894Z,KXBTC15M-26OCT042245-45,0.9660,500.00,no
2026-10-05T02:41:02.95894Z,KXBTC15M-26OCT042245-45,0.9660,25.00,no
2026-10-05T02:41:02.95894Z,KXBTC15M-26OCT042245-45,0.9660,150.00,no
2026-10-05T02:41:02.95894Z,KXBTC15M-26OCT042245-45,0.9660,735.00,no
2026-10-05T02:41:02.95894Z,KXBTC15M-26OCT042245-45,0.9660,399.41,no
2026-10-05T02:41:02.95894Z,KXBTC15M-26OCT042245-45,0.9660,0.01,no
2026-10-05T02:41:02.95894Z,KXBTC15M-26OCT042245-45,0.9660,150.00,no
2026-10-05T02:41:02.973968Z,KXBTC15M-26OCT042245-45,0.9650,0.01,no
2026-10-05T02:41:02.973968Z,KXBTC15M-26OCT042245-45,0.9650,37.56,no
2026-10-05T02:41:02.987218Z,KXBTC15M-26OCT042245-45,0.9660,70.00,yes
2026-10-05T02:41:02.999571Z,KXBTC15M-26OCT042245-45,0.9650,4.80,no
2026-10-05T02:41:03.013419Z,KXBTC15M-26OCT042245-45,0.9650,100.00,no
2026-10-05T02:41:03.023903Z,KXBTC15M-26OCT042245-45,0.9650,5.00,no
2026-10-05T02:41:03.033764Z,KXBTC15M-26OCT042245-45,0.9660,70.00,yes
2026-10-05T02:41:03.033764Z,KXBTC15M-26OCT042245-45,0.9660,70.00,yes
2026-10-05T02:41:03.033764Z,KXBTC15M-26OCT042245-45,0.9660,70.00,yes
2026-10-05T02:41:03.033764Z,KXBTC15M-26OCT042245-45,0.9660,70.00,yes
2026-10-05T02:41:03.033764Z,KXBTC15M-26OCT042245-45,0.9660,0.01,yes
2026-10-05T02:41:03.033764Z,KXBTC15M-26OCT042245-45,0.9660,0.01,yes
2026-10-05T02:41:03.033764Z,KXBTC15M-26OCT042245-45,0.9660,209.98,yes
2026-10-05T02:41:03.033764Z,KXBTC15M-26OCT042245-45,0.9660,70.00,yes
2026-10-05T02:41:03.296173Z,KXBTC15M-26OCT042245-45,0.9650,2.64,no
2026-10-05T02:41:03.296173Z,KXBTC15M-26OCT042245-45,0.9650,24.34,no
2026-10-05T02:41:03.35661Z,KXBTC15M-26OCT042245-45,0.9650,26.74,no
2026-10-05T02:41:03.35661Z,KXBTC15M-26OCT042245-45,0.9650,0.01,no
2026-10-05T02:41:03.35661Z,KXBTC15M-26OCT042245-45,0.9650,0.01,no
2026-10-05T02:41:03.459982Z,KXBTC15M-26OCT042245-45,0.9660,1.00,yes
2026-10-05T02:41:03.56183Z,KXBTC15M-26OCT042245-45,0.9650,148.53,no
2026-10-05T02:41:03.56183Z,KXBTC15M-26OCT042245-45,0.9650,0.01,no
2026-10-05T02:41:03.56183Z,KXBTC15M-26OCT042245-45,0.9650,2.29,no
2026-10-05T02:41:03.56183Z,KXBTC15M-26OCT042245-45,0.9650,0.01,no
2026-10-05T02:41:03.56183Z,KXBTC15M-26OCT042245-45,0.9650,63.26,no
2026-10-05T02:41:03.602031Z,KXBTC15M-26OCT042245-45,0.9650,26.76,no
2026-10-05T02:41:03.651638Z,KXBTC15M-26OCT042245-45,0.9650,0.07,no
2026-10-05T02:41:03.741684Z,KXBTC15M-26OCT042245-45,0.9650,35.00,no
2026-10-05T02:41:03.741684Z,KXBTC15M-26OCT042245-45,0.9650,0.01,no
2026-10-05T02:41:03.741684Z,KXBTC15M-26OCT042245-45,0.9650,0.01,no
2026-10-05T02:41:03.741684Z,KXBTC15M-26OCT042245-45,0.9650,98.79,no
2026-10-05T02:41:03.801536Z,KXBTC15M-26OCT042245-45,0.9640,136.00,yes
2026-10-05T02:41:03.801912Z,KXBTC15M-26OCT042245-45,0.9640,58.00,yes
2026-10-05T02:41:03.804806Z,KXBTC15M-26OCT042245-45,0.9640,247.00,yes
2026-10-05T02:41:03.840658Z,KXBTC15M-26OCT042245-45,0.9640,0.01,yes
2026-10-05T02:41:03.840658Z,KXBTC15M-26OCT042245-45,0.9640,62.98,yes
2026-10-05T02:41:03.840658Z,KXBTC15M-26OCT042245-45,0.9640,0.01,yes
2026-10-05T02:41:03.842131Z,KXBTC15M-26OCT042245-45,0.9640,60.98,yes
2026-10-05T02:41:03.842131Z,KXBTC15M-26OCT042245-45,0.9640,90.02,yes
2026-10-05T02:41:03.918908Z,KXBTC15M-26OCT042245-45,0.9630,400.00,no
2026-10-05T02:41:03.918908Z,KXBTC15M-26OCT042245-45,0.9630,662.73,no
2026-10-05T02:41:03.918908Z,KXBTC15M-26OCT042245-45,0.9630,200.00,no
2026-10-05T02:41:03.918908Z,KXBTC15M-26OCT042245-45,0.9630,0.01,no
2026-10-05T02:41:03.934394Z,KXBTC15M-26OCT042245-45,0.9650,0.01,yes
2026-10-05T02:41:03.934394Z,KXBTC15M-26OCT042245-45,0.9650,4.96,yes
2026-10-05T02:41:03.934394Z,KXBTC15M-26OCT042245-45,0.9650,0.01,yes
2026-10-05T02:41:03.934394Z,KXBTC15M-26OCT042245-45,0.9640,0.01,yes
2026-10-05T02:41:03.934394Z,KXBTC15M-26OCT042245-45,0.9640,0.01,yes
2026-10-05T02:41:03.953551Z,KXBTC15M-26OCT042245-45,0.9650,0.01,yes
2026-10-05T02:41:03.953551Z,KXBTC15M-26OCT042245-45,0.9660,31.30,yes
2026-10-05T02:41:03.998607Z,KXBTC15M-26OCT042245-45,0.9650,133.81,no
2026-10-05T02:41:04.063235Z,KXBTC15M-26OCT042245-45,0.9650,16.19,no
2026-10-05T02:41:04.063235Z,KXBTC15M-26OCT042245-45,0.9650,0.01,no
2026-10-05T02:41:04.063235Z,KXBTC15M-26OCT042245-45,0.9650,0.01,no
2026-10-05T02:41:04.063235Z,KXBTC15M-26OCT042245-45,0.9650,10.55,no
2026-10-05T02:41:04.089086Z,KXBTC15M-26OCT042245-45,0.9650,0.10,no
2026-10-05T02:41:04.089086Z,KXBTC15M-26OCT042245-45,0.9650,72.71,no
2026-10-05T02:41:04.089086Z,KXBTC15M-26OCT042245-45,0.9650,61.00,no
2026-10-05T02:41:04.157138Z,KXBTC15M-26OCT042245-45,0.9650,50.00,no
2026-10-05T02:41:04.157138Z,KXBTC15M-26OCT042245-45,0.9650,14.00,no
2026-10-05T02:41:04.169407Z,KXBTC15M-26OCT042245-45,0.9660,10.50,yes
2026-10-05T02:41:04.266099Z,KXBTC15M-26OCT042245-45,0.9660,76.00,yes
2026-10-05T02:41:04.285439Z,KXBTC15M-26OCT042245-45,0.9650,25.32,no
2026-10-05T02:41:04.373739Z,KXBTC15M-26OCT042245-45,0.9660,13.00,yes
2026-10-05T02:41:04.389411Z,KXBTC15M-26OCT042245-45,0.9650,115.90,no
2026-10-05T02:41:04.389411Z,KXBTC15M-26OCT042245-45,0.9650,10.68,no
2026-10-05T02:41:04.389411Z,KXBTC15M-26OCT042245-45,0.9650,0.01,no
2026-10-05T02:41:04.389411Z,KXBTC15M-26OCT042245-45,0.9650,0.01,no
2026-10-05T02:41:04.41676Z,KXBTC15M-26OCT042245-45,0.9650,26.76,no
2026-10-05T02:41:04.417873Z,KXBTC15M-26OCT042245-45,0.9660,0.01,yes
2026-10-05T02:41:04.417873Z,KXBTC15M-26OCT042245-45,0.9660,0.01,yes
2026-10-05T02:41:04.417873Z,KXBTC15M-26OCT042245-45,0.9660,70.00,yes
2026-10-05T02:41:04.417873Z,KXBTC15M-26OCT042245-45,0.9660,45.33,yes
2026-10-05T02:41:04.417873Z,KXBTC15M-26OCT042245-45,0.9660,30.20,yes
2026-10-05T02:41:04.417873Z,KXBTC15M-26OCT042245-45,0.9660,6.93,yes
2026-10-05T02:41:04.417873Z,KXBTC15M-26OCT042245-45,0.9660,1.00,yes
2026-10-05T02:41:04.429681Z,KXBTC15M-26OCT042245-45,0.9660,13.38,no
2026-10-05T02:41:04.506133Z,KXBTC15M-26OCT042245-45,0.9660,2.28,no
2026-10-05T02:41:04.515847Z,KXBTC15M-26OCT042245-45,0.9660,43.35,no
2026-10-05T02:41:04.579538Z,KXBTC15M-26OCT042245-45,0.9670,2.00,yes
2026-10-05T02:41:04.579538Z,KXBTC15M-26OCT042245-45,0.9670,9.00,yes
2026-10-05T02:41:04.579538Z,KXBTC15M-26OCT042245-45,0.9670,7.00,yes
2026-10-05T02:41:04.581723Z,KXBTC15M-26OCT042245-45,0.9670,75.00,yes
2026-10-05T02:41:04.610902Z,KXBTC15M-26OCT042245-45,0.9670,1.03,yes
2026-10-05T02:41:04.688147Z,KXBTC15M-26OCT042245-45,0.9660,13.38,no
2026-10-05T02:41:04.75306Z,KXBTC15M-26OCT042245-45,0.9680,102.97,yes
2026-10-05T02:41:04.75306Z,KXBTC15M-26OCT042245-45,0.9670,0.01,yes
2026-10-05T02:41:04.75306Z,KXBTC15M-26OCT042245-45,0.9670,9.00,yes
2026-10-05T02:41:04.75306Z,KXBTC15M-26OCT042245-45,0.9670,0.01,yes
2026-10-05T02:41:04.784743Z,KXBTC15M-26OCT042245-45,0.9680,13.00,yes
2026-10-05T02:41:04.787092Z,KXBTC15M-26OCT042245-45,0.9650,50.00,no
2026-10-05T02:41:04.787092Z,KXBTC15M-26OCT042245-45,0.9650,100.00,no
2026-10-05T02:41:04.787092Z,KXBTC15M-26OCT042245-45,0.9660,1.00,no
2026-10-05T02:41:04.787092Z,KXBTC15M-26OCT042245-45,0.9670,0.10,no
2026-10-05T02:41:04.787092Z,KXBTC15M-26OCT042245-45,0.9670,264.00,no
2026-10-05T02:41:04.787092Z,KXBTC15M-26OCT042245-45,0.9660,36.00,no
2026-10-05T02:41:04.787092Z,KXBTC15M-26OCT042245-45,0.9670,0.01,no
2026-10-05T02:41:04.787092Z,KXBTC15M-26OCT042245-45,0.9660,0.01,no
2026-10-05T02:41:04.787092Z,KXBTC15M-26OCT042245-45,0.9660,1000.00,no
2026-10-05T02:41:04.787092Z,KXBTC15M-26OCT042245-45,0.9660,48.00,no
2026-10-05T02:41:04.787092Z,KXBTC15M-26OCT042245-45,0.9670,150.00,no
2026-10-05T02:41:04.787092Z,KXBTC15M-26OCT042245-45,0.9670,114.00,no
2026-10-05T02:41:04.787092Z,KXBTC15M-26OCT042245-45,0.9670,0.01,no
2026-10-05T02:41:04.787092Z,KXBTC15M-26OCT042245-45,0.9660,156.00,no
2026-10-05T02:41:04.787092Z,KXBTC15M-26OCT042245-45,0.9650,109.33,no
2026-10-05T02:41:04.787092Z,KXBTC15M-26OCT042245-45,0.9660,0.01,no
2026-10-05T02:41:04.787092Z,KXBTC15M-26OCT042245-45,0.9650,35.00,no
2026-10-05T02:41:04.79344Z,KXBTC15M-26OCT042245-45,0.9670,1.00,yes
2026-10-05T02:41:04.941527Z,KXBTC15M-26OCT042245-45,0.9650,4.98,yes
2026-10-05T02:41:04.941527Z,KXBTC15M-26OCT042245-45,0.9650,0.01,yes
2026-10-05T02:41:04.941527Z,KXBTC15M-26OCT042245-45,0.9650,0.01,yes
2026-10-05T02:41:04.979327Z,KXBTC15M-26OCT042245-45,0.9650,3.00,yes
2026-10-05T02:41:05.006748Z,KXBTC15M-26OCT042245-45,0.9650,70.02,yes
2026-10-05T02:41:05.006748Z,KXBTC15M-26OCT042245-45,0.9650,3.98,yes
2026-10-05T02:41:05.010655Z,KXBTC15M-26OCT042245-45,0.9650,22.00,yes
2026-10-05T02:41:05.025482Z,KXBTC15M-26OCT042245-45,0.9650,75.00,yes
2026-10-05T02:41:05.03967Z,KXBTC15M-26OCT042245-45,0.9650,60.00,yes
2026-10-05T02:41:05.062709Z,KXBTC15M-26OCT042245-45,0.9660,9.00,yes
2026-10-05T02:41:05.062709Z,KXBTC15M-26OCT042245-45,0.9650,0.01,yes
2026-10-05T02:41:05.062709Z,KXBTC15M-26OCT042245-45,0.9650,0.01,yes
2026-10-05T02:41:05.062709Z,KXBTC15M-26OCT042245-45,0.9660,465.93,yes
2026-10-05T02:41:05.062709Z,KXBTC15M-26OCT042245-45,0.9650,1.00,yes
2026-10-05T02:41:05.062709Z,KXBTC15M-26OCT042245-45,0.9650,157.00,yes
2026-10-05T02:41:05.062709Z,KXBTC15M-26OCT042245-45,0.9650,153.02,yes
2026-10-05T02:41:05.062709Z,KXBTC15M-26OCT042245-45,0.9650,6.86,yes
2026-10-05T02:41:05.072541Z,KXBTC15M-26OCT042245-45,0.9640,0.01,no
2026-10-05T02:41:05.072541Z,KXBTC15M-26OCT042245-45,0.9640,209.69,no
2026-10-05T02:41:05.072541Z,KXBTC15M-26OCT042245-45,0.9650,150.00,no
2026-10-05T02:41:05.072541Z,KXBTC15M-26OCT042245-45,0.9650,150.00,no
2026-10-05T02:41:05.072541Z,KXBTC15M-26OCT042245-45,0.9650,150.00,no
2026-10-05T02:41:05.072541Z,KXBTC15M-26OCT042245-45,0.9650,150.00,no
2026-10-05T02:41:05.072541Z,KXBTC15M-26OCT042245-45,0.9650,150.00,no
2026-10-05T02:41:05.081134Z,KXBTC15M-26OCT042245-45,0.9640,10.48,no
2026-10-05T02:41:05.163351Z,KXBTC15M-26OCT042245-45,0.9640,0.01,no
2026-10-05T02:41:05.163351Z,KXBTC15M-26OCT042245-45,0.9640,100.00,no
2026-10-05T02:41:05.163351Z,KXBTC15M-26OCT042245-45,0.9640,4.07,no
2026-10-05T02:41:05.175819Z,KXBTC15M-26OCT042245-45,0.9650,0.01,yes
2026-10-05T02:41:05.175819Z,KXBTC15M-26OCT042245-45,0.9660,73.98,yes
2026-10-05T02:41:05.175819Z,KXBTC15M-26OCT042245-45,0.9650,0.01,yes
2026-10-05T02:41:05.187695Z,KXBTC15M-26OCT042245-45,0.9650,133.81,no
2026-10-05T02:41:05.203468Z,KXBTC15M-26OCT042245-45,0.9660,0.01,yes
2026-10-05T02:41:05.203468Z,KXBTC15M-26OCT042245-45,0.9660,0.01,yes
2026-10-05T02:41:05.203468Z,KXBTC15M-26OCT042245-45,0.9670,1.01,yes
2026-10-05T02:41:05.206883Z,KXBTC15M-26OCT042245-45,0.9660,27.54,no
2026-10-05T02:41:05.252697Z,KXBTC15M-26OCT042245-45,0.9660,13.77,no
2026-10-05T02:41:05.327562Z,KXBTC15M-26OCT042245-45,0.9660,33.83,no
2026-10-05T02:41:05.356307Z,KXBTC15M-26OCT042245-45,0.9670,6.31,yes
2026-10-05T02:41:05.363507Z,KXBTC15M-26OCT042245-45,0.9660,43.85,no
2026-10-05T02:41:05.405537Z,KXBTC15M-26OCT042245-45,0.9670,0.01,yes
2026-10-05T02:41:05.405537Z,KXBTC15M-26OCT042245-45,0.9670,0.01,yes
2026-10-05T02:41:05.405537Z,KXBTC15M-26OCT042245-45,0.9670,6.31,yes
2026-10-05T02:41:05.405537Z,KXBTC15M-26OCT042245-45,0.9670,2.69,yes
2026-10-05T02:41:05.405537Z,KXBTC15M-26OCT042245-45,0.9680,31.28,yes
2026-10-05T02:41:05.432564Z,KXBTC15M-26OCT042245-45,0.9680,16.53,yes
2026-10-05T02:41:05.440468Z,KXBTC15M-26OCT042245-45,0.9670,26.02,no
2026-10-05T02:41:05.455665Z,KXBTC15M-26OCT042245-45,0.9670,31.22,no
2026-10-05T02:41:05.502555Z,KXBTC15M-26OCT042245-45,0.9680,53.63,yes
2026-10-05T02:41:05.539081Z,KXBTC15M-26OCT042245-45,0.9680,82.28,yes
2026-10-05T02:41:05.549599Z,KXBTC15M-26OCT042245-45,0.9670,11.02,no
2026-10-05T02:41:05.575926Z,KXBTC15M-26OCT042245-45,0.9670,27.54,no
2026-10-05T02:41:05.578147Z,KXBTC15M-26OCT042245-45,0.9670,0.01,no
2026-10-05T02:41:05.578147Z,KXBTC15M-26OCT042245-45,0.9660,44.89,no
2026-10-05T02:41:05.578147Z,KXBTC15M-26OCT042245-45,0.9670,0.01,no
2026-10-05T02:41:05.578147Z,KXBTC15M-26OCT042245-45,0.9660,1.00,no
2026-10-05T02:41:05.578147Z,KXBTC15M-26OCT042245-45,0.9670,75.00,no
2026-10-05T02:41:05.578147Z,KXBTC15M-26OCT042245-45,0.9670,54.20,no
2026-10-05T02:41:05.578147Z,KXBTC15M-26OCT042245-45,0.9660,96.00,no
2026-10-05T02:41:05.630811Z,KXBTC15M-26OCT042245-45,0.9660,150.00,no
2026-10-05T02:41:05.630811Z,KXBTC15M-26OCT042245-45,0.9660,0.01,no
2026-10-05T02:41:05.630811Z,KXBTC15M-26OCT042245-45,0.9660,0.01,no
2026-10-05T02:41:05.630811Z,KXBTC15M-26OCT042245-45,0.9650,69.75,no
2026-10-05T02:41:05.630811Z,KXBTC15M-26OCT042245-45,0.9650,100.00,no
2026-10-05T02:41:05.630811Z,KXBTC15M-26OCT042245-45,0.9650,200.00,no
2026-10-05T02:41:05.658327Z,KXBTC15M-26OCT042245-45,0.9670,9.00,yes
2026-10-05T02:41:05.658327Z,KXBTC15M-26OCT042245-45,0.9670,3.24,yes
2026-10-05T02:41:05.658327Z,KXBTC15M-26OCT042245-45,0.9670,0.01,yes
2026-10-05T02:41:05.658327Z,KXBTC15M-26OCT042245-45,0.9670,0.01,yes
2026-10-05T02:41:05.658327Z,KXBTC15M-26OCT042245-45,0.9660,0.10,yes
2026-10-05T02:41:05.658327Z,KXBTC15M-26OCT042245-45,0.9660,0.01,yes
2026-10-05T02:41:05.658327Z,KXBTC15M-26OCT042245-45,0.9660,6.89,yes
2026-10-05T02:41:05.658327Z,KXBTC15M-26OCT042245-45,0.9660,0.01,yes
2026-10-05T02:41:05.658327Z,KXBTC15M-26OCT042245-45,0.9670,78.00,yes
2026-10-05T02:41:05.667045Z,KXBTC15M-26OCT042245-45,0.9670,1.00,yes
2026-10-05T02:41:05.667045Z,KXBTC15M-26OCT042245-45,0.9670,9.00,yes
2026-10-05T02:41:05.667045Z,KXBTC15M-26OCT042245-45,0.9670,331.07,yes
2026-10-05T02:41:05.726899Z,KXBTC15M-26OCT042245-45,0.9660,42.00,no
2026-10-05T02:41:05.741536Z,KXBTC15M-26OCT042245-45,0.9660,2.75,no
2026-10-05T02:41:05.74437Z,KXBTC15M-26OCT042245-45,0.9660,27.54,no
2026-10-05T02:41:05.777592Z,KXBTC15M-26OCT042245-45,0.9660,27.54,no
2026-10-05T02:41:05.80176Z,KXBTC15M-26OCT042245-45,0.9670,3.35,yes
2026-10-05T02:41:05.80176Z,KXBTC15M-26OCT042245-45,0.9670,0.01,yes
2026-10-05T02:41:05.80176Z,KXBTC15M-26OCT042245-45,0.9670,0.01,yes
2026-10-05T02:41:05.80176Z,KXBTC15M-26OCT042245-45,0.9670,9.00,yes
2026-10-05T02:41:05.836578Z,KXBTC15M-26OCT042245-45,0.9640,7.92,no
2026-10-05T02:41:05.836578Z,KXBTC15M-26OCT042245-45,0.9660,50.17,no
2026-10-05T02:41:05.836578Z,KXBTC15M-26OCT042245-45,0.9660,0.01,no
2026-10-05T02:41:05.836578Z,KXBTC15M-26OCT042245-45,0.9660,0.01,no
2026-10-05T02:41:05.836578Z,KXBTC15M-26OCT042245-45,0.9640,15.00,no
2026-10-05T02:41:05.841165Z,KXBTC15M-26OCT042245-45,0.9670,21.21,yes
2026-10-05T02:41:05.870847Z,KXBTC15M-26OCT042245-45,0.9660,0.01,yes
2026-10-05T02:41:05.870847Z,KXBTC15M-26OCT042245-45,0.9660,0.01,yes
2026-10-05T02:41:05.870847Z,KXBTC15M-26OCT042245-45,0.9660,4.29,yes
2026-10-05T02:41:05.870847Z,KXBTC15M-26OCT042245-45,0.9660,9.00,yes
2026-10-05T02:41:05.870847Z,KXBTC15M-26OCT042245-45,0.9660,0.10,yes
2026-10-05T02:41:05.871206Z,KXBTC15M-26OCT042245-45,0.9640,3.05,no
2026-10-05T02:41:05.882682Z,KXBTC15M-26OCT042245-45,0.9660,27.81,no
2026-10-05T02:41:05.931716Z,KXBTC15M-26OCT042245-45,0.9670,46.38,yes
2026-10-05T02:41:05.937186Z,KXBTC15M-26OCT042245-45,0.9670,5.05,yes
2026-10-05T02:41:05.989668Z,KXBTC15M-26OCT042245-45,0.9670,82.46,yes
2026-10-05T02:41:05.999267Z,KXBTC15M-26OCT042245-45,0.9660,110.19,no
2026-10-05T02:41:06.020876Z,KXBTC15M-26OCT042245-45,0.9670,0.01,yes
2026-10-05T02:41:06.026095Z,KXBTC15M-26OCT042245-45,0.9660,70.62,no
2026-10-05T02:41:06.026095Z,KXBTC15M-26OCT042245-45,0.9660,12.00,no
2026-10-05T02:41:06.026095Z,KXBTC15M-26OCT042245-45,0.9660,0.01,no
2026-10-05T02:41:06.026095Z,KXBTC15M-26OCT042245-45,0.9660,0.01,no
2026-10-05T02:41:06.075838Z,KXBTC15M-26OCT042245-45,0.9670,10.30,yes
2026-10-05T02:41:06.088837Z,KXBTC15M-26OCT042245-45,0.9660,19.38,no
2026-10-05T02:41:06.088837Z,KXBTC15M-26OCT042245-45,0.9660,63.24,no
2026-10-05T02:41:06.088837Z,KXBTC15M-26OCT042245-45,0.9660,0.01,no
2026-10-05T02:41:06.088837Z,KXBTC15M-26OCT042245-45,0.9660,0.01,no
2026-10-05T02:41:06.127355Z,KXBTC15M-26OCT042245-45,0.9660,0.27,no
2026-10-05T02:41:06.132265Z,KXBTC15M-26OCT042245-45,0.9670,2.04,yes
2026-10-05T02:41:06.13428Z,KXBTC15M-26OCT042245-45,0.9670,71.02,yes
2026-10-05T02:41:06.182618Z,KXBTC15M-26OCT042245-45,0.9660,0.01,no
2026-10-05T02:41:06.182618Z,KXBTC15M-26OCT042245-45,0.9640,10.00,no
2026-10-05T02:41:06.182618Z,KXBTC15M-26OCT042245-45,0.9660,86.49,no
2026-10-05T02:41:06.182618Z,KXBTC15M-26OCT042245-45,0.9660,0.01,no
2026-10-05T02:41:06.182618Z,KXBTC15M-26OCT042245-45,0.9660,50.00,no
2026-10-05T02:41:06.182618Z,KXBTC15M-26OCT042245-45,0.9640,100.00,no
2026-10-05T02:41:06.182618Z,KXBTC15M-26OCT042245-45,0.9630,192.00,no
2026-10-05T02:41:06.182618Z,KXBTC15M-26OCT042245-45,0.9630,61.49,no
2026-10-05T02:41:06.230406Z,KXBTC15M-26OCT042245-45,0.9650,400.00,no
2026-10-05T02:41:06.230406Z,KXBTC15M-26OCT042245-45,0.9630,0.01,no
2026-10-05T02:41:06.230406Z,KXBTC15M-26OCT042245-45,0.9630,1.00,no
2026-10-05T02:41:06.230406Z,KXBTC15M-26OCT042245-45,0.9650,150.00,no
2026-10-05T02:41:06.230406Z,KXBTC15M-26OCT042245-45,0.9630,67.03,no
2026-10-05T02:41:06.230406Z,KXBTC15M-26OCT042245-45,0.9640,0.01,no
2026-10-05T02:41:06.230406Z,KXBTC15M-26OCT042245-45,0.9650,0.01,no
2026-10-05T02:41:06.230406Z,KXBTC15M-26OCT042245-45,0.9640,0.01,no
2026-10-05T02:41:06.230406Z,KXBTC15M-26OCT042245-45,0.9650,0.01,no
2026-10-05T02:41:06.230406Z,KXBTC15M-26OCT042245-45,0.9630,17.00,no
2026-10-05T02:41:06.230406Z,KXBTC15M-26OCT042245-45,0.9630,1.07,no
2026-10-05T02:41:06.489122Z,KXBTC15M-26OCT042245-45,0.9640,29.43,yes
2026-10-05T02:41:06.489122Z,KXBTC15M-26OCT042245-45,0.9640,0.01,yes
2026-10-05T02:41:06.489122Z,KXBTC15M-26OCT042245-45,0.9640,0.01,yes
2026-10-05T02:41:06.489122Z,KXBTC15M-26OCT042245-45,0.9640,1.00,yes
2026-10-05T02:41:06.616475Z,KXBTC15M-26OCT042245-45,0.9650,135.02,yes
2026-10-05T02:41:06.616475Z,KXBTC15M-26OCT042245-45,0.9640,0.01,yes
2026-10-05T02:41:06.616475Z,KXBTC15M-26OCT042245-45,0.9640,0.01,yes
2026-10-05T02:41:06.616475Z,KXBTC15M-26OCT042245-45,0.9640,500.00,yes
2026-10-05T02:41:06.616475Z,KXBTC15M-26OCT042245-45,0.9640,153.00,yes
2026-10-05T02:41:06.616475Z,KXBTC15M-26OCT042245-45,0.9640,123.57,yes
2026-10-05T02:41:06.616475Z,KXBTC15M-26OCT042245-45,0.9650,0.95,yes
2026-10-05T02:41:06.695364Z,KXBTC15M-26OCT042245-45,0.9660,1.01,yes
2026-10-05T02:41:06.695364Z,KXBTC15M-26OCT042245-45,0.9650,0.01,yes
2026-10-05T02:41:06.695364Z,KXBTC15M-26OCT042245-45,0.9650,0.01,yes
2026-10-05T02:41:06.730077Z,KXBTC15M-26OCT042245-45,0.9660,0.01,yes
2026-10-05T02:41:06.730077Z,KXBTC15M-26OCT042245-45,0.9660,0.01,yes
2026-10-05T02:41:06.730077Z,KXBTC15M-26OCT042245-45,0.9670,4.34,yes
2026-10-05T02:41:06.737805Z,KXBTC15M-26OCT042245-45,0.9660,0.01,yes
2026-10-05T02:41:06.737805Z,KXBTC15M-26OCT042245-45,0.9660,0.01,yes
2026-10-05T02:41:06.737805Z,KXBTC15M-26OCT042245-45,0.9670,97.73,yes
2026-10-05T02:41:06.737805Z,KXBTC15M-26OCT042245-45,0.9670,4.66,yes
2026-10-05T02:41:06.745135Z,KXBTC15M-26OCT042245-45,0.9670,4.34,yes
2026-10-05T02:41:06.745135Z,KXBTC15M-26OCT042245-45,0.9670,1.00,yes
2026-10-05T02:41:06.745135Z,KXBTC15M-26OCT042245-45,0.9680,248.16,yes
2026-10-05T02:41:06.751321Z,KXBTC15M-26OCT042245-45,0.9660,57.41,no
2026-10-05T02:41:06.751321Z,KXBTC15M-26OCT042245-45,0.9660,0.10,no
2026-10-05T02:41:06.773068Z,KXBTC15M-26OCT042245-45,0.9670,0.01,yes
2026-10-05T02:41:06.773068Z,KXBTC15M-26OCT042245-45,0.9670,0.01,yes
2026-10-05T02:41:06.773068Z,KXBTC15M-26OCT042245-45,0.9670,9.00,yes
2026-10-05T02:41:06.793284Z,KXBTC15M-26OCT042245-45,0.9660,4.21,no
2026-10-05T02:41:06.805299Z,KXBTC15M-26OCT042245-45,0.9670,0.01,yes
2026-10-05T02:41:06.805299Z,KXBTC15M-26OCT042245-45,0.9670,9.00,yes
2026-10-05T02:41:06.805299Z,KXBTC15M-26OCT042245-45,0.9670,0.01,yes
2026-10-05T02:41:06.918813Z,KXBTC15M-26OCT042245-45,0.9680,20.30,yes
2026-10-05T02:41:07.034691Z,KXBTC15M-26OCT042245-45,0.9670,0.26,no
2026-10-05T02:41:07.141044Z,KXBTC15M-26OCT042245-45,0.9680,17.95,yes
2026-10-05T02:41:07.207989Z,KXBTC15M-26OCT042245-45,0.9680,5.00,yes
2026-10-05T02:41:07.283507Z,KXBTC15M-26OCT042245-45,0.9670,50.64,no
2026-10-05T02:41:07.341155Z,KXBTC15M-26OCT042245-45,0.9680,0.30,yes
2026-10-05T02:41:07.399843Z,KXBTC15M-26OCT042245-45,0.9680,13.99,yes
2026-10-05T02:41:07.436276Z,KXBTC15M-26OCT042245-45,0.9680,10.30,yes
2026-10-05T02:41:07.48763Z,KXBTC15M-26OCT042245-45,0.9680,51.53,yes
2026-10-05T02:41:07.624245Z,KXBTC15M-26OCT042245-45,0.9670,0.28,no
2026-10-05T02:41:07.657332Z,KXBTC15M-26OCT042245-45,0.9680,5.05,yes
2026-10-05T02:41:07.658263Z,KXBTC15M-26OCT042245-45,0.9680,1.00,yes
2026-10-05T02:41:07.678053Z,KXBTC15M-26OCT042245-45,0.9670,98.82,no
2026-10-05T02:41:07.678053Z,KXBTC15M-26OCT042245-45,0.9670,4.98,no
2026-10-05T02:41:07.678053Z,KXBTC15M-26OCT042245-45,0.9670,0.01,no
2026-10-05T02:41:07.678053Z,KXBTC15M-26OCT042245-45,0.9630,10.00,no
2026-10-05T02:41:07.678053Z,KXBTC15M-26OCT042245-45,0.9660,31.00,no
2026-10-05T02:41:07.678053Z,KXBTC15M-26OCT042245-45,0.9670,50.00,no
2026-10-05T02:41:07.678053Z,KXBTC15M-26OCT042245-45,0.9630,42.41,no
2026-10-05T02:41:07.678053Z,KXBTC15M-26OCT042245-45,0.9630,246.00,no
2026-10-05T02:41:07.678053Z,KXBTC15M-26OCT042245-45,0.9630,36.00,no
2026-10-05T02:41:07.678053Z,KXBTC15M-26OCT042245-45,0.9630,1.00,no
2026-10-05T02:41:07.678053Z,KXBTC15M-26OCT042245-45,0.9670,0.01,no
2026-10-05T02:41:07.695485Z,KXBTC15M-26OCT042245-45,0.9670,0.01,yes
2026-10-05T02:41:07.736901Z,KXBTC15M-26OCT042245-45,0.9670,37.00,yes
2026-10-05T02:41:07.736901Z,KXBTC15M-26OCT042245-45,0.9670,69.99,yes
2026-10-05T02:41:07.742768Z,KXBTC15M-26OCT042245-45,0.9670,35.07,yes
2026-10-05T02:41:07.83339Z,KXBTC15M-26OCT042245-45,0.9670,8.59,yes
2026-10-05T02:41:07.83339Z,KXBTC15M-26OCT042245-45,0.9670,5.93,yes
2026-10-05T02:41:07.83339Z,KXBTC15M-26OCT042245-45,0.9670,0.01,yes
2026-10-05T02:41:07.83339Z,KXBTC15M-26OCT042245-45,0.9670,0.01,yes
2026-10-05T02:41:07.83339Z,KXBTC15M-26OCT042245-45,0.9670,5.40,yes
2026-10-05T02:41:07.837497Z,KXBTC15M-26OCT042245-45,0.9660,0.01,no
2026-10-05T02:41:07.837497Z,KXBTC15M-26OCT042245-45,0.9660,5.54,no
2026-10-05T02:41:07.841264Z,KXBTC15M-26OCT042245-45,0.9670,5.00,yes
2026-10-05T02:41:07.873801Z,KXBTC15M-26OCT042245-45,0.9670,247.37,yes
2026-10-05T02:41:08.007728Z,KXBTC15M-26OCT042245-45,0.9670,22.67,yes
2026-10-05T02:41:08.031234Z,KXBTC15M-26OCT042245-45,0.9660,44.00,no
2026-10-05T02:41:08.079528Z,KXBTC15M-26OCT042245-45,0.9670,179.92,yes
2026-10-05T02:41:08.153582Z,KXBTC15M-26OCT042245-45,0.9670,7.99,yes
2026-10-05T02:41:08.170283Z,KXBTC15M-26OCT042245-45,0.9660,27.81,no
2026-10-05T02:41:08.188375Z,KXBTC15M-26OCT042245-45,0.9670,20.05,yes
2026-10-05T02:41:08.286264Z,KXBTC15M-26OCT042245-45,0.9670,8.41,yes
2026-10-05T02:41:08.286264Z,KXBTC15M-26OCT042245-45,0.9670,9.00,yes
2026-10-05T02:41:08.286264Z,KXBTC15M-26OCT042245-45,0.9670,78.49,yes
2026-10-05T02:41:08.286264Z,KXBTC15M-26OCT042245-45,0.9670,0.10,yes
2026-10-05T02:41:08.367156Z,KXBTC15M-26OCT042245-45,0.9670,71.19,yes
2026-10-05T02:41:08.373911Z,KXBTC15M-26OCT042245-45,0.9670,70.50,yes
2026-10-05T02:41:08.375492Z,KXBTC15M-26OCT042245-45,0.9670,10.00,yes
2026-10-05T02:41:08.433203Z,KXBTC15M-26OCT042245-45,0.9670,144.14,yes
2026-10-05T02:41:08.440503Z,KXBTC15M-26OCT042245-45,0.9670,35.00,yes
2026-10-05T02:41:08.46979Z,KXBTC15M-26OCT042245-45,0.9660,71.00,no
2026-10-05T02:41:08.477395Z,KXBTC15M-26OCT042245-45,0.9660,31.11,no
2026-10-05T02:41:08.477395Z,KXBTC15M-26OCT042245-45,0.9660,0.01,no
2026-10-05T02:41:08.477395Z,KXBTC15M-26OCT042245-45,0.9660,1.65,no
2026-10-05T02:41:08.477395Z,KXBTC15M-26OCT042245-45,0.9660,0.01,no
2026-10-05T02:41:08.505748Z,KXBTC15M-26OCT042245-45,0.9670,27.00,yes
2026-10-05T02:41:08.505748Z,KXBTC15M-26OCT042245-45,0.9690,2.00,yes
2026-10-05T02:41:08.505748Z,KXBTC15M-26OCT042245-45,0.9670,9.00,yes
2026-10-05T02:41:08.505748Z,KXBTC15M-26OCT042245-45,0.9680,172.00,yes
2026-10-05T02:41:08.505748Z,KXBTC15M-26OCT042245-45,0.9670,500.00,yes
2026-10-05T02:41:08.505748Z,KXBTC15M-26OCT042245-45,0.9670,500.00,yes
2026-10-05T02:41:08.505748Z,KXBTC15M-26OCT042245-45,0.9670,165.00,yes
2026-10-05T02:41:08.505748Z,KXBTC15M-26OCT042245-45,0.9680,5.40,yes
2026-10-05T02:41:08.505748Z,KXBTC15M-26OCT042245-45,0.9670,5.34,yes
2026-10-05T02:41:08.505748Z,KXBTC15M-26OCT042245-45,0.9670,0.01,yes
2026-10-05T02:41:08.505748Z,KXBTC15M-26OCT042245-45,0.9700,93.75,yes
2026-10-05T02:41:08.505748Z,KXBTC15M-26OCT042245-45,0.9670,1.00,yes
2026-10-05T02:41:08.505748Z,KXBTC15M-26OCT042245-45,0.9670,400.00,yes
2026-10-05T02:41:08.505748Z,KXBTC15M-26OCT042245-45,0.9700,15.00,yes
2026-10-05T02:41:08.505748Z,KXBTC15M-26OCT042245-45,0.9670,88.68,yes
2026-10-05T02:41:08.505748Z,KXBTC15M-26OCT042245-45,0.9670,812.00,yes
2026-10-05T02:41:08.505748Z,KXBTC15M-26OCT042245-45,0.9670,0.01,yes
2026-10-05T02:41:08.505748Z,KXBTC15M-26OCT042245-45,0.9690,2.00,yes
2026-10-05T02:41:08.505748Z,KXBTC15M-26OCT042245-45,0.9670,78.00,yes
2026-10-05T02:41:08.505748Z,KXBTC15M-26OCT042245-45,0.9700,93.75,yes
2026-10-05T02:41:08.505748Z,KXBTC15M-26OCT042245-45,0.9670,100.00,yes
2026-10-05T02:41:08.505748Z,KXBTC15M-26OCT042245-45,0.9700,2.00,yes
2026-10-05T02:41:08.505748Z,KXBTC15M-26OCT042245-45,0.9700,2.00,yes
2026-10-05T02:41:08.505748Z,KXBTC15M-26OCT042245-45,0.9700,50.00,yes
2026-10-05T02:41:08.505748Z,KXBTC15M-26OCT042245-45,0.9710,518.29,yes
2026-10-05T02:41:08.505748Z,KXBTC15M-26OCT042245-45,0.9680,2467.73,yes
2026-10-05T02:41:08.505748Z,KXBTC15M-26OCT042245-45,0.9700,25.00,yes
2026-10-05T02:41:08.505748Z,KXBTC15M-26OCT042245-45,0.9690,50.00,yes
2026-10-05T02:41:08.557019Z,KXBTC15M-26OCT042245-45,0.9690,1.00,yes
2026-10-05T02:41:08.557019Z,KXBTC15M-26OCT042245-45,0.9690,3.02,yes
2026-10-05T02:41:08.557019Z,KXBTC15M-26OCT042245-45,0.9690,0.01,yes
2026-10-05T02:41:08.557019Z,KXBTC15M-26OCT042245-45,0.9690,0.01,yes
2026-10-05T02:41:08.557019Z,KXBTC15M-26OCT042245-45,0.9690,1.00,yes
2026-10-05T02:41:08.593249Z,KXBTC15M-26OCT042245-45,0.9680,70.00,no
2026-10-05T02:41:08.593249Z,KXBTC15M-26OCT042245-45,0.9680,150.00,no
2026-10-05T02:41:08.593249Z,KXBTC15M-26OCT042245-45,0.9680,70.00,no
2026-10-05T02:41:08.593249Z,KXBTC15M-26OCT042245-45,0.9680,11.00,no
2026-10-05T02:41:08.593249Z,KXBTC15M-26OCT042245-45,0.9680,0.01,no
2026-10-05T02:41:08.593249Z,KXBTC15M-26OCT042245-45,0.9680,70.00,no
2026-10-05T02:41:08.593249Z,KXBTC15M-26OCT042245-45,0.9680,0.01,no
2026-10-05T02:41:08.593249Z,KXBTC15M-26OCT042245-45,0.9680,343.78,no
2026-10-05T02:41:08.599198Z,KXBTC15M-26OCT042245-45,0.9690,140.34,yes
2026-10-05T02:41:08.599198Z,KXBTC15M-26OCT042245-45,0.9690,365.21,yes
2026-10-05T02:41:08.615184Z,KXBTC15M-26OCT042245-45,0.9680,0.01,no
2026-10-05T02:41:08.615184Z,KXBTC15M-26OCT042245-45,0.9680,0.01,no
2026-10-05T02:41:08.615184Z,KXBTC15M-26OCT042245-45,0.9680,9.98,no
2026-10-05T02:41:08.615228Z,KXBTC15M-26OCT042245-45,0.9690,11.43,yes
2026-10-05T02:41:08.625109Z,KXBTC15M-26OCT042245-45,0.9690,22.85,yes
2026-10-05T02:41:08.668059Z,KXBTC15M-26OCT042245-45,0.9690,13.23,yes
2026-10-05T02:41:08.720883Z,KXBTC15M-26OCT042245-45,0.9690,10.28,yes
2026-10-05T02:41:08.728791Z,KXBTC15M-26OCT042245-45,0.9690,201.87,yes
2026-10-05T02:41:08.728791Z,KXBTC15M-26OCT042245-45,0.9690,5.23,yes
2026-10-05T02:41:08.728791Z,KXBTC15M-26OCT042245-45,0.9690,75.07,yes
2026-10-05T02:41:08.728791Z,KXBTC15M-26OCT042245-45,0.9690,100.00,yes
2026-10-05T02:41:08.728791Z,KXBTC15M-26OCT042245-45,0.9690,0.01,yes
2026-10-05T02:41:08.728791Z,KXBTC15M-26OCT042245-45,0.9690,0.01,yes
2026-10-05T02:41:08.816836Z,KXBTC15M-26OCT042245-45,0.9680,27.54,no
2026-10-05T02:41:08.854386Z,KXBTC15M-26OCT042245-45,0.9680,0.01,no
2026-10-05T02:41:08.854386Z,KXBTC15M-26OCT042245-45,0.9680,0.25,no
2026-10-05T02:41:08.854386Z,KXBTC15M-26OCT042245-45,0.9680,0.01,no
2026-10-05T02:41:08.940854Z,KXBTC15M-26OCT042245-45,0.9680,94.36,no
2026-10-05T02:41:08.945764Z,KXBTC15M-26OCT042245-45,0.9690,9.84,yes
2026-10-05T02:41:08.982364Z,KXBTC15M-26OCT042245-45,0.9680,0.01,no
2026-10-05T02:41:08.982364Z,KXBTC15M-26OCT042245-45,0.9670,22.33,no
2026-10-05T02:41:08.982364Z,KXBTC15M-26OCT042245-45,0.9680,0.01,no
2026-10-05T02:41:08.982364Z,KXBTC15M-26OCT042245-45,0.9680,35.00,no
2026-10-05T02:41:08.994911Z,KXBTC15M-26OCT042245-45,0.9670,136.70,no
2026-10-05T02:41:08.994911Z,KXBTC15M-26OCT042245-45,0.9680,0.01,no
2026-10-05T02:41:08.994911Z,KXBTC15M-26OCT042245-45,0.9680,0.01,no
2026-10-05T02:41:08.995235Z,KXBTC15M-26OCT042245-45,0.9690,47.52,yes
2026-10-05T02:41:09.025332Z,KXBTC15M-26OCT042245-45,0.9670,13.47,no
2026-10-05T02:41:09.036531Z,KXBTC15M-26OCT042245-45,0.9670,27.50,no
2026-10-05T02:41:09.036531Z,KXBTC15M-26OCT042245-45,0.9670,13.25,no
2026-10-05T02:41:09.038909Z,KXBTC15M-26OCT042245-45,0.9680,0.10,yes
2026-10-05T02:41:09.038909Z,KXBTC15M-26OCT042245-45,0.9680,34.90,yes
2026-10-05T02:41:09.046738Z,KXBTC15M-26OCT042245-45,0.9670,84.28,no
2026-10-05T02:41:09.095967Z,KXBTC15M-26OCT042245-45,0.9680,14.90,yes
2026-10-05T02:41:09.095967Z,KXBTC15M-26OCT042245-45,0.9680,35.10,yes
2026-10-05T02:41:09.110768Z,KXBTC15M-26OCT042245-45,0.9680,0.01,yes
2026-10-05T02:41:09.110768Z,KXBTC15M-26OCT042245-45,0.9680,89.98,yes
2026-10-05T02:41:09.110768Z,KXBTC15M-26OCT042245-45,0.9680,0.01,yes
2026-10-05T02:41:09.237989Z,KXBTC15M-26OCT042245-45,0.9680,1.00,yes
2026-10-05T02:41:09.31208Z,KXBTC15M-26OCT042245-45,0.9680,9.02,yes
2026-10-05T02:41:09.31208Z,KXBTC15M-26OCT042245-45,0.9680,156.59,yes
2026-10-05T02:41:09.34095Z,KXBTC15M-26OCT042245-45,0.9680,9.11,yes
2026-10-05T02:41:09.34095Z,KXBTC15M-26OCT042245-45,0.9680,0.01,yes
2026-10-05T02:41:09.34095Z,KXBTC15M-26OCT042245-45,0.9680,0.01,yes
2026-10-05T02:41:09.393459Z,KXBTC15M-26OCT042245-45,0.9670,52.47,no
2026-10-05T02:41:09.393459Z,KXBTC15M-26OCT042245-45,0.9670,200.00,no
2026-10-05T02:41:09.393459Z,KXBTC15M-26OCT042245-45,0.9670,0.01,no
2026-10-05T02:41:09.393459Z,KXBTC15M-26OCT042245-45,0.9670,0.01,no
2026-10-05T02:41:09.393459Z,KXBTC15M-26OCT042245-45,0.9670,11.00,no
2026-10-05T02:41:09.420306Z,KXBTC15M-26OCT042245-45,0.9680,1.82,yes
2026-10-05T02:41:09.421886Z,KXBTC15M-26OCT042245-45,0.9680,25.74,yes
2026-10-05T02:41:09.564757Z,KXBTC15M-26OCT042245-45,0.9680,46.13,yes
2026-10-05T02:41:09.609327Z,KXBTC15M-26OCT042245-45,0.9680,1.67,yes
2026-10-05T02:41:09.62134Z,KXBTC15M-26OCT042245-45,0.9680,78.33,yes
2026-10-05T02:41:09.62134Z,KXBTC15M-26OCT042245-45,0.9680,24.64,yes
2026-10-05T02:41:09.658449Z,KXBTC15M-26OCT042245-45,0.9800,150.00,yes
2026-10-05T02:41:09.658449Z,KXBTC15M-26OCT042245-45,0.9800,260.00,yes
2026-10-05T02:41:09.658449Z,KXBTC15M-26OCT042245-45,0.9800,330.00,yes
2026-10-05T02:41:09.658449Z,KXBTC15M-26OCT042245-45,0.9800,11.00,yes
2026-10-05T02:41:09.658449Z,KXBTC15M-26OCT042245-45,0.9800,6.00,yes
2026-10-05T02:41:09.658449Z,KXBTC15M-26OCT042245-45,0.9760,160.00,yes
2026-10-05T02:41:09.658449Z,KXBTC15M-26OCT042245-45,0.9780,330.00,yes
2026-10-05T02:41:09.658449Z,KXBTC15M-26OCT042245-45,0.9800,465.50,yes
2026-10-05T02:41:09.658449Z,KXBTC15M-26OCT042245-45,0.9790,47.00,yes
2026-10-05T02:41:09.658449Z,KXBTC15M-26OCT042245-45,0.9760,4.00,yes
2026-10-05T02:41:09.658449Z,KXBTC15M-26OCT042245-45,0.9750,100.00,yes
2026-10-05T02:41:09.658449Z,KXBTC15M-26OCT042245-45,0.9730,100.00,yes
2026-10-05T02:41:09.658449Z,KXBTC15M-26OCT042245-45,0.9720,500.00,yes
2026-10-05T02:41:09.658449Z,KXBTC15M-26OCT042245-45,0.9750,15.00,yes
2026-10-05T02:41:09.658449Z,KXBTC15M-26OCT042245-45,0.9700,50.00,yes
2026-10-05T02:41:09.658449Z,KXBTC15M-26OCT042245-45,0.9720,2.00,yes
2026-10-05T02:41:09.658449Z,KXBTC15M-26OCT042245-45,0.9730,2.00,yes
2026-10-05T02:41:09.658449Z,KXBTC15M-26OCT042245-45,0.9710,2.00,yes
2026-10-05T02:41:09.658449Z,KXBTC15M-26OCT042245-45,0.9690,37.00,yes
2026-10-05T02:41:09.658449Z,KXBTC15M-26OCT042245-45,0.9690,476.00,yes
2026-10-05T02:41:09.658449Z,KXBTC15M-26OCT042245-45,0.9690,10.00,yes
2026-10-05T02:41:09.658449Z,KXBTC15M-26OCT042245-45,0.9680,500.00,yes
2026-10-05T02:41:09.658449Z,KXBTC15M-26OCT042245-45,0.9740,2.00,yes
2026-10-05T02:41:09.658449Z,KXBTC15M-26OCT042245-45,0.9750,64.00,yes
2026-10-05T02:41:09.658449Z,KXBTC15M-26OCT042245-45,0.9730,2.00,yes
2026-10-05T02:41:09.658449Z,KXBTC15M-26OCT042245-45,0.9720,2.00,yes
2026-10-05T02:41:09.658449Z,KXBTC15M-26OCT042245-45,0.9750,64.00,yes
2026-10-05T02:41:09.658449Z,KXBTC15M-26OCT042245-45,0.9700,2.25,yes
2026-10-05T02:41:09.658449Z,KXBTC15M-26OCT042245-45,0.9690,177.00,yes
2026-10-05T02:41:09.658449Z,KXBTC15M-26OCT042245-45,0.9680,0.01,yes
2026-10-05T02:41:09.658449Z,KXBTC15M-26OCT042245-45,0.9740,82.00,yes
2026-10-05T02:41:09.658449Z,KXBTC15M-26OCT042245-45,0.9790,9.00,yes
2026-10-05T02:41:09.658449Z,KXBTC15M-26OCT042245-45,0.9690,107.74,yes
2026-10-05T02:41:09.658449Z,KXBTC15M-26OCT042245-45,0.9680,0.01,yes
2026-10-05T02:41:09.658449Z,KXBTC15M-26OCT042245-45,0.9680,321.67,yes
2026-10-05T02:41:09.658449Z,KXBTC15M-26OCT042245-45,0.9750,297.88,yes
2026-10-05T02:41:09.658449Z,KXBTC15M-26OCT042245-45,0.9680,100.00,yes
2026-10-05T02:41:09.658449Z,KXBTC15M-26OCT042245-45,0.9750,28.00,yes
2026-10-05T02:41:09.658449Z,KXBTC15M-26OCT042245-45,0.9770,150.00,yes
2026-10-05T02:41:09.658449Z,KXBTC15M-26OCT042245-45,0.9790,131.00,yes
2026-10-05T02:41:09.658449Z,KXBTC15M-26OCT042245-45,0.9740,10.00,yes
2026-10-05T02:41:09.658449Z,KXBTC15M-26OCT042245-45,0.9750,10.00,yes
2026-10-05T02:41:09.658449Z,KXBTC15M-26OCT042245-45,0.9720,200.00,yes
2026-10-05T02:41:09.658657Z,KXBTC15M-26OCT042245-45,0.9800,35.00,yes
2026-10-05T02:41:09.66109Z,KXBTC15M-26OCT042245-45,0.9670,0.01,no
2026-10-05T02:41:09.66109Z,KXBTC15M-26OCT042245-45,0.9670,150.00,no
2026-10-05T02:41:09.66109Z,KXBTC15M-26OCT042245-45,0.9670,11.00,no
2026-10-05T02:41:09.66109Z,KXBTC15M-26OCT042245-45,0.9670,0.01,no
2026-10-05T02:41:09.66109Z,KXBTC15M-26OCT042245-45,0.9670,159.30,no
2026-10-05T02:41:09.67164Z,KXBTC15M-26OCT042245-45,0.9790,73.22,yes
2026-10-05T02:41:09.672371Z,KXBTC15M-26OCT042245-45,0.9790,0.02,yes
2026-10-05T02:41:09.680352Z,KXBTC15M-26OCT042245-45,0.9770,63.57,no
2026-10-05T02:41:09.70061Z,KXBTC15M-26OCT042245-45,0.9770,60.00,no
2026-10-05T02:41:09.702338Z,KXBTC15M-26OCT042245-45,0.9770,467.00,no
2026-10-05T02:41:09.725252Z,KXBTC15M-26OCT042245-45,0.9780,16.27,yes
2026-10-05T02:41:09.725252Z,KXBTC15M-26OCT042245-45,0.9780,2.00,yes
2026-10-05T02:41:09.744813Z,KXBTC15M-26OCT042245-45,0.9780,24.02,yes
2026-10-05T02:41:09.785841Z,KXBTC15M-26OCT042245-45,0.9780,16.05,yes
2026-10-05T02:41:09.785841Z,KXBTC15M-26OCT042245-45,0.9780,0.01,yes
2026-10-05T02:41:09.785841Z,KXBTC15M-26OCT042245-45,0.9780,2.00,yes
2026-10-05T02:41:09.785841Z,KXBTC15M-26OCT042245-45,0.9780,59.71,yes
2026-10-05T02:41:09.803596Z,KXBTC15M-26OCT042245-45,0.9770,696.28,no
2026-10-05T02:41:09.813116Z,KXBTC15M-26OCT042245-45,0.9780,22.31,yes
2026-10-05T02:41:09.821475Z,KXBTC15M-26OCT042245-45,0.9810,150.00,yes
2026-10-05T02:41:09.821475Z,KXBTC15M-26OCT042245-45,0.9810,1.00,yes
2026-10-05T02:41:09.821475Z,KXBTC15M-26OCT042245-45,0.9800,25.00,yes
2026-10-05T02:41:09.821475Z,KXBTC15M-26OCT042245-45,0.9800,10.00,yes
2026-10-05T02:41:09.821475Z,KXBTC15M-26OCT042245-45,0.9800,1.00,yes
2026-10-05T02:41:09.821475Z,KXBTC15M-26OCT042245-45,0.9800,22.56,yes
2026-10-05T02:41:09.821475Z,KXBTC15M-26OCT042245-45,0.9800,3.80,yes
2026-10-05T02:41:09.821475Z,KXBTC15M-26OCT042245-45,0.9800,0.08,yes
2026-10-05T02:41:09.821475Z,KXBTC15M-26OCT042245-45,0.9800,1.00,yes
2026-10-05T02:41:09.821475Z,KXBTC15M-26OCT042245-45,0.9800,10.00,yes
2026-10-05T02:41:09.821475Z,KXBTC15M-26OCT042245-45,0.9800,6.00,yes
2026-10-05T02:41:09.821475Z,KXBTC15M-26OCT042245-45,0.9800,0.13,yes
2026-10-05T02:41:09.821475Z,KXBTC15M-26OCT042245-45,0.9800,5.86,yes
2026-10-05T02:41:09.821475Z,KXBTC15M-26OCT042245-45,0.9800,10.00,yes
2026-10-05T02:41:09.821475Z,KXBTC15M-26OCT042245-45,0.9800,1.60,yes
2026-10-05T02:41:09.821475Z,KXBTC15M-26OCT042245-45,0.9800,36.47,yes
2026-10-05T02:41:09.821475Z,KXBTC15M-26OCT042245-45,0.9800,50.00,yes
2026-10-05T02:41:09.821475Z,KXBTC15M-26OCT042245-45,0.9810,3.00,yes
2026-10-05T02:41:09.821475Z,KXBTC15M-26OCT042245-45,0.9800,154.00,yes
2026-10-05T02:41:09.821475Z,KXBTC15M-26OCT042245-45,0.9800,49.00,yes
2026-10-05T02:41:09.821475Z,KXBTC15M-26OCT042245-45,0.9800,2.25,yes
2026-10-05T02:41:09.821475Z,KXBTC15M-26OCT042245-45,0.9780,227.69,yes
2026-10-05T02:41:09.821475Z,KXBTC15M-26OCT042245-45,0.9780,150.00,yes
2026-10-05T02:41:09.821475Z,KXBTC15M-26OCT042245-45,0.9790,2.00,yes
2026-10-05T02:41:09.821475Z,KXBTC15M-26OCT042245-45,0.9780,97.00,yes
2026-10-05T02:41:09.821475Z,KXBTC15M-26OCT042245-45,0.9780,0.01,yes
2026-10-05T02:41:09.821475Z,KXBTC15M-26OCT042245-45,0.9780,100.00,yes
2026-10-05T02:41:09.821475Z,KXBTC15M-26OCT042245-45,0.9780,1.00,yes
2026-10-05T02:41:09.821475Z,KXBTC15M-26OCT042245-45,0.9800,2.00,yes
2026-10-05T02:41:09.821475Z,KXBTC15M-26OCT042245-45,0.9780,0.10,yes
2026-10-05T02:41:09.821475Z,KXBTC15M-26OCT042245-45,0.9800,17.00,yes
2026-10-05T02:41:09.821475Z,KXBTC15M-26OCT042245-45,0.9790,4.38,yes
2026-10-05T02:41:09.821475Z,KXBTC15M-26OCT042245-45,0.9810,276.23,yes
2026-10-05T02:41:09.821475Z,KXBTC15M-26OCT042245-45,0.9790,261.00,yes
2026-10-05T02:41:09.821475Z,KXBTC15M-26OCT042245-45,0.9780,122.00,yes
2026-10-05T02:41:09.821475Z,KXBTC15M-26OCT042245-45,0.9790,2.00,yes
2026-10-05T02:41:09.821475Z,KXBTC15M-26OCT042245-45,0.9780,400.00,yes
2026-10-05T02:41:09.821475Z,KXBTC15M-26OCT042245-45,0.9780,84.00,yes
2026-10-05T02:41:09.821475Z,KXBTC15M-26OCT042245-45,0.9790,17.00,yes
2026-10-05T02:41:09.821475Z,KXBTC15M-26OCT042245-45,0.9790,238.00,yes
2026-10-05T02:41:09.821475Z,KXBTC15M-26OCT042245-45,0.9780,0.01,yes
2026-10-05T02:41:09.821475Z,KXBTC15M-26OCT042245-45,0.9780,294.60,yes
2026-10-05T02:41:09.821475Z,KXBTC15M-26OCT042245-45,0.9800,10.00,yes
2026-10-05T02:41:09.821475Z,KXBTC15M-26OCT042245-45,0.9800,4.38,yes
2026-10-05T02:41:09.821475Z,KXBTC15M-26OCT042245-45,0.9800,11.00,yes
2026-10-05T02:41:09.821475Z,KXBTC15M-26OCT042245-45,0.9780,1.00,yes
2026-10-05T02:41:09.821475Z,KXBTC15M-26OCT042245-45,0.9810,2.00,yes
2026-10-05T02:41:09.821475Z,KXBTC15M-26OCT042245-45,0.9780,10.00,yes
2026-10-05T02:41:09.821475Z,KXBTC15M-26OCT042245-45,0.9810,2.00,yes
2026-10-05T02:41:09.821475Z,KXBTC15M-26OCT042245-45,0.9810,10.00,yes
2026-10-05T02:41:09.821475Z,KXBTC15M-26OCT042245-45,0.9800,2.00,yes
2026-10-05T02:41:09.821475Z,KXBTC15M-26OCT042245-45,0.9790,98.00,yes
2026-10-05T02:41:09.821475Z,KXBTC15M-26OCT042245-45,0.9800,3.40,yes
2026-10-05T02:41:09.821475Z,KXBTC15M-26OCT042245-45,0.9800,1.41,yes
2026-10-05T02:41:09.821475Z,KXBTC15M-26OCT042245-45,0.9800,2.59,yes
2026-10-05T02:41:09.821475Z,KXBTC15M-26OCT042245-45,0.9800,10.00,yes
2026-10-05T02:41:09.821475Z,KXBTC15M-26OCT042245-45,0.9800,30.00,yes
2026-10-05T02:41:09.821475Z,KXBTC15M-26OCT042245-45,0.9800,4.00,yes
2026-10-05T02:41:09.821475Z,KXBTC15M-26OCT042245-45,0.9800,200.00,yes
2026-10-05T02:41:09.821475Z,KXBTC15M-26OCT042245-45,0.9800,5.00,yes
2026-10-05T02:41:09.821475Z,KXBTC15M-26OCT042245-45,0.9800,35.00,yes
2026-10-05T02:41:09.838271Z,KXBTC15M-26OCT042245-45,0.9780,103.52,yes
2026-10-05T02:41:09.90602Z,KXBTC15M-26OCT042245-45,0.9770,0.01,no
2026-10-05T02:41:09.90602Z,KXBTC15M-26OCT042245-45,0.9770,29.39,no
2026-10-05T02:41:09.90602Z,KXBTC15M-26OCT042245-45,0.9770,0.01,no
2026-10-05T02:41:09.950382Z,KXBTC15M-26OCT042245-45,0.9770,2.83,no
2026-10-05T02:41:10.194479Z,KXBTC15M-26OCT042245-45,0.9780,0.01,yes
2026-10-05T02:41:10.194479Z,KXBTC15M-26OCT042245-45,0.9780,24.80,yes
2026-10-05T02:41:10.194479Z,KXBTC15M-26OCT042245-45,0.9780,0.01,yes
2026-10-05T02:41:10.194479Z,KXBTC15M-26OCT042245-45,0.9780,119.00,yes
2026-10-05T02:41:10.306272Z,KXBTC15M-26OCT042245-45,0.9780,26.76,yes
2026-10-05T02:41:10.479985Z,KXBTC15M-26OCT042245-45,0.9770,81.39,no
2026-10-05T02:41:10.604407Z,KXBTC15M-26OCT042245-45,0.9770,0.10,no
2026-10-05T02:41:10.604407Z,KXBTC15M-26OCT042245-45,0.9770,36.39,no
2026-10-05T02:41:10.604407Z,KXBTC15M-26OCT042245-45,0.9770,12.00,no
2026-10-05T02:41:10.604407Z,KXBTC15M-26OCT042245-45,0.9770,358.46,no
2026-10-05T02:41:10.688591Z,KXBTC15M-26OCT042245-45,0.9770,6.72,no
2026-10-05T02:41:10.74259Z,KXBTC15M-26OCT042245-45,0.9770,101.73,no
2026-10-05T02:41:10.745884Z,KXBTC15M-26OCT042245-45,0.9770,1.04,no
2026-10-05T02:41:10.777705Z,KXBTC15M-26OCT042245-45,0.9770,208.76,no
2026-10-05T02:41:10.802289Z,KXBTC15M-26OCT042245-45,0.9770,0.01,no
2026-10-05T02:41:10.802289Z,KXBTC15M-26OCT042245-45,0.9770,3.02,no
2026-10-05T02:41:10.802289Z,KXBTC15M-26OCT042245-45,0.9770,0.01,no
2026-10-05T02:41:10.83099Z,KXBTC15M-26OCT042245-45,0.9770,12.92,no
2026-10-05T02:41:10.851211Z,KXBTC15M-26OCT042245-45,0.9770,51.78,no
2026-10-05T02:41:10.872675Z,KXBTC15M-26OCT042245-45,0.9780,53.65,yes
2026-10-05T02:41:10.872675Z,KXBTC15M-26OCT042245-45,0.9780,48.44,yes
2026-10-05T02:41:10.894949Z,KXBTC15M-26OCT042245-45,0.9770,117.11,no
2026-10-05T02:41:10.897431Z,KXBTC15M-26OCT042245-45,0.9780,38.79,yes
2026-10-05T02:41:10.984267Z,KXBTC15M-26OCT042245-45,0.9750,2.00,no
2026-10-05T02:41:10.984267Z,KXBTC15M-26OCT042245-45,0.9760,312.00,no
2026-10-05T02:41:10.984267Z,KXBTC15M-26OCT042245-45,0.9750,93.75,no
2026-10-05T02:41:10.984267Z,KXBTC15M-26OCT042245-45,0.9750,93.75,no
2026-10-05T02:41:10.984267Z,KXBTC15M-26OCT042245-45,0.9770,2.00,no
2026-10-05T02:41:10.984267Z,KXBTC15M-26OCT042245-45,0.9750,15.00,no
2026-10-05T02:41:10.984267Z,KXBTC15M-26OCT042245-45,0.9750,11.00,no
2026-10-05T02:41:10.984267Z,KXBTC15M-26OCT042245-45,0.9760,18.00,no
2026-10-05T02:41:10.984267Z,KXBTC15M-26OCT042245-45,0.9750,96.00,no
2026-10-05T02:41:10.984267Z,KXBTC15M-26OCT042245-45,0.9750,162.00,no
2026-10-05T02:41:10.984267Z,KXBTC15M-26OCT042245-45,0.9770,150.00,no
2026-10-05T02:41:10.984267Z,KXBTC15M-26OCT042245-45,0.9770,0.01,no
2026-10-05T02:41:10.984267Z,KXBTC15M-26OCT042245-45,0.9770,0.01,no
2026-10-05T02:41:10.984267Z,KXBTC15M-26OCT042245-45,0.9760,1.00,no
2026-10-05T02:41:10.984267Z,KXBTC15M-26OCT042245-45,0.9740,79.72,no
2026-10-05T02:41:10.984267Z,KXBTC15M-26OCT042245-45,0.9750,2.00,no
2026-10-05T02:41:10.987455Z,KXBTC15M-26OCT042245-45,0.9780,192.77,yes
2026-10-05T02:41:10.987455Z,KXBTC15M-26OCT042245-45,0.9780,0.01,yes
2026-10-05T02:41:10.987455Z,KXBTC15M-26OCT042245-45,0.9780,0.01,yes
2026-10-05T02:41:10.987455Z,KXBTC15M-26OCT042245-45,0.9780,4.30,yes
2026-10-05T02:41:10.987455Z,KXBTC15M-26OCT042245-45,0.9780,98.00,yes
2026-10-05T02:41:10.987455Z,KXBTC15M-26OCT042245-45,0.9780,500.00,yes
2026-10-05T02:41:10.987455Z,KXBTC15M-26OCT042245-45,0.9780,10.00,yes
2026-10-05T02:41:10.987455Z,KXBTC15M-26OCT042245-45,0.9780,307.56,yes
2026-10-05T02:41:10.987455Z,KXBTC15M-26OCT042245-45,0.9780,59.00,yes
2026-10-05T02:41:10.99669Z,KXBTC15M-26OCT042245-45,0.9770,4.35,yes
2026-10-05T02:41:10.99669Z,KXBTC15M-26OCT042245-45,0.9780,13.67,yes
2026-10-05T02:41:10.99669Z,KXBTC15M-26OCT042245-45,0.9770,0.10,yes
2026-10-05T02:41:11.006317Z,KXBTC15M-26OCT042245-45,0.9760,0.01,no
2026-10-05T02:41:11.006317Z,KXBTC15M-26OCT042245-45,0.9750,136.62,no
2026-10-05T02:41:11.006317Z,KXBTC15M-26OCT042245-45,0.9760,0.01,no
2026-10-05T02:41:11.028798Z,KXBTC15M-26OCT042245-45,0.9750,11.00,no
2026-10-05T02:41:11.028798Z,KXBTC15M-26OCT042245-45,0.9750,0.01,no
2026-10-05T02:41:11.028798Z,KXBTC15M-26OCT042245-45,0.9750,196.11,no
2026-10-05T02:41:11.028798Z,KXBTC15M-26OCT042245-45,0.9750,0.01,no
2026-10-05T02:41:11.028798Z,KXBTC15M-26OCT042245-45,0.9760,0.01,no
2026-10-05T02:41:11.028798Z,KXBTC15M-26OCT042245-45,0.9760,0.01,no
2026-10-05T02:41:11.028798Z,KXBTC15M-26OCT042245-45,0.9760,313.28,no
2026-10-05T02:41:11.067268Z,KXBTC15M-26OCT042245-45,0.9760,0.01,no
2026-10-05T02:41:11.067268Z,KXBTC15M-26OCT042245-45,0.9750,0.01,no
2026-10-05T02:41:11.067268Z,KXBTC15M-26OCT042245-45,0.9760,0.01,no
2026-10-05T02:41:11.067268Z,KXBTC15M-26OCT042245-45,0.9740,170.67,no
2026-10-05T02:41:11.07877Z,KXBTC15M-26OCT042245-45,0.9740,0.01,no
2026-10-05T02:41:11.07877Z,KXBTC15M-26OCT042245-45,0.9750,11.00,no
2026-10-05T02:41:11.07877Z,KXBTC15M-26OCT042245-45,0.9750,0.01,no
2026-10-05T02:41:11.07877Z,KXBTC15M-26OCT042245-45,0.9740,466.71,no
2026-10-05T02:41:11.07877Z,KXBTC15M-26OCT042245-45,0.9740,1.00,no
2026-10-05T02:41:11.07877Z,KXBTC15M-26OCT042245-45,0.9740,215.00,no
2026-10-05T02:41:11.07877Z,KXBTC15M-26OCT042245-45,0.9740,2.00,no
2026-10-05T02:41:11.07877Z,KXBTC15M-26OCT042245-45,0.9740,2.00,no
2026-10-05T02:41:11.07877Z,KXBTC15M-26OCT042245-45,0.9740,796.61,no
2026-10-05T02:41:11.07877Z,KXBTC15M-26OCT042245-45,0.9740,16.00,no
2026-10-05T02:41:11.154553Z,KXBTC15M-26OCT042245-45,0.9740,0.01,no
2026-10-05T02:41:11.190217Z,KXBTC15M-26OCT042245-45,0.9720,11.00,no
2026-10-05T02:41:11.190217Z,KXBTC15M-26OCT042245-45,0.9720,0.01,no
2026-10-05T02:41:11.190217Z,KXBTC15M-26OCT042245-45,0.9720,2.00,no
2026-10-05T02:41:11.190217Z,KXBTC15M-26OCT042245-45,0.9710,26.55,no
2026-10-05T02:41:11.212663Z,KXBTC15M-26OCT042245-45,0.9720,0.01,yes
2026-10-05T02:41:11.212663Z,KXBTC15M-26OCT042245-45,0.9720,70.00,yes
2026-10-05T02:41:11.212663Z,KXBTC15M-26OCT042245-45,0.9720,100.00,yes
2026-10-05T02:41:11.212663Z,KXBTC15M-26OCT042245-45,0.9720,70.00,yes
2026-10-05T02:41:11.212663Z,KXBTC15M-26OCT042245-45,0.9720,70.00,yes
2026-10-05T02:41:11.212663Z,KXBTC15M-26OCT042245-45,0.9720,70.00,yes
2026-10-05T02:41:11.212663Z,KXBTC15M-26OCT042245-45,0.9720,0.10,yes
2026-10-05T02:41:11.212663Z,KXBTC15M-26OCT042245-45,0.9720,392.00,yes
2026-10-05T02:41:11.212663Z,KXBTC15M-26OCT042245-45,0.9720,0.01,yes
2026-10-05T02:41:11.212663Z,KXBTC15M-26OCT042245-45,0.9720,70.00,yes
2026-10-05T02:41:11.216336Z,KXBTC15M-26OCT042245-45,0.9700,1.00,no
2026-10-05T02:41:11.216336Z,KXBTC15M-26OCT042245-45,0.9710,12.00,no
2026-10-05T02:41:11.216336Z,KXBTC15M-26OCT042245-45,0.9710,19.00,no
2026-10-05T02:41:11.216336Z,KXBTC15M-26OCT042245-45,0.9710,2.00,no
2026-10-05T02:41:11.216336Z,KXBTC15M-26OCT042245-45,0.9710,0.01,no
2026-10-05T02:41:11.216336Z,KXBTC15M-26OCT042245-45,0.9700,2.00,no
2026-10-05T02:41:11.216336Z,KXBTC15M-26OCT042245-45,0.9700,13.73,no
2026-10-05T02:41:11.216336Z,KXBTC15M-26OCT042245-45,0.9700,2.00,no
2026-10-05T02:41:11.216336Z,KXBTC15M-26OCT042245-45,0.9700,50.00,no
2026-10-05T02:41:11.216336Z,KXBTC15M-26OCT042245-45,0.9710,188.45,no
2026-10-05T02:41:11.216336Z,KXBTC15M-26OCT042245-45,0.9700,82.00,no
2026-10-05T02:41:11.216336Z,KXBTC15M-26OCT042245-45,0.9700,1047.00,no
2026-10-05T02:41:11.216336Z,KXBTC15M-26OCT042245-45,0.9710,1.07,no
2026-10-05T02:41:11.21915Z,KXBTC15M-26OCT042245-45,0.9720,51.04,yes
2026-10-05T02:41:11.256593Z,KXBTC15M-26OCT042245-45,0.9720,26.76,yes
2026-10-05T02:41:11.268022Z,KXBTC15M-26OCT042245-45,0.9720,362.77,yes
2026-10-05T02:41:11.268022Z,KXBTC15M-26OCT042245-45,0.9720,0.01,yes
2026-10-05T02:41:11.268022Z,KXBTC15M-26OCT042245-45,0.9720,322.19,yes
2026-10-05T02:41:11.268022Z,KXBTC15M-26OCT042245-45,0.9720,100.00,yes
2026-10-05T02:41:11.268022Z,KXBTC15M-26OCT042245-45,0.9720,10.00,yes
2026-10-05T02:41:11.359879Z,KXBTC15M-26OCT042245-45,0.9720,1020.92,yes
2026-10-05T02:41:11.361064Z,KXBTC15M-26OCT042245-45,0.9710,12.67,no
2026-10-05T02:41:11.395923Z,KXBTC15M-26OCT042245-45,0.9720,1.00,yes
2026-10-05T02:41:11.395923Z,KXBTC15M-26OCT042245-45,0.9720,49.98,yes
2026-10-05T02:41:11.395923Z,KXBTC15M-26OCT042245-45,0.9720,0.01,yes
2026-10-05T02:41:11.395923Z,KXBTC15M-26OCT042245-45,0.9720,0.01,yes
2026-10-05T02:41:11.412656Z,KXBTC15M-26OCT042245-45,0.9710,100.52,no
2026-10-05T02:41:11.500666Z,KXBTC15M-26OCT042245-45,0.9710,103.66,no
2026-10-05T02:41:11.53748Z,KXBTC15M-26OCT042245-45,0.9720,102.67,yes
2026-10-05T02:41:11.551899Z,KXBTC15M-26OCT042245-45,0.9720,17.37,yes
2026-10-05T02:41:11.574608Z,KXBTC15M-26OCT042245-45,0.9710,0.01,no
2026-10-05T02:41:11.574608Z,KXBTC15M-26OCT042245-45,0.9700,9.46,no
2026-10-05T02:41:11.584915Z,KXBTC15M-26OCT042245-45,0.9700,40.54,no
2026-10-05T02:41:11.584915Z,KXBTC15M-26OCT042245-45,0.9700,60.95,no
2026-10-05T02:41:11.622842Z,KXBTC15M-26OCT042245-45,0.9710,3.07,yes
2026-10-05T02:41:11.629358Z,KXBTC15M-26OCT042245-45,0.9710,15.47,yes
2026-10-05T02:41:11.639141Z,KXBTC15M-26OCT042245-45,0.9700,0.01,no
2026-10-05T02:41:11.639141Z,KXBTC15M-26OCT042245-45,0.9700,18.56,no
2026-10-05T02:41:11.68946Z,KXBTC15M-26OCT042245-45,0.9700,13.14,no
2026-10-05T02:41:11.68946Z,KXBTC15M-26OCT042245-45,0.9700,31.44,no
2026-10-05T02:41:11.825861Z,KXBTC15M-26OCT042245-45,0.9700,29.26,no
2026-10-05T02:41:11.825861Z,KXBTC15M-26OCT042245-45,0.9700,0.01,no
2026-10-05T02:41:11.825861Z,KXBTC15M-26OCT042245-45,0.9700,8.86,no
2026-10-05T02:41:11.825861Z,KXBTC15M-26OCT042245-45,0.9700,0.10,no
2026-10-05T02:41:11.833853Z,KXBTC15M-26OCT042245-45,0.9710,4.35,yes
2026-10-05T02:41:11.855899Z,KXBTC15M-26OCT042245-45,0.9710,40.77,yes
2026-10-05T02:41:11.935391Z,KXBTC15M-26OCT042245-45,0.9710,69.41,yes
2026-10-05T02:41:11.935391Z,KXBTC15M-26OCT042245-45,0.9710,6.34,yes
2026-10-05T02:41:11.951782Z,KXBTC15M-26OCT042245-45,0.9710,0.59,yes
2026-10-05T02:41:11.951782Z,KXBTC15M-26OCT042245-45,0.9710,19.94,yes
2026-10-05T02:41:12.176711Z,KXBTC15M-26OCT042245-45,0.9710,5.13,yes
2026-10-05T02:41:12.24807Z,KXBTC15M-26OCT042245-45,0.9710,1.02,yes
2026-10-05T02:41:12.260062Z,KXBTC15M-26OCT042245-45,0.9710,43.91,yes
2026-10-05T02:41:12.260062Z,KXBTC15M-26OCT042245-45,0.9710,6.09,yes
2026-10-05T02:41:12.319291Z,KXBTC15M-26OCT042245-45,0.9710,0.01,yes
2026-10-05T02:41:12.319291Z,KXBTC15M-26OCT042245-45,0.9710,63.91,yes
2026-10-05T02:41:12.319291Z,KXBTC15M-26OCT042245-45,0.9710,0.01,yes
2026-10-05T02:41:12.319291Z,KXBTC15M-26OCT042245-45,0.9710,47.07,yes
2026-10-05T02:41:12.460607Z,KXBTC15M-26OCT042245-45,0.9700,1.80,no
2026-10-05T02:41:12.468196Z,KXBTC15M-26OCT042245-45,0.9700,14.47,no
2026-10-05T02:41:12.506019Z,KXBTC15M-26OCT042245-45,0.9710,109.97,yes
2026-10-05T02:41:12.506019Z,KXBTC15M-26OCT042245-45,0.9710,0.10,yes
2026-10-05T02:41:12.506019Z,KXBTC15M-26OCT042245-45,0.9710,400.00,yes
2026-10-05T02:41:12.506019Z,KXBTC15M-26OCT042245-45,0.9710,141.93,yes
2026-10-05T02:41:12.53451Z,KXBTC15M-26OCT042245-45,0.9700,11.13,no
2026-10-05T02:41:12.53451Z,KXBTC15M-26OCT042245-45,0.9700,4.47,no
2026-10-05T02:41:12.536591Z,KXBTC15M-26OCT042245-45,0.9710,0.01,yes
2026-10-05T02:41:12.536591Z,KXBTC15M-26OCT042245-45,0.9710,0.01,yes
2026-10-05T02:41:12.536591Z,KXBTC15M-26OCT042245-45,0.9710,306.15,yes
2026-10-05T02:41:12.536591Z,KXBTC15M-26OCT042245-45,0.9710,0.10,yes
2026-10-05T02:41:12.654426Z,KXBTC15M-26OCT042245-45,0.9710,0.01,yes
2026-10-05T02:41:12.654426Z,KXBTC15M-26OCT042245-45,0.9710,13.71,yes
2026-10-05T02:41:12.654426Z,KXBTC15M-26OCT042245-45,0.9710,0.01,yes
2026-10-05T02:41:12.689373Z,KXBTC15M-26OCT042245-45,0.9710,0.01,yes
2026-10-05T02:41:12.689373Z,KXBTC15M-26OCT042245-45,0.9710,0.01,yes
2026-10-05T02:41:12.689373Z,KXBTC15M-26OCT042245-45,0.9710,1.91,yes
2026-10-05T02:41:12.696486Z,KXBTC15M-26OCT042245-45,0.9710,4.31,yes
2026-10-05T02:41:12.721559Z,KXBTC15M-26OCT042245-45,0.9710,0.01,yes
2026-10-05T02:41:12.721559Z,KXBTC15M-26OCT042245-45,0.9710,0.01,yes
2026-10-05T02:41:12.787349Z,KXBTC15M-26OCT042245-45,0.9710,70.00,no
2026-10-05T02:41:12.787349Z,KXBTC15M-26OCT042245-45,0.9710,16.06,no
2026-10-05T02:41:12.787349Z,KXBTC15M-26OCT042245-45,0.9710,70.00,no
2026-10-05T02:41:12.793596Z,KXBTC15M-26OCT042245-45,0.9720,0.01,yes
2026-10-05T02:41:12.793596Z,KXBTC15M-26OCT042245-45,0.9720,0.01,yes
2026-10-05T02:41:12.793596Z,KXBTC15M-26OCT042245-45,0.9720,41.63,yes
2026-10-05T02:41:12.814082Z,KXBTC15M-26OCT042245-45,0.9720,358.37,yes
2026-10-05T02:41:12.814082Z,KXBTC15M-26OCT042245-45,0.9730,203.00,yes
2026-10-05T02:41:12.814082Z,KXBTC15M-26OCT042245-45,0.9730,151.00,yes
2026-10-05T02:41:12.814082Z,KXBTC15M-26OCT042245-45,0.9720,0.01,yes
2026-10-05T02:41:12.814082Z,KXBTC15M-26OCT042245-45,0.9720,0.01,yes
2026-10-05T02:41:12.814082Z,KXBTC15M-26OCT042245-45,0.9720,1.00,yes
2026-10-05T02:41:12.814082Z,KXBTC15M-26OCT042245-45,0.9720,500.00,yes
2026-10-05T02:41:12.814082Z,KXBTC15M-26OCT042245-45,0.9740,324.84,yes
2026-10-05T02:41:12.828179Z,KXBTC15M-26OCT042245-45,0.9710,19.80,no
2026-10-05T02:41:12.835095Z,KXBTC15M-26OCT042245-45,0.9730,13.07,yes
2026-10-05T02:41:12.835095Z,KXBTC15M-26OCT042245-45,0.9720,0.01,yes
2026-10-05T02:41:12.835095Z,KXBTC15M-26OCT042245-45,0.9720,0.01,yes
2026-10-05T02:41:12.843379Z,KXBTC15M-26OCT042245-45,0.9720,23.64,no
2026-10-05T02:41:12.843379Z,KXBTC15M-26OCT042245-45,0.9720,70.00,no
2026-10-05T02:41:12.855513Z,KXBTC15M-26OCT042245-45,0.9740,0.01,yes
2026-10-05T02:41:12.855513Z,KXBTC15M-26OCT042245-45,0.9740,60.19,yes
2026-10-05T02:41:12.855513Z,KXBTC15M-26OCT042245-45,0.9740,0.01,yes
2026-10-05T02:41:12.903257Z,KXBTC15M-26OCT042245-45,0.9740,0.01,yes
2026-10-05T02:41:12.903257Z,KXBTC15M-26OCT042245-45,0.9740,94.67,yes
2026-10-05T02:41:12.903257Z,KXBTC15M-26OCT042245-45,0.9740,0.01,yes
2026-10-05T02:41:12.906212Z,KXBTC15M-26OCT042245-45,0.9740,9.56,yes
2026-10-05T02:41:12.96471Z,KXBTC15M-26OCT042245-45,0.9740,31.24,yes
2026-10-05T02:41:12.999492Z,KXBTC15M-26OCT042245-45,0.9730,70.00,no
2026-10-05T02:41:12.999492Z,KXBTC15M-26OCT042245-45,0.9730,70.00,no
2026-10-05T02:41:12.999492Z,KXBTC15M-26OCT042245-45,0.9730,16.06,no
2026-10-05T02:41:13.053395Z,KXBTC15M-26OCT042245-45,0.9740,24.72,yes
2026-10-05T02:41:13.059412Z,KXBTC15M-26OCT042245-45,0.9740,157.86,yes
2026-10-05T02:41:13.062514Z,KXBTC15M-26OCT042245-45,0.9740,4.34,yes
2026-10-05T02:41:13.064126Z,KXBTC15M-26OCT042245-45,0.9740,0.02,yes
2026-10-05T02:41:13.064964Z,KXBTC15M-26OCT042245-45,0.9740,77.59,yes
2026-10-05T02:41:13.064964Z,KXBTC15M-26OCT042245-45,0.9740,0.01,yes
2026-10-05T02:41:13.064964Z,KXBTC15M-26OCT042245-45,0.9740,100.00,yes
2026-10-05T02:41:13.064964Z,KXBTC15M-26OCT042245-45,0.9740,1.00,yes
2026-10-05T02:41:13.064964Z,KXBTC15M-26OCT042245-45,0.9740,0.01,yes
2026-10-05T02:41:13.079604Z,KXBTC15M-26OCT042245-45,0.9770,9.00,yes
2026-10-05T02:41:13.079604Z,KXBTC15M-26OCT042245-45,0.9770,239.00,yes
2026-10-05T02:41:13.079604Z,KXBTC15M-26OCT042245-45,0.9770,0.01,yes
2026-10-05T02:41:13.079604Z,KXBTC15M-26OCT042245-45,0.9770,0.01,yes
2026-10-05T02:41:13.079604Z,KXBTC15M-26OCT042245-45,0.9770,1.99,yes
2026-10-05T02:41:13.079604Z,KXBTC15M-26OCT042245-45,0.9770,10.00,yes
2026-10-05T02:41:13.079604Z,KXBTC15M-26OCT042245-45,0.9770,33.00,yes
2026-10-05T02:41:13.081327Z,KXBTC15M-26OCT042245-45,0.9770,98.01,yes
2026-10-05T02:41:13.083223Z,KXBTC15M-26OCT042245-45,0.9780,100.00,yes
2026-10-05T02:41:13.092485Z,KXBTC15M-26OCT042245-45,0.9780,608.98,yes
2026-10-05T02:41:13.108433Z,KXBTC15M-26OCT042245-45,0.9780,0.01,yes
2026-10-05T02:41:13.108433Z,KXBTC15M-26OCT042245-45,0.9780,0.01,yes
2026-10-05T02:41:13.108433Z,KXBTC15M-26OCT042245-45,0.9800,1.84,yes
2026-10-05T02:41:13.11128Z,KXBTC15M-26OCT042245-45,0.9800,2.19,yes
2026-10-05T02:41:13.112484Z,KXBTC15M-26OCT042245-45,0.9800,1.97,yes
2026-10-05T02:41:13.115403Z,KXBTC15M-26OCT042245-45,0.9800,0.20,yes
2026-10-05T02:41:13.115403Z,KXBTC15M-26OCT042245-45,0.9800,44.00,yes
2026-10-05T02:41:13.115403Z,KXBTC15M-26OCT042245-45,0.9800,10.00,yes
2026-10-05T02:41:13.127273Z,KXBTC15M-26OCT042245-45,0.9800,15.60,no
2026-10-05T02:41:13.210245Z,KXBTC15M-26OCT042245-45,0.9810,104.74,yes
2026-10-05T02:41:13.24025Z,KXBTC15M-26OCT042245-45,0.9810,100.00,yes
2026-10-05T02:41:13.322862Z,KXBTC15M-26OCT042245-45,0.9800,93.75,no
2026-10-05T02:41:13.322862Z,KXBTC15M-26OCT042245-45,0.9800,400.00,no
2026-10-05T02:41:13.322862Z,KXBTC15M-26OCT042245-45,0.9800,93.75,no
2026-10-05T02:41:13.322862Z,KXBTC15M-26OCT042245-45,0.9800,13.00,no
2026-10-05T02:41:13.322862Z,KXBTC15M-26OCT042245-45,0.9800,169.36,no
2026-10-05T02:41:13.322862Z,KXBTC15M-26OCT042245-45,0.9800,50.00,no
2026-10-05T02:41:13.322862Z,KXBTC15M-26OCT042245-45,0.9800,15.00,no
2026-10-05T02:41:13.322862Z,KXBTC15M-26OCT042245-45,0.9800,0.01,no
2026-10-05T02:41:13.322862Z,KXBTC15M-26OCT042245-45,0.9800,0.01,no
2026-10-05T02:41:13.322862Z,KXBTC15M-26OCT042245-45,0.9800,297.88,no
2026-10-05T02:41:13.322862Z,KXBTC15M-26OCT042245-45,0.9800,100.00,no
2026-10-05T02:41:13.322862Z,KXBTC15M-26OCT042245-45,0.9800,1.00,no
2026-10-05T02:41:13.322862Z,KXBTC15M-26OCT042245-45,0.9800,500.00,no
2026-10-05T02:41:13.34373Z,KXBTC15M-26OCT042245-45,0.9820,4.99,yes
2026-10-05T02:41:13.34373Z,KXBTC15M-26OCT042245-45,0.9810,0.01,yes
2026-10-05T02:41:13.34373Z,KXBTC15M-26OCT042245-45,0.9810,0.01,yes
2026-10-05T02:41:13.351476Z,KXBTC15M-26OCT042245-45,0.9810,34.67,no
2026-10-05T02:41:13.408233Z,KXBTC15M-26OCT042245-45,0.9820,100.00,yes
2026-10-05T02:41:13.41095Z,KXBTC15M-26OCT042245-45,0.9810,34.02,no
2026-10-05T02:41:13.41095Z,KXBTC15M-26OCT042245-45,0.9810,35.33,no
2026-10-05T02:41:13.420141Z,KXBTC15M-26OCT042245-45,0.9820,45.01,yes
2026-10-05T02:41:13.420141Z,KXBTC15M-26OCT042245-45,0.9820,1.00,yes
2026-10-05T02:41:13.420141Z,KXBTC15M-26OCT042245-45,0.9820,40.75,yes
2026-10-05T02:41:13.420141Z,KXBTC15M-26OCT042245-45,0.9820,54.84,yes
2026-10-05T02:41:13.420141Z,KXBTC15M-26OCT042245-45,0.9820,0.01,yes
2026-10-05T02:41:13.539135Z,KXBTC15M-26OCT042245-45,0.9820,12.21,yes
2026-10-05T02:41:13.569903Z,KXBTC15M-26OCT042245-45,0.9820,62.15,yes
2026-10-05T02:41:13.745826Z,KXBTC15M-26OCT042245-45,0.9810,62.51,no
2026-10-05T02:41:13.745826Z,KXBTC15M-26OCT042245-45,0.9810,35.98,no
2026-10-05T02:41:13.795893Z,KXBTC15M-26OCT042245-45,0.9820,5.13,yes
2026-10-05T02:41:13.803079Z,KXBTC15M-26OCT042245-45,0.9810,30.77,no
2026-10-05T02:41:13.803079Z,KXBTC15M-26OCT042245-45,0.9810,7.49,no
2026-10-05T02:41:13.803079Z,KXBTC15M-26OCT042245-45,0.9810,10.00,no
2026-10-05T02:41:13.815154Z,KXBTC15M-26OCT042245-45,0.9820,5.08,yes
2026-10-05T02:41:13.844102Z,KXBTC15M-26OCT042245-45,0.9820,11.18,yes
2026-10-05T02:41:13.917873Z,KXBTC15M-26OCT042245-45,0.9810,0.01,no
2026-10-05T02:41:13.917873Z,KXBTC15M-26OCT042245-45,0.9810,39.23,no
2026-10-05T02:41:13.917873Z,KXBTC15M-26OCT042245-45,0.9810,0.01,no
2026-10-05T02:41:13.917873Z,KXBTC15M-26OCT042245-45,0.9810,9.01,no
2026-10-05T02:41:13.944667Z,KXBTC15M-26OCT042245-45,0.9810,2.99,no
2026-10-05T02:41:13.944667Z,KXBTC15M-26OCT042245-45,0.9810,0.01,no
2026-10-05T02:41:13.966144Z,KXBTC15M-26OCT042245-45,0.9820,0.04,yes
2026-10-05T02:41:13.995875Z,KXBTC15M-26OCT042245-45,0.9810,48.26,no
2026-10-05T02:41:14.100606Z,KXBTC15M-26OCT042245-45,0.9810,48.26,no
2026-10-05T02:41:14.101887Z,KXBTC15M-26OCT042245-45,0.9820,0.40,yes
2026-10-05T02:41:14.130575Z,KXBTC15M-26OCT042245-45,0.9820,10.50,yes
2026-10-05T02:41:14.140061Z,KXBTC15M-26OCT042245-45,0.9820,105.77,yes
2026-10-05T02:41:14.169205Z,KXBTC15M-26OCT042245-45,0.9810,100.00,no
2026-10-05T02:41:14.169205Z,KXBTC15M-26OCT042245-45,0.9810,0.10,no
2026-10-05T02:41:14.169205Z,KXBTC15M-26OCT042245-45,0.9810,36.00,no
2026-10-05T02:41:14.169205Z,KXBTC15M-26OCT042245-45,0.9810,5.68,no
2026-10-05T02:41:14.169205Z,KXBTC15M-26OCT042245-45,0.9810,1.00,no
2026-10-05T02:41:14.169205Z,KXBTC15M-26OCT042245-45,0.9810,103.47,no
2026-10-05T02:41:14.181534Z,KXBTC15M-26OCT042245-45,0.9810,24.62,no
2026-10-05T02:41:14.190267Z,KXBTC15M-26OCT042245-45,0.9810,56.79,no
2026-10-05T02:41:14.190267Z,KXBTC15M-26OCT042245-45,0.9810,41.70,no
2026-10-05T02:41:14.197333Z,KXBTC15M-26OCT042245-45,0.9810,100.00,no
2026-10-05T02:41:14.197333Z,KXBTC15M-26OCT042245-45,0.9810,1.00,no
2026-10-05T02:41:14.197333Z,KXBTC15M-26OCT042245-45,0.9810,50.00,no
2026-10-05T02:41:14.197333Z,KXBTC15M-26OCT042245-45,0.9810,90.00,no
2026-10-05T02:41:14.197333Z,KXBTC15M-26OCT042245-45,0.9810,45.01,no
2026-10-05T02:41:14.197333Z,KXBTC15M-26OCT042245-45,0.9800,230.36,no
2026-10-05T02:41:14.197333Z,KXBTC15M-26OCT042245-45,0.9810,10.00,no
2026-10-05T02:41:14.197333Z,KXBTC15M-26OCT042245-45,0.9810,0.01,no
2026-10-05T02:41:14.197333Z,KXBTC15M-26OCT042245-45,0.9810,500.00,no
2026-10-05T02:41:14.197333Z,KXBTC15M-26OCT042245-45,0.9800,200.00,no
2026-10-05T02:41:14.197333Z,KXBTC15M-26OCT042245-45,0.9810,4.99,no
2026-10-05T02:41:14.197333Z,KXBTC15M-26OCT042245-45,0.9800,1000.00,no
2026-10-05T02:41:14.197333Z,KXBTC15M-26OCT042245-45,0.9800,50.00,no
2026-10-05T02:41:14.197333Z,KXBTC15M-26OCT042245-45,0.9810,0.01,no
2026-10-05T02:41:14.197333Z,KXBTC15M-26OCT042245-45,0.9810,500.00,no
2026-10-05T02:41:14.197333Z,KXBTC15M-26OCT042245-45,0.9810,100.00,no
2026-10-05T02:41:14.197333Z,KXBTC15M-26OCT042245-45,0.9810,570.00,no
2026-10-05T02:41:14.197333Z,KXBTC15M-26OCT042245-45,0.9810,343.21,no
2026-10-05T02:41:14.237282Z,KXBTC15M-26OCT042245-45,0.9810,0.01,no
2026-10-05T02:41:14.237282Z,KXBTC15M-26OCT042245-45,0.9810,0.01,no
2026-10-05T02:41:14.237282Z,KXBTC15M-26OCT042245-45,0.9810,206.25,no
2026-10-05T02:41:14.257512Z,KXBTC15M-26OCT042245-45,0.9810,5.17,no
2026-10-05T02:41:14.267214Z,KXBTC15M-26OCT042245-45,0.9810,8.45,no
2026-10-05T02:41:14.2686Z,KXBTC15M-26OCT042245-45,0.9810,48.26,no
2026-10-05T02:41:14.276017Z,KXBTC15M-26OCT042245-45,0.9810,0.01,no
2026-10-05T02:41:14.276017Z,KXBTC15M-26OCT042245-45,0.9810,24.60,no
2026-10-05T02:41:14.276017Z,KXBTC15M-26OCT042245-45,0.9810,0.01,no
2026-10-05T02:41:14.285922Z,KXBTC15M-26OCT042245-45,0.9820,0.01,yes
2026-10-05T02:41:14.285922Z,KXBTC15M-26OCT042245-45,0.9820,2.66,yes
2026-10-05T02:41:14.285922Z,KXBTC15M-26OCT042245-45,0.9820,0.01,yes
2026-10-05T02:41:14.372936Z,KXBTC15M-26OCT042245-45,0.9820,222.80,yes
2026-10-05T02:41:14.372936Z,KXBTC15M-26OCT042245-45,0.9820,1.64,yes
2026-10-05T02:41:14.372936Z,KXBTC15M-26OCT042245-45,0.9820,288.74,yes
2026-10-05T02:41:14.372936Z,KXBTC15M-26OCT042245-45,0.9820,0.10,yes
2026-10-05T02:41:14.410063Z,KXBTC15M-26OCT042245-45,0.9820,3.05,yes
2026-10-05T02:41:14.410472Z,KXBTC15M-26OCT042245-45,0.9820,305.00,yes
2026-10-05T02:41:14.410472Z,KXBTC15M-26OCT042245-45,0.9820,0.01,yes
2026-10-05T02:41:14.410472Z,KXBTC15M-26OCT042245-45,0.9820,384.15,yes
2026-10-05T02:41:14.410472Z,KXBTC15M-26OCT042245-45,0.9820,4.46,yes
2026-10-05T02:41:14.410472Z,KXBTC15M-26OCT042245-45,0.9820,0.01,yes
2026-10-05T02:41:14.410472Z,KXBTC15M-26OCT042245-45,0.9820,280.15,yes
2026-10-05T02:41:14.410472Z,KXBTC15M-26OCT042245-45,0.9820,1.00,yes
2026-10-05T02:41:14.410472Z,KXBTC15M-26OCT042245-45,0.9820,500.00,yes
2026-10-05T02:41:14.418124Z,KXBTC15M-26OCT042245-45,0.9820,4.42,yes
2026-10-05T02:41:14.447672Z,KXBTC15M-26OCT042245-45,0.9820,4.00,no
2026-10-05T02:41:14.447672Z,KXBTC15M-26OCT042245-45,0.9820,0.10,no
2026-10-05T02:41:14.451039Z,KXBTC15M-26OCT042245-45,0.9820,17.47,no
2026-10-05T02:41:14.49554Z,KXBTC15M-26OCT042245-45,0.9820,4.92,no
2026-10-05T02:41:14.509649Z,KXBTC15M-26OCT042245-45,0.9830,0.18,yes
2026-10-05T02:41:14.514555Z,KXBTC15M-26OCT042245-45,0.9810,0.01,no
2026-10-05T02:41:14.514555Z,KXBTC15M-26OCT042245-45,0.9810,10.00,no
2026-10-05T02:41:14.514555Z,KXBTC15M-26OCT042245-45,0.9820,0.01,no
2026-10-05T02:41:14.514555Z,KXBTC15M-26OCT042245-45,0.9820,100.00,no
2026-10-05T02:41:14.514555Z,KXBTC15M-26OCT042245-45,0.9810,0.01,no
2026-10-05T02:41:14.514555Z,KXBTC15M-26OCT042245-45,0.9820,70.00,no
2026-10-05T02:41:14.514555Z,KXBTC15M-26OCT042245-45,0.9820,429.00,no
2026-10-05T02:41:14.514555Z,KXBTC15M-26OCT042245-45,0.9820,1.00,no
2026-10-05T02:41:14.514555Z,KXBTC15M-26OCT042245-45,0.9820,0.01,no
2026-10-05T02:41:14.514555Z,KXBTC15M-26OCT042245-45,0.9820,201.61,no
2026-10-05T02:41:14.514555Z,KXBTC15M-26OCT042245-45,0.9810,271.84,no
2026-10-05T02:41:14.523217Z,KXBTC15M-26OCT042245-45,0.9830,19.97,yes
2026-10-05T02:41:14.538627Z,KXBTC15M-26OCT042245-45,0.9840,405.85,yes
2026-10-05T02:41:14.538627Z,KXBTC15M-26OCT042245-45,0.9830,129.85,yes
2026-10-05T02:41:14.538627Z,KXBTC15M-26OCT042245-45,0.9830,4.37,yes
2026-10-05T02:41:14.538627Z,KXBTC15M-26OCT042245-45,0.9830,11.00,yes
2026-10-05T02:41:14.538627Z,KXBTC15M-26OCT042245-45,0.9830,0.01,yes
2026-10-05T02:41:14.538627Z,KXBTC15M-26OCT042245-45,0.9830,0.01,yes
2026-10-05T02:41:14.538627Z,KXBTC15M-26OCT042245-45,0.9830,17.00,yes
2026-10-05T02:41:14.538627Z,KXBTC15M-26OCT042245-45,0.9830,50.71,yes
2026-10-05T02:41:14.555711Z,KXBTC15M-26OCT042245-45,0.9820,49.07,no
2026-10-05T02:41:14.555711Z,KXBTC15M-26OCT042245-45,0.9820,0.18,no
2026-10-05T02:41:14.575488Z,KXBTC15M-26OCT042245-45,0.9820,5.16,no
2026-10-05T02:41:14.665531Z,KXBTC15M-26OCT042245-45,0.9820,0.01,no
2026-10-05T02:41:14.665531Z,KXBTC15M-26OCT042245-45,0.9820,0.01,no
2026-10-05T02:41:14.665531Z,KXBTC15M-26OCT042245-45,0.9820,249.97,no
2026-10-05T02:41:14.665531Z,KXBTC15M-26OCT042245-45,0.9820,100.00,no
2026-10-05T02:41:14.665531Z,KXBTC15M-26OCT042245-45,0.9820,226.52,no
2026-10-05T02:41:14.665531Z,KXBTC15M-26OCT042245-45,0.9820,19.97,no
2026-10-05T02:41:14.665531Z,KXBTC15M-26OCT042245-45,0.9820,1.00,no
2026-10-05T02:41:14.665531Z,KXBTC15M-26OCT042245-45,0.9820,129.85,no
2026-10-05T02:41:14.677503Z,KXBTC15M-26OCT042245-45,0.9830,11.00,yes
2026-10-05T02:41:14.677503Z,KXBTC15M-26OCT042245-45,0.9830,46.03,yes
2026-10-05T02:41:14.677503Z,KXBTC15M-26OCT042245-45,0.9830,1.00,yes
2026-10-05T02:41:14.677503Z,KXBTC15M-26OCT042245-45,0.9830,323.00,yes
2026-10-05T02:41:14.677503Z,KXBTC15M-26OCT042245-45,0.9830,0.01,yes
2026-10-05T02:41:14.677503Z,KXBTC15M-26OCT042245-45,0.9830,0.01,yes
2026-10-05T02:41:14.708392Z,KXBTC15M-26OCT042245-45,0.9840,384.00,yes
2026-10-05T02:41:14.708392Z,KXBTC15M-26OCT042245-45,0.9840,430.15,yes
2026-10-05T02:41:14.708392Z,KXBTC15M-26OCT042245-45,0.9840,384.00,yes
2026-10-05T02:41:14.708392Z,KXBTC15M-26OCT042245-45,0.9840,384.00,yes
2026-10-05T02:41:14.708392Z,KXBTC15M-26OCT042245-45,0.9840,384.00,yes
2026-10-05T02:41:14.708392Z,KXBTC15M-26OCT042245-45,0.9840,150.00,yes
2026-10-05T02:41:14.708392Z,KXBTC15M-26OCT042245-45,0.9840,660.00,yes
2026-10-05T02:41:14.708392Z,KXBTC15M-26OCT042245-45,0.9840,1047.00,yes
2026-10-05T02:41:14.708392Z,KXBTC15M-26OCT042245-45,0.9840,15.00,yes
2026-10-05T02:41:14.708392Z,KXBTC15M-26OCT042245-45,0.9840,500.00,yes
2026-10-05T02:41:14.708392Z,KXBTC15M-26OCT042245-45,0.9830,4.33,yes
2026-10-05T02:41:14.708392Z,KXBTC15M-26OCT042245-45,0.9830,1.00,yes
2026-10-05T02:41:14.708392Z,KXBTC15M-26OCT042245-45,0.9830,11.00,yes
2026-10-05T02:41:14.708392Z,KXBTC15M-26OCT042245-45,0.9830,0.01,yes
2026-10-05T02:41:14.708392Z,KXBTC15M-26OCT042245-45,0.9830,0.01,yes
2026-10-05T02:41:14.708392Z,KXBTC15M-26OCT042245-45,0.9840,4.37,yes
2026-10-05T02:41:14.708392Z,KXBTC15M-26OCT042245-45,0.9830,323.00,yes
2026-10-05T02:41:14.708392Z,KXBTC15M-26OCT042245-45,0.9830,323.00,yes
2026-10-05T02:41:14.708392Z,KXBTC15M-26OCT042245-45,0.9840,17.00,yes
2026-10-05T02:41:14.708392Z,KXBTC15M-26OCT042245-45,0.9840,783.00,yes
2026-10-05T02:41:14.708392Z,KXBTC15M-26OCT042245-45,0.9840,2.00,yes
2026-10-05T02:41:14.718387Z,KXBTC15M-26OCT042245-45,0.9820,25.74,no
2026-10-05T02:41:14.755995Z,KXBTC15M-26OCT042245-45,0.9830,150.00,no
2026-10-05T02:41:14.80423Z,KXBTC15M-26OCT042245-45,0.9830,200.00,no
2026-10-05T02:41:14.80423Z,KXBTC15M-26OCT042245-45,0.9830,384.00,no
2026-10-05T02:41:14.80423Z,KXBTC15M-26OCT042245-45,0.9830,500.00,no
2026-10-05T02:41:14.80423Z,KXBTC15M-26OCT042245-45,0.9830,0.01,no
2026-10-05T02:41:14.80423Z,KXBTC15M-26OCT042245-45,0.9830,0.01,no
2026-10-05T02:41:14.80423Z,KXBTC15M-26OCT042245-45,0.9830,0.10,no
2026-10-05T02:41:14.80423Z,KXBTC15M-26OCT042245-45,0.9830,384.00,no
2026-10-05T02:41:14.80423Z,KXBTC15M-26OCT042245-45,0.9830,13.00,no
2026-10-05T02:41:14.80423Z,KXBTC15M-26OCT042245-45,0.9830,0.88,no
2026-10-05T02:41:14.825861Z,KXBTC15M-26OCT042245-45,0.9830,0.12,no
2026-10-05T02:41:14.825861Z,KXBTC15M-26OCT042245-45,0.9830,3.55,no
2026-10-05T02:41:14.852231Z,KXBTC15M-26OCT042245-45,0.9830,3.55,no
2026-10-05T02:41:14.852231Z,KXBTC15M-26OCT042245-45,0.9830,446.45,no
2026-10-05T02:41:14.852231Z,KXBTC15M-26OCT042245-45,0.9830,13.00,no
2026-10-05T02:41:14.890478Z,KXBTC15M-26OCT042245-45,0.9830,13.00,no
2026-10-05T02:41:14.890478Z,KXBTC15M-26OCT042245-45,0.9830,196.45,no
2026-10-05T02:41:14.890478Z,KXBTC15M-26OCT042245-45,0.9830,0.01,no
2026-10-05T02:41:14.890478Z,KXBTC15M-26OCT042245-45,0.9830,1.00,no
2026-10-05T02:41:14.890478Z,KXBTC15M-26OCT042245-45,0.9830,0.01,no
2026-10-05T02:41:14.890478Z,KXBTC15M-26OCT042245-45,0.9830,500.00,no
2026-10-05T02:41:14.89243Z,KXBTC15M-26OCT042245-45,0.9820,3.67,no
2026-10-05T02:41:14.897264Z,KXBTC15M-26OCT042245-45,0.9820,26.03,no
2026-10-05T02:41:14.897264Z,KXBTC15M-26OCT042245-45,0.9830,0.01,no
2026-10-05T02:41:14.897264Z,KXBTC15M-26OCT042245-45,0.9830,0.01,no
2026-10-05T02:41:14.921604Z,KXBTC15M-26OCT042245-45,0.9820,327.00,no
2026-10-05T02:41:14.924738Z,KXBTC15M-26OCT042245-45,0.9820,31.00,no
2026-10-05T02:41:14.927869Z,KXBTC15M-26OCT042245-45,0.9830,0.01,yes
2026-10-05T02:41:14.927869Z,KXBTC15M-26OCT042245-45,0.9830,400.00,yes
2026-10-05T02:41:14.927869Z,KXBTC15M-26OCT042245-45,0.9840,15.18,yes
2026-10-05T02:41:14.927869Z,KXBTC15M-26OCT042245-45,0.9840,0.01,yes
2026-10-05T02:41:14.927869Z,KXBTC15M-26OCT042245-45,0.9830,0.01,yes
2026-10-05T02:41:14.927869Z,KXBTC15M-26OCT042245-45,0.9840,4.34,yes
2026-10-05T02:41:14.927869Z,KXBTC15M-26OCT042245-45,0.9830,70.00,yes
2026-10-05T02:41:14.927869Z,KXBTC15M-26OCT042245-45,0.9840,17.00,yes
2026-10-05T02:41:14.927869Z,KXBTC15M-26OCT042245-45,0.9840,1.00,yes
2026-10-05T02:41:14.927869Z,KXBTC15M-26OCT042245-45,0.9840,0.01,yes
2026-10-05T02:41:15.019702Z,KXBTC15M-26OCT042245-45,0.9830,0.01,yes
2026-10-05T02:41:15.019702Z,KXBTC15M-26OCT042245-45,0.9830,17.00,yes
2026-10-05T02:41:15.019702Z,KXBTC15M-26OCT042245-45,0.9830,0.01,yes
2026-10-05T02:41:15.051786Z,KXBTC15M-26OCT042245-45,0.9830,72.00,no
2026-10-05T02:41:15.085332Z,KXBTC15M-26OCT042245-45,0.9830,0.01,no
2026-10-05T02:41:15.085332Z,KXBTC15M-26OCT042245-45,0.9830,2.57,no
2026-10-05T02:41:15.085332Z,KXBTC15M-26OCT042245-45,0.9830,0.10,no
2026-10-05T02:41:15.085332Z,KXBTC15M-26OCT042245-45,0.9830,0.98,no
2026-10-05T02:41:15.085332Z,KXBTC15M-26OCT042245-45,0.9830,0.01,no
2026-10-05T02:41:15.100055Z,KXBTC15M-26OCT042245-45,0.9840,5.11,yes
2026-10-05T02:41:15.116428Z,KXBTC15M-26OCT042245-45,0.9830,12.43,no
2026-10-05T02:41:15.116428Z,KXBTC15M-26OCT042245-45,0.9830,0.01,no
2026-10-05T02:41:15.116428Z,KXBTC15M-26OCT042245-45,0.9830,15.00,no
2026-10-05T02:41:15.116428Z,KXBTC15M-26OCT042245-45,0.9830,0.01,no
2026-10-05T02:41:15.148536Z,KXBTC15M-26OCT042245-45,0.9820,3.00,no
2026-10-05T02:41:15.165582Z,KXBTC15M-26OCT042245-45,0.9820,3.67,no
2026-10-05T02:41:15.17816Z,KXBTC15M-26OCT042245-45,0.9820,19.33,no
2026-10-05T02:41:15.17816Z,KXBTC15M-26OCT042245-45,0.9820,29.92,no
2026-10-05T02:41:15.182706Z,KXBTC15M-26OCT042245-45,0.9830,32.00,yes
2026-10-05T02:41:15.182706Z,KXBTC15M-26OCT042245-45,0.9830,0.01,yes
2026-10-05T02:41:15.182706Z,KXBTC15M-26OCT042245-45,0.9830,0.01,yes
2026-10-05T02:41:15.182706Z,KXBTC15M-26OCT042245-45,0.9840,11.89,yes
2026-10-05T02:41:15.182706Z,KXBTC15M-26OCT042245-45,0.9840,0.01,yes
2026-10-05T02:41:15.182706Z,KXBTC15M-26OCT042245-45,0.9840,0.65,yes
2026-10-05T02:41:15.189865Z,KXBTC15M-26OCT042245-45,0.9820,1.00,no
2026-10-05T02:41:15.189865Z,KXBTC15M-26OCT042245-45,0.9820,164.72,no
2026-10-05T02:41:15.189865Z,KXBTC15M-26OCT042245-45,0.9820,354.08,no
2026-10-05T02:41:15.189865Z,KXBTC15M-26OCT042245-45,0.9820,0.01,no
2026-10-05T02:41:15.189865Z,KXBTC15M-26OCT042245-45,0.9820,0.01,no
2026-10-05T02:41:15.214136Z,KXBTC15M-26OCT042245-45,0.9820,113.91,no
2026-10-05T02:41:15.215514Z,KXBTC15M-26OCT042245-45,0.9830,0.01,yes
2026-10-05T02:41:15.215514Z,KXBTC15M-26OCT042245-45,0.9840,0.01,yes
2026-10-05T02:41:15.215514Z,KXBTC15M-26OCT042245-45,0.9840,2.77,yes
2026-10-05T02:41:15.215514Z,KXBTC15M-26OCT042245-45,0.9830,0.01,yes
2026-10-05T02:41:15.215514Z,KXBTC15M-26OCT042245-45,0.9840,0.35,yes
2026-10-05T02:41:15.215514Z,KXBTC15M-26OCT042245-45,0.9840,500.00,yes
2026-10-05T02:41:15.215514Z,KXBTC15M-26OCT042245-45,0.9840,4.41,yes
2026-10-05T02:41:15.253965Z,KXBTC15M-26OCT042245-45,0.9820,166.00,no
2026-10-05T02:41:15.339441Z,KXBTC15M-26OCT042245-45,0.9820,51.98,no
2026-10-05T02:41:15.354675Z,KXBTC15M-26OCT042245-45,0.9830,0.01,yes
2026-10-05T02:41:15.354675Z,KXBTC15M-26OCT042245-45,0.9830,0.01,yes
2026-10-05T02:41:15.381627Z,KXBTC15M-26OCT042245-45,0.9830,43.50,no
2026-10-05T02:41:15.381627Z,KXBTC15M-26OCT042245-45,0.9830,70.00,no
2026-10-05T02:41:15.381627Z,KXBTC15M-26OCT042245-45,0.9830,70.00,no
2026-10-05T02:41:15.381627Z,KXBTC15M-26OCT042245-45,0.9830,70.00,no
2026-10-05T02:41:15.38429Z,KXBTC15M-26OCT042245-45,0.9830,26.50,no
2026-10-05T02:41:15.38429Z,KXBTC15M-26OCT042245-45,0.9830,70.00,no
2026-10-05T02:41:15.38429Z,KXBTC15M-26OCT042245-45,0.9830,0.01,no
2026-10-05T02:41:15.38429Z,KXBTC15M-26OCT042245-45,0.9830,59.43,no
2026-10-05T02:41:15.391065Z,KXBTC15M-26OCT042245-45,0.9830,0.01,no
2026-10-05T02:41:15.391065Z,KXBTC15M-26OCT042245-45,0.9830,0.01,no
2026-10-05T02:41:15.391065Z,KXBTC15M-26OCT042245-45,0.9830,0.10,no
2026-10-05T02:41:15.407288Z,KXBTC15M-26OCT042245-45,0.9830,0.01,no
2026-10-05T02:41:15.418661Z,KXBTC15M-26OCT042245-45,0.9830,0.01,no
2026-10-05T02:41:15.418661Z,KXBTC15M-26OCT042245-45,0.9830,0.01,no
2026-10-05T02:41:15.418661Z,KXBTC15M-26OCT042245-45,0.9820,3.65,no
2026-10-05T02:41:15.423953Z,KXBTC15M-26OCT042245-45,0.9820,0.01,no
2026-10-05T02:41:15.423953Z,KXBTC15M-26OCT042245-45,0.9820,0.01,no
2026-10-05T02:41:15.423953Z,KXBTC15M-26OCT042245-45,0.9820,108.63,no
2026-10-05T02:41:15.423953Z,KXBTC15M-26OCT042245-45,0.9820,8.35,no
2026-10-05T02:41:15.424505Z,KXBTC15M-26OCT042245-45,0.9820,92.00,no
2026-10-05T02:41:15.448393Z,KXBTC15M-26OCT042245-45,0.9820,3.65,no
2026-10-05T02:41:15.448393Z,KXBTC15M-26OCT042245-45,0.9820,53.65,no
2026-10-05T02:41:15.448393Z,KXBTC15M-26OCT042245-45,0.9820,4.70,no
2026-10-05T02:41:15.488924Z,KXBTC15M-26OCT042245-45,0.9820,3.65,no
2026-10-05T02:41:15.488924Z,KXBTC15M-26OCT042245-45,0.9820,0.01,no
2026-10-05T02:41:15.488924Z,KXBTC15M-26OCT042245-45,0.9820,0.01,no
2026-10-05T02:41:15.563973Z,KXBTC15M-26OCT042245-45,0.9830,0.01,yes
2026-10-05T02:41:15.563973Z,KXBTC15M-26OCT042245-45,0.9830,0.01,yes
2026-10-05T02:41:15.563973Z,KXBTC15M-26OCT042245-45,0.9840,6.27,yes
2026-10-05T02:41:15.722059Z,KXBTC15M-26OCT042245-45,0.9830,0.01,yes
2026-10-05T02:41:15.722059Z,KXBTC15M-26OCT042245-45,0.9830,0.01,yes
2026-10-05T02:41:15.722059Z,KXBTC15M-26OCT042245-45,0.9840,0.58,yes
2026-10-05T02:41:15.802484Z,KXBTC15M-26OCT042245-45,0.9820,103.96,no
2026-10-05T02:41:15.873742Z,KXBTC15M-26OCT042245-45,0.9820,26.05,no
2026-10-05T02:41:15.887411Z,KXBTC15M-26OCT042245-45,0.9820,51.98,no
2026-10-05T02:41:15.898421Z,KXBTC15M-26OCT042245-45,0.9820,8.35,no
2026-10-05T02:41:15.898421Z,KXBTC15M-26OCT042245-45,0.9820,25.62,no
2026-10-05T02:41:15.898421Z,KXBTC15M-26OCT042245-45,0.9820,18.01,no
2026-10-05T02:41:15.916688Z,KXBTC15M-26OCT042245-45,0.9820,155.94,no
2026-10-05T02:41:16.014565Z,KXBTC15M-26OCT042245-45,0.9820,8.35,no
2026-10-05T02:41:16.014565Z,KXBTC15M-26OCT042245-45,0.9820,0.01,no
2026-10-05T02:41:16.014565Z,KXBTC15M-26OCT042245-45,0.9820,0.10,no
2026-10-05T02:41:16.014565Z,KXBTC15M-26OCT042245-45,0.9820,3.65,no
2026-10-05T02:41:16.014565Z,KXBTC15M-26OCT042245-45,0.9820,0.01,no
2026-10-05T02:41:16.014565Z,KXBTC15M-26OCT042245-45,0.9820,2.00,no
2026-10-05T02:41:16.014565Z,KXBTC15M-26OCT042245-45,0.9820,2.16,no
2026-10-05T02:41:16.04086Z,KXBTC15M-26OCT042245-45,0.9820,12.00,no
2026-10-05T02:41:16.04086Z,KXBTC15M-26OCT042245-45,0.9820,0.01,no
2026-10-05T02:41:16.04086Z,KXBTC15M-26OCT042245-45,0.9820,0.01,no
2026-10-05T02:41:16.04086Z,KXBTC15M-26OCT042245-45,0.9820,15.00,no
2026-10-05T02:41:16.04086Z,KXBTC15M-26OCT042245-45,0.9820,7.84,no
2026-10-05T02:41:16.04086Z,KXBTC15M-26OCT042245-45,0.9810,6.13,no
2026-10-05T02:41:16.051125Z,KXBTC15M-26OCT042245-45,0.9830,0.10,yes
2026-10-05T02:41:16.051125Z,KXBTC15M-26OCT042245-45,0.9830,0.01,yes
2026-10-05T02:41:16.051125Z,KXBTC15M-26OCT042245-45,0.9830,0.01,yes
2026-10-05T02:41:16.055481Z,KXBTC15M-26OCT042245-45,0.9830,17.46,no
2026-10-05T02:41:16.073302Z,KXBTC15M-26OCT042245-45,0.9830,15.00,no
2026-10-05T02:41:16.078134Z,KXBTC15M-26OCT042245-45,0.9830,0.01,no
2026-10-05T02:41:16.078134Z,KXBTC15M-26OCT042245-45,0.9830,0.01,no
2026-10-05T02:41:16.078134Z,KXBTC15M-26OCT042245-45,0.9830,15.00,no
2026-10-05T02:41:16.078134Z,KXBTC15M-26OCT042245-45,0.9830,17.42,no
2026-10-05T02:41:16.081779Z,KXBTC15M-26OCT042245-45,0.9820,0.01,no
2026-10-05T02:41:16.081779Z,KXBTC15M-26OCT042245-45,0.9820,52.34,no
2026-10-05T02:41:16.081779Z,KXBTC15M-26OCT042245-45,0.9820,0.01,no
2026-10-05T02:41:16.093254Z,KXBTC15M-26OCT042245-45,0.9830,0.01,no
2026-10-05T02:41:16.093254Z,KXBTC15M-26OCT042245-45,0.9830,0.01,no
2026-10-05T02:41:16.104196Z,KXBTC15M-26OCT042245-45,0.9840,100.00,yes
2026-10-05T02:41:16.104196Z,KXBTC15M-26OCT042245-45,0.9840,15.00,yes
2026-10-05T02:41:16.104196Z,KXBTC15M-26OCT042245-45,0.9840,400.00,yes
2026-10-05T02:41:16.104196Z,KXBTC15M-26OCT042245-45,0.9840,0.01,yes
2026-10-05T02:41:16.104196Z,KXBTC15M-26OCT042245-45,0.9840,0.01,yes
2026-10-05T02:41:16.104196Z,KXBTC15M-26OCT042245-45,0.9840,15.00,yes
2026-10-05T02:41:16.104196Z,KXBTC15M-26OCT042245-45,0.9840,500.00,yes
2026-10-05T02:41:16.104196Z,KXBTC15M-26OCT042245-45,0.9840,15.00,yes
2026-10-05T02:41:16.104196Z,KXBTC15M-26OCT042245-45,0.9840,500.00,yes
2026-10-05T02:41:16.104196Z,KXBTC15M-26OCT042245-45,0.9840,17.00,yes
2026-10-05T02:41:16.104196Z,KXBTC15M-26OCT042245-45,0.9840,1000.00,yes
2026-10-05T02:41:16.104196Z,KXBTC15M-26OCT042245-45,0.9840,31.00,yes
2026-10-05T02:41:16.104196Z,KXBTC15M-26OCT042245-45,0.9840,88.04,yes
2026-10-05T02:41:16.104196Z,KXBTC15M-26OCT042245-45,0.9840,5.38,yes
2026-10-05T02:41:16.104196Z,KXBTC15M-26OCT042245-45,0.9840,11.00,yes
2026-10-05T02:41:16.104196Z,KXBTC15M-26OCT042245-45,0.9840,1.00,yes
2026-10-05T02:41:16.104196Z,KXBTC15M-26OCT042245-45,0.9840,343.00,yes
2026-10-05T02:41:16.109791Z,KXBTC15M-26OCT042245-45,0.9830,15.00,no
2026-10-05T02:41:16.109791Z,KXBTC15M-26OCT042245-45,0.9820,0.99,no
2026-10-05T02:41:16.109791Z,KXBTC15M-26OCT042245-45,0.9830,0.01,no
2026-10-05T02:41:16.130563Z,KXBTC15M-26OCT042245-45,0.9830,0.01,no
2026-10-05T02:41:16.130563Z,KXBTC15M-26OCT042245-45,0.9830,0.01,no
2026-10-05T02:41:16.130563Z,KXBTC15M-26OCT042245-45,0.9830,3.65,no
2026-10-05T02:41:16.185869Z,KXBTC15M-26OCT042245-45,0.9830,51.83,no
2026-10-05T02:41:16.185869Z,KXBTC15M-26OCT042245-45,0.9830,248.35,no
2026-10-05T02:41:16.187666Z,KXBTC15M-26OCT042245-45,0.9830,15.00,no
2026-10-05T02:41:16.187666Z,KXBTC15M-26OCT042245-45,0.9830,2.17,no
2026-10-05T02:41:16.187666Z,KXBTC15M-26OCT042245-45,0.9830,15.00,no
2026-10-05T02:41:16.187666Z,KXBTC15M-26OCT042245-45,0.9830,0.01,no
2026-10-05T02:41:16.187666Z,KXBTC15M-26OCT042245-45,0.9830,18.79,no
2026-10-05T02:41:16.187666Z,KXBTC15M-26OCT042245-45,0.9830,0.01,no
2026-10-05T02:41:16.187666Z,KXBTC15M-26OCT042245-45,0.9830,1.00,no
2026-10-05T02:41:16.189111Z,KXBTC15M-26OCT042245-45,0.9840,0.01,yes
2026-10-05T02:41:16.189111Z,KXBTC15M-26OCT042245-45,0.9840,2.50,yes
2026-10-05T02:41:16.201603Z,KXBTC15M-26OCT042245-45,0.9820,3.63,no
2026-10-05T02:41:16.201603Z,KXBTC15M-26OCT042245-45,0.9820,0.01,no
2026-10-05T02:41:16.201603Z,KXBTC15M-26OCT042245-45,0.9830,0.01,no
2026-10-05T02:41:16.201603Z,KXBTC15M-26OCT042245-45,0.9830,0.01,no
2026-10-05T02:41:16.201603Z,KXBTC15M-26OCT042245-45,0.9820,0.01,no
2026-10-05T02:41:16.208767Z,KXBTC15M-26OCT042245-45,0.9830,15.00,no
2026-10-05T02:41:16.208767Z,KXBTC15M-26OCT042245-45,0.9820,28.60,no
2026-10-05T02:41:16.208767Z,KXBTC15M-26OCT042245-45,0.9830,0.01,no
2026-10-05T02:41:16.208767Z,KXBTC15M-26OCT042245-45,0.9820,8.37,no
2026-10-05T02:41:16.240305Z,KXBTC15M-26OCT042245-45,0.9840,0.01,yes
2026-10-05T02:41:16.240305Z,KXBTC15M-26OCT042245-45,0.9840,1.00,yes
2026-10-05T02:41:16.240305Z,KXBTC15M-26OCT042245-45,0.9830,0.01,yes
2026-10-05T02:41:16.240305Z,KXBTC15M-26OCT042245-45,0.9840,15.00,yes
2026-10-05T02:41:16.240305Z,KXBTC15M-26OCT042245-45,0.9840,5.68,yes
2026-10-05T02:41:16.240305Z,KXBTC15M-26OCT042245-45,0.9840,0.01,yes
2026-10-05T02:41:16.240305Z,KXBTC15M-26OCT042245-45,0.9830,0.01,yes
2026-10-05T02:41:16.240305Z,KXBTC15M-26OCT042245-45,0.9840,4.50,yes
2026-10-05T02:41:16.261232Z,KXBTC15M-26OCT042245-45,0.9830,0.02,no
2026-10-05T02:41:16.30169Z,KXBTC15M-26OCT042245-45,0.9830,0.01,no
2026-10-05T02:41:16.30169Z,KXBTC15M-26OCT042245-45,0.9830,0.01,no
2026-10-05T02:41:16.30169Z,KXBTC15M-26OCT042245-45,0.9830,15.00,no
2026-10-05T02:41:16.30169Z,KXBTC15M-26OCT042245-45,0.9830,0.08,no
2026-10-05T02:41:16.30169Z,KXBTC15M-26OCT042245-45,0.9830,10.43,no
2026-10-05T02:41:16.323441Z,KXBTC15M-26OCT042245-45,0.9840,132.89,yes
2026-10-05T02:41:16.323441Z,KXBTC15M-26OCT042245-45,0.9840,9.32,yes
2026-10-05T02:41:16.334019Z,KXBTC15M-26OCT042245-45,0.9830,0.10,no
2026-10-05T02:41:16.362339Z,KXBTC15M-26OCT042245-45,0.9840,2.24,yes
2026-10-05T02:41:16.364785Z,KXBTC15M-26OCT042245-45,0.9850,150.00,yes
2026-10-05T02:41:16.364785Z,KXBTC15M-26OCT042245-45,0.9850,384.00,yes
2026-10-05T02:41:16.364785Z,KXBTC15M-26OCT042245-45,0.9850,6.00,yes
2026-10-05T02:41:16.364785Z,KXBTC15M-26OCT042245-45,0.9850,384.00,yes
2026-10-05T02:41:16.364785Z,KXBTC15M-26OCT042245-45,0.9850,384.00,yes
2026-10-05T02:41:16.364785Z,KXBTC15M-26OCT042245-45,0.9850,384.00,yes
2026-10-05T02:41:16.364785Z,KXBTC15M-26OCT042245-45,0.9850,10.00,yes
2026-10-05T02:41:16.364785Z,KXBTC15M-26OCT042245-45,0.9850,10.00,yes
2026-10-05T02:41:16.364785Z,KXBTC15M-26OCT042245-45,0.9850,10.00,yes
2026-10-05T02:41:16.364785Z,KXBTC15M-26OCT042245-45,0.9850,10.00,yes
2026-10-05T02:41:16.364785Z,KXBTC15M-26OCT042245-45,0.9850,21.88,yes
2026-10-05T02:41:16.364785Z,KXBTC15M-26OCT042245-45,0.9840,15.00,yes
2026-10-05T02:41:16.364785Z,KXBTC15M-26OCT042245-45,0.9840,100.00,yes
2026-10-05T02:41:16.364785Z,KXBTC15M-26OCT042245-45,0.9840,1.00,yes
2026-10-05T02:41:16.364785Z,KXBTC15M-26OCT042245-45,0.9840,11.00,yes
2026-10-05T02:41:16.364785Z,KXBTC15M-26OCT042245-45,0.9840,500.00,yes
2026-10-05T02:41:16.364785Z,KXBTC15M-26OCT042245-45,0.9840,15.00,yes
2026-10-05T02:41:16.364785Z,KXBTC15M-26OCT042245-45,0.9850,248.00,yes
2026-10-05T02:41:16.364785Z,KXBTC15M-26OCT042245-45,0.9840,71.82,yes
2026-10-05T02:41:16.364785Z,KXBTC15M-26OCT042245-45,0.9850,4.50,yes
2026-10-05T02:41:16.364785Z,KXBTC15M-26OCT042245-45,0.9840,460.87,yes
2026-10-05T02:41:16.364785Z,KXBTC15M-26OCT042245-45,0.9850,366.00,yes
2026-10-05T02:41:16.364785Z,KXBTC15M-26OCT042245-45,0.9850,13.00,yes
2026-10-05T02:41:16.364785Z,KXBTC15M-26OCT042245-45,0.9840,15.00,yes
2026-10-05T02:41:16.364785Z,KXBTC15M-26OCT042245-45,0.9840,0.01,yes
2026-10-05T02:41:16.364785Z,KXBTC15M-26OCT042245-45,0.9840,0.01,yes
2026-10-05T02:41:16.364785Z,KXBTC15M-26OCT042245-45,0.9840,400.00,yes
2026-10-05T02:41:16.364785Z,KXBTC15M-26OCT042245-45,0.9850,2.00,yes
2026-10-05T02:41:16.365196Z,KXBTC15M-26OCT042245-45,0.9820,3.63,no
2026-10-05T02:41:16.365196Z,KXBTC15M-26OCT042245-45,0.9830,0.01,no
2026-10-05T02:41:16.365196Z,KXBTC15M-26OCT042245-45,0.9830,4.47,no
2026-10-05T02:41:16.365196Z,KXBTC15M-26OCT042245-45,0.9830,15.00,no
2026-10-05T02:41:16.365196Z,KXBTC15M-26OCT042245-45,0.9820,2.87,no
2026-10-05T02:41:16.365196Z,KXBTC15M-26OCT042245-45,0.9830,0.01,no
2026-10-05T02:41:16.408461Z,KXBTC15M-26OCT042245-45,0.9830,0.01,no
2026-10-05T02:41:16.408461Z,KXBTC15M-26OCT042245-45,0.9830,3.65,no
2026-10-05T02:41:16.408461Z,KXBTC15M-26OCT042245-45,0.9830,0.01,no
2026-10-05T02:41:16.469714Z,KXBTC15M-26OCT042245-45,0.9840,3.46,yes
2026-10-05T02:41:16.469714Z,KXBTC15M-26OCT042245-45,0.9840,0.01,yes
2026-10-05T02:41:16.469714Z,KXBTC15M-26OCT042245-45,0.9840,0.01,yes
2026-10-05T02:41:16.504053Z,KXBTC15M-26OCT042245-45,0.9830,26.96,no
2026-10-05T02:41:16.548671Z,KXBTC15M-26OCT042245-45,0.9830,18.71,no
2026-10-05T02:41:16.585636Z,KXBTC15M-26OCT042245-45,0.9840,1.00,yes
2026-10-05T02:41:16.585636Z,KXBTC15M-26OCT042245-45,0.9840,15.00,yes
2026-10-05T02:41:16.585636Z,KXBTC15M-26OCT042245-45,0.9840,396.54,yes
2026-10-05T02:41:16.585636Z,KXBTC15M-26OCT042245-45,0.9850,80.84,yes
2026-10-05T02:41:16.585636Z,KXBTC15M-26OCT042245-45,0.9840,4.00,yes
2026-10-05T02:41:16.585636Z,KXBTC15M-26OCT042245-45,0.9840,0.01,yes
2026-10-05T02:41:16.585636Z,KXBTC15M-26OCT042245-45,0.9840,0.01,yes
2026-10-05T02:41:16.661208Z,KXBTC15M-26OCT042245-45,0.9840,0.01,yes
2026-10-05T02:41:16.661208Z,KXBTC15M-26OCT042245-45,0.9850,0.01,yes
2026-10-05T02:41:16.661208Z,KXBTC15M-26OCT042245-45,0.9850,0.01,yes
2026-10-05T02:41:16.661208Z,KXBTC15M-26OCT042245-45,0.9840,0.01,yes
2026-10-05T02:41:16.661208Z,KXBTC15M-26OCT042245-45,0.9850,10.37,yes
2026-10-05T02:41:16.686956Z,KXBTC15M-26OCT042245-45,0.9850,95.46,yes
2026-10-05T02:41:16.686956Z,KXBTC15M-26OCT042245-45,0.9850,0.01,yes
2026-10-05T02:41:16.686956Z,KXBTC15M-26OCT042245-45,0.9850,4.00,yes
2026-10-05T02:41:16.70182Z,KXBTC15M-26OCT042245-45,0.9840,3.67,no
2026-10-05T02:41:16.720864Z,KXBTC15M-26OCT042245-45,0.9850,0.01,yes
2026-10-05T02:41:16.720864Z,KXBTC15M-26OCT042245-45,0.9850,0.52,yes
2026-10-05T02:41:16.720864Z,KXBTC15M-26OCT042245-45,0.9850,4.54,yes
2026-10-05T02:41:16.76319Z,KXBTC15M-26OCT042245-45,0.9840,26.75,no
2026-10-05T02:41:16.787049Z,KXBTC15M-26OCT042245-45,0.9850,29.52,yes
2026-10-05T02:41:16.789633Z,KXBTC15M-26OCT042245-45,0.9840,15.00,no
2026-10-05T02:41:16.814077Z,KXBTC15M-26OCT042245-45,0.9840,259.91,no
2026-10-05T02:41:16.854193Z,KXBTC15M-26OCT042245-45,0.9840,15.00,no
2026-10-05T02:41:16.857434Z,KXBTC15M-26OCT042245-45,0.9850,0.01,yes
2026-10-05T02:41:16.857434Z,KXBTC15M-26OCT042245-45,0.9850,4.00,yes
2026-10-05T02:41:16.857434Z,KXBTC15M-26OCT042245-45,0.9850,369.96,yes
2026-10-05T02:41:16.857434Z,KXBTC15M-26OCT042245-45,0.9850,0.01,yes
2026-10-05T02:41:16.857434Z,KXBTC15M-26OCT042245-45,0.9850,100.00,yes
2026-10-05T02:41:16.87133Z,KXBTC15M-26OCT042245-45,0.9850,2.62,yes
2026-10-05T02:41:16.928394Z,KXBTC15M-26OCT042245-45,0.9840,15.00,no
2026-10-05T02:41:16.941327Z,KXBTC15M-26OCT042245-45,0.9850,0.01,yes
2026-10-05T02:41:16.941327Z,KXBTC15M-26OCT042245-45,0.9850,0.01,yes
2026-10-05T02:41:16.941327Z,KXBTC15M-26OCT042245-45,0.9850,5.05,yes
2026-10-05T02:41:16.945508Z,KXBTC15M-26OCT042245-45,0.9840,107.27,no
2026-10-05T02:41:16.945508Z,KXBTC15M-26OCT042245-45,0.9840,0.01,no
2026-10-05T02:41:16.945508Z,KXBTC15M-26OCT042245-45,0.9840,142.43,no
2026-10-05T02:41:16.945508Z,KXBTC15M-26OCT042245-45,0.9840,0.01,no
2026-10-05T02:41:16.991223Z,KXBTC15M-26OCT042245-45,0.9840,15.00,no
2026-10-05T02:41:17.032611Z,KXBTC15M-26OCT042245-45,0.9840,1.00,no
2026-10-05T02:41:17.032611Z,KXBTC15M-26OCT042245-45,0.9840,15.00,no
2026-10-05T02:41:17.032611Z,KXBTC15M-26OCT042245-45,0.9840,344.71,no
2026-10-05T02:41:17.032611Z,KXBTC15M-26OCT042245-45,0.9840,77.73,no
2026-10-05T02:41:17.032611Z,KXBTC15M-26OCT042245-45,0.9840,150.00,no
2026-10-05T02:41:17.032611Z,KXBTC15M-26OCT042245-45,0.9840,222.00,no
2026-10-05T02:41:17.032611Z,KXBTC15M-26OCT042245-45,0.9840,15.00,no
2026-10-05T02:41:17.032611Z,KXBTC15M-26OCT042245-45,0.9840,0.10,no
2026-10-05T02:41:17.048867Z,KXBTC15M-26OCT042245-45,0.9840,103.00,no
2026-10-05T02:41:17.050721Z,KXBTC15M-26OCT042245-45,0.9840,15.00,no
2026-10-05T02:41:17.084735Z,KXBTC15M-26OCT042245-45,0.9850,4.67,yes
2026-10-05T02:41:17.132814Z,KXBTC15M-26OCT042245-45,0.9840,15.00,no
2026-10-05T02:41:17.203022Z,KXBTC15M-26OCT042245-45,0.9840,15.00,no
2026-10-05T02:41:17.257241Z,KXBTC15M-26OCT042245-45,0.9840,249.72,no
2026-10-05T02:41:17.280019Z,KXBTC15M-26OCT042245-45,0.9840,0.10,no
2026-10-05T02:41:17.280019Z,KXBTC15M-26OCT042245-45,0.9840,14.88,no
2026-10-05T02:41:17.280019Z,KXBTC15M-26OCT042245-45,0.9840,0.01,no
2026-10-05T02:41:17.280019Z,KXBTC15M-26OCT042245-45,0.9840,0.01,no
2026-10-05T02:41:17.284825Z,KXBTC15M-26OCT042245-45,0.9840,1.00,no
2026-10-05T02:41:17.284825Z,KXBTC15M-26OCT042245-45,0.9840,0.12,no
2026-10-05T02:41:17.284825Z,KXBTC15M-26OCT042245-45,0.9830,4.60,no
2026-10-05T02:41:17.358778Z,KXBTC15M-26OCT042245-45,0.9840,14.98,no
2026-10-05T02:41:17.358778Z,KXBTC15M-26OCT042245-45,0.9840,0.01,no
2026-10-05T02:41:17.358778Z,KXBTC15M-26OCT042245-45,0.9840,0.01,no
2026-10-05T02:41:17.39041Z,KXBTC15M-26OCT042245-45,0.9840,0.01,no
2026-10-05T02:41:17.39041Z,KXBTC15M-26OCT042245-45,0.9840,0.02,no
2026-10-05T02:41:17.39041Z,KXBTC15M-26OCT042245-45,0.9840,0.01,no
2026-10-05T02:41:17.39041Z,KXBTC15M-26OCT042245-45,0.9830,0.99,no
2026-10-05T02:41:17.391099Z,KXBTC15M-26OCT042245-45,0.9830,26.76,no
2026-10-05T02:41:17.436396Z,KXBTC15M-26OCT042245-45,0.9840,3.66,no
2026-10-05T02:41:17.436396Z,KXBTC15M-26OCT042245-45,0.9840,0.01,no
2026-10-05T02:41:17.462105Z,KXBTC15M-26OCT042245-45,0.9850,73.80,yes
2026-10-05T02:41:17.510825Z,KXBTC15M-26OCT042245-45,0.9850,0.01,yes
2026-10-05T02:41:17.510825Z,KXBTC15M-26OCT042245-45,0.9850,4.00,yes
2026-10-05T02:41:17.510825Z,KXBTC15M-26OCT042245-45,0.9850,0.01,yes
2026-10-05T02:41:17.510825Z,KXBTC15M-26OCT042245-45,0.9850,106.98,yes
2026-10-05T02:41:17.54231Z,KXBTC15M-26OCT042245-45,0.9840,3.67,no
2026-10-05T02:41:17.593155Z,KXBTC15M-26OCT042245-45,0.9850,27.09,yes
2026-10-05T02:41:17.605403Z,KXBTC15M-26OCT042245-45,0.9850,15.00,yes
2026-10-05T02:41:17.605403Z,KXBTC15M-26OCT042245-45,0.9850,366.00,yes
2026-10-05T02:41:17.605403Z,KXBTC15M-26OCT042245-45,0.9850,15.00,yes
2026-10-05T02:41:17.605403Z,KXBTC15M-26OCT042245-45,0.9850,15.00,yes
2026-10-05T02:41:17.605403Z,KXBTC15M-26OCT042245-45,0.9850,1.00,yes
2026-10-05T02:41:17.605403Z,KXBTC15M-26OCT042245-45,0.9850,15.00,yes
2026-10-05T02:41:17.605403Z,KXBTC15M-26OCT042245-45,0.9850,0.10,yes
2026-10-05T02:41:17.605403Z,KXBTC15M-26OCT042245-45,0.9850,12.75,yes
2026-10-05T02:41:17.605403Z,KXBTC15M-26OCT042245-45,0.9850,15.00,yes
2026-10-05T02:41:17.605403Z,KXBTC15M-26OCT042245-45,0.9850,500.00,yes
2026-10-05T02:41:17.605403Z,KXBTC15M-26OCT042245-45,0.9850,11.00,yes
2026-10-05T02:41:17.605403Z,KXBTC15M-26OCT042245-45,0.9850,500.00,yes
2026-10-05T02:41:17.605403Z,KXBTC15M-26OCT042245-45,0.9850,186.15,yes
2026-10-05T02:41:17.633276Z,KXBTC15M-26OCT042245-45,0.9860,15.21,yes
2026-10-05T02:41:17.633276Z,KXBTC15M-26OCT042245-45,0.9850,0.01,yes
2026-10-05T02:41:17.633276Z,KXBTC15M-26OCT042245-45,0.9850,0.01,yes
2026-10-05T02:41:17.633276Z,KXBTC15M-26OCT042245-45,0.9850,11.00,yes
2026-10-05T02:41:17.65203Z,KXBTC15M-26OCT042245-45,0.9840,15.00,no
2026-10-05T02:41:17.65203Z,KXBTC15M-26OCT042245-45,0.9840,1.00,no
2026-10-05T02:41:17.65203Z,KXBTC15M-26OCT042245-45,0.9840,1.00,no
2026-10-05T02:41:17.65203Z,KXBTC15M-26OCT042245-45,0.9840,7.67,no
2026-10-05T02:41:17.65203Z,KXBTC15M-26OCT042245-45,0.9840,200.00,no
2026-10-05T02:41:17.65203Z,KXBTC15M-26OCT042245-45,0.9840,2.00,no
2026-10-05T02:41:17.65203Z,KXBTC15M-26OCT042245-45,0.9840,0.01,no
2026-10-05T02:41:17.65203Z,KXBTC15M-26OCT042245-45,0.9840,0.01,no
2026-10-05T02:41:17.65203Z,KXBTC15M-26OCT042245-45,0.9840,45.00,no
2026-10-05T02:41:17.65203Z,KXBTC15M-26OCT042245-45,0.9830,33.63,no
2026-10-05T02:41:17.65203Z,KXBTC15M-26OCT042245-45,0.9840,267.70,no
2026-10-05T02:41:17.654259Z,KXBTC15M-26OCT042245-45,0.9850,8.11,yes
2026-10-05T02:41:17.674465Z,KXBTC15M-26OCT042245-45,0.9830,1.03,no
2026-10-05T02:41:17.693654Z,KXBTC15M-26OCT042245-45,0.9830,3.67,no
2026-10-05T02:41:17.72541Z,KXBTC15M-26OCT042245-45,0.9840,3.04,yes
2026-10-05T02:41:17.800327Z,KXBTC15M-26OCT042245-45,0.9830,6.16,no
2026-10-05T02:41:17.802674Z,KXBTC15M-26OCT042245-45,0.9830,3.67,no
2026-10-05T02:41:17.866124Z,KXBTC15M-26OCT042245-45,0.9830,55.02,no
2026-10-05T02:41:17.873904Z,KXBTC15M-26OCT042245-45,0.9830,49.25,no
2026-10-05T02:41:17.883336Z,KXBTC15M-26OCT042245-45,0.9830,3.67,no
2026-10-05T02:41:17.981865Z,KXBTC15M-26OCT042245-45,0.9840,74.99,yes
2026-10-05T02:41:18.00408Z,KXBTC15M-26OCT042245-45,0.9830,3.67,no
2026-10-05T02:41:18.02869Z,KXBTC15M-26OCT042245-45,0.9840,101.34,yes
2026-10-05T02:41:18.070022Z,KXBTC15M-26OCT042245-45,0.9830,3.67,no
2026-10-05T02:41:18.101788Z,KXBTC15M-26OCT042245-45,0.9840,18.89,yes
2026-10-05T02:41:18.118098Z,KXBTC15M-26OCT042245-45,0.9830,13.00,no
2026-10-05T02:41:18.118098Z,KXBTC15M-26OCT042245-45,0.9830,138.89,no
2026-10-05T02:41:18.118098Z,KXBTC15M-26OCT042245-45,0.9830,123.29,no
2026-10-05T02:41:18.136176Z,KXBTC15M-26OCT042245-45,0.9830,260.71,no
2026-10-05T02:41:18.136176Z,KXBTC15M-26OCT042245-45,0.9830,179.58,no
2026-10-05T02:41:18.139303Z,KXBTC15M-26OCT042245-45,0.9830,17.85,no
2026-10-05T02:41:18.139663Z,KXBTC15M-26OCT042245-45,0.9840,1.01,yes
2026-10-05T02:41:18.152893Z,KXBTC15M-26OCT042245-45,0.9840,11.00,yes
2026-10-05T02:41:18.156085Z,KXBTC15M-26OCT042245-45,0.9830,3.67,no
2026-10-05T02:41:18.218669Z,KXBTC15M-26OCT042245-45,0.9830,3.67,no
2026-10-05T02:41:18.253899Z,KXBTC15M-26OCT042245-45,0.9830,13.76,no
2026-10-05T02:41:18.290832Z,KXBTC15M-26OCT042245-45,0.9830,3.67,no
2026-10-05T02:41:18.294117Z,KXBTC15M-26OCT042245-45,0.9840,28.00,yes
2026-10-05T02:41:18.303961Z,KXBTC15M-26OCT042245-45,0.9830,1.04,no
2026-10-05T02:41:18.328968Z,KXBTC15M-26OCT042245-45,0.9830,25.89,no
2026-10-05T02:41:18.36224Z,KXBTC15M-26OCT042245-45,0.9830,3.12,no
2026-10-05T02:41:18.371045Z,KXBTC15M-26OCT042245-45,0.9830,3.67,no
2026-10-05T02:41:18.404986Z,KXBTC15M-26OCT042245-45,0.9840,0.01,yes
2026-10-05T02:41:18.404986Z,KXBTC15M-26OCT042245-45,0.9840,0.01,yes
2026-10-05T02:41:18.404986Z,KXBTC15M-26OCT042245-45,0.9840,24.98,yes
2026-10-05T02:41:18.434088Z,KXBTC15M-26OCT042245-45,0.9830,3.67,no
2026-10-05T02:41:18.441864Z,KXBTC15M-26OCT042245-45,0.9830,1.35,no
2026-10-05T02:41:18.444638Z,KXBTC15M-26OCT042245-45,0.9840,10.15,yes
2026-10-05T02:41:18.50389Z,KXBTC15M-26OCT042245-45,0.9830,3.67,no
2026-10-05T02:41:18.520079Z,KXBTC15M-26OCT042245-45,0.9830,384.00,no
2026-10-05T02:41:18.520079Z,KXBTC15M-26OCT042245-45,0.9830,119.39,no
2026-10-05T02:41:18.520079Z,KXBTC15M-26OCT042245-45,0.9830,212.08,no
2026-10-05T02:41:18.539173Z,KXBTC15M-26OCT042245-45,0.9830,550.36,no
2026-10-05T02:41:18.554225Z,KXBTC15M-26OCT042245-45,0.9840,8.37,yes
2026-10-05T02:41:18.569866Z,KXBTC15M-26OCT042245-45,0.9840,4.75,yes
2026-10-05T02:41:18.586308Z,KXBTC15M-26OCT042245-45,0.9830,3.67,no
2026-10-05T02:41:18.674485Z,KXBTC15M-26OCT042245-45,0.9830,21.62,no
2026-10-05T02:41:18.716773Z,KXBTC15M-26OCT042245-45,0.9830,3.67,no
2026-10-05T02:41:18.724108Z,KXBTC15M-26OCT042245-45,0.9830,26.96,no
2026-10-05T02:41:18.797369Z,KXBTC15M-26OCT042245-45,0.9830,3.67,no
2026-10-05T02:41:18.870007Z,KXBTC15M-26OCT042245-45,0.9830,3.67,no
2026-10-05T02:41:18.905924Z,KXBTC15M-26OCT042245-45,0.9830,82.59,no
2026-10-05T02:41:18.968552Z,KXBTC15M-26OCT042245-45,0.9830,200.00,no
2026-10-05T02:41:18.968552Z,KXBTC15M-26OCT042245-45,0.9830,247.72,no
2026-10-05T02:41:18.968552Z,KXBTC15M-26OCT042245-45,0.9830,91.71,no
2026-10-05T02:41:18.970023Z,KXBTC15M-26OCT042245-45,0.9830,3.67,no
2026-10-05T02:41:19.013753Z,KXBTC15M-26OCT042245-45,0.9840,30.00,yes
2026-10-05T02:41:19.035763Z,KXBTC15M-26OCT042245-45,0.9840,0.01,yes
2026-10-05T02:41:19.035763Z,KXBTC15M-26OCT042245-45,0.9840,0.10,yes
2026-10-05T02:41:19.035763Z,KXBTC15M-26OCT042245-45,0.9840,0.01,yes
2026-10-05T02:41:19.035763Z,KXBTC15M-26OCT042245-45,0.9840,25.92,yes
2026-10-05T02:41:19.040456Z,KXBTC15M-26OCT042245-45,0.9830,3.67,no
2026-10-05T02:41:19.048321Z,KXBTC15M-26OCT042245-45,0.9830,53.93,no
2026-10-05T02:41:19.079687Z,KXBTC15M-26OCT042245-45,0.9830,47.91,no
2026-10-05T02:41:19.080339Z,KXBTC15M-26OCT042245-45,0.9830,101.40,no
2026-10-05T02:41:19.096484Z,KXBTC15M-26OCT042245-45,0.9830,120.00,no
2026-10-05T02:41:19.096484Z,KXBTC15M-26OCT042245-45,0.9830,135.70,no
2026-10-05T02:41:19.096484Z,KXBTC15M-26OCT042245-45,0.9830,0.01,no
2026-10-05T02:41:19.096484Z,KXBTC15M-26OCT042245-45,0.9830,0.01,no
2026-10-05T02:41:19.096484Z,KXBTC15M-26OCT042245-45,0.9830,1.00,no
2026-10-05T02:41:19.096484Z,KXBTC15M-26OCT042245-45,0.9830,15.00,no
2026-10-05T02:41:19.096484Z,KXBTC15M-26OCT042245-45,0.9830,278.64,no
2026-10-05T02:41:19.103345Z,KXBTC15M-26OCT042245-45,0.9830,110.07,no
2026-10-05T02:41:19.137125Z,KXBTC15M-26OCT042245-45,0.9840,25.78,yes
2026-10-05T02:41:19.168063Z,KXBTC15M-26OCT042245-45,0.9850,6.89,yes
2026-10-05T02:41:19.168063Z,KXBTC15M-26OCT042245-45,0.9840,8.30,yes
2026-10-05T02:41:19.168063Z,KXBTC15M-26OCT042245-45,0.9840,0.01,yes
2026-10-05T02:41:19.168063Z,KXBTC15M-26OCT042245-45,0.9840,0.01,yes
2026-10-05T02:41:19.168063Z,KXBTC15M-26OCT042245-45,0.9850,19.79,yes
2026-10-05T02:41:19.168063Z,KXBTC15M-26OCT042245-45,0.9840,15.00,yes
2026-10-05T02:41:19.224197Z,KXBTC15M-26OCT042245-45,0.9840,0.10,no
2026-10-05T02:41:19.224197Z,KXBTC15M-26OCT042245-45,0.9840,2.39,no
2026-10-05T02:41:19.304522Z,KXBTC15M-26OCT042245-45,0.9840,67.61,no
2026-10-05T02:41:19.304522Z,KXBTC15M-26OCT042245-45,0.9840,42.46,no
2026-10-05T02:41:19.350185Z,KXBTC15M-26OCT042245-45,0.9850,346.21,yes
2026-10-05T02:41:19.350185Z,KXBTC15M-26OCT042245-45,0.9850,1.00,yes
2026-10-05T02:41:19.350185Z,KXBTC15M-26OCT042245-45,0.9850,0.01,yes
2026-10-05T02:41:19.350185Z,KXBTC15M-26OCT042245-45,0.9850,0.01,yes
2026-10-05T02:41:19.350185Z,KXBTC15M-26OCT042245-45,0.9850,15.00,yes
2026-10-05T02:41:19.350185Z,KXBTC15M-26OCT042245-45,0.9850,140.41,yes
2026-10-05T02:41:19.350185Z,KXBTC15M-26OCT042245-45,0.9850,11.00,yes
2026-10-05T02:41:19.350185Z,KXBTC15M-26OCT042245-45,0.9850,500.00,yes
2026-10-05T02:41:19.358615Z,KXBTC15M-26OCT042245-45,0.9850,1.43,yes
2026-10-05T02:41:19.368886Z,KXBTC15M-26OCT042245-45,0.9840,27.54,no
2026-10-05T02:41:19.368886Z,KXBTC15M-26OCT042245-45,0.9840,0.01,no
2026-10-05T02:41:19.368886Z,KXBTC15M-26OCT042245-45,0.9840,43.63,no
2026-10-05T02:41:19.368886Z,KXBTC15M-26OCT042245-45,0.9840,0.01,no
2026-10-05T02:41:19.417807Z,KXBTC15M-26OCT042245-45,0.9840,3.67,no
2026-10-05T02:41:19.467509Z,KXBTC15M-26OCT042245-45,0.9850,0.01,yes
2026-10-05T02:41:19.467509Z,KXBTC15M-26OCT042245-45,0.9850,0.01,yes
2026-10-05T02:41:19.467509Z,KXBTC15M-26OCT042245-45,0.9850,85.24,yes
2026-10-05T02:41:19.49334Z,KXBTC15M-26OCT042245-45,0.9840,27.50,no
2026-10-05T02:41:19.505983Z,KXBTC15M-26OCT042245-45,0.9840,15.00,no
2026-10-05T02:41:19.554431Z,KXBTC15M-26OCT042245-45,0.9850,8.10,yes
2026-10-05T02:41:19.577917Z,KXBTC15M-26OCT042245-45,0.9840,15.00,no
2026-10-05T02:41:19.617831Z,KXBTC15M-26OCT042245-45,0.9850,8.00,yes
2026-10-05T02:41:19.686915Z,KXBTC15M-26OCT042245-45,0.9840,15.00,no
2026-10-05T02:41:19.686915Z,KXBTC15M-26OCT042245-45,0.9840,24.94,no
2026-10-05T02:41:19.686915Z,KXBTC15M-26OCT042245-45,0.9840,0.10,no
2026-10-05T02:41:19.686915Z,KXBTC15M-26OCT042245-45,0.9840,15.00,no
2026-10-05T02:41:19.695528Z,KXBTC15M-26OCT042245-45,0.9840,56.34,no
2026-10-05T02:41:19.704427Z,KXBTC15M-26OCT042245-45,0.9840,15.00,no
2026-10-05T02:41:19.732759Z,KXBTC15M-26OCT042245-45,0.9850,5.07,yes
2026-10-05T02:41:19.772771Z,KXBTC15M-26OCT042245-45,0.9840,100.00,no
2026-10-05T02:41:19.801773Z,KXBTC15M-26OCT042245-45,0.9840,2.65,no
2026-10-05T02:41:19.819802Z,KXBTC15M-26OCT042245-45,0.9850,34.48,yes
2026-10-05T02:41:19.841274Z,KXBTC15M-26OCT042245-45,0.9840,0.01,no
2026-10-05T02:41:19.841274Z,KXBTC15M-26OCT042245-45,0.9840,12.35,no
2026-10-05T02:41:19.841274Z,KXBTC15M-26OCT042245-45,0.9840,0.01,no
2026-10-05T02:41:19.841274Z,KXBTC15M-26OCT042245-45,0.9840,1.63,no
2026-10-05T02:41:19.841274Z,KXBTC15M-26OCT042245-45,0.9840,1.00,no
2026-10-05T02:41:19.901059Z,KXBTC15M-26OCT042245-45,0.9850,0.11,yes
2026-10-05T02:41:19.904749Z,KXBTC15M-26OCT042245-45,0.9840,15.00,no
2026-10-05T02:41:19.921883Z,KXBTC15M-26OCT042245-45,0.9860,384.00,yes
2026-10-05T02:41:19.921883Z,KXBTC15M-26OCT042245-45,0.9870,256.00,yes
2026-10-05T02:41:19.921883Z,KXBTC15M-26OCT042245-45,0.9870,256.00,yes
2026-10-05T02:41:19.921883Z,KXBTC15M-26OCT042245-45,0.9880,425.73,yes
2026-10-05T02:41:19.921883Z,KXBTC15M-26OCT042245-45,0.9860,150.00,yes
2026-10-05T02:41:19.921883Z,KXBTC15M-26OCT042245-45,0.9870,150.00,yes
2026-10-05T02:41:19.921883Z,KXBTC15M-26OCT042245-45,0.9870,256.00,yes
2026-10-05T02:41:19.921883Z,KXBTC15M-26OCT042245-45,0.9860,384.00,yes
2026-10-05T02:41:19.921883Z,KXBTC15M-26OCT042245-45,0.9870,256.00,yes
2026-10-05T02:41:19.921883Z,KXBTC15M-26OCT042245-45,0.9860,384.00,yes
2026-10-05T02:41:19.921883Z,KXBTC15M-26OCT042245-45,0.9860,311.79,yes
2026-10-05T02:41:19.921883Z,KXBTC15M-26OCT042245-45,0.9860,384.00,yes
2026-10-05T02:41:19.921883Z,KXBTC15M-26OCT042245-45,0.9860,8.00,yes
2026-10-05T02:41:19.921883Z,KXBTC15M-26OCT042245-45,0.9870,25.00,yes
2026-10-05T02:41:19.921883Z,KXBTC15M-26OCT042245-45,0.9850,400.00,yes
2026-10-05T02:41:19.921883Z,KXBTC15M-26OCT042245-45,0.9850,0.01,yes
2026-10-05T02:41:19.921883Z,KXBTC15M-26OCT042245-45,0.9850,500.00,yes
2026-10-05T02:41:19.921883Z,KXBTC15M-26OCT042245-45,0.9850,15.00,yes
2026-10-05T02:41:19.921883Z,KXBTC15M-26OCT042245-45,0.9850,206.00,yes
2026-10-05T02:41:19.921883Z,KXBTC15M-26OCT042245-45,0.9850,365.00,yes
2026-10-05T02:41:19.921883Z,KXBTC15M-26OCT042245-45,0.9850,15.00,yes
2026-10-05T02:41:19.921883Z,KXBTC15M-26OCT042245-45,0.9860,4.00,yes
2026-10-05T02:41:19.921883Z,KXBTC15M-26OCT042245-45,0.9850,100.00,yes
2026-10-05T02:41:19.921883Z,KXBTC15M-26OCT042245-45,0.9860,150.00,yes
2026-10-05T02:41:19.921883Z,KXBTC15M-26OCT042245-45,0.9850,500.00,yes
2026-10-05T02:41:19.921883Z,KXBTC15M-26OCT042245-45,0.9850,0.01,yes
2026-10-05T02:41:19.921883Z,KXBTC15M-26OCT042245-45,0.9860,376.00,yes
2026-10-05T02:41:19.921883Z,KXBTC15M-26OCT042245-45,0.9850,4.00,yes
2026-10-05T02:41:19.921883Z,KXBTC15M-26OCT042245-45,0.9850,1.00,yes
2026-10-05T02:41:19.921883Z,KXBTC15M-26OCT042245-45,0.9850,31.77,yes
2026-10-05T02:41:19.921883Z,KXBTC15M-26OCT042245-45,0.9850,15.00,yes
2026-10-05T02:41:19.921883Z,KXBTC15M-26OCT042245-45,0.9850,11.00,yes
2026-10-05T02:41:19.921883Z,KXBTC15M-26OCT042245-45,0.9870,501.10,yes
2026-10-05T02:41:19.921883Z,KXBTC15M-26OCT042245-45,0.9870,2.00,yes
2026-10-05T02:41:19.921883Z,KXBTC15M-26OCT042245-45,0.9860,10.00,yes
2026-10-05T02:41:19.921883Z,KXBTC15M-26OCT042245-45,0.9860,10.00,yes
2026-10-05T02:41:19.921883Z,KXBTC15M-26OCT042245-45,0.9850,500.00,yes
2026-10-05T02:41:19.921883Z,KXBTC15M-26OCT042245-45,0.9860,54.00,yes
2026-10-05T02:41:19.921883Z,KXBTC15M-26OCT042245-45,0.9860,17.00,yes
2026-10-05T02:41:19.921883Z,KXBTC15M-26OCT042245-45,0.9870,2.00,yes
2026-10-05T02:41:19.921883Z,KXBTC15M-26OCT042245-45,0.9870,10.00,yes
2026-10-05T02:41:19.921883Z,KXBTC15M-26OCT042245-45,0.9870,1000.00,yes
2026-10-05T02:41:19.931892Z,KXBTC15M-26OCT042245-45,0.9880,256.00,yes
2026-10-05T02:41:19.931892Z,KXBTC15M-26OCT042245-45,0.9880,1047.00,yes
2026-10-05T02:41:19.931892Z,KXBTC15M-26OCT042245-45,0.9880,256.00,yes
2026-10-05T02:41:19.931892Z,KXBTC15M-26OCT042245-45,0.9880,256.00,yes
2026-10-05T02:41:19.931892Z,KXBTC15M-26OCT042245-45,0.9880,330.00,yes
2026-10-05T02:41:19.931892Z,KXBTC15M-26OCT042245-45,0.9880,150.00,yes
2026-10-05T02:41:19.931892Z,KXBTC15M-26OCT042245-45,0.9890,688.28,yes
2026-10-05T02:41:19.931892Z,KXBTC15M-26OCT042245-45,0.9880,2074.27,yes
2026-10-05T02:41:19.931892Z,KXBTC15M-26OCT042245-45,0.9880,256.00,yes
2026-10-05T02:41:19.931892Z,KXBTC15M-26OCT042245-45,0.9880,100.00,yes
2026-10-05T02:41:19.931892Z,KXBTC15M-26OCT042245-45,0.9860,11.00,yes
2026-10-05T02:41:19.931892Z,KXBTC15M-26OCT042245-45,0.9880,12.00,yes
2026-10-05T02:41:19.931892Z,KXBTC15M-26OCT042245-45,0.9870,1.00,yes
2026-10-05T02:41:19.931892Z,KXBTC15M-26OCT042245-45,0.9870,1.00,yes
2026-10-05T02:41:19.931892Z,KXBTC15M-26OCT042245-45,0.9880,1.00,yes
2026-10-05T02:41:19.931892Z,KXBTC15M-26OCT042245-45,0.9880,2.00,yes
2026-10-05T02:41:19.931892Z,KXBTC15M-26OCT042245-45,0.9880,17.00,yes
2026-10-05T02:41:19.931892Z,KXBTC15M-26OCT042245-45,0.9880,2.00,yes
2026-10-05T02:41:19.941267Z,KXBTC15M-26OCT042245-45,0.9850,55.27,no
2026-10-05T02:41:19.973522Z,KXBTC15M-26OCT042245-45,0.9860,105.07,yes
2026-10-05T02:41:19.999237Z,KXBTC15M-26OCT042245-45,0.9850,15.00,no
2026-10-05T02:41:20.016255Z,KXBTC15M-26OCT042245-45,0.9860,0.01,yes
2026-10-05T02:41:20.016255Z,KXBTC15M-26OCT042245-45,0.9860,0.01,yes
2026-10-05T02:41:20.016255Z,KXBTC15M-26OCT042245-45,0.9860,37.48,yes
2026-10-05T02:41:20.016255Z,KXBTC15M-26OCT042245-45,0.9860,400.00,yes
2026-10-05T02:41:20.061624Z,KXBTC15M-26OCT042245-45,0.9850,15.00,no
2026-10-05T02:41:20.070183Z,KXBTC15M-26OCT042245-45,0.9860,13.20,yes
2026-10-05T02:41:20.070183Z,KXBTC15M-26OCT042245-45,0.9860,0.01,yes
2026-10-05T02:41:20.070183Z,KXBTC15M-26OCT042245-45,0.9860,0.01,yes
2026-10-05T02:41:20.093459Z,KXBTC15M-26OCT042245-45,0.9860,35.00,yes
2026-10-05T02:41:20.157134Z,KXBTC15M-26OCT042245-45,0.9850,15.00,no
2026-10-05T02:41:20.167537Z,KXBTC15M-26OCT042245-45,0.9860,312.05,yes
2026-10-05T02:41:20.227195Z,KXBTC15M-26OCT042245-45,0.9850,15.00,no
2026-10-05T02:41:20.262259Z,KXBTC15M-26OCT042245-45,0.9850,20.00,no
2026-10-05T02:41:20.360721Z,KXBTC15M-26OCT042245-45,0.9850,91.00,no
2026-10-05T02:41:20.386131Z,KXBTC15M-26OCT042245-45,0.9850,0.01,no
2026-10-05T02:41:20.386131Z,KXBTC15M-26OCT042245-45,0.9850,150.00,no
2026-10-05T02:41:20.386131Z,KXBTC15M-26OCT042245-45,0.9850,252.00,no
2026-10-05T02:41:20.386131Z,KXBTC15M-26OCT042245-45,0.9850,597.98,no
2026-10-05T02:41:20.386131Z,KXBTC15M-26OCT042245-45,0.9850,0.01,no
2026-10-05T02:41:20.390479Z,KXBTC15M-26OCT042245-45,0.9850,100.00,no
2026-10-05T02:41:20.394785Z,KXBTC15M-26OCT042245-45,0.9850,349.02,no
2026-10-05T02:41:20.394785Z,KXBTC15M-26OCT042245-45,0.9850,43.98,no
2026-10-05T02:41:20.406903Z,KXBTC15M-26OCT042245-45,0.9850,13.00,no
2026-10-05T02:41:20.406903Z,KXBTC15M-26OCT042245-45,0.9850,1.00,no
2026-10-05T02:41:20.406903Z,KXBTC15M-26OCT042245-45,0.9850,480.98,no
2026-10-05T02:41:20.406903Z,KXBTC15M-26OCT042245-45,0.9850,150.00,no
2026-10-05T02:41:20.406903Z,KXBTC15M-26OCT042245-45,0.9850,15.00,no
2026-10-05T02:41:20.406903Z,KXBTC15M-26OCT042245-45,0.9850,340.02,no
2026-10-05T02:41:20.407842Z,KXBTC15M-26OCT042245-45,0.9850,40.34,no
2026-10-05T02:41:20.412599Z,KXBTC15M-26OCT042245-45,0.9850,1.50,no
2026-10-05T02:41:20.413051Z,KXBTC15M-26OCT042245-45,0.9850,40.34,no
2026-10-05T02:41:20.413487Z,KXBTC15M-26OCT042245-45,0.9850,5.29,no
2026-10-05T02:41:20.417994Z,KXBTC15M-26OCT042245-45,0.9850,8.53,no
2026-10-05T02:41:20.441101Z,KXBTC15M-26OCT042245-45,0.9860,100.00,yes
2026-10-05T02:41:20.441101Z,KXBTC15M-26OCT042245-45,0.9860,0.10,yes
2026-10-05T02:41:20.441101Z,KXBTC15M-26OCT042245-45,0.9860,10.00,yes
2026-10-05T02:41:20.441101Z,KXBTC15M-26OCT042245-45,0.9860,0.01,yes
2026-10-05T02:41:20.441101Z,KXBTC15M-26OCT042245-45,0.9860,73.33,yes
2026-10-05T02:41:20.441101Z,KXBTC15M-26OCT042245-45,0.9860,39.75,yes
2026-10-05T02:41:20.441101Z,KXBTC15M-26OCT042245-45,0.9860,0.01,yes
2026-10-05T02:41:20.441101Z,KXBTC15M-26OCT042245-45,0.9860,58.80,yes
2026-10-05T02:41:20.485175Z,KXBTC15M-26OCT042245-45,0.9850,15.00,no
2026-10-05T02:41:20.547978Z,KXBTC15M-26OCT042245-45,0.9850,15.00,no
2026-10-05T02:41:20.586119Z,KXBTC15M-26OCT042245-45,0.9850,109.89,no
2026-10-05T02:41:20.586119Z,KXBTC15M-26OCT042245-45,0.9850,256.00,no
2026-10-05T02:41:20.586119Z,KXBTC15M-26OCT042245-45,0.9850,143.02,no
2026-10-05T02:41:20.610591Z,KXBTC15M-26OCT042245-45,0.9850,15.00,no
2026-10-05T02:41:20.616409Z,KXBTC15M-26OCT042245-45,0.9850,131.11,no
2026-10-05T02:41:20.616409Z,KXBTC15M-26OCT042245-45,0.9850,107.02,no
2026-10-05T02:41:20.692408Z,KXBTC15M-26OCT042245-45,0.9850,15.00,no
2026-10-05T02:41:20.707769Z,KXBTC15M-26OCT042245-45,0.9850,161.62,no
2026-10-05T02:41:20.707769Z,KXBTC15M-26OCT042245-45,0.9850,133.98,no
2026-10-05T02:41:20.719397Z,KXBTC15M-26OCT042245-45,0.9860,69.33,yes
2026-10-05T02:41:20.719397Z,KXBTC15M-26OCT042245-45,0.9860,17.00,yes
2026-10-05T02:41:20.719397Z,KXBTC15M-26OCT042245-45,0.9860,150.00,yes
2026-10-05T02:41:20.719397Z,KXBTC15M-26OCT042245-45,0.9860,73.00,yes
2026-10-05T02:41:20.719397Z,KXBTC15M-26OCT042245-45,0.9860,1.00,yes
2026-10-05T02:41:20.719397Z,KXBTC15M-26OCT042245-45,0.9860,24.67,yes
2026-10-05T02:41:20.719397Z,KXBTC15M-26OCT042245-45,0.9860,15.00,yes
2026-10-05T02:41:20.754697Z,KXBTC15M-26OCT042245-45,0.9860,18.38,yes
2026-10-05T02:41:20.758566Z,KXBTC15M-26OCT042245-45,0.9850,15.00,no
2026-10-05T02:41:20.805828Z,KXBTC15M-26OCT042245-45,0.9850,63.00,no
2026-10-05T02:41:20.805846Z,KXBTC15M-26OCT042245-45,0.9850,72.00,no
2026-10-05T02:41:20.805846Z,KXBTC15M-26OCT042245-45,0.9850,0.01,no
2026-10-05T02:41:20.805846Z,KXBTC15M-26OCT042245-45,0.9850,0.10,no
2026-10-05T02:41:20.805846Z,KXBTC15M-26OCT042245-45,0.9850,15.00,no
2026-10-05T02:41:20.805846Z,KXBTC15M-26OCT042245-45,0.9850,2.00,no
2026-10-05T02:41:20.805846Z,KXBTC15M-26OCT042245-45,0.9850,0.01,no
2026-10-05T02:41:20.805877Z,KXBTC15M-26OCT042245-45,0.9840,31.00,no
2026-10-05T02:41:20.806904Z,KXBTC15M-26OCT042245-45,0.9840,2.00,no
2026-10-05T02:41:20.807073Z,KXBTC15M-26OCT042245-45,0.9840,4.00,no
2026-10-05T02:41:20.807959Z,KXBTC15M-26OCT042245-45,0.9840,0.02,no
2026-10-05T02:41:20.811785Z,KXBTC15M-26OCT042245-45,0.9840,10.00,no
2026-10-05T02:41:20.829391Z,KXBTC15M-26OCT042245-45,0.9840,15.00,no
2026-10-05T02:41:20.8327Z,KXBTC15M-26OCT042245-45,0.9840,0.02,no
2026-10-05T02:41:20.835319Z,KXBTC15M-26OCT042245-45,0.9850,6.28,yes
2026-10-05T02:41:20.837589Z,KXBTC15M-26OCT042245-45,0.9840,0.02,no
2026-10-05T02:41:20.858679Z,KXBTC15M-26OCT042245-45,0.9850,1.01,yes
2026-10-05T02:41:20.876599Z,KXBTC15M-26OCT042245-45,0.9850,56.73,yes
2026-10-05T02:41:20.891156Z,KXBTC15M-26OCT042245-45,0.9840,15.00,no
2026-10-05T02:41:20.909765Z,KXBTC15M-26OCT042245-45,0.9850,24.31,yes
2026-10-05T02:41:20.911601Z,KXBTC15M-26OCT042245-45,0.9840,100.00,no
2026-10-05T02:41:20.956485Z,KXBTC15M-26OCT042245-45,0.9840,15.00,no
2026-10-05T02:41:20.982296Z,KXBTC15M-26OCT042245-45,0.9850,2.17,yes
2026-10-05T02:41:20.983979Z,KXBTC15M-26OCT042245-45,0.9840,22.67,no
2026-10-05T02:41:20.98447Z,KXBTC15M-26OCT042245-45,0.9850,59.50,yes
2026-10-05T02:41:20.98447Z,KXBTC15M-26OCT042245-45,0.9850,148.21,yes
2026-10-05T02:41:20.988194Z,KXBTC15M-26OCT042245-45,0.9850,71.02,yes
2026-10-05T02:41:20.990865Z,KXBTC15M-26OCT042245-45,0.9850,51.19,yes
2026-10-05T02:41:21.018561Z,KXBTC15M-26OCT042245-45,0.9840,15.00,no
2026-10-05T02:41:21.084318Z,KXBTC15M-26OCT042245-45,0.9840,15.00,no
2026-10-05T02:41:21.107898Z,KXBTC15M-26OCT042245-45,0.9850,10.18,yes
2026-10-05T02:41:21.144257Z,KXBTC15M-26OCT042245-45,0.9840,15.00,no
2026-10-05T02:41:21.203502Z,KXBTC15M-26OCT042245-45,0.9840,15.00,no
2026-10-05T02:41:21.278708Z,KXBTC15M-26OCT042245-45,0.9850,45.99,yes
2026-10-05T02:41:21.278708Z,KXBTC15M-26OCT042245-45,0.9850,0.01,yes
2026-10-05T02:41:21.278708Z,KXBTC15M-26OCT042245-45,0.9850,2.00,yes
2026-10-05T02:41:21.278708Z,KXBTC15M-26OCT042245-45,0.9850,2.00,yes
2026-10-05T02:41:21.291976Z,KXBTC15M-26OCT042245-45,0.9840,15.00,no
2026-10-05T02:41:21.295113Z,KXBTC15M-26OCT042245-45,0.9850,4.00,yes
2026-10-05T02:41:21.363125Z,KXBTC15M-26OCT042245-45,0.9840,15.00,no
2026-10-05T02:41:21.363495Z,KXBTC15M-26OCT042245-45,0.9850,66.00,yes
2026-10-05T02:41:21.363495Z,KXBTC15M-26OCT042245-45,0.9850,108.40,yes
2026-10-05T02:41:21.363495Z,KXBTC15M-26OCT042245-45,0.9850,10.00,yes
2026-10-05T02:41:21.363495Z,KXBTC15M-26OCT042245-45,0.9850,1.00,yes
2026-10-05T02:41:21.363495Z,KXBTC15M-26OCT042245-45,0.9850,150.00,yes
2026-10-05T02:41:21.363495Z,KXBTC15M-26OCT042245-45,0.9850,94.00,yes
2026-10-05T02:41:21.363495Z,KXBTC15M-26OCT042245-45,0.9850,0.01,yes
2026-10-05T02:41:21.363495Z,KXBTC15M-26OCT042245-45,0.9850,366.00,yes
2026-10-05T02:41:21.363495Z,KXBTC15M-26OCT042245-45,0.9850,50.01,yes
2026-10-05T02:41:21.363495Z,KXBTC15M-26OCT042245-45,0.9850,218.33,yes
2026-10-05T02:41:21.363495Z,KXBTC15M-26OCT042245-45,0.9850,400.00,yes
2026-10-05T02:41:21.363495Z,KXBTC15M-26OCT042245-45,0.9850,0.10,yes
2026-10-05T02:41:21.363495Z,KXBTC15M-26OCT042245-45,0.9850,100.00,yes
2026-10-05T02:41:21.410293Z,KXBTC15M-26OCT042245-45,0.9850,100.00,yes
2026-10-05T02:41:21.410293Z,KXBTC15M-26OCT042245-45,0.9850,265.87,yes
2026-10-05T02:41:21.410293Z,KXBTC15M-26OCT042245-45,0.9850,400.00,yes
2026-10-05T02:41:21.410293Z,KXBTC15M-26OCT042245-45,0.9850,150.00,yes
2026-10-05T02:41:21.410293Z,KXBTC15M-26OCT042245-45,0.9850,0.01,yes
2026-10-05T02:41:21.410293Z,KXBTC15M-26OCT042245-45,0.9850,800.00,yes
2026-10-05T02:41:21.410293Z,KXBTC15M-26OCT042245-45,0.9850,100.00,yes
2026-10-05T02:41:21.410293Z,KXBTC15M-26OCT042245-45,0.9850,184.12,yes
2026-10-05T02:41:21.412714Z,KXBTC15M-26OCT042245-45,0.9850,47.44,yes
2026-10-05T02:41:21.416328Z,KXBTC15M-26OCT042245-45,0.9850,186.69,yes
2026-10-05T02:41:21.416328Z,KXBTC15M-26OCT042245-45,0.9850,0.01,yes
2026-10-05T02:41:21.416328Z,KXBTC15M-26OCT042245-45,0.9850,100.00,yes
2026-10-05T02:41:21.416328Z,KXBTC15M-26OCT042245-45,0.9850,0.01,yes
2026-10-05T02:41:21.416328Z,KXBTC15M-26OCT042245-45,0.9850,100.00,yes
2026-10-05T02:41:21.465446Z,KXBTC15M-26OCT042245-45,0.9850,29.23,no
2026-10-05T02:41:21.492379Z,KXBTC15M-26OCT042245-45,0.9850,15.00,no
2026-10-05T02:41:21.492379Z,KXBTC15M-26OCT042245-45,0.9850,70.00,no
2026-10-05T02:41:21.492379Z,KXBTC15M-26OCT042245-45,0.9850,359.11,no
2026-10-05T02:41:21.492379Z,KXBTC15M-26OCT042245-45,0.9850,0.01,no
2026-10-05T02:41:21.492379Z,KXBTC15M-26OCT042245-45,0.9850,70.00,no
2026-10-05T02:41:21.492379Z,KXBTC15M-26OCT042245-45,0.9850,0.10,no
2026-10-05T02:41:21.492379Z,KXBTC15M-26OCT042245-45,0.9850,70.00,no
2026-10-05T02:41:21.492379Z,KXBTC15M-26OCT042245-45,0.9850,40.77,no
2026-10-05T02:41:21.492379Z,KXBTC15M-26OCT042245-45,0.9850,15.00,no
2026-10-05T02:41:21.492379Z,KXBTC15M-26OCT042245-45,0.9850,70.00,no
2026-10-05T02:41:21.492379Z,KXBTC15M-26OCT042245-45,0.9850,200.00,no
2026-10-05T02:41:21.492379Z,KXBTC15M-26OCT042245-45,0.9850,70.00,no
2026-10-05T02:41:21.492379Z,KXBTC15M-26OCT042245-45,0.9850,6.00,no
2026-10-05T02:41:21.492379Z,KXBTC15M-26OCT042245-45,0.9850,1.00,no
2026-10-05T02:41:21.492379Z,KXBTC15M-26OCT042245-45,0.9850,0.01,no
2026-10-05T02:41:21.492379Z,KXBTC15M-26OCT042245-45,0.9850,13.00,no
2026-10-05T02:41:21.510492Z,KXBTC15M-26OCT042245-45,0.9850,0.01,no
2026-10-05T02:41:21.510492Z,KXBTC15M-26OCT042245-45,0.9850,14.98,no
2026-10-05T02:41:21.510492Z,KXBTC15M-26OCT042245-45,0.9850,0.01,no
2026-10-05T02:41:21.5339Z,KXBTC15M-26OCT042245-45,0.9850,0.01,no
2026-10-05T02:41:21.5339Z,KXBTC15M-26OCT042245-45,0.9850,0.01,no
2026-10-05T02:41:21.5339Z,KXBTC15M-26OCT042245-45,0.9850,0.02,no
2026-10-05T02:41:21.5339Z,KXBTC15M-26OCT042245-45,0.9840,15.00,no
2026-10-05T02:41:21.5339Z,KXBTC15M-26OCT042245-45,0.9840,0.44,no
2026-10-05T02:41:21.5339Z,KXBTC15M-26OCT042245-45,0.9840,2.12,no
2026-10-05T02:41:21.621262Z,KXBTC15M-26OCT042245-45,0.9850,101.89,yes
2026-10-05T02:41:21.643489Z,KXBTC15M-26OCT042245-45,0.9850,25.35,yes
2026-10-05T02:41:21.671523Z,KXBTC15M-26OCT042245-45,0.9840,15.00,no
2026-10-05T02:41:21.683384Z,KXBTC15M-26OCT042245-45,0.9850,10.14,yes
2026-10-05T02:41:21.739278Z,KXBTC15M-26OCT042245-45,0.9840,15.00,no
2026-10-05T02:41:21.763241Z,KXBTC15M-26OCT042245-45,0.9850,0.01,yes
2026-10-05T02:41:21.763241Z,KXBTC15M-26OCT042245-45,0.9850,46.00,yes
2026-10-05T02:41:21.763241Z,KXBTC15M-26OCT042245-45,0.9850,10.00,yes
2026-10-05T02:41:21.763241Z,KXBTC15M-26OCT042245-45,0.9850,100.00,yes
2026-10-05T02:41:21.763241Z,KXBTC15M-26OCT042245-45,0.9850,0.10,yes
2026-10-05T02:41:21.763241Z,KXBTC15M-26OCT042245-45,0.9850,158.27,yes
2026-10-05T02:41:21.763241Z,KXBTC15M-26OCT042245-45,0.9850,12.62,yes
2026-10-05T02:41:21.776863Z,KXBTC15M-26OCT042245-45,0.9860,33.34,yes
2026-10-05T02:41:21.776863Z,KXBTC15M-26OCT042245-45,0.9860,15.00,yes
2026-10-05T02:41:21.776863Z,KXBTC15M-26OCT042245-45,0.9850,97.00,yes
2026-10-05T02:41:21.776863Z,KXBTC15M-26OCT042245-45,0.9850,150.00,yes
2026-10-05T02:41:21.776863Z,KXBTC15M-26OCT042245-45,0.9850,0.01,yes
2026-10-05T02:41:21.776863Z,KXBTC15M-26OCT042245-45,0.9850,241.73,yes
2026-10-05T02:41:21.776863Z,KXBTC15M-26OCT042245-45,0.9860,74.00,yes
2026-10-05T02:41:21.776863Z,KXBTC15M-26OCT042245-45,0.9850,0.01,yes
2026-10-05T02:41:21.776863Z,KXBTC15M-26OCT042245-45,0.9850,100.00,yes
2026-10-05T02:41:21.776863Z,KXBTC15M-26OCT042245-45,0.9850,1.00,yes
2026-10-05T02:41:21.776863Z,KXBTC15M-26OCT042245-45,0.9860,17.00,yes
2026-10-05T02:41:21.776863Z,KXBTC15M-26OCT042245-45,0.9860,15.00,yes
2026-10-05T02:41:21.776863Z,KXBTC15M-26OCT042245-45,0.9860,97.00,yes
2026-10-05T02:41:21.776863Z,KXBTC15M-26OCT042245-45,0.9860,10.00,yes
2026-10-05T02:41:21.809364Z,KXBTC15M-26OCT042245-45,0.9850,99.73,yes
2026-10-05T02:41:21.821565Z,KXBTC15M-26OCT042245-45,0.9840,57.62,no
2026-10-05T02:41:21.823099Z,KXBTC15M-26OCT042245-45,0.9850,35.30,yes
2026-10-05T02:41:21.823099Z,KXBTC15M-26OCT042245-45,0.9850,0.01,yes
2026-10-05T02:41:21.827588Z,KXBTC15M-26OCT042245-45,0.9840,5.84,no
2026-10-05T02:41:21.834527Z,KXBTC15M-26OCT042245-45,0.9850,400.00,yes
2026-10-05T02:41:21.834527Z,KXBTC15M-26OCT042245-45,0.9850,64.70,yes
2026-10-05T02:41:21.834527Z,KXBTC15M-26OCT042245-45,0.9850,17.00,yes
2026-10-05T02:41:21.834527Z,KXBTC15M-26OCT042245-45,0.9860,44.92,yes
2026-10-05T02:41:21.834527Z,KXBTC15M-26OCT042245-45,0.9850,0.01,yes
2026-10-05T02:41:21.834527Z,KXBTC15M-26OCT042245-45,0.9850,0.01,yes
2026-10-05T02:41:21.855155Z,KXBTC15M-26OCT042245-45,0.9850,70.00,no
2026-10-05T02:41:21.855155Z,KXBTC15M-26OCT042245-45,0.9850,70.00,no
2026-10-05T02:41:21.855155Z,KXBTC15M-26OCT042245-45,0.9850,70.00,no
2026-10-05T02:41:21.855155Z,KXBTC15M-26OCT042245-45,0.9850,70.00,no
2026-10-05T02:41:21.855155Z,KXBTC15M-26OCT042245-45,0.9850,26.27,no
2026-10-05T02:41:21.925643Z,KXBTC15M-26OCT042245-45,0.9850,24.32,no
2026-10-05T02:41:21.936878Z,KXBTC15M-26OCT042245-45,0.9850,39.06,no
2026-10-05T02:41:21.936878Z,KXBTC15M-26OCT042245-45,0.9850,19.41,no
2026-10-05T02:41:21.942328Z,KXBTC15M-26OCT042245-45,0.9850,30.94,no
2026-10-05T02:41:21.942328Z,KXBTC15M-26OCT042245-45,0.9850,200.00,no
2026-10-05T02:41:21.942328Z,KXBTC15M-26OCT042245-45,0.9850,70.00,no
2026-10-05T02:41:21.942328Z,KXBTC15M-26OCT042245-45,0.9850,1.00,no
2026-10-05T02:41:21.942328Z,KXBTC15M-26OCT042245-45,0.9850,0.10,no
2026-10-05T02:41:21.942328Z,KXBTC15M-26OCT042245-45,0.9850,12.00,no
2026-10-05T02:41:21.942328Z,KXBTC15M-26OCT042245-45,0.9850,12.00,no
2026-10-05T02:41:21.942328Z,KXBTC15M-26OCT042245-45,0.9850,13.00,no
2026-10-05T02:41:21.942328Z,KXBTC15M-26OCT042245-45,0.9850,0.01,no
2026-10-05T02:41:21.942328Z,KXBTC15M-26OCT042245-45,0.9850,0.01,no
2026-10-05T02:41:21.942328Z,KXBTC15M-26OCT042245-45,0.9850,15.00,no
2026-10-05T02:41:21.950053Z,KXBTC15M-26OCT042245-45,0.9840,2.16,no
2026-10-05T02:41:21.957659Z,KXBTC15M-26OCT042245-45,0.9850,48.05,yes
2026-10-05T02:41:21.957839Z,KXBTC15M-26OCT042245-45,0.9850,9.74,yes
2026-10-05T02:41:21.957839Z,KXBTC15M-26OCT042245-45,0.9850,101.95,yes
2026-10-05T02:41:21.957839Z,KXBTC15M-26OCT042245-45,0.9850,10.00,yes
2026-10-05T02:41:22.066073Z,KXBTC15M-26OCT042245-45,0.9850,0.01,yes
2026-10-05T02:41:22.066073Z,KXBTC15M-26OCT042245-45,0.9850,3.02,yes
2026-10-05T02:41:22.066073Z,KXBTC15M-26OCT042245-45,0.9850,0.01,yes
2026-10-05T02:41:22.16885Z,KXBTC15M-26OCT042245-45,0.9860,220.35,yes
2026-10-05T02:41:22.16885Z,KXBTC15M-26OCT042245-45,0.9850,10.00,yes
2026-10-05T02:41:22.16885Z,KXBTC15M-26OCT042245-45,0.9850,0.10,yes
2026-10-05T02:41:22.16885Z,KXBTC15M-26OCT042245-45,0.9850,0.01,yes
2026-10-05T02:41:22.16885Z,KXBTC15M-26OCT042245-45,0.9850,0.01,yes
2026-10-05T02:41:22.16885Z,KXBTC15M-26OCT042245-45,0.9860,17.00,yes
2026-10-05T02:41:22.16885Z,KXBTC15M-26OCT042245-45,0.9860,313.74,yes
2026-10-05T02:41:22.16885Z,KXBTC15M-26OCT042245-45,0.9860,15.00,yes
2026-10-05T02:41:22.16885Z,KXBTC15M-26OCT042245-45,0.9860,10.00,yes
2026-10-05T02:41:22.16885Z,KXBTC15M-26OCT042245-45,0.9860,15.00,yes
2026-10-05T02:41:22.16885Z,KXBTC15M-26OCT042245-45,0.9860,4.00,yes
2026-10-05T02:41:22.16885Z,KXBTC15M-26OCT042245-45,0.9850,400.00,yes
2026-10-05T02:41:22.16885Z,KXBTC15M-26OCT042245-45,0.9850,4.00,yes
2026-10-05T02:41:22.16885Z,KXBTC15M-26OCT042245-45,0.9860,15.00,yes
2026-10-05T02:41:22.16885Z,KXBTC15M-26OCT042245-45,0.9850,1.00,yes
2026-10-05T02:41:22.16885Z,KXBTC15M-26OCT042245-45,0.9850,96.98,yes
2026-10-05T02:41:22.16885Z,KXBTC15M-26OCT042245-45,0.9850,0.10,yes
2026-10-05T02:41:22.16885Z,KXBTC15M-26OCT042245-45,0.9860,48.00,yes
2026-10-05T02:41:22.186417Z,KXBTC15M-26OCT042245-45,0.9840,16.42,no
2026-10-05T02:41:22.192171Z,KXBTC15M-26OCT042245-45,0.9850,50.00,yes
2026-10-05T02:41:22.277292Z,KXBTC15M-26OCT042245-45,0.9850,43.00,yes
2026-10-05T02:41:22.309191Z,KXBTC15M-26OCT042245-45,0.9840,271.52,no
2026-10-05T02:41:22.309191Z,KXBTC15M-26OCT042245-45,0.9840,20.84,no
2026-10-05T02:41:22.311594Z,KXBTC15M-26OCT042245-45,0.9840,15.00,no
2026-10-05T02:41:22.325331Z,KXBTC15M-26OCT042245-45,0.9840,58.47,no
2026-10-05T02:41:22.386552Z,KXBTC15M-26OCT042245-45,0.9840,15.00,no
2026-10-05T02:41:22.39089Z,KXBTC15M-26OCT042245-45,0.9840,14.61,no
2026-10-05T02:41:22.453973Z,KXBTC15M-26OCT042245-45,0.9840,15.00,no
2026-10-05T02:41:22.495705Z,KXBTC15M-26OCT042245-45,0.9850,400.00,yes
2026-10-05T02:41:22.495705Z,KXBTC15M-26OCT042245-45,0.9850,0.01,yes
2026-10-05T02:41:22.495705Z,KXBTC15M-26OCT042245-45,0.9850,0.01,yes
2026-10-05T02:41:22.495705Z,KXBTC15M-26OCT042245-45,0.9850,100.00,yes
2026-10-05T02:41:22.495705Z,KXBTC15M-26OCT042245-45,0.9850,57.00,yes
2026-10-05T02:41:22.495705Z,KXBTC15M-26OCT042245-45,0.9850,343.26,yes
2026-10-05T02:41:22.549527Z,KXBTC15M-26OCT042245-45,0.9840,15.00,no
2026-10-05T02:41:22.578803Z,KXBTC15M-26OCT042245-45,0.9850,6.08,yes
2026-10-05T02:41:22.621906Z,KXBTC15M-26OCT042245-45,0.9840,15.00,no
2026-10-05T02:41:22.660398Z,KXBTC15M-26OCT042245-45,0.9840,102.92,no
2026-10-05T02:41:22.660398Z,KXBTC15M-26OCT042245-45,0.9840,256.00,no
2026-10-05T02:41:22.660398Z,KXBTC15M-26OCT042245-45,0.9840,87.08,no
2026-10-05T02:41:22.672329Z,KXBTC15M-26OCT042245-45,0.9850,5.00,yes
2026-10-05T02:41:22.680047Z,KXBTC15M-26OCT042245-45,0.9840,58.47,no
2026-10-05T02:41:22.68632Z,KXBTC15M-26OCT042245-45,0.9850,8.22,yes
2026-10-05T02:41:22.699549Z,KXBTC15M-26OCT042245-45,0.9840,15.00,no
2026-10-05T02:41:22.717293Z,KXBTC15M-26OCT042245-45,0.9850,1.78,yes
2026-10-05T02:41:22.717293Z,KXBTC15M-26OCT042245-45,0.9850,18.22,yes
2026-10-05T02:41:22.801434Z,KXBTC15M-26OCT042245-45,0.9840,157.80,no
2026-10-05T02:41:22.810018Z,KXBTC15M-26OCT042245-45,0.9850,10.14,yes
2026-10-05T02:41:22.814269Z,KXBTC15M-26OCT042245-45,0.9840,15.00,no
2026-10-05T02:41:22.912643Z,KXBTC15M-26OCT042245-45,0.9840,15.00,no
2026-10-05T02:41:22.96395Z,KXBTC15M-26OCT042245-45,0.9850,62.14,yes
2026-10-05T02:41:22.96395Z,KXBTC15M-26OCT042245-45,0.9850,270.86,yes
2026-10-05T02:41:22.97094Z,KXBTC15M-26OCT042245-45,0.9840,97.13,no
2026-10-05T02:41:22.97094Z,KXBTC15M-26OCT042245-45,0.9840,19.81,no
2026-10-05T02:41:22.974024Z,KXBTC15M-26OCT042245-45,0.9840,116.94,no
2026-10-05T02:41:22.978878Z,KXBTC15M-26OCT042245-45,0.9850,29.51,yes
2026-10-05T02:41:22.996874Z,KXBTC15M-26OCT042245-45,0.9840,15.00,no
2026-10-05T02:41:23.0144Z,KXBTC15M-26OCT042245-45,0.9840,151.52,no
2026-10-05T02:41:23.019407Z,KXBTC15M-26OCT042245-45,0.9850,8.35,yes
2026-10-05T02:41:23.019407Z,KXBTC15M-26OCT042245-45,0.9850,0.01,yes
2026-10-05T02:41:23.019407Z,KXBTC15M-26OCT042245-45,0.9850,186.34,yes
2026-10-05T02:41:23.019407Z,KXBTC15M-26OCT042245-45,0.9850,0.01,yes
2026-10-05T02:41:23.028302Z,KXBTC15M-26OCT042245-45,0.9850,172.34,yes
2026-10-05T02:41:23.028302Z,KXBTC15M-26OCT042245-45,0.9850,213.66,yes
2026-10-05T02:41:23.028302Z,KXBTC15M-26OCT042245-45,0.9850,4.00,yes
2026-10-05T02:41:23.028302Z,KXBTC15M-26OCT042245-45,0.9850,10.00,yes
2026-10-05T02:41:23.058462Z,KXBTC15M-26OCT042245-45,0.9840,11.59,no
2026-10-05T02:41:23.058462Z,KXBTC15M-26OCT042245-45,0.9840,3.41,no
2026-10-05T02:41:23.137463Z,KXBTC15M-26OCT042245-45,0.9850,20.43,yes
2026-10-05T02:41:23.179385Z,KXBTC15M-26OCT042245-45,0.9840,15.00,no
2026-10-05T02:41:23.193114Z,KXBTC15M-26OCT042245-45,0.9850,1.01,yes
2026-10-05T02:41:23.261941Z,KXBTC15M-26OCT042245-45,0.9840,15.00,no
2026-10-05T02:41:23.307169Z,KXBTC15M-26OCT042245-45,0.9850,24.44,yes
2026-10-05T02:41:23.309878Z,KXBTC15M-26OCT042245-45,0.9840,58.47,no
2026-10-05T02:41:23.372007Z,KXBTC15M-26OCT042245-45,0.9840,15.00,no
2026-10-05T02:41:23.434932Z,KXBTC15M-26OCT042245-45,0.9840,137.28,no
2026-10-05T02:41:23.435982Z,KXBTC15M-26OCT042245-45,0.9840,11.34,no
2026-10-05T02:41:23.435982Z,KXBTC15M-26OCT042245-45,0.9840,3.66,no
2026-10-05T02:41:23.455649Z,KXBTC15M-26OCT042245-45,0.9830,294.00,no
2026-10-05T02:41:23.455649Z,KXBTC15M-26OCT042245-45,0.9830,13.00,no
2026-10-05T02:41:23.455649Z,KXBTC15M-26OCT042245-45,0.9840,1.00,no
2026-10-05T02:41:23.455649Z,KXBTC15M-26OCT042245-45,0.9840,0.01,no
2026-10-05T02:41:23.455649Z,KXBTC15M-26OCT042245-45,0.9840,0.01,no
2026-10-05T02:41:23.455649Z,KXBTC15M-26OCT042245-45,0.9840,215.00,no
2026-10-05T02:41:23.455649Z,KXBTC15M-26OCT042245-45,0.9840,244.66,no
2026-10-05T02:41:23.455649Z,KXBTC15M-26OCT042245-45,0.9830,50.00,no
2026-10-05T02:41:23.455649Z,KXBTC15M-26OCT042245-45,0.9840,256.00,no
2026-10-05T02:41:23.455649Z,KXBTC15M-26OCT042245-45,0.9830,35.00,no
2026-10-05T02:41:23.455649Z,KXBTC15M-26OCT042245-45,0.9830,90.00,no
2026-10-05T02:41:23.455649Z,KXBTC15M-26OCT042245-45,0.9840,6.00,no
2026-10-05T02:41:23.455649Z,KXBTC15M-26OCT042245-45,0.9840,102.00,no
2026-10-05T02:41:23.455649Z,KXBTC15M-26OCT042245-45,0.9840,36.00,no
2026-10-05T02:41:23.455649Z,KXBTC15M-26OCT042245-45,0.9840,144.00,no
2026-10-05T02:41:23.455649Z,KXBTC15M-26OCT042245-45,0.9830,387.18,no
2026-10-05T02:41:23.455649Z,KXBTC15M-26OCT042245-45,0.9840,0.10,no
2026-10-05T02:41:23.455649Z,KXBTC15M-26OCT042245-45,0.9830,200.00,no
2026-10-05T02:41:23.455649Z,KXBTC15M-26OCT042245-45,0.9840,200.00,no
2026-10-05T02:41:23.455649Z,KXBTC15M-26OCT042245-45,0.9830,228.00,no
2026-10-05T02:41:23.455649Z,KXBTC15M-26OCT042245-45,0.9840,288.83,no
2026-10-05T02:41:23.496825Z,KXBTC15M-26OCT042245-45,0.9830,15.00,no
2026-10-05T02:41:23.51981Z,KXBTC15M-26OCT042245-45,0.9840,1.54,yes
2026-10-05T02:41:23.57786Z,KXBTC15M-26OCT042245-45,0.9830,3.67,no
2026-10-05T02:41:23.664301Z,KXBTC15M-26OCT042245-45,0.9840,7.46,yes
2026-10-05T02:41:23.693254Z,KXBTC15M-26OCT042245-45,0.9830,0.01,no
2026-10-05T02:41:23.693254Z,KXBTC15M-26OCT042245-45,0.9830,3.65,no
2026-10-05T02:41:23.693254Z,KXBTC15M-26OCT042245-45,0.9830,0.01,no
2026-10-05T02:41:23.747966Z,KXBTC15M-26OCT042245-45,0.9840,70.57,yes
2026-10-05T02:41:23.763213Z,KXBTC15M-26OCT042245-45,0.9830,3.67,no
2026-10-05T02:41:23.839269Z,KXBTC15M-26OCT042245-45,0.9840,0.01,yes
2026-10-05T02:41:23.839269Z,KXBTC15M-26OCT042245-45,0.9840,70.43,yes
2026-10-05T02:41:23.839269Z,KXBTC15M-26OCT042245-45,0.9840,0.01,yes
2026-10-05T02:41:23.839269Z,KXBTC15M-26OCT042245-45,0.9840,166.51,yes
2026-10-05T02:41:23.839269Z,KXBTC15M-26OCT042245-45,0.9840,17.00,yes
2026-10-05T02:41:23.839269Z,KXBTC15M-26OCT042245-45,0.9840,100.00,yes
2026-10-05T02:41:23.839269Z,KXBTC15M-26OCT042245-45,0.9840,0.10,yes
2026-10-05T02:41:23.843315Z,KXBTC15M-26OCT042245-45,0.9830,3.67,no
2026-10-05T02:41:23.86573Z,KXBTC15M-26OCT042245-45,0.9830,2.01,no
2026-10-05T02:41:23.86573Z,KXBTC15M-26OCT042245-45,0.9830,2.11,no
2026-10-05T02:41:23.918644Z,KXBTC15M-26OCT042245-45,0.9830,3.67,no
2026-10-05T02:41:23.946653Z,KXBTC15M-26OCT042245-45,0.9840,0.01,yes
2026-10-05T02:41:23.946653Z,KXBTC15M-26OCT042245-45,0.9840,1.00,yes
2026-10-05T02:41:23.969629Z,KXBTC15M-26OCT042245-45,0.9830,275.18,no
2026-10-05T02:41:23.997287Z,KXBTC15M-26OCT042245-45,0.9840,0.01,yes
2026-10-05T02:41:23.997287Z,KXBTC15M-26OCT042245-45,0.9840,0.01,yes
2026-10-05T02:41:23.997287Z,KXBTC15M-26OCT042245-45,0.9840,149.00,yes
2026-10-05T02:41:24.025044Z,KXBTC15M-26OCT042245-45,0.9840,3.67,no
2026-10-05T02:41:24.029611Z,KXBTC15M-26OCT042245-45,0.9850,99.00,yes
2026-10-05T02:41:24.033609Z,KXBTC15M-26OCT042245-45,0.9850,0.02,yes
2026-10-05T02:41:24.036089Z,KXBTC15M-26OCT042245-45,0.9850,0.01,yes
2026-10-05T02:41:24.036089Z,KXBTC15M-26OCT042245-45,0.9850,1.00,yes
2026-10-05T02:41:24.036089Z,KXBTC15M-26OCT042245-45,0.9850,400.98,yes
2026-10-05T02:41:24.040538Z,KXBTC15M-26OCT042245-45,0.9870,123.55,yes
2026-10-05T02:41:24.040538Z,KXBTC15M-26OCT042245-45,0.9850,0.01,yes
2026-10-05T02:41:24.040538Z,KXBTC15M-26OCT042245-45,0.9870,10.00,yes
2026-10-05T02:41:24.106595Z,KXBTC15M-26OCT042245-45,0.9850,2.00,no
2026-10-05T02:41:24.106595Z,KXBTC15M-26OCT042245-45,0.9850,0.01,no
2026-10-05T02:41:24.106595Z,KXBTC15M-26OCT042245-45,0.9860,0.01,no
2026-10-05T02:41:24.106595Z,KXBTC15M-26OCT042245-45,0.9850,26.68,no
2026-10-05T02:41:24.106595Z,KXBTC15M-26OCT042245-45,0.9860,0.01,no
2026-10-05T02:41:24.106595Z,KXBTC15M-26OCT042245-45,0.9850,0.01,no
2026-10-05T02:41:24.107236Z,KXBTC15M-26OCT042245-45,0.9870,11.00,yes
2026-10-05T02:41:24.107236Z,KXBTC15M-26OCT042245-45,0.9870,88.98,yes
2026-10-05T02:41:24.107236Z,KXBTC15M-26OCT042245-45,0.9870,0.01,yes
2026-10-05T02:41:24.107236Z,KXBTC15M-26OCT042245-45,0.9870,0.01,yes
2026-10-05T02:41:24.1277Z,KXBTC15M-26OCT042245-45,0.9860,1.07,no
2026-10-05T02:41:24.1277Z,KXBTC15M-26OCT042245-45,0.9860,12.82,no
2026-10-05T02:41:24.1277Z,KXBTC15M-26OCT042245-45,0.9860,0.01,no
2026-10-05T02:41:24.1277Z,KXBTC15M-26OCT042245-45,0.9860,0.01,no
2026-10-05T02:41:24.1277Z,KXBTC15M-26OCT042245-45,0.9860,1.09,no
2026-10-05T02:41:24.150537Z,KXBTC15M-26OCT042245-45,0.9870,0.01,yes
2026-10-05T02:41:24.150537Z,KXBTC15M-26OCT042245-45,0.9870,0.01,yes
2026-10-05T02:41:24.196862Z,KXBTC15M-26OCT042245-45,0.9870,15.00,no
2026-10-05T02:41:24.258979Z,KXBTC15M-26OCT042245-45,0.9870,2.00,no
2026-10-05T02:41:24.295515Z,KXBTC15M-26OCT042245-45,0.9890,134.02,yes
2026-10-05T02:41:24.295515Z,KXBTC15M-26OCT042245-45,0.9880,0.01,yes
2026-10-05T02:41:24.295515Z,KXBTC15M-26OCT042245-45,0.9880,150.00,yes
2026-10-05T02:41:24.295515Z,KXBTC15M-26OCT042245-45,0.9880,12.00,yes
2026-10-05T02:41:24.295515Z,KXBTC15M-26OCT042245-45,0.9880,0.01,yes
2026-10-05T02:41:24.346764Z,KXBTC15M-26OCT042245-45,0.9870,3.95,no
2026-10-05T02:41:24.34955Z,KXBTC15M-26OCT042245-45,0.9890,10.83,yes
2026-10-05T02:41:24.34955Z,KXBTC15M-26OCT042245-45,0.9880,0.01,yes
2026-10-05T02:41:24.34955Z,KXBTC15M-26OCT042245-45,0.9880,12.00,yes
2026-10-05T02:41:24.34955Z,KXBTC15M-26OCT042245-45,0.9880,0.01,yes
2026-10-05T02:41:24.357492Z,KXBTC15M-26OCT042245-45,0.9890,2.47,yes
2026-10-05T02:41:24.371695Z,KXBTC15M-26OCT042245-45,0.9890,37.75,yes
2026-10-05T02:41:24.398299Z,KXBTC15M-26OCT042245-45,0.9880,0.01,no
2026-10-05T02:41:24.398299Z,KXBTC15M-26OCT042245-45,0.9880,0.01,no
2026-10-05T02:41:24.398299Z,KXBTC15M-26OCT042245-45,0.9880,35.98,no
2026-10-05T02:41:24.48548Z,KXBTC15M-26OCT042245-45,0.9880,1.04,no
2026-10-05T02:41:24.49547Z,KXBTC15M-26OCT042245-45,0.9890,48.05,yes
2026-10-05T02:41:24.640355Z,KXBTC15M-26OCT042245-45,0.9890,1.00,yes
2026-10-05T02:41:24.640355Z,KXBTC15M-26OCT042245-45,0.9890,512.00,yes
2026-10-05T02:41:24.640355Z,KXBTC15M-26OCT042245-45,0.9890,150.00,yes
2026-10-05T02:41:24.640355Z,KXBTC15M-26OCT042245-45,0.9890,18.18,yes
2026-10-05T02:41:24.640355Z,KXBTC15M-26OCT042245-45,0.9890,512.00,yes
2026-10-05T02:41:24.640355Z,KXBTC15M-26OCT042245-45,0.9890,1578.60,yes
2026-10-05T02:41:24.640355Z,KXBTC15M-26OCT042245-45,0.9890,512.00,yes
2026-10-05T02:41:24.640355Z,KXBTC15M-26OCT042245-45,0.9890,20.44,yes
2026-10-05T02:41:24.703086Z,KXBTC15M-26OCT042245-45,0.9890,20.20,yes
2026-10-05T02:41:24.781562Z,KXBTC15M-26OCT042245-45,0.9890,2.02,yes
2026-10-05T02:41:24.813241Z,KXBTC15M-26OCT042245-45,0.9890,56.73,yes
2026-10-05T02:41:24.826042Z,KXBTC15M-26OCT042245-45,0.9890,1.59,yes
2026-10-05T02:41:24.886611Z,KXBTC15M-26OCT042245-45,0.9880,306.08,no
2026-10-05T02:41:24.886611Z,KXBTC15M-26OCT042245-45,0.9880,0.01,no
2026-10-05T02:41:24.886611Z,KXBTC15M-26OCT042245-45,0.9880,100.00,no
2026-10-05T02:41:24.886611Z,KXBTC15M-26OCT042245-45,0.9880,20.44,no
2026-10-05T02:41:24.886611Z,KXBTC15M-26OCT042245-45,0.9880,500.00,no
2026-10-05T02:41:24.886611Z,KXBTC15M-26OCT042245-45,0.9880,0.01,no
2026-10-05T02:41:24.886611Z,KXBTC15M-26OCT042245-45,0.9880,200.00,no
2026-10-05T02:41:24.886611Z,KXBTC15M-26OCT042245-45,0.9880,398.96,no
2026-10-05T02:41:24.886611Z,KXBTC15M-26OCT042245-45,0.9880,150.00,no
2026-10-05T02:41:24.886611Z,KXBTC15M-26OCT042245-45,0.9880,1.00,no
2026-10-05T02:41:25.013565Z,KXBTC15M-26OCT042245-45,0.9880,2.00,no
2026-10-05T02:41:25.057083Z,KXBTC15M-26OCT042245-45,0.9880,185.00,no
2026-10-05T02:41:25.06337Z,KXBTC15M-26OCT042245-45,0.9890,4.04,yes
2026-10-05T02:41:25.067881Z,KXBTC15M-26OCT042245-45,0.9880,500.00,no
2026-10-05T02:41:25.067881Z,KXBTC15M-26OCT042245-45,0.9880,327.59,no
2026-10-05T02:41:25.067881Z,KXBTC15M-26OCT042245-45,0.9880,512.00,no
2026-10-05T02:41:25.067881Z,KXBTC15M-26OCT042245-45,0.9880,512.00,no
2026-10-05T02:41:25.067881Z,KXBTC15M-26OCT042245-45,0.9880,18.92,no
2026-10-05T02:41:25.067881Z,KXBTC15M-26OCT042245-45,0.9880,20.20,no
2026-10-05T02:41:25.129489Z,KXBTC15M-26OCT042245-45,0.9880,17.08,no
2026-10-05T02:41:25.129489Z,KXBTC15M-26OCT042245-45,0.9880,2.02,no
2026-10-05T02:41:25.22242Z,KXBTC15M-26OCT042245-45,0.9880,39.65,no
2026-10-05T02:41:25.22242Z,KXBTC15M-26OCT042245-45,0.9880,0.01,no
2026-10-05T02:41:25.22242Z,KXBTC15M-26OCT042245-45,0.9880,1.59,no
2026-10-05T02:41:25.22242Z,KXBTC15M-26OCT042245-45,0.9880,151.28,no
2026-10-05T02:41:25.22242Z,KXBTC15M-26OCT042245-45,0.9880,100.00,no
2026-10-05T02:41:25.22242Z,KXBTC15M-26OCT042245-45,0.9880,0.01,no
2026-10-05T02:41:25.225313Z,KXBTC15M-26OCT042245-45,0.9880,1.00,no
2026-10-05T02:41:25.329463Z,KXBTC15M-26OCT042245-45,0.9890,1.99,yes
2026-10-05T02:41:25.391761Z,KXBTC15M-26OCT042245-45,0.9880,4.04,no
2026-10-05T02:41:25.391761Z,KXBTC15M-26OCT042245-45,0.9880,15.00,no
2026-10-05T02:41:25.391761Z,KXBTC15M-26OCT042245-45,0.9880,96.65,no
2026-10-05T02:41:25.460955Z,KXBTC15M-26OCT042245-45,0.9890,11.02,yes
2026-10-05T02:41:25.486427Z,KXBTC15M-26OCT042245-45,0.9900,24.01,yes
2026-10-05T02:41:25.486427Z,KXBTC15M-26OCT042245-45,0.9900,260.00,yes
2026-10-05T02:41:25.486427Z,KXBTC15M-26OCT042245-45,0.9900,327.00,yes
2026-10-05T02:41:25.486427Z,KXBTC15M-26OCT042245-45,0.9900,20.00,yes
2026-10-05T02:41:25.486427Z,KXBTC15M-26OCT042245-45,0.9900,512.00,yes
2026-10-05T02:41:25.486427Z,KXBTC15M-26OCT042245-45,0.9900,6.00,yes
2026-10-05T02:41:25.486427Z,KXBTC15M-26OCT042245-45,0.9900,512.00,yes
2026-10-05T02:41:25.486427Z,KXBTC15M-26OCT042245-45,0.9900,1200.00,yes
2026-10-05T02:41:25.486427Z,KXBTC15M-26OCT042245-45,0.9900,512.00,yes
2026-10-05T02:41:25.486427Z,KXBTC15M-26OCT042245-45,0.9890,233.97,yes
2026-10-05T02:41:25.486427Z,KXBTC15M-26OCT042245-45,0.9890,1.00,yes
2026-10-05T02:41:25.486427Z,KXBTC15M-26OCT042245-45,0.9890,1.00,yes
2026-10-05T02:41:25.486427Z,KXBTC15M-26OCT042245-45,0.9890,2.00,yes
2026-10-05T02:41:25.486427Z,KXBTC15M-26OCT042245-45,0.9890,2.00,yes
2026-10-05T02:41:25.486427Z,KXBTC15M-26OCT042245-45,0.9890,10.00,yes
2026-10-05T02:41:25.486427Z,KXBTC15M-26OCT042245-45,0.9890,100.00,yes
2026-10-05T02:41:25.486427Z,KXBTC15M-26OCT042245-45,0.9890,20.00,yes
2026-10-05T02:41:25.486427Z,KXBTC15M-26OCT042245-45,0.9890,1.00,yes
2026-10-05T02:41:25.486427Z,KXBTC15M-26OCT042245-45,0.9890,51.00,yes
2026-10-05T02:41:25.486427Z,KXBTC15M-26OCT042245-45,0.9890,4.00,yes
2026-10-05T02:41:25.486427Z,KXBTC15M-26OCT042245-45,0.9890,15.00,yes
2026-10-05T02:41:25.486427Z,KXBTC15M-26OCT042245-45,0.9890,800.00,yes
2026-10-05T02:41:25.486427Z,KXBTC15M-26OCT042245-45,0.9890,0.01,yes
2026-10-05T02:41:25.486427Z,KXBTC15M-26OCT042245-45,0.9890,0.01,yes
2026-10-05T02:41:25.486427Z,KXBTC15M-26OCT042245-45,0.9890,998.00,yes
2026-10-05T02:41:25.486427Z,KXBTC15M-26OCT042245-45,0.9890,1.00,yes
2026-10-05T02:41:25.486427Z,KXBTC15M-26OCT042245-45,0.9890,12.00,yes
2026-10-05T02:41:25.598518Z,KXBTC15M-26OCT042245-45,0.9900,5.00,yes
2026-10-05T02:41:25.606878Z,KXBTC15M-26OCT042245-45,0.9890,51.99,no
2026-10-05T02:41:25.606878Z,KXBTC15M-26OCT042245-45,0.9890,24.01,no
2026-10-05T02:41:25.609108Z,KXBTC15M-26OCT042245-45,0.9890,155.89,no
2026-10-05T02:41:25.647589Z,KXBTC15M-26OCT042245-45,0.9890,15.59,no
2026-10-05T02:41:25.690077Z,KXBTC15M-26OCT042245-45,0.9890,76.00,no
2026-10-05T02:41:25.704943Z,KXBTC15M-26OCT042245-45,0.9900,6.67,yes
2026-10-05T02:41:25.733195Z,KXBTC15M-26OCT042245-45,0.9890,1.00,no
2026-10-05T02:41:25.733195Z,KXBTC15M-26OCT042245-45,0.9890,6.67,no
2026-10-05T02:41:25.733195Z,KXBTC15M-26OCT042245-45,0.9890,0.01,no
2026-10-05T02:41:25.733195Z,KXBTC15M-26OCT042245-45,0.9890,5.00,no
2026-10-05T02:41:25.733195Z,KXBTC15M-26OCT042245-45,0.9890,388.41,no
2026-10-05T02:41:25.733195Z,KXBTC15M-26OCT042245-45,0.9890,15.00,no
2026-10-05T02:41:25.733195Z,KXBTC15M-26OCT042245-45,0.9890,0.01,no
2026-10-05T02:41:25.733195Z,KXBTC15M-26OCT042245-45,0.9890,119.91,no
2026-10-05T02:41:25.733195Z,KXBTC15M-26OCT042245-45,0.9890,15.00,no
2026-10-05T02:41:25.86148Z,KXBTC15M-26OCT042245-45,0.9890,0.01,no
2026-10-05T02:41:25.86148Z,KXBTC15M-26OCT042245-45,0.9890,0.01,no
2026-10-05T02:41:25.86148Z,KXBTC15M-26OCT042245-45,0.9880,123.00,no
2026-10-05T02:41:25.86148Z,KXBTC15M-26OCT042245-45,0.9880,512.00,no
2026-10-05T02:41:25.86148Z,KXBTC15M-26OCT042245-45,0.9880,702.00,no
2026-10-05T02:41:25.86148Z,KXBTC15M-26OCT042245-45,0.9880,512.00,no
2026-10-05T02:41:25.86148Z,KXBTC15M-26OCT042245-45,0.9880,11.02,no
2026-10-05T02:41:25.86148Z,KXBTC15M-26OCT042245-45,0.9880,1.99,no
2026-10-05T02:41:25.86148Z,KXBTC15M-26OCT042245-45,0.9880,233.97,no
2026-10-05T02:41:25.956285Z,KXBTC15M-26OCT042245-45,0.9900,8.10,yes
2026-10-05T02:41:25.972847Z,KXBTC15M-26OCT042245-45,0.9890,0.01,no
2026-10-05T02:41:25.972847Z,KXBTC15M-26OCT042245-45,0.9890,19.47,no
2026-10-05T02:41:25.972847Z,KXBTC15M-26OCT042245-45,0.9890,0.01,no
2026-10-05T02:41:26.088426Z,KXBTC15M-26OCT042245-45,0.9890,38.43,no
2026-10-05T02:41:26.202117Z,KXBTC15M-26OCT042245-45,0.9890,400.00,no
2026-10-05T02:41:26.202117Z,KXBTC15M-26OCT042245-45,0.9890,0.01,no
2026-10-05T02:41:26.202117Z,KXBTC15M-26OCT042245-45,0.9890,0.01,no
2026-10-05T02:41:26.202117Z,KXBTC15M-26OCT042245-45,0.9890,1.00,no
2026-10-05T02:41:26.202117Z,KXBTC15M-26OCT042245-45,0.9890,8.10,no
2026-10-05T02:41:26.202117Z,KXBTC15M-26OCT042245-45,0.9880,157.44,no
2026-10-05T02:41:26.202117Z,KXBTC15M-26OCT042245-45,0.9890,42.10,no
2026-10-05T02:41:26.202117Z,KXBTC15M-26OCT042245-45,0.9890,15.00,no
2026-10-05T02:41:26.255746Z,KXBTC15M-26OCT042245-45,0.9900,1.15,yes
2026-10-05T02:41:26.25801Z,KXBTC15M-26OCT042245-45,0.9890,0.01,no
2026-10-05T02:41:26.25801Z,KXBTC15M-26OCT042245-45,0.9890,85.00,no
2026-10-05T02:41:26.25801Z,KXBTC15M-26OCT042245-45,0.9890,0.01,no
2026-10-05T02:41:26.264324Z,KXBTC15M-26OCT042245-45,0.9900,105.07,yes
2026-10-05T02:41:26.264324Z,KXBTC15M-26OCT042245-45,0.9900,73.00,yes
2026-10-05T02:41:26.264324Z,KXBTC15M-26OCT042245-45,0.9900,352.00,yes
2026-10-05T02:41:26.264324Z,KXBTC15M-26OCT042245-45,0.9900,60.00,yes
2026-10-05T02:41:26.264324Z,KXBTC15M-26OCT042245-45,0.9900,75.00,yes
2026-10-05T02:41:26.264324Z,KXBTC15M-26OCT042245-45,0.9900,100.00,yes
2026-10-05T02:41:26.264324Z,KXBTC15M-26OCT042245-45,0.9900,1.00,yes
2026-10-05T02:41:26.264324Z,KXBTC15M-26OCT042245-45,0.9900,2.18,yes
2026-10-05T02:41:26.264324Z,KXBTC15M-26OCT042245-45,0.9900,43.73,yes
2026-10-05T02:41:26.264324Z,KXBTC15M-26OCT042245-45,0.9900,111.81,yes
2026-10-05T02:41:26.264324Z,KXBTC15M-26OCT042245-45,0.9900,17.89,yes
2026-10-05T02:41:26.264324Z,KXBTC15M-26OCT042245-45,0.9900,18.30,yes
2026-10-05T02:41:26.264324Z,KXBTC15M-26OCT042245-45,0.9900,0.17,yes
2026-10-05T02:41:26.264324Z,KXBTC15M-26OCT042245-45,0.9900,6.70,yes
2026-10-05T02:41:26.264324Z,KXBTC15M-26OCT042245-45,0.9900,9.74,yes
2026-10-05T02:41:26.264324Z,KXBTC15M-26OCT042245-45,0.9900,32.80,yes
2026-10-05T02:41:26.34648Z,KXBTC15M-26OCT042245-45,0.9900,44.93,yes
2026-10-05T02:41:26.34648Z,KXBTC15M-26OCT042245-45,0.9900,13.77,yes
2026-10-05T02:41:26.396094Z,KXBTC15M-26OCT042245-45,0.9900,6.23,yes
2026-10-05T02:41:26.396094Z,KXBTC15M-26OCT042245-45,0.9900,35.13,yes
2026-10-05T02:41:26.396094Z,KXBTC15M-26OCT042245-45,0.9900,11.71,yes
2026-10-05T02:41:26.396094Z,KXBTC15M-26OCT042245-45,0.9900,3.00,yes
2026-10-05T02:41:26.396094Z,KXBTC15M-26OCT042245-45,0.9900,7.02,yes
2026-10-05T02:41:26.396094Z,KXBTC15M-26OCT042245-45,0.9900,2.28,yes
2026-10-05T02:41:26.396094Z,KXBTC15M-26OCT042245-45,0.9900,106.22,yes
2026-10-05T02:41:26.420713Z,KXBTC15M-26OCT042245-45,0.9890,244.91,no
2026-10-05T02:41:26.420713Z,KXBTC15M-26OCT042245-45,0.9890,15.00,no
2026-10-05T02:41:26.577636Z,KXBTC15M-26OCT042245-45,0.9900,1.51,yes
2026-10-05T02:41:26.582604Z,KXBTC15M-26OCT042245-45,0.9890,20.00,no
2026-10-05T02:41:26.607644Z,KXBTC15M-26OCT042245-45,0.9890,51.98,no
2026-10-05T02:41:26.620049Z,KXBTC15M-26OCT042245-45,0.9890,23.80,no
2026-10-05T02:41:26.624842Z,KXBTC15M-26OCT042245-45,0.9900,1.00,yes
2026-10-05T02:41:26.663226Z,KXBTC15M-26OCT042245-45,0.9900,33.30,yes
2026-10-05T02:41:26.780099Z,KXBTC15M-26OCT042245-45,0.9890,59.31,no
2026-10-05T02:41:26.780099Z,KXBTC15M-26OCT042245-45,0.9890,15.00,no
2026-10-05T02:41:26.780099Z,KXBTC15M-26OCT042245-45,0.9890,1.00,no
2026-10-05T02:41:26.780099Z,KXBTC15M-26OCT042245-45,0.9890,8.54,no
2026-10-05T02:41:26.780099Z,KXBTC15M-26OCT042245-45,0.9890,0.01,no
2026-10-05T02:41:26.780099Z,KXBTC15M-26OCT042245-45,0.9890,1.15,no
2026-10-05T02:41:26.780099Z,KXBTC15M-26OCT042245-45,0.9890,0.01,no
2026-10-05T02:41:26.791855Z,KXBTC15M-26OCT042245-45,0.9890,5.08,no
2026-10-05T02:41:26.808923Z,KXBTC15M-26OCT042245-45,0.9890,0.01,no
2026-10-05T02:41:26.808923Z,KXBTC15M-26OCT042245-45,0.9890,75.00,no
2026-10-05T02:41:26.808923Z,KXBTC15M-26OCT042245-45,0.9890,183.39,no
2026-10-05T02:41:26.808923Z,KXBTC15M-26OCT042245-45,0.9890,100.00,no
2026-10-05T02:41:26.808923Z,KXBTC15M-26OCT042245-45,0.9890,105.07,no
2026-10-05T02:41:26.808923Z,KXBTC15M-26OCT042245-45,0.9890,1.00,no
2026-10-05T02:41:26.808923Z,KXBTC15M-26OCT042245-45,0.9890,15.00,no
2026-10-05T02:41:26.808923Z,KXBTC15M-26OCT042245-45,0.9890,0.01,no
2026-10-05T02:41:26.808923Z,KXBTC15M-26OCT042245-45,0.9890,338.38,no
2026-10-05T02:41:26.878425Z,KXBTC15M-26OCT042245-45,0.9890,0.01,no
2026-10-05T02:41:26.878425Z,KXBTC15M-26OCT042245-45,0.9890,46.52,no
2026-10-05T02:41:26.878425Z,KXBTC15M-26OCT042245-45,0.9890,0.01,no
2026-10-05T02:41:26.878425Z,KXBTC15M-26OCT042245-45,0.9890,15.00,no
2026-10-05T02:41:26.878425Z,KXBTC15M-26OCT042245-45,0.9890,100.00,no
2026-10-05T02:41:26.886666Z,KXBTC15M-26OCT042245-45,0.9890,0.72,no
2026-10-05T02:41:26.892461Z,KXBTC15M-26OCT042245-45,0.9900,1.00,yes
2026-10-05T02:41:26.904346Z,KXBTC15M-26OCT042245-45,0.9890,0.01,no
2026-10-05T02:41:26.904346Z,KXBTC15M-26OCT042245-45,0.9890,0.01,no
2026-10-05T02:41:26.904346Z,KXBTC15M-26OCT042245-45,0.9890,36.98,no
2026-10-05T02:41:26.987563Z,KXBTC15M-26OCT042245-45,0.9900,85.77,yes
2026-10-05T02:41:26.987563Z,KXBTC15M-26OCT042245-45,0.9900,60.12,yes
2026-10-05T02:41:26.987563Z,KXBTC15M-26OCT042245-45,0.9900,70.47,yes
2026-10-05T02:41:26.987563Z,KXBTC15M-26OCT042245-45,0.9900,10.97,yes
2026-10-05T02:41:26.987563Z,KXBTC15M-26OCT042245-45,0.9900,157.24,yes
2026-10-05T02:41:27.01875Z,KXBTC15M-26OCT042245-45,0.9880,86.67,no
2026-10-05T02:41:27.01875Z,KXBTC15M-26OCT042245-45,0.9890,0.01,no
2026-10-05T02:41:27.01875Z,KXBTC15M-26OCT042245-45,0.9890,15.00,no
2026-10-05T02:41:27.01875Z,KXBTC15M-26OCT042245-45,0.9890,0.01,no
2026-10-05T02:41:27.138824Z,KXBTC15M-26OCT042245-45,0.9890,0.01,no
2026-10-05T02:41:27.138824Z,KXBTC15M-26OCT042245-45,0.9890,5.16,no
2026-10-05T02:41:27.138824Z,KXBTC15M-26OCT042245-45,0.9890,0.01,no
2026-10-05T02:41:27.161026Z,KXBTC15M-26OCT042245-45,0.9890,56.80,no
2026-10-05T02:41:27.161026Z,KXBTC15M-26OCT042245-45,0.9890,9.84,no
2026-10-05T02:41:27.161026Z,KXBTC15M-26OCT042245-45,0.9890,100.00,no
2026-10-05T02:41:27.261727Z,KXBTC15M-26OCT042245-45,0.9900,26.76,yes
2026-10-05T02:41:27.303956Z,KXBTC15M-26OCT042245-45,0.9890,100.00,no
2026-10-05T02:41:27.303956Z,KXBTC15M-26OCT042245-45,0.9890,0.01,no
2026-10-05T02:41:27.303956Z,KXBTC15M-26OCT042245-45,0.9890,0.01,no
2026-10-05T02:41:27.303956Z,KXBTC15M-26OCT042245-45,0.9890,149.94,no
2026-10-05T02:41:27.376088Z,KXBTC15M-26OCT042245-45,0.9890,0.01,no
2026-10-05T02:41:27.376088Z,KXBTC15M-26OCT042245-45,0.9890,0.01,no
2026-10-05T02:41:27.376088Z,KXBTC15M-26OCT042245-45,0.9890,4.49,no
2026-10-05T02:41:27.425871Z,KXBTC15M-26OCT042245-45,0.9890,0.01,no
2026-10-05T02:41:27.425871Z,KXBTC15M-26OCT042245-45,0.9890,0.01,no
2026-10-05T02:41:27.425871Z,KXBTC15M-26OCT042245-45,0.9890,94.99,no
2026-10-05T02:41:27.428917Z,KXBTC15M-26OCT042245-45,0.9900,5.04,yes
2026-10-05T02:41:27.45439Z,KXBTC15M-26OCT042245-45,0.9890,3.96,no
2026-10-05T02:41:27.483973Z,KXBTC15M-26OCT042245-45,0.9890,42.51,no
2026-10-05T02:41:27.484704Z,KXBTC15M-26OCT042245-45,0.9890,166.64,no
2026-10-05T02:41:27.658137Z,KXBTC15M-26OCT042245-45,0.9890,0.01,no
2026-10-05T02:41:27.658137Z,KXBTC15M-26OCT042245-45,0.9890,85.00,no
2026-10-05T02:41:27.658137Z,KXBTC15M-26OCT042245-45,0.9890,0.01,no
2026-10-05T02:41:27.666255Z,KXBTC15M-26OCT042245-45,0.9900,9.59,yes
2026-10-05T02:41:27.694232Z,KXBTC15M-26OCT042245-45,0.9890,4.16,no
2026-10-05T02:41:27.724393Z,KXBTC15M-26OCT042245-45,0.9900,18.59,yes
2026-10-05T02:41:27.724393Z,KXBTC15M-26OCT042245-45,0.9900,7.64,yes
2026-10-05T02:41:27.753036Z,KXBTC15M-26OCT042245-45,0.9900,0.06,yes
2026-10-05T02:41:27.753036Z,KXBTC15M-26OCT042245-45,0.9900,2.96,yes
2026-10-05T02:41:27.765266Z,KXBTC15M-26OCT042245-45,0.9890,14.99,no
2026-10-05T02:41:27.765266Z,KXBTC15M-26OCT042245-45,0.9890,10.84,no
2026-10-05T02:41:27.769392Z,KXBTC15M-26OCT042245-45,0.9890,59.87,no
2026-10-05T02:41:27.796022Z,KXBTC15M-26OCT042245-45,0.9900,47.47,yes
2026-10-05T02:41:27.796022Z,KXBTC15M-26OCT042245-45,0.9900,92.48,yes
2026-10-05T02:41:27.796022Z,KXBTC15M-26OCT042245-45,0.9900,16.42,yes
2026-10-05T02:41:27.796022Z,KXBTC15M-26OCT042245-45,0.9900,11.86,yes
2026-10-05T02:41:27.796022Z,KXBTC15M-26OCT042245-45,0.9900,3.95,yes
2026-10-05T02:41:27.796022Z,KXBTC15M-26OCT042245-45,0.9900,76.00,yes
2026-10-05T02:41:27.796022Z,KXBTC15M-26OCT042245-45,0.9900,21.55,yes
2026-10-05T02:41:27.796022Z,KXBTC15M-26OCT042245-45,0.9900,4.31,yes
2026-10-05T02:41:27.796022Z,KXBTC15M-26OCT042245-45,0.9900,79.12,yes
2026-10-05T02:41:27.796022Z,KXBTC15M-26OCT042245-45,0.9900,39.91,yes
2026-10-05T02:41:27.796022Z,KXBTC15M-26OCT042245-45,0.9900,45.12,yes
2026-10-05T02:41:27.796022Z,KXBTC15M-26OCT042245-45,0.9900,158.24,yes
2026-10-05T02:41:27.796022Z,KXBTC15M-26OCT042245-45,0.9900,7.85,yes
2026-10-05T02:41:27.822996Z,KXBTC15M-26OCT042245-45,0.9900,9.66,yes
2026-10-05T02:41:27.822996Z,KXBTC15M-26OCT042245-45,0.9900,11.99,yes
2026-10-05T02:41:27.822996Z,KXBTC15M-26OCT042245-45,0.9900,94.69,yes
2026-10-05T02:41:27.822996Z,KXBTC15M-26OCT042245-45,0.9900,40.22,yes
2026-10-05T02:41:27.822996Z,KXBTC15M-26OCT042245-45,0.9900,20.62,yes
2026-10-05T02:41:27.822996Z,KXBTC15M-26OCT042245-45,0.9900,31.64,yes
2026-10-05T02:41:27.822996Z,KXBTC15M-26OCT042245-45,0.9900,43.52,yes
2026-10-05T02:41:27.831859Z,KXBTC15M-26OCT042245-45,0.9900,2.11,yes
2026-10-05T02:41:27.831859Z,KXBTC15M-26OCT042245-45,0.9900,1.86,yes
2026-10-05T02:41:27.831859Z,KXBTC15M-26OCT042245-45,0.9900,4.00,yes
2026-10-05T02:41:27.836603Z,KXBTC15M-26OCT042245-45,0.9890,0.01,no
2026-10-05T02:41:27.836603Z,KXBTC15M-26OCT042245-45,0.9890,21.05,no
2026-10-05T02:41:27.930067Z,KXBTC15M-26OCT042245-45,0.9890,500.00,yes
2026-10-05T02:41:27.930067Z,KXBTC15M-26OCT042245-45,0.9890,4.00,yes
2026-10-05T02:41:27.930067Z,KXBTC15M-26OCT042245-45,0.9890,0.01,yes
2026-10-05T02:41:27.930067Z,KXBTC15M-26OCT042245-45,0.9890,70.00,yes
2026-10-05T02:41:27.930067Z,KXBTC15M-26OCT042245-45,0.9890,70.00,yes
2026-10-05T02:41:27.930067Z,KXBTC15M-26OCT042245-45,0.9890,0.01,yes
2026-10-05T02:41:27.930067Z,KXBTC15M-26OCT042245-45,0.9890,0.10,yes
2026-10-05T02:41:27.930067Z,KXBTC15M-26OCT042245-45,0.9890,1.00,yes
2026-10-05T02:41:27.930067Z,KXBTC15M-26OCT042245-45,0.9890,12.00,yes
2026-10-05T02:41:27.930067Z,KXBTC15M-26OCT042245-45,0.9890,500.00,yes
2026-10-05T02:41:27.930067Z,KXBTC15M-26OCT042245-45,0.9900,983.89,yes
2026-10-05T02:41:27.930067Z,KXBTC15M-26OCT042245-45,0.9900,342.00,yes
2026-10-05T02:41:27.930067Z,KXBTC15M-26OCT042245-45,0.9900,194.53,yes
2026-10-05T02:41:27.930067Z,KXBTC15M-26OCT042245-45,0.9900,50.00,yes
2026-10-05T02:41:27.930067Z,KXBTC15M-26OCT042245-45,0.9900,1.04,yes
2026-10-05T02:41:27.930067Z,KXBTC15M-26OCT042245-45,0.9900,1.00,yes
2026-10-05T02:41:27.930067Z,KXBTC15M-26OCT042245-45,0.9900,1000.00,yes
2026-10-05T02:41:27.930067Z,KXBTC15M-26OCT042245-45,0.9900,62.49,yes
2026-10-05T02:41:27.930067Z,KXBTC15M-26OCT042245-45,0.9900,1.02,yes
2026-10-05T02:41:27.930067Z,KXBTC15M-26OCT042245-45,0.9900,2075.95,yes
2026-10-05T02:41:27.930067Z,KXBTC15M-26OCT042245-45,0.9900,163.46,yes
2026-10-05T02:41:27.930067Z,KXBTC15M-26OCT042245-45,0.9900,2.00,yes
2026-10-05T02:41:27.930067Z,KXBTC15M-26OCT042245-45,0.9900,200.00,yes
2026-10-05T02:41:27.930067Z,KXBTC15M-26OCT042245-45,0.9900,2.00,yes
2026-10-05T02:41:27.930067Z,KXBTC15M-26OCT042245-45,0.9900,1.00,yes
2026-10-05T02:41:27.930067Z,KXBTC15M-26OCT042245-45,0.9900,1.19,yes
2026-10-05T02:41:27.930067Z,KXBTC15M-26OCT042245-45,0.9900,6.55,yes
2026-10-05T02:41:27.930067Z,KXBTC15M-26OCT042245-45,0.9900,5.70,yes
2026-10-05T02:41:27.930067Z,KXBTC15M-26OCT042245-45,0.9900,1.00,yes
2026-10-05T02:41:27.930067Z,KXBTC15M-26OCT042245-45,0.9900,14.47,yes
2026-10-05T02:41:27.930067Z,KXBTC15M-26OCT042245-45,0.9900,2.25,yes
2026-10-05T02:41:27.930067Z,KXBTC15M-26OCT042245-45,0.9900,10.89,yes
2026-10-05T02:41:27.930067Z,KXBTC15M-26OCT042245-45,0.9900,2.92,yes
2026-10-05T02:41:27.930067Z,KXBTC15M-26OCT042245-45,0.9900,1126.89,yes
2026-10-05T02:41:27.930067Z,KXBTC15M-26OCT042245-45,0.9900,0.22,yes
2026-10-05T02:41:27.930067Z,KXBTC15M-26OCT042245-45,0.9900,240.00,yes
2026-10-05T02:41:27.930067Z,KXBTC15M-26OCT042245-45,0.9900,3.27,yes
2026-10-05T02:41:27.930067Z,KXBTC15M-26OCT042245-45,0.9900,10.93,yes
2026-10-05T02:41:27.930067Z,KXBTC15M-26OCT042245-45,0.9900,5.00,yes
2026-10-05T02:41:27.930067Z,KXBTC15M-26OCT042245-45,0.9900,27.87,yes
2026-10-05T02:41:27.930067Z,KXBTC15M-26OCT042245-45,0.9900,1115.00,yes
2026-10-05T02:41:27.930067Z,KXBTC15M-26OCT042245-45,0.9900,11.90,yes
2026-10-05T02:41:27.930067Z,KXBTC15M-26OCT042245-45,0.9900,47.62,yes
2026-10-05T02:41:27.930067Z,KXBTC15M-26OCT042245-45,0.9900,11.26,yes
2026-10-05T02:41:27.930067Z,KXBTC15M-26OCT042245-45,0.9900,30.81,yes
2026-10-05T02:41:27.930067Z,KXBTC15M-26OCT042245-45,0.9900,30.81,yes
2026-10-05T02:41:27.930067Z,KXBTC15M-26OCT042245-45,0.9900,6.23,yes
2026-10-05T02:41:27.930067Z,KXBTC15M-26OCT042245-45,0.9900,2.02,yes
2026-10-05T02:41:27.930067Z,KXBTC15M-26OCT042245-45,0.9900,2.55,yes
2026-10-05T02:41:27.930067Z,KXBTC15M-26OCT042245-45,0.9900,1.23,yes
2026-10-05T02:41:27.930067Z,KXBTC15M-26OCT042245-45,0.9900,7.42,yes
2026-10-05T02:41:27.930067Z,KXBTC15M-26OCT042245-45,0.9900,2.52,yes
2026-10-05T02:41:27.930067Z,KXBTC15M-26OCT042245-45,0.9900,11.18,yes
2026-10-05T02:41:27.930067Z,KXBTC15M-26OCT042245-45,0.9900,2.05,yes
2026-10-05T02:41:27.930067Z,KXBTC15M-26OCT042245-45,0.9900,10.45,yes
2026-10-05T02:41:27.930067Z,KXBTC15M-26OCT042245-45,0.9900,18.60,yes
2026-10-05T02:41:27.930067Z,KXBTC15M-26OCT042245-45,0.9900,17.03,yes
2026-10-05T02:41:27.930067Z,KXBTC15M-26OCT042245-45,0.9900,8.37,yes
2026-10-05T02:41:27.930067Z,KXBTC15M-26OCT042245-45,0.9900,28.43,yes
2026-10-05T02:41:27.930067Z,KXBTC15M-26OCT042245-45,0.9900,1.86,yes
2026-10-05T02:41:27.930067Z,KXBTC15M-26OCT042245-45,0.9900,20.55,yes
2026-10-05T02:41:28.004876Z,KXBTC15M-26OCT042245-45,0.9880,12.21,no
2026-10-05T02:41:28.055128Z,KXBTC15M-26OCT042245-45,0.9890,499.00,yes
2026-10-05T02:41:28.055128Z,KXBTC15M-26OCT042245-45,0.9890,0.01,yes
2026-10-05T02:41:28.055128Z,KXBTC15M-26OCT042245-45,0.9890,800.00,yes
2026-10-05T02:41:28.055128Z,KXBTC15M-26OCT042245-45,0.9900,15.00,yes
2026-10-05T02:41:28.055128Z,KXBTC15M-26OCT042245-45,0.9890,12.00,yes
2026-10-05T02:41:28.055128Z,KXBTC15M-26OCT042245-45,0.9890,1.00,yes
2026-10-05T02:41:28.055128Z,KXBTC15M-26OCT042245-45,0.9890,0.01,yes
2026-10-05T02:41:28.055128Z,KXBTC15M-26OCT042245-45,0.9890,499.00,yes
2026-10-05T02:41:28.055128Z,KXBTC15M-26OCT042245-45,0.9890,500.00,yes
2026-10-05T02:41:28.055128Z,KXBTC15M-26OCT042245-45,0.9900,297.69,yes
2026-10-05T02:41:28.055128Z,KXBTC15M-26OCT042245-45,0.9900,15.00,yes
2026-10-05T02:41:28.055128Z,KXBTC15M-26OCT042245-45,0.9900,15.00,yes
2026-10-05T02:41:28.055128Z,KXBTC15M-26OCT042245-45,0.9900,82.64,yes
2026-10-05T02:41:28.055128Z,KXBTC15M-26OCT042245-45,0.9900,150.00,yes
2026-10-05T02:41:28.055128Z,KXBTC15M-26OCT042245-45,0.9900,6.00,yes
2026-10-05T02:41:28.055128Z,KXBTC15M-26OCT042245-45,0.9900,15.00,yes
2026-10-05T02:41:28.055128Z,KXBTC15M-26OCT042245-45,0.9900,22.00,yes
2026-10-05T02:41:28.055128Z,KXBTC15M-26OCT042245-45,0.9900,15.00,yes
2026-10-05T02:41:28.055128Z,KXBTC15M-26OCT042245-45,0.9900,15.00,yes
2026-10-05T02:41:28.055128Z,KXBTC15M-26OCT042245-45,0.9900,15.00,yes
2026-10-05T02:41:28.055128Z,KXBTC15M-26OCT042245-45,0.9900,75.00,yes
2026-10-05T02:41:28.055128Z,KXBTC15M-26OCT042245-45,0.9900,15.00,yes
2026-10-05T02:41:28.055128Z,KXBTC15M-26OCT042245-45,0.9900,216.11,yes
2026-10-05T02:41:28.055128Z,KXBTC15M-26OCT042245-45,0.9900,100.00,yes
2026-10-05T02:41:28.111212Z,KXBTC15M-26OCT042245-45,0.9890,85.02,no
2026-10-05T02:41:28.164635Z,KXBTC15M-26OCT042245-45,0.9900,50.00,yes
2026-10-05T02:41:28.164635Z,KXBTC15M-26OCT042245-45,0.9900,0.01,yes
2026-10-05T02:41:28.164635Z,KXBTC15M-26OCT042245-45,0.9900,0.01,yes
2026-10-05T02:41:28.164635Z,KXBTC15M-26OCT042245-45,0.9900,1.00,yes
2026-10-05T02:41:28.164635Z,KXBTC15M-26OCT042245-45,0.9900,279.64,yes
2026-10-05T02:41:28.164635Z,KXBTC15M-26OCT042245-45,0.9900,14.00,yes
2026-10-05T02:41:28.164635Z,KXBTC15M-26OCT042245-45,0.9910,724.81,yes
2026-10-05T02:41:28.164635Z,KXBTC15M-26OCT042245-45,0.9910,120.00,yes
2026-10-05T02:41:28.164635Z,KXBTC15M-26OCT042245-45,0.9910,1.00,yes
2026-10-05T02:41:28.191732Z,KXBTC15M-26OCT042245-45,0.9900,85.02,no
2026-10-05T02:41:28.202808Z,KXBTC15M-26OCT042245-45,0.9900,9.00,no
2026-10-05T02:41:28.202808Z,KXBTC15M-26OCT042245-45,0.9900,161.05,no
2026-10-05T02:41:28.21844Z,KXBTC15M-26OCT042245-45,0.9900,0.01,no
2026-10-05T02:41:28.21844Z,KXBTC15M-26OCT042245-45,0.9900,0.10,no
2026-10-05T02:41:28.21844Z,KXBTC15M-26OCT042245-45,0.9900,33.88,no
2026-10-05T02:41:28.21844Z,KXBTC15M-26OCT042245-45,0.9900,41.00,no
2026-10-05T02:41:28.21844Z,KXBTC15M-26OCT042245-45,0.9900,0.01,no
2026-10-05T02:41:28.23746Z,KXBTC15M-26OCT042245-45,0.9900,15.69,no
2026-10-05T02:41:28.23746Z,KXBTC15M-26OCT042245-45,0.9900,166.12,no
2026-10-05T02:41:28.273216Z,KXBTC15M-26OCT042245-45,0.9900,1.00,no
2026-10-05T02:41:28.273216Z,KXBTC15M-26OCT042245-45,0.9900,120.00,no
2026-10-05T02:41:28.273216Z,KXBTC15M-26OCT042245-45,0.9900,15.00,no
2026-10-05T02:41:28.273216Z,KXBTC15M-26OCT042245-45,0.9900,596.31,no
2026-10-05T02:41:28.273216Z,KXBTC15M-26OCT042245-45,0.9900,0.01,no
2026-10-05T02:41:28.273216Z,KXBTC15M-26OCT042245-45,0.9900,50.00,no
2026-10-05T02:41:28.273216Z,KXBTC15M-26OCT042245-45,0.9900,0.01,no
2026-10-05T02:41:28.273216Z,KXBTC15M-26OCT042245-45,0.9900,276.52,no
2026-10-05T02:41:28.273216Z,KXBTC15M-26OCT042245-45,0.9900,500.00,no
2026-10-05T02:41:28.281178Z,KXBTC15M-26OCT042245-45,0.9900,176.52,no
2026-10-05T02:41:28.281178Z,KXBTC15M-26OCT042245-45,0.9900,223.48,no
2026-10-05T02:41:28.393526Z,KXBTC15M-26OCT042245-45,0.9900,15.00,no
2026-10-05T02:41:28.393526Z,KXBTC15M-26OCT042245-45,0.9900,10.00,no
2026-10-05T02:41:28.406928Z,KXBTC15M-26OCT042245-45,0.9900,41.00,no
2026-10-05T02:41:28.406928Z,KXBTC15M-26OCT042245-45,0.9900,0.01,no
2026-10-05T02:41:28.406928Z,KXBTC15M-26OCT042245-45,0.9900,0.01,no
2026-10-05T02:41:28.406928Z,KXBTC15M-26OCT042245-45,0.9900,35.00,no
2026-10-05T02:41:28.406928Z,KXBTC15M-26OCT042245-45,0.9900,9.00,no
2026-10-05T02:41:28.50378Z,KXBTC15M-26OCT042245-45,0.9900,39.82,no
2026-10-05T02:41:28.50378Z,KXBTC15M-26OCT042245-45,0.9900,6.00,no
2026-10-05T02:41:28.50378Z,KXBTC15M-26OCT042245-45,0.9900,0.10,no
2026-10-05T02:41:28.50378Z,KXBTC15M-26OCT042245-45,0.9900,252.52,no
2026-10-05T02:41:28.567386Z,KXBTC15M-26OCT042245-45,0.9900,43.01,no
2026-10-05T02:41:28.568404Z,KXBTC15M-26OCT042245-45,0.9910,0.01,yes
2026-10-05T02:41:28.568404Z,KXBTC15M-26OCT042245-45,0.9910,69.93,yes
2026-10-05T02:41:28.568404Z,KXBTC15M-26OCT042245-45,0.9910,0.01,yes
2026-10-05T02:41:28.568404Z,KXBTC15M-26OCT042245-45,0.9910,15.00,yes
2026-10-05T02:41:28.582151Z,KXBTC15M-26OCT042245-45,0.9900,0.01,no
2026-10-05T02:41:28.582151Z,KXBTC15M-26OCT042245-45,0.9900,7.78,no
2026-10-05T02:41:28.613479Z,KXBTC15M-26OCT042245-45,0.9910,1.97,yes
2026-10-05T02:41:28.686712Z,KXBTC15M-26OCT042245-45,0.9900,4.15,no
2026-10-05T02:41:28.70115Z,KXBTC15M-26OCT042245-45,0.9910,5.55,yes
2026-10-05T02:41:28.716532Z,KXBTC15M-26OCT042245-45,0.9910,10.08,yes
2026-10-05T02:41:28.774847Z,KXBTC15M-26OCT042245-45,0.9900,1.00,no
2026-10-05T02:41:28.813216Z,KXBTC15M-26OCT042245-45,0.9900,10.00,no
2026-10-05T02:41:28.813216Z,KXBTC15M-26OCT042245-45,0.9900,15.00,no
2026-10-05T02:41:28.813216Z,KXBTC15M-26OCT042245-45,0.9900,0.01,no
2026-10-05T02:41:28.813216Z,KXBTC15M-26OCT042245-45,0.9900,140.00,no
2026-10-05T02:41:28.813216Z,KXBTC15M-26OCT042245-45,0.9900,0.01,no
2026-10-05T02:41:28.813216Z,KXBTC15M-26OCT042245-45,0.9900,20.95,no
2026-10-05T02:41:28.813216Z,KXBTC15M-26OCT042245-45,0.9900,0.01,no
2026-10-05T02:41:28.813216Z,KXBTC15M-26OCT042245-45,0.9890,41.69,no
2026-10-05T02:41:28.904097Z,KXBTC15M-26OCT042245-45,0.9900,0.01,yes
2026-10-05T02:41:28.904097Z,KXBTC15M-26OCT042245-45,0.9910,0.01,yes
2026-10-05T02:41:28.904097Z,KXBTC15M-26OCT042245-45,0.9910,0.01,yes
2026-10-05T02:41:28.904097Z,KXBTC15M-26OCT042245-45,0.9900,0.10,yes
2026-10-05T02:41:28.904097Z,KXBTC15M-26OCT042245-45,0.9910,15.00,yes
2026-10-05T02:41:28.904097Z,KXBTC15M-26OCT042245-45,0.9900,234.00,yes
2026-10-05T02:41:28.904097Z,KXBTC15M-26OCT042245-45,0.9900,50.00,yes
2026-10-05T02:41:28.904097Z,KXBTC15M-26OCT042245-45,0.9900,500.00,yes
2026-10-05T02:41:28.904097Z,KXBTC15M-26OCT042245-45,0.9900,500.00,yes
2026-10-05T02:41:28.904097Z,KXBTC15M-26OCT042245-45,0.9900,154.32,yes
2026-10-05T02:41:28.904097Z,KXBTC15M-26OCT042245-45,0.9920,11.00,yes
2026-10-05T02:41:28.904097Z,KXBTC15M-26OCT042245-45,0.9910,15.00,yes
2026-10-05T02:41:28.904097Z,KXBTC15M-26OCT042245-45,0.9900,1.00,yes
2026-10-05T02:41:28.904097Z,KXBTC15M-26OCT042245-45,0.9920,665.35,yes
2026-10-05T02:41:28.904097Z,KXBTC15M-26OCT042245-45,0.9900,0.01,yes
2026-10-05T02:41:28.904097Z,KXBTC15M-26OCT042245-45,0.9910,62.47,yes
2026-10-05T02:41:28.904097Z,KXBTC15M-26OCT042245-45,0.9910,146.35,yes
2026-10-05T02:41:28.904097Z,KXBTC15M-26OCT042245-45,0.9900,1098.00,yes
2026-10-05T02:41:28.904097Z,KXBTC15M-26OCT042245-45,0.9910,1000.00,yes
2026-10-05T02:41:28.904097Z,KXBTC15M-26OCT042245-45,0.9920,10.00,yes
2026-10-05T02:41:28.904097Z,KXBTC15M-26OCT042245-45,0.9920,2.00,yes
2026-10-05T02:41:28.904097Z,KXBTC15M-26OCT042245-45,0.9930,176.82,yes
2026-10-05T02:41:28.904097Z,KXBTC15M-26OCT042245-45,0.9930,1280.00,yes
2026-10-05T02:41:28.904097Z,KXBTC15M-26OCT042245-45,0.9920,120.00,yes
2026-10-05T02:41:28.904097Z,KXBTC15M-26OCT042245-45,0.9920,1.00,yes
2026-10-05T02:41:28.97801Z,KXBTC15M-26OCT042245-45,0.9920,4.93,yes
2026-10-05T02:41:28.998151Z,KXBTC15M-26OCT042245-45,0.9910,78.51,no
2026-10-05T02:41:28.998151Z,KXBTC15M-26OCT042245-45,0.9910,15.00,no
2026-10-05T02:41:29.059064Z,KXBTC15M-26OCT042245-45,0.9910,37.10,no
2026-10-05T02:41:29.248072Z,KXBTC15M-26OCT042245-45,0.9910,176.82,no
2026-10-05T02:41:29.248072Z,KXBTC15M-26OCT042245-45,0.9910,4.39,no
2026-10-05T02:41:29.248072Z,KXBTC15M-26OCT042245-45,0.9910,5.82,no
2026-10-05T02:41:29.274685Z,KXBTC15M-26OCT042245-45,0.9910,212.56,no
2026-10-05T02:41:29.280281Z,KXBTC15M-26OCT042245-45,0.9910,203.46,no
2026-10-05T02:41:29.282009Z,KXBTC15M-26OCT042245-45,0.9910,42.51,no
2026-10-05T02:41:29.287484Z,KXBTC15M-26OCT042245-45,0.9910,500.00,no
2026-10-05T02:41:29.287484Z,KXBTC15M-26OCT042245-45,0.9880,46.45,no
2026-10-05T02:41:29.287484Z,KXBTC15M-26OCT042245-45,0.9910,315.65,no
2026-10-05T02:41:29.287484Z,KXBTC15M-26OCT042245-45,0.9910,150.00,no
2026-10-05T02:41:29.287484Z,KXBTC15M-26OCT042245-45,0.9890,1280.00,no
2026-10-05T02:41:29.287484Z,KXBTC15M-26OCT042245-45,0.9910,1.00,no
2026-10-05T02:41:29.287484Z,KXBTC15M-26OCT042245-45,0.9900,50.00,no
2026-10-05T02:41:29.287484Z,KXBTC15M-26OCT042245-45,0.9910,500.00,no
2026-10-05T02:41:29.287484Z,KXBTC15M-26OCT042245-45,0.9900,5.00,no
2026-10-05T02:41:29.287484Z,KXBTC15M-26OCT042245-45,0.9900,1000.00,no
2026-10-05T02:41:29.287484Z,KXBTC15M-26OCT042245-45,0.9910,15.00,no
2026-10-05T02:41:29.287484Z,KXBTC15M-26OCT042245-45,0.9910,0.01,no
2026-10-05T02:41:29.287484Z,KXBTC15M-26OCT042245-45,0.9890,15.00,no
2026-10-05T02:41:29.287484Z,KXBTC15M-26OCT042245-45,0.9910,0.01,no
2026-10-05T02:41:29.287484Z,KXBTC15M-26OCT042245-45,0.9880,132.68,no
2026-10-05T02:41:29.287484Z,KXBTC15M-26OCT042245-45,0.9880,6.00,no
2026-10-05T02:41:29.294723Z,KXBTC15M-26OCT042245-45,0.9920,12.07,yes
2026-10-05T02:41:29.294723Z,KXBTC15M-26OCT042245-45,0.9920,11.00,yes
2026-10-05T02:41:29.294723Z,KXBTC15M-26OCT042245-45,0.9920,0.01,yes
2026-10-05T02:41:29.294723Z,KXBTC15M-26OCT042245-45,0.9920,83.41,yes
2026-10-05T02:41:29.294723Z,KXBTC15M-26OCT042245-45,0.9920,0.01,yes
2026-10-05T02:41:29.30502Z,KXBTC15M-26OCT042245-45,0.9910,15.00,no
2026-10-05T02:41:29.375108Z,KXBTC15M-26OCT042245-45,0.9920,6.73,yes
2026-10-05T02:41:29.384085Z,KXBTC15M-26OCT042245-45,0.9920,0.50,yes
2026-10-05T02:41:29.403941Z,KXBTC15M-26OCT042245-45,0.9920,21.82,yes
2026-10-05T02:41:29.403941Z,KXBTC15M-26OCT042245-45,0.9920,9.36,yes
2026-10-05T02:41:29.437333Z,KXBTC15M-26OCT042245-45,0.9910,0.01,no
2026-10-05T02:41:29.437333Z,KXBTC15M-26OCT042245-45,0.9910,0.01,no
2026-10-05T02:41:29.437333Z,KXBTC15M-26OCT042245-45,0.9910,4.23,no
2026-10-05T02:41:29.496084Z,KXBTC15M-26OCT042245-45,0.9920,41.25,yes
2026-10-05T02:41:29.514513Z,KXBTC15M-26OCT042245-45,0.9910,15.00,no
2026-10-05T02:41:29.514513Z,KXBTC15M-26OCT042245-45,0.9900,24.21,no
2026-10-05T02:41:29.514513Z,KXBTC15M-26OCT042245-45,0.9910,0.01,no
2026-10-05T02:41:29.514513Z,KXBTC15M-26OCT042245-45,0.9910,0.01,no
2026-10-05T02:41:29.514513Z,KXBTC15M-26OCT042245-45,0.9910,10.77,no
2026-10-05T02:41:29.527413Z,KXBTC15M-26OCT042245-45,0.9920,4.83,yes
2026-10-05T02:41:29.527413Z,KXBTC15M-26OCT042245-45,0.9910,0.10,yes
2026-10-05T02:41:29.650898Z,KXBTC15M-26OCT042245-45,0.9900,114.75,no
2026-10-05T02:41:29.710529Z,KXBTC15M-26OCT042245-45,0.9900,0.16,no
2026-10-05T02:41:29.714581Z,KXBTC15M-26OCT042245-45,0.9900,10.25,no
2026-10-05T02:41:29.761736Z,KXBTC15M-26OCT042245-45,0.9910,35.29,yes
2026-10-05T02:41:29.769833Z,KXBTC15M-26OCT042245-45,0.9910,3.02,yes
2026-10-05T02:41:29.784102Z,KXBTC15M-26OCT042245-45,0.9910,10.07,yes
2026-10-05T02:41:29.784438Z,KXBTC15M-26OCT042245-45,0.9870,10.00,no
2026-10-05T02:41:29.784438Z,KXBTC15M-26OCT042245-45,0.9880,28.55,no
2026-10-05T02:41:29.784438Z,KXBTC15M-26OCT042245-45,0.9860,18.90,no
2026-10-05T02:41:29.784438Z,KXBTC15M-26OCT042245-45,0.9900,74.84,no
2026-10-05T02:41:29.784438Z,KXBTC15M-26OCT042245-45,0.9890,200.00,no
2026-10-05T02:41:29.784438Z,KXBTC15M-26OCT042245-45,0.9890,15.00,no
2026-10-05T02:41:29.784438Z,KXBTC15M-26OCT042245-45,0.9880,186.00,no
2026-10-05T02:41:29.784438Z,KXBTC15M-26OCT042245-45,0.9900,15.00,no
2026-10-05T02:41:29.784438Z,KXBTC15M-26OCT042245-45,0.9890,621.00,no
2026-10-05T02:41:29.784438Z,KXBTC15M-26OCT042245-45,0.9890,1.00,no
2026-10-05T02:41:29.784438Z,KXBTC15M-26OCT042245-45,0.9900,0.01,no
2026-10-05T02:41:29.784438Z,KXBTC15M-26OCT042245-45,0.9900,60.00,no
2026-10-05T02:41:29.784438Z,KXBTC15M-26OCT042245-45,0.9900,0.01,no
2026-10-05T02:41:29.784438Z,KXBTC15M-26OCT042245-45,0.9870,15.00,no
2026-10-05T02:41:29.784438Z,KXBTC15M-26OCT042245-45,0.9870,14.00,no
2026-10-05T02:41:29.784438Z,KXBTC15M-26OCT042245-45,0.9880,116.00,no
2026-10-05T02:41:29.784438Z,KXBTC15M-26OCT042245-45,0.9870,362.00,no
2026-10-05T02:41:29.784438Z,KXBTC15M-26OCT042245-45,0.9870,212.00,no
2026-10-05T02:41:29.784438Z,KXBTC15M-26OCT042245-45,0.9860,1.00,no
2026-10-05T02:41:29.784438Z,KXBTC15M-26OCT042245-45,0.9880,10.00,no
2026-10-05T02:41:29.784438Z,KXBTC15M-26OCT042245-45,0.9860,10.00,no
2026-10-05T02:41:29.799706Z,KXBTC15M-26OCT042245-45,0.9870,3.07,no
2026-10-05T02:41:29.799706Z,KXBTC15M-26OCT042245-45,0.9870,1.07,no
2026-10-05T02:41:29.821812Z,KXBTC15M-26OCT042245-45,0.9880,2.05,no
2026-10-05T02:41:29.91858Z,KXBTC15M-26OCT042245-45,0.9890,0.01,yes
2026-10-05T02:41:29.91858Z,KXBTC15M-26OCT042245-45,0.9890,204.17,yes
2026-10-05T02:41:29.91858Z,KXBTC15M-26OCT042245-45,0.9890,500.00,yes
2026-10-05T02:41:29.91858Z,KXBTC15M-26OCT042245-45,0.9890,0.01,yes
2026-10-05T02:41:29.91858Z,KXBTC15M-26OCT042245-45,0.9890,499.00,yes
2026-10-05T02:41:29.985177Z,KXBTC15M-26OCT042245-45,0.9880,15.00,no
2026-10-05T02:41:29.985177Z,KXBTC15M-26OCT042245-45,0.9880,62.45,no
2026-10-05T02:41:29.985177Z,KXBTC15M-26OCT042245-45,0.9880,100.00,no
2026-10-05T02:41:30.045831Z,KXBTC15M-26OCT042245-45,0.9880,118.51,no
2026-10-05T02:41:30.073561Z,KXBTC15M-26OCT042245-45,0.9900,9.19,yes
2026-10-05T02:41:30.073561Z,KXBTC15M-26OCT042245-45,0.9890,1.00,yes
2026-10-05T02:41:30.073561Z,KXBTC15M-26OCT042245-45,0.9890,0.01,yes
2026-10-05T02:41:30.073561Z,KXBTC15M-26OCT042245-45,0.9890,0.01,yes
2026-10-05T02:41:30.073561Z,KXBTC15M-26OCT042245-45,0.9890,15.00,yes
2026-10-05T02:41:30.150608Z,KXBTC15M-26OCT042245-45,0.9900,40.81,yes
2026-10-05T02:41:30.150608Z,KXBTC15M-26OCT042245-45,0.9900,709.19,yes
2026-10-05T02:41:30.175189Z,KXBTC15M-26OCT042245-45,0.9900,1.00,yes
2026-10-05T02:41:30.182464Z,KXBTC15M-26OCT042245-45,0.9900,14.00,yes
2026-10-05T02:41:30.182464Z,KXBTC15M-26OCT042245-45,0.9900,89.81,yes
2026-10-05T02:41:30.182464Z,KXBTC15M-26OCT042245-45,0.9900,0.01,yes
2026-10-05T02:41:30.182464Z,KXBTC15M-26OCT042245-45,0.9900,174.18,yes
2026-10-05T02:41:30.182464Z,KXBTC15M-26OCT042245-45,0.9900,1.00,yes
2026-10-05T02:41:30.182464Z,KXBTC15M-26OCT042245-45,0.9900,15.00,yes
2026-10-05T02:41:30.182464Z,KXBTC15M-26OCT042245-45,0.9900,0.01,yes
2026-10-05T02:41:30.182464Z,KXBTC15M-26OCT042245-45,0.9900,455.99,yes
2026-10-05T02:41:30.219632Z,KXBTC15M-26OCT042245-45,0.9900,44.01,yes
2026-10-05T02:41:30.219632Z,KXBTC15M-26OCT042245-45,0.9900,14.00,yes
2026-10-05T02:41:30.219632Z,KXBTC15M-26OCT042245-45,0.9900,641.99,yes
2026-10-05T02:41:30.219632Z,KXBTC15M-26OCT042245-45,0.9900,50.00,yes
2026-10-05T02:41:30.255685Z,KXBTC15M-26OCT042245-45,0.9900,0.01,yes
2026-10-05T02:41:30.255685Z,KXBTC15M-26OCT042245-45,0.9900,526.97,yes
2026-10-05T02:41:30.255685Z,KXBTC15M-26OCT042245-45,0.9900,50.00,yes
2026-10-05T02:41:30.255685Z,KXBTC15M-26OCT042245-45,0.9900,15.00,yes
2026-10-05T02:41:30.255685Z,KXBTC15M-26OCT042245-45,0.9900,158.01,yes
2026-10-05T02:41:30.255685Z,KXBTC15M-26OCT042245-45,0.9900,0.01,yes
2026-10-05T02:41:30.288985Z,KXBTC15M-26OCT042245-45,0.9900,15.00,yes
2026-10-05T02:41:30.288985Z,KXBTC15M-26OCT042245-45,0.9900,0.01,yes
2026-10-05T02:41:30.288985Z,KXBTC15M-26OCT042245-45,0.9900,0.01,yes
2026-10-05T02:41:30.288985Z,KXBTC15M-26OCT042245-45,0.9900,50.00,yes
2026-10-05T02:41:30.288985Z,KXBTC15M-26OCT042245-45,0.9900,14.00,yes
2026-10-05T02:41:30.394214Z,KXBTC15M-26OCT042245-45,0.9900,77.94,no
2026-10-05T02:41:30.451257Z,KXBTC15M-26OCT042245-45,0.9910,0.27,yes
2026-10-05T02:41:30.474903Z,KXBTC15M-26OCT042245-45,0.9900,156.85,no
2026-10-05T02:41:30.538611Z,KXBTC15M-26OCT042245-45,0.9900,27.48,no
2026-10-05T02:41:30.649409Z,KXBTC15M-26OCT042245-45,0.9900,714.60,no
2026-10-05T02:41:30.649409Z,KXBTC15M-26OCT042245-45,0.9900,408.71,no
2026-10-05T02:41:30.738435Z,KXBTC15M-26OCT042245-45,0.9910,6.31,yes
2026-10-05T02:41:30.751268Z,KXBTC15M-26OCT042245-45,0.9900,4.67,no
2026-10-05T02:41:30.901681Z,KXBTC15M-26OCT042245-45,0.9900,208.25,no
2026-10-05T02:41:30.901681Z,KXBTC15M-26OCT042245-45,0.9900,1.00,no
2026-10-05T02:41:30.901681Z,KXBTC15M-26OCT042245-45,0.9900,0.01,no
2026-10-05T02:41:30.901681Z,KXBTC15M-26OCT042245-45,0.9900,280.73,no
2026-10-05T02:41:30.901681Z,KXBTC15M-26OCT042245-45,0.9900,0.01,no
2026-10-05T02:41:30.901681Z,KXBTC15M-26OCT042245-45,0.9900,50.00,no
2026-10-05T02:41:30.904916Z,KXBTC15M-26OCT042245-45,0.9900,85.02,no
2026-10-05T02:41:30.918294Z,KXBTC15M-26OCT042245-45,0.9900,206.73,no
2026-10-05T02:41:30.918294Z,KXBTC15M-26OCT042245-45,0.9900,343.63,no
2026-10-05T02:41:30.944264Z,KXBTC15M-26OCT042245-45,0.9900,4.67,no
2026-10-05T02:41:30.978073Z,KXBTC15M-26OCT042245-45,0.9910,89.19,yes
2026-10-05T02:41:31.01169Z,KXBTC15M-26OCT042245-45,0.9910,15.00,yes
2026-10-05T02:41:31.01169Z,KXBTC15M-26OCT042245-45,0.9910,15.00,yes
2026-10-05T02:41:31.01169Z,KXBTC15M-26OCT042245-45,0.9910,5.85,yes
2026-10-05T02:41:31.01169Z,KXBTC15M-26OCT042245-45,0.9910,15.00,yes
2026-10-05T02:41:31.01169Z,KXBTC15M-26OCT042245-45,0.9910,87.72,yes
2026-10-05T02:41:31.01169Z,KXBTC15M-26OCT042245-45,0.9910,0.01,yes
2026-10-05T02:41:31.01169Z,KXBTC15M-26OCT042245-45,0.9910,0.01,yes
2026-10-05T02:41:31.087452Z,KXBTC15M-26OCT042245-45,0.9900,25.57,no
2026-10-05T02:41:31.119886Z,KXBTC15M-26OCT042245-45,0.9910,29.89,yes
2026-10-05T02:41:31.119886Z,KXBTC15M-26OCT042245-45,0.9910,51.63,yes
2026-10-05T02:41:31.119886Z,KXBTC15M-26OCT042245-45,0.9910,100.00,yes
2026-10-05T02:41:31.20306Z,KXBTC15M-26OCT042245-45,0.9900,126.13,no
2026-10-05T02:41:31.20306Z,KXBTC15M-26OCT042245-45,0.9900,341.46,no
2026-10-05T02:41:31.251092Z,KXBTC15M-26OCT042245-45,0.9900,93.51,no
2026-10-05T02:41:31.25109Z,KXBTC15M-26OCT042245-45,0.9910,8.21,yes
2026-10-05T02:41:31.253114Z,KXBTC15M-26OCT042245-45,0.9910,39.24,yes
2026-10-05T02:41:31.257215Z,KXBTC15M-26OCT042245-45,0.9900,93.51,no
2026-10-05T02:41:31.266038Z,KXBTC15M-26OCT042245-45,0.9900,15.00,no
2026-10-05T02:41:31.266038Z,KXBTC15M-26OCT042245-45,0.9890,15.00,no
2026-10-05T02:41:31.266038Z,KXBTC15M-26OCT042245-45,0.9890,15.00,no
2026-10-05T02:41:31.266038Z,KXBTC15M-26OCT042245-45,0.9900,0.01,no
2026-10-05T02:41:31.266038Z,KXBTC15M-26OCT042245-45,0.9890,126.49,no
2026-10-05T02:41:31.266038Z,KXBTC15M-26OCT042245-45,0.9890,15.00,no
2026-10-05T02:41:31.266038Z,KXBTC15M-26OCT042245-45,0.9900,50.00,no
2026-10-05T02:41:31.266038Z,KXBTC15M-26OCT042245-45,0.9900,312.98,no
2026-10-05T02:41:31.266038Z,KXBTC15M-26OCT042245-45,0.9900,1.00,no
2026-10-05T02:41:31.266038Z,KXBTC15M-26OCT042245-45,0.9900,0.01,no
2026-10-05T02:41:31.392746Z,KXBTC15M-26OCT042245-45,0.9900,500.00,no
2026-10-05T02:41:31.392746Z,KXBTC15M-26OCT042245-45,0.9900,50.00,no
2026-10-05T02:41:31.392746Z,KXBTC15M-26OCT042245-45,0.9900,0.01,no
2026-10-05T02:41:31.392746Z,KXBTC15M-26OCT042245-45,0.9900,135.97,no
2026-10-05T02:41:31.392746Z,KXBTC15M-26OCT042245-45,0.9900,0.01,no
2026-10-05T02:41:31.392746Z,KXBTC15M-26OCT042245-45,0.9900,15.00,no
2026-10-05T02:41:31.392746Z,KXBTC15M-26OCT042245-45,0.9900,200.00,no
2026-10-05T02:41:31.416599Z,KXBTC15M-26OCT042245-45,0.9900,50.00,no
2026-10-05T02:41:31.416599Z,KXBTC15M-26OCT042245-45,0.9890,26.61,no
2026-10-05T02:41:31.416599Z,KXBTC15M-26OCT042245-45,0.9900,0.01,no
2026-10-05T02:41:31.416599Z,KXBTC15M-26OCT042245-45,0.9900,15.00,no
2026-10-05T02:41:31.416599Z,KXBTC15M-26OCT042245-45,0.9900,0.01,no
2026-10-05T02:41:31.431922Z,KXBTC15M-26OCT042245-45,0.9910,12.82,yes
2026-10-05T02:41:31.451961Z,KXBTC15M-26OCT042245-45,0.9910,88.25,yes
2026-10-05T02:41:31.51008Z,KXBTC15M-26OCT042245-45,0.9910,0.01,yes
2026-10-05T02:41:31.51008Z,KXBTC15M-26OCT042245-45,0.9910,0.66,yes
2026-10-05T02:41:31.51008Z,KXBTC15M-26OCT042245-45,0.9910,0.01,yes
2026-10-05T02:41:31.564912Z,KXBTC15M-26OCT042245-45,0.9910,1.21,yes
2026-10-05T02:41:31.590251Z,KXBTC15M-26OCT042245-45,0.9890,101.50,no
2026-10-05T02:41:31.643999Z,KXBTC15M-26OCT042245-45,0.9910,3.02,yes
2026-10-05T02:41:31.714274Z,KXBTC15M-26OCT042245-45,0.9910,0.01,yes
2026-10-05T02:41:31.714274Z,KXBTC15M-26OCT042245-45,0.9910,2.22,yes
2026-10-05T02:41:31.714274Z,KXBTC15M-26OCT042245-45,0.9910,15.00,yes
2026-10-05T02:41:31.714274Z,KXBTC15M-26OCT042245-45,0.9910,0.01,yes
2026-10-05T02:41:31.714274Z,KXBTC15M-26OCT042245-45,0.9910,15.00,yes
2026-10-05T02:41:31.714274Z,KXBTC15M-26OCT042245-45,0.9910,10.11,yes
2026-10-05T02:41:31.717396Z,KXBTC15M-26OCT042245-45,0.9910,4.00,yes
2026-10-05T02:41:31.761156Z,KXBTC15M-26OCT042245-45,0.9900,437.39,no
2026-10-05T02:41:31.819135Z,KXBTC15M-26OCT042245-45,0.9910,0.01,yes
2026-10-05T02:41:31.819135Z,KXBTC15M-26OCT042245-45,0.9910,0.01,yes
2026-10-05T02:41:31.819135Z,KXBTC15M-26OCT042245-45,0.9920,15.00,yes
2026-10-05T02:41:31.819135Z,KXBTC15M-26OCT042245-45,0.9920,1.73,yes
2026-10-05T02:41:31.846148Z,KXBTC15M-26OCT042245-45,0.9920,0.01,yes
2026-10-05T02:41:31.846148Z,KXBTC15M-26OCT042245-45,0.9920,0.01,yes
2026-10-05T02:41:31.846148Z,KXBTC15M-26OCT042245-45,0.9920,15.00,yes
2026-10-05T02:41:31.846148Z,KXBTC15M-26OCT042245-45,0.9920,15.00,yes
2026-10-05T02:41:31.846148Z,KXBTC15M-26OCT042245-45,0.9920,13.27,yes
2026-10-05T02:41:31.846148Z,KXBTC15M-26OCT042245-45,0.9920,11.00,yes
2026-10-05T02:41:31.846148Z,KXBTC15M-26OCT042245-45,0.9930,439.60,yes
2026-10-05T02:41:31.991422Z,KXBTC15M-26OCT042245-45,0.9920,0.01,yes
2026-10-05T02:41:31.991422Z,KXBTC15M-26OCT042245-45,0.9920,11.00,yes
2026-10-05T02:41:31.991422Z,KXBTC15M-26OCT042245-45,0.9920,0.01,yes
2026-10-05T02:41:31.991422Z,KXBTC15M-26OCT042245-45,0.9930,504.98,yes
2026-10-05T02:41:32.013866Z,KXBTC15M-26OCT042245-45,0.9910,1.04,no
2026-10-05T02:41:32.044138Z,KXBTC15M-26OCT042245-45,0.9910,1.00,no
2026-10-05T02:41:32.062944Z,KXBTC15M-26OCT042245-45,0.9910,67.96,no
2026-10-05T02:41:32.062944Z,KXBTC15M-26OCT042245-45,0.9910,49.07,no
2026-10-05T02:41:32.062944Z,KXBTC15M-26OCT042245-45,0.9910,70.00,no
2026-10-05T02:41:32.064159Z,KXBTC15M-26OCT042245-45,0.9920,0.01,yes
2026-10-05T02:41:32.064159Z,KXBTC15M-26OCT042245-45,0.9920,0.01,yes
2026-10-05T02:41:32.064159Z,KXBTC15M-26OCT042245-45,0.9920,11.00,yes
2026-10-05T02:41:32.064159Z,KXBTC15M-26OCT042245-45,0.9930,23.08,yes
2026-10-05T02:41:32.106977Z,KXBTC15M-26OCT042245-45,0.9920,0.01,yes
2026-10-05T02:41:32.106977Z,KXBTC15M-26OCT042245-45,0.9920,0.01,yes
2026-10-05T02:41:32.106977Z,KXBTC15M-26OCT042245-45,0.9920,11.00,yes
2026-10-05T02:41:32.131125Z,KXBTC15M-26OCT042245-45,0.9920,0.01,no
2026-10-05T02:41:32.131125Z,KXBTC15M-26OCT042245-45,0.9920,0.01,no
2026-10-05T02:41:32.131125Z,KXBTC15M-26OCT042245-45,0.9920,88.51,no
2026-10-05T02:41:32.131125Z,KXBTC15M-26OCT042245-45,0.9920,4.98,no
2026-10-05T02:41:32.181704Z,KXBTC15M-26OCT042245-45,0.9920,4.98,no
2026-10-05T02:41:32.18455Z,KXBTC15M-26OCT042245-45,0.9930,10.51,yes
2026-10-05T02:41:32.201462Z,KXBTC15M-26OCT042245-45,0.9920,1.00,no
2026-10-05T02:41:32.204862Z,KXBTC15M-26OCT042245-45,0.9930,40.00,yes
2026-10-05T02:41:32.228081Z,KXBTC15M-26OCT042245-45,0.9930,82.00,yes
2026-10-05T02:41:32.239621Z,KXBTC15M-26OCT042245-45,0.9930,1032.74,yes
2026-10-05T02:41:32.239621Z,KXBTC15M-26OCT042245-45,0.9930,3.01,yes
2026-10-05T02:41:32.240495Z,KXBTC15M-26OCT042245-45,0.9920,15.00,no
2026-10-05T02:41:32.240495Z,KXBTC15M-26OCT042245-45,0.9920,14.00,no
2026-10-05T02:41:32.240495Z,KXBTC15M-26OCT042245-45,0.9920,64.51,no
2026-10-05T02:41:32.246554Z,KXBTC15M-26OCT042245-45,0.9930,33.00,yes
2026-10-05T02:41:32.256564Z,KXBTC15M-26OCT042245-45,0.9920,36.33,no
2026-10-05T02:41:32.270021Z,KXBTC15M-26OCT042245-45,0.9930,33.00,yes
2026-10-05T02:41:32.282147Z,KXBTC15M-26OCT042245-45,0.9930,24.22,yes
2026-10-05T02:41:32.285733Z,KXBTC15M-26OCT042245-45,0.9930,157.04,yes
2026-10-05T02:41:32.285733Z,KXBTC15M-26OCT042245-45,0.9930,7.96,yes
2026-10-05T02:41:32.299493Z,KXBTC15M-26OCT042245-45,0.9930,66.00,yes
2026-10-05T02:41:32.303625Z,KXBTC15M-26OCT042245-45,0.9930,9.86,yes
2026-10-05T02:41:32.308556Z,KXBTC15M-26OCT042245-45,0.9920,93.51,no
2026-10-05T02:41:32.316242Z,KXBTC15M-26OCT042245-45,0.9930,392.82,yes
2026-10-05T02:41:32.316242Z,KXBTC15M-26OCT042245-45,0.9930,36.18,yes
2026-10-05T02:41:32.33616Z,KXBTC15M-26OCT042245-45,0.9930,31.00,yes
2026-10-05T02:41:32.352975Z,KXBTC15M-26OCT042245-45,0.9930,10.21,yes
2026-10-05T02:41:32.36885Z,KXBTC15M-26OCT042245-45,0.9930,202.79,yes
2026-10-05T02:41:32.386567Z,KXBTC15M-26OCT042245-45,0.9930,4.00,yes
2026-10-05T02:41:32.405908Z,KXBTC15M-26OCT042245-45,0.9930,1.00,yes
2026-10-05T02:41:32.421936Z,KXBTC15M-26OCT042245-45,0.9930,78.00,yes
2026-10-05T02:41:32.439955Z,KXBTC15M-26OCT042245-45,0.9930,33.00,yes
2026-10-05T02:41:32.446801Z,KXBTC15M-26OCT042245-45,0.9920,1.00,no
2026-10-05T02:41:32.446801Z,KXBTC15M-26OCT042245-45,0.9920,200.00,no
2026-10-05T02:41:32.446801Z,KXBTC15M-26OCT042245-45,0.9920,82.00,no
2026-10-05T02:41:32.446801Z,KXBTC15M-26OCT042245-45,0.9920,10.51,no
2026-10-05T02:41:32.446801Z,KXBTC15M-26OCT042245-45,0.9920,40.00,no
2026-10-05T02:41:32.446801Z,KXBTC15M-26OCT042245-45,0.9920,0.01,no
2026-10-05T02:41:32.446801Z,KXBTC15M-26OCT042245-45,0.9920,0.01,no
2026-10-05T02:41:32.446801Z,KXBTC15M-26OCT042245-45,0.9920,151.47,no
2026-10-05T02:41:32.446801Z,KXBTC15M-26OCT042245-45,0.9920,15.00,no
2026-10-05T02:41:32.45653Z,KXBTC15M-26OCT042245-45,0.9930,82.00,yes
2026-10-05T02:41:32.521816Z,KXBTC15M-26OCT042245-45,0.9920,519.52,no
2026-10-05T02:41:32.572693Z,KXBTC15M-26OCT042245-45,0.9920,103.91,no
2026-10-05T02:41:32.633177Z,KXBTC15M-26OCT042245-45,0.9920,33.00,no
2026-10-05T02:41:32.633177Z,KXBTC15M-26OCT042245-45,0.9920,7.96,no
2026-10-05T02:41:32.633177Z,KXBTC15M-26OCT042245-45,0.9920,24.22,no
2026-10-05T02:41:32.633177Z,KXBTC15M-26OCT042245-45,0.9920,257.84,no
2026-10-05T02:41:32.633177Z,KXBTC15M-26OCT042245-45,0.9920,260.60,no
2026-10-05T02:41:32.633177Z,KXBTC15M-26OCT042245-45,0.9920,157.04,no
2026-10-05T02:41:32.633177Z,KXBTC15M-26OCT042245-45,0.9920,9.86,no
2026-10-05T02:41:32.633177Z,KXBTC15M-26OCT042245-45,0.9920,66.00,no
2026-10-05T02:41:32.633177Z,KXBTC15M-26OCT042245-45,0.9920,33.00,no
2026-10-05T02:41:32.633177Z,KXBTC15M-26OCT042245-45,0.9920,3.01,no
2026-10-05T02:41:32.647894Z,KXBTC15M-26OCT042245-45,0.9930,333.00,yes
2026-10-05T02:41:32.679319Z,KXBTC15M-26OCT042245-45,0.9920,36.33,no
2026-10-05T02:41:32.692765Z,KXBTC15M-26OCT042245-45,0.9920,95.89,no
2026-10-05T02:41:32.692765Z,KXBTC15M-26OCT042245-45,0.9920,20.99,no
2026-10-05T02:41:32.724208Z,KXBTC15M-26OCT042245-45,0.9920,10.21,no
2026-10-05T02:41:32.724208Z,KXBTC15M-26OCT042245-45,0.9920,37.11,no
2026-10-05T02:41:32.724208Z,KXBTC15M-26OCT042245-45,0.9920,31.00,no
2026-10-05T02:41:32.724208Z,KXBTC15M-26OCT042245-45,0.9920,15.19,no
2026-10-05T02:41:32.767726Z,KXBTC15M-26OCT042245-45,0.9930,111.99,yes
2026-10-05T02:41:32.769579Z,KXBTC15M-26OCT042245-45,0.9920,58.44,no
2026-10-05T02:41:32.770278Z,KXBTC15M-26OCT042245-45,0.9920,36.33,no
2026-10-05T02:41:32.771986Z,KXBTC15M-26OCT042245-45,0.9920,3.04,no
2026-10-05T02:41:32.784678Z,KXBTC15M-26OCT042245-45,0.9920,2.00,no
2026-10-05T02:41:32.80513Z,KXBTC15M-26OCT042245-45,0.9930,26.43,yes
2026-10-05T02:41:32.80513Z,KXBTC15M-26OCT042245-45,0.9930,0.19,yes
2026-10-05T02:41:32.852434Z,KXBTC15M-26OCT042245-45,0.9920,35.84,no
2026-10-05T02:41:32.863655Z,KXBTC15M-26OCT042245-45,0.9930,2.01,yes
2026-10-05T02:41:32.88871Z,KXBTC15M-26OCT042245-45,0.9930,196.56,yes
2026-10-05T02:41:32.909885Z,KXBTC15M-26OCT042245-45,0.9930,12.78,yes
2026-10-05T02:41:32.924959Z,KXBTC15M-26OCT042245-45,0.9920,1.00,no
2026-10-05T02:41:32.924959Z,KXBTC15M-26OCT042245-45,0.9920,1.30,no
2026-10-05T02:41:32.924959Z,KXBTC15M-26OCT042245-45,0.9920,4.00,no
2026-10-05T02:41:32.924959Z,KXBTC15M-26OCT042245-45,0.9920,30.03,no
2026-10-05T02:41:32.927535Z,KXBTC15M-26OCT042245-45,0.9930,246.25,yes
2026-10-05T02:41:32.97279Z,KXBTC15M-26OCT042245-45,0.9920,1.00,no
2026-10-05T02:41:32.97279Z,KXBTC15M-26OCT042245-45,0.9920,76.70,no
2026-10-05T02:41:32.97279Z,KXBTC15M-26OCT042245-45,0.9920,33.00,no
2026-10-05T02:41:32.97279Z,KXBTC15M-26OCT042245-45,0.9920,0.01,no
2026-10-05T02:41:32.97279Z,KXBTC15M-26OCT042245-45,0.9920,0.01,no
2026-10-05T02:41:32.97279Z,KXBTC15M-26OCT042245-45,0.9920,6.16,no
2026-10-05T02:41:32.990723Z,KXBTC15M-26OCT042245-45,0.9920,27.49,no
2026-10-05T02:41:32.990723Z,KXBTC15M-26OCT042245-45,0.9920,8.84,no
2026-10-05T02:41:32.998279Z,KXBTC15M-26OCT042245-45,0.9920,54.51,no
2026-10-05T02:41:32.998279Z,KXBTC15M-26OCT042245-45,0.9920,50.14,no
2026-10-05T02:41:33.004753Z,KXBTC15M-26OCT042245-45,0.9920,116.88,no
2026-10-05T02:41:33.039467Z,KXBTC15M-26OCT042245-45,0.9920,32.98,no
2026-10-05T02:41:33.039467Z,KXBTC15M-26OCT042245-45,0.9920,83.90,no
2026-10-05T02:41:33.056404Z,KXBTC15M-26OCT042245-45,0.9920,35.84,no
2026-10-05T02:41:33.084661Z,KXBTC15M-26OCT042245-45,0.9920,116.88,no
2026-10-05T02:41:33.202427Z,KXBTC15M-26OCT042245-45,0.9920,116.88,no
2026-10-05T02:41:33.212533Z,KXBTC15M-26OCT042245-45,0.9930,25.16,yes
2026-10-05T02:41:33.220592Z,KXBTC15M-26OCT042245-45,0.9920,29.22,no
2026-10-05T02:41:33.275684Z,KXBTC15M-26OCT042245-45,0.9920,36.33,no
2026-10-05T02:41:33.282668Z,KXBTC15M-26OCT042245-45,0.9930,5.03,yes
2026-10-05T02:41:33.333907Z,KXBTC15M-26OCT042245-45,0.9920,18.19,no
2026-10-05T02:41:33.339049Z,KXBTC15M-26OCT042245-45,0.9930,31.46,yes
2026-10-05T02:41:33.340035Z,KXBTC15M-26OCT042245-45,0.9920,35.84,no
2026-10-05T02:41:33.385013Z,KXBTC15M-26OCT042245-45,0.9930,5.03,yes
2026-10-05T02:41:33.406921Z,KXBTC15M-26OCT042245-45,0.9920,36.33,no
2026-10-05T02:41:33.413847Z,KXBTC15M-26OCT042245-45,0.9920,116.88,no
2026-10-05T02:41:33.439026Z,KXBTC15M-26OCT042245-45,0.9920,0.77,no
2026-10-05T02:41:33.439026Z,KXBTC15M-26OCT042245-45,0.9920,116.11,no
2026-10-05T02:41:33.539537Z,KXBTC15M-26OCT042245-45,0.9920,12.20,no
2026-10-05T02:41:33.539537Z,KXBTC15M-26OCT042245-45,0.9920,216.89,no
2026-10-05T02:41:33.589004Z,KXBTC15M-26OCT042245-45,0.9910,35.34,no
2026-10-05T02:41:33.589004Z,KXBTC15M-26OCT042245-45,0.9920,0.01,no
2026-10-05T02:41:33.589004Z,KXBTC15M-26OCT042245-45,0.9920,0.01,no
2026-10-05T02:41:33.589004Z,KXBTC15M-26OCT042245-45,0.9920,99.79,no
2026-10-05T02:41:33.589004Z,KXBTC15M-26OCT042245-45,0.9920,0.19,no
2026-10-05T02:41:33.589004Z,KXBTC15M-26OCT042245-45,0.9920,1.00,no
2026-10-05T02:41:33.589004Z,KXBTC15M-26OCT042245-45,0.9920,200.00,no
2026-10-05T02:41:33.589004Z,KXBTC15M-26OCT042245-45,0.9920,15.00,no
2026-10-05T02:41:33.635175Z,KXBTC15M-26OCT042245-45,0.9920,0.01,no
2026-10-05T02:41:33.635175Z,KXBTC15M-26OCT042245-45,0.9920,15.00,no
2026-10-05T02:41:33.635175Z,KXBTC15M-26OCT042245-45,0.9920,0.01,no
2026-10-05T02:41:33.670459Z,KXBTC15M-26OCT042245-45,0.9910,85.02,no
2026-10-05T02:41:33.690718Z,KXBTC15M-26OCT042245-45,0.9910,21.31,no
2026-10-05T02:41:33.775824Z,KXBTC15M-26OCT042245-45,0.9920,0.05,yes
2026-10-05T02:41:33.822406Z,KXBTC15M-26OCT042245-45,0.9920,11.00,yes
2026-10-05T02:41:33.822406Z,KXBTC15M-26OCT042245-45,0.9920,0.05,yes
2026-10-05T02:41:33.822406Z,KXBTC15M-26OCT042245-45,0.9920,0.01,yes
2026-10-05T02:41:33.822406Z,KXBTC15M-26OCT042245-45,0.9920,0.01,yes
2026-10-05T02:41:33.822406Z,KXBTC15M-26OCT042245-45,0.9930,49.14,yes
2026-10-05T02:41:33.856231Z,KXBTC15M-26OCT042245-45,0.9920,39.85,no
2026-10-05T02:41:33.856231Z,KXBTC15M-26OCT042245-45,0.9920,0.01,no
2026-10-05T02:41:33.856231Z,KXBTC15M-26OCT042245-45,0.9920,0.01,no
2026-10-05T02:41:33.856231Z,KXBTC15M-26OCT042245-45,0.9920,70.00,no
2026-10-05T02:41:33.87345Z,KXBTC15M-26OCT042245-45,0.9910,43.86,no
2026-10-05T02:41:33.87345Z,KXBTC15M-26OCT042245-45,0.9920,0.01,no
2026-10-05T02:41:33.87345Z,KXBTC15M-26OCT042245-45,0.9920,70.00,no
2026-10-05T02:41:33.87345Z,KXBTC15M-26OCT042245-45,0.9920,15.00,no
2026-10-05T02:41:33.87345Z,KXBTC15M-26OCT042245-45,0.9920,30.15,no
2026-10-05T02:41:33.87345Z,KXBTC15M-26OCT042245-45,0.9920,0.01,no
2026-10-05T02:41:33.87345Z,KXBTC15M-26OCT042245-45,0.9920,70.00,no
2026-10-05T02:41:33.948277Z,KXBTC15M-26OCT042245-45,0.9930,21.30,yes
2026-10-05T02:41:33.981611Z,KXBTC15M-26OCT042245-45,0.9920,0.01,no
2026-10-05T02:41:33.981611Z,KXBTC15M-26OCT042245-45,0.9920,0.01,no
2026-10-05T02:41:33.981611Z,KXBTC15M-26OCT042245-45,0.9920,0.08,no
2026-10-05T02:41:34.056514Z,KXBTC15M-26OCT042245-45,0.9920,7.26,no
2026-10-05T02:41:34.095892Z,KXBTC15M-26OCT042245-45,0.9910,81.76,no
2026-10-05T02:41:34.095892Z,KXBTC15M-26OCT042245-45,0.9910,14.47,no
2026-10-05T02:41:34.095892Z,KXBTC15M-26OCT042245-45,0.9920,0.01,no
2026-10-05T02:41:34.095892Z,KXBTC15M-26OCT042245-45,0.9920,0.01,no
2026-10-05T02:41:34.095892Z,KXBTC15M-26OCT042245-45,0.9920,7.66,no
2026-10-05T02:41:34.101299Z,KXBTC15M-26OCT042245-45,0.9910,10.00,no
2026-10-05T02:41:34.101299Z,KXBTC15M-26OCT042245-45,0.9910,10.00,no
2026-10-05T02:41:34.101299Z,KXBTC15M-26OCT042245-45,0.9910,357.84,no
2026-10-05T02:41:34.101299Z,KXBTC15M-26OCT042245-45,0.9910,169.73,no
2026-10-05T02:41:34.117693Z,KXBTC15M-26OCT042245-45,0.9910,103.53,no
2026-10-05T02:41:34.196928Z,KXBTC15M-26OCT042245-45,0.9920,0.37,yes
2026-10-05T02:41:34.196928Z,KXBTC15M-26OCT042245-45,0.9920,0.01,yes
2026-10-05T02:41:34.196928Z,KXBTC15M-26OCT042245-45,0.9920,0.10,yes
2026-10-05T02:41:34.196928Z,KXBTC15M-26OCT042245-45,0.9920,0.01,yes
2026-10-05T02:41:34.218329Z,KXBTC15M-26OCT042245-45,0.9910,7.26,no
2026-10-05T02:41:34.23741Z,KXBTC15M-26OCT042245-45,0.9910,11.22,no
2026-10-05T02:41:34.237616Z,KXBTC15M-26OCT042245-45,0.9910,103.30,no
2026-10-05T02:41:34.342683Z,KXBTC15M-26OCT042245-45,0.9920,10.63,yes
2026-10-05T02:41:34.342683Z,KXBTC15M-26OCT042245-45,0.9920,23.40,yes
2026-10-05T02:41:34.37325Z,KXBTC15M-26OCT042245-45,0.9920,91.49,yes
2026-10-05T02:41:34.429282Z,KXBTC15M-26OCT042245-45,0.9910,103.22,no
2026-10-05T02:41:34.459046Z,KXBTC15M-26OCT042245-45,0.9910,0.22,no
2026-10-05T02:41:34.663498Z,KXBTC15M-26OCT042245-45,0.9920,0.25,yes
2026-10-05T02:41:34.693653Z,KXBTC15M-26OCT042245-45,0.9920,10.07,yes
2026-10-05T02:41:34.732488Z,KXBTC15M-26OCT042245-45,0.9920,2.52,yes
2026-10-05T02:41:34.821748Z,KXBTC15M-26OCT042245-45,0.9910,6.50,no
2026-10-05T02:41:34.821748Z,KXBTC15M-26OCT042245-45,0.9910,13.45,no
2026-10-05T02:41:34.869469Z,KXBTC15M-26OCT042245-45,0.9910,31.35,no
2026-10-05T02:41:34.869469Z,KXBTC15M-26OCT042245-45,0.9910,9.63,no
2026-10-05T02:41:34.869469Z,KXBTC15M-26OCT042245-45,0.9910,0.01,no
2026-10-05T02:41:34.869469Z,KXBTC15M-26OCT042245-45,0.9910,0.01,no
2026-10-05T02:41:35.010244Z,KXBTC15M-26OCT042245-45,0.9900,15.00,no
2026-10-05T02:41:35.010244Z,KXBTC15M-26OCT042245-45,0.9900,60.00,no
2026-10-05T02:41:35.010244Z,KXBTC15M-26OCT042245-45,0.9900,0.01,no
2026-10-05T02:41:35.010244Z,KXBTC15M-26OCT042245-45,0.9900,0.01,no
2026-10-05T02:41:35.010244Z,KXBTC15M-26OCT042245-45,0.9900,1.00,no
2026-10-05T02:41:35.010244Z,KXBTC15M-26OCT042245-45,0.9890,13.74,no
2026-10-05T02:41:35.052912Z,KXBTC15M-26OCT042245-45,0.9890,59.53,no
2026-10-05T02:41:35.056671Z,KXBTC15M-26OCT042245-45,0.9900,0.10,yes
2026-10-05T02:41:35.056671Z,KXBTC15M-26OCT042245-45,0.9900,0.90,yes
2026-10-05T02:41:35.075351Z,KXBTC15M-26OCT042245-45,0.9900,22.69,yes
2026-10-05T02:41:35.147831Z,KXBTC15M-26OCT042245-45,0.9900,26.41,yes
2026-10-05T02:41:35.147831Z,KXBTC15M-26OCT042245-45,0.9900,0.01,yes
2026-10-05T02:41:35.147831Z,KXBTC15M-26OCT042245-45,0.9900,0.01,yes
2026-10-05T02:41:35.147831Z,KXBTC15M-26OCT042245-45,0.9900,73.57,yes
2026-10-05T02:41:35.169356Z,KXBTC15M-26OCT042245-45,0.9890,6.33,no
2026-10-05T02:41:35.234313Z,KXBTC15M-26OCT042245-45,0.9900,49.98,yes
2026-10-05T02:41:35.234313Z,KXBTC15M-26OCT042245-45,0.9900,0.01,yes
2026-10-05T02:41:35.234313Z,KXBTC15M-26OCT042245-45,0.9900,0.01,yes
2026-10-05T02:41:35.335779Z,KXBTC15M-26OCT042245-45,0.9900,0.02,yes
2026-10-05T02:41:35.335779Z,KXBTC15M-26OCT042245-45,0.9900,0.01,yes
2026-10-05T02:41:35.335779Z,KXBTC15M-26OCT042245-45,0.9900,0.01,yes
2026-10-05T02:41:35.335779Z,KXBTC15M-26OCT042245-45,0.9910,24.68,yes
2026-10-05T02:41:35.365155Z,KXBTC15M-26OCT042245-45,0.9890,400.00,no
2026-10-05T02:41:35.365155Z,KXBTC15M-26OCT042245-45,0.9890,100.00,no
2026-10-05T02:41:35.365155Z,KXBTC15M-26OCT042245-45,0.9890,552.00,no
2026-10-05T02:41:35.365155Z,KXBTC15M-26OCT042245-45,0.9890,100.78,no
2026-10-05T02:41:35.365155Z,KXBTC15M-26OCT042245-45,0.9890,1.00,no
2026-10-05T02:41:35.365155Z,KXBTC15M-26OCT042245-45,0.9890,1.00,no
2026-10-05T02:41:35.365155Z,KXBTC15M-26OCT042245-45,0.9890,200.00,no
2026-10-05T02:41:35.365155Z,KXBTC15M-26OCT042245-45,0.9890,311.67,no
2026-10-05T02:41:35.436184Z,KXBTC15M-26OCT042245-45,0.9900,5.04,yes
2026-10-05T02:41:35.457742Z,KXBTC15M-26OCT042245-45,0.9890,2.90,no
2026-10-05T02:41:35.507063Z,KXBTC15M-26OCT042245-45,0.9890,77.94,no
2026-10-05T02:41:35.516251Z,KXBTC15M-26OCT042245-45,0.9890,0.01,no
2026-10-05T02:41:35.516251Z,KXBTC15M-26OCT042245-45,0.9890,0.01,no
2026-10-05T02:41:35.516251Z,KXBTC15M-26OCT042245-45,0.9890,31.48,no
2026-10-05T02:41:35.520804Z,KXBTC15M-26OCT042245-45,0.9900,4.09,yes
2026-10-05T02:41:35.729082Z,KXBTC15M-26OCT042245-45,0.9890,68.52,no
2026-10-05T02:41:35.729082Z,KXBTC15M-26OCT042245-45,0.9890,1.00,no
2026-10-05T02:41:35.729082Z,KXBTC15M-26OCT042245-45,0.9890,400.00,no
2026-10-05T02:41:35.729082Z,KXBTC15M-26OCT042245-45,0.9890,45.00,no
2026-10-05T02:41:35.729082Z,KXBTC15M-26OCT042245-45,0.9890,0.01,no
2026-10-05T02:41:35.729082Z,KXBTC15M-26OCT042245-45,0.9890,1.00,no
2026-10-05T02:41:35.873479Z,KXBTC15M-26OCT042245-45,0.9890,1.00,yes
2026-10-05T02:41:36.092293Z,KXBTC15M-26OCT042245-45,0.9890,663.70,yes
2026-10-05T02:41:36.092293Z,KXBTC15M-26OCT042245-45,0.9890,0.01,yes
2026-10-05T02:41:36.092293Z,KXBTC15M-26OCT042245-45,0.9890,902.52,yes
2026-10-05T02:41:36.092293Z,KXBTC15M-26OCT042245-45,0.9890,0.10,yes
2026-10-05T02:41:36.092293Z,KXBTC15M-26OCT042245-45,0.9890,0.01,yes
2026-10-05T02:41:36.092293Z,KXBTC15M-26OCT042245-45,0.9890,500.00,yes
2026-10-05T02:41:36.092293Z,KXBTC15M-26OCT042245-45,0.9890,12.00,yes
2026-10-05T02:41:36.111546Z,KXBTC15M-26OCT042245-45,0.9890,0.95,yes
2026-10-05T02:41:36.118215Z,KXBTC15M-26OCT042245-45,0.9890,100.00,yes
2026-10-05T02:41:36.118215Z,KXBTC15M-26OCT042245-45,0.9890,400.00,yes
2026-10-05T02:41:36.118215Z,KXBTC15M-26OCT042245-45,0.9890,14.53,yes
2026-10-05T02:41:36.118215Z,KXBTC15M-26OCT042245-45,0.9890,1.00,yes
2026-10-05T02:41:36.158955Z,KXBTC15M-26OCT042245-45,0.9880,0.37,no
2026-10-05T02:41:36.246444Z,KXBTC15M-26OCT042245-45,0.9900,50.00,yes
2026-10-05T02:41:36.246444Z,KXBTC15M-26OCT042245-45,0.9890,0.01,yes
2026-10-05T02:41:36.246444Z,KXBTC15M-26OCT042245-45,0.9890,0.01,yes
2026-10-05T02:41:36.246444Z,KXBTC15M-26OCT042245-45,0.9900,33.53,yes
2026-10-05T02:41:36.262629Z,KXBTC15M-26OCT042245-45,0.9890,97.48,no
2026-10-05T02:41:36.262629Z,KXBTC15M-26OCT042245-45,0.9890,70.00,no
2026-10-05T02:41:36.262629Z,KXBTC15M-26OCT042245-45,0.9890,0.10,no
2026-10-05T02:41:36.302605Z,KXBTC15M-26OCT042245-45,0.9900,247.30,yes
2026-10-05T02:41:36.359254Z,KXBTC15M-26OCT042245-45,0.9890,0.01,no
2026-10-05T02:41:36.359254Z,KXBTC15M-26OCT042245-45,0.9890,0.01,no
2026-10-05T02:41:36.366792Z,KXBTC15M-26OCT042245-45,0.9910,0.01,yes
2026-10-05T02:41:36.366792Z,KXBTC15M-26OCT042245-45,0.9900,1.00,yes
2026-10-05T02:41:36.366792Z,KXBTC15M-26OCT042245-45,0.9900,200.00,yes
2026-10-05T02:41:36.366792Z,KXBTC15M-26OCT042245-45,0.9910,0.01,yes
2026-10-05T02:41:36.366792Z,KXBTC15M-26OCT042245-45,0.9900,0.01,yes
2026-10-05T02:41:36.366792Z,KXBTC15M-26OCT042245-45,0.9900,500.00,yes
2026-10-05T02:41:36.366792Z,KXBTC15M-26OCT042245-45,0.9900,14.00,yes
2026-10-05T02:41:36.366792Z,KXBTC15M-26OCT042245-45,0.9900,50.00,yes
2026-10-05T02:41:36.366792Z,KXBTC15M-26OCT042245-45,0.9910,2.26,yes
2026-10-05T02:41:36.366792Z,KXBTC15M-26OCT042245-45,0.9900,100.00,yes
2026-10-05T02:41:36.366792Z,KXBTC15M-26OCT042245-45,0.9900,0.01,yes
2026-10-05T02:41:36.366792Z,KXBTC15M-26OCT042245-45,0.9900,252.70,yes
2026-10-05T02:41:36.366792Z,KXBTC15M-26OCT042245-45,0.9910,70.00,yes
2026-10-05T02:41:36.366792Z,KXBTC15M-26OCT042245-45,0.9910,10.00,yes
2026-10-05T02:41:36.527283Z,KXBTC15M-26OCT042245-45,0.9890,0.01,no
2026-10-05T02:41:36.527283Z,KXBTC15M-26OCT042245-45,0.9890,0.01,no
2026-10-05T02:41:36.527283Z,KXBTC15M-26OCT042245-45,0.9880,7.77,no
2026-10-05T02:41:36.553794Z,KXBTC15M-26OCT042245-45,0.9900,0.01,yes
2026-10-05T02:41:36.553794Z,KXBTC15M-26OCT042245-45,0.9900,7.05,yes
2026-10-05T02:41:36.581162Z,KXBTC15M-26OCT042245-45,0.9900,5.04,yes
2026-10-05T02:41:36.622123Z,KXBTC15M-26OCT042245-45,0.9890,0.01,no
2026-10-05T02:41:36.622123Z,KXBTC15M-26OCT042245-45,0.9890,0.01,no
2026-10-05T02:41:36.622123Z,KXBTC15M-26OCT042245-45,0.9890,431.66,no
2026-10-05T02:41:36.651886Z,KXBTC15M-26OCT042245-45,0.9900,11.58,yes
2026-10-05T02:41:36.651886Z,KXBTC15M-26OCT042245-45,0.9900,37.91,yes
2026-10-05T02:41:36.710216Z,KXBTC15M-26OCT042245-45,0.9870,15.00,no
2026-10-05T02:41:36.710216Z,KXBTC15M-26OCT042245-45,0.9890,0.01,no
2026-10-05T02:41:36.710216Z,KXBTC15M-26OCT042245-45,0.9870,46.21,no
2026-10-05T02:41:36.710216Z,KXBTC15M-26OCT042245-45,0.9890,0.01,no
2026-10-05T02:41:36.710216Z,KXBTC15M-26OCT042245-45,0.9880,10.00,no
2026-10-05T02:41:36.74794Z,KXBTC15M-26OCT042245-45,0.9890,0.05,yes
2026-10-05T02:41:36.850807Z,KXBTC15M-26OCT042245-45,0.9880,500.00,no
2026-10-05T02:41:36.850807Z,KXBTC15M-26OCT042245-45,0.9880,100.00,no
2026-10-05T02:41:36.850807Z,KXBTC15M-26OCT042245-45,0.9880,400.00,no
2026-10-05T02:41:36.850807Z,KXBTC15M-26OCT042245-45,0.9880,51.85,no
2026-10-05T02:41:36.850807Z,KXBTC15M-26OCT042245-45,0.9880,15.00,no
2026-10-05T02:41:36.850807Z,KXBTC15M-26OCT042245-45,0.9880,500.00,no
2026-10-05T02:41:36.850807Z,KXBTC15M-26OCT042245-45,0.9880,1.00,no
2026-10-05T02:41:36.850807Z,KXBTC15M-26OCT042245-45,0.9880,248.98,no
2026-10-05T02:41:36.920287Z,KXBTC15M-26OCT042245-45,0.9880,0.01,no
2026-10-05T02:41:36.920287Z,KXBTC15M-26OCT042245-45,0.9880,77.16,no
2026-10-05T02:41:36.920287Z,KXBTC15M-26OCT042245-45,0.9880,0.01,no
2026-10-05T02:41:36.956624Z,KXBTC15M-26OCT042245-45,0.9870,215.13,no
2026-10-05T02:41:37.019446Z,KXBTC15M-26OCT042245-45,0.9870,14.53,no
2026-10-05T02:41:37.115904Z,KXBTC15M-26OCT042245-45,0.9870,142.00,no
2026-10-05T02:41:37.115904Z,KXBTC15M-26OCT042245-45,0.9870,1.00,no
2026-10-05T02:41:37.115904Z,KXBTC15M-26OCT042245-45,0.9870,14.00,no
2026-10-05T02:41:37.115904Z,KXBTC15M-26OCT042245-45,0.9870,200.00,no
2026-10-05T02:41:37.115904Z,KXBTC15M-26OCT042245-45,0.9870,2.00,no
2026-10-05T02:41:37.115904Z,KXBTC15M-26OCT042245-45,0.9870,0.71,no
2026-10-05T02:41:37.122363Z,KXBTC15M-26OCT042245-45,0.9880,0.01,yes
2026-10-05T02:41:37.122363Z,KXBTC15M-26OCT042245-45,0.9880,0.01,yes
2026-10-05T02:41:37.122363Z,KXBTC15M-26OCT042245-45,0.9880,0.10,yes
2026-10-05T02:41:37.122363Z,KXBTC15M-26OCT042245-45,0.9880,92.49,yes
2026-10-05T02:41:37.155786Z,KXBTC15M-26OCT042245-45,0.9880,5.20,yes
2026-10-05T02:41:37.230898Z,KXBTC15M-26OCT042245-45,0.9880,26.71,yes
2026-10-05T02:41:37.301835Z,KXBTC15M-26OCT042245-45,0.9870,14.00,no
2026-10-05T02:41:37.301835Z,KXBTC15M-26OCT042245-45,0.9870,0.01,no
2026-10-05T02:41:37.301835Z,KXBTC15M-26OCT042245-45,0.9870,0.01,no
2026-10-05T02:41:37.301835Z,KXBTC15M-26OCT042245-45,0.9870,94.78,no
2026-10-05T02:41:37.301835Z,KXBTC15M-26OCT042245-45,0.9870,200.00,no
2026-10-05T02:41:37.442416Z,KXBTC15M-26OCT042245-45,0.9880,25.90,yes
2026-10-05T02:41:37.57628Z,KXBTC15M-26OCT042245-45,0.9870,70.95,no
2026-10-05T02:41:37.57628Z,KXBTC15M-26OCT042245-45,0.9870,1.00,no
2026-10-05T02:41:37.649958Z,KXBTC15M-26OCT042245-45,0.9880,42.00,yes
2026-10-05T02:41:37.803181Z,KXBTC15M-26OCT042245-45,0.9870,3.03,no
2026-10-05T02:41:37.860302Z,KXBTC15M-26OCT042245-45,0.9870,143.90,no
2026-10-05T02:41:37.912219Z,KXBTC15M-26OCT042245-45,0.9880,1.01,yes
2026-10-05T02:41:38.013274Z,KXBTC15M-26OCT042245-45,0.9860,195.50,no
2026-10-05T02:41:38.013274Z,KXBTC15M-26OCT042245-45,0.9870,14.00,no
2026-10-05T02:41:38.013274Z,KXBTC15M-26OCT042245-45,0.9870,100.00,no
2026-10-05T02:41:38.013274Z,KXBTC15M-26OCT042245-45,0.9870,12.00,no
2026-10-05T02:41:38.013274Z,KXBTC15M-26OCT042245-45,0.9870,200.00,no
2026-10-05T02:41:38.013274Z,KXBTC15M-26OCT042245-45,0.9870,1.00,no
2026-10-05T02:41:38.013274Z,KXBTC15M-26OCT042245-45,0.9870,182.12,no
2026-10-05T02:41:38.020778Z,KXBTC15M-26OCT042245-45,0.9880,20.22,yes
2026-10-05T02:41:38.067902Z,KXBTC15M-26OCT042245-45,0.9870,17.63,no
2026-10-05T02:41:38.139033Z,KXBTC15M-26OCT042245-45,0.9870,0.70,no
2026-10-05T02:41:38.152286Z,KXBTC15M-26OCT042245-45,0.9870,59.00,no
2026-10-05T02:41:38.174112Z,KXBTC15M-26OCT042245-45,0.9870,41.25,no
2026-10-05T02:41:38.184172Z,KXBTC15M-26OCT042245-45,0.9870,35.97,no
2026-10-05T02:41:38.238647Z,KXBTC15M-26OCT042245-45,0.9870,45.45,no
2026-10-05T02:41:38.238647Z,KXBTC15M-26OCT042245-45,0.9870,26.50,no
2026-10-05T02:41:38.299704Z,KXBTC15M-26OCT042245-45,0.9880,659.05,yes
2026-10-05T02:41:38.366934Z,KXBTC15M-26OCT042245-45,0.9870,265.06,no
2026-10-05T02:41:38.366934Z,KXBTC15M-26OCT042245-45,0.9870,73.50,no
2026-10-05T02:41:38.366934Z,KXBTC15M-26OCT042245-45,0.9870,14.00,no
2026-10-05T02:41:38.377349Z,KXBTC15M-26OCT042245-45,0.9890,2.00,yes
2026-10-05T02:41:38.377349Z,KXBTC15M-26OCT042245-45,0.9880,0.01,yes
2026-10-05T02:41:38.377349Z,KXBTC15M-26OCT042245-45,0.9880,0.01,yes
2026-10-05T02:41:38.388853Z,KXBTC15M-26OCT042245-45,0.9890,2.93,yes
2026-10-05T02:41:38.390594Z,KXBTC15M-26OCT042245-45,0.9890,10.07,yes
2026-10-05T02:41:38.390594Z,KXBTC15M-26OCT042245-45,0.9900,14.93,yes
2026-10-05T02:41:38.390607Z,KXBTC15M-26OCT042245-45,0.9900,12.00,yes
2026-10-05T02:41:38.391313Z,KXBTC15M-26OCT042245-45,0.9890,0.01,yes
2026-10-05T02:41:38.391536Z,KXBTC15M-26OCT042245-45,0.9900,0.02,yes
2026-10-05T02:41:38.391946Z,KXBTC15M-26OCT042245-45,0.9900,23.05,yes
2026-10-05T02:41:38.394727Z,KXBTC15M-26OCT042245-45,0.9910,10.00,yes
2026-10-05T02:41:38.394727Z,KXBTC15M-26OCT042245-45,0.9910,9.81,yes
2026-10-05T02:41:38.433715Z,KXBTC15M-26OCT042245-45,0.9910,0.01,yes
2026-10-05T02:41:38.433715Z,KXBTC15M-26OCT042245-45,0.9910,0.01,yes
2026-10-05T02:41:38.454108Z,KXBTC15M-26OCT042245-45,0.9900,102.25,no
2026-10-05T02:41:38.454108Z,KXBTC15M-26OCT042245-45,0.9900,93.75,no
2026-10-05T02:41:38.454108Z,KXBTC15M-26OCT042245-45,0.9900,50.00,no
2026-10-05T02:41:38.454108Z,KXBTC15M-26OCT042245-45,0.9900,93.75,no
2026-10-05T02:41:38.454108Z,KXBTC15M-26OCT042245-45,0.9900,15.00,no
2026-10-05T02:41:38.454108Z,KXBTC15M-26OCT042245-45,0.9900,0.01,no
2026-10-05T02:41:38.454108Z,KXBTC15M-26OCT042245-45,0.9900,5.00,no
2026-10-05T02:41:38.505026Z,KXBTC15M-26OCT042245-45,0.9900,15.38,no
2026-10-05T02:41:38.507129Z,KXBTC15M-26OCT042245-45,0.9920,0.37,yes
2026-10-05T02:41:38.507129Z,KXBTC15M-26OCT042245-45,0.9920,15.00,yes
2026-10-05T02:41:38.507129Z,KXBTC15M-26OCT042245-45,0.9910,0.01,yes
2026-10-05T02:41:38.507129Z,KXBTC15M-26OCT042245-45,0.9910,0.01,yes
2026-10-05T02:41:38.507129Z,KXBTC15M-26OCT042245-45,0.9920,11.00,yes
2026-10-05T02:41:38.507129Z,KXBTC15M-26OCT042245-45,0.9920,26.22,yes
2026-10-05T02:41:38.519599Z,KXBTC15M-26OCT042245-45,0.9910,10.00,no
2026-10-05T02:41:38.519599Z,KXBTC15M-26OCT042245-45,0.9910,0.10,no
2026-10-05T02:41:38.519599Z,KXBTC15M-26OCT042245-45,0.9900,61.43,no
2026-10-05T02:41:38.523463Z,KXBTC15M-26OCT042245-45,0.9910,0.01,no
2026-10-05T02:41:38.523463Z,KXBTC15M-26OCT042245-45,0.9900,59.73,no
2026-10-05T02:41:38.523463Z,KXBTC15M-26OCT042245-45,0.9900,0.01,no
2026-10-05T02:41:38.523463Z,KXBTC15M-26OCT042245-45,0.9910,0.01,no
2026-10-05T02:41:38.523463Z,KXBTC15M-26OCT042245-45,0.9900,200.00,no
2026-10-05T02:41:38.523463Z,KXBTC15M-26OCT042245-45,0.9910,100.00,no
2026-10-05T02:41:38.631369Z,KXBTC15M-26OCT042245-45,0.9910,0.01,no
2026-10-05T02:41:38.631369Z,KXBTC15M-26OCT042245-45,0.9910,71.93,no
2026-10-05T02:41:38.631369Z,KXBTC15M-26OCT042245-45,0.9910,0.01,no
2026-10-05T02:41:38.638942Z,KXBTC15M-26OCT042245-45,0.9920,0.01,yes
2026-10-05T02:41:38.638942Z,KXBTC15M-26OCT042245-45,0.9920,0.09,yes
2026-10-05T02:41:38.655496Z,KXBTC15M-26OCT042245-45,0.9910,72.35,no
2026-10-05T02:41:38.704459Z,KXBTC15M-26OCT042245-45,0.9910,71.95,no
2026-10-05T02:41:38.761483Z,KXBTC15M-26OCT042245-45,0.9910,500.00,no
2026-10-05T02:41:38.761483Z,KXBTC15M-26OCT042245-45,0.9910,355.70,no
2026-10-05T02:41:38.761483Z,KXBTC15M-26OCT042245-45,0.9910,0.01,no
2026-10-05T02:41:38.761483Z,KXBTC15M-26OCT042245-45,0.9910,0.01,no
2026-10-05T02:41:38.761483Z,KXBTC15M-26OCT042245-45,0.9910,100.00,no
2026-10-05T02:41:38.761483Z,KXBTC15M-26OCT042245-45,0.9910,34.28,no
2026-10-05T02:41:38.761483Z,KXBTC15M-26OCT042245-45,0.9910,10.00,no
2026-10-05T02:41:38.765048Z,KXBTC15M-26OCT042245-45,0.9910,0.02,no
2026-10-05T02:41:38.768083Z,KXBTC15M-26OCT042245-45,0.9910,71.95,no
2026-10-05T02:41:38.773099Z,KXBTC15M-26OCT042245-45,0.9910,0.02,no
2026-10-05T02:41:38.842287Z,KXBTC15M-26OCT042245-45,0.9880,10.00,no
2026-10-05T02:41:38.842287Z,KXBTC15M-26OCT042245-45,0.9870,1.00,no
2026-10-05T02:41:38.842287Z,KXBTC15M-26OCT042245-45,0.9870,98.00,no
2026-10-05T02:41:38.842287Z,KXBTC15M-26OCT042245-45,0.9890,522.00,no
2026-10-05T02:41:38.842287Z,KXBTC15M-26OCT042245-45,0.9870,132.00,no
2026-10-05T02:41:38.842287Z,KXBTC15M-26OCT042245-45,0.9870,14.00,no
2026-10-05T02:41:38.842287Z,KXBTC15M-26OCT042245-45,0.9900,50.00,no
2026-10-05T02:41:38.842287Z,KXBTC15M-26OCT042245-45,0.9880,1.00,no
2026-10-05T02:41:38.842287Z,KXBTC15M-26OCT042245-45,0.9880,97.00,no
2026-10-05T02:41:38.842287Z,KXBTC15M-26OCT042245-45,0.9870,342.00,no
2026-10-05T02:41:38.858306Z,KXBTC15M-26OCT042245-45,0.9870,628.20,no
2026-10-05T02:41:38.858306Z,KXBTC15M-26OCT042245-45,0.9870,14.00,no
2026-10-05T02:41:38.860594Z,KXBTC15M-26OCT042245-45,0.9860,0.02,no
2026-10-05T02:41:38.919302Z,KXBTC15M-26OCT042245-45,0.9860,111.81,no
2026-10-05T02:41:38.927374Z,KXBTC15M-26OCT042245-45,0.9870,0.01,yes
2026-10-05T02:41:38.927374Z,KXBTC15M-26OCT042245-45,0.9870,0.01,yes
2026-10-05T02:41:38.927374Z,KXBTC15M-26OCT042245-45,0.9870,70.00,yes
2026-10-05T02:41:38.927374Z,KXBTC15M-26OCT042245-45,0.9870,363.31,yes
2026-10-05T02:41:38.927374Z,KXBTC15M-26OCT042245-45,0.9870,70.00,yes
2026-10-05T02:41:39.254866Z,KXBTC15M-26OCT042245-45,0.9880,535.89,yes
2026-10-05T02:41:39.254866Z,KXBTC15M-26OCT042245-45,0.9870,0.01,yes
2026-10-05T02:41:39.254866Z,KXBTC15M-26OCT042245-45,0.9870,1.00,yes
2026-10-05T02:41:39.254866Z,KXBTC15M-26OCT042245-45,0.9880,1000.00,yes
2026-10-05T02:41:39.254866Z,KXBTC15M-26OCT042245-45,0.9870,0.01,yes
2026-10-05T02:41:39.254866Z,KXBTC15M-26OCT042245-45,0.9870,480.69,yes
2026-10-05T02:41:39.373312Z,KXBTC15M-26OCT042245-45,0.9870,0.01,yes
2026-10-05T02:41:39.373312Z,KXBTC15M-26OCT042245-45,0.9870,0.01,yes
2026-10-05T02:41:39.373312Z,KXBTC15M-26OCT042245-45,0.9900,1.95,yes
2026-10-05T02:41:39.388021Z,KXBTC15M-26OCT042245-45,0.9880,4.95,yes
2026-10-05T02:41:39.408187Z,KXBTC15M-26OCT042245-45,0.9880,4.94,yes
2026-10-05T02:41:39.456655Z,KXBTC15M-26OCT042245-45,0.9870,70.00,no
2026-10-05T02:41:39.456655Z,KXBTC15M-26OCT042245-45,0.9870,63.63,no
2026-10-05T02:41:39.476268Z,KXBTC15M-26OCT042245-45,0.9880,0.01,yes
2026-10-05T02:41:39.476268Z,KXBTC15M-26OCT042245-45,0.9880,0.01,yes
2026-10-05T02:41:39.476268Z,KXBTC15M-26OCT042245-45,0.9900,9.90,yes
2026-10-05T02:41:39.483942Z,KXBTC15M-26OCT042245-45,0.9880,63.63,no
2026-10-05T02:41:39.483942Z,KXBTC15M-26OCT042245-45,0.9880,70.00,no
2026-10-05T02:41:39.519182Z,KXBTC15M-26OCT042245-45,0.9870,0.01,no
2026-10-05T02:41:39.519182Z,KXBTC15M-26OCT042245-45,0.9880,70.00,no
2026-10-05T02:41:39.519182Z,KXBTC15M-26OCT042245-45,0.9880,6.37,no
2026-10-05T02:41:39.519182Z,KXBTC15M-26OCT042245-45,0.9870,2.00,no
2026-10-05T02:41:39.519182Z,KXBTC15M-26OCT042245-45,0.9880,70.00,no
2026-10-05T02:41:39.519182Z,KXBTC15M-26OCT042245-45,0.9880,0.01,no
2026-10-05T02:41:39.519182Z,KXBTC15M-26OCT042245-45,0.9880,0.10,no
2026-10-05T02:41:39.519182Z,KXBTC15M-26OCT042245-45,0.9870,0.01,no
2026-10-05T02:41:39.519182Z,KXBTC15M-26OCT042245-45,0.9880,1.00,no
2026-10-05T02:41:39.519182Z,KXBTC15M-26OCT042245-45,0.9880,0.01,no
2026-10-05T02:41:39.519182Z,KXBTC15M-26OCT042245-45,0.9870,188.65,no
2026-10-05T02:41:39.519182Z,KXBTC15M-26OCT042245-45,0.9880,15.00,no
2026-10-05T02:41:39.658758Z,KXBTC15M-26OCT042245-45,0.9910,13.00,yes
2026-10-05T02:41:39.658758Z,KXBTC15M-26OCT042245-45,0.9900,1000.00,yes
2026-10-05T02:41:39.658758Z,KXBTC15M-26OCT042245-45,0.9920,1014.14,yes
2026-10-05T02:41:39.658758Z,KXBTC15M-26OCT042245-45,0.9890,0.01,yes
2026-10-05T02:41:39.658758Z,KXBTC15M-26OCT042245-45,0.9890,1.00,yes
2026-10-05T02:41:39.658758Z,KXBTC15M-26OCT042245-45,0.9890,500.00,yes
2026-10-05T02:41:39.658758Z,KXBTC15M-26OCT042245-45,0.9890,500.00,yes
2026-10-05T02:41:39.658758Z,KXBTC15M-26OCT042245-45,0.9900,10.00,yes
2026-10-05T02:41:39.658758Z,KXBTC15M-26OCT042245-45,0.9890,0.01,yes
2026-10-05T02:41:39.658758Z,KXBTC15M-26OCT042245-45,0.9900,63.00,yes
2026-10-05T02:41:39.658758Z,KXBTC15M-26OCT042245-45,0.9910,150.00,yes
2026-10-05T02:41:39.658758Z,KXBTC15M-26OCT042245-45,0.9900,38.15,yes
2026-10-05T02:41:39.658758Z,KXBTC15M-26OCT042245-45,0.9920,10.00,yes
2026-10-05T02:41:39.715653Z,KXBTC15M-26OCT042245-45,0.9900,0.01,yes
2026-10-05T02:41:39.73328Z,KXBTC15M-26OCT042245-45,0.9890,12.34,no
2026-10-05T02:41:39.73328Z,KXBTC15M-26OCT042245-45,0.9890,70.00,no
2026-10-05T02:41:39.73328Z,KXBTC15M-26OCT042245-45,0.9890,70.00,no
2026-10-05T02:41:39.749837Z,KXBTC15M-26OCT042245-45,0.9900,69.37,yes
2026-10-05T02:41:39.760757Z,KXBTC15M-26OCT042245-45,0.9900,9.91,yes
2026-10-05T02:41:39.772546Z,KXBTC15M-26OCT042245-45,0.9890,0.67,no
2026-10-05T02:41:39.782153Z,KXBTC15M-26OCT042245-45,0.9890,200.00,no
2026-10-05T02:41:39.782153Z,KXBTC15M-26OCT042245-45,0.9890,72.99,no
2026-10-05T02:41:39.782153Z,KXBTC15M-26OCT042245-45,0.9890,0.01,no
2026-10-05T02:41:39.782153Z,KXBTC15M-26OCT042245-45,0.9890,0.01,no
2026-10-05T02:41:39.782153Z,KXBTC15M-26OCT042245-45,0.9890,70.00,no
2026-10-05T02:41:39.782153Z,KXBTC15M-26OCT042245-45,0.9880,0.01,no
2026-10-05T02:41:39.782153Z,KXBTC15M-26OCT042245-45,0.9880,0.01,no
2026-10-05T02:41:39.782153Z,KXBTC15M-26OCT042245-45,0.9890,70.00,no
2026-10-05T02:41:39.782153Z,KXBTC15M-26OCT042245-45,0.9880,42.00,no
2026-10-05T02:41:39.782153Z,KXBTC15M-26OCT042245-45,0.9880,15.00,no
2026-10-05T02:41:39.782153Z,KXBTC15M-26OCT042245-45,0.9880,42.00,no
2026-10-05T02:41:39.782153Z,KXBTC15M-26OCT042245-45,0.9880,136.49,no
2026-10-05T02:41:39.782153Z,KXBTC15M-26OCT042245-45,0.9890,70.00,no
2026-10-05T02:41:39.782153Z,KXBTC15M-26OCT042245-45,0.9890,1.00,no
2026-10-05T02:41:39.817428Z,KXBTC15M-26OCT042245-45,0.9880,22.60,no
2026-10-05T02:41:39.82492Z,KXBTC15M-26OCT042245-45,0.9880,1.03,no
2026-10-05T02:41:39.937562Z,KXBTC15M-26OCT042245-45,0.9880,66.82,no
2026-10-05T02:41:39.950454Z,KXBTC15M-26OCT042245-45,0.9900,135.05,yes
2026-10-05T02:41:39.950454Z,KXBTC15M-26OCT042245-45,0.9890,0.01,yes
2026-10-05T02:41:39.950454Z,KXBTC15M-26OCT042245-45,0.9900,50.00,yes
2026-10-05T02:41:39.950454Z,KXBTC15M-26OCT042245-45,0.9900,1.00,yes
2026-10-05T02:41:39.950454Z,KXBTC15M-26OCT042245-45,0.9900,217.60,yes
2026-10-05T02:41:39.950454Z,KXBTC15M-26OCT042245-45,0.9890,0.01,yes
2026-10-05T02:41:40.079149Z,KXBTC15M-26OCT042245-45,0.9900,13.80,yes
2026-10-05T02:41:40.091171Z,KXBTC15M-26OCT042245-45,0.9900,19.79,yes
2026-10-05T02:41:40.099055Z,KXBTC15M-26OCT042245-45,0.9890,65.48,no
2026-10-05T02:41:40.231694Z,KXBTC15M-26OCT042245-45,0.9900,0.01,yes
2026-10-05T02:41:40.231694Z,KXBTC15M-26OCT042245-45,0.9900,0.01,yes
2026-10-05T02:41:40.231694Z,KXBTC15M-26OCT042245-45,0.9900,16.41,yes
2026-10-05T02:41:40.231694Z,KXBTC15M-26OCT042245-45,0.9900,79.47,yes
2026-10-05T02:41:40.468358Z,KXBTC15M-26OCT042245-45,0.9890,3.98,no
2026-10-05T02:41:40.468358Z,KXBTC15M-26OCT042245-45,0.9890,4.52,no
2026-10-05T02:41:40.527041Z,KXBTC15M-26OCT042245-45,0.9890,0.02,no
2026-10-05T02:41:40.529455Z,KXBTC15M-26OCT042245-45,0.9890,194.00,no
2026-10-05T02:41:40.530092Z,KXBTC15M-26OCT042245-45,0.9890,100.00,no
2026-10-05T02:41:40.530115Z,KXBTC15M-26OCT042245-45,0.9890,100.00,no
2026-10-05T02:41:40.530341Z,KXBTC15M-26OCT042245-45,0.9890,99.00,no
2026-10-05T02:41:40.54053Z,KXBTC15M-26OCT042245-45,0.9890,0.01,no
2026-10-05T02:41:40.54053Z,KXBTC15M-26OCT042245-45,0.9890,0.10,no
2026-10-05T02:41:40.54053Z,KXBTC15M-26OCT042245-45,0.9890,0.01,no
2026-10-05T02:41:40.606864Z,KXBTC15M-26OCT042245-45,0.9890,6.31,yes
2026-10-05T02:41:40.810149Z,KXBTC15M-26OCT042245-45,0.9880,0.01,no
2026-10-05T02:41:40.810149Z,KXBTC15M-26OCT042245-45,0.9880,0.01,no
2026-10-05T02:41:40.810149Z,KXBTC15M-26OCT042245-45,0.9870,14.98,no
2026-10-05T02:41:40.810149Z,KXBTC15M-26OCT042245-45,0.9870,15.00,no
2026-10-05T02:41:40.871777Z,KXBTC15M-26OCT042245-45,0.9870,0.01,no
2026-10-05T02:41:40.871777Z,KXBTC15M-26OCT042245-45,0.9870,14.00,no
2026-10-05T02:41:40.871777Z,KXBTC15M-26OCT042245-45,0.9870,1.00,no
2026-10-05T02:41:40.871777Z,KXBTC15M-26OCT042245-45,0.9870,0.01,no
2026-10-05T02:41:40.871777Z,KXBTC15M-26OCT042245-45,0.9870,200.00,no
2026-10-05T02:41:40.871777Z,KXBTC15M-26OCT042245-45,0.9870,894.00,no
2026-10-05T02:41:40.871777Z,KXBTC15M-26OCT042245-45,0.9870,411.02,no
2026-10-05T02:41:40.871777Z,KXBTC15M-26OCT042245-45,0.9860,2362.69,no
2026-10-05T02:41:40.878847Z,KXBTC15M-26OCT042245-45,0.9870,501.02,yes
2026-10-05T02:41:40.880281Z,KXBTC15M-26OCT042245-45,0.9870,498.98,yes
2026-10-05T02:41:41.068871Z,KXBTC15M-26OCT042245-45,0.9860,8.94,no
2026-10-05T02:41:41.272165Z,KXBTC15M-26OCT042245-45,0.9870,123.05,yes
2026-10-05T02:41:41.31876Z,KXBTC15M-26OCT042245-45,0.9860,6.06,no
2026-10-05T02:41:41.31876Z,KXBTC15M-26OCT042245-45,0.9860,0.99,no
2026-10-05T02:41:41.403365Z,KXBTC15M-26OCT042245-45,0.9860,13.00,no
2026-10-05T02:41:41.403365Z,KXBTC15M-26OCT042245-45,0.9860,42.00,no
2026-10-05T02:41:41.403365Z,KXBTC15M-26OCT042245-45,0.9860,15.00,no
2026-10-05T02:41:41.403365Z,KXBTC15M-26OCT042245-45,0.9860,63.62,no
2026-10-05T02:41:41.403365Z,KXBTC15M-26OCT042245-45,0.9860,0.01,no
2026-10-05T02:41:41.413187Z,KXBTC15M-26OCT042245-45,0.9870,119.02,yes
2026-10-05T02:41:41.463578Z,KXBTC15M-26OCT042245-45,0.9870,2.02,yes
2026-10-05T02:41:41.523469Z,KXBTC15M-26OCT042245-45,0.9870,9.37,yes
2026-10-05T02:41:41.559559Z,KXBTC15M-26OCT042245-45,0.9870,9.02,yes
2026-10-05T02:41:41.578975Z,KXBTC15M-26OCT042245-45,0.9870,93.12,yes
2026-10-05T02:41:41.601764Z,KXBTC15M-26OCT042245-45,0.9860,65.48,no
2026-10-05T02:41:41.685199Z,KXBTC15M-26OCT042245-45,0.9860,150.52,no
2026-10-05T02:41:41.685199Z,KXBTC15M-26OCT042245-45,0.9860,13.00,no
2026-10-05T02:41:41.685199Z,KXBTC15M-26OCT042245-45,0.9860,36.00,no
2026-10-05T02:41:41.685199Z,KXBTC15M-26OCT042245-45,0.9860,36.00,no
2026-10-05T02:41:41.685199Z,KXBTC15M-26OCT042245-45,0.9850,91.87,no
2026-10-05T02:41:41.956689Z,KXBTC15M-26OCT042245-45,0.9860,25.20,yes
2026-10-05T02:41:41.956689Z,KXBTC15M-26OCT042245-45,0.9860,0.10,yes
2026-10-05T02:41:41.966237Z,KXBTC15M-26OCT042245-45,0.9860,12.78,yes
2026-10-05T02:41:42.003681Z,KXBTC15M-26OCT042245-45,0.9870,657.21,yes
2026-10-05T02:41:42.003681Z,KXBTC15M-26OCT042245-45,0.9860,1.00,yes
2026-10-05T02:41:42.003681Z,KXBTC15M-26OCT042245-45,0.9860,0.01,yes
2026-10-05T02:41:42.003681Z,KXBTC15M-26OCT042245-45,0.9860,354.02,yes
2026-10-05T02:41:42.003681Z,KXBTC15M-26OCT042245-45,0.9860,0.01,yes
2026-10-05T02:41:42.034124Z,KXBTC15M-26OCT042245-45,0.9860,0.10,no
2026-10-05T02:41:42.034124Z,KXBTC15M-26OCT042245-45,0.9860,6.58,no
2026-10-05T02:41:42.04947Z,KXBTC15M-26OCT042245-45,0.9860,15.00,no
2026-10-05T02:41:42.049632Z,KXBTC15M-26OCT042245-45,0.9860,15.00,no
2026-10-05T02:41:42.049997Z,KXBTC15M-26OCT042245-45,0.9860,15.00,no
2026-10-05T02:41:42.111906Z,KXBTC15M-26OCT042245-45,0.9870,500.00,yes
2026-10-05T02:41:42.111906Z,KXBTC15M-26OCT042245-45,0.9870,0.01,yes
2026-10-05T02:41:42.111906Z,KXBTC15M-26OCT042245-45,0.9880,392.77,yes
2026-10-05T02:41:42.111906Z,KXBTC15M-26OCT042245-45,0.9870,0.01,yes
2026-10-05T02:41:42.293015Z,KXBTC15M-26OCT042245-45,0.9880,2.70,yes
2026-10-05T02:41:42.293015Z,KXBTC15M-26OCT042245-45,0.9880,1.00,yes
2026-10-05T02:41:42.296181Z,KXBTC15M-26OCT042245-45,0.9870,31.18,no
2026-10-05T02:41:42.29806Z,KXBTC15M-26OCT042245-45,0.9870,236.82,no
2026-10-05T02:41:42.29806Z,KXBTC15M-26OCT042245-45,0.9870,257.87,no
2026-10-05T02:41:42.29806Z,KXBTC15M-26OCT042245-45,0.9870,210.00,no
2026-10-05T02:41:42.29806Z,KXBTC15M-26OCT042245-45,0.9870,0.01,no
2026-10-05T02:41:42.29806Z,KXBTC15M-26OCT042245-45,0.9870,0.01,no
2026-10-05T02:41:42.29806Z,KXBTC15M-26OCT042245-45,0.9870,200.00,no
2026-10-05T02:41:42.29806Z,KXBTC15M-26OCT042245-45,0.9870,1.00,no
2026-10-05T02:41:42.29806Z,KXBTC15M-26OCT042245-45,0.9870,497.82,no
2026-10-05T02:41:42.37829Z,KXBTC15M-26OCT042245-45,0.9870,2.18,no
2026-10-05T02:41:42.37829Z,KXBTC15M-26OCT042245-45,0.9870,64.64,no
2026-10-05T02:41:42.383869Z,KXBTC15M-26OCT042245-45,0.9870,46.06,no
2026-10-05T02:41:42.392692Z,KXBTC15M-26OCT042245-45,0.9870,56.13,no
2026-10-05T02:41:42.445811Z,KXBTC15M-26OCT042245-45,0.9870,124.73,no
2026-10-05T02:41:42.453083Z,KXBTC15M-26OCT042245-45,0.9870,0.70,no
2026-10-05T02:41:42.579499Z,KXBTC15M-26OCT042245-45,0.9870,500.00,no
2026-10-05T02:41:42.579499Z,KXBTC15M-26OCT042245-45,0.9870,1.00,no
2026-10-05T02:41:42.579499Z,KXBTC15M-26OCT042245-45,0.9870,0.01,no
2026-10-05T02:41:42.579499Z,KXBTC15M-26OCT042245-45,0.9860,325.57,no
2026-10-05T02:41:42.579499Z,KXBTC15M-26OCT042245-45,0.9870,0.01,no
2026-10-05T02:41:42.579499Z,KXBTC15M-26OCT042245-45,0.9870,200.00,no
2026-10-05T02:41:42.579499Z,KXBTC15M-26OCT042245-45,0.9860,13.00,no
2026-10-05T02:41:42.579499Z,KXBTC15M-26OCT042245-45,0.9870,207.74,no
2026-10-05T02:41:42.654222Z,KXBTC15M-26OCT042245-45,0.9880,0.01,yes
2026-10-05T02:41:42.654222Z,KXBTC15M-26OCT042245-45,0.9880,0.01,yes
2026-10-05T02:41:42.654222Z,KXBTC15M-26OCT042245-45,0.9880,15.00,yes
2026-10-05T02:41:42.654222Z,KXBTC15M-26OCT042245-45,0.9880,22.90,yes
2026-10-05T02:41:43.013495Z,KXBTC15M-26OCT042245-45,0.9880,4.94,yes
2026-10-05T02:41:43.013495Z,KXBTC15M-26OCT042245-45,0.9880,0.01,yes
2026-10-05T02:41:43.013495Z,KXBTC15M-26OCT042245-45,0.9880,0.01,yes
2026-10-05T02:41:43.222334Z,KXBTC15M-26OCT042245-45,0.9870,1.00,no
2026-10-05T02:41:43.222334Z,KXBTC15M-26OCT042245-45,0.9870,0.01,no
2026-10-05T02:41:43.222334Z,KXBTC15M-26OCT042245-45,0.9870,15.00,no
2026-10-05T02:41:43.222334Z,KXBTC15M-26OCT042245-45,0.9860,108.71,no
2026-10-05T02:41:43.222334Z,KXBTC15M-26OCT042245-45,0.9870,0.01,no
2026-10-05T02:41:43.280269Z,KXBTC15M-26OCT042245-45,0.9870,0.01,no
2026-10-05T02:41:43.280269Z,KXBTC15M-26OCT042245-45,0.9860,62.34,no
2026-10-05T02:41:43.280269Z,KXBTC15M-26OCT042245-45,0.9870,0.01,no
2026-10-05T02:41:43.450897Z,KXBTC15M-26OCT042245-45,0.9870,0.01,yes
2026-10-05T02:41:43.450897Z,KXBTC15M-26OCT042245-45,0.9870,0.01,yes
2026-10-05T02:41:43.450897Z,KXBTC15M-26OCT042245-45,0.9880,1.00,yes
2026-10-05T02:41:43.450897Z,KXBTC15M-26OCT042245-45,0.9880,0.98,yes
2026-10-05T02:41:43.596224Z,KXBTC15M-26OCT042245-45,0.9860,1.25,no
2026-10-05T02:41:43.624715Z,KXBTC15M-26OCT042245-45,0.9860,13.00,no
2026-10-05T02:41:43.624715Z,KXBTC15M-26OCT042245-45,0.9860,198.75,no
2026-10-05T02:41:43.624715Z,KXBTC15M-26OCT042245-45,0.9860,445.06,no
2026-10-05T02:41:43.663857Z,KXBTC15M-26OCT042245-45,0.9860,18.71,no
2026-10-05T02:41:43.714426Z,KXBTC15M-26OCT042245-45,0.9860,1.00,no
2026-10-05T02:41:43.714426Z,KXBTC15M-26OCT042245-45,0.9860,47.25,no
2026-10-05T02:41:43.714426Z,KXBTC15M-26OCT042245-45,0.9860,17.23,no
2026-10-05T02:41:43.761486Z,KXBTC15M-26OCT042245-45,0.9870,0.01,yes
2026-10-05T02:41:43.761486Z,KXBTC15M-26OCT042245-45,0.9870,0.01,yes
2026-10-05T02:41:43.761486Z,KXBTC15M-26OCT042245-45,0.9880,31.44,yes
2026-10-05T02:41:43.764778Z,KXBTC15M-26OCT042245-45,0.9860,109.77,no
2026-10-05T02:41:43.849809Z,KXBTC15M-26OCT042245-45,0.9880,449.80,yes
2026-10-05T02:41:43.885806Z,KXBTC15M-26OCT042245-45,0.9880,2.02,yes
2026-10-05T02:41:43.900618Z,KXBTC15M-26OCT042245-45,0.9870,0.01,no
2026-10-05T02:41:43.900618Z,KXBTC15M-26OCT042245-45,0.9870,1.00,no
2026-10-05T02:41:43.900618Z,KXBTC15M-26OCT042245-45,0.9870,0.01,no
2026-10-05T02:41:43.900618Z,KXBTC15M-26OCT042245-45,0.9860,47.80,no
2026-10-05T02:41:43.900618Z,KXBTC15M-26OCT042245-45,0.9860,1.00,no
2026-10-05T02:41:43.900618Z,KXBTC15M-26OCT042245-45,0.9860,17.00,no
2026-10-05T02:41:43.913579Z,KXBTC15M-26OCT042245-45,0.9860,92.20,no
2026-10-05T02:41:44.020349Z,KXBTC15M-26OCT042245-45,0.9870,0.01,yes
2026-10-05T02:41:44.020349Z,KXBTC15M-26OCT042245-45,0.9870,0.01,yes
2026-10-05T02:41:44.078583Z,KXBTC15M-26OCT042245-45,0.9870,2.00,no
2026-10-05T02:41:44.107388Z,KXBTC15M-26OCT042245-45,0.9880,13.35,yes
2026-10-05T02:41:44.10867Z,KXBTC15M-26OCT042245-45,0.9880,0.01,yes
2026-10-05T02:41:44.10867Z,KXBTC15M-26OCT042245-45,0.9880,32.57,yes
2026-10-05T02:41:44.10867Z,KXBTC15M-26OCT042245-45,0.9880,0.01,yes
2026-10-05T02:41:44.10867Z,KXBTC15M-26OCT042245-45,0.9880,15.00,yes
2026-10-05T02:41:44.10867Z,KXBTC15M-26OCT042245-45,0.9880,2.41,yes
2026-10-05T02:41:44.15483Z,KXBTC15M-26OCT042245-45,0.9870,70.00,no
2026-10-05T02:41:44.15483Z,KXBTC15M-26OCT042245-45,0.9870,70.00,no
2026-10-05T02:41:44.15483Z,KXBTC15M-26OCT042245-45,0.9870,70.00,no
2026-10-05T02:41:44.15483Z,KXBTC15M-26OCT042245-45,0.9870,70.00,no
2026-10-05T02:41:44.15483Z,KXBTC15M-26OCT042245-45,0.9870,68.00,no
2026-10-05T02:41:44.15483Z,KXBTC15M-26OCT042245-45,0.9870,70.00,no
2026-10-05T02:41:44.15483Z,KXBTC15M-26OCT042245-45,0.9870,482.00,no
2026-10-05T02:41:44.190355Z,KXBTC15M-26OCT042245-45,0.9870,18.00,no
2026-10-05T02:41:44.190355Z,KXBTC15M-26OCT042245-45,0.9870,48.82,no
2026-10-05T02:41:44.202267Z,KXBTC15M-26OCT042245-45,0.9870,2.07,no
2026-10-05T02:41:44.214207Z,KXBTC15M-26OCT042245-45,0.9880,425.43,yes
2026-10-05T02:41:44.214207Z,KXBTC15M-26OCT042245-45,0.9880,0.01,yes
2026-10-05T02:41:44.214207Z,KXBTC15M-26OCT042245-45,0.9880,0.01,yes
2026-10-05T02:41:44.214207Z,KXBTC15M-26OCT042245-45,0.9880,1.00,yes
2026-10-05T02:41:44.214207Z,KXBTC15M-26OCT042245-45,0.9890,93.07,yes
2026-10-05T02:41:44.270898Z,KXBTC15M-26OCT042245-45,0.9880,15.00,no
2026-10-05T02:41:44.270898Z,KXBTC15M-26OCT042245-45,0.9880,0.01,no
2026-10-05T02:41:44.270898Z,KXBTC15M-26OCT042245-45,0.9880,0.01,no
2026-10-05T02:41:44.283989Z,KXBTC15M-26OCT042245-45,0.9870,0.01,no
2026-10-05T02:41:44.283989Z,KXBTC15M-26OCT042245-45,0.9870,0.01,no
2026-10-05T02:41:44.283989Z,KXBTC15M-26OCT042245-45,0.9860,22.03,no
2026-10-05T02:41:44.283989Z,KXBTC15M-26OCT042245-45,0.9870,1.00,no
2026-10-05T02:41:44.283989Z,KXBTC15M-26OCT042245-45,0.9860,1.00,no
2026-10-05T02:41:44.291112Z,KXBTC15M-26OCT042245-45,0.9870,0.01,no
2026-10-05T02:41:44.291112Z,KXBTC15M-26OCT042245-45,0.9860,32.01,no
2026-10-05T02:41:44.291112Z,KXBTC15M-26OCT042245-45,0.9870,0.01,no
2026-10-05T02:41:44.425448Z,KXBTC15M-26OCT042245-45,0.9860,65.48,no
2026-10-05T02:41:44.503681Z,KXBTC15M-26OCT042245-45,0.9880,24.71,yes
2026-10-05T02:41:44.503681Z,KXBTC15M-26OCT042245-45,0.9870,0.01,yes
2026-10-05T02:41:44.503681Z,KXBTC15M-26OCT042245-45,0.9880,10.00,yes
2026-10-05T02:41:44.503681Z,KXBTC15M-26OCT042245-45,0.9870,0.01,yes
2026-10-05T02:41:44.523813Z,KXBTC15M-26OCT042245-45,0.9870,0.01,no
2026-10-05T02:41:44.523813Z,KXBTC15M-26OCT042245-45,0.9870,0.10,no
2026-10-05T02:41:44.523813Z,KXBTC15M-26OCT042245-45,0.9870,0.28,no
2026-10-05T02:41:44.523813Z,KXBTC15M-26OCT042245-45,0.9870,0.01,no
2026-10-05T02:41:44.53076Z,KXBTC15M-26OCT042245-45,0.9880,0.01,yes
2026-10-05T02:41:44.53076Z,KXBTC15M-26OCT042245-45,0.9880,0.01,yes
2026-10-05T02:41:44.53076Z,KXBTC15M-26OCT042245-45,0.9890,31.19,yes
2026-10-05T02:41:44.625398Z,KXBTC15M-26OCT042245-45,0.9870,55.10,no
2026-10-05T02:41:44.625398Z,KXBTC15M-26OCT042245-45,0.9870,14.00,no
2026-10-05T02:41:44.625398Z,KXBTC15M-26OCT042245-45,0.9870,0.01,no
2026-10-05T02:41:44.625398Z,KXBTC15M-26OCT042245-45,0.9870,0.01,no
2026-10-05T02:41:44.666937Z,KXBTC15M-26OCT042245-45,0.9880,0.01,yes
2026-10-05T02:41:44.666937Z,KXBTC15M-26OCT042245-45,0.9890,15.00,yes
2026-10-05T02:41:44.666937Z,KXBTC15M-26OCT042245-45,0.9880,0.01,yes
2026-10-05T02:41:44.666937Z,KXBTC15M-26OCT042245-45,0.9890,499.00,yes
2026-10-05T02:41:44.666937Z,KXBTC15M-26OCT042245-45,0.9890,400.20,yes
2026-10-05T02:41:44.666937Z,KXBTC15M-26OCT042245-45,0.9890,19.43,yes
2026-10-05T02:41:44.666937Z,KXBTC15M-26OCT042245-45,0.9890,1047.00,yes
2026-10-05T02:41:44.673261Z,KXBTC15M-26OCT042245-45,0.9880,66.82,no
2026-10-05T02:41:44.715332Z,KXBTC15M-26OCT042245-45,0.9880,100.50,no
2026-10-05T02:41:44.732126Z,KXBTC15M-26OCT042245-45,0.9880,69.12,no
2026-10-05T02:41:44.814726Z,KXBTC15M-26OCT042245-45,0.9930,47.31,yes
2026-10-05T02:41:44.814726Z,KXBTC15M-26OCT042245-45,0.9900,100.00,yes
2026-10-05T02:41:44.814726Z,KXBTC15M-26OCT042245-45,0.9900,50.00,yes
2026-10-05T02:41:44.814726Z,KXBTC15M-26OCT042245-45,0.9900,487.52,yes
2026-10-05T02:41:44.814726Z,KXBTC15M-26OCT042245-45,0.9910,17.00,yes
2026-10-05T02:41:44.814726Z,KXBTC15M-26OCT042245-45,0.9900,85.00,yes
2026-10-05T02:41:44.814726Z,KXBTC15M-26OCT042245-45,0.9890,291.15,yes
2026-10-05T02:41:44.814726Z,KXBTC15M-26OCT042245-45,0.9920,10.00,yes
2026-10-05T02:41:44.814726Z,KXBTC15M-26OCT042245-45,0.9910,10.00,yes
2026-10-05T02:41:44.814726Z,KXBTC15M-26OCT042245-45,0.9920,150.00,yes
2026-10-05T02:41:44.814726Z,KXBTC15M-26OCT042245-45,0.9900,10.00,yes
2026-10-05T02:41:44.814726Z,KXBTC15M-26OCT042245-45,0.9890,400.00,yes
2026-10-05T02:41:44.814726Z,KXBTC15M-26OCT042245-45,0.9920,11.00,yes
2026-10-05T02:41:44.814726Z,KXBTC15M-26OCT042245-45,0.9890,10.00,yes
2026-10-05T02:41:44.814726Z,KXBTC15M-26OCT042245-45,0.9890,1.00,yes
2026-10-05T02:41:44.814726Z,KXBTC15M-26OCT042245-45,0.9900,1000.00,yes
2026-10-05T02:41:44.814726Z,KXBTC15M-26OCT042245-45,0.9890,0.01,yes
2026-10-05T02:41:44.814726Z,KXBTC15M-26OCT042245-45,0.9910,1220.00,yes
2026-10-05T02:41:44.814726Z,KXBTC15M-26OCT042245-45,0.9890,100.00,yes
2026-10-05T02:41:44.814726Z,KXBTC15M-26OCT042245-45,0.9890,0.01,yes
2026-10-05T02:41:45.036403Z,KXBTC15M-26OCT042245-45,0.9890,0.10,no
2026-10-05T02:41:45.036403Z,KXBTC15M-26OCT042245-45,0.9890,15.00,no
2026-10-05T02:41:45.036403Z,KXBTC15M-26OCT042245-45,0.9890,0.01,no
2026-10-05T02:41:45.036403Z,KXBTC15M-26OCT042245-45,0.9890,0.01,no
2026-10-05T02:41:45.036403Z,KXBTC15M-26OCT042245-45,0.9880,764.31,no
2026-10-05T02:41:45.138095Z,KXBTC15M-26OCT042245-45,0.9880,396.00,no
2026-10-05T02:41:45.138095Z,KXBTC15M-26OCT042245-45,0.9880,2140.25,no
2026-10-05T02:41:45.138095Z,KXBTC15M-26OCT042245-45,0.9880,200.00,no
2026-10-05T02:41:45.138095Z,KXBTC15M-26OCT042245-45,0.9890,1.00,no
2026-10-05T02:41:45.138095Z,KXBTC15M-26OCT042245-45,0.9890,0.01,no
2026-10-05T02:41:45.138095Z,KXBTC15M-26OCT042245-45,0.9890,15.00,no
2026-10-05T02:41:45.138095Z,KXBTC15M-26OCT042245-45,0.9890,0.01,no
2026-10-05T02:41:45.138095Z,KXBTC15M-26OCT042245-45,0.9890,15.00,no
2026-10-05T02:41:45.138095Z,KXBTC15M-26OCT042245-45,0.9880,195.64,no
2026-10-05T02:41:45.191195Z,KXBTC15M-26OCT042245-45,0.9890,85.79,yes
2026-10-05T02:41:45.34964Z,KXBTC15M-26OCT042245-45,0.9880,116.91,no
2026-10-05T02:41:45.444999Z,KXBTC15M-26OCT042245-45,0.9890,1.00,yes
2026-10-05T02:41:45.459119Z,KXBTC15M-26OCT042245-45,0.9880,77.94,no
2026-10-05T02:41:45.471534Z,KXBTC15M-26OCT042245-45,0.9890,504.69,yes
2026-10-05T02:41:45.563323Z,KXBTC15M-26OCT042245-45,0.9880,8.74,no
2026-10-05T02:41:45.644497Z,KXBTC15M-26OCT042245-45,0.9880,124.73,no
2026-10-05T02:41:45.681022Z,KXBTC15M-26OCT042245-45,0.9880,77.94,no
2026-10-05T02:41:45.699353Z,KXBTC15M-26OCT042245-45,0.9880,70.16,no
2026-10-05T02:41:45.788702Z,KXBTC15M-26OCT042245-45,0.9880,77.94,no
2026-10-05T02:41:45.936721Z,KXBTC15M-26OCT042245-45,0.9890,933.55,yes
2026-10-05T02:41:45.93848Z,KXBTC15M-26OCT042245-45,0.9880,6.11,no
2026-10-05T02:41:46.024257Z,KXBTC15M-26OCT042245-45,0.9880,38.97,no
2026-10-05T02:41:46.051721Z,KXBTC15M-26OCT042245-45,0.9880,152.77,no
2026-10-05T02:41:46.074546Z,KXBTC15M-26OCT042245-45,0.9880,0.76,no
2026-10-05T02:41:46.08995Z,KXBTC15M-26OCT042245-45,0.9880,4.13,no
2026-10-05T02:41:46.125723Z,KXBTC15M-26OCT042245-45,0.9880,12.47,no
2026-10-05T02:41:46.174851Z,KXBTC15M-26OCT042245-45,0.9880,38.97,no
2026-10-05T02:41:46.181794Z,KXBTC15M-26OCT042245-45,0.9880,38.97,no
2026-10-05T02:41:46.193857Z,KXBTC15M-26OCT042245-45,0.9880,152.77,no
2026-10-05T02:41:46.316754Z,KXBTC15M-26OCT042245-45,0.9890,11.80,yes
2026-10-05T02:41:46.372804Z,KXBTC15M-26OCT042245-45,0.9890,40.41,yes
2026-10-05T02:41:46.419491Z,KXBTC15M-26OCT042245-45,0.9880,24.65,no
2026-10-05T02:41:46.432422Z,KXBTC15M-26OCT042245-45,0.9880,13.07,no
2026-10-05T02:41:46.432422Z,KXBTC15M-26OCT042245-45,0.9880,1.00,no
2026-10-05T02:41:46.432422Z,KXBTC15M-26OCT042245-45,0.9880,0.01,no
2026-10-05T02:41:46.432422Z,KXBTC15M-26OCT042245-45,0.9880,0.01,no
2026-10-05T02:41:46.432422Z,KXBTC15M-26OCT042245-45,0.9880,30.00,no
2026-10-05T02:41:46.432422Z,KXBTC15M-26OCT042245-45,0.9880,33.85,no
2026-10-05T02:41:46.468586Z,KXBTC15M-26OCT042245-45,0.9880,1.00,no
2026-10-05T02:41:46.468586Z,KXBTC15M-26OCT042245-45,0.9880,115.85,no
2026-10-05T02:41:46.468586Z,KXBTC15M-26OCT042245-45,0.9880,131.00,no
2026-10-05T02:41:46.468586Z,KXBTC15M-26OCT042245-45,0.9880,200.00,no
2026-10-05T02:41:46.468586Z,KXBTC15M-26OCT042245-45,0.9880,52.15,no
2026-10-05T02:41:46.470048Z,KXBTC15M-26OCT042245-45,0.9880,15.27,no
2026-10-05T02:41:46.502734Z,KXBTC15M-26OCT042245-45,0.9880,3.02,no
2026-10-05T02:41:46.576373Z,KXBTC15M-26OCT042245-45,0.9880,140.00,no
2026-10-05T02:41:46.576373Z,KXBTC15M-26OCT042245-45,0.9880,1.00,no
2026-10-05T02:41:46.576373Z,KXBTC15M-26OCT042245-45,0.9880,261.98,no
2026-10-05T02:41:46.576373Z,KXBTC15M-26OCT042245-45,0.9880,1.00,no
2026-10-05T02:41:46.60863Z,KXBTC15M-26OCT042245-45,0.9880,0.01,yes
2026-10-05T02:41:46.60863Z,KXBTC15M-26OCT042245-45,0.9880,0.01,yes
2026-10-05T02:41:46.60863Z,KXBTC15M-26OCT042245-45,0.9880,0.10,yes
2026-10-05T02:41:46.60863Z,KXBTC15M-26OCT042245-45,0.9890,1.80,yes
2026-10-05T02:41:46.860195Z,KXBTC15M-26OCT042245-45,0.9880,0.01,yes
2026-10-05T02:41:46.860195Z,KXBTC15M-26OCT042245-45,0.9880,20.18,yes
2026-10-05T02:41:46.860195Z,KXBTC15M-26OCT042245-45,0.9880,0.01,yes
2026-10-05T02:41:46.906731Z,KXBTC15M-26OCT042245-45,0.9870,67.00,no
2026-10-05T02:41:46.906731Z,KXBTC15M-26OCT042245-45,0.9870,1.00,no
2026-10-05T02:41:46.906731Z,KXBTC15M-26OCT042245-45,0.9870,20.00,no
2026-10-05T02:41:46.906731Z,KXBTC15M-26OCT042245-45,0.9870,55.90,no
2026-10-05T02:41:46.923594Z,KXBTC15M-26OCT042245-45,0.9880,118.21,yes
2026-10-05T02:41:46.936706Z,KXBTC15M-26OCT042245-45,0.9880,5.20,yes
2026-10-05T02:41:47.150885Z,KXBTC15M-26OCT042245-45,0.9870,0.01,no
2026-10-05T02:41:47.150885Z,KXBTC15M-26OCT042245-45,0.9870,0.01,no
2026-10-05T02:41:47.150885Z,KXBTC15M-26OCT042245-45,0.9870,3.84,no
2026-10-05T02:41:47.168842Z,KXBTC15M-26OCT042245-45,0.9870,0.01,no
2026-10-05T02:41:47.168842Z,KXBTC15M-26OCT042245-45,0.9870,120.00,no
2026-10-05T02:41:47.168842Z,KXBTC15M-26OCT042245-45,0.9870,0.01,no
2026-10-05T02:41:47.312108Z,KXBTC15M-26OCT042245-45,0.9870,0.01,yes
2026-10-05T02:41:47.312108Z,KXBTC15M-26OCT042245-45,0.9870,0.01,yes
2026-10-05T02:41:47.390798Z,KXBTC15M-26OCT042245-45,0.9870,0.01,yes
2026-10-05T02:41:47.390798Z,KXBTC15M-26OCT042245-45,0.9870,0.01,yes
2026-10-05T02:41:47.390798Z,KXBTC15M-26OCT042245-45,0.9870,28.81,yes
2026-10-05T02:41:47.573205Z,KXBTC15M-26OCT042245-45,0.9880,5.05,yes
2026-10-05T02:41:47.596766Z,KXBTC15M-26OCT042245-45,0.9880,90.74,yes
2026-10-05T02:41:47.665546Z,KXBTC15M-26OCT042245-45,0.9880,126.26,yes
2026-10-05T02:41:47.725854Z,KXBTC15M-26OCT042245-45,0.9880,14.70,yes
2026-10-05T02:41:47.743478Z,KXBTC15M-26OCT042245-45,0.9880,1.24,yes
2026-10-05T02:41:47.852552Z,KXBTC15M-26OCT042245-45,0.9880,15.00,yes
2026-10-05T02:41:47.954539Z,KXBTC15M-26OCT042245-45,0.9870,16.04,no
2026-10-05T02:41:47.954539Z,KXBTC15M-26OCT042245-45,0.9870,0.10,no
2026-10-05T02:41:47.954539Z,KXBTC15M-26OCT042245-45,0.9870,0.01,no
2026-10-05T02:41:47.954539Z,KXBTC15M-26OCT042245-45,0.9870,0.01,no
2026-10-05T02:41:47.973538Z,KXBTC15M-26OCT042245-45,0.9870,66.26,no
2026-10-05T02:41:48.048714Z,KXBTC15M-26OCT042245-45,0.9880,1.00,yes
2026-10-05T02:41:48.048714Z,KXBTC15M-26OCT042245-45,0.9880,0.01,yes
2026-10-05T02:41:48.048714Z,KXBTC15M-26OCT042245-45,0.9880,1.00,yes
2026-10-05T02:41:48.048714Z,KXBTC15M-26OCT042245-45,0.9880,40.01,yes
2026-10-05T02:41:48.048714Z,KXBTC15M-26OCT042245-45,0.9880,0.01,yes
2026-10-05T02:41:48.089618Z,KXBTC15M-26OCT042245-45,0.9880,106.50,yes
2026-10-05T02:41:48.28014Z,KXBTC15M-26OCT042245-45,0.9880,2.75,yes
2026-10-05T02:41:48.366511Z,KXBTC15M-26OCT042245-45,0.9870,0.01,no
2026-10-05T02:41:48.366511Z,KXBTC15M-26OCT042245-45,0.9870,0.01,no
2026-10-05T02:41:48.366511Z,KXBTC15M-26OCT042245-45,0.9870,25.98,no
2026-10-05T02:41:48.366511Z,KXBTC15M-26OCT042245-45,0.9870,18.00,no
2026-10-05T02:41:48.409001Z,KXBTC15M-26OCT042245-45,0.9880,500.00,yes
2026-10-05T02:41:48.409001Z,KXBTC15M-26OCT042245-45,0.9890,1258.30,yes
2026-10-05T02:41:48.409001Z,KXBTC15M-26OCT042245-45,0.9880,100.00,yes
2026-10-05T02:41:48.409001Z,KXBTC15M-26OCT042245-45,0.9880,250.74,yes
2026-10-05T02:41:48.409001Z,KXBTC15M-26OCT042245-45,0.9880,200.00,yes
2026-10-05T02:41:48.409001Z,KXBTC15M-26OCT042245-45,0.9880,0.01,yes
2026-10-05T02:41:48.409001Z,KXBTC15M-26OCT042245-45,0.9880,1.00,yes
2026-10-05T02:41:48.409001Z,KXBTC15M-26OCT042245-45,0.9880,0.01,yes
2026-10-05T02:41:48.409001Z,KXBTC15M-26OCT042245-45,0.9880,1.00,yes
2026-10-05T02:41:48.4209Z,KXBTC15M-26OCT042245-45,0.9880,0.01,yes
2026-10-05T02:41:48.430625Z,KXBTC15M-26OCT042245-45,0.9870,311.64,no
2026-10-05T02:41:48.430625Z,KXBTC15M-26OCT042245-45,0.9880,0.01,no
2026-10-05T02:41:48.430625Z,KXBTC15M-26OCT042245-45,0.9870,0.01,no
2026-10-05T02:41:48.430625Z,KXBTC15M-26OCT042245-45,0.9880,39.99,no
2026-10-05T02:41:48.430625Z,KXBTC15M-26OCT042245-45,0.9870,0.01,no
2026-10-05T02:41:48.430625Z,KXBTC15M-26OCT042245-45,0.9880,0.01,no
2026-10-05T02:41:48.507514Z,KXBTC15M-26OCT042245-45,0.9890,283.44,yes
2026-10-05T02:41:48.537675Z,KXBTC15M-26OCT042245-45,0.9870,14.00,no
2026-10-05T02:41:48.537675Z,KXBTC15M-26OCT042245-45,0.9870,319.43,no
2026-10-05T02:41:48.537675Z,KXBTC15M-26OCT042245-45,0.9880,0.01,no
2026-10-05T02:41:48.670792Z,KXBTC15M-26OCT042245-45,0.9870,57.94,no
2026-10-05T02:41:48.670792Z,KXBTC15M-26OCT042245-45,0.9870,0.01,no
2026-10-05T02:41:48.670792Z,KXBTC15M-26OCT042245-45,0.9870,14.00,no
2026-10-05T02:41:48.724231Z,KXBTC15M-26OCT042245-45,0.9860,10.00,no
2026-10-05T02:41:48.724231Z,KXBTC15M-26OCT042245-45,0.9860,304.11,no
2026-10-05T02:41:48.724231Z,KXBTC15M-26OCT042245-45,0.9860,15.00,no
2026-10-05T02:41:48.851556Z,KXBTC15M-26OCT042245-45,0.9870,0.01,yes
2026-10-05T02:41:48.851556Z,KXBTC15M-26OCT042245-45,0.9880,0.55,yes
2026-10-05T02:41:48.851556Z,KXBTC15M-26OCT042245-45,0.9880,1.00,yes
2026-10-05T02:41:48.851556Z,KXBTC15M-26OCT042245-45,0.9870,0.01,yes
2026-10-05T02:41:48.851556Z,KXBTC15M-26OCT042245-45,0.9870,1.00,yes
2026-10-05T02:41:49.030511Z,KXBTC15M-26OCT042245-45,0.9880,0.45,yes
2026-10-05T02:41:49.030511Z,KXBTC15M-26OCT042245-45,0.9880,0.95,yes
2026-10-05T02:41:49.185999Z,KXBTC15M-26OCT042245-45,0.9880,10.11,yes
2026-10-05T02:41:49.30204Z,KXBTC15M-26OCT042245-45,0.9870,354.06,no
2026-10-05T02:41:49.30204Z,KXBTC15M-26OCT042245-45,0.9870,48.00,no
2026-10-05T02:41:49.30204Z,KXBTC15M-26OCT042245-45,0.9870,240.00,no
2026-10-05T02:41:49.30204Z,KXBTC15M-26OCT042245-45,0.9870,14.00,no
2026-10-05T02:41:49.30204Z,KXBTC15M-26OCT042245-45,0.9870,0.10,no
2026-10-05T02:41:49.30204Z,KXBTC15M-26OCT042245-45,0.9870,0.01,no
2026-10-05T02:41:49.30204Z,KXBTC15M-26OCT042245-45,0.9870,12.00,no
2026-10-05T02:41:49.362315Z,KXBTC15M-26OCT042245-45,0.9870,45.56,no
2026-10-05T02:41:49.414764Z,KXBTC15M-26OCT042245-45,0.9870,51.82,no
2026-10-05T02:41:49.414764Z,KXBTC15M-26OCT042245-45,0.9870,1.00,no
2026-10-05T02:41:49.414764Z,KXBTC15M-26OCT042245-45,0.9870,14.00,no
2026-10-05T02:41:49.415317Z,KXBTC15M-26OCT042245-45,0.9880,200.00,yes
2026-10-05T02:41:49.415317Z,KXBTC15M-26OCT042245-45,0.9880,1.00,yes
2026-10-05T02:41:49.415317Z,KXBTC15M-26OCT042245-45,0.9880,0.01,yes
2026-10-05T02:41:49.415317Z,KXBTC15M-26OCT042245-45,0.9880,1.00,yes
2026-10-05T02:41:49.415317Z,KXBTC15M-26OCT042245-45,0.9880,446.94,yes
2026-10-05T02:41:49.415317Z,KXBTC15M-26OCT042245-45,0.9880,15.00,yes
2026-10-05T02:41:49.415317Z,KXBTC15M-26OCT042245-45,0.9880,0.01,yes
2026-10-05T02:41:49.415317Z,KXBTC15M-26OCT042245-45,0.9880,3.80,yes
2026-10-05T02:41:49.514149Z,KXBTC15M-26OCT042245-45,0.9870,14.00,no
2026-10-05T02:41:49.514149Z,KXBTC15M-26OCT042245-45,0.9870,84.00,no
2026-10-05T02:41:49.514149Z,KXBTC15M-26OCT042245-45,0.9870,119.21,no
2026-10-05T02:41:49.514149Z,KXBTC15M-26OCT042245-45,0.9870,1.00,no
2026-10-05T02:41:49.514149Z,KXBTC15M-26OCT042245-45,0.9870,400.00,no
2026-10-05T02:41:49.514149Z,KXBTC15M-26OCT042245-45,0.9870,0.01,no
2026-10-05T02:41:49.514149Z,KXBTC15M-26OCT042245-45,0.9870,324.00,no
2026-10-05T02:41:49.514149Z,KXBTC15M-26OCT042245-45,0.9870,0.01,no
2026-10-05T02:41:49.514149Z,KXBTC15M-26OCT042245-45,0.9870,500.00,no
2026-10-05T02:41:49.684706Z,KXBTC15M-26OCT042245-45,0.9870,500.00,no
2026-10-05T02:41:49.684706Z,KXBTC15M-26OCT042245-45,0.9870,1.00,no
2026-10-05T02:41:49.684706Z,KXBTC15M-26OCT042245-45,0.9870,14.00,no
2026-10-05T02:41:49.684706Z,KXBTC15M-26OCT042245-45,0.9860,511.00,no
2026-10-05T02:41:49.690209Z,KXBTC15M-26OCT042245-45,0.9900,3.00,yes
2026-10-05T02:41:49.690209Z,KXBTC15M-26OCT042245-45,0.9880,0.01,yes
2026-10-05T02:41:49.690209Z,KXBTC15M-26OCT042245-45,0.9880,1.00,yes
2026-10-05T02:41:49.690209Z,KXBTC15M-26OCT042245-45,0.9880,458.00,yes
2026-10-05T02:41:49.690209Z,KXBTC15M-26OCT042245-45,0.9890,200.00,yes
2026-10-05T02:41:49.690209Z,KXBTC15M-26OCT042245-45,0.9880,1.00,yes
2026-10-05T02:41:49.690209Z,KXBTC15M-26OCT042245-45,0.9900,93.75,yes
2026-10-05T02:41:49.690209Z,KXBTC15M-26OCT042245-45,0.9890,1000.00,yes
2026-10-05T02:41:49.690209Z,KXBTC15M-26OCT042245-45,0.9880,0.01,yes
2026-10-05T02:41:49.690209Z,KXBTC15M-26OCT042245-45,0.9910,1220.00,yes
2026-10-05T02:41:49.690209Z,KXBTC15M-26OCT042245-45,0.9900,15.00,yes
2026-10-05T02:41:49.690209Z,KXBTC15M-26OCT042245-45,0.9900,93.75,yes
2026-10-05T02:41:49.690209Z,KXBTC15M-26OCT042245-45,0.9910,1.00,yes
2026-10-05T02:41:49.690209Z,KXBTC15M-26OCT042245-45,0.9900,1.00,yes
2026-10-05T02:41:49.690209Z,KXBTC15M-26OCT042245-45,0.9920,447.82,yes
2026-10-05T02:41:49.690209Z,KXBTC15M-26OCT042245-45,0.9920,150.00,yes
2026-10-05T02:41:49.690209Z,KXBTC15M-26OCT042245-45,0.9890,1.00,yes
2026-10-05T02:41:49.690209Z,KXBTC15M-26OCT042245-45,0.9910,13.00,yes
2026-10-05T02:41:49.690209Z,KXBTC15M-26OCT042245-45,0.9900,15.00,yes
2026-10-05T02:41:49.690209Z,KXBTC15M-26OCT042245-45,0.9920,515.69,yes
2026-10-05T02:41:49.690209Z,KXBTC15M-26OCT042245-45,0.9920,10.00,yes
2026-10-05T02:41:49.690209Z,KXBTC15M-26OCT042245-45,0.9920,17.00,yes
2026-10-05T02:41:49.690209Z,KXBTC15M-26OCT042245-45,0.9900,19.00,yes
2026-10-05T02:41:49.690209Z,KXBTC15M-26OCT042245-45,0.9900,50.00,yes
2026-10-05T02:41:49.690209Z,KXBTC15M-26OCT042245-45,0.9910,10.00,yes
2026-10-05T02:41:49.783547Z,KXBTC15M-26OCT042245-45,0.9890,0.01,yes
2026-10-05T02:41:49.783547Z,KXBTC15M-26OCT042245-45,0.9900,1.00,yes
2026-10-05T02:41:49.783547Z,KXBTC15M-26OCT042245-45,0.9880,1.00,yes
2026-10-05T02:41:49.783547Z,KXBTC15M-26OCT042245-45,0.9910,41.28,yes
2026-10-05T02:41:49.783547Z,KXBTC15M-26OCT042245-45,0.9870,1.00,yes
2026-10-05T02:41:49.783547Z,KXBTC15M-26OCT042245-45,0.9900,1.00,yes
2026-10-05T02:41:49.783547Z,KXBTC15M-26OCT042245-45,0.9870,0.01,yes
2026-10-05T02:41:49.783547Z,KXBTC15M-26OCT042245-45,0.9870,0.01,yes
2026-10-05T02:41:49.783547Z,KXBTC15M-26OCT042245-45,0.9900,200.00,yes
2026-10-05T02:41:49.783547Z,KXBTC15M-26OCT042245-45,0.9900,1.00,yes
2026-10-05T02:41:49.783547Z,KXBTC15M-26OCT042245-45,0.9890,1.00,yes
2026-10-05T02:41:49.783547Z,KXBTC15M-26OCT042245-45,0.9900,50.00,yes
2026-10-05T02:41:49.844964Z,KXBTC15M-26OCT042245-45,0.9870,0.01,no
2026-10-05T02:41:49.844964Z,KXBTC15M-26OCT042245-45,0.9880,15.00,no
2026-10-05T02:41:49.844964Z,KXBTC15M-26OCT042245-45,0.9870,344.73,no
2026-10-05T02:41:49.844964Z,KXBTC15M-26OCT042245-45,0.9880,0.01,no
2026-10-05T02:41:49.844964Z,KXBTC15M-26OCT042245-45,0.9870,0.01,no
2026-10-05T02:41:49.885738Z,KXBTC15M-26OCT042245-45,0.9890,15.00,no
2026-10-05T02:41:49.885738Z,KXBTC15M-26OCT042245-45,0.9860,55.51,no
2026-10-05T02:41:49.90888Z,KXBTC15M-26OCT042245-45,0.9870,9.98,no
2026-10-05T02:41:49.90888Z,KXBTC15M-26OCT042245-45,0.9890,0.01,no
2026-10-05T02:41:49.90888Z,KXBTC15M-26OCT042245-45,0.9890,0.01,no
2026-10-05T02:41:49.910195Z,KXBTC15M-26OCT042245-45,0.9870,5.02,no
2026-10-05T02:41:49.910195Z,KXBTC15M-26OCT042245-45,0.9860,7.74,no
2026-10-05T02:41:49.965017Z,KXBTC15M-26OCT042245-45,0.9860,4.58,no
2026-10-05T02:41:50.067153Z,KXBTC15M-26OCT042245-45,0.9880,0.01,yes
2026-10-05T02:41:50.067153Z,KXBTC15M-26OCT042245-45,0.9880,0.01,yes
2026-10-05T02:41:50.067153Z,KXBTC15M-26OCT042245-45,0.9880,6.71,yes
2026-10-05T02:41:50.072279Z,KXBTC15M-26OCT042245-45,0.9870,133.63,no
2026-10-05T02:41:50.142877Z,KXBTC15M-26OCT042245-45,0.9870,11.36,no
2026-10-05T02:41:50.150689Z,KXBTC15M-26OCT042245-45,0.9870,111.00,no
2026-10-05T02:41:50.30859Z,KXBTC15M-26OCT042245-45,0.9880,10.00,yes
2026-10-05T02:41:50.30859Z,KXBTC15M-26OCT042245-45,0.9880,0.01,yes
2026-10-05T02:41:50.30859Z,KXBTC15M-26OCT042245-45,0.9880,0.01,yes
2026-10-05T02:41:50.30859Z,KXBTC15M-26OCT042245-45,0.9880,1.00,yes
2026-10-05T02:41:50.368377Z,KXBTC15M-26OCT042245-45,0.9880,5.76,no
2026-10-05T02:41:50.448476Z,KXBTC15M-26OCT042245-45,0.9890,15.00,yes
2026-10-05T02:41:50.448476Z,KXBTC15M-26OCT042245-45,0.9890,115.00,yes
2026-10-05T02:41:50.448476Z,KXBTC15M-26OCT042245-45,0.9890,0.01,yes
2026-10-05T02:41:50.448476Z,KXBTC15M-26OCT042245-45,0.9890,0.01,yes
2026-10-05T02:41:50.552587Z,KXBTC15M-26OCT042245-45,0.9880,70.00,no
2026-10-05T02:41:50.552587Z,KXBTC15M-26OCT042245-45,0.9880,0.01,no
2026-10-05T02:41:50.552587Z,KXBTC15M-26OCT042245-45,0.9880,70.00,no
2026-10-05T02:41:50.552587Z,KXBTC15M-26OCT042245-45,0.9880,1.00,no
2026-10-05T02:41:50.552587Z,KXBTC15M-26OCT042245-45,0.9880,0.01,no
2026-10-05T02:41:50.552587Z,KXBTC15M-26OCT042245-45,0.9880,70.00,no
2026-10-05T02:41:50.552587Z,KXBTC15M-26OCT042245-45,0.9880,70.00,no
2026-10-05T02:41:50.552587Z,KXBTC15M-26OCT042245-45,0.9880,70.00,no
2026-10-05T02:41:50.552587Z,KXBTC15M-26OCT042245-45,0.9880,64.24,no
2026-10-05T02:41:50.552587Z,KXBTC15M-26OCT042245-45,0.9880,182.91,no
2026-10-05T02:41:50.552587Z,KXBTC15M-26OCT042245-45,0.9880,70.00,no
2026-10-05T02:41:50.584184Z,KXBTC15M-26OCT042245-45,0.9890,387.49,yes
2026-10-05T02:41:50.584184Z,KXBTC15M-26OCT042245-45,0.9890,1.00,yes
2026-10-05T02:41:50.587129Z,KXBTC15M-26OCT042245-45,0.9880,239.80,no
2026-10-05T02:41:50.587129Z,KXBTC15M-26OCT042245-45,0.9880,0.01,no
2026-10-05T02:41:50.587129Z,KXBTC15M-26OCT042245-45,0.9880,17.09,no
2026-10-05T02:41:50.587129Z,KXBTC15M-26OCT042245-45,0.9880,0.01,no
2026-10-05T02:41:50.587129Z,KXBTC15M-26OCT042245-45,0.9870,88.21,no
2026-10-05T02:41:50.616622Z,KXBTC15M-26OCT042245-45,0.9880,7.17,no
2026-10-05T02:41:50.616622Z,KXBTC15M-26OCT042245-45,0.9880,0.01,no
2026-10-05T02:41:50.616622Z,KXBTC15M-26OCT042245-45,0.9880,0.01,no
2026-10-05T02:41:50.700234Z,KXBTC15M-26OCT042245-45,0.9880,3.03,yes
2026-10-05T02:41:50.734754Z,KXBTC15M-26OCT042245-45,0.9870,17.27,no
2026-10-05T02:41:50.92022Z,KXBTC15M-26OCT042245-45,0.9880,0.01,yes
2026-10-05T02:41:50.92022Z,KXBTC15M-26OCT042245-45,0.9890,2.00,yes
2026-10-05T02:41:50.92022Z,KXBTC15M-26OCT042245-45,0.9880,0.01,yes
2026-10-05T02:41:50.95482Z,KXBTC15M-26OCT042245-45,0.9870,14.00,no
2026-10-05T02:41:50.95482Z,KXBTC15M-26OCT042245-45,0.9870,0.01,no
2026-10-05T02:41:50.95482Z,KXBTC15M-26OCT042245-45,0.9870,38.53,no
2026-10-05T02:41:50.95482Z,KXBTC15M-26OCT042245-45,0.9870,1.00,no
2026-10-05T02:41:50.95482Z,KXBTC15M-26OCT042245-45,0.9870,13.28,no
2026-10-05T02:41:51.007257Z,KXBTC15M-26OCT042245-45,0.9870,14.39,no
2026-10-05T02:41:51.053551Z,KXBTC15M-26OCT042245-45,0.9870,2.08,no
2026-10-05T02:41:51.077448Z,KXBTC15M-26OCT042245-45,0.9870,76.26,no
2026-10-05T02:41:51.486289Z,KXBTC15M-26OCT042245-45,0.9880,0.01,yes
2026-10-05T02:41:51.486289Z,KXBTC15M-26OCT042245-45,0.9880,0.01,yes
2026-10-05T02:41:51.486289Z,KXBTC15M-26OCT042245-45,0.9880,10.08,yes
2026-10-05T02:41:51.507004Z,KXBTC15M-26OCT042245-45,0.9870,0.01,no
2026-10-05T02:41:51.507004Z,KXBTC15M-26OCT042245-45,0.9870,12.94,no
2026-10-05T02:41:51.709831Z,KXBTC15M-26OCT042245-45,0.9870,0.01,no
2026-10-05T02:41:51.709831Z,KXBTC15M-26OCT042245-45,0.9870,0.01,no
2026-10-05T02:41:51.709831Z,KXBTC15M-26OCT042245-45,0.9870,12.94,no
2026-10-05T02:41:51.709831Z,KXBTC15M-26OCT042245-45,0.9870,1.06,no
2026-10-05T02:41:51.709831Z,KXBTC15M-26OCT042245-45,0.9860,655.13,no
2026-10-05T02:41:51.811455Z,KXBTC15M-26OCT042245-45,0.9860,31.73,no
2026-10-05T02:41:51.853584Z,KXBTC15M-26OCT042245-45,0.9870,0.01,yes
2026-10-05T02:41:51.853584Z,KXBTC15M-26OCT042245-45,0.9870,0.01,yes
2026-10-05T02:41:51.853584Z,KXBTC15M-26OCT042245-45,0.9900,2.01,yes
2026-10-05T02:41:51.910237Z,KXBTC15M-26OCT042245-45,0.9890,0.01,yes
2026-10-05T02:41:51.910237Z,KXBTC15M-26OCT042245-45,0.9890,0.01,yes
2026-10-05T02:41:51.910237Z,KXBTC15M-26OCT042245-45,0.9890,9.88,yes
2026-10-05T02:41:51.93378Z,KXBTC15M-26OCT042245-45,0.9870,14.00,no
2026-10-05T02:41:51.93378Z,KXBTC15M-26OCT042245-45,0.9870,0.10,no
2026-10-05T02:41:51.93378Z,KXBTC15M-26OCT042245-45,0.9870,200.00,no
2026-10-05T02:41:51.93378Z,KXBTC15M-26OCT042245-45,0.9870,38.67,no
2026-10-05T02:41:51.93378Z,KXBTC15M-26OCT042245-45,0.9870,500.00,no
2026-10-05T02:41:51.953939Z,KXBTC15M-26OCT042245-45,0.9870,14.00,no
2026-10-05T02:41:51.953939Z,KXBTC15M-26OCT042245-45,0.9870,0.01,no
2026-10-05T02:41:51.953939Z,KXBTC15M-26OCT042245-45,0.9870,0.01,no
2026-10-05T02:41:51.953939Z,KXBTC15M-26OCT042245-45,0.9870,0.08,no
2026-10-05T02:41:51.980218Z,KXBTC15M-26OCT042245-45,0.9890,2.68,yes
2026-10-05T02:41:52.052075Z,KXBTC15M-26OCT042245-45,0.9870,0.92,no
2026-10-05T02:41:52.052075Z,KXBTC15M-26OCT042245-45,0.9870,1.31,no
2026-10-05T02:41:52.115642Z,KXBTC15M-26OCT042245-45,0.9870,8.77,no
2026-10-05T02:41:52.127057Z,KXBTC15M-26OCT042245-45,0.9890,400.00,yes
2026-10-05T02:41:52.127057Z,KXBTC15M-26OCT042245-45,0.9890,87.44,yes
2026-10-05T02:41:52.127057Z,KXBTC15M-26OCT042245-45,0.9890,98.21,yes
2026-10-05T02:41:52.220851Z,KXBTC15M-26OCT042245-45,0.9870,0.01,no
2026-10-05T02:41:52.220851Z,KXBTC15M-26OCT042245-45,0.9870,0.01,no
2026-10-05T02:41:52.220851Z,KXBTC15M-26OCT042245-45,0.9870,3.92,no
2026-10-05T02:41:52.220851Z,KXBTC15M-26OCT042245-45,0.9870,1.31,no
2026-10-05T02:41:52.220851Z,KXBTC15M-26OCT042245-45,0.9870,8.77,no
2026-10-05T02:41:52.220851Z,KXBTC15M-26OCT042245-45,0.9870,1.00,no
2026-10-05T02:41:52.220851Z,KXBTC15M-26OCT042245-45,0.9860,52.45,no
2026-10-05T02:41:52.243737Z,KXBTC15M-26OCT042245-45,0.9890,1.00,yes
2026-10-05T02:41:52.290775Z,KXBTC15M-26OCT042245-45,0.9880,0.01,yes
2026-10-05T02:41:52.290775Z,KXBTC15M-26OCT042245-45,0.9880,0.01,yes
2026-10-05T02:41:52.290775Z,KXBTC15M-26OCT042245-45,0.9880,20.00,yes
2026-10-05T02:41:52.305286Z,KXBTC15M-26OCT042245-45,0.9890,0.01,yes
2026-10-05T02:41:52.305286Z,KXBTC15M-26OCT042245-45,0.9890,0.01,yes
2026-10-05T02:41:52.305286Z,KXBTC15M-26OCT042245-45,0.9890,400.00,yes
2026-10-05T02:41:52.464038Z,KXBTC15M-26OCT042245-45,0.9880,293.82,no
2026-10-05T02:41:52.520205Z,KXBTC15M-26OCT042245-45,0.9880,67.47,no
2026-10-05T02:41:52.714518Z,KXBTC15M-26OCT042245-45,0.9890,0.01,yes
2026-10-05T02:41:52.714518Z,KXBTC15M-26OCT042245-45,0.9890,0.01,yes
2026-10-05T02:41:52.714518Z,KXBTC15M-26OCT042245-45,0.9900,8.88,yes
2026-10-05T02:41:52.746241Z,KXBTC15M-26OCT042245-45,0.9890,1.94,no
2026-10-05T02:41:52.746241Z,KXBTC15M-26OCT042245-45,0.9890,0.01,no
2026-10-05T02:41:52.746241Z,KXBTC15M-26OCT042245-45,0.9890,0.01,no
2026-10-05T02:41:52.746241Z,KXBTC15M-26OCT042245-45,0.9890,0.10,no
2026-10-05T02:41:52.82781Z,KXBTC15M-26OCT042245-45,0.9890,0.01,no
2026-10-05T02:41:52.82781Z,KXBTC15M-26OCT042245-45,0.9890,1.00,no
2026-10-05T02:41:52.82781Z,KXBTC15M-26OCT042245-45,0.9880,183.98,no
2026-10-05T02:41:52.82781Z,KXBTC15M-26OCT042245-45,0.9890,0.01,no
2026-10-05T02:41:52.82781Z,KXBTC15M-26OCT042245-45,0.9890,15.00,no
2026-10-05T02:41:52.950041Z,KXBTC15M-26OCT042245-45,0.9880,1834.71,no
2026-10-05T02:41:52.950041Z,KXBTC15M-26OCT042245-45,0.9890,15.00,no
2026-10-05T02:41:52.950041Z,KXBTC15M-26OCT042245-45,0.9890,1.00,no
2026-10-05T02:41:52.950041Z,KXBTC15M-26OCT042245-45,0.9880,86.45,no
2026-10-05T02:41:52.950041Z,KXBTC15M-26OCT042245-45,0.9890,0.01,no
2026-10-05T02:41:52.950041Z,KXBTC15M-26OCT042245-45,0.9890,0.01,no
2026-10-05T02:41:52.960019Z,KXBTC15M-26OCT042245-45,0.9900,0.21,yes
2026-10-05T02:41:52.965161Z,KXBTC15M-26OCT042245-45,0.9900,35.39,yes
2026-10-05T02:41:52.976679Z,KXBTC15M-26OCT042245-45,0.9880,14.31,no
2026-10-05T02:41:52.976679Z,KXBTC15M-26OCT042245-45,0.9890,1.00,no
2026-10-05T02:41:52.98009Z,KXBTC15M-26OCT042245-45,0.9880,1.00,no
2026-10-05T02:41:52.98009Z,KXBTC15M-26OCT042245-45,0.9880,99.24,no
2026-10-05T02:41:52.98009Z,KXBTC15M-26OCT042245-45,0.9880,1.00,no
2026-10-05T02:41:52.98009Z,KXBTC15M-26OCT042245-45,0.9880,662.60,no
2026-10-05T02:41:52.980715Z,KXBTC15M-26OCT042245-45,0.9870,137.20,no
2026-10-05T02:41:52.980715Z,KXBTC15M-26OCT042245-45,0.9880,170.40,no
2026-10-05T02:41:53.021287Z,KXBTC15M-26OCT042245-45,0.9880,0.01,yes
2026-10-05T02:41:53.021287Z,KXBTC15M-26OCT042245-45,0.9880,0.01,yes
2026-10-05T02:41:53.021287Z,KXBTC15M-26OCT042245-45,0.9880,0.10,yes
2026-10-05T02:41:53.117878Z,KXBTC15M-26OCT042245-45,0.9880,78.53,no
2026-10-05T02:41:53.219301Z,KXBTC15M-26OCT042245-45,0.9890,1.99,yes
2026-10-05T02:41:53.219301Z,KXBTC15M-26OCT042245-45,0.9890,0.01,yes
2026-10-05T02:41:53.219301Z,KXBTC15M-26OCT042245-45,0.9890,0.01,yes
2026-10-05T02:41:53.33278Z,KXBTC15M-26OCT042245-45,0.9880,77.34,no
2026-10-05T02:41:53.40847Z,KXBTC15M-26OCT042245-45,0.9880,77.94,no
2026-10-05T02:41:53.501714Z,KXBTC15M-26OCT042245-45,0.9890,2.06,yes
2026-10-05T02:41:53.564019Z,KXBTC15M-26OCT042245-45,0.9880,5.93,no
2026-10-05T02:41:53.57129Z,KXBTC15M-26OCT042245-45,0.9880,70.00,no
2026-10-05T02:41:53.57129Z,KXBTC15M-26OCT042245-45,0.9880,69.86,no
2026-10-05T02:41:53.57129Z,KXBTC15M-26OCT042245-45,0.9880,70.00,no
2026-10-05T02:41:53.57129Z,KXBTC15M-26OCT042245-45,0.9880,70.00,no
2026-10-05T02:41:53.57129Z,KXBTC15M-26OCT042245-45,0.9880,70.00,no
2026-10-05T02:41:53.57129Z,KXBTC15M-26OCT042245-45,0.9880,760.14,no
2026-10-05T02:41:53.5724Z,KXBTC15M-26OCT042245-45,0.9880,0.14,no
2026-10-05T02:41:53.5724Z,KXBTC15M-26OCT042245-45,0.9880,0.10,no
2026-10-05T02:41:53.5724Z,KXBTC15M-26OCT042245-45,0.9880,0.01,no
2026-10-05T02:41:53.5724Z,KXBTC15M-26OCT042245-45,0.9880,77.69,no
2026-10-05T02:41:53.730073Z,KXBTC15M-26OCT042245-45,0.9890,4.61,yes
2026-10-05T02:41:53.767065Z,KXBTC15M-26OCT042245-45,0.9880,122.31,no
2026-10-05T02:41:53.767065Z,KXBTC15M-26OCT042245-45,0.9880,0.01,no
2026-10-05T02:41:53.767065Z,KXBTC15M-26OCT042245-45,0.9880,8.00,no
2026-10-05T02:41:53.767065Z,KXBTC15M-26OCT042245-45,0.9880,55.93,no
2026-10-05T02:41:53.767065Z,KXBTC15M-26OCT042245-45,0.9880,1.00,no
2026-10-05T02:41:53.767065Z,KXBTC15M-26OCT042245-45,0.9880,0.01,no
2026-10-05T02:41:53.767065Z,KXBTC15M-26OCT042245-45,0.9870,1.00,no
2026-10-05T02:41:53.767065Z,KXBTC15M-26OCT042245-45,0.9870,14.00,no
2026-10-05T02:41:53.767065Z,KXBTC15M-26OCT042245-45,0.9870,155.24,no
2026-10-05T02:41:53.799175Z,KXBTC15M-26OCT042245-45,0.9890,0.01,yes
2026-10-05T02:41:53.799175Z,KXBTC15M-26OCT042245-45,0.9880,0.10,yes
2026-10-05T02:41:53.799175Z,KXBTC15M-26OCT042245-45,0.9890,0.01,yes
2026-10-05T02:41:53.799175Z,KXBTC15M-26OCT042245-45,0.9890,16.62,yes
2026-10-05T02:41:53.997815Z,KXBTC15M-26OCT042245-45,0.9900,3.51,yes
2026-10-05T02:41:53.997815Z,KXBTC15M-26OCT042245-45,0.9900,1.56,yes
2026-10-05T02:41:53.997815Z,KXBTC15M-26OCT042245-45,0.9880,0.01,yes
2026-10-05T02:41:53.997815Z,KXBTC15M-26OCT042245-45,0.9880,0.01,yes
2026-10-05T02:41:54.153202Z,KXBTC15M-26OCT042245-45,0.9880,0.01,yes
2026-10-05T02:41:54.153202Z,KXBTC15M-26OCT042245-45,0.9880,0.01,yes
2026-10-05T02:41:54.153202Z,KXBTC15M-26OCT042245-45,0.9890,1.27,yes
2026-10-05T02:41:54.208824Z,KXBTC15M-26OCT042245-45,0.9900,2.74,yes
2026-10-05T02:41:54.208824Z,KXBTC15M-26OCT042245-45,0.9900,13.44,yes
2026-10-05T02:41:54.208824Z,KXBTC15M-26OCT042245-45,0.9880,0.01,yes
2026-10-05T02:41:54.208824Z,KXBTC15M-26OCT042245-45,0.9890,0.01,yes
2026-10-05T02:41:54.208824Z,KXBTC15M-26OCT042245-45,0.9880,0.01,yes
2026-10-05T02:41:54.224006Z,KXBTC15M-26OCT042245-45,0.9880,19.70,no
2026-10-05T02:41:54.224006Z,KXBTC15M-26OCT042245-45,0.9880,70.00,no
2026-10-05T02:41:54.326289Z,KXBTC15M-26OCT042245-45,0.9860,979.93,no
2026-10-05T02:41:54.326289Z,KXBTC15M-26OCT042245-45,0.9870,500.00,no
2026-10-05T02:41:54.326289Z,KXBTC15M-26OCT042245-45,0.9870,200.00,no
2026-10-05T02:41:54.326289Z,KXBTC15M-26OCT042245-45,0.9870,495.43,no
2026-10-05T02:41:54.326289Z,KXBTC15M-26OCT042245-45,0.9880,15.00,no
2026-10-05T02:41:54.326289Z,KXBTC15M-26OCT042245-45,0.9880,1.00,no
2026-10-05T02:41:54.326289Z,KXBTC15M-26OCT042245-45,0.9870,1.00,no
2026-10-05T02:41:54.326289Z,KXBTC15M-26OCT042245-45,0.9880,400.00,no
2026-10-05T02:41:54.326289Z,KXBTC15M-26OCT042245-45,0.9880,1.00,no
2026-10-05T02:41:54.326289Z,KXBTC15M-26OCT042245-45,0.9880,0.01,no
2026-10-05T02:41:54.326289Z,KXBTC15M-26OCT042245-45,0.9880,200.00,no
2026-10-05T02:41:54.326289Z,KXBTC15M-26OCT042245-45,0.9880,0.10,no
2026-10-05T02:41:54.326289Z,KXBTC15M-26OCT042245-45,0.9880,100.00,no
2026-10-05T02:41:54.326289Z,KXBTC15M-26OCT042245-45,0.9880,50.30,no
2026-10-05T02:41:54.326289Z,KXBTC15M-26OCT042245-45,0.9880,0.01,no
2026-10-05T02:41:54.326289Z,KXBTC15M-26OCT042245-45,0.9870,86.76,no
2026-10-05T02:41:54.326289Z,KXBTC15M-26OCT042245-45,0.9880,500.00,no
2026-10-05T02:41:54.326289Z,KXBTC15M-26OCT042245-45,0.9880,10.00,no
2026-10-05T02:41:54.338816Z,KXBTC15M-26OCT042245-45,0.9900,64.26,yes
2026-10-05T02:41:54.338816Z,KXBTC15M-26OCT042245-45,0.9900,13.55,yes
2026-10-05T02:41:54.338816Z,KXBTC15M-26OCT042245-45,0.9890,0.01,yes
2026-10-05T02:41:54.338816Z,KXBTC15M-26OCT042245-45,0.9890,0.01,yes
2026-10-05T02:41:54.391178Z,KXBTC15M-26OCT042245-45,0.9880,15.00,no
2026-10-05T02:41:54.391178Z,KXBTC15M-26OCT042245-45,0.9880,400.00,no
2026-10-05T02:41:54.391178Z,KXBTC15M-26OCT042245-45,0.9880,100.00,no
2026-10-05T02:41:54.391178Z,KXBTC15M-26OCT042245-45,0.9880,0.01,no
2026-10-05T02:41:54.391178Z,KXBTC15M-26OCT042245-45,0.9870,48.82,no
2026-10-05T02:41:54.391178Z,KXBTC15M-26OCT042245-45,0.9880,0.01,no
2026-10-05T02:41:54.391178Z,KXBTC15M-26OCT042245-45,0.9880,200.00,no
2026-10-05T02:41:54.44819Z,KXBTC15M-26OCT042245-45,0.9890,0.21,yes
2026-10-05T02:41:54.44819Z,KXBTC15M-26OCT042245-45,0.9890,0.01,yes
2026-10-05T02:41:54.44819Z,KXBTC15M-26OCT042245-45,0.9890,0.01,yes
2026-10-05T02:41:54.468728Z,KXBTC15M-26OCT042245-45,0.9880,0.01,no
2026-10-05T02:41:54.468728Z,KXBTC15M-26OCT042245-45,0.9880,400.00,no
2026-10-05T02:41:54.468728Z,KXBTC15M-26OCT042245-45,0.9880,65.82,no
2026-10-05T02:41:54.468728Z,KXBTC15M-26OCT042245-45,0.9880,0.01,no
2026-10-05T02:41:54.468728Z,KXBTC15M-26OCT042245-45,0.9880,100.00,no
2026-10-05T02:41:54.46949Z,KXBTC15M-26OCT042245-45,0.9890,2.02,yes
2026-10-05T02:41:54.538263Z,KXBTC15M-26OCT042245-45,0.9880,143.90,no
2026-10-05T02:41:54.602302Z,KXBTC15M-26OCT042245-45,0.9880,103.09,no
2026-10-05T02:41:54.781092Z,KXBTC15M-26OCT042245-45,0.9880,88.00,no
2026-10-05T02:41:54.80251Z,KXBTC15M-26OCT042245-45,0.9890,0.10,yes
2026-10-05T02:41:54.809229Z,KXBTC15M-26OCT042245-45,0.9890,133.36,yes
2026-10-05T02:41:54.880095Z,KXBTC15M-26OCT042245-45,0.9880,10.00,no
2026-10-05T02:41:54.880095Z,KXBTC15M-26OCT042245-45,0.9880,0.01,no
2026-10-05T02:41:54.880095Z,KXBTC15M-26OCT042245-45,0.9880,0.01,no
2026-10-05T02:41:54.880095Z,KXBTC15M-26OCT042245-45,0.9880,34.69,no
2026-10-05T02:41:54.880095Z,KXBTC15M-26OCT042245-45,0.9880,99.19,no
2026-10-05T02:41:54.909625Z,KXBTC15M-26OCT042245-45,0.9880,65.31,no
2026-10-05T02:41:54.909625Z,KXBTC15M-26OCT042245-45,0.9880,12.63,no
2026-10-05T02:41:54.979117Z,KXBTC15M-26OCT042245-45,0.9880,10.07,no
2026-10-05T02:41:54.979911Z,KXBTC15M-26OCT042245-45,0.9880,312.18,no
2026-10-05T02:41:55.307014Z,KXBTC15M-26OCT042245-45,0.9890,10.10,yes
2026-10-05T02:41:55.313226Z,KXBTC15M-26OCT042245-45,0.9880,1.00,no
2026-10-05T02:41:55.313226Z,KXBTC15M-26OCT042245-45,0.9880,75.12,no
2026-10-05T02:41:55.344218Z,KXBTC15M-26OCT042245-45,0.9890,6.05,yes
2026-10-05T02:41:55.364695Z,KXBTC15M-26OCT042245-45,0.9880,77.92,no
2026-10-05T02:41:55.364695Z,KXBTC15M-26OCT042245-45,0.9880,0.01,no
2026-10-05T02:41:55.364695Z,KXBTC15M-26OCT042245-45,0.9880,0.01,no
2026-10-05T02:41:55.454781Z,KXBTC15M-26OCT042245-45,0.9880,30.36,no
2026-10-05T02:41:55.454781Z,KXBTC15M-26OCT042245-45,0.9880,22.08,no
2026-10-05T02:41:55.677915Z,KXBTC15M-26OCT042245-45,0.9880,35.85,no
2026-10-05T02:41:55.743362Z,KXBTC15M-26OCT042245-45,0.9880,24.72,no
2026-10-05T02:41:55.853398Z,KXBTC15M-26OCT042245-45,0.9880,354.77,no
2026-10-05T02:41:55.853398Z,KXBTC15M-26OCT042245-45,0.9880,409.07,no
2026-10-05T02:41:55.978517Z,KXBTC15M-26OCT042245-45,0.9880,76.92,no
2026-10-05T02:41:55.978517Z,KXBTC15M-26OCT042245-45,0.9880,0.01,no
2026-10-05T02:41:55.978517Z,KXBTC15M-26OCT042245-45,0.9880,1.00,no
2026-10-05T02:41:55.978517Z,KXBTC15M-26OCT042245-45,0.9880,0.01,no
2026-10-05T02:41:55.993061Z,KXBTC15M-26OCT042245-45,0.9880,19.78,no
2026-10-05T02:41:56.002696Z,KXBTC15M-26OCT042245-45,0.9880,27.63,no
2026-10-05T02:41:56.002696Z,KXBTC15M-26OCT042245-45,0.9880,3.30,no
2026-10-05T02:41:56.051693Z,KXBTC15M-26OCT042245-45,0.9880,30.55,no
2026-10-05T02:41:56.072693Z,KXBTC15M-26OCT042245-45,0.9880,30.93,no
2026-10-05T02:41:56.156566Z,KXBTC15M-26OCT042245-45,0.9880,110.89,no
2026-10-05T02:41:56.156566Z,KXBTC15M-26OCT042245-45,0.9880,181.47,no
2026-10-05T02:41:56.230633Z,KXBTC15M-26OCT042245-45,0.9890,0.01,yes
2026-10-05T02:41:56.230633Z,KXBTC15M-26OCT042245-45,0.9890,0.01,yes
2026-10-05T02:41:56.230633Z,KXBTC15M-26OCT042245-45,0.9890,15.00,yes
2026-10-05T02:41:56.230633Z,KXBTC15M-26OCT042245-45,0.9890,142.34,yes
2026-10-05T02:41:56.337799Z,KXBTC15M-26OCT042245-45,0.9890,45.09,no
2026-10-05T02:41:56.403218Z,KXBTC15M-26OCT042245-45,0.9900,36.45,yes
2026-10-05T02:41:56.403218Z,KXBTC15M-26OCT042245-45,0.9910,33.65,yes
2026-10-05T02:41:56.403218Z,KXBTC15M-26OCT042245-45,0.9900,0.01,yes
2026-10-05T02:41:56.403218Z,KXBTC15M-26OCT042245-45,0.9900,0.01,yes
2026-10-05T02:41:56.403218Z,KXBTC15M-26OCT042245-45,0.9910,50.00,yes
2026-10-05T02:41:56.418237Z,KXBTC15M-26OCT042245-45,0.9890,77.84,no
2026-10-05T02:41:56.418237Z,KXBTC15M-26OCT042245-45,0.9900,0.10,no
2026-10-05T02:41:56.41981Z,KXBTC15M-26OCT042245-45,0.9910,2.96,yes
2026-10-05T02:41:56.430917Z,KXBTC15M-26OCT042245-45,0.9900,0.01,no
2026-10-05T02:41:56.430917Z,KXBTC15M-26OCT042245-45,0.9900,2.03,no
2026-10-05T02:41:56.430917Z,KXBTC15M-26OCT042245-45,0.9900,0.01,no
2026-10-05T02:41:56.444471Z,KXBTC15M-26OCT042245-45,0.9910,85.57,yes
2026-10-05T02:41:56.50916Z,KXBTC15M-26OCT042245-45,0.9900,18.73,no
2026-10-05T02:41:56.586599Z,KXBTC15M-26OCT042245-45,0.9900,2.00,no
2026-10-05T02:41:56.605866Z,KXBTC15M-26OCT042245-45,0.9910,7.90,yes
2026-10-05T02:41:56.74122Z,KXBTC15M-26OCT042245-45,0.9910,100.84,yes
2026-10-05T02:41:56.980272Z,KXBTC15M-26OCT042245-45,0.9900,27.24,no
2026-10-05T02:41:56.980272Z,KXBTC15M-26OCT042245-45,0.9900,0.01,no
2026-10-05T02:41:56.980272Z,KXBTC15M-26OCT042245-45,0.9900,1.00,no
2026-10-05T02:41:56.980272Z,KXBTC15M-26OCT042245-45,0.9900,0.01,no
2026-10-05T02:41:56.980272Z,KXBTC15M-26OCT042245-45,0.9890,228.71,no
2026-10-05T02:41:57.141175Z,KXBTC15M-26OCT042245-45,0.9900,0.10,yes
2026-10-05T02:41:57.141175Z,KXBTC15M-26OCT042245-45,0.9900,1.91,yes
2026-10-05T02:41:57.145463Z,KXBTC15M-26OCT042245-45,0.9890,14.53,no
2026-10-05T02:41:57.145463Z,KXBTC15M-26OCT042245-45,0.9890,338.00,no
2026-10-05T02:41:57.233095Z,KXBTC15M-26OCT042245-45,0.9890,5.07,no
2026-10-05T02:41:57.297833Z,KXBTC15M-26OCT042245-45,0.9890,168.51,no
2026-10-05T02:41:57.307541Z,KXBTC15M-26OCT042245-45,0.9890,337.79,no
2026-10-05T02:41:57.307541Z,KXBTC15M-26OCT042245-45,0.9890,11.89,no
2026-10-05T02:41:57.307541Z,KXBTC15M-26OCT042245-45,0.9890,0.01,no
2026-10-05T02:41:57.307541Z,KXBTC15M-26OCT042245-45,0.9890,500.00,no
2026-10-05T02:41:57.387818Z,KXBTC15M-26OCT042245-45,0.9890,85.02,no
2026-10-05T02:41:57.427413Z,KXBTC15M-26OCT042245-45,0.9900,19.94,yes
2026-10-05T02:41:57.427413Z,KXBTC15M-26OCT042245-45,0.9900,10.00,yes
2026-10-05T02:41:57.427413Z,KXBTC15M-26OCT042245-45,0.9900,0.01,yes
2026-10-05T02:41:57.427413Z,KXBTC15M-26OCT042245-45,0.9900,0.01,yes
2026-10-05T02:41:57.427413Z,KXBTC15M-26OCT042245-45,0.9900,48.09,yes
2026-10-05T02:41:57.427413Z,KXBTC15M-26OCT042245-45,0.9900,14.00,yes
2026-10-05T02:41:57.502699Z,KXBTC15M-26OCT042245-45,0.9900,10.09,yes
2026-10-05T02:41:57.581854Z,KXBTC15M-26OCT042245-45,0.9900,129.69,yes
2026-10-05T02:41:57.718121Z,KXBTC15M-26OCT042245-45,0.9880,66.00,no
2026-10-05T02:41:57.718121Z,KXBTC15M-26OCT042245-45,0.9890,1.00,no
2026-10-05T02:41:57.718121Z,KXBTC15M-26OCT042245-45,0.9880,9.28,no
2026-10-05T02:41:57.718121Z,KXBTC15M-26OCT042245-45,0.9880,1.00,no
2026-10-05T02:41:57.718121Z,KXBTC15M-26OCT042245-45,0.9890,0.01,no
2026-10-05T02:41:57.718121Z,KXBTC15M-26OCT042245-45,0.9890,0.01,no
2026-10-05T02:41:57.759879Z,KXBTC15M-26OCT042245-45,0.9880,77.30,no
2026-10-05T02:41:57.879545Z,KXBTC15M-26OCT042245-45,0.9880,38.43,no
2026-10-05T02:41:57.907148Z,KXBTC15M-26OCT042245-45,0.9890,44.06,yes
2026-10-05T02:41:57.907148Z,KXBTC15M-26OCT042245-45,0.9890,70.00,yes
2026-10-05T02:41:57.958234Z,KXBTC15M-26OCT042245-45,0.9890,16.66,yes
2026-10-05T02:41:57.958234Z,KXBTC15M-26OCT042245-45,0.9890,25.94,yes
2026-10-05T02:41:57.979934Z,KXBTC15M-26OCT042245-45,0.9890,5.74,yes
2026-10-05T02:41:57.979934Z,KXBTC15M-26OCT042245-45,0.9890,0.01,yes
2026-10-05T02:41:57.979934Z,KXBTC15M-26OCT042245-45,0.9890,0.01,yes
2026-10-05T02:41:58.099924Z,KXBTC15M-26OCT042245-45,0.9890,0.01,yes
2026-10-05T02:41:58.099924Z,KXBTC15M-26OCT042245-45,0.9890,0.01,yes
2026-10-05T02:41:58.102131Z,KXBTC15M-26OCT042245-45,0.9880,133.34,no
2026-10-05T02:41:58.102131Z,KXBTC15M-26OCT042245-45,0.9880,22.01,no
2026-10-05T02:41:58.288973Z,KXBTC15M-26OCT042245-45,0.9890,1.00,no
2026-10-05T02:41:58.288973Z,KXBTC15M-26OCT042245-45,0.9890,0.01,no
2026-10-05T02:41:58.288973Z,KXBTC15M-26OCT042245-45,0.9890,0.10,no
2026-10-05T02:41:58.288973Z,KXBTC15M-26OCT042245-45,0.9890,0.01,no
2026-10-05T02:41:58.288973Z,KXBTC15M-26OCT042245-45,0.9890,15.00,no
2026-10-05T02:41:58.288973Z,KXBTC15M-26OCT042245-45,0.9880,61.82,no
2026-10-05T02:41:58.326278Z,KXBTC15M-26OCT042245-45,0.9900,6.92,yes
2026-10-05T02:41:58.456089Z,KXBTC15M-26OCT042245-45,0.9900,112.80,yes
2026-10-05T02:41:58.565243Z,KXBTC15M-26OCT042245-45,0.9890,79.25,no
2026-10-05T02:41:58.603304Z,KXBTC15M-26OCT042245-45,0.9890,20.75,no
2026-10-05T02:41:58.603304Z,KXBTC15M-26OCT042245-45,0.9890,58.50,no
2026-10-05T02:41:58.770307Z,KXBTC15M-26OCT042245-45,0.9920,152.18,yes
2026-10-05T02:41:58.770307Z,KXBTC15M-26OCT042245-45,0.9920,75.00,yes
2026-10-05T02:41:58.770307Z,KXBTC15M-26OCT042245-45,0.9910,1000.00,yes
2026-10-05T02:41:58.770307Z,KXBTC15M-26OCT042245-45,0.9900,0.01,yes
2026-10-05T02:41:58.770307Z,KXBTC15M-26OCT042245-45,0.9910,1.00,yes
2026-10-05T02:41:58.770307Z,KXBTC15M-26OCT042245-45,0.9910,10.00,yes
2026-10-05T02:41:58.770307Z,KXBTC15M-26OCT042245-45,0.9900,0.01,yes
2026-10-05T02:41:58.770307Z,KXBTC15M-26OCT042245-45,0.9900,15.00,yes
2026-10-05T02:41:58.770307Z,KXBTC15M-26OCT042245-45,0.9900,10.00,yes
2026-10-05T02:41:58.770307Z,KXBTC15M-26OCT042245-45,0.9910,13.00,yes
2026-10-05T02:41:58.770307Z,KXBTC15M-26OCT042245-45,0.9900,50.00,yes
2026-10-05T02:41:58.770307Z,KXBTC15M-26OCT042245-45,0.9920,529.49,yes
2026-10-05T02:41:58.770307Z,KXBTC15M-26OCT042245-45,0.9910,37.08,yes
2026-10-05T02:41:58.770307Z,KXBTC15M-26OCT042245-45,0.9930,1405.19,yes
2026-10-05T02:41:58.89248Z,KXBTC15M-26OCT042245-45,0.9890,1.00,no
2026-10-05T02:41:58.89248Z,KXBTC15M-26OCT042245-45,0.9890,0.01,no
2026-10-05T02:41:58.89248Z,KXBTC15M-26OCT042245-45,0.9890,0.01,no
2026-10-05T02:41:58.89248Z,KXBTC15M-26OCT042245-45,0.9880,1.00,no
2026-10-05T02:41:58.89248Z,KXBTC15M-26OCT042245-45,0.9880,17.47,no
2026-10-05T02:41:58.931177Z,KXBTC15M-26OCT042245-45,0.9890,0.01,yes
2026-10-05T02:41:58.931177Z,KXBTC15M-26OCT042245-45,0.9890,0.01,yes
2026-10-05T02:41:58.931177Z,KXBTC15M-26OCT042245-45,0.9890,0.10,yes
2026-10-05T02:41:58.931177Z,KXBTC15M-26OCT042245-45,0.9900,0.01,yes
2026-10-05T02:41:58.931177Z,KXBTC15M-26OCT042245-45,0.9900,6.57,yes
2026-10-05T02:41:58.966244Z,KXBTC15M-26OCT042245-45,0.9880,0.01,no
2026-10-05T02:41:58.966244Z,KXBTC15M-26OCT042245-45,0.9880,100.00,no
2026-10-05T02:41:58.966244Z,KXBTC15M-26OCT042245-45,0.9880,0.01,no
2026-10-05T02:41:58.966244Z,KXBTC15M-26OCT042245-45,0.9880,200.00,no
2026-10-05T02:41:58.966244Z,KXBTC15M-26OCT042245-45,0.9880,226.96,no
2026-10-05T02:41:58.966244Z,KXBTC15M-26OCT042245-45,0.9880,75.00,no
2026-10-05T02:41:58.966244Z,KXBTC15M-26OCT042245-45,0.9880,82.53,no
2026-10-05T02:41:58.978843Z,KXBTC15M-26OCT042245-45,0.9900,43.43,yes
2026-10-05T02:41:58.978843Z,KXBTC15M-26OCT042245-45,0.9900,0.01,yes
2026-10-05T02:41:58.978843Z,KXBTC15M-26OCT042245-45,0.9890,0.01,yes
2026-10-05T02:41:58.978843Z,KXBTC15M-26OCT042245-45,0.9900,87.70,yes
2026-10-05T02:41:58.978843Z,KXBTC15M-26OCT042245-45,0.9890,0.01,yes
2026-10-05T02:41:59.038089Z,KXBTC15M-26OCT042245-45,0.9900,1.00,yes
2026-10-05T02:41:59.038089Z,KXBTC15M-26OCT042245-45,0.9900,88.57,yes
2026-10-05T02:41:59.038089Z,KXBTC15M-26OCT042245-45,0.9900,112.30,yes
2026-10-05T02:41:59.039891Z,KXBTC15M-26OCT042245-45,0.9900,20.00,yes
2026-10-05T02:41:59.085245Z,KXBTC15M-26OCT042245-45,0.9900,1.00,yes
2026-10-05T02:41:59.085245Z,KXBTC15M-26OCT042245-45,0.9900,10.00,yes
2026-10-05T02:41:59.085245Z,KXBTC15M-26OCT042245-45,0.9900,500.00,yes
2026-10-05T02:41:59.085245Z,KXBTC15M-26OCT042245-45,0.9900,891.43,yes
2026-10-05T02:41:59.085245Z,KXBTC15M-26OCT042245-45,0.9900,500.00,yes
2026-10-05T02:41:59.085245Z,KXBTC15M-26OCT042245-45,0.9900,0.01,yes
2026-10-05T02:41:59.085245Z,KXBTC15M-26OCT042245-45,0.9920,11.00,yes
2026-10-05T02:41:59.085245Z,KXBTC15M-26OCT042245-45,0.9920,70.00,yes
2026-10-05T02:41:59.085245Z,KXBTC15M-26OCT042245-45,0.9900,50.00,yes
2026-10-05T02:41:59.085245Z,KXBTC15M-26OCT042245-45,0.9910,200.00,yes
2026-10-05T02:41:59.085245Z,KXBTC15M-26OCT042245-45,0.9900,0.01,yes
2026-10-05T02:41:59.085245Z,KXBTC15M-26OCT042245-45,0.9930,262.10,yes
2026-10-05T02:41:59.085245Z,KXBTC15M-26OCT042245-45,0.9930,426.35,yes
2026-10-05T02:41:59.159608Z,KXBTC15M-26OCT042245-45,0.9900,0.01,yes
2026-10-05T02:41:59.159608Z,KXBTC15M-26OCT042245-45,0.9900,50.00,yes
2026-10-05T02:41:59.159608Z,KXBTC15M-26OCT042245-45,0.9900,0.01,yes
2026-10-05T02:41:59.349699Z,KXBTC15M-26OCT042245-45,0.9910,400.00,no
2026-10-05T02:41:59.350426Z,KXBTC15M-26OCT042245-45,0.9910,7.00,no
2026-10-05T02:41:59.381847Z,KXBTC15M-26OCT042245-45,0.9910,221.92,no
2026-10-05T02:41:59.432579Z,KXBTC15M-26OCT042245-45,0.9920,0.01,yes
2026-10-05T02:41:59.432579Z,KXBTC15M-26OCT042245-45,0.9920,1.49,yes
2026-10-05T02:41:59.432579Z,KXBTC15M-26OCT042245-45,0.9920,0.01,yes
2026-10-05T02:41:59.474575Z,KXBTC15M-26OCT042245-45,0.9910,6.00,no
2026-10-05T02:41:59.507083Z,KXBTC15M-26OCT042245-45,0.9920,100.00,yes
2026-10-05T02:41:59.507083Z,KXBTC15M-26OCT042245-45,0.9920,9.51,yes
2026-10-05T02:41:59.507083Z,KXBTC15M-26OCT042245-45,0.9920,39.00,yes
2026-10-05T02:41:59.511175Z,KXBTC15M-26OCT042245-45,0.9910,78.93,no
2026-10-05T02:41:59.514177Z,KXBTC15M-26OCT042245-45,0.9910,10.14,no
2026-10-05T02:41:59.534765Z,KXBTC15M-26OCT042245-45,0.9920,9.51,yes
2026-10-05T02:41:59.534765Z,KXBTC15M-26OCT042245-45,0.9920,1.49,yes
2026-10-05T02:41:59.534765Z,KXBTC15M-26OCT042245-45,0.9920,21.81,yes
2026-10-05T02:41:59.534765Z,KXBTC15M-26OCT042245-45,0.9920,0.01,yes
2026-10-05T02:41:59.534765Z,KXBTC15M-26OCT042245-45,0.9920,0.01,yes
2026-10-05T02:41:59.632959Z,KXBTC15M-26OCT042245-45,0.9910,0.01,no
2026-10-05T02:41:59.632959Z,KXBTC15M-26OCT042245-45,0.9910,0.01,no
2026-10-05T02:41:59.632959Z,KXBTC15M-26OCT042245-45,0.9910,8.10,no
2026-10-05T02:41:59.632959Z,KXBTC15M-26OCT042245-45,0.9910,1.00,no
2026-10-05T02:41:59.632959Z,KXBTC15M-26OCT042245-45,0.9910,500.00,no
2026-10-05T02:41:59.697017Z,KXBTC15M-26OCT042245-45,0.9910,1.00,no
2026-10-05T02:41:59.769105Z,KXBTC15M-26OCT042245-45,0.9920,11.00,yes
2026-10-05T02:41:59.769105Z,KXBTC15M-26OCT042245-45,0.9920,100.00,yes
2026-10-05T02:41:59.769105Z,KXBTC15M-26OCT042245-45,0.9920,1.00,yes
2026-10-05T02:41:59.769105Z,KXBTC15M-26OCT042245-45,0.9920,0.01,yes
2026-10-05T02:41:59.769105Z,KXBTC15M-26OCT042245-45,0.9920,378.19,yes
2026-10-05T02:41:59.769105Z,KXBTC15M-26OCT042245-45,0.9920,0.01,yes
2026-10-05T02:41:59.769105Z,KXBTC15M-26OCT042245-45,0.9920,10.00,yes
2026-10-05T02:41:59.769105Z,KXBTC15M-26OCT042245-45,0.9920,500.00,yes
2026-10-05T02:41:59.769105Z,KXBTC15M-26OCT042245-45,0.9920,112.51,yes
2026-10-05T02:41:59.810775Z,KXBTC15M-26OCT042245-45,0.9920,25.25,yes
2026-10-05T02:41:59.86599Z,KXBTC15M-26OCT042245-45,0.9920,22.16,yes
2026-10-05T02:41:59.972545Z,KXBTC15M-26OCT042245-45,0.9920,437.25,yes
2026-10-05T02:42:00.021975Z,KXBTC15M-26OCT042245-45,0.9910,5.16,no
2026-10-05T02:42:00.050258Z,KXBTC15M-26OCT042245-45,0.9920,19.51,yes
2026-10-05T02:42:00.050258Z,KXBTC15M-26OCT042245-45,0.9920,15.34,yes
2026-10-05T02:42:00.056022Z,KXBTC15M-26OCT042245-45,0.9900,17.31,no
2026-10-05T02:42:00.056022Z,KXBTC15M-26OCT042245-45,0.9910,1.00,no
2026-10-05T02:42:00.056022Z,KXBTC15M-26OCT042245-45,0.9910,0.01,no
2026-10-05T02:42:00.056022Z,KXBTC15M-26OCT042245-45,0.9910,0.01,no
2026-10-05T02:42:00.056022Z,KXBTC15M-26OCT042245-45,0.9910,0.74,no
2026-10-05T02:42:00.056022Z,KXBTC15M-26OCT042245-45,0.9910,10.00,no
2026-10-05T02:42:00.060189Z,KXBTC15M-26OCT042245-45,0.9900,1.00,no
2026-10-05T02:42:00.060189Z,KXBTC15M-26OCT042245-45,0.9900,1.00,no
2026-10-05T02:42:00.060189Z,KXBTC15M-26OCT042245-45,0.9900,32.69,no
2026-10-05T02:42:00.060189Z,KXBTC15M-26OCT042245-45,0.9890,15.00,no
2026-10-05T02:42:00.060189Z,KXBTC15M-26OCT042245-45,0.9890,70.00,no
2026-10-05T02:42:00.060189Z,KXBTC15M-26OCT042245-45,0.9900,200.00,no
2026-10-05T02:42:00.060189Z,KXBTC15M-26OCT042245-45,0.9890,8.01,no
2026-10-05T02:42:00.126929Z,KXBTC15M-26OCT042245-45,0.9890,0.01,no
2026-10-05T02:42:00.126929Z,KXBTC15M-26OCT042245-45,0.9890,0.01,no
2026-10-05T02:42:00.126929Z,KXBTC15M-26OCT042245-45,0.9890,1.00,no
2026-10-05T02:42:00.126929Z,KXBTC15M-26OCT042245-45,0.9890,34.25,no
2026-10-05T02:42:00.132909Z,KXBTC15M-26OCT042245-45,0.9890,1.03,no
2026-10-05T02:42:00.154251Z,KXBTC15M-26OCT042245-45,0.9900,10.19,yes
2026-10-05T02:42:00.154251Z,KXBTC15M-26OCT042245-45,0.9900,0.01,yes
2026-10-05T02:42:00.154251Z,KXBTC15M-26OCT042245-45,0.9900,0.01,yes
2026-10-05T02:42:00.228451Z,KXBTC15M-26OCT042245-45,0.9890,10.14,no
2026-10-05T02:42:00.266614Z,KXBTC15M-26OCT042245-45,0.9900,0.01,yes
2026-10-05T02:42:00.266614Z,KXBTC15M-26OCT042245-45,0.9900,0.01,yes
2026-10-05T02:42:00.266614Z,KXBTC15M-26OCT042245-45,0.9900,39.81,yes
2026-10-05T02:42:00.322495Z,KXBTC15M-26OCT042245-45,0.9900,0.17,no
2026-10-05T02:42:00.322495Z,KXBTC15M-26OCT042245-45,0.9900,46.65,no
2026-10-05T02:42:00.330741Z,KXBTC15M-26OCT042245-45,0.9910,8.42,yes
2026-10-05T02:42:00.330918Z,KXBTC15M-26OCT042245-45,0.9900,1.01,no
2026-10-05T02:42:00.333268Z,KXBTC15M-26OCT042245-45,0.9900,18.37,no
2026-10-05T02:42:00.333268Z,KXBTC15M-26OCT042245-45,0.9900,2.34,no
2026-10-05T02:42:00.333268Z,KXBTC15M-26OCT042245-45,0.9900,0.01,no
2026-10-05T02:42:00.333268Z,KXBTC15M-26OCT042245-45,0.9900,0.01,no
2026-10-05T02:42:00.423285Z,KXBTC15M-26OCT042245-45,0.9910,0.01,yes
2026-10-05T02:42:00.423285Z,KXBTC15M-26OCT042245-45,0.9910,0.01,yes
2026-10-05T02:42:00.423285Z,KXBTC15M-26OCT042245-45,0.9920,11.00,yes
2026-10-05T02:42:00.423285Z,KXBTC15M-26OCT042245-45,0.9910,6.58,yes
2026-10-05T02:42:00.423285Z,KXBTC15M-26OCT042245-45,0.9920,11.74,yes
2026-10-05T02:42:00.423285Z,KXBTC15M-26OCT042245-45,0.9920,10.00,yes
2026-10-05T02:42:00.423285Z,KXBTC15M-26OCT042245-45,0.9920,15.00,yes
2026-10-05T02:42:00.423285Z,KXBTC15M-26OCT042245-45,0.9920,55.00,yes
2026-10-05T02:42:00.508413Z,KXBTC15M-26OCT042245-45,0.9910,0.01,yes
2026-10-05T02:42:00.508413Z,KXBTC15M-26OCT042245-45,0.9910,0.08,yes
2026-10-05T02:42:00.508413Z,KXBTC15M-26OCT042245-45,0.9910,0.01,yes
2026-10-05T02:42:00.531066Z,KXBTC15M-26OCT042245-45,0.9900,77.94,no
2026-10-05T02:42:00.543285Z,KXBTC15M-26OCT042245-45,0.9910,0.01,yes
2026-10-05T02:42:00.543285Z,KXBTC15M-26OCT042245-45,0.9910,0.01,yes
2026-10-05T02:42:00.543285Z,KXBTC15M-26OCT042245-45,0.9920,19.94,yes
2026-10-05T02:42:00.543285Z,KXBTC15M-26OCT042245-45,0.9910,13.00,yes
2026-10-05T02:42:00.563274Z,KXBTC15M-26OCT042245-45,0.9900,85.02,no
2026-10-05T02:42:00.693125Z,KXBTC15M-26OCT042245-45,0.9900,114.98,no
2026-10-05T02:42:00.693125Z,KXBTC15M-26OCT042245-45,0.9900,225.11,no
2026-10-05T02:42:00.790573Z,KXBTC15M-26OCT042245-45,0.9900,93.51,no
2026-10-05T02:42:00.835384Z,KXBTC15M-26OCT042245-45,0.9900,0.01,no
2026-10-05T02:42:00.835384Z,KXBTC15M-26OCT042245-45,0.9900,60.00,no
2026-10-05T02:42:00.835384Z,KXBTC15M-26OCT042245-45,0.9900,142.79,no
2026-10-05T02:42:00.835384Z,KXBTC15M-26OCT042245-45,0.9900,0.01,no
2026-10-05T02:42:00.835384Z,KXBTC15M-26OCT042245-45,0.9900,50.00,no
2026-10-05T02:42:00.835384Z,KXBTC15M-26OCT042245-45,0.9900,1.00,no
2026-10-05T02:42:00.835384Z,KXBTC15M-26OCT042245-45,0.9900,181.38,no
2026-10-05T02:42:00.835384Z,KXBTC15M-26OCT042245-45,0.9900,500.00,no
2026-10-05T02:42:00.854778Z,KXBTC15M-26OCT042245-45,0.9900,1.33,no
2026-10-05T02:42:00.856052Z,KXBTC15M-26OCT042245-45,0.9900,92.64,no
2026-10-05T02:42:01.031813Z,KXBTC15M-26OCT042245-45,0.9900,46.75,no
2026-10-05T02:42:01.53825Z,KXBTC15M-26OCT042245-45,0.9910,500.00,yes
2026-10-05T02:42:01.53825Z,KXBTC15M-26OCT042245-45,0.9910,1.00,yes
2026-10-05T02:42:01.53825Z,KXBTC15M-26OCT042245-45,0.9910,1.00,yes
2026-10-05T02:42:01.53825Z,KXBTC15M-26OCT042245-45,0.9910,0.01,yes
2026-10-05T02:42:01.53825Z,KXBTC15M-26OCT042245-45,0.9920,11.00,yes
2026-10-05T02:42:01.53825Z,KXBTC15M-26OCT042245-45,0.9910,500.00,yes
2026-10-05T02:42:01.53825Z,KXBTC15M-26OCT042245-45,0.9920,1000.00,yes
2026-10-05T02:42:01.53825Z,KXBTC15M-26OCT042245-45,0.9910,200.00,yes
2026-10-05T02:42:01.53825Z,KXBTC15M-26OCT042245-45,0.9910,0.01,yes
2026-10-05T02:42:01.53825Z,KXBTC15M-26OCT042245-45,0.9920,200.00,yes
2026-10-05T02:42:01.53825Z,KXBTC15M-26OCT042245-45,0.9910,287.55,yes
2026-10-05T02:42:01.53825Z,KXBTC15M-26OCT042245-45,0.9930,15.00,yes
2026-10-05T02:42:01.53825Z,KXBTC15M-26OCT042245-45,0.9930,15.00,yes
2026-10-05T02:42:01.53825Z,KXBTC15M-26OCT042245-45,0.9930,15.00,yes
2026-10-05T02:42:01.53825Z,KXBTC15M-26OCT042245-45,0.9930,2.71,yes
2026-10-05T02:42:01.53825Z,KXBTC15M-26OCT042245-45,0.9930,15.00,yes
2026-10-05T02:42:01.53825Z,KXBTC15M-26OCT042245-45,0.9930,15.00,yes
2026-10-05T02:42:01.53825Z,KXBTC15M-26OCT042245-45,0.9930,100.00,yes
2026-10-05T02:42:01.53825Z,KXBTC15M-26OCT042245-45,0.9930,237.90,yes
2026-10-05T02:42:01.553759Z,KXBTC15M-26OCT042245-45,0.9910,0.01,yes
2026-10-05T02:42:01.553759Z,KXBTC15M-26OCT042245-45,0.9930,9.99,yes
2026-10-05T02:42:01.59075Z,KXBTC15M-26OCT042245-45,0.9910,5.58,no
2026-10-05T02:42:01.597445Z,KXBTC15M-26OCT042245-45,0.9920,1.99,yes
2026-10-05T02:42:01.597445Z,KXBTC15M-26OCT042245-45,0.9920,0.01,yes
2026-10-05T02:42:01.597445Z,KXBTC15M-26OCT042245-45,0.9920,0.01,yes
2026-10-05T02:42:01.618712Z,KXBTC15M-26OCT042245-45,0.9910,70.00,no
2026-10-05T02:42:01.618712Z,KXBTC15M-26OCT042245-45,0.9910,70.00,no
2026-10-05T02:42:01.618712Z,KXBTC15M-26OCT042245-45,0.9910,70.00,no
2026-10-05T02:42:01.618712Z,KXBTC15M-26OCT042245-45,0.9910,64.42,no
2026-10-05T02:42:01.618712Z,KXBTC15M-26OCT042245-45,0.9910,19.17,no
2026-10-05T02:42:01.618712Z,KXBTC15M-26OCT042245-45,0.9910,70.00,no
2026-10-05T02:42:01.641503Z,KXBTC15M-26OCT042245-45,0.9910,100.00,no
2026-10-05T02:42:01.641503Z,KXBTC15M-26OCT042245-45,0.9910,200.00,no
2026-10-05T02:42:01.641503Z,KXBTC15M-26OCT042245-45,0.9910,0.01,no
2026-10-05T02:42:01.641503Z,KXBTC15M-26OCT042245-45,0.9910,50.83,no
2026-10-05T02:42:01.641503Z,KXBTC15M-26OCT042245-45,0.9910,92.15,no
2026-10-05T02:42:01.641503Z,KXBTC15M-26OCT042245-45,0.9910,0.01,no
2026-10-05T02:42:01.641503Z,KXBTC15M-26OCT042245-45,0.9910,1.00,no
2026-10-05T02:42:01.641503Z,KXBTC15M-26OCT042245-45,0.9910,70.00,no
2026-10-05T02:42:01.756409Z,KXBTC15M-26OCT042245-45,0.9920,0.01,yes
2026-10-05T02:42:01.756409Z,KXBTC15M-26OCT042245-45,0.9920,0.01,yes
2026-10-05T02:42:01.756409Z,KXBTC15M-26OCT042245-45,0.9920,1.98,yes
2026-10-05T02:42:01.781863Z,KXBTC15M-26OCT042245-45,0.9920,1.00,yes
2026-10-05T02:42:01.781863Z,KXBTC15M-26OCT042245-45,0.9920,0.01,yes
2026-10-05T02:42:01.781863Z,KXBTC15M-26OCT042245-45,0.9920,1.98,yes
2026-10-05T02:42:01.781863Z,KXBTC15M-26OCT042245-45,0.9920,9.01,yes
2026-10-05T02:42:01.781863Z,KXBTC15M-26OCT042245-45,0.9920,0.01,yes
2026-10-05T02:42:01.781863Z,KXBTC15M-26OCT042245-45,0.9920,0.01,yes
2026-10-05T02:42:01.781863Z,KXBTC15M-26OCT042245-45,0.9930,8.63,yes
2026-10-05T02:42:01.781863Z,KXBTC15M-26OCT042245-45,0.9930,2.30,yes
2026-10-05T02:42:01.82247Z,KXBTC15M-26OCT042245-45,0.9910,1.00,no
2026-10-05T02:42:01.82247Z,KXBTC15M-26OCT042245-45,0.9910,0.01,no
2026-10-05T02:42:01.82247Z,KXBTC15M-26OCT042245-45,0.9910,1.79,no
2026-10-05T02:42:01.848223Z,KXBTC15M-26OCT042245-45,0.9910,26.83,no
2026-10-05T02:42:01.860302Z,KXBTC15M-26OCT042245-45,0.9920,0.01,yes
2026-10-05T02:42:01.860302Z,KXBTC15M-26OCT042245-45,0.9920,0.98,yes
2026-10-05T02:42:01.860302Z,KXBTC15M-26OCT042245-45,0.9920,0.01,yes
2026-10-05T02:42:02.00195Z,KXBTC15M-26OCT042245-45,0.9910,15.00,no
2026-10-05T02:42:02.00195Z,KXBTC15M-26OCT042245-45,0.9910,400.00,no
2026-10-05T02:42:02.00195Z,KXBTC15M-26OCT042245-45,0.9910,0.01,no
2026-10-05T02:42:02.00195Z,KXBTC15M-26OCT042245-45,0.9910,15.00,no
2026-10-05T02:42:02.00195Z,KXBTC15M-26OCT042245-45,0.9910,1.00,no
2026-10-05T02:42:02.00195Z,KXBTC15M-26OCT042245-45,0.9910,100.00,no
2026-10-05T02:42:02.00195Z,KXBTC15M-26OCT042245-45,0.9910,408.79,no
2026-10-05T02:42:02.00195Z,KXBTC15M-26OCT042245-45,0.9910,500.00,no
2026-10-05T02:42:02.270037Z,KXBTC15M-26OCT042245-45,0.9920,15.00,yes
2026-10-05T02:42:02.270037Z,KXBTC15M-26OCT042245-45,0.9920,15.00,yes
2026-10-05T02:42:02.270037Z,KXBTC15M-26OCT042245-45,0.9930,1000.00,yes
2026-10-05T02:42:02.270037Z,KXBTC15M-26OCT042245-45,0.9920,11.00,yes
2026-10-05T02:42:02.270037Z,KXBTC15M-26OCT042245-45,0.9930,200.00,yes
2026-10-05T02:42:02.270037Z,KXBTC15M-26OCT042245-45,0.9920,0.01,yes
2026-10-05T02:42:02.270037Z,KXBTC15M-26OCT042245-45,0.9920,0.01,yes
2026-10-05T02:42:02.270037Z,KXBTC15M-26OCT042245-45,0.9930,1.00,yes
2026-10-05T02:42:02.270037Z,KXBTC15M-26OCT042245-45,0.9940,213.80,yes
2026-10-05T02:42:02.270037Z,KXBTC15M-26OCT042245-45,0.9940,150.00,yes
2026-10-05T02:42:02.270037Z,KXBTC15M-26OCT042245-45,0.9930,17.00,yes
2026-10-05T02:42:02.270037Z,KXBTC15M-26OCT042245-45,0.9940,1.00,yes
2026-10-05T02:42:02.270037Z,KXBTC15M-26OCT042245-45,0.9930,6.37,yes
2026-10-05T02:42:02.270037Z,KXBTC15M-26OCT042245-45,0.9930,200.00,yes
2026-10-05T02:42:02.270037Z,KXBTC15M-26OCT042245-45,0.9940,1000.00,yes
2026-10-05T02:42:02.270037Z,KXBTC15M-26OCT042245-45,0.9930,10000.00,yes
2026-10-05T02:42:02.270037Z,KXBTC15M-26OCT042245-45,0.9940,1047.00,yes
2026-10-05T02:42:02.270037Z,KXBTC15M-26OCT042245-45,0.9940,1280.00,yes
2026-10-05T02:42:02.270037Z,KXBTC15M-26OCT042245-45,0.9940,1230.00,yes
2026-10-05T02:42:02.270037Z,KXBTC15M-26OCT042245-45,0.9940,50.00,yes
2026-10-05T02:42:02.270037Z,KXBTC15M-26OCT042245-45,0.9940,1280.00,yes
2026-10-05T02:42:02.270037Z,KXBTC15M-26OCT042245-45,0.9940,120.00,yes
2026-10-05T02:42:02.270037Z,KXBTC15M-26OCT042245-45,0.9940,1280.00,yes
2026-10-05T02:42:02.334009Z,KXBTC15M-26OCT042245-45,0.9910,0.01,no
2026-10-05T02:42:02.334009Z,KXBTC15M-26OCT042245-45,0.9910,1.00,no
2026-10-05T02:42:02.334009Z,KXBTC15M-26OCT042245-45,0.9910,5.57,no
2026-10-05T02:42:02.363471Z,KXBTC15M-26OCT042245-45,0.9910,15.00,no
2026-10-05T02:42:02.363471Z,KXBTC15M-26OCT042245-45,0.9910,0.01,no
2026-10-05T02:42:02.363471Z,KXBTC15M-26OCT042245-45,0.9910,380.56,no
2026-10-05T02:42:02.363471Z,KXBTC15M-26OCT042245-45,0.9910,4.43,no
2026-10-05T02:42:02.386358Z,KXBTC15M-26OCT042245-45,0.9920,14.50,yes
2026-10-05T02:42:02.386358Z,KXBTC15M-26OCT042245-45,0.9920,0.01,yes
2026-10-05T02:42:02.386358Z,KXBTC15M-26OCT042245-45,0.9920,0.01,yes
2026-10-05T02:42:02.399729Z,KXBTC15M-26OCT042245-45,0.9910,15.00,no
2026-10-05T02:42:02.417744Z,KXBTC15M-26OCT042245-45,0.9910,4.44,no
2026-10-05T02:42:02.417744Z,KXBTC15M-26OCT042245-45,0.9910,97.39,no
2026-10-05T02:42:02.448489Z,KXBTC15M-26OCT042245-45,0.9910,43.57,no
2026-10-05T02:42:02.448489Z,KXBTC15M-26OCT042245-45,0.9910,254.73,no
2026-10-05T02:42:02.472767Z,KXBTC15M-26OCT042245-45,0.9910,9.60,no
2026-10-05T02:42:02.511289Z,KXBTC15M-26OCT042245-45,0.9910,1039.03,no
2026-10-05T02:42:02.606936Z,KXBTC15M-26OCT042245-45,0.9910,2.96,no
2026-10-05T02:42:02.638617Z,KXBTC15M-26OCT042245-45,0.9910,101.83,no
2026-10-05T02:42:02.640433Z,KXBTC15M-26OCT042245-45,0.9910,14.00,no
2026-10-05T02:42:02.656507Z,KXBTC15M-26OCT042245-45,0.9910,101.83,no
2026-10-05T02:42:02.658043Z,KXBTC15M-26OCT042245-45,0.9910,509.12,no
2026-10-05T02:42:02.666016Z,KXBTC15M-26OCT042245-45,0.9920,0.01,yes
2026-10-05T02:42:02.666016Z,KXBTC15M-26OCT042245-45,0.9920,0.50,yes
2026-10-05T02:42:02.666451Z,KXBTC15M-26OCT042245-45,0.9930,0.02,yes
2026-10-05T02:42:02.671999Z,KXBTC15M-26OCT042245-45,0.9930,1.00,yes
2026-10-05T02:42:02.671999Z,KXBTC15M-26OCT042245-45,0.9930,99.98,yes
2026-10-05T02:42:02.688808Z,KXBTC15M-26OCT042245-45,0.9930,25.00,no
2026-10-05T02:42:02.688808Z,KXBTC15M-26OCT042245-45,0.9930,70.00,no
2026-10-05T02:42:02.696556Z,KXBTC15M-26OCT042245-45,0.9920,162.99,no
2026-10-05T02:42:02.696556Z,KXBTC15M-26OCT042245-45,0.9930,0.01,no
2026-10-05T02:42:02.696556Z,KXBTC15M-26OCT042245-45,0.9930,70.00,no
2026-10-05T02:42:02.696556Z,KXBTC15M-26OCT042245-45,0.9930,70.00,no
2026-10-05T02:42:02.696556Z,KXBTC15M-26OCT042245-45,0.9930,120.00,no
2026-10-05T02:42:02.696556Z,KXBTC15M-26OCT042245-45,0.9930,70.00,no
2026-10-05T02:42:02.696556Z,KXBTC15M-26OCT042245-45,0.9930,45.00,no
2026-10-05T02:42:02.696556Z,KXBTC15M-26OCT042245-45,0.9920,0.01,no
2026-10-05T02:42:02.696556Z,KXBTC15M-26OCT042245-45,0.9920,1.00,no
2026-10-05T02:42:02.696556Z,KXBTC15M-26OCT042245-45,0.9930,0.01,no
2026-10-05T02:42:02.696556Z,KXBTC15M-26OCT042245-45,0.9920,0.01,no
2026-10-05T02:42:02.696556Z,KXBTC15M-26OCT042245-45,0.9920,500.00,no
2026-10-05T02:42:02.799329Z,KXBTC15M-26OCT042245-45,0.9920,0.01,no
2026-10-05T02:42:02.799329Z,KXBTC15M-26OCT042245-45,0.9920,51.93,no
2026-10-05T02:42:02.799329Z,KXBTC15M-26OCT042245-45,0.9920,0.01,no
2026-10-05T02:42:02.835842Z,KXBTC15M-26OCT042245-45,0.9920,1.00,no
2026-10-05T02:42:02.835842Z,KXBTC15M-26OCT042245-45,0.9920,448.07,no
2026-10-05T02:42:02.835842Z,KXBTC15M-26OCT042245-45,0.9920,400.00,no
2026-10-05T02:42:02.835842Z,KXBTC15M-26OCT042245-45,0.9920,10.00,no
2026-10-05T02:42:02.835842Z,KXBTC15M-26OCT042245-45,0.9920,179.96,no
2026-10-05T02:42:02.836682Z,KXBTC15M-26OCT042245-45,0.9920,20.04,no
2026-10-05T02:42:02.836682Z,KXBTC15M-26OCT042245-45,0.9920,83.87,no
2026-10-05T02:42:02.861148Z,KXBTC15M-26OCT042245-45,0.9920,25.28,no
2026-10-05T02:42:02.861148Z,KXBTC15M-26OCT042245-45,0.9920,0.01,no
2026-10-05T02:42:02.861148Z,KXBTC15M-26OCT042245-45,0.9920,0.01,no
2026-10-05T02:42:03.015876Z,KXBTC15M-26OCT042245-45,0.9920,0.01,no
2026-10-05T02:42:03.015876Z,KXBTC15M-26OCT042245-45,0.9920,0.01,no
2026-10-05T02:42:03.015876Z,KXBTC15M-26OCT042245-45,0.9920,311.69,no
2026-10-05T02:42:03.027504Z,KXBTC15M-26OCT042245-45,0.9920,88.31,no
2026-10-05T02:42:03.027504Z,KXBTC15M-26OCT042245-45,0.9920,7.07,no
2026-10-05T02:42:03.045693Z,KXBTC15M-26OCT042245-45,0.9940,200.00,yes
2026-10-05T02:42:03.045693Z,KXBTC15M-26OCT042245-45,0.9930,0.01,yes
2026-10-05T02:42:03.045693Z,KXBTC15M-26OCT042245-45,0.9940,1.00,yes
2026-10-05T02:42:03.045693Z,KXBTC15M-26OCT042245-45,0.9940,3141.00,yes
2026-10-05T02:42:03.045693Z,KXBTC15M-26OCT042245-45,0.9930,15.00,yes
2026-10-05T02:42:03.045693Z,KXBTC15M-26OCT042245-45,0.9940,817.00,yes
2026-10-05T02:42:03.045693Z,KXBTC15M-26OCT042245-45,0.9930,0.01,yes
2026-10-05T02:42:03.045693Z,KXBTC15M-26OCT042245-45,0.9930,15.00,yes
2026-10-05T02:42:03.045693Z,KXBTC15M-26OCT042245-45,0.9950,50.00,yes
2026-10-05T02:42:03.045693Z,KXBTC15M-26OCT042245-45,0.9950,90.00,yes
2026-10-05T02:42:03.045693Z,KXBTC15M-26OCT042245-45,0.9950,50.00,yes
2026-10-05T02:42:03.045693Z,KXBTC15M-26OCT042245-45,0.9950,90.00,yes
2026-10-05T02:42:03.045693Z,KXBTC15M-26OCT042245-45,0.9950,50.00,yes
2026-10-05T02:42:03.045693Z,KXBTC15M-26OCT042245-45,0.9950,100.00,yes
2026-10-05T02:42:03.045693Z,KXBTC15M-26OCT042245-45,0.9950,90.00,yes
2026-10-05T02:42:03.045693Z,KXBTC15M-26OCT042245-45,0.9950,50.00,yes
2026-10-05T02:42:03.045693Z,KXBTC15M-26OCT042245-45,0.9950,50.00,yes
2026-10-05T02:42:03.045693Z,KXBTC15M-26OCT042245-45,0.9950,50.00,yes
2026-10-05T02:42:03.045693Z,KXBTC15M-26OCT042245-45,0.9950,90.00,yes
2026-10-05T02:42:03.045693Z,KXBTC15M-26OCT042245-45,0.9950,90.00,yes
2026-10-05T02:42:03.045693Z,KXBTC15M-26OCT042245-45,0.9950,50.00,yes
2026-10-05T02:42:03.045693Z,KXBTC15M-26OCT042245-45,0.9950,200.00,yes
2026-10-05T02:42:03.045693Z,KXBTC15M-26OCT042245-45,0.9950,144.16,yes
2026-10-05T02:42:03.045693Z,KXBTC15M-26OCT042245-45,0.9950,100.00,yes
2026-10-05T02:42:03.045693Z,KXBTC15M-26OCT042245-45,0.9950,90.00,yes
2026-10-05T02:42:03.045693Z,KXBTC15M-26OCT042245-45,0.9950,50.00,yes
2026-10-05T02:42:03.045693Z,KXBTC15M-26OCT042245-45,0.9950,50.00,yes
2026-10-05T02:42:03.045693Z,KXBTC15M-26OCT042245-45,0.9950,200.00,yes
2026-10-05T02:42:03.045693Z,KXBTC15M-26OCT042245-45,0.9950,100.00,yes
2026-10-05T02:42:03.045693Z,KXBTC15M-26OCT042245-45,0.9950,5.00,yes
2026-10-05T02:42:03.045693Z,KXBTC15M-26OCT042245-45,0.9950,90.00,yes
2026-10-05T02:42:03.045693Z,KXBTC15M-26OCT042245-45,0.9950,50.00,yes
2026-10-05T02:42:03.045693Z,KXBTC15M-26OCT042245-45,0.9950,100.00,yes
2026-10-05T02:42:03.045693Z,KXBTC15M-26OCT042245-45,0.9950,50.00,yes
2026-10-05T02:42:03.045693Z,KXBTC15M-26OCT042245-45,0.9950,90.00,yes
2026-10-05T02:42:03.045693Z,KXBTC15M-26OCT042245-45,0.9950,50.00,yes
2026-10-05T02:42:03.045693Z,KXBTC15M-26OCT042245-45,0.9950,90.00,yes
2026-10-05T02:42:03.045693Z,KXBTC15M-26OCT042245-45,0.9950,50.00,yes
2026-10-05T02:42:03.045693Z,KXBTC15M-26OCT042245-45,0.9950,50.00,yes
2026-10-05T02:42:03.045693Z,KXBTC15M-26OCT042245-45,0.9950,90.00,yes
2026-10-05T02:42:03.045693Z,KXBTC15M-26OCT042245-45,0.9950,50.00,yes
2026-10-05T02:42:03.045693Z,KXBTC15M-26OCT042245-45,0.9950,35.00,yes
2026-10-05T02:42:03.045693Z,KXBTC15M-26OCT042245-45,0.9950,90.00,yes
2026-10-05T02:42:03.045693Z,KXBTC15M-26OCT042245-45,0.9950,90.00,yes
2026-10-05T02:42:03.045693Z,KXBTC15M-26OCT042245-45,0.9950,50.00,yes
2026-10-05T02:42:03.045693Z,KXBTC15M-26OCT042245-45,0.9950,90.00,yes
2026-10-05T02:42:03.045693Z,KXBTC15M-26OCT042245-45,0.9950,50.00,yes
2026-10-05T02:42:03.045693Z,KXBTC15M-26OCT042245-45,0.9950,200.00,yes
2026-10-05T02:42:03.045693Z,KXBTC15M-26OCT042245-45,0.9950,50.00,yes
2026-10-05T02:42:03.045693Z,KXBTC15M-26OCT042245-45,0.9950,50.00,yes
2026-10-05T02:42:03.045693Z,KXBTC15M-26OCT042245-45,0.9950,1024.00,yes
2026-10-05T02:42:03.045693Z,KXBTC15M-26OCT042245-45,0.9950,120.00,yes
2026-10-05T02:42:03.045693Z,KXBTC15M-26OCT042245-45,0.9950,2000.00,yes
2026-10-05T02:42:03.045693Z,KXBTC15M-26OCT042245-45,0.9950,2000.00,yes
2026-10-05T02:42:03.045693Z,KXBTC15M-26OCT042245-45,0.9950,2000.00,yes
2026-10-05T02:42:03.045693Z,KXBTC15M-26OCT042245-45,0.9950,2000.00,yes
2026-10-05T02:42:03.045693Z,KXBTC15M-26OCT042245-45,0.9950,11.00,yes
2026-10-05T02:42:03.062432Z,KXBTC15M-26OCT042245-45,0.9930,48.44,no
2026-10-05T02:42:03.062432Z,KXBTC15M-26OCT042245-45,0.9940,10.00,no
2026-10-05T02:42:03.065069Z,KXBTC15M-26OCT042245-45,0.9950,8.99,yes
2026-10-05T02:42:03.108511Z,KXBTC15M-26OCT042245-45,0.9940,103.91,no
2026-10-05T02:42:03.160047Z,KXBTC15M-26OCT042245-45,0.9950,26.85,yes
2026-10-05T02:42:03.160047Z,KXBTC15M-26OCT042245-45,0.9950,55.15,yes
2026-10-05T02:42:03.184016Z,KXBTC15M-26OCT042245-45,0.9950,33.00,yes
2026-10-05T02:42:03.29124Z,KXBTC15M-26OCT042245-45,0.9950,1.85,yes
2026-10-05T02:42:03.29124Z,KXBTC15M-26OCT042245-45,0.9950,0.34,yes
2026-10-05T02:42:03.318203Z,KXBTC15M-26OCT042245-45,0.9940,1039.03,no
2026-10-05T02:42:03.323292Z,KXBTC15M-26OCT042245-45,0.9950,89.34,yes
2026-10-05T02:42:03.323292Z,KXBTC15M-26OCT042245-45,0.9950,99.66,yes
2026-10-05T02:42:03.346764Z,KXBTC15M-26OCT042245-45,0.9950,18.40,yes
2026-10-05T02:42:03.346764Z,KXBTC15M-26OCT042245-45,0.9950,100.00,yes
2026-10-05T02:42:03.346764Z,KXBTC15M-26OCT042245-45,0.9950,35.00,yes
2026-10-05T02:42:03.346764Z,KXBTC15M-26OCT042245-45,0.9950,10.66,yes
2026-10-05T02:42:03.346764Z,KXBTC15M-26OCT042245-45,0.9950,100.00,yes
2026-10-05T02:42:03.346764Z,KXBTC15M-26OCT042245-45,0.9950,90.00,yes
2026-10-05T02:42:03.346764Z,KXBTC15M-26OCT042245-45,0.9950,50.00,yes
2026-10-05T02:42:03.346764Z,KXBTC15M-26OCT042245-45,0.9950,50.00,yes
2026-10-05T02:42:03.346764Z,KXBTC15M-26OCT042245-45,0.9950,50.00,yes
2026-10-05T02:42:03.346764Z,KXBTC15M-26OCT042245-45,0.9950,90.00,yes
2026-10-05T02:42:03.346764Z,KXBTC15M-26OCT042245-45,0.9950,50.00,yes
2026-10-05T02:42:03.346764Z,KXBTC15M-26OCT042245-45,0.9950,50.00,yes
2026-10-05T02:42:03.346764Z,KXBTC15M-26OCT042245-45,0.9950,180.00,yes
2026-10-05T02:42:03.47871Z,KXBTC15M-26OCT042245-45,0.9950,29.58,yes
2026-10-05T02:42:03.562815Z,KXBTC15M-26OCT042245-45,0.9950,2.02,yes
2026-10-05T02:42:03.562815Z,KXBTC15M-26OCT042245-45,0.9950,53.67,yes
2026-10-05T02:42:03.56506Z,KXBTC15M-26OCT042245-45,0.9950,2.24,yes
2026-10-05T02:42:03.56506Z,KXBTC15M-26OCT042245-45,0.9950,90.00,yes
2026-10-05T02:42:03.56506Z,KXBTC15M-26OCT042245-45,0.9950,50.00,yes
2026-10-05T02:42:03.56506Z,KXBTC15M-26OCT042245-45,0.9950,50.00,yes
2026-10-05T02:42:03.56506Z,KXBTC15M-26OCT042245-45,0.9950,90.00,yes
2026-10-05T02:42:03.56506Z,KXBTC15M-26OCT042245-45,0.9950,10.00,yes
2026-10-05T02:42:03.56506Z,KXBTC15M-26OCT042245-45,0.9950,90.00,yes
2026-10-05T02:42:03.56506Z,KXBTC15M-26OCT042245-45,0.9950,50.00,yes
2026-10-05T02:42:03.56506Z,KXBTC15M-26OCT042245-45,0.9950,50.00,yes
2026-10-05T02:42:03.56506Z,KXBTC15M-26OCT042245-45,0.9950,100.00,yes
2026-10-05T02:42:03.56506Z,KXBTC15M-26OCT042245-45,0.9950,50.00,yes
2026-10-05T02:42:03.56506Z,KXBTC15M-26OCT042245-45,0.9950,50.00,yes
2026-10-05T02:42:03.56506Z,KXBTC15M-26OCT042245-45,0.9950,90.00,yes
2026-10-05T02:42:03.56506Z,KXBTC15M-26OCT042245-45,0.9950,100.00,yes
2026-10-05T02:42:03.56506Z,KXBTC15M-26OCT042245-45,0.9950,200.00,yes
2026-10-05T02:42:03.56506Z,KXBTC15M-26OCT042245-45,0.9950,50.00,yes
2026-10-05T02:42:03.56506Z,KXBTC15M-26OCT042245-45,0.9950,50.00,yes
2026-10-05T02:42:03.56506Z,KXBTC15M-26OCT042245-45,0.9950,35.00,yes
2026-10-05T02:42:03.56506Z,KXBTC15M-26OCT042245-45,0.9950,35.00,yes
2026-10-05T02:42:03.56506Z,KXBTC15M-26OCT042245-45,0.9950,90.00,yes
2026-10-05T02:42:03.56506Z,KXBTC15M-26OCT042245-45,0.9950,90.00,yes
2026-10-05T02:42:03.56506Z,KXBTC15M-26OCT042245-45,0.9950,50.00,yes
2026-10-05T02:42:03.56506Z,KXBTC15M-26OCT042245-45,0.9950,90.00,yes
2026-10-05T02:42:03.56506Z,KXBTC15M-26OCT042245-45,0.9950,100.00,yes
2026-10-05T02:42:03.56506Z,KXBTC15M-26OCT042245-45,0.9950,50.00,yes
2026-10-05T02:42:03.56506Z,KXBTC15M-26OCT042245-45,0.9950,50.00,yes
2026-10-05T02:42:03.56506Z,KXBTC15M-26OCT042245-45,0.9950,35.00,yes
2026-10-05T02:42:03.56506Z,KXBTC15M-26OCT042245-45,0.9950,100.00,yes
2026-10-05T02:42:03.56506Z,KXBTC15M-26OCT042245-45,0.9950,180.00,yes
2026-10-05T02:42:03.56506Z,KXBTC15M-26OCT042245-45,0.9950,180.00,yes
2026-10-05T02:42:03.56506Z,KXBTC15M-26OCT042245-45,0.9950,35.00,yes
2026-10-05T02:42:03.56506Z,KXBTC15M-26OCT042245-45,0.9950,50.00,yes
2026-10-05T02:42:03.56506Z,KXBTC15M-26OCT042245-45,0.9950,90.00,yes
2026-10-05T02:42:03.56506Z,KXBTC15M-26OCT042245-45,0.9950,90.00,yes
2026-10-05T02:42:03.56506Z,KXBTC15M-26OCT042245-45,0.9950,100.00,yes
2026-10-05T02:42:03.56506Z,KXBTC15M-26OCT042245-45,0.9950,50.00,yes
2026-10-05T02:42:03.56506Z,KXBTC15M-26OCT042245-45,0.9950,150.00,yes
2026-10-05T02:42:03.56506Z,KXBTC15M-26OCT042245-45,0.9950,100.00,yes
2026-10-05T02:42:03.56506Z,KXBTC15M-26OCT042245-45,0.9950,46.33,yes
2026-10-05T02:42:03.56506Z,KXBTC15M-26OCT042245-45,0.9950,180.00,yes
2026-10-05T02:42:03.56506Z,KXBTC15M-26OCT042245-45,0.9950,200.00,yes
2026-10-05T02:42:03.665946Z,KXBTC15M-26OCT042245-45,0.9940,233.77,no
2026-10-05T02:42:03.681851Z,KXBTC15M-26OCT042245-45,0.9940,14.00,no
2026-10-05T02:42:03.755267Z,KXBTC15M-26OCT042245-45,0.9940,255.02,no
2026-10-05T02:42:03.801959Z,KXBTC15M-26OCT042245-45,0.9940,311.64,no
2026-10-05T02:42:03.954575Z,KXBTC15M-26OCT042245-45,0.9940,14.26,no
2026-10-05T02:42:04.021732Z,KXBTC15M-26OCT042245-45,0.9940,0.01,no
2026-10-05T02:42:04.021732Z,KXBTC15M-26OCT042245-45,0.9940,28.37,no
2026-10-05T02:42:04.021732Z,KXBTC15M-26OCT042245-45,0.9940,75.38,no
2026-10-05T02:42:04.021732Z,KXBTC15M-26OCT042245-45,0.9940,0.01,no
2026-10-05T02:42:04.024553Z,KXBTC15M-26OCT042245-45,0.9940,155.81,no
2026-10-05T02:42:04.159833Z,KXBTC15M-26OCT042245-45,0.9940,52.48,no
2026-10-05T02:42:04.171955Z,KXBTC15M-26OCT042245-45,0.9950,2.00,yes
2026-10-05T02:42:04.214197Z,KXBTC15M-26OCT042245-45,0.9940,1.01,no
2026-10-05T02:42:04.21653Z,KXBTC15M-26OCT042245-45,0.9940,152.71,no
2026-10-05T02:42:04.219665Z,KXBTC15M-26OCT042245-45,0.9940,31.16,no
2026-10-05T02:42:04.23747Z,KXBTC15M-26OCT042245-45,0.9940,152.71,no
2026-10-05T02:42:04.296671Z,KXBTC15M-26OCT042245-45,0.9940,152.71,no
2026-10-05T02:42:04.342978Z,KXBTC15M-26OCT042245-45,0.9940,311.64,no
2026-10-05T02:42:04.413065Z,KXBTC15M-26OCT042245-45,0.9950,35.00,yes
2026-10-05T02:42:04.413065Z,KXBTC15M-26OCT042245-45,0.9950,50.00,yes
2026-10-05T02:42:04.413065Z,KXBTC15M-26OCT042245-45,0.9950,35.00,yes
2026-10-05T02:42:04.413065Z,KXBTC15M-26OCT042245-45,0.9950,35.00,yes
2026-10-05T02:42:04.413065Z,KXBTC15M-26OCT042245-45,0.9950,90.00,yes
2026-10-05T02:42:04.413065Z,KXBTC15M-26OCT042245-45,0.9950,45.76,yes
2026-10-05T02:42:04.413065Z,KXBTC15M-26OCT042245-45,0.9950,32.04,yes
2026-10-05T02:42:04.413065Z,KXBTC15M-26OCT042245-45,0.9950,50.00,yes
2026-10-05T02:42:04.413065Z,KXBTC15M-26OCT042245-45,0.9950,90.00,yes
2026-10-05T02:42:04.413065Z,KXBTC15M-26OCT042245-45,0.9950,50.00,yes
2026-10-05T02:42:04.413065Z,KXBTC15M-26OCT042245-45,0.9950,90.00,yes
2026-10-05T02:42:04.516325Z,KXBTC15M-26OCT042245-45,0.9950,17.96,yes
2026-10-05T02:42:04.516325Z,KXBTC15M-26OCT042245-45,0.9950,45.12,yes
2026-10-05T02:42:04.518998Z,KXBTC15M-26OCT042245-45,0.9950,2.00,yes
2026-10-05T02:42:04.563171Z,KXBTC15M-26OCT042245-45,0.9940,15.58,no
2026-10-05T02:42:04.578357Z,KXBTC15M-26OCT042245-45,0.9940,29.48,no
2026-10-05T02:42:04.584413Z,KXBTC15M-26OCT042245-45,0.9940,13.14,no
2026-10-05T02:42:04.629628Z,KXBTC15M-26OCT042245-45,0.9950,5.13,yes
2026-10-05T02:42:04.645651Z,KXBTC15M-26OCT042245-45,0.9940,14.00,no
2026-10-05T02:42:04.650084Z,KXBTC15M-26OCT042245-45,0.9940,311.64,no
2026-10-05T02:42:04.688701Z,KXBTC15M-26OCT042245-45,0.9950,2.05,yes
2026-10-05T02:42:04.726573Z,KXBTC15M-26OCT042245-45,0.9940,152.71,no
2026-10-05T02:42:04.797149Z,KXBTC15M-26OCT042245-45,0.9940,15.00,no
2026-10-05T02:42:04.797149Z,KXBTC15M-26OCT042245-45,0.9940,15.00,no
2026-10-05T02:42:04.797149Z,KXBTC15M-26OCT042245-45,0.9940,377.84,no
2026-10-05T02:42:04.797149Z,KXBTC15M-26OCT042245-45,0.9940,93.14,no
2026-10-05T02:42:04.797149Z,KXBTC15M-26OCT042245-45,0.9940,120.00,no
2026-10-05T02:42:04.820578Z,KXBTC15M-26OCT042245-45,0.9950,3.01,yes
2026-10-05T02:42:04.923085Z,KXBTC15M-26OCT042245-45,0.9940,27.94,no
2026-10-05T02:42:04.955965Z,KXBTC15M-26OCT042245-45,0.9940,1.02,no
2026-10-05T02:42:04.957187Z,KXBTC15M-26OCT042245-45,0.9940,77.90,no
2026-10-05T02:42:04.957187Z,KXBTC15M-26OCT042245-45,0.9940,1.00,no
2026-10-05T02:42:04.957187Z,KXBTC15M-26OCT042245-45,0.9940,684.64,no
2026-10-05T02:42:04.974737Z,KXBTC15M-26OCT042245-45,0.9940,31.16,no
2026-10-05T02:42:04.990851Z,KXBTC15M-26OCT042245-45,0.9940,539.10,no
2026-10-05T02:42:05.036056Z,KXBTC15M-26OCT042245-45,0.9940,93.49,no
2026-10-05T02:42:05.205887Z,KXBTC15M-26OCT042245-45,0.9940,200.00,no
2026-10-05T02:42:05.224348Z,KXBTC15M-26OCT042245-45,0.9940,46.74,no
2026-10-05T02:42:05.315944Z,KXBTC15M-26OCT042245-45,0.9940,74.79,no
2026-10-05T02:42:05.337896Z,KXBTC15M-26OCT042245-45,0.9940,1.07,no
2026-10-05T02:42:05.384672Z,KXBTC15M-26OCT042245-45,0.9940,30.00,no
2026-10-05T02:42:05.400364Z,KXBTC15M-26OCT042245-45,0.9950,25.11,yes
2026-10-05T02:42:05.421072Z,KXBTC15M-26OCT042245-45,0.9940,0.40,no
2026-10-05T02:42:05.450139Z,KXBTC15M-26OCT042245-45,0.9950,2.00,yes
2026-10-05T02:42:05.469154Z,KXBTC15M-26OCT042245-45,0.9940,15.58,no
2026-10-05T02:42:05.480808Z,KXBTC15M-26OCT042245-45,0.9940,2.86,no
2026-10-05T02:42:05.530331Z,KXBTC15M-26OCT042245-45,0.9940,152.71,no
2026-10-05T02:42:05.565217Z,KXBTC15M-26OCT042245-45,0.9950,0.10,yes
2026-10-05T02:42:05.613713Z,KXBTC15M-26OCT042245-45,0.9940,0.01,no
2026-10-05T02:42:05.613713Z,KXBTC15M-26OCT042245-45,0.9940,15.00,no
2026-10-05T02:42:05.613713Z,KXBTC15M-26OCT042245-45,0.9940,0.01,no
2026-10-05T02:42:05.613713Z,KXBTC15M-26OCT042245-45,0.9940,1.00,no
2026-10-05T02:42:05.613713Z,KXBTC15M-26OCT042245-45,0.9940,8.23,no
2026-10-05T02:42:05.613713Z,KXBTC15M-26OCT042245-45,0.9940,1.00,no
2026-10-05T02:42:05.613713Z,KXBTC15M-26OCT042245-45,0.9940,127.46,no
2026-10-05T02:42:05.614966Z,KXBTC15M-26OCT042245-45,0.9940,152.71,no
2026-10-05T02:42:05.641208Z,KXBTC15M-26OCT042245-45,0.9940,0.01,no
2026-10-05T02:42:05.641208Z,KXBTC15M-26OCT042245-45,0.9940,0.01,no
2026-10-05T02:42:05.641208Z,KXBTC15M-26OCT042245-45,0.9940,1.01,no
2026-10-05T02:42:05.681053Z,KXBTC15M-26OCT042245-45,0.9940,13.99,no
2026-10-05T02:42:05.681053Z,KXBTC15M-26OCT042245-45,0.9940,138.72,no
2026-10-05T02:42:05.709781Z,KXBTC15M-26OCT042245-45,0.9940,14.00,no
2026-10-05T02:42:05.711556Z,KXBTC15M-26OCT042245-45,0.9950,44.75,yes
2026-10-05T02:42:05.711556Z,KXBTC15M-26OCT042245-45,0.9950,5.48,yes
2026-10-05T02:42:05.71599Z,KXBTC15M-26OCT042245-45,0.9940,15.00,no
2026-10-05T02:42:05.71599Z,KXBTC15M-26OCT042245-45,0.9940,1.00,no
2026-10-05T02:42:05.71599Z,KXBTC15M-26OCT042245-45,0.9940,200.00,no
2026-10-05T02:42:05.71599Z,KXBTC15M-26OCT042245-45,0.9940,0.01,no
2026-10-05T02:42:05.71599Z,KXBTC15M-26OCT042245-45,0.9940,0.01,no
2026-10-05T02:42:05.71599Z,KXBTC15M-26OCT042245-45,0.9940,1.00,no
2026-10-05T02:42:05.71599Z,KXBTC15M-26OCT042245-45,0.9940,951.97,no
2026-10-05T02:42:05.723174Z,KXBTC15M-26OCT042245-45,0.9930,93.99,no
2026-10-05T02:42:05.838069Z,KXBTC15M-26OCT042245-45,0.9950,9.98,yes
2026-10-05T02:42:05.838069Z,KXBTC15M-26OCT042245-45,0.9950,5.25,yes
2026-10-05T02:42:05.854252Z,KXBTC15M-26OCT042245-45,0.9950,2.00,yes
2026-10-05T02:42:05.973155Z,KXBTC15M-26OCT042245-45,0.9950,43.89,yes
2026-10-05T02:42:05.973155Z,KXBTC15M-26OCT042245-45,0.9950,10.00,yes
2026-10-05T02:42:05.973155Z,KXBTC15M-26OCT042245-45,0.9950,23.02,yes
2026-10-05T02:42:06.071911Z,KXBTC15M-26OCT042245-45,0.9940,0.01,no
2026-10-05T02:42:06.071911Z,KXBTC15M-26OCT042245-45,0.9940,0.01,no
2026-10-05T02:42:06.071911Z,KXBTC15M-26OCT042245-45,0.9940,5.01,no
2026-10-05T02:42:06.329349Z,KXBTC15M-26OCT042245-45,0.9940,0.01,no
2026-10-05T02:42:06.329349Z,KXBTC15M-26OCT042245-45,0.9940,0.01,no
2026-10-05T02:42:06.329349Z,KXBTC15M-26OCT042245-45,0.9940,1.00,no
2026-10-05T02:42:06.329349Z,KXBTC15M-26OCT042245-45,0.9940,9.99,no
2026-10-05T02:42:06.329349Z,KXBTC15M-26OCT042245-45,0.9930,924.18,no
2026-10-05T02:42:06.348468Z,KXBTC15M-26OCT042245-45,0.9940,0.01,no
2026-10-05T02:42:06.348468Z,KXBTC15M-26OCT042245-45,0.9940,0.01,no
2026-10-05T02:42:06.348468Z,KXBTC15M-26OCT042245-45,0.9930,1310.29,no
2026-10-05T02:42:06.375598Z,KXBTC15M-26OCT042245-45,0.9940,2.10,no
2026-10-05T02:42:06.525558Z,KXBTC15M-26OCT042245-45,0.9940,10.00,no
2026-10-05T02:42:06.559768Z,KXBTC15M-26OCT042245-45,0.9950,5.02,yes
2026-10-05T02:42:06.607015Z,KXBTC15M-26OCT042245-45,0.9930,463.27,no
2026-10-05T02:42:06.607015Z,KXBTC15M-26OCT042245-45,0.9940,2.90,no
2026-10-05T02:42:06.607015Z,KXBTC15M-26OCT042245-45,0.9940,0.01,no
2026-10-05T02:42:06.607015Z,KXBTC15M-26OCT042245-45,0.9940,0.01,no
2026-10-05T02:42:06.607015Z,KXBTC15M-26OCT042245-45,0.9940,1.00,no
2026-10-05T02:42:06.607015Z,KXBTC15M-26OCT042245-45,0.9930,200.00,no
2026-10-05T02:42:06.607015Z,KXBTC15M-26OCT042245-45,0.9930,1.00,no
2026-10-05T02:42:06.654126Z,KXBTC15M-26OCT042245-45,0.9930,1.00,no
2026-10-05T02:42:06.654126Z,KXBTC15M-26OCT042245-45,0.9930,0.01,no
2026-10-05T02:42:06.654126Z,KXBTC15M-26OCT042245-45,0.9920,102.14,no
2026-10-05T02:42:06.685674Z,KXBTC15M-26OCT042245-45,0.9920,500.00,no
2026-10-05T02:42:06.686782Z,KXBTC15M-26OCT042245-45,0.9920,14.00,no
2026-10-05T02:42:06.770669Z,KXBTC15M-26OCT042245-45,0.9930,282.72,yes
2026-10-05T02:42:06.770669Z,KXBTC15M-26OCT042245-45,0.9930,0.01,yes
2026-10-05T02:42:06.770669Z,KXBTC15M-26OCT042245-45,0.9950,10.00,yes
2026-10-05T02:42:06.770669Z,KXBTC15M-26OCT042245-45,0.9940,1.00,yes
2026-10-05T02:42:06.770669Z,KXBTC15M-26OCT042245-45,0.9930,0.01,yes
2026-10-05T02:42:06.770669Z,KXBTC15M-26OCT042245-45,0.9950,15.00,yes
2026-10-05T02:42:06.770669Z,KXBTC15M-26OCT042245-45,0.9940,640.00,yes
2026-10-05T02:42:06.770669Z,KXBTC15M-26OCT042245-45,0.9950,5.02,yes
2026-10-05T02:42:06.770669Z,KXBTC15M-26OCT042245-45,0.9950,15.00,yes
2026-10-05T02:42:06.770669Z,KXBTC15M-26OCT042245-45,0.9950,15.00,yes
2026-10-05T02:42:06.770669Z,KXBTC15M-26OCT042245-45,0.9950,15.00,yes
2026-10-05T02:42:06.770669Z,KXBTC15M-26OCT042245-45,0.9950,1300.00,yes
2026-10-05T02:42:06.770669Z,KXBTC15M-26OCT042245-45,0.9950,15.00,yes
2026-10-05T02:42:06.770669Z,KXBTC15M-26OCT042245-45,0.9950,15.00,yes
2026-10-05T02:42:06.770669Z,KXBTC15M-26OCT042245-45,0.9950,8.98,yes
2026-10-05T02:42:06.770669Z,KXBTC15M-26OCT042245-45,0.9950,0.01,yes
2026-10-05T02:42:06.770669Z,KXBTC15M-26OCT042245-45,0.9950,15.00,yes
2026-10-05T02:42:06.770669Z,KXBTC15M-26OCT042245-45,0.9950,0.01,yes
2026-10-05T02:42:06.770669Z,KXBTC15M-26OCT042245-45,0.9960,1204.52,yes
2026-10-05T02:42:06.777981Z,KXBTC15M-26OCT042245-45,0.9920,130.19,no
2026-10-05T02:42:06.777981Z,KXBTC15M-26OCT042245-45,0.9920,407.86,no
2026-10-05T02:42:06.811239Z,KXBTC15M-26OCT042245-45,0.9930,0.01,yes
2026-10-05T02:42:06.811239Z,KXBTC15M-26OCT042245-45,0.9930,0.01,yes
2026-10-05T02:42:06.811239Z,KXBTC15M-26OCT042245-45,0.9940,217.69,yes
2026-10-05T02:42:06.858226Z,KXBTC15M-26OCT042245-45,0.9940,0.01,yes
2026-10-05T02:42:06.858226Z,KXBTC15M-26OCT042245-45,0.9940,26.59,yes
2026-10-05T02:42:06.858226Z,KXBTC15M-26OCT042245-45,0.9940,0.01,yes
2026-10-05T02:42:06.870351Z,KXBTC15M-26OCT042245-45,0.9930,1.48,no
2026-10-05T02:42:06.950057Z,KXBTC15M-26OCT042245-45,0.9930,0.01,no
2026-10-05T02:42:06.950057Z,KXBTC15M-26OCT042245-45,0.9930,15.00,no
2026-10-05T02:42:06.950057Z,KXBTC15M-26OCT042245-45,0.9930,15.00,no
2026-10-05T02:42:06.950057Z,KXBTC15M-26OCT042245-45,0.9930,0.01,no
2026-10-05T02:42:06.950057Z,KXBTC15M-26OCT042245-45,0.9930,1.00,no
2026-10-05T02:42:06.950057Z,KXBTC15M-26OCT042245-45,0.9920,228.71,no
2026-10-05T02:42:06.950057Z,KXBTC15M-26OCT042245-45,0.9930,8.52,no
2026-10-05T02:42:06.960909Z,KXBTC15M-26OCT042245-45,0.9940,0.01,yes
2026-10-05T02:42:06.960909Z,KXBTC15M-26OCT042245-45,0.9940,1.00,yes
2026-10-05T02:42:06.960909Z,KXBTC15M-26OCT042245-45,0.9940,15.00,yes
2026-10-05T02:42:06.960909Z,KXBTC15M-26OCT042245-45,0.9940,0.01,yes
2026-10-05T02:42:07.194981Z,KXBTC15M-26OCT042245-45,0.9930,1.00,no
2026-10-05T02:42:07.194981Z,KXBTC15M-26OCT042245-45,0.9930,0.01,no
2026-10-05T02:42:07.194981Z,KXBTC15M-26OCT042245-45,0.9930,15.00,no
2026-10-05T02:42:07.194981Z,KXBTC15M-26OCT042245-45,0.9930,0.01,no
2026-10-05T02:42:07.194981Z,KXBTC15M-26OCT042245-45,0.9920,1152.81,no
2026-10-05T02:42:07.323158Z,KXBTC15M-26OCT042245-45,0.9920,10.00,no
2026-10-05T02:42:07.323158Z,KXBTC15M-26OCT042245-45,0.9930,15.00,no
2026-10-05T02:42:07.323158Z,KXBTC15M-26OCT042245-45,0.9930,0.01,no
2026-10-05T02:42:07.323158Z,KXBTC15M-26OCT042245-45,0.9930,1.00,no
2026-10-05T02:42:07.323158Z,KXBTC15M-26OCT042245-45,0.9930,0.01,no
2026-10-05T02:42:07.323158Z,KXBTC15M-26OCT042245-45,0.9920,250.89,no
2026-10-05T02:42:07.323158Z,KXBTC15M-26OCT042245-45,0.9920,1.00,no
2026-10-05T02:42:07.323158Z,KXBTC15M-26OCT042245-45,0.9920,10.00,no
2026-10-05T02:42:07.323158Z,KXBTC15M-26OCT042245-45,0.9920,15.00,no
2026-10-05T02:42:07.323158Z,KXBTC15M-26OCT042245-45,0.9920,488.29,no
2026-10-05T02:42:07.323158Z,KXBTC15M-26OCT042245-45,0.9920,15.00,no
2026-10-05T02:42:07.574127Z,KXBTC15M-26OCT042245-45,0.9930,15.00,no
2026-10-05T02:42:07.574127Z,KXBTC15M-26OCT042245-45,0.9930,0.01,no
2026-10-05T02:42:07.574127Z,KXBTC15M-26OCT042245-45,0.9930,0.01,no
2026-10-05T02:42:07.574127Z,KXBTC15M-26OCT042245-45,0.9930,1.00,no
2026-10-05T02:42:07.574127Z,KXBTC15M-26OCT042245-45,0.9920,93.68,no
2026-10-05T02:42:07.796065Z,KXBTC15M-26OCT042245-45,0.9940,15.00,yes
2026-10-05T02:42:07.796065Z,KXBTC15M-26OCT042245-45,0.9940,10.54,yes
2026-10-05T02:42:07.796065Z,KXBTC15M-26OCT042245-45,0.9940,15.00,yes
2026-10-05T02:42:07.796065Z,KXBTC15M-26OCT042245-45,0.9940,15.00,yes
2026-10-05T02:42:07.796065Z,KXBTC15M-26OCT042245-45,0.9940,15.00,yes
2026-10-05T02:42:07.796065Z,KXBTC15M-26OCT042245-45,0.9940,0.01,yes
2026-10-05T02:42:07.796065Z,KXBTC15M-26OCT042245-45,0.9940,15.00,yes
2026-10-05T02:42:07.796065Z,KXBTC15M-26OCT042245-45,0.9940,0.01,yes
2026-10-05T02:42:07.796065Z,KXBTC15M-26OCT042245-45,0.9940,15.00,yes
2026-10-05T02:42:07.886737Z,KXBTC15M-26OCT042245-45,0.9940,0.01,yes
2026-10-05T02:42:07.886737Z,KXBTC15M-26OCT042245-45,0.9940,15.00,yes
2026-10-05T02:42:07.886737Z,KXBTC15M-26OCT042245-45,0.9940,0.01,yes
2026-10-05T02:42:07.886737Z,KXBTC15M-26OCT042245-45,0.9950,14.00,yes
2026-10-05T02:42:07.886737Z,KXBTC15M-26OCT042245-45,0.9950,159.00,yes
2026-10-05T02:42:07.886737Z,KXBTC15M-26OCT042245-45,0.9960,12.91,yes
2026-10-05T02:42:07.914084Z,KXBTC15M-26OCT042245-45,0.9940,4.78,yes
2026-10-05T02:42:07.914084Z,KXBTC15M-26OCT042245-45,0.9940,0.01,yes
2026-10-05T02:42:07.914084Z,KXBTC15M-26OCT042245-45,0.9940,0.01,yes
2026-10-05T02:42:07.916119Z,KXBTC15M-26OCT042245-45,0.9940,5.02,yes
2026-10-05T02:42:07.963532Z,KXBTC15M-26OCT042245-45,0.9940,16.00,yes
2026-10-05T02:42:07.963532Z,KXBTC15M-26OCT042245-45,0.9940,0.01,yes
2026-10-05T02:42:07.963532Z,KXBTC15M-26OCT042245-45,0.9940,0.01,yes
2026-10-05T02:42:07.963532Z,KXBTC15M-26OCT042245-45,0.9950,6.29,yes
2026-10-05T02:42:08.046689Z,KXBTC15M-26OCT042245-45,0.9950,62.21,yes
2026-10-05T02:42:08.046689Z,KXBTC15M-26OCT042245-45,0.9950,0.01,yes
2026-10-05T02:42:08.046689Z,KXBTC15M-26OCT042245-45,0.9950,14.00,yes
2026-10-05T02:42:08.046689Z,KXBTC15M-26OCT042245-45,0.9950,0.01,yes
2026-10-05T02:42:08.076604Z,KXBTC15M-26OCT042245-45,0.9950,4.43,yes
2026-10-05T02:42:08.153178Z,KXBTC15M-26OCT042245-45,0.9930,71.97,no
2026-10-05T02:42:08.153178Z,KXBTC15M-26OCT042245-45,0.9930,15.00,no
2026-10-05T02:42:08.153178Z,KXBTC15M-26OCT042245-45,0.9930,1.00,no
2026-10-05T02:42:08.153178Z,KXBTC15M-26OCT042245-45,0.9930,15.00,no
2026-10-05T02:42:08.153178Z,KXBTC15M-26OCT042245-45,0.9930,0.01,no
2026-10-05T02:42:08.153178Z,KXBTC15M-26OCT042245-45,0.9930,12.91,no
2026-10-05T02:42:08.153178Z,KXBTC15M-26OCT042245-45,0.9930,15.00,no
2026-10-05T02:42:08.153178Z,KXBTC15M-26OCT042245-45,0.9930,0.01,no
2026-10-05T02:42:08.167058Z,KXBTC15M-26OCT042245-45,0.9930,60.44,no
2026-10-05T02:42:08.184837Z,KXBTC15M-26OCT042245-45,0.9930,1.00,no
2026-10-05T02:42:08.184837Z,KXBTC15M-26OCT042245-45,0.9930,67.59,no
2026-10-05T02:42:08.184837Z,KXBTC15M-26OCT042245-45,0.9930,1.00,no
2026-10-05T02:42:08.184837Z,KXBTC15M-26OCT042245-45,0.9930,0.01,no
2026-10-05T02:42:08.184837Z,KXBTC15M-26OCT042245-45,0.9930,0.01,no
2026-10-05T02:42:08.184837Z,KXBTC15M-26OCT042245-45,0.9930,595.27,no
2026-10-05T02:42:08.20729Z,KXBTC15M-26OCT042245-45,0.9930,118.88,no
2026-10-05T02:42:08.269202Z,KXBTC15M-26OCT042245-45,0.9930,200.00,no
2026-10-05T02:42:08.28837Z,KXBTC15M-26OCT042245-45,0.9930,122.11,no
2026-10-05T02:42:08.28837Z,KXBTC15M-26OCT042245-45,0.9930,8.79,no
2026-10-05T02:42:08.347826Z,KXBTC15M-26OCT042245-45,0.9950,1.00,yes
2026-10-05T02:42:08.347826Z,KXBTC15M-26OCT042245-45,0.9940,0.01,yes
2026-10-05T02:42:08.347826Z,KXBTC15M-26OCT042245-45,0.9940,15.00,yes
2026-10-05T02:42:08.347826Z,KXBTC15M-26OCT042245-45,0.9940,0.01,yes
2026-10-05T02:42:08.347826Z,KXBTC15M-26OCT042245-45,0.9950,14.00,yes
2026-10-05T02:42:08.347826Z,KXBTC15M-26OCT042245-45,0.9950,234.36,yes
2026-10-05T02:42:08.347826Z,KXBTC15M-26OCT042245-45,0.9940,58.00,yes
2026-10-05T02:42:08.347826Z,KXBTC15M-26OCT042245-45,0.9960,582.57,yes
2026-10-05T02:42:08.347826Z,KXBTC15M-26OCT042245-45,0.9960,145.97,yes
2026-10-05T02:42:08.378868Z,KXBTC15M-26OCT042245-45,0.9930,15.00,no
2026-10-05T02:42:08.378868Z,KXBTC15M-26OCT042245-45,0.9930,0.01,no
2026-10-05T02:42:08.378868Z,KXBTC15M-26OCT042245-45,0.9930,15.00,no
2026-10-05T02:42:08.378868Z,KXBTC15M-26OCT042245-45,0.9930,1.00,no
2026-10-05T02:42:08.378868Z,KXBTC15M-26OCT042245-45,0.9930,0.01,no
2026-10-05T02:42:08.378868Z,KXBTC15M-26OCT042245-45,0.9930,400.00,no
2026-10-05T02:42:08.792611Z,KXBTC15M-26OCT042245-45,0.9920,280.52,no
2026-10-05T02:42:08.856968Z,KXBTC15M-26OCT042245-45,0.9930,2.01,yes
2026-10-05T02:42:08.937026Z,KXBTC15M-26OCT042245-45,0.9920,116.88,no
2026-10-05T02:42:09.027771Z,KXBTC15M-26OCT042245-45,0.9930,0.01,yes
2026-10-05T02:42:09.027771Z,KXBTC15M-26OCT042245-45,0.9940,15.00,yes
2026-10-05T02:42:09.027771Z,KXBTC15M-26OCT042245-45,0.9940,1.00,yes
2026-10-05T02:42:09.027771Z,KXBTC15M-26OCT042245-45,0.9940,15.00,yes
2026-10-05T02:42:09.027771Z,KXBTC15M-26OCT042245-45,0.9930,1.00,yes
2026-10-05T02:42:09.027771Z,KXBTC15M-26OCT042245-45,0.9930,0.01,yes
2026-10-05T02:42:09.027771Z,KXBTC15M-26OCT042245-45,0.9930,1.00,yes
2026-10-05T02:42:09.027771Z,KXBTC15M-26OCT042245-45,0.9930,614.97,yes
2026-10-05T02:42:09.031897Z,KXBTC15M-26OCT042245-45,0.9920,96.28,no
2026-10-05T02:42:09.270972Z,KXBTC15M-26OCT042245-45,0.9950,14.00,yes
2026-10-05T02:42:09.270972Z,KXBTC15M-26OCT042245-45,0.9930,0.01,yes
2026-10-05T02:42:09.270972Z,KXBTC15M-26OCT042245-45,0.9930,0.01,yes
2026-10-05T02:42:09.270972Z,KXBTC15M-26OCT042245-45,0.9940,254.00,yes
2026-10-05T02:42:09.270972Z,KXBTC15M-26OCT042245-45,0.9960,343.53,yes
2026-10-05T02:42:09.271216Z,KXBTC15M-26OCT042245-45,0.9920,116.88,no
2026-10-05T02:42:09.282373Z,KXBTC15M-26OCT042245-45,0.9950,1.94,yes
2026-10-05T02:42:09.282373Z,KXBTC15M-26OCT042245-45,0.9930,0.01,yes
2026-10-05T02:42:09.282373Z,KXBTC15M-26OCT042245-45,0.9930,0.01,yes
2026-10-05T02:42:09.33595Z,KXBTC15M-26OCT042245-45,0.9940,0.01,yes
2026-10-05T02:42:09.33595Z,KXBTC15M-26OCT042245-45,0.9940,1.68,yes
2026-10-05T02:42:09.33595Z,KXBTC15M-26OCT042245-45,0.9940,0.01,yes
2026-10-05T02:42:09.376599Z,KXBTC15M-26OCT042245-45,0.9940,5.02,yes
2026-10-05T02:42:09.380613Z,KXBTC15M-26OCT042245-45,0.9930,10.00,no
2026-10-05T02:42:09.380613Z,KXBTC15M-26OCT042245-45,0.9930,10.00,no
2026-10-05T02:42:09.380613Z,KXBTC15M-26OCT042245-45,0.9930,15.00,no
2026-10-05T02:42:09.380613Z,KXBTC15M-26OCT042245-45,0.9930,0.01,no
2026-10-05T02:42:09.380613Z,KXBTC15M-26OCT042245-45,0.9930,15.00,no
2026-10-05T02:42:09.380613Z,KXBTC15M-26OCT042245-45,0.9930,0.01,no
2026-10-05T02:42:09.380613Z,KXBTC15M-26OCT042245-45,0.9930,66.86,no
2026-10-05T02:42:09.39218Z,KXBTC15M-26OCT042245-45,0.9940,7.89,yes
2026-10-05T02:42:09.402676Z,KXBTC15M-26OCT042245-45,0.9930,4.67,no
2026-10-05T02:42:09.435783Z,KXBTC15M-26OCT042245-45,0.9940,15.00,yes
2026-10-05T02:42:09.435783Z,KXBTC15M-26OCT042245-45,0.9940,0.41,yes
2026-10-05T02:42:09.435783Z,KXBTC15M-26OCT042245-45,0.9940,0.01,yes
2026-10-05T02:42:09.435783Z,KXBTC15M-26OCT042245-45,0.9950,14.00,yes
2026-10-05T02:42:09.435783Z,KXBTC15M-26OCT042245-45,0.9940,0.01,yes
2026-10-05T02:42:09.435783Z,KXBTC15M-26OCT042245-45,0.9960,292.62,yes
2026-10-05T02:42:09.48464Z,KXBTC15M-26OCT042245-45,0.9950,14.00,yes
2026-10-05T02:42:09.48464Z,KXBTC15M-26OCT042245-45,0.9940,0.01,yes
2026-10-05T02:42:09.48464Z,KXBTC15M-26OCT042245-45,0.9940,0.01,yes
2026-10-05T02:42:09.48464Z,KXBTC15M-26OCT042245-45,0.9960,200.19,yes
2026-10-05T02:42:09.502502Z,KXBTC15M-26OCT042245-45,0.9930,0.01,no
2026-10-05T02:42:09.502502Z,KXBTC15M-26OCT042245-45,0.9930,0.99,no
2026-10-05T02:42:09.502502Z,KXBTC15M-26OCT042245-45,0.9930,1.00,no
2026-10-05T02:42:09.502502Z,KXBTC15M-26OCT042245-45,0.9930,0.01,no
2026-10-05T02:42:09.503332Z,KXBTC15M-26OCT042245-45,0.9930,14.01,no
2026-10-05T02:42:09.503332Z,KXBTC15M-26OCT042245-45,0.9930,15.21,no
2026-10-05T02:42:09.615869Z,KXBTC15M-26OCT042245-45,0.9940,0.01,yes
2026-10-05T02:42:09.615869Z,KXBTC15M-26OCT042245-45,0.9940,0.01,yes
2026-10-05T02:42:09.615869Z,KXBTC15M-26OCT042245-45,0.9940,5.73,yes
2026-10-05T02:42:09.675358Z,KXBTC15M-26OCT042245-45,0.9930,116.88,no
2026-10-05T02:42:09.725068Z,KXBTC15M-26OCT042245-45,0.9930,10.00,no
2026-10-05T02:42:09.754864Z,KXBTC15M-26OCT042245-45,0.9940,0.01,yes
2026-10-05T02:42:09.754864Z,KXBTC15M-26OCT042245-45,0.9940,0.01,yes
2026-10-05T02:42:09.754864Z,KXBTC15M-26OCT042245-45,0.9940,9.27,yes
2026-10-05T02:42:09.754864Z,KXBTC15M-26OCT042245-45,0.9950,14.00,yes
2026-10-05T02:42:09.754864Z,KXBTC15M-26OCT042245-45,0.9960,6.77,yes
2026-10-05T02:42:09.791698Z,KXBTC15M-26OCT042245-45,0.9940,0.01,yes
2026-10-05T02:42:09.791698Z,KXBTC15M-26OCT042245-45,0.9940,0.01,yes
2026-10-05T02:42:09.791698Z,KXBTC15M-26OCT042245-45,0.9950,14.00,yes
2026-10-05T02:42:09.791698Z,KXBTC15M-26OCT042245-45,0.9950,0.01,yes
2026-10-05T02:42:09.791698Z,KXBTC15M-26OCT042245-45,0.9960,33.43,yes
2026-10-05T02:42:09.800086Z,KXBTC15M-26OCT042245-45,0.9950,0.01,yes
2026-10-05T02:42:09.800086Z,KXBTC15M-26OCT042245-45,0.9960,34.47,yes
2026-10-05T02:42:09.826641Z,KXBTC15M-26OCT042245-45,0.9950,3.93,yes
2026-10-05T02:42:10.046548Z,KXBTC15M-26OCT042245-45,0.9940,93.58,no
2026-10-05T02:42:10.046548Z,KXBTC15M-26OCT042245-45,0.9940,15.00,no
2026-10-05T02:42:10.046548Z,KXBTC15M-26OCT042245-45,0.9940,15.00,no
2026-10-05T02:42:10.046548Z,KXBTC15M-26OCT042245-45,0.9940,10.00,no
2026-10-05T02:42:10.053516Z,KXBTC15M-26OCT042245-45,0.9940,267.15,no
2026-10-05T02:42:10.100571Z,KXBTC15M-26OCT042245-45,0.9950,3.93,yes
2026-10-05T02:42:10.100571Z,KXBTC15M-26OCT042245-45,0.9950,10.07,yes
2026-10-05T02:42:10.100571Z,KXBTC15M-26OCT042245-45,0.9950,0.01,yes
2026-10-05T02:42:10.100571Z,KXBTC15M-26OCT042245-45,0.9950,0.01,yes
2026-10-05T02:42:10.100571Z,KXBTC15M-26OCT042245-45,0.9950,15.00,yes
2026-10-05T02:42:10.100571Z,KXBTC15M-26OCT042245-45,0.9950,407.98,yes
2026-10-05T02:42:10.100571Z,KXBTC15M-26OCT042245-45,0.9950,15.00,yes
2026-10-05T02:42:10.10308Z,KXBTC15M-26OCT042245-45,0.9940,133.58,no
2026-10-05T02:42:10.114903Z,KXBTC15M-26OCT042245-45,0.9940,0.01,no
2026-10-05T02:42:10.114903Z,KXBTC15M-26OCT042245-45,0.9940,0.01,no
2026-10-05T02:42:10.114903Z,KXBTC15M-26OCT042245-45,0.9940,61.65,no
2026-10-05T02:42:10.114903Z,KXBTC15M-26OCT042245-45,0.9940,34.47,no
2026-10-05T02:42:10.114903Z,KXBTC15M-26OCT042245-45,0.9940,33.43,no
2026-10-05T02:42:10.171033Z,KXBTC15M-26OCT042245-45,0.9930,118.56,no
2026-10-05T02:42:10.171033Z,KXBTC15M-26OCT042245-45,0.9940,0.01,no
2026-10-05T02:42:10.171033Z,KXBTC15M-26OCT042245-45,0.9940,0.01,no
2026-10-05T02:42:10.171033Z,KXBTC15M-26OCT042245-45,0.9940,15.00,no
2026-10-05T02:42:10.210061Z,KXBTC15M-26OCT042245-45,0.9950,7.92,yes
2026-10-05T02:42:10.210061Z,KXBTC15M-26OCT042245-45,0.9950,0.01,yes
2026-10-05T02:42:10.210061Z,KXBTC15M-26OCT042245-45,0.9950,14.00,yes
2026-10-05T02:42:10.210061Z,KXBTC15M-26OCT042245-45,0.9950,0.01,yes
2026-10-05T02:42:10.265812Z,KXBTC15M-26OCT042245-45,0.9930,171.78,no
2026-10-05T02:42:10.265812Z,KXBTC15M-26OCT042245-45,0.9930,31.97,no
2026-10-05T02:42:10.265812Z,KXBTC15M-26OCT042245-45,0.9940,15.00,no
2026-10-05T02:42:10.265812Z,KXBTC15M-26OCT042245-45,0.9940,15.00,no
2026-10-05T02:42:10.265812Z,KXBTC15M-26OCT042245-45,0.9940,0.01,no
2026-10-05T02:42:10.265812Z,KXBTC15M-26OCT042245-45,0.9940,0.01,no
2026-10-05T02:42:10.313505Z,KXBTC15M-26OCT042245-45,0.9950,1.99,yes
2026-10-05T02:42:10.339132Z,KXBTC15M-26OCT042245-45,0.9930,69.97,no
2026-10-05T02:42:10.339132Z,KXBTC15M-26OCT042245-45,0.9930,1.00,no
2026-10-05T02:42:10.339132Z,KXBTC15M-26OCT042245-45,0.9930,28.41,no
2026-10-05T02:42:10.339132Z,KXBTC15M-26OCT042245-45,0.9940,0.01,no
2026-10-05T02:42:10.339132Z,KXBTC15M-26OCT042245-45,0.9940,0.01,no
2026-10-05T02:42:10.339132Z,KXBTC15M-26OCT042245-45,0.9940,15.00,no
2026-10-05T02:42:10.43084Z,KXBTC15M-26OCT042245-45,0.9930,2.01,no
2026-10-05T02:42:10.43084Z,KXBTC15M-26OCT042245-45,0.9940,0.01,no
2026-10-05T02:42:10.43084Z,KXBTC15M-26OCT042245-45,0.9940,0.01,no
2026-10-05T02:42:10.43084Z,KXBTC15M-26OCT042245-45,0.9940,15.00,no
2026-10-05T02:42:10.450102Z,KXBTC15M-26OCT042245-45,0.9920,8.68,no
2026-10-05T02:42:10.450102Z,KXBTC15M-26OCT042245-45,0.9930,4.76,no
2026-10-05T02:42:10.450102Z,KXBTC15M-26OCT042245-45,0.9930,0.01,no
2026-10-05T02:42:10.450102Z,KXBTC15M-26OCT042245-45,0.9930,0.01,no
2026-10-05T02:42:10.450102Z,KXBTC15M-26OCT042245-45,0.9940,0.01,no
2026-10-05T02:42:10.450102Z,KXBTC15M-26OCT042245-45,0.9940,0.01,no
2026-10-05T02:42:10.679109Z,KXBTC15M-26OCT042245-45,0.9950,12.92,yes
2026-10-05T02:42:10.679109Z,KXBTC15M-26OCT042245-45,0.9950,5.09,yes
2026-10-05T02:42:10.72303Z,KXBTC15M-26OCT042245-45,0.9920,316.19,no
2026-10-05T02:42:10.72303Z,KXBTC15M-26OCT042245-45,0.9920,250.16,no
2026-10-05T02:42:10.72303Z,KXBTC15M-26OCT042245-45,0.9940,0.01,no
2026-10-05T02:42:10.72303Z,KXBTC15M-26OCT042245-45,0.9940,0.01,no
2026-10-05T02:42:10.72303Z,KXBTC15M-26OCT042245-45,0.9930,1.00,no
2026-10-05T02:42:10.72303Z,KXBTC15M-26OCT042245-45,0.9940,15.00,no
2026-10-05T02:42:10.72303Z,KXBTC15M-26OCT042245-45,0.9940,1.00,no
2026-10-05T02:42:10.745782Z,KXBTC15M-26OCT042245-45,0.9950,0.01,yes
2026-10-05T02:42:10.745782Z,KXBTC15M-26OCT042245-45,0.9950,3.99,yes
2026-10-05T02:42:10.745782Z,KXBTC15M-26OCT042245-45,0.9950,0.01,yes
2026-10-05T02:42:10.745782Z,KXBTC15M-26OCT042245-45,0.9950,14.00,yes
2026-10-05T02:42:10.745782Z,KXBTC15M-26OCT042245-45,0.9950,2.08,yes
2026-10-05T02:42:10.773285Z,KXBTC15M-26OCT042245-45,0.9920,146.23,no
2026-10-05T02:42:10.773285Z,KXBTC15M-26OCT042245-45,0.9940,15.00,no
2026-10-05T02:42:10.773285Z,KXBTC15M-26OCT042245-45,0.9940,0.01,no
2026-10-05T02:42:10.773285Z,KXBTC15M-26OCT042245-45,0.9940,0.01,no
2026-10-05T02:42:10.773285Z,KXBTC15M-26OCT042245-45,0.9930,0.01,no
2026-10-05T02:42:10.859826Z,KXBTC15M-26OCT042245-45,0.9950,16.97,yes
2026-10-05T02:42:10.868903Z,KXBTC15M-26OCT042245-45,0.9940,0.01,no
2026-10-05T02:42:10.868903Z,KXBTC15M-26OCT042245-45,0.9940,1.64,no
2026-10-05T02:42:10.868903Z,KXBTC15M-26OCT042245-45,0.9940,0.01,no
2026-10-05T02:42:10.883102Z,KXBTC15M-26OCT042245-45,0.9950,96.96,yes
2026-10-05T02:42:10.897347Z,KXBTC15M-26OCT042245-45,0.9920,58.87,no
2026-10-05T02:42:10.897347Z,KXBTC15M-26OCT042245-45,0.9940,0.01,no
2026-10-05T02:42:10.897347Z,KXBTC15M-26OCT042245-45,0.9940,0.01,no
2026-10-05T02:42:10.897347Z,KXBTC15M-26OCT042245-45,0.9940,13.36,no
2026-10-05T02:42:10.902997Z,KXBTC15M-26OCT042245-45,0.9950,15.00,yes
2026-10-05T02:42:10.902997Z,KXBTC15M-26OCT042245-45,0.9950,15.00,yes
2026-10-05T02:42:10.902997Z,KXBTC15M-26OCT042245-45,0.9950,82.08,yes
2026-10-05T02:42:10.902997Z,KXBTC15M-26OCT042245-45,0.9950,10.63,yes
2026-10-05T02:42:10.902997Z,KXBTC15M-26OCT042245-45,0.9950,15.00,yes
2026-10-05T02:42:10.902997Z,KXBTC15M-26OCT042245-45,0.9950,15.00,yes
2026-10-05T02:42:10.971973Z,KXBTC15M-26OCT042245-45,0.9920,103.19,no
2026-10-05T02:42:10.971973Z,KXBTC15M-26OCT042245-45,0.9940,15.00,no
2026-10-05T02:42:10.971973Z,KXBTC15M-26OCT042245-45,0.9930,1.00,no
2026-10-05T02:42:10.971973Z,KXBTC15M-26OCT042245-45,0.9940,0.01,no
2026-10-05T02:42:10.971973Z,KXBTC15M-26OCT042245-45,0.9940,0.01,no
2026-10-05T02:42:10.971973Z,KXBTC15M-26OCT042245-45,0.9940,1.00,no
2026-10-05T02:42:10.972986Z,KXBTC15M-26OCT042245-45,0.9950,4.37,yes
2026-10-05T02:42:10.972986Z,KXBTC15M-26OCT042245-45,0.9950,0.01,yes
2026-10-05T02:42:10.972986Z,KXBTC15M-26OCT042245-45,0.9950,21.86,yes
2026-10-05T02:42:10.972986Z,KXBTC15M-26OCT042245-45,0.9950,15.00,yes
2026-10-05T02:42:10.972986Z,KXBTC15M-26OCT042245-45,0.9950,0.01,yes
2026-10-05T02:42:10.972986Z,KXBTC15M-26OCT042245-45,0.9950,14.00,yes
2026-10-05T02:42:10.991697Z,KXBTC15M-26OCT042245-45,0.9930,85.84,no
2026-10-05T02:42:10.991697Z,KXBTC15M-26OCT042245-45,0.9940,15.00,no
2026-10-05T02:42:10.991697Z,KXBTC15M-26OCT042245-45,0.9940,15.00,no
2026-10-05T02:42:11.02169Z,KXBTC15M-26OCT042245-45,0.9930,0.01,no
2026-10-05T02:42:11.02169Z,KXBTC15M-26OCT042245-45,0.9940,0.01,no
2026-10-05T02:42:11.02169Z,KXBTC15M-26OCT042245-45,0.9940,15.00,no
2026-10-05T02:42:11.02169Z,KXBTC15M-26OCT042245-45,0.9940,0.01,no
2026-10-05T02:42:11.162148Z,KXBTC15M-26OCT042245-45,0.9920,11.77,no
2026-10-05T02:42:11.162148Z,KXBTC15M-26OCT042245-45,0.9930,0.01,no
2026-10-05T02:42:11.162148Z,KXBTC15M-26OCT042245-45,0.9930,0.01,no
2026-10-05T02:42:11.162148Z,KXBTC15M-26OCT042245-45,0.9940,0.01,no
2026-10-05T02:42:11.162148Z,KXBTC15M-26OCT042245-45,0.9930,1.00,no
2026-10-05T02:42:11.162148Z,KXBTC15M-26OCT042245-45,0.9940,15.00,no
2026-10-05T02:42:11.171659Z,KXBTC15M-26OCT042245-45,0.9920,181.27,no
2026-10-05T02:42:11.171659Z,KXBTC15M-26OCT042245-45,0.9940,0.01,no
2026-10-05T02:42:11.171659Z,KXBTC15M-26OCT042245-45,0.9940,0.01,no
2026-10-05T02:42:11.248222Z,KXBTC15M-26OCT042245-45,0.9920,104.87,no
2026-10-05T02:42:11.248222Z,KXBTC15M-26OCT042245-45,0.9940,0.01,no
2026-10-05T02:42:11.248222Z,KXBTC15M-26OCT042245-45,0.9940,15.00,no
2026-10-05T02:42:11.342573Z,KXBTC15M-26OCT042245-45,0.9920,104.88,no
2026-10-05T02:42:11.342573Z,KXBTC15M-26OCT042245-45,0.9940,15.00,no
2026-10-05T02:42:11.384397Z,KXBTC15M-26OCT042245-45,0.9920,177.25,no
2026-10-05T02:42:11.384397Z,KXBTC15M-26OCT042245-45,0.9920,582.57,no
2026-10-05T02:42:11.384397Z,KXBTC15M-26OCT042245-45,0.9920,145.97,no
2026-10-05T02:42:11.384397Z,KXBTC15M-26OCT042245-45,0.9920,242.60,no
2026-10-05T02:42:11.463503Z,KXBTC15M-26OCT042245-45,0.9920,62.00,no
2026-10-05T02:42:11.463503Z,KXBTC15M-26OCT042245-45,0.9920,2.00,no
2026-10-05T02:42:11.463503Z,KXBTC15M-26OCT042245-45,0.9920,15.00,no
2026-10-05T02:42:11.463503Z,KXBTC15M-26OCT042245-45,0.9920,100.93,no
2026-10-05T02:42:11.463503Z,KXBTC15M-26OCT042245-45,0.9920,1.00,no
2026-10-05T02:42:11.463503Z,KXBTC15M-26OCT042245-45,0.9920,1.00,no
2026-10-05T02:42:11.463503Z,KXBTC15M-26OCT042245-45,0.9920,10.00,no
2026-10-05T02:42:11.463503Z,KXBTC15M-26OCT042245-45,0.9920,183.72,no
2026-10-05T02:42:11.463503Z,KXBTC15M-26OCT042245-45,0.9920,200.00,no
2026-10-05T02:42:11.463503Z,KXBTC15M-26OCT042245-45,0.9920,0.01,no
2026-10-05T02:42:11.50648Z,KXBTC15M-26OCT042245-45,0.9920,0.52,no
2026-10-05T02:42:11.50648Z,KXBTC15M-26OCT042245-45,0.9920,1.00,no
2026-10-05T02:42:11.50768Z,KXBTC15M-26OCT042245-45,0.9950,0.01,yes
2026-10-05T02:42:11.50768Z,KXBTC15M-26OCT042245-45,0.9950,0.01,yes
2026-10-05T02:42:11.50768Z,KXBTC15M-26OCT042245-45,0.9950,15.00,yes
2026-10-05T02:42:11.50768Z,KXBTC15M-26OCT042245-45,0.9950,14.00,yes
2026-10-05T02:42:11.50768Z,KXBTC15M-26OCT042245-45,0.9950,15.00,yes
2026-10-05T02:42:11.50768Z,KXBTC15M-26OCT042245-45,0.9950,15.00,yes
2026-10-05T02:42:11.50768Z,KXBTC15M-26OCT042245-45,0.9940,15.00,yes
2026-10-05T02:42:11.50768Z,KXBTC15M-26OCT042245-45,0.9940,0.01,yes
2026-10-05T02:42:11.50768Z,KXBTC15M-26OCT042245-45,0.9950,16.15,yes
2026-10-05T02:42:11.50768Z,KXBTC15M-26OCT042245-45,0.9940,0.01,yes
2026-10-05T02:42:11.579904Z,KXBTC15M-26OCT042245-45,0.9930,0.83,no
2026-10-05T02:42:11.579904Z,KXBTC15M-26OCT042245-45,0.9930,15.00,no
2026-10-05T02:42:11.638355Z,KXBTC15M-26OCT042245-45,0.9930,0.41,no
2026-10-05T02:42:11.64706Z,KXBTC15M-26OCT042245-45,0.9940,317.61,yes
2026-10-05T02:42:11.64706Z,KXBTC15M-26OCT042245-45,0.9940,0.01,yes
2026-10-05T02:42:11.64706Z,KXBTC15M-26OCT042245-45,0.9940,16.00,yes
2026-10-05T02:42:11.64706Z,KXBTC15M-26OCT042245-45,0.9940,0.01,yes
2026-10-05T02:42:11.652397Z,KXBTC15M-26OCT042245-45,0.9930,58.44,no
2026-10-05T02:42:11.669718Z,KXBTC15M-26OCT042245-45,0.9930,5.26,no
2026-10-05T02:42:11.789802Z,KXBTC15M-26OCT042245-45,0.9950,33.00,yes
2026-10-05T02:42:11.789802Z,KXBTC15M-26OCT042245-45,0.9950,15.00,yes
2026-10-05T02:42:11.789802Z,KXBTC15M-26OCT042245-45,0.9950,15.00,yes
2026-10-05T02:42:11.789802Z,KXBTC15M-26OCT042245-45,0.9950,1.00,yes
2026-10-05T02:42:11.789802Z,KXBTC15M-26OCT042245-45,0.9950,15.00,yes
2026-10-05T02:42:11.789802Z,KXBTC15M-26OCT042245-45,0.9950,15.00,yes
2026-10-05T02:42:11.789802Z,KXBTC15M-26OCT042245-45,0.9950,1.00,yes
2026-10-05T02:42:11.789802Z,KXBTC15M-26OCT042245-45,0.9950,183.85,yes
2026-10-05T02:42:11.789802Z,KXBTC15M-26OCT042245-45,0.9940,16.00,yes
2026-10-05T02:42:11.789802Z,KXBTC15M-26OCT042245-45,0.9940,0.01,yes
2026-10-05T02:42:11.789802Z,KXBTC15M-26OCT042245-45,0.9940,0.01,yes
2026-10-05T02:42:11.789802Z,KXBTC15M-26OCT042245-45,0.9940,15.00,yes
2026-10-05T02:42:11.789802Z,KXBTC15M-26OCT042245-45,0.9940,1.00,yes
2026-10-05T02:42:11.789802Z,KXBTC15M-26OCT042245-45,0.9960,743.02,yes
2026-10-05T02:42:11.789802Z,KXBTC15M-26OCT042245-45,0.9960,147.04,yes
2026-10-05T02:42:11.791944Z,KXBTC15M-26OCT042245-45,0.9930,73.70,no
2026-10-05T02:42:11.996731Z,KXBTC15M-26OCT042245-45,0.9930,130.90,no
2026-10-05T02:42:12.033176Z,KXBTC15M-26OCT042245-45,0.9930,58.44,no
2026-10-05T02:42:12.033759Z,KXBTC15M-26OCT042245-45,0.9950,14.00,yes
2026-10-05T02:42:12.033759Z,KXBTC15M-26OCT042245-45,0.9940,0.01,yes
2026-10-05T02:42:12.033759Z,KXBTC15M-26OCT042245-45,0.9940,0.01,yes
2026-10-05T02:42:12.033759Z,KXBTC15M-26OCT042245-45,0.9950,1.00,yes
2026-10-05T02:42:12.033759Z,KXBTC15M-26OCT042245-45,0.9940,1.00,yes
2026-10-05T02:42:12.033759Z,KXBTC15M-26OCT042245-45,0.9960,243.89,yes
2026-10-05T02:42:12.301189Z,KXBTC15M-26OCT042245-45,0.9940,0.01,yes
2026-10-05T02:42:12.301189Z,KXBTC15M-26OCT042245-45,0.9940,0.01,yes
2026-10-05T02:42:12.301189Z,KXBTC15M-26OCT042245-45,0.9950,14.00,yes
2026-10-05T02:42:12.301189Z,KXBTC15M-26OCT042245-45,0.9960,290.57,yes
2026-10-05T02:42:12.352651Z,KXBTC15M-26OCT042245-45,0.9950,14.00,yes
2026-10-05T02:42:12.352651Z,KXBTC15M-26OCT042245-45,0.9950,0.01,yes
2026-10-05T02:42:12.352651Z,KXBTC15M-26OCT042245-45,0.9950,0.01,yes
2026-10-05T02:42:12.352651Z,KXBTC15M-26OCT042245-45,0.9960,75.12,yes
2026-10-05T02:42:12.392206Z,KXBTC15M-26OCT042245-45,0.9950,14.00,yes
2026-10-05T02:42:12.392206Z,KXBTC15M-26OCT042245-45,0.9950,0.01,yes
2026-10-05T02:42:12.392206Z,KXBTC15M-26OCT042245-45,0.9950,0.01,yes
2026-10-05T02:42:12.392206Z,KXBTC15M-26OCT042245-45,0.9960,44.19,yes
2026-10-05T02:42:12.456041Z,KXBTC15M-26OCT042245-45,0.9940,1.00,no
2026-10-05T02:42:12.456041Z,KXBTC15M-26OCT042245-45,0.9940,15.00,no
2026-10-05T02:42:12.456041Z,KXBTC15M-26OCT042245-45,0.9940,1.00,no
2026-10-05T02:42:12.456041Z,KXBTC15M-26OCT042245-45,0.9940,200.00,no
2026-10-05T02:42:12.456041Z,KXBTC15M-26OCT042245-45,0.9940,0.01,no
2026-10-05T02:42:12.456041Z,KXBTC15M-26OCT042245-45,0.9940,365.69,no
2026-10-05T02:42:12.456041Z,KXBTC15M-26OCT042245-45,0.9940,0.01,no
2026-10-05T02:42:12.456041Z,KXBTC15M-26OCT042245-45,0.9940,15.00,no
2026-10-05T02:42:12.456041Z,KXBTC15M-26OCT042245-45,0.9940,54.29,no
2026-10-05T02:42:12.500599Z,KXBTC15M-26OCT042245-45,0.9950,0.01,yes
2026-10-05T02:42:12.500599Z,KXBTC15M-26OCT042245-45,0.9950,15.00,yes
2026-10-05T02:42:12.500599Z,KXBTC15M-26OCT042245-45,0.9950,0.01,yes
2026-10-05T02:42:12.500599Z,KXBTC15M-26OCT042245-45,0.9950,15.00,yes
2026-10-05T02:42:12.500599Z,KXBTC15M-26OCT042245-45,0.9950,14.00,yes
2026-10-05T02:42:12.596977Z,KXBTC15M-26OCT042245-45,0.9950,267.15,no
2026-10-05T02:42:12.639624Z,KXBTC15M-26OCT042245-45,0.9950,2.58,no
2026-10-05T02:42:12.679711Z,KXBTC15M-26OCT042245-45,0.9950,133.58,no
2026-10-05T02:42:12.68146Z,KXBTC15M-26OCT042245-45,0.9950,133.58,no
2026-10-05T02:42:12.683552Z,KXBTC15M-26OCT042245-45,0.9950,207.24,no
2026-10-05T02:42:12.727837Z,KXBTC15M-26OCT042245-45,0.9960,4.91,yes
2026-10-05T02:42:12.843689Z,KXBTC15M-26OCT042245-45,0.9960,2.60,yes
2026-10-05T02:42:12.961885Z,KXBTC15M-26OCT042245-45,0.9960,3.92,yes
2026-10-05T02:42:12.996493Z,KXBTC15M-26OCT042245-45,0.9950,155.83,no
2026-10-05T02:42:13.188625Z,KXBTC15M-26OCT042245-45,0.9960,501.86,yes
2026-10-05T02:42:13.311626Z,KXBTC15M-26OCT042245-45,0.9950,186.97,no
2026-10-05T02:42:13.398335Z,KXBTC15M-26OCT042245-45,0.9950,186.97,no
2026-10-05T02:42:13.410509Z,KXBTC15M-26OCT042245-45,0.9950,682.08,no
2026-10-05T02:42:13.410509Z,KXBTC15M-26OCT042245-45,0.9950,1.00,no
2026-10-05T02:42:13.410509Z,KXBTC15M-26OCT042245-45,0.9950,200.00,no
2026-10-05T02:42:13.410509Z,KXBTC15M-26OCT042245-45,0.9950,18.09,no
2026-10-05T02:42:13.410509Z,KXBTC15M-26OCT042245-45,0.9950,0.01,no
2026-10-05T02:42:13.410509Z,KXBTC15M-26OCT042245-45,0.9950,0.01,no
2026-10-05T02:42:13.410509Z,KXBTC15M-26OCT042245-45,0.9950,15.00,no
2026-10-05T02:42:13.437167Z,KXBTC15M-26OCT042245-45,0.9950,186.97,no
2026-10-05T02:42:13.46639Z,KXBTC15M-26OCT042245-45,0.9950,186.97,no
2026-10-05T02:42:13.498524Z,KXBTC15M-26OCT042245-45,0.9950,22.28,no
2026-10-05T02:42:13.605235Z,KXBTC15M-26OCT042245-45,0.9950,5.63,no
2026-10-05T02:42:13.606515Z,KXBTC15M-26OCT042245-45,0.9950,194.71,no
2026-10-05T02:42:13.634323Z,KXBTC15M-26OCT042245-45,0.9950,800.96,no
2026-10-05T02:42:13.634323Z,KXBTC15M-26OCT042245-45,0.9950,1068.81,no
2026-10-05T02:42:13.653122Z,KXBTC15M-26OCT042245-45,0.9950,148.44,no
2026-10-05T02:42:13.809806Z,KXBTC15M-26OCT042245-45,0.9950,2.60,no
2026-10-05T02:42:13.809806Z,KXBTC15M-26OCT042245-45,0.9950,4.91,no
2026-10-05T02:42:13.809806Z,KXBTC15M-26OCT042245-45,0.9950,1.00,no
2026-10-05T02:42:13.809806Z,KXBTC15M-26OCT042245-45,0.9950,3.92,no
2026-10-05T02:42:13.809806Z,KXBTC15M-26OCT042245-45,0.9950,50.60,no
2026-10-05T02:42:13.809806Z,KXBTC15M-26OCT042245-45,0.9950,123.94,no
2026-10-05T02:42:13.829883Z,KXBTC15M-26OCT042245-45,0.9950,311.64,no
2026-10-05T02:42:13.832442Z,KXBTC15M-26OCT042245-45,0.9950,1.51,no
2026-10-05T02:42:13.90484Z,KXBTC15M-26OCT042245-45,0.9950,6.56,no
2026-10-05T02:42:14.219434Z,KXBTC15M-26OCT042245-45,0.9950,9.66,no
2026-10-05T02:42:14.219434Z,KXBTC15M-26OCT042245-45,0.9950,0.01,no
2026-10-05T02:42:14.219434Z,KXBTC15M-26OCT042245-45,0.9950,0.01,no
2026-10-05T02:42:14.219434Z,KXBTC15M-26OCT042245-45,0.9950,58.21,no
2026-10-05T02:42:14.254427Z,KXBTC15M-26OCT042245-45,0.9960,45.12,yes
2026-10-05T02:42:14.369251Z,KXBTC15M-26OCT042245-45,0.9950,5.34,no
2026-10-05T02:42:14.369251Z,KXBTC15M-26OCT042245-45,0.9950,0.01,no
2026-10-05T02:42:14.369251Z,KXBTC15M-26OCT042245-45,0.9950,43.64,no
2026-10-05T02:42:14.369251Z,KXBTC15M-26OCT042245-45,0.9950,0.01,no
2026-10-05T02:42:14.369251Z,KXBTC15M-26OCT042245-45,0.9950,1.00,no
2026-10-05T02:42:14.378619Z,KXBTC15M-26OCT042245-45,0.9960,279.21,yes
2026-10-05T02:42:14.378619Z,KXBTC15M-26OCT042245-45,0.9960,0.01,yes
2026-10-05T02:42:14.378619Z,KXBTC15M-26OCT042245-45,0.9960,15.00,yes
2026-10-05T02:42:14.378619Z,KXBTC15M-26OCT042245-45,0.9960,0.01,yes
2026-10-05T02:42:14.378619Z,KXBTC15M-26OCT042245-45,0.9960,15.00,yes
2026-10-05T02:42:14.378619Z,KXBTC15M-26OCT042245-45,0.9960,200.00,yes
2026-10-05T02:42:14.378619Z,KXBTC15M-26OCT042245-45,0.9960,100.00,yes
2026-10-05T02:42:14.378619Z,KXBTC15M-26OCT042245-45,0.9960,400.00,yes
2026-10-05T02:42:14.378619Z,KXBTC15M-26OCT042245-45,0.9960,40.00,yes
2026-10-05T02:42:14.378619Z,KXBTC15M-26OCT042245-45,0.9960,1.00,yes
2026-10-05T02:42:14.378619Z,KXBTC15M-26OCT042245-45,0.9960,120.00,yes
2026-10-05T02:42:14.378619Z,KXBTC15M-26OCT042245-45,0.9960,440.78,yes
2026-10-05T02:42:14.378619Z,KXBTC15M-26OCT042245-45,0.9960,512.00,yes
2026-10-05T02:42:14.378619Z,KXBTC15M-26OCT042245-45,0.9960,13.00,yes
2026-10-05T02:42:14.378619Z,KXBTC15M-26OCT042245-45,0.9960,1.00,yes
2026-10-05T02:42:14.378619Z,KXBTC15M-26OCT042245-45,0.9960,1.00,yes
2026-10-05T02:42:14.378619Z,KXBTC15M-26OCT042245-45,0.9960,1.00,yes
2026-10-05T02:42:14.378619Z,KXBTC15M-26OCT042245-45,0.9960,1.00,yes
2026-10-05T02:42:14.378619Z,KXBTC15M-26OCT042245-45,0.9960,1.00,yes
2026-10-05T02:42:14.392716Z,KXBTC15M-26OCT042245-45,0.9960,51.00,no
2026-10-05T02:42:14.394175Z,KXBTC15M-26OCT042245-45,0.9960,14.12,no
2026-10-05T02:42:14.394175Z,KXBTC15M-26OCT042245-45,0.9960,0.01,no
2026-10-05T02:42:14.394175Z,KXBTC15M-26OCT042245-45,0.9960,0.01,no
2026-10-05T02:42:14.417532Z,KXBTC15M-26OCT042245-45,0.9960,0.01,no
2026-10-05T02:42:14.417532Z,KXBTC15M-26OCT042245-45,0.9950,0.01,no
2026-10-05T02:42:14.417532Z,KXBTC15M-26OCT042245-45,0.9950,0.01,no
2026-10-05T02:42:14.417532Z,KXBTC15M-26OCT042245-45,0.9950,1.48,no
2026-10-05T02:42:14.417532Z,KXBTC15M-26OCT042245-45,0.9950,3.48,no
2026-10-05T02:42:14.417532Z,KXBTC15M-26OCT042245-45,0.9960,0.01,no
2026-10-05T02:42:14.418529Z,KXBTC15M-26OCT042245-45,0.9950,24.81,no
2026-10-05T02:42:14.418529Z,KXBTC15M-26OCT042245-45,0.9950,11.52,no
2026-10-05T02:42:14.419784Z,KXBTC15M-26OCT042245-45,0.9950,32.06,no
2026-10-05T02:42:14.433411Z,KXBTC15M-26OCT042245-45,0.9950,51.48,no
2026-10-05T02:42:14.4479Z,KXBTC15M-26OCT042245-45,0.9950,84.74,no
2026-10-05T02:42:14.471061Z,KXBTC15M-26OCT042245-45,0.9960,15.00,no
2026-10-05T02:42:14.471061Z,KXBTC15M-26OCT042245-45,0.9950,13.52,no
2026-10-05T02:42:14.471061Z,KXBTC15M-26OCT042245-45,0.9950,120.00,no
2026-10-05T02:42:14.471061Z,KXBTC15M-26OCT042245-45,0.9960,0.01,no
2026-10-05T02:42:14.471061Z,KXBTC15M-26OCT042245-45,0.9950,318.91,no
2026-10-05T02:42:14.471061Z,KXBTC15M-26OCT042245-45,0.9960,0.01,no
2026-10-05T02:42:14.486628Z,KXBTC15M-26OCT042245-45,0.9960,0.02,no
2026-10-05T02:42:14.524105Z,KXBTC15M-26OCT042245-45,0.9950,71.01,no
2026-10-05T02:42:14.524105Z,KXBTC15M-26OCT042245-45,0.9960,0.01,no
2026-10-05T02:42:14.524105Z,KXBTC15M-26OCT042245-45,0.9960,14.98,no
2026-10-05T02:42:14.601117Z,KXBTC15M-26OCT042245-45,0.9960,15.00,no
2026-10-05T02:42:14.601117Z,KXBTC15M-26OCT042245-45,0.9950,163.04,no
2026-10-05T02:42:14.601117Z,KXBTC15M-26OCT042245-45,0.9950,356.25,no
2026-10-05T02:42:14.642187Z,KXBTC15M-26OCT042245-45,0.9940,44.19,no
2026-10-05T02:42:14.642187Z,KXBTC15M-26OCT042245-45,0.9950,0.01,no
2026-10-05T02:42:14.642187Z,KXBTC15M-26OCT042245-45,0.9940,1.00,no
2026-10-05T02:42:14.642187Z,KXBTC15M-26OCT042245-45,0.9940,15.00,no
2026-10-05T02:42:14.642187Z,KXBTC15M-26OCT042245-45,0.9950,0.01,no
2026-10-05T02:42:14.642187Z,KXBTC15M-26OCT042245-45,0.9940,25.98,no
2026-10-05T02:42:14.647723Z,KXBTC15M-26OCT042245-45,0.9940,11.18,no
2026-10-05T02:42:14.830606Z,KXBTC15M-26OCT042245-45,0.9940,224.68,no
2026-10-05T02:42:14.830606Z,KXBTC15M-26OCT042245-45,0.9930,63.00,no
2026-10-05T02:42:14.856314Z,KXBTC15M-26OCT042245-45,0.9960,3.01,yes
2026-10-05T02:42:15.022627Z,KXBTC15M-26OCT042245-45,0.9960,1.00,yes
2026-10-05T02:42:15.034168Z,KXBTC15M-26OCT042245-45,0.9950,300.00,no
2026-10-05T02:42:15.107915Z,KXBTC15M-26OCT042245-45,0.9950,794.97,no
2026-10-05T02:42:15.122907Z,KXBTC15M-26OCT042245-45,0.9950,300.98,no
2026-10-05T02:42:15.170303Z,KXBTC15M-26OCT042245-45,0.9950,160.83,no
2026-10-05T02:42:15.182228Z,KXBTC15M-26OCT042245-45,0.9950,198.97,no
2026-10-05T02:42:15.23907Z,KXBTC15M-26OCT042245-45,0.9950,8.88,no
2026-10-05T02:42:15.27976Z,KXBTC15M-26OCT042245-45,0.9950,133.58,no
2026-10-05T02:42:15.303808Z,KXBTC15M-26OCT042245-45,0.9950,4.46,no
2026-10-05T02:42:15.303808Z,KXBTC15M-26OCT042245-45,0.9950,663.41,no
2026-10-05T02:42:15.569821Z,KXBTC15M-26OCT042245-45,0.9960,5.73,yes
2026-10-05T02:42:15.569821Z,KXBTC15M-26OCT042245-45,0.9960,0.01,yes
2026-10-05T02:42:15.569821Z,KXBTC15M-26OCT042245-45,0.9960,10.99,yes
2026-10-05T02:42:15.569821Z,KXBTC15M-26OCT042245-45,0.9960,0.01,yes
2026-10-05T02:42:15.631888Z,KXBTC15M-26OCT042245-45,0.9960,6.20,yes
2026-10-05T02:42:15.631888Z,KXBTC15M-26OCT042245-45,0.9960,9.27,yes
2026-10-05T02:42:15.873097Z,KXBTC15M-26OCT042245-45,0.9950,13.47,no
2026-10-05T02:42:15.886202Z,KXBTC15M-26OCT042245-45,0.9950,0.01,no
2026-10-05T02:42:15.886202Z,KXBTC15M-26OCT042245-45,0.9950,1.53,no
2026-10-05T02:42:15.886202Z,KXBTC15M-26OCT042245-45,0.9950,1.00,no
2026-10-05T02:42:15.886202Z,KXBTC15M-26OCT042245-45,0.9950,0.01,no
2026-10-05T02:42:15.886202Z,KXBTC15M-26OCT042245-45,0.9940,0.63,no
2026-10-05T02:42:15.886202Z,KXBTC15M-26OCT042245-45,0.9950,2.00,no
2026-10-05T02:42:15.912357Z,KXBTC15M-26OCT042245-45,0.9950,1.00,no
2026-10-05T02:42:15.912357Z,KXBTC15M-26OCT042245-45,0.9940,120.18,no
2026-10-05T02:42:15.912357Z,KXBTC15M-26OCT042245-45,0.9950,15.00,no
2026-10-05T02:42:15.912357Z,KXBTC15M-26OCT042245-45,0.9940,0.37,no
2026-10-05T02:42:15.979036Z,KXBTC15M-26OCT042245-45,0.9960,61.37,yes
2026-10-05T02:42:16.034153Z,KXBTC15M-26OCT042245-45,0.9960,10.69,yes
2026-10-05T02:42:16.158926Z,KXBTC15M-26OCT042245-45,0.9950,1.00,no
2026-10-05T02:42:16.158926Z,KXBTC15M-26OCT042245-45,0.9940,1187.19,no
2026-10-05T02:42:16.158926Z,KXBTC15M-26OCT042245-45,0.9950,15.00,no
2026-10-05T02:42:16.164606Z,KXBTC15M-26OCT042245-45,0.9940,672.19,no
2026-10-05T02:42:16.180915Z,KXBTC15M-26OCT042245-45,0.9960,141.66,yes
2026-10-05T02:42:16.180915Z,KXBTC15M-26OCT042245-45,0.9960,400.00,yes
2026-10-05T02:42:16.180915Z,KXBTC15M-26OCT042245-45,0.9960,21.74,yes
2026-10-05T02:42:16.180915Z,KXBTC15M-26OCT042245-45,0.9960,1.00,yes
2026-10-05T02:42:16.180915Z,KXBTC15M-26OCT042245-45,0.9960,0.01,yes
2026-10-05T02:42:16.180915Z,KXBTC15M-26OCT042245-45,0.9960,15.00,yes
2026-10-05T02:42:16.180915Z,KXBTC15M-26OCT042245-45,0.9960,0.86,yes
2026-10-05T02:42:16.180915Z,KXBTC15M-26OCT042245-45,0.9960,15.00,yes
2026-10-05T02:42:16.180915Z,KXBTC15M-26OCT042245-45,0.9960,15.00,yes
2026-10-05T02:42:16.180915Z,KXBTC15M-26OCT042245-45,0.9960,0.01,yes
2026-10-05T02:42:16.180915Z,KXBTC15M-26OCT042245-45,0.9960,9.27,yes
2026-10-05T02:42:16.180915Z,KXBTC15M-26OCT042245-45,0.9960,15.00,yes
2026-10-05T02:42:16.180915Z,KXBTC15M-26OCT042245-45,0.9960,5.73,yes
2026-10-05T02:42:16.205002Z,KXBTC15M-26OCT042245-45,0.9960,100.00,yes
2026-10-05T02:42:16.205002Z,KXBTC15M-26OCT042245-45,0.9960,0.01,yes
2026-10-05T02:42:16.205002Z,KXBTC15M-26OCT042245-45,0.9960,0.01,yes
2026-10-05T02:42:16.205002Z,KXBTC15M-26OCT042245-45,0.9960,400.00,yes
2026-10-05T02:42:16.205002Z,KXBTC15M-26OCT042245-45,0.9960,15.00,yes
2026-10-05T02:42:16.245591Z,KXBTC15M-26OCT042245-45,0.9960,11.07,yes
2026-10-05T02:42:16.245591Z,KXBTC15M-26OCT042245-45,0.9960,0.01,yes
2026-10-05T02:42:16.245591Z,KXBTC15M-26OCT042245-45,0.9960,15.00,yes
2026-10-05T02:42:16.245591Z,KXBTC15M-26OCT042245-45,0.9960,0.01,yes
2026-10-05T02:42:16.278724Z,KXBTC15M-26OCT042245-45,0.9940,446.03,no
2026-10-05T02:42:16.278724Z,KXBTC15M-26OCT042245-45,0.9940,520.44,no
2026-10-05T02:42:16.278724Z,KXBTC15M-26OCT042245-45,0.9940,1.00,no
2026-10-05T02:42:16.278724Z,KXBTC15M-26OCT042245-45,0.9940,200.00,no
2026-10-05T02:42:16.351378Z,KXBTC15M-26OCT042245-45,0.9960,27.81,yes
2026-10-05T02:42:16.444077Z,KXBTC15M-26OCT042245-45,0.9940,12.37,no
2026-10-05T02:42:16.519761Z,KXBTC15M-26OCT042245-45,0.9960,15.00,yes
2026-10-05T02:42:16.519761Z,KXBTC15M-26OCT042245-45,0.9960,1.00,yes
2026-10-05T02:42:16.519761Z,KXBTC15M-26OCT042245-45,0.9960,100.00,yes
2026-10-05T02:42:16.519761Z,KXBTC15M-26OCT042245-45,0.9960,0.01,yes
2026-10-05T02:42:16.519761Z,KXBTC15M-26OCT042245-45,0.9960,372.19,yes
2026-10-05T02:42:16.519761Z,KXBTC15M-26OCT042245-45,0.9960,200.00,yes
2026-10-05T02:42:16.519761Z,KXBTC15M-26OCT042245-45,0.9960,0.01,yes
2026-10-05T02:42:16.542365Z,KXBTC15M-26OCT042245-45,0.9960,1560.23,no
2026-10-05T02:42:16.68921Z,KXBTC15M-26OCT042245-45,0.9970,320.87,yes
2026-10-05T02:42:16.853308Z,KXBTC15M-26OCT042245-45,0.9970,701.95,yes
2026-10-05T02:42:16.873567Z,KXBTC15M-26OCT042245-45,0.9960,151.56,no
2026-10-05T02:42:16.873567Z,KXBTC15M-26OCT042245-45,0.9960,0.01,no
2026-10-05T02:42:16.873567Z,KXBTC15M-26OCT042245-45,0.9960,0.01,no
2026-10-05T02:42:16.873567Z,KXBTC15M-26OCT042245-45,0.9960,6.22,no
2026-10-05T02:42:17.000702Z,KXBTC15M-26OCT042245-45,0.9960,1.00,no
2026-10-05T02:42:17.000702Z,KXBTC15M-26OCT042245-45,0.9960,689.00,no
2026-10-05T02:42:17.000702Z,KXBTC15M-26OCT042245-45,0.9960,311.00,no
2026-10-05T02:42:17.000702Z,KXBTC15M-26OCT042245-45,0.9960,0.01,no
2026-10-05T02:42:17.000702Z,KXBTC15M-26OCT042245-45,0.9950,8.00,no
2026-10-05T02:42:17.000702Z,KXBTC15M-26OCT042245-45,0.9960,8.78,no
2026-10-05T02:42:17.000702Z,KXBTC15M-26OCT042245-45,0.9950,200.00,no
2026-10-05T02:42:17.000702Z,KXBTC15M-26OCT042245-45,0.9960,0.01,no
2026-10-05T02:42:17.100904Z,KXBTC15M-26OCT042245-45,0.9970,91.25,yes
2026-10-05T02:42:17.111522Z,KXBTC15M-26OCT042245-45,0.9940,15.00,no
2026-10-05T02:42:17.111522Z,KXBTC15M-26OCT042245-45,0.9960,15.00,no
2026-10-05T02:42:17.111522Z,KXBTC15M-26OCT042245-45,0.9950,0.01,no
2026-10-05T02:42:17.111522Z,KXBTC15M-26OCT042245-45,0.9940,10.35,no
2026-10-05T02:42:17.111522Z,KXBTC15M-26OCT042245-45,0.9950,91.00,no
2026-10-05T02:42:17.111522Z,KXBTC15M-26OCT042245-45,0.9950,200.00,no
2026-10-05T02:42:17.111522Z,KXBTC15M-26OCT042245-45,0.9960,1.00,no
2026-10-05T02:42:17.111522Z,KXBTC15M-26OCT042245-45,0.9960,0.01,no
2026-10-05T02:42:17.111522Z,KXBTC15M-26OCT042245-45,0.9960,0.01,no
2026-10-05T02:42:17.111522Z,KXBTC15M-26OCT042245-45,0.9950,0.01,no
2026-10-05T02:42:17.111522Z,KXBTC15M-26OCT042245-45,0.9960,466.57,no
2026-10-05T02:42:17.140033Z,KXBTC15M-26OCT042245-45,0.9950,0.01,yes
2026-10-05T02:42:17.140033Z,KXBTC15M-26OCT042245-45,0.9950,15.00,yes
2026-10-05T02:42:17.140033Z,KXBTC15M-26OCT042245-45,0.9950,0.01,yes
2026-10-05T02:42:17.140033Z,KXBTC15M-26OCT042245-45,0.9960,13.92,yes
2026-10-05T02:42:17.353815Z,KXBTC15M-26OCT042245-45,0.9940,0.01,no
2026-10-05T02:42:17.353815Z,KXBTC15M-26OCT042245-45,0.9940,15.00,no
2026-10-05T02:42:17.353815Z,KXBTC15M-26OCT042245-45,0.9940,15.00,no
2026-10-05T02:42:17.353815Z,KXBTC15M-26OCT042245-45,0.9940,0.01,no
2026-10-05T02:42:17.353815Z,KXBTC15M-26OCT042245-45,0.9930,84.04,no
2026-10-05T02:42:17.353815Z,KXBTC15M-26OCT042245-45,0.9930,71.86,no
2026-10-05T02:42:17.457999Z,KXBTC15M-26OCT042245-45,0.9930,5.25,no
2026-10-05T02:42:17.47471Z,KXBTC15M-26OCT042245-45,0.9930,32.62,no
2026-10-05T02:42:17.49281Z,KXBTC15M-26OCT042245-45,0.9930,263.43,no
2026-10-05T02:42:17.848592Z,KXBTC15M-26OCT042245-45,0.9930,95.90,no
2026-10-05T02:42:17.897499Z,KXBTC15M-26OCT042245-45,0.9950,0.01,yes
2026-10-05T02:42:17.897499Z,KXBTC15M-26OCT042245-45,0.9950,0.01,yes
2026-10-05T02:42:17.897499Z,KXBTC15M-26OCT042245-45,0.9950,225.65,yes
2026-10-05T02:42:17.897499Z,KXBTC15M-26OCT042245-45,0.9950,276.66,yes
2026-10-05T02:42:17.899988Z,KXBTC15M-26OCT042245-45,0.9950,16.98,yes
2026-10-05T02:42:18.017822Z,KXBTC15M-26OCT042245-45,0.9950,18.25,yes
2026-10-05T02:42:18.110973Z,KXBTC15M-26OCT042245-45,0.9940,0.01,yes
2026-10-05T02:42:18.110973Z,KXBTC15M-26OCT042245-45,0.9940,1.00,yes
2026-10-05T02:42:18.110973Z,KXBTC15M-26OCT042245-45,0.9940,0.01,yes
2026-10-05T02:42:18.126423Z,KXBTC15M-26OCT042245-45,0.9950,15.00,yes
2026-10-05T02:42:18.126423Z,KXBTC15M-26OCT042245-45,0.9950,0.01,yes
2026-10-05T02:42:18.126423Z,KXBTC15M-26OCT042245-45,0.9950,0.01,yes
2026-10-05T02:42:18.130176Z,KXBTC15M-26OCT042245-45,0.9950,66.79,no
2026-10-05T02:42:18.177585Z,KXBTC15M-26OCT042245-45,0.9950,66.79,no
2026-10-05T02:42:18.195461Z,KXBTC15M-26OCT042245-45,0.9960,15.00,yes
2026-10-05T02:42:18.195461Z,KXBTC15M-26OCT042245-45,0.9960,1.08,yes
2026-10-05T02:42:18.195461Z,KXBTC15M-26OCT042245-45,0.9960,0.01,yes
2026-10-05T02:42:18.195461Z,KXBTC15M-26OCT042245-45,0.9960,20.50,yes
2026-10-05T02:42:18.195461Z,KXBTC15M-26OCT042245-45,0.9960,0.01,yes
2026-10-05T02:42:18.261935Z,KXBTC15M-26OCT042245-45,0.9950,3.21,no
2026-10-05T02:42:18.261935Z,KXBTC15M-26OCT042245-45,0.9950,33.45,no
2026-10-05T02:42:18.381135Z,KXBTC15M-26OCT042245-45,0.9960,0.01,yes
2026-10-05T02:42:18.383101Z,KXBTC15M-26OCT042245-45,0.9950,133.58,no
2026-10-05T02:42:18.4254Z,KXBTC15M-26OCT042245-45,0.9960,61.88,yes
2026-10-05T02:42:18.432784Z,KXBTC15M-26OCT042245-45,0.9960,40.65,yes
2026-10-05T02:42:18.470607Z,KXBTC15M-26OCT042245-45,0.9960,0.05,yes
2026-10-05T02:42:18.47871Z,KXBTC15M-26OCT042245-45,0.9950,70.00,no
2026-10-05T02:42:18.47871Z,KXBTC15M-26OCT042245-45,0.9950,70.00,no
2026-10-05T02:42:18.47871Z,KXBTC15M-26OCT042245-45,0.9950,142.12,no
2026-10-05T02:42:18.47871Z,KXBTC15M-26OCT042245-45,0.9950,91.83,no
2026-10-05T02:42:18.49894Z,KXBTC15M-26OCT042245-45,0.9960,33.38,yes
2026-10-05T02:42:18.522187Z,KXBTC15M-26OCT042245-45,0.9960,9.86,yes
2026-10-05T02:42:18.608737Z,KXBTC15M-26OCT042245-45,0.9950,0.01,no
2026-10-05T02:42:18.608737Z,KXBTC15M-26OCT042245-45,0.9950,0.01,no
2026-10-05T02:42:18.608737Z,KXBTC15M-26OCT042245-45,0.9940,28.68,no
2026-10-05T02:42:18.709553Z,KXBTC15M-26OCT042245-45,0.9950,0.01,no
2026-10-05T02:42:18.709553Z,KXBTC15M-26OCT042245-45,0.9950,0.01,no
2026-10-05T02:42:18.709553Z,KXBTC15M-26OCT042245-45,0.9940,7.77,no
2026-10-05T02:42:18.720515Z,KXBTC15M-26OCT042245-45,0.9960,50.00,yes
2026-10-05T02:42:18.865917Z,KXBTC15M-26OCT042245-45,0.9950,0.01,no
2026-10-05T02:42:18.865917Z,KXBTC15M-26OCT042245-45,0.9950,0.01,no
2026-10-05T02:42:18.865917Z,KXBTC15M-26OCT042245-45,0.9940,2.00,no
2026-10-05T02:42:18.899664Z,KXBTC15M-26OCT042245-45,0.9960,34.42,yes
2026-10-05T02:42:19.089863Z,KXBTC15M-26OCT042245-45,0.9950,154.26,no
2026-10-05T02:42:19.089863Z,KXBTC15M-26OCT042245-45,0.9950,0.01,no
2026-10-05T02:42:19.089863Z,KXBTC15M-26OCT042245-45,0.9950,0.01,no
2026-10-05T02:42:19.139496Z,KXBTC15M-26OCT042245-45,0.9950,200.00,no
2026-10-05T02:42:19.204211Z,KXBTC15M-26OCT042245-45,0.9960,0.01,yes
2026-10-05T02:42:19.204211Z,KXBTC15M-26OCT042245-45,0.9960,15.00,yes
2026-10-05T02:42:19.204211Z,KXBTC15M-26OCT042245-45,0.9960,0.01,yes
2026-10-05T02:42:19.204211Z,KXBTC15M-26OCT042245-45,0.9960,100.00,yes
2026-10-05T02:42:19.204211Z,KXBTC15M-26OCT042245-45,0.9960,149.25,yes
2026-10-05T02:42:19.204211Z,KXBTC15M-26OCT042245-45,0.9960,15.00,yes
2026-10-05T02:42:19.204211Z,KXBTC15M-26OCT042245-45,0.9970,407.73,yes
2026-10-05T02:42:19.204211Z,KXBTC15M-26OCT042245-45,0.9970,280.93,yes
2026-10-05T02:42:19.235935Z,KXBTC15M-26OCT042245-45,0.9950,15.00,no
2026-10-05T02:42:19.235935Z,KXBTC15M-26OCT042245-45,0.9950,281.00,no
2026-10-05T02:42:19.235935Z,KXBTC15M-26OCT042245-45,0.9950,200.00,no
2026-10-05T02:42:19.235935Z,KXBTC15M-26OCT042245-45,0.9950,0.01,no
2026-10-05T02:42:19.235935Z,KXBTC15M-26OCT042245-45,0.9950,15.00,no
2026-10-05T02:42:19.235935Z,KXBTC15M-26OCT042245-45,0.9950,0.01,no
2026-10-05T02:42:19.235935Z,KXBTC15M-26OCT042245-45,0.9950,91.22,no
2026-10-05T02:42:19.235935Z,KXBTC15M-26OCT042245-45,0.9930,15.00,no
2026-10-05T02:42:19.235935Z,KXBTC15M-26OCT042245-45,0.9930,15.00,no
2026-10-05T02:42:19.235935Z,KXBTC15M-26OCT042245-45,0.9940,1000.00,no
2026-10-05T02:42:19.235935Z,KXBTC15M-26OCT042245-45,0.9940,200.00,no
2026-10-05T02:42:19.235935Z,KXBTC15M-26OCT042245-45,0.9920,10.00,no
2026-10-05T02:42:19.235935Z,KXBTC15M-26OCT042245-45,0.9930,273.96,no
2026-10-05T02:42:19.235935Z,KXBTC15M-26OCT042245-45,0.9940,39.00,no
2026-10-05T02:42:19.235935Z,KXBTC15M-26OCT042245-45,0.9920,3991.50,no
2026-10-05T02:42:19.235935Z,KXBTC15M-26OCT042245-45,0.9930,243.89,no
2026-10-05T02:42:19.254334Z,KXBTC15M-26OCT042245-45,0.9950,15.00,no
2026-10-05T02:42:19.257034Z,KXBTC15M-26OCT042245-45,0.9950,25.40,no
2026-10-05T02:42:19.273944Z,KXBTC15M-26OCT042245-45,0.9950,367.33,no
2026-10-05T02:42:19.273944Z,KXBTC15M-26OCT042245-45,0.9940,0.01,no
2026-10-05T02:42:19.273944Z,KXBTC15M-26OCT042245-45,0.9940,925.00,no
2026-10-05T02:42:19.273944Z,KXBTC15M-26OCT042245-45,0.9950,15.00,no
2026-10-05T02:42:19.273944Z,KXBTC15M-26OCT042245-45,0.9930,161.95,no
2026-10-05T02:42:19.32756Z,KXBTC15M-26OCT042245-45,0.9940,0.01,yes
2026-10-05T02:42:19.32756Z,KXBTC15M-26OCT042245-45,0.9950,72.46,yes
2026-10-05T02:42:19.32756Z,KXBTC15M-26OCT042245-45,0.9940,0.01,yes
2026-10-05T02:42:19.32756Z,KXBTC15M-26OCT042245-45,0.9950,0.01,yes
2026-10-05T02:42:19.32756Z,KXBTC15M-26OCT042245-45,0.9950,0.01,yes
2026-10-05T02:42:19.438276Z,KXBTC15M-26OCT042245-45,0.9930,40.00,no
2026-10-05T02:42:19.438276Z,KXBTC15M-26OCT042245-45,0.9930,15.00,no
2026-10-05T02:42:19.438276Z,KXBTC15M-26OCT042245-45,0.9930,0.01,no
2026-10-05T02:42:19.438276Z,KXBTC15M-26OCT042245-45,0.9930,0.01,no
2026-10-05T02:42:19.438276Z,KXBTC15M-26OCT042245-45,0.9930,229.97,no
2026-10-05T02:42:19.438276Z,KXBTC15M-26OCT042245-45,0.9940,15.00,no
2026-10-05T02:42:19.438276Z,KXBTC15M-26OCT042245-45,0.9940,0.01,no
2026-10-05T02:42:19.463009Z,KXBTC15M-26OCT042245-45,0.9950,15.00,yes
2026-10-05T02:42:19.463009Z,KXBTC15M-26OCT042245-45,0.9950,15.00,yes
2026-10-05T02:42:19.463009Z,KXBTC15M-26OCT042245-45,0.9950,0.01,yes
2026-10-05T02:42:19.463009Z,KXBTC15M-26OCT042245-45,0.9960,15.00,yes
2026-10-05T02:42:19.463009Z,KXBTC15M-26OCT042245-45,0.9960,15.00,yes
2026-10-05T02:42:19.463009Z,KXBTC15M-26OCT042245-45,0.9960,15.00,yes
2026-10-05T02:42:19.463009Z,KXBTC15M-26OCT042245-45,0.9950,0.01,yes
2026-10-05T02:42:19.463009Z,KXBTC15M-26OCT042245-45,0.9960,200.00,yes
2026-10-05T02:42:19.463009Z,KXBTC15M-26OCT042245-45,0.9960,39.00,yes
2026-10-05T02:42:19.463009Z,KXBTC15M-26OCT042245-45,0.9970,299.55,yes
2026-10-05T02:42:19.463009Z,KXBTC15M-26OCT042245-45,0.9970,1392.27,yes
2026-10-05T02:42:19.684781Z,KXBTC15M-26OCT042245-45,0.9940,200.00,no
2026-10-05T02:42:19.684781Z,KXBTC15M-26OCT042245-45,0.9940,299.55,no
2026-10-05T02:42:19.684781Z,KXBTC15M-26OCT042245-45,0.9940,15.00,no
2026-10-05T02:42:19.684781Z,KXBTC15M-26OCT042245-45,0.9940,181.01,no
2026-10-05T02:42:19.797163Z,KXBTC15M-26OCT042245-45,0.9940,1107.96,no
2026-10-05T02:42:19.797163Z,KXBTC15M-26OCT042245-45,0.9940,318.99,no
2026-10-05T02:42:19.91068Z,KXBTC15M-26OCT042245-45,0.9950,0.01,yes
2026-10-05T02:42:19.91068Z,KXBTC15M-26OCT042245-45,0.9950,15.00,yes
2026-10-05T02:42:19.91068Z,KXBTC15M-26OCT042245-45,0.9950,0.01,yes
2026-10-05T02:42:20.162911Z,KXBTC15M-26OCT042245-45,0.9940,267.15,no
2026-10-05T02:42:20.191239Z,KXBTC15M-26OCT042245-45,0.9950,0.20,yes
2026-10-05T02:42:20.196056Z,KXBTC15M-26OCT042245-45,0.9940,0.01,no
2026-10-05T02:42:20.196056Z,KXBTC15M-26OCT042245-45,0.9940,17.16,no
2026-10-05T02:42:20.196056Z,KXBTC15M-26OCT042245-45,0.9940,112.73,no
2026-10-05T02:42:20.196056Z,KXBTC15M-26OCT042245-45,0.9940,0.01,no
2026-10-05T02:42:20.196056Z,KXBTC15M-26OCT042245-45,0.9940,15.00,no
2026-10-05T02:42:20.26807Z,KXBTC15M-26OCT042245-45,0.9940,0.01,no
2026-10-05T02:42:20.26807Z,KXBTC15M-26OCT042245-45,0.9940,15.00,no
2026-10-05T02:42:20.26807Z,KXBTC15M-26OCT042245-45,0.9940,0.01,no
2026-10-05T02:42:20.26807Z,KXBTC15M-26OCT042245-45,0.9940,28.00,no
2026-10-05T02:42:20.283257Z,KXBTC15M-26OCT042245-45,0.9940,0.01,yes
2026-10-05T02:42:20.283257Z,KXBTC15M-26OCT042245-45,0.9940,124.74,yes
2026-10-05T02:42:20.283257Z,KXBTC15M-26OCT042245-45,0.9940,0.01,yes
2026-10-05T02:42:20.316596Z,KXBTC15M-26OCT042245-45,0.9940,0.01,yes
2026-10-05T02:42:20.316596Z,KXBTC15M-26OCT042245-45,0.9940,0.01,yes
2026-10-05T02:42:20.316596Z,KXBTC15M-26OCT042245-45,0.9940,8.08,yes
2026-10-05T02:42:20.422298Z,KXBTC15M-26OCT042245-45,0.9930,7.45,no
2026-10-05T02:42:20.422298Z,KXBTC15M-26OCT042245-45,0.9930,0.01,no
2026-10-05T02:42:20.422298Z,KXBTC15M-26OCT042245-45,0.9930,0.01,no
2026-10-05T02:42:20.514007Z,KXBTC15M-26OCT042245-45,0.9930,15.00,no
2026-10-05T02:42:20.514007Z,KXBTC15M-26OCT042245-45,0.9930,7.55,no
2026-10-05T02:42:20.514007Z,KXBTC15M-26OCT042245-45,0.9930,31.91,no
2026-10-05T02:42:20.515753Z,KXBTC15M-26OCT042245-45,0.9940,8.08,yes
2026-10-05T02:42:20.515753Z,KXBTC15M-26OCT042245-45,0.9960,200.00,yes
2026-10-05T02:42:20.515753Z,KXBTC15M-26OCT042245-45,0.9940,7.92,yes
2026-10-05T02:42:20.515753Z,KXBTC15M-26OCT042245-45,0.9950,999.80,yes
2026-10-05T02:42:20.515753Z,KXBTC15M-26OCT042245-45,0.9950,200.00,yes
2026-10-05T02:42:20.515753Z,KXBTC15M-26OCT042245-45,0.9940,0.01,yes
2026-10-05T02:42:20.515753Z,KXBTC15M-26OCT042245-45,0.9950,15.00,yes
2026-10-05T02:42:20.515753Z,KXBTC15M-26OCT042245-45,0.9950,15.00,yes
2026-10-05T02:42:20.515753Z,KXBTC15M-26OCT042245-45,0.9940,0.01,yes
2026-10-05T02:42:20.515753Z,KXBTC15M-26OCT042245-45,0.9940,15.00,yes
2026-10-05T02:42:20.515753Z,KXBTC15M-26OCT042245-45,0.9950,1.00,yes
2026-10-05T02:42:20.515753Z,KXBTC15M-26OCT042245-45,0.9970,2.62,yes
2026-10-05T02:42:20.515753Z,KXBTC15M-26OCT042245-45,0.9970,250.00,yes
2026-10-05T02:42:20.515753Z,KXBTC15M-26OCT042245-45,0.9970,120.00,yes
2026-10-05T02:42:20.515753Z,KXBTC15M-26OCT042245-45,0.9970,1500.45,yes
2026-10-05T02:42:20.515753Z,KXBTC15M-26OCT042245-45,0.9970,1800.00,yes
2026-10-05T02:42:20.515753Z,KXBTC15M-26OCT042245-45,0.9970,2.00,yes
2026-10-05T02:42:20.515753Z,KXBTC15M-26OCT042245-45,0.9970,2.00,yes
2026-10-05T02:42:20.515753Z,KXBTC15M-26OCT042245-45,0.9970,2.00,yes
2026-10-05T02:42:20.515753Z,KXBTC15M-26OCT042245-45,0.9970,2.00,yes
2026-10-05T02:42:20.515753Z,KXBTC15M-26OCT042245-45,0.9970,2.00,yes
2026-10-05T02:42:20.515753Z,KXBTC15M-26OCT042245-45,0.9970,18.00,yes
2026-10-05T02:42:20.556647Z,KXBTC15M-26OCT042245-45,0.9940,3.01,no
2026-10-05T02:42:20.76222Z,KXBTC15M-26OCT042245-45,0.9940,0.01,no
2026-10-05T02:42:20.76222Z,KXBTC15M-26OCT042245-45,0.9940,0.01,no
2026-10-05T02:42:20.76222Z,KXBTC15M-26OCT042245-45,0.9940,15.00,no
2026-10-05T02:42:20.76222Z,KXBTC15M-26OCT042245-45,0.9940,88.72,no
2026-10-05T02:42:20.814849Z,KXBTC15M-26OCT042245-45,0.9940,200.00,no
2026-10-05T02:42:20.814849Z,KXBTC15M-26OCT042245-45,0.9940,31.28,no
2026-10-05T02:42:20.814849Z,KXBTC15M-26OCT042245-45,0.9940,80.36,no
2026-10-05T02:42:20.820263Z,KXBTC15M-26OCT042245-45,0.9930,1500.45,no
2026-10-05T02:42:20.820263Z,KXBTC15M-26OCT042245-45,0.9940,169.64,no
2026-10-05T02:42:20.820263Z,KXBTC15M-26OCT042245-45,0.9930,1274.40,no
2026-10-05T02:42:20.820263Z,KXBTC15M-26OCT042245-45,0.9940,1.00,no
2026-10-05T02:42:20.820263Z,KXBTC15M-26OCT042245-45,0.9940,0.01,no
2026-10-05T02:42:20.820263Z,KXBTC15M-26OCT042245-45,0.9940,0.01,no
2026-10-05T02:42:20.820263Z,KXBTC15M-26OCT042245-45,0.9940,15.00,no
2026-10-05T02:42:20.820263Z,KXBTC15M-26OCT042245-45,0.9930,33.00,no
2026-10-05T02:42:20.878398Z,KXBTC15M-26OCT042245-45,0.9950,6.00,yes
2026-10-05T02:42:20.939465Z,KXBTC15M-26OCT042245-45,0.9950,25.00,yes
2026-10-05T02:42:20.968318Z,KXBTC15M-26OCT042245-45,0.9940,4.75,no
2026-10-05T02:42:20.991074Z,KXBTC15M-26OCT042245-45,0.9950,4.73,yes
2026-10-05T02:42:20.994189Z,KXBTC15M-26OCT042245-45,0.9930,123.33,no
2026-10-05T02:42:20.994189Z,KXBTC15M-26OCT042245-45,0.9940,10.25,no
2026-10-05T02:42:21.103638Z,KXBTC15M-26OCT042245-45,0.9950,400.00,yes
2026-10-05T02:42:21.103638Z,KXBTC15M-26OCT042245-45,0.9950,0.01,yes
2026-10-05T02:42:21.103638Z,KXBTC15M-26OCT042245-45,0.9950,15.00,yes
2026-10-05T02:42:21.103638Z,KXBTC15M-26OCT042245-45,0.9950,500.00,yes
2026-10-05T02:42:21.103638Z,KXBTC15M-26OCT042245-45,0.9950,0.01,yes
2026-10-05T02:42:21.103638Z,KXBTC15M-26OCT042245-45,0.9950,15.00,yes
2026-10-05T02:42:21.103638Z,KXBTC15M-26OCT042245-45,0.9950,15.00,yes
2026-10-05T02:42:21.103638Z,KXBTC15M-26OCT042245-45,0.9950,500.00,yes
2026-10-05T02:42:21.103638Z,KXBTC15M-26OCT042245-45,0.9950,200.00,yes
2026-10-05T02:42:21.103638Z,KXBTC15M-26OCT042245-45,0.9950,64.27,yes
2026-10-05T02:42:21.103638Z,KXBTC15M-26OCT042245-45,0.9950,1.00,yes
2026-10-05T02:42:21.138002Z,KXBTC15M-26OCT042245-45,0.9950,761.00,no
2026-10-05T02:42:21.142015Z,KXBTC15M-26OCT042245-45,0.9950,9.34,no
2026-10-05T02:42:21.173566Z,KXBTC15M-26OCT042245-45,0.9950,5.00,no
2026-10-05T02:42:21.335371Z,KXBTC15M-26OCT042245-45,0.9960,9.83,yes
2026-10-05T02:42:21.50309Z,KXBTC15M-26OCT042245-45,0.9950,1869.77,no
2026-10-05T02:42:21.556201Z,KXBTC15M-26OCT042245-45,0.9960,386.85,yes
2026-10-05T02:42:21.556201Z,KXBTC15M-26OCT042245-45,0.9960,0.01,yes
2026-10-05T02:42:21.556201Z,KXBTC15M-26OCT042245-45,0.9960,100.00,yes
2026-10-05T02:42:21.556201Z,KXBTC15M-26OCT042245-45,0.9960,15.00,yes
2026-10-05T02:42:21.626793Z,KXBTC15M-26OCT042245-45,0.9950,51.63,no
2026-10-05T02:42:21.644003Z,KXBTC15M-26OCT042245-45,0.9960,10.25,yes
2026-10-05T02:42:21.681102Z,KXBTC15M-26OCT042245-45,0.9960,71.00,yes
2026-10-05T02:42:21.681102Z,KXBTC15M-26OCT042245-45,0.9960,0.01,yes
2026-10-05T02:42:21.681102Z,KXBTC15M-26OCT042245-45,0.9960,2.90,yes
2026-10-05T02:42:21.681102Z,KXBTC15M-26OCT042245-45,0.9960,100.00,yes
2026-10-05T02:42:21.681102Z,KXBTC15M-26OCT042245-45,0.9960,15.00,yes
2026-10-05T02:42:21.681102Z,KXBTC15M-26OCT042245-45,0.9960,0.01,yes
2026-10-05T02:42:21.681102Z,KXBTC15M-26OCT042245-45,0.9970,1777.07,yes
2026-10-05T02:42:21.681308Z,KXBTC15M-26OCT042245-45,0.9970,1000.00,yes
2026-10-05T02:42:21.681308Z,KXBTC15M-26OCT042245-45,0.9970,15.00,yes
2026-10-05T02:42:21.681308Z,KXBTC15M-26OCT042245-45,0.9970,15.00,yes
2026-10-05T02:42:21.681308Z,KXBTC15M-26OCT042245-45,0.9970,15.00,yes
2026-10-05T02:42:21.681308Z,KXBTC15M-26OCT042245-45,0.9970,15.00,yes
2026-10-05T02:42:21.681308Z,KXBTC15M-26OCT042245-45,0.9970,15.00,yes
2026-10-05T02:42:21.681308Z,KXBTC15M-26OCT042245-45,0.9970,576.79,yes
2026-10-05T02:42:21.681308Z,KXBTC15M-26OCT042245-45,0.9970,500.00,yes
2026-10-05T02:42:21.681308Z,KXBTC15M-26OCT042245-45,0.9970,720.31,yes
2026-10-05T02:42:21.802414Z,KXBTC15M-26OCT042245-45,0.9950,3664.75,no
2026-10-05T02:42:21.934871Z,KXBTC15M-26OCT042245-45,0.9950,55.00,no
2026-10-05T02:42:21.955878Z,KXBTC15M-26OCT042245-45,0.9960,0.01,yes
2026-10-05T02:42:21.955878Z,KXBTC15M-26OCT042245-45,0.9960,0.01,yes
2026-10-05T02:42:21.955878Z,KXBTC15M-26OCT042245-45,0.9960,96.03,yes
2026-10-05T02:42:21.955878Z,KXBTC15M-26OCT042245-45,0.9960,15.00,yes
2026-10-05T02:42:21.957414Z,KXBTC15M-26OCT042245-45,0.9950,186.97,no
2026-10-05T02:42:21.974916Z,KXBTC15M-26OCT042245-45,0.9950,186.97,no
2026-10-05T02:42:21.990647Z,KXBTC15M-26OCT042245-45,0.9950,105.77,no
2026-10-05T02:42:21.991128Z,KXBTC15M-26OCT042245-45,0.9950,319.73,no
2026-10-05T02:42:22.064555Z,KXBTC15M-26OCT042245-45,0.9960,0.01,yes
2026-10-05T02:42:22.064555Z,KXBTC15M-26OCT042245-45,0.9970,62.00,yes
2026-10-05T02:42:22.064555Z,KXBTC15M-26OCT042245-45,0.9960,100.00,yes
2026-10-05T02:42:22.064555Z,KXBTC15M-26OCT042245-45,0.9960,0.01,yes
2026-10-05T02:42:22.064555Z,KXBTC15M-26OCT042245-45,0.9960,400.00,yes
2026-10-05T02:42:22.064555Z,KXBTC15M-26OCT042245-45,0.9960,1.00,yes
2026-10-05T02:42:22.064555Z,KXBTC15M-26OCT042245-45,0.9960,15.00,yes
2026-10-05T02:42:22.064555Z,KXBTC15M-26OCT042245-45,0.9970,200.00,yes
2026-10-05T02:42:22.064555Z,KXBTC15M-26OCT042245-45,0.9970,250.00,yes
2026-10-05T02:42:22.064555Z,KXBTC15M-26OCT042245-45,0.9970,188.29,yes
2026-10-05T02:42:22.064555Z,KXBTC15M-26OCT042245-45,0.9960,200.00,yes
2026-10-05T02:42:22.083736Z,KXBTC15M-26OCT042245-45,0.9950,16.00,no
2026-10-05T02:42:22.13342Z,KXBTC15M-26OCT042245-45,0.9950,15.00,no
2026-10-05T02:42:22.13342Z,KXBTC15M-26OCT042245-45,0.9950,467.78,no
2026-10-05T02:42:22.13342Z,KXBTC15M-26OCT042245-45,0.9950,0.01,no
2026-10-05T02:42:22.13342Z,KXBTC15M-26OCT042245-45,0.9950,200.00,no
2026-10-05T02:42:22.13342Z,KXBTC15M-26OCT042245-45,0.9950,0.01,no
2026-10-05T02:42:22.13342Z,KXBTC15M-26OCT042245-45,0.9950,11.85,no
2026-10-05T02:42:22.13342Z,KXBTC15M-26OCT042245-45,0.9950,1.00,no
2026-10-05T02:42:22.13342Z,KXBTC15M-26OCT042245-45,0.9950,220.54,no
2026-10-05T02:42:22.181771Z,KXBTC15M-26OCT042245-45,0.9960,0.01,yes
2026-10-05T02:42:22.181771Z,KXBTC15M-26OCT042245-45,0.9960,0.01,yes
2026-10-05T02:42:22.181771Z,KXBTC15M-26OCT042245-45,0.9960,15.00,yes
2026-10-05T02:42:22.181771Z,KXBTC15M-26OCT042245-45,0.9960,67.48,yes
2026-10-05T02:42:22.243502Z,KXBTC15M-26OCT042245-45,0.9960,1.00,yes
2026-10-05T02:42:22.243502Z,KXBTC15M-26OCT042245-45,0.9960,0.01,yes
2026-10-05T02:42:22.243502Z,KXBTC15M-26OCT042245-45,0.9960,0.01,yes
2026-10-05T02:42:22.243502Z,KXBTC15M-26OCT042245-45,0.9960,15.00,yes
2026-10-05T02:42:22.243502Z,KXBTC15M-26OCT042245-45,0.9960,400.00,yes
2026-10-05T02:42:22.243502Z,KXBTC15M-26OCT042245-45,0.9960,32.52,yes
2026-10-05T02:42:22.243502Z,KXBTC15M-26OCT042245-45,0.9960,15.00,yes
2026-10-05T02:42:22.243502Z,KXBTC15M-26OCT042245-45,0.9960,200.00,yes
2026-10-05T02:42:22.34616Z,KXBTC15M-26OCT042245-45,0.9950,18.69,no
2026-10-05T02:42:22.412484Z,KXBTC15M-26OCT042245-45,0.9960,0.51,yes
2026-10-05T02:42:22.412484Z,KXBTC15M-26OCT042245-45,0.9960,0.01,yes
2026-10-05T02:42:22.441918Z,KXBTC15M-26OCT042245-45,0.9960,0.01,yes
2026-10-05T02:42:22.441918Z,KXBTC15M-26OCT042245-45,0.9960,0.51,yes
2026-10-05T02:42:22.441918Z,KXBTC15M-26OCT042245-45,0.9960,14.49,yes
2026-10-05T02:42:22.441918Z,KXBTC15M-26OCT042245-45,0.9960,0.01,yes
2026-10-05T02:42:22.441918Z,KXBTC15M-26OCT042245-45,0.9960,100.00,yes
2026-10-05T02:42:22.441918Z,KXBTC15M-26OCT042245-45,0.9960,400.00,yes
2026-10-05T02:42:22.441918Z,KXBTC15M-26OCT042245-45,0.9960,1.00,yes
2026-10-05T02:42:22.453617Z,KXBTC15M-26OCT042245-45,0.9940,452.00,no
2026-10-05T02:42:22.453617Z,KXBTC15M-26OCT042245-45,0.9940,200.00,no
2026-10-05T02:42:22.453617Z,KXBTC15M-26OCT042245-45,0.9940,306.04,no
2026-10-05T02:42:22.453617Z,KXBTC15M-26OCT042245-45,0.9930,279.49,no
2026-10-05T02:42:22.453617Z,KXBTC15M-26OCT042245-45,0.9940,79.00,no
2026-10-05T02:42:22.453617Z,KXBTC15M-26OCT042245-45,0.9950,15.00,no
2026-10-05T02:42:22.453617Z,KXBTC15M-26OCT042245-45,0.9950,937.23,no
2026-10-05T02:42:22.453617Z,KXBTC15M-26OCT042245-45,0.9950,250.00,no
2026-10-05T02:42:22.453617Z,KXBTC15M-26OCT042245-45,0.9950,1.00,no
2026-10-05T02:42:22.453617Z,KXBTC15M-26OCT042245-45,0.9950,0.01,no
2026-10-05T02:42:22.453617Z,KXBTC15M-26OCT042245-45,0.9950,47.71,no
2026-10-05T02:42:22.453617Z,KXBTC15M-26OCT042245-45,0.9950,200.00,no
2026-10-05T02:42:22.453617Z,KXBTC15M-26OCT042245-45,0.9950,112.97,no
2026-10-05T02:42:22.453617Z,KXBTC15M-26OCT042245-45,0.9950,0.01,no
2026-10-05T02:42:22.453617Z,KXBTC15M-26OCT042245-45,0.9950,500.00,no
2026-10-05T02:42:22.456835Z,KXBTC15M-26OCT042245-45,0.9960,1.96,yes
2026-10-05T02:42:22.558301Z,KXBTC15M-26OCT042245-45,0.9950,0.01,yes
2026-10-05T02:42:22.558301Z,KXBTC15M-26OCT042245-45,0.9950,0.01,yes
2026-10-05T02:42:22.558301Z,KXBTC15M-26OCT042245-45,0.9950,59.65,yes
2026-10-05T02:42:22.641655Z,KXBTC15M-26OCT042245-45,0.9950,0.01,yes
2026-10-05T02:42:22.641655Z,KXBTC15M-26OCT042245-45,0.9960,15.00,yes
2026-10-05T02:42:22.641655Z,KXBTC15M-26OCT042245-45,0.9960,200.00,yes
2026-10-05T02:42:22.641655Z,KXBTC15M-26OCT042245-45,0.9950,200.00,yes
2026-10-05T02:42:22.641655Z,KXBTC15M-26OCT042245-45,0.9950,500.00,yes
2026-10-05T02:42:22.641655Z,KXBTC15M-26OCT042245-45,0.9950,0.01,yes
2026-10-05T02:42:22.641655Z,KXBTC15M-26OCT042245-45,0.9950,1.00,yes
2026-10-05T02:42:22.641655Z,KXBTC15M-26OCT042245-45,0.9950,500.00,yes
2026-10-05T02:42:22.641655Z,KXBTC15M-26OCT042245-45,0.9950,40.35,yes
2026-10-05T02:42:22.641655Z,KXBTC15M-26OCT042245-45,0.9950,400.00,yes
2026-10-05T02:42:22.641655Z,KXBTC15M-26OCT042245-45,0.9950,1000.00,yes
2026-10-05T02:42:22.672354Z,KXBTC15M-26OCT042245-45,0.9940,58.15,no
2026-10-05T02:42:22.672354Z,KXBTC15M-26OCT042245-45,0.9950,0.01,no
2026-10-05T02:42:22.672354Z,KXBTC15M-26OCT042245-45,0.9940,15.00,no
2026-10-05T02:42:22.672354Z,KXBTC15M-26OCT042245-45,0.9950,15.00,no
2026-10-05T02:42:22.672354Z,KXBTC15M-26OCT042245-45,0.9940,0.01,no
2026-10-05T02:42:22.672354Z,KXBTC15M-26OCT042245-45,0.9940,13.90,no
2026-10-05T02:42:22.672354Z,KXBTC15M-26OCT042245-45,0.9950,0.01,no
2026-10-05T02:42:22.672354Z,KXBTC15M-26OCT042245-45,0.9940,0.01,no
2026-10-05T02:42:22.686917Z,KXBTC15M-26OCT042245-45,0.9950,0.01,no
2026-10-05T02:42:22.686917Z,KXBTC15M-26OCT042245-45,0.9950,0.01,no
2026-10-05T02:42:22.798742Z,KXBTC15M-26OCT042245-45,0.9960,0.01,yes
2026-10-05T02:42:22.798742Z,KXBTC15M-26OCT042245-45,0.9960,19.44,yes
2026-10-05T02:42:22.810806Z,KXBTC15M-26OCT042245-45,0.9950,3.73,no
2026-10-05T02:42:22.841965Z,KXBTC15M-26OCT042245-45,0.9960,100.00,yes
2026-10-05T02:42:22.841965Z,KXBTC15M-26OCT042245-45,0.9960,15.00,yes
2026-10-05T02:42:22.841965Z,KXBTC15M-26OCT042245-45,0.9960,15.00,yes
2026-10-05T02:42:22.841965Z,KXBTC15M-26OCT042245-45,0.9960,500.00,yes
2026-10-05T02:42:22.841965Z,KXBTC15M-26OCT042245-45,0.9960,500.00,yes
2026-10-05T02:42:22.841965Z,KXBTC15M-26OCT042245-45,0.9960,15.00,yes
2026-10-05T02:42:22.841965Z,KXBTC15M-26OCT042245-45,0.9960,0.01,yes
2026-10-05T02:42:22.841965Z,KXBTC15M-26OCT042245-45,0.9960,0.01,yes
2026-10-05T02:42:22.841965Z,KXBTC15M-26OCT042245-45,0.9960,1.00,yes
2026-10-05T02:42:22.841965Z,KXBTC15M-26OCT042245-45,0.9960,400.00,yes
2026-10-05T02:42:22.841965Z,KXBTC15M-26OCT042245-45,0.9960,259.69,yes
2026-10-05T02:42:23.054889Z,KXBTC15M-26OCT042245-45,0.9950,0.01,no
2026-10-05T02:42:23.054889Z,KXBTC15M-26OCT042245-45,0.9950,11.27,no
2026-10-05T02:42:23.054889Z,KXBTC15M-26OCT042245-45,0.9940,95.82,no
2026-10-05T02:42:23.054889Z,KXBTC15M-26OCT042245-45,0.9950,15.00,no
2026-10-05T02:42:23.054889Z,KXBTC15M-26OCT042245-45,0.9950,0.01,no
2026-10-05T02:42:23.054889Z,KXBTC15M-26OCT042245-45,0.9950,15.00,no
2026-10-05T02:42:23.098443Z,KXBTC15M-26OCT042245-45,0.9950,15.00,no
2026-10-05T02:42:23.098443Z,KXBTC15M-26OCT042245-45,0.9950,0.01,no
2026-10-05T02:42:23.098443Z,KXBTC15M-26OCT042245-45,0.9950,0.01,no
2026-10-05T02:42:23.186211Z,KXBTC15M-26OCT042245-45,0.9950,99.59,yes
2026-10-05T02:42:23.186211Z,KXBTC15M-26OCT042245-45,0.9950,70.00,yes
2026-10-05T02:42:23.186211Z,KXBTC15M-26OCT042245-45,0.9950,70.00,yes
2026-10-05T02:42:23.186211Z,KXBTC15M-26OCT042245-45,0.9950,70.00,yes
2026-10-05T02:42:23.186211Z,KXBTC15M-26OCT042245-45,0.9950,70.00,yes
2026-10-05T02:42:23.186211Z,KXBTC15M-26OCT042245-45,0.9950,70.00,yes
2026-10-05T02:42:23.186211Z,KXBTC15M-26OCT042245-45,0.9950,0.01,yes
2026-10-05T02:42:23.186211Z,KXBTC15M-26OCT042245-45,0.9950,70.00,yes
2026-10-05T02:42:23.186211Z,KXBTC15M-26OCT042245-45,0.9950,0.01,yes
2026-10-05T02:42:23.186211Z,KXBTC15M-26OCT042245-45,0.9950,70.00,yes
2026-10-05T02:42:23.186211Z,KXBTC15M-26OCT042245-45,0.9950,898.00,yes
2026-10-05T02:42:23.241539Z,KXBTC15M-26OCT042245-45,0.9950,500.00,yes
2026-10-05T02:42:23.241539Z,KXBTC15M-26OCT042245-45,0.9950,400.00,yes
2026-10-05T02:42:23.241539Z,KXBTC15M-26OCT042245-45,0.9950,0.01,yes
2026-10-05T02:42:23.241539Z,KXBTC15M-26OCT042245-45,0.9950,0.41,yes
2026-10-05T02:42:23.241539Z,KXBTC15M-26OCT042245-45,0.9950,0.01,yes
2026-10-05T02:42:23.241539Z,KXBTC15M-26OCT042245-45,0.9950,15.00,yes
2026-10-05T02:42:23.241539Z,KXBTC15M-26OCT042245-45,0.9950,204.00,yes
2026-10-05T02:42:23.241539Z,KXBTC15M-26OCT042245-45,0.9950,200.00,yes
2026-10-05T02:42:23.241539Z,KXBTC15M-26OCT042245-45,0.9950,500.00,yes
2026-10-05T02:42:23.241539Z,KXBTC15M-26OCT042245-45,0.9950,1.00,yes
2026-10-05T02:42:23.423354Z,KXBTC15M-26OCT042245-45,0.9940,3.01,no
2026-10-05T02:42:23.442227Z,KXBTC15M-26OCT042245-45,0.9950,1.00,yes
2026-10-05T02:42:23.442227Z,KXBTC15M-26OCT042245-45,0.9950,400.00,yes
2026-10-05T02:42:23.442227Z,KXBTC15M-26OCT042245-45,0.9950,0.01,yes
2026-10-05T02:42:23.442227Z,KXBTC15M-26OCT042245-45,0.9950,3.02,yes
2026-10-05T02:42:23.442227Z,KXBTC15M-26OCT042245-45,0.9950,100.00,yes
2026-10-05T02:42:23.442227Z,KXBTC15M-26OCT042245-45,0.9950,0.01,yes
2026-10-05T02:42:23.663004Z,KXBTC15M-26OCT042245-45,0.9960,15.00,yes
2026-10-05T02:42:23.663004Z,KXBTC15M-26OCT042245-45,0.9960,15.00,yes
2026-10-05T02:42:23.663004Z,KXBTC15M-26OCT042245-45,0.9960,0.01,yes
2026-10-05T02:42:23.663004Z,KXBTC15M-26OCT042245-45,0.9960,0.01,yes
2026-10-05T02:42:23.663004Z,KXBTC15M-26OCT042245-45,0.9960,15.00,yes
2026-10-05T02:42:23.663004Z,KXBTC15M-26OCT042245-45,0.9960,478.26,yes
2026-10-05T02:42:23.663004Z,KXBTC15M-26OCT042245-45,0.9960,200.00,yes
2026-10-05T02:42:23.663004Z,KXBTC15M-26OCT042245-45,0.9960,15.00,yes
2026-10-05T02:42:23.704719Z,KXBTC15M-26OCT042245-45,0.9950,0.01,no
2026-10-05T02:42:23.704719Z,KXBTC15M-26OCT042245-45,0.9950,0.01,no
2026-10-05T02:42:23.834709Z,KXBTC15M-26OCT042245-45,0.9940,6.99,no
2026-10-05T02:42:23.834709Z,KXBTC15M-26OCT042245-45,0.9940,281.25,no
2026-10-05T02:42:23.834709Z,KXBTC15M-26OCT042245-45,0.9950,0.01,no
2026-10-05T02:42:23.834709Z,KXBTC15M-26OCT042245-45,0.9950,66.84,no
2026-10-05T02:42:23.834709Z,KXBTC15M-26OCT042245-45,0.9950,200.00,no
2026-10-05T02:42:23.834709Z,KXBTC15M-26OCT042245-45,0.9950,15.00,no
2026-10-05T02:42:23.834709Z,KXBTC15M-26OCT042245-45,0.9950,0.01,no
2026-10-05T02:42:23.834709Z,KXBTC15M-26OCT042245-45,0.9950,23.88,no
2026-10-05T02:42:23.834709Z,KXBTC15M-26OCT042245-45,0.9940,15.00,no
2026-10-05T02:42:23.834709Z,KXBTC15M-26OCT042245-45,0.9950,100.26,no
2026-10-05T02:42:23.834709Z,KXBTC15M-26OCT042245-45,0.9940,55.27,no
2026-10-05T02:42:23.834709Z,KXBTC15M-26OCT042245-45,0.9950,1.00,no
2026-10-05T02:42:24.059515Z,KXBTC15M-26OCT042245-45,0.9950,0.01,yes
2026-10-05T02:42:24.059515Z,KXBTC15M-26OCT042245-45,0.9950,70.00,yes
2026-10-05T02:42:24.059515Z,KXBTC15M-26OCT042245-45,0.9950,1.00,yes
2026-10-05T02:42:24.059515Z,KXBTC15M-26OCT042245-45,0.9950,14.00,yes
2026-10-05T02:42:24.059515Z,KXBTC15M-26OCT042245-45,0.9950,0.01,yes
2026-10-05T02:42:24.059515Z,KXBTC15M-26OCT042245-45,0.9950,100.00,yes
2026-10-05T02:42:24.059515Z,KXBTC15M-26OCT042245-45,0.9950,400.00,yes
2026-10-05T02:42:24.082994Z,KXBTC15M-26OCT042245-45,0.9950,200.72,yes
2026-10-05T02:42:24.082994Z,KXBTC15M-26OCT042245-45,0.9950,0.01,yes
2026-10-05T02:42:24.082994Z,KXBTC15M-26OCT042245-45,0.9950,0.01,yes
2026-10-05T02:42:24.169759Z,KXBTC15M-26OCT042245-45,0.9940,154.28,no
2026-10-05T02:42:24.240565Z,KXBTC15M-26OCT042245-45,0.9950,0.01,yes
2026-10-05T02:42:24.240565Z,KXBTC15M-26OCT042245-45,0.9950,1.00,yes
2026-10-05T02:42:24.240565Z,KXBTC15M-26OCT042245-45,0.9950,100.00,yes
2026-10-05T02:42:24.240565Z,KXBTC15M-26OCT042245-45,0.9950,400.00,yes
2026-10-05T02:42:24.240565Z,KXBTC15M-26OCT042245-45,0.9950,0.01,yes
2026-10-05T02:42:24.269896Z,KXBTC15M-26OCT042245-45,0.9940,1.00,no
2026-10-05T02:42:24.398105Z,KXBTC15M-26OCT042245-45,0.9950,0.01,yes
2026-10-05T02:42:24.398105Z,KXBTC15M-26OCT042245-45,0.9950,0.01,yes
2026-10-05T02:42:24.398105Z,KXBTC15M-26OCT042245-45,0.9950,294.07,yes
2026-10-05T02:42:24.398105Z,KXBTC15M-26OCT042245-45,0.9950,100.00,yes
2026-10-05T02:42:24.428831Z,KXBTC15M-26OCT042245-45,0.9950,0.01,yes
2026-10-05T02:42:24.428831Z,KXBTC15M-26OCT042245-45,0.9950,0.01,yes
2026-10-05T02:42:24.428831Z,KXBTC15M-26OCT042245-45,0.9950,80.35,yes
2026-10-05T02:42:24.466006Z,KXBTC15M-26OCT042245-45,0.9950,0.01,yes
2026-10-05T02:42:24.466006Z,KXBTC15M-26OCT042245-45,0.9950,0.01,yes
2026-10-05T02:42:24.466006Z,KXBTC15M-26OCT042245-45,0.9960,9.98,yes
2026-10-05T02:42:24.469252Z,KXBTC15M-26OCT042245-45,0.9950,100.00,yes
2026-10-05T02:42:24.469252Z,KXBTC15M-26OCT042245-45,0.9960,15.00,yes
2026-10-05T02:42:24.469252Z,KXBTC15M-26OCT042245-45,0.9960,5.02,yes
2026-10-05T02:42:24.469252Z,KXBTC15M-26OCT042245-45,0.9970,213.42,yes
2026-10-05T02:42:24.47313Z,KXBTC15M-26OCT042245-45,0.9960,0.01,yes
2026-10-05T02:42:24.47313Z,KXBTC15M-26OCT042245-45,0.9960,0.01,yes
2026-10-05T02:42:24.47313Z,KXBTC15M-26OCT042245-45,0.9970,36.58,yes
2026-10-05T02:42:24.47313Z,KXBTC15M-26OCT042245-45,0.9970,5.91,yes
2026-10-05T02:42:24.611411Z,KXBTC15M-26OCT042245-45,0.9950,15.00,no
2026-10-05T02:42:24.611411Z,KXBTC15M-26OCT042245-45,0.9950,15.00,no
2026-10-05T02:42:24.611411Z,KXBTC15M-26OCT042245-45,0.9950,0.01,no
2026-10-05T02:42:24.611411Z,KXBTC15M-26OCT042245-45,0.9950,0.01,no
2026-10-05T02:42:24.611411Z,KXBTC15M-26OCT042245-45,0.9940,1.00,no
2026-10-05T02:42:24.611411Z,KXBTC15M-26OCT042245-45,0.9940,117.01,no
2026-10-05T02:42:24.66514Z,KXBTC15M-26OCT042245-45,0.9940,284.23,no
2026-10-05T02:42:24.66514Z,KXBTC15M-26OCT042245-45,0.9950,15.00,no
2026-10-05T02:42:24.66514Z,KXBTC15M-26OCT042245-45,0.9950,0.01,no
2026-10-05T02:42:24.66514Z,KXBTC15M-26OCT042245-45,0.9950,0.01,no
2026-10-05T02:42:24.66514Z,KXBTC15M-26OCT042245-45,0.9940,200.00,no
2026-10-05T02:42:24.66514Z,KXBTC15M-26OCT042245-45,0.9940,279.88,no
2026-10-05T02:42:24.684186Z,KXBTC15M-26OCT042245-45,0.9960,0.01,yes
2026-10-05T02:42:24.684186Z,KXBTC15M-26OCT042245-45,0.9960,31.99,yes
2026-10-05T02:42:24.705911Z,KXBTC15M-26OCT042245-45,0.9950,0.01,no
2026-10-05T02:42:24.705911Z,KXBTC15M-26OCT042245-45,0.9950,0.01,no
2026-10-05T02:42:24.718025Z,KXBTC15M-26OCT042245-45,0.9960,17.00,yes
2026-10-05T02:42:24.718025Z,KXBTC15M-26OCT042245-45,0.9960,68.01,yes
2026-10-05T02:42:24.718025Z,KXBTC15M-26OCT042245-45,0.9960,0.01,yes
2026-10-05T02:42:24.881548Z,KXBTC15M-26OCT042245-45,0.9950,0.01,no
2026-10-05T02:42:24.881548Z,KXBTC15M-26OCT042245-45,0.9940,48.87,no
2026-10-05T02:42:24.881548Z,KXBTC15M-26OCT042245-45,0.9950,0.01,no
2026-10-05T02:42:24.881548Z,KXBTC15M-26OCT042245-45,0.9950,15.00,no
2026-10-05T02:42:24.928638Z,KXBTC15M-26OCT042245-45,0.9960,111.99,yes
2026-10-05T02:42:24.943401Z,KXBTC15M-26OCT042245-45,0.9960,1.00,yes
2026-10-05T02:42:24.943401Z,KXBTC15M-26OCT042245-45,0.9970,200.00,yes
2026-10-05T02:42:24.943401Z,KXBTC15M-26OCT042245-45,0.9960,271.01,yes
2026-10-05T02:42:24.943401Z,KXBTC15M-26OCT042245-45,0.9960,500.00,yes
2026-10-05T02:42:24.943401Z,KXBTC15M-26OCT042245-45,0.9960,15.00,yes
2026-10-05T02:42:24.943401Z,KXBTC15M-26OCT042245-45,0.9960,0.01,yes
2026-10-05T02:42:24.943401Z,KXBTC15M-26OCT042245-45,0.9960,15.00,yes
2026-10-05T02:42:24.943401Z,KXBTC15M-26OCT042245-45,0.9960,100.00,yes
2026-10-05T02:42:24.943401Z,KXBTC15M-26OCT042245-45,0.9960,15.00,yes
2026-10-05T02:42:24.943401Z,KXBTC15M-26OCT042245-45,0.9960,0.01,yes
2026-10-05T02:42:24.943401Z,KXBTC15M-26OCT042245-45,0.9960,15.00,yes
2026-10-05T02:42:24.943401Z,KXBTC15M-26OCT042245-45,0.9960,15.00,yes
2026-10-05T02:42:24.943401Z,KXBTC15M-26OCT042245-45,0.9960,200.00,yes
2026-10-05T02:42:24.943401Z,KXBTC15M-26OCT042245-45,0.9960,500.00,yes
2026-10-05T02:42:24.943401Z,KXBTC15M-26OCT042245-45,0.9970,1608.42,yes
2026-10-05T02:42:24.943401Z,KXBTC15M-26OCT042245-45,0.9960,15.00,yes
2026-10-05T02:42:24.943401Z,KXBTC15M-26OCT042245-45,0.9970,70.09,yes
2026-10-05T02:42:25.035121Z,KXBTC15M-26OCT042245-45,0.9960,9.44,yes
2026-10-05T02:42:25.035121Z,KXBTC15M-26OCT042245-45,0.9960,0.01,yes
2026-10-05T02:42:25.035121Z,KXBTC15M-26OCT042245-45,0.9960,0.01,yes
2026-10-05T02:42:25.267935Z,KXBTC15M-26OCT042245-45,0.9950,15.00,no
2026-10-05T02:42:25.267935Z,KXBTC15M-26OCT042245-45,0.9950,0.01,no
2026-10-05T02:42:25.267935Z,KXBTC15M-26OCT042245-45,0.9950,0.01,no
2026-10-05T02:42:25.267935Z,KXBTC15M-26OCT042245-45,0.9940,111.80,no
2026-10-05T02:42:25.267935Z,KXBTC15M-26OCT042245-45,0.9950,15.00,no
2026-10-05T02:42:25.267935Z,KXBTC15M-26OCT042245-45,0.9950,15.00,no
2026-10-05T02:42:25.361575Z,KXBTC15M-26OCT042245-45,0.9950,0.01,yes
2026-10-05T02:42:25.361575Z,KXBTC15M-26OCT042245-45,0.9950,44.70,yes
2026-10-05T02:42:25.361575Z,KXBTC15M-26OCT042245-45,0.9950,0.01,yes
2026-10-05T02:42:25.506553Z,KXBTC15M-26OCT042245-45,0.9950,111.49,yes
2026-10-05T02:42:25.539297Z,KXBTC15M-26OCT042245-45,0.9950,0.01,yes
2026-10-05T02:42:25.539297Z,KXBTC15M-26OCT042245-45,0.9950,43.81,yes
2026-10-05T02:42:25.539297Z,KXBTC15M-26OCT042245-45,0.9950,124.34,yes
2026-10-05T02:42:25.539297Z,KXBTC15M-26OCT042245-45,0.9950,100.00,yes
2026-10-05T02:42:25.539297Z,KXBTC15M-26OCT042245-45,0.9950,0.01,yes
2026-10-05T02:42:25.539297Z,KXBTC15M-26OCT042245-45,0.9950,400.00,yes
2026-10-05T02:42:25.610058Z,KXBTC15M-26OCT042245-45,0.9940,0.01,no
2026-10-05T02:42:25.610058Z,KXBTC15M-26OCT042245-45,0.9940,0.01,no
2026-10-05T02:42:25.610058Z,KXBTC15M-26OCT042245-45,0.9940,1.00,no
2026-10-05T02:42:25.610058Z,KXBTC15M-26OCT042245-45,0.9940,52.75,no
2026-10-05T02:42:25.610058Z,KXBTC15M-26OCT042245-45,0.9940,36.58,no
2026-10-05T02:42:25.610058Z,KXBTC15M-26OCT042245-45,0.9940,82.00,no
2026-10-05T02:42:25.610058Z,KXBTC15M-26OCT042245-45,0.9940,285.78,no
2026-10-05T02:42:25.695275Z,KXBTC15M-26OCT042245-45,0.9950,500.00,yes
2026-10-05T02:42:25.695275Z,KXBTC15M-26OCT042245-45,0.9950,400.00,yes
2026-10-05T02:42:25.695275Z,KXBTC15M-26OCT042245-45,0.9950,0.01,yes
2026-10-05T02:42:25.695275Z,KXBTC15M-26OCT042245-45,0.9950,87.00,yes
2026-10-05T02:42:25.695275Z,KXBTC15M-26OCT042245-45,0.9950,100.00,yes
2026-10-05T02:42:25.695275Z,KXBTC15M-26OCT042245-45,0.9950,200.00,yes
2026-10-05T02:42:25.695275Z,KXBTC15M-26OCT042245-45,0.9950,0.01,yes
2026-10-05T02:42:25.695275Z,KXBTC15M-26OCT042245-45,0.9950,1.00,yes
2026-10-05T02:42:25.705103Z,KXBTC15M-26OCT042245-45,0.9950,14.94,no
2026-10-05T02:42:25.733067Z,KXBTC15M-26OCT042245-45,0.9950,1.83,no
2026-10-05T02:42:25.877189Z,KXBTC15M-26OCT042245-45,0.9960,3.00,yes
2026-10-05T02:42:25.894832Z,KXBTC15M-26OCT042245-45,0.9950,155.83,no
2026-10-05T02:42:25.989766Z,KXBTC15M-26OCT042245-45,0.9950,42.14,no
2026-10-05T02:42:26.040051Z,KXBTC15M-26OCT042245-45,0.9960,158.00,yes
2026-10-05T02:42:26.040051Z,KXBTC15M-26OCT042245-45,0.9960,15.00,yes
2026-10-05T02:42:26.040051Z,KXBTC15M-26OCT042245-45,0.9960,9.44,yes
2026-10-05T02:42:26.040051Z,KXBTC15M-26OCT042245-45,0.9960,15.00,yes
2026-10-05T02:42:26.040051Z,KXBTC15M-26OCT042245-45,0.9960,2.56,yes
2026-10-05T02:42:26.054519Z,KXBTC15M-26OCT042245-45,0.9960,200.00,yes
2026-10-05T02:42:26.067864Z,KXBTC15M-26OCT042245-45,0.9960,200.00,yes
2026-10-05T02:42:26.072723Z,KXBTC15M-26OCT042245-45,0.9960,0.01,yes
2026-10-05T02:42:26.072723Z,KXBTC15M-26OCT042245-45,0.9960,113.93,yes
2026-10-05T02:42:26.072723Z,KXBTC15M-26OCT042245-45,0.9960,100.00,yes
2026-10-05T02:42:26.072723Z,KXBTC15M-26OCT042245-45,0.9960,1.00,yes
2026-10-05T02:42:26.072723Z,KXBTC15M-26OCT042245-45,0.9960,3.00,yes
2026-10-05T02:42:26.072723Z,KXBTC15M-26OCT042245-45,0.9960,0.01,yes
2026-10-05T02:42:26.098391Z,KXBTC15M-26OCT042245-45,0.9950,77.91,no
2026-10-05T02:42:26.100976Z,KXBTC15M-26OCT042245-45,0.9960,86.07,yes
2026-10-05T02:42:26.100976Z,KXBTC15M-26OCT042245-45,0.9960,113.93,yes
2026-10-05T02:42:26.184542Z,KXBTC15M-26OCT042245-45,0.9950,373.95,no
2026-10-05T02:42:26.239657Z,KXBTC15M-26OCT042245-45,0.9950,0.60,no
2026-10-05T02:42:26.239657Z,KXBTC15M-26OCT042245-45,0.9950,0.01,no
2026-10-05T02:42:26.239657Z,KXBTC15M-26OCT042245-45,0.9950,15.00,no
2026-10-05T02:42:26.239657Z,KXBTC15M-26OCT042245-45,0.9950,0.01,no
2026-10-05T02:42:26.239657Z,KXBTC15M-26OCT042245-45,0.9950,45.38,no
2026-10-05T02:42:26.312975Z,KXBTC15M-26OCT042245-45,0.9950,0.40,no
2026-10-05T02:42:26.312975Z,KXBTC15M-26OCT042245-45,0.9950,0.11,no
2026-10-05T02:42:26.415044Z,KXBTC15M-26OCT042245-45,0.9950,84.00,no
2026-10-05T02:42:26.429366Z,KXBTC15M-26OCT042245-45,0.9950,2.00,no
2026-10-05T02:42:26.446312Z,KXBTC15M-26OCT042245-45,0.9960,100.00,yes
2026-10-05T02:42:26.446312Z,KXBTC15M-26OCT042245-45,0.9960,12.00,yes
2026-10-05T02:42:26.446312Z,KXBTC15M-26OCT042245-45,0.9960,3.00,yes
2026-10-05T02:42:26.446312Z,KXBTC15M-26OCT042245-45,0.9960,84.98,yes
2026-10-05T02:42:26.446312Z,KXBTC15M-26OCT042245-45,0.9960,0.01,yes
2026-10-05T02:42:26.446312Z,KXBTC15M-26OCT042245-45,0.9960,0.01,yes
2026-10-05T02:42:26.464176Z,KXBTC15M-26OCT042245-45,0.9950,0.02,no
2026-10-05T02:42:26.464249Z,KXBTC15M-26OCT042245-45,0.9960,200.00,yes
2026-10-05T02:42:26.479506Z,KXBTC15M-26OCT042245-45,0.9960,31.00,yes
2026-10-05T02:42:26.499287Z,KXBTC15M-26OCT042245-45,0.9960,10.00,yes
2026-10-05T02:42:26.499287Z,KXBTC15M-26OCT042245-45,0.9960,0.01,yes
2026-10-05T02:42:26.499287Z,KXBTC15M-26OCT042245-45,0.9960,18.96,yes
2026-10-05T02:42:26.499287Z,KXBTC15M-26OCT042245-45,0.9960,200.00,yes
2026-10-05T02:42:26.499287Z,KXBTC15M-26OCT042245-45,0.9960,84.02,yes
2026-10-05T02:42:26.499287Z,KXBTC15M-26OCT042245-45,0.9960,15.00,yes
2026-10-05T02:42:26.499287Z,KXBTC15M-26OCT042245-45,0.9960,1.00,yes
2026-10-05T02:42:26.499287Z,KXBTC15M-26OCT042245-45,0.9960,15.00,yes
2026-10-05T02:42:26.499287Z,KXBTC15M-26OCT042245-45,0.9960,100.00,yes
2026-10-05T02:42:26.499287Z,KXBTC15M-26OCT042245-45,0.9960,0.01,yes
2026-10-05T02:42:26.530754Z,KXBTC15M-26OCT042245-45,0.9950,34.98,no
2026-10-05T02:42:26.534247Z,KXBTC15M-26OCT042245-45,0.9960,100.00,yes
2026-10-05T02:42:26.611813Z,KXBTC15M-26OCT042245-45,0.9960,200.00,yes
2026-10-05T02:42:26.671339Z,KXBTC15M-26OCT042245-45,0.9960,181.04,yes
2026-10-05T02:42:26.671339Z,KXBTC15M-26OCT042245-45,0.9960,145.17,yes
2026-10-05T02:42:26.682738Z,KXBTC15M-26OCT042245-45,0.9960,2.00,yes
2026-10-05T02:42:26.700896Z,KXBTC15M-26OCT042245-45,0.9950,56.34,no
2026-10-05T02:42:26.700896Z,KXBTC15M-26OCT042245-45,0.9940,29.48,no
2026-10-05T02:42:26.700896Z,KXBTC15M-26OCT042245-45,0.9950,15.00,no
2026-10-05T02:42:26.700896Z,KXBTC15M-26OCT042245-45,0.9950,0.01,no
2026-10-05T02:42:26.700896Z,KXBTC15M-26OCT042245-45,0.9950,0.01,no
2026-10-05T02:42:26.856732Z,KXBTC15M-26OCT042245-45,0.9950,331.23,yes
2026-10-05T02:42:26.856732Z,KXBTC15M-26OCT042245-45,0.9950,500.00,yes
2026-10-05T02:42:26.856732Z,KXBTC15M-26OCT042245-45,0.9950,14.00,yes
2026-10-05T02:42:26.856732Z,KXBTC15M-26OCT042245-45,0.9950,200.00,yes
2026-10-05T02:42:26.856732Z,KXBTC15M-26OCT042245-45,0.9950,100.00,yes
2026-10-05T02:42:26.856732Z,KXBTC15M-26OCT042245-45,0.9950,400.00,yes
2026-10-05T02:42:26.856732Z,KXBTC15M-26OCT042245-45,0.9950,0.01,yes
2026-10-05T02:42:26.856732Z,KXBTC15M-26OCT042245-45,0.9950,70.00,yes
2026-10-05T02:42:26.856732Z,KXBTC15M-26OCT042245-45,0.9950,70.00,yes
2026-10-05T02:42:26.856732Z,KXBTC15M-26OCT042245-45,0.9950,0.01,yes
2026-10-05T02:42:26.856732Z,KXBTC15M-26OCT042245-45,0.9950,500.00,yes
2026-10-05T02:42:26.856732Z,KXBTC15M-26OCT042245-45,0.9950,65.00,yes
2026-10-05T02:42:26.856732Z,KXBTC15M-26OCT042245-45,0.9950,10.00,yes
2026-10-05T02:42:26.869955Z,KXBTC15M-26OCT042245-45,0.9950,0.01,no
2026-10-05T02:42:26.869955Z,KXBTC15M-26OCT042245-45,0.9950,0.01,no
2026-10-05T02:42:26.869955Z,KXBTC15M-26OCT042245-45,0.9950,14.07,no
2026-10-05T02:42:26.869955Z,KXBTC15M-26OCT042245-45,0.9950,39.75,no
2026-10-05T02:42:26.983891Z,KXBTC15M-26OCT042245-45,0.9960,5.00,yes
2026-10-05T02:42:26.995298Z,KXBTC15M-26OCT042245-45,0.9960,5.00,yes
2026-10-05T02:42:26.995298Z,KXBTC15M-26OCT042245-45,0.9960,2.26,yes
2026-10-05T02:42:26.995298Z,KXBTC15M-26OCT042245-45,0.9960,15.00,yes
2026-10-05T02:42:27.001059Z,KXBTC15M-26OCT042245-45,0.9960,200.00,yes
2026-10-05T02:42:27.01799Z,KXBTC15M-26OCT042245-45,0.9960,100.00,yes
2026-10-05T02:42:27.01799Z,KXBTC15M-26OCT042245-45,0.9960,15.00,yes
2026-10-05T02:42:27.01799Z,KXBTC15M-26OCT042245-45,0.9960,0.01,yes
2026-10-05T02:42:27.01799Z,KXBTC15M-26OCT042245-45,0.9960,84.99,yes
2026-10-05T02:42:27.024937Z,KXBTC15M-26OCT042245-45,0.9940,2.36,no
2026-10-05T02:42:27.024937Z,KXBTC15M-26OCT042245-45,0.9950,15.00,no
2026-10-05T02:42:27.024937Z,KXBTC15M-26OCT042245-45,0.9950,0.01,no
2026-10-05T02:42:27.024937Z,KXBTC15M-26OCT042245-45,0.9950,0.01,no
2026-10-05T02:42:27.024937Z,KXBTC15M-26OCT042245-45,0.9950,0.93,no
2026-10-05T02:42:27.038851Z,KXBTC15M-26OCT042245-45,0.9950,14.00,yes
2026-10-05T02:42:27.038851Z,KXBTC15M-26OCT042245-45,0.9950,28.00,yes
2026-10-05T02:42:27.038851Z,KXBTC15M-26OCT042245-45,0.9950,0.01,yes
2026-10-05T02:42:27.038851Z,KXBTC15M-26OCT042245-45,0.9950,0.01,yes
2026-10-05T02:42:27.038851Z,KXBTC15M-26OCT042245-45,0.9950,10.00,yes
2026-10-05T02:42:27.038851Z,KXBTC15M-26OCT042245-45,0.9960,15.00,yes
2026-10-05T02:42:27.038851Z,KXBTC15M-26OCT042245-45,0.9960,315.01,yes
2026-10-05T02:42:27.038851Z,KXBTC15M-26OCT042245-45,0.9960,46.24,yes
2026-10-05T02:42:27.038851Z,KXBTC15M-26OCT042245-45,0.9960,0.01,yes
2026-10-05T02:42:27.067414Z,KXBTC15M-26OCT042245-45,0.9940,240.79,no
2026-10-05T02:42:27.466317Z,KXBTC15M-26OCT042245-45,0.9940,26.31,no
2026-10-05T02:42:27.466317Z,KXBTC15M-26OCT042245-45,0.9940,0.01,no
2026-10-05T02:42:27.466317Z,KXBTC15M-26OCT042245-45,0.9940,1.00,no
2026-10-05T02:42:27.576613Z,KXBTC15M-26OCT042245-45,0.9950,6.39,yes
2026-10-05T02:42:27.576613Z,KXBTC15M-26OCT042245-45,0.9950,0.01,yes
2026-10-05T02:42:27.726737Z,KXBTC15M-26OCT042245-45,0.9950,0.01,yes
2026-10-05T02:42:27.726737Z,KXBTC15M-26OCT042245-45,0.9950,200.00,yes
2026-10-05T02:42:27.726737Z,KXBTC15M-26OCT042245-45,0.9950,482.75,yes
2026-10-05T02:42:27.726737Z,KXBTC15M-26OCT042245-45,0.9950,500.00,yes
2026-10-05T02:42:27.726737Z,KXBTC15M-26OCT042245-45,0.9950,393.61,yes
2026-10-05T02:42:27.726737Z,KXBTC15M-26OCT042245-45,0.9950,1.00,yes
2026-10-05T02:42:27.726737Z,KXBTC15M-26OCT042245-45,0.9950,1.00,yes
2026-10-05T02:42:27.726737Z,KXBTC15M-26OCT042245-45,0.9950,100.00,yes
2026-10-05T02:42:27.726737Z,KXBTC15M-26OCT042245-45,0.9950,7.00,yes
2026-10-05T02:42:27.726737Z,KXBTC15M-26OCT042245-45,0.9950,10.00,yes
2026-10-05T02:42:27.726737Z,KXBTC15M-26OCT042245-45,0.9950,10.00,yes
2026-10-05T02:42:27.8208Z,KXBTC15M-26OCT042245-45,0.9950,0.01,yes
2026-10-05T02:42:27.8208Z,KXBTC15M-26OCT042245-45,0.9950,1.00,yes
2026-10-05T02:42:27.8208Z,KXBTC15M-26OCT042245-45,0.9950,11.00,yes
2026-10-05T02:42:27.8208Z,KXBTC15M-26OCT042245-45,0.9950,0.01,yes
2026-10-05T02:42:27.8208Z,KXBTC15M-26OCT042245-45,0.9950,8.07,yes
2026-10-05T02:42:27.888878Z,KXBTC15M-26OCT042245-45,0.9950,33.65,yes
2026-10-05T02:42:27.888878Z,KXBTC15M-26OCT042245-45,0.9950,91.93,yes
2026-10-05T02:42:27.949496Z,KXBTC15M-26OCT042245-45,0.9950,11.06,yes
2026-10-05T02:42:27.956239Z,KXBTC15M-26OCT042245-45,0.9950,72.50,yes
2026-10-05T02:42:28.026486Z,KXBTC15M-26OCT042245-45,0.9950,4.80,yes
2026-10-05T02:42:28.108012Z,KXBTC15M-26OCT042245-45,0.9940,84.08,no
2026-10-05T02:42:28.108012Z,KXBTC15M-26OCT042245-45,0.9940,0.01,no
2026-10-05T02:42:28.108012Z,KXBTC15M-26OCT042245-45,0.9940,15.00,no
2026-10-05T02:42:28.108012Z,KXBTC15M-26OCT042245-45,0.9940,0.01,no
2026-10-05T02:42:28.117874Z,KXBTC15M-26OCT042245-45,0.9940,0.01,no
2026-10-05T02:42:28.160559Z,KXBTC15M-26OCT042245-45,0.9950,34.76,yes
2026-10-05T02:42:28.160559Z,KXBTC15M-26OCT042245-45,0.9950,277.99,yes
2026-10-05T02:42:28.242621Z,KXBTC15M-26OCT042245-45,0.9950,0.25,yes
2026-10-05T02:42:28.26992Z,KXBTC15M-26OCT042245-45,0.9940,0.01,no
2026-10-05T02:42:28.26992Z,KXBTC15M-26OCT042245-45,0.9940,0.01,no
2026-10-05T02:42:28.26992Z,KXBTC15M-26OCT042245-45,0.9940,15.00,no
2026-10-05T02:42:28.26992Z,KXBTC15M-26OCT042245-45,0.9930,38.74,no
2026-10-05T02:42:28.297192Z,KXBTC15M-26OCT042245-45,0.9940,3.01,yes
2026-10-05T02:42:28.443027Z,KXBTC15M-26OCT042245-45,0.9940,1.00,yes
2026-10-05T02:42:28.446017Z,KXBTC15M-26OCT042245-45,0.9940,2.19,yes
2026-10-05T02:42:28.516347Z,KXBTC15M-26OCT042245-45,0.9930,3.93,no
2026-10-05T02:42:28.587785Z,KXBTC15M-26OCT042245-45,0.9940,0.01,yes
2026-10-05T02:42:28.587785Z,KXBTC15M-26OCT042245-45,0.9940,3.80,yes
2026-10-05T02:42:28.587785Z,KXBTC15M-26OCT042245-45,0.9940,0.01,yes
2026-10-05T02:42:28.587785Z,KXBTC15M-26OCT042245-45,0.9940,10.34,yes
2026-10-05T02:42:28.627642Z,KXBTC15M-26OCT042245-45,0.9930,269.00,no
2026-10-05T02:42:28.627642Z,KXBTC15M-26OCT042245-45,0.9930,0.01,no
2026-10-05T02:42:28.627642Z,KXBTC15M-26OCT042245-45,0.9930,15.00,no
2026-10-05T02:42:28.627642Z,KXBTC15M-26OCT042245-45,0.9930,0.01,no
2026-10-05T02:42:28.627642Z,KXBTC15M-26OCT042245-45,0.9930,1.00,no
2026-10-05T02:42:28.627642Z,KXBTC15M-26OCT042245-45,0.9930,15.00,no
2026-10-05T02:42:28.627642Z,KXBTC15M-26OCT042245-45,0.9930,80.11,no
2026-10-05T02:42:28.627642Z,KXBTC15M-26OCT042245-45,0.9930,14.21,no
2026-10-05T02:42:28.648302Z,KXBTC15M-26OCT042245-45,0.9930,130.90,no
2026-10-05T02:42:28.807245Z,KXBTC15M-26OCT042245-45,0.9940,3.01,yes
2026-10-05T02:42:28.889635Z,KXBTC15M-26OCT042245-45,0.9940,2.37,yes
2026-10-05T02:42:28.889635Z,KXBTC15M-26OCT042245-45,0.9940,2.65,yes
2026-10-05T02:42:29.022964Z,KXBTC15M-26OCT042245-45,0.9930,0.01,no
2026-10-05T02:42:29.022964Z,KXBTC15M-26OCT042245-45,0.9930,15.00,no
2026-10-05T02:42:29.022964Z,KXBTC15M-26OCT042245-45,0.9930,0.01,no
2026-10-05T02:42:29.022964Z,KXBTC15M-26OCT042245-45,0.9930,196.47,no
2026-10-05T02:42:29.034888Z,KXBTC15M-26OCT042245-45,0.9930,291.35,no
2026-10-05T02:42:29.034888Z,KXBTC15M-26OCT042245-45,0.9930,0.01,no
2026-10-05T02:42:29.087913Z,KXBTC15M-26OCT042245-45,0.9930,0.01,no
2026-10-05T02:42:29.087913Z,KXBTC15M-26OCT042245-45,0.9930,0.01,no
2026-10-05T02:42:29.087913Z,KXBTC15M-26OCT042245-45,0.9930,15.00,no
2026-10-05T02:42:29.105564Z,KXBTC15M-26OCT042245-45,0.9930,0.01,no
2026-10-05T02:42:29.113259Z,KXBTC15M-26OCT042245-45,0.9940,15.00,yes
2026-10-05T02:42:29.113259Z,KXBTC15M-26OCT042245-45,0.9940,500.00,yes
2026-10-05T02:42:29.113259Z,KXBTC15M-26OCT042245-45,0.9940,100.00,yes
2026-10-05T02:42:29.113259Z,KXBTC15M-26OCT042245-45,0.9940,15.00,yes
2026-10-05T02:42:29.113259Z,KXBTC15M-26OCT042245-45,0.9940,54.03,yes
2026-10-05T02:42:29.113259Z,KXBTC15M-26OCT042245-45,0.9940,5.00,yes
2026-10-05T02:42:29.113259Z,KXBTC15M-26OCT042245-45,0.9940,200.00,yes
2026-10-05T02:42:29.113259Z,KXBTC15M-26OCT042245-45,0.9940,0.01,yes
2026-10-05T02:42:29.113259Z,KXBTC15M-26OCT042245-45,0.9940,0.01,yes
2026-10-05T02:42:29.113259Z,KXBTC15M-26OCT042245-45,0.9940,15.00,yes
2026-10-05T02:42:29.113259Z,KXBTC15M-26OCT042245-45,0.9940,1.00,yes
2026-10-05T02:42:29.13142Z,KXBTC15M-26OCT042245-45,0.9930,5.10,no
2026-10-05T02:42:29.195774Z,KXBTC15M-26OCT042245-45,0.9930,0.01,no
2026-10-05T02:42:29.195774Z,KXBTC15M-26OCT042245-45,0.9930,9.90,no
2026-10-05T02:42:29.195774Z,KXBTC15M-26OCT042245-45,0.9930,1.00,no
2026-10-05T02:42:29.195774Z,KXBTC15M-26OCT042245-45,0.9930,0.01,no
2026-10-05T02:42:29.267298Z,KXBTC15M-26OCT042245-45,0.9930,0.01,no
2026-10-05T02:42:29.267298Z,KXBTC15M-26OCT042245-45,0.9930,0.01,no
2026-10-05T02:42:29.267298Z,KXBTC15M-26OCT042245-45,0.9930,15.00,no
2026-10-05T02:42:29.273139Z,KXBTC15M-26OCT042245-45,0.9920,0.02,no
2026-10-05T02:42:29.278111Z,KXBTC15M-26OCT042245-45,0.9920,0.02,no
2026-10-05T02:42:29.278949Z,KXBTC15M-26OCT042245-45,0.9920,14.96,no
2026-10-05T02:42:29.278949Z,KXBTC15M-26OCT042245-45,0.9920,143.30,no
2026-10-05T02:42:29.278949Z,KXBTC15M-26OCT042245-45,0.9920,71.73,no
2026-10-05T02:42:29.278949Z,KXBTC15M-26OCT042245-45,0.9920,0.01,no
2026-10-05T02:42:29.278949Z,KXBTC15M-26OCT042245-45,0.9920,12.00,no
2026-10-05T02:42:29.278949Z,KXBTC15M-26OCT042245-45,0.9920,47.71,no
2026-10-05T02:42:29.280528Z,KXBTC15M-26OCT042245-45,0.9910,4.02,no
2026-10-05T02:42:29.280528Z,KXBTC15M-26OCT042245-45,0.9920,0.01,no
2026-10-05T02:42:29.292092Z,KXBTC15M-26OCT042245-45,0.9910,45.04,no
2026-10-05T02:42:29.298326Z,KXBTC15M-26OCT042245-45,0.9910,23.60,no
2026-10-05T02:42:29.298326Z,KXBTC15M-26OCT042245-45,0.9920,0.01,no
2026-10-05T02:42:29.298326Z,KXBTC15M-26OCT042245-45,0.9920,12.00,no
2026-10-05T02:42:29.298326Z,KXBTC15M-26OCT042245-45,0.9920,0.01,no
2026-10-05T02:42:29.467939Z,KXBTC15M-26OCT042245-45,0.9920,0.01,yes
2026-10-05T02:42:29.467939Z,KXBTC15M-26OCT042245-45,0.9920,69.00,yes
2026-10-05T02:42:29.467939Z,KXBTC15M-26OCT042245-45,0.9920,10.00,yes
2026-10-05T02:42:29.467939Z,KXBTC15M-26OCT042245-45,0.9920,93.06,yes
2026-10-05T02:42:29.467939Z,KXBTC15M-26OCT042245-45,0.9920,17.00,yes
2026-10-05T02:42:29.608731Z,KXBTC15M-26OCT042245-45,0.9920,68.48,yes
2026-10-05T02:42:29.608731Z,KXBTC15M-26OCT042245-45,0.9920,6.94,yes
2026-10-05T02:42:29.803421Z,KXBTC15M-26OCT042245-45,0.9910,101.83,no
2026-10-05T02:42:29.889056Z,KXBTC15M-26OCT042245-45,0.9940,87.00,yes
2026-10-05T02:42:29.889056Z,KXBTC15M-26OCT042245-45,0.9930,200.00,yes
2026-10-05T02:42:29.889056Z,KXBTC15M-26OCT042245-45,0.9920,100.00,yes
2026-10-05T02:42:29.889056Z,KXBTC15M-26OCT042245-45,0.9920,10.00,yes
2026-10-05T02:42:29.889056Z,KXBTC15M-26OCT042245-45,0.9940,17.00,yes
2026-10-05T02:42:29.889056Z,KXBTC15M-26OCT042245-45,0.9940,15.00,yes
2026-10-05T02:42:29.889056Z,KXBTC15M-26OCT042245-45,0.9940,15.00,yes
2026-10-05T02:42:29.889056Z,KXBTC15M-26OCT042245-45,0.9920,200.00,yes
2026-10-05T02:42:29.889056Z,KXBTC15M-26OCT042245-45,0.9920,400.00,yes
2026-10-05T02:42:29.889056Z,KXBTC15M-26OCT042245-45,0.9920,0.01,yes
2026-10-05T02:42:29.889056Z,KXBTC15M-26OCT042245-45,0.9920,0.01,yes
2026-10-05T02:42:29.889056Z,KXBTC15M-26OCT042245-45,0.9930,10.00,yes
2026-10-05T02:42:29.911154Z,KXBTC15M-26OCT042245-45,0.9950,1.83,yes
2026-10-05T02:42:30.009278Z,KXBTC15M-26OCT042245-45,0.9910,974.11,no
2026-10-05T02:42:30.009278Z,KXBTC15M-26OCT042245-45,0.9940,0.01,no
2026-10-05T02:42:30.009278Z,KXBTC15M-26OCT042245-45,0.9930,1.00,no
2026-10-05T02:42:30.009278Z,KXBTC15M-26OCT042245-45,0.9940,119.97,no
2026-10-05T02:42:30.009278Z,KXBTC15M-26OCT042245-45,0.9930,1000.00,no
2026-10-05T02:42:30.009278Z,KXBTC15M-26OCT042245-45,0.9940,0.01,no
2026-10-05T02:42:30.009278Z,KXBTC15M-26OCT042245-45,0.9920,15.00,no
2026-10-05T02:42:30.081983Z,KXBTC15M-26OCT042245-45,0.9930,0.01,no
2026-10-05T02:42:30.081983Z,KXBTC15M-26OCT042245-45,0.9930,0.01,no
2026-10-05T02:42:30.081983Z,KXBTC15M-26OCT042245-45,0.9920,415.60,no
2026-10-05T02:42:30.123794Z,KXBTC15M-26OCT042245-45,0.9910,131.40,no
2026-10-05T02:42:30.123794Z,KXBTC15M-26OCT042245-45,0.9910,388.08,no
2026-10-05T02:42:30.123794Z,KXBTC15M-26OCT042245-45,0.9930,0.01,no
2026-10-05T02:42:30.123794Z,KXBTC15M-26OCT042245-45,0.9920,0.01,no
2026-10-05T02:42:30.123794Z,KXBTC15M-26OCT042245-45,0.9920,0.01,no
2026-10-05T02:42:30.123794Z,KXBTC15M-26OCT042245-45,0.9930,0.01,no
2026-10-05T02:42:30.167218Z,KXBTC15M-26OCT042245-45,0.9910,203.65,no
2026-10-05T02:42:30.212866Z,KXBTC15M-26OCT042245-45,0.9920,2.01,yes
2026-10-05T02:42:30.217235Z,KXBTC15M-26OCT042245-45,0.9910,88.00,no
2026-10-05T02:42:30.346185Z,KXBTC15M-26OCT042245-45,0.9920,0.01,yes
2026-10-05T02:42:30.346185Z,KXBTC15M-26OCT042245-45,0.9920,10.00,yes
2026-10-05T02:42:30.346185Z,KXBTC15M-26OCT042245-45,0.9920,86.26,yes
2026-10-05T02:42:30.346185Z,KXBTC15M-26OCT042245-45,0.9920,0.01,yes
2026-10-05T02:42:30.346185Z,KXBTC15M-26OCT042245-45,0.9920,74.99,yes
2026-10-05T02:42:30.367241Z,KXBTC15M-26OCT042245-45,0.9920,32.26,yes
2026-10-05T02:42:30.367241Z,KXBTC15M-26OCT042245-45,0.9920,13.74,yes
2026-10-05T02:42:30.523778Z,KXBTC15M-26OCT042245-45,0.9920,680.41,yes
2026-10-05T02:42:30.523778Z,KXBTC15M-26OCT042245-45,0.9920,0.01,yes
2026-10-05T02:42:30.523778Z,KXBTC15M-26OCT042245-45,0.9920,55.00,yes
2026-10-05T02:42:30.523778Z,KXBTC15M-26OCT042245-45,0.9920,100.00,yes
2026-10-05T02:42:30.523778Z,KXBTC15M-26OCT042245-45,0.9930,10.00,yes
2026-10-05T02:42:30.523778Z,KXBTC15M-26OCT042245-45,0.9920,1.00,yes
2026-10-05T02:42:30.523778Z,KXBTC15M-26OCT042245-45,0.9920,0.01,yes
2026-10-05T02:42:30.523778Z,KXBTC15M-26OCT042245-45,0.9920,200.00,yes
2026-10-05T02:42:30.523778Z,KXBTC15M-26OCT042245-45,0.9920,367.74,yes
2026-10-05T02:42:30.523778Z,KXBTC15M-26OCT042245-45,0.9920,10.00,yes
2026-10-05T02:42:30.523778Z,KXBTC15M-26OCT042245-45,0.9930,586.77,yes
2026-10-05T02:42:30.557171Z,KXBTC15M-26OCT042245-45,0.9910,509.12,no
2026-10-05T02:42:30.559616Z,KXBTC15M-26OCT042245-45,0.9920,20.09,yes
2026-10-05T02:42:30.559616Z,KXBTC15M-26OCT042245-45,0.9920,0.01,yes
2026-10-05T02:42:30.559616Z,KXBTC15M-26OCT042245-45,0.9920,0.01,yes
2026-10-05T02:42:30.701423Z,KXBTC15M-26OCT042245-45,0.9910,64.42,no
2026-10-05T02:42:30.748573Z,KXBTC15M-26OCT042245-45,0.9910,7.40,no
2026-10-05T02:42:30.748573Z,KXBTC15M-26OCT042245-45,0.9910,26.73,no
2026-10-05T02:42:30.749847Z,KXBTC15M-26OCT042245-45,0.9920,0.01,yes
2026-10-05T02:42:30.749847Z,KXBTC15M-26OCT042245-45,0.9920,211.74,yes
2026-10-05T02:42:30.749847Z,KXBTC15M-26OCT042245-45,0.9920,0.01,yes
2026-10-05T02:42:30.814747Z,KXBTC15M-26OCT042245-45,0.9910,101.83,no
2026-10-05T02:42:30.828981Z,KXBTC15M-26OCT042245-45,0.9920,160.04,yes
2026-10-05T02:42:30.851845Z,KXBTC15M-26OCT042245-45,0.9910,203.65,no
2026-10-05T02:42:30.968883Z,KXBTC15M-26OCT042245-45,0.9910,629.90,no
2026-10-05T02:42:30.968883Z,KXBTC15M-26OCT042245-45,0.9910,50.00,no
2026-10-05T02:42:30.968883Z,KXBTC15M-26OCT042245-45,0.9910,1230.00,no
2026-10-05T02:42:30.968883Z,KXBTC15M-26OCT042245-45,0.9910,967.12,no
2026-10-05T02:42:30.968883Z,KXBTC15M-26OCT042245-45,0.9910,953.98,no
2026-10-05T02:42:30.977576Z,KXBTC15M-26OCT042245-45,0.9910,407.30,no
2026-10-05T02:42:31.081413Z,KXBTC15M-26OCT042245-45,0.9920,100.00,yes
2026-10-05T02:42:31.081413Z,KXBTC15M-26OCT042245-45,0.9920,28.22,yes
2026-10-05T02:42:31.081413Z,KXBTC15M-26OCT042245-45,0.9920,1.35,yes
2026-10-05T02:42:31.088368Z,KXBTC15M-26OCT042245-45,0.9910,3.53,no
2026-10-05T02:42:31.138947Z,KXBTC15M-26OCT042245-45,0.9950,8.17,yes
2026-10-05T02:42:31.138947Z,KXBTC15M-26OCT042245-45,0.9920,8.65,yes
2026-10-05T02:42:31.138947Z,KXBTC15M-26OCT042245-45,0.9940,17.00,yes
2026-10-05T02:42:31.138947Z,KXBTC15M-26OCT042245-45,0.9930,78.00,yes
2026-10-05T02:42:31.138947Z,KXBTC15M-26OCT042245-45,0.9920,0.01,yes
2026-10-05T02:42:31.138947Z,KXBTC15M-26OCT042245-45,0.9920,0.01,yes
2026-10-05T02:42:31.138947Z,KXBTC15M-26OCT042245-45,0.9950,17.00,yes
2026-10-05T02:42:31.138947Z,KXBTC15M-26OCT042245-45,0.9950,28.62,yes
2026-10-05T02:42:31.138947Z,KXBTC15M-26OCT042245-45,0.9930,10.00,yes
2026-10-05T02:42:31.138947Z,KXBTC15M-26OCT042245-45,0.9940,15.00,yes
2026-10-05T02:42:31.138947Z,KXBTC15M-26OCT042245-45,0.9920,400.00,yes
2026-10-05T02:42:31.138947Z,KXBTC15M-26OCT042245-45,0.9930,200.00,yes
2026-10-05T02:42:31.138947Z,KXBTC15M-26OCT042245-45,0.9950,15.00,yes
2026-10-05T02:42:31.138947Z,KXBTC15M-26OCT042245-45,0.9950,20.00,yes
2026-10-05T02:42:31.138947Z,KXBTC15M-26OCT042245-45,0.9950,15.00,yes
2026-10-05T02:42:31.138947Z,KXBTC15M-26OCT042245-45,0.9950,15.00,yes
2026-10-05T02:42:31.138947Z,KXBTC15M-26OCT042245-45,0.9950,15.00,yes
2026-10-05T02:42:31.138947Z,KXBTC15M-26OCT042245-45,0.9930,124.23,yes
2026-10-05T02:42:31.148151Z,KXBTC15M-26OCT042245-45,0.9950,1069.38,yes
2026-10-05T02:42:31.148151Z,KXBTC15M-26OCT042245-45,0.9950,200.00,yes
2026-10-05T02:42:31.148151Z,KXBTC15M-26OCT042245-45,0.9930,0.01,yes
2026-10-05T02:42:31.148151Z,KXBTC15M-26OCT042245-45,0.9950,150.00,yes
2026-10-05T02:42:31.148151Z,KXBTC15M-26OCT042245-45,0.9950,17.00,yes
2026-10-05T02:42:31.148151Z,KXBTC15M-26OCT042245-45,0.9930,0.01,yes
2026-10-05T02:42:31.148151Z,KXBTC15M-26OCT042245-45,0.9940,17.00,yes
2026-10-05T02:42:31.190474Z,KXBTC15M-26OCT042245-45,0.9930,0.01,yes
2026-10-05T02:42:31.190474Z,KXBTC15M-26OCT042245-45,0.9930,14.98,yes
2026-10-05T02:42:31.190474Z,KXBTC15M-26OCT042245-45,0.9930,0.01,yes
2026-10-05T02:42:31.244792Z,KXBTC15M-26OCT042245-45,0.9920,36.33,no
2026-10-05T02:42:31.266751Z,KXBTC15M-26OCT042245-45,0.9920,75.64,no
2026-10-05T02:42:31.266751Z,KXBTC15M-26OCT042245-45,0.9920,132.17,no
2026-10-05T02:42:31.285076Z,KXBTC15M-26OCT042245-45,0.9970,1000.00,yes
2026-10-05T02:42:31.285076Z,KXBTC15M-26OCT042245-45,0.9960,15.00,yes
2026-10-05T02:42:31.285076Z,KXBTC15M-26OCT042245-45,0.9940,17.00,yes
2026-10-05T02:42:31.285076Z,KXBTC15M-26OCT042245-45,0.9950,10.00,yes
2026-10-05T02:42:31.285076Z,KXBTC15M-26OCT042245-45,0.9930,500.00,yes
2026-10-05T02:42:31.285076Z,KXBTC15M-26OCT042245-45,0.9960,1373.00,yes
2026-10-05T02:42:31.285076Z,KXBTC15M-26OCT042245-45,0.9940,176.03,yes
2026-10-05T02:42:31.285076Z,KXBTC15M-26OCT042245-45,0.9930,0.01,yes
2026-10-05T02:42:31.285076Z,KXBTC15M-26OCT042245-45,0.9930,0.01,yes
2026-10-05T02:42:31.285076Z,KXBTC15M-26OCT042245-45,0.9930,100.00,yes
2026-10-05T02:42:31.285076Z,KXBTC15M-26OCT042245-45,0.9940,78.00,yes
2026-10-05T02:42:31.285076Z,KXBTC15M-26OCT042245-45,0.9940,355.00,yes
2026-10-05T02:42:31.285076Z,KXBTC15M-26OCT042245-45,0.9930,10.00,yes
2026-10-05T02:42:31.285076Z,KXBTC15M-26OCT042245-45,0.9930,400.00,yes
2026-10-05T02:42:31.285076Z,KXBTC15M-26OCT042245-45,0.9970,403.39,yes
2026-10-05T02:42:31.285076Z,KXBTC15M-26OCT042245-45,0.9960,10.00,yes
2026-10-05T02:42:31.285076Z,KXBTC15M-26OCT042245-45,0.9950,17.00,yes
2026-10-05T02:42:31.285076Z,KXBTC15M-26OCT042245-45,0.9950,150.00,yes
2026-10-05T02:42:31.285076Z,KXBTC15M-26OCT042245-45,0.9930,176.03,yes
2026-10-05T02:42:31.285076Z,KXBTC15M-26OCT042245-45,0.9960,15.00,yes
2026-10-05T02:42:31.285076Z,KXBTC15M-26OCT042245-45,0.9960,15.00,yes
2026-10-05T02:42:31.285076Z,KXBTC15M-26OCT042245-45,0.9960,200.00,yes
2026-10-05T02:42:31.305604Z,KXBTC15M-26OCT042245-45,0.9960,71.40,yes
2026-10-05T02:42:31.305604Z,KXBTC15M-26OCT042245-45,0.9930,0.01,yes
2026-10-05T02:42:31.305604Z,KXBTC15M-26OCT042245-45,0.9940,0.01,yes
2026-10-05T02:42:31.305604Z,KXBTC15M-26OCT042245-45,0.9930,0.01,yes
2026-10-05T02:42:31.305604Z,KXBTC15M-26OCT042245-45,0.9960,17.00,yes
2026-10-05T02:42:31.305604Z,KXBTC15M-26OCT042245-45,0.9950,14.00,yes
2026-10-05T02:42:31.337322Z,KXBTC15M-26OCT042245-45,0.9920,0.01,no
2026-10-05T02:42:31.337322Z,KXBTC15M-26OCT042245-45,0.9920,0.01,no
2026-10-05T02:42:31.337322Z,KXBTC15M-26OCT042245-45,0.9920,15.00,no
2026-10-05T02:42:31.337322Z,KXBTC15M-26OCT042245-45,0.9920,21.31,no
2026-10-05T02:42:31.361632Z,KXBTC15M-26OCT042245-45,0.9920,103.33,no
2026-10-05T02:42:31.392562Z,KXBTC15M-26OCT042245-45,0.9920,10.00,no
2026-10-05T02:42:31.419069Z,KXBTC15M-26OCT042245-45,0.9920,12.00,no
2026-10-05T02:42:31.419069Z,KXBTC15M-26OCT042245-45,0.9920,500.00,no
2026-10-05T02:42:31.419069Z,KXBTC15M-26OCT042245-45,0.9920,365.36,no
2026-10-05T02:42:31.419069Z,KXBTC15M-26OCT042245-45,0.9920,161.67,no
2026-10-05T02:42:31.420078Z,KXBTC15M-26OCT042245-45,0.9920,35.84,no
2026-10-05T02:42:31.498629Z,KXBTC15M-26OCT042245-45,0.9920,5.00,no
2026-10-05T02:42:31.498629Z,KXBTC15M-26OCT042245-45,0.9920,12.00,no
2026-10-05T02:42:31.498629Z,KXBTC15M-26OCT042245-45,0.9920,0.01,no
2026-10-05T02:42:31.498629Z,KXBTC15M-26OCT042245-45,0.9920,0.01,no
2026-10-05T02:42:31.498629Z,KXBTC15M-26OCT042245-45,0.9920,15.00,no
2026-10-05T02:42:31.553555Z,KXBTC15M-26OCT042245-45,0.9910,4.31,no
2026-10-05T02:42:31.601497Z,KXBTC15M-26OCT042245-45,0.9920,10.00,yes
2026-10-05T02:42:31.601497Z,KXBTC15M-26OCT042245-45,0.9920,0.01,yes
2026-10-05T02:42:31.601497Z,KXBTC15M-26OCT042245-45,0.9920,0.46,yes
2026-10-05T02:42:31.601497Z,KXBTC15M-26OCT042245-45,0.9920,0.01,yes
2026-10-05T02:42:31.616362Z,KXBTC15M-26OCT042245-45,0.9930,15.00,yes
2026-10-05T02:42:31.616362Z,KXBTC15M-26OCT042245-45,0.9920,0.01,yes
2026-10-05T02:42:31.616362Z,KXBTC15M-26OCT042245-45,0.9920,399.54,yes
2026-10-05T02:42:31.616362Z,KXBTC15M-26OCT042245-45,0.9930,89.02,yes
2026-10-05T02:42:31.616362Z,KXBTC15M-26OCT042245-45,0.9920,0.01,yes
2026-10-05T02:42:31.693117Z,KXBTC15M-26OCT042245-45,0.9910,101.83,no
2026-10-05T02:42:31.774144Z,KXBTC15M-26OCT042245-45,0.9920,42.76,yes
2026-10-05T02:42:31.774144Z,KXBTC15M-26OCT042245-45,0.9920,0.01,yes
2026-10-05T02:42:31.774144Z,KXBTC15M-26OCT042245-45,0.9920,0.01,yes
2026-10-05T02:42:31.789758Z,KXBTC15M-26OCT042245-45,0.9910,2.24,no
2026-10-05T02:42:31.827203Z,KXBTC15M-26OCT042245-45,0.9920,0.01,yes
2026-10-05T02:42:31.827203Z,KXBTC15M-26OCT042245-45,0.9920,10.00,yes
2026-10-05T02:42:31.827203Z,KXBTC15M-26OCT042245-45,0.9920,0.01,yes
2026-10-05T02:42:31.827203Z,KXBTC15M-26OCT042245-45,0.9920,7.07,yes
2026-10-05T02:42:31.914203Z,KXBTC15M-26OCT042245-45,0.9920,0.01,yes
2026-10-05T02:42:31.914203Z,KXBTC15M-26OCT042245-45,0.9920,317.62,yes
2026-10-05T02:42:31.914203Z,KXBTC15M-26OCT042245-45,0.9920,0.01,yes
2026-10-05T02:42:32.031811Z,KXBTC15M-26OCT042245-45,0.9910,101.83,no
2026-10-05T02:42:32.125576Z,KXBTC15M-26OCT042245-45,0.9920,5.96,yes
2026-10-05T02:42:32.125576Z,KXBTC15M-26OCT042245-45,0.9920,0.01,yes
2026-10-05T02:42:32.125576Z,KXBTC15M-26OCT042245-45,0.9920,255.48,yes
2026-10-05T02:42:32.186498Z,KXBTC15M-26OCT042245-45,0.9910,0.02,no
2026-10-05T02:42:32.201294Z,KXBTC15M-26OCT042245-45,0.9910,51.95,no
2026-10-05T02:42:32.303108Z,KXBTC15M-26OCT042245-45,0.9910,101.83,no
2026-10-05T02:42:32.444072Z,KXBTC15M-26OCT042245-45,0.9910,867.33,no
2026-10-05T02:42:32.444072Z,KXBTC15M-26OCT042245-45,0.9910,595.26,no
2026-10-05T02:42:32.6335Z,KXBTC15M-26OCT042245-45,0.9920,0.14,yes
2026-10-05T02:42:32.659104Z,KXBTC15M-26OCT042245-45,0.9910,7.88,no
2026-10-05T02:42:32.723823Z,KXBTC15M-26OCT042245-45,0.9910,0.02,no
2026-10-05T02:42:32.758665Z,KXBTC15M-26OCT042245-45,0.9920,136.55,yes
2026-10-05T02:42:32.77396Z,KXBTC15M-26OCT042245-45,0.9920,38.13,yes
2026-10-05T02:42:32.77396Z,KXBTC15M-26OCT042245-45,0.9920,7.83,yes
2026-10-05T02:42:32.872773Z,KXBTC15M-26OCT042245-45,0.9920,5.03,yes
2026-10-05T02:42:32.922168Z,KXBTC15M-26OCT042245-45,0.9910,1028.00,no
2026-10-05T02:42:32.988551Z,KXBTC15M-26OCT042245-45,0.9910,203.65,no
2026-10-05T02:42:33.096444Z,KXBTC15M-26OCT042245-45,0.9920,156.82,yes
2026-10-05T02:42:33.164526Z,KXBTC15M-26OCT042245-45,0.9910,14.25,no
2026-10-05T02:42:33.169515Z,KXBTC15M-26OCT042245-45,0.9930,17.00,yes
2026-10-05T02:42:33.169515Z,KXBTC15M-26OCT042245-45,0.9930,1.00,yes
2026-10-05T02:42:33.169515Z,KXBTC15M-26OCT042245-45,0.9920,480.21,yes
2026-10-05T02:42:33.169515Z,KXBTC15M-26OCT042245-45,0.9920,17.00,yes
2026-10-05T02:42:33.169515Z,KXBTC15M-26OCT042245-45,0.9930,20.10,yes
2026-10-05T02:42:33.169515Z,KXBTC15M-26OCT042245-45,0.9920,1.00,yes
2026-10-05T02:42:33.169515Z,KXBTC15M-26OCT042245-45,0.9920,0.01,yes
2026-10-05T02:42:33.169515Z,KXBTC15M-26OCT042245-45,0.9920,400.00,yes
2026-10-05T02:42:33.169515Z,KXBTC15M-26OCT042245-45,0.9930,56.00,yes
2026-10-05T02:42:33.169515Z,KXBTC15M-26OCT042245-45,0.9930,15.00,yes
2026-10-05T02:42:33.172029Z,KXBTC15M-26OCT042245-45,0.9930,3.94,yes
2026-10-05T02:42:33.174613Z,KXBTC15M-26OCT042245-45,0.9950,7.13,yes
2026-10-05T02:42:33.174613Z,KXBTC15M-26OCT042245-45,0.9940,1.00,yes
2026-10-05T02:42:33.174613Z,KXBTC15M-26OCT042245-45,0.9950,1.00,yes
2026-10-05T02:42:33.174613Z,KXBTC15M-26OCT042245-45,0.9930,63.78,yes
2026-10-05T02:42:33.174613Z,KXBTC15M-26OCT042245-45,0.9950,63.29,yes
2026-10-05T02:42:33.174613Z,KXBTC15M-26OCT042245-45,0.9940,150.00,yes
2026-10-05T02:42:33.174613Z,KXBTC15M-26OCT042245-45,0.9950,10.00,yes
2026-10-05T02:42:33.182504Z,KXBTC15M-26OCT042245-45,0.9920,17.00,yes
2026-10-05T02:42:33.244487Z,KXBTC15M-26OCT042245-45,0.9920,15.00,no
2026-10-05T02:42:33.244487Z,KXBTC15M-26OCT042245-45,0.9920,0.01,no
2026-10-05T02:42:33.244487Z,KXBTC15M-26OCT042245-45,0.9920,0.01,no
2026-10-05T02:42:33.244487Z,KXBTC15M-26OCT042245-45,0.9920,500.00,no
2026-10-05T02:42:33.244487Z,KXBTC15M-26OCT042245-45,0.9920,200.00,no
2026-10-05T02:42:33.244487Z,KXBTC15M-26OCT042245-45,0.9920,15.00,no
2026-10-05T02:42:33.244487Z,KXBTC15M-26OCT042245-45,0.9920,1.00,no
2026-10-05T02:42:33.244487Z,KXBTC15M-26OCT042245-45,0.9920,70.00,no
2026-10-05T02:42:33.244487Z,KXBTC15M-26OCT042245-45,0.9920,70.00,no
2026-10-05T02:42:33.244487Z,KXBTC15M-26OCT042245-45,0.9920,500.00,no
2026-10-05T02:42:33.244487Z,KXBTC15M-26OCT042245-45,0.9920,12.00,no
2026-10-05T02:42:33.29319Z,KXBTC15M-26OCT042245-45,0.9920,0.01,no
2026-10-05T02:42:33.29319Z,KXBTC15M-26OCT042245-45,0.9920,12.00,no
2026-10-05T02:42:33.29319Z,KXBTC15M-26OCT042245-45,0.9920,15.00,no
2026-10-05T02:42:33.29319Z,KXBTC15M-26OCT042245-45,0.9920,0.01,no
2026-10-05T02:42:33.346616Z,KXBTC15M-26OCT042245-45,0.9930,3.94,yes
2026-10-05T02:42:33.35071Z,KXBTC15M-26OCT042245-45,0.9920,9.31,no
2026-10-05T02:42:33.425456Z,KXBTC15M-26OCT042245-45,0.9920,0.01,no
2026-10-05T02:42:33.425456Z,KXBTC15M-26OCT042245-45,0.9920,5.69,no
2026-10-05T02:42:33.425456Z,KXBTC15M-26OCT042245-45,0.9920,12.00,no
2026-10-05T02:42:33.425456Z,KXBTC15M-26OCT042245-45,0.9920,0.01,no
2026-10-05T02:42:33.425456Z,KXBTC15M-26OCT042245-45,0.9910,30.08,no
2026-10-05T02:42:33.430031Z,KXBTC15M-26OCT042245-45,0.9910,59.53,no
2026-10-05T02:42:33.440485Z,KXBTC15M-26OCT042245-45,0.9920,0.01,no
2026-10-05T02:42:33.440485Z,KXBTC15M-26OCT042245-45,0.9920,0.01,no
2026-10-05T02:42:33.49549Z,KXBTC15M-26OCT042245-45,0.9910,7.24,no
2026-10-05T02:42:33.500177Z,KXBTC15M-26OCT042245-45,0.9910,1.01,no
2026-10-05T02:42:33.610962Z,KXBTC15M-26OCT042245-45,0.9920,0.01,yes
2026-10-05T02:42:33.610962Z,KXBTC15M-26OCT042245-45,0.9920,26.00,yes
2026-10-05T02:42:33.610962Z,KXBTC15M-26OCT042245-45,0.9920,0.01,yes
2026-10-05T02:42:33.648229Z,KXBTC15M-26OCT042245-45,0.9920,1.00,yes
2026-10-05T02:42:33.648229Z,KXBTC15M-26OCT042245-45,0.9930,30.70,yes
2026-10-05T02:42:33.648229Z,KXBTC15M-26OCT042245-45,0.9930,13.06,yes
2026-10-05T02:42:33.648229Z,KXBTC15M-26OCT042245-45,0.9930,15.00,yes
2026-10-05T02:42:33.648229Z,KXBTC15M-26OCT042245-45,0.9920,0.01,yes
2026-10-05T02:42:33.648229Z,KXBTC15M-26OCT042245-45,0.9930,110.25,yes
2026-10-05T02:42:33.648229Z,KXBTC15M-26OCT042245-45,0.9920,0.01,yes
2026-10-05T02:42:33.648229Z,KXBTC15M-26OCT042245-45,0.9930,15.00,yes
2026-10-05T02:42:33.648229Z,KXBTC15M-26OCT042245-45,0.9930,15.00,yes
2026-10-05T02:42:33.648229Z,KXBTC15M-26OCT042245-45,0.9920,84.25,yes
2026-10-05T02:42:33.648229Z,KXBTC15M-26OCT042245-45,0.9920,400.00,yes
2026-10-05T02:42:33.648229Z,KXBTC15M-26OCT042245-45,0.9930,15.00,yes
2026-10-05T02:42:33.758593Z,KXBTC15M-26OCT042245-45,0.9920,400.00,yes
2026-10-05T02:42:33.758593Z,KXBTC15M-26OCT042245-45,0.9920,0.01,yes
2026-10-05T02:42:33.758593Z,KXBTC15M-26OCT042245-45,0.9920,17.00,yes
2026-10-05T02:42:33.758593Z,KXBTC15M-26OCT042245-45,0.9920,0.01,yes
2026-10-05T02:42:33.758593Z,KXBTC15M-26OCT042245-45,0.9930,17.00,yes
2026-10-05T02:42:33.758593Z,KXBTC15M-26OCT042245-45,0.9930,68.45,yes
2026-10-05T02:42:33.758593Z,KXBTC15M-26OCT042245-45,0.9930,0.01,yes
2026-10-05T02:42:33.758593Z,KXBTC15M-26OCT042245-45,0.9930,0.01,yes
2026-10-05T02:42:33.918568Z,KXBTC15M-26OCT042245-45,0.9910,101.83,no
2026-10-05T02:42:33.926103Z,KXBTC15M-26OCT042245-45,0.9910,103.86,no
2026-10-05T02:42:34.110807Z,KXBTC15M-26OCT042245-45,0.9910,1107.01,no
2026-10-05T02:42:34.13796Z,KXBTC15M-26OCT042245-45,0.9910,3095.00,no
2026-10-05T02:42:34.165001Z,KXBTC15M-26OCT042245-45,0.9910,10.39,no
2026-10-05T02:42:34.180533Z,KXBTC15M-26OCT042245-45,0.9910,3.24,no
2026-10-05T02:42:34.374731Z,KXBTC15M-26OCT042245-45,0.9920,57.98,yes
2026-10-05T02:42:34.374731Z,KXBTC15M-26OCT042245-45,0.9920,1.00,yes
2026-10-05T02:42:34.374731Z,KXBTC15M-26OCT042245-45,0.9920,17.00,yes
2026-10-05T02:42:34.374731Z,KXBTC15M-26OCT042245-45,0.9920,0.01,yes
2026-10-05T02:42:34.374731Z,KXBTC15M-26OCT042245-45,0.9920,0.01,yes
2026-10-05T02:42:34.397898Z,KXBTC15M-26OCT042245-45,0.9910,0.66,no
2026-10-05T02:42:34.489711Z,KXBTC15M-26OCT042245-45,0.9920,0.02,yes
2026-10-05T02:42:34.490879Z,KXBTC15M-26OCT042245-45,0.9920,0.02,yes
2026-10-05T02:42:34.500563Z,KXBTC15M-26OCT042245-45,0.9920,409.67,yes
2026-10-05T02:42:34.500563Z,KXBTC15M-26OCT042245-45,0.9920,1.00,yes
2026-10-05T02:42:34.507109Z,KXBTC15M-26OCT042245-45,0.9930,500.00,yes
2026-10-05T02:42:34.507109Z,KXBTC15M-26OCT042245-45,0.9930,17.00,yes
2026-10-05T02:42:34.507109Z,KXBTC15M-26OCT042245-45,0.9930,70.00,yes
2026-10-05T02:42:34.535017Z,KXBTC15M-26OCT042245-45,0.9930,70.00,no
2026-10-05T02:42:34.535017Z,KXBTC15M-26OCT042245-45,0.9910,1.00,no
2026-10-05T02:42:34.535017Z,KXBTC15M-26OCT042245-45,0.9920,15.00,no
2026-10-05T02:42:34.535017Z,KXBTC15M-26OCT042245-45,0.9930,15.00,no
2026-10-05T02:42:34.535017Z,KXBTC15M-26OCT042245-45,0.9920,0.01,no
2026-10-05T02:42:34.535017Z,KXBTC15M-26OCT042245-45,0.9920,200.00,no
2026-10-05T02:42:34.535017Z,KXBTC15M-26OCT042245-45,0.9930,70.00,no
2026-10-05T02:42:34.535017Z,KXBTC15M-26OCT042245-45,0.9930,70.00,no
2026-10-05T02:42:34.535017Z,KXBTC15M-26OCT042245-45,0.9930,413.00,no
2026-10-05T02:42:34.535017Z,KXBTC15M-26OCT042245-45,0.9930,70.00,no
2026-10-05T02:42:34.535017Z,KXBTC15M-26OCT042245-45,0.9930,200.00,no
2026-10-05T02:42:34.535017Z,KXBTC15M-26OCT042245-45,0.9930,70.00,no
2026-10-05T02:42:34.535017Z,KXBTC15M-26OCT042245-45,0.9930,0.01,no
2026-10-05T02:42:34.535017Z,KXBTC15M-26OCT042245-45,0.9920,15.00,no
2026-10-05T02:42:34.535017Z,KXBTC15M-26OCT042245-45,0.9930,0.01,no
2026-10-05T02:42:34.535017Z,KXBTC15M-26OCT042245-45,0.9910,1.00,no
2026-10-05T02:42:34.535017Z,KXBTC15M-26OCT042245-45,0.9930,70.00,no
2026-10-05T02:42:34.535017Z,KXBTC15M-26OCT042245-45,0.9920,0.01,no
2026-10-05T02:42:34.535017Z,KXBTC15M-26OCT042245-45,0.9910,1000.00,no
2026-10-05T02:42:34.535017Z,KXBTC15M-26OCT042245-45,0.9930,500.00,no
2026-10-05T02:42:34.535017Z,KXBTC15M-26OCT042245-45,0.9910,0.01,no
2026-10-05T02:42:34.535017Z,KXBTC15M-26OCT042245-45,0.9920,1000.00,no
2026-10-05T02:42:34.535017Z,KXBTC15M-26OCT042245-45,0.9910,500.00,no
2026-10-05T02:42:34.535017Z,KXBTC15M-26OCT042245-45,0.9920,12.00,no
2026-10-05T02:42:34.535017Z,KXBTC15M-26OCT042245-45,0.9910,0.01,no
2026-10-05T02:42:34.535017Z,KXBTC15M-26OCT042245-45,0.9910,10.00,no
2026-10-05T02:42:34.535017Z,KXBTC15M-26OCT042245-45,0.9910,367.52,no
2026-10-05T02:42:34.550502Z,KXBTC15M-26OCT042245-45,0.9930,0.01,no
2026-10-05T02:42:34.574585Z,KXBTC15M-26OCT042245-45,0.9940,36.69,yes
2026-10-05T02:42:34.574585Z,KXBTC15M-26OCT042245-45,0.9940,62.00,yes
2026-10-05T02:42:34.579405Z,KXBTC15M-26OCT042245-45,0.9930,0.01,no
2026-10-05T02:42:34.579405Z,KXBTC15M-26OCT042245-45,0.9930,0.01,no
2026-10-05T02:42:34.584029Z,KXBTC15M-26OCT042245-45,0.9920,36.33,no
2026-10-05T02:42:34.64801Z,KXBTC15M-26OCT042245-45,0.9920,0.01,no
2026-10-05T02:42:34.68285Z,KXBTC15M-26OCT042245-45,0.9940,232.31,yes
2026-10-05T02:42:34.68285Z,KXBTC15M-26OCT042245-45,0.9940,1.00,yes
2026-10-05T02:42:34.68285Z,KXBTC15M-26OCT042245-45,0.9940,0.01,yes
2026-10-05T02:42:34.68285Z,KXBTC15M-26OCT042245-45,0.9940,108.04,yes
2026-10-05T02:42:34.68285Z,KXBTC15M-26OCT042245-45,0.9930,0.01,yes
2026-10-05T02:42:34.68285Z,KXBTC15M-26OCT042245-45,0.9940,0.01,yes
2026-10-05T02:42:34.68285Z,KXBTC15M-26OCT042245-45,0.9940,15.00,yes
2026-10-05T02:42:34.68285Z,KXBTC15M-26OCT042245-45,0.9930,17.00,yes
2026-10-05T02:42:34.68285Z,KXBTC15M-26OCT042245-45,0.9930,15.00,yes
2026-10-05T02:42:34.68285Z,KXBTC15M-26OCT042245-45,0.9930,0.01,yes
2026-10-05T02:42:34.68285Z,KXBTC15M-26OCT042245-45,0.9930,15.00,yes
2026-10-05T02:42:34.7191Z,KXBTC15M-26OCT042245-45,0.9920,1.00,no
2026-10-05T02:42:34.7191Z,KXBTC15M-26OCT042245-45,0.9920,0.01,no
2026-10-05T02:42:34.7191Z,KXBTC15M-26OCT042245-45,0.9920,35.32,no
2026-10-05T02:42:34.754522Z,KXBTC15M-26OCT042245-45,0.9910,282.00,no
2026-10-05T02:42:34.754522Z,KXBTC15M-26OCT042245-45,0.9910,17.00,no
2026-10-05T02:42:34.754522Z,KXBTC15M-26OCT042245-45,0.9920,15.00,no
2026-10-05T02:42:34.754522Z,KXBTC15M-26OCT042245-45,0.9920,0.01,no
2026-10-05T02:42:34.754522Z,KXBTC15M-26OCT042245-45,0.9920,0.01,no
2026-10-05T02:42:34.754522Z,KXBTC15M-26OCT042245-45,0.9920,17.62,no
2026-10-05T02:42:34.754522Z,KXBTC15M-26OCT042245-45,0.9910,168.36,no
2026-10-05T02:42:34.789775Z,KXBTC15M-26OCT042245-45,0.9920,0.01,no
2026-10-05T02:42:34.789775Z,KXBTC15M-26OCT042245-45,0.9920,0.01,no
2026-10-05T02:42:34.789775Z,KXBTC15M-26OCT042245-45,0.9920,10.00,no
2026-10-05T02:42:34.84465Z,KXBTC15M-26OCT042245-45,0.9910,26.31,no
2026-10-05T02:42:34.917608Z,KXBTC15M-26OCT042245-45,0.9930,10.05,yes
2026-10-05T02:42:34.997611Z,KXBTC15M-26OCT042245-45,0.9920,0.01,no
2026-10-05T02:42:34.997611Z,KXBTC15M-26OCT042245-45,0.9910,0.01,no
2026-10-05T02:42:34.997611Z,KXBTC15M-26OCT042245-45,0.9920,10.00,no
2026-10-05T02:42:34.997611Z,KXBTC15M-26OCT042245-45,0.9910,74.74,no
2026-10-05T02:42:34.997611Z,KXBTC15M-26OCT042245-45,0.9920,0.01,no
2026-10-05T02:42:34.997611Z,KXBTC15M-26OCT042245-45,0.9910,10.00,no
2026-10-05T02:42:35.034209Z,KXBTC15M-26OCT042245-45,0.9920,7.26,no
2026-10-05T02:42:35.048382Z,KXBTC15M-26OCT042245-45,0.9910,102.89,no
2026-10-05T02:42:35.048382Z,KXBTC15M-26OCT042245-45,0.9920,0.01,no
2026-10-05T02:42:35.048382Z,KXBTC15M-26OCT042245-45,0.9920,1.00,no
2026-10-05T02:42:35.048382Z,KXBTC15M-26OCT042245-45,0.9920,0.01,no
2026-10-05T02:42:35.052381Z,KXBTC15M-26OCT042245-45,0.9910,10.34,no
2026-10-05T02:42:35.114849Z,KXBTC15M-26OCT042245-45,0.9910,5.07,no
2026-10-05T02:42:35.151542Z,KXBTC15M-26OCT042245-45,0.9910,36.33,no
2026-10-05T02:42:35.308212Z,KXBTC15M-26OCT042245-45,0.9920,7.27,no
2026-10-05T02:42:35.311912Z,KXBTC15M-26OCT042245-45,0.9920,36.33,no
2026-10-05T02:42:35.365928Z,KXBTC15M-26OCT042245-45,0.9920,107.45,no
2026-10-05T02:42:35.379478Z,KXBTC15M-26OCT042245-45,0.9920,21.80,no
2026-10-05T02:42:35.397689Z,KXBTC15M-26OCT042245-45,0.9920,370.75,no
2026-10-05T02:42:35.397689Z,KXBTC15M-26OCT042245-45,0.9920,148.75,no
2026-10-05T02:42:35.397689Z,KXBTC15M-26OCT042245-45,0.9920,0.01,no
2026-10-05T02:42:35.397689Z,KXBTC15M-26OCT042245-45,0.9920,0.01,no
2026-10-05T02:42:35.458069Z,KXBTC15M-26OCT042245-45,0.9920,0.01,no
2026-10-05T02:42:35.458069Z,KXBTC15M-26OCT042245-45,0.9920,0.01,no
2026-10-05T02:42:35.458069Z,KXBTC15M-26OCT042245-45,0.9920,1.00,no
2026-10-05T02:42:35.512577Z,KXBTC15M-26OCT042245-45,0.9910,35.31,no
2026-10-05T02:42:35.53028Z,KXBTC15M-26OCT042245-45,0.9930,15.00,yes
2026-10-05T02:42:35.53028Z,KXBTC15M-26OCT042245-45,0.9930,1.00,yes
2026-10-05T02:42:35.53028Z,KXBTC15M-26OCT042245-45,0.9930,6.95,yes
2026-10-05T02:42:35.53028Z,KXBTC15M-26OCT042245-45,0.9930,0.01,yes
2026-10-05T02:42:35.53028Z,KXBTC15M-26OCT042245-45,0.9930,0.01,yes
2026-10-05T02:42:35.53028Z,KXBTC15M-26OCT042245-45,0.9940,7.51,yes
2026-10-05T02:42:35.612742Z,KXBTC15M-26OCT042245-45,0.9920,15.00,no
2026-10-05T02:42:35.612742Z,KXBTC15M-26OCT042245-45,0.9920,0.01,no
2026-10-05T02:42:35.612742Z,KXBTC15M-26OCT042245-45,0.9920,1.00,no
2026-10-05T02:42:35.612742Z,KXBTC15M-26OCT042245-45,0.9920,87.90,no
2026-10-05T02:42:35.630031Z,KXBTC15M-26OCT042245-45,0.9920,0.01,no
2026-10-05T02:42:35.630031Z,KXBTC15M-26OCT042245-45,0.9920,0.01,no
2026-10-05T02:42:35.658722Z,KXBTC15M-26OCT042245-45,0.9910,1.00,no
2026-10-05T02:42:35.658722Z,KXBTC15M-26OCT042245-45,0.9910,17.00,no
2026-10-05T02:42:35.658722Z,KXBTC15M-26OCT042245-45,0.9910,10.00,no
2026-10-05T02:42:35.658722Z,KXBTC15M-26OCT042245-45,0.9910,0.01,no
2026-10-05T02:42:35.658722Z,KXBTC15M-26OCT042245-45,0.9910,0.01,no
2026-10-05T02:42:35.658722Z,KXBTC15M-26OCT042245-45,0.9900,50.00,no
2026-10-05T02:42:35.658722Z,KXBTC15M-26OCT042245-45,0.9900,30.00,no
2026-10-05T02:42:35.658722Z,KXBTC15M-26OCT042245-45,0.9900,45.88,no
2026-10-05T02:42:35.685219Z,KXBTC15M-26OCT042245-45,0.9910,0.01,no
2026-10-05T02:42:35.685219Z,KXBTC15M-26OCT042245-45,0.9910,0.01,no
2026-10-05T02:42:35.685219Z,KXBTC15M-26OCT042245-45,0.9910,26.63,no
2026-10-05T02:42:35.685219Z,KXBTC15M-26OCT042245-45,0.9900,9.66,no
2026-10-05T02:42:35.700079Z,KXBTC15M-26OCT042245-45,0.9910,17.00,no
2026-10-05T02:42:35.700079Z,KXBTC15M-26OCT042245-45,0.9910,0.01,no
2026-10-05T02:42:35.700079Z,KXBTC15M-26OCT042245-45,0.9910,0.01,no
2026-10-05T02:42:35.7785Z,KXBTC15M-26OCT042245-45,0.9920,0.01,yes
2026-10-05T02:42:35.7785Z,KXBTC15M-26OCT042245-45,0.9920,1.00,yes
2026-10-05T02:42:35.7785Z,KXBTC15M-26OCT042245-45,0.9930,2.98,yes
2026-10-05T02:42:35.7785Z,KXBTC15M-26OCT042245-45,0.9920,0.01,yes
2026-10-05T02:42:35.812103Z,KXBTC15M-26OCT042245-45,0.9910,0.01,no
2026-10-05T02:42:35.812103Z,KXBTC15M-26OCT042245-45,0.9910,17.00,no
2026-10-05T02:42:35.812103Z,KXBTC15M-26OCT042245-45,0.9900,44.46,no
2026-10-05T02:42:35.812103Z,KXBTC15M-26OCT042245-45,0.9900,258.67,no
2026-10-05T02:42:35.867592Z,KXBTC15M-26OCT042245-45,0.9910,0.01,no
2026-10-05T02:42:35.867592Z,KXBTC15M-26OCT042245-45,0.9910,17.00,no
2026-10-05T02:42:35.867592Z,KXBTC15M-26OCT042245-45,0.9910,0.01,no
2026-10-05T02:42:35.867592Z,KXBTC15M-26OCT042245-45,0.9900,138.34,no
2026-10-05T02:42:35.920933Z,KXBTC15M-26OCT042245-45,0.9910,0.01,no
2026-10-05T02:42:35.920933Z,KXBTC15M-26OCT042245-45,0.9910,17.00,no
2026-10-05T02:42:35.920933Z,KXBTC15M-26OCT042245-45,0.9910,0.01,no
2026-10-05T02:42:35.957229Z,KXBTC15M-26OCT042245-45,0.9920,0.01,yes
2026-10-05T02:42:35.957229Z,KXBTC15M-26OCT042245-45,0.9930,1.00,yes
2026-10-05T02:42:35.957229Z,KXBTC15M-26OCT042245-45,0.9930,11.99,yes
2026-10-05T02:42:35.957229Z,KXBTC15M-26OCT042245-45,0.9920,0.01,yes
2026-10-05T02:42:35.957229Z,KXBTC15M-26OCT042245-45,0.9930,15.00,yes
2026-10-05T02:42:35.957229Z,KXBTC15M-26OCT042245-45,0.9930,12.21,yes
2026-10-05T02:42:35.996095Z,KXBTC15M-26OCT042245-45,0.9920,0.30,no
2026-10-05T02:42:36.047217Z,KXBTC15M-26OCT042245-45,0.9910,1.00,no
2026-10-05T02:42:36.047217Z,KXBTC15M-26OCT042245-45,0.9920,14.70,no
2026-10-05T02:42:36.047217Z,KXBTC15M-26OCT042245-45,0.9920,15.00,no
2026-10-05T02:42:36.047217Z,KXBTC15M-26OCT042245-45,0.9920,0.01,no
2026-10-05T02:42:36.047217Z,KXBTC15M-26OCT042245-45,0.9910,200.00,no
2026-10-05T02:42:36.047217Z,KXBTC15M-26OCT042245-45,0.9920,0.01,no
2026-10-05T02:42:36.047217Z,KXBTC15M-26OCT042245-45,0.9910,0.01,no
2026-10-05T02:42:36.047217Z,KXBTC15M-26OCT042245-45,0.9910,0.01,no
2026-10-05T02:42:36.047217Z,KXBTC15M-26OCT042245-45,0.9910,283.00,no
2026-10-05T02:42:36.047217Z,KXBTC15M-26OCT042245-45,0.9910,17.00,no
2026-10-05T02:42:36.148919Z,KXBTC15M-26OCT042245-45,0.9910,17.00,no
2026-10-05T02:42:36.148919Z,KXBTC15M-26OCT042245-45,0.9910,0.01,no
2026-10-05T02:42:36.148919Z,KXBTC15M-26OCT042245-45,0.9910,0.01,no
2026-10-05T02:42:36.153374Z,KXBTC15M-26OCT042245-45,0.9900,7.26,no
2026-10-05T02:42:36.167201Z,KXBTC15M-26OCT042245-45,0.9900,92.74,no
2026-10-05T02:42:36.230147Z,KXBTC15M-26OCT042245-45,0.9900,24.01,no
2026-10-05T02:42:36.247105Z,KXBTC15M-26OCT042245-45,0.9910,0.01,yes
2026-10-05T02:42:36.247105Z,KXBTC15M-26OCT042245-45,0.9920,1.70,yes
2026-10-05T02:42:36.247105Z,KXBTC15M-26OCT042245-45,0.9910,0.01,yes
2026-10-05T02:42:36.341597Z,KXBTC15M-26OCT042245-45,0.9920,0.01,yes
2026-10-05T02:42:36.341597Z,KXBTC15M-26OCT042245-45,0.9920,0.01,yes
2026-10-05T02:42:36.341597Z,KXBTC15M-26OCT042245-45,0.9920,67.98,yes
2026-10-05T02:42:36.358263Z,KXBTC15M-26OCT042245-45,0.9910,17.00,yes
2026-10-05T02:42:36.358263Z,KXBTC15M-26OCT042245-45,0.9910,15.00,yes
2026-10-05T02:42:36.378925Z,KXBTC15M-26OCT042245-45,0.9910,0.01,yes
2026-10-05T02:42:36.378925Z,KXBTC15M-26OCT042245-45,0.9920,1599.98,yes
2026-10-05T02:42:36.378925Z,KXBTC15M-26OCT042245-45,0.9910,0.01,yes
2026-10-05T02:42:36.378925Z,KXBTC15M-26OCT042245-45,0.9910,400.00,yes
2026-10-05T02:42:36.383824Z,KXBTC15M-26OCT042245-45,0.9900,3.01,no
2026-10-05T02:42:36.427844Z,KXBTC15M-26OCT042245-45,0.9910,0.01,no
2026-10-05T02:42:36.427844Z,KXBTC15M-26OCT042245-45,0.9910,10.00,no
2026-10-05T02:42:36.427844Z,KXBTC15M-26OCT042245-45,0.9910,0.01,no
2026-10-05T02:42:36.427844Z,KXBTC15M-26OCT042245-45,0.9910,17.00,no
2026-10-05T02:42:36.544608Z,KXBTC15M-26OCT042245-45,0.9910,80.00,yes
2026-10-05T02:42:36.606256Z,KXBTC15M-26OCT042245-45,0.9900,23.37,no
2026-10-05T02:42:36.613196Z,KXBTC15M-26OCT042245-45,0.9900,44.74,no
2026-10-05T02:42:36.645557Z,KXBTC15M-26OCT042245-45,0.9900,1209.58,no
2026-10-05T02:42:36.713128Z,KXBTC15M-26OCT042245-45,0.9900,76.64,no
2026-10-05T02:42:36.739458Z,KXBTC15M-26OCT042245-45,0.9900,93.51,no
2026-10-05T02:42:36.760338Z,KXBTC15M-26OCT042245-45,0.9900,4.57,no
2026-10-05T02:42:36.770761Z,KXBTC15M-26OCT042245-45,0.9910,0.01,yes
2026-10-05T02:42:36.871214Z,KXBTC15M-26OCT042245-45,0.9900,11.18,no
2026-10-05T02:42:36.906446Z,KXBTC15M-26OCT042245-45,0.9900,33.00,no
2026-10-05T02:42:36.907679Z,KXBTC15M-26OCT042245-45,0.9900,93.51,no
2026-10-05T02:42:36.953094Z,KXBTC15M-26OCT042245-45,0.9910,10.01,yes
2026-10-05T02:42:36.953094Z,KXBTC15M-26OCT042245-45,0.9910,69.99,yes
2026-10-05T02:42:36.96213Z,KXBTC15M-26OCT042245-45,0.9900,4.09,no
2026-10-05T02:42:36.963901Z,KXBTC15M-26OCT042245-45,0.9900,6.00,no
2026-10-05T02:42:36.973734Z,KXBTC15M-26OCT042245-45,0.9910,46.74,yes
2026-10-05T02:42:37.05347Z,KXBTC15M-26OCT042245-45,0.9910,80.00,yes
2026-10-05T02:42:37.181028Z,KXBTC15M-26OCT042245-45,0.9900,93.51,no
2026-10-05T02:42:37.259816Z,KXBTC15M-26OCT042245-45,0.9910,150.00,yes
2026-10-05T02:42:37.259816Z,KXBTC15M-26OCT042245-45,0.9910,1.00,yes
2026-10-05T02:42:37.259816Z,KXBTC15M-26OCT042245-45,0.9910,0.01,yes
2026-10-05T02:42:37.259816Z,KXBTC15M-26OCT042245-45,0.9920,41.45,yes
2026-10-05T02:42:37.259816Z,KXBTC15M-26OCT042245-45,0.9910,263.25,yes
2026-10-05T02:42:37.259816Z,KXBTC15M-26OCT042245-45,0.9910,0.01,yes
2026-10-05T02:42:37.263572Z,KXBTC15M-26OCT042245-45,0.9900,19.78,no
2026-10-05T02:42:37.305766Z,KXBTC15M-26OCT042245-45,0.9910,148.01,yes
2026-10-05T02:42:37.305766Z,KXBTC15M-26OCT042245-45,0.9910,0.01,yes
2026-10-05T02:42:37.305766Z,KXBTC15M-26OCT042245-45,0.9910,0.01,yes
2026-10-05T02:42:37.3441Z,KXBTC15M-26OCT042245-45,0.9900,93.51,no
2026-10-05T02:42:37.34623Z,KXBTC15M-26OCT042245-45,0.9900,4.91,no
2026-10-05T02:42:37.403029Z,KXBTC15M-26OCT042245-45,0.9900,280.55,no
2026-10-05T02:42:37.524073Z,KXBTC15M-26OCT042245-45,0.9900,93.51,no
2026-10-05T02:42:37.534596Z,KXBTC15M-26OCT042245-45,0.9900,26.19,no
2026-10-05T02:42:37.603368Z,KXBTC15M-26OCT042245-45,0.9910,1.00,yes
2026-10-05T02:42:37.65884Z,KXBTC15M-26OCT042245-45,0.9900,93.51,no
2026-10-05T02:42:37.664227Z,KXBTC15M-26OCT042245-45,0.9910,18.19,yes
2026-10-05T02:42:37.664227Z,KXBTC15M-26OCT042245-45,0.9910,181.81,yes
2026-10-05T02:42:37.664606Z,KXBTC15M-26OCT042245-45,0.9900,0.09,no
2026-10-05T02:42:37.708593Z,KXBTC15M-26OCT042245-45,0.9910,0.01,yes
2026-10-05T02:42:37.708593Z,KXBTC15M-26OCT042245-45,0.9910,6.40,yes
2026-10-05T02:42:37.708593Z,KXBTC15M-26OCT042245-45,0.9910,5.13,yes
2026-10-05T02:42:37.708593Z,KXBTC15M-26OCT042245-45,0.9910,0.01,yes
2026-10-05T02:42:37.870085Z,KXBTC15M-26OCT042245-45,0.9900,187.03,no
2026-10-05T02:42:37.874063Z,KXBTC15M-26OCT042245-45,0.9900,93.51,no
2026-10-05T02:42:37.924551Z,KXBTC15M-26OCT042245-45,0.9900,276.81,no
2026-10-05T02:42:37.944608Z,KXBTC15M-26OCT042245-45,0.9910,1.00,yes
2026-10-05T02:42:37.944608Z,KXBTC15M-26OCT042245-45,0.9910,0.01,yes
2026-10-05T02:42:37.944608Z,KXBTC15M-26OCT042245-45,0.9910,0.01,yes
2026-10-05T02:42:37.944608Z,KXBTC15M-26OCT042245-45,0.9910,4.00,yes
2026-10-05T02:42:37.973425Z,KXBTC15M-26OCT042245-45,0.9900,93.51,no
2026-10-05T02:42:37.99353Z,KXBTC15M-26OCT042245-45,0.9920,48.39,yes
2026-10-05T02:42:37.99353Z,KXBTC15M-26OCT042245-45,0.9910,0.01,yes
2026-10-05T02:42:37.99353Z,KXBTC15M-26OCT042245-45,0.9910,0.01,yes
2026-10-05T02:42:37.99353Z,KXBTC15M-26OCT042245-45,0.9910,1.00,yes
2026-10-05T02:42:38.001556Z,KXBTC15M-26OCT042245-45,0.9910,252.11,yes
2026-10-05T02:42:38.036897Z,KXBTC15M-26OCT042245-45,0.9900,187.00,no
2026-10-05T02:42:38.042513Z,KXBTC15M-26OCT042245-45,0.9900,25.48,no
2026-10-05T02:42:38.047869Z,KXBTC15M-26OCT042245-45,0.9900,87.70,no
2026-10-05T02:42:38.121168Z,KXBTC15M-26OCT042245-45,0.9900,935.19,no
2026-10-05T02:42:38.147729Z,KXBTC15M-26OCT042245-45,0.9910,0.01,yes
2026-10-05T02:42:38.147729Z,KXBTC15M-26OCT042245-45,0.9910,74.78,yes
2026-10-05T02:42:38.147729Z,KXBTC15M-26OCT042245-45,0.9910,0.01,yes
2026-10-05T02:42:38.15844Z,KXBTC15M-26OCT042245-45,0.9900,84.16,no
2026-10-05T02:42:38.161578Z,KXBTC15M-26OCT042245-45,0.9910,2.01,yes
2026-10-05T02:42:38.183298Z,KXBTC15M-26OCT042245-45,0.9900,273.28,no
2026-10-05T02:42:38.251881Z,KXBTC15M-26OCT042245-45,0.9900,1.10,no
2026-10-05T02:42:38.27613Z,KXBTC15M-26OCT042245-45,0.9900,46.75,no
2026-10-05T02:42:38.296505Z,KXBTC15M-26OCT042245-45,0.9900,18.70,no
2026-10-05T02:42:38.368405Z,KXBTC15M-26OCT042245-45,0.9900,280.55,no
2026-10-05T02:42:38.441065Z,KXBTC15M-26OCT042245-45,0.9900,602.80,no
2026-10-05T02:42:38.447328Z,KXBTC15M-26OCT042245-45,0.9900,93.51,no
2026-10-05T02:42:38.453515Z,KXBTC15M-26OCT042245-45,0.9900,4.83,no
2026-10-05T02:42:38.508525Z,KXBTC15M-26OCT042245-45,0.9900,44.88,no
2026-10-05T02:42:38.5839Z,KXBTC15M-26OCT042245-45,0.9900,10.45,no
2026-10-05T02:42:38.595353Z,KXBTC15M-26OCT042245-45,0.9910,0.01,yes
2026-10-05T02:42:38.595353Z,KXBTC15M-26OCT042245-45,0.9910,0.01,yes
2026-10-05T02:42:38.595353Z,KXBTC15M-26OCT042245-45,0.9910,1.00,yes
2026-10-05T02:42:38.595353Z,KXBTC15M-26OCT042245-45,0.9910,8.98,yes
2026-10-05T02:42:38.625448Z,KXBTC15M-26OCT042245-45,0.9900,18.70,no
2026-10-05T02:42:38.656373Z,KXBTC15M-26OCT042245-45,0.9900,515.00,no
2026-10-05T02:42:38.657673Z,KXBTC15M-26OCT042245-45,0.9900,43.00,no
2026-10-05T02:42:38.664842Z,KXBTC15M-26OCT042245-45,0.9900,451.01,no
2026-10-05T02:42:38.665964Z,KXBTC15M-26OCT042245-45,0.9900,9.00,no
2026-10-05T02:42:38.66614Z,KXBTC15M-26OCT042245-45,0.9900,3.00,no
2026-10-05T02:42:38.666162Z,KXBTC15M-26OCT042245-45,0.9900,7.00,no
2026-10-05T02:42:38.666716Z,KXBTC15M-26OCT042245-45,0.9900,4.00,no
2026-10-05T02:42:38.666744Z,KXBTC15M-26OCT042245-45,0.9900,9.00,no
2026-10-05T02:42:38.666782Z,KXBTC15M-26OCT042245-45,0.9900,7.00,no
2026-10-05T02:42:38.667759Z,KXBTC15M-26OCT042245-45,0.9900,7.00,no
2026-10-05T02:42:38.66792Z,KXBTC15M-26OCT042245-45,0.9900,4.00,no
2026-10-05T02:42:38.668101Z,KXBTC15M-26OCT042245-45,0.9900,6.00,no
2026-10-05T02:42:38.678809Z,KXBTC15M-26OCT042245-45,0.9900,53.00,no
2026-10-05T02:42:38.680089Z,KXBTC15M-26OCT042245-45,0.9900,18.70,no
2026-10-05T02:42:38.751588Z,KXBTC15M-26OCT042245-45,0.9900,187.00,no
2026-10-05T02:42:38.774568Z,KXBTC15M-26OCT042245-45,0.9900,4.12,no
2026-10-05T02:42:38.797222Z,KXBTC15M-26OCT042245-45,0.9900,6.00,no
2026-10-05T02:42:38.797341Z,KXBTC15M-26OCT042245-45,0.9900,3.00,no
2026-10-05T02:42:38.79762Z,KXBTC15M-26OCT042245-45,0.9900,1.00,no
2026-10-05T02:42:38.797848Z,KXBTC15M-26OCT042245-45,0.9900,13.00,no
2026-10-05T02:42:38.798011Z,KXBTC15M-26OCT042245-45,0.9900,7.00,no
2026-10-05T02:42:38.798301Z,KXBTC15M-26OCT042245-45,0.9900,14.00,no
2026-10-05T02:42:38.798467Z,KXBTC15M-26OCT042245-45,0.9900,4.00,no
2026-10-05T02:42:38.798579Z,KXBTC15M-26OCT042245-45,0.9900,0.02,no
2026-10-05T02:42:38.79857Z,KXBTC15M-26OCT042245-45,0.9900,2.00,no
2026-10-05T02:42:38.798891Z,KXBTC15M-26OCT042245-45,0.9900,7.00,no
2026-10-05T02:42:38.829547Z,KXBTC15M-26OCT042245-45,0.9900,1143.69,no
2026-10-05T02:42:38.829547Z,KXBTC15M-26OCT042245-45,0.9900,1079.43,no
2026-10-05T02:42:38.860437Z,KXBTC15M-26OCT042245-45,0.9900,8.00,no
2026-10-05T02:42:38.95229Z,KXBTC15M-26OCT042245-45,0.9910,68.57,yes
2026-10-05T02:42:39.000651Z,KXBTC15M-26OCT042245-45,0.9900,93.51,no
2026-10-05T02:42:39.031379Z,KXBTC15M-26OCT042245-45,0.9910,1.01,yes
2026-10-05T02:42:39.032993Z,KXBTC15M-26OCT042245-45,0.9900,50.00,no
2026-10-05T02:42:39.032993Z,KXBTC15M-26OCT042245-45,0.9900,0.01,no
2026-10-05T02:42:39.032993Z,KXBTC15M-26OCT042245-45,0.9900,0.01,no
2026-10-05T02:42:39.032993Z,KXBTC15M-26OCT042245-45,0.9900,80.00,no
2026-10-05T02:42:39.032993Z,KXBTC15M-26OCT042245-45,0.9900,54.80,no
2026-10-05T02:42:39.052669Z,KXBTC15M-26OCT042245-45,0.9890,5.04,no
2026-10-05T02:42:39.054133Z,KXBTC15M-26OCT042245-45,0.9890,2.01,no
2026-10-05T02:42:39.134472Z,KXBTC15M-26OCT042245-45,0.9890,137.28,no
2026-10-05T02:42:39.258066Z,KXBTC15M-26OCT042245-45,0.9890,10.11,no
2026-10-05T02:42:39.263238Z,KXBTC15M-26OCT042245-45,0.9890,17.03,no
2026-10-05T02:42:39.516847Z,KXBTC15M-26OCT042245-45,0.9900,4.10,yes
2026-10-05T02:42:39.598893Z,KXBTC15M-26OCT042245-45,0.9900,46.89,yes
2026-10-05T02:42:39.598893Z,KXBTC15M-26OCT042245-45,0.9900,145.90,yes
2026-10-05T02:42:39.604872Z,KXBTC15M-26OCT042245-45,0.9890,0.01,no
2026-10-05T02:42:39.604872Z,KXBTC15M-26OCT042245-45,0.9890,0.01,no
2026-10-05T02:42:39.604872Z,KXBTC15M-26OCT042245-45,0.9880,1.00,no
2026-10-05T02:42:39.604872Z,KXBTC15M-26OCT042245-45,0.9880,25.98,no
2026-10-05T02:42:39.694623Z,KXBTC15M-26OCT042245-45,0.9890,40.00,yes
2026-10-05T02:42:39.694623Z,KXBTC15M-26OCT042245-45,0.9890,12.00,yes
2026-10-05T02:42:39.694623Z,KXBTC15M-26OCT042245-45,0.9890,150.00,yes
2026-10-05T02:42:39.694623Z,KXBTC15M-26OCT042245-45,0.9890,0.01,yes
2026-10-05T02:42:39.694623Z,KXBTC15M-26OCT042245-45,0.9890,500.00,yes
2026-10-05T02:42:39.694623Z,KXBTC15M-26OCT042245-45,0.9890,70.00,yes
2026-10-05T02:42:39.694623Z,KXBTC15M-26OCT042245-45,0.9890,127.02,yes
2026-10-05T02:42:39.694623Z,KXBTC15M-26OCT042245-45,0.9890,70.00,yes
2026-10-05T02:42:39.694623Z,KXBTC15M-26OCT042245-45,0.9890,70.00,yes
2026-10-05T02:42:39.767154Z,KXBTC15M-26OCT042245-45,0.9890,28.02,yes
2026-10-05T02:42:39.806157Z,KXBTC15M-26OCT042245-45,0.9880,35.23,no
2026-10-05T02:42:39.806157Z,KXBTC15M-26OCT042245-45,0.9880,0.01,no
2026-10-05T02:42:39.806157Z,KXBTC15M-26OCT042245-45,0.9880,0.01,no
2026-10-05T02:42:39.806157Z,KXBTC15M-26OCT042245-45,0.9880,26.93,no
2026-10-05T02:42:39.806157Z,KXBTC15M-26OCT042245-45,0.9880,15.00,no
2026-10-05T02:42:39.842586Z,KXBTC15M-26OCT042245-45,0.9880,0.01,no
2026-10-05T02:42:39.842586Z,KXBTC15M-26OCT042245-45,0.9880,0.01,no
2026-10-05T02:42:39.842586Z,KXBTC15M-26OCT042245-45,0.9880,15.00,no
2026-10-05T02:42:39.842586Z,KXBTC15M-26OCT042245-45,0.9870,50.00,no
2026-10-05T02:42:39.842586Z,KXBTC15M-26OCT042245-45,0.9870,1855.10,no
2026-10-05T02:42:39.970704Z,KXBTC15M-26OCT042245-45,0.9880,1.20,yes
2026-10-05T02:42:40.00156Z,KXBTC15M-26OCT042245-45,0.9880,62.78,yes
2026-10-05T02:42:40.092745Z,KXBTC15M-26OCT042245-45,0.9870,71.90,no
2026-10-05T02:42:40.093105Z,KXBTC15M-26OCT042245-45,0.9870,68.32,no
2026-10-05T02:42:40.183389Z,KXBTC15M-26OCT042245-45,0.9880,0.01,yes
2026-10-05T02:42:40.183389Z,KXBTC15M-26OCT042245-45,0.9880,10.00,yes
2026-10-05T02:42:40.183389Z,KXBTC15M-26OCT042245-45,0.9880,400.00,yes
2026-10-05T02:42:40.183389Z,KXBTC15M-26OCT042245-45,0.9880,90.19,yes
2026-10-05T02:42:40.183389Z,KXBTC15M-26OCT042245-45,0.9880,97.00,yes
2026-10-05T02:42:40.183389Z,KXBTC15M-26OCT042245-45,0.9880,0.01,yes
2026-10-05T02:42:40.183389Z,KXBTC15M-26OCT042245-45,0.9880,86.02,yes
2026-10-05T02:42:40.212509Z,KXBTC15M-26OCT042245-45,0.9880,1.00,yes
2026-10-05T02:42:40.233204Z,KXBTC15M-26OCT042245-45,0.9880,400.00,yes
2026-10-05T02:42:40.233204Z,KXBTC15M-26OCT042245-45,0.9880,0.01,yes
2026-10-05T02:42:40.233204Z,KXBTC15M-26OCT042245-45,0.9900,93.75,yes
2026-10-05T02:42:40.233204Z,KXBTC15M-26OCT042245-45,0.9880,98.00,yes
2026-10-05T02:42:40.233204Z,KXBTC15M-26OCT042245-45,0.9880,150.00,yes
2026-10-05T02:42:40.233204Z,KXBTC15M-26OCT042245-45,0.9880,0.01,yes
2026-10-05T02:42:40.233204Z,KXBTC15M-26OCT042245-45,0.9910,97.00,yes
2026-10-05T02:42:40.233204Z,KXBTC15M-26OCT042245-45,0.9890,1000.00,yes
2026-10-05T02:42:40.233204Z,KXBTC15M-26OCT042245-45,0.9910,1.00,yes
2026-10-05T02:42:40.233204Z,KXBTC15M-26OCT042245-45,0.9910,13.00,yes
2026-10-05T02:42:40.233204Z,KXBTC15M-26OCT042245-45,0.9880,44.00,yes
2026-10-05T02:42:40.233204Z,KXBTC15M-26OCT042245-45,0.9880,109.80,yes
2026-10-05T02:42:40.233204Z,KXBTC15M-26OCT042245-45,0.9900,17.00,yes
2026-10-05T02:42:40.233204Z,KXBTC15M-26OCT042245-45,0.9900,97.00,yes
2026-10-05T02:42:40.233204Z,KXBTC15M-26OCT042245-45,0.9900,93.75,yes
2026-10-05T02:42:40.233204Z,KXBTC15M-26OCT042245-45,0.9890,97.00,yes
2026-10-05T02:42:40.233204Z,KXBTC15M-26OCT042245-45,0.9900,56.03,yes
2026-10-05T02:42:40.233204Z,KXBTC15M-26OCT042245-45,0.9900,15.00,yes
2026-10-05T02:42:40.233204Z,KXBTC15M-26OCT042245-45,0.9900,3.11,yes
2026-10-05T02:42:40.233204Z,KXBTC15M-26OCT042245-45,0.9880,500.00,yes
2026-10-05T02:42:40.233204Z,KXBTC15M-26OCT042245-45,0.9880,500.00,yes
2026-10-05T02:42:40.24917Z,KXBTC15M-26OCT042245-45,0.9910,14.39,no
2026-10-05T02:42:40.259986Z,KXBTC15M-26OCT042245-45,0.9910,71.95,no
2026-10-05T02:42:40.277857Z,KXBTC15M-26OCT042245-45,0.9910,4.00,no
2026-10-05T02:42:40.309288Z,KXBTC15M-26OCT042245-45,0.9920,406.95,yes
2026-10-05T02:42:40.438919Z,KXBTC15M-26OCT042245-45,0.9910,534.20,no
2026-10-05T02:42:40.438919Z,KXBTC15M-26OCT042245-45,0.9910,0.01,no
2026-10-05T02:42:40.438919Z,KXBTC15M-26OCT042245-45,0.9910,0.01,no
2026-10-05T02:42:40.488413Z,KXBTC15M-26OCT042245-45,0.9900,0.01,no
2026-10-05T02:42:40.488413Z,KXBTC15M-26OCT042245-45,0.9900,50.00,no
2026-10-05T02:42:40.488413Z,KXBTC15M-26OCT042245-45,0.9890,22.22,no
2026-10-05T02:42:40.488413Z,KXBTC15M-26OCT042245-45,0.9900,0.01,no
2026-10-05T02:42:40.488413Z,KXBTC15M-26OCT042245-45,0.9900,19.39,no
2026-10-05T02:42:40.556085Z,KXBTC15M-26OCT042245-45,0.9880,231.19,no
2026-10-05T02:42:40.556085Z,KXBTC15M-26OCT042245-45,0.9890,0.01,no
2026-10-05T02:42:40.556085Z,KXBTC15M-26OCT042245-45,0.9890,0.01,no
2026-10-05T02:42:40.605971Z,KXBTC15M-26OCT042245-45,0.9870,14.00,no
2026-10-05T02:42:40.605971Z,KXBTC15M-26OCT042245-45,0.9870,53.27,no
2026-10-05T02:42:40.605971Z,KXBTC15M-26OCT042245-45,0.9870,4.68,no
2026-10-05T02:42:40.65711Z,KXBTC15M-26OCT042245-45,0.9880,20.00,yes
2026-10-05T02:42:40.668817Z,KXBTC15M-26OCT042245-45,0.9870,0.01,no
2026-10-05T02:42:40.668817Z,KXBTC15M-26OCT042245-45,0.9870,0.01,no
2026-10-05T02:42:40.668817Z,KXBTC15M-26OCT042245-45,0.9860,0.23,no
2026-10-05T02:42:40.683702Z,KXBTC15M-26OCT042245-45,0.9870,116.88,yes
2026-10-05T02:42:40.697626Z,KXBTC15M-26OCT042245-45,0.9860,6.08,no
2026-10-05T02:42:40.796783Z,KXBTC15M-26OCT042245-45,0.9860,32.22,no
2026-10-05T02:42:40.809145Z,KXBTC15M-26OCT042245-45,0.9860,996.48,no
2026-10-05T02:42:40.953963Z,KXBTC15M-26OCT042245-45,0.9860,64.99,no
2026-10-05T02:42:40.953963Z,KXBTC15M-26OCT042245-45,0.9860,60.00,no
2026-10-05T02:42:40.962858Z,KXBTC15M-26OCT042245-45,0.9860,0.01,no
2026-10-05T02:42:40.962858Z,KXBTC15M-26OCT042245-45,0.9860,0.01,no
2026-10-05T02:42:41.10929Z,KXBTC15M-26OCT042245-45,0.9850,18.01,no
2026-10-05T02:42:41.147693Z,KXBTC15M-26OCT042245-45,0.9820,1.00,no
2026-10-05T02:42:41.147693Z,KXBTC15M-26OCT042245-45,0.9830,60.00,no
2026-10-05T02:42:41.147693Z,KXBTC15M-26OCT042245-45,0.9840,627.00,no
2026-10-05T02:42:41.147693Z,KXBTC15M-26OCT042245-45,0.9850,2.00,no
2026-10-05T02:42:41.147693Z,KXBTC15M-26OCT042245-45,0.9850,0.01,no
2026-10-05T02:42:41.147693Z,KXBTC15M-26OCT042245-45,0.9840,2.00,no
2026-10-05T02:42:41.147693Z,KXBTC15M-26OCT042245-45,0.9820,1.00,no
2026-10-05T02:42:41.147693Z,KXBTC15M-26OCT042245-45,0.9830,2.00,no
2026-10-05T02:42:41.147693Z,KXBTC15M-26OCT042245-45,0.9850,2.00,no
2026-10-05T02:42:41.147693Z,KXBTC15M-26OCT042245-45,0.9840,1.00,no
2026-10-05T02:42:41.147693Z,KXBTC15M-26OCT042245-45,0.9840,2.00,no
2026-10-05T02:42:41.147693Z,KXBTC15M-26OCT042245-45,0.9850,0.01,no
2026-10-05T02:42:41.147693Z,KXBTC15M-26OCT042245-45,0.9830,1.00,no
2026-10-05T02:42:41.147693Z,KXBTC15M-26OCT042245-45,0.9850,1.00,no
2026-10-05T02:42:41.147693Z,KXBTC15M-26OCT042245-45,0.9830,2.00,no
2026-10-05T02:42:41.147693Z,KXBTC15M-26OCT042245-45,0.9820,1047.00,no
2026-10-05T02:42:41.147693Z,KXBTC15M-26OCT042245-45,0.9850,36.00,no
2026-10-05T02:42:41.147693Z,KXBTC15M-26OCT042245-45,0.9850,6.99,no
2026-10-05T02:42:41.147693Z,KXBTC15M-26OCT042245-45,0.9820,1.00,no
2026-10-05T02:42:41.147693Z,KXBTC15M-26OCT042245-45,0.9820,1.00,no
2026-10-05T02:42:41.147693Z,KXBTC15M-26OCT042245-45,0.9810,203.99,no
2026-10-05T02:42:41.244408Z,KXBTC15M-26OCT042245-45,0.9820,8.77,no
2026-10-05T02:42:41.244408Z,KXBTC15M-26OCT042245-45,0.9820,1.09,no
2026-10-05T02:42:41.244408Z,KXBTC15M-26OCT042245-45,0.9820,1.07,no
2026-10-05T02:42:41.291056Z,KXBTC15M-26OCT042245-45,0.9820,1.76,no
2026-10-05T02:42:41.316916Z,KXBTC15M-26OCT042245-45,0.9820,24.76,no
2026-10-05T02:42:41.326362Z,KXBTC15M-26OCT042245-45,0.9820,5.09,no
2026-10-05T02:42:41.417576Z,KXBTC15M-26OCT042245-45,0.9820,29.63,no
2026-10-05T02:42:41.417576Z,KXBTC15M-26OCT042245-45,0.9820,19.62,no
2026-10-05T02:42:41.434396Z,KXBTC15M-26OCT042245-45,0.9820,1.06,no
2026-10-05T02:42:41.434396Z,KXBTC15M-26OCT042245-45,0.9810,0.45,no
2026-10-05T02:42:41.434396Z,KXBTC15M-26OCT042245-45,0.9820,200.00,no
2026-10-05T02:42:41.434396Z,KXBTC15M-26OCT042245-45,0.9820,70.37,no
2026-10-05T02:42:41.434396Z,KXBTC15M-26OCT042245-45,0.9820,40.00,no
2026-10-05T02:42:41.434396Z,KXBTC15M-26OCT042245-45,0.9820,0.01,no
2026-10-05T02:42:41.434396Z,KXBTC15M-26OCT042245-45,0.9820,1.09,no
2026-10-05T02:42:41.434396Z,KXBTC15M-26OCT042245-45,0.9820,400.00,no
2026-10-05T02:42:41.434396Z,KXBTC15M-26OCT042245-45,0.9820,0.01,no
2026-10-05T02:42:41.434396Z,KXBTC15M-26OCT042245-45,0.9810,77.00,no
2026-10-05T02:42:41.434396Z,KXBTC15M-26OCT042245-45,0.9810,201.86,no
2026-10-05T02:42:41.434396Z,KXBTC15M-26OCT042245-45,0.9810,430.15,no
2026-10-05T02:42:41.466983Z,KXBTC15M-26OCT042245-45,0.9830,282.00,yes
2026-10-05T02:42:41.510828Z,KXBTC15M-26OCT042245-45,0.9830,335.20,yes
2026-10-05T02:42:41.617493Z,KXBTC15M-26OCT042245-45,0.9820,24.61,no
2026-10-05T02:42:41.617493Z,KXBTC15M-26OCT042245-45,0.9820,0.01,no
2026-10-05T02:42:41.633325Z,KXBTC15M-26OCT042245-45,0.9820,39.39,no
2026-10-05T02:42:41.633325Z,KXBTC15M-26OCT042245-45,0.9820,0.01,no
2026-10-05T02:42:41.633325Z,KXBTC15M-26OCT042245-45,0.9820,12.58,no
2026-10-05T02:42:41.722813Z,KXBTC15M-26OCT042245-45,0.9820,0.69,no
2026-10-05T02:42:41.769423Z,KXBTC15M-26OCT042245-45,0.9820,51.98,no
2026-10-05T02:42:41.802273Z,KXBTC15M-26OCT042245-45,0.9820,34.75,no
2026-10-05T02:42:41.802273Z,KXBTC15M-26OCT042245-45,0.9820,17.23,no
2026-10-05T02:42:41.881641Z,KXBTC15M-26OCT042245-45,0.9820,382.77,no
2026-10-05T02:42:41.881641Z,KXBTC15M-26OCT042245-45,0.9810,200.00,no
2026-10-05T02:42:41.881641Z,KXBTC15M-26OCT042245-45,0.9820,200.00,no
2026-10-05T02:42:41.881641Z,KXBTC15M-26OCT042245-45,0.9820,0.01,no
2026-10-05T02:42:41.881641Z,KXBTC15M-26OCT042245-45,0.9810,2.00,no
2026-10-05T02:42:41.881641Z,KXBTC15M-26OCT042245-45,0.9810,12.00,no
2026-10-05T02:42:41.881641Z,KXBTC15M-26OCT042245-45,0.9820,0.01,no
2026-10-05T02:42:41.881641Z,KXBTC15M-26OCT042245-45,0.9810,0.55,no
2026-10-05T02:42:41.881641Z,KXBTC15M-26OCT042245-45,0.9810,313.00,no
2026-10-05T02:42:41.881641Z,KXBTC15M-26OCT042245-45,0.9820,100.00,no
2026-10-05T02:42:41.881641Z,KXBTC15M-26OCT042245-45,0.9820,63.00,no
2026-10-05T02:42:41.881641Z,KXBTC15M-26OCT042245-45,0.9820,899.00,no
2026-10-05T02:42:41.881641Z,KXBTC15M-26OCT042245-45,0.9820,1.00,no
2026-10-05T02:42:41.881641Z,KXBTC15M-26OCT042245-45,0.9810,1.00,no
2026-10-05T02:42:41.881641Z,KXBTC15M-26OCT042245-45,0.9800,2214.62,no
2026-10-05T02:42:41.881641Z,KXBTC15M-26OCT042245-45,0.9800,50.00,no
2026-10-05T02:42:41.881641Z,KXBTC15M-26OCT042245-45,0.9800,1.02,no
2026-10-05T02:42:41.881641Z,KXBTC15M-26OCT042245-45,0.9800,500.00,no
2026-10-05T02:42:41.881641Z,KXBTC15M-26OCT042245-45,0.9800,1.00,no
2026-10-05T02:42:41.881641Z,KXBTC15M-26OCT042245-45,0.9800,1.00,no
2026-10-05T02:42:41.881641Z,KXBTC15M-26OCT042245-45,0.9800,1.00,no
2026-10-05T02:42:41.881641Z,KXBTC15M-26OCT042245-45,0.9800,50.00,no
2026-10-05T02:42:41.906258Z,KXBTC15M-26OCT042245-45,0.9830,243.85,yes
2026-10-05T02:42:41.936424Z,KXBTC15M-26OCT042245-45,0.9820,51.96,no
2026-10-05T02:42:41.936424Z,KXBTC15M-26OCT042245-45,0.9820,0.01,no
2026-10-05T02:42:41.936424Z,KXBTC15M-26OCT042245-45,0.9820,0.01,no
2026-10-05T02:42:41.944787Z,KXBTC15M-26OCT042245-45,0.9820,5.19,no
2026-10-05T02:42:41.974107Z,KXBTC15M-26OCT042245-45,0.9820,12.99,no
2026-10-05T02:42:41.994408Z,KXBTC15M-26OCT042245-45,0.9820,37.42,no
2026-10-05T02:42:42.009146Z,KXBTC15M-26OCT042245-45,0.9820,103.96,no
2026-10-05T02:42:42.04818Z,KXBTC15M-26OCT042245-45,0.9820,18.46,no
2026-10-05T02:42:42.04818Z,KXBTC15M-26OCT042245-45,0.9820,1.00,no
2026-10-05T02:42:42.04818Z,KXBTC15M-26OCT042245-45,0.9820,0.01,no
2026-10-05T02:42:42.04818Z,KXBTC15M-26OCT042245-45,0.9820,240.44,no
2026-10-05T02:42:42.17134Z,KXBTC15M-26OCT042245-45,0.9820,0.01,no
2026-10-05T02:42:42.17134Z,KXBTC15M-26OCT042245-45,0.9820,103.95,no
2026-10-05T02:42:42.190718Z,KXBTC15M-26OCT042245-45,0.9820,39.56,no
2026-10-05T02:42:42.214617Z,KXBTC15M-26OCT042245-45,0.9830,20.56,yes
2026-10-05T02:42:42.313382Z,KXBTC15M-26OCT042245-45,0.9820,1.00,no
2026-10-05T02:42:42.313382Z,KXBTC15M-26OCT042245-45,0.9820,198.47,no
2026-10-05T02:42:42.313382Z,KXBTC15M-26OCT042245-45,0.9820,60.44,no
2026-10-05T02:42:42.322097Z,KXBTC15M-26OCT042245-45,0.9820,56.81,no
2026-10-05T02:42:42.322983Z,KXBTC15M-26OCT042245-45,0.9820,55.10,no
2026-10-05T02:42:42.327465Z,KXBTC15M-26OCT042245-45,0.9750,4.00,no
2026-10-05T02:42:42.327465Z,KXBTC15M-26OCT042245-45,0.9760,10.00,no
2026-10-05T02:42:42.327465Z,KXBTC15M-26OCT042245-45,0.9810,100.00,no
2026-10-05T02:42:42.327465Z,KXBTC15M-26OCT042245-45,0.9780,1.00,no
2026-10-05T02:42:42.327465Z,KXBTC15M-26OCT042245-45,0.9820,89.62,no
2026-10-05T02:42:42.327465Z,KXBTC15M-26OCT042245-45,0.9810,875.00,no
2026-10-05T02:42:42.327465Z,KXBTC15M-26OCT042245-45,0.9750,93.75,no
2026-10-05T02:42:42.327465Z,KXBTC15M-26OCT042245-45,0.9750,15.00,no
2026-10-05T02:42:42.327465Z,KXBTC15M-26OCT042245-45,0.9750,1.00,no
2026-10-05T02:42:42.327465Z,KXBTC15M-26OCT042245-45,0.9800,2.00,no
2026-10-05T02:42:42.327465Z,KXBTC15M-26OCT042245-45,0.9800,2.00,no
2026-10-05T02:42:42.327465Z,KXBTC15M-26OCT042245-45,0.9790,2.00,no
2026-10-05T02:42:42.327465Z,KXBTC15M-26OCT042245-45,0.9750,15.00,no
2026-10-05T02:42:42.327465Z,KXBTC15M-26OCT042245-45,0.9750,64.00,no
2026-10-05T02:42:42.327465Z,KXBTC15M-26OCT042245-45,0.9790,2.00,no
2026-10-05T02:42:42.327465Z,KXBTC15M-26OCT042245-45,0.9750,64.00,no
2026-10-05T02:42:42.327465Z,KXBTC15M-26OCT042245-45,0.9780,150.00,no
2026-10-05T02:42:42.327465Z,KXBTC15M-26OCT042245-45,0.9760,12.00,no
2026-10-05T02:42:42.327465Z,KXBTC15M-26OCT042245-45,0.9780,2.00,no
2026-10-05T02:42:42.327465Z,KXBTC15M-26OCT042245-45,0.9750,93.75,no
2026-10-05T02:42:42.327465Z,KXBTC15M-26OCT042245-45,0.9800,1.00,no
2026-10-05T02:42:42.327465Z,KXBTC15M-26OCT042245-45,0.9800,50.00,no
2026-10-05T02:42:42.327465Z,KXBTC15M-26OCT042245-45,0.9780,2.00,no
2026-10-05T02:42:42.327465Z,KXBTC15M-26OCT042245-45,0.9800,75.00,no
2026-10-05T02:42:42.327465Z,KXBTC15M-26OCT042245-45,0.9800,13.00,no
2026-10-05T02:42:42.327465Z,KXBTC15M-26OCT042245-45,0.9800,13.00,no
2026-10-05T02:42:42.327465Z,KXBTC15M-26OCT042245-45,0.9800,385.38,no
2026-10-05T02:42:42.327465Z,KXBTC15M-26OCT042245-45,0.9750,118.77,no
2026-10-05T02:42:42.327465Z,KXBTC15M-26OCT042245-45,0.9800,1.00,no
2026-10-05T02:42:42.327465Z,KXBTC15M-26OCT042245-45,0.9800,35.00,no
2026-10-05T02:42:42.327465Z,KXBTC15M-26OCT042245-45,0.9750,10.00,no
2026-10-05T02:42:42.327465Z,KXBTC15M-26OCT042245-45,0.9750,1047.00,no
2026-10-05T02:42:42.327465Z,KXBTC15M-26OCT042245-45,0.9770,1.00,no
2026-10-05T02:42:42.333014Z,KXBTC15M-26OCT042245-45,0.9820,57.15,yes
2026-10-05T02:42:42.333014Z,KXBTC15M-26OCT042245-45,0.9820,70.00,yes
2026-10-05T02:42:42.333014Z,KXBTC15M-26OCT042245-45,0.9820,70.00,yes
2026-10-05T02:42:42.333014Z,KXBTC15M-26OCT042245-45,0.9820,70.00,yes
2026-10-05T02:42:42.395267Z,KXBTC15M-26OCT042245-45,0.9800,33.00,yes
2026-10-05T02:42:42.481158Z,KXBTC15M-26OCT042245-45,0.9800,29.07,yes
2026-10-05T02:42:42.52999Z,KXBTC15M-26OCT042245-45,0.9790,19.78,no
2026-10-05T02:42:42.601382Z,KXBTC15M-26OCT042245-45,0.9800,0.01,yes
2026-10-05T02:42:42.601382Z,KXBTC15M-26OCT042245-45,0.9800,0.99,yes
2026-10-05T02:42:42.653543Z,KXBTC15M-26OCT042245-45,0.9800,49.01,yes
2026-10-05T02:42:42.653543Z,KXBTC15M-26OCT042245-45,0.9800,10.00,yes
2026-10-05T02:42:42.653543Z,KXBTC15M-26OCT042245-45,0.9800,0.01,yes
2026-10-05T02:42:42.653543Z,KXBTC15M-26OCT042245-45,0.9800,5.40,yes
2026-10-05T02:42:42.655916Z,KXBTC15M-26OCT042245-45,0.9800,1.00,yes
2026-10-05T02:42:42.663647Z,KXBTC15M-26OCT042245-45,0.9800,10.00,yes
2026-10-05T02:42:42.663647Z,KXBTC15M-26OCT042245-45,0.9800,0.01,yes
2026-10-05T02:42:42.663647Z,KXBTC15M-26OCT042245-45,0.9800,50.00,yes
2026-10-05T02:42:42.663647Z,KXBTC15M-26OCT042245-45,0.9810,980.38,yes
2026-10-05T02:42:42.663647Z,KXBTC15M-26OCT042245-45,0.9800,0.01,yes
2026-10-05T02:42:42.663647Z,KXBTC15M-26OCT042245-45,0.9800,1.00,yes
2026-10-05T02:42:42.663647Z,KXBTC15M-26OCT042245-45,0.9800,493.60,yes
2026-10-05T02:42:42.733794Z,KXBTC15M-26OCT042245-45,0.9790,100.00,no
2026-10-05T02:42:42.733794Z,KXBTC15M-26OCT042245-45,0.9790,100.60,no
2026-10-05T02:42:42.733794Z,KXBTC15M-26OCT042245-45,0.9790,22.22,no
2026-10-05T02:42:42.831926Z,KXBTC15M-26OCT042245-45,0.9800,10.00,yes
2026-10-05T02:42:42.831926Z,KXBTC15M-26OCT042245-45,0.9800,0.01,yes
2026-10-05T02:42:42.831926Z,KXBTC15M-26OCT042245-45,0.9810,693.59,yes
2026-10-05T02:42:42.831926Z,KXBTC15M-26OCT042245-45,0.9800,0.01,yes
2026-10-05T02:42:42.831926Z,KXBTC15M-26OCT042245-45,0.9800,50.00,yes
2026-10-05T02:42:42.831926Z,KXBTC15M-26OCT042245-45,0.9810,56.49,yes
2026-10-05T02:42:42.884647Z,KXBTC15M-26OCT042245-45,0.9810,0.01,yes
2026-10-05T02:42:42.884647Z,KXBTC15M-26OCT042245-45,0.9820,109.65,yes
2026-10-05T02:42:42.884647Z,KXBTC15M-26OCT042245-45,0.9810,0.01,yes
2026-10-05T02:42:42.914571Z,KXBTC15M-26OCT042245-45,0.9810,0.01,no
2026-10-05T02:42:42.914571Z,KXBTC15M-26OCT042245-45,0.9810,0.01,no
2026-10-05T02:42:42.914571Z,KXBTC15M-26OCT042245-45,0.9810,22.26,no
2026-10-05T02:42:42.928793Z,KXBTC15M-26OCT042245-45,0.9810,0.10,no
2026-10-05T02:42:42.979401Z,KXBTC15M-26OCT042245-45,0.9810,44.56,no
2026-10-05T02:42:43.013559Z,KXBTC15M-26OCT042245-45,0.9810,10.02,no
2026-10-05T02:42:43.013559Z,KXBTC15M-26OCT042245-45,0.9810,33.08,no
2026-10-05T02:42:43.062119Z,KXBTC15M-26OCT042245-45,0.9810,49.27,no
2026-10-05T02:42:43.067838Z,KXBTC15M-26OCT042245-45,0.9810,44.56,no
2026-10-05T02:42:43.085882Z,KXBTC15M-26OCT042245-45,0.9810,246.54,no
2026-10-05T02:42:43.115911Z,KXBTC15M-26OCT042245-45,0.9830,10.00,yes
2026-10-05T02:42:43.115911Z,KXBTC15M-26OCT042245-45,0.9820,204.78,yes
2026-10-05T02:42:43.115911Z,KXBTC15M-26OCT042245-45,0.9830,1.00,yes
2026-10-05T02:42:43.115911Z,KXBTC15M-26OCT042245-45,0.9830,264.18,yes
2026-10-05T02:42:43.115911Z,KXBTC15M-26OCT042245-45,0.9830,420.00,yes
2026-10-05T02:42:43.115911Z,KXBTC15M-26OCT042245-45,0.9820,0.01,yes
2026-10-05T02:42:43.115911Z,KXBTC15M-26OCT042245-45,0.9820,0.01,yes
2026-10-05T02:42:43.115911Z,KXBTC15M-26OCT042245-45,0.9830,2259.39,yes
2026-10-05T02:42:43.117736Z,KXBTC15M-26OCT042245-45,0.9810,24.36,no
2026-10-05T02:42:43.117736Z,KXBTC15M-26OCT042245-45,0.9810,49.61,no
2026-10-05T02:42:43.117736Z,KXBTC15M-26OCT042245-45,0.9810,0.01,no
2026-10-05T02:42:43.117736Z,KXBTC15M-26OCT042245-45,0.9810,0.01,no
2026-10-05T02:42:43.119619Z,KXBTC15M-26OCT042245-45,0.9810,5.35,no
2026-10-05T02:42:43.126159Z,KXBTC15M-26OCT042245-45,0.9810,22.72,no
2026-10-05T02:42:43.153836Z,KXBTC15M-26OCT042245-45,0.9820,4.67,no
2026-10-05T02:42:43.158735Z,KXBTC15M-26OCT042245-45,0.9830,0.01,yes
2026-10-05T02:42:43.158735Z,KXBTC15M-26OCT042245-45,0.9830,0.01,yes
2026-10-05T02:42:43.158735Z,KXBTC15M-26OCT042245-45,0.9840,1.88,yes
2026-10-05T02:42:43.197254Z,KXBTC15M-26OCT042245-45,0.9830,46.45,no
2026-10-05T02:42:43.211795Z,KXBTC15M-26OCT042245-45,0.9840,0.01,yes
2026-10-05T02:42:43.211795Z,KXBTC15M-26OCT042245-45,0.9840,0.01,yes
2026-10-05T02:42:43.211795Z,KXBTC15M-26OCT042245-45,0.9850,2.00,yes
2026-10-05T02:42:43.211795Z,KXBTC15M-26OCT042245-45,0.9860,0.31,yes
2026-10-05T02:42:43.211795Z,KXBTC15M-26OCT042245-45,0.9840,1.00,yes
2026-10-05T02:42:43.211795Z,KXBTC15M-26OCT042245-45,0.9840,1.00,yes
2026-10-05T02:42:43.211795Z,KXBTC15M-26OCT042245-45,0.9860,17.00,yes
2026-10-05T02:42:43.211795Z,KXBTC15M-26OCT042245-45,0.9850,17.00,yes
2026-10-05T02:42:43.211795Z,KXBTC15M-26OCT042245-45,0.9860,80.00,yes
2026-10-05T02:42:43.211795Z,KXBTC15M-26OCT042245-45,0.9860,45.00,yes
2026-10-05T02:42:43.234765Z,KXBTC15M-26OCT042245-45,0.9840,92.56,no
2026-10-05T02:42:43.234765Z,KXBTC15M-26OCT042245-45,0.9840,70.00,no
2026-10-05T02:42:43.234765Z,KXBTC15M-26OCT042245-45,0.9840,70.00,no
2026-10-05T02:42:43.234765Z,KXBTC15M-26OCT042245-45,0.9840,70.00,no
2026-10-05T02:42:43.234765Z,KXBTC15M-26OCT042245-45,0.9840,70.00,no
2026-10-05T02:42:43.234765Z,KXBTC15M-26OCT042245-45,0.9840,70.00,no
2026-10-05T02:42:43.234765Z,KXBTC15M-26OCT042245-45,0.9840,70.00,no
2026-10-05T02:42:43.327337Z,KXBTC15M-26OCT042245-45,0.9850,0.01,yes
2026-10-05T02:42:43.327337Z,KXBTC15M-26OCT042245-45,0.9850,1.00,yes
2026-10-05T02:42:43.327337Z,KXBTC15M-26OCT042245-45,0.9850,0.01,yes
2026-10-05T02:42:43.327337Z,KXBTC15M-26OCT042245-45,0.9860,17.00,yes
2026-10-05T02:42:43.327337Z,KXBTC15M-26OCT042245-45,0.9860,77.83,yes
2026-10-05T02:42:43.327337Z,KXBTC15M-26OCT042245-45,0.9850,1.00,yes
2026-10-05T02:42:43.327337Z,KXBTC15M-26OCT042245-45,0.9860,2.00,yes
2026-10-05T02:42:43.364988Z,KXBTC15M-26OCT042245-45,0.9840,6.92,no
2026-10-05T02:42:43.427533Z,KXBTC15M-26OCT042245-45,0.9840,49.25,no
2026-10-05T02:42:43.50726Z,KXBTC15M-26OCT042245-45,0.9840,351.27,no
2026-10-05T02:42:43.50726Z,KXBTC15M-26OCT042245-45,0.9840,0.01,no
2026-10-05T02:42:43.50726Z,KXBTC15M-26OCT042245-45,0.9840,185.39,no
2026-10-05T02:42:43.584101Z,KXBTC15M-26OCT042245-45,0.9840,14.96,no
2026-10-05T02:42:43.626298Z,KXBTC15M-26OCT042245-45,0.9840,138.61,no
2026-10-05T02:42:43.660041Z,KXBTC15M-26OCT042245-45,0.9840,40.22,no
2026-10-05T02:42:43.690016Z,KXBTC15M-26OCT042245-45,0.9840,58.47,no
2026-10-05T02:42:43.710742Z,KXBTC15M-26OCT042245-45,0.9840,58.47,no
2026-10-05T02:42:43.712852Z,KXBTC15M-26OCT042245-45,0.9840,0.01,no
2026-10-05T02:42:43.712852Z,KXBTC15M-26OCT042245-45,0.9840,12.00,no
2026-10-05T02:42:43.712852Z,KXBTC15M-26OCT042245-45,0.9840,3.88,no
2026-10-05T02:42:43.712852Z,KXBTC15M-26OCT042245-45,0.9840,743.60,no
2026-10-05T02:42:43.74728Z,KXBTC15M-26OCT042245-45,0.9840,24.65,no
2026-10-05T02:42:43.748929Z,KXBTC15M-26OCT042245-45,0.9840,116.94,no
2026-10-05T02:42:43.789352Z,KXBTC15M-26OCT042245-45,0.9840,25.99,no
2026-10-05T02:42:43.789469Z,KXBTC15M-26OCT042245-45,0.9840,3.54,no
2026-10-05T02:42:43.789469Z,KXBTC15M-26OCT042245-45,0.9840,200.00,no
2026-10-05T02:42:43.789469Z,KXBTC15M-26OCT042245-45,0.9840,88.82,no
2026-10-05T02:42:43.798828Z,KXBTC15M-26OCT042245-45,0.9840,0.01,no
2026-10-05T02:42:43.798828Z,KXBTC15M-26OCT042245-45,0.9840,12.00,no
2026-10-05T02:42:43.798828Z,KXBTC15M-26OCT042245-45,0.9840,100.00,no
2026-10-05T02:42:43.798828Z,KXBTC15M-26OCT042245-45,0.9840,1.00,no
2026-10-05T02:42:43.798828Z,KXBTC15M-26OCT042245-45,0.9840,396.46,no
2026-10-05T02:42:43.798828Z,KXBTC15M-26OCT042245-45,0.9840,0.01,no
2026-10-05T02:42:43.798828Z,KXBTC15M-26OCT042245-45,0.9830,3141.00,no
2026-10-05T02:42:43.798828Z,KXBTC15M-26OCT042245-45,0.9830,200.00,no
2026-10-05T02:42:43.798828Z,KXBTC15M-26OCT042245-45,0.9840,500.00,no
2026-10-05T02:42:43.798828Z,KXBTC15M-26OCT042245-45,0.9840,200.00,no
2026-10-05T02:42:43.798828Z,KXBTC15M-26OCT042245-45,0.9820,87.08,no
2026-10-05T02:42:43.834815Z,KXBTC15M-26OCT042245-45,0.9850,0.01,yes
2026-10-05T02:42:43.834815Z,KXBTC15M-26OCT042245-45,0.9850,200.00,yes
2026-10-05T02:42:43.834815Z,KXBTC15M-26OCT042245-45,0.9860,87.73,yes
2026-10-05T02:42:43.834815Z,KXBTC15M-26OCT042245-45,0.9850,11.00,yes
2026-10-05T02:42:43.834815Z,KXBTC15M-26OCT042245-45,0.9850,309.18,yes
2026-10-05T02:42:43.847256Z,KXBTC15M-26OCT042245-45,0.9850,46.94,no
2026-10-05T02:42:43.847256Z,KXBTC15M-26OCT042245-45,0.9850,70.00,no
2026-10-05T02:42:43.886172Z,KXBTC15M-26OCT042245-45,0.9850,17.58,no
2026-10-05T02:42:43.890124Z,KXBTC15M-26OCT042245-45,0.9850,70.00,no
2026-10-05T02:42:43.890124Z,KXBTC15M-26OCT042245-45,0.9850,29.93,no
2026-10-05T02:42:43.890124Z,KXBTC15M-26OCT042245-45,0.9850,70.00,no
2026-10-05T02:42:43.890124Z,KXBTC15M-26OCT042245-45,0.9850,5.48,no
2026-10-05T02:42:43.984837Z,KXBTC15M-26OCT042245-45,0.9850,100.00,no
2026-10-05T02:42:43.984837Z,KXBTC15M-26OCT042245-45,0.9850,70.00,no
2026-10-05T02:42:43.984837Z,KXBTC15M-26OCT042245-45,0.9850,0.01,no
2026-10-05T02:42:43.984837Z,KXBTC15M-26OCT042245-45,0.9850,70.00,no
2026-10-05T02:42:43.984837Z,KXBTC15M-26OCT042245-45,0.9850,40.07,no
2026-10-05T02:42:43.984837Z,KXBTC15M-26OCT042245-45,0.9850,16.11,no
2026-10-05T02:42:43.984837Z,KXBTC15M-26OCT042245-45,0.9850,0.01,no
2026-10-05T02:42:44.012132Z,KXBTC15M-26OCT042245-45,0.9850,183.89,no
2026-10-05T02:42:44.012132Z,KXBTC15M-26OCT042245-45,0.9850,26.34,no
2026-10-05T02:42:44.012132Z,KXBTC15M-26OCT042245-45,0.9850,140.60,no
2026-10-05T02:42:44.028424Z,KXBTC15M-26OCT042245-45,0.9850,12.88,no
2026-10-05T02:42:44.074388Z,KXBTC15M-26OCT042245-45,0.9850,285.42,no
2026-10-05T02:42:44.078229Z,KXBTC15M-26OCT042245-45,0.9850,158.53,no
2026-10-05T02:42:44.078229Z,KXBTC15M-26OCT042245-45,0.9850,75.36,no
2026-10-05T02:42:44.086954Z,KXBTC15M-26OCT042245-45,0.9850,58.47,no
2026-10-05T02:42:44.169079Z,KXBTC15M-26OCT042245-45,0.9850,58.47,no
2026-10-05T02:42:44.220546Z,KXBTC15M-26OCT042245-45,0.9850,130.12,no
2026-10-05T02:42:44.220546Z,KXBTC15M-26OCT042245-45,0.9850,50.06,no
2026-10-05T02:42:44.220546Z,KXBTC15M-26OCT042245-45,0.9850,100.00,no
2026-10-05T02:42:44.220546Z,KXBTC15M-26OCT042245-45,0.9850,1.09,no
2026-10-05T02:42:44.220546Z,KXBTC15M-26OCT042245-45,0.9850,0.01,no
2026-10-05T02:42:44.220546Z,KXBTC15M-26OCT042245-45,0.9850,0.01,no
2026-10-05T02:42:44.220546Z,KXBTC15M-26OCT042245-45,0.9850,1.07,no
2026-10-05T02:42:44.220546Z,KXBTC15M-26OCT042245-45,0.9850,10.00,no
2026-10-05T02:42:44.229909Z,KXBTC15M-26OCT042245-45,0.9850,58.47,no
2026-10-05T02:42:44.266764Z,KXBTC15M-26OCT042245-45,0.9850,5.14,no
2026-10-05T02:42:44.283416Z,KXBTC15M-26OCT042245-45,0.9850,62.36,no
2026-10-05T02:42:44.384827Z,KXBTC15M-26OCT042245-45,0.9860,0.91,yes
2026-10-05T02:42:44.425749Z,KXBTC15M-26OCT042245-45,0.9850,0.01,no
2026-10-05T02:42:44.425749Z,KXBTC15M-26OCT042245-45,0.9850,58.45,no
2026-10-05T02:42:44.425749Z,KXBTC15M-26OCT042245-45,0.9850,0.01,no
2026-10-05T02:42:44.49354Z,KXBTC15M-26OCT042245-45,0.9860,18.70,yes
2026-10-05T02:42:44.49387Z,KXBTC15M-26OCT042245-45,0.9850,62.36,no
2026-10-05T02:42:44.509892Z,KXBTC15M-26OCT042245-45,0.9860,101.32,yes
2026-10-05T02:42:44.577835Z,KXBTC15M-26OCT042245-45,0.9860,25.33,yes
2026-10-05T02:42:44.588151Z,KXBTC15M-26OCT042245-45,0.9850,46.15,no
2026-10-05T02:42:44.643724Z,KXBTC15M-26OCT042245-45,0.9850,6.85,no
2026-10-05T02:42:44.696179Z,KXBTC15M-26OCT042245-45,0.9850,62.36,no
2026-10-05T02:42:44.697825Z,KXBTC15M-26OCT042245-45,0.9850,102.95,no
2026-10-05T02:42:44.697825Z,KXBTC15M-26OCT042245-45,0.9850,0.01,no
2026-10-05T02:42:44.697825Z,KXBTC15M-26OCT042245-45,0.9850,0.01,no
2026-10-05T02:42:44.697825Z,KXBTC15M-26OCT042245-45,0.9850,10.00,no
2026-10-05T02:42:44.697825Z,KXBTC15M-26OCT042245-45,0.9850,222.28,no
2026-10-05T02:42:44.704185Z,KXBTC15M-26OCT042245-45,0.9850,97.05,no
2026-10-05T02:42:44.704185Z,KXBTC15M-26OCT042245-45,0.9850,27.68,no
2026-10-05T02:42:44.756248Z,KXBTC15M-26OCT042245-45,0.9850,2.98,no
2026-10-05T02:42:44.799002Z,KXBTC15M-26OCT042245-45,0.9850,31.18,no
2026-10-05T02:42:44.860855Z,KXBTC15M-26OCT042245-45,0.9850,3.11,no
2026-10-05T02:42:44.884339Z,KXBTC15M-26OCT042245-45,0.9850,27.30,no
2026-10-05T02:42:44.884339Z,KXBTC15M-26OCT042245-45,0.9850,0.01,no
2026-10-05T02:42:44.884339Z,KXBTC15M-26OCT042245-45,0.9850,35.05,no
2026-10-05T02:42:44.903797Z,KXBTC15M-26OCT042245-45,0.9850,124.73,no
2026-10-05T02:42:44.971478Z,KXBTC15M-26OCT042245-45,0.9860,1.00,yes
2026-10-05T02:42:44.971478Z,KXBTC15M-26OCT042245-45,0.9860,0.01,yes
2026-10-05T02:42:44.971478Z,KXBTC15M-26OCT042245-45,0.9860,492.91,yes
2026-10-05T02:42:44.971478Z,KXBTC15M-26OCT042245-45,0.9860,0.01,yes
2026-10-05T02:42:44.971478Z,KXBTC15M-26OCT042245-45,0.9860,813.01,yes
2026-10-05T02:42:44.971478Z,KXBTC15M-26OCT042245-45,0.9860,10.00,yes
2026-10-05T02:42:44.976478Z,KXBTC15M-26OCT042245-45,0.9850,85.42,no
2026-10-05T02:42:45.02879Z,KXBTC15M-26OCT042245-45,0.9850,0.01,no
2026-10-05T02:42:45.02879Z,KXBTC15M-26OCT042245-45,0.9850,5.98,no
2026-10-05T02:42:45.02879Z,KXBTC15M-26OCT042245-45,0.9850,0.01,no
2026-10-05T02:42:45.06989Z,KXBTC15M-26OCT042245-45,0.9850,21.31,no
2026-10-05T02:42:45.06989Z,KXBTC15M-26OCT042245-45,0.9850,400.00,no
2026-10-05T02:42:45.06989Z,KXBTC15M-26OCT042245-45,0.9850,200.00,no
2026-10-05T02:42:45.069953Z,KXBTC15M-26OCT042245-45,0.9850,4.68,no
2026-10-05T02:42:45.143427Z,KXBTC15M-26OCT042245-45,0.9830,5.72,no
2026-10-05T02:42:45.150031Z,KXBTC15M-26OCT042245-45,0.9850,3.53,yes
2026-10-05T02:42:45.293825Z,KXBTC15M-26OCT042245-45,0.9850,64.84,yes
2026-10-05T02:42:45.315069Z,KXBTC15M-26OCT042245-45,0.9820,3.95,no
2026-10-05T02:42:45.340699Z,KXBTC15M-26OCT042245-45,0.9820,99.05,no
2026-10-05T02:42:45.340699Z,KXBTC15M-26OCT042245-45,0.9820,163.84,no
2026-10-05T02:42:45.382847Z,KXBTC15M-26OCT042245-45,0.9820,45.94,no
2026-10-05T02:42:45.599918Z,KXBTC15M-26OCT042245-45,0.9820,51.98,no
2026-10-05T02:42:45.661365Z,KXBTC15M-26OCT042245-45,0.9820,51.98,no
2026-10-05T02:42:45.701671Z,KXBTC15M-26OCT042245-45,0.9830,3.00,yes
2026-10-05T02:42:45.794853Z,KXBTC15M-26OCT042245-45,0.9820,155.94,no
2026-10-05T02:42:45.840043Z,KXBTC15M-26OCT042245-45,0.9820,51.98,no
2026-10-05T02:42:45.922443Z,KXBTC15M-26OCT042245-45,0.9830,1.00,yes
2026-10-05T02:42:45.93384Z,KXBTC15M-26OCT042245-45,0.9820,7.79,no
2026-10-05T02:42:45.96281Z,KXBTC15M-26OCT042245-45,0.9820,1.27,no
2026-10-05T02:42:46.020656Z,KXBTC15M-26OCT042245-45,0.9820,103.96,no
2026-10-05T02:42:46.047414Z,KXBTC15M-26OCT042245-45,0.9830,0.01,yes
2026-10-05T02:42:46.047414Z,KXBTC15M-26OCT042245-45,0.9830,257.62,yes
2026-10-05T02:42:46.047414Z,KXBTC15M-26OCT042245-45,0.9830,0.01,yes
2026-10-05T02:42:46.047414Z,KXBTC15M-26OCT042245-45,0.9830,11.36,yes
2026-10-05T02:42:46.076564Z,KXBTC15M-26OCT042245-45,0.9820,51.98,no
2026-10-05T02:42:46.249778Z,KXBTC15M-26OCT042245-45,0.9830,15.00,yes
2026-10-05T02:42:46.249778Z,KXBTC15M-26OCT042245-45,0.9830,0.01,yes
2026-10-05T02:42:46.249778Z,KXBTC15M-26OCT042245-45,0.9830,0.01,yes
2026-10-05T02:42:46.249778Z,KXBTC15M-26OCT042245-45,0.9840,0.56,yes
2026-10-05T02:42:46.334057Z,KXBTC15M-26OCT042245-45,0.9840,0.56,yes
2026-10-05T02:42:46.334057Z,KXBTC15M-26OCT042245-45,0.9840,0.01,yes
2026-10-05T02:42:46.334057Z,KXBTC15M-26OCT042245-45,0.9840,0.01,yes
2026-10-05T02:42:46.334057Z,KXBTC15M-26OCT042245-45,0.9850,1.91,yes
2026-10-05T02:42:46.334057Z,KXBTC15M-26OCT042245-45,0.9840,10.44,yes
2026-10-05T02:42:46.378707Z,KXBTC15M-26OCT042245-45,0.9830,0.02,no
2026-10-05T02:42:46.378771Z,KXBTC15M-26OCT042245-45,0.9830,2.00,no
2026-10-05T02:42:46.395067Z,KXBTC15M-26OCT042245-45,0.9830,0.01,no
2026-10-05T02:42:46.395067Z,KXBTC15M-26OCT042245-45,0.9830,12.98,no
2026-10-05T02:42:46.395067Z,KXBTC15M-26OCT042245-45,0.9830,38.99,no
2026-10-05T02:42:46.413964Z,KXBTC15M-26OCT042245-45,0.9830,0.01,no
2026-10-05T02:42:46.413964Z,KXBTC15M-26OCT042245-45,0.9830,50.00,no
2026-10-05T02:42:46.413964Z,KXBTC15M-26OCT042245-45,0.9830,0.01,no
2026-10-05T02:42:46.413964Z,KXBTC15M-26OCT042245-45,0.9830,500.00,no
2026-10-05T02:42:46.426456Z,KXBTC15M-26OCT042245-45,0.9820,0.01,no
2026-10-05T02:42:46.426456Z,KXBTC15M-26OCT042245-45,0.9820,90.00,no
2026-10-05T02:42:46.44958Z,KXBTC15M-26OCT042245-45,0.9800,5.08,no
2026-10-05T02:42:46.515007Z,KXBTC15M-26OCT042245-45,0.9810,77.94,yes
2026-10-05T02:42:46.521583Z,KXBTC15M-26OCT042245-45,0.9800,11.71,no
2026-10-05T02:42:46.611491Z,KXBTC15M-26OCT042245-45,0.9800,5.08,no
2026-10-05T02:42:46.642249Z,KXBTC15M-26OCT042245-45,0.9800,20.13,no
2026-10-05T02:42:46.642249Z,KXBTC15M-26OCT042245-45,0.9800,29.62,no
2026-10-05T02:42:46.725634Z,KXBTC15M-26OCT042245-45,0.9800,8.25,no
2026-10-05T02:42:46.758443Z,KXBTC15M-26OCT042245-45,0.9800,10.18,no
2026-10-05T02:42:46.758443Z,KXBTC15M-26OCT042245-45,0.9800,12.13,no
2026-10-05T02:42:46.934696Z,KXBTC15M-26OCT042245-45,0.9800,0.01,no
2026-10-05T02:42:46.934696Z,KXBTC15M-26OCT042245-45,0.9800,2.03,no
2026-10-05T02:42:46.934696Z,KXBTC15M-26OCT042245-45,0.9800,5.00,no
2026-10-05T02:42:46.934696Z,KXBTC15M-26OCT042245-45,0.9800,4.82,no
2026-10-05T02:42:47.059126Z,KXBTC15M-26OCT042245-45,0.9800,6.82,no
2026-10-05T02:42:47.059126Z,KXBTC15M-26OCT042245-45,0.9800,39.97,no
2026-10-05T02:42:47.060691Z,KXBTC15M-26OCT042245-45,0.9800,43.18,no
2026-10-05T02:42:47.060691Z,KXBTC15M-26OCT042245-45,0.9800,3.00,no
2026-10-05T02:42:47.081531Z,KXBTC15M-26OCT042245-45,0.9800,460.89,no
2026-10-05T02:42:47.097456Z,KXBTC15M-26OCT042245-45,0.9800,10.68,no
2026-10-05T02:42:47.097456Z,KXBTC15M-26OCT042245-45,0.9800,36.11,no
2026-10-05T02:42:47.112971Z,KXBTC15M-26OCT042245-45,0.9800,0.78,no
2026-10-05T02:42:47.119845Z,KXBTC15M-26OCT042245-45,0.9800,93.58,no
2026-10-05T02:42:47.222668Z,KXBTC15M-26OCT042245-45,0.9800,1.01,no
2026-10-05T02:42:47.226455Z,KXBTC15M-26OCT042245-45,0.9820,62.38,yes
2026-10-05T02:42:47.226455Z,KXBTC15M-26OCT042245-45,0.9810,214.41,yes
2026-10-05T02:42:47.226455Z,KXBTC15M-26OCT042245-45,0.9810,0.01,yes
2026-10-05T02:42:47.226455Z,KXBTC15M-26OCT042245-45,0.9810,0.01,yes
2026-10-05T02:42:47.279777Z,KXBTC15M-26OCT042245-45,0.9800,46.79,no
2026-10-05T02:42:47.293532Z,KXBTC15M-26OCT042245-45,0.9800,1.03,no
2026-10-05T02:42:47.30463Z,KXBTC15M-26OCT042245-45,0.9820,0.01,yes
2026-10-05T02:42:47.30463Z,KXBTC15M-26OCT042245-45,0.9820,497.97,yes
2026-10-05T02:42:47.30463Z,KXBTC15M-26OCT042245-45,0.9810,0.01,yes
2026-10-05T02:42:47.30463Z,KXBTC15M-26OCT042245-45,0.9810,0.01,yes
2026-10-05T02:42:47.333071Z,KXBTC15M-26OCT042245-45,0.9800,46.18,no
2026-10-05T02:42:47.348671Z,KXBTC15M-26OCT042245-45,0.9810,0.01,yes
2026-10-05T02:42:47.348671Z,KXBTC15M-26OCT042245-45,0.9810,0.01,yes
2026-10-05T02:42:47.348671Z,KXBTC15M-26OCT042245-45,0.9820,534.27,yes
2026-10-05T02:42:47.361477Z,KXBTC15M-26OCT042245-45,0.9800,4.67,no
2026-10-05T02:42:47.484891Z,KXBTC15M-26OCT042245-45,0.9810,46.79,no
2026-10-05T02:42:47.54981Z,KXBTC15M-26OCT042245-45,0.9820,52.84,yes
2026-10-05T02:42:47.54981Z,KXBTC15M-26OCT042245-45,0.9820,0.01,yes
2026-10-05T02:42:47.54981Z,KXBTC15M-26OCT042245-45,0.9820,0.01,yes
2026-10-05T02:42:47.590297Z,KXBTC15M-26OCT042245-45,0.9820,32.09,yes
2026-10-05T02:42:47.590297Z,KXBTC15M-26OCT042245-45,0.9820,47.16,yes
2026-10-05T02:42:47.628152Z,KXBTC15M-26OCT042245-45,0.9810,0.01,no
2026-10-05T02:42:47.628152Z,KXBTC15M-26OCT042245-45,0.9810,6.00,no
2026-10-05T02:42:47.628152Z,KXBTC15M-26OCT042245-45,0.9810,0.01,no
2026-10-05T02:42:47.628152Z,KXBTC15M-26OCT042245-45,0.9800,100.54,no
2026-10-05T02:42:47.628152Z,KXBTC15M-26OCT042245-45,0.9810,42.00,no
2026-10-05T02:42:47.628152Z,KXBTC15M-26OCT042245-45,0.9800,200.00,no
2026-10-05T02:42:47.628152Z,KXBTC15M-26OCT042245-45,0.9810,119.34,no
2026-10-05T02:42:47.678191Z,KXBTC15M-26OCT042245-45,0.9820,158.74,yes
2026-10-05T02:42:47.678191Z,KXBTC15M-26OCT042245-45,0.9820,100.00,yes
2026-10-05T02:42:47.678191Z,KXBTC15M-26OCT042245-45,0.9820,0.01,yes
2026-10-05T02:42:47.678191Z,KXBTC15M-26OCT042245-45,0.9830,198.87,yes
2026-10-05T02:42:47.678191Z,KXBTC15M-26OCT042245-45,0.9820,0.01,yes
2026-10-05T02:42:47.678191Z,KXBTC15M-26OCT042245-45,0.9820,367.91,yes
2026-10-05T02:42:47.696686Z,KXBTC15M-26OCT042245-45,0.9800,46.79,no
2026-10-05T02:42:47.717292Z,KXBTC15M-26OCT042245-45,0.9800,2.00,no
2026-10-05T02:42:47.729046Z,KXBTC15M-26OCT042245-45,0.9800,233.95,no
2026-10-05T02:42:47.731412Z,KXBTC15M-26OCT042245-45,0.9820,100.00,yes
2026-10-05T02:42:47.731412Z,KXBTC15M-26OCT042245-45,0.9840,11.00,yes
2026-10-05T02:42:47.731412Z,KXBTC15M-26OCT042245-45,0.9820,0.01,yes
2026-10-05T02:42:47.731412Z,KXBTC15M-26OCT042245-45,0.9820,400.00,yes
2026-10-05T02:42:47.731412Z,KXBTC15M-26OCT042245-45,0.9840,200.00,yes
2026-10-05T02:42:47.731412Z,KXBTC15M-26OCT042245-45,0.9820,0.01,yes
2026-10-05T02:42:47.731412Z,KXBTC15M-26OCT042245-45,0.9830,587.13,yes
2026-10-05T02:42:47.731412Z,KXBTC15M-26OCT042245-45,0.9830,158.74,yes
2026-10-05T02:42:47.731412Z,KXBTC15M-26OCT042245-45,0.9840,15.00,yes
2026-10-05T02:42:47.731412Z,KXBTC15M-26OCT042245-45,0.9840,17.00,yes
2026-10-05T02:42:47.731412Z,KXBTC15M-26OCT042245-45,0.9850,1196.39,yes
2026-10-05T02:42:47.788346Z,KXBTC15M-26OCT042245-45,0.9810,0.01,no
2026-10-05T02:42:47.788346Z,KXBTC15M-26OCT042245-45,0.9810,0.01,no
2026-10-05T02:42:47.788346Z,KXBTC15M-26OCT042245-45,0.9810,15.00,no
2026-10-05T02:42:47.788346Z,KXBTC15M-26OCT042245-45,0.9810,12.00,no
2026-10-05T02:42:47.788346Z,KXBTC15M-26OCT042245-45,0.9800,21.24,no
2026-10-05T02:42:47.789394Z,KXBTC15M-26OCT042245-45,0.9800,9.65,no
2026-10-05T02:42:47.807598Z,KXBTC15M-26OCT042245-45,0.9820,0.01,yes
2026-10-05T02:42:47.807598Z,KXBTC15M-26OCT042245-45,0.9820,7.77,yes
2026-10-05T02:42:47.807598Z,KXBTC15M-26OCT042245-45,0.9820,0.01,yes
2026-10-05T02:42:47.871538Z,KXBTC15M-26OCT042245-45,0.9810,0.01,no
2026-10-05T02:42:47.871538Z,KXBTC15M-26OCT042245-45,0.9810,12.00,no
2026-10-05T02:42:47.871538Z,KXBTC15M-26OCT042245-45,0.9800,65.29,no
2026-10-05T02:42:47.871538Z,KXBTC15M-26OCT042245-45,0.9810,0.01,no
2026-10-05T02:42:47.871538Z,KXBTC15M-26OCT042245-45,0.9810,5.00,no
2026-10-05T02:42:47.966925Z,KXBTC15M-26OCT042245-45,0.9810,12.00,no
2026-10-05T02:42:47.966925Z,KXBTC15M-26OCT042245-45,0.9810,12.60,no
2026-10-05T02:42:47.966925Z,KXBTC15M-26OCT042245-45,0.9810,0.01,no
2026-10-05T02:42:47.966925Z,KXBTC15M-26OCT042245-45,0.9810,0.01,no
2026-10-05T02:42:47.992438Z,KXBTC15M-26OCT042245-45,0.9820,4.88,yes
2026-10-05T02:42:48.001829Z,KXBTC15M-26OCT042245-45,0.9810,45.79,no
2026-10-05T02:42:48.001829Z,KXBTC15M-26OCT042245-45,0.9810,1.00,no
2026-10-05T02:42:48.004521Z,KXBTC15M-26OCT042245-45,0.9810,62.38,no
2026-10-05T02:42:48.012311Z,KXBTC15M-26OCT042245-45,0.9820,1.00,yes
2026-10-05T02:42:48.012311Z,KXBTC15M-26OCT042245-45,0.9820,0.01,yes
2026-10-05T02:42:48.012311Z,KXBTC15M-26OCT042245-45,0.9820,0.01,yes
2026-10-05T02:42:48.012311Z,KXBTC15M-26OCT042245-45,0.9820,100.00,yes
2026-10-05T02:42:48.012311Z,KXBTC15M-26OCT042245-45,0.9820,10.12,yes
2026-10-05T02:42:48.012311Z,KXBTC15M-26OCT042245-45,0.9830,303.23,yes
2026-10-05T02:42:48.012311Z,KXBTC15M-26OCT042245-45,0.9820,400.00,yes
2026-10-05T02:42:48.012311Z,KXBTC15M-26OCT042245-45,0.9820,200.00,yes
2026-10-05T02:42:48.044907Z,KXBTC15M-26OCT042245-45,0.9810,12.00,no
2026-10-05T02:42:48.044907Z,KXBTC15M-26OCT042245-45,0.9810,0.01,no
2026-10-05T02:42:48.044907Z,KXBTC15M-26OCT042245-45,0.9810,0.01,no
2026-10-05T02:42:48.044907Z,KXBTC15M-26OCT042245-45,0.9810,7.67,no
2026-10-05T02:42:48.063755Z,KXBTC15M-26OCT042245-45,0.9820,0.01,yes
2026-10-05T02:42:48.063755Z,KXBTC15M-26OCT042245-45,0.9820,0.01,yes
2026-10-05T02:42:48.063755Z,KXBTC15M-26OCT042245-45,0.9820,0.18,yes
2026-10-05T02:42:48.081406Z,KXBTC15M-26OCT042245-45,0.9820,4.06,yes
2026-10-05T02:42:48.148772Z,KXBTC15M-26OCT042245-45,0.9810,46.79,no
2026-10-05T02:42:48.211039Z,KXBTC15M-26OCT042245-45,0.9820,0.01,yes
2026-10-05T02:42:48.211039Z,KXBTC15M-26OCT042245-45,0.9820,0.01,yes
2026-10-05T02:42:48.211039Z,KXBTC15M-26OCT042245-45,0.9850,17.00,yes
2026-10-05T02:42:48.211039Z,KXBTC15M-26OCT042245-45,0.9850,11.82,yes
2026-10-05T02:42:48.277335Z,KXBTC15M-26OCT042245-45,0.9820,12.31,no
2026-10-05T02:42:48.282986Z,KXBTC15M-26OCT042245-45,0.9820,70.00,no
2026-10-05T02:42:48.282986Z,KXBTC15M-26OCT042245-45,0.9820,70.00,no
2026-10-05T02:42:48.282986Z,KXBTC15M-26OCT042245-45,0.9820,57.69,no
2026-10-05T02:42:48.282986Z,KXBTC15M-26OCT042245-45,0.9820,48.56,no
2026-10-05T02:42:48.28416Z,KXBTC15M-26OCT042245-45,0.9820,70.00,no
2026-10-05T02:42:48.28416Z,KXBTC15M-26OCT042245-45,0.9820,21.44,no
2026-10-05T02:42:48.28416Z,KXBTC15M-26OCT042245-45,0.9820,70.00,no
2026-10-05T02:42:48.28416Z,KXBTC15M-26OCT042245-45,0.9820,73.15,no
2026-10-05T02:42:48.330362Z,KXBTC15M-26OCT042245-45,0.9820,94.22,no
2026-10-05T02:42:48.385596Z,KXBTC15M-26OCT042245-45,0.9820,47.43,no
2026-10-05T02:42:48.416098Z,KXBTC15M-26OCT042245-45,0.9830,0.01,yes
2026-10-05T02:42:48.416098Z,KXBTC15M-26OCT042245-45,0.9830,0.01,yes
2026-10-05T02:42:48.416098Z,KXBTC15M-26OCT042245-45,0.9850,6.48,yes
2026-10-05T02:42:48.416098Z,KXBTC15M-26OCT042245-45,0.9860,34.35,yes
2026-10-05T02:42:48.442852Z,KXBTC15M-26OCT042245-45,0.9820,3.13,no
2026-10-05T02:42:48.502583Z,KXBTC15M-26OCT042245-45,0.9820,49.25,no
2026-10-05T02:42:48.506722Z,KXBTC15M-26OCT042245-45,0.9810,50.00,no
2026-10-05T02:42:48.506722Z,KXBTC15M-26OCT042245-45,0.9820,0.01,no
2026-10-05T02:42:48.506722Z,KXBTC15M-26OCT042245-45,0.9820,70.00,no
2026-10-05T02:42:48.506722Z,KXBTC15M-26OCT042245-45,0.9820,1000.00,no
2026-10-05T02:42:48.506722Z,KXBTC15M-26OCT042245-45,0.9820,200.00,no
2026-10-05T02:42:48.506722Z,KXBTC15M-26OCT042245-45,0.9810,200.00,no
2026-10-05T02:42:48.506722Z,KXBTC15M-26OCT042245-45,0.9820,1.00,no
2026-10-05T02:42:48.506722Z,KXBTC15M-26OCT042245-45,0.9820,12.00,no
2026-10-05T02:42:48.506722Z,KXBTC15M-26OCT042245-45,0.9820,70.00,no
2026-10-05T02:42:48.506722Z,KXBTC15M-26OCT042245-45,0.9820,0.01,no
2026-10-05T02:42:48.506722Z,KXBTC15M-26OCT042245-45,0.9800,781.51,no
2026-10-05T02:42:48.506722Z,KXBTC15M-26OCT042245-45,0.9820,500.00,no
2026-10-05T02:42:48.506722Z,KXBTC15M-26OCT042245-45,0.9800,50.00,no
2026-10-05T02:42:48.506722Z,KXBTC15M-26OCT042245-45,0.9800,24.71,no
2026-10-05T02:42:48.506722Z,KXBTC15M-26OCT042245-45,0.9800,50.00,no
2026-10-05T02:42:48.506722Z,KXBTC15M-26OCT042245-45,0.9820,232.82,no
2026-10-05T02:42:48.527786Z,KXBTC15M-26OCT042245-45,0.9830,0.01,yes
2026-10-05T02:42:48.527786Z,KXBTC15M-26OCT042245-45,0.9830,0.01,yes
2026-10-05T02:42:48.538724Z,KXBTC15M-26OCT042245-45,0.9840,4.72,yes
2026-10-05T02:42:48.546366Z,KXBTC15M-26OCT042245-45,0.9830,49.25,no
2026-10-05T02:42:48.579484Z,KXBTC15M-26OCT042245-45,0.9840,9.96,yes
2026-10-05T02:42:48.627552Z,KXBTC15M-26OCT042245-45,0.9840,299.72,yes
2026-10-05T02:42:48.644136Z,KXBTC15M-26OCT042245-45,0.9830,12.99,no
2026-10-05T02:42:48.646437Z,KXBTC15M-26OCT042245-45,0.9840,270.26,yes
2026-10-05T02:42:48.646437Z,KXBTC15M-26OCT042245-45,0.9840,0.01,yes
2026-10-05T02:42:48.646437Z,KXBTC15M-26OCT042245-45,0.9840,0.01,yes
2026-10-05T02:42:48.646437Z,KXBTC15M-26OCT042245-45,0.9840,1.00,yes
2026-10-05T02:42:48.646437Z,KXBTC15M-26OCT042245-45,0.9840,500.00,yes
2026-10-05T02:42:48.655825Z,KXBTC15M-26OCT042245-45,0.9860,1.01,yes
2026-10-05T02:42:48.661011Z,KXBTC15M-26OCT042245-45,0.9840,3.95,no
2026-10-05T02:42:48.735869Z,KXBTC15M-26OCT042245-45,0.9860,15.99,yes
2026-10-05T02:42:48.735869Z,KXBTC15M-26OCT042245-45,0.9860,0.01,yes
2026-10-05T02:42:48.735869Z,KXBTC15M-26OCT042245-45,0.9860,0.01,yes
2026-10-05T02:42:48.735869Z,KXBTC15M-26OCT042245-45,0.9870,200.00,yes
2026-10-05T02:42:48.735869Z,KXBTC15M-26OCT042245-45,0.9870,17.00,yes
2026-10-05T02:42:48.735869Z,KXBTC15M-26OCT042245-45,0.9870,21.27,yes
2026-10-05T02:42:48.735869Z,KXBTC15M-26OCT042245-45,0.9870,742.20,yes
2026-10-05T02:42:48.780908Z,KXBTC15M-26OCT042245-45,0.9850,103.96,no
2026-10-05T02:42:48.82967Z,KXBTC15M-26OCT042245-45,0.9860,0.01,yes
2026-10-05T02:42:48.82967Z,KXBTC15M-26OCT042245-45,0.9860,0.01,yes
2026-10-05T02:42:48.82967Z,KXBTC15M-26OCT042245-45,0.9870,4.94,yes
2026-10-05T02:42:48.936541Z,KXBTC15M-26OCT042245-45,0.9850,13.00,no
2026-10-05T02:42:48.936541Z,KXBTC15M-26OCT042245-45,0.9850,200.00,no
2026-10-05T02:42:48.936541Z,KXBTC15M-26OCT042245-45,0.9850,396.04,no
2026-10-05T02:42:48.936541Z,KXBTC15M-26OCT042245-45,0.9850,15.00,no
2026-10-05T02:42:48.936541Z,KXBTC15M-26OCT042245-45,0.9850,0.01,no
2026-10-05T02:42:48.936541Z,KXBTC15M-26OCT042245-45,0.9850,343.18,no
2026-10-05T02:42:48.936541Z,KXBTC15M-26OCT042245-45,0.9850,1.00,no
2026-10-05T02:42:48.936541Z,KXBTC15M-26OCT042245-45,0.9850,0.01,no
2026-10-05T02:42:48.936541Z,KXBTC15M-26OCT042245-45,0.9850,305.86,no
2026-10-05T02:42:48.966149Z,KXBTC15M-26OCT042245-45,0.9860,15.00,no
2026-10-05T02:42:48.972586Z,KXBTC15M-26OCT042245-45,0.9870,2.80,yes
2026-10-05T02:42:48.972586Z,KXBTC15M-26OCT042245-45,0.9870,12.06,yes
2026-10-05T02:42:48.972586Z,KXBTC15M-26OCT042245-45,0.9870,0.01,yes
2026-10-05T02:42:48.972586Z,KXBTC15M-26OCT042245-45,0.9870,0.01,yes
2026-10-05T02:42:48.983778Z,KXBTC15M-26OCT042245-45,0.9850,40.82,no
2026-10-05T02:42:48.983778Z,KXBTC15M-26OCT042245-45,0.9860,170.92,no
2026-10-05T02:42:48.983778Z,KXBTC15M-26OCT042245-45,0.9850,0.01,no
2026-10-05T02:42:48.983778Z,KXBTC15M-26OCT042245-45,0.9860,0.01,no
2026-10-05T02:42:48.983778Z,KXBTC15M-26OCT042245-45,0.9850,50.54,no
2026-10-05T02:42:48.983778Z,KXBTC15M-26OCT042245-45,0.9850,0.01,no
2026-10-05T02:42:48.983778Z,KXBTC15M-26OCT042245-45,0.9860,0.01,no
2026-10-05T02:42:49.013722Z,KXBTC15M-26OCT042245-45,0.9860,1.02,yes
2026-10-05T02:42:49.018416Z,KXBTC15M-26OCT042245-45,0.9850,0.01,no
2026-10-05T02:42:49.018416Z,KXBTC15M-26OCT042245-45,0.9850,0.01,no
2026-10-05T02:42:49.057503Z,KXBTC15M-26OCT042245-45,0.9860,15.98,yes
2026-10-05T02:42:49.057503Z,KXBTC15M-26OCT042245-45,0.9860,86.29,yes
2026-10-05T02:42:49.057503Z,KXBTC15M-26OCT042245-45,0.9860,0.01,yes
2026-10-05T02:42:49.057503Z,KXBTC15M-26OCT042245-45,0.9860,11.00,yes
2026-10-05T02:42:49.057503Z,KXBTC15M-26OCT042245-45,0.9860,0.01,yes
2026-10-05T02:42:49.068148Z,KXBTC15M-26OCT042245-45,0.9850,0.01,no
2026-10-05T02:42:49.068148Z,KXBTC15M-26OCT042245-45,0.9840,156.92,no
2026-10-05T02:42:49.068148Z,KXBTC15M-26OCT042245-45,0.9850,0.01,no
2026-10-05T02:42:49.068148Z,KXBTC15M-26OCT042245-45,0.9840,10.00,no
2026-10-05T02:42:49.180858Z,KXBTC15M-26OCT042245-45,0.9850,6.71,yes
2026-10-05T02:42:49.180858Z,KXBTC15M-26OCT042245-45,0.9850,0.01,yes
2026-10-05T02:42:49.180858Z,KXBTC15M-26OCT042245-45,0.9850,0.01,yes
2026-10-05T02:42:49.341926Z,KXBTC15M-26OCT042245-45,0.9840,0.01,no
2026-10-05T02:42:49.341926Z,KXBTC15M-26OCT042245-45,0.9840,0.01,no
2026-10-05T02:42:49.341926Z,KXBTC15M-26OCT042245-45,0.9840,11.67,no
2026-10-05T02:42:49.384358Z,KXBTC15M-26OCT042245-45,0.9840,58.47,no
2026-10-05T02:42:49.390676Z,KXBTC15M-26OCT042245-45,0.9860,286.10,yes
2026-10-05T02:42:49.390676Z,KXBTC15M-26OCT042245-45,0.9850,213.88,yes
2026-10-05T02:42:49.390676Z,KXBTC15M-26OCT042245-45,0.9850,0.01,yes
2026-10-05T02:42:49.390676Z,KXBTC15M-26OCT042245-45,0.9860,200.00,yes
2026-10-05T02:42:49.390676Z,KXBTC15M-26OCT042245-45,0.9850,0.01,yes
2026-10-05T02:42:49.456517Z,KXBTC15M-26OCT042245-45,0.9850,0.20,no
2026-10-05T02:42:49.498388Z,KXBTC15M-26OCT042245-45,0.9850,0.01,no
2026-10-05T02:42:49.498388Z,KXBTC15M-26OCT042245-45,0.9850,0.01,no
2026-10-05T02:42:49.498388Z,KXBTC15M-26OCT042245-45,0.9840,43.65,no
2026-10-05T02:42:49.498388Z,KXBTC15M-26OCT042245-45,0.9850,14.80,no
2026-10-05T02:42:49.546927Z,KXBTC15M-26OCT042245-45,0.9860,0.01,yes
2026-10-05T02:42:49.546927Z,KXBTC15M-26OCT042245-45,0.9860,0.01,yes
2026-10-05T02:42:49.546927Z,KXBTC15M-26OCT042245-45,0.9860,15.00,yes
2026-10-05T02:42:49.556833Z,KXBTC15M-26OCT042245-45,0.9850,57.91,no
2026-10-05T02:42:49.570174Z,KXBTC15M-26OCT042245-45,0.9850,0.01,no
2026-10-05T02:42:49.570174Z,KXBTC15M-26OCT042245-45,0.9850,0.01,no
2026-10-05T02:42:49.570174Z,KXBTC15M-26OCT042245-45,0.9850,200.00,no
2026-10-05T02:42:49.570174Z,KXBTC15M-26OCT042245-45,0.9850,13.00,no
2026-10-05T02:42:49.570174Z,KXBTC15M-26OCT042245-45,0.9840,366.34,no
2026-10-05T02:42:49.676118Z,KXBTC15M-26OCT042245-45,0.9850,100.00,no
2026-10-05T02:42:49.676118Z,KXBTC15M-26OCT042245-45,0.9850,15.00,no
2026-10-05T02:42:49.676118Z,KXBTC15M-26OCT042245-45,0.9850,0.01,no
2026-10-05T02:42:49.676118Z,KXBTC15M-26OCT042245-45,0.9850,0.01,no
2026-10-05T02:42:49.676118Z,KXBTC15M-26OCT042245-45,0.9850,177.34,no
2026-10-05T02:42:49.678804Z,KXBTC15M-26OCT042245-45,0.9850,55.54,no
2026-10-05T02:42:49.700293Z,KXBTC15M-26OCT042245-45,0.9850,58.87,no
2026-10-05T02:42:49.721697Z,KXBTC15M-26OCT042245-45,0.9850,14.61,no
2026-10-05T02:42:49.751972Z,KXBTC15M-26OCT042245-45,0.9850,58.47,no
2026-10-05T02:42:49.844533Z,KXBTC15M-26OCT042245-45,0.9850,1.00,no
2026-10-05T02:42:49.844533Z,KXBTC15M-26OCT042245-45,0.9850,35.17,no
2026-10-05T02:42:49.844533Z,KXBTC15M-26OCT042245-45,0.9850,22.70,no
2026-10-05T02:42:49.858501Z,KXBTC15M-26OCT042245-45,0.9850,0.01,no
2026-10-05T02:42:49.858501Z,KXBTC15M-26OCT042245-45,0.9850,100.00,no
2026-10-05T02:42:49.858501Z,KXBTC15M-26OCT042245-45,0.9850,177.30,no
2026-10-05T02:42:49.858501Z,KXBTC15M-26OCT042245-45,0.9850,0.01,no
2026-10-05T02:42:49.858501Z,KXBTC15M-26OCT042245-45,0.9850,104.87,no
2026-10-05T02:42:49.901283Z,KXBTC15M-26OCT042245-45,0.9850,11.69,no
2026-10-05T02:42:49.905718Z,KXBTC15M-26OCT042245-45,0.9850,0.26,no
2026-10-05T02:42:49.939544Z,KXBTC15M-26OCT042245-45,0.9850,116.94,no
2026-10-05T02:42:50.148584Z,KXBTC15M-26OCT042245-45,0.9850,6.23,no
2026-10-05T02:42:50.234955Z,KXBTC15M-26OCT042245-45,0.9850,82.30,no
2026-10-05T02:42:50.234955Z,KXBTC15M-26OCT042245-45,0.9850,42.43,no
2026-10-05T02:42:50.243495Z,KXBTC15M-26OCT042245-45,0.9850,49.25,no
2026-10-05T02:42:50.304354Z,KXBTC15M-26OCT042245-45,0.9850,311.83,no
2026-10-05T02:42:50.31778Z,KXBTC15M-26OCT042245-45,0.9850,62.36,no
2026-10-05T02:42:50.401312Z,KXBTC15M-26OCT042245-45,0.9850,33.87,no
2026-10-05T02:42:50.401312Z,KXBTC15M-26OCT042245-45,0.9850,34.13,no
2026-10-05T02:42:50.435854Z,KXBTC15M-26OCT042245-45,0.9850,200.00,no
2026-10-05T02:42:50.435854Z,KXBTC15M-26OCT042245-45,0.9850,57.53,no
2026-10-05T02:42:50.435854Z,KXBTC15M-26OCT042245-45,0.9850,366.13,no
2026-10-05T02:42:50.544382Z,KXBTC15M-26OCT042245-45,0.9850,19.87,no
2026-10-05T02:42:50.544382Z,KXBTC15M-26OCT042245-45,0.9850,0.01,no
2026-10-05T02:42:50.544382Z,KXBTC15M-26OCT042245-45,0.9850,42.47,no
2026-10-05T02:42:50.544382Z,KXBTC15M-26OCT042245-45,0.9850,0.01,no
2026-10-05T02:42:50.558023Z,KXBTC15M-26OCT042245-45,0.9850,311.83,no
2026-10-05T02:42:50.561206Z,KXBTC15M-26OCT042245-45,0.9850,68.30,no
2026-10-05T02:42:50.561206Z,KXBTC15M-26OCT042245-45,0.9850,341.36,no
2026-10-05T02:42:50.561206Z,KXBTC15M-26OCT042245-45,0.9850,200.00,no
2026-10-05T02:42:50.561206Z,KXBTC15M-26OCT042245-45,0.9850,1.00,no
2026-10-05T02:42:50.561206Z,KXBTC15M-26OCT042245-45,0.9850,13.00,no
2026-10-05T02:42:50.63087Z,KXBTC15M-26OCT042245-45,0.9850,37.00,no
2026-10-05T02:42:50.650535Z,KXBTC15M-26OCT042245-45,0.9850,31.18,no
2026-10-05T02:42:50.662496Z,KXBTC15M-26OCT042245-45,0.9850,31.18,no
2026-10-05T02:42:50.676284Z,KXBTC15M-26OCT042245-45,0.9850,51.98,no
2026-10-05T02:42:50.689559Z,KXBTC15M-26OCT042245-45,0.9850,100.00,no
2026-10-05T02:42:50.689559Z,KXBTC15M-26OCT042245-45,0.9850,7.30,no
2026-10-05T02:42:50.689559Z,KXBTC15M-26OCT042245-45,0.9850,0.01,no
2026-10-05T02:42:50.689559Z,KXBTC15M-26OCT042245-45,0.9850,0.01,no
2026-10-05T02:42:50.689559Z,KXBTC15M-26OCT042245-45,0.9850,13.00,no
2026-10-05T02:42:50.689559Z,KXBTC15M-26OCT042245-45,0.9850,191.51,no
2026-10-05T02:42:50.69973Z,KXBTC15M-26OCT042245-45,0.9850,3.01,no
2026-10-05T02:42:50.70239Z,KXBTC15M-26OCT042245-45,0.9850,56.88,no
2026-10-05T02:42:50.70239Z,KXBTC15M-26OCT042245-45,0.9850,5.48,no
2026-10-05T02:42:50.73453Z,KXBTC15M-26OCT042245-45,0.9850,148.85,no
2026-10-05T02:42:50.738521Z,KXBTC15M-26OCT042245-45,0.9860,0.01,yes
2026-10-05T02:42:50.738521Z,KXBTC15M-26OCT042245-45,0.9860,15.00,yes
2026-10-05T02:42:50.738521Z,KXBTC15M-26OCT042245-45,0.9860,0.01,yes
2026-10-05T02:42:50.739121Z,KXBTC15M-26OCT042245-45,0.9870,52.23,yes
2026-10-05T02:42:50.739354Z,KXBTC15M-26OCT042245-45,0.9850,124.73,no
2026-10-05T02:42:50.742711Z,KXBTC15M-26OCT042245-45,0.9880,200.00,yes
2026-10-05T02:42:50.742711Z,KXBTC15M-26OCT042245-45,0.9860,11.00,yes
2026-10-05T02:42:50.742711Z,KXBTC15M-26OCT042245-45,0.9870,1.00,yes
2026-10-05T02:42:50.742711Z,KXBTC15M-26OCT042245-45,0.9880,1047.00,yes
2026-10-05T02:42:50.743487Z,KXBTC15M-26OCT042245-45,0.9890,2.00,yes
2026-10-05T02:42:50.743487Z,KXBTC15M-26OCT042245-45,0.9900,50.00,yes
2026-10-05T02:42:50.743515Z,KXBTC15M-26OCT042245-45,0.9900,26.00,yes
2026-10-05T02:42:50.74988Z,KXBTC15M-26OCT042245-45,0.9870,0.01,yes
2026-10-05T02:42:50.751554Z,KXBTC15M-26OCT042245-45,0.9890,1.06,yes
2026-10-05T02:42:50.751554Z,KXBTC15M-26OCT042245-45,0.9890,1.00,yes
2026-10-05T02:42:50.751554Z,KXBTC15M-26OCT042245-45,0.9890,1.00,yes
2026-10-05T02:42:50.75952Z,KXBTC15M-26OCT042245-45,0.9870,31.18,no
2026-10-05T02:42:50.767493Z,KXBTC15M-26OCT042245-45,0.9880,173.60,yes
2026-10-05T02:42:50.804651Z,KXBTC15M-26OCT042245-45,0.9880,74.02,yes
2026-10-05T02:42:50.804651Z,KXBTC15M-26OCT042245-45,0.9890,0.01,yes
2026-10-05T02:42:50.804651Z,KXBTC15M-26OCT042245-45,0.9880,0.01,yes
2026-10-05T02:42:50.804651Z,KXBTC15M-26OCT042245-45,0.9890,10.00,yes
2026-10-05T02:42:50.804651Z,KXBTC15M-26OCT042245-45,0.9890,0.01,yes
2026-10-05T02:42:50.804651Z,KXBTC15M-26OCT042245-45,0.9880,0.01,yes
2026-10-05T02:42:50.804651Z,KXBTC15M-26OCT042245-45,0.9900,172.91,yes
2026-10-05T02:42:50.845843Z,KXBTC15M-26OCT042245-45,0.9890,0.01,yes
2026-10-05T02:42:50.845843Z,KXBTC15M-26OCT042245-45,0.9890,98.98,yes
2026-10-05T02:42:50.845843Z,KXBTC15M-26OCT042245-45,0.9890,0.01,yes
2026-10-05T02:42:50.867962Z,KXBTC15M-26OCT042245-45,0.9900,8.92,yes
2026-10-05T02:42:50.882324Z,KXBTC15M-26OCT042245-45,0.9890,62.36,no
2026-10-05T02:42:50.886375Z,KXBTC15M-26OCT042245-45,0.9890,54.72,no
2026-10-05T02:42:50.886375Z,KXBTC15M-26OCT042245-45,0.9890,7.64,no
2026-10-05T02:42:50.917636Z,KXBTC15M-26OCT042245-45,0.9890,15.28,no
2026-10-05T02:42:50.917636Z,KXBTC15M-26OCT042245-45,0.9890,216.00,no
2026-10-05T02:42:50.917636Z,KXBTC15M-26OCT042245-45,0.9890,0.01,no
2026-10-05T02:42:50.917636Z,KXBTC15M-26OCT042245-45,0.9890,0.01,no
2026-10-05T02:42:50.917636Z,KXBTC15M-26OCT042245-45,0.9890,70.00,no
2026-10-05T02:42:50.917636Z,KXBTC15M-26OCT042245-45,0.9890,500.00,no
2026-10-05T02:42:50.926424Z,KXBTC15M-26OCT042245-45,0.9890,249.00,no
2026-10-05T02:42:50.926424Z,KXBTC15M-26OCT042245-45,0.9890,1.00,no
2026-10-05T02:42:50.947304Z,KXBTC15M-26OCT042245-45,0.9890,8.73,no
2026-10-05T02:42:50.959461Z,KXBTC15M-26OCT042245-45,0.9890,31.18,no
2026-10-05T02:42:50.988048Z,KXBTC15M-26OCT042245-45,0.9900,1.97,yes
2026-10-05T02:42:50.992549Z,KXBTC15M-26OCT042245-45,0.9840,150.00,no
2026-10-05T02:42:50.992549Z,KXBTC15M-26OCT042245-45,0.9850,93.75,no
2026-10-05T02:42:50.992549Z,KXBTC15M-26OCT042245-45,0.9880,470.00,no
2026-10-05T02:42:50.992549Z,KXBTC15M-26OCT042245-45,0.9850,15.00,no
2026-10-05T02:42:50.992549Z,KXBTC15M-26OCT042245-45,0.9850,64.00,no
2026-10-05T02:42:50.992549Z,KXBTC15M-26OCT042245-45,0.9860,13.00,no
2026-10-05T02:42:50.992549Z,KXBTC15M-26OCT042245-45,0.9830,997.03,no
2026-10-05T02:42:50.992549Z,KXBTC15M-26OCT042245-45,0.9890,0.01,no
2026-10-05T02:42:50.992549Z,KXBTC15M-26OCT042245-45,0.9850,15.00,no
2026-10-05T02:42:50.992549Z,KXBTC15M-26OCT042245-45,0.9890,111.09,no
2026-10-05T02:42:50.992549Z,KXBTC15M-26OCT042245-45,0.9850,93.75,no
2026-10-05T02:42:50.992549Z,KXBTC15M-26OCT042245-45,0.9890,0.01,no
2026-10-05T02:42:50.992549Z,KXBTC15M-26OCT042245-45,0.9850,64.00,no
2026-10-05T02:42:50.992549Z,KXBTC15M-26OCT042245-45,0.9840,10.00,no
2026-10-05T02:42:50.992549Z,KXBTC15M-26OCT042245-45,0.9830,37.74,no
2026-10-05T02:42:50.992549Z,KXBTC15M-26OCT042245-45,0.9830,42.00,no
2026-10-05T02:42:50.992549Z,KXBTC15M-26OCT042245-45,0.9850,116.00,no
2026-10-05T02:42:51.003315Z,KXBTC15M-26OCT042245-45,0.9890,0.01,no
2026-10-05T02:42:51.003315Z,KXBTC15M-26OCT042245-45,0.9890,0.01,no
2026-10-05T02:42:51.003315Z,KXBTC15M-26OCT042245-45,0.9890,400.00,no
2026-10-05T02:42:51.093467Z,KXBTC15M-26OCT042245-45,0.9880,0.01,no
2026-10-05T02:42:51.093467Z,KXBTC15M-26OCT042245-45,0.9880,0.01,no
2026-10-05T02:42:51.093467Z,KXBTC15M-26OCT042245-45,0.9880,4.98,no
2026-10-05T02:42:51.148216Z,KXBTC15M-26OCT042245-45,0.9880,31.18,no
2026-10-05T02:42:51.162195Z,KXBTC15M-26OCT042245-45,0.9890,7.06,yes
2026-10-05T02:42:51.165773Z,KXBTC15M-26OCT042245-45,0.9890,300.00,yes
2026-10-05T02:42:51.176434Z,KXBTC15M-26OCT042245-45,0.9890,2000.00,yes
2026-10-05T02:42:51.248661Z,KXBTC15M-26OCT042245-45,0.9880,152.77,no
2026-10-05T02:42:51.257462Z,KXBTC15M-26OCT042245-45,0.9880,77.94,no
2026-10-05T02:42:51.272208Z,KXBTC15M-26OCT042245-45,0.9880,70.93,no
2026-10-05T02:42:51.459172Z,KXBTC15M-26OCT042245-45,0.9880,16.00,no
2026-10-05T02:42:51.54491Z,KXBTC15M-26OCT042245-45,0.9890,3.01,yes
2026-10-05T02:42:51.54491Z,KXBTC15M-26OCT042245-45,0.9890,0.01,yes
2026-10-05T02:42:51.54491Z,KXBTC15M-26OCT042245-45,0.9890,0.01,yes
2026-10-05T02:42:51.655825Z,KXBTC15M-26OCT042245-45,0.9880,78.53,no
2026-10-05T02:42:51.655825Z,KXBTC15M-26OCT042245-45,0.9880,46.20,no
2026-10-05T02:42:51.670874Z,KXBTC15M-26OCT042245-45,0.9880,1.00,no
2026-10-05T02:42:51.670874Z,KXBTC15M-26OCT042245-45,0.9880,0.01,no
2026-10-05T02:42:51.670874Z,KXBTC15M-26OCT042245-45,0.9880,21.47,no
2026-10-05T02:42:51.670874Z,KXBTC15M-26OCT042245-45,0.9880,0.01,no
2026-10-05T02:42:51.670874Z,KXBTC15M-26OCT042245-45,0.9880,130.28,no
2026-10-05T02:42:51.776421Z,KXBTC15M-26OCT042245-45,0.9880,1640.95,no
2026-10-05T02:42:51.782391Z,KXBTC15M-26OCT042245-45,0.9880,77.94,no
2026-10-05T02:42:51.816826Z,KXBTC15M-26OCT042245-45,0.9880,50.66,no
2026-10-05T02:42:51.833087Z,KXBTC15M-26OCT042245-45,0.9880,6.54,no
2026-10-05T02:42:51.833087Z,KXBTC15M-26OCT042245-45,0.9880,71.40,no
2026-10-05T02:42:51.853309Z,KXBTC15M-26OCT042245-45,0.9890,54.00,yes
2026-10-05T02:42:51.978213Z,KXBTC15M-26OCT042245-45,0.9880,77.94,no
2026-10-05T02:42:51.994505Z,KXBTC15M-26OCT042245-45,0.9880,415.52,no
2026-10-05T02:42:51.994505Z,KXBTC15M-26OCT042245-45,0.9880,332.87,no
2026-10-05T02:42:52.012034Z,KXBTC15M-26OCT042245-45,0.9880,38.97,no
2026-10-05T02:42:52.04443Z,KXBTC15M-26OCT042245-45,0.9880,128.16,no
2026-10-05T02:42:52.04443Z,KXBTC15M-26OCT042245-45,0.9880,261.55,no
2026-10-05T02:42:52.052976Z,KXBTC15M-26OCT042245-45,0.9880,77.94,no
2026-10-05T02:42:52.064534Z,KXBTC15M-26OCT042245-45,0.9890,245.82,yes
2026-10-05T02:42:52.064534Z,KXBTC15M-26OCT042245-45,0.9900,11.17,yes
2026-10-05T02:42:52.064534Z,KXBTC15M-26OCT042245-45,0.9890,12.00,yes
2026-10-05T02:42:52.064534Z,KXBTC15M-26OCT042245-45,0.9890,0.01,yes
2026-10-05T02:42:52.064534Z,KXBTC15M-26OCT042245-45,0.9890,0.01,yes
2026-10-05T02:42:52.064534Z,KXBTC15M-26OCT042245-45,0.9890,296.35,yes
2026-10-05T02:42:52.064534Z,KXBTC15M-26OCT042245-45,0.9900,50.84,yes
2026-10-05T02:42:52.064534Z,KXBTC15M-26OCT042245-45,0.9900,1.00,yes
2026-10-05T02:42:52.064534Z,KXBTC15M-26OCT042245-45,0.9900,100.00,yes
2026-10-05T02:42:52.064534Z,KXBTC15M-26OCT042245-45,0.9900,25.00,yes
2026-10-05T02:42:52.110762Z,KXBTC15M-26OCT042245-45,0.9880,8.66,no
2026-10-05T02:42:52.174457Z,KXBTC15M-26OCT042245-45,0.9880,1.00,no
2026-10-05T02:42:52.174457Z,KXBTC15M-26OCT042245-45,0.9880,25.07,no
2026-10-05T02:42:52.174457Z,KXBTC15M-26OCT042245-45,0.9880,51.85,no
2026-10-05T02:42:52.174457Z,KXBTC15M-26OCT042245-45,0.9880,0.01,no
2026-10-05T02:42:52.174457Z,KXBTC15M-26OCT042245-45,0.9880,0.01,no
2026-10-05T02:42:52.195653Z,KXBTC15M-26OCT042245-45,0.9880,77.94,no
2026-10-05T02:42:52.239144Z,KXBTC15M-26OCT042245-45,0.9900,38.83,yes
2026-10-05T02:42:52.239144Z,KXBTC15M-26OCT042245-45,0.9900,7.99,yes
2026-10-05T02:42:52.239144Z,KXBTC15M-26OCT042245-45,0.9900,200.00,yes
2026-10-05T02:42:52.239144Z,KXBTC15M-26OCT042245-45,0.9890,0.01,yes
2026-10-05T02:42:52.239144Z,KXBTC15M-26OCT042245-45,0.9890,0.01,yes
2026-10-05T02:42:52.293369Z,KXBTC15M-26OCT042245-45,0.9880,10.28,no
2026-10-05T02:42:52.302686Z,KXBTC15M-26OCT042245-45,0.9910,2.00,yes
2026-10-05T02:42:52.302686Z,KXBTC15M-26OCT042245-45,0.9910,341.33,yes
2026-10-05T02:42:52.302686Z,KXBTC15M-26OCT042245-45,0.9900,0.01,yes
2026-10-05T02:42:52.302686Z,KXBTC15M-26OCT042245-45,0.9900,50.00,yes
2026-10-05T02:42:52.302686Z,KXBTC15M-26OCT042245-45,0.9900,0.01,yes
2026-10-05T02:42:52.302686Z,KXBTC15M-26OCT042245-45,0.9890,0.01,yes
2026-10-05T02:42:52.302686Z,KXBTC15M-26OCT042245-45,0.9900,25.00,yes
2026-10-05T02:42:52.302686Z,KXBTC15M-26OCT042245-45,0.9890,0.01,yes
2026-10-05T02:42:52.302686Z,KXBTC15M-26OCT042245-45,0.9900,47.00,yes
2026-10-05T02:42:52.380773Z,KXBTC15M-26OCT042245-45,0.9900,50.00,yes
2026-10-05T02:42:52.510881Z,KXBTC15M-26OCT042245-45,0.9890,11.26,no
2026-10-05T02:42:52.604716Z,KXBTC15M-26OCT042245-45,0.9900,0.01,yes
2026-10-05T02:42:52.604716Z,KXBTC15M-26OCT042245-45,0.9900,0.01,yes
2026-10-05T02:42:52.604716Z,KXBTC15M-26OCT042245-45,0.9900,12.09,yes
2026-10-05T02:42:52.610914Z,KXBTC15M-26OCT042245-45,0.9890,19.20,no
2026-10-05T02:42:52.610914Z,KXBTC15M-26OCT042245-45,0.9890,58.74,no
2026-10-05T02:42:52.632549Z,KXBTC15M-26OCT042245-45,0.9890,25.00,no
2026-10-05T02:42:52.632549Z,KXBTC15M-26OCT042245-45,0.9890,100.00,no
2026-10-05T02:42:52.632549Z,KXBTC15M-26OCT042245-45,0.9890,70.00,no
2026-10-05T02:42:52.632549Z,KXBTC15M-26OCT042245-45,0.9890,400.00,no
2026-10-05T02:42:52.632549Z,KXBTC15M-26OCT042245-45,0.9890,0.01,no
2026-10-05T02:42:52.632549Z,KXBTC15M-26OCT042245-45,0.9890,390.00,no
2026-10-05T02:42:52.632549Z,KXBTC15M-26OCT042245-45,0.9890,259.63,no
2026-10-05T02:42:52.632549Z,KXBTC15M-26OCT042245-45,0.9890,15.00,no
2026-10-05T02:42:52.632549Z,KXBTC15M-26OCT042245-45,0.9890,70.00,no
2026-10-05T02:42:52.632549Z,KXBTC15M-26OCT042245-45,0.9890,50.80,no
2026-10-05T02:42:52.632549Z,KXBTC15M-26OCT042245-45,0.9890,70.00,no
2026-10-05T02:42:52.632549Z,KXBTC15M-26OCT042245-45,0.9890,500.00,no
2026-10-05T02:42:52.632549Z,KXBTC15M-26OCT042245-45,0.9890,70.00,no
2026-10-05T02:42:52.632549Z,KXBTC15M-26OCT042245-45,0.9890,0.01,no
2026-10-05T02:42:52.632549Z,KXBTC15M-26OCT042245-45,0.9890,1.00,no
2026-10-05T02:42:52.825179Z,KXBTC15M-26OCT042245-45,0.9890,0.01,no
2026-10-05T02:42:52.825179Z,KXBTC15M-26OCT042245-45,0.9890,95.84,no
2026-10-05T02:42:52.825179Z,KXBTC15M-26OCT042245-45,0.9890,200.00,no
2026-10-05T02:42:52.825179Z,KXBTC15M-26OCT042245-45,0.9890,29.25,no
2026-10-05T02:42:52.825179Z,KXBTC15M-26OCT042245-45,0.9890,100.00,no
2026-10-05T02:42:52.825179Z,KXBTC15M-26OCT042245-45,0.9890,0.01,no
2026-10-05T02:42:52.889215Z,KXBTC15M-26OCT042245-45,0.9890,104.98,no
2026-10-05T02:42:52.951053Z,KXBTC15M-26OCT042245-45,0.9890,29.11,no
2026-10-05T02:42:52.968059Z,KXBTC15M-26OCT042245-45,0.9890,6.12,no
2026-10-05T02:42:53.012493Z,KXBTC15M-26OCT042245-45,0.9890,230.54,no
2026-10-05T02:42:53.012493Z,KXBTC15M-26OCT042245-45,0.9890,1.00,no
2026-10-05T02:42:53.012493Z,KXBTC15M-26OCT042245-45,0.9890,193.57,no
2026-10-05T02:42:53.032971Z,KXBTC15M-26OCT042245-45,0.9890,85.02,no
2026-10-05T02:42:53.051715Z,KXBTC15M-26OCT042245-45,0.9890,41.61,no
2026-10-05T02:42:53.098819Z,KXBTC15M-26OCT042245-45,0.9890,69.37,no
2026-10-05T02:42:53.15708Z,KXBTC15M-26OCT042245-45,0.9900,37.91,yes
2026-10-05T02:42:53.15708Z,KXBTC15M-26OCT042245-45,0.9900,17.60,yes
2026-10-05T02:42:53.19102Z,KXBTC15M-26OCT042245-45,0.9900,2.79,yes
2026-10-05T02:42:53.221328Z,KXBTC15M-26OCT042245-45,0.9900,0.01,yes
2026-10-05T02:42:53.221328Z,KXBTC15M-26OCT042245-45,0.9900,0.01,yes
2026-10-05T02:42:53.221328Z,KXBTC15M-26OCT042245-45,0.9900,4.61,yes
2026-10-05T02:42:53.221328Z,KXBTC15M-26OCT042245-45,0.9900,4.99,yes
2026-10-05T02:42:53.33034Z,KXBTC15M-26OCT042245-45,0.9890,44.00,no
2026-10-05T02:42:53.353931Z,KXBTC15M-26OCT042245-45,0.9890,20.83,no
2026-10-05T02:42:53.383364Z,KXBTC15M-26OCT042245-45,0.9890,5.32,no
2026-10-05T02:42:53.414073Z,KXBTC15M-26OCT042245-45,0.9890,191.26,no
2026-10-05T02:42:53.414073Z,KXBTC15M-26OCT042245-45,0.9890,233.85,no
2026-10-05T02:42:53.424295Z,KXBTC15M-26OCT042245-45,0.9900,14.66,yes
2026-10-05T02:42:53.424295Z,KXBTC15M-26OCT042245-45,0.9900,9.01,yes
2026-10-05T02:42:53.447307Z,KXBTC15M-26OCT042245-45,0.9890,2.79,no
2026-10-05T02:42:53.447307Z,KXBTC15M-26OCT042245-45,0.9890,27.84,no
2026-10-05T02:42:53.447307Z,KXBTC15M-26OCT042245-45,0.9890,17.60,no
2026-10-05T02:42:53.447307Z,KXBTC15M-26OCT042245-45,0.9890,4.61,no
2026-10-05T02:42:53.447307Z,KXBTC15M-26OCT042245-45,0.9890,0.01,no
2026-10-05T02:42:53.447307Z,KXBTC15M-26OCT042245-45,0.9890,0.01,no
2026-10-05T02:42:53.47254Z,KXBTC15M-26OCT042245-45,0.9890,85.00,no
2026-10-05T02:42:53.47254Z,KXBTC15M-26OCT042245-45,0.9890,0.01,no
2026-10-05T02:42:53.47254Z,KXBTC15M-26OCT042245-45,0.9890,0.01,no
2026-10-05T02:42:53.519852Z,KXBTC15M-26OCT042245-45,0.9890,103.47,no
2026-10-05T02:42:53.766002Z,KXBTC15M-26OCT042245-45,0.9890,85.02,no
2026-10-05T02:42:53.813522Z,KXBTC15M-26OCT042245-45,0.9890,13.00,no
2026-10-05T02:42:53.847616Z,KXBTC15M-26OCT042245-45,0.9890,200.00,no
2026-10-05T02:42:53.847616Z,KXBTC15M-26OCT042245-45,0.9890,26.58,no
2026-10-05T02:42:53.847616Z,KXBTC15M-26OCT042245-45,0.9890,0.01,no
2026-10-05T02:42:53.847616Z,KXBTC15M-26OCT042245-45,0.9890,198.51,no
2026-10-05T02:42:53.847616Z,KXBTC15M-26OCT042245-45,0.9890,0.01,no
2026-10-05T02:42:53.894027Z,KXBTC15M-26OCT042245-45,0.9890,0.01,no
2026-10-05T02:42:53.894027Z,KXBTC15M-26OCT042245-45,0.9890,324.30,no
2026-10-05T02:42:53.894027Z,KXBTC15M-26OCT042245-45,0.9890,73.42,no
2026-10-05T02:42:53.894027Z,KXBTC15M-26OCT042245-45,0.9890,0.01,no
2026-10-05T02:42:53.921171Z,KXBTC15M-26OCT042245-45,0.9890,0.01,no
2026-10-05T02:42:53.921171Z,KXBTC15M-26OCT042245-45,0.9890,0.01,no
2026-10-05T02:42:53.921171Z,KXBTC15M-26OCT042245-45,0.9890,20.81,no
2026-10-05T02:42:53.968799Z,KXBTC15M-26OCT042245-45,0.9890,21.26,no
2026-10-05T02:42:53.980334Z,KXBTC15M-26OCT042245-45,0.9890,123.76,no
2026-10-05T02:42:54.003412Z,KXBTC15M-26OCT042245-45,0.9890,1.00,no
2026-10-05T02:42:54.003412Z,KXBTC15M-26OCT042245-45,0.9890,100.00,no
2026-10-05T02:42:54.003412Z,KXBTC15M-26OCT042245-45,0.9890,0.01,no
2026-10-05T02:42:54.064418Z,KXBTC15M-26OCT042245-45,0.9900,0.34,yes
2026-10-05T02:42:54.064418Z,KXBTC15M-26OCT042245-45,0.9900,101.10,yes
2026-10-05T02:42:54.064418Z,KXBTC15M-26OCT042245-45,0.9900,50.00,yes
2026-10-05T02:42:54.064418Z,KXBTC15M-26OCT042245-45,0.9900,4.99,yes
2026-10-05T02:42:54.064418Z,KXBTC15M-26OCT042245-45,0.9900,0.01,yes
2026-10-05T02:42:54.064418Z,KXBTC15M-26OCT042245-45,0.9900,0.01,yes
2026-10-05T02:42:54.136411Z,KXBTC15M-26OCT042245-45,0.9890,0.01,no
2026-10-05T02:42:54.136411Z,KXBTC15M-26OCT042245-45,0.9890,304.20,no
2026-10-05T02:42:54.188724Z,KXBTC15M-26OCT042245-45,0.9890,0.01,no
2026-10-05T02:42:54.188724Z,KXBTC15M-26OCT042245-45,0.9890,0.01,no
2026-10-05T02:42:54.188724Z,KXBTC15M-26OCT042245-45,0.9890,322.23,no
2026-10-05T02:42:54.23685Z,KXBTC15M-26OCT042245-45,0.9890,29.61,no
2026-10-05T02:42:54.23685Z,KXBTC15M-26OCT042245-45,0.9890,0.01,no
2026-10-05T02:42:54.237865Z,KXBTC15M-26OCT042245-45,0.9890,70.39,no
2026-10-05T02:42:54.237865Z,KXBTC15M-26OCT042245-45,0.9890,384.15,no
2026-10-05T02:42:54.296113Z,KXBTC15M-26OCT042245-45,0.9900,9.11,yes
2026-10-05T02:42:54.324793Z,KXBTC15M-26OCT042245-45,0.9890,1.84,no
2026-10-05T02:42:54.340328Z,KXBTC15M-26OCT042245-45,0.9890,70.61,no
2026-10-05T02:42:54.340328Z,KXBTC15M-26OCT042245-45,0.9890,13.16,no
2026-10-05T02:42:54.34175Z,KXBTC15M-26OCT042245-45,0.9890,20.62,no
2026-10-05T02:42:54.341986Z,KXBTC15M-26OCT042245-45,0.9900,2.95,yes
2026-10-05T02:42:54.403665Z,KXBTC15M-26OCT042245-45,0.9890,147.67,no
2026-10-05T02:42:54.403665Z,KXBTC15M-26OCT042245-45,0.9890,8.77,no
2026-10-05T02:42:54.496768Z,KXBTC15M-26OCT042245-45,0.9900,1.00,yes
2026-10-05T02:42:54.496768Z,KXBTC15M-26OCT042245-45,0.9900,25.00,yes
2026-10-05T02:42:54.496768Z,KXBTC15M-26OCT042245-45,0.9900,276.68,yes
2026-10-05T02:42:54.496768Z,KXBTC15M-26OCT042245-45,0.9900,347.44,yes
2026-10-05T02:42:54.496768Z,KXBTC15M-26OCT042245-45,0.9900,9.01,yes
2026-10-05T02:42:54.50396Z,KXBTC15M-26OCT042245-45,0.9880,0.83,no
2026-10-05T02:42:54.521304Z,KXBTC15M-26OCT042245-45,0.9880,24.17,no
2026-10-05T02:42:54.521304Z,KXBTC15M-26OCT042245-45,0.9880,30.00,no
2026-10-05T02:42:54.521304Z,KXBTC15M-26OCT042245-45,0.9880,200.00,no
2026-10-05T02:42:54.521304Z,KXBTC15M-26OCT042245-45,0.9880,286.56,no
2026-10-05T02:42:54.521304Z,KXBTC15M-26OCT042245-45,0.9880,400.00,no
2026-10-05T02:42:54.521304Z,KXBTC15M-26OCT042245-45,0.9880,1.00,no
2026-10-05T02:42:54.521304Z,KXBTC15M-26OCT042245-45,0.9880,100.00,no
2026-10-05T02:42:54.556466Z,KXBTC15M-26OCT042245-45,0.9880,168.27,no
2026-10-05T02:42:54.556466Z,KXBTC15M-26OCT042245-45,0.9880,60.88,no
2026-10-05T02:42:54.593305Z,KXBTC15M-26OCT042245-45,0.9880,2.02,no
2026-10-05T02:42:54.799609Z,KXBTC15M-26OCT042245-45,0.9900,0.01,yes
2026-10-05T02:42:54.799609Z,KXBTC15M-26OCT042245-45,0.9900,9.07,yes
2026-10-05T02:42:54.913167Z,KXBTC15M-26OCT042245-45,0.9880,152.77,no
2026-10-05T02:42:54.943169Z,KXBTC15M-26OCT042245-45,0.9880,7.91,no
2026-10-05T02:42:54.96698Z,KXBTC15M-26OCT042245-45,0.9910,224.57,yes
2026-10-05T02:42:54.96698Z,KXBTC15M-26OCT042245-45,0.9900,9.01,yes
2026-10-05T02:42:54.96698Z,KXBTC15M-26OCT042245-45,0.9900,15.00,yes
2026-10-05T02:42:54.96698Z,KXBTC15M-26OCT042245-45,0.9900,0.01,yes
2026-10-05T02:42:54.96698Z,KXBTC15M-26OCT042245-45,0.9900,40.93,yes
2026-10-05T02:42:54.96698Z,KXBTC15M-26OCT042245-45,0.9900,0.01,yes
2026-10-05T02:42:54.96698Z,KXBTC15M-26OCT042245-45,0.9900,4.99,yes
2026-10-05T02:42:54.96698Z,KXBTC15M-26OCT042245-45,0.9900,200.00,yes
2026-10-05T02:42:54.96698Z,KXBTC15M-26OCT042245-45,0.9900,25.00,yes
2026-10-05T02:42:54.973993Z,KXBTC15M-26OCT042245-45,0.9880,18.47,no
2026-10-05T02:42:54.973993Z,KXBTC15M-26OCT042245-45,0.9880,100.00,no
2026-10-05T02:42:55.204809Z,KXBTC15M-26OCT042245-45,0.9890,15.00,no
2026-10-05T02:42:55.204809Z,KXBTC15M-26OCT042245-45,0.9890,0.01,no
2026-10-05T02:42:55.204809Z,KXBTC15M-26OCT042245-45,0.9890,62.93,no
2026-10-05T02:42:55.29131Z,KXBTC15M-26OCT042245-45,0.9890,77.94,no
2026-10-05T02:42:55.337789Z,KXBTC15M-26OCT042245-45,0.9890,1.20,no
2026-10-05T02:42:55.422644Z,KXBTC15M-26OCT042245-45,0.9900,31.02,yes
2026-10-05T02:42:55.422957Z,KXBTC15M-26OCT042245-45,0.9890,11.00,no
2026-10-05T02:42:55.423267Z,KXBTC15M-26OCT042245-45,0.9900,0.01,yes
2026-10-05T02:42:55.423267Z,KXBTC15M-26OCT042245-45,0.9900,18.98,yes
2026-10-05T02:42:55.423267Z,KXBTC15M-26OCT042245-45,0.9900,0.01,yes
2026-10-05T02:42:55.423267Z,KXBTC15M-26OCT042245-45,0.9900,25.00,yes
2026-10-05T02:42:55.423267Z,KXBTC15M-26OCT042245-45,0.9900,20.00,yes
2026-10-05T02:42:55.423267Z,KXBTC15M-26OCT042245-45,0.9900,14.00,yes
2026-10-05T02:42:55.423267Z,KXBTC15M-26OCT042245-45,0.9900,15.00,yes
2026-10-05T02:42:55.423267Z,KXBTC15M-26OCT042245-45,0.9910,409.30,yes
2026-10-05T02:42:55.596196Z,KXBTC15M-26OCT042245-45,0.9890,11.45,no
2026-10-05T02:42:55.634584Z,KXBTC15M-26OCT042245-45,0.9890,46.00,no
2026-10-05T02:42:55.70581Z,KXBTC15M-26OCT042245-45,0.9890,500.00,no
2026-10-05T02:42:55.70581Z,KXBTC15M-26OCT042245-45,0.9880,25.00,no
2026-10-05T02:42:55.70581Z,KXBTC15M-26OCT042245-45,0.9890,1.00,no
2026-10-05T02:42:55.70581Z,KXBTC15M-26OCT042245-45,0.9880,330.08,no
2026-10-05T02:42:55.70581Z,KXBTC15M-26OCT042245-45,0.9880,15.00,no
2026-10-05T02:42:55.70581Z,KXBTC15M-26OCT042245-45,0.9880,200.00,no
2026-10-05T02:42:55.70581Z,KXBTC15M-26OCT042245-45,0.9890,189.48,no
2026-10-05T02:42:55.70581Z,KXBTC15M-26OCT042245-45,0.9890,25.00,no
2026-10-05T02:42:55.70581Z,KXBTC15M-26OCT042245-45,0.9890,200.00,no
2026-10-05T02:42:55.70581Z,KXBTC15M-26OCT042245-45,0.9890,25.00,no
2026-10-05T02:42:55.70581Z,KXBTC15M-26OCT042245-45,0.9890,0.01,no
2026-10-05T02:42:55.70581Z,KXBTC15M-26OCT042245-45,0.9890,100.00,no
2026-10-05T02:42:55.70581Z,KXBTC15M-26OCT042245-45,0.9890,0.01,no
2026-10-05T02:42:55.70581Z,KXBTC15M-26OCT042245-45,0.9870,5.47,no
2026-10-05T02:42:55.890773Z,KXBTC15M-26OCT042245-45,0.9890,188.00,no
2026-10-05T02:42:55.890773Z,KXBTC15M-26OCT042245-45,0.9890,15.00,no
2026-10-05T02:42:55.890773Z,KXBTC15M-26OCT042245-45,0.9890,100.00,no
2026-10-05T02:42:56.025431Z,KXBTC15M-26OCT042245-45,0.9900,1.27,yes
2026-10-05T02:42:56.204966Z,KXBTC15M-26OCT042245-45,0.9900,29.51,yes
2026-10-05T02:42:56.326247Z,KXBTC15M-26OCT042245-45,0.9900,0.26,yes
2026-10-05T02:42:56.343347Z,KXBTC15M-26OCT042245-45,0.9890,8.66,no
2026-10-05T02:42:56.367123Z,KXBTC15M-26OCT042245-45,0.9890,203.34,no
2026-10-05T02:42:56.367123Z,KXBTC15M-26OCT042245-45,0.9890,21.77,no
2026-10-05T02:42:56.367123Z,KXBTC15M-26OCT042245-45,0.9890,200.00,no
2026-10-05T02:42:56.42348Z,KXBTC15M-26OCT042245-45,0.9890,8.50,no
2026-10-05T02:42:56.510036Z,KXBTC15M-26OCT042245-45,0.9920,335.25,yes
2026-10-05T02:42:56.510036Z,KXBTC15M-26OCT042245-45,0.9920,2.00,yes
2026-10-05T02:42:56.510036Z,KXBTC15M-26OCT042245-45,0.9920,19.73,yes
2026-10-05T02:42:56.510036Z,KXBTC15M-26OCT042245-45,0.9900,18.96,yes
2026-10-05T02:42:56.510036Z,KXBTC15M-26OCT042245-45,0.9900,1.00,yes
2026-10-05T02:42:56.510036Z,KXBTC15M-26OCT042245-45,0.9900,0.01,yes
2026-10-05T02:42:56.510036Z,KXBTC15M-26OCT042245-45,0.9900,15.00,yes
2026-10-05T02:42:56.510036Z,KXBTC15M-26OCT042245-45,0.9900,286.76,yes
2026-10-05T02:42:56.510036Z,KXBTC15M-26OCT042245-45,0.9900,0.01,yes
2026-10-05T02:42:56.510036Z,KXBTC15M-26OCT042245-45,0.9900,269.00,yes
2026-10-05T02:42:56.510036Z,KXBTC15M-26OCT042245-45,0.9900,432.73,yes
2026-10-05T02:42:56.510036Z,KXBTC15M-26OCT042245-45,0.9910,1000.00,yes
2026-10-05T02:42:56.510036Z,KXBTC15M-26OCT042245-45,0.9900,500.00,yes
2026-10-05T02:42:56.510036Z,KXBTC15M-26OCT042245-45,0.9910,500.00,yes
2026-10-05T02:42:56.520772Z,KXBTC15M-26OCT042245-45,0.9890,12.75,no
2026-10-05T02:42:56.53491Z,KXBTC15M-26OCT042245-45,0.9890,166.64,no
2026-10-05T02:42:56.62911Z,KXBTC15M-26OCT042245-45,0.9890,17.00,no
2026-10-05T02:42:56.668284Z,KXBTC15M-26OCT042245-45,0.9890,42.51,no
2026-10-05T02:42:56.710611Z,KXBTC15M-26OCT042245-45,0.9890,8.50,no
2026-10-05T02:42:56.743563Z,KXBTC15M-26OCT042245-45,0.9890,222.33,no
2026-10-05T02:42:56.743563Z,KXBTC15M-26OCT042245-45,0.9890,0.01,no
2026-10-05T02:42:56.743563Z,KXBTC15M-26OCT042245-45,0.9890,0.01,no
2026-10-05T02:42:56.743563Z,KXBTC15M-26OCT042245-45,0.9890,1.00,no
2026-10-05T02:42:56.743563Z,KXBTC15M-26OCT042245-45,0.9890,507.00,no
2026-10-05T02:42:56.743563Z,KXBTC15M-26OCT042245-45,0.9890,100.00,no
2026-10-05T02:42:56.743563Z,KXBTC15M-26OCT042245-45,0.9890,2.87,no
2026-10-05T02:42:56.748833Z,KXBTC15M-26OCT042245-45,0.9890,27.98,no
2026-10-05T02:42:56.748833Z,KXBTC15M-26OCT042245-45,0.9890,397.13,no
2026-10-05T02:42:56.762639Z,KXBTC15M-26OCT042245-45,0.9890,4.25,no
2026-10-05T02:42:56.830343Z,KXBTC15M-26OCT042245-45,0.9890,0.01,no
2026-10-05T02:42:56.830343Z,KXBTC15M-26OCT042245-45,0.9890,100.00,no
2026-10-05T02:42:56.830343Z,KXBTC15M-26OCT042245-45,0.9890,200.00,no
2026-10-05T02:42:56.830343Z,KXBTC15M-26OCT042245-45,0.9890,0.01,no
2026-10-05T02:42:56.830343Z,KXBTC15M-26OCT042245-45,0.9890,63.21,no
2026-10-05T02:42:56.830343Z,KXBTC15M-26OCT042245-45,0.9890,467.77,no
2026-10-05T02:42:56.87051Z,KXBTC15M-26OCT042245-45,0.9890,170.00,no
2026-10-05T02:42:56.929578Z,KXBTC15M-26OCT042245-45,0.9890,27.21,no
2026-10-05T02:42:56.929578Z,KXBTC15M-26OCT042245-45,0.9890,20.79,no
2026-10-05T02:42:56.942348Z,KXBTC15M-26OCT042245-45,0.9900,6.03,yes
2026-10-05T02:42:56.942348Z,KXBTC15M-26OCT042245-45,0.9900,0.01,yes
2026-10-05T02:42:56.942348Z,KXBTC15M-26OCT042245-45,0.9900,0.01,yes
2026-10-05T02:42:56.979621Z,KXBTC15M-26OCT042245-45,0.9890,22.14,no
2026-10-05T02:42:57.056994Z,KXBTC15M-26OCT042245-45,0.9890,85.02,no
2026-10-05T02:42:57.077419Z,KXBTC15M-26OCT042245-45,0.9890,85.02,no
2026-10-05T02:42:57.158357Z,KXBTC15M-26OCT042245-45,0.9900,0.01,yes
2026-10-05T02:42:57.158357Z,KXBTC15M-26OCT042245-45,0.9900,43.97,yes
2026-10-05T02:42:57.158357Z,KXBTC15M-26OCT042245-45,0.9900,0.01,yes
2026-10-05T02:42:57.17231Z,KXBTC15M-26OCT042245-45,0.9920,0.30,yes
2026-10-05T02:42:57.26066Z,KXBTC15M-26OCT042245-45,0.9900,50.00,no
2026-10-05T02:42:57.26066Z,KXBTC15M-26OCT042245-45,0.9900,105.05,no
2026-10-05T02:42:57.26066Z,KXBTC15M-26OCT042245-45,0.9910,15.00,no
2026-10-05T02:42:57.272065Z,KXBTC15M-26OCT042245-45,0.9900,3.04,no
2026-10-05T02:42:57.357161Z,KXBTC15M-26OCT042245-45,0.9900,85.02,no
2026-10-05T02:42:57.434109Z,KXBTC15M-26OCT042245-45,0.9900,0.01,no
2026-10-05T02:42:57.434109Z,KXBTC15M-26OCT042245-45,0.9900,0.01,no
2026-10-05T02:42:57.434109Z,KXBTC15M-26OCT042245-45,0.9900,6.89,no
2026-10-05T02:42:57.434109Z,KXBTC15M-26OCT042245-45,0.9900,78.11,no
2026-10-05T02:42:57.487871Z,KXBTC15M-26OCT042245-45,0.9900,36.13,no
2026-10-05T02:42:57.487871Z,KXBTC15M-26OCT042245-45,0.9900,48.89,no
2026-10-05T02:42:57.52439Z,KXBTC15M-26OCT042245-45,0.9900,21.15,no
2026-10-05T02:42:57.52439Z,KXBTC15M-26OCT042245-45,0.9900,63.87,no
2026-10-05T02:42:57.533286Z,KXBTC15M-26OCT042245-45,0.9900,85.02,no
2026-10-05T02:42:57.586086Z,KXBTC15M-26OCT042245-45,0.9900,63.00,no
2026-10-05T02:42:57.586086Z,KXBTC15M-26OCT042245-45,0.9900,200.00,no
2026-10-05T02:42:57.586086Z,KXBTC15M-26OCT042245-45,0.9900,0.01,no
2026-10-05T02:42:57.586086Z,KXBTC15M-26OCT042245-45,0.9900,100.00,no
2026-10-05T02:42:57.586086Z,KXBTC15M-26OCT042245-45,0.9900,50.00,no
2026-10-05T02:42:57.586086Z,KXBTC15M-26OCT042245-45,0.9900,0.01,no
2026-10-05T02:42:57.586086Z,KXBTC15M-26OCT042245-45,0.9900,293.83,no
2026-10-05T02:42:57.586086Z,KXBTC15M-26OCT042245-45,0.9900,500.00,no
2026-10-05T02:42:57.586086Z,KXBTC15M-26OCT042245-45,0.9890,153.65,no
2026-10-05T02:42:57.629955Z,KXBTC15M-26OCT042245-45,0.9900,157.60,no
2026-10-05T02:42:57.629955Z,KXBTC15M-26OCT042245-45,0.9900,50.00,no
2026-10-05T02:42:57.629955Z,KXBTC15M-26OCT042245-45,0.9910,255.40,no
2026-10-05T02:42:57.654073Z,KXBTC15M-26OCT042245-45,0.9920,13.00,yes
2026-10-05T02:42:57.654073Z,KXBTC15M-26OCT042245-45,0.9920,0.01,yes
2026-10-05T02:42:57.654073Z,KXBTC15M-26OCT042245-45,0.9920,0.01,yes
2026-10-05T02:42:57.654073Z,KXBTC15M-26OCT042245-45,0.9920,11.00,yes
2026-10-05T02:42:57.71453Z,KXBTC15M-26OCT042245-45,0.9900,2.03,no
2026-10-05T02:42:57.769597Z,KXBTC15M-26OCT042245-45,0.9900,0.01,no
2026-10-05T02:42:57.769597Z,KXBTC15M-26OCT042245-45,0.9900,200.00,no
2026-10-05T02:42:57.769597Z,KXBTC15M-26OCT042245-45,0.9900,0.01,no
2026-10-05T02:42:57.769597Z,KXBTC15M-26OCT042245-45,0.9900,182.27,no
2026-10-05T02:42:57.769597Z,KXBTC15M-26OCT042245-45,0.9900,100.00,no
2026-10-05T02:42:57.769597Z,KXBTC15M-26OCT042245-45,0.9900,400.00,no
2026-10-05T02:42:57.769597Z,KXBTC15M-26OCT042245-45,0.9900,47.97,no
2026-10-05T02:42:57.811208Z,KXBTC15M-26OCT042245-45,0.9890,150.48,no
2026-10-05T02:42:57.811208Z,KXBTC15M-26OCT042245-45,0.9900,50.00,no
2026-10-05T02:42:57.811208Z,KXBTC15M-26OCT042245-45,0.9900,200.00,no
2026-10-05T02:42:57.811208Z,KXBTC15M-26OCT042245-45,0.9900,100.00,no
2026-10-05T02:42:57.811208Z,KXBTC15M-26OCT042245-45,0.9890,16.00,no
2026-10-05T02:42:57.811208Z,KXBTC15M-26OCT042245-45,0.9900,400.00,no
2026-10-05T02:42:57.828431Z,KXBTC15M-26OCT042245-45,0.9920,0.22,yes
2026-10-05T02:42:57.83417Z,KXBTC15M-26OCT042245-45,0.9900,24.00,no
2026-10-05T02:42:57.83417Z,KXBTC15M-26OCT042245-45,0.9900,70.00,no
2026-10-05T02:42:58.031289Z,KXBTC15M-26OCT042245-45,0.9920,0.01,yes
2026-10-05T02:42:58.031289Z,KXBTC15M-26OCT042245-45,0.9920,1.78,yes
2026-10-05T02:42:58.031289Z,KXBTC15M-26OCT042245-45,0.9920,11.00,yes
2026-10-05T02:42:58.031289Z,KXBTC15M-26OCT042245-45,0.9920,0.01,yes
2026-10-05T02:42:58.050564Z,KXBTC15M-26OCT042245-45,0.9910,453.22,yes
2026-10-05T02:42:58.05128Z,KXBTC15M-26OCT042245-45,0.9910,0.01,yes
2026-10-05T02:42:58.056036Z,KXBTC15M-26OCT042245-45,0.9910,0.01,yes
2026-10-05T02:42:58.077202Z,KXBTC15M-26OCT042245-45,0.9920,0.01,yes
2026-10-05T02:42:58.077202Z,KXBTC15M-26OCT042245-45,0.9920,0.01,yes
2026-10-05T02:42:58.090702Z,KXBTC15M-26OCT042245-45,0.9910,40.53,no
2026-10-05T02:42:58.090702Z,KXBTC15M-26OCT042245-45,0.9910,15.00,no
2026-10-05T02:42:58.090702Z,KXBTC15M-26OCT042245-45,0.9910,0.01,no
2026-10-05T02:42:58.090702Z,KXBTC15M-26OCT042245-45,0.9910,0.01,no
2026-10-05T02:42:58.093482Z,KXBTC15M-26OCT042245-45,0.9910,46.75,no
2026-10-05T02:42:58.101293Z,KXBTC15M-26OCT042245-45,0.9920,0.01,yes
2026-10-05T02:42:58.101293Z,KXBTC15M-26OCT042245-45,0.9920,0.01,yes
2026-10-05T02:42:58.101406Z,KXBTC15M-26OCT042245-45,0.9930,2.05,yes
2026-10-05T02:42:58.121954Z,KXBTC15M-26OCT042245-45,0.9920,15.00,yes
2026-10-05T02:42:58.121954Z,KXBTC15M-26OCT042245-45,0.9920,0.01,yes
2026-10-05T02:42:58.121954Z,KXBTC15M-26OCT042245-45,0.9940,16.00,yes
2026-10-05T02:42:58.121954Z,KXBTC15M-26OCT042245-45,0.9930,12.95,yes
2026-10-05T02:42:58.121954Z,KXBTC15M-26OCT042245-45,0.9950,235.03,yes
2026-10-05T02:42:58.140756Z,KXBTC15M-26OCT042245-45,0.9920,5.00,no
2026-10-05T02:42:58.149371Z,KXBTC15M-26OCT042245-45,0.9920,35.98,no
2026-10-05T02:42:58.149371Z,KXBTC15M-26OCT042245-45,0.9920,0.01,no
2026-10-05T02:42:58.149371Z,KXBTC15M-26OCT042245-45,0.9920,0.01,no
2026-10-05T02:42:58.149371Z,KXBTC15M-26OCT042245-45,0.9920,10.00,no
2026-10-05T02:42:58.221029Z,KXBTC15M-26OCT042245-45,0.9920,93.51,no
2026-10-05T02:42:58.226018Z,KXBTC15M-26OCT042245-45,0.9920,7.26,no
2026-10-05T02:42:58.252713Z,KXBTC15M-26OCT042245-45,0.9920,7.04,no
2026-10-05T02:42:58.295083Z,KXBTC15M-26OCT042245-45,0.9920,36.33,no
2026-10-05T02:42:58.373118Z,KXBTC15M-26OCT042245-45,0.9930,0.01,yes
2026-10-05T02:42:58.373118Z,KXBTC15M-26OCT042245-45,0.9930,0.01,yes
2026-10-05T02:42:58.373118Z,KXBTC15M-26OCT042245-45,0.9940,586.96,yes
2026-10-05T02:42:58.373118Z,KXBTC15M-26OCT042245-45,0.9940,16.00,yes
2026-10-05T02:42:58.419778Z,KXBTC15M-26OCT042245-45,0.9920,15.00,no
2026-10-05T02:42:58.419778Z,KXBTC15M-26OCT042245-45,0.9920,15.00,no
2026-10-05T02:42:58.419778Z,KXBTC15M-26OCT042245-45,0.9920,400.00,no
2026-10-05T02:42:58.419778Z,KXBTC15M-26OCT042245-45,0.9920,100.00,no
2026-10-05T02:42:58.419778Z,KXBTC15M-26OCT042245-45,0.9920,0.01,no
2026-10-05T02:42:58.419778Z,KXBTC15M-26OCT042245-45,0.9920,0.01,no
2026-10-05T02:42:58.429956Z,KXBTC15M-26OCT042245-45,0.9910,400.00,no
2026-10-05T02:42:58.429956Z,KXBTC15M-26OCT042245-45,0.9910,0.01,no
2026-10-05T02:42:58.429956Z,KXBTC15M-26OCT042245-45,0.9910,0.01,no
2026-10-05T02:42:58.436171Z,KXBTC15M-26OCT042245-45,0.9900,50.00,no
2026-10-05T02:42:58.436171Z,KXBTC15M-26OCT042245-45,0.9900,0.01,no
2026-10-05T02:42:58.436171Z,KXBTC15M-26OCT042245-45,0.9900,139.00,no
2026-10-05T02:42:58.447136Z,KXBTC15M-26OCT042245-45,0.9880,0.02,no
2026-10-05T02:42:58.44978Z,KXBTC15M-26OCT042245-45,0.9880,0.02,no
2026-10-05T02:42:58.450077Z,KXBTC15M-26OCT042245-45,0.9880,9.96,no
2026-10-05T02:42:58.450077Z,KXBTC15M-26OCT042245-45,0.9880,0.01,no
2026-10-05T02:42:58.450077Z,KXBTC15M-26OCT042245-45,0.9880,100.00,no
2026-10-05T02:42:58.450077Z,KXBTC15M-26OCT042245-45,0.9880,0.01,no
2026-10-05T02:42:58.556238Z,KXBTC15M-26OCT042245-45,0.9870,0.01,yes
2026-10-05T02:42:58.556238Z,KXBTC15M-26OCT042245-45,0.9870,0.01,yes
2026-10-05T02:42:58.578277Z,KXBTC15M-26OCT042245-45,0.9870,0.01,yes
2026-10-05T02:42:58.578277Z,KXBTC15M-26OCT042245-45,0.9870,0.01,yes
2026-10-05T02:42:58.587319Z,KXBTC15M-26OCT042245-45,0.9880,0.01,yes
2026-10-05T02:42:58.587319Z,KXBTC15M-26OCT042245-45,0.9880,0.01,yes
2026-10-05T02:42:58.656691Z,KXBTC15M-26OCT042245-45,0.9890,0.01,no
2026-10-05T02:42:58.656691Z,KXBTC15M-26OCT042245-45,0.9890,15.00,no
2026-10-05T02:42:58.656691Z,KXBTC15M-26OCT042245-45,0.9890,0.01,no
2026-10-05T02:42:58.656691Z,KXBTC15M-26OCT042245-45,0.9890,20.24,no
2026-10-05T02:42:58.656691Z,KXBTC15M-26OCT042245-45,0.9890,1.07,no
2026-10-05T02:42:58.7507Z,KXBTC15M-26OCT042245-45,0.9900,16.58,yes
2026-10-05T02:42:58.753068Z,KXBTC15M-26OCT042245-45,0.9890,7.79,no
2026-10-05T02:42:58.815178Z,KXBTC15M-26OCT042245-45,0.9900,0.01,yes
2026-10-05T02:42:58.815178Z,KXBTC15M-26OCT042245-45,0.9900,33.42,yes
2026-10-05T02:42:58.815178Z,KXBTC15M-26OCT042245-45,0.9900,0.01,yes
2026-10-05T02:42:58.857815Z,KXBTC15M-26OCT042245-45,0.9890,59.79,no
2026-10-05T02:42:58.857815Z,KXBTC15M-26OCT042245-45,0.9890,392.21,no
2026-10-05T02:42:58.998314Z,KXBTC15M-26OCT042245-45,0.9890,9.00,no
2026-10-05T02:42:59.001233Z,KXBTC15M-26OCT042245-45,0.9890,255.07,no
2026-10-05T02:42:59.036588Z,KXBTC15M-26OCT042245-45,0.9860,3141.00,no
2026-10-05T02:42:59.036588Z,KXBTC15M-26OCT042245-45,0.9860,42.00,no
2026-10-05T02:42:59.036588Z,KXBTC15M-26OCT042245-45,0.9850,1036.80,no
2026-10-05T02:42:59.036588Z,KXBTC15M-26OCT042245-45,0.9860,100.00,no
2026-10-05T02:42:59.036588Z,KXBTC15M-26OCT042245-45,0.9890,560.93,no
2026-10-05T02:42:59.036588Z,KXBTC15M-26OCT042245-45,0.9890,0.01,no
2026-10-05T02:42:59.036588Z,KXBTC15M-26OCT042245-45,0.9890,400.00,no
2026-10-05T02:42:59.036588Z,KXBTC15M-26OCT042245-45,0.9860,133.00,no
2026-10-05T02:42:59.036588Z,KXBTC15M-26OCT042245-45,0.9890,100.00,no
2026-10-05T02:42:59.036588Z,KXBTC15M-26OCT042245-45,0.9870,200.00,no
2026-10-05T02:42:59.036588Z,KXBTC15M-26OCT042245-45,0.9880,200.00,no
2026-10-05T02:42:59.036588Z,KXBTC15M-26OCT042245-45,0.9890,0.01,no
2026-10-05T02:42:59.036588Z,KXBTC15M-26OCT042245-45,0.9870,150.00,no
2026-10-05T02:42:59.036588Z,KXBTC15M-26OCT042245-45,0.9890,500.00,no
2026-10-05T02:42:59.036588Z,KXBTC15M-26OCT042245-45,0.9870,14.00,no
2026-10-05T02:42:59.036588Z,KXBTC15M-26OCT042245-45,0.9860,10.00,no
2026-10-05T02:42:59.086352Z,KXBTC15M-26OCT042245-45,0.9860,2.02,yes
2026-10-05T02:42:59.123022Z,KXBTC15M-26OCT042245-45,0.9860,1.00,yes
2026-10-05T02:42:59.240096Z,KXBTC15M-26OCT042245-45,0.9860,2382.60,yes
2026-10-05T02:42:59.381488Z,KXBTC15M-26OCT042245-45,0.9900,0.98,yes
2026-10-05T02:42:59.381488Z,KXBTC15M-26OCT042245-45,0.9860,0.01,yes
2026-10-05T02:42:59.381488Z,KXBTC15M-26OCT042245-45,0.9860,0.01,yes
2026-10-05T02:42:59.422555Z,KXBTC15M-26OCT042245-45,0.9870,0.01,no
2026-10-05T02:42:59.422555Z,KXBTC15M-26OCT042245-45,0.9870,100.00,no
2026-10-05T02:42:59.422555Z,KXBTC15M-26OCT042245-45,0.9870,1.06,no
2026-10-05T02:42:59.422555Z,KXBTC15M-26OCT042245-45,0.9870,0.01,no
2026-10-05T02:42:59.422555Z,KXBTC15M-26OCT042245-45,0.9870,1.09,no
2026-10-05T02:42:59.422555Z,KXBTC15M-26OCT042245-45,0.9870,38.37,no
2026-10-05T02:42:59.422555Z,KXBTC15M-26OCT042245-45,0.9870,200.00,no
2026-10-05T02:42:59.422555Z,KXBTC15M-26OCT042245-45,0.9870,14.00,no
2026-10-05T02:42:59.425589Z,KXBTC15M-26OCT042245-45,0.9870,0.02,no
2026-10-05T02:42:59.426235Z,KXBTC15M-26OCT042245-45,0.9870,0.02,no
2026-10-05T02:42:59.511737Z,KXBTC15M-26OCT042245-45,0.9880,500.00,yes
2026-10-05T02:42:59.511737Z,KXBTC15M-26OCT042245-45,0.9880,1.00,yes
2026-10-05T02:42:59.511737Z,KXBTC15M-26OCT042245-45,0.9880,0.01,yes
2026-10-05T02:42:59.511737Z,KXBTC15M-26OCT042245-45,0.9880,0.01,yes
2026-10-05T02:42:59.511737Z,KXBTC15M-26OCT042245-45,0.9880,52.48,yes
2026-10-05T02:42:59.511737Z,KXBTC15M-26OCT042245-45,0.9880,446.50,yes
2026-10-05T02:42:59.571577Z,KXBTC15M-26OCT042245-45,0.9890,68.00,yes
2026-10-05T02:42:59.571577Z,KXBTC15M-26OCT042245-45,0.9900,49.02,yes
2026-10-05T02:42:59.571577Z,KXBTC15M-26OCT042245-45,0.9880,0.01,yes
2026-10-05T02:42:59.571577Z,KXBTC15M-26OCT042245-45,0.9880,0.01,yes
2026-10-05T02:42:59.571577Z,KXBTC15M-26OCT042245-45,0.9900,2.84,yes
2026-10-05T02:42:59.649981Z,KXBTC15M-26OCT042245-45,0.9900,50.00,yes
2026-10-05T02:42:59.649981Z,KXBTC15M-26OCT042245-45,0.9900,1.00,yes
2026-10-05T02:42:59.649981Z,KXBTC15M-26OCT042245-45,0.9900,200.00,yes
2026-10-05T02:42:59.649981Z,KXBTC15M-26OCT042245-45,0.9900,1044.16,yes
2026-10-05T02:42:59.649981Z,KXBTC15M-26OCT042245-45,0.9900,14.00,yes
2026-10-05T02:42:59.649981Z,KXBTC15M-26OCT042245-45,0.9900,0.01,yes
2026-10-05T02:42:59.649981Z,KXBTC15M-26OCT042245-45,0.9900,0.01,yes
2026-10-05T02:42:59.690209Z,KXBTC15M-26OCT042245-45,0.9910,0.01,yes
2026-10-05T02:42:59.690209Z,KXBTC15M-26OCT042245-45,0.9910,0.01,yes
2026-10-05T02:42:59.738153Z,KXBTC15M-26OCT042245-45,0.9910,0.01,yes
2026-10-05T02:42:59.738153Z,KXBTC15M-26OCT042245-45,0.9910,0.01,yes
2026-10-05T02:42:59.738153Z,KXBTC15M-26OCT042245-45,0.9910,63.00,yes
2026-10-05T02:42:59.778926Z,KXBTC15M-26OCT042245-45,0.9920,127.78,yes
2026-10-05T02:42:59.852172Z,KXBTC15M-26OCT042245-45,0.9900,12.33,no
2026-10-05T02:42:59.852172Z,KXBTC15M-26OCT042245-45,0.9900,50.00,no
2026-10-05T02:42:59.852172Z,KXBTC15M-26OCT042245-45,0.9910,0.01,no
2026-10-05T02:42:59.852172Z,KXBTC15M-26OCT042245-45,0.9900,0.01,no
2026-10-05T02:42:59.852172Z,KXBTC15M-26OCT042245-45,0.9910,0.01,no
2026-10-05T02:42:59.986396Z,KXBTC15M-26OCT042245-45,0.9910,0.01,no
2026-10-05T02:42:59.986396Z,KXBTC15M-26OCT042245-45,0.9900,15.28,no
2026-10-05T02:42:59.986396Z,KXBTC15M-26OCT042245-45,0.9910,0.01,no
2026-10-05T02:43:00.023122Z,KXBTC15M-26OCT042245-45,0.9900,99.98,no
2026-10-05T02:43:00.023122Z,KXBTC15M-26OCT042245-45,0.9910,0.01,no
2026-10-05T02:43:00.023122Z,KXBTC15M-26OCT042245-45,0.9910,0.01,no
2026-10-05T02:43:00.040933Z,KXBTC15M-26OCT042245-45,0.9900,71.95,no
2026-10-05T02:43:00.054884Z,KXBTC15M-26OCT042245-45,0.9920,0.01,yes
2026-10-05T02:43:00.054884Z,KXBTC15M-26OCT042245-45,0.9920,0.01,yes
2026-10-05T02:43:00.054884Z,KXBTC15M-26OCT042245-45,0.9920,23.83,yes
2026-10-05T02:43:00.054884Z,KXBTC15M-26OCT042245-45,0.9920,11.00,yes
2026-10-05T02:43:00.077516Z,KXBTC15M-26OCT042245-45,0.9900,33.00,no
2026-10-05T02:43:00.133987Z,KXBTC15M-26OCT042245-45,0.9900,0.02,no
2026-10-05T02:43:00.136298Z,KXBTC15M-26OCT042245-45,0.9900,0.01,no
2026-10-05T02:43:00.136298Z,KXBTC15M-26OCT042245-45,0.9900,49.98,no
2026-10-05T02:43:00.136298Z,KXBTC15M-26OCT042245-45,0.9900,0.01,no
2026-10-05T02:43:00.153583Z,KXBTC15M-26OCT042245-45,0.9900,0.01,no
2026-10-05T02:43:00.173869Z,KXBTC15M-26OCT042245-45,0.9900,0.01,no
2026-10-05T02:43:00.173869Z,KXBTC15M-26OCT042245-45,0.9890,0.94,no
2026-10-05T02:43:00.180846Z,KXBTC15M-26OCT042245-45,0.9880,62.35,no
2026-10-05T02:43:00.180846Z,KXBTC15M-26OCT042245-45,0.9900,0.01,no
2026-10-05T02:43:00.194701Z,KXBTC15M-26OCT042245-45,0.9900,41.00,yes
2026-10-05T02:43:00.248167Z,KXBTC15M-26OCT042245-45,0.9900,1.00,yes
2026-10-05T02:43:00.25917Z,KXBTC15M-26OCT042245-45,0.9900,7.14,yes
2026-10-05T02:43:00.25917Z,KXBTC15M-26OCT042245-45,0.9900,8.00,yes
2026-10-05T02:43:00.333675Z,KXBTC15M-26OCT042245-45,0.9880,2.40,no
2026-10-05T02:43:00.333675Z,KXBTC15M-26OCT042245-45,0.9890,15.00,no
2026-10-05T02:43:00.333675Z,KXBTC15M-26OCT042245-45,0.9890,0.01,no
2026-10-05T02:43:00.333675Z,KXBTC15M-26OCT042245-45,0.9890,0.01,no
2026-10-05T02:43:00.410042Z,KXBTC15M-26OCT042245-45,0.9900,3.52,yes
2026-10-05T02:43:00.434651Z,KXBTC15M-26OCT042245-45,0.9890,226.04,no
2026-10-05T02:43:00.434651Z,KXBTC15M-26OCT042245-45,0.9890,0.01,no
2026-10-05T02:43:00.434651Z,KXBTC15M-26OCT042245-45,0.9890,0.01,no
2026-10-05T02:43:00.574138Z,KXBTC15M-26OCT042245-45,0.9890,22.01,no
2026-10-05T02:43:00.661823Z,KXBTC15M-26OCT042245-45,0.9890,79.25,no
2026-10-05T02:43:00.666287Z,KXBTC15M-26OCT042245-45,0.9900,0.01,yes
2026-10-05T02:43:00.666287Z,KXBTC15M-26OCT042245-45,0.9900,1.98,yes
2026-10-05T02:43:00.666287Z,KXBTC15M-26OCT042245-45,0.9900,0.01,yes
2026-10-05T02:43:00.680834Z,KXBTC15M-26OCT042245-45,0.9890,37.00,no
2026-10-05T02:43:00.773571Z,KXBTC15M-26OCT042245-45,0.9890,38.00,no
2026-10-05T02:43:00.831501Z,KXBTC15M-26OCT042245-45,0.9900,120.86,yes
2026-10-05T02:43:00.862803Z,KXBTC15M-26OCT042245-45,0.9900,306.00,yes
2026-10-05T02:43:00.868566Z,KXBTC15M-26OCT042245-45,0.9890,85.02,no
2026-10-05T02:43:00.922431Z,KXBTC15M-26OCT042245-45,0.9890,0.01,no
2026-10-05T02:43:00.922431Z,KXBTC15M-26OCT042245-45,0.9890,3.81,no
2026-10-05T02:43:00.922431Z,KXBTC15M-26OCT042245-45,0.9890,15.00,no
2026-10-05T02:43:00.922431Z,KXBTC15M-26OCT042245-45,0.9890,0.01,no
2026-10-05T02:43:00.922431Z,KXBTC15M-26OCT042245-45,0.9890,66.19,no
2026-10-05T02:43:00.971152Z,KXBTC15M-26OCT042245-45,0.9890,31.84,no
2026-10-05T02:43:00.971152Z,KXBTC15M-26OCT042245-45,0.9890,15.00,no
2026-10-05T02:43:01.077648Z,KXBTC15M-26OCT042245-45,0.9900,5.00,yes
2026-10-05T02:43:01.160357Z,KXBTC15M-26OCT042245-45,0.9890,5.00,no
2026-10-05T02:43:01.160357Z,KXBTC15M-26OCT042245-45,0.9890,15.00,no
2026-10-05T02:43:01.160357Z,KXBTC15M-26OCT042245-45,0.9880,24.06,no
2026-10-05T02:43:01.164927Z,KXBTC15M-26OCT042245-45,0.9900,133.11,yes
2026-10-05T02:43:01.164927Z,KXBTC15M-26OCT042245-45,0.9900,33.16,yes
2026-10-05T02:43:01.164927Z,KXBTC15M-26OCT042245-45,0.9900,50.00,yes
2026-10-05T02:43:01.164927Z,KXBTC15M-26OCT042245-45,0.9900,0.01,yes
2026-10-05T02:43:01.164927Z,KXBTC15M-26OCT042245-45,0.9900,0.01,yes
2026-10-05T02:43:01.212197Z,KXBTC15M-26OCT042245-45,0.9940,10.00,yes
2026-10-05T02:43:01.212197Z,KXBTC15M-26OCT042245-45,0.9900,0.01,yes
2026-10-05T02:43:01.212197Z,KXBTC15M-26OCT042245-45,0.9900,200.00,yes
2026-10-05T02:43:01.212197Z,KXBTC15M-26OCT042245-45,0.9900,50.00,yes
2026-10-05T02:43:01.212197Z,KXBTC15M-26OCT042245-45,0.9900,0.01,yes
2026-10-05T02:43:01.212197Z,KXBTC15M-26OCT042245-45,0.9930,15.00,yes
2026-10-05T02:43:01.212197Z,KXBTC15M-26OCT042245-45,0.9930,15.00,yes
2026-10-05T02:43:01.212197Z,KXBTC15M-26OCT042245-45,0.9930,2.00,yes
2026-10-05T02:43:01.212197Z,KXBTC15M-26OCT042245-45,0.9940,2.00,yes
2026-10-05T02:43:01.212197Z,KXBTC15M-26OCT042245-45,0.9930,76.00,yes
2026-10-05T02:43:01.212197Z,KXBTC15M-26OCT042245-45,0.9940,16.00,yes
2026-10-05T02:43:01.212197Z,KXBTC15M-26OCT042245-45,0.9910,200.00,yes
2026-10-05T02:43:01.243538Z,KXBTC15M-26OCT042245-45,0.9880,0.61,no
2026-10-05T02:43:01.400074Z,KXBTC15M-26OCT042245-45,0.9880,69.36,no
2026-10-05T02:43:01.400074Z,KXBTC15M-26OCT042245-45,0.9880,8.58,no
2026-10-05T02:43:01.434978Z,KXBTC15M-26OCT042245-45,0.9890,0.01,yes
2026-10-05T02:43:01.434978Z,KXBTC15M-26OCT042245-45,0.9900,15.98,yes
2026-10-05T02:43:01.434978Z,KXBTC15M-26OCT042245-45,0.9890,0.01,yes
2026-10-05T02:43:01.456756Z,KXBTC15M-26OCT042245-45,0.9880,20.56,no
2026-10-05T02:43:01.492195Z,KXBTC15M-26OCT042245-45,0.9950,256.63,yes
2026-10-05T02:43:01.492195Z,KXBTC15M-26OCT042245-45,0.9940,17.00,yes
2026-10-05T02:43:01.492195Z,KXBTC15M-26OCT042245-45,0.9890,0.01,yes
2026-10-05T02:43:01.492195Z,KXBTC15M-26OCT042245-45,0.9940,78.00,yes
2026-10-05T02:43:01.492195Z,KXBTC15M-26OCT042245-45,0.9890,0.01,yes
2026-10-05T02:43:01.492195Z,KXBTC15M-26OCT042245-45,0.9940,10.00,yes
2026-10-05T02:43:01.492195Z,KXBTC15M-26OCT042245-45,0.9900,34.02,yes
2026-10-05T02:43:01.518849Z,KXBTC15M-26OCT042245-45,0.9890,15.00,no
2026-10-05T02:43:01.518849Z,KXBTC15M-26OCT042245-45,0.9880,62.65,no
2026-10-05T02:43:01.537948Z,KXBTC15M-26OCT042245-45,0.9890,15.00,no
2026-10-05T02:43:01.537948Z,KXBTC15M-26OCT042245-45,0.9890,64.24,no
2026-10-05T02:43:01.542952Z,KXBTC15M-26OCT042245-45,0.9900,50.00,yes
2026-10-05T02:43:01.542952Z,KXBTC15M-26OCT042245-45,0.9900,0.01,yes
2026-10-05T02:43:01.542952Z,KXBTC15M-26OCT042245-45,0.9900,0.01,yes
2026-10-05T02:43:01.563045Z,KXBTC15M-26OCT042245-45,0.9890,6.46,no
2026-10-05T02:43:01.585553Z,KXBTC15M-26OCT042245-45,0.9890,77.00,no
2026-10-05T02:43:01.631651Z,KXBTC15M-26OCT042245-45,0.9900,15.00,yes
2026-10-05T02:43:01.631651Z,KXBTC15M-26OCT042245-45,0.9900,15.00,yes
2026-10-05T02:43:01.631651Z,KXBTC15M-26OCT042245-45,0.9900,5.07,yes
2026-10-05T02:43:01.631651Z,KXBTC15M-26OCT042245-45,0.9900,0.01,yes
2026-10-05T02:43:01.631651Z,KXBTC15M-26OCT042245-45,0.9900,0.01,yes
2026-10-05T02:43:01.638699Z,KXBTC15M-26OCT042245-45,0.9890,10.13,no
2026-10-05T02:43:01.645393Z,KXBTC15M-26OCT042245-45,0.9890,2.25,no
2026-10-05T02:43:01.764154Z,KXBTC15M-26OCT042245-45,0.9890,15.00,no
2026-10-05T02:43:01.764154Z,KXBTC15M-26OCT042245-45,0.9890,87.62,no
2026-10-05T02:43:01.764154Z,KXBTC15M-26OCT042245-45,0.9890,131.21,no
2026-10-05T02:43:01.767431Z,KXBTC15M-26OCT042245-45,0.9900,0.01,yes
2026-10-05T02:43:01.767431Z,KXBTC15M-26OCT042245-45,0.9900,44.93,yes
2026-10-05T02:43:01.767431Z,KXBTC15M-26OCT042245-45,0.9900,0.01,yes
2026-10-05T02:43:01.815731Z,KXBTC15M-26OCT042245-45,0.9900,50.00,no
2026-10-05T02:43:01.815731Z,KXBTC15M-26OCT042245-45,0.9900,0.01,no
2026-10-05T02:43:01.815731Z,KXBTC15M-26OCT042245-45,0.9900,0.01,no
2026-10-05T02:43:01.815731Z,KXBTC15M-26OCT042245-45,0.9900,27.92,no
2026-10-05T02:43:01.867137Z,KXBTC15M-26OCT042245-45,0.9890,0.01,no
2026-10-05T02:43:01.867137Z,KXBTC15M-26OCT042245-45,0.9900,0.01,no
2026-10-05T02:43:01.867137Z,KXBTC15M-26OCT042245-45,0.9890,0.01,no
2026-10-05T02:43:01.867137Z,KXBTC15M-26OCT042245-45,0.9900,50.00,no
2026-10-05T02:43:01.867137Z,KXBTC15M-26OCT042245-45,0.9900,0.01,no
2026-10-05T02:43:01.867137Z,KXBTC15M-26OCT042245-45,0.9890,29.20,no
2026-10-05T02:43:01.966197Z,KXBTC15M-26OCT042245-45,0.9900,0.01,no
2026-10-05T02:43:01.966197Z,KXBTC15M-26OCT042245-45,0.9890,27.92,no
2026-10-05T02:43:01.966197Z,KXBTC15M-26OCT042245-45,0.9900,0.01,no
2026-10-05T02:43:01.966197Z,KXBTC15M-26OCT042245-45,0.9900,50.00,no
2026-10-05T02:43:02.009583Z,KXBTC15M-26OCT042245-45,0.9900,0.01,no
2026-10-05T02:43:02.009583Z,KXBTC15M-26OCT042245-45,0.9900,35.00,no
2026-10-05T02:43:02.009583Z,KXBTC15M-26OCT042245-45,0.9900,0.01,no
2026-10-05T02:43:02.009583Z,KXBTC15M-26OCT042245-45,0.9900,50.00,no
2026-10-05T02:43:02.222478Z,KXBTC15M-26OCT042245-45,0.9910,221.78,yes
2026-10-05T02:43:02.234172Z,KXBTC15M-26OCT042245-45,0.9900,43.49,no
2026-10-05T02:43:02.234172Z,KXBTC15M-26OCT042245-45,0.9900,0.01,no
2026-10-05T02:43:02.234172Z,KXBTC15M-26OCT042245-45,0.9900,0.01,no
2026-10-05T02:43:02.234172Z,KXBTC15M-26OCT042245-45,0.9900,50.00,no
2026-10-05T02:43:02.246536Z,KXBTC15M-26OCT042245-45,0.9900,15.00,no
2026-10-05T02:43:02.246536Z,KXBTC15M-26OCT042245-45,0.9900,0.01,no
2026-10-05T02:43:02.246536Z,KXBTC15M-26OCT042245-45,0.9900,0.01,no
2026-10-05T02:43:02.246536Z,KXBTC15M-26OCT042245-45,0.9900,28.98,no
2026-10-05T02:43:02.31101Z,KXBTC15M-26OCT042245-45,0.9900,10.00,no
2026-10-05T02:43:02.423316Z,KXBTC15M-26OCT042245-45,0.9900,15.00,no
2026-10-05T02:43:02.423316Z,KXBTC15M-26OCT042245-45,0.9900,359.07,no
2026-10-05T02:43:02.508557Z,KXBTC15M-26OCT042245-45,0.9910,0.01,yes
2026-10-05T02:43:02.508557Z,KXBTC15M-26OCT042245-45,0.9910,283.42,yes
2026-10-05T02:43:02.508557Z,KXBTC15M-26OCT042245-45,0.9910,0.01,yes
2026-10-05T02:43:02.508557Z,KXBTC15M-26OCT042245-45,0.9910,130.56,yes
2026-10-05T02:43:02.527552Z,KXBTC15M-26OCT042245-45,0.9890,44.74,no
2026-10-05T02:43:02.527552Z,KXBTC15M-26OCT042245-45,0.9890,100.00,no
2026-10-05T02:43:02.527552Z,KXBTC15M-26OCT042245-45,0.9890,15.00,no
2026-10-05T02:43:02.527552Z,KXBTC15M-26OCT042245-45,0.9890,98.00,no
2026-10-05T02:43:02.672187Z,KXBTC15M-26OCT042245-45,0.9890,237.89,no
2026-10-05T02:43:02.710158Z,KXBTC15M-26OCT042245-45,0.9890,42.00,no
2026-10-05T02:43:02.710603Z,KXBTC15M-26OCT042245-45,0.9910,0.01,yes
2026-10-05T02:43:02.710603Z,KXBTC15M-26OCT042245-45,0.9910,15.00,yes
2026-10-05T02:43:02.710603Z,KXBTC15M-26OCT042245-45,0.9910,0.01,yes
2026-10-05T02:43:02.710603Z,KXBTC15M-26OCT042245-45,0.9910,15.00,yes
2026-10-05T02:43:02.710603Z,KXBTC15M-26OCT042245-45,0.9920,114.98,yes
2026-10-05T02:43:02.710603Z,KXBTC15M-26OCT042245-45,0.9920,51.00,yes
2026-10-05T02:43:02.713119Z,KXBTC15M-26OCT042245-45,0.9890,1.00,no
2026-10-05T02:43:02.777982Z,KXBTC15M-26OCT042245-45,0.9900,0.01,no
2026-10-05T02:43:02.777982Z,KXBTC15M-26OCT042245-45,0.9900,0.01,no
2026-10-05T02:43:02.777982Z,KXBTC15M-26OCT042245-45,0.9900,9.33,no
2026-10-05T02:43:02.825241Z,KXBTC15M-26OCT042245-45,0.9900,5.19,no
2026-10-05T02:43:02.861736Z,KXBTC15M-26OCT042245-45,0.9910,0.01,yes
2026-10-05T02:43:02.861736Z,KXBTC15M-26OCT042245-45,0.9930,1.35,yes
2026-10-05T02:43:02.861736Z,KXBTC15M-26OCT042245-45,0.9920,7.00,yes
2026-10-05T02:43:02.861736Z,KXBTC15M-26OCT042245-45,0.9910,0.01,yes
2026-10-05T02:43:02.885951Z,KXBTC15M-26OCT042245-45,0.9910,107.27,yes
2026-10-05T02:43:03.304099Z,KXBTC15M-26OCT042245-45,0.9900,0.48,no
2026-10-05T02:43:03.304099Z,KXBTC15M-26OCT042245-45,0.9900,0.01,no
2026-10-05T02:43:03.304099Z,KXBTC15M-26OCT042245-45,0.9900,0.01,no
2026-10-05T02:43:03.304099Z,KXBTC15M-26OCT042245-45,0.9900,15.00,no
2026-10-05T02:43:03.314716Z,KXBTC15M-26OCT042245-45,0.9890,15.00,no
2026-10-05T02:43:03.314716Z,KXBTC15M-26OCT042245-45,0.9900,0.01,no
2026-10-05T02:43:03.314716Z,KXBTC15M-26OCT042245-45,0.9900,0.01,no
2026-10-05T02:43:03.314716Z,KXBTC15M-26OCT042245-45,0.9880,1516.34,no
2026-10-05T02:43:03.361948Z,KXBTC15M-26OCT042245-45,0.9880,2.55,no
2026-10-05T02:43:03.361948Z,KXBTC15M-26OCT042245-45,0.9880,2.00,no
2026-10-05T02:43:03.361948Z,KXBTC15M-26OCT042245-45,0.9890,0.01,no
2026-10-05T02:43:03.361948Z,KXBTC15M-26OCT042245-45,0.9890,0.01,no
2026-10-05T02:43:03.601379Z,KXBTC15M-26OCT042245-45,0.9900,6.56,yes
2026-10-05T02:43:03.601379Z,KXBTC15M-26OCT042245-45,0.9900,0.01,yes
2026-10-05T02:43:03.601379Z,KXBTC15M-26OCT042245-45,0.9900,0.01,yes
2026-10-05T02:43:03.632827Z,KXBTC15M-26OCT042245-45,0.9880,0.91,no
2026-10-05T02:43:03.729027Z,KXBTC15M-26OCT042245-45,0.9900,8.73,yes
2026-10-05T02:43:03.744174Z,KXBTC15M-26OCT042245-45,0.9900,0.01,yes
2026-10-05T02:43:03.744174Z,KXBTC15M-26OCT042245-45,0.9910,15.00,yes
2026-10-05T02:43:03.744174Z,KXBTC15M-26OCT042245-45,0.9910,200.00,yes
2026-10-05T02:43:03.744174Z,KXBTC15M-26OCT042245-45,0.9910,15.00,yes
2026-10-05T02:43:03.744174Z,KXBTC15M-26OCT042245-45,0.9900,0.01,yes
2026-10-05T02:43:03.744174Z,KXBTC15M-26OCT042245-45,0.9920,250.97,yes
2026-10-05T02:43:03.744174Z,KXBTC15M-26OCT042245-45,0.9900,34.71,yes
2026-10-05T02:43:04.014149Z,KXBTC15M-26OCT042245-45,0.9900,146.98,yes
2026-10-05T02:43:04.014149Z,KXBTC15M-26OCT042245-45,0.9900,0.01,yes
2026-10-05T02:43:04.014149Z,KXBTC15M-26OCT042245-45,0.9900,0.01,yes
2026-10-05T02:43:04.014149Z,KXBTC15M-26OCT042245-45,0.9900,14.00,yes
2026-10-05T02:43:04.014149Z,KXBTC15M-26OCT042245-45,0.9900,500.00,yes
2026-10-05T02:43:04.014149Z,KXBTC15M-26OCT042245-45,0.9900,500.00,yes
2026-10-05T02:43:04.014149Z,KXBTC15M-26OCT042245-45,0.9900,50.00,yes
2026-10-05T02:43:04.086618Z,KXBTC15M-26OCT042245-45,0.9890,15.00,no
2026-10-05T02:43:04.086618Z,KXBTC15M-26OCT042245-45,0.9880,125.87,no
2026-10-05T02:43:04.086618Z,KXBTC15M-26OCT042245-45,0.9890,0.01,no
2026-10-05T02:43:04.086618Z,KXBTC15M-26OCT042245-45,0.9890,0.01,no
2026-10-05T02:43:04.086618Z,KXBTC15M-26OCT042245-45,0.9890,15.00,no
2026-10-05T02:43:04.11512Z,KXBTC15M-26OCT042245-45,0.9880,78.63,no
2026-10-05T02:43:04.11512Z,KXBTC15M-26OCT042245-45,0.9890,0.01,no
2026-10-05T02:43:04.11512Z,KXBTC15M-26OCT042245-45,0.9880,74.13,no
2026-10-05T02:43:04.165467Z,KXBTC15M-26OCT042245-45,0.9880,106.00,no
2026-10-05T02:43:04.165467Z,KXBTC15M-26OCT042245-45,0.9880,127.80,no
2026-10-05T02:43:04.165467Z,KXBTC15M-26OCT042245-45,0.9880,0.01,no
2026-10-05T02:43:04.165467Z,KXBTC15M-26OCT042245-45,0.9880,150.00,no
2026-10-05T02:43:04.248681Z,KXBTC15M-26OCT042245-45,0.9890,11.02,yes
2026-10-05T02:43:04.298766Z,KXBTC15M-26OCT042245-45,0.9880,78.30,no
2026-10-05T02:43:04.304419Z,KXBTC15M-26OCT042245-45,0.9880,63.13,no
2026-10-05T02:43:04.338626Z,KXBTC15M-26OCT042245-45,0.9890,0.01,yes
2026-10-05T02:43:04.338626Z,KXBTC15M-26OCT042245-45,0.9900,29.25,yes
2026-10-05T02:43:04.338626Z,KXBTC15M-26OCT042245-45,0.9890,0.01,yes
2026-10-05T02:43:04.442246Z,KXBTC15M-26OCT042245-45,0.9880,92.62,no
2026-10-05T02:43:04.442246Z,KXBTC15M-26OCT042245-45,0.9880,8.57,no
2026-10-05T02:43:04.520683Z,KXBTC15M-26OCT042245-45,0.9880,2.38,no
2026-10-05T02:43:04.541826Z,KXBTC15M-26OCT042245-45,0.9880,155.11,no
2026-10-05T02:43:04.729224Z,KXBTC15M-26OCT042245-45,0.9880,1.97,no
2026-10-05T02:43:04.769668Z,KXBTC15M-26OCT042245-45,0.9890,0.01,yes
2026-10-05T02:43:04.769668Z,KXBTC15M-26OCT042245-45,0.9900,20.75,yes
2026-10-05T02:43:04.769668Z,KXBTC15M-26OCT042245-45,0.9890,0.01,yes
2026-10-05T02:43:04.769668Z,KXBTC15M-26OCT042245-45,0.9900,98.33,yes
2026-10-05T02:43:04.779687Z,KXBTC15M-26OCT042245-45,0.9880,4.85,no
2026-10-05T02:43:04.779687Z,KXBTC15M-26OCT042245-45,0.9880,147.92,no
2026-10-05T02:43:04.783348Z,KXBTC15M-26OCT042245-45,0.9880,93.15,no
2026-10-05T02:43:04.783348Z,KXBTC15M-26OCT042245-45,0.9880,59.62,no
2026-10-05T02:43:04.814329Z,KXBTC15M-26OCT042245-45,0.9880,3.89,no
2026-10-05T02:43:04.844277Z,KXBTC15M-26OCT042245-45,0.9890,288.25,yes
2026-10-05T02:43:04.925592Z,KXBTC15M-26OCT042245-45,0.9880,77.94,no
2026-10-05T02:43:04.943323Z,KXBTC15M-26OCT042245-45,0.9880,152.77,no
2026-10-05T02:43:04.945669Z,KXBTC15M-26OCT042245-45,0.9890,0.01,yes
2026-10-05T02:43:04.945669Z,KXBTC15M-26OCT042245-45,0.9890,0.01,yes
2026-10-05T02:43:04.945669Z,KXBTC15M-26OCT042245-45,0.9900,9.98,yes
2026-10-05T02:43:04.979806Z,KXBTC15M-26OCT042245-45,0.9880,77.94,no
2026-10-05T02:43:04.991811Z,KXBTC15M-26OCT042245-45,0.9900,426.34,yes
2026-10-05T02:43:05.144745Z,KXBTC15M-26OCT042245-45,0.9880,38.97,no
2026-10-05T02:43:05.18533Z,KXBTC15M-26OCT042245-45,0.9880,77.94,no
2026-10-05T02:43:05.237913Z,KXBTC15M-26OCT042245-45,0.9880,10.93,no
2026-10-05T02:43:05.237913Z,KXBTC15M-26OCT042245-45,0.9880,67.01,no
2026-10-05T02:43:05.264779Z,KXBTC15M-26OCT042245-45,0.9880,0.01,no
2026-10-05T02:43:05.264779Z,KXBTC15M-26OCT042245-45,0.9880,77.92,no
2026-10-05T02:43:05.264779Z,KXBTC15M-26OCT042245-45,0.9880,0.01,no
2026-10-05T02:43:05.304582Z,KXBTC15M-26OCT042245-45,0.9880,15.58,no
2026-10-05T02:43:05.349225Z,KXBTC15M-26OCT042245-45,0.9890,0.01,no
2026-10-05T02:43:05.349225Z,KXBTC15M-26OCT042245-45,0.9890,0.01,no
2026-10-05T02:43:05.349225Z,KXBTC15M-26OCT042245-45,0.9890,14.00,no
2026-10-05T02:43:05.349225Z,KXBTC15M-26OCT042245-45,0.9890,141.87,no
2026-10-05T02:43:05.353194Z,KXBTC15M-26OCT042245-45,0.9890,77.94,no
2026-10-05T02:43:05.55043Z,KXBTC15M-26OCT042245-45,0.9900,15.00,yes
2026-10-05T02:43:05.55043Z,KXBTC15M-26OCT042245-45,0.9900,200.00,yes
2026-10-05T02:43:05.55043Z,KXBTC15M-26OCT042245-45,0.9900,15.00,yes
2026-10-05T02:43:05.55043Z,KXBTC15M-26OCT042245-45,0.9900,25.07,yes
2026-10-05T02:43:05.552356Z,KXBTC15M-26OCT042245-45,0.9900,14.43,yes
2026-10-05T02:43:05.552356Z,KXBTC15M-26OCT042245-45,0.9900,24.93,yes
2026-10-05T02:43:05.552356Z,KXBTC15M-26OCT042245-45,0.9900,0.01,yes
2026-10-05T02:43:05.552356Z,KXBTC15M-26OCT042245-45,0.9900,0.01,yes
2026-10-05T02:43:05.665685Z,KXBTC15M-26OCT042245-45,0.9900,50.00,yes
2026-10-05T02:43:05.665685Z,KXBTC15M-26OCT042245-45,0.9910,200.00,yes
2026-10-05T02:43:05.665685Z,KXBTC15M-26OCT042245-45,0.9910,0.01,yes
2026-10-05T02:43:05.665685Z,KXBTC15M-26OCT042245-45,0.9900,0.01,yes
2026-10-05T02:43:05.665685Z,KXBTC15M-26OCT042245-45,0.9910,0.01,yes
2026-10-05T02:43:05.665685Z,KXBTC15M-26OCT042245-45,0.9900,0.01,yes
2026-10-05T02:43:05.665685Z,KXBTC15M-26OCT042245-45,0.9920,417.83,yes
2026-10-05T02:43:05.715096Z,KXBTC15M-26OCT042245-45,0.9900,25.22,yes
2026-10-05T02:43:05.715096Z,KXBTC15M-26OCT042245-45,0.9900,0.01,yes
2026-10-05T02:43:05.816494Z,KXBTC15M-26OCT042245-45,0.9890,0.01,no
2026-10-05T02:43:05.816494Z,KXBTC15M-26OCT042245-45,0.9890,71.93,no
2026-10-05T02:43:05.816494Z,KXBTC15M-26OCT042245-45,0.9890,0.01,no
2026-10-05T02:43:05.960054Z,KXBTC15M-26OCT042245-45,0.9890,800.00,no
2026-10-05T02:43:05.960054Z,KXBTC15M-26OCT042245-45,0.9890,15.00,no
2026-10-05T02:43:05.960054Z,KXBTC15M-26OCT042245-45,0.9890,0.01,no
2026-10-05T02:43:05.960054Z,KXBTC15M-26OCT042245-45,0.9890,328.07,no
2026-10-05T02:43:05.960054Z,KXBTC15M-26OCT042245-45,0.9890,0.01,no
2026-10-05T02:43:05.960054Z,KXBTC15M-26OCT042245-45,0.9880,15.23,no
2026-10-05T02:43:05.960054Z,KXBTC15M-26OCT042245-45,0.9890,500.00,no
2026-10-05T02:43:06.020606Z,KXBTC15M-26OCT042245-45,0.9890,70.00,no
2026-10-05T02:43:06.020606Z,KXBTC15M-26OCT042245-45,0.9890,0.01,no
2026-10-05T02:43:06.020606Z,KXBTC15M-26OCT042245-45,0.9890,15.00,no
2026-10-05T02:43:06.020606Z,KXBTC15M-26OCT042245-45,0.9890,0.01,no
2026-10-05T02:43:06.067292Z,KXBTC15M-26OCT042245-45,0.9890,0.01,no
2026-10-05T02:43:06.067292Z,KXBTC15M-26OCT042245-45,0.9890,85.01,no
2026-10-05T02:43:06.120113Z,KXBTC15M-26OCT042245-45,0.9900,2.02,yes
2026-10-05T02:43:06.137075Z,KXBTC15M-26OCT042245-45,0.9890,0.01,no
2026-10-05T02:43:06.137075Z,KXBTC15M-26OCT042245-45,0.9890,400.00,no
2026-10-05T02:43:06.137075Z,KXBTC15M-26OCT042245-45,0.9880,16.59,no
2026-10-05T02:43:06.182052Z,KXBTC15M-26OCT042245-45,0.9900,15.00,yes
2026-10-05T02:43:06.182052Z,KXBTC15M-26OCT042245-45,0.9900,61.44,yes
2026-10-05T02:43:06.182052Z,KXBTC15M-26OCT042245-45,0.9900,22.76,yes
2026-10-05T02:43:06.182052Z,KXBTC15M-26OCT042245-45,0.9900,200.00,yes
2026-10-05T02:43:06.182052Z,KXBTC15M-26OCT042245-45,0.9900,0.01,yes
2026-10-05T02:43:06.182052Z,KXBTC15M-26OCT042245-45,0.9900,15.00,yes
2026-10-05T02:43:06.182052Z,KXBTC15M-26OCT042245-45,0.9900,0.01,yes
2026-10-05T02:43:06.237596Z,KXBTC15M-26OCT042245-45,0.9900,11.10,yes
2026-10-05T02:43:06.267211Z,KXBTC15M-26OCT042245-45,0.9890,0.01,no
2026-10-05T02:43:06.267211Z,KXBTC15M-26OCT042245-45,0.9890,15.00,no
2026-10-05T02:43:06.267211Z,KXBTC15M-26OCT042245-45,0.9890,109.16,no
2026-10-05T02:43:06.342624Z,KXBTC15M-26OCT042245-45,0.9890,400.00,no
2026-10-05T02:43:06.342624Z,KXBTC15M-26OCT042245-45,0.9890,15.00,no
2026-10-05T02:43:06.342624Z,KXBTC15M-26OCT042245-45,0.9890,0.01,no
2026-10-05T02:43:06.342624Z,KXBTC15M-26OCT042245-45,0.9890,0.01,no
2026-10-05T02:43:06.342624Z,KXBTC15M-26OCT042245-45,0.9880,150.00,no
2026-10-05T02:43:06.342624Z,KXBTC15M-26OCT042245-45,0.9870,97.23,no
2026-10-05T02:43:06.342624Z,KXBTC15M-26OCT042245-45,0.9880,49.00,no
2026-10-05T02:43:06.342624Z,KXBTC15M-26OCT042245-45,0.9880,68.18,no
2026-10-05T02:43:06.536634Z,KXBTC15M-26OCT042245-45,0.9900,20.00,yes
2026-10-05T02:43:06.613931Z,KXBTC15M-26OCT042245-45,0.9880,14.51,no
2026-10-05T02:43:06.714284Z,KXBTC15M-26OCT042245-45,0.9890,0.10,yes
2026-10-05T02:43:06.726009Z,KXBTC15M-26OCT042245-45,0.9890,0.01,yes
2026-10-05T02:43:06.726009Z,KXBTC15M-26OCT042245-45,0.9900,24.40,yes
2026-10-05T02:43:06.726009Z,KXBTC15M-26OCT042245-45,0.9890,0.01,yes
2026-10-05T02:43:06.859642Z,KXBTC15M-26OCT042245-45,0.9900,3.02,yes
2026-10-05T02:43:06.941379Z,KXBTC15M-26OCT042245-45,0.9890,85.02,no
2026-10-05T02:43:06.957317Z,KXBTC15M-26OCT042245-45,0.9890,64.98,no
2026-10-05T02:43:06.957317Z,KXBTC15M-26OCT042245-45,0.9890,12.96,no
2026-10-05T02:43:07.033382Z,KXBTC15M-26OCT042245-45,0.9900,2.01,yes
2026-10-05T02:43:07.151172Z,KXBTC15M-26OCT042245-45,0.9890,77.92,no
2026-10-05T02:43:07.151172Z,KXBTC15M-26OCT042245-45,0.9890,0.01,no
2026-10-05T02:43:07.151172Z,KXBTC15M-26OCT042245-45,0.9890,0.01,no
2026-10-05T02:43:07.21212Z,KXBTC15M-26OCT042245-45,0.9900,200.00,yes
2026-10-05T02:43:07.21212Z,KXBTC15M-26OCT042245-45,0.9900,0.27,yes
2026-10-05T02:43:07.21212Z,KXBTC15M-26OCT042245-45,0.9900,457.73,yes
2026-10-05T02:43:07.21212Z,KXBTC15M-26OCT042245-45,0.9900,50.00,yes
2026-10-05T02:43:07.218065Z,KXBTC15M-26OCT042245-45,0.9900,7.07,yes
2026-10-05T02:43:07.245697Z,KXBTC15M-26OCT042245-45,0.9890,25.00,no
2026-10-05T02:43:07.262246Z,KXBTC15M-26OCT042245-45,0.9900,0.01,yes
2026-10-05T02:43:07.338057Z,KXBTC15M-26OCT042245-45,0.9900,12.35,yes
2026-10-05T02:43:07.338057Z,KXBTC15M-26OCT042245-45,0.9900,7.65,yes
2026-10-05T02:43:07.491975Z,KXBTC15M-26OCT042245-45,0.9900,148.75,yes
2026-10-05T02:43:07.491975Z,KXBTC15M-26OCT042245-45,0.9900,2.65,yes
2026-10-05T02:43:07.531703Z,KXBTC15M-26OCT042245-45,0.9890,378.03,no
2026-10-05T02:43:07.531703Z,KXBTC15M-26OCT042245-45,0.9890,47.08,no
2026-10-05T02:43:07.614274Z,KXBTC15M-26OCT042245-45,0.9890,10.25,no
2026-10-05T02:43:07.619014Z,KXBTC15M-26OCT042245-45,0.9890,2.00,no
2026-10-05T02:43:07.694474Z,KXBTC15M-26OCT042245-45,0.9890,9.72,no
2026-10-05T02:43:07.694474Z,KXBTC15M-26OCT042245-45,0.9890,8.26,no
2026-10-05T02:43:07.694474Z,KXBTC15M-26OCT042245-45,0.9890,15.00,no
2026-10-05T02:43:07.724757Z,KXBTC15M-26OCT042245-45,0.9890,85.02,no
2026-10-05T02:43:07.767235Z,KXBTC15M-26OCT042245-45,0.9890,56.72,no
2026-10-05T02:43:07.767235Z,KXBTC15M-26OCT042245-45,0.9890,28.28,no
2026-10-05T02:43:07.808395Z,KXBTC15M-26OCT042245-45,0.9900,8.38,yes
2026-10-05T02:43:07.808395Z,KXBTC15M-26OCT042245-45,0.9900,31.25,yes
2026-10-05T02:43:07.808395Z,KXBTC15M-26OCT042245-45,0.9900,67.36,yes
2026-10-05T02:43:07.808567Z,KXBTC15M-26OCT042245-45,0.9890,150.00,no
2026-10-05T02:43:07.808567Z,KXBTC15M-26OCT042245-45,0.9890,275.11,no
2026-10-05T02:43:07.867317Z,KXBTC15M-26OCT042245-45,0.9890,15.00,no
2026-10-05T02:43:07.867317Z,KXBTC15M-26OCT042245-45,0.9890,70.02,no
2026-10-05T02:43:07.887567Z,KXBTC15M-26OCT042245-45,0.9880,21.00,no
2026-10-05T02:43:07.887567Z,KXBTC15M-26OCT042245-45,0.9880,53.66,no
2026-10-05T02:43:07.892454Z,KXBTC15M-26OCT042245-45,0.9900,9.92,yes
2026-10-05T02:43:07.998317Z,KXBTC15M-26OCT042245-45,0.9880,96.34,no
2026-10-05T02:43:07.998317Z,KXBTC15M-26OCT042245-45,0.9880,200.00,no
2026-10-05T02:43:07.998317Z,KXBTC15M-26OCT042245-45,0.9880,400.00,no
2026-10-05T02:43:07.998317Z,KXBTC15M-26OCT042245-45,0.9870,10.72,no
2026-10-05T02:43:07.998317Z,KXBTC15M-26OCT042245-45,0.9870,2.00,no
2026-10-05T02:43:07.998317Z,KXBTC15M-26OCT042245-45,0.9870,2.77,no
2026-10-05T02:43:08.076871Z,KXBTC15M-26OCT042245-45,0.9900,10.00,yes
2026-10-05T02:43:08.122161Z,KXBTC15M-26OCT042245-45,0.9880,150.00,no
2026-10-05T02:43:08.12755Z,KXBTC15M-26OCT042245-45,0.9870,10.72,no
2026-10-05T02:43:08.12755Z,KXBTC15M-26OCT042245-45,0.9880,400.00,no
2026-10-05T02:43:08.12755Z,KXBTC15M-26OCT042245-45,0.9870,3.28,no
2026-10-05T02:43:08.12819Z,KXBTC15M-26OCT042245-45,0.9860,0.02,no
2026-10-05T02:43:08.129793Z,KXBTC15M-26OCT042245-45,0.9860,0.02,no
2026-10-05T02:43:08.131693Z,KXBTC15M-26OCT042245-45,0.9880,244.13,no
2026-10-05T02:43:08.131693Z,KXBTC15M-26OCT042245-45,0.9860,140.31,no
2026-10-05T02:43:08.132553Z,KXBTC15M-26OCT042245-45,0.9860,18.53,no
2026-10-05T02:43:08.151009Z,KXBTC15M-26OCT042245-45,0.9860,31.00,no
2026-10-05T02:43:08.167702Z,KXBTC15M-26OCT042245-45,0.9890,400.00,yes
2026-10-05T02:43:08.167702Z,KXBTC15M-26OCT042245-45,0.9870,0.01,yes
2026-10-05T02:43:08.167702Z,KXBTC15M-26OCT042245-45,0.9890,200.00,yes
2026-10-05T02:43:08.167702Z,KXBTC15M-26OCT042245-45,0.9880,200.00,yes
2026-10-05T02:43:08.167702Z,KXBTC15M-26OCT042245-45,0.9880,0.01,yes
2026-10-05T02:43:08.167702Z,KXBTC15M-26OCT042245-45,0.9880,0.01,yes
2026-10-05T02:43:08.167702Z,KXBTC15M-26OCT042245-45,0.9890,0.01,yes
2026-10-05T02:43:08.167702Z,KXBTC15M-26OCT042245-45,0.9890,0.01,yes
2026-10-05T02:43:08.167702Z,KXBTC15M-26OCT042245-45,0.9870,0.01,yes
2026-10-05T02:43:08.167702Z,KXBTC15M-26OCT042245-45,0.9900,14.18,yes
2026-10-05T02:43:08.167702Z,KXBTC15M-26OCT042245-45,0.9900,50.00,yes
2026-10-05T02:43:08.167702Z,KXBTC15M-26OCT042245-45,0.9890,173.48,yes
2026-10-05T02:43:08.167702Z,KXBTC15M-26OCT042245-45,0.9870,302.28,yes
2026-10-05T02:43:08.167702Z,KXBTC15M-26OCT042245-45,0.9880,36.00,yes
2026-10-05T02:43:08.255904Z,KXBTC15M-26OCT042245-45,0.9860,70.92,no
2026-10-05T02:43:08.374868Z,KXBTC15M-26OCT042245-45,0.9870,0.01,yes
2026-10-05T02:43:08.374868Z,KXBTC15M-26OCT042245-45,0.9870,0.01,yes
2026-10-05T02:43:08.374868Z,KXBTC15M-26OCT042245-45,0.9870,26.94,yes
2026-10-05T02:43:08.590504Z,KXBTC15M-26OCT042245-45,0.9870,1.00,yes
2026-10-05T02:43:08.590504Z,KXBTC15M-26OCT042245-45,0.9870,1.00,yes
2026-10-05T02:43:08.590504Z,KXBTC15M-26OCT042245-45,0.9870,200.00,yes
2026-10-05T02:43:08.590504Z,KXBTC15M-26OCT042245-45,0.9870,73.06,yes
2026-10-05T02:43:08.590504Z,KXBTC15M-26OCT042245-45,0.9870,179.94,yes
2026-10-05T02:43:08.590504Z,KXBTC15M-26OCT042245-45,0.9870,10.00,yes
2026-10-05T02:43:08.622677Z,KXBTC15M-26OCT042245-45,0.9860,65.48,no
2026-10-05T02:43:08.655899Z,KXBTC15M-26OCT042245-45,0.9870,0.98,yes
2026-10-05T02:43:08.655899Z,KXBTC15M-26OCT042245-45,0.9870,0.01,yes
2026-10-05T02:43:08.655899Z,KXBTC15M-26OCT042245-45,0.9870,0.01,yes
2026-10-05T02:43:08.954669Z,KXBTC15M-26OCT042245-45,0.9860,133.63,no
2026-10-05T02:43:08.964789Z,KXBTC15M-26OCT042245-45,0.9860,65.48,no
2026-10-05T02:43:08.970406Z,KXBTC15M-26OCT042245-45,0.9860,21.92,no
2026-10-05T02:43:08.975644Z,KXBTC15M-26OCT042245-45,0.9870,0.01,yes
2026-10-05T02:43:08.975644Z,KXBTC15M-26OCT042245-45,0.9870,0.01,yes
2026-10-05T02:43:08.975644Z,KXBTC15M-26OCT042245-45,0.9870,99.02,yes
2026-10-05T02:43:08.975644Z,KXBTC15M-26OCT042245-45,0.9870,400.00,yes
2026-10-05T02:43:08.975644Z,KXBTC15M-26OCT042245-45,0.9880,5.96,yes
2026-10-05T02:43:08.993703Z,KXBTC15M-26OCT042245-45,0.9860,499.69,no
2026-10-05T02:43:08.993703Z,KXBTC15M-26OCT042245-45,0.9860,247.46,no
2026-10-05T02:43:08.993703Z,KXBTC15M-26OCT042245-45,0.9860,77.94,no
2026-10-05T02:43:09.024053Z,KXBTC15M-26OCT042245-45,0.9870,0.01,yes
2026-10-05T02:43:09.024053Z,KXBTC15M-26OCT042245-45,0.9870,116.92,yes
2026-10-05T02:43:09.024053Z,KXBTC15M-26OCT042245-45,0.9870,0.01,yes
2026-10-05T02:43:09.028442Z,KXBTC15M-26OCT042245-45,0.9860,49.92,no
2026-10-05T02:43:09.028442Z,KXBTC15M-26OCT042245-45,0.9860,0.01,no
2026-10-05T02:43:09.028442Z,KXBTC15M-26OCT042245-45,0.9860,0.01,no
2026-10-05T02:43:09.028442Z,KXBTC15M-26OCT042245-45,0.9860,13.00,no
2026-10-05T02:43:09.028442Z,KXBTC15M-26OCT042245-45,0.9860,2.54,no
2026-10-05T02:43:09.059103Z,KXBTC15M-26OCT042245-45,0.9860,1.06,no
2026-10-05T02:43:09.261768Z,KXBTC15M-26OCT042245-45,0.9860,13.00,no
2026-10-05T02:43:09.261768Z,KXBTC15M-26OCT042245-45,0.9860,0.01,no
2026-10-05T02:43:09.261768Z,KXBTC15M-26OCT042245-45,0.9860,0.01,no
2026-10-05T02:43:09.261768Z,KXBTC15M-26OCT042245-45,0.9860,52.46,no
2026-10-05T02:43:09.307985Z,KXBTC15M-26OCT042245-45,0.9870,0.01,yes
2026-10-05T02:43:09.307985Z,KXBTC15M-26OCT042245-45,0.9870,0.01,yes
2026-10-05T02:43:09.307985Z,KXBTC15M-26OCT042245-45,0.9870,36.76,yes
2026-10-05T02:43:09.368288Z,KXBTC15M-26OCT042245-45,0.9860,0.01,no
2026-10-05T02:43:09.368288Z,KXBTC15M-26OCT042245-45,0.9860,0.01,no
2026-10-05T02:43:09.368288Z,KXBTC15M-26OCT042245-45,0.9860,13.00,no
2026-10-05T02:43:09.368288Z,KXBTC15M-26OCT042245-45,0.9860,15.63,no
2026-10-05T02:43:09.465443Z,KXBTC15M-26OCT042245-45,0.9860,0.01,no
2026-10-05T02:43:09.465443Z,KXBTC15M-26OCT042245-45,0.9860,0.01,no
2026-10-05T02:43:09.465443Z,KXBTC15M-26OCT042245-45,0.9860,150.00,no
2026-10-05T02:43:09.465443Z,KXBTC15M-26OCT042245-45,0.9860,13.00,no
2026-10-05T02:43:09.465443Z,KXBTC15M-26OCT042245-45,0.9860,65.63,no
2026-10-05T02:43:09.551027Z,KXBTC15M-26OCT042245-45,0.9870,0.01,yes
2026-10-05T02:43:09.551027Z,KXBTC15M-26OCT042245-45,0.9870,0.01,yes
2026-10-05T02:43:09.551027Z,KXBTC15M-26OCT042245-45,0.9870,500.00,yes
2026-10-05T02:43:09.551027Z,KXBTC15M-26OCT042245-45,0.9870,463.24,yes
2026-10-05T02:43:09.690692Z,KXBTC15M-26OCT042245-45,0.9870,0.01,yes
2026-10-05T02:43:09.690692Z,KXBTC15M-26OCT042245-45,0.9870,0.01,yes
2026-10-05T02:43:09.690692Z,KXBTC15M-26OCT042245-45,0.9890,305.55,yes
2026-10-05T02:43:09.690692Z,KXBTC15M-26OCT042245-45,0.9870,46.99,yes
2026-10-05T02:43:09.747062Z,KXBTC15M-26OCT042245-45,0.9860,5.74,no
2026-10-05T02:43:09.747062Z,KXBTC15M-26OCT042245-45,0.9860,69.25,no
2026-10-05T02:43:09.802707Z,KXBTC15M-26OCT042245-45,0.9860,32.74,no
2026-10-05T02:43:09.832778Z,KXBTC15M-26OCT042245-45,0.9860,11.47,no
2026-10-05T02:43:09.886945Z,KXBTC15M-26OCT042245-45,0.9890,58.83,yes
2026-10-05T02:43:09.886945Z,KXBTC15M-26OCT042245-45,0.9870,0.01,yes
2026-10-05T02:43:09.886945Z,KXBTC15M-26OCT042245-45,0.9870,0.01,yes
2026-10-05T02:43:09.985054Z,KXBTC15M-26OCT042245-45,0.9860,16.13,no
2026-10-05T02:43:10.000095Z,KXBTC15M-26OCT042245-45,0.9870,0.01,yes
2026-10-05T02:43:10.000095Z,KXBTC15M-26OCT042245-45,0.9870,0.01,yes
2026-10-05T02:43:10.008155Z,KXBTC15M-26OCT042245-45,0.9860,32.74,no
2026-10-05T02:43:10.089026Z,KXBTC15M-26OCT042245-45,0.9860,32.74,no
2026-10-05T02:43:10.097524Z,KXBTC15M-26OCT042245-45,0.9860,65.48,no
2026-10-05T02:43:10.132341Z,KXBTC15M-26OCT042245-45,0.9900,8.90,yes
2026-10-05T02:43:10.132341Z,KXBTC15M-26OCT042245-45,0.9900,15.00,yes
2026-10-05T02:43:10.132341Z,KXBTC15M-26OCT042245-45,0.9900,0.82,yes
2026-10-05T02:43:10.132341Z,KXBTC15M-26OCT042245-45,0.9870,0.01,yes
2026-10-05T02:43:10.132341Z,KXBTC15M-26OCT042245-45,0.9870,0.01,yes
2026-10-05T02:43:10.204908Z,KXBTC15M-26OCT042245-45,0.9880,24.00,no
2026-10-05T02:43:10.204908Z,KXBTC15M-26OCT042245-45,0.9880,0.01,no
2026-10-05T02:43:10.204908Z,KXBTC15M-26OCT042245-45,0.9880,0.01,no
2026-10-05T02:43:10.204908Z,KXBTC15M-26OCT042245-45,0.9880,145.37,no
2026-10-05T02:43:10.204908Z,KXBTC15M-26OCT042245-45,0.9890,15.00,no
2026-10-05T02:43:10.204908Z,KXBTC15M-26OCT042245-45,0.9880,15.00,no
2026-10-05T02:43:10.204908Z,KXBTC15M-26OCT042245-45,0.9880,1.06,no
2026-10-05T02:43:10.209602Z,KXBTC15M-26OCT042245-45,0.9880,26.72,no
2026-10-05T02:43:10.238011Z,KXBTC15M-26OCT042245-45,0.9890,15.00,no
2026-10-05T02:43:10.238011Z,KXBTC15M-26OCT042245-45,0.9890,15.00,no
2026-10-05T02:43:10.238011Z,KXBTC15M-26OCT042245-45,0.9890,304.06,no
2026-10-05T02:43:10.238011Z,KXBTC15M-26OCT042245-45,0.9890,0.01,no
2026-10-05T02:43:10.238011Z,KXBTC15M-26OCT042245-45,0.9890,0.01,no
2026-10-05T02:43:10.282206Z,KXBTC15M-26OCT042245-45,0.9890,500.00,no
2026-10-05T02:43:10.282206Z,KXBTC15M-26OCT042245-45,0.9890,14.89,no
2026-10-05T02:43:10.282206Z,KXBTC15M-26OCT042245-45,0.9890,0.01,no
2026-10-05T02:43:10.282206Z,KXBTC15M-26OCT042245-45,0.9890,0.01,no
2026-10-05T02:43:10.282206Z,KXBTC15M-26OCT042245-45,0.9890,15.00,no
2026-10-05T02:43:10.282206Z,KXBTC15M-26OCT042245-45,0.9890,1.09,no
2026-10-05T02:43:10.299177Z,KXBTC15M-26OCT042245-45,0.9890,26.72,no
2026-10-05T02:43:10.418387Z,KXBTC15M-26OCT042245-45,0.9890,0.01,no
2026-10-05T02:43:10.418387Z,KXBTC15M-26OCT042245-45,0.9890,0.01,no
2026-10-05T02:43:10.418387Z,KXBTC15M-26OCT042245-45,0.9890,33.39,no
2026-10-05T02:43:10.427842Z,KXBTC15M-26OCT042245-45,0.9890,334.08,no
2026-10-05T02:43:10.697888Z,KXBTC15M-26OCT042245-45,0.9890,6.68,no
2026-10-05T02:43:10.706157Z,KXBTC15M-26OCT042245-45,0.9890,264.84,no
2026-10-05T02:43:10.706157Z,KXBTC15M-26OCT042245-45,0.9890,100.00,no
2026-10-05T02:43:10.706157Z,KXBTC15M-26OCT042245-45,0.9890,25.85,no
2026-10-05T02:43:10.706157Z,KXBTC15M-26OCT042245-45,0.9890,0.01,no
2026-10-05T02:43:10.706157Z,KXBTC15M-26OCT042245-45,0.9890,0.01,no
2026-10-05T02:43:10.707825Z,KXBTC15M-26OCT042245-45,0.9890,24.00,no
2026-10-05T02:43:10.92849Z,KXBTC15M-26OCT042245-45,0.9890,42.49,no
2026-10-05T02:43:10.92849Z,KXBTC15M-26OCT042245-45,0.9890,0.01,no
2026-10-05T02:43:10.92849Z,KXBTC15M-26OCT042245-45,0.9890,0.01,no
2026-10-05T02:43:10.964382Z,KXBTC15M-26OCT042245-45,0.9890,0.01,no
2026-10-05T02:43:10.964382Z,KXBTC15M-26OCT042245-45,0.9890,85.00,no
2026-10-05T02:43:10.964382Z,KXBTC15M-26OCT042245-45,0.9890,0.01,no
2026-10-05T02:43:10.972554Z,KXBTC15M-26OCT042245-45,0.9890,85.02,no
2026-10-05T02:43:10.996221Z,KXBTC15M-26OCT042245-45,0.9890,0.01,no
2026-10-05T02:43:10.996221Z,KXBTC15M-26OCT042245-45,0.9890,0.01,no
2026-10-05T02:43:10.996221Z,KXBTC15M-26OCT042245-45,0.9890,1.06,no
2026-10-05T02:43:11.023521Z,KXBTC15M-26OCT042245-45,0.9890,99.98,no
2026-10-05T02:43:11.023521Z,KXBTC15M-26OCT042245-45,0.9890,0.01,no
2026-10-05T02:43:11.023521Z,KXBTC15M-26OCT042245-45,0.9890,0.01,no
2026-10-05T02:43:11.057418Z,KXBTC15M-26OCT042245-45,0.9900,15.00,yes
2026-10-05T02:43:11.057418Z,KXBTC15M-26OCT042245-45,0.9900,50.00,yes
2026-10-05T02:43:11.057418Z,KXBTC15M-26OCT042245-45,0.9900,15.00,yes
2026-10-05T02:43:11.057418Z,KXBTC15M-26OCT042245-45,0.9900,0.01,yes
2026-10-05T02:43:11.057418Z,KXBTC15M-26OCT042245-45,0.9900,200.00,yes
2026-10-05T02:43:11.057418Z,KXBTC15M-26OCT042245-45,0.9900,0.01,yes
2026-10-05T02:43:11.057418Z,KXBTC15M-26OCT042245-45,0.9900,178.88,yes
2026-10-05T02:43:11.057418Z,KXBTC15M-26OCT042245-45,0.9900,41.10,yes
2026-10-05T02:43:11.173574Z,KXBTC15M-26OCT042245-45,0.9880,66.82,no
2026-10-05T02:43:11.209991Z,KXBTC15M-26OCT042245-45,0.9890,15.00,no
2026-10-05T02:43:11.209991Z,KXBTC15M-26OCT042245-45,0.9890,172.00,no
2026-10-05T02:43:11.209991Z,KXBTC15M-26OCT042245-45,0.9890,15.00,no
2026-10-05T02:43:11.227828Z,KXBTC15M-26OCT042245-45,0.9890,85.02,no
2026-10-05T02:43:11.258234Z,KXBTC15M-26OCT042245-45,0.9900,200.00,yes
2026-10-05T02:43:11.258234Z,KXBTC15M-26OCT042245-45,0.9900,0.01,yes
2026-10-05T02:43:11.258234Z,KXBTC15M-26OCT042245-45,0.9900,0.01,yes
2026-10-05T02:43:11.258234Z,KXBTC15M-26OCT042245-45,0.9930,580.94,yes
2026-10-05T02:43:11.258234Z,KXBTC15M-26OCT042245-45,0.9900,50.00,yes
2026-10-05T02:43:11.258234Z,KXBTC15M-26OCT042245-45,0.9900,15.00,yes
2026-10-05T02:43:11.258234Z,KXBTC15M-26OCT042245-45,0.9900,15.00,yes
2026-10-05T02:43:11.258234Z,KXBTC15M-26OCT042245-45,0.9940,16.00,yes
2026-10-05T02:43:11.258234Z,KXBTC15M-26OCT042245-45,0.9910,200.00,yes
2026-10-05T02:43:11.258234Z,KXBTC15M-26OCT042245-45,0.9940,2.00,yes
2026-10-05T02:43:11.258234Z,KXBTC15M-26OCT042245-45,0.9920,45.00,yes
2026-10-05T02:43:11.258234Z,KXBTC15M-26OCT042245-45,0.9950,555.34,yes
2026-10-05T02:43:11.258234Z,KXBTC15M-26OCT042245-45,0.9950,90.00,yes
2026-10-05T02:43:11.258234Z,KXBTC15M-26OCT042245-45,0.9950,3300.00,yes
2026-10-05T02:43:11.258234Z,KXBTC15M-26OCT042245-45,0.9950,90.00,yes
2026-10-05T02:43:11.258234Z,KXBTC15M-26OCT042245-45,0.9950,50.00,yes
2026-10-05T02:43:11.258234Z,KXBTC15M-26OCT042245-45,0.9950,50.00,yes
2026-10-05T02:43:11.258234Z,KXBTC15M-26OCT042245-45,0.9950,46.01,yes
2026-10-05T02:43:11.258234Z,KXBTC15M-26OCT042245-45,0.9930,2085.84,yes
2026-10-05T02:43:11.258234Z,KXBTC15M-26OCT042245-45,0.9920,2472.20,yes
2026-10-05T02:43:11.32118Z,KXBTC15M-26OCT042245-45,0.9890,15.00,no
2026-10-05T02:43:11.32118Z,KXBTC15M-26OCT042245-45,0.9890,142.98,no
2026-10-05T02:43:11.32118Z,KXBTC15M-26OCT042245-45,0.9890,200.00,no
2026-10-05T02:43:11.32118Z,KXBTC15M-26OCT042245-45,0.9890,100.00,no
2026-10-05T02:43:11.32118Z,KXBTC15M-26OCT042245-45,0.9890,375.23,no
2026-10-05T02:43:11.32118Z,KXBTC15M-26OCT042245-45,0.9890,0.01,no
2026-10-05T02:43:11.33248Z,KXBTC15M-26OCT042245-45,0.9890,85.02,no
2026-10-05T02:43:11.358031Z,KXBTC15M-26OCT042245-45,0.9890,17.00,no
2026-10-05T02:43:11.478577Z,KXBTC15M-26OCT042245-45,0.9890,143.90,no
2026-10-05T02:43:11.492444Z,KXBTC15M-26OCT042245-45,0.9890,10.00,no
2026-10-05T02:43:11.564371Z,KXBTC15M-26OCT042245-45,0.9900,35.31,yes
2026-10-05T02:43:11.564371Z,KXBTC15M-26OCT042245-45,0.9900,0.01,yes
2026-10-05T02:43:11.642628Z,KXBTC15M-26OCT042245-45,0.9890,7.54,no
2026-10-05T02:43:11.687091Z,KXBTC15M-26OCT042245-45,0.9890,31.93,no
2026-10-05T02:43:11.712924Z,KXBTC15M-26OCT042245-45,0.9890,4.25,no
2026-10-05T02:43:11.752339Z,KXBTC15M-26OCT042245-45,0.9890,85.02,no
2026-10-05T02:43:11.81566Z,KXBTC15M-26OCT042245-45,0.9890,166.64,no
2026-10-05T02:43:11.879864Z,KXBTC15M-26OCT042245-45,0.9890,43.36,no
2026-10-05T02:43:11.892129Z,KXBTC15M-26OCT042245-45,0.9890,77.11,no
2026-10-05T02:43:11.892129Z,KXBTC15M-26OCT042245-45,0.9890,7.43,no
2026-10-05T02:43:11.909471Z,KXBTC15M-26OCT042245-45,0.9890,166.64,no
2026-10-05T02:43:11.930163Z,KXBTC15M-26OCT042245-45,0.9890,85.02,no
2026-10-05T02:43:11.960561Z,KXBTC15M-26OCT042245-45,0.9890,64.19,no
2026-10-05T02:43:12.070782Z,KXBTC15M-26OCT042245-45,0.9890,176.72,no
2026-10-05T02:43:12.070782Z,KXBTC15M-26OCT042245-45,0.9890,0.01,no
2026-10-05T02:43:12.070782Z,KXBTC15M-26OCT042245-45,0.9890,0.01,no
2026-10-05T02:43:12.070782Z,KXBTC15M-26OCT042245-45,0.9890,233.37,no
2026-10-05T02:43:12.070782Z,KXBTC15M-26OCT042245-45,0.9890,15.00,no
2026-10-05T02:43:12.075181Z,KXBTC15M-26OCT042245-45,0.9890,71.95,no
2026-10-05T02:43:12.096059Z,KXBTC15M-26OCT042245-45,0.9890,15.00,no
2026-10-05T02:43:12.096059Z,KXBTC15M-26OCT042245-45,0.9890,0.01,no
2026-10-05T02:43:12.096059Z,KXBTC15M-26OCT042245-45,0.9890,386.58,no
2026-10-05T02:43:12.096059Z,KXBTC15M-26OCT042245-45,0.9890,0.01,no
2026-10-05T02:43:12.096059Z,KXBTC15M-26OCT042245-45,0.9890,15.00,no
2026-10-05T02:43:12.145537Z,KXBTC15M-26OCT042245-45,0.9890,6.00,no
2026-10-05T02:43:12.145537Z,KXBTC15M-26OCT042245-45,0.9890,1.33,no
2026-10-05T02:43:12.154537Z,KXBTC15M-26OCT042245-45,0.9900,66.93,yes
2026-10-05T02:43:12.154537Z,KXBTC15M-26OCT042245-45,0.9900,0.01,yes
2026-10-05T02:43:12.154537Z,KXBTC15M-26OCT042245-45,0.9900,0.01,yes
2026-10-05T02:43:12.259495Z,KXBTC15M-26OCT042245-45,0.9900,225.79,yes
2026-10-05T02:43:12.259495Z,KXBTC15M-26OCT042245-45,0.9900,0.01,yes
2026-10-05T02:43:12.259495Z,KXBTC15M-26OCT042245-45,0.9920,1.00,yes
2026-10-05T02:43:12.259495Z,KXBTC15M-26OCT042245-45,0.9900,0.01,yes
2026-10-05T02:43:12.259495Z,KXBTC15M-26OCT042245-45,0.9900,500.00,yes
2026-10-05T02:43:12.259495Z,KXBTC15M-26OCT042245-45,0.9900,15.00,yes
2026-10-05T02:43:12.259495Z,KXBTC15M-26OCT042245-45,0.9940,1.00,yes
2026-10-05T02:43:12.259495Z,KXBTC15M-26OCT042245-45,0.9910,1.00,yes
2026-10-05T02:43:12.259495Z,KXBTC15M-26OCT042245-45,0.9900,1.00,yes
2026-10-05T02:43:12.259495Z,KXBTC15M-26OCT042245-45,0.9900,500.00,yes
2026-10-05T02:43:12.259495Z,KXBTC15M-26OCT042245-45,0.9930,1.00,yes
2026-10-05T02:43:12.259495Z,KXBTC15M-26OCT042245-45,0.9940,17.00,yes
2026-10-05T02:43:12.259495Z,KXBTC15M-26OCT042245-45,0.9940,16.00,yes
2026-10-05T02:43:12.259495Z,KXBTC15M-26OCT042245-45,0.9930,75.00,yes
2026-10-05T02:43:12.259495Z,KXBTC15M-26OCT042245-45,0.9950,624.89,yes
2026-10-05T02:43:12.259676Z,KXBTC15M-26OCT042245-45,0.9890,13.67,no
2026-10-05T02:43:12.259676Z,KXBTC15M-26OCT042245-45,0.9890,12.42,no
2026-10-05T02:43:12.294611Z,KXBTC15M-26OCT042245-45,0.9900,10.00,no
2026-10-05T02:43:12.294611Z,KXBTC15M-26OCT042245-45,0.9900,4.99,no
2026-10-05T02:43:12.294611Z,KXBTC15M-26OCT042245-45,0.9900,0.01,no
2026-10-05T02:43:12.455939Z,KXBTC15M-26OCT042245-45,0.9890,38.98,no
2026-10-05T02:43:12.455939Z,KXBTC15M-26OCT042245-45,0.9900,1.00,no
2026-10-05T02:43:12.455939Z,KXBTC15M-26OCT042245-45,0.9900,0.01,no
2026-10-05T02:43:12.455939Z,KXBTC15M-26OCT042245-45,0.9900,45.01,no
2026-10-05T02:43:12.455939Z,KXBTC15M-26OCT042245-45,0.9900,0.01,no
2026-10-05T02:43:12.455939Z,KXBTC15M-26OCT042245-45,0.9910,0.01,no
2026-10-05T02:43:12.457408Z,KXBTC15M-26OCT042245-45,0.9890,45.00,no
2026-10-05T02:43:12.477758Z,KXBTC15M-26OCT042245-45,0.9910,1.00,no
2026-10-05T02:43:12.477758Z,KXBTC15M-26OCT042245-45,0.9900,0.01,no
2026-10-05T02:43:12.477758Z,KXBTC15M-26OCT042245-45,0.9900,4.02,no
2026-10-05T02:43:12.499943Z,KXBTC15M-26OCT042245-45,0.9910,250.32,no
2026-10-05T02:43:12.499943Z,KXBTC15M-26OCT042245-45,0.9890,15.00,no
2026-10-05T02:43:12.499943Z,KXBTC15M-26OCT042245-45,0.9890,0.01,no
2026-10-05T02:43:12.499943Z,KXBTC15M-26OCT042245-45,0.9890,1.00,no
2026-10-05T02:43:12.499943Z,KXBTC15M-26OCT042245-45,0.9900,45.98,no
2026-10-05T02:43:12.499943Z,KXBTC15M-26OCT042245-45,0.9880,112.80,no
2026-10-05T02:43:12.521288Z,KXBTC15M-26OCT042245-45,0.9900,8.35,no
2026-10-05T02:43:12.610322Z,KXBTC15M-26OCT042245-45,0.9900,18.70,no
2026-10-05T02:43:12.611005Z,KXBTC15M-26OCT042245-45,0.9940,24.72,yes
2026-10-05T02:43:12.611005Z,KXBTC15M-26OCT042245-45,0.9940,0.01,yes
2026-10-05T02:43:12.611005Z,KXBTC15M-26OCT042245-45,0.9940,0.01,yes
2026-10-05T02:43:12.792438Z,KXBTC15M-26OCT042245-45,0.9910,1.00,no
2026-10-05T02:43:12.792438Z,KXBTC15M-26OCT042245-45,0.9920,15.00,no
2026-10-05T02:43:12.792438Z,KXBTC15M-26OCT042245-45,0.9900,22.95,no
2026-10-05T02:43:12.792438Z,KXBTC15M-26OCT042245-45,0.9900,1.00,no
2026-10-05T02:43:12.859117Z,KXBTC15M-26OCT042245-45,0.9890,53.31,yes
2026-10-05T02:43:12.875393Z,KXBTC15M-26OCT042245-45,0.9880,7.26,no
2026-10-05T02:43:12.877281Z,KXBTC15M-26OCT042245-45,0.9890,0.01,yes
2026-10-05T02:43:12.877281Z,KXBTC15M-26OCT042245-45,0.9900,50.00,yes
2026-10-05T02:43:12.877281Z,KXBTC15M-26OCT042245-45,0.9890,0.01,yes
2026-10-05T02:43:12.877281Z,KXBTC15M-26OCT042245-45,0.9890,13.74,yes
2026-10-05T02:43:12.953887Z,KXBTC15M-26OCT042245-45,0.9900,8.42,no
2026-10-05T02:43:12.980416Z,KXBTC15M-26OCT042245-45,0.9900,41.58,no
2026-10-05T02:43:12.980416Z,KXBTC15M-26OCT042245-45,0.9900,1.30,no
2026-10-05T02:43:12.982876Z,KXBTC15M-26OCT042245-45,0.9890,15.00,no
2026-10-05T02:43:12.982876Z,KXBTC15M-26OCT042245-45,0.9890,179.92,no
2026-10-05T02:43:12.982876Z,KXBTC15M-26OCT042245-45,0.9900,198.70,no
2026-10-05T02:43:12.987203Z,KXBTC15M-26OCT042245-45,0.9890,22.00,no
2026-10-05T02:43:12.987203Z,KXBTC15M-26OCT042245-45,0.9890,20.08,no
2026-10-05T02:43:12.987203Z,KXBTC15M-26OCT042245-45,0.9890,50.00,no
2026-10-05T02:43:12.987203Z,KXBTC15M-26OCT042245-45,0.9880,301.54,no
2026-10-05T02:43:13.015958Z,KXBTC15M-26OCT042245-45,0.9890,0.01,no
2026-10-05T02:43:13.015958Z,KXBTC15M-26OCT042245-45,0.9890,15.00,no
2026-10-05T02:43:13.015958Z,KXBTC15M-26OCT042245-45,0.9890,68.67,no
2026-10-05T02:43:13.150272Z,KXBTC15M-26OCT042245-45,0.9910,8.01,no
2026-10-05T02:43:13.179187Z,KXBTC15M-26OCT042245-45,0.9910,45.00,no
2026-10-05T02:43:13.230592Z,KXBTC15M-26OCT042245-45,0.9910,5.20,no
2026-10-05T02:43:13.241668Z,KXBTC15M-26OCT042245-45,0.9910,0.01,no
2026-10-05T02:43:13.241668Z,KXBTC15M-26OCT042245-45,0.9910,21.79,no
2026-10-05T02:43:13.241668Z,KXBTC15M-26OCT042245-45,0.9910,63.22,no
2026-10-05T02:43:13.265181Z,KXBTC15M-26OCT042245-45,0.9910,15.00,no
2026-10-05T02:43:13.265181Z,KXBTC15M-26OCT042245-45,0.9900,50.00,no
2026-10-05T02:43:13.265181Z,KXBTC15M-26OCT042245-45,0.9910,16.78,no
2026-10-05T02:43:13.265181Z,KXBTC15M-26OCT042245-45,0.9890,4.93,no
2026-10-05T02:43:13.271006Z,KXBTC15M-26OCT042245-45,0.9890,2.74,no
2026-10-05T02:43:13.292037Z,KXBTC15M-26OCT042245-45,0.9920,3.73,yes
2026-10-05T02:43:13.475296Z,KXBTC15M-26OCT042245-45,0.9890,7.33,no
2026-10-05T02:43:13.475296Z,KXBTC15M-26OCT042245-45,0.9890,159.31,no
2026-10-05T02:43:13.501436Z,KXBTC15M-26OCT042245-45,0.9900,15.00,no
2026-10-05T02:43:13.57988Z,KXBTC15M-26OCT042245-45,0.9900,50.00,no
2026-10-05T02:43:13.57988Z,KXBTC15M-26OCT042245-45,0.9900,129.56,no
2026-10-05T02:43:13.687463Z,KXBTC15M-26OCT042245-45,0.9900,225.99,no
2026-10-05T02:43:13.709822Z,KXBTC15M-26OCT042245-45,0.9920,0.01,yes
2026-10-05T02:43:13.709822Z,KXBTC15M-26OCT042245-45,0.9920,15.00,yes
2026-10-05T02:43:13.709822Z,KXBTC15M-26OCT042245-45,0.9920,0.01,yes
2026-10-05T02:43:13.709822Z,KXBTC15M-26OCT042245-45,0.9930,52.97,yes
2026-10-05T02:43:13.709822Z,KXBTC15M-26OCT042245-45,0.9930,15.00,yes
2026-10-05T02:43:13.75686Z,KXBTC15M-26OCT042245-45,0.9900,24.99,no
2026-10-05T02:43:13.773719Z,KXBTC15M-26OCT042245-45,0.9900,0.01,no
2026-10-05T02:43:13.773719Z,KXBTC15M-26OCT042245-45,0.9900,200.00,no
2026-10-05T02:43:13.773719Z,KXBTC15M-26OCT042245-45,0.9890,466.43,no
2026-10-05T02:43:13.773719Z,KXBTC15M-26OCT042245-45,0.9900,400.00,no
2026-10-05T02:43:13.773719Z,KXBTC15M-26OCT042245-45,0.9900,16.00,no
2026-10-05T02:43:13.773719Z,KXBTC15M-26OCT042245-45,0.9890,48.00,no
2026-10-05T02:43:13.773719Z,KXBTC15M-26OCT042245-45,0.9900,0.01,no
2026-10-05T02:43:13.773719Z,KXBTC15M-26OCT042245-45,0.9900,50.00,no
2026-10-05T02:43:13.773719Z,KXBTC15M-26OCT042245-45,0.9890,200.00,no
2026-10-05T02:43:13.773719Z,KXBTC15M-26OCT042245-45,0.9900,500.00,no
2026-10-05T02:43:13.773719Z,KXBTC15M-26OCT042245-45,0.9900,119.46,no
2026-10-05T02:43:13.777067Z,KXBTC15M-26OCT042245-45,0.9880,715.76,no
2026-10-05T02:43:14.002105Z,KXBTC15M-26OCT042245-45,0.9900,6.90,no
2026-10-05T02:43:14.002105Z,KXBTC15M-26OCT042245-45,0.9900,1.10,no
2026-10-05T02:43:14.066734Z,KXBTC15M-26OCT042245-45,0.9900,48.90,no
2026-10-05T02:43:14.066734Z,KXBTC15M-26OCT042245-45,0.9900,138.13,no
2026-10-05T02:43:14.163596Z,KXBTC15M-26OCT042245-45,0.9930,41.29,yes
2026-10-05T02:43:14.163596Z,KXBTC15M-26OCT042245-45,0.9930,100.00,yes
2026-10-05T02:43:14.163596Z,KXBTC15M-26OCT042245-45,0.9930,0.01,yes
2026-10-05T02:43:14.163596Z,KXBTC15M-26OCT042245-45,0.9930,400.00,yes
2026-10-05T02:43:14.163596Z,KXBTC15M-26OCT042245-45,0.9930,0.01,yes
2026-10-05T02:43:14.163596Z,KXBTC15M-26OCT042245-45,0.9930,200.00,yes
2026-10-05T02:43:14.163596Z,KXBTC15M-26OCT042245-45,0.9930,83.00,yes
2026-10-05T02:43:14.193088Z,KXBTC15M-26OCT042245-45,0.9900,31.64,no
2026-10-05T02:43:14.193088Z,KXBTC15M-26OCT042245-45,0.9900,61.87,no
2026-10-05T02:43:14.288942Z,KXBTC15M-26OCT042245-45,0.9900,93.51,no
2026-10-05T02:43:14.404604Z,KXBTC15M-26OCT042245-45,0.9920,36.33,no
2026-10-05T02:43:14.469992Z,KXBTC15M-26OCT042245-45,0.9920,36.33,no
2026-10-05T02:43:14.474184Z,KXBTC15M-26OCT042245-45,0.9920,53.62,no
2026-10-05T02:43:14.474184Z,KXBTC15M-26OCT042245-45,0.9920,45.38,no
2026-10-05T02:43:14.503069Z,KXBTC15M-26OCT042245-45,0.9920,8.50,no
2026-10-05T02:43:14.558843Z,KXBTC15M-26OCT042245-45,0.9920,119.43,no
2026-10-05T02:43:14.558843Z,KXBTC15M-26OCT042245-45,0.9920,146.12,no
2026-10-05T02:43:14.558843Z,KXBTC15M-26OCT042245-45,0.9920,15.00,no
2026-10-05T02:43:14.600465Z,KXBTC15M-26OCT042245-45,0.9920,380.57,no
2026-10-05T02:43:14.600465Z,KXBTC15M-26OCT042245-45,0.9920,106.41,no
2026-10-05T02:43:14.600465Z,KXBTC15M-26OCT042245-45,0.9920,0.01,no
2026-10-05T02:43:14.600465Z,KXBTC15M-26OCT042245-45,0.9920,0.01,no
2026-10-05T02:43:14.68065Z,KXBTC15M-26OCT042245-45,0.9910,200.00,no
2026-10-05T02:43:14.68065Z,KXBTC15M-26OCT042245-45,0.9920,150.00,no
2026-10-05T02:43:14.68065Z,KXBTC15M-26OCT042245-45,0.9900,24.00,no
2026-10-05T02:43:14.68065Z,KXBTC15M-26OCT042245-45,0.9920,93.59,no
2026-10-05T02:43:14.76752Z,KXBTC15M-26OCT042245-45,0.9880,23.56,no
2026-10-05T02:43:14.76752Z,KXBTC15M-26OCT042245-45,0.9890,98.00,no
2026-10-05T02:43:14.76752Z,KXBTC15M-26OCT042245-45,0.9900,56.00,no
2026-10-05T02:43:14.76752Z,KXBTC15M-26OCT042245-45,0.9920,15.00,no
2026-10-05T02:43:14.76752Z,KXBTC15M-26OCT042245-45,0.9900,200.00,no
2026-10-05T02:43:14.76752Z,KXBTC15M-26OCT042245-45,0.9890,200.00,no
2026-10-05T02:43:14.76752Z,KXBTC15M-26OCT042245-45,0.9900,271.00,no
2026-10-05T02:43:14.76752Z,KXBTC15M-26OCT042245-45,0.9900,26.00,no
2026-10-05T02:43:14.85833Z,KXBTC15M-26OCT042245-45,0.9890,43.85,no
2026-10-05T02:43:14.85833Z,KXBTC15M-26OCT042245-45,0.9890,1.09,no
2026-10-05T02:43:14.85833Z,KXBTC15M-26OCT042245-45,0.9890,1.06,no
2026-10-05T02:43:14.911448Z,KXBTC15M-26OCT042245-45,0.9920,0.85,no
2026-10-05T02:43:14.944246Z,KXBTC15M-26OCT042245-45,0.9910,17.00,no
2026-10-05T02:43:14.944246Z,KXBTC15M-26OCT042245-45,0.9910,400.00,no
2026-10-05T02:43:14.944246Z,KXBTC15M-26OCT042245-45,0.9900,0.59,no
2026-10-05T02:43:14.944246Z,KXBTC15M-26OCT042245-45,0.9900,50.00,no
2026-10-05T02:43:14.945775Z,KXBTC15M-26OCT042245-45,0.9900,6.33,no
2026-10-05T02:43:14.952028Z,KXBTC15M-26OCT042245-45,0.9930,1.61,yes
2026-10-05T02:43:14.952028Z,KXBTC15M-26OCT042245-45,0.9930,0.01,yes
2026-10-05T02:43:14.952028Z,KXBTC15M-26OCT042245-45,0.9930,0.01,yes
2026-10-05T02:43:14.991035Z,KXBTC15M-26OCT042245-45,0.9930,2.81,yes
2026-10-05T02:43:15.067604Z,KXBTC15M-26OCT042245-45,0.9920,36.72,yes
2026-10-05T02:43:15.077285Z,KXBTC15M-26OCT042245-45,0.9920,249.76,yes
2026-10-05T02:43:15.077285Z,KXBTC15M-26OCT042245-45,0.9920,0.01,yes
2026-10-05T02:43:15.077285Z,KXBTC15M-26OCT042245-45,0.9920,0.01,yes
2026-10-05T02:43:15.216996Z,KXBTC15M-26OCT042245-45,0.9920,0.01,yes
2026-10-05T02:43:15.216996Z,KXBTC15M-26OCT042245-45,0.9930,15.00,yes
2026-10-05T02:43:15.216996Z,KXBTC15M-26OCT042245-45,0.9930,15.00,yes
2026-10-05T02:43:15.217012Z,KXBTC15M-26OCT042245-45,0.9940,0.02,yes
2026-10-05T02:43:15.226579Z,KXBTC15M-26OCT042245-45,0.9920,0.01,no
2026-10-05T02:43:15.226579Z,KXBTC15M-26OCT042245-45,0.9920,86.00,no
2026-10-05T02:43:15.226579Z,KXBTC15M-26OCT042245-45,0.9910,0.01,no
2026-10-05T02:43:15.226579Z,KXBTC15M-26OCT042245-45,0.9910,400.00,no
2026-10-05T02:43:15.226579Z,KXBTC15M-26OCT042245-45,0.9910,21.50,no
2026-10-05T02:43:15.226579Z,KXBTC15M-26OCT042245-45,0.9910,17.00,no
2026-10-05T02:43:15.23472Z,KXBTC15M-26OCT042245-45,0.9910,8.49,no
2026-10-05T02:43:15.23472Z,KXBTC15M-26OCT042245-45,0.9910,0.01,no
2026-10-05T02:43:15.27108Z,KXBTC15M-26OCT042245-45,0.9920,15.00,no
2026-10-05T02:43:15.27108Z,KXBTC15M-26OCT042245-45,0.9920,55.01,no
2026-10-05T02:43:15.27108Z,KXBTC15M-26OCT042245-45,0.9920,0.01,no
2026-10-05T02:43:15.27108Z,KXBTC15M-26OCT042245-45,0.9920,15.00,no
2026-10-05T02:43:15.27251Z,KXBTC15M-26OCT042245-45,0.9910,0.01,no
2026-10-05T02:43:15.27251Z,KXBTC15M-26OCT042245-45,0.9910,15.00,no
2026-10-05T02:43:15.27251Z,KXBTC15M-26OCT042245-45,0.9910,17.00,no
2026-10-05T02:43:15.27251Z,KXBTC15M-26OCT042245-45,0.9910,248.54,no
2026-10-05T02:43:15.301786Z,KXBTC15M-26OCT042245-45,0.9920,15.00,no
2026-10-05T02:43:15.315082Z,KXBTC15M-26OCT042245-45,0.9920,10.00,no
2026-10-05T02:43:15.315082Z,KXBTC15M-26OCT042245-45,0.9910,485.00,no
2026-10-05T02:43:15.315082Z,KXBTC15M-26OCT042245-45,0.9900,1204.00,no
2026-10-05T02:43:15.421123Z,KXBTC15M-26OCT042245-45,0.9920,103.91,no
2026-10-05T02:43:15.485273Z,KXBTC15M-26OCT042245-45,0.9930,4.05,yes
2026-10-05T02:43:15.485273Z,KXBTC15M-26OCT042245-45,0.9930,0.01,yes
2026-10-05T02:43:15.485273Z,KXBTC15M-26OCT042245-45,0.9930,15.00,yes
2026-10-05T02:43:15.485273Z,KXBTC15M-26OCT042245-45,0.9930,15.00,yes
2026-10-05T02:43:15.586096Z,KXBTC15M-26OCT042245-45,0.9930,0.01,yes
2026-10-05T02:43:15.586096Z,KXBTC15M-26OCT042245-45,0.9930,0.01,yes
2026-10-05T02:43:15.586096Z,KXBTC15M-26OCT042245-45,0.9930,1.10,yes
2026-10-05T02:43:15.586096Z,KXBTC15M-26OCT042245-45,0.9930,10.95,yes
2026-10-05T02:43:15.702996Z,KXBTC15M-26OCT042245-45,0.9920,200.00,no
2026-10-05T02:43:15.702996Z,KXBTC15M-26OCT042245-45,0.9920,400.00,no
2026-10-05T02:43:15.702996Z,KXBTC15M-26OCT042245-45,0.9920,0.01,no
2026-10-05T02:43:15.702996Z,KXBTC15M-26OCT042245-45,0.9920,15.00,no
2026-10-05T02:43:15.702996Z,KXBTC15M-26OCT042245-45,0.9920,14.43,no
2026-10-05T02:43:15.702996Z,KXBTC15M-26OCT042245-45,0.9920,500.00,no
2026-10-05T02:43:15.702996Z,KXBTC15M-26OCT042245-45,0.9920,10.00,no
2026-10-05T02:43:15.702996Z,KXBTC15M-26OCT042245-45,0.9920,0.01,no
2026-10-05T02:43:15.728189Z,KXBTC15M-26OCT042245-45,0.9920,97.87,no
2026-10-05T02:43:15.728189Z,KXBTC15M-26OCT042245-45,0.9920,0.01,no
2026-10-05T02:43:15.728189Z,KXBTC15M-26OCT042245-45,0.9920,15.00,no
2026-10-05T02:43:15.9036Z,KXBTC15M-26OCT042245-45,0.9910,3.52,no
2026-10-05T02:43:15.920004Z,KXBTC15M-26OCT042245-45,0.9930,0.01,yes
2026-10-05T02:43:15.920004Z,KXBTC15M-26OCT042245-45,0.9930,0.01,yes
2026-10-05T02:43:15.920004Z,KXBTC15M-26OCT042245-45,0.9930,1.71,yes
2026-10-05T02:43:15.923606Z,KXBTC15M-26OCT042245-45,0.9910,6.87,no
2026-10-05T02:43:15.929692Z,KXBTC15M-26OCT042245-45,0.9930,15.00,yes
2026-10-05T02:43:15.929692Z,KXBTC15M-26OCT042245-45,0.9930,13.29,yes
2026-10-05T02:43:15.929692Z,KXBTC15M-26OCT042245-45,0.9930,0.01,yes
2026-10-05T02:43:15.929692Z,KXBTC15M-26OCT042245-45,0.9930,0.01,yes
2026-10-05T02:43:15.929692Z,KXBTC15M-26OCT042245-45,0.9930,15.00,yes
2026-10-05T02:43:15.929692Z,KXBTC15M-26OCT042245-45,0.9930,1.71,yes
2026-10-05T02:43:16.109467Z,KXBTC15M-26OCT042245-45,0.9920,15.00,no
2026-10-05T02:43:16.109467Z,KXBTC15M-26OCT042245-45,0.9920,0.01,no
2026-10-05T02:43:16.109467Z,KXBTC15M-26OCT042245-45,0.9920,20.07,no
2026-10-05T02:43:16.109467Z,KXBTC15M-26OCT042245-45,0.9920,0.01,no
2026-10-05T02:43:16.121633Z,KXBTC15M-26OCT042245-45,0.9920,116.88,no
2026-10-05T02:43:16.19279Z,KXBTC15M-26OCT042245-45,0.9920,103.91,no
2026-10-05T02:43:16.272559Z,KXBTC15M-26OCT042245-45,0.9920,48.21,no
2026-10-05T02:43:16.272559Z,KXBTC15M-26OCT042245-45,0.9920,159.14,no
2026-10-05T02:43:16.272559Z,KXBTC15M-26OCT042245-45,0.9920,15.00,no
2026-10-05T02:43:16.278959Z,KXBTC15M-26OCT042245-45,0.9920,116.25,no
2026-10-05T02:43:16.301175Z,KXBTC15M-26OCT042245-45,0.9920,10.93,no
2026-10-05T02:43:16.543297Z,KXBTC15M-26OCT042245-45,0.9930,0.01,yes
2026-10-05T02:43:16.543297Z,KXBTC15M-26OCT042245-45,0.9930,0.01,yes
2026-10-05T02:43:16.543297Z,KXBTC15M-26OCT042245-45,0.9930,1.98,yes
2026-10-05T02:43:16.570209Z,KXBTC15M-26OCT042245-45,0.9920,324.61,no
2026-10-05T02:43:16.570209Z,KXBTC15M-26OCT042245-45,0.9920,0.01,no
2026-10-05T02:43:16.570209Z,KXBTC15M-26OCT042245-45,0.9920,0.01,no
2026-10-05T02:43:16.570209Z,KXBTC15M-26OCT042245-45,0.9920,19.01,no
2026-10-05T02:43:16.584043Z,KXBTC15M-26OCT042245-45,0.9920,116.88,no
2026-10-05T02:43:16.737514Z,KXBTC15M-26OCT042245-45,0.9930,4.37,yes
2026-10-05T02:43:16.746159Z,KXBTC15M-26OCT042245-45,0.9920,29.27,no
2026-10-05T02:43:16.858229Z,KXBTC15M-26OCT042245-45,0.9920,12.37,no
2026-10-05T02:43:16.858628Z,KXBTC15M-26OCT042245-45,0.9930,8.65,yes
2026-10-05T02:43:16.858628Z,KXBTC15M-26OCT042245-45,0.9930,3.42,yes
2026-10-05T02:43:16.897886Z,KXBTC15M-26OCT042245-45,0.9920,116.88,no
2026-10-05T02:43:16.965641Z,KXBTC15M-26OCT042245-45,0.9920,123.50,no
2026-10-05T02:43:16.965641Z,KXBTC15M-26OCT042245-45,0.9920,105.59,no
2026-10-05T02:43:17.034401Z,KXBTC15M-26OCT042245-45,0.9920,116.86,no
2026-10-05T02:43:17.034401Z,KXBTC15M-26OCT042245-45,0.9920,0.01,no
2026-10-05T02:43:17.034401Z,KXBTC15M-26OCT042245-45,0.9920,0.01,no
2026-10-05T02:43:17.05995Z,KXBTC15M-26OCT042245-45,0.9920,23.05,no
2026-10-05T02:43:17.085674Z,KXBTC15M-26OCT042245-45,0.9930,11.58,yes
2026-10-05T02:43:17.085674Z,KXBTC15M-26OCT042245-45,0.9930,0.42,yes
2026-10-05T02:43:17.096281Z,KXBTC15M-26OCT042245-45,0.9920,360.09,no
2026-10-05T02:43:17.096281Z,KXBTC15M-26OCT042245-45,0.9920,212.64,no
2026-10-05T02:43:17.108784Z,KXBTC15M-26OCT042245-45,0.9920,746.19,no
2026-10-05T02:43:17.108784Z,KXBTC15M-26OCT042245-45,0.9920,187.36,no
2026-10-05T02:43:17.129539Z,KXBTC15M-26OCT042245-45,0.9920,11.40,no
2026-10-05T02:43:17.195273Z,KXBTC15M-26OCT042245-45,0.9920,93.02,no
2026-10-05T02:43:17.240629Z,KXBTC15M-26OCT042245-45,0.9940,3141.00,yes
2026-10-05T02:43:17.240629Z,KXBTC15M-26OCT042245-45,0.9930,4.37,yes
2026-10-05T02:43:17.240629Z,KXBTC15M-26OCT042245-45,0.9930,8.65,yes
2026-10-05T02:43:17.240629Z,KXBTC15M-26OCT042245-45,0.9930,14.58,yes
2026-10-05T02:43:17.240629Z,KXBTC15M-26OCT042245-45,0.9930,0.01,yes
2026-10-05T02:43:17.240629Z,KXBTC15M-26OCT042245-45,0.9930,0.01,yes
2026-10-05T02:43:17.240629Z,KXBTC15M-26OCT042245-45,0.9930,1.98,yes
2026-10-05T02:43:17.270463Z,KXBTC15M-26OCT042245-45,0.9930,29.52,no
2026-10-05T02:43:17.336027Z,KXBTC15M-26OCT042245-45,0.9930,45.40,no
2026-10-05T02:43:17.336027Z,KXBTC15M-26OCT042245-45,0.9930,15.00,no
2026-10-05T02:43:17.336027Z,KXBTC15M-26OCT042245-45,0.9930,56.48,no
2026-10-05T02:43:17.34388Z,KXBTC15M-26OCT042245-45,0.9930,233.77,no
2026-10-05T02:43:17.355015Z,KXBTC15M-26OCT042245-45,0.9920,5.84,no
2026-10-05T02:43:17.383917Z,KXBTC15M-26OCT042245-45,0.9940,12.29,yes
2026-10-05T02:43:17.392445Z,KXBTC15M-26OCT042245-45,0.9950,81.27,yes
2026-10-05T02:43:17.392445Z,KXBTC15M-26OCT042245-45,0.9940,16.00,yes
2026-10-05T02:43:17.392445Z,KXBTC15M-26OCT042245-45,0.9940,2.71,yes
2026-10-05T02:43:17.392445Z,KXBTC15M-26OCT042245-45,0.9940,0.01,yes
2026-10-05T02:43:17.392445Z,KXBTC15M-26OCT042245-45,0.9940,0.01,yes
2026-10-05T02:43:17.395662Z,KXBTC15M-26OCT042245-45,0.9950,16.42,yes
2026-10-05T02:43:17.398499Z,KXBTC15M-26OCT042245-45,0.9920,94.28,no
2026-10-05T02:43:17.398499Z,KXBTC15M-26OCT042245-45,0.9920,22.60,no
2026-10-05T02:43:17.440358Z,KXBTC15M-26OCT042245-45,0.9950,1673.41,yes
2026-10-05T02:43:17.440358Z,KXBTC15M-26OCT042245-45,0.9950,0.01,yes
2026-10-05T02:43:17.440358Z,KXBTC15M-26OCT042245-45,0.9950,0.01,yes
2026-10-05T02:43:17.440358Z,KXBTC15M-26OCT042245-45,0.9950,200.00,yes
2026-10-05T02:43:17.614367Z,KXBTC15M-26OCT042245-45,0.9920,10.00,no
2026-10-05T02:43:17.614367Z,KXBTC15M-26OCT042245-45,0.9920,55.72,no
2026-10-05T02:43:17.614367Z,KXBTC15M-26OCT042245-45,0.9920,38.19,no
2026-10-05T02:43:17.615625Z,KXBTC15M-26OCT042245-45,0.9920,192.79,no
2026-10-05T02:43:17.625506Z,KXBTC15M-26OCT042245-45,0.9920,816.02,no
2026-10-05T02:43:17.625506Z,KXBTC15M-26OCT042245-45,0.9920,0.01,no
2026-10-05T02:43:17.625506Z,KXBTC15M-26OCT042245-45,0.9920,0.01,no
2026-10-05T02:43:17.625506Z,KXBTC15M-26OCT042245-45,0.9920,34.19,no
2026-10-05T02:43:17.676447Z,KXBTC15M-26OCT042245-45,0.9940,584.42,no
2026-10-05T02:43:17.696819Z,KXBTC15M-26OCT042245-45,0.9940,21.00,no
2026-10-05T02:43:17.781403Z,KXBTC15M-26OCT042245-45,0.9950,0.98,yes
2026-10-05T02:43:17.781403Z,KXBTC15M-26OCT042245-45,0.9950,0.01,yes
2026-10-05T02:43:17.781403Z,KXBTC15M-26OCT042245-45,0.9950,0.01,yes
2026-10-05T02:43:17.800874Z,KXBTC15M-26OCT042245-45,0.9940,701.31,no
2026-10-05T02:43:17.835061Z,KXBTC15M-26OCT042245-45,0.9950,0.98,yes
2026-10-05T02:43:17.835061Z,KXBTC15M-26OCT042245-45,0.9950,0.01,yes
2026-10-05T02:43:17.835061Z,KXBTC15M-26OCT042245-45,0.9950,200.00,yes
2026-10-05T02:43:17.835061Z,KXBTC15M-26OCT042245-45,0.9950,0.01,yes
2026-10-05T02:43:17.835061Z,KXBTC15M-26OCT042245-45,0.9950,500.00,yes
2026-10-05T02:43:17.835061Z,KXBTC15M-26OCT042245-45,0.9950,13.02,yes
2026-10-05T02:43:17.835061Z,KXBTC15M-26OCT042245-45,0.9950,43.00,yes
2026-10-05T02:43:17.841383Z,KXBTC15M-26OCT042245-45,0.9960,2.00,yes
2026-10-05T02:43:17.841383Z,KXBTC15M-26OCT042245-45,0.9960,8.74,yes
2026-10-05T02:43:17.841383Z,KXBTC15M-26OCT042245-45,0.9950,0.01,yes
2026-10-05T02:43:17.841383Z,KXBTC15M-26OCT042245-45,0.9960,2.00,yes
2026-10-05T02:43:17.921884Z,KXBTC15M-26OCT042245-45,0.9900,21.69,no
2026-10-05T02:43:17.921884Z,KXBTC15M-26OCT042245-45,0.9920,150.00,no
2026-10-05T02:43:17.921884Z,KXBTC15M-26OCT042245-45,0.9920,200.00,no
2026-10-05T02:43:17.921884Z,KXBTC15M-26OCT042245-45,0.9900,16.29,no
2026-10-05T02:43:17.921884Z,KXBTC15M-26OCT042245-45,0.9910,200.00,no
2026-10-05T02:43:17.921884Z,KXBTC15M-26OCT042245-45,0.9940,15.00,no
2026-10-05T02:43:17.921884Z,KXBTC15M-26OCT042245-45,0.9940,0.01,no
2026-10-05T02:43:17.921884Z,KXBTC15M-26OCT042245-45,0.9940,0.01,no
2026-10-05T02:43:17.921884Z,KXBTC15M-26OCT042245-45,0.9900,30.00,no
2026-10-05T02:43:17.921884Z,KXBTC15M-26OCT042245-45,0.9900,10.00,no
2026-10-05T02:43:17.921884Z,KXBTC15M-26OCT042245-45,0.9900,25.00,no
2026-10-05T02:43:17.921884Z,KXBTC15M-26OCT042245-45,0.9920,32.00,no
2026-10-05T02:43:17.929153Z,KXBTC15M-26OCT042245-45,0.9950,0.01,yes
2026-10-05T02:43:17.929153Z,KXBTC15M-26OCT042245-45,0.9950,0.01,yes
2026-10-05T02:43:17.958356Z,KXBTC15M-26OCT042245-45,0.9920,116.88,no
2026-10-05T02:43:18.050442Z,KXBTC15M-26OCT042245-45,0.9920,33.12,no
2026-10-05T02:43:18.050442Z,KXBTC15M-26OCT042245-45,0.9920,0.01,no
2026-10-05T02:43:18.050442Z,KXBTC15M-26OCT042245-45,0.9920,0.01,no
2026-10-05T02:43:18.050442Z,KXBTC15M-26OCT042245-45,0.9920,83.74,no
2026-10-05T02:43:18.062094Z,KXBTC15M-26OCT042245-45,0.9920,116.88,no
2026-10-05T02:43:18.123145Z,KXBTC15M-26OCT042245-45,0.9920,35.35,no
2026-10-05T02:43:18.143386Z,KXBTC15M-26OCT042245-45,0.9920,50.40,no
2026-10-05T02:43:18.189844Z,KXBTC15M-26OCT042245-45,0.9920,197.37,no
2026-10-05T02:43:18.189844Z,KXBTC15M-26OCT042245-45,0.9920,31.70,no
2026-10-05T02:43:18.189844Z,KXBTC15M-26OCT042245-45,0.9920,0.01,no
2026-10-05T02:43:18.189844Z,KXBTC15M-26OCT042245-45,0.9920,0.01,no
2026-10-05T02:43:18.236669Z,KXBTC15M-26OCT042245-45,0.9910,54.42,no
2026-10-05T02:43:18.236669Z,KXBTC15M-26OCT042245-45,0.9920,0.01,no
2026-10-05T02:43:18.236669Z,KXBTC15M-26OCT042245-45,0.9920,400.00,no
2026-10-05T02:43:18.236669Z,KXBTC15M-26OCT042245-45,0.9920,118.30,no
2026-10-05T02:43:18.276393Z,KXBTC15M-26OCT042245-45,0.9950,10.03,yes
2026-10-05T02:43:18.276393Z,KXBTC15M-26OCT042245-45,0.9950,0.01,yes
2026-10-05T02:43:18.317702Z,KXBTC15M-26OCT042245-45,0.9940,1.52,no
2026-10-05T02:43:18.320671Z,KXBTC15M-26OCT042245-45,0.9900,528.92,no
2026-10-05T02:43:18.320671Z,KXBTC15M-26OCT042245-45,0.9940,0.01,no
2026-10-05T02:43:18.320671Z,KXBTC15M-26OCT042245-45,0.9910,42.00,no
2026-10-05T02:43:18.320671Z,KXBTC15M-26OCT042245-45,0.9910,200.00,no
2026-10-05T02:43:18.320671Z,KXBTC15M-26OCT042245-45,0.9940,8.48,no
2026-10-05T02:43:18.320671Z,KXBTC15M-26OCT042245-45,0.9920,0.01,no
2026-10-05T02:43:18.320671Z,KXBTC15M-26OCT042245-45,0.9940,0.01,no
2026-10-05T02:43:18.349261Z,KXBTC15M-26OCT042245-45,0.9940,270.99,no
2026-10-05T02:43:18.349261Z,KXBTC15M-26OCT042245-45,0.9940,0.01,no
2026-10-05T02:43:18.387378Z,KXBTC15M-26OCT042245-45,0.9940,137.71,no
2026-10-05T02:43:18.387378Z,KXBTC15M-26OCT042245-45,0.9940,15.00,no
2026-10-05T02:43:18.416008Z,KXBTC15M-26OCT042245-45,0.9920,0.01,no
2026-10-05T02:43:18.416008Z,KXBTC15M-26OCT042245-45,0.9920,116.87,no
2026-10-05T02:43:18.424354Z,KXBTC15M-26OCT042245-45,0.9950,0.01,yes
2026-10-05T02:43:18.424354Z,KXBTC15M-26OCT042245-45,0.9950,4.97,yes
2026-10-05T02:43:18.424354Z,KXBTC15M-26OCT042245-45,0.9950,13.23,yes
2026-10-05T02:43:18.424354Z,KXBTC15M-26OCT042245-45,0.9950,0.01,yes
2026-10-05T02:43:18.425373Z,KXBTC15M-26OCT042245-45,0.9940,116.88,no
2026-10-05T02:43:18.436114Z,KXBTC15M-26OCT042245-45,0.9950,0.01,yes
2026-10-05T02:43:18.436114Z,KXBTC15M-26OCT042245-45,0.9950,0.01,yes
2026-10-05T02:43:18.436114Z,KXBTC15M-26OCT042245-45,0.9950,15.00,yes
2026-10-05T02:43:18.506138Z,KXBTC15M-26OCT042245-45,0.9940,10.00,no
2026-10-05T02:43:18.506138Z,KXBTC15M-26OCT042245-45,0.9940,0.01,no
2026-10-05T02:43:18.506138Z,KXBTC15M-26OCT042245-45,0.9940,0.01,no
2026-10-05T02:43:18.506138Z,KXBTC15M-26OCT042245-45,0.9940,106.86,no
2026-10-05T02:43:18.585397Z,KXBTC15M-26OCT042245-45,0.9960,0.98,yes
2026-10-05T02:43:18.585397Z,KXBTC15M-26OCT042245-45,0.9950,0.01,yes
2026-10-05T02:43:18.585397Z,KXBTC15M-26OCT042245-45,0.9950,0.01,yes
2026-10-05T02:43:18.597818Z,KXBTC15M-26OCT042245-45,0.9940,116.88,no
2026-10-05T02:43:18.627206Z,KXBTC15M-26OCT042245-45,0.9950,259.63,yes
2026-10-05T02:43:18.627206Z,KXBTC15M-26OCT042245-45,0.9950,0.01,yes
2026-10-05T02:43:18.627206Z,KXBTC15M-26OCT042245-45,0.9950,200.00,yes
2026-10-05T02:43:18.627206Z,KXBTC15M-26OCT042245-45,0.9950,0.01,yes
2026-10-05T02:43:18.639415Z,KXBTC15M-26OCT042245-45,0.9940,116.88,no
2026-10-05T02:43:18.642227Z,KXBTC15M-26OCT042245-45,0.9960,4.67,yes
2026-10-05T02:43:18.642227Z,KXBTC15M-26OCT042245-45,0.9960,14.02,yes
2026-10-05T02:43:18.727512Z,KXBTC15M-26OCT042245-45,0.9920,150.00,no
2026-10-05T02:43:18.727512Z,KXBTC15M-26OCT042245-45,0.9950,0.01,no
2026-10-05T02:43:18.727512Z,KXBTC15M-26OCT042245-45,0.9920,27.00,no
2026-10-05T02:43:18.727512Z,KXBTC15M-26OCT042245-45,0.9940,0.01,no
2026-10-05T02:43:18.727512Z,KXBTC15M-26OCT042245-45,0.9950,15.00,no
2026-10-05T02:43:18.727512Z,KXBTC15M-26OCT042245-45,0.9950,0.01,no
2026-10-05T02:43:18.727512Z,KXBTC15M-26OCT042245-45,0.9940,0.01,no
2026-10-05T02:43:18.727512Z,KXBTC15M-26OCT042245-45,0.9950,15.00,no
2026-10-05T02:43:18.727512Z,KXBTC15M-26OCT042245-45,0.9920,1.53,no
2026-10-05T02:43:18.764315Z,KXBTC15M-26OCT042245-45,0.9930,36.98,no
2026-10-05T02:43:18.826892Z,KXBTC15M-26OCT042245-45,0.9970,250.00,yes
2026-10-05T02:43:18.826892Z,KXBTC15M-26OCT042245-45,0.9960,83.00,yes
2026-10-05T02:43:18.826892Z,KXBTC15M-26OCT042245-45,0.9960,0.01,yes
2026-10-05T02:43:18.826892Z,KXBTC15M-26OCT042245-45,0.9960,0.01,yes
2026-10-05T02:43:18.826892Z,KXBTC15M-26OCT042245-45,0.9950,0.01,yes
2026-10-05T02:43:18.826892Z,KXBTC15M-26OCT042245-45,0.9960,15.00,yes
2026-10-05T02:43:18.826892Z,KXBTC15M-26OCT042245-45,0.9950,200.00,yes
2026-10-05T02:43:18.826892Z,KXBTC15M-26OCT042245-45,0.9960,200.00,yes
2026-10-05T02:43:18.826892Z,KXBTC15M-26OCT042245-45,0.9960,14.02,yes
2026-10-05T02:43:18.826892Z,KXBTC15M-26OCT042245-45,0.9960,0.98,yes
2026-10-05T02:43:18.826892Z,KXBTC15M-26OCT042245-45,0.9950,0.01,yes
2026-10-05T02:43:18.826892Z,KXBTC15M-26OCT042245-45,0.9960,15.00,yes
2026-10-05T02:43:18.826892Z,KXBTC15M-26OCT042245-45,0.9970,21.96,yes
2026-10-05T02:43:18.85803Z,KXBTC15M-26OCT042245-45,0.9950,0.01,yes
2026-10-05T02:43:18.85803Z,KXBTC15M-26OCT042245-45,0.9960,15.00,yes
2026-10-05T02:43:18.85803Z,KXBTC15M-26OCT042245-45,0.9950,0.01,yes
2026-10-05T02:43:18.85803Z,KXBTC15M-26OCT042245-45,0.9970,969.55,yes
2026-10-05T02:43:18.934393Z,KXBTC15M-26OCT042245-45,0.9950,0.01,yes
2026-10-05T02:43:18.934393Z,KXBTC15M-26OCT042245-45,0.9960,15.00,yes
2026-10-05T02:43:18.934393Z,KXBTC15M-26OCT042245-45,0.9950,0.01,yes
2026-10-05T02:43:18.934393Z,KXBTC15M-26OCT042245-45,0.9970,0.68,yes
2026-10-05T02:43:18.949136Z,KXBTC15M-26OCT042245-45,0.9940,2.10,no
2026-10-05T02:43:19.122902Z,KXBTC15M-26OCT042245-45,0.9950,2.10,no
2026-10-05T02:43:19.133723Z,KXBTC15M-26OCT042245-45,0.9950,77.91,no
2026-10-05T02:43:19.142263Z,KXBTC15M-26OCT042245-45,0.9970,3943.66,yes
2026-10-05T02:43:19.142263Z,KXBTC15M-26OCT042245-45,0.9960,0.01,yes
2026-10-05T02:43:19.142263Z,KXBTC15M-26OCT042245-45,0.9970,250.00,yes
2026-10-05T02:43:19.142263Z,KXBTC15M-26OCT042245-45,0.9960,0.01,yes
2026-10-05T02:43:19.142263Z,KXBTC15M-26OCT042245-45,0.9960,15.00,yes
2026-10-05T02:43:19.142263Z,KXBTC15M-26OCT042245-45,0.9970,67.00,yes
2026-10-05T02:43:19.142263Z,KXBTC15M-26OCT042245-45,0.9970,199.32,yes
2026-10-05T02:43:19.15436Z,KXBTC15M-26OCT042245-45,0.9950,15.00,no
2026-10-05T02:43:19.15436Z,KXBTC15M-26OCT042245-45,0.9950,103.38,no
2026-10-05T02:43:19.15436Z,KXBTC15M-26OCT042245-45,0.9950,0.01,no
2026-10-05T02:43:19.15436Z,KXBTC15M-26OCT042245-45,0.9950,0.01,no
2026-10-05T02:43:19.15436Z,KXBTC15M-26OCT042245-45,0.9940,0.01,no
2026-10-05T02:43:19.15436Z,KXBTC15M-26OCT042245-45,0.9940,7.46,no
2026-10-05T02:43:19.15436Z,KXBTC15M-26OCT042245-45,0.9940,0.01,no
2026-10-05T02:43:19.161389Z,KXBTC15M-26OCT042245-45,0.9950,0.01,no
2026-10-05T02:43:19.161389Z,KXBTC15M-26OCT042245-45,0.9940,152.70,no
2026-10-05T02:43:19.195541Z,KXBTC15M-26OCT042245-45,0.9950,0.99,no
2026-10-05T02:43:19.195541Z,KXBTC15M-26OCT042245-45,0.9950,0.01,no
2026-10-05T02:43:19.370647Z,KXBTC15M-26OCT042245-45,0.9950,0.01,no
2026-10-05T02:43:19.370647Z,KXBTC15M-26OCT042245-45,0.9950,206.06,no
2026-10-05T02:43:19.370647Z,KXBTC15M-26OCT042245-45,0.9950,0.01,no
2026-10-05T02:43:19.370647Z,KXBTC15M-26OCT042245-45,0.9950,15.00,no
2026-10-05T02:43:19.370647Z,KXBTC15M-26OCT042245-45,0.9950,14.01,no
2026-10-05T02:43:19.434494Z,KXBTC15M-26OCT042245-45,0.9950,467.48,no
2026-10-05T02:43:19.482788Z,KXBTC15M-26OCT042245-45,0.9950,779.13,no
2026-10-05T02:43:19.681626Z,KXBTC15M-26OCT042245-45,0.9950,159.92,no
2026-10-05T02:43:19.722297Z,KXBTC15M-26OCT042245-45,0.9950,186.97,no
2026-10-05T02:43:19.760951Z,KXBTC15M-26OCT042245-45,0.9960,0.01,yes
2026-10-05T02:43:19.760951Z,KXBTC15M-26OCT042245-45,0.9960,0.99,yes
2026-10-05T02:43:19.878203Z,KXBTC15M-26OCT042245-45,0.9950,1.83,no
2026-10-05T02:43:19.899233Z,KXBTC15M-26OCT042245-45,0.9950,0.01,no
2026-10-05T02:43:19.899233Z,KXBTC15M-26OCT042245-45,0.9950,149.45,no
2026-10-05T02:43:19.899233Z,KXBTC15M-26OCT042245-45,0.9950,15.00,no
2026-10-05T02:43:19.899233Z,KXBTC15M-26OCT042245-45,0.9950,0.01,no
2026-10-05T02:43:19.899233Z,KXBTC15M-26OCT042245-45,0.9950,151.28,no
2026-10-05T02:43:19.971Z,KXBTC15M-26OCT042245-45,0.9950,12.11,no
2026-10-05T02:43:19.977719Z,KXBTC15M-26OCT042245-45,0.9950,159.92,no
2026-10-05T02:43:20.021311Z,KXBTC15M-26OCT042245-45,0.9960,5.98,yes
2026-10-05T02:43:20.021311Z,KXBTC15M-26OCT042245-45,0.9960,14.01,yes
2026-10-05T02:43:20.021311Z,KXBTC15M-26OCT042245-45,0.9960,0.01,yes
2026-10-05T02:43:20.101793Z,KXBTC15M-26OCT042245-45,0.9960,5.01,yes
2026-10-05T02:43:20.232172Z,KXBTC15M-26OCT042245-45,0.9950,0.01,no
2026-10-05T02:43:20.232172Z,KXBTC15M-26OCT042245-45,0.9950,15.00,no
2026-10-05T02:43:20.232172Z,KXBTC15M-26OCT042245-45,0.9950,0.01,no
2026-10-05T02:43:20.232172Z,KXBTC15M-26OCT042245-45,0.9940,33.29,no
2026-10-05T02:43:20.29503Z,KXBTC15M-26OCT042245-45,0.9940,5.09,no
2026-10-05T02:43:20.417931Z,KXBTC15M-26OCT042245-45,0.9940,250.00,no
2026-10-05T02:43:20.417931Z,KXBTC15M-26OCT042245-45,0.9940,0.01,no
2026-10-05T02:43:20.417931Z,KXBTC15M-26OCT042245-45,0.9940,0.01,no
2026-10-05T02:43:20.417931Z,KXBTC15M-26OCT042245-45,0.9940,112.06,no
2026-10-05T02:43:20.417931Z,KXBTC15M-26OCT042245-45,0.9940,400.00,no
2026-10-05T02:43:20.417931Z,KXBTC15M-26OCT042245-45,0.9940,1.46,no
2026-10-05T02:43:20.550536Z,KXBTC15M-26OCT042245-45,0.9960,4.01,yes
2026-10-05T02:43:20.550536Z,KXBTC15M-26OCT042245-45,0.9960,4.01,yes
2026-10-05T02:43:20.580023Z,KXBTC15M-26OCT042245-45,0.9940,0.01,no
2026-10-05T02:43:20.580023Z,KXBTC15M-26OCT042245-45,0.9940,17.60,no
2026-10-05T02:43:20.580023Z,KXBTC15M-26OCT042245-45,0.9930,335.25,no
2026-10-05T02:43:20.580023Z,KXBTC15M-26OCT042245-45,0.9930,35.63,no
2026-10-05T02:43:20.6114Z,KXBTC15M-26OCT042245-45,0.9930,6.05,no
2026-10-05T02:43:21.029667Z,KXBTC15M-26OCT042245-45,0.9960,25.16,yes
2026-10-05T02:43:21.029667Z,KXBTC15M-26OCT042245-45,0.9960,15.00,yes
2026-10-05T02:43:21.029667Z,KXBTC15M-26OCT042245-45,0.9960,10.99,yes
2026-10-05T02:43:21.048415Z,KXBTC15M-26OCT042245-45,0.9960,0.01,yes
2026-10-05T02:43:21.048415Z,KXBTC15M-26OCT042245-45,0.9960,174.84,yes
2026-10-05T02:43:21.048415Z,KXBTC15M-26OCT042245-45,0.9960,15.00,yes
2026-10-05T02:43:21.048415Z,KXBTC15M-26OCT042245-45,0.9960,0.99,yes
2026-10-05T02:43:21.048415Z,KXBTC15M-26OCT042245-45,0.9960,0.01,yes
2026-10-05T02:43:21.048415Z,KXBTC15M-26OCT042245-45,0.9960,15.00,yes
2026-10-05T02:43:21.048415Z,KXBTC15M-26OCT042245-45,0.9960,400.00,yes
2026-10-05T02:43:21.048415Z,KXBTC15M-26OCT042245-45,0.9960,14.01,yes
2026-10-05T02:43:21.048415Z,KXBTC15M-26OCT042245-45,0.9960,100.00,yes
2026-10-05T02:43:21.07181Z,KXBTC15M-26OCT042245-45,0.9970,400.00,yes
2026-10-05T02:43:21.07181Z,KXBTC15M-26OCT042245-45,0.9970,0.01,yes
2026-10-05T02:43:21.07181Z,KXBTC15M-26OCT042245-45,0.9970,100.00,yes
2026-10-05T02:43:21.07181Z,KXBTC15M-26OCT042245-45,0.9970,16.00,yes
2026-10-05T02:43:21.07181Z,KXBTC15M-26OCT042245-45,0.9970,0.01,yes
2026-10-05T02:43:21.07181Z,KXBTC15M-26OCT042245-45,0.9970,250.00,yes
2026-10-05T02:43:21.07181Z,KXBTC15M-26OCT042245-45,0.9970,46.00,yes
2026-10-05T02:43:21.07181Z,KXBTC15M-26OCT042245-45,0.9980,1154.52,yes
2026-10-05T02:43:21.081691Z,KXBTC15M-26OCT042245-45,0.9970,100.00,yes
2026-10-05T02:43:21.091841Z,KXBTC15M-26OCT042245-45,0.9980,24.00,yes
2026-10-05T02:43:21.09863Z,KXBTC15M-26OCT042245-45,0.9970,667.87,no
2026-10-05T02:43:21.18397Z,KXBTC15M-26OCT042245-45,0.9970,235.12,no
2026-10-05T02:43:21.292251Z,KXBTC15M-26OCT042245-45,0.9970,65.00,no
2026-10-05T02:43:21.343974Z,KXBTC15M-26OCT042245-45,0.9970,0.01,no
2026-10-05T02:43:21.343974Z,KXBTC15M-26OCT042245-45,0.9970,15.00,no
2026-10-05T02:43:21.343974Z,KXBTC15M-26OCT042245-45,0.9970,0.01,no
2026-10-05T02:43:21.343974Z,KXBTC15M-26OCT042245-45,0.9970,24.00,no
2026-10-05T02:43:21.343974Z,KXBTC15M-26OCT042245-45,0.9970,15.00,no
2026-10-05T02:43:21.343974Z,KXBTC15M-26OCT042245-45,0.9960,17.20,no
2026-10-05T02:43:21.343974Z,KXBTC15M-26OCT042245-45,0.9970,86.53,no
2026-10-05T02:43:21.390456Z,KXBTC15M-26OCT042245-45,0.9960,917.00,no
2026-10-05T02:43:21.390456Z,KXBTC15M-26OCT042245-45,0.9970,15.00,no
2026-10-05T02:43:21.404487Z,KXBTC15M-26OCT042245-45,0.9980,1.00,yes
2026-10-05T02:43:21.413822Z,KXBTC15M-26OCT042245-45,0.9970,1.00,no
2026-10-05T02:43:21.420342Z,KXBTC15M-26OCT042245-45,0.9980,4.80,yes
2026-10-05T02:43:21.461667Z,KXBTC15M-26OCT042245-45,0.9970,1000.00,no
2026-10-05T02:43:21.462954Z,KXBTC15M-26OCT042245-45,0.9970,667.87,no
2026-10-05T02:43:21.522141Z,KXBTC15M-26OCT042245-45,0.9970,155.79,no
2026-10-05T02:43:21.575896Z,KXBTC15M-26OCT042245-45,0.9970,305.35,no
2026-10-05T02:43:21.616003Z,KXBTC15M-26OCT042245-45,0.9970,2388.37,no
2026-10-05T02:43:21.619269Z,KXBTC15M-26OCT042245-45,0.9970,1277.33,no
2026-10-05T02:43:21.676134Z,KXBTC15M-26OCT042245-45,0.9970,196.00,no
2026-10-05T02:43:21.740857Z,KXBTC15M-26OCT042245-45,0.9970,500.47,no
2026-10-05T02:43:21.74715Z,KXBTC15M-26OCT042245-45,0.9970,1219.84,no
2026-10-05T02:43:21.785533Z,KXBTC15M-26OCT042245-45,0.9970,99.00,no
2026-10-05T02:43:21.794374Z,KXBTC15M-26OCT042245-45,0.9970,2748.20,no
2026-10-05T02:43:21.831364Z,KXBTC15M-26OCT042245-45,0.9970,15.00,no
2026-10-05T02:43:21.831364Z,KXBTC15M-26OCT042245-45,0.9970,0.01,no
2026-10-05T02:43:21.831364Z,KXBTC15M-26OCT042245-45,0.9970,4.80,no
2026-10-05T02:43:21.831364Z,KXBTC15M-26OCT042245-45,0.9970,1.00,no
2026-10-05T02:43:21.831364Z,KXBTC15M-26OCT042245-45,0.9970,1714.30,no
2026-10-05T02:43:21.831364Z,KXBTC15M-26OCT042245-45,0.9970,4.36,no
2026-10-05T02:43:21.835671Z,KXBTC15M-26OCT042245-45,0.9960,31.02,no
2026-10-05T02:43:21.920227Z,KXBTC15M-26OCT042245-45,0.9960,133.58,no
2026-10-05T02:43:22.010976Z,KXBTC15M-26OCT042245-45,0.9960,0.24,no
2026-10-05T02:43:22.045509Z,KXBTC15M-26OCT042245-45,0.9960,15.00,no
2026-10-05T02:43:22.045509Z,KXBTC15M-26OCT042245-45,0.9960,85.16,no
2026-10-05T02:43:22.045509Z,KXBTC15M-26OCT042245-45,0.9940,15.00,no
2026-10-05T02:43:22.045509Z,KXBTC15M-26OCT042245-45,0.9950,725.25,no
2026-10-05T02:43:22.045509Z,KXBTC15M-26OCT042245-45,0.9930,173.96,no
2026-10-05T02:43:22.063241Z,KXBTC15M-26OCT042245-45,0.9940,0.43,yes
2026-10-05T02:43:22.11018Z,KXBTC15M-26OCT042245-45,0.9930,2.85,no
2026-10-05T02:43:22.11018Z,KXBTC15M-26OCT042245-45,0.9930,34.36,no
2026-10-05T02:43:22.121325Z,KXBTC15M-26OCT042245-45,0.9940,1.00,yes
2026-10-05T02:43:22.148361Z,KXBTC15M-26OCT042245-45,0.9930,1.00,no
2026-10-05T02:43:22.194631Z,KXBTC15M-26OCT042245-45,0.9940,55.57,yes
2026-10-05T02:43:22.194631Z,KXBTC15M-26OCT042245-45,0.9940,417.18,yes
2026-10-05T02:43:22.194631Z,KXBTC15M-26OCT042245-45,0.9940,10.00,yes
2026-10-05T02:43:22.399604Z,KXBTC15M-26OCT042245-45,0.9940,49.49,yes
2026-10-05T02:43:22.432238Z,KXBTC15M-26OCT042245-45,0.9900,15.00,no
2026-10-05T02:43:22.432238Z,KXBTC15M-26OCT042245-45,0.9920,15.00,no
2026-10-05T02:43:22.432238Z,KXBTC15M-26OCT042245-45,0.9930,11.15,no
2026-10-05T02:43:22.432238Z,KXBTC15M-26OCT042245-45,0.9910,15.00,no
2026-10-05T02:43:22.432238Z,KXBTC15M-26OCT042245-45,0.9900,1.00,no
2026-10-05T02:43:22.432238Z,KXBTC15M-26OCT042245-45,0.9900,3301.00,no
2026-10-05T02:43:22.432238Z,KXBTC15M-26OCT042245-45,0.9900,2.00,no
2026-10-05T02:43:22.432238Z,KXBTC15M-26OCT042245-45,0.9900,15.00,no
2026-10-05T02:43:22.432238Z,KXBTC15M-26OCT042245-45,0.9900,5.29,no
2026-10-05T02:43:22.432238Z,KXBTC15M-26OCT042245-45,0.9900,0.01,no
2026-10-05T02:43:22.453967Z,KXBTC15M-26OCT042245-45,0.9930,68.07,no
2026-10-05T02:43:22.458451Z,KXBTC15M-26OCT042245-45,0.9930,15.00,no
2026-10-05T02:43:22.480087Z,KXBTC15M-26OCT042245-45,0.9930,15.00,no
2026-10-05T02:43:22.561712Z,KXBTC15M-26OCT042245-45,0.9910,15.00,no
2026-10-05T02:43:22.561712Z,KXBTC15M-26OCT042245-45,0.9910,85.06,no
2026-10-05T02:43:22.584831Z,KXBTC15M-26OCT042245-45,0.9940,200.00,yes
2026-10-05T02:43:22.584831Z,KXBTC15M-26OCT042245-45,0.9930,0.01,yes
2026-10-05T02:43:22.584831Z,KXBTC15M-26OCT042245-45,0.9930,0.01,yes
2026-10-05T02:43:22.584831Z,KXBTC15M-26OCT042245-45,0.9930,400.00,yes
2026-10-05T02:43:22.584831Z,KXBTC15M-26OCT042245-45,0.9940,0.01,yes
2026-10-05T02:43:22.584831Z,KXBTC15M-26OCT042245-45,0.9930,100.00,yes
2026-10-05T02:43:22.584831Z,KXBTC15M-26OCT042245-45,0.9930,15.00,yes
2026-10-05T02:43:22.584831Z,KXBTC15M-26OCT042245-45,0.9930,500.00,yes
2026-10-05T02:43:22.584831Z,KXBTC15M-26OCT042245-45,0.9940,15.00,yes
2026-10-05T02:43:22.584831Z,KXBTC15M-26OCT042245-45,0.9940,15.00,yes
2026-10-05T02:43:22.584831Z,KXBTC15M-26OCT042245-45,0.9930,500.00,yes
2026-10-05T02:43:22.584831Z,KXBTC15M-26OCT042245-45,0.9940,234.74,yes
2026-10-05T02:43:22.584831Z,KXBTC15M-26OCT042245-45,0.9940,0.01,yes
2026-10-05T02:43:22.601434Z,KXBTC15M-26OCT042245-45,0.9940,38.06,no
2026-10-05T02:43:22.642485Z,KXBTC15M-26OCT042245-45,0.9950,0.10,yes
2026-10-05T02:43:22.711491Z,KXBTC15M-26OCT042245-45,0.9940,13.35,no
2026-10-05T02:43:22.714643Z,KXBTC15M-26OCT042245-45,0.9940,667.87,no
2026-10-05T02:43:22.74209Z,KXBTC15M-26OCT042245-45,0.9940,100.06,no
2026-10-05T02:43:22.9323Z,KXBTC15M-26OCT042245-45,0.9940,100.06,no
2026-10-05T02:43:22.983044Z,KXBTC15M-26OCT042245-45,0.9940,6.16,no
2026-10-05T02:43:22.983243Z,KXBTC15M-26OCT042245-45,0.9940,69.20,no
2026-10-05T02:43:23.001303Z,KXBTC15M-26OCT042245-45,0.9940,100.06,no
2026-10-05T02:43:23.003041Z,KXBTC15M-26OCT042245-45,0.9940,112.09,no
2026-10-05T02:43:23.008506Z,KXBTC15M-26OCT042245-45,0.9940,46.74,no
2026-10-05T02:43:23.060921Z,KXBTC15M-26OCT042245-45,0.9940,15.87,no
2026-10-05T02:43:23.113477Z,KXBTC15M-26OCT042245-45,0.9940,44.50,no
2026-10-05T02:43:23.143435Z,KXBTC15M-26OCT042245-45,0.9940,623.29,no
2026-10-05T02:43:23.206624Z,KXBTC15M-26OCT042245-45,0.9950,0.01,yes
2026-10-05T02:43:23.206624Z,KXBTC15M-26OCT042245-45,0.9950,49.91,yes
2026-10-05T02:43:23.206624Z,KXBTC15M-26OCT042245-45,0.9950,0.01,yes
2026-10-05T02:43:23.515562Z,KXBTC15M-26OCT042245-45,0.9940,114.98,no
2026-10-05T02:43:23.515562Z,KXBTC15M-26OCT042245-45,0.9940,0.01,no
2026-10-05T02:43:23.515562Z,KXBTC15M-26OCT042245-45,0.9940,0.01,no
2026-10-05T02:43:23.594539Z,KXBTC15M-26OCT042245-45,0.9940,15.58,no
2026-10-05T02:43:23.62443Z,KXBTC15M-26OCT042245-45,0.9950,90.42,yes
2026-10-05T02:43:23.675541Z,KXBTC15M-26OCT042245-45,0.9940,22.44,no
2026-10-05T02:43:23.676364Z,KXBTC15M-26OCT042245-45,0.9940,31.16,no
2026-10-05T02:43:23.685571Z,KXBTC15M-26OCT042245-45,0.9940,41.23,no
2026-10-05T02:43:23.713744Z,KXBTC15M-26OCT042245-45,0.9940,311.64,no
2026-10-05T02:43:24.128453Z,KXBTC15M-26OCT042245-45,0.9950,75.44,yes
2026-10-05T02:43:24.143981Z,KXBTC15M-26OCT042245-45,0.9940,0.01,no
2026-10-05T02:43:24.143981Z,KXBTC15M-26OCT042245-45,0.9940,17.37,no
2026-10-05T02:43:24.143981Z,KXBTC15M-26OCT042245-45,0.9940,0.01,no
2026-10-05T02:43:24.143981Z,KXBTC15M-26OCT042245-45,0.9940,3.67,no
2026-10-05T02:43:24.150928Z,KXBTC15M-26OCT042245-45,0.9940,133.26,no
2026-10-05T02:43:24.336021Z,KXBTC15M-26OCT042245-45,0.9930,67.58,no
2026-10-05T02:43:24.336021Z,KXBTC15M-26OCT042245-45,0.9930,48.28,no
2026-10-05T02:43:24.336021Z,KXBTC15M-26OCT042245-45,0.9940,0.01,no
2026-10-05T02:43:24.336021Z,KXBTC15M-26OCT042245-45,0.9940,0.01,no
2026-10-05T02:43:24.336021Z,KXBTC15M-26OCT042245-45,0.9890,13.76,no
2026-10-05T02:43:24.336021Z,KXBTC15M-26OCT042245-45,0.9930,135.16,no
2026-10-05T02:43:24.336021Z,KXBTC15M-26OCT042245-45,0.9940,390.07,no
2026-10-05T02:43:24.336021Z,KXBTC15M-26OCT042245-45,0.9930,135.16,no
2026-10-05T02:43:24.336021Z,KXBTC15M-26OCT042245-45,0.9900,15.00,no
2026-10-05T02:43:24.336021Z,KXBTC15M-26OCT042245-45,0.9910,150.00,no
2026-10-05T02:43:24.336021Z,KXBTC15M-26OCT042245-45,0.9890,100.00,no
2026-10-05T02:43:24.432494Z,KXBTC15M-26OCT042245-45,0.9910,500.00,yes
2026-10-05T02:43:24.432494Z,KXBTC15M-26OCT042245-45,0.9910,100.00,yes
2026-10-05T02:43:24.432494Z,KXBTC15M-26OCT042245-45,0.9910,0.01,yes
2026-10-05T02:43:24.432494Z,KXBTC15M-26OCT042245-45,0.9910,200.00,yes
2026-10-05T02:43:24.432494Z,KXBTC15M-26OCT042245-45,0.9910,90.59,yes
2026-10-05T02:43:24.432494Z,KXBTC15M-26OCT042245-45,0.9910,0.01,yes
2026-10-05T02:43:24.432494Z,KXBTC15M-26OCT042245-45,0.9910,10.00,yes
2026-10-05T02:43:24.438699Z,KXBTC15M-26OCT042245-45,0.9910,253.35,yes
2026-10-05T02:43:24.644986Z,KXBTC15M-26OCT042245-45,0.9910,9.84,yes
2026-10-05T02:43:24.665446Z,KXBTC15M-26OCT042245-45,0.9930,900.00,yes
2026-10-05T02:43:24.665446Z,KXBTC15M-26OCT042245-45,0.9950,15.00,yes
2026-10-05T02:43:24.665446Z,KXBTC15M-26OCT042245-45,0.9910,0.01,yes
2026-10-05T02:43:24.665446Z,KXBTC15M-26OCT042245-45,0.9930,200.00,yes
2026-10-05T02:43:24.665446Z,KXBTC15M-26OCT042245-45,0.9910,500.00,yes
2026-10-05T02:43:24.665446Z,KXBTC15M-26OCT042245-45,0.9950,64.00,yes
2026-10-05T02:43:24.665446Z,KXBTC15M-26OCT042245-45,0.9950,15.00,yes
2026-10-05T02:43:24.665446Z,KXBTC15M-26OCT042245-45,0.9950,64.00,yes
2026-10-05T02:43:24.665446Z,KXBTC15M-26OCT042245-45,0.9950,93.75,yes
2026-10-05T02:43:24.665446Z,KXBTC15M-26OCT042245-45,0.9920,200.00,yes
2026-10-05T02:43:24.665446Z,KXBTC15M-26OCT042245-45,0.9910,46.22,yes
2026-10-05T02:43:24.665446Z,KXBTC15M-26OCT042245-45,0.9910,100.00,yes
2026-10-05T02:43:24.665446Z,KXBTC15M-26OCT042245-45,0.9950,93.75,yes
2026-10-05T02:43:24.665446Z,KXBTC15M-26OCT042245-45,0.9930,2400.00,yes
2026-10-05T02:43:24.665446Z,KXBTC15M-26OCT042245-45,0.9910,500.00,yes
2026-10-05T02:43:24.665446Z,KXBTC15M-26OCT042245-45,0.9910,10.00,yes
2026-10-05T02:43:24.665446Z,KXBTC15M-26OCT042245-45,0.9910,0.01,yes
2026-10-05T02:43:24.665446Z,KXBTC15M-26OCT042245-45,0.9950,15.00,yes
2026-10-05T02:43:24.665446Z,KXBTC15M-26OCT042245-45,0.9950,15.00,yes
2026-10-05T02:43:24.665446Z,KXBTC15M-26OCT042245-45,0.9950,559.97,yes
2026-10-05T02:43:24.665446Z,KXBTC15M-26OCT042245-45,0.9950,15.00,yes
2026-10-05T02:43:24.665446Z,KXBTC15M-26OCT042245-45,0.9950,3141.00,yes
2026-10-05T02:43:24.665446Z,KXBTC15M-26OCT042245-45,0.9940,75.00,yes
2026-10-05T02:43:24.665446Z,KXBTC15M-26OCT042245-45,0.9920,11.00,yes
2026-10-05T02:43:24.671877Z,KXBTC15M-26OCT042245-45,0.9950,9.34,no
2026-10-05T02:43:24.711872Z,KXBTC15M-26OCT042245-45,0.9950,77.91,no
2026-10-05T02:43:24.738561Z,KXBTC15M-26OCT042245-45,0.9950,7.81,no
2026-10-05T02:43:24.74803Z,KXBTC15M-26OCT042245-45,0.9950,77.91,no
2026-10-05T02:43:24.748801Z,KXBTC15M-26OCT042245-45,0.9960,10.00,yes
2026-10-05T02:43:24.748801Z,KXBTC15M-26OCT042245-45,0.9960,5.99,yes
2026-10-05T02:43:24.748801Z,KXBTC15M-26OCT042245-45,0.9960,17.00,yes
2026-10-05T02:43:24.799344Z,KXBTC15M-26OCT042245-45,0.9970,16.00,yes
2026-10-05T02:43:24.799344Z,KXBTC15M-26OCT042245-45,0.9960,94.01,yes
2026-10-05T02:43:24.799344Z,KXBTC15M-26OCT042245-45,0.9960,0.01,yes
2026-10-05T02:43:24.799344Z,KXBTC15M-26OCT042245-45,0.9960,200.00,yes
2026-10-05T02:43:24.799344Z,KXBTC15M-26OCT042245-45,0.9960,400.00,yes
2026-10-05T02:43:24.799344Z,KXBTC15M-26OCT042245-45,0.9970,56.70,yes
2026-10-05T02:43:24.799344Z,KXBTC15M-26OCT042245-45,0.9960,0.01,yes
2026-10-05T02:43:24.799344Z,KXBTC15M-26OCT042245-45,0.9960,10.00,yes
2026-10-05T02:43:24.799344Z,KXBTC15M-26OCT042245-45,0.9960,98.00,yes
2026-10-05T02:43:24.799344Z,KXBTC15M-26OCT042245-45,0.9970,2.00,yes
2026-10-05T02:43:24.799344Z,KXBTC15M-26OCT042245-45,0.9970,15.00,yes
2026-10-05T02:43:24.799344Z,KXBTC15M-26OCT042245-45,0.9970,150.00,yes
2026-10-05T02:43:24.881669Z,KXBTC15M-26OCT042245-45,0.9950,516.00,no
2026-10-05T02:43:24.895244Z,KXBTC15M-26OCT042245-45,0.9950,93.51,no
2026-10-05T02:43:24.911462Z,KXBTC15M-26OCT042245-45,0.9950,15.58,no
2026-10-05T02:43:24.93739Z,KXBTC15M-26OCT042245-45,0.9950,93.51,no
2026-10-05T02:43:24.956176Z,KXBTC15M-26OCT042245-45,0.9960,12.99,yes
2026-10-05T02:43:25.098316Z,KXBTC15M-26OCT042245-45,0.9950,93.51,no
2026-10-05T02:43:25.112614Z,KXBTC15M-26OCT042245-45,0.9960,4.01,yes
2026-10-05T02:43:25.112614Z,KXBTC15M-26OCT042245-45,0.9960,100.00,yes
2026-10-05T02:43:25.112614Z,KXBTC15M-26OCT042245-45,0.9960,0.01,yes
2026-10-05T02:43:25.112614Z,KXBTC15M-26OCT042245-45,0.9960,55.54,yes
2026-10-05T02:43:25.112614Z,KXBTC15M-26OCT042245-45,0.9960,0.01,yes
2026-10-05T02:43:25.113388Z,KXBTC15M-26OCT042245-45,0.9950,46.75,no
2026-10-05T02:43:25.167217Z,KXBTC15M-26OCT042245-45,0.9950,84.13,no
2026-10-05T02:43:25.183266Z,KXBTC15M-26OCT042245-45,0.9950,100.67,no
2026-10-05T02:43:25.202546Z,KXBTC15M-26OCT042245-45,0.9950,0.93,no
2026-10-05T02:43:25.262266Z,KXBTC15M-26OCT042245-45,0.9950,100.00,no
2026-10-05T02:43:25.410317Z,KXBTC15M-26OCT042245-45,0.9950,0.01,no
2026-10-05T02:43:25.410317Z,KXBTC15M-26OCT042245-45,0.9950,7.87,no
2026-10-05T02:43:25.410317Z,KXBTC15M-26OCT042245-45,0.9950,0.01,no
2026-10-05T02:43:25.418717Z,KXBTC15M-26OCT042245-45,0.9950,38.48,no
2026-10-05T02:43:25.512339Z,KXBTC15M-26OCT042245-45,0.9960,3.00,yes
2026-10-05T02:43:25.681755Z,KXBTC15M-26OCT042245-45,0.9950,154.90,no
2026-10-05T02:43:25.741179Z,KXBTC15M-26OCT042245-45,0.9950,76.97,no
2026-10-05T02:43:25.741179Z,KXBTC15M-26OCT042245-45,0.9950,110.00,no
2026-10-05T02:43:25.959Z,KXBTC15M-26OCT042245-45,0.9950,0.01,no
2026-10-05T02:43:25.959Z,KXBTC15M-26OCT042245-45,0.9950,0.01,no
2026-10-05T02:43:25.959Z,KXBTC15M-26OCT042245-45,0.9940,8.47,no
2026-10-05T02:43:25.959Z,KXBTC15M-26OCT042245-45,0.9950,83.13,no
2026-10-05T02:43:26.042906Z,KXBTC15M-26OCT042245-45,0.9960,282.58,yes
2026-10-05T02:43:26.042906Z,KXBTC15M-26OCT042245-45,0.9950,14.00,yes
2026-10-05T02:43:26.042906Z,KXBTC15M-26OCT042245-45,0.9960,13.00,yes
2026-10-05T02:43:26.042906Z,KXBTC15M-26OCT042245-45,0.9960,200.00,yes
2026-10-05T02:43:26.042906Z,KXBTC15M-26OCT042245-45,0.9960,10.00,yes
2026-10-05T02:43:26.042906Z,KXBTC15M-26OCT042245-45,0.9950,88.00,yes
2026-10-05T02:43:26.042906Z,KXBTC15M-26OCT042245-45,0.9950,10.00,yes
2026-10-05T02:43:26.042906Z,KXBTC15M-26OCT042245-45,0.9950,400.00,yes
2026-10-05T02:43:26.042906Z,KXBTC15M-26OCT042245-45,0.9960,0.01,yes
2026-10-05T02:43:26.042906Z,KXBTC15M-26OCT042245-45,0.9960,0.01,yes
2026-10-05T02:43:26.042906Z,KXBTC15M-26OCT042245-45,0.9950,200.00,yes
2026-10-05T02:43:26.042906Z,KXBTC15M-26OCT042245-45,0.9950,0.01,yes
2026-10-05T02:43:26.042906Z,KXBTC15M-26OCT042245-45,0.9950,100.00,yes
2026-10-05T02:43:26.042906Z,KXBTC15M-26OCT042245-45,0.9950,0.01,yes
2026-10-05T02:43:26.067942Z,KXBTC15M-26OCT042245-45,0.9970,10.81,yes
2026-10-05T02:43:26.087798Z,KXBTC15M-26OCT042245-45,0.9960,106.99,no
2026-10-05T02:43:26.106801Z,KXBTC15M-26OCT042245-45,0.9960,324.68,no
2026-10-05T02:43:26.112865Z,KXBTC15M-26OCT042245-45,0.9970,280.54,yes
2026-10-05T02:43:26.112865Z,KXBTC15M-26OCT042245-45,0.9970,0.01,yes
2026-10-05T02:43:26.11291Z,KXBTC15M-26OCT042245-45,0.9960,373.95,no
2026-10-05T02:43:26.160198Z,KXBTC15M-26OCT042245-45,0.9970,100.00,yes
2026-10-05T02:43:26.160198Z,KXBTC15M-26OCT042245-45,0.9970,249.60,yes
2026-10-05T02:43:26.160198Z,KXBTC15M-26OCT042245-45,0.9970,0.01,yes
2026-10-05T02:43:26.160198Z,KXBTC15M-26OCT042245-45,0.9970,339.59,yes
2026-10-05T02:43:26.204466Z,KXBTC15M-26OCT042245-45,0.9960,186.97,no
2026-10-05T02:43:26.242708Z,KXBTC15M-26OCT042245-45,0.9960,269.25,no
2026-10-05T02:43:26.290577Z,KXBTC15M-26OCT042245-45,0.9960,1.00,no
2026-10-05T02:43:26.362624Z,KXBTC15M-26OCT042245-45,0.9960,9.35,no
2026-10-05T02:43:26.367751Z,KXBTC15M-26OCT042245-45,0.9960,373.95,no
2026-10-05T02:43:26.378204Z,KXBTC15M-26OCT042245-45,0.9960,168.86,no
2026-10-05T02:43:26.399654Z,KXBTC15M-26OCT042245-45,0.9960,7318.00,no
2026-10-05T02:43:26.422002Z,KXBTC15M-26OCT042245-45,0.9960,4.01,no
2026-10-05T02:43:26.48783Z,KXBTC15M-26OCT042245-45,0.9960,352.85,no
2026-10-05T02:43:26.48783Z,KXBTC15M-26OCT042245-45,0.9960,495.99,no
2026-10-05T02:43:26.48783Z,KXBTC15M-26OCT042245-45,0.9960,0.01,no
2026-10-05T02:43:26.48783Z,KXBTC15M-26OCT042245-45,0.9960,0.01,no
2026-10-05T02:43:26.578183Z,KXBTC15M-26OCT042245-45,0.9960,4.58,no
2026-10-05T02:43:26.650174Z,KXBTC15M-26OCT042245-45,0.9960,47.00,no
2026-10-05T02:43:26.666952Z,KXBTC15M-26OCT042245-45,0.9970,22.64,yes
2026-10-05T02:43:26.700384Z,KXBTC15M-26OCT042245-45,0.9970,0.01,yes
2026-10-05T02:43:26.700384Z,KXBTC15M-26OCT042245-45,0.9970,18.45,yes
2026-10-05T02:43:26.706634Z,KXBTC15M-26OCT042245-45,0.9960,119.10,no
2026-10-05T02:43:26.766854Z,KXBTC15M-26OCT042245-45,0.9960,229.04,no
2026-10-05T02:43:26.840909Z,KXBTC15M-26OCT042245-45,0.9950,0.60,no
2026-10-05T02:43:26.840909Z,KXBTC15M-26OCT042245-45,0.9960,0.01,no
2026-10-05T02:43:26.840909Z,KXBTC15M-26OCT042245-45,0.9960,0.28,no
2026-10-05T02:43:26.840909Z,KXBTC15M-26OCT042245-45,0.9960,0.01,no
2026-10-05T02:43:26.913174Z,KXBTC15M-26OCT042245-45,0.9970,19.41,yes
2026-10-05T02:43:27.148241Z,KXBTC15M-26OCT042245-45,0.9970,365.02,yes
2026-10-05T02:43:27.148241Z,KXBTC15M-26OCT042245-45,0.9970,3739.79,yes
2026-10-05T02:43:27.148241Z,KXBTC15M-26OCT042245-45,0.9970,400.00,yes
2026-10-05T02:43:27.148241Z,KXBTC15M-26OCT042245-45,0.9970,0.01,yes
2026-10-05T02:43:27.148241Z,KXBTC15M-26OCT042245-45,0.9970,2.00,yes
2026-10-05T02:43:27.148241Z,KXBTC15M-26OCT042245-45,0.9970,200.00,yes
2026-10-05T02:43:27.148241Z,KXBTC15M-26OCT042245-45,0.9970,83.14,yes
2026-10-05T02:43:27.148241Z,KXBTC15M-26OCT042245-45,0.9970,16.00,yes
2026-10-05T02:43:27.148241Z,KXBTC15M-26OCT042245-45,0.9970,100.00,yes
2026-10-05T02:43:27.148241Z,KXBTC15M-26OCT042245-45,0.9970,500.00,yes
2026-10-05T02:43:27.148241Z,KXBTC15M-26OCT042245-45,0.9970,0.01,yes
2026-10-05T02:43:27.148241Z,KXBTC15M-26OCT042245-45,0.9970,500.00,yes
2026-10-05T02:43:27.233918Z,KXBTC15M-26OCT042245-45,0.9970,2721.24,no
2026-10-05T02:43:27.264103Z,KXBTC15M-26OCT042245-45,0.9970,654.63,no
2026-10-05T02:43:27.269641Z,KXBTC15M-26OCT042245-45,0.9970,100.56,no
2026-10-05T02:43:27.282455Z,KXBTC15M-26OCT042245-45,0.9970,309.43,no
2026-10-05T02:43:27.306849Z,KXBTC15M-26OCT042245-45,0.9970,90.00,no
2026-10-05T02:43:27.332622Z,KXBTC15M-26OCT042245-45,0.9970,54.68,no
2026-10-05T02:43:27.398646Z,KXBTC15M-26OCT042245-45,0.9970,0.30,no
2026-10-05T02:43:27.459604Z,KXBTC15M-26OCT042245-45,0.9970,467.42,no
2026-10-05T02:43:27.575753Z,KXBTC15M-26OCT042245-45,0.9980,21.57,yes
2026-10-05T02:43:27.612508Z,KXBTC15M-26OCT042245-45,0.9980,6.01,yes
2026-10-05T02:43:27.700913Z,KXBTC15M-26OCT042245-45,0.9970,43.04,no
2026-10-05T02:43:27.933433Z,KXBTC15M-26OCT042245-45,0.9970,395.67,no
2026-10-05T02:43:27.97209Z,KXBTC15M-26OCT042245-45,0.9970,1526.80,no
2026-10-05T02:43:28.013947Z,KXBTC15M-26OCT042245-45,0.9970,1495.62,no
2026-10-05T02:43:28.013947Z,KXBTC15M-26OCT042245-45,0.9970,0.01,no
2026-10-05T02:43:28.013947Z,KXBTC15M-26OCT042245-45,0.9970,0.01,no
2026-10-05T02:43:28.031164Z,KXBTC15M-26OCT042245-45,0.9970,155.79,no
2026-10-05T02:43:28.049351Z,KXBTC15M-26OCT042245-45,0.9970,40.00,no
2026-10-05T02:43:28.066545Z,KXBTC15M-26OCT042245-45,0.9970,1495.64,no
2026-10-05T02:43:28.103449Z,KXBTC15M-26OCT042245-45,0.9970,0.01,no
2026-10-05T02:43:28.103449Z,KXBTC15M-26OCT042245-45,0.9970,0.01,no
2026-10-05T02:43:28.103449Z,KXBTC15M-26OCT042245-45,0.9970,6.01,no
2026-10-05T02:43:28.103449Z,KXBTC15M-26OCT042245-45,0.9970,7.26,no
2026-10-05T02:43:28.103449Z,KXBTC15M-26OCT042245-45,0.9970,21.57,no
2026-10-05T02:43:28.103449Z,KXBTC15M-26OCT042245-45,0.9970,555.69,no
2026-10-05T02:43:28.153288Z,KXBTC15M-26OCT042245-45,0.9950,0.01,no
2026-10-05T02:43:28.153288Z,KXBTC15M-26OCT042245-45,0.9960,0.01,no
2026-10-05T02:43:28.153288Z,KXBTC15M-26OCT042245-45,0.9960,0.01,no
2026-10-05T02:43:28.153288Z,KXBTC15M-26OCT042245-45,0.9950,0.01,no
2026-10-05T02:43:28.153288Z,KXBTC15M-26OCT042245-45,0.9960,27.58,no
2026-10-05T02:43:28.153288Z,KXBTC15M-26OCT042245-45,0.9950,100.00,no
2026-10-05T02:43:28.184616Z,KXBTC15M-26OCT042245-45,0.9920,572.73,no
2026-10-05T02:43:28.292575Z,KXBTC15M-26OCT042245-45,0.9900,1.05,no
2026-10-05T02:43:28.292575Z,KXBTC15M-26OCT042245-45,0.9920,104.00,no
2026-10-05T02:43:28.292575Z,KXBTC15M-26OCT042245-45,0.9910,10.00,no
2026-10-05T02:43:28.292575Z,KXBTC15M-26OCT042245-45,0.9910,80.00,no
2026-10-05T02:43:28.292575Z,KXBTC15M-26OCT042245-45,0.9890,2.00,no
2026-10-05T02:43:28.292575Z,KXBTC15M-26OCT042245-45,0.9900,1047.00,no
2026-10-05T02:43:28.292575Z,KXBTC15M-26OCT042245-45,0.9900,15.00,no
2026-10-05T02:43:28.292575Z,KXBTC15M-26OCT042245-45,0.9900,2.00,no
2026-10-05T02:43:28.292575Z,KXBTC15M-26OCT042245-45,0.9900,93.75,no
2026-10-05T02:43:28.292575Z,KXBTC15M-26OCT042245-45,0.9910,17.00,no
2026-10-05T02:43:28.292575Z,KXBTC15M-26OCT042245-45,0.9920,0.01,no
2026-10-05T02:43:28.292575Z,KXBTC15M-26OCT042245-45,0.9900,93.75,no
2026-10-05T02:43:28.292575Z,KXBTC15M-26OCT042245-45,0.9910,200.00,no
2026-10-05T02:43:28.292575Z,KXBTC15M-26OCT042245-45,0.9920,200.00,no
2026-10-05T02:43:28.292575Z,KXBTC15M-26OCT042245-45,0.9920,576.69,no
2026-10-05T02:43:28.292575Z,KXBTC15M-26OCT042245-45,0.9900,2.00,no
2026-10-05T02:43:28.292575Z,KXBTC15M-26OCT042245-45,0.9910,2.00,no
2026-10-05T02:43:28.292575Z,KXBTC15M-26OCT042245-45,0.9890,2.00,no
2026-10-05T02:43:28.292575Z,KXBTC15M-26OCT042245-45,0.9900,272.00,no
2026-10-05T02:43:28.292575Z,KXBTC15M-26OCT042245-45,0.9900,1000.00,no
2026-10-05T02:43:28.292575Z,KXBTC15M-26OCT042245-45,0.9880,1597.81,no
2026-10-05T02:43:28.427285Z,KXBTC15M-26OCT042245-45,0.9910,2635.88,yes
2026-10-05T02:43:28.434349Z,KXBTC15M-26OCT042245-45,0.9900,11.02,no
2026-10-05T02:43:28.453354Z,KXBTC15M-26OCT042245-45,0.9950,4.65,yes
2026-10-05T02:43:28.453354Z,KXBTC15M-26OCT042245-45,0.9910,0.01,yes
2026-10-05T02:43:28.453354Z,KXBTC15M-26OCT042245-45,0.9910,0.01,yes
2026-10-05T02:43:28.4818Z,KXBTC15M-26OCT042245-45,0.9940,5.07,no
2026-10-05T02:43:28.497602Z,KXBTC15M-26OCT042245-45,0.9940,154.75,no
2026-10-05T02:43:28.55867Z,KXBTC15M-26OCT042245-45,0.9940,161.00,no
2026-10-05T02:43:28.56406Z,KXBTC15M-26OCT042245-45,0.9940,261.45,no
2026-10-05T02:43:28.597057Z,KXBTC15M-26OCT042245-45,0.9940,12.78,no
2026-10-05T02:43:28.690966Z,KXBTC15M-26OCT042245-45,0.9930,504.67,no
2026-10-05T02:43:28.690966Z,KXBTC15M-26OCT042245-45,0.9940,0.01,no
2026-10-05T02:43:28.690966Z,KXBTC15M-26OCT042245-45,0.9940,0.01,no
2026-10-05T02:43:28.694861Z,KXBTC15M-26OCT042245-45,0.9950,200.00,yes
2026-10-05T02:43:28.694861Z,KXBTC15M-26OCT042245-45,0.9950,93.75,yes
2026-10-05T02:43:28.694861Z,KXBTC15M-26OCT042245-45,0.9950,2.00,yes
2026-10-05T02:43:28.694861Z,KXBTC15M-26OCT042245-45,0.9950,15.00,yes
2026-10-05T02:43:28.694861Z,KXBTC15M-26OCT042245-45,0.9950,0.01,yes
2026-10-05T02:43:28.694861Z,KXBTC15M-26OCT042245-45,0.9950,100.00,yes
2026-10-05T02:43:28.694861Z,KXBTC15M-26OCT042245-45,0.9950,0.01,yes
2026-10-05T02:43:28.694861Z,KXBTC15M-26OCT042245-45,0.9950,67.73,yes
2026-10-05T02:43:28.694861Z,KXBTC15M-26OCT042245-45,0.9950,93.75,yes
2026-10-05T02:43:28.694861Z,KXBTC15M-26OCT042245-45,0.9950,2.00,yes
2026-10-05T02:43:28.694861Z,KXBTC15M-26OCT042245-45,0.9950,500.00,yes
2026-10-05T02:43:28.694861Z,KXBTC15M-26OCT042245-45,0.9950,500.00,yes
2026-10-05T02:43:28.694861Z,KXBTC15M-26OCT042245-45,0.9950,400.00,yes
2026-10-05T02:43:28.694861Z,KXBTC15M-26OCT042245-45,0.9950,293.20,yes
2026-10-05T02:43:28.762823Z,KXBTC15M-26OCT042245-45,0.9950,93.00,no
2026-10-05T02:43:28.828729Z,KXBTC15M-26OCT042245-45,0.9960,1.00,yes
2026-10-05T02:43:29.37106Z,KXBTC15M-26OCT042245-45,0.9950,2804.65,no
2026-10-05T02:43:29.743084Z,KXBTC15M-26OCT042245-45,0.9930,0.59,no
2026-10-05T02:43:29.743084Z,KXBTC15M-26OCT042245-45,0.9950,0.01,no
2026-10-05T02:43:29.743084Z,KXBTC15M-26OCT042245-45,0.9950,0.01,no
2026-10-05T02:43:29.874582Z,KXBTC15M-26OCT042245-45,0.9930,20.00,no
2026-10-05T02:43:30.039152Z,KXBTC15M-26OCT042245-45,0.9960,45.29,yes
2026-10-05T02:43:30.06616Z,KXBTC15M-26OCT042245-45,0.9930,36.09,no
2026-10-05T02:43:30.214315Z,KXBTC15M-26OCT042245-45,0.9930,36.33,no
2026-10-05T02:43:30.2908Z,KXBTC15M-26OCT042245-45,0.9930,35.84,no
2026-10-05T02:43:30.383981Z,KXBTC15M-26OCT042245-45,0.9930,123.58,no
2026-10-05T02:43:30.383981Z,KXBTC15M-26OCT042245-45,0.9940,10.00,no
2026-10-05T02:43:30.390171Z,KXBTC15M-26OCT042245-45,0.9950,36.33,no
2026-10-05T02:43:30.454994Z,KXBTC15M-26OCT042245-45,0.9950,50.00,no
2026-10-05T02:43:30.463855Z,KXBTC15M-26OCT042245-45,0.9930,35.84,no
2026-10-05T02:43:30.518335Z,KXBTC15M-26OCT042245-45,0.9950,304.47,no
2026-10-05T02:43:30.518335Z,KXBTC15M-26OCT042245-45,0.9930,363.40,no
2026-10-05T02:43:30.524821Z,KXBTC15M-26OCT042245-45,0.9930,2.82,no
2026-10-05T02:43:30.524821Z,KXBTC15M-26OCT042245-45,0.9930,0.01,no
2026-10-05T02:43:30.58545Z,KXBTC15M-26OCT042245-45,0.9930,20.13,no
2026-10-05T02:43:30.594581Z,KXBTC15M-26OCT042245-45,0.9930,36.33,no
2026-10-05T02:43:30.628137Z,KXBTC15M-26OCT042245-45,0.9930,140.72,no
2026-10-05T02:43:30.628137Z,KXBTC15M-26OCT042245-45,0.9920,17.11,no
2026-10-05T02:43:30.71791Z,KXBTC15M-26OCT042245-45,0.9910,19.33,no
2026-10-05T02:43:30.71791Z,KXBTC15M-26OCT042245-45,0.9910,17.00,no
2026-10-05T02:43:30.733811Z,KXBTC15M-26OCT042245-45,0.9950,10.07,yes
2026-10-05T02:43:30.733811Z,KXBTC15M-26OCT042245-45,0.9950,0.01,yes
2026-10-05T02:43:30.733811Z,KXBTC15M-26OCT042245-45,0.9950,14.00,yes
2026-10-05T02:43:30.760428Z,KXBTC15M-26OCT042245-45,0.9950,400.00,yes
2026-10-05T02:43:30.760428Z,KXBTC15M-26OCT042245-45,0.9960,15.00,yes
2026-10-05T02:43:30.760428Z,KXBTC15M-26OCT042245-45,0.9960,200.00,yes
2026-10-05T02:43:30.760428Z,KXBTC15M-26OCT042245-45,0.9950,100.00,yes
2026-10-05T02:43:30.760428Z,KXBTC15M-26OCT042245-45,0.9950,500.00,yes
2026-10-05T02:43:30.760428Z,KXBTC15M-26OCT042245-45,0.9960,17.00,yes
2026-10-05T02:43:30.760428Z,KXBTC15M-26OCT042245-45,0.9950,200.00,yes
2026-10-05T02:43:30.760428Z,KXBTC15M-26OCT042245-45,0.9950,0.01,yes
2026-10-05T02:43:30.760428Z,KXBTC15M-26OCT042245-45,0.9950,489.93,yes
2026-10-05T02:43:30.760428Z,KXBTC15M-26OCT042245-45,0.9950,0.01,yes
2026-10-05T02:43:30.760428Z,KXBTC15M-26OCT042245-45,0.9960,579.89,yes
2026-10-05T02:43:30.760428Z,KXBTC15M-26OCT042245-45,0.9960,2.00,yes
2026-10-05T02:43:30.760428Z,KXBTC15M-26OCT042245-45,0.9960,57.00,yes
2026-10-05T02:43:30.798901Z,KXBTC15M-26OCT042245-45,0.9960,12.00,no
2026-10-05T02:43:30.873424Z,KXBTC15M-26OCT042245-45,0.9960,754.61,no
2026-10-05T02:43:30.987219Z,KXBTC15M-26OCT042245-45,0.9960,100.00,no
2026-10-05T02:43:31.029878Z,KXBTC15M-26OCT042245-45,0.9960,5.52,no
2026-10-05T02:43:31.074321Z,KXBTC15M-26OCT042245-45,0.9970,2.00,yes
2026-10-05T02:43:31.074321Z,KXBTC15M-26OCT042245-45,0.9970,28.00,yes
2026-10-05T02:43:31.126628Z,KXBTC15M-26OCT042245-45,0.9960,103.91,no
2026-10-05T02:43:31.145589Z,KXBTC15M-26OCT042245-45,0.9960,1.00,no
2026-10-05T02:43:31.247879Z,KXBTC15M-26OCT042245-45,0.9960,133.58,no
2026-10-05T02:43:31.302752Z,KXBTC15M-26OCT042245-45,0.9970,50.19,yes
2026-10-05T02:43:31.302752Z,KXBTC15M-26OCT042245-45,0.9970,20.00,yes
2026-10-05T02:43:31.31596Z,KXBTC15M-26OCT042245-45,0.9960,0.42,no
2026-10-05T02:43:31.316115Z,KXBTC15M-26OCT042245-45,0.9970,0.01,yes
2026-10-05T02:43:31.316115Z,KXBTC15M-26OCT042245-45,0.9970,16.00,yes
2026-10-05T02:43:31.316115Z,KXBTC15M-26OCT042245-45,0.9970,14.17,yes
2026-10-05T02:43:31.316115Z,KXBTC15M-26OCT042245-45,0.9970,49.81,yes
2026-10-05T02:43:31.316115Z,KXBTC15M-26OCT042245-45,0.9970,0.01,yes
2026-10-05T02:43:31.352425Z,KXBTC15M-26OCT042245-45,0.9960,103.91,no
2026-10-05T02:43:31.364536Z,KXBTC15M-26OCT042245-45,0.9960,1682.79,no
2026-10-05T02:43:31.436857Z,KXBTC15M-26OCT042245-45,0.9960,229.02,no
2026-10-05T02:43:31.436857Z,KXBTC15M-26OCT042245-45,0.9960,0.01,no
2026-10-05T02:43:31.436857Z,KXBTC15M-26OCT042245-45,0.9960,0.01,no
2026-10-05T02:43:31.454931Z,KXBTC15M-26OCT042245-45,0.9960,0.01,no
2026-10-05T02:43:31.454931Z,KXBTC15M-26OCT042245-45,0.9960,0.01,no
2026-10-05T02:43:31.454931Z,KXBTC15M-26OCT042245-45,0.9960,233.70,no
2026-10-05T02:43:31.476593Z,KXBTC15M-26OCT042245-45,0.9970,0.18,yes
2026-10-05T02:43:31.565797Z,KXBTC15M-26OCT042245-45,0.9920,12.61,no
2026-10-05T02:43:31.601367Z,KXBTC15M-26OCT042245-45,0.9940,133.58,no
2026-10-05T02:43:31.697853Z,KXBTC15M-26OCT042245-45,0.9950,22.32,yes
2026-10-05T02:43:31.697853Z,KXBTC15M-26OCT042245-45,0.9950,0.01,yes
2026-10-05T02:43:31.697853Z,KXBTC15M-26OCT042245-45,0.9950,100.00,yes
2026-10-05T02:43:31.697853Z,KXBTC15M-26OCT042245-45,0.9950,0.01,yes
2026-10-05T02:43:31.878226Z,KXBTC15M-26OCT042245-45,0.9940,1.00,yes
2026-10-05T02:43:31.897198Z,KXBTC15M-26OCT042245-45,0.9940,430.11,yes
2026-10-05T02:43:31.897198Z,KXBTC15M-26OCT042245-45,0.9940,500.00,yes
2026-10-05T02:43:31.897198Z,KXBTC15M-26OCT042245-45,0.9940,500.00,yes
2026-10-05T02:43:31.897198Z,KXBTC15M-26OCT042245-45,0.9950,200.00,yes
2026-10-05T02:43:31.897198Z,KXBTC15M-26OCT042245-45,0.9950,93.75,yes
2026-10-05T02:43:31.897198Z,KXBTC15M-26OCT042245-45,0.9960,15.00,yes
2026-10-05T02:43:31.897198Z,KXBTC15M-26OCT042245-45,0.9970,15000.00,yes
2026-10-05T02:43:31.897198Z,KXBTC15M-26OCT042245-45,0.9940,400.00,yes
2026-10-05T02:43:31.897198Z,KXBTC15M-26OCT042245-45,0.9970,15.00,yes
2026-10-05T02:43:31.897198Z,KXBTC15M-26OCT042245-45,0.9940,100.00,yes
2026-10-05T02:43:31.897198Z,KXBTC15M-26OCT042245-45,0.9970,1000.00,yes
2026-10-05T02:43:31.897198Z,KXBTC15M-26OCT042245-45,0.9950,15.00,yes
2026-10-05T02:43:31.897198Z,KXBTC15M-26OCT042245-45,0.9940,0.01,yes
2026-10-05T02:43:31.897198Z,KXBTC15M-26OCT042245-45,0.9950,93.75,yes
2026-10-05T02:43:31.897198Z,KXBTC15M-26OCT042245-45,0.9940,200.00,yes
2026-10-05T02:43:31.897198Z,KXBTC15M-26OCT042245-45,0.9940,0.01,yes
2026-10-05T02:43:31.897198Z,KXBTC15M-26OCT042245-45,0.9970,67.00,yes
2026-10-05T02:43:31.897198Z,KXBTC15M-26OCT042245-45,0.9970,11.55,yes
2026-10-05T02:43:31.910075Z,KXBTC15M-26OCT042245-45,0.9970,659.13,no
2026-10-05T02:43:31.915508Z,KXBTC15M-26OCT042245-45,0.9980,26.82,yes
2026-10-05T02:43:31.928141Z,KXBTC15M-26OCT042245-45,0.9970,3000.00,no
2026-10-05T02:43:31.945042Z,KXBTC15M-26OCT042245-45,0.9970,233.72,no
2026-10-05T02:43:31.997Z,KXBTC15M-26OCT042245-45,0.9970,3.93,no
2026-10-05T02:43:32.002338Z,KXBTC15M-26OCT042245-45,0.9970,779.13,no
2026-10-05T02:43:32.057651Z,KXBTC15M-26OCT042245-45,0.9970,155.83,no
2026-10-05T02:43:32.06494Z,KXBTC15M-26OCT042245-45,0.9970,2635.88,no
2026-10-05T02:43:32.103506Z,KXBTC15M-26OCT042245-45,0.9980,14.00,yes
2026-10-05T02:43:32.109677Z,KXBTC15M-26OCT042245-45,0.9970,233.72,no
2026-10-05T02:43:32.168317Z,KXBTC15M-26OCT042245-45,0.9970,116.88,no
2026-10-05T02:43:32.20389Z,KXBTC15M-26OCT042245-45,0.9980,14.00,yes
2026-10-05T02:43:32.231999Z,KXBTC15M-26OCT042245-45,0.9970,133.58,no
2026-10-05T02:43:32.259523Z,KXBTC15M-26OCT042245-45,0.9970,10.00,no
2026-10-05T02:43:32.263815Z,KXBTC15M-26OCT042245-45,0.9970,1007.32,no
2026-10-05T02:43:32.270099Z,KXBTC15M-26OCT042245-45,0.9980,75.08,yes
2026-10-05T02:43:32.299409Z,KXBTC15M-26OCT042245-45,0.9980,15.00,yes
2026-10-05T02:43:32.347954Z,KXBTC15M-26OCT042245-45,0.9970,155.83,no
2026-10-05T02:43:32.370585Z,KXBTC15M-26OCT042245-45,0.9970,305.35,no
2026-10-05T02:43:32.401141Z,KXBTC15M-26OCT042245-45,0.9970,4580.35,no
2026-10-05T02:43:32.458679Z,KXBTC15M-26OCT042245-45,0.9970,2.11,no
2026-10-05T02:43:32.458679Z,KXBTC15M-26OCT042245-45,0.9970,0.01,no
2026-10-05T02:43:32.458679Z,KXBTC15M-26OCT042245-45,0.9970,0.01,no
2026-10-05T02:43:32.557824Z,KXBTC15M-26OCT042245-45,0.9980,65.48,yes
2026-10-05T02:43:32.79026Z,KXBTC15M-26OCT042245-45,0.9980,579.07,yes
2026-10-05T02:43:32.831288Z,KXBTC15M-26OCT042245-45,0.9970,1526.80,no
2026-10-05T02:43:32.8411Z,KXBTC15M-26OCT042245-45,0.9970,305.35,no
2026-10-05T02:43:32.881603Z,KXBTC15M-26OCT042245-45,0.9970,15.00,no
2026-10-05T02:43:32.90828Z,KXBTC15M-26OCT042245-45,0.9970,91.62,no
2026-10-05T02:43:32.922584Z,KXBTC15M-26OCT042245-45,0.9980,1.00,yes
2026-10-05T02:43:32.928137Z,KXBTC15M-26OCT042245-45,0.9970,299.12,no
2026-10-05T02:43:32.954237Z,KXBTC15M-26OCT042245-45,0.9970,1526.80,no
2026-10-05T02:43:32.986923Z,KXBTC15M-26OCT042245-45,0.9970,104.15,no
2026-10-05T02:43:33.007718Z,KXBTC15M-26OCT042245-45,0.9970,38.79,no
2026-10-05T02:43:33.015832Z,KXBTC15M-26OCT042245-45,0.9970,305.35,no
2026-10-05T02:43:33.050947Z,KXBTC15M-26OCT042245-45,0.9970,83.28,no
2026-10-05T02:43:33.061272Z,KXBTC15M-26OCT042245-45,0.9970,5.10,no
2026-10-05T02:43:33.100134Z,KXBTC15M-26OCT042245-45,0.9970,400.00,no
2026-10-05T02:43:33.119662Z,KXBTC15M-26OCT042245-45,0.9970,320.87,no
2026-10-05T02:43:33.133737Z,KXBTC15M-26OCT042245-45,0.9980,6659.00,yes
2026-10-05T02:43:33.138083Z,KXBTC15M-26OCT042245-45,0.9980,2009.00,yes
2026-10-05T02:43:33.151833Z,KXBTC15M-26OCT042245-45,0.9970,50.27,no
2026-10-05T02:43:33.178325Z,KXBTC15M-26OCT042245-45,0.9970,305.35,no
2026-10-05T02:43:33.181866Z,KXBTC15M-26OCT042245-45,0.9970,112.98,no
2026-10-05T02:43:33.192255Z,KXBTC15M-26OCT042245-45,0.9980,1202.23,yes
2026-10-05T02:43:33.229412Z,KXBTC15M-26OCT042245-45,0.9970,437.25,no
2026-10-05T02:43:33.243774Z,KXBTC15M-26OCT042245-45,0.9970,305.35,no
2026-10-05T02:43:33.271272Z,KXBTC15M-26OCT042245-45,0.9970,305.35,no
2026-10-05T02:43:33.284413Z,KXBTC15M-26OCT042245-45,0.9980,1001.86,yes
2026-10-05T02:43:33.287483Z,KXBTC15M-26OCT042245-45,0.9970,305.35,no
2026-10-05T02:43:33.303328Z,KXBTC15M-26OCT042245-45,0.9970,24.42,no
2026-10-05T02:43:33.342407Z,KXBTC15M-26OCT042245-45,0.9970,836.68,no
2026-10-05T02:43:33.343859Z,KXBTC15M-26OCT042245-45,0.9970,9.84,no
2026-10-05T02:43:33.388241Z,KXBTC15M-26OCT042245-45,0.9970,155.79,no
2026-10-05T02:43:33.419233Z,KXBTC15M-26OCT042245-45,0.9970,610.72,no
2026-10-05T02:43:33.424977Z,KXBTC15M-26OCT042245-45,0.9970,3053.57,no
2026-10-05T02:43:33.542867Z,KXBTC15M-26OCT042245-45,0.9970,305.35,no
2026-10-05T02:43:33.545744Z,KXBTC15M-26OCT042245-45,0.9970,610.72,no
2026-10-05T02:43:33.57932Z,KXBTC15M-26OCT042245-45,0.9970,1526.80,no
2026-10-05T02:43:33.602285Z,KXBTC15M-26OCT042245-45,0.9970,155.79,no
2026-10-05T02:43:33.707773Z,KXBTC15M-26OCT042245-45,0.9970,305.35,no
2026-10-05T02:43:33.752836Z,KXBTC15M-26OCT042245-45,0.9970,10.43,no
2026-10-05T02:43:33.780571Z,KXBTC15M-26OCT042245-45,0.9970,30.53,no
2026-10-05T02:43:33.823519Z,KXBTC15M-26OCT042245-45,0.9970,0.24,no
2026-10-05T02:43:33.854848Z,KXBTC15M-26OCT042245-45,0.9970,305.35,no
2026-10-05T02:43:33.882432Z,KXBTC15M-26OCT042245-45,0.9970,323.44,no
2026-10-05T02:43:33.882432Z,KXBTC15M-26OCT042245-45,0.9970,75.08,no
2026-10-05T02:43:33.882432Z,KXBTC15M-26OCT042245-45,0.9970,0.01,no
2026-10-05T02:43:33.882432Z,KXBTC15M-26OCT042245-45,0.9970,212.18,no
2026-10-05T02:43:33.882432Z,KXBTC15M-26OCT042245-45,0.9970,0.01,no
2026-10-05T02:43:33.933004Z,KXBTC15M-26OCT042245-45,0.9970,100.00,no
2026-10-05T02:43:33.985003Z,KXBTC15M-26OCT042245-45,0.9970,11.05,no
2026-10-05T02:43:33.985003Z,KXBTC15M-26OCT042245-45,0.9970,578.42,no
2026-10-05T02:43:33.985003Z,KXBTC15M-26OCT042245-45,0.9970,579.07,no
2026-10-05T02:43:34.000361Z,KXBTC15M-26OCT042245-45,0.9970,39.50,no
2026-10-05T02:43:34.007968Z,KXBTC15M-26OCT042245-45,0.9970,42.75,no
2026-10-05T02:43:34.065252Z,KXBTC15M-26OCT042245-45,0.9980,9.00,yes
2026-10-05T02:43:34.071852Z,KXBTC15M-26OCT042245-45,0.9980,600.00,yes
2026-10-05T02:43:34.088482Z,KXBTC15M-26OCT042245-45,0.9980,1776.00,yes
2026-10-05T02:43:34.093796Z,KXBTC15M-26OCT042245-45,0.9970,3.06,no
2026-10-05T02:43:34.113494Z,KXBTC15M-26OCT042245-45,0.9980,766.00,yes
2026-10-05T02:43:34.151817Z,KXBTC15M-26OCT042245-45,0.9970,310.00,no
2026-10-05T02:43:34.159394Z,KXBTC15M-26OCT042245-45,0.9970,30.53,no
2026-10-05T02:43:34.179627Z,KXBTC15M-26OCT042245-45,0.9970,272.00,no
2026-10-05T02:43:34.185444Z,KXBTC15M-26OCT042245-45,0.9970,155.79,no
2026-10-05T02:43:34.193881Z,KXBTC15M-26OCT042245-45,0.9970,310.00,no
2026-10-05T02:43:34.21679Z,KXBTC15M-26OCT042245-45,0.9970,66.48,no
2026-10-05T02:43:34.21679Z,KXBTC15M-26OCT042245-45,0.9970,27.55,no
2026-10-05T02:43:34.21679Z,KXBTC15M-26OCT042245-45,0.9970,2.56,no
2026-10-05T02:43:34.240362Z,KXBTC15M-26OCT042245-45,0.9970,244.33,no
2026-10-05T02:43:34.240362Z,KXBTC15M-26OCT042245-45,0.9970,67.26,no
2026-10-05T02:43:34.30114Z,KXBTC15M-26OCT042245-45,0.9970,0.57,no
2026-10-05T02:43:34.316793Z,KXBTC15M-26OCT042245-45,0.9970,305.35,no
2026-10-05T02:43:34.33695Z,KXBTC15M-26OCT042245-45,0.9970,1526.80,no
2026-10-05T02:43:34.369801Z,KXBTC15M-26OCT042245-45,0.9970,305.35,no
2026-10-05T02:43:34.370545Z,KXBTC15M-26OCT042245-45,0.9970,75.00,no
2026-10-05T02:43:34.373807Z,KXBTC15M-26OCT042245-45,0.9970,760.00,no
2026-10-05T02:43:34.450477Z,KXBTC15M-26OCT042245-45,0.9970,305.35,no
2026-10-05T02:43:34.621043Z,KXBTC15M-26OCT042245-45,0.9970,2009.00,no
2026-10-05T02:43:34.621043Z,KXBTC15M-26OCT042245-45,0.9970,3136.25,no
2026-10-05T02:43:34.621043Z,KXBTC15M-26OCT042245-45,0.9970,173.02,no
2026-10-05T02:43:34.621043Z,KXBTC15M-26OCT042245-45,0.9970,9.00,no
2026-10-05T02:43:34.657482Z,KXBTC15M-26OCT042245-45,0.9970,305.35,no
2026-10-05T02:43:34.817687Z,KXBTC15M-26OCT042245-45,0.9970,489.09,no
2026-10-05T02:43:34.817687Z,KXBTC15M-26OCT042245-45,0.9970,121.63,no
2026-10-05T02:43:35.008046Z,KXBTC15M-26OCT042245-45,0.9970,305.35,no
2026-10-05T02:43:35.203293Z,KXBTC15M-26OCT042245-45,0.9970,541.61,no
2026-10-05T02:43:35.203293Z,KXBTC15M-26OCT042245-45,0.9970,981.56,no
2026-10-05T02:43:35.233876Z,KXBTC15M-26OCT042245-45,0.9970,200.74,no
2026-10-05T02:43:35.238734Z,KXBTC15M-26OCT042245-45,0.9970,23.65,no
2026-10-05T02:43:35.272738Z,KXBTC15M-26OCT042245-45,0.9960,4.12,no
2026-10-05T02:43:35.272738Z,KXBTC15M-26OCT042245-45,0.9960,180.88,no
2026-10-05T02:43:35.272738Z,KXBTC15M-26OCT042245-45,0.9970,15.00,no
2026-10-05T02:43:35.307894Z,KXBTC15M-26OCT042245-45,0.9980,4.00,yes
2026-10-05T02:43:35.31009Z,KXBTC15M-26OCT042245-45,0.9950,30.01,no
2026-10-05T02:43:35.325592Z,KXBTC15M-26OCT042245-45,0.9970,4.00,no
2026-10-05T02:43:35.388055Z,KXBTC15M-26OCT042245-45,0.9950,0.91,no
2026-10-05T02:43:35.432683Z,KXBTC15M-26OCT042245-45,0.9980,500.93,yes
2026-10-05T02:43:35.56494Z,KXBTC15M-26OCT042245-45,0.9970,305.35,no
2026-10-05T02:43:35.6977Z,KXBTC15M-26OCT042245-45,0.9970,18.00,no
2026-10-05T02:43:35.718Z,KXBTC15M-26OCT042245-45,0.9970,177.58,no
2026-10-05T02:43:35.718Z,KXBTC15M-26OCT042245-45,0.9960,31.44,no
2026-10-05T02:43:35.848295Z,KXBTC15M-26OCT042245-45,0.9960,323.10,no
2026-10-05T02:43:35.848295Z,KXBTC15M-26OCT042245-45,0.9960,10.00,no
2026-10-05T02:43:35.848295Z,KXBTC15M-26OCT042245-45,0.9950,1148.00,no
2026-10-05T02:43:35.848295Z,KXBTC15M-26OCT042245-45,0.9950,4400.00,no
2026-10-05T02:43:35.848295Z,KXBTC15M-26OCT042245-45,0.9950,2631.08,no
2026-10-05T02:43:35.848295Z,KXBTC15M-26OCT042245-45,0.9940,447.04,no
2026-10-05T02:43:35.848295Z,KXBTC15M-26OCT042245-45,0.9960,89.00,no
2026-10-05T02:43:36.060061Z,KXBTC15M-26OCT042245-45,0.9950,76.53,no
2026-10-05T02:43:36.152744Z,KXBTC15M-26OCT042245-45,0.9940,2.33,no
2026-10-05T02:43:36.153184Z,KXBTC15M-26OCT042245-45,0.9940,2.22,no
2026-10-05T02:43:36.153818Z,KXBTC15M-26OCT042245-45,0.9930,2.16,no
2026-10-05T02:43:36.15426Z,KXBTC15M-26OCT042245-45,0.9930,7.59,no
2026-10-05T02:43:36.156589Z,KXBTC15M-26OCT042245-45,0.9930,0.02,no
2026-10-05T02:43:36.156654Z,KXBTC15M-26OCT042245-45,0.9930,0.02,no
2026-10-05T02:43:36.157652Z,KXBTC15M-26OCT042245-45,0.9930,0.02,no
2026-10-05T02:43:36.164613Z,KXBTC15M-26OCT042245-45,0.9950,16.74,yes
2026-10-05T02:43:36.241202Z,KXBTC15M-26OCT042245-45,0.9950,0.01,yes
2026-10-05T02:43:36.241202Z,KXBTC15M-26OCT042245-45,0.9950,0.01,yes
2026-10-05T02:43:36.241202Z,KXBTC15M-26OCT042245-45,0.9950,500.00,yes
2026-10-05T02:43:36.241202Z,KXBTC15M-26OCT042245-45,0.9950,200.00,yes
2026-10-05T02:43:36.241202Z,KXBTC15M-26OCT042245-45,0.9950,400.00,yes
2026-10-05T02:43:36.241202Z,KXBTC15M-26OCT042245-45,0.9950,100.00,yes
2026-10-05T02:43:36.241202Z,KXBTC15M-26OCT042245-45,0.9950,93.75,yes
2026-10-05T02:43:36.241202Z,KXBTC15M-26OCT042245-45,0.9950,500.00,yes
2026-10-05T02:43:36.299604Z,KXBTC15M-26OCT042245-45,0.9950,18.74,yes
2026-10-05T02:43:36.299604Z,KXBTC15M-26OCT042245-45,0.9950,14.00,yes
2026-10-05T02:43:36.341216Z,KXBTC15M-26OCT042245-45,0.9950,10.00,yes
2026-10-05T02:43:36.341216Z,KXBTC15M-26OCT042245-45,0.9950,100.00,yes
2026-10-05T02:43:36.341216Z,KXBTC15M-26OCT042245-45,0.9950,0.01,yes
2026-10-05T02:43:36.341216Z,KXBTC15M-26OCT042245-45,0.9950,0.01,yes
2026-10-05T02:43:36.341216Z,KXBTC15M-26OCT042245-45,0.9950,400.00,yes
2026-10-05T02:43:36.341216Z,KXBTC15M-26OCT042245-45,0.9960,54.02,yes
2026-10-05T02:43:36.375611Z,KXBTC15M-26OCT042245-45,0.9950,14.00,yes
2026-10-05T02:43:36.375611Z,KXBTC15M-26OCT042245-45,0.9950,0.01,yes
2026-10-05T02:43:36.375611Z,KXBTC15M-26OCT042245-45,0.9950,100.00,yes
2026-10-05T02:43:36.375611Z,KXBTC15M-26OCT042245-45,0.9950,84.34,yes
2026-10-05T02:43:36.375611Z,KXBTC15M-26OCT042245-45,0.9950,0.01,yes
2026-10-05T02:43:36.43431Z,KXBTC15M-26OCT042245-45,0.9930,7.04,no
2026-10-05T02:43:36.43431Z,KXBTC15M-26OCT042245-45,0.9940,0.01,no
2026-10-05T02:43:36.43431Z,KXBTC15M-26OCT042245-45,0.9940,0.01,no
2026-10-05T02:43:36.592075Z,KXBTC15M-26OCT042245-45,0.9930,654.49,no
2026-10-05T02:43:36.592075Z,KXBTC15M-26OCT042245-45,0.9940,0.01,no
2026-10-05T02:43:36.592075Z,KXBTC15M-26OCT042245-45,0.9940,0.01,no
2026-10-05T02:43:36.693333Z,KXBTC15M-26OCT042245-45,0.9940,15.14,no
2026-10-05T02:43:36.96199Z,KXBTC15M-26OCT042245-45,0.9950,5.19,yes
2026-10-05T02:43:37.039333Z,KXBTC15M-26OCT042245-45,0.9900,1047.00,no
2026-10-05T02:43:37.039333Z,KXBTC15M-26OCT042245-45,0.9900,7963.45,no
2026-10-05T02:43:37.039333Z,KXBTC15M-26OCT042245-45,0.9930,28.66,no
2026-10-05T02:43:37.039333Z,KXBTC15M-26OCT042245-45,0.9940,0.01,no
2026-10-05T02:43:37.039333Z,KXBTC15M-26OCT042245-45,0.9920,273.35,no
2026-10-05T02:43:37.039333Z,KXBTC15M-26OCT042245-45,0.9940,0.01,no
2026-10-05T02:43:37.090069Z,KXBTC15M-26OCT042245-45,0.9940,2.03,yes
2026-10-05T02:43:37.108786Z,KXBTC15M-26OCT042245-45,0.9940,41.15,yes
2026-10-05T02:43:37.124709Z,KXBTC15M-26OCT042245-45,0.9940,223.65,yes
2026-10-05T02:43:37.124709Z,KXBTC15M-26OCT042245-45,0.9940,10.07,yes
2026-10-05T02:43:37.148737Z,KXBTC15M-26OCT042245-45,0.9900,540.48,no
2026-10-05T02:43:37.148737Z,KXBTC15M-26OCT042245-45,0.9910,17.00,no
2026-10-05T02:43:37.148737Z,KXBTC15M-26OCT042245-45,0.9930,0.01,no
2026-10-05T02:43:37.148737Z,KXBTC15M-26OCT042245-45,0.9930,0.01,no
2026-10-05T02:43:37.191041Z,KXBTC15M-26OCT042245-45,0.9940,0.01,yes
2026-10-05T02:43:37.191041Z,KXBTC15M-26OCT042245-45,0.9940,67.65,yes
2026-10-05T02:43:37.191041Z,KXBTC15M-26OCT042245-45,0.9940,0.01,yes
2026-10-05T02:43:37.191041Z,KXBTC15M-26OCT042245-45,0.9940,100.00,yes
2026-10-05T02:43:37.191041Z,KXBTC15M-26OCT042245-45,0.9940,200.00,yes
2026-10-05T02:43:37.23124Z,KXBTC15M-26OCT042245-45,0.9940,0.02,yes
2026-10-05T02:43:37.342895Z,KXBTC15M-26OCT042245-45,0.9910,17.00,no
2026-10-05T02:43:37.342895Z,KXBTC15M-26OCT042245-45,0.9920,200.00,no
2026-10-05T02:43:37.342895Z,KXBTC15M-26OCT042245-45,0.9910,15.80,no
2026-10-05T02:43:37.342895Z,KXBTC15M-26OCT042245-45,0.9920,272.40,no
2026-10-05T02:43:37.73766Z,KXBTC15M-26OCT042245-45,0.9900,808.27,no
2026-10-05T02:43:37.73766Z,KXBTC15M-26OCT042245-45,0.9910,109.00,no
2026-10-05T02:43:37.73766Z,KXBTC15M-26OCT042245-45,0.9910,17.00,no
2026-10-05T02:43:38.036715Z,KXBTC15M-26OCT042245-45,0.9910,1.00,no
2026-10-05T02:43:38.036715Z,KXBTC15M-26OCT042245-45,0.9910,0.01,no
2026-10-05T02:43:38.070533Z,KXBTC15M-26OCT042245-45,0.9940,26.72,yes
2026-10-05T02:43:38.073403Z,KXBTC15M-26OCT042245-45,0.9910,0.01,no
2026-10-05T02:43:38.073403Z,KXBTC15M-26OCT042245-45,0.9910,16.99,no
2026-10-05T02:43:38.073403Z,KXBTC15M-26OCT042245-45,0.9910,5.00,no
2026-10-05T02:43:38.073403Z,KXBTC15M-26OCT042245-45,0.9900,71.70,no
2026-10-05T02:43:38.176539Z,KXBTC15M-26OCT042245-45,0.9900,93.51,no
2026-10-05T02:43:38.211011Z,KXBTC15M-26OCT042245-45,0.9940,267.00,yes
2026-10-05T02:43:38.259734Z,KXBTC15M-26OCT042245-45,0.9910,5.00,no
2026-10-05T02:43:38.259734Z,KXBTC15M-26OCT042245-45,0.9910,17.00,no
2026-10-05T02:43:38.259734Z,KXBTC15M-26OCT042245-45,0.9900,71.58,no
2026-10-05T02:43:38.276227Z,KXBTC15M-26OCT042245-45,0.9950,40.00,yes
2026-10-05T02:43:38.276227Z,KXBTC15M-26OCT042245-45,0.9950,500.00,yes
2026-10-05T02:43:38.276227Z,KXBTC15M-26OCT042245-45,0.9940,100.00,yes
2026-10-05T02:43:38.276227Z,KXBTC15M-26OCT042245-45,0.9940,38.61,yes
2026-10-05T02:43:38.276227Z,KXBTC15M-26OCT042245-45,0.9940,200.00,yes
2026-10-05T02:43:38.276227Z,KXBTC15M-26OCT042245-45,0.9940,0.01,yes
2026-10-05T02:43:38.276227Z,KXBTC15M-26OCT042245-45,0.9940,0.01,yes
2026-10-05T02:43:38.276227Z,KXBTC15M-26OCT042245-45,0.9950,255.67,yes
2026-10-05T02:43:38.3055Z,KXBTC15M-26OCT042245-45,0.9910,17.00,no
2026-10-05T02:43:38.3055Z,KXBTC15M-26OCT042245-45,0.9900,11.05,no
2026-10-05T02:43:38.320886Z,KXBTC15M-26OCT042245-45,0.9900,93.00,no
2026-10-05T02:43:38.352392Z,KXBTC15M-26OCT042245-45,0.9900,184.69,no
2026-10-05T02:43:38.399387Z,KXBTC15M-26OCT042245-45,0.9910,17.00,no
2026-10-05T02:43:38.399387Z,KXBTC15M-26OCT042245-45,0.9900,7.31,no
2026-10-05T02:43:38.504319Z,KXBTC15M-26OCT042245-45,0.9940,4.50,yes
2026-10-05T02:43:38.504319Z,KXBTC15M-26OCT042245-45,0.9940,0.01,yes
2026-10-05T02:43:38.578709Z,KXBTC15M-26OCT042245-45,0.9910,5.18,no
2026-10-05T02:43:38.578709Z,KXBTC15M-26OCT042245-45,0.9910,0.01,no
2026-10-05T02:43:38.666247Z,KXBTC15M-26OCT042245-45,0.9940,5.05,yes
2026-10-05T02:43:38.666247Z,KXBTC15M-26OCT042245-45,0.9940,95.50,yes
2026-10-05T02:43:38.666247Z,KXBTC15M-26OCT042245-45,0.9940,0.01,yes
2026-10-05T02:43:38.726352Z,KXBTC15M-26OCT042245-45,0.9940,22.01,yes
2026-10-05T02:43:38.743565Z,KXBTC15M-26OCT042245-45,0.9910,11.82,no
2026-10-05T02:43:38.743565Z,KXBTC15M-26OCT042245-45,0.9910,3.80,no
2026-10-05T02:43:38.842355Z,KXBTC15M-26OCT042245-45,0.9910,1.20,no
2026-10-05T02:43:38.842355Z,KXBTC15M-26OCT042245-45,0.9910,0.01,no
2026-10-05T02:43:38.842355Z,KXBTC15M-26OCT042245-45,0.9910,5.18,no
2026-10-05T02:43:38.842355Z,KXBTC15M-26OCT042245-45,0.9910,11.82,no
2026-10-05T02:43:38.842355Z,KXBTC15M-26OCT042245-45,0.9910,0.01,no
2026-10-05T02:43:38.842355Z,KXBTC15M-26OCT042245-45,0.9900,76.40,no
2026-10-05T02:43:38.947044Z,KXBTC15M-26OCT042245-45,0.9940,0.01,yes
2026-10-05T02:43:38.947044Z,KXBTC15M-26OCT042245-45,0.9940,372.94,yes
2026-10-05T02:43:38.947044Z,KXBTC15M-26OCT042245-45,0.9940,37.76,yes
2026-10-05T02:43:38.947044Z,KXBTC15M-26OCT042245-45,0.9940,0.01,yes
2026-10-05T02:43:38.947044Z,KXBTC15M-26OCT042245-45,0.9940,200.00,yes
2026-10-05T02:43:39.001983Z,KXBTC15M-26OCT042245-45,0.9900,1.13,no
2026-10-05T02:43:39.059074Z,KXBTC15M-26OCT042245-45,0.9900,100.00,no
2026-10-05T02:43:39.115287Z,KXBTC15M-26OCT042245-45,0.9940,80.09,yes
2026-10-05T02:43:39.115287Z,KXBTC15M-26OCT042245-45,0.9940,0.01,yes
2026-10-05T02:43:39.115287Z,KXBTC15M-26OCT042245-45,0.9940,0.01,yes
2026-10-05T02:43:39.115287Z,KXBTC15M-26OCT042245-45,0.9940,100.00,yes
2026-10-05T02:43:39.129259Z,KXBTC15M-26OCT042245-45,0.9940,133.58,yes
2026-10-05T02:43:39.175074Z,KXBTC15M-26OCT042245-45,0.9900,46.61,no
2026-10-05T02:43:39.198952Z,KXBTC15M-26OCT042245-45,0.9940,186.33,yes
2026-10-05T02:43:39.198952Z,KXBTC15M-26OCT042245-45,0.9940,200.00,yes
2026-10-05T02:43:39.198952Z,KXBTC15M-26OCT042245-45,0.9940,0.01,yes
2026-10-05T02:43:39.198952Z,KXBTC15M-26OCT042245-45,0.9940,100.00,yes
2026-10-05T02:43:39.198952Z,KXBTC15M-26OCT042245-45,0.9940,0.01,yes
2026-10-05T02:43:39.198952Z,KXBTC15M-26OCT042245-45,0.9950,423.03,yes
2026-10-05T02:43:39.266924Z,KXBTC15M-26OCT042245-45,0.9900,93.05,no
2026-10-05T02:43:39.274262Z,KXBTC15M-26OCT042245-45,0.9940,4.24,yes
2026-10-05T02:43:39.274262Z,KXBTC15M-26OCT042245-45,0.9940,0.01,yes
2026-10-05T02:43:39.393814Z,KXBTC15M-26OCT042245-45,0.9900,5.20,no
2026-10-05T02:43:39.459973Z,KXBTC15M-26OCT042245-45,0.9940,93.74,yes
2026-10-05T02:43:39.563351Z,KXBTC15M-26OCT042245-45,0.9940,2.02,yes
2026-10-05T02:43:39.563351Z,KXBTC15M-26OCT042245-45,0.9940,0.01,yes
2026-10-05T02:43:39.563351Z,KXBTC15M-26OCT042245-45,0.9940,0.98,yes
2026-10-05T02:43:39.574546Z,KXBTC15M-26OCT042245-45,0.9900,935.19,no
2026-10-05T02:43:39.618618Z,KXBTC15M-26OCT042245-45,0.9900,93.51,no
2026-10-05T02:43:39.793925Z,KXBTC15M-26OCT042245-45,0.9900,3.00,no
2026-10-05T02:43:39.865517Z,KXBTC15M-26OCT042245-45,0.9900,17.67,no
2026-10-05T02:43:39.873196Z,KXBTC15M-26OCT042245-45,0.9940,73.32,yes
2026-10-05T02:43:39.87682Z,KXBTC15M-26OCT042245-45,0.9900,46.75,no
2026-10-05T02:43:39.934843Z,KXBTC15M-26OCT042245-45,0.9900,10.18,no
2026-10-05T02:43:40.002863Z,KXBTC15M-26OCT042245-45,0.9900,93.51,no
2026-10-05T02:43:40.004171Z,KXBTC15M-26OCT042245-45,0.9900,935.19,no
2026-10-05T02:43:40.013863Z,KXBTC15M-26OCT042245-45,0.9900,561.11,no
2026-10-05T02:43:40.15915Z,KXBTC15M-26OCT042245-45,0.9940,24.05,yes
2026-10-05T02:43:40.37908Z,KXBTC15M-26OCT042245-45,0.9900,66.33,no
2026-10-05T02:43:40.379986Z,KXBTC15M-26OCT042245-45,0.9940,25.14,yes
2026-10-05T02:43:40.397327Z,KXBTC15M-26OCT042245-45,0.9900,46.75,no
2026-10-05T02:43:40.450803Z,KXBTC15M-26OCT042245-45,0.9900,46.75,no
2026-10-05T02:43:40.571798Z,KXBTC15M-26OCT042245-45,0.9940,1.00,yes
2026-10-05T02:43:40.572375Z,KXBTC15M-26OCT042245-45,0.9900,1.19,no
2026-10-05T02:43:40.640169Z,KXBTC15M-26OCT042245-45,0.9920,29.56,yes
2026-10-05T02:43:40.640169Z,KXBTC15M-26OCT042245-45,0.9910,236.31,yes
2026-10-05T02:43:40.640169Z,KXBTC15M-26OCT042245-45,0.9910,0.01,yes
2026-10-05T02:43:40.640169Z,KXBTC15M-26OCT042245-45,0.9920,0.01,yes
2026-10-05T02:43:40.640169Z,KXBTC15M-26OCT042245-45,0.9920,0.01,yes
2026-10-05T02:43:40.640169Z,KXBTC15M-26OCT042245-45,0.9910,0.01,yes
2026-10-05T02:43:40.669555Z,KXBTC15M-26OCT042245-45,0.9900,467.59,no
2026-10-05T02:43:40.694135Z,KXBTC15M-26OCT042245-45,0.9900,93.51,no
2026-10-05T02:43:40.697737Z,KXBTC15M-26OCT042245-45,0.9900,93.51,no
2026-10-05T02:43:40.820039Z,KXBTC15M-26OCT042245-45,0.9910,0.01,yes
2026-10-05T02:43:40.820039Z,KXBTC15M-26OCT042245-45,0.9950,15.00,yes
2026-10-05T02:43:40.820039Z,KXBTC15M-26OCT042245-45,0.9910,0.01,yes
2026-10-05T02:43:40.820039Z,KXBTC15M-26OCT042245-45,0.9950,85.00,yes
2026-10-05T02:43:40.820039Z,KXBTC15M-26OCT042245-45,0.9970,4102.03,yes
2026-10-05T02:43:40.820039Z,KXBTC15M-26OCT042245-45,0.9950,10.00,yes
2026-10-05T02:43:40.820039Z,KXBTC15M-26OCT042245-45,0.9950,368.30,yes
2026-10-05T02:43:40.826794Z,KXBTC15M-26OCT042245-45,0.9950,0.01,yes
2026-10-05T02:43:40.826794Z,KXBTC15M-26OCT042245-45,0.9950,0.01,yes
2026-10-05T02:43:40.826794Z,KXBTC15M-26OCT042245-45,0.9950,15.00,yes
2026-10-05T02:43:40.826794Z,KXBTC15M-26OCT042245-45,0.9970,4.98,yes
2026-10-05T02:43:41.079966Z,KXBTC15M-26OCT042245-45,0.9900,8.41,no
2026-10-05T02:43:41.175013Z,KXBTC15M-26OCT042245-45,0.9900,93.51,no
2026-10-05T02:43:41.182775Z,KXBTC15M-26OCT042245-45,0.9900,93.51,no
2026-10-05T02:43:41.186151Z,KXBTC15M-26OCT042245-45,0.9900,2.80,no
2026-10-05T02:43:41.248902Z,KXBTC15M-26OCT042245-45,0.9900,280.55,no
2026-10-05T02:43:41.302032Z,KXBTC15M-26OCT042245-45,0.9950,14.49,yes
2026-10-05T02:43:41.302032Z,KXBTC15M-26OCT042245-45,0.9950,0.01,yes
2026-10-05T02:43:41.302032Z,KXBTC15M-26OCT042245-45,0.9950,0.01,yes
2026-10-05T02:43:41.324538Z,KXBTC15M-26OCT042245-45,0.9950,1.00,yes
2026-10-05T02:43:41.32771Z,KXBTC15M-26OCT042245-45,0.9950,400.00,yes
2026-10-05T02:43:41.32771Z,KXBTC15M-26OCT042245-45,0.9970,16.00,yes
2026-10-05T02:43:41.32771Z,KXBTC15M-26OCT042245-45,0.9960,200.00,yes
2026-10-05T02:43:41.32771Z,KXBTC15M-26OCT042245-45,0.9950,84.51,yes
2026-10-05T02:43:41.32771Z,KXBTC15M-26OCT042245-45,0.9950,200.00,yes
2026-10-05T02:43:41.32771Z,KXBTC15M-26OCT042245-45,0.9960,78.00,yes
2026-10-05T02:43:41.32771Z,KXBTC15M-26OCT042245-45,0.9970,30.28,yes
2026-10-05T02:43:41.32771Z,KXBTC15M-26OCT042245-45,0.9970,250.00,yes
2026-10-05T02:43:41.32771Z,KXBTC15M-26OCT042245-45,0.9950,0.01,yes
2026-10-05T02:43:41.32771Z,KXBTC15M-26OCT042245-45,0.9950,0.01,yes
2026-10-05T02:43:41.458686Z,KXBTC15M-26OCT042245-45,0.9900,93.51,no
2026-10-05T02:43:41.499068Z,KXBTC15M-26OCT042245-45,0.9900,18703.82,no
2026-10-05T02:43:41.714099Z,KXBTC15M-26OCT042245-45,0.9920,72.98,yes
2026-10-05T02:43:41.714099Z,KXBTC15M-26OCT042245-45,0.9910,0.01,yes
2026-10-05T02:43:41.714099Z,KXBTC15M-26OCT042245-45,0.9910,0.01,yes
2026-10-05T02:43:41.714099Z,KXBTC15M-26OCT042245-45,0.9910,200.00,yes
2026-10-05T02:43:41.722462Z,KXBTC15M-26OCT042245-45,0.9900,500.00,no
2026-10-05T02:43:41.722462Z,KXBTC15M-26OCT042245-45,0.9900,50.47,no
2026-10-05T02:43:41.722462Z,KXBTC15M-26OCT042245-45,0.9900,377.72,no
2026-10-05T02:43:41.722462Z,KXBTC15M-26OCT042245-45,0.9900,2.00,no
2026-10-05T02:43:41.722462Z,KXBTC15M-26OCT042245-45,0.9900,5.00,no
2026-10-05T02:43:41.889373Z,KXBTC15M-26OCT042245-45,0.9900,93.00,no
2026-10-05T02:43:41.924761Z,KXBTC15M-26OCT042245-45,0.9900,1.00,no
2026-10-05T02:43:42.063303Z,KXBTC15M-26OCT042245-45,0.9930,200.00,yes
2026-10-05T02:43:42.063303Z,KXBTC15M-26OCT042245-45,0.9930,226.02,yes
2026-10-05T02:43:42.063303Z,KXBTC15M-26OCT042245-45,0.9910,0.01,yes
2026-10-05T02:43:42.063303Z,KXBTC15M-26OCT042245-45,0.9910,0.01,yes
2026-10-05T02:43:42.144062Z,KXBTC15M-26OCT042245-45,0.9900,0.01,no
2026-10-05T02:43:42.144062Z,KXBTC15M-26OCT042245-45,0.9900,355.53,no
2026-10-05T02:43:42.144062Z,KXBTC15M-26OCT042245-45,0.9900,1.09,no
2026-10-05T02:43:42.144062Z,KXBTC15M-26OCT042245-45,0.9900,0.01,no
2026-10-05T02:43:42.144062Z,KXBTC15M-26OCT042245-45,0.9900,104.92,no
2026-10-05T02:43:42.144062Z,KXBTC15M-26OCT042245-45,0.9900,4.98,no
2026-10-05T02:43:42.144062Z,KXBTC15M-26OCT042245-45,0.9900,1.05,no
2026-10-05T02:43:42.148589Z,KXBTC15M-26OCT042245-45,0.9910,0.01,yes
2026-10-05T02:43:42.148589Z,KXBTC15M-26OCT042245-45,0.9910,0.01,yes
2026-10-05T02:43:42.162835Z,KXBTC15M-26OCT042245-45,0.9900,166.33,no
2026-10-05T02:43:42.351699Z,KXBTC15M-26OCT042245-45,0.9900,1402.78,no
2026-10-05T02:43:42.368886Z,KXBTC15M-26OCT042245-45,0.9940,3.56,yes
2026-10-05T02:43:42.368886Z,KXBTC15M-26OCT042245-45,0.9940,0.01,yes
2026-10-05T02:43:42.368886Z,KXBTC15M-26OCT042245-45,0.9940,0.01,yes
2026-10-05T02:43:42.378239Z,KXBTC15M-26OCT042245-45,0.9900,166.33,no
2026-10-05T02:43:42.452355Z,KXBTC15M-26OCT042245-45,0.9900,33.00,no
2026-10-05T02:43:42.460228Z,KXBTC15M-26OCT042245-45,0.9900,93.51,no
2026-10-05T02:43:42.603147Z,KXBTC15M-26OCT042245-45,0.9900,104.00,no
2026-10-05T02:43:42.645841Z,KXBTC15M-26OCT042245-45,0.9900,1.00,no
2026-10-05T02:43:42.752047Z,KXBTC15M-26OCT042245-45,0.9900,4.67,no
2026-10-05T02:43:42.797146Z,KXBTC15M-26OCT042245-45,0.9940,2.40,yes
2026-10-05T02:43:42.861845Z,KXBTC15M-26OCT042245-45,0.9940,4.01,yes
2026-10-05T02:43:42.932759Z,KXBTC15M-26OCT042245-45,0.9900,280.55,no
2026-10-05T02:43:43.068291Z,KXBTC15M-26OCT042245-45,0.9900,467.59,no
2026-10-05T02:43:43.104982Z,KXBTC15M-26OCT042245-45,0.9940,90.03,yes
2026-10-05T02:43:43.104982Z,KXBTC15M-26OCT042245-45,0.9940,377.45,yes
2026-10-05T02:43:43.149679Z,KXBTC15M-26OCT042245-45,0.9940,0.01,yes
2026-10-05T02:43:43.149679Z,KXBTC15M-26OCT042245-45,0.9940,0.01,yes
2026-10-05T02:43:43.149679Z,KXBTC15M-26OCT042245-45,0.9940,9.03,yes
2026-10-05T02:43:43.154819Z,KXBTC15M-26OCT042245-45,0.9940,45.32,yes
2026-10-05T02:43:43.184418Z,KXBTC15M-26OCT042245-45,0.9900,93.51,no
2026-10-05T02:43:43.193303Z,KXBTC15M-26OCT042245-45,0.9900,27.18,no
2026-10-05T02:43:43.276373Z,KXBTC15M-26OCT042245-45,0.9940,4.26,yes
2026-10-05T02:43:43.277372Z,KXBTC15M-26OCT042245-45,0.9940,50.24,yes
2026-10-05T02:43:43.306287Z,KXBTC15M-26OCT042245-45,0.9940,0.01,yes
2026-10-05T02:43:43.306287Z,KXBTC15M-26OCT042245-45,0.9940,0.01,yes
2026-10-05T02:43:43.306287Z,KXBTC15M-26OCT042245-45,0.9940,345.50,yes
2026-10-05T02:43:43.306287Z,KXBTC15M-26OCT042245-45,0.9940,37.77,yes
2026-10-05T02:43:43.377287Z,KXBTC15M-26OCT042245-45,0.9900,1.00,no
2026-10-05T02:43:43.585056Z,KXBTC15M-26OCT042245-45,0.9900,176.00,no
2026-10-05T02:43:43.7437Z,KXBTC15M-26OCT042245-45,0.9900,93.51,no
2026-10-05T02:43:43.802474Z,KXBTC15M-26OCT042245-45,0.9940,116.88,yes
2026-10-05T02:43:43.891429Z,KXBTC15M-26OCT042245-45,0.9900,93.51,no
2026-10-05T02:43:43.919965Z,KXBTC15M-26OCT042245-45,0.9940,69.22,yes
2026-10-05T02:43:43.919965Z,KXBTC15M-26OCT042245-45,0.9940,45.35,yes
2026-10-05T02:43:44.11593Z,KXBTC15M-26OCT042245-45,0.9940,400.00,yes
2026-10-05T02:43:44.11593Z,KXBTC15M-26OCT042245-45,0.9940,0.01,yes
2026-10-05T02:43:44.11593Z,KXBTC15M-26OCT042245-45,0.9940,200.00,yes
2026-10-05T02:43:44.11593Z,KXBTC15M-26OCT042245-45,0.9940,30.78,yes
2026-10-05T02:43:44.11593Z,KXBTC15M-26OCT042245-45,0.9950,210.41,yes
2026-10-05T02:43:44.11593Z,KXBTC15M-26OCT042245-45,0.9940,0.01,yes
2026-10-05T02:43:44.11593Z,KXBTC15M-26OCT042245-45,0.9970,33.50,yes
2026-10-05T02:43:44.11593Z,KXBTC15M-26OCT042245-45,0.9960,85.00,yes
2026-10-05T02:43:44.11673Z,KXBTC15M-26OCT042245-45,0.9900,187.03,no
2026-10-05T02:43:44.147172Z,KXBTC15M-26OCT042245-45,0.9900,1.00,no
2026-10-05T02:43:44.231753Z,KXBTC15M-26OCT042245-45,0.9900,93.51,no
2026-10-05T02:43:44.248296Z,KXBTC15M-26OCT042245-45,0.9920,0.01,yes
2026-10-05T02:43:44.248296Z,KXBTC15M-26OCT042245-45,0.9920,0.01,yes
2026-10-05T02:43:44.248296Z,KXBTC15M-26OCT042245-45,0.9920,100.00,yes
2026-10-05T02:43:44.30428Z,KXBTC15M-26OCT042245-45,0.9900,467.59,no
2026-10-05T02:43:44.32257Z,KXBTC15M-26OCT042245-45,0.9960,65.00,yes
2026-10-05T02:43:44.32257Z,KXBTC15M-26OCT042245-45,0.9920,0.01,yes
2026-10-05T02:43:44.32257Z,KXBTC15M-26OCT042245-45,0.9970,150.00,yes
2026-10-05T02:43:44.32257Z,KXBTC15M-26OCT042245-45,0.9970,290.00,yes
2026-10-05T02:43:44.32257Z,KXBTC15M-26OCT042245-45,0.9950,15.00,yes
2026-10-05T02:43:44.32257Z,KXBTC15M-26OCT042245-45,0.9920,0.01,yes
2026-10-05T02:43:44.32257Z,KXBTC15M-26OCT042245-45,0.9960,200.00,yes
2026-10-05T02:43:44.32257Z,KXBTC15M-26OCT042245-45,0.9970,216.50,yes
2026-10-05T02:43:44.32257Z,KXBTC15M-26OCT042245-45,0.9970,2.00,yes
2026-10-05T02:43:44.353268Z,KXBTC15M-26OCT042245-45,0.9920,0.01,yes
2026-10-05T02:43:44.353268Z,KXBTC15M-26OCT042245-45,0.9920,0.01,yes
2026-10-05T02:43:44.382969Z,KXBTC15M-26OCT042245-45,0.9960,17.00,yes
2026-10-05T02:43:44.382969Z,KXBTC15M-26OCT042245-45,0.9960,32.27,yes
2026-10-05T02:43:44.570128Z,KXBTC15M-26OCT042245-45,0.9900,50.00,no
2026-10-05T02:43:44.570128Z,KXBTC15M-26OCT042245-45,0.9900,43.51,no
2026-10-05T02:43:44.607301Z,KXBTC15M-26OCT042245-45,0.9960,100.00,yes
2026-10-05T02:43:44.607301Z,KXBTC15M-26OCT042245-45,0.9970,200.00,yes
2026-10-05T02:43:44.607301Z,KXBTC15M-26OCT042245-45,0.9970,346.06,yes
2026-10-05T02:43:44.607301Z,KXBTC15M-26OCT042245-45,0.9970,250.00,yes
2026-10-05T02:43:44.607301Z,KXBTC15M-26OCT042245-45,0.9960,0.01,yes
2026-10-05T02:43:44.607301Z,KXBTC15M-26OCT042245-45,0.9960,0.01,yes
2026-10-05T02:43:44.607301Z,KXBTC15M-26OCT042245-45,0.9970,150.00,yes
2026-10-05T02:43:44.607301Z,KXBTC15M-26OCT042245-45,0.9960,400.00,yes
2026-10-05T02:43:44.607301Z,KXBTC15M-26OCT042245-45,0.9970,16.00,yes
2026-10-05T02:43:44.607301Z,KXBTC15M-26OCT042245-45,0.9960,200.00,yes
2026-10-05T02:43:44.607301Z,KXBTC15M-26OCT042245-45,0.9970,17.00,yes
2026-10-05T02:43:44.607301Z,KXBTC15M-26OCT042245-45,0.9960,288.29,yes
2026-10-05T02:43:44.6212Z,KXBTC15M-26OCT042245-45,0.9900,93.51,no
2026-10-05T02:43:44.708053Z,KXBTC15M-26OCT042245-45,0.9900,4.67,no
2026-10-05T02:43:44.823739Z,KXBTC15M-26OCT042245-45,0.9900,93.51,no
2026-10-05T02:43:44.89711Z,KXBTC15M-26OCT042245-45,0.9900,7.48,no
2026-10-05T02:43:44.99285Z,KXBTC15M-26OCT042245-45,0.9900,0.83,no
2026-10-05T02:43:44.99285Z,KXBTC15M-26OCT042245-45,0.9900,30.28,no
2026-10-05T02:43:44.99285Z,KXBTC15M-26OCT042245-45,0.9900,436.48,no
2026-10-05T02:43:45.009866Z,KXBTC15M-26OCT042245-45,0.9960,0.36,yes
2026-10-05T02:43:45.1096Z,KXBTC15M-26OCT042245-45,0.9900,467.59,no
2026-10-05T02:43:45.162188Z,KXBTC15M-26OCT042245-45,0.9900,654.00,no
2026-10-05T02:43:45.205181Z,KXBTC15M-26OCT042245-45,0.9940,5.00,no
2026-10-05T02:43:45.205181Z,KXBTC15M-26OCT042245-45,0.9940,0.01,no
2026-10-05T02:43:45.205181Z,KXBTC15M-26OCT042245-45,0.9940,0.01,no
2026-10-05T02:43:45.205181Z,KXBTC15M-26OCT042245-45,0.9920,88.49,no
2026-10-05T02:43:45.208811Z,KXBTC15M-26OCT042245-45,0.9920,73.00,no
2026-10-05T02:43:45.241885Z,KXBTC15M-26OCT042245-45,0.9920,0.01,no
2026-10-05T02:43:45.241885Z,KXBTC15M-26OCT042245-45,0.9930,0.01,no
2026-10-05T02:43:45.241885Z,KXBTC15M-26OCT042245-45,0.9930,0.01,no
2026-10-05T02:43:45.241885Z,KXBTC15M-26OCT042245-45,0.9920,0.01,no
2026-10-05T02:43:45.241885Z,KXBTC15M-26OCT042245-45,0.9910,17.00,no
2026-10-05T02:43:45.241885Z,KXBTC15M-26OCT042245-45,0.9910,76.47,no
2026-10-05T02:43:45.295496Z,KXBTC15M-26OCT042245-45,0.9920,75.75,no
2026-10-05T02:43:45.31874Z,KXBTC15M-26OCT042245-45,0.9920,93.51,no
2026-10-05T02:43:45.323255Z,KXBTC15M-26OCT042245-45,0.9930,0.01,yes
2026-10-05T02:43:45.323255Z,KXBTC15M-26OCT042245-45,0.9930,15.00,yes
2026-10-05T02:43:45.323255Z,KXBTC15M-26OCT042245-45,0.9930,0.01,yes
2026-10-05T02:43:45.403673Z,KXBTC15M-26OCT042245-45,0.9930,93.51,no
2026-10-05T02:43:45.456844Z,KXBTC15M-26OCT042245-45,0.9930,93.51,no
2026-10-05T02:43:45.562042Z,KXBTC15M-26OCT042245-45,0.9930,99.19,no
2026-10-05T02:43:45.580655Z,KXBTC15M-26OCT042245-45,0.9940,40.17,yes
2026-10-05T02:43:45.580655Z,KXBTC15M-26OCT042245-45,0.9940,0.01,yes
2026-10-05T02:43:45.629374Z,KXBTC15M-26OCT042245-45,0.9940,359.83,yes
2026-10-05T02:43:45.629374Z,KXBTC15M-26OCT042245-45,0.9940,49.11,yes
2026-10-05T02:43:45.629374Z,KXBTC15M-26OCT042245-45,0.9940,126.79,yes
2026-10-05T02:43:45.699053Z,KXBTC15M-26OCT042245-45,0.9910,0.02,no
2026-10-05T02:43:45.699053Z,KXBTC15M-26OCT042245-45,0.9910,22.32,no
2026-10-05T02:43:45.699053Z,KXBTC15M-26OCT042245-45,0.9920,0.02,no
2026-10-05T02:43:45.699053Z,KXBTC15M-26OCT042245-45,0.9910,17.00,no
2026-10-05T02:43:45.699053Z,KXBTC15M-26OCT042245-45,0.9930,0.01,no
2026-10-05T02:43:45.699053Z,KXBTC15M-26OCT042245-45,0.9930,0.02,no
2026-10-05T02:43:45.699053Z,KXBTC15M-26OCT042245-45,0.9930,0.01,no
2026-10-05T02:43:45.699053Z,KXBTC15M-26OCT042245-45,0.9930,44.83,no
2026-10-05T02:43:45.707618Z,KXBTC15M-26OCT042245-45,0.9940,3.00,yes
2026-10-05T02:43:45.943451Z,KXBTC15M-26OCT042245-45,0.9930,0.01,no
2026-10-05T02:43:45.943451Z,KXBTC15M-26OCT042245-45,0.9930,15.00,no
2026-10-05T02:43:45.943451Z,KXBTC15M-26OCT042245-45,0.9930,0.02,no
2026-10-05T02:43:45.943451Z,KXBTC15M-26OCT042245-45,0.9930,0.01,no
2026-10-05T02:43:45.943451Z,KXBTC15M-26OCT042245-45,0.9920,2.39,no
2026-10-05T02:43:45.996759Z,KXBTC15M-26OCT042245-45,0.9920,6.55,no
2026-10-05T02:43:46.122445Z,KXBTC15M-26OCT042245-45,0.9920,86.97,no
2026-10-05T02:43:46.313902Z,KXBTC15M-26OCT042245-45,0.9920,0.02,no
2026-10-05T02:43:46.313902Z,KXBTC15M-26OCT042245-45,0.9920,0.01,no
2026-10-05T02:43:46.313902Z,KXBTC15M-26OCT042245-45,0.9920,0.01,no
2026-10-05T02:43:46.313902Z,KXBTC15M-26OCT042245-45,0.9920,71.95,no
2026-10-05T02:43:46.314114Z,KXBTC15M-26OCT042245-45,0.9940,0.01,yes
2026-10-05T02:43:46.314114Z,KXBTC15M-26OCT042245-45,0.9940,0.01,yes
2026-10-05T02:43:46.314114Z,KXBTC15M-26OCT042245-45,0.9940,11.02,yes
2026-10-05T02:43:46.318403Z,KXBTC15M-26OCT042245-45,0.9920,428.05,no
2026-10-05T02:43:46.318403Z,KXBTC15M-26OCT042245-45,0.9920,95.17,no
2026-10-05T02:43:46.328162Z,KXBTC15M-26OCT042245-45,0.9910,200.00,no
2026-10-05T02:43:46.328162Z,KXBTC15M-26OCT042245-45,0.9910,0.02,no
2026-10-05T02:43:46.328162Z,KXBTC15M-26OCT042245-45,0.9920,0.01,no
2026-10-05T02:43:46.328162Z,KXBTC15M-26OCT042245-45,0.9920,100.00,no
2026-10-05T02:43:46.328162Z,KXBTC15M-26OCT042245-45,0.9920,0.01,no
2026-10-05T02:43:46.328162Z,KXBTC15M-26OCT042245-45,0.9920,200.00,no
2026-10-05T02:43:46.328162Z,KXBTC15M-26OCT042245-45,0.9910,17.00,no
2026-10-05T02:43:46.328162Z,KXBTC15M-26OCT042245-45,0.9920,404.83,no
2026-10-05T02:43:46.328162Z,KXBTC15M-26OCT042245-45,0.9900,3638.08,no
2026-10-05T02:43:46.328162Z,KXBTC15M-26OCT042245-45,0.9910,116.00,no
2026-10-05T02:43:46.340166Z,KXBTC15M-26OCT042245-45,0.9940,0.01,yes
2026-10-05T02:43:46.340166Z,KXBTC15M-26OCT042245-45,0.9940,100.00,yes
2026-10-05T02:43:46.340166Z,KXBTC15M-26OCT042245-45,0.9940,0.01,yes
2026-10-05T02:43:46.340166Z,KXBTC15M-26OCT042245-45,0.9940,297.25,yes
2026-10-05T02:43:46.340166Z,KXBTC15M-26OCT042245-45,0.9940,3.98,yes
2026-10-05T02:43:46.424234Z,KXBTC15M-26OCT042245-45,0.9910,0.01,no
2026-10-05T02:43:46.424234Z,KXBTC15M-26OCT042245-45,0.9930,15.00,no
2026-10-05T02:43:46.424234Z,KXBTC15M-26OCT042245-45,0.9930,0.01,no
2026-10-05T02:43:46.424234Z,KXBTC15M-26OCT042245-45,0.9920,0.01,no
2026-10-05T02:43:46.424234Z,KXBTC15M-26OCT042245-45,0.9910,17.00,no
2026-10-05T02:43:46.424234Z,KXBTC15M-26OCT042245-45,0.9910,5.00,no
2026-10-05T02:43:46.424234Z,KXBTC15M-26OCT042245-45,0.9920,0.01,no
2026-10-05T02:43:46.424234Z,KXBTC15M-26OCT042245-45,0.9930,0.01,no
2026-10-05T02:43:46.424234Z,KXBTC15M-26OCT042245-45,0.9910,0.01,no
2026-10-05T02:43:46.424234Z,KXBTC15M-26OCT042245-45,0.9900,149.97,no
2026-10-05T02:43:46.625076Z,KXBTC15M-26OCT042245-45,0.9910,5.00,no
2026-10-05T02:43:46.625076Z,KXBTC15M-26OCT042245-45,0.9930,0.01,no
2026-10-05T02:43:46.625076Z,KXBTC15M-26OCT042245-45,0.9930,0.01,no
2026-10-05T02:43:46.625076Z,KXBTC15M-26OCT042245-45,0.9920,0.02,no
2026-10-05T02:43:46.625076Z,KXBTC15M-26OCT042245-45,0.9910,17.00,no
2026-10-05T02:43:46.625076Z,KXBTC15M-26OCT042245-45,0.9900,25.54,no
2026-10-05T02:43:46.727333Z,KXBTC15M-26OCT042245-45,0.9920,5.00,no
2026-10-05T02:43:46.727333Z,KXBTC15M-26OCT042245-45,0.9930,0.01,no
2026-10-05T02:43:46.727333Z,KXBTC15M-26OCT042245-45,0.9910,5.00,no
2026-10-05T02:43:46.727333Z,KXBTC15M-26OCT042245-45,0.9910,17.00,no
2026-10-05T02:43:46.727333Z,KXBTC15M-26OCT042245-45,0.9930,0.01,no
2026-10-05T02:43:46.727333Z,KXBTC15M-26OCT042245-45,0.9900,847.43,no
2026-10-05T02:43:46.739176Z,KXBTC15M-26OCT042245-45,0.9940,15.00,yes
2026-10-05T02:43:46.739176Z,KXBTC15M-26OCT042245-45,0.9940,194.02,yes
2026-10-05T02:43:46.739176Z,KXBTC15M-26OCT042245-45,0.9940,185.89,yes
2026-10-05T02:43:46.739176Z,KXBTC15M-26OCT042245-45,0.9940,0.01,yes
2026-10-05T02:43:46.739176Z,KXBTC15M-26OCT042245-45,0.9940,0.01,yes
2026-10-05T02:43:46.739176Z,KXBTC15M-26OCT042245-45,0.9940,292.63,yes
2026-10-05T02:43:46.992492Z,KXBTC15M-26OCT042245-45,0.9920,5.00,no
2026-10-05T02:43:46.992492Z,KXBTC15M-26OCT042245-45,0.9910,5.00,no
2026-10-05T02:43:46.992492Z,KXBTC15M-26OCT042245-45,0.9910,17.00,no
2026-10-05T02:43:46.992492Z,KXBTC15M-26OCT042245-45,0.9930,0.01,no
2026-10-05T02:43:46.992492Z,KXBTC15M-26OCT042245-45,0.9910,0.02,no
2026-10-05T02:43:46.992492Z,KXBTC15M-26OCT042245-45,0.9930,0.01,no
2026-10-05T02:43:46.992492Z,KXBTC15M-26OCT042245-45,0.9930,0.02,no
2026-10-05T02:43:46.992492Z,KXBTC15M-26OCT042245-45,0.9900,1.88,no
2026-10-05T02:43:47.063887Z,KXBTC15M-26OCT042245-45,0.9930,0.01,no
2026-10-05T02:43:47.063887Z,KXBTC15M-26OCT042245-45,0.9930,0.02,no
2026-10-05T02:43:47.063887Z,KXBTC15M-26OCT042245-45,0.9930,0.01,no
2026-10-05T02:43:47.305861Z,KXBTC15M-26OCT042245-45,0.9930,0.01,no
2026-10-05T02:43:47.305861Z,KXBTC15M-26OCT042245-45,0.9930,14.98,no
2026-10-05T02:43:47.305861Z,KXBTC15M-26OCT042245-45,0.9930,0.02,no
2026-10-05T02:43:47.305861Z,KXBTC15M-26OCT042245-45,0.9930,418.98,no
2026-10-05T02:43:47.305861Z,KXBTC15M-26OCT042245-45,0.9930,0.01,no
2026-10-05T02:43:47.308058Z,KXBTC15M-26OCT042245-45,0.9940,0.01,yes
2026-10-05T02:43:47.308058Z,KXBTC15M-26OCT042245-45,0.9940,0.01,yes
2026-10-05T02:43:47.308058Z,KXBTC15M-26OCT042245-45,0.9950,17.40,yes
2026-10-05T02:43:47.311019Z,KXBTC15M-26OCT042245-45,0.9950,2.51,yes
2026-10-05T02:43:47.33316Z,KXBTC15M-26OCT042245-45,0.9940,0.01,no
2026-10-05T02:43:47.33316Z,KXBTC15M-26OCT042245-45,0.9940,0.01,no
2026-10-05T02:43:47.33316Z,KXBTC15M-26OCT042245-45,0.9940,10.00,no
2026-10-05T02:43:47.340806Z,KXBTC15M-26OCT042245-45,0.9930,199.98,no
2026-10-05T02:43:47.340806Z,KXBTC15M-26OCT042245-45,0.9940,0.01,no
2026-10-05T02:43:47.340806Z,KXBTC15M-26OCT042245-45,0.9940,0.01,no
2026-10-05T02:43:47.577715Z,KXBTC15M-26OCT042245-45,0.9930,2003.57,no
2026-10-05T02:43:47.577715Z,KXBTC15M-26OCT042245-45,0.9940,0.01,no
2026-10-05T02:43:47.577715Z,KXBTC15M-26OCT042245-45,0.9940,0.01,no
2026-10-05T02:43:47.715255Z,KXBTC15M-26OCT042245-45,0.9940,0.02,no
2026-10-05T02:43:47.715255Z,KXBTC15M-26OCT042245-45,0.9930,66.75,no
2026-10-05T02:43:47.715255Z,KXBTC15M-26OCT042245-45,0.9940,0.01,no
2026-10-05T02:43:47.715255Z,KXBTC15M-26OCT042245-45,0.9940,0.01,no
2026-10-05T02:43:47.774859Z,KXBTC15M-26OCT042245-45,0.9940,0.01,no
2026-10-05T02:43:47.774859Z,KXBTC15M-26OCT042245-45,0.9940,0.01,no
2026-10-05T02:43:47.774859Z,KXBTC15M-26OCT042245-45,0.9930,130.88,no
2026-10-05T02:43:47.778923Z,KXBTC15M-26OCT042245-45,0.9930,654.51,no
2026-10-05T02:43:47.895765Z,KXBTC15M-26OCT042245-45,0.9930,132.24,no
2026-10-05T02:43:47.895765Z,KXBTC15M-26OCT042245-45,0.9940,0.01,no
2026-10-05T02:43:47.895765Z,KXBTC15M-26OCT042245-45,0.9940,0.01,no
2026-10-05T02:43:47.910685Z,KXBTC15M-26OCT042245-45,0.9940,0.01,no
2026-10-05T02:43:47.910685Z,KXBTC15M-26OCT042245-45,0.9940,0.01,no
2026-10-05T02:43:47.932752Z,KXBTC15M-26OCT042245-45,0.9950,0.01,yes
2026-10-05T02:43:47.932752Z,KXBTC15M-26OCT042245-45,0.9950,50.00,yes
2026-10-05T02:43:47.934307Z,KXBTC15M-26OCT042245-45,0.9950,0.01,yes
2026-10-05T02:43:47.965653Z,KXBTC15M-26OCT042245-45,0.9960,0.02,yes
2026-10-05T02:43:47.970002Z,KXBTC15M-26OCT042245-45,0.9960,0.01,yes
2026-10-05T02:43:47.970002Z,KXBTC15M-26OCT042245-45,0.9960,1.00,yes
2026-10-05T02:43:47.970002Z,KXBTC15M-26OCT042245-45,0.9960,0.01,yes
2026-10-05T02:43:47.970002Z,KXBTC15M-26OCT042245-45,0.9960,14.98,yes
2026-10-05T02:43:47.970002Z,KXBTC15M-26OCT042245-45,0.9960,83.00,yes
2026-10-05T02:43:48.017293Z,KXBTC15M-26OCT042245-45,0.9950,23.51,no
2026-10-05T02:43:48.017293Z,KXBTC15M-26OCT042245-45,0.9950,15.00,no
2026-10-05T02:43:48.017293Z,KXBTC15M-26OCT042245-45,0.9950,93.75,no
2026-10-05T02:43:48.017935Z,KXBTC15M-26OCT042245-45,0.9950,50.00,no
2026-10-05T02:43:48.041734Z,KXBTC15M-26OCT042245-45,0.9950,18.72,no
2026-10-05T02:43:48.075852Z,KXBTC15M-26OCT042245-45,0.9950,10.00,no
2026-10-05T02:43:48.075852Z,KXBTC15M-26OCT042245-45,0.9950,100.00,no
2026-10-05T02:43:48.075852Z,KXBTC15M-26OCT042245-45,0.9950,0.01,no
2026-10-05T02:43:48.075852Z,KXBTC15M-26OCT042245-45,0.9950,122.23,no
2026-10-05T02:43:48.075852Z,KXBTC15M-26OCT042245-45,0.9950,1.52,no
2026-10-05T02:43:48.075852Z,KXBTC15M-26OCT042245-45,0.9950,0.01,no
2026-10-05T02:43:48.1067Z,KXBTC15M-26OCT042245-45,0.9960,14.96,yes
2026-10-05T02:43:48.1067Z,KXBTC15M-26OCT042245-45,0.9960,0.04,yes
2026-10-05T02:43:48.1067Z,KXBTC15M-26OCT042245-45,0.9960,0.01,yes
2026-10-05T02:43:48.1067Z,KXBTC15M-26OCT042245-45,0.9960,0.01,yes
2026-10-05T02:43:48.156345Z,KXBTC15M-26OCT042245-45,0.9960,15.00,yes
2026-10-05T02:43:48.156345Z,KXBTC15M-26OCT042245-45,0.9960,0.01,yes
2026-10-05T02:43:48.156345Z,KXBTC15M-26OCT042245-45,0.9960,0.01,yes
2026-10-05T02:43:48.275914Z,KXBTC15M-26OCT042245-45,0.9970,250.00,yes
2026-10-05T02:43:48.275914Z,KXBTC15M-26OCT042245-45,0.9970,273.00,yes
2026-10-05T02:43:48.275914Z,KXBTC15M-26OCT042245-45,0.9970,0.01,yes
2026-10-05T02:43:48.275914Z,KXBTC15M-26OCT042245-45,0.9970,0.01,yes
2026-10-05T02:43:48.275914Z,KXBTC15M-26OCT042245-45,0.9970,16.00,yes
2026-10-05T02:43:48.275914Z,KXBTC15M-26OCT042245-45,0.9970,148.71,yes
2026-10-05T02:43:48.285134Z,KXBTC15M-26OCT042245-45,0.9950,305.39,no
2026-10-05T02:43:48.327193Z,KXBTC15M-26OCT042245-45,0.9950,94.61,no
2026-10-05T02:43:48.327193Z,KXBTC15M-26OCT042245-45,0.9950,37.65,no
2026-10-05T02:43:48.329396Z,KXBTC15M-26OCT042245-45,0.9950,4.98,no
2026-10-05T02:43:48.336Z,KXBTC15M-26OCT042245-45,0.9950,91.62,no
2026-10-05T02:43:48.33942Z,KXBTC15M-26OCT042245-45,0.9970,0.01,yes
2026-10-05T02:43:48.33942Z,KXBTC15M-26OCT042245-45,0.9970,16.00,yes
2026-10-05T02:43:48.33942Z,KXBTC15M-26OCT042245-45,0.9970,0.01,yes
2026-10-05T02:43:48.33942Z,KXBTC15M-26OCT042245-45,0.9980,5.15,yes
2026-10-05T02:43:48.36441Z,KXBTC15M-26OCT042245-45,0.9970,86.00,no
2026-10-05T02:43:48.36441Z,KXBTC15M-26OCT042245-45,0.9970,5.15,no
2026-10-05T02:43:48.36441Z,KXBTC15M-26OCT042245-45,0.9970,100.00,no
2026-10-05T02:43:48.36441Z,KXBTC15M-26OCT042245-45,0.9970,0.01,no
2026-10-05T02:43:48.36441Z,KXBTC15M-26OCT042245-45,0.9970,0.01,no
2026-10-05T02:43:48.384022Z,KXBTC15M-26OCT042245-45,0.9960,500.00,no
2026-10-05T02:43:48.384022Z,KXBTC15M-26OCT042245-45,0.9960,500.00,no
2026-10-05T02:43:48.384022Z,KXBTC15M-26OCT042245-45,0.9950,0.02,no
2026-10-05T02:43:48.384022Z,KXBTC15M-26OCT042245-45,0.9960,0.01,no
2026-10-05T02:43:48.384022Z,KXBTC15M-26OCT042245-45,0.9950,10.00,no
2026-10-05T02:43:48.384022Z,KXBTC15M-26OCT042245-45,0.9950,500.00,no
2026-10-05T02:43:48.384022Z,KXBTC15M-26OCT042245-45,0.9950,0.01,no
2026-10-05T02:43:48.384022Z,KXBTC15M-26OCT042245-45,0.9950,250.00,no
2026-10-05T02:43:48.384022Z,KXBTC15M-26OCT042245-45,0.9950,139.54,no
2026-10-05T02:43:48.384022Z,KXBTC15M-26OCT042245-45,0.9960,0.01,no
2026-10-05T02:43:48.384022Z,KXBTC15M-26OCT042245-45,0.9960,100.00,no
2026-10-05T02:43:48.384022Z,KXBTC15M-26OCT042245-45,0.9950,0.01,no
2026-10-05T02:43:48.389905Z,KXBTC15M-26OCT042245-45,0.9960,186.97,no
2026-10-05T02:43:48.445326Z,KXBTC15M-26OCT042245-45,0.9960,0.01,no
2026-10-05T02:43:48.445326Z,KXBTC15M-26OCT042245-45,0.9960,15.00,no
2026-10-05T02:43:48.445326Z,KXBTC15M-26OCT042245-45,0.9950,71.95,no
2026-10-05T02:43:48.445326Z,KXBTC15M-26OCT042245-45,0.9960,0.01,no
2026-10-05T02:43:48.445326Z,KXBTC15M-26OCT042245-45,0.9960,100.00,no
2026-10-05T02:43:48.508575Z,KXBTC15M-26OCT042245-45,0.9960,5.15,no
2026-10-05T02:43:48.508575Z,KXBTC15M-26OCT042245-45,0.9960,0.01,no
2026-10-05T02:43:48.508575Z,KXBTC15M-26OCT042245-45,0.9960,0.01,no
2026-10-05T02:43:48.508575Z,KXBTC15M-26OCT042245-45,0.9960,181.80,no
2026-10-05T02:43:48.656831Z,KXBTC15M-26OCT042245-45,0.9960,218.20,no
2026-10-05T02:43:48.656831Z,KXBTC15M-26OCT042245-45,0.9960,100.00,no
2026-10-05T02:43:48.656831Z,KXBTC15M-26OCT042245-45,0.9960,104.00,no
2026-10-05T02:43:48.656831Z,KXBTC15M-26OCT042245-45,0.9960,152.80,no
2026-10-05T02:43:48.754049Z,KXBTC15M-26OCT042245-45,0.9960,114.71,no
2026-10-05T02:43:48.754049Z,KXBTC15M-26OCT042245-45,0.9960,86.00,no
2026-10-05T02:43:48.754049Z,KXBTC15M-26OCT042245-45,0.9960,500.00,no
2026-10-05T02:43:48.754049Z,KXBTC15M-26OCT042245-45,0.9960,47.20,no
2026-10-05T02:43:48.766638Z,KXBTC15M-26OCT042245-45,0.9960,50.00,no
2026-10-05T02:43:48.85428Z,KXBTC15M-26OCT042245-45,0.9970,16.00,yes
2026-10-05T02:43:48.85428Z,KXBTC15M-26OCT042245-45,0.9970,0.01,yes
2026-10-05T02:43:48.85428Z,KXBTC15M-26OCT042245-45,0.9970,43.36,yes
2026-10-05T02:43:48.85428Z,KXBTC15M-26OCT042245-45,0.9970,58.83,yes
2026-10-05T02:43:48.85428Z,KXBTC15M-26OCT042245-45,0.9970,15.00,yes
2026-10-05T02:43:48.85428Z,KXBTC15M-26OCT042245-45,0.9970,0.01,yes
2026-10-05T02:43:48.861149Z,KXBTC15M-26OCT042245-45,0.9960,135.94,no
2026-10-05T02:43:48.861149Z,KXBTC15M-26OCT042245-45,0.9960,100.00,no
2026-10-05T02:43:48.861149Z,KXBTC15M-26OCT042245-45,0.9960,0.01,no
2026-10-05T02:43:48.861149Z,KXBTC15M-26OCT042245-45,0.9960,0.01,no
2026-10-05T02:43:48.861149Z,KXBTC15M-26OCT042245-45,0.9960,100.00,no
2026-10-05T02:43:48.861149Z,KXBTC15M-26OCT042245-45,0.9960,0.03,no
2026-10-05T02:43:48.861149Z,KXBTC15M-26OCT042245-45,0.9960,0.01,no
2026-10-05T02:43:48.861149Z,KXBTC15M-26OCT042245-45,0.9960,0.01,no
2026-10-05T02:43:48.952229Z,KXBTC15M-26OCT042245-45,0.9960,87.76,no
2026-10-05T02:43:49.127282Z,KXBTC15M-26OCT042245-45,0.9970,0.99,yes
2026-10-05T02:43:49.127282Z,KXBTC15M-26OCT042245-45,0.9970,0.01,yes
2026-10-05T02:43:49.258669Z,KXBTC15M-26OCT042245-45,0.9960,109.67,no
2026-10-05T02:43:49.346614Z,KXBTC15M-26OCT042245-45,0.9970,0.50,yes
2026-10-05T02:43:49.453831Z,KXBTC15M-26OCT042245-45,0.9960,42.35,no
2026-10-05T02:43:49.52522Z,KXBTC15M-26OCT042245-45,0.9970,0.99,yes
2026-10-05T02:43:49.52522Z,KXBTC15M-26OCT042245-45,0.9970,0.01,yes
2026-10-05T02:43:49.52522Z,KXBTC15M-26OCT042245-45,0.9970,0.50,yes
2026-10-05T02:43:49.52522Z,KXBTC15M-26OCT042245-45,0.9970,14.51,yes
2026-10-05T02:43:49.52522Z,KXBTC15M-26OCT042245-45,0.9970,0.01,yes
2026-10-05T02:43:49.52522Z,KXBTC15M-26OCT042245-45,0.9980,318.98,yes
2026-10-05T02:43:49.532989Z,KXBTC15M-26OCT042245-45,0.9970,0.01,yes
2026-10-05T02:43:49.532989Z,KXBTC15M-26OCT042245-45,0.9970,0.01,yes
2026-10-05T02:43:49.605897Z,KXBTC15M-26OCT042245-45,0.9970,233.72,no
2026-10-05T02:43:49.677878Z,KXBTC15M-26OCT042245-45,0.9970,6.00,no
2026-10-05T02:43:49.763841Z,KXBTC15M-26OCT042245-45,0.9970,39.46,no
2026-10-05T02:43:49.763841Z,KXBTC15M-26OCT042245-45,0.9970,15.00,no
2026-10-05T02:43:49.763841Z,KXBTC15M-26OCT042245-45,0.9970,79.24,no
2026-10-05T02:43:49.763841Z,KXBTC15M-26OCT042245-45,0.9970,0.01,no
2026-10-05T02:43:49.763841Z,KXBTC15M-26OCT042245-45,0.9970,100.00,no
2026-10-05T02:43:49.763841Z,KXBTC15M-26OCT042245-45,0.9970,0.01,no
2026-10-05T02:43:49.771048Z,KXBTC15M-26OCT042245-45,0.9970,160.54,no
2026-10-05T02:43:49.771048Z,KXBTC15M-26OCT042245-45,0.9960,0.03,no
2026-10-05T02:43:49.771048Z,KXBTC15M-26OCT042245-45,0.9970,100.00,no
2026-10-05T02:43:49.771048Z,KXBTC15M-26OCT042245-45,0.9970,400.00,no
2026-10-05T02:43:49.771048Z,KXBTC15M-26OCT042245-45,0.9970,0.01,no
2026-10-05T02:43:49.771048Z,KXBTC15M-26OCT042245-45,0.9970,0.01,no
2026-10-05T02:43:49.771048Z,KXBTC15M-26OCT042245-45,0.9960,198.21,no
2026-10-05T02:43:49.771048Z,KXBTC15M-26OCT042245-45,0.9960,58.83,no
2026-10-05T02:43:49.841493Z,KXBTC15M-26OCT042245-45,0.9970,0.01,no
2026-10-05T02:43:49.841493Z,KXBTC15M-26OCT042245-45,0.9970,23.35,no
2026-10-05T02:43:49.841493Z,KXBTC15M-26OCT042245-45,0.9970,0.01,no
2026-10-05T02:43:49.968375Z,KXBTC15M-26OCT042245-45,0.9970,0.01,no
2026-10-05T02:43:49.968375Z,KXBTC15M-26OCT042245-45,0.9940,17.00,no
2026-10-05T02:43:49.968375Z,KXBTC15M-26OCT042245-45,0.9940,3047.32,no
2026-10-05T02:43:49.968375Z,KXBTC15M-26OCT042245-45,0.9960,134.00,no
2026-10-05T02:43:49.968375Z,KXBTC15M-26OCT042245-45,0.9950,0.03,no
2026-10-05T02:43:49.968375Z,KXBTC15M-26OCT042245-45,0.9970,0.01,no
2026-10-05T02:43:49.968375Z,KXBTC15M-26OCT042245-45,0.9940,10.00,no
2026-10-05T02:43:49.968375Z,KXBTC15M-26OCT042245-45,0.9950,38.51,no
2026-10-05T02:43:49.968375Z,KXBTC15M-26OCT042245-45,0.9950,126.00,no
2026-10-05T02:43:49.968375Z,KXBTC15M-26OCT042245-45,0.9940,0.02,no
2026-10-05T02:43:50.019863Z,KXBTC15M-26OCT042245-45,0.9980,12.99,yes
2026-10-05T02:43:50.12232Z,KXBTC15M-26OCT042245-45,0.9970,233.70,no
2026-10-05T02:43:50.12232Z,KXBTC15M-26OCT042245-45,0.9970,0.01,no
2026-10-05T02:43:50.12232Z,KXBTC15M-26OCT042245-45,0.9970,0.01,no
2026-10-05T02:43:50.127928Z,KXBTC15M-26OCT042245-45,0.9970,469.02,no
2026-10-05T02:43:50.141543Z,KXBTC15M-26OCT042245-45,0.9970,155.79,no
2026-10-05T02:43:50.187609Z,KXBTC15M-26OCT042245-45,0.9970,64.89,no
2026-10-05T02:43:50.333509Z,KXBTC15M-26OCT042245-45,0.9960,0.03,no
2026-10-05T02:43:50.333509Z,KXBTC15M-26OCT042245-45,0.9950,0.03,no
2026-10-05T02:43:50.333509Z,KXBTC15M-26OCT042245-45,0.9970,0.03,no
2026-10-05T02:43:50.333509Z,KXBTC15M-26OCT042245-45,0.9970,12.99,no
2026-10-05T02:43:50.333509Z,KXBTC15M-26OCT042245-45,0.9970,477.42,no
2026-10-05T02:43:50.333509Z,KXBTC15M-26OCT042245-45,0.9960,200.00,no
2026-10-05T02:43:50.333509Z,KXBTC15M-26OCT042245-45,0.9950,19.00,no
2026-10-05T02:43:50.333509Z,KXBTC15M-26OCT042245-45,0.9970,0.01,no
2026-10-05T02:43:50.333509Z,KXBTC15M-26OCT042245-45,0.9970,0.01,no
2026-10-05T02:43:50.333509Z,KXBTC15M-26OCT042245-45,0.9940,137.55,no
2026-10-05T02:43:50.516465Z,KXBTC15M-26OCT042245-45,0.9960,0.01,no
2026-10-05T02:43:50.516465Z,KXBTC15M-26OCT042245-45,0.9960,20.79,no
2026-10-05T02:43:50.62558Z,KXBTC15M-26OCT042245-45,0.9980,28.00,yes
2026-10-05T02:43:50.636043Z,KXBTC15M-26OCT042245-45,0.9970,28.00,no
2026-10-05T02:43:50.636043Z,KXBTC15M-26OCT042245-45,0.9960,79.76,no
2026-10-05T02:43:50.636043Z,KXBTC15M-26OCT042245-45,0.9960,79.21,no
2026-10-05T02:43:50.84491Z,KXBTC15M-26OCT042245-45,0.9960,10.00,no
2026-10-05T02:43:50.854049Z,KXBTC15M-26OCT042245-45,0.9960,20.80,no
2026-10-05T02:43:50.916039Z,KXBTC15M-26OCT042245-45,0.9980,89.00,yes
2026-10-05T02:43:51.005903Z,KXBTC15M-26OCT042245-45,0.9980,2405.47,yes
2026-10-05T02:43:51.00642Z,KXBTC15M-26OCT042245-45,0.9940,191.94,no
2026-10-05T02:43:51.00642Z,KXBTC15M-26OCT042245-45,0.9950,0.03,no
2026-10-05T02:43:51.00642Z,KXBTC15M-26OCT042245-45,0.9970,89.00,no
2026-10-05T02:43:51.00642Z,KXBTC15M-26OCT042245-45,0.9950,19.00,no
2026-10-05T02:43:51.00642Z,KXBTC15M-26OCT042245-45,0.9960,200.00,no
2026-10-05T02:43:51.00642Z,KXBTC15M-26OCT042245-45,0.9960,0.03,no
2026-10-05T02:43:51.00642Z,KXBTC15M-26OCT042245-45,0.9950,200.00,no
2026-10-05T02:43:51.025143Z,KXBTC15M-26OCT042245-45,0.9970,2405.47,no
2026-10-05T02:43:51.254532Z,KXBTC15M-26OCT042245-45,0.9960,0.03,no
2026-10-05T02:43:51.254532Z,KXBTC15M-26OCT042245-45,0.9950,19.00,no
2026-10-05T02:43:51.254532Z,KXBTC15M-26OCT042245-45,0.9960,1.00,no
2026-10-05T02:43:51.254532Z,KXBTC15M-26OCT042245-45,0.9970,0.03,no
2026-10-05T02:43:51.342741Z,KXBTC15M-26OCT042245-45,0.9980,1.00,yes
2026-10-05T02:43:51.374158Z,KXBTC15M-26OCT042245-45,0.9970,1.00,no
2026-10-05T02:43:51.432047Z,KXBTC15M-26OCT042245-45,0.9970,16.00,yes
2026-10-05T02:43:51.432047Z,KXBTC15M-26OCT042245-45,0.9970,0.01,yes
2026-10-05T02:43:51.432047Z,KXBTC15M-26OCT042245-45,0.9970,4.00,yes
2026-10-05T02:43:51.432047Z,KXBTC15M-26OCT042245-45,0.9970,0.01,yes
2026-10-05T02:43:51.432047Z,KXBTC15M-26OCT042245-45,0.9970,42.90,yes
2026-10-05T02:43:51.580236Z,KXBTC15M-26OCT042245-45,0.9960,427.00,no
2026-10-05T02:43:51.607315Z,KXBTC15M-26OCT042245-45,0.9960,1755.96,no
2026-10-05T02:43:51.609514Z,KXBTC15M-26OCT042245-45,0.9960,155.63,no
2026-10-05T02:43:51.610884Z,KXBTC15M-26OCT042245-45,0.9960,310.12,no
2026-10-05T02:43:51.611815Z,KXBTC15M-26OCT042245-45,0.9960,2.38,no
2026-10-05T02:43:51.712156Z,KXBTC15M-26OCT042245-45,0.9960,154.29,no
2026-10-05T02:43:51.773444Z,KXBTC15M-26OCT042245-45,0.9970,0.01,yes
2026-10-05T02:43:51.773444Z,KXBTC15M-26OCT042245-45,0.9970,4.50,yes
2026-10-05T02:43:51.828188Z,KXBTC15M-26OCT042245-45,0.9960,2194.62,no
2026-10-05T02:43:51.828188Z,KXBTC15M-26OCT042245-45,0.9960,95.70,no
2026-10-05T02:43:51.842989Z,KXBTC15M-26OCT042245-45,0.9970,0.01,yes
2026-10-05T02:43:51.842989Z,KXBTC15M-26OCT042245-45,0.9970,0.01,yes
2026-10-05T02:43:51.842989Z,KXBTC15M-26OCT042245-45,0.9970,11.50,yes
2026-10-05T02:43:51.842989Z,KXBTC15M-26OCT042245-45,0.9970,4.50,yes
2026-10-05T02:43:51.842989Z,KXBTC15M-26OCT042245-45,0.9980,783.98,yes
2026-10-05T02:43:51.848783Z,KXBTC15M-26OCT042245-45,0.9980,250.00,yes
2026-10-05T02:43:51.851944Z,KXBTC15M-26OCT042245-45,0.9970,0.01,yes
2026-10-05T02:43:51.851944Z,KXBTC15M-26OCT042245-45,0.9970,0.01,yes
2026-10-05T02:43:51.856328Z,KXBTC15M-26OCT042245-45,0.9970,65.44,no
2026-10-05T02:43:52.06735Z,KXBTC15M-26OCT042245-45,0.9970,109.84,no
2026-10-05T02:43:52.104906Z,KXBTC15M-26OCT042245-45,0.9970,21.04,no
2026-10-05T02:43:52.226141Z,KXBTC15M-26OCT042245-45,0.9970,310.00,no
2026-10-05T02:43:52.248235Z,KXBTC15M-26OCT042245-45,0.9970,233.72,no
2026-10-05T02:43:52.320739Z,KXBTC15M-26OCT042245-45,0.9970,43.04,no
2026-10-05T02:43:52.460838Z,KXBTC15M-26OCT042245-45,0.9970,0.88,no
2026-10-05T02:43:52.460838Z,KXBTC15M-26OCT042245-45,0.9970,246.42,no
2026-10-05T02:43:52.536396Z,KXBTC15M-26OCT042245-45,0.9980,158.00,yes
2026-10-05T02:43:52.570176Z,KXBTC15M-26OCT042245-45,0.9970,36.19,no
2026-10-05T02:43:52.570176Z,KXBTC15M-26OCT042245-45,0.9970,3.58,no
2026-10-05T02:43:52.588759Z,KXBTC15M-26OCT042245-45,0.9970,91.52,no
2026-10-05T02:43:52.588759Z,KXBTC15M-26OCT042245-45,0.9970,0.01,no
2026-10-05T02:43:52.588759Z,KXBTC15M-26OCT042245-45,0.9970,213.81,no
2026-10-05T02:43:52.588759Z,KXBTC15M-26OCT042245-45,0.9970,0.01,no
2026-10-05T02:43:52.602628Z,KXBTC15M-26OCT042245-45,0.9970,400.00,no
2026-10-05T02:43:52.602628Z,KXBTC15M-26OCT042245-45,0.9970,8.48,no
2026-10-05T02:43:52.602628Z,KXBTC15M-26OCT042245-45,0.9970,28.92,no
2026-10-05T02:43:52.602628Z,KXBTC15M-26OCT042245-45,0.9970,497.36,no
2026-10-05T02:43:52.730573Z,KXBTC15M-26OCT042245-45,0.9980,2003.72,yes
2026-10-05T02:43:52.802428Z,KXBTC15M-26OCT042245-45,0.9970,61.03,no
2026-10-05T02:43:52.802428Z,KXBTC15M-26OCT042245-45,0.9970,0.03,no
2026-10-05T02:43:52.802428Z,KXBTC15M-26OCT042245-45,0.9970,0.01,no
2026-10-05T02:43:52.802428Z,KXBTC15M-26OCT042245-45,0.9970,0.01,no
2026-10-05T02:43:52.851038Z,KXBTC15M-26OCT042245-45,0.9970,76.61,no
2026-10-05T02:43:52.851038Z,KXBTC15M-26OCT042245-45,0.9970,38.97,no
2026-10-05T02:43:52.855524Z,KXBTC15M-26OCT042245-45,0.9970,223.96,no
2026-10-05T02:43:52.855524Z,KXBTC15M-26OCT042245-45,0.9970,81.39,no
2026-10-05T02:43:52.90415Z,KXBTC15M-26OCT042245-45,0.9970,1426.78,no
2026-10-05T02:43:52.90415Z,KXBTC15M-26OCT042245-45,0.9970,100.00,no
2026-10-05T02:43:52.90415Z,KXBTC15M-26OCT042245-45,0.9970,0.01,no
2026-10-05T02:43:52.90415Z,KXBTC15M-26OCT042245-45,0.9970,0.01,no
2026-10-05T02:43:52.956651Z,KXBTC15M-26OCT042245-45,0.9970,12.00,no
2026-10-05T02:43:53.131441Z,KXBTC15M-26OCT042245-45,0.9970,26.31,no
2026-10-05T02:43:53.153911Z,KXBTC15M-26OCT042245-45,0.9970,0.03,no
2026-10-05T02:43:53.153911Z,KXBTC15M-26OCT042245-45,0.9970,0.01,no
2026-10-05T02:43:53.153911Z,KXBTC15M-26OCT042245-45,0.9960,160.23,no
2026-10-05T02:43:53.153911Z,KXBTC15M-26OCT042245-45,0.9960,0.03,no
2026-10-05T02:43:53.153911Z,KXBTC15M-26OCT042245-45,0.9970,314.67,no
2026-10-05T02:43:53.255835Z,KXBTC15M-26OCT042245-45,0.9960,1.00,no
2026-10-05T02:43:53.255835Z,KXBTC15M-26OCT042245-45,0.9960,0.01,no
2026-10-05T02:43:53.255835Z,KXBTC15M-26OCT042245-45,0.9960,36.99,no
2026-10-05T02:43:53.265255Z,KXBTC15M-26OCT042245-45,0.9980,1402.60,yes
2026-10-05T02:43:53.307848Z,KXBTC15M-26OCT042245-45,0.9970,646.63,no
2026-10-05T02:43:53.497827Z,KXBTC15M-26OCT042245-45,0.9970,535.73,no
2026-10-05T02:43:53.752393Z,KXBTC15M-26OCT042245-45,0.9970,7.68,no
2026-10-05T02:43:53.979716Z,KXBTC15M-26OCT042245-45,0.9950,244.76,no
2026-10-05T02:43:53.979716Z,KXBTC15M-26OCT042245-45,0.9950,0.03,no
2026-10-05T02:43:53.979716Z,KXBTC15M-26OCT042245-45,0.9970,212.56,no
2026-10-05T02:43:53.979716Z,KXBTC15M-26OCT042245-45,0.9960,23.00,no
2026-10-05T02:43:53.979716Z,KXBTC15M-26OCT042245-45,0.9960,200.00,no
2026-10-05T02:43:53.979716Z,KXBTC15M-26OCT042245-45,0.9960,0.03,no
2026-10-05T02:43:53.979716Z,KXBTC15M-26OCT042245-45,0.9970,0.03,no
2026-10-05T02:43:54.120821Z,KXBTC15M-26OCT042245-45,0.9950,50.23,no
2026-10-05T02:43:54.294687Z,KXBTC15M-26OCT042245-45,0.9950,32.18,no
2026-10-05T02:43:54.294687Z,KXBTC15M-26OCT042245-45,0.9950,5.58,no
2026-10-05T02:43:54.29702Z,KXBTC15M-26OCT042245-45,0.9950,35.42,no
2026-10-05T02:43:54.29702Z,KXBTC15M-26OCT042245-45,0.9950,4.18,no
2026-10-05T02:43:54.380049Z,KXBTC15M-26OCT042245-45,0.9950,7.60,no
2026-10-05T02:43:54.38438Z,KXBTC15M-26OCT042245-45,0.9980,20.00,yes
2026-10-05T02:43:54.39449Z,KXBTC15M-26OCT042245-45,0.9980,891.46,yes
2026-10-05T02:43:54.401098Z,KXBTC15M-26OCT042245-45,0.9970,891.46,no
2026-10-05T02:43:54.401098Z,KXBTC15M-26OCT042245-45,0.9960,20.00,no
2026-10-05T02:43:54.401098Z,KXBTC15M-26OCT042245-45,0.9950,400.00,no
2026-10-05T02:43:54.401098Z,KXBTC15M-26OCT042245-45,0.9950,200.00,no
2026-10-05T02:43:54.401098Z,KXBTC15M-26OCT042245-45,0.9950,135.80,no
2026-10-05T02:43:54.401098Z,KXBTC15M-26OCT042245-45,0.9950,33.50,no
2026-10-05T02:43:54.401098Z,KXBTC15M-26OCT042245-45,0.9950,216.50,no
2026-10-05T02:43:54.473719Z,KXBTC15M-26OCT042245-45,0.9980,6.81,yes
2026-10-05T02:43:54.518103Z,KXBTC15M-26OCT042245-45,0.9960,100.00,no
2026-10-05T02:43:54.518103Z,KXBTC15M-26OCT042245-45,0.9970,6.81,no
2026-10-05T02:43:54.518103Z,KXBTC15M-26OCT042245-45,0.9950,80.16,no
2026-10-05T02:43:54.524857Z,KXBTC15M-26OCT042245-45,0.9950,0.03,no
2026-10-05T02:43:54.524857Z,KXBTC15M-26OCT042245-45,0.9950,86.87,no
2026-10-05T02:43:54.524857Z,KXBTC15M-26OCT042245-45,0.9950,34.04,no
2026-10-05T02:43:54.610886Z,KXBTC15M-26OCT042245-45,0.9960,0.03,no
2026-10-05T02:43:54.610886Z,KXBTC15M-26OCT042245-45,0.9960,100.00,no
2026-10-05T02:43:54.610886Z,KXBTC15M-26OCT042245-45,0.9960,86.94,no
2026-10-05T02:43:54.634929Z,KXBTC15M-26OCT042245-45,0.9980,5269.79,yes
2026-10-05T02:43:54.646435Z,KXBTC15M-26OCT042245-45,0.9970,0.03,no
2026-10-05T02:43:54.646435Z,KXBTC15M-26OCT042245-45,0.9970,305.32,no
2026-10-05T02:43:54.677817Z,KXBTC15M-26OCT042245-45,0.9980,0.02,yes
2026-10-05T02:43:54.808705Z,KXBTC15M-26OCT042245-45,0.9970,0.02,no
2026-10-05T02:43:54.808705Z,KXBTC15M-26OCT042245-45,0.9970,186.95,no
2026-10-05T02:43:54.810706Z,KXBTC15M-26OCT042245-45,0.9980,25.37,yes
2026-10-05T02:43:54.856879Z,KXBTC15M-26OCT042245-45,0.9980,51.74,yes
2026-10-05T02:43:54.863532Z,KXBTC15M-26OCT042245-45,0.9960,61.60,no
2026-10-05T02:43:54.863532Z,KXBTC15M-26OCT042245-45,0.9970,25.37,no
2026-10-05T02:43:54.863532Z,KXBTC15M-26OCT042245-45,0.9970,100.00,no
2026-10-05T02:43:54.879706Z,KXBTC15M-26OCT042245-45,0.9980,1.00,yes
2026-10-05T02:43:55.04013Z,KXBTC15M-26OCT042245-45,0.9980,27.72,yes
2026-10-05T02:43:55.119476Z,KXBTC15M-26OCT042245-45,0.9980,2.00,yes
2026-10-05T02:43:55.125723Z,KXBTC15M-26OCT042245-45,0.9980,3429.18,yes
2026-10-05T02:43:55.157241Z,KXBTC15M-26OCT042245-45,0.9970,51.74,no
2026-10-05T02:43:55.157241Z,KXBTC15M-26OCT042245-45,0.9970,100.00,no
2026-10-05T02:43:55.157241Z,KXBTC15M-26OCT042245-45,0.9970,35.23,no
2026-10-05T02:43:55.418082Z,KXBTC15M-26OCT042245-45,0.9970,30.53,no
2026-10-05T02:43:55.443646Z,KXBTC15M-26OCT042245-45,0.9970,155.79,no
2026-10-05T02:43:55.462717Z,KXBTC15M-26OCT042245-45,0.9970,178.45,no
2026-10-05T02:43:55.462717Z,KXBTC15M-26OCT042245-45,0.9970,0.03,no
2026-10-05T02:43:55.462717Z,KXBTC15M-26OCT042245-45,0.9970,1.00,no
2026-10-05T02:43:55.462717Z,KXBTC15M-26OCT042245-45,0.9970,27.72,no
2026-10-05T02:43:55.462717Z,KXBTC15M-26OCT042245-45,0.9970,83.15,no
2026-10-05T02:43:55.462717Z,KXBTC15M-26OCT042245-45,0.9970,15.00,no
2026-10-05T02:43:55.593531Z,KXBTC15M-26OCT042245-45,0.9980,10.02,yes
2026-10-05T02:43:55.62176Z,KXBTC15M-26OCT042245-45,0.9970,610.72,no
2026-10-05T02:43:55.625884Z,KXBTC15M-26OCT042245-45,0.9980,2003.72,yes
2026-10-05T02:43:55.661239Z,KXBTC15M-26OCT042245-45,0.9980,4.00,yes
2026-10-05T02:43:55.675659Z,KXBTC15M-26OCT042245-45,0.9980,159.01,yes
2026-10-05T02:43:55.702755Z,KXBTC15M-26OCT042245-45,0.9980,145.00,yes
2026-10-05T02:43:55.767636Z,KXBTC15M-26OCT042245-45,0.9980,500.93,yes
2026-10-05T02:43:55.76895Z,KXBTC15M-26OCT042245-45,0.9970,3053.57,no
2026-10-05T02:43:55.780289Z,KXBTC15M-26OCT042245-45,0.9980,0.10,yes
2026-10-05T02:43:55.785638Z,KXBTC15M-26OCT042245-45,0.9980,12.62,yes
2026-10-05T02:43:55.843024Z,KXBTC15M-26OCT042245-45,0.9970,607.59,no
2026-10-05T02:43:55.861778Z,KXBTC15M-26OCT042245-45,0.9970,1526.80,no
2026-10-05T02:43:55.885176Z,KXBTC15M-26OCT042245-45,0.9970,305.35,no
2026-10-05T02:43:55.887241Z,KXBTC15M-26OCT042245-45,0.9970,299.12,no
2026-10-05T02:43:55.918691Z,KXBTC15M-26OCT042245-45,0.9970,610.72,no
2026-10-05T02:43:55.923251Z,KXBTC15M-26OCT042245-45,0.9970,24.43,no
2026-10-05T02:43:55.985818Z,KXBTC15M-26OCT042245-45,0.9970,305.35,no
2026-10-05T02:43:56.003724Z,KXBTC15M-26OCT042245-45,0.9970,305.35,no
2026-10-05T02:43:56.071903Z,KXBTC15M-26OCT042245-45,0.9980,53.00,yes
2026-10-05T02:43:56.098329Z,KXBTC15M-26OCT042245-45,0.9970,3.00,no
2026-10-05T02:43:56.102523Z,KXBTC15M-26OCT042245-45,0.9970,305.35,no
2026-10-05T02:43:56.105913Z,KXBTC15M-26OCT042245-45,0.9970,3053.57,no
2026-10-05T02:43:56.118811Z,KXBTC15M-26OCT042245-45,0.9980,0.02,yes
2026-10-05T02:43:56.148018Z,KXBTC15M-26OCT042245-45,0.9980,0.02,yes
2026-10-05T02:43:56.152094Z,KXBTC15M-26OCT042245-45,0.9970,467.42,no
2026-10-05T02:43:56.184097Z,KXBTC15M-26OCT042245-45,0.9980,85.02,yes
2026-10-05T02:43:56.207078Z,KXBTC15M-26OCT042245-45,0.9970,3349.18,no
2026-10-05T02:43:56.207078Z,KXBTC15M-26OCT042245-45,0.9970,2.00,no
2026-10-05T02:43:56.207078Z,KXBTC15M-26OCT042245-45,0.9970,4438.51,no
2026-10-05T02:43:56.375227Z,KXBTC15M-26OCT042245-45,0.9980,2.35,yes
2026-10-05T02:43:56.41575Z,KXBTC15M-26OCT042245-45,0.9970,15.00,no
2026-10-05T02:43:56.41575Z,KXBTC15M-26OCT042245-45,0.9970,100.00,no
2026-10-05T02:43:56.41575Z,KXBTC15M-26OCT042245-45,0.9970,400.00,no
2026-10-05T02:43:56.41575Z,KXBTC15M-26OCT042245-45,0.9970,80.00,no
2026-10-05T02:43:56.41575Z,KXBTC15M-26OCT042245-45,0.9970,10.02,no
2026-10-05T02:43:56.41575Z,KXBTC15M-26OCT042245-45,0.9970,509.45,no
2026-10-05T02:43:56.527752Z,KXBTC15M-26OCT042245-45,0.9980,246.12,yes
2026-10-05T02:43:56.602571Z,KXBTC15M-26OCT042245-45,0.9970,626.29,no
2026-10-05T02:43:56.665005Z,KXBTC15M-26OCT042245-45,0.9980,604.18,yes
2026-10-05T02:43:56.678862Z,KXBTC15M-26OCT042245-45,0.9980,1.00,yes
2026-10-05T02:43:56.683264Z,KXBTC15M-26OCT042245-45,0.9980,0.29,yes
2026-10-05T02:43:56.698035Z,KXBTC15M-26OCT042245-45,0.9980,50.09,yes
2026-10-05T02:43:56.734566Z,KXBTC15M-26OCT042245-45,0.9970,305.35,no
2026-10-05T02:43:56.760336Z,KXBTC15M-26OCT042245-45,0.9970,305.35,no
2026-10-05T02:43:56.773922Z,KXBTC15M-26OCT042245-45,0.9980,0.58,yes
2026-10-05T02:43:56.773922Z,KXBTC15M-26OCT042245-45,0.9980,403.16,yes
2026-10-05T02:43:56.822044Z,KXBTC15M-26OCT042245-45,0.9970,44.07,no
2026-10-05T02:43:56.822044Z,KXBTC15M-26OCT042245-45,0.9970,257.28,no
2026-10-05T02:43:56.822044Z,KXBTC15M-26OCT042245-45,0.9970,4.00,no
2026-10-05T02:43:56.953031Z,KXBTC15M-26OCT042245-45,0.9970,53.00,no
2026-10-05T02:43:56.953031Z,KXBTC15M-26OCT042245-45,0.9970,0.02,no
2026-10-05T02:43:56.953031Z,KXBTC15M-26OCT042245-45,0.9970,226.72,no
2026-10-05T02:43:56.953031Z,KXBTC15M-26OCT042245-45,0.9970,86.05,no
2026-10-05T02:43:56.953031Z,KXBTC15M-26OCT042245-45,0.9970,100.00,no
2026-10-05T02:43:56.953031Z,KXBTC15M-26OCT042245-45,0.9970,2.35,no
2026-10-05T02:43:56.953031Z,KXBTC15M-26OCT042245-45,0.9970,0.02,no
2026-10-05T02:43:56.953031Z,KXBTC15M-26OCT042245-45,0.9970,85.02,no
2026-10-05T02:43:56.953031Z,KXBTC15M-26OCT042245-45,0.9970,0.10,no
2026-10-05T02:43:56.953031Z,KXBTC15M-26OCT042245-45,0.9970,145.00,no
2026-10-05T02:43:56.953031Z,KXBTC15M-26OCT042245-45,0.9970,12.62,no
2026-10-05T02:43:56.953031Z,KXBTC15M-26OCT042245-45,0.9970,0.03,no
2026-10-05T02:43:56.953031Z,KXBTC15M-26OCT042245-45,0.9970,114.94,no
2026-10-05T02:43:56.953031Z,KXBTC15M-26OCT042245-45,0.9970,500.93,no
2026-10-05T02:43:56.953031Z,KXBTC15M-26OCT042245-45,0.9970,200.00,no
2026-10-05T02:43:56.97889Z,KXBTC15M-26OCT042245-45,0.9970,15.00,no
2026-10-05T02:43:56.97889Z,KXBTC15M-26OCT042245-45,0.9970,173.28,no
2026-10-05T02:43:56.97889Z,KXBTC15M-26OCT042245-45,0.9970,246.12,no
2026-10-05T02:43:56.97889Z,KXBTC15M-26OCT042245-45,0.9970,176.32,no
2026-10-05T02:43:57.016612Z,KXBTC15M-26OCT042245-45,0.9970,14.22,no
2026-10-05T02:43:57.03342Z,KXBTC15M-26OCT042245-45,0.9980,999.00,yes
2026-10-05T02:43:57.04945Z,KXBTC15M-26OCT042245-45,0.9980,55.10,yes
2026-10-05T02:43:57.118397Z,KXBTC15M-26OCT042245-45,0.9980,64.14,yes
2026-10-05T02:43:57.121915Z,KXBTC15M-26OCT042245-45,0.9970,145.70,no
2026-10-05T02:43:57.121915Z,KXBTC15M-26OCT042245-45,0.9970,0.29,no
2026-10-05T02:43:57.121915Z,KXBTC15M-26OCT042245-45,0.9970,413.64,no
2026-10-05T02:43:57.121915Z,KXBTC15M-26OCT042245-45,0.9970,50.09,no
2026-10-05T02:43:57.121915Z,KXBTC15M-26OCT042245-45,0.9970,1.00,no
2026-10-05T02:43:57.12727Z,KXBTC15M-26OCT042245-45,0.9980,32.74,yes
2026-10-05T02:43:57.140746Z,KXBTC15M-26OCT042245-45,0.9970,31.16,no
2026-10-05T02:43:57.157933Z,KXBTC15M-26OCT042245-45,0.9970,226.30,no
2026-10-05T02:43:57.157933Z,KXBTC15M-26OCT042245-45,0.9970,78.47,no
2026-10-05T02:43:57.157933Z,KXBTC15M-26OCT042245-45,0.9970,0.58,no
2026-10-05T02:43:57.207455Z,KXBTC15M-26OCT042245-45,0.9970,3.13,no
2026-10-05T02:43:57.289247Z,KXBTC15M-26OCT042245-45,0.9970,17.31,no
2026-10-05T02:43:57.290009Z,KXBTC15M-26OCT042245-45,0.9970,400.00,no
2026-10-05T02:43:57.290009Z,KXBTC15M-26OCT042245-45,0.9970,15.00,no
2026-10-05T02:43:57.290009Z,KXBTC15M-26OCT042245-45,0.9970,1.09,no
2026-10-05T02:43:57.290009Z,KXBTC15M-26OCT042245-45,0.9970,111.71,no
2026-10-05T02:43:57.290009Z,KXBTC15M-26OCT042245-45,0.9970,999.00,no
2026-10-05T02:43:57.355139Z,KXBTC15M-26OCT042245-45,0.9970,97.79,no
2026-10-05T02:43:57.355139Z,KXBTC15M-26OCT042245-45,0.9970,88.29,no
2026-10-05T02:43:57.355139Z,KXBTC15M-26OCT042245-45,0.9970,64.14,no
2026-10-05T02:43:57.355139Z,KXBTC15M-26OCT042245-45,0.9970,0.03,no
2026-10-05T02:43:57.355139Z,KXBTC15M-26OCT042245-45,0.9970,55.10,no
2026-10-05T02:43:57.394426Z,KXBTC15M-26OCT042245-45,0.9970,305.35,no
2026-10-05T02:43:57.40428Z,KXBTC15M-26OCT042245-45,0.9980,10.02,yes
2026-10-05T02:43:57.433373Z,KXBTC15M-26OCT042245-45,0.9980,770.00,yes
2026-10-05T02:43:57.444456Z,KXBTC15M-26OCT042245-45,0.9970,15.65,no
2026-10-05T02:43:57.444816Z,KXBTC15M-26OCT042245-45,0.9970,305.35,no
2026-10-05T02:43:57.525745Z,KXBTC15M-26OCT042245-45,0.9980,4902.87,yes
2026-10-05T02:43:57.536555Z,KXBTC15M-26OCT042245-45,0.9970,30.53,no
2026-10-05T02:43:57.550051Z,KXBTC15M-26OCT042245-45,0.9970,45.82,no
2026-10-05T02:43:57.558616Z,KXBTC15M-26OCT042245-45,0.9980,127.58,yes
2026-10-05T02:43:57.853559Z,KXBTC15M-26OCT042245-45,0.9980,400.00,yes
2026-10-05T02:43:57.887244Z,KXBTC15M-26OCT042245-45,0.9970,400.00,no
2026-10-05T02:43:57.887244Z,KXBTC15M-26OCT042245-45,0.9970,188.69,no
2026-10-05T02:43:57.887244Z,KXBTC15M-26OCT042245-45,0.9970,100.00,no
2026-10-05T02:43:57.887244Z,KXBTC15M-26OCT042245-45,0.9970,32.74,no
2026-10-05T02:43:57.887244Z,KXBTC15M-26OCT042245-45,0.9970,56.51,no
2026-10-05T02:43:57.887244Z,KXBTC15M-26OCT042245-45,0.9970,770.00,no
2026-10-05T02:43:57.887244Z,KXBTC15M-26OCT042245-45,0.9970,10.02,no
2026-10-05T02:43:57.88984Z,KXBTC15M-26OCT042245-45,0.9970,3202.87,no
2026-10-05T02:43:57.9303Z,KXBTC15M-26OCT042245-45,0.9970,19.78,no
2026-10-05T02:43:57.94332Z,KXBTC15M-26OCT042245-45,0.9980,55.54,yes
2026-10-05T02:43:57.971245Z,KXBTC15M-26OCT042245-45,0.9970,610.72,no
2026-10-05T02:43:58.095591Z,KXBTC15M-26OCT042245-45,0.9970,3.06,no
2026-10-05T02:43:58.173288Z,KXBTC15M-26OCT042245-45,0.9970,101.76,no
2026-10-05T02:43:58.173288Z,KXBTC15M-26OCT042245-45,0.9970,974.88,no
2026-10-05T02:43:58.173288Z,KXBTC15M-26OCT042245-45,0.9970,0.03,no
2026-10-05T02:43:58.173288Z,KXBTC15M-26OCT042245-45,0.9970,127.58,no
2026-10-05T02:43:58.173288Z,KXBTC15M-26OCT042245-45,0.9970,4902.87,no
2026-10-05T02:43:58.196271Z,KXBTC15M-26OCT042245-45,0.9970,30.15,no
2026-10-05T02:43:58.267269Z,KXBTC15M-26OCT042245-45,0.9980,454.54,yes
2026-10-05T02:43:58.442715Z,KXBTC15M-26OCT042245-45,0.9980,5009.31,yes
2026-10-05T02:43:58.549438Z,KXBTC15M-26OCT042245-45,0.9970,37.26,no
2026-10-05T02:43:58.549438Z,KXBTC15M-26OCT042245-45,0.9970,268.09,no
2026-10-05T02:43:58.614626Z,KXBTC15M-26OCT042245-45,0.9980,800.00,yes
2026-10-05T02:43:58.802633Z,KXBTC15M-26OCT042245-45,0.9970,2535.29,no
2026-10-05T02:43:58.802633Z,KXBTC15M-26OCT042245-45,0.9970,62.74,no
2026-10-05T02:43:58.802633Z,KXBTC15M-26OCT042245-45,0.9970,400.00,no
2026-10-05T02:43:58.802633Z,KXBTC15M-26OCT042245-45,0.9970,55.54,no
2026-10-05T02:43:58.879412Z,KXBTC15M-26OCT042245-45,0.9970,305.35,no
2026-10-05T02:43:58.964327Z,KXBTC15M-26OCT042245-45,0.9980,1.00,yes
2026-10-05T02:43:58.994604Z,KXBTC15M-26OCT042245-45,0.9980,500.93,yes
2026-10-05T02:43:59.014572Z,KXBTC15M-26OCT042245-45,0.9980,200.00,yes
2026-10-05T02:43:59.032694Z,KXBTC15M-26OCT042245-45,0.9980,200.00,yes
2026-10-05T02:43:59.053207Z,KXBTC15M-26OCT042245-45,0.9980,200.00,yes
2026-10-05T02:43:59.113232Z,KXBTC15M-26OCT042245-45,0.9970,305.35,no
2026-10-05T02:43:59.119867Z,KXBTC15M-26OCT042245-45,0.9980,200.00,yes
2026-10-05T02:43:59.124835Z,KXBTC15M-26OCT042245-45,0.9980,250.00,yes
2026-10-05T02:43:59.15078Z,KXBTC15M-26OCT042245-45,0.9970,5.34,no
2026-10-05T02:43:59.194723Z,KXBTC15M-26OCT042245-45,0.9980,200.00,yes
2026-10-05T02:43:59.276198Z,KXBTC15M-26OCT042245-45,0.9980,200.00,yes
2026-10-05T02:43:59.333186Z,KXBTC15M-26OCT042245-45,0.9980,400.80,yes
2026-10-05T02:43:59.338465Z,KXBTC15M-26OCT042245-45,0.9970,760.00,no
2026-10-05T02:43:59.347621Z,KXBTC15M-26OCT042245-45,0.9980,200.00,yes
2026-10-05T02:43:59.376948Z,KXBTC15M-26OCT042245-45,0.9980,2003.72,yes
2026-10-05T02:43:59.440261Z,KXBTC15M-26OCT042245-45,0.9980,200.00,yes
2026-10-05T02:43:59.482831Z,KXBTC15M-26OCT042245-45,0.9980,235.09,yes
2026-10-05T02:43:59.543879Z,KXBTC15M-26OCT042245-45,0.9980,200.00,yes
2026-10-05T02:43:59.617792Z,KXBTC15M-26OCT042245-45,0.9980,1127.04,yes
2026-10-05T02:43:59.617792Z,KXBTC15M-26OCT042245-45,0.9980,2668.98,yes
2026-10-05T02:43:59.630417Z,KXBTC15M-26OCT042245-45,0.9980,200.00,yes
2026-10-05T02:43:59.654925Z,KXBTC15M-26OCT042245-45,0.9970,23.42,no
2026-10-05T02:43:59.680516Z,KXBTC15M-26OCT042245-45,0.9980,200.00,yes
2026-10-05T02:43:59.692075Z,KXBTC15M-26OCT042245-45,0.9970,136.52,no
2026-10-05T02:43:59.706021Z,KXBTC15M-26OCT042245-45,0.9980,35.00,yes
2026-10-05T02:43:59.746518Z,KXBTC15M-26OCT042245-45,0.9980,550.88,yes
2026-10-05T02:43:59.768804Z,KXBTC15M-26OCT042245-45,0.9980,200.00,yes
2026-10-05T02:43:59.818008Z,KXBTC15M-26OCT042245-45,0.9980,87.65,yes
2026-10-05T02:43:59.842831Z,KXBTC15M-26OCT042245-45,0.9970,454.54,no
2026-10-05T02:43:59.842831Z,KXBTC15M-26OCT042245-45,0.9970,928.73,no
2026-10-05T02:43:59.842831Z,KXBTC15M-26OCT042245-45,0.9970,1670.27,no
2026-10-05T02:43:59.842831Z,KXBTC15M-26OCT042245-45,0.9970,0.03,no
2026-10-05T02:43:59.856871Z,KXBTC15M-26OCT042245-45,0.9980,200.00,yes
2026-10-05T02:43:59.881037Z,KXBTC15M-26OCT042245-45,0.9980,11.00,yes
2026-10-05T02:43:59.923252Z,KXBTC15M-26OCT042245-45,0.9980,5009.31,yes
2026-10-05T02:43:59.932817Z,KXBTC15M-26OCT042245-45,0.9980,200.00,yes
2026-10-05T02:44:00.023094Z,KXBTC15M-26OCT042245-45,0.9980,200.00,yes
2026-10-05T02:44:00.07922Z,KXBTC15M-26OCT042245-45,0.9980,0.10,yes
2026-10-05T02:44:00.083205Z,KXBTC15M-26OCT042245-45,0.9980,1000.00,yes
2026-10-05T02:44:00.083205Z,KXBTC15M-26OCT042245-45,0.9980,799.90,yes
2026-10-05T02:44:00.083205Z,KXBTC15M-26OCT042245-45,0.9980,200.10,yes
2026-10-05T02:44:00.083205Z,KXBTC15M-26OCT042245-45,0.9980,1000.00,yes
2026-10-05T02:44:00.086419Z,KXBTC15M-26OCT042245-45,0.9980,1.00,yes
2026-10-05T02:44:00.101173Z,KXBTC15M-26OCT042245-45,0.9980,64.00,yes
2026-10-05T02:44:00.124186Z,KXBTC15M-26OCT042245-45,0.9980,26.00,yes
2026-10-05T02:44:00.124186Z,KXBTC15M-26OCT042245-45,0.9980,3.00,yes
2026-10-05T02:44:00.124186Z,KXBTC15M-26OCT042245-45,0.9980,3.00,yes
2026-10-05T02:44:00.124186Z,KXBTC15M-26OCT042245-45,0.9980,3.00,yes
2026-10-05T02:44:00.124186Z,KXBTC15M-26OCT042245-45,0.9980,3.00,yes
2026-10-05T02:44:00.124186Z,KXBTC15M-26OCT042245-45,0.9980,3.00,yes
2026-10-05T02:44:00.124186Z,KXBTC15M-26OCT042245-45,0.9980,120.00,yes
2026-10-05T02:44:00.124186Z,KXBTC15M-26OCT042245-45,0.9980,1034.90,yes
2026-10-05T02:44:00.124186Z,KXBTC15M-26OCT042245-45,0.9980,153.10,yes
2026-10-05T02:44:00.130445Z,KXBTC15M-26OCT042245-45,0.9980,1002.00,yes
2026-10-05T02:44:00.144112Z,KXBTC15M-26OCT042245-45,0.9980,1.00,yes
2026-10-05T02:44:00.201921Z,KXBTC15M-26OCT042245-45,0.9980,539.00,yes
2026-10-05T02:44:00.203415Z,KXBTC15M-26OCT042245-45,0.9980,2.00,yes
2026-10-05T02:44:00.210327Z,KXBTC15M-26OCT042245-45,0.9970,3.06,no
2026-10-05T02:44:00.215632Z,KXBTC15M-26OCT042245-45,0.9980,10.00,yes
2026-10-05T02:44:00.215632Z,KXBTC15M-26OCT042245-45,0.9980,2.00,yes
2026-10-05T02:44:00.215632Z,KXBTC15M-26OCT042245-45,0.9990,100.00,yes
2026-10-05T02:44:00.215632Z,KXBTC15M-26OCT042245-45,0.9990,4000.00,yes
2026-10-05T02:44:00.215632Z,KXBTC15M-26OCT042245-45,0.9980,17.00,yes
2026-10-05T02:44:00.215632Z,KXBTC15M-26OCT042245-45,0.9980,0.01,yes
2026-10-05T02:44:00.215632Z,KXBTC15M-26OCT042245-45,0.9980,15.00,yes
2026-10-05T02:44:00.215632Z,KXBTC15M-26OCT042245-45,0.9990,1.00,yes
2026-10-05T02:44:00.215632Z,KXBTC15M-26OCT042245-45,0.9990,243.97,yes
2026-10-05T02:44:00.215632Z,KXBTC15M-26OCT042245-45,0.9980,0.01,yes
2026-10-05T02:44:00.215632Z,KXBTC15M-26OCT042245-45,0.9980,15.00,yes
2026-10-05T02:44:00.215632Z,KXBTC15M-26OCT042245-45,0.9980,15.00,yes
2026-10-05T02:44:00.215632Z,KXBTC15M-26OCT042245-45,0.9980,15.00,yes
2026-10-05T02:44:00.215632Z,KXBTC15M-26OCT042245-45,0.9990,1170.29,yes
2026-10-05T02:44:00.215632Z,KXBTC15M-26OCT042245-45,0.9980,15.00,yes
2026-10-05T02:44:00.215632Z,KXBTC15M-26OCT042245-45,0.9980,50.00,yes
2026-10-05T02:44:00.215632Z,KXBTC15M-26OCT042245-45,0.9980,2303.01,yes
2026-10-05T02:44:00.215632Z,KXBTC15M-26OCT042245-45,0.9990,93.12,yes
2026-10-05T02:44:00.215632Z,KXBTC15M-26OCT042245-45,0.9980,5000.00,yes
2026-10-05T02:44:00.215632Z,KXBTC15M-26OCT042245-45,0.9990,1047.00,yes
2026-10-05T02:44:00.215632Z,KXBTC15M-26OCT042245-45,0.9980,2.00,yes
2026-10-05T02:44:00.215632Z,KXBTC15M-26OCT042245-45,0.9990,2.00,yes
2026-10-05T02:44:00.215632Z,KXBTC15M-26OCT042245-45,0.9990,10.00,yes
2026-10-05T02:44:00.215632Z,KXBTC15M-26OCT042245-45,0.9980,15.00,yes
2026-10-05T02:44:00.215632Z,KXBTC15M-26OCT042245-45,0.9980,15.00,yes
2026-10-05T02:44:00.215632Z,KXBTC15M-26OCT042245-45,0.9980,15.00,yes
2026-10-05T02:44:00.215632Z,KXBTC15M-26OCT042245-45,0.9990,2.00,yes
2026-10-05T02:44:00.215632Z,KXBTC15M-26OCT042245-45,0.9980,10.00,yes
2026-10-05T02:44:00.215632Z,KXBTC15M-26OCT042245-45,0.9980,5162.89,yes
2026-10-05T02:44:00.215632Z,KXBTC15M-26OCT042245-45,0.9990,1500.00,yes
2026-10-05T02:44:00.215632Z,KXBTC15M-26OCT042245-45,0.9990,1.00,yes
2026-10-05T02:44:00.215632Z,KXBTC15M-26OCT042245-45,0.9990,120.00,yes
2026-10-05T02:44:00.215632Z,KXBTC15M-26OCT042245-45,0.9990,100.00,yes
2026-10-05T02:44:00.215632Z,KXBTC15M-26OCT042245-45,0.9990,20000.00,yes
2026-10-05T02:44:00.215632Z,KXBTC15M-26OCT042245-45,0.9990,200.00,yes
2026-10-05T02:44:00.215632Z,KXBTC15M-26OCT042245-45,0.9990,1000.00,yes
2026-10-05T02:44:00.215632Z,KXBTC15M-26OCT042245-45,0.9990,7500.00,yes
2026-10-05T02:44:00.215632Z,KXBTC15M-26OCT042245-45,0.9990,1.00,yes
2026-10-05T02:44:00.215632Z,KXBTC15M-26OCT042245-45,0.9990,96250.00,yes
2026-10-05T02:44:00.215632Z,KXBTC15M-26OCT042245-45,0.9990,2000.00,yes
2026-10-05T02:44:00.215632Z,KXBTC15M-26OCT042245-45,0.9990,1.00,yes
2026-10-05T02:44:00.215632Z,KXBTC15M-26OCT042245-45,0.9990,200.00,yes
2026-10-05T02:44:00.215632Z,KXBTC15M-26OCT042245-45,0.9990,20000.00,yes
2026-10-05T02:44:00.215632Z,KXBTC15M-26OCT042245-45,0.9990,200.00,yes
2026-10-05T02:44:00.215632Z,KXBTC15M-26OCT042245-45,0.9990,8.26,yes
2026-10-05T02:44:00.215632Z,KXBTC15M-26OCT042245-45,0.9980,518.30,yes
2026-10-05T02:44:00.215632Z,KXBTC15M-26OCT042245-45,0.9980,5.00,yes
2026-10-05T02:44:00.215632Z,KXBTC15M-26OCT042245-45,0.9990,150.00,yes
2026-10-05T02:44:00.215632Z,KXBTC15M-26OCT042245-45,0.9990,75.00,yes
2026-10-05T02:44:00.215632Z,KXBTC15M-26OCT042245-45,0.9990,150.00,yes
2026-10-05T02:44:00.215632Z,KXBTC15M-26OCT042245-45,0.9990,75.00,yes
2026-10-05T02:44:00.215632Z,KXBTC15M-26OCT042245-45,0.9990,35.00,yes
2026-10-05T02:44:00.215632Z,KXBTC15M-26OCT042245-45,0.9990,225.00,yes
2026-10-05T02:44:00.215632Z,KXBTC15M-26OCT042245-45,0.9990,75.00,yes
2026-10-05T02:44:00.215632Z,KXBTC15M-26OCT042245-45,0.9990,150.00,yes
2026-10-05T02:44:00.215632Z,KXBTC15M-26OCT042245-45,0.9980,14.49,yes
2026-10-05T02:44:00.215632Z,KXBTC15M-26OCT042245-45,0.9990,35.00,yes
2026-10-05T02:44:00.215632Z,KXBTC15M-26OCT042245-45,0.9990,75.00,yes
2026-10-05T02:44:00.215632Z,KXBTC15M-26OCT042245-45,0.9990,10.00,yes
2026-10-05T02:44:00.215632Z,KXBTC15M-26OCT042245-45,0.9990,35.00,yes
2026-10-05T02:44:00.215632Z,KXBTC15M-26OCT042245-45,0.9990,75.00,yes
2026-10-05T02:44:00.215632Z,KXBTC15M-26OCT042245-45,0.9990,6184.96,yes
2026-10-05T02:44:00.215632Z,KXBTC15M-26OCT042245-45,0.9990,75.00,yes
2026-10-05T02:44:00.215632Z,KXBTC15M-26OCT042245-45,0.9990,35.00,yes
2026-10-05T02:44:00.215632Z,KXBTC15M-26OCT042245-45,0.9990,35.00,yes
2026-10-05T02:44:00.215632Z,KXBTC15M-26OCT042245-45,0.9990,75.00,yes
2026-10-05T02:44:00.215632Z,KXBTC15M-26OCT042245-45,0.9990,75.00,yes
2026-10-05T02:44:00.215632Z,KXBTC15M-26OCT042245-45,0.9990,35.00,yes
2026-10-05T02:44:00.215632Z,KXBTC15M-26OCT042245-45,0.9990,75.00,yes
2026-10-05T02:44:00.215632Z,KXBTC15M-26OCT042245-45,0.9990,70.00,yes
2026-10-05T02:44:00.215632Z,KXBTC15M-26OCT042245-45,0.9980,5.00,yes
2026-10-05T02:44:00.215632Z,KXBTC15M-26OCT042245-45,0.9990,75.00,yes
2026-10-05T02:44:00.215632Z,KXBTC15M-26OCT042245-45,0.9990,35.00,yes
2026-10-05T02:44:00.215632Z,KXBTC15M-26OCT042245-45,0.9990,150.00,yes
2026-10-05T02:44:00.215632Z,KXBTC15M-26OCT042245-45,0.9990,75.00,yes
2026-10-05T02:44:00.215632Z,KXBTC15M-26OCT042245-45,0.9990,75.00,yes
2026-10-05T02:44:00.215632Z,KXBTC15M-26OCT042245-45,0.9980,802.90,yes
2026-10-05T02:44:00.215632Z,KXBTC15M-26OCT042245-45,0.9990,75.00,yes
2026-10-05T02:44:00.215632Z,KXBTC15M-26OCT042245-45,0.9990,75.00,yes
2026-10-05T02:44:00.215632Z,KXBTC15M-26OCT042245-45,0.9990,75.00,yes
2026-10-05T02:44:00.215632Z,KXBTC15M-26OCT042245-45,0.9990,75.00,yes
2026-10-05T02:44:00.215632Z,KXBTC15M-26OCT042245-45,0.9990,20000.00,yes
2026-10-05T02:44:00.315353Z,KXBTC15M-26OCT042245-45,0.9990,311.59,no
2026-10-05T02:44:00.377025Z,KXBTC15M-26OCT042245-45,0.9990,1366.00,no
2026-10-05T02:44:00.379275Z,KXBTC15M-26OCT042245-45,0.9990,374.80,no
2026-10-05T02:44:00.379275Z,KXBTC15M-26OCT042245-45,0.9990,13.20,no
2026-10-05T02:44:00.379275Z,KXBTC15M-26OCT042245-45,0.9990,91.00,no
2026-10-05T02:44:00.442971Z,KXBTC15M-26OCT042245-45,0.9990,6.23,no
2026-10-05T02:44:00.489219Z,KXBTC15M-26OCT042245-45,0.9990,155.79,no
2026-10-05T02:44:00.527482Z,KXBTC15M-26OCT042245-45,0.9990,311.59,no
2026-10-05T02:44:00.938456Z,KXBTC15M-26OCT042245-45,0.9990,12.29,no
2026-10-05T02:44:00.961099Z,KXBTC15M-26OCT042245-45,0.9990,40.00,no
2026-10-05T02:44:00.996458Z,KXBTC15M-26OCT042245-45,0.9990,915.99,no
2026-10-05T02:44:01.022868Z,KXBTC15M-26OCT042245-45,0.9990,9.04,no
2026-10-05T02:44:01.03687Z,KXBTC15M-26OCT042245-45,0.9990,10.81,no
2026-10-05T02:44:01.116681Z,KXBTC15M-26OCT042245-45,0.9990,4486.31,no
2026-10-05T02:44:01.284325Z,KXBTC15M-26OCT042245-45,0.9990,1831.90,no
2026-10-05T02:44:01.284844Z,KXBTC15M-26OCT042245-45,0.9990,915.99,no
2026-10-05T02:44:01.425639Z,KXBTC15M-26OCT042245-45,0.9990,22898.76,no
2026-10-05T02:44:01.451179Z,KXBTC15M-26OCT042245-45,0.9990,18.69,no
2026-10-05T02:44:01.502402Z,KXBTC15M-26OCT042245-45,0.9990,403.67,no
2026-10-05T02:44:01.516577Z,KXBTC15M-26OCT042245-45,0.9990,91.62,no
2026-10-05T02:44:01.634227Z,KXBTC15M-26OCT042245-45,0.9990,915.99,no
2026-10-05T02:44:01.710504Z,KXBTC15M-26OCT042245-45,0.9990,311.43,no
2026-10-05T02:44:01.75765Z,KXBTC15M-26OCT042245-45,0.9990,915.99,no
2026-10-05T02:44:02.063378Z,KXBTC15M-26OCT042245-45,0.9990,64.18,no
2026-10-05T02:44:02.091105Z,KXBTC15M-26OCT042245-45,0.9990,915.99,no
2026-10-05T02:44:02.098616Z,KXBTC15M-26OCT042245-45,0.9990,4579.77,no
2026-10-05T02:44:02.375532Z,KXBTC15M-26OCT042245-45,0.9990,8.92,no
2026-10-05T02:44:02.437288Z,KXBTC15M-26OCT042245-45,0.9990,897.30,no
2026-10-05T02:44:02.60537Z,KXBTC15M-26OCT042245-45,0.9990,335.45,no
2026-10-05T02:44:02.642291Z,KXBTC15M-26OCT042245-45,0.9990,25.14,no
2026-10-05T02:44:02.725287Z,KXBTC15M-26OCT042245-45,0.9990,1103.38,no
2026-10-05T02:44:02.738264Z,KXBTC15M-26OCT042245-45,0.9990,91.62,no
2026-10-05T02:44:02.784419Z,KXBTC15M-26OCT042245-45,0.9990,3977.09,no
2026-10-05T02:44:02.796013Z,KXBTC15M-26OCT042245-45,0.9990,9.20,no
2026-10-05T02:44:02.840323Z,KXBTC15M-26OCT042245-45,0.9990,9.20,no
2026-10-05T02:44:03.083997Z,KXBTC15M-26OCT042245-45,0.9990,897.30,no
2026-10-05T02:44:03.084039Z,KXBTC15M-26OCT042245-45,0.9990,155.48,no
2026-10-05T02:44:03.091379Z,KXBTC15M-26OCT042245-45,0.9990,2299.07,no
2026-10-05T02:44:03.106898Z,KXBTC15M-26OCT042245-45,0.9990,47.14,no
2026-10-05T02:44:03.147796Z,KXBTC15M-26OCT042245-45,0.9990,585.65,no
2026-10-05T02:44:03.214321Z,KXBTC15M-26OCT042245-45,0.9990,915.99,no
2026-10-05T02:44:03.378636Z,KXBTC15M-26OCT042245-45,0.9990,620.24,no
2026-10-05T02:44:03.743329Z,KXBTC15M-26OCT042245-45,0.9990,18.28,no
2026-10-05T02:44:03.754974Z,KXBTC15M-26OCT042245-45,0.9990,24.83,no
2026-10-05T02:44:03.785309Z,KXBTC15M-26OCT042245-45,0.9990,2.04,no
2026-10-05T02:44:03.792295Z,KXBTC15M-26OCT042245-45,0.9990,99.03,no
2026-10-05T02:44:03.884725Z,KXBTC15M-26OCT042245-45,0.9990,9084.54,no
2026-10-05T02:44:04.068355Z,KXBTC15M-26OCT042245-45,0.9990,444.21,no
2026-10-05T02:44:04.1325Z,KXBTC15M-26OCT042245-45,0.9990,915.99,no
2026-10-05T02:44:04.253106Z,KXBTC15M-26OCT042245-45,0.9990,915.99,no
2026-10-05T02:44:04.267552Z,KXBTC15M-26OCT042245-45,0.9990,21.04,no
2026-10-05T02:44:04.304051Z,KXBTC15M-26OCT042245-45,0.9990,2747.91,no
2026-10-05T02:44:04.430865Z,KXBTC15M-26OCT042245-45,0.9990,550.70,no
2026-10-05T02:44:04.46831Z,KXBTC15M-26OCT042245-45,0.9990,915.99,no
2026-10-05T02:44:04.643062Z,KXBTC15M-26OCT042245-45,0.9990,458.04,no
2026-10-05T02:44:04.955444Z,KXBTC15M-26OCT042245-45,0.9990,200.93,no
2026-10-05T02:44:05.008814Z,KXBTC15M-26OCT042245-45,0.9990,42.36,no
2026-10-05T02:44:05.26532Z,KXBTC15M-26OCT042245-45,0.9990,91.49,no
2026-10-05T02:44:05.302406Z,KXBTC15M-26OCT042245-45,0.9990,9.20,no
2026-10-05T02:44:05.599681Z,KXBTC15M-26OCT042245-45,0.9990,915.99,no
2026-10-05T02:44:05.624061Z,KXBTC15M-26OCT042245-45,0.9990,171.59,no
2026-10-05T02:44:05.625872Z,KXBTC15M-26OCT042245-45,0.9990,915.99,no
2026-10-05T02:44:05.783455Z,KXBTC15M-26OCT042245-45,0.9990,934.69,no
2026-10-05T02:44:05.820483Z,KXBTC15M-26OCT042245-45,0.9990,8.99,no
2026-10-05T02:44:05.966372Z,KXBTC15M-26OCT042245-45,0.9990,1.00,no
2026-10-05T02:44:06.237899Z,KXBTC15M-26OCT042245-45,0.9990,10.00,no
2026-10-05T02:44:06.353242Z,KXBTC15M-26OCT042245-45,0.9990,915.99,no
2026-10-05T02:44:06.354842Z,KXBTC15M-26OCT042245-45,0.9990,0.01,no
2026-10-05T02:44:06.419667Z,KXBTC15M-26OCT042245-45,0.9990,9159.55,no
2026-10-05T02:44:06.530581Z,KXBTC15M-26OCT042245-45,0.9990,187.38,no
2026-10-05T02:44:06.603506Z,KXBTC15M-26OCT042245-45,0.9990,4579.77,no
2026-10-05T02:44:06.655934Z,KXBTC15M-26OCT042245-45,0.9990,2.00,no
2026-10-05T02:44:06.783467Z,KXBTC15M-26OCT042245-45,0.9990,45.85,no
2026-10-05T02:44:06.863726Z,KXBTC15M-26OCT042245-45,0.9990,408.20,no
2026-10-05T02:44:06.960991Z,KXBTC15M-26OCT042245-45,0.9990,9.20,no
2026-10-05T02:44:07.013587Z,KXBTC15M-26OCT042245-45,0.9990,491.71,no
2026-10-05T02:44:07.06416Z,KXBTC15M-26OCT042245-45,0.9990,430.74,no
2026-10-05T02:44:07.194657Z,KXBTC15M-26OCT042245-45,0.9990,45.85,no
2026-10-05T02:44:07.571718Z,KXBTC15M-26OCT042245-45,0.9990,4579.77,no
2026-10-05T02:44:07.592497Z,KXBTC15M-26OCT042245-45,0.9990,350.00,no
2026-10-05T02:44:07.647019Z,KXBTC15M-26OCT042245-45,0.9990,73.29,no
2026-10-05T02:44:07.741969Z,KXBTC15M-26OCT042245-45,0.9990,934.69,no
2026-10-05T02:44:07.992984Z,KXBTC15M-26OCT042245-45,0.9990,100.00,no
2026-10-05T02:44:08.006846Z,KXBTC15M-26OCT042245-45,0.9990,28.73,no
2026-10-05T02:44:08.008291Z,KXBTC15M-26OCT042245-45,0.9990,915.99,no
2026-10-05T02:44:08.424148Z,KXBTC15M-26OCT042245-45,0.9990,8.17,no
2026-10-05T02:44:08.497976Z,KXBTC15M-26OCT042245-45,0.9990,10.49,no
2026-10-05T02:44:08.677993Z,KXBTC15M-26OCT042245-45,0.9990,915.99,no
2026-10-05T02:44:08.785472Z,KXBTC15M-26OCT042245-45,0.9990,2173.83,no
2026-10-05T02:44:08.785472Z,KXBTC15M-26OCT042245-45,0.9990,12282.46,no
2026-10-05T02:44:08.785472Z,KXBTC15M-26OCT042245-45,0.9990,410.41,no
2026-10-05T02:44:08.785472Z,KXBTC15M-26OCT042245-45,0.9990,1627.08,no
2026-10-05T02:44:08.785472Z,KXBTC15M-26OCT042245-45,0.9990,10.01,no
2026-10-05T02:44:08.785472Z,KXBTC15M-26OCT042245-45,0.9990,750.00,no
2026-10-05T02:44:08.785472Z,KXBTC15M-26OCT042245-45,0.9990,10.01,no
2026-10-05T02:44:08.785472Z,KXBTC15M-26OCT042245-45,0.9990,15.00,no
2026-10-05T02:44:08.785472Z,KXBTC15M-26OCT042245-45,0.9990,390.81,no
2026-10-05T02:44:08.785472Z,KXBTC15M-26OCT042245-45,0.9990,1129.46,no
2026-10-05T02:44:08.785472Z,KXBTC15M-26OCT042245-45,0.9990,4099.69,no
2026-10-05T02:44:08.895969Z,KXBTC15M-26OCT042245-45,0.9990,128.27,no
2026-10-05T02:44:08.955854Z,KXBTC15M-26OCT042245-45,0.9990,819.00,no
2026-10-05T02:44:09.081857Z,KXBTC15M-26OCT042245-45,0.9990,25.00,no
2026-10-05T02:44:09.166366Z,KXBTC15M-26OCT042245-45,0.9990,256.06,no
2026-10-05T02:44:09.166366Z,KXBTC15M-26OCT042245-45,0.9990,659.93,no
2026-10-05T02:44:09.848751Z,KXBTC15M-26OCT042245-45,0.9990,458.04,no
2026-10-05T02:44:09.994424Z,KXBTC15M-26OCT042245-45,0.9990,9.20,no
2026-10-05T02:44:10.193511Z,KXBTC15M-26OCT042245-45,0.9990,1.12,no
2026-10-05T02:44:10.509769Z,KXBTC15M-26OCT042245-45,0.9990,9.20,no
2026-10-05T02:44:10.560672Z,KXBTC15M-26OCT042245-45,0.9990,0.99,no
2026-10-05T02:44:10.626948Z,KXBTC15M-26OCT042245-45,0.9990,12.07,no
2026-10-05T02:44:10.838944Z,KXBTC15M-26OCT042245-45,0.9990,1557.96,no
2026-10-05T02:44:10.912605Z,KXBTC15M-26OCT042245-45,0.9990,915.99,no
2026-10-05T02:44:10.999433Z,KXBTC15M-26OCT042245-45,0.9990,4238.40,no
2026-10-05T02:44:10.999433Z,KXBTC15M-26OCT042245-45,0.9990,1779.37,no
2026-10-05T02:44:11.177712Z,KXBTC15M-26OCT042245-45,0.9990,13.80,no
2026-10-05T02:44:11.197057Z,KXBTC15M-26OCT042245-45,0.9990,915.99,no
2026-10-05T02:44:11.200156Z,KXBTC15M-26OCT042245-45,0.9990,915.99,no
2026-10-05T02:44:11.32445Z,KXBTC15M-26OCT042245-45,0.9990,71.02,no
2026-10-05T02:44:11.379028Z,KXBTC15M-26OCT042245-45,0.9990,4579.77,no
2026-10-05T02:44:11.652488Z,KXBTC15M-26OCT042245-45,0.9990,183.25,no
2026-10-05T02:44:11.906156Z,KXBTC15M-26OCT042245-45,0.9990,4134.52,no
2026-10-05T02:44:13.006463Z,KXBTC15M-26OCT042245-45,0.9990,458.04,no
2026-10-05T02:44:13.027556Z,KXBTC15M-26OCT042245-45,0.9990,90.00,no
2026-10-05T02:44:13.18461Z,KXBTC15M-26OCT042245-45,0.9990,18.69,no
2026-10-05T02:44:13.20114Z,KXBTC15M-26OCT042245-45,0.9990,152.53,no
2026-10-05T02:44:13.300741Z,KXBTC15M-26OCT042245-45,0.9990,915.99,no
2026-10-05T02:44:13.467576Z,KXBTC15M-26OCT042245-45,0.9990,537.23,no
2026-10-05T02:44:13.878675Z,KXBTC15M-26OCT042245-45,0.9990,915.99,no
2026-10-05T02:44:14.043122Z,KXBTC15M-26OCT042245-45,0.9990,1000.00,no
2026-10-05T02:44:14.543156Z,KXBTC15M-26OCT042245-45,0.9990,2.57,no
2026-10-05T02:44:14.569661Z,KXBTC15M-26OCT042245-45,0.9990,0.02,no
2026-10-05T02:44:14.582418Z,KXBTC15M-26OCT042245-45,0.9990,3723.57,no
2026-10-05T02:44:14.582418Z,KXBTC15M-26OCT042245-45,0.9990,856.20,no
2026-10-05T02:44:14.63252Z,KXBTC15M-26OCT042245-45,0.9990,91.62,no
2026-10-05T02:44:14.798955Z,KXBTC15M-26OCT042245-45,0.9990,9.20,no
2026-10-05T02:44:14.85866Z,KXBTC15M-26OCT042245-45,0.9990,915.99,no
2026-10-05T02:44:14.972742Z,KXBTC15M-26OCT042245-45,0.9990,26.14,no
2026-10-05T02:44:15.438285Z,KXBTC15M-26OCT042245-45,0.9990,1086.00,no
2026-10-05T02:44:15.492329Z,KXBTC15M-26OCT042245-45,0.9990,10.76,no
2026-10-05T02:44:15.613025Z,KXBTC15M-26OCT042245-45,0.9990,4579.77,no
2026-10-05T02:44:15.811195Z,KXBTC15M-26OCT042245-45,0.9990,64.18,no
2026-10-05T02:44:16.294453Z,KXBTC15M-26OCT042245-45,0.9990,0.02,no
2026-10-05T02:44:16.324954Z,KXBTC15M-26OCT042245-45,0.9990,2.01,no
2026-10-05T02:44:16.365898Z,KXBTC15M-26OCT042245-45,0.9990,47.14,no
2026-10-05T02:44:16.416907Z,KXBTC15M-26OCT042245-45,0.9990,915.99,no
2026-10-05T02:44:16.467806Z,KXBTC15M-26OCT042245-45,0.9990,72.38,no
2026-10-05T02:44:16.526758Z,KXBTC15M-26OCT042245-45,0.9990,1831.90,no
2026-10-05T02:44:16.605612Z,KXBTC15M-26OCT042245-45,0.9990,515.70,no
2026-10-05T02:44:17.044286Z,KXBTC15M-26OCT042245-45,0.9990,50.09,no
2026-10-05T02:44:17.296613Z,KXBTC15M-26OCT042245-45,0.9990,23.33,no
2026-10-05T02:44:17.913683Z,KXBTC15M-26OCT042245-45,0.9990,305.07,no
2026-10-05T02:44:17.965856Z,KXBTC15M-26OCT042245-45,0.9990,915.99,no
2026-10-05T02:44:18.168908Z,KXBTC15M-26OCT042245-45,0.9990,4579.77,no
2026-10-05T02:44:18.275449Z,KXBTC15M-26OCT042245-45,0.9990,14.75,no
2026-10-05T02:44:18.279722Z,KXBTC15M-26OCT042245-45,0.9990,211.87,no
2026-10-05T02:44:18.279722Z,KXBTC15M-26OCT042245-45,0.9990,218.63,no
2026-10-05T02:44:18.36415Z,KXBTC15M-26OCT042245-45,0.9990,87.00,no
2026-10-05T02:44:18.469361Z,KXBTC15M-26OCT042245-45,0.9990,1831.90,no
2026-10-05T02:44:18.629289Z,KXBTC15M-26OCT042245-45,0.9990,458.04,no
2026-10-05T02:44:18.734938Z,KXBTC15M-26OCT042245-45,0.9990,915.99,no
2026-10-05T02:44:18.966546Z,KXBTC15M-26OCT042245-45,0.9990,114.77,no
2026-10-05T02:44:19.118805Z,KXBTC15M-26OCT042245-45,0.9990,915.99,no
2026-10-05T02:44:19.52418Z,KXBTC15M-26OCT042245-45,0.9990,915.99,no
2026-10-05T02:44:19.738015Z,KXBTC15M-26OCT042245-45,0.9990,0.02,no
2026-10-05T02:44:20.000793Z,KXBTC15M-26OCT042245-45,0.9990,5248.30,no
2026-10-05T02:44:20.000793Z,KXBTC15M-26OCT042245-45,0.9990,3911.25,no
2026-10-05T02:44:20.130298Z,KXBTC15M-26OCT042245-45,0.9990,51.15,no
2026-10-05T02:44:20.158784Z,KXBTC15M-26OCT042245-45,0.9990,91.62,no
2026-10-05T02:44:20.214483Z,KXBTC15M-26OCT042245-45,0.9990,1.09,no
2026-10-05T02:44:20.3916Z,KXBTC15M-26OCT042245-45,0.9990,915.99,no
2026-10-05T02:44:20.960705Z,KXBTC15M-26OCT042245-45,0.9990,915.99,no
2026-10-05T02:44:21.416965Z,KXBTC15M-26OCT042245-45,0.9990,458.04,no
2026-10-05T02:44:21.441325Z,KXBTC15M-26OCT042245-45,0.9990,9.20,no
2026-10-05T02:44:21.768749Z,KXBTC15M-26OCT042245-45,0.9990,915.99,no
2026-10-05T02:44:22.135972Z,KXBTC15M-26OCT042245-45,0.9990,915.99,no
2026-10-05T02:44:22.22664Z,KXBTC15M-26OCT042245-45,0.9990,931.20,no
2026-10-05T02:44:22.22664Z,KXBTC15M-26OCT042245-45,0.9990,3648.57,no
2026-10-05T02:44:22.241931Z,KXBTC15M-26OCT042245-45,0.9990,1508.73,no
2026-10-05T02:44:22.30499Z,KXBTC15M-26OCT042245-45,0.9990,20.00,no
2026-10-05T02:44:22.84979Z,KXBTC15M-26OCT042245-45,0.9990,1.00,no
2026-10-05T02:44:23.019223Z,KXBTC15M-26OCT042245-45,0.9990,44.91,no
2026-10-05T02:44:23.064949Z,KXBTC15M-26OCT042245-45,0.9990,4.88,no
2026-10-05T02:44:23.101042Z,KXBTC15M-26OCT042245-45,0.9990,5.19,no
2026-10-05T02:44:23.460731Z,KXBTC15M-26OCT042245-45,0.9990,37.75,no
2026-10-05T02:44:23.805475Z,KXBTC15M-26OCT042245-45,0.9990,915.99,no
2026-10-05T02:44:24.620351Z,KXBTC15M-26OCT042245-45,0.9990,90.00,no
2026-10-05T02:44:24.817266Z,KXBTC15M-26OCT042245-45,0.9990,1168.54,no
2026-10-05T02:44:24.890011Z,KXBTC15M-26OCT042245-45,0.9990,915.99,no
2026-10-05T02:44:24.966423Z,KXBTC15M-26OCT042245-45,0.9990,0.72,no
2026-10-05T02:44:25.271735Z,KXBTC15M-26OCT042245-45,0.9990,9.20,no
2026-10-05T02:44:25.322866Z,KXBTC15M-26OCT042245-45,0.9990,2086.29,no
2026-10-05T02:44:25.90987Z,KXBTC15M-26OCT042245-45,0.9990,915.99,no
2026-10-05T02:44:26.224017Z,KXBTC15M-26OCT042245-45,0.9990,9.39,no
2026-10-05T02:44:26.227319Z,KXBTC15M-26OCT042245-45,0.9990,934.69,no
2026-10-05T02:44:26.296955Z,KXBTC15M-26OCT042245-45,0.9990,549.57,no
2026-10-05T02:44:26.537045Z,KXBTC15M-26OCT042245-45,0.9990,1831.90,no
2026-10-05T02:44:27.276585Z,KXBTC15M-26OCT042245-45,0.9990,915.99,no
2026-10-05T02:44:28.222744Z,KXBTC15M-26OCT042245-45,0.9990,915.99,no
2026-10-05T02:44:28.235177Z,KXBTC15M-26OCT042245-45,0.9990,3.01,no
2026-10-05T02:44:28.242692Z,KXBTC15M-26OCT042245-45,0.9990,915.99,no
2026-10-05T02:44:28.243568Z,KXBTC15M-26OCT042245-45,0.9990,2030.05,no
2026-10-05T02:44:28.243568Z,KXBTC15M-26OCT042245-45,0.9990,2549.72,no
2026-10-05T02:44:28.333268Z,KXBTC15M-26OCT042245-45,0.9990,73.29,no
2026-10-05T02:44:28.429993Z,KXBTC15M-26OCT042245-45,0.9990,18.69,no
2026-10-05T02:44:28.74965Z,KXBTC15M-26OCT042245-45,0.9990,140.19,no
2026-10-05T02:44:28.851704Z,KXBTC15M-26OCT042245-45,0.9990,1.01,no
2026-10-05T02:44:29.275343Z,KXBTC15M-26OCT042245-45,0.9990,23.33,no
2026-10-05T02:44:29.432942Z,KXBTC15M-26OCT042245-45,0.9990,915.99,no
2026-10-05T02:44:29.924152Z,KXBTC15M-26OCT042245-45,0.9990,9.20,no
2026-10-05T02:44:30.228416Z,KXBTC15M-26OCT042245-45,0.9990,1831.90,no
2026-10-05T02:44:30.264638Z,KXBTC15M-26OCT042245-45,0.9990,531.18,no
2026-10-05T02:44:30.265191Z,KXBTC15M-26OCT042245-45,0.9990,152.32,no
2026-10-05T02:44:30.267363Z,KXBTC15M-26OCT042245-45,0.9990,171.60,no
2026-10-05T02:44:30.316252Z,KXBTC15M-26OCT042245-45,0.9990,4579.77,no
2026-10-05T02:44:30.457095Z,KXBTC15M-26OCT042245-45,0.9990,5.35,no
2026-10-05T02:44:30.677217Z,KXBTC15M-26OCT042245-45,0.9990,8.25,no
2026-10-05T02:44:30.688853Z,KXBTC15M-26OCT042245-45,0.9990,915.99,no
2026-10-05T02:44:31.130752Z,KXBTC15M-26OCT042245-45,0.9990,915.99,no
2026-10-05T02:44:31.27924Z,KXBTC15M-26OCT042245-45,0.9990,1.24,no
2026-10-05T02:44:31.313863Z,KXBTC15M-26OCT042245-45,0.9990,1825.00,no
2026-10-05T02:44:31.313863Z,KXBTC15M-26OCT042245-45,0.9990,270.00,no
2026-10-05T02:44:31.313863Z,KXBTC15M-26OCT042245-45,0.9990,1825.00,no
2026-10-05T02:44:31.313863Z,KXBTC15M-26OCT042245-45,0.9990,1825.00,no
2026-10-05T02:44:31.313863Z,KXBTC15M-26OCT042245-45,0.9990,750.00,no
2026-10-05T02:44:31.313863Z,KXBTC15M-26OCT042245-45,0.9990,61.85,no
2026-10-05T02:44:31.313863Z,KXBTC15M-26OCT042245-45,0.9990,250.00,no
2026-10-05T02:44:31.313863Z,KXBTC15M-26OCT042245-45,0.9990,81.00,no
2026-10-05T02:44:31.313863Z,KXBTC15M-26OCT042245-45,0.9990,100.00,no
2026-10-05T02:44:31.313863Z,KXBTC15M-26OCT042245-45,0.9990,500.00,no
2026-10-05T02:44:31.313863Z,KXBTC15M-26OCT042245-45,0.9990,1227.22,no
2026-10-05T02:44:31.313863Z,KXBTC15M-26OCT042245-45,0.9990,5609.00,no
2026-10-05T02:44:31.313863Z,KXBTC15M-26OCT042245-45,0.9990,250.00,no
2026-10-05T02:44:31.313863Z,KXBTC15M-26OCT042245-45,0.9990,674.66,no
2026-10-05T02:44:31.313863Z,KXBTC15M-26OCT042245-45,0.9990,3070.30,no
2026-10-05T02:44:31.938972Z,KXBTC15M-26OCT042245-45,0.9990,750.00,no
2026-10-05T02:44:31.938972Z,KXBTC15M-26OCT042245-45,0.9990,0.10,no
2026-10-05T02:44:31.938972Z,KXBTC15M-26OCT042245-45,0.9990,3516.52,no
2026-10-05T02:44:31.938972Z,KXBTC15M-26OCT042245-45,0.9990,38.15,no
2026-10-05T02:44:31.938972Z,KXBTC15M-26OCT042245-45,0.9990,275.00,no
2026-10-05T02:44:32.29942Z,KXBTC15M-26OCT042245-45,0.9990,1.08,no
2026-10-05T02:44:32.575746Z,KXBTC15M-26OCT042245-45,0.9990,8677.15,no
2026-10-05T02:44:32.575746Z,KXBTC15M-26OCT042245-45,0.9990,482.40,no
2026-10-05T02:44:32.897936Z,KXBTC15M-26OCT042245-45,0.9990,915.99,no
2026-10-05T02:44:33.303907Z,KXBTC15M-26OCT042245-45,0.9990,915.99,no
2026-10-05T02:44:33.469728Z,KXBTC15M-26OCT042245-45,0.9990,915.99,no
2026-10-05T02:44:33.746624Z,KXBTC15M-26OCT042245-45,0.9990,915.99,no
2026-10-05T02:44:34.040618Z,KXBTC15M-26OCT042245-45,0.9990,9.66,no
2026-10-05T02:44:34.264397Z,KXBTC15M-26OCT042245-45,0.9990,64.18,no
2026-10-05T02:44:34.762025Z,KXBTC15M-26OCT042245-45,0.9990,2.09,no
2026-10-05T02:44:36.438045Z,KXBTC15M-26OCT042245-45,0.9990,4579.77,no
2026-10-05T02:44:37.246439Z,KXBTC15M-26OCT042245-45,0.9990,915.99,no
2026-10-05T02:44:39.1161Z,KXBTC15M-26OCT042245-45,0.9990,915.99,no
2026-10-05T02:44:39.447019Z,KXBTC15M-26OCT042245-45,0.9990,18.69,no
2026-10-05T02:44:41.119218Z,KXBTC15M-26OCT042245-45,0.9990,915.99,no
2026-10-05T02:44:41.187291Z,KXBTC15M-26OCT042245-45,0.9990,4.96,no
2026-10-05T02:44:41.377331Z,KXBTC15M-26OCT042245-45,0.9990,1984.20,no
2026-10-05T02:44:41.377331Z,KXBTC15M-26OCT042245-45,0.9990,142.00,no
2026-10-05T02:44:41.377331Z,KXBTC15M-26OCT042245-45,0.9990,2453.57,no
2026-10-05T02:44:41.405301Z,KXBTC15M-26OCT042245-45,0.9990,10.07,no
2026-10-05T02:44:41.643846Z,KXBTC15M-26OCT042245-45,0.9990,8.25,no
2026-10-05T02:44:41.94806Z,KXBTC15M-26OCT042245-45,0.9990,5000.00,no
2026-10-05T02:44:41.94806Z,KXBTC15M-26OCT042245-45,0.9990,7997.48,no
2026-10-05T02:44:41.94806Z,KXBTC15M-26OCT042245-45,0.9990,19.00,no
2026-10-05T02:44:41.94806Z,KXBTC15M-26OCT042245-45,0.9990,722.81,no
2026-10-05T02:44:44.336757Z,KXBTC15M-26OCT042245-45,0.9990,10.32,no
2026-10-05T02:44:44.553204Z,KXBTC15M-26OCT042245-45,0.9990,266.87,no
2026-10-05T02:44:44.553204Z,KXBTC15M-26OCT042245-45,0.9990,649.12,no
2026-10-05T02:44:44.648206Z,KXBTC15M-26OCT042245-45,0.9990,0.02,no
2026-10-05T02:44:44.816922Z,KXBTC15M-26OCT042245-45,0.9990,29.78,no
2026-10-05T02:44:45.549975Z,KXBTC15M-26OCT042245-45,0.9990,58.50,no
2026-10-05T02:44:46.247157Z,KXBTC15M-26OCT042245-45,0.9990,36.64,no
2026-10-05T02:44:46.634475Z,KXBTC15M-26OCT042245-45,0.9990,180.00,no
2026-10-05T02:44:48.087135Z,KXBTC15M-26OCT042245-45,0.9990,545.94,no
2026-10-05T02:44:48.087135Z,KXBTC15M-26OCT042245-45,0.9990,1000.00,no
2026-10-05T02:44:48.087135Z,KXBTC15M-26OCT042245-45,0.9990,0.06,no
2026-10-05T02:44:48.210246Z,KXBTC15M-26OCT042245-45,0.9990,4.68,no
2026-10-05T02:44:48.454915Z,KXBTC15M-26OCT042245-45,0.9990,6.55,no
2026-10-05T02:44:48.695571Z,KXBTC15M-26OCT042245-45,0.9990,5.01,no
2026-10-05T02:44:48.920947Z,KXBTC15M-26OCT042245-45,0.9990,0.02,no
2026-10-05T02:44:48.959995Z,KXBTC15M-26OCT042245-45,0.9990,1831.90,no
2026-10-05T02:44:49.005588Z,KXBTC15M-26OCT042245-45,0.9990,47.14,no
2026-10-05T02:44:50.443653Z,KXBTC15M-26OCT042245-45,0.9990,36.86,no
2026-10-05T02:44:50.443653Z,KXBTC15M-26OCT042245-45,0.9990,104.64,no
2026-10-05T02:44:50.51566Z,KXBTC15M-26OCT042245-45,0.9990,27.43,no
2026-10-05T02:44:51.111718Z,KXBTC15M-26OCT042245-45,0.9990,948.00,no
2026-10-05T02:44:51.111718Z,KXBTC15M-26OCT042245-45,0.9990,946.06,no
2026-10-05T02:44:51.111718Z,KXBTC15M-26OCT042245-45,0.9990,750.00,no
2026-10-05T02:44:51.111718Z,KXBTC15M-26OCT042245-45,0.9990,500.00,no
2026-10-05T02:44:51.111718Z,KXBTC15M-26OCT042245-45,0.9990,435.71,no
2026-10-05T02:44:51.111718Z,KXBTC15M-26OCT042245-45,0.9990,1000.00,no
2026-10-05T02:44:51.372222Z,KXBTC15M-26OCT042245-45,0.9990,42.31,no
2026-10-05T02:44:53.074355Z,KXBTC15M-26OCT042245-45,0.9990,11.10,no
2026-10-05T02:44:53.336187Z,KXBTC15M-26OCT042245-45,0.9990,9.20,no
2026-10-05T02:44:54.238871Z,KXBTC15M-26OCT042245-45,0.9990,141.61,no
2026-10-05T02:44:55.25741Z,KXBTC15M-26OCT042245-45,0.9990,1.00,no
2026-10-05T02:44:55.930096Z,KXBTC15M-26OCT042245-45,0.9990,2.57,no
2026-10-05T02:44:56.631549Z,KXBTC15M-26OCT042245-45,0.9990,6.47,no
2026-10-05T02:44:56.872009Z,KXBTC15M-26OCT042245-45,0.9990,20.62,no
2026-10-05T02:44:57.408419Z,KXBTC15M-26OCT042245-45,0.9990,5.75,no
2026-10-05T02:44:57.551357Z,KXBTC15M-26OCT042245-45,0.9990,4.46,no
2026-10-05T02:44:57.822608Z,KXBTC15M-26OCT042245-45,0.9990,10.47,no
2026-10-05T02:44:59.804625Z,KXBTC15M-26OCT042245-45,0.9990,15.95,no
2026-10-05T02:41:55.044799Z,KXGOLD15M-26OCT042245-45,0.0230,20.06,no
2026-10-05T02:41:55.117509Z,KXGOLD15M-26OCT042245-45,0.0240,40.08,no
2026-10-05T02:41:56.646854Z,KXGOLD15M-26OCT042245-45,0.0270,13.04,no
2026-10-05T02:41:56.674302Z,KXGOLD15M-26OCT042245-45,0.0280,14.00,yes
2026-10-05T02:41:56.674302Z,KXGOLD15M-26OCT042245-45,0.0280,19.43,yes
2026-10-05T02:41:57.201639Z,KXGOLD15M-26OCT042245-45,0.0280,100.00,no
2026-10-05T02:41:57.233045Z,KXGOLD15M-26OCT042245-45,0.0280,1400.00,no
2026-10-05T02:41:57.290068Z,KXGOLD15M-26OCT042245-45,0.0230,17.03,no
2026-10-05T02:41:57.290068Z,KXGOLD15M-26OCT042245-45,0.0240,1.00,no
2026-10-05T02:41:57.290068Z,KXGOLD15M-26OCT042245-45,0.0240,29.00,no
2026-10-05T02:41:57.969977Z,KXGOLD15M-26OCT042245-45,0.0290,18.90,yes
2026-10-05T02:41:57.969977Z,KXGOLD15M-26OCT042245-45,0.0290,77.96,yes
2026-10-05T02:41:58.14858Z,KXGOLD15M-26OCT042245-45,0.0240,20.43,no
2026-10-05T02:41:58.202009Z,KXGOLD15M-26OCT042245-45,0.0250,1.01,no
2026-10-05T02:41:58.216607Z,KXGOLD15M-26OCT042245-45,0.0290,6.45,yes
2026-10-05T02:41:58.331001Z,KXGOLD15M-26OCT042245-45,0.0290,37.57,yes
2026-10-05T02:41:58.331001Z,KXGOLD15M-26OCT042245-45,0.0290,27.00,yes
2026-10-05T02:41:58.804182Z,KXGOLD15M-26OCT042245-45,0.0240,1.00,no
2026-10-05T02:41:58.804182Z,KXGOLD15M-26OCT042245-45,0.0240,11.57,no
2026-10-05T02:41:58.986511Z,KXGOLD15M-26OCT042245-45,0.0210,26.00,no
2026-10-05T02:41:58.986511Z,KXGOLD15M-26OCT042245-45,0.0210,40.00,no
2026-10-05T02:41:59.242512Z,KXGOLD15M-26OCT042245-45,0.0200,483.49,no
2026-10-05T02:41:59.242512Z,KXGOLD15M-26OCT042245-45,0.0200,26.00,no
2026-10-05T02:41:59.379459Z,KXGOLD15M-26OCT042245-45,0.0220,62.68,yes
2026-10-05T02:41:59.618145Z,KXGOLD15M-26OCT042245-45,0.0200,1.01,no
2026-10-05T02:41:59.948084Z,KXGOLD15M-26OCT042245-45,0.0230,7.49,yes
2026-10-05T02:42:00.202136Z,KXGOLD15M-26OCT042245-45,0.0230,1.00,no
2026-10-05T02:42:00.202136Z,KXGOLD15M-26OCT042245-45,0.0230,100.00,no
2026-10-05T02:42:00.415163Z,KXGOLD15M-26OCT042245-45,0.0230,26.69,yes
2026-10-05T02:42:00.415163Z,KXGOLD15M-26OCT042245-45,0.0230,14.00,yes
2026-10-05T02:42:01.037647Z,KXGOLD15M-26OCT042245-45,0.0230,23.69,yes
2026-10-05T02:42:01.037647Z,KXGOLD15M-26OCT042245-45,0.0230,17.00,yes
2026-10-05T02:42:01.129177Z,KXGOLD15M-26OCT042245-45,0.0240,78.00,yes
2026-10-05T02:42:01.268333Z,KXGOLD15M-26OCT042245-45,0.0230,25.98,yes
2026-10-05T02:42:01.556208Z,KXGOLD15M-26OCT042245-45,0.0200,509.00,no
2026-10-05T02:42:02.020682Z,KXGOLD15M-26OCT042245-45,0.0220,306.26,no
2026-10-05T02:42:03.101061Z,KXGOLD15M-26OCT042245-45,0.0230,598.22,yes
2026-10-05T02:42:03.941852Z,KXGOLD15M-26OCT042245-45,0.0250,15.29,yes
2026-10-05T02:42:04.037297Z,KXGOLD15M-26OCT042245-45,0.0210,210.13,no
2026-10-05T02:42:04.037297Z,KXGOLD15M-26OCT042245-45,0.0220,90.00,no
2026-10-05T02:42:04.135443Z,KXGOLD15M-26OCT042245-45,0.0210,1.81,no
2026-10-05T02:42:04.135443Z,KXGOLD15M-26OCT042245-45,0.0210,27.00,no
2026-10-05T02:42:04.135443Z,KXGOLD15M-26OCT042245-45,0.0220,300.00,no
2026-10-05T02:42:04.627054Z,KXGOLD15M-26OCT042245-45,0.0280,102.00,yes
2026-10-05T02:42:04.627054Z,KXGOLD15M-26OCT042245-45,0.0280,7.00,yes
2026-10-05T02:42:04.627054Z,KXGOLD15M-26OCT042245-45,0.0280,57.68,yes
2026-10-05T02:42:04.711535Z,KXGOLD15M-26OCT042245-45,0.0280,15.00,yes
2026-10-05T02:42:04.711535Z,KXGOLD15M-26OCT042245-45,0.0280,44.10,yes
2026-10-05T02:42:04.711535Z,KXGOLD15M-26OCT042245-45,0.0280,6.74,yes
2026-10-05T02:42:05.631089Z,KXGOLD15M-26OCT042245-45,0.0210,4.57,no
2026-10-05T02:42:05.796167Z,KXGOLD15M-26OCT042245-45,0.0220,1.00,yes
2026-10-05T02:42:05.796167Z,KXGOLD15M-26OCT042245-45,0.0270,6.40,yes
2026-10-05T02:42:06.099705Z,KXGOLD15M-26OCT042245-45,0.0220,1.02,no
2026-10-05T02:42:06.360344Z,KXGOLD15M-26OCT042245-45,0.0280,1.06,yes
2026-10-05T02:42:06.360344Z,KXGOLD15M-26OCT042245-45,0.0280,1.00,yes
2026-10-05T02:42:06.360344Z,KXGOLD15M-26OCT042245-45,0.0280,5.00,yes
2026-10-05T02:42:06.360344Z,KXGOLD15M-26OCT042245-45,0.0280,13.00,yes
2026-10-05T02:42:06.457848Z,KXGOLD15M-26OCT042245-45,0.0210,7.07,no
2026-10-05T02:42:07.008234Z,KXGOLD15M-26OCT042245-45,0.0170,13.80,no
2026-10-05T02:42:07.008234Z,KXGOLD15M-26OCT042245-45,0.0190,43.00,no
2026-10-05T02:42:07.211148Z,KXGOLD15M-26OCT042245-45,0.0200,2.00,no
2026-10-05T02:42:07.518696Z,KXGOLD15M-26OCT042245-45,0.0230,4.06,yes
2026-10-05T02:42:07.555336Z,KXGOLD15M-26OCT042245-45,0.0230,44.45,yes
2026-10-05T02:42:07.555336Z,KXGOLD15M-26OCT042245-45,0.0230,36.94,yes
2026-10-05T02:42:07.98272Z,KXGOLD15M-26OCT042245-45,0.0230,40.69,yes
2026-10-05T02:42:08.062625Z,KXGOLD15M-26OCT042245-45,0.0220,400.00,no
2026-10-05T02:42:09.079608Z,KXGOLD15M-26OCT042245-45,0.0230,192.60,yes
2026-10-05T02:42:10.612191Z,KXGOLD15M-26OCT042245-45,0.0210,222.82,yes
2026-10-05T02:42:11.079642Z,KXGOLD15M-26OCT042245-45,0.0210,89.13,yes
2026-10-05T02:42:11.312453Z,KXGOLD15M-26OCT042245-45,0.0210,66.84,yes
2026-10-05T02:42:11.369616Z,KXGOLD15M-26OCT042245-45,0.0210,178.26,yes
2026-10-05T02:42:11.604831Z,KXGOLD15M-26OCT042245-45,0.0210,44.56,yes
2026-10-05T02:42:11.625744Z,KXGOLD15M-26OCT042245-45,0.0210,222.82,yes
2026-10-05T02:42:11.853663Z,KXGOLD15M-26OCT042245-45,0.0210,356.52,yes
2026-10-05T02:42:12.072723Z,KXGOLD15M-26OCT042245-45,0.0200,55.28,no
2026-10-05T02:42:12.1365Z,KXGOLD15M-26OCT042245-45,0.0200,1.36,no
2026-10-05T02:42:12.154702Z,KXGOLD15M-26OCT042245-45,0.0210,23.69,yes
2026-10-05T02:42:12.154702Z,KXGOLD15M-26OCT042245-45,0.0210,100.00,yes
2026-10-05T02:42:12.154702Z,KXGOLD15M-26OCT042245-45,0.0210,10.00,yes
2026-10-05T02:42:12.455534Z,KXGOLD15M-26OCT042245-45,0.0200,17.68,no
2026-10-05T02:42:12.455534Z,KXGOLD15M-26OCT042245-45,0.0200,43.36,no
2026-10-05T02:42:12.468984Z,KXGOLD15M-26OCT042245-45,0.0210,1.03,yes
2026-10-05T02:42:12.904141Z,KXGOLD15M-26OCT042245-45,0.0200,82.32,no
2026-10-05T02:42:13.097646Z,KXGOLD15M-26OCT042245-45,0.0190,1.00,no
2026-10-05T02:42:13.389612Z,KXGOLD15M-26OCT042245-45,0.0180,46.79,yes
2026-10-05T02:42:13.436908Z,KXGOLD15M-26OCT042245-45,0.0180,61.16,yes
2026-10-05T02:42:13.981506Z,KXGOLD15M-26OCT042245-45,0.0170,10.91,yes
2026-10-05T02:42:14.278159Z,KXGOLD15M-26OCT042245-45,0.0170,1.65,yes
2026-10-05T02:42:14.561828Z,KXGOLD15M-26OCT042245-45,0.0170,53.93,yes
2026-10-05T02:42:14.621668Z,KXGOLD15M-26OCT042245-45,0.0170,233.95,yes
2026-10-05T02:42:14.762181Z,KXGOLD15M-26OCT042245-45,0.0150,10.89,no
2026-10-05T02:42:14.762181Z,KXGOLD15M-26OCT042245-45,0.0150,1.08,no
2026-10-05T02:42:14.937188Z,KXGOLD15M-26OCT042245-45,0.0170,53.93,yes
2026-10-05T02:42:15.210616Z,KXGOLD15M-26OCT042245-45,0.0150,20.28,no
2026-10-05T02:42:15.213071Z,KXGOLD15M-26OCT042245-45,0.0170,275.18,yes
2026-10-05T02:42:15.287892Z,KXGOLD15M-26OCT042245-45,0.0170,53.93,yes
2026-10-05T02:42:15.478552Z,KXGOLD15M-26OCT042245-45,0.0180,14.00,yes
2026-10-05T02:42:15.483168Z,KXGOLD15M-26OCT042245-45,0.0200,1405.89,yes
2026-10-05T02:42:15.483168Z,KXGOLD15M-26OCT042245-45,0.0200,163.00,yes
2026-10-05T02:42:15.488022Z,KXGOLD15M-26OCT042245-45,0.0200,1.08,yes
2026-10-05T02:42:15.488022Z,KXGOLD15M-26OCT042245-45,0.0200,10.89,yes
2026-10-05T02:42:15.488022Z,KXGOLD15M-26OCT042245-45,0.0200,2.03,yes
2026-10-05T02:42:15.489417Z,KXGOLD15M-26OCT042245-45,0.0200,18.25,yes
2026-10-05T02:42:16.748015Z,KXGOLD15M-26OCT042245-45,0.0130,6.91,no
2026-10-05T02:42:16.748015Z,KXGOLD15M-26OCT042245-45,0.0150,96.00,no
2026-10-05T02:42:16.748015Z,KXGOLD15M-26OCT042245-45,0.0150,2.03,no
2026-10-05T02:42:16.748015Z,KXGOLD15M-26OCT042245-45,0.0150,10.89,no
2026-10-05T02:42:16.748015Z,KXGOLD15M-26OCT042245-45,0.0150,18.25,no
2026-10-05T02:42:16.748015Z,KXGOLD15M-26OCT042245-45,0.0170,300.00,no
2026-10-05T02:42:16.748015Z,KXGOLD15M-26OCT042245-45,0.0150,1.08,no
2026-10-05T02:42:16.748015Z,KXGOLD15M-26OCT042245-45,0.0180,25.00,no
2026-10-05T02:42:16.748015Z,KXGOLD15M-26OCT042245-45,0.0160,8.00,no
2026-10-05T02:42:16.748015Z,KXGOLD15M-26OCT042245-45,0.0150,7.75,no
2026-10-05T02:42:16.748015Z,KXGOLD15M-26OCT042245-45,0.0150,21.73,no
2026-10-05T02:42:16.748015Z,KXGOLD15M-26OCT042245-45,0.0140,500.00,no
2026-10-05T02:42:17.136943Z,KXGOLD15M-26OCT042245-45,0.0170,29.00,no
2026-10-05T02:42:17.136943Z,KXGOLD15M-26OCT042245-45,0.0170,470.30,no
2026-10-05T02:42:18.016048Z,KXGOLD15M-26OCT042245-45,0.0170,18.25,no
2026-10-05T02:42:18.106488Z,KXGOLD15M-26OCT042245-45,0.0180,20.79,yes
2026-10-05T02:42:18.488797Z,KXGOLD15M-26OCT042245-45,0.0200,1.08,yes
2026-10-05T02:42:18.488797Z,KXGOLD15M-26OCT042245-45,0.0200,7.75,yes
2026-10-05T02:42:18.488797Z,KXGOLD15M-26OCT042245-45,0.0200,2.03,yes
2026-10-05T02:42:18.488797Z,KXGOLD15M-26OCT042245-45,0.0200,10.89,yes
2026-10-05T02:42:18.488797Z,KXGOLD15M-26OCT042245-45,0.0200,8.25,yes
2026-10-05T02:42:18.513312Z,KXGOLD15M-26OCT042245-45,0.0200,1.01,yes
2026-10-05T02:42:18.564043Z,KXGOLD15M-26OCT042245-45,0.0170,20.30,no
2026-10-05T02:42:18.636808Z,KXGOLD15M-26OCT042245-45,0.0150,9.55,no
2026-10-05T02:42:18.77287Z,KXGOLD15M-26OCT042245-45,0.0210,41.00,yes
2026-10-05T02:42:18.77287Z,KXGOLD15M-26OCT042245-45,0.0200,8.99,yes
2026-10-05T02:42:18.77287Z,KXGOLD15M-26OCT042245-45,0.0220,25.04,yes
2026-10-05T02:42:18.77287Z,KXGOLD15M-26OCT042245-45,0.0220,30.00,yes
2026-10-05T02:42:18.77287Z,KXGOLD15M-26OCT042245-45,0.0220,60.00,yes
2026-10-05T02:42:18.77287Z,KXGOLD15M-26OCT042245-45,0.0190,15.00,yes
2026-10-05T02:42:18.902386Z,KXGOLD15M-26OCT042245-45,0.0160,10.13,no
2026-10-05T02:42:19.286837Z,KXGOLD15M-26OCT042245-45,0.0180,206.33,yes
2026-10-05T02:42:19.435085Z,KXGOLD15M-26OCT042245-45,0.0180,26.66,yes
2026-10-05T02:42:19.848342Z,KXGOLD15M-26OCT042245-45,0.0180,103.88,yes
2026-10-05T02:42:20.27331Z,KXGOLD15M-26OCT042245-45,0.0200,5.39,yes
2026-10-05T02:42:20.793211Z,KXGOLD15M-26OCT042245-45,0.0150,3.08,no
2026-10-05T02:42:21.094688Z,KXGOLD15M-26OCT042245-45,0.0180,12.00,yes
2026-10-05T02:42:21.094688Z,KXGOLD15M-26OCT042245-45,0.0180,247.91,yes
2026-10-05T02:42:21.215451Z,KXGOLD15M-26OCT042245-45,0.0150,0.40,no
2026-10-05T02:42:21.215451Z,KXGOLD15M-26OCT042245-45,0.0150,4.67,no
2026-10-05T02:42:21.708795Z,KXGOLD15M-26OCT042245-45,0.0170,0.49,yes
2026-10-05T02:42:21.980762Z,KXGOLD15M-26OCT042245-45,0.0180,25.99,yes
2026-10-05T02:42:22.009875Z,KXGOLD15M-26OCT042245-45,0.0120,50.00,no
2026-10-05T02:42:22.009875Z,KXGOLD15M-26OCT042245-45,0.0130,101.00,no
2026-10-05T02:42:22.009875Z,KXGOLD15M-26OCT042245-45,0.0120,40.00,no
2026-10-05T02:42:22.009875Z,KXGOLD15M-26OCT042245-45,0.0140,1.00,no
2026-10-05T02:42:22.009875Z,KXGOLD15M-26OCT042245-45,0.0140,26.00,no
2026-10-05T02:42:22.009875Z,KXGOLD15M-26OCT042245-45,0.0130,5.00,no
2026-10-05T02:42:22.009875Z,KXGOLD15M-26OCT042245-45,0.0120,50.00,no
2026-10-05T02:42:22.009875Z,KXGOLD15M-26OCT042245-45,0.0150,2.03,no
2026-10-05T02:42:22.009875Z,KXGOLD15M-26OCT042245-45,0.0120,300.00,no
2026-10-05T02:42:22.009875Z,KXGOLD15M-26OCT042245-45,0.0150,8.99,no
2026-10-05T02:42:22.009875Z,KXGOLD15M-26OCT042245-45,0.0150,8.25,no
2026-10-05T02:42:22.009875Z,KXGOLD15M-26OCT042245-45,0.0150,0.68,no
2026-10-05T02:42:22.009875Z,KXGOLD15M-26OCT042245-45,0.0150,1.01,no
2026-10-05T02:42:22.009875Z,KXGOLD15M-26OCT042245-45,0.0150,10.89,no
2026-10-05T02:42:22.009875Z,KXGOLD15M-26OCT042245-45,0.0110,156.00,no
2026-10-05T02:42:22.009875Z,KXGOLD15M-26OCT042245-45,0.0110,166.41,no
2026-10-05T02:42:22.019587Z,KXGOLD15M-26OCT042245-45,0.0150,100.00,no
2026-10-05T02:42:22.173832Z,KXGOLD15M-26OCT042245-45,0.0140,56.00,yes
2026-10-05T02:42:22.325001Z,KXGOLD15M-26OCT042245-45,0.0160,44.02,yes
2026-10-05T02:42:22.715864Z,KXGOLD15M-26OCT042245-45,0.0160,122.39,yes
2026-10-05T02:42:23.34124Z,KXGOLD15M-26OCT042245-45,0.0170,92.88,yes
2026-10-05T02:42:23.718756Z,KXGOLD15M-26OCT042245-45,0.0170,275.18,yes
2026-10-05T02:42:23.818397Z,KXGOLD15M-26OCT042245-45,0.0150,502.00,no
2026-10-05T02:42:23.988427Z,KXGOLD15M-26OCT042245-45,0.0150,60.00,no
2026-10-05T02:42:24.037355Z,KXGOLD15M-26OCT042245-45,0.0170,10.45,yes
2026-10-05T02:42:24.209669Z,KXGOLD15M-26OCT042245-45,0.0160,10.00,yes
2026-10-05T02:42:25.370557Z,KXGOLD15M-26OCT042245-45,0.0170,17.00,yes
2026-10-05T02:42:25.74343Z,KXGOLD15M-26OCT042245-45,0.0160,165.11,yes
2026-10-05T02:42:27.771665Z,KXGOLD15M-26OCT042245-45,0.0150,15.00,yes
2026-10-05T02:42:27.771665Z,KXGOLD15M-26OCT042245-45,0.0180,3.47,yes
2026-10-05T02:42:27.771665Z,KXGOLD15M-26OCT042245-45,0.0160,40.00,yes
2026-10-05T02:42:28.092781Z,KXGOLD15M-26OCT042245-45,0.0140,55.04,yes
2026-10-05T02:42:28.607915Z,KXGOLD15M-26OCT042245-45,0.0110,22.85,no
2026-10-05T02:42:29.003161Z,KXGOLD15M-26OCT042245-45,0.0120,21.63,yes
2026-10-05T02:42:29.181987Z,KXGOLD15M-26OCT042245-45,0.0120,1.22,yes
2026-10-05T02:42:29.181987Z,KXGOLD15M-26OCT042245-45,0.0120,388.49,yes
2026-10-05T02:42:29.633737Z,KXGOLD15M-26OCT042245-45,0.0120,77.94,yes
2026-10-05T02:42:30.209694Z,KXGOLD15M-26OCT042245-45,0.0110,9.85,no
2026-10-05T02:42:30.320136Z,KXGOLD15M-26OCT042245-45,0.0110,1.00,no
2026-10-05T02:42:30.627337Z,KXGOLD15M-26OCT042245-45,0.0110,149.89,no
2026-10-05T02:42:30.627337Z,KXGOLD15M-26OCT042245-45,0.0110,10.00,no
2026-10-05T02:42:30.627337Z,KXGOLD15M-26OCT042245-45,0.0110,17.50,no
2026-10-05T02:42:30.627337Z,KXGOLD15M-26OCT042245-45,0.0110,1.00,no
2026-10-05T02:42:30.834667Z,KXGOLD15M-26OCT042245-45,0.0120,9.85,yes
2026-10-05T02:42:30.834667Z,KXGOLD15M-26OCT042245-45,0.0120,25.14,yes
2026-10-05T02:42:31.138445Z,KXGOLD15M-26OCT042245-45,0.0120,6.79,yes
2026-10-05T02:42:31.138445Z,KXGOLD15M-26OCT042245-45,0.0120,1.00,yes
2026-10-05T02:42:31.178358Z,KXGOLD15M-26OCT042245-45,0.0100,48.29,no
2026-10-05T02:42:31.178358Z,KXGOLD15M-26OCT042245-45,0.0100,50.00,no
2026-10-05T02:42:31.178358Z,KXGOLD15M-26OCT042245-45,0.0100,300.00,no
2026-10-05T02:42:31.178358Z,KXGOLD15M-26OCT042245-45,0.0110,20.00,no
2026-10-05T02:42:31.178358Z,KXGOLD15M-26OCT042245-45,0.0110,2.00,no
2026-10-05T02:42:31.178358Z,KXGOLD15M-26OCT042245-45,0.0110,2.00,no
2026-10-05T02:42:31.178358Z,KXGOLD15M-26OCT042245-45,0.0110,82.50,no
2026-10-05T02:42:31.228526Z,KXGOLD15M-26OCT042245-45,0.0100,4.51,no
2026-10-05T02:42:31.55554Z,KXGOLD15M-26OCT042245-45,0.0110,166.64,yes
2026-10-05T02:42:32.201969Z,KXGOLD15M-26OCT042245-45,0.0110,3.08,yes
2026-10-05T02:42:32.629945Z,KXGOLD15M-26OCT042245-45,0.0110,0.09,yes
2026-10-05T02:42:32.986696Z,KXGOLD15M-26OCT042245-45,0.0100,300.00,no
2026-10-05T02:42:33.742611Z,KXGOLD15M-26OCT042245-45,0.0110,425.11,yes
2026-10-05T02:42:34.349563Z,KXGOLD15M-26OCT042245-45,0.0100,53.54,no
2026-10-05T02:42:34.89377Z,KXGOLD15M-26OCT042245-45,0.0100,14.05,no
2026-10-05T02:42:35.230867Z,KXGOLD15M-26OCT042245-45,0.0100,10.09,no
2026-10-05T02:42:35.280237Z,KXGOLD15M-26OCT042245-45,0.0110,85.02,yes
2026-10-05T02:42:35.526462Z,KXGOLD15M-26OCT042245-45,0.0110,1.53,yes
2026-10-05T02:42:35.586405Z,KXGOLD15M-26OCT042245-45,0.0100,31.64,no
2026-10-05T02:42:36.190618Z,KXGOLD15M-26OCT042245-45,0.0100,50.00,no
2026-10-05T02:42:36.657723Z,KXGOLD15M-26OCT042245-45,0.0110,249.96,yes
2026-10-05T02:42:37.026623Z,KXGOLD15M-26OCT042245-45,0.0110,85.02,yes
2026-10-05T02:42:38.325169Z,KXGOLD15M-26OCT042245-45,0.0100,79.78,no
2026-10-05T02:42:38.506754Z,KXGOLD15M-26OCT042245-45,0.0100,4.47,no
2026-10-05T02:42:39.059147Z,KXGOLD15M-26OCT042245-45,0.0110,85.02,yes
2026-10-05T02:42:39.276916Z,KXGOLD15M-26OCT042245-45,0.0100,35.70,no
2026-10-05T02:42:39.368789Z,KXGOLD15M-26OCT042245-45,0.0110,42.51,yes
2026-10-05T02:42:39.48999Z,KXGOLD15M-26OCT042245-45,0.0110,85.02,yes
2026-10-05T02:42:39.495293Z,KXGOLD15M-26OCT042245-45,0.0100,10.00,no
2026-10-05T02:42:39.706721Z,KXGOLD15M-26OCT042245-45,0.0110,85.02,yes
2026-10-05T02:42:39.74334Z,KXGOLD15M-26OCT042245-45,0.0110,50.61,yes
2026-10-05T02:42:39.961873Z,KXGOLD15M-26OCT042245-45,0.0110,1.70,yes
2026-10-05T02:42:40.02741Z,KXGOLD15M-26OCT042245-45,0.0100,10.09,no
2026-10-05T02:42:40.376983Z,KXGOLD15M-26OCT042245-45,0.0100,10.00,no
2026-10-05T02:42:40.931249Z,KXGOLD15M-26OCT042245-45,0.0110,100.00,yes
2026-10-05T02:42:41.572544Z,KXGOLD15M-26OCT042245-45,0.0110,48.29,yes
2026-10-05T02:42:41.572544Z,KXGOLD15M-26OCT042245-45,0.0110,33.67,yes
2026-10-05T02:42:41.572544Z,KXGOLD15M-26OCT042245-45,0.0110,3.06,yes
2026-10-05T02:42:41.636541Z,KXGOLD15M-26OCT042245-45,0.0110,23.57,yes
2026-10-05T02:42:41.636541Z,KXGOLD15M-26OCT042245-45,0.0110,1.45,yes
2026-10-05T02:42:41.773605Z,KXGOLD15M-26OCT042245-45,0.0100,10.00,no
2026-10-05T02:42:42.046348Z,KXGOLD15M-26OCT042245-45,0.0110,1.01,yes
2026-10-05T02:42:42.175446Z,KXGOLD15M-26OCT042245-45,0.0110,85.02,yes
2026-10-05T02:42:42.227708Z,KXGOLD15M-26OCT042245-45,0.0110,13.60,yes
2026-10-05T02:42:42.284735Z,KXGOLD15M-26OCT042245-45,0.0100,1.00,no
2026-10-05T02:42:42.284735Z,KXGOLD15M-26OCT042245-45,0.0100,2.35,no
2026-10-05T02:42:42.284735Z,KXGOLD15M-26OCT042245-45,0.0100,3.53,no
2026-10-05T02:42:42.284735Z,KXGOLD15M-26OCT042245-45,0.0100,400.00,no
2026-10-05T02:42:42.284735Z,KXGOLD15M-26OCT042245-45,0.0100,9.79,no
2026-10-05T02:42:42.284735Z,KXGOLD15M-26OCT042245-45,0.0100,44.39,no
2026-10-05T02:42:42.284735Z,KXGOLD15M-26OCT042245-45,0.0100,4.35,no
2026-10-05T02:42:42.284735Z,KXGOLD15M-26OCT042245-45,0.0100,42.28,no
2026-10-05T02:42:42.284735Z,KXGOLD15M-26OCT042245-45,0.0100,18.60,no
2026-10-05T02:42:42.284735Z,KXGOLD15M-26OCT042245-45,0.0100,71.24,no
2026-10-05T02:42:42.284735Z,KXGOLD15M-26OCT042245-45,0.0100,1.00,no
2026-10-05T02:42:42.284735Z,KXGOLD15M-26OCT042245-45,0.0100,7.96,no
2026-10-05T02:42:42.284735Z,KXGOLD15M-26OCT042245-45,0.0100,1.57,no
2026-10-05T02:42:42.284735Z,KXGOLD15M-26OCT042245-45,0.0100,2.00,no
2026-10-05T02:42:42.284735Z,KXGOLD15M-26OCT042245-45,0.0100,3.24,no
2026-10-05T02:42:42.284735Z,KXGOLD15M-26OCT042245-45,0.0100,200.00,no
2026-10-05T02:42:42.284735Z,KXGOLD15M-26OCT042245-45,0.0100,8.51,no
2026-10-05T02:42:42.284735Z,KXGOLD15M-26OCT042245-45,0.0100,77.84,no
2026-10-05T02:42:42.284735Z,KXGOLD15M-26OCT042245-45,0.0100,25.00,no
2026-10-05T02:42:42.284735Z,KXGOLD15M-26OCT042245-45,0.0100,1.00,no
2026-10-05T02:42:42.508752Z,KXGOLD15M-26OCT042245-45,0.0110,0.66,yes
2026-10-05T02:42:42.508752Z,KXGOLD15M-26OCT042245-45,0.0110,53.54,yes
2026-10-05T02:42:42.508752Z,KXGOLD15M-26OCT042245-45,0.0110,176.80,yes
2026-10-05T02:42:42.532704Z,KXGOLD15M-26OCT042245-45,0.0100,10.00,no
2026-10-05T02:42:42.54612Z,KXGOLD15M-26OCT042245-45,0.0080,300.00,no
2026-10-05T02:42:42.54612Z,KXGOLD15M-26OCT042245-45,0.0100,390.00,no
2026-10-05T02:42:43.335931Z,KXGOLD15M-26OCT042245-45,0.0080,116.88,yes
2026-10-05T02:42:43.389839Z,KXGOLD15M-26OCT042245-45,0.0070,10.00,no
2026-10-05T02:42:43.49368Z,KXGOLD15M-26OCT042245-45,0.0080,9.16,yes
2026-10-05T02:42:43.840852Z,KXGOLD15M-26OCT042245-45,0.0080,116.88,yes
2026-10-05T02:42:44.106797Z,KXGOLD15M-26OCT042245-45,0.0080,925.65,yes
2026-10-05T02:42:44.110322Z,KXGOLD15M-26OCT042245-45,0.0080,300.00,yes
2026-10-05T02:42:44.240813Z,KXGOLD15M-26OCT042245-45,0.0090,25.52,yes
2026-10-05T02:42:44.322671Z,KXGOLD15M-26OCT042245-45,0.0080,215.28,no
2026-10-05T02:42:44.393324Z,KXGOLD15M-26OCT042245-45,0.0080,116.88,yes
2026-10-05T02:42:44.468682Z,KXGOLD15M-26OCT042245-45,0.0080,89.88,yes
2026-10-05T02:42:44.468682Z,KXGOLD15M-26OCT042245-45,0.0080,27.00,yes
2026-10-05T02:42:44.941943Z,KXGOLD15M-26OCT042245-45,0.0080,103.91,yes
2026-10-05T02:42:45.468059Z,KXGOLD15M-26OCT042245-45,0.0090,15.51,yes
2026-10-05T02:42:45.585886Z,KXGOLD15M-26OCT042245-45,0.0080,0.50,no
2026-10-05T02:42:46.078953Z,KXGOLD15M-26OCT042245-45,0.0090,58.55,yes
2026-10-05T02:42:46.078953Z,KXGOLD15M-26OCT042245-45,0.0090,1500.00,yes
2026-10-05T02:42:46.855123Z,KXGOLD15M-26OCT042245-45,0.0090,50.83,yes
2026-10-05T02:42:46.855123Z,KXGOLD15M-26OCT042245-45,0.0090,51.00,yes
2026-10-05T02:42:47.025913Z,KXGOLD15M-26OCT042245-45,0.0090,548.73,no
2026-10-05T02:42:47.457672Z,KXGOLD15M-26OCT042245-45,0.0100,39.96,yes
2026-10-05T02:42:47.457672Z,KXGOLD15M-26OCT042245-45,0.0100,49.00,yes
2026-10-05T02:42:47.470859Z,KXGOLD15M-26OCT042245-45,0.0080,10.00,no
2026-10-05T02:42:48.097182Z,KXGOLD15M-26OCT042245-45,0.0100,75.75,yes
2026-10-05T02:42:48.242658Z,KXGOLD15M-26OCT042245-45,0.0080,27.89,no
2026-10-05T02:42:48.277845Z,KXGOLD15M-26OCT042245-45,0.0080,40.75,no
2026-10-05T02:42:48.44316Z,KXGOLD15M-26OCT042245-45,0.0080,10.00,no
2026-10-05T02:42:48.631227Z,KXGOLD15M-26OCT042245-45,0.0090,93.51,yes
2026-10-05T02:42:48.749736Z,KXGOLD15M-26OCT042245-45,0.0080,97.73,no
2026-10-05T02:42:49.492988Z,KXGOLD15M-26OCT042245-45,0.0080,10.00,no
2026-10-05T02:42:49.698948Z,KXGOLD15M-26OCT042245-45,0.0080,66.00,no
2026-10-05T02:42:49.802764Z,KXGOLD15M-26OCT042245-45,0.0090,203.65,yes
2026-10-05T02:42:49.920235Z,KXGOLD15M-26OCT042245-45,0.0090,101.83,yes
2026-10-05T02:42:50.118635Z,KXGOLD15M-26OCT042245-45,0.0090,303.60,yes
2026-10-05T02:42:50.151957Z,KXGOLD15M-26OCT042245-45,0.0080,592.77,no
2026-10-05T02:42:50.791673Z,KXGOLD15M-26OCT042245-45,0.0070,205.54,no
2026-10-05T02:42:50.851897Z,KXGOLD15M-26OCT042245-45,0.0070,88.00,no
2026-10-05T02:42:51.390892Z,KXGOLD15M-26OCT042245-45,0.0080,116.88,yes
2026-10-05T02:42:51.549325Z,KXGOLD15M-26OCT042245-45,0.0080,88.66,yes
2026-10-05T02:42:51.549325Z,KXGOLD15M-26OCT042245-45,0.0080,88.00,yes
2026-10-05T02:42:51.549325Z,KXGOLD15M-26OCT042245-45,0.0080,57.11,yes
2026-10-05T02:42:51.757723Z,KXGOLD15M-26OCT042245-45,0.0070,66.84,no
2026-10-05T02:42:51.766523Z,KXGOLD15M-26OCT042245-45,0.0070,10.00,no
2026-10-05T02:42:52.774606Z,KXGOLD15M-26OCT042245-45,0.0080,106.53,yes
2026-10-05T02:42:53.090405Z,KXGOLD15M-26OCT042245-45,0.0080,100.00,yes
2026-10-05T02:42:53.090405Z,KXGOLD15M-26OCT042245-45,0.0080,300.00,yes
2026-10-05T02:42:53.090405Z,KXGOLD15M-26OCT042245-45,0.0080,66.84,yes
2026-10-05T02:42:53.090405Z,KXGOLD15M-26OCT042245-45,0.0080,10.00,yes
2026-10-05T02:42:53.538602Z,KXGOLD15M-26OCT042245-45,0.0080,100.00,no
2026-10-05T02:42:53.908103Z,KXGOLD15M-26OCT042245-45,0.0100,407.59,yes
2026-10-05T02:42:53.908103Z,KXGOLD15M-26OCT042245-45,0.0100,60.00,yes
2026-10-05T02:42:54.056441Z,KXGOLD15M-26OCT042245-45,0.0080,1.00,no
2026-10-05T02:42:54.131379Z,KXGOLD15M-26OCT042245-45,0.0100,2.24,yes
2026-10-05T02:42:54.918809Z,KXGOLD15M-26OCT042245-45,0.0090,199.49,yes
2026-10-05T02:42:54.95902Z,KXGOLD15M-26OCT042245-45,0.0090,40.00,yes
2026-10-05T02:42:55.026304Z,KXGOLD15M-26OCT042245-45,0.0080,10.00,no
2026-10-05T02:42:56.174945Z,KXGOLD15M-26OCT042245-45,0.0090,51.00,yes
2026-10-05T02:42:56.288406Z,KXGOLD15M-26OCT042245-45,0.0090,19.63,yes
2026-10-05T02:42:56.626197Z,KXGOLD15M-26OCT042245-45,0.0080,1.00,no
2026-10-05T02:42:56.804347Z,KXGOLD15M-26OCT042245-45,0.0080,57.07,no
2026-10-05T02:42:56.955194Z,KXGOLD15M-26OCT042245-45,0.0080,1005.91,no
2026-10-05T02:42:57.136253Z,KXGOLD15M-26OCT042245-45,0.0070,10.68,no
2026-10-05T02:42:57.171547Z,KXGOLD15M-26OCT042245-45,0.0070,10.38,no
2026-10-05T02:42:57.432444Z,KXGOLD15M-26OCT042245-45,0.0070,51.00,no
2026-10-05T02:42:57.432444Z,KXGOLD15M-26OCT042245-45,0.0070,344.11,no
2026-10-05T02:42:57.432444Z,KXGOLD15M-26OCT042245-45,0.0070,98.56,no
2026-10-05T02:42:57.781464Z,KXGOLD15M-26OCT042245-45,0.0120,24.41,yes
2026-10-05T02:42:57.781464Z,KXGOLD15M-26OCT042245-45,0.0080,98.56,yes
2026-10-05T02:42:57.781464Z,KXGOLD15M-26OCT042245-45,0.0080,1500.00,yes
2026-10-05T02:42:57.781464Z,KXGOLD15M-26OCT042245-45,0.0080,10.68,yes
2026-10-05T02:42:57.781464Z,KXGOLD15M-26OCT042245-45,0.0080,300.00,yes
2026-10-05T02:42:57.781464Z,KXGOLD15M-26OCT042245-45,0.0080,10.38,yes
2026-10-05T02:42:57.781464Z,KXGOLD15M-26OCT042245-45,0.0080,100.00,yes
2026-10-05T02:42:57.781464Z,KXGOLD15M-26OCT042245-45,0.0100,47.00,yes
2026-10-05T02:42:57.781464Z,KXGOLD15M-26OCT042245-45,0.0110,10.09,yes
2026-10-05T02:42:57.781464Z,KXGOLD15M-26OCT042245-45,0.0110,35.70,yes
2026-10-05T02:42:57.781464Z,KXGOLD15M-26OCT042245-45,0.0110,10.00,yes
2026-10-05T02:42:57.781464Z,KXGOLD15M-26OCT042245-45,0.0110,10.00,yes
2026-10-05T02:42:57.781464Z,KXGOLD15M-26OCT042245-45,0.0100,25.00,yes
2026-10-05T02:42:57.781464Z,KXGOLD15M-26OCT042245-45,0.0110,10.00,yes
2026-10-05T02:42:57.781464Z,KXGOLD15M-26OCT042245-45,0.0110,10.00,yes
2026-10-05T02:42:57.781464Z,KXGOLD15M-26OCT042245-45,0.0110,77.84,yes
2026-10-05T02:42:57.781464Z,KXGOLD15M-26OCT042245-45,0.0110,50.00,yes
2026-10-05T02:42:57.781464Z,KXGOLD15M-26OCT042245-45,0.0110,31.64,yes
2026-10-05T02:42:57.781464Z,KXGOLD15M-26OCT042245-45,0.0110,79.78,yes
2026-10-05T02:42:57.781464Z,KXGOLD15M-26OCT042245-45,0.0110,4.47,yes
2026-10-05T02:42:57.781464Z,KXGOLD15M-26OCT042245-45,0.0110,13.39,yes
2026-10-05T02:42:57.781464Z,KXGOLD15M-26OCT042245-45,0.0110,10.09,yes
2026-10-05T02:42:58.755756Z,KXGOLD15M-26OCT042245-45,0.0070,493.67,no
2026-10-05T02:42:59.002051Z,KXGOLD15M-26OCT042245-45,0.0070,25.16,no
2026-10-05T02:42:59.109043Z,KXGOLD15M-26OCT042245-45,0.0080,2.04,yes
2026-10-05T02:42:59.142784Z,KXGOLD15M-26OCT042245-45,0.0080,116.88,yes
2026-10-05T02:42:59.321709Z,KXGOLD15M-26OCT042245-45,0.0080,11.69,yes
2026-10-05T02:42:59.337467Z,KXGOLD15M-26OCT042245-45,0.0070,11.99,no
2026-10-05T02:42:59.364233Z,KXGOLD15M-26OCT042245-45,0.0080,11.69,yes
2026-10-05T02:42:59.501347Z,KXGOLD15M-26OCT042245-45,0.0080,572.73,yes
2026-10-05T02:42:59.687134Z,KXGOLD15M-26OCT042245-45,0.0060,4.00,no
2026-10-05T02:42:59.740483Z,KXGOLD15M-26OCT042245-45,0.0060,61.13,no
2026-10-05T02:42:59.793142Z,KXGOLD15M-26OCT042245-45,0.0080,22.91,yes
2026-10-05T02:43:00.087279Z,KXGOLD15M-26OCT042245-45,0.0070,1.17,yes
2026-10-05T02:43:00.825168Z,KXGOLD15M-26OCT042245-45,0.0070,116.25,yes
2026-10-05T02:43:00.95923Z,KXGOLD15M-26OCT042245-45,0.0060,9.69,no
2026-10-05T02:43:01.739416Z,KXGOLD15M-26OCT042245-45,0.0070,1184.16,yes
2026-10-05T02:43:02.223522Z,KXGOLD15M-26OCT042245-45,0.0060,199.00,no
2026-10-05T02:43:02.612768Z,KXGOLD15M-26OCT042245-45,0.0070,644.82,yes
2026-10-05T02:43:02.612768Z,KXGOLD15M-26OCT042245-45,0.0070,9.69,yes
2026-10-05T02:43:02.678456Z,KXGOLD15M-26OCT042245-45,0.0070,130.90,yes
2026-10-05T02:43:03.418032Z,KXGOLD15M-26OCT042245-45,0.0070,12.02,yes
2026-10-05T02:43:03.703083Z,KXGOLD15M-26OCT042245-45,0.0060,1500.00,no
2026-10-05T02:43:03.703083Z,KXGOLD15M-26OCT042245-45,0.0060,188.00,no
2026-10-05T02:43:03.703083Z,KXGOLD15M-26OCT042245-45,0.0060,226.18,no
2026-10-05T02:43:03.703083Z,KXGOLD15M-26OCT042245-45,0.0050,85.82,no
2026-10-05T02:43:03.787002Z,KXGOLD15M-26OCT042245-45,0.0050,5.00,no
2026-10-05T02:43:03.787002Z,KXGOLD15M-26OCT042245-45,0.0050,80.00,no
2026-10-05T02:43:03.787002Z,KXGOLD15M-26OCT042245-45,0.0050,185.00,no
2026-10-05T02:43:03.787002Z,KXGOLD15M-26OCT042245-45,0.0050,105.00,no
2026-10-05T02:43:03.787002Z,KXGOLD15M-26OCT042245-45,0.0050,11.00,no
2026-10-05T02:43:03.787002Z,KXGOLD15M-26OCT042245-45,0.0050,664.18,no
2026-10-05T02:43:03.943572Z,KXGOLD15M-26OCT042245-45,0.0050,200.00,no
2026-10-05T02:43:04.404947Z,KXGOLD15M-26OCT042245-45,0.0050,201.00,no
2026-10-05T02:43:04.669988Z,KXGOLD15M-26OCT042245-45,0.0050,50.00,no
2026-10-05T02:43:04.790478Z,KXGOLD15M-26OCT042245-45,0.0060,64.20,yes
2026-10-05T02:43:04.802646Z,KXGOLD15M-26OCT042245-45,0.0050,9.84,no
2026-10-05T02:43:05.045834Z,KXGOLD15M-26OCT042245-45,0.0070,8.91,yes
2026-10-05T02:43:05.045834Z,KXGOLD15M-26OCT042245-45,0.0060,21.62,yes
2026-10-05T02:43:05.366716Z,KXGOLD15M-26OCT042245-45,0.0050,207.00,no
2026-10-05T02:43:05.4963Z,KXGOLD15M-26OCT042245-45,0.0060,146.94,yes
2026-10-05T02:43:05.579628Z,KXGOLD15M-26OCT042245-45,0.0060,1353.06,yes
2026-10-05T02:43:05.579628Z,KXGOLD15M-26OCT042245-45,0.0070,47.17,yes
2026-10-05T02:43:05.579628Z,KXGOLD15M-26OCT042245-45,0.0070,254.77,yes
2026-10-05T02:43:05.579628Z,KXGOLD15M-26OCT042245-45,0.0070,226.18,yes
2026-10-05T02:43:05.604951Z,KXGOLD15M-26OCT042245-45,0.0070,409.41,yes
2026-10-05T02:43:05.604951Z,KXGOLD15M-26OCT042245-45,0.0070,40.00,yes
2026-10-05T02:43:05.604951Z,KXGOLD15M-26OCT042245-45,0.0070,40.40,yes
2026-10-05T02:43:05.679529Z,KXGOLD15M-26OCT042245-45,0.0060,1.00,no
2026-10-05T02:43:05.95749Z,KXGOLD15M-26OCT042245-45,0.0060,949.82,no
2026-10-05T02:43:06.026206Z,KXGOLD15M-26OCT042245-45,0.0060,234.36,no
2026-10-05T02:43:06.65301Z,KXGOLD15M-26OCT042245-45,0.0060,100.91,no
2026-10-05T02:43:06.724541Z,KXGOLD15M-26OCT042245-45,0.0070,1500.00,yes
2026-10-05T02:43:06.724541Z,KXGOLD15M-26OCT042245-45,0.0070,100.00,yes
2026-10-05T02:43:06.724541Z,KXGOLD15M-26OCT042245-45,0.0070,100.00,yes
2026-10-05T02:43:07.95555Z,KXGOLD15M-26OCT042245-45,0.0050,23.63,no
2026-10-05T02:43:07.95555Z,KXGOLD15M-26OCT042245-45,0.0050,5.00,no
2026-10-05T02:43:07.95555Z,KXGOLD15M-26OCT042245-45,0.0050,185.00,no
2026-10-05T02:43:08.716092Z,KXGOLD15M-26OCT042245-45,0.0050,38.11,no
2026-10-05T02:43:08.781267Z,KXGOLD15M-26OCT042245-45,0.0060,0.98,yes
2026-10-05T02:43:09.00565Z,KXGOLD15M-26OCT042245-45,0.0050,100.00,no
2026-10-05T02:43:09.193805Z,KXGOLD15M-26OCT042245-45,0.0060,155.83,yes
2026-10-05T02:43:09.365709Z,KXGOLD15M-26OCT042245-45,0.0060,233.77,yes
2026-10-05T02:43:09.772853Z,KXGOLD15M-26OCT042245-45,0.0060,763.54,yes
2026-10-05T02:43:10.483137Z,KXGOLD15M-26OCT042245-45,0.0060,1500.00,no
2026-10-05T02:43:10.737177Z,KXGOLD15M-26OCT042245-45,0.0060,133.58,yes
2026-10-05T02:43:10.766914Z,KXGOLD15M-26OCT042245-45,0.0050,5.00,no
2026-10-05T02:43:10.766914Z,KXGOLD15M-26OCT042245-45,0.0050,185.00,no
2026-10-05T02:43:10.776564Z,KXGOLD15M-26OCT042245-45,0.0040,10.00,no
2026-10-05T02:43:10.77868Z,KXGOLD15M-26OCT042245-45,0.0040,300.00,no
2026-10-05T02:43:10.77868Z,KXGOLD15M-26OCT042245-45,0.0040,88.00,no
2026-10-05T02:43:10.77868Z,KXGOLD15M-26OCT042245-45,0.0040,1.00,no
2026-10-05T02:43:10.77868Z,KXGOLD15M-26OCT042245-45,0.0040,1.00,no
2026-10-05T02:43:10.77868Z,KXGOLD15M-26OCT042245-45,0.0040,990.00,no
2026-10-05T02:43:10.77868Z,KXGOLD15M-26OCT042245-45,0.0040,13.00,no
2026-10-05T02:43:10.77868Z,KXGOLD15M-26OCT042245-45,0.0040,1.00,no
2026-10-05T02:43:10.77868Z,KXGOLD15M-26OCT042245-45,0.0040,1.00,no
2026-10-05T02:43:10.77868Z,KXGOLD15M-26OCT042245-45,0.0040,1.00,no
2026-10-05T02:43:10.785099Z,KXGOLD15M-26OCT042245-45,0.0040,105.00,no
2026-10-05T02:43:10.965274Z,KXGOLD15M-26OCT042245-45,0.0040,951.84,yes
2026-10-05T02:43:11.255888Z,KXGOLD15M-26OCT042245-45,0.0040,229.04,yes
2026-10-05T02:43:11.587796Z,KXGOLD15M-26OCT042245-45,0.0030,17.19,no
2026-10-05T02:43:11.621968Z,KXGOLD15M-26OCT042245-45,0.0040,233.72,yes
2026-10-05T02:43:12.091319Z,KXGOLD15M-26OCT042245-45,0.0040,85.40,yes
2026-10-05T02:43:12.091319Z,KXGOLD15M-26OCT042245-45,0.0050,10.00,yes
2026-10-05T02:43:12.091319Z,KXGOLD15M-26OCT042245-45,0.0050,277.58,yes
2026-10-05T02:43:12.091319Z,KXGOLD15M-26OCT042245-45,0.0040,17.19,yes
2026-10-05T02:43:13.062809Z,KXGOLD15M-26OCT042245-45,0.0040,1145.16,yes
2026-10-05T02:43:13.169703Z,KXGOLD15M-26OCT042245-45,0.0040,674.07,yes
2026-10-05T02:43:13.169703Z,KXGOLD15M-26OCT042245-45,0.0040,354.84,yes
2026-10-05T02:43:13.558251Z,KXGOLD15M-26OCT042245-45,0.0040,5.08,yes
2026-10-05T02:43:13.636113Z,KXGOLD15M-26OCT042245-45,0.0040,81.79,yes
2026-10-05T02:43:13.921041Z,KXGOLD15M-26OCT042245-45,0.0040,687.09,yes
2026-10-05T02:43:13.964497Z,KXGOLD15M-26OCT042245-45,0.0040,448.72,yes
2026-10-05T02:43:14.354255Z,KXGOLD15M-26OCT042245-45,0.0030,114.40,no
2026-10-05T02:43:14.487524Z,KXGOLD15M-26OCT042245-45,0.0040,1.02,yes
2026-10-05T02:43:14.567637Z,KXGOLD15M-26OCT042245-45,0.0030,5.01,no
2026-10-05T02:43:15.556379Z,KXGOLD15M-26OCT042245-45,0.0030,144.19,no
2026-10-05T02:43:16.109127Z,KXGOLD15M-26OCT042245-45,0.0040,229.04,yes
2026-10-05T02:43:16.364693Z,KXGOLD15M-26OCT042245-45,0.0040,116.87,yes
2026-10-05T02:43:16.463803Z,KXGOLD15M-26OCT042245-45,0.0040,229.04,yes
2026-10-05T02:43:16.630653Z,KXGOLD15M-26OCT042245-45,0.0030,17.11,no
2026-10-05T02:43:18.236893Z,KXGOLD15M-26OCT042245-45,0.0040,448.72,yes
2026-10-05T02:43:18.321737Z,KXGOLD15M-26OCT042245-45,0.0040,114.53,yes
2026-10-05T02:43:18.384931Z,KXGOLD15M-26OCT042245-45,0.0040,934.82,yes
2026-10-05T02:43:18.60033Z,KXGOLD15M-26OCT042245-45,0.0030,28.50,no
2026-10-05T02:43:18.981978Z,KXGOLD15M-26OCT042245-45,0.0040,1.20,yes
2026-10-05T02:43:19.061662Z,KXGOLD15M-26OCT042245-45,0.0040,133.58,yes
2026-10-05T02:43:19.155626Z,KXGOLD15M-26OCT042245-45,0.0030,5.01,no
2026-10-05T02:43:19.267614Z,KXGOLD15M-26OCT042245-45,0.0040,229.04,yes
2026-10-05T02:43:19.489963Z,KXGOLD15M-26OCT042245-45,0.0030,10.47,no
2026-10-05T02:43:19.571863Z,KXGOLD15M-26OCT042245-45,0.0040,100.00,yes
2026-10-05T02:43:19.98135Z,KXGOLD15M-26OCT042245-45,0.0040,229.04,yes
2026-10-05T02:43:20.057601Z,KXGOLD15M-26OCT042245-45,0.0030,1.00,no
2026-10-05T02:43:20.076603Z,KXGOLD15M-26OCT042245-45,0.0030,2.55,no
2026-10-05T02:43:20.099526Z,KXGOLD15M-26OCT042245-45,0.0030,25.32,no
2026-10-05T02:43:20.123146Z,KXGOLD15M-26OCT042245-45,0.0030,15.00,no
2026-10-05T02:43:20.266629Z,KXGOLD15M-26OCT042245-45,0.0030,43.35,no
2026-10-05T02:43:20.447814Z,KXGOLD15M-26OCT042245-45,0.0030,221.13,no
2026-10-05T02:43:21.207865Z,KXGOLD15M-26OCT042245-45,0.0030,1.00,no
2026-10-05T02:43:21.7224Z,KXGOLD15M-26OCT042245-45,0.0040,229.04,yes
2026-10-05T02:43:21.743525Z,KXGOLD15M-26OCT042245-45,0.0040,6.87,yes
2026-10-05T02:43:21.808585Z,KXGOLD15M-26OCT042245-45,0.0030,122.46,no
2026-10-05T02:43:22.252634Z,KXGOLD15M-26OCT042245-45,0.0040,458.07,yes
2026-10-05T02:43:22.282189Z,KXGOLD15M-26OCT042245-45,0.0030,68.03,no
2026-10-05T02:43:22.83789Z,KXGOLD15M-26OCT042245-45,0.0030,10.06,no
2026-10-05T02:43:22.949436Z,KXGOLD15M-26OCT042245-45,0.0030,100.78,no
2026-10-05T02:43:22.949436Z,KXGOLD15M-26OCT042245-45,0.0030,398.22,no
2026-10-05T02:43:23.286669Z,KXGOLD15M-26OCT042245-45,0.0040,229.04,yes
2026-10-05T02:43:24.102323Z,KXGOLD15M-26OCT042245-45,0.0030,1.00,no
2026-10-05T02:43:24.113264Z,KXGOLD15M-26OCT042245-45,0.0040,116.87,yes
2026-10-05T02:43:25.054366Z,KXGOLD15M-26OCT042245-45,0.0040,320.64,yes
2026-10-05T02:43:25.39393Z,KXGOLD15M-26OCT042245-45,0.0040,229.04,yes
2026-10-05T02:43:25.50421Z,KXGOLD15M-26OCT042245-45,0.0030,44.72,no
2026-10-05T02:43:25.54658Z,KXGOLD15M-26OCT042245-45,0.0030,5.00,no
2026-10-05T02:43:25.54658Z,KXGOLD15M-26OCT042245-45,0.0030,102.97,no
2026-10-05T02:43:25.54658Z,KXGOLD15M-26OCT042245-45,0.0030,123.00,no
2026-10-05T02:43:25.54658Z,KXGOLD15M-26OCT042245-45,0.0030,97.00,no
2026-10-05T02:43:25.54658Z,KXGOLD15M-26OCT042245-45,0.0030,2.00,no
2026-10-05T02:43:25.54658Z,KXGOLD15M-26OCT042245-45,0.0030,2.00,no
2026-10-05T02:43:25.54658Z,KXGOLD15M-26OCT042245-45,0.0030,250.00,no
2026-10-05T02:43:25.54658Z,KXGOLD15M-26OCT042245-45,0.0030,3853.50,no
2026-10-05T02:43:25.54658Z,KXGOLD15M-26OCT042245-45,0.0030,10.00,no
2026-10-05T02:43:25.54658Z,KXGOLD15M-26OCT042245-45,0.0030,2.00,no
2026-10-05T02:43:25.54658Z,KXGOLD15M-26OCT042245-45,0.0030,2.00,no
2026-10-05T02:43:25.54658Z,KXGOLD15M-26OCT042245-45,0.0030,2.00,no
2026-10-05T02:43:25.54658Z,KXGOLD15M-26OCT042245-45,0.0030,18.00,no
2026-10-05T02:43:26.953301Z,KXGOLD15M-26OCT042245-45,0.0030,68.56,no
2026-10-05T02:43:27.458714Z,KXGOLD15M-26OCT042245-45,0.0040,229.04,yes
2026-10-05T02:43:28.270784Z,KXGOLD15M-26OCT042245-45,0.0040,196.97,yes
2026-10-05T02:43:29.064543Z,KXGOLD15M-26OCT042245-45,0.0030,121.53,no
2026-10-05T02:43:29.064543Z,KXGOLD15M-26OCT042245-45,0.0030,78.47,no
2026-10-05T02:43:29.083298Z,KXGOLD15M-26OCT042245-45,0.0030,5.00,no
2026-10-05T02:43:29.083298Z,KXGOLD15M-26OCT042245-45,0.0030,1.47,no
2026-10-05T02:43:29.083298Z,KXGOLD15M-26OCT042245-45,0.0030,171.53,no
2026-10-05T02:43:29.111805Z,KXGOLD15M-26OCT042245-45,0.0030,1.47,no
2026-10-05T02:43:29.111805Z,KXGOLD15M-26OCT042245-45,0.0030,121.53,no
2026-10-05T02:43:29.111805Z,KXGOLD15M-26OCT042245-45,0.0030,78.47,no
2026-10-05T02:43:29.111805Z,KXGOLD15M-26OCT042245-45,0.0020,171.61,no
2026-10-05T02:43:29.12915Z,KXGOLD15M-26OCT042245-45,0.0020,16.00,no
2026-10-05T02:43:29.161811Z,KXGOLD15M-26OCT042245-45,0.0030,630.25,yes
2026-10-05T02:43:29.676105Z,KXGOLD15M-26OCT042245-45,0.0020,143.00,no
2026-10-05T02:43:30.295198Z,KXGOLD15M-26OCT042245-45,0.0030,167.96,yes
2026-10-05T02:43:30.785208Z,KXGOLD15M-26OCT042245-45,0.0020,500.93,no
2026-10-05T02:43:30.837874Z,KXGOLD15M-26OCT042245-45,0.0030,10.09,yes
2026-10-05T02:43:30.946029Z,KXGOLD15M-26OCT042245-45,0.0030,1308.30,yes
2026-10-05T02:43:30.946029Z,KXGOLD15M-26OCT042245-45,0.0030,691.70,yes
2026-10-05T02:43:31.601035Z,KXGOLD15M-26OCT042245-45,0.0020,500.00,no
2026-10-05T02:43:31.7001Z,KXGOLD15M-26OCT042245-45,0.0030,41.13,yes
2026-10-05T02:43:31.7001Z,KXGOLD15M-26OCT042245-45,0.0030,61.78,yes
2026-10-05T02:43:31.7001Z,KXGOLD15M-26OCT042245-45,0.0030,91.14,yes
2026-10-05T02:43:31.7001Z,KXGOLD15M-26OCT042245-45,0.0030,10.29,yes
2026-10-05T02:43:31.7001Z,KXGOLD15M-26OCT042245-45,0.0030,6.85,yes
2026-10-05T02:43:31.7001Z,KXGOLD15M-26OCT042245-45,0.0030,57.37,yes
2026-10-05T02:43:31.7001Z,KXGOLD15M-26OCT042245-45,0.0030,11.70,yes
2026-10-05T02:43:32.382318Z,KXGOLD15M-26OCT042245-45,0.0020,58.55,no
2026-10-05T02:43:32.542876Z,KXGOLD15M-26OCT042245-45,0.0030,37.53,yes
2026-10-05T02:43:32.542876Z,KXGOLD15M-26OCT042245-45,0.0030,1500.00,yes
2026-10-05T02:43:33.2565Z,KXGOLD15M-26OCT042245-45,0.0030,6.85,yes
2026-10-05T02:43:33.2565Z,KXGOLD15M-26OCT042245-45,0.0030,298.50,yes
2026-10-05T02:43:33.320473Z,KXGOLD15M-26OCT042245-45,0.0020,32.96,no
2026-10-05T02:43:33.780437Z,KXGOLD15M-26OCT042245-45,0.0040,31.49,yes
2026-10-05T02:43:33.893297Z,KXGOLD15M-26OCT042245-45,0.0040,60.53,yes
2026-10-05T02:43:34.192798Z,KXGOLD15M-26OCT042245-45,0.0030,161.63,no
2026-10-05T02:43:34.447332Z,KXGOLD15M-26OCT042245-45,0.0030,55.10,no
2026-10-05T02:43:34.733423Z,KXGOLD15M-26OCT042245-45,0.0030,221.80,no
2026-10-05T02:43:34.733423Z,KXGOLD15M-26OCT042245-45,0.0030,1283.27,no
2026-10-05T02:43:34.733423Z,KXGOLD15M-26OCT042245-45,0.0030,5.00,no
2026-10-05T02:43:34.733423Z,KXGOLD15M-26OCT042245-45,0.0030,123.00,no
2026-10-05T02:43:34.733423Z,KXGOLD15M-26OCT042245-45,0.0020,976.95,no
2026-10-05T02:43:34.733423Z,KXGOLD15M-26OCT042245-45,0.0020,358.00,no
2026-10-05T02:43:34.909002Z,KXGOLD15M-26OCT042245-45,0.0040,17.11,yes
2026-10-05T02:43:34.909002Z,KXGOLD15M-26OCT042245-45,0.0040,28.50,yes
2026-10-05T02:43:34.909002Z,KXGOLD15M-26OCT042245-45,0.0040,5.01,yes
2026-10-05T02:43:34.909002Z,KXGOLD15M-26OCT042245-45,0.0040,2.17,yes
2026-10-05T02:43:34.909002Z,KXGOLD15M-26OCT042245-45,0.0040,22.38,yes
2026-10-05T02:43:34.909002Z,KXGOLD15M-26OCT042245-45,0.0040,5.01,yes
2026-10-05T02:43:34.909002Z,KXGOLD15M-26OCT042245-45,0.0040,144.19,yes
2026-10-05T02:43:35.1909Z,KXGOLD15M-26OCT042245-45,0.0030,5.00,no
2026-10-05T02:43:35.1909Z,KXGOLD15M-26OCT042245-45,0.0030,123.00,no
2026-10-05T02:43:35.1909Z,KXGOLD15M-26OCT042245-45,0.0020,173.52,no
2026-10-05T02:43:35.509123Z,KXGOLD15M-26OCT042245-45,0.0020,250.00,no
2026-10-05T02:43:35.935677Z,KXGOLD15M-26OCT042245-45,0.0020,1.00,no
2026-10-05T02:43:36.171999Z,KXGOLD15M-26OCT042245-45,0.0030,12.52,yes
2026-10-05T02:43:36.171999Z,KXGOLD15M-26OCT042245-45,0.0030,7.84,yes
2026-10-05T02:43:36.171999Z,KXGOLD15M-26OCT042245-45,0.0030,1500.00,yes
2026-10-05T02:43:36.171999Z,KXGOLD15M-26OCT042245-45,0.0030,6.44,yes
2026-10-05T02:43:36.247884Z,KXGOLD15M-26OCT042245-45,0.0030,221.80,yes
2026-10-05T02:43:36.247884Z,KXGOLD15M-26OCT042245-45,0.0030,82.15,yes
2026-10-05T02:43:36.247884Z,KXGOLD15M-26OCT042245-45,0.0030,1.40,yes
2026-10-05T02:43:36.393524Z,KXGOLD15M-26OCT042245-45,0.0040,15.00,yes
2026-10-05T02:43:36.393524Z,KXGOLD15M-26OCT042245-45,0.0040,1.00,yes
2026-10-05T02:43:36.393524Z,KXGOLD15M-26OCT042245-45,0.0040,221.13,yes
2026-10-05T02:43:36.393524Z,KXGOLD15M-26OCT042245-45,0.0040,8.30,yes
2026-10-05T02:43:36.393524Z,KXGOLD15M-26OCT042245-45,0.0040,2.55,yes
2026-10-05T02:43:36.393524Z,KXGOLD15M-26OCT042245-45,0.0040,25.32,yes
2026-10-05T02:43:36.393524Z,KXGOLD15M-26OCT042245-45,0.0040,43.35,yes
2026-10-05T02:43:36.393524Z,KXGOLD15M-26OCT042245-45,0.0040,122.46,yes
2026-10-05T02:43:36.393524Z,KXGOLD15M-26OCT042245-45,0.0040,1.00,yes
2026-10-05T02:43:36.393524Z,KXGOLD15M-26OCT042245-45,0.0040,68.03,yes
2026-10-05T02:43:36.393524Z,KXGOLD15M-26OCT042245-45,0.0040,374.49,yes
2026-10-05T02:43:36.393524Z,KXGOLD15M-26OCT042245-45,0.0040,10.06,yes
2026-10-05T02:43:36.393524Z,KXGOLD15M-26OCT042245-45,0.0030,275.85,yes
2026-10-05T02:43:36.704566Z,KXGOLD15M-26OCT042245-45,0.0040,13.10,yes
2026-10-05T02:43:37.470981Z,KXGOLD15M-26OCT042245-45,0.0040,10.63,yes
2026-10-05T02:43:37.470981Z,KXGOLD15M-26OCT042245-45,0.0040,218.41,yes
2026-10-05T02:43:37.669209Z,KXGOLD15M-26OCT042245-45,0.0030,123.00,no
2026-10-05T02:43:37.669209Z,KXGOLD15M-26OCT042245-45,0.0030,5.00,no
2026-10-05T02:43:37.669209Z,KXGOLD15M-26OCT042245-45,0.0030,250.00,no
2026-10-05T02:43:37.669209Z,KXGOLD15M-26OCT042245-45,0.0020,113.36,no
2026-10-05T02:43:37.743074Z,KXGOLD15M-26OCT042245-45,0.0030,233.72,yes
2026-10-05T02:43:37.787827Z,KXGOLD15M-26OCT042245-45,0.0030,233.72,yes
2026-10-05T02:43:37.994598Z,KXGOLD15M-26OCT042245-45,0.0040,31.59,yes
2026-10-05T02:43:37.994598Z,KXGOLD15M-26OCT042245-45,0.0040,11.33,yes
2026-10-05T02:43:37.994598Z,KXGOLD15M-26OCT042245-45,0.0030,190.80,yes
2026-10-05T02:43:38.313483Z,KXGOLD15M-26OCT042245-45,0.0030,305.35,yes
2026-10-05T02:43:38.69409Z,KXGOLD15M-26OCT042245-45,0.0040,70.00,yes
2026-10-05T02:43:38.775248Z,KXGOLD15M-26OCT042245-45,0.0030,6.00,yes
2026-10-05T02:43:39.432392Z,KXGOLD15M-26OCT042245-45,0.0020,30.79,no
2026-10-05T02:43:39.771082Z,KXGOLD15M-26OCT042245-45,0.0020,26.00,no
2026-10-05T02:43:39.771082Z,KXGOLD15M-26OCT042245-45,0.0020,3.00,no
2026-10-05T02:43:39.771082Z,KXGOLD15M-26OCT042245-45,0.0020,3.00,no
2026-10-05T02:43:39.771082Z,KXGOLD15M-26OCT042245-45,0.0020,3.00,no
2026-10-05T02:43:39.771082Z,KXGOLD15M-26OCT042245-45,0.0020,3.00,no
2026-10-05T02:43:39.771082Z,KXGOLD15M-26OCT042245-45,0.0020,500.00,no
2026-10-05T02:43:39.771082Z,KXGOLD15M-26OCT042245-45,0.0020,323.33,no
2026-10-05T02:43:39.771082Z,KXGOLD15M-26OCT042245-45,0.0020,227.72,no
2026-10-05T02:43:39.771082Z,KXGOLD15M-26OCT042245-45,0.0020,5.00,no
2026-10-05T02:43:39.771082Z,KXGOLD15M-26OCT042245-45,0.0020,5.00,no
2026-10-05T02:43:39.771082Z,KXGOLD15M-26OCT042245-45,0.0020,3.00,no
2026-10-05T02:43:39.865284Z,KXGOLD15M-26OCT042245-45,0.0030,305.35,yes
2026-10-05T02:43:40.013103Z,KXGOLD15M-26OCT042245-45,0.0020,0.03,no
2026-10-05T02:43:40.303Z,KXGOLD15M-26OCT042245-45,0.0020,20.41,no
2026-10-05T02:43:40.306444Z,KXGOLD15M-26OCT042245-45,0.0030,12.46,yes
2026-10-05T02:43:40.328095Z,KXGOLD15M-26OCT042245-45,0.0040,100.00,yes
2026-10-05T02:43:40.328095Z,KXGOLD15M-26OCT042245-45,0.0030,113.36,yes
2026-10-05T02:43:40.328095Z,KXGOLD15M-26OCT042245-45,0.0030,1176.19,yes
2026-10-05T02:43:40.328095Z,KXGOLD15M-26OCT042245-45,0.0030,30.79,yes
2026-10-05T02:43:40.328095Z,KXGOLD15M-26OCT042245-45,0.0030,500.00,yes
2026-10-05T02:43:40.328095Z,KXGOLD15M-26OCT042245-45,0.0030,323.33,yes
2026-10-05T02:43:40.328095Z,KXGOLD15M-26OCT042245-45,0.0030,250.00,yes
2026-10-05T02:43:40.328095Z,KXGOLD15M-26OCT042245-45,0.0040,78.47,yes
2026-10-05T02:43:40.328095Z,KXGOLD15M-26OCT042245-45,0.0040,90.20,yes
2026-10-05T02:43:40.328095Z,KXGOLD15M-26OCT042245-45,0.0050,620.05,yes
2026-10-05T02:43:40.328095Z,KXGOLD15M-26OCT042245-45,0.0050,712.42,yes
2026-10-05T02:43:41.126996Z,KXGOLD15M-26OCT042245-45,0.0030,6.00,yes
2026-10-05T02:43:41.126996Z,KXGOLD15M-26OCT042245-45,0.0030,106.98,yes
2026-10-05T02:43:41.378343Z,KXGOLD15M-26OCT042245-45,0.0040,56.74,yes
2026-10-05T02:43:41.598428Z,KXGOLD15M-26OCT042245-45,0.0040,206.13,yes
2026-10-05T02:43:42.093595Z,KXGOLD15M-26OCT042245-45,0.0020,113.81,no
2026-10-05T02:43:42.646925Z,KXGOLD15M-26OCT042245-45,0.0040,229.04,yes
2026-10-05T02:43:42.956502Z,KXGOLD15M-26OCT042245-45,0.0030,6.00,no
2026-10-05T02:43:42.956502Z,KXGOLD15M-26OCT042245-45,0.0030,46.22,no
2026-10-05T02:43:43.300763Z,KXGOLD15M-26OCT042245-45,0.0040,1008.09,yes
2026-10-05T02:43:43.300763Z,KXGOLD15M-26OCT042245-45,0.0040,60.45,yes
2026-10-05T02:43:43.300763Z,KXGOLD15M-26OCT042245-45,0.0040,100.00,yes
2026-10-05T02:43:43.712159Z,KXGOLD15M-26OCT042245-45,0.0040,229.04,yes
2026-10-05T02:43:44.008131Z,KXGOLD15M-26OCT042245-45,0.0040,23.37,yes
2026-10-05T02:43:44.453123Z,KXGOLD15M-26OCT042245-45,0.0030,6.00,no
2026-10-05T02:43:44.879299Z,KXGOLD15M-26OCT042245-45,0.0040,229.04,yes
2026-10-05T02:43:44.894403Z,KXGOLD15M-26OCT042245-45,0.0040,229.04,yes
2026-10-05T02:43:45.262882Z,KXGOLD15M-26OCT042245-45,0.0040,229.04,yes
2026-10-05T02:43:45.356679Z,KXGOLD15M-26OCT042245-45,0.0040,229.04,yes
2026-10-05T02:43:45.680677Z,KXGOLD15M-26OCT042245-45,0.0030,250.00,no
2026-10-05T02:43:45.680677Z,KXGOLD15M-26OCT042245-45,0.0030,46.22,no
2026-10-05T02:43:45.680677Z,KXGOLD15M-26OCT042245-45,0.0030,6.00,no
2026-10-05T02:43:45.680677Z,KXGOLD15M-26OCT042245-45,0.0030,5.00,no
2026-10-05T02:43:45.680677Z,KXGOLD15M-26OCT042245-45,0.0030,70.78,no
2026-10-05T02:43:46.197664Z,KXGOLD15M-26OCT042245-45,0.0020,0.50,no
2026-10-05T02:43:47.484358Z,KXGOLD15M-26OCT042245-45,0.0030,305.35,yes
2026-10-05T02:43:48.132586Z,KXGOLD15M-26OCT042245-45,0.0020,201.73,no
2026-10-05T02:43:48.724868Z,KXGOLD15M-26OCT042245-45,0.0030,305.35,yes
2026-10-05T02:43:48.903051Z,KXGOLD15M-26OCT042245-45,0.0030,598.26,yes
2026-10-05T02:43:49.329225Z,KXGOLD15M-26OCT042245-45,0.0030,291.04,yes
2026-10-05T02:43:49.329225Z,KXGOLD15M-26OCT042245-45,0.0030,86.96,yes
2026-10-05T02:43:49.3393Z,KXGOLD15M-26OCT042245-45,0.0020,25.04,no
2026-10-05T02:43:49.630537Z,KXGOLD15M-26OCT042245-45,0.0020,16.49,no
2026-10-05T02:43:50.272506Z,KXGOLD15M-26OCT042245-45,0.0020,1.00,no
2026-10-05T02:43:50.574936Z,KXGOLD15M-26OCT042245-45,0.0030,213.76,yes
2026-10-05T02:43:50.784629Z,KXGOLD15M-26OCT042245-45,0.0030,155.79,yes
2026-10-05T02:43:51.561048Z,KXGOLD15M-26OCT042245-45,0.0030,6.16,yes
2026-10-05T02:43:51.834558Z,KXGOLD15M-26OCT042245-45,0.0020,39.24,no
2026-10-05T02:43:52.088618Z,KXGOLD15M-26OCT042245-45,0.0020,6.28,no
2026-10-05T02:43:52.162094Z,KXGOLD15M-26OCT042245-45,0.0030,44.25,yes
2026-10-05T02:43:52.162094Z,KXGOLD15M-26OCT042245-45,0.0030,1124.29,yes
2026-10-05T02:43:52.412335Z,KXGOLD15M-26OCT042245-45,0.0030,118.79,yes
2026-10-05T02:43:52.412335Z,KXGOLD15M-26OCT042245-45,0.0030,491.93,yes
2026-10-05T02:43:53.066963Z,KXGOLD15M-26OCT042245-45,0.0040,361.97,yes
2026-10-05T02:43:53.066963Z,KXGOLD15M-26OCT042245-45,0.0030,8.07,yes
2026-10-05T02:43:53.066963Z,KXGOLD15M-26OCT042245-45,0.0050,78.53,yes
2026-10-05T02:43:53.253025Z,KXGOLD15M-26OCT042245-45,0.0030,6.00,yes
2026-10-05T02:43:53.541527Z,KXGOLD15M-26OCT042245-45,0.0020,500.00,no
2026-10-05T02:43:53.541527Z,KXGOLD15M-26OCT042245-45,0.0020,5.00,no
2026-10-05T02:43:53.541527Z,KXGOLD15M-26OCT042245-45,0.0020,150.00,no
2026-10-05T02:43:53.541527Z,KXGOLD15M-26OCT042245-45,0.0020,1.00,no
2026-10-05T02:43:53.541527Z,KXGOLD15M-26OCT042245-45,0.0020,2500.00,no
2026-10-05T02:43:53.541527Z,KXGOLD15M-26OCT042245-45,0.0020,103.00,no
2026-10-05T02:43:53.541527Z,KXGOLD15M-26OCT042245-45,0.0010,13015.00,no
2026-10-05T02:43:53.541527Z,KXGOLD15M-26OCT042245-45,0.0010,403.01,no
2026-10-05T02:43:53.541527Z,KXGOLD15M-26OCT042245-45,0.0020,3347.75,no
2026-10-05T02:43:53.557308Z,KXGOLD15M-26OCT042245-45,0.0010,480.00,no
2026-10-05T02:43:53.557308Z,KXGOLD15M-26OCT042245-45,0.0010,2786.01,no
2026-10-05T02:43:53.557308Z,KXGOLD15M-26OCT042245-45,0.0010,1.00,no
2026-10-05T02:43:53.557308Z,KXGOLD15M-26OCT042245-45,0.0010,1250.00,no
2026-10-05T02:43:53.557308Z,KXGOLD15M-26OCT042245-45,0.0010,4596.99,no
2026-10-05T02:43:53.557308Z,KXGOLD15M-26OCT042245-45,0.0010,1000.00,no
2026-10-05T02:43:53.557308Z,KXGOLD15M-26OCT042245-45,0.0010,1.00,no
2026-10-05T02:43:53.557308Z,KXGOLD15M-26OCT042245-45,0.0010,2500.00,no
2026-10-05T02:43:53.557308Z,KXGOLD15M-26OCT042245-45,0.0010,400.00,no
2026-10-05T02:43:53.568505Z,KXGOLD15M-26OCT042245-45,0.0020,64.41,yes
2026-10-05T02:43:53.568505Z,KXGOLD15M-26OCT042245-45,0.0020,403.01,yes
2026-10-05T02:43:53.590236Z,KXGOLD15M-26OCT042245-45,0.0020,630.33,yes
2026-10-05T02:43:53.653827Z,KXGOLD15M-26OCT042245-45,0.0010,11.99,no
2026-10-05T02:43:54.721326Z,KXGOLD15M-26OCT042245-45,0.0020,458.01,yes
2026-10-05T02:43:55.018635Z,KXGOLD15M-26OCT042245-45,0.0020,224.34,yes
2026-10-05T02:43:55.069816Z,KXGOLD15M-26OCT042245-45,0.0010,1.00,no
2026-10-05T02:43:55.277298Z,KXGOLD15M-26OCT042245-45,0.0020,458.01,yes
2026-10-05T02:43:56.024559Z,KXGOLD15M-26OCT042245-45,0.0020,327.00,yes
2026-10-05T02:43:56.464434Z,KXGOLD15M-26OCT042245-45,0.0020,229.01,yes
2026-10-05T02:43:56.786062Z,KXGOLD15M-26OCT042245-45,0.0020,1000.18,yes
2026-10-05T02:43:56.786062Z,KXGOLD15M-26OCT042245-45,0.0020,2205.88,yes
2026-10-05T02:43:57.858186Z,KXGOLD15M-26OCT042245-45,0.0010,75.75,no
2026-10-05T02:43:57.868968Z,KXGOLD15M-26OCT042245-45,0.0020,448.66,yes
2026-10-05T02:43:58.198009Z,KXGOLD15M-26OCT042245-45,0.0010,1000.93,no
2026-10-05T02:43:58.319842Z,KXGOLD15M-26OCT042245-45,0.0010,200.18,no
2026-10-05T02:43:58.402005Z,KXGOLD15M-26OCT042245-45,0.0020,458.01,yes
2026-10-05T02:43:58.539089Z,KXGOLD15M-26OCT042245-45,0.0010,5.00,no
2026-10-05T02:43:58.739007Z,KXGOLD15M-26OCT042245-45,0.0010,6.00,no
2026-10-05T02:43:59.888797Z,KXGOLD15M-26OCT042245-45,0.0010,100.09,no
2026-10-05T02:44:00.707076Z,KXGOLD15M-26OCT042245-45,0.0010,225.00,no
2026-10-05T02:44:02.450145Z,KXGOLD15M-26OCT042245-45,0.0020,458.01,yes
2026-10-05T02:44:03.165614Z,KXGOLD15M-26OCT042245-45,0.0010,10.00,no
2026-10-05T02:44:04.297329Z,KXGOLD15M-26OCT042245-45,0.0020,780.88,yes
2026-10-05T02:44:04.297329Z,KXGOLD15M-26OCT042245-45,0.0020,135.14,yes
2026-10-05T02:44:04.387742Z,KXGOLD15M-26OCT042245-45,0.0010,1.00,no
2026-10-05T02:44:04.594229Z,KXGOLD15M-26OCT042245-45,0.0010,360.06,no
2026-10-05T02:44:04.757927Z,KXGOLD15M-26OCT042245-45,0.0020,14.26,yes
2026-10-05T02:44:05.298175Z,KXGOLD15M-26OCT042245-45,0.0010,10.00,no
2026-10-05T02:44:05.300089Z,KXGOLD15M-26OCT042245-45,0.0010,10.00,no
2026-10-05T02:44:05.551116Z,KXGOLD15M-26OCT042245-45,0.0020,1835.19,yes
2026-10-05T02:44:05.551116Z,KXGOLD15M-26OCT042245-45,0.0020,454.86,yes
2026-10-05T02:44:06.1415Z,KXGOLD15M-26OCT042245-45,0.0010,1108.94,no
2026-10-05T02:44:06.1415Z,KXGOLD15M-26OCT042245-45,0.0010,287.92,no
2026-10-05T02:44:06.1415Z,KXGOLD15M-26OCT042245-45,0.0010,200.00,no
2026-10-05T02:44:06.1415Z,KXGOLD15M-26OCT042245-45,0.0010,400.00,no
2026-10-05T02:44:06.1415Z,KXGOLD15M-26OCT042245-45,0.0010,5.00,no
2026-10-05T02:44:07.210399Z,KXGOLD15M-26OCT042245-45,0.0010,9.91,no
2026-10-05T02:44:07.210399Z,KXGOLD15M-26OCT042245-45,0.0010,115.09,no
2026-10-05T02:44:07.471504Z,KXGOLD15M-26OCT042245-45,0.0020,458.01,yes
2026-10-05T02:44:07.971274Z,KXGOLD15M-26OCT042245-45,0.0010,70.50,no
2026-10-05T02:44:07.971274Z,KXGOLD15M-26OCT042245-45,0.0010,54.50,no
2026-10-05T02:44:08.007061Z,KXGOLD15M-26OCT042245-45,0.0020,206.80,yes
2026-10-05T02:44:08.007061Z,KXGOLD15M-26OCT042245-45,0.0020,251.21,yes
2026-10-05T02:44:08.395987Z,KXGOLD15M-26OCT042245-45,0.0010,100.09,no
2026-10-05T02:44:08.403332Z,KXGOLD15M-26OCT042245-45,0.0010,73.67,no
2026-10-05T02:44:08.550391Z,KXGOLD15M-26OCT042245-45,0.0020,458.01,yes
2026-10-05T02:44:08.580015Z,KXGOLD15M-26OCT042245-45,0.0010,107.00,no
2026-10-05T02:44:08.580015Z,KXGOLD15M-26OCT042245-45,0.0010,386.07,no
2026-10-05T02:44:08.580015Z,KXGOLD15M-26OCT042245-45,0.0010,48.92,no
2026-10-05T02:44:08.580015Z,KXGOLD15M-26OCT042245-45,0.0010,458.01,no
2026-10-05T02:44:08.729499Z,KXGOLD15M-26OCT042245-45,0.0010,125.00,no
2026-10-05T02:44:09.489571Z,KXGOLD15M-26OCT042245-45,0.0010,74.58,no
2026-10-05T02:44:09.489571Z,KXGOLD15M-26OCT042245-45,0.0010,50.42,no
2026-10-05T02:44:10.228903Z,KXGOLD15M-26OCT042245-45,0.0010,2.00,no
2026-10-05T02:44:10.359051Z,KXGOLD15M-26OCT042245-45,0.0020,54.50,yes
2026-10-05T02:44:10.359051Z,KXGOLD15M-26OCT042245-45,0.0020,49.63,yes
2026-10-05T02:44:10.359051Z,KXGOLD15M-26OCT042245-45,0.0020,9.91,yes
2026-10-05T02:44:10.359051Z,KXGOLD15M-26OCT042245-45,0.0020,115.09,yes
2026-10-05T02:44:10.359051Z,KXGOLD15M-26OCT042245-45,0.0020,287.92,yes
2026-10-05T02:44:10.359051Z,KXGOLD15M-26OCT042245-45,0.0020,1500.00,yes
2026-10-05T02:44:10.359051Z,KXGOLD15M-26OCT042245-45,0.0020,40.00,yes
2026-10-05T02:44:10.359051Z,KXGOLD15M-26OCT042245-45,0.0020,133.00,yes
2026-10-05T02:44:10.359051Z,KXGOLD15M-26OCT042245-45,0.0020,100.00,yes
2026-10-05T02:44:10.879746Z,KXGOLD15M-26OCT042245-45,0.0020,100.00,yes
2026-10-05T02:44:10.879746Z,KXGOLD15M-26OCT042245-45,0.0020,2.00,yes
2026-10-05T02:44:10.879746Z,KXGOLD15M-26OCT042245-45,0.0020,50.42,yes
2026-10-05T02:44:10.879746Z,KXGOLD15M-26OCT042245-45,0.0020,74.58,yes
2026-10-05T02:44:10.879746Z,KXGOLD15M-26OCT042245-45,0.0020,458.01,yes
2026-10-05T02:44:10.879746Z,KXGOLD15M-26OCT042245-45,0.0020,100.09,yes
2026-10-05T02:44:10.879746Z,KXGOLD15M-26OCT042245-45,0.0020,125.00,yes
2026-10-05T02:44:10.879746Z,KXGOLD15M-26OCT042245-45,0.0020,73.67,yes
2026-10-05T02:44:10.879746Z,KXGOLD15M-26OCT042245-45,0.0020,386.07,yes
2026-10-05T02:44:10.879746Z,KXGOLD15M-26OCT042245-45,0.0020,48.92,yes
2026-10-05T02:44:10.879746Z,KXGOLD15M-26OCT042245-45,0.0020,20.87,yes
2026-10-05T02:44:10.879746Z,KXGOLD15M-26OCT042245-45,0.0030,595.13,yes
2026-10-05T02:44:11.535679Z,KXGOLD15M-26OCT042245-45,0.0030,610.72,yes
2026-10-05T02:44:11.728648Z,KXGOLD15M-26OCT042245-45,0.0010,5.00,no
2026-10-05T02:44:11.958127Z,KXGOLD15M-26OCT042245-45,0.0020,5.00,yes
2026-10-05T02:44:11.958127Z,KXGOLD15M-26OCT042245-45,0.0030,5602.36,yes
2026-10-05T02:44:12.236236Z,KXGOLD15M-26OCT042245-45,0.0010,229.01,no
2026-10-05T02:44:12.236236Z,KXGOLD15M-26OCT042245-45,0.0010,327.00,no
2026-10-05T02:44:12.236236Z,KXGOLD15M-26OCT042245-45,0.0010,268.67,no
2026-10-05T02:44:12.236236Z,KXGOLD15M-26OCT042245-45,0.0010,376.43,no
2026-10-05T02:44:13.222606Z,KXGOLD15M-26OCT042245-45,0.0010,17.81,no
2026-10-05T02:44:13.279159Z,KXGOLD15M-26OCT042245-45,0.0010,96.47,no
2026-10-05T02:44:13.56073Z,KXGOLD15M-26OCT042245-45,0.0010,2.05,no
2026-10-05T02:44:13.753191Z,KXGOLD15M-26OCT042245-45,0.0010,0.09,no
2026-10-05T02:44:14.251343Z,KXGOLD15M-26OCT042245-45,0.0020,1.02,yes
2026-10-05T02:44:14.599308Z,KXGOLD15M-26OCT042245-45,0.0020,82.60,yes
2026-10-05T02:44:14.599308Z,KXGOLD15M-26OCT042245-45,0.0020,375.41,yes
2026-10-05T02:44:15.354982Z,KXGOLD15M-26OCT042245-45,0.0020,2.05,yes
2026-10-05T02:44:15.354982Z,KXGOLD15M-26OCT042245-45,0.0020,96.47,yes
2026-10-05T02:44:15.354982Z,KXGOLD15M-26OCT042245-45,0.0020,17.81,yes
2026-10-05T02:44:15.354982Z,KXGOLD15M-26OCT042245-45,0.0020,268.67,yes
2026-10-05T02:44:15.354982Z,KXGOLD15M-26OCT042245-45,0.0020,229.01,yes
2026-10-05T02:44:15.354982Z,KXGOLD15M-26OCT042245-45,0.0020,244.40,yes
2026-10-05T02:44:15.354982Z,KXGOLD15M-26OCT042245-45,0.0030,49.09,yes
2026-10-05T02:44:15.354982Z,KXGOLD15M-26OCT042245-45,0.0030,916.68,yes
2026-10-05T02:44:16.750412Z,KXGOLD15M-26OCT042245-45,0.0030,3053.57,yes
2026-10-05T02:44:16.837879Z,KXGOLD15M-26OCT042245-45,0.0030,37.42,yes
2026-10-05T02:44:16.837879Z,KXGOLD15M-26OCT042245-45,0.0030,897.34,yes
2026-10-05T02:44:17.376044Z,KXGOLD15M-26OCT042245-45,0.0030,3.00,yes
2026-10-05T02:44:17.49929Z,KXGOLD15M-26OCT042245-45,0.0030,3.06,yes
2026-10-05T02:44:18.544279Z,KXGOLD15M-26OCT042245-45,0.0040,14.02,yes
2026-10-05T02:44:18.544279Z,KXGOLD15M-26OCT042245-45,0.0030,0.09,yes
2026-10-05T02:44:19.192672Z,KXGOLD15M-26OCT042245-45,0.0010,70.00,no
2026-10-05T02:44:19.723574Z,KXGOLD15M-26OCT042245-45,0.0040,39.98,yes
2026-10-05T02:44:19.723574Z,KXGOLD15M-26OCT042245-45,0.0050,92.59,yes
2026-10-05T02:44:19.723574Z,KXGOLD15M-26OCT042245-45,0.0050,750.00,yes
2026-10-05T02:44:19.723574Z,KXGOLD15M-26OCT042245-45,0.0050,750.00,yes
2026-10-05T02:44:19.723574Z,KXGOLD15M-26OCT042245-45,0.0050,51.42,yes
2026-10-05T02:44:19.723574Z,KXGOLD15M-26OCT042245-45,0.0030,30.00,yes
2026-10-05T02:44:19.723574Z,KXGOLD15M-26OCT042245-45,0.0020,70.00,yes
2026-10-05T02:44:19.723574Z,KXGOLD15M-26OCT042245-45,0.0030,30.00,yes
2026-10-05T02:44:19.723574Z,KXGOLD15M-26OCT042245-45,0.0030,60.00,yes
2026-10-05T02:44:19.723574Z,KXGOLD15M-26OCT042245-45,0.0040,100.00,yes
2026-10-05T02:44:19.88606Z,KXGOLD15M-26OCT042245-45,0.0010,360.06,no
2026-10-05T02:44:20.075532Z,KXGOLD15M-26OCT042245-45,0.0010,39.40,no
2026-10-05T02:44:20.366131Z,KXGOLD15M-26OCT042245-45,0.0050,503.95,yes
2026-10-05T02:44:20.366131Z,KXGOLD15M-26OCT042245-45,0.0040,360.06,yes
2026-10-05T02:44:20.366131Z,KXGOLD15M-26OCT042245-45,0.0040,100.00,yes
2026-10-05T02:44:20.366131Z,KXGOLD15M-26OCT042245-45,0.0040,37.00,yes
2026-10-05T02:44:20.366131Z,KXGOLD15M-26OCT042245-45,0.0030,39.40,yes
2026-10-05T02:44:20.410988Z,KXGOLD15M-26OCT042245-45,0.0050,150.26,yes
2026-10-05T02:44:20.654351Z,KXGOLD15M-26OCT042245-45,0.0010,24.65,no
2026-10-05T02:44:20.91961Z,KXGOLD15M-26OCT042245-45,0.0010,2.00,no
2026-10-05T02:44:21.093176Z,KXGOLD15M-26OCT042245-45,0.0010,2.00,no
2026-10-05T02:44:21.11452Z,KXGOLD15M-26OCT042245-45,0.0010,20.01,no
2026-10-05T02:44:21.629263Z,KXGOLD15M-26OCT042245-45,0.0050,331.49,yes
2026-10-05T02:44:21.629263Z,KXGOLD15M-26OCT042245-45,0.0050,3.20,yes
2026-10-05T02:44:21.629263Z,KXGOLD15M-26OCT042245-45,0.0040,2.00,yes
2026-10-05T02:44:21.629263Z,KXGOLD15M-26OCT042245-45,0.0040,24.65,yes
2026-10-05T02:44:21.629263Z,KXGOLD15M-26OCT042245-45,0.0040,2.00,yes
2026-10-05T02:44:21.629263Z,KXGOLD15M-26OCT042245-45,0.0040,20.01,yes
2026-10-05T02:44:22.195176Z,KXGOLD15M-26OCT042245-45,0.0010,25.02,no
2026-10-05T02:44:22.331045Z,KXGOLD15M-26OCT042245-45,0.0050,155.61,yes
2026-10-05T02:44:22.331045Z,KXGOLD15M-26OCT042245-45,0.0040,100.00,yes
2026-10-05T02:44:22.331045Z,KXGOLD15M-26OCT042245-45,0.0030,30.00,yes
2026-10-05T02:44:22.331045Z,KXGOLD15M-26OCT042245-45,0.0030,30.00,yes
2026-10-05T02:44:22.331045Z,KXGOLD15M-26OCT042245-45,0.0030,60.00,yes
2026-10-05T02:44:22.331045Z,KXGOLD15M-26OCT042245-45,0.0020,25.02,yes
2026-10-05T02:44:22.331045Z,KXGOLD15M-26OCT042245-45,0.0030,40.00,yes
2026-10-05T02:44:22.480559Z,KXGOLD15M-26OCT042245-45,0.0010,250.00,no
2026-10-05T02:44:23.022583Z,KXGOLD15M-26OCT042245-45,0.0010,296.27,no
2026-10-05T02:44:23.427819Z,KXGOLD15M-26OCT042245-45,0.0040,186.97,yes
2026-10-05T02:44:23.930222Z,KXGOLD15M-26OCT042245-45,0.0040,18.69,yes
2026-10-05T02:44:24.763619Z,KXGOLD15M-26OCT042245-45,0.0040,18.37,yes
2026-10-05T02:44:24.763619Z,KXGOLD15M-26OCT042245-45,0.0030,30.00,yes
2026-10-05T02:44:24.763619Z,KXGOLD15M-26OCT042245-45,0.0030,60.00,yes
2026-10-05T02:44:24.763619Z,KXGOLD15M-26OCT042245-45,0.0030,30.00,yes
2026-10-05T02:44:24.799816Z,KXGOLD15M-26OCT042245-45,0.0040,25.97,yes
2026-10-05T02:44:24.799816Z,KXGOLD15M-26OCT042245-45,0.0040,203.07,yes
2026-10-05T02:44:24.827992Z,KXGOLD15M-26OCT042245-45,0.0010,0.80,no
2026-10-05T02:44:25.978204Z,KXGOLD15M-26OCT042245-45,0.0050,102.83,yes
2026-10-05T02:44:25.978204Z,KXGOLD15M-26OCT042245-45,0.0040,93.20,yes
2026-10-05T02:44:25.978204Z,KXGOLD15M-26OCT042245-45,0.0040,10.00,yes
2026-10-05T02:44:25.978204Z,KXGOLD15M-26OCT042245-45,0.0040,0.80,yes
2026-10-05T02:44:26.173667Z,KXGOLD15M-26OCT042245-45,0.0010,194.40,no
2026-10-05T02:44:26.610013Z,KXGOLD15M-26OCT042245-45,0.0050,29.91,yes
2026-10-05T02:44:26.610013Z,KXGOLD15M-26OCT042245-45,0.0040,194.40,yes
2026-10-05T02:44:27.238225Z,KXGOLD15M-26OCT042245-45,0.0030,30.00,yes
2026-10-05T02:44:27.238225Z,KXGOLD15M-26OCT042245-45,0.0030,30.00,yes
2026-10-05T02:44:27.238225Z,KXGOLD15M-26OCT042245-45,0.0020,200.00,yes
2026-10-05T02:44:27.238225Z,KXGOLD15M-26OCT042245-45,0.0030,60.00,yes
2026-10-05T02:44:27.238225Z,KXGOLD15M-26OCT042245-45,0.0040,6.17,yes
2026-10-05T02:44:27.587006Z,KXGOLD15M-26OCT042245-45,0.0010,1000.00,no
2026-10-05T02:44:27.587006Z,KXGOLD15M-26OCT042245-45,0.0010,458.01,no
2026-10-05T02:44:27.587006Z,KXGOLD15M-26OCT042245-45,0.0010,1.02,no
2026-10-05T02:44:27.587006Z,KXGOLD15M-26OCT042245-45,0.0010,81.00,no
2026-10-05T02:44:27.587006Z,KXGOLD15M-26OCT042245-45,0.0010,100.00,no
2026-10-05T02:44:27.587006Z,KXGOLD15M-26OCT042245-45,0.0010,5.00,no
2026-10-05T02:44:27.587006Z,KXGOLD15M-26OCT042245-45,0.0010,73.67,no
2026-10-05T02:44:27.587006Z,KXGOLD15M-26OCT042245-45,0.0010,74.58,no
2026-10-05T02:44:27.587006Z,KXGOLD15M-26OCT042245-45,0.0010,287.92,no
2026-10-05T02:44:27.587006Z,KXGOLD15M-26OCT042245-45,0.0010,49.63,no
2026-10-05T02:44:27.587006Z,KXGOLD15M-26OCT042245-45,0.0010,100.09,no
2026-10-05T02:44:27.587006Z,KXGOLD15M-26OCT042245-45,0.0010,2.00,no
2026-10-05T02:44:27.587006Z,KXGOLD15M-26OCT042245-45,0.0010,9.91,no
2026-10-05T02:44:27.587006Z,KXGOLD15M-26OCT042245-45,0.0010,50.42,no
2026-10-05T02:44:27.587006Z,KXGOLD15M-26OCT042245-45,0.0010,386.07,no
2026-10-05T02:44:27.587006Z,KXGOLD15M-26OCT042245-45,0.0010,125.00,no
2026-10-05T02:44:27.587006Z,KXGOLD15M-26OCT042245-45,0.0010,458.01,no
2026-10-05T02:44:27.587006Z,KXGOLD15M-26OCT042245-45,0.0010,54.50,no
2026-10-05T02:44:27.587006Z,KXGOLD15M-26OCT042245-45,0.0010,20.87,no
2026-10-05T02:44:27.587006Z,KXGOLD15M-26OCT042245-45,0.0010,48.92,no
2026-10-05T02:44:27.587006Z,KXGOLD15M-26OCT042245-45,0.0010,115.09,no
2026-10-05T02:44:27.587006Z,KXGOLD15M-26OCT042245-45,0.0010,5.00,no
2026-10-05T02:44:27.587006Z,KXGOLD15M-26OCT042245-45,0.0010,200.00,no
2026-10-05T02:44:27.587006Z,KXGOLD15M-26OCT042245-45,0.0010,536.18,no
2026-10-05T02:44:27.799679Z,KXGOLD15M-26OCT042245-45,0.0040,186.97,yes
2026-10-05T02:44:28.091252Z,KXGOLD15M-26OCT042245-45,0.0040,2.39,yes
2026-10-05T02:44:28.714074Z,KXGOLD15M-26OCT042245-45,0.0040,30.29,yes
2026-10-05T02:44:28.714074Z,KXGOLD15M-26OCT042245-45,0.0040,100.00,yes
2026-10-05T02:44:28.714074Z,KXGOLD15M-26OCT042245-45,0.0040,287.92,yes
2026-10-05T02:44:28.714074Z,KXGOLD15M-26OCT042245-45,0.0040,49.63,yes
2026-10-05T02:44:28.714074Z,KXGOLD15M-26OCT042245-45,0.0040,54.50,yes
2026-10-05T02:44:28.714074Z,KXGOLD15M-26OCT042245-45,0.0040,115.09,yes
2026-10-05T02:44:28.714074Z,KXGOLD15M-26OCT042245-45,0.0040,346.82,yes
2026-10-05T02:44:28.714074Z,KXGOLD15M-26OCT042245-45,0.0040,9.91,yes
2026-10-05T02:44:28.714074Z,KXGOLD15M-26OCT042245-45,0.0040,51.00,yes
2026-10-05T02:44:28.714074Z,KXGOLD15M-26OCT042245-45,0.0040,100.00,yes
2026-10-05T02:44:28.864982Z,KXGOLD15M-26OCT042245-45,0.0010,4.73,no
2026-10-05T02:44:29.42537Z,KXGOLD15M-26OCT042245-45,0.0010,124.12,no
2026-10-05T02:44:29.953409Z,KXGOLD15M-26OCT042245-45,0.0040,31.59,yes
2026-10-05T02:44:29.953409Z,KXGOLD15M-26OCT042245-45,0.0030,100.00,yes
2026-10-05T02:44:29.953409Z,KXGOLD15M-26OCT042245-45,0.0020,60.00,yes
2026-10-05T02:44:29.953409Z,KXGOLD15M-26OCT042245-45,0.0030,60.00,yes
2026-10-05T02:44:29.953409Z,KXGOLD15M-26OCT042245-45,0.0030,30.00,yes
2026-10-05T02:44:29.953409Z,KXGOLD15M-26OCT042245-45,0.0030,30.00,yes
2026-10-05T02:44:30.443378Z,KXGOLD15M-26OCT042245-45,0.0010,25.03,no
2026-10-05T02:44:30.600833Z,KXGOLD15M-26OCT042245-45,0.0010,20.01,no
2026-10-05T02:44:30.651319Z,KXGOLD15M-26OCT042245-45,0.0010,4.73,no
2026-10-05T02:44:30.651319Z,KXGOLD15M-26OCT042245-45,0.0010,26.11,no
2026-10-05T02:44:30.651319Z,KXGOLD15M-26OCT042245-45,0.0010,84.00,no
2026-10-05T02:44:30.651319Z,KXGOLD15M-26OCT042245-45,0.0010,5.00,no
2026-10-05T02:44:30.651319Z,KXGOLD15M-26OCT042245-45,0.0010,20.01,no
2026-10-05T02:44:30.651319Z,KXGOLD15M-26OCT042245-45,0.0010,25.03,no
2026-10-05T02:44:30.651319Z,KXGOLD15M-26OCT042245-45,0.0010,124.12,no
2026-10-05T02:44:31.585724Z,KXGOLD15M-26OCT042245-45,0.0040,0.50,yes
2026-10-05T02:44:32.489995Z,KXGOLD15M-26OCT042245-45,0.0040,2.62,yes
2026-10-05T02:44:32.489995Z,KXGOLD15M-26OCT042245-45,0.0040,455.45,yes
2026-10-05T02:44:32.622446Z,KXGOLD15M-26OCT042245-45,0.0040,23.37,yes
2026-10-05T02:44:33.260299Z,KXGOLD15M-26OCT042245-45,0.0040,86.47,yes
2026-10-05T02:44:34.015485Z,KXGOLD15M-26OCT042245-45,0.0030,5.51,yes
2026-10-05T02:44:34.577425Z,KXGOLD15M-26OCT042245-45,0.0010,26.54,yes
2026-10-05T02:44:35.109965Z,KXGOLD15M-26OCT042245-45,0.0010,915.99,yes
2026-10-05T02:44:35.641516Z,KXGOLD15M-26OCT042245-45,0.0010,0.80,yes
2026-10-05T02:44:35.660475Z,KXGOLD15M-26OCT042245-45,0.0010,5.51,yes
2026-10-05T02:44:36.619647Z,KXGOLD15M-26OCT042245-45,0.0010,692.48,yes
2026-10-05T02:44:37.041971Z,KXGOLD15M-26OCT042245-45,0.0010,580.68,yes
2026-10-05T02:44:37.041971Z,KXGOLD15M-26OCT042245-45,0.0020,51.44,yes
2026-10-05T02:44:37.041971Z,KXGOLD15M-26OCT042245-45,0.0010,250.00,yes
2026-10-05T02:44:38.343345Z,KXGOLD15M-26OCT042245-45,0.0030,305.35,yes
2026-10-05T02:44:38.698435Z,KXGOLD15M-26OCT042245-45,0.0030,934.76,yes
2026-10-05T02:44:40.548801Z,KXGOLD15M-26OCT042245-45,0.0010,1107.91,yes
2026-10-05T02:44:41.697075Z,KXGOLD15M-26OCT042245-45,0.0010,1831.90,yes
2026-10-05T02:44:43.012021Z,KXGOLD15M-26OCT042245-45,0.0010,40.00,yes
2026-10-05T02:44:43.012021Z,KXGOLD15M-26OCT042245-45,0.0010,250.00,yes
2026-10-05T02:44:43.012021Z,KXGOLD15M-26OCT042245-45,0.0010,7548.36,yes
2026-10-05T02:44:43.012021Z,KXGOLD15M-26OCT042245-45,0.0010,405.19,yes
2026-10-05T02:44:44.591929Z,KXGOLD15M-26OCT042245-45,0.0010,405.85,yes
2026-10-05T02:44:45.218775Z,KXGOLD15M-26OCT042245-45,0.0010,13739.29,yes
2026-10-05T02:44:48.473182Z,KXGOLD15M-26OCT042245-45,0.0010,183.25,yes
2026-10-05T02:44:49.007526Z,KXGOLD15M-26OCT042245-45,0.0010,915.99,yes
2026-10-05T02:44:49.264704Z,KXGOLD15M-26OCT042245-45,0.0010,5.01,yes
2026-10-05T02:44:49.367096Z,KXGOLD15M-26OCT042245-45,0.0010,458.04,yes
2026-10-05T02:44:50.437547Z,KXGOLD15M-26OCT042245-45,0.0010,91.62,yes
2026-10-05T02:44:50.901564Z,KXGOLD15M-26OCT042245-45,0.0010,100.00,yes
2026-10-05T02:44:51.206897Z,KXGOLD15M-26OCT042245-45,0.0010,196.47,yes
2026-10-05T02:44:51.206897Z,KXGOLD15M-26OCT042245-45,0.0010,53.71,yes
2026-10-05T02:44:51.206897Z,KXGOLD15M-26OCT042245-45,0.0010,4329.59,yes
2026-10-05T02:44:51.425647Z,KXGOLD15M-26OCT042245-45,0.0010,285.26,yes
2026-10-05T02:44:54.804408Z,KXGOLD15M-26OCT042245-45,0.0010,170.31,yes
2026-10-05T02:44:56.03014Z,KXGOLD15M-26OCT042245-45,0.0010,375.57,yes
2026-10-05T02:44:58.403658Z,KXGOLD15M-26OCT042245-45,0.0010,1.00,yes
2026-10-05T02:44:58.496917Z,KXGOLD15M-26OCT042245-45,0.0010,915.99,yes
2026-10-05T02:42:12.874876Z,KXBNB15M-26OCT042245-45,0.1800,6.00,yes
2026-10-05T02:42:14.057993Z,KXBNB15M-26OCT042245-45,0.1800,3.08,yes
2026-10-05T02:42:14.977468Z,KXBNB15M-26OCT042245-45,0.1800,1.00,yes
2026-10-05T02:42:14.977468Z,KXBNB15M-26OCT042245-45,0.2000,3.11,yes
2026-10-05T02:42:14.977468Z,KXBNB15M-26OCT042245-45,0.1900,1.00,yes
2026-10-05T02:42:14.977468Z,KXBNB15M-26OCT042245-45,0.2000,1.00,yes
2026-10-05T02:42:14.977468Z,KXBNB15M-26OCT042245-45,0.1800,2.92,yes
2026-10-05T02:42:16.206154Z,KXBNB15M-26OCT042245-45,0.1800,1.00,yes
2026-10-05T02:42:16.55053Z,KXBNB15M-26OCT042245-45,0.1900,1.00,yes
2026-10-05T02:42:16.55053Z,KXBNB15M-26OCT042245-45,0.1800,5.00,yes
2026-10-05T02:42:16.55053Z,KXBNB15M-26OCT042245-45,0.2000,35.91,yes
2026-10-05T02:42:16.55053Z,KXBNB15M-26OCT042245-45,0.2000,5.89,yes
2026-10-05T02:42:16.746559Z,KXBNB15M-26OCT042245-45,0.1900,1.00,yes
2026-10-05T02:42:16.746559Z,KXBNB15M-26OCT042245-45,0.1900,6.00,yes
2026-10-05T02:42:16.746559Z,KXBNB15M-26OCT042245-45,0.2000,7.46,yes
2026-10-05T02:42:17.968844Z,KXBNB15M-26OCT042245-45,0.1500,1.00,no
2026-10-05T02:42:17.968844Z,KXBNB15M-26OCT042245-45,0.1500,32.00,no
2026-10-05T02:42:17.968844Z,KXBNB15M-26OCT042245-45,0.1600,29.00,no
2026-10-05T02:42:17.968844Z,KXBNB15M-26OCT042245-45,0.1500,6.00,no
2026-10-05T02:42:17.968844Z,KXBNB15M-26OCT042245-45,0.1500,26.00,no
2026-10-05T02:42:17.968844Z,KXBNB15M-26OCT042245-45,0.1600,5.00,no
2026-10-05T02:42:17.968844Z,KXBNB15M-26OCT042245-45,0.1500,1.00,no
2026-10-05T02:42:18.139406Z,KXBNB15M-26OCT042245-45,0.1800,6.00,yes
2026-10-05T02:42:18.139406Z,KXBNB15M-26OCT042245-45,0.1800,24.00,yes
2026-10-05T02:42:18.139406Z,KXBNB15M-26OCT042245-45,0.1700,6.00,yes
2026-10-05T02:42:18.700277Z,KXBNB15M-26OCT042245-45,0.1600,5.00,no
2026-10-05T02:42:18.700277Z,KXBNB15M-26OCT042245-45,0.1600,29.00,no
2026-10-05T02:42:18.700277Z,KXBNB15M-26OCT042245-45,0.1600,6.00,no
2026-10-05T02:42:18.700277Z,KXBNB15M-26OCT042245-45,0.1500,0.02,no
2026-10-05T02:42:20.056946Z,KXBNB15M-26OCT042245-45,0.1600,5.00,no
2026-10-05T02:42:20.806149Z,KXBNB15M-26OCT042245-45,0.1600,1.00,yes
2026-10-05T02:42:20.807747Z,KXBNB15M-26OCT042245-45,0.1600,84.00,yes
2026-10-05T02:42:20.814409Z,KXBNB15M-26OCT042245-45,0.1900,24.00,yes
2026-10-05T02:42:20.84464Z,KXBNB15M-26OCT042245-45,0.2200,1.00,yes
2026-10-05T02:42:20.908761Z,KXBNB15M-26OCT042245-45,0.2100,5.00,no
2026-10-05T02:42:20.908761Z,KXBNB15M-26OCT042245-45,0.2000,4.31,no
2026-10-05T02:42:21.306458Z,KXBNB15M-26OCT042245-45,0.2100,1.23,no
2026-10-05T02:42:21.871944Z,KXBNB15M-26OCT042245-45,0.2000,2.45,no
2026-10-05T02:42:21.871944Z,KXBNB15M-26OCT042245-45,0.2100,5.00,no
2026-10-05T02:42:22.673895Z,KXBNB15M-26OCT042245-45,0.2100,5.00,no
2026-10-05T02:42:22.673895Z,KXBNB15M-26OCT042245-45,0.2000,25.00,no
2026-10-05T02:42:22.673895Z,KXBNB15M-26OCT042245-45,0.1900,84.89,no
2026-10-05T02:42:22.673895Z,KXBNB15M-26OCT042245-45,0.1900,6.00,no
2026-10-05T02:42:22.689485Z,KXBNB15M-26OCT042245-45,0.2200,6.00,yes
2026-10-05T02:42:22.956519Z,KXBNB15M-26OCT042245-45,0.2400,6.99,yes
2026-10-05T02:42:22.956519Z,KXBNB15M-26OCT042245-45,0.2300,1.00,yes
2026-10-05T02:42:22.956519Z,KXBNB15M-26OCT042245-45,0.2300,15.00,yes
2026-10-05T02:42:22.956519Z,KXBNB15M-26OCT042245-45,0.2300,9.00,yes
2026-10-05T02:42:22.956519Z,KXBNB15M-26OCT042245-45,0.2300,0.01,yes
2026-10-05T02:42:22.956519Z,KXBNB15M-26OCT042245-45,0.2300,6.00,yes
2026-10-05T02:42:22.991472Z,KXBNB15M-26OCT042245-45,0.2400,18.01,yes
2026-10-05T02:42:22.991472Z,KXBNB15M-26OCT042245-45,0.2400,30.00,yes
2026-10-05T02:42:22.991472Z,KXBNB15M-26OCT042245-45,0.2400,1.99,yes
2026-10-05T02:42:23.856977Z,KXBNB15M-26OCT042245-45,0.2400,6.00,yes
2026-10-05T02:42:23.856977Z,KXBNB15M-26OCT042245-45,0.2400,1.91,yes
2026-10-05T02:42:24.369428Z,KXBNB15M-26OCT042245-45,0.2400,3.00,yes
2026-10-05T02:42:24.369428Z,KXBNB15M-26OCT042245-45,0.2400,15.09,yes
2026-10-05T02:42:24.369428Z,KXBNB15M-26OCT042245-45,0.2400,0.91,yes
2026-10-05T02:42:24.878346Z,KXBNB15M-26OCT042245-45,0.2400,7.91,yes
2026-10-05T02:42:24.945988Z,KXBNB15M-26OCT042245-45,0.2200,6.00,yes
2026-10-05T02:42:25.619934Z,KXBNB15M-26OCT042245-45,0.2200,5.26,yes
2026-10-05T02:42:25.619934Z,KXBNB15M-26OCT042245-45,0.2200,6.00,yes
2026-10-05T02:42:25.619934Z,KXBNB15M-26OCT042245-45,0.2300,40.74,yes
2026-10-05T02:42:25.619934Z,KXBNB15M-26OCT042245-45,0.2200,140.00,yes
2026-10-05T02:42:26.739877Z,KXBNB15M-26OCT042245-45,0.2100,8.25,yes
2026-10-05T02:42:27.443422Z,KXBNB15M-26OCT042245-45,0.1900,0.40,no
2026-10-05T02:42:27.927678Z,KXBNB15M-26OCT042245-45,0.2100,140.00,yes
2026-10-05T02:42:27.927678Z,KXBNB15M-26OCT042245-45,0.2100,19.00,yes
2026-10-05T02:42:27.927678Z,KXBNB15M-26OCT042245-45,0.2100,51.75,yes
2026-10-05T02:42:28.642249Z,KXBNB15M-26OCT042245-45,0.1800,5.00,no
2026-10-05T02:42:28.955932Z,KXBNB15M-26OCT042245-45,0.1800,1.00,yes
2026-10-05T02:42:29.909487Z,KXBNB15M-26OCT042245-45,0.0990,1.00,no
2026-10-05T02:42:29.909487Z,KXBNB15M-26OCT042245-45,0.0940,3.47,no
2026-10-05T02:42:29.909487Z,KXBNB15M-26OCT042245-45,0.1000,1.00,no
2026-10-05T02:42:30.210786Z,KXBNB15M-26OCT042245-45,0.1300,6.00,yes
2026-10-05T02:42:30.210786Z,KXBNB15M-26OCT042245-45,0.1300,0.29,yes
2026-10-05T02:42:30.879788Z,KXBNB15M-26OCT042245-45,0.0880,1.00,no
2026-10-05T02:42:30.879788Z,KXBNB15M-26OCT042245-45,0.0850,1.00,no
2026-10-05T02:42:30.879788Z,KXBNB15M-26OCT042245-45,0.0810,1.00,no
2026-10-05T02:42:30.879788Z,KXBNB15M-26OCT042245-45,0.0810,19.80,no
2026-10-05T02:42:30.879788Z,KXBNB15M-26OCT042245-45,0.0820,10.00,no
2026-10-05T02:42:30.879788Z,KXBNB15M-26OCT042245-45,0.0990,6.00,no
2026-10-05T02:42:30.879788Z,KXBNB15M-26OCT042245-45,0.1000,6.00,no
2026-10-05T02:42:30.879788Z,KXBNB15M-26OCT042245-45,0.0990,1.00,no
2026-10-05T02:42:30.879788Z,KXBNB15M-26OCT042245-45,0.0820,17.00,no
2026-10-05T02:42:30.879788Z,KXBNB15M-26OCT042245-45,0.1100,1.00,no
2026-10-05T02:42:31.005519Z,KXBNB15M-26OCT042245-45,0.1300,5.00,yes
2026-10-05T02:42:33.014241Z,KXBNB15M-26OCT042245-45,0.0700,1.00,no
2026-10-05T02:42:33.014241Z,KXBNB15M-26OCT042245-45,0.1000,6.00,no
2026-10-05T02:42:33.014241Z,KXBNB15M-26OCT042245-45,0.0990,6.00,no
2026-10-05T02:42:33.014241Z,KXBNB15M-26OCT042245-45,0.0750,1.00,no
2026-10-05T02:42:33.014241Z,KXBNB15M-26OCT042245-45,0.0900,1.00,no
2026-10-05T02:42:33.014241Z,KXBNB15M-26OCT042245-45,0.0740,1.00,no
2026-10-05T02:42:33.014241Z,KXBNB15M-26OCT042245-45,0.0700,1.00,no
2026-10-05T02:42:34.304415Z,KXBNB15M-26OCT042245-45,0.1200,6.00,yes
2026-10-05T02:42:34.304415Z,KXBNB15M-26OCT042245-45,0.1300,8.91,yes
2026-10-05T02:42:35.394755Z,KXBNB15M-26OCT042245-45,0.1200,1.00,yes
2026-10-05T02:42:35.394755Z,KXBNB15M-26OCT042245-45,0.1200,19.00,yes
2026-10-05T02:42:35.394755Z,KXBNB15M-26OCT042245-45,0.1200,6.00,yes
2026-10-05T02:42:36.231563Z,KXBNB15M-26OCT042245-45,0.1000,6.00,no
2026-10-05T02:42:36.231563Z,KXBNB15M-26OCT042245-45,0.1000,1.00,no
2026-10-05T02:42:36.348183Z,KXBNB15M-26OCT042245-45,0.1000,1.00,no
2026-10-05T02:42:36.791382Z,KXBNB15M-26OCT042245-45,0.0950,1.00,yes
2026-10-05T02:42:36.791382Z,KXBNB15M-26OCT042245-45,0.0940,12.00,yes
2026-10-05T02:42:36.791382Z,KXBNB15M-26OCT042245-45,0.0970,5.00,yes
2026-10-05T02:42:36.791382Z,KXBNB15M-26OCT042245-45,0.1100,21.60,yes
2026-10-05T02:42:36.791382Z,KXBNB15M-26OCT042245-45,0.0930,1.00,yes
2026-10-05T02:42:37.108921Z,KXBNB15M-26OCT042245-45,0.0680,1.00,no
2026-10-05T02:42:37.108921Z,KXBNB15M-26OCT042245-45,0.0640,1.00,no
2026-10-05T02:42:37.108921Z,KXBNB15M-26OCT042245-45,0.0600,1.00,no
2026-10-05T02:42:37.355903Z,KXBNB15M-26OCT042245-45,0.0760,2.00,no
2026-10-05T02:42:37.355903Z,KXBNB15M-26OCT042245-45,0.0770,2.00,no
2026-10-05T02:42:37.8929Z,KXBNB15M-26OCT042245-45,0.0700,4.00,yes
2026-10-05T02:42:37.8929Z,KXBNB15M-26OCT042245-45,0.0700,1.00,yes
2026-10-05T02:42:37.901341Z,KXBNB15M-26OCT042245-45,0.0940,1.00,yes
2026-10-05T02:42:37.901341Z,KXBNB15M-26OCT042245-45,0.0890,1.00,yes
2026-10-05T02:42:37.901341Z,KXBNB15M-26OCT042245-45,0.0990,1.00,yes
2026-10-05T02:42:37.901341Z,KXBNB15M-26OCT042245-45,0.1100,6.00,yes
2026-10-05T02:42:37.901341Z,KXBNB15M-26OCT042245-45,0.0800,5.00,yes
2026-10-05T02:42:37.901341Z,KXBNB15M-26OCT042245-45,0.0700,6.00,yes
2026-10-05T02:42:37.901341Z,KXBNB15M-26OCT042245-45,0.0910,1.00,yes
2026-10-05T02:42:37.901341Z,KXBNB15M-26OCT042245-45,0.0910,2.00,yes
2026-10-05T02:42:37.901341Z,KXBNB15M-26OCT042245-45,0.0900,2.00,yes
2026-10-05T02:42:37.964288Z,KXBNB15M-26OCT042245-45,0.0550,1.00,no
2026-10-05T02:42:37.964288Z,KXBNB15M-26OCT042245-45,0.0510,2.38,no
2026-10-05T02:42:37.964288Z,KXBNB15M-26OCT042245-45,0.0710,2.00,no
2026-10-05T02:42:37.964288Z,KXBNB15M-26OCT042245-45,0.0600,1.00,no
2026-10-05T02:42:37.964288Z,KXBNB15M-26OCT042245-45,0.0700,2.00,no
2026-10-05T02:42:37.964288Z,KXBNB15M-26OCT042245-45,0.0570,1.00,no
2026-10-05T02:42:37.964288Z,KXBNB15M-26OCT042245-45,0.0540,1.00,no
2026-10-05T02:42:38.323408Z,KXBNB15M-26OCT042245-45,0.0710,1.00,no
2026-10-05T02:42:39.058999Z,KXBNB15M-26OCT042245-45,0.0670,1.00,no
2026-10-05T02:42:39.373881Z,KXBNB15M-26OCT042245-45,0.0600,1.00,no
2026-10-05T02:42:39.373881Z,KXBNB15M-26OCT042245-45,0.0510,9.49,no
2026-10-05T02:42:39.515334Z,KXBNB15M-26OCT042245-45,0.0500,1.00,no
2026-10-05T02:42:39.515334Z,KXBNB15M-26OCT042245-45,0.0500,6.00,no
2026-10-05T02:42:39.515334Z,KXBNB15M-26OCT042245-45,0.0500,1.00,no
2026-10-05T02:42:39.515334Z,KXBNB15M-26OCT042245-45,0.0500,3.00,no
2026-10-05T02:42:39.545229Z,KXBNB15M-26OCT042245-45,0.0500,1.00,no
2026-10-05T02:42:39.545229Z,KXBNB15M-26OCT042245-45,0.0440,1.00,no
2026-10-05T02:42:40.257065Z,KXBNB15M-26OCT042245-45,0.0440,1.00,no
2026-10-05T02:42:40.328668Z,KXBNB15M-26OCT042245-45,0.0460,2.00,yes
2026-10-05T02:42:40.328668Z,KXBNB15M-26OCT042245-45,0.0450,1.00,yes
2026-10-05T02:42:40.328668Z,KXBNB15M-26OCT042245-45,0.0450,2.00,yes
2026-10-05T02:42:40.361575Z,KXBNB15M-26OCT042245-45,0.0370,2.00,no
2026-10-05T02:42:40.361575Z,KXBNB15M-26OCT042245-45,0.0440,1.00,no
2026-10-05T02:42:40.361575Z,KXBNB15M-26OCT042245-45,0.0310,23.00,no
2026-10-05T02:42:40.361575Z,KXBNB15M-26OCT042245-45,0.0230,10.00,no
2026-10-05T02:42:40.361575Z,KXBNB15M-26OCT042245-45,0.0380,2.00,no
2026-10-05T02:42:40.361575Z,KXBNB15M-26OCT042245-45,0.0220,2.00,no
2026-10-05T02:42:40.361575Z,KXBNB15M-26OCT042245-45,0.0250,2.00,no
2026-10-05T02:42:40.361575Z,KXBNB15M-26OCT042245-45,0.0240,8.00,no
2026-10-05T02:42:40.361575Z,KXBNB15M-26OCT042245-45,0.0340,4.00,no
2026-10-05T02:42:40.361575Z,KXBNB15M-26OCT042245-45,0.0300,12.00,no
2026-10-05T02:42:40.361575Z,KXBNB15M-26OCT042245-45,0.0300,6.66,no
2026-10-05T02:42:40.361575Z,KXBNB15M-26OCT042245-45,0.0300,12.00,no
2026-10-05T02:42:40.361575Z,KXBNB15M-26OCT042245-45,0.0300,1.00,no
2026-10-05T02:42:40.361575Z,KXBNB15M-26OCT042245-45,0.0400,1.00,no
2026-10-05T02:42:40.361575Z,KXBNB15M-26OCT042245-45,0.0210,1.00,no
2026-10-05T02:42:40.361575Z,KXBNB15M-26OCT042245-45,0.0310,1.00,no
2026-10-05T02:42:40.361575Z,KXBNB15M-26OCT042245-45,0.0300,33.00,no
2026-10-05T02:42:40.361575Z,KXBNB15M-26OCT042245-45,0.0200,17.34,no
2026-10-05T02:42:40.361575Z,KXBNB15M-26OCT042245-45,0.0210,6.00,no
2026-10-05T02:42:40.361575Z,KXBNB15M-26OCT042245-45,0.0200,11.00,no
2026-10-05T02:42:40.433491Z,KXBNB15M-26OCT042245-45,0.0260,6.00,no
2026-10-05T02:42:40.433491Z,KXBNB15M-26OCT042245-45,0.0360,2.00,no
2026-10-05T02:42:40.433491Z,KXBNB15M-26OCT042245-45,0.0350,2.00,no
2026-10-05T02:42:40.523608Z,KXBNB15M-26OCT042245-45,0.0360,1.00,no
2026-10-05T02:42:40.523608Z,KXBNB15M-26OCT042245-45,0.0330,2.00,no
2026-10-05T02:42:40.523608Z,KXBNB15M-26OCT042245-45,0.0320,2.00,no
2026-10-05T02:42:40.540971Z,KXBNB15M-26OCT042245-45,0.0300,2.00,no
2026-10-05T02:42:40.585919Z,KXBNB15M-26OCT042245-45,0.0280,2.00,no
2026-10-05T02:42:40.585919Z,KXBNB15M-26OCT042245-45,0.0290,2.00,no
2026-10-05T02:42:40.585919Z,KXBNB15M-26OCT042245-45,0.0250,6.00,no
2026-10-05T02:42:40.649745Z,KXBNB15M-26OCT042245-45,0.0300,3.00,yes
2026-10-05T02:42:40.649745Z,KXBNB15M-26OCT042245-45,0.0590,21.00,yes
2026-10-05T02:42:40.649745Z,KXBNB15M-26OCT042245-45,0.0690,11.00,yes
2026-10-05T02:42:40.649745Z,KXBNB15M-26OCT042245-45,0.0400,5.00,yes
2026-10-05T02:42:40.649745Z,KXBNB15M-26OCT042245-45,0.0450,1.00,yes
2026-10-05T02:42:40.649745Z,KXBNB15M-26OCT042245-45,0.0350,2.00,yes
2026-10-05T02:42:40.649745Z,KXBNB15M-26OCT042245-45,0.0360,2.00,yes
2026-10-05T02:42:40.649745Z,KXBNB15M-26OCT042245-45,0.0500,5.00,yes
2026-10-05T02:42:40.649745Z,KXBNB15M-26OCT042245-45,0.0650,8.82,yes
2026-10-05T02:42:40.649745Z,KXBNB15M-26OCT042245-45,0.0300,17.34,yes
2026-10-05T02:42:40.649745Z,KXBNB15M-26OCT042245-45,0.0390,1.00,yes
2026-10-05T02:42:40.649745Z,KXBNB15M-26OCT042245-45,0.0690,8.86,yes
2026-10-05T02:42:40.649745Z,KXBNB15M-26OCT042245-45,0.0740,3.09,yes
2026-10-05T02:42:40.649745Z,KXBNB15M-26OCT042245-45,0.0720,8.89,yes
2026-10-05T02:42:40.649745Z,KXBNB15M-26OCT042245-45,0.0730,1.00,yes
2026-10-05T02:42:40.649745Z,KXBNB15M-26OCT042245-45,0.0300,1.00,yes
2026-10-05T02:42:40.649745Z,KXBNB15M-26OCT042245-45,0.0720,8.89,yes
2026-10-05T02:42:40.649745Z,KXBNB15M-26OCT042245-45,0.0600,10.00,yes
2026-10-05T02:42:40.649745Z,KXBNB15M-26OCT042245-45,0.0420,1.00,yes
2026-10-05T02:42:40.649745Z,KXBNB15M-26OCT042245-45,0.0640,1.00,yes
2026-10-05T02:42:41.960618Z,KXBNB15M-26OCT042245-45,0.0310,0.02,no
2026-10-05T02:42:41.960618Z,KXBNB15M-26OCT042245-45,0.0320,1.00,no
2026-10-05T02:42:42.223772Z,KXBNB15M-26OCT042245-45,0.0770,1.00,yes
2026-10-05T02:42:42.223772Z,KXBNB15M-26OCT042245-45,0.0700,140.00,yes
2026-10-05T02:42:42.223772Z,KXBNB15M-26OCT042245-45,0.0600,8.78,yes
2026-10-05T02:42:42.223772Z,KXBNB15M-26OCT042245-45,0.0500,1.00,yes
2026-10-05T02:42:42.223772Z,KXBNB15M-26OCT042245-45,0.0400,1.00,yes
2026-10-05T02:42:42.223772Z,KXBNB15M-26OCT042245-45,0.0640,8.81,yes
2026-10-05T02:42:42.223772Z,KXBNB15M-26OCT042245-45,0.0620,8.80,yes
2026-10-05T02:42:42.223772Z,KXBNB15M-26OCT042245-45,0.0400,56.00,yes
2026-10-05T02:42:42.223772Z,KXBNB15M-26OCT042245-45,0.0900,158.93,yes
2026-10-05T02:42:42.223772Z,KXBNB15M-26OCT042245-45,0.0400,2.00,yes
2026-10-05T02:42:42.223772Z,KXBNB15M-26OCT042245-45,0.0370,0.67,yes
2026-10-05T02:42:42.223772Z,KXBNB15M-26OCT042245-45,0.0410,2.00,yes
2026-10-05T02:42:42.223772Z,KXBNB15M-26OCT042245-45,0.0750,8.92,yes
2026-10-05T02:42:42.223772Z,KXBNB15M-26OCT042245-45,0.0610,8.79,yes
2026-10-05T02:42:42.223772Z,KXBNB15M-26OCT042245-45,0.0400,5.00,yes
2026-10-05T02:42:42.223772Z,KXBNB15M-26OCT042245-45,0.0800,8.97,yes
2026-10-05T02:42:42.223772Z,KXBNB15M-26OCT042245-45,0.0730,1.00,yes
2026-10-05T02:42:42.223772Z,KXBNB15M-26OCT042245-45,0.0760,8.93,yes
2026-10-05T02:42:42.223772Z,KXBNB15M-26OCT042245-45,0.0800,2.00,yes
2026-10-05T02:42:42.223772Z,KXBNB15M-26OCT042245-45,0.0380,1.00,yes
2026-10-05T02:42:42.223772Z,KXBNB15M-26OCT042245-45,0.0390,23.00,yes
2026-10-05T02:42:42.223772Z,KXBNB15M-26OCT042245-45,0.0720,1.00,yes
2026-10-05T02:42:42.223772Z,KXBNB15M-26OCT042245-45,0.0400,5.00,yes
2026-10-05T02:42:42.223772Z,KXBNB15M-26OCT042245-45,0.0740,8.91,yes
2026-10-05T02:42:42.223772Z,KXBNB15M-26OCT042245-45,0.0680,1.00,yes
2026-10-05T02:42:42.223772Z,KXBNB15M-26OCT042245-45,0.0500,10.00,yes
2026-10-05T02:42:42.223772Z,KXBNB15M-26OCT042245-45,0.0650,8.82,yes
2026-10-05T02:42:42.384571Z,KXBNB15M-26OCT042245-45,0.0370,1.00,yes
2026-10-05T02:42:43.223412Z,KXBNB15M-26OCT042245-45,0.0360,1.00,no
2026-10-05T02:42:43.599304Z,KXBNB15M-26OCT042245-45,0.0400,1.00,yes
2026-10-05T02:42:44.470641Z,KXBNB15M-26OCT042245-45,0.0300,1.00,no
2026-10-05T02:42:44.470641Z,KXBNB15M-26OCT042245-45,0.0380,2.00,no
2026-10-05T02:42:44.470641Z,KXBNB15M-26OCT042245-45,0.0370,2.00,no
2026-10-05T02:42:44.470641Z,KXBNB15M-26OCT042245-45,0.0260,9.91,no
2026-10-05T02:42:45.09565Z,KXBNB15M-26OCT042245-45,0.0400,1.00,yes
2026-10-05T02:42:47.998961Z,KXBNB15M-26OCT042245-45,0.0300,1.00,yes
2026-10-05T02:42:49.431039Z,KXBNB15M-26OCT042245-45,0.0280,2.00,no
2026-10-05T02:42:49.431039Z,KXBNB15M-26OCT042245-45,0.0290,2.00,no
2026-10-05T02:42:49.431039Z,KXBNB15M-26OCT042245-45,0.0250,1.00,no
2026-10-05T02:42:49.431039Z,KXBNB15M-26OCT042245-45,0.0250,12.81,no
2026-10-05T02:42:49.431039Z,KXBNB15M-26OCT042245-45,0.0210,23.56,no
2026-10-05T02:42:49.431039Z,KXBNB15M-26OCT042245-45,0.0250,8.63,no
2026-10-05T02:42:49.784396Z,KXBNB15M-26OCT042245-45,0.0270,2.00,no
2026-10-05T02:42:49.784396Z,KXBNB15M-26OCT042245-45,0.0280,2.00,no
2026-10-05T02:42:49.784396Z,KXBNB15M-26OCT042245-45,0.0210,7.00,no
2026-10-05T02:42:51.257456Z,KXBNB15M-26OCT042245-45,0.0580,5.70,yes
2026-10-05T02:42:51.257456Z,KXBNB15M-26OCT042245-45,0.0500,5.00,yes
2026-10-05T02:42:51.257456Z,KXBNB15M-26OCT042245-45,0.0500,1.00,yes
2026-10-05T02:42:51.257456Z,KXBNB15M-26OCT042245-45,0.0350,33.00,yes
2026-10-05T02:42:51.257456Z,KXBNB15M-26OCT042245-45,0.0350,2.00,yes
2026-10-05T02:42:51.257456Z,KXBNB15M-26OCT042245-45,0.0340,2.00,yes
2026-10-05T02:42:51.257456Z,KXBNB15M-26OCT042245-45,0.0550,8.73,yes
2026-10-05T02:42:51.257456Z,KXBNB15M-26OCT042245-45,0.0400,1.00,yes
2026-10-05T02:42:51.257456Z,KXBNB15M-26OCT042245-45,0.0520,8.70,yes
2026-10-05T02:42:51.257456Z,KXBNB15M-26OCT042245-45,0.0360,1.00,yes
2026-10-05T02:42:51.257456Z,KXBNB15M-26OCT042245-45,0.0440,5.00,yes
2026-10-05T02:42:51.257456Z,KXBNB15M-26OCT042245-45,0.0300,99.00,yes
2026-10-05T02:42:51.257456Z,KXBNB15M-26OCT042245-45,0.0400,1.00,yes
2026-10-05T02:42:51.257456Z,KXBNB15M-26OCT042245-45,0.0300,100.00,yes
2026-10-05T02:42:51.257456Z,KXBNB15M-26OCT042245-45,0.0370,1.00,yes
2026-10-05T02:42:51.257456Z,KXBNB15M-26OCT042245-45,0.0500,1.00,yes
2026-10-05T02:42:51.257456Z,KXBNB15M-26OCT042245-45,0.0430,1.00,yes
2026-10-05T02:42:53.821993Z,KXBNB15M-26OCT042245-45,0.0380,33.00,yes
2026-10-05T02:42:53.821993Z,KXBNB15M-26OCT042245-45,0.0360,25.00,yes
2026-10-05T02:42:53.821993Z,KXBNB15M-26OCT042245-45,0.0370,1.45,yes
2026-10-05T02:42:53.823829Z,KXBNB15M-26OCT042245-45,0.0400,1.00,yes
2026-10-05T02:42:53.974102Z,KXBNB15M-26OCT042245-45,0.0500,1.00,yes
2026-10-05T02:42:55.695637Z,KXBNB15M-26OCT042245-45,0.0380,0.82,no
2026-10-05T02:42:55.695637Z,KXBNB15M-26OCT042245-45,0.0390,2.00,no
2026-10-05T02:42:55.924154Z,KXBNB15M-26OCT042245-45,0.0370,2.00,no
2026-10-05T02:42:55.924154Z,KXBNB15M-26OCT042245-45,0.0330,2.29,no
2026-10-05T02:42:55.924154Z,KXBNB15M-26OCT042245-45,0.0360,2.00,no
2026-10-05T02:42:56.943989Z,KXBNB15M-26OCT042245-45,0.0500,18.00,yes
2026-10-05T02:42:56.943989Z,KXBNB15M-26OCT042245-45,0.0510,32.00,yes
2026-10-05T02:42:56.943989Z,KXBNB15M-26OCT042245-45,0.0410,2.00,yes
2026-10-05T02:42:56.943989Z,KXBNB15M-26OCT042245-45,0.0400,2.00,yes
2026-10-05T02:42:56.943989Z,KXBNB15M-26OCT042245-45,0.0480,1.00,yes
2026-10-05T02:42:57.109623Z,KXBNB15M-26OCT042245-45,0.0320,2.00,no
2026-10-05T02:42:57.109623Z,KXBNB15M-26OCT042245-45,0.0320,25.00,no
2026-10-05T02:42:58.256416Z,KXBNB15M-26OCT042245-45,0.0300,1.00,no
2026-10-05T02:42:58.256416Z,KXBNB15M-26OCT042245-45,0.0300,1.05,no
2026-10-05T02:42:58.862006Z,KXBNB15M-26OCT042245-45,0.0200,20.03,no
2026-10-05T02:42:58.862006Z,KXBNB15M-26OCT042245-45,0.0210,1.00,no
2026-10-05T02:42:58.862006Z,KXBNB15M-26OCT042245-45,0.0210,25.00,no
2026-10-05T02:42:58.862006Z,KXBNB15M-26OCT042245-45,0.0220,17.00,no
2026-10-05T02:42:58.862006Z,KXBNB15M-26OCT042245-45,0.0200,10.00,no
2026-10-05T02:42:58.862006Z,KXBNB15M-26OCT042245-45,0.0200,1.00,no
2026-10-05T02:42:58.862006Z,KXBNB15M-26OCT042245-45,0.0200,6.00,no
2026-10-05T02:43:00.012285Z,KXBNB15M-26OCT042245-45,0.0200,41.00,no
2026-10-05T02:43:00.486619Z,KXBNB15M-26OCT042245-45,0.0200,38.97,no
2026-10-05T02:43:00.486619Z,KXBNB15M-26OCT042245-45,0.0200,3.03,no
2026-10-05T02:43:00.624816Z,KXBNB15M-26OCT042245-45,0.0200,21.97,no
2026-10-05T02:43:00.624816Z,KXBNB15M-26OCT042245-45,0.0200,2.00,no
2026-10-05T02:43:00.731095Z,KXBNB15M-26OCT042245-45,0.0200,2.00,yes
2026-10-05T02:43:01.592511Z,KXBNB15M-26OCT042245-45,0.0150,14.39,no
2026-10-05T02:43:01.592511Z,KXBNB15M-26OCT042245-45,0.0150,21.35,no
2026-10-05T02:43:01.592511Z,KXBNB15M-26OCT042245-45,0.0160,22.00,no
2026-10-05T02:43:01.592511Z,KXBNB15M-26OCT042245-45,0.0190,4.45,no
2026-10-05T02:43:01.592511Z,KXBNB15M-26OCT042245-45,0.0150,6.00,no
2026-10-05T02:43:01.592511Z,KXBNB15M-26OCT042245-45,0.0150,1.00,no
2026-10-05T02:43:01.737718Z,KXBNB15M-26OCT042245-45,0.0190,17.00,yes
2026-10-05T02:43:01.737718Z,KXBNB15M-26OCT042245-45,0.0200,2.00,yes
2026-10-05T02:43:01.856525Z,KXBNB15M-26OCT042245-45,0.0120,30.00,no
2026-10-05T02:43:01.856525Z,KXBNB15M-26OCT042245-45,0.0120,20.00,no
2026-10-05T02:43:01.856525Z,KXBNB15M-26OCT042245-45,0.0110,11.00,no
2026-10-05T02:43:01.856525Z,KXBNB15M-26OCT042245-45,0.0110,6.00,no
2026-10-05T02:43:01.856525Z,KXBNB15M-26OCT042245-45,0.0110,11.00,no
2026-10-05T02:43:01.856525Z,KXBNB15M-26OCT042245-45,0.0120,11.00,no
2026-10-05T02:43:01.957121Z,KXBNB15M-26OCT042245-45,0.0140,20.00,yes
2026-10-05T02:43:01.957121Z,KXBNB15M-26OCT042245-45,0.0140,11.00,yes
2026-10-05T02:43:01.957121Z,KXBNB15M-26OCT042245-45,0.0150,11.00,yes
2026-10-05T02:43:01.957121Z,KXBNB15M-26OCT042245-45,0.0150,11.00,yes
2026-10-05T02:43:02.044245Z,KXBNB15M-26OCT042245-45,0.0210,2.00,yes
2026-10-05T02:43:02.044245Z,KXBNB15M-26OCT042245-45,0.0200,2.00,yes
2026-10-05T02:43:02.044245Z,KXBNB15M-26OCT042245-45,0.0200,3.00,yes
2026-10-05T02:43:02.106657Z,KXBNB15M-26OCT042245-45,0.0110,9.00,no
2026-10-05T02:43:02.106657Z,KXBNB15M-26OCT042245-45,0.0110,1.00,no
2026-10-05T02:43:02.106657Z,KXBNB15M-26OCT042245-45,0.0110,9.00,no
2026-10-05T02:43:02.106657Z,KXBNB15M-26OCT042245-45,0.0110,1.00,no
2026-10-05T02:43:02.567846Z,KXBNB15M-26OCT042245-45,0.0140,2.00,no
2026-10-05T02:43:02.567846Z,KXBNB15M-26OCT042245-45,0.0130,2.00,no
2026-10-05T02:43:02.567846Z,KXBNB15M-26OCT042245-45,0.0110,6.00,no
2026-10-05T02:43:02.627648Z,KXBNB15M-26OCT042245-45,0.0150,17.00,yes
2026-10-05T02:43:02.627648Z,KXBNB15M-26OCT042245-45,0.0150,3.00,yes
2026-10-05T02:43:03.285738Z,KXBNB15M-26OCT042245-45,0.0110,1.00,no
2026-10-05T02:43:03.285738Z,KXBNB15M-26OCT042245-45,0.0110,15.00,no
2026-10-05T02:43:03.889875Z,KXBNB15M-26OCT042245-45,0.0150,2.00,yes
2026-10-05T02:43:04.106126Z,KXBNB15M-26OCT042245-45,0.0100,1.00,no
2026-10-05T02:43:04.774783Z,KXBNB15M-26OCT042245-45,0.0110,2.00,yes
2026-10-05T02:43:04.889899Z,KXBNB15M-26OCT042245-45,0.0100,9.00,no
2026-10-05T02:43:04.889899Z,KXBNB15M-26OCT042245-45,0.0100,11.00,no
2026-10-05T02:43:05.036978Z,KXBNB15M-26OCT042245-45,0.0100,46.00,no
2026-10-05T02:43:05.036978Z,KXBNB15M-26OCT042245-45,0.0100,25.00,no
2026-10-05T02:43:05.036978Z,KXBNB15M-26OCT042245-45,0.0100,9.00,no
2026-10-05T02:43:05.069801Z,KXBNB15M-26OCT042245-45,0.0100,54.00,no
2026-10-05T02:43:05.069801Z,KXBNB15M-26OCT042245-45,0.0100,6.00,no
2026-10-05T02:43:05.455657Z,KXBNB15M-26OCT042245-45,0.0250,20.00,yes
2026-10-05T02:43:05.455657Z,KXBNB15M-26OCT042245-45,0.0250,4.00,yes
2026-10-05T02:43:05.455657Z,KXBNB15M-26OCT042245-45,0.0250,4.00,yes
2026-10-05T02:43:05.455657Z,KXBNB15M-26OCT042245-45,0.0250,3.00,yes
2026-10-05T02:43:05.455657Z,KXBNB15M-26OCT042245-45,0.0110,25.00,yes
2026-10-05T02:43:05.455657Z,KXBNB15M-26OCT042245-45,0.0250,10.00,yes
2026-10-05T02:43:05.455657Z,KXBNB15M-26OCT042245-45,0.0110,9.00,yes
2026-10-05T02:43:05.455657Z,KXBNB15M-26OCT042245-45,0.0240,29.00,yes
2026-10-05T02:43:05.455657Z,KXBNB15M-26OCT042245-45,0.0150,9.00,yes
2026-10-05T02:43:05.455657Z,KXBNB15M-26OCT042245-45,0.0200,15.00,yes
2026-10-05T02:43:05.455657Z,KXBNB15M-26OCT042245-45,0.0150,1.00,yes
2026-10-05T02:43:05.455657Z,KXBNB15M-26OCT042245-45,0.0120,2.00,yes
2026-10-05T02:43:05.455657Z,KXBNB15M-26OCT042245-45,0.0110,11.00,yes
2026-10-05T02:43:05.455657Z,KXBNB15M-26OCT042245-45,0.0110,2.00,yes
2026-10-05T02:43:05.455657Z,KXBNB15M-26OCT042245-45,0.0250,20.00,yes
2026-10-05T02:43:05.455657Z,KXBNB15M-26OCT042245-45,0.0250,8.00,yes
2026-10-05T02:43:05.455657Z,KXBNB15M-26OCT042245-45,0.0130,2.00,yes
2026-10-05T02:43:05.455657Z,KXBNB15M-26OCT042245-45,0.0250,64.00,yes
2026-10-05T02:43:05.455657Z,KXBNB15M-26OCT042245-45,0.0300,47.36,yes
2026-10-05T02:43:05.510165Z,KXBNB15M-26OCT042245-45,0.0100,25.00,no
2026-10-05T02:43:05.510165Z,KXBNB15M-26OCT042245-45,0.0100,23.00,no
2026-10-05T02:43:05.510165Z,KXBNB15M-26OCT042245-45,0.0100,21.58,no
2026-10-05T02:43:05.510165Z,KXBNB15M-26OCT042245-45,0.0100,32.03,no
2026-10-05T02:43:05.510165Z,KXBNB15M-26OCT042245-45,0.0100,2.58,no
2026-10-05T02:43:05.510165Z,KXBNB15M-26OCT042245-45,0.0100,15.01,no
2026-10-05T02:43:05.510165Z,KXBNB15M-26OCT042245-45,0.0100,2.00,no
2026-10-05T02:43:05.510165Z,KXBNB15M-26OCT042245-45,0.0100,20.42,no
2026-10-05T02:43:05.510165Z,KXBNB15M-26OCT042245-45,0.0100,14.00,no
2026-10-05T02:43:05.84119Z,KXBNB15M-26OCT042245-45,0.0210,9.80,yes
2026-10-05T02:43:05.84119Z,KXBNB15M-26OCT042245-45,0.0200,10.00,yes
2026-10-05T02:43:05.84119Z,KXBNB15M-26OCT042245-45,0.0160,2.00,yes
2026-10-05T02:43:05.84119Z,KXBNB15M-26OCT042245-45,0.0150,2.00,yes
2026-10-05T02:43:05.84119Z,KXBNB15M-26OCT042245-45,0.0150,40.00,yes
2026-10-05T02:43:07.253213Z,KXBNB15M-26OCT042245-45,0.0100,45.04,no
2026-10-05T02:43:07.467534Z,KXBNB15M-26OCT042245-45,0.0180,2.00,yes
2026-10-05T02:43:07.539489Z,KXBNB15M-26OCT042245-45,0.0260,5.00,yes
2026-10-05T02:43:07.539489Z,KXBNB15M-26OCT042245-45,0.0210,0.20,yes
2026-10-05T02:43:07.539489Z,KXBNB15M-26OCT042245-45,0.0290,0.80,yes
2026-10-05T02:43:07.539489Z,KXBNB15M-26OCT042245-45,0.0190,2.00,yes
2026-10-05T02:43:07.539489Z,KXBNB15M-26OCT042245-45,0.0200,2.00,yes
2026-10-05T02:43:07.577627Z,KXBNB15M-26OCT042245-45,0.0130,1.00,no
2026-10-05T02:43:09.022918Z,KXBNB15M-26OCT042245-45,0.0200,2.00,yes
2026-10-05T02:43:09.022918Z,KXBNB15M-26OCT042245-45,0.0200,20.05,yes
2026-10-05T02:43:09.061834Z,KXBNB15M-26OCT042245-45,0.0120,1.80,no
2026-10-05T02:43:09.297257Z,KXBNB15M-26OCT042245-45,0.0100,2.00,no
2026-10-05T02:43:09.297257Z,KXBNB15M-26OCT042245-45,0.0110,2.00,no
2026-10-05T02:43:09.297257Z,KXBNB15M-26OCT042245-45,0.0090,20.00,no
2026-10-05T02:43:09.297257Z,KXBNB15M-26OCT042245-45,0.0080,6.03,no
2026-10-05T02:43:10.074126Z,KXBNB15M-26OCT042245-45,0.0080,26.95,no
2026-10-05T02:43:10.074126Z,KXBNB15M-26OCT042245-45,0.0080,13.97,no
2026-10-05T02:43:10.128178Z,KXBNB15M-26OCT042245-45,0.0090,13.97,yes
2026-10-05T02:43:10.128178Z,KXBNB15M-26OCT042245-45,0.0100,20.00,yes
2026-10-05T02:43:10.128178Z,KXBNB15M-26OCT042245-45,0.0100,10.00,yes
2026-10-05T02:43:10.128178Z,KXBNB15M-26OCT042245-45,0.0090,6.03,yes
2026-10-05T02:43:10.177282Z,KXBNB15M-26OCT042245-45,0.0100,0.22,no
2026-10-05T02:43:10.223421Z,KXBNB15M-26OCT042245-45,0.0150,50.00,yes
2026-10-05T02:43:10.223697Z,KXBNB15M-26OCT042245-45,0.0150,1.00,yes
2026-10-05T02:43:10.225731Z,KXBNB15M-26OCT042245-45,0.0190,42.00,yes
2026-10-05T02:43:10.225731Z,KXBNB15M-26OCT042245-45,0.0150,49.00,yes
2026-10-05T02:43:12.297699Z,KXBNB15M-26OCT042245-45,0.0190,42.00,yes
2026-10-05T02:43:12.297699Z,KXBNB15M-26OCT042245-45,0.0150,2.00,yes
2026-10-05T02:43:12.297699Z,KXBNB15M-26OCT042245-45,0.0160,2.00,yes
2026-10-05T02:43:12.297699Z,KXBNB15M-26OCT042245-45,0.0200,2.80,yes
2026-10-05T02:43:13.153037Z,KXBNB15M-26OCT042245-45,0.0180,2.00,yes
2026-10-05T02:43:13.153037Z,KXBNB15M-26OCT042245-45,0.0190,2.00,yes
2026-10-05T02:43:13.153037Z,KXBNB15M-26OCT042245-45,0.0190,1.47,yes
2026-10-05T02:43:14.14676Z,KXBNB15M-26OCT042245-45,0.0200,25.00,yes
2026-10-05T02:43:14.14676Z,KXBNB15M-26OCT042245-45,0.0200,3.67,yes
2026-10-05T02:43:15.617721Z,KXBNB15M-26OCT042245-45,0.0110,50.00,no
2026-10-05T02:43:15.617721Z,KXBNB15M-26OCT042245-45,0.0110,2.00,no
2026-10-05T02:43:16.045861Z,KXBNB15M-26OCT042245-45,0.0080,6.00,no
2026-10-05T02:43:16.045861Z,KXBNB15M-26OCT042245-45,0.0090,2.00,no
2026-10-05T02:43:16.045861Z,KXBNB15M-26OCT042245-45,0.0100,2.00,no
2026-10-05T02:43:16.100186Z,KXBNB15M-26OCT042245-45,0.0070,18.87,no
2026-10-05T02:43:18.040429Z,KXBNB15M-26OCT042245-45,0.0150,10.38,yes
2026-10-05T02:43:18.653551Z,KXBNB15M-26OCT042245-45,0.0150,8.49,yes
2026-10-05T02:43:18.653551Z,KXBNB15M-26OCT042245-45,0.0160,2.00,yes
2026-10-05T02:43:18.653551Z,KXBNB15M-26OCT042245-45,0.0200,10.54,yes
2026-10-05T02:43:18.653551Z,KXBNB15M-26OCT042245-45,0.0150,2.00,yes
2026-10-05T02:43:19.236194Z,KXBNB15M-26OCT042245-45,0.0200,1.00,yes
2026-10-05T02:43:19.236194Z,KXBNB15M-26OCT042245-45,0.0210,34.67,yes
2026-10-05T02:43:19.236194Z,KXBNB15M-26OCT042245-45,0.0210,4.00,yes
2026-10-05T02:43:19.236194Z,KXBNB15M-26OCT042245-45,0.0170,2.00,yes
2026-10-05T02:43:19.236194Z,KXBNB15M-26OCT042245-45,0.0180,2.00,yes
2026-10-05T02:43:19.236194Z,KXBNB15M-26OCT042245-45,0.0210,1.00,yes
2026-10-05T02:43:21.35311Z,KXBNB15M-26OCT042245-45,0.0070,14.98,no
2026-10-05T02:43:21.35311Z,KXBNB15M-26OCT042245-45,0.0110,2.00,no
2026-10-05T02:43:21.35311Z,KXBNB15M-26OCT042245-45,0.0100,2.00,no
2026-10-05T02:43:21.35311Z,KXBNB15M-26OCT042245-45,0.0070,1.13,no
2026-10-05T02:43:22.832123Z,KXBNB15M-26OCT042245-45,0.0060,33.00,no
2026-10-05T02:43:22.832123Z,KXBNB15M-26OCT042245-45,0.0050,18.01,no
2026-10-05T02:43:22.832123Z,KXBNB15M-26OCT042245-45,0.0060,20.00,no
2026-10-05T02:43:22.832123Z,KXBNB15M-26OCT042245-45,0.0050,30.00,no
2026-10-05T02:43:23.549102Z,KXBNB15M-26OCT042245-45,0.0070,5.00,yes
2026-10-05T02:43:24.034125Z,KXBNB15M-26OCT042245-45,0.0050,1.00,no
2026-10-05T02:43:24.692854Z,KXBNB15M-26OCT042245-45,0.0060,1.10,yes
2026-10-05T02:43:26.251795Z,KXBNB15M-26OCT042245-45,0.0050,5.00,no
2026-10-05T02:43:26.900234Z,KXBNB15M-26OCT042245-45,0.0050,6.00,no
2026-10-05T02:43:27.033235Z,KXBNB15M-26OCT042245-45,0.0040,2.00,no
2026-10-05T02:43:27.033235Z,KXBNB15M-26OCT042245-45,0.0040,1.00,no
2026-10-05T02:43:27.033235Z,KXBNB15M-26OCT042245-45,0.0040,1.00,no
2026-10-05T02:43:27.033235Z,KXBNB15M-26OCT042245-45,0.0040,1.00,no
2026-10-05T02:43:27.033235Z,KXBNB15M-26OCT042245-45,0.0040,13.00,no
2026-10-05T02:43:27.033235Z,KXBNB15M-26OCT042245-45,0.0040,1.00,no
2026-10-05T02:43:27.033235Z,KXBNB15M-26OCT042245-45,0.0040,1.00,no
2026-10-05T02:43:27.063594Z,KXBNB15M-26OCT042245-45,0.0050,3.33,yes
2026-10-05T02:43:27.196961Z,KXBNB15M-26OCT042245-45,0.0050,15.58,yes
2026-10-05T02:43:27.439177Z,KXBNB15M-26OCT042245-45,0.0030,18.00,no
2026-10-05T02:43:29.699135Z,KXBNB15M-26OCT042245-45,0.0030,2.00,no
2026-10-05T02:43:29.699135Z,KXBNB15M-26OCT042245-45,0.0030,41.00,no
2026-10-05T02:43:29.699135Z,KXBNB15M-26OCT042245-45,0.0020,132.73,no
2026-10-05T02:43:29.699135Z,KXBNB15M-26OCT042245-45,0.0030,250.00,no
2026-10-05T02:43:29.699135Z,KXBNB15M-26OCT042245-45,0.0020,200.00,no
2026-10-05T02:43:29.699135Z,KXBNB15M-26OCT042245-45,0.0030,82.00,no
2026-10-05T02:43:29.699135Z,KXBNB15M-26OCT042245-45,0.0030,2.00,no
2026-10-05T02:43:29.699135Z,KXBNB15M-26OCT042245-45,0.0030,2.00,no
2026-10-05T02:43:29.699135Z,KXBNB15M-26OCT042245-45,0.0030,2.00,no
2026-10-05T02:43:29.699135Z,KXBNB15M-26OCT042245-45,0.0030,2.00,no
2026-10-05T02:43:29.699135Z,KXBNB15M-26OCT042245-45,0.0030,2.00,no
2026-10-05T02:43:29.699135Z,KXBNB15M-26OCT042245-45,0.0030,18.00,no
2026-10-05T02:43:30.41363Z,KXBNB15M-26OCT042245-45,0.0050,13.99,yes
2026-10-05T02:43:30.698207Z,KXBNB15M-26OCT042245-45,0.0020,53.00,no
2026-10-05T02:43:32.455344Z,KXBNB15M-26OCT042245-45,0.0020,7.00,no
2026-10-05T02:43:32.455344Z,KXBNB15M-26OCT042245-45,0.0020,1.00,no
2026-10-05T02:43:32.455344Z,KXBNB15M-26OCT042245-45,0.0020,314.27,no
2026-10-05T02:43:32.455344Z,KXBNB15M-26OCT042245-45,0.0020,3.00,no
2026-10-05T02:43:32.455344Z,KXBNB15M-26OCT042245-45,0.0020,3.00,no
2026-10-05T02:43:32.455344Z,KXBNB15M-26OCT042245-45,0.0020,3.00,no
2026-10-05T02:43:32.455344Z,KXBNB15M-26OCT042245-45,0.0020,26.00,no
2026-10-05T02:43:32.455344Z,KXBNB15M-26OCT042245-45,0.0020,3.00,no
2026-10-05T02:43:32.455344Z,KXBNB15M-26OCT042245-45,0.0020,3.00,no
2026-10-05T02:43:32.565618Z,KXBNB15M-26OCT042245-45,0.0010,24.53,no
2026-10-05T02:43:34.696229Z,KXBNB15M-26OCT042245-45,0.0020,156.00,yes
2026-10-05T02:43:35.758437Z,KXBNB15M-26OCT042245-45,0.0020,49.00,yes
2026-10-05T02:43:35.829819Z,KXBNB15M-26OCT042245-45,0.0020,93.00,yes
2026-10-05T02:43:35.829819Z,KXBNB15M-26OCT042245-45,0.0020,314.27,yes
2026-10-05T02:43:35.829819Z,KXBNB15M-26OCT042245-45,0.0020,24.53,yes
2026-10-05T02:43:35.864795Z,KXBNB15M-26OCT042245-45,0.0010,0.86,no
2026-10-05T02:43:36.807182Z,KXBNB15M-26OCT042245-45,0.0010,1.00,no
2026-10-05T02:43:39.994166Z,KXBNB15M-26OCT042245-45,0.0020,2.40,yes
2026-10-05T02:43:41.301567Z,KXBNB15M-26OCT042245-45,0.0010,73.61,no
2026-10-05T02:43:41.301567Z,KXBNB15M-26OCT042245-45,0.0010,1.00,no
2026-10-05T02:43:41.301567Z,KXBNB15M-26OCT042245-45,0.0010,75.00,no
2026-10-05T02:43:41.301567Z,KXBNB15M-26OCT042245-45,0.0010,1.00,no
2026-10-05T02:43:41.301567Z,KXBNB15M-26OCT042245-45,0.0010,3.00,no
2026-10-05T02:43:41.301567Z,KXBNB15M-26OCT042245-45,0.0010,272.39,no
2026-10-05T02:43:41.602239Z,KXBNB15M-26OCT042245-45,0.0010,375.00,no
2026-10-05T02:43:42.245877Z,KXBNB15M-26OCT042245-45,0.0010,86.94,no
2026-10-05T02:43:48.5979Z,KXBNB15M-26OCT042245-45,0.0010,400.00,no
2026-10-05T02:43:51.866535Z,KXBNB15M-26OCT042245-45,0.0010,100.00,no
2026-10-05T02:43:52.115531Z,KXBNB15M-26OCT042245-45,0.0020,86.94,yes
2026-10-05T02:43:52.115531Z,KXBNB15M-26OCT042245-45,0.0020,661.60,yes
2026-10-05T02:43:52.115531Z,KXBNB15M-26OCT042245-45,0.0020,272.39,yes
2026-10-05T02:43:52.115531Z,KXBNB15M-26OCT042245-45,0.0020,511.00,yes
2026-10-05T02:43:52.115531Z,KXBNB15M-26OCT042245-45,0.0020,375.00,yes
2026-10-05T02:43:52.115531Z,KXBNB15M-26OCT042245-45,0.0020,73.61,yes
2026-10-05T02:43:52.115531Z,KXBNB15M-26OCT042245-45,0.0020,59.51,yes
2026-10-05T02:43:52.115531Z,KXBNB15M-26OCT042245-45,0.0020,250.00,yes
2026-10-05T02:43:55.471227Z,KXBNB15M-26OCT042245-45,0.0010,4.00,no
2026-10-05T02:43:55.471227Z,KXBNB15M-26OCT042245-45,0.0010,1.00,no
2026-10-05T02:43:55.471227Z,KXBNB15M-26OCT042245-45,0.0010,1.00,no
2026-10-05T02:43:55.471227Z,KXBNB15M-26OCT042245-45,0.0010,6.25,no
2026-10-05T02:43:55.471227Z,KXBNB15M-26OCT042245-45,0.0010,1.00,no
2026-10-05T02:43:56.301814Z,KXBNB15M-26OCT042245-45,0.0010,13.25,no
2026-10-05T02:43:57.206357Z,KXBNB15M-26OCT042245-45,0.0010,4.00,no
2026-10-05T02:43:57.206357Z,KXBNB15M-26OCT042245-45,0.0010,2.00,no
2026-10-05T02:43:57.206357Z,KXBNB15M-26OCT042245-45,0.0010,0.22,no
2026-10-05T02:43:57.206357Z,KXBNB15M-26OCT042245-45,0.0010,5.03,no
2026-10-05T02:43:57.206357Z,KXBNB15M-26OCT042245-45,0.0010,2.00,no
2026-10-05T02:43:57.744922Z,KXBNB15M-26OCT042245-45,0.0010,20.00,no
2026-10-05T02:43:57.744922Z,KXBNB15M-26OCT042245-45,0.0010,3.78,no
2026-10-05T02:43:57.744922Z,KXBNB15M-26OCT042245-45,0.0010,21.22,no
2026-10-05T02:43:57.744922Z,KXBNB15M-26OCT042245-45,0.0010,73.61,no
2026-10-05T02:44:03.295486Z,KXBNB15M-26OCT042245-45,0.0010,90.00,yes
2026-10-05T02:44:11.777483Z,KXBNB15M-26OCT042245-45,0.0010,915.99,yes
2026-10-05T02:44:17.790162Z,KXBNB15M-26OCT042245-45,0.0010,90.00,yes
2026-10-05T02:44:45.517018Z,KXBNB15M-26OCT042245-45,0.0010,1847.27,yes
2026-10-05T02:44:45.517018Z,KXBNB15M-26OCT042245-45,0.0010,13.25,yes
2026-10-05T02:44:45.517018Z,KXBNB15M-26OCT042245-45,0.0010,5.00,yes
2026-10-05T02:44:45.517018Z,KXBNB15M-26OCT042245-45,0.0010,403.40,yes
2026-10-05T02:44:45.517018Z,KXBNB15M-26OCT042245-45,0.0010,20.00,yes
2026-10-05T02:44:45.517018Z,KXBNB15M-26OCT042245-45,0.0010,20.00,yes
2026-10-05T02:44:45.517018Z,KXBNB15M-26OCT042245-45,0.0010,20.00,yes
2026-10-05T02:44:45.517018Z,KXBNB15M-26OCT042245-45,0.0010,20.00,yes
2026-10-05T02:44:45.517018Z,KXBNB15M-26OCT042245-45,0.0010,20.00,yes
2026-10-05T02:44:45.517018Z,KXBNB15M-26OCT042245-45,0.0010,20.00,yes
2026-10-05T02:44:45.517018Z,KXBNB15M-26OCT042245-45,0.0010,17.00,yes
2026-10-05T02:44:45.517018Z,KXBNB15M-26OCT042245-45,0.0010,71.00,yes
2026-10-05T02:44:45.517018Z,KXBNB15M-26OCT042245-45,0.0010,100.00,yes
2026-10-05T02:44:45.517018Z,KXBNB15M-26OCT042245-45,0.0010,400.00,yes
2026-10-05T02:44:45.517018Z,KXBNB15M-26OCT042245-45,0.0010,73.22,yes
2026-10-05T02:44:51.40652Z,KXBNB15M-26OCT042245-45,0.0010,50.00,yes
2026-10-05T02:44:56.235603Z,KXBNB15M-26OCT042245-45,0.0010,183.25,yes
2026-10-05T02:42:44.844687Z,KXSILVER15M-26OCT042245-45,0.1100,3.00,no
2026-10-05T02:42:44.844687Z,KXSILVER15M-26OCT042245-45,0.1100,45.09,no
2026-10-05T02:42:44.844687Z,KXSILVER15M-26OCT042245-45,0.1100,1.00,no
2026-10-05T02:42:44.844687Z,KXSILVER15M-26OCT042245-45,0.1100,6.25,no
2026-10-05T02:42:44.844687Z,KXSILVER15M-26OCT042245-45,0.1100,3.88,no
2026-10-05T02:42:45.458735Z,KXSILVER15M-26OCT042245-45,0.1100,2.00,no
2026-10-05T02:42:45.695693Z,KXSILVER15M-26OCT042245-45,0.1200,37.12,yes
2026-10-05T02:42:47.60599Z,KXSILVER15M-26OCT042245-45,0.1100,0.55,no
2026-10-05T02:42:48.902227Z,KXSILVER15M-26OCT042245-45,0.1200,15.69,yes
2026-10-05T02:42:48.931017Z,KXSILVER15M-26OCT042245-45,0.1100,0.30,no
2026-10-05T02:42:49.338724Z,KXSILVER15M-26OCT042245-45,0.1200,25.00,yes
2026-10-05T02:42:49.906236Z,KXSILVER15M-26OCT042245-45,0.1100,313.99,yes
2026-10-05T02:42:50.676603Z,KXSILVER15M-26OCT042245-45,0.1000,1.10,no
2026-10-05T02:42:51.115611Z,KXSILVER15M-26OCT042245-45,0.1000,2.20,no
2026-10-05T02:42:51.912884Z,KXSILVER15M-26OCT042245-45,0.1000,27.00,no
2026-10-05T02:42:51.917256Z,KXSILVER15M-26OCT042245-45,0.1100,5.87,yes
2026-10-05T02:42:52.192639Z,KXSILVER15M-26OCT042245-45,0.1200,165.00,yes
2026-10-05T02:42:52.192639Z,KXSILVER15M-26OCT042245-45,0.1100,17.00,yes
2026-10-05T02:42:52.957719Z,KXSILVER15M-26OCT042245-45,0.1000,11.03,no
2026-10-05T02:42:53.277318Z,KXSILVER15M-26OCT042245-45,0.1200,30.89,no
2026-10-05T02:42:54.117308Z,KXSILVER15M-26OCT042245-45,0.1200,108.00,no
2026-10-05T02:42:54.479121Z,KXSILVER15M-26OCT042245-45,0.1300,3.00,no
2026-10-05T02:42:54.479121Z,KXSILVER15M-26OCT042245-45,0.1200,265.00,no
2026-10-05T02:42:54.479121Z,KXSILVER15M-26OCT042245-45,0.1300,3.00,no
2026-10-05T02:42:54.479121Z,KXSILVER15M-26OCT042245-45,0.1300,30.00,no
2026-10-05T02:42:54.479121Z,KXSILVER15M-26OCT042245-45,0.1300,60.00,no
2026-10-05T02:42:54.81726Z,KXSILVER15M-26OCT042245-45,0.1400,22.09,yes
2026-10-05T02:42:54.894615Z,KXSILVER15M-26OCT042245-45,0.1300,4.95,no
2026-10-05T02:42:55.62711Z,KXSILVER15M-26OCT042245-45,0.1200,1.11,no
2026-10-05T02:42:55.698969Z,KXSILVER15M-26OCT042245-45,0.1200,27.87,no
2026-10-05T02:42:56.739326Z,KXSILVER15M-26OCT042245-45,0.1100,7.75,no
2026-10-05T02:42:56.739326Z,KXSILVER15M-26OCT042245-45,0.1000,3.17,no
2026-10-05T02:42:57.836876Z,KXSILVER15M-26OCT042245-45,0.1000,16.38,no
2026-10-05T02:42:57.868141Z,KXSILVER15M-26OCT042245-45,0.1000,0.01,no
2026-10-05T02:42:58.087312Z,KXSILVER15M-26OCT042245-45,0.1300,60.50,yes
2026-10-05T02:42:58.087312Z,KXSILVER15M-26OCT042245-45,0.1200,12.00,yes
2026-10-05T02:42:58.452682Z,KXSILVER15M-26OCT042245-45,0.1000,58.00,no
2026-10-05T02:42:58.452682Z,KXSILVER15M-26OCT042245-45,0.1100,1.00,no
2026-10-05T02:42:58.452682Z,KXSILVER15M-26OCT042245-45,0.1000,30.00,no
2026-10-05T02:42:59.40323Z,KXSILVER15M-26OCT042245-45,0.1000,172.69,yes
2026-10-05T02:43:00.062506Z,KXSILVER15M-26OCT042245-45,0.0880,0.05,no
2026-10-05T02:43:00.062506Z,KXSILVER15M-26OCT042245-45,0.0850,21.00,no
2026-10-05T02:43:00.062506Z,KXSILVER15M-26OCT042245-45,0.0860,60.00,no
2026-10-05T02:43:00.062506Z,KXSILVER15M-26OCT042245-45,0.0880,2.00,no
2026-10-05T02:43:00.062506Z,KXSILVER15M-26OCT042245-45,0.0890,1.00,no
2026-10-05T02:43:00.220401Z,KXSILVER15M-26OCT042245-45,0.0820,4.70,yes
2026-10-05T02:43:02.44665Z,KXSILVER15M-26OCT042245-45,0.0890,14.00,yes
2026-10-05T02:43:02.44665Z,KXSILVER15M-26OCT042245-45,0.0880,11.00,yes
2026-10-05T02:43:02.44665Z,KXSILVER15M-26OCT042245-45,0.0900,23.72,yes
2026-10-05T02:43:02.664613Z,KXSILVER15M-26OCT042245-45,0.0900,10.46,yes
2026-10-05T02:43:02.710713Z,KXSILVER15M-26OCT042245-45,0.0930,5.00,yes
2026-10-05T02:43:02.710713Z,KXSILVER15M-26OCT042245-45,0.0940,14.67,yes
2026-10-05T02:43:02.710713Z,KXSILVER15M-26OCT042245-45,0.0900,12.00,yes
2026-10-05T02:43:02.710713Z,KXSILVER15M-26OCT042245-45,0.0930,5.00,yes
2026-10-05T02:43:02.710713Z,KXSILVER15M-26OCT042245-45,0.0900,41.82,yes
2026-10-05T02:43:02.855695Z,KXSILVER15M-26OCT042245-45,0.0870,1.08,no
2026-10-05T02:43:03.1027Z,KXSILVER15M-26OCT042245-45,0.0870,1.00,no
2026-10-05T02:43:03.1027Z,KXSILVER15M-26OCT042245-45,0.0750,2.59,no
2026-10-05T02:43:03.1027Z,KXSILVER15M-26OCT042245-45,0.0810,22.00,no
2026-10-05T02:43:03.956462Z,KXSILVER15M-26OCT042245-45,0.0880,21.36,yes
2026-10-05T02:43:03.959329Z,KXSILVER15M-26OCT042245-45,0.0740,53.96,no
2026-10-05T02:43:03.959329Z,KXSILVER15M-26OCT042245-45,0.0750,3.00,no
2026-10-05T02:43:03.959329Z,KXSILVER15M-26OCT042245-45,0.0750,3.41,no
2026-10-05T02:43:04.379052Z,KXSILVER15M-26OCT042245-45,0.0860,247.09,no
2026-10-05T02:43:04.936416Z,KXSILVER15M-26OCT042245-45,0.0870,10.89,no
2026-10-05T02:43:06.084104Z,KXSILVER15M-26OCT042245-45,0.0820,3.00,no
2026-10-05T02:43:06.084104Z,KXSILVER15M-26OCT042245-45,0.0810,13.57,no
2026-10-05T02:43:06.084104Z,KXSILVER15M-26OCT042245-45,0.0820,5.00,no
2026-10-05T02:43:06.532385Z,KXSILVER15M-26OCT042245-45,0.0880,50.00,no
2026-10-05T02:43:06.855835Z,KXSILVER15M-26OCT042245-45,0.0930,5.44,no
2026-10-05T02:43:07.773228Z,KXSILVER15M-26OCT042245-45,0.0930,30.00,no
2026-10-05T02:43:09.184144Z,KXSILVER15M-26OCT042245-45,0.0740,0.10,no
2026-10-05T02:43:10.078824Z,KXSILVER15M-26OCT042245-45,0.0900,2.62,no
2026-10-05T02:43:10.53313Z,KXSILVER15M-26OCT042245-45,0.0800,5.00,no
2026-10-05T02:43:10.53313Z,KXSILVER15M-26OCT042245-45,0.0720,3.00,no
2026-10-05T02:43:10.53313Z,KXSILVER15M-26OCT042245-45,0.0710,274.22,no
2026-10-05T02:43:10.53313Z,KXSILVER15M-26OCT042245-45,0.0740,35.94,no
2026-10-05T02:43:10.771826Z,KXSILVER15M-26OCT042245-45,0.0690,3.00,no
2026-10-05T02:43:10.772035Z,KXSILVER15M-26OCT042245-45,0.0680,50.92,no
2026-10-05T02:43:10.77245Z,KXSILVER15M-26OCT042245-45,0.0670,5.42,no
2026-10-05T02:43:10.77245Z,KXSILVER15M-26OCT042245-45,0.0680,9.08,no
2026-10-05T02:43:10.778834Z,KXSILVER15M-26OCT042245-45,0.0670,12.33,no
2026-10-05T02:43:10.778834Z,KXSILVER15M-26OCT042245-45,0.0650,30.00,no
2026-10-05T02:43:10.778834Z,KXSILVER15M-26OCT042245-45,0.0550,0.02,no
2026-10-05T02:43:10.778834Z,KXSILVER15M-26OCT042245-45,0.0640,1.00,no
2026-10-05T02:43:10.778834Z,KXSILVER15M-26OCT042245-45,0.0600,2.30,no
2026-10-05T02:43:10.778834Z,KXSILVER15M-26OCT042245-45,0.0630,2.00,no
2026-10-05T02:43:10.778834Z,KXSILVER15M-26OCT042245-45,0.0600,1.00,no
2026-10-05T02:43:10.779089Z,KXSILVER15M-26OCT042245-45,0.0550,12.08,no
2026-10-05T02:43:10.785164Z,KXSILVER15M-26OCT042245-45,0.0500,0.31,no
2026-10-05T02:43:10.785164Z,KXSILVER15M-26OCT042245-45,0.0540,1.00,no
2026-10-05T02:43:10.785164Z,KXSILVER15M-26OCT042245-45,0.0500,1.00,no
2026-10-05T02:43:10.785164Z,KXSILVER15M-26OCT042245-45,0.0500,1.00,no
2026-10-05T02:43:10.785164Z,KXSILVER15M-26OCT042245-45,0.0500,5.00,no
2026-10-05T02:43:10.785164Z,KXSILVER15M-26OCT042245-45,0.0500,3.00,no
2026-10-05T02:43:10.785756Z,KXSILVER15M-26OCT042245-45,0.0510,4.00,no
2026-10-05T02:43:10.785756Z,KXSILVER15M-26OCT042245-45,0.0450,13.86,no
2026-10-05T02:43:10.785756Z,KXSILVER15M-26OCT042245-45,0.0500,6.83,no
2026-10-05T02:43:10.785756Z,KXSILVER15M-26OCT042245-45,0.0500,8.90,no
2026-10-05T02:43:10.785756Z,KXSILVER15M-26OCT042245-45,0.0500,0.84,no
2026-10-05T02:43:10.785756Z,KXSILVER15M-26OCT042245-45,0.0500,0.29,no
2026-10-05T02:43:11.922623Z,KXSILVER15M-26OCT042245-45,0.0450,52.00,no
2026-10-05T02:43:11.988315Z,KXSILVER15M-26OCT042245-45,0.0420,8.41,no
2026-10-05T02:43:11.988315Z,KXSILVER15M-26OCT042245-45,0.0440,2.00,no
2026-10-05T02:43:12.308535Z,KXSILVER15M-26OCT042245-45,0.0460,20.37,yes
2026-10-05T02:43:12.422537Z,KXSILVER15M-26OCT042245-45,0.0460,5.37,yes
2026-10-05T02:43:12.628603Z,KXSILVER15M-26OCT042245-45,0.0460,6.87,yes
2026-10-05T02:43:12.66709Z,KXSILVER15M-26OCT042245-45,0.0460,1.12,yes
2026-10-05T02:43:12.883252Z,KXSILVER15M-26OCT042245-45,0.0460,140.71,yes
2026-10-05T02:43:13.248012Z,KXSILVER15M-26OCT042245-45,0.0460,1.08,yes
2026-10-05T02:43:13.375391Z,KXSILVER15M-26OCT042245-45,0.0460,4.07,yes
2026-10-05T02:43:13.693248Z,KXSILVER15M-26OCT042245-45,0.0460,31.66,yes
2026-10-05T02:43:14.03665Z,KXSILVER15M-26OCT042245-45,0.0400,1.00,no
2026-10-05T02:43:14.84571Z,KXSILVER15M-26OCT042245-45,0.0400,42.79,yes
2026-10-05T02:43:15.567148Z,KXSILVER15M-26OCT042245-45,0.0350,507.84,yes
2026-10-05T02:43:15.651659Z,KXSILVER15M-26OCT042245-45,0.0340,1.15,no
2026-10-05T02:43:15.651659Z,KXSILVER15M-26OCT042245-45,0.0340,4.00,no
2026-10-05T02:43:15.872676Z,KXSILVER15M-26OCT042245-45,0.0380,9.00,yes
2026-10-05T02:43:15.872676Z,KXSILVER15M-26OCT042245-45,0.0450,11.00,yes
2026-10-05T02:43:15.872676Z,KXSILVER15M-26OCT042245-45,0.0460,350.00,yes
2026-10-05T02:43:15.872676Z,KXSILVER15M-26OCT042245-45,0.0510,1579.16,yes
2026-10-05T02:43:15.872676Z,KXSILVER15M-26OCT042245-45,0.0350,192.16,yes
2026-10-05T02:43:15.872676Z,KXSILVER15M-26OCT042245-45,0.0450,6.00,yes
2026-10-05T02:43:17.471258Z,KXSILVER15M-26OCT042245-45,0.0390,8.94,no
2026-10-05T02:43:17.746653Z,KXSILVER15M-26OCT042245-45,0.0440,13.00,yes
2026-10-05T02:43:17.746653Z,KXSILVER15M-26OCT042245-45,0.0460,48.50,yes
2026-10-05T02:43:20.782775Z,KXSILVER15M-26OCT042245-45,0.0400,17.87,yes
2026-10-05T02:43:20.782775Z,KXSILVER15M-26OCT042245-45,0.0400,10.00,yes
2026-10-05T02:43:21.074354Z,KXSILVER15M-26OCT042245-45,0.0340,56.80,no
2026-10-05T02:43:21.271477Z,KXSILVER15M-26OCT042245-45,0.0400,9.37,yes
2026-10-05T02:43:22.395874Z,KXSILVER15M-26OCT042245-45,0.0400,5.19,no
2026-10-05T02:43:22.588851Z,KXSILVER15M-26OCT042245-45,0.0380,22.00,no
2026-10-05T02:43:22.720714Z,KXSILVER15M-26OCT042245-45,0.0320,4.00,no
2026-10-05T02:43:22.720714Z,KXSILVER15M-26OCT042245-45,0.0310,9.67,no
2026-10-05T02:43:23.058575Z,KXSILVER15M-26OCT042245-45,0.0300,9.25,no
2026-10-05T02:43:23.058575Z,KXSILVER15M-26OCT042245-45,0.0300,5.62,no
2026-10-05T02:43:23.058575Z,KXSILVER15M-26OCT042245-45,0.0300,0.13,no
2026-10-05T02:43:23.058575Z,KXSILVER15M-26OCT042245-45,0.0300,1.00,no
2026-10-05T02:43:23.521233Z,KXSILVER15M-26OCT042245-45,0.0300,6.39,no
2026-10-05T02:43:23.522719Z,KXSILVER15M-26OCT042245-45,0.0300,7.68,no
2026-10-05T02:43:23.523739Z,KXSILVER15M-26OCT042245-45,0.0300,7.16,no
2026-10-05T02:43:23.77727Z,KXSILVER15M-26OCT042245-45,0.0300,44.52,no
2026-10-05T02:43:24.945483Z,KXSILVER15M-26OCT042245-45,0.0270,5.00,no
2026-10-05T02:43:25.133419Z,KXSILVER15M-26OCT042245-45,0.0300,23.68,yes
2026-10-05T02:43:25.882956Z,KXSILVER15M-26OCT042245-45,0.0300,21.21,yes
2026-10-05T02:43:25.882956Z,KXSILVER15M-26OCT042245-45,0.0300,10.00,yes
2026-10-05T02:43:27.092798Z,KXSILVER15M-26OCT042245-45,0.0280,5.00,yes
2026-10-05T02:43:27.092798Z,KXSILVER15M-26OCT042245-45,0.0280,1.00,yes
2026-10-05T02:43:27.092798Z,KXSILVER15M-26OCT042245-45,0.0280,10.00,yes
2026-10-05T02:43:27.100469Z,KXSILVER15M-26OCT042245-45,0.0240,7.00,no
2026-10-05T02:43:27.260001Z,KXSILVER15M-26OCT042245-45,0.0240,1.00,no
2026-10-05T02:43:27.260001Z,KXSILVER15M-26OCT042245-45,0.0200,21.42,no
2026-10-05T02:43:27.260001Z,KXSILVER15M-26OCT042245-45,0.0220,1.00,no
2026-10-05T02:43:27.260001Z,KXSILVER15M-26OCT042245-45,0.0200,1.00,no
2026-10-05T02:43:27.723159Z,KXSILVER15M-26OCT042245-45,0.0200,7.13,no
2026-10-05T02:43:28.335425Z,KXSILVER15M-26OCT042245-45,0.0210,4.31,yes
2026-10-05T02:43:28.437482Z,KXSILVER15M-26OCT042245-45,0.0210,4.95,yes
2026-10-05T02:43:28.483634Z,KXSILVER15M-26OCT042245-45,0.0210,11.14,yes
2026-10-05T02:43:28.917196Z,KXSILVER15M-26OCT042245-45,0.0200,5.09,no
2026-10-05T02:43:29.857547Z,KXSILVER15M-26OCT042245-45,0.0200,5.63,no
2026-10-05T02:43:29.857547Z,KXSILVER15M-26OCT042245-45,0.0170,22.80,no
2026-10-05T02:43:29.857547Z,KXSILVER15M-26OCT042245-45,0.0200,16.36,no
2026-10-05T02:43:29.857547Z,KXSILVER15M-26OCT042245-45,0.0200,0.21,no
2026-10-05T02:43:29.905304Z,KXSILVER15M-26OCT042245-45,0.0210,19.95,yes
2026-10-05T02:43:30.079976Z,KXSILVER15M-26OCT042245-45,0.0210,44.56,yes
2026-10-05T02:43:30.302766Z,KXSILVER15M-26OCT042245-45,0.0210,111.41,yes
2026-10-05T02:43:30.614467Z,KXSILVER15M-26OCT042245-45,0.0210,30.89,yes
2026-10-05T02:43:30.918953Z,KXSILVER15M-26OCT042245-45,0.0210,42.78,yes
2026-10-05T02:43:32.377725Z,KXSILVER15M-26OCT042245-45,0.0170,1.00,no
2026-10-05T02:43:32.760593Z,KXSILVER15M-26OCT042245-45,0.0210,21.57,yes
2026-10-05T02:43:33.358Z,KXSILVER15M-26OCT042245-45,0.0170,15.69,no
2026-10-05T02:43:33.663138Z,KXSILVER15M-26OCT042245-45,0.0210,75.00,yes
2026-10-05T02:43:33.825361Z,KXSILVER15M-26OCT042245-45,0.0140,7.00,no
2026-10-05T02:43:33.825361Z,KXSILVER15M-26OCT042245-45,0.0140,8.00,no
2026-10-05T02:43:33.825361Z,KXSILVER15M-26OCT042245-45,0.0140,25.99,no
2026-10-05T02:43:34.542364Z,KXSILVER15M-26OCT042245-45,0.0100,1.69,no
2026-10-05T02:43:34.542364Z,KXSILVER15M-26OCT042245-45,0.0070,1665.25,no
2026-10-05T02:43:34.542364Z,KXSILVER15M-26OCT042245-45,0.0110,6.83,no
2026-10-05T02:43:34.542364Z,KXSILVER15M-26OCT042245-45,0.0130,150.00,no
2026-10-05T02:43:34.542364Z,KXSILVER15M-26OCT042245-45,0.0140,8.00,no
2026-10-05T02:43:34.542364Z,KXSILVER15M-26OCT042245-45,0.0100,2100.00,no
2026-10-05T02:43:34.542364Z,KXSILVER15M-26OCT042245-45,0.0140,10.00,no
2026-10-05T02:43:34.542364Z,KXSILVER15M-26OCT042245-45,0.0020,1.00,no
2026-10-05T02:43:34.542364Z,KXSILVER15M-26OCT042245-45,0.0040,182.75,no
2026-10-05T02:43:34.542364Z,KXSILVER15M-26OCT042245-45,0.0020,1.00,no
2026-10-05T02:43:34.542364Z,KXSILVER15M-26OCT042245-45,0.0100,24.00,no
2026-10-05T02:43:34.542364Z,KXSILVER15M-26OCT042245-45,0.0140,110.01,no
2026-10-05T02:43:34.542364Z,KXSILVER15M-26OCT042245-45,0.0040,30.00,no
2026-10-05T02:43:34.542364Z,KXSILVER15M-26OCT042245-45,0.0040,60.00,no
2026-10-05T02:43:34.542364Z,KXSILVER15M-26OCT042245-45,0.0020,10.00,no
2026-10-05T02:43:34.542364Z,KXSILVER15M-26OCT042245-45,0.0020,1000.00,no
2026-10-05T02:43:34.542364Z,KXSILVER15M-26OCT042245-45,0.0100,25.00,no
2026-10-05T02:43:34.542364Z,KXSILVER15M-26OCT042245-45,0.0010,1999.04,no
2026-10-05T02:43:34.542364Z,KXSILVER15M-26OCT042245-45,0.0020,500.00,no
2026-10-05T02:43:34.542364Z,KXSILVER15M-26OCT042245-45,0.0030,250.00,no
2026-10-05T02:43:34.542364Z,KXSILVER15M-26OCT042245-45,0.0020,2000.00,no
2026-10-05T02:43:34.542364Z,KXSILVER15M-26OCT042245-45,0.0010,1.00,no
2026-10-05T02:43:34.542364Z,KXSILVER15M-26OCT042245-45,0.0010,500.00,no
2026-10-05T02:43:34.542364Z,KXSILVER15M-26OCT042245-45,0.0020,1200.00,no
2026-10-05T02:43:34.542364Z,KXSILVER15M-26OCT042245-45,0.0110,2.00,no
2026-10-05T02:43:34.542364Z,KXSILVER15M-26OCT042245-45,0.0110,1.00,no
2026-10-05T02:43:34.542364Z,KXSILVER15M-26OCT042245-45,0.0110,100.00,no
2026-10-05T02:43:34.542364Z,KXSILVER15M-26OCT042245-45,0.0110,20.00,no
2026-10-05T02:43:34.542364Z,KXSILVER15M-26OCT042245-45,0.0110,10.00,no
2026-10-05T02:43:34.542364Z,KXSILVER15M-26OCT042245-45,0.0110,2.00,no
2026-10-05T02:43:34.542364Z,KXSILVER15M-26OCT042245-45,0.0100,2.00,no
2026-10-05T02:43:34.555475Z,KXSILVER15M-26OCT042245-45,0.0140,10.00,no
2026-10-05T02:43:34.758012Z,KXSILVER15M-26OCT042245-45,0.0050,29.86,yes
2026-10-05T02:43:35.043858Z,KXSILVER15M-26OCT042245-45,0.0050,22.98,yes
2026-10-05T02:43:35.048586Z,KXSILVER15M-26OCT042245-45,0.0030,4.85,no
2026-10-05T02:43:35.331377Z,KXSILVER15M-26OCT042245-45,0.0050,1.00,yes
2026-10-05T02:43:36.50885Z,KXSILVER15M-26OCT042245-45,0.0050,65.44,yes
2026-10-05T02:43:36.781288Z,KXSILVER15M-26OCT042245-45,0.0040,100.27,no
2026-10-05T02:43:36.880748Z,KXSILVER15M-26OCT042245-45,0.0050,25.00,yes
2026-10-05T02:43:37.510199Z,KXSILVER15M-26OCT042245-45,0.0040,1.00,no
2026-10-05T02:43:37.535175Z,KXSILVER15M-26OCT042245-45,0.0040,37.12,no
2026-10-05T02:43:37.69165Z,KXSILVER15M-26OCT042245-45,0.0050,976.93,yes
2026-10-05T02:43:38.504932Z,KXSILVER15M-26OCT042245-45,0.0050,5.00,yes
2026-10-05T02:43:40.622126Z,KXSILVER15M-26OCT042245-45,0.0050,186.97,yes
2026-10-05T02:43:40.931993Z,KXSILVER15M-26OCT042245-45,0.0050,93.49,yes
2026-10-05T02:43:41.131417Z,KXSILVER15M-26OCT042245-45,0.0050,0.81,yes
2026-10-05T02:43:41.152904Z,KXSILVER15M-26OCT042245-45,0.0040,1.45,no
2026-10-05T02:43:41.16372Z,KXSILVER15M-26OCT042245-45,0.0040,15.00,no
2026-10-05T02:43:41.837217Z,KXSILVER15M-26OCT042245-45,0.0050,22.78,yes
2026-10-05T02:43:44.433727Z,KXSILVER15M-26OCT042245-45,0.0050,559.74,yes
2026-10-05T02:43:44.433727Z,KXSILVER15M-26OCT042245-45,0.0050,108.26,yes
2026-10-05T02:43:44.433727Z,KXSILVER15M-26OCT042245-45,0.0050,1200.00,yes
2026-10-05T02:43:45.003874Z,KXSILVER15M-26OCT042245-45,0.0050,8.37,yes
2026-10-05T02:43:45.18464Z,KXSILVER15M-26OCT042245-45,0.0050,306.13,yes
2026-10-05T02:43:45.413286Z,KXSILVER15M-26OCT042245-45,0.0050,1.11,yes
2026-10-05T02:43:45.71758Z,KXSILVER15M-26OCT042245-45,0.0040,83.39,no
2026-10-05T02:43:45.942363Z,KXSILVER15M-26OCT042245-45,0.0050,146.76,yes
2026-10-05T02:43:47.996931Z,KXSILVER15M-26OCT042245-45,0.0050,37.39,yes
2026-10-05T02:43:48.266486Z,KXSILVER15M-26OCT042245-45,0.0050,9.16,yes
2026-10-05T02:43:48.480258Z,KXSILVER15M-26OCT042245-45,0.0040,141.00,no
2026-10-05T02:43:48.480258Z,KXSILVER15M-26OCT042245-45,0.0030,60.00,no
2026-10-05T02:43:48.480258Z,KXSILVER15M-26OCT042245-45,0.0030,6.00,no
2026-10-05T02:43:50.399718Z,KXSILVER15M-26OCT042245-45,0.0050,500.00,yes
2026-10-05T02:43:50.399718Z,KXSILVER15M-26OCT042245-45,0.0050,8.37,yes
2026-10-05T02:43:50.399718Z,KXSILVER15M-26OCT042245-45,0.0050,382.82,yes
2026-10-05T02:43:50.399718Z,KXSILVER15M-26OCT042245-45,0.0050,25.00,yes
2026-10-05T02:43:53.201898Z,KXSILVER15M-26OCT042245-45,0.0040,2.00,no
2026-10-05T02:43:53.519183Z,KXSILVER15M-26OCT042245-45,0.0040,4.04,no
2026-10-05T02:43:53.884468Z,KXSILVER15M-26OCT042245-45,0.0050,241.63,yes
2026-10-05T02:43:53.884468Z,KXSILVER15M-26OCT042245-45,0.0050,1628.14,yes
2026-10-05T02:43:54.583068Z,KXSILVER15M-26OCT042245-45,0.0050,186.97,yes
2026-10-05T02:43:55.663789Z,KXSILVER15M-26OCT042245-45,0.0050,44.87,yes
2026-10-05T02:43:56.331673Z,KXSILVER15M-26OCT042245-45,0.0040,72.50,no
2026-10-05T02:43:56.385506Z,KXSILVER15M-26OCT042245-45,0.0110,9.00,yes
2026-10-05T02:43:56.385506Z,KXSILVER15M-26OCT042245-45,0.0050,139.06,yes
2026-10-05T02:43:56.385506Z,KXSILVER15M-26OCT042245-45,0.0110,10.91,yes
2026-10-05T02:43:58.926476Z,KXSILVER15M-26OCT042245-45,0.0110,9.00,yes
2026-10-05T02:43:58.926476Z,KXSILVER15M-26OCT042245-45,0.0110,76.02,yes
2026-10-05T02:44:01.140117Z,KXSILVER15M-26OCT042245-45,0.0060,24.43,no
2026-10-05T02:44:03.560161Z,KXSILVER15M-26OCT042245-45,0.0110,66.98,yes
2026-10-05T02:44:03.560161Z,KXSILVER15M-26OCT042245-45,0.0110,0.01,yes
2026-10-05T02:44:03.560161Z,KXSILVER15M-26OCT042245-45,0.0110,10.00,yes
2026-10-05T02:44:03.560161Z,KXSILVER15M-26OCT042245-45,0.0110,9.00,yes
2026-10-05T02:44:03.560161Z,KXSILVER15M-26OCT042245-45,0.0110,6.00,yes
2026-10-05T02:44:03.560161Z,KXSILVER15M-26OCT042245-45,0.0120,179.27,yes
2026-10-05T02:44:03.560161Z,KXSILVER15M-26OCT042245-45,0.0110,137.00,yes
2026-10-05T02:44:07.6833Z,KXSILVER15M-26OCT042245-45,0.0060,3.40,no
2026-10-05T02:44:11.288652Z,KXSILVER15M-26OCT042245-45,0.0090,77.94,yes
2026-10-05T02:44:12.772033Z,KXSILVER15M-26OCT042245-45,0.0100,93.51,yes
2026-10-05T02:44:12.830336Z,KXSILVER15M-26OCT042245-45,0.0110,1.79,yes
2026-10-05T02:44:15.338229Z,KXSILVER15M-26OCT042245-45,0.0050,5.02,no
2026-10-05T02:44:15.377023Z,KXSILVER15M-26OCT042245-45,0.0110,9.00,yes
2026-10-05T02:44:15.377023Z,KXSILVER15M-26OCT042245-45,0.0120,32.74,yes
2026-10-05T02:44:15.377023Z,KXSILVER15M-26OCT042245-45,0.0110,40.00,yes
2026-10-05T02:44:17.827169Z,KXSILVER15M-26OCT042245-45,0.0050,2.00,no
2026-10-05T02:44:19.555381Z,KXSILVER15M-26OCT042245-45,0.0050,7.48,no
2026-10-05T02:44:19.555381Z,KXSILVER15M-26OCT042245-45,0.0050,92.98,no
2026-10-05T02:44:21.143948Z,KXSILVER15M-26OCT042245-45,0.0050,4.52,no
2026-10-05T02:44:21.143948Z,KXSILVER15M-26OCT042245-45,0.0050,6.00,no
2026-10-05T02:44:21.143948Z,KXSILVER15M-26OCT042245-45,0.0050,1.95,no
2026-10-05T02:44:21.143948Z,KXSILVER15M-26OCT042245-45,0.0050,1.00,no
2026-10-05T02:44:21.876603Z,KXSILVER15M-26OCT042245-45,0.0040,143.70,no
2026-10-05T02:44:21.876603Z,KXSILVER15M-26OCT042245-45,0.0050,133.05,no
2026-10-05T02:44:21.876603Z,KXSILVER15M-26OCT042245-45,0.0050,7.48,no
2026-10-05T02:44:21.876603Z,KXSILVER15M-26OCT042245-45,0.0050,4.52,no
2026-10-05T02:44:22.360542Z,KXSILVER15M-26OCT042245-45,0.0050,10.03,no
2026-10-05T02:44:22.892684Z,KXSILVER15M-26OCT042245-45,0.0200,268.57,yes
2026-10-05T02:44:22.892684Z,KXSILVER15M-26OCT042245-45,0.0190,4.00,yes
2026-10-05T02:44:22.892684Z,KXSILVER15M-26OCT042245-45,0.0120,667.26,yes
2026-10-05T02:44:22.892684Z,KXSILVER15M-26OCT042245-45,0.0110,140.00,yes
2026-10-05T02:44:22.892684Z,KXSILVER15M-26OCT042245-45,0.0110,9.00,yes
2026-10-05T02:44:22.892684Z,KXSILVER15M-26OCT042245-45,0.0110,0.01,yes
2026-10-05T02:44:22.892684Z,KXSILVER15M-26OCT042245-45,0.0120,300.00,yes
2026-10-05T02:44:25.361632Z,KXSILVER15M-26OCT042245-45,0.0100,12.74,yes
2026-10-05T02:44:25.361632Z,KXSILVER15M-26OCT042245-45,0.0100,11.00,yes
2026-10-05T02:44:25.800035Z,KXSILVER15M-26OCT042245-45,0.0050,3.97,no
2026-10-05T02:44:25.800035Z,KXSILVER15M-26OCT042245-45,0.0050,1.00,no
2026-10-05T02:44:26.30152Z,KXSILVER15M-26OCT042245-45,0.0060,44.00,no
2026-10-05T02:44:26.30152Z,KXSILVER15M-26OCT042245-45,0.0110,4.00,no
2026-10-05T02:44:26.619444Z,KXSILVER15M-26OCT042245-45,0.0150,59.87,yes
2026-10-05T02:44:26.619444Z,KXSILVER15M-26OCT042245-45,0.0120,69.00,yes
2026-10-05T02:44:26.619444Z,KXSILVER15M-26OCT042245-45,0.0140,10.00,yes
2026-10-05T02:44:27.668619Z,KXSILVER15M-26OCT042245-45,0.0050,32.00,no
2026-10-05T02:44:27.668619Z,KXSILVER15M-26OCT042245-45,0.0050,1.00,no
2026-10-05T02:44:28.121778Z,KXSILVER15M-26OCT042245-45,0.0040,10.00,no
2026-10-05T02:44:28.121778Z,KXSILVER15M-26OCT042245-45,0.0040,15.09,no
2026-10-05T02:44:30.159216Z,KXSILVER15M-26OCT042245-45,0.0040,10.00,no
2026-10-05T02:44:30.159216Z,KXSILVER15M-26OCT042245-45,0.0040,1.00,no
2026-10-05T02:44:30.159216Z,KXSILVER15M-26OCT042245-45,0.0040,29.25,no
2026-10-05T02:44:31.018028Z,KXSILVER15M-26OCT042245-45,0.0070,0.85,yes
2026-10-05T02:44:31.413578Z,KXSILVER15M-26OCT042245-45,0.0040,15.94,yes
2026-10-05T02:44:34.008188Z,KXSILVER15M-26OCT042245-45,0.0210,48.50,yes
2026-10-05T02:44:34.008188Z,KXSILVER15M-26OCT042245-45,0.0200,231.43,yes
2026-10-05T02:44:34.008188Z,KXSILVER15M-26OCT042245-45,0.0190,6.00,yes
2026-10-05T02:44:34.008188Z,KXSILVER15M-26OCT042245-45,0.0060,42.00,yes
2026-10-05T02:44:34.008188Z,KXSILVER15M-26OCT042245-45,0.0190,9.00,yes
2026-10-05T02:44:34.008188Z,KXSILVER15M-26OCT042245-45,0.0080,300.00,yes
2026-10-05T02:44:34.008188Z,KXSILVER15M-26OCT042245-45,0.0110,1.00,yes
2026-10-05T02:44:34.008188Z,KXSILVER15M-26OCT042245-45,0.0040,117.06,yes
2026-10-05T02:44:34.008188Z,KXSILVER15M-26OCT042245-45,0.0040,0.01,yes
2026-10-05T02:44:34.44533Z,KXSILVER15M-26OCT042245-45,0.0030,8.41,no
2026-10-05T02:44:35.453118Z,KXSILVER15M-26OCT042245-45,0.0030,1.00,no
2026-10-05T02:44:35.453118Z,KXSILVER15M-26OCT042245-45,0.0030,8.41,no
2026-10-05T02:44:35.453118Z,KXSILVER15M-26OCT042245-45,0.0030,6.00,no
2026-10-05T02:44:35.453118Z,KXSILVER15M-26OCT042245-45,0.0030,0.59,no
2026-10-05T02:44:35.453118Z,KXSILVER15M-26OCT042245-45,0.0030,36.00,no
2026-10-05T02:44:36.105514Z,KXSILVER15M-26OCT042245-45,0.0020,3.00,no
2026-10-05T02:44:38.52121Z,KXSILVER15M-26OCT042245-45,0.0060,152.71,yes
2026-10-05T02:44:39.951033Z,KXSILVER15M-26OCT042245-45,0.0020,500.00,no
2026-10-05T02:44:40.763197Z,KXSILVER15M-26OCT042245-45,0.0060,19.70,yes
2026-10-05T02:44:40.763197Z,KXSILVER15M-26OCT042245-45,0.0060,0.01,yes
2026-10-05T02:44:40.763197Z,KXSILVER15M-26OCT042245-45,0.0060,133.00,yes
2026-10-05T02:44:41.428084Z,KXSILVER15M-26OCT042245-45,0.0020,1.00,no
2026-10-05T02:44:41.706277Z,KXSILVER15M-26OCT042245-45,0.0020,696.00,no
2026-10-05T02:44:41.706277Z,KXSILVER15M-26OCT042245-45,0.0010,107.00,no
2026-10-05T02:44:41.706277Z,KXSILVER15M-26OCT042245-45,0.0010,10.00,no
2026-10-05T02:44:41.706277Z,KXSILVER15M-26OCT042245-45,0.0020,1.00,no
2026-10-05T02:44:42.451374Z,KXSILVER15M-26OCT042245-45,0.0050,5.38,yes
2026-10-05T02:43:05.354547Z,KXNATGAS15M-26OCT042245-45,0.0400,15.00,yes
2026-10-05T02:43:05.354547Z,KXNATGAS15M-26OCT042245-45,0.0400,1.00,yes
2026-10-05T02:43:05.354547Z,KXNATGAS15M-26OCT042245-45,0.0400,100.00,yes
2026-10-05T02:43:05.354547Z,KXNATGAS15M-26OCT042245-45,0.0400,2.00,yes
2026-10-05T02:43:05.354547Z,KXNATGAS15M-26OCT042245-45,0.0400,2.00,yes
2026-10-05T02:43:05.354547Z,KXNATGAS15M-26OCT042245-45,0.0400,100.67,yes
2026-10-05T02:43:05.354547Z,KXNATGAS15M-26OCT042245-45,0.0400,37.01,yes
2026-10-05T02:43:12.600439Z,KXNATGAS15M-26OCT042245-45,0.0400,23.42,yes
2026-10-05T02:43:13.905021Z,KXNATGAS15M-26OCT042245-45,0.0300,5.10,no
2026-10-05T02:43:13.905021Z,KXNATGAS15M-26OCT042245-45,0.0300,15.47,no
2026-10-05T02:43:15.710798Z,KXNATGAS15M-26OCT042245-45,0.0300,4.00,no
2026-10-05T02:43:15.710798Z,KXNATGAS15M-26OCT042245-45,0.0300,1.00,no
2026-10-05T02:43:15.710798Z,KXNATGAS15M-26OCT042245-45,0.0300,2.00,no
2026-10-05T02:43:15.710798Z,KXNATGAS15M-26OCT042245-45,0.0300,0.90,no
2026-10-05T02:43:15.710798Z,KXNATGAS15M-26OCT042245-45,0.0300,25.00,no
2026-10-05T02:43:15.710798Z,KXNATGAS15M-26OCT042245-45,0.0300,2.00,no
2026-10-05T02:43:15.971996Z,KXNATGAS15M-26OCT042245-45,0.0200,8.00,no
2026-10-05T02:43:15.971996Z,KXNATGAS15M-26OCT042245-45,0.0200,1.00,no
2026-10-05T02:43:15.971996Z,KXNATGAS15M-26OCT042245-45,0.0200,10.00,no
2026-10-05T02:43:15.971996Z,KXNATGAS15M-26OCT042245-45,0.0200,6.00,no
2026-10-05T02:43:15.971996Z,KXNATGAS15M-26OCT042245-45,0.0200,50.00,no
2026-10-05T02:43:15.971996Z,KXNATGAS15M-26OCT042245-45,0.0200,11.00,no
2026-10-05T02:43:15.971996Z,KXNATGAS15M-26OCT042245-45,0.0200,3.00,no
2026-10-05T02:43:16.3066Z,KXNATGAS15M-26OCT042245-45,0.0100,4.00,no
2026-10-05T02:43:16.636731Z,KXNATGAS15M-26OCT042245-45,0.0100,9.08,no
2026-10-05T02:43:17.192613Z,KXNATGAS15M-26OCT042245-45,0.0200,72.00,yes
2026-10-05T02:43:17.192613Z,KXNATGAS15M-26OCT042245-45,0.0200,100.00,yes
2026-10-05T02:43:17.192613Z,KXNATGAS15M-26OCT042245-45,0.0200,28.00,yes
2026-10-05T02:43:19.693469Z,KXNATGAS15M-26OCT042245-45,0.0200,0.81,yes
2026-10-05T02:43:19.838861Z,KXNATGAS15M-26OCT042245-45,0.0200,22.52,yes
2026-10-05T02:43:19.838861Z,KXNATGAS15M-26OCT042245-45,0.0200,9.08,yes
2026-10-05T02:43:19.838861Z,KXNATGAS15M-26OCT042245-45,0.0200,4.00,yes
2026-10-05T02:43:19.838861Z,KXNATGAS15M-26OCT042245-45,0.0200,11.19,yes
2026-10-05T02:43:20.188869Z,KXNATGAS15M-26OCT042245-45,0.0200,1.05,yes
2026-10-05T02:43:20.513152Z,KXNATGAS15M-26OCT042245-45,0.0100,5.04,no
2026-10-05T02:43:20.524543Z,KXNATGAS15M-26OCT042245-45,0.0100,15.00,no
2026-10-05T02:43:22.23111Z,KXNATGAS15M-26OCT042245-45,0.0100,82.00,no
2026-10-05T02:43:23.182175Z,KXNATGAS15M-26OCT042245-45,0.0200,20.57,yes
2026-10-05T02:43:30.694866Z,KXNATGAS15M-26OCT042245-45,0.0100,6.15,no
2026-10-05T02:43:33.548802Z,KXNATGAS15M-26OCT042245-45,0.0100,1.00,no
2026-10-05T02:43:38.982968Z,KXNATGAS15M-26OCT042245-45,0.0100,5.00,no
2026-10-05T02:43:39.068125Z,KXNATGAS15M-26OCT042245-45,0.0100,11.10,no
2026-10-05T02:43:42.633204Z,KXNATGAS15M-26OCT042245-45,0.0100,32.03,no
2026-10-05T02:43:42.633204Z,KXNATGAS15M-26OCT042245-45,0.0100,10.05,no
2026-10-05T02:43:42.633204Z,KXNATGAS15M-26OCT042245-45,0.0100,2.00,no
2026-10-05T02:43:42.633204Z,KXNATGAS15M-26OCT042245-45,0.0100,25.00,no
2026-10-05T02:43:42.633204Z,KXNATGAS15M-26OCT042245-45,0.0100,8.97,no
2026-10-05T02:43:42.633204Z,KXNATGAS15M-26OCT042245-45,0.0100,2.00,no
2026-10-05T02:43:42.633204Z,KXNATGAS15M-26OCT042245-45,0.0100,6.00,no
2026-10-05T02:43:42.633204Z,KXNATGAS15M-26OCT042245-45,0.0100,67.90,no
2026-10-05T02:43:42.633204Z,KXNATGAS15M-26OCT042245-45,0.0100,1.00,no
2026-10-05T02:43:42.633204Z,KXNATGAS15M-26OCT042245-45,0.0100,20.00,no
2026-10-05T02:43:42.633204Z,KXNATGAS15M-26OCT042245-45,0.0100,10.00,no
2026-10-05T02:43:42.633204Z,KXNATGAS15M-26OCT042245-45,0.0100,2.00,no
2026-10-05T02:43:42.633204Z,KXNATGAS15M-26OCT042245-45,0.0100,100.00,no
2026-10-05T02:43:42.633204Z,KXNATGAS15M-26OCT042245-45,0.0100,20.00,no
2026-10-05T02:43:42.633204Z,KXNATGAS15M-26OCT042245-45,0.0100,2.00,no
2026-10-05T02:43:42.633204Z,KXNATGAS15M-26OCT042245-45,0.0100,1.00,no
2026-10-05T02:43:42.633204Z,KXNATGAS15M-26OCT042245-45,0.0100,4.02,no
2026-10-05T02:43:42.633204Z,KXNATGAS15M-26OCT042245-45,0.0100,2.00,no
2026-10-05T02:43:42.633204Z,KXNATGAS15M-26OCT042245-45,0.0100,11.18,no
2026-10-05T02:43:57.109871Z,KXNATGAS15M-26OCT042245-45,0.0100,172.85,yes
2026-10-05T02:43:57.109871Z,KXNATGAS15M-26OCT042245-45,0.0100,28.92,yes
2026-10-05T02:43:59.701123Z,KXNATGAS15M-26OCT042245-45,0.0100,5.00,yes
2026-10-05T02:43:59.701123Z,KXNATGAS15M-26OCT042245-45,0.0100,1.00,yes
2026-10-05T02:43:59.701123Z,KXNATGAS15M-26OCT042245-45,0.0100,43.29,yes
2026-10-05T02:43:59.701123Z,KXNATGAS15M-26OCT042245-45,0.0100,40.00,yes
2026-10-05T02:43:59.701123Z,KXNATGAS15M-26OCT042245-45,0.0100,71.08,yes
2026-10-05T02:43:59.701123Z,KXNATGAS15M-26OCT042245-45,0.0100,20.00,yes
2026-10-05T02:43:59.701123Z,KXNATGAS15M-26OCT042245-45,0.0100,67.90,yes
2026-10-05T02:43:59.701123Z,KXNATGAS15M-26OCT042245-45,0.0100,23.00,yes
2026-10-05T02:43:59.701123Z,KXNATGAS15M-26OCT042245-45,0.0200,60.00,yes
2026-10-05T02:43:59.701123Z,KXNATGAS15M-26OCT042245-45,0.0100,42.00,yes
2026-10-05T02:43:59.701123Z,KXNATGAS15M-26OCT042245-45,0.0200,30.00,yes
2026-10-05T02:43:59.701123Z,KXNATGAS15M-26OCT042245-45,0.0200,226.76,yes
2026-10-05T02:43:59.701123Z,KXNATGAS15M-26OCT042245-45,0.0100,82.00,yes
2026-10-05T02:44:00.055112Z,KXNATGAS15M-26OCT042245-45,0.0100,3.05,no
2026-10-05T02:44:00.055112Z,KXNATGAS15M-26OCT042245-45,0.0100,2.00,no
2026-10-05T02:44:11.676906Z,KXNATGAS15M-26OCT042245-45,0.0200,2.00,yes
2026-10-05T02:44:11.676906Z,KXNATGAS15M-26OCT042245-45,0.0300,33.06,yes
2026-10-05T02:44:11.676906Z,KXNATGAS15M-26OCT042245-45,0.0200,23.24,yes
2026-10-05T02:44:11.676906Z,KXNATGAS15M-26OCT042245-45,0.0200,2.00,yes
2026-10-05T02:44:11.676906Z,KXNATGAS15M-26OCT042245-45,0.0100,15.00,yes
2026-10-05T02:44:11.676906Z,KXNATGAS15M-26OCT042245-45,0.0100,60.00,yes
2026-10-05T02:44:11.676906Z,KXNATGAS15M-26OCT042245-45,0.0100,30.00,yes
2026-10-05T02:44:11.676906Z,KXNATGAS15M-26OCT042245-45,0.0100,100.00,yes
2026-10-05T02:44:11.676906Z,KXNATGAS15M-26OCT042245-45,0.0100,39.00,yes
2026-10-05T02:44:11.676906Z,KXNATGAS15M-26OCT042245-45,0.0200,17.00,yes
2026-10-05T02:44:11.676906Z,KXNATGAS15M-26OCT042245-45,0.0200,2.00,yes
2026-10-05T02:44:11.676906Z,KXNATGAS15M-26OCT042245-45,0.0200,1.00,yes
2026-10-05T02:44:11.71577Z,KXNATGAS15M-26OCT042245-45,0.0100,13.00,no
2026-10-05T02:44:11.71577Z,KXNATGAS15M-26OCT042245-45,0.0100,2.00,no
2026-10-05T02:44:26.143814Z,KXNATGAS15M-26OCT042245-45,0.0100,7.37,yes
2026-10-05T02:44:36.917663Z,KXNATGAS15M-26OCT042245-45,0.0100,27.63,yes
2026-10-05T02:44:36.917663Z,KXNATGAS15M-26OCT042245-45,0.0100,7.34,yes
2026-10-05T02:44:46.490274Z,KXNATGAS15M-26OCT042245-45,0.0100,60.85,yes
2026-10-05T02:44:46.490274Z,KXNATGAS15M-26OCT042245-45,0.0100,32.66,yes
2026-10-05T02:42:59.378708Z,KXWTI15M-26OCT042245-45,0.9880,13.00,no
2026-10-05T02:42:59.378708Z,KXWTI15M-26OCT042245-45,0.9890,145.31,no
2026-10-05T02:42:59.378708Z,KXWTI15M-26OCT042245-45,0.9890,155.64,no
2026-10-05T02:42:59.378708Z,KXWTI15M-26OCT042245-45,0.9900,8.00,no
2026-10-05T02:42:59.378708Z,KXWTI15M-26OCT042245-45,0.9870,37.41,no
2026-10-05T02:42:59.378708Z,KXWTI15M-26OCT042245-45,0.9890,400.00,no
2026-10-05T02:42:59.378708Z,KXWTI15M-26OCT042245-45,0.9890,61.05,no
2026-10-05T02:42:59.378708Z,KXWTI15M-26OCT042245-45,0.9900,23.00,no
2026-10-05T02:43:01.390071Z,KXWTI15M-26OCT042245-45,0.9860,5.11,no
2026-10-05T02:43:04.111814Z,KXWTI15M-26OCT042245-45,0.9860,34.89,no
2026-10-05T02:43:04.111814Z,KXWTI15M-26OCT042245-45,0.9840,19.00,no
2026-10-05T02:43:04.111814Z,KXWTI15M-26OCT042245-45,0.9830,7.60,no
2026-10-05T02:43:04.479095Z,KXWTI15M-26OCT042245-45,0.9860,17.00,yes
2026-10-05T02:43:04.479095Z,KXWTI15M-26OCT042245-45,0.9840,4.10,yes
2026-10-05T02:43:04.479095Z,KXWTI15M-26OCT042245-45,0.9920,5.90,yes
2026-10-05T02:43:04.479095Z,KXWTI15M-26OCT042245-45,0.9840,4.00,yes
2026-10-05T02:43:04.663882Z,KXWTI15M-26OCT042245-45,0.9800,294.32,no
2026-10-05T02:43:04.663882Z,KXWTI15M-26OCT042245-45,0.9820,3.00,no
2026-10-05T02:43:04.663882Z,KXWTI15M-26OCT042245-45,0.9830,192.40,no
2026-10-05T02:43:04.663882Z,KXWTI15M-26OCT042245-45,0.9810,1.00,no
2026-10-05T02:43:04.663882Z,KXWTI15M-26OCT042245-45,0.9810,6.00,no
2026-10-05T02:43:06.140912Z,KXWTI15M-26OCT042245-45,0.9880,40.00,no
2026-10-05T02:43:06.617867Z,KXWTI15M-26OCT042245-45,0.9900,45.00,no
2026-10-05T02:43:07.652877Z,KXWTI15M-26OCT042245-45,0.9900,5.00,yes
2026-10-05T02:43:10.602173Z,KXWTI15M-26OCT042245-45,0.9800,2.09,no
2026-10-05T02:43:10.602173Z,KXWTI15M-26OCT042245-45,0.9800,2.00,no
2026-10-05T02:43:10.602173Z,KXWTI15M-26OCT042245-45,0.9800,1.00,no
2026-10-05T02:43:10.91692Z,KXWTI15M-26OCT042245-45,0.9800,46.79,no
2026-10-05T02:43:11.967191Z,KXWTI15M-26OCT042245-45,0.9770,5.00,no
2026-10-05T02:43:11.967191Z,KXWTI15M-26OCT042245-45,0.9770,2.00,no
2026-10-05T02:43:13.636512Z,KXWTI15M-26OCT042245-45,0.9760,3.00,no
2026-10-05T02:43:13.636512Z,KXWTI15M-26OCT042245-45,0.9760,36.00,no
2026-10-05T02:43:14.388679Z,KXWTI15M-26OCT042245-45,0.9800,39.00,no
2026-10-05T02:43:14.715791Z,KXWTI15M-26OCT042245-45,0.9800,2.00,no
2026-10-05T02:43:15.067604Z,KXWTI15M-26OCT042245-45,0.9800,15.83,no
2026-10-05T02:43:15.48132Z,KXWTI15M-26OCT042245-45,0.9740,5.00,no
2026-10-05T02:43:15.48132Z,KXWTI15M-26OCT042245-45,0.9730,12.32,no
2026-10-05T02:43:16.24741Z,KXWTI15M-26OCT042245-45,0.9860,95.00,yes
2026-10-05T02:43:16.24741Z,KXWTI15M-26OCT042245-45,0.9860,6.05,yes
2026-10-05T02:43:18.999755Z,KXWTI15M-26OCT042245-45,0.9690,5.00,no
2026-10-05T02:43:18.999755Z,KXWTI15M-26OCT042245-45,0.9700,10.00,no
2026-10-05T02:43:18.999755Z,KXWTI15M-26OCT042245-45,0.9680,137.55,no
2026-10-05T02:43:18.999755Z,KXWTI15M-26OCT042245-45,0.9700,90.00,no
2026-10-05T02:43:18.999755Z,KXWTI15M-26OCT042245-45,0.9700,60.00,no
2026-10-05T02:43:19.056739Z,KXWTI15M-26OCT042245-45,0.9690,3.05,no
2026-10-05T02:43:20.846511Z,KXWTI15M-26OCT042245-45,0.9710,1.61,no
2026-10-05T02:43:21.251183Z,KXWTI15M-26OCT042245-45,0.9830,36.00,yes
2026-10-05T02:43:21.944701Z,KXWTI15M-26OCT042245-45,0.9720,33.43,no
2026-10-05T02:43:22.945112Z,KXWTI15M-26OCT042245-45,0.9840,8.00,yes
2026-10-05T02:43:23.038704Z,KXWTI15M-26OCT042245-45,0.9830,5.00,no
2026-10-05T02:43:23.714307Z,KXWTI15M-26OCT042245-45,0.9820,14.42,no
2026-10-05T02:43:24.368149Z,KXWTI15M-26OCT042245-45,0.9800,90.00,no
2026-10-05T02:43:24.368149Z,KXWTI15M-26OCT042245-45,0.9810,5.00,no
2026-10-05T02:43:24.368149Z,KXWTI15M-26OCT042245-45,0.9810,74.00,no
2026-10-05T02:43:26.065358Z,KXWTI15M-26OCT042245-45,0.9860,51.98,no
2026-10-05T02:43:27.213763Z,KXWTI15M-26OCT042245-45,0.9860,148.02,no
2026-10-05T02:43:27.213763Z,KXWTI15M-26OCT042245-45,0.9850,5.00,no
2026-10-05T02:43:27.213763Z,KXWTI15M-26OCT042245-45,0.9820,5.00,no
2026-10-05T02:43:29.253958Z,KXWTI15M-26OCT042245-45,0.9860,17.00,no
2026-10-05T02:43:29.253958Z,KXWTI15M-26OCT042245-45,0.9870,3.00,no
2026-10-05T02:43:30.323719Z,KXWTI15M-26OCT042245-45,0.9900,19.00,yes
2026-10-05T02:43:32.702808Z,KXWTI15M-26OCT042245-45,0.9900,6.00,yes
2026-10-05T02:43:33.221006Z,KXWTI15M-26OCT042245-45,0.9930,44.68,yes
2026-10-05T02:43:33.221006Z,KXWTI15M-26OCT042245-45,0.9930,30.00,yes
2026-10-05T02:43:34.62753Z,KXWTI15M-26OCT042245-45,0.9930,60.00,yes
2026-10-05T02:43:38.043214Z,KXWTI15M-26OCT042245-45,0.9950,15.00,yes
2026-10-05T02:43:38.043214Z,KXWTI15M-26OCT042245-45,0.9950,35.00,yes
2026-10-05T02:43:38.043214Z,KXWTI15M-26OCT042245-45,0.9950,30.00,yes
2026-10-05T02:43:38.043214Z,KXWTI15M-26OCT042245-45,0.9950,50.00,yes
2026-10-05T02:43:38.043214Z,KXWTI15M-26OCT042245-45,0.9950,11.00,yes
2026-10-05T02:43:38.448074Z,KXWTI15M-26OCT042245-45,0.9840,13.00,no
2026-10-05T02:43:38.448074Z,KXWTI15M-26OCT042245-45,0.9860,40.00,no
2026-10-05T02:43:38.448074Z,KXWTI15M-26OCT042245-45,0.9840,2.00,no
2026-10-05T02:43:38.448074Z,KXWTI15M-26OCT042245-45,0.9830,33.23,no
2026-10-05T02:43:38.448074Z,KXWTI15M-26OCT042245-45,0.9860,27.00,no
2026-10-05T02:43:38.448074Z,KXWTI15M-26OCT042245-45,0.9860,19.00,no
2026-10-05T02:43:38.448074Z,KXWTI15M-26OCT042245-45,0.9860,6.00,no
2026-10-05T02:43:38.448074Z,KXWTI15M-26OCT042245-45,0.9860,183.00,no
2026-10-05T02:43:40.166745Z,KXWTI15M-26OCT042245-45,0.9820,3.99,no
2026-10-05T02:43:40.166745Z,KXWTI15M-26OCT042245-45,0.9820,2.00,no
2026-10-05T02:43:40.166745Z,KXWTI15M-26OCT042245-45,0.9820,7.00,no
2026-10-05T02:43:40.71219Z,KXWTI15M-26OCT042245-45,0.9960,1.00,yes
2026-10-05T02:43:40.871383Z,KXWTI15M-26OCT042245-45,0.9960,18.00,yes
2026-10-05T02:43:40.871383Z,KXWTI15M-26OCT042245-45,0.9960,5.00,yes
2026-10-05T02:43:40.871383Z,KXWTI15M-26OCT042245-45,0.9960,31.00,yes
2026-10-05T02:43:40.871383Z,KXWTI15M-26OCT042245-45,0.9960,200.00,yes
2026-10-05T02:43:40.871383Z,KXWTI15M-26OCT042245-45,0.9960,1.00,yes
2026-10-05T02:43:40.871383Z,KXWTI15M-26OCT042245-45,0.9960,1.00,yes
2026-10-05T02:43:40.871383Z,KXWTI15M-26OCT042245-45,0.9960,1.00,yes
2026-10-05T02:43:40.871383Z,KXWTI15M-26OCT042245-45,0.9960,1.00,yes
2026-10-05T02:43:40.871383Z,KXWTI15M-26OCT042245-45,0.9960,12.00,yes
2026-10-05T02:43:40.871383Z,KXWTI15M-26OCT042245-45,0.9960,1.00,yes
2026-10-05T02:43:41.648606Z,KXWTI15M-26OCT042245-45,0.9950,15.00,yes
2026-10-05T02:43:41.648606Z,KXWTI15M-26OCT042245-45,0.9950,2.00,yes
2026-10-05T02:43:41.651893Z,KXWTI15M-26OCT042245-45,0.9950,5.00,yes
2026-10-05T02:43:41.698198Z,KXWTI15M-26OCT042245-45,0.9950,15.00,yes
2026-10-05T02:43:41.698198Z,KXWTI15M-26OCT042245-45,0.9950,5.00,yes
2026-10-05T02:43:42.875091Z,KXWTI15M-26OCT042245-45,0.9900,18.00,no
2026-10-05T02:43:42.875091Z,KXWTI15M-26OCT042245-45,0.9880,79.00,no
2026-10-05T02:43:42.875091Z,KXWTI15M-26OCT042245-45,0.9900,143.00,no
2026-10-05T02:43:42.875091Z,KXWTI15M-26OCT042245-45,0.9900,10.00,no
2026-10-05T02:43:43.294056Z,KXWTI15M-26OCT042245-45,0.9960,26.00,yes
2026-10-05T02:43:43.294056Z,KXWTI15M-26OCT042245-45,0.9960,18.00,yes
2026-10-05T02:43:43.294056Z,KXWTI15M-26OCT042245-45,0.9960,5.00,yes
2026-10-05T02:43:43.30919Z,KXWTI15M-26OCT042245-45,0.9960,5.00,yes
2026-10-05T02:43:43.30919Z,KXWTI15M-26OCT042245-45,0.9970,17.29,yes
2026-10-05T02:43:43.30919Z,KXWTI15M-26OCT042245-45,0.9970,108.00,yes
2026-10-05T02:43:43.454948Z,KXWTI15M-26OCT042245-45,0.9960,18.00,yes
2026-10-05T02:43:43.454948Z,KXWTI15M-26OCT042245-45,0.9960,5.00,yes
2026-10-05T02:43:43.502773Z,KXWTI15M-26OCT042245-45,0.9960,5.00,yes
2026-10-05T02:43:43.502773Z,KXWTI15M-26OCT042245-45,0.9960,18.00,yes
2026-10-05T02:43:44.094445Z,KXWTI15M-26OCT042245-45,0.9970,14.50,yes
2026-10-05T02:43:46.777886Z,KXWTI15M-26OCT042245-45,0.9900,17.29,no
2026-10-05T02:43:46.777886Z,KXWTI15M-26OCT042245-45,0.9900,22.00,no
2026-10-05T02:43:46.777886Z,KXWTI15M-26OCT042245-45,0.9900,14.50,no
2026-10-05T02:43:47.103887Z,KXWTI15M-26OCT042245-45,0.9970,49.13,yes
2026-10-05T02:43:50.920063Z,KXWTI15M-26OCT042245-45,0.9930,60.00,no
2026-10-05T02:43:50.920063Z,KXWTI15M-26OCT042245-45,0.9930,30.00,no
2026-10-05T02:43:50.920063Z,KXWTI15M-26OCT042245-45,0.9920,26.88,no
2026-10-05T02:43:50.920063Z,KXWTI15M-26OCT042245-45,0.9940,14.00,no
2026-10-05T02:43:54.919526Z,KXWTI15M-26OCT042245-45,0.9940,17.00,no
2026-10-05T02:43:54.919526Z,KXWTI15M-26OCT042245-45,0.9940,40.00,no
2026-10-05T02:43:54.919526Z,KXWTI15M-26OCT042245-45,0.9940,4.27,no
2026-10-05T02:43:55.985822Z,KXWTI15M-26OCT042245-45,0.9970,100.30,yes
2026-10-05T02:43:56.306331Z,KXWTI15M-26OCT042245-45,0.9970,13.03,yes
2026-10-05T02:43:57.004349Z,KXWTI15M-26OCT042245-45,0.9940,13.03,no
2026-10-05T02:43:57.004349Z,KXWTI15M-26OCT042245-45,0.9940,100.30,no
2026-10-05T02:43:57.004349Z,KXWTI15M-26OCT042245-45,0.9940,13.00,no
2026-10-05T02:43:57.004349Z,KXWTI15M-26OCT042245-45,0.9940,10.00,no
2026-10-05T02:43:57.004349Z,KXWTI15M-26OCT042245-45,0.9940,44.86,no
2026-10-05T02:43:57.142826Z,KXWTI15M-26OCT042245-45,0.9940,318.00,yes
2026-10-05T02:43:59.809291Z,KXWTI15M-26OCT042245-45,0.9960,3.21,yes
2026-10-05T02:43:59.809291Z,KXWTI15M-26OCT042245-45,0.9940,1.00,yes
2026-10-05T02:43:59.809291Z,KXWTI15M-26OCT042245-45,0.9940,0.81,yes
2026-10-05T02:44:00.032016Z,KXWTI15M-26OCT042245-45,0.9960,0.44,yes
2026-10-05T02:44:01.54114Z,KXWTI15M-26OCT042245-45,0.9960,1.35,yes
2026-10-05T02:44:01.54114Z,KXWTI15M-26OCT042245-45,0.9970,17.00,yes
2026-10-05T02:44:01.54114Z,KXWTI15M-26OCT042245-45,0.9960,1.00,yes
2026-10-05T02:44:01.54114Z,KXWTI15M-26OCT042245-45,0.9980,177.65,yes
2026-10-05T02:44:01.54114Z,KXWTI15M-26OCT042245-45,0.9970,2.00,yes
2026-10-05T02:44:01.54114Z,KXWTI15M-26OCT042245-45,0.9970,18.00,yes
2026-10-05T02:44:01.54114Z,KXWTI15M-26OCT042245-45,0.9970,2.00,yes
2026-10-05T02:44:01.54114Z,KXWTI15M-26OCT042245-45,0.9970,2.00,yes
2026-10-05T02:44:01.54114Z,KXWTI15M-26OCT042245-45,0.9970,2.00,yes
2026-10-05T02:44:01.54114Z,KXWTI15M-26OCT042245-45,0.9970,2.00,yes
2026-10-05T02:44:03.298428Z,KXWTI15M-26OCT042245-45,0.9970,5.00,yes
2026-10-05T02:44:03.298428Z,KXWTI15M-26OCT042245-45,0.9970,3.02,yes
2026-10-05T02:44:03.497892Z,KXWTI15M-26OCT042245-45,0.9980,196.38,yes
2026-10-05T02:44:03.786357Z,KXWTI15M-26OCT042245-45,0.9930,0.64,no
2026-10-05T02:44:04.51059Z,KXWTI15M-26OCT042245-45,0.9980,1.00,yes
2026-10-05T02:44:05.664925Z,KXWTI15M-26OCT042245-45,0.9980,24.97,yes
2026-10-05T02:44:05.664925Z,KXWTI15M-26OCT042245-45,0.9980,30.50,yes
2026-10-05T02:44:06.013016Z,KXWTI15M-26OCT042245-45,0.9930,30.00,no
2026-10-05T02:44:06.013016Z,KXWTI15M-26OCT042245-45,0.9930,30.00,no
2026-10-05T02:44:06.013016Z,KXWTI15M-26OCT042245-45,0.9920,28.25,no
2026-10-05T02:44:06.013016Z,KXWTI15M-26OCT042245-45,0.9920,60.00,no
2026-10-05T02:44:06.013016Z,KXWTI15M-26OCT042245-45,0.9940,60.00,no
2026-10-05T02:44:06.013016Z,KXWTI15M-26OCT042245-45,0.9930,40.00,no
2026-10-05T02:44:06.013016Z,KXWTI15M-26OCT042245-45,0.9930,375.03,no
2026-10-05T02:44:06.013016Z,KXWTI15M-26OCT042245-45,0.9950,17.00,no
2026-10-05T02:44:06.293123Z,KXWTI15M-26OCT042245-45,0.9920,3.07,no
2026-10-05T02:44:08.192036Z,KXWTI15M-26OCT042245-45,0.9930,30.00,no
2026-10-05T02:44:08.192036Z,KXWTI15M-26OCT042245-45,0.9930,2.84,no
2026-10-05T02:44:08.192036Z,KXWTI15M-26OCT042245-45,0.9930,60.00,no
2026-10-05T02:44:08.200658Z,KXWTI15M-26OCT042245-45,0.9980,128.09,yes
2026-10-05T02:44:09.103359Z,KXWTI15M-26OCT042245-45,0.9980,150.27,yes
2026-10-05T02:44:09.121098Z,KXWTI15M-26OCT042245-45,0.9950,10.68,no
2026-10-05T02:44:09.121098Z,KXWTI15M-26OCT042245-45,0.9950,158.59,no
2026-10-05T02:44:09.121098Z,KXWTI15M-26OCT042245-45,0.9950,13.00,no
2026-10-05T02:44:10.906382Z,KXWTI15M-26OCT042245-45,0.9940,28.04,no
2026-10-05T02:44:10.906382Z,KXWTI15M-26OCT042245-45,0.9950,13.00,no
2026-10-05T02:44:10.906382Z,KXWTI15M-26OCT042245-45,0.9950,139.59,no
2026-10-05T02:44:17.041056Z,KXWTI15M-26OCT042245-45,0.9980,12.00,yes
2026-10-05T02:44:17.041056Z,KXWTI15M-26OCT042245-45,0.9980,141.00,yes
2026-10-05T02:44:17.041056Z,KXWTI15M-26OCT042245-45,0.9980,5.00,yes
2026-10-05T02:44:17.041056Z,KXWTI15M-26OCT042245-45,0.9980,1.00,yes
2026-10-05T02:44:17.041056Z,KXWTI15M-26OCT042245-45,0.9980,3.00,yes
2026-10-05T02:44:17.041056Z,KXWTI15M-26OCT042245-45,0.9980,3.00,yes
2026-10-05T02:44:17.041056Z,KXWTI15M-26OCT042245-45,0.9980,3.00,yes
2026-10-05T02:44:17.041056Z,KXWTI15M-26OCT042245-45,0.9980,26.00,yes
2026-10-05T02:44:17.041056Z,KXWTI15M-26OCT042245-45,0.9980,3.00,yes
2026-10-05T02:44:17.041056Z,KXWTI15M-26OCT042245-45,0.9980,3.00,yes
2026-10-05T02:44:17.056333Z,KXWTI15M-26OCT042245-45,0.9980,200.00,yes
2026-10-05T02:44:17.069612Z,KXWTI15M-26OCT042245-45,0.9980,19.97,yes
2026-10-05T02:44:17.069612Z,KXWTI15M-26OCT042245-45,0.9980,34.03,yes
2026-10-05T02:44:18.314926Z,KXWTI15M-26OCT042245-45,0.9980,12.00,yes
2026-10-05T02:44:18.314926Z,KXWTI15M-26OCT042245-45,0.9980,5.00,yes
2026-10-05T02:44:18.314926Z,KXWTI15M-26OCT042245-45,0.9990,133.15,yes
2026-10-05T02:44:19.579829Z,KXWTI15M-26OCT042245-45,0.9960,133.15,no
2026-10-05T02:44:19.579829Z,KXWTI15M-26OCT042245-45,0.9960,11.00,no
2026-10-05T02:44:19.579829Z,KXWTI15M-26OCT042245-45,0.9950,40.00,no
2026-10-05T02:44:19.629606Z,KXWTI15M-26OCT042245-45,0.9950,36.87,yes
2026-10-05T02:44:19.705076Z,KXWTI15M-26OCT042245-45,0.9950,278.00,yes
2026-10-05T02:44:19.731592Z,KXWTI15M-26OCT042245-45,0.9940,2.43,no
2026-10-05T02:44:20.366123Z,KXWTI15M-26OCT042245-45,0.9940,1.12,no
2026-10-05T02:44:22.818051Z,KXWTI15M-26OCT042245-45,0.9940,149.59,no
2026-10-05T02:44:24.767858Z,KXWTI15M-26OCT042245-45,0.9950,0.98,yes
2026-10-05T02:44:24.767858Z,KXWTI15M-26OCT042245-45,0.9970,1.00,yes
2026-10-05T02:44:24.767858Z,KXWTI15M-26OCT042245-45,0.9980,0.02,yes
2026-10-05T02:44:25.489329Z,KXWTI15M-26OCT042245-45,0.9940,8.02,no
2026-10-05T02:44:27.896494Z,KXWTI15M-26OCT042245-45,0.9990,9.80,yes
2026-10-05T02:44:27.916544Z,KXWTI15M-26OCT042245-45,0.9980,9.80,no
2026-10-05T02:44:27.916544Z,KXWTI15M-26OCT042245-45,0.9970,202.33,no
2026-10-05T02:44:29.060249Z,KXWTI15M-26OCT042245-45,0.9990,200.00,yes
2026-10-05T02:44:29.077361Z,KXWTI15M-26OCT042245-45,0.9990,157.05,yes
2026-10-05T02:44:29.077361Z,KXWTI15M-26OCT042245-45,0.9990,42.95,yes
2026-10-05T02:44:29.090097Z,KXWTI15M-26OCT042245-45,0.9990,200.00,yes
2026-10-05T02:44:29.484395Z,KXWTI15M-26OCT042245-45,0.9980,0.12,no
2026-10-05T02:44:31.431753Z,KXWTI15M-26OCT042245-45,0.9980,7.15,no
2026-10-05T02:44:32.512362Z,KXWTI15M-26OCT042245-45,0.9990,38.29,yes
2026-10-05T02:44:32.526099Z,KXWTI15M-26OCT042245-45,0.9990,15.00,yes
2026-10-05T02:44:32.775771Z,KXWTI15M-26OCT042245-45,0.9990,17.66,yes
2026-10-05T02:44:32.775771Z,KXWTI15M-26OCT042245-45,0.9990,3.76,yes
2026-10-05T02:44:32.775771Z,KXWTI15M-26OCT042245-45,0.9990,1.00,yes
2026-10-05T02:44:32.775771Z,KXWTI15M-26OCT042245-45,0.9990,1.00,yes
2026-10-05T02:44:35.69909Z,KXWTI15M-26OCT042245-45,0.9980,0.19,no
2026-10-05T02:44:39.620869Z,KXWTI15M-26OCT042245-45,0.9990,43.00,yes
2026-10-05T02:44:39.839671Z,KXWTI15M-26OCT042245-45,0.9990,5.35,yes
2026-10-05T02:44:39.847814Z,KXWTI15M-26OCT042245-45,0.9990,30.00,yes
2026-10-05T02:44:40.622495Z,KXWTI15M-26OCT042245-45,0.9990,22.00,yes
2026-10-05T02:44:40.863071Z,KXWTI15M-26OCT042245-45,0.9990,17.00,yes
2026-10-05T02:44:41.622878Z,KXWTI15M-26OCT042245-45,0.9990,13.00,yes
2026-10-05T02:44:42.463948Z,KXWTI15M-26OCT042245-45,0.9990,9.00,yes
2026-10-05T02:44:43.437977Z,KXWTI15M-26OCT042245-45,0.9980,229.01,no
2026-10-05T02:44:43.44822Z,KXWTI15M-26OCT042245-45,0.9990,2.85,yes
2026-10-05T02:44:43.44822Z,KXWTI15M-26OCT042245-45,0.9990,4.15,yes
2026-10-05T02:44:43.662705Z,KXWTI15M-26OCT042245-45,0.9990,2.85,yes
2026-10-05T02:44:43.662705Z,KXWTI15M-26OCT042245-45,0.9990,1.00,yes
2026-10-05T02:44:43.662705Z,KXWTI15M-26OCT042245-45,0.9990,22.15,yes
2026-10-05T02:44:43.743991Z,KXWTI15M-26OCT042245-45,0.9990,256.13,no
2026-10-05T02:44:45.851709Z,KXWTI15M-26OCT042245-45,0.9990,1561.00,no
2026-10-05T02:44:45.851709Z,KXWTI15M-26OCT042245-45,0.9990,217.87,no
2026-10-05T02:44:45.851709Z,KXWTI15M-26OCT042245-45,0.9990,53.03,no
2026-10-05T02:44:46.77259Z,KXWTI15M-26OCT042245-45,0.9990,514.72,no
2026-10-05T02:44:47.01199Z,KXWTI15M-26OCT042245-45,0.9990,261.69,no
2026-10-05T02:44:49.613486Z,KXWTI15M-26OCT042245-45,0.9990,90.00,no
2026-10-05T02:44:49.64679Z,KXWTI15M-26OCT042245-45,0.9990,1000.00,no
2026-10-05T02:44:53.122284Z,KXWTI15M-26OCT042245-45,0.9990,9.20,no
2026-10-05T02:43:15.009954Z,KXDOGE15M-26OCT042245-45,0.9700,14.83,no
2026-10-05T02:43:15.216895Z,KXDOGE15M-26OCT042245-45,0.9780,14.00,yes
2026-10-05T02:43:15.216895Z,KXDOGE15M-26OCT042245-45,0.9770,25.00,yes
2026-10-05T02:43:15.216895Z,KXDOGE15M-26OCT042245-45,0.9750,21.00,yes
2026-10-05T02:43:15.216895Z,KXDOGE15M-26OCT042245-45,0.9760,32.00,yes
2026-10-05T02:43:15.216895Z,KXDOGE15M-26OCT042245-45,0.9750,3.00,yes
2026-10-05T02:43:15.216912Z,KXDOGE15M-26OCT042245-45,0.9790,10.00,yes
2026-10-05T02:43:15.216912Z,KXDOGE15M-26OCT042245-45,0.9780,13.00,yes
2026-10-05T02:43:15.217021Z,KXDOGE15M-26OCT042245-45,0.9800,10.00,yes
2026-10-05T02:43:15.217021Z,KXDOGE15M-26OCT042245-45,0.9800,1.31,yes
2026-10-05T02:43:15.217021Z,KXDOGE15M-26OCT042245-45,0.9800,50.00,yes
2026-10-05T02:43:15.217021Z,KXDOGE15M-26OCT042245-45,0.9800,1.00,yes
2026-10-05T02:43:15.217021Z,KXDOGE15M-26OCT042245-45,0.9800,5.00,yes
2026-10-05T02:43:15.217021Z,KXDOGE15M-26OCT042245-45,0.9800,10.00,yes
2026-10-05T02:43:15.234827Z,KXDOGE15M-26OCT042245-45,0.9790,0.03,yes
2026-10-05T02:43:15.413506Z,KXDOGE15M-26OCT042245-45,0.9700,29.91,no
2026-10-05T02:43:15.413506Z,KXDOGE15M-26OCT042245-45,0.9710,17.00,no
2026-10-05T02:43:15.413506Z,KXDOGE15M-26OCT042245-45,0.9750,8.00,no
2026-10-05T02:43:15.413506Z,KXDOGE15M-26OCT042245-45,0.9720,33.00,no
2026-10-05T02:43:15.413506Z,KXDOGE15M-26OCT042245-45,0.9690,54.96,no
2026-10-05T02:43:15.413506Z,KXDOGE15M-26OCT042245-45,0.9700,8.17,no
2026-10-05T02:43:15.501672Z,KXDOGE15M-26OCT042245-45,0.9720,1.00,no
2026-10-05T02:43:15.501672Z,KXDOGE15M-26OCT042245-45,0.9700,7.58,no
2026-10-05T02:43:15.717088Z,KXDOGE15M-26OCT042245-45,0.9760,0.53,no
2026-10-05T02:43:16.246174Z,KXDOGE15M-26OCT042245-45,0.9780,2.87,no
2026-10-05T02:43:16.265466Z,KXDOGE15M-26OCT042245-45,0.9600,11.27,no
2026-10-05T02:43:16.265466Z,KXDOGE15M-26OCT042245-45,0.9710,1.00,no
2026-10-05T02:43:16.265466Z,KXDOGE15M-26OCT042245-45,0.9750,20.00,no
2026-10-05T02:43:16.265466Z,KXDOGE15M-26OCT042245-45,0.9770,12.00,no
2026-10-05T02:43:16.265466Z,KXDOGE15M-26OCT042245-45,0.9750,10.00,no
2026-10-05T02:43:16.265466Z,KXDOGE15M-26OCT042245-45,0.9750,7.00,no
2026-10-05T02:43:16.265466Z,KXDOGE15M-26OCT042245-45,0.9700,31.00,no
2026-10-05T02:43:16.265466Z,KXDOGE15M-26OCT042245-45,0.9710,3.00,no
2026-10-05T02:43:16.265466Z,KXDOGE15M-26OCT042245-45,0.9760,0.47,no
2026-10-05T02:43:16.265466Z,KXDOGE15M-26OCT042245-45,0.9720,3.00,no
2026-10-05T02:43:16.265466Z,KXDOGE15M-26OCT042245-45,0.9650,1.00,no
2026-10-05T02:43:16.265466Z,KXDOGE15M-26OCT042245-45,0.9770,1.00,no
2026-10-05T02:43:16.265466Z,KXDOGE15M-26OCT042245-45,0.9780,0.13,no
2026-10-05T02:43:16.265466Z,KXDOGE15M-26OCT042245-45,0.9730,5.00,no
2026-10-05T02:43:16.265466Z,KXDOGE15M-26OCT042245-45,0.9620,9.00,no
2026-10-05T02:43:16.265466Z,KXDOGE15M-26OCT042245-45,0.9610,1.00,no
2026-10-05T02:43:16.265466Z,KXDOGE15M-26OCT042245-45,0.9690,143.03,no
2026-10-05T02:43:16.265466Z,KXDOGE15M-26OCT042245-45,0.9630,14.00,no
2026-10-05T02:43:17.744693Z,KXDOGE15M-26OCT042245-45,0.9780,10.00,yes
2026-10-05T02:43:17.781604Z,KXDOGE15M-26OCT042245-45,0.9640,25.24,no
2026-10-05T02:43:17.781604Z,KXDOGE15M-26OCT042245-45,0.9720,1.00,no
2026-10-05T02:43:19.117319Z,KXDOGE15M-26OCT042245-45,0.9800,1.00,no
2026-10-05T02:43:20.77574Z,KXDOGE15M-26OCT042245-45,0.9760,19.50,no
2026-10-05T02:43:21.410603Z,KXDOGE15M-26OCT042245-45,0.9760,8.50,no
2026-10-05T02:43:21.443515Z,KXDOGE15M-26OCT042245-45,0.9640,9.00,no
2026-10-05T02:43:21.443515Z,KXDOGE15M-26OCT042245-45,0.9700,6.00,no
2026-10-05T02:43:21.443515Z,KXDOGE15M-26OCT042245-45,0.9710,1.00,no
2026-10-05T02:43:21.443515Z,KXDOGE15M-26OCT042245-45,0.9650,2.00,no
2026-10-05T02:43:21.443515Z,KXDOGE15M-26OCT042245-45,0.9660,4.00,no
2026-10-05T02:43:21.443515Z,KXDOGE15M-26OCT042245-45,0.9680,1.00,no
2026-10-05T02:43:21.443515Z,KXDOGE15M-26OCT042245-45,0.9700,2.11,no
2026-10-05T02:43:21.443515Z,KXDOGE15M-26OCT042245-45,0.9690,4.00,no
2026-10-05T02:43:21.443515Z,KXDOGE15M-26OCT042245-45,0.9640,27.00,no
2026-10-05T02:43:21.443515Z,KXDOGE15M-26OCT042245-45,0.9640,1.00,no
2026-10-05T02:43:21.443515Z,KXDOGE15M-26OCT042245-45,0.9610,3.00,no
2026-10-05T02:43:21.443515Z,KXDOGE15M-26OCT042245-45,0.9630,3.00,no
2026-10-05T02:43:21.443515Z,KXDOGE15M-26OCT042245-45,0.9650,1.00,no
2026-10-05T02:43:21.443515Z,KXDOGE15M-26OCT042245-45,0.9620,9.00,no
2026-10-05T02:43:21.443515Z,KXDOGE15M-26OCT042245-45,0.9630,3.00,no
2026-10-05T02:43:21.443515Z,KXDOGE15M-26OCT042245-45,0.9610,1.00,no
2026-10-05T02:43:21.443515Z,KXDOGE15M-26OCT042245-45,0.9600,21.89,no
2026-10-05T02:43:21.617954Z,KXDOGE15M-26OCT042245-45,0.9690,23.00,no
2026-10-05T02:43:21.61815Z,KXDOGE15M-26OCT042245-45,0.9690,9.00,no
2026-10-05T02:43:21.618218Z,KXDOGE15M-26OCT042245-45,0.9690,10.00,no
2026-10-05T02:43:21.618247Z,KXDOGE15M-26OCT042245-45,0.9690,5.00,no
2026-10-05T02:43:21.627811Z,KXDOGE15M-26OCT042245-45,0.9680,1.00,no
2026-10-05T02:43:21.627811Z,KXDOGE15M-26OCT042245-45,0.9690,14.00,no
2026-10-05T02:43:21.852268Z,KXDOGE15M-26OCT042245-45,0.9660,1.00,no
2026-10-05T02:43:23.274061Z,KXDOGE15M-26OCT042245-45,0.9620,1.00,no
2026-10-05T02:43:23.274061Z,KXDOGE15M-26OCT042245-45,0.9620,10.00,no
2026-10-05T02:43:23.565422Z,KXDOGE15M-26OCT042245-45,0.9640,14.18,yes
2026-10-05T02:43:24.299587Z,KXDOGE15M-26OCT042245-45,0.9700,1.00,yes
2026-10-05T02:43:24.299587Z,KXDOGE15M-26OCT042245-45,0.9630,0.03,yes
2026-10-05T02:43:24.299587Z,KXDOGE15M-26OCT042245-45,0.9630,52.00,yes
2026-10-05T02:43:24.299587Z,KXDOGE15M-26OCT042245-45,0.9690,14.00,yes
2026-10-05T02:43:24.299587Z,KXDOGE15M-26OCT042245-45,0.9620,47.00,yes
2026-10-05T02:43:24.299587Z,KXDOGE15M-26OCT042245-45,0.9620,0.03,yes
2026-10-05T02:43:24.299587Z,KXDOGE15M-26OCT042245-45,0.9680,13.00,yes
2026-10-05T02:43:24.299587Z,KXDOGE15M-26OCT042245-45,0.9660,0.03,yes
2026-10-05T02:43:24.299587Z,KXDOGE15M-26OCT042245-45,0.9690,0.03,yes
2026-10-05T02:43:24.299587Z,KXDOGE15M-26OCT042245-45,0.9680,0.03,yes
2026-10-05T02:43:24.299587Z,KXDOGE15M-26OCT042245-45,0.9700,0.03,yes
2026-10-05T02:43:24.299587Z,KXDOGE15M-26OCT042245-45,0.9700,210.00,yes
2026-10-05T02:43:24.299587Z,KXDOGE15M-26OCT042245-45,0.9720,17.00,yes
2026-10-05T02:43:24.299587Z,KXDOGE15M-26OCT042245-45,0.9740,71.00,yes
2026-10-05T02:43:24.299587Z,KXDOGE15M-26OCT042245-45,0.9720,0.03,yes
2026-10-05T02:43:24.299587Z,KXDOGE15M-26OCT042245-45,0.9760,4.05,yes
2026-10-05T02:43:24.299587Z,KXDOGE15M-26OCT042245-45,0.9740,0.03,yes
2026-10-05T02:43:24.299587Z,KXDOGE15M-26OCT042245-45,0.9660,1.00,yes
2026-10-05T02:43:24.299587Z,KXDOGE15M-26OCT042245-45,0.9700,63.00,yes
2026-10-05T02:43:24.299587Z,KXDOGE15M-26OCT042245-45,0.9620,21.00,yes
2026-10-05T02:43:24.744433Z,KXDOGE15M-26OCT042245-45,0.9710,2.00,yes
2026-10-05T02:43:24.744433Z,KXDOGE15M-26OCT042245-45,0.9700,1.00,yes
2026-10-05T02:43:25.63337Z,KXDOGE15M-26OCT042245-45,0.9710,0.09,no
2026-10-05T02:43:25.63337Z,KXDOGE15M-26OCT042245-45,0.9720,1.00,no
2026-10-05T02:43:25.987635Z,KXDOGE15M-26OCT042245-45,0.9730,0.97,yes
2026-10-05T02:43:25.987635Z,KXDOGE15M-26OCT042245-45,0.9730,0.03,yes
2026-10-05T02:43:25.987635Z,KXDOGE15M-26OCT042245-45,0.9730,1.00,yes
2026-10-05T02:43:27.010558Z,KXDOGE15M-26OCT042245-45,0.9730,1.00,yes
2026-10-05T02:43:27.010558Z,KXDOGE15M-26OCT042245-45,0.9730,0.03,yes
2026-10-05T02:43:27.010558Z,KXDOGE15M-26OCT042245-45,0.9740,76.56,yes
2026-10-05T02:43:27.010558Z,KXDOGE15M-26OCT042245-45,0.9730,23.00,yes
2026-10-05T02:43:27.232141Z,KXDOGE15M-26OCT042245-45,0.9710,1.00,no
2026-10-05T02:43:27.232141Z,KXDOGE15M-26OCT042245-45,0.9710,1.00,no
2026-10-05T02:43:27.232141Z,KXDOGE15M-26OCT042245-45,0.9710,6.00,no
2026-10-05T02:43:27.232141Z,KXDOGE15M-26OCT042245-45,0.9630,3.00,no
2026-10-05T02:43:27.232141Z,KXDOGE15M-26OCT042245-45,0.9710,2.91,no
2026-10-05T02:43:27.232141Z,KXDOGE15M-26OCT042245-45,0.9630,12.79,no
2026-10-05T02:43:28.272208Z,KXDOGE15M-26OCT042245-45,0.9780,19.36,yes
2026-10-05T02:43:28.272208Z,KXDOGE15M-26OCT042245-45,0.9770,1.00,yes
2026-10-05T02:43:28.272208Z,KXDOGE15M-26OCT042245-45,0.9770,23.00,yes
2026-10-05T02:43:28.272208Z,KXDOGE15M-26OCT042245-45,0.9720,1.00,yes
2026-10-05T02:43:28.272208Z,KXDOGE15M-26OCT042245-45,0.9770,0.03,yes
2026-10-05T02:43:28.351905Z,KXDOGE15M-26OCT042245-45,0.9600,1.00,no
2026-10-05T02:43:28.351905Z,KXDOGE15M-26OCT042245-45,0.9610,11.00,no
2026-10-05T02:43:28.351905Z,KXDOGE15M-26OCT042245-45,0.9620,1.00,no
2026-10-05T02:43:28.351905Z,KXDOGE15M-26OCT042245-45,0.9570,3.05,no
2026-10-05T02:43:28.351905Z,KXDOGE15M-26OCT042245-45,0.9620,33.00,no
2026-10-05T02:43:28.351905Z,KXDOGE15M-26OCT042245-45,0.9660,4.00,no
2026-10-05T02:43:28.351905Z,KXDOGE15M-26OCT042245-45,0.9710,1.00,no
2026-10-05T02:43:28.351905Z,KXDOGE15M-26OCT042245-45,0.9640,5.00,no
2026-10-05T02:43:28.351905Z,KXDOGE15M-26OCT042245-45,0.9590,11.00,no
2026-10-05T02:43:28.351905Z,KXDOGE15M-26OCT042245-45,0.9620,2.00,no
2026-10-05T02:43:29.72822Z,KXDOGE15M-26OCT042245-45,0.9790,19.00,yes
2026-10-05T02:43:29.72822Z,KXDOGE15M-26OCT042245-45,0.9720,0.03,yes
2026-10-05T02:43:29.72822Z,KXDOGE15M-26OCT042245-45,0.9760,1.00,yes
2026-10-05T02:43:29.72822Z,KXDOGE15M-26OCT042245-45,0.9720,1.00,yes
2026-10-05T02:43:29.72822Z,KXDOGE15M-26OCT042245-45,0.9760,0.03,yes
2026-10-05T02:43:29.797977Z,KXDOGE15M-26OCT042245-45,0.9790,15.00,yes
2026-10-05T02:43:29.797977Z,KXDOGE15M-26OCT042245-45,0.9790,1.00,yes
2026-10-05T02:43:31.41619Z,KXDOGE15M-26OCT042245-45,0.9640,27.00,no
2026-10-05T02:43:31.41619Z,KXDOGE15M-26OCT042245-45,0.9600,0.01,no
2026-10-05T02:43:31.41619Z,KXDOGE15M-26OCT042245-45,0.9610,1.00,no
2026-10-05T02:43:31.41619Z,KXDOGE15M-26OCT042245-45,0.9550,5.17,no
2026-10-05T02:43:31.41619Z,KXDOGE15M-26OCT042245-45,0.9560,14.00,no
2026-10-05T02:43:31.41619Z,KXDOGE15M-26OCT042245-45,0.9570,5.95,no
2026-10-05T02:43:31.41619Z,KXDOGE15M-26OCT042245-45,0.9640,0.03,no
2026-10-05T02:43:31.41619Z,KXDOGE15M-26OCT042245-45,0.9630,0.03,no
2026-10-05T02:43:31.41619Z,KXDOGE15M-26OCT042245-45,0.9560,2.53,no
2026-10-05T02:43:31.41619Z,KXDOGE15M-26OCT042245-45,0.9640,2.00,no
2026-10-05T02:43:31.41619Z,KXDOGE15M-26OCT042245-45,0.9600,0.03,no
2026-10-05T02:43:31.41619Z,KXDOGE15M-26OCT042245-45,0.9590,0.03,no
2026-10-05T02:43:31.41619Z,KXDOGE15M-26OCT042245-45,0.9640,3.00,no
2026-10-05T02:43:31.41619Z,KXDOGE15M-26OCT042245-45,0.9610,0.03,no
2026-10-05T02:43:31.41619Z,KXDOGE15M-26OCT042245-45,0.9600,3.00,no
2026-10-05T02:43:31.41619Z,KXDOGE15M-26OCT042245-45,0.9630,8.00,no
2026-10-05T02:43:31.41619Z,KXDOGE15M-26OCT042245-45,0.9590,8.00,no
2026-10-05T02:43:31.41619Z,KXDOGE15M-26OCT042245-45,0.9610,3.00,no
2026-10-05T02:43:31.41619Z,KXDOGE15M-26OCT042245-45,0.9600,1.00,no
2026-10-05T02:43:32.201528Z,KXDOGE15M-26OCT042245-45,0.9610,0.11,no
2026-10-05T02:43:32.775055Z,KXDOGE15M-26OCT042245-45,0.9790,0.03,yes
2026-10-05T02:43:32.775055Z,KXDOGE15M-26OCT042245-45,0.9790,1.97,yes
2026-10-05T02:43:32.915417Z,KXDOGE15M-26OCT042245-45,0.9790,0.20,no
2026-10-05T02:43:32.933204Z,KXDOGE15M-26OCT042245-45,0.9800,1.00,yes
2026-10-05T02:43:33.679807Z,KXDOGE15M-26OCT042245-45,0.9800,1.33,no
2026-10-05T02:43:34.05018Z,KXDOGE15M-26OCT042245-45,0.9810,1.00,yes
2026-10-05T02:43:34.05018Z,KXDOGE15M-26OCT042245-45,0.9810,3.00,yes
2026-10-05T02:43:34.060088Z,KXDOGE15M-26OCT042245-45,0.9810,2.00,yes
2026-10-05T02:43:34.105915Z,KXDOGE15M-26OCT042245-45,0.9810,5.00,no
2026-10-05T02:43:35.480544Z,KXDOGE15M-26OCT042245-45,0.9790,1.80,no
2026-10-05T02:43:35.480544Z,KXDOGE15M-26OCT042245-45,0.9790,3.27,no
2026-10-05T02:43:35.586195Z,KXDOGE15M-26OCT042245-45,0.9790,5.33,no
2026-10-05T02:43:35.886789Z,KXDOGE15M-26OCT042245-45,0.9820,4.00,yes
2026-10-05T02:43:35.886789Z,KXDOGE15M-26OCT042245-45,0.9820,1.00,yes
2026-10-05T02:43:35.886789Z,KXDOGE15M-26OCT042245-45,0.9820,5.00,yes
2026-10-05T02:43:36.065547Z,KXDOGE15M-26OCT042245-45,0.9830,1.00,yes
2026-10-05T02:43:36.065547Z,KXDOGE15M-26OCT042245-45,0.9830,4.00,yes
2026-10-05T02:43:36.160694Z,KXDOGE15M-26OCT042245-45,0.9710,2.00,no
2026-10-05T02:43:36.160694Z,KXDOGE15M-26OCT042245-45,0.9720,1.00,no
2026-10-05T02:43:36.160694Z,KXDOGE15M-26OCT042245-45,0.9730,1.00,no
2026-10-05T02:43:36.160694Z,KXDOGE15M-26OCT042245-45,0.9810,6.00,no
2026-10-05T02:43:36.160694Z,KXDOGE15M-26OCT042245-45,0.9750,2.00,no
2026-10-05T02:43:36.160694Z,KXDOGE15M-26OCT042245-45,0.9800,7.00,no
2026-10-05T02:43:36.160694Z,KXDOGE15M-26OCT042245-45,0.9800,2.00,no
2026-10-05T02:43:36.160694Z,KXDOGE15M-26OCT042245-45,0.9800,3.00,no
2026-10-05T02:43:36.160694Z,KXDOGE15M-26OCT042245-45,0.9810,5.00,no
2026-10-05T02:43:36.160694Z,KXDOGE15M-26OCT042245-45,0.9820,4.00,no
2026-10-05T02:43:36.160694Z,KXDOGE15M-26OCT042245-45,0.9790,5.40,no
2026-10-05T02:43:36.710447Z,KXDOGE15M-26OCT042245-45,0.9730,10.00,yes
2026-10-05T02:43:36.710447Z,KXDOGE15M-26OCT042245-45,0.9710,0.03,yes
2026-10-05T02:43:36.710447Z,KXDOGE15M-26OCT042245-45,0.9640,1.00,yes
2026-10-05T02:43:36.710447Z,KXDOGE15M-26OCT042245-45,0.9720,0.03,yes
2026-10-05T02:43:36.710447Z,KXDOGE15M-26OCT042245-45,0.9650,22.00,yes
2026-10-05T02:43:36.710447Z,KXDOGE15M-26OCT042245-45,0.9760,0.03,yes
2026-10-05T02:43:36.710447Z,KXDOGE15M-26OCT042245-45,0.9720,83.00,yes
2026-10-05T02:43:36.710447Z,KXDOGE15M-26OCT042245-45,0.9660,60.00,yes
2026-10-05T02:43:36.710447Z,KXDOGE15M-26OCT042245-45,0.9730,0.03,yes
2026-10-05T02:43:36.710447Z,KXDOGE15M-26OCT042245-45,0.9800,134.88,yes
2026-10-05T02:43:36.710447Z,KXDOGE15M-26OCT042245-45,0.9700,88.00,yes
2026-10-05T02:43:36.710447Z,KXDOGE15M-26OCT042245-45,0.9710,1.00,yes
2026-10-05T02:43:37.334683Z,KXDOGE15M-26OCT042245-45,0.9740,0.70,yes
2026-10-05T02:43:37.334683Z,KXDOGE15M-26OCT042245-45,0.9730,1.00,yes
2026-10-05T02:43:37.334683Z,KXDOGE15M-26OCT042245-45,0.9640,0.03,yes
2026-10-05T02:43:37.334683Z,KXDOGE15M-26OCT042245-45,0.9640,1.00,yes
2026-10-05T02:43:38.781643Z,KXDOGE15M-26OCT042245-45,0.9630,12.00,no
2026-10-05T02:43:39.341003Z,KXDOGE15M-26OCT042245-45,0.9640,1.00,yes
2026-10-05T02:43:39.351546Z,KXDOGE15M-26OCT042245-45,0.9640,0.97,yes
2026-10-05T02:43:39.351546Z,KXDOGE15M-26OCT042245-45,0.9640,0.03,yes
2026-10-05T02:43:39.363156Z,KXDOGE15M-26OCT042245-45,0.9640,0.03,yes
2026-10-05T02:43:39.38018Z,KXDOGE15M-26OCT042245-45,0.9640,0.81,yes
2026-10-05T02:43:39.382476Z,KXDOGE15M-26OCT042245-45,0.9620,0.90,no
2026-10-05T02:43:39.77411Z,KXDOGE15M-26OCT042245-45,0.9630,28.00,no
2026-10-05T02:43:39.77411Z,KXDOGE15M-26OCT042245-45,0.9630,2.00,no
2026-10-05T02:43:39.775196Z,KXDOGE15M-26OCT042245-45,0.9620,6.90,no
2026-10-05T02:43:39.775196Z,KXDOGE15M-26OCT042245-45,0.9620,0.10,no
2026-10-05T02:43:39.775414Z,KXDOGE15M-26OCT042245-45,0.9600,4.00,no
2026-10-05T02:43:39.775414Z,KXDOGE15M-26OCT042245-45,0.9620,1.10,no
2026-10-05T02:43:39.775414Z,KXDOGE15M-26OCT042245-45,0.9610,5.89,no
2026-10-05T02:43:39.775414Z,KXDOGE15M-26OCT042245-45,0.9570,8.00,no
2026-10-05T02:43:39.775414Z,KXDOGE15M-26OCT042245-45,0.9590,1.00,no
2026-10-05T02:43:39.775414Z,KXDOGE15M-26OCT042245-45,0.9580,3.00,no
2026-10-05T02:43:39.775414Z,KXDOGE15M-26OCT042245-45,0.9580,3.00,no
2026-10-05T02:43:39.775414Z,KXDOGE15M-26OCT042245-45,0.9550,7.00,no
2026-10-05T02:43:39.776048Z,KXDOGE15M-26OCT042245-45,0.9410,7.00,no
2026-10-05T02:43:39.776048Z,KXDOGE15M-26OCT042245-45,0.9420,6.00,no
2026-10-05T02:43:39.776048Z,KXDOGE15M-26OCT042245-45,0.9430,2.00,no
2026-10-05T02:43:39.776048Z,KXDOGE15M-26OCT042245-45,0.9420,2.00,no
2026-10-05T02:43:39.776048Z,KXDOGE15M-26OCT042245-45,0.9550,21.83,no
2026-10-05T02:43:39.776048Z,KXDOGE15M-26OCT042245-45,0.9530,13.00,no
2026-10-05T02:43:39.776048Z,KXDOGE15M-26OCT042245-45,0.9470,1.00,no
2026-10-05T02:43:39.776048Z,KXDOGE15M-26OCT042245-45,0.9540,1.00,no
2026-10-05T02:43:39.781288Z,KXDOGE15M-26OCT042245-45,0.9430,29.00,no
2026-10-05T02:43:39.781288Z,KXDOGE15M-26OCT042245-45,0.9400,18.00,no
2026-10-05T02:43:39.785437Z,KXDOGE15M-26OCT042245-45,0.9430,23.00,yes
2026-10-05T02:43:39.785973Z,KXDOGE15M-26OCT042245-45,0.9400,29.00,no
2026-10-05T02:43:39.966094Z,KXDOGE15M-26OCT042245-45,0.9420,12.00,yes
2026-10-05T02:43:40.171446Z,KXDOGE15M-26OCT042245-45,0.9410,1.00,yes
2026-10-05T02:43:40.171446Z,KXDOGE15M-26OCT042245-45,0.9410,1.00,yes
2026-10-05T02:43:40.218782Z,KXDOGE15M-26OCT042245-45,0.9190,0.88,no
2026-10-05T02:43:40.218782Z,KXDOGE15M-26OCT042245-45,0.9230,0.03,no
2026-10-05T02:43:40.218782Z,KXDOGE15M-26OCT042245-45,0.9240,0.03,no
2026-10-05T02:43:40.218782Z,KXDOGE15M-26OCT042245-45,0.9280,0.03,no
2026-10-05T02:43:40.218782Z,KXDOGE15M-26OCT042245-45,0.9270,0.03,no
2026-10-05T02:43:40.219116Z,KXDOGE15M-26OCT042245-45,0.9190,4.00,no
2026-10-05T02:43:40.222506Z,KXDOGE15M-26OCT042245-45,0.9190,17.12,no
2026-10-05T02:43:40.222506Z,KXDOGE15M-26OCT042245-45,0.9180,13.00,no
2026-10-05T02:43:40.222506Z,KXDOGE15M-26OCT042245-45,0.9190,7.00,no
2026-10-05T02:43:40.222506Z,KXDOGE15M-26OCT042245-45,0.9150,27.00,no
2026-10-05T02:43:40.222506Z,KXDOGE15M-26OCT042245-45,0.9160,23.00,no
2026-10-05T02:43:40.222506Z,KXDOGE15M-26OCT042245-45,0.9180,12.00,no
2026-10-05T02:43:40.222506Z,KXDOGE15M-26OCT042245-45,0.9140,24.95,no
2026-10-05T02:43:40.223579Z,KXDOGE15M-26OCT042245-45,0.9140,6.05,no
2026-10-05T02:43:40.225048Z,KXDOGE15M-26OCT042245-45,0.9120,47.00,no
2026-10-05T02:43:40.232197Z,KXDOGE15M-26OCT042245-45,0.9040,10.00,no
2026-10-05T02:43:40.541457Z,KXDOGE15M-26OCT042245-45,0.8800,10.00,no
2026-10-05T02:43:40.541457Z,KXDOGE15M-26OCT042245-45,0.8800,56.00,no
2026-10-05T02:43:40.576681Z,KXDOGE15M-26OCT042245-45,0.8700,5.00,yes
2026-10-05T02:43:40.580906Z,KXDOGE15M-26OCT042245-45,0.8600,12.87,yes
2026-10-05T02:43:40.87644Z,KXDOGE15M-26OCT042245-45,0.8600,10.00,yes
2026-10-05T02:43:40.92044Z,KXDOGE15M-26OCT042245-45,0.8600,64.67,yes
2026-10-05T02:43:40.938596Z,KXDOGE15M-26OCT042245-45,0.8600,5.00,yes
2026-10-05T02:43:41.026636Z,KXDOGE15M-26OCT042245-45,0.8600,20.00,yes
2026-10-05T02:43:41.105628Z,KXDOGE15M-26OCT042245-45,0.8500,1.00,no
2026-10-05T02:43:41.152855Z,KXDOGE15M-26OCT042245-45,0.8500,3.00,no
2026-10-05T02:43:41.152855Z,KXDOGE15M-26OCT042245-45,0.8400,0.94,no
2026-10-05T02:43:41.152855Z,KXDOGE15M-26OCT042245-45,0.8500,1.06,no
2026-10-05T02:43:41.258573Z,KXDOGE15M-26OCT042245-45,0.8700,21.00,yes
2026-10-05T02:43:41.34583Z,KXDOGE15M-26OCT042245-45,0.8800,9.97,yes
2026-10-05T02:43:41.34583Z,KXDOGE15M-26OCT042245-45,0.8700,0.03,yes
2026-10-05T02:43:41.360836Z,KXDOGE15M-26OCT042245-45,0.8800,10.00,yes
2026-10-05T02:43:41.36486Z,KXDOGE15M-26OCT042245-45,0.8800,7.94,yes
2026-10-05T02:43:41.36486Z,KXDOGE15M-26OCT042245-45,0.8800,2.03,yes
2026-10-05T02:43:41.36486Z,KXDOGE15M-26OCT042245-45,0.8800,0.03,yes
2026-10-05T02:43:41.565747Z,KXDOGE15M-26OCT042245-45,0.8500,0.03,no
2026-10-05T02:43:41.565747Z,KXDOGE15M-26OCT042245-45,0.8500,103.00,no
2026-10-05T02:43:41.567167Z,KXDOGE15M-26OCT042245-45,0.8400,10.00,no
2026-10-05T02:43:41.567167Z,KXDOGE15M-26OCT042245-45,0.8200,26.00,no
2026-10-05T02:43:41.567167Z,KXDOGE15M-26OCT042245-45,0.8400,0.03,no
2026-10-05T02:43:41.567167Z,KXDOGE15M-26OCT042245-45,0.8200,0.03,no
2026-10-05T02:43:41.567877Z,KXDOGE15M-26OCT042245-45,0.8100,0.03,no
2026-10-05T02:43:41.578848Z,KXDOGE15M-26OCT042245-45,0.8000,0.03,no
2026-10-05T02:43:41.595029Z,KXDOGE15M-26OCT042245-45,0.7900,29.00,no
2026-10-05T02:43:41.803006Z,KXDOGE15M-26OCT042245-45,0.7800,32.00,yes
2026-10-05T02:43:41.908028Z,KXDOGE15M-26OCT042245-45,0.7700,34.00,no
2026-10-05T02:43:41.909149Z,KXDOGE15M-26OCT042245-45,0.7600,47.00,no
2026-10-05T02:43:41.909149Z,KXDOGE15M-26OCT042245-45,0.7600,10.00,no
2026-10-05T02:43:42.160554Z,KXDOGE15M-26OCT042245-45,0.7400,7.00,yes
2026-10-05T02:43:42.160554Z,KXDOGE15M-26OCT042245-45,0.7300,7.00,yes
2026-10-05T02:43:42.160554Z,KXDOGE15M-26OCT042245-45,0.7500,1.00,yes
2026-10-05T02:43:42.168498Z,KXDOGE15M-26OCT042245-45,0.7500,1.00,yes
2026-10-05T02:43:42.279099Z,KXDOGE15M-26OCT042245-45,0.7100,30.00,no
2026-10-05T02:43:42.280277Z,KXDOGE15M-26OCT042245-45,0.7000,29.00,no
2026-10-05T02:43:42.280277Z,KXDOGE15M-26OCT042245-45,0.7000,6.26,no
2026-10-05T02:43:42.280277Z,KXDOGE15M-26OCT042245-45,0.7000,7.00,no
2026-10-05T02:43:42.28425Z,KXDOGE15M-26OCT042245-45,0.7000,25.74,no
2026-10-05T02:43:42.285249Z,KXDOGE15M-26OCT042245-45,0.6900,25.00,no
2026-10-05T02:43:42.285249Z,KXDOGE15M-26OCT042245-45,0.6900,6.00,no
2026-10-05T02:43:42.285249Z,KXDOGE15M-26OCT042245-45,0.6900,10.00,no
2026-10-05T02:43:42.423319Z,KXDOGE15M-26OCT042245-45,0.6700,0.01,yes
2026-10-05T02:43:42.430506Z,KXDOGE15M-26OCT042245-45,0.6700,0.58,yes
2026-10-05T02:43:42.545919Z,KXDOGE15M-26OCT042245-45,0.6700,5.00,yes
2026-10-05T02:43:42.593945Z,KXDOGE15M-26OCT042245-45,0.6700,8.49,yes
2026-10-05T02:43:42.764147Z,KXDOGE15M-26OCT042245-45,0.6700,0.01,yes
2026-10-05T02:43:43.103843Z,KXDOGE15M-26OCT042245-45,0.6700,0.01,yes
2026-10-05T02:43:43.123202Z,KXDOGE15M-26OCT042245-45,0.6700,18.90,yes
2026-10-05T02:43:43.123202Z,KXDOGE15M-26OCT042245-45,0.6700,0.03,yes
2026-10-05T02:43:43.224537Z,KXDOGE15M-26OCT042245-45,0.6800,0.03,yes
2026-10-05T02:43:43.224537Z,KXDOGE15M-26OCT042245-45,0.7000,0.03,yes
2026-10-05T02:43:43.444095Z,KXDOGE15M-26OCT042245-45,0.7100,0.01,yes
2026-10-05T02:43:43.785862Z,KXDOGE15M-26OCT042245-45,0.7100,0.01,yes
2026-10-05T02:43:44.78863Z,KXDOGE15M-26OCT042245-45,0.6300,0.03,no
2026-10-05T02:43:44.78863Z,KXDOGE15M-26OCT042245-45,0.6300,2.50,no
2026-10-05T02:43:45.117014Z,KXDOGE15M-26OCT042245-45,0.6500,2.00,no
2026-10-05T02:43:45.174373Z,KXDOGE15M-26OCT042245-45,0.6800,0.03,yes
2026-10-05T02:43:45.174373Z,KXDOGE15M-26OCT042245-45,0.6800,27.00,yes
2026-10-05T02:43:45.174373Z,KXDOGE15M-26OCT042245-45,0.6900,34.56,yes
2026-10-05T02:43:45.335585Z,KXDOGE15M-26OCT042245-45,0.6900,4.53,yes
2026-10-05T02:43:45.335585Z,KXDOGE15M-26OCT042245-45,0.6900,0.03,yes
2026-10-05T02:43:45.335585Z,KXDOGE15M-26OCT042245-45,0.6900,0.44,yes
2026-10-05T02:43:46.113626Z,KXDOGE15M-26OCT042245-45,0.6400,28.65,yes
2026-10-05T02:43:46.208294Z,KXDOGE15M-26OCT042245-45,0.6300,10.00,yes
2026-10-05T02:43:47.084081Z,KXDOGE15M-26OCT042245-45,0.6300,0.03,yes
2026-10-05T02:43:47.084081Z,KXDOGE15M-26OCT042245-45,0.6300,1.00,yes
2026-10-05T02:43:47.762379Z,KXDOGE15M-26OCT042245-45,0.6800,5.11,no
2026-10-05T02:43:47.926497Z,KXDOGE15M-26OCT042245-45,0.7100,36.00,yes
2026-10-05T02:43:47.939206Z,KXDOGE15M-26OCT042245-45,0.7400,1.00,yes
2026-10-05T02:43:47.939206Z,KXDOGE15M-26OCT042245-45,0.7400,0.03,yes
2026-10-05T02:43:47.939206Z,KXDOGE15M-26OCT042245-45,0.7300,0.03,yes
2026-10-05T02:43:47.939206Z,KXDOGE15M-26OCT042245-45,0.7600,1.00,yes
2026-10-05T02:43:47.939206Z,KXDOGE15M-26OCT042245-45,0.7300,1.00,yes
2026-10-05T02:43:47.973819Z,KXDOGE15M-26OCT042245-45,0.7500,40.00,yes
2026-10-05T02:43:47.973819Z,KXDOGE15M-26OCT042245-45,0.7700,32.00,yes
2026-10-05T02:43:47.973819Z,KXDOGE15M-26OCT042245-45,0.7600,41.00,yes
2026-10-05T02:43:47.978854Z,KXDOGE15M-26OCT042245-45,0.7900,2.00,yes
2026-10-05T02:43:47.978854Z,KXDOGE15M-26OCT042245-45,0.7800,1.00,yes
2026-10-05T02:43:47.978854Z,KXDOGE15M-26OCT042245-45,0.7900,0.03,yes
2026-10-05T02:43:48.408226Z,KXDOGE15M-26OCT042245-45,0.8000,46.00,yes
2026-10-05T02:43:48.412708Z,KXDOGE15M-26OCT042245-45,0.8000,0.03,yes
2026-10-05T02:43:48.417775Z,KXDOGE15M-26OCT042245-45,0.8200,0.03,yes
2026-10-05T02:43:49.105862Z,KXDOGE15M-26OCT042245-45,0.8500,1.00,no
2026-10-05T02:43:49.177295Z,KXDOGE15M-26OCT042245-45,0.8500,1.00,no
2026-10-05T02:43:49.43843Z,KXDOGE15M-26OCT042245-45,0.8600,23.00,yes
2026-10-05T02:43:49.43843Z,KXDOGE15M-26OCT042245-45,0.8600,62.00,yes
2026-10-05T02:43:49.43843Z,KXDOGE15M-26OCT042245-45,0.8600,22.00,yes
2026-10-05T02:43:49.702647Z,KXDOGE15M-26OCT042245-45,0.8900,3.00,yes
2026-10-05T02:43:49.702647Z,KXDOGE15M-26OCT042245-45,0.8800,1.00,yes
2026-10-05T02:43:49.702647Z,KXDOGE15M-26OCT042245-45,0.8900,0.03,yes
2026-10-05T02:43:49.702647Z,KXDOGE15M-26OCT042245-45,0.8700,3.00,yes
2026-10-05T02:43:49.702647Z,KXDOGE15M-26OCT042245-45,0.8900,4.47,yes
2026-10-05T02:43:49.71818Z,KXDOGE15M-26OCT042245-45,0.8900,11.50,yes
2026-10-05T02:43:49.720751Z,KXDOGE15M-26OCT042245-45,0.8900,11.50,yes
2026-10-05T02:43:51.825134Z,KXDOGE15M-26OCT042245-45,0.8800,5.00,no
2026-10-05T02:43:51.825134Z,KXDOGE15M-26OCT042245-45,0.8800,1.00,no
2026-10-05T02:43:51.825134Z,KXDOGE15M-26OCT042245-45,0.8800,9.69,no
2026-10-05T02:43:51.930102Z,KXDOGE15M-26OCT042245-45,0.8900,76.00,yes
2026-10-05T02:43:51.930102Z,KXDOGE15M-26OCT042245-45,0.8900,0.03,yes
2026-10-05T02:43:51.930102Z,KXDOGE15M-26OCT042245-45,0.9000,22.97,yes
2026-10-05T02:43:51.930351Z,KXDOGE15M-26OCT042245-45,0.9000,0.03,yes
2026-10-05T02:43:51.930351Z,KXDOGE15M-26OCT042245-45,0.9000,60.03,yes
2026-10-05T02:43:51.930775Z,KXDOGE15M-26OCT042245-45,0.9050,1.00,yes
2026-10-05T02:43:51.930775Z,KXDOGE15M-26OCT042245-45,0.9180,17.00,yes
2026-10-05T02:43:51.930775Z,KXDOGE15M-26OCT042245-45,0.9110,1.00,yes
2026-10-05T02:43:51.937582Z,KXDOGE15M-26OCT042245-45,0.9190,500.00,yes
2026-10-05T02:43:51.944335Z,KXDOGE15M-26OCT042245-45,0.9180,17.00,yes
2026-10-05T02:43:51.944335Z,KXDOGE15M-26OCT042245-45,0.9190,10.00,yes
2026-10-05T02:43:51.944661Z,KXDOGE15M-26OCT042245-45,0.9280,1.00,yes
2026-10-05T02:43:51.953017Z,KXDOGE15M-26OCT042245-45,0.9110,1.00,yes
2026-10-05T02:43:51.953017Z,KXDOGE15M-26OCT042245-45,0.9050,1.00,yes
2026-10-05T02:43:51.953017Z,KXDOGE15M-26OCT042245-45,0.9470,21.00,yes
2026-10-05T02:43:51.953017Z,KXDOGE15M-26OCT042245-45,0.9180,1.00,yes
2026-10-05T02:43:51.953017Z,KXDOGE15M-26OCT042245-45,0.9400,0.03,yes
2026-10-05T02:43:51.953017Z,KXDOGE15M-26OCT042245-45,0.9400,1.00,yes
2026-10-05T02:43:52.041271Z,KXDOGE15M-26OCT042245-45,0.9590,121.00,yes
2026-10-05T02:43:52.041271Z,KXDOGE15M-26OCT042245-45,0.9460,1.00,yes
2026-10-05T02:43:52.041271Z,KXDOGE15M-26OCT042245-45,0.9580,10.00,yes
2026-10-05T02:43:52.041271Z,KXDOGE15M-26OCT042245-45,0.9570,20.00,yes
2026-10-05T02:43:52.163103Z,KXDOGE15M-26OCT042245-45,0.9210,24.00,no
2026-10-05T02:43:52.163103Z,KXDOGE15M-26OCT042245-45,0.9200,9.24,no
2026-10-05T02:43:52.163103Z,KXDOGE15M-26OCT042245-45,0.9290,5.00,no
2026-10-05T02:43:52.163103Z,KXDOGE15M-26OCT042245-45,0.9280,1.00,no
2026-10-05T02:43:52.30106Z,KXDOGE15M-26OCT042245-45,0.9220,2.24,no
2026-10-05T02:43:52.30106Z,KXDOGE15M-26OCT042245-45,0.9280,0.03,no
2026-10-05T02:43:52.30106Z,KXDOGE15M-26OCT042245-45,0.9300,1.00,no
2026-10-05T02:43:52.30106Z,KXDOGE15M-26OCT042245-45,0.9290,0.03,no
2026-10-05T02:43:52.30106Z,KXDOGE15M-26OCT042245-45,0.9590,6.70,no
2026-10-05T02:43:52.436781Z,KXDOGE15M-26OCT042245-45,0.9660,13.27,yes
2026-10-05T02:43:52.554218Z,KXDOGE15M-26OCT042245-45,0.9360,3.00,no
2026-10-05T02:43:52.554218Z,KXDOGE15M-26OCT042245-45,0.9350,3.00,no
2026-10-05T02:43:52.554218Z,KXDOGE15M-26OCT042245-45,0.9330,17.87,no
2026-10-05T02:43:52.554218Z,KXDOGE15M-26OCT042245-45,0.9360,1.00,no
2026-10-05T02:43:53.501989Z,KXDOGE15M-26OCT042245-45,0.9410,1.00,no
2026-10-05T02:43:53.501989Z,KXDOGE15M-26OCT042245-45,0.9410,5.00,no
2026-10-05T02:43:54.358999Z,KXDOGE15M-26OCT042245-45,0.9420,0.03,no
2026-10-05T02:43:54.358999Z,KXDOGE15M-26OCT042245-45,0.9420,1.00,no
2026-10-05T02:43:54.358999Z,KXDOGE15M-26OCT042245-45,0.9410,0.03,no
2026-10-05T02:43:54.358999Z,KXDOGE15M-26OCT042245-45,0.9400,34.61,no
2026-10-05T02:43:54.358999Z,KXDOGE15M-26OCT042245-45,0.9410,29.00,no
2026-10-05T02:43:55.221309Z,KXDOGE15M-26OCT042245-45,0.9410,1.00,no
2026-10-05T02:43:55.221309Z,KXDOGE15M-26OCT042245-45,0.9410,0.03,no
2026-10-05T02:43:55.221309Z,KXDOGE15M-26OCT042245-45,0.9410,29.00,no
2026-10-05T02:43:55.221309Z,KXDOGE15M-26OCT042245-45,0.9400,59.97,no
2026-10-05T02:43:55.230849Z,KXDOGE15M-26OCT042245-45,0.9410,3.00,no
2026-10-05T02:43:55.241169Z,KXDOGE15M-26OCT042245-45,0.9410,1.00,no
2026-10-05T02:43:55.241169Z,KXDOGE15M-26OCT042245-45,0.9410,4.00,no
2026-10-05T02:43:55.446439Z,KXDOGE15M-26OCT042245-45,0.9700,1.00,yes
2026-10-05T02:43:55.446439Z,KXDOGE15M-26OCT042245-45,0.9710,27.00,yes
2026-10-05T02:43:55.446439Z,KXDOGE15M-26OCT042245-45,0.9700,0.03,yes
2026-10-05T02:43:55.446439Z,KXDOGE15M-26OCT042245-45,0.9700,13.00,yes
2026-10-05T02:43:55.446439Z,KXDOGE15M-26OCT042245-45,0.9700,20.00,yes
2026-10-05T02:43:55.446439Z,KXDOGE15M-26OCT042245-45,0.9730,0.15,yes
2026-10-05T02:43:55.57141Z,KXDOGE15M-26OCT042245-45,0.9420,13.00,no
2026-10-05T02:43:56.00304Z,KXDOGE15M-26OCT042245-45,0.9420,0.03,no
2026-10-05T02:43:56.00304Z,KXDOGE15M-26OCT042245-45,0.9430,1.00,no
2026-10-05T02:43:56.00304Z,KXDOGE15M-26OCT042245-45,0.9420,8.00,no
2026-10-05T02:43:56.735506Z,KXDOGE15M-26OCT042245-45,0.9610,119.00,yes
2026-10-05T02:43:56.735506Z,KXDOGE15M-26OCT042245-45,0.9610,22.00,yes
2026-10-05T02:43:56.755595Z,KXDOGE15M-26OCT042245-45,0.9620,0.03,yes
2026-10-05T02:43:56.755595Z,KXDOGE15M-26OCT042245-45,0.9610,0.03,yes
2026-10-05T02:43:58.491884Z,KXDOGE15M-26OCT042245-45,0.9470,16.69,no
2026-10-05T02:43:58.491884Z,KXDOGE15M-26OCT042245-45,0.9470,1.00,no
2026-10-05T02:43:59.25638Z,KXDOGE15M-26OCT042245-45,0.9610,14.00,no
2026-10-05T02:43:59.25638Z,KXDOGE15M-26OCT042245-45,0.9610,1.00,no
2026-10-05T02:43:59.400907Z,KXDOGE15M-26OCT042245-45,0.9600,5.00,no
2026-10-05T02:43:59.933854Z,KXDOGE15M-26OCT042245-45,0.9730,23.00,yes
2026-10-05T02:44:00.452564Z,KXDOGE15M-26OCT042245-45,0.9800,10.00,yes
2026-10-05T02:44:00.506348Z,KXDOGE15M-26OCT042245-45,0.9800,2.00,yes
2026-10-05T02:44:00.654937Z,KXDOGE15M-26OCT042245-45,0.9750,6.71,no
2026-10-05T02:44:01.29949Z,KXDOGE15M-26OCT042245-45,0.9790,9.00,yes
2026-10-05T02:44:01.709658Z,KXDOGE15M-26OCT042245-45,0.9780,3.00,no
2026-10-05T02:44:01.720082Z,KXDOGE15M-26OCT042245-45,0.9780,0.14,no
2026-10-05T02:44:01.771809Z,KXDOGE15M-26OCT042245-45,0.9750,0.29,no
2026-10-05T02:44:01.771809Z,KXDOGE15M-26OCT042245-45,0.9740,1.71,no
2026-10-05T02:44:01.868432Z,KXDOGE15M-26OCT042245-45,0.9670,26.00,no
2026-10-05T02:44:01.868432Z,KXDOGE15M-26OCT042245-45,0.9630,2.12,no
2026-10-05T02:44:03.292921Z,KXDOGE15M-26OCT042245-45,0.9710,30.16,no
2026-10-05T02:44:03.292921Z,KXDOGE15M-26OCT042245-45,0.9740,1.05,no
2026-10-05T02:44:03.667733Z,KXDOGE15M-26OCT042245-45,0.9790,18.97,yes
2026-10-05T02:44:03.667733Z,KXDOGE15M-26OCT042245-45,0.9780,15.00,yes
2026-10-05T02:44:03.667733Z,KXDOGE15M-26OCT042245-45,0.9790,0.03,yes
2026-10-05T02:44:03.830819Z,KXDOGE15M-26OCT042245-45,0.9800,83.00,yes
2026-10-05T02:44:03.830956Z,KXDOGE15M-26OCT042245-45,0.9800,39.00,yes
2026-10-05T02:44:03.831732Z,KXDOGE15M-26OCT042245-45,0.9800,13.00,yes
2026-10-05T02:44:03.836301Z,KXDOGE15M-26OCT042245-45,0.9800,24.26,yes
2026-10-05T02:44:03.836301Z,KXDOGE15M-26OCT042245-45,0.9800,0.03,yes
2026-10-05T02:44:03.836301Z,KXDOGE15M-26OCT042245-45,0.9800,103.00,yes
2026-10-05T02:44:03.84457Z,KXDOGE15M-26OCT042245-45,0.9730,8.07,no
2026-10-05T02:44:03.889752Z,KXDOGE15M-26OCT042245-45,0.9830,20.00,yes
2026-10-05T02:44:03.889752Z,KXDOGE15M-26OCT042245-45,0.9820,100.00,yes
2026-10-05T02:44:03.889752Z,KXDOGE15M-26OCT042245-45,0.9830,0.03,yes
2026-10-05T02:44:03.889752Z,KXDOGE15M-26OCT042245-45,0.9840,21.97,yes
2026-10-05T02:44:03.889752Z,KXDOGE15M-26OCT042245-45,0.9840,5.00,yes
2026-10-05T02:44:03.889752Z,KXDOGE15M-26OCT042245-45,0.9840,1.00,yes
2026-10-05T02:44:03.889752Z,KXDOGE15M-26OCT042245-45,0.9830,1.00,yes
2026-10-05T02:44:03.905809Z,KXDOGE15M-26OCT042245-45,0.9840,18.00,yes
2026-10-05T02:44:03.905809Z,KXDOGE15M-26OCT042245-45,0.9840,0.03,yes
2026-10-05T02:44:03.905809Z,KXDOGE15M-26OCT042245-45,0.9850,6.97,yes
2026-10-05T02:44:03.905809Z,KXDOGE15M-26OCT042245-45,0.9850,5.00,yes
2026-10-05T02:44:03.905809Z,KXDOGE15M-26OCT042245-45,0.9850,1.00,yes
2026-10-05T02:44:03.907226Z,KXDOGE15M-26OCT042245-45,0.9850,0.03,yes
2026-10-05T02:44:03.907226Z,KXDOGE15M-26OCT042245-45,0.9850,14.61,yes
2026-10-05T02:44:03.913065Z,KXDOGE15M-26OCT042245-45,0.9850,14.00,yes
2026-10-05T02:44:04.149596Z,KXDOGE15M-26OCT042245-45,0.9860,17.89,yes
2026-10-05T02:44:04.149596Z,KXDOGE15M-26OCT042245-45,0.9860,23.11,yes
2026-10-05T02:44:04.149596Z,KXDOGE15M-26OCT042245-45,0.9860,8.00,yes
2026-10-05T02:44:04.149596Z,KXDOGE15M-26OCT042245-45,0.9860,5.00,yes
2026-10-05T02:44:04.167832Z,KXDOGE15M-26OCT042245-45,0.9870,46.00,yes
2026-10-05T02:44:04.181229Z,KXDOGE15M-26OCT042245-45,0.9870,18.00,yes
2026-10-05T02:44:04.181229Z,KXDOGE15M-26OCT042245-45,0.9870,5.00,yes
2026-10-05T02:44:04.181229Z,KXDOGE15M-26OCT042245-45,0.9870,114.00,yes
2026-10-05T02:44:04.27197Z,KXDOGE15M-26OCT042245-45,0.9870,18.00,yes
2026-10-05T02:44:04.27197Z,KXDOGE15M-26OCT042245-45,0.9870,0.03,yes
2026-10-05T02:44:04.27197Z,KXDOGE15M-26OCT042245-45,0.9880,23.08,yes
2026-10-05T02:44:04.294318Z,KXDOGE15M-26OCT042245-45,0.9880,18.00,yes
2026-10-05T02:44:04.294318Z,KXDOGE15M-26OCT042245-45,0.9890,0.03,yes
2026-10-05T02:44:04.294318Z,KXDOGE15M-26OCT042245-45,0.9880,0.03,yes
2026-10-05T02:44:04.294318Z,KXDOGE15M-26OCT042245-45,0.9900,1.16,yes
2026-10-05T02:44:04.294318Z,KXDOGE15M-26OCT042245-45,0.9900,0.66,yes
2026-10-05T02:44:04.294318Z,KXDOGE15M-26OCT042245-45,0.9900,32.37,yes
2026-10-05T02:44:04.294318Z,KXDOGE15M-26OCT042245-45,0.9900,3.42,yes
2026-10-05T02:44:04.294318Z,KXDOGE15M-26OCT042245-45,0.9900,42.45,yes
2026-10-05T02:44:04.294318Z,KXDOGE15M-26OCT042245-45,0.9890,1.00,yes
2026-10-05T02:44:04.294318Z,KXDOGE15M-26OCT042245-45,0.9890,1.00,yes
2026-10-05T02:44:04.294318Z,KXDOGE15M-26OCT042245-45,0.9890,100.00,yes
2026-10-05T02:44:04.294318Z,KXDOGE15M-26OCT042245-45,0.9890,10.00,yes
2026-10-05T02:44:04.294318Z,KXDOGE15M-26OCT042245-45,0.9880,5.00,yes
2026-10-05T02:44:04.294318Z,KXDOGE15M-26OCT042245-45,0.9900,1.00,yes
2026-10-05T02:44:04.294318Z,KXDOGE15M-26OCT042245-45,0.9880,176.92,yes
2026-10-05T02:44:04.294318Z,KXDOGE15M-26OCT042245-45,0.9890,65.00,yes
2026-10-05T02:44:04.294318Z,KXDOGE15M-26OCT042245-45,0.9890,20.00,yes
2026-10-05T02:44:04.294318Z,KXDOGE15M-26OCT042245-45,0.9890,2.00,yes
2026-10-05T02:44:04.294318Z,KXDOGE15M-26OCT042245-45,0.9890,2.00,yes
2026-10-05T02:44:04.294318Z,KXDOGE15M-26OCT042245-45,0.9900,5.00,yes
2026-10-05T02:44:04.294318Z,KXDOGE15M-26OCT042245-45,0.9890,5.00,yes
2026-10-05T02:44:04.294318Z,KXDOGE15M-26OCT042245-45,0.9900,1.23,yes
2026-10-05T02:44:04.294318Z,KXDOGE15M-26OCT042245-45,0.9900,2.49,yes
2026-10-05T02:44:04.294318Z,KXDOGE15M-26OCT042245-45,0.9900,1.27,yes
2026-10-05T02:44:04.294318Z,KXDOGE15M-26OCT042245-45,0.9900,2.13,yes
2026-10-05T02:44:04.294318Z,KXDOGE15M-26OCT042245-45,0.9900,0.84,yes
2026-10-05T02:44:04.304864Z,KXDOGE15M-26OCT042245-45,0.9890,1.00,yes
2026-10-05T02:44:04.438711Z,KXDOGE15M-26OCT042245-45,0.9900,18.00,yes
2026-10-05T02:44:04.453668Z,KXDOGE15M-26OCT042245-45,0.9900,32.35,yes
2026-10-05T02:44:04.453668Z,KXDOGE15M-26OCT042245-45,0.9900,39.55,yes
2026-10-05T02:44:04.838087Z,KXDOGE15M-26OCT042245-45,0.9940,19.00,yes
2026-10-05T02:44:04.838087Z,KXDOGE15M-26OCT042245-45,0.9930,0.03,yes
2026-10-05T02:44:04.838087Z,KXDOGE15M-26OCT042245-45,0.9960,0.03,yes
2026-10-05T02:44:04.838087Z,KXDOGE15M-26OCT042245-45,0.9950,0.03,yes
2026-10-05T02:44:04.838087Z,KXDOGE15M-26OCT042245-45,0.9920,0.03,yes
2026-10-05T02:44:04.838087Z,KXDOGE15M-26OCT042245-45,0.9960,10.00,yes
2026-10-05T02:44:04.838087Z,KXDOGE15M-26OCT042245-45,0.9910,35.95,yes
2026-10-05T02:44:04.838087Z,KXDOGE15M-26OCT042245-45,0.9950,11.00,yes
2026-10-05T02:44:04.838087Z,KXDOGE15M-26OCT042245-45,0.9960,13.00,yes
2026-10-05T02:44:04.838087Z,KXDOGE15M-26OCT042245-45,0.9970,18.00,yes
2026-10-05T02:44:04.838087Z,KXDOGE15M-26OCT042245-45,0.9970,2.00,yes
2026-10-05T02:44:04.838087Z,KXDOGE15M-26OCT042245-45,0.9960,1.00,yes
2026-10-05T02:44:04.838087Z,KXDOGE15M-26OCT042245-45,0.9960,1.00,yes
2026-10-05T02:44:04.838087Z,KXDOGE15M-26OCT042245-45,0.9960,1.00,yes
2026-10-05T02:44:04.838087Z,KXDOGE15M-26OCT042245-45,0.9970,2.00,yes
2026-10-05T02:44:04.838087Z,KXDOGE15M-26OCT042245-45,0.9960,1.00,yes
2026-10-05T02:44:04.838087Z,KXDOGE15M-26OCT042245-45,0.9970,2.00,yes
2026-10-05T02:44:04.838087Z,KXDOGE15M-26OCT042245-45,0.9970,2.00,yes
2026-10-05T02:44:04.838087Z,KXDOGE15M-26OCT042245-45,0.9970,2.00,yes
2026-10-05T02:44:04.838087Z,KXDOGE15M-26OCT042245-45,0.9960,1.00,yes
2026-10-05T02:44:04.838087Z,KXDOGE15M-26OCT042245-45,0.9950,350.00,yes
2026-10-05T02:44:04.838087Z,KXDOGE15M-26OCT042245-45,0.9950,1.00,yes
2026-10-05T02:44:04.838087Z,KXDOGE15M-26OCT042245-45,0.9950,1.00,yes
2026-10-05T02:44:04.838087Z,KXDOGE15M-26OCT042245-45,0.9970,1.00,yes
2026-10-05T02:44:04.838087Z,KXDOGE15M-26OCT042245-45,0.9940,1.00,yes
2026-10-05T02:44:04.838087Z,KXDOGE15M-26OCT042245-45,0.9960,1.00,yes
2026-10-05T02:44:04.838087Z,KXDOGE15M-26OCT042245-45,0.9980,66.93,yes
2026-10-05T02:44:04.838087Z,KXDOGE15M-26OCT042245-45,0.9970,5.00,yes
2026-10-05T02:44:04.838087Z,KXDOGE15M-26OCT042245-45,0.9920,5.00,yes
2026-10-05T02:44:04.838087Z,KXDOGE15M-26OCT042245-45,0.9910,5.00,yes
2026-10-05T02:44:04.838087Z,KXDOGE15M-26OCT042245-45,0.9930,5.00,yes
2026-10-05T02:44:04.838087Z,KXDOGE15M-26OCT042245-45,0.9960,5.00,yes
2026-10-05T02:44:04.838087Z,KXDOGE15M-26OCT042245-45,0.9940,5.00,yes
2026-10-05T02:44:04.838087Z,KXDOGE15M-26OCT042245-45,0.9950,5.00,yes
2026-10-05T02:44:04.936043Z,KXDOGE15M-26OCT042245-45,0.9970,1.00,yes
2026-10-05T02:44:05.080811Z,KXDOGE15M-26OCT042245-45,0.9900,11.90,no
2026-10-05T02:44:05.080811Z,KXDOGE15M-26OCT042245-45,0.9910,5.00,no
2026-10-05T02:44:05.080811Z,KXDOGE15M-26OCT042245-45,0.9910,5.00,no
2026-10-05T02:44:05.080811Z,KXDOGE15M-26OCT042245-45,0.9910,5.00,no
2026-10-05T02:44:05.080811Z,KXDOGE15M-26OCT042245-45,0.9910,5.00,no
2026-10-05T02:44:05.080811Z,KXDOGE15M-26OCT042245-45,0.9910,5.00,no
2026-10-05T02:44:05.080811Z,KXDOGE15M-26OCT042245-45,0.9910,5.00,no
2026-10-05T02:44:05.080811Z,KXDOGE15M-26OCT042245-45,0.9900,28.10,no
2026-10-05T02:44:05.218721Z,KXDOGE15M-26OCT042245-45,0.9910,5.00,no
2026-10-05T02:44:05.395722Z,KXDOGE15M-26OCT042245-45,0.9880,5.00,no
2026-10-05T02:44:05.395722Z,KXDOGE15M-26OCT042245-45,0.9850,2.00,no
2026-10-05T02:44:05.395722Z,KXDOGE15M-26OCT042245-45,0.9860,2.00,no
2026-10-05T02:44:05.395722Z,KXDOGE15M-26OCT042245-45,0.9820,65.00,no
2026-10-05T02:44:05.395722Z,KXDOGE15M-26OCT042245-45,0.9850,5.00,no
2026-10-05T02:44:05.395722Z,KXDOGE15M-26OCT042245-45,0.9900,25.00,no
2026-10-05T02:44:05.395722Z,KXDOGE15M-26OCT042245-45,0.9900,5.00,no
2026-10-05T02:44:05.395722Z,KXDOGE15M-26OCT042245-45,0.9810,16.26,no
2026-10-05T02:44:05.395722Z,KXDOGE15M-26OCT042245-45,0.9900,10.00,no
2026-10-05T02:44:05.395722Z,KXDOGE15M-26OCT042245-45,0.9890,5.00,no
2026-10-05T02:44:05.395722Z,KXDOGE15M-26OCT042245-45,0.9870,5.00,no
2026-10-05T02:44:05.395722Z,KXDOGE15M-26OCT042245-45,0.9860,5.00,no
2026-10-05T02:44:05.395722Z,KXDOGE15M-26OCT042245-45,0.9890,3.00,no
2026-10-05T02:44:05.395722Z,KXDOGE15M-26OCT042245-45,0.9900,8.10,no
2026-10-05T02:44:05.395722Z,KXDOGE15M-26OCT042245-45,0.9920,40.00,no
2026-10-05T02:44:05.395722Z,KXDOGE15M-26OCT042245-45,0.9910,61.93,no
2026-10-05T02:44:05.395722Z,KXDOGE15M-26OCT042245-45,0.9920,90.00,no
2026-10-05T02:44:05.395722Z,KXDOGE15M-26OCT042245-45,0.9830,42.00,no
2026-10-05T02:44:05.395722Z,KXDOGE15M-26OCT042245-45,0.9930,90.00,no
2026-10-05T02:44:05.395722Z,KXDOGE15M-26OCT042245-45,0.9890,9.00,no
2026-10-05T02:44:05.395722Z,KXDOGE15M-26OCT042245-45,0.9870,9.00,no
2026-10-05T02:44:05.395722Z,KXDOGE15M-26OCT042245-45,0.9820,1.00,no
2026-10-05T02:44:05.395722Z,KXDOGE15M-26OCT042245-45,0.9830,5.00,no
2026-10-05T02:44:05.395722Z,KXDOGE15M-26OCT042245-45,0.9840,5.00,no
2026-10-05T02:44:05.586184Z,KXDOGE15M-26OCT042245-45,0.9950,3.03,yes
2026-10-05T02:44:05.586184Z,KXDOGE15M-26OCT042245-45,0.9950,27.00,yes
2026-10-05T02:44:06.571151Z,KXDOGE15M-26OCT042245-45,0.9930,11.69,no
2026-10-05T02:44:07.068297Z,KXDOGE15M-26OCT042245-45,0.9940,10.38,yes
2026-10-05T02:44:07.154072Z,KXDOGE15M-26OCT042245-45,0.9940,5.00,yes
2026-10-05T02:44:08.073483Z,KXDOGE15M-26OCT042245-45,0.9940,0.03,yes
2026-10-05T02:44:08.073483Z,KXDOGE15M-26OCT042245-45,0.9940,0.88,yes
2026-10-05T02:44:08.073483Z,KXDOGE15M-26OCT042245-45,0.9960,19.09,yes
2026-10-05T02:44:08.9189Z,KXDOGE15M-26OCT042245-45,0.9970,5.11,yes
2026-10-05T02:44:09.250633Z,KXDOGE15M-26OCT042245-45,0.9910,13.00,no
2026-10-05T02:44:09.250633Z,KXDOGE15M-26OCT042245-45,0.9920,0.03,no
2026-10-05T02:44:09.250633Z,KXDOGE15M-26OCT042245-45,0.9930,0.03,no
2026-10-05T02:44:09.250633Z,KXDOGE15M-26OCT042245-45,0.9910,0.03,no
2026-10-05T02:44:09.250633Z,KXDOGE15M-26OCT042245-45,0.9900,0.03,no
2026-10-05T02:44:09.250633Z,KXDOGE15M-26OCT042245-45,0.9900,30.80,no
2026-10-05T02:44:09.250633Z,KXDOGE15M-26OCT042245-45,0.9900,0.01,no
2026-10-05T02:44:09.250633Z,KXDOGE15M-26OCT042245-45,0.9920,0.01,no
2026-10-05T02:44:09.250633Z,KXDOGE15M-26OCT042245-45,0.9910,60.00,no
2026-10-05T02:44:09.250633Z,KXDOGE15M-26OCT042245-45,0.9930,63.31,no
2026-10-05T02:44:09.652838Z,KXDOGE15M-26OCT042245-45,0.9930,5.00,no
2026-10-05T02:44:09.652838Z,KXDOGE15M-26OCT042245-45,0.9940,15.00,no
2026-10-05T02:44:09.652838Z,KXDOGE15M-26OCT042245-45,0.9940,12.00,no
2026-10-05T02:44:10.064148Z,KXDOGE15M-26OCT042245-45,0.9930,13.27,no
2026-10-05T02:44:10.185456Z,KXDOGE15M-26OCT042245-45,0.9930,11.69,no
2026-10-05T02:44:11.082237Z,KXDOGE15M-26OCT042245-45,0.9950,0.03,yes
2026-10-05T02:44:11.082237Z,KXDOGE15M-26OCT042245-45,0.9950,6.67,yes
2026-10-05T02:44:11.082237Z,KXDOGE15M-26OCT042245-45,0.9950,8.00,yes
2026-10-05T02:44:12.958788Z,KXDOGE15M-26OCT042245-45,0.9950,34.00,no
2026-10-05T02:44:12.958788Z,KXDOGE15M-26OCT042245-45,0.9940,16.00,no
2026-10-05T02:44:12.958788Z,KXDOGE15M-26OCT042245-45,0.9940,6.00,no
2026-10-05T02:44:12.958788Z,KXDOGE15M-26OCT042245-45,0.9930,29.27,no
2026-10-05T02:44:13.368977Z,KXDOGE15M-26OCT042245-45,0.9960,3.00,yes
2026-10-05T02:44:13.368977Z,KXDOGE15M-26OCT042245-45,0.9960,0.03,yes
2026-10-05T02:44:13.368977Z,KXDOGE15M-26OCT042245-45,0.9960,25.00,yes
2026-10-05T02:44:13.368977Z,KXDOGE15M-26OCT042245-45,0.9970,20.74,yes
2026-10-05T02:44:13.368977Z,KXDOGE15M-26OCT042245-45,0.9960,24.00,yes
2026-10-05T02:44:14.100005Z,KXDOGE15M-26OCT042245-45,0.9970,8.00,yes
2026-10-05T02:44:14.100005Z,KXDOGE15M-26OCT042245-45,0.9970,6.42,yes
2026-10-05T02:44:14.100005Z,KXDOGE15M-26OCT042245-45,0.9970,0.26,yes
2026-10-05T02:44:14.897658Z,KXDOGE15M-26OCT042245-45,0.9970,8.00,yes
2026-10-05T02:44:15.418981Z,KXDOGE15M-26OCT042245-45,0.9960,17.00,yes
2026-10-05T02:44:15.418981Z,KXDOGE15M-26OCT042245-45,0.9970,7.00,yes
2026-10-05T02:44:15.418981Z,KXDOGE15M-26OCT042245-45,0.9970,2.00,yes
2026-10-05T02:44:15.880638Z,KXDOGE15M-26OCT042245-45,0.9980,1.00,yes
2026-10-05T02:44:15.880638Z,KXDOGE15M-26OCT042245-45,0.9970,1.00,yes
2026-10-05T02:44:15.880638Z,KXDOGE15M-26OCT042245-45,0.9970,7.00,yes
2026-10-05T02:44:15.880638Z,KXDOGE15M-26OCT042245-45,0.9970,54.00,yes
2026-10-05T02:44:15.880638Z,KXDOGE15M-26OCT042245-45,0.9970,20.00,yes
2026-10-05T02:44:15.880638Z,KXDOGE15M-26OCT042245-45,0.9980,123.00,yes
2026-10-05T02:44:15.880638Z,KXDOGE15M-26OCT042245-45,0.9970,16.00,yes
2026-10-05T02:44:15.880638Z,KXDOGE15M-26OCT042245-45,0.9970,1.00,yes
2026-10-05T02:44:15.880638Z,KXDOGE15M-26OCT042245-45,0.9980,5.00,yes
2026-10-05T02:44:15.880638Z,KXDOGE15M-26OCT042245-45,0.9980,333.07,yes
2026-10-05T02:44:15.880638Z,KXDOGE15M-26OCT042245-45,0.9980,100.00,yes
2026-10-05T02:44:15.880638Z,KXDOGE15M-26OCT042245-45,0.9990,298.93,yes
2026-10-05T02:44:15.880638Z,KXDOGE15M-26OCT042245-45,0.9980,3.00,yes
2026-10-05T02:44:15.880638Z,KXDOGE15M-26OCT042245-45,0.9980,3.00,yes
2026-10-05T02:44:15.880638Z,KXDOGE15M-26OCT042245-45,0.9980,3.00,yes
2026-10-05T02:44:15.880638Z,KXDOGE15M-26OCT042245-45,0.9980,3.00,yes
2026-10-05T02:44:15.880638Z,KXDOGE15M-26OCT042245-45,0.9980,3.00,yes
2026-10-05T02:44:15.880638Z,KXDOGE15M-26OCT042245-45,0.9980,26.00,yes
2026-10-05T02:44:16.500098Z,KXDOGE15M-26OCT042245-45,0.9980,2.00,yes
2026-10-05T02:44:16.76884Z,KXDOGE15M-26OCT042245-45,0.9970,117.00,no
2026-10-05T02:44:16.76884Z,KXDOGE15M-26OCT042245-45,0.9970,67.00,no
2026-10-05T02:44:16.76884Z,KXDOGE15M-26OCT042245-45,0.9970,5.00,no
2026-10-05T02:44:17.141025Z,KXDOGE15M-26OCT042245-45,0.9970,13.80,no
2026-10-05T02:44:17.187242Z,KXDOGE15M-26OCT042245-45,0.9980,64.93,yes
2026-10-05T02:44:17.187242Z,KXDOGE15M-26OCT042245-45,0.9980,0.03,yes
2026-10-05T02:44:18.111898Z,KXDOGE15M-26OCT042245-45,0.9970,3.67,no
2026-10-05T02:44:18.144873Z,KXDOGE15M-26OCT042245-45,0.9970,21.00,no
2026-10-05T02:44:18.152878Z,KXDOGE15M-26OCT042245-45,0.9970,10.00,no
2026-10-05T02:44:18.166338Z,KXDOGE15M-26OCT042245-45,0.9970,10.00,no
2026-10-05T02:44:18.192316Z,KXDOGE15M-26OCT042245-45,0.9970,10.00,no
2026-10-05T02:44:18.199135Z,KXDOGE15M-26OCT042245-45,0.9970,6.00,no
2026-10-05T02:44:18.30262Z,KXDOGE15M-26OCT042245-45,0.9970,21.00,no
2026-10-05T02:44:18.310248Z,KXDOGE15M-26OCT042245-45,0.9970,10.00,no
2026-10-05T02:44:18.386064Z,KXDOGE15M-26OCT042245-45,0.9970,76.00,no
2026-10-05T02:44:18.433282Z,KXDOGE15M-26OCT042245-45,0.9970,0.46,no
2026-10-05T02:44:18.433282Z,KXDOGE15M-26OCT042245-45,0.9970,39.54,no
2026-10-05T02:44:18.439391Z,KXDOGE15M-26OCT042245-45,0.9970,0.46,no
2026-10-05T02:44:19.363897Z,KXDOGE15M-26OCT042245-45,0.9980,4.97,yes
2026-10-05T02:44:19.363897Z,KXDOGE15M-26OCT042245-45,0.9980,0.03,yes
2026-10-05T02:44:20.047461Z,KXDOGE15M-26OCT042245-45,0.9980,2.00,no
2026-10-05T02:44:20.195218Z,KXDOGE15M-26OCT042245-45,0.9970,7.71,no
2026-10-05T02:44:20.195218Z,KXDOGE15M-26OCT042245-45,0.9970,3.00,no
2026-10-05T02:44:20.73732Z,KXDOGE15M-26OCT042245-45,0.9950,126.00,no
2026-10-05T02:44:20.73732Z,KXDOGE15M-26OCT042245-45,0.9970,18.00,no
2026-10-05T02:44:20.73732Z,KXDOGE15M-26OCT042245-45,0.9970,7.29,no
2026-10-05T02:44:20.73732Z,KXDOGE15M-26OCT042245-45,0.9940,69.00,no
2026-10-05T02:44:20.73732Z,KXDOGE15M-26OCT042245-45,0.9940,10.00,no
2026-10-05T02:44:20.73732Z,KXDOGE15M-26OCT042245-45,0.9950,11.00,no
2026-10-05T02:44:20.73732Z,KXDOGE15M-26OCT042245-45,0.9930,8.20,no
2026-10-05T02:44:20.73732Z,KXDOGE15M-26OCT042245-45,0.9960,40.00,no
2026-10-05T02:44:20.73732Z,KXDOGE15M-26OCT042245-45,0.9960,40.00,no
2026-10-05T02:44:20.73732Z,KXDOGE15M-26OCT042245-45,0.9960,40.00,no
2026-10-05T02:44:20.73732Z,KXDOGE15M-26OCT042245-45,0.9950,44.00,no
2026-10-05T02:44:20.73732Z,KXDOGE15M-26OCT042245-45,0.9960,40.00,no
2026-10-05T02:44:20.73732Z,KXDOGE15M-26OCT042245-45,0.9960,40.00,no
2026-10-05T02:44:20.73732Z,KXDOGE15M-26OCT042245-45,0.9960,40.00,no
2026-10-05T02:44:20.73732Z,KXDOGE15M-26OCT042245-45,0.9960,0.01,no
2026-10-05T02:44:20.73732Z,KXDOGE15M-26OCT042245-45,0.9940,26.00,no
2026-10-05T02:44:21.316064Z,KXDOGE15M-26OCT042245-45,0.9980,4.97,yes
2026-10-05T02:44:21.316064Z,KXDOGE15M-26OCT042245-45,0.9980,0.03,yes
2026-10-05T02:44:25.195359Z,KXDOGE15M-26OCT042245-45,0.9980,229.01,no
2026-10-05T02:44:25.285294Z,KXDOGE15M-26OCT042245-45,0.9990,40.00,yes
2026-10-05T02:44:25.285294Z,KXDOGE15M-26OCT042245-45,0.9990,10.00,yes
2026-10-05T02:44:25.285294Z,KXDOGE15M-26OCT042245-45,0.9990,83.00,yes
2026-10-05T02:44:25.285294Z,KXDOGE15M-26OCT042245-45,0.9990,57.93,yes
2026-10-05T02:44:25.285294Z,KXDOGE15M-26OCT042245-45,0.9990,201.07,yes
2026-10-05T02:44:25.285294Z,KXDOGE15M-26OCT042245-45,0.9990,1.00,yes
2026-10-05T02:44:25.285294Z,KXDOGE15M-26OCT042245-45,0.9990,1.00,yes
2026-10-05T02:44:25.285294Z,KXDOGE15M-26OCT042245-45,0.9990,5.00,yes
2026-10-05T02:44:25.285294Z,KXDOGE15M-26OCT042245-45,0.9990,1.00,yes
2026-10-05T02:44:25.522961Z,KXDOGE15M-26OCT042245-45,0.9980,45.80,no
2026-10-05T02:44:27.097279Z,KXDOGE15M-26OCT042245-45,0.9990,14.95,no
2026-10-05T02:44:27.697858Z,KXDOGE15M-26OCT042245-45,0.9990,915.99,no
2026-10-05T02:44:34.182264Z,KXDOGE15M-26OCT042245-45,0.9990,458.04,no
2026-10-05T02:44:41.473743Z,KXDOGE15M-26OCT042245-45,0.9990,100.59,no
2026-10-05T02:44:41.486302Z,KXDOGE15M-26OCT042245-45,0.9990,26.00,no
2026-10-05T02:44:47.810711Z,KXDOGE15M-26OCT042245-45,0.9990,23.33,no
2026-10-05T02:44:52.806216Z,KXDOGE15M-26OCT042245-45,0.9990,1.00,no
2026-10-05T02:43:24.952034Z,KXEURUSD15M-26OCT042245-30,0.0500,1.00,no
2026-10-05T02:43:24.952034Z,KXEURUSD15M-26OCT042245-30,0.0500,1.87,no
2026-10-05T02:43:24.952034Z,KXEURUSD15M-26OCT042245-30,0.0300,2.13,no
2026-10-05T02:43:26.760661Z,KXEURUSD15M-26OCT042245-30,0.0300,0.87,no
2026-10-05T02:43:29.400373Z,KXEURUSD15M-26OCT042245-30,0.0200,1.00,no
2026-10-05T02:43:29.400373Z,KXEURUSD15M-26OCT042245-30,0.0200,1.00,no
2026-10-05T02:43:29.441394Z,KXEURUSD15M-26OCT042245-30,0.0100,50.00,no
2026-10-05T02:43:29.441394Z,KXEURUSD15M-26OCT042245-30,0.0100,10.00,no
2026-10-05T02:43:33.96615Z,KXEURUSD15M-26OCT042245-30,0.0100,1.00,no
2026-10-05T02:43:41.063604Z,KXEURUSD15M-26OCT042245-30,0.0100,10.00,no
2026-10-05T02:43:43.015344Z,KXEURUSD15M-26OCT042245-30,0.0100,10.00,no
2026-10-05T02:43:44.116799Z,KXEURUSD15M-26OCT042245-30,0.0100,10.00,no
2026-10-05T02:43:45.593454Z,KXEURUSD15M-26OCT042245-30,0.0100,10.00,no
2026-10-05T02:43:47.111273Z,KXEURUSD15M-26OCT042245-30,0.0100,10.00,no
2026-10-05T02:43:49.868892Z,KXEURUSD15M-26OCT042245-30,0.0100,0.50,no
2026-10-05T02:43:56.366249Z,KXEURUSD15M-26OCT042245-30,0.0200,24.65,yes
2026-10-05T02:44:00.537274Z,KXEURUSD15M-26OCT042245-30,0.0100,0.50,no
2026-10-05T02:44:00.537274Z,KXEURUSD15M-26OCT042245-30,0.0100,1.00,no
2026-10-05T02:44:00.537274Z,KXEURUSD15M-26OCT042245-30,0.0100,2.00,no
2026-10-05T02:44:00.537274Z,KXEURUSD15M-26OCT042245-30,0.0100,58.50,no
2026-10-05T02:44:00.537274Z,KXEURUSD15M-26OCT042245-30,0.0100,1.00,no
2026-10-05T02:44:06.763471Z,KXEURUSD15M-26OCT042245-30,0.0100,60.00,yes
2026-10-05T02:44:06.763471Z,KXEURUSD15M-26OCT042245-30,0.0100,30.00,yes
2026-10-05T02:44:06.763471Z,KXEURUSD15M-26OCT042245-30,0.0200,177.62,yes
2026-10-05T02:44:06.763471Z,KXEURUSD15M-26OCT042245-30,0.0100,2.00,yes
2026-10-05T02:44:06.763471Z,KXEURUSD15M-26OCT042245-30,0.0200,10.00,yes
2026-10-05T02:43:14.723135Z,KXZEC15M-26OCT042245-45,0.9670,2.97,yes
2026-10-05T02:43:14.815275Z,KXZEC15M-26OCT042245-45,0.9670,1.03,yes
2026-10-05T02:43:14.960752Z,KXZEC15M-26OCT042245-45,0.9390,46.14,no
2026-10-05T02:43:16.123035Z,KXZEC15M-26OCT042245-45,0.9500,17.00,no
2026-10-05T02:43:16.123035Z,KXZEC15M-26OCT042245-45,0.9500,5.00,no
2026-10-05T02:43:16.123035Z,KXZEC15M-26OCT042245-45,0.9500,1.00,no
2026-10-05T02:43:16.123035Z,KXZEC15M-26OCT042245-45,0.9490,47.70,no
2026-10-05T02:43:16.123035Z,KXZEC15M-26OCT042245-45,0.9510,52.00,no
2026-10-05T02:43:16.123035Z,KXZEC15M-26OCT042245-45,0.9500,20.00,no
2026-10-05T02:43:16.567111Z,KXZEC15M-26OCT042245-45,0.9680,2.00,yes
2026-10-05T02:43:16.567111Z,KXZEC15M-26OCT042245-45,0.9680,0.03,yes
2026-10-05T02:43:16.911978Z,KXZEC15M-26OCT042245-45,0.9700,0.03,yes
2026-10-05T02:43:16.911978Z,KXZEC15M-26OCT042245-45,0.9700,25.00,yes
2026-10-05T02:43:18.317809Z,KXZEC15M-26OCT042245-45,0.9780,8.00,yes
2026-10-05T02:43:18.581643Z,KXZEC15M-26OCT042245-45,0.9660,1.00,no
2026-10-05T02:43:18.581643Z,KXZEC15M-26OCT042245-45,0.9660,16.62,no
2026-10-05T02:43:18.892124Z,KXZEC15M-26OCT042245-45,0.9780,11.00,yes
2026-10-05T02:43:18.892124Z,KXZEC15M-26OCT042245-45,0.9780,0.03,yes
2026-10-05T02:43:18.892124Z,KXZEC15M-26OCT042245-45,0.9790,8.97,yes
2026-10-05T02:43:21.727242Z,KXZEC15M-26OCT042245-45,0.9790,2.03,yes
2026-10-05T02:43:21.771228Z,KXZEC15M-26OCT042245-45,0.9680,0.03,no
2026-10-05T02:43:21.771228Z,KXZEC15M-26OCT042245-45,0.9670,3.97,no
2026-10-05T02:43:23.713694Z,KXZEC15M-26OCT042245-45,0.9620,1.00,no
2026-10-05T02:43:25.345564Z,KXZEC15M-26OCT042245-45,0.9770,3.05,yes
2026-10-05T02:43:25.632937Z,KXZEC15M-26OCT042245-45,0.9700,0.54,no
2026-10-05T02:43:27.334685Z,KXZEC15M-26OCT042245-45,0.9700,0.86,no
2026-10-05T02:43:28.58261Z,KXZEC15M-26OCT042245-45,0.9700,15.43,yes
2026-10-05T02:43:28.91963Z,KXZEC15M-26OCT042245-45,0.9700,12.00,yes
2026-10-05T02:43:28.920247Z,KXZEC15M-26OCT042245-45,0.9700,3.00,yes
2026-10-05T02:43:28.922409Z,KXZEC15M-26OCT042245-45,0.9700,3.00,yes
2026-10-05T02:43:28.923023Z,KXZEC15M-26OCT042245-45,0.9700,3.00,yes
2026-10-05T02:43:29.13408Z,KXZEC15M-26OCT042245-45,0.9700,3.00,yes
2026-10-05T02:43:29.134891Z,KXZEC15M-26OCT042245-45,0.9700,1.00,yes
2026-10-05T02:43:31.473847Z,KXZEC15M-26OCT042245-45,0.9700,5.96,yes
2026-10-05T02:43:33.809351Z,KXZEC15M-26OCT042245-45,0.9580,0.81,no
2026-10-05T02:43:33.809351Z,KXZEC15M-26OCT042245-45,0.9610,0.03,no
2026-10-05T02:43:33.809351Z,KXZEC15M-26OCT042245-45,0.9600,1.00,no
2026-10-05T02:43:33.809351Z,KXZEC15M-26OCT042245-45,0.9650,1.00,no
2026-10-05T02:43:33.809351Z,KXZEC15M-26OCT042245-45,0.9590,1.00,no
2026-10-05T02:43:33.809351Z,KXZEC15M-26OCT042245-45,0.9610,1.00,no
2026-10-05T02:43:34.449012Z,KXZEC15M-26OCT042245-45,0.9700,1.02,yes
2026-10-05T02:43:35.524562Z,KXZEC15M-26OCT042245-45,0.9610,23.02,no
2026-10-05T02:43:35.524562Z,KXZEC15M-26OCT042245-45,0.9610,1.00,no
2026-10-05T02:43:35.738011Z,KXZEC15M-26OCT042245-45,0.9660,1.00,no
2026-10-05T02:43:35.913582Z,KXZEC15M-26OCT042245-45,0.9700,1.73,yes
2026-10-05T02:43:35.928121Z,KXZEC15M-26OCT042245-45,0.9800,0.03,yes
2026-10-05T02:43:35.928121Z,KXZEC15M-26OCT042245-45,0.9800,19.00,yes
2026-10-05T02:43:35.928121Z,KXZEC15M-26OCT042245-45,0.9800,20.00,yes
2026-10-05T02:43:35.928121Z,KXZEC15M-26OCT042245-45,0.9800,11.00,yes
2026-10-05T02:43:35.928121Z,KXZEC15M-26OCT042245-45,0.9800,10.00,yes
2026-10-05T02:43:36.281747Z,KXZEC15M-26OCT042245-45,0.9620,0.03,no
2026-10-05T02:43:36.281747Z,KXZEC15M-26OCT042245-45,0.9650,1.00,no
2026-10-05T02:43:36.281747Z,KXZEC15M-26OCT042245-45,0.9650,0.03,no
2026-10-05T02:43:36.281747Z,KXZEC15M-26OCT042245-45,0.9620,1.00,no
2026-10-05T02:43:36.281747Z,KXZEC15M-26OCT042245-45,0.9720,20.00,no
2026-10-05T02:43:36.282172Z,KXZEC15M-26OCT042245-45,0.9430,34.00,no
2026-10-05T02:43:36.282172Z,KXZEC15M-26OCT042245-45,0.9440,27.00,no
2026-10-05T02:43:36.996909Z,KXZEC15M-26OCT042245-45,0.9390,12.97,no
2026-10-05T02:43:36.996909Z,KXZEC15M-26OCT042245-45,0.9450,0.03,no
2026-10-05T02:43:36.996909Z,KXZEC15M-26OCT042245-45,0.9450,1.00,no
2026-10-05T02:43:36.997041Z,KXZEC15M-26OCT042245-45,0.9390,15.03,no
2026-10-05T02:43:36.997041Z,KXZEC15M-26OCT042245-45,0.9380,1.97,no
2026-10-05T02:43:36.997041Z,KXZEC15M-26OCT042245-45,0.9380,2.00,no
2026-10-05T02:43:38.017367Z,KXZEC15M-26OCT042245-45,0.9390,1.00,no
2026-10-05T02:43:38.017367Z,KXZEC15M-26OCT042245-45,0.9390,0.03,no
2026-10-05T02:43:38.16014Z,KXZEC15M-26OCT042245-45,0.9650,2.06,yes
2026-10-05T02:43:38.224995Z,KXZEC15M-26OCT042245-45,0.9650,50.79,yes
2026-10-05T02:43:40.287444Z,KXZEC15M-26OCT042245-45,0.9360,0.03,no
2026-10-05T02:43:40.291638Z,KXZEC15M-26OCT042245-45,0.9350,13.07,no
2026-10-05T02:43:40.291638Z,KXZEC15M-26OCT042245-45,0.9350,1.00,no
2026-10-05T02:43:41.550574Z,KXZEC15M-26OCT042245-45,0.9460,3.15,yes
2026-10-05T02:43:41.797762Z,KXZEC15M-26OCT042245-45,0.9480,104.00,yes
2026-10-05T02:43:41.797762Z,KXZEC15M-26OCT042245-45,0.9460,0.03,yes
2026-10-05T02:43:41.797762Z,KXZEC15M-26OCT042245-45,0.9790,538.21,yes
2026-10-05T02:43:41.797762Z,KXZEC15M-26OCT042245-45,0.9460,100.85,yes
2026-10-05T02:43:41.797762Z,KXZEC15M-26OCT042245-45,0.9450,13.00,yes
2026-10-05T02:43:41.797762Z,KXZEC15M-26OCT042245-45,0.9480,0.03,yes
2026-10-05T02:43:41.797762Z,KXZEC15M-26OCT042245-45,0.9700,1.00,yes
2026-10-05T02:43:41.797762Z,KXZEC15M-26OCT042245-45,0.9440,5.00,yes
2026-10-05T02:43:42.19961Z,KXZEC15M-26OCT042245-45,0.9300,1.00,no
2026-10-05T02:43:42.200351Z,KXZEC15M-26OCT042245-45,0.9300,6.00,no
2026-10-05T02:43:42.201783Z,KXZEC15M-26OCT042245-45,0.9290,0.93,no
2026-10-05T02:43:42.201783Z,KXZEC15M-26OCT042245-45,0.9290,2.07,no
2026-10-05T02:43:42.272202Z,KXZEC15M-26OCT042245-45,0.9310,15.80,no
2026-10-05T02:43:42.274023Z,KXZEC15M-26OCT042245-45,0.9310,10.20,no
2026-10-05T02:43:42.276501Z,KXZEC15M-26OCT042245-45,0.9100,1.00,no
2026-10-05T02:43:45.496957Z,KXZEC15M-26OCT042245-45,0.7800,3.78,no
2026-10-05T02:43:46.101729Z,KXZEC15M-26OCT042245-45,0.7500,5.00,no
2026-10-05T02:43:46.946281Z,KXZEC15M-26OCT042245-45,0.8000,58.00,yes
2026-10-05T02:43:46.946281Z,KXZEC15M-26OCT042245-45,0.8100,57.17,yes
2026-10-05T02:43:46.946281Z,KXZEC15M-26OCT042245-45,0.7400,0.01,yes
2026-10-05T02:43:46.946281Z,KXZEC15M-26OCT042245-45,0.7400,1.00,yes
2026-10-05T02:43:46.946281Z,KXZEC15M-26OCT042245-45,0.8100,28.00,yes
2026-10-05T02:43:46.954414Z,KXZEC15M-26OCT042245-45,0.7300,0.70,no
2026-10-05T02:43:47.566561Z,KXZEC15M-26OCT042245-45,0.7700,5.00,yes
2026-10-05T02:43:47.566561Z,KXZEC15M-26OCT042245-45,0.7900,56.00,yes
2026-10-05T02:43:47.566561Z,KXZEC15M-26OCT042245-45,0.7600,1.00,yes
2026-10-05T02:43:47.566561Z,KXZEC15M-26OCT042245-45,0.7700,52.00,yes
2026-10-05T02:43:47.566693Z,KXZEC15M-26OCT042245-45,0.8100,0.03,yes
2026-10-05T02:43:47.566693Z,KXZEC15M-26OCT042245-45,0.8100,28.00,yes
2026-10-05T02:43:47.568271Z,KXZEC15M-26OCT042245-45,0.8200,0.03,yes
2026-10-05T02:43:47.571396Z,KXZEC15M-26OCT042245-45,0.8400,149.04,yes
2026-10-05T02:43:47.571396Z,KXZEC15M-26OCT042245-45,0.8400,0.03,yes
2026-10-05T02:43:47.578923Z,KXZEC15M-26OCT042245-45,0.8300,5.00,yes
2026-10-05T02:43:47.578923Z,KXZEC15M-26OCT042245-45,0.8300,27.00,yes
2026-10-05T02:43:47.578923Z,KXZEC15M-26OCT042245-45,0.8400,357.41,yes
2026-10-05T02:43:47.58368Z,KXZEC15M-26OCT042245-45,0.8300,1.00,yes
2026-10-05T02:43:47.58368Z,KXZEC15M-26OCT042245-45,0.8200,5.00,yes
2026-10-05T02:43:48.06468Z,KXZEC15M-26OCT042245-45,0.8600,5.00,no
2026-10-05T02:43:48.06468Z,KXZEC15M-26OCT042245-45,0.8600,35.00,no
2026-10-05T02:43:48.075022Z,KXZEC15M-26OCT042245-45,0.8700,3.78,yes
2026-10-05T02:43:48.099749Z,KXZEC15M-26OCT042245-45,0.9070,1.00,yes
2026-10-05T02:43:48.936606Z,KXZEC15M-26OCT042245-45,0.9540,99.97,yes
2026-10-05T02:43:48.936606Z,KXZEC15M-26OCT042245-45,0.9470,1.00,yes
2026-10-05T02:43:48.936606Z,KXZEC15M-26OCT042245-45,0.9530,19.00,yes
2026-10-05T02:43:48.936606Z,KXZEC15M-26OCT042245-45,0.9470,0.03,yes
2026-10-05T02:43:48.936606Z,KXZEC15M-26OCT042245-45,0.9470,100.00,yes
2026-10-05T02:43:49.862255Z,KXZEC15M-26OCT042245-45,0.9220,5.00,no
2026-10-05T02:43:49.862255Z,KXZEC15M-26OCT042245-45,0.9210,2.84,no
2026-10-05T02:43:51.426912Z,KXZEC15M-26OCT042245-45,0.9800,0.03,yes
2026-10-05T02:43:51.426912Z,KXZEC15M-26OCT042245-45,0.9790,0.03,yes
2026-10-05T02:43:51.426912Z,KXZEC15M-26OCT042245-45,0.9770,0.03,yes
2026-10-05T02:43:51.426912Z,KXZEC15M-26OCT042245-45,0.9770,1.00,yes
2026-10-05T02:43:51.426912Z,KXZEC15M-26OCT042245-45,0.9790,15.00,yes
2026-10-05T02:43:51.426912Z,KXZEC15M-26OCT042245-45,0.9760,2.00,yes
2026-10-05T02:43:51.426912Z,KXZEC15M-26OCT042245-45,0.9800,40.00,yes
2026-10-05T02:43:51.426912Z,KXZEC15M-26OCT042245-45,0.9800,52.75,yes
2026-10-05T02:43:51.426912Z,KXZEC15M-26OCT042245-45,0.9810,19.16,yes
2026-10-05T02:43:51.739149Z,KXZEC15M-26OCT042245-45,0.9570,1.00,no
2026-10-05T02:43:51.739149Z,KXZEC15M-26OCT042245-45,0.9540,1.00,no
2026-10-05T02:43:51.739149Z,KXZEC15M-26OCT042245-45,0.9580,5.00,no
2026-10-05T02:43:51.739149Z,KXZEC15M-26OCT042245-45,0.9560,19.16,no
2026-10-05T02:43:51.746691Z,KXZEC15M-26OCT042245-45,0.9490,1.00,no
2026-10-05T02:43:51.746691Z,KXZEC15M-26OCT042245-45,0.9480,0.03,no
2026-10-05T02:43:51.746691Z,KXZEC15M-26OCT042245-45,0.9500,5.00,no
2026-10-05T02:43:51.746691Z,KXZEC15M-26OCT042245-45,0.9460,1.00,no
2026-10-05T02:43:51.746691Z,KXZEC15M-26OCT042245-45,0.9470,0.03,no
2026-10-05T02:43:51.746691Z,KXZEC15M-26OCT042245-45,0.9410,9.48,no
2026-10-05T02:43:52.893981Z,KXZEC15M-26OCT042245-45,0.9810,1.13,yes
2026-10-05T02:43:52.893981Z,KXZEC15M-26OCT042245-45,0.9810,0.03,yes
2026-10-05T02:43:52.893981Z,KXZEC15M-26OCT042245-45,0.9810,0.84,yes
2026-10-05T02:43:56.10665Z,KXZEC15M-26OCT042245-45,0.9810,2.00,yes
2026-10-05T02:43:56.10665Z,KXZEC15M-26OCT042245-45,0.9810,21.00,yes
2026-10-05T02:43:56.10665Z,KXZEC15M-26OCT042245-45,0.9820,20.00,yes
2026-10-05T02:43:56.119828Z,KXZEC15M-26OCT042245-45,0.9830,10.00,yes
2026-10-05T02:43:56.119828Z,KXZEC15M-26OCT042245-45,0.9840,0.03,yes
2026-10-05T02:43:56.119828Z,KXZEC15M-26OCT042245-45,0.9830,20.00,yes
2026-10-05T02:43:56.119828Z,KXZEC15M-26OCT042245-45,0.9840,20.00,yes
2026-10-05T02:43:56.119828Z,KXZEC15M-26OCT042245-45,0.9850,5.97,yes
2026-10-05T02:43:56.638592Z,KXZEC15M-26OCT042245-45,0.9780,0.83,no
2026-10-05T02:43:59.025957Z,KXZEC15M-26OCT042245-45,0.9840,5.12,no
2026-10-05T02:43:59.613894Z,KXZEC15M-26OCT042245-45,0.9850,3.00,yes
2026-10-05T02:43:59.613894Z,KXZEC15M-26OCT042245-45,0.9850,14.03,yes
2026-10-05T02:43:59.613894Z,KXZEC15M-26OCT042245-45,0.9860,20.00,yes
2026-10-05T02:43:59.613894Z,KXZEC15M-26OCT042245-45,0.9860,7.97,yes
2026-10-05T02:43:59.628047Z,KXZEC15M-26OCT042245-45,0.9860,0.03,yes
2026-10-05T02:43:59.63348Z,KXZEC15M-26OCT042245-45,0.9870,1.00,yes
2026-10-05T02:43:59.63348Z,KXZEC15M-26OCT042245-45,0.9870,20.00,yes
2026-10-05T02:43:59.63492Z,KXZEC15M-26OCT042245-45,0.9880,20.00,yes
2026-10-05T02:43:59.63492Z,KXZEC15M-26OCT042245-45,0.9880,20.00,yes
2026-10-05T02:43:59.652731Z,KXZEC15M-26OCT042245-45,0.9890,38.00,yes
2026-10-05T02:43:59.652731Z,KXZEC15M-26OCT042245-45,0.9890,1.00,yes
2026-10-05T02:43:59.652731Z,KXZEC15M-26OCT042245-45,0.9890,20.00,yes
2026-10-05T02:43:59.967311Z,KXZEC15M-26OCT042245-45,0.9890,4.96,yes
2026-10-05T02:44:01.300987Z,KXZEC15M-26OCT042245-45,0.9890,3.00,yes
2026-10-05T02:44:01.432485Z,KXZEC15M-26OCT042245-45,0.9890,5.04,yes
2026-10-05T02:44:01.542351Z,KXZEC15M-26OCT042245-45,0.9870,2.05,no
2026-10-05T02:44:01.796633Z,KXZEC15M-26OCT042245-45,0.9900,50.00,yes
2026-10-05T02:44:02.613467Z,KXZEC15M-26OCT042245-45,0.9870,30.00,no
2026-10-05T02:44:02.72303Z,KXZEC15M-26OCT042245-45,0.9900,1.00,yes
2026-10-05T02:44:03.20165Z,KXZEC15M-26OCT042245-45,0.9870,32.00,no
2026-10-05T02:44:03.20165Z,KXZEC15M-26OCT042245-45,0.9870,0.01,no
2026-10-05T02:44:03.20165Z,KXZEC15M-26OCT042245-45,0.9870,3.00,no
2026-10-05T02:44:03.20165Z,KXZEC15M-26OCT042245-45,0.9860,10.16,no
2026-10-05T02:44:03.20165Z,KXZEC15M-26OCT042245-45,0.9870,19.95,no
2026-10-05T02:44:03.20165Z,KXZEC15M-26OCT042245-45,0.9870,20.00,no
2026-10-05T02:44:03.20165Z,KXZEC15M-26OCT042245-45,0.9870,20.00,no
2026-10-05T02:44:03.595451Z,KXZEC15M-26OCT042245-45,0.9900,12.00,yes
2026-10-05T02:44:03.595451Z,KXZEC15M-26OCT042245-45,0.9900,4.00,yes
2026-10-05T02:44:03.595451Z,KXZEC15M-26OCT042245-45,0.9900,20.00,yes
2026-10-05T02:44:03.69238Z,KXZEC15M-26OCT042245-45,0.9900,1.00,yes
2026-10-05T02:44:03.840115Z,KXZEC15M-26OCT042245-45,0.9900,8.00,yes
2026-10-05T02:44:03.840262Z,KXZEC15M-26OCT042245-45,0.9900,25.00,yes
2026-10-05T02:44:03.840262Z,KXZEC15M-26OCT042245-45,0.9900,4.00,yes
2026-10-05T02:44:03.840262Z,KXZEC15M-26OCT042245-45,0.9900,2.00,yes
2026-10-05T02:44:04.262883Z,KXZEC15M-26OCT042245-45,0.9900,100.00,yes
2026-10-05T02:44:04.262883Z,KXZEC15M-26OCT042245-45,0.9900,2.00,yes
2026-10-05T02:44:04.262883Z,KXZEC15M-26OCT042245-45,0.9900,20.22,yes
2026-10-05T02:44:04.370556Z,KXZEC15M-26OCT042245-45,0.9910,4.00,yes
2026-10-05T02:44:05.075266Z,KXZEC15M-26OCT042245-45,0.9910,16.00,yes
2026-10-05T02:44:05.868278Z,KXZEC15M-26OCT042245-45,0.9920,20.00,yes
2026-10-05T02:44:06.674545Z,KXZEC15M-26OCT042245-45,0.9950,11.00,yes
2026-10-05T02:44:06.674545Z,KXZEC15M-26OCT042245-45,0.9950,1.00,yes
2026-10-05T02:44:06.674545Z,KXZEC15M-26OCT042245-45,0.9930,20.00,yes
2026-10-05T02:44:06.674545Z,KXZEC15M-26OCT042245-45,0.9940,20.00,yes
2026-10-05T02:44:06.674545Z,KXZEC15M-26OCT042245-45,0.9950,20.00,yes
2026-10-05T02:44:07.076093Z,KXZEC15M-26OCT042245-45,0.9960,9.00,yes
2026-10-05T02:44:07.508042Z,KXZEC15M-26OCT042245-45,0.9950,99.00,no
2026-10-05T02:44:11.042708Z,KXZEC15M-26OCT042245-45,0.9970,0.03,yes
2026-10-05T02:44:11.042708Z,KXZEC15M-26OCT042245-45,0.9970,4.00,yes
2026-10-05T02:44:11.042708Z,KXZEC15M-26OCT042245-45,0.9970,20.00,yes
2026-10-05T02:44:11.042708Z,KXZEC15M-26OCT042245-45,0.9960,11.00,yes
2026-10-05T02:44:11.042708Z,KXZEC15M-26OCT042245-45,0.9960,1.00,yes
2026-10-05T02:44:11.042708Z,KXZEC15M-26OCT042245-45,0.9970,2.00,yes
2026-10-05T02:44:11.042708Z,KXZEC15M-26OCT042245-45,0.9960,1.00,yes
2026-10-05T02:44:11.042708Z,KXZEC15M-26OCT042245-45,0.9970,2.00,yes
2026-10-05T02:44:11.042708Z,KXZEC15M-26OCT042245-45,0.9960,1.00,yes
2026-10-05T02:44:11.042708Z,KXZEC15M-26OCT042245-45,0.9970,2.00,yes
2026-10-05T02:44:11.042708Z,KXZEC15M-26OCT042245-45,0.9960,1.00,yes
2026-10-05T02:44:11.042708Z,KXZEC15M-26OCT042245-45,0.9960,1.00,yes
2026-10-05T02:44:11.042708Z,KXZEC15M-26OCT042245-45,0.9970,2.00,yes
2026-10-05T02:44:11.042708Z,KXZEC15M-26OCT042245-45,0.9970,2.00,yes
2026-10-05T02:44:11.042708Z,KXZEC15M-26OCT042245-45,0.9960,13.00,yes
2026-10-05T02:44:11.042708Z,KXZEC15M-26OCT042245-45,0.9970,18.00,yes
2026-10-05T02:44:11.735374Z,KXZEC15M-26OCT042245-45,0.9980,100.00,yes
2026-10-05T02:44:11.735374Z,KXZEC15M-26OCT042245-45,0.9980,22.22,yes
2026-10-05T02:44:13.383574Z,KXZEC15M-26OCT042245-45,0.9980,2.00,yes
2026-10-05T02:44:13.454561Z,KXZEC15M-26OCT042245-45,0.9980,14.07,yes
2026-10-05T02:44:15.362802Z,KXZEC15M-26OCT042245-45,0.9970,14.00,no
2026-10-05T02:44:15.363402Z,KXZEC15M-26OCT042245-45,0.9970,12.00,no
2026-10-05T02:44:16.323902Z,KXZEC15M-26OCT042245-45,0.9980,161.71,yes
2026-10-05T02:44:16.323902Z,KXZEC15M-26OCT042245-45,0.9980,20.00,yes
2026-10-05T02:44:16.323902Z,KXZEC15M-26OCT042245-45,0.9980,3.00,yes
2026-10-05T02:44:16.323902Z,KXZEC15M-26OCT042245-45,0.9980,26.00,yes
2026-10-05T02:44:16.323902Z,KXZEC15M-26OCT042245-45,0.9980,2.70,yes
2026-10-05T02:44:16.323902Z,KXZEC15M-26OCT042245-45,0.9980,3.00,yes
2026-10-05T02:44:16.323902Z,KXZEC15M-26OCT042245-45,0.9980,3.00,yes
2026-10-05T02:44:16.323902Z,KXZEC15M-26OCT042245-45,0.9980,3.00,yes
2026-10-05T02:44:19.756515Z,KXZEC15M-26OCT042245-45,0.9850,20.00,no
2026-10-05T02:44:19.756515Z,KXZEC15M-26OCT042245-45,0.9920,20.00,no
2026-10-05T02:44:19.756515Z,KXZEC15M-26OCT042245-45,0.9930,20.00,no
2026-10-05T02:44:19.756515Z,KXZEC15M-26OCT042245-45,0.9940,20.00,no
2026-10-05T02:44:19.756515Z,KXZEC15M-26OCT042245-45,0.9930,3.00,no
2026-10-05T02:44:19.756515Z,KXZEC15M-26OCT042245-45,0.9950,9.00,no
2026-10-05T02:44:19.756515Z,KXZEC15M-26OCT042245-45,0.9810,1.00,no
2026-10-05T02:44:19.756515Z,KXZEC15M-26OCT042245-45,0.9890,20.00,no
2026-10-05T02:44:19.756515Z,KXZEC15M-26OCT042245-45,0.9810,4.00,no
2026-10-05T02:44:19.756515Z,KXZEC15M-26OCT042245-45,0.9900,4.00,no
2026-10-05T02:44:19.756515Z,KXZEC15M-26OCT042245-45,0.9910,20.00,no
2026-10-05T02:44:19.756515Z,KXZEC15M-26OCT042245-45,0.9890,10.15,no
2026-10-05T02:44:19.756515Z,KXZEC15M-26OCT042245-45,0.9900,16.00,no
2026-10-05T02:44:19.756515Z,KXZEC15M-26OCT042245-45,0.9840,3.00,no
2026-10-05T02:44:19.756515Z,KXZEC15M-26OCT042245-45,0.9840,14.03,no
2026-10-05T02:44:19.756515Z,KXZEC15M-26OCT042245-45,0.9860,9.84,no
2026-10-05T02:44:19.756515Z,KXZEC15M-26OCT042245-45,0.9850,20.00,no
2026-10-05T02:44:19.756515Z,KXZEC15M-26OCT042245-45,0.9900,1.14,no
2026-10-05T02:44:19.756515Z,KXZEC15M-26OCT042245-45,0.9810,50.00,no
2026-10-05T02:44:19.756515Z,KXZEC15M-26OCT042245-45,0.9800,0.84,no
2026-10-05T02:44:19.756515Z,KXZEC15M-26OCT042245-45,0.9820,20.00,no
2026-10-05T02:44:19.756515Z,KXZEC15M-26OCT042245-45,0.9810,20.00,no
2026-10-05T02:44:19.756515Z,KXZEC15M-26OCT042245-45,0.9830,20.00,no
2026-10-05T02:44:19.756515Z,KXZEC15M-26OCT042245-45,0.9840,0.85,no
2026-10-05T02:44:19.756515Z,KXZEC15M-26OCT042245-45,0.9970,3.00,no
2026-10-05T02:44:19.756515Z,KXZEC15M-26OCT042245-45,0.9880,11.00,no
2026-10-05T02:44:19.756515Z,KXZEC15M-26OCT042245-45,0.9920,16.00,no
2026-10-05T02:44:19.756515Z,KXZEC15M-26OCT042245-45,0.9970,3.00,no
2026-10-05T02:44:19.756515Z,KXZEC15M-26OCT042245-45,0.9970,20.00,no
2026-10-05T02:44:19.756515Z,KXZEC15M-26OCT042245-45,0.9760,94.00,no
2026-10-05T02:44:19.756515Z,KXZEC15M-26OCT042245-45,0.9930,100.00,no
2026-10-05T02:44:19.756515Z,KXZEC15M-26OCT042245-45,0.9920,162.00,no
2026-10-05T02:44:19.756515Z,KXZEC15M-26OCT042245-45,0.9960,20.00,no
2026-10-05T02:44:19.756515Z,KXZEC15M-26OCT042245-45,0.9950,11.00,no
2026-10-05T02:44:19.756515Z,KXZEC15M-26OCT042245-45,0.9950,3.00,no
2026-10-05T02:44:19.756515Z,KXZEC15M-26OCT042245-45,0.9950,100.00,no
2026-10-05T02:44:19.756515Z,KXZEC15M-26OCT042245-45,0.9970,0.01,no
2026-10-05T02:44:19.756515Z,KXZEC15M-26OCT042245-45,0.9920,22.00,no
2026-10-05T02:44:22.343138Z,KXZEC15M-26OCT042245-45,0.9980,2.00,yes
2026-10-05T02:44:22.343138Z,KXZEC15M-26OCT042245-45,0.9980,62.07,yes
2026-10-05T02:44:22.343138Z,KXZEC15M-26OCT042245-45,0.9980,8.00,yes
2026-10-05T02:44:22.343138Z,KXZEC15M-26OCT042245-45,0.9970,1.00,yes
2026-10-05T02:44:22.343138Z,KXZEC15M-26OCT042245-45,0.9970,0.03,yes
2026-10-05T02:44:22.343138Z,KXZEC15M-26OCT042245-45,0.9980,0.30,yes
2026-10-05T02:44:22.432641Z,KXZEC15M-26OCT042245-45,0.9980,3.00,yes
2026-10-05T02:44:23.527495Z,KXZEC15M-26OCT042245-45,0.9980,34.93,yes
2026-10-05T02:44:23.54419Z,KXZEC15M-26OCT042245-45,0.9970,3.00,no
2026-10-05T02:44:23.54419Z,KXZEC15M-26OCT042245-45,0.9970,100.00,no
2026-10-05T02:44:23.54419Z,KXZEC15M-26OCT042245-45,0.9960,48.42,no
2026-10-05T02:44:23.54419Z,KXZEC15M-26OCT042245-45,0.9970,142.00,no
2026-10-05T02:44:25.517793Z,KXZEC15M-26OCT042245-45,0.9980,2.00,yes
2026-10-05T02:44:25.742247Z,KXZEC15M-26OCT042245-45,0.9990,20.00,yes
2026-10-05T02:44:25.742247Z,KXZEC15M-26OCT042245-45,0.9990,4.00,yes
2026-10-05T02:44:25.742247Z,KXZEC15M-26OCT042245-45,0.9990,1.00,yes
2026-10-05T02:44:25.742247Z,KXZEC15M-26OCT042245-45,0.9990,200.00,yes
2026-10-05T02:44:25.742247Z,KXZEC15M-26OCT042245-45,0.9990,1.00,yes
2026-10-05T02:44:25.742247Z,KXZEC15M-26OCT042245-45,0.9990,20.00,yes
2026-10-05T02:44:25.742247Z,KXZEC15M-26OCT042245-45,0.9990,1.00,yes
2026-10-05T02:44:27.195238Z,KXZEC15M-26OCT042245-45,0.9920,50.00,no
2026-10-05T02:44:27.195238Z,KXZEC15M-26OCT042245-45,0.9920,25.00,no
2026-10-05T02:44:27.195238Z,KXZEC15M-26OCT042245-45,0.9920,10.00,no
2026-10-05T02:44:27.195238Z,KXZEC15M-26OCT042245-45,0.9970,100.00,no
2026-10-05T02:44:27.195238Z,KXZEC15M-26OCT042245-45,0.9970,10.00,no
2026-10-05T02:44:27.195238Z,KXZEC15M-26OCT042245-45,0.9940,52.00,no
2026-10-05T02:44:27.195238Z,KXZEC15M-26OCT042245-45,0.9930,52.00,no
2026-10-05T02:44:27.195238Z,KXZEC15M-26OCT042245-45,0.9920,40.00,no
2026-10-05T02:44:27.195238Z,KXZEC15M-26OCT042245-45,0.9920,55.00,no
2026-10-05T02:44:27.195238Z,KXZEC15M-26OCT042245-45,0.9920,5.13,no
2026-10-05T02:44:27.195238Z,KXZEC15M-26OCT042245-45,0.9920,40.00,no
2026-10-05T02:44:27.195238Z,KXZEC15M-26OCT042245-45,0.9980,20.00,no
2026-10-05T02:44:27.195238Z,KXZEC15M-26OCT042245-45,0.9920,75.00,no
2026-10-05T02:44:27.195238Z,KXZEC15M-26OCT042245-45,0.9920,40.00,no
2026-10-05T02:44:27.195238Z,KXZEC15M-26OCT042245-45,0.9980,200.00,no
2026-10-05T02:44:27.195238Z,KXZEC15M-26OCT042245-45,0.9960,120.00,no
2026-10-05T02:44:27.770691Z,KXZEC15M-26OCT042245-45,0.9970,5.00,yes
2026-10-05T02:44:27.770691Z,KXZEC15M-26OCT042245-45,0.9980,44.00,yes
2026-10-05T02:44:27.770691Z,KXZEC15M-26OCT042245-45,0.9970,104.00,yes
2026-10-05T02:44:29.53963Z,KXZEC15M-26OCT042245-45,0.9980,56.00,yes
2026-10-05T02:44:36.635372Z,KXZEC15M-26OCT042245-45,0.9990,81.00,no
2026-10-05T02:44:46.757077Z,KXZEC15M-26OCT042245-45,0.9990,915.99,no
2026-10-05T02:43:30.178257Z,KXXRP15M-26OCT042245-45,0.8900,79.00,no
2026-10-05T02:43:30.199105Z,KXXRP15M-26OCT042245-45,0.8900,7.00,no
2026-10-05T02:43:30.488364Z,KXXRP15M-26OCT042245-45,0.8800,4.55,yes
2026-10-05T02:43:30.856764Z,KXXRP15M-26OCT042245-45,0.8700,39.00,no
2026-10-05T02:43:30.856764Z,KXXRP15M-26OCT042245-45,0.8700,39.00,no
2026-10-05T02:43:30.856764Z,KXXRP15M-26OCT042245-45,0.8600,2.00,no
2026-10-05T02:43:30.856764Z,KXXRP15M-26OCT042245-45,0.8600,10.00,no
2026-10-05T02:43:30.856764Z,KXXRP15M-26OCT042245-45,0.8600,19.00,no
2026-10-05T02:43:31.135766Z,KXXRP15M-26OCT042245-45,0.8700,18.00,no
2026-10-05T02:43:31.271798Z,KXXRP15M-26OCT042245-45,0.8800,2.00,yes
2026-10-05T02:43:31.831081Z,KXXRP15M-26OCT042245-45,0.8700,6.00,no
2026-10-05T02:43:31.831081Z,KXXRP15M-26OCT042245-45,0.8700,61.00,no
2026-10-05T02:43:31.831081Z,KXXRP15M-26OCT042245-45,0.8700,1.00,no
2026-10-05T02:43:32.09723Z,KXXRP15M-26OCT042245-45,0.8800,10.15,no
2026-10-05T02:43:32.136742Z,KXXRP15M-26OCT042245-45,0.8900,10.97,yes
2026-10-05T02:43:32.142259Z,KXXRP15M-26OCT042245-45,0.8900,20.00,yes
2026-10-05T02:43:32.142259Z,KXXRP15M-26OCT042245-45,0.8900,5.00,yes
2026-10-05T02:43:32.142259Z,KXXRP15M-26OCT042245-45,0.8900,39.03,yes
2026-10-05T02:43:32.28128Z,KXXRP15M-26OCT042245-45,0.9000,0.01,yes
2026-10-05T02:43:32.685946Z,KXXRP15M-26OCT042245-45,0.9000,33.00,yes
2026-10-05T02:43:33.38967Z,KXXRP15M-26OCT042245-45,0.9000,2.00,yes
2026-10-05T02:43:33.38967Z,KXXRP15M-26OCT042245-45,0.9100,21.00,yes
2026-10-05T02:43:33.38967Z,KXXRP15M-26OCT042245-45,0.9000,33.00,yes
2026-10-05T02:43:33.38967Z,KXXRP15M-26OCT042245-45,0.9000,5.00,yes
2026-10-05T02:43:33.38967Z,KXXRP15M-26OCT042245-45,0.9020,34.00,yes
2026-10-05T02:43:33.38967Z,KXXRP15M-26OCT042245-45,0.9100,16.85,yes
2026-10-05T02:43:33.38967Z,KXXRP15M-26OCT042245-45,0.9000,0.99,yes
2026-10-05T02:43:33.38967Z,KXXRP15M-26OCT042245-45,0.9090,5.00,yes
2026-10-05T02:43:33.61107Z,KXXRP15M-26OCT042245-45,0.9000,5.00,yes
2026-10-05T02:43:33.634008Z,KXXRP15M-26OCT042245-45,0.9000,8.00,yes
2026-10-05T02:43:33.656475Z,KXXRP15M-26OCT042245-45,0.9010,34.00,yes
2026-10-05T02:43:33.656475Z,KXXRP15M-26OCT042245-45,0.9000,2.00,yes
2026-10-05T02:43:33.656475Z,KXXRP15M-26OCT042245-45,0.9000,21.00,yes
2026-10-05T02:43:33.656475Z,KXXRP15M-26OCT042245-45,0.9000,5.00,yes
2026-10-05T02:43:34.005583Z,KXXRP15M-26OCT042245-45,0.9000,5.00,yes
2026-10-05T02:43:34.005583Z,KXXRP15M-26OCT042245-45,0.9000,34.00,yes
2026-10-05T02:43:34.695515Z,KXXRP15M-26OCT042245-45,0.9000,7.90,no
2026-10-05T02:43:34.695515Z,KXXRP15M-26OCT042245-45,0.9000,0.10,no
2026-10-05T02:43:34.979831Z,KXXRP15M-26OCT042245-45,0.9010,34.00,yes
2026-10-05T02:43:34.979831Z,KXXRP15M-26OCT042245-45,0.9030,34.00,yes
2026-10-05T02:43:34.979831Z,KXXRP15M-26OCT042245-45,0.9000,5.00,yes
2026-10-05T02:43:35.456526Z,KXXRP15M-26OCT042245-45,0.9040,5.00,yes
2026-10-05T02:43:35.456526Z,KXXRP15M-26OCT042245-45,0.9050,5.98,yes
2026-10-05T02:43:35.504015Z,KXXRP15M-26OCT042245-45,0.9100,0.10,yes
2026-10-05T02:43:35.504015Z,KXXRP15M-26OCT042245-45,0.9070,2.00,yes
2026-10-05T02:43:35.504015Z,KXXRP15M-26OCT042245-45,0.9060,34.00,yes
2026-10-05T02:43:35.504015Z,KXXRP15M-26OCT042245-45,0.9040,5.00,yes
2026-10-05T02:43:35.504015Z,KXXRP15M-26OCT042245-45,0.9050,28.02,yes
2026-10-05T02:43:35.745218Z,KXXRP15M-26OCT042245-45,0.9070,5.00,yes
2026-10-05T02:43:35.745218Z,KXXRP15M-26OCT042245-45,0.9080,34.00,yes
2026-10-05T02:43:35.753398Z,KXXRP15M-26OCT042245-45,0.9090,29.00,yes
2026-10-05T02:43:35.753398Z,KXXRP15M-26OCT042245-45,0.9080,5.00,yes
2026-10-05T02:43:36.15199Z,KXXRP15M-26OCT042245-45,0.8700,1.00,no
2026-10-05T02:43:36.15199Z,KXXRP15M-26OCT042245-45,0.8900,49.00,no
2026-10-05T02:43:36.15199Z,KXXRP15M-26OCT042245-45,0.8900,8.00,no
2026-10-05T02:43:36.15199Z,KXXRP15M-26OCT042245-45,0.9040,17.00,no
2026-10-05T02:43:36.15199Z,KXXRP15M-26OCT042245-45,0.8900,7.50,no
2026-10-05T02:43:36.15199Z,KXXRP15M-26OCT042245-45,0.9030,17.00,no
2026-10-05T02:43:36.15199Z,KXXRP15M-26OCT042245-45,0.9050,26.00,no
2026-10-05T02:43:36.15199Z,KXXRP15M-26OCT042245-45,0.9060,0.10,no
2026-10-05T02:43:36.15199Z,KXXRP15M-26OCT042245-45,0.8800,210.00,no
2026-10-05T02:43:36.15199Z,KXXRP15M-26OCT042245-45,0.9000,10.00,no
2026-10-05T02:43:36.15199Z,KXXRP15M-26OCT042245-45,0.8700,14.00,no
2026-10-05T02:43:36.15199Z,KXXRP15M-26OCT042245-45,0.8800,7.50,no
2026-10-05T02:43:36.15199Z,KXXRP15M-26OCT042245-45,0.8700,8.00,no
2026-10-05T02:43:36.15199Z,KXXRP15M-26OCT042245-45,0.8900,8.00,no
2026-10-05T02:43:36.15199Z,KXXRP15M-26OCT042245-45,0.8700,7.50,no
2026-10-05T02:43:36.156457Z,KXXRP15M-26OCT042245-45,0.8600,40.00,no
2026-10-05T02:43:36.156457Z,KXXRP15M-26OCT042245-45,0.8600,1.00,no
2026-10-05T02:43:36.156457Z,KXXRP15M-26OCT042245-45,0.8600,24.00,no
2026-10-05T02:43:36.157182Z,KXXRP15M-26OCT042245-45,0.8500,5.32,no
2026-10-05T02:43:36.157182Z,KXXRP15M-26OCT042245-45,0.8500,3.68,no
2026-10-05T02:43:36.159199Z,KXXRP15M-26OCT042245-45,0.8400,0.50,no
2026-10-05T02:43:36.159199Z,KXXRP15M-26OCT042245-45,0.8400,2.00,no
2026-10-05T02:43:36.167864Z,KXXRP15M-26OCT042245-45,0.8700,27.00,no
2026-10-05T02:43:36.178064Z,KXXRP15M-26OCT042245-45,0.8400,11.00,no
2026-10-05T02:43:36.178064Z,KXXRP15M-26OCT042245-45,0.8400,4.00,no
2026-10-05T02:43:36.396334Z,KXXRP15M-26OCT042245-45,0.8300,100.00,no
2026-10-05T02:43:36.509141Z,KXXRP15M-26OCT042245-45,0.8100,2.11,yes
2026-10-05T02:43:36.509141Z,KXXRP15M-26OCT042245-45,0.8100,5.00,yes
2026-10-05T02:43:36.509141Z,KXXRP15M-26OCT042245-45,0.8100,6.00,yes
2026-10-05T02:43:36.678982Z,KXXRP15M-26OCT042245-45,0.8100,7.50,no
2026-10-05T02:43:36.678982Z,KXXRP15M-26OCT042245-45,0.8100,10.00,no
2026-10-05T02:43:36.948663Z,KXXRP15M-26OCT042245-45,0.8100,8.00,no
2026-10-05T02:43:37.445438Z,KXXRP15M-26OCT042245-45,0.8100,2.00,no
2026-10-05T02:43:37.445438Z,KXXRP15M-26OCT042245-45,0.8000,6.00,no
2026-10-05T02:43:37.445438Z,KXXRP15M-26OCT042245-45,0.8000,10.00,no
2026-10-05T02:43:37.445438Z,KXXRP15M-26OCT042245-45,0.7900,20.35,no
2026-10-05T02:43:37.453715Z,KXXRP15M-26OCT042245-45,0.7900,10.00,no
2026-10-05T02:43:37.474139Z,KXXRP15M-26OCT042245-45,0.7900,10.00,no
2026-10-05T02:43:37.68997Z,KXXRP15M-26OCT042245-45,0.8100,5.00,yes
2026-10-05T02:43:37.68997Z,KXXRP15M-26OCT042245-45,0.8200,1.02,yes
2026-10-05T02:43:37.835245Z,KXXRP15M-26OCT042245-45,0.7700,8.00,no
2026-10-05T02:43:38.106891Z,KXXRP15M-26OCT042245-45,0.7700,4.00,no
2026-10-05T02:43:38.150789Z,KXXRP15M-26OCT042245-45,0.7800,1.00,yes
2026-10-05T02:43:38.206295Z,KXXRP15M-26OCT042245-45,0.7700,2.06,no
2026-10-05T02:43:38.291634Z,KXXRP15M-26OCT042245-45,0.7800,1.00,yes
2026-10-05T02:43:38.649368Z,KXXRP15M-26OCT042245-45,0.7800,2.00,yes
2026-10-05T02:43:38.649368Z,KXXRP15M-26OCT042245-45,0.7900,1.00,yes
2026-10-05T02:43:38.649368Z,KXXRP15M-26OCT042245-45,0.7900,1.00,yes
2026-10-05T02:43:38.649368Z,KXXRP15M-26OCT042245-45,0.7900,0.10,yes
2026-10-05T02:43:38.649368Z,KXXRP15M-26OCT042245-45,0.7800,1.34,yes
2026-10-05T02:43:38.649368Z,KXXRP15M-26OCT042245-45,0.7800,5.00,yes
2026-10-05T02:43:38.649368Z,KXXRP15M-26OCT042245-45,0.8100,13.67,yes
2026-10-05T02:43:38.649368Z,KXXRP15M-26OCT042245-45,0.8100,25.89,yes
2026-10-05T02:43:38.670846Z,KXXRP15M-26OCT042245-45,0.7700,6.00,no
2026-10-05T02:43:39.260759Z,KXXRP15M-26OCT042245-45,0.7900,2.00,no
2026-10-05T02:43:39.529736Z,KXXRP15M-26OCT042245-45,0.7900,1.00,no
2026-10-05T02:43:39.688461Z,KXXRP15M-26OCT042245-45,0.7800,1.68,no
2026-10-05T02:43:39.688461Z,KXXRP15M-26OCT042245-45,0.7800,2.32,no
2026-10-05T02:43:39.688461Z,KXXRP15M-26OCT042245-45,0.7800,10.00,no
2026-10-05T02:43:39.688461Z,KXXRP15M-26OCT042245-45,0.7700,26.00,no
2026-10-05T02:43:39.775641Z,KXXRP15M-26OCT042245-45,0.7600,3.32,no
2026-10-05T02:43:39.775641Z,KXXRP15M-26OCT042245-45,0.7500,1.00,no
2026-10-05T02:43:39.775641Z,KXXRP15M-26OCT042245-45,0.7500,8.00,no
2026-10-05T02:43:39.775641Z,KXXRP15M-26OCT042245-45,0.7600,210.00,no
2026-10-05T02:43:39.775641Z,KXXRP15M-26OCT042245-45,0.7700,10.00,no
2026-10-05T02:43:39.775641Z,KXXRP15M-26OCT042245-45,0.7700,6.00,no
2026-10-05T02:43:39.775641Z,KXXRP15M-26OCT042245-45,0.7700,19.38,no
2026-10-05T02:43:39.776405Z,KXXRP15M-26OCT042245-45,0.7400,1.00,no
2026-10-05T02:43:39.776405Z,KXXRP15M-26OCT042245-45,0.7400,15.00,no
2026-10-05T02:43:39.776405Z,KXXRP15M-26OCT042245-45,0.7400,23.97,no
2026-10-05T02:43:39.777222Z,KXXRP15M-26OCT042245-45,0.7300,18.00,no
2026-10-05T02:43:39.777222Z,KXXRP15M-26OCT042245-45,0.7300,1.00,no
2026-10-05T02:43:39.795089Z,KXXRP15M-26OCT042245-45,0.6900,3.00,no
2026-10-05T02:43:39.795089Z,KXXRP15M-26OCT042245-45,0.6700,3.00,no
2026-10-05T02:43:39.795089Z,KXXRP15M-26OCT042245-45,0.6800,8.00,no
2026-10-05T02:43:40.199614Z,KXXRP15M-26OCT042245-45,0.7200,9.88,yes
2026-10-05T02:43:40.199614Z,KXXRP15M-26OCT042245-45,0.7000,5.00,yes
2026-10-05T02:43:40.199614Z,KXXRP15M-26OCT042245-45,0.7100,15.00,yes
2026-10-05T02:43:40.214991Z,KXXRP15M-26OCT042245-45,0.6700,13.75,yes
2026-10-05T02:43:40.233358Z,KXXRP15M-26OCT042245-45,0.6600,10.00,no
2026-10-05T02:43:40.233358Z,KXXRP15M-26OCT042245-45,0.6600,1.00,no
2026-10-05T02:43:40.345458Z,KXXRP15M-26OCT042245-45,0.6200,0.80,yes
2026-10-05T02:43:40.698739Z,KXXRP15M-26OCT042245-45,0.6200,14.00,no
2026-10-05T02:43:40.833009Z,KXXRP15M-26OCT042245-45,0.6300,5.00,yes
2026-10-05T02:43:40.833009Z,KXXRP15M-26OCT042245-45,0.6500,13.00,yes
2026-10-05T02:43:40.833009Z,KXXRP15M-26OCT042245-45,0.6300,1.00,yes
2026-10-05T02:43:40.833009Z,KXXRP15M-26OCT042245-45,0.6700,43.64,yes
2026-10-05T02:43:40.865299Z,KXXRP15M-26OCT042245-45,0.6300,7.00,no
2026-10-05T02:43:40.979658Z,KXXRP15M-26OCT042245-45,0.6300,4.00,no
2026-10-05T02:43:41.021943Z,KXXRP15M-26OCT042245-45,0.6500,1.80,yes
2026-10-05T02:43:41.021943Z,KXXRP15M-26OCT042245-45,0.6400,5.00,yes
2026-10-05T02:43:41.20318Z,KXXRP15M-26OCT042245-45,0.6500,4.76,yes
2026-10-05T02:43:41.20318Z,KXXRP15M-26OCT042245-45,0.6400,5.00,yes
2026-10-05T02:43:41.20318Z,KXXRP15M-26OCT042245-45,0.6400,2.32,yes
2026-10-05T02:43:41.295538Z,KXXRP15M-26OCT042245-45,0.6600,0.99,yes
2026-10-05T02:43:41.295538Z,KXXRP15M-26OCT042245-45,0.6500,6.44,yes
2026-10-05T02:43:41.295538Z,KXXRP15M-26OCT042245-45,0.6400,5.00,yes
2026-10-05T02:43:41.295538Z,KXXRP15M-26OCT042245-45,0.6400,2.68,yes
2026-10-05T02:43:41.295538Z,KXXRP15M-26OCT042245-45,0.6500,2.00,yes
2026-10-05T02:43:41.421883Z,KXXRP15M-26OCT042245-45,0.6400,2.76,yes
2026-10-05T02:43:41.479563Z,KXXRP15M-26OCT042245-45,0.6300,6.00,no
2026-10-05T02:43:41.479563Z,KXXRP15M-26OCT042245-45,0.6300,24.00,no
2026-10-05T02:43:41.479563Z,KXXRP15M-26OCT042245-45,0.5900,15.00,no
2026-10-05T02:43:41.479563Z,KXXRP15M-26OCT042245-45,0.5700,40.00,no
2026-10-05T02:43:41.479563Z,KXXRP15M-26OCT042245-45,0.5600,15.00,no
2026-10-05T02:43:41.494883Z,KXXRP15M-26OCT042245-45,0.5600,15.00,no
2026-10-05T02:43:41.494883Z,KXXRP15M-26OCT042245-45,0.5800,15.00,no
2026-10-05T02:43:41.50984Z,KXXRP15M-26OCT042245-45,0.5600,15.00,no
2026-10-05T02:43:41.53101Z,KXXRP15M-26OCT042245-45,0.5600,7.00,yes
2026-10-05T02:43:41.53101Z,KXXRP15M-26OCT042245-45,0.5600,5.00,yes
2026-10-05T02:43:41.544258Z,KXXRP15M-26OCT042245-45,0.5600,15.00,no
2026-10-05T02:43:41.552844Z,KXXRP15M-26OCT042245-45,0.5600,26.40,yes
2026-10-05T02:43:41.706683Z,KXXRP15M-26OCT042245-45,0.5500,45.00,no
2026-10-05T02:43:41.981712Z,KXXRP15M-26OCT042245-45,0.5500,7.00,no
2026-10-05T02:43:41.981712Z,KXXRP15M-26OCT042245-45,0.5500,5.00,no
2026-10-05T02:43:42.065355Z,KXXRP15M-26OCT042245-45,0.5500,5.00,yes
2026-10-05T02:43:42.065355Z,KXXRP15M-26OCT042245-45,0.5600,33.35,yes
2026-10-05T02:43:42.103704Z,KXXRP15M-26OCT042245-45,0.5500,1.00,yes
2026-10-05T02:43:42.136259Z,KXXRP15M-26OCT042245-45,0.5400,5.00,no
2026-10-05T02:43:42.146432Z,KXXRP15M-26OCT042245-45,0.5500,5.00,yes
2026-10-05T02:43:42.146432Z,KXXRP15M-26OCT042245-45,0.5600,12.00,yes
2026-10-05T02:43:42.146432Z,KXXRP15M-26OCT042245-45,0.5600,0.58,yes
2026-10-05T02:43:42.230534Z,KXXRP15M-26OCT042245-45,0.5400,4.28,no
2026-10-05T02:43:42.361209Z,KXXRP15M-26OCT042245-45,0.5500,1.73,yes
2026-10-05T02:43:42.447766Z,KXXRP15M-26OCT042245-45,0.5000,57.07,no
2026-10-05T02:43:42.447766Z,KXXRP15M-26OCT042245-45,0.5100,7.00,no
2026-10-05T02:43:42.447766Z,KXXRP15M-26OCT042245-45,0.5400,3.72,no
2026-10-05T02:43:42.461237Z,KXXRP15M-26OCT042245-45,0.5100,7.50,no
2026-10-05T02:43:42.461237Z,KXXRP15M-26OCT042245-45,0.5100,3.00,no
2026-10-05T02:43:42.482051Z,KXXRP15M-26OCT042245-45,0.5100,0.01,yes
2026-10-05T02:43:42.751848Z,KXXRP15M-26OCT042245-45,0.5000,12.00,no
2026-10-05T02:43:42.869303Z,KXXRP15M-26OCT042245-45,0.5400,136.00,yes
2026-10-05T02:43:42.869303Z,KXXRP15M-26OCT042245-45,0.5200,12.00,yes
2026-10-05T02:43:42.869303Z,KXXRP15M-26OCT042245-45,0.5100,5.00,yes
2026-10-05T02:43:43.020238Z,KXXRP15M-26OCT042245-45,0.5000,2.00,no
2026-10-05T02:43:43.052861Z,KXXRP15M-26OCT042245-45,0.5000,20.00,no
2026-10-05T02:43:43.073459Z,KXXRP15M-26OCT042245-45,0.5000,28.98,no
2026-10-05T02:43:43.087438Z,KXXRP15M-26OCT042245-45,0.5000,32.00,no
2026-10-05T02:43:43.781461Z,KXXRP15M-26OCT042245-45,0.4800,1.00,no
2026-10-05T02:43:43.781461Z,KXXRP15M-26OCT042245-45,0.4800,9.00,no
2026-10-05T02:43:43.784983Z,KXXRP15M-26OCT042245-45,0.4800,1.00,no
2026-10-05T02:43:43.784983Z,KXXRP15M-26OCT042245-45,0.4800,1.00,no
2026-10-05T02:43:43.812121Z,KXXRP15M-26OCT042245-45,0.4700,4.00,no
2026-10-05T02:43:43.853878Z,KXXRP15M-26OCT042245-45,0.4700,2.00,no
2026-10-05T02:43:44.000684Z,KXXRP15M-26OCT042245-45,0.4700,22.00,no
2026-10-05T02:43:44.099454Z,KXXRP15M-26OCT042245-45,0.4500,2.00,no
2026-10-05T02:43:44.110982Z,KXXRP15M-26OCT042245-45,0.4500,1.00,no
2026-10-05T02:43:44.193767Z,KXXRP15M-26OCT042245-45,0.4500,5.00,no
2026-10-05T02:43:44.270423Z,KXXRP15M-26OCT042245-45,0.4200,1.00,no
2026-10-05T02:43:44.275621Z,KXXRP15M-26OCT042245-45,0.5500,15.00,yes
2026-10-05T02:43:44.275621Z,KXXRP15M-26OCT042245-45,0.5200,2.00,yes
2026-10-05T02:43:44.275621Z,KXXRP15M-26OCT042245-45,0.5100,3.36,yes
2026-10-05T02:43:44.275621Z,KXXRP15M-26OCT042245-45,0.4400,6.00,yes
2026-10-05T02:43:44.275621Z,KXXRP15M-26OCT042245-45,0.5400,400.00,yes
2026-10-05T02:43:44.275621Z,KXXRP15M-26OCT042245-45,0.5100,400.00,yes
2026-10-05T02:43:44.275621Z,KXXRP15M-26OCT042245-45,0.4600,12.00,yes
2026-10-05T02:43:44.275621Z,KXXRP15M-26OCT042245-45,0.5200,15.00,yes
2026-10-05T02:43:44.275621Z,KXXRP15M-26OCT042245-45,0.4600,4.64,yes
2026-10-05T02:43:44.275621Z,KXXRP15M-26OCT042245-45,0.4800,400.00,yes
2026-10-05T02:43:44.275621Z,KXXRP15M-26OCT042245-45,0.4300,3.94,yes
2026-10-05T02:43:44.275621Z,KXXRP15M-26OCT042245-45,0.4600,4.00,yes
2026-10-05T02:43:44.275621Z,KXXRP15M-26OCT042245-45,0.4700,1.00,yes
2026-10-05T02:43:44.275621Z,KXXRP15M-26OCT042245-45,0.4500,5.00,yes
2026-10-05T02:43:44.275621Z,KXXRP15M-26OCT042245-45,0.4400,12.00,yes
2026-10-05T02:43:44.275621Z,KXXRP15M-26OCT042245-45,0.4500,400.00,yes
2026-10-05T02:43:44.275621Z,KXXRP15M-26OCT042245-45,0.4700,65.00,yes
2026-10-05T02:43:44.275621Z,KXXRP15M-26OCT042245-45,0.5500,5.06,yes
2026-10-05T02:43:44.353322Z,KXXRP15M-26OCT042245-45,0.4300,12.00,yes
2026-10-05T02:43:44.358092Z,KXXRP15M-26OCT042245-45,0.4400,12.00,yes
2026-10-05T02:43:44.530911Z,KXXRP15M-26OCT042245-45,0.4600,5.00,yes
2026-10-05T02:43:44.530911Z,KXXRP15M-26OCT042245-45,0.4600,12.00,yes
2026-10-05T02:43:44.530911Z,KXXRP15M-26OCT042245-45,0.4900,12.00,yes
2026-10-05T02:43:44.530911Z,KXXRP15M-26OCT042245-45,0.4900,6.00,yes
2026-10-05T02:43:44.530911Z,KXXRP15M-26OCT042245-45,0.5000,144.46,yes
2026-10-05T02:43:44.668331Z,KXXRP15M-26OCT042245-45,0.4500,39.00,no
2026-10-05T02:43:44.674649Z,KXXRP15M-26OCT042245-45,0.4500,8.37,no
2026-10-05T02:43:44.76943Z,KXXRP15M-26OCT042245-45,0.4500,6.00,no
2026-10-05T02:43:44.899586Z,KXXRP15M-26OCT042245-45,0.4500,6.00,no
2026-10-05T02:43:44.912508Z,KXXRP15M-26OCT042245-45,0.4900,12.00,yes
2026-10-05T02:43:44.928508Z,KXXRP15M-26OCT042245-45,0.4800,1.78,no
2026-10-05T02:43:44.950847Z,KXXRP15M-26OCT042245-45,0.4800,15.00,no
2026-10-05T02:43:44.966816Z,KXXRP15M-26OCT042245-45,0.4800,1.00,no
2026-10-05T02:43:44.98364Z,KXXRP15M-26OCT042245-45,0.4800,5.00,no
2026-10-05T02:43:44.983756Z,KXXRP15M-26OCT042245-45,0.4800,26.00,no
2026-10-05T02:43:45.004497Z,KXXRP15M-26OCT042245-45,0.4500,0.55,no
2026-10-05T02:43:45.098927Z,KXXRP15M-26OCT042245-45,0.4500,27.56,no
2026-10-05T02:43:45.194652Z,KXXRP15M-26OCT042245-45,0.5100,7.00,yes
2026-10-05T02:43:45.194652Z,KXXRP15M-26OCT042245-45,0.5100,12.00,yes
2026-10-05T02:43:45.194652Z,KXXRP15M-26OCT042245-45,0.5100,2.54,yes
2026-10-05T02:43:45.297314Z,KXXRP15M-26OCT042245-45,0.4500,6.00,no
2026-10-05T02:43:45.671541Z,KXXRP15M-26OCT042245-45,0.4900,19.60,yes
2026-10-05T02:43:45.671541Z,KXXRP15M-26OCT042245-45,0.4800,12.00,yes
2026-10-05T02:43:45.671541Z,KXXRP15M-26OCT042245-45,0.4600,12.00,yes
2026-10-05T02:43:45.887419Z,KXXRP15M-26OCT042245-45,0.4400,52.89,no
2026-10-05T02:43:45.888111Z,KXXRP15M-26OCT042245-45,0.4700,7.84,yes
2026-10-05T02:43:45.94991Z,KXXRP15M-26OCT042245-45,0.4400,100.00,no
2026-10-05T02:43:46.262136Z,KXXRP15M-26OCT042245-45,0.4500,2.06,yes
2026-10-05T02:43:46.316572Z,KXXRP15M-26OCT042245-45,0.4200,2.36,no
2026-10-05T02:43:46.316572Z,KXXRP15M-26OCT042245-45,0.4200,4.64,no
2026-10-05T02:43:46.316572Z,KXXRP15M-26OCT042245-45,0.4300,1.00,no
2026-10-05T02:43:47.502003Z,KXXRP15M-26OCT042245-45,0.4200,7.00,no
2026-10-05T02:43:47.502003Z,KXXRP15M-26OCT042245-45,0.4100,150.00,no
2026-10-05T02:43:47.502003Z,KXXRP15M-26OCT042245-45,0.4200,12.00,no
2026-10-05T02:43:47.55808Z,KXXRP15M-26OCT042245-45,0.4300,2.48,yes
2026-10-05T02:43:47.55808Z,KXXRP15M-26OCT042245-45,0.4300,12.00,yes
2026-10-05T02:43:47.690774Z,KXXRP15M-26OCT042245-45,0.4600,1.00,yes
2026-10-05T02:43:47.690774Z,KXXRP15M-26OCT042245-45,0.4500,9.94,yes
2026-10-05T02:43:47.7048Z,KXXRP15M-26OCT042245-45,0.4700,1.00,yes
2026-10-05T02:43:47.7048Z,KXXRP15M-26OCT042245-45,0.4700,12.00,yes
2026-10-05T02:43:47.7048Z,KXXRP15M-26OCT042245-45,0.4700,15.00,yes
2026-10-05T02:43:47.772817Z,KXXRP15M-26OCT042245-45,0.4700,8.37,no
2026-10-05T02:43:47.918603Z,KXXRP15M-26OCT042245-45,0.4900,12.00,yes
2026-10-05T02:43:47.919262Z,KXXRP15M-26OCT042245-45,0.5100,1.00,yes
2026-10-05T02:43:47.919262Z,KXXRP15M-26OCT042245-45,0.5100,12.00,yes
2026-10-05T02:43:47.919262Z,KXXRP15M-26OCT042245-45,0.5000,15.00,yes
2026-10-05T02:43:47.920709Z,KXXRP15M-26OCT042245-45,0.5300,7.00,yes
2026-10-05T02:43:47.920709Z,KXXRP15M-26OCT042245-45,0.5300,18.00,yes
2026-10-05T02:43:47.920709Z,KXXRP15M-26OCT042245-45,0.5300,1.00,yes
2026-10-05T02:43:47.920709Z,KXXRP15M-26OCT042245-45,0.5200,1.00,yes
2026-10-05T02:43:47.920709Z,KXXRP15M-26OCT042245-45,0.5300,1.00,yes
2026-10-05T02:43:47.920709Z,KXXRP15M-26OCT042245-45,0.5300,9.46,yes
2026-10-05T02:43:47.920709Z,KXXRP15M-26OCT042245-45,0.5300,15.00,yes
2026-10-05T02:43:47.925204Z,KXXRP15M-26OCT042245-45,0.5300,12.00,yes
2026-10-05T02:43:47.925204Z,KXXRP15M-26OCT042245-45,0.5700,1.00,yes
2026-10-05T02:43:47.925204Z,KXXRP15M-26OCT042245-45,0.5700,15.00,yes
2026-10-05T02:43:47.932662Z,KXXRP15M-26OCT042245-45,0.5800,12.00,yes
2026-10-05T02:43:47.932662Z,KXXRP15M-26OCT042245-45,0.5800,1.00,yes
2026-10-05T02:43:47.932662Z,KXXRP15M-26OCT042245-45,0.5900,2.00,yes
2026-10-05T02:43:47.932743Z,KXXRP15M-26OCT042245-45,0.5900,13.00,yes
2026-10-05T02:43:47.932743Z,KXXRP15M-26OCT042245-45,0.5900,27.00,yes
2026-10-05T02:43:47.934782Z,KXXRP15M-26OCT042245-45,0.5600,10.94,no
2026-10-05T02:43:47.938041Z,KXXRP15M-26OCT042245-45,0.6000,13.00,yes
2026-10-05T02:43:47.938041Z,KXXRP15M-26OCT042245-45,0.6100,1.00,yes
2026-10-05T02:43:47.946876Z,KXXRP15M-26OCT042245-45,0.5800,8.00,yes
2026-10-05T02:43:47.946876Z,KXXRP15M-26OCT042245-45,0.5800,1.00,yes
2026-10-05T02:43:47.946876Z,KXXRP15M-26OCT042245-45,0.5800,12.00,yes
2026-10-05T02:43:47.946876Z,KXXRP15M-26OCT042245-45,0.5700,12.00,yes
2026-10-05T02:43:47.948347Z,KXXRP15M-26OCT042245-45,0.5800,7.00,yes
2026-10-05T02:43:47.948347Z,KXXRP15M-26OCT042245-45,0.6000,15.00,yes
2026-10-05T02:43:47.948347Z,KXXRP15M-26OCT042245-45,0.6200,1.00,yes
2026-10-05T02:43:47.952744Z,KXXRP15M-26OCT042245-45,0.6200,7.00,yes
2026-10-05T02:43:47.952744Z,KXXRP15M-26OCT042245-45,0.6000,10.00,yes
2026-10-05T02:43:47.960331Z,KXXRP15M-26OCT042245-45,0.6300,7.00,yes
2026-10-05T02:43:47.960331Z,KXXRP15M-26OCT042245-45,0.6300,15.00,yes
2026-10-05T02:43:47.963227Z,KXXRP15M-26OCT042245-45,0.6400,6.36,yes
2026-10-05T02:43:47.963227Z,KXXRP15M-26OCT042245-45,0.6400,40.00,yes
2026-10-05T02:43:47.969592Z,KXXRP15M-26OCT042245-45,0.6600,7.00,yes
2026-10-05T02:43:47.969592Z,KXXRP15M-26OCT042245-45,0.6600,15.00,yes
2026-10-05T02:43:47.983116Z,KXXRP15M-26OCT042245-45,0.6700,86.72,no
2026-10-05T02:43:47.99116Z,KXXRP15M-26OCT042245-45,0.6800,15.00,yes
2026-10-05T02:43:47.991592Z,KXXRP15M-26OCT042245-45,0.6700,11.02,no
2026-10-05T02:43:47.995292Z,KXXRP15M-26OCT042245-45,0.6800,14.00,yes
2026-10-05T02:43:48.040314Z,KXXRP15M-26OCT042245-45,0.7000,138.29,no
2026-10-05T02:43:48.164316Z,KXXRP15M-26OCT042245-45,0.6700,9.90,no
2026-10-05T02:43:48.164316Z,KXXRP15M-26OCT042245-45,0.6800,0.10,no
2026-10-05T02:43:48.181501Z,KXXRP15M-26OCT042245-45,0.6900,0.10,yes
2026-10-05T02:43:48.181501Z,KXXRP15M-26OCT042245-45,0.6800,14.00,yes
2026-10-05T02:43:48.181501Z,KXXRP15M-26OCT042245-45,0.6900,7.50,yes
2026-10-05T02:43:48.187147Z,KXXRP15M-26OCT042245-45,0.7000,14.00,yes
2026-10-05T02:43:48.188017Z,KXXRP15M-26OCT042245-45,0.7100,15.00,yes
2026-10-05T02:43:48.188017Z,KXXRP15M-26OCT042245-45,0.7100,7.50,yes
2026-10-05T02:43:48.188131Z,KXXRP15M-26OCT042245-45,0.7600,77.00,yes
2026-10-05T02:43:48.188131Z,KXXRP15M-26OCT042245-45,0.7400,15.00,yes
2026-10-05T02:43:48.188131Z,KXXRP15M-26OCT042245-45,0.7500,6.00,yes
2026-10-05T02:43:48.188131Z,KXXRP15M-26OCT042245-45,0.7100,1.00,yes
2026-10-05T02:43:48.228615Z,KXXRP15M-26OCT042245-45,0.7300,9.37,no
2026-10-05T02:43:48.241368Z,KXXRP15M-26OCT042245-45,0.7300,11.00,no
2026-10-05T02:43:48.338963Z,KXXRP15M-26OCT042245-45,0.7300,8.53,no
2026-10-05T02:43:48.360215Z,KXXRP15M-26OCT042245-45,0.7300,0.01,no
2026-10-05T02:43:48.521236Z,KXXRP15M-26OCT042245-45,0.7400,1.00,no
2026-10-05T02:43:48.574405Z,KXXRP15M-26OCT042245-45,0.7400,10.00,no
2026-10-05T02:43:48.705968Z,KXXRP15M-26OCT042245-45,0.7400,0.01,no
2026-10-05T02:43:48.855491Z,KXXRP15M-26OCT042245-45,0.7500,11.69,yes
2026-10-05T02:43:48.857033Z,KXXRP15M-26OCT042245-45,0.7500,7.50,yes
2026-10-05T02:43:48.857033Z,KXXRP15M-26OCT042245-45,0.7700,17.00,yes
2026-10-05T02:43:48.857033Z,KXXRP15M-26OCT042245-45,0.7500,4.31,yes
2026-10-05T02:43:48.857134Z,KXXRP15M-26OCT042245-45,0.8200,93.00,yes
2026-10-05T02:43:48.857134Z,KXXRP15M-26OCT042245-45,0.7800,6.00,yes
2026-10-05T02:43:49.305336Z,KXXRP15M-26OCT042245-45,0.7700,80.00,no
2026-10-05T02:43:49.579595Z,KXXRP15M-26OCT042245-45,0.7700,29.00,no
2026-10-05T02:43:49.904981Z,KXXRP15M-26OCT042245-45,0.7600,13.11,no
2026-10-05T02:43:50.023501Z,KXXRP15M-26OCT042245-45,0.7500,0.27,yes
2026-10-05T02:43:50.167291Z,KXXRP15M-26OCT042245-45,0.7400,0.01,no
2026-10-05T02:43:50.265449Z,KXXRP15M-26OCT042245-45,0.7400,2.88,no
2026-10-05T02:43:50.265449Z,KXXRP15M-26OCT042245-45,0.7400,8.00,no
2026-10-05T02:43:50.265449Z,KXXRP15M-26OCT042245-45,0.7400,12.99,no
2026-10-05T02:43:50.265449Z,KXXRP15M-26OCT042245-45,0.7300,36.13,no
2026-10-05T02:43:50.451523Z,KXXRP15M-26OCT042245-45,0.7300,11.00,no
2026-10-05T02:43:50.703555Z,KXXRP15M-26OCT042245-45,0.7500,6.00,yes
2026-10-05T02:43:50.723807Z,KXXRP15M-26OCT042245-45,0.7300,4.00,no
2026-10-05T02:43:51.343303Z,KXXRP15M-26OCT042245-45,0.7600,10.00,no
2026-10-05T02:43:51.575992Z,KXXRP15M-26OCT042245-45,0.7600,0.01,no
2026-10-05T02:43:51.586553Z,KXXRP15M-26OCT042245-45,0.7600,24.00,no
2026-10-05T02:43:51.620113Z,KXXRP15M-26OCT042245-45,0.7600,3.00,no
2026-10-05T02:43:51.73352Z,KXXRP15M-26OCT042245-45,0.7600,96.11,no
2026-10-05T02:43:51.788627Z,KXXRP15M-26OCT042245-45,0.7700,17.00,yes
2026-10-05T02:43:51.788627Z,KXXRP15M-26OCT042245-45,0.7700,5.00,yes
2026-10-05T02:43:51.878849Z,KXXRP15M-26OCT042245-45,0.7600,40.00,no
2026-10-05T02:43:51.936465Z,KXXRP15M-26OCT042245-45,0.7900,18.00,yes
2026-10-05T02:43:51.95919Z,KXXRP15M-26OCT042245-45,0.8100,20.00,yes
2026-10-05T02:43:51.960126Z,KXXRP15M-26OCT042245-45,0.8300,52.00,yes
2026-10-05T02:43:51.962921Z,KXXRP15M-26OCT042245-45,0.8300,41.60,yes
2026-10-05T02:43:51.974751Z,KXXRP15M-26OCT042245-45,0.8300,105.00,yes
2026-10-05T02:43:51.975544Z,KXXRP15M-26OCT042245-45,0.8300,6.00,yes
2026-10-05T02:43:51.975544Z,KXXRP15M-26OCT042245-45,0.8300,1.40,yes
2026-10-05T02:43:52.061106Z,KXXRP15M-26OCT042245-45,0.8500,15.00,no
2026-10-05T02:43:52.061106Z,KXXRP15M-26OCT042245-45,0.8500,24.00,no
2026-10-05T02:43:52.854979Z,KXXRP15M-26OCT042245-45,0.8600,3.36,no
2026-10-05T02:43:52.854979Z,KXXRP15M-26OCT042245-45,0.8600,3.37,no
2026-10-05T02:43:53.001368Z,KXXRP15M-26OCT042245-45,0.8700,6.00,yes
2026-10-05T02:43:53.001368Z,KXXRP15M-26OCT042245-45,0.8700,27.00,yes
2026-10-05T02:43:53.490851Z,KXXRP15M-26OCT042245-45,0.8600,3.58,no
2026-10-05T02:43:53.490851Z,KXXRP15M-26OCT042245-45,0.8600,9.89,no
2026-10-05T02:43:53.968703Z,KXXRP15M-26OCT042245-45,0.8700,11.00,no
2026-10-05T02:43:53.968703Z,KXXRP15M-26OCT042245-45,0.8700,2.47,no
2026-10-05T02:43:54.471803Z,KXXRP15M-26OCT042245-45,0.8900,2.00,yes
2026-10-05T02:43:54.471803Z,KXXRP15M-26OCT042245-45,0.8800,2.00,yes
2026-10-05T02:43:54.471803Z,KXXRP15M-26OCT042245-45,0.9000,11.10,yes
2026-10-05T02:43:55.062555Z,KXXRP15M-26OCT042245-45,0.8800,29.00,no
2026-10-05T02:43:55.062555Z,KXXRP15M-26OCT042245-45,0.8700,3.00,no
2026-10-05T02:43:55.163371Z,KXXRP15M-26OCT042245-45,0.8800,29.00,no
2026-10-05T02:43:55.163371Z,KXXRP15M-26OCT042245-45,0.8700,10.00,no
2026-10-05T02:43:55.163371Z,KXXRP15M-26OCT042245-45,0.8700,3.00,no
2026-10-05T02:43:55.163371Z,KXXRP15M-26OCT042245-45,0.8700,2.53,no
2026-10-05T02:43:55.163371Z,KXXRP15M-26OCT042245-45,0.8600,21.42,no
2026-10-05T02:43:55.163371Z,KXXRP15M-26OCT042245-45,0.8700,2.47,no
2026-10-05T02:43:55.163371Z,KXXRP15M-26OCT042245-45,0.8600,10.86,no
2026-10-05T02:43:55.163371Z,KXXRP15M-26OCT042245-45,0.8700,24.00,no
2026-10-05T02:43:55.381744Z,KXXRP15M-26OCT042245-45,0.8900,0.55,yes
2026-10-05T02:43:56.002257Z,KXXRP15M-26OCT042245-45,0.9000,2.00,yes
2026-10-05T02:43:56.002257Z,KXXRP15M-26OCT042245-45,0.8900,1.45,yes
2026-10-05T02:43:56.002257Z,KXXRP15M-26OCT042245-45,0.9000,34.00,yes
2026-10-05T02:43:56.002257Z,KXXRP15M-26OCT042245-45,0.9020,9.84,yes
2026-10-05T02:43:56.002257Z,KXXRP15M-26OCT042245-45,0.9000,7.50,yes
2026-10-05T02:43:56.013128Z,KXXRP15M-26OCT042245-45,0.9000,34.00,yes
2026-10-05T02:43:56.021586Z,KXXRP15M-26OCT042245-45,0.9020,24.16,yes
2026-10-05T02:43:56.023725Z,KXXRP15M-26OCT042245-45,0.9040,34.00,yes
2026-10-05T02:43:56.023725Z,KXXRP15M-26OCT042245-45,0.9030,1.00,yes
2026-10-05T02:43:56.033928Z,KXXRP15M-26OCT042245-45,0.9030,34.00,yes
2026-10-05T02:43:56.033928Z,KXXRP15M-26OCT042245-45,0.9040,34.00,yes
2026-10-05T02:43:56.038146Z,KXXRP15M-26OCT042245-45,0.9160,4.00,yes
2026-10-05T02:43:56.038253Z,KXXRP15M-26OCT042245-45,0.9170,11.00,yes
2026-10-05T02:43:56.045505Z,KXXRP15M-26OCT042245-45,0.9040,34.00,yes
2026-10-05T02:43:56.045505Z,KXXRP15M-26OCT042245-45,0.9030,34.00,yes
2026-10-05T02:43:56.104924Z,KXXRP15M-26OCT042245-45,0.9180,34.00,yes
2026-10-05T02:43:56.111849Z,KXXRP15M-26OCT042245-45,0.9300,1.00,yes
2026-10-05T02:43:56.225901Z,KXXRP15M-26OCT042245-45,0.9400,24.00,no
2026-10-05T02:43:56.245428Z,KXXRP15M-26OCT042245-45,0.9410,2.00,no
2026-10-05T02:43:56.309002Z,KXXRP15M-26OCT042245-45,0.9400,10.00,no
2026-10-05T02:43:56.309002Z,KXXRP15M-26OCT042245-45,0.9410,2.00,no
2026-10-05T02:43:56.309002Z,KXXRP15M-26OCT042245-45,0.9400,24.00,no
2026-10-05T02:43:56.309002Z,KXXRP15M-26OCT042245-45,0.9380,6.90,no
2026-10-05T02:43:56.309002Z,KXXRP15M-26OCT042245-45,0.9390,0.10,no
2026-10-05T02:43:56.309002Z,KXXRP15M-26OCT042245-45,0.9390,7.00,no
2026-10-05T02:43:56.318091Z,KXXRP15M-26OCT042245-45,0.9380,63.00,no
2026-10-05T02:43:56.359608Z,KXXRP15M-26OCT042245-45,0.9390,2.00,no
2026-10-05T02:43:56.359608Z,KXXRP15M-26OCT042245-45,0.9390,1.00,no
2026-10-05T02:43:56.373724Z,KXXRP15M-26OCT042245-45,0.9450,77.00,yes
2026-10-05T02:43:56.373724Z,KXXRP15M-26OCT042245-45,0.9440,5.00,yes
2026-10-05T02:43:56.373724Z,KXXRP15M-26OCT042245-45,0.9440,48.00,yes
2026-10-05T02:43:56.373724Z,KXXRP15M-26OCT042245-45,0.9460,3.00,yes
2026-10-05T02:43:56.640683Z,KXXRP15M-26OCT042245-45,0.9540,17.24,no
2026-10-05T02:43:56.649651Z,KXXRP15M-26OCT042245-45,0.9480,5.00,no
2026-10-05T02:43:56.649651Z,KXXRP15M-26OCT042245-45,0.9490,5.00,no
2026-10-05T02:43:56.649651Z,KXXRP15M-26OCT042245-45,0.9420,8.00,no
2026-10-05T02:43:56.649651Z,KXXRP15M-26OCT042245-45,0.9400,2.00,no
2026-10-05T02:43:56.649651Z,KXXRP15M-26OCT042245-45,0.9400,7.50,no
2026-10-05T02:43:56.649651Z,KXXRP15M-26OCT042245-45,0.9430,7.00,no
2026-10-05T02:43:56.649651Z,KXXRP15M-26OCT042245-45,0.9540,16.76,no
2026-10-05T02:43:56.649651Z,KXXRP15M-26OCT042245-45,0.9390,0.11,no
2026-10-05T02:43:56.649651Z,KXXRP15M-26OCT042245-45,0.9410,10.00,no
2026-10-05T02:43:56.662215Z,KXXRP15M-26OCT042245-45,0.9500,3.00,no
2026-10-05T02:43:57.104753Z,KXXRP15M-26OCT042245-45,0.9510,1.00,yes
2026-10-05T02:43:57.104753Z,KXXRP15M-26OCT042245-45,0.9530,1.00,yes
2026-10-05T02:43:57.265758Z,KXXRP15M-26OCT042245-45,0.9510,8.00,no
2026-10-05T02:43:57.265758Z,KXXRP15M-26OCT042245-45,0.9510,1.11,no
2026-10-05T02:43:57.265758Z,KXXRP15M-26OCT042245-45,0.9510,2.00,no
2026-10-05T02:43:57.265758Z,KXXRP15M-26OCT042245-45,0.9510,23.89,no
2026-10-05T02:43:57.457597Z,KXXRP15M-26OCT042245-45,0.9570,25.88,yes
2026-10-05T02:43:57.476187Z,KXXRP15M-26OCT042245-45,0.9570,10.15,yes
2026-10-05T02:43:57.622766Z,KXXRP15M-26OCT042245-45,0.9530,11.00,no
2026-10-05T02:43:57.629419Z,KXXRP15M-26OCT042245-45,0.9530,2.20,no
2026-10-05T02:43:57.662874Z,KXXRP15M-26OCT042245-45,0.9520,34.00,no
2026-10-05T02:43:57.662874Z,KXXRP15M-26OCT042245-45,0.9530,20.80,no
2026-10-05T02:43:58.461167Z,KXXRP15M-26OCT042245-45,0.9580,1.00,yes
2026-10-05T02:43:58.461167Z,KXXRP15M-26OCT042245-45,0.9570,5.00,yes
2026-10-05T02:43:58.461167Z,KXXRP15M-26OCT042245-45,0.9570,0.10,yes
2026-10-05T02:43:58.461167Z,KXXRP15M-26OCT042245-45,0.9600,12.08,yes
2026-10-05T02:43:58.461167Z,KXXRP15M-26OCT042245-45,0.9590,3.00,yes
2026-10-05T02:43:58.562912Z,KXXRP15M-26OCT042245-45,0.9610,1.00,yes
2026-10-05T02:43:58.601319Z,KXXRP15M-26OCT042245-45,0.9580,2.00,no
2026-10-05T02:43:58.601319Z,KXXRP15M-26OCT042245-45,0.9590,34.00,no
2026-10-05T02:43:58.601319Z,KXXRP15M-26OCT042245-45,0.9580,9.00,no
2026-10-05T02:43:58.601319Z,KXXRP15M-26OCT042245-45,0.9580,14.24,no
2026-10-05T02:43:58.639777Z,KXXRP15M-26OCT042245-45,0.9670,7.00,yes
2026-10-05T02:43:58.639777Z,KXXRP15M-26OCT042245-45,0.9660,1.00,yes
2026-10-05T02:43:58.639777Z,KXXRP15M-26OCT042245-45,0.9680,0.50,yes
2026-10-05T02:43:58.639777Z,KXXRP15M-26OCT042245-45,0.9680,1.97,yes
2026-10-05T02:43:58.639777Z,KXXRP15M-26OCT042245-45,0.9680,5.00,yes
2026-10-05T02:43:58.639777Z,KXXRP15M-26OCT042245-45,0.9680,1.20,yes
2026-10-05T02:43:58.639777Z,KXXRP15M-26OCT042245-45,0.9680,3.59,yes
2026-10-05T02:43:58.639777Z,KXXRP15M-26OCT042245-45,0.9680,2.91,yes
2026-10-05T02:43:58.639777Z,KXXRP15M-26OCT042245-45,0.9680,5.00,yes
2026-10-05T02:43:58.639777Z,KXXRP15M-26OCT042245-45,0.9680,10.00,yes
2026-10-05T02:43:58.639777Z,KXXRP15M-26OCT042245-45,0.9680,10.24,yes
2026-10-05T02:43:58.639777Z,KXXRP15M-26OCT042245-45,0.9680,19.59,yes
2026-10-05T02:43:58.639777Z,KXXRP15M-26OCT042245-45,0.9700,9.90,yes
2026-10-05T02:43:58.844742Z,KXXRP15M-26OCT042245-45,0.9610,9.00,no
2026-10-05T02:43:58.844742Z,KXXRP15M-26OCT042245-45,0.9600,7.50,no
2026-10-05T02:43:58.844742Z,KXXRP15M-26OCT042245-45,0.9600,10.24,no
2026-10-05T02:43:58.844742Z,KXXRP15M-26OCT042245-45,0.9600,5.00,no
2026-10-05T02:43:58.844742Z,KXXRP15M-26OCT042245-45,0.9610,169.00,no
2026-10-05T02:43:58.844742Z,KXXRP15M-26OCT042245-45,0.9600,2.91,no
2026-10-05T02:43:58.844742Z,KXXRP15M-26OCT042245-45,0.9600,3.59,no
2026-10-05T02:43:58.844742Z,KXXRP15M-26OCT042245-45,0.9610,34.00,no
2026-10-05T02:43:58.844742Z,KXXRP15M-26OCT042245-45,0.9600,5.00,no
2026-10-05T02:43:58.844742Z,KXXRP15M-26OCT042245-45,0.9590,34.00,no
2026-10-05T02:43:58.844742Z,KXXRP15M-26OCT042245-45,0.9600,10.00,no
2026-10-05T02:43:58.844742Z,KXXRP15M-26OCT042245-45,0.9570,25.00,no
2026-10-05T02:43:58.844742Z,KXXRP15M-26OCT042245-45,0.9600,9.76,no
2026-10-05T02:43:58.997226Z,KXXRP15M-26OCT042245-45,0.9610,9.00,no
2026-10-05T02:43:58.997226Z,KXXRP15M-26OCT042245-45,0.9600,1.20,no
2026-10-05T02:43:58.997226Z,KXXRP15M-26OCT042245-45,0.9610,34.00,no
2026-10-05T02:43:58.997226Z,KXXRP15M-26OCT042245-45,0.9600,0.50,no
2026-10-05T02:43:58.997226Z,KXXRP15M-26OCT042245-45,0.9570,100.40,no
2026-10-05T02:43:58.997226Z,KXXRP15M-26OCT042245-45,0.9600,1.97,no
2026-10-05T02:43:58.997226Z,KXXRP15M-26OCT042245-45,0.9600,19.59,no
2026-10-05T02:43:58.997226Z,KXXRP15M-26OCT042245-45,0.9600,34.00,no
2026-10-05T02:43:59.003754Z,KXXRP15M-26OCT042245-45,0.9570,0.60,no
2026-10-05T02:43:59.005245Z,KXXRP15M-26OCT042245-45,0.9580,9.00,no
2026-10-05T02:43:59.015748Z,KXXRP15M-26OCT042245-45,0.9560,4.00,no
2026-10-05T02:43:59.049482Z,KXXRP15M-26OCT042245-45,0.9550,0.10,no
2026-10-05T02:43:59.049482Z,KXXRP15M-26OCT042245-45,0.9560,30.00,no
2026-10-05T02:43:59.049482Z,KXXRP15M-26OCT042245-45,0.9550,11.64,no
2026-10-05T02:43:59.219522Z,KXXRP15M-26OCT042245-45,0.9540,2.00,no
2026-10-05T02:43:59.219522Z,KXXRP15M-26OCT042245-45,0.9510,22.16,no
2026-10-05T02:43:59.219522Z,KXXRP15M-26OCT042245-45,0.9530,34.00,no
2026-10-05T02:43:59.219522Z,KXXRP15M-26OCT042245-45,0.9550,22.36,no
2026-10-05T02:43:59.292048Z,KXXRP15M-26OCT042245-45,0.9520,34.00,no
2026-10-05T02:43:59.292048Z,KXXRP15M-26OCT042245-45,0.9510,15.00,no
2026-10-05T02:43:59.292048Z,KXXRP15M-26OCT042245-45,0.9520,2.00,no
2026-10-05T02:43:59.524269Z,KXXRP15M-26OCT042245-45,0.9590,103.85,yes
2026-10-05T02:43:59.548222Z,KXXRP15M-26OCT042245-45,0.9570,17.00,no
2026-10-05T02:43:59.548222Z,KXXRP15M-26OCT042245-45,0.9570,5.00,no
2026-10-05T02:43:59.749038Z,KXXRP15M-26OCT042245-45,0.9560,62.70,no
2026-10-05T02:43:59.749038Z,KXXRP15M-26OCT042245-45,0.9560,17.00,no
2026-10-05T02:43:59.834742Z,KXXRP15M-26OCT042245-45,0.9590,6.00,yes
2026-10-05T02:44:00.007074Z,KXXRP15M-26OCT042245-45,0.9650,0.62,no
2026-10-05T02:44:00.010113Z,KXXRP15M-26OCT042245-45,0.9680,2.91,yes
2026-10-05T02:44:00.010113Z,KXXRP15M-26OCT042245-45,0.9680,7.29,yes
2026-10-05T02:44:00.024944Z,KXXRP15M-26OCT042245-45,0.9680,1.97,yes
2026-10-05T02:44:00.024944Z,KXXRP15M-26OCT042245-45,0.9680,17.29,yes
2026-10-05T02:44:00.024944Z,KXXRP15M-26OCT042245-45,0.9680,2.71,yes
2026-10-05T02:44:00.024944Z,KXXRP15M-26OCT042245-45,0.9680,5.00,yes
2026-10-05T02:44:00.024944Z,KXXRP15M-26OCT042245-45,0.9680,5.00,yes
2026-10-05T02:44:00.024944Z,KXXRP15M-26OCT042245-45,0.9680,10.24,yes
2026-10-05T02:44:00.024944Z,KXXRP15M-26OCT042245-45,0.9680,1.20,yes
2026-10-05T02:44:00.024944Z,KXXRP15M-26OCT042245-45,0.9680,3.59,yes
2026-10-05T02:44:00.10382Z,KXXRP15M-26OCT042245-45,0.9680,1.03,yes
2026-10-05T02:44:00.715359Z,KXXRP15M-26OCT042245-45,0.9670,15.00,no
2026-10-05T02:44:00.715359Z,KXXRP15M-26OCT042245-45,0.9670,0.01,no
2026-10-05T02:44:01.038175Z,KXXRP15M-26OCT042245-45,0.9610,3.88,no
2026-10-05T02:44:01.038175Z,KXXRP15M-26OCT042245-45,0.9620,9.00,no
2026-10-05T02:44:01.038175Z,KXXRP15M-26OCT042245-45,0.9620,17.00,no
2026-10-05T02:44:01.058737Z,KXXRP15M-26OCT042245-45,0.9610,6.02,no
2026-10-05T02:44:01.14796Z,KXXRP15M-26OCT042245-45,0.9610,7.10,no
2026-10-05T02:44:01.14796Z,KXXRP15M-26OCT042245-45,0.9610,7.90,no
2026-10-05T02:44:01.528576Z,KXXRP15M-26OCT042245-45,0.9620,10.33,yes
2026-10-05T02:44:01.788674Z,KXXRP15M-26OCT042245-45,0.9600,3.59,no
2026-10-05T02:44:01.788674Z,KXXRP15M-26OCT042245-45,0.9600,10.24,no
2026-10-05T02:44:01.788674Z,KXXRP15M-26OCT042245-45,0.9600,2.71,no
2026-10-05T02:44:01.788674Z,KXXRP15M-26OCT042245-45,0.9600,2.91,no
2026-10-05T02:44:01.788674Z,KXXRP15M-26OCT042245-45,0.9600,7.29,no
2026-10-05T02:44:01.788674Z,KXXRP15M-26OCT042245-45,0.9600,3.34,no
2026-10-05T02:44:01.788674Z,KXXRP15M-26OCT042245-45,0.9610,17.00,no
2026-10-05T02:44:01.854995Z,KXXRP15M-26OCT042245-45,0.9610,12.01,no
2026-10-05T02:44:02.363056Z,KXXRP15M-26OCT042245-45,0.9610,4.99,no
2026-10-05T02:44:02.363056Z,KXXRP15M-26OCT042245-45,0.9610,6.01,no
2026-10-05T02:44:03.491003Z,KXXRP15M-26OCT042245-45,0.9610,11.00,no
2026-10-05T02:44:03.491003Z,KXXRP15M-26OCT042245-45,0.9610,15.00,no
2026-10-05T02:44:03.491003Z,KXXRP15M-26OCT042245-45,0.9600,1.00,no
2026-10-05T02:44:03.491003Z,KXXRP15M-26OCT042245-45,0.9550,124.66,no
2026-10-05T02:44:03.491003Z,KXXRP15M-26OCT042245-45,0.9600,5.00,no
2026-10-05T02:44:03.491003Z,KXXRP15M-26OCT042245-45,0.9600,1.03,no
2026-10-05T02:44:03.491003Z,KXXRP15M-26OCT042245-45,0.9600,1.20,no
2026-10-05T02:44:03.491003Z,KXXRP15M-26OCT042245-45,0.9600,1.97,no
2026-10-05T02:44:03.491003Z,KXXRP15M-26OCT042245-45,0.9600,1.66,no
2026-10-05T02:44:03.491003Z,KXXRP15M-26OCT042245-45,0.9600,17.29,no
2026-10-05T02:44:03.491003Z,KXXRP15M-26OCT042245-45,0.9610,5.99,no
2026-10-05T02:44:03.491003Z,KXXRP15M-26OCT042245-45,0.9560,8.00,no
2026-10-05T02:44:03.491003Z,KXXRP15M-26OCT042245-45,0.9590,17.00,no
2026-10-05T02:44:03.82077Z,KXXRP15M-26OCT042245-45,0.9610,17.00,no
2026-10-05T02:44:03.82077Z,KXXRP15M-26OCT042245-45,0.9610,1.00,no
2026-10-05T02:44:03.885157Z,KXXRP15M-26OCT042245-45,0.9670,6.73,yes
2026-10-05T02:44:04.057733Z,KXXRP15M-26OCT042245-45,0.9680,2.23,yes
2026-10-05T02:44:04.057733Z,KXXRP15M-26OCT042245-45,0.9680,0.50,yes
2026-10-05T02:44:04.057733Z,KXXRP15M-26OCT042245-45,0.9680,1.27,yes
2026-10-05T02:44:04.058089Z,KXXRP15M-26OCT042245-45,0.9680,0.68,yes
2026-10-05T02:44:04.058089Z,KXXRP15M-26OCT042245-45,0.9680,7.29,yes
2026-10-05T02:44:04.058089Z,KXXRP15M-26OCT042245-45,0.9680,0.03,yes
2026-10-05T02:44:04.058351Z,KXXRP15M-26OCT042245-45,0.9680,2.68,yes
2026-10-05T02:44:04.058351Z,KXXRP15M-26OCT042245-45,0.9680,3.59,yes
2026-10-05T02:44:04.058351Z,KXXRP15M-26OCT042245-45,0.9680,3.34,yes
2026-10-05T02:44:04.058351Z,KXXRP15M-26OCT042245-45,0.9680,10.24,yes
2026-10-05T02:44:04.058351Z,KXXRP15M-26OCT042245-45,0.9680,0.49,yes
2026-10-05T02:44:04.058351Z,KXXRP15M-26OCT042245-45,0.9680,1.66,yes
2026-10-05T02:44:04.058698Z,KXXRP15M-26OCT042245-45,0.9680,0.52,yes
2026-10-05T02:44:04.058698Z,KXXRP15M-26OCT042245-45,0.9680,4.51,yes
2026-10-05T02:44:04.058698Z,KXXRP15M-26OCT042245-45,0.9680,1.97,yes
2026-10-05T02:44:04.059352Z,KXXRP15M-26OCT042245-45,0.9680,5.32,yes
2026-10-05T02:44:04.059352Z,KXXRP15M-26OCT042245-45,0.9680,0.68,yes
2026-10-05T02:44:04.068019Z,KXXRP15M-26OCT042245-45,0.9680,1.03,yes
2026-10-05T02:44:04.068019Z,KXXRP15M-26OCT042245-45,0.9680,11.97,yes
2026-10-05T02:44:04.073771Z,KXXRP15M-26OCT042245-45,0.9700,15.10,yes
2026-10-05T02:44:04.079466Z,KXXRP15M-26OCT042245-45,0.9720,91.00,yes
2026-10-05T02:44:04.079466Z,KXXRP15M-26OCT042245-45,0.9710,6.00,yes
2026-10-05T02:44:04.08947Z,KXXRP15M-26OCT042245-45,0.9720,9.00,yes
2026-10-05T02:44:04.168163Z,KXXRP15M-26OCT042245-45,0.9780,15.00,yes
2026-10-05T02:44:04.175277Z,KXXRP15M-26OCT042245-45,0.9770,1.82,no
2026-10-05T02:44:04.189493Z,KXXRP15M-26OCT042245-45,0.9780,6.00,yes
2026-10-05T02:44:04.199785Z,KXXRP15M-26OCT042245-45,0.9780,7.36,yes
2026-10-05T02:44:04.199785Z,KXXRP15M-26OCT042245-45,0.9790,1.00,yes
2026-10-05T02:44:04.199785Z,KXXRP15M-26OCT042245-45,0.9780,1.00,yes
2026-10-05T02:44:04.199785Z,KXXRP15M-26OCT042245-45,0.9790,5.00,yes
2026-10-05T02:44:04.199785Z,KXXRP15M-26OCT042245-45,0.9800,18.64,yes
2026-10-05T02:44:04.199785Z,KXXRP15M-26OCT042245-45,0.9780,1.00,yes
2026-10-05T02:44:04.199785Z,KXXRP15M-26OCT042245-45,0.9790,40.00,yes
2026-10-05T02:44:04.199785Z,KXXRP15M-26OCT042245-45,0.9790,1.00,yes
2026-10-05T02:44:04.231788Z,KXXRP15M-26OCT042245-45,0.9800,8.10,yes
2026-10-05T02:44:04.231788Z,KXXRP15M-26OCT042245-45,0.9800,21.36,yes
2026-10-05T02:44:04.245625Z,KXXRP15M-26OCT042245-45,0.9800,3.90,yes
2026-10-05T02:44:04.245625Z,KXXRP15M-26OCT042245-45,0.9810,40.00,yes
2026-10-05T02:44:04.345613Z,KXXRP15M-26OCT042245-45,0.9820,10.00,yes
2026-10-05T02:44:04.427944Z,KXXRP15M-26OCT042245-45,0.9820,26.97,yes
2026-10-05T02:44:04.507786Z,KXXRP15M-26OCT042245-45,0.9830,10.00,yes
2026-10-05T02:44:04.597122Z,KXXRP15M-26OCT042245-45,0.9840,1.00,yes
2026-10-05T02:44:04.623806Z,KXXRP15M-26OCT042245-45,0.9840,37.20,yes
2026-10-05T02:44:04.659215Z,KXXRP15M-26OCT042245-45,0.9840,1.80,yes
2026-10-05T02:44:04.659215Z,KXXRP15M-26OCT042245-45,0.9850,8.20,yes
2026-10-05T02:44:04.754024Z,KXXRP15M-26OCT042245-45,0.9850,15.00,yes
2026-10-05T02:44:04.835936Z,KXXRP15M-26OCT042245-45,0.9810,10.00,no
2026-10-05T02:44:04.835936Z,KXXRP15M-26OCT042245-45,0.9820,12.00,no
2026-10-05T02:44:04.835936Z,KXXRP15M-26OCT042245-45,0.9830,37.20,no
2026-10-05T02:44:04.835936Z,KXXRP15M-26OCT042245-45,0.9810,17.75,no
2026-10-05T02:44:04.835936Z,KXXRP15M-26OCT042245-45,0.9820,10.00,no
2026-10-05T02:44:04.835936Z,KXXRP15M-26OCT042245-45,0.9840,89.00,no
2026-10-05T02:44:04.835936Z,KXXRP15M-26OCT042245-45,0.9810,17.00,no
2026-10-05T02:44:04.835936Z,KXXRP15M-26OCT042245-45,0.9830,17.00,no
2026-10-05T02:44:04.835936Z,KXXRP15M-26OCT042245-45,0.9830,1.00,no
2026-10-05T02:44:04.835936Z,KXXRP15M-26OCT042245-45,0.9840,8.20,no
2026-10-05T02:44:04.835936Z,KXXRP15M-26OCT042245-45,0.9840,15.00,no
2026-10-05T02:44:04.835936Z,KXXRP15M-26OCT042245-45,0.9830,1.80,no
2026-10-05T02:44:05.005171Z,KXXRP15M-26OCT042245-45,0.9810,9.22,no
2026-10-05T02:44:05.005171Z,KXXRP15M-26OCT042245-45,0.9810,0.71,no
2026-10-05T02:44:05.005171Z,KXXRP15M-26OCT042245-45,0.9840,17.00,no
2026-10-05T02:44:05.005171Z,KXXRP15M-26OCT042245-45,0.9830,5.00,no
2026-10-05T02:44:05.005171Z,KXXRP15M-26OCT042245-45,0.9820,17.00,no
2026-10-05T02:44:05.005171Z,KXXRP15M-26OCT042245-45,0.9840,5.00,no
2026-10-05T02:44:05.109087Z,KXXRP15M-26OCT042245-45,0.9830,6.00,yes
2026-10-05T02:44:05.109087Z,KXXRP15M-26OCT042245-45,0.9830,30.00,yes
2026-10-05T02:44:05.149722Z,KXXRP15M-26OCT042245-45,0.9840,5.00,yes
2026-10-05T02:44:05.351492Z,KXXRP15M-26OCT042245-45,0.9850,5.00,yes
2026-10-05T02:44:05.40128Z,KXXRP15M-26OCT042245-45,0.9850,15.00,yes
2026-10-05T02:44:05.40128Z,KXXRP15M-26OCT042245-45,0.9850,7.00,yes
2026-10-05T02:44:05.40128Z,KXXRP15M-26OCT042245-45,0.9860,18.20,yes
2026-10-05T02:44:05.40128Z,KXXRP15M-26OCT042245-45,0.9850,11.80,yes
2026-10-05T02:44:05.40128Z,KXXRP15M-26OCT042245-45,0.9860,40.00,yes
2026-10-05T02:44:05.40128Z,KXXRP15M-26OCT042245-45,0.9860,8.00,yes
2026-10-05T02:44:05.427467Z,KXXRP15M-26OCT042245-45,0.9860,10.00,yes
2026-10-05T02:44:05.427467Z,KXXRP15M-26OCT042245-45,0.9860,7.00,yes
2026-10-05T02:44:05.427467Z,KXXRP15M-26OCT042245-45,0.9860,18.80,yes
2026-10-05T02:44:05.427467Z,KXXRP15M-26OCT042245-45,0.9870,54.20,yes
2026-10-05T02:44:05.605282Z,KXXRP15M-26OCT042245-45,0.9850,40.00,no
2026-10-05T02:44:05.605282Z,KXXRP15M-26OCT042245-45,0.9860,17.00,no
2026-10-05T02:44:05.87601Z,KXXRP15M-26OCT042245-45,0.9860,7.00,yes
2026-10-05T02:44:05.87601Z,KXXRP15M-26OCT042245-45,0.9860,5.00,yes
2026-10-05T02:44:05.87601Z,KXXRP15M-26OCT042245-45,0.9860,10.00,yes
2026-10-05T02:44:05.87601Z,KXXRP15M-26OCT042245-45,0.9870,28.00,yes
2026-10-05T02:44:06.220025Z,KXXRP15M-26OCT042245-45,0.9860,8.23,no
2026-10-05T02:44:06.22135Z,KXXRP15M-26OCT042245-45,0.9870,6.00,yes
2026-10-05T02:44:06.359799Z,KXXRP15M-26OCT042245-45,0.9860,20.23,no
2026-10-05T02:44:06.359799Z,KXXRP15M-26OCT042245-45,0.9860,8.77,no
2026-10-05T02:44:06.359799Z,KXXRP15M-26OCT042245-45,0.9860,5.00,no
2026-10-05T02:44:06.539548Z,KXXRP15M-26OCT042245-45,0.9870,40.00,yes
2026-10-05T02:44:06.934356Z,KXXRP15M-26OCT042245-45,0.9870,10.00,yes
2026-10-05T02:44:06.93498Z,KXXRP15M-26OCT042245-45,0.9860,15.00,no
2026-10-05T02:44:06.93498Z,KXXRP15M-26OCT042245-45,0.9860,13.00,no
2026-10-05T02:44:06.93498Z,KXXRP15M-26OCT042245-45,0.9860,3.43,no
2026-10-05T02:44:07.145002Z,KXXRP15M-26OCT042245-45,0.9860,10.00,yes
2026-10-05T02:44:07.145002Z,KXXRP15M-26OCT042245-45,0.9860,7.00,yes
2026-10-05T02:44:07.145002Z,KXXRP15M-26OCT042245-45,0.9860,37.57,yes
2026-10-05T02:44:07.334332Z,KXXRP15M-26OCT042245-45,0.9870,2.00,yes
2026-10-05T02:44:07.368149Z,KXXRP15M-26OCT042245-45,0.9820,30.00,no
2026-10-05T02:44:07.368149Z,KXXRP15M-26OCT042245-45,0.9840,11.80,no
2026-10-05T02:44:07.368149Z,KXXRP15M-26OCT042245-45,0.9840,5.00,no
2026-10-05T02:44:07.368149Z,KXXRP15M-26OCT042245-45,0.9850,5.00,no
2026-10-05T02:44:07.368149Z,KXXRP15M-26OCT042245-45,0.9810,12.00,no
2026-10-05T02:44:07.368149Z,KXXRP15M-26OCT042245-45,0.9840,17.00,no
2026-10-05T02:44:07.368149Z,KXXRP15M-26OCT042245-45,0.9800,40.00,no
2026-10-05T02:44:07.368149Z,KXXRP15M-26OCT042245-45,0.9850,15.00,no
2026-10-05T02:44:07.368149Z,KXXRP15M-26OCT042245-45,0.9860,66.00,no
2026-10-05T02:44:07.368149Z,KXXRP15M-26OCT042245-45,0.9800,297.08,no
2026-10-05T02:44:07.368149Z,KXXRP15M-26OCT042245-45,0.9860,17.00,no
2026-10-05T02:44:07.537433Z,KXXRP15M-26OCT042245-45,0.9850,17.00,no
2026-10-05T02:44:07.537433Z,KXXRP15M-26OCT042245-45,0.9840,17.00,no
2026-10-05T02:44:07.537433Z,KXXRP15M-26OCT042245-45,0.9820,5.78,no
2026-10-05T02:44:07.537433Z,KXXRP15M-26OCT042245-45,0.9860,6.23,no
2026-10-05T02:44:07.537433Z,KXXRP15M-26OCT042245-45,0.9860,15.00,no
2026-10-05T02:44:08.081813Z,KXXRP15M-26OCT042245-45,0.9870,7.00,yes
2026-10-05T02:44:08.08972Z,KXXRP15M-26OCT042245-45,0.9870,7.00,yes
2026-10-05T02:44:08.134414Z,KXXRP15M-26OCT042245-45,0.9850,12.93,no
2026-10-05T02:44:08.134414Z,KXXRP15M-26OCT042245-45,0.9860,6.23,no
2026-10-05T02:44:08.134414Z,KXXRP15M-26OCT042245-45,0.9860,0.01,no
2026-10-05T02:44:08.382181Z,KXXRP15M-26OCT042245-45,0.9870,10.00,yes
2026-10-05T02:44:08.424472Z,KXXRP15M-26OCT042245-45,0.9870,23.80,yes
2026-10-05T02:44:08.424472Z,KXXRP15M-26OCT042245-45,0.9870,13.45,yes
2026-10-05T02:44:08.851429Z,KXXRP15M-26OCT042245-45,0.9870,26.00,yes
2026-10-05T02:44:09.277309Z,KXXRP15M-26OCT042245-45,0.9880,1.45,yes
2026-10-05T02:44:09.277309Z,KXXRP15M-26OCT042245-45,0.9870,0.55,yes
2026-10-05T02:44:09.312928Z,KXXRP15M-26OCT042245-45,0.9880,9.00,yes
2026-10-05T02:44:09.423396Z,KXXRP15M-26OCT042245-45,0.9880,4.96,yes
2026-10-05T02:44:09.423396Z,KXXRP15M-26OCT042245-45,0.9880,13.49,yes
2026-10-05T02:44:09.423396Z,KXXRP15M-26OCT042245-45,0.9880,29.55,yes
2026-10-05T02:44:09.461854Z,KXXRP15M-26OCT042245-45,0.9900,0.82,yes
2026-10-05T02:44:09.461854Z,KXXRP15M-26OCT042245-45,0.9900,48.74,yes
2026-10-05T02:44:09.461854Z,KXXRP15M-26OCT042245-45,0.9890,4.96,yes
2026-10-05T02:44:09.461854Z,KXXRP15M-26OCT042245-45,0.9890,1.04,yes
2026-10-05T02:44:09.461854Z,KXXRP15M-26OCT042245-45,0.9890,1.05,yes
2026-10-05T02:44:09.461854Z,KXXRP15M-26OCT042245-45,0.9890,1.20,yes
2026-10-05T02:44:09.461854Z,KXXRP15M-26OCT042245-45,0.9900,6.80,yes
2026-10-05T02:44:09.461854Z,KXXRP15M-26OCT042245-45,0.9900,40.00,yes
2026-10-05T02:44:09.461854Z,KXXRP15M-26OCT042245-45,0.9890,40.00,yes
2026-10-05T02:44:09.461854Z,KXXRP15M-26OCT042245-45,0.9890,20.00,yes
2026-10-05T02:44:09.461854Z,KXXRP15M-26OCT042245-45,0.9900,1.00,yes
2026-10-05T02:44:09.461854Z,KXXRP15M-26OCT042245-45,0.9890,1.00,yes
2026-10-05T02:44:09.461854Z,KXXRP15M-26OCT042245-45,0.9890,20.00,yes
2026-10-05T02:44:09.461854Z,KXXRP15M-26OCT042245-45,0.9890,100.00,yes
2026-10-05T02:44:09.461854Z,KXXRP15M-26OCT042245-45,0.9890,2.00,yes
2026-10-05T02:44:09.461854Z,KXXRP15M-26OCT042245-45,0.9890,2.00,yes
2026-10-05T02:44:09.461854Z,KXXRP15M-26OCT042245-45,0.9890,10.00,yes
2026-10-05T02:44:09.461854Z,KXXRP15M-26OCT042245-45,0.9890,1.00,yes
2026-10-05T02:44:09.461854Z,KXXRP15M-26OCT042245-45,0.9900,6.54,yes
2026-10-05T02:44:09.461854Z,KXXRP15M-26OCT042245-45,0.9900,6.09,yes
2026-10-05T02:44:09.461854Z,KXXRP15M-26OCT042245-45,0.9900,3.17,yes
2026-10-05T02:44:09.461854Z,KXXRP15M-26OCT042245-45,0.9900,1.55,yes
2026-10-05T02:44:09.461854Z,KXXRP15M-26OCT042245-45,0.9900,5.04,yes
2026-10-05T02:44:09.461854Z,KXXRP15M-26OCT042245-45,0.9900,14.05,yes
2026-10-05T02:44:09.461854Z,KXXRP15M-26OCT042245-45,0.9890,1.00,yes
2026-10-05T02:44:09.461854Z,KXXRP15M-26OCT042245-45,0.9900,5.17,yes
2026-10-05T02:44:09.461854Z,KXXRP15M-26OCT042245-45,0.9900,5.78,yes
2026-10-05T02:44:09.551788Z,KXXRP15M-26OCT042245-45,0.9950,40.00,yes
2026-10-05T02:44:09.551788Z,KXXRP15M-26OCT042245-45,0.9900,51.26,yes
2026-10-05T02:44:09.551788Z,KXXRP15M-26OCT042245-45,0.9930,7.00,yes
2026-10-05T02:44:09.551788Z,KXXRP15M-26OCT042245-45,0.9960,10.00,yes
2026-10-05T02:44:09.551788Z,KXXRP15M-26OCT042245-45,0.9930,23.12,yes
2026-10-05T02:44:09.551788Z,KXXRP15M-26OCT042245-45,0.9970,178.62,yes
2026-10-05T02:44:09.551788Z,KXXRP15M-26OCT042245-45,0.9950,40.00,yes
2026-10-05T02:44:09.551788Z,KXXRP15M-26OCT042245-45,0.9960,40.00,yes
2026-10-05T02:44:09.551788Z,KXXRP15M-26OCT042245-45,0.9920,40.00,yes
2026-10-05T02:44:09.551788Z,KXXRP15M-26OCT042245-45,0.9910,40.00,yes
2026-10-05T02:44:09.551788Z,KXXRP15M-26OCT042245-45,0.9940,40.00,yes
2026-10-05T02:44:09.551788Z,KXXRP15M-26OCT042245-45,0.9930,40.00,yes
2026-10-05T02:44:09.551788Z,KXXRP15M-26OCT042245-45,0.9960,13.00,yes
2026-10-05T02:44:09.551788Z,KXXRP15M-26OCT042245-45,0.9950,11.00,yes
2026-10-05T02:44:09.551788Z,KXXRP15M-26OCT042245-45,0.9960,1.00,yes
2026-10-05T02:44:09.551788Z,KXXRP15M-26OCT042245-45,0.9960,1.00,yes
2026-10-05T02:44:09.551788Z,KXXRP15M-26OCT042245-45,0.9960,1.00,yes
2026-10-05T02:44:09.551788Z,KXXRP15M-26OCT042245-45,0.9960,1.00,yes
2026-10-05T02:44:09.551788Z,KXXRP15M-26OCT042245-45,0.9960,1.00,yes
2026-10-05T02:44:09.626604Z,KXXRP15M-26OCT042245-45,0.9920,5.00,no
2026-10-05T02:44:09.626604Z,KXXRP15M-26OCT042245-45,0.9930,5.00,no
2026-10-05T02:44:09.626604Z,KXXRP15M-26OCT042245-45,0.9930,17.00,no
2026-10-05T02:44:09.644399Z,KXXRP15M-26OCT042245-45,0.9960,10.00,yes
2026-10-05T02:44:09.644399Z,KXXRP15M-26OCT042245-45,0.9960,7.00,yes
2026-10-05T02:44:09.644399Z,KXXRP15M-26OCT042245-45,0.9970,11.98,yes
2026-10-05T02:44:09.662916Z,KXXRP15M-26OCT042245-45,0.9930,5.00,no
2026-10-05T02:44:09.662916Z,KXXRP15M-26OCT042245-45,0.9930,17.00,no
2026-10-05T02:44:09.750398Z,KXXRP15M-26OCT042245-45,0.9970,2.00,yes
2026-10-05T02:44:09.831047Z,KXXRP15M-26OCT042245-45,0.9960,5.00,no
2026-10-05T02:44:09.831047Z,KXXRP15M-26OCT042245-45,0.9950,5.00,no
2026-10-05T02:44:09.831047Z,KXXRP15M-26OCT042245-45,0.9950,30.00,no
2026-10-05T02:44:10.022359Z,KXXRP15M-26OCT042245-45,0.9970,72.00,yes
2026-10-05T02:44:10.024464Z,KXXRP15M-26OCT042245-45,0.9970,35.00,yes
2026-10-05T02:44:10.066658Z,KXXRP15M-26OCT042245-45,0.9970,1.00,yes
2026-10-05T02:44:10.072955Z,KXXRP15M-26OCT042245-45,0.9950,10.00,no
2026-10-05T02:44:10.072955Z,KXXRP15M-26OCT042245-45,0.9950,5.00,no
2026-10-05T02:44:10.211508Z,KXXRP15M-26OCT042245-45,0.9960,5.00,no
2026-10-05T02:44:10.211508Z,KXXRP15M-26OCT042245-45,0.9930,25.00,no
2026-10-05T02:44:10.211508Z,KXXRP15M-26OCT042245-45,0.9930,40.00,no
2026-10-05T02:44:10.211508Z,KXXRP15M-26OCT042245-45,0.9920,100.00,no
2026-10-05T02:44:10.211508Z,KXXRP15M-26OCT042245-45,0.9940,40.00,no
2026-10-05T02:44:10.211508Z,KXXRP15M-26OCT042245-45,0.9930,17.00,no
2026-10-05T02:44:10.211508Z,KXXRP15M-26OCT042245-45,0.9920,40.00,no
2026-10-05T02:44:10.211508Z,KXXRP15M-26OCT042245-45,0.9920,3.00,no
2026-10-05T02:44:10.245356Z,KXXRP15M-26OCT042245-45,0.9940,17.00,no
2026-10-05T02:44:10.264656Z,KXXRP15M-26OCT042245-45,0.9930,17.00,no
2026-10-05T02:44:10.264656Z,KXXRP15M-26OCT042245-45,0.9920,60.90,no
2026-10-05T02:44:10.437051Z,KXXRP15M-26OCT042245-45,0.9930,6.47,no
2026-10-05T02:44:10.486654Z,KXXRP15M-26OCT042245-45,0.9930,10.53,no
2026-10-05T02:44:10.486654Z,KXXRP15M-26OCT042245-45,0.9920,13.47,no
2026-10-05T02:44:10.552854Z,KXXRP15M-26OCT042245-45,0.9910,19.00,no
2026-10-05T02:44:10.552854Z,KXXRP15M-26OCT042245-45,0.9900,131.04,no
2026-10-05T02:44:10.552854Z,KXXRP15M-26OCT042245-45,0.9910,17.00,no
2026-10-05T02:44:10.552854Z,KXXRP15M-26OCT042245-45,0.9920,5.00,no
2026-10-05T02:44:10.552854Z,KXXRP15M-26OCT042245-45,0.9900,25.00,no
2026-10-05T02:44:10.552854Z,KXXRP15M-26OCT042245-45,0.9910,40.00,no
2026-10-05T02:44:10.552854Z,KXXRP15M-26OCT042245-45,0.9920,122.63,no
2026-10-05T02:44:10.552854Z,KXXRP15M-26OCT042245-45,0.9900,40.00,no
2026-10-05T02:44:10.552854Z,KXXRP15M-26OCT042245-45,0.9900,60.00,no
2026-10-05T02:44:10.552854Z,KXXRP15M-26OCT042245-45,0.9900,14.66,no
2026-10-05T02:44:10.604893Z,KXXRP15M-26OCT042245-45,0.9920,17.00,no
2026-10-05T02:44:10.604893Z,KXXRP15M-26OCT042245-45,0.9910,17.00,no
2026-10-05T02:44:10.604893Z,KXXRP15M-26OCT042245-45,0.9900,1.90,no
2026-10-05T02:44:10.798296Z,KXXRP15M-26OCT042245-45,0.9910,5.00,no
2026-10-05T02:44:10.798296Z,KXXRP15M-26OCT042245-45,0.9920,17.00,no
2026-10-05T02:44:10.798296Z,KXXRP15M-26OCT042245-45,0.9920,5.00,no
2026-10-05T02:44:10.798296Z,KXXRP15M-26OCT042245-45,0.9910,17.00,no
2026-10-05T02:44:10.798296Z,KXXRP15M-26OCT042245-45,0.9890,22.82,no
2026-10-05T02:44:10.839744Z,KXXRP15M-26OCT042245-45,0.9950,8.68,yes
2026-10-05T02:44:10.883089Z,KXXRP15M-26OCT042245-45,0.9890,15.00,no
2026-10-05T02:44:10.883089Z,KXXRP15M-26OCT042245-45,0.9930,17.00,no
2026-10-05T02:44:10.883089Z,KXXRP15M-26OCT042245-45,0.9920,5.00,no
2026-10-05T02:44:10.883089Z,KXXRP15M-26OCT042245-45,0.9930,5.00,no
2026-10-05T02:44:10.883089Z,KXXRP15M-26OCT042245-45,0.9870,1.45,no
2026-10-05T02:44:10.883089Z,KXXRP15M-26OCT042245-45,0.9870,29.55,no
2026-10-05T02:44:10.883089Z,KXXRP15M-26OCT042245-45,0.9880,40.00,no
2026-10-05T02:44:10.883089Z,KXXRP15M-26OCT042245-45,0.9870,9.00,no
2026-10-05T02:44:10.883089Z,KXXRP15M-26OCT042245-45,0.9890,17.18,no
2026-10-05T02:44:11.461829Z,KXXRP15M-26OCT042245-45,0.9920,10.00,no
2026-10-05T02:44:11.461829Z,KXXRP15M-26OCT042245-45,0.9910,50.00,no
2026-10-05T02:44:11.504508Z,KXXRP15M-26OCT042245-45,0.9940,1.00,yes
2026-10-05T02:44:11.719373Z,KXXRP15M-26OCT042245-45,0.9910,1.03,no
2026-10-05T02:44:12.361387Z,KXXRP15M-26OCT042245-45,0.9900,12.76,no
2026-10-05T02:44:12.361387Z,KXXRP15M-26OCT042245-45,0.9870,14.00,no
2026-10-05T02:44:12.361387Z,KXXRP15M-26OCT042245-45,0.9860,0.55,no
2026-10-05T02:44:12.361387Z,KXXRP15M-26OCT042245-45,0.9850,2.21,no
2026-10-05T02:44:12.361387Z,KXXRP15M-26OCT042245-45,0.9860,26.00,no
2026-10-05T02:44:12.361387Z,KXXRP15M-26OCT042245-45,0.9860,13.45,no
2026-10-05T02:44:12.875402Z,KXXRP15M-26OCT042245-45,0.9800,7.50,no
2026-10-05T02:44:12.875402Z,KXXRP15M-26OCT042245-45,0.9860,13.00,no
2026-10-05T02:44:12.875402Z,KXXRP15M-26OCT042245-45,0.9920,22.00,no
2026-10-05T02:44:12.875402Z,KXXRP15M-26OCT042245-45,0.9800,25.00,no
2026-10-05T02:44:12.875402Z,KXXRP15M-26OCT042245-45,0.9900,0.01,no
2026-10-05T02:44:12.875402Z,KXXRP15M-26OCT042245-45,0.9900,5.00,no
2026-10-05T02:44:12.875402Z,KXXRP15M-26OCT042245-45,0.9910,5.00,no
2026-10-05T02:44:12.875402Z,KXXRP15M-26OCT042245-45,0.9820,3.00,no
2026-10-05T02:44:12.875402Z,KXXRP15M-26OCT042245-45,0.9790,6.92,no
2026-10-05T02:44:12.875402Z,KXXRP15M-26OCT042245-45,0.9850,17.79,no
2026-10-05T02:44:12.875402Z,KXXRP15M-26OCT042245-45,0.9810,20.00,no
2026-10-05T02:44:12.875402Z,KXXRP15M-26OCT042245-45,0.9840,15.00,no
2026-10-05T02:44:12.875402Z,KXXRP15M-26OCT042245-45,0.9820,63.00,no
2026-10-05T02:44:12.875402Z,KXXRP15M-26OCT042245-45,0.9790,18.64,no
2026-10-05T02:44:12.875402Z,KXXRP15M-26OCT042245-45,0.9790,21.36,no
2026-10-05T02:44:13.532322Z,KXXRP15M-26OCT042245-45,0.9940,5.00,yes
2026-10-05T02:44:14.377259Z,KXXRP15M-26OCT042245-45,0.9900,0.01,no
2026-10-05T02:44:14.377259Z,KXXRP15M-26OCT042245-45,0.9900,5.00,no
2026-10-05T02:44:14.62375Z,KXXRP15M-26OCT042245-45,0.9930,16.00,yes
2026-10-05T02:44:14.62375Z,KXXRP15M-26OCT042245-45,0.9930,8.00,yes
2026-10-05T02:44:14.648738Z,KXXRP15M-26OCT042245-45,0.9920,68.00,no
2026-10-05T02:44:15.386585Z,KXXRP15M-26OCT042245-45,0.9890,1.56,no
2026-10-05T02:44:15.386585Z,KXXRP15M-26OCT042245-45,0.9900,44.00,no
2026-10-05T02:44:15.386585Z,KXXRP15M-26OCT042245-45,0.9900,5.00,no
2026-10-05T02:44:15.439749Z,KXXRP15M-26OCT042245-45,0.9940,1.00,yes
2026-10-05T02:44:15.439749Z,KXXRP15M-26OCT042245-45,0.9950,7.50,yes
2026-10-05T02:44:15.439749Z,KXXRP15M-26OCT042245-45,0.9960,7.00,yes
2026-10-05T02:44:15.439749Z,KXXRP15M-26OCT042245-45,0.9940,14.00,yes
2026-10-05T02:44:15.439749Z,KXXRP15M-26OCT042245-45,0.9970,20.50,yes
2026-10-05T02:44:15.918907Z,KXXRP15M-26OCT042245-45,0.9890,3.44,no
2026-10-05T02:44:15.918907Z,KXXRP15M-26OCT042245-45,0.9850,1.00,no
2026-10-05T02:44:15.918907Z,KXXRP15M-26OCT042245-45,0.9900,5.00,no
2026-10-05T02:44:15.918907Z,KXXRP15M-26OCT042245-45,0.9830,5.72,no
2026-10-05T02:44:16.161175Z,KXXRP15M-26OCT042245-45,0.9880,5.00,no
2026-10-05T02:44:16.161175Z,KXXRP15M-26OCT042245-45,0.9830,6.00,no
2026-10-05T02:44:16.161175Z,KXXRP15M-26OCT042245-45,0.9830,12.00,no
2026-10-05T02:44:16.161175Z,KXXRP15M-26OCT042245-45,0.9870,5.00,no
2026-10-05T02:44:16.161175Z,KXXRP15M-26OCT042245-45,0.9900,10.00,no
2026-10-05T02:44:16.161175Z,KXXRP15M-26OCT042245-45,0.9790,10.00,no
2026-10-05T02:44:16.161175Z,KXXRP15M-26OCT042245-45,0.9790,20.00,no
2026-10-05T02:44:16.161175Z,KXXRP15M-26OCT042245-45,0.9820,15.00,no
2026-10-05T02:44:16.161175Z,KXXRP15M-26OCT042245-45,0.9810,11.00,no
2026-10-05T02:44:16.161175Z,KXXRP15M-26OCT042245-45,0.9800,21.00,no
2026-10-05T02:44:16.161175Z,KXXRP15M-26OCT042245-45,0.9760,243.55,no
2026-10-05T02:44:16.161175Z,KXXRP15M-26OCT042245-45,0.9770,40.00,no
2026-10-05T02:44:16.161175Z,KXXRP15M-26OCT042245-45,0.9770,15.00,no
2026-10-05T02:44:16.161175Z,KXXRP15M-26OCT042245-45,0.9770,1.00,no
2026-10-05T02:44:16.161175Z,KXXRP15M-26OCT042245-45,0.9770,6.00,no
2026-10-05T02:44:17.127412Z,KXXRP15M-26OCT042245-45,0.9930,5.00,yes
2026-10-05T02:44:17.178443Z,KXXRP15M-26OCT042245-45,0.9940,7.24,yes
2026-10-05T02:44:17.178443Z,KXXRP15M-26OCT042245-45,0.9930,13.00,yes
2026-10-05T02:44:17.178443Z,KXXRP15M-26OCT042245-45,0.9930,7.00,yes
2026-10-05T02:44:17.437021Z,KXXRP15M-26OCT042245-45,0.9920,14.21,yes
2026-10-05T02:44:17.502308Z,KXXRP15M-26OCT042245-45,0.9940,4.93,yes
2026-10-05T02:44:17.64216Z,KXXRP15M-26OCT042245-45,0.9930,12.85,yes
2026-10-05T02:44:18.066868Z,KXXRP15M-26OCT042245-45,0.9850,20.00,no
2026-10-05T02:44:18.089695Z,KXXRP15M-26OCT042245-45,0.9900,0.80,yes
2026-10-05T02:44:18.100786Z,KXXRP15M-26OCT042245-45,0.9900,2.76,yes
2026-10-05T02:44:18.100786Z,KXXRP15M-26OCT042245-45,0.9960,5.00,yes
2026-10-05T02:44:18.100786Z,KXXRP15M-26OCT042245-45,0.9950,5.00,yes
2026-10-05T02:44:18.100786Z,KXXRP15M-26OCT042245-45,0.9960,3.00,yes
2026-10-05T02:44:18.100786Z,KXXRP15M-26OCT042245-45,0.9940,6.00,yes
2026-10-05T02:44:18.100786Z,KXXRP15M-26OCT042245-45,0.9950,7.50,yes
2026-10-05T02:44:18.100786Z,KXXRP15M-26OCT042245-45,0.9900,7.50,yes
2026-10-05T02:44:18.100786Z,KXXRP15M-26OCT042245-45,0.9950,40.00,yes
2026-10-05T02:44:18.123687Z,KXXRP15M-26OCT042245-45,0.9960,128.59,no
2026-10-05T02:44:18.16029Z,KXXRP15M-26OCT042245-45,0.9960,104.80,no
2026-10-05T02:44:18.160665Z,KXXRP15M-26OCT042245-45,0.9960,439.00,no
2026-10-05T02:44:18.195065Z,KXXRP15M-26OCT042245-45,0.9850,7.50,no
2026-10-05T02:44:18.195065Z,KXXRP15M-26OCT042245-45,0.9960,254.86,no
2026-10-05T02:44:18.195065Z,KXXRP15M-26OCT042245-45,0.9870,5.00,no
2026-10-05T02:44:18.280553Z,KXXRP15M-26OCT042245-45,0.9950,7.50,yes
2026-10-05T02:44:18.280553Z,KXXRP15M-26OCT042245-45,0.9950,6.00,yes
2026-10-05T02:44:18.280553Z,KXXRP15M-26OCT042245-45,0.9950,5.00,yes
2026-10-05T02:44:18.280553Z,KXXRP15M-26OCT042245-45,0.9950,21.50,yes
2026-10-05T02:44:18.422277Z,KXXRP15M-26OCT042245-45,0.9950,7.50,yes
2026-10-05T02:44:18.422277Z,KXXRP15M-26OCT042245-45,0.9950,6.00,yes
2026-10-05T02:44:18.422277Z,KXXRP15M-26OCT042245-45,0.9960,5.00,yes
2026-10-05T02:44:18.422277Z,KXXRP15M-26OCT042245-45,0.9970,21.50,yes
2026-10-05T02:44:18.532938Z,KXXRP15M-26OCT042245-45,0.9950,7.00,yes
2026-10-05T02:44:18.650726Z,KXXRP15M-26OCT042245-45,0.9820,12.00,no
2026-10-05T02:44:18.650726Z,KXXRP15M-26OCT042245-45,0.9820,19.00,no
2026-10-05T02:44:18.650726Z,KXXRP15M-26OCT042245-45,0.9850,7.50,no
2026-10-05T02:44:18.650726Z,KXXRP15M-26OCT042245-45,0.9810,31.57,no
2026-10-05T02:44:18.650726Z,KXXRP15M-26OCT042245-45,0.9880,5.00,no
2026-10-05T02:44:18.650726Z,KXXRP15M-26OCT042245-45,0.9870,5.00,no
2026-10-05T02:44:18.650726Z,KXXRP15M-26OCT042245-45,0.9890,3.00,no
2026-10-05T02:44:18.681746Z,KXXRP15M-26OCT042245-45,0.9810,28.05,no
2026-10-05T02:44:18.685923Z,KXXRP15M-26OCT042245-45,0.9950,5.00,yes
2026-10-05T02:44:18.685923Z,KXXRP15M-26OCT042245-45,0.9950,7.50,yes
2026-10-05T02:44:18.685923Z,KXXRP15M-26OCT042245-45,0.9950,6.00,yes
2026-10-05T02:44:18.685923Z,KXXRP15M-26OCT042245-45,0.9960,5.00,yes
2026-10-05T02:44:18.685923Z,KXXRP15M-26OCT042245-45,0.9970,13.50,yes
2026-10-05T02:44:18.689535Z,KXXRP15M-26OCT042245-45,0.9820,5.19,no
2026-10-05T02:44:18.703477Z,KXXRP15M-26OCT042245-45,0.9960,0.25,yes
2026-10-05T02:44:18.911023Z,KXXRP15M-26OCT042245-45,0.9850,1.00,no
2026-10-05T02:44:18.911023Z,KXXRP15M-26OCT042245-45,0.9880,5.00,no
2026-10-05T02:44:19.045305Z,KXXRP15M-26OCT042245-45,0.9850,6.50,no
2026-10-05T02:44:19.045305Z,KXXRP15M-26OCT042245-45,0.9870,5.00,no
2026-10-05T02:44:19.126987Z,KXXRP15M-26OCT042245-45,0.9950,2.00,yes
2026-10-05T02:44:19.310061Z,KXXRP15M-26OCT042245-45,0.9950,5.00,yes
2026-10-05T02:44:19.310061Z,KXXRP15M-26OCT042245-45,0.9950,6.00,yes
2026-10-05T02:44:19.43233Z,KXXRP15M-26OCT042245-45,0.9930,5.00,no
2026-10-05T02:44:19.733162Z,KXXRP15M-26OCT042245-45,0.9940,6.00,yes
2026-10-05T02:44:19.733162Z,KXXRP15M-26OCT042245-45,0.9940,4.00,yes
2026-10-05T02:44:19.835929Z,KXXRP15M-26OCT042245-45,0.9940,13.00,yes
2026-10-05T02:44:19.92428Z,KXXRP15M-26OCT042245-45,0.9940,15.00,yes
2026-10-05T02:44:21.023307Z,KXXRP15M-26OCT042245-45,0.9730,40.00,no
2026-10-05T02:44:21.023307Z,KXXRP15M-26OCT042245-45,0.9730,10.00,no
2026-10-05T02:44:21.023307Z,KXXRP15M-26OCT042245-45,0.9730,6.00,no
2026-10-05T02:44:21.023307Z,KXXRP15M-26OCT042245-45,0.9730,2.00,no
2026-10-05T02:44:21.023307Z,KXXRP15M-26OCT042245-45,0.9730,10.00,no
2026-10-05T02:44:21.023307Z,KXXRP15M-26OCT042245-45,0.9730,7.00,no
2026-10-05T02:44:21.023307Z,KXXRP15M-26OCT042245-45,0.9730,23.80,no
2026-10-05T02:44:21.023307Z,KXXRP15M-26OCT042245-45,0.9730,7.00,no
2026-10-05T02:44:21.023307Z,KXXRP15M-26OCT042245-45,0.9610,14.00,no
2026-10-05T02:44:21.023307Z,KXXRP15M-26OCT042245-45,0.9550,245.92,no
2026-10-05T02:44:21.023307Z,KXXRP15M-26OCT042245-45,0.9600,0.03,no
2026-10-05T02:44:21.023307Z,KXXRP15M-26OCT042245-45,0.9600,0.68,no
2026-10-05T02:44:21.023307Z,KXXRP15M-26OCT042245-45,0.9600,1.27,no
2026-10-05T02:44:21.023307Z,KXXRP15M-26OCT042245-45,0.9600,3.34,no
2026-10-05T02:44:21.023307Z,KXXRP15M-26OCT042245-45,0.9600,0.50,no
2026-10-05T02:44:21.023307Z,KXXRP15M-26OCT042245-45,0.9600,2.68,no
2026-10-05T02:44:21.023307Z,KXXRP15M-26OCT042245-45,0.9760,156.45,no
2026-10-05T02:44:21.023307Z,KXXRP15M-26OCT042245-45,0.9600,1.97,no
2026-10-05T02:44:21.023307Z,KXXRP15M-26OCT042245-45,0.9600,11.97,no
2026-10-05T02:44:21.023307Z,KXXRP15M-26OCT042245-45,0.9600,0.52,no
2026-10-05T02:44:21.023307Z,KXXRP15M-26OCT042245-45,0.9600,0.49,no
2026-10-05T02:44:21.023307Z,KXXRP15M-26OCT042245-45,0.9600,0.68,no
2026-10-05T02:44:21.023307Z,KXXRP15M-26OCT042245-45,0.9600,7.29,no
2026-10-05T02:44:21.023307Z,KXXRP15M-26OCT042245-45,0.9600,3.59,no
2026-10-05T02:44:21.023307Z,KXXRP15M-26OCT042245-45,0.9710,5.00,no
2026-10-05T02:44:21.023307Z,KXXRP15M-26OCT042245-45,0.9600,10.24,no
2026-10-05T02:44:21.023307Z,KXXRP15M-26OCT042245-45,0.9600,1.03,no
2026-10-05T02:44:21.023307Z,KXXRP15M-26OCT042245-45,0.9600,4.51,no
2026-10-05T02:44:21.023307Z,KXXRP15M-26OCT042245-45,0.9600,2.23,no
2026-10-05T02:44:21.023307Z,KXXRP15M-26OCT042245-45,0.9600,1.66,no
2026-10-05T02:44:21.023307Z,KXXRP15M-26OCT042245-45,0.9600,5.32,no
2026-10-05T02:44:21.023307Z,KXXRP15M-26OCT042245-45,0.9730,54.20,no
2026-10-05T02:44:21.023307Z,KXXRP15M-26OCT042245-45,0.9730,28.00,no
2026-10-05T02:44:21.023307Z,KXXRP15M-26OCT042245-45,0.9820,11.00,no
2026-10-05T02:44:21.023307Z,KXXRP15M-26OCT042245-45,0.9760,20.00,no
2026-10-05T02:44:21.023307Z,KXXRP15M-26OCT042245-45,0.9590,7.00,no
2026-10-05T02:44:21.023307Z,KXXRP15M-26OCT042245-45,0.9700,34.00,no
2026-10-05T02:44:21.023307Z,KXXRP15M-26OCT042245-45,0.9770,19.00,no
2026-10-05T02:44:21.023307Z,KXXRP15M-26OCT042245-45,0.9890,15.00,no
2026-10-05T02:44:21.023307Z,KXXRP15M-26OCT042245-45,0.9800,7.50,no
2026-10-05T02:44:21.023307Z,KXXRP15M-26OCT042245-45,0.9870,5.00,no
2026-10-05T02:44:21.023307Z,KXXRP15M-26OCT042245-45,0.9880,284.00,no
2026-10-05T02:44:21.023307Z,KXXRP15M-26OCT042245-45,0.9700,104.00,no
2026-10-05T02:44:21.023307Z,KXXRP15M-26OCT042245-45,0.9810,286.00,no
2026-10-05T02:44:21.023307Z,KXXRP15M-26OCT042245-45,0.9810,24.00,no
2026-10-05T02:44:21.023307Z,KXXRP15M-26OCT042245-45,0.9940,22.00,no
2026-10-05T02:44:21.023307Z,KXXRP15M-26OCT042245-45,0.9900,0.01,no
2026-10-05T02:44:21.023307Z,KXXRP15M-26OCT042245-45,0.9810,4.00,no
2026-10-05T02:44:21.023307Z,KXXRP15M-26OCT042245-45,0.9930,5.00,no
2026-10-05T02:44:21.023307Z,KXXRP15M-26OCT042245-45,0.9930,5.00,no
2026-10-05T02:44:21.023307Z,KXXRP15M-26OCT042245-45,0.9800,103.00,no
2026-10-05T02:44:21.749277Z,KXXRP15M-26OCT042245-45,0.9940,5.44,no
2026-10-05T02:44:22.230352Z,KXXRP15M-26OCT042245-45,0.9960,4.73,yes
2026-10-05T02:44:22.762786Z,KXXRP15M-26OCT042245-45,0.9930,5.00,no
2026-10-05T02:44:22.762786Z,KXXRP15M-26OCT042245-45,0.9930,96.00,no
2026-10-05T02:44:22.762786Z,KXXRP15M-26OCT042245-45,0.9940,63.00,no
2026-10-05T02:44:22.762786Z,KXXRP15M-26OCT042245-45,0.9930,5.00,no
2026-10-05T02:44:22.762786Z,KXXRP15M-26OCT042245-45,0.9950,139.00,no
2026-10-05T02:44:22.827428Z,KXXRP15M-26OCT042245-45,0.9950,35.78,yes
2026-10-05T02:44:23.283428Z,KXXRP15M-26OCT042245-45,0.9960,12.73,yes
2026-10-05T02:44:23.283428Z,KXXRP15M-26OCT042245-45,0.9960,7.00,yes
2026-10-05T02:44:23.283428Z,KXXRP15M-26OCT042245-45,0.9960,0.27,yes
2026-10-05T02:44:23.375128Z,KXXRP15M-26OCT042245-45,0.9980,34.00,yes
2026-10-05T02:44:23.375128Z,KXXRP15M-26OCT042245-45,0.9970,34.00,yes
2026-10-05T02:44:23.375128Z,KXXRP15M-26OCT042245-45,0.9960,0.27,yes
2026-10-05T02:44:23.375128Z,KXXRP15M-26OCT042245-45,0.9960,7.00,yes
2026-10-05T02:44:23.375128Z,KXXRP15M-26OCT042245-45,0.9970,5.00,yes
2026-10-05T02:44:23.375128Z,KXXRP15M-26OCT042245-45,0.9980,40.00,yes
2026-10-05T02:44:23.375128Z,KXXRP15M-26OCT042245-45,0.9970,40.00,yes
2026-10-05T02:44:23.375128Z,KXXRP15M-26OCT042245-45,0.9980,40.00,yes
2026-10-05T02:44:23.375128Z,KXXRP15M-26OCT042245-45,0.9970,43.90,yes
2026-10-05T02:44:23.375128Z,KXXRP15M-26OCT042245-45,0.9980,400.00,yes
2026-10-05T02:44:23.375128Z,KXXRP15M-26OCT042245-45,0.9980,500.00,yes
2026-10-05T02:44:23.375128Z,KXXRP15M-26OCT042245-45,0.9970,2.00,yes
2026-10-05T02:44:23.375128Z,KXXRP15M-26OCT042245-45,0.9970,2.00,yes
2026-10-05T02:44:23.375128Z,KXXRP15M-26OCT042245-45,0.9980,3.00,yes
2026-10-05T02:44:23.375128Z,KXXRP15M-26OCT042245-45,0.9980,3.00,yes
2026-10-05T02:44:23.375128Z,KXXRP15M-26OCT042245-45,0.9970,2.00,yes
2026-10-05T02:44:23.375128Z,KXXRP15M-26OCT042245-45,0.9970,2.00,yes
2026-10-05T02:44:23.375128Z,KXXRP15M-26OCT042245-45,0.9980,3.00,yes
2026-10-05T02:44:23.375128Z,KXXRP15M-26OCT042245-45,0.9980,3.00,yes
2026-10-05T02:44:23.375128Z,KXXRP15M-26OCT042245-45,0.9980,26.00,yes
2026-10-05T02:44:23.375128Z,KXXRP15M-26OCT042245-45,0.9970,18.00,yes
2026-10-05T02:44:23.375128Z,KXXRP15M-26OCT042245-45,0.9980,3.00,yes
2026-10-05T02:44:23.375128Z,KXXRP15M-26OCT042245-45,0.9970,2.00,yes
2026-10-05T02:44:23.425711Z,KXXRP15M-26OCT042245-45,0.9980,98.42,no
2026-10-05T02:44:23.800878Z,KXXRP15M-26OCT042245-45,0.9980,3.23,no
2026-10-05T02:44:24.141596Z,KXXRP15M-26OCT042245-45,0.9980,458.01,no
2026-10-05T02:44:25.086466Z,KXXRP15M-26OCT042245-45,0.9990,32.28,yes
2026-10-05T02:44:25.101916Z,KXXRP15M-26OCT042245-45,0.9980,4.59,no
2026-10-05T02:44:25.126104Z,KXXRP15M-26OCT042245-45,0.9990,56.25,yes
2026-10-05T02:44:25.446228Z,KXXRP15M-26OCT042245-45,0.9980,50.00,no
2026-10-05T02:44:26.048732Z,KXXRP15M-26OCT042245-45,0.9980,172.58,no
2026-10-05T02:44:26.048732Z,KXXRP15M-26OCT042245-45,0.9980,100.00,no
2026-10-05T02:44:26.048732Z,KXXRP15M-26OCT042245-45,0.9980,643.44,no
2026-10-05T02:44:26.082599Z,KXXRP15M-26OCT042245-45,0.9980,10.59,no
2026-10-05T02:44:26.340565Z,KXXRP15M-26OCT042245-45,0.9980,1.49,no
2026-10-05T02:44:26.735128Z,KXXRP15M-26OCT042245-45,0.9970,37.00,no
2026-10-05T02:44:26.735128Z,KXXRP15M-26OCT042245-45,0.9970,40.00,no
2026-10-05T02:44:26.735128Z,KXXRP15M-26OCT042245-45,0.9960,40.00,no
2026-10-05T02:44:26.735128Z,KXXRP15M-26OCT042245-45,0.9960,500.00,no
2026-10-05T02:44:26.735128Z,KXXRP15M-26OCT042245-45,0.9980,383.00,no
2026-10-05T02:44:26.735128Z,KXXRP15M-26OCT042245-45,0.9980,232.48,no
2026-10-05T02:44:26.735128Z,KXXRP15M-26OCT042245-45,0.9950,394.14,no
2026-10-05T02:44:26.881522Z,KXXRP15M-26OCT042245-45,0.9950,46.39,no
2026-10-05T02:44:27.224265Z,KXXRP15M-26OCT042245-45,0.9980,15.00,yes
2026-10-05T02:44:27.231218Z,KXXRP15M-26OCT042245-45,0.9980,2.00,yes
2026-10-05T02:44:27.239Z,KXXRP15M-26OCT042245-45,0.9980,2.00,yes
2026-10-05T02:44:27.246666Z,KXXRP15M-26OCT042245-45,0.9980,2.00,yes
2026-10-05T02:44:27.251882Z,KXXRP15M-26OCT042245-45,0.9980,2.00,yes
2026-10-05T02:44:27.258922Z,KXXRP15M-26OCT042245-45,0.9980,2.00,yes
2026-10-05T02:44:27.265297Z,KXXRP15M-26OCT042245-45,0.9980,2.00,yes
2026-10-05T02:44:27.271791Z,KXXRP15M-26OCT042245-45,0.9980,2.00,yes
2026-10-05T02:44:27.916379Z,KXXRP15M-26OCT042245-45,0.9980,40.00,yes
2026-10-05T02:44:27.916379Z,KXXRP15M-26OCT042245-45,0.9980,3.00,yes
2026-10-05T02:44:27.916379Z,KXXRP15M-26OCT042245-45,0.9980,5.00,yes
2026-10-05T02:44:27.916379Z,KXXRP15M-26OCT042245-45,0.9980,5.00,yes
2026-10-05T02:44:28.034606Z,KXXRP15M-26OCT042245-45,0.9980,14.00,yes
2026-10-05T02:44:28.034606Z,KXXRP15M-26OCT042245-45,0.9980,6.00,yes
2026-10-05T02:44:28.08879Z,KXXRP15M-26OCT042245-45,0.9970,176.00,no
2026-10-05T02:44:28.08879Z,KXXRP15M-26OCT042245-45,0.9960,10.97,no
2026-10-05T02:44:28.091658Z,KXXRP15M-26OCT042245-45,0.9960,22.03,no
2026-10-05T02:44:28.091658Z,KXXRP15M-26OCT042245-45,0.9950,18.75,no
2026-10-05T02:44:29.100637Z,KXXRP15M-26OCT042245-45,0.9980,5.00,yes
2026-10-05T02:44:29.100637Z,KXXRP15M-26OCT042245-45,0.9980,3.00,yes
2026-10-05T02:44:29.100637Z,KXXRP15M-26OCT042245-45,0.9980,29.00,yes
2026-10-05T02:44:29.100637Z,KXXRP15M-26OCT042245-45,0.9980,4.00,yes
2026-10-05T02:44:29.12501Z,KXXRP15M-26OCT042245-45,0.9970,30.53,no
2026-10-05T02:44:29.308994Z,KXXRP15M-26OCT042245-45,0.9980,1.00,yes
2026-10-05T02:44:29.308994Z,KXXRP15M-26OCT042245-45,0.9980,9.00,yes
2026-10-05T02:44:29.316573Z,KXXRP15M-26OCT042245-45,0.9980,5.00,yes
2026-10-05T02:44:29.323243Z,KXXRP15M-26OCT042245-45,0.9980,2.00,yes
2026-10-05T02:44:29.329564Z,KXXRP15M-26OCT042245-45,0.9980,2.00,yes
2026-10-05T02:44:29.416765Z,KXXRP15M-26OCT042245-45,0.9970,42.00,no
2026-10-05T02:44:29.416765Z,KXXRP15M-26OCT042245-45,0.9970,72.47,no
2026-10-05T02:44:29.416765Z,KXXRP15M-26OCT042245-45,0.9970,300.00,no
2026-10-05T02:44:29.536498Z,KXXRP15M-26OCT042245-45,0.9980,1.50,yes
2026-10-05T02:44:30.11665Z,KXXRP15M-26OCT042245-45,0.9980,28.50,yes
2026-10-05T02:44:30.11665Z,KXXRP15M-26OCT042245-45,0.9980,9.00,yes
2026-10-05T02:44:30.11665Z,KXXRP15M-26OCT042245-45,0.9980,44.50,yes
2026-10-05T02:44:30.11665Z,KXXRP15M-26OCT042245-45,0.9980,10.00,yes
2026-10-05T02:44:30.11665Z,KXXRP15M-26OCT042245-45,0.9980,8.00,yes
2026-10-05T02:44:30.143532Z,KXXRP15M-26OCT042245-45,0.9980,2.00,yes
2026-10-05T02:44:30.22311Z,KXXRP15M-26OCT042245-45,0.9980,8.00,yes
2026-10-05T02:44:30.22311Z,KXXRP15M-26OCT042245-45,0.9980,17.00,yes
2026-10-05T02:44:30.431486Z,KXXRP15M-26OCT042245-45,0.9980,17.00,yes
2026-10-05T02:44:30.431486Z,KXXRP15M-26OCT042245-45,0.9980,40.00,yes
2026-10-05T02:44:30.603103Z,KXXRP15M-26OCT042245-45,0.9980,10.00,yes
2026-10-05T02:44:30.603103Z,KXXRP15M-26OCT042245-45,0.9980,17.00,yes
2026-10-05T02:44:31.60508Z,KXXRP15M-26OCT042245-45,0.9990,10.75,yes
2026-10-05T02:44:32.581509Z,KXXRP15M-26OCT042245-45,0.9990,13.47,yes
2026-10-05T02:44:32.997035Z,KXXRP15M-26OCT042245-45,0.9990,55.05,yes
2026-10-05T02:44:35.125302Z,KXXRP15M-26OCT042245-45,0.9990,100.00,yes
2026-10-05T02:44:35.59961Z,KXXRP15M-26OCT042245-45,0.9980,40.00,no
2026-10-05T02:44:35.59961Z,KXXRP15M-26OCT042245-45,0.9970,5.00,no
2026-10-05T02:44:35.59961Z,KXXRP15M-26OCT042245-45,0.9980,80.00,no
2026-10-05T02:44:35.59961Z,KXXRP15M-26OCT042245-45,0.9980,64.00,no
2026-10-05T02:44:35.59961Z,KXXRP15M-26OCT042245-45,0.9980,206.00,no
2026-10-05T02:44:35.59961Z,KXXRP15M-26OCT042245-45,0.9960,33.00,no
2026-10-05T02:44:35.59961Z,KXXRP15M-26OCT042245-45,0.9950,17.00,no
2026-10-05T02:44:35.59961Z,KXXRP15M-26OCT042245-45,0.9950,871.72,no
2026-10-05T02:44:35.59961Z,KXXRP15M-26OCT042245-45,0.9950,219.87,no
2026-10-05T02:44:35.59961Z,KXXRP15M-26OCT042245-45,0.9950,574.00,no
2026-10-05T02:44:36.065531Z,KXXRP15M-26OCT042245-45,0.9980,1.00,no
2026-10-05T02:44:36.065531Z,KXXRP15M-26OCT042245-45,0.9980,22.52,no
2026-10-05T02:44:36.194119Z,KXXRP15M-26OCT042245-45,0.9980,34.04,no
2026-10-05T02:44:36.194119Z,KXXRP15M-26OCT042245-45,0.9980,164.48,no
2026-10-05T02:44:36.687799Z,KXXRP15M-26OCT042245-45,0.9990,0.38,yes
2026-10-05T02:44:36.827381Z,KXXRP15M-26OCT042245-45,0.9990,312.58,yes
2026-10-05T02:44:36.827381Z,KXXRP15M-26OCT042245-45,0.9990,131.82,yes
2026-10-05T02:44:36.942151Z,KXXRP15M-26OCT042245-45,0.9990,23.38,yes
2026-10-05T02:44:36.942151Z,KXXRP15M-26OCT042245-45,0.9990,187.42,yes
2026-10-05T02:44:36.985934Z,KXXRP15M-26OCT042245-45,0.9980,153.00,no
2026-10-05T02:44:36.985934Z,KXXRP15M-26OCT042245-45,0.9980,16.96,no
2026-10-05T02:44:36.985934Z,KXXRP15M-26OCT042245-45,0.9980,23.38,no
2026-10-05T02:44:37.004691Z,KXXRP15M-26OCT042245-45,0.9980,297.00,yes
2026-10-05T02:44:38.090591Z,KXXRP15M-26OCT042245-45,0.9990,34.00,yes
2026-10-05T02:44:38.090591Z,KXXRP15M-26OCT042245-45,0.9990,40.00,yes
2026-10-05T02:44:38.090591Z,KXXRP15M-26OCT042245-45,0.9990,500.00,yes
2026-10-05T02:44:38.090591Z,KXXRP15M-26OCT042245-45,0.9990,219.87,yes
2026-10-05T02:44:38.090591Z,KXXRP15M-26OCT042245-45,0.9990,9.51,yes
2026-10-05T02:44:38.090591Z,KXXRP15M-26OCT042245-45,0.9990,34.00,yes
2026-10-05T02:44:38.090591Z,KXXRP15M-26OCT042245-45,0.9990,5.00,yes
2026-10-05T02:44:38.090591Z,KXXRP15M-26OCT042245-45,0.9990,500.00,yes
2026-10-05T02:44:38.090591Z,KXXRP15M-26OCT042245-45,0.9990,476.62,yes
2026-10-05T02:44:38.090591Z,KXXRP15M-26OCT042245-45,0.9990,1.00,yes
2026-10-05T02:44:38.090591Z,KXXRP15M-26OCT042245-45,0.9990,1.00,yes
2026-10-05T02:44:38.090591Z,KXXRP15M-26OCT042245-45,0.9990,40.00,yes
2026-10-05T02:44:38.090591Z,KXXRP15M-26OCT042245-45,0.9990,1.00,yes
2026-10-05T02:44:42.000578Z,KXXRP15M-26OCT042245-45,0.9990,35.00,no
2026-10-05T02:44:42.066777Z,KXXRP15M-26OCT042245-45,0.9990,915.99,no
2026-10-05T02:44:42.120633Z,KXXRP15M-26OCT042245-45,0.9990,47.14,no
2026-10-05T02:44:43.431581Z,KXXRP15M-26OCT042245-45,0.9990,12.00,no
2026-10-05T02:44:43.431581Z,KXXRP15M-26OCT042245-45,0.9990,571.87,no
2026-10-05T02:44:43.431581Z,KXXRP15M-26OCT042245-45,0.9990,11.00,no
2026-10-05T02:44:46.29432Z,KXXRP15M-26OCT042245-45,0.9990,713.00,no
2026-10-05T02:44:46.29432Z,KXXRP15M-26OCT042245-45,0.9980,445.33,no
2026-10-05T02:44:46.29432Z,KXXRP15M-26OCT042245-45,0.9980,500.00,no
2026-10-05T02:44:50.837366Z,KXXRP15M-26OCT042245-45,0.9990,214.32,no
2026-10-05T02:44:53.938187Z,KXXRP15M-26OCT042245-45,0.9990,60.20,no
2026-10-05T02:44:58.982908Z,KXXRP15M-26OCT042245-45,0.9990,836.51,no
2026-10-05T02:44:58.982908Z,KXXRP15M-26OCT042245-45,0.9990,79.48,no
2026-10-05T02:43:30.198091Z,KXETH15M-26OCT042245-45,0.8300,22.36,yes
2026-10-05T02:43:30.248381Z,KXETH15M-26OCT042245-45,0.8300,3.64,yes
2026-10-05T02:43:30.248381Z,KXETH15M-26OCT042245-45,0.8300,26.96,yes
2026-10-05T02:43:30.281652Z,KXETH15M-26OCT042245-45,0.8300,15.88,yes
2026-10-05T02:43:30.516615Z,KXETH15M-26OCT042245-45,0.8200,16.26,no
2026-10-05T02:43:30.516615Z,KXETH15M-26OCT042245-45,0.8200,10.00,no
2026-10-05T02:43:30.693824Z,KXETH15M-26OCT042245-45,0.8200,2.62,no
2026-10-05T02:43:30.790456Z,KXETH15M-26OCT042245-45,0.8200,36.62,no
2026-10-05T02:43:30.790456Z,KXETH15M-26OCT042245-45,0.8200,22.38,no
2026-10-05T02:43:30.884872Z,KXETH15M-26OCT042245-45,0.8300,1.00,yes
2026-10-05T02:43:30.884872Z,KXETH15M-26OCT042245-45,0.8300,22.00,yes
2026-10-05T02:43:30.884872Z,KXETH15M-26OCT042245-45,0.8300,30.00,yes
2026-10-05T02:43:30.884872Z,KXETH15M-26OCT042245-45,0.8300,11.68,yes
2026-10-05T02:43:30.884872Z,KXETH15M-26OCT042245-45,0.8300,5.00,yes
2026-10-05T02:43:31.060251Z,KXETH15M-26OCT042245-45,0.8300,8.00,yes
2026-10-05T02:43:31.142654Z,KXETH15M-26OCT042245-45,0.8400,18.99,yes
2026-10-05T02:43:31.142654Z,KXETH15M-26OCT042245-45,0.8400,20.00,yes
2026-10-05T02:43:31.142654Z,KXETH15M-26OCT042245-45,0.8300,30.32,yes
2026-10-05T02:43:31.142654Z,KXETH15M-26OCT042245-45,0.8500,42.24,yes
2026-10-05T02:43:31.142654Z,KXETH15M-26OCT042245-45,0.8300,5.00,yes
2026-10-05T02:43:31.17617Z,KXETH15M-26OCT042245-45,0.8300,5.00,yes
2026-10-05T02:43:31.17617Z,KXETH15M-26OCT042245-45,0.8300,2.84,yes
2026-10-05T02:43:31.280702Z,KXETH15M-26OCT042245-45,0.8300,5.95,yes
2026-10-05T02:43:31.473903Z,KXETH15M-26OCT042245-45,0.8200,20.00,no
2026-10-05T02:43:31.474439Z,KXETH15M-26OCT042245-45,0.8200,20.00,no
2026-10-05T02:43:31.474633Z,KXETH15M-26OCT042245-45,0.8200,47.00,no
2026-10-05T02:43:31.474633Z,KXETH15M-26OCT042245-45,0.8100,229.62,no
2026-10-05T02:43:31.474633Z,KXETH15M-26OCT042245-45,0.8200,40.00,no
2026-10-05T02:43:31.474633Z,KXETH15M-26OCT042245-45,0.8200,10.00,no
2026-10-05T02:43:31.474633Z,KXETH15M-26OCT042245-45,0.8200,423.38,no
2026-10-05T02:43:31.481294Z,KXETH15M-26OCT042245-45,0.8100,112.88,no
2026-10-05T02:43:31.481294Z,KXETH15M-26OCT042245-45,0.8000,380.12,no
2026-10-05T02:43:31.4885Z,KXETH15M-26OCT042245-45,0.8100,171.00,no
2026-10-05T02:43:31.4885Z,KXETH15M-26OCT042245-45,0.8100,11.00,no
2026-10-05T02:43:31.4885Z,KXETH15M-26OCT042245-45,0.8200,10.00,no
2026-10-05T02:43:31.525313Z,KXETH15M-26OCT042245-45,0.8300,19.00,yes
2026-10-05T02:43:31.525313Z,KXETH15M-26OCT042245-45,0.8300,5.00,yes
2026-10-05T02:43:31.525313Z,KXETH15M-26OCT042245-45,0.8300,1.00,yes
2026-10-05T02:43:31.630999Z,KXETH15M-26OCT042245-45,0.8300,11.90,yes
2026-10-05T02:43:31.685855Z,KXETH15M-26OCT042245-45,0.8400,2.00,yes
2026-10-05T02:43:31.685855Z,KXETH15M-26OCT042245-45,0.8300,5.00,yes
2026-10-05T02:43:31.695079Z,KXETH15M-26OCT042245-45,0.8300,5.00,yes
2026-10-05T02:43:31.69642Z,KXETH15M-26OCT042245-45,0.8300,11.90,yes
2026-10-05T02:43:31.860325Z,KXETH15M-26OCT042245-45,0.8200,29.00,no
2026-10-05T02:43:32.138616Z,KXETH15M-26OCT042245-45,0.8300,56.90,no
2026-10-05T02:43:32.340831Z,KXETH15M-26OCT042245-45,0.8400,12.93,yes
2026-10-05T02:43:32.507099Z,KXETH15M-26OCT042245-45,0.8300,5.21,no
2026-10-05T02:43:32.61266Z,KXETH15M-26OCT042245-45,0.8500,6.73,yes
2026-10-05T02:43:32.681996Z,KXETH15M-26OCT042245-45,0.8300,10.50,no
2026-10-05T02:43:33.051748Z,KXETH15M-26OCT042245-45,0.8300,5.16,no
2026-10-05T02:43:33.078336Z,KXETH15M-26OCT042245-45,0.8400,50.00,yes
2026-10-05T02:43:33.078336Z,KXETH15M-26OCT042245-45,0.8500,1.54,yes
2026-10-05T02:43:33.364999Z,KXETH15M-26OCT042245-45,0.8400,50.00,yes
2026-10-05T02:43:33.364999Z,KXETH15M-26OCT042245-45,0.8700,228.80,yes
2026-10-05T02:43:33.364999Z,KXETH15M-26OCT042245-45,0.8500,5.00,yes
2026-10-05T02:43:33.364999Z,KXETH15M-26OCT042245-45,0.8600,20.00,yes
2026-10-05T02:43:33.364999Z,KXETH15M-26OCT042245-45,0.8700,9.00,yes
2026-10-05T02:43:33.364999Z,KXETH15M-26OCT042245-45,0.8600,9.00,yes
2026-10-05T02:43:33.500535Z,KXETH15M-26OCT042245-45,0.8300,18.59,no
2026-10-05T02:43:33.500535Z,KXETH15M-26OCT042245-45,0.8400,11.00,no
2026-10-05T02:43:33.500535Z,KXETH15M-26OCT042245-45,0.8400,6.00,no
2026-10-05T02:43:33.500535Z,KXETH15M-26OCT042245-45,0.8400,20.00,no
2026-10-05T02:43:33.50636Z,KXETH15M-26OCT042245-45,0.8400,5.55,no
2026-10-05T02:43:33.588895Z,KXETH15M-26OCT042245-45,0.8400,20.00,no
2026-10-05T02:43:33.588895Z,KXETH15M-26OCT042245-45,0.8400,1.00,no
2026-10-05T02:43:33.588895Z,KXETH15M-26OCT042245-45,0.8400,5.00,no
2026-10-05T02:43:33.588895Z,KXETH15M-26OCT042245-45,0.8400,5.45,no
2026-10-05T02:43:33.588895Z,KXETH15M-26OCT042245-45,0.8400,5.55,no
2026-10-05T02:43:33.588895Z,KXETH15M-26OCT042245-45,0.8300,63.00,no
2026-10-05T02:43:34.253472Z,KXETH15M-26OCT042245-45,0.8400,15.00,yes
2026-10-05T02:43:34.338151Z,KXETH15M-26OCT042245-45,0.8300,72.27,no
2026-10-05T02:43:34.422991Z,KXETH15M-26OCT042245-45,0.8400,29.43,yes
2026-10-05T02:43:34.515426Z,KXETH15M-26OCT042245-45,0.8400,5.57,yes
2026-10-05T02:43:34.515426Z,KXETH15M-26OCT042245-45,0.8500,2.24,yes
2026-10-05T02:43:34.573276Z,KXETH15M-26OCT042245-45,0.8400,11.64,yes
2026-10-05T02:43:34.781852Z,KXETH15M-26OCT042245-45,0.8300,25.00,no
2026-10-05T02:43:35.032169Z,KXETH15M-26OCT042245-45,0.8300,5.55,no
2026-10-05T02:43:35.742144Z,KXETH15M-26OCT042245-45,0.8500,50.00,yes
2026-10-05T02:43:35.742144Z,KXETH15M-26OCT042245-45,0.8500,5.00,yes
2026-10-05T02:43:36.045917Z,KXETH15M-26OCT042245-45,0.8800,9.00,yes
2026-10-05T02:43:36.045917Z,KXETH15M-26OCT042245-45,0.8800,5.00,yes
2026-10-05T02:43:36.045917Z,KXETH15M-26OCT042245-45,0.8800,9.00,yes
2026-10-05T02:43:36.045917Z,KXETH15M-26OCT042245-45,0.8800,50.00,yes
2026-10-05T02:43:36.045917Z,KXETH15M-26OCT042245-45,0.8800,9.00,yes
2026-10-05T02:43:36.045917Z,KXETH15M-26OCT042245-45,0.8800,20.00,yes
2026-10-05T02:43:36.045917Z,KXETH15M-26OCT042245-45,0.8800,10.71,yes
2026-10-05T02:43:36.149492Z,KXETH15M-26OCT042245-45,0.8500,20.00,no
2026-10-05T02:43:36.149492Z,KXETH15M-26OCT042245-45,0.8700,1.00,no
2026-10-05T02:43:36.153755Z,KXETH15M-26OCT042245-45,0.8400,9.00,no
2026-10-05T02:43:36.155954Z,KXETH15M-26OCT042245-45,0.8300,25.00,no
2026-10-05T02:43:36.155954Z,KXETH15M-26OCT042245-45,0.8300,5.00,no
2026-10-05T02:43:36.155954Z,KXETH15M-26OCT042245-45,0.8300,11.00,no
2026-10-05T02:43:36.157495Z,KXETH15M-26OCT042245-45,0.8200,6.10,no
2026-10-05T02:43:36.157495Z,KXETH15M-26OCT042245-45,0.8400,20.00,no
2026-10-05T02:43:36.157495Z,KXETH15M-26OCT042245-45,0.8200,6.10,no
2026-10-05T02:43:36.157495Z,KXETH15M-26OCT042245-45,0.8300,47.00,no
2026-10-05T02:43:36.158746Z,KXETH15M-26OCT042245-45,0.8100,6.17,no
2026-10-05T02:43:36.158746Z,KXETH15M-26OCT042245-45,0.8100,6.17,no
2026-10-05T02:43:36.158746Z,KXETH15M-26OCT042245-45,0.8100,50.00,no
2026-10-05T02:43:36.167815Z,KXETH15M-26OCT042245-45,0.8300,13.50,no
2026-10-05T02:43:36.168911Z,KXETH15M-26OCT042245-45,0.8200,25.00,no
2026-10-05T02:43:36.168911Z,KXETH15M-26OCT042245-45,0.8300,12.50,no
2026-10-05T02:43:36.179425Z,KXETH15M-26OCT042245-45,0.8300,11.00,no
2026-10-05T02:43:36.234466Z,KXETH15M-26OCT042245-45,0.8200,25.00,no
2026-10-05T02:43:36.234466Z,KXETH15M-26OCT042245-45,0.8200,0.85,no
2026-10-05T02:43:36.473695Z,KXETH15M-26OCT042245-45,0.7900,5.00,yes
2026-10-05T02:43:36.473695Z,KXETH15M-26OCT042245-45,0.8000,6.26,yes
2026-10-05T02:43:36.537621Z,KXETH15M-26OCT042245-45,0.7800,10.00,no
2026-10-05T02:43:36.538245Z,KXETH15M-26OCT042245-45,0.7900,1.00,yes
2026-10-05T02:43:37.218057Z,KXETH15M-26OCT042245-45,0.7900,6.23,yes
2026-10-05T02:43:37.227307Z,KXETH15M-26OCT042245-45,0.7900,42.77,yes
2026-10-05T02:43:37.227307Z,KXETH15M-26OCT042245-45,0.7900,5.00,yes
2026-10-05T02:43:37.235498Z,KXETH15M-26OCT042245-45,0.7900,9.00,no
2026-10-05T02:43:37.235498Z,KXETH15M-26OCT042245-45,0.7900,34.10,no
2026-10-05T02:43:37.257444Z,KXETH15M-26OCT042245-45,0.8000,30.00,no
2026-10-05T02:43:37.306899Z,KXETH15M-26OCT042245-45,0.8100,11.00,yes
2026-10-05T02:43:37.328696Z,KXETH15M-26OCT042245-45,0.8000,30.00,no
2026-10-05T02:43:37.331469Z,KXETH15M-26OCT042245-45,0.8000,33.00,no
2026-10-05T02:43:37.351812Z,KXETH15M-26OCT042245-45,0.8000,4.31,no
2026-10-05T02:43:37.364413Z,KXETH15M-26OCT042245-45,0.8100,6.10,yes
2026-10-05T02:43:37.465948Z,KXETH15M-26OCT042245-45,0.7900,0.64,no
2026-10-05T02:43:37.51238Z,KXETH15M-26OCT042245-45,0.7800,200.00,no
2026-10-05T02:43:37.51238Z,KXETH15M-26OCT042245-45,0.7800,279.57,no
2026-10-05T02:43:37.51238Z,KXETH15M-26OCT042245-45,0.7900,499.36,no
2026-10-05T02:43:37.51238Z,KXETH15M-26OCT042245-45,0.7900,10.00,no
2026-10-05T02:43:37.51238Z,KXETH15M-26OCT042245-45,0.7800,109.87,no
2026-10-05T02:43:37.547233Z,KXETH15M-26OCT042245-45,0.7900,5.00,no
2026-10-05T02:43:37.651569Z,KXETH15M-26OCT042245-45,0.8000,16.31,yes
2026-10-05T02:43:37.727235Z,KXETH15M-26OCT042245-45,0.8000,15.38,yes
2026-10-05T02:43:37.822033Z,KXETH15M-26OCT042245-45,0.8100,9.00,yes
2026-10-05T02:43:37.822033Z,KXETH15M-26OCT042245-45,0.7900,5.00,yes
2026-10-05T02:43:37.822033Z,KXETH15M-26OCT042245-45,0.8100,9.00,yes
2026-10-05T02:43:37.822033Z,KXETH15M-26OCT042245-45,0.8200,24.69,yes
2026-10-05T02:43:37.822033Z,KXETH15M-26OCT042245-45,0.7900,50.00,yes
2026-10-05T02:43:37.993777Z,KXETH15M-26OCT042245-45,0.7900,12.18,yes
2026-10-05T02:43:38.046573Z,KXETH15M-26OCT042245-45,0.7900,12.32,yes
2026-10-05T02:43:38.08941Z,KXETH15M-26OCT042245-45,0.7800,38.00,no
2026-10-05T02:43:38.254415Z,KXETH15M-26OCT042245-45,0.7900,1.23,yes
2026-10-05T02:43:38.354439Z,KXETH15M-26OCT042245-45,0.7900,12.58,yes
2026-10-05T02:43:38.391945Z,KXETH15M-26OCT042245-45,0.7900,5.00,yes
2026-10-05T02:43:38.391945Z,KXETH15M-26OCT042245-45,0.7900,11.69,yes
2026-10-05T02:43:38.391945Z,KXETH15M-26OCT042245-45,0.8100,20.00,yes
2026-10-05T02:43:38.391945Z,KXETH15M-26OCT042245-45,0.8200,13.42,yes
2026-10-05T02:43:38.468558Z,KXETH15M-26OCT042245-45,0.7800,21.00,no
2026-10-05T02:43:38.468558Z,KXETH15M-26OCT042245-45,0.7800,182.43,no
2026-10-05T02:43:38.468558Z,KXETH15M-26OCT042245-45,0.7800,10.00,no
2026-10-05T02:43:38.468558Z,KXETH15M-26OCT042245-45,0.7800,20.00,no
2026-10-05T02:43:38.707817Z,KXETH15M-26OCT042245-45,0.7900,0.42,yes
2026-10-05T02:43:38.707817Z,KXETH15M-26OCT042245-45,0.7900,50.00,yes
2026-10-05T02:43:38.707817Z,KXETH15M-26OCT042245-45,0.7900,5.00,yes
2026-10-05T02:43:38.759063Z,KXETH15M-26OCT042245-45,0.7800,1.29,no
2026-10-05T02:43:38.884554Z,KXETH15M-26OCT042245-45,0.7800,109.18,no
2026-10-05T02:43:38.902689Z,KXETH15M-26OCT042245-45,0.7800,9.00,no
2026-10-05T02:43:39.138527Z,KXETH15M-26OCT042245-45,0.7800,43.10,no
2026-10-05T02:43:39.160139Z,KXETH15M-26OCT042245-45,0.7900,25.00,yes
2026-10-05T02:43:39.239127Z,KXETH15M-26OCT042245-45,0.7800,22.00,no
2026-10-05T02:43:39.313075Z,KXETH15M-26OCT042245-45,0.7900,50.00,yes
2026-10-05T02:43:39.313075Z,KXETH15M-26OCT042245-45,0.7900,1.00,yes
2026-10-05T02:43:39.395316Z,KXETH15M-26OCT042245-45,0.7800,1.00,no
2026-10-05T02:43:39.40464Z,KXETH15M-26OCT042245-45,0.7800,43.00,no
2026-10-05T02:43:39.502897Z,KXETH15M-26OCT042245-45,0.7800,61.99,no
2026-10-05T02:43:39.868676Z,KXETH15M-26OCT042245-45,0.7800,4.31,no
2026-10-05T02:43:39.872096Z,KXETH15M-26OCT042245-45,0.7900,4.00,yes
2026-10-05T02:43:39.896268Z,KXETH15M-26OCT042245-45,0.7800,16.69,no
2026-10-05T02:43:39.896268Z,KXETH15M-26OCT042245-45,0.7800,5.00,no
2026-10-05T02:43:40.146772Z,KXETH15M-26OCT042245-45,0.7700,0.04,no
2026-10-05T02:43:40.154016Z,KXETH15M-26OCT042245-45,0.7800,5.00,yes
2026-10-05T02:43:40.154016Z,KXETH15M-26OCT042245-45,0.7800,432.48,yes
2026-10-05T02:43:40.211796Z,KXETH15M-26OCT042245-45,0.7500,20.00,no
2026-10-05T02:43:40.211796Z,KXETH15M-26OCT042245-45,0.7600,9.00,no
2026-10-05T02:43:40.211796Z,KXETH15M-26OCT042245-45,0.7600,1.00,no
2026-10-05T02:43:40.212201Z,KXETH15M-26OCT042245-45,0.7800,12.47,yes
2026-10-05T02:43:40.433353Z,KXETH15M-26OCT042245-45,0.7500,0.01,yes
2026-10-05T02:43:40.479331Z,KXETH15M-26OCT042245-45,0.7400,5.00,no
2026-10-05T02:43:40.492197Z,KXETH15M-26OCT042245-45,0.7400,9.00,no
2026-10-05T02:43:40.492197Z,KXETH15M-26OCT042245-45,0.7400,20.00,no
2026-10-05T02:43:40.492197Z,KXETH15M-26OCT042245-45,0.7300,13.00,no
2026-10-05T02:43:40.559402Z,KXETH15M-26OCT042245-45,0.7300,9.00,no
2026-10-05T02:43:40.614205Z,KXETH15M-26OCT042245-45,0.7200,2.61,no
2026-10-05T02:43:40.823373Z,KXETH15M-26OCT042245-45,0.7200,20.00,yes
2026-10-05T02:43:40.823373Z,KXETH15M-26OCT042245-45,0.7200,50.00,yes
2026-10-05T02:43:40.823373Z,KXETH15M-26OCT042245-45,0.7300,3.41,yes
2026-10-05T02:43:40.823373Z,KXETH15M-26OCT042245-45,0.7200,8.00,yes
2026-10-05T02:43:40.823373Z,KXETH15M-26OCT042245-45,0.7200,5.00,yes
2026-10-05T02:43:41.072828Z,KXETH15M-26OCT042245-45,0.7200,9.00,yes
2026-10-05T02:43:41.072828Z,KXETH15M-26OCT042245-45,0.7200,8.00,yes
2026-10-05T02:43:41.072828Z,KXETH15M-26OCT042245-45,0.7200,5.00,yes
2026-10-05T02:43:41.073878Z,KXETH15M-26OCT042245-45,0.7200,33.30,yes
2026-10-05T02:43:41.08211Z,KXETH15M-26OCT042245-45,0.7200,16.70,yes
2026-10-05T02:43:41.492786Z,KXETH15M-26OCT042245-45,0.7400,20.00,yes
2026-10-05T02:43:41.492786Z,KXETH15M-26OCT042245-45,0.7300,500.00,yes
2026-10-05T02:43:41.492786Z,KXETH15M-26OCT042245-45,0.7200,50.00,yes
2026-10-05T02:43:41.492786Z,KXETH15M-26OCT042245-45,0.7400,425.00,yes
2026-10-05T02:43:41.492786Z,KXETH15M-26OCT042245-45,0.7200,5.00,yes
2026-10-05T02:43:41.530086Z,KXETH15M-26OCT042245-45,0.7100,17.00,no
2026-10-05T02:43:41.530086Z,KXETH15M-26OCT042245-45,0.7100,16.00,no
2026-10-05T02:43:41.530086Z,KXETH15M-26OCT042245-45,0.7100,1.00,no
2026-10-05T02:43:42.145479Z,KXETH15M-26OCT042245-45,0.7000,9.00,no
2026-10-05T02:43:42.145479Z,KXETH15M-26OCT042245-45,0.7000,362.38,no
2026-10-05T02:43:42.145479Z,KXETH15M-26OCT042245-45,0.7000,17.00,no
2026-10-05T02:43:42.145479Z,KXETH15M-26OCT042245-45,0.7000,10.00,no
2026-10-05T02:43:42.146419Z,KXETH15M-26OCT042245-45,0.7100,5.00,yes
2026-10-05T02:43:42.146419Z,KXETH15M-26OCT042245-45,0.7100,5.80,yes
2026-10-05T02:43:42.161119Z,KXETH15M-26OCT042245-45,0.7000,9.00,no
2026-10-05T02:43:42.161119Z,KXETH15M-26OCT042245-45,0.6900,17.00,no
2026-10-05T02:43:42.161252Z,KXETH15M-26OCT042245-45,0.6800,20.00,no
2026-10-05T02:43:42.168876Z,KXETH15M-26OCT042245-45,0.6700,1.00,no
2026-10-05T02:43:42.170101Z,KXETH15M-26OCT042245-45,0.6700,1.00,no
2026-10-05T02:43:42.172754Z,KXETH15M-26OCT042245-45,0.6700,7.00,no
2026-10-05T02:43:42.185455Z,KXETH15M-26OCT042245-45,0.6600,9.00,no
2026-10-05T02:43:42.185455Z,KXETH15M-26OCT042245-45,0.6600,1.00,no
2026-10-05T02:43:42.224286Z,KXETH15M-26OCT042245-45,0.6600,7.00,no
2026-10-05T02:43:42.260135Z,KXETH15M-26OCT042245-45,0.6500,16.00,no
2026-10-05T02:43:42.260135Z,KXETH15M-26OCT042245-45,0.6500,100.00,no
2026-10-05T02:43:42.260773Z,KXETH15M-26OCT042245-45,0.6400,7.36,no
2026-10-05T02:43:42.423701Z,KXETH15M-26OCT042245-45,0.6300,5.00,yes
2026-10-05T02:43:42.423701Z,KXETH15M-26OCT042245-45,0.6300,50.00,yes
2026-10-05T02:43:42.637667Z,KXETH15M-26OCT042245-45,0.6700,4.00,yes
2026-10-05T02:43:42.764037Z,KXETH15M-26OCT042245-45,0.6600,10.00,no
2026-10-05T02:43:42.820954Z,KXETH15M-26OCT042245-45,0.6600,54.00,no
2026-10-05T02:43:43.02205Z,KXETH15M-26OCT042245-45,0.6600,11.00,yes
2026-10-05T02:43:43.02205Z,KXETH15M-26OCT042245-45,0.6600,5.00,yes
2026-10-05T02:43:43.221802Z,KXETH15M-26OCT042245-45,0.6500,321.80,no
2026-10-05T02:43:43.228209Z,KXETH15M-26OCT042245-45,0.6500,14.40,no
2026-10-05T02:43:43.271745Z,KXETH15M-26OCT042245-45,0.6500,19.00,no
2026-10-05T02:43:43.310025Z,KXETH15M-26OCT042245-45,0.6500,0.01,no
2026-10-05T02:43:43.50204Z,KXETH15M-26OCT042245-45,0.6500,56.08,no
2026-10-05T02:43:43.617252Z,KXETH15M-26OCT042245-45,0.6600,7.84,yes
2026-10-05T02:43:43.640492Z,KXETH15M-26OCT042245-45,0.6500,12.20,no
2026-10-05T02:43:43.652184Z,KXETH15M-26OCT042245-45,0.6500,0.01,no
2026-10-05T02:43:43.654841Z,KXETH15M-26OCT042245-45,0.6600,42.16,yes
2026-10-05T02:43:43.654841Z,KXETH15M-26OCT042245-45,0.6900,20.00,yes
2026-10-05T02:43:43.654841Z,KXETH15M-26OCT042245-45,0.7000,129.66,yes
2026-10-05T02:43:43.654841Z,KXETH15M-26OCT042245-45,0.6600,1.55,yes
2026-10-05T02:43:43.654841Z,KXETH15M-26OCT042245-45,0.6600,5.00,yes
2026-10-05T02:43:43.654841Z,KXETH15M-26OCT042245-45,0.6900,8.00,yes
2026-10-05T02:43:43.671526Z,KXETH15M-26OCT042245-45,0.6900,4.00,yes
2026-10-05T02:43:43.698717Z,KXETH15M-26OCT042245-45,0.6700,5.00,yes
2026-10-05T02:43:43.698717Z,KXETH15M-26OCT042245-45,0.6700,29.70,yes
2026-10-05T02:43:43.918593Z,KXETH15M-26OCT042245-45,0.6700,1.52,yes
2026-10-05T02:43:43.975349Z,KXETH15M-26OCT042245-45,0.6600,0.27,no
2026-10-05T02:43:43.997031Z,KXETH15M-26OCT042245-45,0.6600,0.01,no
2026-10-05T02:43:44.028931Z,KXETH15M-26OCT042245-45,0.6600,2.81,no
2026-10-05T02:43:44.106945Z,KXETH15M-26OCT042245-45,0.6400,38.65,no
2026-10-05T02:43:44.206944Z,KXETH15M-26OCT042245-45,0.6500,31.47,yes
2026-10-05T02:43:44.206944Z,KXETH15M-26OCT042245-45,0.6500,5.00,yes
2026-10-05T02:43:44.235303Z,KXETH15M-26OCT042245-45,0.6400,230.13,no
2026-10-05T02:43:44.292654Z,KXETH15M-26OCT042245-45,0.6400,3.34,yes
2026-10-05T02:43:44.364822Z,KXETH15M-26OCT042245-45,0.6400,50.00,yes
2026-10-05T02:43:44.364822Z,KXETH15M-26OCT042245-45,0.6400,5.00,yes
2026-10-05T02:43:44.383988Z,KXETH15M-26OCT042245-45,0.6600,1.24,yes
2026-10-05T02:43:44.629673Z,KXETH15M-26OCT042245-45,0.6500,50.00,yes
2026-10-05T02:43:44.629673Z,KXETH15M-26OCT042245-45,0.6500,1.00,yes
2026-10-05T02:43:44.629673Z,KXETH15M-26OCT042245-45,0.6500,5.00,yes
2026-10-05T02:43:44.685304Z,KXETH15M-26OCT042245-45,0.6500,0.01,no
2026-10-05T02:43:44.715302Z,KXETH15M-26OCT042245-45,0.6500,92.33,no
2026-10-05T02:43:44.796942Z,KXETH15M-26OCT042245-45,0.6400,130.00,no
2026-10-05T02:43:44.875415Z,KXETH15M-26OCT042245-45,0.6400,10.00,no
2026-10-05T02:43:44.885849Z,KXETH15M-26OCT042245-45,0.6500,5.00,yes
2026-10-05T02:43:44.885849Z,KXETH15M-26OCT042245-45,0.6500,28.03,yes
2026-10-05T02:43:44.941146Z,KXETH15M-26OCT042245-45,0.6700,11.16,yes
2026-10-05T02:43:44.941146Z,KXETH15M-26OCT042245-45,0.6800,20.00,yes
2026-10-05T02:43:44.941146Z,KXETH15M-26OCT042245-45,0.6500,5.00,yes
2026-10-05T02:43:44.941146Z,KXETH15M-26OCT042245-45,0.6900,154.87,yes
2026-10-05T02:43:44.941146Z,KXETH15M-26OCT042245-45,0.6800,8.00,yes
2026-10-05T02:43:44.941146Z,KXETH15M-26OCT042245-45,0.6500,50.00,yes
2026-10-05T02:43:45.008461Z,KXETH15M-26OCT042245-45,0.6800,2.16,yes
2026-10-05T02:43:45.008461Z,KXETH15M-26OCT042245-45,0.6700,5.00,yes
2026-10-05T02:43:45.01401Z,KXETH15M-26OCT042245-45,0.6800,1.77,yes
2026-10-05T02:43:45.123181Z,KXETH15M-26OCT042245-45,0.6500,7.00,no
2026-10-05T02:43:45.218807Z,KXETH15M-26OCT042245-45,0.6600,0.02,yes
2026-10-05T02:43:45.383071Z,KXETH15M-26OCT042245-45,0.6500,9.00,no
2026-10-05T02:43:45.404728Z,KXETH15M-26OCT042245-45,0.6300,77.00,no
2026-10-05T02:43:45.586831Z,KXETH15M-26OCT042245-45,0.6100,0.01,no
2026-10-05T02:43:45.704015Z,KXETH15M-26OCT042245-45,0.6100,0.01,no
2026-10-05T02:43:45.704015Z,KXETH15M-26OCT042245-45,0.6100,9.00,no
2026-10-05T02:43:45.704015Z,KXETH15M-26OCT042245-45,0.6100,0.99,no
2026-10-05T02:43:45.881285Z,KXETH15M-26OCT042245-45,0.6200,2.88,yes
2026-10-05T02:43:46.053759Z,KXETH15M-26OCT042245-45,0.6200,39.27,yes
2026-10-05T02:43:46.086024Z,KXETH15M-26OCT042245-45,0.6200,0.01,yes
2026-10-05T02:43:46.121943Z,KXETH15M-26OCT042245-45,0.6100,10.00,no
2026-10-05T02:43:46.285376Z,KXETH15M-26OCT042245-45,0.6200,0.01,yes
2026-10-05T02:43:46.285376Z,KXETH15M-26OCT042245-45,0.6400,19.27,yes
2026-10-05T02:43:46.285376Z,KXETH15M-26OCT042245-45,0.6300,8.00,yes
2026-10-05T02:43:46.285376Z,KXETH15M-26OCT042245-45,0.6200,5.00,yes
2026-10-05T02:43:46.285376Z,KXETH15M-26OCT042245-45,0.6400,9.00,yes
2026-10-05T02:43:46.285376Z,KXETH15M-26OCT042245-45,0.6200,10.72,yes
2026-10-05T02:43:46.285376Z,KXETH15M-26OCT042245-45,0.6300,20.00,yes
2026-10-05T02:43:46.285376Z,KXETH15M-26OCT042245-45,0.6300,28.00,yes
2026-10-05T02:43:46.389949Z,KXETH15M-26OCT042245-45,0.6200,31.13,yes
2026-10-05T02:43:46.389949Z,KXETH15M-26OCT042245-45,0.6200,5.00,yes
2026-10-05T02:43:46.42592Z,KXETH15M-26OCT042245-45,0.6100,5.00,no
2026-10-05T02:43:46.42592Z,KXETH15M-26OCT042245-45,0.6100,5.00,no
2026-10-05T02:43:46.42592Z,KXETH15M-26OCT042245-45,0.6100,5.00,no
2026-10-05T02:43:46.430539Z,KXETH15M-26OCT042245-45,0.6200,1.00,yes
2026-10-05T02:43:46.430539Z,KXETH15M-26OCT042245-45,0.6200,15.00,yes
2026-10-05T02:43:46.430539Z,KXETH15M-26OCT042245-45,0.6200,5.00,yes
2026-10-05T02:43:46.490673Z,KXETH15M-26OCT042245-45,0.6200,3.14,yes
2026-10-05T02:43:46.506975Z,KXETH15M-26OCT042245-45,0.6200,7.00,yes
2026-10-05T02:43:46.506975Z,KXETH15M-26OCT042245-45,0.6400,500.00,yes
2026-10-05T02:43:46.506975Z,KXETH15M-26OCT042245-45,0.6500,500.00,yes
2026-10-05T02:43:46.506975Z,KXETH15M-26OCT042245-45,0.6400,34.00,yes
2026-10-05T02:43:46.506975Z,KXETH15M-26OCT042245-45,0.6200,31.86,yes
2026-10-05T02:43:46.506975Z,KXETH15M-26OCT042245-45,0.6200,8.00,yes
2026-10-05T02:43:46.506975Z,KXETH15M-26OCT042245-45,0.6200,20.00,yes
2026-10-05T02:43:46.506975Z,KXETH15M-26OCT042245-45,0.6200,5.00,yes
2026-10-05T02:43:46.506975Z,KXETH15M-26OCT042245-45,0.6300,500.00,yes
2026-10-05T02:43:46.506975Z,KXETH15M-26OCT042245-45,0.6600,500.00,yes
2026-10-05T02:43:46.506975Z,KXETH15M-26OCT042245-45,0.6900,50.00,yes
2026-10-05T02:43:46.506975Z,KXETH15M-26OCT042245-45,0.6800,1.00,yes
2026-10-05T02:43:46.506975Z,KXETH15M-26OCT042245-45,0.6700,1.00,yes
2026-10-05T02:43:46.506975Z,KXETH15M-26OCT042245-45,0.6500,35.00,yes
2026-10-05T02:43:46.506975Z,KXETH15M-26OCT042245-45,0.6700,500.00,yes
2026-10-05T02:43:46.506975Z,KXETH15M-26OCT042245-45,0.6900,345.13,yes
2026-10-05T02:43:46.506975Z,KXETH15M-26OCT042245-45,0.6800,496.07,yes
2026-10-05T02:43:46.593359Z,KXETH15M-26OCT042245-45,0.6500,32.66,yes
2026-10-05T02:43:46.593359Z,KXETH15M-26OCT042245-45,0.6200,5.00,yes
2026-10-05T02:43:46.593359Z,KXETH15M-26OCT042245-45,0.6200,50.00,yes
2026-10-05T02:43:46.593359Z,KXETH15M-26OCT042245-45,0.6300,7.00,yes
2026-10-05T02:43:46.833527Z,KXETH15M-26OCT042245-45,0.6200,10.00,no
2026-10-05T02:43:46.883664Z,KXETH15M-26OCT042245-45,0.6300,5.00,yes
2026-10-05T02:43:46.883664Z,KXETH15M-26OCT042245-45,0.6300,50.00,yes
2026-10-05T02:43:46.910067Z,KXETH15M-26OCT042245-45,0.6500,100.00,no
2026-10-05T02:43:46.984709Z,KXETH15M-26OCT042245-45,0.6500,85.23,no
2026-10-05T02:43:47.038176Z,KXETH15M-26OCT042245-45,0.6400,9.00,no
2026-10-05T02:43:47.068802Z,KXETH15M-26OCT042245-45,0.6200,10.00,no
2026-10-05T02:43:47.24513Z,KXETH15M-26OCT042245-45,0.6100,111.00,no
2026-10-05T02:43:47.278705Z,KXETH15M-26OCT042245-45,0.6100,10.00,no
2026-10-05T02:43:47.429964Z,KXETH15M-26OCT042245-45,0.6100,9.04,no
2026-10-05T02:43:47.509012Z,KXETH15M-26OCT042245-45,0.6100,2.45,no
2026-10-05T02:43:47.5946Z,KXETH15M-26OCT042245-45,0.6100,4.91,no
2026-10-05T02:43:47.619234Z,KXETH15M-26OCT042245-45,0.6200,50.00,yes
2026-10-05T02:43:47.619234Z,KXETH15M-26OCT042245-45,0.6200,5.00,yes
2026-10-05T02:43:47.687863Z,KXETH15M-26OCT042245-45,0.6600,300.00,yes
2026-10-05T02:43:47.687863Z,KXETH15M-26OCT042245-45,0.6500,5.00,yes
2026-10-05T02:43:47.770886Z,KXETH15M-26OCT042245-45,0.6700,26.31,no
2026-10-05T02:43:47.906576Z,KXETH15M-26OCT042245-45,0.6600,121.00,no
2026-10-05T02:43:47.920008Z,KXETH15M-26OCT042245-45,0.6700,5.00,yes
2026-10-05T02:43:47.920008Z,KXETH15M-26OCT042245-45,0.6700,50.00,yes
2026-10-05T02:43:47.921471Z,KXETH15M-26OCT042245-45,0.6800,20.00,yes
2026-10-05T02:43:47.921471Z,KXETH15M-26OCT042245-45,0.6800,9.00,yes
2026-10-05T02:43:47.924148Z,KXETH15M-26OCT042245-45,0.7000,8.00,yes
2026-10-05T02:43:47.924148Z,KXETH15M-26OCT042245-45,0.6700,5.00,yes
2026-10-05T02:43:47.929879Z,KXETH15M-26OCT042245-45,0.7200,22.00,yes
2026-10-05T02:43:47.934292Z,KXETH15M-26OCT042245-45,0.7200,8.00,yes
2026-10-05T02:43:47.934292Z,KXETH15M-26OCT042245-45,0.7400,20.00,yes
2026-10-05T02:43:47.934292Z,KXETH15M-26OCT042245-45,0.7400,9.00,yes
2026-10-05T02:43:48.046245Z,KXETH15M-26OCT042245-45,0.8000,190.34,no
2026-10-05T02:43:48.046245Z,KXETH15M-26OCT042245-45,0.8100,11.00,no
2026-10-05T02:43:48.072307Z,KXETH15M-26OCT042245-45,0.8000,309.66,no
2026-10-05T02:43:48.072307Z,KXETH15M-26OCT042245-45,0.8000,10.00,no
2026-10-05T02:43:48.371994Z,KXETH15M-26OCT042245-45,0.8100,36.56,no
2026-10-05T02:43:48.402116Z,KXETH15M-26OCT042245-45,0.8200,2.00,yes
2026-10-05T02:43:48.402116Z,KXETH15M-26OCT042245-45,0.8200,50.00,yes
2026-10-05T02:43:48.670312Z,KXETH15M-26OCT042245-45,0.8500,69.00,no
2026-10-05T02:43:48.670312Z,KXETH15M-26OCT042245-45,0.8400,54.25,no
2026-10-05T02:43:48.670312Z,KXETH15M-26OCT042245-45,0.8500,22.00,no
2026-10-05T02:43:48.670312Z,KXETH15M-26OCT042245-45,0.8500,11.00,no
2026-10-05T02:43:48.77495Z,KXETH15M-26OCT042245-45,0.8400,10.00,no
2026-10-05T02:43:48.796657Z,KXETH15M-26OCT042245-45,0.8400,1.00,no
2026-10-05T02:43:48.817854Z,KXETH15M-26OCT042245-45,0.8400,47.34,no
2026-10-05T02:43:48.94592Z,KXETH15M-26OCT042245-45,0.8500,11.00,no
2026-10-05T02:43:48.94592Z,KXETH15M-26OCT042245-45,0.8500,1.00,no
2026-10-05T02:43:48.94592Z,KXETH15M-26OCT042245-45,0.8500,500.00,no
2026-10-05T02:43:48.94592Z,KXETH15M-26OCT042245-45,0.8500,55.00,no
2026-10-05T02:43:48.982456Z,KXETH15M-26OCT042245-45,0.8600,5.00,no
2026-10-05T02:43:49.186714Z,KXETH15M-26OCT042245-45,0.8500,2.00,no
2026-10-05T02:43:49.279729Z,KXETH15M-26OCT042245-45,0.8500,20.00,no
2026-10-05T02:43:49.310506Z,KXETH15M-26OCT042245-45,0.8500,12.58,no
2026-10-05T02:43:49.581994Z,KXETH15M-26OCT042245-45,0.8600,15.00,yes
2026-10-05T02:43:49.581994Z,KXETH15M-26OCT042245-45,0.8700,7.56,yes
2026-10-05T02:43:49.700829Z,KXETH15M-26OCT042245-45,0.8600,5.75,yes
2026-10-05T02:43:49.702316Z,KXETH15M-26OCT042245-45,0.8600,1.91,yes
2026-10-05T02:43:49.731998Z,KXETH15M-26OCT042245-45,0.8500,125.84,no
2026-10-05T02:43:49.768689Z,KXETH15M-26OCT042245-45,0.8600,5.95,yes
2026-10-05T02:43:49.819854Z,KXETH15M-26OCT042245-45,0.8600,1.13,yes
2026-10-05T02:43:49.947783Z,KXETH15M-26OCT042245-45,0.8500,1.00,no
2026-10-05T02:43:50.030335Z,KXETH15M-26OCT042245-45,0.8600,1.39,yes
2026-10-05T02:43:50.030335Z,KXETH15M-26OCT042245-45,0.8600,0.26,yes
2026-10-05T02:43:50.079809Z,KXETH15M-26OCT042245-45,0.8500,1.00,no
2026-10-05T02:43:50.079809Z,KXETH15M-26OCT042245-45,0.8500,28.00,no
2026-10-05T02:43:50.079809Z,KXETH15M-26OCT042245-45,0.8500,10.00,no
2026-10-05T02:43:50.15647Z,KXETH15M-26OCT042245-45,0.8500,6.29,no
2026-10-05T02:43:50.23879Z,KXETH15M-26OCT042245-45,0.8500,9.00,no
2026-10-05T02:43:50.23879Z,KXETH15M-26OCT042245-45,0.8500,9.00,no
2026-10-05T02:43:50.23879Z,KXETH15M-26OCT042245-45,0.8400,59.00,no
2026-10-05T02:43:50.23879Z,KXETH15M-26OCT042245-45,0.8300,0.92,no
2026-10-05T02:43:50.373919Z,KXETH15M-26OCT042245-45,0.8500,5.45,no
2026-10-05T02:43:50.545956Z,KXETH15M-26OCT042245-45,0.8400,6.38,no
2026-10-05T02:43:50.545956Z,KXETH15M-26OCT042245-45,0.8400,9.00,no
2026-10-05T02:43:50.61295Z,KXETH15M-26OCT042245-45,0.8500,1.74,yes
2026-10-05T02:43:50.763989Z,KXETH15M-26OCT042245-45,0.8600,0.01,yes
2026-10-05T02:43:50.763989Z,KXETH15M-26OCT042245-45,0.8700,4.99,yes
2026-10-05T02:43:50.802665Z,KXETH15M-26OCT042245-45,0.8700,11.00,no
2026-10-05T02:43:50.883186Z,KXETH15M-26OCT042245-45,0.8800,4.47,yes
2026-10-05T02:43:50.911705Z,KXETH15M-26OCT042245-45,0.8600,31.00,no
2026-10-05T02:43:50.911705Z,KXETH15M-26OCT042245-45,0.8700,50.00,no
2026-10-05T02:43:50.911705Z,KXETH15M-26OCT042245-45,0.8700,22.00,no
2026-10-05T02:43:51.360605Z,KXETH15M-26OCT042245-45,0.8600,9.00,yes
2026-10-05T02:43:51.360605Z,KXETH15M-26OCT042245-45,0.8700,11.00,yes
2026-10-05T02:43:51.475972Z,KXETH15M-26OCT042245-45,0.8500,9.00,no
2026-10-05T02:43:51.475972Z,KXETH15M-26OCT042245-45,0.8600,31.00,no
2026-10-05T02:43:51.475972Z,KXETH15M-26OCT042245-45,0.8500,110.06,no
2026-10-05T02:43:51.475972Z,KXETH15M-26OCT042245-45,0.8500,29.00,no
2026-10-05T02:43:51.475972Z,KXETH15M-26OCT042245-45,0.8500,20.00,no
2026-10-05T02:43:51.533571Z,KXETH15M-26OCT042245-45,0.8600,2.45,no
2026-10-05T02:43:51.766201Z,KXETH15M-26OCT042245-45,0.8700,1.23,no
2026-10-05T02:43:51.929884Z,KXETH15M-26OCT042245-45,0.8800,16.90,yes
2026-10-05T02:43:51.936491Z,KXETH15M-26OCT042245-45,0.8800,1.12,yes
2026-10-05T02:43:51.960187Z,KXETH15M-26OCT042245-45,0.8800,254.87,yes
2026-10-05T02:43:51.960187Z,KXETH15M-26OCT042245-45,0.8800,9.00,yes
2026-10-05T02:43:51.960187Z,KXETH15M-26OCT042245-45,0.8900,9.00,yes
2026-10-05T02:43:51.960187Z,KXETH15M-26OCT042245-45,0.9030,476.13,yes
2026-10-05T02:43:51.960187Z,KXETH15M-26OCT042245-45,0.9000,1.00,yes
2026-10-05T02:43:51.967879Z,KXETH15M-26OCT042245-45,0.9080,50.00,yes
2026-10-05T02:43:51.967879Z,KXETH15M-26OCT042245-45,0.9020,5.00,yes
2026-10-05T02:43:51.973892Z,KXETH15M-26OCT042245-45,0.9130,13.00,yes
2026-10-05T02:43:51.973892Z,KXETH15M-26OCT042245-45,0.9020,1.00,yes
2026-10-05T02:43:51.990362Z,KXETH15M-26OCT042245-45,0.8900,4.00,no
2026-10-05T02:43:52.117075Z,KXETH15M-26OCT042245-45,0.9000,1.00,no
2026-10-05T02:43:52.142943Z,KXETH15M-26OCT042245-45,0.9120,1.00,yes
2026-10-05T02:43:52.142943Z,KXETH15M-26OCT042245-45,0.9150,6.00,yes
2026-10-05T02:43:52.142943Z,KXETH15M-26OCT042245-45,0.9100,9.00,yes
2026-10-05T02:43:52.142943Z,KXETH15M-26OCT042245-45,0.9160,10.73,yes
2026-10-05T02:43:52.791707Z,KXETH15M-26OCT042245-45,0.9040,12.00,yes
2026-10-05T02:43:52.841533Z,KXETH15M-26OCT042245-45,0.9030,1.00,no
2026-10-05T02:43:52.841533Z,KXETH15M-26OCT042245-45,0.9010,11.47,no
2026-10-05T02:43:52.850631Z,KXETH15M-26OCT042245-45,0.9030,9.87,yes
2026-10-05T02:43:52.909487Z,KXETH15M-26OCT042245-45,0.9030,6.00,yes
2026-10-05T02:43:52.909487Z,KXETH15M-26OCT042245-45,0.9050,9.00,yes
2026-10-05T02:43:52.909487Z,KXETH15M-26OCT042245-45,0.9040,29.00,yes
2026-10-05T02:43:52.909487Z,KXETH15M-26OCT042245-45,0.9030,31.13,yes
2026-10-05T02:43:52.909487Z,KXETH15M-26OCT042245-45,0.9060,48.91,yes
2026-10-05T02:43:53.143042Z,KXETH15M-26OCT042245-45,0.8900,20.00,no
2026-10-05T02:43:53.143042Z,KXETH15M-26OCT042245-45,0.8900,0.06,no
2026-10-05T02:43:53.143042Z,KXETH15M-26OCT042245-45,0.9020,1.00,no
2026-10-05T02:43:53.143042Z,KXETH15M-26OCT042245-45,0.9010,1.00,no
2026-10-05T02:43:53.149925Z,KXETH15M-26OCT042245-45,0.9030,1.07,yes
2026-10-05T02:43:53.452995Z,KXETH15M-26OCT042245-45,0.8800,19.06,no
2026-10-05T02:43:53.452995Z,KXETH15M-26OCT042245-45,0.8900,9.00,no
2026-10-05T02:43:53.452995Z,KXETH15M-26OCT042245-45,0.8900,1.00,no
2026-10-05T02:43:53.452995Z,KXETH15M-26OCT042245-45,0.8900,16.45,no
2026-10-05T02:43:53.452995Z,KXETH15M-26OCT042245-45,0.8900,38.00,no
2026-10-05T02:43:53.452995Z,KXETH15M-26OCT042245-45,0.8800,35.00,no
2026-10-05T02:43:53.452995Z,KXETH15M-26OCT042245-45,0.8900,21.00,no
2026-10-05T02:43:53.452995Z,KXETH15M-26OCT042245-45,0.8900,10.00,no
2026-10-05T02:43:53.452995Z,KXETH15M-26OCT042245-45,0.8900,11.94,no
2026-10-05T02:43:53.452995Z,KXETH15M-26OCT042245-45,0.8800,22.00,no
2026-10-05T02:43:53.498894Z,KXETH15M-26OCT042245-45,0.9000,2.00,yes
2026-10-05T02:43:53.514723Z,KXETH15M-26OCT042245-45,0.8900,0.08,no
2026-10-05T02:43:53.518178Z,KXETH15M-26OCT042245-45,0.8900,3.00,no
2026-10-05T02:43:53.519011Z,KXETH15M-26OCT042245-45,0.9000,0.10,yes
2026-10-05T02:43:53.769794Z,KXETH15M-26OCT042245-45,0.9000,13.90,yes
2026-10-05T02:43:53.769794Z,KXETH15M-26OCT042245-45,0.9000,28.00,yes
2026-10-05T02:43:53.769794Z,KXETH15M-26OCT042245-45,0.9000,18.76,yes
2026-10-05T02:43:53.974367Z,KXETH15M-26OCT042245-45,0.9010,41.00,yes
2026-10-05T02:43:53.974367Z,KXETH15M-26OCT042245-45,0.9150,15.00,yes
2026-10-05T02:43:53.974367Z,KXETH15M-26OCT042245-45,0.9000,22.24,yes
2026-10-05T02:43:53.974367Z,KXETH15M-26OCT042245-45,0.9130,6.00,yes
2026-10-05T02:43:53.974367Z,KXETH15M-26OCT042245-45,0.9160,21.68,yes
2026-10-05T02:43:54.010517Z,KXETH15M-26OCT042245-45,0.9000,1.00,no
2026-10-05T02:43:54.010517Z,KXETH15M-26OCT042245-45,0.8900,38.00,no
2026-10-05T02:43:54.010517Z,KXETH15M-26OCT042245-45,0.8800,12.22,no
2026-10-05T02:43:54.010517Z,KXETH15M-26OCT042245-45,0.8800,20.00,no
2026-10-05T02:43:54.010517Z,KXETH15M-26OCT042245-45,0.8900,10.00,no
2026-10-05T02:43:54.068146Z,KXETH15M-26OCT042245-45,0.9020,41.00,yes
2026-10-05T02:43:54.068146Z,KXETH15M-26OCT042245-45,0.9010,41.00,yes
2026-10-05T02:43:54.132341Z,KXETH15M-26OCT042245-45,0.9090,5.39,yes
2026-10-05T02:43:54.186803Z,KXETH15M-26OCT042245-45,0.9060,22.00,yes
2026-10-05T02:43:54.186803Z,KXETH15M-26OCT042245-45,0.9060,20.00,yes
2026-10-05T02:43:54.186803Z,KXETH15M-26OCT042245-45,0.9070,20.00,yes
2026-10-05T02:43:54.186803Z,KXETH15M-26OCT042245-45,0.9070,6.00,yes
2026-10-05T02:43:54.186803Z,KXETH15M-26OCT042245-45,0.9080,30.67,yes
2026-10-05T02:43:54.226047Z,KXETH15M-26OCT042245-45,0.9050,4.00,yes
2026-10-05T02:43:54.234574Z,KXETH15M-26OCT042245-45,0.9140,6.00,yes
2026-10-05T02:43:54.234574Z,KXETH15M-26OCT042245-45,0.9050,16.00,yes
2026-10-05T02:43:54.234574Z,KXETH15M-26OCT042245-45,0.9060,20.00,yes
2026-10-05T02:43:54.234574Z,KXETH15M-26OCT042245-45,0.9150,6.00,yes
2026-10-05T02:43:54.234574Z,KXETH15M-26OCT042245-45,0.9150,9.00,yes
2026-10-05T02:43:54.234574Z,KXETH15M-26OCT042245-45,0.9160,369.83,yes
2026-10-05T02:43:54.308327Z,KXETH15M-26OCT042245-45,0.9050,8.55,no
2026-10-05T02:43:54.338091Z,KXETH15M-26OCT042245-45,0.9060,1.07,yes
2026-10-05T02:43:54.343988Z,KXETH15M-26OCT042245-45,0.9050,1.00,no
2026-10-05T02:43:54.448438Z,KXETH15M-26OCT042245-45,0.9000,1.00,no
2026-10-05T02:43:54.448438Z,KXETH15M-26OCT042245-45,0.9040,1.00,no
2026-10-05T02:43:54.448438Z,KXETH15M-26OCT042245-45,0.9040,38.00,no
2026-10-05T02:43:54.448438Z,KXETH15M-26OCT042245-45,0.9030,38.00,no
2026-10-05T02:43:54.448438Z,KXETH15M-26OCT042245-45,0.9050,1.00,no
2026-10-05T02:43:54.448438Z,KXETH15M-26OCT042245-45,0.8900,18.22,no
2026-10-05T02:43:54.448438Z,KXETH15M-26OCT042245-45,0.9050,24.45,no
2026-10-05T02:43:54.448438Z,KXETH15M-26OCT042245-45,0.9000,9.00,no
2026-10-05T02:43:54.474142Z,KXETH15M-26OCT042245-45,0.9050,25.00,yes
2026-10-05T02:43:54.474142Z,KXETH15M-26OCT042245-45,0.9230,49.00,yes
2026-10-05T02:43:54.474142Z,KXETH15M-26OCT042245-45,0.9150,6.00,yes
2026-10-05T02:43:54.474142Z,KXETH15M-26OCT042245-45,0.9250,7.00,yes
2026-10-05T02:43:54.474142Z,KXETH15M-26OCT042245-45,0.9200,9.00,yes
2026-10-05T02:43:54.474142Z,KXETH15M-26OCT042245-45,0.9000,46.00,yes
2026-10-05T02:43:54.474142Z,KXETH15M-26OCT042245-45,0.9120,17.00,yes
2026-10-05T02:43:54.474142Z,KXETH15M-26OCT042245-45,0.9060,18.93,yes
2026-10-05T02:43:54.474142Z,KXETH15M-26OCT042245-45,0.9160,97.76,yes
2026-10-05T02:43:54.474142Z,KXETH15M-26OCT042245-45,0.9260,141.51,yes
2026-10-05T02:43:54.503469Z,KXETH15M-26OCT042245-45,0.9150,17.00,yes
2026-10-05T02:43:54.515172Z,KXETH15M-26OCT042245-45,0.9150,1.00,yes
2026-10-05T02:43:54.524284Z,KXETH15M-26OCT042245-45,0.9150,1.00,yes
2026-10-05T02:43:54.533776Z,KXETH15M-26OCT042245-45,0.9150,1.00,yes
2026-10-05T02:43:54.592742Z,KXETH15M-26OCT042245-45,0.9260,167.11,yes
2026-10-05T02:43:54.601881Z,KXETH15M-26OCT042245-45,0.9250,20.00,yes
2026-10-05T02:43:54.601881Z,KXETH15M-26OCT042245-45,0.9250,9.00,yes
2026-10-05T02:43:54.601881Z,KXETH15M-26OCT042245-45,0.9250,5.92,yes
2026-10-05T02:43:54.732252Z,KXETH15M-26OCT042245-45,0.9290,6.00,yes
2026-10-05T02:43:54.732252Z,KXETH15M-26OCT042245-45,0.9300,9.00,yes
2026-10-05T02:43:54.732252Z,KXETH15M-26OCT042245-45,0.9300,9.00,yes
2026-10-05T02:43:54.732252Z,KXETH15M-26OCT042245-45,0.9300,11.90,yes
2026-10-05T02:43:54.732252Z,KXETH15M-26OCT042245-45,0.9300,11.90,yes
2026-10-05T02:43:54.732252Z,KXETH15M-26OCT042245-45,0.9300,1.18,yes
2026-10-05T02:43:54.737198Z,KXETH15M-26OCT042245-45,0.9300,1.01,yes
2026-10-05T02:43:54.738065Z,KXETH15M-26OCT042245-45,0.9400,8.00,yes
2026-10-05T02:43:54.738065Z,KXETH15M-26OCT042245-45,0.9410,5.00,yes
2026-10-05T02:43:54.867114Z,KXETH15M-26OCT042245-45,0.9500,0.83,yes
2026-10-05T02:43:55.019356Z,KXETH15M-26OCT042245-45,0.9230,1.00,no
2026-10-05T02:43:55.019356Z,KXETH15M-26OCT042245-45,0.9190,8.00,no
2026-10-05T02:43:55.019356Z,KXETH15M-26OCT042245-45,0.9240,1.00,no
2026-10-05T02:43:55.019356Z,KXETH15M-26OCT042245-45,0.9240,1.00,no
2026-10-05T02:43:55.019356Z,KXETH15M-26OCT042245-45,0.9180,8.79,no
2026-10-05T02:43:55.124332Z,KXETH15M-26OCT042245-45,0.9160,1.00,no
2026-10-05T02:43:55.124332Z,KXETH15M-26OCT042245-45,0.9210,5.00,no
2026-10-05T02:43:55.124332Z,KXETH15M-26OCT042245-45,0.9150,9.00,no
2026-10-05T02:43:55.124332Z,KXETH15M-26OCT042245-45,0.9250,1.00,no
2026-10-05T02:43:55.124332Z,KXETH15M-26OCT042245-45,0.9190,1.00,no
2026-10-05T02:43:55.124332Z,KXETH15M-26OCT042245-45,0.9250,1.00,no
2026-10-05T02:43:55.124332Z,KXETH15M-26OCT042245-45,0.9260,142.00,no
2026-10-05T02:43:55.124332Z,KXETH15M-26OCT042245-45,0.9150,9.00,no
2026-10-05T02:43:55.129852Z,KXETH15M-26OCT042245-45,0.9260,1.00,no
2026-10-05T02:43:55.129852Z,KXETH15M-26OCT042245-45,0.9270,41.00,no
2026-10-05T02:43:55.158288Z,KXETH15M-26OCT042245-45,0.9100,1.00,no
2026-10-05T02:43:55.158288Z,KXETH15M-26OCT042245-45,0.9060,1.00,no
2026-10-05T02:43:55.158288Z,KXETH15M-26OCT042245-45,0.9060,9.18,no
2026-10-05T02:43:55.218088Z,KXETH15M-26OCT042245-45,0.9140,20.21,yes
2026-10-05T02:43:55.251576Z,KXETH15M-26OCT042245-45,0.9060,4.95,no
2026-10-05T02:43:55.251576Z,KXETH15M-26OCT042245-45,0.9070,1.00,no
2026-10-05T02:43:55.268983Z,KXETH15M-26OCT042245-45,0.9030,1.00,no
2026-10-05T02:43:55.268983Z,KXETH15M-26OCT042245-45,0.9050,9.00,no
2026-10-05T02:43:55.268983Z,KXETH15M-26OCT042245-45,0.9060,26.87,no
2026-10-05T02:43:55.321166Z,KXETH15M-26OCT042245-45,0.9140,479.79,yes
2026-10-05T02:43:55.321166Z,KXETH15M-26OCT042245-45,0.9120,6.00,yes
2026-10-05T02:43:55.321166Z,KXETH15M-26OCT042245-45,0.9120,91.00,yes
2026-10-05T02:43:55.321166Z,KXETH15M-26OCT042245-45,0.9310,367.36,yes
2026-10-05T02:43:55.321166Z,KXETH15M-26OCT042245-45,0.9130,99.00,yes
2026-10-05T02:43:55.74926Z,KXETH15M-26OCT042245-45,0.9300,7.00,yes
2026-10-05T02:43:55.74926Z,KXETH15M-26OCT042245-45,0.9310,72.51,yes
2026-10-05T02:43:55.74926Z,KXETH15M-26OCT042245-45,0.9300,9.00,yes
2026-10-05T02:43:55.815624Z,KXETH15M-26OCT042245-45,0.9070,9.03,no
2026-10-05T02:43:55.815624Z,KXETH15M-26OCT042245-45,0.9090,1.00,no
2026-10-05T02:43:55.91066Z,KXETH15M-26OCT042245-45,0.9110,1.00,no
2026-10-05T02:43:55.923473Z,KXETH15M-26OCT042245-45,0.9110,9.69,no
2026-10-05T02:43:56.001493Z,KXETH15M-26OCT042245-45,0.9310,60.13,yes
2026-10-05T02:43:56.106241Z,KXETH15M-26OCT042245-45,0.9500,7.00,yes
2026-10-05T02:43:56.106241Z,KXETH15M-26OCT042245-45,0.9480,180.00,yes
2026-10-05T02:43:56.106241Z,KXETH15M-26OCT042245-45,0.9450,9.00,yes
2026-10-05T02:43:56.106241Z,KXETH15M-26OCT042245-45,0.9500,9.00,yes
2026-10-05T02:43:56.106241Z,KXETH15M-26OCT042245-45,0.9510,500.00,yes
2026-10-05T02:43:56.141111Z,KXETH15M-26OCT042245-45,0.9510,27.55,yes
2026-10-05T02:43:56.141111Z,KXETH15M-26OCT042245-45,0.9470,16.45,yes
2026-10-05T02:43:56.141111Z,KXETH15M-26OCT042245-45,0.9500,7.00,yes
2026-10-05T02:43:56.144201Z,KXETH15M-26OCT042245-45,0.9510,59.00,yes
2026-10-05T02:43:56.149789Z,KXETH15M-26OCT042245-45,0.9510,50.00,yes
2026-10-05T02:43:56.149789Z,KXETH15M-26OCT042245-45,0.9500,7.00,yes
2026-10-05T02:43:56.153909Z,KXETH15M-26OCT042245-45,0.9270,11.64,no
2026-10-05T02:43:56.176049Z,KXETH15M-26OCT042245-45,0.9280,9.89,no
2026-10-05T02:43:56.176049Z,KXETH15M-26OCT042245-45,0.9300,9.00,no
2026-10-05T02:43:56.203297Z,KXETH15M-26OCT042245-45,0.9290,139.95,no
2026-10-05T02:43:56.210175Z,KXETH15M-26OCT042245-45,0.9510,0.46,yes
2026-10-05T02:43:56.228218Z,KXETH15M-26OCT042245-45,0.9250,9.00,no
2026-10-05T02:43:56.228218Z,KXETH15M-26OCT042245-45,0.9210,11.00,no
2026-10-05T02:43:56.228218Z,KXETH15M-26OCT042245-45,0.9220,1.01,no
2026-10-05T02:43:56.228218Z,KXETH15M-26OCT042245-45,0.9220,1.00,no
2026-10-05T02:43:56.228218Z,KXETH15M-26OCT042245-45,0.9220,5.00,no
2026-10-05T02:43:56.228218Z,KXETH15M-26OCT042245-45,0.9200,34.25,no
2026-10-05T02:43:56.447679Z,KXETH15M-26OCT042245-45,0.9300,11.69,no
2026-10-05T02:43:56.447679Z,KXETH15M-26OCT042245-45,0.9300,1.00,no
2026-10-05T02:43:56.457271Z,KXETH15M-26OCT042245-45,0.9300,2.32,no
2026-10-05T02:43:56.458299Z,KXETH15M-26OCT042245-45,0.9500,51.86,yes
2026-10-05T02:43:56.607605Z,KXETH15M-26OCT042245-45,0.9510,31.11,yes
2026-10-05T02:43:56.697584Z,KXETH15M-26OCT042245-45,0.9510,311.83,yes
2026-10-05T02:43:56.923561Z,KXETH15M-26OCT042245-45,0.9510,5.04,yes
2026-10-05T02:43:56.950872Z,KXETH15M-26OCT042245-45,0.9440,20.00,no
2026-10-05T02:43:56.950872Z,KXETH15M-26OCT042245-45,0.9440,4.25,no
2026-10-05T02:43:56.950872Z,KXETH15M-26OCT042245-45,0.9440,1.00,no
2026-10-05T02:43:56.995743Z,KXETH15M-26OCT042245-45,0.9510,2.00,yes
2026-10-05T02:43:57.133555Z,KXETH15M-26OCT042245-45,0.9510,13.01,yes
2026-10-05T02:43:57.133555Z,KXETH15M-26OCT042245-45,0.9540,0.49,yes
2026-10-05T02:43:57.165974Z,KXETH15M-26OCT042245-45,0.9450,1.00,no
2026-10-05T02:43:57.165974Z,KXETH15M-26OCT042245-45,0.9450,41.00,no
2026-10-05T02:43:57.165974Z,KXETH15M-26OCT042245-45,0.9440,3.00,no
2026-10-05T02:43:57.17999Z,KXETH15M-26OCT042245-45,0.9440,12.18,no
2026-10-05T02:43:57.217336Z,KXETH15M-26OCT042245-45,0.9440,1.13,no
2026-10-05T02:43:57.405611Z,KXETH15M-26OCT042245-45,0.9430,3.62,no
2026-10-05T02:43:57.405611Z,KXETH15M-26OCT042245-45,0.9440,24.69,no
2026-10-05T02:43:57.405611Z,KXETH15M-26OCT042245-45,0.9430,5.00,no
2026-10-05T02:43:57.416188Z,KXETH15M-26OCT042245-45,0.9430,6.90,no
2026-10-05T02:43:57.500229Z,KXETH15M-26OCT042245-45,0.9420,7.00,no
2026-10-05T02:43:57.500229Z,KXETH15M-26OCT042245-45,0.9430,10.00,no
2026-10-05T02:43:57.500229Z,KXETH15M-26OCT042245-45,0.9420,5.52,no
2026-10-05T02:43:57.500229Z,KXETH15M-26OCT042245-45,0.9430,30.48,no
2026-10-05T02:43:57.513532Z,KXETH15M-26OCT042245-45,0.9420,28.87,no
2026-10-05T02:43:57.871498Z,KXETH15M-26OCT042245-45,0.9470,1.00,no
2026-10-05T02:43:57.871498Z,KXETH15M-26OCT042245-45,0.9470,5.09,no
2026-10-05T02:43:57.912764Z,KXETH15M-26OCT042245-45,0.9470,5.00,no
2026-10-05T02:43:57.912764Z,KXETH15M-26OCT042245-45,0.9480,1.00,no
2026-10-05T02:43:57.912764Z,KXETH15M-26OCT042245-45,0.9470,4.91,no
2026-10-05T02:43:57.912764Z,KXETH15M-26OCT042245-45,0.9450,9.00,no
2026-10-05T02:43:57.912764Z,KXETH15M-26OCT042245-45,0.9460,41.00,no
2026-10-05T02:43:57.912764Z,KXETH15M-26OCT042245-45,0.9470,5.09,no
2026-10-05T02:43:58.012368Z,KXETH15M-26OCT042245-45,0.9350,9.00,no
2026-10-05T02:43:58.012368Z,KXETH15M-26OCT042245-45,0.9340,1.00,no
2026-10-05T02:43:58.012368Z,KXETH15M-26OCT042245-45,0.9350,9.00,no
2026-10-05T02:43:58.012368Z,KXETH15M-26OCT042245-45,0.9360,20.00,no
2026-10-05T02:43:58.012368Z,KXETH15M-26OCT042245-45,0.9300,9.00,no
2026-10-05T02:43:58.012368Z,KXETH15M-26OCT042245-45,0.9310,1.00,no
2026-10-05T02:43:58.012368Z,KXETH15M-26OCT042245-45,0.9400,9.00,no
2026-10-05T02:43:58.012368Z,KXETH15M-26OCT042245-45,0.9470,20.00,no
2026-10-05T02:43:58.012368Z,KXETH15M-26OCT042245-45,0.9370,10.00,no
2026-10-05T02:43:58.012368Z,KXETH15M-26OCT042245-45,0.9390,10.00,no
2026-10-05T02:43:58.012368Z,KXETH15M-26OCT042245-45,0.9380,1.00,no
2026-10-05T02:43:58.012368Z,KXETH15M-26OCT042245-45,0.9410,1.00,no
2026-10-05T02:43:58.013786Z,KXETH15M-26OCT042245-45,0.9480,35.69,yes
2026-10-05T02:43:58.087064Z,KXETH15M-26OCT042245-45,0.9470,26.26,yes
2026-10-05T02:43:58.100335Z,KXETH15M-26OCT042245-45,0.9470,2.09,yes
2026-10-05T02:43:58.162323Z,KXETH15M-26OCT042245-45,0.9420,1.00,no
2026-10-05T02:43:58.162323Z,KXETH15M-26OCT042245-45,0.9410,11.93,no
2026-10-05T02:43:58.194603Z,KXETH15M-26OCT042245-45,0.9520,7.00,yes
2026-10-05T02:43:58.194603Z,KXETH15M-26OCT042245-45,0.9590,1.01,yes
2026-10-05T02:43:58.194603Z,KXETH15M-26OCT042245-45,0.9540,41.00,yes
2026-10-05T02:43:58.194603Z,KXETH15M-26OCT042245-45,0.9530,10.00,yes
2026-10-05T02:43:58.194603Z,KXETH15M-26OCT042245-45,0.9500,1.00,yes
2026-10-05T02:43:58.194603Z,KXETH15M-26OCT042245-45,0.9550,41.00,yes
2026-10-05T02:43:58.194603Z,KXETH15M-26OCT042245-45,0.9610,311.68,yes
2026-10-05T02:43:58.194603Z,KXETH15M-26OCT042245-45,0.9600,3.00,yes
2026-10-05T02:43:58.222766Z,KXETH15M-26OCT042245-45,0.9580,7.00,yes
2026-10-05T02:43:58.222766Z,KXETH15M-26OCT042245-45,0.9600,44.19,yes
2026-10-05T02:43:58.225239Z,KXETH15M-26OCT042245-45,0.9600,10.28,yes
2026-10-05T02:43:58.533115Z,KXETH15M-26OCT042245-45,0.9520,10.00,no
2026-10-05T02:43:58.763773Z,KXETH15M-26OCT042245-45,0.9510,1.00,no
2026-10-05T02:43:58.763773Z,KXETH15M-26OCT042245-45,0.9460,1.00,no
2026-10-05T02:43:58.763773Z,KXETH15M-26OCT042245-45,0.9520,1.00,no
2026-10-05T02:43:58.763773Z,KXETH15M-26OCT042245-45,0.9450,9.00,no
2026-10-05T02:43:58.763773Z,KXETH15M-26OCT042245-45,0.9510,41.00,no
2026-10-05T02:43:58.763773Z,KXETH15M-26OCT042245-45,0.9530,1.00,no
2026-10-05T02:43:58.763773Z,KXETH15M-26OCT042245-45,0.9450,9.00,no
2026-10-05T02:43:58.763773Z,KXETH15M-26OCT042245-45,0.9470,1.01,no
2026-10-05T02:43:58.799759Z,KXETH15M-26OCT042245-45,0.9410,2.95,no
2026-10-05T02:43:58.799759Z,KXETH15M-26OCT042245-45,0.9530,1.00,no
2026-10-05T02:43:58.799759Z,KXETH15M-26OCT042245-45,0.9530,1.00,no
2026-10-05T02:43:58.799759Z,KXETH15M-26OCT042245-45,0.9420,1.00,no
2026-10-05T02:43:58.829639Z,KXETH15M-26OCT042245-45,0.9540,74.00,no
2026-10-05T02:43:58.829639Z,KXETH15M-26OCT042245-45,0.9500,7.62,no
2026-10-05T02:43:58.85176Z,KXETH15M-26OCT042245-45,0.9590,41.00,yes
2026-10-05T02:43:58.85176Z,KXETH15M-26OCT042245-45,0.9590,15.00,yes
2026-10-05T02:43:58.85176Z,KXETH15M-26OCT042245-45,0.9600,8.00,yes
2026-10-05T02:43:58.85176Z,KXETH15M-26OCT042245-45,0.9600,39.79,yes
2026-10-05T02:43:58.968477Z,KXETH15M-26OCT042245-45,0.9600,1.21,yes
2026-10-05T02:43:58.968477Z,KXETH15M-26OCT042245-45,0.9600,10.56,yes
2026-10-05T02:43:58.968477Z,KXETH15M-26OCT042245-45,0.9590,2.00,yes
2026-10-05T02:43:58.968477Z,KXETH15M-26OCT042245-45,0.9590,7.00,yes
2026-10-05T02:43:58.997899Z,KXETH15M-26OCT042245-45,0.9510,1.00,no
2026-10-05T02:43:58.998306Z,KXETH15M-26OCT042245-45,0.9420,1.00,no
2026-10-05T02:43:58.998306Z,KXETH15M-26OCT042245-45,0.9430,20.00,no
2026-10-05T02:43:58.998306Z,KXETH15M-26OCT042245-45,0.9400,4.00,no
2026-10-05T02:43:58.998306Z,KXETH15M-26OCT042245-45,0.9440,11.00,no
2026-10-05T02:43:59.017794Z,KXETH15M-26OCT042245-45,0.9510,1.00,no
2026-10-05T02:43:59.017794Z,KXETH15M-26OCT042245-45,0.9360,10.00,no
2026-10-05T02:43:59.017794Z,KXETH15M-26OCT042245-45,0.9440,41.00,no
2026-10-05T02:43:59.017794Z,KXETH15M-26OCT042245-45,0.9450,1.00,no
2026-10-05T02:43:59.085427Z,KXETH15M-26OCT042245-45,0.9310,1.00,no
2026-10-05T02:43:59.085427Z,KXETH15M-26OCT042245-45,0.9320,23.00,no
2026-10-05T02:43:59.085427Z,KXETH15M-26OCT042245-45,0.9360,1.00,no
2026-10-05T02:43:59.085427Z,KXETH15M-26OCT042245-45,0.9310,4.65,no
2026-10-05T02:43:59.085427Z,KXETH15M-26OCT042245-45,0.9330,20.00,no
2026-10-05T02:43:59.259272Z,KXETH15M-26OCT042245-45,0.9370,13.10,no
2026-10-05T02:43:59.281085Z,KXETH15M-26OCT042245-45,0.9460,10.39,yes
2026-10-05T02:43:59.446913Z,KXETH15M-26OCT042245-45,0.9440,65.29,yes
2026-10-05T02:43:59.503632Z,KXETH15M-26OCT042245-45,0.9430,88.00,yes
2026-10-05T02:43:59.503632Z,KXETH15M-26OCT042245-45,0.9430,8.00,yes
2026-10-05T02:43:59.576654Z,KXETH15M-26OCT042245-45,0.9360,1.00,no
2026-10-05T02:43:59.607808Z,KXETH15M-26OCT042245-45,0.9500,28.05,yes
2026-10-05T02:43:59.61291Z,KXETH15M-26OCT042245-45,0.9500,0.27,yes
2026-10-05T02:43:59.625346Z,KXETH15M-26OCT042245-45,0.9360,13.60,no
2026-10-05T02:43:59.630985Z,KXETH15M-26OCT042245-45,0.9640,15.00,yes
2026-10-05T02:43:59.630985Z,KXETH15M-26OCT042245-45,0.9590,7.00,yes
2026-10-05T02:43:59.636445Z,KXETH15M-26OCT042245-45,0.9690,9.00,yes
2026-10-05T02:43:59.636445Z,KXETH15M-26OCT042245-45,0.9680,10.00,yes
2026-10-05T02:43:59.636445Z,KXETH15M-26OCT042245-45,0.9700,16.00,yes
2026-10-05T02:43:59.644443Z,KXETH15M-26OCT042245-45,0.9700,2.00,yes
2026-10-05T02:43:59.927351Z,KXETH15M-26OCT042245-45,0.9510,20.00,no
2026-10-05T02:43:59.927351Z,KXETH15M-26OCT042245-45,0.9500,9.00,no
2026-10-05T02:43:59.95577Z,KXETH15M-26OCT042245-45,0.9500,42.00,yes
2026-10-05T02:44:00.046833Z,KXETH15M-26OCT042245-45,0.9500,1.04,yes
2026-10-05T02:44:00.074701Z,KXETH15M-26OCT042245-45,0.9500,41.35,yes
2026-10-05T02:44:00.203676Z,KXETH15M-26OCT042245-45,0.9500,18.00,yes
2026-10-05T02:44:00.258649Z,KXETH15M-26OCT042245-45,0.9500,9.00,yes
2026-10-05T02:44:00.258649Z,KXETH15M-26OCT042245-45,0.9500,168.61,yes
2026-10-05T02:44:00.441648Z,KXETH15M-26OCT042245-45,0.9440,61.00,no
2026-10-05T02:44:00.441648Z,KXETH15M-26OCT042245-45,0.9490,4.00,no
2026-10-05T02:44:00.441648Z,KXETH15M-26OCT042245-45,0.9500,9.00,no
2026-10-05T02:44:00.441648Z,KXETH15M-26OCT042245-45,0.9500,500.00,no
2026-10-05T02:44:00.441648Z,KXETH15M-26OCT042245-45,0.9640,0.01,no
2026-10-05T02:44:00.441648Z,KXETH15M-26OCT042245-45,0.9570,4.00,no
2026-10-05T02:44:00.441648Z,KXETH15M-26OCT042245-45,0.9640,136.00,no
2026-10-05T02:44:00.441648Z,KXETH15M-26OCT042245-45,0.9480,4.00,no
2026-10-05T02:44:00.441648Z,KXETH15M-26OCT042245-45,0.9630,20.00,no
2026-10-05T02:44:00.441648Z,KXETH15M-26OCT042245-45,0.9580,4.00,no
2026-10-05T02:44:00.441648Z,KXETH15M-26OCT042245-45,0.9510,12.00,no
2026-10-05T02:44:00.441648Z,KXETH15M-26OCT042245-45,0.9490,54.00,no
2026-10-05T02:44:00.441648Z,KXETH15M-26OCT042245-45,0.9590,4.00,no
2026-10-05T02:44:00.441648Z,KXETH15M-26OCT042245-45,0.9470,4.00,no
2026-10-05T02:44:00.441648Z,KXETH15M-26OCT042245-45,0.9200,163.92,no
2026-10-05T02:44:00.441648Z,KXETH15M-26OCT042245-45,0.9340,1.00,no
2026-10-05T02:44:00.441648Z,KXETH15M-26OCT042245-45,0.9300,500.00,no
2026-10-05T02:44:00.441648Z,KXETH15M-26OCT042245-45,0.9470,1.00,no
2026-10-05T02:44:00.441648Z,KXETH15M-26OCT042245-45,0.9340,1.00,no
2026-10-05T02:44:00.441648Z,KXETH15M-26OCT042245-45,0.9400,500.00,no
2026-10-05T02:44:00.441648Z,KXETH15M-26OCT042245-45,0.9300,1000.00,no
2026-10-05T02:44:00.533621Z,KXETH15M-26OCT042245-45,0.9440,1.78,no
2026-10-05T02:44:00.533621Z,KXETH15M-26OCT042245-45,0.9450,10.00,no
2026-10-05T02:44:00.533621Z,KXETH15M-26OCT042245-45,0.9480,1.00,no
2026-10-05T02:44:00.647562Z,KXETH15M-26OCT042245-45,0.9570,4.00,no
2026-10-05T02:44:00.697801Z,KXETH15M-26OCT042245-45,0.9560,4.00,no
2026-10-05T02:44:00.697801Z,KXETH15M-26OCT042245-45,0.9550,4.00,no
2026-10-05T02:44:00.697801Z,KXETH15M-26OCT042245-45,0.9560,20.00,no
2026-10-05T02:44:00.785097Z,KXETH15M-26OCT042245-45,0.9550,9.00,no
2026-10-05T02:44:00.785097Z,KXETH15M-26OCT042245-45,0.9540,4.00,no
2026-10-05T02:44:00.814427Z,KXETH15M-26OCT042245-45,0.9510,10.45,yes
2026-10-05T02:44:01.07811Z,KXETH15M-26OCT042245-45,0.9500,20.00,no
2026-10-05T02:44:01.07811Z,KXETH15M-26OCT042245-45,0.9490,44.00,no
2026-10-05T02:44:01.102397Z,KXETH15M-26OCT042245-45,0.9500,9.00,no
2026-10-05T02:44:01.102397Z,KXETH15M-26OCT042245-45,0.9500,7.90,no
2026-10-05T02:44:01.122998Z,KXETH15M-26OCT042245-45,0.9470,4.00,no
2026-10-05T02:44:01.122998Z,KXETH15M-26OCT042245-45,0.9460,4.00,no
2026-10-05T02:44:01.122998Z,KXETH15M-26OCT042245-45,0.9430,32.29,no
2026-10-05T02:44:01.122998Z,KXETH15M-26OCT042245-45,0.9440,11.00,no
2026-10-05T02:44:01.122998Z,KXETH15M-26OCT042245-45,0.9480,4.00,no
2026-10-05T02:44:01.58037Z,KXETH15M-26OCT042245-45,0.9500,8.00,yes
2026-10-05T02:44:01.6769Z,KXETH15M-26OCT042245-45,0.9400,31.89,no
2026-10-05T02:44:01.6769Z,KXETH15M-26OCT042245-45,0.9460,20.00,no
2026-10-05T02:44:01.6769Z,KXETH15M-26OCT042245-45,0.9410,10.00,no
2026-10-05T02:44:01.6769Z,KXETH15M-26OCT042245-45,0.9450,20.00,no
2026-10-05T02:44:01.727711Z,KXETH15M-26OCT042245-45,0.9460,2.00,no
2026-10-05T02:44:02.090044Z,KXETH15M-26OCT042245-45,0.9410,20.89,yes
2026-10-05T02:44:02.185559Z,KXETH15M-26OCT042245-45,0.9410,2.00,yes
2026-10-05T02:44:02.217718Z,KXETH15M-26OCT042245-45,0.9410,13.11,yes
2026-10-05T02:44:02.217718Z,KXETH15M-26OCT042245-45,0.9410,1.00,yes
2026-10-05T02:44:02.217718Z,KXETH15M-26OCT042245-45,0.9440,90.89,yes
2026-10-05T02:44:02.223377Z,KXETH15M-26OCT042245-45,0.9440,5.00,yes
2026-10-05T02:44:02.240644Z,KXETH15M-26OCT042245-45,0.9440,1.00,yes
2026-10-05T02:44:02.317444Z,KXETH15M-26OCT042245-45,0.9420,5.95,no
2026-10-05T02:44:02.449401Z,KXETH15M-26OCT042245-45,0.9440,38.54,yes
2026-10-05T02:44:02.473845Z,KXETH15M-26OCT042245-45,0.9440,157.00,yes
2026-10-05T02:44:02.492948Z,KXETH15M-26OCT042245-45,0.9400,15.63,no
2026-10-05T02:44:02.655127Z,KXETH15M-26OCT042245-45,0.9400,6.09,no
2026-10-05T02:44:02.868431Z,KXETH15M-26OCT042245-45,0.9440,5.00,yes
2026-10-05T02:44:02.914275Z,KXETH15M-26OCT042245-45,0.9410,5.00,no
2026-10-05T02:44:02.914275Z,KXETH15M-26OCT042245-45,0.9420,6.00,no
2026-10-05T02:44:02.914275Z,KXETH15M-26OCT042245-45,0.9410,10.00,no
2026-10-05T02:44:02.914275Z,KXETH15M-26OCT042245-45,0.9400,213.37,no
2026-10-05T02:44:03.058786Z,KXETH15M-26OCT042245-45,0.9400,374.72,no
2026-10-05T02:44:03.058786Z,KXETH15M-26OCT042245-45,0.9400,133.02,no
2026-10-05T02:44:03.067076Z,KXETH15M-26OCT042245-45,0.9400,5.88,no
2026-10-05T02:44:03.088371Z,KXETH15M-26OCT042245-45,0.9420,1.00,yes
2026-10-05T02:44:03.088371Z,KXETH15M-26OCT042245-45,0.9430,8.00,yes
2026-10-05T02:44:03.088371Z,KXETH15M-26OCT042245-45,0.9440,3.00,yes
2026-10-05T02:44:03.248607Z,KXETH15M-26OCT042245-45,0.9430,1.00,yes
2026-10-05T02:44:03.248607Z,KXETH15M-26OCT042245-45,0.9440,1.00,yes
2026-10-05T02:44:03.260687Z,KXETH15M-26OCT042245-45,0.9410,5.00,no
2026-10-05T02:44:03.260687Z,KXETH15M-26OCT042245-45,0.9240,1.00,no
2026-10-05T02:44:03.260687Z,KXETH15M-26OCT042245-45,0.9310,10.00,no
2026-10-05T02:44:03.260687Z,KXETH15M-26OCT042245-45,0.9410,25.00,no
2026-10-05T02:44:03.260687Z,KXETH15M-26OCT042245-45,0.9210,1.00,no
2026-10-05T02:44:03.260687Z,KXETH15M-26OCT042245-45,0.9340,64.00,no
2026-10-05T02:44:03.300053Z,KXETH15M-26OCT042245-45,0.9230,50.00,yes
2026-10-05T02:44:03.503799Z,KXETH15M-26OCT042245-45,0.9420,1.00,yes
2026-10-05T02:44:03.503799Z,KXETH15M-26OCT042245-45,0.9430,7.24,yes
2026-10-05T02:44:03.557652Z,KXETH15M-26OCT042245-45,0.9390,6.33,yes
2026-10-05T02:44:03.569821Z,KXETH15M-26OCT042245-45,0.9400,1.00,yes
2026-10-05T02:44:03.598695Z,KXETH15M-26OCT042245-45,0.9300,10.00,no
2026-10-05T02:44:03.598695Z,KXETH15M-26OCT042245-45,0.9290,22.93,no
2026-10-05T02:44:03.606524Z,KXETH15M-26OCT042245-45,0.9440,224.75,yes
2026-10-05T02:44:03.783032Z,KXETH15M-26OCT042245-45,0.9440,11.00,yes
2026-10-05T02:44:03.833671Z,KXETH15M-26OCT042245-45,0.9440,56.89,yes
2026-10-05T02:44:03.938706Z,KXETH15M-26OCT042245-45,0.9420,10.00,no
2026-10-05T02:44:04.127632Z,KXETH15M-26OCT042245-45,0.9440,49.29,yes
2026-10-05T02:44:04.127632Z,KXETH15M-26OCT042245-45,0.9470,8.00,yes
2026-10-05T02:44:04.142525Z,KXETH15M-26OCT042245-45,0.9510,9.55,yes
2026-10-05T02:44:04.142525Z,KXETH15M-26OCT042245-45,0.9480,160.36,yes
2026-10-05T02:44:04.142525Z,KXETH15M-26OCT042245-45,0.9480,40.00,yes
2026-10-05T02:44:04.156334Z,KXETH15M-26OCT042245-45,0.9640,52.00,yes
2026-10-05T02:44:04.156334Z,KXETH15M-26OCT042245-45,0.9630,9.00,yes
2026-10-05T02:44:04.156334Z,KXETH15M-26OCT042245-45,0.9630,40.00,yes
2026-10-05T02:44:04.156334Z,KXETH15M-26OCT042245-45,0.9650,69.00,yes
2026-10-05T02:44:04.187342Z,KXETH15M-26OCT042245-45,0.9750,26.12,yes
2026-10-05T02:44:04.187342Z,KXETH15M-26OCT042245-45,0.9700,2.88,yes
2026-10-05T02:44:04.187342Z,KXETH15M-26OCT042245-45,0.9700,7.00,yes
2026-10-05T02:44:04.198155Z,KXETH15M-26OCT042245-45,0.9620,12.73,no
2026-10-05T02:44:04.233993Z,KXETH15M-26OCT042245-45,0.9740,4.00,no
2026-10-05T02:44:04.233993Z,KXETH15M-26OCT042245-45,0.9740,79.00,no
2026-10-05T02:44:04.246691Z,KXETH15M-26OCT042245-45,0.9780,3.00,yes
2026-10-05T02:44:04.297685Z,KXETH15M-26OCT042245-45,0.9760,20.00,no
2026-10-05T02:44:04.297685Z,KXETH15M-26OCT042245-45,0.9620,12.62,no
2026-10-05T02:44:04.297685Z,KXETH15M-26OCT042245-45,0.9630,26.00,no
2026-10-05T02:44:04.297685Z,KXETH15M-26OCT042245-45,0.9700,1.08,no
2026-10-05T02:44:04.297685Z,KXETH15M-26OCT042245-45,0.9640,11.00,no
2026-10-05T02:44:04.297685Z,KXETH15M-26OCT042245-45,0.9650,6.00,no
2026-10-05T02:44:04.301983Z,KXETH15M-26OCT042245-45,0.9620,47.98,no
2026-10-05T02:44:04.404225Z,KXETH15M-26OCT042245-45,0.9770,16.75,no
2026-10-05T02:44:04.459016Z,KXETH15M-26OCT042245-45,0.9790,7.00,yes
2026-10-05T02:44:04.459016Z,KXETH15M-26OCT042245-45,0.9810,9.00,yes
2026-10-05T02:44:04.459016Z,KXETH15M-26OCT042245-45,0.9800,19.32,yes
2026-10-05T02:44:04.459016Z,KXETH15M-26OCT042245-45,0.9800,36.47,yes
2026-10-05T02:44:04.459016Z,KXETH15M-26OCT042245-45,0.9800,9.11,yes
2026-10-05T02:44:04.459016Z,KXETH15M-26OCT042245-45,0.9780,8.00,yes
2026-10-05T02:44:04.459016Z,KXETH15M-26OCT042245-45,0.9780,4.00,yes
2026-10-05T02:44:04.459016Z,KXETH15M-26OCT042245-45,0.9780,18.00,yes
2026-10-05T02:44:04.459016Z,KXETH15M-26OCT042245-45,0.9780,4.00,yes
2026-10-05T02:44:04.459016Z,KXETH15M-26OCT042245-45,0.9780,4.00,yes
2026-10-05T02:44:04.459016Z,KXETH15M-26OCT042245-45,0.9780,41.00,yes
2026-10-05T02:44:04.459016Z,KXETH15M-26OCT042245-45,0.9780,4.00,yes
2026-10-05T02:44:04.459016Z,KXETH15M-26OCT042245-45,0.9780,4.00,yes
2026-10-05T02:44:04.459016Z,KXETH15M-26OCT042245-45,0.9800,5.46,yes
2026-10-05T02:44:04.459016Z,KXETH15M-26OCT042245-45,0.9800,25.00,yes
2026-10-05T02:44:04.459016Z,KXETH15M-26OCT042245-45,0.9800,12.00,yes
2026-10-05T02:44:04.459016Z,KXETH15M-26OCT042245-45,0.9800,1.00,yes
2026-10-05T02:44:04.459016Z,KXETH15M-26OCT042245-45,0.9820,0.64,yes
2026-10-05T02:44:04.459016Z,KXETH15M-26OCT042245-45,0.9810,1.00,yes
2026-10-05T02:44:04.459016Z,KXETH15M-26OCT042245-45,0.9800,1.00,yes
2026-10-05T02:44:04.459016Z,KXETH15M-26OCT042245-45,0.9810,20.00,yes
2026-10-05T02:44:04.459016Z,KXETH15M-26OCT042245-45,0.9820,100.00,yes
2026-10-05T02:44:04.459016Z,KXETH15M-26OCT042245-45,0.9820,20.00,yes
2026-10-05T02:44:04.459016Z,KXETH15M-26OCT042245-45,0.9810,100.00,yes
2026-10-05T02:44:04.577831Z,KXETH15M-26OCT042245-45,0.9820,9.00,yes
2026-10-05T02:44:04.577831Z,KXETH15M-26OCT042245-45,0.9820,0.36,yes
2026-10-05T02:44:04.577831Z,KXETH15M-26OCT042245-45,0.9830,2.64,yes
2026-10-05T02:44:04.586445Z,KXETH15M-26OCT042245-45,0.9850,9.00,yes
2026-10-05T02:44:04.586445Z,KXETH15M-26OCT042245-45,0.9840,10.00,yes
2026-10-05T02:44:04.586445Z,KXETH15M-26OCT042245-45,0.9850,10.79,yes
2026-10-05T02:44:04.586445Z,KXETH15M-26OCT042245-45,0.9840,1.00,yes
2026-10-05T02:44:04.586445Z,KXETH15M-26OCT042245-45,0.9850,1.00,yes
2026-10-05T02:44:04.586445Z,KXETH15M-26OCT042245-45,0.9830,1.00,yes
2026-10-05T02:44:04.586445Z,KXETH15M-26OCT042245-45,0.9850,20.00,yes
2026-10-05T02:44:04.586445Z,KXETH15M-26OCT042245-45,0.9830,17.36,yes
2026-10-05T02:44:04.586445Z,KXETH15M-26OCT042245-45,0.9840,20.00,yes
2026-10-05T02:44:04.586445Z,KXETH15M-26OCT042245-45,0.9860,3.85,yes
2026-10-05T02:44:04.586445Z,KXETH15M-26OCT042245-45,0.9850,6.00,yes
2026-10-05T02:44:04.601956Z,KXETH15M-26OCT042245-45,0.9810,7.00,no
2026-10-05T02:44:04.601956Z,KXETH15M-26OCT042245-45,0.9820,20.00,no
2026-10-05T02:44:04.650529Z,KXETH15M-26OCT042245-45,0.9820,9.00,no
2026-10-05T02:44:04.651458Z,KXETH15M-26OCT042245-45,0.9820,2.40,no
2026-10-05T02:44:04.659971Z,KXETH15M-26OCT042245-45,0.9820,61.38,no
2026-10-05T02:44:04.735129Z,KXETH15M-26OCT042245-45,0.9810,93.74,no
2026-10-05T02:44:04.735129Z,KXETH15M-26OCT042245-45,0.9820,20.00,no
2026-10-05T02:44:04.735129Z,KXETH15M-26OCT042245-45,0.9810,10.00,no
2026-10-05T02:44:04.762894Z,KXETH15M-26OCT042245-45,0.9830,10.00,yes
2026-10-05T02:44:04.829985Z,KXETH15M-26OCT042245-45,0.9820,4.00,no
2026-10-05T02:44:04.829985Z,KXETH15M-26OCT042245-45,0.9820,4.00,no
2026-10-05T02:44:04.829985Z,KXETH15M-26OCT042245-45,0.9810,6.26,no
2026-10-05T02:44:04.829985Z,KXETH15M-26OCT042245-45,0.9810,4.00,no
2026-10-05T02:44:04.829985Z,KXETH15M-26OCT042245-45,0.9810,4.00,no
2026-10-05T02:44:04.829985Z,KXETH15M-26OCT042245-45,0.9800,91.48,no
2026-10-05T02:44:04.829985Z,KXETH15M-26OCT042245-45,0.9820,10.00,no
2026-10-05T02:44:04.929559Z,KXETH15M-26OCT042245-45,0.9800,4.00,no
2026-10-05T02:44:04.929559Z,KXETH15M-26OCT042245-45,0.9720,3.00,no
2026-10-05T02:44:04.929559Z,KXETH15M-26OCT042245-45,0.9810,44.00,no
2026-10-05T02:44:04.929559Z,KXETH15M-26OCT042245-45,0.9800,4.00,no
2026-10-05T02:44:04.929559Z,KXETH15M-26OCT042245-45,0.9800,8.52,no
2026-10-05T02:44:04.929559Z,KXETH15M-26OCT042245-45,0.9720,4.00,no
2026-10-05T02:44:04.929559Z,KXETH15M-26OCT042245-45,0.9790,4.00,no
2026-10-05T02:44:04.929559Z,KXETH15M-26OCT042245-45,0.9810,4.00,no
2026-10-05T02:44:04.929559Z,KXETH15M-26OCT042245-45,0.9720,2.69,no
2026-10-05T02:44:04.929559Z,KXETH15M-26OCT042245-45,0.9790,4.00,no
2026-10-05T02:44:04.929559Z,KXETH15M-26OCT042245-45,0.9720,4.00,no
2026-10-05T02:44:04.929559Z,KXETH15M-26OCT042245-45,0.9810,4.00,no
2026-10-05T02:44:04.929559Z,KXETH15M-26OCT042245-45,0.9730,12.00,no
2026-10-05T02:44:04.929559Z,KXETH15M-26OCT042245-45,0.9810,20.00,no
2026-10-05T02:44:04.929559Z,KXETH15M-26OCT042245-45,0.9720,41.00,no
2026-10-05T02:44:05.1843Z,KXETH15M-26OCT042245-45,0.9810,86.00,no
2026-10-05T02:44:05.1843Z,KXETH15M-26OCT042245-45,0.9720,4.00,no
2026-10-05T02:44:05.1843Z,KXETH15M-26OCT042245-45,0.9720,1.31,no
2026-10-05T02:44:05.1843Z,KXETH15M-26OCT042245-45,0.9720,8.00,no
2026-10-05T02:44:05.1843Z,KXETH15M-26OCT042245-45,0.9720,18.00,no
2026-10-05T02:44:05.1843Z,KXETH15M-26OCT042245-45,0.9750,9.00,no
2026-10-05T02:44:05.1843Z,KXETH15M-26OCT042245-45,0.9810,4.00,no
2026-10-05T02:44:05.1843Z,KXETH15M-26OCT042245-45,0.9780,20.00,no
2026-10-05T02:44:05.1843Z,KXETH15M-26OCT042245-45,0.9720,4.00,no
2026-10-05T02:44:05.1843Z,KXETH15M-26OCT042245-45,0.9660,19.49,no
2026-10-05T02:44:05.235837Z,KXETH15M-26OCT042245-45,0.9790,16.43,no
2026-10-05T02:44:05.25297Z,KXETH15M-26OCT042245-45,0.9770,0.75,no
2026-10-05T02:44:05.25297Z,KXETH15M-26OCT042245-45,0.9790,3.57,no
2026-10-05T02:44:05.25297Z,KXETH15M-26OCT042245-45,0.9790,4.00,no
2026-10-05T02:44:05.313067Z,KXETH15M-26OCT042245-45,0.9620,331.20,no
2026-10-05T02:44:05.313067Z,KXETH15M-26OCT042245-45,0.9630,8.00,no
2026-10-05T02:44:05.313067Z,KXETH15M-26OCT042245-45,0.9650,5.00,no
2026-10-05T02:44:05.313067Z,KXETH15M-26OCT042245-45,0.9640,11.00,no
2026-10-05T02:44:05.313067Z,KXETH15M-26OCT042245-45,0.9790,32.00,no
2026-10-05T02:44:05.313067Z,KXETH15M-26OCT042245-45,0.9820,4.00,no
2026-10-05T02:44:05.313067Z,KXETH15M-26OCT042245-45,0.9780,6.00,no
2026-10-05T02:44:05.313067Z,KXETH15M-26OCT042245-45,0.9790,20.00,no
2026-10-05T02:44:05.362055Z,KXETH15M-26OCT042245-45,0.9620,6.19,no
2026-10-05T02:44:05.362055Z,KXETH15M-26OCT042245-45,0.9630,11.00,no
2026-10-05T02:44:05.362055Z,KXETH15M-26OCT042245-45,0.9630,4.00,no
2026-10-05T02:44:05.372012Z,KXETH15M-26OCT042245-45,0.9630,3.41,no
2026-10-05T02:44:05.375101Z,KXETH15M-26OCT042245-45,0.9640,51.54,no
2026-10-05T02:44:05.382164Z,KXETH15M-26OCT042245-45,0.9640,1.07,no
2026-10-05T02:44:05.435279Z,KXETH15M-26OCT042245-45,0.9770,7.00,no
2026-10-05T02:44:05.435279Z,KXETH15M-26OCT042245-45,0.9720,11.78,no
2026-10-05T02:44:05.435279Z,KXETH15M-26OCT042245-45,0.9770,4.00,no
2026-10-05T02:44:05.462867Z,KXETH15M-26OCT042245-45,0.9620,30.64,no
2026-10-05T02:44:05.462867Z,KXETH15M-26OCT042245-45,0.9700,10.56,no
2026-10-05T02:44:05.462867Z,KXETH15M-26OCT042245-45,0.9720,5.00,no
2026-10-05T02:44:05.462867Z,KXETH15M-26OCT042245-45,0.9700,9.00,no
2026-10-05T02:44:05.462867Z,KXETH15M-26OCT042245-45,0.9720,8.22,no
2026-10-05T02:44:05.462867Z,KXETH15M-26OCT042245-45,0.9630,11.00,no
2026-10-05T02:44:05.488565Z,KXETH15M-26OCT042245-45,0.9780,1.02,yes
2026-10-05T02:44:05.537149Z,KXETH15M-26OCT042245-45,0.9780,1.16,yes
2026-10-05T02:44:05.58213Z,KXETH15M-26OCT042245-45,0.9740,10.00,no
2026-10-05T02:44:05.58213Z,KXETH15M-26OCT042245-45,0.9720,2.53,no
2026-10-05T02:44:05.630905Z,KXETH15M-26OCT042245-45,0.9620,36.45,no
2026-10-05T02:44:05.630905Z,KXETH15M-26OCT042245-45,0.9720,0.01,no
2026-10-05T02:44:05.630905Z,KXETH15M-26OCT042245-45,0.9700,9.00,no
2026-10-05T02:44:05.630905Z,KXETH15M-26OCT042245-45,0.9720,0.47,no
2026-10-05T02:44:05.630905Z,KXETH15M-26OCT042245-45,0.9720,1.02,no
2026-10-05T02:44:05.630905Z,KXETH15M-26OCT042245-45,0.9630,11.00,no
2026-10-05T02:44:05.630905Z,KXETH15M-26OCT042245-45,0.9710,20.00,no
2026-10-05T02:44:05.630905Z,KXETH15M-26OCT042245-45,0.9700,10.56,no
2026-10-05T02:44:05.641505Z,KXETH15M-26OCT042245-45,0.9620,22.19,no
2026-10-05T02:44:05.641505Z,KXETH15M-26OCT042245-45,0.9580,47.50,no
2026-10-05T02:44:05.641505Z,KXETH15M-26OCT042245-45,0.9590,5.00,no
2026-10-05T02:44:05.641505Z,KXETH15M-26OCT042245-45,0.9600,10.00,no
2026-10-05T02:44:05.641505Z,KXETH15M-26OCT042245-45,0.9630,11.00,no
2026-10-05T02:44:05.706696Z,KXETH15M-26OCT042245-45,0.9770,10.00,yes
2026-10-05T02:44:05.718866Z,KXETH15M-26OCT042245-45,0.9770,8.00,yes
2026-10-05T02:44:05.755363Z,KXETH15M-26OCT042245-45,0.9760,4.00,no
2026-10-05T02:44:05.755363Z,KXETH15M-26OCT042245-45,0.9720,5.09,no
2026-10-05T02:44:05.755363Z,KXETH15M-26OCT042245-45,0.9720,1.16,no
2026-10-05T02:44:05.878113Z,KXETH15M-26OCT042245-45,0.9780,1.02,yes
2026-10-05T02:44:05.878113Z,KXETH15M-26OCT042245-45,0.9780,18.00,yes
2026-10-05T02:44:05.878113Z,KXETH15M-26OCT042245-45,0.9780,1.31,yes
2026-10-05T02:44:05.878113Z,KXETH15M-26OCT042245-45,0.9780,4.00,yes
2026-10-05T02:44:05.878113Z,KXETH15M-26OCT042245-45,0.9780,1.16,yes
2026-10-05T02:44:05.878113Z,KXETH15M-26OCT042245-45,0.9780,1.82,yes
2026-10-05T02:44:05.878113Z,KXETH15M-26OCT042245-45,0.9780,2.69,yes
2026-10-05T02:44:05.878113Z,KXETH15M-26OCT042245-45,0.9770,4.00,yes
2026-10-05T02:44:05.878113Z,KXETH15M-26OCT042245-45,0.9800,4.00,yes
2026-10-05T02:44:05.878113Z,KXETH15M-26OCT042245-45,0.9780,8.00,yes
2026-10-05T02:44:05.878113Z,KXETH15M-26OCT042245-45,0.9780,4.00,yes
2026-10-05T02:44:05.987261Z,KXETH15M-26OCT042245-45,0.9720,3.00,no
2026-10-05T02:44:05.987261Z,KXETH15M-26OCT042245-45,0.9730,5.00,no
2026-10-05T02:44:05.987261Z,KXETH15M-26OCT042245-45,0.9790,4.00,no
2026-10-05T02:44:05.987261Z,KXETH15M-26OCT042245-45,0.9810,20.00,no
2026-10-05T02:44:05.987261Z,KXETH15M-26OCT042245-45,0.9800,18.00,no
2026-10-05T02:44:06.141913Z,KXETH15M-26OCT042245-45,0.9780,20.00,no
2026-10-05T02:44:06.141913Z,KXETH15M-26OCT042245-45,0.9750,6.97,no
2026-10-05T02:44:06.141913Z,KXETH15M-26OCT042245-45,0.9780,6.00,no
2026-10-05T02:44:06.141913Z,KXETH15M-26OCT042245-45,0.9720,1.82,no
2026-10-05T02:44:06.141913Z,KXETH15M-26OCT042245-45,0.9720,10.00,no
2026-10-05T02:44:06.141913Z,KXETH15M-26OCT042245-45,0.9720,2.69,no
2026-10-05T02:44:06.141913Z,KXETH15M-26OCT042245-45,0.9720,1.21,no
2026-10-05T02:44:06.141913Z,KXETH15M-26OCT042245-45,0.9720,1.31,no
2026-10-05T02:44:06.231182Z,KXETH15M-26OCT042245-45,0.9770,1.02,yes
2026-10-05T02:44:06.347416Z,KXETH15M-26OCT042245-45,0.9780,1.00,yes
2026-10-05T02:44:06.394673Z,KXETH15M-26OCT042245-45,0.9780,1.31,yes
2026-10-05T02:44:06.394673Z,KXETH15M-26OCT042245-45,0.9780,0.82,yes
2026-10-05T02:44:06.394673Z,KXETH15M-26OCT042245-45,0.9780,2.69,yes
2026-10-05T02:44:06.394673Z,KXETH15M-26OCT042245-45,0.9840,10.00,yes
2026-10-05T02:44:06.394673Z,KXETH15M-26OCT042245-45,0.9830,11.00,yes
2026-10-05T02:44:06.394673Z,KXETH15M-26OCT042245-45,0.9820,12.00,yes
2026-10-05T02:44:06.394673Z,KXETH15M-26OCT042245-45,0.9850,62.18,yes
2026-10-05T02:44:06.450531Z,KXETH15M-26OCT042245-45,0.9800,4.00,no
2026-10-05T02:44:06.450531Z,KXETH15M-26OCT042245-45,0.9790,4.00,no
2026-10-05T02:44:06.450531Z,KXETH15M-26OCT042245-45,0.9780,4.00,no
2026-10-05T02:44:06.478407Z,KXETH15M-26OCT042245-45,0.9720,18.00,no
2026-10-05T02:44:06.478407Z,KXETH15M-26OCT042245-45,0.9720,4.00,no
2026-10-05T02:44:06.478407Z,KXETH15M-26OCT042245-45,0.9800,4.00,no
2026-10-05T02:44:06.478407Z,KXETH15M-26OCT042245-45,0.9720,1.16,no
2026-10-05T02:44:06.478407Z,KXETH15M-26OCT042245-45,0.9720,1.00,no
2026-10-05T02:44:06.478407Z,KXETH15M-26OCT042245-45,0.9720,2.69,no
2026-10-05T02:44:06.478407Z,KXETH15M-26OCT042245-45,0.9720,8.00,no
2026-10-05T02:44:06.478407Z,KXETH15M-26OCT042245-45,0.9720,0.82,no
2026-10-05T02:44:06.478407Z,KXETH15M-26OCT042245-45,0.9720,5.00,no
2026-10-05T02:44:06.478407Z,KXETH15M-26OCT042245-45,0.9720,1.02,no
2026-10-05T02:44:06.478407Z,KXETH15M-26OCT042245-45,0.9790,4.00,no
2026-10-05T02:44:06.478407Z,KXETH15M-26OCT042245-45,0.9750,6.00,no
2026-10-05T02:44:06.478407Z,KXETH15M-26OCT042245-45,0.9730,12.00,no
2026-10-05T02:44:06.478407Z,KXETH15M-26OCT042245-45,0.9810,4.00,no
2026-10-05T02:44:06.478407Z,KXETH15M-26OCT042245-45,0.9720,4.00,no
2026-10-05T02:44:06.478407Z,KXETH15M-26OCT042245-45,0.9710,59.48,no
2026-10-05T02:44:06.538874Z,KXETH15M-26OCT042245-45,0.9820,7.00,yes
2026-10-05T02:44:06.538874Z,KXETH15M-26OCT042245-45,0.9820,9.00,yes
2026-10-05T02:44:06.538874Z,KXETH15M-26OCT042245-45,0.9830,24.00,yes
2026-10-05T02:44:06.546115Z,KXETH15M-26OCT042245-45,0.9840,13.00,yes
2026-10-05T02:44:06.546115Z,KXETH15M-26OCT042245-45,0.9830,11.00,yes
2026-10-05T02:44:06.546115Z,KXETH15M-26OCT042245-45,0.9830,66.00,yes
2026-10-05T02:44:06.685049Z,KXETH15M-26OCT042245-45,0.9820,7.22,no
2026-10-05T02:44:06.74395Z,KXETH15M-26OCT042245-45,0.9820,4.00,no
2026-10-05T02:44:06.796169Z,KXETH15M-26OCT042245-45,0.9820,3.00,no
2026-10-05T02:44:06.83145Z,KXETH15M-26OCT042245-45,0.9830,2.62,yes
2026-10-05T02:44:07.019472Z,KXETH15M-26OCT042245-45,0.9820,5.49,no
2026-10-05T02:44:07.11159Z,KXETH15M-26OCT042245-45,0.9820,4.29,no
2026-10-05T02:44:07.11159Z,KXETH15M-26OCT042245-45,0.9820,21.76,no
2026-10-05T02:44:07.112609Z,KXETH15M-26OCT042245-45,0.9710,312.01,no
2026-10-05T02:44:07.112609Z,KXETH15M-26OCT042245-45,0.9810,4.00,no
2026-10-05T02:44:07.112609Z,KXETH15M-26OCT042245-45,0.9820,13.00,no
2026-10-05T02:44:07.112609Z,KXETH15M-26OCT042245-45,0.9720,1.31,no
2026-10-05T02:44:07.112609Z,KXETH15M-26OCT042245-45,0.9820,62.18,no
2026-10-05T02:44:07.112609Z,KXETH15M-26OCT042245-45,0.9820,4.00,no
2026-10-05T02:44:07.112609Z,KXETH15M-26OCT042245-45,0.9730,5.00,no
2026-10-05T02:44:07.112609Z,KXETH15M-26OCT042245-45,0.9720,6.00,no
2026-10-05T02:44:07.112609Z,KXETH15M-26OCT042245-45,0.9720,13.00,no
2026-10-05T02:44:07.112609Z,KXETH15M-26OCT042245-45,0.9820,44.24,no
2026-10-05T02:44:07.12917Z,KXETH15M-26OCT042245-45,0.9800,20.00,no
2026-10-05T02:44:07.12917Z,KXETH15M-26OCT042245-45,0.9730,4.00,no
2026-10-05T02:44:07.12917Z,KXETH15M-26OCT042245-45,0.9720,3.77,no
2026-10-05T02:44:07.12917Z,KXETH15M-26OCT042245-45,0.9740,4.00,no
2026-10-05T02:44:07.12917Z,KXETH15M-26OCT042245-45,0.9750,11.00,no
2026-10-05T02:44:07.12917Z,KXETH15M-26OCT042245-45,0.9810,20.00,no
2026-10-05T02:44:07.282873Z,KXETH15M-26OCT042245-45,0.9820,4.00,no
2026-10-05T02:44:07.282873Z,KXETH15M-26OCT042245-45,0.9810,5.03,no
2026-10-05T02:44:07.282873Z,KXETH15M-26OCT042245-45,0.9820,20.00,no
2026-10-05T02:44:07.282873Z,KXETH15M-26OCT042245-45,0.9820,4.00,no
2026-10-05T02:44:07.361335Z,KXETH15M-26OCT042245-45,0.9820,5.69,no
2026-10-05T02:44:07.50106Z,KXETH15M-26OCT042245-45,0.9820,0.24,no
2026-10-05T02:44:07.565727Z,KXETH15M-26OCT042245-45,0.9820,13.50,no
2026-10-05T02:44:07.630457Z,KXETH15M-26OCT042245-45,0.9820,1.84,no
2026-10-05T02:44:07.630457Z,KXETH15M-26OCT042245-45,0.9820,0.57,no
2026-10-05T02:44:07.636568Z,KXETH15M-26OCT042245-45,0.9820,20.00,no
2026-10-05T02:44:07.636568Z,KXETH15M-26OCT042245-45,0.9820,2.16,no
2026-10-05T02:44:07.636568Z,KXETH15M-26OCT042245-45,0.9810,4.00,no
2026-10-05T02:44:07.636568Z,KXETH15M-26OCT042245-45,0.9800,4.00,no
2026-10-05T02:44:07.636568Z,KXETH15M-26OCT042245-45,0.9810,4.00,no
2026-10-05T02:44:07.636568Z,KXETH15M-26OCT042245-45,0.9800,3.74,no
2026-10-05T02:44:07.636568Z,KXETH15M-26OCT042245-45,0.9810,14.97,no
2026-10-05T02:44:07.695124Z,KXETH15M-26OCT042245-45,0.9870,100.00,yes
2026-10-05T02:44:07.695124Z,KXETH15M-26OCT042245-45,0.9850,9.00,yes
2026-10-05T02:44:07.695124Z,KXETH15M-26OCT042245-45,0.9830,88.69,yes
2026-10-05T02:44:07.695124Z,KXETH15M-26OCT042245-45,0.9830,36.00,yes
2026-10-05T02:44:07.695124Z,KXETH15M-26OCT042245-45,0.9830,22.00,yes
2026-10-05T02:44:07.695124Z,KXETH15M-26OCT042245-45,0.9850,11.00,yes
2026-10-05T02:44:07.695124Z,KXETH15M-26OCT042245-45,0.9840,87.00,yes
2026-10-05T02:44:07.695124Z,KXETH15M-26OCT042245-45,0.9850,37.82,yes
2026-10-05T02:44:07.695124Z,KXETH15M-26OCT042245-45,0.9860,100.00,yes
2026-10-05T02:44:07.695124Z,KXETH15M-26OCT042245-45,0.9830,6.00,yes
2026-10-05T02:44:07.695124Z,KXETH15M-26OCT042245-45,0.9870,17.00,yes
2026-10-05T02:44:07.695124Z,KXETH15M-26OCT042245-45,0.9900,26.78,yes
2026-10-05T02:44:07.695124Z,KXETH15M-26OCT042245-45,0.9900,52.77,yes
2026-10-05T02:44:07.695124Z,KXETH15M-26OCT042245-45,0.9900,30.52,yes
2026-10-05T02:44:07.695124Z,KXETH15M-26OCT042245-45,0.9900,463.16,yes
2026-10-05T02:44:07.695124Z,KXETH15M-26OCT042245-45,0.9900,16.19,yes
2026-10-05T02:44:07.695124Z,KXETH15M-26OCT042245-45,0.9890,100.00,yes
2026-10-05T02:44:07.695124Z,KXETH15M-26OCT042245-45,0.9890,1.00,yes
2026-10-05T02:44:07.695124Z,KXETH15M-26OCT042245-45,0.9890,20.00,yes
2026-10-05T02:44:07.695124Z,KXETH15M-26OCT042245-45,0.9890,10.00,yes
2026-10-05T02:44:07.695124Z,KXETH15M-26OCT042245-45,0.9890,2.00,yes
2026-10-05T02:44:07.695124Z,KXETH15M-26OCT042245-45,0.9890,2.00,yes
2026-10-05T02:44:07.695124Z,KXETH15M-26OCT042245-45,0.9900,2.00,yes
2026-10-05T02:44:07.695124Z,KXETH15M-26OCT042245-45,0.9860,8.00,yes
2026-10-05T02:44:07.695124Z,KXETH15M-26OCT042245-45,0.9900,1.00,yes
2026-10-05T02:44:07.695124Z,KXETH15M-26OCT042245-45,0.9900,100.00,yes
2026-10-05T02:44:07.695124Z,KXETH15M-26OCT042245-45,0.9890,75.00,yes
2026-10-05T02:44:07.695124Z,KXETH15M-26OCT042245-45,0.9880,100.00,yes
2026-10-05T02:44:07.695124Z,KXETH15M-26OCT042245-45,0.9900,6.00,yes
2026-10-05T02:44:07.695124Z,KXETH15M-26OCT042245-45,0.9890,18.18,yes
2026-10-05T02:44:07.695124Z,KXETH15M-26OCT042245-45,0.9890,100.00,yes
2026-10-05T02:44:07.695124Z,KXETH15M-26OCT042245-45,0.9890,1.00,yes
2026-10-05T02:44:07.695124Z,KXETH15M-26OCT042245-45,0.9860,1.00,yes
2026-10-05T02:44:07.695124Z,KXETH15M-26OCT042245-45,0.9900,1.00,yes
2026-10-05T02:44:07.695124Z,KXETH15M-26OCT042245-45,0.9870,1.00,yes
2026-10-05T02:44:07.695124Z,KXETH15M-26OCT042245-45,0.9880,1.00,yes
2026-10-05T02:44:07.695124Z,KXETH15M-26OCT042245-45,0.9890,41.00,yes
2026-10-05T02:44:07.695124Z,KXETH15M-26OCT042245-45,0.9900,3.23,yes
2026-10-05T02:44:07.695124Z,KXETH15M-26OCT042245-45,0.9900,2.00,yes
2026-10-05T02:44:07.695124Z,KXETH15M-26OCT042245-45,0.9900,10.39,yes
2026-10-05T02:44:07.695124Z,KXETH15M-26OCT042245-45,0.9870,25.00,yes
2026-10-05T02:44:07.695124Z,KXETH15M-26OCT042245-45,0.9900,2.51,yes
2026-10-05T02:44:07.695124Z,KXETH15M-26OCT042245-45,0.9900,6.38,yes
2026-10-05T02:44:07.695124Z,KXETH15M-26OCT042245-45,0.9900,52.99,yes
2026-10-05T02:44:07.695124Z,KXETH15M-26OCT042245-45,0.9900,2.39,yes
2026-10-05T02:44:07.728037Z,KXETH15M-26OCT042245-45,0.9830,6.00,yes
2026-10-05T02:44:07.774555Z,KXETH15M-26OCT042245-45,0.9860,11.26,no
2026-10-05T02:44:07.854042Z,KXETH15M-26OCT042245-45,0.9890,15.11,yes
2026-10-05T02:44:07.9581Z,KXETH15M-26OCT042245-45,0.9900,0.04,yes
2026-10-05T02:44:07.966918Z,KXETH15M-26OCT042245-45,0.9890,16.00,no
2026-10-05T02:44:08.099866Z,KXETH15M-26OCT042245-45,0.9890,84.00,no
2026-10-05T02:44:08.099866Z,KXETH15M-26OCT042245-45,0.9880,1.92,no
2026-10-05T02:44:08.099866Z,KXETH15M-26OCT042245-45,0.9880,20.00,no
2026-10-05T02:44:08.131814Z,KXETH15M-26OCT042245-45,0.9880,1.00,no
2026-10-05T02:44:08.142956Z,KXETH15M-26OCT042245-45,0.9880,55.04,no
2026-10-05T02:44:08.194712Z,KXETH15M-26OCT042245-45,0.9880,20.00,no
2026-10-05T02:44:08.194712Z,KXETH15M-26OCT042245-45,0.9870,20.00,no
2026-10-05T02:44:08.194712Z,KXETH15M-26OCT042245-45,0.9770,88.69,no
2026-10-05T02:44:08.194712Z,KXETH15M-26OCT042245-45,0.9810,75.00,no
2026-10-05T02:44:08.194712Z,KXETH15M-26OCT042245-45,0.9850,4.00,no
2026-10-05T02:44:08.194712Z,KXETH15M-26OCT042245-45,0.9720,5.00,no
2026-10-05T02:44:08.194712Z,KXETH15M-26OCT042245-45,0.9850,100.00,no
2026-10-05T02:44:08.194712Z,KXETH15M-26OCT042245-45,0.9880,42.04,no
2026-10-05T02:44:08.194712Z,KXETH15M-26OCT042245-45,0.9830,87.00,no
2026-10-05T02:44:08.194712Z,KXETH15M-26OCT042245-45,0.9870,4.00,no
2026-10-05T02:44:08.194712Z,KXETH15M-26OCT042245-45,0.9870,100.00,no
2026-10-05T02:44:08.194712Z,KXETH15M-26OCT042245-45,0.9780,6.00,no
2026-10-05T02:44:08.194712Z,KXETH15M-26OCT042245-45,0.9840,37.82,no
2026-10-05T02:44:08.194712Z,KXETH15M-26OCT042245-45,0.9860,100.00,no
2026-10-05T02:44:08.194712Z,KXETH15M-26OCT042245-45,0.9710,41.30,no
2026-10-05T02:44:08.403922Z,KXETH15M-26OCT042245-45,0.9840,1.00,yes
2026-10-05T02:44:08.496756Z,KXETH15M-26OCT042245-45,0.9870,22.00,yes
2026-10-05T02:44:08.496756Z,KXETH15M-26OCT042245-45,0.9850,9.00,yes
2026-10-05T02:44:08.496756Z,KXETH15M-26OCT042245-45,0.9840,15.00,yes
2026-10-05T02:44:08.496756Z,KXETH15M-26OCT042245-45,0.9840,12.00,yes
2026-10-05T02:44:08.496756Z,KXETH15M-26OCT042245-45,0.9870,5.00,yes
2026-10-05T02:44:08.496756Z,KXETH15M-26OCT042245-45,0.9890,11.00,yes
2026-10-05T02:44:08.496756Z,KXETH15M-26OCT042245-45,0.9900,2.00,yes
2026-10-05T02:44:08.661434Z,KXETH15M-26OCT042245-45,0.9880,4.00,no
2026-10-05T02:44:08.661434Z,KXETH15M-26OCT042245-45,0.9880,22.00,no
2026-10-05T02:44:08.661434Z,KXETH15M-26OCT042245-45,0.9870,1.77,no
2026-10-05T02:44:08.661434Z,KXETH15M-26OCT042245-45,0.9880,20.00,no
2026-10-05T02:44:08.776495Z,KXETH15M-26OCT042245-45,0.9870,3.71,no
2026-10-05T02:44:08.776495Z,KXETH15M-26OCT042245-45,0.9870,2.23,no
2026-10-05T02:44:08.838749Z,KXETH15M-26OCT042245-45,0.9890,5.00,yes
2026-10-05T02:44:08.838749Z,KXETH15M-26OCT042245-45,0.9880,63.00,yes
2026-10-05T02:44:08.838749Z,KXETH15M-26OCT042245-45,0.9890,11.00,yes
2026-10-05T02:44:08.838749Z,KXETH15M-26OCT042245-45,0.9900,10.00,yes
2026-10-05T02:44:08.901355Z,KXETH15M-26OCT042245-45,0.9880,14.00,yes
2026-10-05T02:44:08.901355Z,KXETH15M-26OCT042245-45,0.9890,11.00,yes
2026-10-05T02:44:08.901355Z,KXETH15M-26OCT042245-45,0.9900,215.24,yes
2026-10-05T02:44:09.477605Z,KXETH15M-26OCT042245-45,0.9900,4.00,yes
2026-10-05T02:44:09.523702Z,KXETH15M-26OCT042245-45,0.9900,5.00,yes
2026-10-05T02:44:09.580222Z,KXETH15M-26OCT042245-45,0.9900,11.00,yes
2026-10-05T02:44:09.5925Z,KXETH15M-26OCT042245-45,0.9900,85.10,yes
2026-10-05T02:44:09.642367Z,KXETH15M-26OCT042245-45,0.9710,15.72,no
2026-10-05T02:44:09.642367Z,KXETH15M-26OCT042245-45,0.9880,4.00,no
2026-10-05T02:44:09.642367Z,KXETH15M-26OCT042245-45,0.9890,20.00,no
2026-10-05T02:44:09.642367Z,KXETH15M-26OCT042245-45,0.9890,4.00,no
2026-10-05T02:44:09.642367Z,KXETH15M-26OCT042245-45,0.9850,22.00,no
2026-10-05T02:44:09.642367Z,KXETH15M-26OCT042245-45,0.9860,4.00,no
2026-10-05T02:44:09.642367Z,KXETH15M-26OCT042245-45,0.9870,4.00,no
2026-10-05T02:44:09.642367Z,KXETH15M-26OCT042245-45,0.9880,20.00,no
2026-10-05T02:44:09.642367Z,KXETH15M-26OCT042245-45,0.9730,10.00,no
2026-10-05T02:44:09.642367Z,KXETH15M-26OCT042245-45,0.9740,11.00,no
2026-10-05T02:44:09.642367Z,KXETH15M-26OCT042245-45,0.9840,4.00,no
2026-10-05T02:44:09.642367Z,KXETH15M-26OCT042245-45,0.9800,6.00,no
2026-10-05T02:44:09.642367Z,KXETH15M-26OCT042245-45,0.9850,4.00,no
2026-10-05T02:44:09.642367Z,KXETH15M-26OCT042245-45,0.9750,11.00,no
2026-10-05T02:44:09.650666Z,KXETH15M-26OCT042245-45,0.9850,2.00,yes
2026-10-05T02:44:09.660131Z,KXETH15M-26OCT042245-45,0.9810,0.42,no
2026-10-05T02:44:09.661623Z,KXETH15M-26OCT042245-45,0.9840,9.00,yes
2026-10-05T02:44:09.677461Z,KXETH15M-26OCT042245-45,0.9850,7.00,yes
2026-10-05T02:44:09.677461Z,KXETH15M-26OCT042245-45,0.9840,13.00,yes
2026-10-05T02:44:09.677461Z,KXETH15M-26OCT042245-45,0.9890,11.00,yes
2026-10-05T02:44:09.677461Z,KXETH15M-26OCT042245-45,0.9900,5.00,yes
2026-10-05T02:44:09.817411Z,KXETH15M-26OCT042245-45,0.9900,3.54,yes
2026-10-05T02:44:09.90752Z,KXETH15M-26OCT042245-45,0.9900,1.97,yes
2026-10-05T02:44:10.012812Z,KXETH15M-26OCT042245-45,0.9890,2.00,no
2026-10-05T02:44:10.386469Z,KXETH15M-26OCT042245-45,0.9890,10.52,no
2026-10-05T02:44:10.386469Z,KXETH15M-26OCT042245-45,0.9890,2.00,no
2026-10-05T02:44:10.434148Z,KXETH15M-26OCT042245-45,0.9890,9.48,no
2026-10-05T02:44:10.434148Z,KXETH15M-26OCT042245-45,0.9880,4.00,no
2026-10-05T02:44:10.434148Z,KXETH15M-26OCT042245-45,0.9870,4.00,no
2026-10-05T02:44:10.600949Z,KXETH15M-26OCT042245-45,0.9900,25.23,yes
2026-10-05T02:44:10.999914Z,KXETH15M-26OCT042245-45,0.9740,11.00,no
2026-10-05T02:44:10.999914Z,KXETH15M-26OCT042245-45,0.9750,13.00,no
2026-10-05T02:44:10.999914Z,KXETH15M-26OCT042245-45,0.9870,4.00,no
2026-10-05T02:44:10.999914Z,KXETH15M-26OCT042245-45,0.9860,4.00,no
2026-10-05T02:44:10.999914Z,KXETH15M-26OCT042245-45,0.9750,11.00,no
2026-10-05T02:44:10.999914Z,KXETH15M-26OCT042245-45,0.9830,22.00,no
2026-10-05T02:44:10.999914Z,KXETH15M-26OCT042245-45,0.9850,4.00,no
2026-10-05T02:44:10.999914Z,KXETH15M-26OCT042245-45,0.9790,6.00,no
2026-10-05T02:44:10.999914Z,KXETH15M-26OCT042245-45,0.9790,4.00,no
2026-10-05T02:44:10.999914Z,KXETH15M-26OCT042245-45,0.9730,11.00,no
2026-10-05T02:44:10.999914Z,KXETH15M-26OCT042245-45,0.9840,3.00,no
2026-10-05T02:44:10.999914Z,KXETH15M-26OCT042245-45,0.9810,4.00,no
2026-10-05T02:44:10.999914Z,KXETH15M-26OCT042245-45,0.9800,4.00,no
2026-10-05T02:44:10.999914Z,KXETH15M-26OCT042245-45,0.9700,36.76,no
2026-10-05T02:44:10.999914Z,KXETH15M-26OCT042245-45,0.9820,7.00,no
2026-10-05T02:44:10.999914Z,KXETH15M-26OCT042245-45,0.9710,71.49,no
2026-10-05T02:44:11.067783Z,KXETH15M-26OCT042245-45,0.9880,4.00,yes
2026-10-05T02:44:11.067783Z,KXETH15M-26OCT042245-45,0.9870,6.00,yes
2026-10-05T02:44:11.067783Z,KXETH15M-26OCT042245-45,0.9880,5.14,yes
2026-10-05T02:44:11.075604Z,KXETH15M-26OCT042245-45,0.9890,33.31,yes
2026-10-05T02:44:11.195811Z,KXETH15M-26OCT042245-45,0.9880,10.00,yes
2026-10-05T02:44:11.508072Z,KXETH15M-26OCT042245-45,0.9870,7.84,no
2026-10-05T02:44:11.565263Z,KXETH15M-26OCT042245-45,0.9870,47.08,no
2026-10-05T02:44:11.802203Z,KXETH15M-26OCT042245-45,0.9900,282.87,yes
2026-10-05T02:44:11.802203Z,KXETH15M-26OCT042245-45,0.9880,12.00,yes
2026-10-05T02:44:11.802203Z,KXETH15M-26OCT042245-45,0.9890,11.00,yes
2026-10-05T02:44:11.934675Z,KXETH15M-26OCT042245-45,0.9900,8.91,yes
2026-10-05T02:44:12.057954Z,KXETH15M-26OCT042245-45,0.9880,11.39,no
2026-10-05T02:44:12.148813Z,KXETH15M-26OCT042245-45,0.9900,353.28,yes
2026-10-05T02:44:12.176594Z,KXETH15M-26OCT042245-45,0.9830,4.00,no
2026-10-05T02:44:12.176594Z,KXETH15M-26OCT042245-45,0.9850,22.00,no
2026-10-05T02:44:12.176594Z,KXETH15M-26OCT042245-45,0.9880,22.00,no
2026-10-05T02:44:12.176594Z,KXETH15M-26OCT042245-45,0.9870,4.00,no
2026-10-05T02:44:12.176594Z,KXETH15M-26OCT042245-45,0.9820,4.00,no
2026-10-05T02:44:12.176594Z,KXETH15M-26OCT042245-45,0.9800,11.00,no
2026-10-05T02:44:12.176594Z,KXETH15M-26OCT042245-45,0.9820,6.00,no
2026-10-05T02:44:12.176594Z,KXETH15M-26OCT042245-45,0.9880,4.61,no
2026-10-05T02:44:12.176594Z,KXETH15M-26OCT042245-45,0.9860,4.00,no
2026-10-05T02:44:12.176594Z,KXETH15M-26OCT042245-45,0.9810,4.00,no
2026-10-05T02:44:12.176594Z,KXETH15M-26OCT042245-45,0.9790,32.28,no
2026-10-05T02:44:12.176594Z,KXETH15M-26OCT042245-45,0.9850,4.00,no
2026-10-05T02:44:12.362501Z,KXETH15M-26OCT042245-45,0.9850,47.08,no
2026-10-05T02:44:12.589742Z,KXETH15M-26OCT042245-45,0.9900,1.97,yes
2026-10-05T02:44:12.722716Z,KXETH15M-26OCT042245-45,0.9900,4.94,yes
2026-10-05T02:44:12.908544Z,KXETH15M-26OCT042245-45,0.9780,12.00,no
2026-10-05T02:44:12.908544Z,KXETH15M-26OCT042245-45,0.9790,4.00,no
2026-10-05T02:44:12.908544Z,KXETH15M-26OCT042245-45,0.9800,4.00,no
2026-10-05T02:44:12.908544Z,KXETH15M-26OCT042245-45,0.9850,4.00,no
2026-10-05T02:44:12.908544Z,KXETH15M-26OCT042245-45,0.9860,4.00,no
2026-10-05T02:44:12.908544Z,KXETH15M-26OCT042245-45,0.9840,5.00,no
2026-10-05T02:44:12.908544Z,KXETH15M-26OCT042245-45,0.9840,4.00,no
2026-10-05T02:44:12.908544Z,KXETH15M-26OCT042245-45,0.9850,1.00,no
2026-10-05T02:44:12.908544Z,KXETH15M-26OCT042245-45,0.9810,4.00,no
2026-10-05T02:44:12.908544Z,KXETH15M-26OCT042245-45,0.9770,64.83,no
2026-10-05T02:44:12.971148Z,KXETH15M-26OCT042245-45,0.9850,5.00,yes
2026-10-05T02:44:13.004108Z,KXETH15M-26OCT042245-45,0.9790,4.00,no
2026-10-05T02:44:13.004108Z,KXETH15M-26OCT042245-45,0.9820,4.00,no
2026-10-05T02:44:13.004108Z,KXETH15M-26OCT042245-45,0.9830,4.00,no
2026-10-05T02:44:13.004108Z,KXETH15M-26OCT042245-45,0.9780,4.00,no
2026-10-05T02:44:13.004108Z,KXETH15M-26OCT042245-45,0.9780,12.00,no
2026-10-05T02:44:13.004108Z,KXETH15M-26OCT042245-45,0.9810,4.00,no
2026-10-05T02:44:13.004108Z,KXETH15M-26OCT042245-45,0.9840,49.00,no
2026-10-05T02:44:13.004108Z,KXETH15M-26OCT042245-45,0.9770,19.07,no
2026-10-05T02:44:13.068775Z,KXETH15M-26OCT042245-45,0.9790,0.25,no
2026-10-05T02:44:13.068775Z,KXETH15M-26OCT042245-45,0.9800,4.00,no
2026-10-05T02:44:13.068775Z,KXETH15M-26OCT042245-45,0.9800,6.00,no
2026-10-05T02:44:13.100147Z,KXETH15M-26OCT042245-45,0.9820,0.65,no
2026-10-05T02:44:13.107325Z,KXETH15M-26OCT042245-45,0.9850,9.98,yes
2026-10-05T02:44:13.107731Z,KXETH15M-26OCT042245-45,0.9850,5.05,yes
2026-10-05T02:44:13.111805Z,KXETH15M-26OCT042245-45,0.9850,2.00,yes
2026-10-05T02:44:13.194777Z,KXETH15M-26OCT042245-45,0.9900,167.86,yes
2026-10-05T02:44:13.194777Z,KXETH15M-26OCT042245-45,0.9850,22.00,yes
2026-10-05T02:44:13.194777Z,KXETH15M-26OCT042245-45,0.9880,6.00,yes
2026-10-05T02:44:13.194777Z,KXETH15M-26OCT042245-45,0.9870,4.00,yes
2026-10-05T02:44:13.194777Z,KXETH15M-26OCT042245-45,0.9890,4.00,yes
2026-10-05T02:44:13.194777Z,KXETH15M-26OCT042245-45,0.9890,11.00,yes
2026-10-05T02:44:13.194777Z,KXETH15M-26OCT042245-45,0.9860,4.00,yes
2026-10-05T02:44:13.194777Z,KXETH15M-26OCT042245-45,0.9880,4.00,yes
2026-10-05T02:44:13.40162Z,KXETH15M-26OCT042245-45,0.9900,214.00,yes
2026-10-05T02:44:13.40162Z,KXETH15M-26OCT042245-45,0.9880,6.00,yes
2026-10-05T02:44:13.40162Z,KXETH15M-26OCT042245-45,0.9880,15.00,yes
2026-10-05T02:44:13.40162Z,KXETH15M-26OCT042245-45,0.9890,4.00,yes
2026-10-05T02:44:13.40162Z,KXETH15M-26OCT042245-45,0.9890,11.00,yes
2026-10-05T02:44:13.631922Z,KXETH15M-26OCT042245-45,0.9870,1.25,no
2026-10-05T02:44:14.022418Z,KXETH15M-26OCT042245-45,0.9900,182.82,yes
2026-10-05T02:44:14.022418Z,KXETH15M-26OCT042245-45,0.9890,11.00,yes
2026-10-05T02:44:14.022418Z,KXETH15M-26OCT042245-45,0.9890,1.00,yes
2026-10-05T02:44:14.078544Z,KXETH15M-26OCT042245-45,0.9900,0.54,yes
2026-10-05T02:44:14.078544Z,KXETH15M-26OCT042245-45,0.9900,30.60,yes
2026-10-05T02:44:14.078544Z,KXETH15M-26OCT042245-45,0.9900,10.00,yes
2026-10-05T02:44:14.078544Z,KXETH15M-26OCT042245-45,0.9900,6.09,yes
2026-10-05T02:44:14.078544Z,KXETH15M-26OCT042245-45,0.9900,19.80,yes
2026-10-05T02:44:14.078544Z,KXETH15M-26OCT042245-45,0.9900,5.82,yes
2026-10-05T02:44:14.078544Z,KXETH15M-26OCT042245-45,0.9900,9.20,yes
2026-10-05T02:44:14.078544Z,KXETH15M-26OCT042245-45,0.9900,1.31,yes
2026-10-05T02:44:14.078544Z,KXETH15M-26OCT042245-45,0.9900,2.76,yes
2026-10-05T02:44:14.111884Z,KXETH15M-26OCT042245-45,0.9900,20.76,yes
2026-10-05T02:44:14.169115Z,KXETH15M-26OCT042245-45,0.9900,4.00,yes
2026-10-05T02:44:14.222237Z,KXETH15M-26OCT042245-45,0.9900,50.00,yes
2026-10-05T02:44:14.291Z,KXETH15M-26OCT042245-45,0.9830,4.00,no
2026-10-05T02:44:14.291Z,KXETH15M-26OCT042245-45,0.9840,50.00,no
2026-10-05T02:44:14.291Z,KXETH15M-26OCT042245-45,0.9840,20.76,no
2026-10-05T02:44:14.291Z,KXETH15M-26OCT042245-45,0.9840,3.00,no
2026-10-05T02:44:14.291Z,KXETH15M-26OCT042245-45,0.9870,12.00,no
2026-10-05T02:44:14.291Z,KXETH15M-26OCT042245-45,0.9840,9.20,no
2026-10-05T02:44:14.291Z,KXETH15M-26OCT042245-45,0.9860,22.00,no
2026-10-05T02:44:14.291Z,KXETH15M-26OCT042245-45,0.9840,1.31,no
2026-10-05T02:44:14.291Z,KXETH15M-26OCT042245-45,0.9840,4.00,no
2026-10-05T02:44:14.291Z,KXETH15M-26OCT042245-45,0.9800,4.00,no
2026-10-05T02:44:14.291Z,KXETH15M-26OCT042245-45,0.9810,4.00,no
2026-10-05T02:44:14.291Z,KXETH15M-26OCT042245-45,0.9780,12.00,no
2026-10-05T02:44:14.291Z,KXETH15M-26OCT042245-45,0.9810,4.00,no
2026-10-05T02:44:14.291Z,KXETH15M-26OCT042245-45,0.9820,4.00,no
2026-10-05T02:44:14.291Z,KXETH15M-26OCT042245-45,0.9790,3.75,no
2026-10-05T02:44:14.291Z,KXETH15M-26OCT042245-45,0.9860,5.00,no
2026-10-05T02:44:14.291Z,KXETH15M-26OCT042245-45,0.9800,5.00,no
2026-10-05T02:44:14.291Z,KXETH15M-26OCT042245-45,0.9770,18.09,no
2026-10-05T02:44:14.322301Z,KXETH15M-26OCT042245-45,0.9880,4.00,yes
2026-10-05T02:44:14.375119Z,KXETH15M-26OCT042245-45,0.9890,0.95,yes
2026-10-05T02:44:14.477533Z,KXETH15M-26OCT042245-45,0.9890,2.18,yes
2026-10-05T02:44:14.568518Z,KXETH15M-26OCT042245-45,0.9800,4.00,no
2026-10-05T02:44:14.568518Z,KXETH15M-26OCT042245-45,0.9790,22.00,no
2026-10-05T02:44:14.568518Z,KXETH15M-26OCT042245-45,0.9850,7.00,no
2026-10-05T02:44:14.568518Z,KXETH15M-26OCT042245-45,0.9790,4.00,no
2026-10-05T02:44:14.568518Z,KXETH15M-26OCT042245-45,0.9860,36.00,no
2026-10-05T02:44:14.568518Z,KXETH15M-26OCT042245-45,0.9840,14.00,no
2026-10-05T02:44:14.568518Z,KXETH15M-26OCT042245-45,0.9800,9.00,no
2026-10-05T02:44:14.568518Z,KXETH15M-26OCT042245-45,0.9820,7.00,no
2026-10-05T02:44:14.568518Z,KXETH15M-26OCT042245-45,0.9800,4.00,no
2026-10-05T02:44:14.568518Z,KXETH15M-26OCT042245-45,0.9810,4.00,no
2026-10-05T02:44:14.568518Z,KXETH15M-26OCT042245-45,0.9790,4.00,no
2026-10-05T02:44:14.568518Z,KXETH15M-26OCT042245-45,0.9770,24.76,no
2026-10-05T02:44:15.067505Z,KXETH15M-26OCT042245-45,0.9860,4.00,yes
2026-10-05T02:44:15.067505Z,KXETH15M-26OCT042245-45,0.9870,4.00,yes
2026-10-05T02:44:15.067505Z,KXETH15M-26OCT042245-45,0.9850,4.00,yes
2026-10-05T02:44:15.067505Z,KXETH15M-26OCT042245-45,0.9860,4.00,yes
2026-10-05T02:44:15.067505Z,KXETH15M-26OCT042245-45,0.9850,4.00,yes
2026-10-05T02:44:15.068152Z,KXETH15M-26OCT042245-45,0.9870,4.00,yes
2026-10-05T02:44:15.263576Z,KXETH15M-26OCT042245-45,0.9770,175.23,no
2026-10-05T02:44:15.263576Z,KXETH15M-26OCT042245-45,0.9780,4.00,no
2026-10-05T02:44:15.263576Z,KXETH15M-26OCT042245-45,0.9790,4.00,no
2026-10-05T02:44:15.263576Z,KXETH15M-26OCT042245-45,0.9780,4.00,no
2026-10-05T02:44:15.263576Z,KXETH15M-26OCT042245-45,0.9790,11.00,no
2026-10-05T02:44:15.263576Z,KXETH15M-26OCT042245-45,0.9790,5.00,no
2026-10-05T02:44:15.351449Z,KXETH15M-26OCT042245-45,0.9860,5.00,yes
2026-10-05T02:44:15.35475Z,KXETH15M-26OCT042245-45,0.9860,5.00,yes
2026-10-05T02:44:15.507401Z,KXETH15M-26OCT042245-45,0.9860,5.00,yes
2026-10-05T02:44:15.513368Z,KXETH15M-26OCT042245-45,0.9820,8.38,no
2026-10-05T02:44:15.513368Z,KXETH15M-26OCT042245-45,0.9850,20.00,no
2026-10-05T02:44:15.623967Z,KXETH15M-26OCT042245-45,0.9840,7.00,yes
2026-10-05T02:44:15.623967Z,KXETH15M-26OCT042245-45,0.9840,10.00,yes
2026-10-05T02:44:15.623967Z,KXETH15M-26OCT042245-45,0.9850,3.26,yes
2026-10-05T02:44:15.672039Z,KXETH15M-26OCT042245-45,0.9850,50.50,yes
2026-10-05T02:44:15.794192Z,KXETH15M-26OCT042245-45,0.9800,11.00,no
2026-10-05T02:44:15.794192Z,KXETH15M-26OCT042245-45,0.9800,0.01,no
2026-10-05T02:44:15.794192Z,KXETH15M-26OCT042245-45,0.9790,5.00,no
2026-10-05T02:44:15.794192Z,KXETH15M-26OCT042245-45,0.9790,3.26,no
2026-10-05T02:44:15.794192Z,KXETH15M-26OCT042245-45,0.9790,37.18,no
2026-10-05T02:44:15.835048Z,KXETH15M-26OCT042245-45,0.9850,10.13,yes
2026-10-05T02:44:15.882872Z,KXETH15M-26OCT042245-45,0.9850,5.00,yes
2026-10-05T02:44:15.903323Z,KXETH15M-26OCT042245-45,0.9850,10.00,yes
2026-10-05T02:44:15.938078Z,KXETH15M-26OCT042245-45,0.9880,4.00,yes
2026-10-05T02:44:15.938078Z,KXETH15M-26OCT042245-45,0.9890,11.00,yes
2026-10-05T02:44:15.938078Z,KXETH15M-26OCT042245-45,0.9890,4.00,yes
2026-10-05T02:44:15.938078Z,KXETH15M-26OCT042245-45,0.9890,4.00,yes
2026-10-05T02:44:15.938078Z,KXETH15M-26OCT042245-45,0.9880,4.00,yes
2026-10-05T02:44:15.938078Z,KXETH15M-26OCT042245-45,0.9900,4.00,yes
2026-10-05T02:44:15.938078Z,KXETH15M-26OCT042245-45,0.9850,6.38,yes
2026-10-05T02:44:15.938078Z,KXETH15M-26OCT042245-45,0.9860,8.00,yes
2026-10-05T02:44:15.938078Z,KXETH15M-26OCT042245-45,0.9870,4.00,yes
2026-10-05T02:44:15.938078Z,KXETH15M-26OCT042245-45,0.9900,9.00,yes
2026-10-05T02:44:15.938078Z,KXETH15M-26OCT042245-45,0.9900,6.00,yes
2026-10-05T02:44:15.938078Z,KXETH15M-26OCT042245-45,0.9900,4.73,yes
2026-10-05T02:44:15.938078Z,KXETH15M-26OCT042245-45,0.9920,91.60,yes
2026-10-05T02:44:15.938078Z,KXETH15M-26OCT042245-45,0.9910,100.00,yes
2026-10-05T02:44:15.991586Z,KXETH15M-26OCT042245-45,0.9830,2.00,no
2026-10-05T02:44:16.021987Z,KXETH15M-26OCT042245-45,0.9840,67.00,no
2026-10-05T02:44:16.021987Z,KXETH15M-26OCT042245-45,0.9840,4.73,no
2026-10-05T02:44:16.021987Z,KXETH15M-26OCT042245-45,0.9840,14.00,no
2026-10-05T02:44:16.021987Z,KXETH15M-26OCT042245-45,0.9820,4.00,no
2026-10-05T02:44:16.021987Z,KXETH15M-26OCT042245-45,0.9800,2.69,no
2026-10-05T02:44:16.021987Z,KXETH15M-26OCT042245-45,0.9830,91.60,no
2026-10-05T02:44:16.021987Z,KXETH15M-26OCT042245-45,0.9800,5.00,no
2026-10-05T02:44:16.021987Z,KXETH15M-26OCT042245-45,0.9810,4.00,no
2026-10-05T02:44:16.021987Z,KXETH15M-26OCT042245-45,0.9800,4.00,no
2026-10-05T02:44:16.021987Z,KXETH15M-26OCT042245-45,0.9800,1.00,no
2026-10-05T02:44:16.021987Z,KXETH15M-26OCT042245-45,0.9810,4.00,no
2026-10-05T02:44:16.021987Z,KXETH15M-26OCT042245-45,0.9820,7.00,no
2026-10-05T02:44:16.05878Z,KXETH15M-26OCT042245-45,0.9880,10.00,yes
2026-10-05T02:44:16.05878Z,KXETH15M-26OCT042245-45,0.9880,4.00,yes
2026-10-05T02:44:16.104162Z,KXETH15M-26OCT042245-45,0.9880,0.04,yes
2026-10-05T02:44:16.308095Z,KXETH15M-26OCT042245-45,0.9870,10.00,no
2026-10-05T02:44:16.312199Z,KXETH15M-26OCT042245-45,0.9870,6.00,no
2026-10-05T02:44:16.316734Z,KXETH15M-26OCT042245-45,0.9870,23.00,no
2026-10-05T02:44:16.423995Z,KXETH15M-26OCT042245-45,0.9870,23.00,no
2026-10-05T02:44:16.63093Z,KXETH15M-26OCT042245-45,0.9870,1.00,no
2026-10-05T02:44:16.688286Z,KXETH15M-26OCT042245-45,0.9870,2.00,no
2026-10-05T02:44:16.693021Z,KXETH15M-26OCT042245-45,0.9870,5.00,no
2026-10-05T02:44:16.814311Z,KXETH15M-26OCT042245-45,0.9830,6.00,no
2026-10-05T02:44:16.814311Z,KXETH15M-26OCT042245-45,0.9830,5.00,no
2026-10-05T02:44:16.814311Z,KXETH15M-26OCT042245-45,0.9810,3.67,no
2026-10-05T02:44:16.814311Z,KXETH15M-26OCT042245-45,0.9870,28.00,no
2026-10-05T02:44:16.814311Z,KXETH15M-26OCT042245-45,0.9850,20.00,no
2026-10-05T02:44:16.889065Z,KXETH15M-26OCT042245-45,0.9900,4.00,yes
2026-10-05T02:44:16.889065Z,KXETH15M-26OCT042245-45,0.9910,4.00,yes
2026-10-05T02:44:16.889065Z,KXETH15M-26OCT042245-45,0.9910,10.00,yes
2026-10-05T02:44:16.889065Z,KXETH15M-26OCT042245-45,0.9890,4.00,yes
2026-10-05T02:44:16.889065Z,KXETH15M-26OCT042245-45,0.9910,4.00,yes
2026-10-05T02:44:16.889065Z,KXETH15M-26OCT042245-45,0.9920,4.00,yes
2026-10-05T02:44:16.889065Z,KXETH15M-26OCT042245-45,0.9900,4.00,yes
2026-10-05T02:44:16.889065Z,KXETH15M-26OCT042245-45,0.9920,8.00,yes
2026-10-05T02:44:16.889065Z,KXETH15M-26OCT042245-45,0.9930,99.95,yes
2026-10-05T02:44:16.889065Z,KXETH15M-26OCT042245-45,0.9920,8.40,yes
2026-10-05T02:44:17.039613Z,KXETH15M-26OCT042245-45,0.9890,4.98,yes
2026-10-05T02:44:17.068664Z,KXETH15M-26OCT042245-45,0.9850,14.00,no
2026-10-05T02:44:17.068664Z,KXETH15M-26OCT042245-45,0.9840,4.00,no
2026-10-05T02:44:17.068664Z,KXETH15M-26OCT042245-45,0.9840,12.00,no
2026-10-05T02:44:17.068664Z,KXETH15M-26OCT042245-45,0.9850,14.00,no
2026-10-05T02:44:17.070778Z,KXETH15M-26OCT042245-45,0.9840,27.95,no
2026-10-05T02:44:17.08695Z,KXETH15M-26OCT042245-45,0.9890,8.91,yes
2026-10-05T02:44:17.129573Z,KXETH15M-26OCT042245-45,0.9790,6.38,no
2026-10-05T02:44:17.129573Z,KXETH15M-26OCT042245-45,0.9790,5.00,no
2026-10-05T02:44:17.129573Z,KXETH15M-26OCT042245-45,0.9790,10.00,no
2026-10-05T02:44:17.129573Z,KXETH15M-26OCT042245-45,0.9790,10.13,no
2026-10-05T02:44:17.129573Z,KXETH15M-26OCT042245-45,0.9790,13.32,no
2026-10-05T02:44:17.129573Z,KXETH15M-26OCT042245-45,0.9830,4.00,no
2026-10-05T02:44:17.129573Z,KXETH15M-26OCT042245-45,0.9810,4.00,no
2026-10-05T02:44:17.129573Z,KXETH15M-26OCT042245-45,0.9820,4.00,no
2026-10-05T02:44:17.129573Z,KXETH15M-26OCT042245-45,0.9820,5.00,no
2026-10-05T02:44:17.129573Z,KXETH15M-26OCT042245-45,0.9820,4.00,no
2026-10-05T02:44:17.129573Z,KXETH15M-26OCT042245-45,0.9830,4.00,no
2026-10-05T02:44:17.129573Z,KXETH15M-26OCT042245-45,0.9830,6.00,no
2026-10-05T02:44:17.129573Z,KXETH15M-26OCT042245-45,0.9800,9.00,no
2026-10-05T02:44:17.129573Z,KXETH15M-26OCT042245-45,0.9810,4.00,no
2026-10-05T02:44:17.129573Z,KXETH15M-26OCT042245-45,0.9800,11.00,no
2026-10-05T02:44:17.129573Z,KXETH15M-26OCT042245-45,0.9870,60.00,no
2026-10-05T02:44:17.129573Z,KXETH15M-26OCT042245-45,0.9770,125.70,no
2026-10-05T02:44:17.207021Z,KXETH15M-26OCT042245-45,0.9700,40.00,no
2026-10-05T02:44:17.207021Z,KXETH15M-26OCT042245-45,0.9650,1.00,no
2026-10-05T02:44:17.207021Z,KXETH15M-26OCT042245-45,0.9750,9.00,no
2026-10-05T02:44:17.207021Z,KXETH15M-26OCT042245-45,0.9640,11.00,no
2026-10-05T02:44:17.207021Z,KXETH15M-26OCT042245-45,0.9630,10.00,no
2026-10-05T02:44:17.207021Z,KXETH15M-26OCT042245-45,0.9810,4.00,no
2026-10-05T02:44:17.207021Z,KXETH15M-26OCT042245-45,0.9810,5.00,no
2026-10-05T02:44:17.207021Z,KXETH15M-26OCT042245-45,0.9780,12.00,no
2026-10-05T02:44:17.207021Z,KXETH15M-26OCT042245-45,0.9820,8.40,no
2026-10-05T02:44:17.207021Z,KXETH15M-26OCT042245-45,0.9680,1.00,no
2026-10-05T02:44:17.207021Z,KXETH15M-26OCT042245-45,0.9770,72.32,no
2026-10-05T02:44:17.207021Z,KXETH15M-26OCT042245-45,0.9630,1.00,no
2026-10-05T02:44:17.207021Z,KXETH15M-26OCT042245-45,0.9700,3.24,no
2026-10-05T02:44:17.207021Z,KXETH15M-26OCT042245-45,0.9620,46.79,no
2026-10-05T02:44:17.274149Z,KXETH15M-26OCT042245-45,0.9810,1.00,no
2026-10-05T02:44:17.301673Z,KXETH15M-26OCT042245-45,0.9880,13.00,yes
2026-10-05T02:44:17.301673Z,KXETH15M-26OCT042245-45,0.9930,10.00,yes
2026-10-05T02:44:17.301673Z,KXETH15M-26OCT042245-45,0.9800,4.00,yes
2026-10-05T02:44:17.301673Z,KXETH15M-26OCT042245-45,0.9800,4.00,yes
2026-10-05T02:44:17.301673Z,KXETH15M-26OCT042245-45,0.9900,9.00,yes
2026-10-05T02:44:17.301673Z,KXETH15M-26OCT042245-45,0.9910,15.00,yes
2026-10-05T02:44:17.301673Z,KXETH15M-26OCT042245-45,0.9940,21.25,yes
2026-10-05T02:44:17.301673Z,KXETH15M-26OCT042245-45,0.9930,0.05,yes
2026-10-05T02:44:17.309828Z,KXETH15M-26OCT042245-45,0.9800,4.00,yes
2026-10-05T02:44:17.309828Z,KXETH15M-26OCT042245-45,0.9800,1.00,yes
2026-10-05T02:44:17.328941Z,KXETH15M-26OCT042245-45,0.9800,3.00,yes
2026-10-05T02:44:17.328941Z,KXETH15M-26OCT042245-45,0.9810,4.00,yes
2026-10-05T02:44:17.328941Z,KXETH15M-26OCT042245-45,0.9810,1.00,yes
2026-10-05T02:44:17.63871Z,KXETH15M-26OCT042245-45,0.9800,26.00,yes
2026-10-05T02:44:17.877911Z,KXETH15M-26OCT042245-45,0.9950,9.00,yes
2026-10-05T02:44:17.877911Z,KXETH15M-26OCT042245-45,0.9880,4.00,yes
2026-10-05T02:44:17.877911Z,KXETH15M-26OCT042245-45,0.9890,22.00,yes
2026-10-05T02:44:17.877911Z,KXETH15M-26OCT042245-45,0.9900,4.00,yes
2026-10-05T02:44:17.877911Z,KXETH15M-26OCT042245-45,0.9890,4.00,yes
2026-10-05T02:44:17.877911Z,KXETH15M-26OCT042245-45,0.9810,22.00,yes
2026-10-05T02:44:17.877911Z,KXETH15M-26OCT042245-45,0.9850,9.00,yes
2026-10-05T02:44:17.877911Z,KXETH15M-26OCT042245-45,0.9890,4.00,yes
2026-10-05T02:44:17.877911Z,KXETH15M-26OCT042245-45,0.9930,5.00,yes
2026-10-05T02:44:17.877911Z,KXETH15M-26OCT042245-45,0.9930,10.00,yes
2026-10-05T02:44:17.877911Z,KXETH15M-26OCT042245-45,0.9910,4.00,yes
2026-10-05T02:44:17.877911Z,KXETH15M-26OCT042245-45,0.9850,9.00,yes
2026-10-05T02:44:17.877911Z,KXETH15M-26OCT042245-45,0.9900,4.00,yes
2026-10-05T02:44:17.877911Z,KXETH15M-26OCT042245-45,0.9910,19.00,yes
2026-10-05T02:44:17.877911Z,KXETH15M-26OCT042245-45,0.9940,78.75,yes
2026-10-05T02:44:17.877911Z,KXETH15M-26OCT042245-45,0.9950,100.00,yes
2026-10-05T02:44:17.877911Z,KXETH15M-26OCT042245-45,0.9960,100.00,yes
2026-10-05T02:44:17.877911Z,KXETH15M-26OCT042245-45,0.9980,100.00,yes
2026-10-05T02:44:17.877911Z,KXETH15M-26OCT042245-45,0.9960,1.00,yes
2026-10-05T02:44:17.877911Z,KXETH15M-26OCT042245-45,0.9970,100.00,yes
2026-10-05T02:44:17.877911Z,KXETH15M-26OCT042245-45,0.9970,1.00,yes
2026-10-05T02:44:17.877911Z,KXETH15M-26OCT042245-45,0.9950,1.00,yes
2026-10-05T02:44:17.877911Z,KXETH15M-26OCT042245-45,0.9980,1.00,yes
2026-10-05T02:44:17.877911Z,KXETH15M-26OCT042245-45,0.9980,500.00,yes
2026-10-05T02:44:17.877911Z,KXETH15M-26OCT042245-45,0.9980,100.00,yes
2026-10-05T02:44:17.877911Z,KXETH15M-26OCT042245-45,0.9970,400.00,yes
2026-10-05T02:44:17.877911Z,KXETH15M-26OCT042245-45,0.9960,565.00,yes
2026-10-05T02:44:17.877911Z,KXETH15M-26OCT042245-45,0.9990,400.00,yes
2026-10-05T02:44:17.877911Z,KXETH15M-26OCT042245-45,0.9990,1509.40,yes
2026-10-05T02:44:17.877911Z,KXETH15M-26OCT042245-45,0.9950,100.00,yes
2026-10-05T02:44:17.877911Z,KXETH15M-26OCT042245-45,0.9960,13.00,yes
2026-10-05T02:44:17.877911Z,KXETH15M-26OCT042245-45,0.9970,18.00,yes
2026-10-05T02:44:17.877911Z,KXETH15M-26OCT042245-45,0.9950,11.00,yes
2026-10-05T02:44:17.877911Z,KXETH15M-26OCT042245-45,0.9980,3.00,yes
2026-10-05T02:44:17.877911Z,KXETH15M-26OCT042245-45,0.9970,2.00,yes
2026-10-05T02:44:17.877911Z,KXETH15M-26OCT042245-45,0.9960,1.00,yes
2026-10-05T02:44:17.877911Z,KXETH15M-26OCT042245-45,0.9980,26.00,yes
2026-10-05T02:44:17.877911Z,KXETH15M-26OCT042245-45,0.9960,1.00,yes
2026-10-05T02:44:17.877911Z,KXETH15M-26OCT042245-45,0.9980,3.00,yes
2026-10-05T02:44:17.877911Z,KXETH15M-26OCT042245-45,0.9970,2.00,yes
2026-10-05T02:44:17.877911Z,KXETH15M-26OCT042245-45,0.9960,1.00,yes
2026-10-05T02:44:17.877911Z,KXETH15M-26OCT042245-45,0.9970,2.00,yes
2026-10-05T02:44:17.877911Z,KXETH15M-26OCT042245-45,0.9980,3.00,yes
2026-10-05T02:44:17.877911Z,KXETH15M-26OCT042245-45,0.9980,3.00,yes
2026-10-05T02:44:17.877911Z,KXETH15M-26OCT042245-45,0.9960,1.00,yes
2026-10-05T02:44:17.877911Z,KXETH15M-26OCT042245-45,0.9960,1.00,yes
2026-10-05T02:44:17.877911Z,KXETH15M-26OCT042245-45,0.9970,2.00,yes
2026-10-05T02:44:17.877911Z,KXETH15M-26OCT042245-45,0.9970,2.00,yes
2026-10-05T02:44:17.877911Z,KXETH15M-26OCT042245-45,0.9980,3.00,yes
2026-10-05T02:44:17.891319Z,KXETH15M-26OCT042245-45,0.9950,41.00,yes
2026-10-05T02:44:17.891319Z,KXETH15M-26OCT042245-45,0.9940,41.00,yes
2026-10-05T02:44:17.891319Z,KXETH15M-26OCT042245-45,0.9980,1427.40,yes
2026-10-05T02:44:18.051519Z,KXETH15M-26OCT042245-45,0.9860,68.23,no
2026-10-05T02:44:18.051519Z,KXETH15M-26OCT042245-45,0.9870,22.00,no
2026-10-05T02:44:18.095048Z,KXETH15M-26OCT042245-45,0.9870,4.00,no
2026-10-05T02:44:18.166683Z,KXETH15M-26OCT042245-45,0.9900,4.00,yes
2026-10-05T02:44:18.197876Z,KXETH15M-26OCT042245-45,0.9930,17.00,yes
2026-10-05T02:44:18.197876Z,KXETH15M-26OCT042245-45,0.9940,41.00,yes
2026-10-05T02:44:18.197876Z,KXETH15M-26OCT042245-45,0.9970,5.00,yes
2026-10-05T02:44:18.197876Z,KXETH15M-26OCT042245-45,0.9950,41.00,yes
2026-10-05T02:44:18.197876Z,KXETH15M-26OCT042245-45,0.9910,4.00,yes
2026-10-05T02:44:18.197876Z,KXETH15M-26OCT042245-45,0.9910,4.00,yes
2026-10-05T02:44:18.197876Z,KXETH15M-26OCT042245-45,0.9930,4.00,yes
2026-10-05T02:44:18.197876Z,KXETH15M-26OCT042245-45,0.9980,29.00,yes
2026-10-05T02:44:18.197876Z,KXETH15M-26OCT042245-45,0.9920,4.00,yes
2026-10-05T02:44:18.197876Z,KXETH15M-26OCT042245-45,0.9930,4.00,yes
2026-10-05T02:44:18.197876Z,KXETH15M-26OCT042245-45,0.9920,4.00,yes
2026-10-05T02:44:18.197876Z,KXETH15M-26OCT042245-45,0.9990,1843.00,yes
2026-10-05T02:44:18.205473Z,KXETH15M-26OCT042245-45,0.9950,9.00,yes
2026-10-05T02:44:18.205473Z,KXETH15M-26OCT042245-45,0.9950,9.00,yes
2026-10-05T02:44:18.216125Z,KXETH15M-26OCT042245-45,0.9970,22.00,no
2026-10-05T02:44:18.375381Z,KXETH15M-26OCT042245-45,0.9930,2.71,yes
2026-10-05T02:44:18.375381Z,KXETH15M-26OCT042245-45,0.9930,22.00,yes
2026-10-05T02:44:18.510141Z,KXETH15M-26OCT042245-45,0.9940,26.57,yes
2026-10-05T02:44:18.510141Z,KXETH15M-26OCT042245-45,0.9940,33.00,yes
2026-10-05T02:44:18.510141Z,KXETH15M-26OCT042245-45,0.9930,41.00,yes
2026-10-05T02:44:18.531421Z,KXETH15M-26OCT042245-45,0.9940,14.43,yes
2026-10-05T02:44:18.531421Z,KXETH15M-26OCT042245-45,0.9940,25.57,yes
2026-10-05T02:44:18.69606Z,KXETH15M-26OCT042245-45,0.9930,15.38,no
2026-10-05T02:44:18.778411Z,KXETH15M-26OCT042245-45,0.9930,8.00,no
2026-10-05T02:44:18.778736Z,KXETH15M-26OCT042245-45,0.9930,2.00,no
2026-10-05T02:44:18.7788Z,KXETH15M-26OCT042245-45,0.9930,1.00,no
2026-10-05T02:44:18.77891Z,KXETH15M-26OCT042245-45,0.9930,78.75,no
2026-10-05T02:44:18.77891Z,KXETH15M-26OCT042245-45,0.9930,55.38,no
2026-10-05T02:44:18.77891Z,KXETH15M-26OCT042245-45,0.9930,21.25,no
2026-10-05T02:44:18.77891Z,KXETH15M-26OCT042245-45,0.9930,373.62,no
2026-10-05T02:44:18.779021Z,KXETH15M-26OCT042245-45,0.9930,1.00,no
2026-10-05T02:44:18.779356Z,KXETH15M-26OCT042245-45,0.9930,1.00,no
2026-10-05T02:44:18.779741Z,KXETH15M-26OCT042245-45,0.9930,17.38,no
2026-10-05T02:44:18.779741Z,KXETH15M-26OCT042245-45,0.9930,42.62,no
2026-10-05T02:44:18.779741Z,KXETH15M-26OCT042245-45,0.9930,100.00,no
2026-10-05T02:44:18.881167Z,KXETH15M-26OCT042245-45,0.9940,1.43,yes
2026-10-05T02:44:18.881167Z,KXETH15M-26OCT042245-45,0.9940,20.63,yes
2026-10-05T02:44:18.948303Z,KXETH15M-26OCT042245-45,0.9930,31.77,no
2026-10-05T02:44:18.948303Z,KXETH15M-26OCT042245-45,0.9930,82.62,no
2026-10-05T02:44:18.948303Z,KXETH15M-26OCT042245-45,0.9920,16.51,no
2026-10-05T02:44:19.026722Z,KXETH15M-26OCT042245-45,0.9920,1.00,no
2026-10-05T02:44:19.026722Z,KXETH15M-26OCT042245-45,0.9920,4.49,no
2026-10-05T02:44:19.026722Z,KXETH15M-26OCT042245-45,0.9920,0.05,no
2026-10-05T02:44:19.026722Z,KXETH15M-26OCT042245-45,0.9920,0.06,no
2026-10-05T02:44:19.104051Z,KXETH15M-26OCT042245-45,0.9920,1.00,no
2026-10-05T02:44:19.212868Z,KXETH15M-26OCT042245-45,0.9930,22.00,yes
2026-10-05T02:44:19.212868Z,KXETH15M-26OCT042245-45,0.9930,2.00,yes
2026-10-05T02:44:19.237674Z,KXETH15M-26OCT042245-45,0.9930,132.67,no
2026-10-05T02:44:19.357165Z,KXETH15M-26OCT042245-45,0.9930,178.23,no
2026-10-05T02:44:19.650722Z,KXETH15M-26OCT042245-45,0.9930,6.54,no
2026-10-05T02:44:20.014268Z,KXETH15M-26OCT042245-45,0.9930,3.14,no
2026-10-05T02:44:20.090438Z,KXETH15M-26OCT042245-45,0.9930,4.00,no
2026-10-05T02:44:20.17124Z,KXETH15M-26OCT042245-45,0.9950,4.00,yes
2026-10-05T02:44:20.17124Z,KXETH15M-26OCT042245-45,0.9960,27.00,yes
2026-10-05T02:44:20.17124Z,KXETH15M-26OCT042245-45,0.9940,2.00,yes
2026-10-05T02:44:20.17124Z,KXETH15M-26OCT042245-45,0.9980,5.00,yes
2026-10-05T02:44:20.17124Z,KXETH15M-26OCT042245-45,0.9970,4.00,yes
2026-10-05T02:44:20.17124Z,KXETH15M-26OCT042245-45,0.9970,4.00,yes
2026-10-05T02:44:20.17124Z,KXETH15M-26OCT042245-45,0.9980,4.00,yes
2026-10-05T02:44:20.17124Z,KXETH15M-26OCT042245-45,0.9960,4.00,yes
2026-10-05T02:44:20.17124Z,KXETH15M-26OCT042245-45,0.9940,19.37,yes
2026-10-05T02:44:20.17124Z,KXETH15M-26OCT042245-45,0.9980,29.00,yes
2026-10-05T02:44:20.17124Z,KXETH15M-26OCT042245-45,0.9960,4.00,yes
2026-10-05T02:44:20.17124Z,KXETH15M-26OCT042245-45,0.9950,41.00,yes
2026-10-05T02:44:20.22472Z,KXETH15M-26OCT042245-45,0.9980,10.39,no
2026-10-05T02:44:20.234492Z,KXETH15M-26OCT042245-45,0.9980,532.60,no
2026-10-05T02:44:20.333071Z,KXETH15M-26OCT042245-45,0.9980,13.35,no
2026-10-05T02:44:20.64518Z,KXETH15M-26OCT042245-45,0.9950,10.00,no
2026-10-05T02:44:20.64518Z,KXETH15M-26OCT042245-45,0.9980,298.29,no
2026-10-05T02:44:20.64518Z,KXETH15M-26OCT042245-45,0.9940,24.00,no
2026-10-05T02:44:20.64518Z,KXETH15M-26OCT042245-45,0.9930,1003.43,no
2026-10-05T02:44:20.901597Z,KXETH15M-26OCT042245-45,0.9930,103.81,no
2026-10-05T02:44:20.976049Z,KXETH15M-26OCT042245-45,0.9980,29.00,yes
2026-10-05T02:44:20.976049Z,KXETH15M-26OCT042245-45,0.9970,41.00,yes
2026-10-05T02:44:20.976049Z,KXETH15M-26OCT042245-45,0.9960,41.00,yes
2026-10-05T02:44:20.976049Z,KXETH15M-26OCT042245-45,0.9970,28.00,yes
2026-10-05T02:44:20.997985Z,KXETH15M-26OCT042245-45,0.9970,5.00,yes
2026-10-05T02:44:20.997985Z,KXETH15M-26OCT042245-45,0.9980,41.00,yes
2026-10-05T02:44:20.997985Z,KXETH15M-26OCT042245-45,0.9970,41.00,yes
2026-10-05T02:44:21.053825Z,KXETH15M-26OCT042245-45,0.9930,387.18,no
2026-10-05T02:44:21.053825Z,KXETH15M-26OCT042245-45,0.9920,4.00,no
2026-10-05T02:44:21.053825Z,KXETH15M-26OCT042245-45,0.9930,4.00,no
2026-10-05T02:44:21.053825Z,KXETH15M-26OCT042245-45,0.9930,41.00,no
2026-10-05T02:44:21.053825Z,KXETH15M-26OCT042245-45,0.9920,120.78,no
2026-10-05T02:44:21.053825Z,KXETH15M-26OCT042245-45,0.9940,41.00,no
2026-10-05T02:44:21.098708Z,KXETH15M-26OCT042245-45,0.9970,41.00,yes
2026-10-05T02:44:21.098708Z,KXETH15M-26OCT042245-45,0.9970,5.00,yes
2026-10-05T02:44:21.098708Z,KXETH15M-26OCT042245-45,0.9980,41.00,yes
2026-10-05T02:44:21.098708Z,KXETH15M-26OCT042245-45,0.9970,5.00,yes
2026-10-05T02:44:21.101828Z,KXETH15M-26OCT042245-45,0.9980,27.00,yes
2026-10-05T02:44:21.109826Z,KXETH15M-26OCT042245-45,0.9980,29.00,yes
2026-10-05T02:44:21.109826Z,KXETH15M-26OCT042245-45,0.9970,5.00,yes
2026-10-05T02:44:21.109826Z,KXETH15M-26OCT042245-45,0.9950,9.00,yes
2026-10-05T02:44:21.109826Z,KXETH15M-26OCT042245-45,0.9980,41.00,yes
2026-10-05T02:44:21.109826Z,KXETH15M-26OCT042245-45,0.9950,9.00,yes
2026-10-05T02:44:21.183687Z,KXETH15M-26OCT042245-45,0.9930,5.00,no
2026-10-05T02:44:21.249192Z,KXETH15M-26OCT042245-45,0.9980,41.00,yes
2026-10-05T02:44:21.250645Z,KXETH15M-26OCT042245-45,0.9980,29.00,yes
2026-10-05T02:44:21.343306Z,KXETH15M-26OCT042245-45,0.9980,29.00,yes
2026-10-05T02:44:21.352164Z,KXETH15M-26OCT042245-45,0.9980,12.00,yes
2026-10-05T02:44:21.352164Z,KXETH15M-26OCT042245-45,0.9980,29.00,yes
2026-10-05T02:44:21.486462Z,KXETH15M-26OCT042245-45,0.9980,41.00,yes
2026-10-05T02:44:21.486462Z,KXETH15M-26OCT042245-45,0.9980,29.00,yes
2026-10-05T02:44:21.639469Z,KXETH15M-26OCT042245-45,0.9980,41.00,yes
2026-10-05T02:44:21.639469Z,KXETH15M-26OCT042245-45,0.9980,29.00,yes
2026-10-05T02:44:21.754998Z,KXETH15M-26OCT042245-45,0.9980,41.00,yes
2026-10-05T02:44:21.754998Z,KXETH15M-26OCT042245-45,0.9980,29.00,yes
2026-10-05T02:44:21.863027Z,KXETH15M-26OCT042245-45,0.9980,9.00,yes
2026-10-05T02:44:21.863027Z,KXETH15M-26OCT042245-45,0.9980,41.00,yes
2026-10-05T02:44:21.868621Z,KXETH15M-26OCT042245-45,0.9980,20.00,yes
2026-10-05T02:44:21.869256Z,KXETH15M-26OCT042245-45,0.9940,4.00,no
2026-10-05T02:44:21.869256Z,KXETH15M-26OCT042245-45,0.9940,4.00,no
2026-10-05T02:44:21.869256Z,KXETH15M-26OCT042245-45,0.9980,30.00,no
2026-10-05T02:44:21.869256Z,KXETH15M-26OCT042245-45,0.9930,27.69,no
2026-10-05T02:44:22.065051Z,KXETH15M-26OCT042245-45,0.9950,5.34,no
2026-10-05T02:44:22.131502Z,KXETH15M-26OCT042245-45,0.9920,56.25,no
2026-10-05T02:44:22.131502Z,KXETH15M-26OCT042245-45,0.9950,4.00,no
2026-10-05T02:44:22.131502Z,KXETH15M-26OCT042245-45,0.9950,35.66,no
2026-10-05T02:44:22.131502Z,KXETH15M-26OCT042245-45,0.9940,4.00,no
2026-10-05T02:44:22.131502Z,KXETH15M-26OCT042245-45,0.9940,41.00,no
2026-10-05T02:44:22.131502Z,KXETH15M-26OCT042245-45,0.9930,4.00,no
2026-10-05T02:44:22.131502Z,KXETH15M-26OCT042245-45,0.9930,24.00,no
2026-10-05T02:44:22.131502Z,KXETH15M-26OCT042245-45,0.9930,4.00,no
2026-10-05T02:44:22.238043Z,KXETH15M-26OCT042245-45,0.9970,76.00,yes
2026-10-05T02:44:22.238765Z,KXETH15M-26OCT042245-45,0.9980,29.00,yes
2026-10-05T02:44:22.238765Z,KXETH15M-26OCT042245-45,0.9980,41.00,yes
2026-10-05T02:44:22.28527Z,KXETH15M-26OCT042245-45,0.9920,20.26,no
2026-10-05T02:44:22.28527Z,KXETH15M-26OCT042245-45,0.9930,24.00,no
2026-10-05T02:44:22.28527Z,KXETH15M-26OCT042245-45,0.9940,41.00,no
2026-10-05T02:44:22.28527Z,KXETH15M-26OCT042245-45,0.9950,41.00,no
2026-10-05T02:44:22.629877Z,KXETH15M-26OCT042245-45,0.9980,29.00,yes
2026-10-05T02:44:22.629877Z,KXETH15M-26OCT042245-45,0.9980,41.00,yes
2026-10-05T02:44:22.75115Z,KXETH15M-26OCT042245-45,0.9990,30.02,yes
2026-10-05T02:44:22.773869Z,KXETH15M-26OCT042245-45,0.9950,3.00,no
2026-10-05T02:44:22.773869Z,KXETH15M-26OCT042245-45,0.9960,30.02,no
2026-10-05T02:44:22.773869Z,KXETH15M-26OCT042245-45,0.9930,3.98,no
2026-10-05T02:44:22.793595Z,KXETH15M-26OCT042245-45,0.9990,501.11,yes
2026-10-05T02:44:22.795448Z,KXETH15M-26OCT042245-45,0.9950,5.49,no
2026-10-05T02:44:22.906151Z,KXETH15M-26OCT042245-45,0.9980,0.10,no
2026-10-05T02:44:23.240236Z,KXETH15M-26OCT042245-45,0.9980,133.91,no
2026-10-05T02:44:23.263388Z,KXETH15M-26OCT042245-45,0.9980,0.13,no
2026-10-05T02:44:23.319688Z,KXETH15M-26OCT042245-45,0.9980,18.51,no
2026-10-05T02:44:23.622242Z,KXETH15M-26OCT042245-45,0.9990,23.00,yes
2026-10-05T02:44:23.696561Z,KXETH15M-26OCT042245-45,0.9980,23.00,no
2026-10-05T02:44:23.696561Z,KXETH15M-26OCT042245-45,0.9960,4.00,no
2026-10-05T02:44:23.696561Z,KXETH15M-26OCT042245-45,0.9950,4.00,no
2026-10-05T02:44:23.696561Z,KXETH15M-26OCT042245-45,0.9950,35.51,no
2026-10-05T02:44:23.696561Z,KXETH15M-26OCT042245-45,0.9980,348.46,no
2026-10-05T02:44:23.696561Z,KXETH15M-26OCT042245-45,0.9960,500.00,no
2026-10-05T02:44:23.696561Z,KXETH15M-26OCT042245-45,0.9980,78.00,no
2026-10-05T02:44:23.77205Z,KXETH15M-26OCT042245-45,0.9960,41.00,no
2026-10-05T02:44:23.77205Z,KXETH15M-26OCT042245-45,0.9940,4.00,no
2026-10-05T02:44:23.77205Z,KXETH15M-26OCT042245-45,0.9950,41.00,no
2026-10-05T02:44:23.77205Z,KXETH15M-26OCT042245-45,0.9940,4.00,no
2026-10-05T02:44:23.77205Z,KXETH15M-26OCT042245-45,0.9920,22.56,no
2026-10-05T02:44:23.77205Z,KXETH15M-26OCT042245-45,0.9930,3.98,no
2026-10-05T02:44:23.77205Z,KXETH15M-26OCT042245-45,0.9930,20.02,no
2026-10-05T02:44:23.77205Z,KXETH15M-26OCT042245-45,0.9930,4.00,no
2026-10-05T02:44:23.812322Z,KXETH15M-26OCT042245-45,0.9980,10.13,no
2026-10-05T02:44:23.886012Z,KXETH15M-26OCT042245-45,0.9990,578.00,yes
2026-10-05T02:44:23.89343Z,KXETH15M-26OCT042245-45,0.9930,4.00,no
2026-10-05T02:44:23.89343Z,KXETH15M-26OCT042245-45,0.9930,24.00,no
2026-10-05T02:44:23.89343Z,KXETH15M-26OCT042245-45,0.9980,43.87,no
2026-10-05T02:44:23.89343Z,KXETH15M-26OCT042245-45,0.9950,41.00,no
2026-10-05T02:44:23.89343Z,KXETH15M-26OCT042245-45,0.9960,41.00,no
2026-10-05T02:44:23.89343Z,KXETH15M-26OCT042245-45,0.9920,66.74,no
2026-10-05T02:44:24.072655Z,KXETH15M-26OCT042245-45,0.9970,22.36,no
2026-10-05T02:44:24.154696Z,KXETH15M-26OCT042245-45,0.9990,20.01,yes
2026-10-05T02:44:24.17785Z,KXETH15M-26OCT042245-45,0.9980,12.69,no
2026-10-05T02:44:24.283937Z,KXETH15M-26OCT042245-45,0.9980,5.00,no
2026-10-05T02:44:24.283937Z,KXETH15M-26OCT042245-45,0.9980,7.32,no
2026-10-05T02:44:24.325031Z,KXETH15M-26OCT042245-45,0.9980,284.00,yes
2026-10-05T02:44:24.333539Z,KXETH15M-26OCT042245-45,0.9980,2.00,yes
2026-10-05T02:44:24.425513Z,KXETH15M-26OCT042245-45,0.9980,9.00,yes
2026-10-05T02:44:24.434426Z,KXETH15M-26OCT042245-45,0.9970,155.79,no
2026-10-05T02:44:24.483089Z,KXETH15M-26OCT042245-45,0.9970,32.12,no
2026-10-05T02:44:24.669761Z,KXETH15M-26OCT042245-45,0.9980,2.00,yes
2026-10-05T02:44:24.680432Z,KXETH15M-26OCT042245-45,0.9980,2.00,yes
2026-10-05T02:44:24.687965Z,KXETH15M-26OCT042245-45,0.9980,2.00,yes
2026-10-05T02:44:24.69691Z,KXETH15M-26OCT042245-45,0.9980,2.00,yes
2026-10-05T02:44:24.707561Z,KXETH15M-26OCT042245-45,0.9980,2.00,yes
2026-10-05T02:44:24.71751Z,KXETH15M-26OCT042245-45,0.9980,2.00,yes
2026-10-05T02:44:24.900514Z,KXETH15M-26OCT042245-45,0.9980,208.05,yes
2026-10-05T02:44:24.900514Z,KXETH15M-26OCT042245-45,0.9980,130.68,yes
2026-10-05T02:44:24.900514Z,KXETH15M-26OCT042245-45,0.9980,29.00,yes
2026-10-05T02:44:24.941822Z,KXETH15M-26OCT042245-45,0.9980,2.00,yes
2026-10-05T02:44:24.948084Z,KXETH15M-26OCT042245-45,0.9980,2.00,yes
2026-10-05T02:44:24.95635Z,KXETH15M-26OCT042245-45,0.9980,2.00,yes
2026-10-05T02:44:24.962736Z,KXETH15M-26OCT042245-45,0.9980,2.00,yes
2026-10-05T02:44:24.972001Z,KXETH15M-26OCT042245-45,0.9980,2.00,yes
2026-10-05T02:44:24.978036Z,KXETH15M-26OCT042245-45,0.9980,2.00,yes
2026-10-05T02:44:25.096224Z,KXETH15M-26OCT042245-45,0.9980,7.00,yes
2026-10-05T02:44:25.104479Z,KXETH15M-26OCT042245-45,0.9980,2.00,yes
2026-10-05T02:44:25.151112Z,KXETH15M-26OCT042245-45,0.9980,20.00,yes
2026-10-05T02:44:25.159108Z,KXETH15M-26OCT042245-45,0.9980,2.00,yes
2026-10-05T02:44:25.167403Z,KXETH15M-26OCT042245-45,0.9980,2.00,yes
2026-10-05T02:44:25.175316Z,KXETH15M-26OCT042245-45,0.9980,2.00,yes
2026-10-05T02:44:25.180685Z,KXETH15M-26OCT042245-45,0.9980,2.00,yes
2026-10-05T02:44:25.186855Z,KXETH15M-26OCT042245-45,0.9980,2.00,yes
2026-10-05T02:44:25.193115Z,KXETH15M-26OCT042245-45,0.9980,2.00,yes
2026-10-05T02:44:25.20118Z,KXETH15M-26OCT042245-45,0.9980,2.00,yes
2026-10-05T02:44:25.20403Z,KXETH15M-26OCT042245-45,0.9980,8.00,yes
2026-10-05T02:44:25.208967Z,KXETH15M-26OCT042245-45,0.9980,10.00,yes
2026-10-05T02:44:25.211741Z,KXETH15M-26OCT042245-45,0.9980,2.00,yes
2026-10-05T02:44:25.21754Z,KXETH15M-26OCT042245-45,0.9980,2.00,yes
2026-10-05T02:44:25.414127Z,KXETH15M-26OCT042245-45,0.9970,124.62,no
2026-10-05T02:44:25.441574Z,KXETH15M-26OCT042245-45,0.9980,150.27,yes
2026-10-05T02:44:25.581789Z,KXETH15M-26OCT042245-45,0.9980,19.39,yes
2026-10-05T02:44:25.767252Z,KXETH15M-26OCT042245-45,0.9970,11.38,no
2026-10-05T02:44:25.767252Z,KXETH15M-26OCT042245-45,0.9970,10.00,no
2026-10-05T02:44:25.767252Z,KXETH15M-26OCT042245-45,0.9970,53.62,no
2026-10-05T02:44:25.888817Z,KXETH15M-26OCT042245-45,0.9970,23.00,no
2026-10-05T02:44:25.888817Z,KXETH15M-26OCT042245-45,0.9970,16.00,no
2026-10-05T02:44:25.929003Z,KXETH15M-26OCT042245-45,0.9950,41.00,no
2026-10-05T02:44:25.929003Z,KXETH15M-26OCT042245-45,0.9940,5.29,no
2026-10-05T02:44:26.008958Z,KXETH15M-26OCT042245-45,0.9970,15.00,no
2026-10-05T02:44:26.20715Z,KXETH15M-26OCT042245-45,0.9960,63.00,no
2026-10-05T02:44:26.20715Z,KXETH15M-26OCT042245-45,0.9950,41.00,no
2026-10-05T02:44:26.20715Z,KXETH15M-26OCT042245-45,0.9960,41.00,no
2026-10-05T02:44:26.20715Z,KXETH15M-26OCT042245-45,0.9950,2.03,no
2026-10-05T02:44:26.20715Z,KXETH15M-26OCT042245-45,0.9960,21.00,no
2026-10-05T02:44:26.227857Z,KXETH15M-26OCT042245-45,0.9960,20.07,no
2026-10-05T02:44:26.228056Z,KXETH15M-26OCT042245-45,0.9970,9.86,yes
2026-10-05T02:44:26.570018Z,KXETH15M-26OCT042245-45,0.9920,41.09,no
2026-10-05T02:44:26.570018Z,KXETH15M-26OCT042245-45,0.9930,24.00,no
2026-10-05T02:44:26.570018Z,KXETH15M-26OCT042245-45,0.9960,20.93,no
2026-10-05T02:44:26.570018Z,KXETH15M-26OCT042245-45,0.9950,41.00,no
2026-10-05T02:44:26.570018Z,KXETH15M-26OCT042245-45,0.9960,3.00,no
2026-10-05T02:44:26.570018Z,KXETH15M-26OCT042245-45,0.9960,18.00,no
2026-10-05T02:44:26.633808Z,KXETH15M-26OCT042245-45,0.9960,11.00,yes
2026-10-05T02:44:26.633808Z,KXETH15M-26OCT042245-45,0.9960,7.00,yes
2026-10-05T02:44:26.633808Z,KXETH15M-26OCT042245-45,0.9960,46.00,yes
2026-10-05T02:44:26.856106Z,KXETH15M-26OCT042245-45,0.9920,8.19,no
2026-10-05T02:44:26.856106Z,KXETH15M-26OCT042245-45,0.9930,24.00,no
2026-10-05T02:44:26.856106Z,KXETH15M-26OCT042245-45,0.9950,41.00,no
2026-10-05T02:44:26.856106Z,KXETH15M-26OCT042245-45,0.9950,37.00,no
2026-10-05T02:44:26.856106Z,KXETH15M-26OCT042245-45,0.9940,41.00,no
2026-10-05T02:44:26.856106Z,KXETH15M-26OCT042245-45,0.9930,3.00,no
2026-10-05T02:44:26.947184Z,KXETH15M-26OCT042245-45,0.9930,1.88,no
2026-10-05T02:44:27.03271Z,KXETH15M-26OCT042245-45,0.9960,0.04,yes
2026-10-05T02:44:27.300964Z,KXETH15M-26OCT042245-45,0.9950,65.00,no
2026-10-05T02:44:27.300964Z,KXETH15M-26OCT042245-45,0.9950,4.00,no
2026-10-05T02:44:27.300964Z,KXETH15M-26OCT042245-45,0.9950,31.00,no
2026-10-05T02:44:27.300964Z,KXETH15M-26OCT042245-45,0.9950,41.00,no
2026-10-05T02:44:27.300964Z,KXETH15M-26OCT042245-45,0.9940,34.08,no
2026-10-05T02:44:27.363878Z,KXETH15M-26OCT042245-45,0.9930,0.70,no
2026-10-05T02:44:27.363878Z,KXETH15M-26OCT042245-45,0.9940,13.00,no
2026-10-05T02:44:27.363878Z,KXETH15M-26OCT042245-45,0.9940,6.92,no
2026-10-05T02:44:27.364689Z,KXETH15M-26OCT042245-45,0.9930,19.30,no
2026-10-05T02:44:27.364689Z,KXETH15M-26OCT042245-45,0.9920,7.36,no
2026-10-05T02:44:27.430126Z,KXETH15M-26OCT042245-45,0.9960,0.04,yes
2026-10-05T02:44:27.430126Z,KXETH15M-26OCT042245-45,0.9960,58.00,yes
2026-10-05T02:44:27.430126Z,KXETH15M-26OCT042245-45,0.9960,10.96,yes
2026-10-05T02:44:27.430126Z,KXETH15M-26OCT042245-45,0.9960,28.00,yes
2026-10-05T02:44:27.448426Z,KXETH15M-26OCT042245-45,0.9940,83.00,no
2026-10-05T02:44:27.448426Z,KXETH15M-26OCT042245-45,0.9940,20.00,no
2026-10-05T02:44:27.448426Z,KXETH15M-26OCT042245-45,0.9930,24.00,no
2026-10-05T02:44:27.448426Z,KXETH15M-26OCT042245-45,0.9960,17.00,no
2026-10-05T02:44:27.448426Z,KXETH15M-26OCT042245-45,0.9940,106.00,no
2026-10-05T02:44:27.448426Z,KXETH15M-26OCT042245-45,0.9950,20.00,no
2026-10-05T02:44:27.448426Z,KXETH15M-26OCT042245-45,0.9920,9.45,no
2026-10-05T02:44:27.448426Z,KXETH15M-26OCT042245-45,0.9920,50.00,no
2026-10-05T02:44:27.448426Z,KXETH15M-26OCT042245-45,0.9920,40.00,no
2026-10-05T02:44:27.448426Z,KXETH15M-26OCT042245-45,0.9920,4.00,no
2026-10-05T02:44:27.448426Z,KXETH15M-26OCT042245-45,0.9920,25.00,no
2026-10-05T02:44:27.448426Z,KXETH15M-26OCT042245-45,0.9920,222.77,no
2026-10-05T02:44:27.448426Z,KXETH15M-26OCT042245-45,0.9920,4.00,no
2026-10-05T02:44:27.465451Z,KXETH15M-26OCT042245-45,0.9950,3.40,no
2026-10-05T02:44:27.760814Z,KXETH15M-26OCT042245-45,0.9940,20.00,no
2026-10-05T02:44:27.760814Z,KXETH15M-26OCT042245-45,0.9930,24.00,no
2026-10-05T02:44:27.760814Z,KXETH15M-26OCT042245-45,0.9950,16.60,no
2026-10-05T02:44:27.760814Z,KXETH15M-26OCT042245-45,0.9950,26.00,no
2026-10-05T02:44:27.760814Z,KXETH15M-26OCT042245-45,0.9920,6.93,no
2026-10-05T02:44:27.760814Z,KXETH15M-26OCT042245-45,0.9920,30.55,no
2026-10-05T02:44:28.148749Z,KXETH15M-26OCT042245-45,0.9940,2.01,yes
2026-10-05T02:44:28.430709Z,KXETH15M-26OCT042245-45,0.9940,30.00,yes
2026-10-05T02:44:28.430709Z,KXETH15M-26OCT042245-45,0.9940,25.99,yes
2026-10-05T02:44:28.430709Z,KXETH15M-26OCT042245-45,0.9970,5.00,yes
2026-10-05T02:44:28.430709Z,KXETH15M-26OCT042245-45,0.9970,31.14,yes
2026-10-05T02:44:28.430709Z,KXETH15M-26OCT042245-45,0.9980,1387.87,yes
2026-10-05T02:44:28.479015Z,KXETH15M-26OCT042245-45,0.9930,31.00,no
2026-10-05T02:44:28.479015Z,KXETH15M-26OCT042245-45,0.9930,39.00,no
2026-10-05T02:44:28.479015Z,KXETH15M-26OCT042245-45,0.9930,24.00,no
2026-10-05T02:44:28.479015Z,KXETH15M-26OCT042245-45,0.9930,20.00,no
2026-10-05T02:44:28.479015Z,KXETH15M-26OCT042245-45,0.9920,5.87,no
2026-10-05T02:44:28.547269Z,KXETH15M-26OCT042245-45,0.9940,67.00,yes
2026-10-05T02:44:28.547269Z,KXETH15M-26OCT042245-45,0.9940,1.00,yes
2026-10-05T02:44:28.547269Z,KXETH15M-26OCT042245-45,0.9970,5.00,yes
2026-10-05T02:44:28.547269Z,KXETH15M-26OCT042245-45,0.9980,565.00,yes
2026-10-05T02:44:28.556511Z,KXETH15M-26OCT042245-45,0.9950,9.00,yes
2026-10-05T02:44:28.824962Z,KXETH15M-26OCT042245-45,0.9970,202.00,yes
2026-10-05T02:44:28.824962Z,KXETH15M-26OCT042245-45,0.9970,5.00,yes
2026-10-05T02:44:28.87356Z,KXETH15M-26OCT042245-45,0.9960,15.00,no
2026-10-05T02:44:28.87356Z,KXETH15M-26OCT042245-45,0.9960,107.31,no
2026-10-05T02:44:28.949562Z,KXETH15M-26OCT042245-45,0.9980,15.53,yes
2026-10-05T02:44:29.049198Z,KXETH15M-26OCT042245-45,0.9960,14.00,no
2026-10-05T02:44:29.049198Z,KXETH15M-26OCT042245-45,0.9960,83.00,no
2026-10-05T02:44:29.049198Z,KXETH15M-26OCT042245-45,0.9950,92.16,no
2026-10-05T02:44:29.049198Z,KXETH15M-26OCT042245-45,0.9960,7.69,no
2026-10-05T02:44:29.119944Z,KXETH15M-26OCT042245-45,0.9960,208.02,no
2026-10-05T02:44:29.241344Z,KXETH15M-26OCT042245-45,0.9980,381.23,yes
2026-10-05T02:44:29.241344Z,KXETH15M-26OCT042245-45,0.9980,1110.95,yes
2026-10-05T02:44:29.26707Z,KXETH15M-26OCT042245-45,0.9960,37.80,no
2026-10-05T02:44:29.30377Z,KXETH15M-26OCT042245-45,0.9960,23.37,no
2026-10-05T02:44:29.505782Z,KXETH15M-26OCT042245-45,0.9960,186.97,no
2026-10-05T02:44:29.511209Z,KXETH15M-26OCT042245-45,0.9980,1.50,yes
2026-10-05T02:44:29.550674Z,KXETH15M-26OCT042245-45,0.9980,10.48,yes
2026-10-05T02:44:29.550674Z,KXETH15M-26OCT042245-45,0.9980,117.27,yes
2026-10-05T02:44:29.751212Z,KXETH15M-26OCT042245-45,0.9960,229.04,no
2026-10-05T02:44:30.024223Z,KXETH15M-26OCT042245-45,0.9960,57.27,no
2026-10-05T02:44:30.024618Z,KXETH15M-26OCT042245-45,0.9960,240.24,no
2026-10-05T02:44:30.131587Z,KXETH15M-26OCT042245-45,0.9960,15.14,no
2026-10-05T02:44:30.202135Z,KXETH15M-26OCT042245-45,0.9980,1.00,yes
2026-10-05T02:44:30.22498Z,KXETH15M-26OCT042245-45,0.9980,2.00,yes
2026-10-05T02:44:30.334819Z,KXETH15M-26OCT042245-45,0.9970,46.00,no
2026-10-05T02:44:30.334819Z,KXETH15M-26OCT042245-45,0.9960,146.72,no
2026-10-05T02:44:30.334819Z,KXETH15M-26OCT042245-45,0.9970,41.00,no
2026-10-05T02:44:30.561955Z,KXETH15M-26OCT042245-45,0.9980,27.52,yes
2026-10-05T02:44:30.561955Z,KXETH15M-26OCT042245-45,0.9980,29.00,yes
2026-10-05T02:44:30.561955Z,KXETH15M-26OCT042245-45,0.9980,70.48,yes
2026-10-05T02:44:30.613224Z,KXETH15M-26OCT042245-45,0.9970,1.97,no
2026-10-05T02:44:30.652156Z,KXETH15M-26OCT042245-45,0.9970,40.84,no
2026-10-05T02:44:30.652156Z,KXETH15M-26OCT042245-45,0.9970,32.03,no
2026-10-05T02:44:30.652156Z,KXETH15M-26OCT042245-45,0.9970,41.00,no
2026-10-05T02:44:30.652156Z,KXETH15M-26OCT042245-45,0.9970,3.00,no
2026-10-05T02:44:30.743591Z,KXETH15M-26OCT042245-45,0.9980,0.52,yes
2026-10-05T02:44:30.743591Z,KXETH15M-26OCT042245-45,0.9980,30.00,yes
2026-10-05T02:44:30.743591Z,KXETH15M-26OCT042245-45,0.9980,29.00,yes
2026-10-05T02:44:30.743591Z,KXETH15M-26OCT042245-45,0.9980,40.48,yes
2026-10-05T02:44:30.878862Z,KXETH15M-26OCT042245-45,0.9980,28.48,yes
2026-10-05T02:44:30.878862Z,KXETH15M-26OCT042245-45,0.9980,0.52,yes
2026-10-05T02:44:31.006308Z,KXETH15M-26OCT042245-45,0.9980,41.00,yes
2026-10-05T02:44:31.006308Z,KXETH15M-26OCT042245-45,0.9980,27.48,yes
2026-10-05T02:44:31.006308Z,KXETH15M-26OCT042245-45,0.9980,0.52,yes
2026-10-05T02:44:31.139752Z,KXETH15M-26OCT042245-45,0.9980,41.00,yes
2026-10-05T02:44:31.139752Z,KXETH15M-26OCT042245-45,0.9980,29.00,yes
2026-10-05T02:44:31.23493Z,KXETH15M-26OCT042245-45,0.9970,8.24,no
2026-10-05T02:44:31.315622Z,KXETH15M-26OCT042245-45,0.9980,30.00,no
2026-10-05T02:44:31.315622Z,KXETH15M-26OCT042245-45,0.9980,47.89,no
2026-10-05T02:44:31.601214Z,KXETH15M-26OCT042245-45,0.9980,45.19,no
2026-10-05T02:44:31.601214Z,KXETH15M-26OCT042245-45,0.9980,31.11,no
2026-10-05T02:44:31.689474Z,KXETH15M-26OCT042245-45,0.9980,4.81,no
2026-10-05T02:44:31.689474Z,KXETH15M-26OCT042245-45,0.9980,50.00,no
2026-10-05T02:44:31.689474Z,KXETH15M-26OCT042245-45,0.9970,41.00,no
2026-10-05T02:44:31.689474Z,KXETH15M-26OCT042245-45,0.9960,4.76,no
2026-10-05T02:44:31.78116Z,KXETH15M-26OCT042245-45,0.9970,12.00,yes
2026-10-05T02:44:31.829768Z,KXETH15M-26OCT042245-45,0.9970,72.00,yes
2026-10-05T02:44:31.829768Z,KXETH15M-26OCT042245-45,0.9970,37.00,yes
2026-10-05T02:44:31.863147Z,KXETH15M-26OCT042245-45,0.9960,16.00,no
2026-10-05T02:44:31.878038Z,KXETH15M-26OCT042245-45,0.9980,4.00,yes
2026-10-05T02:44:31.878038Z,KXETH15M-26OCT042245-45,0.9980,80.00,yes
2026-10-05T02:44:31.878038Z,KXETH15M-26OCT042245-45,0.9980,29.00,yes
2026-10-05T02:44:31.901555Z,KXETH15M-26OCT042245-45,0.9970,41.00,no
2026-10-05T02:44:31.901555Z,KXETH15M-26OCT042245-45,0.9970,39.00,no
2026-10-05T02:44:31.901555Z,KXETH15M-26OCT042245-45,0.9960,153.72,no
2026-10-05T02:44:31.986568Z,KXETH15M-26OCT042245-45,0.9980,29.00,yes
2026-10-05T02:44:31.986568Z,KXETH15M-26OCT042245-45,0.9980,102.00,yes
2026-10-05T02:44:32.111152Z,KXETH15M-26OCT042245-45,0.9960,458.07,no
2026-10-05T02:44:32.497533Z,KXETH15M-26OCT042245-45,0.9990,1.00,yes
2026-10-05T02:44:32.593308Z,KXETH15M-26OCT042245-45,0.9990,200.00,yes
2026-10-05T02:44:32.656835Z,KXETH15M-26OCT042245-45,0.9980,15.08,no
2026-10-05T02:44:32.656835Z,KXETH15M-26OCT042245-45,0.9980,11.00,no
2026-10-05T02:44:32.896517Z,KXETH15M-26OCT042245-45,0.9990,123.74,yes
2026-10-05T02:44:32.9801Z,KXETH15M-26OCT042245-45,0.9960,109.66,no
2026-10-05T02:44:32.9801Z,KXETH15M-26OCT042245-45,0.9980,107.92,no
2026-10-05T02:44:32.9801Z,KXETH15M-26OCT042245-45,0.9970,41.00,no
2026-10-05T02:44:33.471107Z,KXETH15M-26OCT042245-45,0.9980,29.00,yes
2026-10-05T02:44:33.471107Z,KXETH15M-26OCT042245-45,0.9980,73.00,yes
2026-10-05T02:44:33.477035Z,KXETH15M-26OCT042245-45,0.9990,57.86,yes
2026-10-05T02:44:33.611104Z,KXETH15M-26OCT042245-45,0.9960,20.76,no
2026-10-05T02:44:33.674604Z,KXETH15M-26OCT042245-45,0.9990,19.69,yes
2026-10-05T02:44:33.759637Z,KXETH15M-26OCT042245-45,0.9960,6.10,no
2026-10-05T02:44:33.85258Z,KXETH15M-26OCT042245-45,0.9960,934.82,no
2026-10-05T02:44:34.035977Z,KXETH15M-26OCT042245-45,0.9980,2337.07,no
2026-10-05T02:44:34.535969Z,KXETH15M-26OCT042245-45,0.9980,3.00,no
2026-10-05T02:44:34.535969Z,KXETH15M-26OCT042245-45,0.9980,123.00,no
2026-10-05T02:44:34.535969Z,KXETH15M-26OCT042245-45,0.9980,2982.93,no
2026-10-05T02:44:35.058568Z,KXETH15M-26OCT042245-45,0.9980,97.00,yes
2026-10-05T02:44:35.058568Z,KXETH15M-26OCT042245-45,0.9980,29.00,yes
2026-10-05T02:44:35.178691Z,KXETH15M-26OCT042245-45,0.9980,29.00,yes
2026-10-05T02:44:35.178691Z,KXETH15M-26OCT042245-45,0.9980,47.00,yes
2026-10-05T02:44:35.263362Z,KXETH15M-26OCT042245-45,0.9970,19.00,no
2026-10-05T02:44:35.263362Z,KXETH15M-26OCT042245-45,0.9970,62.00,no
2026-10-05T02:44:35.311697Z,KXETH15M-26OCT042245-45,0.9980,21.00,yes
2026-10-05T02:44:35.311697Z,KXETH15M-26OCT042245-45,0.9980,29.00,yes
2026-10-05T02:44:35.45022Z,KXETH15M-26OCT042245-45,0.9980,29.00,yes
2026-10-05T02:44:35.45022Z,KXETH15M-26OCT042245-45,0.9980,34.00,yes
2026-10-05T02:44:35.746455Z,KXETH15M-26OCT042245-45,0.9990,2.00,yes
2026-10-05T02:44:35.765935Z,KXETH15M-26OCT042245-45,0.9970,28.11,no
2026-10-05T02:44:35.765935Z,KXETH15M-26OCT042245-45,0.9970,22.00,no
2026-10-05T02:44:35.901177Z,KXETH15M-26OCT042245-45,0.9980,3.13,no
2026-10-05T02:44:35.936525Z,KXETH15M-26OCT042245-45,0.9980,17.56,no
2026-10-05T02:44:35.957084Z,KXETH15M-26OCT042245-45,0.9980,581.00,no
2026-10-05T02:44:35.957084Z,KXETH15M-26OCT042245-45,0.9980,83.00,no
2026-10-05T02:44:35.957084Z,KXETH15M-26OCT042245-45,0.9980,10.00,no
2026-10-05T02:44:35.957084Z,KXETH15M-26OCT042245-45,0.9970,19.00,no
2026-10-05T02:44:35.957084Z,KXETH15M-26OCT042245-45,0.9980,18.31,no
2026-10-05T02:44:35.957084Z,KXETH15M-26OCT042245-45,0.9970,22.00,no
2026-10-05T02:44:35.957084Z,KXETH15M-26OCT042245-45,0.9960,469.06,no
2026-10-05T02:44:36.053705Z,KXETH15M-26OCT042245-45,0.9980,74.00,yes
2026-10-05T02:44:36.95912Z,KXETH15M-26OCT042245-45,0.9990,10.00,yes
2026-10-05T02:44:37.266359Z,KXETH15M-26OCT042245-45,0.9960,9.87,no
2026-10-05T02:44:37.475573Z,KXETH15M-26OCT042245-45,0.9980,21.55,yes
2026-10-05T02:44:37.475573Z,KXETH15M-26OCT042245-45,0.9990,78.54,yes
2026-10-05T02:44:37.541252Z,KXETH15M-26OCT042245-45,0.9980,21.00,yes
2026-10-05T02:44:37.625726Z,KXETH15M-26OCT042245-45,0.9980,47.04,yes
2026-10-05T02:44:37.67109Z,KXETH15M-26OCT042245-45,0.9980,29.00,yes
2026-10-05T02:44:37.67109Z,KXETH15M-26OCT042245-45,0.9980,5.96,yes
2026-10-05T02:44:37.67109Z,KXETH15M-26OCT042245-45,0.9980,22.00,yes
2026-10-05T02:44:38.080726Z,KXETH15M-26OCT042245-45,0.9990,392.83,yes
2026-10-05T02:44:38.080726Z,KXETH15M-26OCT042245-45,0.9990,107.17,yes
2026-10-05T02:44:38.337014Z,KXETH15M-26OCT042245-45,0.9980,142.00,no
2026-10-05T02:44:38.337014Z,KXETH15M-26OCT042245-45,0.9980,64.00,no
2026-10-05T02:44:38.337014Z,KXETH15M-26OCT042245-45,0.9980,261.42,no
2026-10-05T02:44:38.506962Z,KXETH15M-26OCT042245-45,0.9990,100.00,yes
2026-10-05T02:44:38.506962Z,KXETH15M-26OCT042245-45,0.9990,39.00,yes
2026-10-05T02:44:38.506962Z,KXETH15M-26OCT042245-45,0.9990,41.00,yes
2026-10-05T02:44:38.506962Z,KXETH15M-26OCT042245-45,0.9990,58.00,yes
2026-10-05T02:44:38.506962Z,KXETH15M-26OCT042245-45,0.9990,400.00,yes
2026-10-05T02:44:38.506962Z,KXETH15M-26OCT042245-45,0.9990,1.00,yes
2026-10-05T02:44:38.506962Z,KXETH15M-26OCT042245-45,0.9990,607.17,yes
2026-10-05T02:44:38.506962Z,KXETH15M-26OCT042245-45,0.9990,400.00,yes
2026-10-05T02:44:38.506962Z,KXETH15M-26OCT042245-45,0.9990,1.00,yes
2026-10-05T02:44:38.506962Z,KXETH15M-26OCT042245-45,0.9990,2000.00,yes
2026-10-05T02:44:38.506962Z,KXETH15M-26OCT042245-45,0.9990,1.00,yes
2026-10-05T02:44:38.506962Z,KXETH15M-26OCT042245-45,0.9990,100.00,yes
2026-10-05T02:44:39.150044Z,KXETH15M-26OCT042245-45,0.9990,52.04,no
2026-10-05T02:44:39.54899Z,KXETH15M-26OCT042245-45,0.9990,915.99,no
2026-10-05T02:44:39.65524Z,KXETH15M-26OCT042245-45,0.9990,91.62,no
2026-10-05T02:44:39.692004Z,KXETH15M-26OCT042245-45,0.9990,34.17,no
2026-10-05T02:44:39.775192Z,KXETH15M-26OCT042245-45,0.9990,20.21,no
2026-10-05T02:44:40.065413Z,KXETH15M-26OCT042245-45,0.9990,86.12,no
2026-10-05T02:44:40.264004Z,KXETH15M-26OCT042245-45,0.9990,97.00,no
2026-10-05T02:44:40.312122Z,KXETH15M-26OCT042245-45,0.9990,140.27,no
2026-10-05T02:44:40.3841Z,KXETH15M-26OCT042245-45,0.9990,915.99,no
2026-10-05T02:44:40.604149Z,KXETH15M-26OCT042245-45,0.9990,8.24,no
2026-10-05T02:44:40.708682Z,KXETH15M-26OCT042245-45,0.9990,200.00,no
2026-10-05T02:44:40.953662Z,KXETH15M-26OCT042245-45,0.9990,34.25,no
2026-10-05T02:44:41.003712Z,KXETH15M-26OCT042245-45,0.9990,915.99,no
2026-10-05T02:44:41.292997Z,KXETH15M-26OCT042245-45,0.9990,915.99,no
2026-10-05T02:44:41.568268Z,KXETH15M-26OCT042245-45,0.9990,34.00,no
2026-10-05T02:44:42.144324Z,KXETH15M-26OCT042245-45,0.9990,38.54,no
2026-10-05T02:44:42.278792Z,KXETH15M-26OCT042245-45,0.9990,1354.67,no
2026-10-05T02:44:42.950788Z,KXETH15M-26OCT042245-45,0.9990,12.62,no
2026-10-05T02:44:43.553855Z,KXETH15M-26OCT042245-45,0.9990,575.54,no
2026-10-05T02:44:43.557262Z,KXETH15M-26OCT042245-45,0.9990,1831.90,no
2026-10-05T02:44:43.599816Z,KXETH15M-26OCT042245-45,0.9990,9.20,no
2026-10-05T02:44:44.469671Z,KXETH15M-26OCT042245-45,0.9990,41.35,no
2026-10-05T02:44:44.963887Z,KXETH15M-26OCT042245-45,0.9990,458.04,no
2026-10-05T02:44:45.192525Z,KXETH15M-26OCT042245-45,0.9990,54.10,no
2026-10-05T02:44:45.196457Z,KXETH15M-26OCT042245-45,0.9990,11.03,no
2026-10-05T02:44:45.908924Z,KXETH15M-26OCT042245-45,0.9990,458.04,no
2026-10-05T02:44:46.398035Z,KXETH15M-26OCT042245-45,0.9990,1043.15,no
2026-10-05T02:44:46.790933Z,KXETH15M-26OCT042245-45,0.9990,0.69,no
2026-10-05T02:44:46.930762Z,KXETH15M-26OCT042245-45,0.9990,41.50,no
2026-10-05T02:44:47.073039Z,KXETH15M-26OCT042245-45,0.9990,183.25,no
2026-10-05T02:44:47.320463Z,KXETH15M-26OCT042245-45,0.9990,915.99,no
2026-10-05T02:44:47.89478Z,KXETH15M-26OCT042245-45,0.9990,248.75,no
2026-10-05T02:44:47.985582Z,KXETH15M-26OCT042245-45,0.9990,1831.90,no
2026-10-05T02:44:48.560006Z,KXETH15M-26OCT042245-45,0.9990,915.99,no
2026-10-05T02:44:50.332415Z,KXETH15M-26OCT042245-45,0.9990,100.00,no
2026-10-05T02:44:52.01472Z,KXETH15M-26OCT042245-45,0.9990,154.27,no
2026-10-05T02:44:52.071318Z,KXETH15M-26OCT042245-45,0.9990,709.00,no
2026-10-05T02:44:52.267516Z,KXETH15M-26OCT042245-45,0.9990,8.91,no
2026-10-05T02:44:52.914309Z,KXETH15M-26OCT042245-45,0.9990,915.99,no
2026-10-05T02:44:52.982385Z,KXETH15M-26OCT042245-45,0.9990,47.00,no
2026-10-05T02:44:54.808603Z,KXETH15M-26OCT042245-45,0.9990,915.99,no
2026-10-05T02:44:55.534664Z,KXETH15M-26OCT042245-45,0.9990,403.06,no
2026-10-05T02:44:57.751586Z,KXETH15M-26OCT042245-45,0.9990,5.05,no
2026-10-05T02:44:58.153297Z,KXETH15M-26OCT042245-45,0.9990,183.56,no
2026-10-05T02:44:58.153297Z,KXETH15M-26OCT042245-45,0.9990,726.43,no
2026-10-05T02:44:58.153297Z,KXETH15M-26OCT042245-45,0.9990,3.00,no
2026-10-05T02:44:58.153297Z,KXETH15M-26OCT042245-45,0.9990,3.00,no
2026-10-05T02:44:59.087197Z,KXETH15M-26OCT042245-45,0.9990,915.99,no
2026-10-05T02:43:47.651097Z,KXUSDJPY15M-26OCT042245-30,0.9700,1.00,yes
2026-10-05T02:43:47.651097Z,KXUSDJPY15M-26OCT042245-30,0.9800,1.00,yes
2026-10-05T02:43:47.651097Z,KXUSDJPY15M-26OCT042245-30,0.9800,13.44,yes
2026-10-05T02:43:50.250302Z,KXUSDJPY15M-26OCT042245-30,0.9900,9.08,yes
2026-10-05T02:43:54.045755Z,KXUSDJPY15M-26OCT042245-30,0.9900,10.18,yes
2026-10-05T02:43:54.045755Z,KXUSDJPY15M-26OCT042245-30,0.9900,0.92,yes
2026-10-05T02:43:59.123424Z,KXUSDJPY15M-26OCT042245-30,0.9900,11.10,yes
2026-10-05T02:44:05.24099Z,KXUSDJPY15M-26OCT042245-30,0.9900,11.10,yes
2026-10-05T02:44:09.003004Z,KXUSDJPY15M-26OCT042245-30,0.9900,22.20,yes
2026-10-05T02:44:09.774261Z,KXUSDJPY15M-26OCT042245-30,0.9800,2.45,no
2026-10-05T02:44:12.636161Z,KXUSDJPY15M-26OCT042245-30,0.9900,25.42,yes
2026-10-05T02:44:12.636161Z,KXUSDJPY15M-26OCT042245-30,0.9900,1.00,yes
2026-10-05T02:44:12.636161Z,KXUSDJPY15M-26OCT042245-30,0.9900,3.88,yes
2026-10-05T02:44:12.636161Z,KXUSDJPY15M-26OCT042245-30,0.9900,2.00,yes
2026-10-05T02:44:12.636161Z,KXUSDJPY15M-26OCT042245-30,0.9900,1.00,yes
2026-10-05T02:44:12.648717Z,KXUSDJPY15M-26OCT042245-30,0.9900,15.00,yes
2026-10-05T02:44:16.548274Z,KXUSDJPY15M-26OCT042245-30,0.9900,33.30,yes
2026-10-05T02:44:17.487513Z,KXUSDJPY15M-26OCT042245-30,0.9900,0.07,yes
2026-10-05T02:44:18.737583Z,KXUSDJPY15M-26OCT042245-30,0.9900,24.36,yes
2026-10-05T02:44:19.803445Z,KXUSDJPY15M-26OCT042245-30,0.9900,13.04,yes
2026-10-05T02:44:19.803445Z,KXUSDJPY15M-26OCT042245-30,0.9900,5.70,yes
2026-10-05T02:44:19.803445Z,KXUSDJPY15M-26OCT042245-30,0.9900,14.56,yes
2026-10-05T02:44:22.33733Z,KXUSDJPY15M-26OCT042245-30,0.9800,0.55,no
2026-10-05T02:44:22.33733Z,KXUSDJPY15M-26OCT042245-30,0.9800,0.45,no
2026-10-05T02:44:52.10294Z,KXUSDJPY15M-26OCT042245-30,0.9900,3.00,no
2026-10-05T02:44:52.10294Z,KXUSDJPY15M-26OCT042245-30,0.9900,3.00,no
2026-10-05T02:44:52.10294Z,KXUSDJPY15M-26OCT042245-30,0.9800,0.46,no
2026-10-05T02:44:52.10294Z,KXUSDJPY15M-26OCT042245-30,0.9900,3.00,no
2026-10-05T02:44:52.10294Z,KXUSDJPY15M-26OCT042245-30,0.9900,3.00,no
2026-10-05T02:44:52.10294Z,KXUSDJPY15M-26OCT042245-30,0.9900,5.00,no
2026-10-05T02:43:46.230927Z,KXNEAR15M-26OCT042245-45,0.5900,38.00,no
2026-10-05T02:43:46.230927Z,KXNEAR15M-26OCT042245-45,0.5900,9.00,no
2026-10-05T02:43:46.230927Z,KXNEAR15M-26OCT042245-45,0.5900,26.00,no
2026-10-05T02:43:46.443855Z,KXNEAR15M-26OCT042245-45,0.6200,0.31,yes
2026-10-05T02:43:46.886882Z,KXNEAR15M-26OCT042245-45,0.6100,30.00,yes
2026-10-05T02:43:46.886882Z,KXNEAR15M-26OCT042245-45,0.6200,13.00,yes
2026-10-05T02:43:46.886882Z,KXNEAR15M-26OCT042245-45,0.6100,8.00,yes
2026-10-05T02:43:47.551858Z,KXNEAR15M-26OCT042245-45,0.5700,9.00,no
2026-10-05T02:43:47.551858Z,KXNEAR15M-26OCT042245-45,0.5800,1.00,no
2026-10-05T02:43:47.551858Z,KXNEAR15M-26OCT042245-45,0.5800,38.00,no
2026-10-05T02:43:47.551858Z,KXNEAR15M-26OCT042245-45,0.5600,3.09,no
2026-10-05T02:43:47.551858Z,KXNEAR15M-26OCT042245-45,0.5800,30.00,no
2026-10-05T02:43:47.551858Z,KXNEAR15M-26OCT042245-45,0.5700,30.00,no
2026-10-05T02:43:47.613617Z,KXNEAR15M-26OCT042245-45,0.5900,16.65,yes
2026-10-05T02:43:47.637304Z,KXNEAR15M-26OCT042245-45,0.5900,13.35,yes
2026-10-05T02:43:47.656273Z,KXNEAR15M-26OCT042245-45,0.5900,28.11,yes
2026-10-05T02:43:47.924776Z,KXNEAR15M-26OCT042245-45,0.6000,30.00,yes
2026-10-05T02:43:47.937517Z,KXNEAR15M-26OCT042245-45,0.6100,30.00,yes
2026-10-05T02:43:47.938555Z,KXNEAR15M-26OCT042245-45,0.6200,24.55,yes
2026-10-05T02:43:47.945891Z,KXNEAR15M-26OCT042245-45,0.6200,5.45,yes
2026-10-05T02:43:48.167357Z,KXNEAR15M-26OCT042245-45,0.6200,18.30,no
2026-10-05T02:43:48.389079Z,KXNEAR15M-26OCT042245-45,0.6400,1.00,yes
2026-10-05T02:43:48.389079Z,KXNEAR15M-26OCT042245-45,0.6600,8.00,yes
2026-10-05T02:43:48.389079Z,KXNEAR15M-26OCT042245-45,0.6800,1.00,yes
2026-10-05T02:43:48.406112Z,KXNEAR15M-26OCT042245-45,0.6800,41.49,yes
2026-10-05T02:43:48.414432Z,KXNEAR15M-26OCT042245-45,0.6900,43.00,yes
2026-10-05T02:43:48.414432Z,KXNEAR15M-26OCT042245-45,0.6800,1.51,yes
2026-10-05T02:43:48.414432Z,KXNEAR15M-26OCT042245-45,0.6800,1.00,yes
2026-10-05T02:43:48.418526Z,KXNEAR15M-26OCT042245-45,0.6800,1.00,yes
2026-10-05T02:43:48.996374Z,KXNEAR15M-26OCT042245-45,0.7200,2.00,no
2026-10-05T02:43:49.614018Z,KXNEAR15M-26OCT042245-45,0.7300,5.00,no
2026-10-05T02:43:49.614018Z,KXNEAR15M-26OCT042245-45,0.7200,8.00,no
2026-10-05T02:43:49.614018Z,KXNEAR15M-26OCT042245-45,0.7100,9.00,no
2026-10-05T02:43:51.993517Z,KXNEAR15M-26OCT042245-45,0.7600,1.00,no
2026-10-05T02:43:51.993517Z,KXNEAR15M-26OCT042245-45,0.7600,5.00,no
2026-10-05T02:43:52.813417Z,KXNEAR15M-26OCT042245-45,0.7900,0.03,yes
2026-10-05T02:43:52.813417Z,KXNEAR15M-26OCT042245-45,0.8000,50.37,yes
2026-10-05T02:43:52.813417Z,KXNEAR15M-26OCT042245-45,0.7700,1.00,yes
2026-10-05T02:43:52.813417Z,KXNEAR15M-26OCT042245-45,0.7900,7.00,yes
2026-10-05T02:43:52.813417Z,KXNEAR15M-26OCT042245-45,0.8000,0.03,yes
2026-10-05T02:43:52.813417Z,KXNEAR15M-26OCT042245-45,0.7800,54.00,yes
2026-10-05T02:43:52.813417Z,KXNEAR15M-26OCT042245-45,0.7900,10.00,yes
2026-10-05T02:43:55.149847Z,KXNEAR15M-26OCT042245-45,0.7900,7.00,yes
2026-10-05T02:43:55.149847Z,KXNEAR15M-26OCT042245-45,0.7900,1.00,yes
2026-10-05T02:43:55.357128Z,KXNEAR15M-26OCT042245-45,0.7800,4.31,no
2026-10-05T02:43:55.49981Z,KXNEAR15M-26OCT042245-45,0.8000,0.12,yes
2026-10-05T02:43:55.784703Z,KXNEAR15M-26OCT042245-45,0.8000,5.00,yes
2026-10-05T02:43:57.711584Z,KXNEAR15M-26OCT042245-45,0.8000,0.03,yes
2026-10-05T02:43:57.711584Z,KXNEAR15M-26OCT042245-45,0.8000,7.00,yes
2026-10-05T02:43:57.711584Z,KXNEAR15M-26OCT042245-45,0.8000,50.00,yes
2026-10-05T02:43:57.711584Z,KXNEAR15M-26OCT042245-45,0.8000,2.51,yes
2026-10-05T02:43:58.695812Z,KXNEAR15M-26OCT042245-45,0.8200,63.00,yes
2026-10-05T02:43:58.695812Z,KXNEAR15M-26OCT042245-45,0.8200,30.00,yes
2026-10-05T02:43:58.696484Z,KXNEAR15M-26OCT042245-45,0.8300,30.00,yes
2026-10-05T02:43:58.696484Z,KXNEAR15M-26OCT042245-45,0.8300,7.00,yes
2026-10-05T02:43:58.697059Z,KXNEAR15M-26OCT042245-45,0.8400,30.00,yes
2026-10-05T02:43:58.697059Z,KXNEAR15M-26OCT042245-45,0.8400,0.03,yes
2026-10-05T02:43:58.697059Z,KXNEAR15M-26OCT042245-45,0.8400,64.19,yes
2026-10-05T02:43:58.697277Z,KXNEAR15M-26OCT042245-45,0.8500,30.00,yes
2026-10-05T02:43:58.697277Z,KXNEAR15M-26OCT042245-45,0.8500,0.03,yes
2026-10-05T02:43:58.697277Z,KXNEAR15M-26OCT042245-45,0.8600,0.03,yes
2026-10-05T02:43:58.731359Z,KXNEAR15M-26OCT042245-45,0.9140,145.12,yes
2026-10-05T02:43:58.731359Z,KXNEAR15M-26OCT042245-45,0.8800,0.03,yes
2026-10-05T02:43:58.731359Z,KXNEAR15M-26OCT042245-45,0.8800,6.00,yes
2026-10-05T02:43:58.731359Z,KXNEAR15M-26OCT042245-45,0.9010,11.00,yes
2026-10-05T02:43:58.731359Z,KXNEAR15M-26OCT042245-45,0.9190,204.85,yes
2026-10-05T02:43:58.736832Z,KXNEAR15M-26OCT042245-45,0.9190,111.00,yes
2026-10-05T02:43:59.128742Z,KXNEAR15M-26OCT042245-45,0.9130,2.97,yes
2026-10-05T02:43:59.128742Z,KXNEAR15M-26OCT042245-45,0.9120,0.03,yes
2026-10-05T02:43:59.128742Z,KXNEAR15M-26OCT042245-45,0.9120,2.00,yes
2026-10-05T02:43:59.239709Z,KXNEAR15M-26OCT042245-45,0.8900,95.00,no
2026-10-05T02:43:59.239709Z,KXNEAR15M-26OCT042245-45,0.8900,0.49,no
2026-10-05T02:43:59.240337Z,KXNEAR15M-26OCT042245-45,0.8800,24.19,no
2026-10-05T02:43:59.240337Z,KXNEAR15M-26OCT042245-45,0.8800,36.28,no
2026-10-05T02:43:59.240337Z,KXNEAR15M-26OCT042245-45,0.8700,36.28,no
2026-10-05T02:43:59.240337Z,KXNEAR15M-26OCT042245-45,0.8900,29.03,no
2026-10-05T02:43:59.240337Z,KXNEAR15M-26OCT042245-45,0.8800,5.00,no
2026-10-05T02:43:59.240337Z,KXNEAR15M-26OCT042245-45,0.8900,18.85,no
2026-10-05T02:43:59.24226Z,KXNEAR15M-26OCT042245-45,0.8800,88.00,no
2026-10-05T02:43:59.245559Z,KXNEAR15M-26OCT042245-45,0.8700,82.00,no
2026-10-05T02:43:59.258059Z,KXNEAR15M-26OCT042245-45,0.8500,1.13,yes
2026-10-05T02:43:59.28599Z,KXNEAR15M-26OCT042245-45,0.8500,73.00,no
2026-10-05T02:43:59.286239Z,KXNEAR15M-26OCT042245-45,0.8000,261.00,no
2026-10-05T02:43:59.286239Z,KXNEAR15M-26OCT042245-45,0.8400,8.00,no
2026-10-05T02:43:59.286849Z,KXNEAR15M-26OCT042245-45,0.8000,179.46,no
2026-10-05T02:43:59.288055Z,KXNEAR15M-26OCT042245-45,0.7300,1.00,no
2026-10-05T02:43:59.288055Z,KXNEAR15M-26OCT042245-45,0.8400,5.00,no
2026-10-05T02:43:59.30628Z,KXNEAR15M-26OCT042245-45,0.7300,5.00,no
2026-10-05T02:43:59.470028Z,KXNEAR15M-26OCT042245-45,0.7100,24.00,yes
2026-10-05T02:43:59.481455Z,KXNEAR15M-26OCT042245-45,0.7100,1.00,yes
2026-10-05T02:43:59.740813Z,KXNEAR15M-26OCT042245-45,0.8300,66.00,yes
2026-10-05T02:43:59.740813Z,KXNEAR15M-26OCT042245-45,0.7900,0.03,yes
2026-10-05T02:43:59.740813Z,KXNEAR15M-26OCT042245-45,0.8100,0.03,yes
2026-10-05T02:43:59.740813Z,KXNEAR15M-26OCT042245-45,0.7800,0.03,yes
2026-10-05T02:43:59.760385Z,KXNEAR15M-26OCT042245-45,0.8400,1.16,yes
2026-10-05T02:44:02.047771Z,KXNEAR15M-26OCT042245-45,0.8000,20.62,no
2026-10-05T02:44:04.324932Z,KXNEAR15M-26OCT042245-45,0.8900,8.00,no
2026-10-05T02:44:04.324932Z,KXNEAR15M-26OCT042245-45,0.8900,5.00,no
2026-10-05T02:44:04.324932Z,KXNEAR15M-26OCT042245-45,0.8900,95.00,no
2026-10-05T02:44:04.324932Z,KXNEAR15M-26OCT042245-45,0.8800,25.00,no
2026-10-05T02:44:05.148264Z,KXNEAR15M-26OCT042245-45,0.8700,0.03,no
2026-10-05T02:44:05.148264Z,KXNEAR15M-26OCT042245-45,0.8700,2.50,no
2026-10-05T02:44:05.148264Z,KXNEAR15M-26OCT042245-45,0.8800,0.03,no
2026-10-05T02:44:05.148264Z,KXNEAR15M-26OCT042245-45,0.8800,5.00,no
2026-10-05T02:44:05.477147Z,KXNEAR15M-26OCT042245-45,0.8600,9.73,no
2026-10-05T02:44:05.477147Z,KXNEAR15M-26OCT042245-45,0.8700,5.00,no
2026-10-05T02:44:05.477147Z,KXNEAR15M-26OCT042245-45,0.8700,5.50,no
2026-10-05T02:44:05.477147Z,KXNEAR15M-26OCT042245-45,0.8700,2.50,no
2026-10-05T02:44:05.477147Z,KXNEAR15M-26OCT042245-45,0.8700,0.03,no
2026-10-05T02:44:05.613227Z,KXNEAR15M-26OCT042245-45,0.8800,21.08,no
2026-10-05T02:44:05.778721Z,KXNEAR15M-26OCT042245-45,0.9390,30.00,yes
2026-10-05T02:44:06.373536Z,KXNEAR15M-26OCT042245-45,0.8800,3.92,no
2026-10-05T02:44:07.401089Z,KXNEAR15M-26OCT042245-45,0.8800,1.07,no
2026-10-05T02:44:07.433146Z,KXNEAR15M-26OCT042245-45,0.8800,39.24,no
2026-10-05T02:44:10.069913Z,KXNEAR15M-26OCT042245-45,0.8800,41.19,no
2026-10-05T02:44:10.069913Z,KXNEAR15M-26OCT042245-45,0.8800,66.00,no
2026-10-05T02:44:10.069913Z,KXNEAR15M-26OCT042245-45,0.8800,22.69,no
2026-10-05T02:44:10.069913Z,KXNEAR15M-26OCT042245-45,0.8800,5.00,no
2026-10-05T02:44:10.069913Z,KXNEAR15M-26OCT042245-45,0.8800,0.03,no
2026-10-05T02:44:10.376237Z,KXNEAR15M-26OCT042245-45,0.8900,1.20,no
2026-10-05T02:44:10.560849Z,KXNEAR15M-26OCT042245-45,0.8900,11.56,no
2026-10-05T02:44:10.895941Z,KXNEAR15M-26OCT042245-45,0.9450,25.00,yes
2026-10-05T02:44:11.3474Z,KXNEAR15M-26OCT042245-45,0.9460,0.03,yes
2026-10-05T02:44:11.3474Z,KXNEAR15M-26OCT042245-45,0.9460,70.94,yes
2026-10-05T02:44:11.3474Z,KXNEAR15M-26OCT042245-45,0.9450,0.03,yes
2026-10-05T02:44:11.3474Z,KXNEAR15M-26OCT042245-45,0.9450,2.00,yes
2026-10-05T02:44:11.3474Z,KXNEAR15M-26OCT042245-45,0.9460,1.00,yes
2026-10-05T02:44:11.3474Z,KXNEAR15M-26OCT042245-45,0.9460,1.00,yes
2026-10-05T02:44:11.752361Z,KXNEAR15M-26OCT042245-45,0.9210,23.19,no
2026-10-05T02:44:12.496335Z,KXNEAR15M-26OCT042245-45,0.9310,20.88,no
2026-10-05T02:44:13.050003Z,KXNEAR15M-26OCT042245-45,0.9490,1.00,yes
2026-10-05T02:44:13.050003Z,KXNEAR15M-26OCT042245-45,0.9470,2.00,yes
2026-10-05T02:44:13.050003Z,KXNEAR15M-26OCT042245-45,0.9480,1.00,yes
2026-10-05T02:44:13.050003Z,KXNEAR15M-26OCT042245-45,0.9490,2.00,yes
2026-10-05T02:44:13.050003Z,KXNEAR15M-26OCT042245-45,0.9480,1.00,yes
2026-10-05T02:44:13.050003Z,KXNEAR15M-26OCT042245-45,0.9470,1.00,yes
2026-10-05T02:44:13.050003Z,KXNEAR15M-26OCT042245-45,0.9500,1.00,yes
2026-10-05T02:44:13.050003Z,KXNEAR15M-26OCT042245-45,0.9490,1.00,yes
2026-10-05T02:44:13.152114Z,KXNEAR15M-26OCT042245-45,0.9500,1.00,yes
2026-10-05T02:44:13.152114Z,KXNEAR15M-26OCT042245-45,0.9500,3.00,yes
2026-10-05T02:44:13.267854Z,KXNEAR15M-26OCT042245-45,0.9500,16.00,yes
2026-10-05T02:44:13.473869Z,KXNEAR15M-26OCT042245-45,0.9410,2.00,no
2026-10-05T02:44:13.73286Z,KXNEAR15M-26OCT042245-45,0.9410,6.00,no
2026-10-05T02:44:13.738792Z,KXNEAR15M-26OCT042245-45,0.9410,1.00,no
2026-10-05T02:44:13.846712Z,KXNEAR15M-26OCT042245-45,0.9410,1.00,no
2026-10-05T02:44:13.914037Z,KXNEAR15M-26OCT042245-45,0.9500,26.22,yes
2026-10-05T02:44:14.021552Z,KXNEAR15M-26OCT042245-45,0.9500,46.79,yes
2026-10-05T02:44:14.066126Z,KXNEAR15M-26OCT042245-45,0.9390,2.00,no
2026-10-05T02:44:14.105206Z,KXNEAR15M-26OCT042245-45,0.9490,1.02,yes
2026-10-05T02:44:14.297651Z,KXNEAR15M-26OCT042245-45,0.9490,0.98,yes
2026-10-05T02:44:14.297651Z,KXNEAR15M-26OCT042245-45,0.9490,2.00,yes
2026-10-05T02:44:14.297651Z,KXNEAR15M-26OCT042245-45,0.9500,7.02,yes
2026-10-05T02:44:14.576163Z,KXNEAR15M-26OCT042245-45,0.9470,20.00,no
2026-10-05T02:44:14.576355Z,KXNEAR15M-26OCT042245-45,0.9470,19.00,no
2026-10-05T02:44:14.576542Z,KXNEAR15M-26OCT042245-45,0.9470,20.00,no
2026-10-05T02:44:14.577363Z,KXNEAR15M-26OCT042245-45,0.9470,45.00,no
2026-10-05T02:44:14.577363Z,KXNEAR15M-26OCT042245-45,0.9450,104.00,no
2026-10-05T02:44:14.577363Z,KXNEAR15M-26OCT042245-45,0.9460,5.00,no
2026-10-05T02:44:14.577841Z,KXNEAR15M-26OCT042245-45,0.9380,10.48,no
2026-10-05T02:44:14.578482Z,KXNEAR15M-26OCT042245-45,0.9190,12.00,no
2026-10-05T02:44:14.585836Z,KXNEAR15M-26OCT042245-45,0.9090,5.00,no
2026-10-05T02:44:14.585836Z,KXNEAR15M-26OCT042245-45,0.9100,5.00,no
2026-10-05T02:44:14.699241Z,KXNEAR15M-26OCT042245-45,0.8600,8.00,no
2026-10-05T02:44:14.699241Z,KXNEAR15M-26OCT042245-45,0.8500,98.85,no
2026-10-05T02:44:14.699241Z,KXNEAR15M-26OCT042245-45,0.8900,7.22,no
2026-10-05T02:44:14.699241Z,KXNEAR15M-26OCT042245-45,0.8900,0.03,no
2026-10-05T02:44:14.699241Z,KXNEAR15M-26OCT042245-45,0.8800,0.03,no
2026-10-05T02:44:14.699241Z,KXNEAR15M-26OCT042245-45,0.8700,0.03,no
2026-10-05T02:44:14.699241Z,KXNEAR15M-26OCT042245-45,0.8800,35.81,no
2026-10-05T02:44:14.699241Z,KXNEAR15M-26OCT042245-45,0.8500,0.03,no
2026-10-05T02:44:15.492296Z,KXNEAR15M-26OCT042245-45,0.8700,9.00,yes
2026-10-05T02:44:15.579091Z,KXNEAR15M-26OCT042245-45,0.8700,1.00,yes
2026-10-05T02:44:16.297589Z,KXNEAR15M-26OCT042245-45,0.8200,7.00,no
2026-10-05T02:44:16.417333Z,KXNEAR15M-26OCT042245-45,0.7400,38.00,no
2026-10-05T02:44:16.419595Z,KXNEAR15M-26OCT042245-45,0.7400,24.00,no
2026-10-05T02:44:16.453962Z,KXNEAR15M-26OCT042245-45,0.7400,4.00,no
2026-10-05T02:44:16.733509Z,KXNEAR15M-26OCT042245-45,0.7000,8.00,no
2026-10-05T02:44:16.733509Z,KXNEAR15M-26OCT042245-45,0.7000,1.00,no
2026-10-05T02:44:16.733509Z,KXNEAR15M-26OCT042245-45,0.6700,86.00,no
2026-10-05T02:44:16.733509Z,KXNEAR15M-26OCT042245-45,0.6900,100.00,no
2026-10-05T02:44:16.739634Z,KXNEAR15M-26OCT042245-45,0.6500,25.00,no
2026-10-05T02:44:16.739634Z,KXNEAR15M-26OCT042245-45,0.6700,14.00,no
2026-10-05T02:44:16.744607Z,KXNEAR15M-26OCT042245-45,0.6600,8.00,no
2026-10-05T02:44:16.744607Z,KXNEAR15M-26OCT042245-45,0.6500,2.00,no
2026-10-05T02:44:16.748982Z,KXNEAR15M-26OCT042245-45,0.6700,10.00,no
2026-10-05T02:44:16.751444Z,KXNEAR15M-26OCT042245-45,0.6700,29.00,no
2026-10-05T02:44:16.755494Z,KXNEAR15M-26OCT042245-45,0.6700,19.00,no
2026-10-05T02:44:16.798364Z,KXNEAR15M-26OCT042245-45,0.7300,18.00,yes
2026-10-05T02:44:17.363866Z,KXNEAR15M-26OCT042245-45,0.6800,8.00,no
2026-10-05T02:44:17.363866Z,KXNEAR15M-26OCT042245-45,0.7100,5.00,no
2026-10-05T02:44:17.427901Z,KXNEAR15M-26OCT042245-45,0.6100,8.00,no
2026-10-05T02:44:17.427901Z,KXNEAR15M-26OCT042245-45,0.6000,27.00,no
2026-10-05T02:44:17.434078Z,KXNEAR15M-26OCT042245-45,0.6000,20.00,no
2026-10-05T02:44:17.481707Z,KXNEAR15M-26OCT042245-45,0.5900,81.00,no
2026-10-05T02:44:17.526416Z,KXNEAR15M-26OCT042245-45,0.6900,1.34,yes
2026-10-05T02:44:18.972584Z,KXNEAR15M-26OCT042245-45,0.5700,9.00,no
2026-10-05T02:44:18.972584Z,KXNEAR15M-26OCT042245-45,0.5500,30.00,no
2026-10-05T02:44:18.972584Z,KXNEAR15M-26OCT042245-45,0.5600,26.91,no
2026-10-05T02:44:18.972584Z,KXNEAR15M-26OCT042245-45,0.5400,12.09,no
2026-10-05T02:44:18.97982Z,KXNEAR15M-26OCT042245-45,0.5600,9.00,no
2026-10-05T02:44:18.97982Z,KXNEAR15M-26OCT042245-45,0.5400,9.00,no
2026-10-05T02:44:18.97982Z,KXNEAR15M-26OCT042245-45,0.5300,2.09,no
2026-10-05T02:44:18.97982Z,KXNEAR15M-26OCT042245-45,0.5400,17.91,no
2026-10-05T02:44:19.125966Z,KXNEAR15M-26OCT042245-45,0.5300,13.00,no
2026-10-05T02:44:19.171573Z,KXNEAR15M-26OCT042245-45,0.5400,7.00,yes
2026-10-05T02:44:19.171573Z,KXNEAR15M-26OCT042245-45,0.5400,37.00,yes
2026-10-05T02:44:19.171573Z,KXNEAR15M-26OCT042245-45,0.5400,30.00,yes
2026-10-05T02:44:19.180422Z,KXNEAR15M-26OCT042245-45,0.5300,3.65,no
2026-10-05T02:44:19.222903Z,KXNEAR15M-26OCT042245-45,0.5400,15.84,yes
2026-10-05T02:44:19.241307Z,KXNEAR15M-26OCT042245-45,0.5400,14.16,yes
2026-10-05T02:44:19.241307Z,KXNEAR15M-26OCT042245-45,0.5500,2.84,yes
2026-10-05T02:44:19.352251Z,KXNEAR15M-26OCT042245-45,0.5400,30.00,yes
2026-10-05T02:44:19.367496Z,KXNEAR15M-26OCT042245-45,0.5500,10.43,yes
2026-10-05T02:44:19.38309Z,KXNEAR15M-26OCT042245-45,0.5500,17.77,yes
2026-10-05T02:44:19.38315Z,KXNEAR15M-26OCT042245-45,0.5500,13.00,yes
2026-10-05T02:44:19.38315Z,KXNEAR15M-26OCT042245-45,0.5500,8.80,yes
2026-10-05T02:44:19.595624Z,KXNEAR15M-26OCT042245-45,0.5500,4.31,yes
2026-10-05T02:44:19.619711Z,KXNEAR15M-26OCT042245-45,0.5500,29.54,yes
2026-10-05T02:44:19.751325Z,KXNEAR15M-26OCT042245-45,0.5500,0.50,yes
2026-10-05T02:44:19.751325Z,KXNEAR15M-26OCT042245-45,0.5500,3.15,yes
2026-10-05T02:44:19.761752Z,KXNEAR15M-26OCT042245-45,0.5500,10.02,yes
2026-10-05T02:44:19.761963Z,KXNEAR15M-26OCT042245-45,0.5500,23.48,yes
2026-10-05T02:44:19.768244Z,KXNEAR15M-26OCT042245-45,0.5600,2.00,yes
2026-10-05T02:44:19.768244Z,KXNEAR15M-26OCT042245-45,0.5700,31.43,yes
2026-10-05T02:44:19.773359Z,KXNEAR15M-26OCT042245-45,0.5700,6.57,yes
2026-10-05T02:44:19.780754Z,KXNEAR15M-26OCT042245-45,0.5700,31.00,yes
2026-10-05T02:44:19.787241Z,KXNEAR15M-26OCT042245-45,0.5700,7.00,yes
2026-10-05T02:44:19.787241Z,KXNEAR15M-26OCT042245-45,0.5700,31.00,yes
2026-10-05T02:44:20.024911Z,KXNEAR15M-26OCT042245-45,0.5700,11.37,yes
2026-10-05T02:44:20.057745Z,KXNEAR15M-26OCT042245-45,0.5700,11.90,yes
2026-10-05T02:44:20.617987Z,KXNEAR15M-26OCT042245-45,0.5600,0.01,yes
2026-10-05T02:44:20.710716Z,KXNEAR15M-26OCT042245-45,0.5600,0.99,yes
2026-10-05T02:44:20.710716Z,KXNEAR15M-26OCT042245-45,0.5700,23.00,yes
2026-10-05T02:44:20.712382Z,KXNEAR15M-26OCT042245-45,0.5900,2.00,yes
2026-10-05T02:44:20.712382Z,KXNEAR15M-26OCT042245-45,0.5800,1.00,yes
2026-10-05T02:44:20.712382Z,KXNEAR15M-26OCT042245-45,0.5900,38.00,yes
2026-10-05T02:44:20.712382Z,KXNEAR15M-26OCT042245-45,0.5800,1.00,yes
2026-10-05T02:44:21.476999Z,KXNEAR15M-26OCT042245-45,0.5700,5.78,yes
2026-10-05T02:44:21.922506Z,KXNEAR15M-26OCT042245-45,0.5500,18.00,yes
2026-10-05T02:44:21.948975Z,KXNEAR15M-26OCT042245-45,0.5600,2.00,yes
2026-10-05T02:44:21.948975Z,KXNEAR15M-26OCT042245-45,0.5700,13.22,yes
2026-10-05T02:44:21.959557Z,KXNEAR15M-26OCT042245-45,0.5700,14.55,yes
2026-10-05T02:44:21.959557Z,KXNEAR15M-26OCT042245-45,0.5600,19.00,yes
2026-10-05T02:44:21.969526Z,KXNEAR15M-26OCT042245-45,0.5600,19.00,yes
2026-10-05T02:44:21.980729Z,KXNEAR15M-26OCT042245-45,0.5600,0.01,yes
2026-10-05T02:44:21.980729Z,KXNEAR15M-26OCT042245-45,0.5700,19.00,yes
2026-10-05T02:44:22.261338Z,KXNEAR15M-26OCT042245-45,0.6300,20.00,yes
2026-10-05T02:44:22.261338Z,KXNEAR15M-26OCT042245-45,0.6500,0.03,yes
2026-10-05T02:44:22.261338Z,KXNEAR15M-26OCT042245-45,0.6400,8.00,yes
2026-10-05T02:44:22.261338Z,KXNEAR15M-26OCT042245-45,0.6600,0.03,yes
2026-10-05T02:44:22.261338Z,KXNEAR15M-26OCT042245-45,0.6700,0.03,yes
2026-10-05T02:44:22.261338Z,KXNEAR15M-26OCT042245-45,0.6300,0.03,yes
2026-10-05T02:44:22.261338Z,KXNEAR15M-26OCT042245-45,0.6500,20.00,yes
2026-10-05T02:44:22.264454Z,KXNEAR15M-26OCT042245-45,0.7400,0.03,yes
2026-10-05T02:44:22.858903Z,KXNEAR15M-26OCT042245-45,0.8000,5.00,no
2026-10-05T02:44:23.200842Z,KXNEAR15M-26OCT042245-45,0.7700,9.00,no
2026-10-05T02:44:23.240658Z,KXNEAR15M-26OCT042245-45,0.8000,0.03,yes
2026-10-05T02:44:23.240658Z,KXNEAR15M-26OCT042245-45,0.8400,0.03,yes
2026-10-05T02:44:23.240658Z,KXNEAR15M-26OCT042245-45,0.8100,0.03,yes
2026-10-05T02:44:23.78489Z,KXNEAR15M-26OCT042245-45,0.8000,58.00,no
2026-10-05T02:44:23.78489Z,KXNEAR15M-26OCT042245-45,0.8000,5.00,no
2026-10-05T02:44:23.981241Z,KXNEAR15M-26OCT042245-45,0.8100,60.00,no
2026-10-05T02:44:23.981241Z,KXNEAR15M-26OCT042245-45,0.8000,5.00,no
2026-10-05T02:44:23.99135Z,KXNEAR15M-26OCT042245-45,0.8100,60.00,no
2026-10-05T02:44:24.052149Z,KXNEAR15M-26OCT042245-45,0.8200,2.40,yes
2026-10-05T02:44:24.06513Z,KXNEAR15M-26OCT042245-45,0.8200,17.00,yes
2026-10-05T02:44:24.184567Z,KXNEAR15M-26OCT042245-45,0.8100,60.00,no
2026-10-05T02:44:24.362051Z,KXNEAR15M-26OCT042245-45,0.8200,1.50,yes
2026-10-05T02:44:25.41097Z,KXNEAR15M-26OCT042245-45,0.8100,5.00,no
2026-10-05T02:44:25.41097Z,KXNEAR15M-26OCT042245-45,0.8100,9.83,no
2026-10-05T02:44:25.591462Z,KXNEAR15M-26OCT042245-45,0.8200,16.87,yes
2026-10-05T02:44:25.778259Z,KXNEAR15M-26OCT042245-45,0.8200,4.73,no
2026-10-05T02:44:25.921296Z,KXNEAR15M-26OCT042245-45,0.8200,19.31,no
2026-10-05T02:44:26.13098Z,KXNEAR15M-26OCT042245-45,0.8200,18.92,no
2026-10-05T02:44:26.373794Z,KXNEAR15M-26OCT042245-45,0.8200,5.00,no
2026-10-05T02:44:26.373794Z,KXNEAR15M-26OCT042245-45,0.8200,20.04,no
2026-10-05T02:44:26.373794Z,KXNEAR15M-26OCT042245-45,0.8200,43.00,no
2026-10-05T02:44:26.507922Z,KXNEAR15M-26OCT042245-45,0.8300,7.00,yes
2026-10-05T02:44:26.507922Z,KXNEAR15M-26OCT042245-45,0.8400,12.00,yes
2026-10-05T02:44:26.508012Z,KXNEAR15M-26OCT042245-45,0.8400,20.00,yes
2026-10-05T02:44:26.508548Z,KXNEAR15M-26OCT042245-45,0.8400,20.00,yes
2026-10-05T02:44:26.50885Z,KXNEAR15M-26OCT042245-45,0.8700,241.00,yes
2026-10-05T02:44:26.513695Z,KXNEAR15M-26OCT042245-45,0.8400,5.00,yes
2026-10-05T02:44:26.51433Z,KXNEAR15M-26OCT042245-45,0.8700,24.00,yes
2026-10-05T02:44:26.519697Z,KXNEAR15M-26OCT042245-45,0.8900,81.00,yes
2026-10-05T02:44:26.519697Z,KXNEAR15M-26OCT042245-45,0.8800,6.00,yes
2026-10-05T02:44:26.519697Z,KXNEAR15M-26OCT042245-45,0.8600,5.00,yes
2026-10-05T02:44:26.524998Z,KXNEAR15M-26OCT042245-45,0.9000,0.03,yes
2026-10-05T02:44:26.551462Z,KXNEAR15M-26OCT042245-45,0.8600,10.50,no
2026-10-05T02:44:27.739805Z,KXNEAR15M-26OCT042245-45,0.9490,18.51,yes
2026-10-05T02:44:27.862623Z,KXNEAR15M-26OCT042245-45,0.9490,0.05,yes
2026-10-05T02:44:28.162166Z,KXNEAR15M-26OCT042245-45,0.9000,100.03,no
2026-10-05T02:44:28.373195Z,KXNEAR15M-26OCT042245-45,0.9230,103.00,yes
2026-10-05T02:44:28.400535Z,KXNEAR15M-26OCT042245-45,0.8800,0.80,no
2026-10-05T02:44:28.400535Z,KXNEAR15M-26OCT042245-45,0.8800,0.03,no
2026-10-05T02:44:28.707848Z,KXNEAR15M-26OCT042245-45,0.8800,1.34,no
2026-10-05T02:44:28.822805Z,KXNEAR15M-26OCT042245-45,0.9230,0.84,yes
2026-10-05T02:44:29.52293Z,KXNEAR15M-26OCT042245-45,0.9020,5.00,no
2026-10-05T02:44:29.52293Z,KXNEAR15M-26OCT042245-45,0.9000,28.37,no
2026-10-05T02:44:29.52293Z,KXNEAR15M-26OCT042245-45,0.9010,7.00,no
2026-10-05T02:44:29.584783Z,KXNEAR15M-26OCT042245-45,0.8900,1.00,no
2026-10-05T02:44:29.584783Z,KXNEAR15M-26OCT042245-45,0.8900,0.03,no
2026-10-05T02:44:29.584783Z,KXNEAR15M-26OCT042245-45,0.8900,5.00,no
2026-10-05T02:44:29.649128Z,KXNEAR15M-26OCT042245-45,0.8700,17.15,no
2026-10-05T02:44:29.649128Z,KXNEAR15M-26OCT042245-45,0.8700,0.03,no
2026-10-05T02:44:30.283436Z,KXNEAR15M-26OCT042245-45,0.9490,8.46,yes
2026-10-05T02:44:30.283436Z,KXNEAR15M-26OCT042245-45,0.9490,2.00,yes
2026-10-05T02:44:30.283436Z,KXNEAR15M-26OCT042245-45,0.9490,0.03,yes
2026-10-05T02:44:30.89057Z,KXNEAR15M-26OCT042245-45,0.9480,1.08,no
2026-10-05T02:44:30.89057Z,KXNEAR15M-26OCT042245-45,0.8900,14.67,no
2026-10-05T02:44:30.89057Z,KXNEAR15M-26OCT042245-45,0.9000,6.00,no
2026-10-05T02:44:30.894939Z,KXNEAR15M-26OCT042245-45,0.9490,30.44,yes
2026-10-05T02:44:31.017082Z,KXNEAR15M-26OCT042245-45,0.9180,2.00,no
2026-10-05T02:44:31.017082Z,KXNEAR15M-26OCT042245-45,0.9020,6.00,no
2026-10-05T02:44:31.017082Z,KXNEAR15M-26OCT042245-45,0.9010,10.45,no
2026-10-05T02:44:31.017082Z,KXNEAR15M-26OCT042245-45,0.9480,2.55,no
2026-10-05T02:44:31.033895Z,KXNEAR15M-26OCT042245-45,0.9490,104.00,yes
2026-10-05T02:44:31.033895Z,KXNEAR15M-26OCT042245-45,0.9500,106.00,yes
2026-10-05T02:44:31.081949Z,KXNEAR15M-26OCT042245-45,0.9500,1.00,yes
2026-10-05T02:44:31.158342Z,KXNEAR15M-26OCT042245-45,0.9500,6.00,yes
2026-10-05T02:44:31.166378Z,KXNEAR15M-26OCT042245-45,0.9500,1.00,yes
2026-10-05T02:44:31.18251Z,KXNEAR15M-26OCT042245-45,0.9500,1.00,yes
2026-10-05T02:44:31.188793Z,KXNEAR15M-26OCT042245-45,0.9500,3.00,yes
2026-10-05T02:44:31.287117Z,KXNEAR15M-26OCT042245-45,0.9500,2.00,yes
2026-10-05T02:44:31.292842Z,KXNEAR15M-26OCT042245-45,0.9500,1.00,yes
2026-10-05T02:44:31.329484Z,KXNEAR15M-26OCT042245-45,0.9580,1.00,yes
2026-10-05T02:44:31.329484Z,KXNEAR15M-26OCT042245-45,0.9500,32.97,yes
2026-10-05T02:44:31.329484Z,KXNEAR15M-26OCT042245-45,0.9600,1.00,yes
2026-10-05T02:44:31.329484Z,KXNEAR15M-26OCT042245-45,0.9560,1.00,yes
2026-10-05T02:44:31.329484Z,KXNEAR15M-26OCT042245-45,0.9530,1.00,yes
2026-10-05T02:44:31.329484Z,KXNEAR15M-26OCT042245-45,0.9540,1.00,yes
2026-10-05T02:44:31.329484Z,KXNEAR15M-26OCT042245-45,0.9550,1.00,yes
2026-10-05T02:44:31.329484Z,KXNEAR15M-26OCT042245-45,0.9580,1.00,yes
2026-10-05T02:44:31.329484Z,KXNEAR15M-26OCT042245-45,0.9590,1.00,yes
2026-10-05T02:44:31.329484Z,KXNEAR15M-26OCT042245-45,0.9510,1.00,yes
2026-10-05T02:44:31.329484Z,KXNEAR15M-26OCT042245-45,0.9520,1.00,yes
2026-10-05T02:44:31.329484Z,KXNEAR15M-26OCT042245-45,0.9570,1.00,yes
2026-10-05T02:44:31.329484Z,KXNEAR15M-26OCT042245-45,0.9560,1.00,yes
2026-10-05T02:44:31.329484Z,KXNEAR15M-26OCT042245-45,0.9600,1.00,yes
2026-10-05T02:44:31.511796Z,KXNEAR15M-26OCT042245-45,0.9600,1.00,no
2026-10-05T02:44:31.561096Z,KXNEAR15M-26OCT042245-45,0.9600,1.00,no
2026-10-05T02:44:32.303174Z,KXNEAR15M-26OCT042245-45,0.9600,2.52,no
2026-10-05T02:44:32.303174Z,KXNEAR15M-26OCT042245-45,0.9600,9.00,no
2026-10-05T02:44:32.560349Z,KXNEAR15M-26OCT042245-45,0.9600,5.00,yes
2026-10-05T02:44:32.560349Z,KXNEAR15M-26OCT042245-45,0.9620,0.03,yes
2026-10-05T02:44:32.560349Z,KXNEAR15M-26OCT042245-45,0.9620,2.00,yes
2026-10-05T02:44:32.560349Z,KXNEAR15M-26OCT042245-45,0.9610,6.00,yes
2026-10-05T02:44:32.560349Z,KXNEAR15M-26OCT042245-45,0.9610,1.00,yes
2026-10-05T02:44:32.560349Z,KXNEAR15M-26OCT042245-45,0.9620,1.00,yes
2026-10-05T02:44:32.601138Z,KXNEAR15M-26OCT042245-45,0.9640,0.03,yes
2026-10-05T02:44:32.601138Z,KXNEAR15M-26OCT042245-45,0.9630,0.03,yes
2026-10-05T02:44:32.601138Z,KXNEAR15M-26OCT042245-45,0.9650,0.03,yes
2026-10-05T02:44:32.601138Z,KXNEAR15M-26OCT042245-45,0.9650,2.00,yes
2026-10-05T02:44:32.601138Z,KXNEAR15M-26OCT042245-45,0.9660,1.00,yes
2026-10-05T02:44:32.601138Z,KXNEAR15M-26OCT042245-45,0.9640,1.00,yes
2026-10-05T02:44:32.601138Z,KXNEAR15M-26OCT042245-45,0.9650,1.00,yes
2026-10-05T02:44:32.601138Z,KXNEAR15M-26OCT042245-45,0.9630,1.00,yes
2026-10-05T02:44:32.601138Z,KXNEAR15M-26OCT042245-45,0.9660,0.91,yes
2026-10-05T02:44:33.101647Z,KXNEAR15M-26OCT042245-45,0.9690,2.00,yes
2026-10-05T02:44:33.101647Z,KXNEAR15M-26OCT042245-45,0.9690,1.00,yes
2026-10-05T02:44:33.101647Z,KXNEAR15M-26OCT042245-45,0.9680,1.00,yes
2026-10-05T02:44:33.101647Z,KXNEAR15M-26OCT042245-45,0.9700,0.23,yes
2026-10-05T02:44:33.101647Z,KXNEAR15M-26OCT042245-45,0.9670,1.00,yes
2026-10-05T02:44:33.101647Z,KXNEAR15M-26OCT042245-45,0.9690,1.00,yes
2026-10-05T02:44:33.101647Z,KXNEAR15M-26OCT042245-45,0.9660,1.09,yes
2026-10-05T02:44:33.299814Z,KXNEAR15M-26OCT042245-45,0.9600,2.00,yes
2026-10-05T02:44:33.320727Z,KXNEAR15M-26OCT042245-45,0.9450,76.91,no
2026-10-05T02:44:33.323065Z,KXNEAR15M-26OCT042245-45,0.9600,4.75,yes
2026-10-05T02:44:33.323065Z,KXNEAR15M-26OCT042245-45,0.9690,0.25,yes
2026-10-05T02:44:33.485203Z,KXNEAR15M-26OCT042245-45,0.9600,6.00,yes
2026-10-05T02:44:33.70121Z,KXNEAR15M-26OCT042245-45,0.9600,4.00,yes
2026-10-05T02:44:33.706691Z,KXNEAR15M-26OCT042245-45,0.9600,0.81,yes
2026-10-05T02:44:33.706691Z,KXNEAR15M-26OCT042245-45,0.9600,4.19,yes
2026-10-05T02:44:34.053444Z,KXNEAR15M-26OCT042245-45,0.9600,95.00,yes
2026-10-05T02:44:34.059266Z,KXNEAR15M-26OCT042245-45,0.9670,0.20,yes
2026-10-05T02:44:34.059266Z,KXNEAR15M-26OCT042245-45,0.9600,0.81,yes
2026-10-05T02:44:34.081902Z,KXNEAR15M-26OCT042245-45,0.9680,0.14,yes
2026-10-05T02:44:34.083304Z,KXNEAR15M-26OCT042245-45,0.9680,17.86,yes
2026-10-05T02:44:34.083304Z,KXNEAR15M-26OCT042245-45,0.9690,2.00,yes
2026-10-05T02:44:34.083304Z,KXNEAR15M-26OCT042245-45,0.9700,58.03,yes
2026-10-05T02:44:34.083304Z,KXNEAR15M-26OCT042245-45,0.9700,0.77,yes
2026-10-05T02:44:34.083304Z,KXNEAR15M-26OCT042245-45,0.9700,12.00,yes
2026-10-05T02:44:34.083304Z,KXNEAR15M-26OCT042245-45,0.9700,3.34,yes
2026-10-05T02:44:34.141421Z,KXNEAR15M-26OCT042245-45,0.9700,71.25,yes
2026-10-05T02:44:34.406104Z,KXNEAR15M-26OCT042245-45,0.9090,7.00,no
2026-10-05T02:44:34.406104Z,KXNEAR15M-26OCT042245-45,0.9080,19.18,no
2026-10-05T02:44:34.406104Z,KXNEAR15M-26OCT042245-45,0.9100,5.00,no
2026-10-05T02:44:34.867105Z,KXNEAR15M-26OCT042245-45,0.9700,8.23,yes
2026-10-05T02:44:35.07014Z,KXNEAR15M-26OCT042245-45,0.9700,0.01,yes
2026-10-05T02:44:35.244591Z,KXNEAR15M-26OCT042245-45,0.9700,62.48,yes
2026-10-05T02:44:35.244591Z,KXNEAR15M-26OCT042245-45,0.9720,0.03,yes
2026-10-05T02:44:35.244591Z,KXNEAR15M-26OCT042245-45,0.9780,4.00,yes
2026-10-05T02:44:35.244591Z,KXNEAR15M-26OCT042245-45,0.9710,0.03,yes
2026-10-05T02:44:35.244591Z,KXNEAR15M-26OCT042245-45,0.9750,0.03,yes
2026-10-05T02:44:35.244591Z,KXNEAR15M-26OCT042245-45,0.9730,0.03,yes
2026-10-05T02:44:35.244591Z,KXNEAR15M-26OCT042245-45,0.9740,0.03,yes
2026-10-05T02:44:35.244591Z,KXNEAR15M-26OCT042245-45,0.9780,1.00,yes
2026-10-05T02:44:35.244591Z,KXNEAR15M-26OCT042245-45,0.9770,1.00,yes
2026-10-05T02:44:35.244591Z,KXNEAR15M-26OCT042245-45,0.9790,1.00,yes
2026-10-05T02:44:35.244591Z,KXNEAR15M-26OCT042245-45,0.9730,1.00,yes
2026-10-05T02:44:35.244591Z,KXNEAR15M-26OCT042245-45,0.9760,1.00,yes
2026-10-05T02:44:35.244591Z,KXNEAR15M-26OCT042245-45,0.9720,1.00,yes
2026-10-05T02:44:35.244591Z,KXNEAR15M-26OCT042245-45,0.9750,1.00,yes
2026-10-05T02:44:35.244591Z,KXNEAR15M-26OCT042245-45,0.9710,1.00,yes
2026-10-05T02:44:35.244591Z,KXNEAR15M-26OCT042245-45,0.9740,1.00,yes
2026-10-05T02:44:35.244591Z,KXNEAR15M-26OCT042245-45,0.9790,0.93,yes
2026-10-05T02:44:35.244591Z,KXNEAR15M-26OCT042245-45,0.9760,4.00,yes
2026-10-05T02:44:35.720351Z,KXNEAR15M-26OCT042245-45,0.9790,10.00,yes
2026-10-05T02:44:36.068095Z,KXNEAR15M-26OCT042245-45,0.9790,1.00,yes
2026-10-05T02:44:36.082888Z,KXNEAR15M-26OCT042245-45,0.9790,39.00,yes
2026-10-05T02:44:36.087833Z,KXNEAR15M-26OCT042245-45,0.9790,2.00,yes
2026-10-05T02:44:36.174254Z,KXNEAR15M-26OCT042245-45,0.9790,0.03,yes
2026-10-05T02:44:36.174254Z,KXNEAR15M-26OCT042245-45,0.9800,0.03,yes
2026-10-05T02:44:36.174254Z,KXNEAR15M-26OCT042245-45,0.9800,11.00,yes
2026-10-05T02:44:36.174254Z,KXNEAR15M-26OCT042245-45,0.9790,0.07,yes
2026-10-05T02:44:36.174254Z,KXNEAR15M-26OCT042245-45,0.9800,0.95,yes
2026-10-05T02:44:36.59952Z,KXNEAR15M-26OCT042245-45,0.9840,1.00,yes
2026-10-05T02:44:36.754126Z,KXNEAR15M-26OCT042245-45,0.9850,0.01,yes
2026-10-05T02:44:36.754126Z,KXNEAR15M-26OCT042245-45,0.9850,1.00,yes
2026-10-05T02:44:36.799013Z,KXNEAR15M-26OCT042245-45,0.9850,2.99,yes
2026-10-05T02:44:36.799013Z,KXNEAR15M-26OCT042245-45,0.9860,36.01,yes
2026-10-05T02:44:36.799013Z,KXNEAR15M-26OCT042245-45,0.9850,2.00,yes
2026-10-05T02:44:36.799013Z,KXNEAR15M-26OCT042245-45,0.9860,1.00,yes
2026-10-05T02:44:36.799013Z,KXNEAR15M-26OCT042245-45,0.9860,8.00,yes
2026-10-05T02:44:36.943548Z,KXNEAR15M-26OCT042245-45,0.9600,10.29,no
2026-10-05T02:44:37.103284Z,KXNEAR15M-26OCT042245-45,0.9870,1.00,yes
2026-10-05T02:44:37.761081Z,KXNEAR15M-26OCT042245-45,0.9860,1.00,yes
2026-10-05T02:44:37.861262Z,KXNEAR15M-26OCT042245-45,0.9690,26.22,no
2026-10-05T02:44:38.291347Z,KXNEAR15M-26OCT042245-45,0.9880,1.00,yes
2026-10-05T02:44:38.760945Z,KXNEAR15M-26OCT042245-45,0.9750,68.64,no
2026-10-05T02:44:38.824936Z,KXNEAR15M-26OCT042245-45,0.9880,1.00,yes
2026-10-05T02:44:38.850936Z,KXNEAR15M-26OCT042245-45,0.9750,1.00,no
2026-10-05T02:44:38.850963Z,KXNEAR15M-26OCT042245-45,0.9750,19.00,no
2026-10-05T02:44:38.851014Z,KXNEAR15M-26OCT042245-45,0.9750,20.00,no
2026-10-05T02:44:38.852259Z,KXNEAR15M-26OCT042245-45,0.9740,34.00,no
2026-10-05T02:44:39.065807Z,KXNEAR15M-26OCT042245-45,0.9860,50.00,yes
2026-10-05T02:44:39.361404Z,KXNEAR15M-26OCT042245-45,0.9840,1.00,yes
2026-10-05T02:44:39.485726Z,KXNEAR15M-26OCT042245-45,0.9760,2.00,no
2026-10-05T02:44:39.56149Z,KXNEAR15M-26OCT042245-45,0.9760,1.00,no
2026-10-05T02:44:39.657854Z,KXNEAR15M-26OCT042245-45,0.9820,5.07,yes
2026-10-05T02:44:39.696563Z,KXNEAR15M-26OCT042245-45,0.9760,25.00,no
2026-10-05T02:44:39.743457Z,KXNEAR15M-26OCT042245-45,0.9760,22.00,no
2026-10-05T02:44:39.744159Z,KXNEAR15M-26OCT042245-45,0.9820,3.70,yes
2026-10-05T02:44:39.928938Z,KXNEAR15M-26OCT042245-45,0.9210,5.00,no
2026-10-05T02:44:39.928938Z,KXNEAR15M-26OCT042245-45,0.9000,97.00,no
2026-10-05T02:44:39.928938Z,KXNEAR15M-26OCT042245-45,0.9200,23.00,no
2026-10-05T02:44:39.928938Z,KXNEAR15M-26OCT042245-45,0.9520,1.00,no
2026-10-05T02:44:39.928938Z,KXNEAR15M-26OCT042245-45,0.9200,4.00,no
2026-10-05T02:44:39.947499Z,KXNEAR15M-26OCT042245-45,0.9820,95.23,yes
2026-10-05T02:44:39.947499Z,KXNEAR15M-26OCT042245-45,0.9820,0.03,yes
2026-10-05T02:44:39.947499Z,KXNEAR15M-26OCT042245-45,0.9830,0.03,yes
2026-10-05T02:44:39.947499Z,KXNEAR15M-26OCT042245-45,0.9840,13.71,yes
2026-10-05T02:44:39.947499Z,KXNEAR15M-26OCT042245-45,0.9830,2.00,yes
2026-10-05T02:44:39.951255Z,KXNEAR15M-26OCT042245-45,0.9320,30.00,no
2026-10-05T02:44:40.349752Z,KXNEAR15M-26OCT042245-45,0.9880,1.26,yes
2026-10-05T02:44:40.349752Z,KXNEAR15M-26OCT042245-45,0.9820,0.03,yes
2026-10-05T02:44:40.349752Z,KXNEAR15M-26OCT042245-45,0.9820,1.00,yes
2026-10-05T02:44:40.415328Z,KXNEAR15M-26OCT042245-45,0.9820,0.54,yes
2026-10-05T02:44:40.683963Z,KXNEAR15M-26OCT042245-45,0.9820,0.46,yes
2026-10-05T02:44:40.683963Z,KXNEAR15M-26OCT042245-45,0.9820,0.03,yes
2026-10-05T02:44:41.305645Z,KXNEAR15M-26OCT042245-45,0.9800,60.00,yes
2026-10-05T02:44:41.378983Z,KXNEAR15M-26OCT042245-45,0.9890,1.00,yes
2026-10-05T02:44:41.378983Z,KXNEAR15M-26OCT042245-45,0.9890,4.42,yes
2026-10-05T02:44:41.383923Z,KXNEAR15M-26OCT042245-45,0.9800,0.43,no
2026-10-05T02:44:42.061404Z,KXNEAR15M-26OCT042245-45,0.9890,1.00,yes
2026-10-05T02:44:42.165195Z,KXNEAR15M-26OCT042245-45,0.9890,4.58,yes
2026-10-05T02:44:42.165195Z,KXNEAR15M-26OCT042245-45,0.9890,1.42,yes
2026-10-05T02:44:42.391685Z,KXNEAR15M-26OCT042245-45,0.9890,2.42,yes
2026-10-05T02:44:42.391685Z,KXNEAR15M-26OCT042245-45,0.9890,0.58,yes
2026-10-05T02:44:42.665264Z,KXNEAR15M-26OCT042245-45,0.9890,1.00,yes
2026-10-05T02:44:43.013342Z,KXNEAR15M-26OCT042245-45,0.9890,1.50,yes
2026-10-05T02:44:43.033636Z,KXNEAR15M-26OCT042245-45,0.9900,2.40,yes
2026-10-05T02:44:43.033636Z,KXNEAR15M-26OCT042245-45,0.9900,2.00,yes
2026-10-05T02:44:43.033636Z,KXNEAR15M-26OCT042245-45,0.9890,101.00,yes
2026-10-05T02:44:43.033636Z,KXNEAR15M-26OCT042245-45,0.9890,20.00,yes
2026-10-05T02:44:43.033636Z,KXNEAR15M-26OCT042245-45,0.9890,95.08,yes
2026-10-05T02:44:43.033636Z,KXNEAR15M-26OCT042245-45,0.9890,2.00,yes
2026-10-05T02:44:43.033636Z,KXNEAR15M-26OCT042245-45,0.9890,1.00,yes
2026-10-05T02:44:43.033636Z,KXNEAR15M-26OCT042245-45,0.9900,10.00,yes
2026-10-05T02:44:43.033636Z,KXNEAR15M-26OCT042245-45,0.9910,10.00,yes
2026-10-05T02:44:43.033636Z,KXNEAR15M-26OCT042245-45,0.9920,7.52,yes
2026-10-05T02:44:43.033636Z,KXNEAR15M-26OCT042245-45,0.9920,1.00,yes
2026-10-05T02:44:43.033636Z,KXNEAR15M-26OCT042245-45,0.9900,1.00,yes
2026-10-05T02:44:43.033636Z,KXNEAR15M-26OCT042245-45,0.9910,1.00,yes
2026-10-05T02:44:43.589095Z,KXNEAR15M-26OCT042245-45,0.9910,4.00,no
2026-10-05T02:44:44.08492Z,KXNEAR15M-26OCT042245-45,0.9920,2.00,yes
2026-10-05T02:44:44.094368Z,KXNEAR15M-26OCT042245-45,0.9920,0.48,yes
2026-10-05T02:44:44.626171Z,KXNEAR15M-26OCT042245-45,0.9910,10.00,no
2026-10-05T02:44:44.626171Z,KXNEAR15M-26OCT042245-45,0.9920,11.00,no
2026-10-05T02:44:44.626171Z,KXNEAR15M-26OCT042245-45,0.9920,8.00,no
2026-10-05T02:44:44.658739Z,KXNEAR15M-26OCT042245-45,0.9910,5.67,no
2026-10-05T02:44:44.915915Z,KXNEAR15M-26OCT042245-45,0.9930,7.00,yes
2026-10-05T02:44:44.915915Z,KXNEAR15M-26OCT042245-45,0.9930,10.00,yes
2026-10-05T02:44:44.915915Z,KXNEAR15M-26OCT042245-45,0.9940,8.15,yes
2026-10-05T02:44:45.343346Z,KXNEAR15M-26OCT042245-45,0.9930,16.87,no
2026-10-05T02:44:46.26724Z,KXNEAR15M-26OCT042245-45,0.9940,3.59,yes
2026-10-05T02:44:46.26724Z,KXNEAR15M-26OCT042245-45,0.9940,1.85,yes
2026-10-05T02:44:46.273126Z,KXNEAR15M-26OCT042245-45,0.9950,4.00,yes
2026-10-05T02:44:46.273126Z,KXNEAR15M-26OCT042245-45,0.9950,10.00,yes
2026-10-05T02:44:46.442647Z,KXNEAR15M-26OCT042245-45,0.9950,2.00,yes
2026-10-05T02:44:46.51732Z,KXNEAR15M-26OCT042245-45,0.9950,5.00,yes
2026-10-05T02:44:47.012839Z,KXNEAR15M-26OCT042245-45,0.9970,1.00,yes
2026-10-05T02:44:47.012839Z,KXNEAR15M-26OCT042245-45,0.9970,1.00,yes
2026-10-05T02:44:47.012839Z,KXNEAR15M-26OCT042245-45,0.9970,2.00,yes
2026-10-05T02:44:47.012839Z,KXNEAR15M-26OCT042245-45,0.9960,1.00,yes
2026-10-05T02:44:47.012839Z,KXNEAR15M-26OCT042245-45,0.9970,2.00,yes
2026-10-05T02:44:47.012839Z,KXNEAR15M-26OCT042245-45,0.9960,1.00,yes
2026-10-05T02:44:47.012839Z,KXNEAR15M-26OCT042245-45,0.9960,1.00,yes
2026-10-05T02:44:47.012839Z,KXNEAR15M-26OCT042245-45,0.9970,2.00,yes
2026-10-05T02:44:47.012839Z,KXNEAR15M-26OCT042245-45,0.9960,1.00,yes
2026-10-05T02:44:47.012839Z,KXNEAR15M-26OCT042245-45,0.9960,1.00,yes
2026-10-05T02:44:47.012839Z,KXNEAR15M-26OCT042245-45,0.9970,2.00,yes
2026-10-05T02:44:47.012839Z,KXNEAR15M-26OCT042245-45,0.9970,2.00,yes
2026-10-05T02:44:47.012839Z,KXNEAR15M-26OCT042245-45,0.9960,13.00,yes
2026-10-05T02:44:47.012839Z,KXNEAR15M-26OCT042245-45,0.9970,18.00,yes
2026-10-05T02:44:47.012839Z,KXNEAR15M-26OCT042245-45,0.9970,10.00,yes
2026-10-05T02:44:47.012839Z,KXNEAR15M-26OCT042245-45,0.9960,10.00,yes
2026-10-05T02:44:47.063968Z,KXNEAR15M-26OCT042245-45,0.9970,1.00,yes
2026-10-05T02:44:47.063968Z,KXNEAR15M-26OCT042245-45,0.9970,16.00,yes
2026-10-05T02:44:47.063968Z,KXNEAR15M-26OCT042245-45,0.9970,1.00,yes
2026-10-05T02:44:47.183773Z,KXNEAR15M-26OCT042245-45,0.9980,25.00,yes
2026-10-05T02:44:47.183773Z,KXNEAR15M-26OCT042245-45,0.9980,3.00,yes
2026-10-05T02:44:47.183773Z,KXNEAR15M-26OCT042245-45,0.9980,3.00,yes
2026-10-05T02:44:47.183773Z,KXNEAR15M-26OCT042245-45,0.9980,3.00,yes
2026-10-05T02:44:47.183773Z,KXNEAR15M-26OCT042245-45,0.9980,3.00,yes
2026-10-05T02:44:47.183773Z,KXNEAR15M-26OCT042245-45,0.9980,3.00,yes
2026-10-05T02:44:47.183773Z,KXNEAR15M-26OCT042245-45,0.9980,26.00,yes
2026-10-05T02:44:47.183773Z,KXNEAR15M-26OCT042245-45,0.9980,10.00,yes
2026-10-05T02:44:47.183773Z,KXNEAR15M-26OCT042245-45,0.9980,100.00,yes
2026-10-05T02:44:47.183773Z,KXNEAR15M-26OCT042245-45,0.9980,200.00,yes
2026-10-05T02:44:47.580426Z,KXNEAR15M-26OCT042245-45,0.9980,13.00,yes
2026-10-05T02:44:47.717098Z,KXNEAR15M-26OCT042245-45,0.9970,0.33,no
2026-10-05T02:44:47.852137Z,KXNEAR15M-26OCT042245-45,0.9980,27.00,yes
2026-10-05T02:44:48.076616Z,KXNEAR15M-26OCT042245-45,0.9990,40.00,yes
2026-10-05T02:44:48.076616Z,KXNEAR15M-26OCT042245-45,0.9990,50.00,yes
2026-10-05T02:44:48.076616Z,KXNEAR15M-26OCT042245-45,0.9990,100.00,yes
2026-10-05T02:44:48.076616Z,KXNEAR15M-26OCT042245-45,0.9990,1.00,yes
2026-10-05T02:44:48.076616Z,KXNEAR15M-26OCT042245-45,0.9990,10.00,yes
2026-10-05T02:44:48.076616Z,KXNEAR15M-26OCT042245-45,0.9990,200.00,yes
2026-10-05T02:44:48.076616Z,KXNEAR15M-26OCT042245-45,0.9990,300.00,yes
2026-10-05T02:44:48.076616Z,KXNEAR15M-26OCT042245-45,0.9990,1.00,yes
2026-10-05T02:44:48.076616Z,KXNEAR15M-26OCT042245-45,0.9990,1.00,yes
2026-10-05T02:44:48.62239Z,KXNEAR15M-26OCT042245-45,0.9980,0.13,no
2026-10-05T02:44:52.851028Z,KXNEAR15M-26OCT042245-45,0.9980,10.00,no
2026-10-05T02:44:52.851028Z,KXNEAR15M-26OCT042245-45,0.9980,199.87,no
2026-10-05T02:44:52.851028Z,KXNEAR15M-26OCT042245-45,0.9970,10.00,no
2026-10-05T02:44:52.851028Z,KXNEAR15M-26OCT042245-45,0.9970,161.39,no
2026-10-05T02:44:54.381907Z,KXNEAR15M-26OCT042245-45,0.9960,2.34,no
2026-10-05T02:44:56.896099Z,KXNEAR15M-26OCT042245-45,0.9960,11.00,no
2026-10-05T02:44:56.896099Z,KXNEAR15M-26OCT042245-45,0.9960,7.66,no
2026-10-05T02:44:56.896099Z,KXNEAR15M-26OCT042245-45,0.9950,6.49,no
2026-10-05T02:44:57.146712Z,KXNEAR15M-26OCT042245-45,0.9990,10.49,no
2026-10-05T02:44:59.311646Z,KXNEAR15M-26OCT042245-45,0.9990,239.51,no
2026-10-05T02:44:59.311646Z,KXNEAR15M-26OCT042245-45,0.9990,676.48,no
2026-10-05T02:43:46.24908Z,KXCOPPER15M-26OCT042245-45,0.0200,19.56,no
2026-10-05T02:43:46.24908Z,KXCOPPER15M-26OCT042245-45,0.0200,11.00,no
2026-10-05T02:43:47.669797Z,KXCOPPER15M-26OCT042245-45,0.0200,52.56,no
2026-10-05T02:43:47.669797Z,KXCOPPER15M-26OCT042245-45,0.0200,1.00,no
2026-10-05T02:43:47.669797Z,KXCOPPER15M-26OCT042245-45,0.0200,1.00,no
2026-10-05T02:43:47.669797Z,KXCOPPER15M-26OCT042245-45,0.0200,1.00,no
2026-10-05T02:43:47.669797Z,KXCOPPER15M-26OCT042245-45,0.0200,30.44,no
2026-10-05T02:43:47.669797Z,KXCOPPER15M-26OCT042245-45,0.0200,6.00,no
2026-10-05T02:43:47.669797Z,KXCOPPER15M-26OCT042245-45,0.0200,8.00,no
2026-10-05T02:43:51.233533Z,KXCOPPER15M-26OCT042245-45,0.0300,8.00,yes
2026-10-05T02:43:51.903888Z,KXCOPPER15M-26OCT042245-45,0.0300,10.92,yes
2026-10-05T02:43:52.69649Z,KXCOPPER15M-26OCT042245-45,0.0200,1.00,no
2026-10-05T02:43:54.833818Z,KXCOPPER15M-26OCT042245-45,0.0300,29.43,yes
2026-10-05T02:43:55.258561Z,KXCOPPER15M-26OCT042245-45,0.0200,5.10,no
2026-10-05T02:43:58.917509Z,KXCOPPER15M-26OCT042245-45,0.0100,2.98,no
2026-10-05T02:44:00.089641Z,KXCOPPER15M-26OCT042245-45,0.0200,1.00,yes
2026-10-05T02:44:00.570124Z,KXCOPPER15M-26OCT042245-45,0.0100,1010.00,no
2026-10-05T02:44:01.228712Z,KXCOPPER15M-26OCT042245-45,0.0100,9.00,no
2026-10-05T02:44:02.765233Z,KXCOPPER15M-26OCT042245-45,0.0100,30.28,no
2026-10-05T02:44:04.670508Z,KXCOPPER15M-26OCT042245-45,0.0100,0.94,no
2026-10-05T02:44:05.098377Z,KXCOPPER15M-26OCT042245-45,0.0100,1.98,no
2026-10-05T02:44:06.469088Z,KXCOPPER15M-26OCT042245-45,0.0100,50.44,no
2026-10-05T02:44:07.701613Z,KXCOPPER15M-26OCT042245-45,0.0200,6.16,yes
2026-10-05T02:44:08.904795Z,KXCOPPER15M-26OCT042245-45,0.0100,500.00,no
2026-10-05T02:44:09.70963Z,KXCOPPER15M-26OCT042245-45,0.0200,19.30,yes
2026-10-05T02:44:14.953124Z,KXCOPPER15M-26OCT042245-45,0.0100,6.00,no
2026-10-05T02:44:14.953124Z,KXCOPPER15M-26OCT042245-45,0.0100,1.00,no
2026-10-05T02:44:14.953124Z,KXCOPPER15M-26OCT042245-45,0.0100,7.73,no
2026-10-05T02:44:14.953124Z,KXCOPPER15M-26OCT042245-45,0.0100,10.00,no
2026-10-05T02:44:14.953124Z,KXCOPPER15M-26OCT042245-45,0.0100,54.00,no
2026-10-05T02:44:16.801963Z,KXCOPPER15M-26OCT042245-45,0.0100,2.01,no
2026-10-05T02:44:17.129971Z,KXCOPPER15M-26OCT042245-45,0.0200,0.99,yes
2026-10-05T02:44:17.129971Z,KXCOPPER15M-26OCT042245-45,0.0200,0.01,yes
2026-10-05T02:44:18.340743Z,KXCOPPER15M-26OCT042245-45,0.0200,8.23,yes
2026-10-05T02:44:18.648293Z,KXCOPPER15M-26OCT042245-45,0.0300,14.36,yes
2026-10-05T02:44:18.648293Z,KXCOPPER15M-26OCT042245-45,0.0200,62.00,yes
2026-10-05T02:44:18.648293Z,KXCOPPER15M-26OCT042245-45,0.0200,31.78,yes
2026-10-05T02:44:18.851334Z,KXCOPPER15M-26OCT042245-45,0.0100,100.00,no
2026-10-05T02:44:18.851334Z,KXCOPPER15M-26OCT042245-45,0.0100,5.00,no
2026-10-05T02:44:18.851334Z,KXCOPPER15M-26OCT042245-45,0.0100,56.34,no
2026-10-05T02:44:18.851334Z,KXCOPPER15M-26OCT042245-45,0.0100,29.10,no
2026-10-05T02:44:18.851334Z,KXCOPPER15M-26OCT042245-45,0.0100,1.74,no
2026-10-05T02:44:18.851334Z,KXCOPPER15M-26OCT042245-45,0.0100,1.00,no
2026-10-05T02:44:18.851334Z,KXCOPPER15M-26OCT042245-45,0.0100,7.00,no
2026-10-05T02:44:18.851334Z,KXCOPPER15M-26OCT042245-45,0.0100,2.00,no
2026-10-05T02:44:18.851334Z,KXCOPPER15M-26OCT042245-45,0.0100,1.00,no
2026-10-05T02:44:18.851334Z,KXCOPPER15M-26OCT042245-45,0.0100,20.00,no
2026-10-05T02:44:18.851334Z,KXCOPPER15M-26OCT042245-45,0.0100,1.00,no
2026-10-05T02:44:18.851334Z,KXCOPPER15M-26OCT042245-45,0.0100,2.00,no
2026-10-05T02:44:18.851334Z,KXCOPPER15M-26OCT042245-45,0.0100,43.99,no
2026-10-05T02:44:18.851334Z,KXCOPPER15M-26OCT042245-45,0.0100,2.00,no
2026-10-05T02:44:18.851334Z,KXCOPPER15M-26OCT042245-45,0.0100,2.00,no
2026-10-05T02:44:18.851334Z,KXCOPPER15M-26OCT042245-45,0.0100,16.90,no
2026-10-05T02:44:18.851334Z,KXCOPPER15M-26OCT042245-45,0.0100,14.39,no
2026-10-05T02:44:18.851334Z,KXCOPPER15M-26OCT042245-45,0.0100,147.39,no
2026-10-05T02:44:19.559627Z,KXCOPPER15M-26OCT042245-45,0.0100,2.49,no
2026-10-05T02:44:19.820015Z,KXCOPPER15M-26OCT042245-45,0.0100,5.00,no
2026-10-05T02:44:22.458685Z,KXCOPPER15M-26OCT042245-45,0.0100,10.00,no
2026-10-05T02:44:23.00378Z,KXCOPPER15M-26OCT042245-45,0.0100,40.00,no
2026-10-05T02:44:25.372011Z,KXCOPPER15M-26OCT042245-45,0.0100,4.31,no
2026-10-05T02:44:27.550057Z,KXCOPPER15M-26OCT042245-45,0.0100,38.20,no
2026-10-05T02:44:27.550057Z,KXCOPPER15M-26OCT042245-45,0.0100,1.36,no
2026-10-05T02:44:32.549627Z,KXCOPPER15M-26OCT042245-45,0.0100,15.00,no
2026-10-05T02:44:32.641534Z,KXCOPPER15M-26OCT042245-45,0.0100,17.53,no
2026-10-05T02:44:33.617491Z,KXCOPPER15M-26OCT042245-45,0.0100,67.47,no
2026-10-05T02:44:33.617491Z,KXCOPPER15M-26OCT042245-45,0.0100,7.00,no
2026-10-05T02:44:35.328741Z,KXCOPPER15M-26OCT042245-45,0.0100,280.55,yes
2026-10-05T02:44:43.876722Z,KXCOPPER15M-26OCT042245-45,0.0100,46.75,yes
2026-10-05T02:44:44.383794Z,KXCOPPER15M-26OCT042245-45,0.0100,1.00,yes
2026-10-05T02:44:44.383794Z,KXCOPPER15M-26OCT042245-45,0.0100,4.87,yes
2026-10-05T02:44:44.383794Z,KXCOPPER15M-26OCT042245-45,0.0100,98.23,yes
2026-10-05T02:44:44.383794Z,KXCOPPER15M-26OCT042245-45,0.0100,92.00,yes
2026-10-05T02:44:46.96002Z,KXCOPPER15M-26OCT042245-45,0.0100,9.35,yes
2026-10-05T02:44:53.676771Z,KXCOPPER15M-26OCT042245-45,0.0100,46.84,yes
2026-10-05T02:44:53.676771Z,KXCOPPER15M-26OCT042245-45,0.0100,5.00,yes
2026-10-05T02:44:53.676771Z,KXCOPPER15M-26OCT042245-45,0.0100,25.78,yes
2026-10-05T02:43:46.435738Z,KXSOL15M-26OCT042245-45,0.2200,5.00,yes
2026-10-05T02:43:46.435738Z,KXSOL15M-26OCT042245-45,0.2300,15.00,yes
2026-10-05T02:43:46.566524Z,KXSOL15M-26OCT042245-45,0.2000,5.00,yes
2026-10-05T02:43:46.566524Z,KXSOL15M-26OCT042245-45,0.2100,23.71,yes
2026-10-05T02:43:46.566524Z,KXSOL15M-26OCT042245-45,0.2100,24.00,yes
2026-10-05T02:43:46.599791Z,KXSOL15M-26OCT042245-45,0.2000,5.00,yes
2026-10-05T02:43:46.607354Z,KXSOL15M-26OCT042245-45,0.1900,10.00,no
2026-10-05T02:43:46.607354Z,KXSOL15M-26OCT042245-45,0.1900,68.28,no
2026-10-05T02:43:46.607354Z,KXSOL15M-26OCT042245-45,0.1900,7.00,no
2026-10-05T02:43:47.530338Z,KXSOL15M-26OCT042245-45,0.2200,0.99,no
2026-10-05T02:43:47.618182Z,KXSOL15M-26OCT042245-45,0.2200,5.16,no
2026-10-05T02:43:47.90913Z,KXSOL15M-26OCT042245-45,0.2500,19.00,no
2026-10-05T02:43:47.90913Z,KXSOL15M-26OCT042245-45,0.2600,350.00,no
2026-10-05T02:43:47.90913Z,KXSOL15M-26OCT042245-45,0.2600,7.00,no
2026-10-05T02:43:47.90913Z,KXSOL15M-26OCT042245-45,0.2600,10.00,no
2026-10-05T02:43:47.920066Z,KXSOL15M-26OCT042245-45,0.2900,7.00,yes
2026-10-05T02:43:47.920066Z,KXSOL15M-26OCT042245-45,0.2800,5.00,yes
2026-10-05T02:43:47.920715Z,KXSOL15M-26OCT042245-45,0.3000,1.00,yes
2026-10-05T02:43:47.920715Z,KXSOL15M-26OCT042245-45,0.3000,24.00,yes
2026-10-05T02:43:47.920715Z,KXSOL15M-26OCT042245-45,0.3000,18.73,yes
2026-10-05T02:43:47.920715Z,KXSOL15M-26OCT042245-45,0.3000,20.00,yes
2026-10-05T02:43:47.925634Z,KXSOL15M-26OCT042245-45,0.2900,5.00,yes
2026-10-05T02:43:47.925634Z,KXSOL15M-26OCT042245-45,0.2800,7.00,yes
2026-10-05T02:43:47.925634Z,KXSOL15M-26OCT042245-45,0.3200,1.00,yes
2026-10-05T02:43:47.934485Z,KXSOL15M-26OCT042245-45,0.3300,7.00,yes
2026-10-05T02:43:47.934485Z,KXSOL15M-26OCT042245-45,0.3200,7.00,yes
2026-10-05T02:43:47.93961Z,KXSOL15M-26OCT042245-45,0.3200,5.00,yes
2026-10-05T02:43:47.954015Z,KXSOL15M-26OCT042245-45,0.3700,182.00,no
2026-10-05T02:43:47.96224Z,KXSOL15M-26OCT042245-45,0.3800,5.00,yes
2026-10-05T02:43:47.96224Z,KXSOL15M-26OCT042245-45,0.3900,1.00,yes
2026-10-05T02:43:47.967252Z,KXSOL15M-26OCT042245-45,0.4100,100.00,yes
2026-10-05T02:43:47.969476Z,KXSOL15M-26OCT042245-45,0.4200,6.00,yes
2026-10-05T02:43:47.969476Z,KXSOL15M-26OCT042245-45,0.4300,10.00,yes
2026-10-05T02:43:47.969476Z,KXSOL15M-26OCT042245-45,0.4200,10.00,yes
2026-10-05T02:43:47.975687Z,KXSOL15M-26OCT042245-45,0.4100,150.00,no
2026-10-05T02:43:47.975687Z,KXSOL15M-26OCT042245-45,0.4200,350.00,no
2026-10-05T02:43:47.975692Z,KXSOL15M-26OCT042245-45,0.4300,6.00,yes
2026-10-05T02:43:47.975692Z,KXSOL15M-26OCT042245-45,0.4400,10.00,yes
2026-10-05T02:43:47.979722Z,KXSOL15M-26OCT042245-45,0.4300,5.00,yes
2026-10-05T02:43:47.979722Z,KXSOL15M-26OCT042245-45,0.4200,10.00,yes
2026-10-05T02:43:47.979722Z,KXSOL15M-26OCT042245-45,0.4500,6.00,yes
2026-10-05T02:43:47.979722Z,KXSOL15M-26OCT042245-45,0.4600,147.00,yes
2026-10-05T02:43:47.979722Z,KXSOL15M-26OCT042245-45,0.4500,10.00,yes
2026-10-05T02:43:47.979722Z,KXSOL15M-26OCT042245-45,0.4600,10.00,yes
2026-10-05T02:43:47.982769Z,KXSOL15M-26OCT042245-45,0.4200,36.92,no
2026-10-05T02:43:47.98753Z,KXSOL15M-26OCT042245-45,0.4200,7.00,no
2026-10-05T02:43:47.98753Z,KXSOL15M-26OCT042245-45,0.4200,313.08,no
2026-10-05T02:43:47.98753Z,KXSOL15M-26OCT042245-45,0.4100,179.92,no
2026-10-05T02:43:47.988094Z,KXSOL15M-26OCT042245-45,0.4000,350.00,no
2026-10-05T02:43:47.988094Z,KXSOL15M-26OCT042245-45,0.4100,20.08,no
2026-10-05T02:43:47.988094Z,KXSOL15M-26OCT042245-45,0.3900,122.92,no
2026-10-05T02:43:47.988094Z,KXSOL15M-26OCT042245-45,0.4100,7.00,no
2026-10-05T02:43:48.104449Z,KXSOL15M-26OCT042245-45,0.4100,1.00,no
2026-10-05T02:43:48.147569Z,KXSOL15M-26OCT042245-45,0.4200,6.00,yes
2026-10-05T02:43:48.147569Z,KXSOL15M-26OCT042245-45,0.4300,6.00,yes
2026-10-05T02:43:48.147569Z,KXSOL15M-26OCT042245-45,0.4200,1.00,yes
2026-10-05T02:43:48.172052Z,KXSOL15M-26OCT042245-45,0.4700,10.00,no
2026-10-05T02:43:48.183351Z,KXSOL15M-26OCT042245-45,0.4700,10.00,no
2026-10-05T02:43:48.223832Z,KXSOL15M-26OCT042245-45,0.4700,42.32,no
2026-10-05T02:43:48.237774Z,KXSOL15M-26OCT042245-45,0.4700,1.24,no
2026-10-05T02:43:48.277657Z,KXSOL15M-26OCT042245-45,0.4700,4.24,no
2026-10-05T02:43:48.277657Z,KXSOL15M-26OCT042245-45,0.4700,5.76,no
2026-10-05T02:43:48.389133Z,KXSOL15M-26OCT042245-45,0.4700,5.76,no
2026-10-05T02:43:48.389133Z,KXSOL15M-26OCT042245-45,0.4700,1.24,no
2026-10-05T02:43:48.389133Z,KXSOL15M-26OCT042245-45,0.4700,5.76,no
2026-10-05T02:43:48.389133Z,KXSOL15M-26OCT042245-45,0.4700,42.24,no
2026-10-05T02:43:48.397363Z,KXSOL15M-26OCT042245-45,0.4800,6.00,yes
2026-10-05T02:43:48.397363Z,KXSOL15M-26OCT042245-45,0.4800,7.00,yes
2026-10-05T02:43:48.414271Z,KXSOL15M-26OCT042245-45,0.5500,7.00,yes
2026-10-05T02:43:48.727121Z,KXSOL15M-26OCT042245-45,0.4700,10.00,no
2026-10-05T02:43:48.727121Z,KXSOL15M-26OCT042245-45,0.4600,350.00,no
2026-10-05T02:43:48.727121Z,KXSOL15M-26OCT042245-45,0.4700,7.00,no
2026-10-05T02:43:48.727121Z,KXSOL15M-26OCT042245-45,0.4700,32.00,no
2026-10-05T02:43:48.727121Z,KXSOL15M-26OCT042245-45,0.4500,236.63,no
2026-10-05T02:43:48.797104Z,KXSOL15M-26OCT042245-45,0.4400,22.00,no
2026-10-05T02:43:49.088332Z,KXSOL15M-26OCT042245-45,0.5100,123.00,yes
2026-10-05T02:43:49.088332Z,KXSOL15M-26OCT042245-45,0.4900,6.00,yes
2026-10-05T02:43:49.088332Z,KXSOL15M-26OCT042245-45,0.4700,1.00,yes
2026-10-05T02:43:49.180676Z,KXSOL15M-26OCT042245-45,0.4500,1.00,no
2026-10-05T02:43:49.180676Z,KXSOL15M-26OCT042245-45,0.4400,10.00,no
2026-10-05T02:43:49.180676Z,KXSOL15M-26OCT042245-45,0.4300,9.00,no
2026-10-05T02:43:49.361733Z,KXSOL15M-26OCT042245-45,0.4600,6.00,yes
2026-10-05T02:43:49.361733Z,KXSOL15M-26OCT042245-45,0.4900,6.00,yes
2026-10-05T02:43:49.361733Z,KXSOL15M-26OCT042245-45,0.4900,83.47,yes
2026-10-05T02:43:49.59194Z,KXSOL15M-26OCT042245-45,0.5000,350.00,yes
2026-10-05T02:43:49.59194Z,KXSOL15M-26OCT042245-45,0.4900,350.00,yes
2026-10-05T02:43:49.59194Z,KXSOL15M-26OCT042245-45,0.4900,7.00,yes
2026-10-05T02:43:49.59194Z,KXSOL15M-26OCT042245-45,0.4800,6.00,yes
2026-10-05T02:43:49.892676Z,KXSOL15M-26OCT042245-45,0.4800,7.00,no
2026-10-05T02:43:49.892676Z,KXSOL15M-26OCT042245-45,0.4800,10.00,no
2026-10-05T02:43:49.900929Z,KXSOL15M-26OCT042245-45,0.4700,100.00,no
2026-10-05T02:43:50.070989Z,KXSOL15M-26OCT042245-45,0.4800,19.00,yes
2026-10-05T02:43:50.070989Z,KXSOL15M-26OCT042245-45,0.4700,1.00,yes
2026-10-05T02:43:50.0967Z,KXSOL15M-26OCT042245-45,0.4500,7.00,no
2026-10-05T02:43:50.0967Z,KXSOL15M-26OCT042245-45,0.4500,10.00,no
2026-10-05T02:43:50.099707Z,KXSOL15M-26OCT042245-45,0.4600,126.00,yes
2026-10-05T02:43:50.099707Z,KXSOL15M-26OCT042245-45,0.4600,6.00,yes
2026-10-05T02:43:50.101061Z,KXSOL15M-26OCT042245-45,0.4200,7.00,no
2026-10-05T02:43:50.101061Z,KXSOL15M-26OCT042245-45,0.4400,1.00,no
2026-10-05T02:43:50.184134Z,KXSOL15M-26OCT042245-45,0.3800,1.00,no
2026-10-05T02:43:50.506923Z,KXSOL15M-26OCT042245-45,0.4400,43.45,yes
2026-10-05T02:43:50.615738Z,KXSOL15M-26OCT042245-45,0.4500,2.88,yes
2026-10-05T02:43:51.431224Z,KXSOL15M-26OCT042245-45,0.5700,144.87,no
2026-10-05T02:43:51.697818Z,KXSOL15M-26OCT042245-45,0.5700,100.00,no
2026-10-05T02:43:51.697818Z,KXSOL15M-26OCT042245-45,0.5700,6.00,no
2026-10-05T02:43:51.697818Z,KXSOL15M-26OCT042245-45,0.5600,19.00,no
2026-10-05T02:43:51.788695Z,KXSOL15M-26OCT042245-45,0.6000,6.00,yes
2026-10-05T02:43:51.788695Z,KXSOL15M-26OCT042245-45,0.5800,7.00,yes
2026-10-05T02:43:51.788695Z,KXSOL15M-26OCT042245-45,0.5700,1.00,yes
2026-10-05T02:43:51.805959Z,KXSOL15M-26OCT042245-45,0.6100,20.00,yes
2026-10-05T02:43:51.848871Z,KXSOL15M-26OCT042245-45,0.6200,25.00,no
2026-10-05T02:43:51.957248Z,KXSOL15M-26OCT042245-45,0.6100,44.72,no
2026-10-05T02:43:51.960902Z,KXSOL15M-26OCT042245-45,0.6400,0.01,no
2026-10-05T02:43:51.985384Z,KXSOL15M-26OCT042245-45,0.6500,25.00,no
2026-10-05T02:43:52.055585Z,KXSOL15M-26OCT042245-45,0.6700,10.00,yes
2026-10-05T02:43:52.14768Z,KXSOL15M-26OCT042245-45,0.6700,6.73,no
2026-10-05T02:43:52.285628Z,KXSOL15M-26OCT042245-45,0.6700,14.25,no
2026-10-05T02:43:52.288904Z,KXSOL15M-26OCT042245-45,0.6400,6.00,no
2026-10-05T02:43:52.288904Z,KXSOL15M-26OCT042245-45,0.6500,325.00,no
2026-10-05T02:43:52.288904Z,KXSOL15M-26OCT042245-45,0.6700,1.75,no
2026-10-05T02:43:52.288904Z,KXSOL15M-26OCT042245-45,0.6400,350.00,no
2026-10-05T02:43:52.288904Z,KXSOL15M-26OCT042245-45,0.6300,181.31,no
2026-10-05T02:43:52.357469Z,KXSOL15M-26OCT042245-45,0.6300,107.32,no
2026-10-05T02:43:52.374459Z,KXSOL15M-26OCT042245-45,0.6200,350.00,no
2026-10-05T02:43:52.374459Z,KXSOL15M-26OCT042245-45,0.6300,61.37,no
2026-10-05T02:43:52.374459Z,KXSOL15M-26OCT042245-45,0.6000,91.35,no
2026-10-05T02:43:52.374459Z,KXSOL15M-26OCT042245-45,0.6100,305.28,no
2026-10-05T02:43:52.374459Z,KXSOL15M-26OCT042245-45,0.6200,20.00,no
2026-10-05T02:43:52.374459Z,KXSOL15M-26OCT042245-45,0.6300,6.00,no
2026-10-05T02:43:52.374459Z,KXSOL15M-26OCT042245-45,0.6300,24.00,no
2026-10-05T02:43:52.729847Z,KXSOL15M-26OCT042245-45,0.6100,15.16,no
2026-10-05T02:43:52.734692Z,KXSOL15M-26OCT042245-45,0.6100,8.84,no
2026-10-05T02:43:52.995943Z,KXSOL15M-26OCT042245-45,0.5700,0.01,no
2026-10-05T02:43:53.094215Z,KXSOL15M-26OCT042245-45,0.5700,6.00,no
2026-10-05T02:43:53.094215Z,KXSOL15M-26OCT042245-45,0.5700,16.00,no
2026-10-05T02:43:53.408859Z,KXSOL15M-26OCT042245-45,0.6100,39.00,no
2026-10-05T02:43:54.091881Z,KXSOL15M-26OCT042245-45,0.6000,8.00,yes
2026-10-05T02:43:54.091881Z,KXSOL15M-26OCT042245-45,0.6100,38.14,yes
2026-10-05T02:43:54.091881Z,KXSOL15M-26OCT042245-45,0.6000,1.00,yes
2026-10-05T02:43:54.559265Z,KXSOL15M-26OCT042245-45,0.6300,0.01,no
2026-10-05T02:43:54.679631Z,KXSOL15M-26OCT042245-45,0.6700,7.00,yes
2026-10-05T02:43:54.679631Z,KXSOL15M-26OCT042245-45,0.6600,1.00,yes
2026-10-05T02:43:54.679631Z,KXSOL15M-26OCT042245-45,0.6700,40.00,yes
2026-10-05T02:43:54.680087Z,KXSOL15M-26OCT042245-45,0.6700,15.00,yes
2026-10-05T02:43:54.680354Z,KXSOL15M-26OCT042245-45,0.6700,10.00,yes
2026-10-05T02:43:54.824434Z,KXSOL15M-26OCT042245-45,0.6800,21.00,no
2026-10-05T02:43:54.958672Z,KXSOL15M-26OCT042245-45,0.7000,7.00,yes
2026-10-05T02:43:54.958672Z,KXSOL15M-26OCT042245-45,0.7100,29.00,yes
2026-10-05T02:43:54.958672Z,KXSOL15M-26OCT042245-45,0.7000,1.00,yes
2026-10-05T02:43:54.959702Z,KXSOL15M-26OCT042245-45,0.7200,6.00,yes
2026-10-05T02:43:54.964876Z,KXSOL15M-26OCT042245-45,0.7400,7.00,yes
2026-10-05T02:43:54.964876Z,KXSOL15M-26OCT042245-45,0.7900,15.00,yes
2026-10-05T02:43:54.964876Z,KXSOL15M-26OCT042245-45,0.7900,20.00,yes
2026-10-05T02:43:54.971137Z,KXSOL15M-26OCT042245-45,0.7400,20.00,no
2026-10-05T02:43:55.078555Z,KXSOL15M-26OCT042245-45,0.7400,1.00,no
2026-10-05T02:43:55.093703Z,KXSOL15M-26OCT042245-45,0.7400,0.31,no
2026-10-05T02:43:55.72313Z,KXSOL15M-26OCT042245-45,0.6900,1.24,yes
2026-10-05T02:43:55.963787Z,KXSOL15M-26OCT042245-45,0.6600,3.00,no
2026-10-05T02:43:55.963787Z,KXSOL15M-26OCT042245-45,0.6700,7.00,no
2026-10-05T02:43:56.002594Z,KXSOL15M-26OCT042245-45,0.6900,7.00,yes
2026-10-05T02:43:56.002594Z,KXSOL15M-26OCT042245-45,0.7000,12.00,yes
2026-10-05T02:43:56.002594Z,KXSOL15M-26OCT042245-45,0.6800,1.00,yes
2026-10-05T02:43:56.007826Z,KXSOL15M-26OCT042245-45,0.7000,7.00,yes
2026-10-05T02:43:56.035605Z,KXSOL15M-26OCT042245-45,0.7400,10.00,yes
2026-10-05T02:43:56.11374Z,KXSOL15M-26OCT042245-45,0.7900,7.00,yes
2026-10-05T02:43:56.11374Z,KXSOL15M-26OCT042245-45,0.7800,1.00,yes
2026-10-05T02:43:56.11374Z,KXSOL15M-26OCT042245-45,0.7800,10.00,yes
2026-10-05T02:43:56.170494Z,KXSOL15M-26OCT042245-45,0.7800,1.00,yes
2026-10-05T02:43:56.170494Z,KXSOL15M-26OCT042245-45,0.8000,35.00,yes
2026-10-05T02:43:56.170494Z,KXSOL15M-26OCT042245-45,0.7900,6.00,yes
2026-10-05T02:43:56.196971Z,KXSOL15M-26OCT042245-45,0.8000,7.00,yes
2026-10-05T02:43:56.248743Z,KXSOL15M-26OCT042245-45,0.7700,1.24,no
2026-10-05T02:43:56.36873Z,KXSOL15M-26OCT042245-45,0.7700,0.01,no
2026-10-05T02:43:56.474449Z,KXSOL15M-26OCT042245-45,0.7900,27.20,yes
2026-10-05T02:43:56.555547Z,KXSOL15M-26OCT042245-45,0.7900,1.24,yes
2026-10-05T02:43:56.586802Z,KXSOL15M-26OCT042245-45,0.7800,14.35,no
2026-10-05T02:43:56.697173Z,KXSOL15M-26OCT042245-45,0.7900,42.00,yes
2026-10-05T02:43:56.715959Z,KXSOL15M-26OCT042245-45,0.7700,0.01,no
2026-10-05T02:43:56.743245Z,KXSOL15M-26OCT042245-45,0.7900,140.00,yes
2026-10-05T02:43:56.769397Z,KXSOL15M-26OCT042245-45,0.7900,1.24,yes
2026-10-05T02:43:56.907237Z,KXSOL15M-26OCT042245-45,0.7700,40.74,no
2026-10-05T02:43:56.907237Z,KXSOL15M-26OCT042245-45,0.7600,8.00,no
2026-10-05T02:43:56.907237Z,KXSOL15M-26OCT042245-45,0.7600,12.26,no
2026-10-05T02:43:56.911077Z,KXSOL15M-26OCT042245-45,0.7900,24.94,yes
2026-10-05T02:43:57.024556Z,KXSOL15M-26OCT042245-45,0.7600,8.00,no
2026-10-05T02:43:57.024556Z,KXSOL15M-26OCT042245-45,0.7600,10.74,no
2026-10-05T02:43:57.310577Z,KXSOL15M-26OCT042245-45,0.7700,20.00,no
2026-10-05T02:43:57.34041Z,KXSOL15M-26OCT042245-45,0.7700,19.72,no
2026-10-05T02:43:57.509073Z,KXSOL15M-26OCT042245-45,0.7900,4.76,yes
2026-10-05T02:43:57.737933Z,KXSOL15M-26OCT042245-45,0.7800,19.95,yes
2026-10-05T02:43:57.755016Z,KXSOL15M-26OCT042245-45,0.7800,2.49,yes
2026-10-05T02:43:57.924049Z,KXSOL15M-26OCT042245-45,0.7800,42.00,yes
2026-10-05T02:43:57.937479Z,KXSOL15M-26OCT042245-45,0.7800,21.00,yes
2026-10-05T02:43:58.207704Z,KXSOL15M-26OCT042245-45,0.7700,2.28,no
2026-10-05T02:43:58.29685Z,KXSOL15M-26OCT042245-45,0.7800,7.00,yes
2026-10-05T02:43:58.29685Z,KXSOL15M-26OCT042245-45,0.8000,219.23,yes
2026-10-05T02:43:58.29685Z,KXSOL15M-26OCT042245-45,0.7900,108.62,yes
2026-10-05T02:43:58.29685Z,KXSOL15M-26OCT042245-45,0.7800,264.56,yes
2026-10-05T02:43:58.672985Z,KXSOL15M-26OCT042245-45,0.7900,1.87,yes
2026-10-05T02:43:58.792548Z,KXSOL15M-26OCT042245-45,0.8000,42.00,yes
2026-10-05T02:43:58.79275Z,KXSOL15M-26OCT042245-45,0.7800,19.00,no
2026-10-05T02:43:59.017602Z,KXSOL15M-26OCT042245-45,0.8000,12.00,no
2026-10-05T02:43:59.018618Z,KXSOL15M-26OCT042245-45,0.7900,7.36,no
2026-10-05T02:43:59.021144Z,KXSOL15M-26OCT042245-45,0.8100,42.00,yes
2026-10-05T02:43:59.024643Z,KXSOL15M-26OCT042245-45,0.8000,42.00,no
2026-10-05T02:43:59.502748Z,KXSOL15M-26OCT042245-45,0.7300,13.00,yes
2026-10-05T02:43:59.502748Z,KXSOL15M-26OCT042245-45,0.7300,8.00,yes
2026-10-05T02:43:59.511874Z,KXSOL15M-26OCT042245-45,0.7600,10.00,yes
2026-10-05T02:43:59.511874Z,KXSOL15M-26OCT042245-45,0.7600,7.00,yes
2026-10-05T02:43:59.545648Z,KXSOL15M-26OCT042245-45,0.7600,87.41,no
2026-10-05T02:43:59.617445Z,KXSOL15M-26OCT042245-45,0.7800,10.00,yes
2026-10-05T02:43:59.623113Z,KXSOL15M-26OCT042245-45,0.7900,10.00,yes
2026-10-05T02:43:59.627033Z,KXSOL15M-26OCT042245-45,0.8000,10.00,yes
2026-10-05T02:43:59.627033Z,KXSOL15M-26OCT042245-45,0.8100,10.00,yes
2026-10-05T02:43:59.627033Z,KXSOL15M-26OCT042245-45,0.8100,10.00,yes
2026-10-05T02:43:59.632468Z,KXSOL15M-26OCT042245-45,0.8200,10.00,yes
2026-10-05T02:43:59.639634Z,KXSOL15M-26OCT042245-45,0.8000,23.25,no
2026-10-05T02:43:59.641905Z,KXSOL15M-26OCT042245-45,0.8100,10.00,yes
2026-10-05T02:43:59.64791Z,KXSOL15M-26OCT042245-45,0.8200,10.00,yes
2026-10-05T02:43:59.661305Z,KXSOL15M-26OCT042245-45,0.8200,32.13,no
2026-10-05T02:43:59.725404Z,KXSOL15M-26OCT042245-45,0.8600,10.00,yes
2026-10-05T02:43:59.725404Z,KXSOL15M-26OCT042245-45,0.8600,6.00,yes
2026-10-05T02:43:59.725404Z,KXSOL15M-26OCT042245-45,0.8600,3.22,yes
2026-10-05T02:44:00.291222Z,KXSOL15M-26OCT042245-45,0.8300,19.00,yes
2026-10-05T02:44:00.35101Z,KXSOL15M-26OCT042245-45,0.8100,94.00,yes
2026-10-05T02:44:00.351191Z,KXSOL15M-26OCT042245-45,0.8200,72.00,yes
2026-10-05T02:44:00.351191Z,KXSOL15M-26OCT042245-45,0.8100,7.00,yes
2026-10-05T02:44:00.351191Z,KXSOL15M-26OCT042245-45,0.7900,12.06,no
2026-10-05T02:44:00.351191Z,KXSOL15M-26OCT042245-45,0.8000,1.94,no
2026-10-05T02:44:00.351191Z,KXSOL15M-26OCT042245-45,0.8100,10.00,yes
2026-10-05T02:44:00.351797Z,KXSOL15M-26OCT042245-45,0.8300,148.00,yes
2026-10-05T02:44:00.351797Z,KXSOL15M-26OCT042245-45,0.8200,278.00,yes
2026-10-05T02:44:00.351797Z,KXSOL15M-26OCT042245-45,0.8200,74.00,yes
2026-10-05T02:44:00.358624Z,KXSOL15M-26OCT042245-45,0.8500,350.00,yes
2026-10-05T02:44:00.458363Z,KXSOL15M-26OCT042245-45,0.8100,0.45,yes
2026-10-05T02:44:00.54505Z,KXSOL15M-26OCT042245-45,0.8100,7.00,yes
2026-10-05T02:44:00.54505Z,KXSOL15M-26OCT042245-45,0.8200,40.12,yes
2026-10-05T02:44:00.54505Z,KXSOL15M-26OCT042245-45,0.8100,10.00,yes
2026-10-05T02:44:00.562305Z,KXSOL15M-26OCT042245-45,0.8000,5.00,no
2026-10-05T02:44:00.562305Z,KXSOL15M-26OCT042245-45,0.7800,189.20,no
2026-10-05T02:44:00.562305Z,KXSOL15M-26OCT042245-45,0.7900,35.00,no
2026-10-05T02:44:00.562305Z,KXSOL15M-26OCT042245-45,0.8000,9.64,no
2026-10-05T02:44:00.614843Z,KXSOL15M-26OCT042245-45,0.8100,7.00,yes
2026-10-05T02:44:00.614843Z,KXSOL15M-26OCT042245-45,0.8200,237.25,yes
2026-10-05T02:44:00.614843Z,KXSOL15M-26OCT042245-45,0.8100,350.00,yes
2026-10-05T02:44:00.689263Z,KXSOL15M-26OCT042245-45,0.8100,7.00,yes
2026-10-05T02:44:00.689263Z,KXSOL15M-26OCT042245-45,0.8100,10.00,yes
2026-10-05T02:44:00.689263Z,KXSOL15M-26OCT042245-45,0.8100,16.00,yes
2026-10-05T02:44:00.689263Z,KXSOL15M-26OCT042245-45,0.8100,42.00,yes
2026-10-05T02:44:01.144474Z,KXSOL15M-26OCT042245-45,0.8000,12.18,yes
2026-10-05T02:44:01.44786Z,KXSOL15M-26OCT042245-45,0.7700,107.32,yes
2026-10-05T02:44:01.773981Z,KXSOL15M-26OCT042245-45,0.7600,7.00,yes
2026-10-05T02:44:01.773981Z,KXSOL15M-26OCT042245-45,0.7700,12.17,yes
2026-10-05T02:44:01.924013Z,KXSOL15M-26OCT042245-45,0.7800,5.68,yes
2026-10-05T02:44:01.924013Z,KXSOL15M-26OCT042245-45,0.7700,7.00,yes
2026-10-05T02:44:01.97113Z,KXSOL15M-26OCT042245-45,0.7800,114.00,yes
2026-10-05T02:44:02.103213Z,KXSOL15M-26OCT042245-45,0.7800,2.00,yes
2026-10-05T02:44:02.196219Z,KXSOL15M-26OCT042245-45,0.8000,34.00,yes
2026-10-05T02:44:02.327965Z,KXSOL15M-26OCT042245-45,0.8000,3.70,yes
2026-10-05T02:44:02.583589Z,KXSOL15M-26OCT042245-45,0.8000,61.62,yes
2026-10-05T02:44:02.825912Z,KXSOL15M-26OCT042245-45,0.7800,1.09,no
2026-10-05T02:44:02.90282Z,KXSOL15M-26OCT042245-45,0.8000,1.00,yes
2026-10-05T02:44:03.081157Z,KXSOL15M-26OCT042245-45,0.7900,0.25,yes
2026-10-05T02:44:03.105921Z,KXSOL15M-26OCT042245-45,0.7900,28.00,yes
2026-10-05T02:44:03.421288Z,KXSOL15M-26OCT042245-45,0.7800,6.23,yes
2026-10-05T02:44:03.504145Z,KXSOL15M-26OCT042245-45,0.7700,5.00,no
2026-10-05T02:44:03.504145Z,KXSOL15M-26OCT042245-45,0.7700,7.00,no
2026-10-05T02:44:03.504145Z,KXSOL15M-26OCT042245-45,0.7700,3.51,no
2026-10-05T02:44:03.567525Z,KXSOL15M-26OCT042245-45,0.7800,3.00,yes
2026-10-05T02:44:03.765211Z,KXSOL15M-26OCT042245-45,0.7800,4.12,no
2026-10-05T02:44:03.766052Z,KXSOL15M-26OCT042245-45,0.7900,47.14,yes
2026-10-05T02:44:03.766052Z,KXSOL15M-26OCT042245-45,0.7900,0.77,yes
2026-10-05T02:44:03.77379Z,KXSOL15M-26OCT042245-45,0.8000,4.18,yes
2026-10-05T02:44:03.77379Z,KXSOL15M-26OCT042245-45,0.8000,20.00,yes
2026-10-05T02:44:03.872717Z,KXSOL15M-26OCT042245-45,0.8100,95.46,yes
2026-10-05T02:44:03.93587Z,KXSOL15M-26OCT042245-45,0.8600,10.00,yes
2026-10-05T02:44:03.93587Z,KXSOL15M-26OCT042245-45,0.8600,6.00,yes
2026-10-05T02:44:03.93587Z,KXSOL15M-26OCT042245-45,0.8800,1.00,yes
2026-10-05T02:44:03.93587Z,KXSOL15M-26OCT042245-45,0.8900,133.00,yes
2026-10-05T02:44:03.93587Z,KXSOL15M-26OCT042245-45,0.8800,350.00,yes
2026-10-05T02:44:03.941296Z,KXSOL15M-26OCT042245-45,0.9000,50.00,yes
2026-10-05T02:44:03.941296Z,KXSOL15M-26OCT042245-45,0.8900,217.00,yes
2026-10-05T02:44:03.941296Z,KXSOL15M-26OCT042245-45,0.9070,149.00,yes
2026-10-05T02:44:04.051182Z,KXSOL15M-26OCT042245-45,0.8800,1.25,no
2026-10-05T02:44:04.063588Z,KXSOL15M-26OCT042245-45,0.8700,8.00,no
2026-10-05T02:44:04.063588Z,KXSOL15M-26OCT042245-45,0.8800,5.00,no
2026-10-05T02:44:04.063588Z,KXSOL15M-26OCT042245-45,0.8700,7.62,no
2026-10-05T02:44:04.130532Z,KXSOL15M-26OCT042245-45,0.8800,5.00,no
2026-10-05T02:44:04.158416Z,KXSOL15M-26OCT042245-45,0.9100,55.00,yes
2026-10-05T02:44:04.158416Z,KXSOL15M-26OCT042245-45,0.8900,1.94,yes
2026-10-05T02:44:04.158416Z,KXSOL15M-26OCT042245-45,0.9090,4.00,yes
2026-10-05T02:44:04.161514Z,KXSOL15M-26OCT042245-45,0.9190,84.08,yes
2026-10-05T02:44:04.163773Z,KXSOL15M-26OCT042245-45,0.9190,24.48,yes
2026-10-05T02:44:04.165842Z,KXSOL15M-26OCT042245-45,0.9190,55.98,yes
2026-10-05T02:44:04.165842Z,KXSOL15M-26OCT042245-45,0.9090,4.00,yes
2026-10-05T02:44:04.167491Z,KXSOL15M-26OCT042245-45,0.9190,139.77,yes
2026-10-05T02:44:04.167511Z,KXSOL15M-26OCT042245-45,0.9190,132.33,yes
2026-10-05T02:44:04.169409Z,KXSOL15M-26OCT042245-45,0.9190,262.57,yes
2026-10-05T02:44:04.172797Z,KXSOL15M-26OCT042245-45,0.9190,62.24,yes
2026-10-05T02:44:04.173104Z,KXSOL15M-26OCT042245-45,0.9190,249.88,yes
2026-10-05T02:44:04.175082Z,KXSOL15M-26OCT042245-45,0.9190,138.67,yes
2026-10-05T02:44:04.175082Z,KXSOL15M-26OCT042245-45,0.9190,7.00,yes
2026-10-05T02:44:04.259568Z,KXSOL15M-26OCT042245-45,0.9190,5.00,no
2026-10-05T02:44:04.259568Z,KXSOL15M-26OCT042245-45,0.9190,2.40,no
2026-10-05T02:44:04.35057Z,KXSOL15M-26OCT042245-45,0.9400,12.00,yes
2026-10-05T02:44:04.35057Z,KXSOL15M-26OCT042245-45,0.9300,71.00,yes
2026-10-05T02:44:04.35057Z,KXSOL15M-26OCT042245-45,0.9200,62.00,yes
2026-10-05T02:44:04.35057Z,KXSOL15M-26OCT042245-45,0.9290,5.00,yes
2026-10-05T02:44:04.358238Z,KXSOL15M-26OCT042245-45,0.9400,41.00,yes
2026-10-05T02:44:04.621706Z,KXSOL15M-26OCT042245-45,0.9090,27.02,yes
2026-10-05T02:44:04.725795Z,KXSOL15M-26OCT042245-45,0.8800,75.66,no
2026-10-05T02:44:04.725795Z,KXSOL15M-26OCT042245-45,0.8900,8.00,no
2026-10-05T02:44:04.725795Z,KXSOL15M-26OCT042245-45,0.8900,3.18,no
2026-10-05T02:44:04.725795Z,KXSOL15M-26OCT042245-45,0.8900,5.00,no
2026-10-05T02:44:04.944939Z,KXSOL15M-26OCT042245-45,0.8900,5.00,no
2026-10-05T02:44:04.944939Z,KXSOL15M-26OCT042245-45,0.8900,16.80,no
2026-10-05T02:44:04.974667Z,KXSOL15M-26OCT042245-45,0.9190,16.00,yes
2026-10-05T02:44:04.992747Z,KXSOL15M-26OCT042245-45,0.9190,16.00,yes
2026-10-05T02:44:04.99293Z,KXSOL15M-26OCT042245-45,0.9190,16.00,yes
2026-10-05T02:44:05.106203Z,KXSOL15M-26OCT042245-45,0.8900,5.00,no
2026-10-05T02:44:05.106203Z,KXSOL15M-26OCT042245-45,0.8900,6.00,no
2026-10-05T02:44:05.106203Z,KXSOL15M-26OCT042245-45,0.8900,29.51,no
2026-10-05T02:44:05.116765Z,KXSOL15M-26OCT042245-45,0.9190,184.00,yes
2026-10-05T02:44:05.138302Z,KXSOL15M-26OCT042245-45,0.8800,20.00,no
2026-10-05T02:44:05.138302Z,KXSOL15M-26OCT042245-45,0.9000,7.00,no
2026-10-05T02:44:05.138302Z,KXSOL15M-26OCT042245-45,0.8800,350.00,no
2026-10-05T02:44:05.138302Z,KXSOL15M-26OCT042245-45,0.8700,234.41,no
2026-10-05T02:44:05.138302Z,KXSOL15M-26OCT042245-45,0.9270,3.00,no
2026-10-05T02:44:05.138302Z,KXSOL15M-26OCT042245-45,0.8900,6.00,no
2026-10-05T02:44:05.138302Z,KXSOL15M-26OCT042245-45,0.9260,3.00,no
2026-10-05T02:44:05.138302Z,KXSOL15M-26OCT042245-45,0.9280,5.00,no
2026-10-05T02:44:05.138302Z,KXSOL15M-26OCT042245-45,0.8900,320.49,no
2026-10-05T02:44:05.272743Z,KXSOL15M-26OCT042245-45,0.9040,5.00,no
2026-10-05T02:44:05.272743Z,KXSOL15M-26OCT042245-45,0.9000,0.28,no
2026-10-05T02:44:05.272743Z,KXSOL15M-26OCT042245-45,0.9030,3.00,no
2026-10-05T02:44:05.272743Z,KXSOL15M-26OCT042245-45,0.8800,31.31,no
2026-10-05T02:44:05.36611Z,KXSOL15M-26OCT042245-45,0.9180,21.64,yes
2026-10-05T02:44:05.399893Z,KXSOL15M-26OCT042245-45,0.9080,5.00,no
2026-10-05T02:44:05.399893Z,KXSOL15M-26OCT042245-45,0.9060,0.20,no
2026-10-05T02:44:05.399893Z,KXSOL15M-26OCT042245-45,0.9070,22.00,no
2026-10-05T02:44:05.399893Z,KXSOL15M-26OCT042245-45,0.9050,20.43,no
2026-10-05T02:44:05.428424Z,KXSOL15M-26OCT042245-45,0.9050,12.57,no
2026-10-05T02:44:05.428424Z,KXSOL15M-26OCT042245-45,0.9000,6.00,no
2026-10-05T02:44:05.428424Z,KXSOL15M-26OCT042245-45,0.8900,1.00,no
2026-10-05T02:44:05.428424Z,KXSOL15M-26OCT042245-45,0.8900,8.00,no
2026-10-05T02:44:05.428424Z,KXSOL15M-26OCT042245-45,0.8900,7.55,no
2026-10-05T02:44:05.428424Z,KXSOL15M-26OCT042245-45,0.9060,5.00,no
2026-10-05T02:44:05.434805Z,KXSOL15M-26OCT042245-45,0.9160,4.00,yes
2026-10-05T02:44:05.434805Z,KXSOL15M-26OCT042245-45,0.9180,231.00,yes
2026-10-05T02:44:05.434805Z,KXSOL15M-26OCT042245-45,0.9170,10.00,yes
2026-10-05T02:44:05.434805Z,KXSOL15M-26OCT042245-45,0.9160,37.00,yes
2026-10-05T02:44:05.658364Z,KXSOL15M-26OCT042245-45,0.9100,37.43,no
2026-10-05T02:44:05.658364Z,KXSOL15M-26OCT042245-45,0.9110,6.00,no
2026-10-05T02:44:05.658364Z,KXSOL15M-26OCT042245-45,0.9120,5.00,no
2026-10-05T02:44:05.742624Z,KXSOL15M-26OCT042245-45,0.9130,5.00,no
2026-10-05T02:44:05.742624Z,KXSOL15M-26OCT042245-45,0.9120,3.00,no
2026-10-05T02:44:05.748346Z,KXSOL15M-26OCT042245-45,0.9130,5.00,no
2026-10-05T02:44:05.846656Z,KXSOL15M-26OCT042245-45,0.9120,5.00,no
2026-10-05T02:44:05.854641Z,KXSOL15M-26OCT042245-45,0.9120,3.00,no
2026-10-05T02:44:05.897617Z,KXSOL15M-26OCT042245-45,0.9150,26.95,yes
2026-10-05T02:44:05.915228Z,KXSOL15M-26OCT042245-45,0.9150,8.00,yes
2026-10-05T02:44:05.932719Z,KXSOL15M-26OCT042245-45,0.9160,3.95,yes
2026-10-05T02:44:05.932719Z,KXSOL15M-26OCT042245-45,0.9150,4.05,yes
2026-10-05T02:44:05.941195Z,KXSOL15M-26OCT042245-45,0.9170,8.00,yes
2026-10-05T02:44:05.992406Z,KXSOL15M-26OCT042245-45,0.9180,1.00,no
2026-10-05T02:44:06.060706Z,KXSOL15M-26OCT042245-45,0.9190,8.00,yes
2026-10-05T02:44:06.080305Z,KXSOL15M-26OCT042245-45,0.9200,3.00,yes
2026-10-05T02:44:06.130226Z,KXSOL15M-26OCT042245-45,0.9190,1.24,no
2026-10-05T02:44:06.134804Z,KXSOL15M-26OCT042245-45,0.9380,117.00,yes
2026-10-05T02:44:06.134804Z,KXSOL15M-26OCT042245-45,0.9420,70.30,yes
2026-10-05T02:44:06.134804Z,KXSOL15M-26OCT042245-45,0.9370,5.00,yes
2026-10-05T02:44:06.134804Z,KXSOL15M-26OCT042245-45,0.9200,0.70,yes
2026-10-05T02:44:06.141337Z,KXSOL15M-26OCT042245-45,0.9370,5.00,yes
2026-10-05T02:44:06.484418Z,KXSOL15M-26OCT042245-45,0.9410,1.14,no
2026-10-05T02:44:06.495181Z,KXSOL15M-26OCT042245-45,0.9600,13.00,yes
2026-10-05T02:44:06.502968Z,KXSOL15M-26OCT042245-45,0.9420,1.00,yes
2026-10-05T02:44:06.605473Z,KXSOL15M-26OCT042245-45,0.9600,10.90,yes
2026-10-05T02:44:06.605473Z,KXSOL15M-26OCT042245-45,0.9600,17.10,yes
2026-10-05T02:44:06.65786Z,KXSOL15M-26OCT042245-45,0.9580,25.00,yes
2026-10-05T02:44:06.684646Z,KXSOL15M-26OCT042245-45,0.9600,10.38,yes
2026-10-05T02:44:07.156956Z,KXSOL15M-26OCT042245-45,0.9590,3.00,no
2026-10-05T02:44:07.228968Z,KXSOL15M-26OCT042245-45,0.9580,3.00,no
2026-10-05T02:44:07.228968Z,KXSOL15M-26OCT042245-45,0.9500,5.94,no
2026-10-05T02:44:07.228968Z,KXSOL15M-26OCT042245-45,0.9400,41.00,no
2026-10-05T02:44:07.228968Z,KXSOL15M-26OCT042245-45,0.9340,18.00,no
2026-10-05T02:44:07.228968Z,KXSOL15M-26OCT042245-45,0.9390,122.00,no
2026-10-05T02:44:07.228968Z,KXSOL15M-26OCT042245-45,0.9330,35.91,no
2026-10-05T02:44:07.228968Z,KXSOL15M-26OCT042245-45,0.9400,6.00,no
2026-10-05T02:44:07.228968Z,KXSOL15M-26OCT042245-45,0.9410,7.00,no
2026-10-05T02:44:07.370018Z,KXSOL15M-26OCT042245-45,0.9440,3.00,no
2026-10-05T02:44:07.377187Z,KXSOL15M-26OCT042245-45,0.9440,1.00,no
2026-10-05T02:44:07.446618Z,KXSOL15M-26OCT042245-45,0.9500,5.00,yes
2026-10-05T02:44:07.446618Z,KXSOL15M-26OCT042245-45,0.9570,19.00,yes
2026-10-05T02:44:07.446618Z,KXSOL15M-26OCT042245-45,0.9570,6.00,yes
2026-10-05T02:44:07.446618Z,KXSOL15M-26OCT042245-45,0.9580,73.87,yes
2026-10-05T02:44:07.450437Z,KXSOL15M-26OCT042245-45,0.9590,182.49,yes
2026-10-05T02:44:07.450437Z,KXSOL15M-26OCT042245-45,0.9580,129.13,yes
2026-10-05T02:44:07.463116Z,KXSOL15M-26OCT042245-45,0.9600,3.00,yes
2026-10-05T02:44:07.56314Z,KXSOL15M-26OCT042245-45,0.9440,2.00,no
2026-10-05T02:44:07.56314Z,KXSOL15M-26OCT042245-45,0.9420,0.19,no
2026-10-05T02:44:07.56314Z,KXSOL15M-26OCT042245-45,0.9420,2.04,no
2026-10-05T02:44:07.56314Z,KXSOL15M-26OCT042245-45,0.9430,3.00,no
2026-10-05T02:44:07.56314Z,KXSOL15M-26OCT042245-45,0.9410,5.00,no
2026-10-05T02:44:07.56314Z,KXSOL15M-26OCT042245-45,0.9320,3.04,no
2026-10-05T02:44:07.795578Z,KXSOL15M-26OCT042245-45,0.9600,97.00,yes
2026-10-05T02:44:07.795578Z,KXSOL15M-26OCT042245-45,0.9470,20.00,yes
2026-10-05T02:44:07.795578Z,KXSOL15M-26OCT042245-45,0.9590,6.00,yes
2026-10-05T02:44:07.859004Z,KXSOL15M-26OCT042245-45,0.9500,3.00,no
2026-10-05T02:44:07.859004Z,KXSOL15M-26OCT042245-45,0.9490,3.00,no
2026-10-05T02:44:07.859004Z,KXSOL15M-26OCT042245-45,0.9500,5.94,no
2026-10-05T02:44:07.859004Z,KXSOL15M-26OCT042245-45,0.9410,5.00,no
2026-10-05T02:44:07.859004Z,KXSOL15M-26OCT042245-45,0.9450,6.00,no
2026-10-05T02:44:07.859004Z,KXSOL15M-26OCT042245-45,0.9370,19.00,no
2026-10-05T02:44:07.859004Z,KXSOL15M-26OCT042245-45,0.9380,10.00,no
2026-10-05T02:44:07.859004Z,KXSOL15M-26OCT042245-45,0.9360,24.53,no
2026-10-05T02:44:07.859004Z,KXSOL15M-26OCT042245-45,0.9420,7.00,no
2026-10-05T02:44:07.859004Z,KXSOL15M-26OCT042245-45,0.9460,0.01,no
2026-10-05T02:44:08.077586Z,KXSOL15M-26OCT042245-45,0.9450,6.00,no
2026-10-05T02:44:08.077586Z,KXSOL15M-26OCT042245-45,0.9420,22.90,no
2026-10-05T02:44:08.077586Z,KXSOL15M-26OCT042245-45,0.9430,6.00,no
2026-10-05T02:44:08.077586Z,KXSOL15M-26OCT042245-45,0.9450,10.00,no
2026-10-05T02:44:08.128436Z,KXSOL15M-26OCT042245-45,0.9600,2.45,yes
2026-10-05T02:44:08.128436Z,KXSOL15M-26OCT042245-45,0.9630,20.00,yes
2026-10-05T02:44:08.128436Z,KXSOL15M-26OCT042245-45,0.9680,6.00,yes
2026-10-05T02:44:08.128436Z,KXSOL15M-26OCT042245-45,0.9650,6.00,yes
2026-10-05T02:44:08.128436Z,KXSOL15M-26OCT042245-45,0.9690,13.55,yes
2026-10-05T02:44:08.128436Z,KXSOL15M-26OCT042245-45,0.9690,1.00,yes
2026-10-05T02:44:08.128436Z,KXSOL15M-26OCT042245-45,0.9690,1.00,yes
2026-10-05T02:44:08.67891Z,KXSOL15M-26OCT042245-45,0.9660,29.00,yes
2026-10-05T02:44:08.67891Z,KXSOL15M-26OCT042245-45,0.9680,10.00,yes
2026-10-05T02:44:08.67891Z,KXSOL15M-26OCT042245-45,0.9680,10.00,yes
2026-10-05T02:44:08.67891Z,KXSOL15M-26OCT042245-45,0.9690,6.00,yes
2026-10-05T02:44:08.67891Z,KXSOL15M-26OCT042245-45,0.9670,9.45,yes
2026-10-05T02:44:08.67891Z,KXSOL15M-26OCT042245-45,0.9700,10.00,yes
2026-10-05T02:44:08.67891Z,KXSOL15M-26OCT042245-45,0.9700,25.00,yes
2026-10-05T02:44:08.67891Z,KXSOL15M-26OCT042245-45,0.9700,25.00,yes
2026-10-05T02:44:08.67891Z,KXSOL15M-26OCT042245-45,0.9700,258.10,yes
2026-10-05T02:44:08.67891Z,KXSOL15M-26OCT042245-45,0.9700,25.00,yes
2026-10-05T02:44:08.67891Z,KXSOL15M-26OCT042245-45,0.9700,2.00,yes
2026-10-05T02:44:08.67891Z,KXSOL15M-26OCT042245-45,0.9700,1.00,yes
2026-10-05T02:44:08.67891Z,KXSOL15M-26OCT042245-45,0.9700,1.00,yes
2026-10-05T02:44:08.876736Z,KXSOL15M-26OCT042245-45,0.9530,7.00,no
2026-10-05T02:44:08.876736Z,KXSOL15M-26OCT042245-45,0.9510,60.00,no
2026-10-05T02:44:08.876736Z,KXSOL15M-26OCT042245-45,0.9450,6.00,no
2026-10-05T02:44:08.876736Z,KXSOL15M-26OCT042245-45,0.9600,6.00,no
2026-10-05T02:44:08.876736Z,KXSOL15M-26OCT042245-45,0.9430,86.56,no
2026-10-05T02:44:08.876736Z,KXSOL15M-26OCT042245-45,0.9650,32.00,no
2026-10-05T02:44:08.876736Z,KXSOL15M-26OCT042245-45,0.9660,3.00,no
2026-10-05T02:44:08.876736Z,KXSOL15M-26OCT042245-45,0.9650,3.00,no
2026-10-05T02:44:08.876736Z,KXSOL15M-26OCT042245-45,0.9500,6.00,no
2026-10-05T02:44:08.876736Z,KXSOL15M-26OCT042245-45,0.9520,10.00,no
2026-10-05T02:44:08.876736Z,KXSOL15M-26OCT042245-45,0.9450,1.10,no
2026-10-05T02:44:08.905137Z,KXSOL15M-26OCT042245-45,0.9630,3.00,no
2026-10-05T02:44:08.905137Z,KXSOL15M-26OCT042245-45,0.9620,3.00,no
2026-10-05T02:44:08.989024Z,KXSOL15M-26OCT042245-45,0.9610,3.00,no
2026-10-05T02:44:08.989024Z,KXSOL15M-26OCT042245-45,0.9600,2.51,no
2026-10-05T02:44:09.015287Z,KXSOL15M-26OCT042245-45,0.9590,3.00,no
2026-10-05T02:44:09.015287Z,KXSOL15M-26OCT042245-45,0.9490,7.00,no
2026-10-05T02:44:09.015287Z,KXSOL15M-26OCT042245-45,0.9480,10.00,no
2026-10-05T02:44:09.015287Z,KXSOL15M-26OCT042245-45,0.9400,130.50,no
2026-10-05T02:44:09.015287Z,KXSOL15M-26OCT042245-45,0.9470,24.00,no
2026-10-05T02:44:09.015287Z,KXSOL15M-26OCT042245-45,0.9460,96.00,no
2026-10-05T02:44:09.015287Z,KXSOL15M-26OCT042245-45,0.9400,6.00,no
2026-10-05T02:44:09.015287Z,KXSOL15M-26OCT042245-45,0.9410,89.00,no
2026-10-05T02:44:09.078284Z,KXSOL15M-26OCT042245-45,0.9650,5.15,yes
2026-10-05T02:44:09.080241Z,KXSOL15M-26OCT042245-45,0.9440,10.00,no
2026-10-05T02:44:09.080241Z,KXSOL15M-26OCT042245-45,0.9430,6.00,no
2026-10-05T02:44:09.080241Z,KXSOL15M-26OCT042245-45,0.9430,24.00,no
2026-10-05T02:44:09.080241Z,KXSOL15M-26OCT042245-45,0.9440,5.00,no
2026-10-05T02:44:09.080241Z,KXSOL15M-26OCT042245-45,0.9400,177.64,no
2026-10-05T02:44:09.195508Z,KXSOL15M-26OCT042245-45,0.9450,0.10,no
2026-10-05T02:44:09.195508Z,KXSOL15M-26OCT042245-45,0.9420,0.90,no
2026-10-05T02:44:09.195508Z,KXSOL15M-26OCT042245-45,0.9450,6.00,no
2026-10-05T02:44:09.29733Z,KXSOL15M-26OCT042245-45,0.9450,6.00,no
2026-10-05T02:44:09.29733Z,KXSOL15M-26OCT042245-45,0.9420,5.00,no
2026-10-05T02:44:09.29733Z,KXSOL15M-26OCT042245-45,0.9400,20.00,no
2026-10-05T02:44:09.40381Z,KXSOL15M-26OCT042245-45,0.9440,3.00,yes
2026-10-05T02:44:09.40381Z,KXSOL15M-26OCT042245-45,0.9570,6.00,yes
2026-10-05T02:44:09.40381Z,KXSOL15M-26OCT042245-45,0.9580,41.24,yes
2026-10-05T02:44:09.853851Z,KXSOL15M-26OCT042245-45,0.9590,25.56,yes
2026-10-05T02:44:09.869115Z,KXSOL15M-26OCT042245-45,0.9360,6.00,no
2026-10-05T02:44:09.869115Z,KXSOL15M-26OCT042245-45,0.9310,20.41,no
2026-10-05T02:44:09.869115Z,KXSOL15M-26OCT042245-45,0.9400,5.00,no
2026-10-05T02:44:09.869115Z,KXSOL15M-26OCT042245-45,0.9350,6.00,no
2026-10-05T02:44:09.869115Z,KXSOL15M-26OCT042245-45,0.9320,10.00,no
2026-10-05T02:44:09.869115Z,KXSOL15M-26OCT042245-45,0.9400,21.86,no
2026-10-05T02:44:10.106689Z,KXSOL15M-26OCT042245-45,0.9590,4.00,yes
2026-10-05T02:44:10.106689Z,KXSOL15M-26OCT042245-45,0.9620,24.00,yes
2026-10-05T02:44:10.106689Z,KXSOL15M-26OCT042245-45,0.9630,23.00,yes
2026-10-05T02:44:10.186288Z,KXSOL15M-26OCT042245-45,0.9630,2.00,yes
2026-10-05T02:44:10.22199Z,KXSOL15M-26OCT042245-45,0.9630,5.00,yes
2026-10-05T02:44:10.290251Z,KXSOL15M-26OCT042245-45,0.9460,0.11,no
2026-10-05T02:44:10.290251Z,KXSOL15M-26OCT042245-45,0.9450,0.34,no
2026-10-05T02:44:10.463912Z,KXSOL15M-26OCT042245-45,0.9610,1.02,yes
2026-10-05T02:44:10.904359Z,KXSOL15M-26OCT042245-45,0.9450,8.00,no
2026-10-05T02:44:10.904359Z,KXSOL15M-26OCT042245-45,0.9450,70.00,no
2026-10-05T02:44:10.904359Z,KXSOL15M-26OCT042245-45,0.9430,9.66,no
2026-10-05T02:44:10.904359Z,KXSOL15M-26OCT042245-45,0.9440,3.59,no
2026-10-05T02:44:10.904359Z,KXSOL15M-26OCT042245-45,0.9420,137.47,no
2026-10-05T02:44:10.929999Z,KXSOL15M-26OCT042245-45,0.9420,5.55,no
2026-10-05T02:44:11.08623Z,KXSOL15M-26OCT042245-45,0.9440,20.00,yes
2026-10-05T02:44:11.111082Z,KXSOL15M-26OCT042245-45,0.9600,6.00,yes
2026-10-05T02:44:11.111082Z,KXSOL15M-26OCT042245-45,0.9570,49.00,yes
2026-10-05T02:44:11.111082Z,KXSOL15M-26OCT042245-45,0.9640,8.00,yes
2026-10-05T02:44:11.111082Z,KXSOL15M-26OCT042245-45,0.9650,6.00,yes
2026-10-05T02:44:11.111082Z,KXSOL15M-26OCT042245-45,0.9650,1.85,yes
2026-10-05T02:44:11.111082Z,KXSOL15M-26OCT042245-45,0.9690,17.76,yes
2026-10-05T02:44:11.111082Z,KXSOL15M-26OCT042245-45,0.9700,6.00,yes
2026-10-05T02:44:11.483778Z,KXSOL15M-26OCT042245-45,0.9560,17.05,no
2026-10-05T02:44:11.485321Z,KXSOL15M-26OCT042245-45,0.9560,17.22,no
2026-10-05T02:44:11.664231Z,KXSOL15M-26OCT042245-45,0.9550,3.41,no
2026-10-05T02:44:11.745954Z,KXSOL15M-26OCT042245-45,0.9700,4.00,yes
2026-10-05T02:44:11.819066Z,KXSOL15M-26OCT042245-45,0.9500,5.26,no
2026-10-05T02:44:11.819066Z,KXSOL15M-26OCT042245-45,0.9550,0.42,no
2026-10-05T02:44:11.819066Z,KXSOL15M-26OCT042245-45,0.9550,2.59,no
2026-10-05T02:44:11.819066Z,KXSOL15M-26OCT042245-45,0.9510,7.00,no
2026-10-05T02:44:11.922301Z,KXSOL15M-26OCT042245-45,0.9480,10.00,no
2026-10-05T02:44:12.084269Z,KXSOL15M-26OCT042245-45,0.9640,16.00,yes
2026-10-05T02:44:12.14412Z,KXSOL15M-26OCT042245-45,0.9500,2.00,no
2026-10-05T02:44:12.167273Z,KXSOL15M-26OCT042245-45,0.9500,4.00,no
2026-10-05T02:44:12.167273Z,KXSOL15M-26OCT042245-45,0.9490,4.51,no
2026-10-05T02:44:12.167273Z,KXSOL15M-26OCT042245-45,0.9500,10.00,no
2026-10-05T02:44:12.18865Z,KXSOL15M-26OCT042245-45,0.9500,10.00,no
2026-10-05T02:44:12.18865Z,KXSOL15M-26OCT042245-45,0.9480,2.68,no
2026-10-05T02:44:12.20093Z,KXSOL15M-26OCT042245-45,0.9740,2.00,yes
2026-10-05T02:44:12.20093Z,KXSOL15M-26OCT042245-45,0.9730,1.00,yes
2026-10-05T02:44:12.20093Z,KXSOL15M-26OCT042245-45,0.9720,1.00,yes
2026-10-05T02:44:12.20093Z,KXSOL15M-26OCT042245-45,0.9740,1.00,yes
2026-10-05T02:44:12.420511Z,KXSOL15M-26OCT042245-45,0.9440,7.00,no
2026-10-05T02:44:12.420511Z,KXSOL15M-26OCT042245-45,0.9440,10.00,no
2026-10-05T02:44:12.420511Z,KXSOL15M-26OCT042245-45,0.9420,5.00,no
2026-10-05T02:44:12.420511Z,KXSOL15M-26OCT042245-45,0.9420,0.01,no
2026-10-05T02:44:12.420511Z,KXSOL15M-26OCT042245-45,0.9430,11.32,no
2026-10-05T02:44:12.420511Z,KXSOL15M-26OCT042245-45,0.9420,206.98,no
2026-10-05T02:44:12.458989Z,KXSOL15M-26OCT042245-45,0.9410,90.27,no
2026-10-05T02:44:12.459613Z,KXSOL15M-26OCT042245-45,0.9420,80.00,yes
2026-10-05T02:44:12.465048Z,KXSOL15M-26OCT042245-45,0.9420,2.00,yes
2026-10-05T02:44:12.746219Z,KXSOL15M-26OCT042245-45,0.9420,54.00,yes
2026-10-05T02:44:12.778178Z,KXSOL15M-26OCT042245-45,0.9420,30.00,yes
2026-10-05T02:44:12.790246Z,KXSOL15M-26OCT042245-45,0.9420,2.00,yes
2026-10-05T02:44:12.824468Z,KXSOL15M-26OCT042245-45,0.9420,3.31,yes
2026-10-05T02:44:12.824468Z,KXSOL15M-26OCT042245-45,0.9420,91.69,yes
2026-10-05T02:44:12.918337Z,KXSOL15M-26OCT042245-45,0.9670,6.00,yes
2026-10-05T02:44:12.918337Z,KXSOL15M-26OCT042245-45,0.9680,4.00,yes
2026-10-05T02:44:12.918337Z,KXSOL15M-26OCT042245-45,0.9690,4.00,yes
2026-10-05T02:44:12.918337Z,KXSOL15M-26OCT042245-45,0.9420,0.69,yes
2026-10-05T02:44:12.918337Z,KXSOL15M-26OCT042245-45,0.9700,6.00,yes
2026-10-05T02:44:12.918337Z,KXSOL15M-26OCT042245-45,0.9740,9.31,yes
2026-10-05T02:44:13.205476Z,KXSOL15M-26OCT042245-45,0.9510,0.01,no
2026-10-05T02:44:13.205476Z,KXSOL15M-26OCT042245-45,0.9500,2.99,no
2026-10-05T02:44:13.205476Z,KXSOL15M-26OCT042245-45,0.9510,7.00,no
2026-10-05T02:44:13.205476Z,KXSOL15M-26OCT042245-45,0.9510,10.00,no
2026-10-05T02:44:13.208182Z,KXSOL15M-26OCT042245-45,0.9690,5.00,yes
2026-10-05T02:44:13.429451Z,KXSOL15M-26OCT042245-45,0.9690,4.00,yes
2026-10-05T02:44:13.429451Z,KXSOL15M-26OCT042245-45,0.9730,6.00,yes
2026-10-05T02:44:13.429451Z,KXSOL15M-26OCT042245-45,0.9700,6.00,yes
2026-10-05T02:44:13.429451Z,KXSOL15M-26OCT042245-45,0.9740,66.02,yes
2026-10-05T02:44:13.760643Z,KXSOL15M-26OCT042245-45,0.9560,15.70,no
2026-10-05T02:44:14.103243Z,KXSOL15M-26OCT042245-45,0.9670,2.00,yes
2026-10-05T02:44:14.103243Z,KXSOL15M-26OCT042245-45,0.9690,4.00,yes
2026-10-05T02:44:14.103243Z,KXSOL15M-26OCT042245-45,0.9680,2.00,yes
2026-10-05T02:44:14.23807Z,KXSOL15M-26OCT042245-45,0.9740,4.33,yes
2026-10-05T02:44:14.23807Z,KXSOL15M-26OCT042245-45,0.9740,0.67,yes
2026-10-05T02:44:14.345563Z,KXSOL15M-26OCT042245-45,0.9740,4.00,yes
2026-10-05T02:44:14.345563Z,KXSOL15M-26OCT042245-45,0.9700,6.00,yes
2026-10-05T02:44:14.357525Z,KXSOL15M-26OCT042245-45,0.9530,7.00,no
2026-10-05T02:44:14.357525Z,KXSOL15M-26OCT042245-45,0.9600,6.00,no
2026-10-05T02:44:14.357525Z,KXSOL15M-26OCT042245-45,0.9730,10.53,no
2026-10-05T02:44:14.357525Z,KXSOL15M-26OCT042245-45,0.9550,6.00,no
2026-10-05T02:44:14.357525Z,KXSOL15M-26OCT042245-45,0.9520,1.43,no
2026-10-05T02:44:14.393449Z,KXSOL15M-26OCT042245-45,0.9730,10.00,no
2026-10-05T02:44:14.40144Z,KXSOL15M-26OCT042245-45,0.9730,0.53,no
2026-10-05T02:44:14.652778Z,KXSOL15M-26OCT042245-45,0.9690,99.00,no
2026-10-05T02:44:14.652941Z,KXSOL15M-26OCT042245-45,0.9690,1.00,no
2026-10-05T02:44:14.652948Z,KXSOL15M-26OCT042245-45,0.9500,25.00,no
2026-10-05T02:44:14.846355Z,KXSOL15M-26OCT042245-45,0.9710,3.00,yes
2026-10-05T02:44:14.846355Z,KXSOL15M-26OCT042245-45,0.9700,350.00,yes
2026-10-05T02:44:14.846355Z,KXSOL15M-26OCT042245-45,0.9720,3.00,yes
2026-10-05T02:44:14.846355Z,KXSOL15M-26OCT042245-45,0.9750,6.00,yes
2026-10-05T02:44:14.846355Z,KXSOL15M-26OCT042245-45,0.9690,6.00,yes
2026-10-05T02:44:14.846355Z,KXSOL15M-26OCT042245-45,0.9690,63.00,yes
2026-10-05T02:44:14.846355Z,KXSOL15M-26OCT042245-45,0.9760,5.00,yes
2026-10-05T02:44:14.846355Z,KXSOL15M-26OCT042245-45,0.9760,4.00,yes
2026-10-05T02:44:15.014204Z,KXSOL15M-26OCT042245-45,0.9520,12.57,no
2026-10-05T02:44:15.014204Z,KXSOL15M-26OCT042245-45,0.9520,5.43,no
2026-10-05T02:44:15.01528Z,KXSOL15M-26OCT042245-45,0.9660,10.00,yes
2026-10-05T02:44:15.078333Z,KXSOL15M-26OCT042245-45,0.9660,20.00,yes
2026-10-05T02:44:15.106002Z,KXSOL15M-26OCT042245-45,0.9650,11.00,yes
2026-10-05T02:44:15.106002Z,KXSOL15M-26OCT042245-45,0.9700,3.00,yes
2026-10-05T02:44:15.106002Z,KXSOL15M-26OCT042245-45,0.9690,3.00,yes
2026-10-05T02:44:15.85801Z,KXSOL15M-26OCT042245-45,0.9750,6.00,yes
2026-10-05T02:44:15.85801Z,KXSOL15M-26OCT042245-45,0.9750,10.00,yes
2026-10-05T02:44:16.272921Z,KXSOL15M-26OCT042245-45,0.9730,3.00,no
2026-10-05T02:44:16.272921Z,KXSOL15M-26OCT042245-45,0.9600,6.00,no
2026-10-05T02:44:16.272921Z,KXSOL15M-26OCT042245-45,0.9470,19.00,no
2026-10-05T02:44:16.272921Z,KXSOL15M-26OCT042245-45,0.9630,100.00,no
2026-10-05T02:44:16.272921Z,KXSOL15M-26OCT042245-45,0.9530,43.00,no
2026-10-05T02:44:16.272921Z,KXSOL15M-26OCT042245-45,0.9500,26.00,no
2026-10-05T02:44:16.272921Z,KXSOL15M-26OCT042245-45,0.9640,7.00,no
2026-10-05T02:44:16.272921Z,KXSOL15M-26OCT042245-45,0.9460,8.06,no
2026-10-05T02:44:16.385548Z,KXSOL15M-26OCT042245-45,0.9740,59.00,yes
2026-10-05T02:44:16.385548Z,KXSOL15M-26OCT042245-45,0.9750,51.00,yes
2026-10-05T02:44:16.385548Z,KXSOL15M-26OCT042245-45,0.9740,6.00,yes
2026-10-05T02:44:16.385548Z,KXSOL15M-26OCT042245-45,0.9770,10.00,yes
2026-10-05T02:44:16.385548Z,KXSOL15M-26OCT042245-45,0.9780,21.03,yes
2026-10-05T02:44:16.809804Z,KXSOL15M-26OCT042245-45,0.9510,133.97,no
2026-10-05T02:44:16.809804Z,KXSOL15M-26OCT042245-45,0.9560,21.03,no
2026-10-05T02:44:16.809804Z,KXSOL15M-26OCT042245-45,0.9520,6.00,no
2026-10-05T02:44:16.809804Z,KXSOL15M-26OCT042245-45,0.9520,14.00,no
2026-10-05T02:44:16.809804Z,KXSOL15M-26OCT042245-45,0.9550,6.00,no
2026-10-05T02:44:16.880761Z,KXSOL15M-26OCT042245-45,0.9750,6.00,yes
2026-10-05T02:44:16.880761Z,KXSOL15M-26OCT042245-45,0.9750,11.00,yes
2026-10-05T02:44:16.880761Z,KXSOL15M-26OCT042245-45,0.9750,73.00,yes
2026-10-05T02:44:16.880761Z,KXSOL15M-26OCT042245-45,0.9750,10.00,yes
2026-10-05T02:44:16.975225Z,KXSOL15M-26OCT042245-45,0.9540,12.00,no
2026-10-05T02:44:16.975225Z,KXSOL15M-26OCT042245-45,0.9550,7.00,no
2026-10-05T02:44:16.975225Z,KXSOL15M-26OCT042245-45,0.9510,0.14,no
2026-10-05T02:44:16.975225Z,KXSOL15M-26OCT042245-45,0.9550,6.00,no
2026-10-05T02:44:17.097047Z,KXSOL15M-26OCT042245-45,0.9750,3.00,yes
2026-10-05T02:44:17.31585Z,KXSOL15M-26OCT042245-45,0.9800,41.79,yes
2026-10-05T02:44:17.31585Z,KXSOL15M-26OCT042245-45,0.9770,13.00,yes
2026-10-05T02:44:17.31585Z,KXSOL15M-26OCT042245-45,0.9760,10.00,yes
2026-10-05T02:44:17.31585Z,KXSOL15M-26OCT042245-45,0.9750,8.42,yes
2026-10-05T02:44:17.31585Z,KXSOL15M-26OCT042245-45,0.9760,3.00,yes
2026-10-05T02:44:17.31585Z,KXSOL15M-26OCT042245-45,0.9750,6.00,yes
2026-10-05T02:44:17.31585Z,KXSOL15M-26OCT042245-45,0.9750,3.00,yes
2026-10-05T02:44:17.31585Z,KXSOL15M-26OCT042245-45,0.9750,6.00,yes
2026-10-05T02:44:17.31585Z,KXSOL15M-26OCT042245-45,0.9790,40.00,yes
2026-10-05T02:44:17.31585Z,KXSOL15M-26OCT042245-45,0.9780,18.97,yes
2026-10-05T02:44:17.31585Z,KXSOL15M-26OCT042245-45,0.9800,11.00,yes
2026-10-05T02:44:17.31585Z,KXSOL15M-26OCT042245-45,0.9800,40.00,yes
2026-10-05T02:44:17.31585Z,KXSOL15M-26OCT042245-45,0.9790,1.00,yes
2026-10-05T02:44:17.31585Z,KXSOL15M-26OCT042245-45,0.9800,1.00,yes
2026-10-05T02:44:17.31585Z,KXSOL15M-26OCT042245-45,0.9800,8.00,yes
2026-10-05T02:44:17.440205Z,KXSOL15M-26OCT042245-45,0.9780,3.00,yes
2026-10-05T02:44:17.440205Z,KXSOL15M-26OCT042245-45,0.9790,4.02,yes
2026-10-05T02:44:17.440205Z,KXSOL15M-26OCT042245-45,0.9770,3.00,yes
2026-10-05T02:44:17.845795Z,KXSOL15M-26OCT042245-45,0.9730,12.00,no
2026-10-05T02:44:17.852194Z,KXSOL15M-26OCT042245-45,0.9730,6.97,no
2026-10-05T02:44:17.852194Z,KXSOL15M-26OCT042245-45,0.9730,15.03,no
2026-10-05T02:44:17.860772Z,KXSOL15M-26OCT042245-45,0.9730,13.33,no
2026-10-05T02:44:17.860772Z,KXSOL15M-26OCT042245-45,0.9730,24.97,no
2026-10-05T02:44:17.952535Z,KXSOL15M-26OCT042245-45,0.9580,13.00,no
2026-10-05T02:44:17.952535Z,KXSOL15M-26OCT042245-45,0.9590,6.00,no
2026-10-05T02:44:17.952535Z,KXSOL15M-26OCT042245-45,0.9560,29.33,no
2026-10-05T02:44:17.952535Z,KXSOL15M-26OCT042245-45,0.9730,26.67,no
2026-10-05T02:44:17.952535Z,KXSOL15M-26OCT042245-45,0.9570,24.00,no
2026-10-05T02:44:17.952724Z,KXSOL15M-26OCT042245-45,0.9520,39.33,no
2026-10-05T02:44:17.952724Z,KXSOL15M-26OCT042245-45,0.9560,62.67,no
2026-10-05T02:44:18.054462Z,KXSOL15M-26OCT042245-45,0.9530,4.36,yes
2026-10-05T02:44:18.118021Z,KXSOL15M-26OCT042245-45,0.9530,101.00,yes
2026-10-05T02:44:18.765871Z,KXSOL15M-26OCT042245-45,0.9430,2.11,no
2026-10-05T02:44:18.765871Z,KXSOL15M-26OCT042245-45,0.9430,1.00,no
2026-10-05T02:44:18.765871Z,KXSOL15M-26OCT042245-45,0.9500,5.00,no
2026-10-05T02:44:18.765871Z,KXSOL15M-26OCT042245-45,0.9440,7.00,no
2026-10-05T02:44:18.901396Z,KXSOL15M-26OCT042245-45,0.9700,5.06,yes
2026-10-05T02:44:18.98809Z,KXSOL15M-26OCT042245-45,0.9450,19.16,no
2026-10-05T02:44:18.98809Z,KXSOL15M-26OCT042245-45,0.9450,0.01,no
2026-10-05T02:44:19.490726Z,KXSOL15M-26OCT042245-45,0.9650,6.00,yes
2026-10-05T02:44:19.490726Z,KXSOL15M-26OCT042245-45,0.9600,6.00,yes
2026-10-05T02:44:19.490726Z,KXSOL15M-26OCT042245-45,0.9780,3.51,yes
2026-10-05T02:44:19.839398Z,KXSOL15M-26OCT042245-45,0.9650,6.00,yes
2026-10-05T02:44:19.839398Z,KXSOL15M-26OCT042245-45,0.9650,49.00,yes
2026-10-05T02:44:19.839398Z,KXSOL15M-26OCT042245-45,0.9600,6.00,yes
2026-10-05T02:44:19.839398Z,KXSOL15M-26OCT042245-45,0.9650,5.00,yes
2026-10-05T02:44:19.839398Z,KXSOL15M-26OCT042245-45,0.9690,325.00,yes
2026-10-05T02:44:19.839398Z,KXSOL15M-26OCT042245-45,0.9680,14.00,yes
2026-10-05T02:44:19.902369Z,KXSOL15M-26OCT042245-45,0.9700,1.24,yes
2026-10-05T02:44:20.125896Z,KXSOL15M-26OCT042245-45,0.9700,138.00,yes
2026-10-05T02:44:20.248526Z,KXSOL15M-26OCT042245-45,0.9800,9.19,yes
2026-10-05T02:44:20.248526Z,KXSOL15M-26OCT042245-45,0.9790,10.00,yes
2026-10-05T02:44:20.248526Z,KXSOL15M-26OCT042245-45,0.9790,5.00,yes
2026-10-05T02:44:20.818631Z,KXSOL15M-26OCT042245-45,0.9710,54.00,no
2026-10-05T02:44:21.023681Z,KXSOL15M-26OCT042245-45,0.9780,2.00,yes
2026-10-05T02:44:21.023681Z,KXSOL15M-26OCT042245-45,0.9780,3.00,yes
2026-10-05T02:44:21.062301Z,KXSOL15M-26OCT042245-45,0.9800,8.77,yes
2026-10-05T02:44:21.062301Z,KXSOL15M-26OCT042245-45,0.9790,5.00,yes
2026-10-05T02:44:21.062301Z,KXSOL15M-26OCT042245-45,0.9790,10.00,yes
2026-10-05T02:44:21.062301Z,KXSOL15M-26OCT042245-45,0.9790,27.00,yes
2026-10-05T02:44:21.111998Z,KXSOL15M-26OCT042245-45,0.9720,32.28,no
2026-10-05T02:44:21.246867Z,KXSOL15M-26OCT042245-45,0.9700,1.27,no
2026-10-05T02:44:21.251566Z,KXSOL15M-26OCT042245-45,0.9800,218.00,yes
2026-10-05T02:44:21.251566Z,KXSOL15M-26OCT042245-45,0.9750,6.00,yes
2026-10-05T02:44:21.251566Z,KXSOL15M-26OCT042245-45,0.9740,72.00,yes
2026-10-05T02:44:21.251566Z,KXSOL15M-26OCT042245-45,0.9790,5.00,yes
2026-10-05T02:44:21.251566Z,KXSOL15M-26OCT042245-45,0.9750,3.00,yes
2026-10-05T02:44:21.251566Z,KXSOL15M-26OCT042245-45,0.9790,10.00,yes
2026-10-05T02:44:21.496081Z,KXSOL15M-26OCT042245-45,0.9700,4.65,no
2026-10-05T02:44:21.496081Z,KXSOL15M-26OCT042245-45,0.9700,5.73,no
2026-10-05T02:44:21.583471Z,KXSOL15M-26OCT042245-45,0.9780,3.00,yes
2026-10-05T02:44:21.583471Z,KXSOL15M-26OCT042245-45,0.9790,12.59,yes
2026-10-05T02:44:21.583471Z,KXSOL15M-26OCT042245-45,0.9750,6.00,yes
2026-10-05T02:44:21.583471Z,KXSOL15M-26OCT042245-45,0.9770,3.00,yes
2026-10-05T02:44:21.583471Z,KXSOL15M-26OCT042245-45,0.9780,6.00,yes
2026-10-05T02:44:21.706408Z,KXSOL15M-26OCT042245-45,0.9720,17.49,no
2026-10-05T02:44:22.25714Z,KXSOL15M-26OCT042245-45,0.9790,2.03,yes
2026-10-05T02:44:22.309306Z,KXSOL15M-26OCT042245-45,0.9760,0.34,no
2026-10-05T02:44:22.309306Z,KXSOL15M-26OCT042245-45,0.9770,3.00,no
2026-10-05T02:44:22.653301Z,KXSOL15M-26OCT042245-45,0.9800,50.00,yes
2026-10-05T02:44:22.653301Z,KXSOL15M-26OCT042245-45,0.9800,6.00,yes
2026-10-05T02:44:22.653301Z,KXSOL15M-26OCT042245-45,0.9800,7.97,yes
2026-10-05T02:44:22.686364Z,KXSOL15M-26OCT042245-45,0.9770,3.36,no
2026-10-05T02:44:22.764798Z,KXSOL15M-26OCT042245-45,0.9770,3.00,no
2026-10-05T02:44:22.764798Z,KXSOL15M-26OCT042245-45,0.9770,3.00,no
2026-10-05T02:44:22.764798Z,KXSOL15M-26OCT042245-45,0.9770,5.64,no
2026-10-05T02:44:22.764798Z,KXSOL15M-26OCT042245-45,0.9760,1.62,no
2026-10-05T02:44:23.073583Z,KXSOL15M-26OCT042245-45,0.9810,12.65,yes
2026-10-05T02:44:23.217612Z,KXSOL15M-26OCT042245-45,0.9810,6.00,yes
2026-10-05T02:44:23.217612Z,KXSOL15M-26OCT042245-45,0.9810,10.00,yes
2026-10-05T02:44:23.217612Z,KXSOL15M-26OCT042245-45,0.9810,27.35,yes
2026-10-05T02:44:23.217612Z,KXSOL15M-26OCT042245-45,0.9830,40.00,yes
2026-10-05T02:44:23.217612Z,KXSOL15M-26OCT042245-45,0.9820,40.00,yes
2026-10-05T02:44:23.640971Z,KXSOL15M-26OCT042245-45,0.9870,57.00,yes
2026-10-05T02:44:23.640971Z,KXSOL15M-26OCT042245-45,0.9860,6.00,yes
2026-10-05T02:44:23.640971Z,KXSOL15M-26OCT042245-45,0.9850,37.37,yes
2026-10-05T02:44:23.640971Z,KXSOL15M-26OCT042245-45,0.9880,1.00,yes
2026-10-05T02:44:23.640971Z,KXSOL15M-26OCT042245-45,0.9870,1.00,yes
2026-10-05T02:44:23.640971Z,KXSOL15M-26OCT042245-45,0.9860,1.00,yes
2026-10-05T02:44:23.640971Z,KXSOL15M-26OCT042245-45,0.9880,8.15,yes
2026-10-05T02:44:23.640971Z,KXSOL15M-26OCT042245-45,0.9840,40.00,yes
2026-10-05T02:44:23.640971Z,KXSOL15M-26OCT042245-45,0.9850,40.00,yes
2026-10-05T02:44:23.640971Z,KXSOL15M-26OCT042245-45,0.9860,40.00,yes
2026-10-05T02:44:23.640971Z,KXSOL15M-26OCT042245-45,0.9870,40.00,yes
2026-10-05T02:44:23.640971Z,KXSOL15M-26OCT042245-45,0.9860,8.00,yes
2026-10-05T02:44:23.661541Z,KXSOL15M-26OCT042245-45,0.9880,25.00,yes
2026-10-05T02:44:23.661775Z,KXSOL15M-26OCT042245-45,0.9880,3.15,yes
2026-10-05T02:44:23.661775Z,KXSOL15M-26OCT042245-45,0.9880,10.00,yes
2026-10-05T02:44:23.661775Z,KXSOL15M-26OCT042245-45,0.9880,6.85,yes
2026-10-05T02:44:23.669502Z,KXSOL15M-26OCT042245-45,0.9870,3.00,no
2026-10-05T02:44:23.669502Z,KXSOL15M-26OCT042245-45,0.9830,20.45,no
2026-10-05T02:44:23.669502Z,KXSOL15M-26OCT042245-45,0.9840,40.00,no
2026-10-05T02:44:23.669502Z,KXSOL15M-26OCT042245-45,0.9830,5.00,no
2026-10-05T02:44:23.669502Z,KXSOL15M-26OCT042245-45,0.9860,3.00,no
2026-10-05T02:44:23.673644Z,KXSOL15M-26OCT042245-45,0.9880,39.85,yes
2026-10-05T02:44:23.673644Z,KXSOL15M-26OCT042245-45,0.9880,6.00,yes
2026-10-05T02:44:23.673644Z,KXSOL15M-26OCT042245-45,0.9890,1.00,yes
2026-10-05T02:44:23.673644Z,KXSOL15M-26OCT042245-45,0.9890,40.00,yes
2026-10-05T02:44:23.673644Z,KXSOL15M-26OCT042245-45,0.9890,10.00,yes
2026-10-05T02:44:23.673644Z,KXSOL15M-26OCT042245-45,0.9890,10.51,yes
2026-10-05T02:44:23.673644Z,KXSOL15M-26OCT042245-45,0.9890,2.00,yes
2026-10-05T02:44:24.052966Z,KXSOL15M-26OCT042245-45,0.9880,1.09,yes
2026-10-05T02:44:24.071343Z,KXSOL15M-26OCT042245-45,0.9880,0.10,yes
2026-10-05T02:44:24.136526Z,KXSOL15M-26OCT042245-45,0.9870,25.00,no
2026-10-05T02:44:24.136526Z,KXSOL15M-26OCT042245-45,0.9870,6.85,no
2026-10-05T02:44:24.136526Z,KXSOL15M-26OCT042245-45,0.9870,8.15,no
2026-10-05T02:44:24.136526Z,KXSOL15M-26OCT042245-45,0.9870,21.62,no
2026-10-05T02:44:24.182761Z,KXSOL15M-26OCT042245-45,0.9880,8.81,yes
2026-10-05T02:44:24.182761Z,KXSOL15M-26OCT042245-45,0.9880,6.00,yes
2026-10-05T02:44:24.182761Z,KXSOL15M-26OCT042245-45,0.9890,2.00,yes
2026-10-05T02:44:24.182761Z,KXSOL15M-26OCT042245-45,0.9890,9.49,yes
2026-10-05T02:44:24.182761Z,KXSOL15M-26OCT042245-45,0.9890,12.70,yes
2026-10-05T02:44:24.182761Z,KXSOL15M-26OCT042245-45,0.9890,1.00,yes
2026-10-05T02:44:24.24633Z,KXSOL15M-26OCT042245-45,0.9880,10.00,yes
2026-10-05T02:44:24.24633Z,KXSOL15M-26OCT042245-45,0.9880,4.81,yes
2026-10-05T02:44:24.311291Z,KXSOL15M-26OCT042245-45,0.9880,1.50,yes
2026-10-05T02:44:24.33404Z,KXSOL15M-26OCT042245-45,0.9870,14.66,no
2026-10-05T02:44:24.356212Z,KXSOL15M-26OCT042245-45,0.9880,6.00,yes
2026-10-05T02:44:24.356212Z,KXSOL15M-26OCT042245-45,0.9880,8.50,yes
2026-10-05T02:44:24.356212Z,KXSOL15M-26OCT042245-45,0.9890,25.50,yes
2026-10-05T02:44:24.481597Z,KXSOL15M-26OCT042245-45,0.9880,6.00,yes
2026-10-05T02:44:24.481597Z,KXSOL15M-26OCT042245-45,0.9880,10.00,yes
2026-10-05T02:44:24.481597Z,KXSOL15M-26OCT042245-45,0.9890,10.00,yes
2026-10-05T02:44:24.481597Z,KXSOL15M-26OCT042245-45,0.9900,40.00,yes
2026-10-05T02:44:24.481597Z,KXSOL15M-26OCT042245-45,0.9890,61.80,yes
2026-10-05T02:44:24.481597Z,KXSOL15M-26OCT042245-45,0.9900,13.66,yes
2026-10-05T02:44:24.481597Z,KXSOL15M-26OCT042245-45,0.9890,1.00,yes
2026-10-05T02:44:24.481597Z,KXSOL15M-26OCT042245-45,0.9900,25.00,yes
2026-10-05T02:44:24.481597Z,KXSOL15M-26OCT042245-45,0.9900,2.00,yes
2026-10-05T02:44:24.481597Z,KXSOL15M-26OCT042245-45,0.9900,26.45,yes
2026-10-05T02:44:24.496973Z,KXSOL15M-26OCT042245-45,0.9880,10.00,yes
2026-10-05T02:44:24.496973Z,KXSOL15M-26OCT042245-45,0.9900,65.00,yes
2026-10-05T02:44:24.545399Z,KXSOL15M-26OCT042245-45,0.9880,3.00,no
2026-10-05T02:44:24.65704Z,KXSOL15M-26OCT042245-45,0.9890,10.00,yes
2026-10-05T02:44:24.65704Z,KXSOL15M-26OCT042245-45,0.9890,5.00,yes
2026-10-05T02:44:24.65704Z,KXSOL15M-26OCT042245-45,0.9890,40.00,yes
2026-10-05T02:44:24.81476Z,KXSOL15M-26OCT042245-45,0.9890,4.04,yes
2026-10-05T02:44:25.028358Z,KXSOL15M-26OCT042245-45,0.9890,41.00,yes
2026-10-05T02:44:25.050678Z,KXSOL15M-26OCT042245-45,0.9870,20.76,no
2026-10-05T02:44:25.050678Z,KXSOL15M-26OCT042245-45,0.9880,3.72,no
2026-10-05T02:44:25.050678Z,KXSOL15M-26OCT042245-45,0.9880,37.00,no
2026-10-05T02:44:25.063602Z,KXSOL15M-26OCT042245-45,0.9890,1.07,yes
2026-10-05T02:44:25.321871Z,KXSOL15M-26OCT042245-45,0.9880,30.00,no
2026-10-05T02:44:25.425168Z,KXSOL15M-26OCT042245-45,0.9890,1.00,yes
2026-10-05T02:44:25.439546Z,KXSOL15M-26OCT042245-45,0.9880,10.02,no
2026-10-05T02:44:25.644558Z,KXSOL15M-26OCT042245-45,0.9890,0.01,yes
2026-10-05T02:44:25.74447Z,KXSOL15M-26OCT042245-45,0.9880,68.65,no
2026-10-05T02:44:25.842952Z,KXSOL15M-26OCT042245-45,0.9890,16.00,yes
2026-10-05T02:44:25.842952Z,KXSOL15M-26OCT042245-45,0.9890,2.92,yes
2026-10-05T02:44:25.842952Z,KXSOL15M-26OCT042245-45,0.9890,10.00,yes
2026-10-05T02:44:25.842952Z,KXSOL15M-26OCT042245-45,0.9890,0.01,yes
2026-10-05T02:44:25.842952Z,KXSOL15M-26OCT042245-45,0.9890,1.07,yes
2026-10-05T02:44:25.842952Z,KXSOL15M-26OCT042245-45,0.9890,1.00,yes
2026-10-05T02:44:25.881638Z,KXSOL15M-26OCT042245-45,0.9880,1.24,no
2026-10-05T02:44:26.113502Z,KXSOL15M-26OCT042245-45,0.9860,15.10,no
2026-10-05T02:44:26.113502Z,KXSOL15M-26OCT042245-45,0.9880,1.09,no
2026-10-05T02:44:26.113502Z,KXSOL15M-26OCT042245-45,0.9880,8.00,no
2026-10-05T02:44:26.506308Z,KXSOL15M-26OCT042245-45,0.9900,3.59,yes
2026-10-05T02:44:26.506308Z,KXSOL15M-26OCT042245-45,0.9900,1.00,yes
2026-10-05T02:44:26.506308Z,KXSOL15M-26OCT042245-45,0.9900,91.38,yes
2026-10-05T02:44:26.506308Z,KXSOL15M-26OCT042245-45,0.9900,3.03,yes
2026-10-05T02:44:26.506359Z,KXSOL15M-26OCT042245-45,0.9900,4.09,yes
2026-10-05T02:44:26.506359Z,KXSOL15M-26OCT042245-45,0.9900,56.05,yes
2026-10-05T02:44:26.519546Z,KXSOL15M-26OCT042245-45,0.9900,7.00,yes
2026-10-05T02:44:26.519546Z,KXSOL15M-26OCT042245-45,0.9910,1.00,yes
2026-10-05T02:44:26.674913Z,KXSOL15M-26OCT042245-45,0.9910,7.00,yes
2026-10-05T02:44:26.674913Z,KXSOL15M-26OCT042245-45,0.9910,10.00,yes
2026-10-05T02:44:26.674913Z,KXSOL15M-26OCT042245-45,0.9910,39.00,yes
2026-10-05T02:44:26.824315Z,KXSOL15M-26OCT042245-45,0.9910,19.95,no
2026-10-05T02:44:26.859692Z,KXSOL15M-26OCT042245-45,0.9920,13.35,yes
2026-10-05T02:44:26.864876Z,KXSOL15M-26OCT042245-45,0.9910,35.14,no
2026-10-05T02:44:26.864876Z,KXSOL15M-26OCT042245-45,0.9910,18.00,no
2026-10-05T02:44:26.864876Z,KXSOL15M-26OCT042245-45,0.9910,73.05,no
2026-10-05T02:44:26.867653Z,KXSOL15M-26OCT042245-45,0.9910,17.56,no
2026-10-05T02:44:27.04696Z,KXSOL15M-26OCT042245-45,0.9920,26.65,yes
2026-10-05T02:44:27.087205Z,KXSOL15M-26OCT042245-45,0.9920,13.35,no
2026-10-05T02:44:27.087205Z,KXSOL15M-26OCT042245-45,0.9920,20.70,no
2026-10-05T02:44:27.08896Z,KXSOL15M-26OCT042245-45,0.9930,7.00,yes
2026-10-05T02:44:27.08896Z,KXSOL15M-26OCT042245-45,0.9930,40.00,yes
2026-10-05T02:44:27.14074Z,KXSOL15M-26OCT042245-45,0.9970,10.00,yes
2026-10-05T02:44:27.14074Z,KXSOL15M-26OCT042245-45,0.9930,33.00,yes
2026-10-05T02:44:27.14074Z,KXSOL15M-26OCT042245-45,0.9970,2.00,yes
2026-10-05T02:44:27.14074Z,KXSOL15M-26OCT042245-45,0.9950,40.00,yes
2026-10-05T02:44:27.14074Z,KXSOL15M-26OCT042245-45,0.9940,40.00,yes
2026-10-05T02:44:27.14074Z,KXSOL15M-26OCT042245-45,0.9960,40.00,yes
2026-10-05T02:44:27.14074Z,KXSOL15M-26OCT042245-45,0.9970,40.00,yes
2026-10-05T02:44:27.14074Z,KXSOL15M-26OCT042245-45,0.9980,236.00,yes
2026-10-05T02:44:27.14074Z,KXSOL15M-26OCT042245-45,0.9960,81.00,yes
2026-10-05T02:44:27.14074Z,KXSOL15M-26OCT042245-45,0.9970,2.00,yes
2026-10-05T02:44:27.14074Z,KXSOL15M-26OCT042245-45,0.9960,1.00,yes
2026-10-05T02:44:27.14074Z,KXSOL15M-26OCT042245-45,0.9960,1.00,yes
2026-10-05T02:44:27.14074Z,KXSOL15M-26OCT042245-45,0.9970,2.00,yes
2026-10-05T02:44:27.14074Z,KXSOL15M-26OCT042245-45,0.9960,1.00,yes
2026-10-05T02:44:27.14074Z,KXSOL15M-26OCT042245-45,0.9970,2.00,yes
2026-10-05T02:44:27.14074Z,KXSOL15M-26OCT042245-45,0.9960,1.00,yes
2026-10-05T02:44:27.14074Z,KXSOL15M-26OCT042245-45,0.9970,2.00,yes
2026-10-05T02:44:27.14074Z,KXSOL15M-26OCT042245-45,0.9970,2.00,yes
2026-10-05T02:44:27.14074Z,KXSOL15M-26OCT042245-45,0.9960,1.00,yes
2026-10-05T02:44:27.14074Z,KXSOL15M-26OCT042245-45,0.9960,13.00,yes
2026-10-05T02:44:27.14074Z,KXSOL15M-26OCT042245-45,0.9970,18.00,yes
2026-10-05T02:44:27.14074Z,KXSOL15M-26OCT042245-45,0.9950,11.00,yes
2026-10-05T02:44:27.184331Z,KXSOL15M-26OCT042245-45,0.9970,6.74,yes
2026-10-05T02:44:27.184466Z,KXSOL15M-26OCT042245-45,0.9970,2.00,yes
2026-10-05T02:44:27.184466Z,KXSOL15M-26OCT042245-45,0.9970,3.26,yes
2026-10-05T02:44:27.184466Z,KXSOL15M-26OCT042245-45,0.9980,47.91,yes
2026-10-05T02:44:27.239101Z,KXSOL15M-26OCT042245-45,0.9970,1.00,yes
2026-10-05T02:44:27.585797Z,KXSOL15M-26OCT042245-45,0.9930,40.00,no
2026-10-05T02:44:27.585797Z,KXSOL15M-26OCT042245-45,0.9930,40.00,no
2026-10-05T02:44:27.585797Z,KXSOL15M-26OCT042245-45,0.9930,29.90,no
2026-10-05T02:44:27.585797Z,KXSOL15M-26OCT042245-45,0.9930,21.00,no
2026-10-05T02:44:29.301759Z,KXSOL15M-26OCT042245-45,0.9900,40.00,no
2026-10-05T02:44:29.301759Z,KXSOL15M-26OCT042245-45,0.9930,52.00,no
2026-10-05T02:44:29.301759Z,KXSOL15M-26OCT042245-45,0.9920,25.00,no
2026-10-05T02:44:29.301759Z,KXSOL15M-26OCT042245-45,0.9900,20.00,no
2026-10-05T02:44:29.301759Z,KXSOL15M-26OCT042245-45,0.9920,40.00,no
2026-10-05T02:44:29.301759Z,KXSOL15M-26OCT042245-45,0.9900,10.00,no
2026-10-05T02:44:29.301759Z,KXSOL15M-26OCT042245-45,0.9930,283.91,no
2026-10-05T02:44:29.301759Z,KXSOL15M-26OCT042245-45,0.9950,100.00,no
2026-10-05T02:44:29.301759Z,KXSOL15M-26OCT042245-45,0.9900,5.00,no
2026-10-05T02:44:29.301759Z,KXSOL15M-26OCT042245-45,0.9940,23.00,no
2026-10-05T02:44:29.301759Z,KXSOL15M-26OCT042245-45,0.9920,40.00,no
2026-10-05T02:44:29.301759Z,KXSOL15M-26OCT042245-45,0.9910,26.65,no
2026-10-05T02:44:29.301759Z,KXSOL15M-26OCT042245-45,0.9900,5.00,no
2026-10-05T02:44:29.301759Z,KXSOL15M-26OCT042245-45,0.9900,20.00,no
2026-10-05T02:44:29.301759Z,KXSOL15M-26OCT042245-45,0.9920,800.00,no
2026-10-05T02:44:29.301759Z,KXSOL15M-26OCT042245-45,0.9870,81.00,no
2026-10-05T02:44:29.301759Z,KXSOL15M-26OCT042245-45,0.9920,40.00,no
2026-10-05T02:44:29.301759Z,KXSOL15M-26OCT042245-45,0.9920,50.00,no
2026-10-05T02:44:29.301759Z,KXSOL15M-26OCT042245-45,0.9900,24.44,no
2026-10-05T02:44:29.301759Z,KXSOL15M-26OCT042245-45,0.9810,1.00,no
2026-10-05T02:44:29.301759Z,KXSOL15M-26OCT042245-45,0.9950,40.00,no
2026-10-05T02:44:29.301759Z,KXSOL15M-26OCT042245-45,0.9900,40.00,no
2026-10-05T02:44:29.301759Z,KXSOL15M-26OCT042245-45,0.9950,45.00,no
2026-10-05T02:44:29.301759Z,KXSOL15M-26OCT042245-45,0.9950,10.10,no
2026-10-05T02:44:29.301759Z,KXSOL15M-26OCT042245-45,0.9400,159.69,no
2026-10-05T02:44:29.301759Z,KXSOL15M-26OCT042245-45,0.9700,4.84,no
2026-10-05T02:44:29.301759Z,KXSOL15M-26OCT042245-45,0.9740,13.00,no
2026-10-05T02:44:29.301759Z,KXSOL15M-26OCT042245-45,0.9800,6.00,no
2026-10-05T02:44:29.301759Z,KXSOL15M-26OCT042245-45,0.9800,12.65,no
2026-10-05T02:44:29.301759Z,KXSOL15M-26OCT042245-45,0.9810,40.00,no
2026-10-05T02:44:29.301759Z,KXSOL15M-26OCT042245-45,0.9800,27.35,no
2026-10-05T02:44:29.301759Z,KXSOL15M-26OCT042245-45,0.9850,40.00,no
2026-10-05T02:44:29.301759Z,KXSOL15M-26OCT042245-45,0.9830,19.55,no
2026-10-05T02:44:29.301759Z,KXSOL15M-26OCT042245-45,0.9820,40.00,no
2026-10-05T02:44:29.301759Z,KXSOL15M-26OCT042245-45,0.9860,24.90,no
2026-10-05T02:44:29.301759Z,KXSOL15M-26OCT042245-45,0.9430,10.00,no
2026-10-05T02:44:29.301759Z,KXSOL15M-26OCT042245-45,0.9760,9.00,no
2026-10-05T02:44:29.301759Z,KXSOL15M-26OCT042245-45,0.9900,6.00,no
2026-10-05T02:44:29.301759Z,KXSOL15M-26OCT042245-45,0.9840,20.00,no
2026-10-05T02:44:29.301759Z,KXSOL15M-26OCT042245-45,0.9850,6.00,no
2026-10-05T02:44:29.301759Z,KXSOL15M-26OCT042245-45,0.9900,1.00,no
2026-10-05T02:44:29.301759Z,KXSOL15M-26OCT042245-45,0.9900,39.00,no
2026-10-05T02:44:29.301759Z,KXSOL15M-26OCT042245-45,0.9900,274.00,no
2026-10-05T02:44:29.301759Z,KXSOL15M-26OCT042245-45,0.9870,137.00,no
2026-10-05T02:44:29.301759Z,KXSOL15M-26OCT042245-45,0.9910,13.35,no
2026-10-05T02:44:29.301759Z,KXSOL15M-26OCT042245-45,0.9690,3.00,no
2026-10-05T02:44:29.301759Z,KXSOL15M-26OCT042245-45,0.9850,10.00,no
2026-10-05T02:44:29.301759Z,KXSOL15M-26OCT042245-45,0.9500,350.00,no
2026-10-05T02:44:29.301759Z,KXSOL15M-26OCT042245-45,0.9690,595.00,no
2026-10-05T02:44:29.301759Z,KXSOL15M-26OCT042245-45,0.9650,5.00,no
2026-10-05T02:44:29.301759Z,KXSOL15M-26OCT042245-45,0.9720,1.00,no
2026-10-05T02:44:29.301759Z,KXSOL15M-26OCT042245-45,0.9600,350.00,no
2026-10-05T02:44:29.31775Z,KXSOL15M-26OCT042245-45,0.9880,40.40,yes
2026-10-05T02:44:29.34289Z,KXSOL15M-26OCT042245-45,0.9880,2.01,yes
2026-10-05T02:44:29.376244Z,KXSOL15M-26OCT042245-45,0.9880,5.00,yes
2026-10-05T02:44:29.476496Z,KXSOL15M-26OCT042245-45,0.9880,27.00,yes
2026-10-05T02:44:29.530423Z,KXSOL15M-26OCT042245-45,0.9880,25.00,yes
2026-10-05T02:44:29.64845Z,KXSOL15M-26OCT042245-45,0.9880,133.00,yes
2026-10-05T02:44:29.680218Z,KXSOL15M-26OCT042245-45,0.9880,1.00,yes
2026-10-05T02:44:29.682873Z,KXSOL15M-26OCT042245-45,0.9880,10.00,yes
2026-10-05T02:44:29.686486Z,KXSOL15M-26OCT042245-45,0.9880,1.00,yes
2026-10-05T02:44:29.719408Z,KXSOL15M-26OCT042245-45,0.9880,25.00,yes
2026-10-05T02:44:29.767325Z,KXSOL15M-26OCT042245-45,0.9880,11.00,yes
2026-10-05T02:44:29.775017Z,KXSOL15M-26OCT042245-45,0.9880,11.00,yes
2026-10-05T02:44:29.782431Z,KXSOL15M-26OCT042245-45,0.9880,1.00,yes
2026-10-05T02:44:29.876022Z,KXSOL15M-26OCT042245-45,0.9880,57.59,yes
2026-10-05T02:44:29.947751Z,KXSOL15M-26OCT042245-45,0.9870,19.00,no
2026-10-05T02:44:29.947751Z,KXSOL15M-26OCT042245-45,0.9870,13.00,no
2026-10-05T02:44:29.947751Z,KXSOL15M-26OCT042245-45,0.9860,58.44,no
2026-10-05T02:44:29.947751Z,KXSOL15M-26OCT042245-45,0.9900,11.15,no
2026-10-05T02:44:29.947751Z,KXSOL15M-26OCT042245-45,0.9900,6.00,no
2026-10-05T02:44:29.947751Z,KXSOL15M-26OCT042245-45,0.9880,58.24,no
2026-10-05T02:44:30.197973Z,KXSOL15M-26OCT042245-45,0.9970,2.81,yes
2026-10-05T02:44:30.197973Z,KXSOL15M-26OCT042245-45,0.9960,11.00,yes
2026-10-05T02:44:30.197973Z,KXSOL15M-26OCT042245-45,0.9960,6.00,yes
2026-10-05T02:44:30.219532Z,KXSOL15M-26OCT042245-45,0.9970,2.00,yes
2026-10-05T02:44:30.568586Z,KXSOL15M-26OCT042245-45,0.9960,62.00,no
2026-10-05T02:44:30.915708Z,KXSOL15M-26OCT042245-45,0.9890,7.97,no
2026-10-05T02:44:31.404959Z,KXSOL15M-26OCT042245-45,0.9970,1.68,yes
2026-10-05T02:44:31.404959Z,KXSOL15M-26OCT042245-45,0.9960,3.00,yes
2026-10-05T02:44:31.404959Z,KXSOL15M-26OCT042245-45,0.9960,6.00,yes
2026-10-05T02:44:31.955708Z,KXSOL15M-26OCT042245-45,0.9950,4.59,no
2026-10-05T02:44:31.955708Z,KXSOL15M-26OCT042245-45,0.9960,100.00,no
2026-10-05T02:44:32.304803Z,KXSOL15M-26OCT042245-45,0.9890,2.03,no
2026-10-05T02:44:32.304803Z,KXSOL15M-26OCT042245-45,0.9900,24.00,no
2026-10-05T02:44:32.304803Z,KXSOL15M-26OCT042245-45,0.9900,6.00,no
2026-10-05T02:44:32.304803Z,KXSOL15M-26OCT042245-45,0.9920,40.00,no
2026-10-05T02:44:32.810014Z,KXSOL15M-26OCT042245-45,0.9970,3.51,yes
2026-10-05T02:44:32.810014Z,KXSOL15M-26OCT042245-45,0.9970,12.00,yes
2026-10-05T02:44:32.810014Z,KXSOL15M-26OCT042245-45,0.9970,19.00,yes
2026-10-05T02:44:32.810014Z,KXSOL15M-26OCT042245-45,0.9970,16.43,yes
2026-10-05T02:44:32.810014Z,KXSOL15M-26OCT042245-45,0.9970,2.00,yes
2026-10-05T02:44:32.855115Z,KXSOL15M-26OCT042245-45,0.9940,64.00,no
2026-10-05T02:44:32.922716Z,KXSOL15M-26OCT042245-45,0.9970,1.00,yes
2026-10-05T02:44:32.970725Z,KXSOL15M-26OCT042245-45,0.9920,39.81,no
2026-10-05T02:44:33.093502Z,KXSOL15M-26OCT042245-45,0.9960,56.40,no
2026-10-05T02:44:34.409722Z,KXSOL15M-26OCT042245-45,0.9960,7.00,no
2026-10-05T02:44:34.920288Z,KXSOL15M-26OCT042245-45,0.9970,1.56,yes
2026-10-05T02:44:34.920288Z,KXSOL15M-26OCT042245-45,0.9970,2.00,yes
2026-10-05T02:44:34.920288Z,KXSOL15M-26OCT042245-45,0.9970,21.00,yes
2026-10-05T02:44:35.89996Z,KXSOL15M-26OCT042245-45,0.9960,12.00,no
2026-10-05T02:44:35.906019Z,KXSOL15M-26OCT042245-45,0.9960,1.00,no
2026-10-05T02:44:36.459212Z,KXSOL15M-26OCT042245-45,0.9950,6.23,no
2026-10-05T02:44:37.014699Z,KXSOL15M-26OCT042245-45,0.9970,8.44,yes
2026-10-05T02:44:37.014699Z,KXSOL15M-26OCT042245-45,0.9970,2.00,yes
2026-10-05T02:44:37.014699Z,KXSOL15M-26OCT042245-45,0.9970,12.00,yes
2026-10-05T02:44:37.014699Z,KXSOL15M-26OCT042245-45,0.9980,107.05,yes
2026-10-05T02:44:37.046563Z,KXSOL15M-26OCT042245-45,0.9960,1.87,no
2026-10-05T02:44:37.357158Z,KXSOL15M-26OCT042245-45,0.9930,1.00,no
2026-10-05T02:44:37.357158Z,KXSOL15M-26OCT042245-45,0.9940,1.00,no
2026-10-05T02:44:37.845296Z,KXSOL15M-26OCT042245-45,0.9940,5.19,no
2026-10-05T02:44:38.04852Z,KXSOL15M-26OCT042245-45,0.9970,8.00,yes
2026-10-05T02:44:38.04852Z,KXSOL15M-26OCT042245-45,0.9970,2.00,yes
2026-10-05T02:44:38.088501Z,KXSOL15M-26OCT042245-45,0.9970,2.00,yes
2026-10-05T02:44:38.253729Z,KXSOL15M-26OCT042245-45,0.9970,5.00,yes
2026-10-05T02:44:38.63964Z,KXSOL15M-26OCT042245-45,0.9970,3.00,yes
2026-10-05T02:44:39.353065Z,KXSOL15M-26OCT042245-45,0.9970,2.00,yes
2026-10-05T02:44:39.353065Z,KXSOL15M-26OCT042245-45,0.9970,2.00,yes
2026-10-05T02:44:39.353065Z,KXSOL15M-26OCT042245-45,0.9980,37.00,yes
2026-10-05T02:44:39.797926Z,KXSOL15M-26OCT042245-45,0.9970,40.00,no
2026-10-05T02:44:39.797926Z,KXSOL15M-26OCT042245-45,0.9960,100.00,no
2026-10-05T02:44:39.797926Z,KXSOL15M-26OCT042245-45,0.9950,200.53,no
2026-10-05T02:44:40.046919Z,KXSOL15M-26OCT042245-45,0.9960,8.00,no
2026-10-05T02:44:40.253475Z,KXSOL15M-26OCT042245-45,0.9970,10.00,yes
2026-10-05T02:44:40.253475Z,KXSOL15M-26OCT042245-45,0.9970,2.00,yes
2026-10-05T02:44:40.253475Z,KXSOL15M-26OCT042245-45,0.9960,2.00,yes
2026-10-05T02:44:40.253475Z,KXSOL15M-26OCT042245-45,0.9980,5.00,yes
2026-10-05T02:44:41.08854Z,KXSOL15M-26OCT042245-45,0.9960,1.00,no
2026-10-05T02:44:41.298062Z,KXSOL15M-26OCT042245-45,0.9970,8.00,yes
2026-10-05T02:44:41.298062Z,KXSOL15M-26OCT042245-45,0.9970,2.00,yes
2026-10-05T02:44:41.992774Z,KXSOL15M-26OCT042245-45,0.9960,75.00,no
2026-10-05T02:44:41.992774Z,KXSOL15M-26OCT042245-45,0.9950,7.02,no
2026-10-05T02:44:42.06144Z,KXSOL15M-26OCT042245-45,0.9960,12.18,no
2026-10-05T02:44:42.635816Z,KXSOL15M-26OCT042245-45,0.9960,39.82,no
2026-10-05T02:44:42.635816Z,KXSOL15M-26OCT042245-45,0.9960,100.00,no
2026-10-05T02:44:42.635816Z,KXSOL15M-26OCT042245-45,0.9960,31.00,no
2026-10-05T02:44:42.857053Z,KXSOL15M-26OCT042245-45,0.9970,2.00,yes
2026-10-05T02:44:42.857053Z,KXSOL15M-26OCT042245-45,0.9970,37.00,yes
2026-10-05T02:44:42.857053Z,KXSOL15M-26OCT042245-45,0.9970,7.15,yes
2026-10-05T02:44:42.857053Z,KXSOL15M-26OCT042245-45,0.9970,2.00,yes
2026-10-05T02:44:43.001136Z,KXSOL15M-26OCT042245-45,0.9970,1.50,yes
2026-10-05T02:44:43.620353Z,KXSOL15M-26OCT042245-45,0.9960,27.00,yes
2026-10-05T02:44:43.620353Z,KXSOL15M-26OCT042245-45,0.9970,2.00,yes
2026-10-05T02:44:43.620353Z,KXSOL15M-26OCT042245-45,0.9970,8.50,yes
2026-10-05T02:44:43.620353Z,KXSOL15M-26OCT042245-45,0.9980,495.49,yes
2026-10-05T02:44:43.723846Z,KXSOL15M-26OCT042245-45,0.9970,10.00,no
2026-10-05T02:44:43.889154Z,KXSOL15M-26OCT042245-45,0.9980,71.55,yes
2026-10-05T02:44:43.889154Z,KXSOL15M-26OCT042245-45,0.9980,373.26,yes
2026-10-05T02:44:44.544365Z,KXSOL15M-26OCT042245-45,0.9970,18.15,no
2026-10-05T02:44:45.195813Z,KXSOL15M-26OCT042245-45,0.9970,8.00,no
2026-10-05T02:44:46.118169Z,KXSOL15M-26OCT042245-45,0.9980,25.00,yes
2026-10-05T02:44:46.124721Z,KXSOL15M-26OCT042245-45,0.9980,10.00,yes
2026-10-05T02:44:46.640305Z,KXSOL15M-26OCT042245-45,0.9980,17.00,yes
2026-10-05T02:44:46.647082Z,KXSOL15M-26OCT042245-45,0.9980,7.00,yes
2026-10-05T02:44:46.652166Z,KXSOL15M-26OCT042245-45,0.9980,2.00,yes
2026-10-05T02:44:46.955662Z,KXSOL15M-26OCT042245-45,0.9980,27.00,yes
2026-10-05T02:44:46.961815Z,KXSOL15M-26OCT042245-45,0.9980,15.00,yes
2026-10-05T02:44:46.966972Z,KXSOL15M-26OCT042245-45,0.9980,5.00,yes
2026-10-05T02:44:46.971705Z,KXSOL15M-26OCT042245-45,0.9980,2.00,yes
2026-10-05T02:44:46.976561Z,KXSOL15M-26OCT042245-45,0.9980,2.00,yes
2026-10-05T02:44:47.088667Z,KXSOL15M-26OCT042245-45,0.9980,40.00,yes
2026-10-05T02:44:47.09577Z,KXSOL15M-26OCT042245-45,0.9980,20.00,yes
2026-10-05T02:44:47.10297Z,KXSOL15M-26OCT042245-45,0.9980,4.74,yes
2026-10-05T02:44:47.10297Z,KXSOL15M-26OCT042245-45,0.9980,5.26,yes
2026-10-05T02:44:47.109046Z,KXSOL15M-26OCT042245-45,0.9980,5.00,yes
2026-10-05T02:44:47.114443Z,KXSOL15M-26OCT042245-45,0.9980,5.00,yes
2026-10-05T02:44:47.121481Z,KXSOL15M-26OCT042245-45,0.9980,2.00,yes
2026-10-05T02:44:48.05359Z,KXSOL15M-26OCT042245-45,0.9980,12.00,yes
2026-10-05T02:44:48.074659Z,KXSOL15M-26OCT042245-45,0.9980,10.00,yes
2026-10-05T02:44:48.074659Z,KXSOL15M-26OCT042245-45,0.9980,16.00,yes
2026-10-05T02:44:48.074659Z,KXSOL15M-26OCT042245-45,0.9980,283.26,yes
2026-10-05T02:44:48.074659Z,KXSOL15M-26OCT042245-45,0.9980,3.00,yes
2026-10-05T02:44:48.074659Z,KXSOL15M-26OCT042245-45,0.9980,3.00,yes
2026-10-05T02:44:48.074659Z,KXSOL15M-26OCT042245-45,0.9980,3.00,yes
2026-10-05T02:44:48.074659Z,KXSOL15M-26OCT042245-45,0.9980,3.00,yes
2026-10-05T02:44:48.074659Z,KXSOL15M-26OCT042245-45,0.9980,3.00,yes
2026-10-05T02:44:48.074659Z,KXSOL15M-26OCT042245-45,0.9980,3.00,yes
2026-10-05T02:44:48.074659Z,KXSOL15M-26OCT042245-45,0.9980,26.00,yes
2026-10-05T02:44:48.074659Z,KXSOL15M-26OCT042245-45,0.9980,70.74,yes
2026-10-05T02:44:48.074659Z,KXSOL15M-26OCT042245-45,0.9980,40.00,yes
2026-10-05T02:44:48.113431Z,KXSOL15M-26OCT042245-45,0.9980,0.65,yes
2026-10-05T02:44:48.113431Z,KXSOL15M-26OCT042245-45,0.9980,15.35,yes
2026-10-05T02:44:48.120251Z,KXSOL15M-26OCT042245-45,0.9980,10.00,yes
2026-10-05T02:44:48.120251Z,KXSOL15M-26OCT042245-45,0.9980,0.65,yes
2026-10-05T02:44:48.206118Z,KXSOL15M-26OCT042245-45,0.9990,33.00,yes
2026-10-05T02:44:48.206118Z,KXSOL15M-26OCT042245-45,0.9990,9.41,yes
2026-10-05T02:44:48.206118Z,KXSOL15M-26OCT042245-45,0.9990,3.00,yes
2026-10-05T02:44:48.206118Z,KXSOL15M-26OCT042245-45,0.9990,30.59,yes
2026-10-05T02:44:48.206118Z,KXSOL15M-26OCT042245-45,0.9990,1.00,yes
2026-10-05T02:44:48.206118Z,KXSOL15M-26OCT042245-45,0.9990,300.00,yes
2026-10-05T02:44:48.206118Z,KXSOL15M-26OCT042245-45,0.9990,300.00,yes
2026-10-05T02:44:48.206118Z,KXSOL15M-26OCT042245-45,0.9990,500.00,yes
2026-10-05T02:44:48.206118Z,KXSOL15M-26OCT042245-45,0.9990,1.00,yes
2026-10-05T02:44:48.206118Z,KXSOL15M-26OCT042245-45,0.9990,200.00,yes
2026-10-05T02:44:48.206118Z,KXSOL15M-26OCT042245-45,0.9990,1.00,yes
2026-10-05T02:44:48.206118Z,KXSOL15M-26OCT042245-45,0.9990,40.00,yes
2026-10-05T02:44:48.206118Z,KXSOL15M-26OCT042245-45,0.9990,350.00,yes
2026-10-05T02:44:48.310667Z,KXSOL15M-26OCT042245-45,0.9990,350.00,yes
2026-10-05T02:44:48.310667Z,KXSOL15M-26OCT042245-45,0.9990,10.00,yes
2026-10-05T02:44:48.310667Z,KXSOL15M-26OCT042245-45,0.9990,33.00,yes
2026-10-05T02:44:48.376353Z,KXSOL15M-26OCT042245-45,0.9980,29.00,no
2026-10-05T02:44:50.264029Z,KXSOL15M-26OCT042245-45,0.9980,45.37,no
2026-10-05T02:44:51.467024Z,KXSOL15M-26OCT042245-45,0.9980,64.98,no
2026-10-05T02:44:51.467024Z,KXSOL15M-26OCT042245-45,0.9980,44.38,no
2026-10-05T02:44:59.075591Z,KXSOL15M-26OCT042245-45,0.9990,7.41,no
2026-10-05T02:53:58.288185Z,KXGOLD15M-26OCT042300-00,0.0180,29.00,yes
2026-10-05T02:53:58.288185Z,KXGOLD15M-26OCT042300-00,0.0180,292.11,yes
2026-10-05T02:53:59.153133Z,KXGOLD15M-26OCT042300-00,0.0180,49.25,yes
2026-10-05T02:53:59.216315Z,KXGOLD15M-26OCT042300-00,0.0180,525.02,yes
2026-10-05T02:53:59.357635Z,KXGOLD15M-26OCT042300-00,0.0180,1500.00,yes
2026-10-05T02:53:59.357635Z,KXGOLD15M-26OCT042300-00,0.0180,0.01,yes
2026-10-05T02:53:59.769498Z,KXGOLD15M-26OCT042300-00,0.0190,30.65,yes
2026-10-05T02:54:00.216734Z,KXGOLD15M-26OCT042300-00,0.0170,915.46,no
2026-10-05T02:54:00.315187Z,KXGOLD15M-26OCT042300-00,0.0160,19.41,yes
2026-10-05T02:54:00.82071Z,KXGOLD15M-26OCT042300-00,0.0150,300.00,no
2026-10-05T02:54:00.82071Z,KXGOLD15M-26OCT042300-00,0.0150,7.00,no
2026-10-05T02:54:00.82071Z,KXGOLD15M-26OCT042300-00,0.0150,10.00,no
2026-10-05T02:54:00.82071Z,KXGOLD15M-26OCT042300-00,0.0150,6.51,no
2026-10-05T02:54:00.82071Z,KXGOLD15M-26OCT042300-00,0.0150,19.18,no
2026-10-05T02:54:00.82071Z,KXGOLD15M-26OCT042300-00,0.0150,4.31,no
2026-10-05T02:54:00.82071Z,KXGOLD15M-26OCT042300-00,0.0150,100.00,no
2026-10-05T02:54:01.609369Z,KXGOLD15M-26OCT042300-00,0.0150,112.12,yes
2026-10-05T02:54:05.161945Z,KXGOLD15M-26OCT042300-00,0.0160,13.76,yes
2026-10-05T02:54:05.350223Z,KXGOLD15M-26OCT042300-00,0.0160,27.52,yes
2026-10-05T02:54:05.350311Z,KXGOLD15M-26OCT042300-00,0.0160,58.47,yes
2026-10-05T02:54:05.601788Z,KXGOLD15M-26OCT042300-00,0.0150,20.28,no
2026-10-05T02:54:07.097362Z,KXGOLD15M-26OCT042300-00,0.0170,1.99,yes
2026-10-05T02:54:07.097362Z,KXGOLD15M-26OCT042300-00,0.0170,0.01,yes
2026-10-05T02:54:07.946708Z,KXGOLD15M-26OCT042300-00,0.0150,93.88,no
2026-10-05T02:54:07.977473Z,KXGOLD15M-26OCT042300-00,0.0150,117.49,no
2026-10-05T02:54:08.625711Z,KXGOLD15M-26OCT042300-00,0.0160,116.94,yes
2026-10-05T02:54:08.931894Z,KXGOLD15M-26OCT042300-00,0.0160,55.04,yes
2026-10-05T02:54:10.101311Z,KXGOLD15M-26OCT042300-00,0.0150,18.94,yes
2026-10-05T02:54:10.294628Z,KXGOLD15M-26OCT042300-00,0.0140,334.08,yes
2026-10-05T02:54:10.586432Z,KXGOLD15M-26OCT042300-00,0.0150,28.00,yes
2026-10-05T02:54:10.586432Z,KXGOLD15M-26OCT042300-00,0.0150,32.16,yes
2026-10-05T02:54:10.852826Z,KXGOLD15M-26OCT042300-00,0.0140,1.00,no
2026-10-05T02:54:10.992547Z,KXGOLD15M-26OCT042300-00,0.0150,124.73,yes
2026-10-05T02:54:11.630948Z,KXGOLD15M-26OCT042300-00,0.0130,24.90,no
2026-10-05T02:54:11.927268Z,KXGOLD15M-26OCT042300-00,0.0150,62.36,yes
2026-10-05T02:54:12.050438Z,KXGOLD15M-26OCT042300-00,0.0130,8.51,no
2026-10-05T02:54:12.104571Z,KXGOLD15M-26OCT042300-00,0.0130,100.00,no
2026-10-05T02:54:12.114718Z,KXGOLD15M-26OCT042300-00,0.0130,37.55,no
2026-10-05T02:54:12.166067Z,KXGOLD15M-26OCT042300-00,0.0130,238.95,yes
2026-10-05T02:54:12.30876Z,KXGOLD15M-26OCT042300-00,0.0130,305.36,no
2026-10-05T02:54:12.323129Z,KXGOLD15M-26OCT042300-00,0.0120,1.00,no
2026-10-05T02:54:12.323129Z,KXGOLD15M-26OCT042300-00,0.0120,110.00,no
2026-10-05T02:54:12.323129Z,KXGOLD15M-26OCT042300-00,0.0120,1390.00,no
2026-10-05T02:54:12.365765Z,KXGOLD15M-26OCT042300-00,0.0120,110.00,no
2026-10-05T02:54:12.365765Z,KXGOLD15M-26OCT042300-00,0.0120,99.99,no
2026-10-05T02:54:12.463228Z,KXGOLD15M-26OCT042300-00,0.0150,10.79,yes
2026-10-05T02:54:12.615794Z,KXGOLD15M-26OCT042300-00,0.0150,292.36,yes
2026-10-05T02:54:12.879556Z,KXGOLD15M-26OCT042300-00,0.0150,277.57,yes
2026-10-05T02:54:13.126484Z,KXGOLD15M-26OCT042300-00,0.0120,72.19,no
2026-10-05T02:54:13.223582Z,KXGOLD15M-26OCT042300-00,0.0120,4.96,no
2026-10-05T02:54:14.112938Z,KXGOLD15M-26OCT042300-00,0.0150,194.00,yes
2026-10-05T02:54:14.454759Z,KXGOLD15M-26OCT042300-00,0.0130,623.66,yes
2026-10-05T02:54:15.443679Z,KXGOLD15M-26OCT042300-00,0.0130,175.41,yes
2026-10-05T02:54:15.665279Z,KXGOLD15M-26OCT042300-00,0.0130,1.34,yes
2026-10-05T02:54:16.282383Z,KXGOLD15M-26OCT042300-00,0.0120,19.94,no
2026-10-05T02:54:16.97368Z,KXGOLD15M-26OCT042300-00,0.0130,71.95,yes
2026-10-05T02:54:17.245375Z,KXGOLD15M-26OCT042300-00,0.0130,549.07,no
2026-10-05T02:54:17.544337Z,KXGOLD15M-26OCT042300-00,0.0130,10.20,yes
2026-10-05T02:54:17.983164Z,KXGOLD15M-26OCT042300-00,0.0140,18.74,yes
2026-10-05T02:54:17.983164Z,KXGOLD15M-26OCT042300-00,0.0140,0.01,yes
2026-10-05T02:54:19.880895Z,KXGOLD15M-26OCT042300-00,0.0130,71.95,yes
2026-10-05T02:54:20.068683Z,KXGOLD15M-26OCT042300-00,0.0130,71.95,yes
2026-10-05T02:54:21.711681Z,KXGOLD15M-26OCT042300-00,0.0110,2.02,no
2026-10-05T02:54:22.20261Z,KXGOLD15M-26OCT042300-00,0.0110,13.47,no
2026-10-05T02:54:23.622159Z,KXGOLD15M-26OCT042300-00,0.0110,10.08,no
2026-10-05T02:54:23.816861Z,KXGOLD15M-26OCT042300-00,0.0120,77.94,yes
2026-10-05T02:54:24.406683Z,KXGOLD15M-26OCT042300-00,0.0110,5.05,no
2026-10-05T02:54:24.833312Z,KXGOLD15M-26OCT042300-00,0.0120,1000.00,yes
2026-10-05T02:54:26.350795Z,KXGOLD15M-26OCT042300-00,0.0120,77.94,yes
2026-10-05T02:54:26.384718Z,KXGOLD15M-26OCT042300-00,0.0120,77.94,yes
2026-10-05T02:54:27.182817Z,KXGOLD15M-26OCT042300-00,0.0120,77.49,yes
2026-10-05T02:54:27.680881Z,KXGOLD15M-26OCT042300-00,0.0120,19.10,yes
2026-10-05T02:54:27.851858Z,KXGOLD15M-26OCT042300-00,0.0120,61.54,yes
2026-10-05T02:54:27.938692Z,KXGOLD15M-26OCT042300-00,0.0120,9.35,yes
2026-10-05T02:54:28.267932Z,KXGOLD15M-26OCT042300-00,0.0120,7.79,yes
2026-10-05T02:54:29.353031Z,KXGOLD15M-26OCT042300-00,0.0120,0.76,yes
2026-10-05T02:54:30.007698Z,KXGOLD15M-26OCT042300-00,0.0120,40.00,yes
2026-10-05T02:54:30.007698Z,KXGOLD15M-26OCT042300-00,0.0120,168.09,yes
2026-10-05T02:54:30.007698Z,KXGOLD15M-26OCT042300-00,0.0120,0.01,yes
2026-10-05T02:54:30.525488Z,KXGOLD15M-26OCT042300-00,0.0120,390.81,yes
2026-10-05T02:54:30.802725Z,KXGOLD15M-26OCT042300-00,0.0110,274.64,no
2026-10-05T02:54:30.802725Z,KXGOLD15M-26OCT042300-00,0.0110,115.38,no
2026-10-05T02:54:31.008451Z,KXGOLD15M-26OCT042300-00,0.0120,389.71,yes
2026-10-05T02:54:31.163603Z,KXGOLD15M-26OCT042300-00,0.0110,10.10,no
2026-10-05T02:54:31.701143Z,KXGOLD15M-26OCT042300-00,0.0120,709.27,yes
2026-10-05T02:54:32.054414Z,KXGOLD15M-26OCT042300-00,0.0120,10.21,yes
2026-10-05T02:54:32.054414Z,KXGOLD15M-26OCT042300-00,0.0120,67.28,yes
2026-10-05T02:54:32.300116Z,KXGOLD15M-26OCT042300-00,0.0120,207.36,yes
2026-10-05T02:54:32.300116Z,KXGOLD15M-26OCT042300-00,0.0120,70.34,yes
2026-10-05T02:54:32.300116Z,KXGOLD15M-26OCT042300-00,0.0120,10.10,yes
2026-10-05T02:54:32.469062Z,KXGOLD15M-26OCT042300-00,0.0120,10.00,yes
2026-10-05T02:54:33.633385Z,KXGOLD15M-26OCT042300-00,0.0120,51.34,yes
2026-10-05T02:54:34.75348Z,KXGOLD15M-26OCT042300-00,0.0110,10.00,no
2026-10-05T02:54:35.888109Z,KXGOLD15M-26OCT042300-00,0.0110,2.02,no
2026-10-05T02:54:36.389789Z,KXGOLD15M-26OCT042300-00,0.0110,19.86,no
2026-10-05T02:54:36.389789Z,KXGOLD15M-26OCT042300-00,0.0110,53.24,no
2026-10-05T02:54:36.389789Z,KXGOLD15M-26OCT042300-00,0.0110,20.00,no
2026-10-05T02:54:36.389789Z,KXGOLD15M-26OCT042300-00,0.0110,2.00,no
2026-10-05T02:54:36.389789Z,KXGOLD15M-26OCT042300-00,0.0110,100.00,no
2026-10-05T02:54:36.389789Z,KXGOLD15M-26OCT042300-00,0.0110,1.00,no
2026-10-05T02:54:36.389789Z,KXGOLD15M-26OCT042300-00,0.0110,10.00,no
2026-10-05T02:54:36.389789Z,KXGOLD15M-26OCT042300-00,0.0110,2.00,no
2026-10-05T02:54:36.392621Z,KXGOLD15M-26OCT042300-00,0.0120,185.50,yes
2026-10-05T02:54:36.915089Z,KXGOLD15M-26OCT042300-00,0.0120,77.94,yes
2026-10-05T02:54:38.549332Z,KXGOLD15M-26OCT042300-00,0.0120,77.94,yes
2026-10-05T02:54:38.746008Z,KXGOLD15M-26OCT042300-00,0.0120,389.71,yes
2026-10-05T02:54:38.861123Z,KXGOLD15M-26OCT042300-00,0.0120,152.77,yes
2026-10-05T02:54:39.377208Z,KXGOLD15M-26OCT042300-00,0.0120,77.94,yes
2026-10-05T02:54:39.713034Z,KXGOLD15M-26OCT042300-00,0.0120,40.00,yes
2026-10-05T02:54:39.713034Z,KXGOLD15M-26OCT042300-00,0.0120,53.24,yes
2026-10-05T02:54:39.713034Z,KXGOLD15M-26OCT042300-00,0.0120,2.02,yes
2026-10-05T02:54:39.713034Z,KXGOLD15M-26OCT042300-00,0.0130,4.00,yes
2026-10-05T02:54:39.713034Z,KXGOLD15M-26OCT042300-00,0.0120,10.00,yes
2026-10-05T02:54:39.713034Z,KXGOLD15M-26OCT042300-00,0.0120,0.01,yes
2026-10-05T02:54:39.713034Z,KXGOLD15M-26OCT042300-00,0.0140,10.08,yes
2026-10-05T02:54:39.713034Z,KXGOLD15M-26OCT042300-00,0.0140,5.05,yes
2026-10-05T02:54:39.713034Z,KXGOLD15M-26OCT042300-00,0.0140,2.02,yes
2026-10-05T02:54:39.713034Z,KXGOLD15M-26OCT042300-00,0.0140,13.47,yes
2026-10-05T02:54:39.713034Z,KXGOLD15M-26OCT042300-00,0.0120,406.52,yes
2026-10-05T02:54:39.713034Z,KXGOLD15M-26OCT042300-00,0.0140,25.09,yes
2026-10-05T02:54:39.713034Z,KXGOLD15M-26OCT042300-00,0.0130,31.00,yes
2026-10-05T02:54:40.010381Z,KXGOLD15M-26OCT042300-00,0.0120,1500.00,yes
2026-10-05T02:54:40.176515Z,KXGOLD15M-26OCT042300-00,0.0120,38.97,yes
2026-10-05T02:54:40.336272Z,KXGOLD15M-26OCT042300-00,0.0120,77.94,yes
2026-10-05T02:54:40.946237Z,KXGOLD15M-26OCT042300-00,0.0120,77.94,yes
2026-10-05T02:54:41.276859Z,KXGOLD15M-26OCT042300-00,0.0120,152.77,yes
2026-10-05T02:54:42.527386Z,KXGOLD15M-26OCT042300-00,0.0140,19.86,yes
2026-10-05T02:54:42.527386Z,KXGOLD15M-26OCT042300-00,0.0170,73.75,yes
2026-10-05T02:54:42.527386Z,KXGOLD15M-26OCT042300-00,0.0130,35.00,yes
2026-10-05T02:54:42.527386Z,KXGOLD15M-26OCT042300-00,0.0120,1152.38,yes
2026-10-05T02:54:42.527386Z,KXGOLD15M-26OCT042300-00,0.0160,101.00,yes
2026-10-05T02:54:42.527386Z,KXGOLD15M-26OCT042300-00,0.0140,90.29,yes
2026-10-05T02:54:42.835788Z,KXGOLD15M-26OCT042300-00,0.0110,146.00,no
2026-10-05T02:54:42.835788Z,KXGOLD15M-26OCT042300-00,0.0110,873.14,no
2026-10-05T02:54:43.278747Z,KXGOLD15M-26OCT042300-00,0.0100,2.00,no
2026-10-05T02:54:43.278747Z,KXGOLD15M-26OCT042300-00,0.0100,300.00,no
2026-10-05T02:54:43.278747Z,KXGOLD15M-26OCT042300-00,0.0100,178.86,no
2026-10-05T02:54:43.367781Z,KXGOLD15M-26OCT042300-00,0.0130,71.95,yes
2026-10-05T02:54:43.818883Z,KXGOLD15M-26OCT042300-00,0.0110,0.10,yes
2026-10-05T02:54:44.087175Z,KXGOLD15M-26OCT042300-00,0.0110,71.95,yes
2026-10-05T02:54:44.475326Z,KXGOLD15M-26OCT042300-00,0.0110,106.81,yes
2026-10-05T02:54:44.475326Z,KXGOLD15M-26OCT042300-00,0.0110,1500.00,yes
2026-10-05T02:54:44.475326Z,KXGOLD15M-26OCT042300-00,0.0130,55.99,yes
2026-10-05T02:54:44.475326Z,KXGOLD15M-26OCT042300-00,0.0110,0.01,yes
2026-10-05T02:54:45.46311Z,KXGOLD15M-26OCT042300-00,0.0120,77.94,yes
2026-10-05T02:54:46.312381Z,KXGOLD15M-26OCT042300-00,0.0100,16.17,no
2026-10-05T02:54:46.6392Z,KXGOLD15M-26OCT042300-00,0.0110,16.17,yes
2026-10-05T02:54:46.6392Z,KXGOLD15M-26OCT042300-00,0.0110,61.77,yes
2026-10-05T02:54:47.360676Z,KXGOLD15M-26OCT042300-00,0.0100,115.30,no
2026-10-05T02:54:47.972312Z,KXGOLD15M-26OCT042300-00,0.0100,200.00,no
2026-10-05T02:54:48.147501Z,KXGOLD15M-26OCT042300-00,0.0090,68.90,no
2026-10-05T02:54:48.147501Z,KXGOLD15M-26OCT042300-00,0.0100,7.39,no
2026-10-05T02:54:48.147501Z,KXGOLD15M-26OCT042300-00,0.0100,1.00,no
2026-10-05T02:54:48.147501Z,KXGOLD15M-26OCT042300-00,0.0100,1.01,no
2026-10-05T02:54:48.147501Z,KXGOLD15M-26OCT042300-00,0.0100,2.20,no
2026-10-05T02:54:48.147501Z,KXGOLD15M-26OCT042300-00,0.0100,1.00,no
2026-10-05T02:54:48.147501Z,KXGOLD15M-26OCT042300-00,0.0100,6.39,no
2026-10-05T02:54:48.147501Z,KXGOLD15M-26OCT042300-00,0.0100,8.33,no
2026-10-05T02:54:48.147501Z,KXGOLD15M-26OCT042300-00,0.0100,3.00,no
2026-10-05T02:54:48.147501Z,KXGOLD15M-26OCT042300-00,0.0100,2.00,no
2026-10-05T02:54:48.147501Z,KXGOLD15M-26OCT042300-00,0.0100,3.24,no
2026-10-05T02:54:48.147501Z,KXGOLD15M-26OCT042300-00,0.0100,239.67,no
2026-10-05T02:54:48.147501Z,KXGOLD15M-26OCT042300-00,0.0100,1.00,no
2026-10-05T02:54:48.147501Z,KXGOLD15M-26OCT042300-00,0.0100,10.26,no
2026-10-05T02:54:48.147501Z,KXGOLD15M-26OCT042300-00,0.0100,75.00,no
2026-10-05T02:54:48.286517Z,KXGOLD15M-26OCT042300-00,0.0090,2.00,no
2026-10-05T02:54:48.286588Z,KXGOLD15M-26OCT042300-00,0.0090,575.14,no
2026-10-05T02:54:48.286588Z,KXGOLD15M-26OCT042300-00,0.0090,298.00,no
2026-10-05T02:54:48.291094Z,KXGOLD15M-26OCT042300-00,0.0100,53.00,yes
2026-10-05T02:54:48.572845Z,KXGOLD15M-26OCT042300-00,0.0100,93.51,yes
2026-10-05T02:54:48.742192Z,KXGOLD15M-26OCT042300-00,0.0090,2.01,no
2026-10-05T02:54:48.944612Z,KXGOLD15M-26OCT042300-00,0.0100,30.00,yes
2026-10-05T02:54:48.959514Z,KXGOLD15M-26OCT042300-00,0.0100,0.01,yes
2026-10-05T02:54:49.083017Z,KXGOLD15M-26OCT042300-00,0.0100,21.50,yes
2026-10-05T02:54:49.375108Z,KXGOLD15M-26OCT042300-00,0.0090,2.01,no
2026-10-05T02:54:49.754155Z,KXGOLD15M-26OCT042300-00,0.0100,467.59,yes
2026-10-05T02:54:50.051708Z,KXGOLD15M-26OCT042300-00,0.0100,287.59,yes
2026-10-05T02:54:50.051708Z,KXGOLD15M-26OCT042300-00,0.0100,60.00,yes
2026-10-05T02:54:50.051708Z,KXGOLD15M-26OCT042300-00,0.0100,30.00,yes
2026-10-05T02:54:50.051708Z,KXGOLD15M-26OCT042300-00,0.0100,30.00,yes
2026-10-05T02:54:50.051708Z,KXGOLD15M-26OCT042300-00,0.0100,60.00,yes
2026-10-05T02:54:50.069591Z,KXGOLD15M-26OCT042300-00,0.0100,93.51,yes
2026-10-05T02:54:50.4105Z,KXGOLD15M-26OCT042300-00,0.0090,20.16,no
2026-10-05T02:54:50.689457Z,KXGOLD15M-26OCT042300-00,0.0100,15.89,yes
2026-10-05T02:54:50.971855Z,KXGOLD15M-26OCT042300-00,0.0090,48.82,no
2026-10-05T02:54:50.971855Z,KXGOLD15M-26OCT042300-00,0.0070,11.65,no
2026-10-05T02:54:51.07681Z,KXGOLD15M-26OCT042300-00,0.0070,19.75,no
2026-10-05T02:54:51.091807Z,KXGOLD15M-26OCT042300-00,0.0090,93.51,yes
2026-10-05T02:54:51.663485Z,KXGOLD15M-26OCT042300-00,0.0080,15.11,no
2026-10-05T02:54:53.961547Z,KXGOLD15M-26OCT042300-00,0.0100,81.86,yes
2026-10-05T02:54:53.961547Z,KXGOLD15M-26OCT042300-00,0.0100,11.65,yes
2026-10-05T02:54:54.260391Z,KXGOLD15M-26OCT042300-00,0.0090,0.93,yes
2026-10-05T02:54:54.806765Z,KXGOLD15M-26OCT042300-00,0.0090,101.83,yes
2026-10-05T02:54:55.035457Z,KXGOLD15M-26OCT042300-00,0.0090,327.87,yes
2026-10-05T02:54:56.040469Z,KXGOLD15M-26OCT042300-00,0.0090,101.83,yes
2026-10-05T02:54:56.244452Z,KXGOLD15M-26OCT042300-00,0.0090,101.83,yes
2026-10-05T02:54:56.566331Z,KXGOLD15M-26OCT042300-00,0.0080,4.94,no
2026-10-05T02:54:57.635161Z,KXGOLD15M-26OCT042300-00,0.0090,103.91,yes
2026-10-05T02:54:58.608251Z,KXGOLD15M-26OCT042300-00,0.0080,0.50,no
2026-10-05T02:54:58.834193Z,KXGOLD15M-26OCT042300-00,0.0090,203.65,yes
2026-10-05T02:54:59.036594Z,KXGOLD15M-26OCT042300-00,0.0090,10.10,yes
2026-10-05T02:54:59.480001Z,KXGOLD15M-26OCT042300-00,0.0090,101.83,yes
2026-10-05T02:55:00.250342Z,KXGOLD15M-26OCT042300-00,0.0080,30.01,no
2026-10-05T02:55:00.63247Z,KXGOLD15M-26OCT042300-00,0.0080,1.00,no
2026-10-05T02:55:00.898987Z,KXGOLD15M-26OCT042300-00,0.0090,101.83,yes
2026-10-05T02:55:01.08757Z,KXGOLD15M-26OCT042300-00,0.0090,29.09,yes
2026-10-05T02:55:01.18824Z,KXGOLD15M-26OCT042300-00,0.0090,101.83,yes
2026-10-05T02:55:01.631925Z,KXGOLD15M-26OCT042300-00,0.0080,25.00,no
2026-10-05T02:55:02.24705Z,KXGOLD15M-26OCT042300-00,0.0070,185.00,no
2026-10-05T02:55:03.00041Z,KXGOLD15M-26OCT042300-00,0.0080,572.73,yes
2026-10-05T02:55:03.457555Z,KXGOLD15M-26OCT042300-00,0.0080,11.45,yes
2026-10-05T02:55:03.790773Z,KXGOLD15M-26OCT042300-00,0.0080,572.73,yes
2026-10-05T02:55:03.903685Z,KXGOLD15M-26OCT042300-00,0.0080,343.09,yes
2026-10-05T02:55:03.903685Z,KXGOLD15M-26OCT042300-00,0.0080,185.00,yes
2026-10-05T02:55:04.374274Z,KXGOLD15M-26OCT042300-00,0.0080,25.97,yes
2026-10-05T02:55:04.386264Z,KXGOLD15M-26OCT042300-00,0.0070,101.00,no
2026-10-05T02:55:04.512794Z,KXGOLD15M-26OCT042300-00,0.0080,140.89,yes
2026-10-05T02:55:04.664113Z,KXGOLD15M-26OCT042300-00,0.0080,100.25,yes
2026-10-05T02:55:04.976992Z,KXGOLD15M-26OCT042300-00,0.0070,62.00,no
2026-10-05T02:55:05.404233Z,KXGOLD15M-26OCT042300-00,0.0070,116.75,no
2026-10-05T02:55:05.404233Z,KXGOLD15M-26OCT042300-00,0.0070,120.60,no
2026-10-05T02:55:05.475219Z,KXGOLD15M-26OCT042300-00,0.0080,584.42,yes
2026-10-05T02:55:05.750949Z,KXGOLD15M-26OCT042300-00,0.0080,58.44,yes
2026-10-05T02:55:06.108333Z,KXGOLD15M-26OCT042300-00,0.0080,45.82,yes
2026-10-05T02:55:06.784212Z,KXGOLD15M-26OCT042300-00,0.0080,2.34,yes
2026-10-05T02:55:07.256839Z,KXGOLD15M-26OCT042300-00,0.0070,12.31,no
2026-10-05T02:55:07.387564Z,KXGOLD15M-26OCT042300-00,0.0070,9.48,no
2026-10-05T02:55:07.411723Z,KXGOLD15M-26OCT042300-00,0.0070,108.00,no
2026-10-05T02:55:07.66525Z,KXGOLD15M-26OCT042300-00,0.0070,116.88,yes
2026-10-05T02:55:08.226915Z,KXGOLD15M-26OCT042300-00,0.0070,1282.29,yes
2026-10-05T02:55:08.247527Z,KXGOLD15M-26OCT042300-00,0.0070,100.83,yes
2026-10-05T02:55:08.336865Z,KXGOLD15M-26OCT042300-00,0.0070,75.00,yes
2026-10-05T02:55:08.614691Z,KXGOLD15M-26OCT042300-00,0.0070,51.68,yes
2026-10-05T02:55:09.042955Z,KXGOLD15M-26OCT042300-00,0.0060,112.51,no
2026-10-05T02:55:09.305056Z,KXGOLD15M-26OCT042300-00,0.0060,1.00,no
2026-10-05T02:55:09.374914Z,KXGOLD15M-26OCT042300-00,0.0070,141.38,yes
2026-10-05T02:55:09.750636Z,KXGOLD15M-26OCT042300-00,0.0070,261.80,yes
2026-10-05T02:55:10.890749Z,KXGOLD15M-26OCT042300-00,0.0070,667.87,yes
2026-10-05T02:55:11.662179Z,KXGOLD15M-26OCT042300-00,0.0060,149.83,no
2026-10-05T02:55:11.960691Z,KXGOLD15M-26OCT042300-00,0.0070,13.35,yes
2026-10-05T02:55:12.1358Z,KXGOLD15M-26OCT042300-00,0.0070,6.54,yes
2026-10-05T02:55:13.335019Z,KXGOLD15M-26OCT042300-00,0.0070,13.35,yes
2026-10-05T02:55:14.041068Z,KXGOLD15M-26OCT042300-00,0.0070,130.90,yes
2026-10-05T02:55:14.064064Z,KXGOLD15M-26OCT042300-00,0.0070,130.90,yes
2026-10-05T02:55:14.069055Z,KXGOLD15M-26OCT042300-00,0.0070,16.21,yes
2026-10-05T02:55:14.827249Z,KXGOLD15M-26OCT042300-00,0.0060,18.10,no
2026-10-05T02:55:15.815549Z,KXGOLD15M-26OCT042300-00,0.0060,53.26,no
2026-10-05T02:55:15.915652Z,KXGOLD15M-26OCT042300-00,0.0070,1.13,yes
2026-10-05T02:55:16.808276Z,KXGOLD15M-26OCT042300-00,0.0060,5.50,no
2026-10-05T02:55:17.26393Z,KXGOLD15M-26OCT042300-00,0.0070,66.01,yes
2026-10-05T02:55:17.26393Z,KXGOLD15M-26OCT042300-00,0.0070,64.89,yes
2026-10-05T02:55:18.702728Z,KXGOLD15M-26OCT042300-00,0.0070,261.80,yes
2026-10-05T02:55:18.888178Z,KXGOLD15M-26OCT042300-00,0.0070,13.35,yes
2026-10-05T02:55:19.469271Z,KXGOLD15M-26OCT042300-00,0.0060,58.53,no
2026-10-05T02:55:20.040139Z,KXGOLD15M-26OCT042300-00,0.0070,130.90,yes
2026-10-05T02:55:20.256378Z,KXGOLD15M-26OCT042300-00,0.0070,654.51,yes
2026-10-05T02:55:20.897022Z,KXGOLD15M-26OCT042300-00,0.0060,0.22,no
2026-10-05T02:55:21.675543Z,KXGOLD15M-26OCT042300-00,0.0060,109.00,no
2026-10-05T02:55:21.675543Z,KXGOLD15M-26OCT042300-00,0.0060,101.05,no
2026-10-05T02:55:21.704511Z,KXGOLD15M-26OCT042300-00,0.0060,1183.46,yes
2026-10-05T02:55:21.763873Z,KXGOLD15M-26OCT042300-00,0.0060,316.54,yes
2026-10-05T02:55:21.763873Z,KXGOLD15M-26OCT042300-00,0.0060,1.51,yes
2026-10-05T02:55:22.10888Z,KXGOLD15M-26OCT042300-00,0.0060,133.58,yes
2026-10-05T02:55:22.110154Z,KXGOLD15M-26OCT042300-00,0.0050,3.98,no
2026-10-05T02:55:22.224163Z,KXGOLD15M-26OCT042300-00,0.0060,1.52,yes
2026-10-05T02:55:22.6356Z,KXGOLD15M-26OCT042300-00,0.0050,110.00,no
2026-10-05T02:55:22.6356Z,KXGOLD15M-26OCT042300-00,0.0050,1000.00,no
2026-10-05T02:55:22.6356Z,KXGOLD15M-26OCT042300-00,0.0050,10.00,no
2026-10-05T02:55:22.6356Z,KXGOLD15M-26OCT042300-00,0.0050,11.00,no
2026-10-05T02:55:22.6356Z,KXGOLD15M-26OCT042300-00,0.0050,746.02,no
2026-10-05T02:55:22.986181Z,KXGOLD15M-26OCT042300-00,0.0040,0.89,no
2026-10-05T02:55:23.406786Z,KXGOLD15M-26OCT042300-00,0.0040,2.00,no
2026-10-05T02:55:23.512944Z,KXGOLD15M-26OCT042300-00,0.0050,186.97,yes
2026-10-05T02:55:23.778511Z,KXGOLD15M-26OCT042300-00,0.0050,205.15,yes
2026-10-05T02:55:24.389629Z,KXGOLD15M-26OCT042300-00,0.0050,916.19,yes
2026-10-05T02:55:24.712165Z,KXGOLD15M-26OCT042300-00,0.0050,191.69,yes
2026-10-05T02:55:24.712165Z,KXGOLD15M-26OCT042300-00,0.0050,28.94,yes
2026-10-05T02:55:25.123923Z,KXGOLD15M-26OCT042300-00,0.0040,4.70,no
2026-10-05T02:55:26.297354Z,KXGOLD15M-26OCT042300-00,0.0040,1.00,no
2026-10-05T02:55:28.356162Z,KXGOLD15M-26OCT042300-00,0.0050,143.97,yes
2026-10-05T02:55:28.891736Z,KXGOLD15M-26OCT042300-00,0.0050,26.17,yes
2026-10-05T02:55:30.141658Z,KXGOLD15M-26OCT042300-00,0.0040,82.22,no
2026-10-05T02:55:31.762122Z,KXGOLD15M-26OCT042300-00,0.0040,30.00,no
2026-10-05T02:55:32.192329Z,KXGOLD15M-26OCT042300-00,0.0040,126.12,no
2026-10-05T02:55:32.366271Z,KXGOLD15M-26OCT042300-00,0.0050,186.97,yes
2026-10-05T02:55:32.384616Z,KXGOLD15M-26OCT042300-00,0.0040,49.04,no
2026-10-05T02:55:34.898751Z,KXGOLD15M-26OCT042300-00,0.0040,4.36,no
2026-10-05T02:55:36.363761Z,KXGOLD15M-26OCT042300-00,0.0050,91.62,yes
2026-10-05T02:55:39.01278Z,KXGOLD15M-26OCT042300-00,0.0050,1877.02,yes
2026-10-05T02:55:39.08663Z,KXGOLD15M-26OCT042300-00,0.0050,18.69,yes
2026-10-05T02:55:41.644294Z,KXGOLD15M-26OCT042300-00,0.0050,104.00,yes
2026-10-05T02:55:41.85907Z,KXGOLD15M-26OCT042300-00,0.0040,77.49,no
2026-10-05T02:55:41.872603Z,KXGOLD15M-26OCT042300-00,0.0040,15.00,no
2026-10-05T02:55:41.922674Z,KXGOLD15M-26OCT042300-00,0.0040,58.47,no
2026-10-05T02:55:42.060237Z,KXGOLD15M-26OCT042300-00,0.0050,22.43,yes
2026-10-05T02:55:42.675453Z,KXGOLD15M-26OCT042300-00,0.0050,163.08,yes
2026-10-05T02:55:42.94328Z,KXGOLD15M-26OCT042300-00,0.0050,504.39,yes
2026-10-05T02:55:43.242137Z,KXGOLD15M-26OCT042300-00,0.0050,186.97,yes
2026-10-05T02:55:44.556131Z,KXGOLD15M-26OCT042300-00,0.0050,18.69,yes
2026-10-05T02:55:44.961742Z,KXGOLD15M-26OCT042300-00,0.0040,261.80,no
2026-10-05T02:55:45.622922Z,KXGOLD15M-26OCT042300-00,0.0050,9.16,yes
2026-10-05T02:55:45.843086Z,KXGOLD15M-26OCT042300-00,0.0050,373.95,yes
2026-10-05T02:55:46.335894Z,KXGOLD15M-26OCT042300-00,0.0050,186.97,yes
2026-10-05T02:55:47.098483Z,KXGOLD15M-26OCT042300-00,0.0050,500.00,yes
2026-10-05T02:55:47.95648Z,KXGOLD15M-26OCT042300-00,0.0050,18.69,yes
2026-10-05T02:55:48.046752Z,KXGOLD15M-26OCT042300-00,0.0050,186.97,yes
2026-10-05T02:55:48.515956Z,KXGOLD15M-26OCT042300-00,0.0050,1.83,yes
2026-10-05T02:55:48.55661Z,KXGOLD15M-26OCT042300-00,0.0050,2000.00,yes
2026-10-05T02:55:49.853254Z,KXGOLD15M-26OCT042300-00,0.0050,1.00,yes
2026-10-05T02:55:49.853254Z,KXGOLD15M-26OCT042300-00,0.0050,85.49,yes
2026-10-05T02:55:49.853254Z,KXGOLD15M-26OCT042300-00,0.0050,2.00,yes
2026-10-05T02:55:49.853254Z,KXGOLD15M-26OCT042300-00,0.0050,0.89,yes
2026-10-05T02:55:49.853254Z,KXGOLD15M-26OCT042300-00,0.0050,4.70,yes
2026-10-05T02:55:49.853254Z,KXGOLD15M-26OCT042300-00,0.0050,82.22,yes
2026-10-05T02:55:49.853254Z,KXGOLD15M-26OCT042300-00,0.0050,10.67,yes
2026-10-05T02:55:50.499767Z,KXGOLD15M-26OCT042300-00,0.0050,19.33,yes
2026-10-05T02:55:50.499767Z,KXGOLD15M-26OCT042300-00,0.0050,126.12,yes
2026-10-05T02:55:50.499767Z,KXGOLD15M-26OCT042300-00,0.0050,41.52,yes
2026-10-05T02:55:51.438512Z,KXGOLD15M-26OCT042300-00,0.0050,42.60,yes
2026-10-05T02:55:51.438512Z,KXGOLD15M-26OCT042300-00,0.0050,77.49,yes
2026-10-05T02:55:51.438512Z,KXGOLD15M-26OCT042300-00,0.0050,15.00,yes
2026-10-05T02:55:51.438512Z,KXGOLD15M-26OCT042300-00,0.0050,4.36,yes
2026-10-05T02:55:51.438512Z,KXGOLD15M-26OCT042300-00,0.0050,40.00,yes
2026-10-05T02:55:51.438512Z,KXGOLD15M-26OCT042300-00,0.0050,7.52,yes
2026-10-05T02:55:51.751674Z,KXGOLD15M-26OCT042300-00,0.0050,2.02,yes
2026-10-05T02:55:52.430802Z,KXGOLD15M-26OCT042300-00,0.0050,1.00,yes
2026-10-05T02:55:52.78554Z,KXGOLD15M-26OCT042300-00,0.0040,100.37,no
2026-10-05T02:55:53.203143Z,KXGOLD15M-26OCT042300-00,0.0050,12.85,yes
2026-10-05T02:55:53.203143Z,KXGOLD15M-26OCT042300-00,0.0050,548.08,yes
2026-10-05T02:55:53.207621Z,KXGOLD15M-26OCT042300-00,0.0050,186.97,yes
2026-10-05T02:55:53.212895Z,KXGOLD15M-26OCT042300-00,0.0050,18.69,yes
2026-10-05T02:55:53.675878Z,KXGOLD15M-26OCT042300-00,0.0050,63.05,yes
2026-10-05T02:55:54.022236Z,KXGOLD15M-26OCT042300-00,0.0050,186.00,yes
2026-10-05T02:55:54.073794Z,KXGOLD15M-26OCT042300-00,0.0050,497.21,yes
2026-10-05T02:55:54.073794Z,KXGOLD15M-26OCT042300-00,0.0050,132.87,yes
2026-10-05T02:55:54.260807Z,KXGOLD15M-26OCT042300-00,0.0050,128.93,yes
2026-10-05T02:55:54.260807Z,KXGOLD15M-26OCT042300-00,0.0050,686.89,yes
2026-10-05T02:55:54.260807Z,KXGOLD15M-26OCT042300-00,0.0050,100.37,yes
2026-10-05T02:55:54.306905Z,KXGOLD15M-26OCT042300-00,0.0050,109.94,yes
2026-10-05T02:55:54.306987Z,KXGOLD15M-26OCT042300-00,0.0040,13.60,no
2026-10-05T02:55:55.068694Z,KXGOLD15M-26OCT042300-00,0.0050,6.00,yes
2026-10-05T02:55:55.474804Z,KXGOLD15M-26OCT042300-00,0.0050,373.95,yes
2026-10-05T02:55:56.724826Z,KXGOLD15M-26OCT042300-00,0.0050,186.97,yes
2026-10-05T02:55:57.696432Z,KXGOLD15M-26OCT042300-00,0.0060,29.61,yes
2026-10-05T02:55:57.696432Z,KXGOLD15M-26OCT042300-00,0.0050,13.60,yes
2026-10-05T02:55:57.696432Z,KXGOLD15M-26OCT042300-00,0.0050,136.25,yes
2026-10-05T02:55:59.423512Z,KXGOLD15M-26OCT042300-00,0.0070,58.53,yes
2026-10-05T02:55:59.423512Z,KXGOLD15M-26OCT042300-00,0.0070,0.22,yes
2026-10-05T02:55:59.423512Z,KXGOLD15M-26OCT042300-00,0.0070,101.05,yes
2026-10-05T02:55:59.423512Z,KXGOLD15M-26OCT042300-00,0.0060,60.00,yes
2026-10-05T02:55:59.423512Z,KXGOLD15M-26OCT042300-00,0.0060,30.00,yes
2026-10-05T02:55:59.423512Z,KXGOLD15M-26OCT042300-00,0.0060,60.00,yes
2026-10-05T02:55:59.423512Z,KXGOLD15M-26OCT042300-00,0.0070,53.26,yes
2026-10-05T02:55:59.423512Z,KXGOLD15M-26OCT042300-00,0.0070,18.10,yes
2026-10-05T02:55:59.423512Z,KXGOLD15M-26OCT042300-00,0.0070,5.50,yes
2026-10-05T02:55:59.423512Z,KXGOLD15M-26OCT042300-00,0.0070,149.83,yes
2026-10-05T02:55:59.423512Z,KXGOLD15M-26OCT042300-00,0.0070,112.51,yes
2026-10-05T02:55:59.423512Z,KXGOLD15M-26OCT042300-00,0.0070,1.00,yes
2026-10-05T02:55:59.423512Z,KXGOLD15M-26OCT042300-00,0.0060,746.02,yes
2026-10-05T02:55:59.423512Z,KXGOLD15M-26OCT042300-00,0.0060,3.98,yes
2026-10-05T02:55:59.423512Z,KXGOLD15M-26OCT042300-00,0.0080,54.93,yes
2026-10-05T02:55:59.825728Z,KXGOLD15M-26OCT042300-00,0.0110,46.14,yes
2026-10-05T02:55:59.825728Z,KXGOLD15M-26OCT042300-00,0.0110,239.67,yes
2026-10-05T02:55:59.825728Z,KXGOLD15M-26OCT042300-00,0.0110,200.00,yes
2026-10-05T02:55:59.825728Z,KXGOLD15M-26OCT042300-00,0.0110,115.30,yes
2026-10-05T02:55:59.825728Z,KXGOLD15M-26OCT042300-00,0.0080,40.00,yes
2026-10-05T02:55:59.825728Z,KXGOLD15M-26OCT042300-00,0.0080,62.00,yes
2026-10-05T02:55:59.825728Z,KXGOLD15M-26OCT042300-00,0.0080,120.60,yes
2026-10-05T02:55:59.825728Z,KXGOLD15M-26OCT042300-00,0.0080,46.07,yes
2026-10-05T02:55:59.825728Z,KXGOLD15M-26OCT042300-00,0.0100,19.75,yes
2026-10-05T02:55:59.825728Z,KXGOLD15M-26OCT042300-00,0.0060,30.00,yes
2026-10-05T02:55:59.825728Z,KXGOLD15M-26OCT042300-00,0.0100,20.32,yes
2026-10-05T02:56:00.436083Z,KXGOLD15M-26OCT042300-00,0.0050,75.00,no
2026-10-05T02:56:00.436083Z,KXGOLD15M-26OCT042300-00,0.0050,6.00,no
2026-10-05T02:56:00.436083Z,KXGOLD15M-26OCT042300-00,0.0040,112.00,no
2026-10-05T02:56:00.964508Z,KXGOLD15M-26OCT042300-00,0.0110,90.05,yes
2026-10-05T02:56:00.964508Z,KXGOLD15M-26OCT042300-00,0.0090,80.00,yes
2026-10-05T02:56:01.99888Z,KXGOLD15M-26OCT042300-00,0.0110,65.22,yes
2026-10-05T02:56:01.99888Z,KXGOLD15M-26OCT042300-00,0.0080,6.00,yes
2026-10-05T02:56:01.99888Z,KXGOLD15M-26OCT042300-00,0.0070,30.00,yes
2026-10-05T02:56:01.99888Z,KXGOLD15M-26OCT042300-00,0.0080,30.00,yes
2026-10-05T02:56:01.99888Z,KXGOLD15M-26OCT042300-00,0.0080,60.00,yes
2026-10-05T02:56:01.99888Z,KXGOLD15M-26OCT042300-00,0.0090,56.00,yes
2026-10-05T02:56:01.99888Z,KXGOLD15M-26OCT042300-00,0.0080,60.00,yes
2026-10-05T02:56:02.708446Z,KXGOLD15M-26OCT042300-00,0.0050,46.75,yes
2026-10-05T02:56:03.568828Z,KXGOLD15M-26OCT042300-00,0.0110,10.20,yes
2026-10-05T02:56:03.568828Z,KXGOLD15M-26OCT042300-00,0.0050,65.25,yes
2026-10-05T02:56:03.568828Z,KXGOLD15M-26OCT042300-00,0.0090,39.00,yes
2026-10-05T02:56:04.239692Z,KXGOLD15M-26OCT042300-00,0.0060,40.00,yes
2026-10-05T02:56:04.239692Z,KXGOLD15M-26OCT042300-00,0.0060,30.00,yes
2026-10-05T02:56:04.239692Z,KXGOLD15M-26OCT042300-00,0.0060,37.35,yes
2026-10-05T02:56:04.445678Z,KXGOLD15M-26OCT042300-00,0.0040,26.94,no
2026-10-05T02:56:04.445678Z,KXGOLD15M-26OCT042300-00,0.0040,60.94,no
2026-10-05T02:56:04.445678Z,KXGOLD15M-26OCT042300-00,0.0040,1.00,no
2026-10-05T02:56:04.445678Z,KXGOLD15M-26OCT042300-00,0.0040,13.00,no
2026-10-05T02:56:04.445678Z,KXGOLD15M-26OCT042300-00,0.0040,1.00,no
2026-10-05T02:56:04.445678Z,KXGOLD15M-26OCT042300-00,0.0040,1.00,no
2026-10-05T02:56:04.445678Z,KXGOLD15M-26OCT042300-00,0.0040,1.00,no
2026-10-05T02:56:04.445678Z,KXGOLD15M-26OCT042300-00,0.0040,1.00,no
2026-10-05T02:56:04.757831Z,KXGOLD15M-26OCT042300-00,0.0170,999.63,yes
2026-10-05T02:56:04.757831Z,KXGOLD15M-26OCT042300-00,0.0100,58.00,yes
2026-10-05T02:56:04.757831Z,KXGOLD15M-26OCT042300-00,0.0110,40.00,yes
2026-10-05T02:56:04.757831Z,KXGOLD15M-26OCT042300-00,0.0060,30.00,yes
2026-10-05T02:56:04.757831Z,KXGOLD15M-26OCT042300-00,0.0060,60.00,yes
2026-10-05T02:56:04.757831Z,KXGOLD15M-26OCT042300-00,0.0050,60.94,yes
2026-10-05T02:56:04.757831Z,KXGOLD15M-26OCT042300-00,0.0120,300.00,yes
2026-10-05T02:56:04.757831Z,KXGOLD15M-26OCT042300-00,0.0090,100.00,yes
2026-10-05T02:56:06.706018Z,KXGOLD15M-26OCT042300-00,0.0140,65.48,yes
2026-10-05T02:56:07.497938Z,KXGOLD15M-26OCT042300-00,0.0140,293.99,yes
2026-10-05T02:56:07.497938Z,KXGOLD15M-26OCT042300-00,0.0110,51.00,yes
2026-10-05T02:56:08.113113Z,KXGOLD15M-26OCT042300-00,0.0100,60.00,yes
2026-10-05T02:56:08.113113Z,KXGOLD15M-26OCT042300-00,0.0100,30.00,yes
2026-10-05T02:56:08.113113Z,KXGOLD15M-26OCT042300-00,0.0100,3.51,yes
2026-10-05T02:56:08.623269Z,KXGOLD15M-26OCT042300-00,0.0110,16.63,yes
2026-10-05T02:56:08.623269Z,KXGOLD15M-26OCT042300-00,0.0100,60.00,yes
2026-10-05T02:56:08.623269Z,KXGOLD15M-26OCT042300-00,0.0100,15.00,yes
2026-10-05T02:56:08.854018Z,KXGOLD15M-26OCT042300-00,0.0090,11.41,no
2026-10-05T02:56:08.862523Z,KXGOLD15M-26OCT042300-00,0.0090,28.59,no
2026-10-05T02:56:09.616977Z,KXGOLD15M-26OCT042300-00,0.0080,1.00,no
2026-10-05T02:56:10.150006Z,KXGOLD15M-26OCT042300-00,0.0080,0.80,no
2026-10-05T02:56:10.997535Z,KXGOLD15M-26OCT042300-00,0.0110,7.47,yes
2026-10-05T02:56:10.997535Z,KXGOLD15M-26OCT042300-00,0.0100,60.00,yes
2026-10-05T02:56:10.997535Z,KXGOLD15M-26OCT042300-00,0.0100,15.00,yes
2026-10-05T02:56:11.689358Z,KXGOLD15M-26OCT042300-00,0.0110,30.00,yes
2026-10-05T02:56:11.689358Z,KXGOLD15M-26OCT042300-00,0.0110,60.00,yes
2026-10-05T02:56:11.689358Z,KXGOLD15M-26OCT042300-00,0.0140,239.20,yes
2026-10-05T02:56:11.689358Z,KXGOLD15M-26OCT042300-00,0.0110,30.00,yes
2026-10-05T02:56:11.758926Z,KXGOLD15M-26OCT042300-00,0.0080,8.97,no
2026-10-05T02:56:12.18366Z,KXGOLD15M-26OCT042300-00,0.0120,38.97,yes
2026-10-05T02:56:12.247059Z,KXGOLD15M-26OCT042300-00,0.0080,3.50,no
2026-10-05T02:56:13.018353Z,KXGOLD15M-26OCT042300-00,0.0120,40.00,yes
2026-10-05T02:56:13.018353Z,KXGOLD15M-26OCT042300-00,0.0140,165.70,yes
2026-10-05T02:56:13.783055Z,KXGOLD15M-26OCT042300-00,0.0120,43.72,yes
2026-10-05T02:56:13.783055Z,KXGOLD15M-26OCT042300-00,0.0120,30.00,yes
2026-10-05T02:56:14.285456Z,KXGOLD15M-26OCT042300-00,0.0130,60.00,yes
2026-10-05T02:56:14.285456Z,KXGOLD15M-26OCT042300-00,0.0130,30.00,yes
2026-10-05T02:56:14.285456Z,KXGOLD15M-26OCT042300-00,0.0140,196.44,yes
2026-10-05T02:56:14.285456Z,KXGOLD15M-26OCT042300-00,0.0130,58.00,yes
2026-10-05T02:56:14.867851Z,KXGOLD15M-26OCT042300-00,0.0150,22.36,yes
2026-10-05T02:56:14.867851Z,KXGOLD15M-26OCT042300-00,0.0130,40.00,yes
2026-10-05T02:56:14.97863Z,KXGOLD15M-26OCT042300-00,0.0090,6.00,no
2026-10-05T02:56:14.97863Z,KXGOLD15M-26OCT042300-00,0.0090,102.00,no
2026-10-05T02:56:14.97863Z,KXGOLD15M-26OCT042300-00,0.0090,1.00,no
2026-10-05T02:56:15.956021Z,KXGOLD15M-26OCT042300-00,0.0140,6.00,yes
2026-10-05T02:56:15.956021Z,KXGOLD15M-26OCT042300-00,0.0120,30.00,yes
2026-10-05T02:56:15.956021Z,KXGOLD15M-26OCT042300-00,0.0110,60.00,yes
2026-10-05T02:56:15.956021Z,KXGOLD15M-26OCT042300-00,0.0150,63.69,yes
2026-10-05T02:56:15.956021Z,KXGOLD15M-26OCT042300-00,0.0130,59.00,yes
2026-10-05T02:56:15.956021Z,KXGOLD15M-26OCT042300-00,0.0140,101.00,yes
2026-10-05T02:56:16.702057Z,KXGOLD15M-26OCT042300-00,0.0100,16.75,yes
2026-10-05T02:56:16.702057Z,KXGOLD15M-26OCT042300-00,0.0100,30.00,yes
2026-10-05T02:56:16.91172Z,KXGOLD15M-26OCT042300-00,0.0080,15.91,no
2026-10-05T02:56:17.698154Z,KXGOLD15M-26OCT042300-00,0.0080,1.00,no
2026-10-05T02:56:17.698154Z,KXGOLD15M-26OCT042300-00,0.0080,128.00,no
2026-10-05T02:56:17.698154Z,KXGOLD15M-26OCT042300-00,0.0060,50.00,no
2026-10-05T02:56:17.698154Z,KXGOLD15M-26OCT042300-00,0.0050,7.97,no
2026-10-05T02:56:18.295737Z,KXGOLD15M-26OCT042300-00,0.0090,60.00,yes
2026-10-05T02:56:18.295737Z,KXGOLD15M-26OCT042300-00,0.0090,12.38,yes
2026-10-05T02:56:19.049678Z,KXGOLD15M-26OCT042300-00,0.0080,47.67,yes
2026-10-05T02:56:19.049678Z,KXGOLD15M-26OCT042300-00,0.0080,30.00,yes
2026-10-05T02:56:19.148316Z,KXGOLD15M-26OCT042300-00,0.0120,54.00,yes
2026-10-05T02:56:19.148316Z,KXGOLD15M-26OCT042300-00,0.0130,40.00,yes
2026-10-05T02:56:19.148316Z,KXGOLD15M-26OCT042300-00,0.0180,76.93,yes
2026-10-05T02:56:19.148316Z,KXGOLD15M-26OCT042300-00,0.0150,213.95,yes
2026-10-05T02:56:19.148316Z,KXGOLD15M-26OCT042300-00,0.0160,41.00,yes
2026-10-05T02:56:19.148316Z,KXGOLD15M-26OCT042300-00,0.0100,10.00,yes
2026-10-05T02:56:19.190637Z,KXGOLD15M-26OCT042300-00,0.0090,40.00,no
2026-10-05T02:56:19.449904Z,KXGOLD15M-26OCT042300-00,0.0070,0.62,no
2026-10-05T02:56:19.449904Z,KXGOLD15M-26OCT042300-00,0.0080,91.00,no
2026-10-05T02:56:19.74643Z,KXGOLD15M-26OCT042300-00,0.0050,185.00,no
2026-10-05T02:56:19.74643Z,KXGOLD15M-26OCT042300-00,0.0060,156.00,no
2026-10-05T02:56:19.7481Z,KXGOLD15M-26OCT042300-00,0.0130,3.74,yes
2026-10-05T02:56:20.023574Z,KXGOLD15M-26OCT042300-00,0.0060,80.00,no
2026-10-05T02:56:20.023574Z,KXGOLD15M-26OCT042300-00,0.0050,185.00,no
2026-10-05T02:56:20.156598Z,KXGOLD15M-26OCT042300-00,0.0130,35.97,yes
2026-10-05T02:56:20.249595Z,KXGOLD15M-26OCT042300-00,0.0150,169.88,yes
2026-10-05T02:56:20.249595Z,KXGOLD15M-26OCT042300-00,0.0130,154.00,yes
2026-10-05T02:56:20.305665Z,KXGOLD15M-26OCT042300-00,0.0070,80.00,no
2026-10-05T02:56:20.305665Z,KXGOLD15M-26OCT042300-00,0.0070,1.00,no
2026-10-05T02:56:20.305665Z,KXGOLD15M-26OCT042300-00,0.0060,162.00,no
2026-10-05T02:56:20.509126Z,KXGOLD15M-26OCT042300-00,0.0050,185.00,no
2026-10-05T02:56:20.509126Z,KXGOLD15M-26OCT042300-00,0.0060,95.00,no
2026-10-05T02:56:20.794437Z,KXGOLD15M-26OCT042300-00,0.0050,185.00,no
2026-10-05T02:56:20.794437Z,KXGOLD15M-26OCT042300-00,0.0050,103.00,no
2026-10-05T02:56:21.043016Z,KXGOLD15M-26OCT042300-00,0.0040,5.62,no
2026-10-05T02:56:21.210632Z,KXGOLD15M-26OCT042300-00,0.0040,5.01,no
2026-10-05T02:56:21.751403Z,KXGOLD15M-26OCT042300-00,0.0050,6.00,no
2026-10-05T02:56:21.751403Z,KXGOLD15M-26OCT042300-00,0.0050,185.00,no
2026-10-05T02:56:22.407373Z,KXGOLD15M-26OCT042300-00,0.0090,21.95,yes
2026-10-05T02:56:22.407373Z,KXGOLD15M-26OCT042300-00,0.0090,30.00,yes
2026-10-05T02:56:22.528115Z,KXGOLD15M-26OCT042300-00,0.0090,49.05,yes
2026-10-05T02:56:22.528115Z,KXGOLD15M-26OCT042300-00,0.0090,52.78,yes
2026-10-05T02:56:22.792553Z,KXGOLD15M-26OCT042300-00,0.0040,15.05,no
2026-10-05T02:56:23.331549Z,KXGOLD15M-26OCT042300-00,0.0040,274.32,no
2026-10-05T02:56:23.331549Z,KXGOLD15M-26OCT042300-00,0.0040,121.54,no
2026-10-05T02:56:23.331549Z,KXGOLD15M-26OCT042300-00,0.0040,1.00,no
2026-10-05T02:56:23.331549Z,KXGOLD15M-26OCT042300-00,0.0040,105.00,no
2026-10-05T02:56:23.575993Z,KXGOLD15M-26OCT042300-00,0.0120,51.08,yes
2026-10-05T02:56:23.575993Z,KXGOLD15M-26OCT042300-00,0.0090,87.00,yes
2026-10-05T02:56:23.575993Z,KXGOLD15M-26OCT042300-00,0.0090,40.00,yes
2026-10-05T02:56:23.835893Z,KXGOLD15M-26OCT042300-00,0.0050,6.00,no
2026-10-05T02:56:23.969286Z,KXGOLD15M-26OCT042300-00,0.0050,70.00,no
2026-10-05T02:56:24.185962Z,KXGOLD15M-26OCT042300-00,0.0120,30.00,yes
2026-10-05T02:56:24.185962Z,KXGOLD15M-26OCT042300-00,0.0150,164.02,yes
2026-10-05T02:56:24.185962Z,KXGOLD15M-26OCT042300-00,0.0140,40.00,yes
2026-10-05T02:56:24.185962Z,KXGOLD15M-26OCT042300-00,0.0120,151.00,yes
2026-10-05T02:56:25.468056Z,KXGOLD15M-26OCT042300-00,0.0050,185.00,no
2026-10-05T02:56:25.468056Z,KXGOLD15M-26OCT042300-00,0.0050,111.00,no
2026-10-05T02:56:25.468056Z,KXGOLD15M-26OCT042300-00,0.0050,300.00,no
2026-10-05T02:56:25.511603Z,KXGOLD15M-26OCT042300-00,0.0110,121.63,yes
2026-10-05T02:56:25.511603Z,KXGOLD15M-26OCT042300-00,0.0110,12.00,yes
2026-10-05T02:56:25.735931Z,KXGOLD15M-26OCT042300-00,0.0050,29.00,no
2026-10-05T02:56:25.735931Z,KXGOLD15M-26OCT042300-00,0.0060,60.00,no
2026-10-05T02:56:26.100299Z,KXGOLD15M-26OCT042300-00,0.0100,56.11,yes
2026-10-05T02:56:26.864305Z,KXGOLD15M-26OCT042300-00,0.0050,65.45,no
2026-10-05T02:56:27.256121Z,KXGOLD15M-26OCT042300-00,0.0090,34.00,yes
2026-10-05T02:56:27.256121Z,KXGOLD15M-26OCT042300-00,0.0120,29.62,yes
2026-10-05T02:56:27.256121Z,KXGOLD15M-26OCT042300-00,0.0090,30.00,yes
2026-10-05T02:56:27.899892Z,KXGOLD15M-26OCT042300-00,0.0080,40.00,no
2026-10-05T02:56:27.899892Z,KXGOLD15M-26OCT042300-00,0.0080,1.00,no
2026-10-05T02:56:28.382721Z,KXGOLD15M-26OCT042300-00,0.0150,60.00,yes
2026-10-05T02:56:28.382721Z,KXGOLD15M-26OCT042300-00,0.0160,300.00,yes
2026-10-05T02:56:28.382721Z,KXGOLD15M-26OCT042300-00,0.0150,30.00,yes
2026-10-05T02:56:28.382721Z,KXGOLD15M-26OCT042300-00,0.0180,101.00,yes
2026-10-05T02:56:28.382721Z,KXGOLD15M-26OCT042300-00,0.0130,144.00,yes
2026-10-05T02:56:28.382721Z,KXGOLD15M-26OCT042300-00,0.0150,40.00,yes
2026-10-05T02:56:28.382721Z,KXGOLD15M-26OCT042300-00,0.0160,50.00,yes
2026-10-05T02:56:28.382721Z,KXGOLD15M-26OCT042300-00,0.0190,377.29,yes
2026-10-05T02:56:28.637882Z,KXGOLD15M-26OCT042300-00,0.0090,40.00,no
2026-10-05T02:56:28.867866Z,KXGOLD15M-26OCT042300-00,0.0090,40.00,no
2026-10-05T02:56:29.06096Z,KXGOLD15M-26OCT042300-00,0.0110,15.59,yes
2026-10-05T02:56:30.217059Z,KXGOLD15M-26OCT042300-00,0.0070,5.03,no
2026-10-05T02:56:30.227028Z,KXGOLD15M-26OCT042300-00,0.0140,65.48,yes
2026-10-05T02:56:30.859741Z,KXGOLD15M-26OCT042300-00,0.0130,83.00,yes
2026-10-05T02:56:30.859741Z,KXGOLD15M-26OCT042300-00,0.0160,30.00,yes
2026-10-05T02:56:30.859741Z,KXGOLD15M-26OCT042300-00,0.0160,60.00,yes
2026-10-05T02:56:30.859741Z,KXGOLD15M-26OCT042300-00,0.0130,40.00,yes
2026-10-05T02:56:30.859741Z,KXGOLD15M-26OCT042300-00,0.0160,13.91,yes
2026-10-05T02:56:30.859741Z,KXGOLD15M-26OCT042300-00,0.0130,60.00,yes
2026-10-05T02:56:30.859741Z,KXGOLD15M-26OCT042300-00,0.0130,30.00,yes
2026-10-05T02:56:33.089562Z,KXGOLD15M-26OCT042300-00,0.0130,14.80,yes
2026-10-05T02:56:33.420755Z,KXGOLD15M-26OCT042300-00,0.0080,108.00,no
2026-10-05T02:56:33.420755Z,KXGOLD15M-26OCT042300-00,0.0080,1.00,no
2026-10-05T02:56:33.420755Z,KXGOLD15M-26OCT042300-00,0.0060,37.33,no
2026-10-05T02:56:34.431243Z,KXGOLD15M-26OCT042300-00,0.0080,6.00,no
2026-10-05T02:56:34.431243Z,KXGOLD15M-26OCT042300-00,0.0080,43.47,no
2026-10-05T02:56:34.65384Z,KXGOLD15M-26OCT042300-00,0.0070,63.28,no
2026-10-05T02:56:34.65384Z,KXGOLD15M-26OCT042300-00,0.0080,96.53,no
2026-10-05T02:56:34.65384Z,KXGOLD15M-26OCT042300-00,0.0080,43.47,no
2026-10-05T02:56:34.65384Z,KXGOLD15M-26OCT042300-00,0.0080,1.00,no
2026-10-05T02:56:34.893001Z,KXGOLD15M-26OCT042300-00,0.0130,30.00,yes
2026-10-05T02:56:34.893001Z,KXGOLD15M-26OCT042300-00,0.0130,60.00,yes
2026-10-05T02:56:34.893001Z,KXGOLD15M-26OCT042300-00,0.0130,60.00,yes
2026-10-05T02:56:34.893001Z,KXGOLD15M-26OCT042300-00,0.0130,25.20,yes
2026-10-05T02:56:34.893001Z,KXGOLD15M-26OCT042300-00,0.0130,30.00,yes
2026-10-05T02:56:34.893001Z,KXGOLD15M-26OCT042300-00,0.0130,85.76,yes
2026-10-05T02:56:35.404689Z,KXGOLD15M-26OCT042300-00,0.0140,113.00,yes
2026-10-05T02:56:35.404689Z,KXGOLD15M-26OCT042300-00,0.0160,192.96,yes
2026-10-05T02:56:35.405547Z,KXGOLD15M-26OCT042300-00,0.0070,2.34,no
2026-10-05T02:56:35.455445Z,KXGOLD15M-26OCT042300-00,0.0090,64.09,no
2026-10-05T02:56:35.826793Z,KXGOLD15M-26OCT042300-00,0.0080,5.34,no
2026-10-05T02:56:35.960232Z,KXGOLD15M-26OCT042300-00,0.0130,25.90,yes
2026-10-05T02:56:35.960232Z,KXGOLD15M-26OCT042300-00,0.0130,6.00,yes
2026-10-05T02:56:37.368914Z,KXGOLD15M-26OCT042300-00,0.0120,33.00,yes
2026-10-05T02:56:37.931195Z,KXGOLD15M-26OCT042300-00,0.0080,1.00,no
2026-10-05T02:56:37.931195Z,KXGOLD15M-26OCT042300-00,0.0080,59.63,no
2026-10-05T02:56:38.393897Z,KXGOLD15M-26OCT042300-00,0.0090,12.04,no
2026-10-05T02:56:38.393897Z,KXGOLD15M-26OCT042300-00,0.0090,6.00,no
2026-10-05T02:56:38.635142Z,KXGOLD15M-26OCT042300-00,0.0130,30.00,yes
2026-10-05T02:56:38.635142Z,KXGOLD15M-26OCT042300-00,0.0130,60.00,yes
2026-10-05T02:56:38.635142Z,KXGOLD15M-26OCT042300-00,0.0130,23.90,yes
2026-10-05T02:56:38.635142Z,KXGOLD15M-26OCT042300-00,0.0130,30.00,yes
2026-10-05T02:56:39.474513Z,KXGOLD15M-26OCT042300-00,0.0140,65.48,yes
2026-10-05T02:56:39.711893Z,KXGOLD15M-26OCT042300-00,0.0080,0.50,no
2026-10-05T02:56:40.1714Z,KXGOLD15M-26OCT042300-00,0.0130,51.00,yes
2026-10-05T02:56:40.1714Z,KXGOLD15M-26OCT042300-00,0.0130,6.00,yes
2026-10-05T02:56:40.1714Z,KXGOLD15M-26OCT042300-00,0.0160,70.16,yes
2026-10-05T02:56:41.053205Z,KXGOLD15M-26OCT042300-00,0.0130,30.00,yes
2026-10-05T02:56:41.053205Z,KXGOLD15M-26OCT042300-00,0.0130,36.00,yes
2026-10-05T02:56:41.053205Z,KXGOLD15M-26OCT042300-00,0.0130,30.00,yes
2026-10-05T02:56:41.053205Z,KXGOLD15M-26OCT042300-00,0.0130,55.00,yes
2026-10-05T02:56:41.053205Z,KXGOLD15M-26OCT042300-00,0.0130,60.00,yes
2026-10-05T02:56:42.16229Z,KXGOLD15M-26OCT042300-00,0.0090,107.00,no
2026-10-05T02:56:42.16229Z,KXGOLD15M-26OCT042300-00,0.0070,27.38,no
2026-10-05T02:56:42.16229Z,KXGOLD15M-26OCT042300-00,0.0090,6.00,no
2026-10-05T02:56:42.16229Z,KXGOLD15M-26OCT042300-00,0.0080,1.00,no
2026-10-05T02:56:42.863869Z,KXGOLD15M-26OCT042300-00,0.0080,7.05,no
2026-10-05T02:56:42.884126Z,KXGOLD15M-26OCT042300-00,0.0120,7.79,yes
2026-10-05T02:56:44.0779Z,KXGOLD15M-26OCT042300-00,0.0110,60.00,yes
2026-10-05T02:56:44.0779Z,KXGOLD15M-26OCT042300-00,0.0110,6.00,yes
2026-10-05T02:56:44.0779Z,KXGOLD15M-26OCT042300-00,0.0110,60.00,yes
2026-10-05T02:56:44.0779Z,KXGOLD15M-26OCT042300-00,0.0110,30.00,yes
2026-10-05T02:56:44.0779Z,KXGOLD15M-26OCT042300-00,0.0110,30.00,yes
2026-10-05T02:56:44.0779Z,KXGOLD15M-26OCT042300-00,0.0160,40.00,yes
2026-10-05T02:56:44.0779Z,KXGOLD15M-26OCT042300-00,0.0130,57.00,yes
2026-10-05T02:56:44.0779Z,KXGOLD15M-26OCT042300-00,0.0120,32.21,yes
2026-10-05T02:56:44.0779Z,KXGOLD15M-26OCT042300-00,0.0150,101.00,yes
2026-10-05T02:56:44.0779Z,KXGOLD15M-26OCT042300-00,0.0160,229.84,yes
2026-10-05T02:56:44.0779Z,KXGOLD15M-26OCT042300-00,0.0200,2.06,yes
2026-10-05T02:56:44.0779Z,KXGOLD15M-26OCT042300-00,0.0200,4.31,yes
2026-10-05T02:56:44.0779Z,KXGOLD15M-26OCT042300-00,0.0200,10.00,yes
2026-10-05T02:56:44.124494Z,KXGOLD15M-26OCT042300-00,0.0150,10.00,no
2026-10-05T02:56:44.47046Z,KXGOLD15M-26OCT042300-00,0.0140,1.00,yes
2026-10-05T02:56:44.769454Z,KXGOLD15M-26OCT042300-00,0.0090,1.00,no
2026-10-05T02:56:44.769454Z,KXGOLD15M-26OCT042300-00,0.0090,19.51,no
2026-10-05T02:56:45.258933Z,KXGOLD15M-26OCT042300-00,0.0140,57.82,yes
2026-10-05T02:56:45.258933Z,KXGOLD15M-26OCT042300-00,0.0140,9.00,yes
2026-10-05T02:56:46.325026Z,KXGOLD15M-26OCT042300-00,0.0090,17.00,no
2026-10-05T02:56:46.64751Z,KXGOLD15M-26OCT042300-00,0.0130,30.00,yes
2026-10-05T02:56:46.64751Z,KXGOLD15M-26OCT042300-00,0.0130,5.97,yes
2026-10-05T02:56:46.868183Z,KXGOLD15M-26OCT042300-00,0.0100,6.00,no
2026-10-05T02:56:46.971101Z,KXGOLD15M-26OCT042300-00,0.0130,11.95,yes
2026-10-05T02:56:46.971101Z,KXGOLD15M-26OCT042300-00,0.0130,60.00,yes
2026-10-05T02:56:48.433735Z,KXGOLD15M-26OCT042300-00,0.0090,1.00,no
2026-10-05T02:56:48.433735Z,KXGOLD15M-26OCT042300-00,0.0090,23.00,no
2026-10-05T02:56:48.433735Z,KXGOLD15M-26OCT042300-00,0.0090,6.37,no
2026-10-05T02:56:48.433735Z,KXGOLD15M-26OCT042300-00,0.0090,98.00,no
2026-10-05T02:56:48.433735Z,KXGOLD15M-26OCT042300-00,0.0070,58.60,no
2026-10-05T02:56:48.435773Z,KXGOLD15M-26OCT042300-00,0.0130,6.00,yes
2026-10-05T02:56:48.435773Z,KXGOLD15M-26OCT042300-00,0.0190,101.00,yes
2026-10-05T02:56:48.435773Z,KXGOLD15M-26OCT042300-00,0.0150,10.00,yes
2026-10-05T02:56:48.435773Z,KXGOLD15M-26OCT042300-00,0.0160,300.00,yes
2026-10-05T02:56:48.435773Z,KXGOLD15M-26OCT042300-00,0.0130,30.00,yes
2026-10-05T02:56:48.435773Z,KXGOLD15M-26OCT042300-00,0.0200,68.77,yes
2026-10-05T02:56:48.435773Z,KXGOLD15M-26OCT042300-00,0.0200,2.00,yes
2026-10-05T02:56:48.435773Z,KXGOLD15M-26OCT042300-00,0.0200,4.45,yes
2026-10-05T02:56:48.435773Z,KXGOLD15M-26OCT042300-00,0.0200,19.18,yes
2026-10-05T02:56:48.435773Z,KXGOLD15M-26OCT042300-00,0.0200,2.00,yes
2026-10-05T02:56:48.435773Z,KXGOLD15M-26OCT042300-00,0.0200,1.00,yes
2026-10-05T02:56:49.225838Z,KXGOLD15M-26OCT042300-00,0.0110,41.00,yes
2026-10-05T02:56:49.24346Z,KXGOLD15M-26OCT042300-00,0.0120,17.82,yes
2026-10-05T02:56:49.24346Z,KXGOLD15M-26OCT042300-00,0.0110,19.00,yes
2026-10-05T02:56:49.24346Z,KXGOLD15M-26OCT042300-00,0.0110,30.00,yes
2026-10-05T02:56:49.432661Z,KXGOLD15M-26OCT042300-00,0.0100,6.00,no
2026-10-05T02:56:49.46573Z,KXGOLD15M-26OCT042300-00,0.0070,72.48,no
2026-10-05T02:56:49.46573Z,KXGOLD15M-26OCT042300-00,0.0090,64.00,no
2026-10-05T02:56:49.46573Z,KXGOLD15M-26OCT042300-00,0.0090,23.63,no
2026-10-05T02:56:49.954169Z,KXGOLD15M-26OCT042300-00,0.0070,143.00,no
2026-10-05T02:56:49.954169Z,KXGOLD15M-26OCT042300-00,0.0060,43.97,no
2026-10-05T02:56:50.549643Z,KXGOLD15M-26OCT042300-00,0.0090,77.94,yes
2026-10-05T02:56:50.568688Z,KXGOLD15M-26OCT042300-00,0.0090,558.50,yes
2026-10-05T02:56:50.749145Z,KXGOLD15M-26OCT042300-00,0.0090,1381.95,yes
2026-10-05T02:56:51.294394Z,KXGOLD15M-26OCT042300-00,0.0070,72.00,no
2026-10-05T02:56:51.294394Z,KXGOLD15M-26OCT042300-00,0.0060,188.00,no
2026-10-05T02:56:51.294394Z,KXGOLD15M-26OCT042300-00,0.0050,300.00,no
2026-10-05T02:56:51.294394Z,KXGOLD15M-26OCT042300-00,0.0050,4932.84,no
2026-10-05T02:56:52.343324Z,KXGOLD15M-26OCT042300-00,0.0080,60.00,yes
2026-10-05T02:56:52.343324Z,KXGOLD15M-26OCT042300-00,0.0080,26.88,yes
2026-10-05T02:56:52.343324Z,KXGOLD15M-26OCT042300-00,0.0080,30.00,yes
2026-10-05T02:56:52.659924Z,KXGOLD15M-26OCT042300-00,0.0090,10.13,yes
2026-10-05T02:56:53.506653Z,KXGOLD15M-26OCT042300-00,0.0090,203.65,yes
2026-10-05T02:56:53.85948Z,KXGOLD15M-26OCT042300-00,0.0090,101.83,yes
2026-10-05T02:56:55.898237Z,KXGOLD15M-26OCT042300-00,0.0060,10.05,no
2026-10-05T02:56:56.324501Z,KXGOLD15M-26OCT042300-00,0.0080,30.00,yes
2026-10-05T02:56:56.324501Z,KXGOLD15M-26OCT042300-00,0.0080,9.65,yes
2026-10-05T02:56:56.324501Z,KXGOLD15M-26OCT042300-00,0.0080,60.00,yes
2026-10-05T02:56:57.308476Z,KXGOLD15M-26OCT042300-00,0.0090,10.39,yes
2026-10-05T02:56:57.460485Z,KXGOLD15M-26OCT042300-00,0.0090,2.13,yes
2026-10-05T02:56:57.580596Z,KXGOLD15M-26OCT042300-00,0.0060,10.05,no
2026-10-05T02:56:58.443641Z,KXGOLD15M-26OCT042300-00,0.0090,1918.06,yes
2026-10-05T02:56:58.443641Z,KXGOLD15M-26OCT042300-00,0.0080,100.00,yes
2026-10-05T02:56:58.443641Z,KXGOLD15M-26OCT042300-00,0.0080,30.00,yes
2026-10-05T02:56:58.443641Z,KXGOLD15M-26OCT042300-00,0.0080,30.00,yes
2026-10-05T02:56:58.881608Z,KXGOLD15M-26OCT042300-00,0.0090,1.01,yes
2026-10-05T02:57:00.176933Z,KXGOLD15M-26OCT042300-00,0.0080,40.00,yes
2026-10-05T02:57:00.176933Z,KXGOLD15M-26OCT042300-00,0.0080,63.91,yes
2026-10-05T02:57:00.178955Z,KXGOLD15M-26OCT042300-00,0.0080,36.09,yes
2026-10-05T02:57:00.178955Z,KXGOLD15M-26OCT042300-00,0.0090,67.82,yes
2026-10-05T02:57:00.733954Z,KXGOLD15M-26OCT042300-00,0.0080,0.80,yes
2026-10-05T02:57:01.035494Z,KXGOLD15M-26OCT042300-00,0.0060,19.80,no
2026-10-05T02:57:02.140935Z,KXGOLD15M-26OCT042300-00,0.0080,100.00,yes
2026-10-05T02:57:02.140935Z,KXGOLD15M-26OCT042300-00,0.0080,30.00,yes
2026-10-05T02:57:02.140935Z,KXGOLD15M-26OCT042300-00,0.0090,1.04,yes
2026-10-05T02:57:03.551586Z,KXGOLD15M-26OCT042300-00,0.0070,30.00,yes
2026-10-05T02:57:03.551586Z,KXGOLD15M-26OCT042300-00,0.0090,495.62,yes
2026-10-05T02:57:03.984928Z,KXGOLD15M-26OCT042300-00,0.0090,103.91,yes
2026-10-05T02:57:04.589417Z,KXGOLD15M-26OCT042300-00,0.0080,30.00,yes
2026-10-05T02:57:04.589417Z,KXGOLD15M-26OCT042300-00,0.0080,73.91,yes
2026-10-05T02:57:05.247423Z,KXGOLD15M-26OCT042300-00,0.0090,35.81,yes
2026-10-05T02:57:05.247423Z,KXGOLD15M-26OCT042300-00,0.0090,66.02,yes
2026-10-05T02:57:05.764838Z,KXGOLD15M-26OCT042300-00,0.0060,300.00,no
2026-10-05T02:57:05.764838Z,KXGOLD15M-26OCT042300-00,0.0060,1.00,no
2026-10-05T02:57:05.764838Z,KXGOLD15M-26OCT042300-00,0.0060,51.10,no
2026-10-05T02:57:05.78323Z,KXGOLD15M-26OCT042300-00,0.0040,105.00,no
2026-10-05T02:57:05.797892Z,KXGOLD15M-26OCT042300-00,0.0030,200.00,no
2026-10-05T02:57:05.811364Z,KXGOLD15M-26OCT042300-00,0.0030,200.00,no
2026-10-05T02:57:05.843335Z,KXGOLD15M-26OCT042300-00,0.0050,103.91,yes
2026-10-05T02:57:05.867431Z,KXGOLD15M-26OCT042300-00,0.0030,200.00,no
2026-10-05T02:57:05.957847Z,KXGOLD15M-26OCT042300-00,0.0050,200.00,yes
2026-10-05T02:57:05.957847Z,KXGOLD15M-26OCT042300-00,0.0050,96.09,yes
2026-10-05T02:57:05.958874Z,KXGOLD15M-26OCT042300-00,0.0040,157.00,no
2026-10-05T02:57:06.060125Z,KXGOLD15M-26OCT042300-00,0.0030,200.00,no
2026-10-05T02:57:07.246011Z,KXGOLD15M-26OCT042300-00,0.0050,100.00,yes
2026-10-05T02:57:08.076673Z,KXGOLD15M-26OCT042300-00,0.0050,100.00,yes
2026-10-05T02:57:08.076673Z,KXGOLD15M-26OCT042300-00,0.0050,86.97,yes
2026-10-05T02:57:08.099725Z,KXGOLD15M-26OCT042300-00,0.0040,105.00,no
2026-10-05T02:57:08.099725Z,KXGOLD15M-26OCT042300-00,0.0040,78.00,no
2026-10-05T02:57:08.099725Z,KXGOLD15M-26OCT042300-00,0.0040,1.00,no
2026-10-05T02:57:08.099725Z,KXGOLD15M-26OCT042300-00,0.0040,16.00,no
2026-10-05T02:57:08.219991Z,KXGOLD15M-26OCT042300-00,0.0040,30.59,no
2026-10-05T02:57:08.413072Z,KXGOLD15M-26OCT042300-00,0.0050,27.48,yes
2026-10-05T02:57:09.382904Z,KXGOLD15M-26OCT042300-00,0.0050,62.00,yes
2026-10-05T02:57:09.685375Z,KXGOLD15M-26OCT042300-00,0.0040,6.00,no
2026-10-05T02:57:10.216015Z,KXGOLD15M-26OCT042300-00,0.0040,2.00,no
2026-10-05T02:57:10.255863Z,KXGOLD15M-26OCT042300-00,0.0050,23.55,yes
2026-10-05T02:57:10.255863Z,KXGOLD15M-26OCT042300-00,0.0070,30.00,yes
2026-10-05T02:57:10.255863Z,KXGOLD15M-26OCT042300-00,0.0070,19.42,yes
2026-10-05T02:57:12.101185Z,KXGOLD15M-26OCT042300-00,0.0080,30.00,yes
2026-10-05T02:57:12.101185Z,KXGOLD15M-26OCT042300-00,0.0070,32.58,yes
2026-10-05T02:57:12.101185Z,KXGOLD15M-26OCT042300-00,0.0090,50.92,yes
2026-10-05T02:57:13.128404Z,KXGOLD15M-26OCT042300-00,0.0090,47.79,yes
2026-10-05T02:57:13.128404Z,KXGOLD15M-26OCT042300-00,0.0070,37.00,yes
2026-10-05T02:57:13.128404Z,KXGOLD15M-26OCT042300-00,0.0080,30.00,yes
2026-10-05T02:57:13.702067Z,KXGOLD15M-26OCT042300-00,0.0090,1107.61,yes
2026-10-05T02:57:13.702067Z,KXGOLD15M-26OCT042300-00,0.0080,56.00,yes
2026-10-05T02:57:13.702067Z,KXGOLD15M-26OCT042300-00,0.0080,100.00,yes
2026-10-05T02:57:14.244738Z,KXGOLD15M-26OCT042300-00,0.0070,11.69,yes
2026-10-05T02:57:14.547558Z,KXGOLD15M-26OCT042300-00,0.0080,11.45,yes
2026-10-05T02:57:14.563262Z,KXGOLD15M-26OCT042300-00,0.0050,1.00,no
2026-10-05T02:57:14.563262Z,KXGOLD15M-26OCT042300-00,0.0050,6.00,no
2026-10-05T02:57:14.563262Z,KXGOLD15M-26OCT042300-00,0.0050,863.00,no
2026-10-05T02:57:14.563262Z,KXGOLD15M-26OCT042300-00,0.0050,185.00,no
2026-10-05T02:57:14.563262Z,KXGOLD15M-26OCT042300-00,0.0050,56.00,no
2026-10-05T02:57:14.764949Z,KXGOLD15M-26OCT042300-00,0.0090,55.57,yes
2026-10-05T02:57:14.764949Z,KXGOLD15M-26OCT042300-00,0.0080,52.00,yes
2026-10-05T02:57:14.970908Z,KXGOLD15M-26OCT042300-00,0.0050,60.00,no
2026-10-05T02:57:14.970908Z,KXGOLD15M-26OCT042300-00,0.0050,185.00,no
2026-10-05T02:57:14.970908Z,KXGOLD15M-26OCT042300-00,0.0050,137.00,no
2026-10-05T02:57:15.238264Z,KXGOLD15M-26OCT042300-00,0.0090,140.81,yes
2026-10-05T02:57:15.238264Z,KXGOLD15M-26OCT042300-00,0.0080,37.00,yes
2026-10-05T02:57:15.238264Z,KXGOLD15M-26OCT042300-00,0.0070,30.00,yes
2026-10-05T02:57:15.402685Z,KXGOLD15M-26OCT042300-00,0.0090,509.12,yes
2026-10-05T02:57:15.680912Z,KXGOLD15M-26OCT042300-00,0.0080,1.14,yes
2026-10-05T02:57:15.817532Z,KXGOLD15M-26OCT042300-00,0.0040,53.93,no
2026-10-05T02:57:16.28609Z,KXGOLD15M-26OCT042300-00,0.0070,4.60,yes
2026-10-05T02:57:17.511194Z,KXGOLD15M-26OCT042300-00,0.0070,30.00,yes
2026-10-05T02:57:17.511194Z,KXGOLD15M-26OCT042300-00,0.0080,27.18,yes
2026-10-05T02:57:17.639849Z,KXGOLD15M-26OCT042300-00,0.0080,1.14,yes
2026-10-05T02:57:18.370889Z,KXGOLD15M-26OCT042300-00,0.0040,105.00,no
2026-10-05T02:57:18.370889Z,KXGOLD15M-26OCT042300-00,0.0040,1.00,no
2026-10-05T02:57:18.370889Z,KXGOLD15M-26OCT042300-00,0.0040,118.00,no
2026-10-05T02:57:18.370889Z,KXGOLD15M-26OCT042300-00,0.0040,191.48,no
2026-10-05T02:57:18.390564Z,KXGOLD15M-26OCT042300-00,0.0050,200.00,no
2026-10-05T02:57:18.394824Z,KXGOLD15M-26OCT042300-00,0.0050,100.00,no
2026-10-05T02:57:18.409018Z,KXGOLD15M-26OCT042300-00,0.0030,200.00,no
2026-10-05T02:57:18.421412Z,KXGOLD15M-26OCT042300-00,0.0030,200.00,no
2026-10-05T02:57:18.603542Z,KXGOLD15M-26OCT042300-00,0.0040,60.00,no
2026-10-05T02:57:18.603542Z,KXGOLD15M-26OCT042300-00,0.0040,18.00,no
2026-10-05T02:57:18.623176Z,KXGOLD15M-26OCT042300-00,0.0030,200.00,no
2026-10-05T02:57:18.63877Z,KXGOLD15M-26OCT042300-00,0.0030,200.00,no
2026-10-05T02:57:18.656193Z,KXGOLD15M-26OCT042300-00,0.0030,200.00,no
2026-10-05T02:57:18.735786Z,KXGOLD15M-26OCT042300-00,0.0040,337.48,yes
2026-10-05T02:57:18.746146Z,KXGOLD15M-26OCT042300-00,0.0030,200.00,no
2026-10-05T02:57:18.966245Z,KXGOLD15M-26OCT042300-00,0.0030,200.00,no
2026-10-05T02:57:18.986196Z,KXGOLD15M-26OCT042300-00,0.0030,200.00,no
2026-10-05T02:57:19.002216Z,KXGOLD15M-26OCT042300-00,0.0030,200.00,no
2026-10-05T02:57:19.137431Z,KXGOLD15M-26OCT042300-00,0.0030,200.00,no
2026-10-05T02:57:19.152449Z,KXGOLD15M-26OCT042300-00,0.0030,200.00,no
2026-10-05T02:57:19.158442Z,KXGOLD15M-26OCT042300-00,0.0050,200.00,yes
2026-10-05T02:57:19.158442Z,KXGOLD15M-26OCT042300-00,0.0050,91.36,yes
2026-10-05T02:57:19.158442Z,KXGOLD15M-26OCT042300-00,0.0050,200.00,yes
2026-10-05T02:57:19.158442Z,KXGOLD15M-26OCT042300-00,0.0050,200.00,yes
2026-10-05T02:57:19.158442Z,KXGOLD15M-26OCT042300-00,0.0050,200.00,yes
2026-10-05T02:57:19.158442Z,KXGOLD15M-26OCT042300-00,0.0050,200.00,yes
2026-10-05T02:57:19.573729Z,KXGOLD15M-26OCT042300-00,0.0040,30.00,yes
2026-10-05T02:57:19.713206Z,KXGOLD15M-26OCT042300-00,0.0070,30.00,yes
2026-10-05T02:57:19.713206Z,KXGOLD15M-26OCT042300-00,0.0050,200.00,yes
2026-10-05T02:57:19.713206Z,KXGOLD15M-26OCT042300-00,0.0050,108.64,yes
2026-10-05T02:57:19.713206Z,KXGOLD15M-26OCT042300-00,0.0050,200.00,yes
2026-10-05T02:57:19.713206Z,KXGOLD15M-26OCT042300-00,0.0050,200.00,yes
2026-10-05T02:57:19.713206Z,KXGOLD15M-26OCT042300-00,0.0080,40.00,yes
2026-10-05T02:57:19.713206Z,KXGOLD15M-26OCT042300-00,0.0050,200.00,yes
2026-10-05T02:57:19.713206Z,KXGOLD15M-26OCT042300-00,0.0050,200.00,yes
2026-10-05T02:57:19.713206Z,KXGOLD15M-26OCT042300-00,0.0080,100.00,yes
2026-10-05T02:57:19.713206Z,KXGOLD15M-26OCT042300-00,0.0070,40.00,yes
2026-10-05T02:57:19.713206Z,KXGOLD15M-26OCT042300-00,0.0090,1265.99,yes
2026-10-05T02:57:21.390553Z,KXGOLD15M-26OCT042300-00,0.0070,46.00,yes
2026-10-05T02:57:21.390553Z,KXGOLD15M-26OCT042300-00,0.0090,483.15,yes
2026-10-05T02:57:21.414074Z,KXGOLD15M-26OCT042300-00,0.0040,16.00,no
2026-10-05T02:57:22.0918Z,KXGOLD15M-26OCT042300-00,0.0080,1.04,yes
2026-10-05T02:57:22.0918Z,KXGOLD15M-26OCT042300-00,0.0070,32.00,yes
2026-10-05T02:57:23.761107Z,KXGOLD15M-26OCT042300-00,0.0080,3.34,yes
2026-10-05T02:57:24.305074Z,KXGOLD15M-26OCT042300-00,0.0200,19.23,yes
2026-10-05T02:57:24.305074Z,KXGOLD15M-26OCT042300-00,0.0200,108.92,yes
2026-10-05T02:57:24.305074Z,KXGOLD15M-26OCT042300-00,0.0190,101.00,yes
2026-10-05T02:57:24.305074Z,KXGOLD15M-26OCT042300-00,0.0080,53.00,yes
2026-10-05T02:57:24.305074Z,KXGOLD15M-26OCT042300-00,0.0110,40.00,yes
2026-10-05T02:57:24.305074Z,KXGOLD15M-26OCT042300-00,0.0070,30.00,yes
2026-10-05T02:57:24.305074Z,KXGOLD15M-26OCT042300-00,0.0140,23.63,yes
2026-10-05T02:57:24.305074Z,KXGOLD15M-26OCT042300-00,0.0120,60.00,yes
2026-10-05T02:57:24.305074Z,KXGOLD15M-26OCT042300-00,0.0140,6.37,yes
2026-10-05T02:57:24.305074Z,KXGOLD15M-26OCT042300-00,0.0170,300.00,yes
2026-10-05T02:57:24.305074Z,KXGOLD15M-26OCT042300-00,0.0090,1236.07,yes
2026-10-05T02:57:24.305074Z,KXGOLD15M-26OCT042300-00,0.0190,2.00,yes
2026-10-05T02:57:24.33162Z,KXGOLD15M-26OCT042300-00,0.0040,26.00,no
2026-10-05T02:57:24.356806Z,KXGOLD15M-26OCT042300-00,0.0150,15.00,no
2026-10-05T02:57:24.36Z,KXGOLD15M-26OCT042300-00,0.0150,14.37,no
2026-10-05T02:57:24.36Z,KXGOLD15M-26OCT042300-00,0.0150,8.63,no
2026-10-05T02:57:25.219814Z,KXGOLD15M-26OCT042300-00,0.0140,50.48,yes
2026-10-05T02:57:25.219814Z,KXGOLD15M-26OCT042300-00,0.0140,15.00,yes
2026-10-05T02:57:25.568399Z,KXGOLD15M-26OCT042300-00,0.0050,3.22,no
2026-10-05T02:57:27.115365Z,KXGOLD15M-26OCT042300-00,0.0040,258.00,no
2026-10-05T02:57:27.115365Z,KXGOLD15M-26OCT042300-00,0.0050,181.78,no
2026-10-05T02:57:27.115365Z,KXGOLD15M-26OCT042300-00,0.0050,85.00,no
2026-10-05T02:57:27.115365Z,KXGOLD15M-26OCT042300-00,0.0080,1.00,no
2026-10-05T02:57:27.115365Z,KXGOLD15M-26OCT042300-00,0.0080,2.00,no
2026-10-05T02:57:27.115365Z,KXGOLD15M-26OCT042300-00,0.0050,3.22,no
2026-10-05T02:57:27.133004Z,KXGOLD15M-26OCT042300-00,0.0030,200.00,no
2026-10-05T02:57:27.134712Z,KXGOLD15M-26OCT042300-00,0.0040,246.00,yes
2026-10-05T02:57:27.148989Z,KXGOLD15M-26OCT042300-00,0.0030,200.00,no
2026-10-05T02:57:27.164233Z,KXGOLD15M-26OCT042300-00,0.0030,3.00,no
2026-10-05T02:57:27.763872Z,KXGOLD15M-26OCT042300-00,0.0050,2.00,yes
2026-10-05T02:57:27.786967Z,KXGOLD15M-26OCT042300-00,0.0050,186.97,yes
2026-10-05T02:57:27.824243Z,KXGOLD15M-26OCT042300-00,0.0050,11.03,yes
2026-10-05T02:57:27.824243Z,KXGOLD15M-26OCT042300-00,0.0050,96.54,yes
2026-10-05T02:57:28.707153Z,KXGOLD15M-26OCT042300-00,0.0040,67.00,no
2026-10-05T02:57:28.707153Z,KXGOLD15M-26OCT042300-00,0.0040,98.00,no
2026-10-05T02:57:28.707153Z,KXGOLD15M-26OCT042300-00,0.0040,1.00,no
2026-10-05T02:57:29.046188Z,KXGOLD15M-26OCT042300-00,0.0040,68.75,yes
2026-10-05T02:57:29.498209Z,KXGOLD15M-26OCT042300-00,0.0030,1.00,no
2026-10-05T02:57:30.856003Z,KXGOLD15M-26OCT042300-00,0.0030,200.00,no
2026-10-05T02:57:30.868993Z,KXGOLD15M-26OCT042300-00,0.0040,42.27,yes
2026-10-05T02:57:30.872984Z,KXGOLD15M-26OCT042300-00,0.0030,200.00,no
2026-10-05T02:57:30.888293Z,KXGOLD15M-26OCT042300-00,0.0030,196.00,no
2026-10-05T02:57:30.888293Z,KXGOLD15M-26OCT042300-00,0.0030,4.00,no
2026-10-05T02:57:31.087787Z,KXGOLD15M-26OCT042300-00,0.0030,200.00,no
2026-10-05T02:57:31.106678Z,KXGOLD15M-26OCT042300-00,0.0030,93.00,no
2026-10-05T02:57:31.894838Z,KXGOLD15M-26OCT042300-00,0.0030,6.00,no
2026-10-05T02:57:32.00923Z,KXGOLD15M-26OCT042300-00,0.0040,229.04,yes
2026-10-05T02:57:32.121608Z,KXGOLD15M-26OCT042300-00,0.0040,2.27,yes
2026-10-05T02:57:32.948484Z,KXGOLD15M-26OCT042300-00,0.0040,458.07,yes
2026-10-05T02:57:33.050338Z,KXGOLD15M-26OCT042300-00,0.0040,229.04,yes
2026-10-05T02:57:33.5781Z,KXGOLD15M-26OCT042300-00,0.0040,1145.16,yes
2026-10-05T02:57:33.733813Z,KXGOLD15M-26OCT042300-00,0.0040,0.50,yes
2026-10-05T02:57:34.317294Z,KXGOLD15M-26OCT042300-00,0.0040,229.04,yes
2026-10-05T02:57:34.444422Z,KXGOLD15M-26OCT042300-00,0.0040,2290.32,yes
2026-10-05T02:57:34.828404Z,KXGOLD15M-26OCT042300-00,0.0020,40.00,no
2026-10-05T02:57:34.828404Z,KXGOLD15M-26OCT042300-00,0.0020,3.00,no
2026-10-05T02:57:34.828404Z,KXGOLD15M-26OCT042300-00,0.0030,2.00,no
2026-10-05T02:57:34.828404Z,KXGOLD15M-26OCT042300-00,0.0020,3.00,no
2026-10-05T02:57:34.828404Z,KXGOLD15M-26OCT042300-00,0.0020,3.00,no
2026-10-05T02:57:34.828404Z,KXGOLD15M-26OCT042300-00,0.0030,2.00,no
2026-10-05T02:57:34.828404Z,KXGOLD15M-26OCT042300-00,0.0030,2.00,no
2026-10-05T02:57:34.828404Z,KXGOLD15M-26OCT042300-00,0.0030,2.00,no
2026-10-05T02:57:34.828404Z,KXGOLD15M-26OCT042300-00,0.0020,3.00,no
2026-10-05T02:57:34.828404Z,KXGOLD15M-26OCT042300-00,0.0020,3.00,no
2026-10-05T02:57:34.828404Z,KXGOLD15M-26OCT042300-00,0.0030,2.00,no
2026-10-05T02:57:34.828404Z,KXGOLD15M-26OCT042300-00,0.0020,26.00,no
2026-10-05T02:57:34.828404Z,KXGOLD15M-26OCT042300-00,0.0030,18.00,no
2026-10-05T02:57:34.828404Z,KXGOLD15M-26OCT042300-00,0.0030,10.00,no
2026-10-05T02:57:34.828404Z,KXGOLD15M-26OCT042300-00,0.0020,500.00,no
2026-10-05T02:57:34.828404Z,KXGOLD15M-26OCT042300-00,0.0030,250.00,no
2026-10-05T02:57:34.828404Z,KXGOLD15M-26OCT042300-00,0.0020,1200.00,no
2026-10-05T02:57:34.828404Z,KXGOLD15M-26OCT042300-00,0.0030,947.00,no
2026-10-05T02:57:34.828404Z,KXGOLD15M-26OCT042300-00,0.0010,2571.93,no
2026-10-05T02:57:34.828404Z,KXGOLD15M-26OCT042300-00,0.0020,1250.00,no
2026-10-05T02:57:34.828404Z,KXGOLD15M-26OCT042300-00,0.0020,11.00,no
2026-10-05T02:57:34.828404Z,KXGOLD15M-26OCT042300-00,0.0020,22.00,no
2026-10-05T02:57:34.828404Z,KXGOLD15M-26OCT042300-00,0.0020,2500.00,no
2026-10-05T02:57:34.828404Z,KXGOLD15M-26OCT042300-00,0.0030,104.00,no
2026-10-05T02:57:34.828404Z,KXGOLD15M-26OCT042300-00,0.0030,250.00,no
2026-10-05T02:57:34.828404Z,KXGOLD15M-26OCT042300-00,0.0030,10.00,no
2026-10-05T02:57:34.828404Z,KXGOLD15M-26OCT042300-00,0.0030,300.00,no
2026-10-05T02:57:34.828404Z,KXGOLD15M-26OCT042300-00,0.0030,1.00,no
2026-10-05T02:57:34.828404Z,KXGOLD15M-26OCT042300-00,0.0030,10000.00,no
2026-10-05T02:57:34.828404Z,KXGOLD15M-26OCT042300-00,0.0020,5.00,no
2026-10-05T02:57:34.828404Z,KXGOLD15M-26OCT042300-00,0.0020,5.00,no
2026-10-05T02:57:36.308253Z,KXGOLD15M-26OCT042300-00,0.0030,305.35,yes
2026-10-05T02:57:36.670798Z,KXGOLD15M-26OCT042300-00,0.0030,103.91,yes
2026-10-05T02:57:36.970985Z,KXGOLD15M-26OCT042300-00,0.0030,305.35,yes
2026-10-05T02:57:37.032926Z,KXGOLD15M-26OCT042300-00,0.0030,30.00,yes
2026-10-05T02:57:37.032926Z,KXGOLD15M-26OCT042300-00,0.0030,45.33,yes
2026-10-05T02:57:37.032926Z,KXGOLD15M-26OCT042300-00,0.0030,535.39,yes
2026-10-05T02:57:37.841634Z,KXGOLD15M-26OCT042300-00,0.0030,123.00,no
2026-10-05T02:57:37.841634Z,KXGOLD15M-26OCT042300-00,0.0030,6.00,no
2026-10-05T02:57:39.020557Z,KXGOLD15M-26OCT042300-00,0.0020,15.33,no
2026-10-05T02:57:39.42912Z,KXGOLD15M-26OCT042300-00,0.0020,24.67,no
2026-10-05T02:57:39.42912Z,KXGOLD15M-26OCT042300-00,0.0020,27.02,no
2026-10-05T02:57:39.635182Z,KXGOLD15M-26OCT042300-00,0.0030,15.27,yes
2026-10-05T02:57:39.795413Z,KXGOLD15M-26OCT042300-00,0.0030,30.53,yes
2026-10-05T02:57:40.644928Z,KXGOLD15M-26OCT042300-00,0.0030,3.06,yes
2026-10-05T02:57:40.912325Z,KXGOLD15M-26OCT042300-00,0.0030,305.35,yes
2026-10-05T02:57:41.042141Z,KXGOLD15M-26OCT042300-00,0.0030,305.35,yes
2026-10-05T02:57:41.155937Z,KXGOLD15M-26OCT042300-00,0.0020,33.53,no
2026-10-05T02:57:41.608767Z,KXGOLD15M-26OCT042300-00,0.0030,86.27,yes
2026-10-05T02:57:41.608767Z,KXGOLD15M-26OCT042300-00,0.0030,1783.37,yes
2026-10-05T02:57:42.397737Z,KXGOLD15M-26OCT042300-00,0.0020,32.28,no
2026-10-05T02:57:43.260604Z,KXGOLD15M-26OCT042300-00,0.0030,17.11,yes
2026-10-05T02:57:43.456392Z,KXGOLD15M-26OCT042300-00,0.0030,137.42,yes
2026-10-05T02:57:45.20925Z,KXGOLD15M-26OCT042300-00,0.0030,100.00,yes
2026-10-05T02:57:45.37377Z,KXGOLD15M-26OCT042300-00,0.0030,30.00,yes
2026-10-05T02:57:45.37377Z,KXGOLD15M-26OCT042300-00,0.0030,25.00,yes
2026-10-05T02:57:45.37377Z,KXGOLD15M-26OCT042300-00,0.0030,150.00,yes
2026-10-05T02:57:45.37377Z,KXGOLD15M-26OCT042300-00,0.0030,25.00,yes
2026-10-05T02:57:45.37377Z,KXGOLD15M-26OCT042300-00,0.0030,81.59,yes
2026-10-05T02:57:45.443276Z,KXGOLD15M-26OCT042300-00,0.0020,9.16,no
2026-10-05T02:57:45.455849Z,KXGOLD15M-26OCT042300-00,0.0030,305.35,yes
2026-10-05T02:57:45.50493Z,KXGOLD15M-26OCT042300-00,0.0020,9.92,no
2026-10-05T02:57:45.558547Z,KXGOLD15M-26OCT042300-00,0.0030,934.76,yes
2026-10-05T02:57:45.959712Z,KXGOLD15M-26OCT042300-00,0.0030,250.00,yes
2026-10-05T02:57:45.959712Z,KXGOLD15M-26OCT042300-00,0.0030,338.08,yes
2026-10-05T02:57:45.959712Z,KXGOLD15M-26OCT042300-00,0.0030,42.17,yes
2026-10-05T02:57:47.115464Z,KXGOLD15M-26OCT042300-00,0.0020,11.92,no
2026-10-05T02:57:47.668487Z,KXGOLD15M-26OCT042300-00,0.0030,26.57,yes
2026-10-05T02:57:47.668487Z,KXGOLD15M-26OCT042300-00,0.0030,254.30,yes
2026-10-05T02:57:47.668487Z,KXGOLD15M-26OCT042300-00,0.0030,161.92,yes
2026-10-05T02:57:47.76873Z,KXGOLD15M-26OCT042300-00,0.0030,395.73,yes
2026-10-05T02:57:48.255087Z,KXGOLD15M-26OCT042300-00,0.0030,305.35,yes
2026-10-05T02:57:48.357257Z,KXGOLD15M-26OCT042300-00,0.0030,186.28,yes
2026-10-05T02:57:48.958382Z,KXGOLD15M-26OCT042300-00,0.0030,6.00,yes
2026-10-05T02:57:49.782105Z,KXGOLD15M-26OCT042300-00,0.0020,50.09,no
2026-10-05T02:57:49.842401Z,KXGOLD15M-26OCT042300-00,0.0020,2.00,no
2026-10-05T02:57:50.081702Z,KXGOLD15M-26OCT042300-00,0.0030,15.27,yes
2026-10-05T02:57:50.796688Z,KXGOLD15M-26OCT042300-00,0.0030,30.00,yes
2026-10-05T02:57:50.796688Z,KXGOLD15M-26OCT042300-00,0.0030,40.00,yes
2026-10-05T02:57:50.796688Z,KXGOLD15M-26OCT042300-00,0.0030,61.12,yes
2026-10-05T02:57:50.796688Z,KXGOLD15M-26OCT042300-00,0.0030,61.12,yes
2026-10-05T02:57:50.796688Z,KXGOLD15M-26OCT042300-00,0.0030,122.24,yes
2026-10-05T02:57:50.796688Z,KXGOLD15M-26OCT042300-00,0.0030,61.12,yes
2026-10-05T02:57:50.796688Z,KXGOLD15M-26OCT042300-00,0.0030,8.78,yes
2026-10-05T02:57:50.796688Z,KXGOLD15M-26OCT042300-00,0.0030,61.12,yes
2026-10-05T02:57:50.796688Z,KXGOLD15M-26OCT042300-00,0.0030,61.12,yes
2026-10-05T02:57:50.796688Z,KXGOLD15M-26OCT042300-00,0.0040,4.00,yes
2026-10-05T02:57:50.796688Z,KXGOLD15M-26OCT042300-00,0.0040,22.69,yes
2026-10-05T02:57:50.796688Z,KXGOLD15M-26OCT042300-00,0.0040,200.00,yes
2026-10-05T02:57:50.796688Z,KXGOLD15M-26OCT042300-00,0.0030,204.34,yes
2026-10-05T02:57:51.494771Z,KXGOLD15M-26OCT042300-00,0.0020,14.63,no
2026-10-05T02:57:51.607838Z,KXGOLD15M-26OCT042300-00,0.0040,610.78,yes
2026-10-05T02:57:51.607838Z,KXGOLD15M-26OCT042300-00,0.0040,70.31,yes
2026-10-05T02:57:51.607838Z,KXGOLD15M-26OCT042300-00,0.0040,6.00,yes
2026-10-05T02:57:52.338707Z,KXGOLD15M-26OCT042300-00,0.0020,13.29,no
2026-10-05T02:57:53.307138Z,KXGOLD15M-26OCT042300-00,0.0030,30.00,yes
2026-10-05T02:57:53.307138Z,KXGOLD15M-26OCT042300-00,0.0040,336.22,yes
2026-10-05T02:57:53.307138Z,KXGOLD15M-26OCT042300-00,0.0040,15.27,yes
2026-10-05T02:57:53.307138Z,KXGOLD15M-26OCT042300-00,0.0040,15.27,yes
2026-10-05T02:57:53.307138Z,KXGOLD15M-26OCT042300-00,0.0040,26.71,yes
2026-10-05T02:57:53.307138Z,KXGOLD15M-26OCT042300-00,0.0040,2.19,yes
2026-10-05T02:57:53.307138Z,KXGOLD15M-26OCT042300-00,0.0040,15.27,yes
2026-10-05T02:57:54.513265Z,KXGOLD15M-26OCT042300-00,0.0010,564.94,no
2026-10-05T02:57:54.513265Z,KXGOLD15M-26OCT042300-00,0.0020,40.00,no
2026-10-05T02:57:54.513265Z,KXGOLD15M-26OCT042300-00,0.0020,1.00,no
2026-10-05T02:57:54.513265Z,KXGOLD15M-26OCT042300-00,0.0020,1.00,no
2026-10-05T02:57:54.513265Z,KXGOLD15M-26OCT042300-00,0.0020,2.00,no
2026-10-05T02:57:54.513265Z,KXGOLD15M-26OCT042300-00,0.0020,2.00,no
2026-10-05T02:57:54.513265Z,KXGOLD15M-26OCT042300-00,0.0020,7.00,no
2026-10-05T02:57:54.513265Z,KXGOLD15M-26OCT042300-00,0.0020,2.00,no
2026-10-05T02:57:54.513265Z,KXGOLD15M-26OCT042300-00,0.0020,156.71,no
2026-10-05T02:57:54.513265Z,KXGOLD15M-26OCT042300-00,0.0020,64.00,no
2026-10-05T02:57:54.513265Z,KXGOLD15M-26OCT042300-00,0.0020,2.00,no
2026-10-05T02:57:54.513265Z,KXGOLD15M-26OCT042300-00,0.0020,78.00,no
2026-10-05T02:57:54.651602Z,KXGOLD15M-26OCT042300-00,0.0030,10.01,no
2026-10-05T02:57:54.840399Z,KXGOLD15M-26OCT042300-00,0.0040,1145.16,yes
2026-10-05T02:57:55.191888Z,KXGOLD15M-26OCT042300-00,0.0040,229.04,yes
2026-10-05T02:57:55.491961Z,KXGOLD15M-26OCT042300-00,0.0030,289.99,no
2026-10-05T02:57:55.491961Z,KXGOLD15M-26OCT042300-00,0.0030,250.00,no
2026-10-05T02:57:55.710862Z,KXGOLD15M-26OCT042300-00,0.0010,430.36,no
2026-10-05T02:57:55.710862Z,KXGOLD15M-26OCT042300-00,0.0020,40.00,no
2026-10-05T02:57:55.710862Z,KXGOLD15M-26OCT042300-00,0.0020,5.00,no
2026-10-05T02:57:55.710862Z,KXGOLD15M-26OCT042300-00,0.0020,16.00,no
2026-10-05T02:57:55.948759Z,KXGOLD15M-26OCT042300-00,0.0040,229.04,yes
2026-10-05T02:57:56.215641Z,KXGOLD15M-26OCT042300-00,0.0040,46.74,yes
2026-10-05T02:57:56.255571Z,KXGOLD15M-26OCT042300-00,0.0040,5.03,yes
2026-10-05T02:57:56.352192Z,KXGOLD15M-26OCT042300-00,0.0040,18.69,yes
2026-10-05T02:57:56.437523Z,KXGOLD15M-26OCT042300-00,0.0040,18.69,yes
2026-10-05T02:57:56.921426Z,KXGOLD15M-26OCT042300-00,0.0030,40.00,yes
2026-10-05T02:57:56.921426Z,KXGOLD15M-26OCT042300-00,0.0040,193.72,yes
2026-10-05T02:57:57.35041Z,KXGOLD15M-26OCT042300-00,0.0040,229.04,yes
2026-10-05T02:57:57.518203Z,KXGOLD15M-26OCT042300-00,0.0010,13967.07,no
2026-10-05T02:57:57.518203Z,KXGOLD15M-26OCT042300-00,0.0020,3.00,no
2026-10-05T02:57:57.518203Z,KXGOLD15M-26OCT042300-00,0.0020,40.00,no
2026-10-05T02:57:57.518203Z,KXGOLD15M-26OCT042300-00,0.0020,1.00,no
2026-10-05T02:57:57.518203Z,KXGOLD15M-26OCT042300-00,0.0020,2.00,no
2026-10-05T02:57:57.656111Z,KXGOLD15M-26OCT042300-00,0.0030,210.43,no
2026-10-05T02:57:57.829235Z,KXGOLD15M-26OCT042300-00,0.0040,114.53,yes
2026-10-05T02:57:58.363478Z,KXGOLD15M-26OCT042300-00,0.0030,5.00,no
2026-10-05T02:57:59.049961Z,KXGOLD15M-26OCT042300-00,0.0030,30.53,no
2026-10-05T02:57:59.075283Z,KXGOLD15M-26OCT042300-00,0.0040,229.04,yes
2026-10-05T02:58:00.052754Z,KXGOLD15M-26OCT042300-00,0.0030,264.00,no
2026-10-05T02:58:00.132018Z,KXGOLD15M-26OCT042300-00,0.0040,233.72,yes
2026-10-05T02:58:00.145552Z,KXGOLD15M-26OCT042300-00,0.0020,134.00,no
2026-10-05T02:58:00.145552Z,KXGOLD15M-26OCT042300-00,0.0020,40.00,no
2026-10-05T02:58:00.145552Z,KXGOLD15M-26OCT042300-00,0.0020,2.00,no
2026-10-05T02:58:00.231345Z,KXGOLD15M-26OCT042300-00,0.0010,4560.00,no
2026-10-05T02:58:01.372009Z,KXGOLD15M-26OCT042300-00,0.0030,28.00,yes
2026-10-05T02:58:01.372009Z,KXGOLD15M-26OCT042300-00,0.0030,35.35,yes
2026-10-05T02:58:01.372009Z,KXGOLD15M-26OCT042300-00,0.0030,28.00,yes
2026-10-05T02:58:01.372009Z,KXGOLD15M-26OCT042300-00,0.0030,28.00,yes
2026-10-05T02:58:01.372009Z,KXGOLD15M-26OCT042300-00,0.0030,4.00,yes
2026-10-05T02:58:01.372009Z,KXGOLD15M-26OCT042300-00,0.0030,133.00,yes
2026-10-05T02:58:01.372009Z,KXGOLD15M-26OCT042300-00,0.0030,49.00,yes
2026-10-05T02:58:01.422663Z,KXGOLD15M-26OCT042300-00,0.0040,1100.36,yes
2026-10-05T02:58:01.422663Z,KXGOLD15M-26OCT042300-00,0.0030,28.00,yes
2026-10-05T02:58:01.422663Z,KXGOLD15M-26OCT042300-00,0.0030,20.65,yes
2026-10-05T02:58:01.422663Z,KXGOLD15M-26OCT042300-00,0.0030,28.00,yes
2026-10-05T02:58:02.014694Z,KXGOLD15M-26OCT042300-00,0.0040,224.37,yes
2026-10-05T02:58:02.526083Z,KXGOLD15M-26OCT042300-00,0.0040,229.04,yes
2026-10-05T02:58:03.148073Z,KXGOLD15M-26OCT042300-00,0.0030,300.00,no
2026-10-05T02:58:03.148073Z,KXGOLD15M-26OCT042300-00,0.0020,15.64,no
2026-10-05T02:58:03.394241Z,KXGOLD15M-26OCT042300-00,0.0010,25.00,no
2026-10-05T02:58:03.434297Z,KXGOLD15M-26OCT042300-00,0.0030,233.72,yes
2026-10-05T02:58:03.813177Z,KXGOLD15M-26OCT042300-00,0.0030,202.53,yes
2026-10-05T02:58:04.34738Z,KXGOLD15M-26OCT042300-00,0.0030,305.35,yes
2026-10-05T02:58:04.421583Z,KXGOLD15M-26OCT042300-00,0.0010,1.00,no
2026-10-05T02:58:04.682365Z,KXGOLD15M-26OCT042300-00,0.0030,305.35,yes
2026-10-05T02:58:05.676642Z,KXGOLD15M-26OCT042300-00,0.0030,16.72,yes
2026-10-05T02:58:05.745962Z,KXGOLD15M-26OCT042300-00,0.0030,305.35,yes
2026-10-05T02:58:05.754009Z,KXGOLD15M-26OCT042300-00,0.0030,1526.80,yes
2026-10-05T02:58:05.87871Z,KXGOLD15M-26OCT042300-00,0.0030,305.35,yes
2026-10-05T02:58:05.899973Z,KXGOLD15M-26OCT042300-00,0.0030,305.35,yes
2026-10-05T02:58:06.288314Z,KXGOLD15M-26OCT042300-00,0.0030,3.06,yes
2026-10-05T02:58:07.463087Z,KXGOLD15M-26OCT042300-00,0.0030,1344.30,yes
2026-10-05T02:58:07.993842Z,KXGOLD15M-26OCT042300-00,0.0030,4580.35,yes
2026-10-05T02:58:09.214805Z,KXGOLD15M-26OCT042300-00,0.0030,3053.57,yes
2026-10-05T02:58:09.553179Z,KXGOLD15M-26OCT042300-00,0.0030,610.72,yes
2026-10-05T02:58:10.487802Z,KXGOLD15M-26OCT042300-00,0.0030,155.79,yes
2026-10-05T02:58:11.000615Z,KXGOLD15M-26OCT042300-00,0.0010,1.00,no
2026-10-05T02:58:11.181035Z,KXGOLD15M-26OCT042300-00,0.0030,305.35,yes
2026-10-05T02:58:11.315422Z,KXGOLD15M-26OCT042300-00,0.0030,15.59,yes
2026-10-05T02:58:11.995725Z,KXGOLD15M-26OCT042300-00,0.0030,239.74,yes
2026-10-05T02:58:11.995725Z,KXGOLD15M-26OCT042300-00,0.0030,391.82,yes
2026-10-05T02:58:11.995725Z,KXGOLD15M-26OCT042300-00,0.0030,564.94,yes
2026-10-05T02:58:12.327024Z,KXGOLD15M-26OCT042300-00,0.0030,305.35,yes
2026-10-05T02:58:12.712387Z,KXGOLD15M-26OCT042300-00,0.0030,30.53,yes
2026-10-05T02:58:12.849368Z,KXGOLD15M-26OCT042300-00,0.0010,51.00,no
2026-10-05T02:58:12.849368Z,KXGOLD15M-26OCT042300-00,0.0010,149.00,no
2026-10-05T02:58:12.93219Z,KXGOLD15M-26OCT042300-00,0.0020,3.13,yes
2026-10-05T02:58:12.975237Z,KXGOLD15M-26OCT042300-00,0.0030,263.72,yes
2026-10-05T02:58:12.975237Z,KXGOLD15M-26OCT042300-00,0.0020,47.87,yes
2026-10-05T02:58:13.180835Z,KXGOLD15M-26OCT042300-00,0.0030,61.08,yes
2026-10-05T02:58:13.312347Z,KXGOLD15M-26OCT042300-00,0.0010,50.00,no
2026-10-05T02:58:13.377145Z,KXGOLD15M-26OCT042300-00,0.0020,50.00,yes
2026-10-05T02:58:13.48274Z,KXGOLD15M-26OCT042300-00,0.0020,20.10,yes
2026-10-05T02:58:13.48274Z,KXGOLD15M-26OCT042300-00,0.0020,50.00,yes
2026-10-05T02:58:13.574708Z,KXGOLD15M-26OCT042300-00,0.0010,50.00,no
2026-10-05T02:58:13.675835Z,KXGOLD15M-26OCT042300-00,0.0030,3.06,yes
2026-10-05T02:58:13.70086Z,KXGOLD15M-26OCT042300-00,0.0030,305.35,yes
2026-10-05T02:58:14.867643Z,KXGOLD15M-26OCT042300-00,0.0030,60.47,yes
2026-10-05T02:58:15.294776Z,KXGOLD15M-26OCT042300-00,0.0030,380.00,yes
2026-10-05T02:58:15.469109Z,KXGOLD15M-26OCT042300-00,0.0030,305.35,yes
2026-10-05T02:58:15.86153Z,KXGOLD15M-26OCT042300-00,0.0030,30.53,yes
2026-10-05T02:58:16.496374Z,KXGOLD15M-26OCT042300-00,0.0030,305.35,yes
2026-10-05T02:58:16.513064Z,KXGOLD15M-26OCT042300-00,0.0030,824.46,yes
2026-10-05T02:58:16.67476Z,KXGOLD15M-26OCT042300-00,0.0030,81.79,yes
2026-10-05T02:58:16.67476Z,KXGOLD15M-26OCT042300-00,0.0030,1445.01,yes
2026-10-05T02:58:16.714859Z,KXGOLD15M-26OCT042300-00,0.0030,50.09,yes
2026-10-05T02:58:16.720134Z,KXGOLD15M-26OCT042300-00,0.0030,155.79,yes
2026-10-05T02:58:18.86747Z,KXGOLD15M-26OCT042300-00,0.0030,142.69,yes
2026-10-05T02:58:18.86747Z,KXGOLD15M-26OCT042300-00,0.0030,13.10,yes
2026-10-05T02:58:19.500795Z,KXGOLD15M-26OCT042300-00,0.0010,1101.02,no
2026-10-05T02:58:19.522423Z,KXGOLD15M-26OCT042300-00,0.0020,510.23,yes
2026-10-05T02:58:19.851168Z,KXGOLD15M-26OCT042300-00,0.0030,2482.93,yes
2026-10-05T02:58:19.851168Z,KXGOLD15M-26OCT042300-00,0.0030,40.00,yes
2026-10-05T02:58:19.851168Z,KXGOLD15M-26OCT042300-00,0.0020,590.79,yes
2026-10-05T02:58:19.851168Z,KXGOLD15M-26OCT042300-00,0.0020,2.17,yes
2026-10-05T02:58:20.826107Z,KXGOLD15M-26OCT042300-00,0.0010,2.00,no
2026-10-05T02:58:21.225979Z,KXGOLD15M-26OCT042300-00,0.0010,5.00,no
2026-10-05T02:58:21.343263Z,KXGOLD15M-26OCT042300-00,0.0030,8.01,yes
2026-10-05T02:58:21.343263Z,KXGOLD15M-26OCT042300-00,0.0020,5.00,yes
2026-10-05T02:58:21.343263Z,KXGOLD15M-26OCT042300-00,0.0020,2.00,yes
2026-10-05T02:58:21.399008Z,KXGOLD15M-26OCT042300-00,0.0010,75.67,no
2026-10-05T02:58:21.429601Z,KXGOLD15M-26OCT042300-00,0.0030,1208.09,yes
2026-10-05T02:58:21.429601Z,KXGOLD15M-26OCT042300-00,0.0020,75.67,yes
2026-10-05T02:58:21.865312Z,KXGOLD15M-26OCT042300-00,0.0030,305.35,yes
2026-10-05T02:58:21.906781Z,KXGOLD15M-26OCT042300-00,0.0010,61.50,no
2026-10-05T02:58:23.126088Z,KXGOLD15M-26OCT042300-00,0.0020,61.50,yes
2026-10-05T02:58:23.126088Z,KXGOLD15M-26OCT042300-00,0.0020,27.00,yes
2026-10-05T02:58:23.126088Z,KXGOLD15M-26OCT042300-00,0.0020,149.00,yes
2026-10-05T02:58:23.126088Z,KXGOLD15M-26OCT042300-00,0.0030,464.26,yes
2026-10-05T02:58:23.536623Z,KXGOLD15M-26OCT042300-00,0.0010,1.00,no
2026-10-05T02:58:25.137979Z,KXGOLD15M-26OCT042300-00,0.0010,18.69,no
2026-10-05T02:58:26.119268Z,KXGOLD15M-26OCT042300-00,0.0020,3.59,yes
2026-10-05T02:58:26.119268Z,KXGOLD15M-26OCT042300-00,0.0020,1.00,yes
2026-10-05T02:58:26.514271Z,KXGOLD15M-26OCT042300-00,0.0020,15.10,yes
2026-10-05T02:58:26.514271Z,KXGOLD15M-26OCT042300-00,0.0030,40.00,yes
2026-10-05T02:58:26.514271Z,KXGOLD15M-26OCT042300-00,0.0050,14.69,yes
2026-10-05T02:58:26.514271Z,KXGOLD15M-26OCT042300-00,0.0040,100.00,yes
2026-10-05T02:58:26.514271Z,KXGOLD15M-26OCT042300-00,0.0050,40.00,yes
2026-10-05T02:58:26.514271Z,KXGOLD15M-26OCT042300-00,0.0050,40.00,yes
2026-10-05T02:58:26.514271Z,KXGOLD15M-26OCT042300-00,0.0030,1285.15,yes
2026-10-05T02:58:26.514271Z,KXGOLD15M-26OCT042300-00,0.0040,30.00,yes
2026-10-05T02:58:26.514271Z,KXGOLD15M-26OCT042300-00,0.0040,60.00,yes
2026-10-05T02:58:26.514271Z,KXGOLD15M-26OCT042300-00,0.0040,30.00,yes
2026-10-05T02:58:26.514271Z,KXGOLD15M-26OCT042300-00,0.0050,200.00,yes
2026-10-05T02:58:26.514271Z,KXGOLD15M-26OCT042300-00,0.0050,204.00,yes
2026-10-05T02:58:26.514271Z,KXGOLD15M-26OCT042300-00,0.0050,196.00,yes
2026-10-05T02:58:26.514271Z,KXGOLD15M-26OCT042300-00,0.0050,103.46,yes
2026-10-05T02:58:26.514271Z,KXGOLD15M-26OCT042300-00,0.0050,24.67,yes
2026-10-05T02:58:26.514271Z,KXGOLD15M-26OCT042300-00,0.0050,15.33,yes
2026-10-05T02:58:26.514271Z,KXGOLD15M-26OCT042300-00,0.0050,40.00,yes
2026-10-05T02:58:26.514271Z,KXGOLD15M-26OCT042300-00,0.0050,10.00,yes
2026-10-05T02:58:26.734002Z,KXGOLD15M-26OCT042300-00,0.0020,159.92,yes
2026-10-05T02:58:27.626671Z,KXGOLD15M-26OCT042300-00,0.0010,523.48,no
2026-10-05T02:58:28.011215Z,KXGOLD15M-26OCT042300-00,0.0020,2290.05,yes
2026-10-05T02:58:28.867987Z,KXGOLD15M-26OCT042300-00,0.0010,136.26,no
2026-10-05T02:58:29.607335Z,KXGOLD15M-26OCT042300-00,0.0010,2765.10,no
2026-10-05T02:58:29.632448Z,KXGOLD15M-26OCT042300-00,0.0010,11.69,no
2026-10-05T02:58:29.80482Z,KXGOLD15M-26OCT042300-00,0.0020,157.98,yes
2026-10-05T02:58:29.80482Z,KXGOLD15M-26OCT042300-00,0.0020,300.03,yes
2026-10-05T02:58:30.034238Z,KXGOLD15M-26OCT042300-00,0.0010,147.59,no
2026-10-05T02:58:30.034238Z,KXGOLD15M-26OCT042300-00,0.0010,66.39,no
2026-10-05T02:58:30.283787Z,KXGOLD15M-26OCT042300-00,0.0020,365.50,yes
2026-10-05T02:58:30.283787Z,KXGOLD15M-26OCT042300-00,0.0020,92.51,yes
2026-10-05T02:58:30.314412Z,KXGOLD15M-26OCT042300-00,0.0010,20.01,no
2026-10-05T02:58:30.519038Z,KXGOLD15M-26OCT042300-00,0.0020,43.75,yes
2026-10-05T02:58:30.519038Z,KXGOLD15M-26OCT042300-00,0.0020,2246.30,yes
2026-10-05T02:58:30.5608Z,KXGOLD15M-26OCT042300-00,0.0030,60.00,yes
2026-10-05T02:58:30.5608Z,KXGOLD15M-26OCT042300-00,0.0030,30.00,yes
2026-10-05T02:58:30.5608Z,KXGOLD15M-26OCT042300-00,0.0030,30.00,yes
2026-10-05T02:58:30.5608Z,KXGOLD15M-26OCT042300-00,0.0020,142.00,yes
2026-10-05T02:58:30.5608Z,KXGOLD15M-26OCT042300-00,0.0020,518.80,yes
2026-10-05T02:58:30.5608Z,KXGOLD15M-26OCT042300-00,0.0020,11.69,yes
2026-10-05T02:58:30.5608Z,KXGOLD15M-26OCT042300-00,0.0020,147.59,yes
2026-10-05T02:58:30.5608Z,KXGOLD15M-26OCT042300-00,0.0020,66.39,yes
2026-10-05T02:58:30.5608Z,KXGOLD15M-26OCT042300-00,0.0020,20.01,yes
2026-10-05T02:58:30.909474Z,KXGOLD15M-26OCT042300-00,0.0030,2973.52,no
2026-10-05T02:58:30.909474Z,KXGOLD15M-26OCT042300-00,0.0020,150.00,no
2026-10-05T02:58:31.690349Z,KXGOLD15M-26OCT042300-00,0.0010,487.00,no
2026-10-05T02:58:31.788943Z,KXGOLD15M-26OCT042300-00,0.0010,120.00,no
2026-10-05T02:58:32.191689Z,KXGOLD15M-26OCT042300-00,0.0010,135.00,no
2026-10-05T02:58:32.491778Z,KXGOLD15M-26OCT042300-00,0.0020,362.24,yes
2026-10-05T02:58:32.491778Z,KXGOLD15M-26OCT042300-00,0.0020,209.48,yes
2026-10-05T02:58:32.546503Z,KXGOLD15M-26OCT042300-00,0.0020,112.16,yes
2026-10-05T02:58:34.855341Z,KXGOLD15M-26OCT042300-00,0.0010,1.00,no
2026-10-05T02:58:35.068141Z,KXGOLD15M-26OCT042300-00,0.0010,132.12,no
2026-10-05T02:58:35.247113Z,KXGOLD15M-26OCT042300-00,0.0010,0.59,no
2026-10-05T02:58:35.84501Z,KXGOLD15M-26OCT042300-00,0.0010,1.00,no
2026-10-05T02:58:36.262716Z,KXGOLD15M-26OCT042300-00,0.0010,286.89,no
2026-10-05T02:58:36.262716Z,KXGOLD15M-26OCT042300-00,0.0010,601.11,no
2026-10-05T02:58:37.480062Z,KXGOLD15M-26OCT042300-00,0.0020,132.12,yes
2026-10-05T02:58:37.480062Z,KXGOLD15M-26OCT042300-00,0.0020,1.00,yes
2026-10-05T02:58:37.480062Z,KXGOLD15M-26OCT042300-00,0.0020,0.59,yes
2026-10-05T02:58:37.480062Z,KXGOLD15M-26OCT042300-00,0.0020,1.00,yes
2026-10-05T02:58:37.480062Z,KXGOLD15M-26OCT042300-00,0.0020,274.24,yes
2026-10-05T02:58:37.480062Z,KXGOLD15M-26OCT042300-00,0.0020,120.00,yes
2026-10-05T02:58:37.480062Z,KXGOLD15M-26OCT042300-00,0.0020,12.60,yes
2026-10-05T02:58:37.480062Z,KXGOLD15M-26OCT042300-00,0.0020,135.00,yes
2026-10-05T02:58:37.480062Z,KXGOLD15M-26OCT042300-00,0.0020,40.00,yes
2026-10-05T02:58:37.604885Z,KXGOLD15M-26OCT042300-00,0.0010,398.89,no
2026-10-05T02:58:37.604885Z,KXGOLD15M-26OCT042300-00,0.0010,1.00,no
2026-10-05T02:58:37.604885Z,KXGOLD15M-26OCT042300-00,0.0010,203.46,no
2026-10-05T02:58:38.043024Z,KXGOLD15M-26OCT042300-00,0.0030,38.80,yes
2026-10-05T02:58:38.043024Z,KXGOLD15M-26OCT042300-00,0.0030,30.00,yes
2026-10-05T02:58:38.043024Z,KXGOLD15M-26OCT042300-00,0.0030,30.00,yes
2026-10-05T02:58:38.043024Z,KXGOLD15M-26OCT042300-00,0.0020,12.65,yes
2026-10-05T02:58:38.043024Z,KXGOLD15M-26OCT042300-00,0.0020,203.46,yes
2026-10-05T02:58:38.377002Z,KXGOLD15M-26OCT042300-00,0.0010,99.65,no
2026-10-05T02:58:39.1316Z,KXGOLD15M-26OCT042300-00,0.0010,20.01,no
2026-10-05T02:58:42.732816Z,KXGOLD15M-26OCT042300-00,0.0020,458.01,yes
2026-10-05T02:58:43.602504Z,KXGOLD15M-26OCT042300-00,0.0030,3.13,yes
2026-10-05T02:58:43.602504Z,KXGOLD15M-26OCT042300-00,0.0020,41.99,yes
2026-10-05T02:58:43.623824Z,KXGOLD15M-26OCT042300-00,0.0010,40.03,no
2026-10-05T02:58:43.702634Z,KXGOLD15M-26OCT042300-00,0.0010,10.00,no
2026-10-05T02:58:44.10453Z,KXGOLD15M-26OCT042300-00,0.0010,10.95,no
2026-10-05T02:58:44.329985Z,KXGOLD15M-26OCT042300-00,0.0030,30.53,yes
2026-10-05T02:58:46.819976Z,KXGOLD15M-26OCT042300-00,0.0020,4.59,yes
2026-10-05T02:58:47.12152Z,KXGOLD15M-26OCT042300-00,0.0020,458.01,yes
2026-10-05T02:58:47.189372Z,KXGOLD15M-26OCT042300-00,0.0020,419.65,yes
2026-10-05T02:58:47.189372Z,KXGOLD15M-26OCT042300-00,0.0020,1870.40,yes
2026-10-05T02:58:47.207731Z,KXGOLD15M-26OCT042300-00,0.0020,4580.06,yes
2026-10-05T02:58:47.630835Z,KXGOLD15M-26OCT042300-00,0.0020,45.80,yes
2026-10-05T02:58:48.227762Z,KXGOLD15M-26OCT042300-00,0.0020,11450.11,yes
2026-10-05T02:58:49.044779Z,KXGOLD15M-26OCT042300-00,0.0020,68.73,yes
2026-10-05T02:58:49.441617Z,KXGOLD15M-26OCT042300-00,0.0020,5.75,yes
2026-10-05T02:58:49.920095Z,KXGOLD15M-26OCT042300-00,0.0010,101.83,no
2026-10-05T02:58:49.922224Z,KXGOLD15M-26OCT042300-00,0.0010,200.95,no
2026-10-05T02:58:50.360608Z,KXGOLD15M-26OCT042300-00,0.0020,916.02,yes
2026-10-05T02:58:50.457117Z,KXGOLD15M-26OCT042300-00,0.0010,3.13,no
2026-10-05T02:58:50.799003Z,KXGOLD15M-26OCT042300-00,0.0020,916.02,yes
2026-10-05T02:58:53.035685Z,KXGOLD15M-26OCT042300-00,0.0010,20.87,no
2026-10-05T02:58:53.358276Z,KXGOLD15M-26OCT042300-00,0.0010,23.74,no
2026-10-05T02:58:53.671884Z,KXGOLD15M-26OCT042300-00,0.0020,2290.05,yes
2026-10-05T02:58:53.696396Z,KXGOLD15M-26OCT042300-00,0.0010,1112.03,no
2026-10-05T02:58:54.292929Z,KXGOLD15M-26OCT042300-00,0.0020,458.01,yes
2026-10-05T02:58:54.608985Z,KXGOLD15M-26OCT042300-00,0.0020,256.50,yes
2026-10-05T02:58:55.267974Z,KXGOLD15M-26OCT042300-00,0.0010,20.01,no
2026-10-05T02:58:55.507462Z,KXGOLD15M-26OCT042300-00,0.0020,458.01,yes
2026-10-05T02:58:56.14513Z,KXGOLD15M-26OCT042300-00,0.0020,229.01,yes
2026-10-05T02:58:56.716231Z,KXGOLD15M-26OCT042300-00,0.0020,200.95,yes
2026-10-05T02:58:56.716231Z,KXGOLD15M-26OCT042300-00,0.0020,101.83,yes
2026-10-05T02:58:56.716231Z,KXGOLD15M-26OCT042300-00,0.0020,3.13,yes
2026-10-05T02:58:56.716231Z,KXGOLD15M-26OCT042300-00,0.0020,128.28,yes
2026-10-05T02:58:56.716231Z,KXGOLD15M-26OCT042300-00,0.0020,23.82,yes
2026-10-05T02:58:57.604999Z,KXGOLD15M-26OCT042300-00,0.0020,10.00,yes
2026-10-05T02:58:57.604999Z,KXGOLD15M-26OCT042300-00,0.0020,40.03,yes
2026-10-05T02:58:57.604999Z,KXGOLD15M-26OCT042300-00,0.0020,10.95,yes
2026-10-05T02:58:57.604999Z,KXGOLD15M-26OCT042300-00,0.0020,20.01,yes
2026-10-05T02:58:57.604999Z,KXGOLD15M-26OCT042300-00,0.0020,40.00,yes
2026-10-05T02:58:57.604999Z,KXGOLD15M-26OCT042300-00,0.0020,23.74,yes
2026-10-05T02:58:57.604999Z,KXGOLD15M-26OCT042300-00,0.0020,641.86,yes
2026-10-05T02:58:57.604999Z,KXGOLD15M-26OCT042300-00,0.0020,20.87,yes
2026-10-05T02:58:57.604999Z,KXGOLD15M-26OCT042300-00,0.0020,75.83,yes
2026-10-05T02:58:57.843893Z,KXGOLD15M-26OCT042300-00,0.0010,1.00,no
2026-10-05T02:58:58.944528Z,KXGOLD15M-26OCT042300-00,0.0010,155.79,no
2026-10-05T02:58:59.531839Z,KXGOLD15M-26OCT042300-00,0.0020,1.00,yes
2026-10-05T02:58:59.531839Z,KXGOLD15M-26OCT042300-00,0.0020,155.79,yes
2026-10-05T02:58:59.531839Z,KXGOLD15M-26OCT042300-00,0.0020,20.01,yes
2026-10-05T02:58:59.531839Z,KXGOLD15M-26OCT042300-00,0.0030,1124.83,yes
2026-10-05T02:58:59.531839Z,KXGOLD15M-26OCT042300-00,0.0020,470.17,yes
2026-10-05T02:58:59.710667Z,KXGOLD15M-26OCT042300-00,0.0010,4.00,no
2026-10-05T02:58:59.710667Z,KXGOLD15M-26OCT042300-00,0.0010,1.00,no
2026-10-05T02:59:00.021001Z,KXGOLD15M-26OCT042300-00,0.0010,250.00,no
2026-10-05T02:59:00.945585Z,KXGOLD15M-26OCT042300-00,0.0010,79.00,no
2026-10-05T02:59:00.945585Z,KXGOLD15M-26OCT042300-00,0.0010,146.00,no
2026-10-05T02:59:01.165633Z,KXGOLD15M-26OCT042300-00,0.0020,0.72,yes
2026-10-05T02:59:02.186831Z,KXGOLD15M-26OCT042300-00,0.0010,384.67,no
2026-10-05T02:59:02.186831Z,KXGOLD15M-26OCT042300-00,0.0010,61.50,no
2026-10-05T02:59:02.186831Z,KXGOLD15M-26OCT042300-00,0.0010,221.00,no
2026-10-05T02:59:02.186831Z,KXGOLD15M-26OCT042300-00,0.0010,50.00,no
2026-10-05T02:59:02.186831Z,KXGOLD15M-26OCT042300-00,0.0010,50.00,no
2026-10-05T02:59:02.186831Z,KXGOLD15M-26OCT042300-00,0.0010,3.13,no
2026-10-05T02:59:02.186831Z,KXGOLD15M-26OCT042300-00,0.0010,47.87,no
2026-10-05T02:59:02.186831Z,KXGOLD15M-26OCT042300-00,0.0010,5.00,no
2026-10-05T02:59:02.186831Z,KXGOLD15M-26OCT042300-00,0.0010,2.00,no
2026-10-05T02:59:02.186831Z,KXGOLD15M-26OCT042300-00,0.0010,75.67,no
2026-10-05T02:59:02.186831Z,KXGOLD15M-26OCT042300-00,0.0010,510.23,no
2026-10-05T02:59:02.186831Z,KXGOLD15M-26OCT042300-00,0.0010,590.79,no
2026-10-05T02:59:02.325843Z,KXGOLD15M-26OCT042300-00,0.0020,3.57,yes
2026-10-05T02:59:02.625477Z,KXGOLD15M-26OCT042300-00,0.0020,229.01,yes
2026-10-05T02:59:03.163166Z,KXGOLD15M-26OCT042300-00,0.0020,20.01,yes
2026-10-05T02:59:03.658414Z,KXGOLD15M-26OCT042300-00,0.0010,1.00,no
2026-10-05T02:59:04.022114Z,KXGOLD15M-26OCT042300-00,0.0010,11.71,no
2026-10-05T02:59:04.104592Z,KXGOLD15M-26OCT042300-00,0.0020,458.01,yes
2026-10-05T02:59:04.183423Z,KXGOLD15M-26OCT042300-00,0.0020,31.91,yes
2026-10-05T02:59:05.485097Z,KXGOLD15M-26OCT042300-00,0.0010,4.18,no
2026-10-05T02:59:06.119147Z,KXGOLD15M-26OCT042300-00,0.0010,500.46,no
2026-10-05T02:59:06.432547Z,KXGOLD15M-26OCT042300-00,0.0020,5.00,yes
2026-10-05T02:59:06.432547Z,KXGOLD15M-26OCT042300-00,0.0020,3.13,yes
2026-10-05T02:59:06.432547Z,KXGOLD15M-26OCT042300-00,0.0020,75.67,yes
2026-10-05T02:59:06.432547Z,KXGOLD15M-26OCT042300-00,0.0020,510.23,yes
2026-10-05T02:59:06.432547Z,KXGOLD15M-26OCT042300-00,0.0020,47.87,yes
2026-10-05T02:59:06.432547Z,KXGOLD15M-26OCT042300-00,0.0020,50.00,yes
2026-10-05T02:59:06.432547Z,KXGOLD15M-26OCT042300-00,0.0020,50.00,yes
2026-10-05T02:59:06.432547Z,KXGOLD15M-26OCT042300-00,0.0020,61.50,yes
2026-10-05T02:59:06.432547Z,KXGOLD15M-26OCT042300-00,0.0020,40.00,yes
2026-10-05T02:59:06.432547Z,KXGOLD15M-26OCT042300-00,0.0020,590.79,yes
2026-10-05T02:59:06.432547Z,KXGOLD15M-26OCT042300-00,0.0020,2.00,yes
2026-10-05T02:59:06.432547Z,KXGOLD15M-26OCT042300-00,0.0020,367.77,yes
2026-10-05T02:59:06.432547Z,KXGOLD15M-26OCT042300-00,0.0020,50.00,yes
2026-10-05T02:59:06.432547Z,KXGOLD15M-26OCT042300-00,0.0030,1878.89,yes
2026-10-05T02:59:07.340765Z,KXGOLD15M-26OCT042300-00,0.0010,138.12,no
2026-10-05T02:59:07.535845Z,KXGOLD15M-26OCT042300-00,0.0010,1112.03,no
2026-10-05T02:59:07.838751Z,KXGOLD15M-26OCT042300-00,0.0020,10.16,yes
2026-10-05T02:59:09.240631Z,KXGOLD15M-26OCT042300-00,0.0020,114.50,yes
2026-10-05T02:59:09.408793Z,KXGOLD15M-26OCT042300-00,0.0010,31.21,no
2026-10-05T02:59:09.822871Z,KXGOLD15M-26OCT042300-00,0.0010,39.68,no
2026-10-05T02:59:11.97259Z,KXGOLD15M-26OCT042300-00,0.0010,77.94,no
2026-10-05T02:59:12.786218Z,KXGOLD15M-26OCT042300-00,0.0010,106.85,no
2026-10-05T02:59:13.30317Z,KXGOLD15M-26OCT042300-00,0.0010,159.92,no
2026-10-05T02:59:13.607651Z,KXGOLD15M-26OCT042300-00,0.0010,500.46,no
2026-10-05T02:59:13.783699Z,KXGOLD15M-26OCT042300-00,0.0010,115.21,no
2026-10-05T02:59:14.896617Z,KXGOLD15M-26OCT042300-00,0.0010,3.59,no
2026-10-05T02:59:14.896617Z,KXGOLD15M-26OCT042300-00,0.0010,15.10,no
2026-10-05T02:59:14.896617Z,KXGOLD15M-26OCT042300-00,0.0010,1.00,no
2026-10-05T02:59:14.896617Z,KXGOLD15M-26OCT042300-00,0.0010,7.21,no
2026-10-05T02:59:15.404561Z,KXGOLD15M-26OCT042300-00,0.0010,20.01,no
2026-10-05T02:59:15.411658Z,KXGOLD15M-26OCT042300-00,0.0010,27.25,no
2026-10-05T02:59:15.503087Z,KXGOLD15M-26OCT042300-00,0.0010,35.12,no
2026-10-05T02:59:15.728568Z,KXGOLD15M-26OCT042300-00,0.0010,68.39,no
2026-10-05T02:59:15.728568Z,KXGOLD15M-26OCT042300-00,0.0010,180.64,no
2026-10-05T02:59:15.731737Z,KXGOLD15M-26OCT042300-00,0.0010,3.00,no
2026-10-05T02:59:16.605708Z,KXGOLD15M-26OCT042300-00,0.0010,36.00,no
2026-10-05T02:59:16.794749Z,KXGOLD15M-26OCT042300-00,0.0010,42.23,no
2026-10-05T02:59:16.794749Z,KXGOLD15M-26OCT042300-00,0.0010,92.51,no
2026-10-05T02:59:16.794749Z,KXGOLD15M-26OCT042300-00,0.0010,145.86,no
2026-10-05T02:59:16.880491Z,KXGOLD15M-26OCT042300-00,0.0020,458.01,yes
2026-10-05T02:59:16.960847Z,KXGOLD15M-26OCT042300-00,0.0020,458.01,yes
2026-10-05T02:59:17.376603Z,KXGOLD15M-26OCT042300-00,0.0020,5.28,yes
2026-10-05T02:59:18.031404Z,KXGOLD15M-26OCT042300-00,0.0020,458.01,yes
2026-10-05T02:59:18.34011Z,KXGOLD15M-26OCT042300-00,0.0010,2246.30,no
2026-10-05T02:59:18.34011Z,KXGOLD15M-26OCT042300-00,0.0010,1.52,no
2026-10-05T02:59:18.34011Z,KXGOLD15M-26OCT042300-00,0.0010,42.23,no
2026-10-05T02:59:18.425067Z,KXGOLD15M-26OCT042300-00,0.0020,1374.03,yes
2026-10-05T02:59:19.385347Z,KXGOLD15M-26OCT042300-00,0.0010,20.01,no
2026-10-05T02:59:19.399532Z,KXGOLD15M-26OCT042300-00,0.0010,49.87,no
2026-10-05T02:59:22.637878Z,KXGOLD15M-26OCT042300-00,0.0010,27.53,no
2026-10-05T02:59:24.086016Z,KXGOLD15M-26OCT042300-00,0.0020,458.01,yes
2026-10-05T02:59:24.863346Z,KXGOLD15M-26OCT042300-00,0.0010,1.00,no
2026-10-05T02:59:24.863346Z,KXGOLD15M-26OCT042300-00,0.0010,94.00,no
2026-10-05T02:59:24.863346Z,KXGOLD15M-26OCT042300-00,0.0010,379.16,no
2026-10-05T02:59:24.863346Z,KXGOLD15M-26OCT042300-00,0.0010,147.59,no
2026-10-05T02:59:24.863346Z,KXGOLD15M-26OCT042300-00,0.0010,200.00,no
2026-10-05T02:59:24.863346Z,KXGOLD15M-26OCT042300-00,0.0010,11.69,no
2026-10-05T02:59:26.817248Z,KXGOLD15M-26OCT042300-00,0.0020,102.57,yes
2026-10-05T02:59:26.836348Z,KXGOLD15M-26OCT042300-00,0.0020,229.01,yes
2026-10-05T02:59:29.61356Z,KXGOLD15M-26OCT042300-00,0.0010,5.00,yes
2026-10-05T02:59:30.047151Z,KXGOLD15M-26OCT042300-00,0.0010,495.00,yes
2026-10-05T02:59:30.047151Z,KXGOLD15M-26OCT042300-00,0.0020,168.59,yes
2026-10-05T02:59:30.047151Z,KXGOLD15M-26OCT042300-00,0.0010,100.00,yes
2026-10-05T02:59:32.05403Z,KXGOLD15M-26OCT042300-00,0.0020,458.01,yes
2026-10-05T02:59:32.30824Z,KXGOLD15M-26OCT042300-00,0.0010,467.36,yes
2026-10-05T02:59:32.382225Z,KXGOLD15M-26OCT042300-00,0.0010,467.36,yes
2026-10-05T02:59:34.600731Z,KXGOLD15M-26OCT042300-00,0.0010,27.52,yes
2026-10-05T02:59:34.80414Z,KXGOLD15M-26OCT042300-00,0.0010,259.76,yes
2026-10-05T02:59:34.80414Z,KXGOLD15M-26OCT042300-00,0.0010,100.00,yes
2026-10-05T02:59:34.80414Z,KXGOLD15M-26OCT042300-00,0.0020,4407.46,yes
2026-10-05T02:59:37.116158Z,KXGOLD15M-26OCT042300-00,0.0010,1211.90,yes
2026-10-05T02:59:37.116158Z,KXGOLD15M-26OCT042300-00,0.0010,520.00,yes
2026-10-05T02:59:37.116158Z,KXGOLD15M-26OCT042300-00,0.0010,100.00,yes
2026-10-05T02:59:38.250975Z,KXGOLD15M-26OCT042300-00,0.0010,915.99,yes
2026-10-05T02:59:40.093145Z,KXGOLD15M-26OCT042300-00,0.0010,15.46,yes
2026-10-05T02:59:40.943192Z,KXGOLD15M-26OCT042300-00,0.0010,915.99,yes
2026-10-05T02:59:41.344747Z,KXGOLD15M-26OCT042300-00,0.0010,1.00,yes
2026-10-05T02:59:42.939884Z,KXGOLD15M-26OCT042300-00,0.0020,513.61,yes
2026-10-05T02:59:42.939884Z,KXGOLD15M-26OCT042300-00,0.0010,123.10,yes
2026-10-05T02:59:42.939884Z,KXGOLD15M-26OCT042300-00,0.0010,580.00,yes
2026-10-05T02:59:42.939884Z,KXGOLD15M-26OCT042300-00,0.0010,40.00,yes
2026-10-05T02:59:42.939884Z,KXGOLD15M-26OCT042300-00,0.0010,2222.00,yes
2026-10-05T02:59:42.939884Z,KXGOLD15M-26OCT042300-00,0.0010,100.00,yes
2026-10-05T02:59:43.921974Z,KXGOLD15M-26OCT042300-00,0.0020,98.14,yes
2026-10-05T02:59:45.467836Z,KXGOLD15M-26OCT042300-00,0.0020,458.01,yes
2026-10-05T02:59:45.720537Z,KXGOLD15M-26OCT042300-00,0.0020,1000.00,yes
2026-10-05T02:59:45.762867Z,KXGOLD15M-26OCT042300-00,0.0020,458.01,yes
2026-10-05T02:59:46.080916Z,KXGOLD15M-26OCT042300-00,0.0020,916.02,yes
2026-10-05T02:59:46.652173Z,KXGOLD15M-26OCT042300-00,0.0020,916.02,yes
2026-10-05T02:59:46.91912Z,KXGOLD15M-26OCT042300-00,0.0020,60.70,yes
2026-10-05T02:59:46.91912Z,KXGOLD15M-26OCT042300-00,0.0020,36.00,yes
2026-10-05T02:59:46.91912Z,KXGOLD15M-26OCT042300-00,0.0020,27.25,yes
2026-10-05T02:59:46.91912Z,KXGOLD15M-26OCT042300-00,0.0020,35.12,yes
2026-10-05T02:59:46.91912Z,KXGOLD15M-26OCT042300-00,0.0020,20.01,yes
2026-10-05T02:59:46.91912Z,KXGOLD15M-26OCT042300-00,0.0020,68.39,yes
2026-10-05T02:59:46.91912Z,KXGOLD15M-26OCT042300-00,0.0020,180.64,yes
2026-10-05T02:59:46.91912Z,KXGOLD15M-26OCT042300-00,0.0020,3.00,yes
2026-10-05T02:59:46.91912Z,KXGOLD15M-26OCT042300-00,0.0020,15.10,yes
2026-10-05T02:59:46.91912Z,KXGOLD15M-26OCT042300-00,0.0020,3.59,yes
2026-10-05T02:59:46.91912Z,KXGOLD15M-26OCT042300-00,0.0020,7.21,yes
2026-10-05T02:59:46.91912Z,KXGOLD15M-26OCT042300-00,0.0020,1.00,yes
2026-10-05T02:59:48.802942Z,KXGOLD15M-26OCT042300-00,0.0010,100.00,yes
2026-10-05T02:59:48.802942Z,KXGOLD15M-26OCT042300-00,0.0010,250.00,yes
2026-10-05T02:59:52.260983Z,KXGOLD15M-26OCT042300-00,0.0010,915.99,yes
2026-10-05T02:59:53.058288Z,KXGOLD15M-26OCT042300-00,0.0020,27.53,yes
2026-10-05T02:59:53.058288Z,KXGOLD15M-26OCT042300-00,0.0020,11.69,yes
2026-10-05T02:59:53.058288Z,KXGOLD15M-26OCT042300-00,0.0020,147.59,yes
2026-10-05T02:59:53.058288Z,KXGOLD15M-26OCT042300-00,0.0020,379.16,yes
2026-10-05T02:59:53.058288Z,KXGOLD15M-26OCT042300-00,0.0030,9.74,yes
2026-10-05T02:59:53.058288Z,KXGOLD15M-26OCT042300-00,0.0020,20.01,yes
2026-10-05T02:59:53.058288Z,KXGOLD15M-26OCT042300-00,0.0020,49.87,yes
2026-10-05T02:59:53.058288Z,KXGOLD15M-26OCT042300-00,0.0020,50.00,yes
2026-10-05T02:59:53.058288Z,KXGOLD15M-26OCT042300-00,0.0020,1.52,yes
2026-10-05T02:59:53.058288Z,KXGOLD15M-26OCT042300-00,0.0020,2246.30,yes
2026-10-05T02:59:53.058288Z,KXGOLD15M-26OCT042300-00,0.0020,42.23,yes
2026-10-05T02:59:53.058288Z,KXGOLD15M-26OCT042300-00,0.0020,85.16,yes
2026-10-05T02:59:53.058288Z,KXGOLD15M-26OCT042300-00,0.0020,92.51,yes
2026-10-05T02:59:53.058288Z,KXGOLD15M-26OCT042300-00,0.0020,42.23,yes
2026-10-05T02:59:53.058288Z,KXGOLD15M-26OCT042300-00,0.0020,500.00,yes
2026-10-05T02:59:53.058288Z,KXGOLD15M-26OCT042300-00,0.0010,2222.00,yes
2026-10-05T02:59:53.058288Z,KXGOLD15M-26OCT042300-00,0.0010,7972.01,yes
2026-10-05T02:59:53.058288Z,KXGOLD15M-26OCT042300-00,0.0020,40.00,yes
2026-10-05T02:59:53.058288Z,KXGOLD15M-26OCT042300-00,0.0010,100.00,yes
2026-10-05T02:59:53.058288Z,KXGOLD15M-26OCT042300-00,0.0030,295.62,yes
2026-10-05T02:59:54.169222Z,KXGOLD15M-26OCT042300-00,0.0010,123.00,yes
2026-10-05T02:59:54.169222Z,KXGOLD15M-26OCT042300-00,0.0020,32.79,yes
2026-10-05T02:59:54.189228Z,KXGOLD15M-26OCT042300-00,0.0030,0.44,yes
2026-10-05T02:59:54.358164Z,KXGOLD15M-26OCT042300-00,0.0030,305.35,yes
2026-10-05T02:59:54.954052Z,KXGOLD15M-26OCT042300-00,0.0030,305.35,yes
2026-10-05T02:59:57.109969Z,KXGOLD15M-26OCT042300-00,0.0030,305.35,yes
2026-10-05T02:59:57.541592Z,KXGOLD15M-26OCT042300-00,0.0030,301.28,yes
2026-10-05T02:59:57.541592Z,KXGOLD15M-26OCT042300-00,0.0030,100.25,yes
2026-10-05T02:59:57.541592Z,KXGOLD15M-26OCT042300-00,0.0030,1947.04,yes
2026-10-05T02:59:57.541592Z,KXGOLD15M-26OCT042300-00,0.0030,206.40,yes
2026-10-05T02:59:57.541592Z,KXGOLD15M-26OCT042300-00,0.0030,518.80,yes
2026-10-05T02:59:57.541592Z,KXGOLD15M-26OCT042300-00,0.0040,1200.00,yes
2026-10-05T02:59:57.541592Z,KXGOLD15M-26OCT042300-00,0.0050,750.00,yes
2026-10-05T02:59:57.541592Z,KXGOLD15M-26OCT042300-00,0.0050,750.00,yes
2026-10-05T02:59:57.541592Z,KXGOLD15M-26OCT042300-00,0.0050,258.92,yes
2026-10-05T02:59:57.541592Z,KXGOLD15M-26OCT042300-00,0.0050,750.00,yes
2026-10-05T02:59:57.541592Z,KXGOLD15M-26OCT042300-00,0.0050,25.31,yes
2026-10-05T02:59:57.541592Z,KXGOLD15M-26OCT042300-00,0.0040,57.00,yes
2026-10-05T02:59:57.660898Z,KXGOLD15M-26OCT042300-00,0.0010,23.00,no
2026-10-05T02:59:57.876898Z,KXGOLD15M-26OCT042300-00,0.0010,1.00,no
2026-10-05T02:59:57.876898Z,KXGOLD15M-26OCT042300-00,0.0010,53.00,no
2026-10-05T02:59:57.876898Z,KXGOLD15M-26OCT042300-00,0.0010,200.00,no
2026-10-05T02:59:59.428779Z,KXGOLD15M-26OCT042300-00,0.0010,968.00,yes
2026-10-05T02:59:59.428779Z,KXGOLD15M-26OCT042300-00,0.0010,11957.74,yes
2026-10-05T02:54:14.248772Z,KXSILVER15M-26OCT042300-00,0.0130,5.86,no
2026-10-05T02:54:16.281327Z,KXSILVER15M-26OCT042300-00,0.0190,48.26,yes
2026-10-05T02:54:16.701217Z,KXSILVER15M-26OCT042300-00,0.0130,82.20,no
2026-10-05T02:54:17.556033Z,KXSILVER15M-26OCT042300-00,0.0210,9.16,yes
2026-10-05T02:54:33.760398Z,KXSILVER15M-26OCT042300-00,0.0170,10.47,yes
2026-10-05T02:54:42.526161Z,KXSILVER15M-26OCT042300-00,0.0170,53.92,yes
2026-10-05T02:54:42.526161Z,KXSILVER15M-26OCT042300-00,0.0170,0.01,yes
2026-10-05T02:54:51.265388Z,KXSILVER15M-26OCT042300-00,0.0170,37.42,yes
2026-10-05T02:54:51.265388Z,KXSILVER15M-26OCT042300-00,0.0140,0.01,yes
2026-10-05T02:54:51.265388Z,KXSILVER15M-26OCT042300-00,0.0150,19.00,yes
2026-10-05T02:54:55.212952Z,KXSILVER15M-26OCT042300-00,0.0110,15.02,no
2026-10-05T02:54:55.224289Z,KXSILVER15M-26OCT042300-00,0.0110,15.00,no
2026-10-05T02:54:56.632833Z,KXSILVER15M-26OCT042300-00,0.0110,10.00,no
2026-10-05T02:54:58.998944Z,KXSILVER15M-26OCT042300-00,0.0150,24.94,yes
2026-10-05T02:54:58.998944Z,KXSILVER15M-26OCT042300-00,0.0140,15.00,yes
2026-10-05T02:54:58.998944Z,KXSILVER15M-26OCT042300-00,0.0140,15.02,yes
2026-10-05T02:54:58.998944Z,KXSILVER15M-26OCT042300-00,0.0140,10.00,yes
2026-10-05T02:55:00.656902Z,KXSILVER15M-26OCT042300-00,0.0150,6.23,yes
2026-10-05T02:55:01.7762Z,KXSILVER15M-26OCT042300-00,0.0110,20.20,no
2026-10-05T02:55:02.530762Z,KXSILVER15M-26OCT042300-00,0.0110,30.22,no
2026-10-05T02:55:02.530762Z,KXSILVER15M-26OCT042300-00,0.0110,2.00,no
2026-10-05T02:55:02.530762Z,KXSILVER15M-26OCT042300-00,0.0110,1.00,no
2026-10-05T02:55:02.530762Z,KXSILVER15M-26OCT042300-00,0.0110,20.00,no
2026-10-05T02:55:02.530762Z,KXSILVER15M-26OCT042300-00,0.0110,100.00,no
2026-10-05T02:55:02.530762Z,KXSILVER15M-26OCT042300-00,0.0110,2.00,no
2026-10-05T02:55:02.530762Z,KXSILVER15M-26OCT042300-00,0.0110,10.00,no
2026-10-05T02:55:02.530762Z,KXSILVER15M-26OCT042300-00,0.0110,6.78,no
2026-10-05T02:55:03.040745Z,KXSILVER15M-26OCT042300-00,0.0100,1.01,no
2026-10-05T02:55:05.255078Z,KXSILVER15M-26OCT042300-00,0.0140,35.00,yes
2026-10-05T02:55:05.255078Z,KXSILVER15M-26OCT042300-00,0.0150,3.00,yes
2026-10-05T02:55:05.255078Z,KXSILVER15M-26OCT042300-00,0.0140,20.20,yes
2026-10-05T02:55:05.255078Z,KXSILVER15M-26OCT042300-00,0.0140,6.78,yes
2026-10-05T02:55:05.255078Z,KXSILVER15M-26OCT042300-00,0.0140,1.01,yes
2026-10-05T02:55:06.759228Z,KXSILVER15M-26OCT042300-00,0.0100,49.78,no
2026-10-05T02:55:06.759228Z,KXSILVER15M-26OCT042300-00,0.0100,21.99,no
2026-10-05T02:55:07.581825Z,KXSILVER15M-26OCT042300-00,0.0100,2.00,no
2026-10-05T02:55:07.581825Z,KXSILVER15M-26OCT042300-00,0.0100,1.00,no
2026-10-05T02:55:07.581825Z,KXSILVER15M-26OCT042300-00,0.0100,25.22,no
2026-10-05T02:55:08.676416Z,KXSILVER15M-26OCT042300-00,0.0060,11.00,no
2026-10-05T02:55:08.676416Z,KXSILVER15M-26OCT042300-00,0.0060,52.00,no
2026-10-05T02:55:09.504224Z,KXSILVER15M-26OCT042300-00,0.0100,157.11,yes
2026-10-05T02:55:09.681898Z,KXSILVER15M-26OCT042300-00,0.0060,35.00,no
2026-10-05T02:55:09.681898Z,KXSILVER15M-26OCT042300-00,0.0060,2.00,no
2026-10-05T02:55:12.645168Z,KXSILVER15M-26OCT042300-00,0.0090,20.78,yes
2026-10-05T02:55:14.134925Z,KXSILVER15M-26OCT042300-00,0.0090,86.00,yes
2026-10-05T02:55:14.134925Z,KXSILVER15M-26OCT042300-00,0.0110,150.00,yes
2026-10-05T02:55:14.134925Z,KXSILVER15M-26OCT042300-00,0.0120,72.39,yes
2026-10-05T02:55:14.134925Z,KXSILVER15M-26OCT042300-00,0.0110,30.00,yes
2026-10-05T02:55:14.134925Z,KXSILVER15M-26OCT042300-00,0.0120,25.22,yes
2026-10-05T02:55:14.134925Z,KXSILVER15M-26OCT042300-00,0.0120,49.78,yes
2026-10-05T02:55:14.134925Z,KXSILVER15M-26OCT042300-00,0.0090,1.21,yes
2026-10-05T02:55:14.997962Z,KXSILVER15M-26OCT042300-00,0.0090,548.23,no
2026-10-05T02:55:15.06758Z,KXSILVER15M-26OCT042300-00,0.0090,451.77,no
2026-10-05T02:55:15.06758Z,KXSILVER15M-26OCT042300-00,0.0060,48.00,no
2026-10-05T02:55:15.06758Z,KXSILVER15M-26OCT042300-00,0.0060,0.23,no
2026-10-05T02:55:17.945802Z,KXSILVER15M-26OCT042300-00,0.0050,150.00,no
2026-10-05T02:55:17.945802Z,KXSILVER15M-26OCT042300-00,0.0050,70.00,no
2026-10-05T02:55:17.945802Z,KXSILVER15M-26OCT042300-00,0.0050,11.00,no
2026-10-05T02:55:21.845573Z,KXSILVER15M-26OCT042300-00,0.0040,10.00,no
2026-10-05T02:55:21.845573Z,KXSILVER15M-26OCT042300-00,0.0040,1.00,no
2026-10-05T02:55:21.845573Z,KXSILVER15M-26OCT042300-00,0.0040,13.00,no
2026-10-05T02:55:21.845573Z,KXSILVER15M-26OCT042300-00,0.0040,1.00,no
2026-10-05T02:55:21.845573Z,KXSILVER15M-26OCT042300-00,0.0040,1.00,no
2026-10-05T02:55:21.845573Z,KXSILVER15M-26OCT042300-00,0.0040,1.00,no
2026-10-05T02:55:21.845573Z,KXSILVER15M-26OCT042300-00,0.0040,1.00,no
2026-10-05T02:55:25.436676Z,KXSILVER15M-26OCT042300-00,0.0050,1000.00,no
2026-10-05T02:55:33.927347Z,KXSILVER15M-26OCT042300-00,0.0040,24.75,yes
2026-10-05T02:55:34.388642Z,KXSILVER15M-26OCT042300-00,0.0030,5.01,no
2026-10-05T02:55:37.210365Z,KXSILVER15M-26OCT042300-00,0.0040,229.04,yes
2026-10-05T02:55:47.810173Z,KXSILVER15M-26OCT042300-00,0.0050,121.97,yes
2026-10-05T02:55:47.810173Z,KXSILVER15M-26OCT042300-00,0.0050,5.00,yes
2026-10-05T02:55:47.810173Z,KXSILVER15M-26OCT042300-00,0.0050,60.00,yes
2026-10-05T02:55:49.760827Z,KXSILVER15M-26OCT042300-00,0.0030,10.00,no
2026-10-05T02:55:54.825932Z,KXSILVER15M-26OCT042300-00,0.0050,10.00,yes
2026-10-05T02:55:54.825932Z,KXSILVER15M-26OCT042300-00,0.0070,60.00,yes
2026-10-05T02:55:54.825932Z,KXSILVER15M-26OCT042300-00,0.0070,35.57,yes
2026-10-05T02:55:54.825932Z,KXSILVER15M-26OCT042300-00,0.0070,30.00,yes
2026-10-05T02:55:59.960216Z,KXSILVER15M-26OCT042300-00,0.0030,500.00,no
2026-10-05T02:56:01.831959Z,KXSILVER15M-26OCT042300-00,0.0050,18.69,yes
2026-10-05T02:56:02.088287Z,KXSILVER15M-26OCT042300-00,0.0060,64.00,yes
2026-10-05T02:56:02.088287Z,KXSILVER15M-26OCT042300-00,0.0090,128.93,yes
2026-10-05T02:56:02.088287Z,KXSILVER15M-26OCT042300-00,0.0070,30.00,yes
2026-10-05T02:56:02.088287Z,KXSILVER15M-26OCT042300-00,0.0070,60.00,yes
2026-10-05T02:56:02.088287Z,KXSILVER15M-26OCT042300-00,0.0050,481.31,yes
2026-10-05T02:56:06.087901Z,KXSILVER15M-26OCT042300-00,0.0050,300.00,yes
2026-10-05T02:56:12.096304Z,KXSILVER15M-26OCT042300-00,0.0070,97.51,yes
2026-10-05T02:56:12.096304Z,KXSILVER15M-26OCT042300-00,0.0060,42.00,yes
2026-10-05T02:56:16.093832Z,KXSILVER15M-26OCT042300-00,0.0070,40.90,yes
2026-10-05T02:56:16.093832Z,KXSILVER15M-26OCT042300-00,0.0070,60.00,yes
2026-10-05T02:56:16.093832Z,KXSILVER15M-26OCT042300-00,0.0070,30.00,yes
2026-10-05T02:56:16.570252Z,KXSILVER15M-26OCT042300-00,0.0060,4.01,yes
2026-10-05T02:56:23.713148Z,KXSILVER15M-26OCT042300-00,0.0050,49.00,yes
2026-10-05T02:56:23.713148Z,KXSILVER15M-26OCT042300-00,0.0070,166.97,yes
2026-10-05T02:56:23.713148Z,KXSILVER15M-26OCT042300-00,0.0050,60.00,yes
2026-10-05T02:56:23.713148Z,KXSILVER15M-26OCT042300-00,0.0050,30.00,yes
2026-10-05T02:56:25.262304Z,KXSILVER15M-26OCT042300-00,0.0030,3.97,no
2026-10-05T02:56:38.58047Z,KXSILVER15M-26OCT042300-00,0.0030,69.35,no
2026-10-05T02:57:00.142738Z,KXSILVER15M-26OCT042300-00,0.0030,588.33,no
2026-10-05T02:57:00.142738Z,KXSILVER15M-26OCT042300-00,0.0030,9411.67,no
2026-10-05T02:57:00.154055Z,KXSILVER15M-26OCT042300-00,0.0030,15.00,no
2026-10-05T02:57:04.98996Z,KXSILVER15M-26OCT042300-00,0.0030,4.01,no
2026-10-05T02:57:05.040184Z,KXSILVER15M-26OCT042300-00,0.0050,96.97,yes
2026-10-05T02:57:05.040184Z,KXSILVER15M-26OCT042300-00,0.0050,60.00,yes
2026-10-05T02:57:05.040184Z,KXSILVER15M-26OCT042300-00,0.0050,30.00,yes
2026-10-05T02:57:10.563534Z,KXSILVER15M-26OCT042300-00,0.0030,2.00,no
2026-10-05T02:57:10.563534Z,KXSILVER15M-26OCT042300-00,0.0030,18.00,no
2026-10-05T02:57:10.563534Z,KXSILVER15M-26OCT042300-00,0.0030,2.00,no
2026-10-05T02:57:10.563534Z,KXSILVER15M-26OCT042300-00,0.0030,2.00,no
2026-10-05T02:57:10.563534Z,KXSILVER15M-26OCT042300-00,0.0030,2.00,no
2026-10-05T02:57:10.563534Z,KXSILVER15M-26OCT042300-00,0.0030,2.00,no
2026-10-05T02:57:10.563534Z,KXSILVER15M-26OCT042300-00,0.0030,142.66,no
2026-10-05T02:57:10.563534Z,KXSILVER15M-26OCT042300-00,0.0020,95.23,no
2026-10-05T02:57:10.563534Z,KXSILVER15M-26OCT042300-00,0.0030,1.00,no
2026-10-05T02:57:10.563534Z,KXSILVER15M-26OCT042300-00,0.0030,9.00,no
2026-10-05T02:57:10.563534Z,KXSILVER15M-26OCT042300-00,0.0030,150.00,no
2026-10-05T02:57:13.608025Z,KXSILVER15M-26OCT042300-00,0.0050,186.97,yes
2026-10-05T02:57:19.287327Z,KXSILVER15M-26OCT042300-00,0.0050,3.72,yes
2026-10-05T02:57:23.527253Z,KXSILVER15M-26OCT042300-00,0.0040,229.04,yes
2026-10-05T02:57:33.389877Z,KXSILVER15M-26OCT042300-00,0.0030,142.66,yes
2026-10-05T02:57:33.389877Z,KXSILVER15M-26OCT042300-00,0.0030,4.01,yes
2026-10-05T02:57:33.389877Z,KXSILVER15M-26OCT042300-00,0.0030,359.29,yes
2026-10-05T02:57:33.389877Z,KXSILVER15M-26OCT042300-00,0.0030,15.00,yes
2026-10-05T02:57:33.43614Z,KXSILVER15M-26OCT042300-00,0.0030,1.00,no
2026-10-05T02:57:33.694374Z,KXSILVER15M-26OCT042300-00,0.0050,3.06,yes
2026-10-05T02:57:35.040243Z,KXSILVER15M-26OCT042300-00,0.0050,3.19,yes
2026-10-05T02:57:35.950051Z,KXSILVER15M-26OCT042300-00,0.0050,186.97,yes
2026-10-05T02:57:39.029356Z,KXSILVER15M-26OCT042300-00,0.0030,6.23,no
2026-10-05T02:57:40.640158Z,KXSILVER15M-26OCT042300-00,0.0050,41.13,yes
2026-10-05T02:57:45.376138Z,KXSILVER15M-26OCT042300-00,0.0050,1869.77,yes
2026-10-05T02:57:45.724411Z,KXSILVER15M-26OCT042300-00,0.0050,186.97,yes
2026-10-05T02:57:51.9759Z,KXSILVER15M-26OCT042300-00,0.0050,50.00,yes
2026-10-05T02:57:52.69564Z,KXSILVER15M-26OCT042300-00,0.0030,53.66,no
2026-10-05T02:57:56.739059Z,KXSILVER15M-26OCT042300-00,0.0050,186.97,yes
2026-10-05T02:58:00.515609Z,KXSILVER15M-26OCT042300-00,0.0050,186.97,yes
2026-10-05T02:58:12.673868Z,KXSILVER15M-26OCT042300-00,0.0050,3.00,yes
2026-10-05T02:58:14.19684Z,KXSILVER15M-26OCT042300-00,0.0030,39.00,no
2026-10-05T02:58:16.815062Z,KXSILVER15M-26OCT042300-00,0.0050,186.97,yes
2026-10-05T02:58:16.992933Z,KXSILVER15M-26OCT042300-00,0.0030,50.00,no
2026-10-05T02:58:17.07493Z,KXSILVER15M-26OCT042300-00,0.0050,186.97,yes
2026-10-05T02:58:17.260856Z,KXSILVER15M-26OCT042300-00,0.0030,50.00,no
2026-10-05T02:58:17.5246Z,KXSILVER15M-26OCT042300-00,0.0030,50.00,no
2026-10-05T02:58:22.787937Z,KXSILVER15M-26OCT042300-00,0.0050,18.00,yes
2026-10-05T02:58:24.003031Z,KXSILVER15M-26OCT042300-00,0.0050,229.05,yes
2026-10-05T02:58:25.610623Z,KXSILVER15M-26OCT042300-00,0.0030,166.00,no
2026-10-05T02:58:31.895657Z,KXSILVER15M-26OCT042300-00,0.0030,24.56,no
2026-10-05T02:58:31.933443Z,KXSILVER15M-26OCT042300-00,0.0050,186.97,yes
2026-10-05T02:58:33.628317Z,KXSILVER15M-26OCT042300-00,0.0030,2.00,no
2026-10-05T02:58:34.00697Z,KXSILVER15M-26OCT042300-00,0.0050,1.87,yes
2026-10-05T02:58:34.163089Z,KXSILVER15M-26OCT042300-00,0.0050,1.00,yes
2026-10-05T02:58:35.364168Z,KXSILVER15M-26OCT042300-00,0.0030,1.00,no
2026-10-05T02:58:35.967472Z,KXSILVER15M-26OCT042300-00,0.0030,1.00,no
2026-10-05T02:58:36.940132Z,KXSILVER15M-26OCT042300-00,0.0050,186.97,yes
2026-10-05T02:58:41.926318Z,KXSILVER15M-26OCT042300-00,0.0030,3.06,no
2026-10-05T02:58:43.565552Z,KXSILVER15M-26OCT042300-00,0.0040,10.00,yes
2026-10-05T02:58:43.565552Z,KXSILVER15M-26OCT042300-00,0.0050,1699.63,yes
2026-10-05T02:58:43.565552Z,KXSILVER15M-26OCT042300-00,0.0040,22.00,yes
2026-10-05T02:58:43.565552Z,KXSILVER15M-26OCT042300-00,0.0040,38.00,yes
2026-10-05T02:58:43.565552Z,KXSILVER15M-26OCT042300-00,0.0040,142.00,yes
2026-10-05T02:58:44.526897Z,KXSILVER15M-26OCT042300-00,0.0050,882.53,yes
2026-10-05T02:58:44.526897Z,KXSILVER15M-26OCT042300-00,0.0040,33.00,yes
2026-10-05T02:58:44.526897Z,KXSILVER15M-26OCT042300-00,0.0040,22.00,yes
2026-10-05T02:58:44.526897Z,KXSILVER15M-26OCT042300-00,0.0040,10.00,yes
2026-10-05T02:58:45.201111Z,KXSILVER15M-26OCT042300-00,0.0030,31.53,no
2026-10-05T02:58:45.201111Z,KXSILVER15M-26OCT042300-00,0.0030,9.00,no
2026-10-05T02:58:48.91615Z,KXSILVER15M-26OCT042300-00,0.0030,75.00,yes
2026-10-05T02:58:54.725771Z,KXSILVER15M-26OCT042300-00,0.0020,500.00,no
2026-10-05T02:58:55.278942Z,KXSILVER15M-26OCT042300-00,0.0020,0.89,no
2026-10-05T02:58:56.03504Z,KXSILVER15M-26OCT042300-00,0.0030,0.77,yes
2026-10-05T02:58:59.78264Z,KXSILVER15M-26OCT042300-00,0.0020,60.00,no
2026-10-05T02:59:00.020869Z,KXSILVER15M-26OCT042300-00,0.0020,250.00,no
2026-10-05T02:59:01.006147Z,KXSILVER15M-26OCT042300-00,0.0020,55.00,no
2026-10-05T02:59:09.154971Z,KXSILVER15M-26OCT042300-00,0.0020,20.03,no
2026-10-05T02:59:10.364982Z,KXSILVER15M-26OCT042300-00,0.0020,1.00,no
2026-10-05T02:59:10.364982Z,KXSILVER15M-26OCT042300-00,0.0020,1.00,no
2026-10-05T02:59:10.364982Z,KXSILVER15M-26OCT042300-00,0.0020,1.00,no
2026-10-05T02:59:10.364982Z,KXSILVER15M-26OCT042300-00,0.0020,26.00,no
2026-10-05T02:59:10.364982Z,KXSILVER15M-26OCT042300-00,0.0020,3.00,no
2026-10-05T02:59:10.364982Z,KXSILVER15M-26OCT042300-00,0.0020,3.00,no
2026-10-05T02:59:10.364982Z,KXSILVER15M-26OCT042300-00,0.0020,3.00,no
2026-10-05T02:59:10.364982Z,KXSILVER15M-26OCT042300-00,0.0020,3.00,no
2026-10-05T02:59:10.364982Z,KXSILVER15M-26OCT042300-00,0.0020,3.00,no
2026-10-05T02:59:10.364982Z,KXSILVER15M-26OCT042300-00,0.0020,218.85,no
2026-10-05T02:59:10.364982Z,KXSILVER15M-26OCT042300-00,0.0020,2000.00,no
2026-10-05T02:59:12.753935Z,KXSILVER15M-26OCT042300-00,0.0010,39.00,no
2026-10-05T02:59:12.858911Z,KXSILVER15M-26OCT042300-00,0.0020,20.03,yes
2026-10-05T02:59:16.705983Z,KXSILVER15M-26OCT042300-00,0.0010,20.01,no
2026-10-05T02:59:20.190767Z,KXSILVER15M-26OCT042300-00,0.0010,12.97,no
2026-10-05T02:59:20.598163Z,KXSILVER15M-26OCT042300-00,0.0020,174.64,yes
2026-10-05T02:59:21.22693Z,KXSILVER15M-26OCT042300-00,0.0020,20.01,yes
2026-10-05T02:59:25.095606Z,KXSILVER15M-26OCT042300-00,0.0010,20.01,no
2026-10-05T02:59:29.072695Z,KXSILVER15M-26OCT042300-00,0.0020,20.01,yes
2026-10-05T02:59:31.977077Z,KXSILVER15M-26OCT042300-00,0.0010,17.06,no
2026-10-05T02:59:35.089111Z,KXSILVER15M-26OCT042300-00,0.0010,20.01,no
2026-10-05T02:59:38.100282Z,KXSILVER15M-26OCT042300-00,0.0010,150.13,no
2026-10-05T02:59:38.65941Z,KXSILVER15M-26OCT042300-00,0.0020,20.01,yes
2026-10-05T02:59:38.980765Z,KXSILVER15M-26OCT042300-00,0.0010,10.00,no
2026-10-05T02:59:38.980765Z,KXSILVER15M-26OCT042300-00,0.0010,1.00,no
2026-10-05T02:59:38.980765Z,KXSILVER15M-26OCT042300-00,0.0010,1.00,no
2026-10-05T02:59:38.980765Z,KXSILVER15M-26OCT042300-00,0.0010,220.81,no
2026-10-05T02:59:39.076897Z,KXSILVER15M-26OCT042300-00,0.0010,188.93,yes
2026-10-05T02:59:50.408833Z,KXSILVER15M-26OCT042300-00,0.0020,5.01,yes
2026-10-05T02:59:58.839944Z,KXSILVER15M-26OCT042300-00,0.0020,39.00,yes
2026-10-05T02:59:58.839944Z,KXSILVER15M-26OCT042300-00,0.0020,26.00,yes
2026-10-05T02:54:33.416724Z,KXUSDJPY15M-26OCT042300-30,0.9900,1.00,yes
2026-10-05T02:54:51.447812Z,KXUSDJPY15M-26OCT042300-30,0.9900,5.04,yes
2026-10-05T02:54:57.680371Z,KXUSDJPY15M-26OCT042300-30,0.9800,1.00,no
2026-10-05T02:54:57.680371Z,KXUSDJPY15M-26OCT042300-30,0.9800,30.00,no
2026-10-05T02:54:57.680371Z,KXUSDJPY15M-26OCT042300-30,0.9800,60.00,no
2026-10-05T02:54:57.680371Z,KXUSDJPY15M-26OCT042300-30,0.9800,5.04,no
2026-10-05T02:54:57.680371Z,KXUSDJPY15M-26OCT042300-30,0.9800,1.10,no
2026-10-05T02:54:57.680371Z,KXUSDJPY15M-26OCT042300-30,0.9500,53.44,no
2026-10-05T02:54:57.680371Z,KXUSDJPY15M-26OCT042300-30,0.9800,50.00,no
2026-10-05T02:55:14.970359Z,KXUSDJPY15M-26OCT042300-30,0.9900,0.14,yes
2026-10-05T02:55:14.970359Z,KXUSDJPY15M-26OCT042300-30,0.9900,1.00,yes
2026-10-05T02:55:14.970359Z,KXUSDJPY15M-26OCT042300-30,0.9900,2.86,yes
2026-10-05T02:55:14.970359Z,KXUSDJPY15M-26OCT042300-30,0.9900,80.00,yes
2026-10-05T02:55:14.970359Z,KXUSDJPY15M-26OCT042300-30,0.9900,2.00,yes
2026-10-05T02:55:14.970359Z,KXUSDJPY15M-26OCT042300-30,0.9900,1.00,yes
2026-10-05T02:55:36.325157Z,KXUSDJPY15M-26OCT042300-30,0.9900,10.28,no
2026-10-05T02:55:55.708083Z,KXUSDJPY15M-26OCT042300-30,0.9900,23.37,no
2026-10-05T02:56:18.029267Z,KXUSDJPY15M-26OCT042300-30,0.9900,30.00,no
2026-10-05T02:56:18.029267Z,KXUSDJPY15M-26OCT042300-30,0.9900,16.75,no
2026-10-05T02:57:04.713091Z,KXUSDJPY15M-26OCT042300-30,0.9800,1.40,no
2026-10-05T02:57:04.713091Z,KXUSDJPY15M-26OCT042300-30,0.9900,30.00,no
2026-10-05T02:57:04.713091Z,KXUSDJPY15M-26OCT042300-30,0.9900,60.00,no
2026-10-05T02:57:22.299129Z,KXUSDJPY15M-26OCT042300-30,0.9800,2.86,no
2026-10-05T02:57:22.299129Z,KXUSDJPY15M-26OCT042300-30,0.9800,2.00,no
2026-10-05T02:57:22.299129Z,KXUSDJPY15M-26OCT042300-30,0.9900,10.00,no
2026-10-05T02:57:22.299129Z,KXUSDJPY15M-26OCT042300-30,0.9800,33.33,no
2026-10-05T02:57:22.299129Z,KXUSDJPY15M-26OCT042300-30,0.9900,30.00,no
2026-10-05T02:57:22.299129Z,KXUSDJPY15M-26OCT042300-30,0.9900,60.00,no
2026-10-05T02:58:14.692056Z,KXUSDJPY15M-26OCT042300-30,0.9800,50.00,no
2026-10-05T02:58:14.692056Z,KXUSDJPY15M-26OCT042300-30,0.9900,30.00,no
2026-10-05T02:58:14.692056Z,KXUSDJPY15M-26OCT042300-30,0.9900,60.00,no
2026-10-05T02:58:14.692056Z,KXUSDJPY15M-26OCT042300-30,0.9600,9.13,no
2026-10-05T02:58:14.692056Z,KXUSDJPY15M-26OCT042300-30,0.9700,80.00,no
2026-10-05T02:58:15.063068Z,KXUSDJPY15M-26OCT042300-30,0.9900,80.00,yes
2026-10-05T02:59:52.480379Z,KXUSDJPY15M-26OCT042300-30,0.9900,3.00,no
2026-10-05T02:59:52.480379Z,KXUSDJPY15M-26OCT042300-30,0.9900,3.00,no
2026-10-05T02:59:52.480379Z,KXUSDJPY15M-26OCT042300-30,0.9900,3.00,no
2026-10-05T02:59:52.480379Z,KXUSDJPY15M-26OCT042300-30,0.9700,22.90,no
2026-10-05T02:59:52.480379Z,KXUSDJPY15M-26OCT042300-30,0.9900,3.00,no
2026-10-05T02:59:52.480379Z,KXUSDJPY15M-26OCT042300-30,0.9900,3.00,no
2026-10-05T02:59:52.480379Z,KXUSDJPY15M-26OCT042300-30,0.9900,3.00,no
2026-10-05T02:54:30.275974Z,KXNEAR15M-26OCT042300-00,0.0690,8.86,yes
2026-10-05T02:54:30.275974Z,KXNEAR15M-26OCT042300-00,0.0690,15.04,yes
2026-10-05T02:54:30.275974Z,KXNEAR15M-26OCT042300-00,0.0690,8.86,yes
2026-10-05T02:54:30.337187Z,KXNEAR15M-26OCT042300-00,0.0660,5.04,no
2026-10-05T02:54:30.460208Z,KXNEAR15M-26OCT042300-00,0.0640,0.91,no
2026-10-05T02:54:30.460208Z,KXNEAR15M-26OCT042300-00,0.0660,0.03,no
2026-10-05T02:54:30.460208Z,KXNEAR15M-26OCT042300-00,0.0640,0.03,no
2026-10-05T02:54:30.460208Z,KXNEAR15M-26OCT042300-00,0.0650,0.03,no
2026-10-05T02:54:32.387084Z,KXNEAR15M-26OCT042300-00,0.0500,1.00,no
2026-10-05T02:54:32.387084Z,KXNEAR15M-26OCT042300-00,0.0500,9.00,no
2026-10-05T02:54:34.377879Z,KXNEAR15M-26OCT042300-00,0.0600,3.62,yes
2026-10-05T02:54:35.519246Z,KXNEAR15M-26OCT042300-00,0.0590,5.00,no
2026-10-05T02:54:35.519246Z,KXNEAR15M-26OCT042300-00,0.0590,5.00,no
2026-10-05T02:54:35.519246Z,KXNEAR15M-26OCT042300-00,0.0590,3.00,no
2026-10-05T02:54:35.519246Z,KXNEAR15M-26OCT042300-00,0.0580,26.74,no
2026-10-05T02:54:38.436963Z,KXNEAR15M-26OCT042300-00,0.0590,11.22,yes
2026-10-05T02:54:38.677441Z,KXNEAR15M-26OCT042300-00,0.0590,32.92,yes
2026-10-05T02:54:40.100956Z,KXNEAR15M-26OCT042300-00,0.0590,3.97,yes
2026-10-05T02:54:57.786592Z,KXNEAR15M-26OCT042300-00,0.0450,0.03,no
2026-10-05T02:54:57.786592Z,KXNEAR15M-26OCT042300-00,0.0430,0.03,no
2026-10-05T02:54:57.786592Z,KXNEAR15M-26OCT042300-00,0.0440,0.03,no
2026-10-05T02:54:57.786592Z,KXNEAR15M-26OCT042300-00,0.0450,5.00,no
2026-10-05T02:54:57.786592Z,KXNEAR15M-26OCT042300-00,0.0440,2.00,no
2026-10-05T02:54:57.786592Z,KXNEAR15M-26OCT042300-00,0.0440,1.00,no
2026-10-05T02:54:57.786592Z,KXNEAR15M-26OCT042300-00,0.0430,1.00,no
2026-10-05T02:54:57.786592Z,KXNEAR15M-26OCT042300-00,0.0470,1.00,no
2026-10-05T02:54:57.786592Z,KXNEAR15M-26OCT042300-00,0.0450,1.00,no
2026-10-05T02:54:57.786592Z,KXNEAR15M-26OCT042300-00,0.0480,1.00,no
2026-10-05T02:54:57.786592Z,KXNEAR15M-26OCT042300-00,0.0460,1.00,no
2026-10-05T02:54:59.020918Z,KXNEAR15M-26OCT042300-00,0.0420,1.00,no
2026-10-05T02:55:01.061817Z,KXNEAR15M-26OCT042300-00,0.0410,1.00,no
2026-10-05T02:55:05.012122Z,KXNEAR15M-26OCT042300-00,0.0400,1.00,no
2026-10-05T02:55:05.560206Z,KXNEAR15M-26OCT042300-00,0.0390,1.00,no
2026-10-05T02:55:05.560206Z,KXNEAR15M-26OCT042300-00,0.0360,1.00,no
2026-10-05T02:55:05.560206Z,KXNEAR15M-26OCT042300-00,0.0380,1.00,no
2026-10-05T02:55:05.560206Z,KXNEAR15M-26OCT042300-00,0.0370,1.00,no
2026-10-05T02:55:05.560206Z,KXNEAR15M-26OCT042300-00,0.0350,1.00,no
2026-10-05T02:55:06.164896Z,KXNEAR15M-26OCT042300-00,0.0430,55.00,yes
2026-10-05T02:55:06.172221Z,KXNEAR15M-26OCT042300-00,0.0430,2.00,yes
2026-10-05T02:55:06.385335Z,KXNEAR15M-26OCT042300-00,0.0430,1.00,yes
2026-10-05T02:55:07.61749Z,KXNEAR15M-26OCT042300-00,0.0420,8.94,no
2026-10-05T02:55:08.466046Z,KXNEAR15M-26OCT042300-00,0.0390,1.03,no
2026-10-05T02:55:12.3991Z,KXNEAR15M-26OCT042300-00,0.0380,1.03,no
2026-10-05T02:55:12.3991Z,KXNEAR15M-26OCT042300-00,0.0390,1.00,no
2026-10-05T02:55:12.3991Z,KXNEAR15M-26OCT042300-00,0.0380,2.00,no
2026-10-05T02:55:12.3991Z,KXNEAR15M-26OCT042300-00,0.0390,0.97,no
2026-10-05T02:55:12.399205Z,KXNEAR15M-26OCT042300-00,0.0380,0.97,no
2026-10-05T02:55:12.399205Z,KXNEAR15M-26OCT042300-00,0.0360,2.00,no
2026-10-05T02:55:12.399205Z,KXNEAR15M-26OCT042300-00,0.0370,1.00,no
2026-10-05T02:55:12.399205Z,KXNEAR15M-26OCT042300-00,0.0370,3.00,no
2026-10-05T02:55:12.399614Z,KXNEAR15M-26OCT042300-00,0.0350,1.00,no
2026-10-05T02:55:12.465146Z,KXNEAR15M-26OCT042300-00,0.0340,0.03,no
2026-10-05T02:55:12.465146Z,KXNEAR15M-26OCT042300-00,0.0340,4.00,no
2026-10-05T02:55:12.465146Z,KXNEAR15M-26OCT042300-00,0.0340,1.00,no
2026-10-05T02:55:12.821431Z,KXNEAR15M-26OCT042300-00,0.0330,1.00,no
2026-10-05T02:55:13.030095Z,KXNEAR15M-26OCT042300-00,0.0320,1.00,no
2026-10-05T02:55:13.114408Z,KXNEAR15M-26OCT042300-00,0.0310,1.00,no
2026-10-05T02:55:13.290624Z,KXNEAR15M-26OCT042300-00,0.0300,6.00,no
2026-10-05T02:55:13.290624Z,KXNEAR15M-26OCT042300-00,0.0300,12.00,no
2026-10-05T02:55:13.30119Z,KXNEAR15M-26OCT042300-00,0.0300,0.66,no
2026-10-05T02:55:13.30119Z,KXNEAR15M-26OCT042300-00,0.0290,0.34,no
2026-10-05T02:55:13.768563Z,KXNEAR15M-26OCT042300-00,0.0260,0.34,no
2026-10-05T02:55:13.768563Z,KXNEAR15M-26OCT042300-00,0.0270,1.00,no
2026-10-05T02:55:13.768563Z,KXNEAR15M-26OCT042300-00,0.0280,1.00,no
2026-10-05T02:55:13.768563Z,KXNEAR15M-26OCT042300-00,0.0260,1.00,no
2026-10-05T02:55:13.768563Z,KXNEAR15M-26OCT042300-00,0.0290,0.66,no
2026-10-05T02:55:15.996071Z,KXNEAR15M-26OCT042300-00,0.0270,1.00,yes
2026-10-05T02:55:15.996071Z,KXNEAR15M-26OCT042300-00,0.0270,1.00,yes
2026-10-05T02:55:16.097548Z,KXNEAR15M-26OCT042300-00,0.0270,1.00,yes
2026-10-05T02:55:16.109025Z,KXNEAR15M-26OCT042300-00,0.0260,3.00,no
2026-10-05T02:55:16.109025Z,KXNEAR15M-26OCT042300-00,0.0250,1.00,no
2026-10-05T02:55:16.109025Z,KXNEAR15M-26OCT042300-00,0.0250,9.00,no
2026-10-05T02:55:16.435532Z,KXNEAR15M-26OCT042300-00,0.0240,8.00,no
2026-10-05T02:55:16.435532Z,KXNEAR15M-26OCT042300-00,0.0240,1.00,no
2026-10-05T02:55:16.435532Z,KXNEAR15M-26OCT042300-00,0.0250,1.00,no
2026-10-05T02:55:16.446374Z,KXNEAR15M-26OCT042300-00,0.0200,10.00,no
2026-10-05T02:55:16.446374Z,KXNEAR15M-26OCT042300-00,0.0200,0.95,no
2026-10-05T02:55:16.446374Z,KXNEAR15M-26OCT042300-00,0.0200,11.00,no
2026-10-05T02:55:16.446374Z,KXNEAR15M-26OCT042300-00,0.0210,1.00,no
2026-10-05T02:55:16.446374Z,KXNEAR15M-26OCT042300-00,0.0200,1.00,no
2026-10-05T02:55:16.446374Z,KXNEAR15M-26OCT042300-00,0.0230,1.00,no
2026-10-05T02:55:16.446374Z,KXNEAR15M-26OCT042300-00,0.0220,1.00,no
2026-10-05T02:55:16.446374Z,KXNEAR15M-26OCT042300-00,0.0210,1.00,no
2026-10-05T02:55:17.141057Z,KXNEAR15M-26OCT042300-00,0.0190,5.00,no
2026-10-05T02:55:18.349251Z,KXNEAR15M-26OCT042300-00,0.0150,5.00,no
2026-10-05T02:55:18.349251Z,KXNEAR15M-26OCT042300-00,0.0160,5.00,no
2026-10-05T02:55:18.349251Z,KXNEAR15M-26OCT042300-00,0.0150,10.00,no
2026-10-05T02:55:18.349251Z,KXNEAR15M-26OCT042300-00,0.0160,10.00,no
2026-10-05T02:55:18.364849Z,KXNEAR15M-26OCT042300-00,0.0140,10.00,no
2026-10-05T02:55:18.370896Z,KXNEAR15M-26OCT042300-00,0.0150,2.00,yes
2026-10-05T02:55:18.686896Z,KXNEAR15M-26OCT042300-00,0.0150,2.00,yes
2026-10-05T02:55:19.079391Z,KXNEAR15M-26OCT042300-00,0.0140,6.00,no
2026-10-05T02:55:19.079391Z,KXNEAR15M-26OCT042300-00,0.0140,6.00,no
2026-10-05T02:55:19.079391Z,KXNEAR15M-26OCT042300-00,0.0130,8.00,no
2026-10-05T02:55:19.090066Z,KXNEAR15M-26OCT042300-00,0.0120,6.00,no
2026-10-05T02:55:19.090066Z,KXNEAR15M-26OCT042300-00,0.0130,7.00,no
2026-10-05T02:55:19.090066Z,KXNEAR15M-26OCT042300-00,0.0130,5.00,no
2026-10-05T02:55:19.090066Z,KXNEAR15M-26OCT042300-00,0.0130,2.00,no
2026-10-05T02:55:19.190289Z,KXNEAR15M-26OCT042300-00,0.0120,4.00,no
2026-10-05T02:55:19.190289Z,KXNEAR15M-26OCT042300-00,0.0120,1.00,no
2026-10-05T02:55:19.190289Z,KXNEAR15M-26OCT042300-00,0.0120,10.00,no
2026-10-05T02:55:19.190289Z,KXNEAR15M-26OCT042300-00,0.0120,3.00,no
2026-10-05T02:55:19.190289Z,KXNEAR15M-26OCT042300-00,0.0110,10.00,no
2026-10-05T02:55:19.190289Z,KXNEAR15M-26OCT042300-00,0.0110,71.00,no
2026-10-05T02:55:19.190289Z,KXNEAR15M-26OCT042300-00,0.0110,1.00,no
2026-10-05T02:55:19.812987Z,KXNEAR15M-26OCT042300-00,0.0110,10.00,no
2026-10-05T02:55:21.991549Z,KXNEAR15M-26OCT042300-00,0.0110,16.00,no
2026-10-05T02:55:22.001619Z,KXNEAR15M-26OCT042300-00,0.0110,1.00,no
2026-10-05T02:55:22.11669Z,KXNEAR15M-26OCT042300-00,0.0100,3.95,no
2026-10-05T02:55:22.11669Z,KXNEAR15M-26OCT042300-00,0.0100,20.00,no
2026-10-05T02:55:22.11669Z,KXNEAR15M-26OCT042300-00,0.0110,1.00,no
2026-10-05T02:55:22.11669Z,KXNEAR15M-26OCT042300-00,0.0110,20.00,no
2026-10-05T02:55:22.11669Z,KXNEAR15M-26OCT042300-00,0.0110,2.00,no
2026-10-05T02:55:22.11669Z,KXNEAR15M-26OCT042300-00,0.0110,2.00,no
2026-10-05T02:55:22.11669Z,KXNEAR15M-26OCT042300-00,0.0110,2.00,no
2026-10-05T02:55:22.11669Z,KXNEAR15M-26OCT042300-00,0.0110,10.00,no
2026-10-05T02:55:22.11669Z,KXNEAR15M-26OCT042300-00,0.0100,75.00,no
2026-10-05T02:55:22.11669Z,KXNEAR15M-26OCT042300-00,0.0100,10.00,no
2026-10-05T02:55:22.209952Z,KXNEAR15M-26OCT042300-00,0.0110,10.00,yes
2026-10-05T02:55:22.209952Z,KXNEAR15M-26OCT042300-00,0.0110,1.00,yes
2026-10-05T02:55:22.630112Z,KXNEAR15M-26OCT042300-00,0.0100,8.00,no
2026-10-05T02:55:22.630112Z,KXNEAR15M-26OCT042300-00,0.0100,2.00,no
2026-10-05T02:55:23.066706Z,KXNEAR15M-26OCT042300-00,0.0100,67.00,no
2026-10-05T02:55:24.720698Z,KXNEAR15M-26OCT042300-00,0.0100,19.00,yes
2026-10-05T02:55:24.720737Z,KXNEAR15M-26OCT042300-00,0.0100,19.00,yes
2026-10-05T02:55:24.848904Z,KXNEAR15M-26OCT042300-00,0.0100,3.00,yes
2026-10-05T02:55:26.130191Z,KXNEAR15M-26OCT042300-00,0.0100,31.61,yes
2026-10-05T02:55:26.130191Z,KXNEAR15M-26OCT042300-00,0.0100,2.00,yes
2026-10-05T02:55:26.222518Z,KXNEAR15M-26OCT042300-00,0.0100,3.00,yes
2026-10-05T02:55:26.325887Z,KXNEAR15M-26OCT042300-00,0.0100,1.00,yes
2026-10-05T02:55:27.530828Z,KXNEAR15M-26OCT042300-00,0.0100,20.97,yes
2026-10-05T02:55:27.905165Z,KXNEAR15M-26OCT042300-00,0.0100,3.00,yes
2026-10-05T02:55:27.980661Z,KXNEAR15M-26OCT042300-00,0.0100,5.00,yes
2026-10-05T02:55:28.234259Z,KXNEAR15M-26OCT042300-00,0.0100,2.00,yes
2026-10-05T02:55:31.797971Z,KXNEAR15M-26OCT042300-00,0.0100,44.42,yes
2026-10-05T02:55:31.797971Z,KXNEAR15M-26OCT042300-00,0.0100,6.15,yes
2026-10-05T02:55:31.797971Z,KXNEAR15M-26OCT042300-00,0.0100,2.00,yes
2026-10-05T02:55:32.796894Z,KXNEAR15M-26OCT042300-00,0.0100,93.51,yes
2026-10-05T02:55:34.453534Z,KXNEAR15M-26OCT042300-00,0.0100,2.00,yes
2026-10-05T02:55:34.453534Z,KXNEAR15M-26OCT042300-00,0.0100,67.00,yes
2026-10-05T02:55:34.453534Z,KXNEAR15M-26OCT042300-00,0.0110,6.71,yes
2026-10-05T02:55:34.453534Z,KXNEAR15M-26OCT042300-00,0.0100,75.00,yes
2026-10-05T02:55:34.453534Z,KXNEAR15M-26OCT042300-00,0.0100,8.00,yes
2026-10-05T02:55:34.453534Z,KXNEAR15M-26OCT042300-00,0.0100,19.57,yes
2026-10-05T02:55:35.176318Z,KXNEAR15M-26OCT042300-00,0.0100,37.05,no
2026-10-05T02:55:40.026331Z,KXNEAR15M-26OCT042300-00,0.0110,2.90,yes
2026-10-05T02:55:40.50346Z,KXNEAR15M-26OCT042300-00,0.0090,4.00,no
2026-10-05T02:55:40.547868Z,KXNEAR15M-26OCT042300-00,0.0090,1.03,no
2026-10-05T02:55:40.669833Z,KXNEAR15M-26OCT042300-00,0.0090,4.00,no
2026-10-05T02:55:44.441633Z,KXNEAR15M-26OCT042300-00,0.0100,1.00,yes
2026-10-05T02:55:46.126015Z,KXNEAR15M-26OCT042300-00,0.0090,0.03,no
2026-10-05T02:55:46.126015Z,KXNEAR15M-26OCT042300-00,0.0090,0.97,no
2026-10-05T02:55:46.309817Z,KXNEAR15M-26OCT042300-00,0.0080,7.00,no
2026-10-05T02:55:48.291895Z,KXNEAR15M-26OCT042300-00,0.0080,3.00,no
2026-10-05T02:55:50.505357Z,KXNEAR15M-26OCT042300-00,0.0070,1.00,no
2026-10-05T02:55:50.560858Z,KXNEAR15M-26OCT042300-00,0.0070,1.00,no
2026-10-05T02:55:50.729941Z,KXNEAR15M-26OCT042300-00,0.0070,6.00,no
2026-10-05T02:55:51.267241Z,KXNEAR15M-26OCT042300-00,0.0070,2.00,no
2026-10-05T02:55:52.932863Z,KXNEAR15M-26OCT042300-00,0.0070,3.00,yes
2026-10-05T02:55:53.078296Z,KXNEAR15M-26OCT042300-00,0.0070,4.00,yes
2026-10-05T02:55:53.483613Z,KXNEAR15M-26OCT042300-00,0.0070,1.00,yes
2026-10-05T02:55:55.106623Z,KXNEAR15M-26OCT042300-00,0.0070,1.00,yes
2026-10-05T02:55:56.861546Z,KXNEAR15M-26OCT042300-00,0.0070,13.62,yes
2026-10-05T02:56:00.950381Z,KXNEAR15M-26OCT042300-00,0.0070,1.03,yes
2026-10-05T02:56:01.143857Z,KXNEAR15M-26OCT042300-00,0.0060,5.00,no
2026-10-05T02:56:01.351169Z,KXNEAR15M-26OCT042300-00,0.0060,4.00,no
2026-10-05T02:56:02.039352Z,KXNEAR15M-26OCT042300-00,0.0060,4.00,no
2026-10-05T02:56:02.039352Z,KXNEAR15M-26OCT042300-00,0.0060,1.00,no
2026-10-05T02:56:03.306622Z,KXNEAR15M-26OCT042300-00,0.0070,4.00,yes
2026-10-05T02:56:03.306622Z,KXNEAR15M-26OCT042300-00,0.0070,5.00,yes
2026-10-05T02:56:03.306622Z,KXNEAR15M-26OCT042300-00,0.0070,1.00,yes
2026-10-05T02:56:03.306622Z,KXNEAR15M-26OCT042300-00,0.0070,2.00,yes
2026-10-05T02:56:03.306622Z,KXNEAR15M-26OCT042300-00,0.0070,0.03,yes
2026-10-05T02:56:03.306622Z,KXNEAR15M-26OCT042300-00,0.0080,0.03,yes
2026-10-05T02:56:03.306622Z,KXNEAR15M-26OCT042300-00,0.0080,4.00,yes
2026-10-05T02:56:03.306622Z,KXNEAR15M-26OCT042300-00,0.0070,80.35,yes
2026-10-05T02:56:03.306622Z,KXNEAR15M-26OCT042300-00,0.0080,2.00,yes
2026-10-05T02:56:03.306622Z,KXNEAR15M-26OCT042300-00,0.0080,1.00,yes
2026-10-05T02:56:03.306622Z,KXNEAR15M-26OCT042300-00,0.0080,1.00,yes
2026-10-05T02:56:03.306622Z,KXNEAR15M-26OCT042300-00,0.0080,6.00,yes
2026-10-05T02:56:03.306622Z,KXNEAR15M-26OCT042300-00,0.0090,18.71,yes
2026-10-05T02:56:03.801972Z,KXNEAR15M-26OCT042300-00,0.0050,10.00,no
2026-10-05T02:56:03.801972Z,KXNEAR15M-26OCT042300-00,0.0050,6.00,no
2026-10-05T02:56:03.810707Z,KXNEAR15M-26OCT042300-00,0.0050,2.00,no
2026-10-05T02:56:04.12155Z,KXNEAR15M-26OCT042300-00,0.0050,1.00,no
2026-10-05T02:56:04.12155Z,KXNEAR15M-26OCT042300-00,0.0050,3.00,no
2026-10-05T02:56:04.128383Z,KXNEAR15M-26OCT042300-00,0.0050,2.00,no
2026-10-05T02:56:04.651175Z,KXNEAR15M-26OCT042300-00,0.0050,2.00,no
2026-10-05T02:56:04.651175Z,KXNEAR15M-26OCT042300-00,0.0050,4.00,no
2026-10-05T02:56:07.139459Z,KXNEAR15M-26OCT042300-00,0.0050,1.00,no
2026-10-05T02:56:07.139459Z,KXNEAR15M-26OCT042300-00,0.0050,1.00,no
2026-10-05T02:56:07.139459Z,KXNEAR15M-26OCT042300-00,0.0050,4.00,no
2026-10-05T02:56:09.338945Z,KXNEAR15M-26OCT042300-00,0.0050,2.00,no
2026-10-05T02:56:10.071035Z,KXNEAR15M-26OCT042300-00,0.0050,2.00,no
2026-10-05T02:56:11.38491Z,KXNEAR15M-26OCT042300-00,0.0050,3.97,no
2026-10-05T02:56:11.38491Z,KXNEAR15M-26OCT042300-00,0.0050,0.03,no
2026-10-05T02:56:11.485474Z,KXNEAR15M-26OCT042300-00,0.0050,1.03,no
2026-10-05T02:56:11.485474Z,KXNEAR15M-26OCT042300-00,0.0050,48.97,no
2026-10-05T02:56:11.614811Z,KXNEAR15M-26OCT042300-00,0.0050,2.00,no
2026-10-05T02:56:12.170955Z,KXNEAR15M-26OCT042300-00,0.0050,2.00,no
2026-10-05T02:56:12.177519Z,KXNEAR15M-26OCT042300-00,0.0050,1.00,no
2026-10-05T02:56:12.177519Z,KXNEAR15M-26OCT042300-00,0.0050,1.00,no
2026-10-05T02:56:12.290764Z,KXNEAR15M-26OCT042300-00,0.0050,4.97,no
2026-10-05T02:56:12.290764Z,KXNEAR15M-26OCT042300-00,0.0050,0.97,no
2026-10-05T02:56:12.290764Z,KXNEAR15M-26OCT042300-00,0.0050,0.03,no
2026-10-05T02:56:12.290764Z,KXNEAR15M-26OCT042300-00,0.0050,0.03,no
2026-10-05T02:56:13.723487Z,KXNEAR15M-26OCT042300-00,0.0040,2.00,no
2026-10-05T02:56:17.099208Z,KXNEAR15M-26OCT042300-00,0.0040,1.00,no
2026-10-05T02:56:18.081508Z,KXNEAR15M-26OCT042300-00,0.0040,6.00,no
2026-10-05T02:56:18.228504Z,KXNEAR15M-26OCT042300-00,0.0040,2.00,no
2026-10-05T02:56:19.803186Z,KXNEAR15M-26OCT042300-00,0.0040,1.00,no
2026-10-05T02:56:19.893629Z,KXNEAR15M-26OCT042300-00,0.0100,2.00,yes
2026-10-05T02:56:19.893629Z,KXNEAR15M-26OCT042300-00,0.0060,4.00,yes
2026-10-05T02:56:19.893629Z,KXNEAR15M-26OCT042300-00,0.0060,10.00,yes
2026-10-05T02:56:19.893629Z,KXNEAR15M-26OCT042300-00,0.0100,30.00,yes
2026-10-05T02:56:19.893629Z,KXNEAR15M-26OCT042300-00,0.0090,3.00,yes
2026-10-05T02:56:19.893629Z,KXNEAR15M-26OCT042300-00,0.0090,1.00,yes
2026-10-05T02:56:19.893629Z,KXNEAR15M-26OCT042300-00,0.0090,7.00,yes
2026-10-05T02:56:19.893629Z,KXNEAR15M-26OCT042300-00,0.0100,0.97,yes
2026-10-05T02:56:19.893629Z,KXNEAR15M-26OCT042300-00,0.0100,3.00,yes
2026-10-05T02:56:19.893629Z,KXNEAR15M-26OCT042300-00,0.0100,1.03,yes
2026-10-05T02:56:19.893629Z,KXNEAR15M-26OCT042300-00,0.0100,4.00,yes
2026-10-05T02:56:19.893629Z,KXNEAR15M-26OCT042300-00,0.0080,1.00,yes
2026-10-05T02:56:19.893629Z,KXNEAR15M-26OCT042300-00,0.0080,6.00,yes
2026-10-05T02:56:19.893629Z,KXNEAR15M-26OCT042300-00,0.0080,2.00,yes
2026-10-05T02:56:19.893629Z,KXNEAR15M-26OCT042300-00,0.0080,1.02,yes
2026-10-05T02:56:19.893629Z,KXNEAR15M-26OCT042300-00,0.0080,1.00,yes
2026-10-05T02:56:19.893629Z,KXNEAR15M-26OCT042300-00,0.0080,2.00,yes
2026-10-05T02:56:19.893629Z,KXNEAR15M-26OCT042300-00,0.0060,104.00,yes
2026-10-05T02:56:19.893629Z,KXNEAR15M-26OCT042300-00,0.0050,104.00,yes
2026-10-05T02:56:19.893629Z,KXNEAR15M-26OCT042300-00,0.0090,0.03,yes
2026-10-05T02:56:19.893629Z,KXNEAR15M-26OCT042300-00,0.0100,0.03,yes
2026-10-05T02:56:19.893629Z,KXNEAR15M-26OCT042300-00,0.0110,0.14,yes
2026-10-05T02:56:20.133376Z,KXNEAR15M-26OCT042300-00,0.0050,4.00,no
2026-10-05T02:56:20.271822Z,KXNEAR15M-26OCT042300-00,0.0050,10.00,no
2026-10-05T02:56:22.377933Z,KXNEAR15M-26OCT042300-00,0.0060,2.00,no
2026-10-05T02:56:22.377933Z,KXNEAR15M-26OCT042300-00,0.0060,1.00,no
2026-10-05T02:56:24.452554Z,KXNEAR15M-26OCT042300-00,0.0050,1.00,no
2026-10-05T02:56:27.608551Z,KXNEAR15M-26OCT042300-00,0.0060,1.00,no
2026-10-05T02:56:27.613679Z,KXNEAR15M-26OCT042300-00,0.0060,0.03,no
2026-10-05T02:56:27.621106Z,KXNEAR15M-26OCT042300-00,0.0050,1.00,no
2026-10-05T02:56:27.85003Z,KXNEAR15M-26OCT042300-00,0.0100,4.00,yes
2026-10-05T02:56:27.85003Z,KXNEAR15M-26OCT042300-00,0.0100,5.35,yes
2026-10-05T02:56:29.545546Z,KXNEAR15M-26OCT042300-00,0.0070,4.00,no
2026-10-05T02:56:29.610322Z,KXNEAR15M-26OCT042300-00,0.0070,2.00,no
2026-10-05T02:56:29.648468Z,KXNEAR15M-26OCT042300-00,0.0070,1.00,no
2026-10-05T02:56:29.786194Z,KXNEAR15M-26OCT042300-00,0.0070,4.00,no
2026-10-05T02:56:29.909267Z,KXNEAR15M-26OCT042300-00,0.0070,1.00,no
2026-10-05T02:56:30.759733Z,KXNEAR15M-26OCT042300-00,0.0060,1.00,no
2026-10-05T02:56:36.729751Z,KXNEAR15M-26OCT042300-00,0.0300,16.13,yes
2026-10-05T02:56:36.729751Z,KXNEAR15M-26OCT042300-00,0.0230,8.00,yes
2026-10-05T02:56:36.729751Z,KXNEAR15M-26OCT042300-00,0.0230,2.00,yes
2026-10-05T02:56:36.729751Z,KXNEAR15M-26OCT042300-00,0.0260,10.00,yes
2026-10-05T02:56:36.729751Z,KXNEAR15M-26OCT042300-00,0.0250,10.00,yes
2026-10-05T02:56:36.729751Z,KXNEAR15M-26OCT042300-00,0.0260,8.47,yes
2026-10-05T02:56:36.729751Z,KXNEAR15M-26OCT042300-00,0.0260,8.47,yes
2026-10-05T02:56:36.729751Z,KXNEAR15M-26OCT042300-00,0.0240,10.00,yes
2026-10-05T02:56:36.729751Z,KXNEAR15M-26OCT042300-00,0.0110,0.25,yes
2026-10-05T02:56:36.729751Z,KXNEAR15M-26OCT042300-00,0.0130,10.00,yes
2026-10-05T02:56:36.729751Z,KXNEAR15M-26OCT042300-00,0.0270,8.48,yes
2026-10-05T02:56:36.729751Z,KXNEAR15M-26OCT042300-00,0.0220,8.00,yes
2026-10-05T02:56:36.729751Z,KXNEAR15M-26OCT042300-00,0.0130,1.00,yes
2026-10-05T02:56:36.729751Z,KXNEAR15M-26OCT042300-00,0.0090,11.00,yes
2026-10-05T02:56:36.729751Z,KXNEAR15M-26OCT042300-00,0.0060,4.00,yes
2026-10-05T02:56:36.729751Z,KXNEAR15M-26OCT042300-00,0.0250,3.00,yes
2026-10-05T02:56:36.729751Z,KXNEAR15M-26OCT042300-00,0.0250,4.00,yes
2026-10-05T02:56:36.729751Z,KXNEAR15M-26OCT042300-00,0.0210,10.00,yes
2026-10-05T02:56:36.729751Z,KXNEAR15M-26OCT042300-00,0.0150,166.00,yes
2026-10-05T02:56:36.729751Z,KXNEAR15M-26OCT042300-00,0.0200,7.00,yes
2026-10-05T02:56:36.729751Z,KXNEAR15M-26OCT042300-00,0.0110,100.00,yes
2026-10-05T02:56:36.729751Z,KXNEAR15M-26OCT042300-00,0.0100,104.00,yes
2026-10-05T02:56:36.729751Z,KXNEAR15M-26OCT042300-00,0.0130,5.00,yes
2026-10-05T02:56:36.729751Z,KXNEAR15M-26OCT042300-00,0.0110,0.03,yes
2026-10-05T02:56:36.729751Z,KXNEAR15M-26OCT042300-00,0.0060,4.00,yes
2026-10-05T02:56:36.729751Z,KXNEAR15M-26OCT042300-00,0.0130,0.03,yes
2026-10-05T02:56:36.729751Z,KXNEAR15M-26OCT042300-00,0.0120,0.03,yes
2026-10-05T02:56:36.729751Z,KXNEAR15M-26OCT042300-00,0.0100,0.03,yes
2026-10-05T02:56:36.729751Z,KXNEAR15M-26OCT042300-00,0.0180,3.00,yes
2026-10-05T02:56:36.729751Z,KXNEAR15M-26OCT042300-00,0.0120,104.00,yes
2026-10-05T02:56:36.729751Z,KXNEAR15M-26OCT042300-00,0.0100,1.00,yes
2026-10-05T02:56:36.729751Z,KXNEAR15M-26OCT042300-00,0.0110,1.00,yes
2026-10-05T02:56:39.96429Z,KXNEAR15M-26OCT042300-00,0.0080,1.00,no
2026-10-05T02:56:42.048865Z,KXNEAR15M-26OCT042300-00,0.0080,3.00,no
2026-10-05T02:56:42.055614Z,KXNEAR15M-26OCT042300-00,0.0080,1.00,no
2026-10-05T02:56:45.640307Z,KXNEAR15M-26OCT042300-00,0.0080,1.00,yes
2026-10-05T02:56:46.227432Z,KXNEAR15M-26OCT042300-00,0.0090,12.00,yes
2026-10-05T02:56:46.235076Z,KXNEAR15M-26OCT042300-00,0.0090,2.00,yes
2026-10-05T02:56:48.261863Z,KXNEAR15M-26OCT042300-00,0.0080,52.00,no
2026-10-05T02:56:48.27166Z,KXNEAR15M-26OCT042300-00,0.0080,12.00,no
2026-10-05T02:56:48.27166Z,KXNEAR15M-26OCT042300-00,0.0080,0.03,no
2026-10-05T02:56:48.27166Z,KXNEAR15M-26OCT042300-00,0.0070,0.03,no
2026-10-05T02:56:48.27166Z,KXNEAR15M-26OCT042300-00,0.0080,52.00,no
2026-10-05T02:56:48.27166Z,KXNEAR15M-26OCT042300-00,0.0070,3.00,no
2026-10-05T02:56:48.27166Z,KXNEAR15M-26OCT042300-00,0.0060,32.94,no
2026-10-05T02:56:48.750776Z,KXNEAR15M-26OCT042300-00,0.0070,0.03,no
2026-10-05T02:56:48.750776Z,KXNEAR15M-26OCT042300-00,0.0070,4.00,no
2026-10-05T02:56:48.750776Z,KXNEAR15M-26OCT042300-00,0.0050,0.03,no
2026-10-05T02:56:48.750776Z,KXNEAR15M-26OCT042300-00,0.0060,0.03,no
2026-10-05T02:56:48.750776Z,KXNEAR15M-26OCT042300-00,0.0050,1.00,no
2026-10-05T02:56:48.750776Z,KXNEAR15M-26OCT042300-00,0.0060,3.00,no
2026-10-05T02:56:48.750776Z,KXNEAR15M-26OCT042300-00,0.0050,1.91,no
2026-10-05T02:56:55.299767Z,KXNEAR15M-26OCT042300-00,0.0050,3.09,no
2026-10-05T02:56:55.299767Z,KXNEAR15M-26OCT042300-00,0.0050,2.91,no
2026-10-05T02:56:56.218291Z,KXNEAR15M-26OCT042300-00,0.0050,2.00,no
2026-10-05T02:56:56.450907Z,KXNEAR15M-26OCT042300-00,0.0050,1.91,no
2026-10-05T02:56:56.450907Z,KXNEAR15M-26OCT042300-00,0.0050,0.09,no
2026-10-05T02:57:01.087259Z,KXNEAR15M-26OCT042300-00,0.0040,1.00,no
2026-10-05T02:57:01.087259Z,KXNEAR15M-26OCT042300-00,0.0040,1.00,no
2026-10-05T02:57:01.087259Z,KXNEAR15M-26OCT042300-00,0.0040,1.00,no
2026-10-05T02:57:01.087259Z,KXNEAR15M-26OCT042300-00,0.0040,1.00,no
2026-10-05T02:57:01.087259Z,KXNEAR15M-26OCT042300-00,0.0040,1.00,no
2026-10-05T02:57:01.087259Z,KXNEAR15M-26OCT042300-00,0.0040,13.00,no
2026-10-05T02:57:01.087259Z,KXNEAR15M-26OCT042300-00,0.0040,10.00,no
2026-10-05T02:57:01.087259Z,KXNEAR15M-26OCT042300-00,0.0030,10.00,no
2026-10-05T02:57:01.087259Z,KXNEAR15M-26OCT042300-00,0.0030,75.00,no
2026-10-05T02:57:01.087259Z,KXNEAR15M-26OCT042300-00,0.0040,338.00,no
2026-10-05T02:57:01.132168Z,KXNEAR15M-26OCT042300-00,0.0040,104.00,yes
2026-10-05T02:57:01.132168Z,KXNEAR15M-26OCT042300-00,0.0050,264.92,yes
2026-10-05T02:57:01.132168Z,KXNEAR15M-26OCT042300-00,0.0050,5.00,yes
2026-10-05T02:57:01.132168Z,KXNEAR15M-26OCT042300-00,0.0050,0.03,yes
2026-10-05T02:57:01.563702Z,KXNEAR15M-26OCT042300-00,0.0040,1.00,no
2026-10-05T02:57:07.529586Z,KXNEAR15M-26OCT042300-00,0.0050,186.97,yes
2026-10-05T02:57:08.419457Z,KXNEAR15M-26OCT042300-00,0.0040,3.00,no
2026-10-05T02:57:08.56116Z,KXNEAR15M-26OCT042300-00,0.0050,4.00,yes
2026-10-05T02:57:13.589873Z,KXNEAR15M-26OCT042300-00,0.0040,5.00,no
2026-10-05T02:57:13.589873Z,KXNEAR15M-26OCT042300-00,0.0040,2.01,no
2026-10-05T02:57:13.589873Z,KXNEAR15M-26OCT042300-00,0.0040,0.03,no
2026-10-05T02:57:16.400163Z,KXNEAR15M-26OCT042300-00,0.0030,2.00,no
2026-10-05T02:57:16.400163Z,KXNEAR15M-26OCT042300-00,0.0030,2.00,no
2026-10-05T02:57:16.400163Z,KXNEAR15M-26OCT042300-00,0.0030,2.00,no
2026-10-05T02:57:16.400163Z,KXNEAR15M-26OCT042300-00,0.0030,1.00,no
2026-10-05T02:57:16.400163Z,KXNEAR15M-26OCT042300-00,0.0030,175.00,no
2026-10-05T02:57:16.400163Z,KXNEAR15M-26OCT042300-00,0.0030,18.00,no
2026-10-05T02:57:16.568902Z,KXNEAR15M-26OCT042300-00,0.0030,2.00,no
2026-10-05T02:57:16.568902Z,KXNEAR15M-26OCT042300-00,0.0030,1.00,no
2026-10-05T02:57:16.568902Z,KXNEAR15M-26OCT042300-00,0.0030,104.00,no
2026-10-05T02:57:16.568902Z,KXNEAR15M-26OCT042300-00,0.0030,8.00,no
2026-10-05T02:57:16.568902Z,KXNEAR15M-26OCT042300-00,0.0030,0.03,no
2026-10-05T02:57:16.568902Z,KXNEAR15M-26OCT042300-00,0.0030,5.00,no
2026-10-05T02:57:17.068706Z,KXNEAR15M-26OCT042300-00,0.0030,17.97,no
2026-10-05T02:57:19.327978Z,KXNEAR15M-26OCT042300-00,0.0030,185.19,no
2026-10-05T02:57:19.842034Z,KXNEAR15M-26OCT042300-00,0.0040,17.97,yes
2026-10-05T02:57:19.842034Z,KXNEAR15M-26OCT042300-00,0.0040,185.19,yes
2026-10-05T02:57:19.842034Z,KXNEAR15M-26OCT042300-00,0.0040,10.00,yes
2026-10-05T02:57:19.842034Z,KXNEAR15M-26OCT042300-00,0.0040,175.00,yes
2026-10-05T02:57:19.842034Z,KXNEAR15M-26OCT042300-00,0.0040,3.00,yes
2026-10-05T02:57:19.842034Z,KXNEAR15M-26OCT042300-00,0.0040,0.03,yes
2026-10-05T02:57:19.842034Z,KXNEAR15M-26OCT042300-00,0.0050,22.36,yes
2026-10-05T02:57:21.094782Z,KXNEAR15M-26OCT042300-00,0.0030,3.00,no
2026-10-05T02:57:21.688516Z,KXNEAR15M-26OCT042300-00,0.0030,2.00,no
2026-10-05T02:57:23.007859Z,KXNEAR15M-26OCT042300-00,0.0030,4.00,no
2026-10-05T02:57:23.725072Z,KXNEAR15M-26OCT042300-00,0.0030,5.00,no
2026-10-05T02:57:27.12926Z,KXNEAR15M-26OCT042300-00,0.0030,3.00,no
2026-10-05T02:57:29.70327Z,KXNEAR15M-26OCT042300-00,0.0030,6.00,no
2026-10-05T02:57:29.70982Z,KXNEAR15M-26OCT042300-00,0.0030,2.00,no
2026-10-05T02:57:31.659488Z,KXNEAR15M-26OCT042300-00,0.0050,99.09,yes
2026-10-05T02:57:31.659488Z,KXNEAR15M-26OCT042300-00,0.0040,75.00,yes
2026-10-05T02:57:31.659488Z,KXNEAR15M-26OCT042300-00,0.0040,5.00,yes
2026-10-05T02:57:31.659488Z,KXNEAR15M-26OCT042300-00,0.0040,4.00,yes
2026-10-05T02:57:31.659488Z,KXNEAR15M-26OCT042300-00,0.0040,3.00,yes
2026-10-05T02:57:31.659488Z,KXNEAR15M-26OCT042300-00,0.0040,2.00,yes
2026-10-05T02:57:31.659488Z,KXNEAR15M-26OCT042300-00,0.0040,2.00,yes
2026-10-05T02:57:31.659488Z,KXNEAR15M-26OCT042300-00,0.0040,3.00,yes
2026-10-05T02:57:31.659488Z,KXNEAR15M-26OCT042300-00,0.0040,4.00,yes
2026-10-05T02:57:31.659488Z,KXNEAR15M-26OCT042300-00,0.0040,0.03,yes
2026-10-05T02:57:31.659488Z,KXNEAR15M-26OCT042300-00,0.0040,2.00,yes
2026-10-05T02:57:31.659488Z,KXNEAR15M-26OCT042300-00,0.0040,6.00,yes
2026-10-05T02:57:31.659488Z,KXNEAR15M-26OCT042300-00,0.0040,3.00,yes
2026-10-05T02:57:37.602689Z,KXNEAR15M-26OCT042300-00,0.0040,4.00,yes
2026-10-05T02:57:37.602689Z,KXNEAR15M-26OCT042300-00,0.0040,0.03,yes
2026-10-05T02:57:37.602689Z,KXNEAR15M-26OCT042300-00,0.0040,4.00,yes
2026-10-05T02:57:37.602689Z,KXNEAR15M-26OCT042300-00,0.0050,366.47,yes
2026-10-05T02:57:44.838844Z,KXNEAR15M-26OCT042300-00,0.0030,3.00,no
2026-10-05T02:57:45.172055Z,KXNEAR15M-26OCT042300-00,0.0030,5.00,no
2026-10-05T02:57:45.178968Z,KXNEAR15M-26OCT042300-00,0.0030,3.00,no
2026-10-05T02:57:45.386285Z,KXNEAR15M-26OCT042300-00,0.0040,5.00,yes
2026-10-05T02:57:45.386285Z,KXNEAR15M-26OCT042300-00,0.0040,3.00,yes
2026-10-05T02:57:45.386285Z,KXNEAR15M-26OCT042300-00,0.0040,3.00,yes
2026-10-05T02:57:45.386285Z,KXNEAR15M-26OCT042300-00,0.0040,0.03,yes
2026-10-05T02:57:45.415025Z,KXNEAR15M-26OCT042300-00,0.0050,1.31,yes
2026-10-05T02:57:45.415025Z,KXNEAR15M-26OCT042300-00,0.0050,4.69,yes
2026-10-05T02:57:45.419914Z,KXNEAR15M-26OCT042300-00,0.0050,2.66,yes
2026-10-05T02:57:45.419914Z,KXNEAR15M-26OCT042300-00,0.0050,0.03,yes
2026-10-05T02:57:45.419914Z,KXNEAR15M-26OCT042300-00,0.0050,5.31,yes
2026-10-05T02:57:45.427128Z,KXNEAR15M-26OCT042300-00,0.0050,2.00,yes
2026-10-05T02:57:45.692897Z,KXNEAR15M-26OCT042300-00,0.0020,127.16,no
2026-10-05T02:57:45.692897Z,KXNEAR15M-26OCT042300-00,0.0030,10.84,no
2026-10-05T02:57:45.692897Z,KXNEAR15M-26OCT042300-00,0.0030,8.00,no
2026-10-05T02:57:45.692897Z,KXNEAR15M-26OCT042300-00,0.0030,5.00,no
2026-10-05T02:57:45.692897Z,KXNEAR15M-26OCT042300-00,0.0040,7.00,no
2026-10-05T02:57:46.416152Z,KXNEAR15M-26OCT042300-00,0.0050,44.98,yes
2026-10-05T02:57:46.416152Z,KXNEAR15M-26OCT042300-00,0.0040,0.02,yes
2026-10-05T02:57:46.943136Z,KXNEAR15M-26OCT042300-00,0.0050,10.00,yes
2026-10-05T02:57:51.166231Z,KXNEAR15M-26OCT042300-00,0.0050,0.02,yes
2026-10-05T02:57:51.166231Z,KXNEAR15M-26OCT042300-00,0.0060,0.84,yes
2026-10-05T02:57:51.166231Z,KXNEAR15M-26OCT042300-00,0.0070,0.08,yes
2026-10-05T02:57:51.166231Z,KXNEAR15M-26OCT042300-00,0.0060,0.03,yes
2026-10-05T02:57:51.166231Z,KXNEAR15M-26OCT042300-00,0.0070,0.03,yes
2026-10-05T02:57:51.175494Z,KXNEAR15M-26OCT042300-00,0.0070,1.00,yes
2026-10-05T02:57:51.278929Z,KXNEAR15M-26OCT042300-00,0.0070,9.00,yes
2026-10-05T02:57:51.286302Z,KXNEAR15M-26OCT042300-00,0.0070,1.00,yes
2026-10-05T02:57:51.484268Z,KXNEAR15M-26OCT042300-00,0.0070,8.00,yes
2026-10-05T02:57:55.612551Z,KXNEAR15M-26OCT042300-00,0.0070,2.00,yes
2026-10-05T02:57:56.313389Z,KXNEAR15M-26OCT042300-00,0.0210,8.00,yes
2026-10-05T02:57:56.313389Z,KXNEAR15M-26OCT042300-00,0.0080,0.03,yes
2026-10-05T02:57:56.313389Z,KXNEAR15M-26OCT042300-00,0.0210,29.00,yes
2026-10-05T02:57:56.313389Z,KXNEAR15M-26OCT042300-00,0.0110,0.03,yes
2026-10-05T02:57:56.313389Z,KXNEAR15M-26OCT042300-00,0.0120,0.03,yes
2026-10-05T02:57:56.313389Z,KXNEAR15M-26OCT042300-00,0.0100,0.03,yes
2026-10-05T02:57:56.313389Z,KXNEAR15M-26OCT042300-00,0.0070,0.02,yes
2026-10-05T02:57:56.313389Z,KXNEAR15M-26OCT042300-00,0.0090,0.03,yes
2026-10-05T02:57:56.313389Z,KXNEAR15M-26OCT042300-00,0.0080,104.00,yes
2026-10-05T02:57:56.313389Z,KXNEAR15M-26OCT042300-00,0.0070,104.00,yes
2026-10-05T02:57:56.313389Z,KXNEAR15M-26OCT042300-00,0.0070,106.08,yes
2026-10-05T02:57:56.313389Z,KXNEAR15M-26OCT042300-00,0.0100,100.00,yes
2026-10-05T02:57:56.313389Z,KXNEAR15M-26OCT042300-00,0.0210,0.29,yes
2026-10-05T02:57:56.313389Z,KXNEAR15M-26OCT042300-00,0.0220,0.34,yes
2026-10-05T02:57:56.313389Z,KXNEAR15M-26OCT042300-00,0.0230,0.38,yes
2026-10-05T02:57:56.313389Z,KXNEAR15M-26OCT042300-00,0.0180,0.17,yes
2026-10-05T02:57:56.313389Z,KXNEAR15M-26OCT042300-00,0.0100,1.00,yes
2026-10-05T02:57:56.313389Z,KXNEAR15M-26OCT042300-00,0.0190,0.20,yes
2026-10-05T02:57:56.313389Z,KXNEAR15M-26OCT042300-00,0.0110,0.05,yes
2026-10-05T02:57:56.313389Z,KXNEAR15M-26OCT042300-00,0.0140,0.09,yes
2026-10-05T02:57:56.313389Z,KXNEAR15M-26OCT042300-00,0.0120,0.06,yes
2026-10-05T02:57:56.313389Z,KXNEAR15M-26OCT042300-00,0.0160,0.12,yes
2026-10-05T02:57:56.313389Z,KXNEAR15M-26OCT042300-00,0.0090,0.04,yes
2026-10-05T02:57:56.313389Z,KXNEAR15M-26OCT042300-00,0.0170,0.14,yes
2026-10-05T02:57:56.313389Z,KXNEAR15M-26OCT042300-00,0.0080,0.04,yes
2026-10-05T02:57:56.313389Z,KXNEAR15M-26OCT042300-00,0.0200,0.24,yes
2026-10-05T02:57:56.313389Z,KXNEAR15M-26OCT042300-00,0.0100,0.05,yes
2026-10-05T02:57:56.313389Z,KXNEAR15M-26OCT042300-00,0.0150,0.10,yes
2026-10-05T02:57:56.313389Z,KXNEAR15M-26OCT042300-00,0.0130,0.07,yes
2026-10-05T02:57:56.313389Z,KXNEAR15M-26OCT042300-00,0.0100,1.00,yes
2026-10-05T02:57:56.313389Z,KXNEAR15M-26OCT042300-00,0.0200,13.00,yes
2026-10-05T02:57:56.313389Z,KXNEAR15M-26OCT042300-00,0.0200,7.00,yes
2026-10-05T02:57:56.313389Z,KXNEAR15M-26OCT042300-00,0.0120,1.00,yes
2026-10-05T02:57:57.986859Z,KXNEAR15M-26OCT042300-00,0.0090,2.00,no
2026-10-05T02:57:58.026445Z,KXNEAR15M-26OCT042300-00,0.0210,6.63,yes
2026-10-05T02:57:58.640169Z,KXNEAR15M-26OCT042300-00,0.0090,4.00,no
2026-10-05T02:57:58.750714Z,KXNEAR15M-26OCT042300-00,0.0090,4.00,no
2026-10-05T02:57:58.96691Z,KXNEAR15M-26OCT042300-00,0.0110,101.00,no
2026-10-05T02:57:58.978709Z,KXNEAR15M-26OCT042300-00,0.0100,23.00,no
2026-10-05T02:57:58.978709Z,KXNEAR15M-26OCT042300-00,0.0110,3.00,no
2026-10-05T02:57:58.978709Z,KXNEAR15M-26OCT042300-00,0.0110,5.00,no
2026-10-05T02:57:58.994626Z,KXNEAR15M-26OCT042300-00,0.0100,32.00,no
2026-10-05T02:57:59.007605Z,KXNEAR15M-26OCT042300-00,0.0100,13.00,no
2026-10-05T02:57:59.020377Z,KXNEAR15M-26OCT042300-00,0.0100,10.00,no
2026-10-05T02:57:59.472117Z,KXNEAR15M-26OCT042300-00,0.0100,13.00,no
2026-10-05T02:57:59.48079Z,KXNEAR15M-26OCT042300-00,0.0100,1.00,no
2026-10-05T02:58:00.0063Z,KXNEAR15M-26OCT042300-00,0.0100,1.00,no
2026-10-05T02:58:00.347919Z,KXNEAR15M-26OCT042300-00,0.0100,79.00,no
2026-10-05T02:58:01.072359Z,KXNEAR15M-26OCT042300-00,0.0090,9.00,yes
2026-10-05T02:58:01.072359Z,KXNEAR15M-26OCT042300-00,0.0100,56.17,yes
2026-10-05T02:58:01.072359Z,KXNEAR15M-26OCT042300-00,0.0100,1.00,yes
2026-10-05T02:58:01.072359Z,KXNEAR15M-26OCT042300-00,0.0090,4.83,yes
2026-10-05T02:58:05.081701Z,KXNEAR15M-26OCT042300-00,0.0090,70.59,no
2026-10-05T02:58:06.539039Z,KXNEAR15M-26OCT042300-00,0.0090,67.78,yes
2026-10-05T02:58:07.970091Z,KXNEAR15M-26OCT042300-00,0.0080,5.00,no
2026-10-05T02:58:08.298406Z,KXNEAR15M-26OCT042300-00,0.0080,5.00,no
2026-10-05T02:58:08.298406Z,KXNEAR15M-26OCT042300-00,0.0070,17.44,no
2026-10-05T02:58:08.298406Z,KXNEAR15M-26OCT042300-00,0.0070,2.65,no
2026-10-05T02:58:08.298406Z,KXNEAR15M-26OCT042300-00,0.0080,5.00,no
2026-10-05T02:58:08.818669Z,KXNEAR15M-26OCT042300-00,0.0040,5.00,no
2026-10-05T02:58:08.818669Z,KXNEAR15M-26OCT042300-00,0.0050,104.00,no
2026-10-05T02:58:08.818669Z,KXNEAR15M-26OCT042300-00,0.0080,2.00,no
2026-10-05T02:58:08.818669Z,KXNEAR15M-26OCT042300-00,0.0060,5.00,no
2026-10-05T02:58:08.818669Z,KXNEAR15M-26OCT042300-00,0.0060,4.00,no
2026-10-05T02:58:08.818669Z,KXNEAR15M-26OCT042300-00,0.0060,0.03,no
2026-10-05T02:58:08.818669Z,KXNEAR15M-26OCT042300-00,0.0050,2.00,no
2026-10-05T02:58:08.818669Z,KXNEAR15M-26OCT042300-00,0.0030,250.00,no
2026-10-05T02:58:08.818669Z,KXNEAR15M-26OCT042300-00,0.0040,0.03,no
2026-10-05T02:58:08.818669Z,KXNEAR15M-26OCT042300-00,0.0050,0.03,no
2026-10-05T02:58:08.818669Z,KXNEAR15M-26OCT042300-00,0.0030,370.50,no
2026-10-05T02:58:09.844632Z,KXNEAR15M-26OCT042300-00,0.0060,7.02,no
2026-10-05T02:58:10.097934Z,KXNEAR15M-26OCT042300-00,0.0060,2.00,no
2026-10-05T02:58:10.912403Z,KXNEAR15M-26OCT042300-00,0.0060,3.00,yes
2026-10-05T02:58:12.487699Z,KXNEAR15M-26OCT042300-00,0.0060,0.02,yes
2026-10-05T02:58:12.487699Z,KXNEAR15M-26OCT042300-00,0.0060,74.77,yes
2026-10-05T02:58:12.858726Z,KXNEAR15M-26OCT042300-00,0.0060,1.00,yes
2026-10-05T02:58:16.662524Z,KXNEAR15M-26OCT042300-00,0.0060,30.00,yes
2026-10-05T02:58:18.040216Z,KXNEAR15M-26OCT042300-00,0.0040,0.03,no
2026-10-05T02:58:18.040216Z,KXNEAR15M-26OCT042300-00,0.0040,104.00,no
2026-10-05T02:58:18.040216Z,KXNEAR15M-26OCT042300-00,0.0040,3.00,no
2026-10-05T02:58:18.040216Z,KXNEAR15M-26OCT042300-00,0.0040,8.00,no
2026-10-05T02:58:18.040216Z,KXNEAR15M-26OCT042300-00,0.0040,5.00,no
2026-10-05T02:58:18.040216Z,KXNEAR15M-26OCT042300-00,0.0030,219.47,no
2026-10-05T02:58:23.08685Z,KXNEAR15M-26OCT042300-00,0.0030,3.00,no
2026-10-05T02:58:24.102936Z,KXNEAR15M-26OCT042300-00,0.0030,2.00,no
2026-10-05T02:58:24.333244Z,KXNEAR15M-26OCT042300-00,0.0030,3.00,no
2026-10-05T02:58:24.398169Z,KXNEAR15M-26OCT042300-00,0.0040,2.00,yes
2026-10-05T02:58:24.398169Z,KXNEAR15M-26OCT042300-00,0.0040,3.00,yes
2026-10-05T02:58:24.398169Z,KXNEAR15M-26OCT042300-00,0.0040,3.00,yes
2026-10-05T02:58:24.398169Z,KXNEAR15M-26OCT042300-00,0.0040,9.00,yes
2026-10-05T02:58:24.398169Z,KXNEAR15M-26OCT042300-00,0.0060,0.03,yes
2026-10-05T02:58:24.398169Z,KXNEAR15M-26OCT042300-00,0.0070,1.00,yes
2026-10-05T02:58:24.398169Z,KXNEAR15M-26OCT042300-00,0.0070,0.03,yes
2026-10-05T02:58:24.398169Z,KXNEAR15M-26OCT042300-00,0.0070,91.51,yes
2026-10-05T02:58:24.398169Z,KXNEAR15M-26OCT042300-00,0.0040,10.00,yes
2026-10-05T02:58:24.398169Z,KXNEAR15M-26OCT042300-00,0.0040,0.03,yes
2026-10-05T02:58:24.398169Z,KXNEAR15M-26OCT042300-00,0.0060,104.00,yes
2026-10-05T02:58:24.398169Z,KXNEAR15M-26OCT042300-00,0.0050,10.00,yes
2026-10-05T02:58:24.398169Z,KXNEAR15M-26OCT042300-00,0.0050,0.03,yes
2026-10-05T02:58:24.398169Z,KXNEAR15M-26OCT042300-00,0.0040,104.00,yes
2026-10-05T02:58:25.191336Z,KXNEAR15M-26OCT042300-00,0.0040,9.00,no
2026-10-05T02:58:25.197402Z,KXNEAR15M-26OCT042300-00,0.0040,4.00,no
2026-10-05T02:58:25.532876Z,KXNEAR15M-26OCT042300-00,0.0040,2.00,no
2026-10-05T02:58:26.38067Z,KXNEAR15M-26OCT042300-00,0.0040,1.00,no
2026-10-05T02:58:26.385469Z,KXNEAR15M-26OCT042300-00,0.0040,1.00,no
2026-10-05T02:58:26.655262Z,KXNEAR15M-26OCT042300-00,0.0060,0.03,yes
2026-10-05T02:58:26.655262Z,KXNEAR15M-26OCT042300-00,0.0050,0.03,yes
2026-10-05T02:58:26.655262Z,KXNEAR15M-26OCT042300-00,0.0050,5.00,yes
2026-10-05T02:58:26.655262Z,KXNEAR15M-26OCT042300-00,0.0050,4.00,yes
2026-10-05T02:58:26.655262Z,KXNEAR15M-26OCT042300-00,0.0070,125.57,yes
2026-10-05T02:58:26.720645Z,KXNEAR15M-26OCT042300-00,0.0040,5.00,no
2026-10-05T02:58:26.727573Z,KXNEAR15M-26OCT042300-00,0.0040,2.00,no
2026-10-05T02:58:26.745947Z,KXNEAR15M-26OCT042300-00,0.0040,12.00,no
2026-10-05T02:58:26.751397Z,KXNEAR15M-26OCT042300-00,0.0040,2.00,no
2026-10-05T02:58:26.797747Z,KXNEAR15M-26OCT042300-00,0.0040,2.00,no
2026-10-05T02:58:26.80278Z,KXNEAR15M-26OCT042300-00,0.0040,1.00,no
2026-10-05T02:58:26.808844Z,KXNEAR15M-26OCT042300-00,0.0040,1.00,no
2026-10-05T02:58:26.943513Z,KXNEAR15M-26OCT042300-00,0.0040,7.00,no
2026-10-05T02:58:26.948768Z,KXNEAR15M-26OCT042300-00,0.0040,4.00,no
2026-10-05T02:58:26.955524Z,KXNEAR15M-26OCT042300-00,0.0040,2.00,no
2026-10-05T02:58:26.959714Z,KXNEAR15M-26OCT042300-00,0.0040,1.00,no
2026-10-05T02:58:27.000868Z,KXNEAR15M-26OCT042300-00,0.0040,2.00,no
2026-10-05T02:58:27.701023Z,KXNEAR15M-26OCT042300-00,0.0050,6.00,no
2026-10-05T02:58:27.701023Z,KXNEAR15M-26OCT042300-00,0.0050,5.00,no
2026-10-05T02:58:27.701023Z,KXNEAR15M-26OCT042300-00,0.0050,0.05,no
2026-10-05T02:58:30.161225Z,KXNEAR15M-26OCT042300-00,0.0030,62.43,no
2026-10-05T02:58:30.161225Z,KXNEAR15M-26OCT042300-00,0.0040,0.03,no
2026-10-05T02:58:30.161225Z,KXNEAR15M-26OCT042300-00,0.0040,46.00,no
2026-10-05T02:58:30.161225Z,KXNEAR15M-26OCT042300-00,0.0050,3.00,no
2026-10-05T02:58:30.161225Z,KXNEAR15M-26OCT042300-00,0.0050,0.03,no
2026-10-05T02:58:30.161225Z,KXNEAR15M-26OCT042300-00,0.0050,4.00,no
2026-10-05T02:58:30.161225Z,KXNEAR15M-26OCT042300-00,0.0030,22.53,no
2026-10-05T02:58:30.161225Z,KXNEAR15M-26OCT042300-00,0.0030,0.03,no
2026-10-05T02:58:30.161225Z,KXNEAR15M-26OCT042300-00,0.0040,4.95,no
2026-10-05T02:58:33.560947Z,KXNEAR15M-26OCT042300-00,0.0050,2.00,yes
2026-10-05T02:58:33.931428Z,KXNEAR15M-26OCT042300-00,0.0050,4.00,yes
2026-10-05T02:58:33.937492Z,KXNEAR15M-26OCT042300-00,0.0050,2.00,yes
2026-10-05T02:58:33.944129Z,KXNEAR15M-26OCT042300-00,0.0050,2.00,yes
2026-10-05T02:58:33.996527Z,KXNEAR15M-26OCT042300-00,0.0050,4.00,yes
2026-10-05T02:58:34.001078Z,KXNEAR15M-26OCT042300-00,0.0050,2.00,yes
2026-10-05T02:58:35.87331Z,KXNEAR15M-26OCT042300-00,0.0030,1.00,no
2026-10-05T02:58:37.098715Z,KXNEAR15M-26OCT042300-00,0.0030,1.00,no
2026-10-05T02:58:39.972092Z,KXNEAR15M-26OCT042300-00,0.0030,4.00,no
2026-10-05T02:58:39.977613Z,KXNEAR15M-26OCT042300-00,0.0030,2.00,no
2026-10-05T02:58:39.984791Z,KXNEAR15M-26OCT042300-00,0.0030,1.00,no
2026-10-05T02:58:42.309734Z,KXNEAR15M-26OCT042300-00,0.0030,53.00,no
2026-10-05T02:58:42.813425Z,KXNEAR15M-26OCT042300-00,0.0030,3.00,no
2026-10-05T02:58:42.81995Z,KXNEAR15M-26OCT042300-00,0.0030,2.00,no
2026-10-05T02:58:43.134857Z,KXNEAR15M-26OCT042300-00,0.0030,1.00,no
2026-10-05T02:58:44.115096Z,KXNEAR15M-26OCT042300-00,0.0030,1.00,no
2026-10-05T02:58:44.479327Z,KXNEAR15M-26OCT042300-00,0.0030,3.00,no
2026-10-05T02:58:44.484852Z,KXNEAR15M-26OCT042300-00,0.0030,2.00,no
2026-10-05T02:58:44.68239Z,KXNEAR15M-26OCT042300-00,0.0030,5.00,no
2026-10-05T02:58:44.688417Z,KXNEAR15M-26OCT042300-00,0.0030,3.00,no
2026-10-05T02:58:44.696661Z,KXNEAR15M-26OCT042300-00,0.0030,2.00,no
2026-10-05T02:58:44.821605Z,KXNEAR15M-26OCT042300-00,0.0030,2.00,no
2026-10-05T02:58:44.926796Z,KXNEAR15M-26OCT042300-00,0.0030,2.00,no
2026-10-05T02:58:44.973736Z,KXNEAR15M-26OCT042300-00,0.0030,5.00,no
2026-10-05T02:58:44.973736Z,KXNEAR15M-26OCT042300-00,0.0030,162.00,no
2026-10-05T02:58:46.238739Z,KXNEAR15M-26OCT042300-00,0.0020,26.00,no
2026-10-05T02:58:46.238739Z,KXNEAR15M-26OCT042300-00,0.0020,100.00,no
2026-10-05T02:58:46.238739Z,KXNEAR15M-26OCT042300-00,0.0020,272.84,no
2026-10-05T02:58:46.238739Z,KXNEAR15M-26OCT042300-00,0.0020,10.00,no
2026-10-05T02:58:46.238739Z,KXNEAR15M-26OCT042300-00,0.0020,500.00,no
2026-10-05T02:58:46.238739Z,KXNEAR15M-26OCT042300-00,0.0020,3.00,no
2026-10-05T02:58:46.238739Z,KXNEAR15M-26OCT042300-00,0.0020,3.00,no
2026-10-05T02:58:46.238739Z,KXNEAR15M-26OCT042300-00,0.0020,3.00,no
2026-10-05T02:58:46.238739Z,KXNEAR15M-26OCT042300-00,0.0020,3.00,no
2026-10-05T02:58:46.238739Z,KXNEAR15M-26OCT042300-00,0.0020,3.00,no
2026-10-05T02:58:46.238739Z,KXNEAR15M-26OCT042300-00,0.0020,5.00,no
2026-10-05T02:58:49.923954Z,KXNEAR15M-26OCT042300-00,0.0010,54.87,no
2026-10-05T02:58:50.682386Z,KXNEAR15M-26OCT042300-00,0.0010,54.87,no
2026-10-05T02:58:51.449213Z,KXNEAR15M-26OCT042300-00,0.0010,54.87,no
2026-10-05T02:58:52.371675Z,KXNEAR15M-26OCT042300-00,0.0010,54.86,no
2026-10-05T02:59:00.025063Z,KXNEAR15M-26OCT042300-00,0.0010,35.00,no
2026-10-05T02:59:03.416743Z,KXNEAR15M-26OCT042300-00,0.0010,9.35,no
2026-10-05T02:59:05.31105Z,KXNEAR15M-26OCT042300-00,0.0010,8.23,no
2026-10-05T02:59:06.236147Z,KXNEAR15M-26OCT042300-00,0.0010,8.23,no
2026-10-05T02:59:07.01848Z,KXNEAR15M-26OCT042300-00,0.0010,8.23,no
2026-10-05T02:59:07.805353Z,KXNEAR15M-26OCT042300-00,0.0010,8.23,no
2026-10-05T02:59:07.8527Z,KXNEAR15M-26OCT042300-00,0.0010,3.26,no
2026-10-05T02:59:07.8527Z,KXNEAR15M-26OCT042300-00,0.0010,2.37,no
2026-10-05T02:59:08.478303Z,KXNEAR15M-26OCT042300-00,0.0010,2.00,no
2026-10-05T02:59:08.613049Z,KXNEAR15M-26OCT042300-00,0.0010,5.63,no
2026-10-05T02:59:09.044106Z,KXNEAR15M-26OCT042300-00,0.0010,150.13,no
2026-10-05T02:59:09.3754Z,KXNEAR15M-26OCT042300-00,0.0010,5.63,no
2026-10-05T02:59:10.13762Z,KXNEAR15M-26OCT042300-00,0.0010,5.64,no
2026-10-05T02:59:10.201614Z,KXNEAR15M-26OCT042300-00,0.0010,1.00,no
2026-10-05T02:59:10.256326Z,KXNEAR15M-26OCT042300-00,0.0010,1.00,no
2026-10-05T02:59:10.328525Z,KXNEAR15M-26OCT042300-00,0.0010,4.00,no
2026-10-05T02:59:10.373546Z,KXNEAR15M-26OCT042300-00,0.0010,2.00,no
2026-10-05T02:59:10.42753Z,KXNEAR15M-26OCT042300-00,0.0010,1.00,no
2026-10-05T02:59:10.479468Z,KXNEAR15M-26OCT042300-00,0.0010,13.25,no
2026-10-05T02:59:11.263074Z,KXNEAR15M-26OCT042300-00,0.0010,6.90,no
2026-10-05T02:59:11.263074Z,KXNEAR15M-26OCT042300-00,0.0010,6.35,no
2026-10-05T02:59:11.3988Z,KXNEAR15M-26OCT042300-00,0.0010,113.90,no
2026-10-05T02:59:11.3988Z,KXNEAR15M-26OCT042300-00,0.0010,1.00,no
2026-10-05T02:59:11.3988Z,KXNEAR15M-26OCT042300-00,0.0010,10.00,no
2026-10-05T02:59:11.3988Z,KXNEAR15M-26OCT042300-00,0.0010,1.00,no
2026-10-05T02:59:11.3988Z,KXNEAR15M-26OCT042300-00,0.0010,73.10,no
2026-10-05T02:59:11.3988Z,KXNEAR15M-26OCT042300-00,0.0010,1.00,no
2026-10-05T02:59:12.059828Z,KXNEAR15M-26OCT042300-00,0.0010,13.25,no
2026-10-05T02:59:12.829241Z,KXNEAR15M-26OCT042300-00,0.0010,13.25,no
2026-10-05T02:59:12.870378Z,KXNEAR15M-26OCT042300-00,0.0010,3.00,no
2026-10-05T02:59:12.917905Z,KXNEAR15M-26OCT042300-00,0.0010,2.00,no
2026-10-05T02:59:12.957427Z,KXNEAR15M-26OCT042300-00,0.0010,1.00,no
2026-10-05T02:59:13.000837Z,KXNEAR15M-26OCT042300-00,0.0010,1.00,no
2026-10-05T02:59:13.077916Z,KXNEAR15M-26OCT042300-00,0.0010,3.00,no
2026-10-05T02:59:13.144254Z,KXNEAR15M-26OCT042300-00,0.0010,2.00,no
2026-10-05T02:59:13.203021Z,KXNEAR15M-26OCT042300-00,0.0010,5.00,no
2026-10-05T02:59:13.256429Z,KXNEAR15M-26OCT042300-00,0.0010,3.00,no
2026-10-05T02:59:13.303877Z,KXNEAR15M-26OCT042300-00,0.0010,2.00,no
2026-10-05T02:59:13.345191Z,KXNEAR15M-26OCT042300-00,0.0010,2.00,no
2026-10-05T02:59:13.397058Z,KXNEAR15M-26OCT042300-00,0.0010,2.00,no
2026-10-05T02:59:13.478105Z,KXNEAR15M-26OCT042300-00,0.0010,40.50,no
2026-10-05T02:59:13.950894Z,KXNEAR15M-26OCT042300-00,0.0010,575.00,no
2026-10-05T02:59:14.102036Z,KXNEAR15M-26OCT042300-00,0.0010,1.00,no
2026-10-05T02:59:14.102036Z,KXNEAR15M-26OCT042300-00,0.0010,1.00,no
2026-10-05T02:59:14.102036Z,KXNEAR15M-26OCT042300-00,0.0010,5.00,no
2026-10-05T02:59:14.102036Z,KXNEAR15M-26OCT042300-00,0.0010,1.00,no
2026-10-05T02:59:14.102036Z,KXNEAR15M-26OCT042300-00,0.0010,1.00,no
2026-10-05T02:59:14.102036Z,KXNEAR15M-26OCT042300-00,0.0010,8.00,no
2026-10-05T02:59:14.102036Z,KXNEAR15M-26OCT042300-00,0.0010,5.00,no
2026-10-05T02:59:14.102036Z,KXNEAR15M-26OCT042300-00,0.0010,177.22,no
2026-10-05T02:59:52.353326Z,KXNEAR15M-26OCT042300-00,0.0010,915.99,yes
2026-10-05T02:59:55.06951Z,KXNEAR15M-26OCT042300-00,0.0010,915.99,yes
2026-10-05T02:59:56.548167Z,KXNEAR15M-26OCT042300-00,0.0020,10.00,yes
2026-10-05T02:59:56.548167Z,KXNEAR15M-26OCT042300-00,0.0020,6.35,yes
2026-10-05T02:59:56.548167Z,KXNEAR15M-26OCT042300-00,0.0020,2.37,yes
2026-10-05T02:59:56.548167Z,KXNEAR15M-26OCT042300-00,0.0020,2.00,yes
2026-10-05T02:59:56.548167Z,KXNEAR15M-26OCT042300-00,0.0020,5.63,yes
2026-10-05T02:59:56.548167Z,KXNEAR15M-26OCT042300-00,0.0020,5.63,yes
2026-10-05T02:59:56.548167Z,KXNEAR15M-26OCT042300-00,0.0020,150.13,yes
2026-10-05T02:59:56.548167Z,KXNEAR15M-26OCT042300-00,0.0020,5.64,yes
2026-10-05T02:59:56.548167Z,KXNEAR15M-26OCT042300-00,0.0020,4.00,yes
2026-10-05T02:59:56.548167Z,KXNEAR15M-26OCT042300-00,0.0020,2.00,yes
2026-10-05T02:59:56.548167Z,KXNEAR15M-26OCT042300-00,0.0020,1.00,yes
2026-10-05T02:59:56.548167Z,KXNEAR15M-26OCT042300-00,0.0020,14.25,yes
2026-10-05T02:59:56.548167Z,KXNEAR15M-26OCT042300-00,0.0020,1.00,yes
2026-10-05T02:59:56.548167Z,KXNEAR15M-26OCT042300-00,0.0010,70.00,yes
2026-10-05T02:59:56.548167Z,KXNEAR15M-26OCT042300-00,0.0010,176.37,yes
2026-10-05T02:59:56.548167Z,KXNEAR15M-26OCT042300-00,0.0010,7.38,yes
2026-10-05T02:59:56.548167Z,KXNEAR15M-26OCT042300-00,0.0030,0.03,yes
2026-10-05T02:59:56.548167Z,KXNEAR15M-26OCT042300-00,0.0030,10.00,yes
2026-10-05T02:59:56.548167Z,KXNEAR15M-26OCT042300-00,0.0020,0.03,yes
2026-10-05T02:59:56.548167Z,KXNEAR15M-26OCT042300-00,0.0050,41.10,yes
2026-10-05T02:59:56.548167Z,KXNEAR15M-26OCT042300-00,0.0050,0.03,yes
2026-10-05T02:59:56.548167Z,KXNEAR15M-26OCT042300-00,0.0040,0.03,yes
2026-10-05T02:54:32.864166Z,KXCOPPER15M-26OCT042300-00,0.0100,147.86,no
2026-10-05T02:54:32.864166Z,KXCOPPER15M-26OCT042300-00,0.0100,52.14,no
2026-10-05T02:54:32.875227Z,KXCOPPER15M-26OCT042300-00,0.0100,15.00,no
2026-10-05T02:54:36.804056Z,KXCOPPER15M-26OCT042300-00,0.0100,156.06,no
2026-10-05T02:54:37.22547Z,KXCOPPER15M-26OCT042300-00,0.0200,10.00,yes
2026-10-05T02:54:37.506876Z,KXCOPPER15M-26OCT042300-00,0.0100,10.00,no
2026-10-05T02:54:40.912557Z,KXCOPPER15M-26OCT042300-00,0.0100,2.44,no
2026-10-05T02:54:42.234811Z,KXCOPPER15M-26OCT042300-00,0.0100,192.14,no
2026-10-05T02:54:42.235259Z,KXCOPPER15M-26OCT042300-00,0.0100,147.86,no
2026-10-05T02:54:54.050889Z,KXCOPPER15M-26OCT042300-00,0.0200,2.00,yes
2026-10-05T02:54:54.050889Z,KXCOPPER15M-26OCT042300-00,0.0200,0.01,yes
2026-10-05T02:54:54.050889Z,KXCOPPER15M-26OCT042300-00,0.0200,136.10,yes
2026-10-05T02:54:54.050889Z,KXCOPPER15M-26OCT042300-00,0.0200,41.00,yes
2026-10-05T02:54:54.050889Z,KXCOPPER15M-26OCT042300-00,0.0200,30.00,yes
2026-10-05T02:54:54.050889Z,KXCOPPER15M-26OCT042300-00,0.0200,60.00,yes
2026-10-05T02:54:54.050889Z,KXCOPPER15M-26OCT042300-00,0.0200,30.00,yes
2026-10-05T02:54:54.050889Z,KXCOPPER15M-26OCT042300-00,0.0200,60.00,yes
2026-10-05T02:54:54.050889Z,KXCOPPER15M-26OCT042300-00,0.0200,60.00,yes
2026-10-05T02:54:54.050889Z,KXCOPPER15M-26OCT042300-00,0.0200,2.00,yes
2026-10-05T02:54:55.068609Z,KXCOPPER15M-26OCT042300-00,0.0100,1.00,no
2026-10-05T02:54:55.18037Z,KXCOPPER15M-26OCT042300-00,0.0100,156.06,no
2026-10-05T02:55:00.45867Z,KXCOPPER15M-26OCT042300-00,0.0100,5.84,no
2026-10-05T02:55:03.031839Z,KXCOPPER15M-26OCT042300-00,0.0100,180.00,no
2026-10-05T02:55:03.332905Z,KXCOPPER15M-26OCT042300-00,0.0100,1.01,no
2026-10-05T02:55:07.724326Z,KXCOPPER15M-26OCT042300-00,0.0100,49.07,no
2026-10-05T02:55:07.724326Z,KXCOPPER15M-26OCT042300-00,0.0100,5.00,no
2026-10-05T02:55:07.724326Z,KXCOPPER15M-26OCT042300-00,0.0100,7.00,no
2026-10-05T02:55:07.724326Z,KXCOPPER15M-26OCT042300-00,0.0100,85.00,no
2026-10-05T02:55:07.724326Z,KXCOPPER15M-26OCT042300-00,0.0100,3.30,no
2026-10-05T02:55:07.724326Z,KXCOPPER15M-26OCT042300-00,0.0100,2.00,no
2026-10-05T02:55:07.724326Z,KXCOPPER15M-26OCT042300-00,0.0100,1.00,no
2026-10-05T02:55:07.724326Z,KXCOPPER15M-26OCT042300-00,0.0100,6.63,no
2026-10-05T02:55:07.724326Z,KXCOPPER15M-26OCT042300-00,0.0100,50.00,no
2026-10-05T02:55:07.724326Z,KXCOPPER15M-26OCT042300-00,0.0100,100.00,no
2026-10-05T02:55:07.724326Z,KXCOPPER15M-26OCT042300-00,0.0100,10.00,no
2026-10-05T02:55:07.724326Z,KXCOPPER15M-26OCT042300-00,0.0100,2.00,no
2026-10-05T02:55:07.724326Z,KXCOPPER15M-26OCT042300-00,0.0100,2.00,no
2026-10-05T02:55:07.724326Z,KXCOPPER15M-26OCT042300-00,0.0100,1.00,no
2026-10-05T02:55:07.724326Z,KXCOPPER15M-26OCT042300-00,0.0100,20.00,no
2026-10-05T02:55:07.724326Z,KXCOPPER15M-26OCT042300-00,0.0100,60.00,no
2026-10-05T02:55:07.724326Z,KXCOPPER15M-26OCT042300-00,0.0100,1.00,no
2026-10-05T02:55:07.724326Z,KXCOPPER15M-26OCT042300-00,0.0100,6.00,no
2026-10-05T02:55:07.848782Z,KXCOPPER15M-26OCT042300-00,0.0100,50.00,no
2026-10-05T02:55:07.848782Z,KXCOPPER15M-26OCT042300-00,0.0100,7.00,no
2026-10-05T02:55:07.981224Z,KXCOPPER15M-26OCT042300-00,0.0100,56.00,no
2026-10-05T02:55:07.981224Z,KXCOPPER15M-26OCT042300-00,0.0100,7.00,no
2026-10-05T02:55:08.115635Z,KXCOPPER15M-26OCT042300-00,0.0100,50.00,no
2026-10-05T02:55:08.115635Z,KXCOPPER15M-26OCT042300-00,0.0100,7.00,no
2026-10-05T02:55:08.115635Z,KXCOPPER15M-26OCT042300-00,0.0100,60.00,no
2026-10-05T02:55:18.297334Z,KXCOPPER15M-26OCT042300-00,0.0100,23.37,yes
2026-10-05T02:55:19.432671Z,KXCOPPER15M-26OCT042300-00,0.0100,3.51,yes
2026-10-05T02:55:19.432671Z,KXCOPPER15M-26OCT042300-00,0.0100,30.00,yes
2026-10-05T02:55:19.432671Z,KXCOPPER15M-26OCT042300-00,0.0100,60.00,yes
2026-10-05T02:55:25.825023Z,KXCOPPER15M-26OCT042300-00,0.0100,60.00,yes
2026-10-05T02:55:25.825023Z,KXCOPPER15M-26OCT042300-00,0.0100,4.00,yes
2026-10-05T02:55:25.825023Z,KXCOPPER15M-26OCT042300-00,0.0100,60.00,yes
2026-10-05T02:55:25.825023Z,KXCOPPER15M-26OCT042300-00,0.0100,40.00,yes
2026-10-05T02:55:25.825023Z,KXCOPPER15M-26OCT042300-00,0.0100,23.03,yes
2026-10-05T02:55:45.245311Z,KXCOPPER15M-26OCT042300-00,0.0100,25.25,yes
2026-10-05T02:55:52.628017Z,KXCOPPER15M-26OCT042300-00,0.0100,60.00,yes
2026-10-05T02:55:52.628017Z,KXCOPPER15M-26OCT042300-00,0.0100,30.00,yes
2026-10-05T02:55:52.628017Z,KXCOPPER15M-26OCT042300-00,0.0100,3.51,yes
2026-10-05T02:56:01.802876Z,KXCOPPER15M-26OCT042300-00,0.0100,13.09,yes
2026-10-05T02:56:16.160839Z,KXCOPPER15M-26OCT042300-00,0.0100,7.00,yes
2026-10-05T02:56:16.160839Z,KXCOPPER15M-26OCT042300-00,0.0100,29.60,yes
2026-10-05T02:56:16.160839Z,KXCOPPER15M-26OCT042300-00,0.0100,30.00,yes
2026-10-05T02:56:16.160839Z,KXCOPPER15M-26OCT042300-00,0.0100,26.91,yes
2026-10-05T02:56:28.609545Z,KXCOPPER15M-26OCT042300-00,0.0100,3.51,yes
2026-10-05T02:56:28.609545Z,KXCOPPER15M-26OCT042300-00,0.0100,30.00,yes
2026-10-05T02:56:28.609545Z,KXCOPPER15M-26OCT042300-00,0.0100,60.00,yes
2026-10-05T02:56:31.501159Z,KXCOPPER15M-26OCT042300-00,0.0100,27.03,yes
2026-10-05T02:56:31.501159Z,KXCOPPER15M-26OCT042300-00,0.0100,60.00,yes
2026-10-05T02:56:31.501159Z,KXCOPPER15M-26OCT042300-00,0.0100,60.00,yes
2026-10-05T02:56:31.501159Z,KXCOPPER15M-26OCT042300-00,0.0100,40.00,yes
2026-10-05T02:57:16.475049Z,KXCOPPER15M-26OCT042300-00,0.0100,30.00,yes
2026-10-05T02:57:16.475049Z,KXCOPPER15M-26OCT042300-00,0.0100,60.00,yes
2026-10-05T02:57:16.475049Z,KXCOPPER15M-26OCT042300-00,0.0100,3.51,yes
2026-10-05T02:57:27.523138Z,KXCOPPER15M-26OCT042300-00,0.0100,30.00,yes
2026-10-05T02:57:27.523138Z,KXCOPPER15M-26OCT042300-00,0.0100,40.00,yes
2026-10-05T02:57:27.523138Z,KXCOPPER15M-26OCT042300-00,0.0100,23.51,yes
2026-10-05T02:57:31.917346Z,KXCOPPER15M-26OCT042300-00,0.0100,6.49,yes
2026-10-05T02:57:31.917346Z,KXCOPPER15M-26OCT042300-00,0.0100,87.02,yes
2026-10-05T02:57:39.494911Z,KXCOPPER15M-26OCT042300-00,0.0100,23.37,yes
2026-10-05T02:57:39.707151Z,KXCOPPER15M-26OCT042300-00,0.0100,62.65,yes
2026-10-05T02:57:48.004215Z,KXCOPPER15M-26OCT042300-00,0.0100,1.00,yes
2026-10-05T02:58:02.59831Z,KXCOPPER15M-26OCT042300-00,0.0100,187.03,yes
2026-10-05T02:58:11.851342Z,KXCOPPER15M-26OCT042300-00,0.0100,8.00,yes
2026-10-05T02:58:40.512112Z,KXCOPPER15M-26OCT042300-00,0.0100,0.11,yes
2026-10-05T02:59:04.706956Z,KXCOPPER15M-26OCT042300-00,0.0100,9.00,yes
2026-10-05T02:59:04.706956Z,KXCOPPER15M-26OCT042300-00,0.0100,380.82,yes
2026-10-05T02:59:04.706956Z,KXCOPPER15M-26OCT042300-00,0.0100,475.37,yes
2026-10-05T02:59:04.706956Z,KXCOPPER15M-26OCT042300-00,0.0100,40.00,yes
2026-10-05T02:59:04.706956Z,KXCOPPER15M-26OCT042300-00,0.0100,30.00,yes
2026-10-05T02:59:13.49318Z,KXCOPPER15M-26OCT042300-00,0.0100,24.63,yes
2026-10-05T02:59:13.49318Z,KXCOPPER15M-26OCT042300-00,0.0100,60.00,yes
2026-10-05T02:59:13.49318Z,KXCOPPER15M-26OCT042300-00,0.0100,60.00,yes
2026-10-05T02:59:13.49318Z,KXCOPPER15M-26OCT042300-00,0.0100,4.77,yes
2026-10-05T02:59:13.49318Z,KXCOPPER15M-26OCT042300-00,0.0100,30.00,yes
2026-10-05T02:59:55.14933Z,KXCOPPER15M-26OCT042300-00,0.0100,100.00,yes
2026-10-05T02:55:07.177357Z,KXEURUSD15M-26OCT042300-30,0.0200,46.79,yes
2026-10-05T02:55:29.823148Z,KXEURUSD15M-26OCT042300-30,0.0200,60.00,yes
2026-10-05T02:55:29.823148Z,KXEURUSD15M-26OCT042300-30,0.0200,23.58,yes
2026-10-05T02:55:29.823148Z,KXEURUSD15M-26OCT042300-30,0.0200,10.00,yes
2026-10-05T02:55:36.423545Z,KXEURUSD15M-26OCT042300-30,0.0100,1.00,no
2026-10-05T02:55:41.394417Z,KXEURUSD15M-26OCT042300-30,0.0100,5.09,yes
2026-10-05T02:56:25.821527Z,KXEURUSD15M-26OCT042300-30,0.0100,1.17,yes
2026-10-05T02:56:47.480478Z,KXEURUSD15M-26OCT042300-30,0.0100,16.83,yes
2026-10-05T02:57:26.178784Z,KXEURUSD15M-26OCT042300-30,0.0100,60.00,yes
2026-10-05T02:57:26.178784Z,KXEURUSD15M-26OCT042300-30,0.0200,43.51,yes
2026-10-05T02:57:26.178784Z,KXEURUSD15M-26OCT042300-30,0.0100,30.00,yes
2026-10-05T02:57:26.178784Z,KXEURUSD15M-26OCT042300-30,0.0100,10.00,yes
2026-10-05T02:59:38.51359Z,KXEURUSD15M-26OCT042300-30,0.0200,2.00,yes
2026-10-05T02:59:38.51359Z,KXEURUSD15M-26OCT042300-30,0.0300,29.65,yes
2026-10-05T02:55:17.200846Z,KXBNB15M-26OCT042300-00,0.0140,2.00,yes
2026-10-05T02:55:17.200846Z,KXBNB15M-26OCT042300-00,0.0140,2.00,yes
2026-10-05T02:55:17.200846Z,KXBNB15M-26OCT042300-00,0.0130,2.00,yes
2026-10-05T02:55:19.067907Z,KXBNB15M-26OCT042300-00,0.0100,20.00,no
2026-10-05T02:55:19.090913Z,KXBNB15M-26OCT042300-00,0.0100,20.00,no
2026-10-05T02:55:19.616325Z,KXBNB15M-26OCT042300-00,0.0100,50.00,no
2026-10-05T02:55:23.450674Z,KXBNB15M-26OCT042300-00,0.0110,2.00,yes
2026-10-05T02:55:23.450674Z,KXBNB15M-26OCT042300-00,0.0110,2.00,yes
2026-10-05T02:55:23.450674Z,KXBNB15M-26OCT042300-00,0.0110,8.58,yes
2026-10-05T02:55:23.630056Z,KXBNB15M-26OCT042300-00,0.0150,100.00,yes
2026-10-05T02:55:23.630056Z,KXBNB15M-26OCT042300-00,0.0150,25.13,yes
2026-10-05T02:55:23.630056Z,KXBNB15M-26OCT042300-00,0.0120,2.00,yes
2026-10-05T02:55:23.630056Z,KXBNB15M-26OCT042300-00,0.0150,29.34,yes
2026-10-05T02:55:23.630056Z,KXBNB15M-26OCT042300-00,0.0110,37.08,yes
2026-10-05T02:55:24.455815Z,KXBNB15M-26OCT042300-00,0.0100,75.00,no
2026-10-05T02:55:24.455815Z,KXBNB15M-26OCT042300-00,0.0100,2.59,no
2026-10-05T02:55:24.455815Z,KXBNB15M-26OCT042300-00,0.0100,20.00,no
2026-10-05T02:55:24.455815Z,KXBNB15M-26OCT042300-00,0.0100,2.41,no
2026-10-05T02:55:27.682427Z,KXBNB15M-26OCT042300-00,0.0110,2.00,yes
2026-10-05T02:55:27.682427Z,KXBNB15M-26OCT042300-00,0.0110,2.00,yes
2026-10-05T02:55:29.99736Z,KXBNB15M-26OCT042300-00,0.0150,22.74,yes
2026-10-05T02:55:29.99736Z,KXBNB15M-26OCT042300-00,0.0120,2.00,yes
2026-10-05T02:55:29.99736Z,KXBNB15M-26OCT042300-00,0.0120,2.00,yes
2026-10-05T02:55:29.99736Z,KXBNB15M-26OCT042300-00,0.0130,2.00,yes
2026-10-05T02:55:34.743849Z,KXBNB15M-26OCT042300-00,0.0110,2.00,yes
2026-10-05T02:55:41.841116Z,KXBNB15M-26OCT042300-00,0.0110,2.00,yes
2026-10-05T02:55:50.776644Z,KXBNB15M-26OCT042300-00,0.0110,2.00,yes
2026-10-05T02:55:50.776644Z,KXBNB15M-26OCT042300-00,0.0110,52.26,yes
2026-10-05T02:55:54.765243Z,KXBNB15M-26OCT042300-00,0.0160,1.00,yes
2026-10-05T02:55:54.765243Z,KXBNB15M-26OCT042300-00,0.0120,2.00,yes
2026-10-05T02:55:54.765243Z,KXBNB15M-26OCT042300-00,0.0160,33.00,yes
2026-10-05T02:55:54.765243Z,KXBNB15M-26OCT042300-00,0.0110,2.00,yes
2026-10-05T02:55:54.765243Z,KXBNB15M-26OCT042300-00,0.0150,14.00,yes
2026-10-05T02:55:54.765243Z,KXBNB15M-26OCT042300-00,0.0200,5.61,yes
2026-10-05T02:56:01.148105Z,KXBNB15M-26OCT042300-00,0.0100,75.00,no
2026-10-05T02:56:01.148105Z,KXBNB15M-26OCT042300-00,0.0100,17.00,no
2026-10-05T02:56:01.148105Z,KXBNB15M-26OCT042300-00,0.0100,8.00,no
2026-10-05T02:56:03.364106Z,KXBNB15M-26OCT042300-00,0.0100,7.00,no
2026-10-05T02:56:03.364106Z,KXBNB15M-26OCT042300-00,0.0100,8.00,no
2026-10-05T02:56:12.43546Z,KXBNB15M-26OCT042300-00,0.0090,20.00,no
2026-10-05T02:56:13.459389Z,KXBNB15M-26OCT042300-00,0.0090,2.00,yes
2026-10-05T02:56:13.459389Z,KXBNB15M-26OCT042300-00,0.0090,68.00,yes
2026-10-05T02:56:13.459389Z,KXBNB15M-26OCT042300-00,0.0090,50.00,yes
2026-10-05T02:56:16.180786Z,KXBNB15M-26OCT042300-00,0.0080,20.00,no
2026-10-05T02:56:16.783942Z,KXBNB15M-26OCT042300-00,0.0070,20.00,no
2026-10-05T02:56:19.242483Z,KXBNB15M-26OCT042300-00,0.0150,23.97,yes
2026-10-05T02:56:19.242483Z,KXBNB15M-26OCT042300-00,0.0100,75.00,yes
2026-10-05T02:56:19.242483Z,KXBNB15M-26OCT042300-00,0.0130,2.00,yes
2026-10-05T02:56:19.242483Z,KXBNB15M-26OCT042300-00,0.0120,2.00,yes
2026-10-05T02:56:19.242483Z,KXBNB15M-26OCT042300-00,0.0090,20.00,yes
2026-10-05T02:56:19.242483Z,KXBNB15M-26OCT042300-00,0.0080,20.00,yes
2026-10-05T02:56:19.242483Z,KXBNB15M-26OCT042300-00,0.0100,20.00,yes
2026-10-05T02:56:19.242483Z,KXBNB15M-26OCT042300-00,0.0100,100.00,yes
2026-10-05T02:56:19.242483Z,KXBNB15M-26OCT042300-00,0.0100,9.00,yes
2026-10-05T02:56:23.069129Z,KXBNB15M-26OCT042300-00,0.0100,3.00,no
2026-10-05T02:56:23.184609Z,KXBNB15M-26OCT042300-00,0.0070,37.00,no
2026-10-05T02:56:23.184609Z,KXBNB15M-26OCT042300-00,0.0100,4.41,no
2026-10-05T02:56:23.184609Z,KXBNB15M-26OCT042300-00,0.0050,4.00,no
2026-10-05T02:56:23.184609Z,KXBNB15M-26OCT042300-00,0.0050,30.00,no
2026-10-05T02:56:23.184609Z,KXBNB15M-26OCT042300-00,0.0030,100.00,no
2026-10-05T02:56:23.184609Z,KXBNB15M-26OCT042300-00,0.0060,20.00,no
2026-10-05T02:56:23.184609Z,KXBNB15M-26OCT042300-00,0.0050,20.00,no
2026-10-05T02:56:23.184609Z,KXBNB15M-26OCT042300-00,0.0040,20.00,no
2026-10-05T02:56:23.184609Z,KXBNB15M-26OCT042300-00,0.0030,20.00,no
2026-10-05T02:56:23.184609Z,KXBNB15M-26OCT042300-00,0.0030,387.99,no
2026-10-05T02:56:23.184609Z,KXBNB15M-26OCT042300-00,0.0040,13.00,no
2026-10-05T02:56:23.184609Z,KXBNB15M-26OCT042300-00,0.0050,11.00,no
2026-10-05T02:56:23.184609Z,KXBNB15M-26OCT042300-00,0.0040,1.00,no
2026-10-05T02:56:23.184609Z,KXBNB15M-26OCT042300-00,0.0040,1.00,no
2026-10-05T02:56:23.184609Z,KXBNB15M-26OCT042300-00,0.0050,30.00,no
2026-10-05T02:56:23.184609Z,KXBNB15M-26OCT042300-00,0.0040,1.00,no
2026-10-05T02:56:23.184609Z,KXBNB15M-26OCT042300-00,0.0040,1.00,no
2026-10-05T02:56:23.184609Z,KXBNB15M-26OCT042300-00,0.0040,1.00,no
2026-10-05T02:56:23.502842Z,KXBNB15M-26OCT042300-00,0.0030,40.93,no
2026-10-05T02:56:24.994661Z,KXBNB15M-26OCT042300-00,0.0040,10.00,yes
2026-10-05T02:56:28.142116Z,KXBNB15M-26OCT042300-00,0.0030,47.14,no
2026-10-05T02:56:31.705245Z,KXBNB15M-26OCT042300-00,0.0040,47.14,yes
2026-10-05T02:56:31.705245Z,KXBNB15M-26OCT042300-00,0.0040,387.99,yes
2026-10-05T02:56:31.705245Z,KXBNB15M-26OCT042300-00,0.0050,16.83,yes
2026-10-05T02:56:31.705245Z,KXBNB15M-26OCT042300-00,0.0040,10.00,yes
2026-10-05T02:56:32.479866Z,KXBNB15M-26OCT042300-00,0.0080,100.00,yes
2026-10-05T02:56:32.479866Z,KXBNB15M-26OCT042300-00,0.0050,3.17,yes
2026-10-05T02:56:32.479866Z,KXBNB15M-26OCT042300-00,0.0070,20.00,yes
2026-10-05T02:56:32.479866Z,KXBNB15M-26OCT042300-00,0.0060,20.00,yes
2026-10-05T02:56:32.479866Z,KXBNB15M-26OCT042300-00,0.0090,2.00,yes
2026-10-05T02:56:32.479866Z,KXBNB15M-26OCT042300-00,0.0100,2.00,yes
2026-10-05T02:56:32.479866Z,KXBNB15M-26OCT042300-00,0.0060,40.93,yes
2026-10-05T02:56:32.479866Z,KXBNB15M-26OCT042300-00,0.0100,10.00,yes
2026-10-05T02:56:32.479866Z,KXBNB15M-26OCT042300-00,0.0100,10.00,yes
2026-10-05T02:56:32.479866Z,KXBNB15M-26OCT042300-00,0.0100,24.75,yes
2026-10-05T02:56:32.479866Z,KXBNB15M-26OCT042300-00,0.0080,1.00,yes
2026-10-05T02:56:34.168171Z,KXBNB15M-26OCT042300-00,0.0100,178.30,yes
2026-10-05T02:56:34.168171Z,KXBNB15M-26OCT042300-00,0.0100,102.25,yes
2026-10-05T02:56:39.173869Z,KXBNB15M-26OCT042300-00,0.0120,4.00,yes
2026-10-05T02:56:43.01501Z,KXBNB15M-26OCT042300-00,0.0030,20.00,no
2026-10-05T02:56:43.62172Z,KXBNB15M-26OCT042300-00,0.0050,0.17,no
2026-10-05T02:56:45.937538Z,KXBNB15M-26OCT042300-00,0.0150,102.29,yes
2026-10-05T02:56:45.937538Z,KXBNB15M-26OCT042300-00,0.0140,20.00,yes
2026-10-05T02:56:45.937538Z,KXBNB15M-26OCT042300-00,0.0120,2.00,yes
2026-10-05T02:56:45.937538Z,KXBNB15M-26OCT042300-00,0.0110,2.00,yes
2026-10-05T02:56:46.208315Z,KXBNB15M-26OCT042300-00,0.0050,2.00,no
2026-10-05T02:56:46.208315Z,KXBNB15M-26OCT042300-00,0.0050,3.83,no
2026-10-05T02:56:46.375612Z,KXBNB15M-26OCT042300-00,0.0050,99.00,yes
2026-10-05T02:56:47.02909Z,KXBNB15M-26OCT042300-00,0.0050,50.00,yes
2026-10-05T02:56:48.729693Z,KXBNB15M-26OCT042300-00,0.0050,327.00,yes
2026-10-05T02:56:50.03565Z,KXBNB15M-26OCT042300-00,0.0040,2.00,no
2026-10-05T02:56:54.198638Z,KXBNB15M-26OCT042300-00,0.0030,1.00,no
2026-10-05T02:56:58.756261Z,KXBNB15M-26OCT042300-00,0.0120,2.00,yes
2026-10-05T02:56:58.756261Z,KXBNB15M-26OCT042300-00,0.0110,2.00,yes
2026-10-05T02:56:58.756261Z,KXBNB15M-26OCT042300-00,0.0100,40.00,yes
2026-10-05T02:56:58.756261Z,KXBNB15M-26OCT042300-00,0.0140,25.00,yes
2026-10-05T02:56:58.756261Z,KXBNB15M-26OCT042300-00,0.0140,5.00,yes
2026-10-05T02:56:58.756261Z,KXBNB15M-26OCT042300-00,0.0110,0.03,yes
2026-10-05T02:56:58.756261Z,KXBNB15M-26OCT042300-00,0.0150,2.49,yes
2026-10-05T02:56:58.756261Z,KXBNB15M-26OCT042300-00,0.0130,0.04,yes
2026-10-05T02:56:58.756261Z,KXBNB15M-26OCT042300-00,0.0100,0.03,yes
2026-10-05T02:56:58.756261Z,KXBNB15M-26OCT042300-00,0.0120,0.03,yes
2026-10-05T02:56:58.756261Z,KXBNB15M-26OCT042300-00,0.0140,0.04,yes
2026-10-05T02:56:58.756261Z,KXBNB15M-26OCT042300-00,0.0100,1.00,yes
2026-10-05T02:56:58.786574Z,KXBNB15M-26OCT042300-00,0.0040,2.00,no
2026-10-05T02:56:58.786574Z,KXBNB15M-26OCT042300-00,0.0040,28.00,no
2026-10-05T02:57:01.0182Z,KXBNB15M-26OCT042300-00,0.0030,200.00,no
2026-10-05T02:57:01.037987Z,KXBNB15M-26OCT042300-00,0.0030,2.00,no
2026-10-05T02:57:01.037987Z,KXBNB15M-26OCT042300-00,0.0030,2.00,no
2026-10-05T02:57:01.037987Z,KXBNB15M-26OCT042300-00,0.0030,2.00,no
2026-10-05T02:57:01.037987Z,KXBNB15M-26OCT042300-00,0.0030,2.00,no
2026-10-05T02:57:01.037987Z,KXBNB15M-26OCT042300-00,0.0030,18.00,no
2026-10-05T02:57:01.037987Z,KXBNB15M-26OCT042300-00,0.0030,2.00,no
2026-10-05T02:57:01.037987Z,KXBNB15M-26OCT042300-00,0.0030,50.00,no
2026-10-05T02:57:01.037987Z,KXBNB15M-26OCT042300-00,0.0030,2.00,no
2026-10-05T02:57:01.037987Z,KXBNB15M-26OCT042300-00,0.0030,31.00,no
2026-10-05T02:57:01.037987Z,KXBNB15M-26OCT042300-00,0.0030,30.00,no
2026-10-05T02:57:10.111579Z,KXBNB15M-26OCT042300-00,0.0090,17.66,yes
2026-10-05T02:57:12.611985Z,KXBNB15M-26OCT042300-00,0.0080,24.00,yes
2026-10-05T02:57:14.02516Z,KXBNB15M-26OCT042300-00,0.0080,229.09,yes
2026-10-05T02:57:14.117003Z,KXBNB15M-26OCT042300-00,0.0020,1.00,no
2026-10-05T02:57:24.931083Z,KXBNB15M-26OCT042300-00,0.0030,77.89,yes
2026-10-05T02:57:29.390092Z,KXBNB15M-26OCT042300-00,0.0020,95.17,no
2026-10-05T02:57:29.897794Z,KXBNB15M-26OCT042300-00,0.0020,0.25,no
2026-10-05T02:57:33.382614Z,KXBNB15M-26OCT042300-00,0.0020,2.00,no
2026-10-05T02:57:34.163368Z,KXBNB15M-26OCT042300-00,0.0020,2.00,no
2026-10-05T02:57:34.552825Z,KXBNB15M-26OCT042300-00,0.0020,30.00,no
2026-10-05T02:57:34.552825Z,KXBNB15M-26OCT042300-00,0.0020,3.00,no
2026-10-05T02:57:34.552825Z,KXBNB15M-26OCT042300-00,0.0020,3.00,no
2026-10-05T02:57:34.552825Z,KXBNB15M-26OCT042300-00,0.0020,3.00,no
2026-10-05T02:57:34.552825Z,KXBNB15M-26OCT042300-00,0.0020,26.00,no
2026-10-05T02:57:34.552825Z,KXBNB15M-26OCT042300-00,0.0020,3.00,no
2026-10-05T02:57:34.552825Z,KXBNB15M-26OCT042300-00,0.0020,3.00,no
2026-10-05T02:57:34.552825Z,KXBNB15M-26OCT042300-00,0.0020,500.00,no
2026-10-05T02:57:34.552825Z,KXBNB15M-26OCT042300-00,0.0020,99.58,no
2026-10-05T02:57:34.552825Z,KXBNB15M-26OCT042300-00,0.0020,400.00,no
2026-10-05T02:57:34.552825Z,KXBNB15M-26OCT042300-00,0.0020,9.42,no
2026-10-05T02:57:34.552825Z,KXBNB15M-26OCT042300-00,0.0020,1.00,no
2026-10-05T02:57:36.577848Z,KXBNB15M-26OCT042300-00,0.0020,394.83,no
2026-10-05T02:57:36.577848Z,KXBNB15M-26OCT042300-00,0.0020,11.00,no
2026-10-05T02:57:36.577848Z,KXBNB15M-26OCT042300-00,0.0020,20.00,no
2026-10-05T02:57:36.577848Z,KXBNB15M-26OCT042300-00,0.0020,0.17,no
2026-10-05T02:57:38.479834Z,KXBNB15M-26OCT042300-00,0.0020,52.00,no
2026-10-05T02:57:38.487493Z,KXBNB15M-26OCT042300-00,0.0020,4.00,no
2026-10-05T02:57:38.487493Z,KXBNB15M-26OCT042300-00,0.0020,53.17,no
2026-10-05T02:57:38.487493Z,KXBNB15M-26OCT042300-00,0.0020,1.00,no
2026-10-05T02:57:41.103544Z,KXBNB15M-26OCT042300-00,0.0020,27.00,no
2026-10-05T02:57:44.015165Z,KXBNB15M-26OCT042300-00,0.0020,3.00,no
2026-10-05T02:57:49.832449Z,KXBNB15M-26OCT042300-00,0.0010,37.72,no
2026-10-05T02:57:51.327442Z,KXBNB15M-26OCT042300-00,0.0010,17.00,no
2026-10-05T02:57:51.415321Z,KXBNB15M-26OCT042300-00,0.0010,8.00,no
2026-10-05T02:57:52.374073Z,KXBNB15M-26OCT042300-00,0.0010,16.72,no
2026-10-05T02:57:52.374073Z,KXBNB15M-26OCT042300-00,0.0010,3.28,no
2026-10-05T02:57:52.706788Z,KXBNB15M-26OCT042300-00,0.0010,20.00,no
2026-10-05T02:57:52.753205Z,KXBNB15M-26OCT042300-00,0.0010,20.00,no
2026-10-05T02:57:52.807305Z,KXBNB15M-26OCT042300-00,0.0010,20.00,no
2026-10-05T02:57:52.993215Z,KXBNB15M-26OCT042300-00,0.0010,20.00,no
2026-10-05T02:57:53.204774Z,KXBNB15M-26OCT042300-00,0.0010,3.28,no
2026-10-05T02:57:53.204774Z,KXBNB15M-26OCT042300-00,0.0010,16.72,no
2026-10-05T02:57:55.26233Z,KXBNB15M-26OCT042300-00,0.0010,59.83,no
2026-10-05T02:57:55.26233Z,KXBNB15M-26OCT042300-00,0.0010,1.00,no
2026-10-05T02:57:55.26233Z,KXBNB15M-26OCT042300-00,0.0010,58.28,no
2026-10-05T02:57:55.26233Z,KXBNB15M-26OCT042300-00,0.0010,1.00,no
2026-10-05T02:57:57.384859Z,KXBNB15M-26OCT042300-00,0.0010,66.00,no
2026-10-05T02:57:58.167524Z,KXBNB15M-26OCT042300-00,0.0020,50.00,yes
2026-10-05T02:57:58.167524Z,KXBNB15M-26OCT042300-00,0.0020,122.11,yes
2026-10-05T02:57:58.167524Z,KXBNB15M-26OCT042300-00,0.0020,2.82,yes
2026-10-05T02:57:58.167524Z,KXBNB15M-26OCT042300-00,0.0020,0.95,yes
2026-10-05T02:57:58.167524Z,KXBNB15M-26OCT042300-00,0.0020,0.03,yes
2026-10-05T02:57:58.167524Z,KXBNB15M-26OCT042300-00,0.0020,5.65,yes
2026-10-05T02:57:58.167524Z,KXBNB15M-26OCT042300-00,0.0020,276.45,yes
2026-10-05T02:58:02.460905Z,KXBNB15M-26OCT042300-00,0.0010,5.00,no
2026-10-05T02:58:03.182638Z,KXBNB15M-26OCT042300-00,0.0010,348.00,no
2026-10-05T02:58:05.191231Z,KXBNB15M-26OCT042300-00,0.0010,7.00,no
2026-10-05T02:58:06.970598Z,KXBNB15M-26OCT042300-00,0.0010,719.89,no
2026-10-05T02:58:08.346049Z,KXBNB15M-26OCT042300-00,0.0010,30.03,no
2026-10-05T02:58:14.687794Z,KXBNB15M-26OCT042300-00,0.0010,390.00,no
2026-10-05T02:58:15.102632Z,KXBNB15M-26OCT042300-00,0.0020,7.36,yes
2026-10-05T02:58:15.102632Z,KXBNB15M-26OCT042300-00,0.0020,223.55,yes
2026-10-05T02:58:15.102632Z,KXBNB15M-26OCT042300-00,0.0020,53.17,yes
2026-10-05T02:58:15.476035Z,KXBNB15M-26OCT042300-00,0.0020,387.47,yes
2026-10-05T02:58:15.476035Z,KXBNB15M-26OCT042300-00,0.0020,52.00,yes
2026-10-05T02:58:15.476035Z,KXBNB15M-26OCT042300-00,0.0020,400.00,yes
2026-10-05T02:58:15.476035Z,KXBNB15M-26OCT042300-00,0.0020,0.04,yes
2026-10-05T02:58:15.476035Z,KXBNB15M-26OCT042300-00,0.0020,5.00,yes
2026-10-05T02:58:15.476035Z,KXBNB15M-26OCT042300-00,0.0020,25.66,yes
2026-10-05T02:58:15.476035Z,KXBNB15M-26OCT042300-00,0.0020,16.72,yes
2026-10-05T02:58:15.476035Z,KXBNB15M-26OCT042300-00,0.0020,20.00,yes
2026-10-05T02:58:15.476035Z,KXBNB15M-26OCT042300-00,0.0020,20.00,yes
2026-10-05T02:58:15.476035Z,KXBNB15M-26OCT042300-00,0.0020,20.00,yes
2026-10-05T02:58:15.476035Z,KXBNB15M-26OCT042300-00,0.0020,20.00,yes
2026-10-05T02:58:15.476035Z,KXBNB15M-26OCT042300-00,0.0020,3.28,yes
2026-10-05T02:58:15.476035Z,KXBNB15M-26OCT042300-00,0.0020,66.00,yes
2026-10-05T02:58:15.476035Z,KXBNB15M-26OCT042300-00,0.0020,59.83,yes
2026-10-05T02:58:15.631441Z,KXBNB15M-26OCT042300-00,0.0010,7.00,no
2026-10-05T02:58:26.838086Z,KXBNB15M-26OCT042300-00,0.0060,17.65,yes
2026-10-05T02:58:26.838086Z,KXBNB15M-26OCT042300-00,0.0020,7.00,yes
2026-10-05T02:58:26.838086Z,KXBNB15M-26OCT042300-00,0.0020,322.34,yes
2026-10-05T02:58:26.838086Z,KXBNB15M-26OCT042300-00,0.0060,45.00,yes
2026-10-05T02:58:26.838086Z,KXBNB15M-26OCT042300-00,0.0020,0.03,yes
2026-10-05T02:58:26.838086Z,KXBNB15M-26OCT042300-00,0.0020,7.00,yes
2026-10-05T02:58:26.838086Z,KXBNB15M-26OCT042300-00,0.0020,390.00,yes
2026-10-05T02:58:26.838086Z,KXBNB15M-26OCT042300-00,0.0020,30.03,yes
2026-10-05T02:58:26.838086Z,KXBNB15M-26OCT042300-00,0.0020,719.89,yes
2026-10-05T02:58:26.838086Z,KXBNB15M-26OCT042300-00,0.0030,0.03,yes
2026-10-05T02:58:26.838086Z,KXBNB15M-26OCT042300-00,0.0040,0.03,yes
2026-10-05T02:58:26.838086Z,KXBNB15M-26OCT042300-00,0.0050,0.03,yes
2026-10-05T02:58:26.838086Z,KXBNB15M-26OCT042300-00,0.0060,0.03,yes
2026-10-05T02:58:26.838086Z,KXBNB15M-26OCT042300-00,0.0030,17.00,yes
2026-10-05T02:58:26.838086Z,KXBNB15M-26OCT042300-00,0.0040,17.00,yes
2026-10-05T02:58:26.838086Z,KXBNB15M-26OCT042300-00,0.0030,20.00,yes
2026-10-05T02:58:26.838086Z,KXBNB15M-26OCT042300-00,0.0050,200.00,yes
2026-10-05T02:58:31.01084Z,KXBNB15M-26OCT042300-00,0.0020,200.00,no
2026-10-05T02:58:32.776855Z,KXBNB15M-26OCT042300-00,0.0010,53.00,no
2026-10-05T02:58:34.348618Z,KXBNB15M-26OCT042300-00,0.0010,1.00,no
2026-10-05T02:58:38.289668Z,KXBNB15M-26OCT042300-00,0.0010,270.00,no
2026-10-05T02:58:38.309757Z,KXBNB15M-26OCT042300-00,0.0010,1.00,no
2026-10-05T02:58:39.80007Z,KXBNB15M-26OCT042300-00,0.0010,30.00,no
2026-10-05T02:58:41.980215Z,KXBNB15M-26OCT042300-00,0.0020,142.00,yes
2026-10-05T02:58:41.980215Z,KXBNB15M-26OCT042300-00,0.0020,254.33,yes
2026-10-05T02:58:41.980215Z,KXBNB15M-26OCT042300-00,0.0020,53.00,yes
2026-10-05T02:58:41.980215Z,KXBNB15M-26OCT042300-00,0.0020,0.03,yes
2026-10-05T02:58:41.980215Z,KXBNB15M-26OCT042300-00,0.0020,17.00,yes
2026-10-05T02:58:41.980215Z,KXBNB15M-26OCT042300-00,0.0020,1.00,yes
2026-10-05T02:58:42.157604Z,KXBNB15M-26OCT042300-00,0.0020,23.33,yes
2026-10-05T02:58:42.157604Z,KXBNB15M-26OCT042300-00,0.0020,1.00,yes
2026-10-05T02:58:42.157604Z,KXBNB15M-26OCT042300-00,0.0020,15.67,yes
2026-10-05T02:58:44.022544Z,KXBNB15M-26OCT042300-00,0.0010,200.00,no
2026-10-05T02:58:44.038463Z,KXBNB15M-26OCT042300-00,0.0010,200.00,no
2026-10-05T02:58:44.051159Z,KXBNB15M-26OCT042300-00,0.0010,1.00,no
2026-10-05T02:58:44.051159Z,KXBNB15M-26OCT042300-00,0.0010,112.25,no
2026-10-05T02:58:44.051159Z,KXBNB15M-26OCT042300-00,0.0010,20.00,no
2026-10-05T02:58:44.051159Z,KXBNB15M-26OCT042300-00,0.0010,2.00,no
2026-10-05T02:58:44.051159Z,KXBNB15M-26OCT042300-00,0.0010,8.03,no
2026-10-05T02:58:44.051159Z,KXBNB15M-26OCT042300-00,0.0010,16.72,no
2026-10-05T02:58:44.051159Z,KXBNB15M-26OCT042300-00,0.0010,20.00,no
2026-10-05T02:58:44.051159Z,KXBNB15M-26OCT042300-00,0.0010,20.00,no
2026-10-05T02:58:45.345785Z,KXBNB15M-26OCT042300-00,0.0010,2.00,no
2026-10-05T02:58:45.345785Z,KXBNB15M-26OCT042300-00,0.0010,2.00,no
2026-10-05T02:58:45.345785Z,KXBNB15M-26OCT042300-00,0.0010,1.00,no
2026-10-05T02:58:45.345785Z,KXBNB15M-26OCT042300-00,0.0010,2.00,no
2026-10-05T02:58:45.345785Z,KXBNB15M-26OCT042300-00,0.0010,110.75,no
2026-10-05T02:58:45.345785Z,KXBNB15M-26OCT042300-00,0.0010,5.00,no
2026-10-05T02:58:45.345785Z,KXBNB15M-26OCT042300-00,0.0010,42.00,no
2026-10-05T02:58:45.345785Z,KXBNB15M-26OCT042300-00,0.0010,20.00,no
2026-10-05T02:58:45.345785Z,KXBNB15M-26OCT042300-00,0.0010,3.28,no
2026-10-05T02:58:45.345785Z,KXBNB15M-26OCT042300-00,0.0010,11.97,no
2026-10-05T02:58:45.359153Z,KXBNB15M-26OCT042300-00,0.0010,200.00,no
2026-10-05T02:58:45.377098Z,KXBNB15M-26OCT042300-00,0.0010,200.00,no
2026-10-05T02:58:45.429448Z,KXBNB15M-26OCT042300-00,0.0010,200.00,no
2026-10-05T02:58:45.537412Z,KXBNB15M-26OCT042300-00,0.0010,200.00,no
2026-10-05T02:58:47.622765Z,KXBNB15M-26OCT042300-00,0.0020,20.00,yes
2026-10-05T02:58:47.622765Z,KXBNB15M-26OCT042300-00,0.0020,200.00,yes
2026-10-05T02:58:47.622765Z,KXBNB15M-26OCT042300-00,0.0020,8.03,yes
2026-10-05T02:58:47.622765Z,KXBNB15M-26OCT042300-00,0.0020,16.72,yes
2026-10-05T02:58:47.622765Z,KXBNB15M-26OCT042300-00,0.0020,20.00,yes
2026-10-05T02:58:47.622765Z,KXBNB15M-26OCT042300-00,0.0020,103.54,yes
2026-10-05T02:58:47.622765Z,KXBNB15M-26OCT042300-00,0.0020,20.00,yes
2026-10-05T02:58:47.622765Z,KXBNB15M-26OCT042300-00,0.0020,6.67,yes
2026-10-05T02:58:47.622765Z,KXBNB15M-26OCT042300-00,0.0020,0.04,yes
2026-10-05T02:58:47.622765Z,KXBNB15M-26OCT042300-00,0.0020,17.00,yes
2026-10-05T02:58:47.794858Z,KXBNB15M-26OCT042300-00,0.0010,68.00,no
2026-10-05T02:58:50.673153Z,KXBNB15M-26OCT042300-00,0.0010,2.00,no
2026-10-05T02:58:50.673153Z,KXBNB15M-26OCT042300-00,0.0010,2.00,no
2026-10-05T02:58:50.673153Z,KXBNB15M-26OCT042300-00,0.0010,2.00,no
2026-10-05T02:58:50.673153Z,KXBNB15M-26OCT042300-00,0.0010,1521.25,no
2026-10-05T02:58:50.673153Z,KXBNB15M-26OCT042300-00,0.0010,2.00,no
2026-10-05T02:58:50.673153Z,KXBNB15M-26OCT042300-00,0.0010,2.00,no
2026-10-05T02:58:50.673153Z,KXBNB15M-26OCT042300-00,0.0010,20.00,no
2026-10-05T02:58:50.673153Z,KXBNB15M-26OCT042300-00,0.0010,8.03,no
2026-10-05T02:58:50.673153Z,KXBNB15M-26OCT042300-00,0.0010,16.72,no
2026-10-05T02:58:50.673153Z,KXBNB15M-26OCT042300-00,0.0010,1.00,no
2026-10-05T02:58:50.673153Z,KXBNB15M-26OCT042300-00,0.0010,20.00,no
2026-10-05T02:58:50.673153Z,KXBNB15M-26OCT042300-00,0.0010,2.00,no
2026-10-05T02:58:53.235487Z,KXBNB15M-26OCT042300-00,0.0020,110.75,yes
2026-10-05T02:58:53.235487Z,KXBNB15M-26OCT042300-00,0.0020,103.30,yes
2026-10-05T02:58:53.235487Z,KXBNB15M-26OCT042300-00,0.0020,20.00,yes
2026-10-05T02:58:53.235487Z,KXBNB15M-26OCT042300-00,0.0020,11.97,yes
2026-10-05T02:58:53.235487Z,KXBNB15M-26OCT042300-00,0.0020,3.28,yes
2026-10-05T02:58:53.235487Z,KXBNB15M-26OCT042300-00,0.0020,8.71,yes
2026-10-05T02:58:53.235487Z,KXBNB15M-26OCT042300-00,0.0020,200.00,yes
2026-10-05T02:58:53.317036Z,KXBNB15M-26OCT042300-00,0.0010,11.97,no
2026-10-05T02:58:53.317036Z,KXBNB15M-26OCT042300-00,0.0010,20.00,no
2026-10-05T02:58:53.317036Z,KXBNB15M-26OCT042300-00,0.0010,3.28,no
2026-10-05T02:58:53.317036Z,KXBNB15M-26OCT042300-00,0.0010,20.00,no
2026-10-05T02:58:53.317036Z,KXBNB15M-26OCT042300-00,0.0010,144.75,no
2026-10-05T02:58:53.333009Z,KXBNB15M-26OCT042300-00,0.0010,200.00,no
2026-10-05T02:58:53.350172Z,KXBNB15M-26OCT042300-00,0.0010,200.00,no
2026-10-05T02:59:05.141187Z,KXBNB15M-26OCT042300-00,0.0010,570.00,yes
2026-10-05T02:59:05.141187Z,KXBNB15M-26OCT042300-00,0.0010,3.00,yes
2026-10-05T02:59:05.141187Z,KXBNB15M-26OCT042300-00,0.0010,200.00,yes
2026-10-05T02:59:05.141187Z,KXBNB15M-26OCT042300-00,0.0010,28.04,yes
2026-10-05T02:59:05.141187Z,KXBNB15M-26OCT042300-00,0.0010,100.00,yes
2026-10-05T02:59:12.938657Z,KXBNB15M-26OCT042300-00,0.0010,100.00,yes
2026-10-05T02:59:12.938657Z,KXBNB15M-26OCT042300-00,0.0010,42.96,yes
2026-10-05T02:59:12.938657Z,KXBNB15M-26OCT042300-00,0.0010,40.29,yes
2026-10-05T02:59:15.517754Z,KXBNB15M-26OCT042300-00,0.0010,20.29,yes
2026-10-05T02:59:15.517754Z,KXBNB15M-26OCT042300-00,0.0010,159.71,yes
2026-10-05T02:59:19.724796Z,KXBNB15M-26OCT042300-00,0.0010,91.62,yes
2026-10-05T02:59:39.130615Z,KXBNB15M-26OCT042300-00,0.0010,96.70,yes
2026-10-05T02:59:39.130615Z,KXBNB15M-26OCT042300-00,0.0010,200.00,yes
2026-10-05T02:59:39.130615Z,KXBNB15M-26OCT042300-00,0.0010,88.09,yes
2026-10-05T02:59:39.130615Z,KXBNB15M-26OCT042300-00,0.0010,444.51,yes
2026-10-05T02:59:39.130615Z,KXBNB15M-26OCT042300-00,0.0010,68.00,yes
2026-10-05T02:59:58.129236Z,KXBNB15M-26OCT042300-00,0.0010,915.99,yes
2026-10-05T02:56:03.940822Z,KXPLATINUM15M-26OCT042300-00,0.0200,3.58,yes
2026-10-05T02:56:03.940822Z,KXPLATINUM15M-26OCT042300-00,0.0200,30.00,yes
2026-10-05T02:56:03.940822Z,KXPLATINUM15M-26OCT042300-00,0.0200,60.00,yes
2026-10-05T02:56:33.565853Z,KXPLATINUM15M-26OCT042300-00,0.0100,5.00,no
2026-10-05T02:56:33.565853Z,KXPLATINUM15M-26OCT042300-00,0.0100,100.00,no
2026-10-05T02:56:33.565853Z,KXPLATINUM15M-26OCT042300-00,0.0100,20.00,no
2026-10-05T02:56:33.565853Z,KXPLATINUM15M-26OCT042300-00,0.0100,2.00,no
2026-10-05T02:56:33.565853Z,KXPLATINUM15M-26OCT042300-00,0.0100,10.00,no
2026-10-05T02:56:33.565853Z,KXPLATINUM15M-26OCT042300-00,0.0100,1.00,no
2026-10-05T02:56:33.565853Z,KXPLATINUM15M-26OCT042300-00,0.0100,2.00,no
2026-10-05T02:56:33.565853Z,KXPLATINUM15M-26OCT042300-00,0.0100,60.00,no
2026-10-05T02:56:33.565853Z,KXPLATINUM15M-26OCT042300-00,0.0100,1.00,no
2026-10-05T02:56:56.964658Z,KXPLATINUM15M-26OCT042300-00,0.0100,50.00,yes
2026-10-05T02:58:18.890698Z,KXPLATINUM15M-26OCT042300-00,0.0100,0.50,yes
2026-10-05T02:55:55.565055Z,KXGBPUSD15M-26OCT042300-30,0.0100,0.75,no
2026-10-05T02:56:24.40196Z,KXGBPUSD15M-26OCT042300-30,0.0100,3.00,no
2026-10-05T02:56:25.000472Z,KXGBPUSD15M-26OCT042300-30,0.0100,0.50,no
2026-10-05T02:56:25.951568Z,KXGBPUSD15M-26OCT042300-30,0.0100,28.00,no
2026-10-05T02:56:33.903912Z,KXGBPUSD15M-26OCT042300-30,0.0100,0.56,no
2026-10-05T02:57:02.356118Z,KXGBPUSD15M-26OCT042300-30,0.0100,60.00,yes
2026-10-05T02:57:02.356118Z,KXGBPUSD15M-26OCT042300-30,0.0100,30.00,yes
2026-10-05T02:57:02.356118Z,KXGBPUSD15M-26OCT042300-30,0.0200,188.56,yes
2026-10-05T02:57:13.572915Z,KXGBPUSD15M-26OCT042300-30,0.0100,0.50,yes
2026-10-05T02:57:31.889558Z,KXGBPUSD15M-26OCT042300-30,0.0300,29.02,yes
2026-10-05T02:57:31.889558Z,KXGBPUSD15M-26OCT042300-30,0.0100,30.00,yes
2026-10-05T02:57:31.889558Z,KXGBPUSD15M-26OCT042300-30,0.0100,60.00,yes
2026-10-05T02:57:31.889558Z,KXGBPUSD15M-26OCT042300-30,0.0100,10.00,yes
2026-10-05T02:59:25.330675Z,KXGBPUSD15M-26OCT042300-30,0.0100,10.00,yes
2026-10-05T02:59:25.330675Z,KXGBPUSD15M-26OCT042300-30,0.0100,6.75,yes
2026-10-05T02:59:25.330675Z,KXGBPUSD15M-26OCT042300-30,0.0100,30.00,yes
2026-10-05T02:56:40.166678Z,KXXRP15M-26OCT042300-00,0.0210,11.00,yes
2026-10-05T02:56:40.166678Z,KXXRP15M-26OCT042300-00,0.0220,13.00,yes
2026-10-05T02:56:40.166678Z,KXXRP15M-26OCT042300-00,0.0280,2.30,yes
2026-10-05T02:56:40.166678Z,KXXRP15M-26OCT042300-00,0.0270,5.00,yes
2026-10-05T02:56:40.166678Z,KXXRP15M-26OCT042300-00,0.0230,0.10,yes
2026-10-05T02:56:40.166678Z,KXXRP15M-26OCT042300-00,0.0210,24.00,yes
2026-10-05T02:56:40.166678Z,KXXRP15M-26OCT042300-00,0.0210,1.00,yes
2026-10-05T02:56:40.235872Z,KXXRP15M-26OCT042300-00,0.0210,40.00,no
2026-10-05T02:56:40.235872Z,KXXRP15M-26OCT042300-00,0.0210,18.00,no
2026-10-05T02:56:40.272307Z,KXXRP15M-26OCT042300-00,0.0200,0.01,no
2026-10-05T02:56:40.316677Z,KXXRP15M-26OCT042300-00,0.0180,0.22,no
2026-10-05T02:56:41.37857Z,KXXRP15M-26OCT042300-00,0.0190,3.05,no
2026-10-05T02:56:42.160491Z,KXXRP15M-26OCT042300-00,0.0240,5.00,yes
2026-10-05T02:56:42.160491Z,KXXRP15M-26OCT042300-00,0.0250,13.00,yes
2026-10-05T02:56:43.112172Z,KXXRP15M-26OCT042300-00,0.0150,3.73,no
2026-10-05T02:56:43.112172Z,KXXRP15M-26OCT042300-00,0.0170,5.00,no
2026-10-05T02:56:43.112172Z,KXXRP15M-26OCT042300-00,0.0160,5.00,no
2026-10-05T02:56:43.112172Z,KXXRP15M-26OCT042300-00,0.0160,8.00,no
2026-10-05T02:56:43.112172Z,KXXRP15M-26OCT042300-00,0.0180,29.00,no
2026-10-05T02:56:44.082126Z,KXXRP15M-26OCT042300-00,0.0310,39.11,yes
2026-10-05T02:56:44.082126Z,KXXRP15M-26OCT042300-00,0.0240,5.00,yes
2026-10-05T02:56:44.082126Z,KXXRP15M-26OCT042300-00,0.0230,5.00,yes
2026-10-05T02:56:44.082126Z,KXXRP15M-26OCT042300-00,0.0300,9.00,yes
2026-10-05T02:56:44.082126Z,KXXRP15M-26OCT042300-00,0.0240,5.00,yes
2026-10-05T02:56:44.082126Z,KXXRP15M-26OCT042300-00,0.0270,0.10,yes
2026-10-05T02:56:44.082126Z,KXXRP15M-26OCT042300-00,0.0310,0.46,yes
2026-10-05T02:56:44.574211Z,KXXRP15M-26OCT042300-00,0.0210,3.71,yes
2026-10-05T02:56:45.702021Z,KXXRP15M-26OCT042300-00,0.0210,5.00,no
2026-10-05T02:56:45.702021Z,KXXRP15M-26OCT042300-00,0.0200,5.00,no
2026-10-05T02:56:45.842289Z,KXXRP15M-26OCT042300-00,0.0210,5.00,no
2026-10-05T02:56:46.067573Z,KXXRP15M-26OCT042300-00,0.0210,40.00,no
2026-10-05T02:56:46.326061Z,KXXRP15M-26OCT042300-00,0.0210,40.00,no
2026-10-05T02:56:46.501189Z,KXXRP15M-26OCT042300-00,0.0250,3.05,yes
2026-10-05T02:56:47.340212Z,KXXRP15M-26OCT042300-00,0.0200,7.00,no
2026-10-05T02:56:47.340212Z,KXXRP15M-26OCT042300-00,0.0190,15.00,no
2026-10-05T02:56:47.340212Z,KXXRP15M-26OCT042300-00,0.0190,5.00,no
2026-10-05T02:56:47.641559Z,KXXRP15M-26OCT042300-00,0.0200,7.50,no
2026-10-05T02:56:47.641559Z,KXXRP15M-26OCT042300-00,0.0200,26.00,no
2026-10-05T02:56:47.641559Z,KXXRP15M-26OCT042300-00,0.0190,7.50,no
2026-10-05T02:56:47.641559Z,KXXRP15M-26OCT042300-00,0.0200,1.00,no
2026-10-05T02:56:47.793221Z,KXXRP15M-26OCT042300-00,0.0250,30.00,yes
2026-10-05T02:56:47.904744Z,KXXRP15M-26OCT042300-00,0.0190,40.00,no
2026-10-05T02:56:47.904744Z,KXXRP15M-26OCT042300-00,0.0190,8.00,no
2026-10-05T02:56:48.044357Z,KXXRP15M-26OCT042300-00,0.0170,5.00,no
2026-10-05T02:56:48.044357Z,KXXRP15M-26OCT042300-00,0.0170,3.44,no
2026-10-05T02:56:48.044357Z,KXXRP15M-26OCT042300-00,0.0170,0.10,no
2026-10-05T02:56:48.044357Z,KXXRP15M-26OCT042300-00,0.0170,0.46,no
2026-10-05T02:56:48.044357Z,KXXRP15M-26OCT042300-00,0.0170,1.00,no
2026-10-05T02:56:49.078304Z,KXXRP15M-26OCT042300-00,0.0190,29.00,no
2026-10-05T02:56:49.187116Z,KXXRP15M-26OCT042300-00,0.0160,5.00,no
2026-10-05T02:56:49.187116Z,KXXRP15M-26OCT042300-00,0.0160,12.00,no
2026-10-05T02:56:49.187116Z,KXXRP15M-26OCT042300-00,0.0170,7.00,no
2026-10-05T02:56:49.187116Z,KXXRP15M-26OCT042300-00,0.0190,16.00,no
2026-10-05T02:56:49.297378Z,KXXRP15M-26OCT042300-00,0.0220,60.71,yes
2026-10-05T02:56:50.401429Z,KXXRP15M-26OCT042300-00,0.0210,1.00,yes
2026-10-05T02:56:52.111808Z,KXXRP15M-26OCT042300-00,0.0180,14.00,yes
2026-10-05T02:56:52.111808Z,KXXRP15M-26OCT042300-00,0.0190,11.38,yes
2026-10-05T02:56:52.314669Z,KXXRP15M-26OCT042300-00,0.0190,0.25,yes
2026-10-05T02:56:54.061284Z,KXXRP15M-26OCT042300-00,0.0190,22.00,yes
2026-10-05T02:56:54.180836Z,KXXRP15M-26OCT042300-00,0.0180,15.00,no
2026-10-05T02:56:54.180836Z,KXXRP15M-26OCT042300-00,0.0170,15.00,no
2026-10-05T02:56:54.180836Z,KXXRP15M-26OCT042300-00,0.0170,4.00,no
2026-10-05T02:56:54.339434Z,KXXRP15M-26OCT042300-00,0.0130,5.00,no
2026-10-05T02:56:54.509124Z,KXXRP15M-26OCT042300-00,0.0300,9.00,yes
2026-10-05T02:56:54.509124Z,KXXRP15M-26OCT042300-00,0.0250,0.46,yes
2026-10-05T02:56:54.509124Z,KXXRP15M-26OCT042300-00,0.0260,0.10,yes
2026-10-05T02:56:54.509124Z,KXXRP15M-26OCT042300-00,0.0300,58.74,yes
2026-10-05T02:56:54.509124Z,KXXRP15M-26OCT042300-00,0.0240,5.00,yes
2026-10-05T02:56:54.509124Z,KXXRP15M-26OCT042300-00,0.0250,40.00,yes
2026-10-05T02:56:54.542232Z,KXXRP15M-26OCT042300-00,0.0150,3.04,no
2026-10-05T02:56:55.663958Z,KXXRP15M-26OCT042300-00,0.0150,7.51,yes
2026-10-05T02:56:55.663958Z,KXXRP15M-26OCT042300-00,0.0140,31.00,yes
2026-10-05T02:56:55.663958Z,KXXRP15M-26OCT042300-00,0.0150,15.00,yes
2026-10-05T02:56:55.663958Z,KXXRP15M-26OCT042300-00,0.0150,5.00,yes
2026-10-05T02:56:56.644336Z,KXXRP15M-26OCT042300-00,0.0160,1.00,yes
2026-10-05T02:56:56.644336Z,KXXRP15M-26OCT042300-00,0.0210,33.42,yes
2026-10-05T02:56:56.644336Z,KXXRP15M-26OCT042300-00,0.0200,11.00,yes
2026-10-05T02:56:56.644336Z,KXXRP15M-26OCT042300-00,0.0210,5.00,yes
2026-10-05T02:56:56.644336Z,KXXRP15M-26OCT042300-00,0.0210,35.00,yes
2026-10-05T02:56:56.644336Z,KXXRP15M-26OCT042300-00,0.0160,5.00,yes
2026-10-05T02:56:58.718785Z,KXXRP15M-26OCT042300-00,0.0210,66.00,yes
2026-10-05T02:56:58.718785Z,KXXRP15M-26OCT042300-00,0.0200,13.00,yes
2026-10-05T02:56:58.718785Z,KXXRP15M-26OCT042300-00,0.0300,17.00,yes
2026-10-05T02:56:58.718785Z,KXXRP15M-26OCT042300-00,0.0210,100.00,yes
2026-10-05T02:56:58.718785Z,KXXRP15M-26OCT042300-00,0.0310,46.53,yes
2026-10-05T02:56:58.718785Z,KXXRP15M-26OCT042300-00,0.0150,8.00,yes
2026-10-05T02:56:58.718785Z,KXXRP15M-26OCT042300-00,0.0290,1.00,yes
2026-10-05T02:56:58.718785Z,KXXRP15M-26OCT042300-00,0.0210,40.00,yes
2026-10-05T02:56:58.718785Z,KXXRP15M-26OCT042300-00,0.0150,9.00,yes
2026-10-05T02:56:58.718785Z,KXXRP15M-26OCT042300-00,0.0160,7.00,yes
2026-10-05T02:56:58.718785Z,KXXRP15M-26OCT042300-00,0.0180,5.00,yes
2026-10-05T02:56:58.718785Z,KXXRP15M-26OCT042300-00,0.0160,8.00,yes
2026-10-05T02:56:58.718785Z,KXXRP15M-26OCT042300-00,0.0170,5.00,yes
2026-10-05T02:56:58.718785Z,KXXRP15M-26OCT042300-00,0.0200,11.00,yes
2026-10-05T02:56:58.718785Z,KXXRP15M-26OCT042300-00,0.0160,9.00,yes
2026-10-05T02:56:58.718785Z,KXXRP15M-26OCT042300-00,0.0210,5.00,yes
2026-10-05T02:56:58.718785Z,KXXRP15M-26OCT042300-00,0.0310,15.00,yes
2026-10-05T02:56:58.718785Z,KXXRP15M-26OCT042300-00,0.0310,60.00,yes
2026-10-05T02:56:58.718785Z,KXXRP15M-26OCT042300-00,0.0210,40.00,yes
2026-10-05T02:56:58.718785Z,KXXRP15M-26OCT042300-00,0.0210,40.00,yes
2026-10-05T02:56:58.718785Z,KXXRP15M-26OCT042300-00,0.0310,45.00,yes
2026-10-05T02:56:58.718785Z,KXXRP15M-26OCT042300-00,0.0250,3.73,yes
2026-10-05T02:56:58.718785Z,KXXRP15M-26OCT042300-00,0.0210,40.00,yes
2026-10-05T02:57:00.84561Z,KXXRP15M-26OCT042300-00,0.0150,2.43,no
2026-10-05T02:57:01.008075Z,KXXRP15M-26OCT042300-00,0.0140,1.00,no
2026-10-05T02:57:01.282338Z,KXXRP15M-26OCT042300-00,0.0140,3.04,yes
2026-10-05T02:57:01.306675Z,KXXRP15M-26OCT042300-00,0.0130,46.00,no
2026-10-05T02:57:01.321178Z,KXXRP15M-26OCT042300-00,0.0120,10.54,no
2026-10-05T02:57:01.321178Z,KXXRP15M-26OCT042300-00,0.0130,27.00,no
2026-10-05T02:57:01.321178Z,KXXRP15M-26OCT042300-00,0.0130,0.46,no
2026-10-05T02:57:01.321178Z,KXXRP15M-26OCT042300-00,0.0130,7.00,no
2026-10-05T02:57:01.321178Z,KXXRP15M-26OCT042300-00,0.0130,1.00,no
2026-10-05T02:57:01.321178Z,KXXRP15M-26OCT042300-00,0.0130,2.00,no
2026-10-05T02:57:01.334879Z,KXXRP15M-26OCT042300-00,0.0120,20.00,no
2026-10-05T02:57:01.474004Z,KXXRP15M-26OCT042300-00,0.0120,50.00,no
2026-10-05T02:57:01.731402Z,KXXRP15M-26OCT042300-00,0.0120,60.00,no
2026-10-05T02:57:01.856855Z,KXXRP15M-26OCT042300-00,0.0130,37.00,yes
2026-10-05T02:57:01.86331Z,KXXRP15M-26OCT042300-00,0.0130,2.00,no
2026-10-05T02:57:01.871539Z,KXXRP15M-26OCT042300-00,0.0130,1.00,no
2026-10-05T02:57:02.079181Z,KXXRP15M-26OCT042300-00,0.0130,18.66,no
2026-10-05T02:57:02.114906Z,KXXRP15M-26OCT042300-00,0.0130,7.00,no
2026-10-05T02:57:02.228968Z,KXXRP15M-26OCT042300-00,0.0130,7.00,no
2026-10-05T02:57:02.228968Z,KXXRP15M-26OCT042300-00,0.0130,3.34,no
2026-10-05T02:57:02.265227Z,KXXRP15M-26OCT042300-00,0.0110,100.00,no
2026-10-05T02:57:02.265227Z,KXXRP15M-26OCT042300-00,0.0110,1.00,no
2026-10-05T02:57:02.265227Z,KXXRP15M-26OCT042300-00,0.0110,10.00,no
2026-10-05T02:57:02.265227Z,KXXRP15M-26OCT042300-00,0.0110,2.00,no
2026-10-05T02:57:02.265227Z,KXXRP15M-26OCT042300-00,0.0110,12.52,no
2026-10-05T02:57:02.265227Z,KXXRP15M-26OCT042300-00,0.0110,1.00,no
2026-10-05T02:57:02.265227Z,KXXRP15M-26OCT042300-00,0.0110,20.00,no
2026-10-05T02:57:02.265227Z,KXXRP15M-26OCT042300-00,0.0110,106.00,no
2026-10-05T02:57:02.265227Z,KXXRP15M-26OCT042300-00,0.0120,90.48,no
2026-10-05T02:57:02.265227Z,KXXRP15M-26OCT042300-00,0.0120,7.00,no
2026-10-05T02:57:02.590414Z,KXXRP15M-26OCT042300-00,0.0110,1.00,no
2026-10-05T02:57:03.112926Z,KXXRP15M-26OCT042300-00,0.0120,31.00,yes
2026-10-05T02:57:03.112926Z,KXXRP15M-26OCT042300-00,0.0120,23.05,yes
2026-10-05T02:57:03.838434Z,KXXRP15M-26OCT042300-00,0.0130,17.47,no
2026-10-05T02:57:03.990506Z,KXXRP15M-26OCT042300-00,0.0130,3.00,no
2026-10-05T02:57:04.571074Z,KXXRP15M-26OCT042300-00,0.0140,59.48,yes
2026-10-05T02:57:04.571074Z,KXXRP15M-26OCT042300-00,0.0140,5.00,yes
2026-10-05T02:57:04.571074Z,KXXRP15M-26OCT042300-00,0.0140,1.00,yes
2026-10-05T02:57:04.957869Z,KXXRP15M-26OCT042300-00,0.0140,0.58,yes
2026-10-05T02:57:05.012643Z,KXXRP15M-26OCT042300-00,0.0130,8.00,no
2026-10-05T02:57:05.012643Z,KXXRP15M-26OCT042300-00,0.0130,10.00,no
2026-10-05T02:57:05.256054Z,KXXRP15M-26OCT042300-00,0.0110,1.00,no
2026-10-05T02:57:05.256054Z,KXXRP15M-26OCT042300-00,0.0110,6.48,no
2026-10-05T02:57:05.256054Z,KXXRP15M-26OCT042300-00,0.0110,2.00,no
2026-10-05T02:57:05.256054Z,KXXRP15M-26OCT042300-00,0.0100,24.52,no
2026-10-05T02:57:05.256054Z,KXXRP15M-26OCT042300-00,0.0100,31.00,no
2026-10-05T02:57:05.256054Z,KXXRP15M-26OCT042300-00,0.0120,27.00,no
2026-10-05T02:57:05.256054Z,KXXRP15M-26OCT042300-00,0.0110,8.00,no
2026-10-05T02:57:05.260306Z,KXXRP15M-26OCT042300-00,0.0140,19.54,yes
2026-10-05T02:57:05.260306Z,KXXRP15M-26OCT042300-00,0.0140,45.94,yes
2026-10-05T02:57:06.451329Z,KXXRP15M-26OCT042300-00,0.0120,6.00,yes
2026-10-05T02:57:06.451329Z,KXXRP15M-26OCT042300-00,0.0120,1.79,yes
2026-10-05T02:57:06.86779Z,KXXRP15M-26OCT042300-00,0.0100,1.00,no
2026-10-05T02:57:06.86779Z,KXXRP15M-26OCT042300-00,0.0100,19.82,no
2026-10-05T02:57:06.86779Z,KXXRP15M-26OCT042300-00,0.0100,275.48,no
2026-10-05T02:57:06.86779Z,KXXRP15M-26OCT042300-00,0.0100,40.00,no
2026-10-05T02:57:06.86779Z,KXXRP15M-26OCT042300-00,0.0110,8.00,no
2026-10-05T02:57:06.86779Z,KXXRP15M-26OCT042300-00,0.0110,10.00,no
2026-10-05T02:57:06.86779Z,KXXRP15M-26OCT042300-00,0.0110,15.00,no
2026-10-05T02:57:06.928768Z,KXXRP15M-26OCT042300-00,0.0110,10.00,no
2026-10-05T02:57:06.946704Z,KXXRP15M-26OCT042300-00,0.0100,20.00,no
2026-10-05T02:57:06.946704Z,KXXRP15M-26OCT042300-00,0.0100,12.29,no
2026-10-05T02:57:06.946704Z,KXXRP15M-26OCT042300-00,0.0100,5.18,no
2026-10-05T02:57:06.946704Z,KXXRP15M-26OCT042300-00,0.0110,4.00,no
2026-10-05T02:57:06.946704Z,KXXRP15M-26OCT042300-00,0.0110,8.00,no
2026-10-05T02:57:06.946704Z,KXXRP15M-26OCT042300-00,0.0100,30.28,no
2026-10-05T02:57:06.946704Z,KXXRP15M-26OCT042300-00,0.0100,10.25,no
2026-10-05T02:57:06.946704Z,KXXRP15M-26OCT042300-00,0.0100,10.00,no
2026-10-05T02:57:07.085854Z,KXXRP15M-26OCT042300-00,0.0100,50.00,no
2026-10-05T02:57:07.630551Z,KXXRP15M-26OCT042300-00,0.0100,30.15,no
2026-10-05T02:57:08.060772Z,KXXRP15M-26OCT042300-00,0.0110,19.00,yes
2026-10-05T02:57:08.060772Z,KXXRP15M-26OCT042300-00,0.0110,2.00,yes
2026-10-05T02:57:08.73829Z,KXXRP15M-26OCT042300-00,0.0100,10.09,no
2026-10-05T02:57:09.303036Z,KXXRP15M-26OCT042300-00,0.0110,17.00,yes
2026-10-05T02:57:09.303036Z,KXXRP15M-26OCT042300-00,0.0120,14.95,yes
2026-10-05T02:57:09.303036Z,KXXRP15M-26OCT042300-00,0.0110,0.01,yes
2026-10-05T02:57:09.303036Z,KXXRP15M-26OCT042300-00,0.0110,38.00,yes
2026-10-05T02:57:09.303036Z,KXXRP15M-26OCT042300-00,0.0110,12.00,yes
2026-10-05T02:57:09.473134Z,KXXRP15M-26OCT042300-00,0.0120,2.20,yes
2026-10-05T02:57:10.202067Z,KXXRP15M-26OCT042300-00,0.0120,2.67,yes
2026-10-05T02:57:10.202067Z,KXXRP15M-26OCT042300-00,0.0120,3.33,yes
2026-10-05T02:57:10.434302Z,KXXRP15M-26OCT042300-00,0.0110,8.00,no
2026-10-05T02:57:10.434302Z,KXXRP15M-26OCT042300-00,0.0110,0.10,no
2026-10-05T02:57:10.434302Z,KXXRP15M-26OCT042300-00,0.0100,91.90,no
2026-10-05T02:57:10.509937Z,KXXRP15M-26OCT042300-00,0.0110,0.01,yes
2026-10-05T02:57:10.509937Z,KXXRP15M-26OCT042300-00,0.0130,19.96,yes
2026-10-05T02:57:10.509937Z,KXXRP15M-26OCT042300-00,0.0120,0.01,yes
2026-10-05T02:57:10.509937Z,KXXRP15M-26OCT042300-00,0.0130,0.02,yes
2026-10-05T02:57:10.517344Z,KXXRP15M-26OCT042300-00,0.0130,11.00,yes
2026-10-05T02:57:10.523181Z,KXXRP15M-26OCT042300-00,0.0130,0.04,yes
2026-10-05T02:57:11.620421Z,KXXRP15M-26OCT042300-00,0.0120,0.02,yes
2026-10-05T02:57:12.077465Z,KXXRP15M-26OCT042300-00,0.0140,132.97,yes
2026-10-05T02:57:12.077465Z,KXXRP15M-26OCT042300-00,0.0130,0.02,yes
2026-10-05T02:57:13.087711Z,KXXRP15M-26OCT042300-00,0.0120,25.00,no
2026-10-05T02:57:13.21887Z,KXXRP15M-26OCT042300-00,0.0110,47.00,no
2026-10-05T02:57:13.21887Z,KXXRP15M-26OCT042300-00,0.0110,8.00,no
2026-10-05T02:57:13.21887Z,KXXRP15M-26OCT042300-00,0.0100,45.00,no
2026-10-05T02:57:13.725086Z,KXXRP15M-26OCT042300-00,0.0100,5.00,no
2026-10-05T02:57:13.734688Z,KXXRP15M-26OCT042300-00,0.0100,1.00,no
2026-10-05T02:57:13.828276Z,KXXRP15M-26OCT042300-00,0.0100,10.00,no
2026-10-05T02:57:13.836034Z,KXXRP15M-26OCT042300-00,0.0100,2.00,no
2026-10-05T02:57:14.034535Z,KXXRP15M-26OCT042300-00,0.0100,4.00,no
2026-10-05T02:57:14.043301Z,KXXRP15M-26OCT042300-00,0.0100,1.00,no
2026-10-05T02:57:14.138844Z,KXXRP15M-26OCT042300-00,0.0100,6.00,no
2026-10-05T02:57:14.147073Z,KXXRP15M-26OCT042300-00,0.0100,1.00,no
2026-10-05T02:57:14.426053Z,KXXRP15M-26OCT042300-00,0.0110,16.00,yes
2026-10-05T02:57:14.426053Z,KXXRP15M-26OCT042300-00,0.0110,1.00,yes
2026-10-05T02:57:14.426053Z,KXXRP15M-26OCT042300-00,0.0110,24.98,yes
2026-10-05T02:57:14.426053Z,KXXRP15M-26OCT042300-00,0.0110,0.02,yes
2026-10-05T02:57:15.227038Z,KXXRP15M-26OCT042300-00,0.0100,11.00,no
2026-10-05T02:57:15.746335Z,KXXRP15M-26OCT042300-00,0.0140,17.04,yes
2026-10-05T02:57:15.746335Z,KXXRP15M-26OCT042300-00,0.0130,5.00,yes
2026-10-05T02:57:15.746335Z,KXXRP15M-26OCT042300-00,0.0110,34.00,yes
2026-10-05T02:57:15.746335Z,KXXRP15M-26OCT042300-00,0.0110,0.02,yes
2026-10-05T02:57:15.746335Z,KXXRP15M-26OCT042300-00,0.0110,15.02,yes
2026-10-05T02:57:15.746335Z,KXXRP15M-26OCT042300-00,0.0120,0.02,yes
2026-10-05T02:57:15.746335Z,KXXRP15M-26OCT042300-00,0.0120,1.00,yes
2026-10-05T02:57:15.746335Z,KXXRP15M-26OCT042300-00,0.0120,5.00,yes
2026-10-05T02:57:15.746335Z,KXXRP15M-26OCT042300-00,0.0130,0.10,yes
2026-10-05T02:57:15.746335Z,KXXRP15M-26OCT042300-00,0.0130,0.02,yes
2026-10-05T02:57:16.250779Z,KXXRP15M-26OCT042300-00,0.0100,101.58,no
2026-10-05T02:57:16.250779Z,KXXRP15M-26OCT042300-00,0.0100,200.42,no
2026-10-05T02:57:16.401693Z,KXXRP15M-26OCT042300-00,0.0110,100.00,no
2026-10-05T02:57:17.129896Z,KXXRP15M-26OCT042300-00,0.0130,1.00,yes
2026-10-05T02:57:17.129896Z,KXXRP15M-26OCT042300-00,0.0160,1.00,yes
2026-10-05T02:57:17.129896Z,KXXRP15M-26OCT042300-00,0.0170,5.00,yes
2026-10-05T02:57:17.129896Z,KXXRP15M-26OCT042300-00,0.0170,1.00,yes
2026-10-05T02:57:17.129896Z,KXXRP15M-26OCT042300-00,0.0120,49.00,yes
2026-10-05T02:57:17.129896Z,KXXRP15M-26OCT042300-00,0.0120,6.00,yes
2026-10-05T02:57:17.129896Z,KXXRP15M-26OCT042300-00,0.0120,0.02,yes
2026-10-05T02:57:17.129896Z,KXXRP15M-26OCT042300-00,0.0150,1.00,yes
2026-10-05T02:57:17.129896Z,KXXRP15M-26OCT042300-00,0.0140,5.00,yes
2026-10-05T02:57:17.129896Z,KXXRP15M-26OCT042300-00,0.0130,0.02,yes
2026-10-05T02:57:17.129896Z,KXXRP15M-26OCT042300-00,0.0150,5.00,yes
2026-10-05T02:57:17.129896Z,KXXRP15M-26OCT042300-00,0.0180,0.50,yes
2026-10-05T02:57:17.129896Z,KXXRP15M-26OCT042300-00,0.0140,0.02,yes
2026-10-05T02:57:17.129896Z,KXXRP15M-26OCT042300-00,0.0140,1.85,yes
2026-10-05T02:57:17.129896Z,KXXRP15M-26OCT042300-00,0.0170,0.02,yes
2026-10-05T02:57:17.129896Z,KXXRP15M-26OCT042300-00,0.0180,0.02,yes
2026-10-05T02:57:17.129896Z,KXXRP15M-26OCT042300-00,0.0160,0.02,yes
2026-10-05T02:57:17.129896Z,KXXRP15M-26OCT042300-00,0.0150,0.02,yes
2026-10-05T02:57:17.129896Z,KXXRP15M-26OCT042300-00,0.0140,61.47,yes
2026-10-05T02:57:17.24442Z,KXXRP15M-26OCT042300-00,0.0120,11.00,no
2026-10-05T02:57:17.24442Z,KXXRP15M-26OCT042300-00,0.0120,7.60,no
2026-10-05T02:57:17.24442Z,KXXRP15M-26OCT042300-00,0.0120,7.00,no
2026-10-05T02:57:19.452556Z,KXXRP15M-26OCT042300-00,0.0110,80.00,no
2026-10-05T02:57:19.778255Z,KXXRP15M-26OCT042300-00,0.0130,12.21,yes
2026-10-05T02:57:19.778255Z,KXXRP15M-26OCT042300-00,0.0120,18.00,yes
2026-10-05T02:57:19.778255Z,KXXRP15M-26OCT042300-00,0.0120,23.00,yes
2026-10-05T02:57:19.778255Z,KXXRP15M-26OCT042300-00,0.0130,0.02,yes
2026-10-05T02:57:19.778255Z,KXXRP15M-26OCT042300-00,0.0120,23.00,yes
2026-10-05T02:57:20.678612Z,KXXRP15M-26OCT042300-00,0.0110,30.00,no
2026-10-05T02:57:20.678612Z,KXXRP15M-26OCT042300-00,0.0110,220.00,no
2026-10-05T02:57:21.77654Z,KXXRP15M-26OCT042300-00,0.0100,5.00,no
2026-10-05T02:57:21.77654Z,KXXRP15M-26OCT042300-00,0.0100,6.00,no
2026-10-05T02:57:21.848033Z,KXXRP15M-26OCT042300-00,0.0100,339.00,no
2026-10-05T02:57:21.848033Z,KXXRP15M-26OCT042300-00,0.0100,19.00,no
2026-10-05T02:57:23.904388Z,KXXRP15M-26OCT042300-00,0.0110,9.00,yes
2026-10-05T02:57:23.904388Z,KXXRP15M-26OCT042300-00,0.0110,10.00,yes
2026-10-05T02:57:23.904388Z,KXXRP15M-26OCT042300-00,0.0110,0.02,yes
2026-10-05T02:57:23.904388Z,KXXRP15M-26OCT042300-00,0.0110,6.00,yes
2026-10-05T02:57:23.904388Z,KXXRP15M-26OCT042300-00,0.0110,19.00,yes
2026-10-05T02:57:23.904388Z,KXXRP15M-26OCT042300-00,0.0120,23.00,yes
2026-10-05T02:57:23.904388Z,KXXRP15M-26OCT042300-00,0.0140,1.00,yes
2026-10-05T02:57:23.904388Z,KXXRP15M-26OCT042300-00,0.0140,18.00,yes
2026-10-05T02:57:23.904388Z,KXXRP15M-26OCT042300-00,0.0130,5.79,yes
2026-10-05T02:57:23.904388Z,KXXRP15M-26OCT042300-00,0.0150,19.00,yes
2026-10-05T02:57:23.904388Z,KXXRP15M-26OCT042300-00,0.0150,0.02,yes
2026-10-05T02:57:23.904388Z,KXXRP15M-26OCT042300-00,0.0140,0.02,yes
2026-10-05T02:57:23.904388Z,KXXRP15M-26OCT042300-00,0.0160,2.34,yes
2026-10-05T02:57:23.904388Z,KXXRP15M-26OCT042300-00,0.0150,5.00,yes
2026-10-05T02:57:23.904388Z,KXXRP15M-26OCT042300-00,0.0130,0.02,yes
2026-10-05T02:57:23.904388Z,KXXRP15M-26OCT042300-00,0.0110,13.00,yes
2026-10-05T02:57:23.904388Z,KXXRP15M-26OCT042300-00,0.0150,13.00,yes
2026-10-05T02:57:23.904388Z,KXXRP15M-26OCT042300-00,0.0120,0.02,yes
2026-10-05T02:57:25.121345Z,KXXRP15M-26OCT042300-00,0.0090,14.00,no
2026-10-05T02:57:25.121345Z,KXXRP15M-26OCT042300-00,0.0100,25.00,no
2026-10-05T02:57:25.121345Z,KXXRP15M-26OCT042300-00,0.0100,61.00,no
2026-10-05T02:57:26.309569Z,KXXRP15M-26OCT042300-00,0.0080,6.24,no
2026-10-05T02:57:26.309569Z,KXXRP15M-26OCT042300-00,0.0090,26.00,no
2026-10-05T02:57:26.309569Z,KXXRP15M-26OCT042300-00,0.0090,7.00,no
2026-10-05T02:57:26.360311Z,KXXRP15M-26OCT042300-00,0.0090,4.00,yes
2026-10-05T02:57:26.903239Z,KXXRP15M-26OCT042300-00,0.0190,20.00,yes
2026-10-05T02:57:26.903239Z,KXXRP15M-26OCT042300-00,0.0200,1.00,yes
2026-10-05T02:57:26.903239Z,KXXRP15M-26OCT042300-00,0.0190,0.03,yes
2026-10-05T02:57:26.903239Z,KXXRP15M-26OCT042300-00,0.0200,0.03,yes
2026-10-05T02:57:26.903239Z,KXXRP15M-26OCT042300-00,0.0170,40.00,yes
2026-10-05T02:57:26.903239Z,KXXRP15M-26OCT042300-00,0.0110,0.02,yes
2026-10-05T02:57:26.903239Z,KXXRP15M-26OCT042300-00,0.0100,14.00,yes
2026-10-05T02:57:26.903239Z,KXXRP15M-26OCT042300-00,0.0100,0.02,yes
2026-10-05T02:57:26.903239Z,KXXRP15M-26OCT042300-00,0.0110,25.00,yes
2026-10-05T02:57:26.903239Z,KXXRP15M-26OCT042300-00,0.0100,26.00,yes
2026-10-05T02:57:26.903239Z,KXXRP15M-26OCT042300-00,0.0100,4.00,yes
2026-10-05T02:57:26.903239Z,KXXRP15M-26OCT042300-00,0.0090,2.24,yes
2026-10-05T02:57:26.903239Z,KXXRP15M-26OCT042300-00,0.0090,0.02,yes
2026-10-05T02:57:26.903239Z,KXXRP15M-26OCT042300-00,0.0090,37.00,yes
2026-10-05T02:57:26.903239Z,KXXRP15M-26OCT042300-00,0.0160,0.02,yes
2026-10-05T02:57:26.903239Z,KXXRP15M-26OCT042300-00,0.0170,0.02,yes
2026-10-05T02:57:26.903239Z,KXXRP15M-26OCT042300-00,0.0180,0.02,yes
2026-10-05T02:57:26.903239Z,KXXRP15M-26OCT042300-00,0.0160,19.00,yes
2026-10-05T02:57:26.903239Z,KXXRP15M-26OCT042300-00,0.0170,19.00,yes
2026-10-05T02:57:26.903239Z,KXXRP15M-26OCT042300-00,0.0200,19.00,yes
2026-10-05T02:57:26.903239Z,KXXRP15M-26OCT042300-00,0.0190,19.00,yes
2026-10-05T02:57:26.903239Z,KXXRP15M-26OCT042300-00,0.0180,19.00,yes
2026-10-05T02:57:26.903239Z,KXXRP15M-26OCT042300-00,0.0180,5.00,yes
2026-10-05T02:57:26.903239Z,KXXRP15M-26OCT042300-00,0.0170,5.00,yes
2026-10-05T02:57:26.903239Z,KXXRP15M-26OCT042300-00,0.0160,13.00,yes
2026-10-05T02:57:26.903239Z,KXXRP15M-26OCT042300-00,0.0130,0.02,yes
2026-10-05T02:57:26.903239Z,KXXRP15M-26OCT042300-00,0.0140,0.02,yes
2026-10-05T02:57:26.903239Z,KXXRP15M-26OCT042300-00,0.0150,0.02,yes
2026-10-05T02:57:26.903239Z,KXXRP15M-26OCT042300-00,0.0120,0.10,yes
2026-10-05T02:57:26.903239Z,KXXRP15M-26OCT042300-00,0.0120,0.02,yes
2026-10-05T02:57:26.903239Z,KXXRP15M-26OCT042300-00,0.0200,0.62,yes
2026-10-05T02:57:26.903239Z,KXXRP15M-26OCT042300-00,0.0160,5.00,yes
2026-10-05T02:57:27.00483Z,KXXRP15M-26OCT042300-00,0.0100,0.62,no
2026-10-05T02:57:27.053536Z,KXXRP15M-26OCT042300-00,0.0080,20.00,no
2026-10-05T02:57:27.119223Z,KXXRP15M-26OCT042300-00,0.0080,6.88,no
2026-10-05T02:57:27.39486Z,KXXRP15M-26OCT042300-00,0.0080,6.88,no
2026-10-05T02:57:27.39486Z,KXXRP15M-26OCT042300-00,0.0080,25.12,no
2026-10-05T02:57:27.401834Z,KXXRP15M-26OCT042300-00,0.0080,16.00,no
2026-10-05T02:57:27.411012Z,KXXRP15M-26OCT042300-00,0.0080,7.00,no
2026-10-05T02:57:27.41736Z,KXXRP15M-26OCT042300-00,0.0080,2.00,no
2026-10-05T02:57:27.423493Z,KXXRP15M-26OCT042300-00,0.0080,2.00,no
2026-10-05T02:57:27.587899Z,KXXRP15M-26OCT042300-00,0.0080,16.00,no
2026-10-05T02:57:28.474836Z,KXXRP15M-26OCT042300-00,0.0090,12.00,yes
2026-10-05T02:57:28.474836Z,KXXRP15M-26OCT042300-00,0.0090,6.88,yes
2026-10-05T02:57:28.474836Z,KXXRP15M-26OCT042300-00,0.0090,20.00,yes
2026-10-05T02:57:28.474836Z,KXXRP15M-26OCT042300-00,0.0090,28.00,yes
2026-10-05T02:57:28.474836Z,KXXRP15M-26OCT042300-00,0.0090,0.02,yes
2026-10-05T02:57:28.474836Z,KXXRP15M-26OCT042300-00,0.0090,6.88,yes
2026-10-05T02:57:29.153966Z,KXXRP15M-26OCT042300-00,0.0100,2.39,yes
2026-10-05T02:57:29.153966Z,KXXRP15M-26OCT042300-00,0.0090,0.02,yes
2026-10-05T02:57:29.444964Z,KXXRP15M-26OCT042300-00,0.0090,17.00,no
2026-10-05T02:57:29.444964Z,KXXRP15M-26OCT042300-00,0.0090,7.00,no
2026-10-05T02:57:29.630724Z,KXXRP15M-26OCT042300-00,0.0130,3.00,yes
2026-10-05T02:57:29.630724Z,KXXRP15M-26OCT042300-00,0.0100,35.00,yes
2026-10-05T02:57:29.630724Z,KXXRP15M-26OCT042300-00,0.0140,2.00,yes
2026-10-05T02:57:29.630724Z,KXXRP15M-26OCT042300-00,0.0150,5.00,yes
2026-10-05T02:57:29.630724Z,KXXRP15M-26OCT042300-00,0.0160,0.52,yes
2026-10-05T02:57:29.630724Z,KXXRP15M-26OCT042300-00,0.0150,0.03,yes
2026-10-05T02:57:29.630724Z,KXXRP15M-26OCT042300-00,0.0100,0.02,yes
2026-10-05T02:57:29.630724Z,KXXRP15M-26OCT042300-00,0.0130,0.02,yes
2026-10-05T02:57:29.630724Z,KXXRP15M-26OCT042300-00,0.0140,0.03,yes
2026-10-05T02:57:29.630724Z,KXXRP15M-26OCT042300-00,0.0100,10.00,yes
2026-10-05T02:57:29.630724Z,KXXRP15M-26OCT042300-00,0.0110,0.02,yes
2026-10-05T02:57:29.630724Z,KXXRP15M-26OCT042300-00,0.0160,0.03,yes
2026-10-05T02:57:29.630724Z,KXXRP15M-26OCT042300-00,0.0100,57.61,yes
2026-10-05T02:57:29.630724Z,KXXRP15M-26OCT042300-00,0.0120,0.02,yes
2026-10-05T02:57:29.630724Z,KXXRP15M-26OCT042300-00,0.0100,33.00,yes
2026-10-05T02:57:30.049996Z,KXXRP15M-26OCT042300-00,0.0090,23.00,no
2026-10-05T02:57:30.428805Z,KXXRP15M-26OCT042300-00,0.0080,6.83,no
2026-10-05T02:57:30.428805Z,KXXRP15M-26OCT042300-00,0.0080,33.00,no
2026-10-05T02:57:30.956446Z,KXXRP15M-26OCT042300-00,0.0080,16.17,no
2026-10-05T02:57:31.384054Z,KXXRP15M-26OCT042300-00,0.0070,40.00,no
2026-10-05T02:57:31.384054Z,KXXRP15M-26OCT042300-00,0.0070,8.00,no
2026-10-05T02:57:31.384054Z,KXXRP15M-26OCT042300-00,0.0070,40.00,no
2026-10-05T02:57:31.384054Z,KXXRP15M-26OCT042300-00,0.0070,7.00,no
2026-10-05T02:57:31.384054Z,KXXRP15M-26OCT042300-00,0.0070,5.00,no
2026-10-05T02:57:31.399983Z,KXXRP15M-26OCT042300-00,0.0080,40.00,yes
2026-10-05T02:57:31.399983Z,KXXRP15M-26OCT042300-00,0.0080,0.02,yes
2026-10-05T02:57:31.399983Z,KXXRP15M-26OCT042300-00,0.0090,12.00,yes
2026-10-05T02:57:31.399983Z,KXXRP15M-26OCT042300-00,0.0080,13.83,yes
2026-10-05T02:57:31.399983Z,KXXRP15M-26OCT042300-00,0.0090,25.00,yes
2026-10-05T02:57:31.399983Z,KXXRP15M-26OCT042300-00,0.0090,27.00,yes
2026-10-05T02:57:31.399983Z,KXXRP15M-26OCT042300-00,0.0090,10.94,yes
2026-10-05T02:57:31.399983Z,KXXRP15M-26OCT042300-00,0.0090,0.02,yes
2026-10-05T02:57:31.399983Z,KXXRP15M-26OCT042300-00,0.0090,30.00,yes
2026-10-05T02:57:31.399983Z,KXXRP15M-26OCT042300-00,0.0090,19.00,yes
2026-10-05T02:57:31.399983Z,KXXRP15M-26OCT042300-00,0.0090,30.00,yes
2026-10-05T02:57:31.9763Z,KXXRP15M-26OCT042300-00,0.0080,12.00,no
2026-10-05T02:57:32.289778Z,KXXRP15M-26OCT042300-00,0.0080,17.00,yes
2026-10-05T02:57:32.289778Z,KXXRP15M-26OCT042300-00,0.0080,18.00,yes
2026-10-05T02:57:32.289778Z,KXXRP15M-26OCT042300-00,0.0090,19.85,yes
2026-10-05T02:57:32.289778Z,KXXRP15M-26OCT042300-00,0.0090,30.00,yes
2026-10-05T02:57:32.289778Z,KXXRP15M-26OCT042300-00,0.0090,19.06,yes
2026-10-05T02:57:32.521813Z,KXXRP15M-26OCT042300-00,0.0080,0.02,yes
2026-10-05T02:57:32.521813Z,KXXRP15M-26OCT042300-00,0.0090,0.99,yes
2026-10-05T02:57:33.15104Z,KXXRP15M-26OCT042300-00,0.0070,0.10,no
2026-10-05T02:57:33.15104Z,KXXRP15M-26OCT042300-00,0.0070,4.93,no
2026-10-05T02:57:33.154585Z,KXXRP15M-26OCT042300-00,0.0090,0.02,yes
2026-10-05T02:57:33.154585Z,KXXRP15M-26OCT042300-00,0.0090,5.00,yes
2026-10-05T02:57:33.154585Z,KXXRP15M-26OCT042300-00,0.0090,51.00,yes
2026-10-05T02:57:33.154585Z,KXXRP15M-26OCT042300-00,0.0100,3.99,yes
2026-10-05T02:57:33.154585Z,KXXRP15M-26OCT042300-00,0.0090,9.16,yes
2026-10-05T02:57:34.638132Z,KXXRP15M-26OCT042300-00,0.0090,11.15,yes
2026-10-05T02:57:34.953613Z,KXXRP15M-26OCT042300-00,0.0060,19.78,no
2026-10-05T02:57:34.953613Z,KXXRP15M-26OCT042300-00,0.0080,30.00,no
2026-10-05T02:57:34.953613Z,KXXRP15M-26OCT042300-00,0.0080,15.00,no
2026-10-05T02:57:34.953613Z,KXXRP15M-26OCT042300-00,0.0070,9.00,no
2026-10-05T02:57:36.201471Z,KXXRP15M-26OCT042300-00,0.0090,19.78,yes
2026-10-05T02:57:36.201471Z,KXXRP15M-26OCT042300-00,0.0090,0.02,yes
2026-10-05T02:57:36.201471Z,KXXRP15M-26OCT042300-00,0.0090,13.85,yes
2026-10-05T02:57:36.201471Z,KXXRP15M-26OCT042300-00,0.0100,8.00,yes
2026-10-05T02:57:36.201471Z,KXXRP15M-26OCT042300-00,0.0090,20.00,yes
2026-10-05T02:57:36.201471Z,KXXRP15M-26OCT042300-00,0.0150,6.07,yes
2026-10-05T02:57:36.201471Z,KXXRP15M-26OCT042300-00,0.0150,5.00,yes
2026-10-05T02:57:36.201471Z,KXXRP15M-26OCT042300-00,0.0100,11.01,yes
2026-10-05T02:57:36.201471Z,KXXRP15M-26OCT042300-00,0.0130,2.00,yes
2026-10-05T02:57:36.201471Z,KXXRP15M-26OCT042300-00,0.0150,1.00,yes
2026-10-05T02:57:36.201471Z,KXXRP15M-26OCT042300-00,0.0150,0.02,yes
2026-10-05T02:57:36.201471Z,KXXRP15M-26OCT042300-00,0.0150,1.00,yes
2026-10-05T02:57:36.201471Z,KXXRP15M-26OCT042300-00,0.0110,0.02,yes
2026-10-05T02:57:36.201471Z,KXXRP15M-26OCT042300-00,0.0120,0.02,yes
2026-10-05T02:57:36.201471Z,KXXRP15M-26OCT042300-00,0.0100,0.02,yes
2026-10-05T02:57:36.201471Z,KXXRP15M-26OCT042300-00,0.0130,0.02,yes
2026-10-05T02:57:36.201471Z,KXXRP15M-26OCT042300-00,0.0140,0.03,yes
2026-10-05T02:57:36.23455Z,KXXRP15M-26OCT042300-00,0.0090,32.08,no
2026-10-05T02:57:36.624072Z,KXXRP15M-26OCT042300-00,0.0090,3.43,no
2026-10-05T02:57:37.168204Z,KXXRP15M-26OCT042300-00,0.0100,28.95,yes
2026-10-05T02:57:37.168204Z,KXXRP15M-26OCT042300-00,0.0090,33.00,yes
2026-10-05T02:57:38.107332Z,KXXRP15M-26OCT042300-00,0.0060,20.22,no
2026-10-05T02:57:38.107332Z,KXXRP15M-26OCT042300-00,0.0050,20.78,no
2026-10-05T02:57:38.107332Z,KXXRP15M-26OCT042300-00,0.0060,5.00,no
2026-10-05T02:57:38.107332Z,KXXRP15M-26OCT042300-00,0.0080,26.00,no
2026-10-05T02:57:38.107332Z,KXXRP15M-26OCT042300-00,0.0060,10.00,no
2026-10-05T02:57:38.107332Z,KXXRP15M-26OCT042300-00,0.0080,18.00,no
2026-10-05T02:57:38.742922Z,KXXRP15M-26OCT042300-00,0.0080,23.00,yes
2026-10-05T02:57:38.742922Z,KXXRP15M-26OCT042300-00,0.0080,20.78,yes
2026-10-05T02:57:38.742922Z,KXXRP15M-26OCT042300-00,0.0080,20.22,yes
2026-10-05T02:57:38.742922Z,KXXRP15M-26OCT042300-00,0.0090,21.00,yes
2026-10-05T02:57:38.742922Z,KXXRP15M-26OCT042300-00,0.0100,22.54,yes
2026-10-05T02:57:39.548165Z,KXXRP15M-26OCT042300-00,0.0080,34.00,no
2026-10-05T02:57:40.572336Z,KXXRP15M-26OCT042300-00,0.0080,41.00,yes
2026-10-05T02:57:40.572336Z,KXXRP15M-26OCT042300-00,0.0080,46.00,yes
2026-10-05T02:57:40.572336Z,KXXRP15M-26OCT042300-00,0.0100,23.37,yes
2026-10-05T02:57:42.148064Z,KXXRP15M-26OCT042300-00,0.0050,11.00,no
2026-10-05T02:57:42.148064Z,KXXRP15M-26OCT042300-00,0.0050,19.22,no
2026-10-05T02:57:42.148064Z,KXXRP15M-26OCT042300-00,0.0040,32.78,no
2026-10-05T02:57:42.148064Z,KXXRP15M-26OCT042300-00,0.0050,5.00,no
2026-10-05T02:57:42.148064Z,KXXRP15M-26OCT042300-00,0.0060,5.00,no
2026-10-05T02:57:42.148064Z,KXXRP15M-26OCT042300-00,0.0080,12.00,no
2026-10-05T02:57:42.148064Z,KXXRP15M-26OCT042300-00,0.0060,10.00,no
2026-10-05T02:57:42.148064Z,KXXRP15M-26OCT042300-00,0.0050,5.00,no
2026-10-05T02:57:43.385435Z,KXXRP15M-26OCT042300-00,0.0090,43.08,yes
2026-10-05T02:57:43.385435Z,KXXRP15M-26OCT042300-00,0.0080,19.22,yes
2026-10-05T02:57:43.385435Z,KXXRP15M-26OCT042300-00,0.0080,32.78,yes
2026-10-05T02:57:45.908384Z,KXXRP15M-26OCT042300-00,0.0070,13.54,no
2026-10-05T02:57:46.250914Z,KXXRP15M-26OCT042300-00,0.0040,13.00,no
2026-10-05T02:57:46.250914Z,KXXRP15M-26OCT042300-00,0.0040,1.00,no
2026-10-05T02:57:46.250914Z,KXXRP15M-26OCT042300-00,0.0040,1.00,no
2026-10-05T02:57:46.250914Z,KXXRP15M-26OCT042300-00,0.0040,1.00,no
2026-10-05T02:57:46.250914Z,KXXRP15M-26OCT042300-00,0.0040,1.00,no
2026-10-05T02:57:46.250914Z,KXXRP15M-26OCT042300-00,0.0040,1.00,no
2026-10-05T02:57:46.250914Z,KXXRP15M-26OCT042300-00,0.0040,317.22,no
2026-10-05T02:57:46.250914Z,KXXRP15M-26OCT042300-00,0.0030,178.66,no
2026-10-05T02:57:46.250914Z,KXXRP15M-26OCT042300-00,0.0040,40.00,no
2026-10-05T02:57:46.250914Z,KXXRP15M-26OCT042300-00,0.0040,40.00,no
2026-10-05T02:57:46.250914Z,KXXRP15M-26OCT042300-00,0.0040,5.00,no
2026-10-05T02:57:46.250914Z,KXXRP15M-26OCT042300-00,0.0050,8.00,no
2026-10-05T02:57:46.250914Z,KXXRP15M-26OCT042300-00,0.0070,20.00,no
2026-10-05T02:57:46.250914Z,KXXRP15M-26OCT042300-00,0.0070,10.46,no
2026-10-05T02:57:46.250914Z,KXXRP15M-26OCT042300-00,0.0040,8.00,no
2026-10-05T02:57:47.064758Z,KXXRP15M-26OCT042300-00,0.0060,10.04,no
2026-10-05T02:57:47.533218Z,KXXRP15M-26OCT042300-00,0.0040,1.04,no
2026-10-05T02:57:48.078009Z,KXXRP15M-26OCT042300-00,0.0060,31.00,yes
2026-10-05T02:57:48.078009Z,KXXRP15M-26OCT042300-00,0.0060,35.79,yes
2026-10-05T02:57:49.004065Z,KXXRP15M-26OCT042300-00,0.0040,30.04,no
2026-10-05T02:57:49.004065Z,KXXRP15M-26OCT042300-00,0.0040,5.96,no
2026-10-05T02:57:49.004065Z,KXXRP15M-26OCT042300-00,0.0050,64.00,no
2026-10-05T02:57:49.023126Z,KXXRP15M-26OCT042300-00,0.0040,9.96,no
2026-10-05T02:57:49.023126Z,KXXRP15M-26OCT042300-00,0.0040,1.04,no
2026-10-05T02:57:49.023126Z,KXXRP15M-26OCT042300-00,0.0040,5.96,no
2026-10-05T02:57:49.209645Z,KXXRP15M-26OCT042300-00,0.0040,23.00,no
2026-10-05T02:57:49.225004Z,KXXRP15M-26OCT042300-00,0.0040,7.00,no
2026-10-05T02:57:50.440514Z,KXXRP15M-26OCT042300-00,0.0050,2.02,no
2026-10-05T02:57:50.440514Z,KXXRP15M-26OCT042300-00,0.0050,30.00,no
2026-10-05T02:57:50.525938Z,KXXRP15M-26OCT042300-00,0.0040,64.00,no
2026-10-05T02:57:50.545494Z,KXXRP15M-26OCT042300-00,0.0040,7.00,no
2026-10-05T02:57:51.436161Z,KXXRP15M-26OCT042300-00,0.0050,4.21,yes
2026-10-05T02:57:51.436161Z,KXXRP15M-26OCT042300-00,0.0050,28.00,yes
2026-10-05T02:57:51.436161Z,KXXRP15M-26OCT042300-00,0.0080,47.92,yes
2026-10-05T02:57:51.436161Z,KXXRP15M-26OCT042300-00,0.0070,40.00,yes
2026-10-05T02:57:51.775976Z,KXXRP15M-26OCT042300-00,0.0060,65.00,yes
2026-10-05T02:57:52.195504Z,KXXRP15M-26OCT042300-00,0.0060,0.10,no
2026-10-05T02:57:52.195504Z,KXXRP15M-26OCT042300-00,0.0060,9.90,no
2026-10-05T02:57:52.45992Z,KXXRP15M-26OCT042300-00,0.0050,21.00,no
2026-10-05T02:57:52.45992Z,KXXRP15M-26OCT042300-00,0.0050,21.00,no
2026-10-05T02:57:54.077696Z,KXXRP15M-26OCT042300-00,0.0040,45.22,no
2026-10-05T02:57:54.235054Z,KXXRP15M-26OCT042300-00,0.0070,40.00,yes
2026-10-05T02:57:54.235054Z,KXXRP15M-26OCT042300-00,0.0050,22.00,yes
2026-10-05T02:57:54.235054Z,KXXRP15M-26OCT042300-00,0.0050,38.00,yes
2026-10-05T02:57:54.235054Z,KXXRP15M-26OCT042300-00,0.0090,91.44,yes
2026-10-05T02:57:54.235054Z,KXXRP15M-26OCT042300-00,0.0080,152.61,yes
2026-10-05T02:57:54.235054Z,KXXRP15M-26OCT042300-00,0.0070,23.00,yes
2026-10-05T02:57:54.257777Z,KXXRP15M-26OCT042300-00,0.0040,7.02,no
2026-10-05T02:57:55.158317Z,KXXRP15M-26OCT042300-00,0.0040,22.00,yes
2026-10-05T02:57:57.231968Z,KXXRP15M-26OCT042300-00,0.0050,1.79,yes
2026-10-05T02:57:57.946723Z,KXXRP15M-26OCT042300-00,0.0030,40.00,no
2026-10-05T02:57:57.946723Z,KXXRP15M-26OCT042300-00,0.0030,40.00,no
2026-10-05T02:57:57.946723Z,KXXRP15M-26OCT042300-00,0.0030,250.00,no
2026-10-05T02:57:57.946723Z,KXXRP15M-26OCT042300-00,0.0030,2.00,no
2026-10-05T02:57:57.946723Z,KXXRP15M-26OCT042300-00,0.0030,2.00,no
2026-10-05T02:57:57.946723Z,KXXRP15M-26OCT042300-00,0.0030,2.00,no
2026-10-05T02:57:57.946723Z,KXXRP15M-26OCT042300-00,0.0030,2.00,no
2026-10-05T02:57:57.946723Z,KXXRP15M-26OCT042300-00,0.0030,18.00,no
2026-10-05T02:57:57.946723Z,KXXRP15M-26OCT042300-00,0.0030,2.00,no
2026-10-05T02:57:57.946723Z,KXXRP15M-26OCT042300-00,0.0040,45.00,no
2026-10-05T02:57:57.946723Z,KXXRP15M-26OCT042300-00,0.0030,91.44,no
2026-10-05T02:57:57.946723Z,KXXRP15M-26OCT042300-00,0.0040,7.00,no
2026-10-05T02:57:59.148793Z,KXXRP15M-26OCT042300-00,0.0030,50.31,no
2026-10-05T02:57:59.148793Z,KXXRP15M-26OCT042300-00,0.0030,10.00,no
2026-10-05T02:57:59.148793Z,KXXRP15M-26OCT042300-00,0.0030,1.13,no
2026-10-05T02:57:59.148793Z,KXXRP15M-26OCT042300-00,0.0030,5.00,no
2026-10-05T02:57:59.148793Z,KXXRP15M-26OCT042300-00,0.0030,308.56,no
2026-10-05T02:58:01.099006Z,KXXRP15M-26OCT042300-00,0.0040,28.20,yes
2026-10-05T02:58:02.988898Z,KXXRP15M-26OCT042300-00,0.0030,5.00,no
2026-10-05T02:58:03.069471Z,KXXRP15M-26OCT042300-00,0.0030,10.92,no
2026-10-05T02:58:06.129914Z,KXXRP15M-26OCT042300-00,0.0020,307.34,no
2026-10-05T02:58:06.129914Z,KXXRP15M-26OCT042300-00,0.0030,10.00,no
2026-10-05T02:58:06.129914Z,KXXRP15M-26OCT042300-00,0.0030,183.77,no
2026-10-05T02:58:06.642119Z,KXXRP15M-26OCT042300-00,0.0030,24.78,yes
2026-10-05T02:58:09.159284Z,KXXRP15M-26OCT042300-00,0.0030,0.02,yes
2026-10-05T02:58:10.19174Z,KXXRP15M-26OCT042300-00,0.0030,55.15,no
2026-10-05T02:58:13.774685Z,KXXRP15M-26OCT042300-00,0.0020,65.48,no
2026-10-05T02:58:15.441981Z,KXXRP15M-26OCT042300-00,0.0020,1001.86,no
2026-10-05T02:58:15.686177Z,KXXRP15M-26OCT042300-00,0.0020,35.06,no
2026-10-05T02:58:15.923116Z,KXXRP15M-26OCT042300-00,0.0030,323.98,yes
2026-10-05T02:58:15.923116Z,KXXRP15M-26OCT042300-00,0.0030,5.00,yes
2026-10-05T02:58:15.923116Z,KXXRP15M-26OCT042300-00,0.0030,0.02,yes
2026-10-05T02:58:15.923116Z,KXXRP15M-26OCT042300-00,0.0030,51.00,yes
2026-10-05T02:58:15.99101Z,KXXRP15M-26OCT042300-00,0.0030,610.72,yes
2026-10-05T02:58:16.566177Z,KXXRP15M-26OCT042300-00,0.0020,118.05,no
2026-10-05T02:58:17.838713Z,KXXRP15M-26OCT042300-00,0.0030,11.00,yes
2026-10-05T02:58:17.843967Z,KXXRP15M-26OCT042300-00,0.0030,11.00,yes
2026-10-05T02:58:18.168813Z,KXXRP15M-26OCT042300-00,0.0030,32.00,yes
2026-10-05T02:58:18.178619Z,KXXRP15M-26OCT042300-00,0.0030,11.00,yes
2026-10-05T02:58:18.224881Z,KXXRP15M-26OCT042300-00,0.0030,54.00,yes
2026-10-05T02:58:18.232742Z,KXXRP15M-26OCT042300-00,0.0030,11.00,yes
2026-10-05T02:58:18.238393Z,KXXRP15M-26OCT042300-00,0.0030,11.00,yes
2026-10-05T02:58:19.152424Z,KXXRP15M-26OCT042300-00,0.0020,275.00,no
2026-10-05T02:58:19.634337Z,KXXRP15M-26OCT042300-00,0.0020,448.78,no
2026-10-05T02:58:21.780498Z,KXXRP15M-26OCT042300-00,0.0030,250.00,yes
2026-10-05T02:58:21.780498Z,KXXRP15M-26OCT042300-00,0.0030,50.31,yes
2026-10-05T02:58:21.780498Z,KXXRP15M-26OCT042300-00,0.0030,5.00,yes
2026-10-05T02:58:21.780498Z,KXXRP15M-26OCT042300-00,0.0030,10.92,yes
2026-10-05T02:58:21.780498Z,KXXRP15M-26OCT042300-00,0.0030,183.77,yes
2026-10-05T02:58:21.780498Z,KXXRP15M-26OCT042300-00,0.0030,0.02,yes
2026-10-05T02:58:21.780498Z,KXXRP15M-26OCT042300-00,0.0030,109.00,yes
2026-10-05T02:58:22.198286Z,KXXRP15M-26OCT042300-00,0.0020,429.16,no
2026-10-05T02:58:24.483321Z,KXXRP15M-26OCT042300-00,0.0030,21.30,yes
2026-10-05T02:58:27.191287Z,KXXRP15M-26OCT042300-00,0.0030,0.30,yes
2026-10-05T02:58:27.272252Z,KXXRP15M-26OCT042300-00,0.0020,20.00,no
2026-10-05T02:58:27.278229Z,KXXRP15M-26OCT042300-00,0.0020,10.00,no
2026-10-05T02:58:27.285286Z,KXXRP15M-26OCT042300-00,0.0020,2.00,no
2026-10-05T02:58:27.292245Z,KXXRP15M-26OCT042300-00,0.0020,2.00,no
2026-10-05T02:58:27.300922Z,KXXRP15M-26OCT042300-00,0.0020,2.00,no
2026-10-05T02:58:27.305909Z,KXXRP15M-26OCT042300-00,0.0020,2.00,no
2026-10-05T02:58:27.313346Z,KXXRP15M-26OCT042300-00,0.0020,2.00,no
2026-10-05T02:58:27.318173Z,KXXRP15M-26OCT042300-00,0.0020,2.00,no
2026-10-05T02:58:27.325246Z,KXXRP15M-26OCT042300-00,0.0020,2.00,no
2026-10-05T02:58:27.331934Z,KXXRP15M-26OCT042300-00,0.0020,2.00,no
2026-10-05T02:58:27.338508Z,KXXRP15M-26OCT042300-00,0.0020,2.00,no
2026-10-05T02:58:27.345215Z,KXXRP15M-26OCT042300-00,0.0020,2.00,no
2026-10-05T02:58:27.350462Z,KXXRP15M-26OCT042300-00,0.0020,2.00,no
2026-10-05T02:58:27.356322Z,KXXRP15M-26OCT042300-00,0.0020,2.00,no
2026-10-05T02:58:27.363944Z,KXXRP15M-26OCT042300-00,0.0020,2.00,no
2026-10-05T02:58:27.370882Z,KXXRP15M-26OCT042300-00,0.0020,2.00,no
2026-10-05T02:58:27.378731Z,KXXRP15M-26OCT042300-00,0.0020,2.00,no
2026-10-05T02:58:27.386227Z,KXXRP15M-26OCT042300-00,0.0020,5.00,no
2026-10-05T02:58:27.478888Z,KXXRP15M-26OCT042300-00,0.0030,40.00,yes
2026-10-05T02:58:27.478888Z,KXXRP15M-26OCT042300-00,0.0050,38.25,yes
2026-10-05T02:58:27.478888Z,KXXRP15M-26OCT042300-00,0.0040,0.02,yes
2026-10-05T02:58:27.478888Z,KXXRP15M-26OCT042300-00,0.0050,0.02,yes
2026-10-05T02:58:27.478888Z,KXXRP15M-26OCT042300-00,0.0040,11.80,yes
2026-10-05T02:58:27.478888Z,KXXRP15M-26OCT042300-00,0.0050,1.00,yes
2026-10-05T02:58:27.478888Z,KXXRP15M-26OCT042300-00,0.0030,0.02,yes
2026-10-05T02:58:27.478888Z,KXXRP15M-26OCT042300-00,0.0030,73.40,yes
2026-10-05T02:58:27.478888Z,KXXRP15M-26OCT042300-00,0.0040,35.00,yes
2026-10-05T02:58:29.005576Z,KXXRP15M-26OCT042300-00,0.0030,4.00,yes
2026-10-05T02:58:30.039974Z,KXXRP15M-26OCT042300-00,0.0010,1.00,no
2026-10-05T02:58:30.039974Z,KXXRP15M-26OCT042300-00,0.0010,500.00,no
2026-10-05T02:58:30.039974Z,KXXRP15M-26OCT042300-00,0.0020,400.00,no
2026-10-05T02:58:30.039974Z,KXXRP15M-26OCT042300-00,0.0010,800.00,no
2026-10-05T02:58:30.039974Z,KXXRP15M-26OCT042300-00,0.0010,500.00,no
2026-10-05T02:58:30.039974Z,KXXRP15M-26OCT042300-00,0.0010,500.00,no
2026-10-05T02:58:30.039974Z,KXXRP15M-26OCT042300-00,0.0010,350.00,no
2026-10-05T02:58:30.039974Z,KXXRP15M-26OCT042300-00,0.0020,1254.27,no
2026-10-05T02:58:30.039974Z,KXXRP15M-26OCT042300-00,0.0010,21.34,no
2026-10-05T02:58:30.039974Z,KXXRP15M-26OCT042300-00,0.0010,1.00,no
2026-10-05T02:58:30.039974Z,KXXRP15M-26OCT042300-00,0.0010,40.00,no
2026-10-05T02:58:30.039974Z,KXXRP15M-26OCT042300-00,0.0020,40.00,no
2026-10-05T02:58:30.039974Z,KXXRP15M-26OCT042300-00,0.0020,500.00,no
2026-10-05T02:58:30.039974Z,KXXRP15M-26OCT042300-00,0.0020,3.00,no
2026-10-05T02:58:30.039974Z,KXXRP15M-26OCT042300-00,0.0020,3.00,no
2026-10-05T02:58:30.039974Z,KXXRP15M-26OCT042300-00,0.0020,3.00,no
2026-10-05T02:58:30.039974Z,KXXRP15M-26OCT042300-00,0.0020,3.00,no
2026-10-05T02:58:30.039974Z,KXXRP15M-26OCT042300-00,0.0010,1.00,no
2026-10-05T02:58:30.039974Z,KXXRP15M-26OCT042300-00,0.0020,26.00,no
2026-10-05T02:58:30.039974Z,KXXRP15M-26OCT042300-00,0.0020,3.00,no
2026-10-05T02:58:30.039974Z,KXXRP15M-26OCT042300-00,0.0020,5.00,no
2026-10-05T02:58:30.039974Z,KXXRP15M-26OCT042300-00,0.0020,80.00,no
2026-10-05T02:58:30.039974Z,KXXRP15M-26OCT042300-00,0.0010,5.00,no
2026-10-05T02:58:30.039974Z,KXXRP15M-26OCT042300-00,0.0020,78.00,no
2026-10-05T02:58:30.039974Z,KXXRP15M-26OCT042300-00,0.0020,5.00,no
2026-10-05T02:58:30.039974Z,KXXRP15M-26OCT042300-00,0.0010,40.00,no
2026-10-05T02:58:33.497338Z,KXXRP15M-26OCT042300-00,0.0020,5.00,yes
2026-10-05T02:58:34.027209Z,KXXRP15M-26OCT042300-00,0.0020,82.00,yes
2026-10-05T02:58:35.073039Z,KXXRP15M-26OCT042300-00,0.0020,59.00,yes
2026-10-05T02:58:35.073039Z,KXXRP15M-26OCT042300-00,0.0020,404.02,yes
2026-10-05T02:58:35.073039Z,KXXRP15M-26OCT042300-00,0.0020,40.00,yes
2026-10-05T02:58:35.073039Z,KXXRP15M-26OCT042300-00,0.0020,413.00,yes
2026-10-05T02:58:36.767046Z,KXXRP15M-26OCT042300-00,0.0020,6.41,yes
2026-10-05T02:58:41.072802Z,KXXRP15M-26OCT042300-00,0.0010,1.00,yes
2026-10-05T02:58:41.072802Z,KXXRP15M-26OCT042300-00,0.0010,3.00,yes
2026-10-05T02:58:42.168453Z,KXXRP15M-26OCT042300-00,0.0010,9.01,yes
2026-10-05T02:58:47.262726Z,KXXRP15M-26OCT042300-00,0.0010,828.00,yes
2026-10-05T02:58:47.262726Z,KXXRP15M-26OCT042300-00,0.0010,87.99,yes
2026-10-05T02:58:51.272837Z,KXXRP15M-26OCT042300-00,0.0010,1546.22,yes
2026-10-05T02:59:04.606033Z,KXXRP15M-26OCT042300-00,0.0010,408.99,yes
2026-10-05T02:59:04.606033Z,KXXRP15M-26OCT042300-00,0.0010,7.00,yes
2026-10-05T02:59:04.606033Z,KXXRP15M-26OCT042300-00,0.0010,500.00,yes
2026-10-05T02:59:10.143736Z,KXXRP15M-26OCT042300-00,0.0010,350.00,yes
2026-10-05T02:59:10.143736Z,KXXRP15M-26OCT042300-00,0.0010,12.00,yes
2026-10-05T02:59:10.143736Z,KXXRP15M-26OCT042300-00,0.0020,163.59,yes
2026-10-05T02:59:10.143736Z,KXXRP15M-26OCT042300-00,0.0010,241.01,yes
2026-10-05T02:59:37.477487Z,KXXRP15M-26OCT042300-00,0.0010,19.11,yes
2026-10-05T02:56:41.863769Z,KXDOGE15M-26OCT042300-00,0.0220,85.08,yes
2026-10-05T02:56:42.932271Z,KXDOGE15M-26OCT042300-00,0.0220,2.00,yes
2026-10-05T02:56:43.266602Z,KXDOGE15M-26OCT042300-00,0.0220,2.00,yes
2026-10-05T02:56:45.241974Z,KXDOGE15M-26OCT042300-00,0.0210,0.99,no
2026-10-05T02:56:45.617252Z,KXDOGE15M-26OCT042300-00,0.0240,4.00,yes
2026-10-05T02:56:45.617252Z,KXDOGE15M-26OCT042300-00,0.0230,3.00,yes
2026-10-05T02:56:45.617252Z,KXDOGE15M-26OCT042300-00,0.0220,1.00,yes
2026-10-05T02:56:45.617252Z,KXDOGE15M-26OCT042300-00,0.0220,5.00,yes
2026-10-05T02:56:45.617252Z,KXDOGE15M-26OCT042300-00,0.0220,5.00,yes
2026-10-05T02:56:45.617252Z,KXDOGE15M-26OCT042300-00,0.0220,0.92,yes
2026-10-05T02:56:45.617252Z,KXDOGE15M-26OCT042300-00,0.0220,5.00,yes
2026-10-05T02:56:45.617252Z,KXDOGE15M-26OCT042300-00,0.0240,3.00,yes
2026-10-05T02:56:45.617252Z,KXDOGE15M-26OCT042300-00,0.0230,4.00,yes
2026-10-05T02:56:46.455924Z,KXDOGE15M-26OCT042300-00,0.0260,0.03,yes
2026-10-05T02:56:51.235449Z,KXDOGE15M-26OCT042300-00,0.0270,1.00,yes
2026-10-05T02:56:51.235449Z,KXDOGE15M-26OCT042300-00,0.0270,6.00,yes
2026-10-05T02:56:51.235449Z,KXDOGE15M-26OCT042300-00,0.0260,8.00,yes
2026-10-05T02:56:51.235449Z,KXDOGE15M-26OCT042300-00,0.0270,0.03,yes
2026-10-05T02:56:51.235449Z,KXDOGE15M-26OCT042300-00,0.0280,0.03,yes
2026-10-05T02:56:51.235449Z,KXDOGE15M-26OCT042300-00,0.0260,0.03,yes
2026-10-05T02:56:51.235449Z,KXDOGE15M-26OCT042300-00,0.0280,4.00,yes
2026-10-05T02:56:54.379189Z,KXDOGE15M-26OCT042300-00,0.0270,0.03,no
2026-10-05T02:56:54.599524Z,KXDOGE15M-26OCT042300-00,0.0300,16.00,yes
2026-10-05T02:56:54.599524Z,KXDOGE15M-26OCT042300-00,0.0320,0.99,yes
2026-10-05T02:56:54.599524Z,KXDOGE15M-26OCT042300-00,0.0310,40.00,yes
2026-10-05T02:56:54.599524Z,KXDOGE15M-26OCT042300-00,0.0290,5.00,yes
2026-10-05T02:56:54.599524Z,KXDOGE15M-26OCT042300-00,0.0310,3.00,yes
2026-10-05T02:56:54.773679Z,KXDOGE15M-26OCT042300-00,0.0200,0.03,no
2026-10-05T02:56:54.773679Z,KXDOGE15M-26OCT042300-00,0.0200,1.00,no
2026-10-05T02:56:54.773679Z,KXDOGE15M-26OCT042300-00,0.0190,7.97,no
2026-10-05T02:56:54.773679Z,KXDOGE15M-26OCT042300-00,0.0200,1.00,no
2026-10-05T02:56:55.813841Z,KXDOGE15M-26OCT042300-00,0.0250,4.00,yes
2026-10-05T02:56:55.813841Z,KXDOGE15M-26OCT042300-00,0.0250,0.03,yes
2026-10-05T02:56:55.813841Z,KXDOGE15M-26OCT042300-00,0.0320,0.03,yes
2026-10-05T02:56:55.813841Z,KXDOGE15M-26OCT042300-00,0.0320,3.00,yes
2026-10-05T02:56:55.813841Z,KXDOGE15M-26OCT042300-00,0.0240,7.00,yes
2026-10-05T02:56:55.813841Z,KXDOGE15M-26OCT042300-00,0.0270,3.00,yes
2026-10-05T02:56:55.813841Z,KXDOGE15M-26OCT042300-00,0.0260,0.03,yes
2026-10-05T02:56:55.813841Z,KXDOGE15M-26OCT042300-00,0.0270,0.03,yes
2026-10-05T02:56:55.813841Z,KXDOGE15M-26OCT042300-00,0.0230,12.00,yes
2026-10-05T02:56:55.813841Z,KXDOGE15M-26OCT042300-00,0.0240,9.00,yes
2026-10-05T02:56:55.813841Z,KXDOGE15M-26OCT042300-00,0.0280,0.03,yes
2026-10-05T02:56:55.813841Z,KXDOGE15M-26OCT042300-00,0.0280,5.00,yes
2026-10-05T02:56:55.813841Z,KXDOGE15M-26OCT042300-00,0.0280,3.00,yes
2026-10-05T02:56:59.039326Z,KXDOGE15M-26OCT042300-00,0.0240,2.22,no
2026-10-05T02:57:00.132264Z,KXDOGE15M-26OCT042300-00,0.0160,1.00,no
2026-10-05T02:57:00.132264Z,KXDOGE15M-26OCT042300-00,0.0160,9.00,no
2026-10-05T02:57:00.140642Z,KXDOGE15M-26OCT042300-00,0.0200,6.00,yes
2026-10-05T02:57:00.201575Z,KXDOGE15M-26OCT042300-00,0.0150,5.00,no
2026-10-05T02:57:00.201575Z,KXDOGE15M-26OCT042300-00,0.0150,1.00,no
2026-10-05T02:57:00.201575Z,KXDOGE15M-26OCT042300-00,0.0160,19.00,no
2026-10-05T02:57:00.201575Z,KXDOGE15M-26OCT042300-00,0.0160,0.03,no
2026-10-05T02:57:00.201575Z,KXDOGE15M-26OCT042300-00,0.0150,10.00,no
2026-10-05T02:57:00.201575Z,KXDOGE15M-26OCT042300-00,0.0150,0.03,no
2026-10-05T02:57:00.748998Z,KXDOGE15M-26OCT042300-00,0.0140,5.00,no
2026-10-05T02:57:00.748998Z,KXDOGE15M-26OCT042300-00,0.0140,1.00,no
2026-10-05T02:57:00.748998Z,KXDOGE15M-26OCT042300-00,0.0140,2.97,no
2026-10-05T02:57:00.748998Z,KXDOGE15M-26OCT042300-00,0.0140,1.00,no
2026-10-05T02:57:00.748998Z,KXDOGE15M-26OCT042300-00,0.0140,0.03,no
2026-10-05T02:57:00.761051Z,KXDOGE15M-26OCT042300-00,0.0140,10.00,no
2026-10-05T02:57:01.115085Z,KXDOGE15M-26OCT042300-00,0.0140,1.00,no
2026-10-05T02:57:01.327679Z,KXDOGE15M-26OCT042300-00,0.0130,64.94,no
2026-10-05T02:57:01.327679Z,KXDOGE15M-26OCT042300-00,0.0140,0.03,no
2026-10-05T02:57:01.327679Z,KXDOGE15M-26OCT042300-00,0.0140,12.00,no
2026-10-05T02:57:01.327679Z,KXDOGE15M-26OCT042300-00,0.0140,23.03,no
2026-10-05T02:57:01.56569Z,KXDOGE15M-26OCT042300-00,0.0130,48.00,no
2026-10-05T02:57:01.56569Z,KXDOGE15M-26OCT042300-00,0.0140,2.00,no
2026-10-05T02:57:03.047592Z,KXDOGE15M-26OCT042300-00,0.0130,1.00,no
2026-10-05T02:57:03.077659Z,KXDOGE15M-26OCT042300-00,0.0140,0.03,yes
2026-10-05T02:57:03.077659Z,KXDOGE15M-26OCT042300-00,0.0150,3.18,yes
2026-10-05T02:57:03.077659Z,KXDOGE15M-26OCT042300-00,0.0150,5.00,yes
2026-10-05T02:57:03.077659Z,KXDOGE15M-26OCT042300-00,0.0150,40.00,yes
2026-10-05T02:57:03.077659Z,KXDOGE15M-26OCT042300-00,0.0150,64.94,yes
2026-10-05T02:57:03.077659Z,KXDOGE15M-26OCT042300-00,0.0140,29.00,yes
2026-10-05T02:57:04.206828Z,KXDOGE15M-26OCT042300-00,0.0150,10.00,no
2026-10-05T02:57:04.541145Z,KXDOGE15M-26OCT042300-00,0.0140,2.00,no
2026-10-05T02:57:04.541145Z,KXDOGE15M-26OCT042300-00,0.0140,4.00,no
2026-10-05T02:57:07.248812Z,KXDOGE15M-26OCT042300-00,0.0130,3.91,no
2026-10-05T02:57:07.248812Z,KXDOGE15M-26OCT042300-00,0.0130,46.06,no
2026-10-05T02:57:07.248812Z,KXDOGE15M-26OCT042300-00,0.0140,0.03,no
2026-10-05T02:57:07.250384Z,KXDOGE15M-26OCT042300-00,0.0130,1.09,no
2026-10-05T02:57:07.250384Z,KXDOGE15M-26OCT042300-00,0.0120,0.15,no
2026-10-05T02:57:07.250384Z,KXDOGE15M-26OCT042300-00,0.0120,17.00,no
2026-10-05T02:57:07.250384Z,KXDOGE15M-26OCT042300-00,0.0130,10.00,no
2026-10-05T02:57:07.250384Z,KXDOGE15M-26OCT042300-00,0.0130,0.03,no
2026-10-05T02:57:07.250384Z,KXDOGE15M-26OCT042300-00,0.0130,2.00,no
2026-10-05T02:57:07.614097Z,KXDOGE15M-26OCT042300-00,0.0150,1.00,yes
2026-10-05T02:57:07.614097Z,KXDOGE15M-26OCT042300-00,0.0130,7.00,yes
2026-10-05T02:57:07.614097Z,KXDOGE15M-26OCT042300-00,0.0150,105.58,yes
2026-10-05T02:57:07.614097Z,KXDOGE15M-26OCT042300-00,0.0140,3.91,yes
2026-10-05T02:57:07.614097Z,KXDOGE15M-26OCT042300-00,0.0130,0.15,yes
2026-10-05T02:57:07.614097Z,KXDOGE15M-26OCT042300-00,0.0140,1.00,yes
2026-10-05T02:57:07.614097Z,KXDOGE15M-26OCT042300-00,0.0130,5.00,yes
2026-10-05T02:57:07.614097Z,KXDOGE15M-26OCT042300-00,0.0140,1.09,yes
2026-10-05T02:57:09.629826Z,KXDOGE15M-26OCT042300-00,0.0140,6.00,no
2026-10-05T02:57:09.629826Z,KXDOGE15M-26OCT042300-00,0.0130,25.00,no
2026-10-05T02:57:09.640217Z,KXDOGE15M-26OCT042300-00,0.0120,4.85,no
2026-10-05T02:57:09.640217Z,KXDOGE15M-26OCT042300-00,0.0130,7.00,no
2026-10-05T02:57:09.640217Z,KXDOGE15M-26OCT042300-00,0.0130,8.00,no
2026-10-05T02:57:09.640217Z,KXDOGE15M-26OCT042300-00,0.0120,8.15,no
2026-10-05T02:57:09.640217Z,KXDOGE15M-26OCT042300-00,0.0120,3.00,no
2026-10-05T02:57:09.652345Z,KXDOGE15M-26OCT042300-00,0.0120,10.00,no
2026-10-05T02:57:09.689091Z,KXDOGE15M-26OCT042300-00,0.0120,8.15,no
2026-10-05T02:57:09.689091Z,KXDOGE15M-26OCT042300-00,0.0120,9.97,no
2026-10-05T02:57:09.689091Z,KXDOGE15M-26OCT042300-00,0.0120,0.03,no
2026-10-05T02:57:09.689091Z,KXDOGE15M-26OCT042300-00,0.0120,1.85,no
2026-10-05T02:57:09.819559Z,KXDOGE15M-26OCT042300-00,0.0110,31.00,no
2026-10-05T02:57:09.819559Z,KXDOGE15M-26OCT042300-00,0.0110,10.00,no
2026-10-05T02:57:09.891207Z,KXDOGE15M-26OCT042300-00,0.0110,14.00,no
2026-10-05T02:57:10.712823Z,KXDOGE15M-26OCT042300-00,0.0110,20.00,no
2026-10-05T02:57:10.712823Z,KXDOGE15M-26OCT042300-00,0.0110,1.00,no
2026-10-05T02:57:11.22742Z,KXDOGE15M-26OCT042300-00,0.0140,42.00,yes
2026-10-05T02:57:11.22742Z,KXDOGE15M-26OCT042300-00,0.0150,2.00,yes
2026-10-05T02:57:11.22742Z,KXDOGE15M-26OCT042300-00,0.0130,4.85,yes
2026-10-05T02:57:11.22742Z,KXDOGE15M-26OCT042300-00,0.0130,0.03,yes
2026-10-05T02:57:11.22742Z,KXDOGE15M-26OCT042300-00,0.0150,0.03,yes
2026-10-05T02:57:11.22742Z,KXDOGE15M-26OCT042300-00,0.0120,15.00,yes
2026-10-05T02:57:11.22742Z,KXDOGE15M-26OCT042300-00,0.0120,9.00,yes
2026-10-05T02:57:11.22742Z,KXDOGE15M-26OCT042300-00,0.0150,6.70,yes
2026-10-05T02:57:11.22742Z,KXDOGE15M-26OCT042300-00,0.0120,0.03,yes
2026-10-05T02:57:11.22742Z,KXDOGE15M-26OCT042300-00,0.0120,1.00,yes
2026-10-05T02:57:11.22742Z,KXDOGE15M-26OCT042300-00,0.0140,1.00,yes
2026-10-05T02:57:11.560845Z,KXDOGE15M-26OCT042300-00,0.0110,4.00,no
2026-10-05T02:57:11.560845Z,KXDOGE15M-26OCT042300-00,0.0110,22.97,no
2026-10-05T02:57:11.560845Z,KXDOGE15M-26OCT042300-00,0.0120,20.00,no
2026-10-05T02:57:11.560845Z,KXDOGE15M-26OCT042300-00,0.0120,0.03,no
2026-10-05T02:57:11.560845Z,KXDOGE15M-26OCT042300-00,0.0120,13.00,no
2026-10-05T02:57:11.931455Z,KXDOGE15M-26OCT042300-00,0.0120,4.00,yes
2026-10-05T02:57:11.938527Z,KXDOGE15M-26OCT042300-00,0.0120,0.03,yes
2026-10-05T02:57:12.282674Z,KXDOGE15M-26OCT042300-00,0.0150,42.42,yes
2026-10-05T02:57:12.282674Z,KXDOGE15M-26OCT042300-00,0.0140,2.00,yes
2026-10-05T02:57:12.282674Z,KXDOGE15M-26OCT042300-00,0.0140,9.00,yes
2026-10-05T02:57:12.282674Z,KXDOGE15M-26OCT042300-00,0.0140,0.03,yes
2026-10-05T02:57:13.198963Z,KXDOGE15M-26OCT042300-00,0.0110,72.97,no
2026-10-05T02:57:13.198963Z,KXDOGE15M-26OCT042300-00,0.0120,20.00,no
2026-10-05T02:57:13.198963Z,KXDOGE15M-26OCT042300-00,0.0120,1.00,no
2026-10-05T02:57:13.198963Z,KXDOGE15M-26OCT042300-00,0.0130,5.00,no
2026-10-05T02:57:13.198963Z,KXDOGE15M-26OCT042300-00,0.0120,0.03,no
2026-10-05T02:57:13.387528Z,KXDOGE15M-26OCT042300-00,0.0110,1.00,no
2026-10-05T02:57:13.716124Z,KXDOGE15M-26OCT042300-00,0.0110,3.94,no
2026-10-05T02:57:13.716124Z,KXDOGE15M-26OCT042300-00,0.0110,3.06,no
2026-10-05T02:57:13.716124Z,KXDOGE15M-26OCT042300-00,0.0110,1.00,no
2026-10-05T02:57:13.818529Z,KXDOGE15M-26OCT042300-00,0.0110,3.00,no
2026-10-05T02:57:13.896409Z,KXDOGE15M-26OCT042300-00,0.0110,5.94,no
2026-10-05T02:57:13.896409Z,KXDOGE15M-26OCT042300-00,0.0110,2.00,no
2026-10-05T02:57:13.896409Z,KXDOGE15M-26OCT042300-00,0.0110,3.06,no
2026-10-05T02:57:13.896409Z,KXDOGE15M-26OCT042300-00,0.0110,2.00,no
2026-10-05T02:57:13.92014Z,KXDOGE15M-26OCT042300-00,0.0110,6.00,no
2026-10-05T02:57:13.930826Z,KXDOGE15M-26OCT042300-00,0.0110,6.00,no
2026-10-05T02:57:14.095349Z,KXDOGE15M-26OCT042300-00,0.0110,1.00,no
2026-10-05T02:57:14.095349Z,KXDOGE15M-26OCT042300-00,0.0110,2.06,no
2026-10-05T02:57:14.095349Z,KXDOGE15M-26OCT042300-00,0.0110,11.06,no
2026-10-05T02:57:14.095349Z,KXDOGE15M-26OCT042300-00,0.0110,0.03,no
2026-10-05T02:57:14.275534Z,KXDOGE15M-26OCT042300-00,0.0100,64.24,no
2026-10-05T02:57:14.275534Z,KXDOGE15M-26OCT042300-00,0.0100,9.00,no
2026-10-05T02:57:14.911707Z,KXDOGE15M-26OCT042300-00,0.0110,6.00,yes
2026-10-05T02:57:16.032746Z,KXDOGE15M-26OCT042300-00,0.0100,10.00,no
2026-10-05T02:57:16.077717Z,KXDOGE15M-26OCT042300-00,0.0100,8.83,no
2026-10-05T02:57:18.106727Z,KXDOGE15M-26OCT042300-00,0.0100,13.07,no
2026-10-05T02:57:18.106727Z,KXDOGE15M-26OCT042300-00,0.0100,25.00,no
2026-10-05T02:57:18.106727Z,KXDOGE15M-26OCT042300-00,0.0100,16.93,no
2026-10-05T02:57:18.106727Z,KXDOGE15M-26OCT042300-00,0.0100,5.00,no
2026-10-05T02:57:19.282744Z,KXDOGE15M-26OCT042300-00,0.0100,6.93,no
2026-10-05T02:57:19.282744Z,KXDOGE15M-26OCT042300-00,0.0100,27.94,no
2026-10-05T02:57:19.282744Z,KXDOGE15M-26OCT042300-00,0.0100,1.13,no
2026-10-05T02:57:20.582598Z,KXDOGE15M-26OCT042300-00,0.0110,25.00,yes
2026-10-05T02:57:20.582598Z,KXDOGE15M-26OCT042300-00,0.0110,5.00,yes
2026-10-05T02:57:20.582598Z,KXDOGE15M-26OCT042300-00,0.0110,11.00,yes
2026-10-05T02:57:20.582598Z,KXDOGE15M-26OCT042300-00,0.0110,1.00,yes
2026-10-05T02:57:20.582598Z,KXDOGE15M-26OCT042300-00,0.0110,19.00,yes
2026-10-05T02:57:20.582598Z,KXDOGE15M-26OCT042300-00,0.0140,11.34,yes
2026-10-05T02:57:20.582598Z,KXDOGE15M-26OCT042300-00,0.0130,1.00,yes
2026-10-05T02:57:20.582598Z,KXDOGE15M-26OCT042300-00,0.0140,1.00,yes
2026-10-05T02:57:20.582598Z,KXDOGE15M-26OCT042300-00,0.0120,1.00,yes
2026-10-05T02:57:21.567637Z,KXDOGE15M-26OCT042300-00,0.0100,9.97,no
2026-10-05T02:57:22.505341Z,KXDOGE15M-26OCT042300-00,0.0100,18.98,no
2026-10-05T02:57:22.505341Z,KXDOGE15M-26OCT042300-00,0.0100,0.03,no
2026-10-05T02:57:22.505341Z,KXDOGE15M-26OCT042300-00,0.0100,0.99,no
2026-10-05T02:57:23.016737Z,KXDOGE15M-26OCT042300-00,0.0100,6.00,no
2026-10-05T02:57:23.023081Z,KXDOGE15M-26OCT042300-00,0.0100,0.02,no
2026-10-05T02:57:24.045483Z,KXDOGE15M-26OCT042300-00,0.0090,5.00,no
2026-10-05T02:57:24.045483Z,KXDOGE15M-26OCT042300-00,0.0090,9.71,no
2026-10-05T02:57:25.416026Z,KXDOGE15M-26OCT042300-00,0.0090,3.00,no
2026-10-05T02:57:25.633962Z,KXDOGE15M-26OCT042300-00,0.0090,4.00,no
2026-10-05T02:57:26.546657Z,KXDOGE15M-26OCT042300-00,0.0090,7.29,no
2026-10-05T02:57:26.546657Z,KXDOGE15M-26OCT042300-00,0.0090,3.97,no
2026-10-05T02:57:26.546657Z,KXDOGE15M-26OCT042300-00,0.0090,3.00,no
2026-10-05T02:57:26.546657Z,KXDOGE15M-26OCT042300-00,0.0090,0.03,no
2026-10-05T02:57:26.546657Z,KXDOGE15M-26OCT042300-00,0.0090,9.71,no
2026-10-05T02:57:26.954319Z,KXDOGE15M-26OCT042300-00,0.0080,5.00,no
2026-10-05T02:57:26.954319Z,KXDOGE15M-26OCT042300-00,0.0080,27.00,no
2026-10-05T02:57:26.961383Z,KXDOGE15M-26OCT042300-00,0.0080,14.00,no
2026-10-05T02:57:26.970329Z,KXDOGE15M-26OCT042300-00,0.0080,5.00,no
2026-10-05T02:57:26.976707Z,KXDOGE15M-26OCT042300-00,0.0080,3.00,no
2026-10-05T02:57:27.098712Z,KXDOGE15M-26OCT042300-00,0.0080,147.17,no
2026-10-05T02:57:27.573179Z,KXDOGE15M-26OCT042300-00,0.0090,5.00,yes
2026-10-05T02:57:27.573179Z,KXDOGE15M-26OCT042300-00,0.0090,0.02,yes
2026-10-05T02:57:27.573179Z,KXDOGE15M-26OCT042300-00,0.0090,5.00,yes
2026-10-05T02:57:27.573179Z,KXDOGE15M-26OCT042300-00,0.0090,9.98,yes
2026-10-05T02:57:27.581854Z,KXDOGE15M-26OCT042300-00,0.0090,7.00,yes
2026-10-05T02:57:28.068635Z,KXDOGE15M-26OCT042300-00,0.0100,0.01,yes
2026-10-05T02:57:28.068635Z,KXDOGE15M-26OCT042300-00,0.0100,0.02,yes
2026-10-05T02:57:28.068635Z,KXDOGE15M-26OCT042300-00,0.0100,5.00,yes
2026-10-05T02:57:28.068635Z,KXDOGE15M-26OCT042300-00,0.0100,3.00,yes
2026-10-05T02:57:28.115378Z,KXDOGE15M-26OCT042300-00,0.0100,37.00,no
2026-10-05T02:57:28.148574Z,KXDOGE15M-26OCT042300-00,0.0100,10.00,no
2026-10-05T02:57:28.592628Z,KXDOGE15M-26OCT042300-00,0.0090,8.31,no
2026-10-05T02:57:29.079779Z,KXDOGE15M-26OCT042300-00,0.0110,0.01,yes
2026-10-05T02:57:29.079779Z,KXDOGE15M-26OCT042300-00,0.0110,7.44,yes
2026-10-05T02:57:29.718557Z,KXDOGE15M-26OCT042300-00,0.0090,8.97,no
2026-10-05T02:57:29.718557Z,KXDOGE15M-26OCT042300-00,0.0090,0.03,no
2026-10-05T02:57:29.718557Z,KXDOGE15M-26OCT042300-00,0.0090,1.00,no
2026-10-05T02:57:30.046659Z,KXDOGE15M-26OCT042300-00,0.0100,16.93,yes
2026-10-05T02:57:30.376025Z,KXDOGE15M-26OCT042300-00,0.0090,9.00,no
2026-10-05T02:57:31.087894Z,KXDOGE15M-26OCT042300-00,0.0080,4.00,no
2026-10-05T02:57:31.087894Z,KXDOGE15M-26OCT042300-00,0.0080,21.00,no
2026-10-05T02:57:31.087894Z,KXDOGE15M-26OCT042300-00,0.0080,0.03,no
2026-10-05T02:57:31.507936Z,KXDOGE15M-26OCT042300-00,0.0070,5.00,no
2026-10-05T02:57:31.507936Z,KXDOGE15M-26OCT042300-00,0.0070,9.47,no
2026-10-05T02:57:31.507936Z,KXDOGE15M-26OCT042300-00,0.0070,0.03,no
2026-10-05T02:57:38.386704Z,KXDOGE15M-26OCT042300-00,0.0080,0.02,yes
2026-10-05T02:57:38.386704Z,KXDOGE15M-26OCT042300-00,0.0080,5.00,yes
2026-10-05T02:57:38.386704Z,KXDOGE15M-26OCT042300-00,0.0090,40.00,yes
2026-10-05T02:57:38.386704Z,KXDOGE15M-26OCT042300-00,0.0090,31.00,yes
2026-10-05T02:57:38.386704Z,KXDOGE15M-26OCT042300-00,0.0090,40.00,yes
2026-10-05T02:57:38.386704Z,KXDOGE15M-26OCT042300-00,0.0090,0.02,yes
2026-10-05T02:57:38.386704Z,KXDOGE15M-26OCT042300-00,0.0090,4.31,yes
2026-10-05T02:57:38.386704Z,KXDOGE15M-26OCT042300-00,0.0070,6.00,yes
2026-10-05T02:57:38.386704Z,KXDOGE15M-26OCT042300-00,0.0070,11.54,yes
2026-10-05T02:57:38.386704Z,KXDOGE15M-26OCT042300-00,0.0080,0.03,yes
2026-10-05T02:57:38.386704Z,KXDOGE15M-26OCT042300-00,0.0070,6.00,yes
2026-10-05T02:57:38.386704Z,KXDOGE15M-26OCT042300-00,0.0070,0.02,yes
2026-10-05T02:57:38.386704Z,KXDOGE15M-26OCT042300-00,0.0080,16.00,yes
2026-10-05T02:57:38.386704Z,KXDOGE15M-26OCT042300-00,0.0070,14.00,yes
2026-10-05T02:57:43.579783Z,KXDOGE15M-26OCT042300-00,0.0060,5.00,no
2026-10-05T02:57:43.579783Z,KXDOGE15M-26OCT042300-00,0.0060,16.00,no
2026-10-05T02:57:43.579783Z,KXDOGE15M-26OCT042300-00,0.0060,2.28,no
2026-10-05T02:57:43.579783Z,KXDOGE15M-26OCT042300-00,0.0060,0.03,no
2026-10-05T02:57:43.579783Z,KXDOGE15M-26OCT042300-00,0.0060,34.00,no
2026-10-05T02:57:43.936905Z,KXDOGE15M-26OCT042300-00,0.0050,5.00,no
2026-10-05T02:57:43.936905Z,KXDOGE15M-26OCT042300-00,0.0050,2.38,no
2026-10-05T02:57:47.071787Z,KXDOGE15M-26OCT042300-00,0.0060,1.52,yes
2026-10-05T02:57:49.578394Z,KXDOGE15M-26OCT042300-00,0.0050,7.03,no
2026-10-05T02:57:49.932574Z,KXDOGE15M-26OCT042300-00,0.0060,3.48,yes
2026-10-05T02:57:49.932574Z,KXDOGE15M-26OCT042300-00,0.0060,0.02,yes
2026-10-05T02:57:52.149074Z,KXDOGE15M-26OCT042300-00,0.0050,10.97,no
2026-10-05T02:57:52.149074Z,KXDOGE15M-26OCT042300-00,0.0060,0.03,no
2026-10-05T02:57:52.149074Z,KXDOGE15M-26OCT042300-00,0.0060,11.00,no
2026-10-05T02:57:52.149074Z,KXDOGE15M-26OCT042300-00,0.0060,5.00,no
2026-10-05T02:57:52.149074Z,KXDOGE15M-26OCT042300-00,0.0060,13.00,no
2026-10-05T02:57:52.241717Z,KXDOGE15M-26OCT042300-00,0.0050,40.00,no
2026-10-05T02:57:52.313947Z,KXDOGE15M-26OCT042300-00,0.0050,289.62,no
2026-10-05T02:57:52.313947Z,KXDOGE15M-26OCT042300-00,0.0050,1.00,no
2026-10-05T02:57:52.313947Z,KXDOGE15M-26OCT042300-00,0.0030,110.38,no
2026-10-05T02:57:52.313947Z,KXDOGE15M-26OCT042300-00,0.0040,5.00,no
2026-10-05T02:57:52.313947Z,KXDOGE15M-26OCT042300-00,0.0030,5.00,no
2026-10-05T02:57:52.313947Z,KXDOGE15M-26OCT042300-00,0.0040,1.00,no
2026-10-05T02:57:52.313947Z,KXDOGE15M-26OCT042300-00,0.0040,1.00,no
2026-10-05T02:57:52.313947Z,KXDOGE15M-26OCT042300-00,0.0040,1.00,no
2026-10-05T02:57:52.313947Z,KXDOGE15M-26OCT042300-00,0.0040,1.00,no
2026-10-05T02:57:52.313947Z,KXDOGE15M-26OCT042300-00,0.0040,1.00,no
2026-10-05T02:57:52.313947Z,KXDOGE15M-26OCT042300-00,0.0040,13.00,no
2026-10-05T02:57:52.313947Z,KXDOGE15M-26OCT042300-00,0.0050,11.00,no
2026-10-05T02:57:52.313947Z,KXDOGE15M-26OCT042300-00,0.0040,1.00,no
2026-10-05T02:57:52.313947Z,KXDOGE15M-26OCT042300-00,0.0050,10.00,no
2026-10-05T02:57:52.696869Z,KXDOGE15M-26OCT042300-00,0.0030,13.00,no
2026-10-05T02:57:52.696869Z,KXDOGE15M-26OCT042300-00,0.0040,4.00,no
2026-10-05T02:57:52.696869Z,KXDOGE15M-26OCT042300-00,0.0050,8.00,no
2026-10-05T02:57:52.696869Z,KXDOGE15M-26OCT042300-00,0.0050,10.00,no
2026-10-05T02:57:54.141874Z,KXDOGE15M-26OCT042300-00,0.0040,14.46,no
2026-10-05T02:57:54.395471Z,KXDOGE15M-26OCT042300-00,0.0050,5.00,yes
2026-10-05T02:57:54.395471Z,KXDOGE15M-26OCT042300-00,0.0050,5.00,yes
2026-10-05T02:57:54.395471Z,KXDOGE15M-26OCT042300-00,0.0050,19.00,yes
2026-10-05T02:57:54.395471Z,KXDOGE15M-26OCT042300-00,0.0050,0.02,yes
2026-10-05T02:57:54.395471Z,KXDOGE15M-26OCT042300-00,0.0060,0.02,yes
2026-10-05T02:57:54.395471Z,KXDOGE15M-26OCT042300-00,0.0060,110.38,yes
2026-10-05T02:57:54.395471Z,KXDOGE15M-26OCT042300-00,0.0060,13.00,yes
2026-10-05T02:57:54.395471Z,KXDOGE15M-26OCT042300-00,0.0070,1.96,yes
2026-10-05T02:57:54.395471Z,KXDOGE15M-26OCT042300-00,0.0070,0.02,yes
2026-10-05T02:57:58.087643Z,KXDOGE15M-26OCT042300-00,0.0050,0.02,yes
2026-10-05T02:57:58.087643Z,KXDOGE15M-26OCT042300-00,0.0050,12.00,yes
2026-10-05T02:57:59.051241Z,KXDOGE15M-26OCT042300-00,0.0050,3.08,yes
2026-10-05T02:57:59.051241Z,KXDOGE15M-26OCT042300-00,0.0050,0.02,yes
2026-10-05T02:57:59.051241Z,KXDOGE15M-26OCT042300-00,0.0050,10.00,yes
2026-10-05T02:58:02.586609Z,KXDOGE15M-26OCT042300-00,0.0040,5.00,no
2026-10-05T02:58:03.3348Z,KXDOGE15M-26OCT042300-00,0.0030,35.13,no
2026-10-05T02:58:03.3348Z,KXDOGE15M-26OCT042300-00,0.0040,0.03,no
2026-10-05T02:58:03.3348Z,KXDOGE15M-26OCT042300-00,0.0040,10.00,no
2026-10-05T02:58:03.3348Z,KXDOGE15M-26OCT042300-00,0.0040,10.00,no
2026-10-05T02:58:03.72832Z,KXDOGE15M-26OCT042300-00,0.0030,91.49,no
2026-10-05T02:58:03.72832Z,KXDOGE15M-26OCT042300-00,0.0020,200.00,no
2026-10-05T02:58:03.72832Z,KXDOGE15M-26OCT042300-00,0.0020,702.48,no
2026-10-05T02:58:03.72832Z,KXDOGE15M-26OCT042300-00,0.0020,100.00,no
2026-10-05T02:58:03.72832Z,KXDOGE15M-26OCT042300-00,0.0030,30.00,no
2026-10-05T02:58:03.72832Z,KXDOGE15M-26OCT042300-00,0.0030,18.00,no
2026-10-05T02:58:03.72832Z,KXDOGE15M-26OCT042300-00,0.0030,2.00,no
2026-10-05T02:58:03.72832Z,KXDOGE15M-26OCT042300-00,0.0030,2.00,no
2026-10-05T02:58:03.72832Z,KXDOGE15M-26OCT042300-00,0.0030,2.00,no
2026-10-05T02:58:03.72832Z,KXDOGE15M-26OCT042300-00,0.0030,2.00,no
2026-10-05T02:58:03.72832Z,KXDOGE15M-26OCT042300-00,0.0030,2.00,no
2026-10-05T02:58:03.72832Z,KXDOGE15M-26OCT042300-00,0.0030,0.03,no
2026-10-05T02:58:03.72832Z,KXDOGE15M-26OCT042300-00,0.0030,65.00,no
2026-10-05T02:58:04.118543Z,KXDOGE15M-26OCT042300-00,0.0030,31.00,yes
2026-10-05T02:58:04.118543Z,KXDOGE15M-26OCT042300-00,0.0030,6.00,yes
2026-10-05T02:58:04.118543Z,KXDOGE15M-26OCT042300-00,0.0030,0.03,yes
2026-10-05T02:58:05.110302Z,KXDOGE15M-26OCT042300-00,0.0040,44.42,yes
2026-10-05T02:58:05.110302Z,KXDOGE15M-26OCT042300-00,0.0030,0.02,yes
2026-10-05T02:58:07.475165Z,KXDOGE15M-26OCT042300-00,0.0030,8.97,no
2026-10-05T02:58:07.475165Z,KXDOGE15M-26OCT042300-00,0.0030,0.03,no
2026-10-05T02:58:07.475165Z,KXDOGE15M-26OCT042300-00,0.0030,12.00,no
2026-10-05T02:58:07.475165Z,KXDOGE15M-26OCT042300-00,0.0030,13.00,no
2026-10-05T02:58:08.381639Z,KXDOGE15M-26OCT042300-00,0.0020,21.11,no
2026-10-05T02:58:09.076578Z,KXDOGE15M-26OCT042300-00,0.0030,0.02,yes
2026-10-05T02:58:09.076578Z,KXDOGE15M-26OCT042300-00,0.0030,14.00,yes
2026-10-05T02:58:09.631442Z,KXDOGE15M-26OCT042300-00,0.0030,3.55,no
2026-10-05T02:58:11.137217Z,KXDOGE15M-26OCT042300-00,0.0050,0.02,yes
2026-10-05T02:58:11.137217Z,KXDOGE15M-26OCT042300-00,0.0040,0.02,yes
2026-10-05T02:58:11.137217Z,KXDOGE15M-26OCT042300-00,0.0040,12.00,yes
2026-10-05T02:58:11.137217Z,KXDOGE15M-26OCT042300-00,0.0040,47.07,yes
2026-10-05T02:58:11.137217Z,KXDOGE15M-26OCT042300-00,0.0040,35.13,yes
2026-10-05T02:58:11.137217Z,KXDOGE15M-26OCT042300-00,0.0050,92.56,yes
2026-10-05T02:58:11.137217Z,KXDOGE15M-26OCT042300-00,0.0040,17.00,yes
2026-10-05T02:58:11.137217Z,KXDOGE15M-26OCT042300-00,0.0040,3.00,yes
2026-10-05T02:58:13.635751Z,KXDOGE15M-26OCT042300-00,0.0040,25.97,yes
2026-10-05T02:58:17.061102Z,KXDOGE15M-26OCT042300-00,0.0030,4.66,yes
2026-10-05T02:58:17.061102Z,KXDOGE15M-26OCT042300-00,0.0030,12.00,yes
2026-10-05T02:58:22.959466Z,KXDOGE15M-26OCT042300-00,0.0020,86.00,no
2026-10-05T02:58:23.93162Z,KXDOGE15M-26OCT042300-00,0.0020,2.00,no
2026-10-05T02:58:23.940114Z,KXDOGE15M-26OCT042300-00,0.0020,2.00,no
2026-10-05T02:58:23.945988Z,KXDOGE15M-26OCT042300-00,0.0020,2.00,no
2026-10-05T02:58:24.256346Z,KXDOGE15M-26OCT042300-00,0.0020,5.00,no
2026-10-05T02:58:24.265373Z,KXDOGE15M-26OCT042300-00,0.0020,2.00,no
2026-10-05T02:58:24.273233Z,KXDOGE15M-26OCT042300-00,0.0020,2.00,no
2026-10-05T02:58:24.690293Z,KXDOGE15M-26OCT042300-00,0.0020,2.00,no
2026-10-05T02:58:24.78294Z,KXDOGE15M-26OCT042300-00,0.0020,2.00,no
2026-10-05T02:58:24.789542Z,KXDOGE15M-26OCT042300-00,0.0020,2.00,no
2026-10-05T02:58:24.797219Z,KXDOGE15M-26OCT042300-00,0.0020,2.00,no
2026-10-05T02:58:25.020756Z,KXDOGE15M-26OCT042300-00,0.0020,10.00,no
2026-10-05T02:58:25.027164Z,KXDOGE15M-26OCT042300-00,0.0020,5.00,no
2026-10-05T02:58:25.034194Z,KXDOGE15M-26OCT042300-00,0.0020,2.00,no
2026-10-05T02:58:25.040458Z,KXDOGE15M-26OCT042300-00,0.0020,2.00,no
2026-10-05T02:58:25.047097Z,KXDOGE15M-26OCT042300-00,0.0020,2.00,no
2026-10-05T02:58:25.053784Z,KXDOGE15M-26OCT042300-00,0.0020,2.00,no
2026-10-05T02:58:25.564695Z,KXDOGE15M-26OCT042300-00,0.0020,2.00,no
2026-10-05T02:58:26.683722Z,KXDOGE15M-26OCT042300-00,0.0020,2.00,no
2026-10-05T02:58:26.690198Z,KXDOGE15M-26OCT042300-00,0.0020,2.00,no
2026-10-05T02:58:26.696179Z,KXDOGE15M-26OCT042300-00,0.0020,2.00,no
2026-10-05T02:58:27.220701Z,KXDOGE15M-26OCT042300-00,0.0020,2.00,no
2026-10-05T02:58:27.227758Z,KXDOGE15M-26OCT042300-00,0.0020,2.00,no
2026-10-05T02:58:27.666401Z,KXDOGE15M-26OCT042300-00,0.0020,5.00,no
2026-10-05T02:58:27.673301Z,KXDOGE15M-26OCT042300-00,0.0020,2.00,no
2026-10-05T02:58:27.68067Z,KXDOGE15M-26OCT042300-00,0.0020,2.00,no
2026-10-05T02:58:27.688344Z,KXDOGE15M-26OCT042300-00,0.0020,2.00,no
2026-10-05T02:58:27.694946Z,KXDOGE15M-26OCT042300-00,0.0020,2.00,no
2026-10-05T02:58:28.167393Z,KXDOGE15M-26OCT042300-00,0.0020,2.00,no
2026-10-05T02:58:28.176577Z,KXDOGE15M-26OCT042300-00,0.0020,2.00,no
2026-10-05T02:58:28.181521Z,KXDOGE15M-26OCT042300-00,0.0020,2.00,no
2026-10-05T02:58:28.992363Z,KXDOGE15M-26OCT042300-00,0.0030,31.00,yes
2026-10-05T02:58:28.992363Z,KXDOGE15M-26OCT042300-00,0.0040,72.42,yes
2026-10-05T02:58:28.992363Z,KXDOGE15M-26OCT042300-00,0.0040,0.02,yes
2026-10-05T02:58:28.992363Z,KXDOGE15M-26OCT042300-00,0.0030,7.00,yes
2026-10-05T02:58:28.992363Z,KXDOGE15M-26OCT042300-00,0.0030,20.00,yes
2026-10-05T02:58:28.992363Z,KXDOGE15M-26OCT042300-00,0.0030,0.02,yes
2026-10-05T02:58:32.889581Z,KXDOGE15M-26OCT042300-00,0.0020,593.00,no
2026-10-05T02:58:32.956588Z,KXDOGE15M-26OCT042300-00,0.0020,256.00,no
2026-10-05T02:58:34.097738Z,KXDOGE15M-26OCT042300-00,0.0020,1.00,no
2026-10-05T02:58:35.844024Z,KXDOGE15M-26OCT042300-00,0.0020,12.00,no
2026-10-05T02:58:36.494959Z,KXDOGE15M-26OCT042300-00,0.0020,2.00,no
2026-10-05T02:58:36.501701Z,KXDOGE15M-26OCT042300-00,0.0020,2.00,no
2026-10-05T02:58:36.53107Z,KXDOGE15M-26OCT042300-00,0.0050,7.47,yes
2026-10-05T02:58:36.53107Z,KXDOGE15M-26OCT042300-00,0.0040,82.00,yes
2026-10-05T02:58:36.53107Z,KXDOGE15M-26OCT042300-00,0.0040,30.00,yes
2026-10-05T02:58:36.53107Z,KXDOGE15M-26OCT042300-00,0.0030,142.00,yes
2026-10-05T02:58:36.53107Z,KXDOGE15M-26OCT042300-00,0.0030,7.00,yes
2026-10-05T02:58:36.53107Z,KXDOGE15M-26OCT042300-00,0.0040,0.02,yes
2026-10-05T02:58:36.53107Z,KXDOGE15M-26OCT042300-00,0.0030,0.02,yes
2026-10-05T02:58:37.568621Z,KXDOGE15M-26OCT042300-00,0.0020,247.41,no
2026-10-05T02:58:37.568621Z,KXDOGE15M-26OCT042300-00,0.0020,500.00,no
2026-10-05T02:58:37.568621Z,KXDOGE15M-26OCT042300-00,0.0020,3.00,no
2026-10-05T02:58:37.568621Z,KXDOGE15M-26OCT042300-00,0.0020,3.00,no
2026-10-05T02:58:37.568621Z,KXDOGE15M-26OCT042300-00,0.0020,26.00,no
2026-10-05T02:58:37.568621Z,KXDOGE15M-26OCT042300-00,0.0020,3.00,no
2026-10-05T02:58:37.568621Z,KXDOGE15M-26OCT042300-00,0.0020,3.00,no
2026-10-05T02:58:37.568621Z,KXDOGE15M-26OCT042300-00,0.0020,3.00,no
2026-10-05T02:58:37.568621Z,KXDOGE15M-26OCT042300-00,0.0020,1.00,no
2026-10-05T02:58:37.568621Z,KXDOGE15M-26OCT042300-00,0.0020,10.00,no
2026-10-05T02:58:37.568621Z,KXDOGE15M-26OCT042300-00,0.0020,15.00,no
2026-10-05T02:58:37.568621Z,KXDOGE15M-26OCT042300-00,0.0020,5.00,no
2026-10-05T02:58:38.072407Z,KXDOGE15M-26OCT042300-00,0.0020,33.86,yes
2026-10-05T02:58:38.273809Z,KXDOGE15M-26OCT042300-00,0.0010,53.00,no
2026-10-05T02:58:41.620384Z,KXDOGE15M-26OCT042300-00,0.0020,343.06,yes
2026-10-05T02:58:42.74221Z,KXDOGE15M-26OCT042300-00,0.0010,41.12,no
2026-10-05T02:58:46.785388Z,KXDOGE15M-26OCT042300-00,0.0020,423.67,yes
2026-10-05T02:58:46.785388Z,KXDOGE15M-26OCT042300-00,0.0020,492.35,yes
2026-10-05T02:58:48.795417Z,KXDOGE15M-26OCT042300-00,0.0010,1.00,no
2026-10-05T02:58:49.730996Z,KXDOGE15M-26OCT042300-00,0.0020,1.00,yes
2026-10-05T02:58:49.730996Z,KXDOGE15M-26OCT042300-00,0.0050,91.61,yes
2026-10-05T02:58:49.730996Z,KXDOGE15M-26OCT042300-00,0.0040,9.00,yes
2026-10-05T02:58:49.730996Z,KXDOGE15M-26OCT042300-00,0.0020,41.12,yes
2026-10-05T02:58:49.730996Z,KXDOGE15M-26OCT042300-00,0.0040,2.00,yes
2026-10-05T02:58:49.730996Z,KXDOGE15M-26OCT042300-00,0.0020,1.00,yes
2026-10-05T02:58:49.730996Z,KXDOGE15M-26OCT042300-00,0.0020,53.00,yes
2026-10-05T02:58:49.730996Z,KXDOGE15M-26OCT042300-00,0.0020,7.65,yes
2026-10-05T02:58:49.730996Z,KXDOGE15M-26OCT042300-00,0.0030,0.02,yes
2026-10-05T02:58:49.730996Z,KXDOGE15M-26OCT042300-00,0.0030,5.00,yes
2026-10-05T02:58:49.730996Z,KXDOGE15M-26OCT042300-00,0.0040,24.00,yes
2026-10-05T02:58:49.730996Z,KXDOGE15M-26OCT042300-00,0.0040,1.00,yes
2026-10-05T02:58:49.730996Z,KXDOGE15M-26OCT042300-00,0.0040,23.00,yes
2026-10-05T02:58:49.730996Z,KXDOGE15M-26OCT042300-00,0.0040,0.02,yes
2026-10-05T02:58:49.730996Z,KXDOGE15M-26OCT042300-00,0.0020,0.02,yes
2026-10-05T02:58:52.12336Z,KXDOGE15M-26OCT042300-00,0.0050,168.27,yes
2026-10-05T02:58:52.12336Z,KXDOGE15M-26OCT042300-00,0.0040,2.00,yes
2026-10-05T02:58:52.12336Z,KXDOGE15M-26OCT042300-00,0.0040,0.02,yes
2026-10-05T02:58:52.12336Z,KXDOGE15M-26OCT042300-00,0.0040,20.00,yes
2026-10-05T02:58:55.643236Z,KXDOGE15M-26OCT042300-00,0.0020,5.00,no
2026-10-05T02:58:55.643236Z,KXDOGE15M-26OCT042300-00,0.0020,10.00,no
2026-10-05T02:58:55.643236Z,KXDOGE15M-26OCT042300-00,0.0010,24.53,no
2026-10-05T02:58:55.643236Z,KXDOGE15M-26OCT042300-00,0.0010,404.88,no
2026-10-05T02:58:57.145346Z,KXDOGE15M-26OCT042300-00,0.0010,50.16,no
2026-10-05T02:58:58.530566Z,KXDOGE15M-26OCT042300-00,0.0010,55.05,no
2026-10-05T02:58:59.357992Z,KXDOGE15M-26OCT042300-00,0.0010,85.18,no
2026-10-05T02:59:00.006824Z,KXDOGE15M-26OCT042300-00,0.0010,181.67,no
2026-10-05T02:59:00.006824Z,KXDOGE15M-26OCT042300-00,0.0010,5.00,no
2026-10-05T02:59:00.006824Z,KXDOGE15M-26OCT042300-00,0.0010,1.00,no
2026-10-05T02:59:00.006824Z,KXDOGE15M-26OCT042300-00,0.0010,53.00,no
2026-10-05T02:59:00.006824Z,KXDOGE15M-26OCT042300-00,0.0010,41.12,no
2026-10-05T02:59:00.006824Z,KXDOGE15M-26OCT042300-00,0.0010,1.00,no
2026-10-05T02:59:00.006824Z,KXDOGE15M-26OCT042300-00,0.0010,1.00,no
2026-10-05T02:59:00.006824Z,KXDOGE15M-26OCT042300-00,0.0010,159.61,no
2026-10-05T02:59:00.006824Z,KXDOGE15M-26OCT042300-00,0.0010,1.00,no
2026-10-05T02:59:00.069939Z,KXDOGE15M-26OCT042300-00,0.0010,10.00,no
2026-10-05T02:59:00.069939Z,KXDOGE15M-26OCT042300-00,0.0010,4.00,no
2026-10-05T02:59:00.069939Z,KXDOGE15M-26OCT042300-00,0.0010,26.67,no
2026-10-05T02:59:00.069939Z,KXDOGE15M-26OCT042300-00,0.0010,27.33,no
2026-10-05T02:59:00.233541Z,KXDOGE15M-26OCT042300-00,0.0040,21.61,yes
2026-10-05T02:59:00.233541Z,KXDOGE15M-26OCT042300-00,0.0020,24.53,yes
2026-10-05T02:59:00.233541Z,KXDOGE15M-26OCT042300-00,0.0020,0.02,yes
2026-10-05T02:59:00.233541Z,KXDOGE15M-26OCT042300-00,0.0030,5.00,yes
2026-10-05T02:59:00.233541Z,KXDOGE15M-26OCT042300-00,0.0030,0.03,yes
2026-10-05T02:59:00.233541Z,KXDOGE15M-26OCT042300-00,0.0030,1.00,yes
2026-10-05T02:59:00.233541Z,KXDOGE15M-26OCT042300-00,0.0020,53.00,yes
2026-10-05T02:59:00.233541Z,KXDOGE15M-26OCT042300-00,0.0030,94.00,yes
2026-10-05T02:59:00.233541Z,KXDOGE15M-26OCT042300-00,0.0020,5.00,yes
2026-10-05T02:59:00.233541Z,KXDOGE15M-26OCT042300-00,0.0020,1.00,yes
2026-10-05T02:59:00.233541Z,KXDOGE15M-26OCT042300-00,0.0020,41.12,yes
2026-10-05T02:59:01.105141Z,KXDOGE15M-26OCT042300-00,0.0010,33.87,yes
2026-10-05T02:59:05.453409Z,KXDOGE15M-26OCT042300-00,0.0010,280.39,yes
2026-10-05T02:59:09.858514Z,KXDOGE15M-26OCT042300-00,0.0010,6.00,yes
2026-10-05T02:59:20.093641Z,KXDOGE15M-26OCT042300-00,0.0010,4.00,yes
2026-10-05T02:59:27.852757Z,KXDOGE15M-26OCT042300-00,0.0010,1.00,yes
2026-10-05T02:59:27.852757Z,KXDOGE15M-26OCT042300-00,0.0010,196.00,yes
2026-10-05T02:59:27.852757Z,KXDOGE15M-26OCT042300-00,0.0010,71.00,yes
2026-10-05T02:59:27.852757Z,KXDOGE15M-26OCT042300-00,0.0010,12.00,yes
2026-10-05T02:59:27.852757Z,KXDOGE15M-26OCT042300-00,0.0010,178.04,yes
2026-10-05T02:59:32.866755Z,KXDOGE15M-26OCT042300-00,0.0010,0.53,yes
2026-10-05T02:59:34.317773Z,KXDOGE15M-26OCT042300-00,0.0010,91.62,yes
2026-10-05T02:59:42.160628Z,KXDOGE15M-26OCT042300-00,0.0010,10.79,yes
2026-10-05T02:57:02.472412Z,KXPALLADIUM15M-26OCT042300-00,0.0200,3.58,yes
2026-10-05T02:57:02.472412Z,KXPALLADIUM15M-26OCT042300-00,0.0200,60.00,yes
2026-10-05T02:57:02.472412Z,KXPALLADIUM15M-26OCT042300-00,0.0200,30.00,yes
2026-10-05T02:57:02.854547Z,KXPALLADIUM15M-26OCT042300-00,0.0100,4.00,no
2026-10-05T02:57:02.854547Z,KXPALLADIUM15M-26OCT042300-00,0.0100,1.00,no
2026-10-05T02:57:07.673112Z,KXPALLADIUM15M-26OCT042300-00,0.0100,15.00,no
2026-10-05T02:57:17.911247Z,KXPALLADIUM15M-26OCT042300-00,0.0100,100.00,no
2026-10-05T02:57:17.911247Z,KXPALLADIUM15M-26OCT042300-00,0.0100,20.00,no
2026-10-05T02:57:17.911247Z,KXPALLADIUM15M-26OCT042300-00,0.0100,10.00,no
2026-10-05T02:57:17.911247Z,KXPALLADIUM15M-26OCT042300-00,0.0100,2.00,no
2026-10-05T02:57:17.911247Z,KXPALLADIUM15M-26OCT042300-00,0.0100,2.00,no
2026-10-05T02:57:17.911247Z,KXPALLADIUM15M-26OCT042300-00,0.0100,1.00,no
2026-10-05T02:57:17.911247Z,KXPALLADIUM15M-26OCT042300-00,0.0100,1.00,no
2026-10-05T02:57:24.746418Z,KXPALLADIUM15M-26OCT042300-00,0.0100,7.03,yes
2026-10-05T02:57:24.746418Z,KXPALLADIUM15M-26OCT042300-00,0.0100,30.00,yes
2026-10-05T02:57:24.746418Z,KXPALLADIUM15M-26OCT042300-00,0.0100,60.00,yes
2026-10-05T02:57:24.746418Z,KXPALLADIUM15M-26OCT042300-00,0.0100,30.00,yes
2026-10-05T02:57:24.746418Z,KXPALLADIUM15M-26OCT042300-00,0.0100,60.00,yes
2026-10-05T02:57:30.358977Z,KXPALLADIUM15M-26OCT042300-00,0.0100,1.76,yes
2026-10-05T02:57:36.422588Z,KXPALLADIUM15M-26OCT042300-00,0.0100,84.21,yes
2026-10-05T02:57:36.422588Z,KXPALLADIUM15M-26OCT042300-00,0.0100,15.79,yes
2026-10-05T02:58:16.87971Z,KXPALLADIUM15M-26OCT042300-00,0.0100,10.00,yes
2026-10-05T02:58:41.002003Z,KXPALLADIUM15M-26OCT042300-00,0.0100,6.98,yes
2026-10-05T02:56:40.888255Z,KXETH15M-26OCT042300-00,0.0510,4.00,yes
2026-10-05T02:56:40.888255Z,KXETH15M-26OCT042300-00,0.0510,4.84,yes
2026-10-05T02:56:40.973767Z,KXETH15M-26OCT042300-00,0.0490,25.00,no
2026-10-05T02:56:41.198875Z,KXETH15M-26OCT042300-00,0.0480,2.00,no
2026-10-05T02:56:41.254038Z,KXETH15M-26OCT042300-00,0.0480,3.00,no
2026-10-05T02:56:41.303718Z,KXETH15M-26OCT042300-00,0.0480,1.00,no
2026-10-05T02:56:42.357021Z,KXETH15M-26OCT042300-00,0.0480,9.00,no
2026-10-05T02:56:42.362194Z,KXETH15M-26OCT042300-00,0.0480,7.00,no
2026-10-05T02:56:42.362194Z,KXETH15M-26OCT042300-00,0.0480,5.00,no
2026-10-05T02:56:42.824886Z,KXETH15M-26OCT042300-00,0.0520,4.00,yes
2026-10-05T02:56:42.824886Z,KXETH15M-26OCT042300-00,0.0530,20.00,yes
2026-10-05T02:56:42.824886Z,KXETH15M-26OCT042300-00,0.0560,4.04,yes
2026-10-05T02:56:42.824886Z,KXETH15M-26OCT042300-00,0.0510,4.00,yes
2026-10-05T02:56:42.824886Z,KXETH15M-26OCT042300-00,0.0520,4.00,yes
2026-10-05T02:56:42.824886Z,KXETH15M-26OCT042300-00,0.0490,15.00,yes
2026-10-05T02:56:42.824886Z,KXETH15M-26OCT042300-00,0.0580,4.04,yes
2026-10-05T02:56:42.824886Z,KXETH15M-26OCT042300-00,0.0540,1.01,yes
2026-10-05T02:56:42.824886Z,KXETH15M-26OCT042300-00,0.0530,4.00,yes
2026-10-05T02:56:42.824886Z,KXETH15M-26OCT042300-00,0.0510,4.00,yes
2026-10-05T02:56:42.824886Z,KXETH15M-26OCT042300-00,0.0550,9.00,yes
2026-10-05T02:56:42.824886Z,KXETH15M-26OCT042300-00,0.0550,9.00,yes
2026-10-05T02:56:42.824886Z,KXETH15M-26OCT042300-00,0.0530,4.00,yes
2026-10-05T02:56:42.824886Z,KXETH15M-26OCT042300-00,0.0500,1.00,yes
2026-10-05T02:56:42.824886Z,KXETH15M-26OCT042300-00,0.0520,5.00,yes
2026-10-05T02:56:42.824886Z,KXETH15M-26OCT042300-00,0.0590,5.00,yes
2026-10-05T02:56:42.824886Z,KXETH15M-26OCT042300-00,0.0540,22.00,yes
2026-10-05T02:56:42.824886Z,KXETH15M-26OCT042300-00,0.0560,41.00,yes
2026-10-05T02:56:42.824886Z,KXETH15M-26OCT042300-00,0.0500,12.00,yes
2026-10-05T02:56:42.824886Z,KXETH15M-26OCT042300-00,0.0540,10.00,yes
2026-10-05T02:56:42.824886Z,KXETH15M-26OCT042300-00,0.0600,29.24,yes
2026-10-05T02:56:42.824886Z,KXETH15M-26OCT042300-00,0.0570,41.00,yes
2026-10-05T02:56:42.912991Z,KXETH15M-26OCT042300-00,0.0480,23.42,no
2026-10-05T02:56:43.377577Z,KXETH15M-26OCT042300-00,0.0520,3.12,yes
2026-10-05T02:56:45.02909Z,KXETH15M-26OCT042300-00,0.0510,4.00,yes
2026-10-05T02:56:45.02909Z,KXETH15M-26OCT042300-00,0.0510,4.00,yes
2026-10-05T02:56:45.079333Z,KXETH15M-26OCT042300-00,0.0530,8.00,yes
2026-10-05T02:56:45.355822Z,KXETH15M-26OCT042300-00,0.0520,8.00,yes
2026-10-05T02:56:45.355822Z,KXETH15M-26OCT042300-00,0.0530,41.00,yes
2026-10-05T02:56:45.355822Z,KXETH15M-26OCT042300-00,0.0540,30.73,yes
2026-10-05T02:56:45.355822Z,KXETH15M-26OCT042300-00,0.0520,7.00,yes
2026-10-05T02:56:45.566236Z,KXETH15M-26OCT042300-00,0.0530,17.66,yes
2026-10-05T02:56:45.617473Z,KXETH15M-26OCT042300-00,0.0570,1.01,yes
2026-10-05T02:56:45.617473Z,KXETH15M-26OCT042300-00,0.0550,5.00,yes
2026-10-05T02:56:45.617473Z,KXETH15M-26OCT042300-00,0.0560,6.00,yes
2026-10-05T02:56:46.071881Z,KXETH15M-26OCT042300-00,0.0600,2.00,yes
2026-10-05T02:56:46.071881Z,KXETH15M-26OCT042300-00,0.0600,2.00,yes
2026-10-05T02:56:46.071881Z,KXETH15M-26OCT042300-00,0.0600,0.42,yes
2026-10-05T02:56:46.071881Z,KXETH15M-26OCT042300-00,0.0600,3.00,yes
2026-10-05T02:56:46.071881Z,KXETH15M-26OCT042300-00,0.0600,70.76,yes
2026-10-05T02:56:46.241679Z,KXETH15M-26OCT042300-00,0.0590,2.00,no
2026-10-05T02:56:46.383548Z,KXETH15M-26OCT042300-00,0.0590,0.52,no
2026-10-05T02:56:46.978199Z,KXETH15M-26OCT042300-00,0.0590,1.48,no
2026-10-05T02:56:46.978199Z,KXETH15M-26OCT042300-00,0.0590,13.65,no
2026-10-05T02:56:46.978199Z,KXETH15M-26OCT042300-00,0.0590,4.00,no
2026-10-05T02:56:47.130595Z,KXETH15M-26OCT042300-00,0.0590,8.35,no
2026-10-05T02:56:47.130595Z,KXETH15M-26OCT042300-00,0.0590,20.65,no
2026-10-05T02:56:47.130595Z,KXETH15M-26OCT042300-00,0.0590,40.00,no
2026-10-05T02:56:47.357674Z,KXETH15M-26OCT042300-00,0.0760,4.00,yes
2026-10-05T02:56:47.357674Z,KXETH15M-26OCT042300-00,0.0730,4.00,yes
2026-10-05T02:56:47.357674Z,KXETH15M-26OCT042300-00,0.0700,18.00,yes
2026-10-05T02:56:47.357674Z,KXETH15M-26OCT042300-00,0.0750,4.00,yes
2026-10-05T02:56:47.357674Z,KXETH15M-26OCT042300-00,0.0770,4.00,yes
2026-10-05T02:56:47.357674Z,KXETH15M-26OCT042300-00,0.0730,4.00,yes
2026-10-05T02:56:47.357674Z,KXETH15M-26OCT042300-00,0.0710,4.00,yes
2026-10-05T02:56:47.357674Z,KXETH15M-26OCT042300-00,0.0650,5.00,yes
2026-10-05T02:56:47.357674Z,KXETH15M-26OCT042300-00,0.0740,5.00,yes
2026-10-05T02:56:47.357674Z,KXETH15M-26OCT042300-00,0.0650,1.00,yes
2026-10-05T02:56:47.357674Z,KXETH15M-26OCT042300-00,0.0740,1.01,yes
2026-10-05T02:56:47.357674Z,KXETH15M-26OCT042300-00,0.0720,4.00,yes
2026-10-05T02:56:47.357674Z,KXETH15M-26OCT042300-00,0.0680,10.00,yes
2026-10-05T02:56:47.357674Z,KXETH15M-26OCT042300-00,0.0780,1.91,yes
2026-10-05T02:56:47.357674Z,KXETH15M-26OCT042300-00,0.0760,4.04,yes
2026-10-05T02:56:47.357674Z,KXETH15M-26OCT042300-00,0.0730,4.00,yes
2026-10-05T02:56:47.357674Z,KXETH15M-26OCT042300-00,0.0720,4.00,yes
2026-10-05T02:56:47.357674Z,KXETH15M-26OCT042300-00,0.0740,4.00,yes
2026-10-05T02:56:47.357674Z,KXETH15M-26OCT042300-00,0.0640,12.00,yes
2026-10-05T02:56:47.357674Z,KXETH15M-26OCT042300-00,0.0600,4.58,yes
2026-10-05T02:56:47.357674Z,KXETH15M-26OCT042300-00,0.0640,5.00,yes
2026-10-05T02:56:47.357674Z,KXETH15M-26OCT042300-00,0.0780,3.00,yes
2026-10-05T02:56:47.357674Z,KXETH15M-26OCT042300-00,0.0690,20.00,yes
2026-10-05T02:56:47.357674Z,KXETH15M-26OCT042300-00,0.0700,9.00,yes
2026-10-05T02:56:48.662304Z,KXETH15M-26OCT042300-00,0.0720,11.00,yes
2026-10-05T02:56:48.84139Z,KXETH15M-26OCT042300-00,0.0740,1.00,yes
2026-10-05T02:56:49.081892Z,KXETH15M-26OCT042300-00,0.0520,10.00,no
2026-10-05T02:56:49.081892Z,KXETH15M-26OCT042300-00,0.0700,4.00,no
2026-10-05T02:56:49.081892Z,KXETH15M-26OCT042300-00,0.0530,10.00,no
2026-10-05T02:56:49.081892Z,KXETH15M-26OCT042300-00,0.0710,4.00,no
2026-10-05T02:56:49.081892Z,KXETH15M-26OCT042300-00,0.0690,4.00,no
2026-10-05T02:56:49.081892Z,KXETH15M-26OCT042300-00,0.0650,9.00,no
2026-10-05T02:56:49.081892Z,KXETH15M-26OCT042300-00,0.0660,41.00,no
2026-10-05T02:56:49.081892Z,KXETH15M-26OCT042300-00,0.0700,4.00,no
2026-10-05T02:56:49.081892Z,KXETH15M-26OCT042300-00,0.0600,9.00,no
2026-10-05T02:56:49.081892Z,KXETH15M-26OCT042300-00,0.0710,4.00,no
2026-10-05T02:56:49.081892Z,KXETH15M-26OCT042300-00,0.0670,41.00,no
2026-10-05T02:56:49.081892Z,KXETH15M-26OCT042300-00,0.0590,8.00,no
2026-10-05T02:56:49.081892Z,KXETH15M-26OCT042300-00,0.0600,9.00,no
2026-10-05T02:56:49.081892Z,KXETH15M-26OCT042300-00,0.0550,9.00,no
2026-10-05T02:56:49.081892Z,KXETH15M-26OCT042300-00,0.0680,6.00,no
2026-10-05T02:56:49.081892Z,KXETH15M-26OCT042300-00,0.0730,33.00,no
2026-10-05T02:56:49.081892Z,KXETH15M-26OCT042300-00,0.0600,4.04,no
2026-10-05T02:56:49.081892Z,KXETH15M-26OCT042300-00,0.0580,8.00,no
2026-10-05T02:56:49.081892Z,KXETH15M-26OCT042300-00,0.0540,19.00,no
2026-10-05T02:56:49.081892Z,KXETH15M-26OCT042300-00,0.0720,4.00,no
2026-10-05T02:56:49.081892Z,KXETH15M-26OCT042300-00,0.0600,8.00,no
2026-10-05T02:56:49.081892Z,KXETH15M-26OCT042300-00,0.0640,4.04,no
2026-10-05T02:56:49.081892Z,KXETH15M-26OCT042300-00,0.0580,3.93,no
2026-10-05T02:56:49.081892Z,KXETH15M-26OCT042300-00,0.0660,1.01,no
2026-10-05T02:56:49.081892Z,KXETH15M-26OCT042300-00,0.0560,9.00,no
2026-10-05T02:56:49.081892Z,KXETH15M-26OCT042300-00,0.0620,4.04,no
2026-10-05T02:56:49.081892Z,KXETH15M-26OCT042300-00,0.0570,17.00,no
2026-10-05T02:56:49.081892Z,KXETH15M-26OCT042300-00,0.0730,32.00,no
2026-10-05T02:56:49.081892Z,KXETH15M-26OCT042300-00,0.0680,22.00,no
2026-10-05T02:56:49.081892Z,KXETH15M-26OCT042300-00,0.0510,10.32,no
2026-10-05T02:56:50.443981Z,KXETH15M-26OCT042300-00,0.0680,4.00,no
2026-10-05T02:56:50.443981Z,KXETH15M-26OCT042300-00,0.0590,22.00,no
2026-10-05T02:56:50.443981Z,KXETH15M-26OCT042300-00,0.0670,4.00,no
2026-10-05T02:56:50.443981Z,KXETH15M-26OCT042300-00,0.0660,4.00,no
2026-10-05T02:56:50.443981Z,KXETH15M-26OCT042300-00,0.0510,500.00,no
2026-10-05T02:56:50.443981Z,KXETH15M-26OCT042300-00,0.0670,4.00,no
2026-10-05T02:56:50.443981Z,KXETH15M-26OCT042300-00,0.0580,7.00,no
2026-10-05T02:56:50.443981Z,KXETH15M-26OCT042300-00,0.0570,14.00,no
2026-10-05T02:56:50.443981Z,KXETH15M-26OCT042300-00,0.0680,4.00,no
2026-10-05T02:56:50.443981Z,KXETH15M-26OCT042300-00,0.0660,4.00,no
2026-10-05T02:56:50.443981Z,KXETH15M-26OCT042300-00,0.0480,1.00,no
2026-10-05T02:56:50.443981Z,KXETH15M-26OCT042300-00,0.0650,20.00,no
2026-10-05T02:56:50.443981Z,KXETH15M-26OCT042300-00,0.0410,26.00,no
2026-10-05T02:56:50.443981Z,KXETH15M-26OCT042300-00,0.0670,12.00,no
2026-10-05T02:56:50.443981Z,KXETH15M-26OCT042300-00,0.0560,9.00,no
2026-10-05T02:56:50.443981Z,KXETH15M-26OCT042300-00,0.0540,9.00,no
2026-10-05T02:56:50.443981Z,KXETH15M-26OCT042300-00,0.0400,14.00,no
2026-10-05T02:56:50.443981Z,KXETH15M-26OCT042300-00,0.0660,20.00,no
2026-10-05T02:56:50.443981Z,KXETH15M-26OCT042300-00,0.0530,5.00,no
2026-10-05T02:56:50.443981Z,KXETH15M-26OCT042300-00,0.0500,9.00,no
2026-10-05T02:56:50.443981Z,KXETH15M-26OCT042300-00,0.0550,9.00,no
2026-10-05T02:56:50.443981Z,KXETH15M-26OCT042300-00,0.0560,16.00,no
2026-10-05T02:56:50.443981Z,KXETH15M-26OCT042300-00,0.0450,9.00,no
2026-10-05T02:56:50.443981Z,KXETH15M-26OCT042300-00,0.0500,9.00,no
2026-10-05T02:56:50.443981Z,KXETH15M-26OCT042300-00,0.0390,235.79,no
2026-10-05T02:56:50.443981Z,KXETH15M-26OCT042300-00,0.0420,50.00,no
2026-10-05T02:56:50.443981Z,KXETH15M-26OCT042300-00,0.0530,19.00,no
2026-10-05T02:56:50.443981Z,KXETH15M-26OCT042300-00,0.0420,1.00,no
2026-10-05T02:56:50.522642Z,KXETH15M-26OCT042300-00,0.0640,4.00,no
2026-10-05T02:56:50.522642Z,KXETH15M-26OCT042300-00,0.0510,7.00,no
2026-10-05T02:56:50.522642Z,KXETH15M-26OCT042300-00,0.0500,420.81,no
2026-10-05T02:56:50.522642Z,KXETH15M-26OCT042300-00,0.0650,4.00,no
2026-10-05T02:56:50.522642Z,KXETH15M-26OCT042300-00,0.0630,4.00,no
2026-10-05T02:56:50.522642Z,KXETH15M-26OCT042300-00,0.0630,4.00,no
2026-10-05T02:56:50.522642Z,KXETH15M-26OCT042300-00,0.0640,20.00,no
2026-10-05T02:56:50.522642Z,KXETH15M-26OCT042300-00,0.0640,4.00,no
2026-10-05T02:56:50.522642Z,KXETH15M-26OCT042300-00,0.0650,4.00,no
2026-10-05T02:56:50.522642Z,KXETH15M-26OCT042300-00,0.0630,20.00,no
2026-10-05T02:56:51.008563Z,KXETH15M-26OCT042300-00,0.0660,7.43,yes
2026-10-05T02:56:51.008563Z,KXETH15M-26OCT042300-00,0.0660,6.00,yes
2026-10-05T02:56:51.294354Z,KXETH15M-26OCT042300-00,0.0650,5.00,no
2026-10-05T02:56:51.29971Z,KXETH15M-26OCT042300-00,0.0650,7.00,no
2026-10-05T02:56:52.171586Z,KXETH15M-26OCT042300-00,0.0640,2.00,no
2026-10-05T02:56:52.171586Z,KXETH15M-26OCT042300-00,0.0650,18.00,no
2026-10-05T02:56:52.18056Z,KXETH15M-26OCT042300-00,0.0640,16.00,no
2026-10-05T02:56:52.216066Z,KXETH15M-26OCT042300-00,0.0700,7.57,yes
2026-10-05T02:56:52.216066Z,KXETH15M-26OCT042300-00,0.0690,10.00,yes
2026-10-05T02:56:52.216066Z,KXETH15M-26OCT042300-00,0.0650,7.00,yes
2026-10-05T02:56:52.216066Z,KXETH15M-26OCT042300-00,0.0700,1.00,yes
2026-10-05T02:56:52.216066Z,KXETH15M-26OCT042300-00,0.0650,5.00,yes
2026-10-05T02:56:52.216066Z,KXETH15M-26OCT042300-00,0.0700,9.00,yes
2026-10-05T02:56:52.216066Z,KXETH15M-26OCT042300-00,0.0670,1.00,yes
2026-10-05T02:56:53.278853Z,KXETH15M-26OCT042300-00,0.0650,5.32,no
2026-10-05T02:56:53.544628Z,KXETH15M-26OCT042300-00,0.0590,3.00,no
2026-10-05T02:56:53.671964Z,KXETH15M-26OCT042300-00,0.0600,6.00,no
2026-10-05T02:56:53.680941Z,KXETH15M-26OCT042300-00,0.0600,2.00,no
2026-10-05T02:56:54.010966Z,KXETH15M-26OCT042300-00,0.0600,3.17,no
2026-10-05T02:56:54.055132Z,KXETH15M-26OCT042300-00,0.0600,17.00,no
2026-10-05T02:56:54.055132Z,KXETH15M-26OCT042300-00,0.0600,16.83,no
2026-10-05T02:56:54.156199Z,KXETH15M-26OCT042300-00,0.0590,17.00,no
2026-10-05T02:56:54.496808Z,KXETH15M-26OCT042300-00,0.0570,8.56,no
2026-10-05T02:56:54.496808Z,KXETH15M-26OCT042300-00,0.0580,20.00,no
2026-10-05T02:56:54.496808Z,KXETH15M-26OCT042300-00,0.0580,10.00,no
2026-10-05T02:56:54.686134Z,KXETH15M-26OCT042300-00,0.0590,4.00,yes
2026-10-05T02:56:54.686134Z,KXETH15M-26OCT042300-00,0.0590,5.00,yes
2026-10-05T02:56:54.686134Z,KXETH15M-26OCT042300-00,0.0590,1.00,yes
2026-10-05T02:56:54.686134Z,KXETH15M-26OCT042300-00,0.0590,4.00,yes
2026-10-05T02:56:54.686134Z,KXETH15M-26OCT042300-00,0.0590,20.00,yes
2026-10-05T02:56:54.686134Z,KXETH15M-26OCT042300-00,0.0590,19.90,yes
2026-10-05T02:56:54.686134Z,KXETH15M-26OCT042300-00,0.0590,22.00,yes
2026-10-05T02:56:54.872163Z,KXETH15M-26OCT042300-00,0.0570,10.57,no
2026-10-05T02:56:54.872163Z,KXETH15M-26OCT042300-00,0.0580,20.00,no
2026-10-05T02:56:54.872163Z,KXETH15M-26OCT042300-00,0.0580,10.00,no
2026-10-05T02:56:55.391532Z,KXETH15M-26OCT042300-00,0.0510,4.00,yes
2026-10-05T02:56:55.391532Z,KXETH15M-26OCT042300-00,0.0510,1.00,yes
2026-10-05T02:56:55.391532Z,KXETH15M-26OCT042300-00,0.0510,4.00,yes
2026-10-05T02:56:55.391532Z,KXETH15M-26OCT042300-00,0.0510,7.00,yes
2026-10-05T02:56:55.717817Z,KXETH15M-26OCT042300-00,0.0510,36.77,yes
2026-10-05T02:56:56.714481Z,KXETH15M-26OCT042300-00,0.0500,10.00,no
2026-10-05T02:56:56.714481Z,KXETH15M-26OCT042300-00,0.0490,20.00,no
2026-10-05T02:56:56.714481Z,KXETH15M-26OCT042300-00,0.0500,20.00,no
2026-10-05T02:56:56.829266Z,KXETH15M-26OCT042300-00,0.0430,20.00,no
2026-10-05T02:56:57.289593Z,KXETH15M-26OCT042300-00,0.0320,18.00,no
2026-10-05T02:56:57.289593Z,KXETH15M-26OCT042300-00,0.0340,1.00,no
2026-10-05T02:56:58.388166Z,KXETH15M-26OCT042300-00,0.0270,1.40,yes
2026-10-05T02:56:58.388166Z,KXETH15M-26OCT042300-00,0.0270,1.00,yes
2026-10-05T02:56:58.443357Z,KXETH15M-26OCT042300-00,0.0270,2.60,yes
2026-10-05T02:56:58.443357Z,KXETH15M-26OCT042300-00,0.0270,4.00,yes
2026-10-05T02:56:58.443357Z,KXETH15M-26OCT042300-00,0.0280,26.83,yes
2026-10-05T02:56:58.833878Z,KXETH15M-26OCT042300-00,0.0280,4.00,yes
2026-10-05T02:56:58.833878Z,KXETH15M-26OCT042300-00,0.0290,50.00,yes
2026-10-05T02:56:58.833878Z,KXETH15M-26OCT042300-00,0.0290,4.00,yes
2026-10-05T02:56:58.833878Z,KXETH15M-26OCT042300-00,0.0280,4.00,yes
2026-10-05T02:56:58.833878Z,KXETH15M-26OCT042300-00,0.0280,1.00,yes
2026-10-05T02:56:58.833878Z,KXETH15M-26OCT042300-00,0.0290,4.00,yes
2026-10-05T02:56:58.833878Z,KXETH15M-26OCT042300-00,0.0280,4.00,yes
2026-10-05T02:56:59.344609Z,KXETH15M-26OCT042300-00,0.0280,18.00,no
2026-10-05T02:56:59.344609Z,KXETH15M-26OCT042300-00,0.0280,22.00,no
2026-10-05T02:56:59.428695Z,KXETH15M-26OCT042300-00,0.0290,4.00,yes
2026-10-05T02:56:59.428695Z,KXETH15M-26OCT042300-00,0.0310,12.00,yes
2026-10-05T02:56:59.428695Z,KXETH15M-26OCT042300-00,0.0310,4.00,yes
2026-10-05T02:56:59.428695Z,KXETH15M-26OCT042300-00,0.0290,4.00,yes
2026-10-05T02:56:59.428695Z,KXETH15M-26OCT042300-00,0.0300,6.00,yes
2026-10-05T02:56:59.428695Z,KXETH15M-26OCT042300-00,0.0310,4.00,yes
2026-10-05T02:56:59.428695Z,KXETH15M-26OCT042300-00,0.0310,5.00,yes
2026-10-05T02:56:59.428695Z,KXETH15M-26OCT042300-00,0.0320,17.45,yes
2026-10-05T02:56:59.428695Z,KXETH15M-26OCT042300-00,0.0300,4.00,yes
2026-10-05T02:56:59.428695Z,KXETH15M-26OCT042300-00,0.0300,4.00,yes
2026-10-05T02:56:59.428695Z,KXETH15M-26OCT042300-00,0.0290,6.00,yes
2026-10-05T02:56:59.428695Z,KXETH15M-26OCT042300-00,0.0300,5.00,yes
2026-10-05T02:56:59.970082Z,KXETH15M-26OCT042300-00,0.0280,18.00,no
2026-10-05T02:56:59.970082Z,KXETH15M-26OCT042300-00,0.0290,6.00,no
2026-10-05T02:56:59.970082Z,KXETH15M-26OCT042300-00,0.0290,22.00,no
2026-10-05T02:56:59.970082Z,KXETH15M-26OCT042300-00,0.0280,2.00,no
2026-10-05T02:56:59.970082Z,KXETH15M-26OCT042300-00,0.0270,3.33,no
2026-10-05T02:57:00.202718Z,KXETH15M-26OCT042300-00,0.0270,85.00,no
2026-10-05T02:57:00.202718Z,KXETH15M-26OCT042300-00,0.0270,15.00,no
2026-10-05T02:57:00.216958Z,KXETH15M-26OCT042300-00,0.0270,8.00,no
2026-10-05T02:57:00.216958Z,KXETH15M-26OCT042300-00,0.0270,13.00,no
2026-10-05T02:57:00.216958Z,KXETH15M-26OCT042300-00,0.0270,9.00,no
2026-10-05T02:57:00.231203Z,KXETH15M-26OCT042300-00,0.0250,5.00,no
2026-10-05T02:57:00.2614Z,KXETH15M-26OCT042300-00,0.0240,15.00,no
2026-10-05T02:57:00.2614Z,KXETH15M-26OCT042300-00,0.0240,10.00,no
2026-10-05T02:57:00.2614Z,KXETH15M-26OCT042300-00,0.0250,15.00,no
2026-10-05T02:57:00.267197Z,KXETH15M-26OCT042300-00,0.0240,5.00,no
2026-10-05T02:57:00.267197Z,KXETH15M-26OCT042300-00,0.0230,10.00,no
2026-10-05T02:57:00.558253Z,KXETH15M-26OCT042300-00,0.0260,75.00,no
2026-10-05T02:57:00.732537Z,KXETH15M-26OCT042300-00,0.0260,5.00,no
2026-10-05T02:57:01.019726Z,KXETH15M-26OCT042300-00,0.0260,1.00,no
2026-10-05T02:57:01.069204Z,KXETH15M-26OCT042300-00,0.0270,3.60,yes
2026-10-05T02:57:01.069204Z,KXETH15M-26OCT042300-00,0.0270,4.00,yes
2026-10-05T02:57:01.069204Z,KXETH15M-26OCT042300-00,0.0270,4.00,yes
2026-10-05T02:57:01.069204Z,KXETH15M-26OCT042300-00,0.0270,4.00,yes
2026-10-05T02:57:01.136882Z,KXETH15M-26OCT042300-00,0.0260,15.00,no
2026-10-05T02:57:01.137342Z,KXETH15M-26OCT042300-00,0.0260,82.00,no
2026-10-05T02:57:01.240957Z,KXETH15M-26OCT042300-00,0.0260,35.12,yes
2026-10-05T02:57:01.240957Z,KXETH15M-26OCT042300-00,0.0250,41.00,yes
2026-10-05T02:57:01.589159Z,KXETH15M-26OCT042300-00,0.0240,41.00,yes
2026-10-05T02:57:01.589159Z,KXETH15M-26OCT042300-00,0.0250,19.94,yes
2026-10-05T02:57:01.589159Z,KXETH15M-26OCT042300-00,0.0240,4.00,yes
2026-10-05T02:57:02.372258Z,KXETH15M-26OCT042300-00,0.0230,10.00,no
2026-10-05T02:57:02.372258Z,KXETH15M-26OCT042300-00,0.0230,97.00,no
2026-10-05T02:57:02.372258Z,KXETH15M-26OCT042300-00,0.0220,54.00,no
2026-10-05T02:57:02.372258Z,KXETH15M-26OCT042300-00,0.0220,17.00,no
2026-10-05T02:57:02.372258Z,KXETH15M-26OCT042300-00,0.0220,41.00,no
2026-10-05T02:57:02.372258Z,KXETH15M-26OCT042300-00,0.0220,32.00,no
2026-10-05T02:57:02.393026Z,KXETH15M-26OCT042300-00,0.0230,1.97,yes
2026-10-05T02:57:02.436465Z,KXETH15M-26OCT042300-00,0.0230,115.04,yes
2026-10-05T02:57:02.527608Z,KXETH15M-26OCT042300-00,0.0230,1.04,yes
2026-10-05T02:57:02.733416Z,KXETH15M-26OCT042300-00,0.0230,19.50,yes
2026-10-05T02:57:02.782152Z,KXETH15M-26OCT042300-00,0.0220,1.00,no
2026-10-05T02:57:02.823375Z,KXETH15M-26OCT042300-00,0.0220,15.00,no
2026-10-05T02:57:03.272042Z,KXETH15M-26OCT042300-00,0.0220,0.99,no
2026-10-05T02:57:03.841975Z,KXETH15M-26OCT042300-00,0.0230,3.17,yes
2026-10-05T02:57:04.017185Z,KXETH15M-26OCT042300-00,0.0230,10.00,yes
2026-10-05T02:57:04.039524Z,KXETH15M-26OCT042300-00,0.0230,29.10,yes
2026-10-05T02:57:04.077291Z,KXETH15M-26OCT042300-00,0.0230,40.69,yes
2026-10-05T02:57:04.128222Z,KXETH15M-26OCT042300-00,0.0230,40.69,yes
2026-10-05T02:57:04.171109Z,KXETH15M-26OCT042300-00,0.0230,81.39,yes
2026-10-05T02:57:04.693416Z,KXETH15M-26OCT042300-00,0.0240,4.00,yes
2026-10-05T02:57:04.693416Z,KXETH15M-26OCT042300-00,0.0230,2.00,yes
2026-10-05T02:57:04.693416Z,KXETH15M-26OCT042300-00,0.0230,4.00,yes
2026-10-05T02:57:04.693416Z,KXETH15M-26OCT042300-00,0.0230,4.00,yes
2026-10-05T02:57:04.693416Z,KXETH15M-26OCT042300-00,0.0240,4.00,yes
2026-10-05T02:57:04.693416Z,KXETH15M-26OCT042300-00,0.0250,4.00,yes
2026-10-05T02:57:04.693416Z,KXETH15M-26OCT042300-00,0.0240,8.00,yes
2026-10-05T02:57:04.693416Z,KXETH15M-26OCT042300-00,0.0250,4.00,yes
2026-10-05T02:57:04.693416Z,KXETH15M-26OCT042300-00,0.0240,4.00,yes
2026-10-05T02:57:04.693416Z,KXETH15M-26OCT042300-00,0.0250,0.48,yes
2026-10-05T02:57:04.881058Z,KXETH15M-26OCT042300-00,0.0250,21.71,yes
2026-10-05T02:57:04.881058Z,KXETH15M-26OCT042300-00,0.0240,4.00,yes
2026-10-05T02:57:04.881058Z,KXETH15M-26OCT042300-00,0.0240,4.00,yes
2026-10-05T02:57:04.881058Z,KXETH15M-26OCT042300-00,0.0250,8.00,yes
2026-10-05T02:57:05.727961Z,KXETH15M-26OCT042300-00,0.0230,33.00,no
2026-10-05T02:57:05.727961Z,KXETH15M-26OCT042300-00,0.0230,17.00,no
2026-10-05T02:57:05.758885Z,KXETH15M-26OCT042300-00,0.0240,4.00,yes
2026-10-05T02:57:05.758885Z,KXETH15M-26OCT042300-00,0.0240,4.00,yes
2026-10-05T02:57:05.89258Z,KXETH15M-26OCT042300-00,0.0230,44.67,no
2026-10-05T02:57:05.89258Z,KXETH15M-26OCT042300-00,0.0240,0.33,no
2026-10-05T02:57:06.867334Z,KXETH15M-26OCT042300-00,0.0240,1.95,yes
2026-10-05T02:57:06.937722Z,KXETH15M-26OCT042300-00,0.0230,7.33,no
2026-10-05T02:57:07.19194Z,KXETH15M-26OCT042300-00,0.0230,2.67,no
2026-10-05T02:57:07.19194Z,KXETH15M-26OCT042300-00,0.0230,6.33,no
2026-10-05T02:57:07.194435Z,KXETH15M-26OCT042300-00,0.0230,3.00,no
2026-10-05T02:57:07.200683Z,KXETH15M-26OCT042300-00,0.0230,4.00,no
2026-10-05T02:57:07.366605Z,KXETH15M-26OCT042300-00,0.0230,10.00,no
2026-10-05T02:57:07.720282Z,KXETH15M-26OCT042300-00,0.0230,50.00,no
2026-10-05T02:57:07.849725Z,KXETH15M-26OCT042300-00,0.0270,20.00,yes
2026-10-05T02:57:07.849725Z,KXETH15M-26OCT042300-00,0.0250,19.29,yes
2026-10-05T02:57:07.849725Z,KXETH15M-26OCT042300-00,0.0260,41.00,yes
2026-10-05T02:57:07.849725Z,KXETH15M-26OCT042300-00,0.0240,3.00,yes
2026-10-05T02:57:07.849725Z,KXETH15M-26OCT042300-00,0.0250,1.00,yes
2026-10-05T02:57:07.849725Z,KXETH15M-26OCT042300-00,0.0240,4.00,yes
2026-10-05T02:57:07.849725Z,KXETH15M-26OCT042300-00,0.0250,4.00,yes
2026-10-05T02:57:07.849725Z,KXETH15M-26OCT042300-00,0.0260,4.00,yes
2026-10-05T02:57:07.849725Z,KXETH15M-26OCT042300-00,0.0250,4.00,yes
2026-10-05T02:57:07.849725Z,KXETH15M-26OCT042300-00,0.0240,4.00,yes
2026-10-05T02:57:07.849725Z,KXETH15M-26OCT042300-00,0.0240,12.00,yes
2026-10-05T02:57:07.849725Z,KXETH15M-26OCT042300-00,0.0260,4.00,yes
2026-10-05T02:57:07.849725Z,KXETH15M-26OCT042300-00,0.0240,1.00,yes
2026-10-05T02:57:07.849725Z,KXETH15M-26OCT042300-00,0.0250,13.00,yes
2026-10-05T02:57:07.849725Z,KXETH15M-26OCT042300-00,0.0240,5.00,yes
2026-10-05T02:57:07.849725Z,KXETH15M-26OCT042300-00,0.0280,1.00,yes
2026-10-05T02:57:07.849725Z,KXETH15M-26OCT042300-00,0.0270,12.00,yes
2026-10-05T02:57:07.849725Z,KXETH15M-26OCT042300-00,0.0280,26.08,yes
2026-10-05T02:57:07.849725Z,KXETH15M-26OCT042300-00,0.0270,1.00,yes
2026-10-05T02:57:08.948464Z,KXETH15M-26OCT042300-00,0.0230,51.09,no
2026-10-05T02:57:08.99062Z,KXETH15M-26OCT042300-00,0.0220,50.00,no
2026-10-05T02:57:08.99062Z,KXETH15M-26OCT042300-00,0.0230,10.00,no
2026-10-05T02:57:08.99062Z,KXETH15M-26OCT042300-00,0.0230,23.00,no
2026-10-05T02:57:08.99062Z,KXETH15M-26OCT042300-00,0.0220,26.08,no
2026-10-05T02:57:08.99062Z,KXETH15M-26OCT042300-00,0.0230,97.00,no
2026-10-05T02:57:08.99062Z,KXETH15M-26OCT042300-00,0.0220,15.13,no
2026-10-05T02:57:08.99062Z,KXETH15M-26OCT042300-00,0.0220,8.00,no
2026-10-05T02:57:09.030765Z,KXETH15M-26OCT042300-00,0.0210,15.00,no
2026-10-05T02:57:09.056701Z,KXETH15M-26OCT042300-00,0.0220,4.00,yes
2026-10-05T02:57:09.056701Z,KXETH15M-26OCT042300-00,0.0220,2.00,yes
2026-10-05T02:57:09.056701Z,KXETH15M-26OCT042300-00,0.0220,4.00,yes
2026-10-05T02:57:09.193404Z,KXETH15M-26OCT042300-00,0.0220,4.00,yes
2026-10-05T02:57:09.193404Z,KXETH15M-26OCT042300-00,0.0230,11.36,yes
2026-10-05T02:57:09.193404Z,KXETH15M-26OCT042300-00,0.0230,4.00,yes
2026-10-05T02:57:09.193404Z,KXETH15M-26OCT042300-00,0.0220,7.00,yes
2026-10-05T02:57:09.193404Z,KXETH15M-26OCT042300-00,0.0230,4.00,yes
2026-10-05T02:57:09.193404Z,KXETH15M-26OCT042300-00,0.0220,4.00,yes
2026-10-05T02:57:09.193404Z,KXETH15M-26OCT042300-00,0.0230,4.00,yes
2026-10-05T02:57:09.703903Z,KXETH15M-26OCT042300-00,0.0250,4.00,yes
2026-10-05T02:57:09.703903Z,KXETH15M-26OCT042300-00,0.0220,4.00,yes
2026-10-05T02:57:09.703903Z,KXETH15M-26OCT042300-00,0.0250,9.00,yes
2026-10-05T02:57:09.703903Z,KXETH15M-26OCT042300-00,0.0220,4.00,yes
2026-10-05T02:57:09.703903Z,KXETH15M-26OCT042300-00,0.0240,4.00,yes
2026-10-05T02:57:09.703903Z,KXETH15M-26OCT042300-00,0.0250,22.00,yes
2026-10-05T02:57:09.703903Z,KXETH15M-26OCT042300-00,0.0230,4.00,yes
2026-10-05T02:57:09.703903Z,KXETH15M-26OCT042300-00,0.0230,4.00,yes
2026-10-05T02:57:09.703903Z,KXETH15M-26OCT042300-00,0.0220,11.00,yes
2026-10-05T02:57:09.703903Z,KXETH15M-26OCT042300-00,0.0260,12.00,yes
2026-10-05T02:57:09.703903Z,KXETH15M-26OCT042300-00,0.0270,10.16,yes
2026-10-05T02:57:09.703903Z,KXETH15M-26OCT042300-00,0.0240,18.17,yes
2026-10-05T02:57:09.703903Z,KXETH15M-26OCT042300-00,0.0240,4.00,yes
2026-10-05T02:57:10.255133Z,KXETH15M-26OCT042300-00,0.0240,10.00,yes
2026-10-05T02:57:10.255133Z,KXETH15M-26OCT042300-00,0.0230,2.00,yes
2026-10-05T02:57:10.255133Z,KXETH15M-26OCT042300-00,0.0240,3.00,yes
2026-10-05T02:57:10.255133Z,KXETH15M-26OCT042300-00,0.0230,5.00,yes
2026-10-05T02:57:10.255133Z,KXETH15M-26OCT042300-00,0.0230,5.00,yes
2026-10-05T02:57:10.551349Z,KXETH15M-26OCT042300-00,0.0270,12.00,yes
2026-10-05T02:57:10.551349Z,KXETH15M-26OCT042300-00,0.0260,41.00,yes
2026-10-05T02:57:10.551349Z,KXETH15M-26OCT042300-00,0.0280,26.08,yes
2026-10-05T02:57:10.551349Z,KXETH15M-26OCT042300-00,0.0300,30.00,yes
2026-10-05T02:57:10.551349Z,KXETH15M-26OCT042300-00,0.0250,41.00,yes
2026-10-05T02:57:10.551349Z,KXETH15M-26OCT042300-00,0.0260,4.00,yes
2026-10-05T02:57:10.551349Z,KXETH15M-26OCT042300-00,0.0250,4.00,yes
2026-10-05T02:57:10.551349Z,KXETH15M-26OCT042300-00,0.0260,4.00,yes
2026-10-05T02:57:10.551349Z,KXETH15M-26OCT042300-00,0.0240,3.00,yes
2026-10-05T02:57:10.551349Z,KXETH15M-26OCT042300-00,0.0240,4.00,yes
2026-10-05T02:57:10.551349Z,KXETH15M-26OCT042300-00,0.0240,4.00,yes
2026-10-05T02:57:10.551349Z,KXETH15M-26OCT042300-00,0.0250,7.00,yes
2026-10-05T02:57:10.551349Z,KXETH15M-26OCT042300-00,0.0240,18.00,yes
2026-10-05T02:57:10.551349Z,KXETH15M-26OCT042300-00,0.0250,4.00,yes
2026-10-05T02:57:10.551349Z,KXETH15M-26OCT042300-00,0.0300,5.00,yes
2026-10-05T02:57:10.551349Z,KXETH15M-26OCT042300-00,0.0240,6.00,yes
2026-10-05T02:57:10.551349Z,KXETH15M-26OCT042300-00,0.0300,1.00,yes
2026-10-05T02:57:10.551349Z,KXETH15M-26OCT042300-00,0.0310,1.00,yes
2026-10-05T02:57:10.551349Z,KXETH15M-26OCT042300-00,0.0300,9.00,yes
2026-10-05T02:57:10.551349Z,KXETH15M-26OCT042300-00,0.0280,14.92,yes
2026-10-05T02:57:10.551349Z,KXETH15M-26OCT042300-00,0.0280,17.00,yes
2026-10-05T02:57:10.551349Z,KXETH15M-26OCT042300-00,0.0280,32.00,yes
2026-10-05T02:57:10.551349Z,KXETH15M-26OCT042300-00,0.0280,1.01,yes
2026-10-05T02:57:10.551349Z,KXETH15M-26OCT042300-00,0.0300,4.04,yes
2026-10-05T02:57:10.551349Z,KXETH15M-26OCT042300-00,0.0300,9.00,yes
2026-10-05T02:57:10.551349Z,KXETH15M-26OCT042300-00,0.0310,37.12,yes
2026-10-05T02:57:11.542583Z,KXETH15M-26OCT042300-00,0.0220,12.00,no
2026-10-05T02:57:11.542583Z,KXETH15M-26OCT042300-00,0.0240,22.00,no
2026-10-05T02:57:11.542583Z,KXETH15M-26OCT042300-00,0.0240,16.00,no
2026-10-05T02:57:11.542583Z,KXETH15M-26OCT042300-00,0.0240,10.00,no
2026-10-05T02:57:12.335714Z,KXETH15M-26OCT042300-00,0.0250,7.00,yes
2026-10-05T02:57:12.335714Z,KXETH15M-26OCT042300-00,0.0250,3.46,yes
2026-10-05T02:57:12.335714Z,KXETH15M-26OCT042300-00,0.0240,12.00,yes
2026-10-05T02:57:12.418494Z,KXETH15M-26OCT042300-00,0.0250,37.54,yes
2026-10-05T02:57:12.418494Z,KXETH15M-26OCT042300-00,0.0250,1.00,yes
2026-10-05T02:57:12.418494Z,KXETH15M-26OCT042300-00,0.0250,1.46,yes
2026-10-05T02:57:12.438215Z,KXETH15M-26OCT042300-00,0.0250,10.00,yes
2026-10-05T02:57:13.156119Z,KXETH15M-26OCT042300-00,0.0240,4.00,yes
2026-10-05T02:57:13.156119Z,KXETH15M-26OCT042300-00,0.0300,17.43,yes
2026-10-05T02:57:13.156119Z,KXETH15M-26OCT042300-00,0.0300,9.00,yes
2026-10-05T02:57:13.156119Z,KXETH15M-26OCT042300-00,0.0260,41.00,yes
2026-10-05T02:57:13.156119Z,KXETH15M-26OCT042300-00,0.0300,9.00,yes
2026-10-05T02:57:13.156119Z,KXETH15M-26OCT042300-00,0.0280,12.00,yes
2026-10-05T02:57:13.156119Z,KXETH15M-26OCT042300-00,0.0300,1.01,yes
2026-10-05T02:57:13.156119Z,KXETH15M-26OCT042300-00,0.0260,22.00,yes
2026-10-05T02:57:13.156119Z,KXETH15M-26OCT042300-00,0.0260,4.00,yes
2026-10-05T02:57:13.156119Z,KXETH15M-26OCT042300-00,0.0290,12.00,yes
2026-10-05T02:57:13.156119Z,KXETH15M-26OCT042300-00,0.0250,31.00,yes
2026-10-05T02:57:13.156119Z,KXETH15M-26OCT042300-00,0.0240,6.00,yes
2026-10-05T02:57:13.156119Z,KXETH15M-26OCT042300-00,0.0250,4.00,yes
2026-10-05T02:57:13.156119Z,KXETH15M-26OCT042300-00,0.0260,4.00,yes
2026-10-05T02:57:13.156119Z,KXETH15M-26OCT042300-00,0.0250,4.00,yes
2026-10-05T02:57:13.156119Z,KXETH15M-26OCT042300-00,0.0250,4.00,yes
2026-10-05T02:57:13.156119Z,KXETH15M-26OCT042300-00,0.0240,4.00,yes
2026-10-05T02:57:13.156119Z,KXETH15M-26OCT042300-00,0.0250,9.00,yes
2026-10-05T02:57:13.156119Z,KXETH15M-26OCT042300-00,0.0260,17.00,yes
2026-10-05T02:57:13.187594Z,KXETH15M-26OCT042300-00,0.0230,10.00,no
2026-10-05T02:57:13.187594Z,KXETH15M-26OCT042300-00,0.0230,22.00,no
2026-10-05T02:57:13.193202Z,KXETH15M-26OCT042300-00,0.0200,250.00,no
2026-10-05T02:57:13.193202Z,KXETH15M-26OCT042300-00,0.0220,2.92,no
2026-10-05T02:57:13.193202Z,KXETH15M-26OCT042300-00,0.0220,32.00,no
2026-10-05T02:57:13.193202Z,KXETH15M-26OCT042300-00,0.0220,17.00,no
2026-10-05T02:57:13.193202Z,KXETH15M-26OCT042300-00,0.0220,26.08,no
2026-10-05T02:57:13.193202Z,KXETH15M-26OCT042300-00,0.0200,1.00,no
2026-10-05T02:57:13.193202Z,KXETH15M-26OCT042300-00,0.0200,18.00,no
2026-10-05T02:57:13.193202Z,KXETH15M-26OCT042300-00,0.0200,50.00,no
2026-10-05T02:57:13.197915Z,KXETH15M-26OCT042300-00,0.0210,1.00,no
2026-10-05T02:57:13.200424Z,KXETH15M-26OCT042300-00,0.0220,10.00,no
2026-10-05T02:57:13.449902Z,KXETH15M-26OCT042300-00,0.0220,2.00,no
2026-10-05T02:57:13.509047Z,KXETH15M-26OCT042300-00,0.0190,4.45,no
2026-10-05T02:57:13.509047Z,KXETH15M-26OCT042300-00,0.0190,1.00,no
2026-10-05T02:57:13.686797Z,KXETH15M-26OCT042300-00,0.0160,1.00,no
2026-10-05T02:57:13.686797Z,KXETH15M-26OCT042300-00,0.0170,1.00,no
2026-10-05T02:57:13.686797Z,KXETH15M-26OCT042300-00,0.0180,1.00,no
2026-10-05T02:57:13.686797Z,KXETH15M-26OCT042300-00,0.0160,20.00,no
2026-10-05T02:57:13.686797Z,KXETH15M-26OCT042300-00,0.0160,76.00,no
2026-10-05T02:57:13.686797Z,KXETH15M-26OCT042300-00,0.0180,1.00,no
2026-10-05T02:57:13.726765Z,KXETH15M-26OCT042300-00,0.0150,3.00,no
2026-10-05T02:57:13.726765Z,KXETH15M-26OCT042300-00,0.0150,6.00,no
2026-10-05T02:57:13.726765Z,KXETH15M-26OCT042300-00,0.0150,1.00,no
2026-10-05T02:57:13.726765Z,KXETH15M-26OCT042300-00,0.0160,24.00,no
2026-10-05T02:57:13.726765Z,KXETH15M-26OCT042300-00,0.0160,20.00,no
2026-10-05T02:57:13.726765Z,KXETH15M-26OCT042300-00,0.0160,18.00,no
2026-10-05T02:57:13.726765Z,KXETH15M-26OCT042300-00,0.0150,12.00,no
2026-10-05T02:57:13.726765Z,KXETH15M-26OCT042300-00,0.0150,100.00,no
2026-10-05T02:57:13.922245Z,KXETH15M-26OCT042300-00,0.0150,4.00,yes
2026-10-05T02:57:14.089386Z,KXETH15M-26OCT042300-00,0.0150,6.26,yes
2026-10-05T02:57:14.465448Z,KXETH15M-26OCT042300-00,0.0150,4.00,yes
2026-10-05T02:57:14.465448Z,KXETH15M-26OCT042300-00,0.0150,5.74,yes
2026-10-05T02:57:14.465448Z,KXETH15M-26OCT042300-00,0.0160,19.68,yes
2026-10-05T02:57:14.56401Z,KXETH15M-26OCT042300-00,0.0160,49.67,yes
2026-10-05T02:57:14.56401Z,KXETH15M-26OCT042300-00,0.0150,4.00,yes
2026-10-05T02:57:14.56401Z,KXETH15M-26OCT042300-00,0.0150,4.00,yes
2026-10-05T02:57:15.126177Z,KXETH15M-26OCT042300-00,0.0150,4.00,yes
2026-10-05T02:57:15.126177Z,KXETH15M-26OCT042300-00,0.0150,4.00,yes
2026-10-05T02:57:15.126177Z,KXETH15M-26OCT042300-00,0.0150,4.00,yes
2026-10-05T02:57:15.126177Z,KXETH15M-26OCT042300-00,0.0160,4.00,yes
2026-10-05T02:57:15.126177Z,KXETH15M-26OCT042300-00,0.0160,4.00,yes
2026-10-05T02:57:15.126177Z,KXETH15M-26OCT042300-00,0.0160,30.65,yes
2026-10-05T02:57:15.126177Z,KXETH15M-26OCT042300-00,0.0160,0.68,yes
2026-10-05T02:57:15.266388Z,KXETH15M-26OCT042300-00,0.0140,10.00,no
2026-10-05T02:57:15.266974Z,KXETH15M-26OCT042300-00,0.0140,10.00,no
2026-10-05T02:57:15.87738Z,KXETH15M-26OCT042300-00,0.0150,7.00,yes
2026-10-05T02:57:15.87738Z,KXETH15M-26OCT042300-00,0.0150,9.00,yes
2026-10-05T02:57:15.87738Z,KXETH15M-26OCT042300-00,0.0150,20.00,yes
2026-10-05T02:57:15.87738Z,KXETH15M-26OCT042300-00,0.0150,4.00,yes
2026-10-05T02:57:15.87738Z,KXETH15M-26OCT042300-00,0.0150,4.00,yes
2026-10-05T02:57:15.87738Z,KXETH15M-26OCT042300-00,0.0150,8.00,yes
2026-10-05T02:57:16.186892Z,KXETH15M-26OCT042300-00,0.0150,1.00,yes
2026-10-05T02:57:16.186892Z,KXETH15M-26OCT042300-00,0.0150,9.00,yes
2026-10-05T02:57:16.697679Z,KXETH15M-26OCT042300-00,0.0150,11.00,yes
2026-10-05T02:57:16.697679Z,KXETH15M-26OCT042300-00,0.0150,7.00,yes
2026-10-05T02:57:16.765177Z,KXETH15M-26OCT042300-00,0.0150,12.00,no
2026-10-05T02:57:16.765177Z,KXETH15M-26OCT042300-00,0.0150,32.00,no
2026-10-05T02:57:16.888883Z,KXETH15M-26OCT042300-00,0.0140,18.00,no
2026-10-05T02:57:16.907634Z,KXETH15M-26OCT042300-00,0.0140,312.00,no
2026-10-05T02:57:16.907634Z,KXETH15M-26OCT042300-00,0.0130,31.00,no
2026-10-05T02:57:16.907634Z,KXETH15M-26OCT042300-00,0.0140,1.00,no
2026-10-05T02:57:16.915569Z,KXETH15M-26OCT042300-00,0.0130,6.00,no
2026-10-05T02:57:16.915569Z,KXETH15M-26OCT042300-00,0.0130,69.00,no
2026-10-05T02:57:16.915569Z,KXETH15M-26OCT042300-00,0.0130,1.00,no
2026-10-05T02:57:17.683137Z,KXETH15M-26OCT042300-00,0.0140,4.00,yes
2026-10-05T02:57:17.683137Z,KXETH15M-26OCT042300-00,0.0140,31.00,yes
2026-10-05T02:57:17.683137Z,KXETH15M-26OCT042300-00,0.0140,4.00,yes
2026-10-05T02:57:17.683137Z,KXETH15M-26OCT042300-00,0.0140,31.00,yes
2026-10-05T02:57:18.04352Z,KXETH15M-26OCT042300-00,0.0130,5.06,no
2026-10-05T02:57:18.261239Z,KXETH15M-26OCT042300-00,0.0140,4.00,yes
2026-10-05T02:57:18.261239Z,KXETH15M-26OCT042300-00,0.0140,8.00,yes
2026-10-05T02:57:18.261239Z,KXETH15M-26OCT042300-00,0.0140,38.00,yes
2026-10-05T02:57:18.297637Z,KXETH15M-26OCT042300-00,0.0130,11.99,no
2026-10-05T02:57:18.312687Z,KXETH15M-26OCT042300-00,0.0140,4.00,yes
2026-10-05T02:57:18.312687Z,KXETH15M-26OCT042300-00,0.0140,4.00,yes
2026-10-05T02:57:18.359264Z,KXETH15M-26OCT042300-00,0.0140,17.98,yes
2026-10-05T02:57:18.37489Z,KXETH15M-26OCT042300-00,0.0140,2.02,yes
2026-10-05T02:57:18.37489Z,KXETH15M-26OCT042300-00,0.0140,3.98,yes
2026-10-05T02:57:18.382549Z,KXETH15M-26OCT042300-00,0.0140,11.02,yes
2026-10-05T02:57:18.442863Z,KXETH15M-26OCT042300-00,0.0150,17.00,yes
2026-10-05T02:57:18.450209Z,KXETH15M-26OCT042300-00,0.0150,2.00,yes
2026-10-05T02:57:18.629167Z,KXETH15M-26OCT042300-00,0.0130,1.95,no
2026-10-05T02:57:18.629167Z,KXETH15M-26OCT042300-00,0.0120,4.00,no
2026-10-05T02:57:18.629167Z,KXETH15M-26OCT042300-00,0.0120,12.05,no
2026-10-05T02:57:18.629167Z,KXETH15M-26OCT042300-00,0.0130,20.00,no
2026-10-05T02:57:18.629167Z,KXETH15M-26OCT042300-00,0.0130,12.00,no
2026-10-05T02:57:18.854787Z,KXETH15M-26OCT042300-00,0.0130,20.00,yes
2026-10-05T02:57:18.854787Z,KXETH15M-26OCT042300-00,0.0140,2.25,yes
2026-10-05T02:57:18.854787Z,KXETH15M-26OCT042300-00,0.0130,4.00,yes
2026-10-05T02:57:18.854787Z,KXETH15M-26OCT042300-00,0.0130,9.00,yes
2026-10-05T02:57:18.854787Z,KXETH15M-26OCT042300-00,0.0140,20.00,yes
2026-10-05T02:57:18.854787Z,KXETH15M-26OCT042300-00,0.0130,4.00,yes
2026-10-05T02:57:18.953457Z,KXETH15M-26OCT042300-00,0.0140,10.25,yes
2026-10-05T02:57:18.953457Z,KXETH15M-26OCT042300-00,0.0130,20.00,yes
2026-10-05T02:57:18.953457Z,KXETH15M-26OCT042300-00,0.0140,4.00,yes
2026-10-05T02:57:18.953457Z,KXETH15M-26OCT042300-00,0.0140,1.75,yes
2026-10-05T02:57:19.292984Z,KXETH15M-26OCT042300-00,0.0120,146.63,no
2026-10-05T02:57:19.471061Z,KXETH15M-26OCT042300-00,0.0120,80.00,no
2026-10-05T02:57:19.878797Z,KXETH15M-26OCT042300-00,0.0120,65.72,no
2026-10-05T02:57:19.944191Z,KXETH15M-26OCT042300-00,0.0120,35.39,no
2026-10-05T02:57:20.322727Z,KXETH15M-26OCT042300-00,0.0120,7.07,no
2026-10-05T02:57:20.655471Z,KXETH15M-26OCT042300-00,0.0130,20.00,yes
2026-10-05T02:57:20.655471Z,KXETH15M-26OCT042300-00,0.0130,8.00,yes
2026-10-05T02:57:20.655471Z,KXETH15M-26OCT042300-00,0.0130,4.00,yes
2026-10-05T02:57:20.655471Z,KXETH15M-26OCT042300-00,0.0130,3.34,yes
2026-10-05T02:57:21.169608Z,KXETH15M-26OCT042300-00,0.0130,4.00,yes
2026-10-05T02:57:21.169608Z,KXETH15M-26OCT042300-00,0.0140,3.56,yes
2026-10-05T02:57:21.169608Z,KXETH15M-26OCT042300-00,0.0130,4.00,yes
2026-10-05T02:57:21.169608Z,KXETH15M-26OCT042300-00,0.0130,7.00,yes
2026-10-05T02:57:21.169608Z,KXETH15M-26OCT042300-00,0.0130,20.00,yes
2026-10-05T02:57:21.200092Z,KXETH15M-26OCT042300-00,0.0120,3.14,no
2026-10-05T02:57:21.200092Z,KXETH15M-26OCT042300-00,0.0120,1.00,no
2026-10-05T02:57:21.200092Z,KXETH15M-26OCT042300-00,0.0120,1.32,no
2026-10-05T02:57:21.200092Z,KXETH15M-26OCT042300-00,0.0120,12.00,no
2026-10-05T02:57:21.200092Z,KXETH15M-26OCT042300-00,0.0120,14.00,no
2026-10-05T02:57:21.704692Z,KXETH15M-26OCT042300-00,0.0110,200.00,no
2026-10-05T02:57:21.704692Z,KXETH15M-26OCT042300-00,0.0110,24.00,no
2026-10-05T02:57:21.704692Z,KXETH15M-26OCT042300-00,0.0110,58.14,no
2026-10-05T02:57:21.704692Z,KXETH15M-26OCT042300-00,0.0120,12.00,no
2026-10-05T02:57:21.704692Z,KXETH15M-26OCT042300-00,0.0120,100.00,no
2026-10-05T02:57:22.534625Z,KXETH15M-26OCT042300-00,0.0110,3.03,no
2026-10-05T02:57:22.809623Z,KXETH15M-26OCT042300-00,0.0110,1.00,no
2026-10-05T02:57:22.809623Z,KXETH15M-26OCT042300-00,0.0110,2.00,no
2026-10-05T02:57:22.809623Z,KXETH15M-26OCT042300-00,0.0110,1.00,no
2026-10-05T02:57:22.809623Z,KXETH15M-26OCT042300-00,0.0110,20.00,no
2026-10-05T02:57:22.809623Z,KXETH15M-26OCT042300-00,0.0110,10.00,no
2026-10-05T02:57:22.809623Z,KXETH15M-26OCT042300-00,0.0110,2.00,no
2026-10-05T02:57:22.809623Z,KXETH15M-26OCT042300-00,0.0110,100.00,no
2026-10-05T02:57:22.809623Z,KXETH15M-26OCT042300-00,0.0110,38.83,no
2026-10-05T02:57:22.809623Z,KXETH15M-26OCT042300-00,0.0110,1.00,no
2026-10-05T02:57:22.809623Z,KXETH15M-26OCT042300-00,0.0110,4.00,no
2026-10-05T02:57:22.809623Z,KXETH15M-26OCT042300-00,0.0110,14.00,no
2026-10-05T02:57:22.809623Z,KXETH15M-26OCT042300-00,0.0110,12.00,no
2026-10-05T02:57:22.818443Z,KXETH15M-26OCT042300-00,0.0100,8.09,no
2026-10-05T02:57:22.818443Z,KXETH15M-26OCT042300-00,0.0100,1.00,no
2026-10-05T02:57:22.818443Z,KXETH15M-26OCT042300-00,0.0100,25.00,no
2026-10-05T02:57:22.818443Z,KXETH15M-26OCT042300-00,0.0100,50.00,no
2026-10-05T02:57:22.818443Z,KXETH15M-26OCT042300-00,0.0100,220.00,no
2026-10-05T02:57:22.818443Z,KXETH15M-26OCT042300-00,0.0100,12.00,no
2026-10-05T02:57:22.818443Z,KXETH15M-26OCT042300-00,0.0100,6.00,no
2026-10-05T02:57:22.818443Z,KXETH15M-26OCT042300-00,0.0100,100.00,no
2026-10-05T02:57:22.818443Z,KXETH15M-26OCT042300-00,0.0100,1.00,no
2026-10-05T02:57:22.818443Z,KXETH15M-26OCT042300-00,0.0100,32.00,no
2026-10-05T02:57:22.818443Z,KXETH15M-26OCT042300-00,0.0100,64.00,no
2026-10-05T02:57:22.818443Z,KXETH15M-26OCT042300-00,0.0100,64.00,no
2026-10-05T02:57:22.818443Z,KXETH15M-26OCT042300-00,0.0100,4.00,no
2026-10-05T02:57:22.889913Z,KXETH15M-26OCT042300-00,0.0120,57.94,yes
2026-10-05T02:57:22.889913Z,KXETH15M-26OCT042300-00,0.0120,20.00,yes
2026-10-05T02:57:22.92186Z,KXETH15M-26OCT042300-00,0.0100,20.00,no
2026-10-05T02:57:22.92186Z,KXETH15M-26OCT042300-00,0.0100,2.00,no
2026-10-05T02:57:22.92186Z,KXETH15M-26OCT042300-00,0.0100,8.94,no
2026-10-05T02:57:22.92186Z,KXETH15M-26OCT042300-00,0.0100,5.25,no
2026-10-05T02:57:22.92186Z,KXETH15M-26OCT042300-00,0.0100,16.91,no
2026-10-05T02:57:22.92186Z,KXETH15M-26OCT042300-00,0.0100,19.90,no
2026-10-05T02:57:22.929426Z,KXETH15M-26OCT042300-00,0.0100,13.00,no
2026-10-05T02:57:22.934Z,KXETH15M-26OCT042300-00,0.0100,5.00,no
2026-10-05T02:57:23.103761Z,KXETH15M-26OCT042300-00,0.0110,49.00,yes
2026-10-05T02:57:23.103761Z,KXETH15M-26OCT042300-00,0.0110,25.00,yes
2026-10-05T02:57:23.103761Z,KXETH15M-26OCT042300-00,0.0110,4.00,yes
2026-10-05T02:57:23.103761Z,KXETH15M-26OCT042300-00,0.0110,4.00,yes
2026-10-05T02:57:23.103761Z,KXETH15M-26OCT042300-00,0.0120,48.99,yes
2026-10-05T02:57:23.103761Z,KXETH15M-26OCT042300-00,0.0110,30.00,yes
2026-10-05T02:57:23.149979Z,KXETH15M-26OCT042300-00,0.0100,0.03,no
2026-10-05T02:57:23.149979Z,KXETH15M-26OCT042300-00,0.0100,6.81,no
2026-10-05T02:57:23.149979Z,KXETH15M-26OCT042300-00,0.0100,1.13,no
2026-10-05T02:57:23.149979Z,KXETH15M-26OCT042300-00,0.0100,8.16,no
2026-10-05T02:57:23.149979Z,KXETH15M-26OCT042300-00,0.0100,2.52,no
2026-10-05T02:57:23.149979Z,KXETH15M-26OCT042300-00,0.0100,1.14,no
2026-10-05T02:57:23.204098Z,KXETH15M-26OCT042300-00,0.0100,0.86,no
2026-10-05T02:57:23.204098Z,KXETH15M-26OCT042300-00,0.0100,1.14,no
2026-10-05T02:57:23.209874Z,KXETH15M-26OCT042300-00,0.0100,5.12,no
2026-10-05T02:57:23.209874Z,KXETH15M-26OCT042300-00,0.0100,2.88,no
2026-10-05T02:57:23.212111Z,KXETH15M-26OCT042300-00,0.0100,5.00,no
2026-10-05T02:57:23.311308Z,KXETH15M-26OCT042300-00,0.0100,3.00,no
2026-10-05T02:57:23.320957Z,KXETH15M-26OCT042300-00,0.0100,6.00,no
2026-10-05T02:57:23.340072Z,KXETH15M-26OCT042300-00,0.0110,4.36,yes
2026-10-05T02:57:23.801271Z,KXETH15M-26OCT042300-00,0.0100,468.35,no
2026-10-05T02:57:23.896543Z,KXETH15M-26OCT042300-00,0.0110,5.00,yes
2026-10-05T02:57:24.074903Z,KXETH15M-26OCT042300-00,0.0100,8.00,no
2026-10-05T02:57:24.092816Z,KXETH15M-26OCT042300-00,0.0110,17.00,yes
2026-10-05T02:57:24.103442Z,KXETH15M-26OCT042300-00,0.0110,6.00,yes
2026-10-05T02:57:24.315138Z,KXETH15M-26OCT042300-00,0.0110,9.34,yes
2026-10-05T02:57:24.315138Z,KXETH15M-26OCT042300-00,0.0110,3.03,yes
2026-10-05T02:57:24.315138Z,KXETH15M-26OCT042300-00,0.0110,30.14,yes
2026-10-05T02:57:24.344227Z,KXETH15M-26OCT042300-00,0.0100,1.00,no
2026-10-05T02:57:24.448138Z,KXETH15M-26OCT042300-00,0.0110,11.00,yes
2026-10-05T02:57:24.458322Z,KXETH15M-26OCT042300-00,0.0110,3.00,yes
2026-10-05T02:57:24.516897Z,KXETH15M-26OCT042300-00,0.0110,1.00,yes
2026-10-05T02:57:25.209826Z,KXETH15M-26OCT042300-00,0.0110,6.81,yes
2026-10-05T02:57:25.756084Z,KXETH15M-26OCT042300-00,0.0110,9.00,yes
2026-10-05T02:57:25.757858Z,KXETH15M-26OCT042300-00,0.0110,2.00,yes
2026-10-05T02:57:26.318192Z,KXETH15M-26OCT042300-00,0.0110,6.17,yes
2026-10-05T02:57:26.391532Z,KXETH15M-26OCT042300-00,0.0110,3.00,yes
2026-10-05T02:57:26.469451Z,KXETH15M-26OCT042300-00,0.0100,14.28,no
2026-10-05T02:57:26.469451Z,KXETH15M-26OCT042300-00,0.0100,5.72,no
2026-10-05T02:57:26.733145Z,KXETH15M-26OCT042300-00,0.0100,16.00,no
2026-10-05T02:57:26.733145Z,KXETH15M-26OCT042300-00,0.0100,3.00,no
2026-10-05T02:57:26.733145Z,KXETH15M-26OCT042300-00,0.0100,19.28,no
2026-10-05T02:57:26.79333Z,KXETH15M-26OCT042300-00,0.0080,3.00,yes
2026-10-05T02:57:26.962462Z,KXETH15M-26OCT042300-00,0.0080,1.00,yes
2026-10-05T02:57:26.962462Z,KXETH15M-26OCT042300-00,0.0080,2.00,yes
2026-10-05T02:57:26.998827Z,KXETH15M-26OCT042300-00,0.0080,2.00,yes
2026-10-05T02:57:27.025039Z,KXETH15M-26OCT042300-00,0.0070,1.00,no
2026-10-05T02:57:27.025039Z,KXETH15M-26OCT042300-00,0.0060,1.00,no
2026-10-05T02:57:27.025039Z,KXETH15M-26OCT042300-00,0.0060,17.63,no
2026-10-05T02:57:27.025039Z,KXETH15M-26OCT042300-00,0.0080,48.00,no
2026-10-05T02:57:27.025039Z,KXETH15M-26OCT042300-00,0.0080,41.00,no
2026-10-05T02:57:27.025039Z,KXETH15M-26OCT042300-00,0.0070,6.00,no
2026-10-05T02:57:27.24067Z,KXETH15M-26OCT042300-00,0.0070,2.00,yes
2026-10-05T02:57:27.45422Z,KXETH15M-26OCT042300-00,0.0040,1.00,no
2026-10-05T02:57:27.45422Z,KXETH15M-26OCT042300-00,0.0050,11.00,no
2026-10-05T02:57:27.45422Z,KXETH15M-26OCT042300-00,0.0040,13.00,no
2026-10-05T02:57:27.45422Z,KXETH15M-26OCT042300-00,0.0040,1.00,no
2026-10-05T02:57:27.45422Z,KXETH15M-26OCT042300-00,0.0040,1.00,no
2026-10-05T02:57:27.45422Z,KXETH15M-26OCT042300-00,0.0040,1.00,no
2026-10-05T02:57:27.45422Z,KXETH15M-26OCT042300-00,0.0040,1.00,no
2026-10-05T02:57:27.45422Z,KXETH15M-26OCT042300-00,0.0040,1.00,no
2026-10-05T02:57:27.45422Z,KXETH15M-26OCT042300-00,0.0050,1.00,no
2026-10-05T02:57:27.45422Z,KXETH15M-26OCT042300-00,0.0050,100.00,no
2026-10-05T02:57:27.45422Z,KXETH15M-26OCT042300-00,0.0040,565.00,no
2026-10-05T02:57:27.45422Z,KXETH15M-26OCT042300-00,0.0050,5.00,no
2026-10-05T02:57:27.45422Z,KXETH15M-26OCT042300-00,0.0060,13.00,no
2026-10-05T02:57:27.45422Z,KXETH15M-26OCT042300-00,0.0060,2.37,no
2026-10-05T02:57:27.534141Z,KXETH15M-26OCT042300-00,0.0050,16.00,yes
2026-10-05T02:57:27.534141Z,KXETH15M-26OCT042300-00,0.0050,4.00,yes
2026-10-05T02:57:27.534141Z,KXETH15M-26OCT042300-00,0.0050,4.00,yes
2026-10-05T02:57:27.534141Z,KXETH15M-26OCT042300-00,0.0060,1.00,yes
2026-10-05T02:57:27.829854Z,KXETH15M-26OCT042300-00,0.0050,27.00,no
2026-10-05T02:57:27.829854Z,KXETH15M-26OCT042300-00,0.0050,12.00,no
2026-10-05T02:57:27.829854Z,KXETH15M-26OCT042300-00,0.0050,1.00,no
2026-10-05T02:57:28.032338Z,KXETH15M-26OCT042300-00,0.0050,20.00,no
2026-10-05T02:57:28.032338Z,KXETH15M-26OCT042300-00,0.0040,150.00,no
2026-10-05T02:57:28.032338Z,KXETH15M-26OCT042300-00,0.0050,21.00,no
2026-10-05T02:57:28.032338Z,KXETH15M-26OCT042300-00,0.0050,12.00,no
2026-10-05T02:57:28.099123Z,KXETH15M-26OCT042300-00,0.0040,0.10,yes
2026-10-05T02:57:28.255773Z,KXETH15M-26OCT042300-00,0.0040,4.00,yes
2026-10-05T02:57:28.255773Z,KXETH15M-26OCT042300-00,0.0040,3.90,yes
2026-10-05T02:57:28.255773Z,KXETH15M-26OCT042300-00,0.0040,10.79,yes
2026-10-05T02:57:28.474926Z,KXETH15M-26OCT042300-00,0.0030,55.15,no
2026-10-05T02:57:28.773929Z,KXETH15M-26OCT042300-00,0.0050,31.36,yes
2026-10-05T02:57:28.773929Z,KXETH15M-26OCT042300-00,0.0040,22.21,yes
2026-10-05T02:57:28.773929Z,KXETH15M-26OCT042300-00,0.0050,4.00,yes
2026-10-05T02:57:29.266466Z,KXETH15M-26OCT042300-00,0.0040,20.00,no
2026-10-05T02:57:29.266466Z,KXETH15M-26OCT042300-00,0.0040,8.48,no
2026-10-05T02:57:29.266466Z,KXETH15M-26OCT042300-00,0.0040,44.00,no
2026-10-05T02:57:29.266466Z,KXETH15M-26OCT042300-00,0.0040,10.00,no
2026-10-05T02:57:29.535203Z,KXETH15M-26OCT042300-00,0.0040,10.00,no
2026-10-05T02:57:29.535203Z,KXETH15M-26OCT042300-00,0.0040,11.00,no
2026-10-05T02:57:29.535203Z,KXETH15M-26OCT042300-00,0.0040,20.00,no
2026-10-05T02:57:29.535203Z,KXETH15M-26OCT042300-00,0.0040,15.52,no
2026-10-05T02:57:29.698975Z,KXETH15M-26OCT042300-00,0.0030,1.00,no
2026-10-05T02:57:29.721072Z,KXETH15M-26OCT042300-00,0.0040,1.00,yes
2026-10-05T02:57:29.721072Z,KXETH15M-26OCT042300-00,0.0040,4.00,yes
2026-10-05T02:57:30.316182Z,KXETH15M-26OCT042300-00,0.0040,3.00,yes
2026-10-05T02:57:30.316182Z,KXETH15M-26OCT042300-00,0.0040,38.09,yes
2026-10-05T02:57:30.58055Z,KXETH15M-26OCT042300-00,0.0050,14.00,yes
2026-10-05T02:57:30.58055Z,KXETH15M-26OCT042300-00,0.0060,3.00,yes
2026-10-05T02:57:30.58055Z,KXETH15M-26OCT042300-00,0.0060,17.00,yes
2026-10-05T02:57:30.58055Z,KXETH15M-26OCT042300-00,0.0060,4.00,yes
2026-10-05T02:57:30.58055Z,KXETH15M-26OCT042300-00,0.0050,4.00,yes
2026-10-05T02:57:30.58055Z,KXETH15M-26OCT042300-00,0.0050,4.00,yes
2026-10-05T02:57:30.58055Z,KXETH15M-26OCT042300-00,0.0050,21.64,yes
2026-10-05T02:57:30.58055Z,KXETH15M-26OCT042300-00,0.0050,4.00,yes
2026-10-05T02:57:30.58055Z,KXETH15M-26OCT042300-00,0.0070,6.45,yes
2026-10-05T02:57:30.58055Z,KXETH15M-26OCT042300-00,0.0040,21.91,yes
2026-10-05T02:57:31.044048Z,KXETH15M-26OCT042300-00,0.0040,20.00,no
2026-10-05T02:57:31.044048Z,KXETH15M-26OCT042300-00,0.0040,10.00,no
2026-10-05T02:57:31.044048Z,KXETH15M-26OCT042300-00,0.0040,111.00,no
2026-10-05T02:57:31.559135Z,KXETH15M-26OCT042300-00,0.0040,22.00,yes
2026-10-05T02:57:31.708555Z,KXETH15M-26OCT042300-00,0.0040,4.84,yes
2026-10-05T02:57:31.708555Z,KXETH15M-26OCT042300-00,0.0040,16.00,yes
2026-10-05T02:57:32.548031Z,KXETH15M-26OCT042300-00,0.0040,10.00,no
2026-10-05T02:57:32.548031Z,KXETH15M-26OCT042300-00,0.0040,20.00,no
2026-10-05T02:57:32.760172Z,KXETH15M-26OCT042300-00,0.0070,20.00,yes
2026-10-05T02:57:32.760172Z,KXETH15M-26OCT042300-00,0.0050,31.00,yes
2026-10-05T02:57:32.760172Z,KXETH15M-26OCT042300-00,0.0080,4.00,yes
2026-10-05T02:57:32.760172Z,KXETH15M-26OCT042300-00,0.0080,4.00,yes
2026-10-05T02:57:32.760172Z,KXETH15M-26OCT042300-00,0.0050,16.00,yes
2026-10-05T02:57:32.760172Z,KXETH15M-26OCT042300-00,0.0070,4.00,yes
2026-10-05T02:57:32.760172Z,KXETH15M-26OCT042300-00,0.0060,16.00,yes
2026-10-05T02:57:32.760172Z,KXETH15M-26OCT042300-00,0.0080,1.37,yes
2026-10-05T02:57:32.760172Z,KXETH15M-26OCT042300-00,0.0080,22.00,yes
2026-10-05T02:57:32.760172Z,KXETH15M-26OCT042300-00,0.0070,11.00,yes
2026-10-05T02:57:32.760172Z,KXETH15M-26OCT042300-00,0.0060,16.00,yes
2026-10-05T02:57:33.07403Z,KXETH15M-26OCT042300-00,0.0040,10.00,no
2026-10-05T02:57:33.07403Z,KXETH15M-26OCT042300-00,0.0040,20.00,no
2026-10-05T02:57:33.07403Z,KXETH15M-26OCT042300-00,0.0040,68.00,no
2026-10-05T02:57:33.07403Z,KXETH15M-26OCT042300-00,0.0040,51.00,no
2026-10-05T02:57:34.21414Z,KXETH15M-26OCT042300-00,0.0040,17.00,yes
2026-10-05T02:57:34.21414Z,KXETH15M-26OCT042300-00,0.0040,26.00,yes
2026-10-05T02:57:34.21414Z,KXETH15M-26OCT042300-00,0.0040,5.72,yes
2026-10-05T02:57:34.21414Z,KXETH15M-26OCT042300-00,0.0040,19.28,yes
2026-10-05T02:57:34.316477Z,KXETH15M-26OCT042300-00,0.0040,32.00,yes
2026-10-05T02:57:34.32165Z,KXETH15M-26OCT042300-00,0.0050,4.00,yes
2026-10-05T02:57:34.32165Z,KXETH15M-26OCT042300-00,0.0040,15.00,yes
2026-10-05T02:57:34.321927Z,KXETH15M-26OCT042300-00,0.0050,20.00,yes
2026-10-05T02:57:34.791275Z,KXETH15M-26OCT042300-00,0.0040,20.00,no
2026-10-05T02:57:34.791275Z,KXETH15M-26OCT042300-00,0.0040,43.00,no
2026-10-05T02:57:34.791275Z,KXETH15M-26OCT042300-00,0.0050,50.00,no
2026-10-05T02:57:34.791275Z,KXETH15M-26OCT042300-00,0.0050,12.00,no
2026-10-05T02:57:34.791275Z,KXETH15M-26OCT042300-00,0.0050,31.00,no
2026-10-05T02:57:34.820543Z,KXETH15M-26OCT042300-00,0.0030,34.48,no
2026-10-05T02:57:35.06492Z,KXETH15M-26OCT042300-00,0.0060,1.00,yes
2026-10-05T02:57:35.206638Z,KXETH15M-26OCT042300-00,0.0060,34.48,yes
2026-10-05T02:57:36.122634Z,KXETH15M-26OCT042300-00,0.0060,52.00,yes
2026-10-05T02:57:36.122634Z,KXETH15M-26OCT042300-00,0.0070,8.24,yes
2026-10-05T02:57:36.879604Z,KXETH15M-26OCT042300-00,0.0070,8.68,yes
2026-10-05T02:57:36.879604Z,KXETH15M-26OCT042300-00,0.0070,5.76,yes
2026-10-05T02:57:36.952767Z,KXETH15M-26OCT042300-00,0.0070,5.32,yes
2026-10-05T02:57:36.952767Z,KXETH15M-26OCT042300-00,0.0070,4.00,yes
2026-10-05T02:57:36.952767Z,KXETH15M-26OCT042300-00,0.0070,4.03,yes
2026-10-05T02:57:37.575661Z,KXETH15M-26OCT042300-00,0.0060,5.00,no
2026-10-05T02:57:37.760415Z,KXETH15M-26OCT042300-00,0.0080,6.00,yes
2026-10-05T02:57:37.760415Z,KXETH15M-26OCT042300-00,0.0100,9.00,yes
2026-10-05T02:57:37.760415Z,KXETH15M-26OCT042300-00,0.0080,20.00,yes
2026-10-05T02:57:37.760415Z,KXETH15M-26OCT042300-00,0.0120,16.00,yes
2026-10-05T02:57:37.760415Z,KXETH15M-26OCT042300-00,0.0090,100.00,yes
2026-10-05T02:57:37.760415Z,KXETH15M-26OCT042300-00,0.0090,55.15,yes
2026-10-05T02:57:37.760415Z,KXETH15M-26OCT042300-00,0.0100,60.00,yes
2026-10-05T02:57:37.760415Z,KXETH15M-26OCT042300-00,0.0120,1.01,yes
2026-10-05T02:57:37.760415Z,KXETH15M-26OCT042300-00,0.0160,156.75,yes
2026-10-05T02:57:37.760415Z,KXETH15M-26OCT042300-00,0.0160,4.04,yes
2026-10-05T02:57:37.760415Z,KXETH15M-26OCT042300-00,0.0140,4.04,yes
2026-10-05T02:57:37.760415Z,KXETH15M-26OCT042300-00,0.0110,38.83,yes
2026-10-05T02:57:37.760415Z,KXETH15M-26OCT042300-00,0.0110,48.68,yes
2026-10-05T02:57:37.760415Z,KXETH15M-26OCT042300-00,0.0130,100.00,yes
2026-10-05T02:57:37.760415Z,KXETH15M-26OCT042300-00,0.0150,9.00,yes
2026-10-05T02:57:37.760415Z,KXETH15M-26OCT042300-00,0.0150,1.00,yes
2026-10-05T02:57:37.760415Z,KXETH15M-26OCT042300-00,0.0150,9.00,yes
2026-10-05T02:57:37.760415Z,KXETH15M-26OCT042300-00,0.0130,1.00,yes
2026-10-05T02:57:37.760415Z,KXETH15M-26OCT042300-00,0.0070,10.00,yes
2026-10-05T02:57:37.760415Z,KXETH15M-26OCT042300-00,0.0070,22.97,yes
2026-10-05T02:57:37.760415Z,KXETH15M-26OCT042300-00,0.0100,22.00,yes
2026-10-05T02:57:37.760415Z,KXETH15M-26OCT042300-00,0.0140,4.00,yes
2026-10-05T02:57:37.760415Z,KXETH15M-26OCT042300-00,0.0140,4.00,yes
2026-10-05T02:57:37.760415Z,KXETH15M-26OCT042300-00,0.0080,16.00,yes
2026-10-05T02:57:37.760415Z,KXETH15M-26OCT042300-00,0.0130,50.00,yes
2026-10-05T02:57:37.760415Z,KXETH15M-26OCT042300-00,0.0120,4.00,yes
2026-10-05T02:57:37.760415Z,KXETH15M-26OCT042300-00,0.0100,9.00,yes
2026-10-05T02:57:37.760415Z,KXETH15M-26OCT042300-00,0.0120,4.00,yes
2026-10-05T02:57:37.760415Z,KXETH15M-26OCT042300-00,0.0130,4.00,yes
2026-10-05T02:57:37.760415Z,KXETH15M-26OCT042300-00,0.0130,4.00,yes
2026-10-05T02:57:38.080699Z,KXETH15M-26OCT042300-00,0.0070,6.66,yes
2026-10-05T02:57:38.910578Z,KXETH15M-26OCT042300-00,0.0100,6.95,yes
2026-10-05T02:57:38.910578Z,KXETH15M-26OCT042300-00,0.0070,24.00,yes
2026-10-05T02:57:38.910578Z,KXETH15M-26OCT042300-00,0.0070,31.34,yes
2026-10-05T02:57:38.910578Z,KXETH15M-26OCT042300-00,0.0100,20.00,yes
2026-10-05T02:57:38.910578Z,KXETH15M-26OCT042300-00,0.0100,17.00,yes
2026-10-05T02:57:38.910578Z,KXETH15M-26OCT042300-00,0.0080,6.00,yes
2026-10-05T02:57:38.910578Z,KXETH15M-26OCT042300-00,0.0080,6.00,yes
2026-10-05T02:57:39.22087Z,KXETH15M-26OCT042300-00,0.0030,2.00,no
2026-10-05T02:57:39.22087Z,KXETH15M-26OCT042300-00,0.0030,2.00,no
2026-10-05T02:57:39.22087Z,KXETH15M-26OCT042300-00,0.0030,2.00,no
2026-10-05T02:57:39.22087Z,KXETH15M-26OCT042300-00,0.0030,2.00,no
2026-10-05T02:57:39.22087Z,KXETH15M-26OCT042300-00,0.0030,2.00,no
2026-10-05T02:57:39.22087Z,KXETH15M-26OCT042300-00,0.0030,18.00,no
2026-10-05T02:57:39.22087Z,KXETH15M-26OCT042300-00,0.0030,40.00,no
2026-10-05T02:57:39.22087Z,KXETH15M-26OCT042300-00,0.0020,196.74,no
2026-10-05T02:57:39.22087Z,KXETH15M-26OCT042300-00,0.0030,215.52,no
2026-10-05T02:57:39.22087Z,KXETH15M-26OCT042300-00,0.0040,36.00,no
2026-10-05T02:57:39.22087Z,KXETH15M-26OCT042300-00,0.0030,50.00,no
2026-10-05T02:57:39.22087Z,KXETH15M-26OCT042300-00,0.0030,41.00,no
2026-10-05T02:57:39.22087Z,KXETH15M-26OCT042300-00,0.0030,4.00,no
2026-10-05T02:57:39.22087Z,KXETH15M-26OCT042300-00,0.0070,22.00,no
2026-10-05T02:57:39.22087Z,KXETH15M-26OCT042300-00,0.0030,4.00,no
2026-10-05T02:57:39.22087Z,KXETH15M-26OCT042300-00,0.0040,4.00,no
2026-10-05T02:57:39.22087Z,KXETH15M-26OCT042300-00,0.0050,4.00,no
2026-10-05T02:57:39.22087Z,KXETH15M-26OCT042300-00,0.0040,4.00,no
2026-10-05T02:57:39.22087Z,KXETH15M-26OCT042300-00,0.0050,4.00,no
2026-10-05T02:57:39.22087Z,KXETH15M-26OCT042300-00,0.0060,20.00,no
2026-10-05T02:57:39.22087Z,KXETH15M-26OCT042300-00,0.0060,11.00,no
2026-10-05T02:57:39.22087Z,KXETH15M-26OCT042300-00,0.0050,21.00,no
2026-10-05T02:57:39.22087Z,KXETH15M-26OCT042300-00,0.0040,24.00,no
2026-10-05T02:57:39.22087Z,KXETH15M-26OCT042300-00,0.0060,13.00,no
2026-10-05T02:57:39.468309Z,KXETH15M-26OCT042300-00,0.0040,8.00,no
2026-10-05T02:57:39.468309Z,KXETH15M-26OCT042300-00,0.0040,24.00,no
2026-10-05T02:57:39.691702Z,KXETH15M-26OCT042300-00,0.0040,2.00,no
2026-10-05T02:57:39.691702Z,KXETH15M-26OCT042300-00,0.0040,70.51,no
2026-10-05T02:57:39.781523Z,KXETH15M-26OCT042300-00,0.0040,2.00,no
2026-10-05T02:57:39.781523Z,KXETH15M-26OCT042300-00,0.0040,8.00,no
2026-10-05T02:57:39.781523Z,KXETH15M-26OCT042300-00,0.0040,20.00,no
2026-10-05T02:57:39.781523Z,KXETH15M-26OCT042300-00,0.0040,48.49,no
2026-10-05T02:57:39.927532Z,KXETH15M-26OCT042300-00,0.0040,1.51,yes
2026-10-05T02:57:39.927532Z,KXETH15M-26OCT042300-00,0.0040,37.00,yes
2026-10-05T02:57:39.927532Z,KXETH15M-26OCT042300-00,0.0040,80.00,yes
2026-10-05T02:57:39.927532Z,KXETH15M-26OCT042300-00,0.0040,80.00,yes
2026-10-05T02:57:41.251306Z,KXETH15M-26OCT042300-00,0.0050,37.39,yes
2026-10-05T02:57:41.677644Z,KXETH15M-26OCT042300-00,0.0050,35.39,yes
2026-10-05T02:57:41.745088Z,KXETH15M-26OCT042300-00,0.0040,15.83,no
2026-10-05T02:57:42.144134Z,KXETH15M-26OCT042300-00,0.0040,1.00,no
2026-10-05T02:57:42.155157Z,KXETH15M-26OCT042300-00,0.0040,1.83,no
2026-10-05T02:57:42.155157Z,KXETH15M-26OCT042300-00,0.0040,3.17,no
2026-10-05T02:57:42.163731Z,KXETH15M-26OCT042300-00,0.0040,5.00,no
2026-10-05T02:57:43.170453Z,KXETH15M-26OCT042300-00,0.0030,5.38,no
2026-10-05T02:57:44.418016Z,KXETH15M-26OCT042300-00,0.0030,10.00,no
2026-10-05T02:57:44.473464Z,KXETH15M-26OCT042300-00,0.0030,21.22,no
2026-10-05T02:57:44.473464Z,KXETH15M-26OCT042300-00,0.0030,25.62,no
2026-10-05T02:57:44.567454Z,KXETH15M-26OCT042300-00,0.0030,10.00,no
2026-10-05T02:57:44.645041Z,KXETH15M-26OCT042300-00,0.0070,80.00,yes
2026-10-05T02:57:44.645041Z,KXETH15M-26OCT042300-00,0.0050,123.96,yes
2026-10-05T02:57:44.645041Z,KXETH15M-26OCT042300-00,0.0060,26.00,yes
2026-10-05T02:57:44.645041Z,KXETH15M-26OCT042300-00,0.0080,168.31,yes
2026-10-05T02:57:44.645041Z,KXETH15M-26OCT042300-00,0.0070,9.00,yes
2026-10-05T02:57:44.645041Z,KXETH15M-26OCT042300-00,0.0060,40.00,yes
2026-10-05T02:57:44.645041Z,KXETH15M-26OCT042300-00,0.0060,6.00,yes
2026-10-05T02:57:44.645041Z,KXETH15M-26OCT042300-00,0.0050,28.00,yes
2026-10-05T02:57:44.645041Z,KXETH15M-26OCT042300-00,0.0040,28.00,yes
2026-10-05T02:57:44.645041Z,KXETH15M-26OCT042300-00,0.0040,64.00,yes
2026-10-05T02:57:44.645041Z,KXETH15M-26OCT042300-00,0.0070,80.00,yes
2026-10-05T02:57:44.645041Z,KXETH15M-26OCT042300-00,0.0070,80.00,yes
2026-10-05T02:57:45.121822Z,KXETH15M-26OCT042300-00,0.0040,20.00,no
2026-10-05T02:57:45.121822Z,KXETH15M-26OCT042300-00,0.0040,1.00,no
2026-10-05T02:57:45.446217Z,KXETH15M-26OCT042300-00,0.0030,20.63,no
2026-10-05T02:57:46.639487Z,KXETH15M-26OCT042300-00,0.0060,4.00,yes
2026-10-05T02:57:46.639487Z,KXETH15M-26OCT042300-00,0.0050,9.00,yes
2026-10-05T02:57:46.639487Z,KXETH15M-26OCT042300-00,0.0050,20.00,yes
2026-10-05T02:57:46.639487Z,KXETH15M-26OCT042300-00,0.0070,4.00,yes
2026-10-05T02:57:46.639487Z,KXETH15M-26OCT042300-00,0.0060,4.00,yes
2026-10-05T02:57:46.639487Z,KXETH15M-26OCT042300-00,0.0070,4.00,yes
2026-10-05T02:57:46.639487Z,KXETH15M-26OCT042300-00,0.0040,15.00,yes
2026-10-05T02:57:46.639487Z,KXETH15M-26OCT042300-00,0.0050,4.00,yes
2026-10-05T02:57:46.639487Z,KXETH15M-26OCT042300-00,0.0040,20.00,yes
2026-10-05T02:57:46.639487Z,KXETH15M-26OCT042300-00,0.0040,20.63,yes
2026-10-05T02:57:46.639487Z,KXETH15M-26OCT042300-00,0.0050,4.00,yes
2026-10-05T02:57:46.639487Z,KXETH15M-26OCT042300-00,0.0080,41.53,yes
2026-10-05T02:57:46.871343Z,KXETH15M-26OCT042300-00,0.0040,19.00,no
2026-10-05T02:57:46.871343Z,KXETH15M-26OCT042300-00,0.0040,14.00,no
2026-10-05T02:57:46.871343Z,KXETH15M-26OCT042300-00,0.0040,10.00,no
2026-10-05T02:57:47.367958Z,KXETH15M-26OCT042300-00,0.0030,8.62,no
2026-10-05T02:57:48.475242Z,KXETH15M-26OCT042300-00,0.0080,5.68,yes
2026-10-05T02:57:48.475242Z,KXETH15M-26OCT042300-00,0.0090,18.02,yes
2026-10-05T02:57:48.475242Z,KXETH15M-26OCT042300-00,0.0090,4.00,yes
2026-10-05T02:57:48.475242Z,KXETH15M-26OCT042300-00,0.0050,20.00,yes
2026-10-05T02:57:48.475242Z,KXETH15M-26OCT042300-00,0.0080,4.00,yes
2026-10-05T02:57:48.475242Z,KXETH15M-26OCT042300-00,0.0080,22.00,yes
2026-10-05T02:57:48.475242Z,KXETH15M-26OCT042300-00,0.0040,2.00,yes
2026-10-05T02:57:48.475242Z,KXETH15M-26OCT042300-00,0.0040,20.00,yes
2026-10-05T02:57:48.475242Z,KXETH15M-26OCT042300-00,0.0090,4.00,yes
2026-10-05T02:57:48.475242Z,KXETH15M-26OCT042300-00,0.0080,4.00,yes
2026-10-05T02:57:48.475242Z,KXETH15M-26OCT042300-00,0.0040,10.00,yes
2026-10-05T02:57:48.475242Z,KXETH15M-26OCT042300-00,0.0040,8.62,yes
2026-10-05T02:57:48.475242Z,KXETH15M-26OCT042300-00,0.0040,23.00,yes
2026-10-05T02:57:48.475242Z,KXETH15M-26OCT042300-00,0.0040,8.00,yes
2026-10-05T02:57:49.056468Z,KXETH15M-26OCT042300-00,0.0040,10.00,no
2026-10-05T02:57:49.056468Z,KXETH15M-26OCT042300-00,0.0040,27.00,no
2026-10-05T02:57:49.485164Z,KXETH15M-26OCT042300-00,0.0030,5.00,no
2026-10-05T02:57:49.804133Z,KXETH15M-26OCT042300-00,0.0100,1.01,yes
2026-10-05T02:57:49.804133Z,KXETH15M-26OCT042300-00,0.0100,30.00,yes
2026-10-05T02:57:49.804133Z,KXETH15M-26OCT042300-00,0.0100,214.52,yes
2026-10-05T02:57:49.804133Z,KXETH15M-26OCT042300-00,0.0090,20.00,yes
2026-10-05T02:57:49.804133Z,KXETH15M-26OCT042300-00,0.0090,21.00,yes
2026-10-05T02:57:49.804133Z,KXETH15M-26OCT042300-00,0.0050,19.00,yes
2026-10-05T02:57:49.804133Z,KXETH15M-26OCT042300-00,0.0040,7.00,yes
2026-10-05T02:57:49.804133Z,KXETH15M-26OCT042300-00,0.0040,28.00,yes
2026-10-05T02:57:49.804133Z,KXETH15M-26OCT042300-00,0.0040,5.00,yes
2026-10-05T02:57:50.075195Z,KXETH15M-26OCT042300-00,0.0050,2.00,no
2026-10-05T02:57:50.084006Z,KXETH15M-26OCT042300-00,0.0050,2.00,no
2026-10-05T02:57:50.124711Z,KXETH15M-26OCT042300-00,0.0060,74.00,yes
2026-10-05T02:57:50.124711Z,KXETH15M-26OCT042300-00,0.0060,23.61,yes
2026-10-05T02:57:50.559265Z,KXETH15M-26OCT042300-00,0.0050,33.00,no
2026-10-05T02:57:50.559265Z,KXETH15M-26OCT042300-00,0.0050,15.00,no
2026-10-05T02:57:50.559265Z,KXETH15M-26OCT042300-00,0.0050,16.00,no
2026-10-05T02:57:50.559265Z,KXETH15M-26OCT042300-00,0.0040,10.00,no
2026-10-05T02:57:51.142904Z,KXETH15M-26OCT042300-00,0.0090,2.89,yes
2026-10-05T02:57:51.142904Z,KXETH15M-26OCT042300-00,0.0070,35.00,yes
2026-10-05T02:57:51.142904Z,KXETH15M-26OCT042300-00,0.0090,21.00,yes
2026-10-05T02:57:51.873877Z,KXETH15M-26OCT042300-00,0.0030,35.34,no
2026-10-05T02:57:52.062268Z,KXETH15M-26OCT042300-00,0.0030,68.00,no
2026-10-05T02:57:52.822917Z,KXETH15M-26OCT042300-00,0.0040,10.00,no
2026-10-05T02:57:52.822917Z,KXETH15M-26OCT042300-00,0.0050,22.00,no
2026-10-05T02:57:52.822917Z,KXETH15M-26OCT042300-00,0.0050,19.00,no
2026-10-05T02:57:53.433969Z,KXETH15M-26OCT042300-00,0.0040,10.00,no
2026-10-05T02:57:53.433969Z,KXETH15M-26OCT042300-00,0.0040,46.00,no
2026-10-05T02:57:53.433969Z,KXETH15M-26OCT042300-00,0.0040,100.00,no
2026-10-05T02:57:53.526184Z,KXETH15M-26OCT042300-00,0.0050,11.67,yes
2026-10-05T02:57:53.526184Z,KXETH15M-26OCT042300-00,0.0040,19.00,yes
2026-10-05T02:57:53.673833Z,KXETH15M-26OCT042300-00,0.0070,20.00,yes
2026-10-05T02:57:53.673833Z,KXETH15M-26OCT042300-00,0.0050,10.00,yes
2026-10-05T02:57:53.673833Z,KXETH15M-26OCT042300-00,0.0080,6.46,yes
2026-10-05T02:57:53.673833Z,KXETH15M-26OCT042300-00,0.0050,1.33,yes
2026-10-05T02:57:53.673833Z,KXETH15M-26OCT042300-00,0.0050,100.00,yes
2026-10-05T02:57:53.69635Z,KXETH15M-26OCT042300-00,0.0050,27.00,yes
2026-10-05T02:57:53.975731Z,KXETH15M-26OCT042300-00,0.0050,9.46,no
2026-10-05T02:57:54.123614Z,KXETH15M-26OCT042300-00,0.0060,8.00,yes
2026-10-05T02:57:54.123614Z,KXETH15M-26OCT042300-00,0.0060,20.00,yes
2026-10-05T02:57:54.123614Z,KXETH15M-26OCT042300-00,0.0060,9.46,yes
2026-10-05T02:57:54.324756Z,KXETH15M-26OCT042300-00,0.0070,100.00,no
2026-10-05T02:57:54.324756Z,KXETH15M-26OCT042300-00,0.0060,100.00,no
2026-10-05T02:57:54.324756Z,KXETH15M-26OCT042300-00,0.0040,10.00,no
2026-10-05T02:57:54.324756Z,KXETH15M-26OCT042300-00,0.0050,90.54,no
2026-10-05T02:57:55.073924Z,KXETH15M-26OCT042300-00,0.0040,124.00,no
2026-10-05T02:57:55.073924Z,KXETH15M-26OCT042300-00,0.0060,21.00,no
2026-10-05T02:57:55.073924Z,KXETH15M-26OCT042300-00,0.0050,12.00,no
2026-10-05T02:57:55.073924Z,KXETH15M-26OCT042300-00,0.0050,8.00,no
2026-10-05T02:57:55.388531Z,KXETH15M-26OCT042300-00,0.0080,28.88,yes
2026-10-05T02:57:55.388531Z,KXETH15M-26OCT042300-00,0.0080,68.00,yes
2026-10-05T02:57:55.388531Z,KXETH15M-26OCT042300-00,0.0060,9.00,yes
2026-10-05T02:57:55.388531Z,KXETH15M-26OCT042300-00,0.0060,20.00,yes
2026-10-05T02:57:55.388531Z,KXETH15M-26OCT042300-00,0.0080,47.56,yes
2026-10-05T02:57:55.388531Z,KXETH15M-26OCT042300-00,0.0070,100.00,yes
2026-10-05T02:57:55.388531Z,KXETH15M-26OCT042300-00,0.0060,90.54,yes
2026-10-05T02:57:55.388531Z,KXETH15M-26OCT042300-00,0.0060,21.00,yes
2026-10-05T02:57:55.388531Z,KXETH15M-26OCT042300-00,0.0050,30.00,yes
2026-10-05T02:57:55.388531Z,KXETH15M-26OCT042300-00,0.0070,159.00,yes
2026-10-05T02:57:55.402996Z,KXETH15M-26OCT042300-00,0.0050,1.00,no
2026-10-05T02:57:55.824699Z,KXETH15M-26OCT042300-00,0.0040,10.00,no
2026-10-05T02:57:55.824699Z,KXETH15M-26OCT042300-00,0.0040,9.00,no
2026-10-05T02:57:55.824699Z,KXETH15M-26OCT042300-00,0.0050,106.00,no
2026-10-05T02:57:56.54887Z,KXETH15M-26OCT042300-00,0.0030,2.84,no
2026-10-05T02:57:56.888428Z,KXETH15M-26OCT042300-00,0.0030,65.18,no
2026-10-05T02:57:57.329061Z,KXETH15M-26OCT042300-00,0.0040,10.00,no
2026-10-05T02:57:57.329061Z,KXETH15M-26OCT042300-00,0.0040,14.00,no
2026-10-05T02:57:57.329061Z,KXETH15M-26OCT042300-00,0.0040,12.00,no
2026-10-05T02:57:57.99707Z,KXETH15M-26OCT042300-00,0.0050,2.00,yes
2026-10-05T02:57:58.03545Z,KXETH15M-26OCT042300-00,0.0040,2.11,yes
2026-10-05T02:57:58.92685Z,KXETH15M-26OCT042300-00,0.0040,0.26,yes
2026-10-05T02:58:00.675478Z,KXETH15M-26OCT042300-00,0.0040,10.03,no
2026-10-05T02:58:01.45977Z,KXETH15M-26OCT042300-00,0.0040,7.02,no
2026-10-05T02:58:03.133407Z,KXETH15M-26OCT042300-00,0.0040,2.95,no
2026-10-05T02:58:03.133407Z,KXETH15M-26OCT042300-00,0.0040,2.05,no
2026-10-05T02:58:03.166448Z,KXETH15M-26OCT042300-00,0.0050,44.00,yes
2026-10-05T02:58:03.166448Z,KXETH15M-26OCT042300-00,0.0050,175.00,yes
2026-10-05T02:58:03.166448Z,KXETH15M-26OCT042300-00,0.0050,34.00,yes
2026-10-05T02:58:03.166448Z,KXETH15M-26OCT042300-00,0.0090,21.00,yes
2026-10-05T02:58:03.166448Z,KXETH15M-26OCT042300-00,0.0090,20.00,yes
2026-10-05T02:58:03.166448Z,KXETH15M-26OCT042300-00,0.0060,11.00,yes
2026-10-05T02:58:03.166448Z,KXETH15M-26OCT042300-00,0.0080,52.44,yes
2026-10-05T02:58:03.166448Z,KXETH15M-26OCT042300-00,0.0100,9.00,yes
2026-10-05T02:58:03.166448Z,KXETH15M-26OCT042300-00,0.0100,9.00,yes
2026-10-05T02:58:03.166448Z,KXETH15M-26OCT042300-00,0.0050,65.18,yes
2026-10-05T02:58:03.166448Z,KXETH15M-26OCT042300-00,0.0100,16.28,yes
2026-10-05T02:58:03.166448Z,KXETH15M-26OCT042300-00,0.0050,2.84,yes
2026-10-05T02:58:03.166448Z,KXETH15M-26OCT042300-00,0.0100,185.48,yes
2026-10-05T02:58:03.207514Z,KXETH15M-26OCT042300-00,0.0090,65.00,no
2026-10-05T02:58:03.215504Z,KXETH15M-26OCT042300-00,0.0090,2.01,no
2026-10-05T02:58:03.222964Z,KXETH15M-26OCT042300-00,0.0090,8.00,no
2026-10-05T02:58:03.244205Z,KXETH15M-26OCT042300-00,0.0090,4.00,no
2026-10-05T02:58:03.606217Z,KXETH15M-26OCT042300-00,0.0090,7.00,no
2026-10-05T02:58:04.131755Z,KXETH15M-26OCT042300-00,0.0100,13.72,yes
2026-10-05T02:58:04.131755Z,KXETH15M-26OCT042300-00,0.0100,30.48,yes
2026-10-05T02:58:04.131755Z,KXETH15M-26OCT042300-00,0.0100,4.00,yes
2026-10-05T02:58:04.131755Z,KXETH15M-26OCT042300-00,0.0100,4.00,yes
2026-10-05T02:58:04.131755Z,KXETH15M-26OCT042300-00,0.0100,25.00,yes
2026-10-05T02:58:04.131755Z,KXETH15M-26OCT042300-00,0.0100,16.31,yes
2026-10-05T02:58:05.452834Z,KXETH15M-26OCT042300-00,0.0100,22.23,yes
2026-10-05T02:58:05.452834Z,KXETH15M-26OCT042300-00,0.0100,24.52,yes
2026-10-05T02:58:05.614059Z,KXETH15M-26OCT042300-00,0.0090,19.01,no
2026-10-05T02:58:05.614059Z,KXETH15M-26OCT042300-00,0.0090,13.99,no
2026-10-05T02:58:06.293019Z,KXETH15M-26OCT042300-00,0.0080,30.12,no
2026-10-05T02:58:06.779191Z,KXETH15M-26OCT042300-00,0.0090,23.00,yes
2026-10-05T02:58:07.387487Z,KXETH15M-26OCT042300-00,0.0090,1.00,yes
2026-10-05T02:58:07.387487Z,KXETH15M-26OCT042300-00,0.0090,20.00,yes
2026-10-05T02:58:07.387487Z,KXETH15M-26OCT042300-00,0.0090,7.12,yes
2026-10-05T02:58:07.387487Z,KXETH15M-26OCT042300-00,0.0100,19.21,yes
2026-10-05T02:58:08.000341Z,KXETH15M-26OCT042300-00,0.0120,4.00,yes
2026-10-05T02:58:08.000341Z,KXETH15M-26OCT042300-00,0.0130,145.16,yes
2026-10-05T02:58:08.000341Z,KXETH15M-26OCT042300-00,0.0120,4.00,yes
2026-10-05T02:58:08.000341Z,KXETH15M-26OCT042300-00,0.0110,65.00,yes
2026-10-05T02:58:08.000341Z,KXETH15M-26OCT042300-00,0.0090,2.00,yes
2026-10-05T02:58:08.000341Z,KXETH15M-26OCT042300-00,0.0090,34.00,yes
2026-10-05T02:58:08.000341Z,KXETH15M-26OCT042300-00,0.0110,4.00,yes
2026-10-05T02:58:08.000341Z,KXETH15M-26OCT042300-00,0.0110,4.00,yes
2026-10-05T02:58:08.000341Z,KXETH15M-26OCT042300-00,0.0120,1.01,yes
2026-10-05T02:58:08.000341Z,KXETH15M-26OCT042300-00,0.0100,4.00,yes
2026-10-05T02:58:08.000341Z,KXETH15M-26OCT042300-00,0.0120,16.00,yes
2026-10-05T02:58:08.000341Z,KXETH15M-26OCT042300-00,0.0100,2.01,yes
2026-10-05T02:58:08.000341Z,KXETH15M-26OCT042300-00,0.0100,8.00,yes
2026-10-05T02:58:08.000341Z,KXETH15M-26OCT042300-00,0.0100,7.00,yes
2026-10-05T02:58:08.000341Z,KXETH15M-26OCT042300-00,0.0100,23.56,yes
2026-10-05T02:58:08.000341Z,KXETH15M-26OCT042300-00,0.0090,20.00,yes
2026-10-05T02:58:08.000341Z,KXETH15M-26OCT042300-00,0.0100,10.00,yes
2026-10-05T02:58:08.000341Z,KXETH15M-26OCT042300-00,0.0100,13.99,yes
2026-10-05T02:58:08.000341Z,KXETH15M-26OCT042300-00,0.0100,4.00,yes
2026-10-05T02:58:08.000341Z,KXETH15M-26OCT042300-00,0.0100,30.00,yes
2026-10-05T02:58:08.038836Z,KXETH15M-26OCT042300-00,0.0110,8.00,no
2026-10-05T02:58:08.079044Z,KXETH15M-26OCT042300-00,0.0100,8.00,no
2026-10-05T02:58:08.079044Z,KXETH15M-26OCT042300-00,0.0100,9.00,no
2026-10-05T02:58:08.079044Z,KXETH15M-26OCT042300-00,0.0110,14.00,no
2026-10-05T02:58:08.14348Z,KXETH15M-26OCT042300-00,0.0080,25.18,no
2026-10-05T02:58:08.192482Z,KXETH15M-26OCT042300-00,0.0090,8.00,yes
2026-10-05T02:58:08.303947Z,KXETH15M-26OCT042300-00,0.0090,17.18,yes
2026-10-05T02:58:08.470412Z,KXETH15M-26OCT042300-00,0.0110,2.02,no
2026-10-05T02:58:08.631316Z,KXETH15M-26OCT042300-00,0.0120,3.68,no
2026-10-05T02:58:08.656291Z,KXETH15M-26OCT042300-00,0.0120,16.30,no
2026-10-05T02:58:08.656291Z,KXETH15M-26OCT042300-00,0.0110,7.00,no
2026-10-05T02:58:08.656291Z,KXETH15M-26OCT042300-00,0.0110,7.00,no
2026-10-05T02:58:08.963383Z,KXETH15M-26OCT042300-00,0.0040,4.00,no
2026-10-05T02:58:08.963383Z,KXETH15M-26OCT042300-00,0.0090,14.00,no
2026-10-05T02:58:08.963383Z,KXETH15M-26OCT042300-00,0.0040,1.01,no
2026-10-05T02:58:08.963383Z,KXETH15M-26OCT042300-00,0.0050,9.00,no
2026-10-05T02:58:08.963383Z,KXETH15M-26OCT042300-00,0.0040,70.22,no
2026-10-05T02:58:08.963383Z,KXETH15M-26OCT042300-00,0.0050,4.00,no
2026-10-05T02:58:08.963383Z,KXETH15M-26OCT042300-00,0.0040,10.00,no
2026-10-05T02:58:08.963383Z,KXETH15M-26OCT042300-00,0.0040,4.00,no
2026-10-05T02:58:08.963383Z,KXETH15M-26OCT042300-00,0.0050,9.00,no
2026-10-05T02:58:08.963383Z,KXETH15M-26OCT042300-00,0.0080,44.70,no
2026-10-05T02:58:08.963383Z,KXETH15M-26OCT042300-00,0.0050,20.00,no
2026-10-05T02:58:08.963383Z,KXETH15M-26OCT042300-00,0.0080,1.00,no
2026-10-05T02:58:09.170226Z,KXETH15M-26OCT042300-00,0.0120,30.00,yes
2026-10-05T02:58:09.178808Z,KXETH15M-26OCT042300-00,0.0120,14.70,yes
2026-10-05T02:58:09.432972Z,KXETH15M-26OCT042300-00,0.0100,0.01,no
2026-10-05T02:58:09.664602Z,KXETH15M-26OCT042300-00,0.0050,9.00,no
2026-10-05T02:58:09.664602Z,KXETH15M-26OCT042300-00,0.0050,5.47,no
2026-10-05T02:58:10.718556Z,KXETH15M-26OCT042300-00,0.0100,4.99,yes
2026-10-05T02:58:10.970639Z,KXETH15M-26OCT042300-00,0.0060,29.22,no
2026-10-05T02:58:10.970639Z,KXETH15M-26OCT042300-00,0.0060,11.00,no
2026-10-05T02:58:11.999426Z,KXETH15M-26OCT042300-00,0.0030,44.39,no
2026-10-05T02:58:11.999426Z,KXETH15M-26OCT042300-00,0.0030,45.82,no
2026-10-05T02:58:11.999426Z,KXETH15M-26OCT042300-00,0.0040,4.00,no
2026-10-05T02:58:11.999426Z,KXETH15M-26OCT042300-00,0.0040,4.00,no
2026-10-05T02:58:11.999426Z,KXETH15M-26OCT042300-00,0.0040,20.00,no
2026-10-05T02:58:11.999426Z,KXETH15M-26OCT042300-00,0.0050,1.00,no
2026-10-05T02:58:11.999426Z,KXETH15M-26OCT042300-00,0.0040,10.00,no
2026-10-05T02:58:11.999426Z,KXETH15M-26OCT042300-00,0.0050,9.00,no
2026-10-05T02:58:11.999426Z,KXETH15M-26OCT042300-00,0.0050,9.00,no
2026-10-05T02:58:11.999426Z,KXETH15M-26OCT042300-00,0.0060,221.00,no
2026-10-05T02:58:12.972315Z,KXETH15M-26OCT042300-00,0.0050,45.82,yes
2026-10-05T02:58:12.972315Z,KXETH15M-26OCT042300-00,0.0060,5.47,yes
2026-10-05T02:58:13.206439Z,KXETH15M-26OCT042300-00,0.0080,12.00,yes
2026-10-05T02:58:13.206439Z,KXETH15M-26OCT042300-00,0.0080,21.41,yes
2026-10-05T02:58:13.206439Z,KXETH15M-26OCT042300-00,0.0070,8.00,yes
2026-10-05T02:58:13.206439Z,KXETH15M-26OCT042300-00,0.0060,16.53,yes
2026-10-05T02:58:13.206439Z,KXETH15M-26OCT042300-00,0.0050,30.00,yes
2026-10-05T02:58:13.206439Z,KXETH15M-26OCT042300-00,0.0050,51.00,yes
2026-10-05T02:58:13.364723Z,KXETH15M-26OCT042300-00,0.0040,28.00,no
2026-10-05T02:58:13.364723Z,KXETH15M-26OCT042300-00,0.0040,20.00,no
2026-10-05T02:58:13.364723Z,KXETH15M-26OCT042300-00,0.0040,10.00,no
2026-10-05T02:58:13.37658Z,KXETH15M-26OCT042300-00,0.0040,58.00,yes
2026-10-05T02:58:13.387535Z,KXETH15M-26OCT042300-00,0.0040,5.00,yes
2026-10-05T02:58:13.60479Z,KXETH15M-26OCT042300-00,0.0040,783.88,yes
2026-10-05T02:58:13.62543Z,KXETH15M-26OCT042300-00,0.0040,121.79,yes
2026-10-05T02:58:13.70328Z,KXETH15M-26OCT042300-00,0.0040,5.00,yes
2026-10-05T02:58:13.982459Z,KXETH15M-26OCT042300-00,0.0040,125.96,yes
2026-10-05T02:58:13.98626Z,KXETH15M-26OCT042300-00,0.0040,96.63,yes
2026-10-05T02:58:14.205949Z,KXETH15M-26OCT042300-00,0.0040,2.00,yes
2026-10-05T02:58:14.20882Z,KXETH15M-26OCT042300-00,0.0040,3.00,yes
2026-10-05T02:58:14.215197Z,KXETH15M-26OCT042300-00,0.0040,10.00,yes
2026-10-05T02:58:14.219707Z,KXETH15M-26OCT042300-00,0.0040,6.00,yes
2026-10-05T02:58:15.228423Z,KXETH15M-26OCT042300-00,0.0030,0.39,no
2026-10-05T02:58:15.32437Z,KXETH15M-26OCT042300-00,0.0040,108.00,yes
2026-10-05T02:58:16.619546Z,KXETH15M-26OCT042300-00,0.0040,82.91,yes
2026-10-05T02:58:16.898356Z,KXETH15M-26OCT042300-00,0.0040,1.35,yes
2026-10-05T02:58:17.662233Z,KXETH15M-26OCT042300-00,0.0030,49.13,no
2026-10-05T02:58:18.032245Z,KXETH15M-26OCT042300-00,0.0040,458.07,yes
2026-10-05T02:58:18.127225Z,KXETH15M-26OCT042300-00,0.0030,4.66,no
2026-10-05T02:58:18.127225Z,KXETH15M-26OCT042300-00,0.0030,41.00,no
2026-10-05T02:58:18.127225Z,KXETH15M-26OCT042300-00,0.0030,3.15,no
2026-10-05T02:58:18.343807Z,KXETH15M-26OCT042300-00,0.0040,57.27,yes
2026-10-05T02:58:18.436318Z,KXETH15M-26OCT042300-00,0.0040,229.04,yes
2026-10-05T02:58:18.546743Z,KXETH15M-26OCT042300-00,0.0040,233.72,yes
2026-10-05T02:58:19.110178Z,KXETH15M-26OCT042300-00,0.0030,81.39,no
2026-10-05T02:58:20.666726Z,KXETH15M-26OCT042300-00,0.0030,8.00,no
2026-10-05T02:58:20.669282Z,KXETH15M-26OCT042300-00,0.0030,2.00,no
2026-10-05T02:58:20.67819Z,KXETH15M-26OCT042300-00,0.0030,9.00,no
2026-10-05T02:58:20.849203Z,KXETH15M-26OCT042300-00,0.0030,36.10,no
2026-10-05T02:58:20.939271Z,KXETH15M-26OCT042300-00,0.0030,21.00,no
2026-10-05T02:58:20.953179Z,KXETH15M-26OCT042300-00,0.0030,10.00,no
2026-10-05T02:58:20.975163Z,KXETH15M-26OCT042300-00,0.0030,10.00,no
2026-10-05T02:58:21.122953Z,KXETH15M-26OCT042300-00,0.0030,6.00,no
2026-10-05T02:58:21.266816Z,KXETH15M-26OCT042300-00,0.0040,29.82,yes
2026-10-05T02:58:21.306463Z,KXETH15M-26OCT042300-00,0.0030,9.00,no
2026-10-05T02:58:21.416385Z,KXETH15M-26OCT042300-00,0.0030,7.00,no
2026-10-05T02:58:22.285003Z,KXETH15M-26OCT042300-00,0.0040,232.49,yes
2026-10-05T02:58:22.414307Z,KXETH15M-26OCT042300-00,0.0040,468.35,yes
2026-10-05T02:58:22.930379Z,KXETH15M-26OCT042300-00,0.0030,10.00,no
2026-10-05T02:58:22.940373Z,KXETH15M-26OCT042300-00,0.0030,10.00,no
2026-10-05T02:58:22.959845Z,KXETH15M-26OCT042300-00,0.0030,10.00,no
2026-10-05T02:58:23.050544Z,KXETH15M-26OCT042300-00,0.0030,8.00,no
2026-10-05T02:58:23.407833Z,KXETH15M-26OCT042300-00,0.0030,14.70,no
2026-10-05T02:58:23.407833Z,KXETH15M-26OCT042300-00,0.0030,9.36,no
2026-10-05T02:58:23.478296Z,KXETH15M-26OCT042300-00,0.0030,9.00,no
2026-10-05T02:58:23.52045Z,KXETH15M-26OCT042300-00,0.0030,6.00,no
2026-10-05T02:58:23.657642Z,KXETH15M-26OCT042300-00,0.0030,8.00,no
2026-10-05T02:58:24.041423Z,KXETH15M-26OCT042300-00,0.0040,229.04,yes
2026-10-05T02:58:24.18998Z,KXETH15M-26OCT042300-00,0.0030,9.00,no
2026-10-05T02:58:24.246101Z,KXETH15M-26OCT042300-00,0.0030,8.00,no
2026-10-05T02:58:24.392709Z,KXETH15M-26OCT042300-00,0.0030,10.00,no
2026-10-05T02:58:24.579251Z,KXETH15M-26OCT042300-00,0.0030,10.00,no
2026-10-05T02:58:24.617443Z,KXETH15M-26OCT042300-00,0.0030,10.00,no
2026-10-05T02:58:24.635913Z,KXETH15M-26OCT042300-00,0.0030,10.00,no
2026-10-05T02:58:24.796855Z,KXETH15M-26OCT042300-00,0.0030,10.00,no
2026-10-05T02:58:24.903537Z,KXETH15M-26OCT042300-00,0.0040,194.68,yes
2026-10-05T02:58:24.903537Z,KXETH15M-26OCT042300-00,0.0040,33.97,yes
2026-10-05T02:58:24.903537Z,KXETH15M-26OCT042300-00,0.0040,0.39,yes
2026-10-05T02:58:24.950012Z,KXETH15M-26OCT042300-00,0.0040,10.00,yes
2026-10-05T02:58:24.950012Z,KXETH15M-26OCT042300-00,0.0040,716.31,yes
2026-10-05T02:58:24.950012Z,KXETH15M-26OCT042300-00,0.0040,8.00,yes
2026-10-05T02:58:24.950012Z,KXETH15M-26OCT042300-00,0.0040,10.00,yes
2026-10-05T02:58:24.950012Z,KXETH15M-26OCT042300-00,0.0040,10.00,yes
2026-10-05T02:58:24.950012Z,KXETH15M-26OCT042300-00,0.0040,44.39,yes
2026-10-05T02:58:24.950012Z,KXETH15M-26OCT042300-00,0.0040,9.00,yes
2026-10-05T02:58:24.950012Z,KXETH15M-26OCT042300-00,0.0040,7.00,yes
2026-10-05T02:58:24.950012Z,KXETH15M-26OCT042300-00,0.0040,10.00,yes
2026-10-05T02:58:24.950012Z,KXETH15M-26OCT042300-00,0.0040,6.00,yes
2026-10-05T02:58:24.950012Z,KXETH15M-26OCT042300-00,0.0040,56.00,yes
2026-10-05T02:58:24.950012Z,KXETH15M-26OCT042300-00,0.0040,8.00,yes
2026-10-05T02:58:24.950012Z,KXETH15M-26OCT042300-00,0.0040,10.00,yes
2026-10-05T02:58:24.950012Z,KXETH15M-26OCT042300-00,0.0040,36.10,yes
2026-10-05T02:58:24.950012Z,KXETH15M-26OCT042300-00,0.0040,9.00,yes
2026-10-05T02:58:24.950012Z,KXETH15M-26OCT042300-00,0.0040,2.00,yes
2026-10-05T02:58:24.950012Z,KXETH15M-26OCT042300-00,0.0040,21.00,yes
2026-10-05T02:58:24.950012Z,KXETH15M-26OCT042300-00,0.0040,20.00,yes
2026-10-05T02:58:24.950012Z,KXETH15M-26OCT042300-00,0.0040,48.00,yes
2026-10-05T02:58:24.950012Z,KXETH15M-26OCT042300-00,0.0040,81.39,yes
2026-10-05T02:58:24.950012Z,KXETH15M-26OCT042300-00,0.0040,3.15,yes
2026-10-05T02:58:24.950012Z,KXETH15M-26OCT042300-00,0.0040,4.66,yes
2026-10-05T02:58:24.950012Z,KXETH15M-26OCT042300-00,0.0040,15.16,yes
2026-10-05T02:58:25.020438Z,KXETH15M-26OCT042300-00,0.0040,2.79,yes
2026-10-05T02:58:25.081574Z,KXETH15M-26OCT042300-00,0.0040,229.04,yes
2026-10-05T02:58:26.955768Z,KXETH15M-26OCT042300-00,0.0020,1421.96,no
2026-10-05T02:58:26.955768Z,KXETH15M-26OCT042300-00,0.0030,20.00,no
2026-10-05T02:58:26.955768Z,KXETH15M-26OCT042300-00,0.0030,160.00,no
2026-10-05T02:58:27.813714Z,KXETH15M-26OCT042300-00,0.0030,20.00,yes
2026-10-05T02:58:27.813714Z,KXETH15M-26OCT042300-00,0.0040,1089.07,yes
2026-10-05T02:58:27.813714Z,KXETH15M-26OCT042300-00,0.0030,40.00,yes
2026-10-05T02:58:27.813714Z,KXETH15M-26OCT042300-00,0.0030,44.00,yes
2026-10-05T02:58:28.350363Z,KXETH15M-26OCT042300-00,0.0020,1.02,no
2026-10-05T02:58:28.368551Z,KXETH15M-26OCT042300-00,0.0020,200.00,no
2026-10-05T02:58:28.496704Z,KXETH15M-26OCT042300-00,0.0020,200.00,no
2026-10-05T02:58:28.540432Z,KXETH15M-26OCT042300-00,0.0020,150.00,no
2026-10-05T02:58:28.656704Z,KXETH15M-26OCT042300-00,0.0020,4.84,no
2026-10-05T02:58:28.677609Z,KXETH15M-26OCT042300-00,0.0040,0.51,yes
2026-10-05T02:58:30.109193Z,KXETH15M-26OCT042300-00,0.0020,89.00,no
2026-10-05T02:58:30.109193Z,KXETH15M-26OCT042300-00,0.0030,34.00,no
2026-10-05T02:58:30.109193Z,KXETH15M-26OCT042300-00,0.0030,20.00,no
2026-10-05T02:58:30.581879Z,KXETH15M-26OCT042300-00,0.0030,20.00,yes
2026-10-05T02:58:30.581879Z,KXETH15M-26OCT042300-00,0.0030,29.00,yes
2026-10-05T02:58:30.581879Z,KXETH15M-26OCT042300-00,0.0030,25.40,yes
2026-10-05T02:58:30.581879Z,KXETH15M-26OCT042300-00,0.0030,1.00,yes
2026-10-05T02:58:31.497011Z,KXETH15M-26OCT042300-00,0.0020,5.62,no
2026-10-05T02:58:32.350786Z,KXETH15M-26OCT042300-00,0.0020,500.00,no
2026-10-05T02:58:32.350786Z,KXETH15M-26OCT042300-00,0.0020,100.00,no
2026-10-05T02:58:32.350786Z,KXETH15M-26OCT042300-00,0.0020,730.82,no
2026-10-05T02:58:32.350786Z,KXETH15M-26OCT042300-00,0.0020,26.00,no
2026-10-05T02:58:32.350786Z,KXETH15M-26OCT042300-00,0.0020,3.00,no
2026-10-05T02:58:32.350786Z,KXETH15M-26OCT042300-00,0.0020,3.00,no
2026-10-05T02:58:32.350786Z,KXETH15M-26OCT042300-00,0.0020,3.00,no
2026-10-05T02:58:32.350786Z,KXETH15M-26OCT042300-00,0.0020,3.00,no
2026-10-05T02:58:32.350786Z,KXETH15M-26OCT042300-00,0.0020,3.00,no
2026-10-05T02:58:32.350786Z,KXETH15M-26OCT042300-00,0.0020,5.00,no
2026-10-05T02:58:32.350786Z,KXETH15M-26OCT042300-00,0.0020,5.18,no
2026-10-05T02:58:32.350786Z,KXETH15M-26OCT042300-00,0.0020,100.00,no
2026-10-05T02:58:32.391807Z,KXETH15M-26OCT042300-00,0.0020,7.00,no
2026-10-05T02:58:32.391807Z,KXETH15M-26OCT042300-00,0.0020,500.00,no
2026-10-05T02:58:32.391807Z,KXETH15M-26OCT042300-00,0.0020,15.00,no
2026-10-05T02:58:32.691896Z,KXETH15M-26OCT042300-00,0.0010,53.00,no
2026-10-05T02:58:33.039647Z,KXETH15M-26OCT042300-00,0.0030,20.00,yes
2026-10-05T02:58:33.039647Z,KXETH15M-26OCT042300-00,0.0040,284.19,yes
2026-10-05T02:58:33.039647Z,KXETH15M-26OCT042300-00,0.0030,50.00,yes
2026-10-05T02:58:33.039647Z,KXETH15M-26OCT042300-00,0.0030,100.00,yes
2026-10-05T02:58:33.039647Z,KXETH15M-26OCT042300-00,0.0020,500.00,yes
2026-10-05T02:58:33.039647Z,KXETH15M-26OCT042300-00,0.0020,5.18,yes
2026-10-05T02:58:33.039647Z,KXETH15M-26OCT042300-00,0.0030,500.00,yes
2026-10-05T02:58:33.039647Z,KXETH15M-26OCT042300-00,0.0020,118.00,yes
2026-10-05T02:58:33.039647Z,KXETH15M-26OCT042300-00,0.0020,108.00,yes
2026-10-05T02:58:33.30494Z,KXETH15M-26OCT042300-00,0.0030,20.00,yes
2026-10-05T02:58:33.30494Z,KXETH15M-26OCT042300-00,0.0030,16.10,yes
2026-10-05T02:58:33.439859Z,KXETH15M-26OCT042300-00,0.0020,7.00,no
2026-10-05T02:58:33.439859Z,KXETH15M-26OCT042300-00,0.0020,61.00,no
2026-10-05T02:58:33.439859Z,KXETH15M-26OCT042300-00,0.0020,33.00,no
2026-10-05T02:58:33.439859Z,KXETH15M-26OCT042300-00,0.0020,15.00,no
2026-10-05T02:58:34.432134Z,KXETH15M-26OCT042300-00,0.0020,24.00,yes
2026-10-05T02:58:34.432134Z,KXETH15M-26OCT042300-00,0.0020,43.63,yes
2026-10-05T02:58:34.669435Z,KXETH15M-26OCT042300-00,0.0020,10.00,yes
2026-10-05T02:58:35.10361Z,KXETH15M-26OCT042300-00,0.0010,20.00,no
2026-10-05T02:58:36.123926Z,KXETH15M-26OCT042300-00,0.0010,55.05,no
2026-10-05T02:58:36.592049Z,KXETH15M-26OCT042300-00,0.0010,501.11,no
2026-10-05T02:58:37.094788Z,KXETH15M-26OCT042300-00,0.0010,89.00,no
2026-10-05T02:58:37.298448Z,KXETH15M-26OCT042300-00,0.0020,0.45,yes
2026-10-05T02:58:38.485967Z,KXETH15M-26OCT042300-00,0.0020,25.36,yes
2026-10-05T02:58:38.485967Z,KXETH15M-26OCT042300-00,0.0020,11.92,yes
2026-10-05T02:58:40.164804Z,KXETH15M-26OCT042300-00,0.0030,50.00,yes
2026-10-05T02:58:40.164804Z,KXETH15M-26OCT042300-00,0.0030,3.90,yes
2026-10-05T02:58:40.164804Z,KXETH15M-26OCT042300-00,0.0020,16.64,yes
2026-10-05T02:58:40.164804Z,KXETH15M-26OCT042300-00,0.0030,1.00,yes
2026-10-05T02:58:40.164804Z,KXETH15M-26OCT042300-00,0.0020,81.00,yes
2026-10-05T02:58:40.164804Z,KXETH15M-26OCT042300-00,0.0040,140.23,yes
2026-10-05T02:58:40.244767Z,KXETH15M-26OCT042300-00,0.0030,69.00,no
2026-10-05T02:58:40.244767Z,KXETH15M-26OCT042300-00,0.0030,66.00,no
2026-10-05T02:58:40.438427Z,KXETH15M-26OCT042300-00,0.0030,9.00,no
2026-10-05T02:58:40.438427Z,KXETH15M-26OCT042300-00,0.0020,15.00,no
2026-10-05T02:58:40.438427Z,KXETH15M-26OCT042300-00,0.0020,54.00,no
2026-10-05T02:58:41.639513Z,KXETH15M-26OCT042300-00,0.0020,15.00,no
2026-10-05T02:58:41.639513Z,KXETH15M-26OCT042300-00,0.0020,37.00,no
2026-10-05T02:58:41.639513Z,KXETH15M-26OCT042300-00,0.0020,45.00,no
2026-10-05T02:58:41.639513Z,KXETH15M-26OCT042300-00,0.0020,7.00,no
2026-10-05T02:58:41.645018Z,KXETH15M-26OCT042300-00,0.0030,44.00,yes
2026-10-05T02:58:41.645018Z,KXETH15M-26OCT042300-00,0.0030,47.00,yes
2026-10-05T02:58:41.645018Z,KXETH15M-26OCT042300-00,0.0030,20.00,yes
2026-10-05T02:58:41.645018Z,KXETH15M-26OCT042300-00,0.0030,20.00,yes
2026-10-05T02:58:41.645018Z,KXETH15M-26OCT042300-00,0.0030,0.01,yes
2026-10-05T02:58:41.645018Z,KXETH15M-26OCT042300-00,0.0040,1068.03,yes
2026-10-05T02:58:41.938156Z,KXETH15M-26OCT042300-00,0.0020,1.28,no
2026-10-05T02:58:42.079543Z,KXETH15M-26OCT042300-00,0.0020,7.00,no
2026-10-05T02:58:42.079543Z,KXETH15M-26OCT042300-00,0.0020,11.72,no
2026-10-05T02:58:42.079543Z,KXETH15M-26OCT042300-00,0.0020,15.00,no
2026-10-05T02:58:42.079543Z,KXETH15M-26OCT042300-00,0.0020,73.00,no
2026-10-05T02:58:42.74127Z,KXETH15M-26OCT042300-00,0.0030,25.00,yes
2026-10-05T02:58:42.74127Z,KXETH15M-26OCT042300-00,0.0030,0.02,yes
2026-10-05T02:58:42.74127Z,KXETH15M-26OCT042300-00,0.0030,88.00,yes
2026-10-05T02:58:42.74127Z,KXETH15M-26OCT042300-00,0.0030,20.00,yes
2026-10-05T02:58:42.74127Z,KXETH15M-26OCT042300-00,0.0040,131.21,yes
2026-10-05T02:58:42.839299Z,KXETH15M-26OCT042300-00,0.0020,15.00,no
2026-10-05T02:58:42.839299Z,KXETH15M-26OCT042300-00,0.0020,146.00,no
2026-10-05T02:58:42.839299Z,KXETH15M-26OCT042300-00,0.0020,7.00,no
2026-10-05T02:58:43.433059Z,KXETH15M-26OCT042300-00,0.0040,110.84,yes
2026-10-05T02:58:43.433059Z,KXETH15M-26OCT042300-00,0.0030,20.00,yes
2026-10-05T02:58:43.433059Z,KXETH15M-26OCT042300-00,0.0020,0.02,yes
2026-10-05T02:58:43.433059Z,KXETH15M-26OCT042300-00,0.0030,50.00,yes
2026-10-05T02:58:43.433059Z,KXETH15M-26OCT042300-00,0.0020,54.00,yes
2026-10-05T02:58:43.433059Z,KXETH15M-26OCT042300-00,0.0030,0.02,yes
2026-10-05T02:58:43.433059Z,KXETH15M-26OCT042300-00,0.0020,72.00,yes
2026-10-05T02:58:43.438866Z,KXETH15M-26OCT042300-00,0.0010,81.84,no
2026-10-05T02:58:43.438866Z,KXETH15M-26OCT042300-00,0.0010,136.16,no
2026-10-05T02:58:43.438866Z,KXETH15M-26OCT042300-00,0.0010,1000.00,no
2026-10-05T02:58:43.438866Z,KXETH15M-26OCT042300-00,0.0010,400.00,no
2026-10-05T02:58:43.705109Z,KXETH15M-26OCT042300-00,0.0020,131.48,yes
2026-10-05T02:58:43.705109Z,KXETH15M-26OCT042300-00,0.0020,7.00,yes
2026-10-05T02:58:44.03833Z,KXETH15M-26OCT042300-00,0.0020,4.59,yes
2026-10-05T02:58:45.942408Z,KXETH15M-26OCT042300-00,0.0010,1192.10,no
2026-10-05T02:58:49.106363Z,KXETH15M-26OCT042300-00,0.0020,0.09,yes
2026-10-05T02:58:49.106363Z,KXETH15M-26OCT042300-00,0.0020,99.91,yes
2026-10-05T02:58:49.216295Z,KXETH15M-26OCT042300-00,0.0020,458.01,yes
2026-10-05T02:58:49.774527Z,KXETH15M-26OCT042300-00,0.0020,442.08,yes
2026-10-05T02:58:49.774527Z,KXETH15M-26OCT042300-00,0.0020,6.57,yes
2026-10-05T02:58:49.774527Z,KXETH15M-26OCT042300-00,0.0020,9.36,yes
2026-10-05T02:58:52.473196Z,KXETH15M-26OCT042300-00,0.0010,3.00,no
2026-10-05T02:58:52.574356Z,KXETH15M-26OCT042300-00,0.0010,17.94,no
2026-10-05T02:58:53.233438Z,KXETH15M-26OCT042300-00,0.0010,3.00,no
2026-10-05T02:58:53.311932Z,KXETH15M-26OCT042300-00,0.0010,4.00,no
2026-10-05T02:58:53.49759Z,KXETH15M-26OCT042300-00,0.0020,10.00,yes
2026-10-05T02:58:53.49759Z,KXETH15M-26OCT042300-00,0.0020,10.00,yes
2026-10-05T02:58:53.49759Z,KXETH15M-26OCT042300-00,0.0020,10.00,yes
2026-10-05T02:58:53.49759Z,KXETH15M-26OCT042300-00,0.0020,9.00,yes
2026-10-05T02:58:53.49759Z,KXETH15M-26OCT042300-00,0.0020,10.00,yes
2026-10-05T02:58:53.49759Z,KXETH15M-26OCT042300-00,0.0020,8.00,yes
2026-10-05T02:58:53.49759Z,KXETH15M-26OCT042300-00,0.0020,10.00,yes
2026-10-05T02:58:53.49759Z,KXETH15M-26OCT042300-00,0.0020,2.43,yes
2026-10-05T02:58:53.49759Z,KXETH15M-26OCT042300-00,0.0020,846.57,yes
2026-10-05T02:58:53.49759Z,KXETH15M-26OCT042300-00,0.0020,0.02,yes
2026-10-05T02:58:54.089873Z,KXETH15M-26OCT042300-00,0.0010,4.00,no
2026-10-05T02:58:54.156748Z,KXETH15M-26OCT042300-00,0.0010,5.00,no
2026-10-05T02:58:54.347017Z,KXETH15M-26OCT042300-00,0.0010,3.33,no
2026-10-05T02:58:54.443084Z,KXETH15M-26OCT042300-00,0.0020,229.01,yes
2026-10-05T02:58:55.091057Z,KXETH15M-26OCT042300-00,0.0010,631.47,no
2026-10-05T02:58:55.091057Z,KXETH15M-26OCT042300-00,0.0010,214.53,no
2026-10-05T02:58:55.115931Z,KXETH15M-26OCT042300-00,0.0010,3.33,no
2026-10-05T02:58:55.274363Z,KXETH15M-26OCT042300-00,0.0010,50.00,no
2026-10-05T02:58:55.880427Z,KXETH15M-26OCT042300-00,0.0010,3.34,no
2026-10-05T02:58:55.933634Z,KXETH15M-26OCT042300-00,0.0010,3.33,no
2026-10-05T02:58:56.128652Z,KXETH15M-26OCT042300-00,0.0010,423.00,no
2026-10-05T02:58:56.457458Z,KXETH15M-26OCT042300-00,0.0010,212.00,no
2026-10-05T02:58:56.698037Z,KXETH15M-26OCT042300-00,0.0010,3.33,no
2026-10-05T02:58:56.752018Z,KXETH15M-26OCT042300-00,0.0010,3.34,no
2026-10-05T02:58:56.768643Z,KXETH15M-26OCT042300-00,0.0010,40.20,no
2026-10-05T02:58:56.768643Z,KXETH15M-26OCT042300-00,0.0010,63.80,no
2026-10-05T02:58:56.768643Z,KXETH15M-26OCT042300-00,0.0010,1.00,no
2026-10-05T02:58:56.768643Z,KXETH15M-26OCT042300-00,0.0010,1.00,no
2026-10-05T02:58:57.175179Z,KXETH15M-26OCT042300-00,0.0010,53.00,no
2026-10-05T02:58:57.482893Z,KXETH15M-26OCT042300-00,0.0010,26.00,no
2026-10-05T02:58:57.50963Z,KXETH15M-26OCT042300-00,0.0010,2.33,no
2026-10-05T02:58:57.50963Z,KXETH15M-26OCT042300-00,0.0010,1.00,no
2026-10-05T02:58:57.592393Z,KXETH15M-26OCT042300-00,0.0010,3.34,no
2026-10-05T02:58:58.352645Z,KXETH15M-26OCT042300-00,0.0010,3.33,no
2026-10-05T02:58:58.567206Z,KXETH15M-26OCT042300-00,0.0010,1.00,no
2026-10-05T02:58:58.810725Z,KXETH15M-26OCT042300-00,0.0020,16.68,yes
2026-10-05T02:58:58.854203Z,KXETH15M-26OCT042300-00,0.0020,53.00,yes
2026-10-05T02:58:58.854203Z,KXETH15M-26OCT042300-00,0.0020,314.25,yes
2026-10-05T02:58:58.854203Z,KXETH15M-26OCT042300-00,0.0020,26.00,yes
2026-10-05T02:58:58.854203Z,KXETH15M-26OCT042300-00,0.0020,13.00,yes
2026-10-05T02:58:58.854203Z,KXETH15M-26OCT042300-00,0.0020,631.47,yes
2026-10-05T02:58:58.854203Z,KXETH15M-26OCT042300-00,0.0020,134.00,yes
2026-10-05T02:58:58.854203Z,KXETH15M-26OCT042300-00,0.0020,40.20,yes
2026-10-05T02:58:58.854203Z,KXETH15M-26OCT042300-00,0.0020,99.84,yes
2026-10-05T02:58:58.854203Z,KXETH15M-26OCT042300-00,0.0020,0.02,yes
2026-10-05T02:58:58.854203Z,KXETH15M-26OCT042300-00,0.0020,4.00,yes
2026-10-05T02:58:58.854203Z,KXETH15M-26OCT042300-00,0.0020,3.00,yes
2026-10-05T02:58:58.854203Z,KXETH15M-26OCT042300-00,0.0020,138.00,yes
2026-10-05T02:58:58.854203Z,KXETH15M-26OCT042300-00,0.0020,4.00,yes
2026-10-05T02:58:58.854203Z,KXETH15M-26OCT042300-00,0.0020,3.33,yes
2026-10-05T02:58:58.854203Z,KXETH15M-26OCT042300-00,0.0020,5.00,yes
2026-10-05T02:58:58.854203Z,KXETH15M-26OCT042300-00,0.0020,640.00,yes
2026-10-05T02:58:58.854203Z,KXETH15M-26OCT042300-00,0.0020,3.00,yes
2026-10-05T02:58:58.854203Z,KXETH15M-26OCT042300-00,0.0020,17.94,yes
2026-10-05T02:58:58.854203Z,KXETH15M-26OCT042300-00,0.0020,160.00,yes
2026-10-05T02:58:59.161091Z,KXETH15M-26OCT042300-00,0.0020,229.21,yes
2026-10-05T02:58:59.642914Z,KXETH15M-26OCT042300-00,0.0010,60.00,no
2026-10-05T02:58:59.642914Z,KXETH15M-26OCT042300-00,0.0010,37.09,no
2026-10-05T02:58:59.642914Z,KXETH15M-26OCT042300-00,0.0010,100.00,no
2026-10-05T02:58:59.642914Z,KXETH15M-26OCT042300-00,0.0010,8.06,no
2026-10-05T02:58:59.642914Z,KXETH15M-26OCT042300-00,0.0010,44.85,no
2026-10-05T02:58:59.922911Z,KXETH15M-26OCT042300-00,0.0100,25.00,yes
2026-10-05T02:58:59.922911Z,KXETH15M-26OCT042300-00,0.0080,200.00,yes
2026-10-05T02:58:59.922911Z,KXETH15M-26OCT042300-00,0.0050,9.00,yes
2026-10-05T02:58:59.922911Z,KXETH15M-26OCT042300-00,0.0020,0.02,yes
2026-10-05T02:58:59.922911Z,KXETH15M-26OCT042300-00,0.0090,44.85,yes
2026-10-05T02:58:59.922911Z,KXETH15M-26OCT042300-00,0.0020,100.00,yes
2026-10-05T02:58:59.922911Z,KXETH15M-26OCT042300-00,0.0100,5.00,yes
2026-10-05T02:58:59.922911Z,KXETH15M-26OCT042300-00,0.0080,100.00,yes
2026-10-05T02:58:59.922911Z,KXETH15M-26OCT042300-00,0.0080,50.00,yes
2026-10-05T02:58:59.922911Z,KXETH15M-26OCT042300-00,0.0080,40.00,yes
2026-10-05T02:58:59.922911Z,KXETH15M-26OCT042300-00,0.0020,7456.54,yes
2026-10-05T02:58:59.922911Z,KXETH15M-26OCT042300-00,0.0100,60.00,yes
2026-10-05T02:58:59.922911Z,KXETH15M-26OCT042300-00,0.0100,20.00,yes
2026-10-05T02:58:59.922911Z,KXETH15M-26OCT042300-00,0.0100,10.00,yes
2026-10-05T02:58:59.922911Z,KXETH15M-26OCT042300-00,0.0100,15.00,yes
2026-10-05T02:58:59.922911Z,KXETH15M-26OCT042300-00,0.0100,10.00,yes
2026-10-05T02:58:59.922911Z,KXETH15M-26OCT042300-00,0.0050,9.00,yes
2026-10-05T02:58:59.922911Z,KXETH15M-26OCT042300-00,0.0100,50.00,yes
2026-10-05T02:58:59.922911Z,KXETH15M-26OCT042300-00,0.0120,5.00,yes
2026-10-05T02:58:59.922911Z,KXETH15M-26OCT042300-00,0.0040,14.00,yes
2026-10-05T02:58:59.922911Z,KXETH15M-26OCT042300-00,0.0100,500.00,yes
2026-10-05T02:58:59.922911Z,KXETH15M-26OCT042300-00,0.0050,800.00,yes
2026-10-05T02:58:59.922911Z,KXETH15M-26OCT042300-00,0.0050,825.44,yes
2026-10-05T02:58:59.922911Z,KXETH15M-26OCT042300-00,0.0050,201.02,yes
2026-10-05T02:58:59.922911Z,KXETH15M-26OCT042300-00,0.0050,200.00,yes
2026-10-05T02:58:59.922911Z,KXETH15M-26OCT042300-00,0.0050,154.84,yes
2026-10-05T02:58:59.922911Z,KXETH15M-26OCT042300-00,0.0080,4.00,yes
2026-10-05T02:58:59.922911Z,KXETH15M-26OCT042300-00,0.0050,1421.96,yes
2026-10-05T02:58:59.922911Z,KXETH15M-26OCT042300-00,0.0080,4.00,yes
2026-10-05T02:58:59.922911Z,KXETH15M-26OCT042300-00,0.0040,1427.78,yes
2026-10-05T02:58:59.922911Z,KXETH15M-26OCT042300-00,0.0050,1.00,yes
2026-10-05T02:58:59.922911Z,KXETH15M-26OCT042300-00,0.0050,318.00,yes
2026-10-05T02:58:59.922911Z,KXETH15M-26OCT042300-00,0.0050,2223.00,yes
2026-10-05T02:58:59.922911Z,KXETH15M-26OCT042300-00,0.0050,400.00,yes
2026-10-05T02:58:59.922911Z,KXETH15M-26OCT042300-00,0.0030,0.02,yes
2026-10-05T02:58:59.922911Z,KXETH15M-26OCT042300-00,0.0120,0.03,yes
2026-10-05T02:58:59.922911Z,KXETH15M-26OCT042300-00,0.0130,0.04,yes
2026-10-05T02:58:59.922911Z,KXETH15M-26OCT042300-00,0.0100,0.02,yes
2026-10-05T02:58:59.922911Z,KXETH15M-26OCT042300-00,0.0070,0.02,yes
2026-10-05T02:58:59.922911Z,KXETH15M-26OCT042300-00,0.0060,0.02,yes
2026-10-05T02:58:59.922911Z,KXETH15M-26OCT042300-00,0.0110,0.03,yes
2026-10-05T02:58:59.922911Z,KXETH15M-26OCT042300-00,0.0050,0.02,yes
2026-10-05T02:58:59.922911Z,KXETH15M-26OCT042300-00,0.0080,0.02,yes
2026-10-05T02:58:59.922911Z,KXETH15M-26OCT042300-00,0.0090,0.02,yes
2026-10-05T02:58:59.922911Z,KXETH15M-26OCT042300-00,0.0040,0.02,yes
2026-10-05T02:58:59.922911Z,KXETH15M-26OCT042300-00,0.0160,0.08,yes
2026-10-05T02:58:59.922911Z,KXETH15M-26OCT042300-00,0.0150,0.07,yes
2026-10-05T02:58:59.922911Z,KXETH15M-26OCT042300-00,0.0140,0.06,yes
2026-10-05T02:58:59.922911Z,KXETH15M-26OCT042300-00,0.0090,4.00,yes
2026-10-05T02:58:59.922911Z,KXETH15M-26OCT042300-00,0.0090,4.00,yes
2026-10-05T02:58:59.922911Z,KXETH15M-26OCT042300-00,0.0100,4.00,yes
2026-10-05T02:58:59.922911Z,KXETH15M-26OCT042300-00,0.0100,4.00,yes
2026-10-05T02:58:59.922911Z,KXETH15M-26OCT042300-00,0.0150,9.00,yes
2026-10-05T02:58:59.922911Z,KXETH15M-26OCT042300-00,0.0110,4.04,yes
2026-10-05T02:58:59.922911Z,KXETH15M-26OCT042300-00,0.0150,4.04,yes
2026-10-05T02:58:59.922911Z,KXETH15M-26OCT042300-00,0.0090,1.01,yes
2026-10-05T02:58:59.922911Z,KXETH15M-26OCT042300-00,0.0130,4.04,yes
2026-10-05T02:58:59.922911Z,KXETH15M-26OCT042300-00,0.0100,10.00,yes
2026-10-05T02:58:59.922911Z,KXETH15M-26OCT042300-00,0.0160,408.25,yes
2026-10-05T02:58:59.922911Z,KXETH15M-26OCT042300-00,0.0170,66.11,yes
2026-10-05T02:58:59.922911Z,KXETH15M-26OCT042300-00,0.0040,1.00,yes
2026-10-05T02:59:00.072487Z,KXETH15M-26OCT042300-00,0.0010,1.00,no
2026-10-05T02:59:00.130706Z,KXETH15M-26OCT042300-00,0.0020,200.00,no
2026-10-05T02:59:00.145717Z,KXETH15M-26OCT042300-00,0.0020,7.00,no
2026-10-05T02:59:00.145717Z,KXETH15M-26OCT042300-00,0.0020,249.00,no
2026-10-05T02:59:00.145717Z,KXETH15M-26OCT042300-00,0.0010,0.09,no
2026-10-05T02:59:00.145717Z,KXETH15M-26OCT042300-00,0.0010,108.84,no
2026-10-05T02:59:00.145717Z,KXETH15M-26OCT042300-00,0.0010,130.48,no
2026-10-05T02:59:00.145717Z,KXETH15M-26OCT042300-00,0.0010,4.59,no
2026-10-05T02:59:00.43426Z,KXETH15M-26OCT042300-00,0.0010,35.00,no
2026-10-05T02:59:00.460898Z,KXETH15M-26OCT042300-00,0.0010,100.00,no
2026-10-05T02:59:00.460898Z,KXETH15M-26OCT042300-00,0.0010,4.00,no
2026-10-05T02:59:00.460898Z,KXETH15M-26OCT042300-00,0.0010,4.00,no
2026-10-05T02:59:00.460898Z,KXETH15M-26OCT042300-00,0.0010,42.00,no
2026-10-05T02:59:00.460898Z,KXETH15M-26OCT042300-00,0.0010,66.00,no
2026-10-05T02:59:00.460898Z,KXETH15M-26OCT042300-00,0.0010,400.00,no
2026-10-05T02:59:00.460898Z,KXETH15M-26OCT042300-00,0.0010,79.34,no
2026-10-05T02:59:00.460898Z,KXETH15M-26OCT042300-00,0.0010,702.73,no
2026-10-05T02:59:00.460898Z,KXETH15M-26OCT042300-00,0.0010,229.01,no
2026-10-05T02:59:00.461701Z,KXETH15M-26OCT042300-00,0.0010,11.00,no
2026-10-05T02:59:00.751443Z,KXETH15M-26OCT042300-00,0.0010,390.34,no
2026-10-05T02:59:00.751443Z,KXETH15M-26OCT042300-00,0.0010,9.66,no
2026-10-05T02:59:01.058098Z,KXETH15M-26OCT042300-00,0.0010,409.66,no
2026-10-05T02:59:01.058098Z,KXETH15M-26OCT042300-00,0.0010,32.34,no
2026-10-05T02:59:01.058098Z,KXETH15M-26OCT042300-00,0.0010,66.00,no
2026-10-05T02:59:01.893876Z,KXETH15M-26OCT042300-00,0.0010,10.01,yes
2026-10-05T02:59:01.893876Z,KXETH15M-26OCT042300-00,0.0020,108.93,yes
2026-10-05T02:59:01.893876Z,KXETH15M-26OCT042300-00,0.0020,4.59,yes
2026-10-05T02:59:01.893876Z,KXETH15M-26OCT042300-00,0.0020,100.00,yes
2026-10-05T02:59:01.893876Z,KXETH15M-26OCT042300-00,0.0020,545.69,yes
2026-10-05T02:59:01.893876Z,KXETH15M-26OCT042300-00,0.0020,0.02,yes
2026-10-05T02:59:01.893876Z,KXETH15M-26OCT042300-00,0.0020,35.00,yes
2026-10-05T02:59:01.893876Z,KXETH15M-26OCT042300-00,0.0020,130.48,yes
2026-10-05T02:59:03.986054Z,KXETH15M-26OCT042300-00,0.0010,1001.00,yes
2026-10-05T02:59:03.986054Z,KXETH15M-26OCT042300-00,0.0020,1.00,yes
2026-10-05T02:59:03.986054Z,KXETH15M-26OCT042300-00,0.0020,229.01,yes
2026-10-05T02:59:03.986054Z,KXETH15M-26OCT042300-00,0.0020,157.04,yes
2026-10-05T02:59:04.004398Z,KXETH15M-26OCT042300-00,0.0020,200.00,no
2026-10-05T02:59:04.021042Z,KXETH15M-26OCT042300-00,0.0020,200.00,no
2026-10-05T02:59:04.025626Z,KXETH15M-26OCT042300-00,0.0020,5.00,no
2026-10-05T02:59:04.043971Z,KXETH15M-26OCT042300-00,0.0020,72.00,no
2026-10-05T02:59:04.046442Z,KXETH15M-26OCT042300-00,0.0020,200.00,no
2026-10-05T02:59:04.079532Z,KXETH15M-26OCT042300-00,0.0020,219.00,no
2026-10-05T02:59:04.0815Z,KXETH15M-26OCT042300-00,0.0020,530.80,no
2026-10-05T02:59:04.180904Z,KXETH15M-26OCT042300-00,0.0020,120.00,no
2026-10-05T02:59:04.189886Z,KXETH15M-26OCT042300-00,0.0020,55.00,no
2026-10-05T02:59:04.197639Z,KXETH15M-26OCT042300-00,0.0020,10.15,no
2026-10-05T02:59:07.49136Z,KXETH15M-26OCT042300-00,0.0010,1.00,yes
2026-10-05T02:59:09.326091Z,KXETH15M-26OCT042300-00,0.0010,53.81,yes
2026-10-05T02:59:10.290661Z,KXETH15M-26OCT042300-00,0.0010,50.32,yes
2026-10-05T02:59:10.290661Z,KXETH15M-26OCT042300-00,0.0010,26.19,yes
2026-10-05T02:59:11.78451Z,KXETH15M-26OCT042300-00,0.0010,280.39,yes
2026-10-05T02:59:14.14758Z,KXETH15M-26OCT042300-00,0.0010,27.52,yes
2026-10-05T02:59:15.793732Z,KXETH15M-26OCT042300-00,0.0010,4.00,yes
2026-10-05T02:59:16.478195Z,KXETH15M-26OCT042300-00,0.0010,89.75,yes
2026-10-05T02:59:18.32166Z,KXETH15M-26OCT042300-00,0.0010,8.75,yes
2026-10-05T02:59:18.699428Z,KXETH15M-26OCT042300-00,0.0010,5.57,yes
2026-10-05T02:59:18.825462Z,KXETH15M-26OCT042300-00,0.0010,12.00,yes
2026-10-05T02:59:18.825462Z,KXETH15M-26OCT042300-00,0.0010,114.70,yes
2026-10-05T02:59:18.825462Z,KXETH15M-26OCT042300-00,0.0010,331.34,yes
2026-10-05T02:59:19.084401Z,KXETH15M-26OCT042300-00,0.0010,8.75,yes
2026-10-05T02:59:19.845566Z,KXETH15M-26OCT042300-00,0.0010,8.75,yes
2026-10-05T02:59:20.605394Z,KXETH15M-26OCT042300-00,0.0010,8.75,yes
2026-10-05T02:59:21.180888Z,KXETH15M-26OCT042300-00,0.0010,320.73,yes
2026-10-05T02:59:21.412135Z,KXETH15M-26OCT042300-00,0.0010,101.16,yes
2026-10-05T02:59:22.184805Z,KXETH15M-26OCT042300-00,0.0010,586.22,yes
2026-10-05T02:59:23.791065Z,KXETH15M-26OCT042300-00,0.0010,915.99,yes
2026-10-05T02:59:25.433651Z,KXETH15M-26OCT042300-00,0.0010,458.04,yes
2026-10-05T02:59:26.088251Z,KXETH15M-26OCT042300-00,0.0010,9.30,yes
2026-10-05T02:59:26.811995Z,KXETH15M-26OCT042300-00,0.0010,458.04,yes
2026-10-05T02:59:27.000049Z,KXETH15M-26OCT042300-00,0.0010,298.96,yes
2026-10-05T02:59:31.094932Z,KXETH15M-26OCT042300-00,0.0010,3.03,yes
2026-10-05T02:59:33.177547Z,KXETH15M-26OCT042300-00,0.0010,915.99,yes
2026-10-05T02:59:35.261619Z,KXETH15M-26OCT042300-00,0.0010,1831.90,yes
2026-10-05T02:59:38.178765Z,KXETH15M-26OCT042300-00,0.0010,1245.05,yes
2026-10-05T02:59:38.178765Z,KXETH15M-26OCT042300-00,0.0010,160.00,yes
2026-10-05T02:59:38.178765Z,KXETH15M-26OCT042300-00,0.0010,5555.00,yes
2026-10-05T02:59:38.178765Z,KXETH15M-26OCT042300-00,0.0010,2199.50,yes
2026-10-05T02:59:39.061076Z,KXETH15M-26OCT042300-00,0.0010,5.82,yes
2026-10-05T02:59:43.41553Z,KXETH15M-26OCT042300-00,0.0010,915.99,yes
2026-10-05T02:59:44.399741Z,KXETH15M-26OCT042300-00,0.0010,915.99,yes
2026-10-05T02:59:56.684867Z,KXETH15M-26OCT042300-00,0.0010,5.76,yes
2026-10-05T02:56:39.634055Z,KXZEC15M-26OCT042300-00,0.0240,3.00,yes
2026-10-05T02:56:42.7514Z,KXZEC15M-26OCT042300-00,0.0290,5.32,yes
2026-10-05T02:56:42.7514Z,KXZEC15M-26OCT042300-00,0.0270,15.00,yes
2026-10-05T02:56:42.7514Z,KXZEC15M-26OCT042300-00,0.0240,0.03,yes
2026-10-05T02:56:42.7514Z,KXZEC15M-26OCT042300-00,0.0280,33.00,yes
2026-10-05T02:56:42.7514Z,KXZEC15M-26OCT042300-00,0.0280,0.03,yes
2026-10-05T02:56:42.7514Z,KXZEC15M-26OCT042300-00,0.0270,0.03,yes
2026-10-05T02:56:42.7514Z,KXZEC15M-26OCT042300-00,0.0290,0.03,yes
2026-10-05T02:56:42.7514Z,KXZEC15M-26OCT042300-00,0.0240,12.00,yes
2026-10-05T02:56:43.993342Z,KXZEC15M-26OCT042300-00,0.0300,47.27,yes
2026-10-05T02:56:43.993342Z,KXZEC15M-26OCT042300-00,0.0300,0.03,yes
2026-10-05T02:56:43.993342Z,KXZEC15M-26OCT042300-00,0.0340,12.81,yes
2026-10-05T02:56:45.611423Z,KXZEC15M-26OCT042300-00,0.0350,0.03,yes
2026-10-05T02:56:45.611423Z,KXZEC15M-26OCT042300-00,0.0350,2.00,yes
2026-10-05T02:56:45.611423Z,KXZEC15M-26OCT042300-00,0.0350,1.97,yes
2026-10-05T02:56:45.61161Z,KXZEC15M-26OCT042300-00,0.0360,29.00,yes
2026-10-05T02:56:45.61161Z,KXZEC15M-26OCT042300-00,0.0360,12.97,yes
2026-10-05T02:56:45.61161Z,KXZEC15M-26OCT042300-00,0.0350,3.03,yes
2026-10-05T02:56:45.61161Z,KXZEC15M-26OCT042300-00,0.0350,11.97,yes
2026-10-05T02:56:45.61161Z,KXZEC15M-26OCT042300-00,0.0350,63.03,yes
2026-10-05T02:56:45.612054Z,KXZEC15M-26OCT042300-00,0.0360,2.00,yes
2026-10-05T02:56:45.615276Z,KXZEC15M-26OCT042300-00,0.0360,0.03,yes
2026-10-05T02:56:45.615276Z,KXZEC15M-26OCT042300-00,0.0360,0.03,yes
2026-10-05T02:56:45.615276Z,KXZEC15M-26OCT042300-00,0.0370,2.94,yes
2026-10-05T02:56:45.618505Z,KXZEC15M-26OCT042300-00,0.0370,11.00,yes
2026-10-05T02:56:45.627511Z,KXZEC15M-26OCT042300-00,0.0380,0.03,yes
2026-10-05T02:56:45.627511Z,KXZEC15M-26OCT042300-00,0.0390,28.00,yes
2026-10-05T02:56:45.627511Z,KXZEC15M-26OCT042300-00,0.0360,29.00,yes
2026-10-05T02:56:45.627511Z,KXZEC15M-26OCT042300-00,0.0350,26.00,yes
2026-10-05T02:56:45.627511Z,KXZEC15M-26OCT042300-00,0.0370,0.03,yes
2026-10-05T02:56:45.627511Z,KXZEC15M-26OCT042300-00,0.0380,1.00,yes
2026-10-05T02:56:45.627511Z,KXZEC15M-26OCT042300-00,0.0400,81.88,yes
2026-10-05T02:56:45.627511Z,KXZEC15M-26OCT042300-00,0.0380,3.00,yes
2026-10-05T02:56:45.627511Z,KXZEC15M-26OCT042300-00,0.0380,1.00,yes
2026-10-05T02:56:45.627511Z,KXZEC15M-26OCT042300-00,0.0370,86.06,yes
2026-10-05T02:56:45.637849Z,KXZEC15M-26OCT042300-00,0.0400,88.42,yes
2026-10-05T02:56:45.64073Z,KXZEC15M-26OCT042300-00,0.0400,41.00,yes
2026-10-05T02:56:45.64248Z,KXZEC15M-26OCT042300-00,0.0400,109.00,yes
2026-10-05T02:56:45.643133Z,KXZEC15M-26OCT042300-00,0.0400,14.00,yes
2026-10-05T02:56:46.137864Z,KXZEC15M-26OCT042300-00,0.0400,13.23,yes
2026-10-05T02:56:46.166689Z,KXZEC15M-26OCT042300-00,0.0400,10.24,yes
2026-10-05T02:56:46.483028Z,KXZEC15M-26OCT042300-00,0.0400,18.28,yes
2026-10-05T02:56:46.496331Z,KXZEC15M-26OCT042300-00,0.0400,22.64,yes
2026-10-05T02:56:47.107767Z,KXZEC15M-26OCT042300-00,0.0490,15.00,yes
2026-10-05T02:56:47.107767Z,KXZEC15M-26OCT042300-00,0.0500,43.69,yes
2026-10-05T02:56:47.107767Z,KXZEC15M-26OCT042300-00,0.0400,1.31,yes
2026-10-05T02:56:47.143463Z,KXZEC15M-26OCT042300-00,0.0500,25.31,yes
2026-10-05T02:56:47.143463Z,KXZEC15M-26OCT042300-00,0.0700,34.69,yes
2026-10-05T02:56:50.48396Z,KXZEC15M-26OCT042300-00,0.0900,0.03,yes
2026-10-05T02:56:50.48396Z,KXZEC15M-26OCT042300-00,0.0900,2.00,yes
2026-10-05T02:56:50.501598Z,KXZEC15M-26OCT042300-00,0.1100,11.18,yes
2026-10-05T02:56:50.56683Z,KXZEC15M-26OCT042300-00,0.1200,9.64,yes
2026-10-05T02:56:50.569423Z,KXZEC15M-26OCT042300-00,0.1300,15.00,yes
2026-10-05T02:56:50.569423Z,KXZEC15M-26OCT042300-00,0.1300,1.00,yes
2026-10-05T02:56:50.777305Z,KXZEC15M-26OCT042300-00,0.1000,1.07,no
2026-10-05T02:56:52.034378Z,KXZEC15M-26OCT042300-00,0.0960,0.03,no
2026-10-05T02:56:52.034378Z,KXZEC15M-26OCT042300-00,0.0970,0.03,no
2026-10-05T02:56:52.034378Z,KXZEC15M-26OCT042300-00,0.0970,5.00,no
2026-10-05T02:56:52.034378Z,KXZEC15M-26OCT042300-00,0.0960,100.00,no
2026-10-05T02:56:53.053712Z,KXZEC15M-26OCT042300-00,0.0550,0.03,no
2026-10-05T02:56:53.053712Z,KXZEC15M-26OCT042300-00,0.0550,3.97,no
2026-10-05T02:56:53.45447Z,KXZEC15M-26OCT042300-00,0.0540,0.03,no
2026-10-05T02:56:53.45447Z,KXZEC15M-26OCT042300-00,0.0540,17.00,no
2026-10-05T02:56:53.45447Z,KXZEC15M-26OCT042300-00,0.0540,5.00,no
2026-10-05T02:56:53.45447Z,KXZEC15M-26OCT042300-00,0.0530,8.97,no
2026-10-05T02:56:53.884067Z,KXZEC15M-26OCT042300-00,0.0520,17.94,no
2026-10-05T02:56:53.884067Z,KXZEC15M-26OCT042300-00,0.0530,0.03,no
2026-10-05T02:56:53.884067Z,KXZEC15M-26OCT042300-00,0.0520,5.00,no
2026-10-05T02:56:53.884067Z,KXZEC15M-26OCT042300-00,0.0530,0.03,no
2026-10-05T02:56:54.159733Z,KXZEC15M-26OCT042300-00,0.0490,67.94,no
2026-10-05T02:56:54.159733Z,KXZEC15M-26OCT042300-00,0.0510,5.00,no
2026-10-05T02:56:54.159733Z,KXZEC15M-26OCT042300-00,0.0510,0.03,no
2026-10-05T02:56:54.159733Z,KXZEC15M-26OCT042300-00,0.0510,20.00,no
2026-10-05T02:56:54.159733Z,KXZEC15M-26OCT042300-00,0.0500,0.03,no
2026-10-05T02:56:54.159733Z,KXZEC15M-26OCT042300-00,0.0500,9.00,no
2026-10-05T02:56:54.161669Z,KXZEC15M-26OCT042300-00,0.0490,0.03,no
2026-10-05T02:56:56.027742Z,KXZEC15M-26OCT042300-00,0.0410,0.03,no
2026-10-05T02:56:56.027742Z,KXZEC15M-26OCT042300-00,0.0410,12.03,no
2026-10-05T02:56:56.031357Z,KXZEC15M-26OCT042300-00,0.0410,7.97,no
2026-10-05T02:56:56.031357Z,KXZEC15M-26OCT042300-00,0.0410,5.00,no
2026-10-05T02:56:56.031357Z,KXZEC15M-26OCT042300-00,0.0410,9.00,no
2026-10-05T02:56:56.031357Z,KXZEC15M-26OCT042300-00,0.0400,0.03,no
2026-10-05T02:56:56.031357Z,KXZEC15M-26OCT042300-00,0.0400,25.00,no
2026-10-05T02:56:57.268936Z,KXZEC15M-26OCT042300-00,0.0320,0.03,no
2026-10-05T02:56:57.268936Z,KXZEC15M-26OCT042300-00,0.0320,22.00,no
2026-10-05T02:56:57.268936Z,KXZEC15M-26OCT042300-00,0.0320,2.00,no
2026-10-05T02:56:57.268936Z,KXZEC15M-26OCT042300-00,0.0320,9.00,no
2026-10-05T02:56:58.477333Z,KXZEC15M-26OCT042300-00,0.0610,1.00,yes
2026-10-05T02:57:01.069085Z,KXZEC15M-26OCT042300-00,0.0300,1.00,no
2026-10-05T02:57:01.651499Z,KXZEC15M-26OCT042300-00,0.0210,1.00,no
2026-10-05T02:57:04.074768Z,KXZEC15M-26OCT042300-00,0.0300,0.03,yes
2026-10-05T02:57:04.074768Z,KXZEC15M-26OCT042300-00,0.0310,3.00,yes
2026-10-05T02:57:04.074768Z,KXZEC15M-26OCT042300-00,0.0310,0.03,yes
2026-10-05T02:57:04.074768Z,KXZEC15M-26OCT042300-00,0.0300,1.00,yes
2026-10-05T02:57:05.703451Z,KXZEC15M-26OCT042300-00,0.0370,34.84,yes
2026-10-05T02:57:05.703451Z,KXZEC15M-26OCT042300-00,0.0360,0.03,yes
2026-10-05T02:57:05.703451Z,KXZEC15M-26OCT042300-00,0.0350,0.03,yes
2026-10-05T02:57:05.703451Z,KXZEC15M-26OCT042300-00,0.0350,26.00,yes
2026-10-05T02:57:06.975262Z,KXZEC15M-26OCT042300-00,0.0200,1.94,no
2026-10-05T02:57:06.975262Z,KXZEC15M-26OCT042300-00,0.0200,0.03,no
2026-10-05T02:57:06.975262Z,KXZEC15M-26OCT042300-00,0.0220,0.03,no
2026-10-05T02:57:06.975262Z,KXZEC15M-26OCT042300-00,0.0220,2.00,no
2026-10-05T02:57:07.372323Z,KXZEC15M-26OCT042300-00,0.0350,0.03,yes
2026-10-05T02:57:07.372323Z,KXZEC15M-26OCT042300-00,0.0350,1.04,yes
2026-10-05T02:57:09.191796Z,KXZEC15M-26OCT042300-00,0.0180,0.03,no
2026-10-05T02:57:09.191796Z,KXZEC15M-26OCT042300-00,0.0180,4.95,no
2026-10-05T02:57:10.946163Z,KXZEC15M-26OCT042300-00,0.0210,0.03,yes
2026-10-05T02:57:10.946163Z,KXZEC15M-26OCT042300-00,0.0210,40.00,yes
2026-10-05T02:57:10.946163Z,KXZEC15M-26OCT042300-00,0.0210,3.00,yes
2026-10-05T02:57:10.946163Z,KXZEC15M-26OCT042300-00,0.0300,31.00,yes
2026-10-05T02:57:10.946163Z,KXZEC15M-26OCT042300-00,0.0310,5.00,yes
2026-10-05T02:57:10.946163Z,KXZEC15M-26OCT042300-00,0.0300,15.00,yes
2026-10-05T02:57:10.946163Z,KXZEC15M-26OCT042300-00,0.0310,5.97,yes
2026-10-05T02:57:13.787926Z,KXZEC15M-26OCT042300-00,0.0100,25.00,no
2026-10-05T02:57:13.787926Z,KXZEC15M-26OCT042300-00,0.0100,11.88,no
2026-10-05T02:57:13.787926Z,KXZEC15M-26OCT042300-00,0.0110,7.00,no
2026-10-05T02:57:13.787926Z,KXZEC15M-26OCT042300-00,0.0110,9.00,no
2026-10-05T02:57:13.787926Z,KXZEC15M-26OCT042300-00,0.0120,9.00,no
2026-10-05T02:57:13.787926Z,KXZEC15M-26OCT042300-00,0.0110,25.00,no
2026-10-05T02:57:13.787926Z,KXZEC15M-26OCT042300-00,0.0130,0.03,no
2026-10-05T02:57:13.787926Z,KXZEC15M-26OCT042300-00,0.0140,0.03,no
2026-10-05T02:57:13.787926Z,KXZEC15M-26OCT042300-00,0.0120,0.03,no
2026-10-05T02:57:13.787926Z,KXZEC15M-26OCT042300-00,0.0110,0.03,no
2026-10-05T02:57:13.787926Z,KXZEC15M-26OCT042300-00,0.0140,13.00,no
2026-10-05T02:57:14.838447Z,KXZEC15M-26OCT042300-00,0.0100,20.00,no
2026-10-05T02:57:14.838447Z,KXZEC15M-26OCT042300-00,0.0100,2.46,no
2026-10-05T02:57:14.838447Z,KXZEC15M-26OCT042300-00,0.0100,13.12,no
2026-10-05T02:57:14.838447Z,KXZEC15M-26OCT042300-00,0.0100,14.42,no
2026-10-05T02:57:16.367495Z,KXZEC15M-26OCT042300-00,0.0090,20.00,no
2026-10-05T02:57:16.367495Z,KXZEC15M-26OCT042300-00,0.0080,20.00,no
2026-10-05T02:57:16.367495Z,KXZEC15M-26OCT042300-00,0.0100,9.00,no
2026-10-05T02:57:16.367495Z,KXZEC15M-26OCT042300-00,0.0090,33.00,no
2026-10-05T02:57:16.367495Z,KXZEC15M-26OCT042300-00,0.0100,25.00,no
2026-10-05T02:57:16.367495Z,KXZEC15M-26OCT042300-00,0.0090,5.00,no
2026-10-05T02:57:16.367495Z,KXZEC15M-26OCT042300-00,0.0080,0.03,no
2026-10-05T02:57:16.367495Z,KXZEC15M-26OCT042300-00,0.0100,285.58,no
2026-10-05T02:57:16.367495Z,KXZEC15M-26OCT042300-00,0.0080,197.33,no
2026-10-05T02:57:16.367495Z,KXZEC15M-26OCT042300-00,0.0090,0.03,no
2026-10-05T02:57:16.367495Z,KXZEC15M-26OCT042300-00,0.0100,0.03,no
2026-10-05T02:57:17.737892Z,KXZEC15M-26OCT042300-00,0.0090,4.00,no
2026-10-05T02:57:20.519658Z,KXZEC15M-26OCT042300-00,0.0100,20.00,yes
2026-10-05T02:57:20.519658Z,KXZEC15M-26OCT042300-00,0.0120,0.03,yes
2026-10-05T02:57:20.519658Z,KXZEC15M-26OCT042300-00,0.0120,27.00,yes
2026-10-05T02:57:20.519658Z,KXZEC15M-26OCT042300-00,0.0100,20.00,yes
2026-10-05T02:57:20.519658Z,KXZEC15M-26OCT042300-00,0.0100,0.02,yes
2026-10-05T02:57:20.519658Z,KXZEC15M-26OCT042300-00,0.0110,0.03,yes
2026-10-05T02:57:20.519658Z,KXZEC15M-26OCT042300-00,0.0100,146.00,yes
2026-10-05T02:57:20.519658Z,KXZEC15M-26OCT042300-00,0.0130,32.00,yes
2026-10-05T02:57:20.519658Z,KXZEC15M-26OCT042300-00,0.0120,1.00,yes
2026-10-05T02:57:20.519658Z,KXZEC15M-26OCT042300-00,0.0130,0.03,yes
2026-10-05T02:57:20.519658Z,KXZEC15M-26OCT042300-00,0.0130,0.02,yes
2026-10-05T02:57:20.519658Z,KXZEC15M-26OCT042300-00,0.0130,1.00,yes
2026-10-05T02:57:20.519658Z,KXZEC15M-26OCT042300-00,0.0110,0.02,yes
2026-10-05T02:57:20.519658Z,KXZEC15M-26OCT042300-00,0.0120,0.02,yes
2026-10-05T02:57:20.519658Z,KXZEC15M-26OCT042300-00,0.0100,3.00,yes
2026-10-05T02:57:20.519658Z,KXZEC15M-26OCT042300-00,0.0100,3.00,yes
2026-10-05T02:57:20.519658Z,KXZEC15M-26OCT042300-00,0.0130,15.00,yes
2026-10-05T02:57:20.519658Z,KXZEC15M-26OCT042300-00,0.0120,40.00,yes
2026-10-05T02:57:20.519658Z,KXZEC15M-26OCT042300-00,0.0130,14.07,yes
2026-10-05T02:57:23.425997Z,KXZEC15M-26OCT042300-00,0.0070,20.00,no
2026-10-05T02:57:23.425997Z,KXZEC15M-26OCT042300-00,0.0060,20.00,no
2026-10-05T02:57:23.425997Z,KXZEC15M-26OCT042300-00,0.0080,3.00,no
2026-10-05T02:57:23.425997Z,KXZEC15M-26OCT042300-00,0.0070,428.00,no
2026-10-05T02:57:23.425997Z,KXZEC15M-26OCT042300-00,0.0060,252.66,no
2026-10-05T02:57:23.425997Z,KXZEC15M-26OCT042300-00,0.0090,0.03,no
2026-10-05T02:57:23.425997Z,KXZEC15M-26OCT042300-00,0.0090,2.00,no
2026-10-05T02:57:23.425997Z,KXZEC15M-26OCT042300-00,0.0090,33.00,no
2026-10-05T02:57:23.425997Z,KXZEC15M-26OCT042300-00,0.0070,0.03,no
2026-10-05T02:57:23.425997Z,KXZEC15M-26OCT042300-00,0.0080,0.03,no
2026-10-05T02:57:23.425997Z,KXZEC15M-26OCT042300-00,0.0080,1.00,no
2026-10-05T02:57:23.509972Z,KXZEC15M-26OCT042300-00,0.0070,19.70,no
2026-10-05T02:57:23.509972Z,KXZEC15M-26OCT042300-00,0.0080,5.00,no
2026-10-05T02:57:27.157473Z,KXZEC15M-26OCT042300-00,0.0060,1.56,no
2026-10-05T02:57:27.157473Z,KXZEC15M-26OCT042300-00,0.0060,0.03,no
2026-10-05T02:57:30.463226Z,KXZEC15M-26OCT042300-00,0.0040,1.00,no
2026-10-05T02:57:30.463226Z,KXZEC15M-26OCT042300-00,0.0040,1.00,no
2026-10-05T02:57:30.463226Z,KXZEC15M-26OCT042300-00,0.0040,1.00,no
2026-10-05T02:57:30.463226Z,KXZEC15M-26OCT042300-00,0.0040,13.00,no
2026-10-05T02:57:30.463226Z,KXZEC15M-26OCT042300-00,0.0050,11.00,no
2026-10-05T02:57:30.463226Z,KXZEC15M-26OCT042300-00,0.0040,1.00,no
2026-10-05T02:57:30.463226Z,KXZEC15M-26OCT042300-00,0.0040,1.00,no
2026-10-05T02:57:30.463226Z,KXZEC15M-26OCT042300-00,0.0050,1.00,no
2026-10-05T02:57:30.463226Z,KXZEC15M-26OCT042300-00,0.0040,0.03,no
2026-10-05T02:57:30.463226Z,KXZEC15M-26OCT042300-00,0.0050,0.03,no
2026-10-05T02:57:30.463226Z,KXZEC15M-26OCT042300-00,0.0040,14.94,no
2026-10-05T02:57:30.463226Z,KXZEC15M-26OCT042300-00,0.0050,5.00,no
2026-10-05T02:57:32.538375Z,KXZEC15M-26OCT042300-00,0.0030,6.04,no
2026-10-05T02:57:34.047512Z,KXZEC15M-26OCT042300-00,0.0030,18.98,no
2026-10-05T02:57:42.251995Z,KXZEC15M-26OCT042300-00,0.0030,2.00,no
2026-10-05T02:57:46.013071Z,KXZEC15M-26OCT042300-00,0.0030,18.00,no
2026-10-05T02:57:46.013071Z,KXZEC15M-26OCT042300-00,0.0030,2.00,no
2026-10-05T02:57:46.013071Z,KXZEC15M-26OCT042300-00,0.0030,2.00,no
2026-10-05T02:57:46.013071Z,KXZEC15M-26OCT042300-00,0.0030,2.00,no
2026-10-05T02:57:46.013071Z,KXZEC15M-26OCT042300-00,0.0030,2.00,no
2026-10-05T02:57:46.013071Z,KXZEC15M-26OCT042300-00,0.0030,2.00,no
2026-10-05T02:57:46.013071Z,KXZEC15M-26OCT042300-00,0.0030,222.98,no
2026-10-05T02:57:46.013071Z,KXZEC15M-26OCT042300-00,0.0030,5.00,no
2026-10-05T02:57:46.013071Z,KXZEC15M-26OCT042300-00,0.0030,32.00,no
2026-10-05T02:57:47.362179Z,KXZEC15M-26OCT042300-00,0.0030,25.00,yes
2026-10-05T02:57:47.362179Z,KXZEC15M-26OCT042300-00,0.0030,20.04,yes
2026-10-05T02:57:57.340323Z,KXZEC15M-26OCT042300-00,0.0030,3.00,yes
2026-10-05T02:57:57.340323Z,KXZEC15M-26OCT042300-00,0.0030,3.00,yes
2026-10-05T02:57:57.340323Z,KXZEC15M-26OCT042300-00,0.0030,100.00,yes
2026-10-05T02:57:57.340323Z,KXZEC15M-26OCT042300-00,0.0030,6.04,yes
2026-10-05T02:57:57.340323Z,KXZEC15M-26OCT042300-00,0.0030,18.98,yes
2026-10-05T02:57:57.340323Z,KXZEC15M-26OCT042300-00,0.0030,2.00,yes
2026-10-05T02:57:57.340323Z,KXZEC15M-26OCT042300-00,0.0030,0.02,yes
2026-10-05T02:57:57.340323Z,KXZEC15M-26OCT042300-00,0.0030,222.98,yes
2026-10-05T02:57:57.340323Z,KXZEC15M-26OCT042300-00,0.0030,3.00,yes
2026-10-05T02:57:57.340323Z,KXZEC15M-26OCT042300-00,0.0030,4.96,yes
2026-10-05T02:57:57.627819Z,KXZEC15M-26OCT042300-00,0.0030,11.00,no
2026-10-05T02:57:57.627819Z,KXZEC15M-26OCT042300-00,0.0030,0.03,no
2026-10-05T02:57:57.627819Z,KXZEC15M-26OCT042300-00,0.0030,20.00,no
2026-10-05T02:57:57.627819Z,KXZEC15M-26OCT042300-00,0.0030,5.00,no
2026-10-05T02:57:58.625537Z,KXZEC15M-26OCT042300-00,0.0030,0.01,no
2026-10-05T02:57:58.625537Z,KXZEC15M-26OCT042300-00,0.0030,5.00,no
2026-10-05T02:57:58.625537Z,KXZEC15M-26OCT042300-00,0.0030,2.00,no
2026-10-05T02:57:59.755893Z,KXZEC15M-26OCT042300-00,0.0030,5.00,no
2026-10-05T02:58:02.147707Z,KXZEC15M-26OCT042300-00,0.0020,1.04,no
2026-10-05T02:58:02.838376Z,KXZEC15M-26OCT042300-00,0.0020,5.00,no
2026-10-05T02:58:04.686064Z,KXZEC15M-26OCT042300-00,0.0040,20.00,yes
2026-10-05T02:58:04.686064Z,KXZEC15M-26OCT042300-00,0.0070,42.10,yes
2026-10-05T02:58:04.686064Z,KXZEC15M-26OCT042300-00,0.0030,0.03,yes
2026-10-05T02:58:04.686064Z,KXZEC15M-26OCT042300-00,0.0030,100.00,yes
2026-10-05T02:58:04.686064Z,KXZEC15M-26OCT042300-00,0.0030,3.00,yes
2026-10-05T02:58:04.686064Z,KXZEC15M-26OCT042300-00,0.0050,0.03,yes
2026-10-05T02:58:04.686064Z,KXZEC15M-26OCT042300-00,0.0060,0.03,yes
2026-10-05T02:58:04.686064Z,KXZEC15M-26OCT042300-00,0.0070,3.00,yes
2026-10-05T02:58:04.686064Z,KXZEC15M-26OCT042300-00,0.0070,0.02,yes
2026-10-05T02:58:04.686064Z,KXZEC15M-26OCT042300-00,0.0070,20.00,yes
2026-10-05T02:58:04.686064Z,KXZEC15M-26OCT042300-00,0.0070,3.00,yes
2026-10-05T02:58:04.686064Z,KXZEC15M-26OCT042300-00,0.0040,3.00,yes
2026-10-05T02:58:04.686064Z,KXZEC15M-26OCT042300-00,0.0060,0.02,yes
2026-10-05T02:58:04.686064Z,KXZEC15M-26OCT042300-00,0.0040,0.02,yes
2026-10-05T02:58:04.686064Z,KXZEC15M-26OCT042300-00,0.0050,3.00,yes
2026-10-05T02:58:04.686064Z,KXZEC15M-26OCT042300-00,0.0050,0.02,yes
2026-10-05T02:58:04.686064Z,KXZEC15M-26OCT042300-00,0.0040,3.00,yes
2026-10-05T02:58:05.038899Z,KXZEC15M-26OCT042300-00,0.0060,0.03,no
2026-10-05T02:58:05.038899Z,KXZEC15M-26OCT042300-00,0.0050,0.03,no
2026-10-05T02:58:05.038899Z,KXZEC15M-26OCT042300-00,0.0040,20.00,no
2026-10-05T02:58:05.038899Z,KXZEC15M-26OCT042300-00,0.0030,32.00,no
2026-10-05T02:58:05.038899Z,KXZEC15M-26OCT042300-00,0.0030,5.00,no
2026-10-05T02:58:05.038899Z,KXZEC15M-26OCT042300-00,0.0040,0.03,no
2026-10-05T02:58:05.038899Z,KXZEC15M-26OCT042300-00,0.0050,20.00,no
2026-10-05T02:58:05.038899Z,KXZEC15M-26OCT042300-00,0.0060,10.10,no
2026-10-05T02:58:06.114671Z,KXZEC15M-26OCT042300-00,0.0030,5.00,no
2026-10-05T02:58:06.114671Z,KXZEC15M-26OCT042300-00,0.0030,11.00,no
2026-10-05T02:58:06.114671Z,KXZEC15M-26OCT042300-00,0.0030,0.03,no
2026-10-05T02:58:07.229384Z,KXZEC15M-26OCT042300-00,0.0030,5.00,no
2026-10-05T02:58:07.229384Z,KXZEC15M-26OCT042300-00,0.0030,0.03,no
2026-10-05T02:58:13.198887Z,KXZEC15M-26OCT042300-00,0.0020,30.03,no
2026-10-05T02:58:14.026693Z,KXZEC15M-26OCT042300-00,0.0020,163.93,no
2026-10-05T02:58:14.026693Z,KXZEC15M-26OCT042300-00,0.0020,46.07,no
2026-10-05T02:58:16.828717Z,KXZEC15M-26OCT042300-00,0.0020,22.04,no
2026-10-05T02:58:30.72018Z,KXZEC15M-26OCT042300-00,0.0020,53.00,no
2026-10-05T02:58:30.984984Z,KXZEC15M-26OCT042300-00,0.0020,33.98,no
2026-10-05T02:58:31.73941Z,KXZEC15M-26OCT042300-00,0.0020,198.47,no
2026-10-05T02:58:31.73941Z,KXZEC15M-26OCT042300-00,0.0020,44.91,no
2026-10-05T02:58:35.619337Z,KXZEC15M-26OCT042300-00,0.0020,1.00,no
2026-10-05T02:58:35.992428Z,KXZEC15M-26OCT042300-00,0.0020,300.53,no
2026-10-05T02:58:35.992428Z,KXZEC15M-26OCT042300-00,0.0020,3.00,no
2026-10-05T02:58:35.992428Z,KXZEC15M-26OCT042300-00,0.0020,3.00,no
2026-10-05T02:58:35.992428Z,KXZEC15M-26OCT042300-00,0.0020,3.00,no
2026-10-05T02:58:35.992428Z,KXZEC15M-26OCT042300-00,0.0020,3.00,no
2026-10-05T02:58:35.992428Z,KXZEC15M-26OCT042300-00,0.0020,3.00,no
2026-10-05T02:58:35.992428Z,KXZEC15M-26OCT042300-00,0.0020,26.00,no
2026-10-05T02:58:35.992428Z,KXZEC15M-26OCT042300-00,0.0020,100.00,no
2026-10-05T02:58:35.992428Z,KXZEC15M-26OCT042300-00,0.0020,20.00,no
2026-10-05T02:58:35.992428Z,KXZEC15M-26OCT042300-00,0.0020,5.00,no
2026-10-05T02:58:35.992428Z,KXZEC15M-26OCT042300-00,0.0020,0.03,no
2026-10-05T02:58:36.801408Z,KXZEC15M-26OCT042300-00,0.0010,1.00,no
2026-10-05T02:58:42.27886Z,KXZEC15M-26OCT042300-00,0.0010,1.00,no
2026-10-05T02:58:42.27886Z,KXZEC15M-26OCT042300-00,0.0010,199.00,no
2026-10-05T02:58:42.27886Z,KXZEC15M-26OCT042300-00,0.0010,80.00,no
2026-10-05T02:58:42.27886Z,KXZEC15M-26OCT042300-00,0.0010,1.00,no
2026-10-05T02:58:42.27886Z,KXZEC15M-26OCT042300-00,0.0010,871.00,no
2026-10-05T02:58:46.001302Z,KXZEC15M-26OCT042300-00,0.0010,14.39,no
2026-10-05T02:58:52.22139Z,KXZEC15M-26OCT042300-00,0.0010,112.90,no
2026-10-05T02:59:00.065932Z,KXZEC15M-26OCT042300-00,0.0010,3.00,no
2026-10-05T02:59:00.065932Z,KXZEC15M-26OCT042300-00,0.0010,9.00,no
2026-10-05T02:59:00.065932Z,KXZEC15M-26OCT042300-00,0.0010,20.00,no
2026-10-05T02:59:00.065932Z,KXZEC15M-26OCT042300-00,0.0010,1.00,no
2026-10-05T02:59:45.313079Z,KXZEC15M-26OCT042300-00,0.0010,91.62,yes
2026-10-05T02:59:56.652656Z,KXZEC15M-26OCT042300-00,0.0010,41.24,yes
2026-10-05T02:59:56.652656Z,KXZEC15M-26OCT042300-00,0.0010,50.38,yes
2026-10-05T02:56:55.664361Z,KXSOL15M-26OCT042300-00,0.0520,3.00,yes
2026-10-05T02:56:55.664361Z,KXSOL15M-26OCT042300-00,0.0550,4.00,yes
2026-10-05T02:56:55.664361Z,KXSOL15M-26OCT042300-00,0.0530,3.00,yes
2026-10-05T02:56:56.738273Z,KXSOL15M-26OCT042300-00,0.0480,3.08,no
2026-10-05T02:56:57.262652Z,KXSOL15M-26OCT042300-00,0.0430,10.00,no
2026-10-05T02:56:57.262652Z,KXSOL15M-26OCT042300-00,0.0470,5.00,no
2026-10-05T02:56:57.262652Z,KXSOL15M-26OCT042300-00,0.0450,5.00,no
2026-10-05T02:56:57.262652Z,KXSOL15M-26OCT042300-00,0.0420,12.00,no
2026-10-05T02:56:57.262652Z,KXSOL15M-26OCT042300-00,0.0450,4.00,no
2026-10-05T02:56:57.262652Z,KXSOL15M-26OCT042300-00,0.0490,4.00,no
2026-10-05T02:56:57.262652Z,KXSOL15M-26OCT042300-00,0.0440,24.00,no
2026-10-05T02:56:57.262652Z,KXSOL15M-26OCT042300-00,0.0410,6.00,no
2026-10-05T02:56:57.262652Z,KXSOL15M-26OCT042300-00,0.0380,7.00,no
2026-10-05T02:56:57.262652Z,KXSOL15M-26OCT042300-00,0.0350,22.00,no
2026-10-05T02:56:57.262845Z,KXSOL15M-26OCT042300-00,0.0350,68.82,no
2026-10-05T02:56:57.362437Z,KXSOL15M-26OCT042300-00,0.0370,10.00,no
2026-10-05T02:56:57.362437Z,KXSOL15M-26OCT042300-00,0.0360,5.00,no
2026-10-05T02:56:57.362437Z,KXSOL15M-26OCT042300-00,0.0360,15.00,no
2026-10-05T02:56:57.387929Z,KXSOL15M-26OCT042300-00,0.0370,17.52,yes
2026-10-05T02:56:57.407353Z,KXSOL15M-26OCT042300-00,0.0380,2.00,yes
2026-10-05T02:56:57.497086Z,KXSOL15M-26OCT042300-00,0.0210,1.00,no
2026-10-05T02:56:57.497086Z,KXSOL15M-26OCT042300-00,0.0200,4.52,no
2026-10-05T02:56:57.497086Z,KXSOL15M-26OCT042300-00,0.0200,11.00,no
2026-10-05T02:56:57.497086Z,KXSOL15M-26OCT042300-00,0.0210,40.00,no
2026-10-05T02:56:57.497086Z,KXSOL15M-26OCT042300-00,0.0210,1.00,no
2026-10-05T02:56:57.497086Z,KXSOL15M-26OCT042300-00,0.0300,6.00,no
2026-10-05T02:56:57.497086Z,KXSOL15M-26OCT042300-00,0.0210,3.00,no
2026-10-05T02:56:57.497086Z,KXSOL15M-26OCT042300-00,0.0220,7.00,no
2026-10-05T02:56:57.497086Z,KXSOL15M-26OCT042300-00,0.0330,49.00,no
2026-10-05T02:56:57.497086Z,KXSOL15M-26OCT042300-00,0.0220,3.00,no
2026-10-05T02:56:57.497086Z,KXSOL15M-26OCT042300-00,0.0350,238.00,no
2026-10-05T02:56:57.497086Z,KXSOL15M-26OCT042300-00,0.0220,100.00,no
2026-10-05T02:56:57.497086Z,KXSOL15M-26OCT042300-00,0.0210,133.00,no
2026-10-05T02:56:57.570213Z,KXSOL15M-26OCT042300-00,0.0270,2.94,yes
2026-10-05T02:56:57.798074Z,KXSOL15M-26OCT042300-00,0.0210,3.00,no
2026-10-05T02:56:57.798074Z,KXSOL15M-26OCT042300-00,0.0210,7.00,no
2026-10-05T02:56:57.798074Z,KXSOL15M-26OCT042300-00,0.0210,48.00,no
2026-10-05T02:56:57.913021Z,KXSOL15M-26OCT042300-00,0.0220,3.00,yes
2026-10-05T02:56:57.913021Z,KXSOL15M-26OCT042300-00,0.0210,4.52,yes
2026-10-05T02:56:57.913021Z,KXSOL15M-26OCT042300-00,0.0220,28.48,yes
2026-10-05T02:56:57.913021Z,KXSOL15M-26OCT042300-00,0.0210,3.00,yes
2026-10-05T02:56:57.956956Z,KXSOL15M-26OCT042300-00,0.0200,4.52,no
2026-10-05T02:56:57.956956Z,KXSOL15M-26OCT042300-00,0.0200,1.00,no
2026-10-05T02:56:57.956956Z,KXSOL15M-26OCT042300-00,0.0200,35.48,no
2026-10-05T02:56:58.49237Z,KXSOL15M-26OCT042300-00,0.0210,22.00,yes
2026-10-05T02:56:58.572604Z,KXSOL15M-26OCT042300-00,0.0210,9.00,yes
2026-10-05T02:56:58.576318Z,KXSOL15M-26OCT042300-00,0.0210,3.32,yes
2026-10-05T02:56:58.595204Z,KXSOL15M-26OCT042300-00,0.0210,1.16,yes
2026-10-05T02:56:58.680142Z,KXSOL15M-26OCT042300-00,0.0240,3.00,yes
2026-10-05T02:56:58.680142Z,KXSOL15M-26OCT042300-00,0.0230,3.00,yes
2026-10-05T02:56:58.680142Z,KXSOL15M-26OCT042300-00,0.0220,8.58,yes
2026-10-05T02:56:58.680142Z,KXSOL15M-26OCT042300-00,0.0360,0.90,yes
2026-10-05T02:56:58.680142Z,KXSOL15M-26OCT042300-00,0.0240,20.00,yes
2026-10-05T02:56:58.725952Z,KXSOL15M-26OCT042300-00,0.0360,0.90,yes
2026-10-05T02:56:58.725952Z,KXSOL15M-26OCT042300-00,0.0260,3.00,yes
2026-10-05T02:56:58.725952Z,KXSOL15M-26OCT042300-00,0.0370,1.00,yes
2026-10-05T02:56:58.725952Z,KXSOL15M-26OCT042300-00,0.0270,3.00,yes
2026-10-05T02:56:58.725952Z,KXSOL15M-26OCT042300-00,0.0360,7.10,yes
2026-10-05T02:56:58.73249Z,KXSOL15M-26OCT042300-00,0.0250,32.00,no
2026-10-05T02:56:58.741289Z,KXSOL15M-26OCT042300-00,0.0290,3.00,yes
2026-10-05T02:56:58.741289Z,KXSOL15M-26OCT042300-00,0.0280,3.00,yes
2026-10-05T02:56:58.741289Z,KXSOL15M-26OCT042300-00,0.0370,9.00,yes
2026-10-05T02:56:58.744451Z,KXSOL15M-26OCT042300-00,0.0370,15.00,yes
2026-10-05T02:56:58.779325Z,KXSOL15M-26OCT042300-00,0.0320,3.00,yes
2026-10-05T02:56:58.779325Z,KXSOL15M-26OCT042300-00,0.0310,3.00,yes
2026-10-05T02:56:58.897536Z,KXSOL15M-26OCT042300-00,0.0350,4.79,yes
2026-10-05T02:56:59.023626Z,KXSOL15M-26OCT042300-00,0.0230,3.00,no
2026-10-05T02:57:00.627829Z,KXSOL15M-26OCT042300-00,0.0260,1.05,yes
2026-10-05T02:57:00.772697Z,KXSOL15M-26OCT042300-00,0.0230,7.00,no
2026-10-05T02:57:00.772697Z,KXSOL15M-26OCT042300-00,0.0240,3.00,no
2026-10-05T02:57:00.772697Z,KXSOL15M-26OCT042300-00,0.0250,3.00,no
2026-10-05T02:57:01.040684Z,KXSOL15M-26OCT042300-00,0.0220,1.00,no
2026-10-05T02:57:01.359508Z,KXSOL15M-26OCT042300-00,0.0270,9.00,yes
2026-10-05T02:57:01.359508Z,KXSOL15M-26OCT042300-00,0.0250,1.00,yes
2026-10-05T02:57:01.359508Z,KXSOL15M-26OCT042300-00,0.0260,13.95,yes
2026-10-05T02:57:01.359508Z,KXSOL15M-26OCT042300-00,0.0260,10.00,yes
2026-10-05T02:57:01.359508Z,KXSOL15M-26OCT042300-00,0.0280,1.34,yes
2026-10-05T02:57:01.474338Z,KXSOL15M-26OCT042300-00,0.0210,9.03,yes
2026-10-05T02:57:01.474338Z,KXSOL15M-26OCT042300-00,0.0210,15.00,yes
2026-10-05T02:57:01.608489Z,KXSOL15M-26OCT042300-00,0.0200,1.00,no
2026-10-05T02:57:01.608489Z,KXSOL15M-26OCT042300-00,0.0200,5.48,no
2026-10-05T02:57:01.608489Z,KXSOL15M-26OCT042300-00,0.0200,27.00,no
2026-10-05T02:57:01.608489Z,KXSOL15M-26OCT042300-00,0.0200,0.30,no
2026-10-05T02:57:01.608489Z,KXSOL15M-26OCT042300-00,0.0200,6.00,no
2026-10-05T02:57:01.608489Z,KXSOL15M-26OCT042300-00,0.0200,0.22,no
2026-10-05T02:57:03.136734Z,KXSOL15M-26OCT042300-00,0.0220,13.00,no
2026-10-05T02:57:03.136734Z,KXSOL15M-26OCT042300-00,0.0220,6.37,no
2026-10-05T02:57:03.776034Z,KXSOL15M-26OCT042300-00,0.0260,3.00,yes
2026-10-05T02:57:03.776034Z,KXSOL15M-26OCT042300-00,0.0260,9.00,yes
2026-10-05T02:57:03.776034Z,KXSOL15M-26OCT042300-00,0.0270,22.34,yes
2026-10-05T02:57:04.942673Z,KXSOL15M-26OCT042300-00,0.0250,1.10,yes
2026-10-05T02:57:05.585283Z,KXSOL15M-26OCT042300-00,0.0220,0.63,no
2026-10-05T02:57:05.585283Z,KXSOL15M-26OCT042300-00,0.0220,10.00,no
2026-10-05T02:57:05.585283Z,KXSOL15M-26OCT042300-00,0.0210,25.00,no
2026-10-05T02:57:05.585283Z,KXSOL15M-26OCT042300-00,0.0220,6.37,no
2026-10-05T02:57:06.809816Z,KXSOL15M-26OCT042300-00,0.0200,51.00,no
2026-10-05T02:57:07.459751Z,KXSOL15M-26OCT042300-00,0.0210,30.00,yes
2026-10-05T02:57:07.459751Z,KXSOL15M-26OCT042300-00,0.0210,14.56,yes
2026-10-05T02:57:07.754957Z,KXSOL15M-26OCT042300-00,0.0200,1.00,no
2026-10-05T02:57:09.780337Z,KXSOL15M-26OCT042300-00,0.0210,22.28,yes
2026-10-05T02:57:10.048121Z,KXSOL15M-26OCT042300-00,0.0210,1.33,yes
2026-10-05T02:57:10.452431Z,KXSOL15M-26OCT042300-00,0.0190,24.00,no
2026-10-05T02:57:10.458865Z,KXSOL15M-26OCT042300-00,0.0190,16.00,no
2026-10-05T02:57:10.458865Z,KXSOL15M-26OCT042300-00,0.0190,1.00,no
2026-10-05T02:57:11.059352Z,KXSOL15M-26OCT042300-00,0.0200,5.23,yes
2026-10-05T02:57:11.222075Z,KXSOL15M-26OCT042300-00,0.0180,0.76,no
2026-10-05T02:57:11.98943Z,KXSOL15M-26OCT042300-00,0.0200,18.77,yes
2026-10-05T02:57:11.98943Z,KXSOL15M-26OCT042300-00,0.0200,16.00,yes
2026-10-05T02:57:11.98943Z,KXSOL15M-26OCT042300-00,0.0200,3.00,yes
2026-10-05T02:57:11.98943Z,KXSOL15M-26OCT042300-00,0.0190,3.00,yes
2026-10-05T02:57:11.98943Z,KXSOL15M-26OCT042300-00,0.0190,0.76,yes
2026-10-05T02:57:11.98943Z,KXSOL15M-26OCT042300-00,0.0200,5.27,yes
2026-10-05T02:57:12.718932Z,KXSOL15M-26OCT042300-00,0.0190,6.00,no
2026-10-05T02:57:12.718932Z,KXSOL15M-26OCT042300-00,0.0190,4.00,no
2026-10-05T02:57:13.098648Z,KXSOL15M-26OCT042300-00,0.0180,20.00,no
2026-10-05T02:57:13.105821Z,KXSOL15M-26OCT042300-00,0.0180,1.00,no
2026-10-05T02:57:13.322572Z,KXSOL15M-26OCT042300-00,0.0170,30.76,no
2026-10-05T02:57:13.322572Z,KXSOL15M-26OCT042300-00,0.0180,18.24,no
2026-10-05T02:57:13.322572Z,KXSOL15M-26OCT042300-00,0.0180,1.00,no
2026-10-05T02:57:13.331389Z,KXSOL15M-26OCT042300-00,0.0170,3.00,no
2026-10-05T02:57:13.360201Z,KXSOL15M-26OCT042300-00,0.0180,3.00,yes
2026-10-05T02:57:13.360201Z,KXSOL15M-26OCT042300-00,0.0180,9.56,yes
2026-10-05T02:57:13.579303Z,KXSOL15M-26OCT042300-00,0.0180,0.26,yes
2026-10-05T02:57:14.663055Z,KXSOL15M-26OCT042300-00,0.0180,3.31,yes
2026-10-05T02:57:15.421435Z,KXSOL15M-26OCT042300-00,0.0170,6.24,no
2026-10-05T02:57:15.421435Z,KXSOL15M-26OCT042300-00,0.0160,16.76,no
2026-10-05T02:57:15.421435Z,KXSOL15M-26OCT042300-00,0.0170,1.00,no
2026-10-05T02:57:15.430789Z,KXSOL15M-26OCT042300-00,0.0160,1.00,no
2026-10-05T02:57:15.441264Z,KXSOL15M-26OCT042300-00,0.0160,4.00,no
2026-10-05T02:57:15.462034Z,KXSOL15M-26OCT042300-00,0.0160,6.00,no
2026-10-05T02:57:15.467865Z,KXSOL15M-26OCT042300-00,0.0160,1.00,no
2026-10-05T02:57:15.525392Z,KXSOL15M-26OCT042300-00,0.0160,2.00,no
2026-10-05T02:57:15.630965Z,KXSOL15M-26OCT042300-00,0.0160,1.00,no
2026-10-05T02:57:15.63864Z,KXSOL15M-26OCT042300-00,0.0160,1.00,no
2026-10-05T02:57:15.839586Z,KXSOL15M-26OCT042300-00,0.0160,6.00,no
2026-10-05T02:57:15.947616Z,KXSOL15M-26OCT042300-00,0.0160,1.24,no
2026-10-05T02:57:15.947616Z,KXSOL15M-26OCT042300-00,0.0160,1.00,no
2026-10-05T02:57:15.947616Z,KXSOL15M-26OCT042300-00,0.0160,3.76,no
2026-10-05T02:57:15.988457Z,KXSOL15M-26OCT042300-00,0.0160,3.00,no
2026-10-05T02:57:16.051527Z,KXSOL15M-26OCT042300-00,0.0150,4.76,no
2026-10-05T02:57:16.051527Z,KXSOL15M-26OCT042300-00,0.0160,0.24,no
2026-10-05T02:57:16.051527Z,KXSOL15M-26OCT042300-00,0.0160,1.00,no
2026-10-05T02:57:16.088Z,KXSOL15M-26OCT042300-00,0.0150,3.00,no
2026-10-05T02:57:16.153963Z,KXSOL15M-26OCT042300-00,0.0150,3.00,no
2026-10-05T02:57:16.447542Z,KXSOL15M-26OCT042300-00,0.0160,4.76,yes
2026-10-05T02:57:16.447542Z,KXSOL15M-26OCT042300-00,0.0160,71.00,yes
2026-10-05T02:57:16.447542Z,KXSOL15M-26OCT042300-00,0.0160,3.00,yes
2026-10-05T02:57:16.447542Z,KXSOL15M-26OCT042300-00,0.0160,3.00,yes
2026-10-05T02:57:16.447542Z,KXSOL15M-26OCT042300-00,0.0160,3.00,yes
2026-10-05T02:57:16.447542Z,KXSOL15M-26OCT042300-00,0.0170,14.31,yes
2026-10-05T02:57:16.447542Z,KXSOL15M-26OCT042300-00,0.0170,8.00,yes
2026-10-05T02:57:16.447542Z,KXSOL15M-26OCT042300-00,0.0170,3.00,yes
2026-10-05T02:57:16.900031Z,KXSOL15M-26OCT042300-00,0.0160,3.00,yes
2026-10-05T02:57:18.067713Z,KXSOL15M-26OCT042300-00,0.0170,6.69,yes
2026-10-05T02:57:18.067713Z,KXSOL15M-26OCT042300-00,0.0170,3.00,yes
2026-10-05T02:57:18.067713Z,KXSOL15M-26OCT042300-00,0.0170,1.00,yes
2026-10-05T02:57:18.067713Z,KXSOL15M-26OCT042300-00,0.0170,1.00,yes
2026-10-05T02:57:18.067713Z,KXSOL15M-26OCT042300-00,0.0170,2.45,yes
2026-10-05T02:57:18.067713Z,KXSOL15M-26OCT042300-00,0.0170,1.00,yes
2026-10-05T02:57:18.067713Z,KXSOL15M-26OCT042300-00,0.0170,6.00,yes
2026-10-05T02:57:18.067713Z,KXSOL15M-26OCT042300-00,0.0170,1.00,yes
2026-10-05T02:57:18.067713Z,KXSOL15M-26OCT042300-00,0.0170,4.00,yes
2026-10-05T02:57:18.067713Z,KXSOL15M-26OCT042300-00,0.0170,2.00,yes
2026-10-05T02:57:18.067713Z,KXSOL15M-26OCT042300-00,0.0170,1.24,yes
2026-10-05T02:57:18.067713Z,KXSOL15M-26OCT042300-00,0.0170,6.00,yes
2026-10-05T02:57:18.067713Z,KXSOL15M-26OCT042300-00,0.0170,20.00,yes
2026-10-05T02:57:18.391871Z,KXSOL15M-26OCT042300-00,0.0160,3.00,yes
2026-10-05T02:57:18.515094Z,KXSOL15M-26OCT042300-00,0.0150,22.00,no
2026-10-05T02:57:18.515094Z,KXSOL15M-26OCT042300-00,0.0160,28.00,no
2026-10-05T02:57:19.80202Z,KXSOL15M-26OCT042300-00,0.0150,7.24,no
2026-10-05T02:57:19.80202Z,KXSOL15M-26OCT042300-00,0.0150,1.00,no
2026-10-05T02:57:19.80202Z,KXSOL15M-26OCT042300-00,0.0150,5.00,no
2026-10-05T02:57:19.80202Z,KXSOL15M-26OCT042300-00,0.0150,7.00,no
2026-10-05T02:57:19.805188Z,KXSOL15M-26OCT042300-00,0.0140,40.00,no
2026-10-05T02:57:19.805188Z,KXSOL15M-26OCT042300-00,0.0130,25.00,no
2026-10-05T02:57:19.805188Z,KXSOL15M-26OCT042300-00,0.0140,1.00,no
2026-10-05T02:57:19.805188Z,KXSOL15M-26OCT042300-00,0.0140,4.00,no
2026-10-05T02:57:19.805188Z,KXSOL15M-26OCT042300-00,0.0140,10.00,no
2026-10-05T02:57:20.523902Z,KXSOL15M-26OCT042300-00,0.0140,9.00,yes
2026-10-05T02:57:20.523902Z,KXSOL15M-26OCT042300-00,0.0140,3.00,yes
2026-10-05T02:57:20.893292Z,KXSOL15M-26OCT042300-00,0.0140,16.00,yes
2026-10-05T02:57:21.375775Z,KXSOL15M-26OCT042300-00,0.0130,5.00,no
2026-10-05T02:57:21.481649Z,KXSOL15M-26OCT042300-00,0.0130,8.00,no
2026-10-05T02:57:22.562158Z,KXSOL15M-26OCT042300-00,0.0130,2.00,no
2026-10-05T02:57:22.562158Z,KXSOL15M-26OCT042300-00,0.0130,1.00,no
2026-10-05T02:57:22.562158Z,KXSOL15M-26OCT042300-00,0.0130,7.00,no
2026-10-05T02:57:22.563376Z,KXSOL15M-26OCT042300-00,0.0130,10.00,no
2026-10-05T02:57:22.598168Z,KXSOL15M-26OCT042300-00,0.0160,22.00,yes
2026-10-05T02:57:22.598168Z,KXSOL15M-26OCT042300-00,0.0210,45.00,yes
2026-10-05T02:57:22.598168Z,KXSOL15M-26OCT042300-00,0.0160,20.00,yes
2026-10-05T02:57:22.598168Z,KXSOL15M-26OCT042300-00,0.0210,45.00,yes
2026-10-05T02:57:22.598168Z,KXSOL15M-26OCT042300-00,0.0140,3.00,yes
2026-10-05T02:57:22.598168Z,KXSOL15M-26OCT042300-00,0.0140,27.00,yes
2026-10-05T02:57:22.598168Z,KXSOL15M-26OCT042300-00,0.0200,15.00,yes
2026-10-05T02:57:22.598168Z,KXSOL15M-26OCT042300-00,0.0170,49.00,yes
2026-10-05T02:57:22.598168Z,KXSOL15M-26OCT042300-00,0.0150,40.00,yes
2026-10-05T02:57:22.598168Z,KXSOL15M-26OCT042300-00,0.0160,7.24,yes
2026-10-05T02:57:22.598168Z,KXSOL15M-26OCT042300-00,0.0150,3.00,yes
2026-10-05T02:57:22.598168Z,KXSOL15M-26OCT042300-00,0.0150,11.00,yes
2026-10-05T02:57:22.598168Z,KXSOL15M-26OCT042300-00,0.0180,11.00,yes
2026-10-05T02:57:22.598168Z,KXSOL15M-26OCT042300-00,0.0210,36.51,yes
2026-10-05T02:57:22.598168Z,KXSOL15M-26OCT042300-00,0.0140,18.00,yes
2026-10-05T02:57:22.598168Z,KXSOL15M-26OCT042300-00,0.0160,16.00,yes
2026-10-05T02:57:22.598168Z,KXSOL15M-26OCT042300-00,0.0140,2.00,yes
2026-10-05T02:57:22.598168Z,KXSOL15M-26OCT042300-00,0.0200,15.00,yes
2026-10-05T02:57:22.598168Z,KXSOL15M-26OCT042300-00,0.0140,5.00,yes
2026-10-05T02:57:22.598168Z,KXSOL15M-26OCT042300-00,0.0140,8.00,yes
2026-10-05T02:57:22.598168Z,KXSOL15M-26OCT042300-00,0.0190,20.00,yes
2026-10-05T02:57:22.598168Z,KXSOL15M-26OCT042300-00,0.0180,17.63,yes
2026-10-05T02:57:22.598168Z,KXSOL15M-26OCT042300-00,0.0190,1.00,yes
2026-10-05T02:57:22.598168Z,KXSOL15M-26OCT042300-00,0.0190,18.24,yes
2026-10-05T02:57:22.598168Z,KXSOL15M-26OCT042300-00,0.0180,3.00,yes
2026-10-05T02:57:22.598168Z,KXSOL15M-26OCT042300-00,0.0200,131.66,yes
2026-10-05T02:57:22.598168Z,KXSOL15M-26OCT042300-00,0.0180,6.24,yes
2026-10-05T02:57:22.607364Z,KXSOL15M-26OCT042300-00,0.0120,10.00,no
2026-10-05T02:57:22.607364Z,KXSOL15M-26OCT042300-00,0.0120,42.00,no
2026-10-05T02:57:22.607364Z,KXSOL15M-26OCT042300-00,0.0130,7.00,no
2026-10-05T02:57:22.607364Z,KXSOL15M-26OCT042300-00,0.0130,10.00,no
2026-10-05T02:57:22.607364Z,KXSOL15M-26OCT042300-00,0.0130,31.00,no
2026-10-05T02:57:24.645208Z,KXSOL15M-26OCT042300-00,0.0130,11.39,yes
2026-10-05T02:57:24.645208Z,KXSOL15M-26OCT042300-00,0.0130,3.00,yes
2026-10-05T02:57:25.028163Z,KXSOL15M-26OCT042300-00,0.0120,10.00,no
2026-10-05T02:57:25.034356Z,KXSOL15M-26OCT042300-00,0.0120,3.00,no
2026-10-05T02:57:25.129957Z,KXSOL15M-26OCT042300-00,0.0120,3.00,no
2026-10-05T02:57:25.231986Z,KXSOL15M-26OCT042300-00,0.0120,10.00,no
2026-10-05T02:57:25.239475Z,KXSOL15M-26OCT042300-00,0.0120,3.00,no
2026-10-05T02:57:25.540186Z,KXSOL15M-26OCT042300-00,0.0120,6.00,no
2026-10-05T02:57:25.55078Z,KXSOL15M-26OCT042300-00,0.0130,39.00,yes
2026-10-05T02:57:25.55078Z,KXSOL15M-26OCT042300-00,0.0130,4.00,yes
2026-10-05T02:57:25.55078Z,KXSOL15M-26OCT042300-00,0.0130,0.61,yes
2026-10-05T02:57:25.55078Z,KXSOL15M-26OCT042300-00,0.0130,10.00,yes
2026-10-05T02:57:26.215046Z,KXSOL15M-26OCT042300-00,0.0120,205.70,no
2026-10-05T02:57:27.087492Z,KXSOL15M-26OCT042300-00,0.0120,53.00,no
2026-10-05T02:57:27.492176Z,KXSOL15M-26OCT042300-00,0.0120,14.30,no
2026-10-05T02:57:27.492176Z,KXSOL15M-26OCT042300-00,0.0110,6.70,no
2026-10-05T02:57:27.492176Z,KXSOL15M-26OCT042300-00,0.0120,7.00,no
2026-10-05T02:57:27.492176Z,KXSOL15M-26OCT042300-00,0.0120,19.00,no
2026-10-05T02:57:27.492176Z,KXSOL15M-26OCT042300-00,0.0120,10.00,no
2026-10-05T02:57:27.492432Z,KXSOL15M-26OCT042300-00,0.0110,1.30,no
2026-10-05T02:57:27.492432Z,KXSOL15M-26OCT042300-00,0.0110,19.70,no
2026-10-05T02:57:27.492432Z,KXSOL15M-26OCT042300-00,0.0110,1.00,no
2026-10-05T02:57:27.492432Z,KXSOL15M-26OCT042300-00,0.0110,10.00,no
2026-10-05T02:57:27.492432Z,KXSOL15M-26OCT042300-00,0.0110,1.00,no
2026-10-05T02:57:27.62351Z,KXSOL15M-26OCT042300-00,0.0110,4.00,no
2026-10-05T02:57:27.626307Z,KXSOL15M-26OCT042300-00,0.0110,3.27,no
2026-10-05T02:57:27.83885Z,KXSOL15M-26OCT042300-00,0.0170,39.00,yes
2026-10-05T02:57:27.83885Z,KXSOL15M-26OCT042300-00,0.0170,12.00,yes
2026-10-05T02:57:27.83885Z,KXSOL15M-26OCT042300-00,0.0180,42.00,yes
2026-10-05T02:57:27.83885Z,KXSOL15M-26OCT042300-00,0.0120,2.00,yes
2026-10-05T02:57:27.83885Z,KXSOL15M-26OCT042300-00,0.0120,3.00,yes
2026-10-05T02:57:27.83885Z,KXSOL15M-26OCT042300-00,0.0120,17.00,yes
2026-10-05T02:57:27.83885Z,KXSOL15M-26OCT042300-00,0.0150,6.00,yes
2026-10-05T02:57:27.83885Z,KXSOL15M-26OCT042300-00,0.0140,1.00,yes
2026-10-05T02:57:27.83885Z,KXSOL15M-26OCT042300-00,0.0180,1.92,yes
2026-10-05T02:57:27.83885Z,KXSOL15M-26OCT042300-00,0.0130,3.00,yes
2026-10-05T02:57:28.240704Z,KXSOL15M-26OCT042300-00,0.0120,3.00,yes
2026-10-05T02:57:29.183947Z,KXSOL15M-26OCT042300-00,0.0130,3.00,yes
2026-10-05T02:57:30.423269Z,KXSOL15M-26OCT042300-00,0.0130,2.00,no
2026-10-05T02:57:30.751472Z,KXSOL15M-26OCT042300-00,0.0130,1.00,no
2026-10-05T02:57:30.751472Z,KXSOL15M-26OCT042300-00,0.0130,4.00,no
2026-10-05T02:57:31.621907Z,KXSOL15M-26OCT042300-00,0.0140,3.00,yes
2026-10-05T02:57:31.621907Z,KXSOL15M-26OCT042300-00,0.0140,20.00,yes
2026-10-05T02:57:31.621907Z,KXSOL15M-26OCT042300-00,0.0140,5.00,yes
2026-10-05T02:57:31.621907Z,KXSOL15M-26OCT042300-00,0.0140,3.00,yes
2026-10-05T02:57:32.501752Z,KXSOL15M-26OCT042300-00,0.0120,4.00,no
2026-10-05T02:57:32.501752Z,KXSOL15M-26OCT042300-00,0.0120,14.00,no
2026-10-05T02:57:32.893661Z,KXSOL15M-26OCT042300-00,0.0120,6.07,no
2026-10-05T02:57:32.893661Z,KXSOL15M-26OCT042300-00,0.0120,1.00,no
2026-10-05T02:57:33.622678Z,KXSOL15M-26OCT042300-00,0.0130,48.00,yes
2026-10-05T02:57:33.622678Z,KXSOL15M-26OCT042300-00,0.0140,3.00,yes
2026-10-05T02:57:33.622678Z,KXSOL15M-26OCT042300-00,0.0130,8.00,yes
2026-10-05T02:57:33.622678Z,KXSOL15M-26OCT042300-00,0.0130,3.00,yes
2026-10-05T02:57:33.622678Z,KXSOL15M-26OCT042300-00,0.0140,19.00,yes
2026-10-05T02:57:33.622678Z,KXSOL15M-26OCT042300-00,0.0150,0.02,yes
2026-10-05T02:57:33.622678Z,KXSOL15M-26OCT042300-00,0.0140,0.02,yes
2026-10-05T02:57:33.622678Z,KXSOL15M-26OCT042300-00,0.0130,0.01,yes
2026-10-05T02:57:33.652833Z,KXSOL15M-26OCT042300-00,0.0130,3.00,yes
2026-10-05T02:57:33.654061Z,KXSOL15M-26OCT042300-00,0.0140,3.00,yes
2026-10-05T02:57:33.758675Z,KXSOL15M-26OCT042300-00,0.0160,3.00,yes
2026-10-05T02:57:33.758675Z,KXSOL15M-26OCT042300-00,0.0160,0.02,yes
2026-10-05T02:57:34.056449Z,KXSOL15M-26OCT042300-00,0.0160,23.00,no
2026-10-05T02:57:34.056449Z,KXSOL15M-26OCT042300-00,0.0160,2.00,no
2026-10-05T02:57:34.363547Z,KXSOL15M-26OCT042300-00,0.0160,3.00,yes
2026-10-05T02:57:34.363547Z,KXSOL15M-26OCT042300-00,0.0170,15.00,yes
2026-10-05T02:57:34.363682Z,KXSOL15M-26OCT042300-00,0.0170,12.00,yes
2026-10-05T02:57:34.363682Z,KXSOL15M-26OCT042300-00,0.0170,3.00,yes
2026-10-05T02:57:34.363682Z,KXSOL15M-26OCT042300-00,0.0170,47.00,yes
2026-10-05T02:57:34.363682Z,KXSOL15M-26OCT042300-00,0.0170,20.00,yes
2026-10-05T02:57:34.363682Z,KXSOL15M-26OCT042300-00,0.0180,11.96,yes
2026-10-05T02:57:34.363682Z,KXSOL15M-26OCT042300-00,0.0180,3.00,yes
2026-10-05T02:57:34.363682Z,KXSOL15M-26OCT042300-00,0.0170,0.02,yes
2026-10-05T02:57:34.363682Z,KXSOL15M-26OCT042300-00,0.0180,0.02,yes
2026-10-05T02:57:34.363682Z,KXSOL15M-26OCT042300-00,0.0170,2.00,yes
2026-10-05T02:57:34.36369Z,KXSOL15M-26OCT042300-00,0.0180,13.00,yes
2026-10-05T02:57:34.374473Z,KXSOL15M-26OCT042300-00,0.0160,14.00,yes
2026-10-05T02:57:34.374473Z,KXSOL15M-26OCT042300-00,0.0170,12.00,yes
2026-10-05T02:57:34.395967Z,KXSOL15M-26OCT042300-00,0.0160,10.00,yes
2026-10-05T02:57:35.536167Z,KXSOL15M-26OCT042300-00,0.0150,56.00,no
2026-10-05T02:57:35.536167Z,KXSOL15M-26OCT042300-00,0.0150,7.00,no
2026-10-05T02:57:37.679021Z,KXSOL15M-26OCT042300-00,0.0130,4.00,yes
2026-10-05T02:57:37.679021Z,KXSOL15M-26OCT042300-00,0.0130,10.39,yes
2026-10-05T02:57:38.563877Z,KXSOL15M-26OCT042300-00,0.0120,3.00,no
2026-10-05T02:57:38.570975Z,KXSOL15M-26OCT042300-00,0.0120,3.00,no
2026-10-05T02:57:38.907682Z,KXSOL15M-26OCT042300-00,0.0120,10.00,no
2026-10-05T02:57:39.034444Z,KXSOL15M-26OCT042300-00,0.0120,2.00,no
2026-10-05T02:57:39.034444Z,KXSOL15M-26OCT042300-00,0.0120,4.00,no
2026-10-05T02:57:40.438272Z,KXSOL15M-26OCT042300-00,0.0110,3.92,no
2026-10-05T02:57:40.990723Z,KXSOL15M-26OCT042300-00,0.0110,15.15,no
2026-10-05T02:57:42.097873Z,KXSOL15M-26OCT042300-00,0.0110,1.60,no
2026-10-05T02:57:42.097873Z,KXSOL15M-26OCT042300-00,0.0110,53.96,no
2026-10-05T02:57:42.370919Z,KXSOL15M-26OCT042300-00,0.0110,0.40,no
2026-10-05T02:57:42.370919Z,KXSOL15M-26OCT042300-00,0.0110,3.60,no
2026-10-05T02:57:42.47208Z,KXSOL15M-26OCT042300-00,0.0110,3.00,no
2026-10-05T02:57:42.563509Z,KXSOL15M-26OCT042300-00,0.0110,6.00,no
2026-10-05T02:57:42.772221Z,KXSOL15M-26OCT042300-00,0.0110,2.00,no
2026-10-05T02:57:42.772221Z,KXSOL15M-26OCT042300-00,0.0110,7.40,no
2026-10-05T02:57:42.772221Z,KXSOL15M-26OCT042300-00,0.0110,4.80,no
2026-10-05T02:57:42.772221Z,KXSOL15M-26OCT042300-00,0.0120,6.00,no
2026-10-05T02:57:43.479819Z,KXSOL15M-26OCT042300-00,0.0100,3.00,no
2026-10-05T02:57:43.479819Z,KXSOL15M-26OCT042300-00,0.0100,15.28,no
2026-10-05T02:57:43.479819Z,KXSOL15M-26OCT042300-00,0.0110,7.00,no
2026-10-05T02:57:43.479819Z,KXSOL15M-26OCT042300-00,0.0110,1.00,no
2026-10-05T02:57:43.479819Z,KXSOL15M-26OCT042300-00,0.0110,25.00,no
2026-10-05T02:57:45.864748Z,KXSOL15M-26OCT042300-00,0.0100,20.00,no
2026-10-05T02:57:45.864748Z,KXSOL15M-26OCT042300-00,0.0100,2.00,no
2026-10-05T02:57:45.864748Z,KXSOL15M-26OCT042300-00,0.0100,2.79,no
2026-10-05T02:57:45.864748Z,KXSOL15M-26OCT042300-00,0.0100,9.72,no
2026-10-05T02:57:45.864748Z,KXSOL15M-26OCT042300-00,0.0070,1.00,no
2026-10-05T02:57:45.864748Z,KXSOL15M-26OCT042300-00,0.0080,1.00,no
2026-10-05T02:57:45.864748Z,KXSOL15M-26OCT042300-00,0.0080,21.00,no
2026-10-05T02:57:45.864748Z,KXSOL15M-26OCT042300-00,0.0090,27.00,no
2026-10-05T02:57:45.864748Z,KXSOL15M-26OCT042300-00,0.0070,1.16,no
2026-10-05T02:57:45.864748Z,KXSOL15M-26OCT042300-00,0.0100,5.00,no
2026-10-05T02:57:48.4912Z,KXSOL15M-26OCT042300-00,0.0080,3.00,no
2026-10-05T02:57:51.172447Z,KXSOL15M-26OCT042300-00,0.0080,28.00,yes
2026-10-05T02:57:51.1727Z,KXSOL15M-26OCT042300-00,0.0080,22.00,yes
2026-10-05T02:57:51.1727Z,KXSOL15M-26OCT042300-00,0.0080,15.00,yes
2026-10-05T02:57:51.1727Z,KXSOL15M-26OCT042300-00,0.0090,9.72,yes
2026-10-05T02:57:51.1727Z,KXSOL15M-26OCT042300-00,0.0090,11.28,yes
2026-10-05T02:57:51.172859Z,KXSOL15M-26OCT042300-00,0.0090,15.28,yes
2026-10-05T02:57:51.172859Z,KXSOL15M-26OCT042300-00,0.0100,12.00,yes
2026-10-05T02:57:51.172859Z,KXSOL15M-26OCT042300-00,0.0090,12.72,yes
2026-10-05T02:57:51.725462Z,KXSOL15M-26OCT042300-00,0.0110,30.00,no
2026-10-05T02:57:51.725462Z,KXSOL15M-26OCT042300-00,0.0100,13.29,no
2026-10-05T02:57:51.725462Z,KXSOL15M-26OCT042300-00,0.0110,7.00,no
2026-10-05T02:57:52.277201Z,KXSOL15M-26OCT042300-00,0.0130,1.00,yes
2026-10-05T02:57:52.356228Z,KXSOL15M-26OCT042300-00,0.0110,7.00,no
2026-10-05T02:57:52.356228Z,KXSOL15M-26OCT042300-00,0.0100,103.71,no
2026-10-05T02:57:52.356228Z,KXSOL15M-26OCT042300-00,0.0090,33.54,no
2026-10-05T02:57:52.356228Z,KXSOL15M-26OCT042300-00,0.0120,19.00,no
2026-10-05T02:57:52.356228Z,KXSOL15M-26OCT042300-00,0.0110,19.00,no
2026-10-05T02:57:52.356228Z,KXSOL15M-26OCT042300-00,0.0110,11.00,no
2026-10-05T02:57:52.36423Z,KXSOL15M-26OCT042300-00,0.0110,7.00,no
2026-10-05T02:57:52.36423Z,KXSOL15M-26OCT042300-00,0.0110,16.00,no
2026-10-05T02:57:53.911567Z,KXSOL15M-26OCT042300-00,0.0090,15.39,no
2026-10-05T02:57:53.911567Z,KXSOL15M-26OCT042300-00,0.0100,1.00,no
2026-10-05T02:57:54.459862Z,KXSOL15M-26OCT042300-00,0.0050,11.00,no
2026-10-05T02:57:54.459862Z,KXSOL15M-26OCT042300-00,0.0050,1.00,no
2026-10-05T02:57:54.459862Z,KXSOL15M-26OCT042300-00,0.0050,1.00,no
2026-10-05T02:57:54.459862Z,KXSOL15M-26OCT042300-00,0.0040,50.97,no
2026-10-05T02:57:54.459862Z,KXSOL15M-26OCT042300-00,0.0060,1.00,no
2026-10-05T02:57:54.459862Z,KXSOL15M-26OCT042300-00,0.0100,79.00,no
2026-10-05T02:57:54.459862Z,KXSOL15M-26OCT042300-00,0.0110,40.00,no
2026-10-05T02:57:54.459862Z,KXSOL15M-26OCT042300-00,0.0070,40.00,no
2026-10-05T02:57:54.459862Z,KXSOL15M-26OCT042300-00,0.0050,40.00,no
2026-10-05T02:57:54.459862Z,KXSOL15M-26OCT042300-00,0.0080,40.00,no
2026-10-05T02:57:54.459862Z,KXSOL15M-26OCT042300-00,0.0050,3.00,no
2026-10-05T02:57:54.459862Z,KXSOL15M-26OCT042300-00,0.0060,3.00,no
2026-10-05T02:57:54.459862Z,KXSOL15M-26OCT042300-00,0.0100,40.00,no
2026-10-05T02:57:54.459862Z,KXSOL15M-26OCT042300-00,0.0060,40.00,no
2026-10-05T02:57:54.459862Z,KXSOL15M-26OCT042300-00,0.0110,7.00,no
2026-10-05T02:57:54.459862Z,KXSOL15M-26OCT042300-00,0.0090,40.00,no
2026-10-05T02:57:54.459862Z,KXSOL15M-26OCT042300-00,0.0080,4.00,no
2026-10-05T02:57:54.459862Z,KXSOL15M-26OCT042300-00,0.0050,6.00,no
2026-10-05T02:57:54.459862Z,KXSOL15M-26OCT042300-00,0.0110,10.00,no
2026-10-05T02:57:54.459862Z,KXSOL15M-26OCT042300-00,0.0090,16.61,no
2026-10-05T02:57:54.459862Z,KXSOL15M-26OCT042300-00,0.0100,13.00,no
2026-10-05T02:57:54.459862Z,KXSOL15M-26OCT042300-00,0.0070,51.00,no
2026-10-05T02:57:54.459862Z,KXSOL15M-26OCT042300-00,0.0090,18.00,no
2026-10-05T02:57:54.459862Z,KXSOL15M-26OCT042300-00,0.0050,58.00,no
2026-10-05T02:57:54.459862Z,KXSOL15M-26OCT042300-00,0.0060,40.00,no
2026-10-05T02:57:54.459862Z,KXSOL15M-26OCT042300-00,0.0050,0.11,no
2026-10-05T02:57:54.459862Z,KXSOL15M-26OCT042300-00,0.0070,100.00,no
2026-10-05T02:57:54.459862Z,KXSOL15M-26OCT042300-00,0.0050,5.00,no
2026-10-05T02:57:54.467977Z,KXSOL15M-26OCT042300-00,0.0100,6.00,no
2026-10-05T02:57:55.224409Z,KXSOL15M-26OCT042300-00,0.0090,2.00,yes
2026-10-05T02:58:01.707406Z,KXSOL15M-26OCT042300-00,0.0070,1.00,no
2026-10-05T02:58:01.783582Z,KXSOL15M-26OCT042300-00,0.0090,1.00,yes
2026-10-05T02:58:01.783724Z,KXSOL15M-26OCT042300-00,0.0090,37.00,yes
2026-10-05T02:58:01.783724Z,KXSOL15M-26OCT042300-00,0.0090,22.00,yes
2026-10-05T02:58:01.783778Z,KXSOL15M-26OCT042300-00,0.0090,3.00,yes
2026-10-05T02:58:02.077389Z,KXSOL15M-26OCT042300-00,0.0090,4.00,yes
2026-10-05T02:58:02.648321Z,KXSOL15M-26OCT042300-00,0.0080,5.00,no
2026-10-05T02:58:04.169915Z,KXSOL15M-26OCT042300-00,0.0070,1.00,no
2026-10-05T02:58:05.521636Z,KXSOL15M-26OCT042300-00,0.0070,5.00,no
2026-10-05T02:58:05.521636Z,KXSOL15M-26OCT042300-00,0.0070,10.00,no
2026-10-05T02:58:06.452412Z,KXSOL15M-26OCT042300-00,0.0070,13.00,no
2026-10-05T02:58:06.452412Z,KXSOL15M-26OCT042300-00,0.0070,10.00,no
2026-10-05T02:58:06.452412Z,KXSOL15M-26OCT042300-00,0.0070,5.00,no
2026-10-05T02:58:06.452412Z,KXSOL15M-26OCT042300-00,0.0060,2.06,no
2026-10-05T02:58:06.802946Z,KXSOL15M-26OCT042300-00,0.0060,10.62,no
2026-10-05T02:58:09.136367Z,KXSOL15M-26OCT042300-00,0.0060,5.02,no
2026-10-05T02:58:09.230725Z,KXSOL15M-26OCT042300-00,0.0070,2.01,no
2026-10-05T02:58:09.533428Z,KXSOL15M-26OCT042300-00,0.0070,10.00,no
2026-10-05T02:58:09.533428Z,KXSOL15M-26OCT042300-00,0.0060,2.25,no
2026-10-05T02:58:12.182229Z,KXSOL15M-26OCT042300-00,0.0070,11.07,no
2026-10-05T02:58:14.088718Z,KXSOL15M-26OCT042300-00,0.0070,33.00,no
2026-10-05T02:58:14.0943Z,KXSOL15M-26OCT042300-00,0.0070,1.00,no
2026-10-05T02:58:14.134243Z,KXSOL15M-26OCT042300-00,0.0070,7.00,no
2026-10-05T02:58:14.140058Z,KXSOL15M-26OCT042300-00,0.0070,3.00,no
2026-10-05T02:58:15.122369Z,KXSOL15M-26OCT042300-00,0.0060,10.00,no
2026-10-05T02:58:15.122369Z,KXSOL15M-26OCT042300-00,0.0060,8.00,no
2026-10-05T02:58:15.348943Z,KXSOL15M-26OCT042300-00,0.0060,14.00,no
2026-10-05T02:58:15.355418Z,KXSOL15M-26OCT042300-00,0.0060,2.00,no
2026-10-05T02:58:15.361816Z,KXSOL15M-26OCT042300-00,0.0060,2.00,no
2026-10-05T02:58:15.367597Z,KXSOL15M-26OCT042300-00,0.0060,2.00,no
2026-10-05T02:58:15.458926Z,KXSOL15M-26OCT042300-00,0.0060,2.00,no
2026-10-05T02:58:15.464596Z,KXSOL15M-26OCT042300-00,0.0060,2.00,no
2026-10-05T02:58:15.469601Z,KXSOL15M-26OCT042300-00,0.0060,2.00,no
2026-10-05T02:58:15.579412Z,KXSOL15M-26OCT042300-00,0.0060,1.00,no
2026-10-05T02:58:15.579412Z,KXSOL15M-26OCT042300-00,0.0060,1.00,no
2026-10-05T02:58:15.999262Z,KXSOL15M-26OCT042300-00,0.0060,2.00,no
2026-10-05T02:58:16.101252Z,KXSOL15M-26OCT042300-00,0.0060,2.00,no
2026-10-05T02:58:16.108042Z,KXSOL15M-26OCT042300-00,0.0060,2.00,no
2026-10-05T02:58:16.528105Z,KXSOL15M-26OCT042300-00,0.0060,2.00,no
2026-10-05T02:58:16.533387Z,KXSOL15M-26OCT042300-00,0.0060,1.00,no
2026-10-05T02:58:16.533387Z,KXSOL15M-26OCT042300-00,0.0060,1.00,no
2026-10-05T02:58:16.53772Z,KXSOL15M-26OCT042300-00,0.0060,2.00,no
2026-10-05T02:58:16.542005Z,KXSOL15M-26OCT042300-00,0.0060,1.00,no
2026-10-05T02:58:16.542005Z,KXSOL15M-26OCT042300-00,0.0060,1.00,no
2026-10-05T02:58:16.62908Z,KXSOL15M-26OCT042300-00,0.0060,1.00,no
2026-10-05T02:58:16.62908Z,KXSOL15M-26OCT042300-00,0.0060,1.00,no
2026-10-05T02:58:16.635379Z,KXSOL15M-26OCT042300-00,0.0060,1.00,no
2026-10-05T02:58:16.635379Z,KXSOL15M-26OCT042300-00,0.0060,1.00,no
2026-10-05T02:58:16.749655Z,KXSOL15M-26OCT042300-00,0.0060,1.00,no
2026-10-05T02:58:16.749655Z,KXSOL15M-26OCT042300-00,0.0060,1.00,no
2026-10-05T02:58:16.754779Z,KXSOL15M-26OCT042300-00,0.0060,2.00,no
2026-10-05T02:58:16.859548Z,KXSOL15M-26OCT042300-00,0.0060,1.00,no
2026-10-05T02:58:16.859548Z,KXSOL15M-26OCT042300-00,0.0060,1.00,no
2026-10-05T02:58:16.873059Z,KXSOL15M-26OCT042300-00,0.0060,1.00,no
2026-10-05T02:58:16.873059Z,KXSOL15M-26OCT042300-00,0.0060,1.00,no
2026-10-05T02:58:16.942502Z,KXSOL15M-26OCT042300-00,0.0060,1.00,no
2026-10-05T02:58:16.942502Z,KXSOL15M-26OCT042300-00,0.0060,1.01,no
2026-10-05T02:58:16.949689Z,KXSOL15M-26OCT042300-00,0.0060,8.99,no
2026-10-05T02:58:16.949689Z,KXSOL15M-26OCT042300-00,0.0060,2.00,no
2026-10-05T02:58:16.949689Z,KXSOL15M-26OCT042300-00,0.0060,2.00,no
2026-10-05T02:58:16.949689Z,KXSOL15M-26OCT042300-00,0.0060,2.00,no
2026-10-05T02:58:16.949689Z,KXSOL15M-26OCT042300-00,0.0060,2.00,no
2026-10-05T02:58:16.949689Z,KXSOL15M-26OCT042300-00,0.0060,2.00,no
2026-10-05T02:58:17.506866Z,KXSOL15M-26OCT042300-00,0.0090,1.00,yes
2026-10-05T02:58:17.506866Z,KXSOL15M-26OCT042300-00,0.0070,40.00,yes
2026-10-05T02:58:17.506866Z,KXSOL15M-26OCT042300-00,0.0060,40.00,yes
2026-10-05T02:58:17.506866Z,KXSOL15M-26OCT042300-00,0.0090,3.00,yes
2026-10-05T02:58:17.506866Z,KXSOL15M-26OCT042300-00,0.0090,5.00,yes
2026-10-05T02:58:17.506866Z,KXSOL15M-26OCT042300-00,0.0080,3.00,yes
2026-10-05T02:58:17.506866Z,KXSOL15M-26OCT042300-00,0.0100,5.10,yes
2026-10-05T02:58:17.506866Z,KXSOL15M-26OCT042300-00,0.0080,11.00,yes
2026-10-05T02:58:17.506866Z,KXSOL15M-26OCT042300-00,0.0090,17.00,yes
2026-10-05T02:58:17.874832Z,KXSOL15M-26OCT042300-00,0.0060,14.00,no
2026-10-05T02:58:17.879631Z,KXSOL15M-26OCT042300-00,0.0060,2.00,no
2026-10-05T02:58:20.089187Z,KXSOL15M-26OCT042300-00,0.0050,33.00,no
2026-10-05T02:58:20.089187Z,KXSOL15M-26OCT042300-00,0.0050,9.00,no
2026-10-05T02:58:20.094254Z,KXSOL15M-26OCT042300-00,0.0050,1.00,no
2026-10-05T02:58:21.683759Z,KXSOL15M-26OCT042300-00,0.0040,11.04,no
2026-10-05T02:58:22.490843Z,KXSOL15M-26OCT042300-00,0.0040,1.00,no
2026-10-05T02:58:22.490843Z,KXSOL15M-26OCT042300-00,0.0040,1.00,no
2026-10-05T02:58:22.490843Z,KXSOL15M-26OCT042300-00,0.0040,1.00,no
2026-10-05T02:58:22.490843Z,KXSOL15M-26OCT042300-00,0.0040,1.00,no
2026-10-05T02:58:22.490843Z,KXSOL15M-26OCT042300-00,0.0040,1.00,no
2026-10-05T02:58:22.490843Z,KXSOL15M-26OCT042300-00,0.0040,13.00,no
2026-10-05T02:58:22.490843Z,KXSOL15M-26OCT042300-00,0.0040,1.00,no
2026-10-05T02:58:22.490843Z,KXSOL15M-26OCT042300-00,0.0040,18.99,no
2026-10-05T02:58:22.490843Z,KXSOL15M-26OCT042300-00,0.0040,10.00,no
2026-10-05T02:58:22.490843Z,KXSOL15M-26OCT042300-00,0.0040,7.00,no
2026-10-05T02:58:22.490843Z,KXSOL15M-26OCT042300-00,0.0040,40.00,no
2026-10-05T02:58:22.652808Z,KXSOL15M-26OCT042300-00,0.0030,157.13,no
2026-10-05T02:58:22.652808Z,KXSOL15M-26OCT042300-00,0.0030,1.00,no
2026-10-05T02:58:22.707438Z,KXSOL15M-26OCT042300-00,0.0050,3.00,yes
2026-10-05T02:58:22.853329Z,KXSOL15M-26OCT042300-00,0.0030,7.00,no
2026-10-05T02:58:22.957489Z,KXSOL15M-26OCT042300-00,0.0030,7.00,no
2026-10-05T02:58:22.964009Z,KXSOL15M-26OCT042300-00,0.0030,5.00,no
2026-10-05T02:58:24.434299Z,KXSOL15M-26OCT042300-00,0.0050,0.51,yes
2026-10-05T02:58:25.612739Z,KXSOL15M-26OCT042300-00,0.0030,17.00,no
2026-10-05T02:58:26.040162Z,KXSOL15M-26OCT042300-00,0.0030,2.00,no
2026-10-05T02:58:26.040162Z,KXSOL15M-26OCT042300-00,0.0030,2.00,no
2026-10-05T02:58:26.040162Z,KXSOL15M-26OCT042300-00,0.0030,2.00,no
2026-10-05T02:58:26.040162Z,KXSOL15M-26OCT042300-00,0.0030,2.00,no
2026-10-05T02:58:26.040162Z,KXSOL15M-26OCT042300-00,0.0030,18.00,no
2026-10-05T02:58:26.040162Z,KXSOL15M-26OCT042300-00,0.0030,26.44,no
2026-10-05T02:58:26.040162Z,KXSOL15M-26OCT042300-00,0.0030,2.00,no
2026-10-05T02:58:26.040162Z,KXSOL15M-26OCT042300-00,0.0030,56.87,no
2026-10-05T02:58:26.20205Z,KXSOL15M-26OCT042300-00,0.0030,28.78,no
2026-10-05T02:58:27.188462Z,KXSOL15M-26OCT042300-00,0.0030,8.00,no
2026-10-05T02:58:27.188462Z,KXSOL15M-26OCT042300-00,0.0030,6.78,no
2026-10-05T02:58:27.188462Z,KXSOL15M-26OCT042300-00,0.0030,11.22,no
2026-10-05T02:58:27.194542Z,KXSOL15M-26OCT042300-00,0.0030,3.22,no
2026-10-05T02:58:28.626898Z,KXSOL15M-26OCT042300-00,0.0040,11.22,yes
2026-10-05T02:58:28.626898Z,KXSOL15M-26OCT042300-00,0.0030,3.00,yes
2026-10-05T02:58:28.626898Z,KXSOL15M-26OCT042300-00,0.0040,28.78,yes
2026-10-05T02:58:28.626898Z,KXSOL15M-26OCT042300-00,0.0040,3.00,yes
2026-10-05T02:58:28.626898Z,KXSOL15M-26OCT042300-00,0.0050,36.49,yes
2026-10-05T02:58:28.626898Z,KXSOL15M-26OCT042300-00,0.0050,113.10,yes
2026-10-05T02:58:29.223222Z,KXSOL15M-26OCT042300-00,0.0050,28.17,yes
2026-10-05T02:58:30.886035Z,KXSOL15M-26OCT042300-00,0.0020,22.04,no
2026-10-05T02:58:30.99382Z,KXSOL15M-26OCT042300-00,0.0020,42.00,no
2026-10-05T02:58:31.088438Z,KXSOL15M-26OCT042300-00,0.0020,17.00,no
2026-10-05T02:58:31.123535Z,KXSOL15M-26OCT042300-00,0.0020,7.00,no
2026-10-05T02:58:32.817469Z,KXSOL15M-26OCT042300-00,0.0020,52.00,no
2026-10-05T02:58:32.824003Z,KXSOL15M-26OCT042300-00,0.0020,2.00,no
2026-10-05T02:58:33.748444Z,KXSOL15M-26OCT042300-00,0.0020,40.00,no
2026-10-05T02:58:33.790315Z,KXSOL15M-26OCT042300-00,0.0020,40.00,no
2026-10-05T02:58:33.800743Z,KXSOL15M-26OCT042300-00,0.0020,40.00,no
2026-10-05T02:58:33.801677Z,KXSOL15M-26OCT042300-00,0.0020,40.00,no
2026-10-05T02:58:33.950992Z,KXSOL15M-26OCT042300-00,0.0020,100.70,no
2026-10-05T02:58:34.371845Z,KXSOL15M-26OCT042300-00,0.0070,100.00,yes
2026-10-05T02:58:34.371845Z,KXSOL15M-26OCT042300-00,0.0090,3.00,yes
2026-10-05T02:58:34.371845Z,KXSOL15M-26OCT042300-00,0.0080,2.00,yes
2026-10-05T02:58:34.371845Z,KXSOL15M-26OCT042300-00,0.0090,1.00,yes
2026-10-05T02:58:34.371845Z,KXSOL15M-26OCT042300-00,0.0100,0.21,yes
2026-10-05T02:58:34.371845Z,KXSOL15M-26OCT042300-00,0.0050,15.86,yes
2026-10-05T02:58:34.371845Z,KXSOL15M-26OCT042300-00,0.0050,7.00,yes
2026-10-05T02:58:34.371845Z,KXSOL15M-26OCT042300-00,0.0050,7.00,yes
2026-10-05T02:58:34.371845Z,KXSOL15M-26OCT042300-00,0.0050,5.00,yes
2026-10-05T02:58:34.371845Z,KXSOL15M-26OCT042300-00,0.0050,17.00,yes
2026-10-05T02:58:34.371845Z,KXSOL15M-26OCT042300-00,0.0050,56.87,yes
2026-10-05T02:58:34.371845Z,KXSOL15M-26OCT042300-00,0.0070,0.02,yes
2026-10-05T02:58:34.371845Z,KXSOL15M-26OCT042300-00,0.0060,0.02,yes
2026-10-05T02:58:34.371845Z,KXSOL15M-26OCT042300-00,0.0050,0.02,yes
2026-10-05T02:58:34.371845Z,KXSOL15M-26OCT042300-00,0.0090,0.02,yes
2026-10-05T02:58:34.371845Z,KXSOL15M-26OCT042300-00,0.0080,0.02,yes
2026-10-05T02:58:34.371845Z,KXSOL15M-26OCT042300-00,0.0070,302.04,yes
2026-10-05T02:58:34.371845Z,KXSOL15M-26OCT042300-00,0.0040,3.00,yes
2026-10-05T02:58:34.371845Z,KXSOL15M-26OCT042300-00,0.0040,0.02,yes
2026-10-05T02:58:34.371845Z,KXSOL15M-26OCT042300-00,0.0060,22.00,yes
2026-10-05T02:58:34.371845Z,KXSOL15M-26OCT042300-00,0.0030,3.00,yes
2026-10-05T02:58:34.371845Z,KXSOL15M-26OCT042300-00,0.0030,0.02,yes
2026-10-05T02:58:34.371845Z,KXSOL15M-26OCT042300-00,0.0040,16.00,yes
2026-10-05T02:58:34.371845Z,KXSOL15M-26OCT042300-00,0.0070,65.00,yes
2026-10-05T02:58:34.371845Z,KXSOL15M-26OCT042300-00,0.0040,40.00,yes
2026-10-05T02:58:34.371845Z,KXSOL15M-26OCT042300-00,0.0040,40.00,yes
2026-10-05T02:58:34.468122Z,KXSOL15M-26OCT042300-00,0.0020,34.00,no
2026-10-05T02:58:34.7398Z,KXSOL15M-26OCT042300-00,0.0020,22.04,no
2026-10-05T02:58:35.067119Z,KXSOL15M-26OCT042300-00,0.0080,0.02,yes
2026-10-05T02:58:35.067119Z,KXSOL15M-26OCT042300-00,0.0060,3.00,yes
2026-10-05T02:58:35.067119Z,KXSOL15M-26OCT042300-00,0.0090,17.00,yes
2026-10-05T02:58:35.067119Z,KXSOL15M-26OCT042300-00,0.0050,3.00,yes
2026-10-05T02:58:35.067119Z,KXSOL15M-26OCT042300-00,0.0070,0.02,yes
2026-10-05T02:58:35.067119Z,KXSOL15M-26OCT042300-00,0.0060,0.02,yes
2026-10-05T02:58:35.067119Z,KXSOL15M-26OCT042300-00,0.0050,0.02,yes
2026-10-05T02:58:35.067119Z,KXSOL15M-26OCT042300-00,0.0090,68.18,yes
2026-10-05T02:58:35.067119Z,KXSOL15M-26OCT042300-00,0.0080,6.00,yes
2026-10-05T02:58:36.088662Z,KXSOL15M-26OCT042300-00,0.0020,12.00,no
2026-10-05T02:58:36.094871Z,KXSOL15M-26OCT042300-00,0.0020,2.00,no
2026-10-05T02:58:36.459172Z,KXSOL15M-26OCT042300-00,0.0030,10.00,no
2026-10-05T02:58:36.459172Z,KXSOL15M-26OCT042300-00,0.0030,7.00,no
2026-10-05T02:58:36.459172Z,KXSOL15M-26OCT042300-00,0.0030,8.00,no
2026-10-05T02:58:36.662909Z,KXSOL15M-26OCT042300-00,0.0030,5.00,no
2026-10-05T02:58:36.662909Z,KXSOL15M-26OCT042300-00,0.0030,3.00,no
2026-10-05T02:58:36.668839Z,KXSOL15M-26OCT042300-00,0.0030,3.00,no
2026-10-05T02:58:37.061649Z,KXSOL15M-26OCT042300-00,0.0020,1.00,no
2026-10-05T02:58:38.087579Z,KXSOL15M-26OCT042300-00,0.0050,69.19,yes
2026-10-05T02:58:38.087579Z,KXSOL15M-26OCT042300-00,0.0040,28.00,yes
2026-10-05T02:58:38.087579Z,KXSOL15M-26OCT042300-00,0.0030,1.00,yes
2026-10-05T02:58:38.087579Z,KXSOL15M-26OCT042300-00,0.0030,0.01,yes
2026-10-05T02:58:38.087579Z,KXSOL15M-26OCT042300-00,0.0040,0.02,yes
2026-10-05T02:58:39.564667Z,KXSOL15M-26OCT042300-00,0.0020,26.22,no
2026-10-05T02:58:39.564667Z,KXSOL15M-26OCT042300-00,0.0020,2.78,no
2026-10-05T02:58:39.572836Z,KXSOL15M-26OCT042300-00,0.0020,2.00,no
2026-10-05T02:58:39.758204Z,KXSOL15M-26OCT042300-00,0.0020,111.20,no
2026-10-05T02:58:39.795713Z,KXSOL15M-26OCT042300-00,0.0020,32.00,no
2026-10-05T02:58:41.330008Z,KXSOL15M-26OCT042300-00,0.0020,2.00,no
2026-10-05T02:58:41.456472Z,KXSOL15M-26OCT042300-00,0.0030,100.00,yes
2026-10-05T02:58:41.456472Z,KXSOL15M-26OCT042300-00,0.0060,26.00,yes
2026-10-05T02:58:41.456472Z,KXSOL15M-26OCT042300-00,0.0060,6.00,yes
2026-10-05T02:58:41.456472Z,KXSOL15M-26OCT042300-00,0.0060,0.02,yes
2026-10-05T02:58:41.456472Z,KXSOL15M-26OCT042300-00,0.0070,0.02,yes
2026-10-05T02:58:41.456472Z,KXSOL15M-26OCT042300-00,0.0050,0.02,yes
2026-10-05T02:58:41.456472Z,KXSOL15M-26OCT042300-00,0.0060,22.00,yes
2026-10-05T02:58:41.456472Z,KXSOL15M-26OCT042300-00,0.0070,3.00,yes
2026-10-05T02:58:41.456472Z,KXSOL15M-26OCT042300-00,0.0060,3.00,yes
2026-10-05T02:58:41.456472Z,KXSOL15M-26OCT042300-00,0.0070,9.00,yes
2026-10-05T02:58:41.457368Z,KXSOL15M-26OCT042300-00,0.0020,44.00,no
2026-10-05T02:58:41.463297Z,KXSOL15M-26OCT042300-00,0.0020,39.00,no
2026-10-05T02:58:42.807914Z,KXSOL15M-26OCT042300-00,0.0020,17.00,no
2026-10-05T02:58:43.174222Z,KXSOL15M-26OCT042300-00,0.0020,52.00,no
2026-10-05T02:58:43.180635Z,KXSOL15M-26OCT042300-00,0.0020,2.00,no
2026-10-05T02:58:43.627408Z,KXSOL15M-26OCT042300-00,0.0020,55.10,no
2026-10-05T02:58:44.02489Z,KXSOL15M-26OCT042300-00,0.0020,20.00,no
2026-10-05T02:58:44.478335Z,KXSOL15M-26OCT042300-00,0.0070,12.02,yes
2026-10-05T02:58:44.478335Z,KXSOL15M-26OCT042300-00,0.0030,99.00,yes
2026-10-05T02:58:44.478335Z,KXSOL15M-26OCT042300-00,0.0040,100.00,yes
2026-10-05T02:58:44.478335Z,KXSOL15M-26OCT042300-00,0.0030,0.02,yes
2026-10-05T02:58:44.478335Z,KXSOL15M-26OCT042300-00,0.0040,0.02,yes
2026-10-05T02:58:44.478335Z,KXSOL15M-26OCT042300-00,0.0060,22.00,yes
2026-10-05T02:58:44.478335Z,KXSOL15M-26OCT042300-00,0.0050,0.02,yes
2026-10-05T02:58:44.478335Z,KXSOL15M-26OCT042300-00,0.0060,0.02,yes
2026-10-05T02:58:44.650859Z,KXSOL15M-26OCT042300-00,0.0030,10.07,no
2026-10-05T02:58:44.891595Z,KXSOL15M-26OCT042300-00,0.0030,2.00,no
2026-10-05T02:58:44.891595Z,KXSOL15M-26OCT042300-00,0.0030,8.00,no
2026-10-05T02:58:46.425491Z,KXSOL15M-26OCT042300-00,0.0020,6.05,no
2026-10-05T02:58:46.425491Z,KXSOL15M-26OCT042300-00,0.0030,8.00,no
2026-10-05T02:58:46.425491Z,KXSOL15M-26OCT042300-00,0.0030,8.00,no
2026-10-05T02:58:46.784669Z,KXSOL15M-26OCT042300-00,0.0020,2.00,no
2026-10-05T02:58:46.800875Z,KXSOL15M-26OCT042300-00,0.0040,0.02,yes
2026-10-05T02:58:46.800875Z,KXSOL15M-26OCT042300-00,0.0030,54.00,yes
2026-10-05T02:58:46.800875Z,KXSOL15M-26OCT042300-00,0.0030,0.02,yes
2026-10-05T02:58:46.800875Z,KXSOL15M-26OCT042300-00,0.0030,69.00,yes
2026-10-05T02:58:46.800875Z,KXSOL15M-26OCT042300-00,0.0040,90.36,yes
2026-10-05T02:58:46.848062Z,KXSOL15M-26OCT042300-00,0.0020,9.81,no
2026-10-05T02:58:47.329962Z,KXSOL15M-26OCT042300-00,0.0030,20.94,yes
2026-10-05T02:58:49.994714Z,KXSOL15M-26OCT042300-00,0.0020,1.00,no
2026-10-05T02:58:51.015058Z,KXSOL15M-26OCT042300-00,0.0060,63.69,yes
2026-10-05T02:58:51.015058Z,KXSOL15M-26OCT042300-00,0.0040,0.02,yes
2026-10-05T02:58:51.015058Z,KXSOL15M-26OCT042300-00,0.0030,100.00,yes
2026-10-05T02:58:51.015058Z,KXSOL15M-26OCT042300-00,0.0030,0.02,yes
2026-10-05T02:58:51.015058Z,KXSOL15M-26OCT042300-00,0.0030,32.00,yes
2026-10-05T02:58:51.015058Z,KXSOL15M-26OCT042300-00,0.0060,0.02,yes
2026-10-05T02:58:51.015058Z,KXSOL15M-26OCT042300-00,0.0050,0.02,yes
2026-10-05T02:58:51.015058Z,KXSOL15M-26OCT042300-00,0.0060,22.00,yes
2026-10-05T02:58:52.573687Z,KXSOL15M-26OCT042300-00,0.0060,1.31,yes
2026-10-05T02:58:52.573687Z,KXSOL15M-26OCT042300-00,0.0070,108.76,yes
2026-10-05T02:58:52.573687Z,KXSOL15M-26OCT042300-00,0.0080,0.02,yes
2026-10-05T02:58:52.573687Z,KXSOL15M-26OCT042300-00,0.0060,0.02,yes
2026-10-05T02:58:52.573687Z,KXSOL15M-26OCT042300-00,0.0040,28.00,yes
2026-10-05T02:58:52.573687Z,KXSOL15M-26OCT042300-00,0.0030,0.02,yes
2026-10-05T02:58:52.573687Z,KXSOL15M-26OCT042300-00,0.0050,160.00,yes
2026-10-05T02:58:52.573687Z,KXSOL15M-26OCT042300-00,0.0040,0.02,yes
2026-10-05T02:58:52.573687Z,KXSOL15M-26OCT042300-00,0.0050,0.02,yes
2026-10-05T02:58:52.573687Z,KXSOL15M-26OCT042300-00,0.0030,100.00,yes
2026-10-05T02:58:52.573687Z,KXSOL15M-26OCT042300-00,0.0080,147.00,yes
2026-10-05T02:58:52.573687Z,KXSOL15M-26OCT042300-00,0.0080,85.00,yes
2026-10-05T02:58:52.573687Z,KXSOL15M-26OCT042300-00,0.0070,0.02,yes
2026-10-05T02:58:52.573687Z,KXSOL15M-26OCT042300-00,0.0080,69.75,yes
2026-10-05T02:58:52.978748Z,KXSOL15M-26OCT042300-00,0.0030,1.00,no
2026-10-05T02:58:53.70312Z,KXSOL15M-26OCT042300-00,0.0030,2.00,no
2026-10-05T02:58:53.70312Z,KXSOL15M-26OCT042300-00,0.0030,8.00,no
2026-10-05T02:58:53.712528Z,KXSOL15M-26OCT042300-00,0.0030,8.00,no
2026-10-05T02:58:55.354473Z,KXSOL15M-26OCT042300-00,0.0020,53.00,no
2026-10-05T02:58:55.55911Z,KXSOL15M-26OCT042300-00,0.0020,41.00,no
2026-10-05T02:58:56.615767Z,KXSOL15M-26OCT042300-00,0.0020,2.00,no
2026-10-05T02:58:57.532464Z,KXSOL15M-26OCT042300-00,0.0020,5.00,no
2026-10-05T02:58:57.538766Z,KXSOL15M-26OCT042300-00,0.0020,2.00,no
2026-10-05T02:58:57.543671Z,KXSOL15M-26OCT042300-00,0.0020,2.00,no
2026-10-05T02:58:57.549028Z,KXSOL15M-26OCT042300-00,0.0020,2.00,no
2026-10-05T02:58:57.554204Z,KXSOL15M-26OCT042300-00,0.0020,2.00,no
2026-10-05T02:58:57.559531Z,KXSOL15M-26OCT042300-00,0.0020,2.00,no
2026-10-05T02:58:57.845447Z,KXSOL15M-26OCT042300-00,0.0020,22.00,no
2026-10-05T02:58:58.567352Z,KXSOL15M-26OCT042300-00,0.0020,2.00,no
2026-10-05T02:58:58.574058Z,KXSOL15M-26OCT042300-00,0.0020,2.00,no
2026-10-05T02:58:58.580851Z,KXSOL15M-26OCT042300-00,0.0020,2.00,no
2026-10-05T02:58:58.585268Z,KXSOL15M-26OCT042300-00,0.0020,2.00,no
2026-10-05T02:58:58.590866Z,KXSOL15M-26OCT042300-00,0.0020,2.00,no
2026-10-05T02:58:58.596447Z,KXSOL15M-26OCT042300-00,0.0020,2.00,no
2026-10-05T02:58:58.601964Z,KXSOL15M-26OCT042300-00,0.0020,2.00,no
2026-10-05T02:58:58.607465Z,KXSOL15M-26OCT042300-00,0.0020,2.00,no
2026-10-05T02:58:58.611903Z,KXSOL15M-26OCT042300-00,0.0020,2.00,no
2026-10-05T02:58:59.086918Z,KXSOL15M-26OCT042300-00,0.0020,0.94,no
2026-10-05T02:58:59.086918Z,KXSOL15M-26OCT042300-00,0.0020,1.06,no
2026-10-05T02:58:59.094378Z,KXSOL15M-26OCT042300-00,0.0020,2.00,no
2026-10-05T02:58:59.326644Z,KXSOL15M-26OCT042300-00,0.0020,2.00,no
2026-10-05T02:58:59.333651Z,KXSOL15M-26OCT042300-00,0.0020,2.00,no
2026-10-05T02:58:59.651825Z,KXSOL15M-26OCT042300-00,0.0020,5.00,no
2026-10-05T02:58:59.659226Z,KXSOL15M-26OCT042300-00,0.0020,2.00,no
2026-10-05T02:58:59.666247Z,KXSOL15M-26OCT042300-00,0.0020,2.00,no
2026-10-05T02:58:59.672832Z,KXSOL15M-26OCT042300-00,0.0020,2.00,no
2026-10-05T02:58:59.692244Z,KXSOL15M-26OCT042300-00,0.0020,11.00,no
2026-10-05T02:59:00.067049Z,KXSOL15M-26OCT042300-00,0.0020,1.00,no
2026-10-05T02:59:00.08586Z,KXSOL15M-26OCT042300-00,0.0020,2.00,no
2026-10-05T02:59:00.093173Z,KXSOL15M-26OCT042300-00,0.0020,2.00,no
2026-10-05T02:59:00.099771Z,KXSOL15M-26OCT042300-00,0.0020,2.00,no
2026-10-05T02:59:00.104637Z,KXSOL15M-26OCT042300-00,0.0020,2.00,no
2026-10-05T02:59:00.109129Z,KXSOL15M-26OCT042300-00,0.0020,2.00,no
2026-10-05T02:59:00.11484Z,KXSOL15M-26OCT042300-00,0.0020,2.00,no
2026-10-05T02:59:00.121415Z,KXSOL15M-26OCT042300-00,0.0020,2.00,no
2026-10-05T02:59:00.123843Z,KXSOL15M-26OCT042300-00,0.0020,3.00,no
2026-10-05T02:59:00.165436Z,KXSOL15M-26OCT042300-00,0.0020,10.00,no
2026-10-05T02:59:00.172126Z,KXSOL15M-26OCT042300-00,0.0020,5.00,no
2026-10-05T02:59:00.17792Z,KXSOL15M-26OCT042300-00,0.0020,2.00,no
2026-10-05T02:59:00.183205Z,KXSOL15M-26OCT042300-00,0.0020,2.00,no
2026-10-05T02:59:00.188156Z,KXSOL15M-26OCT042300-00,0.0020,2.00,no
2026-10-05T02:59:00.194812Z,KXSOL15M-26OCT042300-00,0.0020,2.00,no
2026-10-05T02:59:00.214927Z,KXSOL15M-26OCT042300-00,0.0020,30.00,no
2026-10-05T02:59:00.22093Z,KXSOL15M-26OCT042300-00,0.0020,19.94,no
2026-10-05T02:59:00.22093Z,KXSOL15M-26OCT042300-00,0.0020,0.06,no
2026-10-05T02:59:00.225724Z,KXSOL15M-26OCT042300-00,0.0020,0.94,no
2026-10-05T02:59:00.225724Z,KXSOL15M-26OCT042300-00,0.0020,3.00,no
2026-10-05T02:59:00.225724Z,KXSOL15M-26OCT042300-00,0.0020,6.06,no
2026-10-05T02:59:00.234014Z,KXSOL15M-26OCT042300-00,0.0020,2.06,no
2026-10-05T02:59:00.234014Z,KXSOL15M-26OCT042300-00,0.0020,1.94,no
2026-10-05T02:59:00.234014Z,KXSOL15M-26OCT042300-00,0.0020,3.00,no
2026-10-05T02:59:00.235567Z,KXSOL15M-26OCT042300-00,0.0020,25.94,no
2026-10-05T02:59:00.235567Z,KXSOL15M-26OCT042300-00,0.0020,5.00,no
2026-10-05T02:59:00.235567Z,KXSOL15M-26OCT042300-00,0.0020,1.06,no
2026-10-05T02:59:00.235567Z,KXSOL15M-26OCT042300-00,0.0020,3.00,no
2026-10-05T02:59:00.240416Z,KXSOL15M-26OCT042300-00,0.0020,5.00,no
2026-10-05T02:59:00.246652Z,KXSOL15M-26OCT042300-00,0.0020,2.00,no
2026-10-05T02:59:00.251582Z,KXSOL15M-26OCT042300-00,0.0020,2.00,no
2026-10-05T02:59:00.260755Z,KXSOL15M-26OCT042300-00,0.0020,2.00,no
2026-10-05T02:59:00.418265Z,KXSOL15M-26OCT042300-00,0.0020,2.00,no
2026-10-05T02:59:00.425719Z,KXSOL15M-26OCT042300-00,0.0020,0.94,no
2026-10-05T02:59:00.425719Z,KXSOL15M-26OCT042300-00,0.0020,1.06,no
2026-10-05T02:59:00.515104Z,KXSOL15M-26OCT042300-00,0.0020,5.00,no
2026-10-05T02:59:00.636762Z,KXSOL15M-26OCT042300-00,0.0020,3.00,no
2026-10-05T02:59:00.863437Z,KXSOL15M-26OCT042300-00,0.0020,225.95,no
2026-10-05T02:59:01.031157Z,KXSOL15M-26OCT042300-00,0.0020,265.11,no
2026-10-05T02:59:01.031157Z,KXSOL15M-26OCT042300-00,0.0020,10.00,no
2026-10-05T02:59:01.031157Z,KXSOL15M-26OCT042300-00,0.0020,3.00,no
2026-10-05T02:59:01.031157Z,KXSOL15M-26OCT042300-00,0.0010,301.89,no
2026-10-05T02:59:01.541527Z,KXSOL15M-26OCT042300-00,0.0020,10.00,yes
2026-10-05T02:59:01.963753Z,KXSOL15M-26OCT042300-00,0.0020,233.69,yes
2026-10-05T02:59:02.972107Z,KXSOL15M-26OCT042300-00,0.0010,300.00,no
2026-10-05T02:59:02.972107Z,KXSOL15M-26OCT042300-00,0.0010,200.00,no
2026-10-05T02:59:02.972107Z,KXSOL15M-26OCT042300-00,0.0010,380.89,no
2026-10-05T02:59:02.972107Z,KXSOL15M-26OCT042300-00,0.0010,198.11,no
2026-10-05T02:59:03.168168Z,KXSOL15M-26OCT042300-00,0.0010,241.00,no
2026-10-05T02:59:03.168168Z,KXSOL15M-26OCT042300-00,0.0010,1.00,no
2026-10-05T02:59:03.168168Z,KXSOL15M-26OCT042300-00,0.0010,1.00,no
2026-10-05T02:59:03.168168Z,KXSOL15M-26OCT042300-00,0.0010,75.00,no
2026-10-05T02:59:03.168168Z,KXSOL15M-26OCT042300-00,0.0010,1.00,no
2026-10-05T02:59:03.999447Z,KXSOL15M-26OCT042300-00,0.0010,22.02,no
2026-10-05T02:59:04.706298Z,KXSOL15M-26OCT042300-00,0.0020,4.00,yes
2026-10-05T02:59:05.161029Z,KXSOL15M-26OCT042300-00,0.0020,4.00,yes
2026-10-05T02:59:05.642084Z,KXSOL15M-26OCT042300-00,0.0010,38.00,no
2026-10-05T02:59:05.642084Z,KXSOL15M-26OCT042300-00,0.0010,25.00,no
2026-10-05T02:59:05.642084Z,KXSOL15M-26OCT042300-00,0.0010,40.00,no
2026-10-05T02:59:05.642084Z,KXSOL15M-26OCT042300-00,0.0010,40.44,no
2026-10-05T02:59:05.68084Z,KXSOL15M-26OCT042300-00,0.0010,4.00,yes
2026-10-05T02:59:14.731897Z,KXSOL15M-26OCT042300-00,0.0010,1.10,yes
2026-10-05T02:59:14.924481Z,KXSOL15M-26OCT042300-00,0.0010,13.41,yes
2026-10-05T02:59:28.067306Z,KXSOL15M-26OCT042300-00,0.0010,7.76,yes
2026-10-05T02:59:28.067306Z,KXSOL15M-26OCT042300-00,0.0010,5.00,yes
2026-10-05T02:59:28.067306Z,KXSOL15M-26OCT042300-00,0.0010,12.00,yes
2026-10-05T02:59:28.067306Z,KXSOL15M-26OCT042300-00,0.0010,106.00,yes
2026-10-05T02:59:28.067306Z,KXSOL15M-26OCT042300-00,0.0010,52.49,yes
2026-10-05T02:59:30.276962Z,KXSOL15M-26OCT042300-00,0.0010,1.07,yes
2026-10-05T02:59:36.850515Z,KXSOL15M-26OCT042300-00,0.0010,5.00,yes
2026-10-05T02:59:37.71579Z,KXSOL15M-26OCT042300-00,0.0010,4.00,yes
2026-10-05T02:59:52.910197Z,KXSOL15M-26OCT042300-00,0.0010,0.33,yes
2026-10-05T02:59:55.39509Z,KXSOL15M-26OCT042300-00,0.0010,14.03,yes
2026-10-05T02:57:00.317087Z,KXHYPE15M-26OCT042300-00,0.0450,1.00,no
2026-10-05T02:57:00.323798Z,KXHYPE15M-26OCT042300-00,0.0450,1.00,no
2026-10-05T02:57:00.330105Z,KXHYPE15M-26OCT042300-00,0.0440,1.00,no
2026-10-05T02:57:01.547743Z,KXHYPE15M-26OCT042300-00,0.0240,8.00,no
2026-10-05T02:57:01.547743Z,KXHYPE15M-26OCT042300-00,0.0210,7.85,no
2026-10-05T02:57:01.547743Z,KXHYPE15M-26OCT042300-00,0.0340,0.03,no
2026-10-05T02:57:01.547743Z,KXHYPE15M-26OCT042300-00,0.0330,2.00,no
2026-10-05T02:57:01.547743Z,KXHYPE15M-26OCT042300-00,0.0330,0.03,no
2026-10-05T02:57:01.547743Z,KXHYPE15M-26OCT042300-00,0.0220,20.00,no
2026-10-05T02:57:01.547743Z,KXHYPE15M-26OCT042300-00,0.0340,2.00,no
2026-10-05T02:57:01.547743Z,KXHYPE15M-26OCT042300-00,0.0270,0.03,no
2026-10-05T02:57:01.547743Z,KXHYPE15M-26OCT042300-00,0.0240,0.03,no
2026-10-05T02:57:01.547743Z,KXHYPE15M-26OCT042300-00,0.0260,0.03,no
2026-10-05T02:57:01.547743Z,KXHYPE15M-26OCT042300-00,0.0270,6.00,no
2026-10-05T02:57:01.547743Z,KXHYPE15M-26OCT042300-00,0.0260,1.00,no
2026-10-05T02:57:01.547743Z,KXHYPE15M-26OCT042300-00,0.0260,3.00,no
2026-10-05T02:57:01.823334Z,KXHYPE15M-26OCT042300-00,0.0480,0.03,yes
2026-10-05T02:57:01.823334Z,KXHYPE15M-26OCT042300-00,0.0450,20.00,yes
2026-10-05T02:57:01.823334Z,KXHYPE15M-26OCT042300-00,0.0450,27.00,yes
2026-10-05T02:57:01.823334Z,KXHYPE15M-26OCT042300-00,0.0460,0.03,yes
2026-10-05T02:57:01.823334Z,KXHYPE15M-26OCT042300-00,0.0460,1.00,yes
2026-10-05T02:57:01.823334Z,KXHYPE15M-26OCT042300-00,0.0500,11.38,yes
2026-10-05T02:57:01.823334Z,KXHYPE15M-26OCT042300-00,0.0500,1.00,yes
2026-10-05T02:57:01.823334Z,KXHYPE15M-26OCT042300-00,0.0500,0.03,yes
2026-10-05T02:57:01.823334Z,KXHYPE15M-26OCT042300-00,0.0480,8.00,yes
2026-10-05T02:57:01.823334Z,KXHYPE15M-26OCT042300-00,0.0460,29.45,yes
2026-10-05T02:57:15.28781Z,KXHYPE15M-26OCT042300-00,0.0240,1.02,yes
2026-10-05T02:57:15.607829Z,KXHYPE15M-26OCT042300-00,0.0420,8.00,yes
2026-10-05T02:57:15.607829Z,KXHYPE15M-26OCT042300-00,0.0240,2.98,yes
2026-10-05T02:57:15.607829Z,KXHYPE15M-26OCT042300-00,0.0400,1.00,yes
2026-10-05T02:57:15.607829Z,KXHYPE15M-26OCT042300-00,0.0260,2.00,yes
2026-10-05T02:57:15.607829Z,KXHYPE15M-26OCT042300-00,0.0250,2.00,yes
2026-10-05T02:57:15.607829Z,KXHYPE15M-26OCT042300-00,0.0260,0.03,yes
2026-10-05T02:57:15.607829Z,KXHYPE15M-26OCT042300-00,0.0410,23.00,yes
2026-10-05T02:57:15.607829Z,KXHYPE15M-26OCT042300-00,0.0460,60.68,yes
2026-10-05T02:57:20.831817Z,KXHYPE15M-26OCT042300-00,0.0260,1.05,yes
2026-10-05T02:57:20.881257Z,KXHYPE15M-26OCT042300-00,0.0260,0.95,yes
2026-10-05T02:57:20.881986Z,KXHYPE15M-26OCT042300-00,0.0230,7.00,no
2026-10-05T02:57:20.890518Z,KXHYPE15M-26OCT042300-00,0.0210,21.82,no
2026-10-05T02:57:20.890518Z,KXHYPE15M-26OCT042300-00,0.0210,14.15,no
2026-10-05T02:57:20.890518Z,KXHYPE15M-26OCT042300-00,0.0220,0.03,no
2026-10-05T02:57:20.890518Z,KXHYPE15M-26OCT042300-00,0.0220,25.00,no
2026-10-05T02:57:20.890518Z,KXHYPE15M-26OCT042300-00,0.0220,9.00,no
2026-10-05T02:57:20.963785Z,KXHYPE15M-26OCT042300-00,0.0210,25.18,no
2026-10-05T02:57:20.963785Z,KXHYPE15M-26OCT042300-00,0.0200,1.00,no
2026-10-05T02:57:20.963785Z,KXHYPE15M-26OCT042300-00,0.0200,10.00,no
2026-10-05T02:57:20.963785Z,KXHYPE15M-26OCT042300-00,0.0200,0.82,no
2026-10-05T02:57:20.963785Z,KXHYPE15M-26OCT042300-00,0.0230,8.00,no
2026-10-05T02:57:20.963785Z,KXHYPE15M-26OCT042300-00,0.0220,15.00,no
2026-10-05T02:57:23.218143Z,KXHYPE15M-26OCT042300-00,0.0200,0.13,no
2026-10-05T02:57:23.218143Z,KXHYPE15M-26OCT042300-00,0.0150,17.87,no
2026-10-05T02:57:24.039326Z,KXHYPE15M-26OCT042300-00,0.0220,2.00,yes
2026-10-05T02:57:24.039326Z,KXHYPE15M-26OCT042300-00,0.0210,2.00,yes
2026-10-05T02:57:24.039326Z,KXHYPE15M-26OCT042300-00,0.0250,0.15,yes
2026-10-05T02:57:24.039326Z,KXHYPE15M-26OCT042300-00,0.0220,0.03,yes
2026-10-05T02:57:24.039326Z,KXHYPE15M-26OCT042300-00,0.0210,0.03,yes
2026-10-05T02:57:24.508989Z,KXHYPE15M-26OCT042300-00,0.0290,24.18,yes
2026-10-05T02:57:24.508989Z,KXHYPE15M-26OCT042300-00,0.0250,2.00,yes
2026-10-05T02:57:24.508989Z,KXHYPE15M-26OCT042300-00,0.0240,2.00,yes
2026-10-05T02:57:24.508989Z,KXHYPE15M-26OCT042300-00,0.0240,0.03,yes
2026-10-05T02:57:24.508989Z,KXHYPE15M-26OCT042300-00,0.0240,5.00,yes
2026-10-05T02:57:24.508989Z,KXHYPE15M-26OCT042300-00,0.0250,0.03,yes
2026-10-05T02:57:26.371552Z,KXHYPE15M-26OCT042300-00,0.0130,9.57,no
2026-10-05T02:57:26.371552Z,KXHYPE15M-26OCT042300-00,0.0150,0.43,no
2026-10-05T02:57:26.540636Z,KXHYPE15M-26OCT042300-00,0.0120,5.00,no
2026-10-05T02:57:26.851089Z,KXHYPE15M-26OCT042300-00,0.0120,7.00,no
2026-10-05T02:57:26.851089Z,KXHYPE15M-26OCT042300-00,0.0120,0.03,no
2026-10-05T02:57:26.851089Z,KXHYPE15M-26OCT042300-00,0.0120,13.97,no
2026-10-05T02:57:26.922295Z,KXHYPE15M-26OCT042300-00,0.0110,10.00,no
2026-10-05T02:57:27.858505Z,KXHYPE15M-26OCT042300-00,0.0170,2.00,yes
2026-10-05T02:57:27.858505Z,KXHYPE15M-26OCT042300-00,0.0170,0.03,yes
2026-10-05T02:57:27.858505Z,KXHYPE15M-26OCT042300-00,0.0160,2.00,yes
2026-10-05T02:57:27.858505Z,KXHYPE15M-26OCT042300-00,0.0200,5.21,yes
2026-10-05T02:57:27.858505Z,KXHYPE15M-26OCT042300-00,0.0180,5.00,yes
2026-10-05T02:57:27.858505Z,KXHYPE15M-26OCT042300-00,0.0180,0.03,yes
2026-10-05T02:57:27.858505Z,KXHYPE15M-26OCT042300-00,0.0160,0.03,yes
2026-10-05T02:57:27.858505Z,KXHYPE15M-26OCT042300-00,0.0180,7.00,yes
2026-10-05T02:57:27.858505Z,KXHYPE15M-26OCT042300-00,0.0180,10.00,yes
2026-10-05T02:57:28.430986Z,KXHYPE15M-26OCT042300-00,0.0110,20.00,no
2026-10-05T02:57:28.554695Z,KXHYPE15M-26OCT042300-00,0.0110,20.00,no
2026-10-05T02:57:29.982484Z,KXHYPE15M-26OCT042300-00,0.0110,4.92,no
2026-10-05T02:57:30.294086Z,KXHYPE15M-26OCT042300-00,0.0120,2.00,yes
2026-10-05T02:57:30.294086Z,KXHYPE15M-26OCT042300-00,0.0130,2.00,yes
2026-10-05T02:57:30.294086Z,KXHYPE15M-26OCT042300-00,0.0160,3.09,yes
2026-10-05T02:57:30.294086Z,KXHYPE15M-26OCT042300-00,0.0120,0.03,yes
2026-10-05T02:57:30.294086Z,KXHYPE15M-26OCT042300-00,0.0130,0.03,yes
2026-10-05T02:57:31.018631Z,KXHYPE15M-26OCT042300-00,0.0110,80.00,no
2026-10-05T02:57:33.515918Z,KXHYPE15M-26OCT042300-00,0.0130,0.03,yes
2026-10-05T02:57:33.515918Z,KXHYPE15M-26OCT042300-00,0.0120,0.03,yes
2026-10-05T02:57:33.515918Z,KXHYPE15M-26OCT042300-00,0.0160,4.63,yes
2026-10-05T02:57:33.515918Z,KXHYPE15M-26OCT042300-00,0.0160,4.92,yes
2026-10-05T02:57:33.515918Z,KXHYPE15M-26OCT042300-00,0.0130,2.00,yes
2026-10-05T02:57:33.515918Z,KXHYPE15M-26OCT042300-00,0.0120,2.00,yes
2026-10-05T02:57:33.515918Z,KXHYPE15M-26OCT042300-00,0.0160,0.03,yes
2026-10-05T02:57:33.515918Z,KXHYPE15M-26OCT042300-00,0.0160,16.91,yes
2026-10-05T02:57:33.515918Z,KXHYPE15M-26OCT042300-00,0.0160,20.00,yes
2026-10-05T02:57:36.78281Z,KXHYPE15M-26OCT042300-00,0.0180,0.03,yes
2026-10-05T02:57:36.78281Z,KXHYPE15M-26OCT042300-00,0.0160,0.02,yes
2026-10-05T02:57:36.78281Z,KXHYPE15M-26OCT042300-00,0.0190,0.02,yes
2026-10-05T02:57:36.78281Z,KXHYPE15M-26OCT042300-00,0.0150,0.03,yes
2026-10-05T02:57:36.78281Z,KXHYPE15M-26OCT042300-00,0.0150,0.02,yes
2026-10-05T02:57:36.78281Z,KXHYPE15M-26OCT042300-00,0.0130,0.01,yes
2026-10-05T02:57:36.78281Z,KXHYPE15M-26OCT042300-00,0.0180,0.02,yes
2026-10-05T02:57:36.78281Z,KXHYPE15M-26OCT042300-00,0.0170,0.02,yes
2026-10-05T02:57:36.78281Z,KXHYPE15M-26OCT042300-00,0.0200,0.02,yes
2026-10-05T02:57:36.78281Z,KXHYPE15M-26OCT042300-00,0.0170,0.03,yes
2026-10-05T02:57:36.78281Z,KXHYPE15M-26OCT042300-00,0.0160,0.03,yes
2026-10-05T02:57:36.78281Z,KXHYPE15M-26OCT042300-00,0.0140,2.00,yes
2026-10-05T02:57:36.78281Z,KXHYPE15M-26OCT042300-00,0.0210,1.74,yes
2026-10-05T02:57:36.78281Z,KXHYPE15M-26OCT042300-00,0.0130,2.00,yes
2026-10-05T02:57:36.78281Z,KXHYPE15M-26OCT042300-00,0.0140,0.02,yes
2026-10-05T02:57:36.78281Z,KXHYPE15M-26OCT042300-00,0.0190,39.00,yes
2026-10-05T02:57:36.78281Z,KXHYPE15M-26OCT042300-00,0.0180,5.00,yes
2026-10-05T02:57:36.78281Z,KXHYPE15M-26OCT042300-00,0.0200,24.79,yes
2026-10-05T02:57:36.78281Z,KXHYPE15M-26OCT042300-00,0.0200,0.03,yes
2026-10-05T02:57:36.78281Z,KXHYPE15M-26OCT042300-00,0.0210,0.03,yes
2026-10-05T02:57:36.78281Z,KXHYPE15M-26OCT042300-00,0.0160,75.37,yes
2026-10-05T02:57:36.78281Z,KXHYPE15M-26OCT042300-00,0.0210,15.00,yes
2026-10-05T02:57:37.17768Z,KXHYPE15M-26OCT042300-00,0.0110,51.00,no
2026-10-05T02:57:37.17768Z,KXHYPE15M-26OCT042300-00,0.0100,20.00,no
2026-10-05T02:57:37.17768Z,KXHYPE15M-26OCT042300-00,0.0100,2.00,no
2026-10-05T02:57:37.17768Z,KXHYPE15M-26OCT042300-00,0.0110,1.00,no
2026-10-05T02:57:37.17768Z,KXHYPE15M-26OCT042300-00,0.0100,25.00,no
2026-10-05T02:57:37.17768Z,KXHYPE15M-26OCT042300-00,0.0100,20.00,no
2026-10-05T02:57:37.17768Z,KXHYPE15M-26OCT042300-00,0.0110,55.08,no
2026-10-05T02:57:37.17768Z,KXHYPE15M-26OCT042300-00,0.0100,10.00,no
2026-10-05T02:57:37.17768Z,KXHYPE15M-26OCT042300-00,0.0100,21.00,no
2026-10-05T02:57:37.17768Z,KXHYPE15M-26OCT042300-00,0.0110,3.09,no
2026-10-05T02:57:37.17768Z,KXHYPE15M-26OCT042300-00,0.0110,1.00,no
2026-10-05T02:57:37.17768Z,KXHYPE15M-26OCT042300-00,0.0110,75.37,no
2026-10-05T02:57:37.17768Z,KXHYPE15M-26OCT042300-00,0.0110,39.00,no
2026-10-05T02:57:37.17768Z,KXHYPE15M-26OCT042300-00,0.0110,4.63,no
2026-10-05T02:57:37.17768Z,KXHYPE15M-26OCT042300-00,0.0110,16.91,no
2026-10-05T02:57:37.17768Z,KXHYPE15M-26OCT042300-00,0.0110,4.92,no
2026-10-05T02:57:37.17768Z,KXHYPE15M-26OCT042300-00,0.0110,20.00,no
2026-10-05T02:57:37.369576Z,KXHYPE15M-26OCT042300-00,0.0100,2.00,yes
2026-10-05T02:57:37.369576Z,KXHYPE15M-26OCT042300-00,0.0110,2.00,yes
2026-10-05T02:57:37.369576Z,KXHYPE15M-26OCT042300-00,0.0100,0.03,yes
2026-10-05T02:57:37.369576Z,KXHYPE15M-26OCT042300-00,0.0110,0.03,yes
2026-10-05T02:57:37.369576Z,KXHYPE15M-26OCT042300-00,0.0120,0.01,yes
2026-10-05T02:57:37.369576Z,KXHYPE15M-26OCT042300-00,0.0110,20.00,yes
2026-10-05T02:57:37.369576Z,KXHYPE15M-26OCT042300-00,0.0110,25.00,yes
2026-10-05T02:57:37.369576Z,KXHYPE15M-26OCT042300-00,0.0150,48.00,yes
2026-10-05T02:57:37.370192Z,KXHYPE15M-26OCT042300-00,0.0160,4.00,yes
2026-10-05T02:57:38.034601Z,KXHYPE15M-26OCT042300-00,0.0110,4.00,no
2026-10-05T02:57:38.60743Z,KXHYPE15M-26OCT042300-00,0.0100,5.00,yes
2026-10-05T02:57:40.179155Z,KXHYPE15M-26OCT042300-00,0.0090,5.04,no
2026-10-05T02:57:41.217695Z,KXHYPE15M-26OCT042300-00,0.0200,23.83,yes
2026-10-05T02:57:41.217695Z,KXHYPE15M-26OCT042300-00,0.0110,0.03,yes
2026-10-05T02:57:41.217695Z,KXHYPE15M-26OCT042300-00,0.0100,0.03,yes
2026-10-05T02:57:41.217695Z,KXHYPE15M-26OCT042300-00,0.0100,30.00,yes
2026-10-05T02:57:41.217695Z,KXHYPE15M-26OCT042300-00,0.0100,5.04,yes
2026-10-05T02:57:41.217695Z,KXHYPE15M-26OCT042300-00,0.0160,4.00,yes
2026-10-05T02:57:41.217695Z,KXHYPE15M-26OCT042300-00,0.0110,2.00,yes
2026-10-05T02:57:41.217695Z,KXHYPE15M-26OCT042300-00,0.0160,0.03,yes
2026-10-05T02:57:41.217695Z,KXHYPE15M-26OCT042300-00,0.0150,0.03,yes
2026-10-05T02:57:41.217695Z,KXHYPE15M-26OCT042300-00,0.0100,2.00,yes
2026-10-05T02:57:41.217695Z,KXHYPE15M-26OCT042300-00,0.0160,3.09,yes
2026-10-05T02:57:41.217695Z,KXHYPE15M-26OCT042300-00,0.0160,4.92,yes
2026-10-05T02:57:41.217695Z,KXHYPE15M-26OCT042300-00,0.0160,75.37,yes
2026-10-05T02:57:41.217695Z,KXHYPE15M-26OCT042300-00,0.0200,0.03,yes
2026-10-05T02:57:41.217695Z,KXHYPE15M-26OCT042300-00,0.0160,4.63,yes
2026-10-05T02:57:41.217695Z,KXHYPE15M-26OCT042300-00,0.0180,0.03,yes
2026-10-05T02:57:41.217695Z,KXHYPE15M-26OCT042300-00,0.0160,20.00,yes
2026-10-05T02:57:41.217695Z,KXHYPE15M-26OCT042300-00,0.0150,48.00,yes
2026-10-05T02:57:41.217695Z,KXHYPE15M-26OCT042300-00,0.0180,10.00,yes
2026-10-05T02:57:41.217695Z,KXHYPE15M-26OCT042300-00,0.0160,16.91,yes
2026-10-05T02:57:41.217695Z,KXHYPE15M-26OCT042300-00,0.0160,51.08,yes
2026-10-05T02:57:44.287301Z,KXHYPE15M-26OCT042300-00,0.0090,7.05,no
2026-10-05T02:57:48.973998Z,KXHYPE15M-26OCT042300-00,0.0090,7.91,no
2026-10-05T02:57:48.973998Z,KXHYPE15M-26OCT042300-00,0.0090,6.68,no
2026-10-05T02:57:49.558257Z,KXHYPE15M-26OCT042300-00,0.0100,2.00,yes
2026-10-05T02:57:49.968047Z,KXHYPE15M-26OCT042300-00,0.0080,20.00,no
2026-10-05T02:57:49.968047Z,KXHYPE15M-26OCT042300-00,0.0060,20.00,no
2026-10-05T02:57:49.968047Z,KXHYPE15M-26OCT042300-00,0.0070,20.00,no
2026-10-05T02:57:49.968047Z,KXHYPE15M-26OCT042300-00,0.0080,4.00,no
2026-10-05T02:57:49.968047Z,KXHYPE15M-26OCT042300-00,0.0060,62.40,no
2026-10-05T02:57:49.968047Z,KXHYPE15M-26OCT042300-00,0.0060,0.16,no
2026-10-05T02:57:49.968047Z,KXHYPE15M-26OCT042300-00,0.0080,0.03,no
2026-10-05T02:57:49.968047Z,KXHYPE15M-26OCT042300-00,0.0090,173.32,no
2026-10-05T02:57:49.968047Z,KXHYPE15M-26OCT042300-00,0.0070,0.03,no
2026-10-05T02:57:49.968047Z,KXHYPE15M-26OCT042300-00,0.0060,0.03,no
2026-10-05T02:57:49.968047Z,KXHYPE15M-26OCT042300-00,0.0090,0.03,no
2026-10-05T02:57:51.051673Z,KXHYPE15M-26OCT042300-00,0.0070,4.47,yes
2026-10-05T02:57:53.645109Z,KXHYPE15M-26OCT042300-00,0.0050,55.25,no
2026-10-05T02:57:57.287926Z,KXHYPE15M-26OCT042300-00,0.0050,49.74,no
2026-10-05T02:58:00.82002Z,KXHYPE15M-26OCT042300-00,0.0090,11.56,yes
2026-10-05T02:58:00.82002Z,KXHYPE15M-26OCT042300-00,0.0070,15.53,yes
2026-10-05T02:58:00.82002Z,KXHYPE15M-26OCT042300-00,0.0080,20.00,yes
2026-10-05T02:58:00.82002Z,KXHYPE15M-26OCT042300-00,0.0080,0.03,yes
2026-10-05T02:58:00.82002Z,KXHYPE15M-26OCT042300-00,0.0070,0.01,yes
2026-10-05T02:58:00.82002Z,KXHYPE15M-26OCT042300-00,0.0090,0.01,yes
2026-10-05T02:58:00.82002Z,KXHYPE15M-26OCT042300-00,0.0090,0.03,yes
2026-10-05T02:58:00.82002Z,KXHYPE15M-26OCT042300-00,0.0080,0.01,yes
2026-10-05T02:58:00.82002Z,KXHYPE15M-26OCT042300-00,0.0070,0.03,yes
2026-10-05T02:58:00.82002Z,KXHYPE15M-26OCT042300-00,0.0060,2.00,yes
2026-10-05T02:58:00.82002Z,KXHYPE15M-26OCT042300-00,0.0060,0.01,yes
2026-10-05T02:58:00.82002Z,KXHYPE15M-26OCT042300-00,0.0070,2.00,yes
2026-10-05T02:58:00.82002Z,KXHYPE15M-26OCT042300-00,0.0060,5.00,yes
2026-10-05T02:58:00.82002Z,KXHYPE15M-26OCT042300-00,0.0060,0.03,yes
2026-10-05T02:58:02.710495Z,KXHYPE15M-26OCT042300-00,0.0050,5.00,no
2026-10-05T02:58:08.54236Z,KXHYPE15M-26OCT042300-00,0.0090,5.69,yes
2026-10-05T02:58:13.963044Z,KXHYPE15M-26OCT042300-00,0.0130,51.00,yes
2026-10-05T02:58:13.963044Z,KXHYPE15M-26OCT042300-00,0.0140,6.68,yes
2026-10-05T02:58:13.963044Z,KXHYPE15M-26OCT042300-00,0.0140,62.14,yes
2026-10-05T02:58:13.963044Z,KXHYPE15M-26OCT042300-00,0.0100,7.91,yes
2026-10-05T02:58:13.963044Z,KXHYPE15M-26OCT042300-00,0.0090,2.75,yes
2026-10-05T02:58:13.963044Z,KXHYPE15M-26OCT042300-00,0.0100,7.05,yes
2026-10-05T02:58:13.963044Z,KXHYPE15M-26OCT042300-00,0.0130,0.03,yes
2026-10-05T02:58:13.963044Z,KXHYPE15M-26OCT042300-00,0.0100,0.03,yes
2026-10-05T02:58:13.963044Z,KXHYPE15M-26OCT042300-00,0.0100,3.26,yes
2026-10-05T02:58:13.963044Z,KXHYPE15M-26OCT042300-00,0.0130,2.00,yes
2026-10-05T02:58:14.187817Z,KXHYPE15M-26OCT042300-00,0.0110,6.68,no
2026-10-05T02:58:14.187817Z,KXHYPE15M-26OCT042300-00,0.0110,62.14,no
2026-10-05T02:58:14.532244Z,KXHYPE15M-26OCT042300-00,0.0060,0.97,no
2026-10-05T02:58:14.532244Z,KXHYPE15M-26OCT042300-00,0.0060,0.03,no
2026-10-05T02:58:14.786417Z,KXHYPE15M-26OCT042300-00,0.0110,0.03,yes
2026-10-05T02:58:14.786417Z,KXHYPE15M-26OCT042300-00,0.0120,2.00,yes
2026-10-05T02:58:14.786417Z,KXHYPE15M-26OCT042300-00,0.0120,0.03,yes
2026-10-05T02:58:14.786417Z,KXHYPE15M-26OCT042300-00,0.0110,2.00,yes
2026-10-05T02:58:14.786417Z,KXHYPE15M-26OCT042300-00,0.0140,29.33,yes
2026-10-05T02:58:14.792065Z,KXHYPE15M-26OCT042300-00,0.0140,4.00,yes
2026-10-05T02:58:15.190057Z,KXHYPE15M-26OCT042300-00,0.0110,1.00,no
2026-10-05T02:58:15.294726Z,KXHYPE15M-26OCT042300-00,0.0110,1.00,no
2026-10-05T02:58:16.060147Z,KXHYPE15M-26OCT042300-00,0.0110,11.18,no
2026-10-05T02:58:16.259556Z,KXHYPE15M-26OCT042300-00,0.0140,5.00,yes
2026-10-05T02:58:16.316532Z,KXHYPE15M-26OCT042300-00,0.0110,2.00,no
2026-10-05T02:58:20.067985Z,KXHYPE15M-26OCT042300-00,0.0110,14.15,no
2026-10-05T02:58:20.067985Z,KXHYPE15M-26OCT042300-00,0.0110,0.85,no
2026-10-05T02:58:20.533235Z,KXHYPE15M-26OCT042300-00,0.0110,5.00,no
2026-10-05T02:58:20.533235Z,KXHYPE15M-26OCT042300-00,0.0110,3.15,no
2026-10-05T02:58:21.019086Z,KXHYPE15M-26OCT042300-00,0.0100,25.00,no
2026-10-05T02:58:27.456142Z,KXHYPE15M-26OCT042300-00,0.0070,2.00,yes
2026-10-05T02:58:27.456142Z,KXHYPE15M-26OCT042300-00,0.0080,0.03,yes
2026-10-05T02:58:27.456142Z,KXHYPE15M-26OCT042300-00,0.0080,2.00,yes
2026-10-05T02:58:27.456142Z,KXHYPE15M-26OCT042300-00,0.0130,15.08,yes
2026-10-05T02:58:27.456142Z,KXHYPE15M-26OCT042300-00,0.0130,0.03,yes
2026-10-05T02:58:28.131544Z,KXHYPE15M-26OCT042300-00,0.0060,42.00,no
2026-10-05T02:58:28.5884Z,KXHYPE15M-26OCT042300-00,0.0090,2.00,yes
2026-10-05T02:58:28.5884Z,KXHYPE15M-26OCT042300-00,0.0100,2.00,yes
2026-10-05T02:58:28.5884Z,KXHYPE15M-26OCT042300-00,0.0130,30.93,yes
2026-10-05T02:58:28.5884Z,KXHYPE15M-26OCT042300-00,0.0090,0.03,yes
2026-10-05T02:58:28.5884Z,KXHYPE15M-26OCT042300-00,0.0130,0.03,yes
2026-10-05T02:58:28.5884Z,KXHYPE15M-26OCT042300-00,0.0100,0.03,yes
2026-10-05T02:58:29.343014Z,KXHYPE15M-26OCT042300-00,0.0060,30.15,no
2026-10-05T02:58:29.952687Z,KXHYPE15M-26OCT042300-00,0.0050,84.01,no
2026-10-05T02:58:29.952687Z,KXHYPE15M-26OCT042300-00,0.0050,1.00,no
2026-10-05T02:58:29.952687Z,KXHYPE15M-26OCT042300-00,0.0030,71.90,no
2026-10-05T02:58:29.952687Z,KXHYPE15M-26OCT042300-00,0.0040,13.00,no
2026-10-05T02:58:29.952687Z,KXHYPE15M-26OCT042300-00,0.0040,1.00,no
2026-10-05T02:58:29.952687Z,KXHYPE15M-26OCT042300-00,0.0050,11.00,no
2026-10-05T02:58:29.952687Z,KXHYPE15M-26OCT042300-00,0.0040,1.00,no
2026-10-05T02:58:29.952687Z,KXHYPE15M-26OCT042300-00,0.0040,1.00,no
2026-10-05T02:58:29.952687Z,KXHYPE15M-26OCT042300-00,0.0040,1.00,no
2026-10-05T02:58:29.952687Z,KXHYPE15M-26OCT042300-00,0.0040,1.00,no
2026-10-05T02:58:29.952687Z,KXHYPE15M-26OCT042300-00,0.0050,20.00,no
2026-10-05T02:58:29.952687Z,KXHYPE15M-26OCT042300-00,0.0040,20.00,no
2026-10-05T02:58:29.952687Z,KXHYPE15M-26OCT042300-00,0.0060,30.15,no
2026-10-05T02:58:29.952687Z,KXHYPE15M-26OCT042300-00,0.0060,42.00,no
2026-10-05T02:58:29.952687Z,KXHYPE15M-26OCT042300-00,0.0050,0.03,no
2026-10-05T02:58:29.952687Z,KXHYPE15M-26OCT042300-00,0.0040,0.03,no
2026-10-05T02:58:29.952687Z,KXHYPE15M-26OCT042300-00,0.0060,0.03,no
2026-10-05T02:58:29.952687Z,KXHYPE15M-26OCT042300-00,0.0060,1.85,no
2026-10-05T02:58:30.109389Z,KXHYPE15M-26OCT042300-00,0.0030,20.00,no
2026-10-05T02:58:34.713206Z,KXHYPE15M-26OCT042300-00,0.0030,53.00,no
2026-10-05T02:58:36.861974Z,KXHYPE15M-26OCT042300-00,0.0030,1.00,no
2026-10-05T02:58:37.14416Z,KXHYPE15M-26OCT042300-00,0.0050,1.00,yes
2026-10-05T02:58:37.14416Z,KXHYPE15M-26OCT042300-00,0.0050,4.28,yes
2026-10-05T02:58:38.100059Z,KXHYPE15M-26OCT042300-00,0.0060,25.00,yes
2026-10-05T02:58:38.100059Z,KXHYPE15M-26OCT042300-00,0.0060,0.02,yes
2026-10-05T02:58:38.100059Z,KXHYPE15M-26OCT042300-00,0.0060,20.00,yes
2026-10-05T02:58:38.100059Z,KXHYPE15M-26OCT042300-00,0.0060,0.03,yes
2026-10-05T02:58:38.100059Z,KXHYPE15M-26OCT042300-00,0.0060,20.00,yes
2026-10-05T02:58:38.100059Z,KXHYPE15M-26OCT042300-00,0.0050,71.90,yes
2026-10-05T02:58:38.100059Z,KXHYPE15M-26OCT042300-00,0.0050,0.02,yes
2026-10-05T02:58:38.100059Z,KXHYPE15M-26OCT042300-00,0.0050,15.72,yes
2026-10-05T02:58:38.100059Z,KXHYPE15M-26OCT042300-00,0.0050,0.03,yes
2026-10-05T02:58:38.100059Z,KXHYPE15M-26OCT042300-00,0.0060,15.98,yes
2026-10-05T02:58:38.100059Z,KXHYPE15M-26OCT042300-00,0.0050,1.00,yes
2026-10-05T02:58:38.732693Z,KXHYPE15M-26OCT042300-00,0.0070,0.03,yes
2026-10-05T02:58:38.732693Z,KXHYPE15M-26OCT042300-00,0.0070,0.02,yes
2026-10-05T02:58:38.732693Z,KXHYPE15M-26OCT042300-00,0.0060,37.02,yes
2026-10-05T02:58:38.732693Z,KXHYPE15M-26OCT042300-00,0.0070,49.99,yes
2026-10-05T02:58:38.732693Z,KXHYPE15M-26OCT042300-00,0.0060,0.03,yes
2026-10-05T02:58:38.732693Z,KXHYPE15M-26OCT042300-00,0.0060,0.02,yes
2026-10-05T02:58:41.717384Z,KXHYPE15M-26OCT042300-00,0.0040,115.00,yes
2026-10-05T02:58:44.044605Z,KXHYPE15M-26OCT042300-00,0.0030,104.10,no
2026-10-05T02:58:44.044605Z,KXHYPE15M-26OCT042300-00,0.0030,2.00,no
2026-10-05T02:58:44.044605Z,KXHYPE15M-26OCT042300-00,0.0030,2.00,no
2026-10-05T02:58:44.044605Z,KXHYPE15M-26OCT042300-00,0.0030,2.00,no
2026-10-05T02:58:44.044605Z,KXHYPE15M-26OCT042300-00,0.0030,2.00,no
2026-10-05T02:58:44.044605Z,KXHYPE15M-26OCT042300-00,0.0030,18.00,no
2026-10-05T02:58:44.044605Z,KXHYPE15M-26OCT042300-00,0.0030,2.00,no
2026-10-05T02:58:44.044605Z,KXHYPE15M-26OCT042300-00,0.0030,20.00,no
2026-10-05T02:58:44.044605Z,KXHYPE15M-26OCT042300-00,0.0030,0.03,no
2026-10-05T02:58:44.091656Z,KXHYPE15M-26OCT042300-00,0.0040,466.15,yes
2026-10-05T02:58:44.445782Z,KXHYPE15M-26OCT042300-00,0.0020,42.00,no
2026-10-05T02:58:45.228778Z,KXHYPE15M-26OCT042300-00,0.0020,12.02,no
2026-10-05T02:58:45.258818Z,KXHYPE15M-26OCT042300-00,0.0040,79.92,yes
2026-10-05T02:58:45.258818Z,KXHYPE15M-26OCT042300-00,0.0040,1041.85,yes
2026-10-05T02:58:45.258818Z,KXHYPE15M-26OCT042300-00,0.0040,0.02,yes
2026-10-05T02:58:49.063462Z,KXHYPE15M-26OCT042300-00,0.0040,92.19,yes
2026-10-05T02:58:49.063462Z,KXHYPE15M-26OCT042300-00,0.0040,20.00,yes
2026-10-05T02:58:49.063462Z,KXHYPE15M-26OCT042300-00,0.0030,5.00,yes
2026-10-05T02:58:49.063462Z,KXHYPE15M-26OCT042300-00,0.0030,0.02,yes
2026-10-05T02:58:52.46941Z,KXHYPE15M-26OCT042300-00,0.0030,169.70,yes
2026-10-05T02:58:56.527997Z,KXHYPE15M-26OCT042300-00,0.0020,28.00,no
2026-10-05T02:58:57.707577Z,KXHYPE15M-26OCT042300-00,0.0030,311.59,yes
2026-10-05T02:58:57.885786Z,KXHYPE15M-26OCT042300-00,0.0020,10.07,no
2026-10-05T02:58:58.563586Z,KXHYPE15M-26OCT042300-00,0.0030,50.00,yes
2026-10-05T02:58:59.619058Z,KXHYPE15M-26OCT042300-00,0.0020,34.85,no
2026-10-05T02:59:00.069267Z,KXHYPE15M-26OCT042300-00,0.0020,3.00,no
2026-10-05T02:59:00.537985Z,KXHYPE15M-26OCT042300-00,0.0030,155.79,yes
2026-10-05T02:59:01.035597Z,KXHYPE15M-26OCT042300-00,0.0020,20.00,no
2026-10-05T02:59:01.035597Z,KXHYPE15M-26OCT042300-00,0.0020,19.00,no
2026-10-05T02:59:01.035597Z,KXHYPE15M-26OCT042300-00,0.0020,1.00,no
2026-10-05T02:59:01.035597Z,KXHYPE15M-26OCT042300-00,0.0020,3.00,no
2026-10-05T02:59:01.035597Z,KXHYPE15M-26OCT042300-00,0.0020,3.00,no
2026-10-05T02:59:01.035597Z,KXHYPE15M-26OCT042300-00,0.0020,26.00,no
2026-10-05T02:59:01.035597Z,KXHYPE15M-26OCT042300-00,0.0020,3.00,no
2026-10-05T02:59:01.035597Z,KXHYPE15M-26OCT042300-00,0.0020,3.00,no
2026-10-05T02:59:01.035597Z,KXHYPE15M-26OCT042300-00,0.0020,3.00,no
2026-10-05T02:59:01.035597Z,KXHYPE15M-26OCT042300-00,0.0020,400.00,no
2026-10-05T02:59:01.035597Z,KXHYPE15M-26OCT042300-00,0.0010,28.94,no
2026-10-05T02:59:01.035597Z,KXHYPE15M-26OCT042300-00,0.0020,70.06,no
2026-10-05T02:59:01.236688Z,KXHYPE15M-26OCT042300-00,0.0010,375.00,no
2026-10-05T02:59:01.774027Z,KXHYPE15M-26OCT042300-00,0.0010,6.00,no
2026-10-05T02:59:01.774027Z,KXHYPE15M-26OCT042300-00,0.0010,4.00,no
2026-10-05T02:59:01.774027Z,KXHYPE15M-26OCT042300-00,0.0010,20.00,no
2026-10-05T02:59:01.774027Z,KXHYPE15M-26OCT042300-00,0.0010,1.00,no
2026-10-05T02:59:01.774027Z,KXHYPE15M-26OCT042300-00,0.0010,1.00,no
2026-10-05T02:59:01.774027Z,KXHYPE15M-26OCT042300-00,0.0010,280.00,no
2026-10-05T02:59:01.774027Z,KXHYPE15M-26OCT042300-00,0.0010,96.06,no
2026-10-05T02:59:01.774027Z,KXHYPE15M-26OCT042300-00,0.0010,1.00,no
2026-10-05T02:59:07.455221Z,KXHYPE15M-26OCT042300-00,0.0010,4.00,yes
2026-10-05T02:59:09.534909Z,KXHYPE15M-26OCT042300-00,0.0010,1.00,yes
2026-10-05T02:59:11.586824Z,KXHYPE15M-26OCT042300-00,0.0010,280.39,yes
2026-10-05T02:57:09.02453Z,KXBTC15M-26OCT042300-00,0.0540,214.47,no
2026-10-05T02:57:09.025344Z,KXBTC15M-26OCT042300-00,0.0550,17.05,yes
2026-10-05T02:57:09.06026Z,KXBTC15M-26OCT042300-00,0.0550,33.78,yes
2026-10-05T02:57:09.06026Z,KXBTC15M-26OCT042300-00,0.0550,9.38,yes
2026-10-05T02:57:09.06026Z,KXBTC15M-26OCT042300-00,0.0550,8.00,yes
2026-10-05T02:57:09.082427Z,KXBTC15M-26OCT042300-00,0.0550,5.42,yes
2026-10-05T02:57:09.08562Z,KXBTC15M-26OCT042300-00,0.0540,0.01,no
2026-10-05T02:57:09.08562Z,KXBTC15M-26OCT042300-00,0.0540,0.01,no
2026-10-05T02:57:09.08562Z,KXBTC15M-26OCT042300-00,0.0500,26.21,no
2026-10-05T02:57:09.08562Z,KXBTC15M-26OCT042300-00,0.0500,15.00,no
2026-10-05T02:57:09.100388Z,KXBTC15M-26OCT042300-00,0.0510,9.00,no
2026-10-05T02:57:09.100388Z,KXBTC15M-26OCT042300-00,0.0500,145.64,no
2026-10-05T02:57:09.132951Z,KXBTC15M-26OCT042300-00,0.0530,34.10,yes
2026-10-05T02:57:09.165215Z,KXBTC15M-26OCT042300-00,0.0530,85.26,yes
2026-10-05T02:57:09.171408Z,KXBTC15M-26OCT042300-00,0.0510,1.54,no
2026-10-05T02:57:09.171408Z,KXBTC15M-26OCT042300-00,0.0510,0.01,no
2026-10-05T02:57:09.171408Z,KXBTC15M-26OCT042300-00,0.0520,0.01,no
2026-10-05T02:57:09.171408Z,KXBTC15M-26OCT042300-00,0.0520,0.01,no
2026-10-05T02:57:09.177971Z,KXBTC15M-26OCT042300-00,0.0530,0.01,yes
2026-10-05T02:57:09.177971Z,KXBTC15M-26OCT042300-00,0.0530,174.00,yes
2026-10-05T02:57:09.177971Z,KXBTC15M-26OCT042300-00,0.0520,70.00,yes
2026-10-05T02:57:09.177971Z,KXBTC15M-26OCT042300-00,0.0520,150.00,yes
2026-10-05T02:57:09.177971Z,KXBTC15M-26OCT042300-00,0.0520,70.00,yes
2026-10-05T02:57:09.177971Z,KXBTC15M-26OCT042300-00,0.0520,150.00,yes
2026-10-05T02:57:09.177971Z,KXBTC15M-26OCT042300-00,0.0530,200.00,yes
2026-10-05T02:57:09.177971Z,KXBTC15M-26OCT042300-00,0.0530,0.01,yes
2026-10-05T02:57:09.177971Z,KXBTC15M-26OCT042300-00,0.0520,70.00,yes
2026-10-05T02:57:09.177971Z,KXBTC15M-26OCT042300-00,0.0520,70.00,yes
2026-10-05T02:57:09.177971Z,KXBTC15M-26OCT042300-00,0.0520,150.00,yes
2026-10-05T02:57:09.177971Z,KXBTC15M-26OCT042300-00,0.0520,500.00,yes
2026-10-05T02:57:09.177971Z,KXBTC15M-26OCT042300-00,0.0530,703.62,yes
2026-10-05T02:57:09.177971Z,KXBTC15M-26OCT042300-00,0.0530,238.36,yes
2026-10-05T02:57:09.275949Z,KXBTC15M-26OCT042300-00,0.0520,0.01,yes
2026-10-05T02:57:09.275949Z,KXBTC15M-26OCT042300-00,0.0520,0.01,yes
2026-10-05T02:57:09.275949Z,KXBTC15M-26OCT042300-00,0.0520,94.05,yes
2026-10-05T02:57:09.342515Z,KXBTC15M-26OCT042300-00,0.0520,152.68,yes
2026-10-05T02:57:09.342515Z,KXBTC15M-26OCT042300-00,0.0520,154.28,yes
2026-10-05T02:57:09.35586Z,KXBTC15M-26OCT042300-00,0.0520,47.87,yes
2026-10-05T02:57:09.430965Z,KXBTC15M-26OCT042300-00,0.0520,17.05,yes
2026-10-05T02:57:09.434298Z,KXBTC15M-26OCT042300-00,0.0520,180.80,yes
2026-10-05T02:57:09.434298Z,KXBTC15M-26OCT042300-00,0.0520,89.14,yes
2026-10-05T02:57:09.464753Z,KXBTC15M-26OCT042300-00,0.0520,26.18,yes
2026-10-05T02:57:09.470446Z,KXBTC15M-26OCT042300-00,0.0520,63.13,yes
2026-10-05T02:57:09.542794Z,KXBTC15M-26OCT042300-00,0.0520,19.65,yes
2026-10-05T02:57:09.542794Z,KXBTC15M-26OCT042300-00,0.0520,21.55,yes
2026-10-05T02:57:09.557659Z,KXBTC15M-26OCT042300-00,0.0520,80.35,yes
2026-10-05T02:57:09.557659Z,KXBTC15M-26OCT042300-00,0.0520,0.01,yes
2026-10-05T02:57:09.557659Z,KXBTC15M-26OCT042300-00,0.0520,190.14,yes
2026-10-05T02:57:09.557659Z,KXBTC15M-26OCT042300-00,0.0520,0.01,yes
2026-10-05T02:57:09.637078Z,KXBTC15M-26OCT042300-00,0.0520,52.10,yes
2026-10-05T02:57:09.653272Z,KXBTC15M-26OCT042300-00,0.0510,0.01,no
2026-10-05T02:57:09.653272Z,KXBTC15M-26OCT042300-00,0.0510,1.04,no
2026-10-05T02:57:09.712549Z,KXBTC15M-26OCT042300-00,0.0520,11.05,yes
2026-10-05T02:57:09.787599Z,KXBTC15M-26OCT042300-00,0.0520,108.31,yes
2026-10-05T02:57:09.801823Z,KXBTC15M-26OCT042300-00,0.0510,1.02,no
2026-10-05T02:57:09.801828Z,KXBTC15M-26OCT042300-00,0.0520,2.16,yes
2026-10-05T02:57:09.851961Z,KXBTC15M-26OCT042300-00,0.0520,28.00,yes
2026-10-05T02:57:09.857765Z,KXBTC15M-26OCT042300-00,0.0520,90.17,yes
2026-10-05T02:57:09.883393Z,KXBTC15M-26OCT042300-00,0.0520,18.07,yes
2026-10-05T02:57:09.883393Z,KXBTC15M-26OCT042300-00,0.0520,54.06,yes
2026-10-05T02:57:09.97411Z,KXBTC15M-26OCT042300-00,0.0520,36.06,yes
2026-10-05T02:57:10.013171Z,KXBTC15M-26OCT042300-00,0.0520,68.21,yes
2026-10-05T02:57:10.018181Z,KXBTC15M-26OCT042300-00,0.0520,0.03,yes
2026-10-05T02:57:10.030003Z,KXBTC15M-26OCT042300-00,0.0520,18.03,yes
2026-10-05T02:57:10.030009Z,KXBTC15M-26OCT042300-00,0.0520,5.30,yes
2026-10-05T02:57:10.082338Z,KXBTC15M-26OCT042300-00,0.0510,0.01,no
2026-10-05T02:57:10.082338Z,KXBTC15M-26OCT042300-00,0.0510,185.74,no
2026-10-05T02:57:10.10545Z,KXBTC15M-26OCT042300-00,0.0520,9.01,yes
2026-10-05T02:57:10.122962Z,KXBTC15M-26OCT042300-00,0.0520,10.00,yes
2026-10-05T02:57:10.196352Z,KXBTC15M-26OCT042300-00,0.0520,54.10,yes
2026-10-05T02:57:10.196887Z,KXBTC15M-26OCT042300-00,0.0510,0.91,no
2026-10-05T02:57:10.229313Z,KXBTC15M-26OCT042300-00,0.0520,18.03,yes
2026-10-05T02:57:10.238816Z,KXBTC15M-26OCT042300-00,0.0520,18.03,yes
2026-10-05T02:57:10.310725Z,KXBTC15M-26OCT042300-00,0.0520,5.39,yes
2026-10-05T02:57:10.365044Z,KXBTC15M-26OCT042300-00,0.0520,18.75,yes
2026-10-05T02:57:10.374149Z,KXBTC15M-26OCT042300-00,0.0520,18.03,yes
2026-10-05T02:57:10.454153Z,KXBTC15M-26OCT042300-00,0.0510,92.39,no
2026-10-05T02:57:10.502777Z,KXBTC15M-26OCT042300-00,0.0520,34.10,yes
2026-10-05T02:57:10.528038Z,KXBTC15M-26OCT042300-00,0.0520,116.42,yes
2026-10-05T02:57:10.560301Z,KXBTC15M-26OCT042300-00,0.0520,36.06,yes
2026-10-05T02:57:10.586661Z,KXBTC15M-26OCT042300-00,0.0520,100.00,yes
2026-10-05T02:57:10.586661Z,KXBTC15M-26OCT042300-00,0.0520,62.08,yes
2026-10-05T02:57:10.586661Z,KXBTC15M-26OCT042300-00,0.0520,0.01,yes
2026-10-05T02:57:10.586661Z,KXBTC15M-26OCT042300-00,0.0520,200.00,yes
2026-10-05T02:57:10.586661Z,KXBTC15M-26OCT042300-00,0.0520,137.90,yes
2026-10-05T02:57:10.586661Z,KXBTC15M-26OCT042300-00,0.0520,0.01,yes
2026-10-05T02:57:10.620226Z,KXBTC15M-26OCT042300-00,0.0520,101.00,yes
2026-10-05T02:57:10.620226Z,KXBTC15M-26OCT042300-00,0.0520,362.10,yes
2026-10-05T02:57:10.620226Z,KXBTC15M-26OCT042300-00,0.0520,36.90,yes
2026-10-05T02:57:10.747607Z,KXBTC15M-26OCT042300-00,0.0520,18.03,yes
2026-10-05T02:57:10.780181Z,KXBTC15M-26OCT042300-00,0.0520,0.01,yes
2026-10-05T02:57:10.780181Z,KXBTC15M-26OCT042300-00,0.0520,95.07,yes
2026-10-05T02:57:10.780181Z,KXBTC15M-26OCT042300-00,0.0520,72.06,yes
2026-10-05T02:57:10.780181Z,KXBTC15M-26OCT042300-00,0.0520,0.01,yes
2026-10-05T02:57:10.845561Z,KXBTC15M-26OCT042300-00,0.0520,18.03,yes
2026-10-05T02:57:10.892808Z,KXBTC15M-26OCT042300-00,0.0520,35.96,yes
2026-10-05T02:57:10.941556Z,KXBTC15M-26OCT042300-00,0.0510,4.79,no
2026-10-05T02:57:10.976864Z,KXBTC15M-26OCT042300-00,0.0510,10.30,no
2026-10-05T02:57:10.990197Z,KXBTC15M-26OCT042300-00,0.0520,28.12,yes
2026-10-05T02:57:10.990197Z,KXBTC15M-26OCT042300-00,0.0520,73.95,yes
2026-10-05T02:57:10.994532Z,KXBTC15M-26OCT042300-00,0.0520,0.18,yes
2026-10-05T02:57:11.039927Z,KXBTC15M-26OCT042300-00,0.0510,0.01,no
2026-10-05T02:57:11.039927Z,KXBTC15M-26OCT042300-00,0.0510,6.00,no
2026-10-05T02:57:11.039927Z,KXBTC15M-26OCT042300-00,0.0510,0.01,no
2026-10-05T02:57:11.039927Z,KXBTC15M-26OCT042300-00,0.0510,28.62,no
2026-10-05T02:57:11.044419Z,KXBTC15M-26OCT042300-00,0.0520,36.06,yes
2026-10-05T02:57:11.066391Z,KXBTC15M-26OCT042300-00,0.0520,18.03,yes
2026-10-05T02:57:11.081852Z,KXBTC15M-26OCT042300-00,0.0520,41.00,yes
2026-10-05T02:57:11.101877Z,KXBTC15M-26OCT042300-00,0.0520,25.60,yes
2026-10-05T02:57:11.175801Z,KXBTC15M-26OCT042300-00,0.0510,10.49,no
2026-10-05T02:57:11.194718Z,KXBTC15M-26OCT042300-00,0.0520,90.17,yes
2026-10-05T02:57:11.256483Z,KXBTC15M-26OCT042300-00,0.0520,77.00,yes
2026-10-05T02:57:11.367374Z,KXBTC15M-26OCT042300-00,0.0520,0.01,yes
2026-10-05T02:57:11.367374Z,KXBTC15M-26OCT042300-00,0.0520,96.48,yes
2026-10-05T02:57:11.367374Z,KXBTC15M-26OCT042300-00,0.0520,0.01,yes
2026-10-05T02:57:11.367374Z,KXBTC15M-26OCT042300-00,0.0520,83.84,yes
2026-10-05T02:57:11.367475Z,KXBTC15M-26OCT042300-00,0.0520,36.06,yes
2026-10-05T02:57:11.412434Z,KXBTC15M-26OCT042300-00,0.0530,113.88,yes
2026-10-05T02:57:11.412434Z,KXBTC15M-26OCT042300-00,0.0520,0.01,yes
2026-10-05T02:57:11.412434Z,KXBTC15M-26OCT042300-00,0.0520,0.01,yes
2026-10-05T02:57:11.470542Z,KXBTC15M-26OCT042300-00,0.0520,1.00,yes
2026-10-05T02:57:11.470542Z,KXBTC15M-26OCT042300-00,0.0520,89.15,yes
2026-10-05T02:57:11.470542Z,KXBTC15M-26OCT042300-00,0.0520,0.01,yes
2026-10-05T02:57:11.470542Z,KXBTC15M-26OCT042300-00,0.0520,0.01,yes
2026-10-05T02:57:11.473488Z,KXBTC15M-26OCT042300-00,0.0520,1.06,yes
2026-10-05T02:57:11.590487Z,KXBTC15M-26OCT042300-00,0.0520,0.01,yes
2026-10-05T02:57:11.590487Z,KXBTC15M-26OCT042300-00,0.0520,0.01,yes
2026-10-05T02:57:11.590487Z,KXBTC15M-26OCT042300-00,0.0520,29.98,yes
2026-10-05T02:57:11.621785Z,KXBTC15M-26OCT042300-00,0.0520,0.01,yes
2026-10-05T02:57:11.621785Z,KXBTC15M-26OCT042300-00,0.0520,196.93,yes
2026-10-05T02:57:11.621785Z,KXBTC15M-26OCT042300-00,0.0520,0.01,yes
2026-10-05T02:57:11.651952Z,KXBTC15M-26OCT042300-00,0.0520,0.01,no
2026-10-05T02:57:11.651952Z,KXBTC15M-26OCT042300-00,0.0520,70.00,no
2026-10-05T02:57:11.651952Z,KXBTC15M-26OCT042300-00,0.0520,192.48,no
2026-10-05T02:57:11.658799Z,KXBTC15M-26OCT042300-00,0.0530,2.00,yes
2026-10-05T02:57:11.658799Z,KXBTC15M-26OCT042300-00,0.0530,2.00,yes
2026-10-05T02:57:11.658799Z,KXBTC15M-26OCT042300-00,0.0530,13.66,yes
2026-10-05T02:57:11.663171Z,KXBTC15M-26OCT042300-00,0.0520,4.56,no
2026-10-05T02:57:11.674434Z,KXBTC15M-26OCT042300-00,0.0520,2.00,no
2026-10-05T02:57:11.695304Z,KXBTC15M-26OCT042300-00,0.0520,16.03,no
2026-10-05T02:57:11.695304Z,KXBTC15M-26OCT042300-00,0.0520,0.96,no
2026-10-05T02:57:11.695304Z,KXBTC15M-26OCT042300-00,0.0520,0.01,no
2026-10-05T02:57:11.701513Z,KXBTC15M-26OCT042300-00,0.0530,9.01,yes
2026-10-05T02:57:11.719887Z,KXBTC15M-26OCT042300-00,0.0520,10.00,no
2026-10-05T02:57:11.719887Z,KXBTC15M-26OCT042300-00,0.0510,398.93,no
2026-10-05T02:57:11.719887Z,KXBTC15M-26OCT042300-00,0.0520,500.00,no
2026-10-05T02:57:11.719887Z,KXBTC15M-26OCT042300-00,0.0510,68.89,no
2026-10-05T02:57:11.719887Z,KXBTC15M-26OCT042300-00,0.0520,100.00,no
2026-10-05T02:57:11.719887Z,KXBTC15M-26OCT042300-00,0.0520,16.00,no
2026-10-05T02:57:11.719887Z,KXBTC15M-26OCT042300-00,0.0520,0.01,no
2026-10-05T02:57:11.719887Z,KXBTC15M-26OCT042300-00,0.0510,200.00,no
2026-10-05T02:57:11.719887Z,KXBTC15M-26OCT042300-00,0.0520,9.00,no
2026-10-05T02:57:11.719887Z,KXBTC15M-26OCT042300-00,0.0520,0.01,no
2026-10-05T02:57:11.719887Z,KXBTC15M-26OCT042300-00,0.0510,0.01,no
2026-10-05T02:57:11.719887Z,KXBTC15M-26OCT042300-00,0.0520,106.00,no
2026-10-05T02:57:11.719887Z,KXBTC15M-26OCT042300-00,0.0510,501.17,no
2026-10-05T02:57:11.719887Z,KXBTC15M-26OCT042300-00,0.0510,0.01,no
2026-10-05T02:57:11.719887Z,KXBTC15M-26OCT042300-00,0.0520,89.97,no
2026-10-05T02:57:11.832435Z,KXBTC15M-26OCT042300-00,0.0530,109.30,yes
2026-10-05T02:57:11.832435Z,KXBTC15M-26OCT042300-00,0.0530,1.00,yes
2026-10-05T02:57:11.832435Z,KXBTC15M-26OCT042300-00,0.0530,109.46,yes
2026-10-05T02:57:11.966136Z,KXBTC15M-26OCT042300-00,0.0530,0.01,yes
2026-10-05T02:57:11.966136Z,KXBTC15M-26OCT042300-00,0.0530,86.01,yes
2026-10-05T02:57:11.966136Z,KXBTC15M-26OCT042300-00,0.0530,90.70,yes
2026-10-05T02:57:11.966136Z,KXBTC15M-26OCT042300-00,0.0530,0.01,yes
2026-10-05T02:57:12.046738Z,KXBTC15M-26OCT042300-00,0.0530,5.36,yes
2026-10-05T02:57:12.100168Z,KXBTC15M-26OCT042300-00,0.0530,189.37,yes
2026-10-05T02:57:12.100168Z,KXBTC15M-26OCT042300-00,0.0530,10.63,yes
2026-10-05T02:57:12.106516Z,KXBTC15M-26OCT042300-00,0.0530,5.67,yes
2026-10-05T02:57:12.116038Z,KXBTC15M-26OCT042300-00,0.0530,17.69,yes
2026-10-05T02:57:12.177722Z,KXBTC15M-26OCT042300-00,0.0500,500.00,no
2026-10-05T02:57:12.177722Z,KXBTC15M-26OCT042300-00,0.0520,800.00,no
2026-10-05T02:57:12.177722Z,KXBTC15M-26OCT042300-00,0.0520,0.01,no
2026-10-05T02:57:12.177722Z,KXBTC15M-26OCT042300-00,0.0520,400.00,no
2026-10-05T02:57:12.177722Z,KXBTC15M-26OCT042300-00,0.0520,500.00,no
2026-10-05T02:57:12.177722Z,KXBTC15M-26OCT042300-00,0.0480,78.00,no
2026-10-05T02:57:12.177722Z,KXBTC15M-26OCT042300-00,0.0520,340.26,no
2026-10-05T02:57:12.177722Z,KXBTC15M-26OCT042300-00,0.0480,9.00,no
2026-10-05T02:57:12.177722Z,KXBTC15M-26OCT042300-00,0.0520,100.00,no
2026-10-05T02:57:12.177722Z,KXBTC15M-26OCT042300-00,0.0520,0.01,no
2026-10-05T02:57:12.177722Z,KXBTC15M-26OCT042300-00,0.0520,10.00,no
2026-10-05T02:57:12.177722Z,KXBTC15M-26OCT042300-00,0.0510,1000.00,no
2026-10-05T02:57:12.177722Z,KXBTC15M-26OCT042300-00,0.0500,28.15,no
2026-10-05T02:57:12.177722Z,KXBTC15M-26OCT042300-00,0.0500,100.00,no
2026-10-05T02:57:12.177722Z,KXBTC15M-26OCT042300-00,0.0470,327.46,no
2026-10-05T02:57:12.177722Z,KXBTC15M-26OCT042300-00,0.0500,5.00,no
2026-10-05T02:57:12.205006Z,KXBTC15M-26OCT042300-00,0.0530,0.01,yes
2026-10-05T02:57:12.205006Z,KXBTC15M-26OCT042300-00,0.0530,17.67,yes
2026-10-05T02:57:12.205006Z,KXBTC15M-26OCT042300-00,0.0530,0.01,yes
2026-10-05T02:57:12.257304Z,KXBTC15M-26OCT042300-00,0.0530,34.61,yes
2026-10-05T02:57:12.307867Z,KXBTC15M-26OCT042300-00,0.0530,120.43,yes
2026-10-05T02:57:12.312054Z,KXBTC15M-26OCT042300-00,0.0530,17.30,yes
2026-10-05T02:57:12.346748Z,KXBTC15M-26OCT042300-00,0.0530,34.63,yes
2026-10-05T02:57:12.346748Z,KXBTC15M-26OCT042300-00,0.0530,9.99,yes
2026-10-05T02:57:12.397757Z,KXBTC15M-26OCT042300-00,0.0530,88.36,yes
2026-10-05T02:57:12.435301Z,KXBTC15M-26OCT042300-00,0.0520,0.01,no
2026-10-05T02:57:12.435301Z,KXBTC15M-26OCT042300-00,0.0520,4.07,no
2026-10-05T02:57:12.435301Z,KXBTC15M-26OCT042300-00,0.0520,0.01,no
2026-10-05T02:57:12.491312Z,KXBTC15M-26OCT042300-00,0.0530,1.76,yes
2026-10-05T02:57:12.520086Z,KXBTC15M-26OCT042300-00,0.0530,12.76,yes
2026-10-05T02:57:12.552738Z,KXBTC15M-26OCT042300-00,0.0520,1.05,no
2026-10-05T02:57:12.581341Z,KXBTC15M-26OCT042300-00,0.0520,78.37,no
2026-10-05T02:57:12.605693Z,KXBTC15M-26OCT042300-00,0.0520,6.00,no
2026-10-05T02:57:12.623256Z,KXBTC15M-26OCT042300-00,0.0530,69.36,yes
2026-10-05T02:57:12.639824Z,KXBTC15M-26OCT042300-00,0.0530,0.01,yes
2026-10-05T02:57:12.639824Z,KXBTC15M-26OCT042300-00,0.0530,1.00,yes
2026-10-05T02:57:12.639824Z,KXBTC15M-26OCT042300-00,0.0530,0.01,yes
2026-10-05T02:57:12.639824Z,KXBTC15M-26OCT042300-00,0.0530,33.66,yes
2026-10-05T02:57:12.810934Z,KXBTC15M-26OCT042300-00,0.0520,50.00,no
2026-10-05T02:57:12.846369Z,KXBTC15M-26OCT042300-00,0.0520,1.00,no
2026-10-05T02:57:12.887088Z,KXBTC15M-26OCT042300-00,0.0530,16.34,yes
2026-10-05T02:57:12.887088Z,KXBTC15M-26OCT042300-00,0.0530,83.66,yes
2026-10-05T02:57:12.920757Z,KXBTC15M-26OCT042300-00,0.0520,1.00,no
2026-10-05T02:57:12.996986Z,KXBTC15M-26OCT042300-00,0.0520,0.01,no
2026-10-05T02:57:12.996986Z,KXBTC15M-26OCT042300-00,0.0520,48.00,no
2026-10-05T02:57:12.996986Z,KXBTC15M-26OCT042300-00,0.0520,0.01,no
2026-10-05T02:57:13.079683Z,KXBTC15M-26OCT042300-00,0.0480,0.01,no
2026-10-05T02:57:13.079683Z,KXBTC15M-26OCT042300-00,0.0480,0.01,no
2026-10-05T02:57:13.079683Z,KXBTC15M-26OCT042300-00,0.0480,3.98,no
2026-10-05T02:57:13.147084Z,KXBTC15M-26OCT042300-00,0.0490,0.01,yes
2026-10-05T02:57:13.147084Z,KXBTC15M-26OCT042300-00,0.0490,100.00,yes
2026-10-05T02:57:13.147084Z,KXBTC15M-26OCT042300-00,0.0490,60.63,yes
2026-10-05T02:57:13.147084Z,KXBTC15M-26OCT042300-00,0.0490,138.00,yes
2026-10-05T02:57:13.147084Z,KXBTC15M-26OCT042300-00,0.0490,0.01,yes
2026-10-05T02:57:13.147084Z,KXBTC15M-26OCT042300-00,0.0490,96.00,yes
2026-10-05T02:57:13.147084Z,KXBTC15M-26OCT042300-00,0.0490,226.13,yes
2026-10-05T02:57:13.156985Z,KXBTC15M-26OCT042300-00,0.0490,86.87,yes
2026-10-05T02:57:13.167113Z,KXBTC15M-26OCT042300-00,0.0490,1.00,yes
2026-10-05T02:57:13.176455Z,KXBTC15M-26OCT042300-00,0.0430,78.00,no
2026-10-05T02:57:13.176455Z,KXBTC15M-26OCT042300-00,0.0450,244.00,no
2026-10-05T02:57:13.176455Z,KXBTC15M-26OCT042300-00,0.0480,0.01,no
2026-10-05T02:57:13.176455Z,KXBTC15M-26OCT042300-00,0.0480,0.01,no
2026-10-05T02:57:13.176455Z,KXBTC15M-26OCT042300-00,0.0450,2.00,no
2026-10-05T02:57:13.176455Z,KXBTC15M-26OCT042300-00,0.0450,2.00,no
2026-10-05T02:57:13.176455Z,KXBTC15M-26OCT042300-00,0.0470,2.00,no
2026-10-05T02:57:13.176455Z,KXBTC15M-26OCT042300-00,0.0460,2.00,no
2026-10-05T02:57:13.176455Z,KXBTC15M-26OCT042300-00,0.0480,500.00,no
2026-10-05T02:57:13.176455Z,KXBTC15M-26OCT042300-00,0.0460,2.00,no
2026-10-05T02:57:13.176455Z,KXBTC15M-26OCT042300-00,0.0470,2.00,no
2026-10-05T02:57:13.176455Z,KXBTC15M-26OCT042300-00,0.0440,29.00,no
2026-10-05T02:57:13.176455Z,KXBTC15M-26OCT042300-00,0.0420,61.53,no
2026-10-05T02:57:13.176455Z,KXBTC15M-26OCT042300-00,0.0440,1047.00,no
2026-10-05T02:57:13.177509Z,KXBTC15M-26OCT042300-00,0.0480,1.10,yes
2026-10-05T02:57:13.1945Z,KXBTC15M-26OCT042300-00,0.0430,0.01,no
2026-10-05T02:57:13.1945Z,KXBTC15M-26OCT042300-00,0.0430,1.02,no
2026-10-05T02:57:13.195924Z,KXBTC15M-26OCT042300-00,0.0420,0.01,no
2026-10-05T02:57:13.195924Z,KXBTC15M-26OCT042300-00,0.0420,3.45,no
2026-10-05T02:57:13.268515Z,KXBTC15M-26OCT042300-00,0.0430,10.00,yes
2026-10-05T02:57:13.268515Z,KXBTC15M-26OCT042300-00,0.0430,216.90,yes
2026-10-05T02:57:13.268515Z,KXBTC15M-26OCT042300-00,0.0430,96.00,yes
2026-10-05T02:57:13.268515Z,KXBTC15M-26OCT042300-00,0.0440,0.01,yes
2026-10-05T02:57:13.268515Z,KXBTC15M-26OCT042300-00,0.0430,70.00,yes
2026-10-05T02:57:13.268515Z,KXBTC15M-26OCT042300-00,0.0430,70.00,yes
2026-10-05T02:57:13.268515Z,KXBTC15M-26OCT042300-00,0.0430,400.00,yes
2026-10-05T02:57:13.268515Z,KXBTC15M-26OCT042300-00,0.0430,324.00,yes
2026-10-05T02:57:13.268515Z,KXBTC15M-26OCT042300-00,0.0440,0.01,yes
2026-10-05T02:57:13.268515Z,KXBTC15M-26OCT042300-00,0.0430,2.00,yes
2026-10-05T02:57:13.268515Z,KXBTC15M-26OCT042300-00,0.0430,70.00,yes
2026-10-05T02:57:13.268515Z,KXBTC15M-26OCT042300-00,0.0430,70.00,yes
2026-10-05T02:57:13.268515Z,KXBTC15M-26OCT042300-00,0.0430,70.00,yes
2026-10-05T02:57:13.268515Z,KXBTC15M-26OCT042300-00,0.0440,2.00,yes
2026-10-05T02:57:13.268515Z,KXBTC15M-26OCT042300-00,0.0430,2.00,yes
2026-10-05T02:57:13.268515Z,KXBTC15M-26OCT042300-00,0.0430,0.01,yes
2026-10-05T02:57:13.268515Z,KXBTC15M-26OCT042300-00,0.0430,0.01,yes
2026-10-05T02:57:13.268515Z,KXBTC15M-26OCT042300-00,0.0430,183.03,yes
2026-10-05T02:57:13.268515Z,KXBTC15M-26OCT042300-00,0.0440,514.03,yes
2026-10-05T02:57:13.268515Z,KXBTC15M-26OCT042300-00,0.0440,2.00,yes
2026-10-05T02:57:13.268515Z,KXBTC15M-26OCT042300-00,0.0430,70.00,yes
2026-10-05T02:57:13.268515Z,KXBTC15M-26OCT042300-00,0.0430,70.00,yes
2026-10-05T02:57:13.268515Z,KXBTC15M-26OCT042300-00,0.0430,100.00,yes
2026-10-05T02:57:13.280855Z,KXBTC15M-26OCT042300-00,0.0430,0.01,yes
2026-10-05T02:57:13.280855Z,KXBTC15M-26OCT042300-00,0.0440,10.00,yes
2026-10-05T02:57:13.280855Z,KXBTC15M-26OCT042300-00,0.0430,10.00,yes
2026-10-05T02:57:13.280855Z,KXBTC15M-26OCT042300-00,0.0440,4.99,yes
2026-10-05T02:57:13.338562Z,KXBTC15M-26OCT042300-00,0.0430,0.01,yes
2026-10-05T02:57:13.338562Z,KXBTC15M-26OCT042300-00,0.0430,0.01,yes
2026-10-05T02:57:13.338562Z,KXBTC15M-26OCT042300-00,0.0430,79.98,yes
2026-10-05T02:57:13.338562Z,KXBTC15M-26OCT042300-00,0.0430,2.00,yes
2026-10-05T02:57:13.338562Z,KXBTC15M-26OCT042300-00,0.0430,2.00,yes
2026-10-05T02:57:13.371614Z,KXBTC15M-26OCT042300-00,0.0430,0.01,yes
2026-10-05T02:57:13.371614Z,KXBTC15M-26OCT042300-00,0.0430,0.01,yes
2026-10-05T02:57:13.371614Z,KXBTC15M-26OCT042300-00,0.0440,4.22,yes
2026-10-05T02:57:13.412041Z,KXBTC15M-26OCT042300-00,0.0420,11.97,no
2026-10-05T02:57:13.412041Z,KXBTC15M-26OCT042300-00,0.0420,0.01,no
2026-10-05T02:57:13.412041Z,KXBTC15M-26OCT042300-00,0.0420,0.01,no
2026-10-05T02:57:13.448541Z,KXBTC15M-26OCT042300-00,0.0430,0.01,yes
2026-10-05T02:57:13.448541Z,KXBTC15M-26OCT042300-00,0.0430,0.01,yes
2026-10-05T02:57:13.448541Z,KXBTC15M-26OCT042300-00,0.0430,10.63,yes
2026-10-05T02:57:13.456082Z,KXBTC15M-26OCT042300-00,0.0420,0.01,no
2026-10-05T02:57:13.456082Z,KXBTC15M-26OCT042300-00,0.0420,0.01,no
2026-10-05T02:57:13.456082Z,KXBTC15M-26OCT042300-00,0.0420,372.33,no
2026-10-05T02:57:13.456082Z,KXBTC15M-26OCT042300-00,0.0420,86.65,no
2026-10-05T02:57:13.482335Z,KXBTC15M-26OCT042300-00,0.0430,0.01,yes
2026-10-05T02:57:13.482335Z,KXBTC15M-26OCT042300-00,0.0430,0.01,yes
2026-10-05T02:57:13.482335Z,KXBTC15M-26OCT042300-00,0.0440,99.98,yes
2026-10-05T02:57:13.520787Z,KXBTC15M-26OCT042300-00,0.0440,10.00,yes
2026-10-05T02:57:13.520787Z,KXBTC15M-26OCT042300-00,0.0440,9.13,yes
2026-10-05T02:57:13.55519Z,KXBTC15M-26OCT042300-00,0.0440,15.46,yes
2026-10-05T02:57:13.581294Z,KXBTC15M-26OCT042300-00,0.0440,57.00,yes
2026-10-05T02:57:13.593147Z,KXBTC15M-26OCT042300-00,0.0440,68.41,yes
2026-10-05T02:57:13.593147Z,KXBTC15M-26OCT042300-00,0.0440,0.01,yes
2026-10-05T02:57:13.593147Z,KXBTC15M-26OCT042300-00,0.0440,83.58,yes
2026-10-05T02:57:13.60077Z,KXBTC15M-26OCT042300-00,0.0440,2.00,yes
2026-10-05T02:57:13.615337Z,KXBTC15M-26OCT042300-00,0.0430,0.01,no
2026-10-05T02:57:13.615337Z,KXBTC15M-26OCT042300-00,0.0420,19.08,no
2026-10-05T02:57:13.615337Z,KXBTC15M-26OCT042300-00,0.0430,0.01,no
2026-10-05T02:57:13.615552Z,KXBTC15M-26OCT042300-00,0.0420,10.73,no
2026-10-05T02:57:13.714512Z,KXBTC15M-26OCT042300-00,0.0430,0.01,yes
2026-10-05T02:57:13.714512Z,KXBTC15M-26OCT042300-00,0.0430,2.00,yes
2026-10-05T02:57:13.714512Z,KXBTC15M-26OCT042300-00,0.0430,93.32,yes
2026-10-05T02:57:13.749197Z,KXBTC15M-26OCT042300-00,0.0430,21.00,yes
2026-10-05T02:57:13.790555Z,KXBTC15M-26OCT042300-00,0.0420,40.00,no
2026-10-05T02:57:13.805711Z,KXBTC15M-26OCT042300-00,0.0420,40.00,no
2026-10-05T02:57:13.826117Z,KXBTC15M-26OCT042300-00,0.0430,21.79,yes
2026-10-05T02:57:13.83408Z,KXBTC15M-26OCT042300-00,0.0420,8.32,no
2026-10-05T02:57:13.854758Z,KXBTC15M-26OCT042300-00,0.0420,30.00,no
2026-10-05T02:57:13.85876Z,KXBTC15M-26OCT042300-00,0.0430,152.00,yes
2026-10-05T02:57:13.86257Z,KXBTC15M-26OCT042300-00,0.0420,60.00,no
2026-10-05T02:57:13.876206Z,KXBTC15M-26OCT042300-00,0.0420,75.00,no
2026-10-05T02:57:13.8767Z,KXBTC15M-26OCT042300-00,0.0430,112.35,yes
2026-10-05T02:57:13.894894Z,KXBTC15M-26OCT042300-00,0.0420,2.08,no
2026-10-05T02:57:13.897989Z,KXBTC15M-26OCT042300-00,0.0430,21.30,yes
2026-10-05T02:57:13.902934Z,KXBTC15M-26OCT042300-00,0.0420,25.00,no
2026-10-05T02:57:13.927636Z,KXBTC15M-26OCT042300-00,0.0420,0.01,no
2026-10-05T02:57:13.927636Z,KXBTC15M-26OCT042300-00,0.0420,231.03,no
2026-10-05T02:57:13.927636Z,KXBTC15M-26OCT042300-00,0.0420,0.01,no
2026-10-05T02:57:13.930885Z,KXBTC15M-26OCT042300-00,0.0420,57.24,no
2026-10-05T02:57:13.962297Z,KXBTC15M-26OCT042300-00,0.0420,15.00,no
2026-10-05T02:57:13.973192Z,KXBTC15M-26OCT042300-00,0.0430,21.79,yes
2026-10-05T02:57:13.987929Z,KXBTC15M-26OCT042300-00,0.0430,400.00,yes
2026-10-05T02:57:13.987929Z,KXBTC15M-26OCT042300-00,0.0430,2.00,yes
2026-10-05T02:57:13.987929Z,KXBTC15M-26OCT042300-00,0.0440,285.90,yes
2026-10-05T02:57:13.987929Z,KXBTC15M-26OCT042300-00,0.0440,236.08,yes
2026-10-05T02:57:13.987929Z,KXBTC15M-26OCT042300-00,0.0440,25.00,yes
2026-10-05T02:57:13.987929Z,KXBTC15M-26OCT042300-00,0.0440,2.00,yes
2026-10-05T02:57:13.987929Z,KXBTC15M-26OCT042300-00,0.0430,0.01,yes
2026-10-05T02:57:13.987929Z,KXBTC15M-26OCT042300-00,0.0430,200.00,yes
2026-10-05T02:57:13.987929Z,KXBTC15M-26OCT042300-00,0.0430,2.00,yes
2026-10-05T02:57:13.987929Z,KXBTC15M-26OCT042300-00,0.0430,1.00,yes
2026-10-05T02:57:13.987929Z,KXBTC15M-26OCT042300-00,0.0440,2.00,yes
2026-10-05T02:57:13.987929Z,KXBTC15M-26OCT042300-00,0.0440,200.00,yes
2026-10-05T02:57:13.987929Z,KXBTC15M-26OCT042300-00,0.0430,0.01,yes
2026-10-05T02:57:13.987929Z,KXBTC15M-26OCT042300-00,0.0440,33.00,yes
2026-10-05T02:57:14.078081Z,KXBTC15M-26OCT042300-00,0.0430,0.01,yes
2026-10-05T02:57:14.078081Z,KXBTC15M-26OCT042300-00,0.0430,0.61,yes
2026-10-05T02:57:14.078081Z,KXBTC15M-26OCT042300-00,0.0430,0.01,yes
2026-10-05T02:57:14.130833Z,KXBTC15M-26OCT042300-00,0.0420,0.01,no
2026-10-05T02:57:14.130833Z,KXBTC15M-26OCT042300-00,0.0420,0.01,no
2026-10-05T02:57:14.130833Z,KXBTC15M-26OCT042300-00,0.0420,20.79,no
2026-10-05T02:57:14.172598Z,KXBTC15M-26OCT042300-00,0.0430,10.65,yes
2026-10-05T02:57:14.173439Z,KXBTC15M-26OCT042300-00,0.0420,1.94,no
2026-10-05T02:57:14.190378Z,KXBTC15M-26OCT042300-00,0.0420,7.17,no
2026-10-05T02:57:14.205474Z,KXBTC15M-26OCT042300-00,0.0430,43.59,yes
2026-10-05T02:57:14.383461Z,KXBTC15M-26OCT042300-00,0.0410,10.00,no
2026-10-05T02:57:14.383461Z,KXBTC15M-26OCT042300-00,0.0420,500.00,no
2026-10-05T02:57:14.383461Z,KXBTC15M-26OCT042300-00,0.0420,242.83,no
2026-10-05T02:57:14.383461Z,KXBTC15M-26OCT042300-00,0.0420,0.01,no
2026-10-05T02:57:14.383461Z,KXBTC15M-26OCT042300-00,0.0420,0.01,no
2026-10-05T02:57:14.383461Z,KXBTC15M-26OCT042300-00,0.0400,690.49,no
2026-10-05T02:57:14.383461Z,KXBTC15M-26OCT042300-00,0.0400,10.00,no
2026-10-05T02:57:14.383461Z,KXBTC15M-26OCT042300-00,0.0400,789.66,no
2026-10-05T02:57:14.386611Z,KXBTC15M-26OCT042300-00,0.0420,60.00,yes
2026-10-05T02:57:14.399196Z,KXBTC15M-26OCT042300-00,0.0410,2.00,yes
2026-10-05T02:57:14.399196Z,KXBTC15M-26OCT042300-00,0.0410,2.00,yes
2026-10-05T02:57:14.399196Z,KXBTC15M-26OCT042300-00,0.0410,196.00,yes
2026-10-05T02:57:14.4013Z,KXBTC15M-26OCT042300-00,0.0410,106.30,yes
2026-10-05T02:57:14.450665Z,KXBTC15M-26OCT042300-00,0.0410,43.59,yes
2026-10-05T02:57:14.505996Z,KXBTC15M-26OCT042300-00,0.0410,1.10,yes
2026-10-05T02:57:14.552958Z,KXBTC15M-26OCT042300-00,0.0410,30.63,yes
2026-10-05T02:57:14.565415Z,KXBTC15M-26OCT042300-00,0.0410,17.43,yes
2026-10-05T02:57:14.566785Z,KXBTC15M-26OCT042300-00,0.0410,65.38,yes
2026-10-05T02:57:14.59432Z,KXBTC15M-26OCT042300-00,0.0410,21.06,yes
2026-10-05T02:57:14.599766Z,KXBTC15M-26OCT042300-00,0.0410,0.98,yes
2026-10-05T02:57:14.625992Z,KXBTC15M-26OCT042300-00,0.0410,16.21,yes
2026-10-05T02:57:14.656662Z,KXBTC15M-26OCT042300-00,0.0410,127.84,yes
2026-10-05T02:57:14.707634Z,KXBTC15M-26OCT042300-00,0.0410,862.00,yes
2026-10-05T02:57:14.754514Z,KXBTC15M-26OCT042300-00,0.0410,65.38,yes
2026-10-05T02:57:14.780016Z,KXBTC15M-26OCT042300-00,0.0410,0.16,yes
2026-10-05T02:57:14.86672Z,KXBTC15M-26OCT042300-00,0.0400,325.00,no
2026-10-05T02:57:14.888652Z,KXBTC15M-26OCT042300-00,0.0410,28.00,yes
2026-10-05T02:57:14.943954Z,KXBTC15M-26OCT042300-00,0.0410,422.10,yes
2026-10-05T02:57:14.943954Z,KXBTC15M-26OCT042300-00,0.0410,1558.94,yes
2026-10-05T02:57:14.943954Z,KXBTC15M-26OCT042300-00,0.0410,137.12,yes
2026-10-05T02:57:14.943954Z,KXBTC15M-26OCT042300-00,0.0410,13.00,yes
2026-10-05T02:57:14.954017Z,KXBTC15M-26OCT042300-00,0.0400,4.04,no
2026-10-05T02:57:14.965909Z,KXBTC15M-26OCT042300-00,0.0410,32.52,yes
2026-10-05T02:57:14.988917Z,KXBTC15M-26OCT042300-00,0.0400,5.00,no
2026-10-05T02:57:14.997437Z,KXBTC15M-26OCT042300-00,0.0400,51.93,no
2026-10-05T02:57:15.023791Z,KXBTC15M-26OCT042300-00,0.0400,62.32,no
2026-10-05T02:57:15.057922Z,KXBTC15M-26OCT042300-00,0.0400,21.14,no
2026-10-05T02:57:15.064297Z,KXBTC15M-26OCT042300-00,0.0400,60.00,no
2026-10-05T02:57:15.068771Z,KXBTC15M-26OCT042300-00,0.0410,66.97,yes
2026-10-05T02:57:15.114996Z,KXBTC15M-26OCT042300-00,0.0410,38.54,yes
2026-10-05T02:57:15.114996Z,KXBTC15M-26OCT042300-00,0.0410,7.61,yes
2026-10-05T02:57:15.132244Z,KXBTC15M-26OCT042300-00,0.0400,43.58,no
2026-10-05T02:57:15.132861Z,KXBTC15M-26OCT042300-00,0.0400,39.43,no
2026-10-05T02:57:15.14385Z,KXBTC15M-26OCT042300-00,0.0400,1.00,no
2026-10-05T02:57:15.14385Z,KXBTC15M-26OCT042300-00,0.0400,108.09,no
2026-10-05T02:57:15.14385Z,KXBTC15M-26OCT042300-00,0.0400,0.01,no
2026-10-05T02:57:15.14385Z,KXBTC15M-26OCT042300-00,0.0400,0.01,no
2026-10-05T02:57:15.14385Z,KXBTC15M-26OCT042300-00,0.0400,127.43,no
2026-10-05T02:57:15.14385Z,KXBTC15M-26OCT042300-00,0.0400,25.00,no
2026-10-05T02:57:15.14385Z,KXBTC15M-26OCT042300-00,0.0400,2.00,no
2026-10-05T02:57:15.14385Z,KXBTC15M-26OCT042300-00,0.0400,337.90,no
2026-10-05T02:57:15.148855Z,KXBTC15M-26OCT042300-00,0.0410,111.99,yes
2026-10-05T02:57:15.198925Z,KXBTC15M-26OCT042300-00,0.0400,50.00,no
2026-10-05T02:57:15.198925Z,KXBTC15M-26OCT042300-00,0.0400,7.13,no
2026-10-05T02:57:15.232551Z,KXBTC15M-26OCT042300-00,0.0400,83.10,no
2026-10-05T02:57:15.246885Z,KXBTC15M-26OCT042300-00,0.0400,3.00,no
2026-10-05T02:57:15.253832Z,KXBTC15M-26OCT042300-00,0.0400,325.00,no
2026-10-05T02:57:15.298476Z,KXBTC15M-26OCT042300-00,0.0410,0.22,yes
2026-10-05T02:57:15.299916Z,KXBTC15M-26OCT042300-00,0.0400,51.93,no
2026-10-05T02:57:15.315629Z,KXBTC15M-26OCT042300-00,0.0400,8.31,no
2026-10-05T02:57:15.326332Z,KXBTC15M-26OCT042300-00,0.0400,1354.00,no
2026-10-05T02:57:15.335321Z,KXBTC15M-26OCT042300-00,0.0400,0.01,no
2026-10-05T02:57:15.335321Z,KXBTC15M-26OCT042300-00,0.0400,0.01,no
2026-10-05T02:57:15.335321Z,KXBTC15M-26OCT042300-00,0.0390,26.01,no
2026-10-05T02:57:15.369788Z,KXBTC15M-26OCT042300-00,0.0370,1.00,no
2026-10-05T02:57:15.383239Z,KXBTC15M-26OCT042300-00,0.0370,7.29,no
2026-10-05T02:57:15.383239Z,KXBTC15M-26OCT042300-00,0.0370,0.01,no
2026-10-05T02:57:15.383239Z,KXBTC15M-26OCT042300-00,0.0370,0.01,no
2026-10-05T02:57:15.395455Z,KXBTC15M-26OCT042300-00,0.0370,517.70,no
2026-10-05T02:57:15.396065Z,KXBTC15M-26OCT042300-00,0.0380,72.91,yes
2026-10-05T02:57:15.401543Z,KXBTC15M-26OCT042300-00,0.0380,36.00,yes
2026-10-05T02:57:15.443991Z,KXBTC15M-26OCT042300-00,0.0380,131.86,yes
2026-10-05T02:57:15.443991Z,KXBTC15M-26OCT042300-00,0.0380,2.00,yes
2026-10-05T02:57:15.443991Z,KXBTC15M-26OCT042300-00,0.0380,2.00,yes
2026-10-05T02:57:15.443991Z,KXBTC15M-26OCT042300-00,0.0380,41.09,yes
2026-10-05T02:57:15.456077Z,KXBTC15M-26OCT042300-00,0.0370,47.51,no
2026-10-05T02:57:15.469196Z,KXBTC15M-26OCT042300-00,0.0380,68.56,yes
2026-10-05T02:57:15.509003Z,KXBTC15M-26OCT042300-00,0.0380,11.00,yes
2026-10-05T02:57:15.509003Z,KXBTC15M-26OCT042300-00,0.0380,0.01,yes
2026-10-05T02:57:15.509003Z,KXBTC15M-26OCT042300-00,0.0380,45.58,yes
2026-10-05T02:57:15.509003Z,KXBTC15M-26OCT042300-00,0.0380,57.68,yes
2026-10-05T02:57:15.509003Z,KXBTC15M-26OCT042300-00,0.0380,0.01,yes
2026-10-05T02:57:15.532278Z,KXBTC15M-26OCT042300-00,0.0380,167.32,yes
2026-10-05T02:57:15.532278Z,KXBTC15M-26OCT042300-00,0.0380,289.79,yes
2026-10-05T02:57:15.547247Z,KXBTC15M-26OCT042300-00,0.0380,22.85,yes
2026-10-05T02:57:15.562184Z,KXBTC15M-26OCT042300-00,0.0370,1.01,no
2026-10-05T02:57:15.562184Z,KXBTC15M-26OCT042300-00,0.0370,0.01,no
2026-10-05T02:57:15.562184Z,KXBTC15M-26OCT042300-00,0.0370,0.01,no
2026-10-05T02:57:15.590637Z,KXBTC15M-26OCT042300-00,0.0380,5.63,yes
2026-10-05T02:57:15.643005Z,KXBTC15M-26OCT042300-00,0.0380,10.00,yes
2026-10-05T02:57:15.643005Z,KXBTC15M-26OCT042300-00,0.0380,343.30,yes
2026-10-05T02:57:15.643005Z,KXBTC15M-26OCT042300-00,0.0380,15.00,yes
2026-10-05T02:57:15.643005Z,KXBTC15M-26OCT042300-00,0.0400,64.00,yes
2026-10-05T02:57:15.643005Z,KXBTC15M-26OCT042300-00,0.0400,10.00,yes
2026-10-05T02:57:15.643005Z,KXBTC15M-26OCT042300-00,0.0380,81.73,yes
2026-10-05T02:57:15.643005Z,KXBTC15M-26OCT042300-00,0.0390,200.00,yes
2026-10-05T02:57:15.643005Z,KXBTC15M-26OCT042300-00,0.0400,2.00,yes
2026-10-05T02:57:15.643005Z,KXBTC15M-26OCT042300-00,0.0380,0.01,yes
2026-10-05T02:57:15.643005Z,KXBTC15M-26OCT042300-00,0.0400,50.00,yes
2026-10-05T02:57:15.643005Z,KXBTC15M-26OCT042300-00,0.0400,30.00,yes
2026-10-05T02:57:15.643005Z,KXBTC15M-26OCT042300-00,0.0390,2.00,yes
2026-10-05T02:57:15.643005Z,KXBTC15M-26OCT042300-00,0.0400,64.00,yes
2026-10-05T02:57:15.643005Z,KXBTC15M-26OCT042300-00,0.0390,56.00,yes
2026-10-05T02:57:15.643005Z,KXBTC15M-26OCT042300-00,0.0380,0.01,yes
2026-10-05T02:57:15.643005Z,KXBTC15M-26OCT042300-00,0.0390,2.00,yes
2026-10-05T02:57:15.643005Z,KXBTC15M-26OCT042300-00,0.0380,200.00,yes
2026-10-05T02:57:15.643005Z,KXBTC15M-26OCT042300-00,0.0400,2.00,yes
2026-10-05T02:57:15.643005Z,KXBTC15M-26OCT042300-00,0.0380,500.00,yes
2026-10-05T02:57:15.678811Z,KXBTC15M-26OCT042300-00,0.0400,32.95,no
2026-10-05T02:57:15.678811Z,KXBTC15M-26OCT042300-00,0.0400,1.03,no
2026-10-05T02:57:15.678811Z,KXBTC15M-26OCT042300-00,0.0400,0.01,no
2026-10-05T02:57:15.678811Z,KXBTC15M-26OCT042300-00,0.0400,0.01,no
2026-10-05T02:57:15.706536Z,KXBTC15M-26OCT042300-00,0.0400,0.01,no
2026-10-05T02:57:15.706536Z,KXBTC15M-26OCT042300-00,0.0400,0.01,no
2026-10-05T02:57:15.706536Z,KXBTC15M-26OCT042300-00,0.0400,137.00,no
2026-10-05T02:57:15.706536Z,KXBTC15M-26OCT042300-00,0.0370,0.01,no
2026-10-05T02:57:15.706536Z,KXBTC15M-26OCT042300-00,0.0400,137.00,no
2026-10-05T02:57:15.706536Z,KXBTC15M-26OCT042300-00,0.0370,69.16,no
2026-10-05T02:57:15.706536Z,KXBTC15M-26OCT042300-00,0.0370,0.01,no
2026-10-05T02:57:15.735044Z,KXBTC15M-26OCT042300-00,0.0390,3.31,yes
2026-10-05T02:57:15.780059Z,KXBTC15M-26OCT042300-00,0.0380,0.80,yes
2026-10-05T02:57:15.780059Z,KXBTC15M-26OCT042300-00,0.0380,0.01,yes
2026-10-05T02:57:15.780059Z,KXBTC15M-26OCT042300-00,0.0380,0.01,yes
2026-10-05T02:57:15.780059Z,KXBTC15M-26OCT042300-00,0.0380,102.46,yes
2026-10-05T02:57:15.780059Z,KXBTC15M-26OCT042300-00,0.0380,11.00,yes
2026-10-05T02:57:15.780974Z,KXBTC15M-26OCT042300-00,0.0380,114.28,yes
2026-10-05T02:57:15.802942Z,KXBTC15M-26OCT042300-00,0.0380,0.01,yes
2026-10-05T02:57:15.802942Z,KXBTC15M-26OCT042300-00,0.0380,0.01,yes
2026-10-05T02:57:15.804819Z,KXBTC15M-26OCT042300-00,0.0370,23.17,no
2026-10-05T02:57:15.804819Z,KXBTC15M-26OCT042300-00,0.0370,0.01,no
2026-10-05T02:57:15.804819Z,KXBTC15M-26OCT042300-00,0.0370,0.01,no
2026-10-05T02:57:15.862068Z,KXBTC15M-26OCT042300-00,0.0380,0.01,yes
2026-10-05T02:57:15.862068Z,KXBTC15M-26OCT042300-00,0.0380,0.01,yes
2026-10-05T02:57:15.862068Z,KXBTC15M-26OCT042300-00,0.0380,1.05,yes
2026-10-05T02:57:15.931202Z,KXBTC15M-26OCT042300-00,0.0380,0.01,yes
2026-10-05T02:57:15.931202Z,KXBTC15M-26OCT042300-00,0.0380,24.63,yes
2026-10-05T02:57:15.931202Z,KXBTC15M-26OCT042300-00,0.0380,0.01,yes
2026-10-05T02:57:15.963281Z,KXBTC15M-26OCT042300-00,0.0380,0.01,yes
2026-10-05T02:57:15.963281Z,KXBTC15M-26OCT042300-00,0.0380,0.01,yes
2026-10-05T02:57:15.963281Z,KXBTC15M-26OCT042300-00,0.0380,49.29,yes
2026-10-05T02:57:15.976832Z,KXBTC15M-26OCT042300-00,0.0380,0.87,yes
2026-10-05T02:57:15.976832Z,KXBTC15M-26OCT042300-00,0.0380,0.01,yes
2026-10-05T02:57:15.976832Z,KXBTC15M-26OCT042300-00,0.0380,0.01,yes
2026-10-05T02:57:16.016503Z,KXBTC15M-26OCT042300-00,0.0370,269.29,no
2026-10-05T02:57:16.02109Z,KXBTC15M-26OCT042300-00,0.0380,105.37,yes
2026-10-05T02:57:16.02109Z,KXBTC15M-26OCT042300-00,0.0380,0.01,yes
2026-10-05T02:57:16.02109Z,KXBTC15M-26OCT042300-00,0.0380,0.01,yes
2026-10-05T02:57:16.038272Z,KXBTC15M-26OCT042300-00,0.0370,82.00,no
2026-10-05T02:57:16.056987Z,KXBTC15M-26OCT042300-00,0.0380,0.01,yes
2026-10-05T02:57:16.056987Z,KXBTC15M-26OCT042300-00,0.0380,0.01,yes
2026-10-05T02:57:16.056987Z,KXBTC15M-26OCT042300-00,0.0380,9.35,yes
2026-10-05T02:57:16.065861Z,KXBTC15M-26OCT042300-00,0.0380,19.70,yes
2026-10-05T02:57:16.091892Z,KXBTC15M-26OCT042300-00,0.0380,6.62,yes
2026-10-05T02:57:16.202736Z,KXBTC15M-26OCT042300-00,0.0380,47.83,yes
2026-10-05T02:57:16.249811Z,KXBTC15M-26OCT042300-00,0.0380,26.33,yes
2026-10-05T02:57:16.249811Z,KXBTC15M-26OCT042300-00,0.0380,316.50,yes
2026-10-05T02:57:16.271673Z,KXBTC15M-26OCT042300-00,0.0380,50.00,yes
2026-10-05T02:57:16.271673Z,KXBTC15M-26OCT042300-00,0.0380,0.01,yes
2026-10-05T02:57:16.271673Z,KXBTC15M-26OCT042300-00,0.0380,200.00,yes
2026-10-05T02:57:16.271673Z,KXBTC15M-26OCT042300-00,0.0380,100.00,yes
2026-10-05T02:57:16.271673Z,KXBTC15M-26OCT042300-00,0.0380,0.01,yes
2026-10-05T02:57:16.271673Z,KXBTC15M-26OCT042300-00,0.0380,107.09,yes
2026-10-05T02:57:16.312955Z,KXBTC15M-26OCT042300-00,0.0370,10.00,no
2026-10-05T02:57:16.312955Z,KXBTC15M-26OCT042300-00,0.0370,0.01,no
2026-10-05T02:57:16.312955Z,KXBTC15M-26OCT042300-00,0.0370,140.16,no
2026-10-05T02:57:16.312955Z,KXBTC15M-26OCT042300-00,0.0370,0.01,no
2026-10-05T02:57:16.32068Z,KXBTC15M-26OCT042300-00,0.0380,0.01,yes
2026-10-05T02:57:16.32068Z,KXBTC15M-26OCT042300-00,0.0380,0.01,yes
2026-10-05T02:57:16.32068Z,KXBTC15M-26OCT042300-00,0.0380,11.77,yes
2026-10-05T02:57:16.325695Z,KXBTC15M-26OCT042300-00,0.0380,49.31,yes
2026-10-05T02:57:16.366866Z,KXBTC15M-26OCT042300-00,0.0370,61.10,no
2026-10-05T02:57:16.370872Z,KXBTC15M-26OCT042300-00,0.0380,138.92,yes
2026-10-05T02:57:16.370872Z,KXBTC15M-26OCT042300-00,0.0380,89.61,yes
2026-10-05T02:57:16.37155Z,KXBTC15M-26OCT042300-00,0.0370,45.00,no
2026-10-05T02:57:16.382932Z,KXBTC15M-26OCT042300-00,0.0380,18.51,yes
2026-10-05T02:57:16.393017Z,KXBTC15M-26OCT042300-00,0.0370,5.00,no
2026-10-05T02:57:16.434819Z,KXBTC15M-26OCT042300-00,0.0380,56.00,yes
2026-10-05T02:57:16.440723Z,KXBTC15M-26OCT042300-00,0.0380,71.85,yes
2026-10-05T02:57:16.460454Z,KXBTC15M-26OCT042300-00,0.0380,10.82,yes
2026-10-05T02:57:16.474552Z,KXBTC15M-26OCT042300-00,0.0380,59.00,yes
2026-10-05T02:57:16.500843Z,KXBTC15M-26OCT042300-00,0.0380,24.65,yes
2026-10-05T02:57:16.543527Z,KXBTC15M-26OCT042300-00,0.0380,23.80,yes
2026-10-05T02:57:16.647128Z,KXBTC15M-26OCT042300-00,0.0370,5.19,no
2026-10-05T02:57:16.664106Z,KXBTC15M-26OCT042300-00,0.0380,199.34,yes
2026-10-05T02:57:16.664106Z,KXBTC15M-26OCT042300-00,0.0380,45.76,yes
2026-10-05T02:57:16.664106Z,KXBTC15M-26OCT042300-00,0.0380,0.01,yes
2026-10-05T02:57:16.664106Z,KXBTC15M-26OCT042300-00,0.0380,0.01,yes
2026-10-05T02:57:16.665332Z,KXBTC15M-26OCT042300-00,0.0370,5.77,no
2026-10-05T02:57:16.765896Z,KXBTC15M-26OCT042300-00,0.0370,11.25,no
2026-10-05T02:57:16.766181Z,KXBTC15M-26OCT042300-00,0.0370,11.25,no
2026-10-05T02:57:16.768677Z,KXBTC15M-26OCT042300-00,0.0370,2.00,no
2026-10-05T02:57:16.774864Z,KXBTC15M-26OCT042300-00,0.0370,19.05,no
2026-10-05T02:57:16.775161Z,KXBTC15M-26OCT042300-00,0.0370,19.05,no
2026-10-05T02:57:16.82263Z,KXBTC15M-26OCT042300-00,0.0380,192.00,yes
2026-10-05T02:57:16.82263Z,KXBTC15M-26OCT042300-00,0.0380,0.66,yes
2026-10-05T02:57:16.82263Z,KXBTC15M-26OCT042300-00,0.0380,52.52,yes
2026-10-05T02:57:16.89282Z,KXBTC15M-26OCT042300-00,0.0320,15.00,no
2026-10-05T02:57:16.89282Z,KXBTC15M-26OCT042300-00,0.0340,4.00,no
2026-10-05T02:57:16.89282Z,KXBTC15M-26OCT042300-00,0.0320,1.00,no
2026-10-05T02:57:16.89282Z,KXBTC15M-26OCT042300-00,0.0330,1.00,no
2026-10-05T02:57:16.89282Z,KXBTC15M-26OCT042300-00,0.0340,1.00,no
2026-10-05T02:57:16.89282Z,KXBTC15M-26OCT042300-00,0.0320,172.00,no
2026-10-05T02:57:16.89282Z,KXBTC15M-26OCT042300-00,0.0370,0.01,no
2026-10-05T02:57:16.89282Z,KXBTC15M-26OCT042300-00,0.0320,2.00,no
2026-10-05T02:57:16.89282Z,KXBTC15M-26OCT042300-00,0.0370,0.01,no
2026-10-05T02:57:16.89282Z,KXBTC15M-26OCT042300-00,0.0320,173.41,no
2026-10-05T02:57:16.89282Z,KXBTC15M-26OCT042300-00,0.0350,3.00,no
2026-10-05T02:57:16.94101Z,KXBTC15M-26OCT042300-00,0.0330,1.79,yes
2026-10-05T02:57:16.941427Z,KXBTC15M-26OCT042300-00,0.0320,0.01,no
2026-10-05T02:57:16.941427Z,KXBTC15M-26OCT042300-00,0.0320,0.01,no
2026-10-05T02:57:16.941427Z,KXBTC15M-26OCT042300-00,0.0320,5.17,no
2026-10-05T02:57:16.950475Z,KXBTC15M-26OCT042300-00,0.0330,5.40,yes
2026-10-05T02:57:16.984621Z,KXBTC15M-26OCT042300-00,0.0330,24.47,yes
2026-10-05T02:57:17.038045Z,KXBTC15M-26OCT042300-00,0.0330,0.01,yes
2026-10-05T02:57:17.038045Z,KXBTC15M-26OCT042300-00,0.0330,70.00,yes
2026-10-05T02:57:17.038045Z,KXBTC15M-26OCT042300-00,0.0330,118.34,yes
2026-10-05T02:57:17.038045Z,KXBTC15M-26OCT042300-00,0.0330,0.01,yes
2026-10-05T02:57:17.038045Z,KXBTC15M-26OCT042300-00,0.0330,400.00,yes
2026-10-05T02:57:17.038045Z,KXBTC15M-26OCT042300-00,0.0330,456.00,yes
2026-10-05T02:57:17.038045Z,KXBTC15M-26OCT042300-00,0.0330,0.01,yes
2026-10-05T02:57:17.038045Z,KXBTC15M-26OCT042300-00,0.0330,158.80,yes
2026-10-05T02:57:17.038045Z,KXBTC15M-26OCT042300-00,0.0330,15.00,yes
2026-10-05T02:57:17.040115Z,KXBTC15M-26OCT042300-00,0.0310,14.76,no
2026-10-05T02:57:17.040115Z,KXBTC15M-26OCT042300-00,0.0300,179.21,no
2026-10-05T02:57:17.040115Z,KXBTC15M-26OCT042300-00,0.0320,2.00,no
2026-10-05T02:57:17.040115Z,KXBTC15M-26OCT042300-00,0.0320,2.00,no
2026-10-05T02:57:17.040115Z,KXBTC15M-26OCT042300-00,0.0310,2.00,no
2026-10-05T02:57:17.040115Z,KXBTC15M-26OCT042300-00,0.0320,0.01,no
2026-10-05T02:57:17.040115Z,KXBTC15M-26OCT042300-00,0.0320,0.01,no
2026-10-05T02:57:17.040115Z,KXBTC15M-26OCT042300-00,0.0310,2.00,no
2026-10-05T02:57:17.040115Z,KXBTC15M-26OCT042300-00,0.0310,1.00,no
2026-10-05T02:57:17.043715Z,KXBTC15M-26OCT042300-00,0.0310,24.65,yes
2026-10-05T02:57:17.057966Z,KXBTC15M-26OCT042300-00,0.0310,75.35,yes
2026-10-05T02:57:17.057966Z,KXBTC15M-26OCT042300-00,0.0310,108.46,yes
2026-10-05T02:57:17.073981Z,KXBTC15M-26OCT042300-00,0.0310,4.41,yes
2026-10-05T02:57:17.090877Z,KXBTC15M-26OCT042300-00,0.0300,156.90,no
2026-10-05T02:57:17.090877Z,KXBTC15M-26OCT042300-00,0.0300,80.79,no
2026-10-05T02:57:17.090877Z,KXBTC15M-26OCT042300-00,0.0300,6.00,no
2026-10-05T02:57:17.090877Z,KXBTC15M-26OCT042300-00,0.0300,13.75,no
2026-10-05T02:57:17.105212Z,KXBTC15M-26OCT042300-00,0.0310,24.65,yes
2026-10-05T02:57:17.112407Z,KXBTC15M-26OCT042300-00,0.0310,20.98,yes
2026-10-05T02:57:17.137177Z,KXBTC15M-26OCT042300-00,0.0310,141.89,yes
2026-10-05T02:57:17.137177Z,KXBTC15M-26OCT042300-00,0.0310,0.01,yes
2026-10-05T02:57:17.137177Z,KXBTC15M-26OCT042300-00,0.0310,0.01,yes
2026-10-05T02:57:17.137177Z,KXBTC15M-26OCT042300-00,0.0310,104.64,yes
2026-10-05T02:57:17.140079Z,KXBTC15M-26OCT042300-00,0.0300,10.14,no
2026-10-05T02:57:17.184091Z,KXBTC15M-26OCT042300-00,0.0310,0.01,yes
2026-10-05T02:57:17.184091Z,KXBTC15M-26OCT042300-00,0.0310,69.45,yes
2026-10-05T02:57:17.184091Z,KXBTC15M-26OCT042300-00,0.0310,0.01,yes
2026-10-05T02:57:17.206713Z,KXBTC15M-26OCT042300-00,0.0300,182.70,no
2026-10-05T02:57:17.223137Z,KXBTC15M-26OCT042300-00,0.0310,5.84,yes
2026-10-05T02:57:17.244519Z,KXBTC15M-26OCT042300-00,0.0310,58.79,yes
2026-10-05T02:57:17.245026Z,KXBTC15M-26OCT042300-00,0.0310,112.68,yes
2026-10-05T02:57:17.247267Z,KXBTC15M-26OCT042300-00,0.0310,2.46,yes
2026-10-05T02:57:17.282197Z,KXBTC15M-26OCT042300-00,0.0300,309.98,no
2026-10-05T02:57:17.283777Z,KXBTC15M-26OCT042300-00,0.0310,0.01,yes
2026-10-05T02:57:17.283777Z,KXBTC15M-26OCT042300-00,0.0310,2.17,yes
2026-10-05T02:57:17.345548Z,KXBTC15M-26OCT042300-00,0.0300,10.00,no
2026-10-05T02:57:17.355536Z,KXBTC15M-26OCT042300-00,0.0300,55.00,no
2026-10-05T02:57:17.359013Z,KXBTC15M-26OCT042300-00,0.0300,10.00,no
2026-10-05T02:57:17.440258Z,KXBTC15M-26OCT042300-00,0.0310,0.01,yes
2026-10-05T02:57:17.440258Z,KXBTC15M-26OCT042300-00,0.0310,0.01,yes
2026-10-05T02:57:17.440258Z,KXBTC15M-26OCT042300-00,0.0310,397.83,yes
2026-10-05T02:57:17.463886Z,KXBTC15M-26OCT042300-00,0.0310,49.30,yes
2026-10-05T02:57:17.489392Z,KXBTC15M-26OCT042300-00,0.0310,3.00,yes
2026-10-05T02:57:17.516216Z,KXBTC15M-26OCT042300-00,0.0310,0.01,yes
2026-10-05T02:57:17.516216Z,KXBTC15M-26OCT042300-00,0.0310,0.01,yes
2026-10-05T02:57:17.516216Z,KXBTC15M-26OCT042300-00,0.0310,97.70,yes
2026-10-05T02:57:17.550292Z,KXBTC15M-26OCT042300-00,0.0310,25.31,yes
2026-10-05T02:57:17.550292Z,KXBTC15M-26OCT042300-00,0.0310,0.01,yes
2026-10-05T02:57:17.566525Z,KXBTC15M-26OCT042300-00,0.0310,5.00,yes
2026-10-05T02:57:17.576149Z,KXBTC15M-26OCT042300-00,0.0310,26.48,yes
2026-10-05T02:57:17.613481Z,KXBTC15M-26OCT042300-00,0.0310,90.62,yes
2026-10-05T02:57:17.654674Z,KXBTC15M-26OCT042300-00,0.0310,400.00,yes
2026-10-05T02:57:17.654674Z,KXBTC15M-26OCT042300-00,0.0310,2.59,yes
2026-10-05T02:57:17.69327Z,KXBTC15M-26OCT042300-00,0.0320,28.99,yes
2026-10-05T02:57:17.735395Z,KXBTC15M-26OCT042300-00,0.0310,22.11,no
2026-10-05T02:57:17.79629Z,KXBTC15M-26OCT042300-00,0.0320,3.00,yes
2026-10-05T02:57:17.812169Z,KXBTC15M-26OCT042300-00,0.0310,5.14,no
2026-10-05T02:57:17.817648Z,KXBTC15M-26OCT042300-00,0.0320,159.49,yes
2026-10-05T02:57:17.817648Z,KXBTC15M-26OCT042300-00,0.0320,18.01,yes
2026-10-05T02:57:17.817648Z,KXBTC15M-26OCT042300-00,0.0320,150.00,yes
2026-10-05T02:57:17.818108Z,KXBTC15M-26OCT042300-00,0.0320,1.17,yes
2026-10-05T02:57:17.829765Z,KXBTC15M-26OCT042300-00,0.0320,5.91,yes
2026-10-05T02:57:17.882035Z,KXBTC15M-26OCT042300-00,0.0310,4.86,no
2026-10-05T02:57:17.882035Z,KXBTC15M-26OCT042300-00,0.0310,2.39,no
2026-10-05T02:57:17.92595Z,KXBTC15M-26OCT042300-00,0.0310,0.01,no
2026-10-05T02:57:17.92595Z,KXBTC15M-26OCT042300-00,0.0310,0.01,no
2026-10-05T02:57:17.92595Z,KXBTC15M-26OCT042300-00,0.0310,72.34,no
2026-10-05T02:57:17.996273Z,KXBTC15M-26OCT042300-00,0.0310,24.61,no
2026-10-05T02:57:17.996273Z,KXBTC15M-26OCT042300-00,0.0310,12.66,no
2026-10-05T02:57:17.996465Z,KXBTC15M-26OCT042300-00,0.0320,139.73,yes
2026-10-05T02:57:17.996465Z,KXBTC15M-26OCT042300-00,0.0320,150.00,yes
2026-10-05T02:57:18.001655Z,KXBTC15M-26OCT042300-00,0.0320,3.12,yes
2026-10-05T02:57:18.002329Z,KXBTC15M-26OCT042300-00,0.0320,31.78,yes
2026-10-05T02:57:18.009844Z,KXBTC15M-26OCT042300-00,0.0320,5.43,yes
2026-10-05T02:57:18.035981Z,KXBTC15M-26OCT042300-00,0.0320,0.01,yes
2026-10-05T02:57:18.035981Z,KXBTC15M-26OCT042300-00,0.0330,1.11,yes
2026-10-05T02:57:18.035981Z,KXBTC15M-26OCT042300-00,0.0320,0.01,yes
2026-10-05T02:57:18.060281Z,KXBTC15M-26OCT042300-00,0.0320,0.01,no
2026-10-05T02:57:18.060281Z,KXBTC15M-26OCT042300-00,0.0320,0.01,no
2026-10-05T02:57:18.060281Z,KXBTC15M-26OCT042300-00,0.0320,10.00,no
2026-10-05T02:57:18.080594Z,KXBTC15M-26OCT042300-00,0.0320,3.41,yes
2026-10-05T02:57:18.104814Z,KXBTC15M-26OCT042300-00,0.0320,14.39,yes
2026-10-05T02:57:18.125492Z,KXBTC15M-26OCT042300-00,0.0320,2.00,yes
2026-10-05T02:57:18.141031Z,KXBTC15M-26OCT042300-00,0.0310,50.00,no
2026-10-05T02:57:18.141798Z,KXBTC15M-26OCT042300-00,0.0320,60.18,yes
2026-10-05T02:57:18.141798Z,KXBTC15M-26OCT042300-00,0.0320,40.60,yes
2026-10-05T02:57:18.141798Z,KXBTC15M-26OCT042300-00,0.0320,150.00,yes
2026-10-05T02:57:18.141798Z,KXBTC15M-26OCT042300-00,0.0320,70.00,yes
2026-10-05T02:57:18.17126Z,KXBTC15M-26OCT042300-00,0.0310,77.23,no
2026-10-05T02:57:18.217262Z,KXBTC15M-26OCT042300-00,0.0320,2.93,yes
2026-10-05T02:57:18.217262Z,KXBTC15M-26OCT042300-00,0.0320,0.01,yes
2026-10-05T02:57:18.217262Z,KXBTC15M-26OCT042300-00,0.0320,0.01,yes
2026-10-05T02:57:18.259373Z,KXBTC15M-26OCT042300-00,0.0320,400.00,yes
2026-10-05T02:57:18.259373Z,KXBTC15M-26OCT042300-00,0.0320,147.07,yes
2026-10-05T02:57:18.264284Z,KXBTC15M-26OCT042300-00,0.0340,100.00,yes
2026-10-05T02:57:18.270937Z,KXBTC15M-26OCT042300-00,0.0340,165.79,yes
2026-10-05T02:57:18.270937Z,KXBTC15M-26OCT042300-00,0.0340,500.00,yes
2026-10-05T02:57:18.273109Z,KXBTC15M-26OCT042300-00,0.0350,11.00,yes
2026-10-05T02:57:18.273109Z,KXBTC15M-26OCT042300-00,0.0370,5.04,yes
2026-10-05T02:57:18.273109Z,KXBTC15M-26OCT042300-00,0.0370,11.00,yes
2026-10-05T02:57:18.296624Z,KXBTC15M-26OCT042300-00,0.0350,70.00,no
2026-10-05T02:57:18.296624Z,KXBTC15M-26OCT042300-00,0.0350,15.00,no
2026-10-05T02:57:18.296624Z,KXBTC15M-26OCT042300-00,0.0350,6.40,no
2026-10-05T02:57:18.296624Z,KXBTC15M-26OCT042300-00,0.0350,0.01,no
2026-10-05T02:57:18.303211Z,KXBTC15M-26OCT042300-00,0.0360,9.05,yes
2026-10-05T02:57:18.341103Z,KXBTC15M-26OCT042300-00,0.0360,0.01,yes
2026-10-05T02:57:18.341103Z,KXBTC15M-26OCT042300-00,0.0360,123.26,yes
2026-10-05T02:57:18.398506Z,KXBTC15M-26OCT042300-00,0.0380,37.54,yes
2026-10-05T02:57:18.40312Z,KXBTC15M-26OCT042300-00,0.0370,70.00,no
2026-10-05T02:57:18.40312Z,KXBTC15M-26OCT042300-00,0.0370,67.51,no
2026-10-05T02:57:18.40312Z,KXBTC15M-26OCT042300-00,0.0370,70.00,no
2026-10-05T02:57:18.40312Z,KXBTC15M-26OCT042300-00,0.0370,70.00,no
2026-10-05T02:57:18.40312Z,KXBTC15M-26OCT042300-00,0.0370,70.00,no
2026-10-05T02:57:18.449432Z,KXBTC15M-26OCT042300-00,0.0370,0.01,no
2026-10-05T02:57:18.449432Z,KXBTC15M-26OCT042300-00,0.0370,0.01,no
2026-10-05T02:57:18.449432Z,KXBTC15M-26OCT042300-00,0.0370,0.98,no
2026-10-05T02:57:18.462634Z,KXBTC15M-26OCT042300-00,0.0370,67.19,no
2026-10-05T02:57:18.481709Z,KXBTC15M-26OCT042300-00,0.0370,18.17,no
2026-10-05T02:57:18.481709Z,KXBTC15M-26OCT042300-00,0.0370,31.83,no
2026-10-05T02:57:18.487183Z,KXBTC15M-26OCT042300-00,0.0370,425.83,no
2026-10-05T02:57:18.487183Z,KXBTC15M-26OCT042300-00,0.0370,400.00,no
2026-10-05T02:57:18.487183Z,KXBTC15M-26OCT042300-00,0.0370,0.01,no
2026-10-05T02:57:18.487183Z,KXBTC15M-26OCT042300-00,0.0370,0.01,no
2026-10-05T02:57:18.505341Z,KXBTC15M-26OCT042300-00,0.0350,23.00,no
2026-10-05T02:57:18.506009Z,KXBTC15M-26OCT042300-00,0.0350,151.15,no
2026-10-05T02:57:18.527327Z,KXBTC15M-26OCT042300-00,0.0350,1.16,yes
2026-10-05T02:57:18.538057Z,KXBTC15M-26OCT042300-00,0.0330,176.43,no
2026-10-05T02:57:18.551661Z,KXBTC15M-26OCT042300-00,0.0330,6.13,no
2026-10-05T02:57:18.56254Z,KXBTC15M-26OCT042300-00,0.0300,17.50,no
2026-10-05T02:57:18.56254Z,KXBTC15M-26OCT042300-00,0.0300,200.00,no
2026-10-05T02:57:18.56254Z,KXBTC15M-26OCT042300-00,0.0330,0.01,no
2026-10-05T02:57:18.56254Z,KXBTC15M-26OCT042300-00,0.0330,0.01,no
2026-10-05T02:57:18.568347Z,KXBTC15M-26OCT042300-00,0.0310,5.14,no
2026-10-05T02:57:18.573372Z,KXBTC15M-26OCT042300-00,0.0310,117.06,yes
2026-10-05T02:57:18.595637Z,KXBTC15M-26OCT042300-00,0.0300,34.00,no
2026-10-05T02:57:18.615896Z,KXBTC15M-26OCT042300-00,0.0300,60.54,no
2026-10-05T02:57:18.62104Z,KXBTC15M-26OCT042300-00,0.0310,0.01,yes
2026-10-05T02:57:18.631446Z,KXBTC15M-26OCT042300-00,0.0310,32.93,yes
2026-10-05T02:57:18.631446Z,KXBTC15M-26OCT042300-00,0.0310,70.00,yes
2026-10-05T02:57:18.631446Z,KXBTC15M-26OCT042300-00,0.0310,70.00,yes
2026-10-05T02:57:18.631446Z,KXBTC15M-26OCT042300-00,0.0310,21.88,yes
2026-10-05T02:57:18.631446Z,KXBTC15M-26OCT042300-00,0.0310,70.00,yes
2026-10-05T02:57:18.631446Z,KXBTC15M-26OCT042300-00,0.0310,70.00,yes
2026-10-05T02:57:18.678698Z,KXBTC15M-26OCT042300-00,0.0310,39.81,yes
2026-10-05T02:57:18.716983Z,KXBTC15M-26OCT042300-00,0.0310,1.23,yes
2026-10-05T02:57:18.724578Z,KXBTC15M-26OCT042300-00,0.0310,2.27,yes
2026-10-05T02:57:18.769715Z,KXBTC15M-26OCT042300-00,0.0310,23.00,yes
2026-10-05T02:57:18.769715Z,KXBTC15M-26OCT042300-00,0.0310,150.00,yes
2026-10-05T02:57:18.769715Z,KXBTC15M-26OCT042300-00,0.0310,0.01,yes
2026-10-05T02:57:18.769715Z,KXBTC15M-26OCT042300-00,0.0310,118.69,yes
2026-10-05T02:57:18.769715Z,KXBTC15M-26OCT042300-00,0.0310,0.01,yes
2026-10-05T02:57:18.769715Z,KXBTC15M-26OCT042300-00,0.0310,253.32,yes
2026-10-05T02:57:18.770136Z,KXBTC15M-26OCT042300-00,0.0320,43.71,yes
2026-10-05T02:57:18.775769Z,KXBTC15M-26OCT042300-00,0.0340,3.00,yes
2026-10-05T02:57:18.78616Z,KXBTC15M-26OCT042300-00,0.0340,26.02,yes
2026-10-05T02:57:18.791506Z,KXBTC15M-26OCT042300-00,0.0330,133.00,no
2026-10-05T02:57:18.832302Z,KXBTC15M-26OCT042300-00,0.0330,5.17,no
2026-10-05T02:57:18.847682Z,KXBTC15M-26OCT042300-00,0.0340,11.00,yes
2026-10-05T02:57:18.847682Z,KXBTC15M-26OCT042300-00,0.0340,3.29,yes
2026-10-05T02:57:18.847682Z,KXBTC15M-26OCT042300-00,0.0340,42.98,yes
2026-10-05T02:57:18.847682Z,KXBTC15M-26OCT042300-00,0.0340,66.00,yes
2026-10-05T02:57:18.883736Z,KXBTC15M-26OCT042300-00,0.0330,0.10,no
2026-10-05T02:57:18.934386Z,KXBTC15M-26OCT042300-00,0.0330,0.01,no
2026-10-05T02:57:18.934386Z,KXBTC15M-26OCT042300-00,0.0330,0.01,no
2026-10-05T02:57:18.934386Z,KXBTC15M-26OCT042300-00,0.0330,1.99,no
2026-10-05T02:57:18.96541Z,KXBTC15M-26OCT042300-00,0.0340,0.01,yes
2026-10-05T02:57:18.96541Z,KXBTC15M-26OCT042300-00,0.0340,38.71,yes
2026-10-05T02:57:18.96541Z,KXBTC15M-26OCT042300-00,0.0340,0.01,yes
2026-10-05T02:57:18.96541Z,KXBTC15M-26OCT042300-00,0.0340,52.27,yes
2026-10-05T02:57:19.000986Z,KXBTC15M-26OCT042300-00,0.0330,4.00,no
2026-10-05T02:57:19.076608Z,KXBTC15M-26OCT042300-00,0.0330,20.00,no
2026-10-05T02:57:19.077871Z,KXBTC15M-26OCT042300-00,0.0330,2.58,no
2026-10-05T02:57:19.083218Z,KXBTC15M-26OCT042300-00,0.0340,123.27,yes
2026-10-05T02:57:19.108553Z,KXBTC15M-26OCT042300-00,0.0330,3.65,no
2026-10-05T02:57:19.127798Z,KXBTC15M-26OCT042300-00,0.0330,333.28,no
2026-10-05T02:57:19.144694Z,KXBTC15M-26OCT042300-00,0.0330,0.01,no
2026-10-05T02:57:19.144694Z,KXBTC15M-26OCT042300-00,0.0330,0.01,no
2026-10-05T02:57:19.144694Z,KXBTC15M-26OCT042300-00,0.0330,1.00,no
2026-10-05T02:57:19.176544Z,KXBTC15M-26OCT042300-00,0.0340,2.40,yes
2026-10-05T02:57:19.260149Z,KXBTC15M-26OCT042300-00,0.0340,13.22,yes
2026-10-05T02:57:19.296768Z,KXBTC15M-26OCT042300-00,0.0330,20.00,no
2026-10-05T02:57:19.317723Z,KXBTC15M-26OCT042300-00,0.0340,130.11,yes
2026-10-05T02:57:19.359815Z,KXBTC15M-26OCT042300-00,0.0310,8.21,no
2026-10-05T02:57:19.359815Z,KXBTC15M-26OCT042300-00,0.0330,0.01,no
2026-10-05T02:57:19.359815Z,KXBTC15M-26OCT042300-00,0.0330,0.01,no
2026-10-05T02:57:19.381951Z,KXBTC15M-26OCT042300-00,0.0310,44.13,no
2026-10-05T02:57:19.381951Z,KXBTC15M-26OCT042300-00,0.0310,43.79,no
2026-10-05T02:57:19.381951Z,KXBTC15M-26OCT042300-00,0.0320,0.01,no
2026-10-05T02:57:19.381951Z,KXBTC15M-26OCT042300-00,0.0320,0.01,no
2026-10-05T02:57:19.381951Z,KXBTC15M-26OCT042300-00,0.0320,377.26,no
2026-10-05T02:57:19.384383Z,KXBTC15M-26OCT042300-00,0.0310,4.12,no
2026-10-05T02:57:19.400192Z,KXBTC15M-26OCT042300-00,0.0320,1.11,yes
2026-10-05T02:57:19.413026Z,KXBTC15M-26OCT042300-00,0.0310,80.00,no
2026-10-05T02:57:19.473481Z,KXBTC15M-26OCT042300-00,0.0320,43.32,yes
2026-10-05T02:57:19.551429Z,KXBTC15M-26OCT042300-00,0.0320,91.39,yes
2026-10-05T02:57:19.551429Z,KXBTC15M-26OCT042300-00,0.0320,105.57,yes
2026-10-05T02:57:19.604311Z,KXBTC15M-26OCT042300-00,0.0320,5.77,yes
2026-10-05T02:57:19.611842Z,KXBTC15M-26OCT042300-00,0.0320,1.35,yes
2026-10-05T02:57:19.653457Z,KXBTC15M-26OCT042300-00,0.0320,1.06,yes
2026-10-05T02:57:19.814056Z,KXBTC15M-26OCT042300-00,0.0320,55.09,yes
2026-10-05T02:57:19.8193Z,KXBTC15M-26OCT042300-00,0.0320,82.64,yes
2026-10-05T02:57:19.820404Z,KXBTC15M-26OCT042300-00,0.0320,15.95,yes
2026-10-05T02:57:19.826929Z,KXBTC15M-26OCT042300-00,0.0320,0.01,yes
2026-10-05T02:57:19.826929Z,KXBTC15M-26OCT042300-00,0.0320,0.01,yes
2026-10-05T02:57:19.826929Z,KXBTC15M-26OCT042300-00,0.0320,4.17,yes
2026-10-05T02:57:19.836467Z,KXBTC15M-26OCT042300-00,0.0320,137.74,yes
2026-10-05T02:57:19.875558Z,KXBTC15M-26OCT042300-00,0.0320,21.25,yes
2026-10-05T02:57:19.958886Z,KXBTC15M-26OCT042300-00,0.0320,267.83,yes
2026-10-05T02:57:19.958886Z,KXBTC15M-26OCT042300-00,0.0320,36.84,yes
2026-10-05T02:57:19.958886Z,KXBTC15M-26OCT042300-00,0.0320,114.00,yes
2026-10-05T02:57:19.958886Z,KXBTC15M-26OCT042300-00,0.0320,0.01,yes
2026-10-05T02:57:19.958886Z,KXBTC15M-26OCT042300-00,0.0320,0.01,yes
2026-10-05T02:57:19.965885Z,KXBTC15M-26OCT042300-00,0.0320,60.75,no
2026-10-05T02:57:20.043478Z,KXBTC15M-26OCT042300-00,0.0330,82.95,no
2026-10-05T02:57:20.043478Z,KXBTC15M-26OCT042300-00,0.0330,166.00,no
2026-10-05T02:57:20.043478Z,KXBTC15M-26OCT042300-00,0.0330,0.01,no
2026-10-05T02:57:20.043478Z,KXBTC15M-26OCT042300-00,0.0330,200.00,no
2026-10-05T02:57:20.043478Z,KXBTC15M-26OCT042300-00,0.0330,0.01,no
2026-10-05T02:57:20.081893Z,KXBTC15M-26OCT042300-00,0.0330,33.22,no
2026-10-05T02:57:20.09706Z,KXBTC15M-26OCT042300-00,0.0330,284.96,no
2026-10-05T02:57:20.105426Z,KXBTC15M-26OCT042300-00,0.0330,200.00,no
2026-10-05T02:57:20.105426Z,KXBTC15M-26OCT042300-00,0.0330,0.01,no
2026-10-05T02:57:20.105426Z,KXBTC15M-26OCT042300-00,0.0330,0.01,no
2026-10-05T02:57:20.105426Z,KXBTC15M-26OCT042300-00,0.0330,44.85,no
2026-10-05T02:57:20.105426Z,KXBTC15M-26OCT042300-00,0.0330,1.00,no
2026-10-05T02:57:20.137056Z,KXBTC15M-26OCT042300-00,0.0330,9.97,no
2026-10-05T02:57:20.226451Z,KXBTC15M-26OCT042300-00,0.0340,31.97,yes
2026-10-05T02:57:20.226451Z,KXBTC15M-26OCT042300-00,0.0340,11.00,yes
2026-10-05T02:57:20.226451Z,KXBTC15M-26OCT042300-00,0.0340,50.00,yes
2026-10-05T02:57:20.226451Z,KXBTC15M-26OCT042300-00,0.0340,90.00,yes
2026-10-05T02:57:20.226451Z,KXBTC15M-26OCT042300-00,0.0340,11.00,yes
2026-10-05T02:57:20.230162Z,KXBTC15M-26OCT042300-00,0.0340,0.85,yes
2026-10-05T02:57:20.267476Z,KXBTC15M-26OCT042300-00,0.0330,0.01,no
2026-10-05T02:57:20.267476Z,KXBTC15M-26OCT042300-00,0.0330,0.01,no
2026-10-05T02:57:20.267476Z,KXBTC15M-26OCT042300-00,0.0330,3.72,no
2026-10-05T02:57:20.328572Z,KXBTC15M-26OCT042300-00,0.0330,50.00,yes
2026-10-05T02:57:20.358701Z,KXBTC15M-26OCT042300-00,0.0330,1.37,yes
2026-10-05T02:57:20.379723Z,KXBTC15M-26OCT042300-00,0.0330,13.77,yes
2026-10-05T02:57:20.393996Z,KXBTC15M-26OCT042300-00,0.0330,1.00,yes
2026-10-05T02:57:20.403139Z,KXBTC15M-26OCT042300-00,0.0330,0.01,yes
2026-10-05T02:57:20.403139Z,KXBTC15M-26OCT042300-00,0.0340,16.12,yes
2026-10-05T02:57:20.403139Z,KXBTC15M-26OCT042300-00,0.0330,0.01,yes
2026-10-05T02:57:20.403139Z,KXBTC15M-26OCT042300-00,0.0330,83.86,yes
2026-10-05T02:57:20.403558Z,KXBTC15M-26OCT042300-00,0.0340,1.00,yes
2026-10-05T02:57:20.403558Z,KXBTC15M-26OCT042300-00,0.0340,424.00,yes
2026-10-05T02:57:20.403558Z,KXBTC15M-26OCT042300-00,0.0340,11.00,yes
2026-10-05T02:57:20.403558Z,KXBTC15M-26OCT042300-00,0.0340,33.88,yes
2026-10-05T02:57:20.403558Z,KXBTC15M-26OCT042300-00,0.0340,150.00,yes
2026-10-05T02:57:20.403558Z,KXBTC15M-26OCT042300-00,0.0340,37.12,yes
2026-10-05T02:57:20.410066Z,KXBTC15M-26OCT042300-00,0.0320,88.47,no
2026-10-05T02:57:20.500096Z,KXBTC15M-26OCT042300-00,0.0320,217.38,no
2026-10-05T02:57:20.509302Z,KXBTC15M-26OCT042300-00,0.0320,7.63,no
2026-10-05T02:57:20.671107Z,KXBTC15M-26OCT042300-00,0.0330,0.01,yes
2026-10-05T02:57:20.671107Z,KXBTC15M-26OCT042300-00,0.0330,28.37,yes
2026-10-05T02:57:20.678804Z,KXBTC15M-26OCT042300-00,0.0330,105.00,yes
2026-10-05T02:57:20.692475Z,KXBTC15M-26OCT042300-00,0.0330,125.27,yes
2026-10-05T02:57:20.692475Z,KXBTC15M-26OCT042300-00,0.0330,0.01,yes
2026-10-05T02:57:20.692475Z,KXBTC15M-26OCT042300-00,0.0330,16.63,yes
2026-10-05T02:57:20.725142Z,KXBTC15M-26OCT042300-00,0.0330,5.41,yes
2026-10-05T02:57:20.772106Z,KXBTC15M-26OCT042300-00,0.0320,0.01,no
2026-10-05T02:57:20.772106Z,KXBTC15M-26OCT042300-00,0.0320,0.01,no
2026-10-05T02:57:20.772106Z,KXBTC15M-26OCT042300-00,0.0320,1.00,no
2026-10-05T02:57:20.772106Z,KXBTC15M-26OCT042300-00,0.0320,398.41,no
2026-10-05T02:57:20.777613Z,KXBTC15M-26OCT042300-00,0.0310,2.47,no
2026-10-05T02:57:20.778024Z,KXBTC15M-26OCT042300-00,0.0310,2.43,no
2026-10-05T02:57:20.778187Z,KXBTC15M-26OCT042300-00,0.0310,94.90,no
2026-10-05T02:57:20.778187Z,KXBTC15M-26OCT042300-00,0.0310,5.10,no
2026-10-05T02:57:20.778491Z,KXBTC15M-26OCT042300-00,0.0300,7.65,no
2026-10-05T02:57:20.78292Z,KXBTC15M-26OCT042300-00,0.0300,1.14,no
2026-10-05T02:57:20.784557Z,KXBTC15M-26OCT042300-00,0.0300,18.63,no
2026-10-05T02:57:20.843349Z,KXBTC15M-26OCT042300-00,0.0310,28.38,yes
2026-10-05T02:57:20.887114Z,KXBTC15M-26OCT042300-00,0.0310,25.00,yes
2026-10-05T02:57:20.932141Z,KXBTC15M-26OCT042300-00,0.0310,56.76,yes
2026-10-05T02:57:20.936937Z,KXBTC15M-26OCT042300-00,0.0300,2.95,no
2026-10-05T02:57:20.936937Z,KXBTC15M-26OCT042300-00,0.0300,25.00,no
2026-10-05T02:57:20.936937Z,KXBTC15M-26OCT042300-00,0.0300,6.66,no
2026-10-05T02:57:20.936937Z,KXBTC15M-26OCT042300-00,0.0300,60.54,no
2026-10-05T02:57:20.936937Z,KXBTC15M-26OCT042300-00,0.0300,5.85,no
2026-10-05T02:57:20.940193Z,KXBTC15M-26OCT042300-00,0.0310,39.86,yes
2026-10-05T02:57:20.940193Z,KXBTC15M-26OCT042300-00,0.0310,0.01,yes
2026-10-05T02:57:20.940193Z,KXBTC15M-26OCT042300-00,0.0310,100.19,yes
2026-10-05T02:57:20.940193Z,KXBTC15M-26OCT042300-00,0.0310,0.01,yes
2026-10-05T02:57:21.010255Z,KXBTC15M-26OCT042300-00,0.0310,16.04,yes
2026-10-05T02:57:21.085155Z,KXBTC15M-26OCT042300-00,0.0310,1.76,yes
2026-10-05T02:57:21.187239Z,KXBTC15M-26OCT042300-00,0.0300,29.34,no
2026-10-05T02:57:21.187239Z,KXBTC15M-26OCT042300-00,0.0300,6.66,no
2026-10-05T02:57:21.284476Z,KXBTC15M-26OCT042300-00,0.0300,91.62,no
2026-10-05T02:57:21.284476Z,KXBTC15M-26OCT042300-00,0.0300,84.56,no
2026-10-05T02:57:21.319298Z,KXBTC15M-26OCT042300-00,0.0310,31.30,yes
2026-10-05T02:57:21.327599Z,KXBTC15M-26OCT042300-00,0.0310,28.38,yes
2026-10-05T02:57:21.363141Z,KXBTC15M-26OCT042300-00,0.0310,5.30,yes
2026-10-05T02:57:21.378813Z,KXBTC15M-26OCT042300-00,0.0310,1.05,yes
2026-10-05T02:57:21.474324Z,KXBTC15M-26OCT042300-00,0.0310,60.41,yes
2026-10-05T02:57:21.493242Z,KXBTC15M-26OCT042300-00,0.0310,31.57,yes
2026-10-05T02:57:21.493242Z,KXBTC15M-26OCT042300-00,0.0310,28.84,yes
2026-10-05T02:57:21.572861Z,KXBTC15M-26OCT042300-00,0.0310,97.84,yes
2026-10-05T02:57:21.580077Z,KXBTC15M-26OCT042300-00,0.0310,1.76,yes
2026-10-05T02:57:21.644786Z,KXBTC15M-26OCT042300-00,0.0310,30.20,yes
2026-10-05T02:57:21.646706Z,KXBTC15M-26OCT042300-00,0.0310,3.92,yes
2026-10-05T02:57:21.647601Z,KXBTC15M-26OCT042300-00,0.0300,70.70,no
2026-10-05T02:57:21.686502Z,KXBTC15M-26OCT042300-00,0.0310,9.06,yes
2026-10-05T02:57:21.710741Z,KXBTC15M-26OCT042300-00,0.0310,30.20,yes
2026-10-05T02:57:21.722764Z,KXBTC15M-26OCT042300-00,0.0300,31.89,no
2026-10-05T02:57:21.738427Z,KXBTC15M-26OCT042300-00,0.0310,48.00,yes
2026-10-05T02:57:21.750002Z,KXBTC15M-26OCT042300-00,0.0310,138.35,yes
2026-10-05T02:57:21.776405Z,KXBTC15M-26OCT042300-00,0.0310,19.41,yes
2026-10-05T02:57:21.833588Z,KXBTC15M-26OCT042300-00,0.0310,30.20,yes
2026-10-05T02:57:21.847355Z,KXBTC15M-26OCT042300-00,0.0300,9.20,no
2026-10-05T02:57:21.886497Z,KXBTC15M-26OCT042300-00,0.0300,246.37,no
2026-10-05T02:57:21.922817Z,KXBTC15M-26OCT042300-00,0.0310,0.08,yes
2026-10-05T02:57:21.922817Z,KXBTC15M-26OCT042300-00,0.0310,0.80,yes
2026-10-05T02:57:21.947153Z,KXBTC15M-26OCT042300-00,0.0300,588.31,no
2026-10-05T02:57:21.953089Z,KXBTC15M-26OCT042300-00,0.0300,1.02,no
2026-10-05T02:57:21.996702Z,KXBTC15M-26OCT042300-00,0.0310,30.20,yes
2026-10-05T02:57:21.999845Z,KXBTC15M-26OCT042300-00,0.0310,23.20,yes
2026-10-05T02:57:22.034683Z,KXBTC15M-26OCT042300-00,0.0310,153.28,yes
2026-10-05T02:57:22.04865Z,KXBTC15M-26OCT042300-00,0.0310,30.20,yes
2026-10-05T02:57:22.133276Z,KXBTC15M-26OCT042300-00,0.0310,7.41,yes
2026-10-05T02:57:22.155075Z,KXBTC15M-26OCT042300-00,0.0300,61.72,no
2026-10-05T02:57:22.195746Z,KXBTC15M-26OCT042300-00,0.0310,30.20,yes
2026-10-05T02:57:22.261305Z,KXBTC15M-26OCT042300-00,0.0310,21.00,yes
2026-10-05T02:57:22.271619Z,KXBTC15M-26OCT042300-00,0.0310,22.17,yes
2026-10-05T02:57:22.271619Z,KXBTC15M-26OCT042300-00,0.0310,104.43,yes
2026-10-05T02:57:22.293Z,KXBTC15M-26OCT042300-00,0.0300,564.29,no
2026-10-05T02:57:22.311019Z,KXBTC15M-26OCT042300-00,0.0310,157.83,yes
2026-10-05T02:57:22.311019Z,KXBTC15M-26OCT042300-00,0.0310,14.03,yes
2026-10-05T02:57:22.321219Z,KXBTC15M-26OCT042300-00,0.0300,5.14,no
2026-10-05T02:57:22.342338Z,KXBTC15M-26OCT042300-00,0.0310,30.20,yes
2026-10-05T02:57:22.346164Z,KXBTC15M-26OCT042300-00,0.0300,329.74,no
2026-10-05T02:57:22.346164Z,KXBTC15M-26OCT042300-00,0.0300,150.00,no
2026-10-05T02:57:22.346164Z,KXBTC15M-26OCT042300-00,0.0300,50.00,no
2026-10-05T02:57:22.346164Z,KXBTC15M-26OCT042300-00,0.0300,0.01,no
2026-10-05T02:57:22.346164Z,KXBTC15M-26OCT042300-00,0.0300,292.25,no
2026-10-05T02:57:22.346164Z,KXBTC15M-26OCT042300-00,0.0300,0.01,no
2026-10-05T02:57:22.346164Z,KXBTC15M-26OCT042300-00,0.0300,1.00,no
2026-10-05T02:57:22.412483Z,KXBTC15M-26OCT042300-00,0.0310,245.36,yes
2026-10-05T02:57:22.414296Z,KXBTC15M-26OCT042300-00,0.0300,2.01,no
2026-10-05T02:57:22.415293Z,KXBTC15M-26OCT042300-00,0.0310,46.55,yes
2026-10-05T02:57:22.415293Z,KXBTC15M-26OCT042300-00,0.0310,7.52,yes
2026-10-05T02:57:22.416926Z,KXBTC15M-26OCT042300-00,0.0310,6.96,yes
2026-10-05T02:57:22.416926Z,KXBTC15M-26OCT042300-00,0.0310,53.45,yes
2026-10-05T02:57:22.442871Z,KXBTC15M-26OCT042300-00,0.0300,15.43,no
2026-10-05T02:57:22.461162Z,KXBTC15M-26OCT042300-00,0.0310,26.04,yes
2026-10-05T02:57:22.461162Z,KXBTC15M-26OCT042300-00,0.0310,0.01,yes
2026-10-05T02:57:22.461162Z,KXBTC15M-26OCT042300-00,0.0310,12.00,yes
2026-10-05T02:57:22.461162Z,KXBTC15M-26OCT042300-00,0.0310,150.00,yes
2026-10-05T02:57:22.461162Z,KXBTC15M-26OCT042300-00,0.0310,0.01,yes
2026-10-05T02:57:22.461162Z,KXBTC15M-26OCT042300-00,0.0310,100.00,yes
2026-10-05T02:57:22.461162Z,KXBTC15M-26OCT042300-00,0.0310,34.70,yes
2026-10-05T02:57:22.461162Z,KXBTC15M-26OCT042300-00,0.0310,178.00,yes
2026-10-05T02:57:22.461162Z,KXBTC15M-26OCT042300-00,0.0310,40.00,yes
2026-10-05T02:57:22.461162Z,KXBTC15M-26OCT042300-00,0.0310,3.00,yes
2026-10-05T02:57:22.484078Z,KXBTC15M-26OCT042300-00,0.0310,9.60,yes
2026-10-05T02:57:22.528519Z,KXBTC15M-26OCT042300-00,0.0310,185.70,yes
2026-10-05T02:57:22.557549Z,KXBTC15M-26OCT042300-00,0.0310,62.63,yes
2026-10-05T02:57:22.595877Z,KXBTC15M-26OCT042300-00,0.0300,60.21,no
2026-10-05T02:57:22.617692Z,KXBTC15M-26OCT042300-00,0.0310,30.20,yes
2026-10-05T02:57:22.619051Z,KXBTC15M-26OCT042300-00,0.0300,91.77,no
2026-10-05T02:57:22.656524Z,KXBTC15M-26OCT042300-00,0.0310,13.29,yes
2026-10-05T02:57:22.657232Z,KXBTC15M-26OCT042300-00,0.0310,12.83,yes
2026-10-05T02:57:22.670381Z,KXBTC15M-26OCT042300-00,0.0310,30.20,yes
2026-10-05T02:57:22.700697Z,KXBTC15M-26OCT042300-00,0.0310,60.41,yes
2026-10-05T02:57:22.712888Z,KXBTC15M-26OCT042300-00,0.0310,120.83,yes
2026-10-05T02:57:22.744491Z,KXBTC15M-26OCT042300-00,0.0310,10.00,yes
2026-10-05T02:57:22.801842Z,KXBTC15M-26OCT042300-00,0.0300,10.00,no
2026-10-05T02:57:22.818638Z,KXBTC15M-26OCT042300-00,0.0310,103.31,yes
2026-10-05T02:57:22.860593Z,KXBTC15M-26OCT042300-00,0.0310,3.77,yes
2026-10-05T02:57:22.883192Z,KXBTC15M-26OCT042300-00,0.0300,1.01,no
2026-10-05T02:57:22.883192Z,KXBTC15M-26OCT042300-00,0.0300,0.01,no
2026-10-05T02:57:22.929445Z,KXBTC15M-26OCT042300-00,0.0310,2098.14,yes
2026-10-05T02:57:22.946848Z,KXBTC15M-26OCT042300-00,0.0310,72.51,yes
2026-10-05T02:57:22.953375Z,KXBTC15M-26OCT042300-00,0.0310,21.96,yes
2026-10-05T02:57:22.956727Z,KXBTC15M-26OCT042300-00,0.0300,1.00,no
2026-10-05T02:57:22.980546Z,KXBTC15M-26OCT042300-00,0.0310,500.00,yes
2026-10-05T02:57:22.980546Z,KXBTC15M-26OCT042300-00,0.0310,33.91,yes
2026-10-05T02:57:22.980546Z,KXBTC15M-26OCT042300-00,0.0310,129.92,yes
2026-10-05T02:57:22.980797Z,KXBTC15M-26OCT042300-00,0.0300,25.00,no
2026-10-05T02:57:22.99709Z,KXBTC15M-26OCT042300-00,0.0300,10.28,no
2026-10-05T02:57:23.038819Z,KXBTC15M-26OCT042300-00,0.0310,50.00,yes
2026-10-05T02:57:23.038819Z,KXBTC15M-26OCT042300-00,0.0310,2.00,yes
2026-10-05T02:57:23.038819Z,KXBTC15M-26OCT042300-00,0.0310,90.00,yes
2026-10-05T02:57:23.038819Z,KXBTC15M-26OCT042300-00,0.0310,79.72,yes
2026-10-05T02:57:23.038819Z,KXBTC15M-26OCT042300-00,0.0310,6.09,yes
2026-10-05T02:57:23.121635Z,KXBTC15M-26OCT042300-00,0.0310,0.73,yes
2026-10-05T02:57:23.148215Z,KXBTC15M-26OCT042300-00,0.0300,39.09,no
2026-10-05T02:57:23.17595Z,KXBTC15M-26OCT042300-00,0.0310,6.04,yes
2026-10-05T02:57:23.19596Z,KXBTC15M-26OCT042300-00,0.0310,5.33,yes
2026-10-05T02:57:23.213134Z,KXBTC15M-26OCT042300-00,0.0300,50.00,no
2026-10-05T02:57:23.248738Z,KXBTC15M-26OCT042300-00,0.0300,50.00,no
2026-10-05T02:57:23.253329Z,KXBTC15M-26OCT042300-00,0.0310,56.80,yes
2026-10-05T02:57:23.319925Z,KXBTC15M-26OCT042300-00,0.0310,151.04,yes
2026-10-05T02:57:23.371096Z,KXBTC15M-26OCT042300-00,0.0300,1.02,no
2026-10-05T02:57:23.408554Z,KXBTC15M-26OCT042300-00,0.0250,174.37,no
2026-10-05T02:57:23.408554Z,KXBTC15M-26OCT042300-00,0.0250,200.00,no
2026-10-05T02:57:23.408554Z,KXBTC15M-26OCT042300-00,0.0300,0.01,no
2026-10-05T02:57:23.408554Z,KXBTC15M-26OCT042300-00,0.0300,0.01,no
2026-10-05T02:57:23.408554Z,KXBTC15M-26OCT042300-00,0.0260,89.00,no
2026-10-05T02:57:23.408554Z,KXBTC15M-26OCT042300-00,0.0260,10.00,no
2026-10-05T02:57:23.408554Z,KXBTC15M-26OCT042300-00,0.0300,125.95,no
2026-10-05T02:57:23.408554Z,KXBTC15M-26OCT042300-00,0.0260,1.00,no
2026-10-05T02:57:23.408554Z,KXBTC15M-26OCT042300-00,0.0290,1.00,no
2026-10-05T02:57:23.408554Z,KXBTC15M-26OCT042300-00,0.0280,1.00,no
2026-10-05T02:57:23.408554Z,KXBTC15M-26OCT042300-00,0.0270,1.00,no
2026-10-05T02:57:23.426895Z,KXBTC15M-26OCT042300-00,0.0250,25.63,no
2026-10-05T02:57:23.426895Z,KXBTC15M-26OCT042300-00,0.0260,0.01,no
2026-10-05T02:57:23.426895Z,KXBTC15M-26OCT042300-00,0.0260,0.01,no
2026-10-05T02:57:23.426895Z,KXBTC15M-26OCT042300-00,0.0260,1.02,no
2026-10-05T02:57:23.426895Z,KXBTC15M-26OCT042300-00,0.0250,26.32,no
2026-10-05T02:57:23.426895Z,KXBTC15M-26OCT042300-00,0.0250,1.00,no
2026-10-05T02:57:23.426895Z,KXBTC15M-26OCT042300-00,0.0260,1.01,no
2026-10-05T02:57:23.4269Z,KXBTC15M-26OCT042300-00,0.0270,46.59,yes
2026-10-05T02:57:23.480697Z,KXBTC15M-26OCT042300-00,0.0250,35.00,no
2026-10-05T02:57:23.495177Z,KXBTC15M-26OCT042300-00,0.0250,78.81,no
2026-10-05T02:57:23.531148Z,KXBTC15M-26OCT042300-00,0.0260,30.20,yes
2026-10-05T02:57:23.540275Z,KXBTC15M-26OCT042300-00,0.0260,15.10,yes
2026-10-05T02:57:23.549236Z,KXBTC15M-26OCT042300-00,0.0250,153.05,no
2026-10-05T02:57:23.571992Z,KXBTC15M-26OCT042300-00,0.0250,0.47,no
2026-10-05T02:57:23.579635Z,KXBTC15M-26OCT042300-00,0.0250,0.01,no
2026-10-05T02:57:23.579635Z,KXBTC15M-26OCT042300-00,0.0250,5.88,no
2026-10-05T02:57:23.579635Z,KXBTC15M-26OCT042300-00,0.0250,14.11,no
2026-10-05T02:57:23.594979Z,KXBTC15M-26OCT042300-00,0.0260,5.49,yes
2026-10-05T02:57:23.638822Z,KXBTC15M-26OCT042300-00,0.0250,18.13,no
2026-10-05T02:57:23.686201Z,KXBTC15M-26OCT042300-00,0.0260,13.29,yes
2026-10-05T02:57:23.740968Z,KXBTC15M-26OCT042300-00,0.0260,0.50,yes
2026-10-05T02:57:23.79891Z,KXBTC15M-26OCT042300-00,0.0260,0.30,yes
2026-10-05T02:57:23.808905Z,KXBTC15M-26OCT042300-00,0.0250,257.20,no
2026-10-05T02:57:23.822216Z,KXBTC15M-26OCT042300-00,0.0260,22.00,yes
2026-10-05T02:57:23.832613Z,KXBTC15M-26OCT042300-00,0.0240,104.98,no
2026-10-05T02:57:23.832613Z,KXBTC15M-26OCT042300-00,0.0250,15.00,no
2026-10-05T02:57:23.832613Z,KXBTC15M-26OCT042300-00,0.0250,0.01,no
2026-10-05T02:57:23.832613Z,KXBTC15M-26OCT042300-00,0.0250,0.01,no
2026-10-05T02:57:23.834168Z,KXBTC15M-26OCT042300-00,0.0240,50.80,no
2026-10-05T02:57:23.835226Z,KXBTC15M-26OCT042300-00,0.0240,71.34,no
2026-10-05T02:57:23.835226Z,KXBTC15M-26OCT042300-00,0.0240,4.22,no
2026-10-05T02:57:23.899497Z,KXBTC15M-26OCT042300-00,0.0240,130.28,no
2026-10-05T02:57:23.936343Z,KXBTC15M-26OCT042300-00,0.0250,127.54,yes
2026-10-05T02:57:23.998014Z,KXBTC15M-26OCT042300-00,0.0250,2.00,yes
2026-10-05T02:57:24.016875Z,KXBTC15M-26OCT042300-00,0.0240,115.07,no
2026-10-05T02:57:24.020234Z,KXBTC15M-26OCT042300-00,0.0250,1.07,yes
2026-10-05T02:57:24.084157Z,KXBTC15M-26OCT042300-00,0.0240,50.00,no
2026-10-05T02:57:24.137668Z,KXBTC15M-26OCT042300-00,0.0250,0.01,yes
2026-10-05T02:57:24.137668Z,KXBTC15M-26OCT042300-00,0.0250,2.00,yes
2026-10-05T02:57:24.137668Z,KXBTC15M-26OCT042300-00,0.0250,3.59,yes
2026-10-05T02:57:24.137668Z,KXBTC15M-26OCT042300-00,0.0250,5.00,yes
2026-10-05T02:57:24.137668Z,KXBTC15M-26OCT042300-00,0.0250,0.01,yes
2026-10-05T02:57:24.137668Z,KXBTC15M-26OCT042300-00,0.0250,19.39,yes
2026-10-05T02:57:24.180423Z,KXBTC15M-26OCT042300-00,0.0240,8.00,no
2026-10-05T02:57:24.180423Z,KXBTC15M-26OCT042300-00,0.0240,222.26,no
2026-10-05T02:57:24.180423Z,KXBTC15M-26OCT042300-00,0.0240,1.00,no
2026-10-05T02:57:24.215388Z,KXBTC15M-26OCT042300-00,0.0250,36.00,yes
2026-10-05T02:57:24.218396Z,KXBTC15M-26OCT042300-00,0.0240,0.01,no
2026-10-05T02:57:24.218396Z,KXBTC15M-26OCT042300-00,0.0230,118.98,no
2026-10-05T02:57:24.218396Z,KXBTC15M-26OCT042300-00,0.0240,0.01,no
2026-10-05T02:57:24.218396Z,KXBTC15M-26OCT042300-00,0.0230,1.00,no
2026-10-05T02:57:24.220424Z,KXBTC15M-26OCT042300-00,0.0230,38.98,no
2026-10-05T02:57:24.220424Z,KXBTC15M-26OCT042300-00,0.0230,81.02,no
2026-10-05T02:57:24.289389Z,KXBTC15M-26OCT042300-00,0.0240,81.04,yes
2026-10-05T02:57:24.289389Z,KXBTC15M-26OCT042300-00,0.0240,70.00,yes
2026-10-05T02:57:24.293925Z,KXBTC15M-26OCT042300-00,0.0230,0.01,no
2026-10-05T02:57:24.293925Z,KXBTC15M-26OCT042300-00,0.0230,100.32,no
2026-10-05T02:57:24.325437Z,KXBTC15M-26OCT042300-00,0.0220,4.44,no
2026-10-05T02:57:24.325437Z,KXBTC15M-26OCT042300-00,0.0230,0.01,no
2026-10-05T02:57:24.325437Z,KXBTC15M-26OCT042300-00,0.0230,0.01,no
2026-10-05T02:57:24.380825Z,KXBTC15M-26OCT042300-00,0.0230,108.31,yes
2026-10-05T02:57:24.394455Z,KXBTC15M-26OCT042300-00,0.0220,4.74,no
2026-10-05T02:57:24.395148Z,KXBTC15M-26OCT042300-00,0.0210,1.00,no
2026-10-05T02:57:24.395148Z,KXBTC15M-26OCT042300-00,0.0220,1047.00,no
2026-10-05T02:57:24.395148Z,KXBTC15M-26OCT042300-00,0.0220,320.82,no
2026-10-05T02:57:24.395148Z,KXBTC15M-26OCT042300-00,0.0210,200.00,no
2026-10-05T02:57:24.395148Z,KXBTC15M-26OCT042300-00,0.0220,0.01,no
2026-10-05T02:57:24.395148Z,KXBTC15M-26OCT042300-00,0.0220,0.01,no
2026-10-05T02:57:24.395148Z,KXBTC15M-26OCT042300-00,0.0210,333.16,no
2026-10-05T02:57:24.395148Z,KXBTC15M-26OCT042300-00,0.0210,93.00,no
2026-10-05T02:57:24.395148Z,KXBTC15M-26OCT042300-00,0.0220,200.00,no
2026-10-05T02:57:24.395148Z,KXBTC15M-26OCT042300-00,0.0210,11.00,no
2026-10-05T02:57:24.395148Z,KXBTC15M-26OCT042300-00,0.0220,500.00,no
2026-10-05T02:57:24.395148Z,KXBTC15M-26OCT042300-00,0.0210,261.00,no
2026-10-05T02:57:24.395148Z,KXBTC15M-26OCT042300-00,0.0220,1.00,no
2026-10-05T02:57:24.395148Z,KXBTC15M-26OCT042300-00,0.0210,1.00,no
2026-10-05T02:57:24.395148Z,KXBTC15M-26OCT042300-00,0.0210,31.00,no
2026-10-05T02:57:24.423719Z,KXBTC15M-26OCT042300-00,0.0230,117.83,yes
2026-10-05T02:57:24.423719Z,KXBTC15M-26OCT042300-00,0.0230,41.69,yes
2026-10-05T02:57:24.423719Z,KXBTC15M-26OCT042300-00,0.0230,0.01,yes
2026-10-05T02:57:24.423719Z,KXBTC15M-26OCT042300-00,0.0230,0.01,yes
2026-10-05T02:57:24.424117Z,KXBTC15M-26OCT042300-00,0.0230,45.07,yes
2026-10-05T02:57:24.434135Z,KXBTC15M-26OCT042300-00,0.0220,0.01,no
2026-10-05T02:57:24.434135Z,KXBTC15M-26OCT042300-00,0.0220,2.19,no
2026-10-05T02:57:24.434135Z,KXBTC15M-26OCT042300-00,0.0220,0.01,no
2026-10-05T02:57:24.549126Z,KXBTC15M-26OCT042300-00,0.0220,0.01,no
2026-10-05T02:57:24.549126Z,KXBTC15M-26OCT042300-00,0.0210,168.98,no
2026-10-05T02:57:24.549126Z,KXBTC15M-26OCT042300-00,0.0220,0.01,no
2026-10-05T02:57:24.549126Z,KXBTC15M-26OCT042300-00,0.0210,11.00,no
2026-10-05T02:57:24.562512Z,KXBTC15M-26OCT042300-00,0.0210,180.00,no
2026-10-05T02:57:24.562723Z,KXBTC15M-26OCT042300-00,0.0210,277.46,no
2026-10-05T02:57:24.562723Z,KXBTC15M-26OCT042300-00,0.0210,11.00,no
2026-10-05T02:57:24.562723Z,KXBTC15M-26OCT042300-00,0.0210,320.00,no
2026-10-05T02:57:24.564592Z,KXBTC15M-26OCT042300-00,0.0210,180.00,no
2026-10-05T02:57:24.571094Z,KXBTC15M-26OCT042300-00,0.0220,15.00,yes
2026-10-05T02:57:24.571094Z,KXBTC15M-26OCT042300-00,0.0230,136.04,yes
2026-10-05T02:57:24.574974Z,KXBTC15M-26OCT042300-00,0.0220,0.01,yes
2026-10-05T02:57:24.574974Z,KXBTC15M-26OCT042300-00,0.0220,0.01,yes
2026-10-05T02:57:24.574974Z,KXBTC15M-26OCT042300-00,0.0230,18.70,yes
2026-10-05T02:57:24.64591Z,KXBTC15M-26OCT042300-00,0.0200,87.78,no
2026-10-05T02:57:24.64591Z,KXBTC15M-26OCT042300-00,0.0200,6.00,no
2026-10-05T02:57:24.64591Z,KXBTC15M-26OCT042300-00,0.0200,11.00,no
2026-10-05T02:57:24.64591Z,KXBTC15M-26OCT042300-00,0.0210,15.00,no
2026-10-05T02:57:24.64591Z,KXBTC15M-26OCT042300-00,0.0210,0.01,no
2026-10-05T02:57:24.64591Z,KXBTC15M-26OCT042300-00,0.0210,11.00,no
2026-10-05T02:57:24.64591Z,KXBTC15M-26OCT042300-00,0.0210,0.01,no
2026-10-05T02:57:24.64713Z,KXBTC15M-26OCT042300-00,0.0220,4.32,yes
2026-10-05T02:57:24.656349Z,KXBTC15M-26OCT042300-00,0.0200,123.32,no
2026-10-05T02:57:24.658173Z,KXBTC15M-26OCT042300-00,0.0220,39.11,yes
2026-10-05T02:57:24.658173Z,KXBTC15M-26OCT042300-00,0.0220,0.01,yes
2026-10-05T02:57:24.658173Z,KXBTC15M-26OCT042300-00,0.0220,0.68,yes
2026-10-05T02:57:24.658173Z,KXBTC15M-26OCT042300-00,0.0220,0.01,yes
2026-10-05T02:57:24.672744Z,KXBTC15M-26OCT042300-00,0.0200,10.00,no
2026-10-05T02:57:24.679527Z,KXBTC15M-26OCT042300-00,0.0220,0.01,yes
2026-10-05T02:57:24.679527Z,KXBTC15M-26OCT042300-00,0.0210,0.01,yes
2026-10-05T02:57:24.679527Z,KXBTC15M-26OCT042300-00,0.0210,5.00,yes
2026-10-05T02:57:24.679527Z,KXBTC15M-26OCT042300-00,0.0210,0.01,yes
2026-10-05T02:57:24.679527Z,KXBTC15M-26OCT042300-00,0.0210,15.00,yes
2026-10-05T02:57:24.679527Z,KXBTC15M-26OCT042300-00,0.0220,0.01,yes
2026-10-05T02:57:24.679527Z,KXBTC15M-26OCT042300-00,0.0220,38.34,yes
2026-10-05T02:57:24.679527Z,KXBTC15M-26OCT042300-00,0.0220,1.00,yes
2026-10-05T02:57:24.685105Z,KXBTC15M-26OCT042300-00,0.0220,25.00,yes
2026-10-05T02:57:24.70228Z,KXBTC15M-26OCT042300-00,0.0210,70.00,no
2026-10-05T02:57:24.70228Z,KXBTC15M-26OCT042300-00,0.0210,26.96,no
2026-10-05T02:57:24.738346Z,KXBTC15M-26OCT042300-00,0.0220,0.01,yes
2026-10-05T02:57:24.738346Z,KXBTC15M-26OCT042300-00,0.0220,235.52,yes
2026-10-05T02:57:24.738346Z,KXBTC15M-26OCT042300-00,0.0220,0.01,yes
2026-10-05T02:57:24.773723Z,KXBTC15M-26OCT042300-00,0.0200,10.00,no
2026-10-05T02:57:24.773723Z,KXBTC15M-26OCT042300-00,0.0200,25.00,no
2026-10-05T02:57:24.773723Z,KXBTC15M-26OCT042300-00,0.0200,1.50,no
2026-10-05T02:57:24.773723Z,KXBTC15M-26OCT042300-00,0.0200,44.25,no
2026-10-05T02:57:24.773723Z,KXBTC15M-26OCT042300-00,0.0200,108.90,no
2026-10-05T02:57:24.773723Z,KXBTC15M-26OCT042300-00,0.0200,28.00,no
2026-10-05T02:57:24.773723Z,KXBTC15M-26OCT042300-00,0.0200,329.98,no
2026-10-05T02:57:24.773723Z,KXBTC15M-26OCT042300-00,0.0200,6.48,no
2026-10-05T02:57:24.773723Z,KXBTC15M-26OCT042300-00,0.0200,10.00,no
2026-10-05T02:57:24.773723Z,KXBTC15M-26OCT042300-00,0.0200,2.00,no
2026-10-05T02:57:24.773723Z,KXBTC15M-26OCT042300-00,0.0200,1.00,no
2026-10-05T02:57:24.773723Z,KXBTC15M-26OCT042300-00,0.0210,43.04,no
2026-10-05T02:57:24.773723Z,KXBTC15M-26OCT042300-00,0.0210,70.00,no
2026-10-05T02:57:24.773723Z,KXBTC15M-26OCT042300-00,0.0210,70.00,no
2026-10-05T02:57:24.773723Z,KXBTC15M-26OCT042300-00,0.0210,0.01,no
2026-10-05T02:57:24.773723Z,KXBTC15M-26OCT042300-00,0.0210,200.00,no
2026-10-05T02:57:24.773723Z,KXBTC15M-26OCT042300-00,0.0210,11.00,no
2026-10-05T02:57:24.773723Z,KXBTC15M-26OCT042300-00,0.0210,0.01,no
2026-10-05T02:57:24.773723Z,KXBTC15M-26OCT042300-00,0.0200,207.55,no
2026-10-05T02:57:24.773723Z,KXBTC15M-26OCT042300-00,0.0200,1.00,no
2026-10-05T02:57:24.773723Z,KXBTC15M-26OCT042300-00,0.0200,1463.79,no
2026-10-05T02:57:24.773723Z,KXBTC15M-26OCT042300-00,0.0200,24.44,no
2026-10-05T02:57:24.773723Z,KXBTC15M-26OCT042300-00,0.0200,2.27,no
2026-10-05T02:57:24.773723Z,KXBTC15M-26OCT042300-00,0.0200,2.62,no
2026-10-05T02:57:24.773723Z,KXBTC15M-26OCT042300-00,0.0200,337.16,no
2026-10-05T02:57:24.785157Z,KXBTC15M-26OCT042300-00,0.0220,0.01,yes
2026-10-05T02:57:24.785157Z,KXBTC15M-26OCT042300-00,0.0220,0.01,yes
2026-10-05T02:57:24.785157Z,KXBTC15M-26OCT042300-00,0.0220,24.98,yes
2026-10-05T02:57:24.7964Z,KXBTC15M-26OCT042300-00,0.0220,64.00,yes
2026-10-05T02:57:24.843235Z,KXBTC15M-26OCT042300-00,0.0220,3.74,yes
2026-10-05T02:57:24.861164Z,KXBTC15M-26OCT042300-00,0.0200,1196.79,no
2026-10-05T02:57:24.861164Z,KXBTC15M-26OCT042300-00,0.0210,0.01,no
2026-10-05T02:57:24.861164Z,KXBTC15M-26OCT042300-00,0.0210,0.01,no
2026-10-05T02:57:24.861164Z,KXBTC15M-26OCT042300-00,0.0210,11.00,no
2026-10-05T02:57:24.861164Z,KXBTC15M-26OCT042300-00,0.0200,6742.11,no
2026-10-05T02:57:24.861164Z,KXBTC15M-26OCT042300-00,0.0200,514.94,no
2026-10-05T02:57:24.861164Z,KXBTC15M-26OCT042300-00,0.0200,24.40,no
2026-10-05T02:57:24.874626Z,KXBTC15M-26OCT042300-00,0.0200,10.60,no
2026-10-05T02:57:24.943254Z,KXBTC15M-26OCT042300-00,0.0200,9.79,no
2026-10-05T02:57:24.976277Z,KXBTC15M-26OCT042300-00,0.0210,114.14,yes
2026-10-05T02:57:24.978174Z,KXBTC15M-26OCT042300-00,0.0210,40.69,yes
2026-10-05T02:57:25.007203Z,KXBTC15M-26OCT042300-00,0.0200,47.03,no
2026-10-05T02:57:25.033802Z,KXBTC15M-26OCT042300-00,0.0200,51.00,no
2026-10-05T02:57:25.054584Z,KXBTC15M-26OCT042300-00,0.0200,79.95,no
2026-10-05T02:57:25.092048Z,KXBTC15M-26OCT042300-00,0.0200,90.00,no
2026-10-05T02:57:25.098867Z,KXBTC15M-26OCT042300-00,0.0200,599.40,no
2026-10-05T02:57:25.110824Z,KXBTC15M-26OCT042300-00,0.0190,4.45,no
2026-10-05T02:57:25.110824Z,KXBTC15M-26OCT042300-00,0.0190,1.00,no
2026-10-05T02:57:25.110824Z,KXBTC15M-26OCT042300-00,0.0190,19.98,no
2026-10-05T02:57:25.110824Z,KXBTC15M-26OCT042300-00,0.0190,2.00,no
2026-10-05T02:57:25.110824Z,KXBTC15M-26OCT042300-00,0.0200,2.00,no
2026-10-05T02:57:25.110824Z,KXBTC15M-26OCT042300-00,0.0200,26.00,no
2026-10-05T02:57:25.110824Z,KXBTC15M-26OCT042300-00,0.0200,2.00,no
2026-10-05T02:57:25.110824Z,KXBTC15M-26OCT042300-00,0.0200,0.01,no
2026-10-05T02:57:25.110824Z,KXBTC15M-26OCT042300-00,0.0200,15.00,no
2026-10-05T02:57:25.110824Z,KXBTC15M-26OCT042300-00,0.0190,2.00,no
2026-10-05T02:57:25.110824Z,KXBTC15M-26OCT042300-00,0.0200,0.01,no
2026-10-05T02:57:25.110824Z,KXBTC15M-26OCT042300-00,0.0200,137.44,no
2026-10-05T02:57:25.12897Z,KXBTC15M-26OCT042300-00,0.0180,1.00,no
2026-10-05T02:57:25.12897Z,KXBTC15M-26OCT042300-00,0.0180,10.14,no
2026-10-05T02:57:25.12897Z,KXBTC15M-26OCT042300-00,0.0190,0.01,no
2026-10-05T02:57:25.156816Z,KXBTC15M-26OCT042300-00,0.0160,836.00,no
2026-10-05T02:57:25.156816Z,KXBTC15M-26OCT042300-00,0.0160,228.11,no
2026-10-05T02:57:25.156816Z,KXBTC15M-26OCT042300-00,0.0170,1.00,no
2026-10-05T02:57:25.156816Z,KXBTC15M-26OCT042300-00,0.0190,289.00,no
2026-10-05T02:57:25.156816Z,KXBTC15M-26OCT042300-00,0.0180,656.86,no
2026-10-05T02:57:25.156816Z,KXBTC15M-26OCT042300-00,0.0180,0.01,no
2026-10-05T02:57:25.156816Z,KXBTC15M-26OCT042300-00,0.0170,99.00,no
2026-10-05T02:57:25.156816Z,KXBTC15M-26OCT042300-00,0.0190,0.01,no
2026-10-05T02:57:25.156816Z,KXBTC15M-26OCT042300-00,0.0190,0.01,no
2026-10-05T02:57:25.156816Z,KXBTC15M-26OCT042300-00,0.0170,12.00,no
2026-10-05T02:57:25.159475Z,KXBTC15M-26OCT042300-00,0.0200,50.00,yes
2026-10-05T02:57:25.159475Z,KXBTC15M-26OCT042300-00,0.0200,0.01,yes
2026-10-05T02:57:25.159475Z,KXBTC15M-26OCT042300-00,0.0200,0.01,yes
2026-10-05T02:57:25.159475Z,KXBTC15M-26OCT042300-00,0.0200,1.43,yes
2026-10-05T02:57:25.179138Z,KXBTC15M-26OCT042300-00,0.0190,0.01,no
2026-10-05T02:57:25.179138Z,KXBTC15M-26OCT042300-00,0.0190,0.01,no
2026-10-05T02:57:25.196753Z,KXBTC15M-26OCT042300-00,0.0170,0.01,no
2026-10-05T02:57:25.196753Z,KXBTC15M-26OCT042300-00,0.0170,12.00,no
2026-10-05T02:57:25.196753Z,KXBTC15M-26OCT042300-00,0.0170,618.00,no
2026-10-05T02:57:25.196753Z,KXBTC15M-26OCT042300-00,0.0170,0.01,no
2026-10-05T02:57:25.196753Z,KXBTC15M-26OCT042300-00,0.0170,1.01,no
2026-10-05T02:57:25.21883Z,KXBTC15M-26OCT042300-00,0.0170,85.08,yes
2026-10-05T02:57:25.227024Z,KXBTC15M-26OCT042300-00,0.0170,0.01,yes
2026-10-05T02:57:25.227024Z,KXBTC15M-26OCT042300-00,0.0170,33.89,yes
2026-10-05T02:57:25.227024Z,KXBTC15M-26OCT042300-00,0.0170,0.01,yes
2026-10-05T02:57:25.242515Z,KXBTC15M-26OCT042300-00,0.0170,84.00,yes
2026-10-05T02:57:25.251552Z,KXBTC15M-26OCT042300-00,0.0160,12.04,no
2026-10-05T02:57:25.26025Z,KXBTC15M-26OCT042300-00,0.0160,330.15,no
2026-10-05T02:57:25.26025Z,KXBTC15M-26OCT042300-00,0.0160,419.85,no
2026-10-05T02:57:25.26046Z,KXBTC15M-26OCT042300-00,0.0160,0.76,no
2026-10-05T02:57:25.269531Z,KXBTC15M-26OCT042300-00,0.0170,89.81,yes
2026-10-05T02:57:25.275903Z,KXBTC15M-26OCT042300-00,0.0170,48.19,yes
2026-10-05T02:57:25.275903Z,KXBTC15M-26OCT042300-00,0.0170,0.01,yes
2026-10-05T02:57:25.275903Z,KXBTC15M-26OCT042300-00,0.0170,0.01,yes
2026-10-05T02:57:25.275903Z,KXBTC15M-26OCT042300-00,0.0170,89.79,yes
2026-10-05T02:57:25.279957Z,KXBTC15M-26OCT042300-00,0.0170,3.67,yes
2026-10-05T02:57:25.291148Z,KXBTC15M-26OCT042300-00,0.0160,384.00,no
2026-10-05T02:57:25.291148Z,KXBTC15M-26OCT042300-00,0.0160,53.09,no
2026-10-05T02:57:25.291148Z,KXBTC15M-26OCT042300-00,0.0160,312.91,no
2026-10-05T02:57:25.294565Z,KXBTC15M-26OCT042300-00,0.0170,0.01,yes
2026-10-05T02:57:25.294565Z,KXBTC15M-26OCT042300-00,0.0170,0.01,yes
2026-10-05T02:57:25.294565Z,KXBTC15M-26OCT042300-00,0.0170,44.54,yes
2026-10-05T02:57:25.299113Z,KXBTC15M-26OCT042300-00,0.0160,2.03,no
2026-10-05T02:57:25.307306Z,KXBTC15M-26OCT042300-00,0.0170,102.00,yes
2026-10-05T02:57:25.323857Z,KXBTC15M-26OCT042300-00,0.0170,155.95,yes
2026-10-05T02:57:25.323857Z,KXBTC15M-26OCT042300-00,0.0170,0.76,yes
2026-10-05T02:57:25.323857Z,KXBTC15M-26OCT042300-00,0.0170,0.01,yes
2026-10-05T02:57:25.323857Z,KXBTC15M-26OCT042300-00,0.0170,183.61,yes
2026-10-05T02:57:25.323857Z,KXBTC15M-26OCT042300-00,0.0170,0.01,yes
2026-10-05T02:57:25.328596Z,KXBTC15M-26OCT042300-00,0.0160,30.94,no
2026-10-05T02:57:25.328596Z,KXBTC15M-26OCT042300-00,0.0160,69.06,no
2026-10-05T02:57:25.328801Z,KXBTC15M-26OCT042300-00,0.0160,750.00,no
2026-10-05T02:57:25.342998Z,KXBTC15M-26OCT042300-00,0.0170,3.67,yes
2026-10-05T02:57:25.357392Z,KXBTC15M-26OCT042300-00,0.0170,0.01,yes
2026-10-05T02:57:25.357392Z,KXBTC15M-26OCT042300-00,0.0170,3.57,yes
2026-10-05T02:57:25.357392Z,KXBTC15M-26OCT042300-00,0.0170,0.01,yes
2026-10-05T02:57:25.357392Z,KXBTC15M-26OCT042300-00,0.0170,153.29,yes
2026-10-05T02:57:25.357392Z,KXBTC15M-26OCT042300-00,0.0170,384.00,yes
2026-10-05T02:57:25.357392Z,KXBTC15M-26OCT042300-00,0.0170,53.09,yes
2026-10-05T02:57:25.357392Z,KXBTC15M-26OCT042300-00,0.0170,2.03,yes
2026-10-05T02:57:25.370787Z,KXBTC15M-26OCT042300-00,0.0160,17.00,no
2026-10-05T02:57:25.380869Z,KXBTC15M-26OCT042300-00,0.0160,39.93,no
2026-10-05T02:57:25.383732Z,KXBTC15M-26OCT042300-00,0.0170,0.44,yes
2026-10-05T02:57:25.386333Z,KXBTC15M-26OCT042300-00,0.0160,327.07,no
2026-10-05T02:57:25.386333Z,KXBTC15M-26OCT042300-00,0.0160,15.00,no
2026-10-05T02:57:25.386333Z,KXBTC15M-26OCT042300-00,0.0160,13.00,no
2026-10-05T02:57:25.386333Z,KXBTC15M-26OCT042300-00,0.0160,17.00,no
2026-10-05T02:57:25.386333Z,KXBTC15M-26OCT042300-00,0.0160,377.93,no
2026-10-05T02:57:25.409088Z,KXBTC15M-26OCT042300-00,0.0170,65.00,yes
2026-10-05T02:57:25.417194Z,KXBTC15M-26OCT042300-00,0.0170,0.01,yes
2026-10-05T02:57:25.417194Z,KXBTC15M-26OCT042300-00,0.0170,3.60,yes
2026-10-05T02:57:25.417194Z,KXBTC15M-26OCT042300-00,0.0170,0.01,yes
2026-10-05T02:57:25.417194Z,KXBTC15M-26OCT042300-00,0.0170,0.05,yes
2026-10-05T02:57:25.420508Z,KXBTC15M-26OCT042300-00,0.0160,90.00,no
2026-10-05T02:57:25.420508Z,KXBTC15M-26OCT042300-00,0.0160,0.01,no
2026-10-05T02:57:25.420508Z,KXBTC15M-26OCT042300-00,0.0160,100.00,no
2026-10-05T02:57:25.420508Z,KXBTC15M-26OCT042300-00,0.0160,0.01,no
2026-10-05T02:57:25.420508Z,KXBTC15M-26OCT042300-00,0.0160,37.91,no
2026-10-05T02:57:25.420508Z,KXBTC15M-26OCT042300-00,0.0160,400.00,no
2026-10-05T02:57:25.420508Z,KXBTC15M-26OCT042300-00,0.0160,122.07,no
2026-10-05T02:57:25.449036Z,KXBTC15M-26OCT042300-00,0.0170,13.00,yes
2026-10-05T02:57:25.449036Z,KXBTC15M-26OCT042300-00,0.0170,3.00,yes
2026-10-05T02:57:25.449036Z,KXBTC15M-26OCT042300-00,0.0170,13.40,yes
2026-10-05T02:57:25.449036Z,KXBTC15M-26OCT042300-00,0.0170,327.07,yes
2026-10-05T02:57:25.449036Z,KXBTC15M-26OCT042300-00,0.0170,39.93,yes
2026-10-05T02:57:25.449036Z,KXBTC15M-26OCT042300-00,0.0170,199.60,yes
2026-10-05T02:57:25.452214Z,KXBTC15M-26OCT042300-00,0.0160,305.09,no
2026-10-05T02:57:25.452214Z,KXBTC15M-26OCT042300-00,0.0160,0.01,no
2026-10-05T02:57:25.452214Z,KXBTC15M-26OCT042300-00,0.0160,0.01,no
2026-10-05T02:57:25.452214Z,KXBTC15M-26OCT042300-00,0.0160,81.89,no
2026-10-05T02:57:25.452214Z,KXBTC15M-26OCT042300-00,0.0160,13.00,no
2026-10-05T02:57:25.452214Z,KXBTC15M-26OCT042300-00,0.0160,100.00,no
2026-10-05T02:57:25.485033Z,KXBTC15M-26OCT042300-00,0.0170,0.01,yes
2026-10-05T02:57:25.485033Z,KXBTC15M-26OCT042300-00,0.0180,44.54,yes
2026-10-05T02:57:25.485033Z,KXBTC15M-26OCT042300-00,0.0170,0.01,yes
2026-10-05T02:57:25.486477Z,KXBTC15M-26OCT042300-00,0.0160,13.00,no
2026-10-05T02:57:25.486477Z,KXBTC15M-26OCT042300-00,0.0160,0.01,no
2026-10-05T02:57:25.486477Z,KXBTC15M-26OCT042300-00,0.0160,0.01,no
2026-10-05T02:57:25.486477Z,KXBTC15M-26OCT042300-00,0.0160,12.20,no
2026-10-05T02:57:25.489943Z,KXBTC15M-26OCT042300-00,0.0180,3.67,yes
2026-10-05T02:57:25.49227Z,KXBTC15M-26OCT042300-00,0.0160,100.00,no
2026-10-05T02:57:25.493918Z,KXBTC15M-26OCT042300-00,0.0160,12.41,no
2026-10-05T02:57:25.508252Z,KXBTC15M-26OCT042300-00,0.0170,0.01,yes
2026-10-05T02:57:25.508252Z,KXBTC15M-26OCT042300-00,0.0180,11.03,yes
2026-10-05T02:57:25.508252Z,KXBTC15M-26OCT042300-00,0.0170,15.00,yes
2026-10-05T02:57:25.508252Z,KXBTC15M-26OCT042300-00,0.0170,0.01,yes
2026-10-05T02:57:25.520744Z,KXBTC15M-26OCT042300-00,0.0180,133.67,yes
2026-10-05T02:57:25.520744Z,KXBTC15M-26OCT042300-00,0.0170,0.01,yes
2026-10-05T02:57:25.520744Z,KXBTC15M-26OCT042300-00,0.0170,0.01,yes
2026-10-05T02:57:25.534964Z,KXBTC15M-26OCT042300-00,0.0180,76.11,yes
2026-10-05T02:57:25.534964Z,KXBTC15M-26OCT042300-00,0.0170,13.00,yes
2026-10-05T02:57:25.534964Z,KXBTC15M-26OCT042300-00,0.0170,0.01,yes
2026-10-05T02:57:25.534964Z,KXBTC15M-26OCT042300-00,0.0170,0.01,yes
2026-10-05T02:57:25.553551Z,KXBTC15M-26OCT042300-00,0.0160,27.17,no
2026-10-05T02:57:25.553551Z,KXBTC15M-26OCT042300-00,0.0160,100.00,no
2026-10-05T02:57:25.554587Z,KXBTC15M-26OCT042300-00,0.0170,0.01,yes
2026-10-05T02:57:25.566382Z,KXBTC15M-26OCT042300-00,0.0170,0.01,yes
2026-10-05T02:57:25.566382Z,KXBTC15M-26OCT042300-00,0.0170,0.01,yes
2026-10-05T02:57:25.569712Z,KXBTC15M-26OCT042300-00,0.0160,13.00,no
2026-10-05T02:57:25.569712Z,KXBTC15M-26OCT042300-00,0.0160,298.16,no
2026-10-05T02:57:25.569712Z,KXBTC15M-26OCT042300-00,0.0160,372.83,no
2026-10-05T02:57:25.569712Z,KXBTC15M-26OCT042300-00,0.0160,0.01,no
2026-10-05T02:57:25.569712Z,KXBTC15M-26OCT042300-00,0.0160,15.00,no
2026-10-05T02:57:25.569712Z,KXBTC15M-26OCT042300-00,0.0160,0.01,no
2026-10-05T02:57:25.571106Z,KXBTC15M-26OCT042300-00,0.0180,11.00,yes
2026-10-05T02:57:25.586624Z,KXBTC15M-26OCT042300-00,0.0160,12.15,no
2026-10-05T02:57:25.603516Z,KXBTC15M-26OCT042300-00,0.0160,2.03,no
2026-10-05T02:57:25.609234Z,KXBTC15M-26OCT042300-00,0.0170,0.01,yes
2026-10-05T02:57:25.609234Z,KXBTC15M-26OCT042300-00,0.0170,0.01,yes
2026-10-05T02:57:25.609234Z,KXBTC15M-26OCT042300-00,0.0170,0.98,yes
2026-10-05T02:57:25.621299Z,KXBTC15M-26OCT042300-00,0.0170,0.01,yes
2026-10-05T02:57:25.642114Z,KXBTC15M-26OCT042300-00,0.0170,0.01,yes
2026-10-05T02:57:25.642114Z,KXBTC15M-26OCT042300-00,0.0170,0.01,yes
2026-10-05T02:57:25.642114Z,KXBTC15M-26OCT042300-00,0.0180,75.10,yes
2026-10-05T02:57:25.642114Z,KXBTC15M-26OCT042300-00,0.0170,14.01,yes
2026-10-05T02:57:25.649894Z,KXBTC15M-26OCT042300-00,0.0170,21.68,no
2026-10-05T02:57:25.671515Z,KXBTC15M-26OCT042300-00,0.0170,6.02,no
2026-10-05T02:57:25.717089Z,KXBTC15M-26OCT042300-00,0.0180,3.67,yes
2026-10-05T02:57:25.742904Z,KXBTC15M-26OCT042300-00,0.0180,11.80,yes
2026-10-05T02:57:25.74492Z,KXBTC15M-26OCT042300-00,0.0170,0.01,no
2026-10-05T02:57:25.74492Z,KXBTC15M-26OCT042300-00,0.0170,46.69,no
2026-10-05T02:57:25.74492Z,KXBTC15M-26OCT042300-00,0.0170,0.01,no
2026-10-05T02:57:25.775001Z,KXBTC15M-26OCT042300-00,0.0170,0.01,no
2026-10-05T02:57:25.775001Z,KXBTC15M-26OCT042300-00,0.0170,12.56,no
2026-10-05T02:57:25.775001Z,KXBTC15M-26OCT042300-00,0.0170,0.01,no
2026-10-05T02:57:25.778259Z,KXBTC15M-26OCT042300-00,0.0180,9.37,yes
2026-10-05T02:57:25.801081Z,KXBTC15M-26OCT042300-00,0.0180,564.00,yes
2026-10-05T02:57:25.801081Z,KXBTC15M-26OCT042300-00,0.0180,13.00,yes
2026-10-05T02:57:25.801081Z,KXBTC15M-26OCT042300-00,0.0180,0.01,yes
2026-10-05T02:57:25.801081Z,KXBTC15M-26OCT042300-00,0.0180,54.00,yes
2026-10-05T02:57:25.801081Z,KXBTC15M-26OCT042300-00,0.0190,111.15,yes
2026-10-05T02:57:25.801081Z,KXBTC15M-26OCT042300-00,0.0180,178.83,yes
2026-10-05T02:57:25.801081Z,KXBTC15M-26OCT042300-00,0.0180,0.01,yes
2026-10-05T02:57:25.801081Z,KXBTC15M-26OCT042300-00,0.0180,500.00,yes
2026-10-05T02:57:25.807803Z,KXBTC15M-26OCT042300-00,0.0170,0.01,no
2026-10-05T02:57:25.807803Z,KXBTC15M-26OCT042300-00,0.0170,0.01,no
2026-10-05T02:57:25.807803Z,KXBTC15M-26OCT042300-00,0.0170,0.98,no
2026-10-05T02:57:25.827017Z,KXBTC15M-26OCT042300-00,0.0180,0.01,yes
2026-10-05T02:57:25.827017Z,KXBTC15M-26OCT042300-00,0.0190,566.32,yes
2026-10-05T02:57:25.827017Z,KXBTC15M-26OCT042300-00,0.0180,13.00,yes
2026-10-05T02:57:25.827017Z,KXBTC15M-26OCT042300-00,0.0180,0.01,yes
2026-10-05T02:57:25.857662Z,KXBTC15M-26OCT042300-00,0.0170,4.06,no
2026-10-05T02:57:25.863464Z,KXBTC15M-26OCT042300-00,0.0180,0.01,yes
2026-10-05T02:57:25.863464Z,KXBTC15M-26OCT042300-00,0.0190,72.06,yes
2026-10-05T02:57:25.863464Z,KXBTC15M-26OCT042300-00,0.0180,0.01,yes
2026-10-05T02:57:25.863464Z,KXBTC15M-26OCT042300-00,0.0180,13.00,yes
2026-10-05T02:57:25.867475Z,KXBTC15M-26OCT042300-00,0.0190,0.25,yes
2026-10-05T02:57:25.957457Z,KXBTC15M-26OCT042300-00,0.0190,86.20,yes
2026-10-05T02:57:25.957457Z,KXBTC15M-26OCT042300-00,0.0190,13.49,yes
2026-10-05T02:57:25.977305Z,KXBTC15M-26OCT042300-00,0.0180,8.14,no
2026-10-05T02:57:26.005173Z,KXBTC15M-26OCT042300-00,0.0190,342.83,yes
2026-10-05T02:57:26.007839Z,KXBTC15M-26OCT042300-00,0.0190,5.39,yes
2026-10-05T02:57:26.020425Z,KXBTC15M-26OCT042300-00,0.0180,119.97,no
2026-10-05T02:57:26.080416Z,KXBTC15M-26OCT042300-00,0.0180,100.00,no
2026-10-05T02:57:26.080416Z,KXBTC15M-26OCT042300-00,0.0180,176.89,no
2026-10-05T02:57:26.080416Z,KXBTC15M-26OCT042300-00,0.0180,0.01,no
2026-10-05T02:57:26.080416Z,KXBTC15M-26OCT042300-00,0.0180,123.09,no
2026-10-05T02:57:26.080416Z,KXBTC15M-26OCT042300-00,0.0180,0.01,no
2026-10-05T02:57:26.081802Z,KXBTC15M-26OCT042300-00,0.0180,34.53,no
2026-10-05T02:57:26.081802Z,KXBTC15M-26OCT042300-00,0.0180,276.91,no
2026-10-05T02:57:26.084625Z,KXBTC15M-26OCT042300-00,0.0190,69.97,yes
2026-10-05T02:57:26.21263Z,KXBTC15M-26OCT042300-00,0.0190,26.52,yes
2026-10-05T02:57:26.258522Z,KXBTC15M-26OCT042300-00,0.0180,0.01,no
2026-10-05T02:57:26.258522Z,KXBTC15M-26OCT042300-00,0.0180,212.93,no
2026-10-05T02:57:26.258522Z,KXBTC15M-26OCT042300-00,0.0180,0.01,no
2026-10-05T02:57:26.258522Z,KXBTC15M-26OCT042300-00,0.0180,100.00,no
2026-10-05T02:57:26.267925Z,KXBTC15M-26OCT042300-00,0.0190,1.00,yes
2026-10-05T02:57:26.289105Z,KXBTC15M-26OCT042300-00,0.0190,306.74,yes
2026-10-05T02:57:26.306427Z,KXBTC15M-26OCT042300-00,0.0180,108.71,no
2026-10-05T02:57:26.306427Z,KXBTC15M-26OCT042300-00,0.0180,0.01,no
2026-10-05T02:57:26.306427Z,KXBTC15M-26OCT042300-00,0.0180,0.01,no
2026-10-05T02:57:26.306427Z,KXBTC15M-26OCT042300-00,0.0180,100.00,no
2026-10-05T02:57:26.31924Z,KXBTC15M-26OCT042300-00,0.0190,86.84,yes
2026-10-05T02:57:26.407161Z,KXBTC15M-26OCT042300-00,0.0190,76.90,yes
2026-10-05T02:57:26.437258Z,KXBTC15M-26OCT042300-00,0.0190,54.04,yes
2026-10-05T02:57:26.458213Z,KXBTC15M-26OCT042300-00,0.0190,10.16,yes
2026-10-05T02:57:26.460386Z,KXBTC15M-26OCT042300-00,0.0190,3.00,yes
2026-10-05T02:57:26.513871Z,KXBTC15M-26OCT042300-00,0.0190,1034.43,yes
2026-10-05T02:57:26.604297Z,KXBTC15M-26OCT042300-00,0.0180,13.49,no
2026-10-05T02:57:26.604297Z,KXBTC15M-26OCT042300-00,0.0180,0.01,no
2026-10-05T02:57:26.604297Z,KXBTC15M-26OCT042300-00,0.0180,0.01,no
2026-10-05T02:57:26.620203Z,KXBTC15M-26OCT042300-00,0.0190,0.01,yes
2026-10-05T02:57:26.620203Z,KXBTC15M-26OCT042300-00,0.0190,200.00,yes
2026-10-05T02:57:26.620203Z,KXBTC15M-26OCT042300-00,0.0190,0.01,yes
2026-10-05T02:57:26.620203Z,KXBTC15M-26OCT042300-00,0.0190,72.00,yes
2026-10-05T02:57:26.620203Z,KXBTC15M-26OCT042300-00,0.0190,6.00,yes
2026-10-05T02:57:26.620203Z,KXBTC15M-26OCT042300-00,0.0190,400.00,yes
2026-10-05T02:57:26.620203Z,KXBTC15M-26OCT042300-00,0.0190,116.97,yes
2026-10-05T02:57:26.620203Z,KXBTC15M-26OCT042300-00,0.0190,100.00,yes
2026-10-05T02:57:26.620203Z,KXBTC15M-26OCT042300-00,0.0190,90.00,yes
2026-10-05T02:57:26.63159Z,KXBTC15M-26OCT042300-00,0.0180,40.00,no
2026-10-05T02:57:26.658111Z,KXBTC15M-26OCT042300-00,0.0190,7.31,yes
2026-10-05T02:57:26.71994Z,KXBTC15M-26OCT042300-00,0.0190,28.33,yes
2026-10-05T02:57:26.78779Z,KXBTC15M-26OCT042300-00,0.0180,1016.55,no
2026-10-05T02:57:26.850184Z,KXBTC15M-26OCT042300-00,0.0180,863.47,no
2026-10-05T02:57:26.872876Z,KXBTC15M-26OCT042300-00,0.0180,304.57,no
2026-10-05T02:57:26.979969Z,KXBTC15M-26OCT042300-00,0.0150,384.00,no
2026-10-05T02:57:26.979969Z,KXBTC15M-26OCT042300-00,0.0140,373.49,no
2026-10-05T02:57:26.979969Z,KXBTC15M-26OCT042300-00,0.0150,384.00,no
2026-10-05T02:57:26.979969Z,KXBTC15M-26OCT042300-00,0.0150,384.00,no
2026-10-05T02:57:26.979969Z,KXBTC15M-26OCT042300-00,0.0150,6.00,no
2026-10-05T02:57:26.979969Z,KXBTC15M-26OCT042300-00,0.0140,327.00,no
2026-10-05T02:57:26.979969Z,KXBTC15M-26OCT042300-00,0.0140,384.00,no
2026-10-05T02:57:26.979969Z,KXBTC15M-26OCT042300-00,0.0150,384.00,no
2026-10-05T02:57:26.979969Z,KXBTC15M-26OCT042300-00,0.0150,10.00,no
2026-10-05T02:57:26.979969Z,KXBTC15M-26OCT042300-00,0.0150,10.00,no
2026-10-05T02:57:26.979969Z,KXBTC15M-26OCT042300-00,0.0150,10.00,no
2026-10-05T02:57:26.979969Z,KXBTC15M-26OCT042300-00,0.0150,10.00,no
2026-10-05T02:57:26.979969Z,KXBTC15M-26OCT042300-00,0.0150,17.00,no
2026-10-05T02:57:26.979969Z,KXBTC15M-26OCT042300-00,0.0160,15.00,no
2026-10-05T02:57:26.979969Z,KXBTC15M-26OCT042300-00,0.0150,36.00,no
2026-10-05T02:57:26.979969Z,KXBTC15M-26OCT042300-00,0.0170,45.00,no
2026-10-05T02:57:26.979969Z,KXBTC15M-26OCT042300-00,0.0150,99.00,no
2026-10-05T02:57:26.979969Z,KXBTC15M-26OCT042300-00,0.0180,0.01,no
2026-10-05T02:57:26.979969Z,KXBTC15M-26OCT042300-00,0.0160,343.00,no
2026-10-05T02:57:26.979969Z,KXBTC15M-26OCT042300-00,0.0180,0.01,no
2026-10-05T02:57:26.979969Z,KXBTC15M-26OCT042300-00,0.0170,323.00,no
2026-10-05T02:57:26.979969Z,KXBTC15M-26OCT042300-00,0.0150,4.55,no
2026-10-05T02:57:26.987084Z,KXBTC15M-26OCT042300-00,0.0140,10.51,no
2026-10-05T02:57:26.987084Z,KXBTC15M-26OCT042300-00,0.0140,81.70,no
2026-10-05T02:57:26.987084Z,KXBTC15M-26OCT042300-00,0.0160,549.00,no
2026-10-05T02:57:26.987084Z,KXBTC15M-26OCT042300-00,0.0150,17.00,no
2026-10-05T02:57:27.021174Z,KXBTC15M-26OCT042300-00,0.0160,10.00,yes
2026-10-05T02:57:27.021174Z,KXBTC15M-26OCT042300-00,0.0160,180.00,yes
2026-10-05T02:57:27.062144Z,KXBTC15M-26OCT042300-00,0.0150,46.53,no
2026-10-05T02:57:27.062144Z,KXBTC15M-26OCT042300-00,0.0150,0.01,no
2026-10-05T02:57:27.062144Z,KXBTC15M-26OCT042300-00,0.0150,0.01,no
2026-10-05T02:57:27.062248Z,KXBTC15M-26OCT042300-00,0.0150,6.82,no
2026-10-05T02:57:27.063506Z,KXBTC15M-26OCT042300-00,0.0160,3.67,yes
2026-10-05T02:57:27.071156Z,KXBTC15M-26OCT042300-00,0.0150,15.69,no
2026-10-05T02:57:27.071615Z,KXBTC15M-26OCT042300-00,0.0160,189.67,yes
2026-10-05T02:57:27.071615Z,KXBTC15M-26OCT042300-00,0.0160,316.33,yes
2026-10-05T02:57:27.073761Z,KXBTC15M-26OCT042300-00,0.0150,10.00,no
2026-10-05T02:57:27.074732Z,KXBTC15M-26OCT042300-00,0.0160,606.00,yes
2026-10-05T02:57:27.074732Z,KXBTC15M-26OCT042300-00,0.0160,384.00,yes
2026-10-05T02:57:27.074732Z,KXBTC15M-26OCT042300-00,0.0160,13.00,yes
2026-10-05T02:57:27.074732Z,KXBTC15M-26OCT042300-00,0.0160,0.01,yes
2026-10-05T02:57:27.074732Z,KXBTC15M-26OCT042300-00,0.0160,384.00,yes
2026-10-05T02:57:27.074732Z,KXBTC15M-26OCT042300-00,0.0160,194.33,yes
2026-10-05T02:57:27.074732Z,KXBTC15M-26OCT042300-00,0.0160,78.65,yes
2026-10-05T02:57:27.074732Z,KXBTC15M-26OCT042300-00,0.0160,0.01,yes
2026-10-05T02:57:27.075074Z,KXBTC15M-26OCT042300-00,0.0160,219.65,yes
2026-10-05T02:57:27.075074Z,KXBTC15M-26OCT042300-00,0.0160,305.35,yes
2026-10-05T02:57:27.175761Z,KXBTC15M-26OCT042300-00,0.0150,12.46,no
2026-10-05T02:57:27.179542Z,KXBTC15M-26OCT042300-00,0.0160,81.70,yes
2026-10-05T02:57:27.179542Z,KXBTC15M-26OCT042300-00,0.0160,155.75,yes
2026-10-05T02:57:27.183175Z,KXBTC15M-26OCT042300-00,0.0160,18.95,yes
2026-10-05T02:57:27.234105Z,KXBTC15M-26OCT042300-00,0.0160,25.30,yes
2026-10-05T02:57:27.234105Z,KXBTC15M-26OCT042300-00,0.0160,0.01,yes
2026-10-05T02:57:27.234105Z,KXBTC15M-26OCT042300-00,0.0160,73.17,yes
2026-10-05T02:57:27.234105Z,KXBTC15M-26OCT042300-00,0.0160,0.01,yes
2026-10-05T02:57:27.245229Z,KXBTC15M-26OCT042300-00,0.0150,0.01,no
2026-10-05T02:57:27.245229Z,KXBTC15M-26OCT042300-00,0.0150,366.00,no
2026-10-05T02:57:27.245229Z,KXBTC15M-26OCT042300-00,0.0150,14.00,no
2026-10-05T02:57:27.245229Z,KXBTC15M-26OCT042300-00,0.0150,308.50,no
2026-10-05T02:57:27.245229Z,KXBTC15M-26OCT042300-00,0.0150,0.01,no
2026-10-05T02:57:27.245229Z,KXBTC15M-26OCT042300-00,0.0150,334.59,no
2026-10-05T02:57:27.261956Z,KXBTC15M-26OCT042300-00,0.0160,98.49,yes
2026-10-05T02:57:27.290875Z,KXBTC15M-26OCT042300-00,0.0150,4.97,no
2026-10-05T02:57:27.338919Z,KXBTC15M-26OCT042300-00,0.0160,55.13,yes
2026-10-05T02:57:27.345323Z,KXBTC15M-26OCT042300-00,0.0150,54.31,no
2026-10-05T02:57:27.355809Z,KXBTC15M-26OCT042300-00,0.0170,200.00,yes
2026-10-05T02:57:27.355809Z,KXBTC15M-26OCT042300-00,0.0160,200.00,yes
2026-10-05T02:57:27.355809Z,KXBTC15M-26OCT042300-00,0.0180,13.00,yes
2026-10-05T02:57:27.355809Z,KXBTC15M-26OCT042300-00,0.0160,0.01,yes
2026-10-05T02:57:27.355809Z,KXBTC15M-26OCT042300-00,0.0160,0.01,yes
2026-10-05T02:57:27.355809Z,KXBTC15M-26OCT042300-00,0.0160,146.70,yes
2026-10-05T02:57:27.355809Z,KXBTC15M-26OCT042300-00,0.0160,10.51,yes
2026-10-05T02:57:27.355809Z,KXBTC15M-26OCT042300-00,0.0180,212.00,yes
2026-10-05T02:57:27.355809Z,KXBTC15M-26OCT042300-00,0.0170,1000.00,yes
2026-10-05T02:57:27.355809Z,KXBTC15M-26OCT042300-00,0.0190,503.36,yes
2026-10-05T02:57:27.376973Z,KXBTC15M-26OCT042300-00,0.0160,0.01,yes
2026-10-05T02:57:27.376973Z,KXBTC15M-26OCT042300-00,0.0160,0.01,yes
2026-10-05T02:57:27.376973Z,KXBTC15M-26OCT042300-00,0.0170,51.81,yes
2026-10-05T02:57:27.411927Z,KXBTC15M-26OCT042300-00,0.0150,14.00,no
2026-10-05T02:57:27.411927Z,KXBTC15M-26OCT042300-00,0.0150,0.01,no
2026-10-05T02:57:27.411927Z,KXBTC15M-26OCT042300-00,0.0150,0.01,no
2026-10-05T02:57:27.411927Z,KXBTC15M-26OCT042300-00,0.0150,26.58,no
2026-10-05T02:57:27.449177Z,KXBTC15M-26OCT042300-00,0.0160,0.01,yes
2026-10-05T02:57:27.449177Z,KXBTC15M-26OCT042300-00,0.0160,13.00,yes
2026-10-05T02:57:27.449177Z,KXBTC15M-26OCT042300-00,0.0170,0.01,yes
2026-10-05T02:57:27.449177Z,KXBTC15M-26OCT042300-00,0.0170,53.32,yes
2026-10-05T02:57:27.449177Z,KXBTC15M-26OCT042300-00,0.0160,0.01,yes
2026-10-05T02:57:27.476694Z,KXBTC15M-26OCT042300-00,0.0150,4.05,no
2026-10-05T02:57:27.527368Z,KXBTC15M-26OCT042300-00,0.0150,0.01,no
2026-10-05T02:57:27.527368Z,KXBTC15M-26OCT042300-00,0.0150,9.95,no
2026-10-05T02:57:27.527368Z,KXBTC15M-26OCT042300-00,0.0150,0.01,no
2026-10-05T02:57:27.527368Z,KXBTC15M-26OCT042300-00,0.0150,4.05,no
2026-10-05T02:57:27.527368Z,KXBTC15M-26OCT042300-00,0.0150,130.04,no
2026-10-05T02:57:27.529909Z,KXBTC15M-26OCT042300-00,0.0160,0.01,yes
2026-10-05T02:57:27.529909Z,KXBTC15M-26OCT042300-00,0.0160,0.01,yes
2026-10-05T02:57:27.529909Z,KXBTC15M-26OCT042300-00,0.0170,231.23,yes
2026-10-05T02:57:27.529909Z,KXBTC15M-26OCT042300-00,0.0160,15.00,yes
2026-10-05T02:57:27.575097Z,KXBTC15M-26OCT042300-00,0.0160,0.01,yes
2026-10-05T02:57:27.575097Z,KXBTC15M-26OCT042300-00,0.0160,0.01,yes
2026-10-05T02:57:27.575097Z,KXBTC15M-26OCT042300-00,0.0170,0.98,yes
2026-10-05T02:57:27.793236Z,KXBTC15M-26OCT042300-00,0.0150,15.00,no
2026-10-05T02:57:27.793236Z,KXBTC15M-26OCT042300-00,0.0150,183.70,no
2026-10-05T02:57:27.793236Z,KXBTC15M-26OCT042300-00,0.0150,0.01,no
2026-10-05T02:57:27.793236Z,KXBTC15M-26OCT042300-00,0.0150,100.00,no
2026-10-05T02:57:27.793236Z,KXBTC15M-26OCT042300-00,0.0150,0.01,no
2026-10-05T02:57:27.816937Z,KXBTC15M-26OCT042300-00,0.0170,88.46,yes
2026-10-05T02:57:27.816937Z,KXBTC15M-26OCT042300-00,0.0160,15.00,yes
2026-10-05T02:57:27.869506Z,KXBTC15M-26OCT042300-00,0.0150,20.27,no
2026-10-05T02:57:27.873282Z,KXBTC15M-26OCT042300-00,0.0150,20.28,no
2026-10-05T02:57:27.933356Z,KXBTC15M-26OCT042300-00,0.0150,0.01,no
2026-10-05T02:57:27.933356Z,KXBTC15M-26OCT042300-00,0.0150,82.46,no
2026-10-05T02:57:27.933356Z,KXBTC15M-26OCT042300-00,0.0150,175.75,no
2026-10-05T02:57:27.933356Z,KXBTC15M-26OCT042300-00,0.0150,14.00,no
2026-10-05T02:57:27.933356Z,KXBTC15M-26OCT042300-00,0.0150,200.00,no
2026-10-05T02:57:27.933356Z,KXBTC15M-26OCT042300-00,0.0150,0.01,no
2026-10-05T02:57:27.96166Z,KXBTC15M-26OCT042300-00,0.0160,0.01,yes
2026-10-05T02:57:27.96166Z,KXBTC15M-26OCT042300-00,0.0160,0.01,yes
2026-10-05T02:57:27.96166Z,KXBTC15M-26OCT042300-00,0.0170,14.72,yes
2026-10-05T02:57:27.964122Z,KXBTC15M-26OCT042300-00,0.0170,53.93,yes
2026-10-05T02:57:27.974451Z,KXBTC15M-26OCT042300-00,0.0140,302.30,no
2026-10-05T02:57:27.974451Z,KXBTC15M-26OCT042300-00,0.0140,119.07,no
2026-10-05T02:57:27.974451Z,KXBTC15M-26OCT042300-00,0.0150,0.01,no
2026-10-05T02:57:27.974451Z,KXBTC15M-26OCT042300-00,0.0150,15.00,no
2026-10-05T02:57:27.974451Z,KXBTC15M-26OCT042300-00,0.0150,0.01,no
2026-10-05T02:57:27.974451Z,KXBTC15M-26OCT042300-00,0.0150,100.00,no
2026-10-05T02:57:27.974451Z,KXBTC15M-26OCT042300-00,0.0150,14.00,no
2026-10-05T02:57:27.974451Z,KXBTC15M-26OCT042300-00,0.0150,400.00,no
2026-10-05T02:57:27.998605Z,KXBTC15M-26OCT042300-00,0.0150,306.05,no
2026-10-05T02:57:27.998605Z,KXBTC15M-26OCT042300-00,0.0150,0.01,no
2026-10-05T02:57:27.998605Z,KXBTC15M-26OCT042300-00,0.0150,100.54,no
2026-10-05T02:57:27.998605Z,KXBTC15M-26OCT042300-00,0.0150,100.00,no
2026-10-05T02:57:27.998605Z,KXBTC15M-26OCT042300-00,0.0150,0.01,no
2026-10-05T02:57:28.003772Z,KXBTC15M-26OCT042300-00,0.0160,0.01,yes
2026-10-05T02:57:28.003772Z,KXBTC15M-26OCT042300-00,0.0160,0.01,yes
2026-10-05T02:57:28.003772Z,KXBTC15M-26OCT042300-00,0.0160,118.86,yes
2026-10-05T02:57:28.042354Z,KXBTC15M-26OCT042300-00,0.0160,0.21,yes
2026-10-05T02:57:28.042354Z,KXBTC15M-26OCT042300-00,0.0160,0.82,yes
2026-10-05T02:57:28.056291Z,KXBTC15M-26OCT042300-00,0.0170,85.30,yes
2026-10-05T02:57:28.056291Z,KXBTC15M-26OCT042300-00,0.0160,13.00,yes
2026-10-05T02:57:28.056291Z,KXBTC15M-26OCT042300-00,0.0170,231.35,yes
2026-10-05T02:57:28.056291Z,KXBTC15M-26OCT042300-00,0.0170,0.01,yes
2026-10-05T02:57:28.056291Z,KXBTC15M-26OCT042300-00,0.0170,862.00,yes
2026-10-05T02:57:28.056291Z,KXBTC15M-26OCT042300-00,0.0170,0.01,yes
2026-10-05T02:57:28.056291Z,KXBTC15M-26OCT042300-00,0.0160,15.00,yes
2026-10-05T02:57:28.056291Z,KXBTC15M-26OCT042300-00,0.0160,0.01,yes
2026-10-05T02:57:28.056291Z,KXBTC15M-26OCT042300-00,0.0160,0.01,yes
2026-10-05T02:57:28.056291Z,KXBTC15M-26OCT042300-00,0.0160,302.30,yes
2026-10-05T02:57:28.056291Z,KXBTC15M-26OCT042300-00,0.0160,281.13,yes
2026-10-05T02:57:28.070457Z,KXBTC15M-26OCT042300-00,0.0170,83.10,yes
2026-10-05T02:57:28.070457Z,KXBTC15M-26OCT042300-00,0.0160,0.01,yes
2026-10-05T02:57:28.070457Z,KXBTC15M-26OCT042300-00,0.0160,15.00,yes
2026-10-05T02:57:28.070457Z,KXBTC15M-26OCT042300-00,0.0160,0.01,yes
2026-10-05T02:57:28.070869Z,KXBTC15M-26OCT042300-00,0.0170,416.90,yes
2026-10-05T02:57:28.070869Z,KXBTC15M-26OCT042300-00,0.0170,490.53,yes
2026-10-05T02:57:28.083521Z,KXBTC15M-26OCT042300-00,0.0150,13.47,no
2026-10-05T02:57:28.084698Z,KXBTC15M-26OCT042300-00,0.0150,0.53,no
2026-10-05T02:57:28.084698Z,KXBTC15M-26OCT042300-00,0.0150,8.73,no
2026-10-05T02:57:28.084698Z,KXBTC15M-26OCT042300-00,0.0150,0.01,no
2026-10-05T02:57:28.123175Z,KXBTC15M-26OCT042300-00,0.0150,1.00,no
2026-10-05T02:57:28.132353Z,KXBTC15M-26OCT042300-00,0.0170,1.26,yes
2026-10-05T02:57:28.132353Z,KXBTC15M-26OCT042300-00,0.0160,15.00,yes
2026-10-05T02:57:28.132353Z,KXBTC15M-26OCT042300-00,0.0170,0.01,yes
2026-10-05T02:57:28.132353Z,KXBTC15M-26OCT042300-00,0.0160,0.01,yes
2026-10-05T02:57:28.132353Z,KXBTC15M-26OCT042300-00,0.0160,0.01,yes
2026-10-05T02:57:28.134284Z,KXBTC15M-26OCT042300-00,0.0170,303.28,yes
2026-10-05T02:57:28.150878Z,KXBTC15M-26OCT042300-00,0.0150,144.51,no
2026-10-05T02:57:28.199753Z,KXBTC15M-26OCT042300-00,0.0170,0.01,yes
2026-10-05T02:57:28.199753Z,KXBTC15M-26OCT042300-00,0.0160,0.01,yes
2026-10-05T02:57:28.199753Z,KXBTC15M-26OCT042300-00,0.0160,15.00,yes
2026-10-05T02:57:28.199753Z,KXBTC15M-26OCT042300-00,0.0170,93.94,yes
2026-10-05T02:57:28.199753Z,KXBTC15M-26OCT042300-00,0.0170,0.01,yes
2026-10-05T02:57:28.217141Z,KXBTC15M-26OCT042300-00,0.0160,15.00,yes
2026-10-05T02:57:28.217141Z,KXBTC15M-26OCT042300-00,0.0170,47.94,yes
2026-10-05T02:57:28.256369Z,KXBTC15M-26OCT042300-00,0.0150,4.24,no
2026-10-05T02:57:28.260604Z,KXBTC15M-26OCT042300-00,0.0150,56.60,no
2026-10-05T02:57:28.273658Z,KXBTC15M-26OCT042300-00,0.0150,13.51,no
2026-10-05T02:57:28.334378Z,KXBTC15M-26OCT042300-00,0.0150,60.00,no
2026-10-05T02:57:28.385322Z,KXBTC15M-26OCT042300-00,0.0170,5.51,yes
2026-10-05T02:57:28.426848Z,KXBTC15M-26OCT042300-00,0.0170,61.61,yes
2026-10-05T02:57:28.426848Z,KXBTC15M-26OCT042300-00,0.0170,0.01,yes
2026-10-05T02:57:28.426848Z,KXBTC15M-26OCT042300-00,0.0180,36.06,yes
2026-10-05T02:57:28.426848Z,KXBTC15M-26OCT042300-00,0.0180,15.00,yes
2026-10-05T02:57:28.546316Z,KXBTC15M-26OCT042300-00,0.0180,1.13,yes
2026-10-05T02:57:28.607693Z,KXBTC15M-26OCT042300-00,0.0130,223.71,no
2026-10-05T02:57:28.607693Z,KXBTC15M-26OCT042300-00,0.0130,256.00,no
2026-10-05T02:57:28.607693Z,KXBTC15M-26OCT042300-00,0.0140,264.93,no
2026-10-05T02:57:28.607693Z,KXBTC15M-26OCT042300-00,0.0140,100.00,no
2026-10-05T02:57:28.607693Z,KXBTC15M-26OCT042300-00,0.0140,32.00,no
2026-10-05T02:57:28.607693Z,KXBTC15M-26OCT042300-00,0.0150,15.00,no
2026-10-05T02:57:28.607693Z,KXBTC15M-26OCT042300-00,0.0140,13.00,no
2026-10-05T02:57:28.607693Z,KXBTC15M-26OCT042300-00,0.0160,0.01,no
2026-10-05T02:57:28.607693Z,KXBTC15M-26OCT042300-00,0.0160,15.00,no
2026-10-05T02:57:28.607693Z,KXBTC15M-26OCT042300-00,0.0150,15.00,no
2026-10-05T02:57:28.607693Z,KXBTC15M-26OCT042300-00,0.0150,15.00,no
2026-10-05T02:57:28.607693Z,KXBTC15M-26OCT042300-00,0.0150,1000.00,no
2026-10-05T02:57:28.607693Z,KXBTC15M-26OCT042300-00,0.0150,15.00,no
2026-10-05T02:57:28.607693Z,KXBTC15M-26OCT042300-00,0.0150,15.00,no
2026-10-05T02:57:28.607693Z,KXBTC15M-26OCT042300-00,0.0160,0.01,no
2026-10-05T02:57:28.607693Z,KXBTC15M-26OCT042300-00,0.0160,343.00,no
2026-10-05T02:57:28.607693Z,KXBTC15M-26OCT042300-00,0.0150,200.00,no
2026-10-05T02:57:28.607693Z,KXBTC15M-26OCT042300-00,0.0150,500.00,no
2026-10-05T02:57:28.607693Z,KXBTC15M-26OCT042300-00,0.0140,17.00,no
2026-10-05T02:57:28.629112Z,KXBTC15M-26OCT042300-00,0.0170,53.93,yes
2026-10-05T02:57:28.631573Z,KXBTC15M-26OCT042300-00,0.0170,25.00,yes
2026-10-05T02:57:28.676628Z,KXBTC15M-26OCT042300-00,0.0160,0.01,no
2026-10-05T02:57:28.676628Z,KXBTC15M-26OCT042300-00,0.0160,0.01,no
2026-10-05T02:57:28.681086Z,KXBTC15M-26OCT042300-00,0.0140,202.11,no
2026-10-05T02:57:28.696844Z,KXBTC15M-26OCT042300-00,0.0140,192.39,no
2026-10-05T02:57:28.696844Z,KXBTC15M-26OCT042300-00,0.0140,392.00,no
2026-10-05T02:57:28.748128Z,KXBTC15M-26OCT042300-00,0.0140,0.01,no
2026-10-05T02:57:28.748128Z,KXBTC15M-26OCT042300-00,0.0140,13.00,no
2026-10-05T02:57:28.748128Z,KXBTC15M-26OCT042300-00,0.0140,0.01,no
2026-10-05T02:57:28.748128Z,KXBTC15M-26OCT042300-00,0.0140,5.98,no
2026-10-05T02:57:28.759901Z,KXBTC15M-26OCT042300-00,0.0150,107.36,yes
2026-10-05T02:57:28.777107Z,KXBTC15M-26OCT042300-00,0.0140,94.02,no
2026-10-05T02:57:28.777107Z,KXBTC15M-26OCT042300-00,0.0140,3.37,no
2026-10-05T02:57:28.798799Z,KXBTC15M-26OCT042300-00,0.0150,55.74,yes
2026-10-05T02:57:28.846449Z,KXBTC15M-26OCT042300-00,0.0150,3.00,yes
2026-10-05T02:57:28.853866Z,KXBTC15M-26OCT042300-00,0.0150,15.00,yes
2026-10-05T02:57:28.853866Z,KXBTC15M-26OCT042300-00,0.0150,27.87,yes
2026-10-05T02:57:28.853866Z,KXBTC15M-26OCT042300-00,0.0150,67.90,yes
2026-10-05T02:57:28.872379Z,KXBTC15M-26OCT042300-00,0.0150,55.04,yes
2026-10-05T02:57:28.8907Z,KXBTC15M-26OCT042300-00,0.0130,25.00,no
2026-10-05T02:57:28.8907Z,KXBTC15M-26OCT042300-00,0.0130,256.00,no
2026-10-05T02:57:28.8907Z,KXBTC15M-26OCT042300-00,0.0120,2500.00,no
2026-10-05T02:57:28.8907Z,KXBTC15M-26OCT042300-00,0.0130,32.29,no
2026-10-05T02:57:28.8907Z,KXBTC15M-26OCT042300-00,0.0120,174.23,no
2026-10-05T02:57:28.8907Z,KXBTC15M-26OCT042300-00,0.0130,256.00,no
2026-10-05T02:57:28.8907Z,KXBTC15M-26OCT042300-00,0.0130,10.00,no
2026-10-05T02:57:28.8907Z,KXBTC15M-26OCT042300-00,0.0130,100.00,no
2026-10-05T02:57:28.8907Z,KXBTC15M-26OCT042300-00,0.0140,15.00,no
2026-10-05T02:57:28.8907Z,KXBTC15M-26OCT042300-00,0.0140,0.01,no
2026-10-05T02:57:28.8907Z,KXBTC15M-26OCT042300-00,0.0130,1000.00,no
2026-10-05T02:57:28.8907Z,KXBTC15M-26OCT042300-00,0.0130,32.00,no
2026-10-05T02:57:28.8907Z,KXBTC15M-26OCT042300-00,0.0130,100.00,no
2026-10-05T02:57:28.8907Z,KXBTC15M-26OCT042300-00,0.0140,0.01,no
2026-10-05T02:57:28.8907Z,KXBTC15M-26OCT042300-00,0.0140,200.00,no
2026-10-05T02:57:28.8907Z,KXBTC15M-26OCT042300-00,0.0130,422.00,no
2026-10-05T02:57:28.8907Z,KXBTC15M-26OCT042300-00,0.0140,13.00,no
2026-10-05T02:57:28.8907Z,KXBTC15M-26OCT042300-00,0.0140,100.00,no
2026-10-05T02:57:28.8907Z,KXBTC15M-26OCT042300-00,0.0130,200.00,no
2026-10-05T02:57:28.8907Z,KXBTC15M-26OCT042300-00,0.0140,396.63,no
2026-10-05T02:57:28.93505Z,KXBTC15M-26OCT042300-00,0.0150,51.98,yes
2026-10-05T02:57:28.938Z,KXBTC15M-26OCT042300-00,0.0140,0.01,no
2026-10-05T02:57:28.938Z,KXBTC15M-26OCT042300-00,0.0140,0.01,no
2026-10-05T02:57:28.938Z,KXBTC15M-26OCT042300-00,0.0140,11.78,no
2026-10-05T02:57:29.016773Z,KXBTC15M-26OCT042300-00,0.0150,8.31,yes
2026-10-05T02:57:29.041098Z,KXBTC15M-26OCT042300-00,0.0150,47.30,yes
2026-10-05T02:57:29.04251Z,KXBTC15M-26OCT042300-00,0.0140,24.08,no
2026-10-05T02:57:29.043742Z,KXBTC15M-26OCT042300-00,0.0150,212.28,yes
2026-10-05T02:57:29.073165Z,KXBTC15M-26OCT042300-00,0.0150,246.55,yes
2026-10-05T02:57:29.105955Z,KXBTC15M-26OCT042300-00,0.0150,35.31,yes
2026-10-05T02:57:29.105955Z,KXBTC15M-26OCT042300-00,0.0150,15.00,yes
2026-10-05T02:57:29.105955Z,KXBTC15M-26OCT042300-00,0.0150,90.00,yes
2026-10-05T02:57:29.105955Z,KXBTC15M-26OCT042300-00,0.0150,88.67,yes
2026-10-05T02:57:29.105955Z,KXBTC15M-26OCT042300-00,0.0150,15.00,yes
2026-10-05T02:57:29.105955Z,KXBTC15M-26OCT042300-00,0.0150,200.00,yes
2026-10-05T02:57:29.105955Z,KXBTC15M-26OCT042300-00,0.0150,0.01,yes
2026-10-05T02:57:29.105955Z,KXBTC15M-26OCT042300-00,0.0150,0.01,yes
2026-10-05T02:57:29.108204Z,KXBTC15M-26OCT042300-00,0.0150,10.14,yes
2026-10-05T02:57:29.27306Z,KXBTC15M-26OCT042300-00,0.0150,1.00,yes
2026-10-05T02:57:29.27347Z,KXBTC15M-26OCT042300-00,0.0140,224.82,no
2026-10-05T02:57:29.30267Z,KXBTC15M-26OCT042300-00,0.0140,200.00,no
2026-10-05T02:57:29.30267Z,KXBTC15M-26OCT042300-00,0.0130,399.00,no
2026-10-05T02:57:29.30267Z,KXBTC15M-26OCT042300-00,0.0130,114.76,no
2026-10-05T02:57:29.30267Z,KXBTC15M-26OCT042300-00,0.0140,15.00,no
2026-10-05T02:57:29.30267Z,KXBTC15M-26OCT042300-00,0.0140,151.10,no
2026-10-05T02:57:29.30267Z,KXBTC15M-26OCT042300-00,0.0140,100.00,no
2026-10-05T02:57:29.30267Z,KXBTC15M-26OCT042300-00,0.0140,0.01,no
2026-10-05T02:57:29.30267Z,KXBTC15M-26OCT042300-00,0.0130,14.00,no
2026-10-05T02:57:29.30267Z,KXBTC15M-26OCT042300-00,0.0140,0.01,no
2026-10-05T02:57:29.304318Z,KXBTC15M-26OCT042300-00,0.0150,1.10,yes
2026-10-05T02:57:29.354607Z,KXBTC15M-26OCT042300-00,0.0150,2.57,yes
2026-10-05T02:57:29.370478Z,KXBTC15M-26OCT042300-00,0.0150,56.85,yes
2026-10-05T02:57:29.412221Z,KXBTC15M-26OCT042300-00,0.0140,0.01,no
2026-10-05T02:57:29.412221Z,KXBTC15M-26OCT042300-00,0.0140,0.01,no
2026-10-05T02:57:29.412221Z,KXBTC15M-26OCT042300-00,0.0140,0.98,no
2026-10-05T02:57:29.426206Z,KXBTC15M-26OCT042300-00,0.0140,2.39,no
2026-10-05T02:57:29.450268Z,KXBTC15M-26OCT042300-00,0.0150,5.30,yes
2026-10-05T02:57:29.451116Z,KXBTC15M-26OCT042300-00,0.0120,256.00,no
2026-10-05T02:57:29.451116Z,KXBTC15M-26OCT042300-00,0.0120,256.00,no
2026-10-05T02:57:29.451116Z,KXBTC15M-26OCT042300-00,0.0120,256.00,no
2026-10-05T02:57:29.451116Z,KXBTC15M-26OCT042300-00,0.0120,256.00,no
2026-10-05T02:57:29.451116Z,KXBTC15M-26OCT042300-00,0.0120,155.77,no
2026-10-05T02:57:29.451116Z,KXBTC15M-26OCT042300-00,0.0120,1047.00,no
2026-10-05T02:57:29.451116Z,KXBTC15M-26OCT042300-00,0.0140,0.01,no
2026-10-05T02:57:29.451116Z,KXBTC15M-26OCT042300-00,0.0140,396.63,no
2026-10-05T02:57:29.451116Z,KXBTC15M-26OCT042300-00,0.0130,85.24,no
2026-10-05T02:57:29.451116Z,KXBTC15M-26OCT042300-00,0.0140,100.00,no
2026-10-05T02:57:29.451116Z,KXBTC15M-26OCT042300-00,0.0130,14.00,no
2026-10-05T02:57:29.451116Z,KXBTC15M-26OCT042300-00,0.0130,598.00,no
2026-10-05T02:57:29.451116Z,KXBTC15M-26OCT042300-00,0.0140,200.00,no
2026-10-05T02:57:29.451116Z,KXBTC15M-26OCT042300-00,0.0140,0.01,no
2026-10-05T02:57:29.451116Z,KXBTC15M-26OCT042300-00,0.0120,48.31,no
2026-10-05T02:57:29.494597Z,KXBTC15M-26OCT042300-00,0.0150,31.13,yes
2026-10-05T02:57:29.511605Z,KXBTC15M-26OCT042300-00,0.0150,112.60,yes
2026-10-05T02:57:29.511605Z,KXBTC15M-26OCT042300-00,0.0150,202.16,yes
2026-10-05T02:57:29.592275Z,KXBTC15M-26OCT042300-00,0.0150,26.47,yes
2026-10-05T02:57:29.616425Z,KXBTC15M-26OCT042300-00,0.0150,27.37,yes
2026-10-05T02:57:29.616425Z,KXBTC15M-26OCT042300-00,0.0150,20.09,yes
2026-10-05T02:57:29.61654Z,KXBTC15M-26OCT042300-00,0.0140,0.01,no
2026-10-05T02:57:29.61654Z,KXBTC15M-26OCT042300-00,0.0140,102.62,no
2026-10-05T02:57:29.61654Z,KXBTC15M-26OCT042300-00,0.0140,0.01,no
2026-10-05T02:57:29.61654Z,KXBTC15M-26OCT042300-00,0.0140,100.00,no
2026-10-05T02:57:29.714623Z,KXBTC15M-26OCT042300-00,0.0140,13.08,no
2026-10-05T02:57:29.753724Z,KXBTC15M-26OCT042300-00,0.0150,1.73,yes
2026-10-05T02:57:29.753724Z,KXBTC15M-26OCT042300-00,0.0150,0.01,yes
2026-10-05T02:57:29.753724Z,KXBTC15M-26OCT042300-00,0.0150,0.01,yes
2026-10-05T02:57:29.753724Z,KXBTC15M-26OCT042300-00,0.0150,15.00,yes
2026-10-05T02:57:29.753724Z,KXBTC15M-26OCT042300-00,0.0150,12.20,yes
2026-10-05T02:57:29.753724Z,KXBTC15M-26OCT042300-00,0.0150,33.41,yes
2026-10-05T02:57:29.761699Z,KXBTC15M-26OCT042300-00,0.0150,3.94,yes
2026-10-05T02:57:29.762849Z,KXBTC15M-26OCT042300-00,0.0150,19.00,yes
2026-10-05T02:57:29.788214Z,KXBTC15M-26OCT042300-00,0.0140,26.44,no
2026-10-05T02:57:29.813633Z,KXBTC15M-26OCT042300-00,0.0150,18.33,yes
2026-10-05T02:57:29.824649Z,KXBTC15M-26OCT042300-00,0.0150,100.00,yes
2026-10-05T02:57:29.824649Z,KXBTC15M-26OCT042300-00,0.0150,57.00,yes
2026-10-05T02:57:29.824649Z,KXBTC15M-26OCT042300-00,0.0150,154.83,yes
2026-10-05T02:57:29.914829Z,KXBTC15M-26OCT042300-00,0.0150,19.79,yes
2026-10-05T02:57:29.915249Z,KXBTC15M-26OCT042300-00,0.0140,124.62,no
2026-10-05T02:57:29.951559Z,KXBTC15M-26OCT042300-00,0.0140,20.26,no
2026-10-05T02:57:29.981465Z,KXBTC15M-26OCT042300-00,0.0150,81.38,yes
2026-10-05T02:57:29.981465Z,KXBTC15M-26OCT042300-00,0.0150,81.58,yes
2026-10-05T02:57:30.014191Z,KXBTC15M-26OCT042300-00,0.0140,2.02,no
2026-10-05T02:57:30.090109Z,KXBTC15M-26OCT042300-00,0.0140,95.24,no
2026-10-05T02:57:30.096891Z,KXBTC15M-26OCT042300-00,0.0150,256.00,yes
2026-10-05T02:57:30.096891Z,KXBTC15M-26OCT042300-00,0.0150,256.00,yes
2026-10-05T02:57:30.096891Z,KXBTC15M-26OCT042300-00,0.0150,245.75,yes
2026-10-05T02:57:30.17113Z,KXBTC15M-26OCT042300-00,0.0150,1.39,yes
2026-10-05T02:57:30.17113Z,KXBTC15M-26OCT042300-00,0.0150,10.25,yes
2026-10-05T02:57:30.19951Z,KXBTC15M-26OCT042300-00,0.0140,100.00,no
2026-10-05T02:57:30.19951Z,KXBTC15M-26OCT042300-00,0.0140,0.01,no
2026-10-05T02:57:30.19951Z,KXBTC15M-26OCT042300-00,0.0140,15.72,no
2026-10-05T02:57:30.19951Z,KXBTC15M-26OCT042300-00,0.0140,137.56,no
2026-10-05T02:57:30.19951Z,KXBTC15M-26OCT042300-00,0.0140,0.01,no
2026-10-05T02:57:30.22094Z,KXBTC15M-26OCT042300-00,0.0170,186.00,yes
2026-10-05T02:57:30.22094Z,KXBTC15M-26OCT042300-00,0.0170,223.71,yes
2026-10-05T02:57:30.22094Z,KXBTC15M-26OCT042300-00,0.0160,113.23,yes
2026-10-05T02:57:30.22094Z,KXBTC15M-26OCT042300-00,0.0170,256.00,yes
2026-10-05T02:57:30.22094Z,KXBTC15M-26OCT042300-00,0.0170,15.00,yes
2026-10-05T02:57:30.22094Z,KXBTC15M-26OCT042300-00,0.0160,101.77,yes
2026-10-05T02:57:30.22094Z,KXBTC15M-26OCT042300-00,0.0150,0.01,yes
2026-10-05T02:57:30.22094Z,KXBTC15M-26OCT042300-00,0.0150,1.61,yes
2026-10-05T02:57:30.22094Z,KXBTC15M-26OCT042300-00,0.0150,48.31,yes
2026-10-05T02:57:30.22094Z,KXBTC15M-26OCT042300-00,0.0150,0.01,yes
2026-10-05T02:57:30.22094Z,KXBTC15M-26OCT042300-00,0.0150,15.00,yes
2026-10-05T02:57:30.22094Z,KXBTC15M-26OCT042300-00,0.0170,200.00,yes
2026-10-05T02:57:30.22094Z,KXBTC15M-26OCT042300-00,0.0160,200.00,yes
2026-10-05T02:57:30.22094Z,KXBTC15M-26OCT042300-00,0.0160,1000.00,yes
2026-10-05T02:57:30.22094Z,KXBTC15M-26OCT042300-00,0.0160,15.00,yes
2026-10-05T02:57:30.238334Z,KXBTC15M-26OCT042300-00,0.0160,0.01,yes
2026-10-05T02:57:30.238334Z,KXBTC15M-26OCT042300-00,0.0170,14.32,yes
2026-10-05T02:57:30.238334Z,KXBTC15M-26OCT042300-00,0.0160,0.01,yes
2026-10-05T02:57:30.25424Z,KXBTC15M-26OCT042300-00,0.0150,6.93,no
2026-10-05T02:57:30.267327Z,KXBTC15M-26OCT042300-00,0.0150,69.34,no
2026-10-05T02:57:30.267327Z,KXBTC15M-26OCT042300-00,0.0150,0.01,no
2026-10-05T02:57:30.267327Z,KXBTC15M-26OCT042300-00,0.0150,0.01,no
2026-10-05T02:57:30.270472Z,KXBTC15M-26OCT042300-00,0.0160,0.01,yes
2026-10-05T02:57:30.270472Z,KXBTC15M-26OCT042300-00,0.0160,1.03,yes
2026-10-05T02:57:30.270472Z,KXBTC15M-26OCT042300-00,0.0160,0.01,yes
2026-10-05T02:57:30.270472Z,KXBTC15M-26OCT042300-00,0.0160,15.00,yes
2026-10-05T02:57:30.298928Z,KXBTC15M-26OCT042300-00,0.0150,20.26,no
2026-10-05T02:57:30.322545Z,KXBTC15M-26OCT042300-00,0.0150,0.01,no
2026-10-05T02:57:30.322545Z,KXBTC15M-26OCT042300-00,0.0150,15.00,no
2026-10-05T02:57:30.322545Z,KXBTC15M-26OCT042300-00,0.0150,1.44,no
2026-10-05T02:57:30.322545Z,KXBTC15M-26OCT042300-00,0.0150,0.01,no
2026-10-05T02:57:30.322545Z,KXBTC15M-26OCT042300-00,0.0150,15.00,no
2026-10-05T02:57:30.340964Z,KXBTC15M-26OCT042300-00,0.0160,0.76,yes
2026-10-05T02:57:30.381006Z,KXBTC15M-26OCT042300-00,0.0150,10.00,no
2026-10-05T02:57:30.381006Z,KXBTC15M-26OCT042300-00,0.0140,15.00,no
2026-10-05T02:57:30.381006Z,KXBTC15M-26OCT042300-00,0.0140,15.00,no
2026-10-05T02:57:30.381006Z,KXBTC15M-26OCT042300-00,0.0140,51.79,no
2026-10-05T02:57:30.381006Z,KXBTC15M-26OCT042300-00,0.0150,13.56,no
2026-10-05T02:57:30.381006Z,KXBTC15M-26OCT042300-00,0.0150,0.01,no
2026-10-05T02:57:30.381006Z,KXBTC15M-26OCT042300-00,0.0150,0.01,no
2026-10-05T02:57:30.403466Z,KXBTC15M-26OCT042300-00,0.0160,15.00,yes
2026-10-05T02:57:30.403466Z,KXBTC15M-26OCT042300-00,0.0170,79.11,yes
2026-10-05T02:57:30.403466Z,KXBTC15M-26OCT042300-00,0.0160,0.01,yes
2026-10-05T02:57:30.403466Z,KXBTC15M-26OCT042300-00,0.0160,13.00,yes
2026-10-05T02:57:30.403466Z,KXBTC15M-26OCT042300-00,0.0160,13.21,yes
2026-10-05T02:57:30.403466Z,KXBTC15M-26OCT042300-00,0.0160,0.01,yes
2026-10-05T02:57:30.409533Z,KXBTC15M-26OCT042300-00,0.0150,0.01,no
2026-10-05T02:57:30.409533Z,KXBTC15M-26OCT042300-00,0.0150,0.01,no
2026-10-05T02:57:30.409533Z,KXBTC15M-26OCT042300-00,0.0150,2.66,no
2026-10-05T02:57:30.410621Z,KXBTC15M-26OCT042300-00,0.0150,7.34,no
2026-10-05T02:57:30.443238Z,KXBTC15M-26OCT042300-00,0.0150,15.00,yes
2026-10-05T02:57:30.459325Z,KXBTC15M-26OCT042300-00,0.0140,0.01,no
2026-10-05T02:57:30.459325Z,KXBTC15M-26OCT042300-00,0.0140,331.04,no
2026-10-05T02:57:30.459325Z,KXBTC15M-26OCT042300-00,0.0140,13.00,no
2026-10-05T02:57:30.459325Z,KXBTC15M-26OCT042300-00,0.0140,0.01,no
2026-10-05T02:57:30.464692Z,KXBTC15M-26OCT042300-00,0.0140,6.73,no
2026-10-05T02:57:30.527452Z,KXBTC15M-26OCT042300-00,0.0140,64.00,no
2026-10-05T02:57:30.527461Z,KXBTC15M-26OCT042300-00,0.0150,181.44,yes
2026-10-05T02:57:30.527461Z,KXBTC15M-26OCT042300-00,0.0150,0.01,yes
2026-10-05T02:57:30.527461Z,KXBTC15M-26OCT042300-00,0.0150,0.01,yes
2026-10-05T02:57:30.527461Z,KXBTC15M-26OCT042300-00,0.0150,12.54,yes
2026-10-05T02:57:30.538311Z,KXBTC15M-26OCT042300-00,0.0150,17.54,yes
2026-10-05T02:57:30.538311Z,KXBTC15M-26OCT042300-00,0.0150,2.46,yes
2026-10-05T02:57:30.551852Z,KXBTC15M-26OCT042300-00,0.0150,187.09,yes
2026-10-05T02:57:30.556132Z,KXBTC15M-26OCT042300-00,0.0150,1.98,yes
2026-10-05T02:57:30.561016Z,KXBTC15M-26OCT042300-00,0.0150,311.83,yes
2026-10-05T02:57:30.578458Z,KXBTC15M-26OCT042300-00,0.0150,66.00,yes
2026-10-05T02:57:30.615108Z,KXBTC15M-26OCT042300-00,0.0140,65.85,no
2026-10-05T02:57:30.632308Z,KXBTC15M-26OCT042300-00,0.0140,70.15,no
2026-10-05T02:57:30.632308Z,KXBTC15M-26OCT042300-00,0.0140,100.00,no
2026-10-05T02:57:30.632308Z,KXBTC15M-26OCT042300-00,0.0140,0.01,no
2026-10-05T02:57:30.632308Z,KXBTC15M-26OCT042300-00,0.0140,13.00,no
2026-10-05T02:57:30.632308Z,KXBTC15M-26OCT042300-00,0.0140,0.01,no
2026-10-05T02:57:30.632308Z,KXBTC15M-26OCT042300-00,0.0140,8.32,no
2026-10-05T02:57:30.638089Z,KXBTC15M-26OCT042300-00,0.0140,109.34,no
2026-10-05T02:57:30.651387Z,KXBTC15M-26OCT042300-00,0.0140,4.07,no
2026-10-05T02:57:30.699778Z,KXBTC15M-26OCT042300-00,0.0110,1.00,no
2026-10-05T02:57:30.699778Z,KXBTC15M-26OCT042300-00,0.0110,352.00,no
2026-10-05T02:57:30.699778Z,KXBTC15M-26OCT042300-00,0.0110,512.00,no
2026-10-05T02:57:30.699778Z,KXBTC15M-26OCT042300-00,0.0100,327.00,no
2026-10-05T02:57:30.699778Z,KXBTC15M-26OCT042300-00,0.0100,6.00,no
2026-10-05T02:57:30.699778Z,KXBTC15M-26OCT042300-00,0.0100,329.07,no
2026-10-05T02:57:30.699778Z,KXBTC15M-26OCT042300-00,0.0110,512.00,no
2026-10-05T02:57:30.699778Z,KXBTC15M-26OCT042300-00,0.0110,2500.00,no
2026-10-05T02:57:30.699778Z,KXBTC15M-26OCT042300-00,0.0110,133.64,no
2026-10-05T02:57:30.699778Z,KXBTC15M-26OCT042300-00,0.0110,300.00,no
2026-10-05T02:57:30.699778Z,KXBTC15M-26OCT042300-00,0.0100,260.00,no
2026-10-05T02:57:30.699778Z,KXBTC15M-26OCT042300-00,0.0110,150.00,no
2026-10-05T02:57:30.699778Z,KXBTC15M-26OCT042300-00,0.0110,512.00,no
2026-10-05T02:57:30.699778Z,KXBTC15M-26OCT042300-00,0.0110,1.00,no
2026-10-05T02:57:30.699778Z,KXBTC15M-26OCT042300-00,0.0110,1.00,no
2026-10-05T02:57:30.699778Z,KXBTC15M-26OCT042300-00,0.0110,20.00,no
2026-10-05T02:57:30.699778Z,KXBTC15M-26OCT042300-00,0.0110,100.00,no
2026-10-05T02:57:30.699778Z,KXBTC15M-26OCT042300-00,0.0110,2.00,no
2026-10-05T02:57:30.699778Z,KXBTC15M-26OCT042300-00,0.0110,1.00,no
2026-10-05T02:57:30.699778Z,KXBTC15M-26OCT042300-00,0.0110,10.00,no
2026-10-05T02:57:30.699778Z,KXBTC15M-26OCT042300-00,0.0110,2.00,no
2026-10-05T02:57:30.699778Z,KXBTC15M-26OCT042300-00,0.0110,2.00,no
2026-10-05T02:57:30.699778Z,KXBTC15M-26OCT042300-00,0.0140,302.51,no
2026-10-05T02:57:30.699778Z,KXBTC15M-26OCT042300-00,0.0120,30.00,no
2026-10-05T02:57:30.699778Z,KXBTC15M-26OCT042300-00,0.0110,1.00,no
2026-10-05T02:57:30.699778Z,KXBTC15M-26OCT042300-00,0.0120,1018.88,no
2026-10-05T02:57:30.699778Z,KXBTC15M-26OCT042300-00,0.0120,2.00,no
2026-10-05T02:57:30.699778Z,KXBTC15M-26OCT042300-00,0.0110,2.00,no
2026-10-05T02:57:30.699778Z,KXBTC15M-26OCT042300-00,0.0140,0.01,no
2026-10-05T02:57:30.699778Z,KXBTC15M-26OCT042300-00,0.0130,200.00,no
2026-10-05T02:57:30.699778Z,KXBTC15M-26OCT042300-00,0.0120,2.00,no
2026-10-05T02:57:30.699778Z,KXBTC15M-26OCT042300-00,0.0140,278.27,no
2026-10-05T02:57:30.699778Z,KXBTC15M-26OCT042300-00,0.0140,13.00,no
2026-10-05T02:57:30.699778Z,KXBTC15M-26OCT042300-00,0.0120,10.00,no
2026-10-05T02:57:30.699778Z,KXBTC15M-26OCT042300-00,0.0140,0.01,no
2026-10-05T02:57:30.699778Z,KXBTC15M-26OCT042300-00,0.0140,200.00,no
2026-10-05T02:57:30.699778Z,KXBTC15M-26OCT042300-00,0.0140,15.00,no
2026-10-05T02:57:30.699778Z,KXBTC15M-26OCT042300-00,0.0140,1.00,no
2026-10-05T02:57:30.699778Z,KXBTC15M-26OCT042300-00,0.0130,100.00,no
2026-10-05T02:57:30.699778Z,KXBTC15M-26OCT042300-00,0.0130,518.00,no
2026-10-05T02:57:30.699778Z,KXBTC15M-26OCT042300-00,0.0120,51.69,no
2026-10-05T02:57:30.699778Z,KXBTC15M-26OCT042300-00,0.0110,100.00,no
2026-10-05T02:57:30.701668Z,KXBTC15M-26OCT042300-00,0.0100,0.10,no
2026-10-05T02:57:30.702817Z,KXBTC15M-26OCT042300-00,0.0160,40.79,yes
2026-10-05T02:57:30.702817Z,KXBTC15M-26OCT042300-00,0.0150,0.01,yes
2026-10-05T02:57:30.702817Z,KXBTC15M-26OCT042300-00,0.0150,0.01,yes
2026-10-05T02:57:30.702817Z,KXBTC15M-26OCT042300-00,0.0150,15.00,yes
2026-10-05T02:57:30.734849Z,KXBTC15M-26OCT042300-00,0.0140,0.01,no
2026-10-05T02:57:30.734849Z,KXBTC15M-26OCT042300-00,0.0130,196.98,no
2026-10-05T02:57:30.734849Z,KXBTC15M-26OCT042300-00,0.0140,15.00,no
2026-10-05T02:57:30.734849Z,KXBTC15M-26OCT042300-00,0.0140,0.01,no
2026-10-05T02:57:30.789909Z,KXBTC15M-26OCT042300-00,0.0130,13.09,yes
2026-10-05T02:57:30.797335Z,KXBTC15M-26OCT042300-00,0.0130,55.81,yes
2026-10-05T02:57:30.816928Z,KXBTC15M-26OCT042300-00,0.0120,9.00,no
2026-10-05T02:57:30.816928Z,KXBTC15M-26OCT042300-00,0.0120,0.01,no
2026-10-05T02:57:30.853728Z,KXBTC15M-26OCT042300-00,0.0130,112.22,yes
2026-10-05T02:57:30.853934Z,KXBTC15M-26OCT042300-00,0.0120,0.04,no
2026-10-05T02:57:30.862628Z,KXBTC15M-26OCT042300-00,0.0120,9.92,no
2026-10-05T02:57:30.883432Z,KXBTC15M-26OCT042300-00,0.0120,373.50,no
2026-10-05T02:57:30.908258Z,KXBTC15M-26OCT042300-00,0.0130,0.01,yes
2026-10-05T02:57:30.908258Z,KXBTC15M-26OCT042300-00,0.0130,0.01,yes
2026-10-05T02:57:30.908258Z,KXBTC15M-26OCT042300-00,0.0130,15.00,yes
2026-10-05T02:57:30.908258Z,KXBTC15M-26OCT042300-00,0.0130,0.22,yes
2026-10-05T02:57:31.007786Z,KXBTC15M-26OCT042300-00,0.0130,16.44,yes
2026-10-05T02:57:31.007786Z,KXBTC15M-26OCT042300-00,0.0130,0.01,yes
2026-10-05T02:57:31.007786Z,KXBTC15M-26OCT042300-00,0.0130,14.78,yes
2026-10-05T02:57:31.024427Z,KXBTC15M-26OCT042300-00,0.0120,11.59,no
2026-10-05T02:57:31.038344Z,KXBTC15M-26OCT042300-00,0.0120,53.95,no
2026-10-05T02:57:31.038344Z,KXBTC15M-26OCT042300-00,0.0120,34.40,no
2026-10-05T02:57:31.038344Z,KXBTC15M-26OCT042300-00,0.0120,0.01,no
2026-10-05T02:57:31.070129Z,KXBTC15M-26OCT042300-00,0.0130,12.77,yes
2026-10-05T02:57:31.072342Z,KXBTC15M-26OCT042300-00,0.0120,283.00,no
2026-10-05T02:57:31.128337Z,KXBTC15M-26OCT042300-00,0.0130,0.26,yes
2026-10-05T02:57:31.16577Z,KXBTC15M-26OCT042300-00,0.0120,51.28,no
2026-10-05T02:57:31.191843Z,KXBTC15M-26OCT042300-00,0.0120,15.00,no
2026-10-05T02:57:31.191843Z,KXBTC15M-26OCT042300-00,0.0120,3.67,no
2026-10-05T02:57:31.191843Z,KXBTC15M-26OCT042300-00,0.0120,31.32,no
2026-10-05T02:57:31.191843Z,KXBTC15M-26OCT042300-00,0.0120,0.01,no
2026-10-05T02:57:31.219856Z,KXBTC15M-26OCT042300-00,0.0120,57.00,no
2026-10-05T02:57:31.277523Z,KXBTC15M-26OCT042300-00,0.0120,1.06,no
2026-10-05T02:57:31.31457Z,KXBTC15M-26OCT042300-00,0.0120,2.37,no
2026-10-05T02:57:31.348245Z,KXBTC15M-26OCT042300-00,0.0130,88.11,yes
2026-10-05T02:57:31.386701Z,KXBTC15M-26OCT042300-00,0.0130,26.44,yes
2026-10-05T02:57:31.386701Z,KXBTC15M-26OCT042300-00,0.0130,0.01,yes
2026-10-05T02:57:31.386701Z,KXBTC15M-26OCT042300-00,0.0130,32.42,yes
2026-10-05T02:57:31.399939Z,KXBTC15M-26OCT042300-00,0.0130,0.01,yes
2026-10-05T02:57:31.399939Z,KXBTC15M-26OCT042300-00,0.0130,75.60,yes
2026-10-05T02:57:31.399939Z,KXBTC15M-26OCT042300-00,0.0130,51.69,yes
2026-10-05T02:57:31.399939Z,KXBTC15M-26OCT042300-00,0.0130,15.00,yes
2026-10-05T02:57:31.399939Z,KXBTC15M-26OCT042300-00,0.0130,173.56,yes
2026-10-05T02:57:31.399939Z,KXBTC15M-26OCT042300-00,0.0130,1.00,yes
2026-10-05T02:57:31.407134Z,KXBTC15M-26OCT042300-00,0.0120,15.16,no
2026-10-05T02:57:31.419577Z,KXBTC15M-26OCT042300-00,0.0130,0.01,yes
2026-10-05T02:57:31.419577Z,KXBTC15M-26OCT042300-00,0.0130,120.00,yes
2026-10-05T02:57:31.419577Z,KXBTC15M-26OCT042300-00,0.0130,24.40,yes
2026-10-05T02:57:31.419577Z,KXBTC15M-26OCT042300-00,0.0130,15.00,yes
2026-10-05T02:57:31.419577Z,KXBTC15M-26OCT042300-00,0.0130,0.01,yes
2026-10-05T02:57:31.419577Z,KXBTC15M-26OCT042300-00,0.0130,18.00,yes
2026-10-05T02:57:31.430563Z,KXBTC15M-26OCT042300-00,0.0130,0.01,yes
2026-10-05T02:57:31.430563Z,KXBTC15M-26OCT042300-00,0.0130,0.01,yes
2026-10-05T02:57:31.430563Z,KXBTC15M-26OCT042300-00,0.0140,3.49,yes
2026-10-05T02:57:31.447744Z,KXBTC15M-26OCT042300-00,0.0120,25.28,no
2026-10-05T02:57:31.494727Z,KXBTC15M-26OCT042300-00,0.0120,0.01,no
2026-10-05T02:57:31.494727Z,KXBTC15M-26OCT042300-00,0.0120,0.01,no
2026-10-05T02:57:31.494727Z,KXBTC15M-26OCT042300-00,0.0120,331.81,no
2026-10-05T02:57:31.494727Z,KXBTC15M-26OCT042300-00,0.0120,353.46,no
2026-10-05T02:57:31.494727Z,KXBTC15M-26OCT042300-00,0.0120,15.00,no
2026-10-05T02:57:31.494727Z,KXBTC15M-26OCT042300-00,0.0120,9.00,no
2026-10-05T02:57:31.503832Z,KXBTC15M-26OCT042300-00,0.0120,15.00,no
2026-10-05T02:57:31.503832Z,KXBTC15M-26OCT042300-00,0.0120,68.19,no
2026-10-05T02:57:31.503832Z,KXBTC15M-26OCT042300-00,0.0120,15.00,no
2026-10-05T02:57:31.503832Z,KXBTC15M-26OCT042300-00,0.0120,2.93,no
2026-10-05T02:57:31.559155Z,KXBTC15M-26OCT042300-00,0.0120,11.12,no
2026-10-05T02:57:31.574928Z,KXBTC15M-26OCT042300-00,0.0120,0.01,no
2026-10-05T02:57:31.574928Z,KXBTC15M-26OCT042300-00,0.0120,2.06,no
2026-10-05T02:57:31.574928Z,KXBTC15M-26OCT042300-00,0.0120,0.01,no
2026-10-05T02:57:31.574928Z,KXBTC15M-26OCT042300-00,0.0120,0.95,no
2026-10-05T02:57:31.589256Z,KXBTC15M-26OCT042300-00,0.0120,3.00,no
2026-10-05T02:57:31.661565Z,KXBTC15M-26OCT042300-00,0.0120,2.02,no
2026-10-05T02:57:31.677749Z,KXBTC15M-26OCT042300-00,0.0130,15.00,yes
2026-10-05T02:57:31.677749Z,KXBTC15M-26OCT042300-00,0.0130,0.01,yes
2026-10-05T02:57:31.677749Z,KXBTC15M-26OCT042300-00,0.0130,15.00,yes
2026-10-05T02:57:31.677749Z,KXBTC15M-26OCT042300-00,0.0130,0.01,yes
2026-10-05T02:57:31.677749Z,KXBTC15M-26OCT042300-00,0.0140,55.98,yes
2026-10-05T02:57:31.677749Z,KXBTC15M-26OCT042300-00,0.0130,14.00,yes
2026-10-05T02:57:31.688586Z,KXBTC15M-26OCT042300-00,0.0120,4.00,no
2026-10-05T02:57:31.705487Z,KXBTC15M-26OCT042300-00,0.0100,512.00,no
2026-10-05T02:57:31.705487Z,KXBTC15M-26OCT042300-00,0.0100,182.83,no
2026-10-05T02:57:31.705487Z,KXBTC15M-26OCT042300-00,0.0100,147.00,no
2026-10-05T02:57:31.705487Z,KXBTC15M-26OCT042300-00,0.0100,73.00,no
2026-10-05T02:57:31.705487Z,KXBTC15M-26OCT042300-00,0.0100,150.00,no
2026-10-05T02:57:31.705487Z,KXBTC15M-26OCT042300-00,0.0100,512.00,no
2026-10-05T02:57:31.705487Z,KXBTC15M-26OCT042300-00,0.0100,388.58,no
2026-10-05T02:57:31.705487Z,KXBTC15M-26OCT042300-00,0.0120,100.00,no
2026-10-05T02:57:31.705487Z,KXBTC15M-26OCT042300-00,0.0110,200.00,no
2026-10-05T02:57:31.705487Z,KXBTC15M-26OCT042300-00,0.0110,95.00,no
2026-10-05T02:57:31.705487Z,KXBTC15M-26OCT042300-00,0.0120,0.01,no
2026-10-05T02:57:31.705487Z,KXBTC15M-26OCT042300-00,0.0120,200.00,no
2026-10-05T02:57:31.705487Z,KXBTC15M-26OCT042300-00,0.0120,15.00,no
2026-10-05T02:57:31.705487Z,KXBTC15M-26OCT042300-00,0.0120,0.01,no
2026-10-05T02:57:31.705487Z,KXBTC15M-26OCT042300-00,0.0120,388.92,no
2026-10-05T02:57:31.705487Z,KXBTC15M-26OCT042300-00,0.0120,15.00,no
2026-10-05T02:57:31.705487Z,KXBTC15M-26OCT042300-00,0.0110,231.00,no
2026-10-05T02:57:31.705487Z,KXBTC15M-26OCT042300-00,0.0110,39.00,no
2026-10-05T02:57:31.705487Z,KXBTC15M-26OCT042300-00,0.0110,17.00,no
2026-10-05T02:57:31.735806Z,KXBTC15M-26OCT042300-00,0.0130,0.01,yes
2026-10-05T02:57:31.735806Z,KXBTC15M-26OCT042300-00,0.0130,15.00,yes
2026-10-05T02:57:31.735806Z,KXBTC15M-26OCT042300-00,0.0130,0.01,yes
2026-10-05T02:57:31.735806Z,KXBTC15M-26OCT042300-00,0.0130,6.13,yes
2026-10-05T02:57:31.746086Z,KXBTC15M-26OCT042300-00,0.0130,65.60,yes
2026-10-05T02:57:31.746086Z,KXBTC15M-26OCT042300-00,0.0130,14.00,yes
2026-10-05T02:57:31.746086Z,KXBTC15M-26OCT042300-00,0.0130,8.87,yes
2026-10-05T02:57:31.762524Z,KXBTC15M-26OCT042300-00,0.0130,12.80,yes
2026-10-05T02:57:31.779104Z,KXBTC15M-26OCT042300-00,0.0130,1.00,yes
2026-10-05T02:57:31.795366Z,KXBTC15M-26OCT042300-00,0.0130,69.00,yes
2026-10-05T02:57:31.824064Z,KXBTC15M-26OCT042300-00,0.0130,9.26,yes
2026-10-05T02:57:31.84326Z,KXBTC15M-26OCT042300-00,0.0130,180.34,yes
2026-10-05T02:57:31.916227Z,KXBTC15M-26OCT042300-00,0.0120,0.01,no
2026-10-05T02:57:31.916227Z,KXBTC15M-26OCT042300-00,0.0120,15.00,no
2026-10-05T02:57:31.916227Z,KXBTC15M-26OCT042300-00,0.0120,121.50,no
2026-10-05T02:57:31.916227Z,KXBTC15M-26OCT042300-00,0.0120,0.01,no
2026-10-05T02:57:31.973364Z,KXBTC15M-26OCT042300-00,0.0130,35.97,yes
2026-10-05T02:57:32.092339Z,KXBTC15M-26OCT042300-00,0.0120,19.37,no
2026-10-05T02:57:32.092339Z,KXBTC15M-26OCT042300-00,0.0120,0.01,no
2026-10-05T02:57:32.092339Z,KXBTC15M-26OCT042300-00,0.0120,0.01,no
2026-10-05T02:57:32.098949Z,KXBTC15M-26OCT042300-00,0.0120,101.10,no
2026-10-05T02:57:32.17163Z,KXBTC15M-26OCT042300-00,0.0120,0.01,no
2026-10-05T02:57:32.17163Z,KXBTC15M-26OCT042300-00,0.0120,10.09,no
2026-10-05T02:57:32.17163Z,KXBTC15M-26OCT042300-00,0.0120,0.01,no
2026-10-05T02:57:32.176834Z,KXBTC15M-26OCT042300-00,0.0130,1.00,yes
2026-10-05T02:57:32.18209Z,KXBTC15M-26OCT042300-00,0.0120,8.68,no
2026-10-05T02:57:32.241999Z,KXBTC15M-26OCT042300-00,0.0120,0.01,no
2026-10-05T02:57:32.241999Z,KXBTC15M-26OCT042300-00,0.0120,0.01,no
2026-10-05T02:57:32.241999Z,KXBTC15M-26OCT042300-00,0.0120,22.34,no
2026-10-05T02:57:32.243834Z,KXBTC15M-26OCT042300-00,0.0130,10.78,yes
2026-10-05T02:57:32.243834Z,KXBTC15M-26OCT042300-00,0.0130,512.00,yes
2026-10-05T02:57:32.243834Z,KXBTC15M-26OCT042300-00,0.0130,200.00,yes
2026-10-05T02:57:32.243834Z,KXBTC15M-26OCT042300-00,0.0130,15.00,yes
2026-10-05T02:57:32.243834Z,KXBTC15M-26OCT042300-00,0.0130,0.01,yes
2026-10-05T02:57:32.243834Z,KXBTC15M-26OCT042300-00,0.0130,137.03,yes
2026-10-05T02:57:32.243834Z,KXBTC15M-26OCT042300-00,0.0130,0.01,yes
2026-10-05T02:57:32.243834Z,KXBTC15M-26OCT042300-00,0.0130,14.00,yes
2026-10-05T02:57:32.243834Z,KXBTC15M-26OCT042300-00,0.0130,182.83,yes
2026-10-05T02:57:32.32175Z,KXBTC15M-26OCT042300-00,0.0120,0.01,no
2026-10-05T02:57:32.32175Z,KXBTC15M-26OCT042300-00,0.0120,10.09,no
2026-10-05T02:57:32.32175Z,KXBTC15M-26OCT042300-00,0.0120,0.01,no
2026-10-05T02:57:32.342493Z,KXBTC15M-26OCT042300-00,0.0130,143.90,yes
2026-10-05T02:57:32.34636Z,KXBTC15M-26OCT042300-00,0.0120,4.91,no
2026-10-05T02:57:32.34636Z,KXBTC15M-26OCT042300-00,0.0120,7.22,no
2026-10-05T02:57:32.349679Z,KXBTC15M-26OCT042300-00,0.0120,22.17,no
2026-10-05T02:57:32.381944Z,KXBTC15M-26OCT042300-00,0.0120,15.16,no
2026-10-05T02:57:32.412618Z,KXBTC15M-26OCT042300-00,0.0130,0.70,yes
2026-10-05T02:57:32.464202Z,KXBTC15M-26OCT042300-00,0.0120,50.56,no
2026-10-05T02:57:32.518063Z,KXBTC15M-26OCT042300-00,0.0130,146.95,yes
2026-10-05T02:57:32.56628Z,KXBTC15M-26OCT042300-00,0.0120,0.01,no
2026-10-05T02:57:32.56628Z,KXBTC15M-26OCT042300-00,0.0120,22.62,no
2026-10-05T02:57:32.56628Z,KXBTC15M-26OCT042300-00,0.0120,0.01,no
2026-10-05T02:57:32.64922Z,KXBTC15M-26OCT042300-00,0.0130,2.35,yes
2026-10-05T02:57:32.64922Z,KXBTC15M-26OCT042300-00,0.0130,15.00,yes
2026-10-05T02:57:32.64922Z,KXBTC15M-26OCT042300-00,0.0130,0.01,yes
2026-10-05T02:57:32.64922Z,KXBTC15M-26OCT042300-00,0.0130,0.01,yes
2026-10-05T02:57:32.64922Z,KXBTC15M-26OCT042300-00,0.0140,151.66,yes
2026-10-05T02:57:32.686494Z,KXBTC15M-26OCT042300-00,0.0130,70.00,no
2026-10-05T02:57:32.686494Z,KXBTC15M-26OCT042300-00,0.0130,70.00,no
2026-10-05T02:57:32.686494Z,KXBTC15M-26OCT042300-00,0.0130,70.00,no
2026-10-05T02:57:32.686494Z,KXBTC15M-26OCT042300-00,0.0130,0.01,no
2026-10-05T02:57:32.686494Z,KXBTC15M-26OCT042300-00,0.0130,70.00,no
2026-10-05T02:57:32.686494Z,KXBTC15M-26OCT042300-00,0.0130,70.00,no
2026-10-05T02:57:32.686494Z,KXBTC15M-26OCT042300-00,0.0130,123.69,no
2026-10-05T02:57:32.734686Z,KXBTC15M-26OCT042300-00,0.0120,133.32,no
2026-10-05T02:57:32.734686Z,KXBTC15M-26OCT042300-00,0.0120,0.01,no
2026-10-05T02:57:32.734686Z,KXBTC15M-26OCT042300-00,0.0130,0.01,no
2026-10-05T02:57:32.734686Z,KXBTC15M-26OCT042300-00,0.0130,0.01,no
2026-10-05T02:57:32.734686Z,KXBTC15M-26OCT042300-00,0.0120,0.01,no
2026-10-05T02:57:32.734686Z,KXBTC15M-26OCT042300-00,0.0130,1.00,no
2026-10-05T02:57:32.734686Z,KXBTC15M-26OCT042300-00,0.0120,200.00,no
2026-10-05T02:57:32.734686Z,KXBTC15M-26OCT042300-00,0.0120,100.00,no
2026-10-05T02:57:32.734686Z,KXBTC15M-26OCT042300-00,0.0130,100.00,no
2026-10-05T02:57:32.734686Z,KXBTC15M-26OCT042300-00,0.0130,400.00,no
2026-10-05T02:57:32.734686Z,KXBTC15M-26OCT042300-00,0.0130,76.31,no
2026-10-05T02:57:32.836982Z,KXBTC15M-26OCT042300-00,0.0130,15.00,yes
2026-10-05T02:57:32.836982Z,KXBTC15M-26OCT042300-00,0.0130,15.00,yes
2026-10-05T02:57:32.836982Z,KXBTC15M-26OCT042300-00,0.0130,0.01,yes
2026-10-05T02:57:32.836982Z,KXBTC15M-26OCT042300-00,0.0130,0.01,yes
2026-10-05T02:57:32.836982Z,KXBTC15M-26OCT042300-00,0.0140,0.46,yes
2026-10-05T02:57:32.852509Z,KXBTC15M-26OCT042300-00,0.0120,68.68,no
2026-10-05T02:57:32.852509Z,KXBTC15M-26OCT042300-00,0.0120,9.13,no
2026-10-05T02:57:32.86411Z,KXBTC15M-26OCT042300-00,0.0130,0.01,yes
2026-10-05T02:57:32.86411Z,KXBTC15M-26OCT042300-00,0.0130,15.00,yes
2026-10-05T02:57:32.86411Z,KXBTC15M-26OCT042300-00,0.0130,0.01,yes
2026-10-05T02:57:32.916347Z,KXBTC15M-26OCT042300-00,0.0140,5.81,yes
2026-10-05T02:57:32.97868Z,KXBTC15M-26OCT042300-00,0.0140,133.63,yes
2026-10-05T02:57:32.990023Z,KXBTC15M-26OCT042300-00,0.0140,135.22,yes
2026-10-05T02:57:32.992874Z,KXBTC15M-26OCT042300-00,0.0130,87.83,no
2026-10-05T02:57:32.992874Z,KXBTC15M-26OCT042300-00,0.0130,0.01,no
2026-10-05T02:57:32.992874Z,KXBTC15M-26OCT042300-00,0.0130,0.01,no
2026-10-05T02:57:32.992874Z,KXBTC15M-26OCT042300-00,0.0130,66.87,no
2026-10-05T02:57:33.071888Z,KXBTC15M-26OCT042300-00,0.0130,23.13,no
2026-10-05T02:57:33.071888Z,KXBTC15M-26OCT042300-00,0.0130,66.87,no
2026-10-05T02:57:33.288651Z,KXBTC15M-26OCT042300-00,0.0140,0.01,yes
2026-10-05T02:57:33.288651Z,KXBTC15M-26OCT042300-00,0.0140,6.00,yes
2026-10-05T02:57:33.288651Z,KXBTC15M-26OCT042300-00,0.0140,64.92,yes
2026-10-05T02:57:33.288651Z,KXBTC15M-26OCT042300-00,0.0140,0.01,yes
2026-10-05T02:57:33.288651Z,KXBTC15M-26OCT042300-00,0.0140,17.00,yes
2026-10-05T02:57:33.314629Z,KXBTC15M-26OCT042300-00,0.0130,7.98,no
2026-10-05T02:57:33.314629Z,KXBTC15M-26OCT042300-00,0.0130,1.00,no
2026-10-05T02:57:33.314629Z,KXBTC15M-26OCT042300-00,0.0130,0.01,no
2026-10-05T02:57:33.314629Z,KXBTC15M-26OCT042300-00,0.0130,0.01,no
2026-10-05T02:57:33.387239Z,KXBTC15M-26OCT042300-00,0.0130,50.00,no
2026-10-05T02:57:33.387239Z,KXBTC15M-26OCT042300-00,0.0130,200.00,no
2026-10-05T02:57:33.387239Z,KXBTC15M-26OCT042300-00,0.0130,1.00,no
2026-10-05T02:57:33.387239Z,KXBTC15M-26OCT042300-00,0.0130,0.01,no
2026-10-05T02:57:33.387239Z,KXBTC15M-26OCT042300-00,0.0130,0.01,no
2026-10-05T02:57:33.387239Z,KXBTC15M-26OCT042300-00,0.0130,400.00,no
2026-10-05T02:57:33.387239Z,KXBTC15M-26OCT042300-00,0.0120,5.87,no
2026-10-05T02:57:33.387239Z,KXBTC15M-26OCT042300-00,0.0120,200.00,no
2026-10-05T02:57:33.387239Z,KXBTC15M-26OCT042300-00,0.0120,15.00,no
2026-10-05T02:57:33.387239Z,KXBTC15M-26OCT042300-00,0.0120,11.15,no
2026-10-05T02:57:33.387239Z,KXBTC15M-26OCT042300-00,0.0120,15.00,no
2026-10-05T02:57:33.419229Z,KXBTC15M-26OCT042300-00,0.0120,101.00,no
2026-10-05T02:57:33.419229Z,KXBTC15M-26OCT042300-00,0.0120,3.85,no
2026-10-05T02:57:33.419229Z,KXBTC15M-26OCT042300-00,0.0120,265.15,no
2026-10-05T02:57:33.455103Z,KXBTC15M-26OCT042300-00,0.0140,0.01,yes
2026-10-05T02:57:33.455103Z,KXBTC15M-26OCT042300-00,0.0130,0.01,yes
2026-10-05T02:57:33.455103Z,KXBTC15M-26OCT042300-00,0.0130,0.01,yes
2026-10-05T02:57:33.455103Z,KXBTC15M-26OCT042300-00,0.0140,0.01,yes
2026-10-05T02:57:33.455103Z,KXBTC15M-26OCT042300-00,0.0130,15.00,yes
2026-10-05T02:57:33.455103Z,KXBTC15M-26OCT042300-00,0.0140,35.97,yes
2026-10-05T02:57:33.455103Z,KXBTC15M-26OCT042300-00,0.0130,15.00,yes
2026-10-05T02:57:33.455103Z,KXBTC15M-26OCT042300-00,0.0140,13.00,yes
2026-10-05T02:57:33.455103Z,KXBTC15M-26OCT042300-00,0.0130,265.77,yes
2026-10-05T02:57:33.512976Z,KXBTC15M-26OCT042300-00,0.0120,0.01,no
2026-10-05T02:57:33.512976Z,KXBTC15M-26OCT042300-00,0.0120,153.53,no
2026-10-05T02:57:33.512976Z,KXBTC15M-26OCT042300-00,0.0120,0.01,no
2026-10-05T02:57:33.52517Z,KXBTC15M-26OCT042300-00,0.0120,9.50,no
2026-10-05T02:57:33.535759Z,KXBTC15M-26OCT042300-00,0.0120,12.04,no
2026-10-05T02:57:33.558902Z,KXBTC15M-26OCT042300-00,0.0120,9.91,no
2026-10-05T02:57:33.568739Z,KXBTC15M-26OCT042300-00,0.0130,0.01,yes
2026-10-05T02:57:33.568739Z,KXBTC15M-26OCT042300-00,0.0130,14.00,yes
2026-10-05T02:57:33.568739Z,KXBTC15M-26OCT042300-00,0.0130,15.00,yes
2026-10-05T02:57:33.568739Z,KXBTC15M-26OCT042300-00,0.0140,122.40,yes
2026-10-05T02:57:33.568739Z,KXBTC15M-26OCT042300-00,0.0130,0.01,yes
2026-10-05T02:57:33.608112Z,KXBTC15M-26OCT042300-00,0.0140,133.63,yes
2026-10-05T02:57:33.626282Z,KXBTC15M-26OCT042300-00,0.0140,1.92,yes
2026-10-05T02:57:33.626282Z,KXBTC15M-26OCT042300-00,0.0140,0.01,yes
2026-10-05T02:57:33.626282Z,KXBTC15M-26OCT042300-00,0.0140,0.01,yes
2026-10-05T02:57:33.640778Z,KXBTC15M-26OCT042300-00,0.0140,0.01,yes
2026-10-05T02:57:33.640778Z,KXBTC15M-26OCT042300-00,0.0140,11.08,yes
2026-10-05T02:57:33.640778Z,KXBTC15M-26OCT042300-00,0.0140,1.92,yes
2026-10-05T02:57:33.640778Z,KXBTC15M-26OCT042300-00,0.0140,0.01,yes
2026-10-05T02:57:33.640778Z,KXBTC15M-26OCT042300-00,0.0150,154.23,yes
2026-10-05T02:57:33.692462Z,KXBTC15M-26OCT042300-00,0.0140,13.00,yes
2026-10-05T02:57:33.692462Z,KXBTC15M-26OCT042300-00,0.0140,0.01,yes
2026-10-05T02:57:33.692462Z,KXBTC15M-26OCT042300-00,0.0140,0.01,yes
2026-10-05T02:57:33.692462Z,KXBTC15M-26OCT042300-00,0.0150,43.88,yes
2026-10-05T02:57:33.692462Z,KXBTC15M-26OCT042300-00,0.0140,6.00,yes
2026-10-05T02:57:33.741154Z,KXBTC15M-26OCT042300-00,0.0120,9.29,no
2026-10-05T02:57:33.846394Z,KXBTC15M-26OCT042300-00,0.0140,5.00,yes
2026-10-05T02:57:33.846394Z,KXBTC15M-26OCT042300-00,0.0140,0.01,yes
2026-10-05T02:57:33.846394Z,KXBTC15M-26OCT042300-00,0.0140,13.00,yes
2026-10-05T02:57:33.846394Z,KXBTC15M-26OCT042300-00,0.0140,0.01,yes
2026-10-05T02:57:33.846394Z,KXBTC15M-26OCT042300-00,0.0150,43.70,yes
2026-10-05T02:57:33.898259Z,KXBTC15M-26OCT042300-00,0.0140,0.01,yes
2026-10-05T02:57:33.898259Z,KXBTC15M-26OCT042300-00,0.0140,11.77,yes
2026-10-05T02:57:33.898259Z,KXBTC15M-26OCT042300-00,0.0140,0.01,yes
2026-10-05T02:57:33.967349Z,KXBTC15M-26OCT042300-00,0.0140,1.23,yes
2026-10-05T02:57:33.967349Z,KXBTC15M-26OCT042300-00,0.0140,0.01,yes
2026-10-05T02:57:33.967349Z,KXBTC15M-26OCT042300-00,0.0140,11.77,yes
2026-10-05T02:57:33.967349Z,KXBTC15M-26OCT042300-00,0.0140,5.00,yes
2026-10-05T02:57:33.967349Z,KXBTC15M-26OCT042300-00,0.0140,0.01,yes
2026-10-05T02:57:33.967349Z,KXBTC15M-26OCT042300-00,0.0150,110.19,yes
2026-10-05T02:57:33.967349Z,KXBTC15M-26OCT042300-00,0.0150,22.83,yes
2026-10-05T02:57:33.983847Z,KXBTC15M-26OCT042300-00,0.0120,10.11,no
2026-10-05T02:57:34.007341Z,KXBTC15M-26OCT042300-00,0.0140,13.00,yes
2026-10-05T02:57:34.007341Z,KXBTC15M-26OCT042300-00,0.0140,1.98,yes
2026-10-05T02:57:34.007341Z,KXBTC15M-26OCT042300-00,0.0140,0.01,yes
2026-10-05T02:57:34.007341Z,KXBTC15M-26OCT042300-00,0.0140,0.01,yes
2026-10-05T02:57:34.014235Z,KXBTC15M-26OCT042300-00,0.0140,0.01,yes
2026-10-05T02:57:34.014235Z,KXBTC15M-26OCT042300-00,0.0140,0.01,yes
2026-10-05T02:57:34.014235Z,KXBTC15M-26OCT042300-00,0.0150,108.46,yes
2026-10-05T02:57:34.023359Z,KXBTC15M-26OCT042300-00,0.0120,13.14,no
2026-10-05T02:57:34.031266Z,KXBTC15M-26OCT042300-00,0.0140,0.01,yes
2026-10-05T02:57:34.031266Z,KXBTC15M-26OCT042300-00,0.0140,0.01,yes
2026-10-05T02:57:34.031266Z,KXBTC15M-26OCT042300-00,0.0150,3.26,yes
2026-10-05T02:57:34.041198Z,KXBTC15M-26OCT042300-00,0.0120,4.26,no
2026-10-05T02:57:34.070985Z,KXBTC15M-26OCT042300-00,0.0130,83.62,no
2026-10-05T02:57:34.070985Z,KXBTC15M-26OCT042300-00,0.0130,0.01,no
2026-10-05T02:57:34.070985Z,KXBTC15M-26OCT042300-00,0.0130,0.01,no
2026-10-05T02:57:34.070985Z,KXBTC15M-26OCT042300-00,0.0130,422.00,no
2026-10-05T02:57:34.072407Z,KXBTC15M-26OCT042300-00,0.0130,50.00,no
2026-10-05T02:57:34.076558Z,KXBTC15M-26OCT042300-00,0.0140,15.00,yes
2026-10-05T02:57:34.076558Z,KXBTC15M-26OCT042300-00,0.0140,0.01,yes
2026-10-05T02:57:34.076558Z,KXBTC15M-26OCT042300-00,0.0140,13.00,yes
2026-10-05T02:57:34.076558Z,KXBTC15M-26OCT042300-00,0.0140,0.01,yes
2026-10-05T02:57:34.076558Z,KXBTC15M-26OCT042300-00,0.0150,4.72,yes
2026-10-05T02:57:34.077014Z,KXBTC15M-26OCT042300-00,0.0130,50.00,no
2026-10-05T02:57:34.084465Z,KXBTC15M-26OCT042300-00,0.0140,0.01,yes
2026-10-05T02:57:34.084465Z,KXBTC15M-26OCT042300-00,0.0140,0.01,yes
2026-10-05T02:57:34.084465Z,KXBTC15M-26OCT042300-00,0.0150,124.71,yes
2026-10-05T02:57:34.103014Z,KXBTC15M-26OCT042300-00,0.0140,0.01,yes
2026-10-05T02:57:34.103014Z,KXBTC15M-26OCT042300-00,0.0140,13.00,yes
2026-10-05T02:57:34.103014Z,KXBTC15M-26OCT042300-00,0.0140,15.00,yes
2026-10-05T02:57:34.103014Z,KXBTC15M-26OCT042300-00,0.0140,0.01,yes
2026-10-05T02:57:34.103014Z,KXBTC15M-26OCT042300-00,0.0150,248.02,yes
2026-10-05T02:57:34.103014Z,KXBTC15M-26OCT042300-00,0.0150,329.07,yes
2026-10-05T02:57:34.103014Z,KXBTC15M-26OCT042300-00,0.0150,19.73,yes
2026-10-05T02:57:34.118314Z,KXBTC15M-26OCT042300-00,0.0150,246.26,yes
2026-10-05T02:57:34.14318Z,KXBTC15M-26OCT042300-00,0.0130,16.38,no
2026-10-05T02:57:34.14318Z,KXBTC15M-26OCT042300-00,0.0130,15.00,no
2026-10-05T02:57:34.14318Z,KXBTC15M-26OCT042300-00,0.0130,5.18,no
2026-10-05T02:57:34.20127Z,KXBTC15M-26OCT042300-00,0.0130,88.47,no
2026-10-05T02:57:34.237553Z,KXBTC15M-26OCT042300-00,0.0130,1.00,no
2026-10-05T02:57:34.285838Z,KXBTC15M-26OCT042300-00,0.0130,21.06,no
2026-10-05T02:57:34.319198Z,KXBTC15M-26OCT042300-00,0.0130,5.20,no
2026-10-05T02:57:34.350198Z,KXBTC15M-26OCT042300-00,0.0140,1.63,no
2026-10-05T02:57:34.391915Z,KXBTC15M-26OCT042300-00,0.0150,0.28,yes
2026-10-05T02:57:34.42685Z,KXBTC15M-26OCT042300-00,0.0150,245.73,yes
2026-10-05T02:57:34.42685Z,KXBTC15M-26OCT042300-00,0.0150,65.99,yes
2026-10-05T02:57:34.42685Z,KXBTC15M-26OCT042300-00,0.0150,0.10,yes
2026-10-05T02:57:34.460557Z,KXBTC15M-26OCT042300-00,0.0150,16.01,yes
2026-10-05T02:57:34.460557Z,KXBTC15M-26OCT042300-00,0.0150,108.71,yes
2026-10-05T02:57:34.505651Z,KXBTC15M-26OCT042300-00,0.0140,214.53,no
2026-10-05T02:57:34.630218Z,KXBTC15M-26OCT042300-00,0.0140,13.42,no
2026-10-05T02:57:34.677989Z,KXBTC15M-26OCT042300-00,0.0150,151.04,yes
2026-10-05T02:57:34.697779Z,KXBTC15M-26OCT042300-00,0.0150,37.41,yes
2026-10-05T02:57:34.700678Z,KXBTC15M-26OCT042300-00,0.0140,5.91,no
2026-10-05T02:57:34.73276Z,KXBTC15M-26OCT042300-00,0.0140,24.81,no
2026-10-05T02:57:34.73276Z,KXBTC15M-26OCT042300-00,0.0140,0.01,no
2026-10-05T02:57:34.73276Z,KXBTC15M-26OCT042300-00,0.0140,156.51,no
2026-10-05T02:57:34.73276Z,KXBTC15M-26OCT042300-00,0.0140,0.01,no
2026-10-05T02:57:34.739065Z,KXBTC15M-26OCT042300-00,0.0140,101.22,no
2026-10-05T02:57:34.752532Z,KXBTC15M-26OCT042300-00,0.0150,62.36,yes
2026-10-05T02:57:34.770836Z,KXBTC15M-26OCT042300-00,0.0140,1.14,no
2026-10-05T02:57:34.793779Z,KXBTC15M-26OCT042300-00,0.0140,1.00,no
2026-10-05T02:57:34.793779Z,KXBTC15M-26OCT042300-00,0.0140,72.83,no
2026-10-05T02:57:34.793779Z,KXBTC15M-26OCT042300-00,0.0140,24.72,no
2026-10-05T02:57:34.841084Z,KXBTC15M-26OCT042300-00,0.0140,2.02,no
2026-10-05T02:57:34.84268Z,KXBTC15M-26OCT042300-00,0.0140,8.00,no
2026-10-05T02:57:34.848642Z,KXBTC15M-26OCT042300-00,0.0140,428.21,no
2026-10-05T02:57:34.916736Z,KXBTC15M-26OCT042300-00,0.0140,18.67,no
2026-10-05T02:57:34.916736Z,KXBTC15M-26OCT042300-00,0.0140,37.05,no
2026-10-05T02:57:34.959356Z,KXBTC15M-26OCT042300-00,0.0150,3.00,yes
2026-10-05T02:57:34.959356Z,KXBTC15M-26OCT042300-00,0.0150,1.00,yes
2026-10-05T02:57:34.959356Z,KXBTC15M-26OCT042300-00,0.0150,15.00,yes
2026-10-05T02:57:34.959356Z,KXBTC15M-26OCT042300-00,0.0160,856.39,yes
2026-10-05T02:57:34.959356Z,KXBTC15M-26OCT042300-00,0.0150,13.00,yes
2026-10-05T02:57:34.959356Z,KXBTC15M-26OCT042300-00,0.0150,0.01,yes
2026-10-05T02:57:34.959356Z,KXBTC15M-26OCT042300-00,0.0150,0.01,yes
2026-10-05T02:57:34.959356Z,KXBTC15M-26OCT042300-00,0.0150,1.00,yes
2026-10-05T02:57:34.959356Z,KXBTC15M-26OCT042300-00,0.0150,15.00,yes
2026-10-05T02:57:34.959356Z,KXBTC15M-26OCT042300-00,0.0150,152.48,yes
2026-10-05T02:57:34.959356Z,KXBTC15M-26OCT042300-00,0.0160,3141.00,yes
2026-10-05T02:57:34.972653Z,KXBTC15M-26OCT042300-00,0.0150,70.00,no
2026-10-05T02:57:34.972653Z,KXBTC15M-26OCT042300-00,0.0140,92.00,no
2026-10-05T02:57:34.972653Z,KXBTC15M-26OCT042300-00,0.0150,70.00,no
2026-10-05T02:57:35.04Z,KXBTC15M-26OCT042300-00,0.0150,14.00,no
2026-10-05T02:57:35.04Z,KXBTC15M-26OCT042300-00,0.0150,0.01,no
2026-10-05T02:57:35.04Z,KXBTC15M-26OCT042300-00,0.0150,33.06,no
2026-10-05T02:57:35.04Z,KXBTC15M-26OCT042300-00,0.0150,0.01,no
2026-10-05T02:57:35.086257Z,KXBTC15M-26OCT042300-00,0.0150,100.00,no
2026-10-05T02:57:35.206421Z,KXBTC15M-26OCT042300-00,0.0160,15.00,yes
2026-10-05T02:57:35.206421Z,KXBTC15M-26OCT042300-00,0.0160,1.00,yes
2026-10-05T02:57:35.206421Z,KXBTC15M-26OCT042300-00,0.0160,0.01,yes
2026-10-05T02:57:35.206421Z,KXBTC15M-26OCT042300-00,0.0160,0.01,yes
2026-10-05T02:57:35.2416Z,KXBTC15M-26OCT042300-00,0.0160,50.00,no
2026-10-05T02:57:35.272341Z,KXBTC15M-26OCT042300-00,0.0150,12.99,no
2026-10-05T02:57:35.272341Z,KXBTC15M-26OCT042300-00,0.0160,0.01,no
2026-10-05T02:57:35.272341Z,KXBTC15M-26OCT042300-00,0.0160,0.01,no
2026-10-05T02:57:35.291073Z,KXBTC15M-26OCT042300-00,0.0150,0.01,no
2026-10-05T02:57:35.291073Z,KXBTC15M-26OCT042300-00,0.0150,2.01,no
2026-10-05T02:57:35.291073Z,KXBTC15M-26OCT042300-00,0.0150,0.01,no
2026-10-05T02:57:35.291073Z,KXBTC15M-26OCT042300-00,0.0150,97.97,no
2026-10-05T02:57:35.328394Z,KXBTC15M-26OCT042300-00,0.0170,53.89,yes
2026-10-05T02:57:35.328394Z,KXBTC15M-26OCT042300-00,0.0160,120.00,yes
2026-10-05T02:57:35.328394Z,KXBTC15M-26OCT042300-00,0.0160,0.01,yes
2026-10-05T02:57:35.328394Z,KXBTC15M-26OCT042300-00,0.0160,0.01,yes
2026-10-05T02:57:35.328394Z,KXBTC15M-26OCT042300-00,0.0170,23.00,yes
2026-10-05T02:57:35.328394Z,KXBTC15M-26OCT042300-00,0.0170,1.00,yes
2026-10-05T02:57:35.328394Z,KXBTC15M-26OCT042300-00,0.0170,15.00,yes
2026-10-05T02:57:35.328394Z,KXBTC15M-26OCT042300-00,0.0170,15.00,yes
2026-10-05T02:57:35.346018Z,KXBTC15M-26OCT042300-00,0.0150,35.34,no
2026-10-05T02:57:35.346018Z,KXBTC15M-26OCT042300-00,0.0150,14.00,no
2026-10-05T02:57:35.346018Z,KXBTC15M-26OCT042300-00,0.0150,1.03,no
2026-10-05T02:57:35.427059Z,KXBTC15M-26OCT042300-00,0.0150,2.02,no
2026-10-05T02:57:35.554599Z,KXBTC15M-26OCT042300-00,0.0160,82.03,yes
2026-10-05T02:57:35.554599Z,KXBTC15M-26OCT042300-00,0.0160,15.00,yes
2026-10-05T02:57:35.554599Z,KXBTC15M-26OCT042300-00,0.0160,0.01,yes
2026-10-05T02:57:35.554599Z,KXBTC15M-26OCT042300-00,0.0160,0.01,yes
2026-10-05T02:57:35.574941Z,KXBTC15M-26OCT042300-00,0.0160,39.00,yes
2026-10-05T02:57:35.640702Z,KXBTC15M-26OCT042300-00,0.0160,17.05,yes
2026-10-05T02:57:35.650908Z,KXBTC15M-26OCT042300-00,0.0160,18.33,yes
2026-10-05T02:57:35.663339Z,KXBTC15M-26OCT042300-00,0.0160,58.47,yes
2026-10-05T02:57:35.694321Z,KXBTC15M-26OCT042300-00,0.0150,19.57,no
2026-10-05T02:57:35.731141Z,KXBTC15M-26OCT042300-00,0.0160,110.07,yes
2026-10-05T02:57:35.757508Z,KXBTC15M-26OCT042300-00,0.0160,13.00,yes
2026-10-05T02:57:35.757508Z,KXBTC15M-26OCT042300-00,0.0160,45.47,yes
2026-10-05T02:57:35.791179Z,KXBTC15M-26OCT042300-00,0.0170,10.47,yes
2026-10-05T02:57:35.791179Z,KXBTC15M-26OCT042300-00,0.0160,15.00,yes
2026-10-05T02:57:35.791179Z,KXBTC15M-26OCT042300-00,0.0160,0.01,yes
2026-10-05T02:57:35.791179Z,KXBTC15M-26OCT042300-00,0.0160,0.01,yes
2026-10-05T02:57:35.791179Z,KXBTC15M-26OCT042300-00,0.0160,1.00,yes
2026-10-05T02:57:35.791179Z,KXBTC15M-26OCT042300-00,0.0160,46.53,yes
2026-10-05T02:57:35.791179Z,KXBTC15M-26OCT042300-00,0.0160,500.00,yes
2026-10-05T02:57:35.80512Z,KXBTC15M-26OCT042300-00,0.0170,448.97,yes
2026-10-05T02:57:35.940968Z,KXBTC15M-26OCT042300-00,0.0170,9.05,yes
2026-10-05T02:57:35.95709Z,KXBTC15M-26OCT042300-00,0.0170,1.14,yes
2026-10-05T02:57:35.972746Z,KXBTC15M-26OCT042300-00,0.0150,36.06,no
2026-10-05T02:57:36.009328Z,KXBTC15M-26OCT042300-00,0.0160,0.01,no
2026-10-05T02:57:36.009328Z,KXBTC15M-26OCT042300-00,0.0160,15.00,no
2026-10-05T02:57:36.009328Z,KXBTC15M-26OCT042300-00,0.0160,15.00,no
2026-10-05T02:57:36.009328Z,KXBTC15M-26OCT042300-00,0.0160,15.00,no
2026-10-05T02:57:36.009328Z,KXBTC15M-26OCT042300-00,0.0160,0.01,no
2026-10-05T02:57:36.009328Z,KXBTC15M-26OCT042300-00,0.0160,330.22,no
2026-10-05T02:57:36.08376Z,KXBTC15M-26OCT042300-00,0.0170,4.36,yes
2026-10-05T02:57:36.206531Z,KXBTC15M-26OCT042300-00,0.0160,92.07,no
2026-10-05T02:57:36.206531Z,KXBTC15M-26OCT042300-00,0.0160,200.00,no
2026-10-05T02:57:36.242068Z,KXBTC15M-26OCT042300-00,0.0170,1.00,yes
2026-10-05T02:57:36.242068Z,KXBTC15M-26OCT042300-00,0.0170,17.00,yes
2026-10-05T02:57:36.242068Z,KXBTC15M-26OCT042300-00,0.0180,159.05,yes
2026-10-05T02:57:36.242068Z,KXBTC15M-26OCT042300-00,0.0170,200.00,yes
2026-10-05T02:57:36.242068Z,KXBTC15M-26OCT042300-00,0.0170,0.01,yes
2026-10-05T02:57:36.242068Z,KXBTC15M-26OCT042300-00,0.0170,500.00,yes
2026-10-05T02:57:36.242068Z,KXBTC15M-26OCT042300-00,0.0170,0.01,yes
2026-10-05T02:57:36.242068Z,KXBTC15M-26OCT042300-00,0.0170,50.00,yes
2026-10-05T02:57:36.242068Z,KXBTC15M-26OCT042300-00,0.0180,1.00,yes
2026-10-05T02:57:36.242068Z,KXBTC15M-26OCT042300-00,0.0180,44.00,yes
2026-10-05T02:57:36.242068Z,KXBTC15M-26OCT042300-00,0.0180,39.00,yes
2026-10-05T02:57:36.242068Z,KXBTC15M-26OCT042300-00,0.0180,33.00,yes
2026-10-05T02:57:36.299462Z,KXBTC15M-26OCT042300-00,0.0170,2.00,no
2026-10-05T02:57:36.326119Z,KXBTC15M-26OCT042300-00,0.0180,26.05,yes
2026-10-05T02:57:36.332913Z,KXBTC15M-26OCT042300-00,0.0170,0.50,no
2026-10-05T02:57:36.347123Z,KXBTC15M-26OCT042300-00,0.0170,14.25,no
2026-10-05T02:57:36.374804Z,KXBTC15M-26OCT042300-00,0.0170,145.33,no
2026-10-05T02:57:36.409374Z,KXBTC15M-26OCT042300-00,0.0170,34.95,no
2026-10-05T02:57:36.420381Z,KXBTC15M-26OCT042300-00,0.0170,100.00,no
2026-10-05T02:57:36.425319Z,KXBTC15M-26OCT042300-00,0.0180,3.22,yes
2026-10-05T02:57:36.460719Z,KXBTC15M-26OCT042300-00,0.0180,1.06,yes
2026-10-05T02:57:36.528421Z,KXBTC15M-26OCT042300-00,0.0170,3.34,no
2026-10-05T02:57:36.531305Z,KXBTC15M-26OCT042300-00,0.0170,5.05,no
2026-10-05T02:57:36.535184Z,KXBTC15M-26OCT042300-00,0.0170,11.99,no
2026-10-05T02:57:36.55595Z,KXBTC15M-26OCT042300-00,0.0170,20.28,no
2026-10-05T02:57:36.650099Z,KXBTC15M-26OCT042300-00,0.0170,497.41,no
2026-10-05T02:57:36.712359Z,KXBTC15M-26OCT042300-00,0.0180,1.00,yes
2026-10-05T02:57:36.712359Z,KXBTC15M-26OCT042300-00,0.0180,2.24,yes
2026-10-05T02:57:36.797549Z,KXBTC15M-26OCT042300-00,0.0170,34.11,no
2026-10-05T02:57:36.844941Z,KXBTC15M-26OCT042300-00,0.0180,22.76,yes
2026-10-05T02:57:36.844941Z,KXBTC15M-26OCT042300-00,0.0180,56.77,yes
2026-10-05T02:57:36.908423Z,KXBTC15M-26OCT042300-00,0.0180,5.19,yes
2026-10-05T02:57:36.92197Z,KXBTC15M-26OCT042300-00,0.0170,4.92,no
2026-10-05T02:57:36.978152Z,KXBTC15M-26OCT042300-00,0.0170,60.96,no
2026-10-05T02:57:37.00137Z,KXBTC15M-26OCT042300-00,0.0180,88.04,yes
2026-10-05T02:57:37.00137Z,KXBTC15M-26OCT042300-00,0.0180,1.00,yes
2026-10-05T02:57:37.080894Z,KXBTC15M-26OCT042300-00,0.0180,64.50,no
2026-10-05T02:57:37.196006Z,KXBTC15M-26OCT042300-00,0.0180,12.13,no
2026-10-05T02:57:37.196006Z,KXBTC15M-26OCT042300-00,0.0180,5.50,no
2026-10-05T02:57:37.235142Z,KXBTC15M-26OCT042300-00,0.0180,0.04,no
2026-10-05T02:57:37.235142Z,KXBTC15M-26OCT042300-00,0.0180,57.87,no
2026-10-05T02:57:37.248866Z,KXBTC15M-26OCT042300-00,0.0190,384.00,yes
2026-10-05T02:57:37.248866Z,KXBTC15M-26OCT042300-00,0.0190,96.00,yes
2026-10-05T02:57:37.248866Z,KXBTC15M-26OCT042300-00,0.0190,10.24,yes
2026-10-05T02:57:37.248866Z,KXBTC15M-26OCT042300-00,0.0190,1.00,yes
2026-10-05T02:57:37.270795Z,KXBTC15M-26OCT042300-00,0.0180,15.24,no
2026-10-05T02:57:37.271558Z,KXBTC15M-26OCT042300-00,0.0190,79.76,yes
2026-10-05T02:57:37.271558Z,KXBTC15M-26OCT042300-00,0.0190,16.89,yes
2026-10-05T02:57:37.358924Z,KXBTC15M-26OCT042300-00,0.0180,0.01,no
2026-10-05T02:57:37.358924Z,KXBTC15M-26OCT042300-00,0.0180,54.72,no
2026-10-05T02:57:37.358924Z,KXBTC15M-26OCT042300-00,0.0180,0.01,no
2026-10-05T02:57:37.358924Z,KXBTC15M-26OCT042300-00,0.0180,305.00,no
2026-10-05T02:57:37.358924Z,KXBTC15M-26OCT042300-00,0.0180,70.00,no
2026-10-05T02:57:37.358924Z,KXBTC15M-26OCT042300-00,0.0180,70.00,no
2026-10-05T02:57:37.358924Z,KXBTC15M-26OCT042300-00,0.0180,70.00,no
2026-10-05T02:57:37.358924Z,KXBTC15M-26OCT042300-00,0.0180,438.15,no
2026-10-05T02:57:37.358924Z,KXBTC15M-26OCT042300-00,0.0180,1.00,no
2026-10-05T02:57:37.453193Z,KXBTC15M-26OCT042300-00,0.0190,6.11,yes
2026-10-05T02:57:37.453193Z,KXBTC15M-26OCT042300-00,0.0190,0.89,yes
2026-10-05T02:57:37.627195Z,KXBTC15M-26OCT042300-00,0.0190,48.26,yes
2026-10-05T02:57:37.627501Z,KXBTC15M-26OCT042300-00,0.0180,50.00,no
2026-10-05T02:57:37.663675Z,KXBTC15M-26OCT042300-00,0.0180,105.06,no
2026-10-05T02:57:37.676082Z,KXBTC15M-26OCT042300-00,0.0190,28.95,yes
2026-10-05T02:57:37.686727Z,KXBTC15M-26OCT042300-00,0.0180,17.05,no
2026-10-05T02:57:37.728879Z,KXBTC15M-26OCT042300-00,0.0190,0.01,yes
2026-10-05T02:57:37.728879Z,KXBTC15M-26OCT042300-00,0.0190,0.01,yes
2026-10-05T02:57:37.728879Z,KXBTC15M-26OCT042300-00,0.0190,1.00,yes
2026-10-05T02:57:37.728879Z,KXBTC15M-26OCT042300-00,0.0190,168.40,yes
2026-10-05T02:57:37.728879Z,KXBTC15M-26OCT042300-00,0.0190,71.90,yes
2026-10-05T02:57:37.740232Z,KXBTC15M-26OCT042300-00,0.0180,29.83,no
2026-10-05T02:57:37.750401Z,KXBTC15M-26OCT042300-00,0.0190,48.26,yes
2026-10-05T02:57:37.81784Z,KXBTC15M-26OCT042300-00,0.0190,60.00,yes
2026-10-05T02:57:37.81784Z,KXBTC15M-26OCT042300-00,0.0190,149.34,yes
2026-10-05T02:57:37.81784Z,KXBTC15M-26OCT042300-00,0.0190,31.98,yes
2026-10-05T02:57:37.82508Z,KXBTC15M-26OCT042300-00,0.0180,0.01,no
2026-10-05T02:57:37.82508Z,KXBTC15M-26OCT042300-00,0.0180,0.01,no
2026-10-05T02:57:37.82508Z,KXBTC15M-26OCT042300-00,0.0170,19.91,no
2026-10-05T02:57:37.82749Z,KXBTC15M-26OCT042300-00,0.0170,91.26,no
2026-10-05T02:57:37.864447Z,KXBTC15M-26OCT042300-00,0.0170,21.33,no
2026-10-05T02:57:37.875413Z,KXBTC15M-26OCT042300-00,0.0170,996.69,no
2026-10-05T02:57:37.88762Z,KXBTC15M-26OCT042300-00,0.0170,0.01,no
2026-10-05T02:57:37.88762Z,KXBTC15M-26OCT042300-00,0.0170,1.00,no
2026-10-05T02:57:37.88762Z,KXBTC15M-26OCT042300-00,0.0170,0.01,no
2026-10-05T02:57:37.88762Z,KXBTC15M-26OCT042300-00,0.0170,114.81,no
2026-10-05T02:57:37.964775Z,KXBTC15M-26OCT042300-00,0.0180,150.00,yes
2026-10-05T02:57:37.964775Z,KXBTC15M-26OCT042300-00,0.0180,100.00,yes
2026-10-05T02:57:37.964775Z,KXBTC15M-26OCT042300-00,0.0180,50.00,yes
2026-10-05T02:57:37.966904Z,KXBTC15M-26OCT042300-00,0.0170,0.01,no
2026-10-05T02:57:37.966904Z,KXBTC15M-26OCT042300-00,0.0170,498.32,no
2026-10-05T02:57:37.966904Z,KXBTC15M-26OCT042300-00,0.0170,0.01,no
2026-10-05T02:57:37.972835Z,KXBTC15M-26OCT042300-00,0.0170,2.03,no
2026-10-05T02:57:37.984493Z,KXBTC15M-26OCT042300-00,0.0170,22.92,no
2026-10-05T02:57:38.003617Z,KXBTC15M-26OCT042300-00,0.0180,152.34,yes
2026-10-05T02:57:38.048189Z,KXBTC15M-26OCT042300-00,0.0170,24.91,no
2026-10-05T02:57:38.203723Z,KXBTC15M-26OCT042300-00,0.0180,14.76,yes
2026-10-05T02:57:38.203723Z,KXBTC15M-26OCT042300-00,0.0180,0.01,yes
2026-10-05T02:57:38.251943Z,KXBTC15M-26OCT042300-00,0.0200,1.00,yes
2026-10-05T02:57:38.251943Z,KXBTC15M-26OCT042300-00,0.0200,50.00,yes
2026-10-05T02:57:38.251943Z,KXBTC15M-26OCT042300-00,0.0200,1.00,yes
2026-10-05T02:57:38.251943Z,KXBTC15M-26OCT042300-00,0.0180,485.24,yes
2026-10-05T02:57:38.251943Z,KXBTC15M-26OCT042300-00,0.0200,2.00,yes
2026-10-05T02:57:38.251943Z,KXBTC15M-26OCT042300-00,0.0200,2.00,yes
2026-10-05T02:57:38.251943Z,KXBTC15M-26OCT042300-00,0.0200,1.00,yes
2026-10-05T02:57:38.251943Z,KXBTC15M-26OCT042300-00,0.0200,200.00,yes
2026-10-05T02:57:38.251943Z,KXBTC15M-26OCT042300-00,0.0180,0.01,yes
2026-10-05T02:57:38.251943Z,KXBTC15M-26OCT042300-00,0.0190,200.00,yes
2026-10-05T02:57:38.251943Z,KXBTC15M-26OCT042300-00,0.0180,3.00,yes
2026-10-05T02:57:38.251943Z,KXBTC15M-26OCT042300-00,0.0180,786.61,yes
2026-10-05T02:57:38.251943Z,KXBTC15M-26OCT042300-00,0.0180,200.00,yes
2026-10-05T02:57:38.251943Z,KXBTC15M-26OCT042300-00,0.0190,1000.00,yes
2026-10-05T02:57:38.251943Z,KXBTC15M-26OCT042300-00,0.0180,150.00,yes
2026-10-05T02:57:38.251943Z,KXBTC15M-26OCT042300-00,0.0180,13.00,yes
2026-10-05T02:57:38.251943Z,KXBTC15M-26OCT042300-00,0.0180,400.00,yes
2026-10-05T02:57:38.251943Z,KXBTC15M-26OCT042300-00,0.0190,1.00,yes
2026-10-05T02:57:38.251943Z,KXBTC15M-26OCT042300-00,0.0180,100.00,yes
2026-10-05T02:57:38.251943Z,KXBTC15M-26OCT042300-00,0.0180,1.00,yes
2026-10-05T02:57:38.251943Z,KXBTC15M-26OCT042300-00,0.0180,0.01,yes
2026-10-05T02:57:38.251943Z,KXBTC15M-26OCT042300-00,0.0200,1194.87,yes
2026-10-05T02:57:38.251943Z,KXBTC15M-26OCT042300-00,0.0190,21.00,yes
2026-10-05T02:57:38.251943Z,KXBTC15M-26OCT042300-00,0.0200,64.00,yes
2026-10-05T02:57:38.265162Z,KXBTC15M-26OCT042300-00,0.0180,30.99,no
2026-10-05T02:57:38.266987Z,KXBTC15M-26OCT042300-00,0.0180,3.60,no
2026-10-05T02:57:38.345919Z,KXBTC15M-26OCT042300-00,0.0190,0.01,yes
2026-10-05T02:57:38.345919Z,KXBTC15M-26OCT042300-00,0.0190,13.00,yes
2026-10-05T02:57:38.345919Z,KXBTC15M-26OCT042300-00,0.0190,35.25,yes
2026-10-05T02:57:38.370329Z,KXBTC15M-26OCT042300-00,0.0190,3.18,yes
2026-10-05T02:57:38.393624Z,KXBTC15M-26OCT042300-00,0.0180,0.01,no
2026-10-05T02:57:38.393624Z,KXBTC15M-26OCT042300-00,0.0180,13.07,no
2026-10-05T02:57:38.393624Z,KXBTC15M-26OCT042300-00,0.0180,0.01,no
2026-10-05T02:57:38.412193Z,KXBTC15M-26OCT042300-00,0.0180,1.00,no
2026-10-05T02:57:38.412193Z,KXBTC15M-26OCT042300-00,0.0180,291.93,no
2026-10-05T02:57:38.412193Z,KXBTC15M-26OCT042300-00,0.0180,118.69,no
2026-10-05T02:57:38.412193Z,KXBTC15M-26OCT042300-00,0.0180,305.00,no
2026-10-05T02:57:38.412193Z,KXBTC15M-26OCT042300-00,0.0180,800.00,no
2026-10-05T02:57:38.415598Z,KXBTC15M-26OCT042300-00,0.0180,1.01,no
2026-10-05T02:57:38.434839Z,KXBTC15M-26OCT042300-00,0.0180,3.65,no
2026-10-05T02:57:38.436137Z,KXBTC15M-26OCT042300-00,0.0150,28.00,no
2026-10-05T02:57:38.436137Z,KXBTC15M-26OCT042300-00,0.0150,4.50,no
2026-10-05T02:57:38.436137Z,KXBTC15M-26OCT042300-00,0.0150,15.00,no
2026-10-05T02:57:38.436137Z,KXBTC15M-26OCT042300-00,0.0150,15.00,no
2026-10-05T02:57:38.436137Z,KXBTC15M-26OCT042300-00,0.0140,1.00,no
2026-10-05T02:57:38.436137Z,KXBTC15M-26OCT042300-00,0.0140,15.00,no
2026-10-05T02:57:38.436137Z,KXBTC15M-26OCT042300-00,0.0140,100.00,no
2026-10-05T02:57:38.436137Z,KXBTC15M-26OCT042300-00,0.0140,1047.00,no
2026-10-05T02:57:38.436137Z,KXBTC15M-26OCT042300-00,0.0150,99.00,no
2026-10-05T02:57:38.436137Z,KXBTC15M-26OCT042300-00,0.0180,0.01,no
2026-10-05T02:57:38.436137Z,KXBTC15M-26OCT042300-00,0.0180,0.01,no
2026-10-05T02:57:38.436137Z,KXBTC15M-26OCT042300-00,0.0170,656.00,no
2026-10-05T02:57:38.436137Z,KXBTC15M-26OCT042300-00,0.0150,14.00,no
2026-10-05T02:57:38.436137Z,KXBTC15M-26OCT042300-00,0.0170,200.00,no
2026-10-05T02:57:38.436137Z,KXBTC15M-26OCT042300-00,0.0140,196.44,no
2026-10-05T02:57:38.45683Z,KXBTC15M-26OCT042300-00,0.0180,51.98,yes
2026-10-05T02:57:38.467627Z,KXBTC15M-26OCT042300-00,0.0180,5.00,yes
2026-10-05T02:57:38.59033Z,KXBTC15M-26OCT042300-00,0.0170,369.83,yes
2026-10-05T02:57:38.601852Z,KXBTC15M-26OCT042300-00,0.0150,0.01,no
2026-10-05T02:57:38.601852Z,KXBTC15M-26OCT042300-00,0.0150,1.10,no
2026-10-05T02:57:38.612256Z,KXBTC15M-26OCT042300-00,0.0170,51.98,yes
2026-10-05T02:57:38.621909Z,KXBTC15M-26OCT042300-00,0.0170,23.80,yes
2026-10-05T02:57:38.668075Z,KXBTC15M-26OCT042300-00,0.0170,51.44,yes
2026-10-05T02:57:38.702309Z,KXBTC15M-26OCT042300-00,0.0170,48.95,yes
2026-10-05T02:57:38.702309Z,KXBTC15M-26OCT042300-00,0.0170,0.01,yes
2026-10-05T02:57:38.702309Z,KXBTC15M-26OCT042300-00,0.0170,17.77,yes
2026-10-05T02:57:38.702309Z,KXBTC15M-26OCT042300-00,0.0170,0.01,yes
2026-10-05T02:57:38.715221Z,KXBTC15M-26OCT042300-00,0.0170,49.25,yes
2026-10-05T02:57:38.770545Z,KXBTC15M-26OCT042300-00,0.0160,1.00,no
2026-10-05T02:57:38.782975Z,KXBTC15M-26OCT042300-00,0.0170,16.27,yes
2026-10-05T02:57:38.782975Z,KXBTC15M-26OCT042300-00,0.0170,32.98,yes
2026-10-05T02:57:38.82535Z,KXBTC15M-26OCT042300-00,0.0160,0.01,no
2026-10-05T02:57:38.82535Z,KXBTC15M-26OCT042300-00,0.0160,0.01,no
2026-10-05T02:57:38.82535Z,KXBTC15M-26OCT042300-00,0.0160,89.67,no
2026-10-05T02:57:38.829Z,KXBTC15M-26OCT042300-00,0.0170,49.25,yes
2026-10-05T02:57:38.832375Z,KXBTC15M-26OCT042300-00,0.0170,49.25,yes
2026-10-05T02:57:38.965231Z,KXBTC15M-26OCT042300-00,0.0170,246.25,yes
2026-10-05T02:57:38.977106Z,KXBTC15M-26OCT042300-00,0.0170,0.01,yes
2026-10-05T02:57:38.977106Z,KXBTC15M-26OCT042300-00,0.0170,38.98,yes
2026-10-05T02:57:38.977106Z,KXBTC15M-26OCT042300-00,0.0170,57.41,yes
2026-10-05T02:57:38.977106Z,KXBTC15M-26OCT042300-00,0.0170,0.01,yes
2026-10-05T02:57:38.977106Z,KXBTC15M-26OCT042300-00,0.0170,1.00,yes
2026-10-05T02:57:39.040028Z,KXBTC15M-26OCT042300-00,0.0160,70.33,no
2026-10-05T02:57:39.069734Z,KXBTC15M-26OCT042300-00,0.0160,1.00,no
2026-10-05T02:57:39.069734Z,KXBTC15M-26OCT042300-00,0.0160,1.02,no
2026-10-05T02:57:39.118325Z,KXBTC15M-26OCT042300-00,0.0170,0.01,yes
2026-10-05T02:57:39.118325Z,KXBTC15M-26OCT042300-00,0.0170,0.01,yes
2026-10-05T02:57:39.118325Z,KXBTC15M-26OCT042300-00,0.0180,2.34,yes
2026-10-05T02:57:39.274468Z,KXBTC15M-26OCT042300-00,0.0160,10.14,no
2026-10-05T02:57:39.361595Z,KXBTC15M-26OCT042300-00,0.0180,51.48,yes
2026-10-05T02:57:39.387832Z,KXBTC15M-26OCT042300-00,0.0160,11.18,no
2026-10-05T02:57:39.550826Z,KXBTC15M-26OCT042300-00,0.0160,61.92,no
2026-10-05T02:57:39.561391Z,KXBTC15M-26OCT042300-00,0.0170,10.72,yes
2026-10-05T02:57:39.596239Z,KXBTC15M-26OCT042300-00,0.0160,0.97,no
2026-10-05T02:57:39.608293Z,KXBTC15M-26OCT042300-00,0.0170,7.16,yes
2026-10-05T02:57:39.608507Z,KXBTC15M-26OCT042300-00,0.0160,62.64,no
2026-10-05T02:57:39.705803Z,KXBTC15M-26OCT042300-00,0.0170,51.98,yes
2026-10-05T02:57:39.712498Z,KXBTC15M-26OCT042300-00,0.0170,1.10,yes
2026-10-05T02:57:39.833158Z,KXBTC15M-26OCT042300-00,0.0160,200.00,no
2026-10-05T02:57:39.893223Z,KXBTC15M-26OCT042300-00,0.0160,0.50,no
2026-10-05T02:57:39.9671Z,KXBTC15M-26OCT042300-00,0.0210,15.00,yes
2026-10-05T02:57:39.9671Z,KXBTC15M-26OCT042300-00,0.0210,17.00,yes
2026-10-05T02:57:39.9671Z,KXBTC15M-26OCT042300-00,0.0210,82.00,yes
2026-10-05T02:57:39.9671Z,KXBTC15M-26OCT042300-00,0.0210,8.04,yes
2026-10-05T02:57:39.9671Z,KXBTC15M-26OCT042300-00,0.0210,272.85,yes
2026-10-05T02:57:39.9671Z,KXBTC15M-26OCT042300-00,0.0210,39.00,yes
2026-10-05T02:57:39.9671Z,KXBTC15M-26OCT042300-00,0.0210,148.11,yes
2026-10-05T02:57:39.9671Z,KXBTC15M-26OCT042300-00,0.0170,0.01,yes
2026-10-05T02:57:39.9671Z,KXBTC15M-26OCT042300-00,0.0180,200.00,yes
2026-10-05T02:57:39.9671Z,KXBTC15M-26OCT042300-00,0.0190,270.00,yes
2026-10-05T02:57:39.9671Z,KXBTC15M-26OCT042300-00,0.0190,1.00,yes
2026-10-05T02:57:39.9671Z,KXBTC15M-26OCT042300-00,0.0170,0.01,yes
2026-10-05T02:57:39.9671Z,KXBTC15M-26OCT042300-00,0.0170,55.00,yes
2026-10-05T02:57:39.9671Z,KXBTC15M-26OCT042300-00,0.0180,1000.00,yes
2026-10-05T02:57:39.9671Z,KXBTC15M-26OCT042300-00,0.0190,144.00,yes
2026-10-05T02:57:39.9671Z,KXBTC15M-26OCT042300-00,0.0180,1.00,yes
2026-10-05T02:57:39.9671Z,KXBTC15M-26OCT042300-00,0.0200,1.00,yes
2026-10-05T02:57:39.9671Z,KXBTC15M-26OCT042300-00,0.0170,1.00,yes
2026-10-05T02:57:39.9671Z,KXBTC15M-26OCT042300-00,0.0210,1.00,yes
2026-10-05T02:57:39.9671Z,KXBTC15M-26OCT042300-00,0.0190,13.00,yes
2026-10-05T02:57:39.9671Z,KXBTC15M-26OCT042300-00,0.0180,1.00,yes
2026-10-05T02:57:39.9671Z,KXBTC15M-26OCT042300-00,0.0170,6.00,yes
2026-10-05T02:57:39.9671Z,KXBTC15M-26OCT042300-00,0.0180,114.00,yes
2026-10-05T02:57:39.9671Z,KXBTC15M-26OCT042300-00,0.0180,39.20,yes
2026-10-05T02:57:39.9671Z,KXBTC15M-26OCT042300-00,0.0180,15.00,yes
2026-10-05T02:57:39.9671Z,KXBTC15M-26OCT042300-00,0.0200,2000.00,yes
2026-10-05T02:57:39.9671Z,KXBTC15M-26OCT042300-00,0.0210,1.00,yes
2026-10-05T02:57:39.9671Z,KXBTC15M-26OCT042300-00,0.0200,2.00,yes
2026-10-05T02:57:39.9671Z,KXBTC15M-26OCT042300-00,0.0200,50.00,yes
2026-10-05T02:57:39.9671Z,KXBTC15M-26OCT042300-00,0.0220,241.29,yes
2026-10-05T02:57:39.9671Z,KXBTC15M-26OCT042300-00,0.0220,2.00,yes
2026-10-05T02:57:39.9671Z,KXBTC15M-26OCT042300-00,0.0210,10.00,yes
2026-10-05T02:57:39.9671Z,KXBTC15M-26OCT042300-00,0.0220,2.00,yes
2026-10-05T02:57:39.97843Z,KXBTC15M-26OCT042300-00,0.0160,0.01,no
2026-10-05T02:57:39.97843Z,KXBTC15M-26OCT042300-00,0.0160,0.01,no
2026-10-05T02:57:39.97843Z,KXBTC15M-26OCT042300-00,0.0160,10.13,no
2026-10-05T02:57:40.111956Z,KXBTC15M-26OCT042300-00,0.0170,1.01,no
2026-10-05T02:57:40.135478Z,KXBTC15M-26OCT042300-00,0.0180,0.01,yes
2026-10-05T02:57:40.135478Z,KXBTC15M-26OCT042300-00,0.0180,0.01,yes
2026-10-05T02:57:40.135478Z,KXBTC15M-26OCT042300-00,0.0180,0.24,yes
2026-10-05T02:57:40.146902Z,KXBTC15M-26OCT042300-00,0.0170,1.00,no
2026-10-05T02:57:40.150045Z,KXBTC15M-26OCT042300-00,0.0170,10.03,no
2026-10-05T02:57:40.160613Z,KXBTC15M-26OCT042300-00,0.0180,1.00,yes
2026-10-05T02:57:40.160613Z,KXBTC15M-26OCT042300-00,0.0180,26.00,yes
2026-10-05T02:57:40.160613Z,KXBTC15M-26OCT042300-00,0.0180,0.01,yes
2026-10-05T02:57:40.160613Z,KXBTC15M-26OCT042300-00,0.0180,14.64,yes
2026-10-05T02:57:40.292682Z,KXBTC15M-26OCT042300-00,0.0180,10.15,no
2026-10-05T02:57:40.310806Z,KXBTC15M-26OCT042300-00,0.0180,0.01,no
2026-10-05T02:57:40.310806Z,KXBTC15M-26OCT042300-00,0.0180,110.73,no
2026-10-05T02:57:40.310806Z,KXBTC15M-26OCT042300-00,0.0180,0.01,no
2026-10-05T02:57:40.323866Z,KXBTC15M-26OCT042300-00,0.0190,1.00,yes
2026-10-05T02:57:40.323866Z,KXBTC15M-26OCT042300-00,0.0190,4.39,yes
2026-10-05T02:57:40.343918Z,KXBTC15M-26OCT042300-00,0.0180,89.27,no
2026-10-05T02:57:40.343918Z,KXBTC15M-26OCT042300-00,0.0180,0.01,no
2026-10-05T02:57:40.343918Z,KXBTC15M-26OCT042300-00,0.0180,0.01,no
2026-10-05T02:57:40.343918Z,KXBTC15M-26OCT042300-00,0.0180,1.00,no
2026-10-05T02:57:40.343918Z,KXBTC15M-26OCT042300-00,0.0180,33.55,no
2026-10-05T02:57:40.354583Z,KXBTC15M-26OCT042300-00,0.0180,13.20,no
2026-10-05T02:57:40.406934Z,KXBTC15M-26OCT042300-00,0.0180,33.68,no
2026-10-05T02:57:40.417783Z,KXBTC15M-26OCT042300-00,0.0180,95.02,no
2026-10-05T02:57:40.434883Z,KXBTC15M-26OCT042300-00,0.0180,21.55,no
2026-10-05T02:57:40.45229Z,KXBTC15M-26OCT042300-00,0.0180,1.01,no
2026-10-05T02:57:40.581566Z,KXBTC15M-26OCT042300-00,0.0180,50.00,no
2026-10-05T02:57:40.668304Z,KXBTC15M-26OCT042300-00,0.0180,1.01,no
2026-10-05T02:57:40.687777Z,KXBTC15M-26OCT042300-00,0.0180,106.74,no
2026-10-05T02:57:40.727072Z,KXBTC15M-26OCT042300-00,0.0180,9.85,no
2026-10-05T02:57:40.769907Z,KXBTC15M-26OCT042300-00,0.0190,98.49,yes
2026-10-05T02:57:40.858438Z,KXBTC15M-26OCT042300-00,0.0180,0.01,no
2026-10-05T02:57:40.858438Z,KXBTC15M-26OCT042300-00,0.0180,0.01,no
2026-10-05T02:57:40.874484Z,KXBTC15M-26OCT042300-00,0.0180,21.39,yes
2026-10-05T02:57:40.874484Z,KXBTC15M-26OCT042300-00,0.0180,19.98,yes
2026-10-05T02:57:41.020079Z,KXBTC15M-26OCT042300-00,0.0170,5.08,no
2026-10-05T02:57:41.035389Z,KXBTC15M-26OCT042300-00,0.0180,49.25,yes
2026-10-05T02:57:41.040067Z,KXBTC15M-26OCT042300-00,0.0170,5.08,no
2026-10-05T02:57:41.163894Z,KXBTC15M-26OCT042300-00,0.0170,41.00,no
2026-10-05T02:57:41.178936Z,KXBTC15M-26OCT042300-00,0.0180,52.36,yes
2026-10-05T02:57:41.184271Z,KXBTC15M-26OCT042300-00,0.0170,203.21,no
2026-10-05T02:57:41.201751Z,KXBTC15M-26OCT042300-00,0.0180,20.00,yes
2026-10-05T02:57:41.201751Z,KXBTC15M-26OCT042300-00,0.0180,0.01,yes
2026-10-05T02:57:41.201751Z,KXBTC15M-26OCT042300-00,0.0180,0.01,yes
2026-10-05T02:57:41.201751Z,KXBTC15M-26OCT042300-00,0.0180,2.23,yes
2026-10-05T02:57:41.201751Z,KXBTC15M-26OCT042300-00,0.0180,27.00,yes
2026-10-05T02:57:41.21992Z,KXBTC15M-26OCT042300-00,0.0180,26.10,yes
2026-10-05T02:57:41.224664Z,KXBTC15M-26OCT042300-00,0.0180,66.47,yes
2026-10-05T02:57:41.238412Z,KXBTC15M-26OCT042300-00,0.0170,3.17,no
2026-10-05T02:57:41.245759Z,KXBTC15M-26OCT042300-00,0.0170,62.92,no
2026-10-05T02:57:41.326873Z,KXBTC15M-26OCT042300-00,0.0160,823.00,no
2026-10-05T02:57:41.326873Z,KXBTC15M-26OCT042300-00,0.0170,200.00,no
2026-10-05T02:57:41.326873Z,KXBTC15M-26OCT042300-00,0.0140,784.00,no
2026-10-05T02:57:41.326873Z,KXBTC15M-26OCT042300-00,0.0170,1.00,no
2026-10-05T02:57:41.326873Z,KXBTC15M-26OCT042300-00,0.0170,0.01,no
2026-10-05T02:57:41.326873Z,KXBTC15M-26OCT042300-00,0.0170,0.01,no
2026-10-05T02:57:41.326873Z,KXBTC15M-26OCT042300-00,0.0140,900.00,no
2026-10-05T02:57:41.326873Z,KXBTC15M-26OCT042300-00,0.0160,200.00,no
2026-10-05T02:57:41.326873Z,KXBTC15M-26OCT042300-00,0.0170,2.54,no
2026-10-05T02:57:41.326873Z,KXBTC15M-26OCT042300-00,0.0140,2.00,no
2026-10-05T02:57:41.326873Z,KXBTC15M-26OCT042300-00,0.0140,2.00,no
2026-10-05T02:57:41.326873Z,KXBTC15M-26OCT042300-00,0.0140,13.00,no
2026-10-05T02:57:41.326873Z,KXBTC15M-26OCT042300-00,0.0140,29.00,no
2026-10-05T02:57:41.326873Z,KXBTC15M-26OCT042300-00,0.0140,98.00,no
2026-10-05T02:57:41.326873Z,KXBTC15M-26OCT042300-00,0.0150,100.00,no
2026-10-05T02:57:41.326873Z,KXBTC15M-26OCT042300-00,0.0170,500.00,no
2026-10-05T02:57:41.326873Z,KXBTC15M-26OCT042300-00,0.0130,289.72,no
2026-10-05T02:57:41.326873Z,KXBTC15M-26OCT042300-00,0.0130,97.00,no
2026-10-05T02:57:41.326873Z,KXBTC15M-26OCT042300-00,0.0130,15.00,no
2026-10-05T02:57:41.327812Z,KXBTC15M-26OCT042300-00,0.0100,25.00,no
2026-10-05T02:57:41.327812Z,KXBTC15M-26OCT042300-00,0.0100,200.00,no
2026-10-05T02:57:41.327812Z,KXBTC15M-26OCT042300-00,0.0100,352.00,no
2026-10-05T02:57:41.327812Z,KXBTC15M-26OCT042300-00,0.0100,60.00,no
2026-10-05T02:57:41.327812Z,KXBTC15M-26OCT042300-00,0.0100,1.00,no
2026-10-05T02:57:41.327812Z,KXBTC15M-26OCT042300-00,0.0100,200.00,no
2026-10-05T02:57:41.327812Z,KXBTC15M-26OCT042300-00,0.0100,56.96,no
2026-10-05T02:57:41.327812Z,KXBTC15M-26OCT042300-00,0.0100,1.86,no
2026-10-05T02:57:41.327812Z,KXBTC15M-26OCT042300-00,0.0100,1.79,no
2026-10-05T02:57:41.327812Z,KXBTC15M-26OCT042300-00,0.0130,1116.02,no
2026-10-05T02:57:41.327812Z,KXBTC15M-26OCT042300-00,0.0130,1.00,no
2026-10-05T02:57:41.327812Z,KXBTC15M-26OCT042300-00,0.0120,2.00,no
2026-10-05T02:57:41.327812Z,KXBTC15M-26OCT042300-00,0.0130,2.00,no
2026-10-05T02:57:41.327812Z,KXBTC15M-26OCT042300-00,0.0120,2.00,no
2026-10-05T02:57:41.327812Z,KXBTC15M-26OCT042300-00,0.0130,2.00,no
2026-10-05T02:57:41.327812Z,KXBTC15M-26OCT042300-00,0.0120,1047.00,no
2026-10-05T02:57:41.327812Z,KXBTC15M-26OCT042300-00,0.0130,210.28,no
2026-10-05T02:57:41.327812Z,KXBTC15M-26OCT042300-00,0.0120,15.00,no
2026-10-05T02:57:41.327812Z,KXBTC15M-26OCT042300-00,0.0110,6.00,no
2026-10-05T02:57:41.327812Z,KXBTC15M-26OCT042300-00,0.0120,15.00,no
2026-10-05T02:57:41.327812Z,KXBTC15M-26OCT042300-00,0.0120,15.00,no
2026-10-05T02:57:41.327812Z,KXBTC15M-26OCT042300-00,0.0110,77.00,no
2026-10-05T02:57:41.327812Z,KXBTC15M-26OCT042300-00,0.0130,10.00,no
2026-10-05T02:57:41.447929Z,KXBTC15M-26OCT042300-00,0.0150,0.01,yes
2026-10-05T02:57:41.447929Z,KXBTC15M-26OCT042300-00,0.0150,0.01,yes
2026-10-05T02:57:41.447929Z,KXBTC15M-26OCT042300-00,0.0150,15.00,yes
2026-10-05T02:57:41.447929Z,KXBTC15M-26OCT042300-00,0.0150,15.00,yes
2026-10-05T02:57:41.447929Z,KXBTC15M-26OCT042300-00,0.0160,295.32,yes
2026-10-05T02:57:41.504691Z,KXBTC15M-26OCT042300-00,0.0140,18.15,no
2026-10-05T02:57:41.504691Z,KXBTC15M-26OCT042300-00,0.0150,0.01,no
2026-10-05T02:57:41.504691Z,KXBTC15M-26OCT042300-00,0.0150,0.01,no
2026-10-05T02:57:41.504691Z,KXBTC15M-26OCT042300-00,0.0140,0.01,no
2026-10-05T02:57:41.504691Z,KXBTC15M-26OCT042300-00,0.0140,0.01,no
2026-10-05T02:57:41.626128Z,KXBTC15M-26OCT042300-00,0.0160,0.01,yes
2026-10-05T02:57:41.626128Z,KXBTC15M-26OCT042300-00,0.0160,12.97,yes
2026-10-05T02:57:41.626128Z,KXBTC15M-26OCT042300-00,0.0160,0.01,yes
2026-10-05T02:57:41.626128Z,KXBTC15M-26OCT042300-00,0.0160,13.00,yes
2026-10-05T02:57:41.626934Z,KXBTC15M-26OCT042300-00,0.0160,187.03,yes
2026-10-05T02:57:41.626934Z,KXBTC15M-26OCT042300-00,0.0170,72.88,yes
2026-10-05T02:57:41.793601Z,KXBTC15M-26OCT042300-00,0.0150,6.58,no
2026-10-05T02:57:41.793601Z,KXBTC15M-26OCT042300-00,0.0150,500.00,no
2026-10-05T02:57:41.793601Z,KXBTC15M-26OCT042300-00,0.0150,0.01,no
2026-10-05T02:57:41.793601Z,KXBTC15M-26OCT042300-00,0.0150,0.01,no
2026-10-05T02:57:41.799911Z,KXBTC15M-26OCT042300-00,0.0150,13.01,no
2026-10-05T02:57:41.83979Z,KXBTC15M-26OCT042300-00,0.0160,13.00,yes
2026-10-05T02:57:41.83979Z,KXBTC15M-26OCT042300-00,0.0160,0.01,yes
2026-10-05T02:57:41.83979Z,KXBTC15M-26OCT042300-00,0.0170,234.58,yes
2026-10-05T02:57:41.83979Z,KXBTC15M-26OCT042300-00,0.0160,1.00,yes
2026-10-05T02:57:41.83979Z,KXBTC15M-26OCT042300-00,0.0160,0.01,yes
2026-10-05T02:57:41.87587Z,KXBTC15M-26OCT042300-00,0.0150,3.14,no
2026-10-05T02:57:41.957593Z,KXBTC15M-26OCT042300-00,0.0150,106.30,no
2026-10-05T02:57:41.985557Z,KXBTC15M-26OCT042300-00,0.0100,7.50,no
2026-10-05T02:57:41.985557Z,KXBTC15M-26OCT042300-00,0.0100,20.00,no
2026-10-05T02:57:41.985557Z,KXBTC15M-26OCT042300-00,0.0100,9.70,no
2026-10-05T02:57:41.985557Z,KXBTC15M-26OCT042300-00,0.0100,0.07,no
2026-10-05T02:57:41.985557Z,KXBTC15M-26OCT042300-00,0.0100,6.09,no
2026-10-05T02:57:41.985557Z,KXBTC15M-26OCT042300-00,0.0100,7.19,no
2026-10-05T02:57:41.985557Z,KXBTC15M-26OCT042300-00,0.0100,1.43,no
2026-10-05T02:57:41.985557Z,KXBTC15M-26OCT042300-00,0.0100,2.00,no
2026-10-05T02:57:41.985557Z,KXBTC15M-26OCT042300-00,0.0100,3.40,no
2026-10-05T02:57:41.985557Z,KXBTC15M-26OCT042300-00,0.0100,0.42,no
2026-10-05T02:57:41.985557Z,KXBTC15M-26OCT042300-00,0.0100,0.30,no
2026-10-05T02:57:41.985557Z,KXBTC15M-26OCT042300-00,0.0100,8.23,no
2026-10-05T02:57:41.985557Z,KXBTC15M-26OCT042300-00,0.0100,8.10,no
2026-10-05T02:57:41.985557Z,KXBTC15M-26OCT042300-00,0.0100,164.76,no
2026-10-05T02:57:41.985557Z,KXBTC15M-26OCT042300-00,0.0100,2.14,no
2026-10-05T02:57:41.985557Z,KXBTC15M-26OCT042300-00,0.0100,8.37,no
2026-10-05T02:57:41.985557Z,KXBTC15M-26OCT042300-00,0.0100,40.53,no
2026-10-05T02:57:41.985557Z,KXBTC15M-26OCT042300-00,0.0100,3.93,no
2026-10-05T02:57:41.985557Z,KXBTC15M-26OCT042300-00,0.0100,14.09,no
2026-10-05T02:57:41.985557Z,KXBTC15M-26OCT042300-00,0.0100,1.50,no
2026-10-05T02:57:41.985557Z,KXBTC15M-26OCT042300-00,0.0100,0.86,no
2026-10-05T02:57:41.985557Z,KXBTC15M-26OCT042300-00,0.0100,93.10,no
2026-10-05T02:57:41.985557Z,KXBTC15M-26OCT042300-00,0.0100,4.55,no
2026-10-05T02:57:41.985557Z,KXBTC15M-26OCT042300-00,0.0100,1.47,no
2026-10-05T02:57:41.985557Z,KXBTC15M-26OCT042300-00,0.0100,0.01,no
2026-10-05T02:57:41.985557Z,KXBTC15M-26OCT042300-00,0.0100,13.44,no
2026-10-05T02:57:41.985557Z,KXBTC15M-26OCT042300-00,0.0100,64.70,no
2026-10-05T02:57:41.985557Z,KXBTC15M-26OCT042300-00,0.0100,1.00,no
2026-10-05T02:57:41.985557Z,KXBTC15M-26OCT042300-00,0.0100,0.31,no
2026-10-05T02:57:41.985557Z,KXBTC15M-26OCT042300-00,0.0100,109.65,no
2026-10-05T02:57:41.985557Z,KXBTC15M-26OCT042300-00,0.0100,0.12,no
2026-10-05T02:57:41.985557Z,KXBTC15M-26OCT042300-00,0.0100,18.49,no
2026-10-05T02:57:41.985557Z,KXBTC15M-26OCT042300-00,0.0100,2.46,no
2026-10-05T02:57:41.985557Z,KXBTC15M-26OCT042300-00,0.0100,3.00,no
2026-10-05T02:57:41.985557Z,KXBTC15M-26OCT042300-00,0.0100,6.23,no
2026-10-05T02:57:41.985557Z,KXBTC15M-26OCT042300-00,0.0100,1.23,no
2026-10-05T02:57:41.985557Z,KXBTC15M-26OCT042300-00,0.0100,54.48,no
2026-10-05T02:57:41.985557Z,KXBTC15M-26OCT042300-00,0.0100,0.15,no
2026-10-05T02:57:41.985557Z,KXBTC15M-26OCT042300-00,0.0100,1.11,no
2026-10-05T02:57:41.985557Z,KXBTC15M-26OCT042300-00,0.0100,5.75,no
2026-10-05T02:57:41.985557Z,KXBTC15M-26OCT042300-00,0.0100,2.43,no
2026-10-05T02:57:41.985557Z,KXBTC15M-26OCT042300-00,0.0100,9.30,no
2026-10-05T02:57:41.985557Z,KXBTC15M-26OCT042300-00,0.0100,0.61,no
2026-10-05T02:57:41.985557Z,KXBTC15M-26OCT042300-00,0.0100,134.59,no
2026-10-05T02:57:41.985557Z,KXBTC15M-26OCT042300-00,0.0100,14.21,no
2026-10-05T02:57:41.985557Z,KXBTC15M-26OCT042300-00,0.0100,3.94,no
2026-10-05T02:57:41.985557Z,KXBTC15M-26OCT042300-00,0.0100,0.05,no
2026-10-05T02:57:41.985557Z,KXBTC15M-26OCT042300-00,0.0100,18.59,no
2026-10-05T02:57:41.985557Z,KXBTC15M-26OCT042300-00,0.0100,18.26,no
2026-10-05T02:57:41.985557Z,KXBTC15M-26OCT042300-00,0.0100,43.04,no
2026-10-05T02:57:41.985557Z,KXBTC15M-26OCT042300-00,0.0120,100.00,no
2026-10-05T02:57:41.985557Z,KXBTC15M-26OCT042300-00,0.0110,17.00,no
2026-10-05T02:57:41.985557Z,KXBTC15M-26OCT042300-00,0.0110,17.00,no
2026-10-05T02:57:41.985557Z,KXBTC15M-26OCT042300-00,0.0130,34.00,no
2026-10-05T02:57:41.985557Z,KXBTC15M-26OCT042300-00,0.0140,200.00,no
2026-10-05T02:57:41.985557Z,KXBTC15M-26OCT042300-00,0.0150,0.01,no
2026-10-05T02:57:41.985557Z,KXBTC15M-26OCT042300-00,0.0140,15.00,no
2026-10-05T02:57:41.985557Z,KXBTC15M-26OCT042300-00,0.0140,15.00,no
2026-10-05T02:57:41.985557Z,KXBTC15M-26OCT042300-00,0.0150,0.01,no
2026-10-05T02:57:41.985557Z,KXBTC15M-26OCT042300-00,0.0110,499.00,no
2026-10-05T02:57:41.985557Z,KXBTC15M-26OCT042300-00,0.0150,670.97,no
2026-10-05T02:57:41.985557Z,KXBTC15M-26OCT042300-00,0.0140,279.00,no
2026-10-05T02:57:41.985557Z,KXBTC15M-26OCT042300-00,0.0100,12.52,no
2026-10-05T02:57:41.985557Z,KXBTC15M-26OCT042300-00,0.0100,20.00,no
2026-10-05T02:57:41.985557Z,KXBTC15M-26OCT042300-00,0.0100,84.51,no
2026-10-05T02:57:41.985557Z,KXBTC15M-26OCT042300-00,0.0100,11.39,no
2026-10-05T02:57:41.985557Z,KXBTC15M-26OCT042300-00,0.0100,11.07,no
2026-10-05T02:57:41.985557Z,KXBTC15M-26OCT042300-00,0.0100,23.28,no
2026-10-05T02:57:41.985557Z,KXBTC15M-26OCT042300-00,0.0100,3.49,no
2026-10-05T02:57:41.985557Z,KXBTC15M-26OCT042300-00,0.0100,3.49,no
2026-10-05T02:57:41.985557Z,KXBTC15M-26OCT042300-00,0.0100,2.32,no
2026-10-05T02:57:41.985557Z,KXBTC15M-26OCT042300-00,0.0100,5.88,no
2026-10-05T02:57:41.985557Z,KXBTC15M-26OCT042300-00,0.0100,1.13,no
2026-10-05T02:57:41.985557Z,KXBTC15M-26OCT042300-00,0.0100,0.51,no
2026-10-05T02:57:41.985557Z,KXBTC15M-26OCT042300-00,0.0100,2.27,no
2026-10-05T02:57:41.985557Z,KXBTC15M-26OCT042300-00,0.0100,100.00,no
2026-10-05T02:57:41.985557Z,KXBTC15M-26OCT042300-00,0.0100,0.22,no
2026-10-05T02:57:41.985557Z,KXBTC15M-26OCT042300-00,0.0100,2.30,no
2026-10-05T02:57:41.985557Z,KXBTC15M-26OCT042300-00,0.0100,3.38,no
2026-10-05T02:57:41.985557Z,KXBTC15M-26OCT042300-00,0.0100,5.57,no
2026-10-05T02:57:41.985557Z,KXBTC15M-26OCT042300-00,0.0100,55.16,no
2026-10-05T02:57:41.985557Z,KXBTC15M-26OCT042300-00,0.0100,5.69,no
2026-10-05T02:57:41.985557Z,KXBTC15M-26OCT042300-00,0.0100,1.00,no
2026-10-05T02:57:41.985557Z,KXBTC15M-26OCT042300-00,0.0100,2.35,no
2026-10-05T02:57:41.985557Z,KXBTC15M-26OCT042300-00,0.0100,2.38,no
2026-10-05T02:57:41.985557Z,KXBTC15M-26OCT042300-00,0.0100,27.87,no
2026-10-05T02:57:41.985557Z,KXBTC15M-26OCT042300-00,0.0100,26.76,no
2026-10-05T02:57:41.985557Z,KXBTC15M-26OCT042300-00,0.0100,4.37,no
2026-10-05T02:57:41.985557Z,KXBTC15M-26OCT042300-00,0.0100,68.34,no
2026-10-05T02:57:41.985557Z,KXBTC15M-26OCT042300-00,0.0100,5.60,no
2026-10-05T02:57:41.996664Z,KXBTC15M-26OCT042300-00,0.0170,0.94,yes
2026-10-05T02:57:42.02017Z,KXBTC15M-26OCT042300-00,0.0170,26.75,yes
2026-10-05T02:57:42.092182Z,KXBTC15M-26OCT042300-00,0.0170,270.00,yes
2026-10-05T02:57:42.176478Z,KXBTC15M-26OCT042300-00,0.0170,270.47,yes
2026-10-05T02:57:42.205382Z,KXBTC15M-26OCT042300-00,0.0120,32.34,no
2026-10-05T02:57:42.205382Z,KXBTC15M-26OCT042300-00,0.0130,100.00,no
2026-10-05T02:57:42.205382Z,KXBTC15M-26OCT042300-00,0.0120,17.00,no
2026-10-05T02:57:42.205382Z,KXBTC15M-26OCT042300-00,0.0160,0.01,no
2026-10-05T02:57:42.205382Z,KXBTC15M-26OCT042300-00,0.0160,0.01,no
2026-10-05T02:57:42.224044Z,KXBTC15M-26OCT042300-00,0.0130,1.93,no
2026-10-05T02:57:42.224044Z,KXBTC15M-26OCT042300-00,0.0130,1.02,no
2026-10-05T02:57:42.224044Z,KXBTC15M-26OCT042300-00,0.0130,1.01,no
2026-10-05T02:57:42.230456Z,KXBTC15M-26OCT042300-00,0.0100,0.06,no
2026-10-05T02:57:42.230456Z,KXBTC15M-26OCT042300-00,0.0100,1.00,no
2026-10-05T02:57:42.230456Z,KXBTC15M-26OCT042300-00,0.0100,5.39,no
2026-10-05T02:57:42.230456Z,KXBTC15M-26OCT042300-00,0.0100,35.41,no
2026-10-05T02:57:42.230456Z,KXBTC15M-26OCT042300-00,0.0100,32.35,no
2026-10-05T02:57:42.230456Z,KXBTC15M-26OCT042300-00,0.0100,1.00,no
2026-10-05T02:57:42.230456Z,KXBTC15M-26OCT042300-00,0.0100,1.00,no
2026-10-05T02:57:42.230456Z,KXBTC15M-26OCT042300-00,0.0100,5.00,no
2026-10-05T02:57:42.230456Z,KXBTC15M-26OCT042300-00,0.0100,6.38,no
2026-10-05T02:57:42.230456Z,KXBTC15M-26OCT042300-00,0.0100,182.50,no
2026-10-05T02:57:42.230456Z,KXBTC15M-26OCT042300-00,0.0100,2.13,no
2026-10-05T02:57:42.230456Z,KXBTC15M-26OCT042300-00,0.0100,8.82,no
2026-10-05T02:57:42.230456Z,KXBTC15M-26OCT042300-00,0.0100,0.96,no
2026-10-05T02:57:42.230456Z,KXBTC15M-26OCT042300-00,0.0100,8.52,no
2026-10-05T02:57:42.230456Z,KXBTC15M-26OCT042300-00,0.0100,3.22,no
2026-10-05T02:57:42.230456Z,KXBTC15M-26OCT042300-00,0.0110,37.00,no
2026-10-05T02:57:42.230456Z,KXBTC15M-26OCT042300-00,0.0130,98.07,no
2026-10-05T02:57:42.230456Z,KXBTC15M-26OCT042300-00,0.0100,549.00,no
2026-10-05T02:57:42.230456Z,KXBTC15M-26OCT042300-00,0.0130,400.00,no
2026-10-05T02:57:42.230456Z,KXBTC15M-26OCT042300-00,0.0110,17.00,no
2026-10-05T02:57:42.230456Z,KXBTC15M-26OCT042300-00,0.0130,0.01,no
2026-10-05T02:57:42.230456Z,KXBTC15M-26OCT042300-00,0.0120,0.01,no
2026-10-05T02:57:42.230456Z,KXBTC15M-26OCT042300-00,0.0120,0.01,no
2026-10-05T02:57:42.230456Z,KXBTC15M-26OCT042300-00,0.0130,0.01,no
2026-10-05T02:57:42.230456Z,KXBTC15M-26OCT042300-00,0.0110,8.00,no
2026-10-05T02:57:42.230456Z,KXBTC15M-26OCT042300-00,0.0110,95.00,no
2026-10-05T02:57:42.230456Z,KXBTC15M-26OCT042300-00,0.0100,240.34,no
2026-10-05T02:57:42.230456Z,KXBTC15M-26OCT042300-00,0.0100,17.00,no
2026-10-05T02:57:42.230456Z,KXBTC15M-26OCT042300-00,0.0100,4.00,no
2026-10-05T02:57:42.230456Z,KXBTC15M-26OCT042300-00,0.0100,10.00,no
2026-10-05T02:57:42.230456Z,KXBTC15M-26OCT042300-00,0.0100,25.00,no
2026-10-05T02:57:42.230456Z,KXBTC15M-26OCT042300-00,0.0100,100.00,no
2026-10-05T02:57:42.230456Z,KXBTC15M-26OCT042300-00,0.0100,25.00,no
2026-10-05T02:57:42.230456Z,KXBTC15M-26OCT042300-00,0.0100,50.00,no
2026-10-05T02:57:42.230456Z,KXBTC15M-26OCT042300-00,0.0100,25.00,no
2026-10-05T02:57:42.230456Z,KXBTC15M-26OCT042300-00,0.0100,100.00,no
2026-10-05T02:57:42.230456Z,KXBTC15M-26OCT042300-00,0.0100,5.00,no
2026-10-05T02:57:42.230456Z,KXBTC15M-26OCT042300-00,0.0100,6.00,no
2026-10-05T02:57:42.230456Z,KXBTC15M-26OCT042300-00,0.0100,6.00,no
2026-10-05T02:57:42.230456Z,KXBTC15M-26OCT042300-00,0.0100,100.00,no
2026-10-05T02:57:42.230456Z,KXBTC15M-26OCT042300-00,0.0100,14.18,no
2026-10-05T02:57:42.230456Z,KXBTC15M-26OCT042300-00,0.0100,0.07,no
2026-10-05T02:57:42.230456Z,KXBTC15M-26OCT042300-00,0.0100,94.40,no
2026-10-05T02:57:42.267714Z,KXBTC15M-26OCT042300-00,0.0120,0.01,no
2026-10-05T02:57:42.267714Z,KXBTC15M-26OCT042300-00,0.0120,0.01,no
2026-10-05T02:57:42.267714Z,KXBTC15M-26OCT042300-00,0.0120,100.00,no
2026-10-05T02:57:42.323219Z,KXBTC15M-26OCT042300-00,0.0120,0.01,yes
2026-10-05T02:57:42.323219Z,KXBTC15M-26OCT042300-00,0.0120,1.00,yes
2026-10-05T02:57:42.323219Z,KXBTC15M-26OCT042300-00,0.0120,15.00,yes
2026-10-05T02:57:42.323219Z,KXBTC15M-26OCT042300-00,0.0120,70.00,yes
2026-10-05T02:57:42.323219Z,KXBTC15M-26OCT042300-00,0.0130,0.01,yes
2026-10-05T02:57:42.323219Z,KXBTC15M-26OCT042300-00,0.0120,0.01,yes
2026-10-05T02:57:42.323219Z,KXBTC15M-26OCT042300-00,0.0120,70.00,yes
2026-10-05T02:57:42.323219Z,KXBTC15M-26OCT042300-00,0.0120,70.00,yes
2026-10-05T02:57:42.323219Z,KXBTC15M-26OCT042300-00,0.0130,0.01,yes
2026-10-05T02:57:42.323219Z,KXBTC15M-26OCT042300-00,0.0120,70.00,yes
2026-10-05T02:57:42.323219Z,KXBTC15M-26OCT042300-00,0.0120,15.00,yes
2026-10-05T02:57:42.323219Z,KXBTC15M-26OCT042300-00,0.0120,70.00,yes
2026-10-05T02:57:42.323219Z,KXBTC15M-26OCT042300-00,0.0130,169.32,yes
2026-10-05T02:57:42.331645Z,KXBTC15M-26OCT042300-00,0.0120,0.01,yes
2026-10-05T02:57:42.331645Z,KXBTC15M-26OCT042300-00,0.0120,0.01,yes
2026-10-05T02:57:42.331645Z,KXBTC15M-26OCT042300-00,0.0130,55.02,yes
2026-10-05T02:57:42.338504Z,KXBTC15M-26OCT042300-00,0.0120,0.01,yes
2026-10-05T02:57:42.338504Z,KXBTC15M-26OCT042300-00,0.0130,80.76,yes
2026-10-05T02:57:42.372932Z,KXBTC15M-26OCT042300-00,0.0110,13.69,no
2026-10-05T02:57:42.383114Z,KXBTC15M-26OCT042300-00,0.0120,57.81,yes
2026-10-05T02:57:42.383114Z,KXBTC15M-26OCT042300-00,0.0120,70.00,yes
2026-10-05T02:57:42.454608Z,KXBTC15M-26OCT042300-00,0.0130,4.21,yes
2026-10-05T02:57:42.47833Z,KXBTC15M-26OCT042300-00,0.0130,55.04,yes
2026-10-05T02:57:42.518731Z,KXBTC15M-26OCT042300-00,0.0120,14.54,no
2026-10-05T02:57:42.518731Z,KXBTC15M-26OCT042300-00,0.0120,0.01,no
2026-10-05T02:57:42.537306Z,KXBTC15M-26OCT042300-00,0.0130,25.00,yes
2026-10-05T02:57:42.537306Z,KXBTC15M-26OCT042300-00,0.0160,44.70,yes
2026-10-05T02:57:42.537306Z,KXBTC15M-26OCT042300-00,0.0140,1000.00,yes
2026-10-05T02:57:42.537306Z,KXBTC15M-26OCT042300-00,0.0130,0.01,yes
2026-10-05T02:57:42.537306Z,KXBTC15M-26OCT042300-00,0.0160,13.00,yes
2026-10-05T02:57:42.537306Z,KXBTC15M-26OCT042300-00,0.0130,0.01,yes
2026-10-05T02:57:42.537306Z,KXBTC15M-26OCT042300-00,0.0140,17.00,yes
2026-10-05T02:57:42.537306Z,KXBTC15M-26OCT042300-00,0.0150,1.00,yes
2026-10-05T02:57:42.636163Z,KXBTC15M-26OCT042300-00,0.0160,1.00,yes
2026-10-05T02:57:42.636163Z,KXBTC15M-26OCT042300-00,0.0160,13.00,yes
2026-10-05T02:57:42.636163Z,KXBTC15M-26OCT042300-00,0.0160,1.00,yes
2026-10-05T02:57:42.636163Z,KXBTC15M-26OCT042300-00,0.0160,10.00,yes
2026-10-05T02:57:42.636316Z,KXBTC15M-26OCT042300-00,0.0150,0.01,no
2026-10-05T02:57:42.636316Z,KXBTC15M-26OCT042300-00,0.0150,0.01,no
2026-10-05T02:57:42.636316Z,KXBTC15M-26OCT042300-00,0.0150,291.25,no
2026-10-05T02:57:42.646145Z,KXBTC15M-26OCT042300-00,0.0160,27.52,yes
2026-10-05T02:57:42.652846Z,KXBTC15M-26OCT042300-00,0.0150,0.01,no
2026-10-05T02:57:42.652846Z,KXBTC15M-26OCT042300-00,0.0140,241.23,no
2026-10-05T02:57:42.652846Z,KXBTC15M-26OCT042300-00,0.0150,0.01,no
2026-10-05T02:57:42.652846Z,KXBTC15M-26OCT042300-00,0.0150,208.75,no
2026-10-05T02:57:42.705369Z,KXBTC15M-26OCT042300-00,0.0150,34.41,no
2026-10-05T02:57:42.842275Z,KXBTC15M-26OCT042300-00,0.0110,14.00,no
2026-10-05T02:57:42.842275Z,KXBTC15M-26OCT042300-00,0.0110,95.00,no
2026-10-05T02:57:42.842275Z,KXBTC15M-26OCT042300-00,0.0110,3.31,no
2026-10-05T02:57:42.842275Z,KXBTC15M-26OCT042300-00,0.0110,15.00,no
2026-10-05T02:57:42.842275Z,KXBTC15M-26OCT042300-00,0.0150,0.01,no
2026-10-05T02:57:42.842275Z,KXBTC15M-26OCT042300-00,0.0150,0.01,no
2026-10-05T02:57:42.842275Z,KXBTC15M-26OCT042300-00,0.0110,105.43,no
2026-10-05T02:57:42.842275Z,KXBTC15M-26OCT042300-00,0.0110,15.00,no
2026-10-05T02:57:43.204516Z,KXBTC15M-26OCT042300-00,0.0150,70.00,yes
2026-10-05T02:57:43.204516Z,KXBTC15M-26OCT042300-00,0.0150,12.36,yes
2026-10-05T02:57:43.204516Z,KXBTC15M-26OCT042300-00,0.0150,70.00,yes
2026-10-05T02:57:43.204516Z,KXBTC15M-26OCT042300-00,0.0150,70.00,yes
2026-10-05T02:57:43.204516Z,KXBTC15M-26OCT042300-00,0.0150,70.00,yes
2026-10-05T02:57:43.287448Z,KXBTC15M-26OCT042300-00,0.0120,0.01,no
2026-10-05T02:57:43.287448Z,KXBTC15M-26OCT042300-00,0.0120,100.00,no
2026-10-05T02:57:43.287448Z,KXBTC15M-26OCT042300-00,0.0120,400.00,no
2026-10-05T02:57:43.287448Z,KXBTC15M-26OCT042300-00,0.0120,0.01,no
2026-10-05T02:57:43.287448Z,KXBTC15M-26OCT042300-00,0.0120,319.98,no
2026-10-05T02:57:43.301844Z,KXBTC15M-26OCT042300-00,0.0120,2.46,no
2026-10-05T02:57:43.319671Z,KXBTC15M-26OCT042300-00,0.0120,113.26,no
2026-10-05T02:57:43.394567Z,KXBTC15M-26OCT042300-00,0.0120,20.00,no
2026-10-05T02:57:43.498245Z,KXBTC15M-26OCT042300-00,0.0120,9.10,no
2026-10-05T02:57:43.671628Z,KXBTC15M-26OCT042300-00,0.0160,131.67,yes
2026-10-05T02:57:43.671628Z,KXBTC15M-26OCT042300-00,0.0150,26.00,yes
2026-10-05T02:57:43.671628Z,KXBTC15M-26OCT042300-00,0.0150,13.00,yes
2026-10-05T02:57:43.671628Z,KXBTC15M-26OCT042300-00,0.0160,100.00,yes
2026-10-05T02:57:43.671628Z,KXBTC15M-26OCT042300-00,0.0160,2.00,yes
2026-10-05T02:57:43.671628Z,KXBTC15M-26OCT042300-00,0.0150,2.00,yes
2026-10-05T02:57:43.671628Z,KXBTC15M-26OCT042300-00,0.0160,2.00,yes
2026-10-05T02:57:43.671628Z,KXBTC15M-26OCT042300-00,0.0150,2.00,yes
2026-10-05T02:57:43.671628Z,KXBTC15M-26OCT042300-00,0.0150,0.01,yes
2026-10-05T02:57:43.671628Z,KXBTC15M-26OCT042300-00,0.0150,0.01,yes
2026-10-05T02:57:43.773164Z,KXBTC15M-26OCT042300-00,0.0120,12.48,no
2026-10-05T02:57:43.773164Z,KXBTC15M-26OCT042300-00,0.0120,1.00,no
2026-10-05T02:57:43.809444Z,KXBTC15M-26OCT042300-00,0.0120,30.14,no
2026-10-05T02:57:43.82091Z,KXBTC15M-26OCT042300-00,0.0120,1.01,no
2026-10-05T02:57:43.83017Z,KXBTC15M-26OCT042300-00,0.0150,54.57,yes
2026-10-05T02:57:43.83017Z,KXBTC15M-26OCT042300-00,0.0150,0.01,yes
2026-10-05T02:57:43.83017Z,KXBTC15M-26OCT042300-00,0.0150,13.00,yes
2026-10-05T02:57:43.83017Z,KXBTC15M-26OCT042300-00,0.0150,0.01,yes
2026-10-05T02:57:43.83017Z,KXBTC15M-26OCT042300-00,0.0150,20.00,yes
2026-10-05T02:57:43.916641Z,KXBTC15M-26OCT042300-00,0.0140,15.00,yes
2026-10-05T02:57:43.916641Z,KXBTC15M-26OCT042300-00,0.0150,13.00,yes
2026-10-05T02:57:43.916641Z,KXBTC15M-26OCT042300-00,0.0150,0.01,yes
2026-10-05T02:57:43.916641Z,KXBTC15M-26OCT042300-00,0.0150,12.62,yes
2026-10-05T02:57:43.916641Z,KXBTC15M-26OCT042300-00,0.0140,0.01,yes
2026-10-05T02:57:43.916641Z,KXBTC15M-26OCT042300-00,0.0140,0.01,yes
2026-10-05T02:57:43.916641Z,KXBTC15M-26OCT042300-00,0.0150,145.43,yes
2026-10-05T02:57:43.916641Z,KXBTC15M-26OCT042300-00,0.0150,0.01,yes
2026-10-05T02:57:43.916641Z,KXBTC15M-26OCT042300-00,0.0150,1.00,yes
2026-10-05T02:57:44.012535Z,KXBTC15M-26OCT042300-00,0.0150,72.27,yes
2026-10-05T02:57:44.012535Z,KXBTC15M-26OCT042300-00,0.0140,0.01,yes
2026-10-05T02:57:44.012535Z,KXBTC15M-26OCT042300-00,0.0140,15.00,yes
2026-10-05T02:57:44.012535Z,KXBTC15M-26OCT042300-00,0.0140,0.01,yes
2026-10-05T02:57:44.04457Z,KXBTC15M-26OCT042300-00,0.0130,6.06,no
2026-10-05T02:57:44.059261Z,KXBTC15M-26OCT042300-00,0.0130,8.68,no
2026-10-05T02:57:44.138844Z,KXBTC15M-26OCT042300-00,0.0130,23.00,no
2026-10-05T02:57:44.193966Z,KXBTC15M-26OCT042300-00,0.0140,0.01,yes
2026-10-05T02:57:44.193966Z,KXBTC15M-26OCT042300-00,0.0140,0.01,yes
2026-10-05T02:57:44.193966Z,KXBTC15M-26OCT042300-00,0.0150,29.96,yes
2026-10-05T02:57:44.201005Z,KXBTC15M-26OCT042300-00,0.0140,0.01,yes
2026-10-05T02:57:44.201005Z,KXBTC15M-26OCT042300-00,0.0140,0.01,yes
2026-10-05T02:57:44.201005Z,KXBTC15M-26OCT042300-00,0.0150,352.84,yes
2026-10-05T02:57:44.316006Z,KXBTC15M-26OCT042300-00,0.0150,32.90,yes
2026-10-05T02:57:44.316006Z,KXBTC15M-26OCT042300-00,0.0150,13.00,yes
2026-10-05T02:57:44.316006Z,KXBTC15M-26OCT042300-00,0.0150,0.01,yes
2026-10-05T02:57:44.316006Z,KXBTC15M-26OCT042300-00,0.0150,0.01,yes
2026-10-05T02:57:44.316006Z,KXBTC15M-26OCT042300-00,0.0150,1.00,yes
2026-10-05T02:57:44.316006Z,KXBTC15M-26OCT042300-00,0.0150,200.00,yes
2026-10-05T02:57:44.316006Z,KXBTC15M-26OCT042300-00,0.0150,115.31,yes
2026-10-05T02:57:44.43466Z,KXBTC15M-26OCT042300-00,0.0130,2.02,no
2026-10-05T02:57:44.461619Z,KXBTC15M-26OCT042300-00,0.0130,506.12,no
2026-10-05T02:57:44.568391Z,KXBTC15M-26OCT042300-00,0.0130,5.06,no
2026-10-05T02:57:44.572914Z,KXBTC15M-26OCT042300-00,0.0130,202.45,no
2026-10-05T02:57:44.583918Z,KXBTC15M-26OCT042300-00,0.0080,91.90,no
2026-10-05T02:57:44.583918Z,KXBTC15M-26OCT042300-00,0.0090,120.00,no
2026-10-05T02:57:44.583918Z,KXBTC15M-26OCT042300-00,0.0090,84.00,no
2026-10-05T02:57:44.583918Z,KXBTC15M-26OCT042300-00,0.0130,1.00,no
2026-10-05T02:57:44.583918Z,KXBTC15M-26OCT042300-00,0.0130,15.00,no
2026-10-05T02:57:44.583918Z,KXBTC15M-26OCT042300-00,0.0120,156.37,no
2026-10-05T02:57:44.583918Z,KXBTC15M-26OCT042300-00,0.0130,0.01,no
2026-10-05T02:57:44.583918Z,KXBTC15M-26OCT042300-00,0.0130,46.61,no
2026-10-05T02:57:44.583918Z,KXBTC15M-26OCT042300-00,0.0130,15.00,no
2026-10-05T02:57:44.583918Z,KXBTC15M-26OCT042300-00,0.0090,2.00,no
2026-10-05T02:57:44.583918Z,KXBTC15M-26OCT042300-00,0.0090,2.00,no
2026-10-05T02:57:44.583918Z,KXBTC15M-26OCT042300-00,0.0130,307.67,no
2026-10-05T02:57:44.583918Z,KXBTC15M-26OCT042300-00,0.0130,0.01,no
2026-10-05T02:57:44.583918Z,KXBTC15M-26OCT042300-00,0.0100,1.01,no
2026-10-05T02:57:44.583918Z,KXBTC15M-26OCT042300-00,0.0100,1.02,no
2026-10-05T02:57:44.583918Z,KXBTC15M-26OCT042300-00,0.0100,25.00,no
2026-10-05T02:57:44.583918Z,KXBTC15M-26OCT042300-00,0.0110,30.00,no
2026-10-05T02:57:44.583918Z,KXBTC15M-26OCT042300-00,0.0090,18.00,no
2026-10-05T02:57:44.583918Z,KXBTC15M-26OCT042300-00,0.0100,50.00,no
2026-10-05T02:57:44.583918Z,KXBTC15M-26OCT042300-00,0.0100,17.00,no
2026-10-05T02:57:44.583918Z,KXBTC15M-26OCT042300-00,0.0120,1000.00,no
2026-10-05T02:57:44.606083Z,KXBTC15M-26OCT042300-00,0.0140,31.18,yes
2026-10-05T02:57:44.623659Z,KXBTC15M-26OCT042300-00,0.0140,30.00,yes
2026-10-05T02:57:44.636735Z,KXBTC15M-26OCT042300-00,0.0130,0.01,no
2026-10-05T02:57:44.636735Z,KXBTC15M-26OCT042300-00,0.0130,0.01,no
2026-10-05T02:57:44.636735Z,KXBTC15M-26OCT042300-00,0.0130,15.16,no
2026-10-05T02:57:44.737678Z,KXBTC15M-26OCT042300-00,0.0130,27.27,no
2026-10-05T02:57:44.803923Z,KXBTC15M-26OCT042300-00,0.0130,0.28,no
2026-10-05T02:57:44.803923Z,KXBTC15M-26OCT042300-00,0.0130,0.01,no
2026-10-05T02:57:44.803923Z,KXBTC15M-26OCT042300-00,0.0130,0.01,no
2026-10-05T02:57:44.898156Z,KXBTC15M-26OCT042300-00,0.0130,0.01,no
2026-10-05T02:57:44.898156Z,KXBTC15M-26OCT042300-00,0.0130,0.01,no
2026-10-05T02:57:44.898156Z,KXBTC15M-26OCT042300-00,0.0130,0.72,no
2026-10-05T02:57:44.898156Z,KXBTC15M-26OCT042300-00,0.0120,21.15,no
2026-10-05T02:57:44.914161Z,KXBTC15M-26OCT042300-00,0.0140,62.36,yes
2026-10-05T02:57:44.978523Z,KXBTC15M-26OCT042300-00,0.0120,0.01,no
2026-10-05T02:57:44.978523Z,KXBTC15M-26OCT042300-00,0.0130,1.00,no
2026-10-05T02:57:44.978523Z,KXBTC15M-26OCT042300-00,0.0130,0.01,no
2026-10-05T02:57:44.978523Z,KXBTC15M-26OCT042300-00,0.0130,0.01,no
2026-10-05T02:57:44.978523Z,KXBTC15M-26OCT042300-00,0.0110,51.89,no
2026-10-05T02:57:45.03754Z,KXBTC15M-26OCT042300-00,0.0110,0.01,yes
2026-10-05T02:57:45.03754Z,KXBTC15M-26OCT042300-00,0.0110,0.01,yes
2026-10-05T02:57:45.03754Z,KXBTC15M-26OCT042300-00,0.0110,4.98,yes
2026-10-05T02:57:45.056194Z,KXBTC15M-26OCT042300-00,0.0110,0.54,yes
2026-10-05T02:57:45.086249Z,KXBTC15M-26OCT042300-00,0.0100,2.02,no
2026-10-05T02:57:45.087646Z,KXBTC15M-26OCT042300-00,0.0110,57.34,yes
2026-10-05T02:57:45.087646Z,KXBTC15M-26OCT042300-00,0.0110,9.48,yes
2026-10-05T02:57:45.096354Z,KXBTC15M-26OCT042300-00,0.0110,62.66,yes
2026-10-05T02:57:45.096354Z,KXBTC15M-26OCT042300-00,0.0110,0.01,yes
2026-10-05T02:57:45.096354Z,KXBTC15M-26OCT042300-00,0.0110,0.01,yes
2026-10-05T02:57:45.096354Z,KXBTC15M-26OCT042300-00,0.0120,4.14,yes
2026-10-05T02:57:45.143915Z,KXBTC15M-26OCT042300-00,0.0110,0.01,yes
2026-10-05T02:57:45.143915Z,KXBTC15M-26OCT042300-00,0.0110,0.01,yes
2026-10-05T02:57:45.143915Z,KXBTC15M-26OCT042300-00,0.0110,15.00,yes
2026-10-05T02:57:45.143915Z,KXBTC15M-26OCT042300-00,0.0120,15.01,yes
2026-10-05T02:57:45.171983Z,KXBTC15M-26OCT042300-00,0.0110,61.10,no
2026-10-05T02:57:45.201969Z,KXBTC15M-26OCT042300-00,0.0120,100.00,yes
2026-10-05T02:57:45.201969Z,KXBTC15M-26OCT042300-00,0.0120,0.01,yes
2026-10-05T02:57:45.201969Z,KXBTC15M-26OCT042300-00,0.0120,0.01,yes
2026-10-05T02:57:45.201969Z,KXBTC15M-26OCT042300-00,0.0120,35.43,yes
2026-10-05T02:57:45.201969Z,KXBTC15M-26OCT042300-00,0.0120,2.99,yes
2026-10-05T02:57:45.32821Z,KXBTC15M-26OCT042300-00,0.0120,1.34,yes
2026-10-05T02:57:45.347838Z,KXBTC15M-26OCT042300-00,0.0110,0.01,no
2026-10-05T02:57:45.347838Z,KXBTC15M-26OCT042300-00,0.0110,0.01,no
2026-10-05T02:57:45.377021Z,KXBTC15M-26OCT042300-00,0.0110,9.98,yes
2026-10-05T02:57:45.377021Z,KXBTC15M-26OCT042300-00,0.0110,70.00,yes
2026-10-05T02:57:45.377021Z,KXBTC15M-26OCT042300-00,0.0110,70.00,yes
2026-10-05T02:57:45.377021Z,KXBTC15M-26OCT042300-00,0.0110,70.00,yes
2026-10-05T02:57:45.377021Z,KXBTC15M-26OCT042300-00,0.0110,48.04,yes
2026-10-05T02:57:45.377021Z,KXBTC15M-26OCT042300-00,0.0110,70.00,yes
2026-10-05T02:57:45.435988Z,KXBTC15M-26OCT042300-00,0.0100,2.00,no
2026-10-05T02:57:45.436587Z,KXBTC15M-26OCT042300-00,0.0110,212.10,yes
2026-10-05T02:57:45.436587Z,KXBTC15M-26OCT042300-00,0.0110,0.01,yes
2026-10-05T02:57:45.436587Z,KXBTC15M-26OCT042300-00,0.0110,100.00,yes
2026-10-05T02:57:45.436587Z,KXBTC15M-26OCT042300-00,0.0110,0.01,yes
2026-10-05T02:57:45.436587Z,KXBTC15M-26OCT042300-00,0.0110,21.96,yes
2026-10-05T02:57:45.447037Z,KXBTC15M-26OCT042300-00,0.0110,167.28,yes
2026-10-05T02:57:45.459508Z,KXBTC15M-26OCT042300-00,0.0110,3.22,yes
2026-10-05T02:57:45.459508Z,KXBTC15M-26OCT042300-00,0.0110,5.00,yes
2026-10-05T02:57:45.459508Z,KXBTC15M-26OCT042300-00,0.0110,67.36,yes
2026-10-05T02:57:45.459508Z,KXBTC15M-26OCT042300-00,0.0110,12.00,yes
2026-10-05T02:57:45.459508Z,KXBTC15M-26OCT042300-00,0.0110,20.62,yes
2026-10-05T02:57:45.475138Z,KXBTC15M-26OCT042300-00,0.0100,15.00,no
2026-10-05T02:57:45.475138Z,KXBTC15M-26OCT042300-00,0.0100,107.02,no
2026-10-05T02:57:45.475138Z,KXBTC15M-26OCT042300-00,0.0100,15.00,no
2026-10-05T02:57:45.475138Z,KXBTC15M-26OCT042300-00,0.0100,800.00,no
2026-10-05T02:57:45.475138Z,KXBTC15M-26OCT042300-00,0.0100,50.00,no
2026-10-05T02:57:45.475138Z,KXBTC15M-26OCT042300-00,0.0100,12.98,no
2026-10-05T02:57:45.613377Z,KXBTC15M-26OCT042300-00,0.0110,1.00,yes
2026-10-05T02:57:45.613377Z,KXBTC15M-26OCT042300-00,0.0110,33.80,yes
2026-10-05T02:57:45.613377Z,KXBTC15M-26OCT042300-00,0.0110,26.00,yes
2026-10-05T02:57:45.613377Z,KXBTC15M-26OCT042300-00,0.0110,1.62,yes
2026-10-05T02:57:45.613377Z,KXBTC15M-26OCT042300-00,0.0110,0.01,yes
2026-10-05T02:57:45.613377Z,KXBTC15M-26OCT042300-00,0.0110,0.01,yes
2026-10-05T02:57:45.613377Z,KXBTC15M-26OCT042300-00,0.0110,62.29,yes
2026-10-05T02:57:45.716867Z,KXBTC15M-26OCT042300-00,0.0110,1.00,yes
2026-10-05T02:57:45.716867Z,KXBTC15M-26OCT042300-00,0.0110,400.00,yes
2026-10-05T02:57:45.716867Z,KXBTC15M-26OCT042300-00,0.0110,37.71,yes
2026-10-05T02:57:45.716867Z,KXBTC15M-26OCT042300-00,0.0110,15.00,yes
2026-10-05T02:57:45.716867Z,KXBTC15M-26OCT042300-00,0.0110,0.01,yes
2026-10-05T02:57:45.716867Z,KXBTC15M-26OCT042300-00,0.0120,80.81,yes
2026-10-05T02:57:45.749973Z,KXBTC15M-26OCT042300-00,0.0120,100.00,yes
2026-10-05T02:57:45.750656Z,KXBTC15M-26OCT042300-00,0.0100,1.00,no
2026-10-05T02:57:45.750656Z,KXBTC15M-26OCT042300-00,0.0100,92.98,no
2026-10-05T02:57:45.750656Z,KXBTC15M-26OCT042300-00,0.0110,0.01,no
2026-10-05T02:57:45.750656Z,KXBTC15M-26OCT042300-00,0.0100,11.42,no
2026-10-05T02:57:45.750656Z,KXBTC15M-26OCT042300-00,0.0110,360.93,no
2026-10-05T02:57:45.750656Z,KXBTC15M-26OCT042300-00,0.0110,0.01,no
2026-10-05T02:57:45.750656Z,KXBTC15M-26OCT042300-00,0.0110,17.00,no
2026-10-05T02:57:45.843463Z,KXBTC15M-26OCT042300-00,0.0110,0.01,no
2026-10-05T02:57:45.843463Z,KXBTC15M-26OCT042300-00,0.0100,0.01,no
2026-10-05T02:57:45.843463Z,KXBTC15M-26OCT042300-00,0.0100,0.96,no
2026-10-05T02:57:45.843463Z,KXBTC15M-26OCT042300-00,0.0100,0.01,no
2026-10-05T02:57:45.843463Z,KXBTC15M-26OCT042300-00,0.0110,0.01,no
2026-10-05T02:57:45.996225Z,KXBTC15M-26OCT042300-00,0.0110,0.01,yes
2026-10-05T02:57:45.996225Z,KXBTC15M-26OCT042300-00,0.0110,400.00,yes
2026-10-05T02:57:45.996225Z,KXBTC15M-26OCT042300-00,0.0110,0.01,yes
2026-10-05T02:57:45.996225Z,KXBTC15M-26OCT042300-00,0.0110,15.00,yes
2026-10-05T02:57:45.996225Z,KXBTC15M-26OCT042300-00,0.0110,10.09,yes
2026-10-05T02:57:46.121683Z,KXBTC15M-26OCT042300-00,0.0100,0.01,no
2026-10-05T02:57:46.121683Z,KXBTC15M-26OCT042300-00,0.0100,15.00,no
2026-10-05T02:57:46.121683Z,KXBTC15M-26OCT042300-00,0.0100,0.01,no
2026-10-05T02:57:46.121683Z,KXBTC15M-26OCT042300-00,0.0100,200.00,no
2026-10-05T02:57:46.121683Z,KXBTC15M-26OCT042300-00,0.0100,17.00,no
2026-10-05T02:57:46.121683Z,KXBTC15M-26OCT042300-00,0.0100,500.00,no
2026-10-05T02:57:46.121683Z,KXBTC15M-26OCT042300-00,0.0100,16.00,no
2026-10-05T02:57:46.121683Z,KXBTC15M-26OCT042300-00,0.0100,269.86,no
2026-10-05T02:57:46.121683Z,KXBTC15M-26OCT042300-00,0.0100,49.04,no
2026-10-05T02:57:46.133486Z,KXBTC15M-26OCT042300-00,0.0110,0.01,yes
2026-10-05T02:57:46.133486Z,KXBTC15M-26OCT042300-00,0.0110,0.01,yes
2026-10-05T02:57:46.133486Z,KXBTC15M-26OCT042300-00,0.0110,105.01,yes
2026-10-05T02:57:46.133486Z,KXBTC15M-26OCT042300-00,0.0110,89.91,yes
2026-10-05T02:57:46.134964Z,KXBTC15M-26OCT042300-00,0.0110,166.64,yes
2026-10-05T02:57:46.152769Z,KXBTC15M-26OCT042300-00,0.0110,85.02,yes
2026-10-05T02:57:46.18371Z,KXBTC15M-26OCT042300-00,0.0110,0.01,yes
2026-10-05T02:57:46.193683Z,KXBTC15M-26OCT042300-00,0.0110,1.00,yes
2026-10-05T02:57:46.193683Z,KXBTC15M-26OCT042300-00,0.0110,43.32,yes
2026-10-05T02:57:46.193683Z,KXBTC15M-26OCT042300-00,0.0110,43.41,yes
2026-10-05T02:57:46.193683Z,KXBTC15M-26OCT042300-00,0.0110,1.00,yes
2026-10-05T02:57:46.193683Z,KXBTC15M-26OCT042300-00,0.0110,500.00,yes
2026-10-05T02:57:46.200918Z,KXBTC15M-26OCT042300-00,0.0110,111.62,yes
2026-10-05T02:57:46.207503Z,KXBTC15M-26OCT042300-00,0.0110,100.00,yes
2026-10-05T02:57:46.207503Z,KXBTC15M-26OCT042300-00,0.0110,0.01,yes
2026-10-05T02:57:46.207503Z,KXBTC15M-26OCT042300-00,0.0110,400.00,yes
2026-10-05T02:57:46.207503Z,KXBTC15M-26OCT042300-00,0.0110,15.00,yes
2026-10-05T02:57:46.207503Z,KXBTC15M-26OCT042300-00,0.0110,0.01,yes
2026-10-05T02:57:46.207503Z,KXBTC15M-26OCT042300-00,0.0120,264.41,yes
2026-10-05T02:57:46.22765Z,KXBTC15M-26OCT042300-00,0.0100,4.03,no
2026-10-05T02:57:46.235365Z,KXBTC15M-26OCT042300-00,0.0100,0.01,no
2026-10-05T02:57:46.235365Z,KXBTC15M-26OCT042300-00,0.0100,18.29,no
2026-10-05T02:57:46.235365Z,KXBTC15M-26OCT042300-00,0.0100,10.97,no
2026-10-05T02:57:46.238086Z,KXBTC15M-26OCT042300-00,0.0110,100.00,yes
2026-10-05T02:57:46.238086Z,KXBTC15M-26OCT042300-00,0.0110,240.08,yes
2026-10-05T02:57:46.238086Z,KXBTC15M-26OCT042300-00,0.0110,0.01,yes
2026-10-05T02:57:46.251775Z,KXBTC15M-26OCT042300-00,0.0100,0.01,no
2026-10-05T02:57:46.251775Z,KXBTC15M-26OCT042300-00,0.0100,15.62,no
2026-10-05T02:57:46.251775Z,KXBTC15M-26OCT042300-00,0.0100,31.71,no
2026-10-05T02:57:46.252108Z,KXBTC15M-26OCT042300-00,0.0110,0.01,yes
2026-10-05T02:57:46.252108Z,KXBTC15M-26OCT042300-00,0.0110,262.72,yes
2026-10-05T02:57:46.256539Z,KXBTC15M-26OCT042300-00,0.0110,1.83,yes
2026-10-05T02:57:46.330068Z,KXBTC15M-26OCT042300-00,0.0110,9.00,yes
2026-10-05T02:57:46.397769Z,KXBTC15M-26OCT042300-00,0.0100,0.38,no
2026-10-05T02:57:46.397769Z,KXBTC15M-26OCT042300-00,0.0100,0.01,no
2026-10-05T02:57:46.397769Z,KXBTC15M-26OCT042300-00,0.0100,58.98,no
2026-10-05T02:57:46.397769Z,KXBTC15M-26OCT042300-00,0.0100,15.62,no
2026-10-05T02:57:46.397769Z,KXBTC15M-26OCT042300-00,0.0100,15.00,no
2026-10-05T02:57:46.397769Z,KXBTC15M-26OCT042300-00,0.0100,0.01,no
2026-10-05T02:57:46.397769Z,KXBTC15M-26OCT042300-00,0.0100,50.00,no
2026-10-05T02:57:46.423019Z,KXBTC15M-26OCT042300-00,0.0110,3.50,yes
2026-10-05T02:57:46.449305Z,KXBTC15M-26OCT042300-00,0.0110,31.93,yes
2026-10-05T02:57:46.532288Z,KXBTC15M-26OCT042300-00,0.0110,26.44,yes
2026-10-05T02:57:46.532288Z,KXBTC15M-26OCT042300-00,0.0110,3.00,yes
2026-10-05T02:57:46.532288Z,KXBTC15M-26OCT042300-00,0.0110,0.01,yes
2026-10-05T02:57:46.532288Z,KXBTC15M-26OCT042300-00,0.0110,55.57,yes
2026-10-05T02:57:46.546413Z,KXBTC15M-26OCT042300-00,0.0110,12.00,yes
2026-10-05T02:57:46.563906Z,KXBTC15M-26OCT042300-00,0.0110,42.51,yes
2026-10-05T02:57:46.574333Z,KXBTC15M-26OCT042300-00,0.0100,0.17,no
2026-10-05T02:57:46.602195Z,KXBTC15M-26OCT042300-00,0.0110,19.26,yes
2026-10-05T02:57:46.636205Z,KXBTC15M-26OCT042300-00,0.0100,16.64,no
2026-10-05T02:57:46.648675Z,KXBTC15M-26OCT042300-00,0.0100,1.00,no
2026-10-05T02:57:46.749298Z,KXBTC15M-26OCT042300-00,0.0100,5.66,no
2026-10-05T02:57:46.830261Z,KXBTC15M-26OCT042300-00,0.0100,15.14,no
2026-10-05T02:57:46.855819Z,KXBTC15M-26OCT042300-00,0.0110,1.00,yes
2026-10-05T02:57:46.859564Z,KXBTC15M-26OCT042300-00,0.0150,3.00,yes
2026-10-05T02:57:46.859564Z,KXBTC15M-26OCT042300-00,0.0150,25.00,yes
2026-10-05T02:57:46.859564Z,KXBTC15M-26OCT042300-00,0.0150,2546.00,yes
2026-10-05T02:57:46.859564Z,KXBTC15M-26OCT042300-00,0.0170,565.40,yes
2026-10-05T02:57:46.859564Z,KXBTC15M-26OCT042300-00,0.0110,1.00,yes
2026-10-05T02:57:46.859564Z,KXBTC15M-26OCT042300-00,0.0140,2.00,yes
2026-10-05T02:57:46.859564Z,KXBTC15M-26OCT042300-00,0.0150,93.75,yes
2026-10-05T02:57:46.859564Z,KXBTC15M-26OCT042300-00,0.0150,93.75,yes
2026-10-05T02:57:46.859564Z,KXBTC15M-26OCT042300-00,0.0110,400.00,yes
2026-10-05T02:57:46.859564Z,KXBTC15M-26OCT042300-00,0.0150,100.00,yes
2026-10-05T02:57:46.859564Z,KXBTC15M-26OCT042300-00,0.0160,2.00,yes
2026-10-05T02:57:46.859564Z,KXBTC15M-26OCT042300-00,0.0110,100.00,yes
2026-10-05T02:57:46.859564Z,KXBTC15M-26OCT042300-00,0.0120,211.00,yes
2026-10-05T02:57:46.859564Z,KXBTC15M-26OCT042300-00,0.0150,15.00,yes
2026-10-05T02:57:46.859564Z,KXBTC15M-26OCT042300-00,0.0110,0.01,yes
2026-10-05T02:57:46.859564Z,KXBTC15M-26OCT042300-00,0.0110,500.00,yes
2026-10-05T02:57:46.859564Z,KXBTC15M-26OCT042300-00,0.0150,2.00,yes
2026-10-05T02:57:46.859564Z,KXBTC15M-26OCT042300-00,0.0110,15.00,yes
2026-10-05T02:57:46.859564Z,KXBTC15M-26OCT042300-00,0.0130,150.00,yes
2026-10-05T02:57:46.859564Z,KXBTC15M-26OCT042300-00,0.0130,2.00,yes
2026-10-05T02:57:46.859564Z,KXBTC15M-26OCT042300-00,0.0110,0.01,yes
2026-10-05T02:57:46.859564Z,KXBTC15M-26OCT042300-00,0.0150,64.00,yes
2026-10-05T02:57:46.859564Z,KXBTC15M-26OCT042300-00,0.0120,28.00,yes
2026-10-05T02:57:46.859564Z,KXBTC15M-26OCT042300-00,0.0140,2.00,yes
2026-10-05T02:57:46.859564Z,KXBTC15M-26OCT042300-00,0.0150,2.00,yes
2026-10-05T02:57:46.859564Z,KXBTC15M-26OCT042300-00,0.0150,64.00,yes
2026-10-05T02:57:46.859564Z,KXBTC15M-26OCT042300-00,0.0110,226.61,yes
2026-10-05T02:57:46.859564Z,KXBTC15M-26OCT042300-00,0.0140,13.00,yes
2026-10-05T02:57:46.859564Z,KXBTC15M-26OCT042300-00,0.0150,15.00,yes
2026-10-05T02:57:46.859564Z,KXBTC15M-26OCT042300-00,0.0150,984.36,yes
2026-10-05T02:57:46.859564Z,KXBTC15M-26OCT042300-00,0.0150,219.39,yes
2026-10-05T02:57:46.885434Z,KXBTC15M-26OCT042300-00,0.0120,59.00,no
2026-10-05T02:57:46.93938Z,KXBTC15M-26OCT042300-00,0.0120,1.00,no
2026-10-05T02:57:47.041324Z,KXBTC15M-26OCT042300-00,0.0130,30.00,yes
2026-10-05T02:57:47.058463Z,KXBTC15M-26OCT042300-00,0.0130,0.01,yes
2026-10-05T02:57:47.058463Z,KXBTC15M-26OCT042300-00,0.0130,0.99,yes
2026-10-05T02:57:47.058463Z,KXBTC15M-26OCT042300-00,0.0130,120.00,yes
2026-10-05T02:57:47.10007Z,KXBTC15M-26OCT042300-00,0.0120,543.76,no
2026-10-05T02:57:47.273662Z,KXBTC15M-26OCT042300-00,0.0120,26.00,no
2026-10-05T02:57:47.300792Z,KXBTC15M-26OCT042300-00,0.0120,44.41,no
2026-10-05T02:57:47.314314Z,KXBTC15M-26OCT042300-00,0.0120,50.00,no
2026-10-05T02:57:47.361347Z,KXBTC15M-26OCT042300-00,0.0130,30.00,yes
2026-10-05T02:57:47.486666Z,KXBTC15M-26OCT042300-00,0.0130,1.10,yes
2026-10-05T02:57:47.526192Z,KXBTC15M-26OCT042300-00,0.0120,95.39,no
2026-10-05T02:57:47.526192Z,KXBTC15M-26OCT042300-00,0.0120,1.00,no
2026-10-05T02:57:47.526192Z,KXBTC15M-26OCT042300-00,0.0120,2416.83,no
2026-10-05T02:57:47.526192Z,KXBTC15M-26OCT042300-00,0.0120,0.01,no
2026-10-05T02:57:47.526192Z,KXBTC15M-26OCT042300-00,0.0120,0.01,no
2026-10-05T02:57:47.526192Z,KXBTC15M-26OCT042300-00,0.0120,15.00,no
2026-10-05T02:57:47.557498Z,KXBTC15M-26OCT042300-00,0.0130,66.79,yes
2026-10-05T02:57:47.563446Z,KXBTC15M-26OCT042300-00,0.0120,51.56,no
2026-10-05T02:57:47.567623Z,KXBTC15M-26OCT042300-00,0.0130,1.12,yes
2026-10-05T02:57:47.567623Z,KXBTC15M-26OCT042300-00,0.0130,35.00,yes
2026-10-05T02:57:47.567623Z,KXBTC15M-26OCT042300-00,0.0130,400.00,yes
2026-10-05T02:57:47.567623Z,KXBTC15M-26OCT042300-00,0.0130,539.53,yes
2026-10-05T02:57:47.567623Z,KXBTC15M-26OCT042300-00,0.0130,15.00,yes
2026-10-05T02:57:47.620786Z,KXBTC15M-26OCT042300-00,0.0120,165.91,no
2026-10-05T02:57:47.620786Z,KXBTC15M-26OCT042300-00,0.0100,129.59,no
2026-10-05T02:57:47.620786Z,KXBTC15M-26OCT042300-00,0.0120,0.01,no
2026-10-05T02:57:47.620786Z,KXBTC15M-26OCT042300-00,0.0120,0.01,no
2026-10-05T02:57:47.620786Z,KXBTC15M-26OCT042300-00,0.0110,200.00,no
2026-10-05T02:57:47.662203Z,KXBTC15M-26OCT042300-00,0.0120,128.89,yes
2026-10-05T02:57:47.662203Z,KXBTC15M-26OCT042300-00,0.0120,0.01,yes
2026-10-05T02:57:47.662203Z,KXBTC15M-26OCT042300-00,0.0120,15.00,yes
2026-10-05T02:57:47.687132Z,KXBTC15M-26OCT042300-00,0.0120,21.00,yes
2026-10-05T02:57:47.836511Z,KXBTC15M-26OCT042300-00,0.0100,2.73,no
2026-10-05T02:57:47.836511Z,KXBTC15M-26OCT042300-00,0.0110,15.00,no
2026-10-05T02:57:47.836511Z,KXBTC15M-26OCT042300-00,0.0110,0.01,no
2026-10-05T02:57:47.836511Z,KXBTC15M-26OCT042300-00,0.0110,0.01,no
2026-10-05T02:57:47.87175Z,KXBTC15M-26OCT042300-00,0.0120,15.00,yes
2026-10-05T02:57:47.87175Z,KXBTC15M-26OCT042300-00,0.0110,0.01,yes
2026-10-05T02:57:47.87175Z,KXBTC15M-26OCT042300-00,0.0110,0.01,yes
2026-10-05T02:57:47.87175Z,KXBTC15M-26OCT042300-00,0.0120,0.01,yes
2026-10-05T02:57:47.87175Z,KXBTC15M-26OCT042300-00,0.0120,26.92,yes
2026-10-05T02:57:47.87175Z,KXBTC15M-26OCT042300-00,0.0110,15.00,yes
2026-10-05T02:57:47.87175Z,KXBTC15M-26OCT042300-00,0.0110,15.00,yes
2026-10-05T02:57:47.958376Z,KXBTC15M-26OCT042300-00,0.0100,29.07,no
2026-10-05T02:57:47.958376Z,KXBTC15M-26OCT042300-00,0.0100,50.00,no
2026-10-05T02:57:47.958376Z,KXBTC15M-26OCT042300-00,0.0100,54.93,no
2026-10-05T02:57:48.022216Z,KXBTC15M-26OCT042300-00,0.0100,32.07,no
2026-10-05T02:57:48.022216Z,KXBTC15M-26OCT042300-00,0.0100,15.00,no
2026-10-05T02:57:48.022216Z,KXBTC15M-26OCT042300-00,0.0100,39.93,no
2026-10-05T02:57:48.022216Z,KXBTC15M-26OCT042300-00,0.0100,1.00,no
2026-10-05T02:57:48.032245Z,KXBTC15M-26OCT042300-00,0.0110,100.00,yes
2026-10-05T02:57:48.032245Z,KXBTC15M-26OCT042300-00,0.0110,15.00,yes
2026-10-05T02:57:48.032245Z,KXBTC15M-26OCT042300-00,0.0110,244.76,yes
2026-10-05T02:57:48.142072Z,KXBTC15M-26OCT042300-00,0.0100,29.83,no
2026-10-05T02:57:48.19168Z,KXBTC15M-26OCT042300-00,0.0100,98.92,no
2026-10-05T02:57:48.201312Z,KXBTC15M-26OCT042300-00,0.0120,173.08,yes
2026-10-05T02:57:48.201312Z,KXBTC15M-26OCT042300-00,0.0130,1181.67,yes
2026-10-05T02:57:48.201312Z,KXBTC15M-26OCT042300-00,0.0120,1.00,yes
2026-10-05T02:57:48.201312Z,KXBTC15M-26OCT042300-00,0.0110,15.00,yes
2026-10-05T02:57:48.201312Z,KXBTC15M-26OCT042300-00,0.0110,0.01,yes
2026-10-05T02:57:48.201312Z,KXBTC15M-26OCT042300-00,0.0110,0.01,yes
2026-10-05T02:57:48.201312Z,KXBTC15M-26OCT042300-00,0.0110,1.00,yes
2026-10-05T02:57:48.201312Z,KXBTC15M-26OCT042300-00,0.0110,100.00,yes
2026-10-05T02:57:48.398598Z,KXBTC15M-26OCT042300-00,0.0120,15.00,yes
2026-10-05T02:57:48.398598Z,KXBTC15M-26OCT042300-00,0.0120,0.31,yes
2026-10-05T02:57:48.444594Z,KXBTC15M-26OCT042300-00,0.0110,4.00,no
2026-10-05T02:57:48.670312Z,KXBTC15M-26OCT042300-00,0.0120,1.07,yes
2026-10-05T02:57:48.671198Z,KXBTC15M-26OCT042300-00,0.0120,77.94,yes
2026-10-05T02:57:48.686541Z,KXBTC15M-26OCT042300-00,0.0110,26.93,no
2026-10-05T02:57:48.88643Z,KXBTC15M-26OCT042300-00,0.0120,20.68,yes
2026-10-05T02:57:48.88643Z,KXBTC15M-26OCT042300-00,0.0120,18.29,yes
2026-10-05T02:57:48.977572Z,KXBTC15M-26OCT042300-00,0.0110,32.33,no
2026-10-05T02:57:48.977572Z,KXBTC15M-26OCT042300-00,0.0110,0.01,no
2026-10-05T02:57:48.977572Z,KXBTC15M-26OCT042300-00,0.0110,0.01,no
2026-10-05T02:57:48.993811Z,KXBTC15M-26OCT042300-00,0.0110,12.56,no
2026-10-05T02:57:49.040464Z,KXBTC15M-26OCT042300-00,0.0110,155.11,no
2026-10-05T02:57:49.040464Z,KXBTC15M-26OCT042300-00,0.0110,350.06,no
2026-10-05T02:57:49.14575Z,KXBTC15M-26OCT042300-00,0.0100,16.00,no
2026-10-05T02:57:49.14575Z,KXBTC15M-26OCT042300-00,0.0100,15.00,no
2026-10-05T02:57:49.14575Z,KXBTC15M-26OCT042300-00,0.0100,31.32,no
2026-10-05T02:57:49.14575Z,KXBTC15M-26OCT042300-00,0.0100,50.00,no
2026-10-05T02:57:49.14575Z,KXBTC15M-26OCT042300-00,0.0100,90.68,no
2026-10-05T02:57:49.14575Z,KXBTC15M-26OCT042300-00,0.0100,15.00,no
2026-10-05T02:57:49.14575Z,KXBTC15M-26OCT042300-00,0.0100,15.00,no
2026-10-05T02:57:49.14575Z,KXBTC15M-26OCT042300-00,0.0110,15.00,no
2026-10-05T02:57:49.14575Z,KXBTC15M-26OCT042300-00,0.0110,0.01,no
2026-10-05T02:57:49.14575Z,KXBTC15M-26OCT042300-00,0.0100,87.00,no
2026-10-05T02:57:49.14575Z,KXBTC15M-26OCT042300-00,0.0110,149.94,no
2026-10-05T02:57:49.14575Z,KXBTC15M-26OCT042300-00,0.0110,0.01,no
2026-10-05T02:57:49.200714Z,KXBTC15M-26OCT042300-00,0.0120,16.00,yes
2026-10-05T02:57:49.207871Z,KXBTC15M-26OCT042300-00,0.0120,155.83,yes
2026-10-05T02:57:49.237495Z,KXBTC15M-26OCT042300-00,0.0100,13.75,no
2026-10-05T02:57:49.237495Z,KXBTC15M-26OCT042300-00,0.0110,0.01,no
2026-10-05T02:57:49.237495Z,KXBTC15M-26OCT042300-00,0.0110,0.01,no
2026-10-05T02:57:49.255293Z,KXBTC15M-26OCT042300-00,0.0120,92.64,yes
2026-10-05T02:57:49.255293Z,KXBTC15M-26OCT042300-00,0.0110,15.00,yes
2026-10-05T02:57:49.28819Z,KXBTC15M-26OCT042300-00,0.0120,23.51,yes
2026-10-05T02:57:49.28819Z,KXBTC15M-26OCT042300-00,0.0120,1.00,yes
2026-10-05T02:57:49.28819Z,KXBTC15M-26OCT042300-00,0.0120,1.00,yes
2026-10-05T02:57:49.28819Z,KXBTC15M-26OCT042300-00,0.0110,0.01,yes
2026-10-05T02:57:49.28819Z,KXBTC15M-26OCT042300-00,0.0110,0.01,yes
2026-10-05T02:57:49.28819Z,KXBTC15M-26OCT042300-00,0.0110,15.00,yes
2026-10-05T02:57:49.336722Z,KXBTC15M-26OCT042300-00,0.0100,1.00,no
2026-10-05T02:57:49.336722Z,KXBTC15M-26OCT042300-00,0.0100,1.25,no
2026-10-05T02:57:49.336722Z,KXBTC15M-26OCT042300-00,0.0100,38.14,no
2026-10-05T02:57:49.411039Z,KXBTC15M-26OCT042300-00,0.0090,10.00,no
2026-10-05T02:57:49.411039Z,KXBTC15M-26OCT042300-00,0.0090,43.00,no
2026-10-05T02:57:49.411039Z,KXBTC15M-26OCT042300-00,0.0090,2.00,no
2026-10-05T02:57:49.411039Z,KXBTC15M-26OCT042300-00,0.0090,2.00,no
2026-10-05T02:57:49.411039Z,KXBTC15M-26OCT042300-00,0.0090,506.44,no
2026-10-05T02:57:49.411039Z,KXBTC15M-26OCT042300-00,0.0100,200.00,no
2026-10-05T02:57:49.411039Z,KXBTC15M-26OCT042300-00,0.0100,1.00,no
2026-10-05T02:57:49.411039Z,KXBTC15M-26OCT042300-00,0.0100,1000.00,no
2026-10-05T02:57:49.411039Z,KXBTC15M-26OCT042300-00,0.0100,15.00,no
2026-10-05T02:57:49.411039Z,KXBTC15M-26OCT042300-00,0.0100,76.62,no
2026-10-05T02:57:49.411039Z,KXBTC15M-26OCT042300-00,0.0100,11.86,no
2026-10-05T02:57:49.411039Z,KXBTC15M-26OCT042300-00,0.0100,500.00,no
2026-10-05T02:57:49.411039Z,KXBTC15M-26OCT042300-00,0.0100,16.00,no
2026-10-05T02:57:49.411039Z,KXBTC15M-26OCT042300-00,0.0100,0.01,no
2026-10-05T02:57:49.411039Z,KXBTC15M-26OCT042300-00,0.0100,0.01,no
2026-10-05T02:57:49.411039Z,KXBTC15M-26OCT042300-00,0.0100,500.00,no
2026-10-05T02:57:49.411039Z,KXBTC15M-26OCT042300-00,0.0100,15.00,no
2026-10-05T02:57:49.435093Z,KXBTC15M-26OCT042300-00,0.0100,2.72,yes
2026-10-05T02:57:49.441848Z,KXBTC15M-26OCT042300-00,0.0100,50.00,yes
2026-10-05T02:57:49.441848Z,KXBTC15M-26OCT042300-00,0.0100,0.01,yes
2026-10-05T02:57:49.441848Z,KXBTC15M-26OCT042300-00,0.0100,2.28,yes
2026-10-05T02:57:49.447995Z,KXBTC15M-26OCT042300-00,0.0090,15.83,no
2026-10-05T02:57:49.450919Z,KXBTC15M-26OCT042300-00,0.0100,0.01,yes
2026-10-05T02:57:49.450919Z,KXBTC15M-26OCT042300-00,0.0100,15.00,yes
2026-10-05T02:57:49.49006Z,KXBTC15M-26OCT042300-00,0.0120,1.49,yes
2026-10-05T02:57:49.49006Z,KXBTC15M-26OCT042300-00,0.0120,28.00,yes
2026-10-05T02:57:49.49006Z,KXBTC15M-26OCT042300-00,0.0120,0.01,yes
2026-10-05T02:57:49.49006Z,KXBTC15M-26OCT042300-00,0.0120,0.01,yes
2026-10-05T02:57:49.49006Z,KXBTC15M-26OCT042300-00,0.0120,32.43,yes
2026-10-05T02:57:49.49006Z,KXBTC15M-26OCT042300-00,0.0120,1.00,yes
2026-10-05T02:57:49.49006Z,KXBTC15M-26OCT042300-00,0.0120,15.00,yes
2026-10-05T02:57:49.527285Z,KXBTC15M-26OCT042300-00,0.0110,1.00,yes
2026-10-05T02:57:49.527285Z,KXBTC15M-26OCT042300-00,0.0110,15.00,yes
2026-10-05T02:57:49.527285Z,KXBTC15M-26OCT042300-00,0.0110,15.00,yes
2026-10-05T02:57:49.527285Z,KXBTC15M-26OCT042300-00,0.0110,0.01,yes
2026-10-05T02:57:49.527285Z,KXBTC15M-26OCT042300-00,0.0120,0.01,yes
2026-10-05T02:57:49.527285Z,KXBTC15M-26OCT042300-00,0.0120,172.19,yes
2026-10-05T02:57:49.556351Z,KXBTC15M-26OCT042300-00,0.0120,0.01,yes
2026-10-05T02:57:49.556351Z,KXBTC15M-26OCT042300-00,0.0120,15.00,yes
2026-10-05T02:57:49.556351Z,KXBTC15M-26OCT042300-00,0.0120,100.00,yes
2026-10-05T02:57:49.599576Z,KXBTC15M-26OCT042300-00,0.0120,70.00,no
2026-10-05T02:57:49.599576Z,KXBTC15M-26OCT042300-00,0.0120,70.00,no
2026-10-05T02:57:49.599576Z,KXBTC15M-26OCT042300-00,0.0120,70.00,no
2026-10-05T02:57:49.599576Z,KXBTC15M-26OCT042300-00,0.0120,0.01,no
2026-10-05T02:57:49.599576Z,KXBTC15M-26OCT042300-00,0.0110,0.01,no
2026-10-05T02:57:49.599576Z,KXBTC15M-26OCT042300-00,0.0110,125.39,no
2026-10-05T02:57:49.599576Z,KXBTC15M-26OCT042300-00,0.0120,70.00,no
2026-10-05T02:57:49.599576Z,KXBTC15M-26OCT042300-00,0.0120,0.01,no
2026-10-05T02:57:49.599576Z,KXBTC15M-26OCT042300-00,0.0120,70.00,no
2026-10-05T02:57:49.599576Z,KXBTC15M-26OCT042300-00,0.0110,0.01,no
2026-10-05T02:57:49.599576Z,KXBTC15M-26OCT042300-00,0.0120,200.00,no
2026-10-05T02:57:49.639946Z,KXBTC15M-26OCT042300-00,0.0120,0.01,no
2026-10-05T02:57:49.639946Z,KXBTC15M-26OCT042300-00,0.0110,0.68,no
2026-10-05T02:57:49.639946Z,KXBTC15M-26OCT042300-00,0.0120,0.01,no
2026-10-05T02:57:49.652633Z,KXBTC15M-26OCT042300-00,0.0130,39.00,yes
2026-10-05T02:57:49.664811Z,KXBTC15M-26OCT042300-00,0.0120,0.01,no
2026-10-05T02:57:49.664811Z,KXBTC15M-26OCT042300-00,0.0120,0.01,no
2026-10-05T02:57:49.664811Z,KXBTC15M-26OCT042300-00,0.0110,15.98,no
2026-10-05T02:57:49.702765Z,KXBTC15M-26OCT042300-00,0.0130,2.29,yes
2026-10-05T02:57:49.706662Z,KXBTC15M-26OCT042300-00,0.0130,124.73,yes
2026-10-05T02:57:49.722168Z,KXBTC15M-26OCT042300-00,0.0130,54.10,yes
2026-10-05T02:57:49.805424Z,KXBTC15M-26OCT042300-00,0.0120,0.01,no
2026-10-05T02:57:49.805424Z,KXBTC15M-26OCT042300-00,0.0120,0.01,no
2026-10-05T02:57:49.805424Z,KXBTC15M-26OCT042300-00,0.0110,49.98,no
2026-10-05T02:57:49.873453Z,KXBTC15M-26OCT042300-00,0.0130,10.28,yes
2026-10-05T02:57:49.887071Z,KXBTC15M-26OCT042300-00,0.0110,64.50,no
2026-10-05T02:57:49.936539Z,KXBTC15M-26OCT042300-00,0.0090,963.04,no
2026-10-05T02:57:49.936539Z,KXBTC15M-26OCT042300-00,0.0110,443.47,no
2026-10-05T02:57:49.936539Z,KXBTC15M-26OCT042300-00,0.0100,15.00,no
2026-10-05T02:57:49.936539Z,KXBTC15M-26OCT042300-00,0.0110,0.01,no
2026-10-05T02:57:49.936539Z,KXBTC15M-26OCT042300-00,0.0100,50.00,no
2026-10-05T02:57:49.936539Z,KXBTC15M-26OCT042300-00,0.0110,0.01,no
2026-10-05T02:57:49.936539Z,KXBTC15M-26OCT042300-00,0.0110,1.00,no
2026-10-05T02:57:49.936539Z,KXBTC15M-26OCT042300-00,0.0100,100.00,no
2026-10-05T02:57:49.936539Z,KXBTC15M-26OCT042300-00,0.0100,200.00,no
2026-10-05T02:57:49.936539Z,KXBTC15M-26OCT042300-00,0.0110,15.00,no
2026-10-05T02:57:49.936539Z,KXBTC15M-26OCT042300-00,0.0100,15.00,no
2026-10-05T02:57:49.936539Z,KXBTC15M-26OCT042300-00,0.0100,15.00,no
2026-10-05T02:57:49.936539Z,KXBTC15M-26OCT042300-00,0.0110,200.00,no
2026-10-05T02:57:49.9416Z,KXBTC15M-26OCT042300-00,0.0090,3.38,no
2026-10-05T02:57:50.023026Z,KXBTC15M-26OCT042300-00,0.0130,656.50,yes
2026-10-05T02:57:50.023026Z,KXBTC15M-26OCT042300-00,0.0120,15.00,yes
2026-10-05T02:57:50.023026Z,KXBTC15M-26OCT042300-00,0.0120,15.00,yes
2026-10-05T02:57:50.023026Z,KXBTC15M-26OCT042300-00,0.0120,0.01,yes
2026-10-05T02:57:50.023026Z,KXBTC15M-26OCT042300-00,0.0120,18.00,yes
2026-10-05T02:57:50.023026Z,KXBTC15M-26OCT042300-00,0.0120,0.01,yes
2026-10-05T02:57:50.023026Z,KXBTC15M-26OCT042300-00,0.0120,15.00,yes
2026-10-05T02:57:50.03797Z,KXBTC15M-26OCT042300-00,0.0120,0.01,yes
2026-10-05T02:57:50.03797Z,KXBTC15M-26OCT042300-00,0.0120,15.00,yes
2026-10-05T02:57:50.03797Z,KXBTC15M-26OCT042300-00,0.0120,0.01,yes
2026-10-05T02:57:50.03797Z,KXBTC15M-26OCT042300-00,0.0130,1.00,yes
2026-10-05T02:57:50.03797Z,KXBTC15M-26OCT042300-00,0.0130,5.57,yes
2026-10-05T02:57:50.071263Z,KXBTC15M-26OCT042300-00,0.0110,15.00,no
2026-10-05T02:57:50.071263Z,KXBTC15M-26OCT042300-00,0.0110,480.50,no
2026-10-05T02:57:50.071263Z,KXBTC15M-26OCT042300-00,0.0110,0.01,no
2026-10-05T02:57:50.071263Z,KXBTC15M-26OCT042300-00,0.0110,0.01,no
2026-10-05T02:57:50.078503Z,KXBTC15M-26OCT042300-00,0.0110,6.29,no
2026-10-05T02:57:50.125803Z,KXBTC15M-26OCT042300-00,0.0110,1.01,no
2026-10-05T02:57:50.161296Z,KXBTC15M-26OCT042300-00,0.0110,10.10,no
2026-10-05T02:57:50.230322Z,KXBTC15M-26OCT042300-00,0.0120,0.01,yes
2026-10-05T02:57:50.230322Z,KXBTC15M-26OCT042300-00,0.0120,15.00,yes
2026-10-05T02:57:50.230322Z,KXBTC15M-26OCT042300-00,0.0120,0.01,yes
2026-10-05T02:57:50.305789Z,KXBTC15M-26OCT042300-00,0.0130,13.88,yes
2026-10-05T02:57:50.305789Z,KXBTC15M-26OCT042300-00,0.0120,15.00,yes
2026-10-05T02:57:50.305789Z,KXBTC15M-26OCT042300-00,0.0120,15.00,yes
2026-10-05T02:57:50.305789Z,KXBTC15M-26OCT042300-00,0.0120,0.01,yes
2026-10-05T02:57:50.305789Z,KXBTC15M-26OCT042300-00,0.0120,0.01,yes
2026-10-05T02:57:50.305789Z,KXBTC15M-26OCT042300-00,0.0130,100.00,yes
2026-10-05T02:57:50.309904Z,KXBTC15M-26OCT042300-00,0.0130,14.12,yes
2026-10-05T02:57:50.309904Z,KXBTC15M-26OCT042300-00,0.0130,0.01,yes
2026-10-05T02:57:50.309904Z,KXBTC15M-26OCT042300-00,0.0130,99.68,yes
2026-10-05T02:57:50.351387Z,KXBTC15M-26OCT042300-00,0.0110,5.05,no
2026-10-05T02:57:50.358818Z,KXBTC15M-26OCT042300-00,0.0110,5.57,no
2026-10-05T02:57:50.358818Z,KXBTC15M-26OCT042300-00,0.0110,0.01,no
2026-10-05T02:57:50.358818Z,KXBTC15M-26OCT042300-00,0.0110,9.95,no
2026-10-05T02:57:50.358818Z,KXBTC15M-26OCT042300-00,0.0110,17.00,no
2026-10-05T02:57:50.358818Z,KXBTC15M-26OCT042300-00,0.0110,16.92,no
2026-10-05T02:57:50.358818Z,KXBTC15M-26OCT042300-00,0.0110,0.01,no
2026-10-05T02:57:50.358818Z,KXBTC15M-26OCT042300-00,0.0110,1.00,no
2026-10-05T02:57:50.403929Z,KXBTC15M-26OCT042300-00,0.0130,0.01,yes
2026-10-05T02:57:50.403929Z,KXBTC15M-26OCT042300-00,0.0120,0.01,yes
2026-10-05T02:57:50.403929Z,KXBTC15M-26OCT042300-00,0.0120,15.00,yes
2026-10-05T02:57:50.403929Z,KXBTC15M-26OCT042300-00,0.0130,1.00,yes
2026-10-05T02:57:50.403929Z,KXBTC15M-26OCT042300-00,0.0120,0.01,yes
2026-10-05T02:57:50.403929Z,KXBTC15M-26OCT042300-00,0.0120,1.00,yes
2026-10-05T02:57:50.403929Z,KXBTC15M-26OCT042300-00,0.0130,54.91,yes
2026-10-05T02:57:50.403929Z,KXBTC15M-26OCT042300-00,0.0130,0.01,yes
2026-10-05T02:57:50.455241Z,KXBTC15M-26OCT042300-00,0.0110,183.08,no
2026-10-05T02:57:50.455241Z,KXBTC15M-26OCT042300-00,0.0110,126.08,no
2026-10-05T02:57:50.484788Z,KXBTC15M-26OCT042300-00,0.0130,44.71,yes
2026-10-05T02:57:50.484788Z,KXBTC15M-26OCT042300-00,0.0120,15.00,yes
2026-10-05T02:57:50.484788Z,KXBTC15M-26OCT042300-00,0.0120,0.01,yes
2026-10-05T02:57:50.508885Z,KXBTC15M-26OCT042300-00,0.0110,9.10,no
2026-10-05T02:57:50.548064Z,KXBTC15M-26OCT042300-00,0.0130,0.01,yes
2026-10-05T02:57:50.548064Z,KXBTC15M-26OCT042300-00,0.0120,3.00,yes
2026-10-05T02:57:50.548064Z,KXBTC15M-26OCT042300-00,0.0120,15.00,yes
2026-10-05T02:57:50.548064Z,KXBTC15M-26OCT042300-00,0.0130,19.00,yes
2026-10-05T02:57:50.548064Z,KXBTC15M-26OCT042300-00,0.0130,50.38,yes
2026-10-05T02:57:50.55049Z,KXBTC15M-26OCT042300-00,0.0140,15.00,yes
2026-10-05T02:57:50.55049Z,KXBTC15M-26OCT042300-00,0.0140,1.00,yes
2026-10-05T02:57:50.55049Z,KXBTC15M-26OCT042300-00,0.0150,154.75,yes
2026-10-05T02:57:50.55049Z,KXBTC15M-26OCT042300-00,0.0140,15.00,yes
2026-10-05T02:57:50.611963Z,KXBTC15M-26OCT042300-00,0.0120,0.01,no
2026-10-05T02:57:50.611963Z,KXBTC15M-26OCT042300-00,0.0130,0.01,no
2026-10-05T02:57:50.611963Z,KXBTC15M-26OCT042300-00,0.0120,200.00,no
2026-10-05T02:57:50.611963Z,KXBTC15M-26OCT042300-00,0.0130,15.00,no
2026-10-05T02:57:50.611963Z,KXBTC15M-26OCT042300-00,0.0120,0.01,no
2026-10-05T02:57:50.611963Z,KXBTC15M-26OCT042300-00,0.0120,88.06,no
2026-10-05T02:57:50.611963Z,KXBTC15M-26OCT042300-00,0.0130,0.01,no
2026-10-05T02:57:50.630655Z,KXBTC15M-26OCT042300-00,0.0130,0.01,no
2026-10-05T02:57:50.630655Z,KXBTC15M-26OCT042300-00,0.0120,15.00,no
2026-10-05T02:57:50.630655Z,KXBTC15M-26OCT042300-00,0.0120,4.25,no
2026-10-05T02:57:50.630655Z,KXBTC15M-26OCT042300-00,0.0120,586.94,no
2026-10-05T02:57:50.656502Z,KXBTC15M-26OCT042300-00,0.0140,101.72,yes
2026-10-05T02:57:50.671784Z,KXBTC15M-26OCT042300-00,0.0120,0.01,no
2026-10-05T02:57:50.671784Z,KXBTC15M-26OCT042300-00,0.0120,0.01,no
2026-10-05T02:57:50.671784Z,KXBTC15M-26OCT042300-00,0.0130,0.01,no
2026-10-05T02:57:50.671784Z,KXBTC15M-26OCT042300-00,0.0120,0.97,no
2026-10-05T02:57:50.671784Z,KXBTC15M-26OCT042300-00,0.0130,0.01,no
2026-10-05T02:57:50.784059Z,KXBTC15M-26OCT042300-00,0.0120,0.01,no
2026-10-05T02:57:50.784059Z,KXBTC15M-26OCT042300-00,0.0120,55.54,no
2026-10-05T02:57:50.784059Z,KXBTC15M-26OCT042300-00,0.0120,0.01,no
2026-10-05T02:57:50.842646Z,KXBTC15M-26OCT042300-00,0.0120,2.02,no
2026-10-05T02:57:51.00484Z,KXBTC15M-26OCT042300-00,0.0140,13.00,yes
2026-10-05T02:57:51.00484Z,KXBTC15M-26OCT042300-00,0.0140,48.28,yes
2026-10-05T02:57:51.00484Z,KXBTC15M-26OCT042300-00,0.0140,15.00,yes
2026-10-05T02:57:51.00484Z,KXBTC15M-26OCT042300-00,0.0140,77.18,yes
2026-10-05T02:57:51.007777Z,KXBTC15M-26OCT042300-00,0.0120,5.00,no
2026-10-05T02:57:51.082302Z,KXBTC15M-26OCT042300-00,0.0120,100.00,no
2026-10-05T02:57:51.1348Z,KXBTC15M-26OCT042300-00,0.0120,30.31,no
2026-10-05T02:57:51.148535Z,KXBTC15M-26OCT042300-00,0.0070,715.27,no
2026-10-05T02:57:51.148535Z,KXBTC15M-26OCT042300-00,0.0080,120.00,no
2026-10-05T02:57:51.148535Z,KXBTC15M-26OCT042300-00,0.0090,3141.00,no
2026-10-05T02:57:51.148535Z,KXBTC15M-26OCT042300-00,0.0110,15.00,no
2026-10-05T02:57:51.148535Z,KXBTC15M-26OCT042300-00,0.0120,200.00,no
2026-10-05T02:57:51.148535Z,KXBTC15M-26OCT042300-00,0.0110,15.00,no
2026-10-05T02:57:51.148535Z,KXBTC15M-26OCT042300-00,0.0110,15.00,no
2026-10-05T02:57:51.148535Z,KXBTC15M-26OCT042300-00,0.0100,16.00,no
2026-10-05T02:57:51.148535Z,KXBTC15M-26OCT042300-00,0.0110,169.00,no
2026-10-05T02:57:51.148535Z,KXBTC15M-26OCT042300-00,0.0120,0.01,no
2026-10-05T02:57:51.148535Z,KXBTC15M-26OCT042300-00,0.0110,15.00,no
2026-10-05T02:57:51.148535Z,KXBTC15M-26OCT042300-00,0.0120,207.13,no
2026-10-05T02:57:51.148535Z,KXBTC15M-26OCT042300-00,0.0100,15.00,no
2026-10-05T02:57:51.148535Z,KXBTC15M-26OCT042300-00,0.0120,0.01,no
2026-10-05T02:57:51.148535Z,KXBTC15M-26OCT042300-00,0.0110,200.00,no
2026-10-05T02:57:51.148535Z,KXBTC15M-26OCT042300-00,0.0110,15.00,no
2026-10-05T02:57:51.148535Z,KXBTC15M-26OCT042300-00,0.0080,2.00,no
2026-10-05T02:57:51.148535Z,KXBTC15M-26OCT042300-00,0.0110,15.00,no
2026-10-05T02:57:51.148535Z,KXBTC15M-26OCT042300-00,0.0120,100.00,no
2026-10-05T02:57:51.148535Z,KXBTC15M-26OCT042300-00,0.0100,40.00,no
2026-10-05T02:57:51.148535Z,KXBTC15M-26OCT042300-00,0.0100,50.00,no
2026-10-05T02:57:51.148535Z,KXBTC15M-26OCT042300-00,0.0090,15.00,no
2026-10-05T02:57:51.148535Z,KXBTC15M-26OCT042300-00,0.0080,420.00,no
2026-10-05T02:57:51.308072Z,KXBTC15M-26OCT042300-00,0.0120,167.28,no
2026-10-05T02:57:51.308072Z,KXBTC15M-26OCT042300-00,0.0120,0.01,no
2026-10-05T02:57:51.308072Z,KXBTC15M-26OCT042300-00,0.0120,0.01,no
2026-10-05T02:57:51.375757Z,KXBTC15M-26OCT042300-00,0.0120,0.01,no
2026-10-05T02:57:51.375757Z,KXBTC15M-26OCT042300-00,0.0110,44.32,no
2026-10-05T02:57:51.375757Z,KXBTC15M-26OCT042300-00,0.0110,253.00,no
2026-10-05T02:57:51.375757Z,KXBTC15M-26OCT042300-00,0.0120,0.01,no
2026-10-05T02:57:51.442287Z,KXBTC15M-26OCT042300-00,0.0120,0.01,yes
2026-10-05T02:57:51.442287Z,KXBTC15M-26OCT042300-00,0.0130,169.06,yes
2026-10-05T02:57:51.442287Z,KXBTC15M-26OCT042300-00,0.0120,0.01,yes
2026-10-05T02:57:51.442287Z,KXBTC15M-26OCT042300-00,0.0120,15.00,yes
2026-10-05T02:57:51.442287Z,KXBTC15M-26OCT042300-00,0.0120,120.00,yes
2026-10-05T02:57:51.442287Z,KXBTC15M-26OCT042300-00,0.0120,15.00,yes
2026-10-05T02:57:51.442287Z,KXBTC15M-26OCT042300-00,0.0120,15.00,yes
2026-10-05T02:57:51.504677Z,KXBTC15M-26OCT042300-00,0.0120,0.01,yes
2026-10-05T02:57:51.504677Z,KXBTC15M-26OCT042300-00,0.0120,15.00,yes
2026-10-05T02:57:51.504677Z,KXBTC15M-26OCT042300-00,0.0130,5.95,yes
2026-10-05T02:57:51.504677Z,KXBTC15M-26OCT042300-00,0.0120,0.01,yes
2026-10-05T02:57:51.504677Z,KXBTC15M-26OCT042300-00,0.0120,15.00,yes
2026-10-05T02:57:51.757133Z,KXBTC15M-26OCT042300-00,0.0130,9.55,yes
2026-10-05T02:57:51.757133Z,KXBTC15M-26OCT042300-00,0.0120,0.01,yes
2026-10-05T02:57:51.757133Z,KXBTC15M-26OCT042300-00,0.0120,15.00,yes
2026-10-05T02:57:51.757133Z,KXBTC15M-26OCT042300-00,0.0120,0.01,yes
2026-10-05T02:57:51.757133Z,KXBTC15M-26OCT042300-00,0.0120,15.00,yes
2026-10-05T02:57:51.881517Z,KXBTC15M-26OCT042300-00,0.0110,0.01,no
2026-10-05T02:57:51.881517Z,KXBTC15M-26OCT042300-00,0.0110,2.00,no
2026-10-05T02:57:51.881517Z,KXBTC15M-26OCT042300-00,0.0110,0.01,no
2026-10-05T02:57:51.939906Z,KXBTC15M-26OCT042300-00,0.0110,500.00,no
2026-10-05T02:57:51.939906Z,KXBTC15M-26OCT042300-00,0.0110,398.00,no
2026-10-05T02:57:51.939906Z,KXBTC15M-26OCT042300-00,0.0110,108.92,no
2026-10-05T02:57:51.939906Z,KXBTC15M-26OCT042300-00,0.0110,15.00,no
2026-10-05T02:57:51.939906Z,KXBTC15M-26OCT042300-00,0.0110,100.00,no
2026-10-05T02:57:51.990179Z,KXBTC15M-26OCT042300-00,0.0110,18.18,no
2026-10-05T02:57:52.116484Z,KXBTC15M-26OCT042300-00,0.0120,0.25,yes
2026-10-05T02:57:52.116484Z,KXBTC15M-26OCT042300-00,0.0120,0.01,yes
2026-10-05T02:57:52.116484Z,KXBTC15M-26OCT042300-00,0.0120,15.00,yes
2026-10-05T02:57:52.116484Z,KXBTC15M-26OCT042300-00,0.0120,0.01,yes
2026-10-05T02:57:52.193227Z,KXBTC15M-26OCT042300-00,0.0130,225.46,yes
2026-10-05T02:57:52.193227Z,KXBTC15M-26OCT042300-00,0.0120,14.75,yes
2026-10-05T02:57:52.193227Z,KXBTC15M-26OCT042300-00,0.0120,0.01,yes
2026-10-05T02:57:52.193227Z,KXBTC15M-26OCT042300-00,0.0120,15.00,yes
2026-10-05T02:57:52.193227Z,KXBTC15M-26OCT042300-00,0.0120,0.01,yes
2026-10-05T02:57:52.202076Z,KXBTC15M-26OCT042300-00,0.0110,50.51,no
2026-10-05T02:57:52.203043Z,KXBTC15M-26OCT042300-00,0.0110,25.73,no
2026-10-05T02:57:52.268612Z,KXBTC15M-26OCT042300-00,0.0130,31.08,yes
2026-10-05T02:57:52.268612Z,KXBTC15M-26OCT042300-00,0.0120,15.00,yes
2026-10-05T02:57:52.268612Z,KXBTC15M-26OCT042300-00,0.0120,15.00,yes
2026-10-05T02:57:52.268612Z,KXBTC15M-26OCT042300-00,0.0120,0.01,yes
2026-10-05T02:57:52.268612Z,KXBTC15M-26OCT042300-00,0.0120,0.01,yes
2026-10-05T02:57:52.335059Z,KXBTC15M-26OCT042300-00,0.0120,8.05,yes
2026-10-05T02:57:52.335059Z,KXBTC15M-26OCT042300-00,0.0120,15.00,yes
2026-10-05T02:57:52.335059Z,KXBTC15M-26OCT042300-00,0.0120,0.01,yes
2026-10-05T02:57:52.363839Z,KXBTC15M-26OCT042300-00,0.0110,3.17,no
2026-10-05T02:57:52.365164Z,KXBTC15M-26OCT042300-00,0.0110,1.00,no
2026-10-05T02:57:52.459667Z,KXBTC15M-26OCT042300-00,0.0130,685.46,yes
2026-10-05T02:57:52.459667Z,KXBTC15M-26OCT042300-00,0.0120,8.05,yes
2026-10-05T02:57:52.459667Z,KXBTC15M-26OCT042300-00,0.0120,1.00,yes
2026-10-05T02:57:52.459667Z,KXBTC15M-26OCT042300-00,0.0120,0.01,yes
2026-10-05T02:57:52.459667Z,KXBTC15M-26OCT042300-00,0.0120,0.01,yes
2026-10-05T02:57:52.459667Z,KXBTC15M-26OCT042300-00,0.0120,15.00,yes
2026-10-05T02:57:52.459667Z,KXBTC15M-26OCT042300-00,0.0120,6.95,yes
2026-10-05T02:57:52.459667Z,KXBTC15M-26OCT042300-00,0.0120,5.00,yes
2026-10-05T02:57:52.475682Z,KXBTC15M-26OCT042300-00,0.0130,43.91,yes
2026-10-05T02:57:52.475682Z,KXBTC15M-26OCT042300-00,0.0120,15.00,yes
2026-10-05T02:57:52.475682Z,KXBTC15M-26OCT042300-00,0.0120,15.00,yes
2026-10-05T02:57:52.488408Z,KXBTC15M-26OCT042300-00,0.0110,7.91,no
2026-10-05T02:57:52.531515Z,KXBTC15M-26OCT042300-00,0.0120,5.68,yes
2026-10-05T02:57:52.599104Z,KXBTC15M-26OCT042300-00,0.0130,17.06,yes
2026-10-05T02:57:52.599104Z,KXBTC15M-26OCT042300-00,0.0120,1.00,yes
2026-10-05T02:57:52.599104Z,KXBTC15M-26OCT042300-00,0.0120,0.01,yes
2026-10-05T02:57:52.599104Z,KXBTC15M-26OCT042300-00,0.0120,0.01,yes
2026-10-05T02:57:52.599104Z,KXBTC15M-26OCT042300-00,0.0120,5.00,yes
2026-10-05T02:57:52.599104Z,KXBTC15M-26OCT042300-00,0.0120,9.32,yes
2026-10-05T02:57:52.599104Z,KXBTC15M-26OCT042300-00,0.0120,5.68,yes
2026-10-05T02:57:52.607349Z,KXBTC15M-26OCT042300-00,0.0130,44.03,yes
2026-10-05T02:57:52.607349Z,KXBTC15M-26OCT042300-00,0.0130,95.68,yes
2026-10-05T02:57:52.607349Z,KXBTC15M-26OCT042300-00,0.0120,0.01,yes
2026-10-05T02:57:52.607349Z,KXBTC15M-26OCT042300-00,0.0120,15.00,yes
2026-10-05T02:57:52.637848Z,KXBTC15M-26OCT042300-00,0.0120,145.86,yes
2026-10-05T02:57:52.686232Z,KXBTC15M-26OCT042300-00,0.0120,74.59,yes
2026-10-05T02:57:52.756592Z,KXBTC15M-26OCT042300-00,0.0120,74.15,yes
2026-10-05T02:57:52.929456Z,KXBTC15M-26OCT042300-00,0.0120,218.50,yes
2026-10-05T02:57:52.973301Z,KXBTC15M-26OCT042300-00,0.0110,35.36,no
2026-10-05T02:57:52.976852Z,KXBTC15M-26OCT042300-00,0.0100,50.00,no
2026-10-05T02:57:52.976852Z,KXBTC15M-26OCT042300-00,0.0110,0.01,no
2026-10-05T02:57:52.976852Z,KXBTC15M-26OCT042300-00,0.0110,15.00,no
2026-10-05T02:57:52.976852Z,KXBTC15M-26OCT042300-00,0.0100,63.00,no
2026-10-05T02:57:52.976852Z,KXBTC15M-26OCT042300-00,0.0110,0.01,no
2026-10-05T02:57:52.976852Z,KXBTC15M-26OCT042300-00,0.0110,249.22,no
2026-10-05T02:57:52.976852Z,KXBTC15M-26OCT042300-00,0.0100,5.00,no
2026-10-05T02:57:52.976852Z,KXBTC15M-26OCT042300-00,0.0110,15.00,no
2026-10-05T02:57:52.976852Z,KXBTC15M-26OCT042300-00,0.0110,15.00,no
2026-10-05T02:57:52.976852Z,KXBTC15M-26OCT042300-00,0.0110,15.00,no
2026-10-05T02:57:52.976852Z,KXBTC15M-26OCT042300-00,0.0110,15.00,no
2026-10-05T02:57:52.976852Z,KXBTC15M-26OCT042300-00,0.0110,15.00,no
2026-10-05T02:57:52.976852Z,KXBTC15M-26OCT042300-00,0.0100,7.82,no
2026-10-05T02:57:52.976852Z,KXBTC15M-26OCT042300-00,0.0110,15.00,no
2026-10-05T02:57:52.976852Z,KXBTC15M-26OCT042300-00,0.0110,15.00,no
2026-10-05T02:57:53.128681Z,KXBTC15M-26OCT042300-00,0.0110,0.01,no
2026-10-05T02:57:53.128681Z,KXBTC15M-26OCT042300-00,0.0100,9.67,no
2026-10-05T02:57:53.128681Z,KXBTC15M-26OCT042300-00,0.0110,0.01,no
2026-10-05T02:57:53.143439Z,KXBTC15M-26OCT042300-00,0.0120,74.15,yes
2026-10-05T02:57:53.167124Z,KXBTC15M-26OCT042300-00,0.0100,4.92,no
2026-10-05T02:57:53.167124Z,KXBTC15M-26OCT042300-00,0.0110,0.01,no
2026-10-05T02:57:53.167124Z,KXBTC15M-26OCT042300-00,0.0110,0.01,no
2026-10-05T02:57:53.20048Z,KXBTC15M-26OCT042300-00,0.0110,16.00,yes
2026-10-05T02:57:53.20048Z,KXBTC15M-26OCT042300-00,0.0120,330.04,yes
2026-10-05T02:57:53.20048Z,KXBTC15M-26OCT042300-00,0.0110,0.01,yes
2026-10-05T02:57:53.20048Z,KXBTC15M-26OCT042300-00,0.0110,15.00,yes
2026-10-05T02:57:53.20048Z,KXBTC15M-26OCT042300-00,0.0110,0.01,yes
2026-10-05T02:57:53.20661Z,KXBTC15M-26OCT042300-00,0.0100,1.00,no
2026-10-05T02:57:53.255377Z,KXBTC15M-26OCT042300-00,0.0120,358.69,yes
2026-10-05T02:57:53.255377Z,KXBTC15M-26OCT042300-00,0.0110,15.00,yes
2026-10-05T02:57:53.255377Z,KXBTC15M-26OCT042300-00,0.0110,0.01,yes
2026-10-05T02:57:53.255377Z,KXBTC15M-26OCT042300-00,0.0110,16.00,yes
2026-10-05T02:57:53.255377Z,KXBTC15M-26OCT042300-00,0.0110,0.01,yes
2026-10-05T02:57:53.27126Z,KXBTC15M-26OCT042300-00,0.0100,125.27,no
2026-10-05T02:57:53.27126Z,KXBTC15M-26OCT042300-00,0.0100,76.59,no
2026-10-05T02:57:53.335933Z,KXBTC15M-26OCT042300-00,0.0120,8.99,yes
2026-10-05T02:57:53.335933Z,KXBTC15M-26OCT042300-00,0.0110,15.00,yes
2026-10-05T02:57:53.335933Z,KXBTC15M-26OCT042300-00,0.0110,16.00,yes
2026-10-05T02:57:53.335933Z,KXBTC15M-26OCT042300-00,0.0110,0.01,yes
2026-10-05T02:57:53.353255Z,KXBTC15M-26OCT042300-00,0.0120,36.55,yes
2026-10-05T02:57:53.366248Z,KXBTC15M-26OCT042300-00,0.0120,37.10,yes
2026-10-05T02:57:53.366248Z,KXBTC15M-26OCT042300-00,0.0110,1.00,yes
2026-10-05T02:57:53.42924Z,KXBTC15M-26OCT042300-00,0.0120,2.03,yes
2026-10-05T02:57:53.482205Z,KXBTC15M-26OCT042300-00,0.0100,42.76,no
2026-10-05T02:57:53.482205Z,KXBTC15M-26OCT042300-00,0.0110,0.01,no
2026-10-05T02:57:53.482205Z,KXBTC15M-26OCT042300-00,0.0110,0.01,no
2026-10-05T02:57:53.483811Z,KXBTC15M-26OCT042300-00,0.0120,77.94,yes
2026-10-05T02:57:53.489642Z,KXBTC15M-26OCT042300-00,0.0120,0.01,yes
2026-10-05T02:57:53.489642Z,KXBTC15M-26OCT042300-00,0.0120,0.01,yes
2026-10-05T02:57:53.489642Z,KXBTC15M-26OCT042300-00,0.0120,103.77,yes
2026-10-05T02:57:53.562682Z,KXBTC15M-26OCT042300-00,0.0110,0.01,no
2026-10-05T02:57:53.562682Z,KXBTC15M-26OCT042300-00,0.0110,0.01,no
2026-10-05T02:57:53.562682Z,KXBTC15M-26OCT042300-00,0.0110,1.49,no
2026-10-05T02:57:53.570336Z,KXBTC15M-26OCT042300-00,0.0120,389.71,yes
2026-10-05T02:57:53.654028Z,KXBTC15M-26OCT042300-00,0.0120,38.97,yes
2026-10-05T02:57:53.69634Z,KXBTC15M-26OCT042300-00,0.0120,771.68,yes
2026-10-05T02:57:53.69634Z,KXBTC15M-26OCT042300-00,0.0120,1.00,yes
2026-10-05T02:57:53.69634Z,KXBTC15M-26OCT042300-00,0.0120,227.32,yes
2026-10-05T02:57:53.708761Z,KXBTC15M-26OCT042300-00,0.0110,124.88,no
2026-10-05T02:57:53.708761Z,KXBTC15M-26OCT042300-00,0.0110,278.87,no
2026-10-05T02:57:53.726503Z,KXBTC15M-26OCT042300-00,0.0100,50.00,no
2026-10-05T02:57:53.726503Z,KXBTC15M-26OCT042300-00,0.0100,95.00,no
2026-10-05T02:57:53.726503Z,KXBTC15M-26OCT042300-00,0.0100,15.00,no
2026-10-05T02:57:53.726503Z,KXBTC15M-26OCT042300-00,0.0100,15.00,no
2026-10-05T02:57:53.726503Z,KXBTC15M-26OCT042300-00,0.0110,0.01,no
2026-10-05T02:57:53.726503Z,KXBTC15M-26OCT042300-00,0.0100,15.00,no
2026-10-05T02:57:53.726503Z,KXBTC15M-26OCT042300-00,0.0110,0.01,no
2026-10-05T02:57:53.730427Z,KXBTC15M-26OCT042300-00,0.0090,52.00,no
2026-10-05T02:57:53.730427Z,KXBTC15M-26OCT042300-00,0.0080,11.22,no
2026-10-05T02:57:53.730427Z,KXBTC15M-26OCT042300-00,0.0080,7.00,no
2026-10-05T02:57:53.784428Z,KXBTC15M-26OCT042300-00,0.0090,0.01,no
2026-10-05T02:57:53.784428Z,KXBTC15M-26OCT042300-00,0.0090,0.01,no
2026-10-05T02:57:53.784428Z,KXBTC15M-26OCT042300-00,0.0090,16.50,no
2026-10-05T02:57:54.001209Z,KXBTC15M-26OCT042300-00,0.0100,5.00,yes
2026-10-05T02:57:54.002784Z,KXBTC15M-26OCT042300-00,0.0100,1926.28,yes
2026-10-05T02:57:54.007311Z,KXBTC15M-26OCT042300-00,0.0120,1.00,yes
2026-10-05T02:57:54.007311Z,KXBTC15M-26OCT042300-00,0.0120,20.00,yes
2026-10-05T02:57:54.007311Z,KXBTC15M-26OCT042300-00,0.0100,0.01,yes
2026-10-05T02:57:54.007311Z,KXBTC15M-26OCT042300-00,0.0100,15.00,yes
2026-10-05T02:57:54.007311Z,KXBTC15M-26OCT042300-00,0.0100,1.00,yes
2026-10-05T02:57:54.007311Z,KXBTC15M-26OCT042300-00,0.0110,200.00,yes
2026-10-05T02:57:54.007311Z,KXBTC15M-26OCT042300-00,0.0110,1000.00,yes
2026-10-05T02:57:54.007311Z,KXBTC15M-26OCT042300-00,0.0120,1.00,yes
2026-10-05T02:57:54.007311Z,KXBTC15M-26OCT042300-00,0.0100,50.00,yes
2026-10-05T02:57:54.007311Z,KXBTC15M-26OCT042300-00,0.0100,2209.70,yes
2026-10-05T02:57:54.007311Z,KXBTC15M-26OCT042300-00,0.0100,0.01,yes
2026-10-05T02:57:54.007311Z,KXBTC15M-26OCT042300-00,0.0110,1.00,yes
2026-10-05T02:57:54.007311Z,KXBTC15M-26OCT042300-00,0.0100,500.00,yes
2026-10-05T02:57:54.007311Z,KXBTC15M-26OCT042300-00,0.0100,260.86,yes
2026-10-05T02:57:54.007311Z,KXBTC15M-26OCT042300-00,0.0100,500.00,yes
2026-10-05T02:57:54.037032Z,KXBTC15M-26OCT042300-00,0.0100,0.01,yes
2026-10-05T02:57:54.037032Z,KXBTC15M-26OCT042300-00,0.0100,0.01,yes
2026-10-05T02:57:54.037032Z,KXBTC15M-26OCT042300-00,0.0100,50.00,yes
2026-10-05T02:57:54.037032Z,KXBTC15M-26OCT042300-00,0.0100,15.00,yes
2026-10-05T02:57:54.037032Z,KXBTC15M-26OCT042300-00,0.0100,12.92,yes
2026-10-05T02:57:54.039503Z,KXBTC15M-26OCT042300-00,0.0100,1.00,yes
2026-10-05T02:57:54.051878Z,KXBTC15M-26OCT042300-00,0.0090,3.63,no
2026-10-05T02:57:54.051878Z,KXBTC15M-26OCT042300-00,0.0090,83.50,no
2026-10-05T02:57:54.123609Z,KXBTC15M-26OCT042300-00,0.0100,0.01,yes
2026-10-05T02:57:54.123609Z,KXBTC15M-26OCT042300-00,0.0100,1.08,yes
2026-10-05T02:57:54.123609Z,KXBTC15M-26OCT042300-00,0.0100,1.00,yes
2026-10-05T02:57:54.123609Z,KXBTC15M-26OCT042300-00,0.0100,50.00,yes
2026-10-05T02:57:54.123609Z,KXBTC15M-26OCT042300-00,0.0100,0.01,yes
2026-10-05T02:57:54.159204Z,KXBTC15M-26OCT042300-00,0.0100,0.02,no
2026-10-05T02:57:54.375808Z,KXBTC15M-26OCT042300-00,0.0100,22.00,no
2026-10-05T02:57:54.415432Z,KXBTC15M-26OCT042300-00,0.0100,0.01,no
2026-10-05T02:57:54.415432Z,KXBTC15M-26OCT042300-00,0.0100,100.00,no
2026-10-05T02:57:54.415432Z,KXBTC15M-26OCT042300-00,0.0100,0.01,no
2026-10-05T02:57:54.415432Z,KXBTC15M-26OCT042300-00,0.0100,400.00,no
2026-10-05T02:57:54.415432Z,KXBTC15M-26OCT042300-00,0.0100,1.00,no
2026-10-05T02:57:54.415432Z,KXBTC15M-26OCT042300-00,0.0100,16.00,no
2026-10-05T02:57:54.415432Z,KXBTC15M-26OCT042300-00,0.0100,200.00,no
2026-10-05T02:57:54.415432Z,KXBTC15M-26OCT042300-00,0.0100,28.00,no
2026-10-05T02:57:54.465579Z,KXBTC15M-26OCT042300-00,0.0110,16.00,yes
2026-10-05T02:57:54.465579Z,KXBTC15M-26OCT042300-00,0.0120,83.98,yes
2026-10-05T02:57:54.465579Z,KXBTC15M-26OCT042300-00,0.0110,0.01,yes
2026-10-05T02:57:54.465579Z,KXBTC15M-26OCT042300-00,0.0110,0.01,yes
2026-10-05T02:57:54.557005Z,KXBTC15M-26OCT042300-00,0.0120,10.15,yes
2026-10-05T02:57:54.635775Z,KXBTC15M-26OCT042300-00,0.0120,13.57,yes
2026-10-05T02:57:54.797828Z,KXBTC15M-26OCT042300-00,0.0120,131.28,yes
2026-10-05T02:57:54.803462Z,KXBTC15M-26OCT042300-00,0.0100,0.01,no
2026-10-05T02:57:54.803462Z,KXBTC15M-26OCT042300-00,0.0100,50.00,no
2026-10-05T02:57:54.803462Z,KXBTC15M-26OCT042300-00,0.0100,29.47,no
2026-10-05T02:57:54.803462Z,KXBTC15M-26OCT042300-00,0.0100,0.01,no
2026-10-05T02:57:54.804425Z,KXBTC15M-26OCT042300-00,0.0120,141.98,yes
2026-10-05T02:57:54.931156Z,KXBTC15M-26OCT042300-00,0.0100,21.78,no
2026-10-05T02:57:54.982625Z,KXBTC15M-26OCT042300-00,0.0100,4.46,no
2026-10-05T02:57:54.989858Z,KXBTC15M-26OCT042300-00,0.0120,3.89,yes
2026-10-05T02:57:55.023967Z,KXBTC15M-26OCT042300-00,0.0120,7.14,yes
2026-10-05T02:57:55.161425Z,KXBTC15M-26OCT042300-00,0.0120,152.77,yes
2026-10-05T02:57:55.25413Z,KXBTC15M-26OCT042300-00,0.0120,15.27,yes
2026-10-05T02:57:55.283803Z,KXBTC15M-26OCT042300-00,0.0120,3.05,yes
2026-10-05T02:57:55.348417Z,KXBTC15M-26OCT042300-00,0.0100,44.29,no
2026-10-05T02:57:55.348417Z,KXBTC15M-26OCT042300-00,0.0100,10.66,no
2026-10-05T02:57:55.487878Z,KXBTC15M-26OCT042300-00,0.0120,2.16,yes
2026-10-05T02:57:55.552619Z,KXBTC15M-26OCT042300-00,0.0120,77.94,yes
2026-10-05T02:57:55.625723Z,KXBTC15M-26OCT042300-00,0.0120,187.09,yes
2026-10-05T02:57:55.654128Z,KXBTC15M-26OCT042300-00,0.0100,17.70,no
2026-10-05T02:57:55.678156Z,KXBTC15M-26OCT042300-00,0.0120,77.94,yes
2026-10-05T02:57:55.752978Z,KXBTC15M-26OCT042300-00,0.0120,36.55,yes
2026-10-05T02:57:55.752978Z,KXBTC15M-26OCT042300-00,0.0120,40.37,yes
2026-10-05T02:57:55.752978Z,KXBTC15M-26OCT042300-00,0.0120,0.01,yes
2026-10-05T02:57:55.752978Z,KXBTC15M-26OCT042300-00,0.0120,0.01,yes
2026-10-05T02:57:55.752978Z,KXBTC15M-26OCT042300-00,0.0120,1.00,yes
2026-10-05T02:57:55.937523Z,KXBTC15M-26OCT042300-00,0.0100,0.02,no
2026-10-05T02:57:55.971171Z,KXBTC15M-26OCT042300-00,0.0120,19.00,yes
2026-10-05T02:57:55.971171Z,KXBTC15M-26OCT042300-00,0.0120,56.13,yes
2026-10-05T02:57:55.971171Z,KXBTC15M-26OCT042300-00,0.0120,0.01,yes
2026-10-05T02:57:55.971171Z,KXBTC15M-26OCT042300-00,0.0120,0.01,yes
2026-10-05T02:57:55.971171Z,KXBTC15M-26OCT042300-00,0.0120,3.00,yes
2026-10-05T02:57:55.971171Z,KXBTC15M-26OCT042300-00,0.0120,1.00,yes
2026-10-05T02:57:55.971171Z,KXBTC15M-26OCT042300-00,0.0120,150.00,yes
2026-10-05T02:57:56.133999Z,KXBTC15M-26OCT042300-00,0.0100,50.00,no
2026-10-05T02:57:56.133999Z,KXBTC15M-26OCT042300-00,0.0100,0.01,no
2026-10-05T02:57:56.133999Z,KXBTC15M-26OCT042300-00,0.0100,0.45,no
2026-10-05T02:57:56.210172Z,KXBTC15M-26OCT042300-00,0.0120,37.32,yes
2026-10-05T02:57:56.210172Z,KXBTC15M-26OCT042300-00,0.0120,1.00,yes
2026-10-05T02:57:56.210172Z,KXBTC15M-26OCT042300-00,0.0110,18.00,yes
2026-10-05T02:57:56.210172Z,KXBTC15M-26OCT042300-00,0.0110,0.01,yes
2026-10-05T02:57:56.210172Z,KXBTC15M-26OCT042300-00,0.0110,0.51,yes
2026-10-05T02:57:56.228849Z,KXBTC15M-26OCT042300-00,0.0100,100.92,no
2026-10-05T02:57:56.228849Z,KXBTC15M-26OCT042300-00,0.0100,0.01,no
2026-10-05T02:57:56.253854Z,KXBTC15M-26OCT042300-00,0.0100,8.41,no
2026-10-05T02:57:56.340063Z,KXBTC15M-26OCT042300-00,0.0120,7.17,yes
2026-10-05T02:57:56.392696Z,KXBTC15M-26OCT042300-00,0.0120,500.00,yes
2026-10-05T02:57:56.392696Z,KXBTC15M-26OCT042300-00,0.0120,15.00,yes
2026-10-05T02:57:56.392696Z,KXBTC15M-26OCT042300-00,0.0130,100.00,yes
2026-10-05T02:57:56.392696Z,KXBTC15M-26OCT042300-00,0.0120,955.51,yes
2026-10-05T02:57:56.392696Z,KXBTC15M-26OCT042300-00,0.0150,1267.21,yes
2026-10-05T02:57:56.392696Z,KXBTC15M-26OCT042300-00,0.0140,222.49,yes
2026-10-05T02:57:56.392696Z,KXBTC15M-26OCT042300-00,0.0120,500.00,yes
2026-10-05T02:57:56.392696Z,KXBTC15M-26OCT042300-00,0.0120,200.00,yes
2026-10-05T02:57:56.392696Z,KXBTC15M-26OCT042300-00,0.0120,27.00,yes
2026-10-05T02:57:56.392696Z,KXBTC15M-26OCT042300-00,0.0120,400.00,yes
2026-10-05T02:57:56.392696Z,KXBTC15M-26OCT042300-00,0.0120,0.01,yes
2026-10-05T02:57:56.392696Z,KXBTC15M-26OCT042300-00,0.0130,200.00,yes
2026-10-05T02:57:56.392696Z,KXBTC15M-26OCT042300-00,0.0120,0.01,yes
2026-10-05T02:57:56.392696Z,KXBTC15M-26OCT042300-00,0.0120,150.00,yes
2026-10-05T02:57:56.392696Z,KXBTC15M-26OCT042300-00,0.0130,619.59,yes
2026-10-05T02:57:56.392696Z,KXBTC15M-26OCT042300-00,0.0150,1047.00,yes
2026-10-05T02:57:56.392696Z,KXBTC15M-26OCT042300-00,0.0150,2.00,yes
2026-10-05T02:57:56.392696Z,KXBTC15M-26OCT042300-00,0.0130,29.02,yes
2026-10-05T02:57:56.392696Z,KXBTC15M-26OCT042300-00,0.0150,15.00,yes
2026-10-05T02:57:56.392696Z,KXBTC15M-26OCT042300-00,0.0150,15.00,yes
2026-10-05T02:57:56.392696Z,KXBTC15M-26OCT042300-00,0.0130,15.00,yes
2026-10-05T02:57:56.400787Z,KXBTC15M-26OCT042300-00,0.0120,0.99,no
2026-10-05T02:57:56.40712Z,KXBTC15M-26OCT042300-00,0.0120,39.85,no
2026-10-05T02:57:56.416277Z,KXBTC15M-26OCT042300-00,0.0130,70.44,yes
2026-10-05T02:57:56.427763Z,KXBTC15M-26OCT042300-00,0.0120,435.04,no
2026-10-05T02:57:56.443875Z,KXBTC15M-26OCT042300-00,0.0120,437.50,no
2026-10-05T02:57:56.758974Z,KXBTC15M-26OCT042300-00,0.0120,56.63,no
2026-10-05T02:57:56.82172Z,KXBTC15M-26OCT042300-00,0.0120,8.66,no
2026-10-05T02:57:56.822812Z,KXBTC15M-26OCT042300-00,0.0120,8.07,no
2026-10-05T02:57:56.890391Z,KXBTC15M-26OCT042300-00,0.0120,20.22,no
2026-10-05T02:57:56.917322Z,KXBTC15M-26OCT042300-00,0.0120,4.31,no
2026-10-05T02:57:56.97226Z,KXBTC15M-26OCT042300-00,0.0120,1240.86,no
2026-10-05T02:57:57.071674Z,KXBTC15M-26OCT042300-00,0.0130,71.95,yes
2026-10-05T02:57:57.078906Z,KXBTC15M-26OCT042300-00,0.0120,0.01,no
2026-10-05T02:57:57.078906Z,KXBTC15M-26OCT042300-00,0.0120,0.01,no
2026-10-05T02:57:57.078906Z,KXBTC15M-26OCT042300-00,0.0110,163.91,no
2026-10-05T02:57:57.091698Z,KXBTC15M-26OCT042300-00,0.0110,18.28,no
2026-10-05T02:57:57.15523Z,KXBTC15M-26OCT042300-00,0.0110,15.00,no
2026-10-05T02:57:57.15523Z,KXBTC15M-26OCT042300-00,0.0110,17.81,no
2026-10-05T02:57:57.15523Z,KXBTC15M-26OCT042300-00,0.0110,15.00,no
2026-10-05T02:57:57.15523Z,KXBTC15M-26OCT042300-00,0.0110,104.18,no
2026-10-05T02:57:57.15523Z,KXBTC15M-26OCT042300-00,0.0110,0.01,no
2026-10-05T02:57:57.15523Z,KXBTC15M-26OCT042300-00,0.0110,0.01,no
2026-10-05T02:57:57.190668Z,KXBTC15M-26OCT042300-00,0.0120,15.00,yes
2026-10-05T02:57:57.190668Z,KXBTC15M-26OCT042300-00,0.0120,25.00,yes
2026-10-05T02:57:57.190668Z,KXBTC15M-26OCT042300-00,0.0120,200.00,yes
2026-10-05T02:57:57.190668Z,KXBTC15M-26OCT042300-00,0.0120,100.00,yes
2026-10-05T02:57:57.190668Z,KXBTC15M-26OCT042300-00,0.0120,379.52,yes
2026-10-05T02:57:57.256764Z,KXBTC15M-26OCT042300-00,0.0120,51.47,yes
2026-10-05T02:57:57.256764Z,KXBTC15M-26OCT042300-00,0.0120,20.48,yes
2026-10-05T02:57:57.294439Z,KXBTC15M-26OCT042300-00,0.0110,30.20,no
2026-10-05T02:57:57.417247Z,KXBTC15M-26OCT042300-00,0.0100,23.55,no
2026-10-05T02:57:57.417247Z,KXBTC15M-26OCT042300-00,0.0110,0.01,no
2026-10-05T02:57:57.417247Z,KXBTC15M-26OCT042300-00,0.0110,0.01,no
2026-10-05T02:57:57.43799Z,KXBTC15M-26OCT042300-00,0.0120,20.28,yes
2026-10-05T02:57:57.540921Z,KXBTC15M-26OCT042300-00,0.0120,71.95,yes
2026-10-05T02:57:57.552442Z,KXBTC15M-26OCT042300-00,0.0100,18.04,no
2026-10-05T02:57:57.552442Z,KXBTC15M-26OCT042300-00,0.0100,80.96,no
2026-10-05T02:57:57.56622Z,KXBTC15M-26OCT042300-00,0.0100,33.68,no
2026-10-05T02:57:57.576323Z,KXBTC15M-26OCT042300-00,0.0100,2.51,no
2026-10-05T02:57:57.589546Z,KXBTC15M-26OCT042300-00,0.0100,82.85,no
2026-10-05T02:57:57.589546Z,KXBTC15M-26OCT042300-00,0.0100,103.45,no
2026-10-05T02:57:57.779887Z,KXBTC15M-26OCT042300-00,0.0100,104.98,no
2026-10-05T02:57:57.789902Z,KXBTC15M-26OCT042300-00,0.0130,717.20,yes
2026-10-05T02:57:57.789902Z,KXBTC15M-26OCT042300-00,0.0120,0.01,yes
2026-10-05T02:57:57.789902Z,KXBTC15M-26OCT042300-00,0.0120,15.00,yes
2026-10-05T02:57:57.789902Z,KXBTC15M-26OCT042300-00,0.0120,6.30,yes
2026-10-05T02:57:57.789902Z,KXBTC15M-26OCT042300-00,0.0120,20.00,yes
2026-10-05T02:57:57.789902Z,KXBTC15M-26OCT042300-00,0.0120,0.01,yes
2026-10-05T02:57:57.9228Z,KXBTC15M-26OCT042300-00,0.0100,209.00,no
2026-10-05T02:57:58.093121Z,KXBTC15M-26OCT042300-00,0.0120,15.00,yes
2026-10-05T02:57:58.093121Z,KXBTC15M-26OCT042300-00,0.0120,0.01,yes
2026-10-05T02:57:58.093121Z,KXBTC15M-26OCT042300-00,0.0120,59.40,yes
2026-10-05T02:57:58.140779Z,KXBTC15M-26OCT042300-00,0.0120,74.41,yes
2026-10-05T02:57:58.36899Z,KXBTC15M-26OCT042300-00,0.0120,8.28,yes
2026-10-05T02:57:58.527668Z,KXBTC15M-26OCT042300-00,0.0120,1.00,yes
2026-10-05T02:57:58.570102Z,KXBTC15M-26OCT042300-00,0.0070,633.35,no
2026-10-05T02:57:58.570102Z,KXBTC15M-26OCT042300-00,0.0070,564.73,no
2026-10-05T02:57:58.570102Z,KXBTC15M-26OCT042300-00,0.0090,15.00,no
2026-10-05T02:57:58.570102Z,KXBTC15M-26OCT042300-00,0.0080,17.00,no
2026-10-05T02:57:58.570102Z,KXBTC15M-26OCT042300-00,0.0090,15.00,no
2026-10-05T02:57:58.570102Z,KXBTC15M-26OCT042300-00,0.0090,15.00,no
2026-10-05T02:57:58.570102Z,KXBTC15M-26OCT042300-00,0.0090,15.00,no
2026-10-05T02:57:58.570102Z,KXBTC15M-26OCT042300-00,0.0100,129.57,no
2026-10-05T02:57:58.570102Z,KXBTC15M-26OCT042300-00,0.0100,0.01,no
2026-10-05T02:57:58.570102Z,KXBTC15M-26OCT042300-00,0.0090,200.00,no
2026-10-05T02:57:58.570102Z,KXBTC15M-26OCT042300-00,0.0100,50.00,no
2026-10-05T02:57:58.570102Z,KXBTC15M-26OCT042300-00,0.0100,0.01,no
2026-10-05T02:57:58.570102Z,KXBTC15M-26OCT042300-00,0.0100,200.00,no
2026-10-05T02:57:58.570102Z,KXBTC15M-26OCT042300-00,0.0100,1.00,no
2026-10-05T02:57:58.570102Z,KXBTC15M-26OCT042300-00,0.0100,91.33,no
2026-10-05T02:57:58.570102Z,KXBTC15M-26OCT042300-00,0.0080,6.00,no
2026-10-05T02:57:58.570102Z,KXBTC15M-26OCT042300-00,0.0080,66.00,no
2026-10-05T02:57:58.612486Z,KXBTC15M-26OCT042300-00,0.0100,0.01,no
2026-10-05T02:57:58.612486Z,KXBTC15M-26OCT042300-00,0.0100,0.01,no
2026-10-05T02:57:58.612486Z,KXBTC15M-26OCT042300-00,0.0100,14.98,no
2026-10-05T02:57:58.711856Z,KXBTC15M-26OCT042300-00,0.0110,0.01,yes
2026-10-05T02:57:58.711856Z,KXBTC15M-26OCT042300-00,0.0110,0.01,yes
2026-10-05T02:57:58.711856Z,KXBTC15M-26OCT042300-00,0.0110,16.95,yes
2026-10-05T02:57:58.711856Z,KXBTC15M-26OCT042300-00,0.0110,22.00,yes
2026-10-05T02:57:58.717285Z,KXBTC15M-26OCT042300-00,0.0110,7.50,yes
2026-10-05T02:57:58.859705Z,KXBTC15M-26OCT042300-00,0.0110,389.71,yes
2026-10-05T02:57:58.866789Z,KXBTC15M-26OCT042300-00,0.0110,88.00,yes
2026-10-05T02:57:58.938757Z,KXBTC15M-26OCT042300-00,0.0100,310.22,no
2026-10-05T02:57:58.938757Z,KXBTC15M-26OCT042300-00,0.0100,126.12,no
2026-10-05T02:57:58.938757Z,KXBTC15M-26OCT042300-00,0.0100,0.01,no
2026-10-05T02:57:58.938757Z,KXBTC15M-26OCT042300-00,0.0100,35.02,no
2026-10-05T02:57:58.938757Z,KXBTC15M-26OCT042300-00,0.0100,0.01,no
2026-10-05T02:57:58.958223Z,KXBTC15M-26OCT042300-00,0.0110,15.00,yes
2026-10-05T02:57:58.958223Z,KXBTC15M-26OCT042300-00,0.0110,62.57,yes
2026-10-05T02:57:58.958223Z,KXBTC15M-26OCT042300-00,0.0110,0.37,yes
2026-10-05T02:57:58.977016Z,KXBTC15M-26OCT042300-00,0.0110,71.24,yes
2026-10-05T02:57:59.030689Z,KXBTC15M-26OCT042300-00,0.0100,19.98,no
2026-10-05T02:57:59.030689Z,KXBTC15M-26OCT042300-00,0.0100,0.01,no
2026-10-05T02:57:59.030689Z,KXBTC15M-26OCT042300-00,0.0100,0.01,no
2026-10-05T02:57:59.03905Z,KXBTC15M-26OCT042300-00,0.0100,0.01,no
2026-10-05T02:57:59.03905Z,KXBTC15M-26OCT042300-00,0.0100,0.01,no
2026-10-05T02:57:59.03905Z,KXBTC15M-26OCT042300-00,0.0100,30.02,no
2026-10-05T02:57:59.03905Z,KXBTC15M-26OCT042300-00,0.0100,15.00,no
2026-10-05T02:57:59.053532Z,KXBTC15M-26OCT042300-00,0.0090,500.00,no
2026-10-05T02:57:59.053532Z,KXBTC15M-26OCT042300-00,0.0090,100.00,no
2026-10-05T02:57:59.053532Z,KXBTC15M-26OCT042300-00,0.0090,0.01,no
2026-10-05T02:57:59.053532Z,KXBTC15M-26OCT042300-00,0.0090,0.01,no
2026-10-05T02:57:59.053532Z,KXBTC15M-26OCT042300-00,0.0090,500.00,no
2026-10-05T02:57:59.199588Z,KXBTC15M-26OCT042300-00,0.0080,100.00,no
2026-10-05T02:57:59.199588Z,KXBTC15M-26OCT042300-00,0.0080,14.53,no
2026-10-05T02:57:59.199588Z,KXBTC15M-26OCT042300-00,0.0080,0.01,no
2026-10-05T02:57:59.199588Z,KXBTC15M-26OCT042300-00,0.0080,0.01,no
2026-10-05T02:57:59.199588Z,KXBTC15M-26OCT042300-00,0.0080,17.00,no
2026-10-05T02:57:59.208138Z,KXBTC15M-26OCT042300-00,0.0090,50.00,yes
2026-10-05T02:57:59.217459Z,KXBTC15M-26OCT042300-00,0.0070,646.65,no
2026-10-05T02:57:59.217459Z,KXBTC15M-26OCT042300-00,0.0070,399.07,no
2026-10-05T02:57:59.217459Z,KXBTC15M-26OCT042300-00,0.0080,0.01,no
2026-10-05T02:57:59.217459Z,KXBTC15M-26OCT042300-00,0.0080,100.00,no
2026-10-05T02:57:59.217459Z,KXBTC15M-26OCT042300-00,0.0080,164.61,no
2026-10-05T02:57:59.217459Z,KXBTC15M-26OCT042300-00,0.0080,385.47,no
2026-10-05T02:57:59.217459Z,KXBTC15M-26OCT042300-00,0.0080,17.00,no
2026-10-05T02:57:59.217459Z,KXBTC15M-26OCT042300-00,0.0080,0.01,no
2026-10-05T02:57:59.257921Z,KXBTC15M-26OCT042300-00,0.0090,15.58,yes
2026-10-05T02:57:59.260789Z,KXBTC15M-26OCT042300-00,0.0090,79.70,yes
2026-10-05T02:57:59.343243Z,KXBTC15M-26OCT042300-00,0.0070,126.50,no
2026-10-05T02:57:59.343243Z,KXBTC15M-26OCT042300-00,0.0070,120.00,no
2026-10-05T02:57:59.343243Z,KXBTC15M-26OCT042300-00,0.0070,880.93,no
2026-10-05T02:57:59.343243Z,KXBTC15M-26OCT042300-00,0.0080,131.69,no
2026-10-05T02:57:59.343243Z,KXBTC15M-26OCT042300-00,0.0080,0.01,no
2026-10-05T02:57:59.343243Z,KXBTC15M-26OCT042300-00,0.0080,400.00,no
2026-10-05T02:57:59.343243Z,KXBTC15M-26OCT042300-00,0.0080,100.00,no
2026-10-05T02:57:59.343243Z,KXBTC15M-26OCT042300-00,0.0080,17.00,no
2026-10-05T02:57:59.343243Z,KXBTC15M-26OCT042300-00,0.0080,0.01,no
2026-10-05T02:57:59.343243Z,KXBTC15M-26OCT042300-00,0.0080,200.00,no
2026-10-05T02:57:59.368908Z,KXBTC15M-26OCT042300-00,0.0090,1.10,yes
2026-10-05T02:57:59.55318Z,KXBTC15M-26OCT042300-00,0.0080,0.01,no
2026-10-05T02:57:59.55318Z,KXBTC15M-26OCT042300-00,0.0080,0.01,no
2026-10-05T02:57:59.55318Z,KXBTC15M-26OCT042300-00,0.0080,79.98,no
2026-10-05T02:57:59.55865Z,KXBTC15M-26OCT042300-00,0.0090,37.07,yes
2026-10-05T02:57:59.560168Z,KXBTC15M-26OCT042300-00,0.0090,42.00,yes
2026-10-05T02:57:59.623303Z,KXBTC15M-26OCT042300-00,0.0080,0.10,no
2026-10-05T02:57:59.626819Z,KXBTC15M-26OCT042300-00,0.0090,509.12,yes
2026-10-05T02:57:59.633709Z,KXBTC15M-26OCT042300-00,0.0090,21.57,yes
2026-10-05T02:57:59.63845Z,KXBTC15M-26OCT042300-00,0.0090,20.22,yes
2026-10-05T02:57:59.640397Z,KXBTC15M-26OCT042300-00,0.0090,100.00,yes
2026-10-05T02:57:59.774499Z,KXBTC15M-26OCT042300-00,0.0080,80.00,no
2026-10-05T02:57:59.777021Z,KXBTC15M-26OCT042300-00,0.0080,80.00,no
2026-10-05T02:57:59.78276Z,KXBTC15M-26OCT042300-00,0.0080,80.00,no
2026-10-05T02:57:59.790197Z,KXBTC15M-26OCT042300-00,0.0080,0.08,no
2026-10-05T02:57:59.790197Z,KXBTC15M-26OCT042300-00,0.0080,79.92,no
2026-10-05T02:57:59.803911Z,KXBTC15M-26OCT042300-00,0.0080,40.69,no
2026-10-05T02:57:59.842038Z,KXBTC15M-26OCT042300-00,0.0090,42.51,yes
2026-10-05T02:57:59.943461Z,KXBTC15M-26OCT042300-00,0.0090,37.42,yes
2026-10-05T02:57:59.943461Z,KXBTC15M-26OCT042300-00,0.0090,0.01,yes
2026-10-05T02:57:59.943461Z,KXBTC15M-26OCT042300-00,0.0090,0.01,yes
2026-10-05T02:57:59.943461Z,KXBTC15M-26OCT042300-00,0.0090,15.00,yes
2026-10-05T02:57:59.943461Z,KXBTC15M-26OCT042300-00,0.0090,253.03,yes
2026-10-05T02:57:59.981043Z,KXBTC15M-26OCT042300-00,0.0080,18.28,no
2026-10-05T02:57:59.992241Z,KXBTC15M-26OCT042300-00,0.0090,176.00,yes
2026-10-05T02:57:59.995887Z,KXBTC15M-26OCT042300-00,0.0090,25.28,yes
2026-10-05T02:58:00.001349Z,KXBTC15M-26OCT042300-00,0.0090,7.19,yes
2026-10-05T02:58:00.008683Z,KXBTC15M-26OCT042300-00,0.0080,7.00,no
2026-10-05T02:58:00.035928Z,KXBTC15M-26OCT042300-00,0.0090,30.59,yes
2026-10-05T02:58:00.035928Z,KXBTC15M-26OCT042300-00,0.0090,42.11,yes
2026-10-05T02:58:00.053589Z,KXBTC15M-26OCT042300-00,0.0090,101.12,yes
2026-10-05T02:58:00.086276Z,KXBTC15M-26OCT042300-00,0.0080,33.24,no
2026-10-05T02:58:00.087665Z,KXBTC15M-26OCT042300-00,0.0090,7.02,yes
2026-10-05T02:58:00.095381Z,KXBTC15M-26OCT042300-00,0.0090,52.14,yes
2026-10-05T02:58:00.105051Z,KXBTC15M-26OCT042300-00,0.0080,51.39,no
2026-10-05T02:58:00.105051Z,KXBTC15M-26OCT042300-00,0.0080,0.71,no
2026-10-05T02:58:00.105057Z,KXBTC15M-26OCT042300-00,0.0080,0.01,no
2026-10-05T02:58:00.105057Z,KXBTC15M-26OCT042300-00,0.0080,26.02,no
2026-10-05T02:58:00.105057Z,KXBTC15M-26OCT042300-00,0.0080,53.96,no
2026-10-05T02:58:00.105057Z,KXBTC15M-26OCT042300-00,0.0080,0.01,no
2026-10-05T02:58:00.132829Z,KXBTC15M-26OCT042300-00,0.0090,116.42,yes
2026-10-05T02:58:00.197613Z,KXBTC15M-26OCT042300-00,0.0080,2.01,no
2026-10-05T02:58:00.228919Z,KXBTC15M-26OCT042300-00,0.0080,2.01,no
2026-10-05T02:58:00.23945Z,KXBTC15M-26OCT042300-00,0.0090,0.69,yes
2026-10-05T02:58:00.324916Z,KXBTC15M-26OCT042300-00,0.0080,15.00,no
2026-10-05T02:58:00.324916Z,KXBTC15M-26OCT042300-00,0.0080,469.96,no
2026-10-05T02:58:00.324916Z,KXBTC15M-26OCT042300-00,0.0080,0.01,no
2026-10-05T02:58:00.324916Z,KXBTC15M-26OCT042300-00,0.0080,0.01,no
2026-10-05T02:58:00.324916Z,KXBTC15M-26OCT042300-00,0.0080,100.00,no
2026-10-05T02:58:00.324916Z,KXBTC15M-26OCT042300-00,0.0080,400.00,no
2026-10-05T02:58:00.352497Z,KXBTC15M-26OCT042300-00,0.0070,8.85,no
2026-10-05T02:58:00.352497Z,KXBTC15M-26OCT042300-00,0.0080,0.01,no
2026-10-05T02:58:00.352497Z,KXBTC15M-26OCT042300-00,0.0080,0.01,no
2026-10-05T02:58:00.401745Z,KXBTC15M-26OCT042300-00,0.0090,91.09,yes
2026-10-05T02:58:00.401745Z,KXBTC15M-26OCT042300-00,0.0090,258.89,yes
2026-10-05T02:58:00.401745Z,KXBTC15M-26OCT042300-00,0.0080,0.01,yes
2026-10-05T02:58:00.401745Z,KXBTC15M-26OCT042300-00,0.0080,15.00,yes
2026-10-05T02:58:00.401745Z,KXBTC15M-26OCT042300-00,0.0080,120.00,yes
2026-10-05T02:58:00.401745Z,KXBTC15M-26OCT042300-00,0.0080,15.00,yes
2026-10-05T02:58:00.401745Z,KXBTC15M-26OCT042300-00,0.0080,0.01,yes
2026-10-05T02:58:00.407839Z,KXBTC15M-26OCT042300-00,0.0070,515.02,no
2026-10-05T02:58:00.447448Z,KXBTC15M-26OCT042300-00,0.0090,126.50,yes
2026-10-05T02:58:00.447448Z,KXBTC15M-26OCT042300-00,0.0090,509.75,yes
2026-10-05T02:58:00.447448Z,KXBTC15M-26OCT042300-00,0.0090,387.76,yes
2026-10-05T02:58:00.447448Z,KXBTC15M-26OCT042300-00,0.0080,15.00,yes
2026-10-05T02:58:00.447448Z,KXBTC15M-26OCT042300-00,0.0080,0.01,yes
2026-10-05T02:58:00.447448Z,KXBTC15M-26OCT042300-00,0.0080,0.01,yes
2026-10-05T02:58:00.448361Z,KXBTC15M-26OCT042300-00,0.0090,22.42,yes
2026-10-05T02:58:00.464955Z,KXBTC15M-26OCT042300-00,0.0070,3.44,no
2026-10-05T02:58:00.476077Z,KXBTC15M-26OCT042300-00,0.0080,0.01,yes
2026-10-05T02:58:00.476077Z,KXBTC15M-26OCT042300-00,0.0080,0.01,yes
2026-10-05T02:58:00.476077Z,KXBTC15M-26OCT042300-00,0.0080,7.24,yes
2026-10-05T02:58:00.484206Z,KXBTC15M-26OCT042300-00,0.0070,1.00,no
2026-10-05T02:58:00.504227Z,KXBTC15M-26OCT042300-00,0.0070,32.00,no
2026-10-05T02:58:00.519738Z,KXBTC15M-26OCT042300-00,0.0070,208.82,no
2026-10-05T02:58:00.538827Z,KXBTC15M-26OCT042300-00,0.0070,1.00,no
2026-10-05T02:58:00.53964Z,KXBTC15M-26OCT042300-00,0.0080,7.26,yes
2026-10-05T02:58:00.556578Z,KXBTC15M-26OCT042300-00,0.0070,80.00,no
2026-10-05T02:58:00.577602Z,KXBTC15M-26OCT042300-00,0.0070,3.74,no
2026-10-05T02:58:00.596457Z,KXBTC15M-26OCT042300-00,0.0070,56.78,no
2026-10-05T02:58:00.611103Z,KXBTC15M-26OCT042300-00,0.0070,27.00,no
2026-10-05T02:58:00.6259Z,KXBTC15M-26OCT042300-00,0.0070,7.00,no
2026-10-05T02:58:00.63772Z,KXBTC15M-26OCT042300-00,0.0070,0.10,no
2026-10-05T02:58:00.6445Z,KXBTC15M-26OCT042300-00,0.0070,2.00,no
2026-10-05T02:58:00.646071Z,KXBTC15M-26OCT042300-00,0.0080,0.01,yes
2026-10-05T02:58:00.646071Z,KXBTC15M-26OCT042300-00,0.0080,0.01,yes
2026-10-05T02:58:00.646071Z,KXBTC15M-26OCT042300-00,0.0080,0.50,yes
2026-10-05T02:58:00.646071Z,KXBTC15M-26OCT042300-00,0.0080,0.48,yes
2026-10-05T02:58:00.662056Z,KXBTC15M-26OCT042300-00,0.0070,80.32,no
2026-10-05T02:58:00.66987Z,KXBTC15M-26OCT042300-00,0.0080,4.00,yes
2026-10-05T02:58:00.66987Z,KXBTC15M-26OCT042300-00,0.0080,3.26,yes
2026-10-05T02:58:00.676999Z,KXBTC15M-26OCT042300-00,0.0070,22.00,no
2026-10-05T02:58:00.679184Z,KXBTC15M-26OCT042300-00,0.0070,104.43,no
2026-10-05T02:58:00.679184Z,KXBTC15M-26OCT042300-00,0.0070,695.57,no
2026-10-05T02:58:00.695481Z,KXBTC15M-26OCT042300-00,0.0070,1.00,no
2026-10-05T02:58:00.711441Z,KXBTC15M-26OCT042300-00,0.0070,12.00,no
2026-10-05T02:58:00.725851Z,KXBTC15M-26OCT042300-00,0.0070,11.00,no
2026-10-05T02:58:00.746015Z,KXBTC15M-26OCT042300-00,0.0070,70.90,no
2026-10-05T02:58:00.746202Z,KXBTC15M-26OCT042300-00,0.0080,36.33,yes
2026-10-05T02:58:00.761168Z,KXBTC15M-26OCT042300-00,0.0070,31.00,no
2026-10-05T02:58:00.761684Z,KXBTC15M-26OCT042300-00,0.0080,7.00,yes
2026-10-05T02:58:00.761684Z,KXBTC15M-26OCT042300-00,0.0080,16.45,yes
2026-10-05T02:58:00.761684Z,KXBTC15M-26OCT042300-00,0.0080,6.53,yes
2026-10-05T02:58:00.761684Z,KXBTC15M-26OCT042300-00,0.0080,0.01,yes
2026-10-05T02:58:00.761684Z,KXBTC15M-26OCT042300-00,0.0080,27.00,yes
2026-10-05T02:58:00.761684Z,KXBTC15M-26OCT042300-00,0.0080,0.01,yes
2026-10-05T02:58:00.777138Z,KXBTC15M-26OCT042300-00,0.0070,9.00,no
2026-10-05T02:58:00.781363Z,KXBTC15M-26OCT042300-00,0.0070,0.07,no
2026-10-05T02:58:00.793254Z,KXBTC15M-26OCT042300-00,0.0070,23.00,no
2026-10-05T02:58:00.804395Z,KXBTC15M-26OCT042300-00,0.0070,18.21,no
2026-10-05T02:58:00.807161Z,KXBTC15M-26OCT042300-00,0.0070,42.00,no
2026-10-05T02:58:00.820973Z,KXBTC15M-26OCT042300-00,0.0070,3.00,no
2026-10-05T02:58:00.836192Z,KXBTC15M-26OCT042300-00,0.0070,57.00,no
2026-10-05T02:58:00.851106Z,KXBTC15M-26OCT042300-00,0.0070,105.00,no
2026-10-05T02:58:00.853984Z,KXBTC15M-26OCT042300-00,0.0080,2.29,yes
2026-10-05T02:58:00.863269Z,KXBTC15M-26OCT042300-00,0.0080,0.10,yes
2026-10-05T02:58:00.863269Z,KXBTC15M-26OCT042300-00,0.0080,2.00,yes
2026-10-05T02:58:00.863269Z,KXBTC15M-26OCT042300-00,0.0080,6.18,yes
2026-10-05T02:58:00.863269Z,KXBTC15M-26OCT042300-00,0.0080,28.05,yes
2026-10-05T02:58:00.864325Z,KXBTC15M-26OCT042300-00,0.0070,1.00,no
2026-10-05T02:58:00.881195Z,KXBTC15M-26OCT042300-00,0.0070,33.00,no
2026-10-05T02:58:00.965425Z,KXBTC15M-26OCT042300-00,0.0080,36.33,yes
2026-10-05T02:58:00.979434Z,KXBTC15M-26OCT042300-00,0.0090,19.52,yes
2026-10-05T02:58:00.979434Z,KXBTC15M-26OCT042300-00,0.0080,104.43,yes
2026-10-05T02:58:00.979434Z,KXBTC15M-26OCT042300-00,0.0080,15.00,yes
2026-10-05T02:58:00.979434Z,KXBTC15M-26OCT042300-00,0.0080,0.01,yes
2026-10-05T02:58:00.979434Z,KXBTC15M-26OCT042300-00,0.0080,22.00,yes
2026-10-05T02:58:00.979434Z,KXBTC15M-26OCT042300-00,0.0080,15.94,yes
2026-10-05T02:58:00.979434Z,KXBTC15M-26OCT042300-00,0.0080,0.01,yes
2026-10-05T02:58:01.046682Z,KXBTC15M-26OCT042300-00,0.0080,15.00,yes
2026-10-05T02:58:01.046682Z,KXBTC15M-26OCT042300-00,0.0080,0.01,yes
2026-10-05T02:58:01.046682Z,KXBTC15M-26OCT042300-00,0.0080,0.01,yes
2026-10-05T02:58:01.102011Z,KXBTC15M-26OCT042300-00,0.0090,6.29,yes
2026-10-05T02:58:01.102011Z,KXBTC15M-26OCT042300-00,0.0080,0.01,yes
2026-10-05T02:58:01.102011Z,KXBTC15M-26OCT042300-00,0.0080,0.01,yes
2026-10-05T02:58:01.102011Z,KXBTC15M-26OCT042300-00,0.0080,15.00,yes
2026-10-05T02:58:01.151439Z,KXBTC15M-26OCT042300-00,0.0070,1000.00,no
2026-10-05T02:58:01.188402Z,KXBTC15M-26OCT042300-00,0.0090,51.95,yes
2026-10-05T02:58:01.211869Z,KXBTC15M-26OCT042300-00,0.0070,1.00,no
2026-10-05T02:58:01.245647Z,KXBTC15M-26OCT042300-00,0.0090,7.26,yes
2026-10-05T02:58:01.273954Z,KXBTC15M-26OCT042300-00,0.0070,88.57,no
2026-10-05T02:58:01.27663Z,KXBTC15M-26OCT042300-00,0.0090,263.74,yes
2026-10-05T02:58:01.27663Z,KXBTC15M-26OCT042300-00,0.0090,41.00,yes
2026-10-05T02:58:01.27663Z,KXBTC15M-26OCT042300-00,0.0090,3.00,yes
2026-10-05T02:58:01.27663Z,KXBTC15M-26OCT042300-00,0.0090,107.00,yes
2026-10-05T02:58:01.27663Z,KXBTC15M-26OCT042300-00,0.0090,8.85,yes
2026-10-05T02:58:01.27663Z,KXBTC15M-26OCT042300-00,0.0090,80.41,yes
2026-10-05T02:58:01.27663Z,KXBTC15M-26OCT042300-00,0.0090,10.00,yes
2026-10-05T02:58:01.287112Z,KXBTC15M-26OCT042300-00,0.0090,101.83,yes
2026-10-05T02:58:01.291549Z,KXBTC15M-26OCT042300-00,0.0090,6.01,yes
2026-10-05T02:58:01.305889Z,KXBTC15M-26OCT042300-00,0.0070,12.72,no
2026-10-05T02:58:01.325924Z,KXBTC15M-26OCT042300-00,0.0070,62.92,no
2026-10-05T02:58:01.33521Z,KXBTC15M-26OCT042300-00,0.0090,251.00,yes
2026-10-05T02:58:01.361654Z,KXBTC15M-26OCT042300-00,0.0090,51.00,yes
2026-10-05T02:58:01.436931Z,KXBTC15M-26OCT042300-00,0.0080,11.22,yes
2026-10-05T02:58:01.458219Z,KXBTC15M-26OCT042300-00,0.0080,36.33,yes
2026-10-05T02:58:01.562617Z,KXBTC15M-26OCT042300-00,0.0100,25.02,yes
2026-10-05T02:58:01.562617Z,KXBTC15M-26OCT042300-00,0.0080,96.45,yes
2026-10-05T02:58:01.562617Z,KXBTC15M-26OCT042300-00,0.0080,0.01,yes
2026-10-05T02:58:01.562617Z,KXBTC15M-26OCT042300-00,0.0080,47.00,yes
2026-10-05T02:58:01.562617Z,KXBTC15M-26OCT042300-00,0.0080,0.01,yes
2026-10-05T02:58:01.562617Z,KXBTC15M-26OCT042300-00,0.0090,1.00,yes
2026-10-05T02:58:01.562617Z,KXBTC15M-26OCT042300-00,0.0090,32.00,yes
2026-10-05T02:58:01.562617Z,KXBTC15M-26OCT042300-00,0.0090,1.00,yes
2026-10-05T02:58:01.562617Z,KXBTC15M-26OCT042300-00,0.0090,208.82,yes
2026-10-05T02:58:01.562617Z,KXBTC15M-26OCT042300-00,0.0090,3.44,yes
2026-10-05T02:58:01.562617Z,KXBTC15M-26OCT042300-00,0.0090,80.00,yes
2026-10-05T02:58:01.562617Z,KXBTC15M-26OCT042300-00,0.0090,24.77,yes
2026-10-05T02:58:01.568535Z,KXBTC15M-26OCT042300-00,0.0080,0.01,yes
2026-10-05T02:58:01.568535Z,KXBTC15M-26OCT042300-00,0.0080,0.01,yes
2026-10-05T02:58:01.62543Z,KXBTC15M-26OCT042300-00,0.0090,36.31,yes
2026-10-05T02:58:01.641044Z,KXBTC15M-26OCT042300-00,0.0070,222.04,no
2026-10-05T02:58:01.641044Z,KXBTC15M-26OCT042300-00,0.0070,47.00,no
2026-10-05T02:58:01.641044Z,KXBTC15M-26OCT042300-00,0.0070,494.95,no
2026-10-05T02:58:01.641044Z,KXBTC15M-26OCT042300-00,0.0070,0.01,no
2026-10-05T02:58:01.641044Z,KXBTC15M-26OCT042300-00,0.0070,0.01,no
2026-10-05T02:58:01.641044Z,KXBTC15M-26OCT042300-00,0.0070,500.00,no
2026-10-05T02:58:01.751264Z,KXBTC15M-26OCT042300-00,0.0070,5.00,no
2026-10-05T02:58:01.758107Z,KXBTC15M-26OCT042300-00,0.0090,51.95,yes
2026-10-05T02:58:01.937873Z,KXBTC15M-26OCT042300-00,0.0090,55.74,yes
2026-10-05T02:58:01.937873Z,KXBTC15M-26OCT042300-00,0.0090,0.01,yes
2026-10-05T02:58:01.937873Z,KXBTC15M-26OCT042300-00,0.0090,0.01,yes
2026-10-05T02:58:01.937873Z,KXBTC15M-26OCT042300-00,0.0090,22.18,yes
2026-10-05T02:58:01.966966Z,KXBTC15M-26OCT042300-00,0.0070,21.74,no
2026-10-05T02:58:01.966966Z,KXBTC15M-26OCT042300-00,0.0070,0.05,no
2026-10-05T02:58:02.004843Z,KXBTC15M-26OCT042300-00,0.0090,0.01,yes
2026-10-05T02:58:02.004843Z,KXBTC15M-26OCT042300-00,0.0090,98.27,yes
2026-10-05T02:58:02.004843Z,KXBTC15M-26OCT042300-00,0.0090,0.01,yes
2026-10-05T02:58:02.004843Z,KXBTC15M-26OCT042300-00,0.0090,12.82,yes
2026-10-05T02:58:02.049956Z,KXBTC15M-26OCT042300-00,0.0070,5.89,no
2026-10-05T02:58:02.067348Z,KXBTC15M-26OCT042300-00,0.0090,0.01,yes
2026-10-05T02:58:02.067348Z,KXBTC15M-26OCT042300-00,0.0090,0.01,yes
2026-10-05T02:58:02.067348Z,KXBTC15M-26OCT042300-00,0.0090,17.25,yes
2026-10-05T02:58:02.067348Z,KXBTC15M-26OCT042300-00,0.0090,32.73,yes
2026-10-05T02:58:02.10778Z,KXBTC15M-26OCT042300-00,0.0090,59.00,yes
2026-10-05T02:58:02.111206Z,KXBTC15M-26OCT042300-00,0.0090,36.75,yes
2026-10-05T02:58:02.111206Z,KXBTC15M-26OCT042300-00,0.0090,47.00,yes
2026-10-05T02:58:02.111206Z,KXBTC15M-26OCT042300-00,0.0100,29.94,yes
2026-10-05T02:58:02.111206Z,KXBTC15M-26OCT042300-00,0.0100,50.00,yes
2026-10-05T02:58:02.111206Z,KXBTC15M-26OCT042300-00,0.0110,521.92,yes
2026-10-05T02:58:02.111206Z,KXBTC15M-26OCT042300-00,0.0100,21.00,yes
2026-10-05T02:58:02.111206Z,KXBTC15M-26OCT042300-00,0.0100,200.00,yes
2026-10-05T02:58:02.111206Z,KXBTC15M-26OCT042300-00,0.0100,15.00,yes
2026-10-05T02:58:02.111206Z,KXBTC15M-26OCT042300-00,0.0100,102.00,yes
2026-10-05T02:58:02.111206Z,KXBTC15M-26OCT042300-00,0.0100,42.00,yes
2026-10-05T02:58:02.111206Z,KXBTC15M-26OCT042300-00,0.0100,16.31,yes
2026-10-05T02:58:02.133135Z,KXBTC15M-26OCT042300-00,0.0100,6.47,yes
2026-10-05T02:58:02.262248Z,KXBTC15M-26OCT042300-00,0.0090,0.01,no
2026-10-05T02:58:02.262248Z,KXBTC15M-26OCT042300-00,0.0090,0.01,no
2026-10-05T02:58:02.262248Z,KXBTC15M-26OCT042300-00,0.0090,40.68,no
2026-10-05T02:58:02.324587Z,KXBTC15M-26OCT042300-00,0.0090,6.35,no
2026-10-05T02:58:02.336011Z,KXBTC15M-26OCT042300-00,0.0090,100.00,no
2026-10-05T02:58:02.336011Z,KXBTC15M-26OCT042300-00,0.0090,0.01,no
2026-10-05T02:58:02.336011Z,KXBTC15M-26OCT042300-00,0.0090,0.01,no
2026-10-05T02:58:02.336011Z,KXBTC15M-26OCT042300-00,0.0080,15.00,no
2026-10-05T02:58:02.336011Z,KXBTC15M-26OCT042300-00,0.0090,1.00,no
2026-10-05T02:58:02.336011Z,KXBTC15M-26OCT042300-00,0.0090,77.25,no
2026-10-05T02:58:02.336011Z,KXBTC15M-26OCT042300-00,0.0080,1.00,no
2026-10-05T02:58:02.336011Z,KXBTC15M-26OCT042300-00,0.0090,400.00,no
2026-10-05T02:58:02.336011Z,KXBTC15M-26OCT042300-00,0.0070,107.00,no
2026-10-05T02:58:02.336011Z,KXBTC15M-26OCT042300-00,0.0080,124.28,no
2026-10-05T02:58:02.336011Z,KXBTC15M-26OCT042300-00,0.0070,15.00,no
2026-10-05T02:58:02.336011Z,KXBTC15M-26OCT042300-00,0.0070,44.00,no
2026-10-05T02:58:02.336011Z,KXBTC15M-26OCT042300-00,0.0070,15.00,no
2026-10-05T02:58:02.336011Z,KXBTC15M-26OCT042300-00,0.0070,15.00,no
2026-10-05T02:58:02.336011Z,KXBTC15M-26OCT042300-00,0.0070,15.00,no
2026-10-05T02:58:02.336011Z,KXBTC15M-26OCT042300-00,0.0080,17.00,no
2026-10-05T02:58:02.336011Z,KXBTC15M-26OCT042300-00,0.0070,15.00,no
2026-10-05T02:58:02.336011Z,KXBTC15M-26OCT042300-00,0.0070,15.00,no
2026-10-05T02:58:02.336011Z,KXBTC15M-26OCT042300-00,0.0070,15.00,no
2026-10-05T02:58:02.336011Z,KXBTC15M-26OCT042300-00,0.0070,15.00,no
2026-10-05T02:58:02.33682Z,KXBTC15M-26OCT042300-00,0.0100,104.45,yes
2026-10-05T02:58:02.352793Z,KXBTC15M-26OCT042300-00,0.0100,11.93,yes
2026-10-05T02:58:02.527837Z,KXBTC15M-26OCT042300-00,0.0090,4.99,no
2026-10-05T02:58:02.527837Z,KXBTC15M-26OCT042300-00,0.0090,0.01,no
2026-10-05T02:58:02.694076Z,KXBTC15M-26OCT042300-00,0.0080,74.57,no
2026-10-05T02:58:02.694076Z,KXBTC15M-26OCT042300-00,0.0080,17.00,no
2026-10-05T02:58:02.694076Z,KXBTC15M-26OCT042300-00,0.0090,0.01,no
2026-10-05T02:58:02.694076Z,KXBTC15M-26OCT042300-00,0.0090,400.00,no
2026-10-05T02:58:02.694076Z,KXBTC15M-26OCT042300-00,0.0090,0.01,no
2026-10-05T02:58:02.694076Z,KXBTC15M-26OCT042300-00,0.0090,95.01,no
2026-10-05T02:58:02.694076Z,KXBTC15M-26OCT042300-00,0.0070,171.15,no
2026-10-05T02:58:02.741892Z,KXBTC15M-26OCT042300-00,0.0100,31.91,yes
2026-10-05T02:58:02.843572Z,KXBTC15M-26OCT042300-00,0.0060,1280.00,no
2026-10-05T02:58:02.843572Z,KXBTC15M-26OCT042300-00,0.0060,58.60,no
2026-10-05T02:58:02.843572Z,KXBTC15M-26OCT042300-00,0.0090,0.01,no
2026-10-05T02:58:02.843572Z,KXBTC15M-26OCT042300-00,0.0090,1.00,no
2026-10-05T02:58:02.843572Z,KXBTC15M-26OCT042300-00,0.0080,59.65,no
2026-10-05T02:58:02.843572Z,KXBTC15M-26OCT042300-00,0.0070,15.00,no
2026-10-05T02:58:02.843572Z,KXBTC15M-26OCT042300-00,0.0090,0.01,no
2026-10-05T02:58:02.843572Z,KXBTC15M-26OCT042300-00,0.0090,59.65,no
2026-10-05T02:58:02.843572Z,KXBTC15M-26OCT042300-00,0.0090,100.00,no
2026-10-05T02:58:02.843572Z,KXBTC15M-26OCT042300-00,0.0090,400.00,no
2026-10-05T02:58:02.922381Z,KXBTC15M-26OCT042300-00,0.0090,0.01,yes
2026-10-05T02:58:02.922381Z,KXBTC15M-26OCT042300-00,0.0090,0.01,yes
2026-10-05T02:58:02.922381Z,KXBTC15M-26OCT042300-00,0.0080,0.01,yes
2026-10-05T02:58:02.922381Z,KXBTC15M-26OCT042300-00,0.0080,15.00,yes
2026-10-05T02:58:02.922381Z,KXBTC15M-26OCT042300-00,0.0080,0.01,yes
2026-10-05T02:58:02.922381Z,KXBTC15M-26OCT042300-00,0.0080,58.60,yes
2026-10-05T02:58:02.940942Z,KXBTC15M-26OCT042300-00,0.0070,4.84,no
2026-10-05T02:58:02.986193Z,KXBTC15M-26OCT042300-00,0.0070,197.00,no
2026-10-05T02:58:03.011413Z,KXBTC15M-26OCT042300-00,0.0080,15.00,yes
2026-10-05T02:58:03.011413Z,KXBTC15M-26OCT042300-00,0.0080,15.00,yes
2026-10-05T02:58:03.011413Z,KXBTC15M-26OCT042300-00,0.0080,0.01,yes
2026-10-05T02:58:03.011413Z,KXBTC15M-26OCT042300-00,0.0100,6.31,yes
2026-10-05T02:58:03.011413Z,KXBTC15M-26OCT042300-00,0.0080,0.01,yes
2026-10-05T02:58:03.040009Z,KXBTC15M-26OCT042300-00,0.0090,0.01,yes
2026-10-05T02:58:03.040009Z,KXBTC15M-26OCT042300-00,0.0090,15.00,yes
2026-10-05T02:58:03.040009Z,KXBTC15M-26OCT042300-00,0.0100,125.00,yes
2026-10-05T02:58:03.040009Z,KXBTC15M-26OCT042300-00,0.0100,126.93,yes
2026-10-05T02:58:03.040009Z,KXBTC15M-26OCT042300-00,0.0100,118.63,yes
2026-10-05T02:58:03.040009Z,KXBTC15M-26OCT042300-00,0.0100,0.01,yes
2026-10-05T02:58:03.040009Z,KXBTC15M-26OCT042300-00,0.0100,32.00,yes
2026-10-05T02:58:03.040009Z,KXBTC15M-26OCT042300-00,0.0100,0.01,yes
2026-10-05T02:58:03.040009Z,KXBTC15M-26OCT042300-00,0.0100,50.00,yes
2026-10-05T02:58:03.053103Z,KXBTC15M-26OCT042300-00,0.0100,93.51,yes
2026-10-05T02:58:03.077632Z,KXBTC15M-26OCT042300-00,0.0070,4.79,no
2026-10-05T02:58:03.099563Z,KXBTC15M-26OCT042300-00,0.0080,7.26,yes
2026-10-05T02:58:03.177049Z,KXBTC15M-26OCT042300-00,0.0080,7.26,yes
2026-10-05T02:58:03.203575Z,KXBTC15M-26OCT042300-00,0.0070,204.77,no
2026-10-05T02:58:03.203575Z,KXBTC15M-26OCT042300-00,0.0070,10.21,no
2026-10-05T02:58:03.203575Z,KXBTC15M-26OCT042300-00,0.0070,0.01,no
2026-10-05T02:58:03.203575Z,KXBTC15M-26OCT042300-00,0.0070,0.01,no
2026-10-05T02:58:03.203575Z,KXBTC15M-26OCT042300-00,0.0070,100.00,no
2026-10-05T02:58:03.253864Z,KXBTC15M-26OCT042300-00,0.0080,0.48,yes
2026-10-05T02:58:03.326829Z,KXBTC15M-26OCT042300-00,0.0080,0.01,yes
2026-10-05T02:58:03.326829Z,KXBTC15M-26OCT042300-00,0.0080,0.01,yes
2026-10-05T02:58:03.366509Z,KXBTC15M-26OCT042300-00,0.0090,9.91,yes
2026-10-05T02:58:03.366509Z,KXBTC15M-26OCT042300-00,0.0080,15.00,yes
2026-10-05T02:58:03.368538Z,KXBTC15M-26OCT042300-00,0.0090,48.09,yes
2026-10-05T02:58:03.368538Z,KXBTC15M-26OCT042300-00,0.0090,144.65,yes
2026-10-05T02:58:03.411982Z,KXBTC15M-26OCT042300-00,0.0090,3.00,yes
2026-10-05T02:58:03.458812Z,KXBTC15M-26OCT042300-00,0.0090,7.26,yes
2026-10-05T02:58:03.501601Z,KXBTC15M-26OCT042300-00,0.0090,2.24,yes
2026-10-05T02:58:03.549646Z,KXBTC15M-26OCT042300-00,0.0090,18.00,yes
2026-10-05T02:58:03.549646Z,KXBTC15M-26OCT042300-00,0.0090,266.00,yes
2026-10-05T02:58:03.549646Z,KXBTC15M-26OCT042300-00,0.0090,42.85,yes
2026-10-05T02:58:03.549646Z,KXBTC15M-26OCT042300-00,0.0100,27.84,yes
2026-10-05T02:58:03.549646Z,KXBTC15M-26OCT042300-00,0.0100,144.49,yes
2026-10-05T02:58:03.702785Z,KXBTC15M-26OCT042300-00,0.0090,54.64,no
2026-10-05T02:58:04.022967Z,KXBTC15M-26OCT042300-00,0.0090,9.42,no
2026-10-05T02:58:04.051784Z,KXBTC15M-26OCT042300-00,0.0100,93.51,yes
2026-10-05T02:58:04.05278Z,KXBTC15M-26OCT042300-00,0.0090,39.67,no
2026-10-05T02:58:04.053372Z,KXBTC15M-26OCT042300-00,0.0090,20.00,no
2026-10-05T02:58:04.061617Z,KXBTC15M-26OCT042300-00,0.0090,125.80,no
2026-10-05T02:58:04.079437Z,KXBTC15M-26OCT042300-00,0.0080,9.85,no
2026-10-05T02:58:04.079437Z,KXBTC15M-26OCT042300-00,0.0090,0.01,no
2026-10-05T02:58:04.079437Z,KXBTC15M-26OCT042300-00,0.0090,0.01,no
2026-10-05T02:58:04.148509Z,KXBTC15M-26OCT042300-00,0.0100,93.51,yes
2026-10-05T02:58:04.264189Z,KXBTC15M-26OCT042300-00,0.0100,34.34,yes
2026-10-05T02:58:04.30074Z,KXBTC15M-26OCT042300-00,0.0100,1.16,yes
2026-10-05T02:58:04.300865Z,KXBTC15M-26OCT042300-00,0.0100,93.51,yes
2026-10-05T02:58:04.318241Z,KXBTC15M-26OCT042300-00,0.0080,39.22,no
2026-10-05T02:58:04.318241Z,KXBTC15M-26OCT042300-00,0.0090,0.01,no
2026-10-05T02:58:04.318241Z,KXBTC15M-26OCT042300-00,0.0090,0.01,no
2026-10-05T02:58:04.388351Z,KXBTC15M-26OCT042300-00,0.0100,0.53,yes
2026-10-05T02:58:04.401836Z,KXBTC15M-26OCT042300-00,0.0080,626.64,no
2026-10-05T02:58:04.401836Z,KXBTC15M-26OCT042300-00,0.0090,0.01,no
2026-10-05T02:58:04.401836Z,KXBTC15M-26OCT042300-00,0.0090,0.01,no
2026-10-05T02:58:04.419573Z,KXBTC15M-26OCT042300-00,0.0070,6.25,no
2026-10-05T02:58:04.419573Z,KXBTC15M-26OCT042300-00,0.0070,15.00,no
2026-10-05T02:58:04.419573Z,KXBTC15M-26OCT042300-00,0.0070,15.00,no
2026-10-05T02:58:04.419573Z,KXBTC15M-26OCT042300-00,0.0090,0.01,no
2026-10-05T02:58:04.419573Z,KXBTC15M-26OCT042300-00,0.0080,0.01,no
2026-10-05T02:58:04.419573Z,KXBTC15M-26OCT042300-00,0.0090,0.01,no
2026-10-05T02:58:04.459722Z,KXBTC15M-26OCT042300-00,0.0080,272.10,no
2026-10-05T02:58:04.459722Z,KXBTC15M-26OCT042300-00,0.0080,0.01,no
2026-10-05T02:58:04.459722Z,KXBTC15M-26OCT042300-00,0.0080,0.01,no
2026-10-05T02:58:04.525336Z,KXBTC15M-26OCT042300-00,0.0080,20.39,no
2026-10-05T02:58:04.525336Z,KXBTC15M-26OCT042300-00,0.0080,0.01,no
2026-10-05T02:58:04.525336Z,KXBTC15M-26OCT042300-00,0.0080,0.01,no
2026-10-05T02:58:04.566396Z,KXBTC15M-26OCT042300-00,0.0100,3.00,yes
2026-10-05T02:58:04.606844Z,KXBTC15M-26OCT042300-00,0.0080,251.87,no
2026-10-05T02:58:04.607814Z,KXBTC15M-26OCT042300-00,0.0100,467.59,yes
2026-10-05T02:58:04.666356Z,KXBTC15M-26OCT042300-00,0.0080,62.79,no
2026-10-05T02:58:04.718442Z,KXBTC15M-26OCT042300-00,0.0100,119.70,yes
2026-10-05T02:58:04.724621Z,KXBTC15M-26OCT042300-00,0.0080,11.53,no
2026-10-05T02:58:04.724621Z,KXBTC15M-26OCT042300-00,0.0080,0.01,no
2026-10-05T02:58:04.724621Z,KXBTC15M-26OCT042300-00,0.0080,0.01,no
2026-10-05T02:58:04.724621Z,KXBTC15M-26OCT042300-00,0.0080,64.95,no
2026-10-05T02:58:04.727671Z,KXBTC15M-26OCT042300-00,0.0080,69.83,no
2026-10-05T02:58:04.727671Z,KXBTC15M-26OCT042300-00,0.0080,51.00,no
2026-10-05T02:58:04.743897Z,KXBTC15M-26OCT042300-00,0.0060,546.23,no
2026-10-05T02:58:04.743897Z,KXBTC15M-26OCT042300-00,0.0070,8.75,no
2026-10-05T02:58:04.743897Z,KXBTC15M-26OCT042300-00,0.0070,15.00,no
2026-10-05T02:58:04.743897Z,KXBTC15M-26OCT042300-00,0.0070,15.00,no
2026-10-05T02:58:04.743897Z,KXBTC15M-26OCT042300-00,0.0070,15.00,no
2026-10-05T02:58:04.743897Z,KXBTC15M-26OCT042300-00,0.0080,400.00,no
2026-10-05T02:58:04.743897Z,KXBTC15M-26OCT042300-00,0.0080,0.01,no
2026-10-05T02:58:04.743897Z,KXBTC15M-26OCT042300-00,0.0080,0.01,no
2026-10-05T02:58:04.787972Z,KXBTC15M-26OCT042300-00,0.0080,12.56,no
2026-10-05T02:58:04.787972Z,KXBTC15M-26OCT042300-00,0.0080,0.01,no
2026-10-05T02:58:04.787972Z,KXBTC15M-26OCT042300-00,0.0080,0.01,no
2026-10-05T02:58:04.794758Z,KXBTC15M-26OCT042300-00,0.0080,2.01,no
2026-10-05T02:58:04.829513Z,KXBTC15M-26OCT042300-00,0.0080,15.00,no
2026-10-05T02:58:04.829513Z,KXBTC15M-26OCT042300-00,0.0080,0.01,no
2026-10-05T02:58:04.829513Z,KXBTC15M-26OCT042300-00,0.0080,0.01,no
2026-10-05T02:58:04.829513Z,KXBTC15M-26OCT042300-00,0.0080,1.98,no
2026-10-05T02:58:04.97579Z,KXBTC15M-26OCT042300-00,0.0090,0.10,yes
2026-10-05T02:58:05.092958Z,KXBTC15M-26OCT042300-00,0.0080,210.05,no
2026-10-05T02:58:05.123104Z,KXBTC15M-26OCT042300-00,0.0090,0.01,yes
2026-10-05T02:58:05.123104Z,KXBTC15M-26OCT042300-00,0.0090,0.01,yes
2026-10-05T02:58:05.123104Z,KXBTC15M-26OCT042300-00,0.0090,14.90,yes
2026-10-05T02:58:05.123104Z,KXBTC15M-26OCT042300-00,0.0090,51.13,yes
2026-10-05T02:58:05.141708Z,KXBTC15M-26OCT042300-00,0.0090,93.51,yes
2026-10-05T02:58:05.186363Z,KXBTC15M-26OCT042300-00,0.0080,16.70,no
2026-10-05T02:58:05.191022Z,KXBTC15M-26OCT042300-00,0.0080,164.25,no
2026-10-05T02:58:05.201929Z,KXBTC15M-26OCT042300-00,0.0100,74.13,yes
2026-10-05T02:58:05.201929Z,KXBTC15M-26OCT042300-00,0.0090,0.01,yes
2026-10-05T02:58:05.201929Z,KXBTC15M-26OCT042300-00,0.0090,0.01,yes
2026-10-05T02:58:05.201929Z,KXBTC15M-26OCT042300-00,0.0090,401.59,yes
2026-10-05T02:58:05.201929Z,KXBTC15M-26OCT042300-00,0.0090,15.00,yes
2026-10-05T02:58:05.201929Z,KXBTC15M-26OCT042300-00,0.0090,15.00,yes
2026-10-05T02:58:05.2305Z,KXBTC15M-26OCT042300-00,0.0080,53.43,no
2026-10-05T02:58:05.2305Z,KXBTC15M-26OCT042300-00,0.0080,7.02,no
2026-10-05T02:58:05.256378Z,KXBTC15M-26OCT042300-00,0.0080,446.57,no
2026-10-05T02:58:05.256378Z,KXBTC15M-26OCT042300-00,0.0080,0.01,no
2026-10-05T02:58:05.256378Z,KXBTC15M-26OCT042300-00,0.0080,0.01,no
2026-10-05T02:58:05.256378Z,KXBTC15M-26OCT042300-00,0.0080,5.51,no
2026-10-05T02:58:05.259941Z,KXBTC15M-26OCT042300-00,0.0100,5.00,yes
2026-10-05T02:58:05.262387Z,KXBTC15M-26OCT042300-00,0.0100,3.00,yes
2026-10-05T02:58:05.262387Z,KXBTC15M-26OCT042300-00,0.0100,15.00,yes
2026-10-05T02:58:05.262387Z,KXBTC15M-26OCT042300-00,0.0100,50.00,yes
2026-10-05T02:58:05.262387Z,KXBTC15M-26OCT042300-00,0.0100,5.00,yes
2026-10-05T02:58:05.262387Z,KXBTC15M-26OCT042300-00,0.0100,294.02,yes
2026-10-05T02:58:05.262387Z,KXBTC15M-26OCT042300-00,0.0100,2.96,yes
2026-10-05T02:58:05.351062Z,KXBTC15M-26OCT042300-00,0.0100,0.01,yes
2026-10-05T02:58:05.351062Z,KXBTC15M-26OCT042300-00,0.0100,0.01,yes
2026-10-05T02:58:05.351062Z,KXBTC15M-26OCT042300-00,0.0100,11.10,yes
2026-10-05T02:58:05.366358Z,KXBTC15M-26OCT042300-00,0.0080,22.91,no
2026-10-05T02:58:05.486056Z,KXBTC15M-26OCT042300-00,0.0060,332.32,no
2026-10-05T02:58:05.486056Z,KXBTC15M-26OCT042300-00,0.0080,500.00,no
2026-10-05T02:58:05.486056Z,KXBTC15M-26OCT042300-00,0.0080,15.00,no
2026-10-05T02:58:05.486056Z,KXBTC15M-26OCT042300-00,0.0080,15.00,no
2026-10-05T02:58:05.486056Z,KXBTC15M-26OCT042300-00,0.0080,400.00,no
2026-10-05T02:58:05.486056Z,KXBTC15M-26OCT042300-00,0.0080,15.00,no
2026-10-05T02:58:05.486056Z,KXBTC15M-26OCT042300-00,0.0080,0.01,no
2026-10-05T02:58:05.486056Z,KXBTC15M-26OCT042300-00,0.0080,0.01,no
2026-10-05T02:58:05.486056Z,KXBTC15M-26OCT042300-00,0.0080,100.00,no
2026-10-05T02:58:05.486056Z,KXBTC15M-26OCT042300-00,0.0070,65.09,no
2026-10-05T02:58:05.486056Z,KXBTC15M-26OCT042300-00,0.0070,15.00,no
2026-10-05T02:58:05.486056Z,KXBTC15M-26OCT042300-00,0.0080,65.09,no
2026-10-05T02:58:05.486056Z,KXBTC15M-26OCT042300-00,0.0080,471.58,no
2026-10-05T02:58:05.588975Z,KXBTC15M-26OCT042300-00,0.0090,10.39,yes
2026-10-05T02:58:05.608953Z,KXBTC15M-26OCT042300-00,0.0090,0.01,yes
2026-10-05T02:58:05.608953Z,KXBTC15M-26OCT042300-00,0.0090,4.61,yes
2026-10-05T02:58:05.608953Z,KXBTC15M-26OCT042300-00,0.0090,0.01,yes
2026-10-05T02:58:05.608953Z,KXBTC15M-26OCT042300-00,0.0090,97.20,yes
2026-10-05T02:58:05.627801Z,KXBTC15M-26OCT042300-00,0.0080,0.01,no
2026-10-05T02:58:05.627801Z,KXBTC15M-26OCT042300-00,0.0080,17.03,no
2026-10-05T02:58:05.627801Z,KXBTC15M-26OCT042300-00,0.0080,0.01,no
2026-10-05T02:58:05.710072Z,KXBTC15M-26OCT042300-00,0.0090,46.75,yes
2026-10-05T02:58:05.710794Z,KXBTC15M-26OCT042300-00,0.0090,101.83,yes
2026-10-05T02:58:05.762538Z,KXBTC15M-26OCT042300-00,0.0080,210.00,no
2026-10-05T02:58:05.781271Z,KXBTC15M-26OCT042300-00,0.0110,46.57,yes
2026-10-05T02:58:05.781271Z,KXBTC15M-26OCT042300-00,0.0090,86.54,yes
2026-10-05T02:58:05.781271Z,KXBTC15M-26OCT042300-00,0.0100,38.90,yes
2026-10-05T02:58:05.781271Z,KXBTC15M-26OCT042300-00,0.0090,15.00,yes
2026-10-05T02:58:05.781271Z,KXBTC15M-26OCT042300-00,0.0090,0.01,yes
2026-10-05T02:58:05.781271Z,KXBTC15M-26OCT042300-00,0.0090,0.01,yes
2026-10-05T02:58:05.860809Z,KXBTC15M-26OCT042300-00,0.0080,39.64,no
2026-10-05T02:58:05.860809Z,KXBTC15M-26OCT042300-00,0.0080,64.77,no
2026-10-05T02:58:05.860809Z,KXBTC15M-26OCT042300-00,0.0080,0.01,no
2026-10-05T02:58:05.860809Z,KXBTC15M-26OCT042300-00,0.0080,15.00,no
2026-10-05T02:58:05.860809Z,KXBTC15M-26OCT042300-00,0.0080,15.00,no
2026-10-05T02:58:05.860809Z,KXBTC15M-26OCT042300-00,0.0080,15.00,no
2026-10-05T02:58:05.860809Z,KXBTC15M-26OCT042300-00,0.0080,172.97,no
2026-10-05T02:58:05.860809Z,KXBTC15M-26OCT042300-00,0.0080,0.01,no
2026-10-05T02:58:05.888238Z,KXBTC15M-26OCT042300-00,0.0080,23.02,no
2026-10-05T02:58:05.950335Z,KXBTC15M-26OCT042300-00,0.0090,5.65,yes
2026-10-05T02:58:05.950335Z,KXBTC15M-26OCT042300-00,0.0090,15.00,yes
2026-10-05T02:58:05.950335Z,KXBTC15M-26OCT042300-00,0.0090,0.01,yes
2026-10-05T02:58:05.950335Z,KXBTC15M-26OCT042300-00,0.0090,0.01,yes
2026-10-05T02:58:05.973715Z,KXBTC15M-26OCT042300-00,0.0090,9.35,yes
2026-10-05T02:58:05.973715Z,KXBTC15M-26OCT042300-00,0.0090,7.54,yes
2026-10-05T02:58:06.006067Z,KXBTC15M-26OCT042300-00,0.0090,5.00,yes
2026-10-05T02:58:06.061019Z,KXBTC15M-26OCT042300-00,0.0080,50.00,no
2026-10-05T02:58:06.06135Z,KXBTC15M-26OCT042300-00,0.0080,13.45,no
2026-10-05T02:58:06.103413Z,KXBTC15M-26OCT042300-00,0.0080,1.00,no
2026-10-05T02:58:06.202795Z,KXBTC15M-26OCT042300-00,0.0090,2.52,yes
2026-10-05T02:58:06.202795Z,KXBTC15M-26OCT042300-00,0.0090,2.46,yes
2026-10-05T02:58:06.202795Z,KXBTC15M-26OCT042300-00,0.0090,0.01,yes
2026-10-05T02:58:06.202795Z,KXBTC15M-26OCT042300-00,0.0090,0.01,yes
2026-10-05T02:58:06.227116Z,KXBTC15M-26OCT042300-00,0.0080,201.50,no
2026-10-05T02:58:06.236088Z,KXBTC15M-26OCT042300-00,0.0080,0.10,no
2026-10-05T02:58:06.282854Z,KXBTC15M-26OCT042300-00,0.0080,30.09,no
2026-10-05T02:58:06.335815Z,KXBTC15M-26OCT042300-00,0.0080,26.19,no
2026-10-05T02:58:06.460981Z,KXBTC15M-26OCT042300-00,0.0090,0.01,yes
2026-10-05T02:58:06.460981Z,KXBTC15M-26OCT042300-00,0.0100,28.38,yes
2026-10-05T02:58:06.460981Z,KXBTC15M-26OCT042300-00,0.0090,0.01,yes
2026-10-05T02:58:06.460981Z,KXBTC15M-26OCT042300-00,0.0090,1.00,yes
2026-10-05T02:58:06.460981Z,KXBTC15M-26OCT042300-00,0.0100,1.00,yes
2026-10-05T02:58:06.460981Z,KXBTC15M-26OCT042300-00,0.0100,50.00,yes
2026-10-05T02:58:06.460981Z,KXBTC15M-26OCT042300-00,0.0090,12.48,yes
2026-10-05T02:58:06.575563Z,KXBTC15M-26OCT042300-00,0.0090,0.01,yes
2026-10-05T02:58:06.575563Z,KXBTC15M-26OCT042300-00,0.0090,15.00,yes
2026-10-05T02:58:06.575563Z,KXBTC15M-26OCT042300-00,0.0090,0.01,yes
2026-10-05T02:58:06.575563Z,KXBTC15M-26OCT042300-00,0.0110,80.28,yes
2026-10-05T02:58:06.575563Z,KXBTC15M-26OCT042300-00,0.0100,200.00,yes
2026-10-05T02:58:06.575563Z,KXBTC15M-26OCT042300-00,0.0100,50.00,yes
2026-10-05T02:58:06.575563Z,KXBTC15M-26OCT042300-00,0.0110,15.00,yes
2026-10-05T02:58:06.575563Z,KXBTC15M-26OCT042300-00,0.0110,64.86,yes
2026-10-05T02:58:06.611193Z,KXBTC15M-26OCT042300-00,0.0080,0.01,no
2026-10-05T02:58:06.611193Z,KXBTC15M-26OCT042300-00,0.0080,5.17,no
2026-10-05T02:58:06.611193Z,KXBTC15M-26OCT042300-00,0.0080,0.01,no
2026-10-05T02:58:06.619217Z,KXBTC15M-26OCT042300-00,0.0070,37.39,no
2026-10-05T02:58:06.619217Z,KXBTC15M-26OCT042300-00,0.0080,15.00,no
2026-10-05T02:58:06.619217Z,KXBTC15M-26OCT042300-00,0.0080,15.00,no
2026-10-05T02:58:06.619217Z,KXBTC15M-26OCT042300-00,0.0070,15.00,no
2026-10-05T02:58:06.619217Z,KXBTC15M-26OCT042300-00,0.0080,15.00,no
2026-10-05T02:58:06.619217Z,KXBTC15M-26OCT042300-00,0.0070,375.85,no
2026-10-05T02:58:06.619217Z,KXBTC15M-26OCT042300-00,0.0080,15.00,no
2026-10-05T02:58:06.619217Z,KXBTC15M-26OCT042300-00,0.0080,9.83,no
2026-10-05T02:58:06.628448Z,KXBTC15M-26OCT042300-00,0.0080,3.40,no
2026-10-05T02:58:06.641196Z,KXBTC15M-26OCT042300-00,0.0100,18.04,yes
2026-10-05T02:58:06.641196Z,KXBTC15M-26OCT042300-00,0.0100,50.00,yes
2026-10-05T02:58:06.641196Z,KXBTC15M-26OCT042300-00,0.0090,0.01,yes
2026-10-05T02:58:06.641196Z,KXBTC15M-26OCT042300-00,0.0090,0.01,yes
2026-10-05T02:58:06.641196Z,KXBTC15M-26OCT042300-00,0.0090,15.00,yes
2026-10-05T02:58:06.641196Z,KXBTC15M-26OCT042300-00,0.0100,0.01,yes
2026-10-05T02:58:06.641196Z,KXBTC15M-26OCT042300-00,0.0100,0.01,yes
2026-10-05T02:58:06.675516Z,KXBTC15M-26OCT042300-00,0.0090,3.04,yes
2026-10-05T02:58:06.87447Z,KXBTC15M-26OCT042300-00,0.0090,2.02,yes
2026-10-05T02:58:06.942354Z,KXBTC15M-26OCT042300-00,0.0080,0.01,no
2026-10-05T02:58:06.942354Z,KXBTC15M-26OCT042300-00,0.0080,17.00,no
2026-10-05T02:58:06.942354Z,KXBTC15M-26OCT042300-00,0.0080,123.79,no
2026-10-05T02:58:06.942354Z,KXBTC15M-26OCT042300-00,0.0080,0.01,no
2026-10-05T02:58:06.986247Z,KXBTC15M-26OCT042300-00,0.0100,25.00,yes
2026-10-05T02:58:06.986247Z,KXBTC15M-26OCT042300-00,0.0100,50.00,yes
2026-10-05T02:58:06.986247Z,KXBTC15M-26OCT042300-00,0.0090,0.01,yes
2026-10-05T02:58:06.986247Z,KXBTC15M-26OCT042300-00,0.0090,15.00,yes
2026-10-05T02:58:06.986247Z,KXBTC15M-26OCT042300-00,0.0110,6.78,yes
2026-10-05T02:58:06.986247Z,KXBTC15M-26OCT042300-00,0.0090,9.94,yes
2026-10-05T02:58:06.986247Z,KXBTC15M-26OCT042300-00,0.0090,0.01,yes
2026-10-05T02:58:07.026841Z,KXBTC15M-26OCT042300-00,0.0090,0.01,yes
2026-10-05T02:58:07.026841Z,KXBTC15M-26OCT042300-00,0.0090,0.01,yes
2026-10-05T02:58:07.032078Z,KXBTC15M-26OCT042300-00,0.0080,2.04,no
2026-10-05T02:58:07.036823Z,KXBTC15M-26OCT042300-00,0.0080,0.10,no
2026-10-05T02:58:07.053443Z,KXBTC15M-26OCT042300-00,0.0080,10.07,no
2026-10-05T02:58:07.08669Z,KXBTC15M-26OCT042300-00,0.0090,1.02,yes
2026-10-05T02:58:07.130054Z,KXBTC15M-26OCT042300-00,0.0080,70.47,no
2026-10-05T02:58:07.14073Z,KXBTC15M-26OCT042300-00,0.0090,10.39,yes
2026-10-05T02:58:07.16685Z,KXBTC15M-26OCT042300-00,0.0060,1280.00,no
2026-10-05T02:58:07.16685Z,KXBTC15M-26OCT042300-00,0.0050,1024.00,no
2026-10-05T02:58:07.16685Z,KXBTC15M-26OCT042300-00,0.0050,2000.00,no
2026-10-05T02:58:07.16685Z,KXBTC15M-26OCT042300-00,0.0060,1230.00,no
2026-10-05T02:58:07.16685Z,KXBTC15M-26OCT042300-00,0.0050,2000.00,no
2026-10-05T02:58:07.16685Z,KXBTC15M-26OCT042300-00,0.0060,342.85,no
2026-10-05T02:58:07.16685Z,KXBTC15M-26OCT042300-00,0.0050,2000.00,no
2026-10-05T02:58:07.16685Z,KXBTC15M-26OCT042300-00,0.0050,2000.00,no
2026-10-05T02:58:07.16685Z,KXBTC15M-26OCT042300-00,0.0060,50.00,no
2026-10-05T02:58:07.16685Z,KXBTC15M-26OCT042300-00,0.0050,120.00,no
2026-10-05T02:58:07.16685Z,KXBTC15M-26OCT042300-00,0.0060,120.00,no
2026-10-05T02:58:07.16685Z,KXBTC15M-26OCT042300-00,0.0050,11.00,no
2026-10-05T02:58:07.16685Z,KXBTC15M-26OCT042300-00,0.0050,50.00,no
2026-10-05T02:58:07.16685Z,KXBTC15M-26OCT042300-00,0.0050,90.00,no
2026-10-05T02:58:07.16685Z,KXBTC15M-26OCT042300-00,0.0050,100.00,no
2026-10-05T02:58:07.16685Z,KXBTC15M-26OCT042300-00,0.0050,300.00,no
2026-10-05T02:58:07.16685Z,KXBTC15M-26OCT042300-00,0.0050,180.00,no
2026-10-05T02:58:07.16685Z,KXBTC15M-26OCT042300-00,0.0050,270.00,no
2026-10-05T02:58:07.16685Z,KXBTC15M-26OCT042300-00,0.0050,50.00,no
2026-10-05T02:58:07.16685Z,KXBTC15M-26OCT042300-00,0.0050,100.00,no
2026-10-05T02:58:07.16685Z,KXBTC15M-26OCT042300-00,0.0050,90.00,no
2026-10-05T02:58:07.16685Z,KXBTC15M-26OCT042300-00,0.0050,50.00,no
2026-10-05T02:58:07.16685Z,KXBTC15M-26OCT042300-00,0.0050,150.00,no
2026-10-05T02:58:07.16685Z,KXBTC15M-26OCT042300-00,0.0050,150.00,no
2026-10-05T02:58:07.16685Z,KXBTC15M-26OCT042300-00,0.0050,50.00,no
2026-10-05T02:58:07.16685Z,KXBTC15M-26OCT042300-00,0.0050,180.00,no
2026-10-05T02:58:07.16685Z,KXBTC15M-26OCT042300-00,0.0060,2.00,no
2026-10-05T02:58:07.16685Z,KXBTC15M-26OCT042300-00,0.0060,2.00,no
2026-10-05T02:58:07.16685Z,KXBTC15M-26OCT042300-00,0.0080,89.58,no
2026-10-05T02:58:07.16685Z,KXBTC15M-26OCT042300-00,0.0070,89.58,no
2026-10-05T02:58:07.16685Z,KXBTC15M-26OCT042300-00,0.0080,15.00,no
2026-10-05T02:58:07.16685Z,KXBTC15M-26OCT042300-00,0.0080,15.00,no
2026-10-05T02:58:07.16685Z,KXBTC15M-26OCT042300-00,0.0080,500.00,no
2026-10-05T02:58:07.16685Z,KXBTC15M-26OCT042300-00,0.0080,193.53,no
2026-10-05T02:58:07.16685Z,KXBTC15M-26OCT042300-00,0.0080,0.01,no
2026-10-05T02:58:07.16685Z,KXBTC15M-26OCT042300-00,0.0070,15.00,no
2026-10-05T02:58:07.16685Z,KXBTC15M-26OCT042300-00,0.0080,15.00,no
2026-10-05T02:58:07.16685Z,KXBTC15M-26OCT042300-00,0.0080,0.01,no
2026-10-05T02:58:07.16685Z,KXBTC15M-26OCT042300-00,0.0080,500.00,no
2026-10-05T02:58:07.16685Z,KXBTC15M-26OCT042300-00,0.0060,915.00,no
2026-10-05T02:58:07.16685Z,KXBTC15M-26OCT042300-00,0.0050,50.00,no
2026-10-05T02:58:07.16685Z,KXBTC15M-26OCT042300-00,0.0050,100.00,no
2026-10-05T02:58:07.16685Z,KXBTC15M-26OCT042300-00,0.0050,50.00,no
2026-10-05T02:58:07.16685Z,KXBTC15M-26OCT042300-00,0.0050,50.00,no
2026-10-05T02:58:07.16685Z,KXBTC15M-26OCT042300-00,0.0050,90.00,no
2026-10-05T02:58:07.16685Z,KXBTC15M-26OCT042300-00,0.0050,56.78,no
2026-10-05T02:58:07.230045Z,KXBTC15M-26OCT042300-00,0.0060,0.01,no
2026-10-05T02:58:07.230045Z,KXBTC15M-26OCT042300-00,0.0070,0.01,no
2026-10-05T02:58:07.230045Z,KXBTC15M-26OCT042300-00,0.0060,0.01,no
2026-10-05T02:58:07.230045Z,KXBTC15M-26OCT042300-00,0.0060,20.00,no
2026-10-05T02:58:07.230045Z,KXBTC15M-26OCT042300-00,0.0070,0.01,no
2026-10-05T02:58:07.230045Z,KXBTC15M-26OCT042300-00,0.0060,53.74,no
2026-10-05T02:58:07.2384Z,KXBTC15M-26OCT042300-00,0.0060,571.00,yes
2026-10-05T02:58:07.351517Z,KXBTC15M-26OCT042300-00,0.0060,93.98,yes
2026-10-05T02:58:07.398186Z,KXBTC15M-26OCT042300-00,0.0050,2.20,no
2026-10-05T02:58:07.40003Z,KXBTC15M-26OCT042300-00,0.0060,195.00,yes
2026-10-05T02:58:07.405167Z,KXBTC15M-26OCT042300-00,0.0050,3.94,no
2026-10-05T02:58:07.410221Z,KXBTC15M-26OCT042300-00,0.0060,963.00,yes
2026-10-05T02:58:07.434508Z,KXBTC15M-26OCT042300-00,0.0060,92.81,yes
2026-10-05T02:58:07.435037Z,KXBTC15M-26OCT042300-00,0.0050,50.00,no
2026-10-05T02:58:07.435037Z,KXBTC15M-26OCT042300-00,0.0050,50.00,no
2026-10-05T02:58:07.435037Z,KXBTC15M-26OCT042300-00,0.0050,90.00,no
2026-10-05T02:58:07.435037Z,KXBTC15M-26OCT042300-00,0.0050,48.45,no
2026-10-05T02:58:07.435037Z,KXBTC15M-26OCT042300-00,0.0050,90.00,no
2026-10-05T02:58:07.435037Z,KXBTC15M-26OCT042300-00,0.0050,37.08,no
2026-10-05T02:58:07.440358Z,KXBTC15M-26OCT042300-00,0.0050,1.00,no
2026-10-05T02:58:07.465836Z,KXBTC15M-26OCT042300-00,0.0050,26.44,no
2026-10-05T02:58:07.489531Z,KXBTC15M-26OCT042300-00,0.0050,50.00,no
2026-10-05T02:58:07.489531Z,KXBTC15M-26OCT042300-00,0.0050,24.11,no
2026-10-05T02:58:07.489531Z,KXBTC15M-26OCT042300-00,0.0050,4.87,no
2026-10-05T02:58:07.555328Z,KXBTC15M-26OCT042300-00,0.0050,5.02,no
2026-10-05T02:58:07.582303Z,KXBTC15M-26OCT042300-00,0.0060,119.55,yes
2026-10-05T02:58:07.582303Z,KXBTC15M-26OCT042300-00,0.0060,0.01,yes
2026-10-05T02:58:07.582303Z,KXBTC15M-26OCT042300-00,0.0060,15.00,yes
2026-10-05T02:58:07.582303Z,KXBTC15M-26OCT042300-00,0.0060,10.43,yes
2026-10-05T02:58:07.582303Z,KXBTC15M-26OCT042300-00,0.0060,0.01,yes
2026-10-05T02:58:07.611394Z,KXBTC15M-26OCT042300-00,0.0060,15.00,yes
2026-10-05T02:58:07.611394Z,KXBTC15M-26OCT042300-00,0.0060,0.01,yes
2026-10-05T02:58:07.611394Z,KXBTC15M-26OCT042300-00,0.0060,15.00,yes
2026-10-05T02:58:07.611394Z,KXBTC15M-26OCT042300-00,0.0060,0.45,yes
2026-10-05T02:58:07.611394Z,KXBTC15M-26OCT042300-00,0.0070,17.63,yes
2026-10-05T02:58:07.611394Z,KXBTC15M-26OCT042300-00,0.0060,0.01,yes
2026-10-05T02:58:07.621031Z,KXBTC15M-26OCT042300-00,0.0060,18.00,yes
2026-10-05T02:58:07.621031Z,KXBTC15M-26OCT042300-00,0.0070,458.00,yes
2026-10-05T02:58:07.624526Z,KXBTC15M-26OCT042300-00,0.0070,15.00,yes
2026-10-05T02:58:07.628739Z,KXBTC15M-26OCT042300-00,0.0050,9.98,no
2026-10-05T02:58:07.703936Z,KXBTC15M-26OCT042300-00,0.0050,26.00,no
2026-10-05T02:58:07.728311Z,KXBTC15M-26OCT042300-00,0.0050,12.05,no
2026-10-05T02:58:07.736961Z,KXBTC15M-26OCT042300-00,0.0060,0.01,yes
2026-10-05T02:58:07.736961Z,KXBTC15M-26OCT042300-00,0.0060,14.98,yes
2026-10-05T02:58:07.736961Z,KXBTC15M-26OCT042300-00,0.0060,0.01,yes
2026-10-05T02:58:07.859252Z,KXBTC15M-26OCT042300-00,0.0060,0.01,yes
2026-10-05T02:58:07.859252Z,KXBTC15M-26OCT042300-00,0.0060,0.02,yes
2026-10-05T02:58:07.859252Z,KXBTC15M-26OCT042300-00,0.0070,67.37,yes
2026-10-05T02:58:07.859252Z,KXBTC15M-26OCT042300-00,0.0060,0.01,yes
2026-10-05T02:58:07.859252Z,KXBTC15M-26OCT042300-00,0.0070,119.59,yes
2026-10-05T02:58:07.873101Z,KXBTC15M-26OCT042300-00,0.0080,6.00,yes
2026-10-05T02:58:07.873101Z,KXBTC15M-26OCT042300-00,0.0070,0.41,yes
2026-10-05T02:58:07.873101Z,KXBTC15M-26OCT042300-00,0.0070,0.01,yes
2026-10-05T02:58:07.873101Z,KXBTC15M-26OCT042300-00,0.0070,0.01,yes
2026-10-05T02:58:07.873101Z,KXBTC15M-26OCT042300-00,0.0080,15.89,yes
2026-10-05T02:58:07.920648Z,KXBTC15M-26OCT042300-00,0.0060,1.52,yes
2026-10-05T02:58:08.02115Z,KXBTC15M-26OCT042300-00,0.0060,0.01,yes
2026-10-05T02:58:08.02115Z,KXBTC15M-26OCT042300-00,0.0060,13.48,yes
2026-10-05T02:58:08.02115Z,KXBTC15M-26OCT042300-00,0.0060,1.00,yes
2026-10-05T02:58:08.02115Z,KXBTC15M-26OCT042300-00,0.0060,0.01,yes
2026-10-05T02:58:08.064269Z,KXBTC15M-26OCT042300-00,0.0050,13.22,no
2026-10-05T02:58:08.090303Z,KXBTC15M-26OCT042300-00,0.0080,101.88,yes
2026-10-05T02:58:08.090303Z,KXBTC15M-26OCT042300-00,0.0060,15.00,yes
2026-10-05T02:58:08.153705Z,KXBTC15M-26OCT042300-00,0.0080,0.50,yes
2026-10-05T02:58:08.217975Z,KXBTC15M-26OCT042300-00,0.0080,2.00,yes
2026-10-05T02:58:08.228214Z,KXBTC15M-26OCT042300-00,0.0080,221.59,yes
2026-10-05T02:58:08.269027Z,KXBTC15M-26OCT042300-00,0.0080,12.10,yes
2026-10-05T02:58:08.281598Z,KXBTC15M-26OCT042300-00,0.0050,4.84,no
2026-10-05T02:58:08.35681Z,KXBTC15M-26OCT042300-00,0.0050,90.00,no
2026-10-05T02:58:08.35681Z,KXBTC15M-26OCT042300-00,0.0050,5.00,no
2026-10-05T02:58:08.35681Z,KXBTC15M-26OCT042300-00,0.0050,52.98,no
2026-10-05T02:58:08.35681Z,KXBTC15M-26OCT042300-00,0.0050,50.00,no
2026-10-05T02:58:08.35681Z,KXBTC15M-26OCT042300-00,0.0050,50.00,no
2026-10-05T02:58:08.35681Z,KXBTC15M-26OCT042300-00,0.0050,14.02,no
2026-10-05T02:58:08.35681Z,KXBTC15M-26OCT042300-00,0.0050,50.00,no
2026-10-05T02:58:08.35681Z,KXBTC15M-26OCT042300-00,0.0050,90.00,no
2026-10-05T02:58:08.35681Z,KXBTC15M-26OCT042300-00,0.0050,100.00,no
2026-10-05T02:58:08.395762Z,KXBTC15M-26OCT042300-00,0.0070,60.61,yes
2026-10-05T02:58:08.429246Z,KXBTC15M-26OCT042300-00,0.0070,110.75,yes
2026-10-05T02:58:08.470392Z,KXBTC15M-26OCT042300-00,0.0070,59.00,yes
2026-10-05T02:58:08.470392Z,KXBTC15M-26OCT042300-00,0.0070,158.64,yes
2026-10-05T02:58:08.600295Z,KXBTC15M-26OCT042300-00,0.0080,96.35,yes
2026-10-05T02:58:08.600295Z,KXBTC15M-26OCT042300-00,0.0070,1.00,yes
2026-10-05T02:58:08.600295Z,KXBTC15M-26OCT042300-00,0.0070,0.01,yes
2026-10-05T02:58:08.600295Z,KXBTC15M-26OCT042300-00,0.0070,15.00,yes
2026-10-05T02:58:08.698593Z,KXBTC15M-26OCT042300-00,0.0080,2.12,yes
2026-10-05T02:58:08.713372Z,KXBTC15M-26OCT042300-00,0.0080,21.57,yes
2026-10-05T02:58:08.713372Z,KXBTC15M-26OCT042300-00,0.0080,9.43,yes
2026-10-05T02:58:08.731678Z,KXBTC15M-26OCT042300-00,0.0080,1.42,yes
2026-10-05T02:58:08.86421Z,KXBTC15M-26OCT042300-00,0.0080,7.15,yes
2026-10-05T02:58:08.86421Z,KXBTC15M-26OCT042300-00,0.0080,22.87,yes
2026-10-05T02:58:08.86421Z,KXBTC15M-26OCT042300-00,0.0080,15.00,yes
2026-10-05T02:58:08.86421Z,KXBTC15M-26OCT042300-00,0.0080,200.00,yes
2026-10-05T02:58:08.86421Z,KXBTC15M-26OCT042300-00,0.0080,95.00,yes
2026-10-05T02:58:08.876152Z,KXBTC15M-26OCT042300-00,0.0090,3.59,yes
2026-10-05T02:58:08.876152Z,KXBTC15M-26OCT042300-00,0.0090,226.27,yes
2026-10-05T02:58:08.876152Z,KXBTC15M-26OCT042300-00,0.0080,98.00,yes
2026-10-05T02:58:08.876152Z,KXBTC15M-26OCT042300-00,0.0080,0.01,yes
2026-10-05T02:58:08.876152Z,KXBTC15M-26OCT042300-00,0.0080,72.13,yes
2026-10-05T02:58:08.911994Z,KXBTC15M-26OCT042300-00,0.0090,73.01,yes
2026-10-05T02:58:08.911994Z,KXBTC15M-26OCT042300-00,0.0080,17.00,yes
2026-10-05T02:58:08.970705Z,KXBTC15M-26OCT042300-00,0.0080,118.25,yes
2026-10-05T02:58:08.980063Z,KXBTC15M-26OCT042300-00,0.0070,68.00,no
2026-10-05T02:58:09.048144Z,KXBTC15M-26OCT042300-00,0.0080,6.76,yes
2026-10-05T02:58:09.064683Z,KXBTC15M-26OCT042300-00,0.0070,643.91,no
2026-10-05T02:58:09.069057Z,KXBTC15M-26OCT042300-00,0.0070,28.46,no
2026-10-05T02:58:09.069057Z,KXBTC15M-26OCT042300-00,0.0070,72.09,no
2026-10-05T02:58:09.069057Z,KXBTC15M-26OCT042300-00,0.0070,0.01,no
2026-10-05T02:58:09.137572Z,KXBTC15M-26OCT042300-00,0.0080,15.00,yes
2026-10-05T02:58:09.137572Z,KXBTC15M-26OCT042300-00,0.0080,14.00,yes
2026-10-05T02:58:09.149386Z,KXBTC15M-26OCT042300-00,0.0090,99.00,yes
2026-10-05T02:58:09.259262Z,KXBTC15M-26OCT042300-00,0.0080,0.50,no
2026-10-05T02:58:09.28639Z,KXBTC15M-26OCT042300-00,0.0090,1.11,yes
2026-10-05T02:58:09.321337Z,KXBTC15M-26OCT042300-00,0.0080,10.01,no
2026-10-05T02:58:09.342982Z,KXBTC15M-26OCT042300-00,0.0090,10.11,yes
2026-10-05T02:58:09.354005Z,KXBTC15M-26OCT042300-00,0.0090,8.91,yes
2026-10-05T02:58:09.403841Z,KXBTC15M-26OCT042300-00,0.0080,0.01,no
2026-10-05T02:58:09.403841Z,KXBTC15M-26OCT042300-00,0.0080,65.18,no
2026-10-05T02:58:09.403841Z,KXBTC15M-26OCT042300-00,0.0080,77.31,no
2026-10-05T02:58:09.403841Z,KXBTC15M-26OCT042300-00,0.0080,139.49,no
2026-10-05T02:58:09.403841Z,KXBTC15M-26OCT042300-00,0.0080,0.01,no
2026-10-05T02:58:09.496252Z,KXBTC15M-26OCT042300-00,0.0080,44.28,no
2026-10-05T02:58:09.641129Z,KXBTC15M-26OCT042300-00,0.0080,2.00,no
2026-10-05T02:58:09.651428Z,KXBTC15M-26OCT042300-00,0.0090,9.99,yes
2026-10-05T02:58:09.663491Z,KXBTC15M-26OCT042300-00,0.0090,203.65,yes
2026-10-05T02:58:09.679975Z,KXBTC15M-26OCT042300-00,0.0090,51.95,yes
2026-10-05T02:58:09.716762Z,KXBTC15M-26OCT042300-00,0.0090,1.02,yes
2026-10-05T02:58:09.735397Z,KXBTC15M-26OCT042300-00,0.0080,258.85,no
2026-10-05T02:58:09.763072Z,KXBTC15M-26OCT042300-00,0.0090,101.83,yes
2026-10-05T02:58:09.869192Z,KXBTC15M-26OCT042300-00,0.0090,103.91,yes
2026-10-05T02:58:09.883532Z,KXBTC15M-26OCT042300-00,0.0090,509.12,yes
2026-10-05T02:58:10.202762Z,KXBTC15M-26OCT042300-00,0.0090,34.13,yes
2026-10-05T02:58:10.218034Z,KXBTC15M-26OCT042300-00,0.0080,10.00,no
2026-10-05T02:58:10.218034Z,KXBTC15M-26OCT042300-00,0.0080,61.84,no
2026-10-05T02:58:10.218034Z,KXBTC15M-26OCT042300-00,0.0070,1.00,no
2026-10-05T02:58:10.218034Z,KXBTC15M-26OCT042300-00,0.0070,15.00,no
2026-10-05T02:58:10.218034Z,KXBTC15M-26OCT042300-00,0.0070,3594.14,no
2026-10-05T02:58:10.218034Z,KXBTC15M-26OCT042300-00,0.0070,17.00,no
2026-10-05T02:58:10.218034Z,KXBTC15M-26OCT042300-00,0.0080,0.01,no
2026-10-05T02:58:10.218034Z,KXBTC15M-26OCT042300-00,0.0080,1.00,no
2026-10-05T02:58:10.218034Z,KXBTC15M-26OCT042300-00,0.0080,0.01,no
2026-10-05T02:58:10.218034Z,KXBTC15M-26OCT042300-00,0.0080,400.00,no
2026-10-05T02:58:10.260053Z,KXBTC15M-26OCT042300-00,0.0080,5.98,no
2026-10-05T02:58:10.260053Z,KXBTC15M-26OCT042300-00,0.0080,0.01,no
2026-10-05T02:58:10.260053Z,KXBTC15M-26OCT042300-00,0.0080,0.01,no
2026-10-05T02:58:10.312714Z,KXBTC15M-26OCT042300-00,0.0080,0.01,no
2026-10-05T02:58:10.312714Z,KXBTC15M-26OCT042300-00,0.0080,0.01,no
2026-10-05T02:58:10.312714Z,KXBTC15M-26OCT042300-00,0.0070,9.84,no
2026-10-05T02:58:10.388001Z,KXBTC15M-26OCT042300-00,0.0080,2.36,no
2026-10-05T02:58:10.388001Z,KXBTC15M-26OCT042300-00,0.0080,0.01,no
2026-10-05T02:58:10.388001Z,KXBTC15M-26OCT042300-00,0.0080,0.01,no
2026-10-05T02:58:10.456979Z,KXBTC15M-26OCT042300-00,0.0080,0.01,no
2026-10-05T02:58:10.456979Z,KXBTC15M-26OCT042300-00,0.0070,17.00,no
2026-10-05T02:58:10.456979Z,KXBTC15M-26OCT042300-00,0.0080,0.01,no
2026-10-05T02:58:10.456979Z,KXBTC15M-26OCT042300-00,0.0080,400.00,no
2026-10-05T02:58:10.456979Z,KXBTC15M-26OCT042300-00,0.0060,15.00,no
2026-10-05T02:58:10.456979Z,KXBTC15M-26OCT042300-00,0.0060,15.00,no
2026-10-05T02:58:10.456979Z,KXBTC15M-26OCT042300-00,0.0060,651.23,no
2026-10-05T02:58:10.459621Z,KXBTC15M-26OCT042300-00,0.0090,28.35,yes
2026-10-05T02:58:10.527673Z,KXBTC15M-26OCT042300-00,0.0090,101.83,yes
2026-10-05T02:58:10.538299Z,KXBTC15M-26OCT042300-00,0.0090,51.95,yes
2026-10-05T02:58:10.616012Z,KXBTC15M-26OCT042300-00,0.0090,38.79,yes
2026-10-05T02:58:10.64771Z,KXBTC15M-26OCT042300-00,0.0090,50.00,yes
2026-10-05T02:58:10.64771Z,KXBTC15M-26OCT042300-00,0.0090,345.07,yes
2026-10-05T02:58:10.64771Z,KXBTC15M-26OCT042300-00,0.0090,103.66,yes
2026-10-05T02:58:10.659181Z,KXBTC15M-26OCT042300-00,0.0090,101.83,yes
2026-10-05T02:58:10.686296Z,KXBTC15M-26OCT042300-00,0.0060,0.98,no
2026-10-05T02:58:10.686296Z,KXBTC15M-26OCT042300-00,0.0080,0.01,no
2026-10-05T02:58:10.686296Z,KXBTC15M-26OCT042300-00,0.0080,0.01,no
2026-10-05T02:58:10.755561Z,KXBTC15M-26OCT042300-00,0.0080,0.01,no
2026-10-05T02:58:10.755561Z,KXBTC15M-26OCT042300-00,0.0080,44.70,no
2026-10-05T02:58:10.755561Z,KXBTC15M-26OCT042300-00,0.0080,0.01,no
2026-10-05T02:58:10.801795Z,KXBTC15M-26OCT042300-00,0.0080,1.50,no
2026-10-05T02:58:10.801795Z,KXBTC15M-26OCT042300-00,0.0080,0.01,no
2026-10-05T02:58:10.801795Z,KXBTC15M-26OCT042300-00,0.0080,0.01,no
2026-10-05T02:58:10.881063Z,KXBTC15M-26OCT042300-00,0.0090,11.39,yes
2026-10-05T02:58:10.888741Z,KXBTC15M-26OCT042300-00,0.0080,100.73,no
2026-10-05T02:58:10.888741Z,KXBTC15M-26OCT042300-00,0.0080,0.01,no
2026-10-05T02:58:10.888741Z,KXBTC15M-26OCT042300-00,0.0080,0.01,no
2026-10-05T02:58:10.982047Z,KXBTC15M-26OCT042300-00,0.0080,56.60,no
2026-10-05T02:58:10.988715Z,KXBTC15M-26OCT042300-00,0.0090,68.62,yes
2026-10-05T02:58:11.062378Z,KXBTC15M-26OCT042300-00,0.0080,0.86,no
2026-10-05T02:58:11.062378Z,KXBTC15M-26OCT042300-00,0.0080,0.01,no
2026-10-05T02:58:11.062378Z,KXBTC15M-26OCT042300-00,0.0080,0.01,no
2026-10-05T02:58:11.062445Z,KXBTC15M-26OCT042300-00,0.0090,57.35,yes
2026-10-05T02:58:11.062445Z,KXBTC15M-26OCT042300-00,0.0090,44.48,yes
2026-10-05T02:58:11.0969Z,KXBTC15M-26OCT042300-00,0.0080,196.46,no
2026-10-05T02:58:11.137956Z,KXBTC15M-26OCT042300-00,0.0070,1.44,no
2026-10-05T02:58:11.137956Z,KXBTC15M-26OCT042300-00,0.0080,1.00,no
2026-10-05T02:58:11.137956Z,KXBTC15M-26OCT042300-00,0.0080,0.01,no
2026-10-05T02:58:11.137956Z,KXBTC15M-26OCT042300-00,0.0080,0.01,no
2026-10-05T02:58:11.225938Z,KXBTC15M-26OCT042300-00,0.0090,203.65,yes
2026-10-05T02:58:11.230582Z,KXBTC15M-26OCT042300-00,0.0090,203.65,yes
2026-10-05T02:58:11.342658Z,KXBTC15M-26OCT042300-00,0.0060,915.00,no
2026-10-05T02:58:11.342658Z,KXBTC15M-26OCT042300-00,0.0060,150.00,no
2026-10-05T02:58:11.342658Z,KXBTC15M-26OCT042300-00,0.0070,148.56,no
2026-10-05T02:58:11.342658Z,KXBTC15M-26OCT042300-00,0.0060,2.00,no
2026-10-05T02:58:11.342658Z,KXBTC15M-26OCT042300-00,0.0080,0.01,no
2026-10-05T02:58:11.342658Z,KXBTC15M-26OCT042300-00,0.0070,17.00,no
2026-10-05T02:58:11.342658Z,KXBTC15M-26OCT042300-00,0.0070,1.00,no
2026-10-05T02:58:11.342658Z,KXBTC15M-26OCT042300-00,0.0080,400.00,no
2026-10-05T02:58:11.342658Z,KXBTC15M-26OCT042300-00,0.0070,49.47,no
2026-10-05T02:58:11.342658Z,KXBTC15M-26OCT042300-00,0.0080,0.01,no
2026-10-05T02:58:11.342658Z,KXBTC15M-26OCT042300-00,0.0060,1.00,no
2026-10-05T02:58:11.342658Z,KXBTC15M-26OCT042300-00,0.0050,50.00,no
2026-10-05T02:58:11.342658Z,KXBTC15M-26OCT042300-00,0.0050,39.60,no
2026-10-05T02:58:11.342658Z,KXBTC15M-26OCT042300-00,0.0050,50.00,no
2026-10-05T02:58:11.342658Z,KXBTC15M-26OCT042300-00,0.0050,47.02,no
2026-10-05T02:58:11.342658Z,KXBTC15M-26OCT042300-00,0.0050,90.00,no
2026-10-05T02:58:11.342658Z,KXBTC15M-26OCT042300-00,0.0050,50.00,no
2026-10-05T02:58:11.380232Z,KXBTC15M-26OCT042300-00,0.0090,113.71,yes
2026-10-05T02:58:11.394639Z,KXBTC15M-26OCT042300-00,0.0070,0.01,no
2026-10-05T02:58:11.394639Z,KXBTC15M-26OCT042300-00,0.0070,21.50,no
2026-10-05T02:58:11.394639Z,KXBTC15M-26OCT042300-00,0.0080,0.01,no
2026-10-05T02:58:11.394639Z,KXBTC15M-26OCT042300-00,0.0080,0.01,no
2026-10-05T02:58:11.579709Z,KXBTC15M-26OCT042300-00,0.0090,101.83,yes
2026-10-05T02:58:11.642466Z,KXBTC15M-26OCT042300-00,0.0090,19.80,yes
2026-10-05T02:58:11.657166Z,KXBTC15M-26OCT042300-00,0.0090,101.83,yes
2026-10-05T02:58:11.761599Z,KXBTC15M-26OCT042300-00,0.0080,0.01,no
2026-10-05T02:58:11.761599Z,KXBTC15M-26OCT042300-00,0.0080,0.01,no
2026-10-05T02:58:11.761599Z,KXBTC15M-26OCT042300-00,0.0080,28.36,no
2026-10-05T02:58:11.790791Z,KXBTC15M-26OCT042300-00,0.0090,16.14,yes
2026-10-05T02:58:11.799269Z,KXBTC15M-26OCT042300-00,0.0090,203.65,yes
2026-10-05T02:58:11.824473Z,KXBTC15M-26OCT042300-00,0.0080,0.01,no
2026-10-05T02:58:11.824473Z,KXBTC15M-26OCT042300-00,0.0080,6.02,no
2026-10-05T02:58:11.824473Z,KXBTC15M-26OCT042300-00,0.0080,0.01,no
2026-10-05T02:58:11.936369Z,KXBTC15M-26OCT042300-00,0.0090,101.83,yes
2026-10-05T02:58:12.068415Z,KXBTC15M-26OCT042300-00,0.0090,3.03,yes
2026-10-05T02:58:12.555106Z,KXBTC15M-26OCT042300-00,0.0060,9.84,no
2026-10-05T02:58:12.555106Z,KXBTC15M-26OCT042300-00,0.0080,0.01,no
2026-10-05T02:58:12.555106Z,KXBTC15M-26OCT042300-00,0.0080,0.01,no
2026-10-05T02:58:12.592112Z,KXBTC15M-26OCT042300-00,0.0090,113.26,yes
2026-10-05T02:58:12.686387Z,KXBTC15M-26OCT042300-00,0.0060,302.74,no
2026-10-05T02:58:12.686387Z,KXBTC15M-26OCT042300-00,0.0060,0.01,no
2026-10-05T02:58:12.686387Z,KXBTC15M-26OCT042300-00,0.0060,39.58,no
2026-10-05T02:58:12.686387Z,KXBTC15M-26OCT042300-00,0.0060,140.16,no
2026-10-05T02:58:12.686387Z,KXBTC15M-26OCT042300-00,0.0060,0.01,no
2026-10-05T02:58:12.686387Z,KXBTC15M-26OCT042300-00,0.0060,20.00,no
2026-10-05T02:58:12.754509Z,KXBTC15M-26OCT042300-00,0.0080,1.00,yes
2026-10-05T02:58:12.754509Z,KXBTC15M-26OCT042300-00,0.0080,0.01,yes
2026-10-05T02:58:12.754509Z,KXBTC15M-26OCT042300-00,0.0080,30.00,yes
2026-10-05T02:58:12.754509Z,KXBTC15M-26OCT042300-00,0.0080,0.01,yes
2026-10-05T02:58:12.754509Z,KXBTC15M-26OCT042300-00,0.0090,69.75,yes
2026-10-05T02:58:12.754509Z,KXBTC15M-26OCT042300-00,0.0090,3.14,yes
2026-10-05T02:58:12.894488Z,KXBTC15M-26OCT042300-00,0.0070,7.00,yes
2026-10-05T02:58:12.90207Z,KXBTC15M-26OCT042300-00,0.0070,3.00,yes
2026-10-05T02:58:12.90207Z,KXBTC15M-26OCT042300-00,0.0070,1.00,yes
2026-10-05T02:58:12.90207Z,KXBTC15M-26OCT042300-00,0.0070,0.01,yes
2026-10-05T02:58:12.90207Z,KXBTC15M-26OCT042300-00,0.0080,1.00,yes
2026-10-05T02:58:12.90207Z,KXBTC15M-26OCT042300-00,0.0070,0.01,yes
2026-10-05T02:58:12.90207Z,KXBTC15M-26OCT042300-00,0.0070,15.00,yes
2026-10-05T02:58:12.90207Z,KXBTC15M-26OCT042300-00,0.0090,79.98,yes
2026-10-05T02:58:12.90213Z,KXBTC15M-26OCT042300-00,0.0090,170.53,yes
2026-10-05T02:58:12.926169Z,KXBTC15M-26OCT042300-00,0.0080,0.01,yes
2026-10-05T02:58:12.926169Z,KXBTC15M-26OCT042300-00,0.0080,0.01,yes
2026-10-05T02:58:12.926169Z,KXBTC15M-26OCT042300-00,0.0090,18.31,yes
2026-10-05T02:58:12.949159Z,KXBTC15M-26OCT042300-00,0.0090,68.62,yes
2026-10-05T02:58:13.055261Z,KXBTC15M-26OCT042300-00,0.0080,14.00,yes
2026-10-05T02:58:13.055261Z,KXBTC15M-26OCT042300-00,0.0080,15.00,yes
2026-10-05T02:58:13.055261Z,KXBTC15M-26OCT042300-00,0.0080,0.01,yes
2026-10-05T02:58:13.055261Z,KXBTC15M-26OCT042300-00,0.0080,0.01,yes
2026-10-05T02:58:13.055261Z,KXBTC15M-26OCT042300-00,0.0080,74.89,yes
2026-10-05T02:58:13.063731Z,KXBTC15M-26OCT042300-00,0.0060,15.17,no
2026-10-05T02:58:13.063731Z,KXBTC15M-26OCT042300-00,0.0070,0.01,no
2026-10-05T02:58:13.063731Z,KXBTC15M-26OCT042300-00,0.0070,0.01,no
2026-10-05T02:58:13.063731Z,KXBTC15M-26OCT042300-00,0.0060,20.00,no
2026-10-05T02:58:13.144339Z,KXBTC15M-26OCT042300-00,0.0080,5.19,yes
2026-10-05T02:58:13.232953Z,KXBTC15M-26OCT042300-00,0.0070,7.04,no
2026-10-05T02:58:13.264821Z,KXBTC15M-26OCT042300-00,0.0080,194.81,yes
2026-10-05T02:58:13.264821Z,KXBTC15M-26OCT042300-00,0.0080,324.71,yes
2026-10-05T02:58:13.343452Z,KXBTC15M-26OCT042300-00,0.0080,51.95,yes
2026-10-05T02:58:13.389923Z,KXBTC15M-26OCT042300-00,0.0060,15.00,no
2026-10-05T02:58:13.389923Z,KXBTC15M-26OCT042300-00,0.0060,150.00,no
2026-10-05T02:58:13.389923Z,KXBTC15M-26OCT042300-00,0.0060,3.20,no
2026-10-05T02:58:13.389923Z,KXBTC15M-26OCT042300-00,0.0070,7.96,no
2026-10-05T02:58:13.389923Z,KXBTC15M-26OCT042300-00,0.0070,0.01,no
2026-10-05T02:58:13.389923Z,KXBTC15M-26OCT042300-00,0.0070,0.01,no
2026-10-05T02:58:13.399036Z,KXBTC15M-26OCT042300-00,0.0070,0.01,no
2026-10-05T02:58:13.399036Z,KXBTC15M-26OCT042300-00,0.0060,3.20,no
2026-10-05T02:58:13.399036Z,KXBTC15M-26OCT042300-00,0.0060,16.80,no
2026-10-05T02:58:13.399036Z,KXBTC15M-26OCT042300-00,0.0070,0.01,no
2026-10-05T02:58:13.399036Z,KXBTC15M-26OCT042300-00,0.0050,180.00,no
2026-10-05T02:58:13.399036Z,KXBTC15M-26OCT042300-00,0.0050,100.00,no
2026-10-05T02:58:13.399036Z,KXBTC15M-26OCT042300-00,0.0050,90.00,no
2026-10-05T02:58:13.399036Z,KXBTC15M-26OCT042300-00,0.0050,10.40,no
2026-10-05T02:58:13.399036Z,KXBTC15M-26OCT042300-00,0.0050,90.00,no
2026-10-05T02:58:13.399036Z,KXBTC15M-26OCT042300-00,0.0050,12.13,no
2026-10-05T02:58:13.454309Z,KXBTC15M-26OCT042300-00,0.0070,0.01,no
2026-10-05T02:58:13.454309Z,KXBTC15M-26OCT042300-00,0.0070,0.01,no
2026-10-05T02:58:13.454309Z,KXBTC15M-26OCT042300-00,0.0060,8.75,no
2026-10-05T02:58:13.477193Z,KXBTC15M-26OCT042300-00,0.0080,35.33,yes
2026-10-05T02:58:13.477193Z,KXBTC15M-26OCT042300-00,0.0080,0.01,yes
2026-10-05T02:58:13.477193Z,KXBTC15M-26OCT042300-00,0.0080,0.01,yes
2026-10-05T02:58:13.483958Z,KXBTC15M-26OCT042300-00,0.0080,0.17,yes
2026-10-05T02:58:13.523428Z,KXBTC15M-26OCT042300-00,0.0060,11.89,no
2026-10-05T02:58:13.526616Z,KXBTC15M-26OCT042300-00,0.0080,200.00,yes
2026-10-05T02:58:13.526616Z,KXBTC15M-26OCT042300-00,0.0080,252.01,yes
2026-10-05T02:58:13.526616Z,KXBTC15M-26OCT042300-00,0.0080,115.28,yes
2026-10-05T02:58:13.526616Z,KXBTC15M-26OCT042300-00,0.0080,471.74,yes
2026-10-05T02:58:13.725134Z,KXBTC15M-26OCT042300-00,0.0060,20.00,no
2026-10-05T02:58:13.725134Z,KXBTC15M-26OCT042300-00,0.0060,0.01,no
2026-10-05T02:58:13.725134Z,KXBTC15M-26OCT042300-00,0.0060,129.36,no
2026-10-05T02:58:13.725134Z,KXBTC15M-26OCT042300-00,0.0060,31.65,no
2026-10-05T02:58:13.725134Z,KXBTC15M-26OCT042300-00,0.0060,0.01,no
2026-10-05T02:58:13.725134Z,KXBTC15M-26OCT042300-00,0.0060,68.63,no
2026-10-05T02:58:13.736675Z,KXBTC15M-26OCT042300-00,0.0060,4.92,no
2026-10-05T02:58:13.815155Z,KXBTC15M-26OCT042300-00,0.0060,12.95,no
2026-10-05T02:58:14.001086Z,KXBTC15M-26OCT042300-00,0.0060,50.28,no
2026-10-05T02:58:14.104402Z,KXBTC15M-26OCT042300-00,0.0070,77.93,yes
2026-10-05T02:58:14.111733Z,KXBTC15M-26OCT042300-00,0.0070,35.07,yes
2026-10-05T02:58:14.155427Z,KXBTC15M-26OCT042300-00,0.0060,281.25,no
2026-10-05T02:58:14.156464Z,KXBTC15M-26OCT042300-00,0.0070,50.75,yes
2026-10-05T02:58:14.160455Z,KXBTC15M-26OCT042300-00,0.0060,0.01,no
2026-10-05T02:58:14.160455Z,KXBTC15M-26OCT042300-00,0.0060,2.49,no
2026-10-05T02:58:14.160455Z,KXBTC15M-26OCT042300-00,0.0060,18.95,no
2026-10-05T02:58:14.160455Z,KXBTC15M-26OCT042300-00,0.0060,0.01,no
2026-10-05T02:58:14.227436Z,KXBTC15M-26OCT042300-00,0.0070,1000.00,yes
2026-10-05T02:58:14.262309Z,KXBTC15M-26OCT042300-00,0.0060,29.77,no
2026-10-05T02:58:14.262309Z,KXBTC15M-26OCT042300-00,0.0060,17.51,no
2026-10-05T02:58:14.324997Z,KXBTC15M-26OCT042300-00,0.0060,9.79,no
2026-10-05T02:58:14.343853Z,KXBTC15M-26OCT042300-00,0.0060,294.96,no
2026-10-05T02:58:14.343853Z,KXBTC15M-26OCT042300-00,0.0060,0.01,no
2026-10-05T02:58:14.343853Z,KXBTC15M-26OCT042300-00,0.0060,2.49,no
2026-10-05T02:58:14.343853Z,KXBTC15M-26OCT042300-00,0.0060,150.00,no
2026-10-05T02:58:14.343853Z,KXBTC15M-26OCT042300-00,0.0060,55.34,no
2026-10-05T02:58:14.403721Z,KXBTC15M-26OCT042300-00,0.0070,119.06,yes
2026-10-05T02:58:14.459073Z,KXBTC15M-26OCT042300-00,0.0050,50.00,no
2026-10-05T02:58:14.459073Z,KXBTC15M-26OCT042300-00,0.0050,10.00,no
2026-10-05T02:58:14.459073Z,KXBTC15M-26OCT042300-00,0.0050,100.00,no
2026-10-05T02:58:14.459073Z,KXBTC15M-26OCT042300-00,0.0050,50.00,no
2026-10-05T02:58:14.459073Z,KXBTC15M-26OCT042300-00,0.0050,90.00,no
2026-10-05T02:58:14.459073Z,KXBTC15M-26OCT042300-00,0.0050,50.00,no
2026-10-05T02:58:14.459073Z,KXBTC15M-26OCT042300-00,0.0050,50.00,no
2026-10-05T02:58:14.459073Z,KXBTC15M-26OCT042300-00,0.0050,90.00,no
2026-10-05T02:58:14.459073Z,KXBTC15M-26OCT042300-00,0.0050,90.00,no
2026-10-05T02:58:14.459073Z,KXBTC15M-26OCT042300-00,0.0050,90.00,no
2026-10-05T02:58:14.459073Z,KXBTC15M-26OCT042300-00,0.0050,50.00,no
2026-10-05T02:58:14.459073Z,KXBTC15M-26OCT042300-00,0.0050,90.00,no
2026-10-05T02:58:14.459073Z,KXBTC15M-26OCT042300-00,0.0050,50.00,no
2026-10-05T02:58:14.459073Z,KXBTC15M-26OCT042300-00,0.0050,50.00,no
2026-10-05T02:58:14.459073Z,KXBTC15M-26OCT042300-00,0.0050,50.00,no
2026-10-05T02:58:14.459073Z,KXBTC15M-26OCT042300-00,0.0050,200.00,no
2026-10-05T02:58:14.459073Z,KXBTC15M-26OCT042300-00,0.0050,90.00,no
2026-10-05T02:58:14.459073Z,KXBTC15M-26OCT042300-00,0.0060,2.49,no
2026-10-05T02:58:14.459073Z,KXBTC15M-26OCT042300-00,0.0060,105.04,no
2026-10-05T02:58:14.459073Z,KXBTC15M-26OCT042300-00,0.0060,17.51,no
2026-10-05T02:58:14.459073Z,KXBTC15M-26OCT042300-00,0.0060,75.92,no
2026-10-05T02:58:14.459073Z,KXBTC15M-26OCT042300-00,0.0060,150.00,no
2026-10-05T02:58:14.459073Z,KXBTC15M-26OCT042300-00,0.0050,59.94,no
2026-10-05T02:58:14.459073Z,KXBTC15M-26OCT042300-00,0.0050,1267.21,no
2026-10-05T02:58:14.459073Z,KXBTC15M-26OCT042300-00,0.0050,15.00,no
2026-10-05T02:58:14.459073Z,KXBTC15M-26OCT042300-00,0.0050,15.00,no
2026-10-05T02:58:14.459073Z,KXBTC15M-26OCT042300-00,0.0050,15.00,no
2026-10-05T02:58:14.459073Z,KXBTC15M-26OCT042300-00,0.0050,15.00,no
2026-10-05T02:58:14.459073Z,KXBTC15M-26OCT042300-00,0.0050,15.00,no
2026-10-05T02:58:14.459073Z,KXBTC15M-26OCT042300-00,0.0050,15.00,no
2026-10-05T02:58:14.459073Z,KXBTC15M-26OCT042300-00,0.0050,17.00,no
2026-10-05T02:58:14.459073Z,KXBTC15M-26OCT042300-00,0.0050,100.00,no
2026-10-05T02:58:14.459073Z,KXBTC15M-26OCT042300-00,0.0050,90.00,no
2026-10-05T02:58:14.459073Z,KXBTC15M-26OCT042300-00,0.0050,37.87,no
2026-10-05T02:58:14.459073Z,KXBTC15M-26OCT042300-00,0.0050,50.00,no
2026-10-05T02:58:14.459073Z,KXBTC15M-26OCT042300-00,0.0050,90.00,no
2026-10-05T02:58:14.459073Z,KXBTC15M-26OCT042300-00,0.0050,50.00,no
2026-10-05T02:58:14.459073Z,KXBTC15M-26OCT042300-00,0.0050,50.00,no
2026-10-05T02:58:14.459073Z,KXBTC15M-26OCT042300-00,0.0050,100.00,no
2026-10-05T02:58:14.459073Z,KXBTC15M-26OCT042300-00,0.0050,90.00,no
2026-10-05T02:58:14.558802Z,KXBTC15M-26OCT042300-00,0.0070,6.54,yes
2026-10-05T02:58:14.77981Z,KXBTC15M-26OCT042300-00,0.0070,39.93,yes
2026-10-05T02:58:14.780015Z,KXBTC15M-26OCT042300-00,0.0060,2.00,no
2026-10-05T02:58:14.79782Z,KXBTC15M-26OCT042300-00,0.0070,106.23,yes
2026-10-05T02:58:14.961499Z,KXBTC15M-26OCT042300-00,0.0070,51.00,yes
2026-10-05T02:58:14.967045Z,KXBTC15M-26OCT042300-00,0.0070,1516.62,yes
2026-10-05T02:58:15.037477Z,KXBTC15M-26OCT042300-00,0.0050,1.00,no
2026-10-05T02:58:15.03841Z,KXBTC15M-26OCT042300-00,0.0070,368.97,yes
2026-10-05T02:58:15.03841Z,KXBTC15M-26OCT042300-00,0.0060,15.00,yes
2026-10-05T02:58:15.03841Z,KXBTC15M-26OCT042300-00,0.0060,15.00,yes
2026-10-05T02:58:15.03841Z,KXBTC15M-26OCT042300-00,0.0060,0.01,yes
2026-10-05T02:58:15.03841Z,KXBTC15M-26OCT042300-00,0.0060,0.01,yes
2026-10-05T02:58:15.03841Z,KXBTC15M-26OCT042300-00,0.0060,1.00,yes
2026-10-05T02:58:15.084212Z,KXBTC15M-26OCT042300-00,0.0060,1.06,yes
2026-10-05T02:58:15.159207Z,KXBTC15M-26OCT042300-00,0.0070,0.01,yes
2026-10-05T02:58:15.159207Z,KXBTC15M-26OCT042300-00,0.0070,0.01,yes
2026-10-05T02:58:15.159207Z,KXBTC15M-26OCT042300-00,0.0080,8.60,yes
2026-10-05T02:58:15.159207Z,KXBTC15M-26OCT042300-00,0.0070,1.00,yes
2026-10-05T02:58:15.159207Z,KXBTC15M-26OCT042300-00,0.0060,0.01,yes
2026-10-05T02:58:15.159207Z,KXBTC15M-26OCT042300-00,0.0060,0.01,yes
2026-10-05T02:58:15.159207Z,KXBTC15M-26OCT042300-00,0.0060,1.00,yes
2026-10-05T02:58:15.159207Z,KXBTC15M-26OCT042300-00,0.0060,13.94,yes
2026-10-05T02:58:15.159207Z,KXBTC15M-26OCT042300-00,0.0080,6.00,yes
2026-10-05T02:58:15.282021Z,KXBTC15M-26OCT042300-00,0.0080,1.42,yes
2026-10-05T02:58:15.29928Z,KXBTC15M-26OCT042300-00,0.0080,13.98,yes
2026-10-05T02:58:15.29928Z,KXBTC15M-26OCT042300-00,0.0080,15.00,yes
2026-10-05T02:58:15.29928Z,KXBTC15M-26OCT042300-00,0.0070,18.00,yes
2026-10-05T02:58:15.29928Z,KXBTC15M-26OCT042300-00,0.0070,0.01,yes
2026-10-05T02:58:15.29928Z,KXBTC15M-26OCT042300-00,0.0070,0.01,yes
2026-10-05T02:58:15.29928Z,KXBTC15M-26OCT042300-00,0.0080,48.48,yes
2026-10-05T02:58:15.29928Z,KXBTC15M-26OCT042300-00,0.0080,0.01,yes
2026-10-05T02:58:15.29928Z,KXBTC15M-26OCT042300-00,0.0080,0.01,yes
2026-10-05T02:58:15.29928Z,KXBTC15M-26OCT042300-00,0.0090,389.46,yes
2026-10-05T02:58:15.331477Z,KXBTC15M-26OCT042300-00,0.0060,7.49,no
2026-10-05T02:58:15.419482Z,KXBTC15M-26OCT042300-00,0.0060,68.38,no
2026-10-05T02:58:15.443288Z,KXBTC15M-26OCT042300-00,0.0060,74.13,no
2026-10-05T02:58:15.443288Z,KXBTC15M-26OCT042300-00,0.0060,90.10,no
2026-10-05T02:58:15.443288Z,KXBTC15M-26OCT042300-00,0.0060,0.01,no
2026-10-05T02:58:15.443288Z,KXBTC15M-26OCT042300-00,0.0060,0.01,no
2026-10-05T02:58:15.581559Z,KXBTC15M-26OCT042300-00,0.0060,22.58,no
2026-10-05T02:58:15.633416Z,KXBTC15M-26OCT042300-00,0.0070,0.01,yes
2026-10-05T02:58:15.633416Z,KXBTC15M-26OCT042300-00,0.0080,16.37,yes
2026-10-05T02:58:15.633416Z,KXBTC15M-26OCT042300-00,0.0070,0.01,yes
2026-10-05T02:58:15.633416Z,KXBTC15M-26OCT042300-00,0.0070,12.00,yes
2026-10-05T02:58:15.666076Z,KXBTC15M-26OCT042300-00,0.0080,13.63,yes
2026-10-05T02:58:15.666076Z,KXBTC15M-26OCT042300-00,0.0080,17.00,yes
2026-10-05T02:58:15.666076Z,KXBTC15M-26OCT042300-00,0.0080,0.01,yes
2026-10-05T02:58:15.666076Z,KXBTC15M-26OCT042300-00,0.0070,0.01,yes
2026-10-05T02:58:15.666076Z,KXBTC15M-26OCT042300-00,0.0070,0.01,yes
2026-10-05T02:58:15.666076Z,KXBTC15M-26OCT042300-00,0.0090,124.34,yes
2026-10-05T02:58:15.713539Z,KXBTC15M-26OCT042300-00,0.0060,80.00,no
2026-10-05T02:58:15.713944Z,KXBTC15M-26OCT042300-00,0.0060,16.08,no
2026-10-05T02:58:15.737276Z,KXBTC15M-26OCT042300-00,0.0050,16.00,no
2026-10-05T02:58:15.737276Z,KXBTC15M-26OCT042300-00,0.0050,22.00,no
2026-10-05T02:58:15.737276Z,KXBTC15M-26OCT042300-00,0.0060,0.01,no
2026-10-05T02:58:15.737276Z,KXBTC15M-26OCT042300-00,0.0050,15.00,no
2026-10-05T02:58:15.737276Z,KXBTC15M-26OCT042300-00,0.0050,15.00,no
2026-10-05T02:58:15.737276Z,KXBTC15M-26OCT042300-00,0.0060,0.01,no
2026-10-05T02:58:15.737276Z,KXBTC15M-26OCT042300-00,0.0050,15.00,no
2026-10-05T02:58:15.737276Z,KXBTC15M-26OCT042300-00,0.0050,48.21,no
2026-10-05T02:58:15.737276Z,KXBTC15M-26OCT042300-00,0.0060,15.00,no
2026-10-05T02:58:15.737276Z,KXBTC15M-26OCT042300-00,0.0050,15.00,no
2026-10-05T02:58:15.771467Z,KXBTC15M-26OCT042300-00,0.0060,15.00,no
2026-10-05T02:58:15.836192Z,KXBTC15M-26OCT042300-00,0.0070,15.00,yes
2026-10-05T02:58:15.836192Z,KXBTC15M-26OCT042300-00,0.0070,0.01,yes
2026-10-05T02:58:15.836192Z,KXBTC15M-26OCT042300-00,0.0070,0.01,yes
2026-10-05T02:58:15.836192Z,KXBTC15M-26OCT042300-00,0.0080,0.01,yes
2026-10-05T02:58:15.836192Z,KXBTC15M-26OCT042300-00,0.0080,0.01,yes
2026-10-05T02:58:15.836192Z,KXBTC15M-26OCT042300-00,0.0070,15.00,yes
2026-10-05T02:58:15.887621Z,KXBTC15M-26OCT042300-00,0.0060,0.01,no
2026-10-05T02:58:15.887621Z,KXBTC15M-26OCT042300-00,0.0060,0.01,no
2026-10-05T02:58:15.887621Z,KXBTC15M-26OCT042300-00,0.0060,0.98,no
2026-10-05T02:58:16.057672Z,KXBTC15M-26OCT042300-00,0.0060,14.32,no
2026-10-05T02:58:16.265289Z,KXBTC15M-26OCT042300-00,0.0070,0.01,yes
2026-10-05T02:58:16.265289Z,KXBTC15M-26OCT042300-00,0.0070,4.24,yes
2026-10-05T02:58:16.27944Z,KXBTC15M-26OCT042300-00,0.0060,84.93,no
2026-10-05T02:58:16.27944Z,KXBTC15M-26OCT042300-00,0.0060,4.70,no
2026-10-05T02:58:16.33674Z,KXBTC15M-26OCT042300-00,0.0070,0.01,yes
2026-10-05T02:58:16.33674Z,KXBTC15M-26OCT042300-00,0.0070,3.00,yes
2026-10-05T02:58:16.33674Z,KXBTC15M-26OCT042300-00,0.0070,10.76,yes
2026-10-05T02:58:16.33674Z,KXBTC15M-26OCT042300-00,0.0070,0.01,yes
2026-10-05T02:58:16.577178Z,KXBTC15M-26OCT042300-00,0.0060,58.47,no
2026-10-05T02:58:16.686892Z,KXBTC15M-26OCT042300-00,0.0070,5.45,yes
2026-10-05T02:58:16.692313Z,KXBTC15M-26OCT042300-00,0.0060,15.00,no
2026-10-05T02:58:16.692313Z,KXBTC15M-26OCT042300-00,0.0060,28.85,no
2026-10-05T02:58:16.692313Z,KXBTC15M-26OCT042300-00,0.0060,48.75,no
2026-10-05T02:58:16.692313Z,KXBTC15M-26OCT042300-00,0.0060,0.01,no
2026-10-05T02:58:16.692313Z,KXBTC15M-26OCT042300-00,0.0060,15.00,no
2026-10-05T02:58:16.692313Z,KXBTC15M-26OCT042300-00,0.0060,15.00,no
2026-10-05T02:58:16.692313Z,KXBTC15M-26OCT042300-00,0.0060,15.00,no
2026-10-05T02:58:16.692313Z,KXBTC15M-26OCT042300-00,0.0060,0.01,no
2026-10-05T02:58:16.692313Z,KXBTC15M-26OCT042300-00,0.0060,256.60,no
2026-10-05T02:58:16.692313Z,KXBTC15M-26OCT042300-00,0.0060,0.98,no
2026-10-05T02:58:16.719595Z,KXBTC15M-26OCT042300-00,0.0060,11.32,no
2026-10-05T02:58:16.741088Z,KXBTC15M-26OCT042300-00,0.0080,13.00,yes
2026-10-05T02:58:16.741088Z,KXBTC15M-26OCT042300-00,0.0070,0.01,yes
2026-10-05T02:58:16.741088Z,KXBTC15M-26OCT042300-00,0.0080,50.68,yes
2026-10-05T02:58:16.741088Z,KXBTC15M-26OCT042300-00,0.0070,15.00,yes
2026-10-05T02:58:16.741088Z,KXBTC15M-26OCT042300-00,0.0080,18.00,yes
2026-10-05T02:58:16.741088Z,KXBTC15M-26OCT042300-00,0.0070,0.01,yes
2026-10-05T02:58:16.741088Z,KXBTC15M-26OCT042300-00,0.0070,9.55,yes
2026-10-05T02:58:16.826538Z,KXBTC15M-26OCT042300-00,0.0060,0.01,no
2026-10-05T02:58:16.826538Z,KXBTC15M-26OCT042300-00,0.0060,80.42,no
2026-10-05T02:58:16.826538Z,KXBTC15M-26OCT042300-00,0.0060,0.01,no
2026-10-05T02:58:16.86077Z,KXBTC15M-26OCT042300-00,0.0060,66.34,no
2026-10-05T02:58:16.927383Z,KXBTC15M-26OCT042300-00,0.0070,0.01,yes
2026-10-05T02:58:16.927383Z,KXBTC15M-26OCT042300-00,0.0070,15.00,yes
2026-10-05T02:58:16.927383Z,KXBTC15M-26OCT042300-00,0.0070,0.01,yes
2026-10-05T02:58:16.927383Z,KXBTC15M-26OCT042300-00,0.0070,15.00,yes
2026-10-05T02:58:16.953881Z,KXBTC15M-26OCT042300-00,0.0090,79.28,yes
2026-10-05T02:58:16.953881Z,KXBTC15M-26OCT042300-00,0.0070,15.00,yes
2026-10-05T02:58:16.953881Z,KXBTC15M-26OCT042300-00,0.0070,0.01,yes
2026-10-05T02:58:16.953881Z,KXBTC15M-26OCT042300-00,0.0070,0.01,yes
2026-10-05T02:58:16.953881Z,KXBTC15M-26OCT042300-00,0.0080,11.95,yes
2026-10-05T02:58:17.024734Z,KXBTC15M-26OCT042300-00,0.0070,13.60,yes
2026-10-05T02:58:17.024734Z,KXBTC15M-26OCT042300-00,0.0070,0.01,yes
2026-10-05T02:58:17.024734Z,KXBTC15M-26OCT042300-00,0.0070,0.01,yes
2026-10-05T02:58:17.044258Z,KXBTC15M-26OCT042300-00,0.0060,4.46,no
2026-10-05T02:58:17.045981Z,KXBTC15M-26OCT042300-00,0.0060,15.00,no
2026-10-05T02:58:17.045981Z,KXBTC15M-26OCT042300-00,0.0060,49.14,no
2026-10-05T02:58:17.045981Z,KXBTC15M-26OCT042300-00,0.0060,0.01,no
2026-10-05T02:58:17.045981Z,KXBTC15M-26OCT042300-00,0.0060,0.01,no
2026-10-05T02:58:17.045981Z,KXBTC15M-26OCT042300-00,0.0060,15.00,no
2026-10-05T02:58:17.045981Z,KXBTC15M-26OCT042300-00,0.0060,15.00,no
2026-10-05T02:58:17.045981Z,KXBTC15M-26OCT042300-00,0.0060,15.00,no
2026-10-05T02:58:17.045981Z,KXBTC15M-26OCT042300-00,0.0060,15.00,no
2026-10-05T02:58:17.045981Z,KXBTC15M-26OCT042300-00,0.0060,248.78,no
2026-10-05T02:58:17.045981Z,KXBTC15M-26OCT042300-00,0.0060,280.70,no
2026-10-05T02:58:17.070336Z,KXBTC15M-26OCT042300-00,0.0060,25.14,no
2026-10-05T02:58:17.094003Z,KXBTC15M-26OCT042300-00,0.0060,37.32,no
2026-10-05T02:58:17.124373Z,KXBTC15M-26OCT042300-00,0.0060,379.50,no
2026-10-05T02:58:17.124373Z,KXBTC15M-26OCT042300-00,0.0060,156.84,no
2026-10-05T02:58:17.266945Z,KXBTC15M-26OCT042300-00,0.0070,1.40,yes
2026-10-05T02:58:17.266945Z,KXBTC15M-26OCT042300-00,0.0070,0.01,yes
2026-10-05T02:58:17.266945Z,KXBTC15M-26OCT042300-00,0.0080,42.19,yes
2026-10-05T02:58:17.266945Z,KXBTC15M-26OCT042300-00,0.0070,0.01,yes
2026-10-05T02:58:17.266945Z,KXBTC15M-26OCT042300-00,0.0070,15.00,yes
2026-10-05T02:58:17.295747Z,KXBTC15M-26OCT042300-00,0.0080,17.92,yes
2026-10-05T02:58:17.295747Z,KXBTC15M-26OCT042300-00,0.0070,0.01,yes
2026-10-05T02:58:17.295747Z,KXBTC15M-26OCT042300-00,0.0070,30.00,yes
2026-10-05T02:58:17.295747Z,KXBTC15M-26OCT042300-00,0.0070,15.00,yes
2026-10-05T02:58:17.295747Z,KXBTC15M-26OCT042300-00,0.0070,15.00,yes
2026-10-05T02:58:17.295747Z,KXBTC15M-26OCT042300-00,0.0070,0.01,yes
2026-10-05T02:58:17.29711Z,KXBTC15M-26OCT042300-00,0.0060,0.01,no
2026-10-05T02:58:17.29711Z,KXBTC15M-26OCT042300-00,0.0060,63.41,no
2026-10-05T02:58:17.29711Z,KXBTC15M-26OCT042300-00,0.0060,120.50,no
2026-10-05T02:58:17.29711Z,KXBTC15M-26OCT042300-00,0.0060,0.01,no
2026-10-05T02:58:17.29711Z,KXBTC15M-26OCT042300-00,0.0060,39.31,no
2026-10-05T02:58:17.379982Z,KXBTC15M-26OCT042300-00,0.0060,50.65,no
2026-10-05T02:58:17.379982Z,KXBTC15M-26OCT042300-00,0.0060,15.00,no
2026-10-05T02:58:17.379982Z,KXBTC15M-26OCT042300-00,0.0060,336.59,no
2026-10-05T02:58:17.404176Z,KXBTC15M-26OCT042300-00,0.0070,0.01,yes
2026-10-05T02:58:17.404176Z,KXBTC15M-26OCT042300-00,0.0070,0.01,yes
2026-10-05T02:58:17.404176Z,KXBTC15M-26OCT042300-00,0.0070,15.00,yes
2026-10-05T02:58:17.404176Z,KXBTC15M-26OCT042300-00,0.0080,95.52,yes
2026-10-05T02:58:17.492657Z,KXBTC15M-26OCT042300-00,0.0070,0.01,yes
2026-10-05T02:58:17.492657Z,KXBTC15M-26OCT042300-00,0.0070,0.01,yes
2026-10-05T02:58:17.492657Z,KXBTC15M-26OCT042300-00,0.0070,15.00,yes
2026-10-05T02:58:17.492657Z,KXBTC15M-26OCT042300-00,0.0080,6.38,yes
2026-10-05T02:58:17.498658Z,KXBTC15M-26OCT042300-00,0.0090,256.28,yes
2026-10-05T02:58:17.498658Z,KXBTC15M-26OCT042300-00,0.0080,69.87,yes
2026-10-05T02:58:17.498658Z,KXBTC15M-26OCT042300-00,0.0080,200.00,yes
2026-10-05T02:58:17.498658Z,KXBTC15M-26OCT042300-00,0.0080,0.01,yes
2026-10-05T02:58:17.498658Z,KXBTC15M-26OCT042300-00,0.0080,0.01,yes
2026-10-05T02:58:17.547308Z,KXBTC15M-26OCT042300-00,0.0070,13.34,yes
2026-10-05T02:58:17.547308Z,KXBTC15M-26OCT042300-00,0.0070,0.01,yes
2026-10-05T02:58:17.894154Z,KXBTC15M-26OCT042300-00,0.0070,0.01,yes
2026-10-05T02:58:17.894154Z,KXBTC15M-26OCT042300-00,0.0080,8.32,yes
2026-10-05T02:58:17.894154Z,KXBTC15M-26OCT042300-00,0.0070,1.66,yes
2026-10-05T02:58:17.894154Z,KXBTC15M-26OCT042300-00,0.0070,0.01,yes
2026-10-05T02:58:17.909351Z,KXBTC15M-26OCT042300-00,0.0080,20.26,yes
2026-10-05T02:58:17.909351Z,KXBTC15M-26OCT042300-00,0.0070,0.01,yes
2026-10-05T02:58:17.909351Z,KXBTC15M-26OCT042300-00,0.0070,0.01,yes
2026-10-05T02:58:17.909351Z,KXBTC15M-26OCT042300-00,0.0070,15.00,yes
2026-10-05T02:58:17.963166Z,KXBTC15M-26OCT042300-00,0.0060,133.00,no
2026-10-05T02:58:17.963166Z,KXBTC15M-26OCT042300-00,0.0060,0.01,no
2026-10-05T02:58:17.963166Z,KXBTC15M-26OCT042300-00,0.0060,0.01,no
2026-10-05T02:58:17.963166Z,KXBTC15M-26OCT042300-00,0.0060,15.00,no
2026-10-05T02:58:17.963166Z,KXBTC15M-26OCT042300-00,0.0060,15.00,no
2026-10-05T02:58:17.963166Z,KXBTC15M-26OCT042300-00,0.0060,31.45,no
2026-10-05T02:58:17.963166Z,KXBTC15M-26OCT042300-00,0.0060,15.00,no
2026-10-05T02:58:18.099093Z,KXBTC15M-26OCT042300-00,0.0070,15.00,yes
2026-10-05T02:58:18.099093Z,KXBTC15M-26OCT042300-00,0.0070,0.01,yes
2026-10-05T02:58:18.099093Z,KXBTC15M-26OCT042300-00,0.0080,4.98,yes
2026-10-05T02:58:18.099093Z,KXBTC15M-26OCT042300-00,0.0070,0.01,yes
2026-10-05T02:58:18.099093Z,KXBTC15M-26OCT042300-00,0.0080,1.42,yes
2026-10-05T02:58:18.099093Z,KXBTC15M-26OCT042300-00,0.0070,15.00,yes
2026-10-05T02:58:18.112924Z,KXBTC15M-26OCT042300-00,0.0070,15.00,yes
2026-10-05T02:58:18.112924Z,KXBTC15M-26OCT042300-00,0.0070,0.01,yes
2026-10-05T02:58:18.112924Z,KXBTC15M-26OCT042300-00,0.0080,9.93,yes
2026-10-05T02:58:18.117376Z,KXBTC15M-26OCT042300-00,0.0070,0.01,yes
2026-10-05T02:58:18.117376Z,KXBTC15M-26OCT042300-00,0.0080,0.01,yes
2026-10-05T02:58:18.117376Z,KXBTC15M-26OCT042300-00,0.0080,4.00,yes
2026-10-05T02:58:18.117376Z,KXBTC15M-26OCT042300-00,0.0080,10.09,yes
2026-10-05T02:58:18.117376Z,KXBTC15M-26OCT042300-00,0.0090,90.25,yes
2026-10-05T02:58:18.14996Z,KXBTC15M-26OCT042300-00,0.0060,6.28,no
2026-10-05T02:58:18.19323Z,KXBTC15M-26OCT042300-00,0.0060,8.04,no
2026-10-05T02:58:18.24897Z,KXBTC15M-26OCT042300-00,0.0060,251.09,no
2026-10-05T02:58:18.24897Z,KXBTC15M-26OCT042300-00,0.0060,15.00,no
2026-10-05T02:58:18.24897Z,KXBTC15M-26OCT042300-00,0.0060,15.00,no
2026-10-05T02:58:18.24897Z,KXBTC15M-26OCT042300-00,0.0060,15.00,no
2026-10-05T02:58:18.24897Z,KXBTC15M-26OCT042300-00,0.0060,500.00,no
2026-10-05T02:58:18.24897Z,KXBTC15M-26OCT042300-00,0.0060,15.00,no
2026-10-05T02:58:18.24897Z,KXBTC15M-26OCT042300-00,0.0060,500.00,no
2026-10-05T02:58:18.24897Z,KXBTC15M-26OCT042300-00,0.0050,22.00,no
2026-10-05T02:58:18.24897Z,KXBTC15M-26OCT042300-00,0.0050,49.14,no
2026-10-05T02:58:18.24897Z,KXBTC15M-26OCT042300-00,0.0060,0.01,no
2026-10-05T02:58:18.24897Z,KXBTC15M-26OCT042300-00,0.0060,0.01,no
2026-10-05T02:58:18.24897Z,KXBTC15M-26OCT042300-00,0.0060,15.00,no
2026-10-05T02:58:18.24897Z,KXBTC15M-26OCT042300-00,0.0060,65.16,no
2026-10-05T02:58:18.24897Z,KXBTC15M-26OCT042300-00,0.0060,15.00,no
2026-10-05T02:58:18.24897Z,KXBTC15M-26OCT042300-00,0.0060,252.68,no
2026-10-05T02:58:18.24897Z,KXBTC15M-26OCT042300-00,0.0050,57.00,no
2026-10-05T02:58:18.24897Z,KXBTC15M-26OCT042300-00,0.0060,15.00,no
2026-10-05T02:58:18.24897Z,KXBTC15M-26OCT042300-00,0.0050,17.00,no
2026-10-05T02:58:18.24897Z,KXBTC15M-26OCT042300-00,0.0050,150.00,no
2026-10-05T02:58:18.24897Z,KXBTC15M-26OCT042300-00,0.0060,10.00,no
2026-10-05T02:58:18.282368Z,KXBTC15M-26OCT042300-00,0.0050,0.37,yes
2026-10-05T02:58:18.405632Z,KXBTC15M-26OCT042300-00,0.0040,886.94,no
2026-10-05T02:58:18.452537Z,KXBTC15M-26OCT042300-00,0.0050,9.60,yes
2026-10-05T02:58:18.492861Z,KXBTC15M-26OCT042300-00,0.0040,29.55,no
2026-10-05T02:58:18.557379Z,KXBTC15M-26OCT042300-00,0.0040,106.42,no
2026-10-05T02:58:18.654292Z,KXBTC15M-26OCT042300-00,0.0050,0.40,yes
2026-10-05T02:58:18.690185Z,KXBTC15M-26OCT042300-00,0.0050,376.72,yes
2026-10-05T02:58:18.82061Z,KXBTC15M-26OCT042300-00,0.0050,210.35,yes
2026-10-05T02:58:18.833159Z,KXBTC15M-26OCT042300-00,0.0050,37.39,yes
2026-10-05T02:58:18.922652Z,KXBTC15M-26OCT042300-00,0.0040,55.59,no
2026-10-05T02:58:18.969265Z,KXBTC15M-26OCT042300-00,0.0050,916.19,yes
2026-10-05T02:58:19.089359Z,KXBTC15M-26OCT042300-00,0.0040,55.20,no
2026-10-05T02:58:19.171628Z,KXBTC15M-26OCT042300-00,0.0040,561.92,no
2026-10-05T02:58:19.171628Z,KXBTC15M-26OCT042300-00,0.0040,666.30,no
2026-10-05T02:58:19.241383Z,KXBTC15M-26OCT042300-00,0.0040,6.73,no
2026-10-05T02:58:19.353691Z,KXBTC15M-26OCT042300-00,0.0040,1.49,no
2026-10-05T02:58:19.373521Z,KXBTC15M-26OCT042300-00,0.0050,3.73,yes
2026-10-05T02:58:19.477699Z,KXBTC15M-26OCT042300-00,0.0040,129.58,no
2026-10-05T02:58:19.524153Z,KXBTC15M-26OCT042300-00,0.0050,186.97,yes
2026-10-05T02:58:19.540925Z,KXBTC15M-26OCT042300-00,0.0050,21.89,yes
2026-10-05T02:58:19.563466Z,KXBTC15M-26OCT042300-00,0.0050,43.36,yes
2026-10-05T02:58:19.751064Z,KXBTC15M-26OCT042300-00,0.0050,186.97,yes
2026-10-05T02:58:19.769923Z,KXBTC15M-26OCT042300-00,0.0050,5.49,yes
2026-10-05T02:58:19.771657Z,KXBTC15M-26OCT042300-00,0.0050,39.81,yes
2026-10-05T02:58:19.798254Z,KXBTC15M-26OCT042300-00,0.0040,44.88,no
2026-10-05T02:58:19.833243Z,KXBTC15M-26OCT042300-00,0.0050,1308.83,yes
2026-10-05T02:58:19.887502Z,KXBTC15M-26OCT042300-00,0.0050,23.82,yes
2026-10-05T02:58:19.896213Z,KXBTC15M-26OCT042300-00,0.0050,9.16,yes
2026-10-05T02:58:19.898359Z,KXBTC15M-26OCT042300-00,0.0050,202.64,yes
2026-10-05T02:58:19.949157Z,KXBTC15M-26OCT042300-00,0.0040,42.78,no
2026-10-05T02:58:20.057211Z,KXBTC15M-26OCT042300-00,0.0050,3.00,yes
2026-10-05T02:58:20.075247Z,KXBTC15M-26OCT042300-00,0.0050,4.05,yes
2026-10-05T02:58:20.167182Z,KXBTC15M-26OCT042300-00,0.0040,10.12,no
2026-10-05T02:58:20.257884Z,KXBTC15M-26OCT042300-00,0.0050,0.01,yes
2026-10-05T02:58:20.257884Z,KXBTC15M-26OCT042300-00,0.0050,113.17,yes
2026-10-05T02:58:20.257884Z,KXBTC15M-26OCT042300-00,0.0050,0.01,yes
2026-10-05T02:58:20.257884Z,KXBTC15M-26OCT042300-00,0.0050,73.78,yes
2026-10-05T02:58:20.319823Z,KXBTC15M-26OCT042300-00,0.0050,33.61,yes
2026-10-05T02:58:20.33096Z,KXBTC15M-26OCT042300-00,0.0050,37.39,yes
2026-10-05T02:58:20.37773Z,KXBTC15M-26OCT042300-00,0.0040,54.38,no
2026-10-05T02:58:20.43811Z,KXBTC15M-26OCT042300-00,0.0050,742.16,yes
2026-10-05T02:58:20.43811Z,KXBTC15M-26OCT042300-00,0.0050,106.42,yes
2026-10-05T02:58:20.43811Z,KXBTC15M-26OCT042300-00,0.0050,29.55,yes
2026-10-05T02:58:20.43811Z,KXBTC15M-26OCT042300-00,0.0050,38.06,yes
2026-10-05T02:58:20.496541Z,KXBTC15M-26OCT042300-00,0.0040,14.05,no
2026-10-05T02:58:20.545084Z,KXBTC15M-26OCT042300-00,0.0050,18.89,yes
2026-10-05T02:58:20.545084Z,KXBTC15M-26OCT042300-00,0.0050,55.20,yes
2026-10-05T02:58:20.545084Z,KXBTC15M-26OCT042300-00,0.0050,17.53,yes
2026-10-05T02:58:20.564817Z,KXBTC15M-26OCT042300-00,0.0050,74.79,yes
2026-10-05T02:58:20.599721Z,KXBTC15M-26OCT042300-00,0.0050,18.60,yes
2026-10-05T02:58:20.658102Z,KXBTC15M-26OCT042300-00,0.0050,449.64,yes
2026-10-05T02:58:20.658102Z,KXBTC15M-26OCT042300-00,0.0050,413.83,yes
2026-10-05T02:58:20.674451Z,KXBTC15M-26OCT042300-00,0.0050,42.00,yes
2026-10-05T02:58:20.692524Z,KXBTC15M-26OCT042300-00,0.0040,18.28,no
2026-10-05T02:58:20.706913Z,KXBTC15M-26OCT042300-00,0.0050,123.46,yes
2026-10-05T02:58:20.744735Z,KXBTC15M-26OCT042300-00,0.0040,331.23,no
2026-10-05T02:58:20.828037Z,KXBTC15M-26OCT042300-00,0.0040,8.52,no
2026-10-05T02:58:20.911864Z,KXBTC15M-26OCT042300-00,0.0050,83.10,yes
2026-10-05T02:58:20.944848Z,KXBTC15M-26OCT042300-00,0.0050,5.44,yes
2026-10-05T02:58:20.944848Z,KXBTC15M-26OCT042300-00,0.0050,3.91,yes
2026-10-05T02:58:20.950496Z,KXBTC15M-26OCT042300-00,0.0040,130.11,no
2026-10-05T02:58:20.983533Z,KXBTC15M-26OCT042300-00,0.0050,18.16,yes
2026-10-05T02:58:20.983533Z,KXBTC15M-26OCT042300-00,0.0050,1.29,yes
2026-10-05T02:58:20.983533Z,KXBTC15M-26OCT042300-00,0.0050,1.49,yes
2026-10-05T02:58:21.01351Z,KXBTC15M-26OCT042300-00,0.0050,93.99,yes
2026-10-05T02:58:21.016444Z,KXBTC15M-26OCT042300-00,0.0050,3.31,yes
2026-10-05T02:58:21.016444Z,KXBTC15M-26OCT042300-00,0.0050,10.12,yes
2026-10-05T02:58:21.016444Z,KXBTC15M-26OCT042300-00,0.0050,54.38,yes
2026-10-05T02:58:21.016444Z,KXBTC15M-26OCT042300-00,0.0050,14.05,yes
2026-10-05T02:58:21.016444Z,KXBTC15M-26OCT042300-00,0.0050,0.01,yes
2026-10-05T02:58:21.016444Z,KXBTC15M-26OCT042300-00,0.0050,0.01,yes
2026-10-05T02:58:21.016444Z,KXBTC15M-26OCT042300-00,0.0050,17.43,yes
2026-10-05T02:58:21.016444Z,KXBTC15M-26OCT042300-00,0.0050,42.78,yes
2026-10-05T02:58:21.016444Z,KXBTC15M-26OCT042300-00,0.0050,44.88,yes
2026-10-05T02:58:21.153437Z,KXBTC15M-26OCT042300-00,0.0050,14.97,yes
2026-10-05T02:58:21.153437Z,KXBTC15M-26OCT042300-00,0.0050,172.00,yes
2026-10-05T02:58:21.25002Z,KXBTC15M-26OCT042300-00,0.0040,137.51,no
2026-10-05T02:58:21.281426Z,KXBTC15M-26OCT042300-00,0.0040,6.29,no
2026-10-05T02:58:21.311229Z,KXBTC15M-26OCT042300-00,0.0050,100.83,yes
2026-10-05T02:58:21.346743Z,KXBTC15M-26OCT042300-00,0.0040,15.00,no
2026-10-05T02:58:21.35Z,KXBTC15M-26OCT042300-00,0.0040,153.66,no
2026-10-05T02:58:21.461954Z,KXBTC15M-26OCT042300-00,0.0050,8.52,yes
2026-10-05T02:58:21.461954Z,KXBTC15M-26OCT042300-00,0.0050,56.92,yes
2026-10-05T02:58:21.461954Z,KXBTC15M-26OCT042300-00,0.0050,58.40,yes
2026-10-05T02:58:21.483465Z,KXBTC15M-26OCT042300-00,0.0050,6.29,yes
2026-10-05T02:58:21.483465Z,KXBTC15M-26OCT042300-00,0.0050,0.01,yes
2026-10-05T02:58:21.483465Z,KXBTC15M-26OCT042300-00,0.0050,137.51,yes
2026-10-05T02:58:21.483465Z,KXBTC15M-26OCT042300-00,0.0050,77.95,yes
2026-10-05T02:58:21.483465Z,KXBTC15M-26OCT042300-00,0.0050,15.00,yes
2026-10-05T02:58:21.483465Z,KXBTC15M-26OCT042300-00,0.0050,3.00,yes
2026-10-05T02:58:21.483465Z,KXBTC15M-26OCT042300-00,0.0050,73.19,yes
2026-10-05T02:58:21.544841Z,KXBTC15M-26OCT042300-00,0.0040,10.03,no
2026-10-05T02:58:21.711442Z,KXBTC15M-26OCT042300-00,0.0050,75.71,yes
2026-10-05T02:58:21.711442Z,KXBTC15M-26OCT042300-00,0.0050,0.01,yes
2026-10-05T02:58:21.711442Z,KXBTC15M-26OCT042300-00,0.0050,10.03,yes
2026-10-05T02:58:21.73868Z,KXBTC15M-26OCT042300-00,0.0050,15.00,yes
2026-10-05T02:58:21.73868Z,KXBTC15M-26OCT042300-00,0.0050,0.01,yes
2026-10-05T02:58:21.757167Z,KXBTC15M-26OCT042300-00,0.0050,0.01,yes
2026-10-05T02:58:21.757167Z,KXBTC15M-26OCT042300-00,0.0060,26.08,yes
2026-10-05T02:58:21.806656Z,KXBTC15M-26OCT042300-00,0.0060,13.20,yes
2026-10-05T02:58:22.026146Z,KXBTC15M-26OCT042300-00,0.0040,37.28,no
2026-10-05T02:58:22.026146Z,KXBTC15M-26OCT042300-00,0.0040,123.44,no
2026-10-05T02:58:22.075003Z,KXBTC15M-26OCT042300-00,0.0050,46.70,yes
2026-10-05T02:58:22.112009Z,KXBTC15M-26OCT042300-00,0.0050,37.28,yes
2026-10-05T02:58:22.112009Z,KXBTC15M-26OCT042300-00,0.0050,76.74,yes
2026-10-05T02:58:22.112009Z,KXBTC15M-26OCT042300-00,0.0080,26.98,yes
2026-10-05T02:58:22.112009Z,KXBTC15M-26OCT042300-00,0.0070,15.00,yes
2026-10-05T02:58:22.112009Z,KXBTC15M-26OCT042300-00,0.0070,15.00,yes
2026-10-05T02:58:22.112009Z,KXBTC15M-26OCT042300-00,0.0080,24.00,yes
2026-10-05T02:58:22.112009Z,KXBTC15M-26OCT042300-00,0.0070,15.00,yes
2026-10-05T02:58:22.112009Z,KXBTC15M-26OCT042300-00,0.0070,10.00,yes
2026-10-05T02:58:22.156842Z,KXBTC15M-26OCT042300-00,0.0070,15.00,yes
2026-10-05T02:58:22.156842Z,KXBTC15M-26OCT042300-00,0.0080,17.13,yes
2026-10-05T02:58:22.465768Z,KXBTC15M-26OCT042300-00,0.0060,0.01,no
2026-10-05T02:58:22.465768Z,KXBTC15M-26OCT042300-00,0.0060,0.01,no
2026-10-05T02:58:22.465768Z,KXBTC15M-26OCT042300-00,0.0060,15.00,no
2026-10-05T02:58:22.50781Z,KXBTC15M-26OCT042300-00,0.0040,175.19,no
2026-10-05T02:58:22.50781Z,KXBTC15M-26OCT042300-00,0.0060,0.01,no
2026-10-05T02:58:22.50781Z,KXBTC15M-26OCT042300-00,0.0050,15.00,no
2026-10-05T02:58:22.50781Z,KXBTC15M-26OCT042300-00,0.0050,48.75,no
2026-10-05T02:58:22.50781Z,KXBTC15M-26OCT042300-00,0.0060,0.01,no
2026-10-05T02:58:22.50781Z,KXBTC15M-26OCT042300-00,0.0050,15.00,no
2026-10-05T02:58:22.50781Z,KXBTC15M-26OCT042300-00,0.0050,22.00,no
2026-10-05T02:58:22.551811Z,KXBTC15M-26OCT042300-00,0.0070,24.00,yes
2026-10-05T02:58:22.551811Z,KXBTC15M-26OCT042300-00,0.0070,0.01,yes
2026-10-05T02:58:22.551811Z,KXBTC15M-26OCT042300-00,0.0070,285.82,yes
2026-10-05T02:58:22.551811Z,KXBTC15M-26OCT042300-00,0.0070,15.00,yes
2026-10-05T02:58:22.551811Z,KXBTC15M-26OCT042300-00,0.0070,0.01,yes
2026-10-05T02:58:22.551811Z,KXBTC15M-26OCT042300-00,0.0070,254.08,yes
2026-10-05T02:58:22.578976Z,KXBTC15M-26OCT042300-00,0.0070,18.14,yes
2026-10-05T02:58:22.680994Z,KXBTC15M-26OCT042300-00,0.0060,0.01,no
2026-10-05T02:58:22.680994Z,KXBTC15M-26OCT042300-00,0.0060,0.01,no
2026-10-05T02:58:22.680994Z,KXBTC15M-26OCT042300-00,0.0060,0.98,no
2026-10-05T02:58:22.686206Z,KXBTC15M-26OCT042300-00,0.0060,10.03,no
2026-10-05T02:58:22.71971Z,KXBTC15M-26OCT042300-00,0.0060,44.21,no
2026-10-05T02:58:22.721102Z,KXBTC15M-26OCT042300-00,0.0070,53.67,yes
2026-10-05T02:58:22.807337Z,KXBTC15M-26OCT042300-00,0.0070,13.35,yes
2026-10-05T02:58:22.927869Z,KXBTC15M-26OCT042300-00,0.0070,1.08,yes
2026-10-05T02:58:22.968203Z,KXBTC15M-26OCT042300-00,0.0070,40.70,yes
2026-10-05T02:58:23.127672Z,KXBTC15M-26OCT042300-00,0.0070,13.35,yes
2026-10-05T02:58:23.215461Z,KXBTC15M-26OCT042300-00,0.0070,9.86,yes
2026-10-05T02:58:23.244851Z,KXBTC15M-26OCT042300-00,0.0060,0.01,no
2026-10-05T02:58:23.244851Z,KXBTC15M-26OCT042300-00,0.0060,79.20,no
2026-10-05T02:58:23.244851Z,KXBTC15M-26OCT042300-00,0.0060,15.00,no
2026-10-05T02:58:23.244851Z,KXBTC15M-26OCT042300-00,0.0060,0.01,no
2026-10-05T02:58:23.244851Z,KXBTC15M-26OCT042300-00,0.0060,344.78,no
2026-10-05T02:58:23.318711Z,KXBTC15M-26OCT042300-00,0.0060,0.01,no
2026-10-05T02:58:23.318711Z,KXBTC15M-26OCT042300-00,0.0060,0.01,no
2026-10-05T02:58:23.318711Z,KXBTC15M-26OCT042300-00,0.0060,3.09,no
2026-10-05T02:58:23.371234Z,KXBTC15M-26OCT042300-00,0.0070,24.00,yes
2026-10-05T02:58:23.371234Z,KXBTC15M-26OCT042300-00,0.0070,96.85,yes
2026-10-05T02:58:23.371234Z,KXBTC15M-26OCT042300-00,0.0070,0.01,yes
2026-10-05T02:58:23.371234Z,KXBTC15M-26OCT042300-00,0.0070,10.00,yes
2026-10-05T02:58:23.371234Z,KXBTC15M-26OCT042300-00,0.0070,15.00,yes
2026-10-05T02:58:23.371234Z,KXBTC15M-26OCT042300-00,0.0070,0.01,yes
2026-10-05T02:58:23.419935Z,KXBTC15M-26OCT042300-00,0.0070,3.40,no
2026-10-05T02:58:23.432555Z,KXBTC15M-26OCT042300-00,0.0070,0.01,no
2026-10-05T02:58:23.432555Z,KXBTC15M-26OCT042300-00,0.0070,350.73,no
2026-10-05T02:58:23.432555Z,KXBTC15M-26OCT042300-00,0.0070,0.01,no
2026-10-05T02:58:23.749879Z,KXBTC15M-26OCT042300-00,0.0040,482.54,no
2026-10-05T02:58:23.749879Z,KXBTC15M-26OCT042300-00,0.0060,32.55,no
2026-10-05T02:58:23.749879Z,KXBTC15M-26OCT042300-00,0.0050,32.55,no
2026-10-05T02:58:23.749879Z,KXBTC15M-26OCT042300-00,0.0060,400.00,no
2026-10-05T02:58:23.749879Z,KXBTC15M-26OCT042300-00,0.0060,0.01,no
2026-10-05T02:58:23.749879Z,KXBTC15M-26OCT042300-00,0.0060,0.01,no
2026-10-05T02:58:23.749879Z,KXBTC15M-26OCT042300-00,0.0060,15.00,no
2026-10-05T02:58:23.749879Z,KXBTC15M-26OCT042300-00,0.0050,22.00,no
2026-10-05T02:58:23.822071Z,KXBTC15M-26OCT042300-00,0.0070,11.69,yes
2026-10-05T02:58:23.920035Z,KXBTC15M-26OCT042300-00,0.0070,1.80,yes
2026-10-05T02:58:24.017124Z,KXBTC15M-26OCT042300-00,0.0070,469.05,yes
2026-10-05T02:58:24.017124Z,KXBTC15M-26OCT042300-00,0.0070,199.78,yes
2026-10-05T02:58:24.017124Z,KXBTC15M-26OCT042300-00,0.0070,500.00,yes
2026-10-05T02:58:24.032686Z,KXBTC15M-26OCT042300-00,0.0040,28.38,no
2026-10-05T02:58:24.032686Z,KXBTC15M-26OCT042300-00,0.0060,500.00,no
2026-10-05T02:58:24.032686Z,KXBTC15M-26OCT042300-00,0.0060,0.01,no
2026-10-05T02:58:24.032686Z,KXBTC15M-26OCT042300-00,0.0060,400.00,no
2026-10-05T02:58:24.032686Z,KXBTC15M-26OCT042300-00,0.0050,22.00,no
2026-10-05T02:58:24.032686Z,KXBTC15M-26OCT042300-00,0.0060,0.01,no
2026-10-05T02:58:24.039718Z,KXBTC15M-26OCT042300-00,0.0070,0.01,yes
2026-10-05T02:58:24.039718Z,KXBTC15M-26OCT042300-00,0.0070,15.00,yes
2026-10-05T02:58:24.039718Z,KXBTC15M-26OCT042300-00,0.0070,0.01,yes
2026-10-05T02:58:24.039718Z,KXBTC15M-26OCT042300-00,0.0080,43.42,yes
2026-10-05T02:58:24.052682Z,KXBTC15M-26OCT042300-00,0.0060,0.01,no
2026-10-05T02:58:24.052682Z,KXBTC15M-26OCT042300-00,0.0060,0.01,no
2026-10-05T02:58:24.052682Z,KXBTC15M-26OCT042300-00,0.0050,173.46,no
2026-10-05T02:58:24.056192Z,KXBTC15M-26OCT042300-00,0.0070,0.01,yes
2026-10-05T02:58:24.056192Z,KXBTC15M-26OCT042300-00,0.0080,229.08,yes
2026-10-05T02:58:24.136524Z,KXBTC15M-26OCT042300-00,0.0060,12.36,no
2026-10-05T02:58:24.140644Z,KXBTC15M-26OCT042300-00,0.0060,15.00,no
2026-10-05T02:58:24.140644Z,KXBTC15M-26OCT042300-00,0.0050,19.53,no
2026-10-05T02:58:24.140644Z,KXBTC15M-26OCT042300-00,0.0060,0.01,no
2026-10-05T02:58:24.140644Z,KXBTC15M-26OCT042300-00,0.0060,0.01,no
2026-10-05T02:58:24.140644Z,KXBTC15M-26OCT042300-00,0.0050,0.01,no
2026-10-05T02:58:24.140644Z,KXBTC15M-26OCT042300-00,0.0050,0.01,no
2026-10-05T02:58:24.140644Z,KXBTC15M-26OCT042300-00,0.0050,23.26,no
2026-10-05T02:58:24.140644Z,KXBTC15M-26OCT042300-00,0.0060,20.00,no
2026-10-05T02:58:24.140644Z,KXBTC15M-26OCT042300-00,0.0060,19.53,no
2026-10-05T02:58:24.140644Z,KXBTC15M-26OCT042300-00,0.0060,2.64,no
2026-10-05T02:58:24.161139Z,KXBTC15M-26OCT042300-00,0.0060,20.00,no
2026-10-05T02:58:24.161139Z,KXBTC15M-26OCT042300-00,0.0050,0.01,no
2026-10-05T02:58:24.161139Z,KXBTC15M-26OCT042300-00,0.0060,0.01,no
2026-10-05T02:58:24.161139Z,KXBTC15M-26OCT042300-00,0.0050,9.81,no
2026-10-05T02:58:24.16912Z,KXBTC15M-26OCT042300-00,0.0060,0.01,no
2026-10-05T02:58:24.16912Z,KXBTC15M-26OCT042300-00,0.0060,0.01,no
2026-10-05T02:58:24.16912Z,KXBTC15M-26OCT042300-00,0.0050,0.98,no
2026-10-05T02:58:24.171397Z,KXBTC15M-26OCT042300-00,0.0060,19.02,no
2026-10-05T02:58:24.171397Z,KXBTC15M-26OCT042300-00,0.0050,0.01,no
2026-10-05T02:58:24.171397Z,KXBTC15M-26OCT042300-00,0.0050,1.91,no
2026-10-05T02:58:24.191728Z,KXBTC15M-26OCT042300-00,0.0070,15.00,yes
2026-10-05T02:58:24.191728Z,KXBTC15M-26OCT042300-00,0.0070,0.01,yes
2026-10-05T02:58:24.191728Z,KXBTC15M-26OCT042300-00,0.0070,0.01,yes
2026-10-05T02:58:24.191728Z,KXBTC15M-26OCT042300-00,0.0070,73.48,yes
2026-10-05T02:58:24.191728Z,KXBTC15M-26OCT042300-00,0.0070,28.38,yes
2026-10-05T02:58:24.213695Z,KXBTC15M-26OCT042300-00,0.0070,312.00,yes
2026-10-05T02:58:24.256787Z,KXBTC15M-26OCT042300-00,0.0040,380.37,no
2026-10-05T02:58:24.256787Z,KXBTC15M-26OCT042300-00,0.0050,0.01,no
2026-10-05T02:58:24.256787Z,KXBTC15M-26OCT042300-00,0.0050,22.00,no
2026-10-05T02:58:24.256787Z,KXBTC15M-26OCT042300-00,0.0050,0.01,no
2026-10-05T02:58:24.256787Z,KXBTC15M-26OCT042300-00,0.0060,0.01,no
2026-10-05T02:58:24.256787Z,KXBTC15M-26OCT042300-00,0.0060,0.01,no
2026-10-05T02:58:24.28707Z,KXBTC15M-26OCT042300-00,0.0070,7.03,yes
2026-10-05T02:58:24.326631Z,KXBTC15M-26OCT042300-00,0.0060,2.21,no
2026-10-05T02:58:24.326631Z,KXBTC15M-26OCT042300-00,0.0060,0.01,no
2026-10-05T02:58:24.326631Z,KXBTC15M-26OCT042300-00,0.0060,0.01,no
2026-10-05T02:58:24.419462Z,KXBTC15M-26OCT042300-00,0.0070,0.01,yes
2026-10-05T02:58:24.419462Z,KXBTC15M-26OCT042300-00,0.0070,0.01,yes
2026-10-05T02:58:24.419462Z,KXBTC15M-26OCT042300-00,0.0070,107.49,yes
2026-10-05T02:58:24.419462Z,KXBTC15M-26OCT042300-00,0.0070,15.00,yes
2026-10-05T02:58:24.419462Z,KXBTC15M-26OCT042300-00,0.0070,15.49,yes
2026-10-05T02:58:24.438405Z,KXBTC15M-26OCT042300-00,0.0040,59.59,no
2026-10-05T02:58:24.438405Z,KXBTC15M-26OCT042300-00,0.0060,15.00,no
2026-10-05T02:58:24.438405Z,KXBTC15M-26OCT042300-00,0.0050,22.00,no
2026-10-05T02:58:24.438405Z,KXBTC15M-26OCT042300-00,0.0060,0.01,no
2026-10-05T02:58:24.438405Z,KXBTC15M-26OCT042300-00,0.0060,0.01,no
2026-10-05T02:58:24.48581Z,KXBTC15M-26OCT042300-00,0.0070,0.01,yes
2026-10-05T02:58:24.48581Z,KXBTC15M-26OCT042300-00,0.0070,380.37,yes
2026-10-05T02:58:24.48581Z,KXBTC15M-26OCT042300-00,0.0070,0.01,yes
2026-10-05T02:58:24.48581Z,KXBTC15M-26OCT042300-00,0.0070,48.35,yes
2026-10-05T02:58:24.743184Z,KXBTC15M-26OCT042300-00,0.0070,15.00,yes
2026-10-05T02:58:24.743184Z,KXBTC15M-26OCT042300-00,0.0070,113.23,yes
2026-10-05T02:58:24.79027Z,KXBTC15M-26OCT042300-00,0.0070,130.90,yes
2026-10-05T02:58:24.821823Z,KXBTC15M-26OCT042300-00,0.0070,1.00,yes
2026-10-05T02:58:24.842628Z,KXBTC15M-26OCT042300-00,0.0070,0.06,yes
2026-10-05T02:58:24.865708Z,KXBTC15M-26OCT042300-00,0.0070,130.90,yes
2026-10-05T02:58:24.887779Z,KXBTC15M-26OCT042300-00,0.0040,120.00,no
2026-10-05T02:58:24.887779Z,KXBTC15M-26OCT042300-00,0.0030,1395.00,no
2026-10-05T02:58:24.887779Z,KXBTC15M-26OCT042300-00,0.0040,636.65,no
2026-10-05T02:58:24.887779Z,KXBTC15M-26OCT042300-00,0.0030,602.61,no
2026-10-05T02:58:24.887779Z,KXBTC15M-26OCT042300-00,0.0040,512.00,no
2026-10-05T02:58:24.887779Z,KXBTC15M-26OCT042300-00,0.0040,1.00,no
2026-10-05T02:58:24.887779Z,KXBTC15M-26OCT042300-00,0.0040,1.00,no
2026-10-05T02:58:24.887779Z,KXBTC15M-26OCT042300-00,0.0040,13.00,no
2026-10-05T02:58:24.887779Z,KXBTC15M-26OCT042300-00,0.0040,1.00,no
2026-10-05T02:58:24.887779Z,KXBTC15M-26OCT042300-00,0.0040,1.00,no
2026-10-05T02:58:24.887779Z,KXBTC15M-26OCT042300-00,0.0040,1.00,no
2026-10-05T02:58:24.887779Z,KXBTC15M-26OCT042300-00,0.0060,0.01,no
2026-10-05T02:58:24.887779Z,KXBTC15M-26OCT042300-00,0.0060,15.00,no
2026-10-05T02:58:24.887779Z,KXBTC15M-26OCT042300-00,0.0050,22.00,no
2026-10-05T02:58:24.887779Z,KXBTC15M-26OCT042300-00,0.0060,0.01,no
2026-10-05T02:58:24.887779Z,KXBTC15M-26OCT042300-00,0.0060,1.00,no
2026-10-05T02:58:24.887779Z,KXBTC15M-26OCT042300-00,0.0040,11.72,no
2026-10-05T02:58:24.887779Z,KXBTC15M-26OCT042300-00,0.0040,15.00,no
2026-10-05T02:58:24.887779Z,KXBTC15M-26OCT042300-00,0.0040,1047.00,no
2026-10-05T02:58:24.889956Z,KXBTC15M-26OCT042300-00,0.0070,184.81,yes
2026-10-05T02:58:24.902628Z,KXBTC15M-26OCT042300-00,0.0060,0.01,no
2026-10-05T02:58:24.902628Z,KXBTC15M-26OCT042300-00,0.0060,0.01,no
2026-10-05T02:58:24.902628Z,KXBTC15M-26OCT042300-00,0.0040,9.37,no
2026-10-05T02:58:24.902628Z,KXBTC15M-26OCT042300-00,0.0050,22.00,no
2026-10-05T02:58:24.902628Z,KXBTC15M-26OCT042300-00,0.0040,268.87,no
2026-10-05T02:58:24.905312Z,KXBTC15M-26OCT042300-00,0.0040,12.54,yes
2026-10-05T02:58:24.936201Z,KXBTC15M-26OCT042300-00,0.0040,8.00,yes
2026-10-05T02:58:24.958245Z,KXBTC15M-26OCT042300-00,0.0030,394.19,no
2026-10-05T02:58:24.968009Z,KXBTC15M-26OCT042300-00,0.0040,85.00,yes
2026-10-05T02:58:25.1362Z,KXBTC15M-26OCT042300-00,0.0040,15.00,yes
2026-10-05T02:58:25.1362Z,KXBTC15M-26OCT042300-00,0.0040,123.89,yes
2026-10-05T02:58:25.1362Z,KXBTC15M-26OCT042300-00,0.0040,0.01,yes
2026-10-05T02:58:25.1362Z,KXBTC15M-26OCT042300-00,0.0040,0.01,yes
2026-10-05T02:58:25.1362Z,KXBTC15M-26OCT042300-00,0.0040,594.20,yes
2026-10-05T02:58:25.1362Z,KXBTC15M-26OCT042300-00,0.0040,602.61,yes
2026-10-05T02:58:25.165435Z,KXBTC15M-26OCT042300-00,0.0040,133.58,yes
2026-10-05T02:58:25.16688Z,KXBTC15M-26OCT042300-00,0.0040,9.13,yes
2026-10-05T02:58:25.177092Z,KXBTC15M-26OCT042300-00,0.0040,15.00,yes
2026-10-05T02:58:25.177092Z,KXBTC15M-26OCT042300-00,0.0040,0.01,yes
2026-10-05T02:58:25.177092Z,KXBTC15M-26OCT042300-00,0.0040,0.01,yes
2026-10-05T02:58:25.177092Z,KXBTC15M-26OCT042300-00,0.0050,124.54,yes
2026-10-05T02:58:25.177092Z,KXBTC15M-26OCT042300-00,0.0040,127.59,yes
2026-10-05T02:58:25.252951Z,KXBTC15M-26OCT042300-00,0.0040,15.00,yes
2026-10-05T02:58:25.252951Z,KXBTC15M-26OCT042300-00,0.0040,0.01,yes
2026-10-05T02:58:25.252951Z,KXBTC15M-26OCT042300-00,0.0040,0.01,yes
2026-10-05T02:58:25.252951Z,KXBTC15M-26OCT042300-00,0.0040,3.68,yes
2026-10-05T02:58:25.252982Z,KXBTC15M-26OCT042300-00,0.0040,11.32,yes
2026-10-05T02:58:25.252982Z,KXBTC15M-26OCT042300-00,0.0050,122.26,yes
2026-10-05T02:58:25.306389Z,KXBTC15M-26OCT042300-00,0.0040,15.00,yes
2026-10-05T02:58:25.306389Z,KXBTC15M-26OCT042300-00,0.0040,0.01,yes
2026-10-05T02:58:25.306389Z,KXBTC15M-26OCT042300-00,0.0040,0.01,yes
2026-10-05T02:58:25.306389Z,KXBTC15M-26OCT042300-00,0.0050,118.56,yes
2026-10-05T02:58:25.349781Z,KXBTC15M-26OCT042300-00,0.0040,10.09,yes
2026-10-05T02:58:25.349781Z,KXBTC15M-26OCT042300-00,0.0040,0.01,yes
2026-10-05T02:58:25.349781Z,KXBTC15M-26OCT042300-00,0.0040,0.01,yes
2026-10-05T02:58:25.352474Z,KXBTC15M-26OCT042300-00,0.0040,4.91,yes
2026-10-05T02:58:25.352474Z,KXBTC15M-26OCT042300-00,0.0050,247.60,yes
2026-10-05T02:58:25.352474Z,KXBTC15M-26OCT042300-00,0.0050,14.64,yes
2026-10-05T02:58:25.427546Z,KXBTC15M-26OCT042300-00,0.0040,0.01,yes
2026-10-05T02:58:25.427546Z,KXBTC15M-26OCT042300-00,0.0040,15.00,yes
2026-10-05T02:58:25.427546Z,KXBTC15M-26OCT042300-00,0.0040,0.01,yes
2026-10-05T02:58:25.427546Z,KXBTC15M-26OCT042300-00,0.0050,10.77,yes
2026-10-05T02:58:25.440814Z,KXBTC15M-26OCT042300-00,0.0040,0.01,yes
2026-10-05T02:58:25.440814Z,KXBTC15M-26OCT042300-00,0.0040,0.01,yes
2026-10-05T02:58:25.511542Z,KXBTC15M-26OCT042300-00,0.0030,5.79,no
2026-10-05T02:58:25.577665Z,KXBTC15M-26OCT042300-00,0.0030,50.55,no
2026-10-05T02:58:25.656396Z,KXBTC15M-26OCT042300-00,0.0030,3.00,no
2026-10-05T02:58:25.759456Z,KXBTC15M-26OCT042300-00,0.0040,0.01,yes
2026-10-05T02:58:25.759456Z,KXBTC15M-26OCT042300-00,0.0040,15.00,yes
2026-10-05T02:58:25.759456Z,KXBTC15M-26OCT042300-00,0.0050,200.00,yes
2026-10-05T02:58:25.759456Z,KXBTC15M-26OCT042300-00,0.0040,3.00,yes
2026-10-05T02:58:25.759456Z,KXBTC15M-26OCT042300-00,0.0040,5.79,yes
2026-10-05T02:58:25.759456Z,KXBTC15M-26OCT042300-00,0.0040,50.55,yes
2026-10-05T02:58:25.759456Z,KXBTC15M-26OCT042300-00,0.0040,0.01,yes
2026-10-05T02:58:25.759456Z,KXBTC15M-26OCT042300-00,0.0050,120.00,yes
2026-10-05T02:58:25.759456Z,KXBTC15M-26OCT042300-00,0.0050,378.28,yes
2026-10-05T02:58:25.759456Z,KXBTC15M-26OCT042300-00,0.0070,24.00,yes
2026-10-05T02:58:25.759456Z,KXBTC15M-26OCT042300-00,0.0070,59.59,yes
2026-10-05T02:58:25.759456Z,KXBTC15M-26OCT042300-00,0.0060,15.00,yes
2026-10-05T02:58:25.759456Z,KXBTC15M-26OCT042300-00,0.0070,17.00,yes
2026-10-05T02:58:25.759456Z,KXBTC15M-26OCT042300-00,0.0080,10.52,yes
2026-10-05T02:58:25.77109Z,KXBTC15M-26OCT042300-00,0.0040,0.01,yes
2026-10-05T02:58:25.844998Z,KXBTC15M-26OCT042300-00,0.0050,0.01,no
2026-10-05T02:58:25.844998Z,KXBTC15M-26OCT042300-00,0.0050,87.98,no
2026-10-05T02:58:25.844998Z,KXBTC15M-26OCT042300-00,0.0050,0.01,no
2026-10-05T02:58:25.989074Z,KXBTC15M-26OCT042300-00,0.0050,64.92,no
2026-10-05T02:58:26.079019Z,KXBTC15M-26OCT042300-00,0.0050,500.00,no
2026-10-05T02:58:26.079019Z,KXBTC15M-26OCT042300-00,0.0050,247.10,no
2026-10-05T02:58:26.079019Z,KXBTC15M-26OCT042300-00,0.0050,0.01,no
2026-10-05T02:58:26.079019Z,KXBTC15M-26OCT042300-00,0.0050,52.88,no
2026-10-05T02:58:26.079019Z,KXBTC15M-26OCT042300-00,0.0050,0.01,no
2026-10-05T02:58:26.081653Z,KXBTC15M-26OCT042300-00,0.0050,250.00,no
2026-10-05T02:58:26.087697Z,KXBTC15M-26OCT042300-00,0.0030,74.26,no
2026-10-05T02:58:26.087697Z,KXBTC15M-26OCT042300-00,0.0050,100.00,no
2026-10-05T02:58:26.087697Z,KXBTC15M-26OCT042300-00,0.0050,0.01,no
2026-10-05T02:58:26.087697Z,KXBTC15M-26OCT042300-00,0.0050,0.01,no
2026-10-05T02:58:26.087697Z,KXBTC15M-26OCT042300-00,0.0040,47.50,no
2026-10-05T02:58:26.087697Z,KXBTC15M-26OCT042300-00,0.0050,197.12,no
2026-10-05T02:58:26.087697Z,KXBTC15M-26OCT042300-00,0.0040,14.99,no
2026-10-05T02:58:26.087697Z,KXBTC15M-26OCT042300-00,0.0050,47.50,no
2026-10-05T02:58:26.087697Z,KXBTC15M-26OCT042300-00,0.0040,20.00,no
2026-10-05T02:58:26.096809Z,KXBTC15M-26OCT042300-00,0.0050,250.00,no
2026-10-05T02:58:26.109962Z,KXBTC15M-26OCT042300-00,0.0060,7.26,yes
2026-10-05T02:58:26.123051Z,KXBTC15M-26OCT042300-00,0.0060,6.38,yes
2026-10-05T02:58:26.123051Z,KXBTC15M-26OCT042300-00,0.0060,0.86,yes
2026-10-05T02:58:26.123051Z,KXBTC15M-26OCT042300-00,0.0060,0.01,yes
2026-10-05T02:58:26.123051Z,KXBTC15M-26OCT042300-00,0.0060,7.74,yes
2026-10-05T02:58:26.123051Z,KXBTC15M-26OCT042300-00,0.0060,0.01,yes
2026-10-05T02:58:26.125048Z,KXBTC15M-26OCT042300-00,0.0050,0.01,no
2026-10-05T02:58:26.125048Z,KXBTC15M-26OCT042300-00,0.0050,70.24,no
2026-10-05T02:58:26.125048Z,KXBTC15M-26OCT042300-00,0.0050,0.01,no
2026-10-05T02:58:26.18817Z,KXBTC15M-26OCT042300-00,0.0060,7.26,yes
2026-10-05T02:58:26.198286Z,KXBTC15M-26OCT042300-00,0.0060,0.01,yes
2026-10-05T02:58:26.198286Z,KXBTC15M-26OCT042300-00,0.0060,60.62,yes
2026-10-05T02:58:26.198286Z,KXBTC15M-26OCT042300-00,0.0060,0.01,yes
2026-10-05T02:58:26.198286Z,KXBTC15M-26OCT042300-00,0.0070,24.00,yes
2026-10-05T02:58:26.198286Z,KXBTC15M-26OCT042300-00,0.0080,56.26,yes
2026-10-05T02:58:26.249444Z,KXBTC15M-26OCT042300-00,0.0080,36.33,yes
2026-10-05T02:58:26.371424Z,KXBTC15M-26OCT042300-00,0.0050,48.28,no
2026-10-05T02:58:26.371424Z,KXBTC15M-26OCT042300-00,0.0050,0.01,no
2026-10-05T02:58:26.371424Z,KXBTC15M-26OCT042300-00,0.0050,0.01,no
2026-10-05T02:58:26.39157Z,KXBTC15M-26OCT042300-00,0.0080,117.80,yes
2026-10-05T02:58:26.661418Z,KXBTC15M-26OCT042300-00,0.0080,47.39,yes
2026-10-05T02:58:26.672987Z,KXBTC15M-26OCT042300-00,0.0080,18.84,yes
2026-10-05T02:58:26.705599Z,KXBTC15M-26OCT042300-00,0.0030,539.84,no
2026-10-05T02:58:26.705599Z,KXBTC15M-26OCT042300-00,0.0050,351.72,no
2026-10-05T02:58:26.705599Z,KXBTC15M-26OCT042300-00,0.0050,0.01,no
2026-10-05T02:58:26.705599Z,KXBTC15M-26OCT042300-00,0.0040,20.00,no
2026-10-05T02:58:26.705599Z,KXBTC15M-26OCT042300-00,0.0050,0.01,no
2026-10-05T02:58:26.705599Z,KXBTC15M-26OCT042300-00,0.0050,28.50,no
2026-10-05T02:58:26.705599Z,KXBTC15M-26OCT042300-00,0.0040,28.50,no
2026-10-05T02:58:26.705599Z,KXBTC15M-26OCT042300-00,0.0040,15.00,no
2026-10-05T02:58:26.975675Z,KXBTC15M-26OCT042300-00,0.0060,38.40,yes
2026-10-05T02:58:27.027101Z,KXBTC15M-26OCT042300-00,0.0060,116.88,yes
2026-10-05T02:58:27.048871Z,KXBTC15M-26OCT042300-00,0.0050,0.01,no
2026-10-05T02:58:27.048871Z,KXBTC15M-26OCT042300-00,0.0050,99.98,no
2026-10-05T02:58:27.048871Z,KXBTC15M-26OCT042300-00,0.0050,0.01,no
2026-10-05T02:58:27.111479Z,KXBTC15M-26OCT042300-00,0.0050,0.01,no
2026-10-05T02:58:27.111479Z,KXBTC15M-26OCT042300-00,0.0050,0.01,no
2026-10-05T02:58:27.111479Z,KXBTC15M-26OCT042300-00,0.0050,299.98,no
2026-10-05T02:58:27.149324Z,KXBTC15M-26OCT042300-00,0.0060,384.56,yes
2026-10-05T02:58:27.149324Z,KXBTC15M-26OCT042300-00,0.0060,205.84,yes
2026-10-05T02:58:27.152012Z,KXBTC15M-26OCT042300-00,0.0050,0.01,no
2026-10-05T02:58:27.152012Z,KXBTC15M-26OCT042300-00,0.0050,249.98,no
2026-10-05T02:58:27.152012Z,KXBTC15M-26OCT042300-00,0.0050,0.01,no
2026-10-05T02:58:27.204557Z,KXBTC15M-26OCT042300-00,0.0060,266.24,yes
2026-10-05T02:58:27.204557Z,KXBTC15M-26OCT042300-00,0.0060,24.00,yes
2026-10-05T02:58:27.204557Z,KXBTC15M-26OCT042300-00,0.0060,0.01,yes
2026-10-05T02:58:27.204557Z,KXBTC15M-26OCT042300-00,0.0060,0.01,yes
2026-10-05T02:58:27.204557Z,KXBTC15M-26OCT042300-00,0.0060,294.16,yes
2026-10-05T02:58:27.222562Z,KXBTC15M-26OCT042300-00,0.0060,116.88,yes
2026-10-05T02:58:27.256909Z,KXBTC15M-26OCT042300-00,0.0060,116.88,yes
2026-10-05T02:58:27.256909Z,KXBTC15M-26OCT042300-00,0.0060,0.01,yes
2026-10-05T02:58:27.256909Z,KXBTC15M-26OCT042300-00,0.0060,400.00,yes
2026-10-05T02:58:27.256909Z,KXBTC15M-26OCT042300-00,0.0060,0.01,yes
2026-10-05T02:58:27.256909Z,KXBTC15M-26OCT042300-00,0.0070,24.00,yes
2026-10-05T02:58:27.256909Z,KXBTC15M-26OCT042300-00,0.0080,43.52,yes
2026-10-05T02:58:27.287535Z,KXBTC15M-26OCT042300-00,0.0070,116.88,yes
2026-10-05T02:58:27.325032Z,KXBTC15M-26OCT042300-00,0.0070,153.78,yes
2026-10-05T02:58:27.325032Z,KXBTC15M-26OCT042300-00,0.0070,100.00,yes
2026-10-05T02:58:27.325032Z,KXBTC15M-26OCT042300-00,0.0070,0.01,yes
2026-10-05T02:58:27.325032Z,KXBTC15M-26OCT042300-00,0.0070,330.62,yes
2026-10-05T02:58:27.325032Z,KXBTC15M-26OCT042300-00,0.0070,0.01,yes
2026-10-05T02:58:27.363526Z,KXBTC15M-26OCT042300-00,0.0030,127.66,no
2026-10-05T02:58:27.363526Z,KXBTC15M-26OCT042300-00,0.0050,0.01,no
2026-10-05T02:58:27.363526Z,KXBTC15M-26OCT042300-00,0.0050,0.01,no
2026-10-05T02:58:27.363526Z,KXBTC15M-26OCT042300-00,0.0040,20.00,no
2026-10-05T02:58:27.383375Z,KXBTC15M-26OCT042300-00,0.0040,2.79,no
2026-10-05T02:58:27.383375Z,KXBTC15M-26OCT042300-00,0.0050,0.01,no
2026-10-05T02:58:27.383375Z,KXBTC15M-26OCT042300-00,0.0050,0.01,no
2026-10-05T02:58:27.383375Z,KXBTC15M-26OCT042300-00,0.0040,20.00,no
2026-10-05T02:58:27.402971Z,KXBTC15M-26OCT042300-00,0.0040,223.34,no
2026-10-05T02:58:27.402971Z,KXBTC15M-26OCT042300-00,0.0050,0.01,no
2026-10-05T02:58:27.402971Z,KXBTC15M-26OCT042300-00,0.0050,0.01,no
2026-10-05T02:58:27.402971Z,KXBTC15M-26OCT042300-00,0.0050,22.00,no
2026-10-05T02:58:27.437764Z,KXBTC15M-26OCT042300-00,0.0040,20.00,no
2026-10-05T02:58:27.437764Z,KXBTC15M-26OCT042300-00,0.0040,17.10,no
2026-10-05T02:58:27.437764Z,KXBTC15M-26OCT042300-00,0.0040,500.00,no
2026-10-05T02:58:27.437764Z,KXBTC15M-26OCT042300-00,0.0040,500.00,no
2026-10-05T02:58:27.437764Z,KXBTC15M-26OCT042300-00,0.0040,0.01,no
2026-10-05T02:58:27.437764Z,KXBTC15M-26OCT042300-00,0.0040,400.00,no
2026-10-05T02:58:27.437764Z,KXBTC15M-26OCT042300-00,0.0040,0.01,no
2026-10-05T02:58:27.442731Z,KXBTC15M-26OCT042300-00,0.0030,2.10,no
2026-10-05T02:58:27.442731Z,KXBTC15M-26OCT042300-00,0.0030,0.24,no
2026-10-05T02:58:27.571398Z,KXBTC15M-26OCT042300-00,0.0050,0.20,yes
2026-10-05T02:58:27.630051Z,KXBTC15M-26OCT042300-00,0.0040,0.01,no
2026-10-05T02:58:27.630051Z,KXBTC15M-26OCT042300-00,0.0040,400.00,no
2026-10-05T02:58:27.630051Z,KXBTC15M-26OCT042300-00,0.0040,500.00,no
2026-10-05T02:58:27.630051Z,KXBTC15M-26OCT042300-00,0.0040,500.00,no
2026-10-05T02:58:27.630051Z,KXBTC15M-26OCT042300-00,0.0040,20.00,no
2026-10-05T02:58:27.630051Z,KXBTC15M-26OCT042300-00,0.0040,100.00,no
2026-10-05T02:58:27.630051Z,KXBTC15M-26OCT042300-00,0.0040,0.01,no
2026-10-05T02:58:27.664311Z,KXBTC15M-26OCT042300-00,0.0050,24.00,yes
2026-10-05T02:58:27.664311Z,KXBTC15M-26OCT042300-00,0.0050,159.92,yes
2026-10-05T02:58:27.664311Z,KXBTC15M-26OCT042300-00,0.0050,0.24,yes
2026-10-05T02:58:27.664311Z,KXBTC15M-26OCT042300-00,0.0050,127.46,yes
2026-10-05T02:58:27.664311Z,KXBTC15M-26OCT042300-00,0.0050,0.01,yes
2026-10-05T02:58:27.664311Z,KXBTC15M-26OCT042300-00,0.0050,0.01,yes
2026-10-05T02:58:27.726589Z,KXBTC15M-26OCT042300-00,0.0040,0.01,no
2026-10-05T02:58:27.726589Z,KXBTC15M-26OCT042300-00,0.0040,50.19,no
2026-10-05T02:58:27.726589Z,KXBTC15M-26OCT042300-00,0.0040,0.01,no
2026-10-05T02:58:27.726589Z,KXBTC15M-26OCT042300-00,0.0040,20.00,no
2026-10-05T02:58:27.748673Z,KXBTC15M-26OCT042300-00,0.0040,0.01,no
2026-10-05T02:58:27.748673Z,KXBTC15M-26OCT042300-00,0.0040,0.01,no
2026-10-05T02:58:27.748673Z,KXBTC15M-26OCT042300-00,0.0040,10.01,no
2026-10-05T02:58:27.799298Z,KXBTC15M-26OCT042300-00,0.0070,3.98,yes
2026-10-05T02:58:27.799298Z,KXBTC15M-26OCT042300-00,0.0050,0.01,yes
2026-10-05T02:58:27.799298Z,KXBTC15M-26OCT042300-00,0.0050,0.01,yes
2026-10-05T02:58:27.799298Z,KXBTC15M-26OCT042300-00,0.0050,2.10,yes
2026-10-05T02:58:27.828153Z,KXBTC15M-26OCT042300-00,0.0040,0.01,no
2026-10-05T02:58:27.828153Z,KXBTC15M-26OCT042300-00,0.0040,10.01,no
2026-10-05T02:58:27.828153Z,KXBTC15M-26OCT042300-00,0.0040,500.00,no
2026-10-05T02:58:27.828153Z,KXBTC15M-26OCT042300-00,0.0040,9.99,no
2026-10-05T02:58:27.828153Z,KXBTC15M-26OCT042300-00,0.0040,500.00,no
2026-10-05T02:58:27.828153Z,KXBTC15M-26OCT042300-00,0.0040,400.00,no
2026-10-05T02:58:27.828153Z,KXBTC15M-26OCT042300-00,0.0040,0.01,no
2026-10-05T02:58:27.851373Z,KXBTC15M-26OCT042300-00,0.0050,0.01,yes
2026-10-05T02:58:27.851373Z,KXBTC15M-26OCT042300-00,0.0050,0.01,yes
2026-10-05T02:58:27.877913Z,KXBTC15M-26OCT042300-00,0.0050,0.01,yes
2026-10-05T02:58:27.877913Z,KXBTC15M-26OCT042300-00,0.0050,0.01,yes
2026-10-05T02:58:28.013533Z,KXBTC15M-26OCT042300-00,0.0070,0.01,yes
2026-10-05T02:58:28.013533Z,KXBTC15M-26OCT042300-00,0.0070,0.01,yes
2026-10-05T02:58:28.013533Z,KXBTC15M-26OCT042300-00,0.0070,15.00,yes
2026-10-05T02:58:28.013533Z,KXBTC15M-26OCT042300-00,0.0070,21.31,yes
2026-10-05T02:58:28.028687Z,KXBTC15M-26OCT042300-00,0.0070,0.01,yes
2026-10-05T02:58:28.028687Z,KXBTC15M-26OCT042300-00,0.0070,0.01,yes
2026-10-05T02:58:28.028687Z,KXBTC15M-26OCT042300-00,0.0070,13.99,yes
2026-10-05T02:58:28.028687Z,KXBTC15M-26OCT042300-00,0.0070,378.69,yes
2026-10-05T02:58:28.042889Z,KXBTC15M-26OCT042300-00,0.0050,1.00,no
2026-10-05T02:58:28.081439Z,KXBTC15M-26OCT042300-00,0.0060,36.33,yes
2026-10-05T02:58:28.083355Z,KXBTC15M-26OCT042300-00,0.0060,31.16,yes
2026-10-05T02:58:28.086505Z,KXBTC15M-26OCT042300-00,0.0060,387.80,yes
2026-10-05T02:58:28.086505Z,KXBTC15M-26OCT042300-00,0.0060,196.62,yes
2026-10-05T02:58:28.098602Z,KXBTC15M-26OCT042300-00,0.0060,161.14,yes
2026-10-05T02:58:28.098602Z,KXBTC15M-26OCT042300-00,0.0060,112.20,yes
2026-10-05T02:58:28.154239Z,KXBTC15M-26OCT042300-00,0.0060,0.01,yes
2026-10-05T02:58:28.154239Z,KXBTC15M-26OCT042300-00,0.0060,0.01,yes
2026-10-05T02:58:28.154239Z,KXBTC15M-26OCT042300-00,0.0060,78.19,yes
2026-10-05T02:58:28.154239Z,KXBTC15M-26OCT042300-00,0.0060,100.00,yes
2026-10-05T02:58:28.278966Z,KXBTC15M-26OCT042300-00,0.0030,136.46,no
2026-10-05T02:58:28.278966Z,KXBTC15M-26OCT042300-00,0.0050,0.01,no
2026-10-05T02:58:28.278966Z,KXBTC15M-26OCT042300-00,0.0050,0.01,no
2026-10-05T02:58:28.278966Z,KXBTC15M-26OCT042300-00,0.0050,14.00,no
2026-10-05T02:58:28.278966Z,KXBTC15M-26OCT042300-00,0.0040,20.00,no
2026-10-05T02:58:28.29883Z,KXBTC15M-26OCT042300-00,0.0060,0.01,yes
2026-10-05T02:58:28.29883Z,KXBTC15M-26OCT042300-00,0.0070,200.00,yes
2026-10-05T02:58:28.29883Z,KXBTC15M-26OCT042300-00,0.0060,0.01,yes
2026-10-05T02:58:28.29883Z,KXBTC15M-26OCT042300-00,0.0060,136.46,yes
2026-10-05T02:58:28.29883Z,KXBTC15M-26OCT042300-00,0.0060,100.00,yes
2026-10-05T02:58:28.29883Z,KXBTC15M-26OCT042300-00,0.0080,123.94,yes
2026-10-05T02:58:28.361735Z,KXBTC15M-26OCT042300-00,0.0060,400.00,yes
2026-10-05T02:58:28.361735Z,KXBTC15M-26OCT042300-00,0.0070,200.00,yes
2026-10-05T02:58:28.361735Z,KXBTC15M-26OCT042300-00,0.0060,0.01,yes
2026-10-05T02:58:28.361735Z,KXBTC15M-26OCT042300-00,0.0060,0.01,yes
2026-10-05T02:58:28.361735Z,KXBTC15M-26OCT042300-00,0.0080,66.14,yes
2026-10-05T02:58:28.417627Z,KXBTC15M-26OCT042300-00,0.0050,0.01,no
2026-10-05T02:58:28.417627Z,KXBTC15M-26OCT042300-00,0.0040,0.01,no
2026-10-05T02:58:28.417627Z,KXBTC15M-26OCT042300-00,0.0040,0.97,no
2026-10-05T02:58:28.417627Z,KXBTC15M-26OCT042300-00,0.0050,0.01,no
2026-10-05T02:58:28.430069Z,KXBTC15M-26OCT042300-00,0.0080,24.00,yes
2026-10-05T02:58:28.430069Z,KXBTC15M-26OCT042300-00,0.0080,15.00,yes
2026-10-05T02:58:28.430069Z,KXBTC15M-26OCT042300-00,0.0080,0.01,yes
2026-10-05T02:58:28.430069Z,KXBTC15M-26OCT042300-00,0.0060,0.01,yes
2026-10-05T02:58:28.430069Z,KXBTC15M-26OCT042300-00,0.0080,36.61,yes
2026-10-05T02:58:28.430069Z,KXBTC15M-26OCT042300-00,0.0060,0.01,yes
2026-10-05T02:58:28.430069Z,KXBTC15M-26OCT042300-00,0.0080,0.01,yes
2026-10-05T02:58:28.430069Z,KXBTC15M-26OCT042300-00,0.0080,15.00,yes
2026-10-05T02:58:28.430069Z,KXBTC15M-26OCT042300-00,0.0080,162.65,yes
2026-10-05T02:58:28.4311Z,KXBTC15M-26OCT042300-00,0.0040,0.97,no
2026-10-05T02:58:28.4311Z,KXBTC15M-26OCT042300-00,0.0040,0.01,no
2026-10-05T02:58:28.4311Z,KXBTC15M-26OCT042300-00,0.0050,141.30,no
2026-10-05T02:58:28.4311Z,KXBTC15M-26OCT042300-00,0.0040,101.30,no
2026-10-05T02:58:28.4311Z,KXBTC15M-26OCT042300-00,0.0040,59.73,no
2026-10-05T02:58:28.4311Z,KXBTC15M-26OCT042300-00,0.0040,0.01,no
2026-10-05T02:58:28.4311Z,KXBTC15M-26OCT042300-00,0.0040,19.03,no
2026-10-05T02:58:28.4311Z,KXBTC15M-26OCT042300-00,0.0050,0.01,no
2026-10-05T02:58:28.4311Z,KXBTC15M-26OCT042300-00,0.0050,274.72,no
2026-10-05T02:58:28.449466Z,KXBTC15M-26OCT042300-00,0.0060,0.01,yes
2026-10-05T02:58:28.449466Z,KXBTC15M-26OCT042300-00,0.0060,0.01,yes
2026-10-05T02:58:28.534819Z,KXBTC15M-26OCT042300-00,0.0070,12.96,yes
2026-10-05T02:58:28.597662Z,KXBTC15M-26OCT042300-00,0.0070,32.00,yes
2026-10-05T02:58:28.603645Z,KXBTC15M-26OCT042300-00,0.0070,14.58,yes
2026-10-05T02:58:28.774885Z,KXBTC15M-26OCT042300-00,0.0070,291.12,yes
2026-10-05T02:58:28.774885Z,KXBTC15M-26OCT042300-00,0.0070,206.13,yes
2026-10-05T02:58:28.81358Z,KXBTC15M-26OCT042300-00,0.0070,208.88,yes
2026-10-05T02:58:28.81358Z,KXBTC15M-26OCT042300-00,0.0070,0.01,yes
2026-10-05T02:58:28.81358Z,KXBTC15M-26OCT042300-00,0.0070,324.24,yes
2026-10-05T02:58:28.81358Z,KXBTC15M-26OCT042300-00,0.0070,100.00,yes
2026-10-05T02:58:28.81358Z,KXBTC15M-26OCT042300-00,0.0070,0.01,yes
2026-10-05T02:58:28.851313Z,KXBTC15M-26OCT042300-00,0.0070,54.95,yes
2026-10-05T02:58:28.860635Z,KXBTC15M-26OCT042300-00,0.0070,2.00,yes
2026-10-05T02:58:28.86095Z,KXBTC15M-26OCT042300-00,0.0070,3.00,yes
2026-10-05T02:58:28.861844Z,KXBTC15M-26OCT042300-00,0.0070,2.00,yes
2026-10-05T02:58:28.95023Z,KXBTC15M-26OCT042300-00,0.0070,117.09,yes
2026-10-05T02:58:28.95023Z,KXBTC15M-26OCT042300-00,0.0070,13.81,yes
2026-10-05T02:58:28.950754Z,KXBTC15M-26OCT042300-00,0.0110,10.00,yes
2026-10-05T02:58:28.950754Z,KXBTC15M-26OCT042300-00,0.0080,163.39,yes
2026-10-05T02:58:28.950754Z,KXBTC15M-26OCT042300-00,0.0070,500.00,yes
2026-10-05T02:58:28.950754Z,KXBTC15M-26OCT042300-00,0.0100,15.00,yes
2026-10-05T02:58:28.950754Z,KXBTC15M-26OCT042300-00,0.0070,82.91,yes
2026-10-05T02:58:28.950754Z,KXBTC15M-26OCT042300-00,0.0070,100.00,yes
2026-10-05T02:58:28.950754Z,KXBTC15M-26OCT042300-00,0.0100,93.75,yes
2026-10-05T02:58:28.950754Z,KXBTC15M-26OCT042300-00,0.0070,0.01,yes
2026-10-05T02:58:28.950754Z,KXBTC15M-26OCT042300-00,0.0100,93.75,yes
2026-10-05T02:58:28.950754Z,KXBTC15M-26OCT042300-00,0.0070,0.01,yes
2026-10-05T02:58:28.950754Z,KXBTC15M-26OCT042300-00,0.0070,24.00,yes
2026-10-05T02:58:28.950754Z,KXBTC15M-26OCT042300-00,0.0090,17.00,yes
2026-10-05T02:58:28.950754Z,KXBTC15M-26OCT042300-00,0.0080,15.00,yes
2026-10-05T02:58:28.950754Z,KXBTC15M-26OCT042300-00,0.0100,4.00,yes
2026-10-05T02:58:28.950754Z,KXBTC15M-26OCT042300-00,0.0100,64.00,yes
2026-10-05T02:58:28.950754Z,KXBTC15M-26OCT042300-00,0.0100,15.00,yes
2026-10-05T02:58:28.950754Z,KXBTC15M-26OCT042300-00,0.0100,64.00,yes
2026-10-05T02:58:28.950754Z,KXBTC15M-26OCT042300-00,0.0100,30.00,yes
2026-10-05T02:58:28.950754Z,KXBTC15M-26OCT042300-00,0.0100,15.00,yes
2026-10-05T02:58:28.950754Z,KXBTC15M-26OCT042300-00,0.0100,15.00,yes
2026-10-05T02:58:28.950754Z,KXBTC15M-26OCT042300-00,0.0090,2.00,yes
2026-10-05T02:58:28.950754Z,KXBTC15M-26OCT042300-00,0.0100,3141.00,yes
2026-10-05T02:58:28.950754Z,KXBTC15M-26OCT042300-00,0.0100,2.00,yes
2026-10-05T02:58:28.950754Z,KXBTC15M-26OCT042300-00,0.0120,10.00,yes
2026-10-05T02:58:28.950754Z,KXBTC15M-26OCT042300-00,0.0130,53.70,yes
2026-10-05T02:58:28.950754Z,KXBTC15M-26OCT042300-00,0.0120,2.00,yes
2026-10-05T02:58:28.950754Z,KXBTC15M-26OCT042300-00,0.0110,2.00,yes
2026-10-05T02:58:28.950754Z,KXBTC15M-26OCT042300-00,0.0120,1506.00,yes
2026-10-05T02:58:28.950754Z,KXBTC15M-26OCT042300-00,0.0120,234.00,yes
2026-10-05T02:58:28.950754Z,KXBTC15M-26OCT042300-00,0.0090,2000.00,yes
2026-10-05T02:58:28.950754Z,KXBTC15M-26OCT042300-00,0.0090,653.20,yes
2026-10-05T02:58:28.950754Z,KXBTC15M-26OCT042300-00,0.0100,50.00,yes
2026-10-05T02:58:28.950754Z,KXBTC15M-26OCT042300-00,0.0110,2.00,yes
2026-10-05T02:58:28.950754Z,KXBTC15M-26OCT042300-00,0.0100,2.00,yes
2026-10-05T02:58:28.950754Z,KXBTC15M-26OCT042300-00,0.0100,100.00,yes
2026-10-05T02:58:28.996546Z,KXBTC15M-26OCT042300-00,0.0060,0.01,no
2026-10-05T02:58:28.996546Z,KXBTC15M-26OCT042300-00,0.0060,1.28,no
2026-10-05T02:58:28.996546Z,KXBTC15M-26OCT042300-00,0.0060,0.01,no
2026-10-05T02:58:28.996546Z,KXBTC15M-26OCT042300-00,0.0060,2.00,no
2026-10-05T02:58:28.996546Z,KXBTC15M-26OCT042300-00,0.0060,14.98,no
2026-10-05T02:58:29.07472Z,KXBTC15M-26OCT042300-00,0.0050,172.78,no
2026-10-05T02:58:29.07472Z,KXBTC15M-26OCT042300-00,0.0060,0.01,no
2026-10-05T02:58:29.07472Z,KXBTC15M-26OCT042300-00,0.0060,0.01,no
2026-10-05T02:58:29.07472Z,KXBTC15M-26OCT042300-00,0.0060,1.28,no
2026-10-05T02:58:29.07472Z,KXBTC15M-26OCT042300-00,0.0060,15.00,no
2026-10-05T02:58:29.07472Z,KXBTC15M-26OCT042300-00,0.0050,1047.00,no
2026-10-05T02:58:29.07472Z,KXBTC15M-26OCT042300-00,0.0060,18.72,no
2026-10-05T02:58:29.07472Z,KXBTC15M-26OCT042300-00,0.0050,3.94,no
2026-10-05T02:58:29.076266Z,KXBTC15M-26OCT042300-00,0.0070,0.01,yes
2026-10-05T02:58:29.076266Z,KXBTC15M-26OCT042300-00,0.0070,0.01,yes
2026-10-05T02:58:29.076266Z,KXBTC15M-26OCT042300-00,0.0070,130.88,yes
2026-10-05T02:58:29.079042Z,KXBTC15M-26OCT042300-00,0.0070,1165.33,yes
2026-10-05T02:58:29.088727Z,KXBTC15M-26OCT042300-00,0.0060,48.98,no
2026-10-05T02:58:29.114626Z,KXBTC15M-26OCT042300-00,0.0060,100.50,no
2026-10-05T02:58:29.238454Z,KXBTC15M-26OCT042300-00,0.0060,424.75,no
2026-10-05T02:58:29.238454Z,KXBTC15M-26OCT042300-00,0.0060,2991.52,no
2026-10-05T02:58:29.243545Z,KXBTC15M-26OCT042300-00,0.0070,0.01,yes
2026-10-05T02:58:29.243545Z,KXBTC15M-26OCT042300-00,0.0070,0.01,yes
2026-10-05T02:58:29.243545Z,KXBTC15M-26OCT042300-00,0.0070,247.74,yes
2026-10-05T02:58:29.31884Z,KXBTC15M-26OCT042300-00,0.0060,24.47,no
2026-10-05T02:58:29.32766Z,KXBTC15M-26OCT042300-00,0.0070,6.41,yes
2026-10-05T02:58:29.451621Z,KXBTC15M-26OCT042300-00,0.0070,115.00,yes
2026-10-05T02:58:29.508645Z,KXBTC15M-26OCT042300-00,0.0070,392.70,yes
2026-10-05T02:58:29.536891Z,KXBTC15M-26OCT042300-00,0.0070,5.00,yes
2026-10-05T02:58:29.630331Z,KXBTC15M-26OCT042300-00,0.0070,128.23,yes
2026-10-05T02:58:29.722909Z,KXBTC15M-26OCT042300-00,0.0070,6.54,yes
2026-10-05T02:58:29.767189Z,KXBTC15M-26OCT042300-00,0.0070,130.90,yes
2026-10-05T02:58:29.78111Z,KXBTC15M-26OCT042300-00,0.0070,104.73,yes
2026-10-05T02:58:29.783523Z,KXBTC15M-26OCT042300-00,0.0070,756.75,yes
2026-10-05T02:58:29.897335Z,KXBTC15M-26OCT042300-00,0.0070,0.01,yes
2026-10-05T02:58:29.897335Z,KXBTC15M-26OCT042300-00,0.0070,132.83,yes
2026-10-05T02:58:29.897335Z,KXBTC15M-26OCT042300-00,0.0070,0.01,yes
2026-10-05T02:58:29.917264Z,KXBTC15M-26OCT042300-00,0.0080,73.96,yes
2026-10-05T02:58:29.917264Z,KXBTC15M-26OCT042300-00,0.0070,0.01,yes
2026-10-05T02:58:29.917264Z,KXBTC15M-26OCT042300-00,0.0070,0.01,yes
2026-10-05T02:58:29.917264Z,KXBTC15M-26OCT042300-00,0.0070,67.17,yes
2026-10-05T02:58:29.917264Z,KXBTC15M-26OCT042300-00,0.0070,400.00,yes
2026-10-05T02:58:29.917264Z,KXBTC15M-26OCT042300-00,0.0070,100.00,yes
2026-10-05T02:58:29.940401Z,KXBTC15M-26OCT042300-00,0.0060,0.01,no
2026-10-05T02:58:29.940401Z,KXBTC15M-26OCT042300-00,0.0050,22.00,no
2026-10-05T02:58:29.940401Z,KXBTC15M-26OCT042300-00,0.0060,0.01,no
2026-10-05T02:58:29.940401Z,KXBTC15M-26OCT042300-00,0.0040,13.39,no
2026-10-05T02:58:30.123419Z,KXBTC15M-26OCT042300-00,0.0040,2.00,no
2026-10-05T02:58:30.123419Z,KXBTC15M-26OCT042300-00,0.0040,2.00,no
2026-10-05T02:58:30.123419Z,KXBTC15M-26OCT042300-00,0.0040,2.37,no
2026-10-05T02:58:30.123419Z,KXBTC15M-26OCT042300-00,0.0040,1.61,no
2026-10-05T02:58:30.123419Z,KXBTC15M-26OCT042300-00,0.0060,0.01,no
2026-10-05T02:58:30.123419Z,KXBTC15M-26OCT042300-00,0.0060,0.01,no
2026-10-05T02:58:30.123419Z,KXBTC15M-26OCT042300-00,0.0050,22.00,no
2026-10-05T02:58:30.1743Z,KXBTC15M-26OCT042300-00,0.0070,0.01,yes
2026-10-05T02:58:30.1743Z,KXBTC15M-26OCT042300-00,0.0070,0.01,yes
2026-10-05T02:58:30.1743Z,KXBTC15M-26OCT042300-00,0.0070,130.88,yes
2026-10-05T02:58:30.31056Z,KXBTC15M-26OCT042300-00,0.0070,0.01,yes
2026-10-05T02:58:30.31056Z,KXBTC15M-26OCT042300-00,0.0070,33.78,yes
2026-10-05T02:58:30.31056Z,KXBTC15M-26OCT042300-00,0.0070,228.00,yes
2026-10-05T02:58:30.31056Z,KXBTC15M-26OCT042300-00,0.0070,0.01,yes
2026-10-05T02:58:30.357049Z,KXBTC15M-26OCT042300-00,0.0070,394.39,yes
2026-10-05T02:58:30.434689Z,KXBTC15M-26OCT042300-00,0.0070,0.01,yes
2026-10-05T02:58:30.434689Z,KXBTC15M-26OCT042300-00,0.0070,0.01,yes
2026-10-05T02:58:30.434689Z,KXBTC15M-26OCT042300-00,0.0070,5.61,yes
2026-10-05T02:58:30.434689Z,KXBTC15M-26OCT042300-00,0.0070,2.60,yes
2026-10-05T02:58:30.44474Z,KXBTC15M-26OCT042300-00,0.0070,1.06,yes
2026-10-05T02:58:30.542462Z,KXBTC15M-26OCT042300-00,0.0040,12.63,no
2026-10-05T02:58:30.542462Z,KXBTC15M-26OCT042300-00,0.0040,14.91,no
2026-10-05T02:58:30.542462Z,KXBTC15M-26OCT042300-00,0.0050,0.01,no
2026-10-05T02:58:30.542462Z,KXBTC15M-26OCT042300-00,0.0050,0.01,no
2026-10-05T02:58:30.659544Z,KXBTC15M-26OCT042300-00,0.0060,0.01,yes
2026-10-05T02:58:30.659544Z,KXBTC15M-26OCT042300-00,0.0060,0.01,yes
2026-10-05T02:58:30.659544Z,KXBTC15M-26OCT042300-00,0.0060,100.00,yes
2026-10-05T02:58:30.659544Z,KXBTC15M-26OCT042300-00,0.0060,25.55,yes
2026-10-05T02:58:30.660464Z,KXBTC15M-26OCT042300-00,0.0050,0.01,no
2026-10-05T02:58:30.660464Z,KXBTC15M-26OCT042300-00,0.0040,10.84,no
2026-10-05T02:58:30.660464Z,KXBTC15M-26OCT042300-00,0.0040,5.09,no
2026-10-05T02:58:30.660464Z,KXBTC15M-26OCT042300-00,0.0050,0.01,no
2026-10-05T02:58:30.676005Z,KXBTC15M-26OCT042300-00,0.0050,0.01,no
2026-10-05T02:58:30.689243Z,KXBTC15M-26OCT042300-00,0.0050,0.01,no
2026-10-05T02:58:30.727568Z,KXBTC15M-26OCT042300-00,0.0030,13.85,no
2026-10-05T02:58:30.727568Z,KXBTC15M-26OCT042300-00,0.0040,20.00,no
2026-10-05T02:58:30.727568Z,KXBTC15M-26OCT042300-00,0.0050,0.01,no
2026-10-05T02:58:30.751541Z,KXBTC15M-26OCT042300-00,0.0050,60.00,yes
2026-10-05T02:58:30.774098Z,KXBTC15M-26OCT042300-00,0.0050,1.34,yes
2026-10-05T02:58:30.822775Z,KXBTC15M-26OCT042300-00,0.0030,1030.94,no
2026-10-05T02:58:30.822775Z,KXBTC15M-26OCT042300-00,0.0040,0.01,no
2026-10-05T02:58:30.822775Z,KXBTC15M-26OCT042300-00,0.0040,0.01,no
2026-10-05T02:58:30.822775Z,KXBTC15M-26OCT042300-00,0.0040,20.00,no
2026-10-05T02:58:30.863904Z,KXBTC15M-26OCT042300-00,0.0050,0.01,yes
2026-10-05T02:58:30.863904Z,KXBTC15M-26OCT042300-00,0.0050,41.98,yes
2026-10-05T02:58:30.863904Z,KXBTC15M-26OCT042300-00,0.0050,0.01,yes
2026-10-05T02:58:30.94058Z,KXBTC15M-26OCT042300-00,0.0050,1.34,yes
2026-10-05T02:58:30.981828Z,KXBTC15M-26OCT042300-00,0.0040,16.37,no
2026-10-05T02:58:30.981828Z,KXBTC15M-26OCT042300-00,0.0040,0.01,no
2026-10-05T02:58:30.981828Z,KXBTC15M-26OCT042300-00,0.0040,0.01,no
2026-10-05T02:58:31.107973Z,KXBTC15M-26OCT042300-00,0.0040,0.01,no
2026-10-05T02:58:31.107973Z,KXBTC15M-26OCT042300-00,0.0040,20.00,no
2026-10-05T02:58:31.107973Z,KXBTC15M-26OCT042300-00,0.0040,0.01,no
2026-10-05T02:58:31.121256Z,KXBTC15M-26OCT042300-00,0.0050,8.46,yes
2026-10-05T02:58:31.121256Z,KXBTC15M-26OCT042300-00,0.0050,113.99,yes
2026-10-05T02:58:31.121256Z,KXBTC15M-26OCT042300-00,0.0050,400.00,yes
2026-10-05T02:58:31.121256Z,KXBTC15M-26OCT042300-00,0.0050,100.00,yes
2026-10-05T02:58:31.121256Z,KXBTC15M-26OCT042300-00,0.0050,156.68,yes
2026-10-05T02:58:31.145432Z,KXBTC15M-26OCT042300-00,0.0030,59.98,no
2026-10-05T02:58:31.145432Z,KXBTC15M-26OCT042300-00,0.0040,0.01,no
2026-10-05T02:58:31.145432Z,KXBTC15M-26OCT042300-00,0.0040,20.00,no
2026-10-05T02:58:31.145432Z,KXBTC15M-26OCT042300-00,0.0040,0.01,no
2026-10-05T02:58:31.208075Z,KXBTC15M-26OCT042300-00,0.0050,1169.44,yes
2026-10-05T02:58:31.221098Z,KXBTC15M-26OCT042300-00,0.0040,4.99,no
2026-10-05T02:58:31.221098Z,KXBTC15M-26OCT042300-00,0.0040,0.01,no
2026-10-05T02:58:31.221098Z,KXBTC15M-26OCT042300-00,0.0040,0.01,no
2026-10-05T02:58:31.234792Z,KXBTC15M-26OCT042300-00,0.0050,400.00,yes
2026-10-05T02:58:31.234792Z,KXBTC15M-26OCT042300-00,0.0050,100.00,yes
2026-10-05T02:58:31.234792Z,KXBTC15M-26OCT042300-00,0.0050,279.11,yes
2026-10-05T02:58:31.234792Z,KXBTC15M-26OCT042300-00,0.0050,0.01,yes
2026-10-05T02:58:31.234792Z,KXBTC15M-26OCT042300-00,0.0050,0.01,yes
2026-10-05T02:58:31.351363Z,KXBTC15M-26OCT042300-00,0.0040,0.01,no
2026-10-05T02:58:31.351363Z,KXBTC15M-26OCT042300-00,0.0040,0.01,no
2026-10-05T02:58:31.351363Z,KXBTC15M-26OCT042300-00,0.0040,20.00,no
2026-10-05T02:58:31.454708Z,KXBTC15M-26OCT042300-00,0.0050,0.01,yes
2026-10-05T02:58:31.454708Z,KXBTC15M-26OCT042300-00,0.0050,0.01,yes
2026-10-05T02:58:31.454708Z,KXBTC15M-26OCT042300-00,0.0050,60.91,yes
2026-10-05T02:58:31.454708Z,KXBTC15M-26OCT042300-00,0.0050,500.00,yes
2026-10-05T02:58:31.514922Z,KXBTC15M-26OCT042300-00,0.0050,147.88,yes
2026-10-05T02:58:31.514922Z,KXBTC15M-26OCT042300-00,0.0050,39.09,yes
2026-10-05T02:58:31.555556Z,KXBTC15M-26OCT042300-00,0.0050,222.66,yes
2026-10-05T02:58:31.584346Z,KXBTC15M-26OCT042300-00,0.0050,0.01,yes
2026-10-05T02:58:31.584346Z,KXBTC15M-26OCT042300-00,0.0050,100.00,yes
2026-10-05T02:58:31.584346Z,KXBTC15M-26OCT042300-00,0.0050,0.01,yes
2026-10-05T02:58:31.584346Z,KXBTC15M-26OCT042300-00,0.0060,41.96,yes
2026-10-05T02:58:31.584346Z,KXBTC15M-26OCT042300-00,0.0060,13.85,yes
2026-10-05T02:58:31.591675Z,KXBTC15M-26OCT042300-00,0.0060,7.58,yes
2026-10-05T02:58:31.591675Z,KXBTC15M-26OCT042300-00,0.0050,0.01,yes
2026-10-05T02:58:31.591675Z,KXBTC15M-26OCT042300-00,0.0050,0.01,yes
2026-10-05T02:58:31.641988Z,KXBTC15M-26OCT042300-00,0.0040,70.00,no
2026-10-05T02:58:31.677682Z,KXBTC15M-26OCT042300-00,0.0040,0.01,no
2026-10-05T02:58:31.677682Z,KXBTC15M-26OCT042300-00,0.0040,178.23,no
2026-10-05T02:58:31.677682Z,KXBTC15M-26OCT042300-00,0.0040,303.16,no
2026-10-05T02:58:31.677682Z,KXBTC15M-26OCT042300-00,0.0040,20.00,no
2026-10-05T02:58:31.677682Z,KXBTC15M-26OCT042300-00,0.0040,0.01,no
2026-10-05T02:58:31.765932Z,KXBTC15M-26OCT042300-00,0.0050,0.01,yes
2026-10-05T02:58:31.765932Z,KXBTC15M-26OCT042300-00,0.0050,100.00,yes
2026-10-05T02:58:31.765932Z,KXBTC15M-26OCT042300-00,0.0050,0.01,yes
2026-10-05T02:58:31.765932Z,KXBTC15M-26OCT042300-00,0.0050,291.57,yes
2026-10-05T02:58:31.765932Z,KXBTC15M-26OCT042300-00,0.0050,400.00,yes
2026-10-05T02:58:31.813072Z,KXBTC15M-26OCT042300-00,0.0040,1.00,no
2026-10-05T02:58:32.050705Z,KXBTC15M-26OCT042300-00,0.0050,100.00,yes
2026-10-05T02:58:32.050705Z,KXBTC15M-26OCT042300-00,0.0050,200.00,yes
2026-10-05T02:58:32.050705Z,KXBTC15M-26OCT042300-00,0.0050,0.01,yes
2026-10-05T02:58:32.050705Z,KXBTC15M-26OCT042300-00,0.0050,0.01,yes
2026-10-05T02:58:32.050705Z,KXBTC15M-26OCT042300-00,0.0050,1090.92,yes
2026-10-05T02:58:32.050705Z,KXBTC15M-26OCT042300-00,0.0060,200.00,yes
2026-10-05T02:58:32.050705Z,KXBTC15M-26OCT042300-00,0.0050,708.43,yes
2026-10-05T02:58:32.050705Z,KXBTC15M-26OCT042300-00,0.0050,500.00,yes
2026-10-05T02:58:32.050705Z,KXBTC15M-26OCT042300-00,0.0060,119.08,yes
2026-10-05T02:58:32.050705Z,KXBTC15M-26OCT042300-00,0.0050,400.00,yes
2026-10-05T02:58:32.050705Z,KXBTC15M-26OCT042300-00,0.0060,100.46,yes
2026-10-05T02:58:32.067577Z,KXBTC15M-26OCT042300-00,0.0050,1.61,yes
2026-10-05T02:58:32.069502Z,KXBTC15M-26OCT042300-00,0.0040,75.28,no
2026-10-05T02:58:32.085154Z,KXBTC15M-26OCT042300-00,0.0040,0.01,no
2026-10-05T02:58:32.085154Z,KXBTC15M-26OCT042300-00,0.0040,993.56,no
2026-10-05T02:58:32.085154Z,KXBTC15M-26OCT042300-00,0.0040,142.58,no
2026-10-05T02:58:32.085154Z,KXBTC15M-26OCT042300-00,0.0040,0.01,no
2026-10-05T02:58:32.085154Z,KXBTC15M-26OCT042300-00,0.0040,20.00,no
2026-10-05T02:58:32.085154Z,KXBTC15M-26OCT042300-00,0.0040,359.75,no
2026-10-05T02:58:32.085154Z,KXBTC15M-26OCT042300-00,0.0040,263.09,no
2026-10-05T02:58:32.105518Z,KXBTC15M-26OCT042300-00,0.0040,0.01,no
2026-10-05T02:58:32.105518Z,KXBTC15M-26OCT042300-00,0.0040,20.00,no
2026-10-05T02:58:32.105518Z,KXBTC15M-26OCT042300-00,0.0040,0.01,no
2026-10-05T02:58:32.105518Z,KXBTC15M-26OCT042300-00,0.0040,253.25,no
2026-10-05T02:58:32.112167Z,KXBTC15M-26OCT042300-00,0.0040,767.00,no
2026-10-05T02:58:32.113237Z,KXBTC15M-26OCT042300-00,0.0050,0.01,yes
2026-10-05T02:58:32.113237Z,KXBTC15M-26OCT042300-00,0.0050,100.00,yes
2026-10-05T02:58:32.113237Z,KXBTC15M-26OCT042300-00,0.0050,71.66,yes
2026-10-05T02:58:32.113237Z,KXBTC15M-26OCT042300-00,0.0050,0.01,yes
2026-10-05T02:58:32.178404Z,KXBTC15M-26OCT042300-00,0.0050,0.99,yes
2026-10-05T02:58:32.178404Z,KXBTC15M-26OCT042300-00,0.0050,0.01,yes
2026-10-05T02:58:32.178404Z,KXBTC15M-26OCT042300-00,0.0050,0.01,yes
2026-10-05T02:58:32.200358Z,KXBTC15M-26OCT042300-00,0.0050,29.43,yes
2026-10-05T02:58:32.255659Z,KXBTC15M-26OCT042300-00,0.0050,500.00,yes
2026-10-05T02:58:32.255659Z,KXBTC15M-26OCT042300-00,0.0050,1229.25,yes
2026-10-05T02:58:32.255659Z,KXBTC15M-26OCT042300-00,0.0050,0.01,yes
2026-10-05T02:58:32.255659Z,KXBTC15M-26OCT042300-00,0.0050,69.58,yes
2026-10-05T02:58:32.255659Z,KXBTC15M-26OCT042300-00,0.0050,0.01,yes
2026-10-05T02:58:32.255659Z,KXBTC15M-26OCT042300-00,0.0050,400.00,yes
2026-10-05T02:58:32.32595Z,KXBTC15M-26OCT042300-00,0.0050,12.55,yes
2026-10-05T02:58:32.356057Z,KXBTC15M-26OCT042300-00,0.0050,186.97,yes
2026-10-05T02:58:32.372756Z,KXBTC15M-26OCT042300-00,0.0030,87.37,no
2026-10-05T02:58:32.372756Z,KXBTC15M-26OCT042300-00,0.0030,558.53,no
2026-10-05T02:58:32.372756Z,KXBTC15M-26OCT042300-00,0.0040,20.00,no
2026-10-05T02:58:32.372756Z,KXBTC15M-26OCT042300-00,0.0040,0.01,no
2026-10-05T02:58:32.372756Z,KXBTC15M-26OCT042300-00,0.0040,0.01,no
2026-10-05T02:58:32.460711Z,KXBTC15M-26OCT042300-00,0.0040,20.00,no
2026-10-05T02:58:32.460711Z,KXBTC15M-26OCT042300-00,0.0040,0.01,no
2026-10-05T02:58:32.460711Z,KXBTC15M-26OCT042300-00,0.0040,0.01,no
2026-10-05T02:58:32.571049Z,KXBTC15M-26OCT042300-00,0.0050,186.97,yes
2026-10-05T02:58:32.603158Z,KXBTC15M-26OCT042300-00,0.0050,64.70,yes
2026-10-05T02:58:32.681446Z,KXBTC15M-26OCT042300-00,0.0040,0.01,no
2026-10-05T02:58:32.681446Z,KXBTC15M-26OCT042300-00,0.0040,8.91,no
2026-10-05T02:58:32.705548Z,KXBTC15M-26OCT042300-00,0.0060,90.92,yes
2026-10-05T02:58:32.705548Z,KXBTC15M-26OCT042300-00,0.0050,0.01,yes
2026-10-05T02:58:32.705548Z,KXBTC15M-26OCT042300-00,0.0050,400.00,yes
2026-10-05T02:58:32.705548Z,KXBTC15M-26OCT042300-00,0.0050,986.56,yes
2026-10-05T02:58:32.705548Z,KXBTC15M-26OCT042300-00,0.0050,100.00,yes
2026-10-05T02:58:32.705548Z,KXBTC15M-26OCT042300-00,0.0050,0.01,yes
2026-10-05T02:58:32.705548Z,KXBTC15M-26OCT042300-00,0.0050,786.00,yes
2026-10-05T02:58:32.705548Z,KXBTC15M-26OCT042300-00,0.0050,558.53,yes
2026-10-05T02:58:32.705548Z,KXBTC15M-26OCT042300-00,0.0050,200.00,yes
2026-10-05T02:58:32.705548Z,KXBTC15M-26OCT042300-00,0.0050,3.00,yes
2026-10-05T02:58:32.705548Z,KXBTC15M-26OCT042300-00,0.0060,80.03,yes
2026-10-05T02:58:32.705548Z,KXBTC15M-26OCT042300-00,0.0050,87.37,yes
2026-10-05T02:58:32.705548Z,KXBTC15M-26OCT042300-00,0.0050,1150.00,yes
2026-10-05T02:58:32.726454Z,KXBTC15M-26OCT042300-00,0.0040,11.09,no
2026-10-05T02:58:32.726454Z,KXBTC15M-26OCT042300-00,0.0040,32.98,no
2026-10-05T02:58:32.726454Z,KXBTC15M-26OCT042300-00,0.0040,8.91,no
2026-10-05T02:58:32.726454Z,KXBTC15M-26OCT042300-00,0.0040,0.01,no
2026-10-05T02:58:32.726454Z,KXBTC15M-26OCT042300-00,0.0040,0.01,no
2026-10-05T02:58:32.823318Z,KXBTC15M-26OCT042300-00,0.0030,250.00,no
2026-10-05T02:58:32.823318Z,KXBTC15M-26OCT042300-00,0.0030,1712.63,no
2026-10-05T02:58:32.823318Z,KXBTC15M-26OCT042300-00,0.0030,120.00,no
2026-10-05T02:58:32.823318Z,KXBTC15M-26OCT042300-00,0.0030,2.00,no
2026-10-05T02:58:32.823318Z,KXBTC15M-26OCT042300-00,0.0030,2.00,no
2026-10-05T02:58:32.823318Z,KXBTC15M-26OCT042300-00,0.0030,2.00,no
2026-10-05T02:58:32.823318Z,KXBTC15M-26OCT042300-00,0.0030,2.00,no
2026-10-05T02:58:32.823318Z,KXBTC15M-26OCT042300-00,0.0030,2.00,no
2026-10-05T02:58:32.823318Z,KXBTC15M-26OCT042300-00,0.0030,18.00,no
2026-10-05T02:58:32.823318Z,KXBTC15M-26OCT042300-00,0.0030,2500.00,no
2026-10-05T02:58:32.823318Z,KXBTC15M-26OCT042300-00,0.0030,150.00,no
2026-10-05T02:58:32.823318Z,KXBTC15M-26OCT042300-00,0.0040,0.01,no
2026-10-05T02:58:32.823318Z,KXBTC15M-26OCT042300-00,0.0030,2355.59,no
2026-10-05T02:58:32.823318Z,KXBTC15M-26OCT042300-00,0.0040,961.02,no
2026-10-05T02:58:32.823318Z,KXBTC15M-26OCT042300-00,0.0040,500.00,no
2026-10-05T02:58:32.823318Z,KXBTC15M-26OCT042300-00,0.0040,200.00,no
2026-10-05T02:58:32.823318Z,KXBTC15M-26OCT042300-00,0.0040,0.01,no
2026-10-05T02:58:32.823318Z,KXBTC15M-26OCT042300-00,0.0040,411.00,no
2026-10-05T02:58:32.823318Z,KXBTC15M-26OCT042300-00,0.0040,20.00,no
2026-10-05T02:58:32.823318Z,KXBTC15M-26OCT042300-00,0.0030,194.06,no
2026-10-05T02:58:32.823318Z,KXBTC15M-26OCT042300-00,0.0040,500.00,no
2026-10-05T02:58:32.823318Z,KXBTC15M-26OCT042300-00,0.0030,15.00,no
2026-10-05T02:58:32.823318Z,KXBTC15M-26OCT042300-00,0.0030,15.00,no
2026-10-05T02:58:32.823318Z,KXBTC15M-26OCT042300-00,0.0030,15.00,no
2026-10-05T02:58:32.823318Z,KXBTC15M-26OCT042300-00,0.0030,15.00,no
2026-10-05T02:58:32.823318Z,KXBTC15M-26OCT042300-00,0.0030,15.00,no
2026-10-05T02:58:32.823318Z,KXBTC15M-26OCT042300-00,0.0030,15.00,no
2026-10-05T02:58:32.823318Z,KXBTC15M-26OCT042300-00,0.0030,15.00,no
2026-10-05T02:58:32.823318Z,KXBTC15M-26OCT042300-00,0.0030,15.00,no
2026-10-05T02:58:32.823318Z,KXBTC15M-26OCT042300-00,0.0030,2.00,no
2026-10-05T02:58:32.869875Z,KXBTC15M-26OCT042300-00,0.0030,16.34,no
2026-10-05T02:58:32.869875Z,KXBTC15M-26OCT042300-00,0.0030,25.00,no
2026-10-05T02:58:32.869875Z,KXBTC15M-26OCT042300-00,0.0040,0.01,no
2026-10-05T02:58:32.869875Z,KXBTC15M-26OCT042300-00,0.0030,0.01,no
2026-10-05T02:58:32.869875Z,KXBTC15M-26OCT042300-00,0.0040,0.01,no
2026-10-05T02:58:32.928471Z,KXBTC15M-26OCT042300-00,0.0040,0.01,yes
2026-10-05T02:58:32.928471Z,KXBTC15M-26OCT042300-00,0.0040,0.01,yes
2026-10-05T02:58:32.928471Z,KXBTC15M-26OCT042300-00,0.0040,15.00,yes
2026-10-05T02:58:32.928471Z,KXBTC15M-26OCT042300-00,0.0040,3.67,yes
2026-10-05T02:58:32.994584Z,KXBTC15M-26OCT042300-00,0.0040,186.97,yes
2026-10-05T02:58:33.006652Z,KXBTC15M-26OCT042300-00,0.0040,399.52,yes
2026-10-05T02:58:33.062771Z,KXBTC15M-26OCT042300-00,0.0030,1.88,no
2026-10-05T02:58:33.095663Z,KXBTC15M-26OCT042300-00,0.0040,0.02,yes
2026-10-05T02:58:33.131144Z,KXBTC15M-26OCT042300-00,0.0050,1712.63,yes
2026-10-05T02:58:33.131144Z,KXBTC15M-26OCT042300-00,0.0040,561.82,yes
2026-10-05T02:58:33.131144Z,KXBTC15M-26OCT042300-00,0.0040,0.01,yes
2026-10-05T02:58:33.131144Z,KXBTC15M-26OCT042300-00,0.0040,0.01,yes
2026-10-05T02:58:33.131144Z,KXBTC15M-26OCT042300-00,0.0040,15.00,yes
2026-10-05T02:58:33.131144Z,KXBTC15M-26OCT042300-00,0.0050,198.00,yes
2026-10-05T02:58:33.131144Z,KXBTC15M-26OCT042300-00,0.0050,16.34,yes
2026-10-05T02:58:33.131144Z,KXBTC15M-26OCT042300-00,0.0050,210.00,yes
2026-10-05T02:58:33.131144Z,KXBTC15M-26OCT042300-00,0.0050,1201.98,yes
2026-10-05T02:58:33.131144Z,KXBTC15M-26OCT042300-00,0.0050,250.00,yes
2026-10-05T02:58:33.131144Z,KXBTC15M-26OCT042300-00,0.0040,329.00,yes
2026-10-05T02:58:33.131144Z,KXBTC15M-26OCT042300-00,0.0040,120.00,yes
2026-10-05T02:58:33.131144Z,KXBTC15M-26OCT042300-00,0.0040,1.88,yes
2026-10-05T02:58:33.142555Z,KXBTC15M-26OCT042300-00,0.0050,50.36,yes
2026-10-05T02:58:33.142555Z,KXBTC15M-26OCT042300-00,0.0040,0.01,yes
2026-10-05T02:58:33.271076Z,KXBTC15M-26OCT042300-00,0.0040,92.85,yes
2026-10-05T02:58:33.271076Z,KXBTC15M-26OCT042300-00,0.0040,0.01,yes
2026-10-05T02:58:33.271076Z,KXBTC15M-26OCT042300-00,0.0040,0.01,yes
2026-10-05T02:58:33.271076Z,KXBTC15M-26OCT042300-00,0.0040,15.00,yes
2026-10-05T02:58:33.277113Z,KXBTC15M-26OCT042300-00,0.0040,5.61,yes
2026-10-05T02:58:33.304247Z,KXBTC15M-26OCT042300-00,0.0030,15.00,no
2026-10-05T02:58:33.304247Z,KXBTC15M-26OCT042300-00,0.0030,231.78,no
2026-10-05T02:58:33.304247Z,KXBTC15M-26OCT042300-00,0.0030,0.01,no
2026-10-05T02:58:33.304247Z,KXBTC15M-26OCT042300-00,0.0030,0.01,no
2026-10-05T02:58:33.304247Z,KXBTC15M-26OCT042300-00,0.0030,15.00,no
2026-10-05T02:58:33.304247Z,KXBTC15M-26OCT042300-00,0.0030,25.00,no
2026-10-05T02:58:33.304247Z,KXBTC15M-26OCT042300-00,0.0030,357.20,no
2026-10-05T02:58:33.409911Z,KXBTC15M-26OCT042300-00,0.0040,373.95,yes
2026-10-05T02:58:33.437737Z,KXBTC15M-26OCT042300-00,0.0030,96.61,no
2026-10-05T02:58:33.446383Z,KXBTC15M-26OCT042300-00,0.0040,10.66,yes
2026-10-05T02:58:33.670321Z,KXBTC15M-26OCT042300-00,0.0030,90.28,no
2026-10-05T02:58:33.795154Z,KXBTC15M-26OCT042300-00,0.0030,1.02,no
2026-10-05T02:58:33.829165Z,KXBTC15M-26OCT042300-00,0.0040,0.53,yes
2026-10-05T02:58:33.835697Z,KXBTC15M-26OCT042300-00,0.0040,188.91,yes
2026-10-05T02:58:33.85696Z,KXBTC15M-26OCT042300-00,0.0030,287.91,no
2026-10-05T02:58:33.85696Z,KXBTC15M-26OCT042300-00,0.0030,100.00,no
2026-10-05T02:58:33.85696Z,KXBTC15M-26OCT042300-00,0.0030,212.09,no
2026-10-05T02:58:33.896253Z,KXBTC15M-26OCT042300-00,0.0040,114.53,yes
2026-10-05T02:58:33.929934Z,KXBTC15M-26OCT042300-00,0.0030,3.81,no
2026-10-05T02:58:33.937119Z,KXBTC15M-26OCT042300-00,0.0040,316.21,yes
2026-10-05T02:58:33.937119Z,KXBTC15M-26OCT042300-00,0.0040,0.01,yes
2026-10-05T02:58:33.937119Z,KXBTC15M-26OCT042300-00,0.0040,0.01,yes
2026-10-05T02:58:33.937119Z,KXBTC15M-26OCT042300-00,0.0040,15.00,yes
2026-10-05T02:58:33.937119Z,KXBTC15M-26OCT042300-00,0.0040,126.84,yes
2026-10-05T02:58:33.97723Z,KXBTC15M-26OCT042300-00,0.0040,10.77,yes
2026-10-05T02:58:34.061853Z,KXBTC15M-26OCT042300-00,0.0040,134.87,yes
2026-10-05T02:58:34.061853Z,KXBTC15M-26OCT042300-00,0.0040,94.17,yes
2026-10-05T02:58:34.084907Z,KXBTC15M-26OCT042300-00,0.0040,10.65,yes
2026-10-05T02:58:34.169732Z,KXBTC15M-26OCT042300-00,0.0040,2.01,yes
2026-10-05T02:58:34.235535Z,KXBTC15M-26OCT042300-00,0.0030,38.90,no
2026-10-05T02:58:34.28167Z,KXBTC15M-26OCT042300-00,0.0050,177.55,yes
2026-10-05T02:58:34.28167Z,KXBTC15M-26OCT042300-00,0.0040,209.67,yes
2026-10-05T02:58:34.28167Z,KXBTC15M-26OCT042300-00,0.0040,0.01,yes
2026-10-05T02:58:34.28167Z,KXBTC15M-26OCT042300-00,0.0040,0.01,yes
2026-10-05T02:58:34.28167Z,KXBTC15M-26OCT042300-00,0.0040,15.00,yes
2026-10-05T02:58:34.388214Z,KXBTC15M-26OCT042300-00,0.0040,2.16,yes
2026-10-05T02:58:34.46891Z,KXBTC15M-26OCT042300-00,0.0030,43.10,no
2026-10-05T02:58:34.501519Z,KXBTC15M-26OCT042300-00,0.0040,1.00,yes
2026-10-05T02:58:34.517491Z,KXBTC15M-26OCT042300-00,0.0050,307.71,yes
2026-10-05T02:58:34.517491Z,KXBTC15M-26OCT042300-00,0.0040,15.00,yes
2026-10-05T02:58:34.517491Z,KXBTC15M-26OCT042300-00,0.0040,0.01,yes
2026-10-05T02:58:34.517491Z,KXBTC15M-26OCT042300-00,0.0040,0.01,yes
2026-10-05T02:58:34.517491Z,KXBTC15M-26OCT042300-00,0.0040,11.84,yes
2026-10-05T02:58:34.632501Z,KXBTC15M-26OCT042300-00,0.0040,200.00,no
2026-10-05T02:58:34.651507Z,KXBTC15M-26OCT042300-00,0.0040,200.00,no
2026-10-05T02:58:34.656492Z,KXBTC15M-26OCT042300-00,0.0040,4.01,no
2026-10-05T02:58:34.665499Z,KXBTC15M-26OCT042300-00,0.0040,200.00,no
2026-10-05T02:58:34.680533Z,KXBTC15M-26OCT042300-00,0.0050,186.97,yes
2026-10-05T02:58:34.711908Z,KXBTC15M-26OCT042300-00,0.0050,95.24,yes
2026-10-05T02:58:34.745931Z,KXBTC15M-26OCT042300-00,0.0050,20.10,yes
2026-10-05T02:58:34.767902Z,KXBTC15M-26OCT042300-00,0.0050,3.20,yes
2026-10-05T02:58:34.841803Z,KXBTC15M-26OCT042300-00,0.0050,7.47,yes
2026-10-05T02:58:35.043152Z,KXBTC15M-26OCT042300-00,0.0050,13.01,yes
2026-10-05T02:58:35.146482Z,KXBTC15M-26OCT042300-00,0.0050,916.19,yes
2026-10-05T02:58:35.21688Z,KXBTC15M-26OCT042300-00,0.0040,20.00,no
2026-10-05T02:58:35.21688Z,KXBTC15M-26OCT042300-00,0.0030,0.05,no
2026-10-05T02:58:35.21688Z,KXBTC15M-26OCT042300-00,0.0040,0.01,no
2026-10-05T02:58:35.21688Z,KXBTC15M-26OCT042300-00,0.0040,0.01,no
2026-10-05T02:58:35.217692Z,KXBTC15M-26OCT042300-00,0.0020,3725.74,no
2026-10-05T02:58:35.217692Z,KXBTC15M-26OCT042300-00,0.0030,15.00,no
2026-10-05T02:58:35.217692Z,KXBTC15M-26OCT042300-00,0.0030,15000.00,no
2026-10-05T02:58:35.217692Z,KXBTC15M-26OCT042300-00,0.0030,15.00,no
2026-10-05T02:58:35.217692Z,KXBTC15M-26OCT042300-00,0.0030,14.95,no
2026-10-05T02:58:35.217692Z,KXBTC15M-26OCT042300-00,0.0030,250.00,no
2026-10-05T02:58:35.217692Z,KXBTC15M-26OCT042300-00,0.0030,15.00,no
2026-10-05T02:58:35.217692Z,KXBTC15M-26OCT042300-00,0.0030,15.00,no
2026-10-05T02:58:35.225517Z,KXBTC15M-26OCT042300-00,0.0040,0.01,no
2026-10-05T02:58:35.225517Z,KXBTC15M-26OCT042300-00,0.0030,500.00,no
2026-10-05T02:58:35.225517Z,KXBTC15M-26OCT042300-00,0.0030,500.00,no
2026-10-05T02:58:35.225517Z,KXBTC15M-26OCT042300-00,0.0030,25.00,no
2026-10-05T02:58:35.225517Z,KXBTC15M-26OCT042300-00,0.0040,0.01,no
2026-10-05T02:58:35.225517Z,KXBTC15M-26OCT042300-00,0.0030,238.52,no
2026-10-05T02:58:35.261084Z,KXBTC15M-26OCT042300-00,0.0020,173.68,no
2026-10-05T02:58:35.280858Z,KXBTC15M-26OCT042300-00,0.0030,186.97,yes
2026-10-05T02:58:35.352262Z,KXBTC15M-26OCT042300-00,0.0030,3.05,yes
2026-10-05T02:58:35.354939Z,KXBTC15M-26OCT042300-00,0.0030,5.08,yes
2026-10-05T02:58:35.356857Z,KXBTC15M-26OCT042300-00,0.0030,186.97,yes
2026-10-05T02:58:35.369233Z,KXBTC15M-26OCT042300-00,0.0030,186.97,yes
2026-10-05T02:58:35.377161Z,KXBTC15M-26OCT042300-00,0.0030,142.11,yes
2026-10-05T02:58:35.386954Z,KXBTC15M-26OCT042300-00,0.0020,3.00,no
2026-10-05T02:58:35.411089Z,KXBTC15M-26OCT042300-00,0.0030,200.15,yes
2026-10-05T02:58:35.416393Z,KXBTC15M-26OCT042300-00,0.0020,85.50,no
2026-10-05T02:58:35.457033Z,KXBTC15M-26OCT042300-00,0.0030,5.02,yes
2026-10-05T02:58:35.541429Z,KXBTC15M-26OCT042300-00,0.0030,373.95,yes
2026-10-05T02:58:35.554269Z,KXBTC15M-26OCT042300-00,0.0030,14.00,yes
2026-10-05T02:58:35.611144Z,KXBTC15M-26OCT042300-00,0.0030,4.00,yes
2026-10-05T02:58:35.626536Z,KXBTC15M-26OCT042300-00,0.0020,126.90,no
2026-10-05T02:58:35.720956Z,KXBTC15M-26OCT042300-00,0.0030,610.72,yes
2026-10-05T02:58:35.741162Z,KXBTC15M-26OCT042300-00,0.0030,244.49,yes
2026-10-05T02:58:35.977297Z,KXBTC15M-26OCT042300-00,0.0030,197.00,yes
2026-10-05T02:58:36.030428Z,KXBTC15M-26OCT042300-00,0.0030,101.72,yes
2026-10-05T02:58:36.030428Z,KXBTC15M-26OCT042300-00,0.0030,0.01,yes
2026-10-05T02:58:36.030428Z,KXBTC15M-26OCT042300-00,0.0030,15.00,yes
2026-10-05T02:58:36.030428Z,KXBTC15M-26OCT042300-00,0.0030,0.01,yes
2026-10-05T02:58:36.030428Z,KXBTC15M-26OCT042300-00,0.0030,173.68,yes
2026-10-05T02:58:36.030428Z,KXBTC15M-26OCT042300-00,0.0030,3.00,yes
2026-10-05T02:58:36.030428Z,KXBTC15M-26OCT042300-00,0.0030,555.84,yes
2026-10-05T02:58:36.030428Z,KXBTC15M-26OCT042300-00,0.0030,85.50,yes
2026-10-05T02:58:36.07238Z,KXBTC15M-26OCT042300-00,0.0030,1495.64,yes
2026-10-05T02:58:36.146022Z,KXBTC15M-26OCT042300-00,0.0030,468.56,yes
2026-10-05T02:58:36.180059Z,KXBTC15M-26OCT042300-00,0.0030,305.35,yes
2026-10-05T02:58:36.182186Z,KXBTC15M-26OCT042300-00,0.0030,610.72,yes
2026-10-05T02:58:36.194603Z,KXBTC15M-26OCT042300-00,0.0020,1.00,no
2026-10-05T02:58:36.291897Z,KXBTC15M-26OCT042300-00,0.0030,1526.80,yes
2026-10-05T02:58:36.332653Z,KXBTC15M-26OCT042300-00,0.0020,28.00,no
2026-10-05T02:58:36.37524Z,KXBTC15M-26OCT042300-00,0.0020,1001.86,no
2026-10-05T02:58:36.419804Z,KXBTC15M-26OCT042300-00,0.0030,75.00,yes
2026-10-05T02:58:36.422214Z,KXBTC15M-26OCT042300-00,0.0020,1.00,no
2026-10-05T02:58:36.462497Z,KXBTC15M-26OCT042300-00,0.0030,305.35,yes
2026-10-05T02:58:36.466755Z,KXBTC15M-26OCT042300-00,0.0030,610.72,yes
2026-10-05T02:58:36.567994Z,KXBTC15M-26OCT042300-00,0.0030,30.53,yes
2026-10-05T02:58:36.615576Z,KXBTC15M-26OCT042300-00,0.0030,322.40,yes
2026-10-05T02:58:36.619211Z,KXBTC15M-26OCT042300-00,0.0030,305.35,yes
2026-10-05T02:58:36.684173Z,KXBTC15M-26OCT042300-00,0.0030,216.40,yes
2026-10-05T02:58:36.743436Z,KXBTC15M-26OCT042300-00,0.0030,305.35,yes
2026-10-05T02:58:36.751064Z,KXBTC15M-26OCT042300-00,0.0030,305.35,yes
2026-10-05T02:58:36.855848Z,KXBTC15M-26OCT042300-00,0.0030,25.00,yes
2026-10-05T02:58:36.868288Z,KXBTC15M-26OCT042300-00,0.0030,305.35,yes
2026-10-05T02:58:36.89499Z,KXBTC15M-26OCT042300-00,0.0030,34.50,yes
2026-10-05T02:58:37.006021Z,KXBTC15M-26OCT042300-00,0.0020,89.00,no
2026-10-05T02:58:37.02634Z,KXBTC15M-26OCT042300-00,0.0020,237.50,no
2026-10-05T02:58:37.048242Z,KXBTC15M-26OCT042300-00,0.0030,1526.80,yes
2026-10-05T02:58:37.05663Z,KXBTC15M-26OCT042300-00,0.0030,305.35,yes
2026-10-05T02:58:37.063585Z,KXBTC15M-26OCT042300-00,0.0030,94.87,yes
2026-10-05T02:58:37.121463Z,KXBTC15M-26OCT042300-00,0.0030,610.72,yes
2026-10-05T02:58:37.122712Z,KXBTC15M-26OCT042300-00,0.0030,30.53,yes
2026-10-05T02:58:37.124399Z,KXBTC15M-26OCT042300-00,0.0030,305.35,yes
2026-10-05T02:58:37.146814Z,KXBTC15M-26OCT042300-00,0.0030,305.35,yes
2026-10-05T02:58:37.193231Z,KXBTC15M-26OCT042300-00,0.0020,35.23,no
2026-10-05T02:58:37.222301Z,KXBTC15M-26OCT042300-00,0.0030,91.62,yes
2026-10-05T02:58:37.269139Z,KXBTC15M-26OCT042300-00,0.0030,610.72,yes
2026-10-05T02:58:37.293047Z,KXBTC15M-26OCT042300-00,0.0030,262.08,yes
2026-10-05T02:58:37.334061Z,KXBTC15M-26OCT042300-00,0.0030,305.35,yes
2026-10-05T02:58:37.359482Z,KXBTC15M-26OCT042300-00,0.0030,1362.24,yes
2026-10-05T02:58:37.384686Z,KXBTC15M-26OCT042300-00,0.0030,610.72,yes
2026-10-05T02:58:37.419442Z,KXBTC15M-26OCT042300-00,0.0030,299.12,yes
2026-10-05T02:58:37.456713Z,KXBTC15M-26OCT042300-00,0.0030,305.35,yes
2026-10-05T02:58:37.479829Z,KXBTC15M-26OCT042300-00,0.0030,126.90,yes
2026-10-05T02:58:37.479829Z,KXBTC15M-26OCT042300-00,0.0030,169.62,yes
2026-10-05T02:58:37.479829Z,KXBTC15M-26OCT042300-00,0.0030,15.00,yes
2026-10-05T02:58:37.479829Z,KXBTC15M-26OCT042300-00,0.0030,0.01,yes
2026-10-05T02:58:37.479829Z,KXBTC15M-26OCT042300-00,0.0030,28.00,yes
2026-10-05T02:58:37.479829Z,KXBTC15M-26OCT042300-00,0.0030,130.84,yes
2026-10-05T02:58:37.479829Z,KXBTC15M-26OCT042300-00,0.0030,1.00,yes
2026-10-05T02:58:37.479829Z,KXBTC15M-26OCT042300-00,0.0030,0.01,yes
2026-10-05T02:58:37.493907Z,KXBTC15M-26OCT042300-00,0.0020,10.02,no
2026-10-05T02:58:37.526155Z,KXBTC15M-26OCT042300-00,0.0030,501.39,yes
2026-10-05T02:58:37.758691Z,KXBTC15M-26OCT042300-00,0.0030,17.08,yes
2026-10-05T02:58:37.921223Z,KXBTC15M-26OCT042300-00,0.0020,0.52,no
2026-10-05T02:58:38.184793Z,KXBTC15M-26OCT042300-00,0.0020,500.93,no
2026-10-05T02:58:38.196808Z,KXBTC15M-26OCT042300-00,0.0030,305.35,yes
2026-10-05T02:58:38.204418Z,KXBTC15M-26OCT042300-00,0.0030,1.00,yes
2026-10-05T02:58:38.204418Z,KXBTC15M-26OCT042300-00,0.0030,47.20,yes
2026-10-05T02:58:38.204418Z,KXBTC15M-26OCT042300-00,0.0030,168.15,yes
2026-10-05T02:58:38.204418Z,KXBTC15M-26OCT042300-00,0.0030,89.00,yes
2026-10-05T02:58:38.262368Z,KXBTC15M-26OCT042300-00,0.0020,24.65,no
2026-10-05T02:58:38.434564Z,KXBTC15M-26OCT042300-00,0.0020,10.35,no
2026-10-05T02:58:38.490421Z,KXBTC15M-26OCT042300-00,0.0020,45.56,no
2026-10-05T02:58:38.545184Z,KXBTC15M-26OCT042300-00,0.0020,5.71,no
2026-10-05T02:58:38.578231Z,KXBTC15M-26OCT042300-00,0.0030,145.20,yes
2026-10-05T02:58:38.578231Z,KXBTC15M-26OCT042300-00,0.0030,35.23,yes
2026-10-05T02:58:38.578231Z,KXBTC15M-26OCT042300-00,0.0030,0.01,yes
2026-10-05T02:58:38.578231Z,KXBTC15M-26OCT042300-00,0.0030,10.02,yes
2026-10-05T02:58:38.578231Z,KXBTC15M-26OCT042300-00,0.0030,15.00,yes
2026-10-05T02:58:38.578231Z,KXBTC15M-26OCT042300-00,0.0030,69.35,yes
2026-10-05T02:58:38.578231Z,KXBTC15M-26OCT042300-00,0.0030,0.01,yes
2026-10-05T02:58:38.644891Z,KXBTC15M-26OCT042300-00,0.0030,305.35,yes
2026-10-05T02:58:38.660862Z,KXBTC15M-26OCT042300-00,0.0030,0.52,yes
2026-10-05T02:58:38.660862Z,KXBTC15M-26OCT042300-00,0.0030,304.83,yes
2026-10-05T02:58:38.792591Z,KXBTC15M-26OCT042300-00,0.0030,2.00,yes
2026-10-05T02:58:38.840176Z,KXBTC15M-26OCT042300-00,0.0020,1.00,no
2026-10-05T02:58:38.884883Z,KXBTC15M-26OCT042300-00,0.0020,2410.48,no
2026-10-05T02:58:38.927849Z,KXBTC15M-26OCT042300-00,0.0030,20.08,yes
2026-10-05T02:58:38.962464Z,KXBTC15M-26OCT042300-00,0.0030,15.00,yes
2026-10-05T02:58:38.962464Z,KXBTC15M-26OCT042300-00,0.0030,10.35,yes
2026-10-05T02:58:38.962464Z,KXBTC15M-26OCT042300-00,0.0030,5.71,yes
2026-10-05T02:58:38.962464Z,KXBTC15M-26OCT042300-00,0.0030,45.56,yes
2026-10-05T02:58:38.962464Z,KXBTC15M-26OCT042300-00,0.0030,30.05,yes
2026-10-05T02:58:38.962464Z,KXBTC15M-26OCT042300-00,0.0030,0.01,yes
2026-10-05T02:58:38.962464Z,KXBTC15M-26OCT042300-00,0.0030,174.02,yes
2026-10-05T02:58:38.962464Z,KXBTC15M-26OCT042300-00,0.0030,24.65,yes
2026-10-05T02:58:39.018672Z,KXBTC15M-26OCT042300-00,0.0030,169.95,yes
2026-10-05T02:58:39.018672Z,KXBTC15M-26OCT042300-00,0.0030,875.33,yes
2026-10-05T02:58:39.018672Z,KXBTC15M-26OCT042300-00,0.0030,1.00,yes
2026-10-05T02:58:39.023015Z,KXBTC15M-26OCT042300-00,0.0030,200.00,yes
2026-10-05T02:58:39.081049Z,KXBTC15M-26OCT042300-00,0.0030,10.00,yes
2026-10-05T02:58:39.105772Z,KXBTC15M-26OCT042300-00,0.0020,38.23,no
2026-10-05T02:58:39.14324Z,KXBTC15M-26OCT042300-00,0.0030,540.77,yes
2026-10-05T02:58:39.1827Z,KXBTC15M-26OCT042300-00,0.0030,305.35,yes
2026-10-05T02:58:39.202801Z,KXBTC15M-26OCT042300-00,0.0030,305.35,yes
2026-10-05T02:58:39.344986Z,KXBTC15M-26OCT042300-00,0.0020,9332.00,no
2026-10-05T02:58:39.360248Z,KXBTC15M-26OCT042300-00,0.0030,12.05,yes
2026-10-05T02:58:39.391135Z,KXBTC15M-26OCT042300-00,0.0030,38.23,yes
2026-10-05T02:58:39.391135Z,KXBTC15M-26OCT042300-00,0.0030,0.01,yes
2026-10-05T02:58:39.391135Z,KXBTC15M-26OCT042300-00,0.0030,161.63,yes
2026-10-05T02:58:39.391135Z,KXBTC15M-26OCT042300-00,0.0030,15.00,yes
2026-10-05T02:58:39.391135Z,KXBTC15M-26OCT042300-00,0.0030,90.48,yes
2026-10-05T02:58:39.417529Z,KXBTC15M-26OCT042300-00,0.0030,272.77,yes
2026-10-05T02:58:39.417529Z,KXBTC15M-26OCT042300-00,0.0030,220.18,yes
2026-10-05T02:58:39.440751Z,KXBTC15M-26OCT042300-00,0.0030,65.00,yes
2026-10-05T02:58:39.469382Z,KXBTC15M-26OCT042300-00,0.0030,8.26,yes
2026-10-05T02:58:39.681928Z,KXBTC15M-26OCT042300-00,0.0030,523.74,yes
2026-10-05T02:58:39.74824Z,KXBTC15M-26OCT042300-00,0.0030,2639.15,yes
2026-10-05T02:58:39.748429Z,KXBTC15M-26OCT042300-00,0.0030,290.02,yes
2026-10-05T02:58:39.828121Z,KXBTC15M-26OCT042300-00,0.0020,2.00,no
2026-10-05T02:58:39.880845Z,KXBTC15M-26OCT042300-00,0.0030,22.32,yes
2026-10-05T02:58:39.932187Z,KXBTC15M-26OCT042300-00,0.0030,290.02,yes
2026-10-05T02:58:39.948897Z,KXBTC15M-26OCT042300-00,0.0020,200.00,no
2026-10-05T02:58:39.948897Z,KXBTC15M-26OCT042300-00,0.0020,200.00,no
2026-10-05T02:58:39.948897Z,KXBTC15M-26OCT042300-00,0.0020,500.00,no
2026-10-05T02:58:39.948897Z,KXBTC15M-26OCT042300-00,0.0020,120.00,no
2026-10-05T02:58:39.948897Z,KXBTC15M-26OCT042300-00,0.0020,47157.00,no
2026-10-05T02:58:39.948897Z,KXBTC15M-26OCT042300-00,0.0020,100.00,no
2026-10-05T02:58:39.948897Z,KXBTC15M-26OCT042300-00,0.0020,1000.00,no
2026-10-05T02:58:39.948897Z,KXBTC15M-26OCT042300-00,0.0020,1000.00,no
2026-10-05T02:58:39.948897Z,KXBTC15M-26OCT042300-00,0.0020,20000.00,no
2026-10-05T02:58:39.948897Z,KXBTC15M-26OCT042300-00,0.0020,2110.14,no
2026-10-05T02:58:39.948897Z,KXBTC15M-26OCT042300-00,0.0020,1000.00,no
2026-10-05T02:58:39.948897Z,KXBTC15M-26OCT042300-00,0.0020,3.00,no
2026-10-05T02:58:39.948897Z,KXBTC15M-26OCT042300-00,0.0020,3.00,no
2026-10-05T02:58:39.948897Z,KXBTC15M-26OCT042300-00,0.0020,3.00,no
2026-10-05T02:58:39.948897Z,KXBTC15M-26OCT042300-00,0.0020,3.00,no
2026-10-05T02:58:39.948897Z,KXBTC15M-26OCT042300-00,0.0020,3.00,no
2026-10-05T02:58:39.948897Z,KXBTC15M-26OCT042300-00,0.0020,26.00,no
2026-10-05T02:58:39.948897Z,KXBTC15M-26OCT042300-00,0.0020,5.00,no
2026-10-05T02:58:39.948897Z,KXBTC15M-26OCT042300-00,0.0020,14.55,no
2026-10-05T02:58:39.948897Z,KXBTC15M-26OCT042300-00,0.0020,15.00,no
2026-10-05T02:58:39.948897Z,KXBTC15M-26OCT042300-00,0.0020,500.00,no
2026-10-05T02:58:39.948897Z,KXBTC15M-26OCT042300-00,0.0020,1875.00,no
2026-10-05T02:58:39.948897Z,KXBTC15M-26OCT042300-00,0.0020,500.00,no
2026-10-05T02:58:39.948897Z,KXBTC15M-26OCT042300-00,0.0020,100.00,no
2026-10-05T02:58:39.948897Z,KXBTC15M-26OCT042300-00,0.0020,0.01,no
2026-10-05T02:58:39.948897Z,KXBTC15M-26OCT042300-00,0.0020,15.00,no
2026-10-05T02:58:39.948897Z,KXBTC15M-26OCT042300-00,0.0020,28.00,no
2026-10-05T02:58:39.948897Z,KXBTC15M-26OCT042300-00,0.0020,400.00,no
2026-10-05T02:58:39.948897Z,KXBTC15M-26OCT042300-00,0.0020,0.01,no
2026-10-05T02:58:39.948897Z,KXBTC15M-26OCT042300-00,0.0020,15.00,no
2026-10-05T02:58:39.948897Z,KXBTC15M-26OCT042300-00,0.0020,15.00,no
2026-10-05T02:58:39.948897Z,KXBTC15M-26OCT042300-00,0.0020,15.00,no
2026-10-05T02:58:39.948897Z,KXBTC15M-26OCT042300-00,0.0020,300.00,no
2026-10-05T02:58:39.948897Z,KXBTC15M-26OCT042300-00,0.0020,15.00,no
2026-10-05T02:58:39.948897Z,KXBTC15M-26OCT042300-00,0.0020,3141.00,no
2026-10-05T02:58:39.948897Z,KXBTC15M-26OCT042300-00,0.0020,2.00,no
2026-10-05T02:58:39.948897Z,KXBTC15M-26OCT042300-00,0.0020,300.00,no
2026-10-05T02:58:40.037299Z,KXBTC15M-26OCT042300-00,0.0020,101.16,yes
2026-10-05T02:58:40.078468Z,KXBTC15M-26OCT042300-00,0.0010,157.50,no
2026-10-05T02:58:40.093608Z,KXBTC15M-26OCT042300-00,0.0010,1.00,no
2026-10-05T02:58:40.104287Z,KXBTC15M-26OCT042300-00,0.0010,157.50,no
2026-10-05T02:58:40.126988Z,KXBTC15M-26OCT042300-00,0.0020,2000.00,yes
2026-10-05T02:58:40.227895Z,KXBTC15M-26OCT042300-00,0.0020,1354.00,yes
2026-10-05T02:58:40.240361Z,KXBTC15M-26OCT042300-00,0.0020,155.79,yes
2026-10-05T02:58:40.24037Z,KXBTC15M-26OCT042300-00,0.0010,197.93,no
2026-10-05T02:58:40.265744Z,KXBTC15M-26OCT042300-00,0.0020,311.59,yes
2026-10-05T02:58:40.3036Z,KXBTC15M-26OCT042300-00,0.0020,311.59,yes
2026-10-05T02:58:40.317972Z,KXBTC15M-26OCT042300-00,0.0020,521.00,yes
2026-10-05T02:58:40.37361Z,KXBTC15M-26OCT042300-00,0.0020,934.76,yes
2026-10-05T02:58:40.40094Z,KXBTC15M-26OCT042300-00,0.0010,77.94,no
2026-10-05T02:58:40.401647Z,KXBTC15M-26OCT042300-00,0.0020,1557.96,yes
2026-10-05T02:58:40.419702Z,KXBTC15M-26OCT042300-00,0.0020,5.60,yes
2026-10-05T02:58:40.445677Z,KXBTC15M-26OCT042300-00,0.0010,7.30,no
2026-10-05T02:58:40.447723Z,KXBTC15M-26OCT042300-00,0.0020,1422.00,yes
2026-10-05T02:58:40.458643Z,KXBTC15M-26OCT042300-00,0.0010,22.36,no
2026-10-05T02:58:40.466357Z,KXBTC15M-26OCT042300-00,0.0010,3002.79,no
2026-10-05T02:58:40.476436Z,KXBTC15M-26OCT042300-00,0.0020,233.69,yes
2026-10-05T02:58:40.655075Z,KXBTC15M-26OCT042300-00,0.0010,290.00,no
2026-10-05T02:58:40.732717Z,KXBTC15M-26OCT042300-00,0.0010,65.38,no
2026-10-05T02:58:40.774208Z,KXBTC15M-26OCT042300-00,0.0020,172.76,yes
2026-10-05T02:58:40.801375Z,KXBTC15M-26OCT042300-00,0.0020,28.04,yes
2026-10-05T02:58:40.899383Z,KXBTC15M-26OCT042300-00,0.0010,269.28,no
2026-10-05T02:58:41.005238Z,KXBTC15M-26OCT042300-00,0.0020,26.19,yes
2026-10-05T02:58:41.009396Z,KXBTC15M-26OCT042300-00,0.0010,100.09,no
2026-10-05T02:58:41.074481Z,KXBTC15M-26OCT042300-00,0.0010,2.13,no
2026-10-05T02:58:41.084838Z,KXBTC15M-26OCT042300-00,0.0020,458.01,yes
2026-10-05T02:58:41.093451Z,KXBTC15M-26OCT042300-00,0.0010,12.58,no
2026-10-05T02:58:41.160836Z,KXBTC15M-26OCT042300-00,0.0010,11140.00,no
2026-10-05T02:58:41.160836Z,KXBTC15M-26OCT042300-00,0.0010,4571.72,no
2026-10-05T02:58:41.160836Z,KXBTC15M-26OCT042300-00,0.0010,91.44,no
2026-10-05T02:58:41.160836Z,KXBTC15M-26OCT042300-00,0.0010,8028.00,no
2026-10-05T02:58:41.292158Z,KXBTC15M-26OCT042300-00,0.0020,45.00,yes
2026-10-05T02:58:41.298291Z,KXBTC15M-26OCT042300-00,0.0020,415.94,yes
2026-10-05T02:58:41.345007Z,KXBTC15M-26OCT042300-00,0.0020,94.29,yes
2026-10-05T02:58:41.428572Z,KXBTC15M-26OCT042300-00,0.0020,916.02,yes
2026-10-05T02:58:41.444121Z,KXBTC15M-26OCT042300-00,0.0010,1.10,no
2026-10-05T02:58:41.463461Z,KXBTC15M-26OCT042300-00,0.0010,458.07,no
2026-10-05T02:58:41.491717Z,KXBTC15M-26OCT042300-00,0.0020,458.01,yes
2026-10-05T02:58:41.524491Z,KXBTC15M-26OCT042300-00,0.0020,155.70,yes
2026-10-05T02:58:41.537056Z,KXBTC15M-26OCT042300-00,0.0020,22.92,yes
2026-10-05T02:58:41.555386Z,KXBTC15M-26OCT042300-00,0.0020,397.24,yes
2026-10-05T02:58:41.562725Z,KXBTC15M-26OCT042300-00,0.0020,458.01,yes
2026-10-05T02:58:41.74187Z,KXBTC15M-26OCT042300-00,0.0020,29.50,yes
2026-10-05T02:58:41.753697Z,KXBTC15M-26OCT042300-00,0.0020,229.01,yes
2026-10-05T02:58:41.810265Z,KXBTC15M-26OCT042300-00,0.0020,0.50,yes
2026-10-05T02:58:41.811958Z,KXBTC15M-26OCT042300-00,0.0010,50.04,no
2026-10-05T02:58:41.846279Z,KXBTC15M-26OCT042300-00,0.0010,1071.66,no
2026-10-05T02:58:41.93709Z,KXBTC15M-26OCT042300-00,0.0010,21.79,no
2026-10-05T02:58:42.013024Z,KXBTC15M-26OCT042300-00,0.0020,458.01,yes
2026-10-05T02:58:42.041115Z,KXBTC15M-26OCT042300-00,0.0020,0.01,yes
2026-10-05T02:58:42.109039Z,KXBTC15M-26OCT042300-00,0.0020,2.00,yes
2026-10-05T02:58:42.113696Z,KXBTC15M-26OCT042300-00,0.0020,82.00,yes
2026-10-05T02:58:42.362157Z,KXBTC15M-26OCT042300-00,0.0020,44.99,yes
2026-10-05T02:58:42.487735Z,KXBTC15M-26OCT042300-00,0.0020,13.69,yes
2026-10-05T02:58:42.605764Z,KXBTC15M-26OCT042300-00,0.0020,458.01,yes
2026-10-05T02:58:42.611621Z,KXBTC15M-26OCT042300-00,0.0010,200.00,no
2026-10-05T02:58:42.699552Z,KXBTC15M-26OCT042300-00,0.0020,467.36,yes
2026-10-05T02:58:42.875392Z,KXBTC15M-26OCT042300-00,0.0010,528.31,no
2026-10-05T02:58:42.890329Z,KXBTC15M-26OCT042300-00,0.0020,1.57,yes
2026-10-05T02:58:43.054665Z,KXBTC15M-26OCT042300-00,0.0020,2290.05,yes
2026-10-05T02:58:43.208575Z,KXBTC15M-26OCT042300-00,0.0020,458.01,yes
2026-10-05T02:58:43.391718Z,KXBTC15M-26OCT042300-00,0.0020,1135.90,yes
2026-10-05T02:58:43.447914Z,KXBTC15M-26OCT042300-00,0.0020,27.10,yes
2026-10-05T02:58:43.526646Z,KXBTC15M-26OCT042300-00,0.0010,10.56,no
2026-10-05T02:58:43.588639Z,KXBTC15M-26OCT042300-00,0.0010,1260.17,no
2026-10-05T02:58:43.705112Z,KXBTC15M-26OCT042300-00,0.0020,0.01,yes
2026-10-05T02:58:43.705112Z,KXBTC15M-26OCT042300-00,0.0020,1060.31,yes
2026-10-05T02:58:43.705112Z,KXBTC15M-26OCT042300-00,0.0020,1229.73,yes
2026-10-05T02:58:43.911848Z,KXBTC15M-26OCT042300-00,0.0010,4657.86,no
2026-10-05T02:58:43.911848Z,KXBTC15M-26OCT042300-00,0.0010,616.04,no
2026-10-05T02:58:43.928569Z,KXBTC15M-26OCT042300-00,0.0020,5000.00,yes
2026-10-05T02:58:43.99157Z,KXBTC15M-26OCT042300-00,0.0020,192.81,yes
2026-10-05T02:58:44.047455Z,KXBTC15M-26OCT042300-00,0.0020,21.45,yes
2026-10-05T02:58:44.062853Z,KXBTC15M-26OCT042300-00,0.0010,111.99,no
2026-10-05T02:58:44.350282Z,KXBTC15M-26OCT042300-00,0.0020,2.01,yes
2026-10-05T02:58:44.352044Z,KXBTC15M-26OCT042300-00,0.0010,90.56,no
2026-10-05T02:58:44.375068Z,KXBTC15M-26OCT042300-00,0.0010,251.79,no
2026-10-05T02:58:44.425999Z,KXBTC15M-26OCT042300-00,0.0010,1.52,no
2026-10-05T02:58:44.467691Z,KXBTC15M-26OCT042300-00,0.0020,20.07,yes
2026-10-05T02:58:44.493607Z,KXBTC15M-26OCT042300-00,0.0020,66.20,yes
2026-10-05T02:58:44.564849Z,KXBTC15M-26OCT042300-00,0.0020,56.00,yes
2026-10-05T02:58:44.567951Z,KXBTC15M-26OCT042300-00,0.0010,400.00,no
2026-10-05T02:58:44.583412Z,KXBTC15M-26OCT042300-00,0.0020,3.00,yes
2026-10-05T02:58:44.641393Z,KXBTC15M-26OCT042300-00,0.0020,5.19,yes
2026-10-05T02:58:44.690437Z,KXBTC15M-26OCT042300-00,0.0020,1374.03,yes
2026-10-05T02:58:44.745489Z,KXBTC15M-26OCT042300-00,0.0010,2.34,no
2026-10-05T02:58:44.748946Z,KXBTC15M-26OCT042300-00,0.0020,19.70,yes
2026-10-05T02:58:44.776349Z,KXBTC15M-26OCT042300-00,0.0020,4.50,yes
2026-10-05T02:58:44.788176Z,KXBTC15M-26OCT042300-00,0.0020,47.27,yes
2026-10-05T02:58:44.835542Z,KXBTC15M-26OCT042300-00,0.0010,36.03,no
2026-10-05T02:58:44.8958Z,KXBTC15M-26OCT042300-00,0.0010,41.25,no
2026-10-05T02:58:44.900511Z,KXBTC15M-26OCT042300-00,0.0010,58.71,no
2026-10-05T02:58:45.028325Z,KXBTC15M-26OCT042300-00,0.0010,10000.00,no
2026-10-05T02:58:45.104513Z,KXBTC15M-26OCT042300-00,0.0010,0.05,no
2026-10-05T02:58:45.119048Z,KXBTC15M-26OCT042300-00,0.0010,27.86,no
2026-10-05T02:58:45.209451Z,KXBTC15M-26OCT042300-00,0.0020,2290.05,yes
2026-10-05T02:58:45.3042Z,KXBTC15M-26OCT042300-00,0.0020,458.01,yes
2026-10-05T02:58:45.351432Z,KXBTC15M-26OCT042300-00,0.0020,458.01,yes
2026-10-05T02:58:45.376417Z,KXBTC15M-26OCT042300-00,0.0020,233.31,yes
2026-10-05T02:58:45.441609Z,KXBTC15M-26OCT042300-00,0.0020,215.29,yes
2026-10-05T02:58:45.480087Z,KXBTC15M-26OCT042300-00,0.0020,117.94,yes
2026-10-05T02:58:45.503798Z,KXBTC15M-26OCT042300-00,0.0010,47.04,no
2026-10-05T02:58:45.588024Z,KXBTC15M-26OCT042300-00,0.0020,11450.11,yes
2026-10-05T02:58:45.699383Z,KXBTC15M-26OCT042300-00,0.0010,275.00,no
2026-10-05T02:58:45.749539Z,KXBTC15M-26OCT042300-00,0.0020,1.39,yes
2026-10-05T02:58:45.772508Z,KXBTC15M-26OCT042300-00,0.0010,5.86,no
2026-10-05T02:58:45.791376Z,KXBTC15M-26OCT042300-00,0.0020,2.23,yes
2026-10-05T02:58:45.877939Z,KXBTC15M-26OCT042300-00,0.0010,100.09,no
2026-10-05T02:58:45.89004Z,KXBTC15M-26OCT042300-00,0.0020,8.06,yes
2026-10-05T02:58:45.928563Z,KXBTC15M-26OCT042300-00,0.0010,97.31,no
2026-10-05T02:58:45.967297Z,KXBTC15M-26OCT042300-00,0.0020,213.36,yes
2026-10-05T02:58:46.155897Z,KXBTC15M-26OCT042300-00,0.0010,12.12,no
2026-10-05T02:58:46.169098Z,KXBTC15M-26OCT042300-00,0.0010,166.82,no
2026-10-05T02:58:46.169098Z,KXBTC15M-26OCT042300-00,0.0010,122.44,no
2026-10-05T02:58:46.191694Z,KXBTC15M-26OCT042300-00,0.0020,38.10,yes
2026-10-05T02:58:46.255253Z,KXBTC15M-26OCT042300-00,0.0010,130.90,no
2026-10-05T02:58:46.326797Z,KXBTC15M-26OCT042300-00,0.0020,321.00,yes
2026-10-05T02:58:46.345977Z,KXBTC15M-26OCT042300-00,0.0020,10.00,yes
2026-10-05T02:58:46.520974Z,KXBTC15M-26OCT042300-00,0.0010,55.05,no
2026-10-05T02:58:46.580213Z,KXBTC15M-26OCT042300-00,0.0020,2.00,yes
2026-10-05T02:58:46.580334Z,KXBTC15M-26OCT042300-00,0.0010,0.02,no
2026-10-05T02:58:46.623511Z,KXBTC15M-26OCT042300-00,0.0020,91.62,yes
2026-10-05T02:58:46.739437Z,KXBTC15M-26OCT042300-00,0.0010,0.14,no
2026-10-05T02:58:46.793309Z,KXBTC15M-26OCT042300-00,0.0010,1.00,no
2026-10-05T02:58:46.903878Z,KXBTC15M-26OCT042300-00,0.0010,300.27,no
2026-10-05T02:58:46.914765Z,KXBTC15M-26OCT042300-00,0.0010,12.55,no
2026-10-05T02:58:47.013495Z,KXBTC15M-26OCT042300-00,0.0010,27.66,no
2026-10-05T02:58:47.121092Z,KXBTC15M-26OCT042300-00,0.0020,3.00,yes
2026-10-05T02:58:47.292427Z,KXBTC15M-26OCT042300-00,0.0010,100.00,no
2026-10-05T02:58:47.2929Z,KXBTC15M-26OCT042300-00,0.0010,250.00,no
2026-10-05T02:58:47.358575Z,KXBTC15M-26OCT042300-00,0.0010,622.97,no
2026-10-05T02:58:47.521332Z,KXBTC15M-26OCT042300-00,0.0010,34.00,no
2026-10-05T02:58:47.617256Z,KXBTC15M-26OCT042300-00,0.0020,458.01,yes
2026-10-05T02:58:47.660764Z,KXBTC15M-26OCT042300-00,0.0020,200.00,yes
2026-10-05T02:58:47.673518Z,KXBTC15M-26OCT042300-00,0.0020,4.09,yes
2026-10-05T02:58:47.677028Z,KXBTC15M-26OCT042300-00,0.0020,212.28,yes
2026-10-05T02:58:47.701091Z,KXBTC15M-26OCT042300-00,0.0010,373.95,no
2026-10-05T02:58:47.940497Z,KXBTC15M-26OCT042300-00,0.0010,43.04,no
2026-10-05T02:58:48.114213Z,KXBTC15M-26OCT042300-00,0.0010,695.00,no
2026-10-05T02:58:48.126892Z,KXBTC15M-26OCT042300-00,0.0010,20.00,no
2026-10-05T02:58:48.314518Z,KXBTC15M-26OCT042300-00,0.0010,5.00,no
2026-10-05T02:58:48.363308Z,KXBTC15M-26OCT042300-00,0.0010,219.52,no
2026-10-05T02:58:48.508532Z,KXBTC15M-26OCT042300-00,0.0020,418.42,yes
2026-10-05T02:58:48.692876Z,KXBTC15M-26OCT042300-00,0.0020,45.80,yes
2026-10-05T02:58:48.756533Z,KXBTC15M-26OCT042300-00,0.0020,1.26,yes
2026-10-05T02:58:48.786888Z,KXBTC15M-26OCT042300-00,0.0010,1201.11,no
2026-10-05T02:58:48.840759Z,KXBTC15M-26OCT042300-00,0.0010,37.21,no
2026-10-05T02:58:48.846491Z,KXBTC15M-26OCT042300-00,0.0020,41.24,yes
2026-10-05T02:58:48.86485Z,KXBTC15M-26OCT042300-00,0.0010,250.23,no
2026-10-05T02:58:48.995555Z,KXBTC15M-26OCT042300-00,0.0010,132.49,no
2026-10-05T02:58:49.010932Z,KXBTC15M-26OCT042300-00,0.0020,10.15,yes
2026-10-05T02:58:49.028702Z,KXBTC15M-26OCT042300-00,0.0010,66.00,no
2026-10-05T02:58:49.042272Z,KXBTC15M-26OCT042300-00,0.0020,0.12,yes
2026-10-05T02:58:49.169689Z,KXBTC15M-26OCT042300-00,0.0010,3204.23,no
2026-10-05T02:58:49.169689Z,KXBTC15M-26OCT042300-00,0.0010,6805.07,no
2026-10-05T02:58:49.209864Z,KXBTC15M-26OCT042300-00,0.0010,1.00,no
2026-10-05T02:58:49.267977Z,KXBTC15M-26OCT042300-00,0.0020,41.24,yes
2026-10-05T02:58:49.403238Z,KXBTC15M-26OCT042300-00,0.0020,4580.06,yes
2026-10-05T02:58:49.435322Z,KXBTC15M-26OCT042300-00,0.0020,495.06,yes
2026-10-05T02:58:49.485701Z,KXBTC15M-26OCT042300-00,0.0010,7.10,no
2026-10-05T02:58:49.555428Z,KXBTC15M-26OCT042300-00,0.0010,10.90,no
2026-10-05T02:58:49.591443Z,KXBTC15M-26OCT042300-00,0.0020,121.63,yes
2026-10-05T02:58:49.687577Z,KXBTC15M-26OCT042300-00,0.0020,91.62,yes
2026-10-05T02:58:49.68917Z,KXBTC15M-26OCT042300-00,0.0020,31.54,yes
2026-10-05T02:58:49.706368Z,KXBTC15M-26OCT042300-00,0.0020,467.36,yes
2026-10-05T02:58:49.769011Z,KXBTC15M-26OCT042300-00,0.0010,133.63,no
2026-10-05T02:58:49.786156Z,KXBTC15M-26OCT042300-00,0.0010,305.35,no
2026-10-05T02:58:49.840745Z,KXBTC15M-26OCT042300-00,0.0010,5.00,no
2026-10-05T02:58:49.978507Z,KXBTC15M-26OCT042300-00,0.0020,623.19,yes
2026-10-05T02:58:50.090996Z,KXBTC15M-26OCT042300-00,0.0020,448.66,yes
2026-10-05T02:58:50.134797Z,KXBTC15M-26OCT042300-00,0.0010,1.00,no
2026-10-05T02:58:50.223188Z,KXBTC15M-26OCT042300-00,0.0020,458.01,yes
2026-10-05T02:58:50.277906Z,KXBTC15M-26OCT042300-00,0.0020,91.62,yes
2026-10-05T02:58:50.311609Z,KXBTC15M-26OCT042300-00,0.0020,233.69,yes
2026-10-05T02:58:50.466827Z,KXBTC15M-26OCT042300-00,0.0010,500.46,no
2026-10-05T02:58:50.502983Z,KXBTC15M-26OCT042300-00,0.0020,90.45,yes
2026-10-05T02:58:50.530513Z,KXBTC15M-26OCT042300-00,0.0020,9.11,yes
2026-10-05T02:58:50.54401Z,KXBTC15M-26OCT042300-00,0.0020,107.00,yes
2026-10-05T02:58:50.679115Z,KXBTC15M-26OCT042300-00,0.0010,13.25,no
2026-10-05T02:58:50.69355Z,KXBTC15M-26OCT042300-00,0.0010,16.01,no
2026-10-05T02:58:50.719149Z,KXBTC15M-26OCT042300-00,0.0020,15.00,yes
2026-10-05T02:58:50.828117Z,KXBTC15M-26OCT042300-00,0.0010,1181.09,no
2026-10-05T02:58:50.884451Z,KXBTC15M-26OCT042300-00,0.0020,2290.05,yes
2026-10-05T02:58:51.147339Z,KXBTC15M-26OCT042300-00,0.0010,10.00,no
2026-10-05T02:58:51.158582Z,KXBTC15M-26OCT042300-00,0.0010,14.22,no
2026-10-05T02:58:51.188717Z,KXBTC15M-26OCT042300-00,0.0010,1500.00,no
2026-10-05T02:58:51.189365Z,KXBTC15M-26OCT042300-00,0.0010,100.00,no
2026-10-05T02:58:51.189796Z,KXBTC15M-26OCT042300-00,0.0010,1000.00,no
2026-10-05T02:58:51.207625Z,KXBTC15M-26OCT042300-00,0.0010,63.86,no
2026-10-05T02:58:51.225636Z,KXBTC15M-26OCT042300-00,0.0010,500.00,no
2026-10-05T02:58:51.260931Z,KXBTC15M-26OCT042300-00,0.0010,500.00,no
2026-10-05T02:58:51.266197Z,KXBTC15M-26OCT042300-00,0.0020,1.49,yes
2026-10-05T02:58:51.341753Z,KXBTC15M-26OCT042300-00,0.0010,916.19,no
2026-10-05T02:58:51.405528Z,KXBTC15M-26OCT042300-00,0.0020,2290.05,yes
2026-10-05T02:58:51.475032Z,KXBTC15M-26OCT042300-00,0.0020,89.17,yes
2026-10-05T02:58:51.523594Z,KXBTC15M-26OCT042300-00,0.0010,20.01,no
2026-10-05T02:58:51.591436Z,KXBTC15M-26OCT042300-00,0.0010,79.81,no
2026-10-05T02:58:51.619888Z,KXBTC15M-26OCT042300-00,0.0010,20.00,no
2026-10-05T02:58:51.754227Z,KXBTC15M-26OCT042300-00,0.0010,4.86,no
2026-10-05T02:58:51.755429Z,KXBTC15M-26OCT042300-00,0.0010,2725.03,no
2026-10-05T02:58:51.755429Z,KXBTC15M-26OCT042300-00,0.0010,7421.00,no
2026-10-05T02:58:51.755429Z,KXBTC15M-26OCT042300-00,0.0010,585.97,no
2026-10-05T02:58:51.825271Z,KXBTC15M-26OCT042300-00,0.0020,1.45,yes
2026-10-05T02:58:51.919315Z,KXBTC15M-26OCT042300-00,0.0020,224.34,yes
2026-10-05T02:58:51.981813Z,KXBTC15M-26OCT042300-00,0.0020,916.02,yes
2026-10-05T02:58:52.22126Z,KXBTC15M-26OCT042300-00,0.0010,2000.00,no
2026-10-05T02:58:52.222404Z,KXBTC15M-26OCT042300-00,0.0010,1500.00,no
2026-10-05T02:58:52.22643Z,KXBTC15M-26OCT042300-00,0.0010,100.00,no
2026-10-05T02:58:52.234151Z,KXBTC15M-26OCT042300-00,0.0010,750.00,no
2026-10-05T02:58:52.238655Z,KXBTC15M-26OCT042300-00,0.0020,129.32,yes
2026-10-05T02:58:52.263806Z,KXBTC15M-26OCT042300-00,0.0010,500.00,no
2026-10-05T02:58:52.285389Z,KXBTC15M-26OCT042300-00,0.0010,1000.00,no
2026-10-05T02:58:52.286205Z,KXBTC15M-26OCT042300-00,0.0010,500.00,no
2026-10-05T02:58:52.329011Z,KXBTC15M-26OCT042300-00,0.0010,250.00,no
2026-10-05T02:58:52.390495Z,KXBTC15M-26OCT042300-00,0.0010,200.00,no
2026-10-05T02:58:52.390495Z,KXBTC15M-26OCT042300-00,0.0010,1.00,no
2026-10-05T02:58:52.390495Z,KXBTC15M-26OCT042300-00,0.0010,1177.50,no
2026-10-05T02:58:52.390495Z,KXBTC15M-26OCT042300-00,0.0010,100.00,no
2026-10-05T02:58:52.390495Z,KXBTC15M-26OCT042300-00,0.0010,2000.00,no
2026-10-05T02:58:52.390495Z,KXBTC15M-26OCT042300-00,0.0010,1000.00,no
2026-10-05T02:58:52.390495Z,KXBTC15M-26OCT042300-00,0.0010,12833.00,no
2026-10-05T02:58:52.390495Z,KXBTC15M-26OCT042300-00,0.0010,200.00,no
2026-10-05T02:58:52.390495Z,KXBTC15M-26OCT042300-00,0.0010,1804.03,no
2026-10-05T02:58:52.390495Z,KXBTC15M-26OCT042300-00,0.0010,1901.00,no
2026-10-05T02:58:52.390495Z,KXBTC15M-26OCT042300-00,0.0010,200.00,no
2026-10-05T02:58:52.390495Z,KXBTC15M-26OCT042300-00,0.0010,15029.00,no
2026-10-05T02:58:52.390495Z,KXBTC15M-26OCT042300-00,0.0010,1.00,no
2026-10-05T02:58:52.390495Z,KXBTC15M-26OCT042300-00,0.0010,120.00,no
2026-10-05T02:58:52.390495Z,KXBTC15M-26OCT042300-00,0.0010,1.00,no
2026-10-05T02:58:52.390495Z,KXBTC15M-26OCT042300-00,0.0010,675.00,no
2026-10-05T02:58:52.390495Z,KXBTC15M-26OCT042300-00,0.0010,450.75,no
2026-10-05T02:58:52.390495Z,KXBTC15M-26OCT042300-00,0.0010,75.00,no
2026-10-05T02:58:52.390495Z,KXBTC15M-26OCT042300-00,0.0010,75.00,no
2026-10-05T02:58:52.390495Z,KXBTC15M-26OCT042300-00,0.0010,75.00,no
2026-10-05T02:58:52.390495Z,KXBTC15M-26OCT042300-00,0.0010,75.00,no
2026-10-05T02:58:52.390495Z,KXBTC15M-26OCT042300-00,0.0010,6.16,no
2026-10-05T02:58:52.390495Z,KXBTC15M-26OCT042300-00,0.0010,75.00,no
2026-10-05T02:58:52.390495Z,KXBTC15M-26OCT042300-00,0.0010,75.00,no
2026-10-05T02:58:52.390495Z,KXBTC15M-26OCT042300-00,0.0010,75.00,no
2026-10-05T02:58:52.390495Z,KXBTC15M-26OCT042300-00,0.0010,75.00,no
2026-10-05T02:58:52.390495Z,KXBTC15M-26OCT042300-00,0.0010,75.00,no
2026-10-05T02:58:52.390495Z,KXBTC15M-26OCT042300-00,0.0010,75.00,no
2026-10-05T02:58:52.390495Z,KXBTC15M-26OCT042300-00,0.0010,75.00,no
2026-10-05T02:58:52.390495Z,KXBTC15M-26OCT042300-00,0.0010,75.00,no
2026-10-05T02:58:52.390495Z,KXBTC15M-26OCT042300-00,0.0010,75.00,no
2026-10-05T02:58:52.390495Z,KXBTC15M-26OCT042300-00,0.0010,75.00,no
2026-10-05T02:58:52.390495Z,KXBTC15M-26OCT042300-00,0.0010,75.00,no
2026-10-05T02:58:52.390495Z,KXBTC15M-26OCT042300-00,0.0010,262.49,no
2026-10-05T02:58:52.390495Z,KXBTC15M-26OCT042300-00,0.0010,10.00,no
2026-10-05T02:58:52.390495Z,KXBTC15M-26OCT042300-00,0.0010,20000.00,no
2026-10-05T02:58:52.390495Z,KXBTC15M-26OCT042300-00,0.0010,1500.00,no
2026-10-05T02:58:52.390495Z,KXBTC15M-26OCT042300-00,0.0010,10.00,no
2026-10-05T02:58:52.390495Z,KXBTC15M-26OCT042300-00,0.0010,10.00,no
2026-10-05T02:58:52.390495Z,KXBTC15M-26OCT042300-00,0.0010,2319.84,no
2026-10-05T02:58:52.390495Z,KXBTC15M-26OCT042300-00,0.0010,836.00,no
2026-10-05T02:58:52.390495Z,KXBTC15M-26OCT042300-00,0.0010,79.00,no
2026-10-05T02:58:52.390495Z,KXBTC15M-26OCT042300-00,0.0010,189.33,no
2026-10-05T02:58:52.390495Z,KXBTC15M-26OCT042300-00,0.0010,2.00,no
2026-10-05T02:58:52.390495Z,KXBTC15M-26OCT042300-00,0.0010,4000.00,no
2026-10-05T02:58:52.390495Z,KXBTC15M-26OCT042300-00,0.0010,40.00,no
2026-10-05T02:58:52.390495Z,KXBTC15M-26OCT042300-00,0.0010,17.00,no
2026-10-05T02:58:52.390495Z,KXBTC15M-26OCT042300-00,0.0010,0.01,no
2026-10-05T02:58:52.390495Z,KXBTC15M-26OCT042300-00,0.0010,0.01,no
2026-10-05T02:58:52.458483Z,KXBTC15M-26OCT042300-00,0.0010,4673.54,yes
2026-10-05T02:58:52.529886Z,KXBTC15M-26OCT042300-00,0.0010,501.00,yes
2026-10-05T02:58:52.626462Z,KXBTC15M-26OCT042300-00,0.0010,1.26,yes
2026-10-05T02:58:52.627069Z,KXBTC15M-26OCT042300-00,0.0010,23.39,yes
2026-10-05T02:58:53.195451Z,KXBTC15M-26OCT042300-00,0.0010,2000.28,yes
2026-10-05T02:58:53.496528Z,KXBTC15M-26OCT042300-00,0.0010,915.99,yes
2026-10-05T02:58:53.558958Z,KXBTC15M-26OCT042300-00,0.0010,5.51,yes
2026-10-05T02:58:53.585424Z,KXBTC15M-26OCT042300-00,0.0010,915.99,yes
2026-10-05T02:58:53.646723Z,KXBTC15M-26OCT042300-00,0.0010,915.99,yes
2026-10-05T02:58:53.662162Z,KXBTC15M-26OCT042300-00,0.0010,915.99,yes
2026-10-05T02:58:53.751058Z,KXBTC15M-26OCT042300-00,0.0010,229.01,yes
2026-10-05T02:58:53.85401Z,KXBTC15M-26OCT042300-00,0.0010,137.51,yes
2026-10-05T02:58:53.879991Z,KXBTC15M-26OCT042300-00,0.0010,915.99,yes
2026-10-05T02:58:53.898532Z,KXBTC15M-26OCT042300-00,0.0010,476.36,yes
2026-10-05T02:58:53.973027Z,KXBTC15M-26OCT042300-00,0.0010,4486.31,yes
2026-10-05T02:58:54.336434Z,KXBTC15M-26OCT042300-00,0.0010,558.78,yes
2026-10-05T02:58:54.375205Z,KXBTC15M-26OCT042300-00,0.0010,20.00,yes
2026-10-05T02:58:54.393266Z,KXBTC15M-26OCT042300-00,0.0010,4579.77,yes
2026-10-05T02:58:54.663596Z,KXBTC15M-26OCT042300-00,0.0010,915.99,yes
2026-10-05T02:58:54.773635Z,KXBTC15M-26OCT042300-00,0.0010,395.20,yes
2026-10-05T02:58:54.839075Z,KXBTC15M-26OCT042300-00,0.0010,1831.90,yes
2026-10-05T02:58:54.897148Z,KXBTC15M-26OCT042300-00,0.0010,270.63,yes
2026-10-05T02:58:54.951884Z,KXBTC15M-26OCT042300-00,0.0010,2.02,yes
2026-10-05T02:58:55.261575Z,KXBTC15M-26OCT042300-00,0.0010,11.03,yes
2026-10-05T02:58:55.780738Z,KXBTC15M-26OCT042300-00,0.0010,1831.90,yes
2026-10-05T02:58:55.817171Z,KXBTC15M-26OCT042300-00,0.0010,245.87,yes
2026-10-05T02:58:55.818858Z,KXBTC15M-26OCT042300-00,0.0010,2.01,yes
2026-10-05T02:58:55.901673Z,KXBTC15M-26OCT042300-00,0.0010,915.99,yes
2026-10-05T02:58:56.177378Z,KXBTC15M-26OCT042300-00,0.0010,467.36,yes
2026-10-05T02:58:56.178673Z,KXBTC15M-26OCT042300-00,0.0010,915.99,yes
2026-10-05T02:58:56.181736Z,KXBTC15M-26OCT042300-00,0.0010,915.99,yes
2026-10-05T02:58:56.18655Z,KXBTC15M-26OCT042300-00,0.0010,9.20,yes
2026-10-05T02:58:56.197376Z,KXBTC15M-26OCT042300-00,0.0010,497.41,yes
2026-10-05T02:58:56.509349Z,KXBTC15M-26OCT042300-00,0.0010,2.58,yes
2026-10-05T02:58:56.734024Z,KXBTC15M-26OCT042300-00,0.0010,4.22,yes
2026-10-05T02:58:56.776223Z,KXBTC15M-26OCT042300-00,0.0010,273.82,yes
2026-10-05T02:58:56.96089Z,KXBTC15M-26OCT042300-00,0.0010,66.00,yes
2026-10-05T02:58:56.96089Z,KXBTC15M-26OCT042300-00,0.0010,16.01,yes
2026-10-05T02:58:56.96089Z,KXBTC15M-26OCT042300-00,0.0010,100.00,yes
2026-10-05T02:58:56.96089Z,KXBTC15M-26OCT042300-00,0.0010,43.04,yes
2026-10-05T02:58:56.96089Z,KXBTC15M-26OCT042300-00,0.0010,34.00,yes
2026-10-05T02:58:56.96089Z,KXBTC15M-26OCT042300-00,0.0010,20.00,yes
2026-10-05T02:58:56.96089Z,KXBTC15M-26OCT042300-00,0.0010,14.22,yes
2026-10-05T02:58:56.96089Z,KXBTC15M-26OCT042300-00,0.0010,63.86,yes
2026-10-05T02:58:56.96089Z,KXBTC15M-26OCT042300-00,0.0010,117.10,yes
2026-10-05T02:58:56.96089Z,KXBTC15M-26OCT042300-00,0.0010,90.00,yes
2026-10-05T02:58:56.96089Z,KXBTC15M-26OCT042300-00,0.0010,50.04,yes
2026-10-05T02:58:56.96089Z,KXBTC15M-26OCT042300-00,0.0010,22.36,yes
2026-10-05T02:58:56.96089Z,KXBTC15M-26OCT042300-00,0.0010,65.38,yes
2026-10-05T02:58:56.96089Z,KXBTC15M-26OCT042300-00,0.0010,27.86,yes
2026-10-05T02:58:56.96089Z,KXBTC15M-26OCT042300-00,0.0010,47.04,yes
2026-10-05T02:58:56.96089Z,KXBTC15M-26OCT042300-00,0.0010,55.05,yes
2026-10-05T02:58:56.96089Z,KXBTC15M-26OCT042300-00,0.0010,25.32,yes
2026-10-05T02:58:56.96089Z,KXBTC15M-26OCT042300-00,0.0010,58.71,yes
2026-10-05T02:58:57.227357Z,KXBTC15M-26OCT042300-00,0.0010,2.84,yes
2026-10-05T02:58:57.237542Z,KXBTC15M-26OCT042300-00,0.0010,97.31,yes
2026-10-05T02:58:57.237542Z,KXBTC15M-26OCT042300-00,0.0010,36.03,yes
2026-10-05T02:58:57.237542Z,KXBTC15M-26OCT042300-00,0.0010,62.40,yes
2026-10-05T02:58:57.237542Z,KXBTC15M-26OCT042300-00,0.0010,21.79,yes
2026-10-05T02:58:57.237542Z,KXBTC15M-26OCT042300-00,0.0010,65.12,yes
2026-10-05T02:58:57.237542Z,KXBTC15M-26OCT042300-00,0.0010,12.58,yes
2026-10-05T02:58:57.237542Z,KXBTC15M-26OCT042300-00,0.0010,77.94,yes
2026-10-05T02:58:57.237542Z,KXBTC15M-26OCT042300-00,0.0010,20.00,yes
2026-10-05T02:58:57.237542Z,KXBTC15M-26OCT042300-00,0.0010,20.01,yes
2026-10-05T02:58:57.237542Z,KXBTC15M-26OCT042300-00,0.0010,13.25,yes
2026-10-05T02:58:57.237542Z,KXBTC15M-26OCT042300-00,0.0010,27.66,yes
2026-10-05T02:58:57.39652Z,KXBTC15M-26OCT042300-00,0.0010,130.90,yes
2026-10-05T02:58:57.39652Z,KXBTC15M-26OCT042300-00,0.0010,26.32,yes
2026-10-05T02:58:57.39652Z,KXBTC15M-26OCT042300-00,0.0010,71.30,yes
2026-10-05T02:58:57.427805Z,KXBTC15M-26OCT042300-00,0.0010,111.99,yes
2026-10-05T02:58:57.427805Z,KXBTC15M-26OCT042300-00,0.0010,128.70,yes
2026-10-05T02:58:57.427805Z,KXBTC15M-26OCT042300-00,0.0010,180.14,yes
2026-10-05T02:58:57.427805Z,KXBTC15M-26OCT042300-00,0.0010,37.21,yes
2026-10-05T02:58:57.599695Z,KXBTC15M-26OCT042300-00,0.0010,100.09,yes
2026-10-05T02:58:57.599695Z,KXBTC15M-26OCT042300-00,0.0010,500.00,yes
2026-10-05T02:58:57.599695Z,KXBTC15M-26OCT042300-00,0.0010,100.00,yes
2026-10-05T02:58:57.599695Z,KXBTC15M-26OCT042300-00,0.0010,79.81,yes
2026-10-05T02:58:57.599695Z,KXBTC15M-26OCT042300-00,0.0010,125.21,yes
2026-10-05T02:58:57.599695Z,KXBTC15M-26OCT042300-00,0.0010,10.88,yes
2026-10-05T02:58:57.883912Z,KXBTC15M-26OCT042300-00,0.0010,1.04,yes
2026-10-05T02:58:58.191087Z,KXBTC15M-26OCT042300-00,0.0010,3.04,yes
2026-10-05T02:58:58.221307Z,KXBTC15M-26OCT042300-00,0.0010,290.00,yes
2026-10-05T02:58:58.221307Z,KXBTC15M-26OCT042300-00,0.0010,275.00,yes
2026-10-05T02:58:58.221307Z,KXBTC15M-26OCT042300-00,0.0010,166.82,yes
2026-10-05T02:58:58.221307Z,KXBTC15M-26OCT042300-00,0.0010,12.55,yes
2026-10-05T02:58:58.221307Z,KXBTC15M-26OCT042300-00,0.0010,300.27,yes
2026-10-05T02:58:58.221307Z,KXBTC15M-26OCT042300-00,0.0010,616.04,yes
2026-10-05T02:58:58.221307Z,KXBTC15M-26OCT042300-00,0.0010,132.49,yes
2026-10-05T02:58:58.221307Z,KXBTC15M-26OCT042300-00,0.0010,53.89,yes
2026-10-05T02:58:58.221307Z,KXBTC15M-26OCT042300-00,0.0010,373.95,yes
2026-10-05T02:58:58.221307Z,KXBTC15M-26OCT042300-00,0.0010,235.04,yes
2026-10-05T02:58:58.221307Z,KXBTC15M-26OCT042300-00,0.0010,250.23,yes
2026-10-05T02:58:58.221307Z,KXBTC15M-26OCT042300-00,0.0010,250.00,yes
2026-10-05T02:58:58.221307Z,KXBTC15M-26OCT042300-00,0.0010,100.00,yes
2026-10-05T02:58:58.221307Z,KXBTC15M-26OCT042300-00,0.0010,500.00,yes
2026-10-05T02:58:58.221307Z,KXBTC15M-26OCT042300-00,0.0010,500.00,yes
2026-10-05T02:58:58.392266Z,KXBTC15M-26OCT042300-00,0.0010,114.43,yes
2026-10-05T02:58:58.392266Z,KXBTC15M-26OCT042300-00,0.0010,446.57,yes
2026-10-05T02:58:58.499474Z,KXBTC15M-26OCT042300-00,0.0010,180.80,yes
2026-10-05T02:58:58.499474Z,KXBTC15M-26OCT042300-00,0.0010,19.20,yes
2026-10-05T02:58:58.573163Z,KXBTC15M-26OCT042300-00,0.0010,458.07,yes
2026-10-05T02:58:58.573163Z,KXBTC15M-26OCT042300-00,0.0010,232.60,yes
2026-10-05T02:58:58.573163Z,KXBTC15M-26OCT042300-00,0.0010,17.13,yes
2026-10-05T02:58:58.573163Z,KXBTC15M-26OCT042300-00,0.0010,269.28,yes
2026-10-05T02:58:58.573163Z,KXBTC15M-26OCT042300-00,0.0010,41.25,yes
2026-10-05T02:58:58.573163Z,KXBTC15M-26OCT042300-00,0.0010,916.19,yes
2026-10-05T02:58:58.573163Z,KXBTC15M-26OCT042300-00,0.0010,1000.00,yes
2026-10-05T02:58:58.573163Z,KXBTC15M-26OCT042300-00,0.0010,2725.03,yes
2026-10-05T02:58:58.573163Z,KXBTC15M-26OCT042300-00,0.0010,1500.00,yes
2026-10-05T02:58:58.573163Z,KXBTC15M-26OCT042300-00,0.0010,2000.00,yes
2026-10-05T02:58:58.584203Z,KXBTC15M-26OCT042300-00,0.0010,295.71,yes
2026-10-05T02:58:58.584203Z,KXBTC15M-26OCT042300-00,0.0010,622.97,yes
2026-10-05T02:58:58.584203Z,KXBTC15M-26OCT042300-00,0.0010,81.32,yes
2026-10-05T02:58:58.65431Z,KXBTC15M-26OCT042300-00,0.0010,15.01,yes
2026-10-05T02:58:58.691223Z,KXBTC15M-26OCT042300-00,0.0010,1.01,yes
2026-10-05T02:58:59.140705Z,KXBTC15M-26OCT042300-00,0.0010,488.63,yes
2026-10-05T02:58:59.140705Z,KXBTC15M-26OCT042300-00,0.0010,789.72,yes
2026-10-05T02:58:59.140705Z,KXBTC15M-26OCT042300-00,0.0010,500.00,yes
2026-10-05T02:58:59.140705Z,KXBTC15M-26OCT042300-00,0.0010,1000.00,yes
2026-10-05T02:58:59.140705Z,KXBTC15M-26OCT042300-00,0.0010,3204.23,yes
2026-10-05T02:58:59.140705Z,KXBTC15M-26OCT042300-00,0.0010,1181.09,yes
2026-10-05T02:58:59.140705Z,KXBTC15M-26OCT042300-00,0.0010,100.09,yes
2026-10-05T02:58:59.140705Z,KXBTC15M-26OCT042300-00,0.0010,1260.17,yes
2026-10-05T02:58:59.140705Z,KXBTC15M-26OCT042300-00,0.0010,4657.86,yes
2026-10-05T02:58:59.140705Z,KXBTC15M-26OCT042300-00,0.0010,400.00,yes
2026-10-05T02:58:59.140705Z,KXBTC15M-26OCT042300-00,0.0010,157.50,yes
2026-10-05T02:58:59.148708Z,KXBTC15M-26OCT042300-00,0.0010,91.62,yes
2026-10-05T02:58:59.235236Z,KXBTC15M-26OCT042300-00,0.0010,618.66,yes
2026-10-05T02:58:59.235236Z,KXBTC15M-26OCT042300-00,0.0010,8540.89,yes
2026-10-05T02:58:59.289124Z,KXBTC15M-26OCT042300-00,0.0010,915.99,yes
2026-10-05T02:58:59.484013Z,KXBTC15M-26OCT042300-00,0.0010,458.04,yes
2026-10-05T02:58:59.558659Z,KXBTC15M-26OCT042300-00,0.0010,732.83,yes
2026-10-05T02:58:59.577783Z,KXBTC15M-26OCT042300-00,0.0010,3337.52,yes
2026-10-05T02:58:59.577783Z,KXBTC15M-26OCT042300-00,0.0010,750.00,yes
2026-10-05T02:58:59.577783Z,KXBTC15M-26OCT042300-00,0.0010,492.25,yes
2026-10-05T02:58:59.739367Z,KXBTC15M-26OCT042300-00,0.0010,4083.48,yes
2026-10-05T02:58:59.739367Z,KXBTC15M-26OCT042300-00,0.0010,1271.52,yes
2026-10-05T02:58:59.794529Z,KXBTC15M-26OCT042300-00,0.0010,915.99,yes
2026-10-05T02:59:00.137387Z,KXBTC15M-26OCT042300-00,0.0010,2.00,yes
2026-10-05T02:59:00.292851Z,KXBTC15M-26OCT042300-00,0.0010,102.71,yes
2026-10-05T02:59:00.292851Z,KXBTC15M-26OCT042300-00,0.0010,813.28,yes
2026-10-05T02:59:00.40081Z,KXBTC15M-26OCT042300-00,0.0010,1.10,yes
2026-10-05T02:59:00.470898Z,KXBTC15M-26OCT042300-00,0.0010,2.09,yes
2026-10-05T02:59:00.477876Z,KXBTC15M-26OCT042300-00,0.0010,10.26,yes
2026-10-05T02:59:01.532275Z,KXBTC15M-26OCT042300-00,0.0010,101.22,yes
2026-10-05T02:59:01.609044Z,KXBTC15M-26OCT042300-00,0.0010,6.00,yes
2026-10-05T02:59:01.735704Z,KXBTC15M-26OCT042300-00,0.0010,458.04,yes
2026-10-05T02:59:02.080475Z,KXBTC15M-26OCT042300-00,0.0010,50.00,yes
2026-10-05T02:59:02.248291Z,KXBTC15M-26OCT042300-00,0.0010,171.09,yes
2026-10-05T02:59:02.250757Z,KXBTC15M-26OCT042300-00,0.0010,915.99,yes
2026-10-05T02:59:02.254692Z,KXBTC15M-26OCT042300-00,0.0010,1134.00,yes
2026-10-05T02:59:02.259707Z,KXBTC15M-26OCT042300-00,0.0010,4571.72,yes
2026-10-05T02:59:02.259707Z,KXBTC15M-26OCT042300-00,0.0010,8028.00,yes
2026-10-05T02:59:02.259707Z,KXBTC15M-26OCT042300-00,0.0010,1071.66,yes
2026-10-05T02:59:02.259707Z,KXBTC15M-26OCT042300-00,0.0010,7963.06,yes
2026-10-05T02:59:02.259707Z,KXBTC15M-26OCT042300-00,0.0010,122.44,yes
2026-10-05T02:59:02.259707Z,KXBTC15M-26OCT042300-00,0.0010,10000.00,yes
2026-10-05T02:59:02.259707Z,KXBTC15M-26OCT042300-00,0.0010,251.79,yes
2026-10-05T02:59:02.259707Z,KXBTC15M-26OCT042300-00,0.0010,3852.57,yes
2026-10-05T02:59:02.259707Z,KXBTC15M-26OCT042300-00,0.0010,695.00,yes
2026-10-05T02:59:02.259707Z,KXBTC15M-26OCT042300-00,0.0010,1201.11,yes
2026-10-05T02:59:02.259707Z,KXBTC15M-26OCT042300-00,0.0010,219.52,yes
2026-10-05T02:59:02.259707Z,KXBTC15M-26OCT042300-00,0.0010,750.00,yes
2026-10-05T02:59:02.259707Z,KXBTC15M-26OCT042300-00,0.0010,12833.00,yes
2026-10-05T02:59:02.259707Z,KXBTC15M-26OCT042300-00,0.0010,1901.00,yes
2026-10-05T02:59:02.259707Z,KXBTC15M-26OCT042300-00,0.0010,12288.61,yes
2026-10-05T02:59:02.259707Z,KXBTC15M-26OCT042300-00,0.0010,9012.29,yes
2026-10-05T02:59:02.259707Z,KXBTC15M-26OCT042300-00,0.0010,15029.00,yes
2026-10-05T02:59:02.259707Z,KXBTC15M-26OCT042300-00,0.0010,1804.03,yes
2026-10-05T02:59:02.2753Z,KXBTC15M-26OCT042300-00,0.0010,4579.77,yes
2026-10-05T02:59:02.276385Z,KXBTC15M-26OCT042300-00,0.0010,1111.00,yes
2026-10-05T02:59:02.281533Z,KXBTC15M-26OCT042300-00,0.0010,1.02,yes
2026-10-05T02:59:02.444002Z,KXBTC15M-26OCT042300-00,0.0010,915.99,yes
2026-10-05T02:59:02.781401Z,KXBTC15M-26OCT042300-00,0.0010,915.99,yes
2026-10-05T02:59:03.075677Z,KXBTC15M-26OCT042300-00,0.0010,52.63,yes
2026-10-05T02:59:03.137443Z,KXBTC15M-26OCT042300-00,0.0010,915.99,yes
2026-10-05T02:59:03.141032Z,KXBTC15M-26OCT042300-00,0.0010,915.99,yes
2026-10-05T02:59:03.267612Z,KXBTC15M-26OCT042300-00,0.0010,1831.90,yes
2026-10-05T02:59:03.445444Z,KXBTC15M-26OCT042300-00,0.0010,915.99,yes
2026-10-05T02:59:03.605782Z,KXBTC15M-26OCT042300-00,0.0010,182.56,yes
2026-10-05T02:59:03.605782Z,KXBTC15M-26OCT042300-00,0.0010,706.44,yes
2026-10-05T02:59:03.605782Z,KXBTC15M-26OCT042300-00,0.0010,15.00,yes
2026-10-05T02:59:03.822064Z,KXBTC15M-26OCT042300-00,0.0010,36.25,yes
2026-10-05T02:59:03.822064Z,KXBTC15M-26OCT042300-00,0.0010,80.00,yes
2026-10-05T02:59:03.822064Z,KXBTC15M-26OCT042300-00,0.0010,818.44,yes
2026-10-05T02:59:03.856988Z,KXBTC15M-26OCT042300-00,0.0010,5.14,yes
2026-10-05T02:59:03.886166Z,KXBTC15M-26OCT042300-00,0.0010,26.00,yes
2026-10-05T02:59:04.070454Z,KXBTC15M-26OCT042300-00,0.0010,9.20,yes
2026-10-05T02:59:04.111991Z,KXBTC15M-26OCT042300-00,0.0010,915.99,yes
2026-10-05T02:59:04.714924Z,KXBTC15M-26OCT042300-00,0.0010,5.76,yes
2026-10-05T02:59:04.80407Z,KXBTC15M-26OCT042300-00,0.0010,283.99,yes
2026-10-05T02:59:04.838394Z,KXBTC15M-26OCT042300-00,0.0010,72.38,yes
2026-10-05T02:59:04.982179Z,KXBTC15M-26OCT042300-00,0.0010,915.99,yes
2026-10-05T02:59:05.127944Z,KXBTC15M-26OCT042300-00,0.0010,9.04,yes
2026-10-05T02:59:05.22411Z,KXBTC15M-26OCT042300-00,0.0010,915.99,yes
2026-10-05T02:59:05.235697Z,KXBTC15M-26OCT042300-00,0.0010,915.99,yes
2026-10-05T02:59:05.996565Z,KXBTC15M-26OCT042300-00,0.0010,1065.49,yes
2026-10-05T02:59:06.197785Z,KXBTC15M-26OCT042300-00,0.0010,91.62,yes
2026-10-05T02:59:06.365876Z,KXBTC15M-26OCT042300-00,0.0010,27.86,yes
2026-10-05T02:59:06.457526Z,KXBTC15M-26OCT042300-00,0.0010,4579.77,yes
2026-10-05T02:59:06.750381Z,KXBTC15M-26OCT042300-00,0.0010,9.20,yes
2026-10-05T02:59:06.7704Z,KXBTC15M-26OCT042300-00,0.0010,2747.91,yes
2026-10-05T02:59:06.85736Z,KXBTC15M-26OCT042300-00,0.0010,7366.43,yes
2026-10-05T02:59:06.85736Z,KXBTC15M-26OCT042300-00,0.0010,2709.03,yes
2026-10-05T02:59:07.071391Z,KXBTC15M-26OCT042300-00,0.0010,115.34,yes
2026-10-05T02:59:07.157179Z,KXBTC15M-26OCT042300-00,0.0010,915.99,yes
2026-10-05T02:59:07.281827Z,KXBTC15M-26OCT042300-00,0.0010,0.98,yes
2026-10-05T02:59:08.501404Z,KXBTC15M-26OCT042300-00,0.0010,1103.38,yes
2026-10-05T02:59:08.691774Z,KXBTC15M-26OCT042300-00,0.0010,8.11,yes
2026-10-05T02:59:08.730368Z,KXBTC15M-26OCT042300-00,0.0010,9.20,yes
2026-10-05T02:59:08.825979Z,KXBTC15M-26OCT042300-00,0.0010,395.10,yes
2026-10-05T02:59:09.025905Z,KXBTC15M-26OCT042300-00,0.0010,531.27,yes
2026-10-05T02:59:09.347053Z,KXBTC15M-26OCT042300-00,0.0010,16.39,yes
2026-10-05T02:59:09.547072Z,KXBTC15M-26OCT042300-00,0.0010,1144.94,yes
2026-10-05T02:59:09.889372Z,KXBTC15M-26OCT042300-00,0.0010,383.13,yes
2026-10-05T02:59:09.889372Z,KXBTC15M-26OCT042300-00,0.0010,432.86,yes
2026-10-05T02:59:09.889372Z,KXBTC15M-26OCT042300-00,0.0010,100.00,yes
2026-10-05T02:59:10.02221Z,KXBTC15M-26OCT042300-00,0.0010,60.82,yes
2026-10-05T02:59:10.515877Z,KXBTC15M-26OCT042300-00,0.0010,915.99,yes
2026-10-05T02:59:10.689432Z,KXBTC15M-26OCT042300-00,0.0010,1416.57,yes
2026-10-05T02:59:10.689432Z,KXBTC15M-26OCT042300-00,0.0010,415.33,yes
2026-10-05T02:59:11.048071Z,KXBTC15M-26OCT042300-00,0.0010,4.46,yes
2026-10-05T02:59:11.065579Z,KXBTC15M-26OCT042300-00,0.0010,17.03,yes
2026-10-05T02:59:11.301101Z,KXBTC15M-26OCT042300-00,0.0010,1.00,yes
2026-10-05T02:59:11.591901Z,KXBTC15M-26OCT042300-00,0.0010,54.05,yes
2026-10-05T02:59:11.79183Z,KXBTC15M-26OCT042300-00,0.0010,2412.87,yes
2026-10-05T02:59:11.79183Z,KXBTC15M-26OCT042300-00,0.0010,10.01,yes
2026-10-05T02:59:11.79183Z,KXBTC15M-26OCT042300-00,0.0010,331.89,yes
2026-10-05T02:59:11.79183Z,KXBTC15M-26OCT042300-00,0.0010,1825.00,yes
2026-10-05T02:59:11.968777Z,KXBTC15M-26OCT042300-00,0.0010,1587.13,yes
2026-10-05T02:59:11.968777Z,KXBTC15M-26OCT042300-00,0.0010,299.12,yes
2026-10-05T02:59:11.968777Z,KXBTC15M-26OCT042300-00,0.0010,861.66,yes
2026-10-05T02:59:12.061966Z,KXBTC15M-26OCT042300-00,0.0010,588.89,yes
2026-10-05T02:59:12.269552Z,KXBTC15M-26OCT042300-00,0.0010,915.99,yes
2026-10-05T02:59:12.598157Z,KXBTC15M-26OCT042300-00,0.0010,9.13,yes
2026-10-05T02:59:12.752423Z,KXBTC15M-26OCT042300-00,0.0010,915.99,yes
2026-10-05T02:59:13.157524Z,KXBTC15M-26OCT042300-00,0.0010,915.99,yes
2026-10-05T02:59:13.313306Z,KXBTC15M-26OCT042300-00,0.0010,47.39,yes
2026-10-05T02:59:13.537874Z,KXBTC15M-26OCT042300-00,0.0010,915.99,yes
2026-10-05T02:59:13.612553Z,KXBTC15M-26OCT042300-00,0.0010,3.00,yes
2026-10-05T02:59:13.612553Z,KXBTC15M-26OCT042300-00,0.0010,40.80,yes
2026-10-05T02:59:13.612553Z,KXBTC15M-26OCT042300-00,0.0010,250.00,yes
2026-10-05T02:59:13.612553Z,KXBTC15M-26OCT042300-00,0.0010,4285.97,yes
2026-10-05T02:59:14.658883Z,KXBTC15M-26OCT042300-00,0.0010,18.26,yes
2026-10-05T02:59:15.088549Z,KXBTC15M-26OCT042300-00,0.0010,915.99,yes
2026-10-05T02:59:15.232602Z,KXBTC15M-26OCT042300-00,0.0010,16.74,yes
2026-10-05T02:59:15.668445Z,KXBTC15M-26OCT042300-00,0.0010,567.90,yes
2026-10-05T02:59:15.887295Z,KXBTC15M-26OCT042300-00,0.0010,11.42,yes
2026-10-05T02:59:15.995272Z,KXBTC15M-26OCT042300-00,0.0010,118.39,yes
2026-10-05T02:59:16.105832Z,KXBTC15M-26OCT042300-00,0.0010,18.69,yes
2026-10-05T02:59:16.112243Z,KXBTC15M-26OCT042300-00,0.0010,4579.77,yes
2026-10-05T02:59:16.221931Z,KXBTC15M-26OCT042300-00,0.0010,0.02,yes
2026-10-05T02:59:16.227991Z,KXBTC15M-26OCT042300-00,0.0010,0.02,yes
2026-10-05T02:59:16.630543Z,KXBTC15M-26OCT042300-00,0.0010,19.13,yes
2026-10-05T02:59:16.827226Z,KXBTC15M-26OCT042300-00,0.0010,66.74,yes
2026-10-05T02:59:17.448088Z,KXBTC15M-26OCT042300-00,0.0010,7.97,yes
2026-10-05T02:59:17.670736Z,KXBTC15M-26OCT042300-00,0.0010,519.00,yes
2026-10-05T02:59:18.007441Z,KXBTC15M-26OCT042300-00,0.0010,915.99,yes
2026-10-05T02:59:18.71288Z,KXBTC15M-26OCT042300-00,0.0010,4.64,yes
2026-10-05T02:59:18.951254Z,KXBTC15M-26OCT042300-00,0.0010,915.99,yes
2026-10-05T02:59:19.540788Z,KXBTC15M-26OCT042300-00,0.0010,196.46,yes
2026-10-05T02:59:19.606629Z,KXBTC15M-26OCT042300-00,0.0010,1809.00,yes
2026-10-05T02:59:20.548743Z,KXBTC15M-26OCT042300-00,0.0010,71.44,yes
2026-10-05T02:59:20.665377Z,KXBTC15M-26OCT042300-00,0.0010,8.43,yes
2026-10-05T02:59:20.910065Z,KXBTC15M-26OCT042300-00,0.0010,1621.30,yes
2026-10-05T02:59:21.193796Z,KXBTC15M-26OCT042300-00,0.0010,1831.90,yes
2026-10-05T02:59:21.42849Z,KXBTC15M-26OCT042300-00,0.0010,1831.90,yes
2026-10-05T02:59:21.556094Z,KXBTC15M-26OCT042300-00,0.0010,19.77,yes
2026-10-05T02:59:21.662479Z,KXBTC15M-26OCT042300-00,0.0010,15.23,yes
2026-10-05T02:59:21.715417Z,KXBTC15M-26OCT042300-00,0.0010,3.22,yes
2026-10-05T02:59:21.729212Z,KXBTC15M-26OCT042300-00,0.0010,853.89,yes
2026-10-05T02:59:21.729212Z,KXBTC15M-26OCT042300-00,0.0010,71.40,yes
2026-10-05T02:59:21.802506Z,KXBTC15M-26OCT042300-00,0.0010,217.38,yes
2026-10-05T02:59:21.876948Z,KXBTC15M-26OCT042300-00,0.0010,704.77,yes
2026-10-05T02:59:21.876948Z,KXBTC15M-26OCT042300-00,0.0010,211.22,yes
2026-10-05T02:59:21.884695Z,KXBTC15M-26OCT042300-00,0.0010,0.02,yes
2026-10-05T02:59:22.244321Z,KXBTC15M-26OCT042300-00,0.0010,5.57,yes
2026-10-05T02:59:22.280571Z,KXBTC15M-26OCT042300-00,0.0010,289.64,yes
2026-10-05T02:59:22.280571Z,KXBTC15M-26OCT042300-00,0.0010,169.17,yes
2026-10-05T02:59:22.319339Z,KXBTC15M-26OCT042300-00,0.0010,915.99,yes
2026-10-05T02:59:22.967219Z,KXBTC15M-26OCT042300-00,0.0010,2.39,yes
2026-10-05T02:59:23.019532Z,KXBTC15M-26OCT042300-00,0.0010,18.18,yes
2026-10-05T02:59:23.047807Z,KXBTC15M-26OCT042300-00,0.0010,1.17,yes
2026-10-05T02:59:23.34949Z,KXBTC15M-26OCT042300-00,0.0010,9.20,yes
2026-10-05T02:59:23.550916Z,KXBTC15M-26OCT042300-00,0.0010,883.90,yes
2026-10-05T02:59:23.550916Z,KXBTC15M-26OCT042300-00,0.0010,948.00,yes
2026-10-05T02:59:24.455059Z,KXBTC15M-26OCT042300-00,0.0010,523.39,yes
2026-10-05T02:59:24.540288Z,KXBTC15M-26OCT042300-00,0.0010,28.61,yes
2026-10-05T02:59:24.540288Z,KXBTC15M-26OCT042300-00,0.0010,5.99,yes
2026-10-05T02:59:24.55895Z,KXBTC15M-26OCT042300-00,0.0010,194.01,yes
2026-10-05T02:59:24.55895Z,KXBTC15M-26OCT042300-00,0.0010,19.00,yes
2026-10-05T02:59:24.55895Z,KXBTC15M-26OCT042300-00,0.0010,702.98,yes
2026-10-05T02:59:24.66155Z,KXBTC15M-26OCT042300-00,0.0010,0.56,yes
2026-10-05T02:59:25.650782Z,KXBTC15M-26OCT042300-00,0.0010,121.83,yes
2026-10-05T02:59:26.078953Z,KXBTC15M-26OCT042300-00,0.0010,4579.77,yes
2026-10-05T02:59:26.16137Z,KXBTC15M-26OCT042300-00,0.0010,1991.32,yes
2026-10-05T02:59:26.16137Z,KXBTC15M-26OCT042300-00,0.0010,3073.37,yes
2026-10-05T02:59:26.16137Z,KXBTC15M-26OCT042300-00,0.0010,3594.86,yes
2026-10-05T02:59:26.16137Z,KXBTC15M-26OCT042300-00,0.0010,500.00,yes
2026-10-05T02:59:26.471924Z,KXBTC15M-26OCT042300-00,0.0010,915.99,yes
2026-10-05T02:59:26.752347Z,KXBTC15M-26OCT042300-00,0.0010,21.95,yes
2026-10-05T02:59:27.253264Z,KXBTC15M-26OCT042300-00,0.0010,176.49,yes
2026-10-05T02:59:27.329384Z,KXBTC15M-26OCT042300-00,0.0010,1831.90,yes
2026-10-05T02:59:27.530869Z,KXBTC15M-26OCT042300-00,0.0010,9.20,yes
2026-10-05T02:59:28.469543Z,KXBTC15M-26OCT042300-00,0.0010,80.73,yes
2026-10-05T02:59:30.225025Z,KXBTC15M-26OCT042300-00,0.0010,18.12,yes
2026-10-05T02:59:30.333803Z,KXBTC15M-26OCT042300-00,0.0010,30.00,yes
2026-10-05T02:59:30.568807Z,KXBTC15M-26OCT042300-00,0.0010,5.08,yes
2026-10-05T02:59:30.789477Z,KXBTC15M-26OCT042300-00,0.0010,10.01,yes
2026-10-05T02:59:30.789477Z,KXBTC15M-26OCT042300-00,0.0010,2175.99,yes
2026-10-05T02:59:30.789477Z,KXBTC15M-26OCT042300-00,0.0010,4103.75,yes
2026-10-05T02:59:30.789477Z,KXBTC15M-26OCT042300-00,0.0010,7919.22,yes
2026-10-05T02:59:30.789477Z,KXBTC15M-26OCT042300-00,0.0010,410.41,yes
2026-10-05T02:59:30.789477Z,KXBTC15M-26OCT042300-00,0.0010,2764.28,yes
2026-10-05T02:59:30.789477Z,KXBTC15M-26OCT042300-00,0.0010,38.02,yes
2026-10-05T02:59:30.789477Z,KXBTC15M-26OCT042300-00,0.0010,750.00,yes
2026-10-05T02:59:30.789477Z,KXBTC15M-26OCT042300-00,0.0010,100.00,yes
2026-10-05T02:59:30.789477Z,KXBTC15M-26OCT042300-00,0.0010,1627.08,yes
2026-10-05T02:59:30.789477Z,KXBTC15M-26OCT042300-00,0.0010,1000.00,yes
2026-10-05T02:59:30.789477Z,KXBTC15M-26OCT042300-00,0.0010,2000.00,yes
2026-10-05T02:59:31.380478Z,KXBTC15M-26OCT042300-00,0.0010,4.01,yes
2026-10-05T02:59:31.600213Z,KXBTC15M-26OCT042300-00,0.0010,280.68,yes
2026-10-05T02:59:31.656148Z,KXBTC15M-26OCT042300-00,0.0010,30.81,yes
2026-10-05T02:59:32.260979Z,KXBTC15M-26OCT042300-00,0.0010,915.99,yes
2026-10-05T02:59:32.403989Z,KXBTC15M-26OCT042300-00,0.0010,9.20,yes
2026-10-05T02:59:34.522033Z,KXBTC15M-26OCT042300-00,0.0010,18319.03,yes
2026-10-05T02:59:34.670693Z,KXBTC15M-26OCT042300-00,0.0010,11.35,yes
2026-10-05T02:59:34.699664Z,KXBTC15M-26OCT042300-00,0.0010,15.47,yes
2026-10-05T02:59:35.838433Z,KXBTC15M-26OCT042300-00,0.0010,1.00,yes
2026-10-05T02:59:36.441135Z,KXBTC15M-26OCT042300-00,0.0010,0.02,yes
2026-10-05T02:59:36.525206Z,KXBTC15M-26OCT042300-00,0.0010,210.69,yes
2026-10-05T02:59:36.650479Z,KXBTC15M-26OCT042300-00,0.0010,2385.73,yes
2026-10-05T02:59:36.650479Z,KXBTC15M-26OCT042300-00,0.0010,20513.03,yes
2026-10-05T02:59:36.885224Z,KXBTC15M-26OCT042300-00,0.0010,1831.90,yes
2026-10-05T02:59:37.041973Z,KXBTC15M-26OCT042300-00,0.0010,9159.55,yes
2026-10-05T02:59:37.303109Z,KXBTC15M-26OCT042300-00,0.0010,20.00,yes
2026-10-05T02:59:37.323163Z,KXBTC15M-26OCT042300-00,0.0010,159.53,yes
2026-10-05T02:59:37.407655Z,KXBTC15M-26OCT042300-00,0.0010,475.71,yes
2026-10-05T02:59:37.582384Z,KXBTC15M-26OCT042300-00,0.0010,0.02,yes
2026-10-05T02:59:37.586214Z,KXBTC15M-26OCT042300-00,0.0010,0.02,yes
2026-10-05T02:59:37.612093Z,KXBTC15M-26OCT042300-00,0.0010,915.99,yes
2026-10-05T02:59:38.500671Z,KXBTC15M-26OCT042300-00,0.0010,1.00,yes
2026-10-05T02:59:39.124448Z,KXBTC15M-26OCT042300-00,0.0010,18319.03,yes
2026-10-05T02:59:39.41367Z,KXBTC15M-26OCT042300-00,0.0010,0.50,yes
2026-10-05T02:59:40.447248Z,KXBTC15M-26OCT042300-00,0.0010,1831.90,yes
2026-10-05T02:59:41.168875Z,KXBTC15M-26OCT042300-00,0.0010,429.99,yes
2026-10-05T02:59:41.270619Z,KXBTC15M-26OCT042300-00,0.0010,1.78,yes
2026-10-05T02:59:41.71876Z,KXBTC15M-26OCT042300-00,0.0010,915.99,yes
2026-10-05T02:59:42.106112Z,KXBTC15M-26OCT042300-00,0.0010,16.23,yes
2026-10-05T02:59:42.188992Z,KXBTC15M-26OCT042300-00,0.0010,91.62,yes
2026-10-05T02:59:42.266615Z,KXBTC15M-26OCT042300-00,0.0010,915.99,yes
2026-10-05T02:59:43.020716Z,KXBTC15M-26OCT042300-00,0.0010,6.07,yes
2026-10-05T02:59:43.698163Z,KXBTC15M-26OCT042300-00,0.0010,91.62,yes
2026-10-05T02:59:44.238522Z,KXBTC15M-26OCT042300-00,0.0010,14.72,yes
2026-10-05T02:59:44.606312Z,KXBTC15M-26OCT042300-00,0.0010,0.02,yes
2026-10-05T02:59:45.082775Z,KXBTC15M-26OCT042300-00,0.0010,52.75,yes
2026-10-05T02:59:45.321355Z,KXBTC15M-26OCT042300-00,0.0010,10.53,yes
2026-10-05T02:59:45.53662Z,KXBTC15M-26OCT042300-00,0.0010,9159.55,yes
2026-10-05T02:59:46.578481Z,KXBTC15M-26OCT042300-00,0.0010,915.99,yes
2026-10-05T02:59:47.511441Z,KXBTC15M-26OCT042300-00,0.0010,9159.55,yes
2026-10-05T02:59:47.606647Z,KXBTC15M-26OCT042300-00,0.0010,45.85,yes
2026-10-05T02:59:48.934314Z,KXBTC15M-26OCT042300-00,0.0010,2747.91,yes
2026-10-05T02:59:49.104056Z,KXBTC15M-26OCT042300-00,0.0010,1.28,yes
2026-10-05T02:59:49.314185Z,KXBTC15M-26OCT042300-00,0.0010,29.27,yes
2026-10-05T02:59:49.491202Z,KXBTC15M-26OCT042300-00,0.0010,64.18,yes
2026-10-05T02:59:49.783035Z,KXBTC15M-26OCT042300-00,0.0010,0.02,yes
2026-10-05T02:59:50.036297Z,KXBTC15M-26OCT042300-00,0.0010,2.08,yes
2026-10-05T02:59:50.463193Z,KXBTC15M-26OCT042300-00,0.0010,10.50,yes
2026-10-05T02:59:51.543639Z,KXBTC15M-26OCT042300-00,0.0010,1831.90,yes
2026-10-05T02:59:51.781276Z,KXBTC15M-26OCT042300-00,0.0010,18.69,yes
2026-10-05T02:59:51.784293Z,KXBTC15M-26OCT042300-00,0.0010,915.99,yes
2026-10-05T02:59:52.599199Z,KXBTC15M-26OCT042300-00,0.0010,0.87,yes
2026-10-05T02:59:53.351161Z,KXBTC15M-26OCT042300-00,0.0010,28.00,yes
2026-10-05T02:59:53.849469Z,KXBTC15M-26OCT042300-00,0.0010,5.44,yes
2026-10-05T02:59:53.933138Z,KXBTC15M-26OCT042300-00,0.0010,1065.33,yes
2026-10-05T02:59:53.933138Z,KXBTC15M-26OCT042300-00,0.0010,1000.00,yes
2026-10-05T02:59:53.933138Z,KXBTC15M-26OCT042300-00,0.0010,1657.44,yes
2026-10-05T02:59:53.933138Z,KXBTC15M-26OCT042300-00,0.0010,857.00,yes
2026-10-05T02:59:53.96235Z,KXBTC15M-26OCT042300-00,0.0010,116.42,yes
2026-10-05T02:59:54.754749Z,KXBTC15M-26OCT042300-00,0.0010,100.00,yes
2026-10-05T02:59:54.754749Z,KXBTC15M-26OCT042300-00,0.0010,1000.00,yes
2026-10-05T02:59:54.754749Z,KXBTC15M-26OCT042300-00,0.0010,899.08,yes
2026-10-05T02:59:54.754749Z,KXBTC15M-26OCT042300-00,0.0010,2000.00,yes
2026-10-05T02:59:54.754749Z,KXBTC15M-26OCT042300-00,0.0010,3.00,yes
2026-10-05T02:59:54.754749Z,KXBTC15M-26OCT042300-00,0.0010,1227.22,yes
2026-10-05T02:59:54.754749Z,KXBTC15M-26OCT042300-00,0.0010,1000.00,yes
2026-10-05T02:59:54.754749Z,KXBTC15M-26OCT042300-00,0.0010,500.00,yes
2026-10-05T02:59:54.754749Z,KXBTC15M-26OCT042300-00,0.0010,1500.00,yes
2026-10-05T02:59:54.754749Z,KXBTC15M-26OCT042300-00,0.0010,100.00,yes
2026-10-05T02:59:54.754749Z,KXBTC15M-26OCT042300-00,0.0010,818.25,yes
2026-10-05T02:59:54.754749Z,KXBTC15M-26OCT042300-00,0.0010,12.00,yes
2026-10-05T02:59:55.466564Z,KXBTC15M-26OCT042300-00,0.0010,1468.00,yes
2026-10-05T02:59:55.466564Z,KXBTC15M-26OCT042300-00,0.0010,100.00,yes
2026-10-05T02:59:55.466564Z,KXBTC15M-26OCT042300-00,0.0010,100.00,yes
2026-10-05T02:59:55.466564Z,KXBTC15M-26OCT042300-00,0.0010,1000.00,yes
2026-10-05T02:59:55.466564Z,KXBTC15M-26OCT042300-00,0.0010,100.00,yes
2026-10-05T02:59:55.466564Z,KXBTC15M-26OCT042300-00,0.0010,45.00,yes
2026-10-05T02:59:55.466564Z,KXBTC15M-26OCT042300-00,0.0010,100.00,yes
2026-10-05T02:59:55.466564Z,KXBTC15M-26OCT042300-00,0.0010,250.00,yes
2026-10-05T02:59:55.466564Z,KXBTC15M-26OCT042300-00,0.0010,100.00,yes
2026-10-05T02:59:55.466564Z,KXBTC15M-26OCT042300-00,0.0010,100.00,yes
2026-10-05T02:59:55.466564Z,KXBTC15M-26OCT042300-00,0.0010,100.00,yes
2026-10-05T02:59:55.466564Z,KXBTC15M-26OCT042300-00,0.0010,3995.63,yes
2026-10-05T02:59:55.466564Z,KXBTC15M-26OCT042300-00,0.0010,600.00,yes
2026-10-05T02:59:55.466564Z,KXBTC15M-26OCT042300-00,0.0010,500.00,yes
2026-10-05T02:59:55.466564Z,KXBTC15M-26OCT042300-00,0.0010,600.92,yes
2026-10-05T02:59:56.625711Z,KXBTC15M-26OCT042300-00,0.0010,0.02,yes
2026-10-05T02:59:56.886735Z,KXBTC15M-26OCT042300-00,0.0010,915.99,yes
2026-10-05T02:59:57.420084Z,KXBTC15M-26OCT042300-00,0.0010,33.39,yes
2026-10-05T02:59:57.716687Z,KXBTC15M-26OCT042300-00,0.0010,6.04,yes
2026-10-05T02:59:57.792257Z,KXBTC15M-26OCT042300-00,0.0010,1.62,yes
2026-10-05T02:59:58.796756Z,KXBTC15M-26OCT042300-00,0.0010,475.71,yes
2026-10-05T02:59:59.591784Z,KXBTC15M-26OCT042300-00,0.0010,915.99,yes
2026-10-05T02:58:32.309998Z,KXWTI15M-26OCT042300-00,0.0120,152.77,yes
2026-10-05T02:58:32.885158Z,KXWTI15M-26OCT042300-00,0.0230,10.00,yes
2026-10-05T02:58:32.885158Z,KXWTI15M-26OCT042300-00,0.0130,35.00,yes
2026-10-05T02:58:32.885158Z,KXWTI15M-26OCT042300-00,0.0290,7.84,yes
2026-10-05T02:58:32.885158Z,KXWTI15M-26OCT042300-00,0.0200,237.14,yes
2026-10-05T02:58:32.885158Z,KXWTI15M-26OCT042300-00,0.0200,24.90,yes
2026-10-05T02:58:32.885158Z,KXWTI15M-26OCT042300-00,0.0290,9.00,yes
2026-10-05T02:58:32.885158Z,KXWTI15M-26OCT042300-00,0.0130,200.00,yes
2026-10-05T02:58:32.885158Z,KXWTI15M-26OCT042300-00,0.0140,2100.00,yes
2026-10-05T02:58:32.885158Z,KXWTI15M-26OCT042300-00,0.0230,40.00,yes
2026-10-05T02:58:34.819312Z,KXWTI15M-26OCT042300-00,0.0290,9.00,yes
2026-10-05T02:58:34.819312Z,KXWTI15M-26OCT042300-00,0.0270,10.00,yes
2026-10-05T02:58:34.819312Z,KXWTI15M-26OCT042300-00,0.0280,16.00,yes
2026-10-05T02:58:34.819312Z,KXWTI15M-26OCT042300-00,0.0120,40.00,yes
2026-10-05T02:58:35.116136Z,KXWTI15M-26OCT042300-00,0.0200,1.00,no
2026-10-05T02:58:35.229642Z,KXWTI15M-26OCT042300-00,0.0200,8.00,no
2026-10-05T02:58:35.229642Z,KXWTI15M-26OCT042300-00,0.0200,1.00,no
2026-10-05T02:58:35.680856Z,KXWTI15M-26OCT042300-00,0.0040,1.00,no
2026-10-05T02:58:36.181905Z,KXWTI15M-26OCT042300-00,0.0040,25.09,no
2026-10-05T02:58:37.839177Z,KXWTI15M-26OCT042300-00,0.0180,0.52,yes
2026-10-05T02:58:37.839177Z,KXWTI15M-26OCT042300-00,0.0170,10.00,yes
2026-10-05T02:58:38.108758Z,KXWTI15M-26OCT042300-00,0.0040,712.85,no
2026-10-05T02:58:38.285539Z,KXWTI15M-26OCT042300-00,0.0160,10.39,yes
2026-10-05T02:58:38.323158Z,KXWTI15M-26OCT042300-00,0.0170,23.37,yes
2026-10-05T02:58:38.323158Z,KXWTI15M-26OCT042300-00,0.0160,28.61,yes
2026-10-05T02:58:39.785252Z,KXWTI15M-26OCT042300-00,0.0160,0.82,yes
2026-10-05T02:58:39.988765Z,KXWTI15M-26OCT042300-00,0.0140,8.15,yes
2026-10-05T02:58:40.153985Z,KXWTI15M-26OCT042300-00,0.0150,7.83,yes
2026-10-05T02:58:40.153985Z,KXWTI15M-26OCT042300-00,0.0140,31.00,yes
2026-10-05T02:58:40.153985Z,KXWTI15M-26OCT042300-00,0.0140,10.00,yes
2026-10-05T02:58:40.153985Z,KXWTI15M-26OCT042300-00,0.0140,6.85,yes
2026-10-05T02:58:40.568966Z,KXWTI15M-26OCT042300-00,0.0130,3.58,no
2026-10-05T02:58:41.682695Z,KXWTI15M-26OCT042300-00,0.0140,14.00,yes
2026-10-05T02:58:41.682695Z,KXWTI15M-26OCT042300-00,0.0140,31.00,yes
2026-10-05T02:58:41.682695Z,KXWTI15M-26OCT042300-00,0.0150,9.97,yes
2026-10-05T02:58:42.059057Z,KXWTI15M-26OCT042300-00,0.0130,6.42,no
2026-10-05T02:58:42.059057Z,KXWTI15M-26OCT042300-00,0.0130,1.00,no
2026-10-05T02:58:43.117281Z,KXWTI15M-26OCT042300-00,0.0140,3.34,yes
2026-10-05T02:58:43.13334Z,KXWTI15M-26OCT042300-00,0.0070,1.00,no
2026-10-05T02:58:45.901548Z,KXWTI15M-26OCT042300-00,0.0150,22.45,yes
2026-10-05T02:58:45.901548Z,KXWTI15M-26OCT042300-00,0.0140,11.66,yes
2026-10-05T02:58:45.901548Z,KXWTI15M-26OCT042300-00,0.0140,31.00,yes
2026-10-05T02:58:46.085293Z,KXWTI15M-26OCT042300-00,0.0150,53.80,yes
2026-10-05T02:58:46.085293Z,KXWTI15M-26OCT042300-00,0.0130,10.00,yes
2026-10-05T02:58:47.073162Z,KXWTI15M-26OCT042300-00,0.0130,9.00,yes
2026-10-05T02:58:47.51838Z,KXWTI15M-26OCT042300-00,0.0130,11.00,yes
2026-10-05T02:58:47.51838Z,KXWTI15M-26OCT042300-00,0.0150,52.25,yes
2026-10-05T02:58:47.600214Z,KXWTI15M-26OCT042300-00,0.0070,1.00,no
2026-10-05T02:58:47.600214Z,KXWTI15M-26OCT042300-00,0.0070,26.00,no
2026-10-05T02:58:47.600214Z,KXWTI15M-26OCT042300-00,0.0040,35.13,no
2026-10-05T02:58:47.600214Z,KXWTI15M-26OCT042300-00,0.0050,30.00,no
2026-10-05T02:58:47.614827Z,KXWTI15M-26OCT042300-00,0.0040,200.00,no
2026-10-05T02:58:47.628347Z,KXWTI15M-26OCT042300-00,0.0040,200.00,no
2026-10-05T02:58:47.640873Z,KXWTI15M-26OCT042300-00,0.0040,200.00,no
2026-10-05T02:58:48.968495Z,KXWTI15M-26OCT042300-00,0.0150,101.33,yes
2026-10-05T02:58:48.968495Z,KXWTI15M-26OCT042300-00,0.0130,13.00,yes
2026-10-05T02:58:48.968495Z,KXWTI15M-26OCT042300-00,0.0130,10.00,yes
2026-10-05T02:58:53.169781Z,KXWTI15M-26OCT042300-00,0.0130,29.50,yes
2026-10-05T02:58:53.169781Z,KXWTI15M-26OCT042300-00,0.0120,7.00,yes
2026-10-05T02:58:54.894651Z,KXWTI15M-26OCT042300-00,0.0110,5.00,yes
2026-10-05T02:58:54.894651Z,KXWTI15M-26OCT042300-00,0.0130,67.63,yes
2026-10-05T02:58:55.354002Z,KXWTI15M-26OCT042300-00,0.0110,6.00,yes
2026-10-05T02:58:55.354002Z,KXWTI15M-26OCT042300-00,0.0130,40.00,yes
2026-10-05T02:58:55.354002Z,KXWTI15M-26OCT042300-00,0.0130,13.87,yes
2026-10-05T02:58:55.354002Z,KXWTI15M-26OCT042300-00,0.0170,7.76,yes
2026-10-05T02:58:56.075904Z,KXWTI15M-26OCT042300-00,0.0060,25.16,no
2026-10-05T02:58:56.086329Z,KXWTI15M-26OCT042300-00,0.0060,12.06,no
2026-10-05T02:58:57.778635Z,KXWTI15M-26OCT042300-00,0.0130,45.53,yes
2026-10-05T02:58:57.778635Z,KXWTI15M-26OCT042300-00,0.0130,19.00,yes
2026-10-05T02:58:57.783592Z,KXWTI15M-26OCT042300-00,0.0130,5.14,yes
2026-10-05T02:58:58.009714Z,KXWTI15M-26OCT042300-00,0.0120,9.00,yes
2026-10-05T02:58:58.009714Z,KXWTI15M-26OCT042300-00,0.0120,93.33,yes
2026-10-05T02:58:58.009714Z,KXWTI15M-26OCT042300-00,0.0150,15.79,yes
2026-10-05T02:58:58.009714Z,KXWTI15M-26OCT042300-00,0.0140,31.00,yes
2026-10-05T02:58:58.009714Z,KXWTI15M-26OCT042300-00,0.0120,10.00,yes
2026-10-05T02:58:58.482251Z,KXWTI15M-26OCT042300-00,0.0130,2.00,yes
2026-10-05T02:58:58.482251Z,KXWTI15M-26OCT042300-00,0.0130,13.00,yes
2026-10-05T02:58:58.631369Z,KXWTI15M-26OCT042300-00,0.0110,7.76,no
2026-10-05T02:58:58.793343Z,KXWTI15M-26OCT042300-00,0.0130,11.00,yes
2026-10-05T02:58:58.793343Z,KXWTI15M-26OCT042300-00,0.0150,175.87,yes
2026-10-05T02:58:59.19687Z,KXWTI15M-26OCT042300-00,0.0070,25.16,no
2026-10-05T02:58:59.26346Z,KXWTI15M-26OCT042300-00,0.0160,5.19,yes
2026-10-05T02:59:01.78969Z,KXWTI15M-26OCT042300-00,0.0100,0.93,yes
2026-10-05T02:59:02.337494Z,KXWTI15M-26OCT042300-00,0.0040,200.00,no
2026-10-05T02:59:02.360192Z,KXWTI15M-26OCT042300-00,0.0040,200.00,no
2026-10-05T02:59:02.379272Z,KXWTI15M-26OCT042300-00,0.0040,57.00,no
2026-10-05T02:59:03.372333Z,KXWTI15M-26OCT042300-00,0.0120,63.91,yes
2026-10-05T02:59:03.372333Z,KXWTI15M-26OCT042300-00,0.0100,9.07,yes
2026-10-05T02:59:03.372333Z,KXWTI15M-26OCT042300-00,0.0100,7.00,yes
2026-10-05T02:59:03.644917Z,KXWTI15M-26OCT042300-00,0.0040,15.00,no
2026-10-05T02:59:07.190487Z,KXWTI15M-26OCT042300-00,0.0100,105.37,yes
2026-10-05T02:59:07.190487Z,KXWTI15M-26OCT042300-00,0.0080,10.00,yes
2026-10-05T02:59:08.10592Z,KXWTI15M-26OCT042300-00,0.0040,56.14,no
2026-10-05T02:59:09.251117Z,KXWTI15M-26OCT042300-00,0.0080,12.00,yes
2026-10-05T02:59:09.251117Z,KXWTI15M-26OCT042300-00,0.0100,83.23,yes
2026-10-05T02:59:09.338131Z,KXWTI15M-26OCT042300-00,0.0040,100.60,no
2026-10-05T02:59:09.731178Z,KXWTI15M-26OCT042300-00,0.0080,14.00,yes
2026-10-05T02:59:11.201766Z,KXWTI15M-26OCT042300-00,0.0040,57.84,no
2026-10-05T02:59:11.240339Z,KXWTI15M-26OCT042300-00,0.0080,13.00,yes
2026-10-05T02:59:11.240339Z,KXWTI15M-26OCT042300-00,0.0100,12.15,yes
2026-10-05T02:59:14.331878Z,KXWTI15M-26OCT042300-00,0.0040,61.79,no
2026-10-05T02:59:15.808942Z,KXWTI15M-26OCT042300-00,0.0090,6.00,yes
2026-10-05T02:59:15.808942Z,KXWTI15M-26OCT042300-00,0.0080,40.00,yes
2026-10-05T02:59:15.808942Z,KXWTI15M-26OCT042300-00,0.0100,55.17,yes
2026-10-05T02:59:16.054275Z,KXWTI15M-26OCT042300-00,0.0040,24.75,no
2026-10-05T02:59:16.274576Z,KXWTI15M-26OCT042300-00,0.0090,1.01,yes
2026-10-05T02:59:18.812597Z,KXWTI15M-26OCT042300-00,0.0100,86.97,yes
2026-10-05T02:59:18.812597Z,KXWTI15M-26OCT042300-00,0.0090,6.99,yes
2026-10-05T02:59:19.043261Z,KXWTI15M-26OCT042300-00,0.0040,226.88,no
2026-10-05T02:59:19.043261Z,KXWTI15M-26OCT042300-00,0.0040,21.00,no
2026-10-05T02:59:21.263273Z,KXWTI15M-26OCT042300-00,0.0100,7.00,yes
2026-10-05T02:59:21.263273Z,KXWTI15M-26OCT042300-00,0.0060,20.00,yes
2026-10-05T02:59:21.263273Z,KXWTI15M-26OCT042300-00,0.0100,74.36,yes
2026-10-05T02:59:22.391571Z,KXWTI15M-26OCT042300-00,0.0050,14.00,yes
2026-10-05T02:59:22.391571Z,KXWTI15M-26OCT042300-00,0.0070,36.52,yes
2026-10-05T02:59:22.537872Z,KXWTI15M-26OCT042300-00,0.0080,8.29,yes
2026-10-05T02:59:22.537872Z,KXWTI15M-26OCT042300-00,0.0080,30.00,yes
2026-10-05T02:59:22.537872Z,KXWTI15M-26OCT042300-00,0.0060,23.00,yes
2026-10-05T02:59:22.537872Z,KXWTI15M-26OCT042300-00,0.0080,60.00,yes
2026-10-05T02:59:23.559694Z,KXWTI15M-26OCT042300-00,0.0100,36.64,yes
2026-10-05T02:59:23.559694Z,KXWTI15M-26OCT042300-00,0.0100,91.48,yes
2026-10-05T02:59:23.559694Z,KXWTI15M-26OCT042300-00,0.0090,40.00,yes
2026-10-05T02:59:23.559694Z,KXWTI15M-26OCT042300-00,0.0070,31.00,yes
2026-10-05T02:59:24.158314Z,KXWTI15M-26OCT042300-00,0.0030,25.00,no
2026-10-05T02:59:24.158314Z,KXWTI15M-26OCT042300-00,0.0030,108.00,no
2026-10-05T02:59:25.565679Z,KXWTI15M-26OCT042300-00,0.0080,38.00,yes
2026-10-05T02:59:25.565679Z,KXWTI15M-26OCT042300-00,0.0080,60.00,yes
2026-10-05T02:59:25.565679Z,KXWTI15M-26OCT042300-00,0.0080,18.88,yes
2026-10-05T02:59:26.047792Z,KXWTI15M-26OCT042300-00,0.0060,6.00,yes
2026-10-05T02:59:26.325524Z,KXWTI15M-26OCT042300-00,0.0020,4.30,no
2026-10-05T02:59:26.808282Z,KXWTI15M-26OCT042300-00,0.0020,23.67,no
2026-10-05T02:59:28.337883Z,KXWTI15M-26OCT042300-00,0.0060,19.00,yes
2026-10-05T02:59:28.337883Z,KXWTI15M-26OCT042300-00,0.0060,30.00,yes
2026-10-05T02:59:28.337883Z,KXWTI15M-26OCT042300-00,0.0060,12.00,yes
2026-10-05T02:59:28.416131Z,KXWTI15M-26OCT042300-00,0.0020,5.00,no
2026-10-05T02:59:29.621371Z,KXWTI15M-26OCT042300-00,0.0060,4.00,yes
2026-10-05T02:59:29.621371Z,KXWTI15M-26OCT042300-00,0.0060,30.00,yes
2026-10-05T02:59:30.042134Z,KXWTI15M-26OCT042300-00,0.0020,200.00,no
2026-10-05T02:59:30.062256Z,KXWTI15M-26OCT042300-00,0.0020,200.00,no
2026-10-05T02:59:30.080475Z,KXWTI15M-26OCT042300-00,0.0020,200.00,no
2026-10-05T02:59:31.058992Z,KXWTI15M-26OCT042300-00,0.0060,17.00,yes
2026-10-05T02:59:31.058992Z,KXWTI15M-26OCT042300-00,0.0060,1.00,yes
2026-10-05T02:59:31.058992Z,KXWTI15M-26OCT042300-00,0.0060,134.71,yes
2026-10-05T02:59:31.169601Z,KXWTI15M-26OCT042300-00,0.0020,87.16,no
2026-10-05T02:59:31.188331Z,KXWTI15M-26OCT042300-00,0.0020,50.09,no
2026-10-05T02:59:31.881585Z,KXWTI15M-26OCT042300-00,0.0060,122.00,yes
2026-10-05T02:59:33.220104Z,KXWTI15M-26OCT042300-00,0.0060,1.49,yes
2026-10-05T02:59:33.291954Z,KXWTI15M-26OCT042300-00,0.0020,29.00,no
2026-10-05T02:59:33.291954Z,KXWTI15M-26OCT042300-00,0.0020,65.00,no
2026-10-05T02:59:33.291954Z,KXWTI15M-26OCT042300-00,0.0020,1.00,no
2026-10-05T02:59:33.291954Z,KXWTI15M-26OCT042300-00,0.0020,1.00,no
2026-10-05T02:59:33.291954Z,KXWTI15M-26OCT042300-00,0.0010,300.00,no
2026-10-05T02:59:33.291954Z,KXWTI15M-26OCT042300-00,0.0020,29.78,no
2026-10-05T02:59:33.291954Z,KXWTI15M-26OCT042300-00,0.0010,0.26,no
2026-10-05T02:59:33.291954Z,KXWTI15M-26OCT042300-00,0.0010,500.00,no
2026-10-05T02:59:33.291954Z,KXWTI15M-26OCT042300-00,0.0010,75.00,no
2026-10-05T02:59:35.804184Z,KXWTI15M-26OCT042300-00,0.0010,30.72,no
2026-10-05T02:59:35.804184Z,KXWTI15M-26OCT042300-00,0.0010,0.74,no
2026-10-05T02:59:36.694071Z,KXWTI15M-26OCT042300-00,0.0010,0.28,no
2026-10-05T02:59:36.694071Z,KXWTI15M-26OCT042300-00,0.0010,63.72,no
2026-10-05T02:59:37.02716Z,KXWTI15M-26OCT042300-00,0.0010,48.00,no
2026-10-05T02:59:37.043213Z,KXWTI15M-26OCT042300-00,0.0010,30.72,no
2026-10-05T02:59:37.043213Z,KXWTI15M-26OCT042300-00,0.0010,48.28,no
2026-10-05T02:59:37.043213Z,KXWTI15M-26OCT042300-00,0.0010,66.00,no
2026-10-05T02:59:37.537974Z,KXWTI15M-26OCT042300-00,0.0010,17.00,no
2026-10-05T02:59:39.020386Z,KXWTI15M-26OCT042300-00,0.0040,10.00,yes
2026-10-05T02:59:39.020386Z,KXWTI15M-26OCT042300-00,0.0050,500.00,yes
2026-10-05T02:59:39.020386Z,KXWTI15M-26OCT042300-00,0.0050,160.03,yes
2026-10-05T02:59:39.020386Z,KXWTI15M-26OCT042300-00,0.0030,2000.00,yes
2026-10-05T02:59:39.0321Z,KXWTI15M-26OCT042300-00,0.0010,8.00,no
2026-10-05T02:59:41.446331Z,KXWTI15M-26OCT042300-00,0.0030,84.05,yes
2026-10-05T02:59:41.752386Z,KXWTI15M-26OCT042300-00,0.0010,4.05,no
2026-10-05T02:59:41.752386Z,KXWTI15M-26OCT042300-00,0.0010,3.95,no
2026-10-05T02:59:44.586521Z,KXWTI15M-26OCT042300-00,0.0030,181.17,yes
2026-10-05T02:59:47.546764Z,KXWTI15M-26OCT042300-00,0.0030,262.83,yes
2026-10-05T02:59:47.546764Z,KXWTI15M-26OCT042300-00,0.0030,42.52,yes
2026-10-05T02:59:47.932363Z,KXWTI15M-26OCT042300-00,0.0010,10.00,no
2026-10-05T02:59:48.294821Z,KXWTI15M-26OCT042300-00,0.0010,16.00,no
2026-10-05T02:59:48.477364Z,KXWTI15M-26OCT042300-00,0.0010,2.63,no
2026-10-05T02:59:48.504085Z,KXWTI15M-26OCT042300-00,0.0010,13.89,no
2026-10-05T02:59:48.504085Z,KXWTI15M-26OCT042300-00,0.0010,9.11,no
2026-10-05T02:59:48.511143Z,KXWTI15M-26OCT042300-00,0.0010,5.00,no
2026-10-05T02:59:48.735497Z,KXWTI15M-26OCT042300-00,0.0010,8.00,no
2026-10-05T02:59:49.18979Z,KXWTI15M-26OCT042300-00,0.0010,1.00,no
2026-10-05T02:59:49.18979Z,KXWTI15M-26OCT042300-00,0.0010,8.89,no
2026-10-05T02:59:49.18979Z,KXWTI15M-26OCT042300-00,0.0010,0.07,no
2026-10-05T02:59:55.232467Z,KXWTI15M-26OCT042300-00,0.0030,50.09,yes
2026-10-05T02:59:59.512551Z,KXWTI15M-26OCT042300-00,0.0010,190.91,yes
2026-10-05T03:12:10.325759Z,KXHYPE15M-26OCT042315-15,0.9440,0.99,yes
2026-10-05T03:12:12.086574Z,KXHYPE15M-26OCT042315-15,0.9450,2.00,yes
2026-10-05T03:12:12.086675Z,KXHYPE15M-26OCT042315-15,0.9490,18.00,yes
2026-10-05T03:12:12.086675Z,KXHYPE15M-26OCT042315-15,0.9490,0.03,yes
2026-10-05T03:12:12.416151Z,KXHYPE15M-26OCT042315-15,0.9500,5.16,yes
2026-10-05T03:12:12.58413Z,KXHYPE15M-26OCT042315-15,0.9500,68.18,yes
2026-10-05T03:12:13.982323Z,KXHYPE15M-26OCT042315-15,0.9450,1.35,no
2026-10-05T03:12:15.503778Z,KXHYPE15M-26OCT042315-15,0.9400,0.03,no
2026-10-05T03:12:15.503778Z,KXHYPE15M-26OCT042315-15,0.9390,0.03,no
2026-10-05T03:12:15.503778Z,KXHYPE15M-26OCT042315-15,0.9360,0.03,no
2026-10-05T03:12:15.503778Z,KXHYPE15M-26OCT042315-15,0.9380,0.03,no
2026-10-05T03:12:15.503778Z,KXHYPE15M-26OCT042315-15,0.9410,0.03,no
2026-10-05T03:12:15.503778Z,KXHYPE15M-26OCT042315-15,0.9350,4.85,no
2026-10-05T03:12:15.503778Z,KXHYPE15M-26OCT042315-15,0.9400,15.00,no
2026-10-05T03:12:15.503778Z,KXHYPE15M-26OCT042315-15,0.9410,25.00,no
2026-10-05T03:12:17.595839Z,KXHYPE15M-26OCT042315-15,0.9010,0.34,no
2026-10-05T03:12:17.595839Z,KXHYPE15M-26OCT042315-15,0.9010,0.03,no
2026-10-05T03:12:17.595839Z,KXHYPE15M-26OCT042315-15,0.9010,2.00,no
2026-10-05T03:12:18.967069Z,KXHYPE15M-26OCT042315-15,0.9450,1.01,yes
2026-10-05T03:12:18.967069Z,KXHYPE15M-26OCT042315-15,0.9440,0.03,yes
2026-10-05T03:12:20.102189Z,KXHYPE15M-26OCT042315-15,0.9200,10.00,no
2026-10-05T03:12:20.594026Z,KXHYPE15M-26OCT042315-15,0.9460,3.89,yes
2026-10-05T03:12:20.958328Z,KXHYPE15M-26OCT042315-15,0.9470,0.03,yes
2026-10-05T03:12:20.958328Z,KXHYPE15M-26OCT042315-15,0.9460,0.03,yes
2026-10-05T03:12:22.991422Z,KXHYPE15M-26OCT042315-15,0.9400,51.90,no
2026-10-05T03:12:22.991422Z,KXHYPE15M-26OCT042315-15,0.9410,25.00,no
2026-10-05T03:12:22.991422Z,KXHYPE15M-26OCT042315-15,0.9440,2.00,no
2026-10-05T03:12:22.991422Z,KXHYPE15M-26OCT042315-15,0.9450,2.00,no
2026-10-05T03:12:22.991422Z,KXHYPE15M-26OCT042315-15,0.9400,10.00,no
2026-10-05T03:12:25.05111Z,KXHYPE15M-26OCT042315-15,0.9500,26.00,yes
2026-10-05T03:12:26.388767Z,KXHYPE15M-26OCT042315-15,0.9310,2.00,yes
2026-10-05T03:12:26.642115Z,KXHYPE15M-26OCT042315-15,0.9320,2.00,yes
2026-10-05T03:12:26.642115Z,KXHYPE15M-26OCT042315-15,0.9330,0.03,yes
2026-10-05T03:12:31.752771Z,KXHYPE15M-26OCT042315-15,0.9400,25.00,no
2026-10-05T03:12:31.752771Z,KXHYPE15M-26OCT042315-15,0.9410,8.00,no
2026-10-05T03:12:31.752771Z,KXHYPE15M-26OCT042315-15,0.9400,2.00,no
2026-10-05T03:12:32.50228Z,KXHYPE15M-26OCT042315-15,0.9300,1.00,no
2026-10-05T03:12:34.202503Z,KXHYPE15M-26OCT042315-15,0.8900,11.15,yes
2026-10-05T03:12:35.882672Z,KXHYPE15M-26OCT042315-15,0.8900,0.03,yes
2026-10-05T03:12:35.882672Z,KXHYPE15M-26OCT042315-15,0.8900,5.00,yes
2026-10-05T03:12:35.902898Z,KXHYPE15M-26OCT042315-15,0.9010,0.03,yes
2026-10-05T03:12:35.902898Z,KXHYPE15M-26OCT042315-15,0.8900,5.00,yes
2026-10-05T03:12:35.902898Z,KXHYPE15M-26OCT042315-15,0.9020,0.03,yes
2026-10-05T03:12:35.902898Z,KXHYPE15M-26OCT042315-15,0.9000,0.03,yes
2026-10-05T03:12:35.902898Z,KXHYPE15M-26OCT042315-15,0.9050,2.00,yes
2026-10-05T03:12:35.902898Z,KXHYPE15M-26OCT042315-15,0.9160,2.00,yes
2026-10-05T03:12:35.902898Z,KXHYPE15M-26OCT042315-15,0.9180,14.99,yes
2026-10-05T03:12:41.348523Z,KXHYPE15M-26OCT042315-15,0.9240,0.03,yes
2026-10-05T03:12:41.348523Z,KXHYPE15M-26OCT042315-15,0.9230,0.03,yes
2026-10-05T03:12:41.790038Z,KXHYPE15M-26OCT042315-15,0.9430,2.00,no
2026-10-05T03:12:41.790038Z,KXHYPE15M-26OCT042315-15,0.9420,2.00,no
2026-10-05T03:12:41.790038Z,KXHYPE15M-26OCT042315-15,0.9400,12.47,no
2026-10-05T03:12:42.165497Z,KXHYPE15M-26OCT042315-15,0.9510,5.34,yes
2026-10-05T03:12:42.165497Z,KXHYPE15M-26OCT042315-15,0.9500,0.66,yes
2026-10-05T03:12:42.166125Z,KXHYPE15M-26OCT042315-15,0.9510,1.00,yes
2026-10-05T03:12:43.840549Z,KXHYPE15M-26OCT042315-15,0.9590,19.00,yes
2026-10-05T03:12:43.840549Z,KXHYPE15M-26OCT042315-15,0.9590,0.03,yes
2026-10-05T03:12:43.840549Z,KXHYPE15M-26OCT042315-15,0.9590,2.00,yes
2026-10-05T03:12:45.010047Z,KXHYPE15M-26OCT042315-15,0.9590,19.00,yes
2026-10-05T03:12:45.010047Z,KXHYPE15M-26OCT042315-15,0.9550,32.00,yes
2026-10-05T03:12:45.010047Z,KXHYPE15M-26OCT042315-15,0.9590,0.03,yes
2026-10-05T03:12:45.010047Z,KXHYPE15M-26OCT042315-15,0.9550,0.03,yes
2026-10-05T03:12:45.010047Z,KXHYPE15M-26OCT042315-15,0.9600,0.87,yes
2026-10-05T03:12:53.989228Z,KXHYPE15M-26OCT042315-15,0.9600,0.03,yes
2026-10-05T03:12:53.989228Z,KXHYPE15M-26OCT042315-15,0.9600,0.13,yes
2026-10-05T03:12:54.55945Z,KXHYPE15M-26OCT042315-15,0.9470,2.00,no
2026-10-05T03:12:54.55945Z,KXHYPE15M-26OCT042315-15,0.9460,2.00,no
2026-10-05T03:12:54.55945Z,KXHYPE15M-26OCT042315-15,0.9390,11.31,no
2026-10-05T03:12:56.743902Z,KXHYPE15M-26OCT042315-15,0.9650,1.03,yes
2026-10-05T03:12:59.25571Z,KXHYPE15M-26OCT042315-15,0.9570,2.00,no
2026-10-05T03:12:59.25571Z,KXHYPE15M-26OCT042315-15,0.9500,4.39,no
2026-10-05T03:12:59.25571Z,KXHYPE15M-26OCT042315-15,0.9560,2.00,no
2026-10-05T03:13:00.139986Z,KXHYPE15M-26OCT042315-15,0.9650,0.03,yes
2026-10-05T03:13:00.139986Z,KXHYPE15M-26OCT042315-15,0.9650,1.97,yes
2026-10-05T03:13:00.139986Z,KXHYPE15M-26OCT042315-15,0.9690,1.00,yes
2026-10-05T03:13:00.212062Z,KXHYPE15M-26OCT042315-15,0.9690,0.03,yes
2026-10-05T03:13:00.212062Z,KXHYPE15M-26OCT042315-15,0.9690,3.97,yes
2026-10-05T03:13:00.464209Z,KXHYPE15M-26OCT042315-15,0.9700,0.03,yes
2026-10-05T03:13:00.464209Z,KXHYPE15M-26OCT042315-15,0.9770,28.00,yes
2026-10-05T03:13:00.464209Z,KXHYPE15M-26OCT042315-15,0.9700,25.00,yes
2026-10-05T03:13:00.464209Z,KXHYPE15M-26OCT042315-15,0.9700,2.00,yes
2026-10-05T03:13:00.464209Z,KXHYPE15M-26OCT042315-15,0.9790,22.00,yes
2026-10-05T03:13:00.464209Z,KXHYPE15M-26OCT042315-15,0.9800,20.00,yes
2026-10-05T03:13:00.464209Z,KXHYPE15M-26OCT042315-15,0.9780,20.00,yes
2026-10-05T03:13:00.464209Z,KXHYPE15M-26OCT042315-15,0.9790,20.00,yes
2026-10-05T03:13:00.464209Z,KXHYPE15M-26OCT042315-15,0.9800,9.11,yes
2026-10-05T03:13:00.464209Z,KXHYPE15M-26OCT042315-15,0.9700,6.66,yes
2026-10-05T03:13:00.464209Z,KXHYPE15M-26OCT042315-15,0.9700,12.00,yes
2026-10-05T03:13:00.464209Z,KXHYPE15M-26OCT042315-15,0.9790,1.00,yes
2026-10-05T03:13:00.523181Z,KXHYPE15M-26OCT042315-15,0.9780,31.00,yes
2026-10-05T03:13:00.523181Z,KXHYPE15M-26OCT042315-15,0.9700,25.00,yes
2026-10-05T03:13:00.523181Z,KXHYPE15M-26OCT042315-15,0.9790,10.00,yes
2026-10-05T03:13:00.523181Z,KXHYPE15M-26OCT042315-15,0.9800,35.78,yes
2026-10-05T03:13:00.523181Z,KXHYPE15M-26OCT042315-15,0.9800,0.95,yes
2026-10-05T03:13:00.523181Z,KXHYPE15M-26OCT042315-15,0.9800,0.89,yes
2026-10-05T03:13:01.206048Z,KXHYPE15M-26OCT042315-15,0.9800,53.53,yes
2026-10-05T03:13:01.206048Z,KXHYPE15M-26OCT042315-15,0.9780,10.00,yes
2026-10-05T03:13:01.206048Z,KXHYPE15M-26OCT042315-15,0.9800,1.00,yes
2026-10-05T03:13:01.206048Z,KXHYPE15M-26OCT042315-15,0.9800,14.22,yes
2026-10-05T03:13:02.085979Z,KXHYPE15M-26OCT042315-15,0.9830,7.00,yes
2026-10-05T03:13:02.085979Z,KXHYPE15M-26OCT042315-15,0.9840,0.03,yes
2026-10-05T03:13:02.085979Z,KXHYPE15M-26OCT042315-15,0.9850,11.97,yes
2026-10-05T03:13:02.085979Z,KXHYPE15M-26OCT042315-15,0.9810,20.00,yes
2026-10-05T03:13:02.085979Z,KXHYPE15M-26OCT042315-15,0.9840,20.00,yes
2026-10-05T03:13:02.085979Z,KXHYPE15M-26OCT042315-15,0.9830,20.00,yes
2026-10-05T03:13:02.085979Z,KXHYPE15M-26OCT042315-15,0.9820,20.00,yes
2026-10-05T03:13:02.087097Z,KXHYPE15M-26OCT042315-15,0.9850,0.03,yes
2026-10-05T03:13:02.087097Z,KXHYPE15M-26OCT042315-15,0.9850,11.03,yes
2026-10-05T03:13:02.087097Z,KXHYPE15M-26OCT042315-15,0.9850,20.00,yes
2026-10-05T03:13:02.087097Z,KXHYPE15M-26OCT042315-15,0.9860,16.94,yes
2026-10-05T03:13:02.535584Z,KXHYPE15M-26OCT042315-15,0.9860,3.00,yes
2026-10-05T03:13:03.067001Z,KXHYPE15M-26OCT042315-15,0.9860,0.03,yes
2026-10-05T03:13:03.067001Z,KXHYPE15M-26OCT042315-15,0.9870,0.03,yes
2026-10-05T03:13:03.067001Z,KXHYPE15M-26OCT042315-15,0.9880,21.00,yes
2026-10-05T03:13:03.067001Z,KXHYPE15M-26OCT042315-15,0.9880,8.88,yes
2026-10-05T03:13:03.067001Z,KXHYPE15M-26OCT042315-15,0.9870,20.00,yes
2026-10-05T03:13:03.067001Z,KXHYPE15M-26OCT042315-15,0.9860,0.06,yes
2026-10-05T03:13:03.087531Z,KXHYPE15M-26OCT042315-15,0.9880,0.03,yes
2026-10-05T03:13:03.087531Z,KXHYPE15M-26OCT042315-15,0.9880,2.00,yes
2026-10-05T03:13:03.087531Z,KXHYPE15M-26OCT042315-15,0.9890,6.85,yes
2026-10-05T03:13:03.087531Z,KXHYPE15M-26OCT042315-15,0.9880,11.12,yes
2026-10-05T03:13:03.717765Z,KXHYPE15M-26OCT042315-15,0.9850,0.06,no
2026-10-05T03:13:03.717765Z,KXHYPE15M-26OCT042315-15,0.9870,11.12,no
2026-10-05T03:13:03.717765Z,KXHYPE15M-26OCT042315-15,0.9820,21.00,no
2026-10-05T03:13:03.717765Z,KXHYPE15M-26OCT042315-15,0.9860,20.00,no
2026-10-05T03:13:03.717765Z,KXHYPE15M-26OCT042315-15,0.9870,8.88,no
2026-10-05T03:13:03.717765Z,KXHYPE15M-26OCT042315-15,0.9830,0.03,no
2026-10-05T03:13:03.717765Z,KXHYPE15M-26OCT042315-15,0.9870,2.00,no
2026-10-05T03:13:03.717765Z,KXHYPE15M-26OCT042315-15,0.9820,6.85,no
2026-10-05T03:13:03.717765Z,KXHYPE15M-26OCT042315-15,0.9880,2.00,no
2026-10-05T03:13:03.717765Z,KXHYPE15M-26OCT042315-15,0.9820,20.00,no
2026-10-05T03:13:03.717765Z,KXHYPE15M-26OCT042315-15,0.9850,16.94,no
2026-10-05T03:13:03.717765Z,KXHYPE15M-26OCT042315-15,0.9810,20.00,no
2026-10-05T03:13:03.717765Z,KXHYPE15M-26OCT042315-15,0.9830,20.00,no
2026-10-05T03:13:03.717765Z,KXHYPE15M-26OCT042315-15,0.9800,14.79,no
2026-10-05T03:13:03.717765Z,KXHYPE15M-26OCT042315-15,0.9840,20.00,no
2026-10-05T03:13:03.717765Z,KXHYPE15M-26OCT042315-15,0.9850,3.00,no
2026-10-05T03:13:04.364186Z,KXHYPE15M-26OCT042315-15,0.9890,3.15,yes
2026-10-05T03:13:04.364186Z,KXHYPE15M-26OCT042315-15,0.9890,16.85,yes
2026-10-05T03:13:05.310282Z,KXHYPE15M-26OCT042315-15,0.9890,6.15,yes
2026-10-05T03:13:05.310282Z,KXHYPE15M-26OCT042315-15,0.9890,23.85,yes
2026-10-05T03:13:05.341467Z,KXHYPE15M-26OCT042315-15,0.9890,1.00,yes
2026-10-05T03:13:05.363358Z,KXHYPE15M-26OCT042315-15,0.9890,7.00,yes
2026-10-05T03:13:05.458161Z,KXHYPE15M-26OCT042315-15,0.9890,10.00,yes
2026-10-05T03:13:05.473405Z,KXHYPE15M-26OCT042315-15,0.9890,10.00,yes
2026-10-05T03:13:05.664181Z,KXHYPE15M-26OCT042315-15,0.9890,70.00,yes
2026-10-05T03:13:05.883157Z,KXHYPE15M-26OCT042315-15,0.9890,5.00,yes
2026-10-05T03:13:06.104816Z,KXHYPE15M-26OCT042315-15,0.9890,2.02,yes
2026-10-05T03:13:06.141126Z,KXHYPE15M-26OCT042315-15,0.9900,3.89,yes
2026-10-05T03:13:06.141126Z,KXHYPE15M-26OCT042315-15,0.9890,1.00,yes
2026-10-05T03:13:06.141126Z,KXHYPE15M-26OCT042315-15,0.9890,1.00,yes
2026-10-05T03:13:06.141126Z,KXHYPE15M-26OCT042315-15,0.9890,1.00,yes
2026-10-05T03:13:06.141126Z,KXHYPE15M-26OCT042315-15,0.9890,1.00,yes
2026-10-05T03:13:06.141126Z,KXHYPE15M-26OCT042315-15,0.9900,8.99,yes
2026-10-05T03:13:06.141126Z,KXHYPE15M-26OCT042315-15,0.9900,1.30,yes
2026-10-05T03:13:06.141126Z,KXHYPE15M-26OCT042315-15,0.9900,5.95,yes
2026-10-05T03:13:06.141126Z,KXHYPE15M-26OCT042315-15,0.9890,51.13,yes
2026-10-05T03:13:06.141126Z,KXHYPE15M-26OCT042315-15,0.9900,10.00,yes
2026-10-05T03:13:06.141126Z,KXHYPE15M-26OCT042315-15,0.9890,20.00,yes
2026-10-05T03:13:06.141126Z,KXHYPE15M-26OCT042315-15,0.9900,20.00,yes
2026-10-05T03:13:06.141126Z,KXHYPE15M-26OCT042315-15,0.9900,25.00,yes
2026-10-05T03:13:06.141126Z,KXHYPE15M-26OCT042315-15,0.9890,1.00,yes
2026-10-05T03:13:06.141126Z,KXHYPE15M-26OCT042315-15,0.9900,20.00,yes
2026-10-05T03:13:06.141126Z,KXHYPE15M-26OCT042315-15,0.9890,1.00,yes
2026-10-05T03:13:06.141126Z,KXHYPE15M-26OCT042315-15,0.9890,1.00,yes
2026-10-05T03:13:06.141126Z,KXHYPE15M-26OCT042315-15,0.9900,7.37,yes
2026-10-05T03:13:07.444842Z,KXHYPE15M-26OCT042315-15,0.9910,5.00,yes
2026-10-05T03:13:07.597389Z,KXHYPE15M-26OCT042315-15,0.9910,15.00,yes
2026-10-05T03:13:08.178694Z,KXHYPE15M-26OCT042315-15,0.9920,20.00,yes
2026-10-05T03:13:09.431052Z,KXHYPE15M-26OCT042315-15,0.9930,1.00,yes
2026-10-05T03:13:09.434564Z,KXHYPE15M-26OCT042315-15,0.9930,0.03,yes
2026-10-05T03:13:09.434564Z,KXHYPE15M-26OCT042315-15,0.9930,1.00,yes
2026-10-05T03:13:09.434564Z,KXHYPE15M-26OCT042315-15,0.9930,19.00,yes
2026-10-05T03:13:09.434564Z,KXHYPE15M-26OCT042315-15,0.9940,0.97,yes
2026-10-05T03:13:10.095786Z,KXHYPE15M-26OCT042315-15,0.9940,1.00,yes
2026-10-05T03:13:10.097955Z,KXHYPE15M-26OCT042315-15,0.9940,3.00,yes
2026-10-05T03:13:10.102416Z,KXHYPE15M-26OCT042315-15,0.9940,15.03,yes
2026-10-05T03:13:10.105859Z,KXHYPE15M-26OCT042315-15,0.9930,0.03,no
2026-10-05T03:13:10.105859Z,KXHYPE15M-26OCT042315-15,0.9920,1.00,no
2026-10-05T03:13:10.105859Z,KXHYPE15M-26OCT042315-15,0.9930,0.01,no
2026-10-05T03:13:10.105859Z,KXHYPE15M-26OCT042315-15,0.9850,5.00,no
2026-10-05T03:13:10.105859Z,KXHYPE15M-26OCT042315-15,0.9920,19.00,no
2026-10-05T03:13:10.105859Z,KXHYPE15M-26OCT042315-15,0.9930,0.97,no
2026-10-05T03:13:10.105859Z,KXHYPE15M-26OCT042315-15,0.9930,2.00,no
2026-10-05T03:13:10.105859Z,KXHYPE15M-26OCT042315-15,0.9850,100.00,no
2026-10-05T03:13:10.105859Z,KXHYPE15M-26OCT042315-15,0.9850,40.00,no
2026-10-05T03:13:10.105859Z,KXHYPE15M-26OCT042315-15,0.9900,80.00,no
2026-10-05T03:13:10.105859Z,KXHYPE15M-26OCT042315-15,0.9910,0.03,no
2026-10-05T03:13:10.105859Z,KXHYPE15M-26OCT042315-15,0.9900,15.00,no
2026-10-05T03:13:10.105859Z,KXHYPE15M-26OCT042315-15,0.9900,5.00,no
2026-10-05T03:13:10.105859Z,KXHYPE15M-26OCT042315-15,0.9870,0.02,no
2026-10-05T03:13:10.105859Z,KXHYPE15M-26OCT042315-15,0.9880,0.02,no
2026-10-05T03:13:10.105859Z,KXHYPE15M-26OCT042315-15,0.9910,0.01,no
2026-10-05T03:13:10.105859Z,KXHYPE15M-26OCT042315-15,0.9910,20.00,no
2026-10-05T03:13:10.105859Z,KXHYPE15M-26OCT042315-15,0.9900,0.02,no
2026-10-05T03:13:10.105859Z,KXHYPE15M-26OCT042315-15,0.9850,0.02,no
2026-10-05T03:13:10.105859Z,KXHYPE15M-26OCT042315-15,0.9890,0.02,no
2026-10-05T03:13:10.105859Z,KXHYPE15M-26OCT042315-15,0.9920,2.00,no
2026-10-05T03:13:10.105859Z,KXHYPE15M-26OCT042315-15,0.9920,0.01,no
2026-10-05T03:13:10.105859Z,KXHYPE15M-26OCT042315-15,0.9900,25.00,no
2026-10-05T03:13:10.105859Z,KXHYPE15M-26OCT042315-15,0.9860,0.02,no
2026-10-05T03:13:10.105859Z,KXHYPE15M-26OCT042315-15,0.9870,0.03,no
2026-10-05T03:13:10.105859Z,KXHYPE15M-26OCT042315-15,0.9920,0.03,no
2026-10-05T03:13:10.105859Z,KXHYPE15M-26OCT042315-15,0.9850,48.00,no
2026-10-05T03:13:10.105859Z,KXHYPE15M-26OCT042315-15,0.9900,1.38,no
2026-10-05T03:13:10.105859Z,KXHYPE15M-26OCT042315-15,0.9840,6.08,no
2026-10-05T03:13:10.105859Z,KXHYPE15M-26OCT042315-15,0.9840,1.00,no
2026-10-05T03:13:10.105859Z,KXHYPE15M-26OCT042315-15,0.9840,23.85,no
2026-10-05T03:13:10.105859Z,KXHYPE15M-26OCT042315-15,0.9900,0.03,no
2026-10-05T03:13:10.105859Z,KXHYPE15M-26OCT042315-15,0.9880,20.00,no
2026-10-05T03:13:10.105859Z,KXHYPE15M-26OCT042315-15,0.9850,0.03,no
2026-10-05T03:13:10.105859Z,KXHYPE15M-26OCT042315-15,0.9900,1.00,no
2026-10-05T03:13:10.105859Z,KXHYPE15M-26OCT042315-15,0.9880,0.03,no
2026-10-05T03:13:10.105859Z,KXHYPE15M-26OCT042315-15,0.9890,20.00,no
2026-10-05T03:13:10.105859Z,KXHYPE15M-26OCT042315-15,0.9890,25.00,no
2026-10-05T03:13:10.105859Z,KXHYPE15M-26OCT042315-15,0.9900,30.00,no
2026-10-05T03:13:10.105859Z,KXHYPE15M-26OCT042315-15,0.9890,0.03,no
2026-10-05T03:13:10.913641Z,KXHYPE15M-26OCT042315-15,0.9940,0.03,no
2026-10-05T03:13:10.913641Z,KXHYPE15M-26OCT042315-15,0.9850,17.32,no
2026-10-05T03:13:10.913641Z,KXHYPE15M-26OCT042315-15,0.9900,3.26,no
2026-10-05T03:13:10.913641Z,KXHYPE15M-26OCT042315-15,0.9850,5.00,no
2026-10-05T03:13:10.913641Z,KXHYPE15M-26OCT042315-15,0.9900,9.00,no
2026-10-05T03:13:10.913641Z,KXHYPE15M-26OCT042315-15,0.9930,2.00,no
2026-10-05T03:13:10.913641Z,KXHYPE15M-26OCT042315-15,0.9930,1.00,no
2026-10-05T03:13:10.913641Z,KXHYPE15M-26OCT042315-15,0.9920,0.03,no
2026-10-05T03:13:10.913641Z,KXHYPE15M-26OCT042315-15,0.9940,0.02,no
2026-10-05T03:13:10.913641Z,KXHYPE15M-26OCT042315-15,0.9900,30.00,no
2026-10-05T03:13:10.913641Z,KXHYPE15M-26OCT042315-15,0.9910,0.02,no
2026-10-05T03:13:10.913641Z,KXHYPE15M-26OCT042315-15,0.9930,0.03,no
2026-10-05T03:13:10.913641Z,KXHYPE15M-26OCT042315-15,0.9900,0.02,no
2026-10-05T03:13:10.913641Z,KXHYPE15M-26OCT042315-15,0.9930,3.00,no
2026-10-05T03:13:10.913641Z,KXHYPE15M-26OCT042315-15,0.9930,0.02,no
2026-10-05T03:13:10.913641Z,KXHYPE15M-26OCT042315-15,0.9940,2.00,no
2026-10-05T03:13:10.913641Z,KXHYPE15M-26OCT042315-15,0.9920,0.02,no
2026-10-05T03:13:10.913641Z,KXHYPE15M-26OCT042315-15,0.9900,0.03,no
2026-10-05T03:13:10.913641Z,KXHYPE15M-26OCT042315-15,0.9930,15.03,no
2026-10-05T03:13:11.153838Z,KXHYPE15M-26OCT042315-15,0.9950,13.15,yes
2026-10-05T03:13:11.283281Z,KXHYPE15M-26OCT042315-15,0.9930,0.02,no
2026-10-05T03:13:11.283281Z,KXHYPE15M-26OCT042315-15,0.9930,0.03,no
2026-10-05T03:13:11.283281Z,KXHYPE15M-26OCT042315-15,0.9940,2.00,no
2026-10-05T03:13:11.283281Z,KXHYPE15M-26OCT042315-15,0.9940,0.03,no
2026-10-05T03:13:11.283281Z,KXHYPE15M-26OCT042315-15,0.9930,2.00,no
2026-10-05T03:13:12.460345Z,KXHYPE15M-26OCT042315-15,0.9950,76.00,yes
2026-10-05T03:13:14.963114Z,KXHYPE15M-26OCT042315-15,0.9950,30.93,yes
2026-10-05T03:13:14.963114Z,KXHYPE15M-26OCT042315-15,0.9950,0.03,yes
2026-10-05T03:13:14.963114Z,KXHYPE15M-26OCT042315-15,0.9960,13.00,yes
2026-10-05T03:13:14.963114Z,KXHYPE15M-26OCT042315-15,0.9950,11.00,yes
2026-10-05T03:13:14.963114Z,KXHYPE15M-26OCT042315-15,0.9960,0.19,yes
2026-10-05T03:13:14.963114Z,KXHYPE15M-26OCT042315-15,0.9950,20.00,yes
2026-10-05T03:13:14.963114Z,KXHYPE15M-26OCT042315-15,0.9960,20.00,yes
2026-10-05T03:13:14.963114Z,KXHYPE15M-26OCT042315-15,0.9950,100.00,yes
2026-10-05T03:13:14.963114Z,KXHYPE15M-26OCT042315-15,0.9950,104.85,yes
2026-10-05T03:13:15.936001Z,KXHYPE15M-26OCT042315-15,0.9950,0.02,no
2026-10-05T03:13:15.936001Z,KXHYPE15M-26OCT042315-15,0.9950,20.00,no
2026-10-05T03:13:15.936001Z,KXHYPE15M-26OCT042315-15,0.9940,20.00,no
2026-10-05T03:13:15.936001Z,KXHYPE15M-26OCT042315-15,0.9950,2.00,no
2026-10-05T03:13:15.936001Z,KXHYPE15M-26OCT042315-15,0.9910,1.00,no
2026-10-05T03:13:15.936001Z,KXHYPE15M-26OCT042315-15,0.9940,2.00,no
2026-10-05T03:13:15.936001Z,KXHYPE15M-26OCT042315-15,0.9910,0.02,no
2026-10-05T03:13:15.936001Z,KXHYPE15M-26OCT042315-15,0.9940,0.02,no
2026-10-05T03:13:15.936001Z,KXHYPE15M-26OCT042315-15,0.9920,0.02,no
2026-10-05T03:13:15.936001Z,KXHYPE15M-26OCT042315-15,0.9900,0.02,no
2026-10-05T03:13:15.936001Z,KXHYPE15M-26OCT042315-15,0.9930,0.02,no
2026-10-05T03:13:15.936001Z,KXHYPE15M-26OCT042315-15,0.9900,6.60,no
2026-10-05T03:13:15.936001Z,KXHYPE15M-26OCT042315-15,0.9910,68.00,no
2026-10-05T03:13:21.012482Z,KXHYPE15M-26OCT042315-15,0.9960,15.19,yes
2026-10-05T03:13:21.012482Z,KXHYPE15M-26OCT042315-15,0.9960,1.00,yes
2026-10-05T03:13:21.012482Z,KXHYPE15M-26OCT042315-15,0.9960,1.00,yes
2026-10-05T03:13:21.012482Z,KXHYPE15M-26OCT042315-15,0.9960,1.00,yes
2026-10-05T03:13:21.012482Z,KXHYPE15M-26OCT042315-15,0.9960,1.00,yes
2026-10-05T03:13:21.012482Z,KXHYPE15M-26OCT042315-15,0.9960,0.81,yes
2026-10-05T03:13:23.655953Z,KXHYPE15M-26OCT042315-15,0.9970,0.07,yes
2026-10-05T03:13:24.555625Z,KXHYPE15M-26OCT042315-15,0.9950,0.02,no
2026-10-05T03:13:24.555625Z,KXHYPE15M-26OCT042315-15,0.9950,2.00,no
2026-10-05T03:13:24.555625Z,KXHYPE15M-26OCT042315-15,0.9950,0.03,no
2026-10-05T03:13:24.555625Z,KXHYPE15M-26OCT042315-15,0.9950,0.07,no
2026-10-05T03:13:24.555625Z,KXHYPE15M-26OCT042315-15,0.9940,0.02,no
2026-10-05T03:13:24.555625Z,KXHYPE15M-26OCT042315-15,0.9940,0.03,no
2026-10-05T03:13:24.555625Z,KXHYPE15M-26OCT042315-15,0.9940,2.00,no
2026-10-05T03:13:28.337706Z,KXHYPE15M-26OCT042315-15,0.9920,0.02,no
2026-10-05T03:13:28.337706Z,KXHYPE15M-26OCT042315-15,0.9930,0.03,no
2026-10-05T03:13:28.337706Z,KXHYPE15M-26OCT042315-15,0.9930,0.02,no
2026-10-05T03:13:28.337706Z,KXHYPE15M-26OCT042315-15,0.9920,0.03,no
2026-10-05T03:13:28.337706Z,KXHYPE15M-26OCT042315-15,0.9930,2.00,no
2026-10-05T03:13:28.337706Z,KXHYPE15M-26OCT042315-15,0.9920,2.00,no
2026-10-05T03:13:28.337706Z,KXHYPE15M-26OCT042315-15,0.9920,15.90,no
2026-10-05T03:13:29.749547Z,KXHYPE15M-26OCT042315-15,0.9970,10.02,yes
2026-10-05T03:13:32.818905Z,KXHYPE15M-26OCT042315-15,0.9970,1.90,yes
2026-10-05T03:13:32.871339Z,KXHYPE15M-26OCT042315-15,0.9970,11.99,yes
2026-10-05T03:13:32.871339Z,KXHYPE15M-26OCT042315-15,0.9970,8.01,yes
2026-10-05T03:13:34.066753Z,KXHYPE15M-26OCT042315-15,0.9970,22.06,yes
2026-10-05T03:13:34.184157Z,KXHYPE15M-26OCT042315-15,0.9960,0.02,no
2026-10-05T03:13:34.184157Z,KXHYPE15M-26OCT042315-15,0.9960,2.00,no
2026-10-05T03:13:34.184157Z,KXHYPE15M-26OCT042315-15,0.9960,10.02,no
2026-10-05T03:13:34.184157Z,KXHYPE15M-26OCT042315-15,0.9960,8.01,no
2026-10-05T03:13:34.184157Z,KXHYPE15M-26OCT042315-15,0.9960,1.90,no
2026-10-05T03:13:34.184157Z,KXHYPE15M-26OCT042315-15,0.9960,11.99,no
2026-10-05T03:13:34.184157Z,KXHYPE15M-26OCT042315-15,0.9960,22.06,no
2026-10-05T03:13:35.518031Z,KXHYPE15M-26OCT042315-15,0.9970,5.01,yes
2026-10-05T03:13:35.687561Z,KXHYPE15M-26OCT042315-15,0.9970,24.56,yes
2026-10-05T03:13:37.159052Z,KXHYPE15M-26OCT042315-15,0.9970,1.00,yes
2026-10-05T03:13:39.086776Z,KXHYPE15M-26OCT042315-15,0.9940,10.41,no
2026-10-05T03:13:39.086776Z,KXHYPE15M-26OCT042315-15,0.9940,0.02,no
2026-10-05T03:13:39.086776Z,KXHYPE15M-26OCT042315-15,0.9950,0.02,no
2026-10-05T03:13:39.086776Z,KXHYPE15M-26OCT042315-15,0.9950,2.00,no
2026-10-05T03:13:39.086776Z,KXHYPE15M-26OCT042315-15,0.9940,2.00,no
2026-10-05T03:13:39.086776Z,KXHYPE15M-26OCT042315-15,0.9950,1.00,no
2026-10-05T03:13:39.086776Z,KXHYPE15M-26OCT042315-15,0.9950,0.03,no
2026-10-05T03:13:43.075735Z,KXHYPE15M-26OCT042315-15,0.9970,33.00,yes
2026-10-05T03:13:43.075735Z,KXHYPE15M-26OCT042315-15,0.9970,185.38,yes
2026-10-05T03:13:43.075735Z,KXHYPE15M-26OCT042315-15,0.9970,2.00,yes
2026-10-05T03:13:43.075735Z,KXHYPE15M-26OCT042315-15,0.9970,2.00,yes
2026-10-05T03:13:43.075735Z,KXHYPE15M-26OCT042315-15,0.9970,18.00,yes
2026-10-05T03:13:43.075735Z,KXHYPE15M-26OCT042315-15,0.9970,2.00,yes
2026-10-05T03:13:43.075735Z,KXHYPE15M-26OCT042315-15,0.9970,2.00,yes
2026-10-05T03:13:43.075735Z,KXHYPE15M-26OCT042315-15,0.9970,2.00,yes
2026-10-05T03:13:49.162691Z,KXHYPE15M-26OCT042315-15,0.9950,24.56,no
2026-10-05T03:13:49.162691Z,KXHYPE15M-26OCT042315-15,0.9950,5.01,no
2026-10-05T03:13:49.162691Z,KXHYPE15M-26OCT042315-15,0.9950,0.02,no
2026-10-05T03:13:49.162691Z,KXHYPE15M-26OCT042315-15,0.9960,2.00,no
2026-10-05T03:13:49.162691Z,KXHYPE15M-26OCT042315-15,0.9960,0.02,no
2026-10-05T03:13:49.162691Z,KXHYPE15M-26OCT042315-15,0.9940,0.02,no
2026-10-05T03:13:49.162691Z,KXHYPE15M-26OCT042315-15,0.9940,26.47,no
2026-10-05T03:13:49.162691Z,KXHYPE15M-26OCT042315-15,0.9970,0.02,no
2026-10-05T03:13:49.162691Z,KXHYPE15M-26OCT042315-15,0.9970,2.00,no
2026-10-05T03:13:49.162691Z,KXHYPE15M-26OCT042315-15,0.9950,121.00,no
2026-10-05T03:13:49.752257Z,KXHYPE15M-26OCT042315-15,0.9970,0.02,no
2026-10-05T03:13:49.752257Z,KXHYPE15M-26OCT042315-15,0.9970,2.00,no
2026-10-05T03:13:49.825777Z,KXHYPE15M-26OCT042315-15,0.9970,27.98,yes
2026-10-05T03:13:49.825777Z,KXHYPE15M-26OCT042315-15,0.9970,14.02,yes
2026-10-05T03:13:51.029879Z,KXHYPE15M-26OCT042315-15,0.9970,100.00,no
2026-10-05T03:13:51.029879Z,KXHYPE15M-26OCT042315-15,0.9970,2.00,no
2026-10-05T03:13:51.029879Z,KXHYPE15M-26OCT042315-15,0.9970,0.02,no
2026-10-05T03:13:51.029879Z,KXHYPE15M-26OCT042315-15,0.9960,0.07,no
2026-10-05T03:13:51.791326Z,KXHYPE15M-26OCT042315-15,0.9980,6.02,yes
2026-10-05T03:13:54.075806Z,KXHYPE15M-26OCT042315-15,0.9970,2.00,no
2026-10-05T03:13:54.075806Z,KXHYPE15M-26OCT042315-15,0.9970,4.60,no
2026-10-05T03:13:58.835646Z,KXHYPE15M-26OCT042315-15,0.9980,1.00,yes
2026-10-05T03:13:58.835646Z,KXHYPE15M-26OCT042315-15,0.9980,100.00,yes
2026-10-05T03:13:58.835646Z,KXHYPE15M-26OCT042315-15,0.9980,0.03,yes
2026-10-05T03:13:58.835646Z,KXHYPE15M-26OCT042315-15,0.9980,193.98,yes
2026-10-05T03:13:58.835646Z,KXHYPE15M-26OCT042315-15,0.9980,500.00,yes
2026-10-05T03:13:58.835646Z,KXHYPE15M-26OCT042315-15,0.9980,20.00,yes
2026-10-05T03:13:58.835646Z,KXHYPE15M-26OCT042315-15,0.9980,26.00,yes
2026-10-05T03:13:58.835646Z,KXHYPE15M-26OCT042315-15,0.9980,3.00,yes
2026-10-05T03:13:58.835646Z,KXHYPE15M-26OCT042315-15,0.9980,3.00,yes
2026-10-05T03:13:58.835646Z,KXHYPE15M-26OCT042315-15,0.9980,3.00,yes
2026-10-05T03:13:58.835646Z,KXHYPE15M-26OCT042315-15,0.9980,3.00,yes
2026-10-05T03:13:58.835646Z,KXHYPE15M-26OCT042315-15,0.9980,3.00,yes
2026-10-05T03:13:59.956794Z,KXHYPE15M-26OCT042315-15,0.9990,300.00,yes
2026-10-05T03:14:01.037817Z,KXHYPE15M-26OCT042315-15,0.9990,2.00,yes
2026-10-05T03:14:01.037817Z,KXHYPE15M-26OCT042315-15,0.9990,9.00,yes
2026-10-05T03:14:01.037817Z,KXHYPE15M-26OCT042315-15,0.9990,1.00,yes
2026-10-05T03:14:01.037817Z,KXHYPE15M-26OCT042315-15,0.9990,500.00,yes
2026-10-05T03:14:01.037817Z,KXHYPE15M-26OCT042315-15,0.9990,20.00,yes
2026-10-05T03:14:01.037817Z,KXHYPE15M-26OCT042315-15,0.9990,1.00,yes
2026-10-05T03:14:01.037817Z,KXHYPE15M-26OCT042315-15,0.9990,1.00,yes
2026-10-05T03:14:04.238173Z,KXHYPE15M-26OCT042315-15,0.9990,170.95,no
2026-10-05T03:14:14.308509Z,KXHYPE15M-26OCT042315-15,0.9990,90.00,no
2026-10-05T03:14:15.834911Z,KXHYPE15M-26OCT042315-15,0.9990,2.46,no
2026-10-05T03:14:20.481125Z,KXHYPE15M-26OCT042315-15,0.9990,185.38,no
2026-10-05T03:14:20.481125Z,KXHYPE15M-26OCT042315-15,0.9980,0.02,no
2026-10-05T03:14:20.481125Z,KXHYPE15M-26OCT042315-15,0.9990,500.00,no
2026-10-05T03:14:20.481125Z,KXHYPE15M-26OCT042315-15,0.9980,20.00,no
2026-10-05T03:14:20.481125Z,KXHYPE15M-26OCT042315-15,0.9990,936.59,no
2026-10-05T03:14:20.481125Z,KXHYPE15M-26OCT042315-15,0.9980,500.00,no
2026-10-05T03:14:20.481125Z,KXHYPE15M-26OCT042315-15,0.9990,766.00,no
2026-10-05T03:14:20.481125Z,KXHYPE15M-26OCT042315-15,0.9990,1.00,no
2026-10-05T03:14:20.481125Z,KXHYPE15M-26OCT042315-15,0.9980,36.12,no
2026-10-05T03:14:20.481125Z,KXHYPE15M-26OCT042315-15,0.9990,71.00,no
2026-10-05T03:14:20.481125Z,KXHYPE15M-26OCT042315-15,0.9990,1001.00,no
2026-10-05T03:14:20.481125Z,KXHYPE15M-26OCT042315-15,0.9990,100.00,no
2026-10-05T03:14:20.500255Z,KXHYPE15M-26OCT042315-15,0.9990,500.00,yes
2026-10-05T03:14:24.472846Z,KXHYPE15M-26OCT042315-15,0.9990,100.00,no
2026-10-05T03:14:24.472846Z,KXHYPE15M-26OCT042315-15,0.9990,1.00,no
2026-10-05T03:14:24.472846Z,KXHYPE15M-26OCT042315-15,0.9980,34.88,no
2026-10-05T03:14:24.472846Z,KXHYPE15M-26OCT042315-15,0.9980,381.06,no
2026-10-05T03:14:29.252932Z,KXHYPE15M-26OCT042315-15,0.9990,835.00,no
2026-10-05T03:14:29.252932Z,KXHYPE15M-26OCT042315-15,0.9990,2268.01,no
2026-10-05T03:14:29.252932Z,KXHYPE15M-26OCT042315-15,0.9980,366.09,no
2026-10-05T03:14:38.516048Z,KXHYPE15M-26OCT042315-15,0.9990,2.00,no
2026-10-05T03:12:26.272127Z,KXETH15M-26OCT042315-15,0.0890,31.00,yes
2026-10-05T03:12:26.272127Z,KXETH15M-26OCT042315-15,0.0890,10.78,yes
2026-10-05T03:12:26.890538Z,KXETH15M-26OCT042315-15,0.0870,5.22,yes
2026-10-05T03:12:26.958697Z,KXETH15M-26OCT042315-15,0.0950,9.00,yes
2026-10-05T03:12:26.958697Z,KXETH15M-26OCT042315-15,0.0930,1.01,yes
2026-10-05T03:12:26.958697Z,KXETH15M-26OCT042315-15,0.0880,20.00,yes
2026-10-05T03:12:26.958697Z,KXETH15M-26OCT042315-15,0.0900,13.00,yes
2026-10-05T03:12:26.958697Z,KXETH15M-26OCT042315-15,0.0870,13.78,yes
2026-10-05T03:12:26.958697Z,KXETH15M-26OCT042315-15,0.0880,4.00,yes
2026-10-05T03:12:26.958697Z,KXETH15M-26OCT042315-15,0.0950,4.04,yes
2026-10-05T03:12:26.958697Z,KXETH15M-26OCT042315-15,0.0890,41.00,yes
2026-10-05T03:12:26.958697Z,KXETH15M-26OCT042315-15,0.0990,2.00,yes
2026-10-05T03:12:26.958697Z,KXETH15M-26OCT042315-15,0.1000,91.35,yes
2026-10-05T03:12:26.958697Z,KXETH15M-26OCT042315-15,0.0950,18.00,yes
2026-10-05T03:12:26.958697Z,KXETH15M-26OCT042315-15,0.0930,4.00,yes
2026-10-05T03:12:26.958697Z,KXETH15M-26OCT042315-15,0.0950,9.00,yes
2026-10-05T03:12:26.958697Z,KXETH15M-26OCT042315-15,0.0900,41.00,yes
2026-10-05T03:12:26.958697Z,KXETH15M-26OCT042315-15,0.0970,4.04,yes
2026-10-05T03:12:26.958697Z,KXETH15M-26OCT042315-15,0.0910,5.00,yes
2026-10-05T03:12:26.958697Z,KXETH15M-26OCT042315-15,0.0990,4.04,yes
2026-10-05T03:12:26.958697Z,KXETH15M-26OCT042315-15,0.0960,7.00,yes
2026-10-05T03:12:27.409882Z,KXETH15M-26OCT042315-15,0.0910,30.86,yes
2026-10-05T03:12:27.412735Z,KXETH15M-26OCT042315-15,0.0910,10.14,yes
2026-10-05T03:12:27.783337Z,KXETH15M-26OCT042315-15,0.0920,2.58,yes
2026-10-05T03:12:27.878401Z,KXETH15M-26OCT042315-15,0.0940,1.00,yes
2026-10-05T03:12:28.203827Z,KXETH15M-26OCT042315-15,0.0920,1.00,no
2026-10-05T03:12:28.203827Z,KXETH15M-26OCT042315-15,0.0920,4.00,no
2026-10-05T03:12:28.203827Z,KXETH15M-26OCT042315-15,0.0930,27.00,no
2026-10-05T03:12:28.253105Z,KXETH15M-26OCT042315-15,0.0840,5.00,no
2026-10-05T03:12:28.269726Z,KXETH15M-26OCT042315-15,0.0770,3.99,no
2026-10-05T03:12:28.269726Z,KXETH15M-26OCT042315-15,0.0790,1.01,no
2026-10-05T03:12:28.270815Z,KXETH15M-26OCT042315-15,0.0780,5.00,no
2026-10-05T03:12:28.594499Z,KXETH15M-26OCT042315-15,0.0800,3.00,no
2026-10-05T03:12:28.612597Z,KXETH15M-26OCT042315-15,0.0800,17.00,no
2026-10-05T03:12:28.698872Z,KXETH15M-26OCT042315-15,0.0740,20.00,no
2026-10-05T03:12:28.698872Z,KXETH15M-26OCT042315-15,0.0730,20.00,no
2026-10-05T03:12:28.834155Z,KXETH15M-26OCT042315-15,0.0700,3.00,no
2026-10-05T03:12:28.879024Z,KXETH15M-26OCT042315-15,0.0700,13.00,no
2026-10-05T03:12:29.218651Z,KXETH15M-26OCT042315-15,0.0700,1.00,no
2026-10-05T03:12:29.218651Z,KXETH15M-26OCT042315-15,0.0650,3.00,no
2026-10-05T03:12:29.218651Z,KXETH15M-26OCT042315-15,0.0700,16.00,no
2026-10-05T03:12:29.234018Z,KXETH15M-26OCT042315-15,0.0650,17.00,no
2026-10-05T03:12:29.234018Z,KXETH15M-26OCT042315-15,0.0640,3.00,no
2026-10-05T03:12:29.23657Z,KXETH15M-26OCT042315-15,0.0640,17.00,no
2026-10-05T03:12:29.23657Z,KXETH15M-26OCT042315-15,0.0600,3.00,no
2026-10-05T03:12:29.245917Z,KXETH15M-26OCT042315-15,0.0610,11.00,no
2026-10-05T03:12:29.411808Z,KXETH15M-26OCT042315-15,0.0610,6.15,no
2026-10-05T03:12:29.437022Z,KXETH15M-26OCT042315-15,0.0600,0.15,no
2026-10-05T03:12:29.437022Z,KXETH15M-26OCT042315-15,0.0610,2.85,no
2026-10-05T03:12:29.437022Z,KXETH15M-26OCT042315-15,0.0610,17.00,no
2026-10-05T03:12:30.212271Z,KXETH15M-26OCT042315-15,0.0560,4.00,yes
2026-10-05T03:12:30.212271Z,KXETH15M-26OCT042315-15,0.0570,2.00,yes
2026-10-05T03:12:30.212271Z,KXETH15M-26OCT042315-15,0.0560,4.00,yes
2026-10-05T03:12:30.462631Z,KXETH15M-26OCT042315-15,0.0570,2.00,yes
2026-10-05T03:12:30.664603Z,KXETH15M-26OCT042315-15,0.0620,1.01,yes
2026-10-05T03:12:30.664603Z,KXETH15M-26OCT042315-15,0.0590,4.00,yes
2026-10-05T03:12:30.664603Z,KXETH15M-26OCT042315-15,0.0680,1.00,yes
2026-10-05T03:12:30.664603Z,KXETH15M-26OCT042315-15,0.0600,5.00,yes
2026-10-05T03:12:30.664603Z,KXETH15M-26OCT042315-15,0.0630,3.00,yes
2026-10-05T03:12:30.664603Z,KXETH15M-26OCT042315-15,0.0590,4.00,yes
2026-10-05T03:12:30.664603Z,KXETH15M-26OCT042315-15,0.0570,4.00,yes
2026-10-05T03:12:30.664603Z,KXETH15M-26OCT042315-15,0.0670,5.00,yes
2026-10-05T03:12:30.664603Z,KXETH15M-26OCT042315-15,0.0640,4.04,yes
2026-10-05T03:12:30.664603Z,KXETH15M-26OCT042315-15,0.0580,4.00,yes
2026-10-05T03:12:30.664603Z,KXETH15M-26OCT042315-15,0.0700,9.00,yes
2026-10-05T03:12:30.664603Z,KXETH15M-26OCT042315-15,0.0580,4.00,yes
2026-10-05T03:12:30.664603Z,KXETH15M-26OCT042315-15,0.0610,3.00,yes
2026-10-05T03:12:30.664603Z,KXETH15M-26OCT042315-15,0.0700,9.00,yes
2026-10-05T03:12:30.664603Z,KXETH15M-26OCT042315-15,0.0610,1.00,yes
2026-10-05T03:12:30.664603Z,KXETH15M-26OCT042315-15,0.0700,19.00,yes
2026-10-05T03:12:30.664603Z,KXETH15M-26OCT042315-15,0.0650,9.00,yes
2026-10-05T03:12:30.664603Z,KXETH15M-26OCT042315-15,0.0570,4.00,yes
2026-10-05T03:12:30.664603Z,KXETH15M-26OCT042315-15,0.0690,20.00,yes
2026-10-05T03:12:30.664603Z,KXETH15M-26OCT042315-15,0.0640,16.00,yes
2026-10-05T03:12:30.664603Z,KXETH15M-26OCT042315-15,0.0700,25.66,yes
2026-10-05T03:12:31.221339Z,KXETH15M-26OCT042315-15,0.0510,4.00,no
2026-10-05T03:12:31.369562Z,KXETH15M-26OCT042315-15,0.0510,16.00,no
2026-10-05T03:12:31.658244Z,KXETH15M-26OCT042315-15,0.0510,3.29,yes
2026-10-05T03:12:31.735749Z,KXETH15M-26OCT042315-15,0.0500,5.00,no
2026-10-05T03:12:31.796925Z,KXETH15M-26OCT042315-15,0.0410,0.18,yes
2026-10-05T03:12:31.938768Z,KXETH15M-26OCT042315-15,0.0300,2.11,no
2026-10-05T03:12:32.065109Z,KXETH15M-26OCT042315-15,0.0330,7.00,yes
2026-10-05T03:12:32.145615Z,KXETH15M-26OCT042315-15,0.0330,2.14,yes
2026-10-05T03:12:32.175497Z,KXETH15M-26OCT042315-15,0.0330,1.00,yes
2026-10-05T03:12:32.22242Z,KXETH15M-26OCT042315-15,0.0330,4.00,yes
2026-10-05T03:12:32.543052Z,KXETH15M-26OCT042315-15,0.0330,4.00,yes
2026-10-05T03:12:32.543052Z,KXETH15M-26OCT042315-15,0.0330,1.00,yes
2026-10-05T03:12:32.543052Z,KXETH15M-26OCT042315-15,0.0330,4.00,yes
2026-10-05T03:12:32.543052Z,KXETH15M-26OCT042315-15,0.0340,4.00,yes
2026-10-05T03:12:32.543052Z,KXETH15M-26OCT042315-15,0.0330,11.86,yes
2026-10-05T03:12:32.543052Z,KXETH15M-26OCT042315-15,0.0350,1.68,yes
2026-10-05T03:12:32.668905Z,KXETH15M-26OCT042315-15,0.0340,2.00,yes
2026-10-05T03:12:32.848166Z,KXETH15M-26OCT042315-15,0.0400,129.00,yes
2026-10-05T03:12:32.848166Z,KXETH15M-26OCT042315-15,0.0400,9.00,yes
2026-10-05T03:12:32.848166Z,KXETH15M-26OCT042315-15,0.0420,7.00,yes
2026-10-05T03:12:32.848166Z,KXETH15M-26OCT042315-15,0.0350,4.00,yes
2026-10-05T03:12:32.848166Z,KXETH15M-26OCT042315-15,0.0340,16.00,yes
2026-10-05T03:12:32.848166Z,KXETH15M-26OCT042315-15,0.0390,9.00,yes
2026-10-05T03:12:32.848166Z,KXETH15M-26OCT042315-15,0.0380,50.00,yes
2026-10-05T03:12:32.848166Z,KXETH15M-26OCT042315-15,0.0340,1.00,yes
2026-10-05T03:12:32.848166Z,KXETH15M-26OCT042315-15,0.0350,7.32,yes
2026-10-05T03:12:32.848166Z,KXETH15M-26OCT042315-15,0.0470,464.68,yes
2026-10-05T03:12:32.848166Z,KXETH15M-26OCT042315-15,0.0370,20.00,yes
2026-10-05T03:12:33.022216Z,KXETH15M-26OCT042315-15,0.0330,8.00,no
2026-10-05T03:12:33.022216Z,KXETH15M-26OCT042315-15,0.0320,1.00,no
2026-10-05T03:12:33.022216Z,KXETH15M-26OCT042315-15,0.0330,22.00,no
2026-10-05T03:12:33.022216Z,KXETH15M-26OCT042315-15,0.0330,46.00,no
2026-10-05T03:12:33.022216Z,KXETH15M-26OCT042315-15,0.0330,20.00,no
2026-10-05T03:12:33.022216Z,KXETH15M-26OCT042315-15,0.0300,4.05,no
2026-10-05T03:12:33.108765Z,KXETH15M-26OCT042315-15,0.0320,4.00,yes
2026-10-05T03:12:33.108765Z,KXETH15M-26OCT042315-15,0.0320,4.00,yes
2026-10-05T03:12:33.108765Z,KXETH15M-26OCT042315-15,0.0330,0.57,yes
2026-10-05T03:12:33.211851Z,KXETH15M-26OCT042315-15,0.0330,4.00,yes
2026-10-05T03:12:33.211851Z,KXETH15M-26OCT042315-15,0.0330,3.43,yes
2026-10-05T03:12:33.528558Z,KXETH15M-26OCT042315-15,0.0340,1.98,yes
2026-10-05T03:12:33.528558Z,KXETH15M-26OCT042315-15,0.0340,0.02,yes
2026-10-05T03:12:33.914271Z,KXETH15M-26OCT042315-15,0.0340,3.00,yes
2026-10-05T03:12:33.914271Z,KXETH15M-26OCT042315-15,0.0340,4.00,yes
2026-10-05T03:12:33.914271Z,KXETH15M-26OCT042315-15,0.0340,3.00,yes
2026-10-05T03:12:34.068547Z,KXETH15M-26OCT042315-15,0.0440,6.00,yes
2026-10-05T03:12:34.068547Z,KXETH15M-26OCT042315-15,0.0400,7.00,yes
2026-10-05T03:12:34.068547Z,KXETH15M-26OCT042315-15,0.0350,4.00,yes
2026-10-05T03:12:34.068547Z,KXETH15M-26OCT042315-15,0.0370,4.00,yes
2026-10-05T03:12:34.068547Z,KXETH15M-26OCT042315-15,0.0350,4.00,yes
2026-10-05T03:12:34.068547Z,KXETH15M-26OCT042315-15,0.0390,9.00,yes
2026-10-05T03:12:34.068547Z,KXETH15M-26OCT042315-15,0.0470,4.04,yes
2026-10-05T03:12:34.068547Z,KXETH15M-26OCT042315-15,0.0420,5.00,yes
2026-10-05T03:12:34.068547Z,KXETH15M-26OCT042315-15,0.0360,4.00,yes
2026-10-05T03:12:34.068547Z,KXETH15M-26OCT042315-15,0.0400,1.00,yes
2026-10-05T03:12:34.068547Z,KXETH15M-26OCT042315-15,0.0470,22.34,yes
2026-10-05T03:12:34.068547Z,KXETH15M-26OCT042315-15,0.0380,10.00,yes
2026-10-05T03:12:34.068547Z,KXETH15M-26OCT042315-15,0.0390,1.01,yes
2026-10-05T03:12:34.068547Z,KXETH15M-26OCT042315-15,0.0370,0.02,yes
2026-10-05T03:12:34.068547Z,KXETH15M-26OCT042315-15,0.0340,4.00,yes
2026-10-05T03:12:34.068547Z,KXETH15M-26OCT042315-15,0.0360,0.02,yes
2026-10-05T03:12:34.068547Z,KXETH15M-26OCT042315-15,0.0410,22.00,yes
2026-10-05T03:12:34.068547Z,KXETH15M-26OCT042315-15,0.0410,4.04,yes
2026-10-05T03:12:34.068547Z,KXETH15M-26OCT042315-15,0.0450,4.04,yes
2026-10-05T03:12:34.068547Z,KXETH15M-26OCT042315-15,0.0360,4.00,yes
2026-10-05T03:12:34.068547Z,KXETH15M-26OCT042315-15,0.0430,4.04,yes
2026-10-05T03:12:34.068547Z,KXETH15M-26OCT042315-15,0.0460,20.00,yes
2026-10-05T03:12:34.068547Z,KXETH15M-26OCT042315-15,0.0450,14.00,yes
2026-10-05T03:12:34.068547Z,KXETH15M-26OCT042315-15,0.0350,0.02,yes
2026-10-05T03:12:34.068547Z,KXETH15M-26OCT042315-15,0.0470,19.00,yes
2026-10-05T03:12:34.068547Z,KXETH15M-26OCT042315-15,0.0470,35.32,yes
2026-10-05T03:12:34.300465Z,KXETH15M-26OCT042315-15,0.0370,22.00,no
2026-10-05T03:12:34.350737Z,KXETH15M-26OCT042315-15,0.0350,21.00,no
2026-10-05T03:12:34.486348Z,KXETH15M-26OCT042315-15,0.0340,0.10,no
2026-10-05T03:12:34.65562Z,KXETH15M-26OCT042315-15,0.0360,7.45,yes
2026-10-05T03:12:34.835711Z,KXETH15M-26OCT042315-15,0.0340,8.88,no
2026-10-05T03:12:34.850489Z,KXETH15M-26OCT042315-15,0.0330,13.00,no
2026-10-05T03:12:34.850489Z,KXETH15M-26OCT042315-15,0.0340,12.00,no
2026-10-05T03:12:34.850489Z,KXETH15M-26OCT042315-15,0.0340,11.02,no
2026-10-05T03:12:34.850489Z,KXETH15M-26OCT042315-15,0.0340,22.00,no
2026-10-05T03:12:34.850489Z,KXETH15M-26OCT042315-15,0.0330,20.00,no
2026-10-05T03:12:34.850489Z,KXETH15M-26OCT042315-15,0.0330,1.00,no
2026-10-05T03:12:35.933219Z,KXETH15M-26OCT042315-15,0.0330,8.00,yes
2026-10-05T03:12:35.933219Z,KXETH15M-26OCT042315-15,0.0330,3.00,yes
2026-10-05T03:12:35.933219Z,KXETH15M-26OCT042315-15,0.0330,0.02,yes
2026-10-05T03:12:35.933219Z,KXETH15M-26OCT042315-15,0.0330,9.00,yes
2026-10-05T03:12:35.991046Z,KXETH15M-26OCT042315-15,0.0320,14.00,no
2026-10-05T03:12:35.991046Z,KXETH15M-26OCT042315-15,0.0320,56.00,no
2026-10-05T03:12:35.991046Z,KXETH15M-26OCT042315-15,0.0300,5.00,no
2026-10-05T03:12:36.015815Z,KXETH15M-26OCT042315-15,0.0310,41.67,yes
2026-10-05T03:12:36.040236Z,KXETH15M-26OCT042315-15,0.0310,4.00,yes
2026-10-05T03:12:36.235376Z,KXETH15M-26OCT042315-15,0.0310,4.00,yes
2026-10-05T03:12:36.235376Z,KXETH15M-26OCT042315-15,0.0310,1.00,yes
2026-10-05T03:12:36.235376Z,KXETH15M-26OCT042315-15,0.0310,60.00,yes
2026-10-05T03:12:36.235376Z,KXETH15M-26OCT042315-15,0.0310,29.33,yes
2026-10-05T03:12:36.468262Z,KXETH15M-26OCT042315-15,0.0310,20.00,yes
2026-10-05T03:12:36.482957Z,KXETH15M-26OCT042315-15,0.0310,20.74,yes
2026-10-05T03:12:36.601658Z,KXETH15M-26OCT042315-15,0.0310,6.14,yes
2026-10-05T03:12:36.601658Z,KXETH15M-26OCT042315-15,0.0310,4.00,yes
2026-10-05T03:12:36.601658Z,KXETH15M-26OCT042315-15,0.0310,4.00,yes
2026-10-05T03:12:36.601658Z,KXETH15M-26OCT042315-15,0.0310,0.02,yes
2026-10-05T03:12:36.8402Z,KXETH15M-26OCT042315-15,0.0310,0.86,yes
2026-10-05T03:12:36.8402Z,KXETH15M-26OCT042315-15,0.0310,0.02,yes
2026-10-05T03:12:36.851598Z,KXETH15M-26OCT042315-15,0.0320,25.98,yes
2026-10-05T03:12:36.851598Z,KXETH15M-26OCT042315-15,0.0320,0.02,yes
2026-10-05T03:12:36.851598Z,KXETH15M-26OCT042315-15,0.0320,4.00,yes
2026-10-05T03:12:36.851598Z,KXETH15M-26OCT042315-15,0.0320,4.00,yes
2026-10-05T03:12:36.947703Z,KXETH15M-26OCT042315-15,0.0320,1.00,yes
2026-10-05T03:12:36.947703Z,KXETH15M-26OCT042315-15,0.0320,13.79,yes
2026-10-05T03:12:37.034125Z,KXETH15M-26OCT042315-15,0.0320,5.91,yes
2026-10-05T03:12:37.236699Z,KXETH15M-26OCT042315-15,0.0320,0.98,yes
2026-10-05T03:12:37.236699Z,KXETH15M-26OCT042315-15,0.0320,0.02,yes
2026-10-05T03:12:37.744019Z,KXETH15M-26OCT042315-15,0.0290,8.00,no
2026-10-05T03:12:37.744019Z,KXETH15M-26OCT042315-15,0.0290,1.51,no
2026-10-05T03:12:37.744019Z,KXETH15M-26OCT042315-15,0.0300,9.49,no
2026-10-05T03:12:37.744019Z,KXETH15M-26OCT042315-15,0.0290,1.00,no
2026-10-05T03:12:38.354981Z,KXETH15M-26OCT042315-15,0.0290,23.00,no
2026-10-05T03:12:38.356649Z,KXETH15M-26OCT042315-15,0.0300,9.00,yes
2026-10-05T03:12:38.356649Z,KXETH15M-26OCT042315-15,0.0300,9.00,yes
2026-10-05T03:12:38.356649Z,KXETH15M-26OCT042315-15,0.0300,18.00,yes
2026-10-05T03:12:38.356649Z,KXETH15M-26OCT042315-15,0.0320,0.02,yes
2026-10-05T03:12:38.356649Z,KXETH15M-26OCT042315-15,0.0310,0.02,yes
2026-10-05T03:12:38.356649Z,KXETH15M-26OCT042315-15,0.0300,0.02,yes
2026-10-05T03:12:38.356649Z,KXETH15M-26OCT042315-15,0.0320,3.00,yes
2026-10-05T03:12:38.356649Z,KXETH15M-26OCT042315-15,0.0320,20.00,yes
2026-10-05T03:12:38.356649Z,KXETH15M-26OCT042315-15,0.0300,1.00,yes
2026-10-05T03:12:38.356649Z,KXETH15M-26OCT042315-15,0.0330,41.00,yes
2026-10-05T03:12:38.356649Z,KXETH15M-26OCT042315-15,0.0340,40.58,yes
2026-10-05T03:12:38.356649Z,KXETH15M-26OCT042315-15,0.0330,0.02,yes
2026-10-05T03:12:38.356649Z,KXETH15M-26OCT042315-15,0.0340,0.02,yes
2026-10-05T03:12:38.442575Z,KXETH15M-26OCT042315-15,0.0330,3.05,yes
2026-10-05T03:12:38.55867Z,KXETH15M-26OCT042315-15,0.0300,2.40,yes
2026-10-05T03:12:39.122035Z,KXETH15M-26OCT042315-15,0.0300,2.00,yes
2026-10-05T03:12:39.122035Z,KXETH15M-26OCT042315-15,0.0300,0.02,yes
2026-10-05T03:12:39.447399Z,KXETH15M-26OCT042315-15,0.0310,0.02,yes
2026-10-05T03:12:39.447399Z,KXETH15M-26OCT042315-15,0.0310,4.00,yes
2026-10-05T03:12:39.447399Z,KXETH15M-26OCT042315-15,0.0310,4.00,yes
2026-10-05T03:12:39.447399Z,KXETH15M-26OCT042315-15,0.0320,1.98,yes
2026-10-05T03:12:39.485633Z,KXETH15M-26OCT042315-15,0.0300,7.05,no
2026-10-05T03:12:39.784197Z,KXETH15M-26OCT042315-15,0.0290,1.00,no
2026-10-05T03:12:39.784197Z,KXETH15M-26OCT042315-15,0.0290,3.00,no
2026-10-05T03:12:40.3049Z,KXETH15M-26OCT042315-15,0.0280,17.36,no
2026-10-05T03:12:40.3049Z,KXETH15M-26OCT042315-15,0.0280,10.00,no
2026-10-05T03:12:40.3049Z,KXETH15M-26OCT042315-15,0.0280,9.00,no
2026-10-05T03:12:40.3049Z,KXETH15M-26OCT042315-15,0.0280,1.00,no
2026-10-05T03:12:40.312977Z,KXETH15M-26OCT042315-15,0.0280,9.00,no
2026-10-05T03:12:40.312977Z,KXETH15M-26OCT042315-15,0.0270,0.13,no
2026-10-05T03:12:40.312977Z,KXETH15M-26OCT042315-15,0.0270,20.00,no
2026-10-05T03:12:40.312977Z,KXETH15M-26OCT042315-15,0.0270,27.00,no
2026-10-05T03:12:40.312977Z,KXETH15M-26OCT042315-15,0.0270,1.00,no
2026-10-05T03:12:40.904929Z,KXETH15M-26OCT042315-15,0.0270,4.00,no
2026-10-05T03:12:40.904929Z,KXETH15M-26OCT042315-15,0.0270,9.00,no
2026-10-05T03:12:40.904929Z,KXETH15M-26OCT042315-15,0.0260,1.00,no
2026-10-05T03:12:40.904929Z,KXETH15M-26OCT042315-15,0.0260,1.00,no
2026-10-05T03:12:40.950434Z,KXETH15M-26OCT042315-15,0.0260,11.00,no
2026-10-05T03:12:40.950434Z,KXETH15M-26OCT042315-15,0.0260,19.00,no
2026-10-05T03:12:40.970672Z,KXETH15M-26OCT042315-15,0.0260,4.00,no
2026-10-05T03:12:40.970672Z,KXETH15M-26OCT042315-15,0.0260,36.00,no
2026-10-05T03:12:41.142637Z,KXETH15M-26OCT042315-15,0.0280,9.00,yes
2026-10-05T03:12:41.142637Z,KXETH15M-26OCT042315-15,0.0280,0.02,yes
2026-10-05T03:12:41.42636Z,KXETH15M-26OCT042315-15,0.0290,0.02,yes
2026-10-05T03:12:41.42636Z,KXETH15M-26OCT042315-15,0.0290,4.98,yes
2026-10-05T03:12:41.497623Z,KXETH15M-26OCT042315-15,0.0290,10.00,no
2026-10-05T03:12:42.039264Z,KXETH15M-26OCT042315-15,0.0280,2.00,yes
2026-10-05T03:12:42.039264Z,KXETH15M-26OCT042315-15,0.0280,6.18,yes
2026-10-05T03:12:42.039264Z,KXETH15M-26OCT042315-15,0.0300,22.91,yes
2026-10-05T03:12:42.039264Z,KXETH15M-26OCT042315-15,0.0290,0.02,yes
2026-10-05T03:12:42.039264Z,KXETH15M-26OCT042315-15,0.0280,0.02,yes
2026-10-05T03:12:42.039264Z,KXETH15M-26OCT042315-15,0.0300,0.02,yes
2026-10-05T03:12:42.867401Z,KXETH15M-26OCT042315-15,0.0280,1.00,yes
2026-10-05T03:12:43.386688Z,KXETH15M-26OCT042315-15,0.0270,6.00,no
2026-10-05T03:12:43.386688Z,KXETH15M-26OCT042315-15,0.0270,12.00,no
2026-10-05T03:12:43.437106Z,KXETH15M-26OCT042315-15,0.0260,10.00,no
2026-10-05T03:12:43.437106Z,KXETH15M-26OCT042315-15,0.0260,1.00,no
2026-10-05T03:12:43.643749Z,KXETH15M-26OCT042315-15,0.0250,2.00,no
2026-10-05T03:12:43.643749Z,KXETH15M-26OCT042315-15,0.0250,1.00,no
2026-10-05T03:12:43.687596Z,KXETH15M-26OCT042315-15,0.0250,3.00,no
2026-10-05T03:12:44.062706Z,KXETH15M-26OCT042315-15,0.0240,2.13,no
2026-10-05T03:12:44.062706Z,KXETH15M-26OCT042315-15,0.0240,17.00,no
2026-10-05T03:12:44.062706Z,KXETH15M-26OCT042315-15,0.0240,20.00,no
2026-10-05T03:12:44.062706Z,KXETH15M-26OCT042315-15,0.0240,1.00,no
2026-10-05T03:12:44.186206Z,KXETH15M-26OCT042315-15,0.0230,1.00,no
2026-10-05T03:12:44.186206Z,KXETH15M-26OCT042315-15,0.0230,1.00,no
2026-10-05T03:12:44.277227Z,KXETH15M-26OCT042315-15,0.0230,20.00,no
2026-10-05T03:12:44.277227Z,KXETH15M-26OCT042315-15,0.0230,10.00,no
2026-10-05T03:12:44.277227Z,KXETH15M-26OCT042315-15,0.0230,20.00,no
2026-10-05T03:12:44.277227Z,KXETH15M-26OCT042315-15,0.0220,50.20,no
2026-10-05T03:12:44.589005Z,KXETH15M-26OCT042315-15,0.0230,0.37,yes
2026-10-05T03:12:44.589005Z,KXETH15M-26OCT042315-15,0.0230,4.00,yes
2026-10-05T03:12:44.713071Z,KXETH15M-26OCT042315-15,0.0230,10.00,yes
2026-10-05T03:12:44.713071Z,KXETH15M-26OCT042315-15,0.0230,1.00,yes
2026-10-05T03:12:44.713071Z,KXETH15M-26OCT042315-15,0.0230,0.02,yes
2026-10-05T03:12:44.845367Z,KXETH15M-26OCT042315-15,0.0280,0.02,yes
2026-10-05T03:12:44.845367Z,KXETH15M-26OCT042315-15,0.0260,0.02,yes
2026-10-05T03:12:44.845367Z,KXETH15M-26OCT042315-15,0.0270,0.02,yes
2026-10-05T03:12:44.845367Z,KXETH15M-26OCT042315-15,0.0260,11.00,yes
2026-10-05T03:12:44.845367Z,KXETH15M-26OCT042315-15,0.0260,4.00,yes
2026-10-05T03:12:44.845367Z,KXETH15M-26OCT042315-15,0.0240,1.00,yes
2026-10-05T03:12:44.845367Z,KXETH15M-26OCT042315-15,0.0250,1.00,yes
2026-10-05T03:12:44.845367Z,KXETH15M-26OCT042315-15,0.0240,0.02,yes
2026-10-05T03:12:44.845367Z,KXETH15M-26OCT042315-15,0.0250,0.02,yes
2026-10-05T03:12:44.845367Z,KXETH15M-26OCT042315-15,0.0270,4.00,yes
2026-10-05T03:12:44.845367Z,KXETH15M-26OCT042315-15,0.0280,50.20,yes
2026-10-05T03:12:44.845367Z,KXETH15M-26OCT042315-15,0.0250,2.00,yes
2026-10-05T03:12:45.167888Z,KXETH15M-26OCT042315-15,0.0280,13.00,yes
2026-10-05T03:12:45.167888Z,KXETH15M-26OCT042315-15,0.0290,0.02,yes
2026-10-05T03:12:45.167888Z,KXETH15M-26OCT042315-15,0.0280,12.00,yes
2026-10-05T03:12:45.167888Z,KXETH15M-26OCT042315-15,0.0290,1.67,yes
2026-10-05T03:12:45.167888Z,KXETH15M-26OCT042315-15,0.0270,15.00,yes
2026-10-05T03:12:45.167888Z,KXETH15M-26OCT042315-15,0.0270,0.02,yes
2026-10-05T03:12:45.167888Z,KXETH15M-26OCT042315-15,0.0280,0.02,yes
2026-10-05T03:12:46.56544Z,KXETH15M-26OCT042315-15,0.0270,4.00,yes
2026-10-05T03:12:46.56544Z,KXETH15M-26OCT042315-15,0.0270,3.00,yes
2026-10-05T03:12:46.56544Z,KXETH15M-26OCT042315-15,0.0270,0.02,yes
2026-10-05T03:12:46.56544Z,KXETH15M-26OCT042315-15,0.0270,2.00,yes
2026-10-05T03:12:46.56544Z,KXETH15M-26OCT042315-15,0.0280,29.09,yes
2026-10-05T03:12:46.695528Z,KXETH15M-26OCT042315-15,0.0290,18.23,yes
2026-10-05T03:12:46.695528Z,KXETH15M-26OCT042315-15,0.0280,11.91,yes
2026-10-05T03:12:46.695528Z,KXETH15M-26OCT042315-15,0.0280,0.02,yes
2026-10-05T03:12:46.695528Z,KXETH15M-26OCT042315-15,0.0280,29.00,yes
2026-10-05T03:12:46.695528Z,KXETH15M-26OCT042315-15,0.0280,6.00,yes
2026-10-05T03:12:47.656226Z,KXETH15M-26OCT042315-15,0.0250,4.00,no
2026-10-05T03:12:47.656226Z,KXETH15M-26OCT042315-15,0.0240,4.00,no
2026-10-05T03:12:47.656226Z,KXETH15M-26OCT042315-15,0.0240,10.00,no
2026-10-05T03:12:47.656226Z,KXETH15M-26OCT042315-15,0.0230,20.00,no
2026-10-05T03:12:47.656226Z,KXETH15M-26OCT042315-15,0.0230,20.00,no
2026-10-05T03:12:47.656226Z,KXETH15M-26OCT042315-15,0.0250,1.00,no
2026-10-05T03:12:47.656226Z,KXETH15M-26OCT042315-15,0.0230,4.00,no
2026-10-05T03:12:47.656226Z,KXETH15M-26OCT042315-15,0.0240,4.00,no
2026-10-05T03:12:47.656226Z,KXETH15M-26OCT042315-15,0.0230,4.00,no
2026-10-05T03:12:47.656226Z,KXETH15M-26OCT042315-15,0.0270,11.00,no
2026-10-05T03:12:47.656226Z,KXETH15M-26OCT042315-15,0.0260,1.00,no
2026-10-05T03:12:47.773377Z,KXETH15M-26OCT042315-15,0.0250,10.04,no
2026-10-05T03:12:47.977995Z,KXETH15M-26OCT042315-15,0.0250,1.00,no
2026-10-05T03:12:48.152437Z,KXETH15M-26OCT042315-15,0.0250,5.11,no
2026-10-05T03:12:48.260434Z,KXETH15M-26OCT042315-15,0.0250,4.70,no
2026-10-05T03:12:48.260434Z,KXETH15M-26OCT042315-15,0.0250,3.85,no
2026-10-05T03:12:48.304666Z,KXETH15M-26OCT042315-15,0.0240,4.00,no
2026-10-05T03:12:48.304666Z,KXETH15M-26OCT042315-15,0.0240,10.00,no
2026-10-05T03:12:48.304666Z,KXETH15M-26OCT042315-15,0.0240,11.55,no
2026-10-05T03:12:48.855812Z,KXETH15M-26OCT042315-15,0.0230,7.84,no
2026-10-05T03:12:49.313049Z,KXETH15M-26OCT042315-15,0.0230,4.00,no
2026-10-05T03:12:49.313049Z,KXETH15M-26OCT042315-15,0.0230,12.16,no
2026-10-05T03:12:49.313049Z,KXETH15M-26OCT042315-15,0.0230,10.00,no
2026-10-05T03:12:49.313049Z,KXETH15M-26OCT042315-15,0.0220,91.27,no
2026-10-05T03:12:49.332468Z,KXETH15M-26OCT042315-15,0.0270,0.19,yes
2026-10-05T03:12:49.332468Z,KXETH15M-26OCT042315-15,0.0260,0.02,yes
2026-10-05T03:12:49.332468Z,KXETH15M-26OCT042315-15,0.0250,0.02,yes
2026-10-05T03:12:49.332468Z,KXETH15M-26OCT042315-15,0.0250,14.00,yes
2026-10-05T03:12:49.332468Z,KXETH15M-26OCT042315-15,0.0240,9.00,yes
2026-10-05T03:12:49.332468Z,KXETH15M-26OCT042315-15,0.0240,0.02,yes
2026-10-05T03:12:49.332468Z,KXETH15M-26OCT042315-15,0.0240,15.00,yes
2026-10-05T03:12:49.575032Z,KXETH15M-26OCT042315-15,0.0270,40.81,yes
2026-10-05T03:12:49.575032Z,KXETH15M-26OCT042315-15,0.0270,0.02,yes
2026-10-05T03:12:49.840199Z,KXETH15M-26OCT042315-15,0.0270,59.17,no
2026-10-05T03:12:49.889696Z,KXETH15M-26OCT042315-15,0.0240,10.21,no
2026-10-05T03:12:49.892123Z,KXETH15M-26OCT042315-15,0.0240,1.01,no
2026-10-05T03:12:49.928318Z,KXETH15M-26OCT042315-15,0.0260,8.33,yes
2026-10-05T03:12:50.242083Z,KXETH15M-26OCT042315-15,0.0220,4.00,no
2026-10-05T03:12:50.366882Z,KXETH15M-26OCT042315-15,0.0230,20.00,yes
2026-10-05T03:12:50.366882Z,KXETH15M-26OCT042315-15,0.0230,16.00,yes
2026-10-05T03:12:50.366882Z,KXETH15M-26OCT042315-15,0.0230,1.00,yes
2026-10-05T03:12:50.558248Z,KXETH15M-26OCT042315-15,0.0250,18.00,yes
2026-10-05T03:12:50.739355Z,KXETH15M-26OCT042315-15,0.0230,10.00,no
2026-10-05T03:12:50.739355Z,KXETH15M-26OCT042315-15,0.0230,17.00,no
2026-10-05T03:12:50.739355Z,KXETH15M-26OCT042315-15,0.0230,20.00,no
2026-10-05T03:12:50.739355Z,KXETH15M-26OCT042315-15,0.0220,33.00,no
2026-10-05T03:12:50.823086Z,KXETH15M-26OCT042315-15,0.0220,60.00,no
2026-10-05T03:12:50.972875Z,KXETH15M-26OCT042315-15,0.0220,50.00,no
2026-10-05T03:12:50.972875Z,KXETH15M-26OCT042315-15,0.0190,0.72,no
2026-10-05T03:12:50.972875Z,KXETH15M-26OCT042315-15,0.0200,1.00,no
2026-10-05T03:12:50.972875Z,KXETH15M-26OCT042315-15,0.0200,9.00,no
2026-10-05T03:12:50.972875Z,KXETH15M-26OCT042315-15,0.0220,100.00,no
2026-10-05T03:12:50.972875Z,KXETH15M-26OCT042315-15,0.0200,9.00,no
2026-10-05T03:12:50.972875Z,KXETH15M-26OCT042315-15,0.0220,20.00,no
2026-10-05T03:12:50.972875Z,KXETH15M-26OCT042315-15,0.0220,10.00,no
2026-10-05T03:12:50.972875Z,KXETH15M-26OCT042315-15,0.0180,51.65,no
2026-10-05T03:12:50.972875Z,KXETH15M-26OCT042315-15,0.0190,100.00,no
2026-10-05T03:12:50.972875Z,KXETH15M-26OCT042315-15,0.0200,100.00,no
2026-10-05T03:12:50.972875Z,KXETH15M-26OCT042315-15,0.0210,100.00,no
2026-10-05T03:12:50.972875Z,KXETH15M-26OCT042315-15,0.0200,5.00,no
2026-10-05T03:12:50.972875Z,KXETH15M-26OCT042315-15,0.0200,48.31,no
2026-10-05T03:12:50.972875Z,KXETH15M-26OCT042315-15,0.0200,0.95,no
2026-10-05T03:12:50.972875Z,KXETH15M-26OCT042315-15,0.0220,1.00,no
2026-10-05T03:12:50.972875Z,KXETH15M-26OCT042315-15,0.0210,1.00,no
2026-10-05T03:12:50.972875Z,KXETH15M-26OCT042315-15,0.0190,1.00,no
2026-10-05T03:12:50.972875Z,KXETH15M-26OCT042315-15,0.0200,1.00,no
2026-10-05T03:12:50.972875Z,KXETH15M-26OCT042315-15,0.0180,1.00,no
2026-10-05T03:12:50.972875Z,KXETH15M-26OCT042315-15,0.0210,2.00,no
2026-10-05T03:12:50.972875Z,KXETH15M-26OCT042315-15,0.0210,1.00,no
2026-10-05T03:12:50.972875Z,KXETH15M-26OCT042315-15,0.0200,25.00,no
2026-10-05T03:12:50.972875Z,KXETH15M-26OCT042315-15,0.0200,10.00,no
2026-10-05T03:12:50.972875Z,KXETH15M-26OCT042315-15,0.0220,90.00,no
2026-10-05T03:12:50.972875Z,KXETH15M-26OCT042315-15,0.0220,111.53,no
2026-10-05T03:12:50.972875Z,KXETH15M-26OCT042315-15,0.0200,3.00,no
2026-10-05T03:12:50.972875Z,KXETH15M-26OCT042315-15,0.0200,11.00,no
2026-10-05T03:12:50.972875Z,KXETH15M-26OCT042315-15,0.0210,75.00,no
2026-10-05T03:12:50.972875Z,KXETH15M-26OCT042315-15,0.0200,40.00,no
2026-10-05T03:12:51.32247Z,KXETH15M-26OCT042315-15,0.0180,10.00,no
2026-10-05T03:12:51.32247Z,KXETH15M-26OCT042315-15,0.0180,17.00,no
2026-10-05T03:12:51.32247Z,KXETH15M-26OCT042315-15,0.0160,1.01,no
2026-10-05T03:12:51.32247Z,KXETH15M-26OCT042315-15,0.0210,30.00,no
2026-10-05T03:12:51.32247Z,KXETH15M-26OCT042315-15,0.0200,21.00,no
2026-10-05T03:12:51.32247Z,KXETH15M-26OCT042315-15,0.0160,22.00,no
2026-10-05T03:12:51.32247Z,KXETH15M-26OCT042315-15,0.0140,14.06,no
2026-10-05T03:12:51.32247Z,KXETH15M-26OCT042315-15,0.0210,20.00,no
2026-10-05T03:12:51.32247Z,KXETH15M-26OCT042315-15,0.0150,4.00,no
2026-10-05T03:12:51.32247Z,KXETH15M-26OCT042315-15,0.0200,20.00,no
2026-10-05T03:12:51.32247Z,KXETH15M-26OCT042315-15,0.0180,33.00,no
2026-10-05T03:12:51.32247Z,KXETH15M-26OCT042315-15,0.0180,48.35,no
2026-10-05T03:12:51.32247Z,KXETH15M-26OCT042315-15,0.0180,1.00,no
2026-10-05T03:12:51.32247Z,KXETH15M-26OCT042315-15,0.0150,3.00,no
2026-10-05T03:12:51.32247Z,KXETH15M-26OCT042315-15,0.0160,100.00,no
2026-10-05T03:12:51.32247Z,KXETH15M-26OCT042315-15,0.0150,100.00,no
2026-10-05T03:12:51.32247Z,KXETH15M-26OCT042315-15,0.0140,100.00,no
2026-10-05T03:12:51.32247Z,KXETH15M-26OCT042315-15,0.0170,100.00,no
2026-10-05T03:12:51.32247Z,KXETH15M-26OCT042315-15,0.0140,350.00,no
2026-10-05T03:12:51.32247Z,KXETH15M-26OCT042315-15,0.0150,1.00,no
2026-10-05T03:12:51.32247Z,KXETH15M-26OCT042315-15,0.0140,1.00,no
2026-10-05T03:12:51.32247Z,KXETH15M-26OCT042315-15,0.0170,1.00,no
2026-10-05T03:12:51.32247Z,KXETH15M-26OCT042315-15,0.0160,1.00,no
2026-10-05T03:12:51.32247Z,KXETH15M-26OCT042315-15,0.0150,1.00,no
2026-10-05T03:12:51.385356Z,KXETH15M-26OCT042315-15,0.0200,20.00,no
2026-10-05T03:12:51.528062Z,KXETH15M-26OCT042315-15,0.0200,21.27,yes
2026-10-05T03:12:51.559786Z,KXETH15M-26OCT042315-15,0.0190,20.00,no
2026-10-05T03:12:51.786637Z,KXETH15M-26OCT042315-15,0.0190,20.00,no
2026-10-05T03:12:51.845671Z,KXETH15M-26OCT042315-15,0.0200,8.88,yes
2026-10-05T03:12:51.957753Z,KXETH15M-26OCT042315-15,0.0190,20.00,no
2026-10-05T03:12:52.061715Z,KXETH15M-26OCT042315-15,0.0160,22.00,no
2026-10-05T03:12:52.061715Z,KXETH15M-26OCT042315-15,0.0180,20.00,no
2026-10-05T03:12:52.061715Z,KXETH15M-26OCT042315-15,0.0180,13.00,no
2026-10-05T03:12:52.061715Z,KXETH15M-26OCT042315-15,0.0170,20.00,no
2026-10-05T03:12:52.061715Z,KXETH15M-26OCT042315-15,0.0190,20.00,no
2026-10-05T03:12:52.061715Z,KXETH15M-26OCT042315-15,0.0170,5.00,no
2026-10-05T03:12:52.075976Z,KXETH15M-26OCT042315-15,0.0190,20.00,no
2026-10-05T03:12:52.302778Z,KXETH15M-26OCT042315-15,0.0180,20.00,no
2026-10-05T03:12:52.477177Z,KXETH15M-26OCT042315-15,0.0180,20.00,no
2026-10-05T03:12:52.644181Z,KXETH15M-26OCT042315-15,0.0180,12.00,yes
2026-10-05T03:12:52.644181Z,KXETH15M-26OCT042315-15,0.0180,6.00,yes
2026-10-05T03:12:52.644181Z,KXETH15M-26OCT042315-15,0.0180,23.00,yes
2026-10-05T03:12:52.644181Z,KXETH15M-26OCT042315-15,0.0180,45.42,yes
2026-10-05T03:12:52.81222Z,KXETH15M-26OCT042315-15,0.0150,16.00,no
2026-10-05T03:12:52.81222Z,KXETH15M-26OCT042315-15,0.0160,20.00,no
2026-10-05T03:12:52.81222Z,KXETH15M-26OCT042315-15,0.0150,4.00,no
2026-10-05T03:12:52.91409Z,KXETH15M-26OCT042315-15,0.0180,25.00,yes
2026-10-05T03:12:53.489977Z,KXETH15M-26OCT042315-15,0.0170,6.00,no
2026-10-05T03:12:53.489977Z,KXETH15M-26OCT042315-15,0.0170,20.00,no
2026-10-05T03:12:53.540488Z,KXETH15M-26OCT042315-15,0.0170,20.00,no
2026-10-05T03:12:54.121764Z,KXETH15M-26OCT042315-15,0.0310,60.00,yes
2026-10-05T03:12:54.121764Z,KXETH15M-26OCT042315-15,0.0200,9.00,yes
2026-10-05T03:12:54.121764Z,KXETH15M-26OCT042315-15,0.0190,51.65,yes
2026-10-05T03:12:54.121764Z,KXETH15M-26OCT042315-15,0.0200,133.31,yes
2026-10-05T03:12:54.121764Z,KXETH15M-26OCT042315-15,0.0310,60.00,yes
2026-10-05T03:12:54.121764Z,KXETH15M-26OCT042315-15,0.0170,13.00,yes
2026-10-05T03:12:54.121764Z,KXETH15M-26OCT042315-15,0.0180,0.02,yes
2026-10-05T03:12:54.121764Z,KXETH15M-26OCT042315-15,0.0230,0.02,yes
2026-10-05T03:12:54.121764Z,KXETH15M-26OCT042315-15,0.0190,48.35,yes
2026-10-05T03:12:54.121764Z,KXETH15M-26OCT042315-15,0.0250,0.03,yes
2026-10-05T03:12:54.121764Z,KXETH15M-26OCT042315-15,0.0240,0.02,yes
2026-10-05T03:12:54.121764Z,KXETH15M-26OCT042315-15,0.0190,0.02,yes
2026-10-05T03:12:54.121764Z,KXETH15M-26OCT042315-15,0.0270,0.04,yes
2026-10-05T03:12:54.121764Z,KXETH15M-26OCT042315-15,0.0310,36.39,yes
2026-10-05T03:12:54.121764Z,KXETH15M-26OCT042315-15,0.0180,29.58,yes
2026-10-05T03:12:54.121764Z,KXETH15M-26OCT042315-15,0.0190,15.00,yes
2026-10-05T03:12:54.121764Z,KXETH15M-26OCT042315-15,0.0250,73.00,yes
2026-10-05T03:12:54.121764Z,KXETH15M-26OCT042315-15,0.0180,20.00,yes
2026-10-05T03:12:54.121764Z,KXETH15M-26OCT042315-15,0.0260,0.03,yes
2026-10-05T03:12:54.121764Z,KXETH15M-26OCT042315-15,0.0210,100.00,yes
2026-10-05T03:12:54.121764Z,KXETH15M-26OCT042315-15,0.0220,58.34,yes
2026-10-05T03:12:54.121764Z,KXETH15M-26OCT042315-15,0.0250,10.00,yes
2026-10-05T03:12:54.121764Z,KXETH15M-26OCT042315-15,0.0200,100.00,yes
2026-10-05T03:12:54.121764Z,KXETH15M-26OCT042315-15,0.0240,58.35,yes
2026-10-05T03:12:54.121764Z,KXETH15M-26OCT042315-15,0.0300,53.18,yes
2026-10-05T03:12:54.121764Z,KXETH15M-26OCT042315-15,0.0200,0.02,yes
2026-10-05T03:12:54.121764Z,KXETH15M-26OCT042315-15,0.0220,0.02,yes
2026-10-05T03:12:54.121764Z,KXETH15M-26OCT042315-15,0.0280,90.00,yes
2026-10-05T03:12:54.121764Z,KXETH15M-26OCT042315-15,0.0210,0.02,yes
2026-10-05T03:12:54.121764Z,KXETH15M-26OCT042315-15,0.0170,4.00,yes
2026-10-05T03:12:54.121764Z,KXETH15M-26OCT042315-15,0.0170,1.00,yes
2026-10-05T03:12:54.121764Z,KXETH15M-26OCT042315-15,0.0200,9.00,yes
2026-10-05T03:12:54.121764Z,KXETH15M-26OCT042315-15,0.0170,100.00,yes
2026-10-05T03:12:54.121764Z,KXETH15M-26OCT042315-15,0.0170,100.00,yes
2026-10-05T03:12:54.121764Z,KXETH15M-26OCT042315-15,0.0170,100.00,yes
2026-10-05T03:12:54.121764Z,KXETH15M-26OCT042315-15,0.0170,4.00,yes
2026-10-05T03:12:54.121764Z,KXETH15M-26OCT042315-15,0.0180,1.00,yes
2026-10-05T03:12:54.121764Z,KXETH15M-26OCT042315-15,0.0300,100.00,yes
2026-10-05T03:12:54.121764Z,KXETH15M-26OCT042315-15,0.0190,4.00,yes
2026-10-05T03:12:54.121764Z,KXETH15M-26OCT042315-15,0.0300,30.00,yes
2026-10-05T03:12:54.121764Z,KXETH15M-26OCT042315-15,0.0210,10.00,yes
2026-10-05T03:12:54.121764Z,KXETH15M-26OCT042315-15,0.0180,19.00,yes
2026-10-05T03:12:54.121764Z,KXETH15M-26OCT042315-15,0.0190,4.00,yes
2026-10-05T03:12:54.121764Z,KXETH15M-26OCT042315-15,0.0180,4.00,yes
2026-10-05T03:12:54.121764Z,KXETH15M-26OCT042315-15,0.0180,3.00,yes
2026-10-05T03:12:54.121764Z,KXETH15M-26OCT042315-15,0.0180,4.00,yes
2026-10-05T03:12:54.121764Z,KXETH15M-26OCT042315-15,0.0300,100.00,yes
2026-10-05T03:12:54.121764Z,KXETH15M-26OCT042315-15,0.0310,0.02,yes
2026-10-05T03:12:54.121764Z,KXETH15M-26OCT042315-15,0.0300,3.00,yes
2026-10-05T03:12:54.121764Z,KXETH15M-26OCT042315-15,0.0300,0.02,yes
2026-10-05T03:12:54.121764Z,KXETH15M-26OCT042315-15,0.0280,0.02,yes
2026-10-05T03:12:54.121764Z,KXETH15M-26OCT042315-15,0.0290,0.02,yes
2026-10-05T03:12:54.121764Z,KXETH15M-26OCT042315-15,0.0200,13.00,yes
2026-10-05T03:12:54.121764Z,KXETH15M-26OCT042315-15,0.0300,1.00,yes
2026-10-05T03:12:54.121764Z,KXETH15M-26OCT042315-15,0.0250,23.00,yes
2026-10-05T03:12:54.121764Z,KXETH15M-26OCT042315-15,0.0220,100.00,yes
2026-10-05T03:12:54.121764Z,KXETH15M-26OCT042315-15,0.0220,100.00,yes
2026-10-05T03:12:54.121764Z,KXETH15M-26OCT042315-15,0.0290,75.00,yes
2026-10-05T03:12:54.121764Z,KXETH15M-26OCT042315-15,0.0280,32.10,yes
2026-10-05T03:12:54.121764Z,KXETH15M-26OCT042315-15,0.0300,5.16,yes
2026-10-05T03:12:54.121764Z,KXETH15M-26OCT042315-15,0.0280,33.00,yes
2026-10-05T03:12:54.121764Z,KXETH15M-26OCT042315-15,0.0280,54.84,yes
2026-10-05T03:12:54.121764Z,KXETH15M-26OCT042315-15,0.0280,4.00,yes
2026-10-05T03:12:54.121764Z,KXETH15M-26OCT042315-15,0.0280,3.00,yes
2026-10-05T03:12:54.167945Z,KXETH15M-26OCT042315-15,0.0200,1.68,yes
2026-10-05T03:12:54.167945Z,KXETH15M-26OCT042315-15,0.0180,1.00,yes
2026-10-05T03:12:54.167945Z,KXETH15M-26OCT042315-15,0.0200,4.00,yes
2026-10-05T03:12:54.167945Z,KXETH15M-26OCT042315-15,0.0190,4.00,yes
2026-10-05T03:12:54.198444Z,KXETH15M-26OCT042315-15,0.0160,20.00,no
2026-10-05T03:12:54.198444Z,KXETH15M-26OCT042315-15,0.0140,12.13,no
2026-10-05T03:12:54.198444Z,KXETH15M-26OCT042315-15,0.0150,50.00,no
2026-10-05T03:12:54.198444Z,KXETH15M-26OCT042315-15,0.0150,20.00,no
2026-10-05T03:12:54.198444Z,KXETH15M-26OCT042315-15,0.0170,35.00,no
2026-10-05T03:12:54.198444Z,KXETH15M-26OCT042315-15,0.0160,12.00,no
2026-10-05T03:12:54.198444Z,KXETH15M-26OCT042315-15,0.0160,2.00,no
2026-10-05T03:12:54.198444Z,KXETH15M-26OCT042315-15,0.0160,1.00,no
2026-10-05T03:12:54.597574Z,KXETH15M-26OCT042315-15,0.0160,1.19,no
2026-10-05T03:12:54.672761Z,KXETH15M-26OCT042315-15,0.0170,0.02,yes
2026-10-05T03:12:54.672761Z,KXETH15M-26OCT042315-15,0.0170,10.00,yes
2026-10-05T03:12:54.672761Z,KXETH15M-26OCT042315-15,0.0170,1.00,yes
2026-10-05T03:12:56.120485Z,KXETH15M-26OCT042315-15,0.0160,11.35,no
2026-10-05T03:12:56.401657Z,KXETH15M-26OCT042315-15,0.0170,15.00,yes
2026-10-05T03:12:56.401657Z,KXETH15M-26OCT042315-15,0.0170,8.00,yes
2026-10-05T03:12:56.401657Z,KXETH15M-26OCT042315-15,0.0170,0.02,yes
2026-10-05T03:12:57.026143Z,KXETH15M-26OCT042315-15,0.0190,3.90,yes
2026-10-05T03:12:57.026143Z,KXETH15M-26OCT042315-15,0.0180,17.00,yes
2026-10-05T03:12:57.026143Z,KXETH15M-26OCT042315-15,0.0190,5.00,yes
2026-10-05T03:12:57.026143Z,KXETH15M-26OCT042315-15,0.0180,2.00,yes
2026-10-05T03:12:57.026143Z,KXETH15M-26OCT042315-15,0.0180,0.02,yes
2026-10-05T03:12:57.026143Z,KXETH15M-26OCT042315-15,0.0190,17.00,yes
2026-10-05T03:12:57.026143Z,KXETH15M-26OCT042315-15,0.0190,0.02,yes
2026-10-05T03:12:57.591677Z,KXETH15M-26OCT042315-15,0.0190,6.10,yes
2026-10-05T03:12:57.591677Z,KXETH15M-26OCT042315-15,0.0190,1.94,yes
2026-10-05T03:12:57.591677Z,KXETH15M-26OCT042315-15,0.0190,41.00,yes
2026-10-05T03:12:57.723804Z,KXETH15M-26OCT042315-15,0.0190,1.00,yes
2026-10-05T03:12:57.901708Z,KXETH15M-26OCT042315-15,0.0170,2.03,no
2026-10-05T03:12:58.162272Z,KXETH15M-26OCT042315-15,0.0160,31.00,no
2026-10-05T03:12:58.179566Z,KXETH15M-26OCT042315-15,0.0170,4.00,yes
2026-10-05T03:12:58.179566Z,KXETH15M-26OCT042315-15,0.0170,4.00,yes
2026-10-05T03:12:58.21645Z,KXETH15M-26OCT042315-15,0.0160,39.00,no
2026-10-05T03:12:58.217042Z,KXETH15M-26OCT042315-15,0.0160,5.00,no
2026-10-05T03:12:58.357546Z,KXETH15M-26OCT042315-15,0.0160,4.00,no
2026-10-05T03:12:58.544616Z,KXETH15M-26OCT042315-15,0.0140,20.00,no
2026-10-05T03:12:58.544616Z,KXETH15M-26OCT042315-15,0.0160,11.00,no
2026-10-05T03:12:58.544616Z,KXETH15M-26OCT042315-15,0.0130,9.00,no
2026-10-05T03:12:58.693975Z,KXETH15M-26OCT042315-15,0.0130,10.00,no
2026-10-05T03:12:58.702131Z,KXETH15M-26OCT042315-15,0.0130,10.00,no
2026-10-05T03:12:59.000735Z,KXETH15M-26OCT042315-15,0.0140,41.00,yes
2026-10-05T03:12:59.000735Z,KXETH15M-26OCT042315-15,0.0140,4.00,yes
2026-10-05T03:12:59.000735Z,KXETH15M-26OCT042315-15,0.0140,4.00,yes
2026-10-05T03:12:59.000735Z,KXETH15M-26OCT042315-15,0.0140,1.00,yes
2026-10-05T03:12:59.000735Z,KXETH15M-26OCT042315-15,0.0140,20.00,yes
2026-10-05T03:12:59.078062Z,KXETH15M-26OCT042315-15,0.0130,1.01,no
2026-10-05T03:12:59.322895Z,KXETH15M-26OCT042315-15,0.0130,36.70,no
2026-10-05T03:12:59.734639Z,KXETH15M-26OCT042315-15,0.0130,12.00,no
2026-10-05T03:12:59.734639Z,KXETH15M-26OCT042315-15,0.0130,0.40,no
2026-10-05T03:12:59.734639Z,KXETH15M-26OCT042315-15,0.0130,25.00,no
2026-10-05T03:12:59.734639Z,KXETH15M-26OCT042315-15,0.0130,33.29,no
2026-10-05T03:12:59.734639Z,KXETH15M-26OCT042315-15,0.0120,149.31,no
2026-10-05T03:12:59.734639Z,KXETH15M-26OCT042315-15,0.0120,4.00,no
2026-10-05T03:12:59.734639Z,KXETH15M-26OCT042315-15,0.0130,1.00,no
2026-10-05T03:12:59.956655Z,KXETH15M-26OCT042315-15,0.0130,50.90,yes
2026-10-05T03:13:00.018084Z,KXETH15M-26OCT042315-15,0.0120,41.00,no
2026-10-05T03:13:00.125125Z,KXETH15M-26OCT042315-15,0.0120,1.01,no
2026-10-05T03:13:00.234168Z,KXETH15M-26OCT042315-15,0.0120,2.00,no
2026-10-05T03:13:00.347854Z,KXETH15M-26OCT042315-15,0.0120,2.02,no
2026-10-05T03:13:00.483018Z,KXETH15M-26OCT042315-15,0.0130,55.18,yes
2026-10-05T03:13:00.545623Z,KXETH15M-26OCT042315-15,0.0130,33.78,yes
2026-10-05T03:13:00.557714Z,KXETH15M-26OCT042315-15,0.0120,5.05,no
2026-10-05T03:13:00.700115Z,KXETH15M-26OCT042315-15,0.0120,12.00,no
2026-10-05T03:13:00.700115Z,KXETH15M-26OCT042315-15,0.0120,149.61,no
2026-10-05T03:13:00.700115Z,KXETH15M-26OCT042315-15,0.0110,24.00,no
2026-10-05T03:13:00.700115Z,KXETH15M-26OCT042315-15,0.0120,100.00,no
2026-10-05T03:13:00.700115Z,KXETH15M-26OCT042315-15,0.0110,10.39,no
2026-10-05T03:13:00.700115Z,KXETH15M-26OCT042315-15,0.0120,1.00,no
2026-10-05T03:13:00.834747Z,KXETH15M-26OCT042315-15,0.0110,4.16,no
2026-10-05T03:13:00.871563Z,KXETH15M-26OCT042315-15,0.0120,10.00,yes
2026-10-05T03:13:00.91365Z,KXETH15M-26OCT042315-15,0.0120,7.00,yes
2026-10-05T03:13:01.214383Z,KXETH15M-26OCT042315-15,0.0110,14.91,no
2026-10-05T03:13:01.518631Z,KXETH15M-26OCT042315-15,0.0110,50.00,no
2026-10-05T03:13:01.793685Z,KXETH15M-26OCT042315-15,0.0130,15.00,yes
2026-10-05T03:13:01.793685Z,KXETH15M-26OCT042315-15,0.0120,0.02,yes
2026-10-05T03:13:01.793685Z,KXETH15M-26OCT042315-15,0.0120,4.00,yes
2026-10-05T03:13:01.793685Z,KXETH15M-26OCT042315-15,0.0130,0.02,yes
2026-10-05T03:13:01.793685Z,KXETH15M-26OCT042315-15,0.0130,100.00,yes
2026-10-05T03:13:01.793685Z,KXETH15M-26OCT042315-15,0.0120,399.00,yes
2026-10-05T03:13:01.793685Z,KXETH15M-26OCT042315-15,0.0120,4.00,yes
2026-10-05T03:13:01.793685Z,KXETH15M-26OCT042315-15,0.0130,276.14,yes
2026-10-05T03:13:01.793685Z,KXETH15M-26OCT042315-15,0.0130,4.00,yes
2026-10-05T03:13:01.793685Z,KXETH15M-26OCT042315-15,0.0120,14.00,yes
2026-10-05T03:13:01.793685Z,KXETH15M-26OCT042315-15,0.0130,4.00,yes
2026-10-05T03:13:01.793685Z,KXETH15M-26OCT042315-15,0.0130,28.00,yes
2026-10-05T03:13:02.567525Z,KXETH15M-26OCT042315-15,0.0110,7.20,no
2026-10-05T03:13:02.776779Z,KXETH15M-26OCT042315-15,0.0110,11.11,no
2026-10-05T03:13:02.819688Z,KXETH15M-26OCT042315-15,0.0110,6.56,no
2026-10-05T03:13:03.190698Z,KXETH15M-26OCT042315-15,0.0110,4.33,no
2026-10-05T03:13:03.190698Z,KXETH15M-26OCT042315-15,0.0110,95.67,no
2026-10-05T03:13:03.371639Z,KXETH15M-26OCT042315-15,0.0120,7.79,yes
2026-10-05T03:13:03.455558Z,KXETH15M-26OCT042315-15,0.0110,20.85,no
2026-10-05T03:13:03.479324Z,KXETH15M-26OCT042315-15,0.0110,74.82,no
2026-10-05T03:13:03.479324Z,KXETH15M-26OCT042315-15,0.0110,1.00,no
2026-10-05T03:13:03.479324Z,KXETH15M-26OCT042315-15,0.0110,1.00,no
2026-10-05T03:13:03.479324Z,KXETH15M-26OCT042315-15,0.0110,3.18,no
2026-10-05T03:13:03.522962Z,KXETH15M-26OCT042315-15,0.0110,40.00,no
2026-10-05T03:13:03.537975Z,KXETH15M-26OCT042315-15,0.0110,13.00,no
2026-10-05T03:13:03.718107Z,KXETH15M-26OCT042315-15,0.0110,15.15,no
2026-10-05T03:13:03.835075Z,KXETH15M-26OCT042315-15,0.0110,6.00,no
2026-10-05T03:13:04.073358Z,KXETH15M-26OCT042315-15,0.0110,2.01,no
2026-10-05T03:13:04.529404Z,KXETH15M-26OCT042315-15,0.0110,1.00,no
2026-10-05T03:13:04.529404Z,KXETH15M-26OCT042315-15,0.0110,2.00,no
2026-10-05T03:13:04.529404Z,KXETH15M-26OCT042315-15,0.0110,10.00,no
2026-10-05T03:13:04.529404Z,KXETH15M-26OCT042315-15,0.0110,20.66,no
2026-10-05T03:13:04.529404Z,KXETH15M-26OCT042315-15,0.0110,2.00,no
2026-10-05T03:13:04.529404Z,KXETH15M-26OCT042315-15,0.0110,20.00,no
2026-10-05T03:13:04.529404Z,KXETH15M-26OCT042315-15,0.0110,1.00,no
2026-10-05T03:13:04.529404Z,KXETH15M-26OCT042315-15,0.0110,3.34,no
2026-10-05T03:13:04.807401Z,KXETH15M-26OCT042315-15,0.0110,1.67,no
2026-10-05T03:13:04.807401Z,KXETH15M-26OCT042315-15,0.0110,6.66,no
2026-10-05T03:13:04.854169Z,KXETH15M-26OCT042315-15,0.0110,25.33,no
2026-10-05T03:13:04.854169Z,KXETH15M-26OCT042315-15,0.0110,4.67,no
2026-10-05T03:13:04.864132Z,KXETH15M-26OCT042315-15,0.0100,31.00,no
2026-10-05T03:13:04.875051Z,KXETH15M-26OCT042315-15,0.0100,13.00,no
2026-10-05T03:13:05.126944Z,KXETH15M-26OCT042315-15,0.0100,5.00,no
2026-10-05T03:13:05.330558Z,KXETH15M-26OCT042315-15,0.0100,3.00,no
2026-10-05T03:13:05.330558Z,KXETH15M-26OCT042315-15,0.0100,1.00,no
2026-10-05T03:13:05.330558Z,KXETH15M-26OCT042315-15,0.0100,7.69,no
2026-10-05T03:13:05.330558Z,KXETH15M-26OCT042315-15,0.0100,1.00,no
2026-10-05T03:13:05.643013Z,KXETH15M-26OCT042315-15,0.0110,3.92,yes
2026-10-05T03:13:05.65533Z,KXETH15M-26OCT042315-15,0.0110,0.02,yes
2026-10-05T03:13:05.65533Z,KXETH15M-26OCT042315-15,0.0110,20.85,yes
2026-10-05T03:13:05.65533Z,KXETH15M-26OCT042315-15,0.0110,74.82,yes
2026-10-05T03:13:05.65533Z,KXETH15M-26OCT042315-15,0.0110,1.00,yes
2026-10-05T03:13:05.65533Z,KXETH15M-26OCT042315-15,0.0110,4.00,yes
2026-10-05T03:13:05.65533Z,KXETH15M-26OCT042315-15,0.0110,4.33,yes
2026-10-05T03:13:05.65533Z,KXETH15M-26OCT042315-15,0.0110,16.08,yes
2026-10-05T03:13:05.65533Z,KXETH15M-26OCT042315-15,0.0110,4.00,yes
2026-10-05T03:13:05.65533Z,KXETH15M-26OCT042315-15,0.0110,113.00,yes
2026-10-05T03:13:05.669548Z,KXETH15M-26OCT042315-15,0.0110,13.00,yes
2026-10-05T03:13:05.673849Z,KXETH15M-26OCT042315-15,0.0110,7.00,yes
2026-10-05T03:13:05.673849Z,KXETH15M-26OCT042315-15,0.0120,2.77,yes
2026-10-05T03:13:05.673849Z,KXETH15M-26OCT042315-15,0.0120,12.21,yes
2026-10-05T03:13:05.673849Z,KXETH15M-26OCT042315-15,0.0120,0.02,yes
2026-10-05T03:13:05.673849Z,KXETH15M-26OCT042315-15,0.0120,3.00,yes
2026-10-05T03:13:05.677327Z,KXETH15M-26OCT042315-15,0.0110,4.00,yes
2026-10-05T03:13:05.677327Z,KXETH15M-26OCT042315-15,0.0110,4.00,yes
2026-10-05T03:13:05.677327Z,KXETH15M-26OCT042315-15,0.0120,1.23,yes
2026-10-05T03:13:05.677327Z,KXETH15M-26OCT042315-15,0.0120,4.00,yes
2026-10-05T03:13:05.686498Z,KXETH15M-26OCT042315-15,0.0110,1.00,yes
2026-10-05T03:13:06.039651Z,KXETH15M-26OCT042315-15,0.0100,25.23,no
2026-10-05T03:13:06.888943Z,KXETH15M-26OCT042315-15,0.0110,2.03,yes
2026-10-05T03:13:07.337254Z,KXETH15M-26OCT042315-15,0.0110,9.97,yes
2026-10-05T03:13:07.337254Z,KXETH15M-26OCT042315-15,0.0110,19.94,yes
2026-10-05T03:13:07.337254Z,KXETH15M-26OCT042315-15,0.0110,4.00,yes
2026-10-05T03:13:07.337254Z,KXETH15M-26OCT042315-15,0.0110,4.00,yes
2026-10-05T03:13:07.613844Z,KXETH15M-26OCT042315-15,0.0110,0.02,yes
2026-10-05T03:13:07.613844Z,KXETH15M-26OCT042315-15,0.0110,18.98,yes
2026-10-05T03:13:07.613844Z,KXETH15M-26OCT042315-15,0.0110,3.00,yes
2026-10-05T03:13:07.617825Z,KXETH15M-26OCT042315-15,0.0110,20.00,yes
2026-10-05T03:13:07.625114Z,KXETH15M-26OCT042315-15,0.0110,2.98,yes
2026-10-05T03:13:07.625114Z,KXETH15M-26OCT042315-15,0.0110,70.02,yes
2026-10-05T03:13:07.631148Z,KXETH15M-26OCT042315-15,0.0110,4.00,yes
2026-10-05T03:13:07.631148Z,KXETH15M-26OCT042315-15,0.0110,4.00,yes
2026-10-05T03:13:07.631148Z,KXETH15M-26OCT042315-15,0.0120,4.00,yes
2026-10-05T03:13:07.631148Z,KXETH15M-26OCT042315-15,0.0110,52.02,yes
2026-10-05T03:13:07.631148Z,KXETH15M-26OCT042315-15,0.0120,0.02,yes
2026-10-05T03:13:07.631148Z,KXETH15M-26OCT042315-15,0.0130,4.00,yes
2026-10-05T03:13:07.631148Z,KXETH15M-26OCT042315-15,0.0130,4.00,yes
2026-10-05T03:13:07.631148Z,KXETH15M-26OCT042315-15,0.0130,0.02,yes
2026-10-05T03:13:08.048857Z,KXETH15M-26OCT042315-15,0.0140,1.01,yes
2026-10-05T03:13:08.048857Z,KXETH15M-26OCT042315-15,0.0140,36.70,yes
2026-10-05T03:13:08.048857Z,KXETH15M-26OCT042315-15,0.0140,33.29,yes
2026-10-05T03:13:08.048857Z,KXETH15M-26OCT042315-15,0.0140,9.00,yes
2026-10-05T03:13:08.048857Z,KXETH15M-26OCT042315-15,0.0140,10.00,yes
2026-10-05T03:13:08.048857Z,KXETH15M-26OCT042315-15,0.0140,0.02,yes
2026-10-05T03:13:08.048857Z,KXETH15M-26OCT042315-15,0.0140,10.00,yes
2026-10-05T03:13:08.08607Z,KXETH15M-26OCT042315-15,0.0170,4.00,yes
2026-10-05T03:13:08.08607Z,KXETH15M-26OCT042315-15,0.0160,4.00,yes
2026-10-05T03:13:08.08607Z,KXETH15M-26OCT042315-15,0.0150,4.00,yes
2026-10-05T03:13:08.08607Z,KXETH15M-26OCT042315-15,0.0150,0.02,yes
2026-10-05T03:13:08.08607Z,KXETH15M-26OCT042315-15,0.0180,31.49,yes
2026-10-05T03:13:08.08607Z,KXETH15M-26OCT042315-15,0.0170,13.00,yes
2026-10-05T03:13:08.08607Z,KXETH15M-26OCT042315-15,0.0170,1.01,yes
2026-10-05T03:13:08.08607Z,KXETH15M-26OCT042315-15,0.0170,20.00,yes
2026-10-05T03:13:08.08607Z,KXETH15M-26OCT042315-15,0.0180,0.02,yes
2026-10-05T03:13:08.08607Z,KXETH15M-26OCT042315-15,0.0160,0.02,yes
2026-10-05T03:13:08.08607Z,KXETH15M-26OCT042315-15,0.0180,3.00,yes
2026-10-05T03:13:08.08607Z,KXETH15M-26OCT042315-15,0.0170,0.02,yes
2026-10-05T03:13:08.090569Z,KXETH15M-26OCT042315-15,0.0140,12.17,no
2026-10-05T03:13:08.341065Z,KXETH15M-26OCT042315-15,0.0130,4.00,no
2026-10-05T03:13:08.341065Z,KXETH15M-26OCT042315-15,0.0130,32.00,no
2026-10-05T03:13:09.455732Z,KXETH15M-26OCT042315-15,0.0120,12.00,no
2026-10-05T03:13:09.455732Z,KXETH15M-26OCT042315-15,0.0120,2.24,no
2026-10-05T03:13:09.455732Z,KXETH15M-26OCT042315-15,0.0120,4.00,no
2026-10-05T03:13:09.455732Z,KXETH15M-26OCT042315-15,0.0120,4.00,no
2026-10-05T03:13:09.796128Z,KXETH15M-26OCT042315-15,0.0130,4.19,yes
2026-10-05T03:13:09.796128Z,KXETH15M-26OCT042315-15,0.0130,3.00,yes
2026-10-05T03:13:09.804826Z,KXETH15M-26OCT042315-15,0.0120,1.01,no
2026-10-05T03:13:10.367859Z,KXETH15M-26OCT042315-15,0.0110,7.07,no
2026-10-05T03:13:10.846109Z,KXETH15M-26OCT042315-15,0.0120,20.00,yes
2026-10-05T03:13:10.846109Z,KXETH15M-26OCT042315-15,0.0120,42.00,yes
2026-10-05T03:13:10.846109Z,KXETH15M-26OCT042315-15,0.0120,16.00,yes
2026-10-05T03:13:10.846109Z,KXETH15M-26OCT042315-15,0.0120,18.57,yes
2026-10-05T03:13:10.846109Z,KXETH15M-26OCT042315-15,0.0120,3.00,yes
2026-10-05T03:13:10.846109Z,KXETH15M-26OCT042315-15,0.0120,0.02,yes
2026-10-05T03:13:10.955543Z,KXETH15M-26OCT042315-15,0.0120,12.00,no
2026-10-05T03:13:10.955543Z,KXETH15M-26OCT042315-15,0.0120,4.00,no
2026-10-05T03:13:10.955543Z,KXETH15M-26OCT042315-15,0.0120,4.00,no
2026-10-05T03:13:10.955543Z,KXETH15M-26OCT042315-15,0.0120,36.00,no
2026-10-05T03:13:11.777266Z,KXETH15M-26OCT042315-15,0.0120,3.00,no
2026-10-05T03:13:12.104934Z,KXETH15M-26OCT042315-15,0.0100,37.00,no
2026-10-05T03:13:12.758519Z,KXETH15M-26OCT042315-15,0.0100,36.33,no
2026-10-05T03:13:13.426921Z,KXETH15M-26OCT042315-15,0.0100,4.10,no
2026-10-05T03:13:13.60713Z,KXETH15M-26OCT042315-15,0.0100,25.23,no
2026-10-05T03:13:14.502707Z,KXETH15M-26OCT042315-15,0.0100,30.28,no
2026-10-05T03:13:14.88843Z,KXETH15M-26OCT042315-15,0.0100,16.51,no
2026-10-05T03:13:14.88843Z,KXETH15M-26OCT042315-15,0.0100,54.14,no
2026-10-05T03:13:14.889974Z,KXETH15M-26OCT042315-15,0.0100,27.00,no
2026-10-05T03:13:14.894277Z,KXETH15M-26OCT042315-15,0.0100,0.96,no
2026-10-05T03:13:14.894277Z,KXETH15M-26OCT042315-15,0.0100,25.00,no
2026-10-05T03:13:14.894277Z,KXETH15M-26OCT042315-15,0.0100,20.00,no
2026-10-05T03:13:14.894277Z,KXETH15M-26OCT042315-15,0.0100,100.00,no
2026-10-05T03:13:14.894277Z,KXETH15M-26OCT042315-15,0.0100,25.00,no
2026-10-05T03:13:14.894277Z,KXETH15M-26OCT042315-15,0.0100,3.58,no
2026-10-05T03:13:14.894277Z,KXETH15M-26OCT042315-15,0.0100,8.97,no
2026-10-05T03:13:14.894277Z,KXETH15M-26OCT042315-15,0.0100,56.49,no
2026-10-05T03:13:14.895708Z,KXETH15M-26OCT042315-15,0.0100,3.86,no
2026-10-05T03:13:14.895708Z,KXETH15M-26OCT042315-15,0.0100,16.21,no
2026-10-05T03:13:14.895708Z,KXETH15M-26OCT042315-15,0.0100,1.76,no
2026-10-05T03:13:14.895708Z,KXETH15M-26OCT042315-15,0.0100,16.36,no
2026-10-05T03:13:14.895708Z,KXETH15M-26OCT042315-15,0.0100,5.89,no
2026-10-05T03:13:14.895708Z,KXETH15M-26OCT042315-15,0.0100,2.35,no
2026-10-05T03:13:14.895708Z,KXETH15M-26OCT042315-15,0.0100,2.57,no
2026-10-05T03:13:14.895708Z,KXETH15M-26OCT042315-15,0.0100,2.00,no
2026-10-05T03:13:15.148773Z,KXETH15M-26OCT042315-15,0.0100,30.00,no
2026-10-05T03:13:15.148773Z,KXETH15M-26OCT042315-15,0.0100,2.74,no
2026-10-05T03:13:15.148773Z,KXETH15M-26OCT042315-15,0.0100,0.01,no
2026-10-05T03:13:15.148773Z,KXETH15M-26OCT042315-15,0.0100,10.00,no
2026-10-05T03:13:15.148773Z,KXETH15M-26OCT042315-15,0.0100,2.25,no
2026-10-05T03:13:15.160921Z,KXETH15M-26OCT042315-15,0.0100,2.00,no
2026-10-05T03:13:15.355097Z,KXETH15M-26OCT042315-15,0.0100,20.26,no
2026-10-05T03:13:15.37128Z,KXETH15M-26OCT042315-15,0.0100,4.00,yes
2026-10-05T03:13:15.37128Z,KXETH15M-26OCT042315-15,0.0100,9.00,yes
2026-10-05T03:13:15.37128Z,KXETH15M-26OCT042315-15,0.0100,1.00,yes
2026-10-05T03:13:15.37128Z,KXETH15M-26OCT042315-15,0.0100,20.00,yes
2026-10-05T03:13:15.37128Z,KXETH15M-26OCT042315-15,0.0100,4.00,yes
2026-10-05T03:13:15.37128Z,KXETH15M-26OCT042315-15,0.0110,1.77,yes
2026-10-05T03:13:15.37128Z,KXETH15M-26OCT042315-15,0.0100,17.00,yes
2026-10-05T03:13:15.37128Z,KXETH15M-26OCT042315-15,0.0100,20.00,yes
2026-10-05T03:13:15.37128Z,KXETH15M-26OCT042315-15,0.0110,30.00,yes
2026-10-05T03:13:15.374741Z,KXETH15M-26OCT042315-15,0.0090,56.00,no
2026-10-05T03:13:15.376212Z,KXETH15M-26OCT042315-15,0.0090,12.00,no
2026-10-05T03:13:15.386499Z,KXETH15M-26OCT042315-15,0.0090,12.00,no
2026-10-05T03:13:15.388377Z,KXETH15M-26OCT042315-15,0.0090,4.00,no
2026-10-05T03:13:15.405995Z,KXETH15M-26OCT042315-15,0.0090,16.00,no
2026-10-05T03:13:15.576165Z,KXETH15M-26OCT042315-15,0.0080,1.00,no
2026-10-05T03:13:15.613339Z,KXETH15M-26OCT042315-15,0.0080,3.00,no
2026-10-05T03:13:15.62255Z,KXETH15M-26OCT042315-15,0.0080,3.00,no
2026-10-05T03:13:15.661269Z,KXETH15M-26OCT042315-15,0.0080,1.00,no
2026-10-05T03:13:15.669983Z,KXETH15M-26OCT042315-15,0.0080,3.00,no
2026-10-05T03:13:15.68434Z,KXETH15M-26OCT042315-15,0.0080,5.00,no
2026-10-05T03:13:15.691235Z,KXETH15M-26OCT042315-15,0.0080,1.00,no
2026-10-05T03:13:15.721291Z,KXETH15M-26OCT042315-15,0.0080,53.25,no
2026-10-05T03:13:15.840954Z,KXETH15M-26OCT042315-15,0.0090,20.00,yes
2026-10-05T03:13:15.840954Z,KXETH15M-26OCT042315-15,0.0090,4.00,yes
2026-10-05T03:13:15.840954Z,KXETH15M-26OCT042315-15,0.0090,4.00,yes
2026-10-05T03:13:15.840954Z,KXETH15M-26OCT042315-15,0.0090,2.00,yes
2026-10-05T03:13:15.840954Z,KXETH15M-26OCT042315-15,0.0090,29.00,yes
2026-10-05T03:13:15.840954Z,KXETH15M-26OCT042315-15,0.0090,7.00,yes
2026-10-05T03:13:15.840954Z,KXETH15M-26OCT042315-15,0.0090,44.33,yes
2026-10-05T03:13:16.116204Z,KXETH15M-26OCT042315-15,0.0090,1.00,yes
2026-10-05T03:13:16.116204Z,KXETH15M-26OCT042315-15,0.0090,10.00,yes
2026-10-05T03:13:16.116204Z,KXETH15M-26OCT042315-15,0.0090,1.00,yes
2026-10-05T03:13:16.116204Z,KXETH15M-26OCT042315-15,0.0090,3.00,yes
2026-10-05T03:13:16.116204Z,KXETH15M-26OCT042315-15,0.0090,1.00,yes
2026-10-05T03:13:16.116204Z,KXETH15M-26OCT042315-15,0.0090,5.00,yes
2026-10-05T03:13:16.116204Z,KXETH15M-26OCT042315-15,0.0090,0.03,yes
2026-10-05T03:13:16.116204Z,KXETH15M-26OCT042315-15,0.0090,53.25,yes
2026-10-05T03:13:16.116204Z,KXETH15M-26OCT042315-15,0.0090,3.00,yes
2026-10-05T03:13:16.116204Z,KXETH15M-26OCT042315-15,0.0090,3.00,yes
2026-10-05T03:13:16.116204Z,KXETH15M-26OCT042315-15,0.0090,19.72,yes
2026-10-05T03:13:16.272122Z,KXETH15M-26OCT042315-15,0.0080,25.18,no
2026-10-05T03:13:16.304889Z,KXETH15M-26OCT042315-15,0.0080,6.47,no
2026-10-05T03:13:16.304889Z,KXETH15M-26OCT042315-15,0.0080,4.57,no
2026-10-05T03:13:16.569161Z,KXETH15M-26OCT042315-15,0.0090,12.00,yes
2026-10-05T03:13:16.580157Z,KXETH15M-26OCT042315-15,0.0090,4.00,yes
2026-10-05T03:13:16.685826Z,KXETH15M-26OCT042315-15,0.0090,4.00,yes
2026-10-05T03:13:16.697851Z,KXETH15M-26OCT042315-15,0.0090,3.00,yes
2026-10-05T03:13:16.710264Z,KXETH15M-26OCT042315-15,0.0090,4.00,yes
2026-10-05T03:13:18.098717Z,KXETH15M-26OCT042315-15,0.0090,1.07,yes
2026-10-05T03:13:18.205839Z,KXETH15M-26OCT042315-15,0.0080,12.00,no
2026-10-05T03:13:18.205839Z,KXETH15M-26OCT042315-15,0.0080,24.47,no
2026-10-05T03:13:18.205839Z,KXETH15M-26OCT042315-15,0.0080,38.53,no
2026-10-05T03:13:18.230982Z,KXETH15M-26OCT042315-15,0.0080,3.86,yes
2026-10-05T03:13:19.097665Z,KXETH15M-26OCT042315-15,0.0080,1.86,yes
2026-10-05T03:13:19.097665Z,KXETH15M-26OCT042315-15,0.0080,0.14,yes
2026-10-05T03:13:19.253208Z,KXETH15M-26OCT042315-15,0.0080,5.84,yes
2026-10-05T03:13:19.490747Z,KXETH15M-26OCT042315-15,0.0080,1.07,yes
2026-10-05T03:13:19.915546Z,KXETH15M-26OCT042315-15,0.0080,4.00,yes
2026-10-05T03:13:19.915546Z,KXETH15M-26OCT042315-15,0.0080,10.00,yes
2026-10-05T03:13:19.915546Z,KXETH15M-26OCT042315-15,0.0080,4.00,yes
2026-10-05T03:13:19.915546Z,KXETH15M-26OCT042315-15,0.0080,0.03,yes
2026-10-05T03:13:19.915546Z,KXETH15M-26OCT042315-15,0.0080,5.00,yes
2026-10-05T03:13:19.915546Z,KXETH15M-26OCT042315-15,0.0080,11.23,yes
2026-10-05T03:13:19.915546Z,KXETH15M-26OCT042315-15,0.0080,2.07,yes
2026-10-05T03:13:20.535744Z,KXETH15M-26OCT042315-15,0.0080,22.91,yes
2026-10-05T03:13:20.751358Z,KXETH15M-26OCT042315-15,0.0090,4.00,yes
2026-10-05T03:13:20.751358Z,KXETH15M-26OCT042315-15,0.0090,20.00,yes
2026-10-05T03:13:20.751358Z,KXETH15M-26OCT042315-15,0.0090,4.00,yes
2026-10-05T03:13:20.751358Z,KXETH15M-26OCT042315-15,0.0090,0.03,yes
2026-10-05T03:13:20.751358Z,KXETH15M-26OCT042315-15,0.0090,4.57,yes
2026-10-05T03:13:20.751358Z,KXETH15M-26OCT042315-15,0.0090,9.11,yes
2026-10-05T03:13:20.751358Z,KXETH15M-26OCT042315-15,0.0100,12.00,yes
2026-10-05T03:13:20.751358Z,KXETH15M-26OCT042315-15,0.0100,4.00,yes
2026-10-05T03:13:20.751358Z,KXETH15M-26OCT042315-15,0.0100,12.00,yes
2026-10-05T03:13:20.751358Z,KXETH15M-26OCT042315-15,0.0100,9.00,yes
2026-10-05T03:13:20.751358Z,KXETH15M-26OCT042315-15,0.0100,4.00,yes
2026-10-05T03:13:20.751358Z,KXETH15M-26OCT042315-15,0.0100,56.00,yes
2026-10-05T03:13:20.751358Z,KXETH15M-26OCT042315-15,0.0100,16.00,yes
2026-10-05T03:13:20.751358Z,KXETH15M-26OCT042315-15,0.0100,30.00,yes
2026-10-05T03:13:20.751358Z,KXETH15M-26OCT042315-15,0.0100,4.00,yes
2026-10-05T03:13:20.751358Z,KXETH15M-26OCT042315-15,0.0100,18.58,yes
2026-10-05T03:13:20.751358Z,KXETH15M-26OCT042315-15,0.0080,0.03,yes
2026-10-05T03:13:20.751358Z,KXETH15M-26OCT042315-15,0.0080,14.00,yes
2026-10-05T03:13:20.751358Z,KXETH15M-26OCT042315-15,0.0080,23.00,yes
2026-10-05T03:13:20.751358Z,KXETH15M-26OCT042315-15,0.0080,3.00,yes
2026-10-05T03:13:20.751358Z,KXETH15M-26OCT042315-15,0.0080,52.00,yes
2026-10-05T03:13:21.088608Z,KXETH15M-26OCT042315-15,0.0070,35.22,no
2026-10-05T03:13:21.224282Z,KXETH15M-26OCT042315-15,0.0080,0.03,yes
2026-10-05T03:13:21.224282Z,KXETH15M-26OCT042315-15,0.0080,9.00,yes
2026-10-05T03:13:21.224282Z,KXETH15M-26OCT042315-15,0.0080,35.22,yes
2026-10-05T03:13:21.224282Z,KXETH15M-26OCT042315-15,0.0080,10.00,yes
2026-10-05T03:13:21.224282Z,KXETH15M-26OCT042315-15,0.0080,35.00,yes
2026-10-05T03:13:21.224282Z,KXETH15M-26OCT042315-15,0.0080,4.00,yes
2026-10-05T03:13:21.224282Z,KXETH15M-26OCT042315-15,0.0080,20.00,yes
2026-10-05T03:13:21.224282Z,KXETH15M-26OCT042315-15,0.0080,4.00,yes
2026-10-05T03:13:22.360043Z,KXETH15M-26OCT042315-15,0.0080,3.00,yes
2026-10-05T03:13:22.360043Z,KXETH15M-26OCT042315-15,0.0080,20.00,yes
2026-10-05T03:13:22.362183Z,KXETH15M-26OCT042315-15,0.0080,3.00,yes
2026-10-05T03:13:22.362183Z,KXETH15M-26OCT042315-15,0.0080,1.00,yes
2026-10-05T03:13:22.369152Z,KXETH15M-26OCT042315-15,0.0080,0.03,yes
2026-10-05T03:13:22.369152Z,KXETH15M-26OCT042315-15,0.0080,1.00,yes
2026-10-05T03:13:23.181759Z,KXETH15M-26OCT042315-15,0.0090,8.03,yes
2026-10-05T03:13:23.181759Z,KXETH15M-26OCT042315-15,0.0080,4.00,yes
2026-10-05T03:13:23.181759Z,KXETH15M-26OCT042315-15,0.0080,20.00,yes
2026-10-05T03:13:23.181759Z,KXETH15M-26OCT042315-15,0.0080,27.00,yes
2026-10-05T03:13:23.181759Z,KXETH15M-26OCT042315-15,0.0090,0.03,yes
2026-10-05T03:13:23.181759Z,KXETH15M-26OCT042315-15,0.0090,1.00,yes
2026-10-05T03:13:23.181759Z,KXETH15M-26OCT042315-15,0.0080,2.00,yes
2026-10-05T03:13:23.181759Z,KXETH15M-26OCT042315-15,0.0080,4.00,yes
2026-10-05T03:13:23.181759Z,KXETH15M-26OCT042315-15,0.0080,0.03,yes
2026-10-05T03:13:23.181759Z,KXETH15M-26OCT042315-15,0.0090,4.00,yes
2026-10-05T03:13:23.181759Z,KXETH15M-26OCT042315-15,0.0090,4.00,yes
2026-10-05T03:13:23.181759Z,KXETH15M-26OCT042315-15,0.0080,2.00,yes
2026-10-05T03:13:23.181759Z,KXETH15M-26OCT042315-15,0.0080,2.74,yes
2026-10-05T03:13:23.181759Z,KXETH15M-26OCT042315-15,0.0080,1.68,yes
2026-10-05T03:13:23.181759Z,KXETH15M-26OCT042315-15,0.0080,25.00,yes
2026-10-05T03:13:23.710611Z,KXETH15M-26OCT042315-15,0.0080,20.00,yes
2026-10-05T03:13:23.710611Z,KXETH15M-26OCT042315-15,0.0080,4.00,yes
2026-10-05T03:13:23.710611Z,KXETH15M-26OCT042315-15,0.0090,10.67,yes
2026-10-05T03:13:23.817934Z,KXETH15M-26OCT042315-15,0.0070,31.00,no
2026-10-05T03:13:23.817934Z,KXETH15M-26OCT042315-15,0.0070,21.00,no
2026-10-05T03:13:23.817934Z,KXETH15M-26OCT042315-15,0.0070,13.00,no
2026-10-05T03:13:23.817934Z,KXETH15M-26OCT042315-15,0.0070,64.78,no
2026-10-05T03:13:25.225087Z,KXETH15M-26OCT042315-15,0.0070,80.00,yes
2026-10-05T03:13:25.225087Z,KXETH15M-26OCT042315-15,0.0070,80.00,yes
2026-10-05T03:13:25.225087Z,KXETH15M-26OCT042315-15,0.0070,80.00,yes
2026-10-05T03:13:25.225087Z,KXETH15M-26OCT042315-15,0.0070,80.00,yes
2026-10-05T03:13:25.225087Z,KXETH15M-26OCT042315-15,0.0070,80.00,yes
2026-10-05T03:13:25.225087Z,KXETH15M-26OCT042315-15,0.0070,0.03,yes
2026-10-05T03:13:25.225087Z,KXETH15M-26OCT042315-15,0.0080,56.75,yes
2026-10-05T03:13:25.225087Z,KXETH15M-26OCT042315-15,0.0080,20.00,yes
2026-10-05T03:13:25.225087Z,KXETH15M-26OCT042315-15,0.0080,3.00,yes
2026-10-05T03:13:25.225087Z,KXETH15M-26OCT042315-15,0.0070,20.00,yes
2026-10-05T03:13:25.569457Z,KXETH15M-26OCT042315-15,0.0070,20.00,yes
2026-10-05T03:13:25.569457Z,KXETH15M-26OCT042315-15,0.0070,0.03,yes
2026-10-05T03:13:25.569457Z,KXETH15M-26OCT042315-15,0.0080,8.03,yes
2026-10-05T03:13:25.569457Z,KXETH15M-26OCT042315-15,0.0080,18.13,yes
2026-10-05T03:13:25.573064Z,KXETH15M-26OCT042315-15,0.0060,41.60,no
2026-10-05T03:13:26.876479Z,KXETH15M-26OCT042315-15,0.0060,50.00,no
2026-10-05T03:13:26.908007Z,KXETH15M-26OCT042315-15,0.0070,9.41,yes
2026-10-05T03:13:26.94892Z,KXETH15M-26OCT042315-15,0.0060,9.33,no
2026-10-05T03:13:26.94892Z,KXETH15M-26OCT042315-15,0.0060,8.40,no
2026-10-05T03:13:27.194352Z,KXETH15M-26OCT042315-15,0.0070,20.20,yes
2026-10-05T03:13:27.194352Z,KXETH15M-26OCT042315-15,0.0070,10.59,yes
2026-10-05T03:13:28.671334Z,KXETH15M-26OCT042315-15,0.0060,4.00,no
2026-10-05T03:13:28.671334Z,KXETH15M-26OCT042315-15,0.0060,3.67,no
2026-10-05T03:13:28.671334Z,KXETH15M-26OCT042315-15,0.0060,23.00,no
2026-10-05T03:13:28.671334Z,KXETH15M-26OCT042315-15,0.0060,9.33,no
2026-10-05T03:13:28.693763Z,KXETH15M-26OCT042315-15,0.0050,1.00,no
2026-10-05T03:13:29.6082Z,KXETH15M-26OCT042315-15,0.0050,10.00,no
2026-10-05T03:13:29.615904Z,KXETH15M-26OCT042315-15,0.0050,6.00,no
2026-10-05T03:13:29.747359Z,KXETH15M-26OCT042315-15,0.0050,39.24,no
2026-10-05T03:13:29.866727Z,KXETH15M-26OCT042315-15,0.0050,10.04,no
2026-10-05T03:13:29.958946Z,KXETH15M-26OCT042315-15,0.0050,33.72,no
2026-10-05T03:13:29.958946Z,KXETH15M-26OCT042315-15,0.0050,1.28,no
2026-10-05T03:13:29.960827Z,KXETH15M-26OCT042315-15,0.0050,6.00,no
2026-10-05T03:13:29.970021Z,KXETH15M-26OCT042315-15,0.0050,8.00,no
2026-10-05T03:13:29.983104Z,KXETH15M-26OCT042315-15,0.0050,5.00,no
2026-10-05T03:13:29.983104Z,KXETH15M-26OCT042315-15,0.0050,12.00,no
2026-10-05T03:13:29.983104Z,KXETH15M-26OCT042315-15,0.0050,11.00,no
2026-10-05T03:13:29.983104Z,KXETH15M-26OCT042315-15,0.0050,84.72,no
2026-10-05T03:13:30.004567Z,KXETH15M-26OCT042315-15,0.0050,12.00,no
2026-10-05T03:13:30.318929Z,KXETH15M-26OCT042315-15,0.0040,4.00,no
2026-10-05T03:13:30.329708Z,KXETH15M-26OCT042315-15,0.0040,1.00,no
2026-10-05T03:13:30.33561Z,KXETH15M-26OCT042315-15,0.0040,1.00,no
2026-10-05T03:13:30.354046Z,KXETH15M-26OCT042315-15,0.0040,55.58,no
2026-10-05T03:13:30.375988Z,KXETH15M-26OCT042315-15,0.0060,20.00,yes
2026-10-05T03:13:30.375988Z,KXETH15M-26OCT042315-15,0.0060,1.00,yes
2026-10-05T03:13:30.375988Z,KXETH15M-26OCT042315-15,0.0060,6.00,yes
2026-10-05T03:13:30.375988Z,KXETH15M-26OCT042315-15,0.0060,8.00,yes
2026-10-05T03:13:30.375988Z,KXETH15M-26OCT042315-15,0.0060,0.03,yes
2026-10-05T03:13:30.375988Z,KXETH15M-26OCT042315-15,0.0060,1.28,yes
2026-10-05T03:13:30.375988Z,KXETH15M-26OCT042315-15,0.0060,23.78,yes
2026-10-05T03:13:30.375988Z,KXETH15M-26OCT042315-15,0.0050,1.00,yes
2026-10-05T03:13:30.375988Z,KXETH15M-26OCT042315-15,0.0050,2.00,yes
2026-10-05T03:13:30.375988Z,KXETH15M-26OCT042315-15,0.0050,45.00,yes
2026-10-05T03:13:30.381546Z,KXETH15M-26OCT042315-15,0.0040,6.00,no
2026-10-05T03:13:30.806403Z,KXETH15M-26OCT042315-15,0.0040,30.00,no
2026-10-05T03:13:30.814924Z,KXETH15M-26OCT042315-15,0.0050,0.10,yes
2026-10-05T03:13:31.182988Z,KXETH15M-26OCT042315-15,0.0040,100.40,no
2026-10-05T03:13:31.481208Z,KXETH15M-26OCT042315-15,0.0040,35.13,no
2026-10-05T03:13:31.694926Z,KXETH15M-26OCT042315-15,0.0040,331.89,no
2026-10-05T03:13:31.694926Z,KXETH15M-26OCT042315-15,0.0040,19.11,no
2026-10-05T03:13:31.998496Z,KXETH15M-26OCT042315-15,0.0040,36.59,no
2026-10-05T03:13:32.133161Z,KXETH15M-26OCT042315-15,0.0050,3.00,yes
2026-10-05T03:13:32.133161Z,KXETH15M-26OCT042315-15,0.0050,36.59,yes
2026-10-05T03:13:32.133161Z,KXETH15M-26OCT042315-15,0.0060,28.29,yes
2026-10-05T03:13:32.133161Z,KXETH15M-26OCT042315-15,0.0050,43.00,yes
2026-10-05T03:13:32.133161Z,KXETH15M-26OCT042315-15,0.0050,19.11,yes
2026-10-05T03:13:32.133161Z,KXETH15M-26OCT042315-15,0.0050,0.03,yes
2026-10-05T03:13:32.133161Z,KXETH15M-26OCT042315-15,0.0050,20.00,yes
2026-10-05T03:13:32.133161Z,KXETH15M-26OCT042315-15,0.0050,19.90,yes
2026-10-05T03:13:33.281947Z,KXETH15M-26OCT042315-15,0.0050,1.00,yes
2026-10-05T03:13:33.281947Z,KXETH15M-26OCT042315-15,0.0050,0.03,yes
2026-10-05T03:13:33.281947Z,KXETH15M-26OCT042315-15,0.0050,20.00,yes
2026-10-05T03:13:33.281947Z,KXETH15M-26OCT042315-15,0.0050,28.00,yes
2026-10-05T03:13:33.281947Z,KXETH15M-26OCT042315-15,0.0060,1.43,yes
2026-10-05T03:13:34.144032Z,KXETH15M-26OCT042315-15,0.0040,1.98,no
2026-10-05T03:13:34.384784Z,KXETH15M-26OCT042315-15,0.0040,1.00,no
2026-10-05T03:13:34.590507Z,KXETH15M-26OCT042315-15,0.0040,36.70,no
2026-10-05T03:13:35.132367Z,KXETH15M-26OCT042315-15,0.0040,10.00,no
2026-10-05T03:13:35.132367Z,KXETH15M-26OCT042315-15,0.0040,37.62,no
2026-10-05T03:13:35.132367Z,KXETH15M-26OCT042315-15,0.0040,97.00,no
2026-10-05T03:13:35.132367Z,KXETH15M-26OCT042315-15,0.0040,13.00,no
2026-10-05T03:13:35.132367Z,KXETH15M-26OCT042315-15,0.0040,4.62,no
2026-10-05T03:13:35.132367Z,KXETH15M-26OCT042315-15,0.0040,1.00,no
2026-10-05T03:13:35.132367Z,KXETH15M-26OCT042315-15,0.0040,1.00,no
2026-10-05T03:13:35.132367Z,KXETH15M-26OCT042315-15,0.0040,1.00,no
2026-10-05T03:13:35.132367Z,KXETH15M-26OCT042315-15,0.0040,1.00,no
2026-10-05T03:13:35.132367Z,KXETH15M-26OCT042315-15,0.0040,1.00,no
2026-10-05T03:13:36.37299Z,KXETH15M-26OCT042315-15,0.0050,4.51,yes
2026-10-05T03:13:36.967887Z,KXETH15M-26OCT042315-15,0.0040,10.00,no
2026-10-05T03:13:36.967887Z,KXETH15M-26OCT042315-15,0.0040,20.00,no
2026-10-05T03:13:36.967887Z,KXETH15M-26OCT042315-15,0.0030,59.00,no
2026-10-05T03:13:37.409923Z,KXETH15M-26OCT042315-15,0.0040,16.13,yes
2026-10-05T03:13:37.409923Z,KXETH15M-26OCT042315-15,0.0040,24.00,yes
2026-10-05T03:13:37.629551Z,KXETH15M-26OCT042315-15,0.0040,18.00,yes
2026-10-05T03:13:37.629551Z,KXETH15M-26OCT042315-15,0.0040,16.88,yes
2026-10-05T03:13:37.629551Z,KXETH15M-26OCT042315-15,0.0040,32.00,yes
2026-10-05T03:13:37.629551Z,KXETH15M-26OCT042315-15,0.0040,42.00,yes
2026-10-05T03:13:37.629551Z,KXETH15M-26OCT042315-15,0.0040,63.87,yes
2026-10-05T03:13:38.887896Z,KXETH15M-26OCT042315-15,0.0030,49.13,no
2026-10-05T03:13:39.243953Z,KXETH15M-26OCT042315-15,0.0030,4.02,no
2026-10-05T03:13:39.299429Z,KXETH15M-26OCT042315-15,0.0030,46.85,no
2026-10-05T03:13:39.299429Z,KXETH15M-26OCT042315-15,0.0030,153.15,no
2026-10-05T03:13:39.454075Z,KXETH15M-26OCT042315-15,0.0030,96.85,no
2026-10-05T03:13:39.454075Z,KXETH15M-26OCT042315-15,0.0030,18.00,no
2026-10-05T03:13:39.454075Z,KXETH15M-26OCT042315-15,0.0030,2.00,no
2026-10-05T03:13:39.454075Z,KXETH15M-26OCT042315-15,0.0030,1.66,no
2026-10-05T03:13:40.124707Z,KXETH15M-26OCT042315-15,0.0030,1.00,no
2026-10-05T03:13:40.124707Z,KXETH15M-26OCT042315-15,0.0030,12.66,no
2026-10-05T03:13:40.124707Z,KXETH15M-26OCT042315-15,0.0030,2.00,no
2026-10-05T03:13:40.124707Z,KXETH15M-26OCT042315-15,0.0030,2.00,no
2026-10-05T03:13:40.124707Z,KXETH15M-26OCT042315-15,0.0030,0.34,no
2026-10-05T03:13:40.124707Z,KXETH15M-26OCT042315-15,0.0030,2.00,no
2026-10-05T03:13:41.093308Z,KXETH15M-26OCT042315-15,0.0030,71.34,no
2026-10-05T03:13:41.093308Z,KXETH15M-26OCT042315-15,0.0030,20.00,no
2026-10-05T03:13:41.093308Z,KXETH15M-26OCT042315-15,0.0030,61.00,no
2026-10-05T03:13:41.093308Z,KXETH15M-26OCT042315-15,0.0030,17.00,no
2026-10-05T03:13:41.093308Z,KXETH15M-26OCT042315-15,0.0030,250.00,no
2026-10-05T03:13:41.093308Z,KXETH15M-26OCT042315-15,0.0020,1066.66,no
2026-10-05T03:13:41.116148Z,KXETH15M-26OCT042315-15,0.0020,641.00,no
2026-10-05T03:13:41.422844Z,KXETH15M-26OCT042315-15,0.0030,10.02,no
2026-10-05T03:13:42.519182Z,KXETH15M-26OCT042315-15,0.0040,1.16,yes
2026-10-05T03:13:43.054473Z,KXETH15M-26OCT042315-15,0.0040,47.00,yes
2026-10-05T03:13:43.054473Z,KXETH15M-26OCT042315-15,0.0050,313.01,yes
2026-10-05T03:13:43.054473Z,KXETH15M-26OCT042315-15,0.0040,250.00,yes
2026-10-05T03:13:43.054473Z,KXETH15M-26OCT042315-15,0.0040,20.00,yes
2026-10-05T03:13:43.054473Z,KXETH15M-26OCT042315-15,0.0040,3.00,yes
2026-10-05T03:13:43.054473Z,KXETH15M-26OCT042315-15,0.0050,15.49,yes
2026-10-05T03:13:43.054473Z,KXETH15M-26OCT042315-15,0.0050,0.03,yes
2026-10-05T03:13:43.054473Z,KXETH15M-26OCT042315-15,0.0040,20.00,yes
2026-10-05T03:13:43.054473Z,KXETH15M-26OCT042315-15,0.0050,4.62,yes
2026-10-05T03:13:43.054473Z,KXETH15M-26OCT042315-15,0.0050,36.70,yes
2026-10-05T03:13:43.054473Z,KXETH15M-26OCT042315-15,0.0050,1.00,yes
2026-10-05T03:13:43.054473Z,KXETH15M-26OCT042315-15,0.0050,1.98,yes
2026-10-05T03:13:43.054473Z,KXETH15M-26OCT042315-15,0.0040,49.96,yes
2026-10-05T03:13:43.054473Z,KXETH15M-26OCT042315-15,0.0040,38.00,yes
2026-10-05T03:13:43.054473Z,KXETH15M-26OCT042315-15,0.0040,0.04,yes
2026-10-05T03:13:43.054473Z,KXETH15M-26OCT042315-15,0.0050,3.00,yes
2026-10-05T03:13:43.054473Z,KXETH15M-26OCT042315-15,0.0040,46.85,yes
2026-10-05T03:13:43.054473Z,KXETH15M-26OCT042315-15,0.0040,4.02,yes
2026-10-05T03:13:43.054473Z,KXETH15M-26OCT042315-15,0.0040,153.15,yes
2026-10-05T03:13:43.054473Z,KXETH15M-26OCT042315-15,0.0040,96.85,yes
2026-10-05T03:13:43.054473Z,KXETH15M-26OCT042315-15,0.0040,49.13,yes
2026-10-05T03:13:43.054473Z,KXETH15M-26OCT042315-15,0.0040,25.00,yes
2026-10-05T03:13:43.655806Z,KXETH15M-26OCT042315-15,0.0030,17.00,no
2026-10-05T03:13:43.655806Z,KXETH15M-26OCT042315-15,0.0030,10.98,no
2026-10-05T03:13:43.655806Z,KXETH15M-26OCT042315-15,0.0030,47.00,no
2026-10-05T03:13:43.655806Z,KXETH15M-26OCT042315-15,0.0030,20.00,no
2026-10-05T03:13:43.655806Z,KXETH15M-26OCT042315-15,0.0020,29.93,no
2026-10-05T03:13:44.142221Z,KXETH15M-26OCT042315-15,0.0030,0.04,yes
2026-10-05T03:13:44.142221Z,KXETH15M-26OCT042315-15,0.0030,28.00,yes
2026-10-05T03:13:44.142221Z,KXETH15M-26OCT042315-15,0.0040,19.96,yes
2026-10-05T03:13:45.079518Z,KXETH15M-26OCT042315-15,0.0020,61.24,no
2026-10-05T03:13:45.111525Z,KXETH15M-26OCT042315-15,0.0040,0.04,yes
2026-10-05T03:13:45.111525Z,KXETH15M-26OCT042315-15,0.0040,0.04,yes
2026-10-05T03:13:45.111525Z,KXETH15M-26OCT042315-15,0.0040,38.00,yes
2026-10-05T03:13:45.111525Z,KXETH15M-26OCT042315-15,0.0040,5.00,yes
2026-10-05T03:13:45.111525Z,KXETH15M-26OCT042315-15,0.0040,29.87,yes
2026-10-05T03:13:45.111525Z,KXETH15M-26OCT042315-15,0.0030,17.00,yes
2026-10-05T03:13:45.111525Z,KXETH15M-26OCT042315-15,0.0040,3.00,yes
2026-10-05T03:13:45.79508Z,KXETH15M-26OCT042315-15,0.0020,35.06,no
2026-10-05T03:13:46.319772Z,KXETH15M-26OCT042315-15,0.0020,506.13,no
2026-10-05T03:13:46.764569Z,KXETH15M-26OCT042315-15,0.0020,5.00,no
2026-10-05T03:13:46.764569Z,KXETH15M-26OCT042315-15,0.0020,98.00,no
2026-10-05T03:13:46.764569Z,KXETH15M-26OCT042315-15,0.0020,15.00,no
2026-10-05T03:13:46.764569Z,KXETH15M-26OCT042315-15,0.0020,7.00,no
2026-10-05T03:13:46.764569Z,KXETH15M-26OCT042315-15,0.0020,2500.00,no
2026-10-05T03:13:46.764569Z,KXETH15M-26OCT042315-15,0.0020,3.00,no
2026-10-05T03:13:46.764569Z,KXETH15M-26OCT042315-15,0.0020,3.00,no
2026-10-05T03:13:46.764569Z,KXETH15M-26OCT042315-15,0.0020,3.00,no
2026-10-05T03:13:46.764569Z,KXETH15M-26OCT042315-15,0.0020,3.00,no
2026-10-05T03:13:46.764569Z,KXETH15M-26OCT042315-15,0.0020,3.00,no
2026-10-05T03:13:46.764569Z,KXETH15M-26OCT042315-15,0.0020,100.00,no
2026-10-05T03:13:46.764569Z,KXETH15M-26OCT042315-15,0.0020,500.00,no
2026-10-05T03:13:46.764569Z,KXETH15M-26OCT042315-15,0.0020,26.00,no
2026-10-05T03:13:46.764569Z,KXETH15M-26OCT042315-15,0.0020,659.98,no
2026-10-05T03:13:46.764569Z,KXETH15M-26OCT042315-15,0.0020,100.00,no
2026-10-05T03:13:47.457127Z,KXETH15M-26OCT042315-15,0.0020,60.21,yes
2026-10-05T03:13:47.70482Z,KXETH15M-26OCT042315-15,0.0010,1.02,no
2026-10-05T03:13:48.126872Z,KXETH15M-26OCT042315-15,0.0020,42.73,yes
2026-10-05T03:13:48.170649Z,KXETH15M-26OCT042315-15,0.0010,58.35,no
2026-10-05T03:13:48.340379Z,KXETH15M-26OCT042315-15,0.0010,20.00,no
2026-10-05T03:13:48.517094Z,KXETH15M-26OCT042315-15,0.0010,53.00,no
2026-10-05T03:13:48.522237Z,KXETH15M-26OCT042315-15,0.0020,10.32,yes
2026-10-05T03:13:49.285479Z,KXETH15M-26OCT042315-15,0.0010,4.37,no
2026-10-05T03:13:49.422438Z,KXETH15M-26OCT042315-15,0.0020,1.00,yes
2026-10-05T03:13:49.699956Z,KXETH15M-26OCT042315-15,0.0020,5.55,yes
2026-10-05T03:13:51.757399Z,KXETH15M-26OCT042315-15,0.0010,180.16,no
2026-10-05T03:13:52.545641Z,KXETH15M-26OCT042315-15,0.0020,36.70,yes
2026-10-05T03:13:54.052567Z,KXETH15M-26OCT042315-15,0.0010,205.93,no
2026-10-05T03:13:54.39551Z,KXETH15M-26OCT042315-15,0.0010,165.95,no
2026-10-05T03:13:54.51295Z,KXETH15M-26OCT042315-15,0.0010,400.00,no
2026-10-05T03:13:55.159678Z,KXETH15M-26OCT042315-15,0.0020,4.59,yes
2026-10-05T03:13:56.582511Z,KXETH15M-26OCT042315-15,0.0020,18.34,yes
2026-10-05T03:13:57.024518Z,KXETH15M-26OCT042315-15,0.0020,448.66,yes
2026-10-05T03:13:57.314875Z,KXETH15M-26OCT042315-15,0.0020,495.00,yes
2026-10-05T03:13:57.796178Z,KXETH15M-26OCT042315-15,0.0010,100.00,no
2026-10-05T03:13:58.099951Z,KXETH15M-26OCT042315-15,0.0020,200.92,yes
2026-10-05T03:13:58.099951Z,KXETH15M-26OCT042315-15,0.0020,114.09,yes
2026-10-05T03:13:58.099951Z,KXETH15M-26OCT042315-15,0.0020,143.00,yes
2026-10-05T03:13:59.0353Z,KXETH15M-26OCT042315-15,0.0010,650.00,no
2026-10-05T03:13:59.357915Z,KXETH15M-26OCT042315-15,0.0010,50.00,no
2026-10-05T03:13:59.574129Z,KXETH15M-26OCT042315-15,0.0010,11.00,no
2026-10-05T03:13:59.625553Z,KXETH15M-26OCT042315-15,0.0010,1194.11,no
2026-10-05T03:14:00.125505Z,KXETH15M-26OCT042315-15,0.0010,1.00,no
2026-10-05T03:14:00.161453Z,KXETH15M-26OCT042315-15,0.0010,2.00,no
2026-10-05T03:14:00.454859Z,KXETH15M-26OCT042315-15,0.0010,33.00,no
2026-10-05T03:14:00.569775Z,KXETH15M-26OCT042315-15,0.0010,0.29,no
2026-10-05T03:14:00.714931Z,KXETH15M-26OCT042315-15,0.0010,1622.00,no
2026-10-05T03:14:00.901942Z,KXETH15M-26OCT042315-15,0.0010,400.00,no
2026-10-05T03:14:01.014779Z,KXETH15M-26OCT042315-15,0.0010,1627.08,no
2026-10-05T03:14:01.036783Z,KXETH15M-26OCT042315-15,0.0010,580.00,no
2026-10-05T03:14:01.327786Z,KXETH15M-26OCT042315-15,0.0010,1.00,no
2026-10-05T03:14:01.690458Z,KXETH15M-26OCT042315-15,0.0010,1001.00,no
2026-10-05T03:14:02.526455Z,KXETH15M-26OCT042315-15,0.0020,52.15,yes
2026-10-05T03:14:02.567259Z,KXETH15M-26OCT042315-15,0.0010,36.66,no
2026-10-05T03:14:03.782832Z,KXETH15M-26OCT042315-15,0.0010,13.22,no
2026-10-05T03:14:04.184983Z,KXETH15M-26OCT042315-15,0.0020,25.29,yes
2026-10-05T03:14:04.215034Z,KXETH15M-26OCT042315-15,0.0010,200.00,no
2026-10-05T03:14:04.249459Z,KXETH15M-26OCT042315-15,0.0020,308.47,yes
2026-10-05T03:14:04.249459Z,KXETH15M-26OCT042315-15,0.0020,30.07,yes
2026-10-05T03:14:04.409025Z,KXETH15M-26OCT042315-15,0.0010,768.86,no
2026-10-05T03:14:04.759889Z,KXETH15M-26OCT042315-15,0.0020,1000.00,yes
2026-10-05T03:14:04.780086Z,KXETH15M-26OCT042315-15,0.0020,0.01,yes
2026-10-05T03:14:04.780086Z,KXETH15M-26OCT042315-15,0.0020,768.86,yes
2026-10-05T03:14:04.780086Z,KXETH15M-26OCT042315-15,0.0020,200.00,yes
2026-10-05T03:14:04.780086Z,KXETH15M-26OCT042315-15,0.0020,8000.00,yes
2026-10-05T03:14:04.780086Z,KXETH15M-26OCT042315-15,0.0020,13.22,yes
2026-10-05T03:14:04.780086Z,KXETH15M-26OCT042315-15,0.0020,36.66,yes
2026-10-05T03:14:04.780086Z,KXETH15M-26OCT042315-15,0.0020,3.00,yes
2026-10-05T03:14:04.780086Z,KXETH15M-26OCT042315-15,0.0020,580.00,yes
2026-10-05T03:14:04.780086Z,KXETH15M-26OCT042315-15,0.0020,1001.00,yes
2026-10-05T03:14:04.780086Z,KXETH15M-26OCT042315-15,0.0020,1.00,yes
2026-10-05T03:14:04.780086Z,KXETH15M-26OCT042315-15,0.0020,1627.08,yes
2026-10-05T03:14:04.780086Z,KXETH15M-26OCT042315-15,0.0020,400.00,yes
2026-10-05T03:14:04.780086Z,KXETH15M-26OCT042315-15,0.0020,2.00,yes
2026-10-05T03:14:04.780086Z,KXETH15M-26OCT042315-15,0.0020,1.00,yes
2026-10-05T03:14:04.780086Z,KXETH15M-26OCT042315-15,0.0020,100.00,yes
2026-10-05T03:14:04.780086Z,KXETH15M-26OCT042315-15,0.0020,134.00,yes
2026-10-05T03:14:04.780086Z,KXETH15M-26OCT042315-15,0.0020,0.29,yes
2026-10-05T03:14:04.780086Z,KXETH15M-26OCT042315-15,0.0020,33.00,yes
2026-10-05T03:14:04.780086Z,KXETH15M-26OCT042315-15,0.0020,1622.00,yes
2026-10-05T03:14:04.780086Z,KXETH15M-26OCT042315-15,0.0020,1194.11,yes
2026-10-05T03:14:04.780086Z,KXETH15M-26OCT042315-15,0.0020,650.00,yes
2026-10-05T03:14:04.780086Z,KXETH15M-26OCT042315-15,0.0020,11.00,yes
2026-10-05T03:14:04.780086Z,KXETH15M-26OCT042315-15,0.0020,50.00,yes
2026-10-05T03:14:04.780086Z,KXETH15M-26OCT042315-15,0.0020,100.00,yes
2026-10-05T03:14:04.780086Z,KXETH15M-26OCT042315-15,0.0020,3.00,yes
2026-10-05T03:14:04.780086Z,KXETH15M-26OCT042315-15,0.0020,205.93,yes
2026-10-05T03:14:04.780086Z,KXETH15M-26OCT042315-15,0.0020,400.00,yes
2026-10-05T03:14:04.780086Z,KXETH15M-26OCT042315-15,0.0020,165.95,yes
2026-10-05T03:14:04.780086Z,KXETH15M-26OCT042315-15,0.0020,3.00,yes
2026-10-05T03:14:04.780086Z,KXETH15M-26OCT042315-15,0.0020,180.16,yes
2026-10-05T03:14:04.780086Z,KXETH15M-26OCT042315-15,0.0020,4.37,yes
2026-10-05T03:14:04.780086Z,KXETH15M-26OCT042315-15,0.0020,58.35,yes
2026-10-05T03:14:04.780086Z,KXETH15M-26OCT042315-15,0.0020,3.00,yes
2026-10-05T03:14:04.780086Z,KXETH15M-26OCT042315-15,0.0020,53.00,yes
2026-10-05T03:14:04.780086Z,KXETH15M-26OCT042315-15,0.0020,20.00,yes
2026-10-05T03:14:04.780086Z,KXETH15M-26OCT042315-15,0.0020,0.05,yes
2026-10-05T03:14:04.780086Z,KXETH15M-26OCT042315-15,0.0030,2.00,yes
2026-10-05T03:14:04.780086Z,KXETH15M-26OCT042315-15,0.0020,1.02,yes
2026-10-05T03:14:04.780086Z,KXETH15M-26OCT042315-15,0.0030,100.00,yes
2026-10-05T03:14:04.780086Z,KXETH15M-26OCT042315-15,0.0020,1469.93,yes
2026-10-05T03:14:04.780086Z,KXETH15M-26OCT042315-15,0.0030,0.04,yes
2026-10-05T03:14:04.787206Z,KXETH15M-26OCT042315-15,0.0060,0.03,yes
2026-10-05T03:14:04.787206Z,KXETH15M-26OCT042315-15,0.0060,31.22,yes
2026-10-05T03:14:04.787206Z,KXETH15M-26OCT042315-15,0.0050,53.00,yes
2026-10-05T03:14:04.787206Z,KXETH15M-26OCT042315-15,0.0050,175.00,yes
2026-10-05T03:14:04.787206Z,KXETH15M-26OCT042315-15,0.0050,3500.00,yes
2026-10-05T03:14:04.787206Z,KXETH15M-26OCT042315-15,0.0050,659.98,yes
2026-10-05T03:14:04.787206Z,KXETH15M-26OCT042315-15,0.0050,632.36,yes
2026-10-05T03:14:04.787206Z,KXETH15M-26OCT042315-15,0.0040,0.04,yes
2026-10-05T03:14:04.787206Z,KXETH15M-26OCT042315-15,0.0050,0.04,yes
2026-10-05T03:14:04.787206Z,KXETH15M-26OCT042315-15,0.0050,2227.00,yes
2026-10-05T03:14:04.787206Z,KXETH15M-26OCT042315-15,0.0050,753.65,yes
2026-10-05T03:14:04.787206Z,KXETH15M-26OCT042315-15,0.0050,960.00,yes
2026-10-05T03:14:04.787206Z,KXETH15M-26OCT042315-15,0.0050,641.00,yes
2026-10-05T03:14:04.790113Z,KXETH15M-26OCT042315-15,0.0070,10.00,yes
2026-10-05T03:14:04.790113Z,KXETH15M-26OCT042315-15,0.0070,4.00,yes
2026-10-05T03:14:04.790113Z,KXETH15M-26OCT042315-15,0.0070,3.00,yes
2026-10-05T03:14:04.790113Z,KXETH15M-26OCT042315-15,0.0070,50.00,yes
2026-10-05T03:14:04.790113Z,KXETH15M-26OCT042315-15,0.0070,8.40,yes
2026-10-05T03:14:04.790113Z,KXETH15M-26OCT042315-15,0.0070,0.03,yes
2026-10-05T03:14:04.790113Z,KXETH15M-26OCT042315-15,0.0070,21.40,yes
2026-10-05T03:14:04.796299Z,KXETH15M-26OCT042315-15,0.0100,10.00,yes
2026-10-05T03:14:04.796299Z,KXETH15M-26OCT042315-15,0.0090,59.00,yes
2026-10-05T03:14:04.796299Z,KXETH15M-26OCT042315-15,0.0160,100.40,yes
2026-10-05T03:14:04.796299Z,KXETH15M-26OCT042315-15,0.0080,4.00,yes
2026-10-05T03:14:04.796299Z,KXETH15M-26OCT042315-15,0.0160,311.92,yes
2026-10-05T03:14:04.796299Z,KXETH15M-26OCT042315-15,0.0160,35.13,yes
2026-10-05T03:14:04.796299Z,KXETH15M-26OCT042315-15,0.0090,99.00,yes
2026-10-05T03:14:04.796299Z,KXETH15M-26OCT042315-15,0.0160,1.00,yes
2026-10-05T03:14:04.796299Z,KXETH15M-26OCT042315-15,0.0160,4.00,yes
2026-10-05T03:14:04.796299Z,KXETH15M-26OCT042315-15,0.0160,1.00,yes
2026-10-05T03:14:04.796299Z,KXETH15M-26OCT042315-15,0.0160,30.00,yes
2026-10-05T03:14:04.796299Z,KXETH15M-26OCT042315-15,0.0160,6.00,yes
2026-10-05T03:14:04.796299Z,KXETH15M-26OCT042315-15,0.0160,55.58,yes
2026-10-05T03:14:04.796299Z,KXETH15M-26OCT042315-15,0.0100,1.00,yes
2026-10-05T03:14:04.796299Z,KXETH15M-26OCT042315-15,0.0090,1.00,yes
2026-10-05T03:14:04.796299Z,KXETH15M-26OCT042315-15,0.0080,4.00,yes
2026-10-05T03:14:04.796299Z,KXETH15M-26OCT042315-15,0.0090,4.00,yes
2026-10-05T03:14:04.796299Z,KXETH15M-26OCT042315-15,0.0090,0.03,yes
2026-10-05T03:14:04.796299Z,KXETH15M-26OCT042315-15,0.0080,0.03,yes
2026-10-05T03:14:04.796299Z,KXETH15M-26OCT042315-15,0.0090,4.00,yes
2026-10-05T03:14:04.796299Z,KXETH15M-26OCT042315-15,0.0100,4.00,yes
2026-10-05T03:14:04.796299Z,KXETH15M-26OCT042315-15,0.0100,25.00,yes
2026-10-05T03:14:04.796299Z,KXETH15M-26OCT042315-15,0.0100,0.03,yes
2026-10-05T03:14:04.796299Z,KXETH15M-26OCT042315-15,0.0110,56.49,yes
2026-10-05T03:14:04.796299Z,KXETH15M-26OCT042315-15,0.0110,27.00,yes
2026-10-05T03:14:04.796299Z,KXETH15M-26OCT042315-15,0.0110,16.51,yes
2026-10-05T03:14:04.796299Z,KXETH15M-26OCT042315-15,0.0110,3.00,yes
2026-10-05T03:14:04.796299Z,KXETH15M-26OCT042315-15,0.0150,9.00,yes
2026-10-05T03:14:04.796299Z,KXETH15M-26OCT042315-15,0.0110,0.02,yes
2026-10-05T03:14:04.796299Z,KXETH15M-26OCT042315-15,0.0120,0.02,yes
2026-10-05T03:14:04.796299Z,KXETH15M-26OCT042315-15,0.0100,6.90,yes
2026-10-05T03:14:04.796299Z,KXETH15M-26OCT042315-15,0.0160,0.03,yes
2026-10-05T03:14:04.796299Z,KXETH15M-26OCT042315-15,0.0140,1.00,yes
2026-10-05T03:14:04.796299Z,KXETH15M-26OCT042315-15,0.0130,0.02,yes
2026-10-05T03:14:04.796299Z,KXETH15M-26OCT042315-15,0.0140,0.02,yes
2026-10-05T03:14:04.796299Z,KXETH15M-26OCT042315-15,0.0150,0.03,yes
2026-10-05T03:14:04.796299Z,KXETH15M-26OCT042315-15,0.0100,25.00,yes
2026-10-05T03:14:04.796299Z,KXETH15M-26OCT042315-15,0.0080,20.00,yes
2026-10-05T03:14:04.796299Z,KXETH15M-26OCT042315-15,0.0080,100.00,yes
2026-10-05T03:14:04.796299Z,KXETH15M-26OCT042315-15,0.0070,20.00,yes
2026-10-05T03:14:04.796299Z,KXETH15M-26OCT042315-15,0.0100,10.00,yes
2026-10-05T03:14:04.796299Z,KXETH15M-26OCT042315-15,0.0100,20.00,yes
2026-10-05T03:14:04.796299Z,KXETH15M-26OCT042315-15,0.0100,15.00,yes
2026-10-05T03:14:04.796299Z,KXETH15M-26OCT042315-15,0.0100,10.00,yes
2026-10-05T03:14:04.796299Z,KXETH15M-26OCT042315-15,0.0100,8.00,yes
2026-10-05T03:14:04.796299Z,KXETH15M-26OCT042315-15,0.0110,10.05,yes
2026-10-05T03:14:04.796299Z,KXETH15M-26OCT042315-15,0.0100,100.00,yes
2026-10-05T03:14:04.796299Z,KXETH15M-26OCT042315-15,0.0100,10.00,yes
2026-10-05T03:14:04.796299Z,KXETH15M-26OCT042315-15,0.0080,22.00,yes
2026-10-05T03:14:04.796299Z,KXETH15M-26OCT042315-15,0.0150,20.00,yes
2026-10-05T03:14:04.796299Z,KXETH15M-26OCT042315-15,0.0100,500.00,yes
2026-10-05T03:14:04.796299Z,KXETH15M-26OCT042315-15,0.0100,60.00,yes
2026-10-05T03:14:04.798739Z,KXETH15M-26OCT042315-15,0.0160,19.97,yes
2026-10-05T03:14:04.798739Z,KXETH15M-26OCT042315-15,0.0180,0.04,yes
2026-10-05T03:14:04.798739Z,KXETH15M-26OCT042315-15,0.0170,0.03,yes
2026-10-05T03:14:04.798739Z,KXETH15M-26OCT042315-15,0.0180,30.00,yes
2026-10-05T03:14:04.81597Z,KXETH15M-26OCT042315-15,0.0220,31.00,yes
2026-10-05T03:14:04.81597Z,KXETH15M-26OCT042315-15,0.0220,0.06,yes
2026-10-05T03:14:04.81597Z,KXETH15M-26OCT042315-15,0.0220,39.00,yes
2026-10-05T03:14:04.81597Z,KXETH15M-26OCT042315-15,0.0190,0.02,yes
2026-10-05T03:14:04.81597Z,KXETH15M-26OCT042315-15,0.0200,0.02,yes
2026-10-05T03:14:04.81597Z,KXETH15M-26OCT042315-15,0.0220,0.02,yes
2026-10-05T03:14:04.81597Z,KXETH15M-26OCT042315-15,0.0210,0.02,yes
2026-10-05T03:14:04.81597Z,KXETH15M-26OCT042315-15,0.0200,9.00,yes
2026-10-05T03:14:04.81597Z,KXETH15M-26OCT042315-15,0.0210,55.00,yes
2026-10-05T03:14:04.81597Z,KXETH15M-26OCT042315-15,0.0210,40.00,yes
2026-10-05T03:14:04.81597Z,KXETH15M-26OCT042315-15,0.0120,4.00,yes
2026-10-05T03:14:04.81597Z,KXETH15M-26OCT042315-15,0.0210,45.00,yes
2026-10-05T03:14:04.81597Z,KXETH15M-26OCT042315-15,0.0110,4.00,yes
2026-10-05T03:14:04.81597Z,KXETH15M-26OCT042315-15,0.0120,4.00,yes
2026-10-05T03:14:04.81597Z,KXETH15M-26OCT042315-15,0.0210,40.00,yes
2026-10-05T03:14:04.81597Z,KXETH15M-26OCT042315-15,0.0210,40.00,yes
2026-10-05T03:14:04.81597Z,KXETH15M-26OCT042315-15,0.0130,4.00,yes
2026-10-05T03:14:04.81597Z,KXETH15M-26OCT042315-15,0.0180,20.00,yes
2026-10-05T03:14:04.81597Z,KXETH15M-26OCT042315-15,0.0210,40.00,yes
2026-10-05T03:14:04.81597Z,KXETH15M-26OCT042315-15,0.0210,40.00,yes
2026-10-05T03:14:04.81597Z,KXETH15M-26OCT042315-15,0.0210,35.00,yes
2026-10-05T03:14:04.81597Z,KXETH15M-26OCT042315-15,0.0200,15.00,yes
2026-10-05T03:14:04.81597Z,KXETH15M-26OCT042315-15,0.0200,15.00,yes
2026-10-05T03:14:04.81597Z,KXETH15M-26OCT042315-15,0.0210,45.00,yes
2026-10-05T03:14:04.81597Z,KXETH15M-26OCT042315-15,0.0210,30.00,yes
2026-10-05T03:14:04.81597Z,KXETH15M-26OCT042315-15,0.0210,1.00,yes
2026-10-05T03:14:04.81597Z,KXETH15M-26OCT042315-15,0.0210,1.00,yes
2026-10-05T03:14:04.816282Z,KXETH15M-26OCT042315-15,0.0220,11.00,yes
2026-10-05T03:14:04.816282Z,KXETH15M-26OCT042315-15,0.0220,4.94,yes
2026-10-05T03:14:04.816282Z,KXETH15M-26OCT042315-15,0.0220,4.00,yes
2026-10-05T03:14:04.816282Z,KXETH15M-26OCT042315-15,0.0230,0.03,yes
2026-10-05T03:14:04.816282Z,KXETH15M-26OCT042315-15,0.0240,0.03,yes
2026-10-05T03:14:04.816282Z,KXETH15M-26OCT042315-15,0.0240,1.00,yes
2026-10-05T03:14:04.817351Z,KXETH15M-26OCT042315-15,0.0250,0.03,yes
2026-10-05T03:14:04.817351Z,KXETH15M-26OCT042315-15,0.0250,70.00,yes
2026-10-05T03:14:04.817351Z,KXETH15M-26OCT042315-15,0.0250,8.00,yes
2026-10-05T03:14:04.817351Z,KXETH15M-26OCT042315-15,0.0250,20.00,yes
2026-10-05T03:14:04.833343Z,KXETH15M-26OCT042315-15,0.0200,10.00,yes
2026-10-05T03:14:04.834421Z,KXETH15M-26OCT042315-15,0.0260,0.03,yes
2026-10-05T03:14:04.834421Z,KXETH15M-26OCT042315-15,0.0260,100.00,yes
2026-10-05T03:14:04.850728Z,KXETH15M-26OCT042315-15,0.0200,18.00,no
2026-10-05T03:14:04.851154Z,KXETH15M-26OCT042315-15,0.0200,10.11,no
2026-10-05T03:14:04.851916Z,KXETH15M-26OCT042315-15,0.0200,471.89,no
2026-10-05T03:14:04.851916Z,KXETH15M-26OCT042315-15,0.0120,28.11,no
2026-10-05T03:14:04.856764Z,KXETH15M-26OCT042315-15,0.0120,1.00,no
2026-10-05T03:14:04.878014Z,KXETH15M-26OCT042315-15,0.0130,138.00,no
2026-10-05T03:14:04.878014Z,KXETH15M-26OCT042315-15,0.0100,312.00,no
2026-10-05T03:14:04.90022Z,KXETH15M-26OCT042315-15,0.0130,4.00,yes
2026-10-05T03:14:04.90022Z,KXETH15M-26OCT042315-15,0.0130,226.00,yes
2026-10-05T03:14:04.903304Z,KXETH15M-26OCT042315-15,0.0150,4.00,yes
2026-10-05T03:14:04.903304Z,KXETH15M-26OCT042315-15,0.0200,5.00,yes
2026-10-05T03:14:04.903304Z,KXETH15M-26OCT042315-15,0.0140,52.00,yes
2026-10-05T03:14:04.903304Z,KXETH15M-26OCT042315-15,0.0130,51.00,yes
2026-10-05T03:14:04.903304Z,KXETH15M-26OCT042315-15,0.0160,4.00,yes
2026-10-05T03:14:04.903304Z,KXETH15M-26OCT042315-15,0.0170,4.00,yes
2026-10-05T03:14:04.903304Z,KXETH15M-26OCT042315-15,0.0150,4.00,yes
2026-10-05T03:14:04.903304Z,KXETH15M-26OCT042315-15,0.0200,50.13,yes
2026-10-05T03:14:04.903304Z,KXETH15M-26OCT042315-15,0.0120,78.00,yes
2026-10-05T03:14:04.907938Z,KXETH15M-26OCT042315-15,0.0270,0.04,yes
2026-10-05T03:14:04.935094Z,KXETH15M-26OCT042315-15,0.0300,1.00,yes
2026-10-05T03:14:04.935094Z,KXETH15M-26OCT042315-15,0.0280,0.04,yes
2026-10-05T03:14:04.935094Z,KXETH15M-26OCT042315-15,0.0310,0.07,yes
2026-10-05T03:14:04.935094Z,KXETH15M-26OCT042315-15,0.0290,0.05,yes
2026-10-05T03:14:04.935094Z,KXETH15M-26OCT042315-15,0.0300,0.06,yes
2026-10-05T03:14:04.935094Z,KXETH15M-26OCT042315-15,0.0350,9.00,yes
2026-10-05T03:14:04.935094Z,KXETH15M-26OCT042315-15,0.0340,1.00,yes
2026-10-05T03:14:04.935094Z,KXETH15M-26OCT042315-15,0.0330,0.02,yes
2026-10-05T03:14:04.935094Z,KXETH15M-26OCT042315-15,0.0340,0.02,yes
2026-10-05T03:14:04.935094Z,KXETH15M-26OCT042315-15,0.0320,0.02,yes
2026-10-05T03:14:04.935094Z,KXETH15M-26OCT042315-15,0.0410,0.03,yes
2026-10-05T03:14:04.935094Z,KXETH15M-26OCT042315-15,0.0400,0.03,yes
2026-10-05T03:14:04.935094Z,KXETH15M-26OCT042315-15,0.0360,0.02,yes
2026-10-05T03:14:04.935094Z,KXETH15M-26OCT042315-15,0.0350,0.02,yes
2026-10-05T03:14:04.935094Z,KXETH15M-26OCT042315-15,0.0370,0.02,yes
2026-10-05T03:14:04.935094Z,KXETH15M-26OCT042315-15,0.0380,0.02,yes
2026-10-05T03:14:04.935094Z,KXETH15M-26OCT042315-15,0.0390,0.03,yes
2026-10-05T03:14:04.935094Z,KXETH15M-26OCT042315-15,0.0300,169.92,yes
2026-10-05T03:14:04.935094Z,KXETH15M-26OCT042315-15,0.0410,10.00,yes
2026-10-05T03:14:04.935094Z,KXETH15M-26OCT042315-15,0.0410,40.00,yes
2026-10-05T03:14:04.935094Z,KXETH15M-26OCT042315-15,0.0310,40.00,yes
2026-10-05T03:14:04.935094Z,KXETH15M-26OCT042315-15,0.0340,8.00,yes
2026-10-05T03:14:04.935094Z,KXETH15M-26OCT042315-15,0.0360,8.00,yes
2026-10-05T03:14:04.935094Z,KXETH15M-26OCT042315-15,0.0350,8.00,yes
2026-10-05T03:14:04.935094Z,KXETH15M-26OCT042315-15,0.0310,19.00,yes
2026-10-05T03:14:04.935094Z,KXETH15M-26OCT042315-15,0.0310,45.00,yes
2026-10-05T03:14:04.935094Z,KXETH15M-26OCT042315-15,0.0400,20.00,yes
2026-10-05T03:14:04.935094Z,KXETH15M-26OCT042315-15,0.0310,10.00,yes
2026-10-05T03:14:04.935094Z,KXETH15M-26OCT042315-15,0.0410,25.00,yes
2026-10-05T03:14:04.935094Z,KXETH15M-26OCT042315-15,0.0310,10.00,yes
2026-10-05T03:14:04.935094Z,KXETH15M-26OCT042315-15,0.0310,15.00,yes
2026-10-05T03:14:04.935094Z,KXETH15M-26OCT042315-15,0.0310,40.00,yes
2026-10-05T03:14:04.935094Z,KXETH15M-26OCT042315-15,0.0410,100.00,yes
2026-10-05T03:14:04.935094Z,KXETH15M-26OCT042315-15,0.0310,25.00,yes
2026-10-05T03:14:04.935094Z,KXETH15M-26OCT042315-15,0.0310,5.00,yes
2026-10-05T03:14:04.935094Z,KXETH15M-26OCT042315-15,0.0310,10.00,yes
2026-10-05T03:14:04.935094Z,KXETH15M-26OCT042315-15,0.0410,40.00,yes
2026-10-05T03:14:04.935094Z,KXETH15M-26OCT042315-15,0.0410,25.00,yes
2026-10-05T03:14:04.935094Z,KXETH15M-26OCT042315-15,0.0410,25.00,yes
2026-10-05T03:14:04.935094Z,KXETH15M-26OCT042315-15,0.0310,25.00,yes
2026-10-05T03:14:04.935094Z,KXETH15M-26OCT042315-15,0.0410,10.00,yes
2026-10-05T03:14:04.935094Z,KXETH15M-26OCT042315-15,0.0300,18.00,yes
2026-10-05T03:14:04.935094Z,KXETH15M-26OCT042315-15,0.0310,22.00,yes
2026-10-05T03:14:04.935094Z,KXETH15M-26OCT042315-15,0.0300,20.00,yes
2026-10-05T03:14:04.935094Z,KXETH15M-26OCT042315-15,0.0410,10.00,yes
2026-10-05T03:14:04.962504Z,KXETH15M-26OCT042315-15,0.0320,177.00,no
2026-10-05T03:14:04.972762Z,KXETH15M-26OCT042315-15,0.0320,0.80,no
2026-10-05T03:14:04.976507Z,KXETH15M-26OCT042315-15,0.0320,0.50,no
2026-10-05T03:14:04.979747Z,KXETH15M-26OCT042315-15,0.0320,105.00,no
2026-10-05T03:14:05.020495Z,KXETH15M-26OCT042315-15,0.0320,82.00,no
2026-10-05T03:14:05.024867Z,KXETH15M-26OCT042315-15,0.0320,5.00,no
2026-10-05T03:14:05.031152Z,KXETH15M-26OCT042315-15,0.0320,5.00,no
2026-10-05T03:14:05.035362Z,KXETH15M-26OCT042315-15,0.0320,8.00,no
2026-10-05T03:14:05.066223Z,KXETH15M-26OCT042315-15,0.0210,50.00,no
2026-10-05T03:14:05.086514Z,KXETH15M-26OCT042315-15,0.0210,219.00,no
2026-10-05T03:14:05.08765Z,KXETH15M-26OCT042315-15,0.0210,231.00,no
2026-10-05T03:14:05.096571Z,KXETH15M-26OCT042315-15,0.0220,22.00,no
2026-10-05T03:14:05.13575Z,KXETH15M-26OCT042315-15,0.0100,100.00,no
2026-10-05T03:14:05.289426Z,KXETH15M-26OCT042315-15,0.0100,22.00,no
2026-10-05T03:14:05.289426Z,KXETH15M-26OCT042315-15,0.0100,88.00,no
2026-10-05T03:14:05.400318Z,KXETH15M-26OCT042315-15,0.0050,1.00,no
2026-10-05T03:14:05.400318Z,KXETH15M-26OCT042315-15,0.0050,4.00,no
2026-10-05T03:14:05.48286Z,KXETH15M-26OCT042315-15,0.0090,17.00,yes
2026-10-05T03:14:05.48286Z,KXETH15M-26OCT042315-15,0.0090,3.00,yes
2026-10-05T03:14:05.585854Z,KXETH15M-26OCT042315-15,0.0090,4.00,yes
2026-10-05T03:14:05.595447Z,KXETH15M-26OCT042315-15,0.0090,24.00,yes
2026-10-05T03:14:05.601498Z,KXETH15M-26OCT042315-15,0.0090,8.00,yes
2026-10-05T03:14:05.667371Z,KXETH15M-26OCT042315-15,0.0090,16.00,yes
2026-10-05T03:14:05.670315Z,KXETH15M-26OCT042315-15,0.0050,20.00,no
2026-10-05T03:14:05.670315Z,KXETH15M-26OCT042315-15,0.0020,7.00,no
2026-10-05T03:14:05.670315Z,KXETH15M-26OCT042315-15,0.0050,9.00,no
2026-10-05T03:14:05.670315Z,KXETH15M-26OCT042315-15,0.0050,56.00,no
2026-10-05T03:14:05.723045Z,KXETH15M-26OCT042315-15,0.0020,7.00,no
2026-10-05T03:14:05.723045Z,KXETH15M-26OCT042315-15,0.0020,15.00,no
2026-10-05T03:14:05.723045Z,KXETH15M-26OCT042315-15,0.0020,4.00,no
2026-10-05T03:14:05.723045Z,KXETH15M-26OCT042315-15,0.0040,4.00,no
2026-10-05T03:14:05.723045Z,KXETH15M-26OCT042315-15,0.0030,4.00,no
2026-10-05T03:14:05.786647Z,KXETH15M-26OCT042315-15,0.0080,32.00,yes
2026-10-05T03:14:05.788692Z,KXETH15M-26OCT042315-15,0.0050,12.00,no
2026-10-05T03:14:05.788692Z,KXETH15M-26OCT042315-15,0.0040,4.00,no
2026-10-05T03:14:05.788692Z,KXETH15M-26OCT042315-15,0.0040,43.00,no
2026-10-05T03:14:05.788692Z,KXETH15M-26OCT042315-15,0.0050,4.00,no
2026-10-05T03:14:05.79569Z,KXETH15M-26OCT042315-15,0.0080,8.00,yes
2026-10-05T03:14:06.066976Z,KXETH15M-26OCT042315-15,0.0080,8.00,yes
2026-10-05T03:14:06.086551Z,KXETH15M-26OCT042315-15,0.0080,23.00,yes
2026-10-05T03:14:06.281813Z,KXETH15M-26OCT042315-15,0.0090,60.00,yes
2026-10-05T03:14:07.000278Z,KXETH15M-26OCT042315-15,0.0090,5.00,yes
2026-10-05T03:14:07.081005Z,KXETH15M-26OCT042315-15,0.0050,4.10,no
2026-10-05T03:14:07.228304Z,KXETH15M-26OCT042315-15,0.0090,1.00,yes
2026-10-05T03:14:07.228304Z,KXETH15M-26OCT042315-15,0.0090,35.00,yes
2026-10-05T03:14:07.228304Z,KXETH15M-26OCT042315-15,0.0100,61.04,yes
2026-10-05T03:14:07.971922Z,KXETH15M-26OCT042315-15,0.0090,20.00,no
2026-10-05T03:14:08.259995Z,KXETH15M-26OCT042315-15,0.0090,2.01,no
2026-10-05T03:14:08.507266Z,KXETH15M-26OCT042315-15,0.0090,1.99,no
2026-10-05T03:14:08.507266Z,KXETH15M-26OCT042315-15,0.0090,8.01,no
2026-10-05T03:14:08.839121Z,KXETH15M-26OCT042315-15,0.0090,38.00,no
2026-10-05T03:14:08.839121Z,KXETH15M-26OCT042315-15,0.0090,30.00,no
2026-10-05T03:14:08.839121Z,KXETH15M-26OCT042315-15,0.0090,90.00,no
2026-10-05T03:14:08.839121Z,KXETH15M-26OCT042315-15,0.0090,1.99,no
2026-10-05T03:14:08.839121Z,KXETH15M-26OCT042315-15,0.0070,20.00,no
2026-10-05T03:14:08.839121Z,KXETH15M-26OCT042315-15,0.0030,17.00,no
2026-10-05T03:14:08.839121Z,KXETH15M-26OCT042315-15,0.0030,4.00,no
2026-10-05T03:14:08.839121Z,KXETH15M-26OCT042315-15,0.0040,22.02,no
2026-10-05T03:14:08.839121Z,KXETH15M-26OCT042315-15,0.0050,4.90,no
2026-10-05T03:14:08.839121Z,KXETH15M-26OCT042315-15,0.0020,625.56,no
2026-10-05T03:14:08.839121Z,KXETH15M-26OCT042315-15,0.0040,8.00,no
2026-10-05T03:14:08.839121Z,KXETH15M-26OCT042315-15,0.0050,9.00,no
2026-10-05T03:14:08.839121Z,KXETH15M-26OCT042315-15,0.0030,4.00,no
2026-10-05T03:14:08.839121Z,KXETH15M-26OCT042315-15,0.0060,65.00,no
2026-10-05T03:14:08.839121Z,KXETH15M-26OCT042315-15,0.0020,4.00,no
2026-10-05T03:14:08.854463Z,KXETH15M-26OCT042315-15,0.0050,9.00,no
2026-10-05T03:14:08.926937Z,KXETH15M-26OCT042315-15,0.0050,12.00,yes
2026-10-05T03:14:08.939566Z,KXETH15M-26OCT042315-15,0.0050,2.00,yes
2026-10-05T03:14:09.119909Z,KXETH15M-26OCT042315-15,0.0050,26.00,yes
2026-10-05T03:14:09.199179Z,KXETH15M-26OCT042315-15,0.0050,6.00,yes
2026-10-05T03:14:09.704485Z,KXETH15M-26OCT042315-15,0.0040,6.41,no
2026-10-05T03:14:11.337802Z,KXETH15M-26OCT042315-15,0.0040,141.00,no
2026-10-05T03:14:11.337802Z,KXETH15M-26OCT042315-15,0.0030,17.00,no
2026-10-05T03:14:11.337802Z,KXETH15M-26OCT042315-15,0.0040,36.00,no
2026-10-05T03:14:11.337802Z,KXETH15M-26OCT042315-15,0.0030,20.00,no
2026-10-05T03:14:11.337802Z,KXETH15M-26OCT042315-15,0.0020,1289.00,no
2026-10-05T03:14:11.578682Z,KXETH15M-26OCT042315-15,0.0050,186.97,yes
2026-10-05T03:14:11.898609Z,KXETH15M-26OCT042315-15,0.0030,2.00,no
2026-10-05T03:14:11.898609Z,KXETH15M-26OCT042315-15,0.0030,17.00,no
2026-10-05T03:14:11.898609Z,KXETH15M-26OCT042315-15,0.0040,70.00,no
2026-10-05T03:14:11.898609Z,KXETH15M-26OCT042315-15,0.0030,20.00,no
2026-10-05T03:14:11.91289Z,KXETH15M-26OCT042315-15,0.0060,0.02,yes
2026-10-05T03:14:11.91289Z,KXETH15M-26OCT042315-15,0.0070,0.02,yes
2026-10-05T03:14:11.91289Z,KXETH15M-26OCT042315-15,0.0050,0.02,yes
2026-10-05T03:14:11.91289Z,KXETH15M-26OCT042315-15,0.0050,3.00,yes
2026-10-05T03:14:11.91289Z,KXETH15M-26OCT042315-15,0.0070,4.01,yes
2026-10-05T03:14:12.035312Z,KXETH15M-26OCT042315-15,0.0040,8.33,yes
2026-10-05T03:14:13.819703Z,KXETH15M-26OCT042315-15,0.0040,26.56,yes
2026-10-05T03:14:14.041676Z,KXETH15M-26OCT042315-15,0.0030,93.00,no
2026-10-05T03:14:14.041676Z,KXETH15M-26OCT042315-15,0.0030,32.00,no
2026-10-05T03:14:14.041676Z,KXETH15M-26OCT042315-15,0.0030,4.00,no
2026-10-05T03:14:14.237222Z,KXETH15M-26OCT042315-15,0.0020,102.00,no
2026-10-05T03:14:14.237222Z,KXETH15M-26OCT042315-15,0.0020,95.00,no
2026-10-05T03:14:14.451823Z,KXETH15M-26OCT042315-15,0.0030,146.37,yes
2026-10-05T03:14:17.381741Z,KXETH15M-26OCT042315-15,0.0020,10.04,yes
2026-10-05T03:14:21.029041Z,KXETH15M-26OCT042315-15,0.0020,0.23,yes
2026-10-05T03:14:21.142342Z,KXETH15M-26OCT042315-15,0.0020,0.02,yes
2026-10-05T03:14:21.142342Z,KXETH15M-26OCT042315-15,0.0020,32.73,yes
2026-10-05T03:14:21.142342Z,KXETH15M-26OCT042315-15,0.0020,9.77,yes
2026-10-05T03:14:21.576596Z,KXETH15M-26OCT042315-15,0.0020,0.02,yes
2026-10-05T03:14:21.576596Z,KXETH15M-26OCT042315-15,0.0020,26.00,yes
2026-10-05T03:14:21.576596Z,KXETH15M-26OCT042315-15,0.0020,17.00,yes
2026-10-05T03:14:21.576596Z,KXETH15M-26OCT042315-15,0.0020,43.00,yes
2026-10-05T03:14:21.576596Z,KXETH15M-26OCT042315-15,0.0020,3.00,yes
2026-10-05T03:14:21.576596Z,KXETH15M-26OCT042315-15,0.0020,5.00,yes
2026-10-05T03:14:21.576596Z,KXETH15M-26OCT042315-15,0.0020,10.00,yes
2026-10-05T03:14:21.576596Z,KXETH15M-26OCT042315-15,0.0030,218.08,yes
2026-10-05T03:14:21.576596Z,KXETH15M-26OCT042315-15,0.0020,29.23,yes
2026-10-05T03:14:23.299838Z,KXETH15M-26OCT042315-15,0.0010,12.00,no
2026-10-05T03:14:23.668246Z,KXETH15M-26OCT042315-15,0.0020,0.29,yes
2026-10-05T03:14:24.273415Z,KXETH15M-26OCT042315-15,0.0030,165.92,yes
2026-10-05T03:14:24.273415Z,KXETH15M-26OCT042315-15,0.0020,3.00,yes
2026-10-05T03:14:24.273415Z,KXETH15M-26OCT042315-15,0.0020,89.00,yes
2026-10-05T03:14:24.273415Z,KXETH15M-26OCT042315-15,0.0020,0.02,yes
2026-10-05T03:14:24.273415Z,KXETH15M-26OCT042315-15,0.0020,104.71,yes
2026-10-05T03:14:24.273415Z,KXETH15M-26OCT042315-15,0.0020,12.00,yes
2026-10-05T03:14:24.405768Z,KXETH15M-26OCT042315-15,0.0010,1000.00,no
2026-10-05T03:14:25.417237Z,KXETH15M-26OCT042315-15,0.0020,45.80,yes
2026-10-05T03:14:25.680071Z,KXETH15M-26OCT042315-15,0.0010,230.60,no
2026-10-05T03:14:25.733305Z,KXETH15M-26OCT042315-15,0.0020,439.81,yes
2026-10-05T03:14:25.733305Z,KXETH15M-26OCT042315-15,0.0020,18.20,yes
2026-10-05T03:14:26.831782Z,KXETH15M-26OCT042315-15,0.0020,458.01,yes
2026-10-05T03:14:27.83149Z,KXETH15M-26OCT042315-15,0.0030,323.19,yes
2026-10-05T03:14:27.83149Z,KXETH15M-26OCT042315-15,0.0020,82.00,yes
2026-10-05T03:14:27.83149Z,KXETH15M-26OCT042315-15,0.0020,3.00,yes
2026-10-05T03:14:27.83149Z,KXETH15M-26OCT042315-15,0.0020,20.00,yes
2026-10-05T03:14:27.83149Z,KXETH15M-26OCT042315-15,0.0020,230.60,yes
2026-10-05T03:14:27.83149Z,KXETH15M-26OCT042315-15,0.0020,0.03,yes
2026-10-05T03:14:27.83149Z,KXETH15M-26OCT042315-15,0.0020,102.18,yes
2026-10-05T03:14:27.850768Z,KXETH15M-26OCT042315-15,0.0010,1983.40,no
2026-10-05T03:14:27.850768Z,KXETH15M-26OCT042315-15,0.0010,329.60,no
2026-10-05T03:14:27.850768Z,KXETH15M-26OCT042315-15,0.0010,1000.00,no
2026-10-05T03:14:27.850768Z,KXETH15M-26OCT042315-15,0.0010,800.00,no
2026-10-05T03:14:27.850768Z,KXETH15M-26OCT042315-15,0.0010,2000.00,no
2026-10-05T03:14:27.850768Z,KXETH15M-26OCT042315-15,0.0010,400.00,no
2026-10-05T03:14:28.102267Z,KXETH15M-26OCT042315-15,0.0010,500.00,no
2026-10-05T03:14:28.423144Z,KXETH15M-26OCT042315-15,0.0010,100.00,no
2026-10-05T03:14:28.423144Z,KXETH15M-26OCT042315-15,0.0010,1.00,no
2026-10-05T03:14:28.423144Z,KXETH15M-26OCT042315-15,0.0010,1.00,no
2026-10-05T03:14:28.423144Z,KXETH15M-26OCT042315-15,0.0010,150.40,no
2026-10-05T03:14:28.423144Z,KXETH15M-26OCT042315-15,0.0010,141.00,no
2026-10-05T03:14:28.423144Z,KXETH15M-26OCT042315-15,0.0010,1.00,no
2026-10-05T03:14:28.423144Z,KXETH15M-26OCT042315-15,0.0010,106.00,no
2026-10-05T03:14:28.423144Z,KXETH15M-26OCT042315-15,0.0010,20.00,no
2026-10-05T03:14:28.423144Z,KXETH15M-26OCT042315-15,0.0010,66.00,no
2026-10-05T03:14:28.423144Z,KXETH15M-26OCT042315-15,0.0010,4.00,no
2026-10-05T03:14:28.423144Z,KXETH15M-26OCT042315-15,0.0010,4.00,no
2026-10-05T03:14:28.8126Z,KXETH15M-26OCT042315-15,0.0010,934.72,yes
2026-10-05T03:14:30.446939Z,KXETH15M-26OCT042315-15,0.0010,10.01,yes
2026-10-05T03:14:30.446939Z,KXETH15M-26OCT042315-15,0.0010,454.28,yes
2026-10-05T03:14:30.446939Z,KXETH15M-26OCT042315-15,0.0020,821.88,yes
2026-10-05T03:14:30.446939Z,KXETH15M-26OCT042315-15,0.0010,100.00,yes
2026-10-05T03:14:30.446939Z,KXETH15M-26OCT042315-15,0.0010,581.00,yes
2026-10-05T03:14:31.149344Z,KXETH15M-26OCT042315-15,0.0010,100.00,no
2026-10-05T03:14:31.170442Z,KXETH15M-26OCT042315-15,0.0010,2.00,no
2026-10-05T03:14:33.875766Z,KXETH15M-26OCT042315-15,0.0010,98.00,no
2026-10-05T03:14:34.190013Z,KXETH15M-26OCT042315-15,0.0020,458.01,yes
2026-10-05T03:14:34.343975Z,KXETH15M-26OCT042315-15,0.0010,33.68,no
2026-10-05T03:14:34.480538Z,KXETH15M-26OCT042315-15,0.0010,44.15,no
2026-10-05T03:14:34.62287Z,KXETH15M-26OCT042315-15,0.0020,458.01,yes
2026-10-05T03:14:34.894162Z,KXETH15M-26OCT042315-15,0.0010,0.10,no
2026-10-05T03:14:35.554647Z,KXETH15M-26OCT042315-15,0.0010,55.00,no
2026-10-05T03:14:35.937418Z,KXETH15M-26OCT042315-15,0.0020,4.69,yes
2026-10-05T03:14:36.001756Z,KXETH15M-26OCT042315-15,0.0010,488.95,no
2026-10-05T03:14:36.001756Z,KXETH15M-26OCT042315-15,0.0010,66.00,no
2026-10-05T03:14:36.001756Z,KXETH15M-26OCT042315-15,0.0010,20.00,no
2026-10-05T03:14:36.722091Z,KXETH15M-26OCT042315-15,0.0010,915.99,yes
2026-10-05T03:14:38.47847Z,KXETH15M-26OCT042315-15,0.0010,915.99,yes
2026-10-05T03:14:41.525913Z,KXETH15M-26OCT042315-15,0.0010,915.99,yes
2026-10-05T03:14:43.984617Z,KXETH15M-26OCT042315-15,0.0010,1.00,yes
2026-10-05T03:14:44.396985Z,KXETH15M-26OCT042315-15,0.0010,450.00,yes
2026-10-05T03:14:46.857783Z,KXETH15M-26OCT042315-15,0.0010,36.64,yes
2026-10-05T03:14:50.770272Z,KXETH15M-26OCT042315-15,0.0010,32.00,yes
2026-10-05T03:14:52.616368Z,KXETH15M-26OCT042315-15,0.0010,265.66,yes
2026-10-05T03:14:53.304372Z,KXETH15M-26OCT042315-15,0.0010,915.99,yes
2026-10-05T03:14:53.346495Z,KXETH15M-26OCT042315-15,0.0010,1.34,yes
2026-10-05T03:14:58.480553Z,KXETH15M-26OCT042315-15,0.0010,915.99,yes
2026-10-05T03:12:45.387571Z,KXNEAR15M-26OCT042315-15,0.9740,1.00,yes
2026-10-05T03:12:45.393885Z,KXNEAR15M-26OCT042315-15,0.9740,1.00,yes
2026-10-05T03:12:46.151144Z,KXNEAR15M-26OCT042315-15,0.9770,1.02,yes
2026-10-05T03:12:48.299106Z,KXNEAR15M-26OCT042315-15,0.9770,0.98,yes
2026-10-05T03:12:48.299106Z,KXNEAR15M-26OCT042315-15,0.9790,1.00,yes
2026-10-05T03:12:48.299106Z,KXNEAR15M-26OCT042315-15,0.9790,0.03,yes
2026-10-05T03:12:48.299106Z,KXNEAR15M-26OCT042315-15,0.9770,0.03,yes
2026-10-05T03:12:48.299106Z,KXNEAR15M-26OCT042315-15,0.9800,0.03,yes
2026-10-05T03:12:48.299106Z,KXNEAR15M-26OCT042315-15,0.9810,2.00,yes
2026-10-05T03:12:48.299106Z,KXNEAR15M-26OCT042315-15,0.9800,1.00,yes
2026-10-05T03:12:48.299106Z,KXNEAR15M-26OCT042315-15,0.9810,0.03,yes
2026-10-05T03:12:48.299106Z,KXNEAR15M-26OCT042315-15,0.9800,7.00,yes
2026-10-05T03:12:48.299106Z,KXNEAR15M-26OCT042315-15,0.9790,5.00,yes
2026-10-05T03:12:48.299106Z,KXNEAR15M-26OCT042315-15,0.9820,0.90,yes
2026-10-05T03:12:50.88845Z,KXNEAR15M-26OCT042315-15,0.9770,19.00,no
2026-10-05T03:12:50.888467Z,KXNEAR15M-26OCT042315-15,0.9770,19.00,no
2026-10-05T03:12:52.210662Z,KXNEAR15M-26OCT042315-15,0.9750,3.00,yes
2026-10-05T03:12:52.394124Z,KXNEAR15M-26OCT042315-15,0.9780,2.00,yes
2026-10-05T03:12:52.394124Z,KXNEAR15M-26OCT042315-15,0.9810,0.03,yes
2026-10-05T03:12:52.394124Z,KXNEAR15M-26OCT042315-15,0.9800,0.03,yes
2026-10-05T03:12:52.394124Z,KXNEAR15M-26OCT042315-15,0.9750,0.03,yes
2026-10-05T03:12:52.394124Z,KXNEAR15M-26OCT042315-15,0.9770,0.03,yes
2026-10-05T03:12:52.394124Z,KXNEAR15M-26OCT042315-15,0.9780,0.03,yes
2026-10-05T03:12:52.394124Z,KXNEAR15M-26OCT042315-15,0.9770,104.00,yes
2026-10-05T03:12:52.394124Z,KXNEAR15M-26OCT042315-15,0.9790,8.00,yes
2026-10-05T03:12:52.394124Z,KXNEAR15M-26OCT042315-15,0.9760,4.00,yes
2026-10-05T03:12:52.394124Z,KXNEAR15M-26OCT042315-15,0.9790,0.03,yes
2026-10-05T03:12:52.394124Z,KXNEAR15M-26OCT042315-15,0.9790,104.00,yes
2026-10-05T03:12:52.394124Z,KXNEAR15M-26OCT042315-15,0.9750,2.00,yes
2026-10-05T03:12:52.394124Z,KXNEAR15M-26OCT042315-15,0.9810,8.00,yes
2026-10-05T03:12:52.394124Z,KXNEAR15M-26OCT042315-15,0.9810,2.00,yes
2026-10-05T03:12:52.394124Z,KXNEAR15M-26OCT042315-15,0.9790,1.00,yes
2026-10-05T03:12:52.400063Z,KXNEAR15M-26OCT042315-15,0.9760,4.00,yes
2026-10-05T03:12:52.919064Z,KXNEAR15M-26OCT042315-15,0.9760,1.00,no
2026-10-05T03:12:52.919064Z,KXNEAR15M-26OCT042315-15,0.9750,104.00,no
2026-10-05T03:12:52.919064Z,KXNEAR15M-26OCT042315-15,0.9750,4.00,no
2026-10-05T03:12:52.919064Z,KXNEAR15M-26OCT042315-15,0.9770,2.00,no
2026-10-05T03:12:52.919064Z,KXNEAR15M-26OCT042315-15,0.9770,104.00,no
2026-10-05T03:12:52.919064Z,KXNEAR15M-26OCT042315-15,0.9740,0.03,no
2026-10-05T03:12:52.919064Z,KXNEAR15M-26OCT042315-15,0.9740,6.00,no
2026-10-05T03:12:55.498411Z,KXNEAR15M-26OCT042315-15,0.9780,1.00,yes
2026-10-05T03:12:55.504588Z,KXNEAR15M-26OCT042315-15,0.9780,1.00,yes
2026-10-05T03:12:58.199214Z,KXNEAR15M-26OCT042315-15,0.9730,6.00,no
2026-10-05T03:12:58.199214Z,KXNEAR15M-26OCT042315-15,0.9730,2.00,no
2026-10-05T03:12:58.199214Z,KXNEAR15M-26OCT042315-15,0.9700,6.82,no
2026-10-05T03:12:58.199214Z,KXNEAR15M-26OCT042315-15,0.9720,3.00,no
2026-10-05T03:12:58.199214Z,KXNEAR15M-26OCT042315-15,0.9720,6.00,no
2026-10-05T03:12:58.199214Z,KXNEAR15M-26OCT042315-15,0.9710,0.03,no
2026-10-05T03:12:58.199214Z,KXNEAR15M-26OCT042315-15,0.9720,0.03,no
2026-10-05T03:12:58.199214Z,KXNEAR15M-26OCT042315-15,0.9730,0.03,no
2026-10-05T03:12:58.199214Z,KXNEAR15M-26OCT042315-15,0.9740,0.03,no
2026-10-05T03:12:58.199214Z,KXNEAR15M-26OCT042315-15,0.9740,12.00,no
2026-10-05T03:12:58.199214Z,KXNEAR15M-26OCT042315-15,0.9720,0.03,no
2026-10-05T03:12:58.199214Z,KXNEAR15M-26OCT042315-15,0.9710,0.03,no
2026-10-05T03:12:58.202879Z,KXNEAR15M-26OCT042315-15,0.9750,11.00,yes
2026-10-05T03:12:58.343923Z,KXNEAR15M-26OCT042315-15,0.9690,0.03,no
2026-10-05T03:12:58.343923Z,KXNEAR15M-26OCT042315-15,0.9700,0.03,no
2026-10-05T03:12:58.343923Z,KXNEAR15M-26OCT042315-15,0.9700,0.03,no
2026-10-05T03:12:59.526063Z,KXNEAR15M-26OCT042315-15,0.9680,6.03,no
2026-10-05T03:12:59.526063Z,KXNEAR15M-26OCT042315-15,0.9680,0.05,no
2026-10-05T03:13:00.067388Z,KXNEAR15M-26OCT042315-15,0.9690,104.00,yes
2026-10-05T03:13:00.067388Z,KXNEAR15M-26OCT042315-15,0.9690,0.03,yes
2026-10-05T03:13:00.067388Z,KXNEAR15M-26OCT042315-15,0.9700,0.03,yes
2026-10-05T03:13:00.067388Z,KXNEAR15M-26OCT042315-15,0.9680,104.00,yes
2026-10-05T03:13:00.067388Z,KXNEAR15M-26OCT042315-15,0.9680,0.03,yes
2026-10-05T03:13:00.067388Z,KXNEAR15M-26OCT042315-15,0.9700,2.00,yes
2026-10-05T03:13:00.067388Z,KXNEAR15M-26OCT042315-15,0.9680,2.00,yes
2026-10-05T03:13:00.067388Z,KXNEAR15M-26OCT042315-15,0.9690,30.00,yes
2026-10-05T03:13:00.70056Z,KXNEAR15M-26OCT042315-15,0.9650,0.04,no
2026-10-05T03:13:00.70056Z,KXNEAR15M-26OCT042315-15,0.9640,0.04,no
2026-10-05T03:13:00.70056Z,KXNEAR15M-26OCT042315-15,0.9670,0.05,no
2026-10-05T03:13:00.70056Z,KXNEAR15M-26OCT042315-15,0.9660,0.06,no
2026-10-05T03:13:01.576807Z,KXNEAR15M-26OCT042315-15,0.9640,4.00,yes
2026-10-05T03:13:01.576807Z,KXNEAR15M-26OCT042315-15,0.9640,1.00,yes
2026-10-05T03:13:01.834152Z,KXNEAR15M-26OCT042315-15,0.9730,2.00,yes
2026-10-05T03:13:01.834152Z,KXNEAR15M-26OCT042315-15,0.9640,3.00,yes
2026-10-05T03:13:01.834152Z,KXNEAR15M-26OCT042315-15,0.9730,0.03,yes
2026-10-05T03:13:01.834152Z,KXNEAR15M-26OCT042315-15,0.9700,0.03,yes
2026-10-05T03:13:01.834152Z,KXNEAR15M-26OCT042315-15,0.9680,2.00,yes
2026-10-05T03:13:01.834152Z,KXNEAR15M-26OCT042315-15,0.9650,20.00,yes
2026-10-05T03:13:01.834152Z,KXNEAR15M-26OCT042315-15,0.9640,1.00,yes
2026-10-05T03:13:01.834152Z,KXNEAR15M-26OCT042315-15,0.9700,1.00,yes
2026-10-05T03:13:01.834152Z,KXNEAR15M-26OCT042315-15,0.9680,0.03,yes
2026-10-05T03:13:01.834152Z,KXNEAR15M-26OCT042315-15,0.9650,0.03,yes
2026-10-05T03:13:01.834152Z,KXNEAR15M-26OCT042315-15,0.9640,0.03,yes
2026-10-05T03:13:01.841551Z,KXNEAR15M-26OCT042315-15,0.9640,4.00,yes
2026-10-05T03:13:01.847281Z,KXNEAR15M-26OCT042315-15,0.9640,6.00,yes
2026-10-05T03:13:01.908206Z,KXNEAR15M-26OCT042315-15,0.9640,22.00,yes
2026-10-05T03:13:01.935312Z,KXNEAR15M-26OCT042315-15,0.9630,0.05,no
2026-10-05T03:13:01.935312Z,KXNEAR15M-26OCT042315-15,0.9630,3.95,no
2026-10-05T03:13:03.122591Z,KXNEAR15M-26OCT042315-15,0.9620,0.05,no
2026-10-05T03:13:03.122591Z,KXNEAR15M-26OCT042315-15,0.9610,0.06,no
2026-10-05T03:13:03.570751Z,KXNEAR15M-26OCT042315-15,0.9600,0.07,no
2026-10-05T03:13:04.568617Z,KXNEAR15M-26OCT042315-15,0.9590,0.05,no
2026-10-05T03:13:04.581534Z,KXNEAR15M-26OCT042315-15,0.9520,0.02,no
2026-10-05T03:13:04.581534Z,KXNEAR15M-26OCT042315-15,0.9590,0.03,no
2026-10-05T03:13:04.581534Z,KXNEAR15M-26OCT042315-15,0.9570,0.12,no
2026-10-05T03:13:04.581534Z,KXNEAR15M-26OCT042315-15,0.9580,0.10,no
2026-10-05T03:13:04.581534Z,KXNEAR15M-26OCT042315-15,0.9560,0.14,no
2026-10-05T03:13:04.581534Z,KXNEAR15M-26OCT042315-15,0.9550,0.16,no
2026-10-05T03:13:04.581534Z,KXNEAR15M-26OCT042315-15,0.9530,0.23,no
2026-10-05T03:13:04.581534Z,KXNEAR15M-26OCT042315-15,0.9540,0.20,no
2026-10-05T03:13:05.092783Z,KXNEAR15M-26OCT042315-15,0.9570,93.57,yes
2026-10-05T03:13:05.690078Z,KXNEAR15M-26OCT042315-15,0.9560,6.00,yes
2026-10-05T03:13:05.690569Z,KXNEAR15M-26OCT042315-15,0.9560,51.00,yes
2026-10-05T03:13:06.017228Z,KXNEAR15M-26OCT042315-15,0.9630,2.00,yes
2026-10-05T03:13:06.017228Z,KXNEAR15M-26OCT042315-15,0.9630,0.03,yes
2026-10-05T03:13:06.017228Z,KXNEAR15M-26OCT042315-15,0.9570,2.00,yes
2026-10-05T03:13:06.017228Z,KXNEAR15M-26OCT042315-15,0.9620,0.03,yes
2026-10-05T03:13:10.552055Z,KXNEAR15M-26OCT042315-15,0.9640,2.00,yes
2026-10-05T03:13:11.861053Z,KXNEAR15M-26OCT042315-15,0.9650,2.00,yes
2026-10-05T03:13:11.861053Z,KXNEAR15M-26OCT042315-15,0.9650,0.03,yes
2026-10-05T03:13:11.861053Z,KXNEAR15M-26OCT042315-15,0.9650,1.00,yes
2026-10-05T03:13:11.861053Z,KXNEAR15M-26OCT042315-15,0.9680,0.09,yes
2026-10-05T03:13:11.861053Z,KXNEAR15M-26OCT042315-15,0.9660,2.00,yes
2026-10-05T03:13:11.861053Z,KXNEAR15M-26OCT042315-15,0.9660,0.03,yes
2026-10-05T03:13:12.286368Z,KXNEAR15M-26OCT042315-15,0.9620,0.04,no
2026-10-05T03:13:12.286368Z,KXNEAR15M-26OCT042315-15,0.9630,0.04,no
2026-10-05T03:13:13.265752Z,KXNEAR15M-26OCT042315-15,0.9620,7.00,no
2026-10-05T03:13:13.961489Z,KXNEAR15M-26OCT042315-15,0.9640,2.00,yes
2026-10-05T03:13:13.961489Z,KXNEAR15M-26OCT042315-15,0.9640,1.00,yes
2026-10-05T03:13:14.54006Z,KXNEAR15M-26OCT042315-15,0.9720,8.97,yes
2026-10-05T03:13:14.54006Z,KXNEAR15M-26OCT042315-15,0.9670,0.03,yes
2026-10-05T03:13:14.540163Z,KXNEAR15M-26OCT042315-15,0.9840,4.60,yes
2026-10-05T03:13:14.540163Z,KXNEAR15M-26OCT042315-15,0.9830,2.00,yes
2026-10-05T03:13:14.540163Z,KXNEAR15M-26OCT042315-15,0.9810,0.40,yes
2026-10-05T03:13:14.540163Z,KXNEAR15M-26OCT042315-15,0.9810,6.00,yes
2026-10-05T03:13:14.540163Z,KXNEAR15M-26OCT042315-15,0.9820,6.00,yes
2026-10-05T03:13:14.54016Z,KXNEAR15M-26OCT042315-15,0.9730,1.00,yes
2026-10-05T03:13:14.54016Z,KXNEAR15M-26OCT042315-15,0.9740,1.00,yes
2026-10-05T03:13:14.54016Z,KXNEAR15M-26OCT042315-15,0.9720,1.03,yes
2026-10-05T03:13:14.54016Z,KXNEAR15M-26OCT042315-15,0.9810,1.60,yes
2026-10-05T03:13:14.54016Z,KXNEAR15M-26OCT042315-15,0.9790,5.00,yes
2026-10-05T03:13:14.54016Z,KXNEAR15M-26OCT042315-15,0.9800,4.00,yes
2026-10-05T03:13:14.54016Z,KXNEAR15M-26OCT042315-15,0.9750,2.00,yes
2026-10-05T03:13:14.54016Z,KXNEAR15M-26OCT042315-15,0.9780,3.37,yes
2026-10-05T03:13:14.561807Z,KXNEAR15M-26OCT042315-15,0.9830,6.00,yes
2026-10-05T03:13:14.602289Z,KXNEAR15M-26OCT042315-15,0.9790,10.98,no
2026-10-05T03:13:16.497946Z,KXNEAR15M-26OCT042315-15,0.9800,9.00,yes
2026-10-05T03:13:16.497946Z,KXNEAR15M-26OCT042315-15,0.9800,3.00,yes
2026-10-05T03:13:18.616895Z,KXNEAR15M-26OCT042315-15,0.9830,7.65,no
2026-10-05T03:13:19.111792Z,KXNEAR15M-26OCT042315-15,0.9830,96.35,no
2026-10-05T03:13:19.111792Z,KXNEAR15M-26OCT042315-15,0.9830,0.02,no
2026-10-05T03:13:19.306542Z,KXNEAR15M-26OCT042315-15,0.9820,0.02,no
2026-10-05T03:13:19.306542Z,KXNEAR15M-26OCT042315-15,0.9800,0.02,no
2026-10-05T03:13:19.306542Z,KXNEAR15M-26OCT042315-15,0.9810,0.02,no
2026-10-05T03:13:19.306542Z,KXNEAR15M-26OCT042315-15,0.9800,9.00,no
2026-10-05T03:13:19.306542Z,KXNEAR15M-26OCT042315-15,0.9790,0.02,no
2026-10-05T03:13:19.306747Z,KXNEAR15M-26OCT042315-15,0.9770,3.00,no
2026-10-05T03:13:19.306747Z,KXNEAR15M-26OCT042315-15,0.9760,3.00,no
2026-10-05T03:13:19.306747Z,KXNEAR15M-26OCT042315-15,0.9770,0.02,no
2026-10-05T03:13:19.306747Z,KXNEAR15M-26OCT042315-15,0.9760,0.02,no
2026-10-05T03:13:19.306747Z,KXNEAR15M-26OCT042315-15,0.9780,0.02,no
2026-10-05T03:13:19.306747Z,KXNEAR15M-26OCT042315-15,0.9750,0.02,no
2026-10-05T03:13:20.890397Z,KXNEAR15M-26OCT042315-15,0.9830,9.00,yes
2026-10-05T03:13:20.890601Z,KXNEAR15M-26OCT042315-15,0.9850,1.00,yes
2026-10-05T03:13:20.890601Z,KXNEAR15M-26OCT042315-15,0.9830,6.00,yes
2026-10-05T03:13:20.980419Z,KXNEAR15M-26OCT042315-15,0.9870,0.03,yes
2026-10-05T03:13:20.980419Z,KXNEAR15M-26OCT042315-15,0.9860,0.03,yes
2026-10-05T03:13:20.980419Z,KXNEAR15M-26OCT042315-15,0.9880,4.94,yes
2026-10-05T03:13:20.980419Z,KXNEAR15M-26OCT042315-15,0.9870,10.00,yes
2026-10-05T03:13:22.037221Z,KXNEAR15M-26OCT042315-15,0.9870,2.00,no
2026-10-05T03:13:22.150987Z,KXNEAR15M-26OCT042315-15,0.9870,2.94,no
2026-10-05T03:13:22.150987Z,KXNEAR15M-26OCT042315-15,0.9870,4.06,no
2026-10-05T03:13:22.374698Z,KXNEAR15M-26OCT042315-15,0.9850,0.02,no
2026-10-05T03:13:22.374698Z,KXNEAR15M-26OCT042315-15,0.9860,0.02,no
2026-10-05T03:13:22.374698Z,KXNEAR15M-26OCT042315-15,0.9870,7.00,no
2026-10-05T03:13:22.374698Z,KXNEAR15M-26OCT042315-15,0.9840,47.35,no
2026-10-05T03:13:22.374698Z,KXNEAR15M-26OCT042315-15,0.9860,104.00,no
2026-10-05T03:13:22.374698Z,KXNEAR15M-26OCT042315-15,0.9870,0.02,no
2026-10-05T03:13:22.374698Z,KXNEAR15M-26OCT042315-15,0.9860,10.00,no
2026-10-05T03:13:23.894519Z,KXNEAR15M-26OCT042315-15,0.9890,2.91,yes
2026-10-05T03:13:23.894519Z,KXNEAR15M-26OCT042315-15,0.9880,5.06,yes
2026-10-05T03:13:23.894519Z,KXNEAR15M-26OCT042315-15,0.9880,0.03,yes
2026-10-05T03:13:23.90253Z,KXNEAR15M-26OCT042315-15,0.9890,1.00,yes
2026-10-05T03:13:24.092598Z,KXNEAR15M-26OCT042315-15,0.9880,2.91,no
2026-10-05T03:13:24.092598Z,KXNEAR15M-26OCT042315-15,0.9880,0.38,no
2026-10-05T03:13:24.205418Z,KXNEAR15M-26OCT042315-15,0.9890,6.09,yes
2026-10-05T03:13:24.205418Z,KXNEAR15M-26OCT042315-15,0.9890,0.91,yes
2026-10-05T03:13:26.201848Z,KXNEAR15M-26OCT042315-15,0.9900,2.00,yes
2026-10-05T03:13:26.263511Z,KXNEAR15M-26OCT042315-15,0.9900,1.00,yes
2026-10-05T03:13:26.680057Z,KXNEAR15M-26OCT042315-15,0.9890,0.02,no
2026-10-05T03:13:26.680057Z,KXNEAR15M-26OCT042315-15,0.9890,0.98,no
2026-10-05T03:13:26.680057Z,KXNEAR15M-26OCT042315-15,0.9890,2.00,no
2026-10-05T03:13:28.356676Z,KXNEAR15M-26OCT042315-15,0.9900,1.00,yes
2026-10-05T03:13:28.562334Z,KXNEAR15M-26OCT042315-15,0.9900,11.00,yes
2026-10-05T03:13:28.735593Z,KXNEAR15M-26OCT042315-15,0.9900,1.00,yes
2026-10-05T03:13:28.849622Z,KXNEAR15M-26OCT042315-15,0.9900,1.00,yes
2026-10-05T03:13:29.176859Z,KXNEAR15M-26OCT042315-15,0.9900,0.80,yes
2026-10-05T03:13:29.348914Z,KXNEAR15M-26OCT042315-15,0.9890,6.00,no
2026-10-05T03:13:29.348964Z,KXNEAR15M-26OCT042315-15,0.9890,1.00,no
2026-10-05T03:13:29.348964Z,KXNEAR15M-26OCT042315-15,0.9890,4.00,no
2026-10-05T03:13:29.348964Z,KXNEAR15M-26OCT042315-15,0.9890,5.00,no
2026-10-05T03:13:29.348964Z,KXNEAR15M-26OCT042315-15,0.9890,0.02,no
2026-10-05T03:13:29.348964Z,KXNEAR15M-26OCT042315-15,0.9890,1.00,no
2026-10-05T03:13:29.348964Z,KXNEAR15M-26OCT042315-15,0.9890,7.98,no
2026-10-05T03:13:29.34898Z,KXNEAR15M-26OCT042315-15,0.9880,0.62,no
2026-10-05T03:13:29.34898Z,KXNEAR15M-26OCT042315-15,0.9880,6.09,no
2026-10-05T03:13:29.34898Z,KXNEAR15M-26OCT042315-15,0.9880,0.02,no
2026-10-05T03:13:29.34898Z,KXNEAR15M-26OCT042315-15,0.9880,6.45,no
2026-10-05T03:13:29.34898Z,KXNEAR15M-26OCT042315-15,0.9890,3.02,no
2026-10-05T03:13:29.34898Z,KXNEAR15M-26OCT042315-15,0.9890,1.00,no
2026-10-05T03:13:29.34898Z,KXNEAR15M-26OCT042315-15,0.9890,1.00,no
2026-10-05T03:13:29.34898Z,KXNEAR15M-26OCT042315-15,0.9890,0.80,no
2026-10-05T03:13:29.557279Z,KXNEAR15M-26OCT042315-15,0.9880,12.82,yes
2026-10-05T03:13:30.573278Z,KXNEAR15M-26OCT042315-15,0.9850,0.02,no
2026-10-05T03:13:30.573278Z,KXNEAR15M-26OCT042315-15,0.9880,0.02,no
2026-10-05T03:13:30.573278Z,KXNEAR15M-26OCT042315-15,0.9870,104.00,no
2026-10-05T03:13:30.573278Z,KXNEAR15M-26OCT042315-15,0.9850,7.64,no
2026-10-05T03:13:30.573278Z,KXNEAR15M-26OCT042315-15,0.9880,5.00,no
2026-10-05T03:13:30.573278Z,KXNEAR15M-26OCT042315-15,0.9870,1.00,no
2026-10-05T03:13:30.573278Z,KXNEAR15M-26OCT042315-15,0.9860,0.02,no
2026-10-05T03:13:30.573278Z,KXNEAR15M-26OCT042315-15,0.9870,5.06,no
2026-10-05T03:13:30.573278Z,KXNEAR15M-26OCT042315-15,0.9870,0.02,no
2026-10-05T03:13:30.573278Z,KXNEAR15M-26OCT042315-15,0.9870,0.02,no
2026-10-05T03:13:31.044752Z,KXNEAR15M-26OCT042315-15,0.9730,0.03,no
2026-10-05T03:13:31.044752Z,KXNEAR15M-26OCT042315-15,0.9740,0.03,no
2026-10-05T03:13:31.044752Z,KXNEAR15M-26OCT042315-15,0.9720,0.03,no
2026-10-05T03:13:31.044752Z,KXNEAR15M-26OCT042315-15,0.9690,0.05,no
2026-10-05T03:13:31.044752Z,KXNEAR15M-26OCT042315-15,0.9700,0.05,no
2026-10-05T03:13:31.044752Z,KXNEAR15M-26OCT042315-15,0.9710,0.04,no
2026-10-05T03:13:31.044752Z,KXNEAR15M-26OCT042315-15,0.9680,0.06,no
2026-10-05T03:13:31.044752Z,KXNEAR15M-26OCT042315-15,0.9670,0.07,no
2026-10-05T03:13:31.044752Z,KXNEAR15M-26OCT042315-15,0.9750,0.02,no
2026-10-05T03:13:31.044752Z,KXNEAR15M-26OCT042315-15,0.9800,0.69,no
2026-10-05T03:13:31.044752Z,KXNEAR15M-26OCT042315-15,0.9760,0.02,no
2026-10-05T03:13:31.044752Z,KXNEAR15M-26OCT042315-15,0.9830,0.02,no
2026-10-05T03:13:31.044752Z,KXNEAR15M-26OCT042315-15,0.9800,0.02,no
2026-10-05T03:13:31.044752Z,KXNEAR15M-26OCT042315-15,0.9810,0.02,no
2026-10-05T03:13:31.044752Z,KXNEAR15M-26OCT042315-15,0.9790,0.05,no
2026-10-05T03:13:31.044752Z,KXNEAR15M-26OCT042315-15,0.9820,0.03,no
2026-10-05T03:13:31.044752Z,KXNEAR15M-26OCT042315-15,0.9840,0.02,no
2026-10-05T03:13:31.044752Z,KXNEAR15M-26OCT042315-15,0.9770,0.06,no
2026-10-05T03:13:31.044752Z,KXNEAR15M-26OCT042315-15,0.9780,0.05,no
2026-10-05T03:13:31.044752Z,KXNEAR15M-26OCT042315-15,0.9750,4.00,no
2026-10-05T03:13:31.044752Z,KXNEAR15M-26OCT042315-15,0.9830,5.00,no
2026-10-05T03:13:31.044752Z,KXNEAR15M-26OCT042315-15,0.9670,3.62,no
2026-10-05T03:13:31.274688Z,KXNEAR15M-26OCT042315-15,0.9860,3.00,yes
2026-10-05T03:13:31.435002Z,KXNEAR15M-26OCT042315-15,0.9860,5.00,yes
2026-10-05T03:13:31.546634Z,KXNEAR15M-26OCT042315-15,0.9860,1.00,yes
2026-10-05T03:13:31.560494Z,KXNEAR15M-26OCT042315-15,0.9860,5.87,yes
2026-10-05T03:13:31.601896Z,KXNEAR15M-26OCT042315-15,0.9860,1.00,yes
2026-10-05T03:13:32.547956Z,KXNEAR15M-26OCT042315-15,0.9880,0.03,yes
2026-10-05T03:13:32.547956Z,KXNEAR15M-26OCT042315-15,0.9880,2.00,yes
2026-10-05T03:13:32.547956Z,KXNEAR15M-26OCT042315-15,0.9890,35.92,yes
2026-10-05T03:13:32.547956Z,KXNEAR15M-26OCT042315-15,0.9880,1.00,yes
2026-10-05T03:13:32.547956Z,KXNEAR15M-26OCT042315-15,0.9880,1.05,yes
2026-10-05T03:13:32.804645Z,KXNEAR15M-26OCT042315-15,0.9870,3.00,no
2026-10-05T03:13:35.559461Z,KXNEAR15M-26OCT042315-15,0.9900,1.00,yes
2026-10-05T03:13:35.559543Z,KXNEAR15M-26OCT042315-15,0.9900,6.20,yes
2026-10-05T03:13:35.559543Z,KXNEAR15M-26OCT042315-15,0.9900,4.00,yes
2026-10-05T03:13:36.142057Z,KXNEAR15M-26OCT042315-15,0.9890,1.00,no
2026-10-05T03:13:36.142057Z,KXNEAR15M-26OCT042315-15,0.9890,2.00,no
2026-10-05T03:13:38.446713Z,KXNEAR15M-26OCT042315-15,0.9890,0.02,no
2026-10-05T03:13:39.805083Z,KXNEAR15M-26OCT042315-15,0.9900,4.00,yes
2026-10-05T03:13:39.805127Z,KXNEAR15M-26OCT042315-15,0.9900,0.03,yes
2026-10-05T03:13:39.805127Z,KXNEAR15M-26OCT042315-15,0.9900,2.00,yes
2026-10-05T03:13:39.805127Z,KXNEAR15M-26OCT042315-15,0.9900,3.00,yes
2026-10-05T03:13:40.434602Z,KXNEAR15M-26OCT042315-15,0.9910,2.00,no
2026-10-05T03:13:40.953358Z,KXNEAR15M-26OCT042315-15,0.9920,0.03,yes
2026-10-05T03:13:40.953358Z,KXNEAR15M-26OCT042315-15,0.9920,6.00,yes
2026-10-05T03:13:40.953358Z,KXNEAR15M-26OCT042315-15,0.9920,5.00,yes
2026-10-05T03:13:40.953358Z,KXNEAR15M-26OCT042315-15,0.9930,9.11,yes
2026-10-05T03:13:40.953358Z,KXNEAR15M-26OCT042315-15,0.9920,2.00,yes
2026-10-05T03:13:44.476899Z,KXNEAR15M-26OCT042315-15,0.9910,0.02,no
2026-10-05T03:13:44.476899Z,KXNEAR15M-26OCT042315-15,0.9910,8.00,no
2026-10-05T03:13:44.476899Z,KXNEAR15M-26OCT042315-15,0.9910,0.03,no
2026-10-05T03:13:45.22531Z,KXNEAR15M-26OCT042315-15,0.9910,4.00,no
2026-10-05T03:13:45.763205Z,KXNEAR15M-26OCT042315-15,0.9900,0.96,no
2026-10-05T03:13:45.763205Z,KXNEAR15M-26OCT042315-15,0.9900,0.02,no
2026-10-05T03:13:45.763205Z,KXNEAR15M-26OCT042315-15,0.9910,0.02,no
2026-10-05T03:13:45.763205Z,KXNEAR15M-26OCT042315-15,0.9910,2.00,no
2026-10-05T03:13:45.763205Z,KXNEAR15M-26OCT042315-15,0.9910,8.00,no
2026-10-05T03:13:47.825676Z,KXNEAR15M-26OCT042315-15,0.9910,0.03,yes
2026-10-05T03:13:49.504624Z,KXNEAR15M-26OCT042315-15,0.9920,0.03,no
2026-10-05T03:13:49.504624Z,KXNEAR15M-26OCT042315-15,0.9900,12.19,no
2026-10-05T03:13:49.504624Z,KXNEAR15M-26OCT042315-15,0.9910,0.02,no
2026-10-05T03:13:49.504624Z,KXNEAR15M-26OCT042315-15,0.9900,1.63,no
2026-10-05T03:13:49.504624Z,KXNEAR15M-26OCT042315-15,0.9900,24.04,no
2026-10-05T03:13:49.504624Z,KXNEAR15M-26OCT042315-15,0.9900,1.00,no
2026-10-05T03:13:49.504624Z,KXNEAR15M-26OCT042315-15,0.9900,0.02,no
2026-10-05T03:13:51.780425Z,KXNEAR15M-26OCT042315-15,0.9900,4.20,no
2026-10-05T03:13:51.780425Z,KXNEAR15M-26OCT042315-15,0.9920,6.00,no
2026-10-05T03:13:51.780425Z,KXNEAR15M-26OCT042315-15,0.9910,0.03,no
2026-10-05T03:13:51.780425Z,KXNEAR15M-26OCT042315-15,0.9900,39.81,no
2026-10-05T03:13:51.780425Z,KXNEAR15M-26OCT042315-15,0.9900,0.03,no
2026-10-05T03:13:51.780425Z,KXNEAR15M-26OCT042315-15,0.9910,1.00,no
2026-10-05T03:13:51.780425Z,KXNEAR15M-26OCT042315-15,0.9920,0.03,no
2026-10-05T03:13:51.780425Z,KXNEAR15M-26OCT042315-15,0.9920,52.00,no
2026-10-05T03:13:51.780425Z,KXNEAR15M-26OCT042315-15,0.9900,0.84,no
2026-10-05T03:13:51.780425Z,KXNEAR15M-26OCT042315-15,0.9910,0.03,no
2026-10-05T03:13:52.955565Z,KXNEAR15M-26OCT042315-15,0.9900,5.00,no
2026-10-05T03:13:52.957071Z,KXNEAR15M-26OCT042315-15,0.9870,1.00,no
2026-10-05T03:13:52.957071Z,KXNEAR15M-26OCT042315-15,0.9890,0.02,no
2026-10-05T03:13:52.957071Z,KXNEAR15M-26OCT042315-15,0.9880,1.00,no
2026-10-05T03:13:52.957071Z,KXNEAR15M-26OCT042315-15,0.9880,0.02,no
2026-10-05T03:13:52.957071Z,KXNEAR15M-26OCT042315-15,0.9870,0.02,no
2026-10-05T03:13:52.957071Z,KXNEAR15M-26OCT042315-15,0.9860,0.02,no
2026-10-05T03:13:52.957071Z,KXNEAR15M-26OCT042315-15,0.9900,0.03,no
2026-10-05T03:13:52.957071Z,KXNEAR15M-26OCT042315-15,0.9900,5.00,no
2026-10-05T03:13:52.957071Z,KXNEAR15M-26OCT042315-15,0.9900,24.16,no
2026-10-05T03:13:53.025558Z,KXNEAR15M-26OCT042315-15,0.9850,0.03,no
2026-10-05T03:13:53.334021Z,KXNEAR15M-26OCT042315-15,0.9770,0.09,no
2026-10-05T03:13:53.334021Z,KXNEAR15M-26OCT042315-15,0.9810,0.05,no
2026-10-05T03:13:53.334021Z,KXNEAR15M-26OCT042315-15,0.9780,0.07,no
2026-10-05T03:13:53.334021Z,KXNEAR15M-26OCT042315-15,0.9790,0.06,no
2026-10-05T03:13:53.334021Z,KXNEAR15M-26OCT042315-15,0.9830,0.03,no
2026-10-05T03:13:53.334021Z,KXNEAR15M-26OCT042315-15,0.9820,0.04,no
2026-10-05T03:13:53.334021Z,KXNEAR15M-26OCT042315-15,0.9840,0.03,no
2026-10-05T03:13:53.334021Z,KXNEAR15M-26OCT042315-15,0.9800,0.05,no
2026-10-05T03:13:53.537369Z,KXNEAR15M-26OCT042315-15,0.9660,0.08,no
2026-10-05T03:13:53.537369Z,KXNEAR15M-26OCT042315-15,0.9640,0.03,no
2026-10-05T03:13:53.537369Z,KXNEAR15M-26OCT042315-15,0.9620,0.03,no
2026-10-05T03:13:53.537369Z,KXNEAR15M-26OCT042315-15,0.9630,0.03,no
2026-10-05T03:13:53.537369Z,KXNEAR15M-26OCT042315-15,0.9650,0.03,no
2026-10-05T03:13:53.537369Z,KXNEAR15M-26OCT042315-15,0.9730,0.17,no
2026-10-05T03:13:53.537369Z,KXNEAR15M-26OCT042315-15,0.9670,0.57,no
2026-10-05T03:13:53.537369Z,KXNEAR15M-26OCT042315-15,0.9700,0.28,no
2026-10-05T03:13:53.537369Z,KXNEAR15M-26OCT042315-15,0.9680,0.48,no
2026-10-05T03:13:53.537369Z,KXNEAR15M-26OCT042315-15,0.9690,0.33,no
2026-10-05T03:13:53.537369Z,KXNEAR15M-26OCT042315-15,0.9710,0.24,no
2026-10-05T03:13:53.537369Z,KXNEAR15M-26OCT042315-15,0.9720,0.20,no
2026-10-05T03:13:53.537369Z,KXNEAR15M-26OCT042315-15,0.9760,0.10,no
2026-10-05T03:13:53.537369Z,KXNEAR15M-26OCT042315-15,0.9740,0.14,no
2026-10-05T03:13:53.537369Z,KXNEAR15M-26OCT042315-15,0.9750,0.12,no
2026-10-05T03:13:53.537369Z,KXNEAR15M-26OCT042315-15,0.9520,3.56,no
2026-10-05T03:13:53.537369Z,KXNEAR15M-26OCT042315-15,0.9770,2.00,no
2026-10-05T03:13:53.537369Z,KXNEAR15M-26OCT042315-15,0.9530,0.04,no
2026-10-05T03:13:53.537369Z,KXNEAR15M-26OCT042315-15,0.9540,0.03,no
2026-10-05T03:13:53.537369Z,KXNEAR15M-26OCT042315-15,0.9590,0.06,no
2026-10-05T03:13:53.537369Z,KXNEAR15M-26OCT042315-15,0.9550,0.12,no
2026-10-05T03:13:53.537369Z,KXNEAR15M-26OCT042315-15,0.9600,0.05,no
2026-10-05T03:13:53.537369Z,KXNEAR15M-26OCT042315-15,0.9580,0.07,no
2026-10-05T03:13:53.537369Z,KXNEAR15M-26OCT042315-15,0.9570,0.09,no
2026-10-05T03:13:53.537369Z,KXNEAR15M-26OCT042315-15,0.9560,0.10,no
2026-10-05T03:13:53.537369Z,KXNEAR15M-26OCT042315-15,0.9610,0.05,no
2026-10-05T03:13:53.833908Z,KXNEAR15M-26OCT042315-15,0.9700,2.00,no
2026-10-05T03:13:53.833908Z,KXNEAR15M-26OCT042315-15,0.9600,2.00,no
2026-10-05T03:13:53.833908Z,KXNEAR15M-26OCT042315-15,0.9630,2.00,no
2026-10-05T03:13:53.833908Z,KXNEAR15M-26OCT042315-15,0.9570,2.00,no
2026-10-05T03:13:53.833908Z,KXNEAR15M-26OCT042315-15,0.9730,2.00,no
2026-10-05T03:13:53.843234Z,KXNEAR15M-26OCT042315-15,0.9500,2.00,no
2026-10-05T03:13:53.843234Z,KXNEAR15M-26OCT042315-15,0.9520,11.68,no
2026-10-05T03:13:53.843234Z,KXNEAR15M-26OCT042315-15,0.9500,3.19,no
2026-10-05T03:13:53.843234Z,KXNEAR15M-26OCT042315-15,0.9530,2.00,no
2026-10-05T03:13:53.843234Z,KXNEAR15M-26OCT042315-15,0.9490,3.47,no
2026-10-05T03:13:53.843234Z,KXNEAR15M-26OCT042315-15,0.9510,2.66,no
2026-10-05T03:13:54.139547Z,KXNEAR15M-26OCT042315-15,0.9490,0.36,no
2026-10-05T03:13:54.169689Z,KXNEAR15M-26OCT042315-15,0.9730,104.00,yes
2026-10-05T03:13:54.169689Z,KXNEAR15M-26OCT042315-15,0.9730,0.03,yes
2026-10-05T03:13:54.169689Z,KXNEAR15M-26OCT042315-15,0.9750,0.03,yes
2026-10-05T03:13:54.169689Z,KXNEAR15M-26OCT042315-15,0.9710,1.00,yes
2026-10-05T03:13:54.169689Z,KXNEAR15M-26OCT042315-15,0.9720,4.00,yes
2026-10-05T03:13:54.169689Z,KXNEAR15M-26OCT042315-15,0.9750,0.53,yes
2026-10-05T03:13:54.169689Z,KXNEAR15M-26OCT042315-15,0.9820,0.03,yes
2026-10-05T03:13:54.169689Z,KXNEAR15M-26OCT042315-15,0.9820,4.00,yes
2026-10-05T03:13:54.265254Z,KXNEAR15M-26OCT042315-15,0.9910,112.00,no
2026-10-05T03:13:54.627367Z,KXNEAR15M-26OCT042315-15,0.9910,63.89,no
2026-10-05T03:13:55.114067Z,KXNEAR15M-26OCT042315-15,0.9910,677.05,no
2026-10-05T03:13:55.213031Z,KXNEAR15M-26OCT042315-15,0.9870,1.00,yes
2026-10-05T03:13:55.665478Z,KXNEAR15M-26OCT042315-15,0.9880,1.97,yes
2026-10-05T03:13:55.665478Z,KXNEAR15M-26OCT042315-15,0.9880,0.03,yes
2026-10-05T03:13:55.881723Z,KXNEAR15M-26OCT042315-15,0.9890,4.00,yes
2026-10-05T03:13:55.989134Z,KXNEAR15M-26OCT042315-15,0.9890,1.00,yes
2026-10-05T03:13:56.201115Z,KXNEAR15M-26OCT042315-15,0.9890,1.00,yes
2026-10-05T03:13:57.898795Z,KXNEAR15M-26OCT042315-15,0.9890,22.00,yes
2026-10-05T03:13:57.911385Z,KXNEAR15M-26OCT042315-15,0.9890,1.00,yes
2026-10-05T03:13:58.142226Z,KXNEAR15M-26OCT042315-15,0.9890,3.00,yes
2026-10-05T03:13:58.356242Z,KXNEAR15M-26OCT042315-15,0.9890,16.00,yes
2026-10-05T03:14:00.658964Z,KXNEAR15M-26OCT042315-15,0.9900,9.00,yes
2026-10-05T03:14:02.578284Z,KXNEAR15M-26OCT042315-15,0.9800,104.00,yes
2026-10-05T03:14:02.578284Z,KXNEAR15M-26OCT042315-15,0.9810,42.00,yes
2026-10-05T03:14:02.578284Z,KXNEAR15M-26OCT042315-15,0.9820,15.97,yes
2026-10-05T03:14:02.578284Z,KXNEAR15M-26OCT042315-15,0.9800,4.00,yes
2026-10-05T03:14:02.786306Z,KXNEAR15M-26OCT042315-15,0.9820,0.03,yes
2026-10-05T03:14:02.786306Z,KXNEAR15M-26OCT042315-15,0.9830,0.03,yes
2026-10-05T03:14:02.786306Z,KXNEAR15M-26OCT042315-15,0.9840,0.03,yes
2026-10-05T03:14:02.786306Z,KXNEAR15M-26OCT042315-15,0.9850,0.03,yes
2026-10-05T03:14:03.225229Z,KXNEAR15M-26OCT042315-15,0.9880,0.03,yes
2026-10-05T03:14:03.225229Z,KXNEAR15M-26OCT042315-15,0.9890,0.03,yes
2026-10-05T03:14:04.777425Z,KXNEAR15M-26OCT042315-15,0.9900,3.97,yes
2026-10-05T03:14:04.777425Z,KXNEAR15M-26OCT042315-15,0.9900,0.03,yes
2026-10-05T03:14:04.804225Z,KXNEAR15M-26OCT042315-15,0.9900,0.03,yes
2026-10-05T03:14:04.818643Z,KXNEAR15M-26OCT042315-15,0.9910,0.03,yes
2026-10-05T03:14:04.818643Z,KXNEAR15M-26OCT042315-15,0.9920,27.97,yes
2026-10-05T03:14:04.825043Z,KXNEAR15M-26OCT042315-15,0.9920,0.03,yes
2026-10-05T03:14:04.825043Z,KXNEAR15M-26OCT042315-15,0.9930,0.03,yes
2026-10-05T03:14:04.825043Z,KXNEAR15M-26OCT042315-15,0.9920,0.66,yes
2026-10-05T03:14:04.875873Z,KXNEAR15M-26OCT042315-15,0.9940,0.03,yes
2026-10-05T03:14:04.875873Z,KXNEAR15M-26OCT042315-15,0.9950,1.97,yes
2026-10-05T03:14:05.058195Z,KXNEAR15M-26OCT042315-15,0.9960,24.00,no
2026-10-05T03:14:05.585846Z,KXNEAR15M-26OCT042315-15,0.9970,10.00,yes
2026-10-05T03:14:05.585846Z,KXNEAR15M-26OCT042315-15,0.9970,8.00,yes
2026-10-05T03:14:05.769337Z,KXNEAR15M-26OCT042315-15,0.9970,10.00,yes
2026-10-05T03:14:05.775824Z,KXNEAR15M-26OCT042315-15,0.9970,2.00,yes
2026-10-05T03:14:05.775824Z,KXNEAR15M-26OCT042315-15,0.9970,1.00,yes
2026-10-05T03:14:05.775824Z,KXNEAR15M-26OCT042315-15,0.9970,2.00,yes
2026-10-05T03:14:05.945059Z,KXNEAR15M-26OCT042315-15,0.9970,1.00,yes
2026-10-05T03:14:05.945059Z,KXNEAR15M-26OCT042315-15,0.9970,2.00,yes
2026-10-05T03:14:05.945059Z,KXNEAR15M-26OCT042315-15,0.9970,2.00,yes
2026-10-05T03:14:05.945059Z,KXNEAR15M-26OCT042315-15,0.9970,1.00,yes
2026-10-05T03:14:06.884684Z,KXNEAR15M-26OCT042315-15,0.9980,1.00,yes
2026-10-05T03:14:09.026748Z,KXNEAR15M-26OCT042315-15,0.9980,5.00,yes
2026-10-05T03:14:09.033762Z,KXNEAR15M-26OCT042315-15,0.9980,2.00,yes
2026-10-05T03:14:10.095195Z,KXNEAR15M-26OCT042315-15,0.9960,4.76,no
2026-10-05T03:14:10.172978Z,KXNEAR15M-26OCT042315-15,0.9980,10.00,yes
2026-10-05T03:14:10.178894Z,KXNEAR15M-26OCT042315-15,0.9980,2.00,yes
2026-10-05T03:14:10.648809Z,KXNEAR15M-26OCT042315-15,0.9980,2.00,yes
2026-10-05T03:14:10.655717Z,KXNEAR15M-26OCT042315-15,0.9980,2.00,yes
2026-10-05T03:14:10.766408Z,KXNEAR15M-26OCT042315-15,0.9980,226.06,yes
2026-10-05T03:14:11.077947Z,KXNEAR15M-26OCT042315-15,0.9980,7.00,yes
2026-10-05T03:14:11.084409Z,KXNEAR15M-26OCT042315-15,0.9980,2.00,yes
2026-10-05T03:14:11.213846Z,KXNEAR15M-26OCT042315-15,0.9980,25.00,yes
2026-10-05T03:14:11.426993Z,KXNEAR15M-26OCT042315-15,0.9980,2.00,yes
2026-10-05T03:14:11.433115Z,KXNEAR15M-26OCT042315-15,0.9980,2.00,yes
2026-10-05T03:14:11.561407Z,KXNEAR15M-26OCT042315-15,0.9980,2.00,yes
2026-10-05T03:14:12.037211Z,KXNEAR15M-26OCT042315-15,0.9980,5.00,yes
2026-10-05T03:14:12.10734Z,KXNEAR15M-26OCT042315-15,0.9980,10.00,yes
2026-10-05T03:14:12.112421Z,KXNEAR15M-26OCT042315-15,0.9980,2.00,yes
2026-10-05T03:14:12.420964Z,KXNEAR15M-26OCT042315-15,0.9980,5.00,yes
2026-10-05T03:14:12.471225Z,KXNEAR15M-26OCT042315-15,0.9980,15.00,yes
2026-10-05T03:14:12.478019Z,KXNEAR15M-26OCT042315-15,0.9980,5.00,yes
2026-10-05T03:14:12.485637Z,KXNEAR15M-26OCT042315-15,0.9980,2.00,yes
2026-10-05T03:14:12.490814Z,KXNEAR15M-26OCT042315-15,0.9980,2.00,yes
2026-10-05T03:14:12.767014Z,KXNEAR15M-26OCT042315-15,0.9980,0.14,yes
2026-10-05T03:14:13.226198Z,KXNEAR15M-26OCT042315-15,0.9980,3.00,yes
2026-10-05T03:14:13.226198Z,KXNEAR15M-26OCT042315-15,0.9980,3.00,yes
2026-10-05T03:14:13.226198Z,KXNEAR15M-26OCT042315-15,0.9980,3.00,yes
2026-10-05T03:14:13.226198Z,KXNEAR15M-26OCT042315-15,0.9980,3.00,yes
2026-10-05T03:14:13.226198Z,KXNEAR15M-26OCT042315-15,0.9980,3.00,yes
2026-10-05T03:14:13.226198Z,KXNEAR15M-26OCT042315-15,0.9980,26.00,yes
2026-10-05T03:14:13.226198Z,KXNEAR15M-26OCT042315-15,0.9980,10.00,yes
2026-10-05T03:14:13.226198Z,KXNEAR15M-26OCT042315-15,0.9980,63.80,yes
2026-10-05T03:14:13.226198Z,KXNEAR15M-26OCT042315-15,0.9980,100.00,yes
2026-10-05T03:14:13.226198Z,KXNEAR15M-26OCT042315-15,0.9980,25.00,yes
2026-10-05T03:14:19.248703Z,KXNEAR15M-26OCT042315-15,0.9990,200.00,yes
2026-10-05T03:14:21.571334Z,KXNEAR15M-26OCT042315-15,0.9980,1.97,no
2026-10-05T03:14:21.571334Z,KXNEAR15M-26OCT042315-15,0.9980,0.03,no
2026-10-05T03:14:25.262842Z,KXNEAR15M-26OCT042315-15,0.9990,64.00,yes
2026-10-05T03:14:26.074273Z,KXNEAR15M-26OCT042315-15,0.9990,1.00,yes
2026-10-05T03:14:26.074273Z,KXNEAR15M-26OCT042315-15,0.9990,10.00,yes
2026-10-05T03:14:26.074273Z,KXNEAR15M-26OCT042315-15,0.9990,1.00,yes
2026-10-05T03:14:26.074273Z,KXNEAR15M-26OCT042315-15,0.9990,1.00,yes
2026-10-05T03:14:26.074273Z,KXNEAR15M-26OCT042315-15,0.9990,236.00,yes
2026-10-05T03:14:26.074273Z,KXNEAR15M-26OCT042315-15,0.9990,1.00,yes
2026-10-05T03:14:26.074273Z,KXNEAR15M-26OCT042315-15,0.9990,50.00,yes
2026-10-05T03:14:26.164139Z,KXNEAR15M-26OCT042315-15,0.9990,0.97,yes
2026-10-05T03:14:26.164139Z,KXNEAR15M-26OCT042315-15,0.9990,25.03,yes
2026-10-05T03:14:30.556621Z,KXNEAR15M-26OCT042315-15,0.9980,0.03,no
2026-10-05T03:14:30.556621Z,KXNEAR15M-26OCT042315-15,0.9990,143.00,no
2026-10-05T03:14:30.556621Z,KXNEAR15M-26OCT042315-15,0.9980,0.97,no
2026-10-05T03:14:30.556621Z,KXNEAR15M-26OCT042315-15,0.9990,104.00,no
2026-10-05T03:14:30.556621Z,KXNEAR15M-26OCT042315-15,0.9980,1.00,no
2026-10-05T03:14:30.556621Z,KXNEAR15M-26OCT042315-15,0.9980,93.76,no
2026-10-05T03:14:30.556621Z,KXNEAR15M-26OCT042315-15,0.9990,71.00,no
2026-10-05T03:14:30.556621Z,KXNEAR15M-26OCT042315-15,0.9980,10.00,no
2026-10-05T03:14:30.556621Z,KXNEAR15M-26OCT042315-15,0.9980,198.03,no
2026-10-05T03:14:38.789654Z,KXNEAR15M-26OCT042315-15,0.9990,915.99,no
2026-10-05T03:14:39.467484Z,KXNEAR15M-26OCT042315-15,0.9990,2.00,no
2026-10-05T03:14:52.011352Z,KXNEAR15M-26OCT042315-15,0.9990,5.00,no
2026-10-05T03:12:42.155116Z,KXGOLD15M-26OCT042315-15,0.0160,10.88,yes
2026-10-05T03:12:42.872396Z,KXGOLD15M-26OCT042315-15,0.0150,24.00,yes
2026-10-05T03:12:42.883578Z,KXGOLD15M-26OCT042315-15,0.0150,14.90,no
2026-10-05T03:12:42.919509Z,KXGOLD15M-26OCT042315-15,0.0160,300.00,yes
2026-10-05T03:12:42.919509Z,KXGOLD15M-26OCT042315-15,0.0160,8.02,yes
2026-10-05T03:12:42.931629Z,KXGOLD15M-26OCT042315-15,0.0170,33.90,yes
2026-10-05T03:12:42.931629Z,KXGOLD15M-26OCT042315-15,0.0170,66.10,yes
2026-10-05T03:12:42.931629Z,KXGOLD15M-26OCT042315-15,0.0170,100.00,yes
2026-10-05T03:12:43.05007Z,KXGOLD15M-26OCT042315-15,0.0160,183.48,no
2026-10-05T03:12:43.178455Z,KXGOLD15M-26OCT042315-15,0.0150,501.00,no
2026-10-05T03:12:43.296473Z,KXGOLD15M-26OCT042315-15,0.0140,300.00,no
2026-10-05T03:12:43.296473Z,KXGOLD15M-26OCT042315-15,0.0140,1.00,no
2026-10-05T03:12:43.396136Z,KXGOLD15M-26OCT042315-15,0.0140,2.52,yes
2026-10-05T03:12:43.85666Z,KXGOLD15M-26OCT042315-15,0.0130,1089.63,yes
2026-10-05T03:12:43.85666Z,KXGOLD15M-26OCT042315-15,0.0130,28.00,yes
2026-10-05T03:12:44.120508Z,KXGOLD15M-26OCT042315-15,0.0130,0.67,yes
2026-10-05T03:12:44.200923Z,KXGOLD15M-26OCT042315-15,0.0120,110.00,no
2026-10-05T03:12:44.200923Z,KXGOLD15M-26OCT042315-15,0.0120,5.00,no
2026-10-05T03:12:44.200923Z,KXGOLD15M-26OCT042315-15,0.0120,1.00,no
2026-10-05T03:12:44.200923Z,KXGOLD15M-26OCT042315-15,0.0120,1570.75,no
2026-10-05T03:12:44.280429Z,KXGOLD15M-26OCT042315-15,0.0120,2.05,yes
2026-10-05T03:12:44.403019Z,KXGOLD15M-26OCT042315-15,0.0120,19.95,yes
2026-10-05T03:12:44.403019Z,KXGOLD15M-26OCT042315-15,0.0120,1500.00,yes
2026-10-05T03:12:44.869912Z,KXGOLD15M-26OCT042315-15,0.0150,278.83,yes
2026-10-05T03:12:44.869912Z,KXGOLD15M-26OCT042315-15,0.0130,33.00,yes
2026-10-05T03:12:45.221814Z,KXGOLD15M-26OCT042315-15,0.0130,25.00,yes
2026-10-05T03:12:46.023507Z,KXGOLD15M-26OCT042315-15,0.0130,0.30,yes
2026-10-05T03:12:46.158702Z,KXGOLD15M-26OCT042315-15,0.0130,13.11,yes
2026-10-05T03:12:46.308763Z,KXGOLD15M-26OCT042315-15,0.0120,20.20,no
2026-10-05T03:12:46.390127Z,KXGOLD15M-26OCT042315-15,0.0130,141.80,yes
2026-10-05T03:12:46.774325Z,KXGOLD15M-26OCT042315-15,0.0130,39.57,yes
2026-10-05T03:12:46.945536Z,KXGOLD15M-26OCT042315-15,0.0120,15.38,no
2026-10-05T03:12:46.963826Z,KXGOLD15M-26OCT042315-15,0.0130,71.95,yes
2026-10-05T03:12:47.054582Z,KXGOLD15M-26OCT042315-15,0.0130,352.56,yes
2026-10-05T03:12:47.613986Z,KXGOLD15M-26OCT042315-15,0.0230,42.10,yes
2026-10-05T03:12:47.613986Z,KXGOLD15M-26OCT042315-15,0.0200,60.00,yes
2026-10-05T03:12:47.613986Z,KXGOLD15M-26OCT042315-15,0.0200,172.00,yes
2026-10-05T03:12:47.613986Z,KXGOLD15M-26OCT042315-15,0.0230,34.82,yes
2026-10-05T03:12:47.613986Z,KXGOLD15M-26OCT042315-15,0.0210,50.00,yes
2026-10-05T03:12:47.613986Z,KXGOLD15M-26OCT042315-15,0.0200,60.00,yes
2026-10-05T03:12:47.613986Z,KXGOLD15M-26OCT042315-15,0.0160,500.00,yes
2026-10-05T03:12:47.613986Z,KXGOLD15M-26OCT042315-15,0.0130,951.46,yes
2026-10-05T03:12:47.613986Z,KXGOLD15M-26OCT042315-15,0.0200,23.94,yes
2026-10-05T03:12:47.613986Z,KXGOLD15M-26OCT042315-15,0.0160,40.00,yes
2026-10-05T03:12:47.613986Z,KXGOLD15M-26OCT042315-15,0.0150,12.00,yes
2026-10-05T03:12:47.613986Z,KXGOLD15M-26OCT042315-15,0.0150,101.00,yes
2026-10-05T03:12:47.613986Z,KXGOLD15M-26OCT042315-15,0.0160,300.00,yes
2026-10-05T03:12:47.613986Z,KXGOLD15M-26OCT042315-15,0.0210,41.00,yes
2026-10-05T03:12:47.613986Z,KXGOLD15M-26OCT042315-15,0.0200,33.90,yes
2026-10-05T03:12:47.613986Z,KXGOLD15M-26OCT042315-15,0.0230,30.00,yes
2026-10-05T03:12:47.613986Z,KXGOLD15M-26OCT042315-15,0.0210,300.00,yes
2026-10-05T03:12:47.613986Z,KXGOLD15M-26OCT042315-15,0.0200,6.10,yes
2026-10-05T03:12:47.613986Z,KXGOLD15M-26OCT042315-15,0.0230,60.00,yes
2026-10-05T03:12:47.613986Z,KXGOLD15M-26OCT042315-15,0.0200,1.00,yes
2026-10-05T03:12:47.613986Z,KXGOLD15M-26OCT042315-15,0.0200,2.00,yes
2026-10-05T03:12:47.641063Z,KXGOLD15M-26OCT042315-15,0.0130,74.28,no
2026-10-05T03:12:47.641063Z,KXGOLD15M-26OCT042315-15,0.0130,40.00,no
2026-10-05T03:12:47.674043Z,KXGOLD15M-26OCT042315-15,0.0150,15.16,no
2026-10-05T03:12:48.226904Z,KXGOLD15M-26OCT042315-15,0.0160,32.25,yes
2026-10-05T03:12:48.226904Z,KXGOLD15M-26OCT042315-15,0.0160,17.00,yes
2026-10-05T03:12:48.685672Z,KXGOLD15M-26OCT042315-15,0.0150,6.10,no
2026-10-05T03:12:48.685672Z,KXGOLD15M-26OCT042315-15,0.0150,18.74,no
2026-10-05T03:12:48.99191Z,KXGOLD15M-26OCT042315-15,0.0140,15.00,yes
2026-10-05T03:12:48.99191Z,KXGOLD15M-26OCT042315-15,0.0140,5.57,yes
2026-10-05T03:12:50.139678Z,KXGOLD15M-26OCT042315-15,0.0130,10.00,yes
2026-10-05T03:12:50.303565Z,KXGOLD15M-26OCT042315-15,0.0130,11.10,yes
2026-10-05T03:12:50.303565Z,KXGOLD15M-26OCT042315-15,0.0130,9.00,yes
2026-10-05T03:12:50.319405Z,KXGOLD15M-26OCT042315-15,0.0130,14.84,yes
2026-10-05T03:12:51.625416Z,KXGOLD15M-26OCT042315-15,0.0140,26.76,no
2026-10-05T03:12:51.825465Z,KXGOLD15M-26OCT042315-15,0.0150,124.73,yes
2026-10-05T03:12:51.971537Z,KXGOLD15M-26OCT042315-15,0.0140,73.24,no
2026-10-05T03:12:51.971537Z,KXGOLD15M-26OCT042315-15,0.0120,5.00,no
2026-10-05T03:12:51.971537Z,KXGOLD15M-26OCT042315-15,0.0110,417.10,no
2026-10-05T03:12:52.062103Z,KXGOLD15M-26OCT042315-15,0.0120,417.10,no
2026-10-05T03:12:52.286578Z,KXGOLD15M-26OCT042315-15,0.0130,62.36,yes
2026-10-05T03:12:52.332018Z,KXGOLD15M-26OCT042315-15,0.0130,13.80,no
2026-10-05T03:12:52.470035Z,KXGOLD15M-26OCT042315-15,0.0140,21.91,no
2026-10-05T03:12:53.48403Z,KXGOLD15M-26OCT042315-15,0.0140,8.10,no
2026-10-05T03:12:53.889613Z,KXGOLD15M-26OCT042315-15,0.0140,15.19,no
2026-10-05T03:12:54.180974Z,KXGOLD15M-26OCT042315-15,0.0160,1.82,yes
2026-10-05T03:12:54.361467Z,KXGOLD15M-26OCT042315-15,0.0140,1.00,no
2026-10-05T03:12:55.15446Z,KXGOLD15M-26OCT042315-15,0.0130,15.44,no
2026-10-05T03:12:55.41649Z,KXGOLD15M-26OCT042315-15,0.0160,55.04,yes
2026-10-05T03:12:55.593285Z,KXGOLD15M-26OCT042315-15,0.0140,3.29,no
2026-10-05T03:12:56.152003Z,KXGOLD15M-26OCT042315-15,0.0160,350.83,yes
2026-10-05T03:12:56.587836Z,KXGOLD15M-26OCT042315-15,0.0140,10.13,no
2026-10-05T03:12:56.600306Z,KXGOLD15M-26OCT042315-15,0.0140,2.00,no
2026-10-05T03:12:56.631994Z,KXGOLD15M-26OCT042315-15,0.0140,100.00,no
2026-10-05T03:12:57.266452Z,KXGOLD15M-26OCT042315-15,0.0110,146.00,no
2026-10-05T03:12:57.266452Z,KXGOLD15M-26OCT042315-15,0.0110,350.00,no
2026-10-05T03:12:57.266452Z,KXGOLD15M-26OCT042315-15,0.0110,49.90,no
2026-10-05T03:12:57.266452Z,KXGOLD15M-26OCT042315-15,0.0110,20.00,no
2026-10-05T03:12:57.266452Z,KXGOLD15M-26OCT042315-15,0.0110,1.00,no
2026-10-05T03:12:57.266452Z,KXGOLD15M-26OCT042315-15,0.0110,10.00,no
2026-10-05T03:12:57.266452Z,KXGOLD15M-26OCT042315-15,0.0110,100.00,no
2026-10-05T03:12:57.266452Z,KXGOLD15M-26OCT042315-15,0.0110,2.00,no
2026-10-05T03:12:57.266452Z,KXGOLD15M-26OCT042315-15,0.0110,2.00,no
2026-10-05T03:12:57.328867Z,KXGOLD15M-26OCT042315-15,0.0110,780.90,yes
2026-10-05T03:12:57.825549Z,KXGOLD15M-26OCT042315-15,0.0100,83.74,no
2026-10-05T03:12:58.195047Z,KXGOLD15M-26OCT042315-15,0.0110,11.00,yes
2026-10-05T03:12:58.195047Z,KXGOLD15M-26OCT042315-15,0.0110,144.89,yes
2026-10-05T03:12:58.255442Z,KXGOLD15M-26OCT042315-15,0.0110,42.51,yes
2026-10-05T03:12:58.328678Z,KXGOLD15M-26OCT042315-15,0.0110,425.11,yes
2026-10-05T03:12:58.416346Z,KXGOLD15M-26OCT042315-15,0.0110,5.07,yes
2026-10-05T03:12:58.429174Z,KXGOLD15M-26OCT042315-15,0.0110,425.11,yes
2026-10-05T03:12:58.497758Z,KXGOLD15M-26OCT042315-15,0.0100,15.14,no
2026-10-05T03:12:58.599058Z,KXGOLD15M-26OCT042315-15,0.0110,85.02,yes
2026-10-05T03:12:58.615185Z,KXGOLD15M-26OCT042315-15,0.0110,22.00,yes
2026-10-05T03:12:58.615185Z,KXGOLD15M-26OCT042315-15,0.0110,372.29,yes
2026-10-05T03:12:59.212355Z,KXGOLD15M-26OCT042315-15,0.0100,1.17,no
2026-10-05T03:12:59.21385Z,KXGOLD15M-26OCT042315-15,0.0100,348.95,no
2026-10-05T03:12:59.21385Z,KXGOLD15M-26OCT042315-15,0.0100,45.34,no
2026-10-05T03:12:59.408899Z,KXGOLD15M-26OCT042315-15,0.0100,4.00,no
2026-10-05T03:12:59.434114Z,KXGOLD15M-26OCT042315-15,0.0110,85.02,yes
2026-10-05T03:12:59.48649Z,KXGOLD15M-26OCT042315-15,0.0110,63.01,yes
2026-10-05T03:12:59.686926Z,KXGOLD15M-26OCT042315-15,0.0110,425.11,yes
2026-10-05T03:12:59.942257Z,KXGOLD15M-26OCT042315-15,0.0110,85.02,yes
2026-10-05T03:13:00.37127Z,KXGOLD15M-26OCT042315-15,0.0110,19.00,yes
2026-10-05T03:13:00.476702Z,KXGOLD15M-26OCT042315-15,0.0110,1.00,no
2026-10-05T03:13:00.784561Z,KXGOLD15M-26OCT042315-15,0.0110,20.00,no
2026-10-05T03:13:00.784561Z,KXGOLD15M-26OCT042315-15,0.0110,0.18,no
2026-10-05T03:13:00.91887Z,KXGOLD15M-26OCT042315-15,0.0110,15.00,no
2026-10-05T03:13:00.91887Z,KXGOLD15M-26OCT042315-15,0.0110,1499.82,no
2026-10-05T03:13:00.91887Z,KXGOLD15M-26OCT042315-15,0.0110,5.00,no
2026-10-05T03:13:00.91887Z,KXGOLD15M-26OCT042315-15,0.0110,100.00,no
2026-10-05T03:13:00.91887Z,KXGOLD15M-26OCT042315-15,0.0110,146.00,no
2026-10-05T03:13:00.91887Z,KXGOLD15M-26OCT042315-15,0.0100,18.95,no
2026-10-05T03:13:00.91887Z,KXGOLD15M-26OCT042315-15,0.0100,1.31,no
2026-10-05T03:13:00.91887Z,KXGOLD15M-26OCT042315-15,0.0100,13.55,no
2026-10-05T03:13:00.91887Z,KXGOLD15M-26OCT042315-15,0.0100,250.66,no
2026-10-05T03:13:00.91887Z,KXGOLD15M-26OCT042315-15,0.0100,750.00,no
2026-10-05T03:13:00.91887Z,KXGOLD15M-26OCT042315-15,0.0100,4.27,no
2026-10-05T03:13:00.91887Z,KXGOLD15M-26OCT042315-15,0.0100,1.00,no
2026-10-05T03:13:00.91887Z,KXGOLD15M-26OCT042315-15,0.0100,25.00,no
2026-10-05T03:13:00.91887Z,KXGOLD15M-26OCT042315-15,0.0100,10.25,no
2026-10-05T03:13:00.91887Z,KXGOLD15M-26OCT042315-15,0.0100,11.18,no
2026-10-05T03:13:00.91887Z,KXGOLD15M-26OCT042315-15,0.0100,200.00,no
2026-10-05T03:13:00.91887Z,KXGOLD15M-26OCT042315-15,0.0100,2.00,no
2026-10-05T03:13:00.91887Z,KXGOLD15M-26OCT042315-15,0.0100,10.69,no
2026-10-05T03:13:00.91887Z,KXGOLD15M-26OCT042315-15,0.0100,2.87,no
2026-10-05T03:13:00.91887Z,KXGOLD15M-26OCT042315-15,0.0100,1.00,no
2026-10-05T03:13:00.926752Z,KXGOLD15M-26OCT042315-15,0.0110,234.90,yes
2026-10-05T03:13:01.092805Z,KXGOLD15M-26OCT042315-15,0.0100,543.18,no
2026-10-05T03:13:01.092805Z,KXGOLD15M-26OCT042315-15,0.0100,23.03,no
2026-10-05T03:13:01.092805Z,KXGOLD15M-26OCT042315-15,0.0100,386.45,no
2026-10-05T03:13:01.092805Z,KXGOLD15M-26OCT042315-15,0.0100,56.34,no
2026-10-05T03:13:01.650652Z,KXGOLD15M-26OCT042315-15,0.0110,9.00,yes
2026-10-05T03:13:01.768988Z,KXGOLD15M-26OCT042315-15,0.0110,25.00,yes
2026-10-05T03:13:01.776923Z,KXGOLD15M-26OCT042315-15,0.0120,350.00,yes
2026-10-05T03:13:01.776923Z,KXGOLD15M-26OCT042315-15,0.0120,750.00,yes
2026-10-05T03:13:01.776923Z,KXGOLD15M-26OCT042315-15,0.0120,300.00,yes
2026-10-05T03:13:01.898867Z,KXGOLD15M-26OCT042315-15,0.0140,10.00,yes
2026-10-05T03:13:01.898867Z,KXGOLD15M-26OCT042315-15,0.0140,34.76,yes
2026-10-05T03:13:01.926589Z,KXGOLD15M-26OCT042315-15,0.0130,300.00,no
2026-10-05T03:13:02.209922Z,KXGOLD15M-26OCT042315-15,0.0110,188.00,no
2026-10-05T03:13:02.235889Z,KXGOLD15M-26OCT042315-15,0.0150,15.14,yes
2026-10-05T03:13:02.235889Z,KXGOLD15M-26OCT042315-15,0.0150,83.74,yes
2026-10-05T03:13:02.235889Z,KXGOLD15M-26OCT042315-15,0.0150,49.90,yes
2026-10-05T03:13:02.235889Z,KXGOLD15M-26OCT042315-15,0.0150,348.95,yes
2026-10-05T03:13:02.235889Z,KXGOLD15M-26OCT042315-15,0.0150,1.17,yes
2026-10-05T03:13:02.235889Z,KXGOLD15M-26OCT042315-15,0.0150,2.05,yes
2026-10-05T03:13:02.235889Z,KXGOLD15M-26OCT042315-15,0.0130,22.00,yes
2026-10-05T03:13:02.235889Z,KXGOLD15M-26OCT042315-15,0.0150,40.00,yes
2026-10-05T03:13:02.737244Z,KXGOLD15M-26OCT042315-15,0.0110,65.03,yes
2026-10-05T03:13:02.75461Z,KXGOLD15M-26OCT042315-15,0.0100,10.00,no
2026-10-05T03:13:02.77964Z,KXGOLD15M-26OCT042315-15,0.0110,38.97,yes
2026-10-05T03:13:03.211594Z,KXGOLD15M-26OCT042315-15,0.0110,88.05,no
2026-10-05T03:13:03.648066Z,KXGOLD15M-26OCT042315-15,0.0100,16.21,no
2026-10-05T03:13:03.747347Z,KXGOLD15M-26OCT042315-15,0.0120,2.71,yes
2026-10-05T03:13:03.747347Z,KXGOLD15M-26OCT042315-15,0.0120,16.00,yes
2026-10-05T03:13:03.838917Z,KXGOLD15M-26OCT042315-15,0.0130,0.76,yes
2026-10-05T03:13:03.910082Z,KXGOLD15M-26OCT042315-15,0.0100,0.01,no
2026-10-05T03:13:04.581459Z,KXGOLD15M-26OCT042315-15,0.0120,274.77,no
2026-10-05T03:13:04.68919Z,KXGOLD15M-26OCT042315-15,0.0140,300.00,yes
2026-10-05T03:13:04.756445Z,KXGOLD15M-26OCT042315-15,0.0140,300.00,no
2026-10-05T03:13:04.756445Z,KXGOLD15M-26OCT042315-15,0.0140,249.66,no
2026-10-05T03:13:05.344975Z,KXGOLD15M-26OCT042315-15,0.0150,1121.51,yes
2026-10-05T03:13:05.692774Z,KXGOLD15M-26OCT042315-15,0.0140,101.42,no
2026-10-05T03:13:05.697295Z,KXGOLD15M-26OCT042315-15,0.0160,41.00,yes
2026-10-05T03:13:05.697295Z,KXGOLD15M-26OCT042315-15,0.0160,0.93,yes
2026-10-05T03:13:06.391278Z,KXGOLD15M-26OCT042315-15,0.0150,1500.00,no
2026-10-05T03:13:06.814922Z,KXGOLD15M-26OCT042315-15,0.0170,53.93,yes
2026-10-05T03:13:06.837309Z,KXGOLD15M-26OCT042315-15,0.0170,53.93,yes
2026-10-05T03:13:07.215497Z,KXGOLD15M-26OCT042315-15,0.0170,12.65,yes
2026-10-05T03:13:07.280034Z,KXGOLD15M-26OCT042315-15,0.0170,56.68,yes
2026-10-05T03:13:07.299242Z,KXGOLD15M-26OCT042315-15,0.0170,53.93,yes
2026-10-05T03:13:07.537568Z,KXGOLD15M-26OCT042315-15,0.0170,37.05,yes
2026-10-05T03:13:07.537568Z,KXGOLD15M-26OCT042315-15,0.0170,16.88,yes
2026-10-05T03:13:07.850684Z,KXGOLD15M-26OCT042315-15,0.0170,53.93,yes
2026-10-05T03:13:07.850684Z,KXGOLD15M-26OCT042315-15,0.0160,1500.00,yes
2026-10-05T03:13:07.850684Z,KXGOLD15M-26OCT042315-15,0.0170,90.81,yes
2026-10-05T03:13:07.850684Z,KXGOLD15M-26OCT042315-15,0.0170,123.26,yes
2026-10-05T03:13:07.850684Z,KXGOLD15M-26OCT042315-15,0.0220,132.14,yes
2026-10-05T03:13:07.850684Z,KXGOLD15M-26OCT042315-15,0.0190,7.00,yes
2026-10-05T03:13:07.850684Z,KXGOLD15M-26OCT042315-15,0.0200,168.00,yes
2026-10-05T03:13:07.850684Z,KXGOLD15M-26OCT042315-15,0.0200,4.45,yes
2026-10-05T03:13:07.850684Z,KXGOLD15M-26OCT042315-15,0.0220,30.00,yes
2026-10-05T03:13:07.850684Z,KXGOLD15M-26OCT042315-15,0.0210,300.00,yes
2026-10-05T03:13:07.850684Z,KXGOLD15M-26OCT042315-15,0.0200,15.16,yes
2026-10-05T03:13:07.850684Z,KXGOLD15M-26OCT042315-15,0.0200,18.74,yes
2026-10-05T03:13:07.850684Z,KXGOLD15M-26OCT042315-15,0.0200,6.10,yes
2026-10-05T03:13:08.042941Z,KXGOLD15M-26OCT042315-15,0.0160,1.01,no
2026-10-05T03:13:08.173254Z,KXGOLD15M-26OCT042315-15,0.0150,15.16,no
2026-10-05T03:13:08.173254Z,KXGOLD15M-26OCT042315-15,0.0150,6.10,no
2026-10-05T03:13:08.173254Z,KXGOLD15M-26OCT042315-15,0.0150,18.74,no
2026-10-05T03:13:08.194377Z,KXGOLD15M-26OCT042315-15,0.0120,7.94,no
2026-10-05T03:13:08.535515Z,KXGOLD15M-26OCT042315-15,0.0130,0.26,no
2026-10-05T03:13:08.621841Z,KXGOLD15M-26OCT042315-15,0.0130,39.24,no
2026-10-05T03:13:08.76539Z,KXGOLD15M-26OCT042315-15,0.0150,550.36,yes
2026-10-05T03:13:09.156309Z,KXGOLD15M-26OCT042315-15,0.0120,34.48,no
2026-10-05T03:13:09.161293Z,KXGOLD15M-26OCT042315-15,0.0150,9.00,yes
2026-10-05T03:13:09.218829Z,KXGOLD15M-26OCT042315-15,0.0190,101.00,yes
2026-10-05T03:13:09.218829Z,KXGOLD15M-26OCT042315-15,0.0190,100.00,yes
2026-10-05T03:13:09.49705Z,KXGOLD15M-26OCT042315-15,0.0150,10.32,no
2026-10-05T03:13:10.308026Z,KXGOLD15M-26OCT042315-15,0.0170,112.78,yes
2026-10-05T03:13:10.440033Z,KXGOLD15M-26OCT042315-15,0.0170,246.25,yes
2026-10-05T03:13:10.465363Z,KXGOLD15M-26OCT042315-15,0.0160,7.73,no
2026-10-05T03:13:11.281651Z,KXGOLD15M-26OCT042315-15,0.0160,10.05,no
2026-10-05T03:13:12.906541Z,KXGOLD15M-26OCT042315-15,0.0170,609.65,no
2026-10-05T03:13:13.579891Z,KXGOLD15M-26OCT042315-15,0.0150,4.97,no
2026-10-05T03:13:15.128328Z,KXGOLD15M-26OCT042315-15,0.0130,139.76,no
2026-10-05T03:13:15.129568Z,KXGOLD15M-26OCT042315-15,0.0130,1.00,no
2026-10-05T03:13:15.129568Z,KXGOLD15M-26OCT042315-15,0.0130,160.24,no
2026-10-05T03:13:15.138278Z,KXGOLD15M-26OCT042315-15,0.0130,161.24,yes
2026-10-05T03:13:15.896702Z,KXGOLD15M-26OCT042315-15,0.0130,71.95,yes
2026-10-05T03:13:16.020435Z,KXGOLD15M-26OCT042315-15,0.0120,119.07,no
2026-10-05T03:13:16.119544Z,KXGOLD15M-26OCT042315-15,0.0120,880.93,no
2026-10-05T03:13:16.328593Z,KXGOLD15M-26OCT042315-15,0.0110,880.93,yes
2026-10-05T03:13:16.340387Z,KXGOLD15M-26OCT042315-15,0.0110,619.07,yes
2026-10-05T03:13:16.340387Z,KXGOLD15M-26OCT042315-15,0.0110,100.00,yes
2026-10-05T03:13:16.382134Z,KXGOLD15M-26OCT042315-15,0.0150,14.00,yes
2026-10-05T03:13:18.186787Z,KXGOLD15M-26OCT042315-15,0.0130,1.60,no
2026-10-05T03:13:18.343148Z,KXGOLD15M-26OCT042315-15,0.0180,53.93,yes
2026-10-05T03:13:18.343148Z,KXGOLD15M-26OCT042315-15,0.0180,10.00,yes
2026-10-05T03:13:18.434011Z,KXGOLD15M-26OCT042315-15,0.0210,300.00,yes
2026-10-05T03:13:18.434011Z,KXGOLD15M-26OCT042315-15,0.0200,15.16,yes
2026-10-05T03:13:18.434011Z,KXGOLD15M-26OCT042315-15,0.0200,6.10,yes
2026-10-05T03:13:18.434011Z,KXGOLD15M-26OCT042315-15,0.0230,300.00,yes
2026-10-05T03:13:18.434011Z,KXGOLD15M-26OCT042315-15,0.0200,18.74,yes
2026-10-05T03:13:18.434011Z,KXGOLD15M-26OCT042315-15,0.0180,183.07,yes
2026-10-05T03:13:18.434011Z,KXGOLD15M-26OCT042315-15,0.0180,101.00,yes
2026-10-05T03:13:18.434011Z,KXGOLD15M-26OCT042315-15,0.0180,100.00,yes
2026-10-05T03:13:18.434011Z,KXGOLD15M-26OCT042315-15,0.0200,167.00,yes
2026-10-05T03:13:18.434011Z,KXGOLD15M-26OCT042315-15,0.0240,58.00,yes
2026-10-05T03:13:18.434011Z,KXGOLD15M-26OCT042315-15,0.0190,29.00,yes
2026-10-05T03:13:18.434011Z,KXGOLD15M-26OCT042315-15,0.0230,5.00,yes
2026-10-05T03:13:18.434011Z,KXGOLD15M-26OCT042315-15,0.0260,22.95,yes
2026-10-05T03:13:18.826137Z,KXGOLD15M-26OCT042315-15,0.0170,103.96,yes
2026-10-05T03:13:19.175799Z,KXGOLD15M-26OCT042315-15,0.0150,18.74,no
2026-10-05T03:13:19.175799Z,KXGOLD15M-26OCT042315-15,0.0150,6.10,no
2026-10-05T03:13:19.175799Z,KXGOLD15M-26OCT042315-15,0.0150,15.16,no
2026-10-05T03:13:19.175799Z,KXGOLD15M-26OCT042315-15,0.0150,1.00,no
2026-10-05T03:13:19.298361Z,KXGOLD15M-26OCT042315-15,0.0140,965.89,yes
2026-10-05T03:13:20.904016Z,KXGOLD15M-26OCT042315-15,0.0130,1.00,no
2026-10-05T03:13:20.904016Z,KXGOLD15M-26OCT042315-15,0.0130,4.73,no
2026-10-05T03:13:21.12552Z,KXGOLD15M-26OCT042315-15,0.0170,51.98,yes
2026-10-05T03:13:21.270692Z,KXGOLD15M-26OCT042315-15,0.0160,58.47,yes
2026-10-05T03:13:21.415197Z,KXGOLD15M-26OCT042315-15,0.0160,58.47,yes
2026-10-05T03:13:22.0096Z,KXGOLD15M-26OCT042315-15,0.0150,292.36,yes
2026-10-05T03:13:22.30946Z,KXGOLD15M-26OCT042315-15,0.0150,2.92,no
2026-10-05T03:13:22.382418Z,KXGOLD15M-26OCT042315-15,0.0150,159.85,no
2026-10-05T03:13:22.437774Z,KXGOLD15M-26OCT042315-15,0.0140,13.47,no
2026-10-05T03:13:22.581943Z,KXGOLD15M-26OCT042315-15,0.0160,116.87,yes
2026-10-05T03:13:22.88549Z,KXGOLD15M-26OCT042315-15,0.0130,44.02,no
2026-10-05T03:13:22.88549Z,KXGOLD15M-26OCT042315-15,0.0130,1.00,no
2026-10-05T03:13:22.88549Z,KXGOLD15M-26OCT042315-15,0.0130,40.00,no
2026-10-05T03:13:23.599643Z,KXGOLD15M-26OCT042315-15,0.0160,883.13,yes
2026-10-05T03:13:25.60165Z,KXGOLD15M-26OCT042315-15,0.0140,26.43,no
2026-10-05T03:13:25.989698Z,KXGOLD15M-26OCT042315-15,0.0160,11.44,yes
2026-10-05T03:13:26.002874Z,KXGOLD15M-26OCT042315-15,0.0160,573.60,yes
2026-10-05T03:13:26.124459Z,KXGOLD15M-26OCT042315-15,0.0160,58.47,yes
2026-10-05T03:13:26.930802Z,KXGOLD15M-26OCT042315-15,0.0140,9.69,no
2026-10-05T03:13:26.930802Z,KXGOLD15M-26OCT042315-15,0.0140,1.00,no
2026-10-05T03:13:27.179544Z,KXGOLD15M-26OCT042315-15,0.0160,6.60,yes
2026-10-05T03:13:27.262108Z,KXGOLD15M-26OCT042315-15,0.0150,58.47,yes
2026-10-05T03:13:27.374735Z,KXGOLD15M-26OCT042315-15,0.0120,300.00,no
2026-10-05T03:13:27.752567Z,KXGOLD15M-26OCT042315-15,0.0100,120.12,no
2026-10-05T03:13:27.767669Z,KXGOLD15M-26OCT042315-15,0.0110,57.46,yes
2026-10-05T03:13:27.767669Z,KXGOLD15M-26OCT042315-15,0.0110,10.00,yes
2026-10-05T03:13:28.180019Z,KXGOLD15M-26OCT042315-15,0.0100,310.48,no
2026-10-05T03:13:28.180019Z,KXGOLD15M-26OCT042315-15,0.0100,25.00,no
2026-10-05T03:13:28.180019Z,KXGOLD15M-26OCT042315-15,0.0100,1.00,no
2026-10-05T03:13:28.253659Z,KXGOLD15M-26OCT042315-15,0.0090,3.19,no
2026-10-05T03:13:30.212011Z,KXGOLD15M-26OCT042315-15,0.0100,25.00,yes
2026-10-05T03:13:30.212011Z,KXGOLD15M-26OCT042315-15,0.0100,68.51,yes
2026-10-05T03:13:30.246654Z,KXGOLD15M-26OCT042315-15,0.0090,60.00,no
2026-10-05T03:13:30.246654Z,KXGOLD15M-26OCT042315-15,0.0090,6.65,no
2026-10-05T03:13:30.246654Z,KXGOLD15M-26OCT042315-15,0.0090,131.00,no
2026-10-05T03:13:30.298462Z,KXGOLD15M-26OCT042315-15,0.0100,64.74,yes
2026-10-05T03:13:30.46765Z,KXGOLD15M-26OCT042315-15,0.0100,275.18,yes
2026-10-05T03:13:30.47549Z,KXGOLD15M-26OCT042315-15,0.0090,19.00,no
2026-10-05T03:13:30.648109Z,KXGOLD15M-26OCT042315-15,0.0090,11.21,no
2026-10-05T03:13:30.752222Z,KXGOLD15M-26OCT042315-15,0.0100,6.66,yes
2026-10-05T03:13:31.238533Z,KXGOLD15M-26OCT042315-15,0.0120,5.00,no
2026-10-05T03:13:31.371892Z,KXGOLD15M-26OCT042315-15,0.0120,62.25,no
2026-10-05T03:13:32.107136Z,KXGOLD15M-26OCT042315-15,0.0130,431.71,yes
2026-10-05T03:13:32.211607Z,KXGOLD15M-26OCT042315-15,0.0120,71.95,yes
2026-10-05T03:13:32.288462Z,KXGOLD15M-26OCT042315-15,0.0110,1.00,no
2026-10-05T03:13:32.81706Z,KXGOLD15M-26OCT042315-15,0.0090,6.29,no
2026-10-05T03:13:32.960177Z,KXGOLD15M-26OCT042315-15,0.0110,85.02,yes
2026-10-05T03:13:33.170231Z,KXGOLD15M-26OCT042315-15,0.0110,1.00,yes
2026-10-05T03:13:34.218274Z,KXGOLD15M-26OCT042315-15,0.0120,17.00,yes
2026-10-05T03:13:34.218274Z,KXGOLD15M-26OCT042315-15,0.0120,54.95,yes
2026-10-05T03:13:34.354111Z,KXGOLD15M-26OCT042315-15,0.0120,71.95,yes
2026-10-05T03:13:34.759739Z,KXGOLD15M-26OCT042315-15,0.0120,77.94,yes
2026-10-05T03:13:35.229975Z,KXGOLD15M-26OCT042315-15,0.0100,0.98,no
2026-10-05T03:13:35.261625Z,KXGOLD15M-26OCT042315-15,0.0100,2.17,no
2026-10-05T03:13:35.267879Z,KXGOLD15M-26OCT042315-15,0.0100,198.01,no
2026-10-05T03:13:35.26988Z,KXGOLD15M-26OCT042315-15,0.0100,21.00,no
2026-10-05T03:13:35.882356Z,KXGOLD15M-26OCT042315-15,0.0100,154.62,yes
2026-10-05T03:13:36.831647Z,KXGOLD15M-26OCT042315-15,0.0100,187.03,yes
2026-10-05T03:13:37.649116Z,KXGOLD15M-26OCT042315-15,0.0100,93.51,yes
2026-10-05T03:13:37.833751Z,KXGOLD15M-26OCT042315-15,0.0100,0.93,yes
2026-10-05T03:13:37.93251Z,KXGOLD15M-26OCT042315-15,0.0100,187.03,yes
2026-10-05T03:13:38.139684Z,KXGOLD15M-26OCT042315-15,0.0100,1.00,no
2026-10-05T03:13:38.139684Z,KXGOLD15M-26OCT042315-15,0.0100,1500.00,no
2026-10-05T03:13:38.673452Z,KXGOLD15M-26OCT042315-15,0.0090,10.08,no
2026-10-05T03:13:38.774562Z,KXGOLD15M-26OCT042315-15,0.0100,407.13,yes
2026-10-05T03:13:38.992921Z,KXGOLD15M-26OCT042315-15,0.0100,46.75,yes
2026-10-05T03:13:39.084501Z,KXGOLD15M-26OCT042315-15,0.0110,9.16,yes
2026-10-05T03:13:39.395639Z,KXGOLD15M-26OCT042315-15,0.0090,125.58,no
2026-10-05T03:13:39.598105Z,KXGOLD15M-26OCT042315-15,0.0100,187.03,yes
2026-10-05T03:13:39.62268Z,KXGOLD15M-26OCT042315-15,0.0100,467.59,yes
2026-10-05T03:13:39.660837Z,KXGOLD15M-26OCT042315-15,0.0090,30.25,no
2026-10-05T03:13:40.343455Z,KXGOLD15M-26OCT042315-15,0.0100,146.82,yes
2026-10-05T03:13:40.483614Z,KXGOLD15M-26OCT042315-15,0.0090,300.00,no
2026-10-05T03:13:40.483614Z,KXGOLD15M-26OCT042315-15,0.0090,1.00,no
2026-10-05T03:13:40.492754Z,KXGOLD15M-26OCT042315-15,0.0080,140.00,no
2026-10-05T03:13:40.492754Z,KXGOLD15M-26OCT042315-15,0.0080,7.00,no
2026-10-05T03:13:40.492754Z,KXGOLD15M-26OCT042315-15,0.0080,30.00,no
2026-10-05T03:13:40.492754Z,KXGOLD15M-26OCT042315-15,0.0080,60.00,no
2026-10-05T03:13:40.50988Z,KXGOLD15M-26OCT042315-15,0.0080,8.54,yes
2026-10-05T03:13:40.510296Z,KXGOLD15M-26OCT042315-15,0.0070,962.00,no
2026-10-05T03:13:40.510296Z,KXGOLD15M-26OCT042315-15,0.0070,500.00,no
2026-10-05T03:13:40.728715Z,KXGOLD15M-26OCT042315-15,0.0080,93.51,yes
2026-10-05T03:13:41.108422Z,KXGOLD15M-26OCT042315-15,0.0080,500.00,yes
2026-10-05T03:13:41.108422Z,KXGOLD15M-26OCT042315-15,0.0080,100.00,yes
2026-10-05T03:13:41.496113Z,KXGOLD15M-26OCT042315-15,0.0080,467.53,yes
2026-10-05T03:13:42.277946Z,KXGOLD15M-26OCT042315-15,0.0080,10.13,yes
2026-10-05T03:13:42.640194Z,KXGOLD15M-26OCT042315-15,0.0080,1.60,yes
2026-10-05T03:13:42.665277Z,KXGOLD15M-26OCT042315-15,0.0070,1.00,no
2026-10-05T03:13:42.665277Z,KXGOLD15M-26OCT042315-15,0.0070,207.00,no
2026-10-05T03:13:42.665277Z,KXGOLD15M-26OCT042315-15,0.0070,59.00,no
2026-10-05T03:13:42.665277Z,KXGOLD15M-26OCT042315-15,0.0070,333.00,no
2026-10-05T03:13:43.589769Z,KXGOLD15M-26OCT042315-15,0.0070,1.01,yes
2026-10-05T03:13:43.683012Z,KXGOLD15M-26OCT042315-15,0.0060,100.00,no
2026-10-05T03:13:43.974742Z,KXGOLD15M-26OCT042315-15,0.0050,177.94,no
2026-10-05T03:13:43.974742Z,KXGOLD15M-26OCT042315-15,0.0060,188.00,no
2026-10-05T03:13:43.974742Z,KXGOLD15M-26OCT042315-15,0.0060,70.00,no
2026-10-05T03:13:43.974742Z,KXGOLD15M-26OCT042315-15,0.0060,333.00,no
2026-10-05T03:13:43.974742Z,KXGOLD15M-26OCT042315-15,0.0050,750.00,no
2026-10-05T03:13:43.974742Z,KXGOLD15M-26OCT042315-15,0.0060,400.00,no
2026-10-05T03:13:43.974742Z,KXGOLD15M-26OCT042315-15,0.0050,11.00,no
2026-10-05T03:13:44.065375Z,KXGOLD15M-26OCT042315-15,0.0070,15.55,yes
2026-10-05T03:13:44.105502Z,KXGOLD15M-26OCT042315-15,0.0060,17.15,yes
2026-10-05T03:13:44.171064Z,KXGOLD15M-26OCT042315-15,0.0060,935.01,yes
2026-10-05T03:13:44.173057Z,KXGOLD15M-26OCT042315-15,0.0060,33.03,yes
2026-10-05T03:13:44.279673Z,KXGOLD15M-26OCT042315-15,0.0060,10.67,no
2026-10-05T03:13:44.768172Z,KXGOLD15M-26OCT042315-15,0.0060,171.67,no
2026-10-05T03:13:44.768172Z,KXGOLD15M-26OCT042315-15,0.0060,38.33,no
2026-10-05T03:13:45.088721Z,KXGOLD15M-26OCT042315-15,0.0060,1.00,no
2026-10-05T03:13:45.49317Z,KXGOLD15M-26OCT042315-15,0.0050,822.06,no
2026-10-05T03:13:45.49317Z,KXGOLD15M-26OCT042315-15,0.0060,33.00,no
2026-10-05T03:13:45.49317Z,KXGOLD15M-26OCT042315-15,0.0050,156.36,no
2026-10-05T03:13:46.298548Z,KXGOLD15M-26OCT042315-15,0.0060,698.67,yes
2026-10-05T03:13:46.298548Z,KXGOLD15M-26OCT042315-15,0.0060,143.00,yes
2026-10-05T03:13:47.114804Z,KXGOLD15M-26OCT042315-15,0.0050,113.14,no
2026-10-05T03:13:47.634539Z,KXGOLD15M-26OCT042315-15,0.0060,15.58,yes
2026-10-05T03:13:48.06165Z,KXGOLD15M-26OCT042315-15,0.0050,19.32,no
2026-10-05T03:13:48.461014Z,KXGOLD15M-26OCT042315-15,0.0050,1.58,no
2026-10-05T03:13:48.72888Z,KXGOLD15M-26OCT042315-15,0.0050,209.60,no
2026-10-05T03:13:48.72888Z,KXGOLD15M-26OCT042315-15,0.0050,1.00,no
2026-10-05T03:13:48.72888Z,KXGOLD15M-26OCT042315-15,0.0050,57.00,no
2026-10-05T03:13:48.72888Z,KXGOLD15M-26OCT042315-15,0.0050,185.00,no
2026-10-05T03:13:48.72888Z,KXGOLD15M-26OCT042315-15,0.0050,4.40,no
2026-10-05T03:13:48.862324Z,KXGOLD15M-26OCT042315-15,0.0050,184.40,no
2026-10-05T03:13:48.862324Z,KXGOLD15M-26OCT042315-15,0.0050,0.60,no
2026-10-05T03:13:48.995429Z,KXGOLD15M-26OCT042315-15,0.0050,40.00,no
2026-10-05T03:13:48.995429Z,KXGOLD15M-26OCT042315-15,0.0050,4.00,no
2026-10-05T03:13:48.995429Z,KXGOLD15M-26OCT042315-15,0.0050,185.00,no
2026-10-05T03:13:49.001828Z,KXGOLD15M-26OCT042315-15,0.0060,2.04,yes
2026-10-05T03:13:49.007332Z,KXGOLD15M-26OCT042315-15,0.0050,185.00,no
2026-10-05T03:13:49.007332Z,KXGOLD15M-26OCT042315-15,0.0050,1.00,no
2026-10-05T03:13:49.02671Z,KXGOLD15M-26OCT042315-15,0.0040,1.20,no
2026-10-05T03:13:49.041411Z,KXGOLD15M-26OCT042315-15,0.0050,75.00,yes
2026-10-05T03:13:49.041416Z,KXGOLD15M-26OCT042315-15,0.0040,200.00,no
2026-10-05T03:13:49.054297Z,KXGOLD15M-26OCT042315-15,0.0040,200.00,no
2026-10-05T03:13:49.06703Z,KXGOLD15M-26OCT042315-15,0.0040,200.00,no
2026-10-05T03:13:49.108956Z,KXGOLD15M-26OCT042315-15,0.0040,200.00,no
2026-10-05T03:13:49.118574Z,KXGOLD15M-26OCT042315-15,0.0040,374.49,no
2026-10-05T03:13:49.118574Z,KXGOLD15M-26OCT042315-15,0.0040,198.80,no
2026-10-05T03:13:49.118574Z,KXGOLD15M-26OCT042315-15,0.0040,1.00,no
2026-10-05T03:13:49.118574Z,KXGOLD15M-26OCT042315-15,0.0040,1.00,no
2026-10-05T03:13:49.118574Z,KXGOLD15M-26OCT042315-15,0.0040,1.00,no
2026-10-05T03:13:49.118574Z,KXGOLD15M-26OCT042315-15,0.0040,1.00,no
2026-10-05T03:13:49.118574Z,KXGOLD15M-26OCT042315-15,0.0040,1.00,no
2026-10-05T03:13:49.118574Z,KXGOLD15M-26OCT042315-15,0.0040,13.00,no
2026-10-05T03:13:49.131144Z,KXGOLD15M-26OCT042315-15,0.0050,311.64,yes
2026-10-05T03:13:49.281043Z,KXGOLD15M-26OCT042315-15,0.0040,105.00,no
2026-10-05T03:13:49.281043Z,KXGOLD15M-26OCT042315-15,0.0040,29.00,no
2026-10-05T03:13:49.281043Z,KXGOLD15M-26OCT042315-15,0.0040,5.00,no
2026-10-05T03:13:49.281043Z,KXGOLD15M-26OCT042315-15,0.0040,61.00,no
2026-10-05T03:13:49.397918Z,KXGOLD15M-26OCT042315-15,0.0040,5.00,no
2026-10-05T03:13:49.397918Z,KXGOLD15M-26OCT042315-15,0.0040,105.00,no
2026-10-05T03:13:49.557341Z,KXGOLD15M-26OCT042315-15,0.0040,105.00,no
2026-10-05T03:13:49.557341Z,KXGOLD15M-26OCT042315-15,0.0040,5.00,no
2026-10-05T03:13:49.557341Z,KXGOLD15M-26OCT042315-15,0.0040,43.00,no
2026-10-05T03:13:49.567405Z,KXGOLD15M-26OCT042315-15,0.0030,147.68,no
2026-10-05T03:13:49.581933Z,KXGOLD15M-26OCT042315-15,0.0050,555.08,yes
2026-10-05T03:13:49.59169Z,KXGOLD15M-26OCT042315-15,0.0030,0.42,no
2026-10-05T03:13:49.603077Z,KXGOLD15M-26OCT042315-15,0.0040,147.68,yes
2026-10-05T03:13:49.863135Z,KXGOLD15M-26OCT042315-15,0.0050,146.29,yes
2026-10-05T03:13:49.863135Z,KXGOLD15M-26OCT042315-15,0.0050,200.00,yes
2026-10-05T03:13:49.863135Z,KXGOLD15M-26OCT042315-15,0.0050,200.00,yes
2026-10-05T03:13:49.863135Z,KXGOLD15M-26OCT042315-15,0.0050,1.20,yes
2026-10-05T03:13:49.863135Z,KXGOLD15M-26OCT042315-15,0.0050,200.00,yes
2026-10-05T03:13:49.863135Z,KXGOLD15M-26OCT042315-15,0.0040,0.42,yes
2026-10-05T03:13:49.884619Z,KXGOLD15M-26OCT042315-15,0.0040,200.00,no
2026-10-05T03:13:49.898442Z,KXGOLD15M-26OCT042315-15,0.0040,37.00,no
2026-10-05T03:13:49.91855Z,KXGOLD15M-26OCT042315-15,0.0040,87.00,no
2026-10-05T03:13:49.964831Z,KXGOLD15M-26OCT042315-15,0.0040,2.00,no
2026-10-05T03:13:49.964831Z,KXGOLD15M-26OCT042315-15,0.0040,87.00,no
2026-10-05T03:13:49.964831Z,KXGOLD15M-26OCT042315-15,0.0040,1.00,no
2026-10-05T03:13:49.964831Z,KXGOLD15M-26OCT042315-15,0.0040,5.00,no
2026-10-05T03:13:49.964831Z,KXGOLD15M-26OCT042315-15,0.0030,405.00,no
2026-10-05T03:13:49.986404Z,KXGOLD15M-26OCT042315-15,0.0030,1.00,no
2026-10-05T03:13:50.023021Z,KXGOLD15M-26OCT042315-15,0.0040,405.00,yes
2026-10-05T03:13:50.359733Z,KXGOLD15M-26OCT042315-15,0.0050,131.82,yes
2026-10-05T03:13:50.359733Z,KXGOLD15M-26OCT042315-15,0.0050,53.71,yes
2026-10-05T03:13:50.629278Z,KXGOLD15M-26OCT042315-15,0.0050,2.02,yes
2026-10-05T03:13:50.717225Z,KXGOLD15M-26OCT042315-15,0.0040,501.86,no
2026-10-05T03:13:50.778334Z,KXGOLD15M-26OCT042315-15,0.0040,0.04,no
2026-10-05T03:13:50.778334Z,KXGOLD15M-26OCT042315-15,0.0040,5.00,no
2026-10-05T03:13:50.778334Z,KXGOLD15M-26OCT042315-15,0.0040,8.00,no
2026-10-05T03:13:50.838752Z,KXGOLD15M-26OCT042315-15,0.0040,77.48,yes
2026-10-05T03:13:50.88557Z,KXGOLD15M-26OCT042315-15,0.0050,64.96,yes
2026-10-05T03:13:51.139757Z,KXGOLD15M-26OCT042315-15,0.0050,300.00,no
2026-10-05T03:13:51.250703Z,KXGOLD15M-26OCT042315-15,0.0050,916.19,yes
2026-10-05T03:13:51.282805Z,KXGOLD15M-26OCT042315-15,0.0050,18.69,yes
2026-10-05T03:13:51.54157Z,KXGOLD15M-26OCT042315-15,0.0050,1099.43,yes
2026-10-05T03:13:52.07418Z,KXGOLD15M-26OCT042315-15,0.0030,128.20,no
2026-10-05T03:13:52.449967Z,KXGOLD15M-26OCT042315-15,0.0030,10.02,no
2026-10-05T03:13:53.161169Z,KXGOLD15M-26OCT042315-15,0.0030,23.00,no
2026-10-05T03:13:53.161169Z,KXGOLD15M-26OCT042315-15,0.0020,9474.16,no
2026-10-05T03:13:53.161169Z,KXGOLD15M-26OCT042315-15,0.0030,63.00,no
2026-10-05T03:13:53.161169Z,KXGOLD15M-26OCT042315-15,0.0030,250.00,no
2026-10-05T03:13:53.161169Z,KXGOLD15M-26OCT042315-15,0.0030,300.00,no
2026-10-05T03:13:53.161169Z,KXGOLD15M-26OCT042315-15,0.0020,2100.00,no
2026-10-05T03:13:53.161169Z,KXGOLD15M-26OCT042315-15,0.0020,5.00,no
2026-10-05T03:13:53.161169Z,KXGOLD15M-26OCT042315-15,0.0020,500.00,no
2026-10-05T03:13:53.161169Z,KXGOLD15M-26OCT042315-15,0.0030,250.00,no
2026-10-05T03:13:53.161169Z,KXGOLD15M-26OCT042315-15,0.0020,1200.00,no
2026-10-05T03:13:53.161169Z,KXGOLD15M-26OCT042315-15,0.0030,557.68,no
2026-10-05T03:13:53.161169Z,KXGOLD15M-26OCT042315-15,0.0030,4000.00,no
2026-10-05T03:13:53.161169Z,KXGOLD15M-26OCT042315-15,0.0020,1250.00,no
2026-10-05T03:13:53.161169Z,KXGOLD15M-26OCT042315-15,0.0030,2.00,no
2026-10-05T03:13:53.161169Z,KXGOLD15M-26OCT042315-15,0.0020,3.00,no
2026-10-05T03:13:53.161169Z,KXGOLD15M-26OCT042315-15,0.0020,3.00,no
2026-10-05T03:13:53.161169Z,KXGOLD15M-26OCT042315-15,0.0020,26.00,no
2026-10-05T03:13:53.161169Z,KXGOLD15M-26OCT042315-15,0.0030,18.00,no
2026-10-05T03:13:53.161169Z,KXGOLD15M-26OCT042315-15,0.0020,3.00,no
2026-10-05T03:13:53.161169Z,KXGOLD15M-26OCT042315-15,0.0030,2.00,no
2026-10-05T03:13:53.161169Z,KXGOLD15M-26OCT042315-15,0.0030,2.00,no
2026-10-05T03:13:53.161169Z,KXGOLD15M-26OCT042315-15,0.0030,2.00,no
2026-10-05T03:13:53.161169Z,KXGOLD15M-26OCT042315-15,0.0020,3.00,no
2026-10-05T03:13:53.161169Z,KXGOLD15M-26OCT042315-15,0.0020,3.00,no
2026-10-05T03:13:53.161169Z,KXGOLD15M-26OCT042315-15,0.0030,2.00,no
2026-10-05T03:13:53.184253Z,KXGOLD15M-26OCT042315-15,0.0020,16.00,no
2026-10-05T03:13:53.209493Z,KXGOLD15M-26OCT042315-15,0.0030,630.25,yes
2026-10-05T03:13:53.382144Z,KXGOLD15M-26OCT042315-15,0.0030,298.79,yes
2026-10-05T03:13:53.382144Z,KXGOLD15M-26OCT042315-15,0.0030,869.75,yes
2026-10-05T03:13:53.412532Z,KXGOLD15M-26OCT042315-15,0.0030,233.72,yes
2026-10-05T03:13:53.419438Z,KXGOLD15M-26OCT042315-15,0.0020,16.81,no
2026-10-05T03:13:54.42712Z,KXGOLD15M-26OCT042315-15,0.0030,30.25,yes
2026-10-05T03:13:54.546146Z,KXGOLD15M-26OCT042315-15,0.0030,11.15,yes
2026-10-05T03:13:54.974451Z,KXGOLD15M-26OCT042315-15,0.0030,305.35,yes
2026-10-05T03:13:55.140347Z,KXGOLD15M-26OCT042315-15,0.0030,1526.80,yes
2026-10-05T03:13:55.245064Z,KXGOLD15M-26OCT042315-15,0.0020,24.02,no
2026-10-05T03:13:55.651315Z,KXGOLD15M-26OCT042315-15,0.0030,19.70,yes
2026-10-05T03:13:56.957469Z,KXGOLD15M-26OCT042315-15,0.0030,1935.04,yes
2026-10-05T03:13:57.871594Z,KXGOLD15M-26OCT042315-15,0.0020,469.01,no
2026-10-05T03:13:57.871594Z,KXGOLD15M-26OCT042315-15,0.0020,5.00,no
2026-10-05T03:13:57.871594Z,KXGOLD15M-26OCT042315-15,0.0020,300.00,no
2026-10-05T03:13:57.871594Z,KXGOLD15M-26OCT042315-15,0.0020,2500.00,no
2026-10-05T03:13:57.871594Z,KXGOLD15M-26OCT042315-15,0.0020,78.00,no
2026-10-05T03:13:57.871594Z,KXGOLD15M-26OCT042315-15,0.0020,150.00,no
2026-10-05T03:13:57.871594Z,KXGOLD15M-26OCT042315-15,0.0020,1500.00,no
2026-10-05T03:13:57.871594Z,KXGOLD15M-26OCT042315-15,0.0020,500.00,no
2026-10-05T03:13:57.871594Z,KXGOLD15M-26OCT042315-15,0.0010,1.22,no
2026-10-05T03:13:57.990802Z,KXGOLD15M-26OCT042315-15,0.0010,31.42,no
2026-10-05T03:13:58.031343Z,KXGOLD15M-26OCT042315-15,0.0020,629.11,yes
2026-10-05T03:13:58.031343Z,KXGOLD15M-26OCT042315-15,0.0020,1.22,yes
2026-10-05T03:13:58.236615Z,KXGOLD15M-26OCT042315-15,0.0020,14.08,yes
2026-10-05T03:13:58.361142Z,KXGOLD15M-26OCT042315-15,0.0020,611.57,yes
2026-10-05T03:13:58.513072Z,KXGOLD15M-26OCT042315-15,0.0010,835.97,no
2026-10-05T03:13:58.970453Z,KXGOLD15M-26OCT042315-15,0.0010,500.46,no
2026-10-05T03:13:59.114545Z,KXGOLD15M-26OCT042315-15,0.0020,916.02,yes
2026-10-05T03:13:59.413764Z,KXGOLD15M-26OCT042315-15,0.0020,146.58,yes
2026-10-05T03:13:59.644155Z,KXGOLD15M-26OCT042315-15,0.0010,3.46,no
2026-10-05T03:13:59.918086Z,KXGOLD15M-26OCT042315-15,0.0020,31.42,yes
2026-10-05T03:13:59.918086Z,KXGOLD15M-26OCT042315-15,0.0020,686.99,yes
2026-10-05T03:13:59.918086Z,KXGOLD15M-26OCT042315-15,0.0020,1321.64,yes
2026-10-05T03:13:59.918086Z,KXGOLD15M-26OCT042315-15,0.0020,250.00,yes
2026-10-05T03:14:00.291399Z,KXGOLD15M-26OCT042315-15,0.0020,458.01,yes
2026-10-05T03:14:00.337721Z,KXGOLD15M-26OCT042315-15,0.0020,467.36,yes
2026-10-05T03:14:00.461362Z,KXGOLD15M-26OCT042315-15,0.0010,78.55,no
2026-10-05T03:14:02.002671Z,KXGOLD15M-26OCT042315-15,0.0020,22.78,yes
2026-10-05T03:14:02.304423Z,KXGOLD15M-26OCT042315-15,0.0020,467.36,yes
2026-10-05T03:14:02.381097Z,KXGOLD15M-26OCT042315-15,0.0010,10000.00,no
2026-10-05T03:14:02.381097Z,KXGOLD15M-26OCT042315-15,0.0010,1815.83,no
2026-10-05T03:14:02.381097Z,KXGOLD15M-26OCT042315-15,0.0010,1.00,no
2026-10-05T03:14:02.381097Z,KXGOLD15M-26OCT042315-15,0.0010,1250.00,no
2026-10-05T03:14:02.381097Z,KXGOLD15M-26OCT042315-15,0.0010,3548.92,no
2026-10-05T03:14:02.381097Z,KXGOLD15M-26OCT042315-15,0.0010,1000.00,no
2026-10-05T03:14:02.381097Z,KXGOLD15M-26OCT042315-15,0.0010,1.00,no
2026-10-05T03:14:02.381097Z,KXGOLD15M-26OCT042315-15,0.0010,400.00,no
2026-10-05T03:14:02.646847Z,KXGOLD15M-26OCT042315-15,0.0020,73.29,yes
2026-10-05T03:14:03.035057Z,KXGOLD15M-26OCT042315-15,0.0020,37.64,yes
2026-10-05T03:14:03.035057Z,KXGOLD15M-26OCT042315-15,0.0020,324.21,yes
2026-10-05T03:14:03.613707Z,KXGOLD15M-26OCT042315-15,0.0020,458.01,yes
2026-10-05T03:14:03.846925Z,KXGOLD15M-26OCT042315-15,0.0020,197.65,yes
2026-10-05T03:14:03.943883Z,KXGOLD15M-26OCT042315-15,0.0020,142.67,yes
2026-10-05T03:14:03.943883Z,KXGOLD15M-26OCT042315-15,0.0020,315.34,yes
2026-10-05T03:14:04.944691Z,KXGOLD15M-26OCT042315-15,0.0010,500.00,no
2026-10-05T03:14:04.958106Z,KXGOLD15M-26OCT042315-15,0.0010,43.30,no
2026-10-05T03:14:05.256024Z,KXGOLD15M-26OCT042315-15,0.0020,3.46,yes
2026-10-05T03:14:05.256024Z,KXGOLD15M-26OCT042315-15,0.0020,185.12,yes
2026-10-05T03:14:05.256024Z,KXGOLD15M-26OCT042315-15,0.0020,57.88,yes
2026-10-05T03:14:05.256024Z,KXGOLD15M-26OCT042315-15,0.0020,78.55,yes
2026-10-05T03:14:05.256024Z,KXGOLD15M-26OCT042315-15,0.0020,133.00,yes
2026-10-05T03:14:05.640156Z,KXGOLD15M-26OCT042315-15,0.0010,0.75,no
2026-10-05T03:14:05.644701Z,KXGOLD15M-26OCT042315-15,0.0010,25.02,no
2026-10-05T03:14:06.48664Z,KXGOLD15M-26OCT042315-15,0.0020,0.51,yes
2026-10-05T03:14:07.131592Z,KXGOLD15M-26OCT042315-15,0.0020,458.01,yes
2026-10-05T03:14:07.266086Z,KXGOLD15M-26OCT042315-15,0.0010,62.50,no
2026-10-05T03:14:07.368441Z,KXGOLD15M-26OCT042315-15,0.0020,3032.52,yes
2026-10-05T03:14:07.368441Z,KXGOLD15M-26OCT042315-15,0.0020,1547.54,yes
2026-10-05T03:14:07.477797Z,KXGOLD15M-26OCT042315-15,0.0020,9.34,yes
2026-10-05T03:14:08.033729Z,KXGOLD15M-26OCT042315-15,0.0010,62.50,no
2026-10-05T03:14:08.076631Z,KXGOLD15M-26OCT042315-15,0.0020,458.01,yes
2026-10-05T03:14:08.354476Z,KXGOLD15M-26OCT042315-15,0.0010,500.46,no
2026-10-05T03:14:08.473249Z,KXGOLD15M-26OCT042315-15,0.0020,311.59,yes
2026-10-05T03:14:08.795757Z,KXGOLD15M-26OCT042315-15,0.0010,62.50,no
2026-10-05T03:14:09.126307Z,KXGOLD15M-26OCT042315-15,0.0020,1.11,yes
2026-10-05T03:14:09.364488Z,KXGOLD15M-26OCT042315-15,0.0010,52.39,no
2026-10-05T03:14:09.431111Z,KXGOLD15M-26OCT042315-15,0.0020,40.86,yes
2026-10-05T03:14:09.577434Z,KXGOLD15M-26OCT042315-15,0.0010,5.00,no
2026-10-05T03:14:09.577434Z,KXGOLD15M-26OCT042315-15,0.0010,34.39,no
2026-10-05T03:14:09.577434Z,KXGOLD15M-26OCT042315-15,0.0010,23.11,no
2026-10-05T03:14:09.643536Z,KXGOLD15M-26OCT042315-15,0.0010,125.00,no
2026-10-05T03:14:09.800107Z,KXGOLD15M-26OCT042315-15,0.0010,106.31,no
2026-10-05T03:14:10.407861Z,KXGOLD15M-26OCT042315-15,0.0010,125.00,no
2026-10-05T03:14:10.61805Z,KXGOLD15M-26OCT042315-15,0.0010,5.00,no
2026-10-05T03:14:10.757879Z,KXGOLD15M-26OCT042315-15,0.0010,23.03,no
2026-10-05T03:14:10.792577Z,KXGOLD15M-26OCT042315-15,0.0010,253.20,no
2026-10-05T03:14:11.010388Z,KXGOLD15M-26OCT042315-15,0.0010,100.09,no
2026-10-05T03:14:11.169928Z,KXGOLD15M-26OCT042315-15,0.0010,125.00,no
2026-10-05T03:14:11.798519Z,KXGOLD15M-26OCT042315-15,0.0020,83.97,yes
2026-10-05T03:14:11.930288Z,KXGOLD15M-26OCT042315-15,0.0010,125.00,no
2026-10-05T03:14:12.227171Z,KXGOLD15M-26OCT042315-15,0.0020,1.04,yes
2026-10-05T03:14:13.205162Z,KXGOLD15M-26OCT042315-15,0.0020,916.02,yes
2026-10-05T03:14:13.234297Z,KXGOLD15M-26OCT042315-15,0.0020,51.53,yes
2026-10-05T03:14:13.657493Z,KXGOLD15M-26OCT042315-15,0.0010,125.00,no
2026-10-05T03:14:14.415578Z,KXGOLD15M-26OCT042315-15,0.0010,125.00,no
2026-10-05T03:14:15.182549Z,KXGOLD15M-26OCT042315-15,0.0010,125.00,no
2026-10-05T03:14:15.343591Z,KXGOLD15M-26OCT042315-15,0.0010,4.00,no
2026-10-05T03:14:15.941904Z,KXGOLD15M-26OCT042315-15,0.0010,98.98,no
2026-10-05T03:14:15.941904Z,KXGOLD15M-26OCT042315-15,0.0010,26.02,no
2026-10-05T03:14:16.194808Z,KXGOLD15M-26OCT042315-15,0.0020,458.01,yes
2026-10-05T03:14:17.068814Z,KXGOLD15M-26OCT042315-15,0.0020,458.01,yes
2026-10-05T03:14:17.282493Z,KXGOLD15M-26OCT042315-15,0.0020,1832.05,yes
2026-10-05T03:14:18.471527Z,KXGOLD15M-26OCT042315-15,0.0010,10.00,no
2026-10-05T03:14:18.481557Z,KXGOLD15M-26OCT042315-15,0.0010,6.00,no
2026-10-05T03:14:18.481557Z,KXGOLD15M-26OCT042315-15,0.0010,1.78,no
2026-10-05T03:14:18.481557Z,KXGOLD15M-26OCT042315-15,0.0010,1.22,no
2026-10-05T03:14:18.481557Z,KXGOLD15M-26OCT042315-15,0.0010,6.00,no
2026-10-05T03:14:19.209094Z,KXGOLD15M-26OCT042315-15,0.0020,458.01,yes
2026-10-05T03:14:19.748628Z,KXGOLD15M-26OCT042315-15,0.0020,458.01,yes
2026-10-05T03:14:20.46904Z,KXGOLD15M-26OCT042315-15,0.0010,5.00,no
2026-10-05T03:14:20.46904Z,KXGOLD15M-26OCT042315-15,0.0010,31.42,no
2026-10-05T03:14:20.46904Z,KXGOLD15M-26OCT042315-15,0.0010,10.36,no
2026-10-05T03:14:20.46904Z,KXGOLD15M-26OCT042315-15,0.0010,5.22,no
2026-10-05T03:14:20.46904Z,KXGOLD15M-26OCT042315-15,0.0010,2.00,no
2026-10-05T03:14:20.631642Z,KXGOLD15M-26OCT042315-15,0.0010,6.64,no
2026-10-05T03:14:20.631642Z,KXGOLD15M-26OCT042315-15,0.0010,37.64,no
2026-10-05T03:14:20.631642Z,KXGOLD15M-26OCT042315-15,0.0010,212.01,no
2026-10-05T03:14:20.631642Z,KXGOLD15M-26OCT042315-15,0.0010,5.00,no
2026-10-05T03:14:20.631642Z,KXGOLD15M-26OCT042315-15,0.0010,14.00,no
2026-10-05T03:14:21.794462Z,KXGOLD15M-26OCT042315-15,0.0020,20.10,yes
2026-10-05T03:14:22.372464Z,KXGOLD15M-26OCT042315-15,0.0010,1.00,no
2026-10-05T03:14:22.82405Z,KXGOLD15M-26OCT042315-15,0.0010,181.22,no
2026-10-05T03:14:22.82405Z,KXGOLD15M-26OCT042315-15,0.0010,245.00,no
2026-10-05T03:14:22.82405Z,KXGOLD15M-26OCT042315-15,0.0010,142.67,no
2026-10-05T03:14:22.82405Z,KXGOLD15M-26OCT042315-15,0.0010,315.34,no
2026-10-05T03:14:22.82405Z,KXGOLD15M-26OCT042315-15,0.0010,197.65,no
2026-10-05T03:14:23.108603Z,KXGOLD15M-26OCT042315-15,0.0010,3.46,no
2026-10-05T03:14:23.108603Z,KXGOLD15M-26OCT042315-15,0.0010,10.65,no
2026-10-05T03:14:23.108603Z,KXGOLD15M-26OCT042315-15,0.0010,3.90,no
2026-10-05T03:14:23.541422Z,KXGOLD15M-26OCT042315-15,0.0020,467.36,yes
2026-10-05T03:14:23.594837Z,KXGOLD15M-26OCT042315-15,0.0020,91.62,yes
2026-10-05T03:14:25.077471Z,KXGOLD15M-26OCT042315-15,0.0010,39.99,no
2026-10-05T03:14:25.678992Z,KXGOLD15M-26OCT042315-15,0.0010,2.00,no
2026-10-05T03:14:25.691725Z,KXGOLD15M-26OCT042315-15,0.0020,897.33,yes
2026-10-05T03:14:25.744283Z,KXGOLD15M-26OCT042315-15,0.0010,25.91,no
2026-10-05T03:14:25.744283Z,KXGOLD15M-26OCT042315-15,0.0010,57.88,no
2026-10-05T03:14:25.744283Z,KXGOLD15M-26OCT042315-15,0.0010,458.01,no
2026-10-05T03:14:25.744283Z,KXGOLD15M-26OCT042315-15,0.0010,58.24,no
2026-10-05T03:14:25.744283Z,KXGOLD15M-26OCT042315-15,0.0010,0.51,no
2026-10-05T03:14:25.938202Z,KXGOLD15M-26OCT042315-15,0.0010,390.65,no
2026-10-05T03:14:26.34001Z,KXGOLD15M-26OCT042315-15,0.0010,10.85,no
2026-10-05T03:14:26.363728Z,KXGOLD15M-26OCT042315-15,0.0020,100.00,yes
2026-10-05T03:14:27.000137Z,KXGOLD15M-26OCT042315-15,0.0020,916.02,yes
2026-10-05T03:14:27.21389Z,KXGOLD15M-26OCT042315-15,0.0020,430.84,yes
2026-10-05T03:14:27.21389Z,KXGOLD15M-26OCT042315-15,0.0020,422.47,yes
2026-10-05T03:14:27.21389Z,KXGOLD15M-26OCT042315-15,0.0020,1250.00,yes
2026-10-05T03:14:27.21389Z,KXGOLD15M-26OCT042315-15,0.0020,100.00,yes
2026-10-05T03:14:27.21389Z,KXGOLD15M-26OCT042315-15,0.0020,40.00,yes
2026-10-05T03:14:29.585736Z,KXGOLD15M-26OCT042315-15,0.0020,10.68,yes
2026-10-05T03:14:30.010886Z,KXGOLD15M-26OCT042315-15,0.0020,11.15,yes
2026-10-05T03:14:30.228707Z,KXGOLD15M-26OCT042315-15,0.0010,1101.02,no
2026-10-05T03:14:31.32146Z,KXGOLD15M-26OCT042315-15,0.0020,37.64,yes
2026-10-05T03:14:31.32146Z,KXGOLD15M-26OCT042315-15,0.0020,31.42,yes
2026-10-05T03:14:31.32146Z,KXGOLD15M-26OCT042315-15,0.0020,212.01,yes
2026-10-05T03:14:31.32146Z,KXGOLD15M-26OCT042315-15,0.0020,47.33,yes
2026-10-05T03:14:31.32146Z,KXGOLD15M-26OCT042315-15,0.0020,1.22,yes
2026-10-05T03:14:31.32146Z,KXGOLD15M-26OCT042315-15,0.0020,128.39,yes
2026-10-05T03:14:31.464885Z,KXGOLD15M-26OCT042315-15,0.0020,5.00,yes
2026-10-05T03:14:32.073985Z,KXGOLD15M-26OCT042315-15,0.0020,2290.05,yes
2026-10-05T03:14:32.581741Z,KXGOLD15M-26OCT042315-15,0.0020,1101.02,yes
2026-10-05T03:14:32.581741Z,KXGOLD15M-26OCT042315-15,0.0030,2881.66,yes
2026-10-05T03:14:32.581741Z,KXGOLD15M-26OCT042315-15,0.0020,10.65,yes
2026-10-05T03:14:32.581741Z,KXGOLD15M-26OCT042315-15,0.0020,3.46,yes
2026-10-05T03:14:32.581741Z,KXGOLD15M-26OCT042315-15,0.0020,3.90,yes
2026-10-05T03:14:32.581741Z,KXGOLD15M-26OCT042315-15,0.0020,13010.36,yes
2026-10-05T03:14:32.581741Z,KXGOLD15M-26OCT042315-15,0.0020,909.56,yes
2026-10-05T03:14:32.581741Z,KXGOLD15M-26OCT042315-15,0.0020,1.00,yes
2026-10-05T03:14:32.581741Z,KXGOLD15M-26OCT042315-15,0.0020,245.00,yes
2026-10-05T03:14:32.581741Z,KXGOLD15M-26OCT042315-15,0.0020,142.67,yes
2026-10-05T03:14:32.581741Z,KXGOLD15M-26OCT042315-15,0.0020,181.22,yes
2026-10-05T03:14:32.581741Z,KXGOLD15M-26OCT042315-15,0.0020,197.65,yes
2026-10-05T03:14:32.581741Z,KXGOLD15M-26OCT042315-15,0.0020,315.34,yes
2026-10-05T03:14:32.581741Z,KXGOLD15M-26OCT042315-15,0.0020,0.51,yes
2026-10-05T03:14:32.581741Z,KXGOLD15M-26OCT042315-15,0.0020,39.99,yes
2026-10-05T03:14:32.581741Z,KXGOLD15M-26OCT042315-15,0.0020,390.65,yes
2026-10-05T03:14:32.581741Z,KXGOLD15M-26OCT042315-15,0.0020,57.88,yes
2026-10-05T03:14:32.581741Z,KXGOLD15M-26OCT042315-15,0.0020,25.91,yes
2026-10-05T03:14:32.581741Z,KXGOLD15M-26OCT042315-15,0.0020,458.01,yes
2026-10-05T03:14:32.581741Z,KXGOLD15M-26OCT042315-15,0.0020,58.24,yes
2026-10-05T03:14:32.581741Z,KXGOLD15M-26OCT042315-15,0.0020,2.00,yes
2026-10-05T03:14:32.581741Z,KXGOLD15M-26OCT042315-15,0.0020,10.85,yes
2026-10-05T03:14:32.581741Z,KXGOLD15M-26OCT042315-15,0.0030,1250.00,yes
2026-10-05T03:14:32.976785Z,KXGOLD15M-26OCT042315-15,0.0010,0.01,no
2026-10-05T03:14:33.524161Z,KXGOLD15M-26OCT042315-15,0.0010,136.29,no
2026-10-05T03:14:33.9607Z,KXGOLD15M-26OCT042315-15,0.0010,2.00,no
2026-10-05T03:14:34.801142Z,KXGOLD15M-26OCT042315-15,0.0030,529.69,yes
2026-10-05T03:14:34.801142Z,KXGOLD15M-26OCT042315-15,0.0020,2.00,yes
2026-10-05T03:14:34.801142Z,KXGOLD15M-26OCT042315-15,0.0020,136.30,yes
2026-10-05T03:14:35.315132Z,KXGOLD15M-26OCT042315-15,0.0010,116.87,no
2026-10-05T03:14:35.428612Z,KXGOLD15M-26OCT042315-15,0.0010,3.00,no
2026-10-05T03:14:35.628303Z,KXGOLD15M-26OCT042315-15,0.0020,15.59,yes
2026-10-05T03:14:35.726537Z,KXGOLD15M-26OCT042315-15,0.0030,588.65,yes
2026-10-05T03:14:35.726537Z,KXGOLD15M-26OCT042315-15,0.0020,3.00,yes
2026-10-05T03:14:35.726537Z,KXGOLD15M-26OCT042315-15,0.0020,101.28,yes
2026-10-05T03:14:35.726537Z,KXGOLD15M-26OCT042315-15,0.0040,10.02,yes
2026-10-05T03:14:35.726537Z,KXGOLD15M-26OCT042315-15,0.0040,128.20,yes
2026-10-05T03:14:35.726537Z,KXGOLD15M-26OCT042315-15,0.0040,483.33,yes
2026-10-05T03:14:35.726537Z,KXGOLD15M-26OCT042315-15,0.0040,1.00,yes
2026-10-05T03:14:36.722089Z,KXGOLD15M-26OCT042315-15,0.0020,40.00,yes
2026-10-05T03:14:36.722089Z,KXGOLD15M-26OCT042315-15,0.0040,27.77,yes
2026-10-05T03:14:37.914172Z,KXGOLD15M-26OCT042315-15,0.0040,100.00,yes
2026-10-05T03:14:37.914172Z,KXGOLD15M-26OCT042315-15,0.0050,69.19,yes
2026-10-05T03:14:37.914172Z,KXGOLD15M-26OCT042315-15,0.0040,46.58,yes
2026-10-05T03:14:38.561842Z,KXGOLD15M-26OCT042315-15,0.0010,2.00,no
2026-10-05T03:14:38.59467Z,KXGOLD15M-26OCT042315-15,0.0040,2.00,yes
2026-10-05T03:14:38.59467Z,KXGOLD15M-26OCT042315-15,0.0050,371.95,yes
2026-10-05T03:14:39.558924Z,KXGOLD15M-26OCT042315-15,0.0010,8.51,no
2026-10-05T03:14:39.617664Z,KXGOLD15M-26OCT042315-15,0.0010,3.92,no
2026-10-05T03:14:39.73194Z,KXGOLD15M-26OCT042315-15,0.0040,8.51,yes
2026-10-05T03:14:39.73194Z,KXGOLD15M-26OCT042315-15,0.0040,3.92,yes
2026-10-05T03:14:39.73194Z,KXGOLD15M-26OCT042315-15,0.0050,471.27,yes
2026-10-05T03:14:39.73194Z,KXGOLD15M-26OCT042315-15,0.0050,308.86,yes
2026-10-05T03:14:39.73194Z,KXGOLD15M-26OCT042315-15,0.0050,750.00,yes
2026-10-05T03:14:40.033707Z,KXGOLD15M-26OCT042315-15,0.0050,91.62,yes
2026-10-05T03:14:40.810416Z,KXGOLD15M-26OCT042315-15,0.0010,30.02,no
2026-10-05T03:14:41.941938Z,KXGOLD15M-26OCT042315-15,0.0040,30.02,yes
2026-10-05T03:14:41.941938Z,KXGOLD15M-26OCT042315-15,0.0050,162.67,yes
2026-10-05T03:14:42.297074Z,KXGOLD15M-26OCT042315-15,0.0020,753.63,yes
2026-10-05T03:14:42.735047Z,KXGOLD15M-26OCT042315-15,0.0020,2290.05,yes
2026-10-05T03:14:43.220638Z,KXGOLD15M-26OCT042315-15,0.0010,250.00,no
2026-10-05T03:14:44.052139Z,KXGOLD15M-26OCT042315-15,0.0010,919.14,no
2026-10-05T03:14:44.052139Z,KXGOLD15M-26OCT042315-15,0.0010,1302.86,no
2026-10-05T03:14:44.150698Z,KXGOLD15M-26OCT042315-15,0.0010,93.64,no
2026-10-05T03:14:45.238008Z,KXGOLD15M-26OCT042315-15,0.0010,4.30,no
2026-10-05T03:14:45.238008Z,KXGOLD15M-26OCT042315-15,0.0010,151.50,no
2026-10-05T03:14:45.670841Z,KXGOLD15M-26OCT042315-15,0.0010,127.00,no
2026-10-05T03:14:45.869724Z,KXGOLD15M-26OCT042315-15,0.0010,44.58,no
2026-10-05T03:14:45.875722Z,KXGOLD15M-26OCT042315-15,0.0010,246.07,no
2026-10-05T03:14:46.246755Z,KXGOLD15M-26OCT042315-15,0.0020,919.14,yes
2026-10-05T03:14:46.246755Z,KXGOLD15M-26OCT042315-15,0.0020,541.54,yes
2026-10-05T03:14:46.246755Z,KXGOLD15M-26OCT042315-15,0.0020,250.00,yes
2026-10-05T03:14:46.246755Z,KXGOLD15M-26OCT042315-15,0.0020,289.32,yes
2026-10-05T03:14:46.430452Z,KXGOLD15M-26OCT042315-15,0.0010,89.95,no
2026-10-05T03:14:46.430452Z,KXGOLD15M-26OCT042315-15,0.0010,45.05,no
2026-10-05T03:14:46.62731Z,KXGOLD15M-26OCT042315-15,0.0010,33.93,no
2026-10-05T03:14:46.866163Z,KXGOLD15M-26OCT042315-15,0.0010,25.01,no
2026-10-05T03:14:47.634106Z,KXGOLD15M-26OCT042315-15,0.0010,84.00,no
2026-10-05T03:14:47.634106Z,KXGOLD15M-26OCT042315-15,0.0010,5.00,no
2026-10-05T03:14:47.634106Z,KXGOLD15M-26OCT042315-15,0.0010,23.11,no
2026-10-05T03:14:47.634106Z,KXGOLD15M-26OCT042315-15,0.0010,52.39,no
2026-10-05T03:14:47.634106Z,KXGOLD15M-26OCT042315-15,0.0010,42.00,no
2026-10-05T03:14:47.634106Z,KXGOLD15M-26OCT042315-15,0.0010,62.50,no
2026-10-05T03:14:47.634106Z,KXGOLD15M-26OCT042315-15,0.0010,163.11,no
2026-10-05T03:14:47.634106Z,KXGOLD15M-26OCT042315-15,0.0010,823.31,no
2026-10-05T03:14:47.999564Z,KXGOLD15M-26OCT042315-15,0.0020,239.54,yes
2026-10-05T03:14:47.999564Z,KXGOLD15M-26OCT042315-15,0.0020,760.46,yes
2026-10-05T03:14:48.016624Z,KXGOLD15M-26OCT042315-15,0.0010,54.31,no
2026-10-05T03:14:48.016624Z,KXGOLD15M-26OCT042315-15,0.0010,52.00,no
2026-10-05T03:14:48.016624Z,KXGOLD15M-26OCT042315-15,0.0010,93.69,no
2026-10-05T03:14:48.029129Z,KXGOLD15M-26OCT042315-15,0.0010,200.00,no
2026-10-05T03:14:48.043375Z,KXGOLD15M-26OCT042315-15,0.0010,200.00,no
2026-10-05T03:14:48.100271Z,KXGOLD15M-26OCT042315-15,0.0010,3.69,no
2026-10-05T03:14:48.100271Z,KXGOLD15M-26OCT042315-15,0.0010,196.31,no
2026-10-05T03:14:48.281345Z,KXGOLD15M-26OCT042315-15,0.0010,200.00,no
2026-10-05T03:14:48.298896Z,KXGOLD15M-26OCT042315-15,0.0010,61.69,no
2026-10-05T03:14:48.298896Z,KXGOLD15M-26OCT042315-15,0.0010,138.31,no
2026-10-05T03:14:48.350077Z,KXGOLD15M-26OCT042315-15,0.0010,200.00,no
2026-10-05T03:14:48.439989Z,KXGOLD15M-26OCT042315-15,0.0010,29.00,no
2026-10-05T03:14:48.45868Z,KXGOLD15M-26OCT042315-15,0.0010,200.00,no
2026-10-05T03:14:48.566247Z,KXGOLD15M-26OCT042315-15,0.0010,200.00,no
2026-10-05T03:14:48.574175Z,KXGOLD15M-26OCT042315-15,0.0020,458.01,yes
2026-10-05T03:14:48.625578Z,KXGOLD15M-26OCT042315-15,0.0010,200.00,no
2026-10-05T03:14:48.783235Z,KXGOLD15M-26OCT042315-15,0.0010,200.00,no
2026-10-05T03:14:48.799627Z,KXGOLD15M-26OCT042315-15,0.0010,200.00,no
2026-10-05T03:14:49.000866Z,KXGOLD15M-26OCT042315-15,0.0010,200.00,no
2026-10-05T03:14:49.020757Z,KXGOLD15M-26OCT042315-15,0.0010,200.00,no
2026-10-05T03:14:49.043284Z,KXGOLD15M-26OCT042315-15,0.0010,77.00,no
2026-10-05T03:14:49.043284Z,KXGOLD15M-26OCT042315-15,0.0010,44.53,no
2026-10-05T03:14:49.043284Z,KXGOLD15M-26OCT042315-15,0.0010,13.78,no
2026-10-05T03:14:49.043284Z,KXGOLD15M-26OCT042315-15,0.0010,64.69,no
2026-10-05T03:14:49.138131Z,KXGOLD15M-26OCT042315-15,0.0010,200.00,no
2026-10-05T03:14:49.209811Z,KXGOLD15M-26OCT042315-15,0.0010,8.00,no
2026-10-05T03:14:49.209811Z,KXGOLD15M-26OCT042315-15,0.0010,739.31,no
2026-10-05T03:14:49.209811Z,KXGOLD15M-26OCT042315-15,0.0010,92.00,no
2026-10-05T03:14:49.209811Z,KXGOLD15M-26OCT042315-15,0.0010,467.00,no
2026-10-05T03:14:49.209811Z,KXGOLD15M-26OCT042315-15,0.0010,20.00,no
2026-10-05T03:14:49.209811Z,KXGOLD15M-26OCT042315-15,0.0010,2.22,no
2026-10-05T03:14:49.209811Z,KXGOLD15M-26OCT042315-15,0.0010,458.00,no
2026-10-05T03:14:49.209811Z,KXGOLD15M-26OCT042315-15,0.0010,213.47,no
2026-10-05T03:14:49.21428Z,KXGOLD15M-26OCT042315-15,0.0010,42.31,no
2026-10-05T03:14:49.21428Z,KXGOLD15M-26OCT042315-15,0.0010,157.69,no
2026-10-05T03:14:49.284688Z,KXGOLD15M-26OCT042315-15,0.0010,13.00,no
2026-10-05T03:14:49.354944Z,KXGOLD15M-26OCT042315-15,0.0020,130.56,yes
2026-10-05T03:14:49.354944Z,KXGOLD15M-26OCT042315-15,0.0020,327.45,yes
2026-10-05T03:14:49.968305Z,KXGOLD15M-26OCT042315-15,0.0010,27.00,no
2026-10-05T03:14:50.263174Z,KXGOLD15M-26OCT042315-15,0.0010,4.00,no
2026-10-05T03:14:50.359967Z,KXGOLD15M-26OCT042315-15,0.0010,0.72,no
2026-10-05T03:14:50.614732Z,KXGOLD15M-26OCT042315-15,0.0020,912.44,yes
2026-10-05T03:14:50.614732Z,KXGOLD15M-26OCT042315-15,0.0020,79.74,yes
2026-10-05T03:14:50.676242Z,KXGOLD15M-26OCT042315-15,0.0020,1029.00,yes
2026-10-05T03:14:50.676242Z,KXGOLD15M-26OCT042315-15,0.0020,1026.26,yes
2026-10-05T03:14:50.676242Z,KXGOLD15M-26OCT042315-15,0.0020,629.32,yes
2026-10-05T03:14:50.783572Z,KXGOLD15M-26OCT042315-15,0.0020,407.68,yes
2026-10-05T03:14:50.783572Z,KXGOLD15M-26OCT042315-15,0.0020,1123.00,yes
2026-10-05T03:14:51.211455Z,KXGOLD15M-26OCT042315-15,0.0010,12.97,no
2026-10-05T03:14:51.211455Z,KXGOLD15M-26OCT042315-15,0.0010,9.00,no
2026-10-05T03:14:51.211455Z,KXGOLD15M-26OCT042315-15,0.0010,102.62,no
2026-10-05T03:14:51.416419Z,KXGOLD15M-26OCT042315-15,0.0010,541.00,no
2026-10-05T03:14:51.416419Z,KXGOLD15M-26OCT042315-15,0.0010,138.00,no
2026-10-05T03:14:51.416419Z,KXGOLD15M-26OCT042315-15,0.0010,5.00,no
2026-10-05T03:14:51.416419Z,KXGOLD15M-26OCT042315-15,0.0010,273.62,no
2026-10-05T03:14:51.416419Z,KXGOLD15M-26OCT042315-15,0.0010,813.38,no
2026-10-05T03:14:51.416419Z,KXGOLD15M-26OCT042315-15,0.0010,422.00,no
2026-10-05T03:14:51.416419Z,KXGOLD15M-26OCT042315-15,0.0010,29.00,no
2026-10-05T03:14:51.623985Z,KXGOLD15M-26OCT042315-15,0.0050,2.71,yes
2026-10-05T03:14:51.623985Z,KXGOLD15M-26OCT042315-15,0.0040,10.00,yes
2026-10-05T03:14:51.623985Z,KXGOLD15M-26OCT042315-15,0.0040,40.00,yes
2026-10-05T03:14:51.623985Z,KXGOLD15M-26OCT042315-15,0.0020,984.00,yes
2026-10-05T03:14:51.623985Z,KXGOLD15M-26OCT042315-15,0.0020,1351.00,yes
2026-10-05T03:14:51.623985Z,KXGOLD15M-26OCT042315-15,0.0040,100.00,yes
2026-10-05T03:14:51.951785Z,KXGOLD15M-26OCT042315-15,0.0010,80.07,no
2026-10-05T03:14:52.759616Z,KXGOLD15M-26OCT042315-15,0.0010,39.18,no
2026-10-05T03:14:52.759616Z,KXGOLD15M-26OCT042315-15,0.0010,407.31,no
2026-10-05T03:14:53.179212Z,KXGOLD15M-26OCT042315-15,0.0010,30.79,no
2026-10-05T03:14:53.201921Z,KXGOLD15M-26OCT042315-15,0.0010,170.03,no
2026-10-05T03:14:53.201921Z,KXGOLD15M-26OCT042315-15,0.0010,15.20,no
2026-10-05T03:14:53.679695Z,KXGOLD15M-26OCT042315-15,0.0020,469.32,yes
2026-10-05T03:14:53.810467Z,KXGOLD15M-26OCT042315-15,0.0010,246.25,no
2026-10-05T03:14:53.82071Z,KXGOLD15M-26OCT042315-15,0.0010,196.55,no
2026-10-05T03:14:53.82071Z,KXGOLD15M-26OCT042315-15,0.0010,328.00,no
2026-10-05T03:14:53.82071Z,KXGOLD15M-26OCT042315-15,0.0010,10.22,no
2026-10-05T03:14:53.82071Z,KXGOLD15M-26OCT042315-15,0.0010,54.00,no
2026-10-05T03:14:53.82071Z,KXGOLD15M-26OCT042315-15,0.0010,13.78,no
2026-10-05T03:14:53.82071Z,KXGOLD15M-26OCT042315-15,0.0010,131.00,no
2026-10-05T03:14:53.82071Z,KXGOLD15M-26OCT042315-15,0.0010,977.45,no
2026-10-05T03:14:53.82071Z,KXGOLD15M-26OCT042315-15,0.0010,80.00,no
2026-10-05T03:14:53.82071Z,KXGOLD15M-26OCT042315-15,0.0010,912.00,no
2026-10-05T03:14:53.82071Z,KXGOLD15M-26OCT042315-15,0.0010,630.00,no
2026-10-05T03:14:53.935922Z,KXGOLD15M-26OCT042315-15,0.0010,48.55,no
2026-10-05T03:14:53.935922Z,KXGOLD15M-26OCT042315-15,0.0010,1029.00,no
2026-10-05T03:14:53.935922Z,KXGOLD15M-26OCT042315-15,0.0010,407.00,no
2026-10-05T03:14:53.935922Z,KXGOLD15M-26OCT042315-15,0.0010,965.04,no
2026-10-05T03:14:53.989838Z,KXGOLD15M-26OCT042315-15,0.0010,156.96,no
2026-10-05T03:14:53.989838Z,KXGOLD15M-26OCT042315-15,0.0010,9.00,no
2026-10-05T03:14:53.989838Z,KXGOLD15M-26OCT042315-15,0.0010,1350.00,no
2026-10-05T03:14:53.989838Z,KXGOLD15M-26OCT042315-15,0.0010,312.04,no
2026-10-05T03:14:53.989838Z,KXGOLD15M-26OCT042315-15,0.0010,167.00,no
2026-10-05T03:14:53.989838Z,KXGOLD15M-26OCT042315-15,0.0010,5.00,no
2026-10-05T03:14:54.224533Z,KXGOLD15M-26OCT042315-15,0.0010,672.96,no
2026-10-05T03:14:54.224533Z,KXGOLD15M-26OCT042315-15,0.0010,470.00,no
2026-10-05T03:14:54.224533Z,KXGOLD15M-26OCT042315-15,0.0010,24.00,no
2026-10-05T03:14:54.224533Z,KXGOLD15M-26OCT042315-15,0.0010,1.31,no
2026-10-05T03:14:54.40552Z,KXGOLD15M-26OCT042315-15,0.0010,39.69,no
2026-10-05T03:14:54.40552Z,KXGOLD15M-26OCT042315-15,0.0010,45.33,no
2026-10-05T03:14:54.948104Z,KXGOLD15M-26OCT042315-15,0.0010,27.76,no
2026-10-05T03:14:56.312031Z,KXGOLD15M-26OCT042315-15,0.0020,344.68,yes
2026-10-05T03:14:56.312031Z,KXGOLD15M-26OCT042315-15,0.0020,113.33,yes
2026-10-05T03:14:56.508582Z,KXGOLD15M-26OCT042315-15,0.0010,102.91,no
2026-10-05T03:14:56.508582Z,KXGOLD15M-26OCT042315-15,0.0010,5.00,no
2026-10-05T03:14:56.508582Z,KXGOLD15M-26OCT042315-15,0.0010,24.00,no
2026-10-05T03:14:56.508582Z,KXGOLD15M-26OCT042315-15,0.0010,2.34,no
2026-10-05T03:14:57.091169Z,KXGOLD15M-26OCT042315-15,0.0020,1574.67,yes
2026-10-05T03:14:57.091169Z,KXGOLD15M-26OCT042315-15,0.0020,715.38,yes
2026-10-05T03:14:57.311529Z,KXGOLD15M-26OCT042315-15,0.0010,36.91,no
2026-10-05T03:14:57.334468Z,KXGOLD15M-26OCT042315-15,0.0010,1.00,no
2026-10-05T03:14:57.377214Z,KXGOLD15M-26OCT042315-15,0.0010,27.76,no
2026-10-05T03:14:57.377214Z,KXGOLD15M-26OCT042315-15,0.0010,5.08,no
2026-10-05T03:14:57.377214Z,KXGOLD15M-26OCT042315-15,0.0010,189.16,no
2026-10-05T03:14:57.540928Z,KXGOLD15M-26OCT042315-15,0.0010,25.02,no
2026-10-05T03:14:57.777396Z,KXGOLD15M-26OCT042315-15,0.0020,11.00,yes
2026-10-05T03:14:57.927252Z,KXGOLD15M-26OCT042315-15,0.0010,18.69,no
2026-10-05T03:14:57.969038Z,KXGOLD15M-26OCT042315-15,0.0010,73.29,no
2026-10-05T03:14:58.05025Z,KXGOLD15M-26OCT042315-15,0.0010,114.00,no
2026-10-05T03:14:58.05025Z,KXGOLD15M-26OCT042315-15,0.0010,129.25,no
2026-10-05T03:14:58.05025Z,KXGOLD15M-26OCT042315-15,0.0010,5.00,no
2026-10-05T03:14:58.05025Z,KXGOLD15M-26OCT042315-15,0.0010,37.84,no
2026-10-05T03:14:58.05025Z,KXGOLD15M-26OCT042315-15,0.0010,1574.00,no
2026-10-05T03:14:58.05025Z,KXGOLD15M-26OCT042315-15,0.0010,21.75,no
2026-10-05T03:14:58.05025Z,KXGOLD15M-26OCT042315-15,0.0010,716.00,no
2026-10-05T03:14:58.05025Z,KXGOLD15M-26OCT042315-15,0.0010,1.00,no
2026-10-05T03:14:58.05025Z,KXGOLD15M-26OCT042315-15,0.0010,11.00,no
2026-10-05T03:14:58.685704Z,KXGOLD15M-26OCT042315-15,0.0010,915.99,yes
2026-10-05T03:14:58.781403Z,KXGOLD15M-26OCT042315-15,0.0010,1432.17,yes
2026-10-05T03:12:50.268056Z,KXNATGAS15M-26OCT042315-15,0.0300,2.00,no
2026-10-05T03:12:50.268056Z,KXNATGAS15M-26OCT042315-15,0.0300,4.78,no
2026-10-05T03:12:50.268056Z,KXNATGAS15M-26OCT042315-15,0.0300,1.00,no
2026-10-05T03:12:50.268056Z,KXNATGAS15M-26OCT042315-15,0.0300,2.00,no
2026-10-05T03:12:50.454361Z,KXNATGAS15M-26OCT042315-15,0.0300,23.42,yes
2026-10-05T03:12:50.525066Z,KXNATGAS15M-26OCT042315-15,0.0200,12.00,no
2026-10-05T03:12:50.525066Z,KXNATGAS15M-26OCT042315-15,0.0200,10.00,no
2026-10-05T03:12:50.525066Z,KXNATGAS15M-26OCT042315-15,0.0200,3.00,no
2026-10-05T03:12:50.525066Z,KXNATGAS15M-26OCT042315-15,0.0200,11.00,no
2026-10-05T03:12:50.525066Z,KXNATGAS15M-26OCT042315-15,0.0200,50.00,no
2026-10-05T03:12:50.525066Z,KXNATGAS15M-26OCT042315-15,0.0200,3.00,no
2026-10-05T03:12:50.852674Z,KXNATGAS15M-26OCT042315-15,0.0100,70.00,no
2026-10-05T03:13:02.139023Z,KXNATGAS15M-26OCT042315-15,0.0100,5.00,no
2026-10-05T03:13:07.323852Z,KXNATGAS15M-26OCT042315-15,0.0200,3.27,yes
2026-10-05T03:13:11.308199Z,KXNATGAS15M-26OCT042315-15,0.0100,42.14,no
2026-10-05T03:13:15.459942Z,KXNATGAS15M-26OCT042315-15,0.0200,25.64,yes
2026-10-05T03:13:15.459942Z,KXNATGAS15M-26OCT042315-15,0.0200,41.00,yes
2026-10-05T03:13:15.459942Z,KXNATGAS15M-26OCT042315-15,0.0200,2.00,yes
2026-10-05T03:13:15.459942Z,KXNATGAS15M-26OCT042315-15,0.0200,4.00,yes
2026-10-05T03:13:15.459942Z,KXNATGAS15M-26OCT042315-15,0.0200,1.00,yes
2026-10-05T03:13:15.459942Z,KXNATGAS15M-26OCT042315-15,0.0200,66.73,yes
2026-10-05T03:13:15.480322Z,KXNATGAS15M-26OCT042315-15,0.0200,29.12,yes
2026-10-05T03:13:15.69786Z,KXNATGAS15M-26OCT042315-15,0.0100,73.00,no
2026-10-05T03:13:15.963106Z,KXNATGAS15M-26OCT042315-15,0.0100,73.00,no
2026-10-05T03:13:16.087933Z,KXNATGAS15M-26OCT042315-15,0.0100,44.00,no
2026-10-05T03:13:18.066849Z,KXNATGAS15M-26OCT042315-15,0.0100,51.00,no
2026-10-05T03:13:18.066849Z,KXNATGAS15M-26OCT042315-15,0.0100,3.00,no
2026-10-05T03:13:18.066849Z,KXNATGAS15M-26OCT042315-15,0.0100,1.00,no
2026-10-05T03:13:18.066849Z,KXNATGAS15M-26OCT042315-15,0.0100,145.00,no
2026-10-05T03:13:21.722889Z,KXNATGAS15M-26OCT042315-15,0.0200,23.00,yes
2026-10-05T03:13:21.722889Z,KXNATGAS15M-26OCT042315-15,0.0200,42.14,yes
2026-10-05T03:13:21.722889Z,KXNATGAS15M-26OCT042315-15,0.0200,1.00,yes
2026-10-05T03:13:21.722889Z,KXNATGAS15M-26OCT042315-15,0.0200,23.99,yes
2026-10-05T03:13:21.722889Z,KXNATGAS15M-26OCT042315-15,0.0200,5.00,yes
2026-10-05T03:13:21.722889Z,KXNATGAS15M-26OCT042315-15,0.0200,45.24,yes
2026-10-05T03:13:25.084785Z,KXNATGAS15M-26OCT042315-15,0.0100,192.60,no
2026-10-05T03:13:25.976753Z,KXNATGAS15M-26OCT042315-15,0.0100,11.10,no
2026-10-05T03:13:26.733187Z,KXNATGAS15M-26OCT042315-15,0.0100,44.00,no
2026-10-05T03:13:26.733576Z,KXNATGAS15M-26OCT042315-15,0.0100,51.70,no
2026-10-05T03:13:26.733576Z,KXNATGAS15M-26OCT042315-15,0.0100,20.00,no
2026-10-05T03:13:26.733576Z,KXNATGAS15M-26OCT042315-15,0.0100,1.30,no
2026-10-05T03:13:26.733769Z,KXNATGAS15M-26OCT042315-15,0.0100,1.00,no
2026-10-05T03:13:26.733769Z,KXNATGAS15M-26OCT042315-15,0.0100,1.70,no
2026-10-05T03:13:26.733769Z,KXNATGAS15M-26OCT042315-15,0.0100,2.00,no
2026-10-05T03:13:26.733769Z,KXNATGAS15M-26OCT042315-15,0.0100,48.30,no
2026-10-05T03:13:26.733769Z,KXNATGAS15M-26OCT042315-15,0.0100,20.00,no
2026-10-05T03:13:26.73415Z,KXNATGAS15M-26OCT042315-15,0.0100,1.00,no
2026-10-05T03:13:26.73415Z,KXNATGAS15M-26OCT042315-15,0.0100,2.00,no
2026-10-05T03:13:26.73415Z,KXNATGAS15M-26OCT042315-15,0.0100,4.00,no
2026-10-05T03:13:26.73415Z,KXNATGAS15M-26OCT042315-15,0.0100,13.00,no
2026-10-05T03:13:26.73415Z,KXNATGAS15M-26OCT042315-15,0.0100,10.00,no
2026-10-05T03:13:26.73415Z,KXNATGAS15M-26OCT042315-15,0.0100,2.00,no
2026-10-05T03:13:26.73415Z,KXNATGAS15M-26OCT042315-15,0.0100,8.30,no
2026-10-05T03:13:26.73415Z,KXNATGAS15M-26OCT042315-15,0.0100,2.00,no
2026-10-05T03:13:26.73415Z,KXNATGAS15M-26OCT042315-15,0.0100,6.90,no
2026-10-05T03:13:26.73415Z,KXNATGAS15M-26OCT042315-15,0.0100,25.00,no
2026-10-05T03:13:26.73415Z,KXNATGAS15M-26OCT042315-15,0.0100,2.35,no
2026-10-05T03:13:26.73415Z,KXNATGAS15M-26OCT042315-15,0.0100,3.03,no
2026-10-05T03:13:26.800244Z,KXNATGAS15M-26OCT042315-15,0.0100,22.45,yes
2026-10-05T03:13:31.696953Z,KXNATGAS15M-26OCT042315-15,0.0100,0.51,yes
2026-10-05T03:13:35.842003Z,KXNATGAS15M-26OCT042315-15,0.0100,9.35,yes
2026-10-05T03:13:38.15061Z,KXNATGAS15M-26OCT042315-15,0.0100,33.11,yes
2026-10-05T03:13:38.15061Z,KXNATGAS15M-26OCT042315-15,0.0100,60.40,yes
2026-10-05T03:13:49.281093Z,KXNATGAS15M-26OCT042315-15,0.0100,30.00,yes
2026-10-05T03:13:49.281093Z,KXNATGAS15M-26OCT042315-15,0.0100,1.00,yes
2026-10-05T03:13:49.281093Z,KXNATGAS15M-26OCT042315-15,0.0100,2.51,yes
2026-10-05T03:13:49.281093Z,KXNATGAS15M-26OCT042315-15,0.0100,40.00,yes
2026-10-05T03:13:49.281093Z,KXNATGAS15M-26OCT042315-15,0.0100,20.00,yes
2026-10-05T03:13:57.917081Z,KXNATGAS15M-26OCT042315-15,0.0200,2.00,yes
2026-10-05T03:13:57.917081Z,KXNATGAS15M-26OCT042315-15,0.0300,24.34,yes
2026-10-05T03:13:57.917081Z,KXNATGAS15M-26OCT042315-15,0.0100,60.00,yes
2026-10-05T03:13:57.917081Z,KXNATGAS15M-26OCT042315-15,0.0100,30.00,yes
2026-10-05T03:13:57.917081Z,KXNATGAS15M-26OCT042315-15,0.0100,100.00,yes
2026-10-05T03:13:57.917081Z,KXNATGAS15M-26OCT042315-15,0.0200,5.00,yes
2026-10-05T03:13:57.917081Z,KXNATGAS15M-26OCT042315-15,0.0100,144.00,yes
2026-10-05T03:13:57.917081Z,KXNATGAS15M-26OCT042315-15,0.0100,46.00,yes
2026-10-05T03:13:58.192178Z,KXNATGAS15M-26OCT042315-15,0.0200,1.00,no
2026-10-05T03:13:59.347528Z,KXNATGAS15M-26OCT042315-15,0.0200,4.10,no
2026-10-05T03:13:59.357222Z,KXNATGAS15M-26OCT042315-15,0.0200,15.00,no
2026-10-05T03:14:00.586989Z,KXNATGAS15M-26OCT042315-15,0.0200,9.00,no
2026-10-05T03:14:00.600591Z,KXNATGAS15M-26OCT042315-15,0.0100,13.00,no
2026-10-05T03:14:00.600591Z,KXNATGAS15M-26OCT042315-15,0.0100,2.00,no
2026-10-05T03:14:00.600591Z,KXNATGAS15M-26OCT042315-15,0.0200,270.90,no
2026-10-05T03:14:00.920991Z,KXNATGAS15M-26OCT042315-15,0.0100,1.00,no
2026-10-05T03:14:01.02141Z,KXNATGAS15M-26OCT042315-15,0.0100,2.00,no
2026-10-05T03:14:01.02141Z,KXNATGAS15M-26OCT042315-15,0.0100,299.00,no
2026-10-05T03:14:01.02141Z,KXNATGAS15M-26OCT042315-15,0.0100,13.00,no
2026-10-05T03:14:17.92724Z,KXNATGAS15M-26OCT042315-15,0.0100,18.70,yes
2026-10-05T03:12:42.213585Z,KXSOL15M-26OCT042315-15,0.0500,6.00,yes
2026-10-05T03:12:42.213585Z,KXSOL15M-26OCT042315-15,0.0470,3.00,yes
2026-10-05T03:12:42.213585Z,KXSOL15M-26OCT042315-15,0.0460,3.00,yes
2026-10-05T03:12:42.213585Z,KXSOL15M-26OCT042315-15,0.0410,5.00,yes
2026-10-05T03:12:42.213585Z,KXSOL15M-26OCT042315-15,0.0450,6.00,yes
2026-10-05T03:12:42.814676Z,KXSOL15M-26OCT042315-15,0.0460,3.00,yes
2026-10-05T03:12:42.814676Z,KXSOL15M-26OCT042315-15,0.0490,2.00,yes
2026-10-05T03:12:42.814676Z,KXSOL15M-26OCT042315-15,0.0460,7.00,yes
2026-10-05T03:12:43.064967Z,KXSOL15M-26OCT042315-15,0.0410,1.84,no
2026-10-05T03:12:43.064967Z,KXSOL15M-26OCT042315-15,0.0450,3.00,no
2026-10-05T03:12:43.064967Z,KXSOL15M-26OCT042315-15,0.0440,3.00,no
2026-10-05T03:12:43.277451Z,KXSOL15M-26OCT042315-15,0.0450,4.00,yes
2026-10-05T03:12:43.519091Z,KXSOL15M-26OCT042315-15,0.0470,1.00,yes
2026-10-05T03:12:43.519091Z,KXSOL15M-26OCT042315-15,0.0440,3.00,yes
2026-10-05T03:12:44.42275Z,KXSOL15M-26OCT042315-15,0.0400,6.00,no
2026-10-05T03:12:44.42275Z,KXSOL15M-26OCT042315-15,0.0400,1.00,no
2026-10-05T03:12:44.43191Z,KXSOL15M-26OCT042315-15,0.0400,1.00,no
2026-10-05T03:12:45.306583Z,KXSOL15M-26OCT042315-15,0.0400,1.00,no
2026-10-05T03:12:45.312744Z,KXSOL15M-26OCT042315-15,0.0400,1.00,no
2026-10-05T03:12:45.3179Z,KXSOL15M-26OCT042315-15,0.0400,1.00,no
2026-10-05T03:12:45.660798Z,KXSOL15M-26OCT042315-15,0.0400,5.00,no
2026-10-05T03:12:47.389594Z,KXSOL15M-26OCT042315-15,0.0400,3.00,yes
2026-10-05T03:12:47.389594Z,KXSOL15M-26OCT042315-15,0.0400,7.00,yes
2026-10-05T03:12:48.599881Z,KXSOL15M-26OCT042315-15,0.0390,20.00,no
2026-10-05T03:12:48.804278Z,KXSOL15M-26OCT042315-15,0.0390,7.00,no
2026-10-05T03:12:48.920457Z,KXSOL15M-26OCT042315-15,0.0390,2.00,no
2026-10-05T03:12:49.371254Z,KXSOL15M-26OCT042315-15,0.0470,15.00,yes
2026-10-05T03:12:49.371254Z,KXSOL15M-26OCT042315-15,0.0450,1.00,yes
2026-10-05T03:12:49.371254Z,KXSOL15M-26OCT042315-15,0.0450,3.00,yes
2026-10-05T03:12:49.371254Z,KXSOL15M-26OCT042315-15,0.0400,6.00,yes
2026-10-05T03:12:49.371254Z,KXSOL15M-26OCT042315-15,0.0400,20.00,yes
2026-10-05T03:12:49.371254Z,KXSOL15M-26OCT042315-15,0.0400,3.00,yes
2026-10-05T03:12:49.371254Z,KXSOL15M-26OCT042315-15,0.0460,7.00,yes
2026-10-05T03:12:49.371254Z,KXSOL15M-26OCT042315-15,0.0420,5.00,yes
2026-10-05T03:12:49.371254Z,KXSOL15M-26OCT042315-15,0.0430,47.00,yes
2026-10-05T03:12:49.371254Z,KXSOL15M-26OCT042315-15,0.0480,243.97,yes
2026-10-05T03:12:49.371254Z,KXSOL15M-26OCT042315-15,0.0410,5.00,yes
2026-10-05T03:12:49.371254Z,KXSOL15M-26OCT042315-15,0.0410,3.00,yes
2026-10-05T03:12:49.371254Z,KXSOL15M-26OCT042315-15,0.0400,8.00,yes
2026-10-05T03:12:49.371254Z,KXSOL15M-26OCT042315-15,0.0430,4.00,yes
2026-10-05T03:12:49.371254Z,KXSOL15M-26OCT042315-15,0.0440,4.00,yes
2026-10-05T03:12:49.371254Z,KXSOL15M-26OCT042315-15,0.0450,6.00,yes
2026-10-05T03:12:49.371254Z,KXSOL15M-26OCT042315-15,0.0460,1.00,yes
2026-10-05T03:12:49.371254Z,KXSOL15M-26OCT042315-15,0.0420,4.00,yes
2026-10-05T03:12:49.371254Z,KXSOL15M-26OCT042315-15,0.0470,18.00,yes
2026-10-05T03:12:49.542858Z,KXSOL15M-26OCT042315-15,0.0390,65.39,no
2026-10-05T03:12:49.542858Z,KXSOL15M-26OCT042315-15,0.0410,54.00,no
2026-10-05T03:12:49.542858Z,KXSOL15M-26OCT042315-15,0.0400,19.00,no
2026-10-05T03:12:49.542858Z,KXSOL15M-26OCT042315-15,0.0410,6.00,no
2026-10-05T03:12:49.542858Z,KXSOL15M-26OCT042315-15,0.0400,12.00,no
2026-10-05T03:12:49.73922Z,KXSOL15M-26OCT042315-15,0.0450,13.92,yes
2026-10-05T03:12:49.73922Z,KXSOL15M-26OCT042315-15,0.0420,3.00,yes
2026-10-05T03:12:49.73922Z,KXSOL15M-26OCT042315-15,0.0410,3.00,yes
2026-10-05T03:12:50.163452Z,KXSOL15M-26OCT042315-15,0.0400,3.00,yes
2026-10-05T03:12:50.913668Z,KXSOL15M-26OCT042315-15,0.0480,28.74,yes
2026-10-05T03:12:50.913668Z,KXSOL15M-26OCT042315-15,0.0450,10.00,yes
2026-10-05T03:12:50.913668Z,KXSOL15M-26OCT042315-15,0.0410,3.00,yes
2026-10-05T03:12:50.913668Z,KXSOL15M-26OCT042315-15,0.0450,6.00,yes
2026-10-05T03:12:50.913668Z,KXSOL15M-26OCT042315-15,0.0420,3.00,yes
2026-10-05T03:12:50.913668Z,KXSOL15M-26OCT042315-15,0.0470,5.00,yes
2026-10-05T03:12:50.913668Z,KXSOL15M-26OCT042315-15,0.0430,12.00,yes
2026-10-05T03:12:50.913668Z,KXSOL15M-26OCT042315-15,0.0420,13.00,yes
2026-10-05T03:12:50.913668Z,KXSOL15M-26OCT042315-15,0.0470,36.00,yes
2026-10-05T03:12:50.913668Z,KXSOL15M-26OCT042315-15,0.0470,7.00,yes
2026-10-05T03:12:50.913668Z,KXSOL15M-26OCT042315-15,0.0440,12.00,yes
2026-10-05T03:12:53.269122Z,KXSOL15M-26OCT042315-15,0.0390,1.03,no
2026-10-05T03:12:53.27864Z,KXSOL15M-26OCT042315-15,0.0400,0.33,yes
2026-10-05T03:12:53.64495Z,KXSOL15M-26OCT042315-15,0.0410,11.00,yes
2026-10-05T03:12:53.64495Z,KXSOL15M-26OCT042315-15,0.0410,3.00,yes
2026-10-05T03:12:53.64495Z,KXSOL15M-26OCT042315-15,0.0400,17.00,yes
2026-10-05T03:12:53.64495Z,KXSOL15M-26OCT042315-15,0.0400,2.67,yes
2026-10-05T03:12:53.6509Z,KXSOL15M-26OCT042315-15,0.0410,89.49,no
2026-10-05T03:12:53.82858Z,KXSOL15M-26OCT042315-15,0.0410,4.00,no
2026-10-05T03:12:53.828651Z,KXSOL15M-26OCT042315-15,0.0410,3.00,no
2026-10-05T03:12:53.890066Z,KXSOL15M-26OCT042315-15,0.0410,4.00,no
2026-10-05T03:12:53.962165Z,KXSOL15M-26OCT042315-15,0.0410,10.30,no
2026-10-05T03:12:53.976145Z,KXSOL15M-26OCT042315-15,0.0410,33.44,no
2026-10-05T03:12:54.001869Z,KXSOL15M-26OCT042315-15,0.0410,31.03,no
2026-10-05T03:12:54.19887Z,KXSOL15M-26OCT042315-15,0.0410,19.94,no
2026-10-05T03:12:54.275463Z,KXSOL15M-26OCT042315-15,0.0410,2.71,no
2026-10-05T03:12:54.275463Z,KXSOL15M-26OCT042315-15,0.0400,6.00,no
2026-10-05T03:12:54.275463Z,KXSOL15M-26OCT042315-15,0.0400,9.29,no
2026-10-05T03:12:54.623031Z,KXSOL15M-26OCT042315-15,0.0400,6.00,no
2026-10-05T03:12:54.623031Z,KXSOL15M-26OCT042315-15,0.0400,0.71,no
2026-10-05T03:12:55.360087Z,KXSOL15M-26OCT042315-15,0.0390,1.85,no
2026-10-05T03:12:56.187752Z,KXSOL15M-26OCT042315-15,0.0400,9.00,yes
2026-10-05T03:12:56.264788Z,KXSOL15M-26OCT042315-15,0.0390,2.00,no
2026-10-05T03:12:56.496485Z,KXSOL15M-26OCT042315-15,0.0400,20.00,yes
2026-10-05T03:12:56.702613Z,KXSOL15M-26OCT042315-15,0.0380,20.00,yes
2026-10-05T03:12:56.755928Z,KXSOL15M-26OCT042315-15,0.0380,5.00,yes
2026-10-05T03:12:57.015103Z,KXSOL15M-26OCT042315-15,0.0380,15.07,yes
2026-10-05T03:12:57.762059Z,KXSOL15M-26OCT042315-15,0.0380,1.00,yes
2026-10-05T03:12:58.074186Z,KXSOL15M-26OCT042315-15,0.0360,30.00,no
2026-10-05T03:12:58.182996Z,KXSOL15M-26OCT042315-15,0.0360,23.00,no
2026-10-05T03:12:58.194628Z,KXSOL15M-26OCT042315-15,0.0360,29.00,no
2026-10-05T03:12:59.434979Z,KXSOL15M-26OCT042315-15,0.0250,8.00,yes
2026-10-05T03:12:59.646554Z,KXSOL15M-26OCT042315-15,0.0260,9.00,yes
2026-10-05T03:12:59.752467Z,KXSOL15M-26OCT042315-15,0.0260,1.00,yes
2026-10-05T03:12:59.845469Z,KXSOL15M-26OCT042315-15,0.0230,10.00,no
2026-10-05T03:12:59.845469Z,KXSOL15M-26OCT042315-15,0.0220,5.00,no
2026-10-05T03:12:59.852234Z,KXSOL15M-26OCT042315-15,0.0260,1.00,yes
2026-10-05T03:12:59.958699Z,KXSOL15M-26OCT042315-15,0.0250,6.00,yes
2026-10-05T03:12:59.958699Z,KXSOL15M-26OCT042315-15,0.0250,5.00,yes
2026-10-05T03:13:00.082692Z,KXSOL15M-26OCT042315-15,0.0220,1.00,no
2026-10-05T03:13:00.094999Z,KXSOL15M-26OCT042315-15,0.0220,10.00,no
2026-10-05T03:13:00.137212Z,KXSOL15M-26OCT042315-15,0.0220,11.00,no
2026-10-05T03:13:00.137212Z,KXSOL15M-26OCT042315-15,0.0220,3.00,no
2026-10-05T03:13:00.137212Z,KXSOL15M-26OCT042315-15,0.0220,24.00,no
2026-10-05T03:13:00.137212Z,KXSOL15M-26OCT042315-15,0.0210,2.00,no
2026-10-05T03:13:00.146812Z,KXSOL15M-26OCT042315-15,0.0210,15.00,no
2026-10-05T03:13:00.157469Z,KXSOL15M-26OCT042315-15,0.0220,10.00,no
2026-10-05T03:13:00.157469Z,KXSOL15M-26OCT042315-15,0.0210,6.00,no
2026-10-05T03:13:00.157469Z,KXSOL15M-26OCT042315-15,0.0210,23.00,no
2026-10-05T03:13:00.157469Z,KXSOL15M-26OCT042315-15,0.0210,1.00,no
2026-10-05T03:13:00.158247Z,KXSOL15M-26OCT042315-15,0.0210,1.00,no
2026-10-05T03:13:00.183956Z,KXSOL15M-26OCT042315-15,0.0200,2.00,no
2026-10-05T03:13:00.196229Z,KXSOL15M-26OCT042315-15,0.0210,33.00,yes
2026-10-05T03:13:00.279147Z,KXSOL15M-26OCT042315-15,0.0200,16.97,no
2026-10-05T03:13:00.279147Z,KXSOL15M-26OCT042315-15,0.0200,2.03,no
2026-10-05T03:13:00.279147Z,KXSOL15M-26OCT042315-15,0.0200,2.00,no
2026-10-05T03:13:00.279147Z,KXSOL15M-26OCT042315-15,0.0200,9.00,no
2026-10-05T03:13:00.279147Z,KXSOL15M-26OCT042315-15,0.0200,40.00,no
2026-10-05T03:13:00.279147Z,KXSOL15M-26OCT042315-15,0.0200,10.00,no
2026-10-05T03:13:00.428069Z,KXSOL15M-26OCT042315-15,0.0210,24.00,yes
2026-10-05T03:13:00.428069Z,KXSOL15M-26OCT042315-15,0.0210,11.00,yes
2026-10-05T03:13:00.691622Z,KXSOL15M-26OCT042315-15,0.0210,4.00,yes
2026-10-05T03:13:00.691622Z,KXSOL15M-26OCT042315-15,0.0210,6.00,yes
2026-10-05T03:13:00.960129Z,KXSOL15M-26OCT042315-15,0.0210,2.00,yes
2026-10-05T03:13:01.270138Z,KXSOL15M-26OCT042315-15,0.0200,30.00,no
2026-10-05T03:13:01.287154Z,KXSOL15M-26OCT042315-15,0.0200,31.00,no
2026-10-05T03:13:01.296889Z,KXSOL15M-26OCT042315-15,0.0200,13.00,no
2026-10-05T03:13:01.792462Z,KXSOL15M-26OCT042315-15,0.0200,74.80,no
2026-10-05T03:13:01.792462Z,KXSOL15M-26OCT042315-15,0.0200,5.26,no
2026-10-05T03:13:01.792462Z,KXSOL15M-26OCT042315-15,0.0200,19.94,no
2026-10-05T03:13:02.025836Z,KXSOL15M-26OCT042315-15,0.0200,5.00,no
2026-10-05T03:13:02.234458Z,KXSOL15M-26OCT042315-15,0.0200,1.01,no
2026-10-05T03:13:02.557362Z,KXSOL15M-26OCT042315-15,0.0210,0.01,yes
2026-10-05T03:13:02.557362Z,KXSOL15M-26OCT042315-15,0.0210,69.00,yes
2026-10-05T03:13:02.557362Z,KXSOL15M-26OCT042315-15,0.0210,40.00,yes
2026-10-05T03:13:02.557362Z,KXSOL15M-26OCT042315-15,0.0210,10.00,yes
2026-10-05T03:13:02.557362Z,KXSOL15M-26OCT042315-15,0.0210,4.00,yes
2026-10-05T03:13:02.557362Z,KXSOL15M-26OCT042315-15,0.0210,2.00,yes
2026-10-05T03:13:02.905275Z,KXSOL15M-26OCT042315-15,0.0240,23.00,yes
2026-10-05T03:13:02.905275Z,KXSOL15M-26OCT042315-15,0.0230,35.07,yes
2026-10-05T03:13:02.905275Z,KXSOL15M-26OCT042315-15,0.0220,2.00,yes
2026-10-05T03:13:02.905275Z,KXSOL15M-26OCT042315-15,0.0220,15.00,yes
2026-10-05T03:13:02.905275Z,KXSOL15M-26OCT042315-15,0.0220,24.00,yes
2026-10-05T03:13:02.905275Z,KXSOL15M-26OCT042315-15,0.0220,10.00,yes
2026-10-05T03:13:02.905275Z,KXSOL15M-26OCT042315-15,0.0220,1.00,yes
2026-10-05T03:13:02.905275Z,KXSOL15M-26OCT042315-15,0.0220,23.00,yes
2026-10-05T03:13:02.905275Z,KXSOL15M-26OCT042315-15,0.0250,14.86,yes
2026-10-05T03:13:03.51357Z,KXSOL15M-26OCT042315-15,0.0250,3.74,yes
2026-10-05T03:13:04.153645Z,KXSOL15M-26OCT042315-15,0.0230,2.04,no
2026-10-05T03:13:05.172162Z,KXSOL15M-26OCT042315-15,0.0220,3.00,no
2026-10-05T03:13:05.172162Z,KXSOL15M-26OCT042315-15,0.0220,13.00,no
2026-10-05T03:13:05.172162Z,KXSOL15M-26OCT042315-15,0.0220,7.00,no
2026-10-05T03:13:05.172162Z,KXSOL15M-26OCT042315-15,0.0210,65.72,no
2026-10-05T03:13:05.172162Z,KXSOL15M-26OCT042315-15,0.0220,10.00,no
2026-10-05T03:13:05.255172Z,KXSOL15M-26OCT042315-15,0.0210,2.00,no
2026-10-05T03:13:05.790942Z,KXSOL15M-26OCT042315-15,0.0260,7.96,yes
2026-10-05T03:13:05.790942Z,KXSOL15M-26OCT042315-15,0.0240,2.00,yes
2026-10-05T03:13:05.790942Z,KXSOL15M-26OCT042315-15,0.0230,20.00,yes
2026-10-05T03:13:05.790942Z,KXSOL15M-26OCT042315-15,0.0250,8.00,yes
2026-10-05T03:13:06.139975Z,KXSOL15M-26OCT042315-15,0.0240,0.56,yes
2026-10-05T03:13:07.447165Z,KXSOL15M-26OCT042315-15,0.0220,8.00,no
2026-10-05T03:13:07.447165Z,KXSOL15M-26OCT042315-15,0.0220,2.00,no
2026-10-05T03:13:07.622035Z,KXSOL15M-26OCT042315-15,0.0250,10.00,yes
2026-10-05T03:13:07.622035Z,KXSOL15M-26OCT042315-15,0.0240,20.00,yes
2026-10-05T03:13:07.622035Z,KXSOL15M-26OCT042315-15,0.0250,20.00,yes
2026-10-05T03:13:07.622035Z,KXSOL15M-26OCT042315-15,0.0250,8.00,yes
2026-10-05T03:13:07.622035Z,KXSOL15M-26OCT042315-15,0.0250,8.00,yes
2026-10-05T03:13:07.622035Z,KXSOL15M-26OCT042315-15,0.0250,2.00,yes
2026-10-05T03:13:07.629936Z,KXSOL15M-26OCT042315-15,0.0240,9.00,yes
2026-10-05T03:13:07.629936Z,KXSOL15M-26OCT042315-15,0.0250,10.00,yes
2026-10-05T03:13:07.629936Z,KXSOL15M-26OCT042315-15,0.0250,10.00,yes
2026-10-05T03:13:08.148146Z,KXSOL15M-26OCT042315-15,0.0280,3.00,no
2026-10-05T03:13:08.298876Z,KXSOL15M-26OCT042315-15,0.0260,1.73,no
2026-10-05T03:13:08.298876Z,KXSOL15M-26OCT042315-15,0.0270,3.00,no
2026-10-05T03:13:09.140371Z,KXSOL15M-26OCT042315-15,0.0280,6.68,yes
2026-10-05T03:13:10.139087Z,KXSOL15M-26OCT042315-15,0.0270,1.02,no
2026-10-05T03:13:11.870337Z,KXSOL15M-26OCT042315-15,0.0230,2.16,no
2026-10-05T03:13:11.870337Z,KXSOL15M-26OCT042315-15,0.0240,3.00,no
2026-10-05T03:13:11.870337Z,KXSOL15M-26OCT042315-15,0.0250,17.00,no
2026-10-05T03:13:11.870337Z,KXSOL15M-26OCT042315-15,0.0260,16.00,no
2026-10-05T03:13:11.870337Z,KXSOL15M-26OCT042315-15,0.0230,2.00,no
2026-10-05T03:13:11.878997Z,KXSOL15M-26OCT042315-15,0.0280,167.19,yes
2026-10-05T03:13:11.925287Z,KXSOL15M-26OCT042315-15,0.0250,5.12,no
2026-10-05T03:13:12.088612Z,KXSOL15M-26OCT042315-15,0.0220,7.00,no
2026-10-05T03:13:12.088612Z,KXSOL15M-26OCT042315-15,0.0220,10.00,no
2026-10-05T03:13:12.090697Z,KXSOL15M-26OCT042315-15,0.0210,12.00,no
2026-10-05T03:13:12.189749Z,KXSOL15M-26OCT042315-15,0.0210,2.00,no
2026-10-05T03:13:13.288198Z,KXSOL15M-26OCT042315-15,0.0210,13.66,no
2026-10-05T03:13:13.356458Z,KXSOL15M-26OCT042315-15,0.0210,15.00,no
2026-10-05T03:13:13.548951Z,KXSOL15M-26OCT042315-15,0.0220,66.00,yes
2026-10-05T03:13:13.548951Z,KXSOL15M-26OCT042315-15,0.0220,27.71,yes
2026-10-05T03:13:13.548951Z,KXSOL15M-26OCT042315-15,0.0220,3.00,yes
2026-10-05T03:13:13.561613Z,KXSOL15M-26OCT042315-15,0.0220,2.00,yes
2026-10-05T03:13:13.561613Z,KXSOL15M-26OCT042315-15,0.0240,3.39,yes
2026-10-05T03:13:13.561613Z,KXSOL15M-26OCT042315-15,0.0220,4.29,yes
2026-10-05T03:13:13.561613Z,KXSOL15M-26OCT042315-15,0.0240,9.00,yes
2026-10-05T03:13:13.561613Z,KXSOL15M-26OCT042315-15,0.0230,3.00,yes
2026-10-05T03:13:13.561613Z,KXSOL15M-26OCT042315-15,0.0220,20.00,yes
2026-10-05T03:13:13.64651Z,KXSOL15M-26OCT042315-15,0.0210,40.00,no
2026-10-05T03:13:13.892013Z,KXSOL15M-26OCT042315-15,0.0210,0.99,no
2026-10-05T03:13:13.897227Z,KXSOL15M-26OCT042315-15,0.0200,6.00,no
2026-10-05T03:13:13.897227Z,KXSOL15M-26OCT042315-15,0.0200,10.00,no
2026-10-05T03:13:13.897227Z,KXSOL15M-26OCT042315-15,0.0210,109.45,no
2026-10-05T03:13:13.897227Z,KXSOL15M-26OCT042315-15,0.0190,37.98,no
2026-10-05T03:13:13.946712Z,KXSOL15M-26OCT042315-15,0.0170,40.00,no
2026-10-05T03:13:13.946712Z,KXSOL15M-26OCT042315-15,0.0180,40.00,no
2026-10-05T03:13:13.946712Z,KXSOL15M-26OCT042315-15,0.0160,20.12,no
2026-10-05T03:13:13.946712Z,KXSOL15M-26OCT042315-15,0.0190,2.02,no
2026-10-05T03:13:15.124498Z,KXSOL15M-26OCT042315-15,0.0150,15.00,no
2026-10-05T03:13:15.124498Z,KXSOL15M-26OCT042315-15,0.0130,7.00,no
2026-10-05T03:13:15.124498Z,KXSOL15M-26OCT042315-15,0.0130,2.00,no
2026-10-05T03:13:15.124498Z,KXSOL15M-26OCT042315-15,0.0130,10.00,no
2026-10-05T03:13:15.124498Z,KXSOL15M-26OCT042315-15,0.0130,1.00,no
2026-10-05T03:13:15.124498Z,KXSOL15M-26OCT042315-15,0.0130,40.00,no
2026-10-05T03:13:15.124498Z,KXSOL15M-26OCT042315-15,0.0140,40.00,no
2026-10-05T03:13:15.124498Z,KXSOL15M-26OCT042315-15,0.0150,40.00,no
2026-10-05T03:13:15.124498Z,KXSOL15M-26OCT042315-15,0.0160,19.88,no
2026-10-05T03:13:15.124498Z,KXSOL15M-26OCT042315-15,0.0120,10.00,no
2026-10-05T03:13:15.124498Z,KXSOL15M-26OCT042315-15,0.0120,1.78,no
2026-10-05T03:13:15.198904Z,KXSOL15M-26OCT042315-15,0.0130,1.00,no
2026-10-05T03:13:15.200821Z,KXSOL15M-26OCT042315-15,0.0140,1.00,no
2026-10-05T03:13:15.425212Z,KXSOL15M-26OCT042315-15,0.0130,7.00,no
2026-10-05T03:13:15.425212Z,KXSOL15M-26OCT042315-15,0.0130,10.00,no
2026-10-05T03:13:15.425212Z,KXSOL15M-26OCT042315-15,0.0120,22.00,no
2026-10-05T03:13:15.449846Z,KXSOL15M-26OCT042315-15,0.0120,1.01,no
2026-10-05T03:13:15.731619Z,KXSOL15M-26OCT042315-15,0.0120,19.00,no
2026-10-05T03:13:16.744014Z,KXSOL15M-26OCT042315-15,0.0120,207.79,no
2026-10-05T03:13:16.879222Z,KXSOL15M-26OCT042315-15,0.0130,1.99,yes
2026-10-05T03:13:16.879222Z,KXSOL15M-26OCT042315-15,0.0130,0.01,yes
2026-10-05T03:13:17.005939Z,KXSOL15M-26OCT042315-15,0.0120,4.35,no
2026-10-05T03:13:17.092285Z,KXSOL15M-26OCT042315-15,0.0130,0.01,yes
2026-10-05T03:13:17.092285Z,KXSOL15M-26OCT042315-15,0.0140,4.99,yes
2026-10-05T03:13:17.178208Z,KXSOL15M-26OCT042315-15,0.0130,0.02,yes
2026-10-05T03:13:17.178208Z,KXSOL15M-26OCT042315-15,0.0140,6.98,yes
2026-10-05T03:13:17.261524Z,KXSOL15M-26OCT042315-15,0.0120,3.03,no
2026-10-05T03:13:17.357667Z,KXSOL15M-26OCT042315-15,0.0120,30.00,no
2026-10-05T03:13:17.357667Z,KXSOL15M-26OCT042315-15,0.0120,7.00,no
2026-10-05T03:13:17.357667Z,KXSOL15M-26OCT042315-15,0.0120,10.00,no
2026-10-05T03:13:17.357667Z,KXSOL15M-26OCT042315-15,0.0120,40.00,no
2026-10-05T03:13:17.590606Z,KXSOL15M-26OCT042315-15,0.0120,7.00,no
2026-10-05T03:13:17.590606Z,KXSOL15M-26OCT042315-15,0.0120,10.00,no
2026-10-05T03:13:17.590606Z,KXSOL15M-26OCT042315-15,0.0120,30.00,no
2026-10-05T03:13:18.126853Z,KXSOL15M-26OCT042315-15,0.0120,10.00,no
2026-10-05T03:13:18.126853Z,KXSOL15M-26OCT042315-15,0.0120,7.00,no
2026-10-05T03:13:18.126853Z,KXSOL15M-26OCT042315-15,0.0110,40.00,no
2026-10-05T03:13:18.126853Z,KXSOL15M-26OCT042315-15,0.0110,0.66,no
2026-10-05T03:13:18.126853Z,KXSOL15M-26OCT042315-15,0.0110,100.00,no
2026-10-05T03:13:18.126853Z,KXSOL15M-26OCT042315-15,0.0110,20.00,no
2026-10-05T03:13:18.126853Z,KXSOL15M-26OCT042315-15,0.0110,9.00,no
2026-10-05T03:13:18.325268Z,KXSOL15M-26OCT042315-15,0.0120,5.75,yes
2026-10-05T03:13:18.357688Z,KXSOL15M-26OCT042315-15,0.0110,10.00,no
2026-10-05T03:13:18.357688Z,KXSOL15M-26OCT042315-15,0.0110,7.00,no
2026-10-05T03:13:18.357688Z,KXSOL15M-26OCT042315-15,0.0110,1.00,no
2026-10-05T03:13:18.357688Z,KXSOL15M-26OCT042315-15,0.0110,10.00,no
2026-10-05T03:13:18.357688Z,KXSOL15M-26OCT042315-15,0.0110,2.00,no
2026-10-05T03:13:18.357688Z,KXSOL15M-26OCT042315-15,0.0110,2.00,no
2026-10-05T03:13:18.357688Z,KXSOL15M-26OCT042315-15,0.0110,0.34,no
2026-10-05T03:13:18.824451Z,KXSOL15M-26OCT042315-15,0.0110,5.05,no
2026-10-05T03:13:18.878013Z,KXSOL15M-26OCT042315-15,0.0110,11.11,no
2026-10-05T03:13:19.0509Z,KXSOL15M-26OCT042315-15,0.0110,10.00,no
2026-10-05T03:13:19.0509Z,KXSOL15M-26OCT042315-15,0.0110,24.84,no
2026-10-05T03:13:19.0509Z,KXSOL15M-26OCT042315-15,0.0110,7.00,no
2026-10-05T03:13:19.211602Z,KXSOL15M-26OCT042315-15,0.0100,7.78,no
2026-10-05T03:13:19.211602Z,KXSOL15M-26OCT042315-15,0.0100,40.00,no
2026-10-05T03:13:19.211602Z,KXSOL15M-26OCT042315-15,0.0100,3.00,no
2026-10-05T03:13:19.46316Z,KXSOL15M-26OCT042315-15,0.0210,100.00,yes
2026-10-05T03:13:19.46316Z,KXSOL15M-26OCT042315-15,0.0110,12.00,yes
2026-10-05T03:13:19.46316Z,KXSOL15M-26OCT042315-15,0.0150,16.00,yes
2026-10-05T03:13:19.46316Z,KXSOL15M-26OCT042315-15,0.0270,67.00,yes
2026-10-05T03:13:19.46316Z,KXSOL15M-26OCT042315-15,0.0110,40.00,yes
2026-10-05T03:13:19.46316Z,KXSOL15M-26OCT042315-15,0.0110,0.02,yes
2026-10-05T03:13:19.46316Z,KXSOL15M-26OCT042315-15,0.0110,7.78,yes
2026-10-05T03:13:19.46316Z,KXSOL15M-26OCT042315-15,0.0110,34.25,yes
2026-10-05T03:13:19.46316Z,KXSOL15M-26OCT042315-15,0.0200,3.00,yes
2026-10-05T03:13:19.46316Z,KXSOL15M-26OCT042315-15,0.0120,11.00,yes
2026-10-05T03:13:19.46316Z,KXSOL15M-26OCT042315-15,0.0140,15.00,yes
2026-10-05T03:13:19.46316Z,KXSOL15M-26OCT042315-15,0.0130,9.00,yes
2026-10-05T03:13:19.46316Z,KXSOL15M-26OCT042315-15,0.0210,10.00,yes
2026-10-05T03:13:19.46316Z,KXSOL15M-26OCT042315-15,0.0120,0.02,yes
2026-10-05T03:13:19.46316Z,KXSOL15M-26OCT042315-15,0.0120,16.00,yes
2026-10-05T03:13:19.46316Z,KXSOL15M-26OCT042315-15,0.0200,9.00,yes
2026-10-05T03:13:19.46316Z,KXSOL15M-26OCT042315-15,0.0120,13.00,yes
2026-10-05T03:13:19.46316Z,KXSOL15M-26OCT042315-15,0.0240,0.05,yes
2026-10-05T03:13:19.46316Z,KXSOL15M-26OCT042315-15,0.0140,3.00,yes
2026-10-05T03:13:19.46316Z,KXSOL15M-26OCT042315-15,0.0130,40.00,yes
2026-10-05T03:13:19.46316Z,KXSOL15M-26OCT042315-15,0.0140,5.00,yes
2026-10-05T03:13:19.46316Z,KXSOL15M-26OCT042315-15,0.0150,1.00,yes
2026-10-05T03:13:19.46316Z,KXSOL15M-26OCT042315-15,0.0260,0.06,yes
2026-10-05T03:13:19.46316Z,KXSOL15M-26OCT042315-15,0.0250,0.05,yes
2026-10-05T03:13:19.46316Z,KXSOL15M-26OCT042315-15,0.0270,0.07,yes
2026-10-05T03:13:19.46316Z,KXSOL15M-26OCT042315-15,0.0230,0.04,yes
2026-10-05T03:13:19.46316Z,KXSOL15M-26OCT042315-15,0.0220,0.03,yes
2026-10-05T03:13:19.46316Z,KXSOL15M-26OCT042315-15,0.0130,0.02,yes
2026-10-05T03:13:19.46316Z,KXSOL15M-26OCT042315-15,0.0130,3.00,yes
2026-10-05T03:13:19.46316Z,KXSOL15M-26OCT042315-15,0.0160,0.02,yes
2026-10-05T03:13:19.46316Z,KXSOL15M-26OCT042315-15,0.0140,0.02,yes
2026-10-05T03:13:19.46316Z,KXSOL15M-26OCT042315-15,0.0180,0.02,yes
2026-10-05T03:13:19.46316Z,KXSOL15M-26OCT042315-15,0.0210,0.03,yes
2026-10-05T03:13:19.46316Z,KXSOL15M-26OCT042315-15,0.0170,0.02,yes
2026-10-05T03:13:19.46316Z,KXSOL15M-26OCT042315-15,0.0160,13.00,yes
2026-10-05T03:13:19.46316Z,KXSOL15M-26OCT042315-15,0.0190,0.02,yes
2026-10-05T03:13:19.46316Z,KXSOL15M-26OCT042315-15,0.0150,0.02,yes
2026-10-05T03:13:19.46316Z,KXSOL15M-26OCT042315-15,0.0200,0.02,yes
2026-10-05T03:13:19.46316Z,KXSOL15M-26OCT042315-15,0.0200,5.00,yes
2026-10-05T03:13:19.46316Z,KXSOL15M-26OCT042315-15,0.0250,70.00,yes
2026-10-05T03:13:19.46316Z,KXSOL15M-26OCT042315-15,0.0210,21.00,yes
2026-10-05T03:13:19.46316Z,KXSOL15M-26OCT042315-15,0.0210,45.00,yes
2026-10-05T03:13:19.46316Z,KXSOL15M-26OCT042315-15,0.0160,40.00,yes
2026-10-05T03:13:19.46316Z,KXSOL15M-26OCT042315-15,0.0200,6.97,yes
2026-10-05T03:13:19.46316Z,KXSOL15M-26OCT042315-15,0.0200,10.00,yes
2026-10-05T03:13:19.46316Z,KXSOL15M-26OCT042315-15,0.0150,40.00,yes
2026-10-05T03:13:19.46316Z,KXSOL15M-26OCT042315-15,0.0170,19.88,yes
2026-10-05T03:13:19.46316Z,KXSOL15M-26OCT042315-15,0.0140,13.00,yes
2026-10-05T03:13:19.46316Z,KXSOL15M-26OCT042315-15,0.0140,28.03,yes
2026-10-05T03:13:19.46316Z,KXSOL15M-26OCT042315-15,0.0210,21.00,yes
2026-10-05T03:13:19.46316Z,KXSOL15M-26OCT042315-15,0.0180,40.00,yes
2026-10-05T03:13:19.46316Z,KXSOL15M-26OCT042315-15,0.0220,29.00,yes
2026-10-05T03:13:19.46316Z,KXSOL15M-26OCT042315-15,0.0170,20.12,yes
2026-10-05T03:13:19.46316Z,KXSOL15M-26OCT042315-15,0.0170,34.00,yes
2026-10-05T03:13:19.46316Z,KXSOL15M-26OCT042315-15,0.0230,5.00,yes
2026-10-05T03:13:19.46316Z,KXSOL15M-26OCT042315-15,0.0190,40.00,yes
2026-10-05T03:13:19.46316Z,KXSOL15M-26OCT042315-15,0.0200,2.02,yes
2026-10-05T03:13:19.46316Z,KXSOL15M-26OCT042315-15,0.0240,1.61,yes
2026-10-05T03:13:19.46316Z,KXSOL15M-26OCT042315-15,0.0200,37.98,yes
2026-10-05T03:13:19.46316Z,KXSOL15M-26OCT042315-15,0.0250,6.00,yes
2026-10-05T03:13:19.46316Z,KXSOL15M-26OCT042315-15,0.0170,350.00,yes
2026-10-05T03:13:19.46316Z,KXSOL15M-26OCT042315-15,0.0220,20.00,yes
2026-10-05T03:13:19.46316Z,KXSOL15M-26OCT042315-15,0.0250,5.00,yes
2026-10-05T03:13:19.46316Z,KXSOL15M-26OCT042315-15,0.0270,3.00,yes
2026-10-05T03:13:19.46316Z,KXSOL15M-26OCT042315-15,0.0280,73.45,yes
2026-10-05T03:13:19.46316Z,KXSOL15M-26OCT042315-15,0.0160,65.00,yes
2026-10-05T03:13:19.745525Z,KXSOL15M-26OCT042315-15,0.0130,20.00,no
2026-10-05T03:13:20.733374Z,KXSOL15M-26OCT042315-15,0.0140,1.00,no
2026-10-05T03:13:21.861757Z,KXSOL15M-26OCT042315-15,0.0140,39.00,no
2026-10-05T03:13:21.861757Z,KXSOL15M-26OCT042315-15,0.0140,17.00,no
2026-10-05T03:13:21.861757Z,KXSOL15M-26OCT042315-15,0.0130,10.85,no
2026-10-05T03:13:24.291174Z,KXSOL15M-26OCT042315-15,0.0120,14.36,no
2026-10-05T03:13:24.291174Z,KXSOL15M-26OCT042315-15,0.0120,7.00,no
2026-10-05T03:13:24.42448Z,KXSOL15M-26OCT042315-15,0.0120,14.36,no
2026-10-05T03:13:25.94738Z,KXSOL15M-26OCT042315-15,0.0120,13.00,no
2026-10-05T03:13:26.861248Z,KXSOL15M-26OCT042315-15,0.0120,5.00,no
2026-10-05T03:13:27.037296Z,KXSOL15M-26OCT042315-15,0.0110,7.00,no
2026-10-05T03:13:27.037296Z,KXSOL15M-26OCT042315-15,0.0110,1.00,no
2026-10-05T03:13:27.037296Z,KXSOL15M-26OCT042315-15,0.0110,10.00,no
2026-10-05T03:13:28.028692Z,KXSOL15M-26OCT042315-15,0.0100,4.25,no
2026-10-05T03:13:28.028692Z,KXSOL15M-26OCT042315-15,0.0100,5.51,no
2026-10-05T03:13:28.028692Z,KXSOL15M-26OCT042315-15,0.0100,0.57,no
2026-10-05T03:13:28.028692Z,KXSOL15M-26OCT042315-15,0.0070,40.56,no
2026-10-05T03:13:28.028692Z,KXSOL15M-26OCT042315-15,0.0080,46.00,no
2026-10-05T03:13:28.028692Z,KXSOL15M-26OCT042315-15,0.0090,35.00,no
2026-10-05T03:13:28.028692Z,KXSOL15M-26OCT042315-15,0.0100,1.00,no
2026-10-05T03:13:28.028692Z,KXSOL15M-26OCT042315-15,0.0100,31.00,no
2026-10-05T03:13:28.028692Z,KXSOL15M-26OCT042315-15,0.0100,6.00,no
2026-10-05T03:13:28.028692Z,KXSOL15M-26OCT042315-15,0.0100,1.93,no
2026-10-05T03:13:28.028692Z,KXSOL15M-26OCT042315-15,0.0100,3.72,no
2026-10-05T03:13:28.028692Z,KXSOL15M-26OCT042315-15,0.0100,40.67,no
2026-10-05T03:13:28.028692Z,KXSOL15M-26OCT042315-15,0.0100,16.11,no
2026-10-05T03:13:28.028692Z,KXSOL15M-26OCT042315-15,0.0100,20.00,no
2026-10-05T03:13:28.028692Z,KXSOL15M-26OCT042315-15,0.0100,17.22,no
2026-10-05T03:13:28.028692Z,KXSOL15M-26OCT042315-15,0.0090,40.00,no
2026-10-05T03:13:28.028692Z,KXSOL15M-26OCT042315-15,0.0070,1.00,no
2026-10-05T03:13:28.028692Z,KXSOL15M-26OCT042315-15,0.0080,40.00,no
2026-10-05T03:13:28.028692Z,KXSOL15M-26OCT042315-15,0.0070,40.00,no
2026-10-05T03:13:28.028692Z,KXSOL15M-26OCT042315-15,0.0100,1.79,no
2026-10-05T03:13:28.028692Z,KXSOL15M-26OCT042315-15,0.0100,5.95,no
2026-10-05T03:13:28.028692Z,KXSOL15M-26OCT042315-15,0.0100,5.00,no
2026-10-05T03:13:28.036746Z,KXSOL15M-26OCT042315-15,0.0100,6.00,no
2026-10-05T03:13:28.413605Z,KXSOL15M-26OCT042315-15,0.0060,3.00,no
2026-10-05T03:13:28.413605Z,KXSOL15M-26OCT042315-15,0.0060,8.52,no
2026-10-05T03:13:28.413605Z,KXSOL15M-26OCT042315-15,0.0070,18.44,no
2026-10-05T03:13:28.413605Z,KXSOL15M-26OCT042315-15,0.0070,47.00,no
2026-10-05T03:13:28.413605Z,KXSOL15M-26OCT042315-15,0.0080,21.00,no
2026-10-05T03:13:28.413605Z,KXSOL15M-26OCT042315-15,0.0080,29.00,no
2026-10-05T03:13:28.413605Z,KXSOL15M-26OCT042315-15,0.0080,8.00,no
2026-10-05T03:13:28.413605Z,KXSOL15M-26OCT042315-15,0.0070,10.00,no
2026-10-05T03:13:28.413605Z,KXSOL15M-26OCT042315-15,0.0060,40.00,no
2026-10-05T03:13:28.413605Z,KXSOL15M-26OCT042315-15,0.0060,1.00,no
2026-10-05T03:13:28.540699Z,KXSOL15M-26OCT042315-15,0.0060,4.67,no
2026-10-05T03:13:28.540699Z,KXSOL15M-26OCT042315-15,0.0070,10.00,no
2026-10-05T03:13:28.540699Z,KXSOL15M-26OCT042315-15,0.0070,10.00,no
2026-10-05T03:13:28.741587Z,KXSOL15M-26OCT042315-15,0.0060,70.81,no
2026-10-05T03:13:28.741587Z,KXSOL15M-26OCT042315-15,0.0060,40.77,no
2026-10-05T03:13:28.867552Z,KXSOL15M-26OCT042315-15,0.0060,1.00,no
2026-10-05T03:13:28.867552Z,KXSOL15M-26OCT042315-15,0.0060,11.00,no
2026-10-05T03:13:28.975553Z,KXSOL15M-26OCT042315-15,0.0060,2.00,no
2026-10-05T03:13:28.975553Z,KXSOL15M-26OCT042315-15,0.0060,9.00,no
2026-10-05T03:13:28.981085Z,KXSOL15M-26OCT042315-15,0.0060,9.00,no
2026-10-05T03:13:29.109849Z,KXSOL15M-26OCT042315-15,0.0070,2.00,yes
2026-10-05T03:13:29.410237Z,KXSOL15M-26OCT042315-15,0.0050,5.00,no
2026-10-05T03:13:29.410237Z,KXSOL15M-26OCT042315-15,0.0050,10.00,no
2026-10-05T03:13:29.410237Z,KXSOL15M-26OCT042315-15,0.0050,9.00,no
2026-10-05T03:13:29.410237Z,KXSOL15M-26OCT042315-15,0.0050,11.00,no
2026-10-05T03:13:29.410237Z,KXSOL15M-26OCT042315-15,0.0050,1.00,no
2026-10-05T03:13:29.410237Z,KXSOL15M-26OCT042315-15,0.0050,40.00,no
2026-10-05T03:13:29.410237Z,KXSOL15M-26OCT042315-15,0.0050,1.00,no
2026-10-05T03:13:29.434689Z,KXSOL15M-26OCT042315-15,0.0040,18.00,no
2026-10-05T03:13:29.511176Z,KXSOL15M-26OCT042315-15,0.0040,4.00,no
2026-10-05T03:13:29.613755Z,KXSOL15M-26OCT042315-15,0.0040,53.00,no
2026-10-05T03:13:29.621103Z,KXSOL15M-26OCT042315-15,0.0040,1.00,no
2026-10-05T03:13:29.669582Z,KXSOL15M-26OCT042315-15,0.0040,5.00,no
2026-10-05T03:13:29.669582Z,KXSOL15M-26OCT042315-15,0.0040,31.00,no
2026-10-05T03:13:29.676075Z,KXSOL15M-26OCT042315-15,0.0040,1.00,no
2026-10-05T03:13:29.676075Z,KXSOL15M-26OCT042315-15,0.0040,1.00,no
2026-10-05T03:13:29.676075Z,KXSOL15M-26OCT042315-15,0.0040,1.00,no
2026-10-05T03:13:29.676075Z,KXSOL15M-26OCT042315-15,0.0040,13.00,no
2026-10-05T03:13:29.676075Z,KXSOL15M-26OCT042315-15,0.0040,1.00,no
2026-10-05T03:13:29.676075Z,KXSOL15M-26OCT042315-15,0.0040,9.00,no
2026-10-05T03:13:29.925407Z,KXSOL15M-26OCT042315-15,0.0040,5.77,no
2026-10-05T03:13:29.925407Z,KXSOL15M-26OCT042315-15,0.0040,1.00,no
2026-10-05T03:13:30.337231Z,KXSOL15M-26OCT042315-15,0.0040,0.04,no
2026-10-05T03:13:30.375547Z,KXSOL15M-26OCT042315-15,0.0050,2.00,yes
2026-10-05T03:13:30.630783Z,KXSOL15M-26OCT042315-15,0.0060,4.86,yes
2026-10-05T03:13:30.630783Z,KXSOL15M-26OCT042315-15,0.0050,31.00,yes
2026-10-05T03:13:30.630783Z,KXSOL15M-26OCT042315-15,0.0050,9.00,yes
2026-10-05T03:13:30.630783Z,KXSOL15M-26OCT042315-15,0.0050,0.02,yes
2026-10-05T03:13:32.036988Z,KXSOL15M-26OCT042315-15,0.0040,10.00,no
2026-10-05T03:13:32.036988Z,KXSOL15M-26OCT042315-15,0.0040,1.19,no
2026-10-05T03:13:32.036988Z,KXSOL15M-26OCT042315-15,0.0040,5.77,no
2026-10-05T03:13:32.036988Z,KXSOL15M-26OCT042315-15,0.0040,3.04,no
2026-10-05T03:13:32.08239Z,KXSOL15M-26OCT042315-15,0.0050,38.61,yes
2026-10-05T03:13:33.415164Z,KXSOL15M-26OCT042315-15,0.0040,1.00,no
2026-10-05T03:13:33.415164Z,KXSOL15M-26OCT042315-15,0.0040,6.96,no
2026-10-05T03:13:33.415164Z,KXSOL15M-26OCT042315-15,0.0040,0.04,no
2026-10-05T03:13:33.42236Z,KXSOL15M-26OCT042315-15,0.0040,7.00,no
2026-10-05T03:13:34.186407Z,KXSOL15M-26OCT042315-15,0.0040,2.00,no
2026-10-05T03:13:34.186407Z,KXSOL15M-26OCT042315-15,0.0040,7.00,no
2026-10-05T03:13:34.186407Z,KXSOL15M-26OCT042315-15,0.0030,3.03,no
2026-10-05T03:13:34.495764Z,KXSOL15M-26OCT042315-15,0.0030,1.00,no
2026-10-05T03:13:34.503258Z,KXSOL15M-26OCT042315-15,0.0030,1.00,no
2026-10-05T03:13:34.509741Z,KXSOL15M-26OCT042315-15,0.0030,1.00,no
2026-10-05T03:13:34.515742Z,KXSOL15M-26OCT042315-15,0.0030,1.00,no
2026-10-05T03:13:34.523153Z,KXSOL15M-26OCT042315-15,0.0030,1.00,no
2026-10-05T03:13:34.528892Z,KXSOL15M-26OCT042315-15,0.0030,1.00,no
2026-10-05T03:13:34.534941Z,KXSOL15M-26OCT042315-15,0.0030,1.00,no
2026-10-05T03:13:35.954415Z,KXSOL15M-26OCT042315-15,0.0030,10.00,no
2026-10-05T03:13:35.954415Z,KXSOL15M-26OCT042315-15,0.0030,8.00,no
2026-10-05T03:13:35.954415Z,KXSOL15M-26OCT042315-15,0.0030,18.00,no
2026-10-05T03:13:35.954415Z,KXSOL15M-26OCT042315-15,0.0030,2.00,no
2026-10-05T03:13:35.954415Z,KXSOL15M-26OCT042315-15,0.0030,2.00,no
2026-10-05T03:13:35.954415Z,KXSOL15M-26OCT042315-15,0.0030,2.00,no
2026-10-05T03:13:35.954415Z,KXSOL15M-26OCT042315-15,0.0030,2.00,no
2026-10-05T03:13:35.954415Z,KXSOL15M-26OCT042315-15,0.0030,2.00,no
2026-10-05T03:13:35.954415Z,KXSOL15M-26OCT042315-15,0.0020,1000.00,no
2026-10-05T03:13:35.954415Z,KXSOL15M-26OCT042315-15,0.0020,550.00,no
2026-10-05T03:13:35.954415Z,KXSOL15M-26OCT042315-15,0.0020,100.00,no
2026-10-05T03:13:35.954415Z,KXSOL15M-26OCT042315-15,0.0020,40.00,no
2026-10-05T03:13:35.954415Z,KXSOL15M-26OCT042315-15,0.0030,29.97,no
2026-10-05T03:13:35.954415Z,KXSOL15M-26OCT042315-15,0.0020,88.23,no
2026-10-05T03:13:35.954415Z,KXSOL15M-26OCT042315-15,0.0030,250.00,no
2026-10-05T03:13:37.073622Z,KXSOL15M-26OCT042315-15,0.0020,1.00,no
2026-10-05T03:13:38.767278Z,KXSOL15M-26OCT042315-15,0.0020,111.20,no
2026-10-05T03:13:41.1099Z,KXSOL15M-26OCT042315-15,0.0030,40.00,yes
2026-10-05T03:13:41.1099Z,KXSOL15M-26OCT042315-15,0.0040,11.76,yes
2026-10-05T03:13:41.1099Z,KXSOL15M-26OCT042315-15,0.0040,1.00,yes
2026-10-05T03:13:41.1099Z,KXSOL15M-26OCT042315-15,0.0040,1.00,yes
2026-10-05T03:13:41.1099Z,KXSOL15M-26OCT042315-15,0.0040,1.00,yes
2026-10-05T03:13:41.1099Z,KXSOL15M-26OCT042315-15,0.0040,9.00,yes
2026-10-05T03:13:41.1099Z,KXSOL15M-26OCT042315-15,0.0040,1.00,yes
2026-10-05T03:13:41.1099Z,KXSOL15M-26OCT042315-15,0.0040,1.00,yes
2026-10-05T03:13:41.1099Z,KXSOL15M-26OCT042315-15,0.0040,3.03,yes
2026-10-05T03:13:41.1099Z,KXSOL15M-26OCT042315-15,0.0040,1.00,yes
2026-10-05T03:13:41.1099Z,KXSOL15M-26OCT042315-15,0.0040,1.00,yes
2026-10-05T03:13:41.1099Z,KXSOL15M-26OCT042315-15,0.0040,0.02,yes
2026-10-05T03:13:41.1099Z,KXSOL15M-26OCT042315-15,0.0030,1.00,yes
2026-10-05T03:13:41.1099Z,KXSOL15M-26OCT042315-15,0.0030,17.00,yes
2026-10-05T03:13:41.1099Z,KXSOL15M-26OCT042315-15,0.0030,0.03,yes
2026-10-05T03:13:41.1099Z,KXSOL15M-26OCT042315-15,0.0030,111.20,yes
2026-10-05T03:13:41.1099Z,KXSOL15M-26OCT042315-15,0.0040,17.22,yes
2026-10-05T03:13:41.618249Z,KXSOL15M-26OCT042315-15,0.0020,48.00,no
2026-10-05T03:13:41.625439Z,KXSOL15M-26OCT042315-15,0.0020,1.00,no
2026-10-05T03:13:41.631903Z,KXSOL15M-26OCT042315-15,0.0020,1.00,no
2026-10-05T03:13:41.72565Z,KXSOL15M-26OCT042315-15,0.0020,66.00,no
2026-10-05T03:13:41.730665Z,KXSOL15M-26OCT042315-15,0.0020,1.00,no
2026-10-05T03:13:41.739072Z,KXSOL15M-26OCT042315-15,0.0020,1.00,no
2026-10-05T03:13:42.141027Z,KXSOL15M-26OCT042315-15,0.0020,6.00,no
2026-10-05T03:13:42.1467Z,KXSOL15M-26OCT042315-15,0.0020,1.00,no
2026-10-05T03:13:42.150646Z,KXSOL15M-26OCT042315-15,0.0020,1.00,no
2026-10-05T03:13:42.442245Z,KXSOL15M-26OCT042315-15,0.0020,41.55,no
2026-10-05T03:13:42.79519Z,KXSOL15M-26OCT042315-15,0.0030,26.00,yes
2026-10-05T03:13:42.79519Z,KXSOL15M-26OCT042315-15,0.0030,4.51,yes
2026-10-05T03:13:42.79519Z,KXSOL15M-26OCT042315-15,0.0030,0.02,yes
2026-10-05T03:13:44.263246Z,KXSOL15M-26OCT042315-15,0.0020,11.00,no
2026-10-05T03:13:44.269435Z,KXSOL15M-26OCT042315-15,0.0020,1.00,no
2026-10-05T03:13:44.460338Z,KXSOL15M-26OCT042315-15,0.0020,2.00,no
2026-10-05T03:13:44.593567Z,KXSOL15M-26OCT042315-15,0.0020,6.00,no
2026-10-05T03:13:44.600509Z,KXSOL15M-26OCT042315-15,0.0020,1.00,no
2026-10-05T03:13:44.923489Z,KXSOL15M-26OCT042315-15,0.0020,11.00,no
2026-10-05T03:13:45.351759Z,KXSOL15M-26OCT042315-15,0.0020,26.00,no
2026-10-05T03:13:45.462285Z,KXSOL15M-26OCT042315-15,0.0030,2.00,yes
2026-10-05T03:13:45.573905Z,KXSOL15M-26OCT042315-15,0.0020,13.00,no
2026-10-05T03:13:45.580091Z,KXSOL15M-26OCT042315-15,0.0020,1.00,no
2026-10-05T03:13:45.967381Z,KXSOL15M-26OCT042315-15,0.0020,8.00,no
2026-10-05T03:13:45.973688Z,KXSOL15M-26OCT042315-15,0.0020,1.00,no
2026-10-05T03:13:45.979756Z,KXSOL15M-26OCT042315-15,0.0020,1.00,no
2026-10-05T03:13:46.242301Z,KXSOL15M-26OCT042315-15,0.0020,1.00,no
2026-10-05T03:13:46.71325Z,KXSOL15M-26OCT042315-15,0.0020,49.02,no
2026-10-05T03:13:46.71325Z,KXSOL15M-26OCT042315-15,0.0020,3.00,no
2026-10-05T03:13:46.71325Z,KXSOL15M-26OCT042315-15,0.0020,26.00,no
2026-10-05T03:13:46.71325Z,KXSOL15M-26OCT042315-15,0.0020,1.98,no
2026-10-05T03:13:46.71325Z,KXSOL15M-26OCT042315-15,0.0020,3.00,no
2026-10-05T03:13:46.71325Z,KXSOL15M-26OCT042315-15,0.0020,3.00,no
2026-10-05T03:13:46.71325Z,KXSOL15M-26OCT042315-15,0.0020,3.00,no
2026-10-05T03:13:46.825059Z,KXSOL15M-26OCT042315-15,0.0020,96.98,no
2026-10-05T03:13:46.825059Z,KXSOL15M-26OCT042315-15,0.0020,3.00,no
2026-10-05T03:13:46.825059Z,KXSOL15M-26OCT042315-15,0.0020,1.02,no
2026-10-05T03:13:46.825059Z,KXSOL15M-26OCT042315-15,0.0020,5.00,no
2026-10-05T03:13:46.832038Z,KXSOL15M-26OCT042315-15,0.0020,115.00,no
2026-10-05T03:13:47.644537Z,KXSOL15M-26OCT042315-15,0.0020,2.00,no
2026-10-05T03:13:47.746872Z,KXSOL15M-26OCT042315-15,0.0030,10.00,yes
2026-10-05T03:13:47.754575Z,KXSOL15M-26OCT042315-15,0.0030,9.00,yes
2026-10-05T03:13:47.965395Z,KXSOL15M-26OCT042315-15,0.0030,10.00,yes
2026-10-05T03:13:47.973915Z,KXSOL15M-26OCT042315-15,0.0030,7.00,yes
2026-10-05T03:13:48.073375Z,KXSOL15M-26OCT042315-15,0.0030,2.51,yes
2026-10-05T03:13:48.073375Z,KXSOL15M-26OCT042315-15,0.0030,1.00,yes
2026-10-05T03:13:48.073375Z,KXSOL15M-26OCT042315-15,0.0030,5.49,yes
2026-10-05T03:13:48.073375Z,KXSOL15M-26OCT042315-15,0.0030,1.00,yes
2026-10-05T03:13:48.271472Z,KXSOL15M-26OCT042315-15,0.0030,42.00,yes
2026-10-05T03:13:48.279382Z,KXSOL15M-26OCT042315-15,0.0030,9.00,yes
2026-10-05T03:13:48.338202Z,KXSOL15M-26OCT042315-15,0.0030,1.00,yes
2026-10-05T03:13:48.338202Z,KXSOL15M-26OCT042315-15,0.0030,19.51,yes
2026-10-05T03:13:48.338202Z,KXSOL15M-26OCT042315-15,0.0030,6.00,yes
2026-10-05T03:13:48.338202Z,KXSOL15M-26OCT042315-15,0.0030,1.00,yes
2026-10-05T03:13:48.338202Z,KXSOL15M-26OCT042315-15,0.0030,1.00,yes
2026-10-05T03:13:48.338202Z,KXSOL15M-26OCT042315-15,0.0030,1.00,yes
2026-10-05T03:13:48.338202Z,KXSOL15M-26OCT042315-15,0.0030,12.49,yes
2026-10-05T03:13:48.34043Z,KXSOL15M-26OCT042315-15,0.0030,11.00,yes
2026-10-05T03:13:49.088791Z,KXSOL15M-26OCT042315-15,0.0030,10.00,yes
2026-10-05T03:13:49.441205Z,KXSOL15M-26OCT042315-15,0.0020,40.00,no
2026-10-05T03:13:49.473859Z,KXSOL15M-26OCT042315-15,0.0020,40.00,no
2026-10-05T03:13:49.488884Z,KXSOL15M-26OCT042315-15,0.0020,16.00,no
2026-10-05T03:13:49.51658Z,KXSOL15M-26OCT042315-15,0.0020,40.00,no
2026-10-05T03:13:49.517674Z,KXSOL15M-26OCT042315-15,0.0020,40.00,no
2026-10-05T03:13:49.525316Z,KXSOL15M-26OCT042315-15,0.0020,40.00,no
2026-10-05T03:13:49.618547Z,KXSOL15M-26OCT042315-15,0.0020,40.00,no
2026-10-05T03:13:49.642561Z,KXSOL15M-26OCT042315-15,0.0020,3.00,no
2026-10-05T03:13:49.642561Z,KXSOL15M-26OCT042315-15,0.0020,30.02,no
2026-10-05T03:13:49.642561Z,KXSOL15M-26OCT042315-15,0.0020,1.32,no
2026-10-05T03:13:49.642561Z,KXSOL15M-26OCT042315-15,0.0020,97.00,no
2026-10-05T03:13:49.816541Z,KXSOL15M-26OCT042315-15,0.0020,25.32,no
2026-10-05T03:13:49.816541Z,KXSOL15M-26OCT042315-15,0.0020,8.68,no
2026-10-05T03:13:50.391806Z,KXSOL15M-26OCT042315-15,0.0030,8.96,yes
2026-10-05T03:13:50.391806Z,KXSOL15M-26OCT042315-15,0.0030,1.04,yes
2026-10-05T03:13:50.393599Z,KXSOL15M-26OCT042315-15,0.0030,11.00,yes
2026-10-05T03:13:50.400305Z,KXSOL15M-26OCT042315-15,0.0030,12.04,yes
2026-10-05T03:13:50.400305Z,KXSOL15M-26OCT042315-15,0.0030,8.94,yes
2026-10-05T03:13:50.400305Z,KXSOL15M-26OCT042315-15,0.0030,0.02,yes
2026-10-05T03:13:50.855347Z,KXSOL15M-26OCT042315-15,0.0020,11.02,no
2026-10-05T03:13:51.509977Z,KXSOL15M-26OCT042315-15,0.0020,16.45,no
2026-10-05T03:13:52.143968Z,KXSOL15M-26OCT042315-15,0.0020,369.99,no
2026-10-05T03:13:52.398747Z,KXSOL15M-26OCT042315-15,0.0020,128.91,no
2026-10-05T03:13:52.398747Z,KXSOL15M-26OCT042315-15,0.0020,77.22,no
2026-10-05T03:13:54.507028Z,KXSOL15M-26OCT042315-15,0.0010,22.02,no
2026-10-05T03:13:57.965731Z,KXSOL15M-26OCT042315-15,0.0010,22.02,no
2026-10-05T03:13:58.66941Z,KXSOL15M-26OCT042315-15,0.0010,147.57,no
2026-10-05T03:13:58.690888Z,KXSOL15M-26OCT042315-15,0.0010,5.00,no
2026-10-05T03:13:58.935862Z,KXSOL15M-26OCT042315-15,0.0010,62.50,no
2026-10-05T03:13:59.725136Z,KXSOL15M-26OCT042315-15,0.0010,62.50,no
2026-10-05T03:13:59.810175Z,KXSOL15M-26OCT042315-15,0.0010,16.24,no
2026-10-05T03:14:00.12659Z,KXSOL15M-26OCT042315-15,0.0010,1.00,no
2026-10-05T03:14:00.373577Z,KXSOL15M-26OCT042315-15,0.0010,3.00,no
2026-10-05T03:14:00.496474Z,KXSOL15M-26OCT042315-15,0.0010,62.50,no
2026-10-05T03:14:01.033093Z,KXSOL15M-26OCT042315-15,0.0010,200.00,no
2026-10-05T03:14:01.033093Z,KXSOL15M-26OCT042315-15,0.0010,284.35,no
2026-10-05T03:14:01.033093Z,KXSOL15M-26OCT042315-15,0.0010,95.65,no
2026-10-05T03:14:01.262331Z,KXSOL15M-26OCT042315-15,0.0010,15.65,no
2026-10-05T03:14:01.262331Z,KXSOL15M-26OCT042315-15,0.0010,46.85,no
2026-10-05T03:14:01.336007Z,KXSOL15M-26OCT042315-15,0.0010,22.06,no
2026-10-05T03:14:01.602425Z,KXSOL15M-26OCT042315-15,0.0010,1.00,no
2026-10-05T03:14:01.602425Z,KXSOL15M-26OCT042315-15,0.0010,6.09,no
2026-10-05T03:14:01.602425Z,KXSOL15M-26OCT042315-15,0.0010,1.00,no
2026-10-05T03:14:01.602425Z,KXSOL15M-26OCT042315-15,0.0010,24.94,no
2026-10-05T03:14:02.081114Z,KXSOL15M-26OCT042315-15,0.0010,27.67,no
2026-10-05T03:14:02.081114Z,KXSOL15M-26OCT042315-15,0.0010,15.06,no
2026-10-05T03:14:02.081114Z,KXSOL15M-26OCT042315-15,0.0010,1.00,no
2026-10-05T03:14:02.094847Z,KXSOL15M-26OCT042315-15,0.0010,22.06,no
2026-10-05T03:14:02.704656Z,KXSOL15M-26OCT042315-15,0.0020,8.00,yes
2026-10-05T03:14:02.704656Z,KXSOL15M-26OCT042315-15,0.0020,13.00,yes
2026-10-05T03:14:02.704656Z,KXSOL15M-26OCT042315-15,0.0020,1.00,yes
2026-10-05T03:14:02.704656Z,KXSOL15M-26OCT042315-15,0.0020,1.00,yes
2026-10-05T03:14:02.704656Z,KXSOL15M-26OCT042315-15,0.0020,1.00,yes
2026-10-05T03:14:02.704656Z,KXSOL15M-26OCT042315-15,0.0020,2.06,yes
2026-10-05T03:14:02.704656Z,KXSOL15M-26OCT042315-15,0.0020,22.02,yes
2026-10-05T03:14:02.704656Z,KXSOL15M-26OCT042315-15,0.0020,0.02,yes
2026-10-05T03:14:02.704656Z,KXSOL15M-26OCT042315-15,0.0020,23.47,yes
2026-10-05T03:14:02.704656Z,KXSOL15M-26OCT042315-15,0.0020,40.00,yes
2026-10-05T03:14:02.704656Z,KXSOL15M-26OCT042315-15,0.0020,147.57,yes
2026-10-05T03:14:02.704656Z,KXSOL15M-26OCT042315-15,0.0020,5.00,yes
2026-10-05T03:14:02.704656Z,KXSOL15M-26OCT042315-15,0.0020,62.50,yes
2026-10-05T03:14:02.704656Z,KXSOL15M-26OCT042315-15,0.0020,22.02,yes
2026-10-05T03:14:02.704656Z,KXSOL15M-26OCT042315-15,0.0020,100.00,yes
2026-10-05T03:14:02.722222Z,KXSOL15M-26OCT042315-15,0.0010,22.02,no
2026-10-05T03:14:02.722222Z,KXSOL15M-26OCT042315-15,0.0010,18.98,no
2026-10-05T03:14:02.872803Z,KXSOL15M-26OCT042315-15,0.0010,3.04,no
2026-10-05T03:14:02.872803Z,KXSOL15M-26OCT042315-15,0.0010,19.02,no
2026-10-05T03:14:03.637564Z,KXSOL15M-26OCT042315-15,0.0010,18.98,no
2026-10-05T03:14:03.637564Z,KXSOL15M-26OCT042315-15,0.0010,3.07,no
2026-10-05T03:14:04.674062Z,KXSOL15M-26OCT042315-15,0.0010,30.03,no
2026-10-05T03:14:04.792503Z,KXSOL15M-26OCT042315-15,0.0020,11.02,yes
2026-10-05T03:14:04.792503Z,KXSOL15M-26OCT042315-15,0.0020,16.53,yes
2026-10-05T03:14:04.792503Z,KXSOL15M-26OCT042315-15,0.0020,40.00,yes
2026-10-05T03:14:04.792503Z,KXSOL15M-26OCT042315-15,0.0020,25.32,yes
2026-10-05T03:14:04.792503Z,KXSOL15M-26OCT042315-15,0.0020,30.02,yes
2026-10-05T03:14:04.792503Z,KXSOL15M-26OCT042315-15,0.0020,6.97,yes
2026-10-05T03:14:04.792503Z,KXSOL15M-26OCT042315-15,0.0020,1.00,yes
2026-10-05T03:14:04.792503Z,KXSOL15M-26OCT042315-15,0.0020,2.00,yes
2026-10-05T03:14:04.792503Z,KXSOL15M-26OCT042315-15,0.0020,6.00,yes
2026-10-05T03:14:04.799977Z,KXSOL15M-26OCT042315-15,0.0020,65.61,yes
2026-10-05T03:14:04.799977Z,KXSOL15M-26OCT042315-15,0.0020,42.05,yes
2026-10-05T03:14:04.799977Z,KXSOL15M-26OCT042315-15,0.0020,96.98,yes
2026-10-05T03:14:04.799977Z,KXSOL15M-26OCT042315-15,0.0020,1.00,yes
2026-10-05T03:14:04.799977Z,KXSOL15M-26OCT042315-15,0.0020,26.00,yes
2026-10-05T03:14:04.8012Z,KXSOL15M-26OCT042315-15,0.0020,210.57,yes
2026-10-05T03:14:04.8012Z,KXSOL15M-26OCT042315-15,0.0020,11.61,yes
2026-10-05T03:14:04.8012Z,KXSOL15M-26OCT042315-15,0.0020,16.45,yes
2026-10-05T03:14:04.8012Z,KXSOL15M-26OCT042315-15,0.0020,16.00,yes
2026-10-05T03:14:04.8012Z,KXSOL15M-26OCT042315-15,0.0020,40.00,yes
2026-10-05T03:14:04.8012Z,KXSOL15M-26OCT042315-15,0.0020,40.00,yes
2026-10-05T03:14:04.8012Z,KXSOL15M-26OCT042315-15,0.0020,2.00,yes
2026-10-05T03:14:04.8012Z,KXSOL15M-26OCT042315-15,0.0020,1.00,yes
2026-10-05T03:14:04.8012Z,KXSOL15M-26OCT042315-15,0.0020,115.00,yes
2026-10-05T03:14:04.809187Z,KXSOL15M-26OCT042315-15,0.0020,88.37,yes
2026-10-05T03:14:04.809187Z,KXSOL15M-26OCT042315-15,0.0020,62.50,yes
2026-10-05T03:14:04.809187Z,KXSOL15M-26OCT042315-15,0.0020,1.00,yes
2026-10-05T03:14:04.809187Z,KXSOL15M-26OCT042315-15,0.0020,3.00,yes
2026-10-05T03:14:04.809187Z,KXSOL15M-26OCT042315-15,0.0020,62.50,yes
2026-10-05T03:14:04.809187Z,KXSOL15M-26OCT042315-15,0.0020,16.24,yes
2026-10-05T03:14:04.809187Z,KXSOL15M-26OCT042315-15,0.0020,159.42,yes
2026-10-05T03:14:04.809187Z,KXSOL15M-26OCT042315-15,0.0020,40.00,yes
2026-10-05T03:14:04.809187Z,KXSOL15M-26OCT042315-15,0.0020,11.00,yes
2026-10-05T03:14:04.810692Z,KXSOL15M-26OCT042315-15,0.0020,46.59,yes
2026-10-05T03:14:04.810692Z,KXSOL15M-26OCT042315-15,0.0020,7.28,yes
2026-10-05T03:14:04.826412Z,KXSOL15M-26OCT042315-15,0.0020,84.49,yes
2026-10-05T03:14:04.82651Z,KXSOL15M-26OCT042315-15,0.0020,22.77,yes
2026-10-05T03:14:04.828475Z,KXSOL15M-26OCT042315-15,0.0050,113.33,yes
2026-10-05T03:14:04.828475Z,KXSOL15M-26OCT042315-15,0.0040,18.21,yes
2026-10-05T03:14:04.828475Z,KXSOL15M-26OCT042315-15,0.0050,0.02,yes
2026-10-05T03:14:04.828475Z,KXSOL15M-26OCT042315-15,0.0040,54.00,yes
2026-10-05T03:14:04.828475Z,KXSOL15M-26OCT042315-15,0.0020,30.03,yes
2026-10-05T03:14:04.828475Z,KXSOL15M-26OCT042315-15,0.0020,3.07,yes
2026-10-05T03:14:04.828475Z,KXSOL15M-26OCT042315-15,0.0020,100.00,yes
2026-10-05T03:14:04.828475Z,KXSOL15M-26OCT042315-15,0.0020,15.06,yes
2026-10-05T03:14:04.828475Z,KXSOL15M-26OCT042315-15,0.0020,3.04,yes
2026-10-05T03:14:04.828475Z,KXSOL15M-26OCT042315-15,0.0020,0.03,yes
2026-10-05T03:14:04.828475Z,KXSOL15M-26OCT042315-15,0.0020,18.98,yes
2026-10-05T03:14:04.828475Z,KXSOL15M-26OCT042315-15,0.0020,22.02,yes
2026-10-05T03:14:04.828475Z,KXSOL15M-26OCT042315-15,0.0020,24.94,yes
2026-10-05T03:14:04.828475Z,KXSOL15M-26OCT042315-15,0.0020,46.15,yes
2026-10-05T03:14:04.828475Z,KXSOL15M-26OCT042315-15,0.0030,0.03,yes
2026-10-05T03:14:04.828475Z,KXSOL15M-26OCT042315-15,0.0040,0.02,yes
2026-10-05T03:14:04.828984Z,KXSOL15M-26OCT042315-15,0.0050,59.00,yes
2026-10-05T03:14:04.82909Z,KXSOL15M-26OCT042315-15,0.0050,34.00,yes
2026-10-05T03:14:04.82929Z,KXSOL15M-26OCT042315-15,0.0050,347.23,yes
2026-10-05T03:14:04.831097Z,KXSOL15M-26OCT042315-15,0.0050,326.97,yes
2026-10-05T03:14:04.83507Z,KXSOL15M-26OCT042315-15,0.0050,119.47,yes
2026-10-05T03:14:04.83507Z,KXSOL15M-26OCT042315-15,0.0050,265.49,yes
2026-10-05T03:14:04.835472Z,KXSOL15M-26OCT042315-15,0.0050,66.12,yes
2026-10-05T03:14:04.835472Z,KXSOL15M-26OCT042315-15,0.0050,34.51,yes
2026-10-05T03:14:04.83603Z,KXSOL15M-26OCT042315-15,0.0050,52.10,yes
2026-10-05T03:14:04.839004Z,KXSOL15M-26OCT042315-15,0.0080,232.39,yes
2026-10-05T03:14:04.839004Z,KXSOL15M-26OCT042315-15,0.0060,35.14,yes
2026-10-05T03:14:04.839004Z,KXSOL15M-26OCT042315-15,0.0070,0.02,yes
2026-10-05T03:14:04.839004Z,KXSOL15M-26OCT042315-15,0.0070,38.00,yes
2026-10-05T03:14:04.839004Z,KXSOL15M-26OCT042315-15,0.0060,0.02,yes
2026-10-05T03:14:04.839004Z,KXSOL15M-26OCT042315-15,0.0080,40.00,yes
2026-10-05T03:14:04.839004Z,KXSOL15M-26OCT042315-15,0.0080,0.02,yes
2026-10-05T03:14:04.839004Z,KXSOL15M-26OCT042315-15,0.0050,15.65,yes
2026-10-05T03:14:04.839004Z,KXSOL15M-26OCT042315-15,0.0050,166.13,yes
2026-10-05T03:14:04.843999Z,KXSOL15M-26OCT042315-15,0.0080,103.95,yes
2026-10-05T03:14:04.847105Z,KXSOL15M-26OCT042315-15,0.0080,84.74,yes
2026-10-05T03:14:04.848737Z,KXSOL15M-26OCT042315-15,0.0080,56.50,yes
2026-10-05T03:14:04.850563Z,KXSOL15M-26OCT042315-15,0.0080,72.42,yes
2026-10-05T03:14:04.850563Z,KXSOL15M-26OCT042315-15,0.0080,38.42,yes
2026-10-05T03:14:04.850642Z,KXSOL15M-26OCT042315-15,0.0080,30.93,yes
2026-10-05T03:14:04.850642Z,KXSOL15M-26OCT042315-15,0.0080,61.58,yes
2026-10-05T03:14:04.852212Z,KXSOL15M-26OCT042315-15,0.0080,19.07,yes
2026-10-05T03:14:04.868431Z,KXSOL15M-26OCT042315-15,0.0100,1.00,yes
2026-10-05T03:14:04.868431Z,KXSOL15M-26OCT042315-15,0.0100,5.00,yes
2026-10-05T03:14:04.868431Z,KXSOL15M-26OCT042315-15,0.0100,25.00,yes
2026-10-05T03:14:04.868431Z,KXSOL15M-26OCT042315-15,0.0100,40.00,yes
2026-10-05T03:14:04.868431Z,KXSOL15M-26OCT042315-15,0.0100,0.02,yes
2026-10-05T03:14:04.868431Z,KXSOL15M-26OCT042315-15,0.0090,40.00,yes
2026-10-05T03:14:04.868431Z,KXSOL15M-26OCT042315-15,0.0090,0.02,yes
2026-10-05T03:14:04.868431Z,KXSOL15M-26OCT042315-15,0.0100,10.00,yes
2026-10-05T03:14:04.868431Z,KXSOL15M-26OCT042315-15,0.0100,25.00,yes
2026-10-05T03:14:04.868431Z,KXSOL15M-26OCT042315-15,0.0100,10.00,yes
2026-10-05T03:14:04.868431Z,KXSOL15M-26OCT042315-15,0.0100,15.00,yes
2026-10-05T03:14:04.868431Z,KXSOL15M-26OCT042315-15,0.0100,10.00,yes
2026-10-05T03:14:04.868431Z,KXSOL15M-26OCT042315-15,0.0100,20.00,yes
2026-10-05T03:14:04.868431Z,KXSOL15M-26OCT042315-15,0.0100,100.00,yes
2026-10-05T03:14:04.868431Z,KXSOL15M-26OCT042315-15,0.0100,10.00,yes
2026-10-05T03:14:04.868431Z,KXSOL15M-26OCT042315-15,0.0100,3.00,yes
2026-10-05T03:14:04.868431Z,KXSOL15M-26OCT042315-15,0.0100,10.00,yes
2026-10-05T03:14:04.868431Z,KXSOL15M-26OCT042315-15,0.0100,100.00,yes
2026-10-05T03:14:04.868431Z,KXSOL15M-26OCT042315-15,0.0100,30.00,yes
2026-10-05T03:14:04.889992Z,KXSOL15M-26OCT042315-15,0.0130,53.00,yes
2026-10-05T03:14:04.889992Z,KXSOL15M-26OCT042315-15,0.0130,18.00,yes
2026-10-05T03:14:04.889992Z,KXSOL15M-26OCT042315-15,0.0130,1.00,yes
2026-10-05T03:14:04.889992Z,KXSOL15M-26OCT042315-15,0.0130,4.00,yes
2026-10-05T03:14:04.889992Z,KXSOL15M-26OCT042315-15,0.0130,5.00,yes
2026-10-05T03:14:04.889992Z,KXSOL15M-26OCT042315-15,0.0110,0.02,yes
2026-10-05T03:14:04.889992Z,KXSOL15M-26OCT042315-15,0.0120,0.02,yes
2026-10-05T03:14:04.889992Z,KXSOL15M-26OCT042315-15,0.0130,0.01,yes
2026-10-05T03:14:04.889992Z,KXSOL15M-26OCT042315-15,0.0140,0.01,yes
2026-10-05T03:14:04.889992Z,KXSOL15M-26OCT042315-15,0.0150,0.02,yes
2026-10-05T03:14:04.889992Z,KXSOL15M-26OCT042315-15,0.0150,61.19,yes
2026-10-05T03:14:04.889992Z,KXSOL15M-26OCT042315-15,0.0110,12.73,yes
2026-10-05T03:14:04.889992Z,KXSOL15M-26OCT042315-15,0.0150,20.00,yes
2026-10-05T03:14:04.902814Z,KXSOL15M-26OCT042315-15,0.0090,2.01,no
2026-10-05T03:14:04.907037Z,KXSOL15M-26OCT042315-15,0.0150,41.00,yes
2026-10-05T03:14:04.917876Z,KXSOL15M-26OCT042315-15,0.0120,189.00,yes
2026-10-05T03:14:04.929189Z,KXSOL15M-26OCT042315-15,0.0120,99.00,yes
2026-10-05T03:14:04.934125Z,KXSOL15M-26OCT042315-15,0.0210,6.00,yes
2026-10-05T03:14:04.934125Z,KXSOL15M-26OCT042315-15,0.0200,16.48,yes
2026-10-05T03:14:04.934125Z,KXSOL15M-26OCT042315-15,0.0200,0.03,yes
2026-10-05T03:14:04.934125Z,KXSOL15M-26OCT042315-15,0.0190,0.02,yes
2026-10-05T03:14:04.934125Z,KXSOL15M-26OCT042315-15,0.0210,0.03,yes
2026-10-05T03:14:04.934125Z,KXSOL15M-26OCT042315-15,0.0170,0.02,yes
2026-10-05T03:14:04.934125Z,KXSOL15M-26OCT042315-15,0.0180,0.02,yes
2026-10-05T03:14:04.934125Z,KXSOL15M-26OCT042315-15,0.0160,0.02,yes
2026-10-05T03:14:04.934125Z,KXSOL15M-26OCT042315-15,0.0120,62.00,yes
2026-10-05T03:14:04.934125Z,KXSOL15M-26OCT042315-15,0.0180,50.00,yes
2026-10-05T03:14:04.934125Z,KXSOL15M-26OCT042315-15,0.0200,6.00,yes
2026-10-05T03:14:04.934125Z,KXSOL15M-26OCT042315-15,0.0210,43.57,yes
2026-10-05T03:14:04.934125Z,KXSOL15M-26OCT042315-15,0.0150,97.81,yes
2026-10-05T03:14:04.934125Z,KXSOL15M-26OCT042315-15,0.0210,6.00,yes
2026-10-05T03:14:04.9904Z,KXSOL15M-26OCT042315-15,0.0110,9.00,no
2026-10-05T03:14:04.9904Z,KXSOL15M-26OCT042315-15,0.0110,11.00,no
2026-10-05T03:14:05.00009Z,KXSOL15M-26OCT042315-15,0.0110,11.59,no
2026-10-05T03:14:05.001718Z,KXSOL15M-26OCT042315-15,0.0110,21.49,no
2026-10-05T03:14:05.002956Z,KXSOL15M-26OCT042315-15,0.0110,60.69,no
2026-10-05T03:14:05.003348Z,KXSOL15M-26OCT042315-15,0.0110,98.77,no
2026-10-05T03:14:05.006962Z,KXSOL15M-26OCT042315-15,0.0110,53.25,no
2026-10-05T03:14:05.008842Z,KXSOL15M-26OCT042315-15,0.0110,21.36,no
2026-10-05T03:14:05.010123Z,KXSOL15M-26OCT042315-15,0.0110,78.05,no
2026-10-05T03:14:05.014613Z,KXSOL15M-26OCT042315-15,0.0110,25.21,no
2026-10-05T03:14:05.015791Z,KXSOL15M-26OCT042315-15,0.0110,54.52,no
2026-10-05T03:14:05.017966Z,KXSOL15M-26OCT042315-15,0.0110,40.51,no
2026-10-05T03:14:05.020237Z,KXSOL15M-26OCT042315-15,0.0110,58.40,no
2026-10-05T03:14:05.02333Z,KXSOL15M-26OCT042315-15,0.0110,82.69,no
2026-10-05T03:14:05.028649Z,KXSOL15M-26OCT042315-15,0.0120,62.00,yes
2026-10-05T03:14:05.028839Z,KXSOL15M-26OCT042315-15,0.0120,99.00,yes
2026-10-05T03:14:05.105193Z,KXSOL15M-26OCT042315-15,0.0110,29.51,no
2026-10-05T03:14:05.105198Z,KXSOL15M-26OCT042315-15,0.0110,18.83,no
2026-10-05T03:14:05.106615Z,KXSOL15M-26OCT042315-15,0.0110,122.01,no
2026-10-05T03:14:05.111668Z,KXSOL15M-26OCT042315-15,0.0110,12.99,no
2026-10-05T03:14:05.132806Z,KXSOL15M-26OCT042315-15,0.0110,39.86,no
2026-10-05T03:14:05.133746Z,KXSOL15M-26OCT042315-15,0.0110,38.40,no
2026-10-05T03:14:05.13629Z,KXSOL15M-26OCT042315-15,0.0110,52.56,no
2026-10-05T03:14:05.197003Z,KXSOL15M-26OCT042315-15,0.0110,0.80,no
2026-10-05T03:14:05.230329Z,KXSOL15M-26OCT042315-15,0.0110,5.00,no
2026-10-05T03:14:05.230329Z,KXSOL15M-26OCT042315-15,0.0110,10.00,no
2026-10-05T03:14:05.420822Z,KXSOL15M-26OCT042315-15,0.0120,42.00,yes
2026-10-05T03:14:05.567491Z,KXSOL15M-26OCT042315-15,0.0120,147.00,yes
2026-10-05T03:14:05.587208Z,KXSOL15M-26OCT042315-15,0.0110,11.00,no
2026-10-05T03:14:05.587208Z,KXSOL15M-26OCT042315-15,0.0040,7.00,no
2026-10-05T03:14:05.587208Z,KXSOL15M-26OCT042315-15,0.0110,5.00,no
2026-10-05T03:14:05.587208Z,KXSOL15M-26OCT042315-15,0.0050,6.00,no
2026-10-05T03:14:05.587208Z,KXSOL15M-26OCT042315-15,0.0040,10.00,no
2026-10-05T03:14:05.587208Z,KXSOL15M-26OCT042315-15,0.0100,3.00,no
2026-10-05T03:14:05.587208Z,KXSOL15M-26OCT042315-15,0.0100,10.00,no
2026-10-05T03:14:05.587208Z,KXSOL15M-26OCT042315-15,0.0110,3.00,no
2026-10-05T03:14:05.587208Z,KXSOL15M-26OCT042315-15,0.0090,8.99,no
2026-10-05T03:14:05.587208Z,KXSOL15M-26OCT042315-15,0.0030,136.01,no
2026-10-05T03:14:05.717581Z,KXSOL15M-26OCT042315-15,0.0110,5.00,no
2026-10-05T03:14:06.11052Z,KXSOL15M-26OCT042315-15,0.0120,1.00,yes
2026-10-05T03:14:06.200149Z,KXSOL15M-26OCT042315-15,0.0110,5.00,no
2026-10-05T03:14:06.200149Z,KXSOL15M-26OCT042315-15,0.0110,21.00,no
2026-10-05T03:14:06.200953Z,KXSOL15M-26OCT042315-15,0.0110,53.00,no
2026-10-05T03:14:06.263114Z,KXSOL15M-26OCT042315-15,0.0190,3.00,yes
2026-10-05T03:14:06.263114Z,KXSOL15M-26OCT042315-15,0.0180,11.00,yes
2026-10-05T03:14:06.263114Z,KXSOL15M-26OCT042315-15,0.0190,327.00,yes
2026-10-05T03:14:06.263114Z,KXSOL15M-26OCT042315-15,0.0180,3.00,yes
2026-10-05T03:14:06.263114Z,KXSOL15M-26OCT042315-15,0.0120,349.00,yes
2026-10-05T03:14:06.263114Z,KXSOL15M-26OCT042315-15,0.0180,65.00,yes
2026-10-05T03:14:07.288389Z,KXSOL15M-26OCT042315-15,0.0240,0.01,yes
2026-10-05T03:14:07.288389Z,KXSOL15M-26OCT042315-15,0.0240,17.00,yes
2026-10-05T03:14:08.152193Z,KXSOL15M-26OCT042315-15,0.0270,3.00,no
2026-10-05T03:14:08.416782Z,KXSOL15M-26OCT042315-15,0.0260,1.02,no
2026-10-05T03:14:08.517908Z,KXSOL15M-26OCT042315-15,0.0220,3.00,no
2026-10-05T03:14:08.517908Z,KXSOL15M-26OCT042315-15,0.0230,7.00,no
2026-10-05T03:14:08.517908Z,KXSOL15M-26OCT042315-15,0.0250,6.00,no
2026-10-05T03:14:08.517908Z,KXSOL15M-26OCT042315-15,0.0260,5.00,no
2026-10-05T03:14:08.732515Z,KXSOL15M-26OCT042315-15,0.0210,3.00,no
2026-10-05T03:14:08.732515Z,KXSOL15M-26OCT042315-15,0.0250,6.00,no
2026-10-05T03:14:08.732515Z,KXSOL15M-26OCT042315-15,0.0210,7.00,no
2026-10-05T03:14:08.732515Z,KXSOL15M-26OCT042315-15,0.0260,5.00,no
2026-10-05T03:14:08.732515Z,KXSOL15M-26OCT042315-15,0.0200,6.00,no
2026-10-05T03:14:08.74393Z,KXSOL15M-26OCT042315-15,0.0250,2.00,no
2026-10-05T03:14:09.271258Z,KXSOL15M-26OCT042315-15,0.0250,4.00,no
2026-10-05T03:14:09.271258Z,KXSOL15M-26OCT042315-15,0.0230,63.00,no
2026-10-05T03:14:10.769709Z,KXSOL15M-26OCT042315-15,0.0210,4.23,no
2026-10-05T03:14:11.026119Z,KXSOL15M-26OCT042315-15,0.0200,1.00,no
2026-10-05T03:14:12.305727Z,KXSOL15M-26OCT042315-15,0.0180,10.00,no
2026-10-05T03:14:12.305727Z,KXSOL15M-26OCT042315-15,0.0190,6.00,no
2026-10-05T03:14:12.305727Z,KXSOL15M-26OCT042315-15,0.0200,5.00,no
2026-10-05T03:14:12.305727Z,KXSOL15M-26OCT042315-15,0.0170,20.00,no
2026-10-05T03:14:12.305727Z,KXSOL15M-26OCT042315-15,0.0170,100.00,no
2026-10-05T03:14:12.943618Z,KXSOL15M-26OCT042315-15,0.0150,3.00,yes
2026-10-05T03:14:13.113075Z,KXSOL15M-26OCT042315-15,0.0160,0.01,yes
2026-10-05T03:14:13.113075Z,KXSOL15M-26OCT042315-15,0.0160,3.00,yes
2026-10-05T03:14:13.113075Z,KXSOL15M-26OCT042315-15,0.0170,1.99,yes
2026-10-05T03:14:13.159025Z,KXSOL15M-26OCT042315-15,0.0150,6.00,no
2026-10-05T03:14:13.159025Z,KXSOL15M-26OCT042315-15,0.0150,10.00,no
2026-10-05T03:14:13.159025Z,KXSOL15M-26OCT042315-15,0.0150,7.00,no
2026-10-05T03:14:13.159025Z,KXSOL15M-26OCT042315-15,0.0140,20.00,no
2026-10-05T03:14:13.26144Z,KXSOL15M-26OCT042315-15,0.0110,5.00,no
2026-10-05T03:14:13.26144Z,KXSOL15M-26OCT042315-15,0.0110,10.00,no
2026-10-05T03:14:13.361891Z,KXSOL15M-26OCT042315-15,0.0110,5.00,no
2026-10-05T03:14:13.361891Z,KXSOL15M-26OCT042315-15,0.0110,7.00,no
2026-10-05T03:14:13.361891Z,KXSOL15M-26OCT042315-15,0.0110,10.00,no
2026-10-05T03:14:13.362478Z,KXSOL15M-26OCT042315-15,0.0100,6.00,no
2026-10-05T03:14:13.426275Z,KXSOL15M-26OCT042315-15,0.0160,44.00,no
2026-10-05T03:14:13.428048Z,KXSOL15M-26OCT042315-15,0.0160,56.00,no
2026-10-05T03:14:13.428048Z,KXSOL15M-26OCT042315-15,0.0130,10.00,no
2026-10-05T03:14:13.428048Z,KXSOL15M-26OCT042315-15,0.0120,20.00,no
2026-10-05T03:14:13.514586Z,KXSOL15M-26OCT042315-15,0.0110,1.01,no
2026-10-05T03:14:13.568271Z,KXSOL15M-26OCT042315-15,0.0110,10.00,no
2026-10-05T03:14:13.568271Z,KXSOL15M-26OCT042315-15,0.0110,5.00,no
2026-10-05T03:14:14.328717Z,KXSOL15M-26OCT042315-15,0.0150,4.00,no
2026-10-05T03:14:14.336547Z,KXSOL15M-26OCT042315-15,0.0120,2.51,no
2026-10-05T03:14:14.336547Z,KXSOL15M-26OCT042315-15,0.0150,1.49,no
2026-10-05T03:14:14.503735Z,KXSOL15M-26OCT042315-15,0.0140,92.00,no
2026-10-05T03:14:14.751052Z,KXSOL15M-26OCT042315-15,0.0110,7.00,no
2026-10-05T03:14:14.751052Z,KXSOL15M-26OCT042315-15,0.0110,10.00,no
2026-10-05T03:14:14.751052Z,KXSOL15M-26OCT042315-15,0.0100,6.00,no
2026-10-05T03:14:14.806825Z,KXSOL15M-26OCT042315-15,0.0090,10.00,no
2026-10-05T03:14:14.806825Z,KXSOL15M-26OCT042315-15,0.0090,3.00,no
2026-10-05T03:14:14.806825Z,KXSOL15M-26OCT042315-15,0.0090,2.00,no
2026-10-05T03:14:14.820266Z,KXSOL15M-26OCT042315-15,0.0180,11.00,yes
2026-10-05T03:14:14.820266Z,KXSOL15M-26OCT042315-15,0.0190,65.00,yes
2026-10-05T03:14:14.820266Z,KXSOL15M-26OCT042315-15,0.0180,18.00,yes
2026-10-05T03:14:15.073409Z,KXSOL15M-26OCT042315-15,0.0190,3.00,no
2026-10-05T03:14:15.073409Z,KXSOL15M-26OCT042315-15,0.0200,3.00,no
2026-10-05T03:14:15.239926Z,KXSOL15M-26OCT042315-15,0.0250,44.00,yes
2026-10-05T03:14:16.621121Z,KXSOL15M-26OCT042315-15,0.0200,0.97,no
2026-10-05T03:14:17.262863Z,KXSOL15M-26OCT042315-15,0.0170,10.00,no
2026-10-05T03:14:17.262863Z,KXSOL15M-26OCT042315-15,0.0180,1.00,no
2026-10-05T03:14:18.282763Z,KXSOL15M-26OCT042315-15,0.0140,11.39,no
2026-10-05T03:14:18.285081Z,KXSOL15M-26OCT042315-15,0.0140,7.61,no
2026-10-05T03:14:18.285081Z,KXSOL15M-26OCT042315-15,0.0140,21.11,no
2026-10-05T03:14:18.286022Z,KXSOL15M-26OCT042315-15,0.0140,63.88,no
2026-10-05T03:14:18.288727Z,KXSOL15M-26OCT042315-15,0.0140,15.01,no
2026-10-05T03:14:18.304175Z,KXSOL15M-26OCT042315-15,0.0130,8.00,no
2026-10-05T03:14:18.304175Z,KXSOL15M-26OCT042315-15,0.0120,80.10,no
2026-10-05T03:14:18.304175Z,KXSOL15M-26OCT042315-15,0.0130,51.00,no
2026-10-05T03:14:18.305926Z,KXSOL15M-26OCT042315-15,0.0120,33.90,no
2026-10-05T03:14:18.306611Z,KXSOL15M-26OCT042315-15,0.0110,71.00,no
2026-10-05T03:14:18.306611Z,KXSOL15M-26OCT042315-15,0.0110,7.00,no
2026-10-05T03:14:18.306611Z,KXSOL15M-26OCT042315-15,0.0100,47.83,no
2026-10-05T03:14:18.307485Z,KXSOL15M-26OCT042315-15,0.0100,33.00,no
2026-10-05T03:14:18.307992Z,KXSOL15M-26OCT042315-15,0.0100,37.17,no
2026-10-05T03:14:18.319797Z,KXSOL15M-26OCT042315-15,0.0080,20.00,no
2026-10-05T03:14:18.319797Z,KXSOL15M-26OCT042315-15,0.0090,10.00,no
2026-10-05T03:14:18.319797Z,KXSOL15M-26OCT042315-15,0.0100,6.00,no
2026-10-05T03:14:18.347127Z,KXSOL15M-26OCT042315-15,0.0190,24.00,yes
2026-10-05T03:14:18.347127Z,KXSOL15M-26OCT042315-15,0.0200,21.00,yes
2026-10-05T03:14:18.347127Z,KXSOL15M-26OCT042315-15,0.0210,72.00,yes
2026-10-05T03:14:18.347127Z,KXSOL15M-26OCT042315-15,0.0210,27.82,yes
2026-10-05T03:14:18.347127Z,KXSOL15M-26OCT042315-15,0.0200,6.00,yes
2026-10-05T03:14:18.347127Z,KXSOL15M-26OCT042315-15,0.0180,11.00,yes
2026-10-05T03:14:18.347127Z,KXSOL15M-26OCT042315-15,0.0130,1.00,yes
2026-10-05T03:14:18.374976Z,KXSOL15M-26OCT042315-15,0.0210,23.18,yes
2026-10-05T03:14:18.374976Z,KXSOL15M-26OCT042315-15,0.0190,3.00,yes
2026-10-05T03:14:18.374976Z,KXSOL15M-26OCT042315-15,0.0200,3.00,yes
2026-10-05T03:14:18.374976Z,KXSOL15M-26OCT042315-15,0.0250,4.82,yes
2026-10-05T03:14:18.384021Z,KXSOL15M-26OCT042315-15,0.0180,65.00,no
2026-10-05T03:14:18.385263Z,KXSOL15M-26OCT042315-15,0.0260,16.00,yes
2026-10-05T03:14:18.641505Z,KXSOL15M-26OCT042315-15,0.0100,5.00,no
2026-10-05T03:14:18.682652Z,KXSOL15M-26OCT042315-15,0.0100,5.00,yes
2026-10-05T03:14:18.682652Z,KXSOL15M-26OCT042315-15,0.0150,35.00,yes
2026-10-05T03:14:18.71148Z,KXSOL15M-26OCT042315-15,0.0230,1.00,yes
2026-10-05T03:14:18.71148Z,KXSOL15M-26OCT042315-15,0.0150,21.00,yes
2026-10-05T03:14:18.71148Z,KXSOL15M-26OCT042315-15,0.0200,6.00,yes
2026-10-05T03:14:18.71148Z,KXSOL15M-26OCT042315-15,0.0170,3.00,yes
2026-10-05T03:14:18.71148Z,KXSOL15M-26OCT042315-15,0.0160,3.00,yes
2026-10-05T03:14:18.71148Z,KXSOL15M-26OCT042315-15,0.0150,6.00,yes
2026-10-05T03:14:18.712885Z,KXSOL15M-26OCT042315-15,0.0230,31.00,yes
2026-10-05T03:14:18.712885Z,KXSOL15M-26OCT042315-15,0.0230,9.00,yes
2026-10-05T03:14:18.713973Z,KXSOL15M-26OCT042315-15,0.0230,34.00,yes
2026-10-05T03:14:18.713973Z,KXSOL15M-26OCT042315-15,0.0240,6.00,yes
2026-10-05T03:14:18.722255Z,KXSOL15M-26OCT042315-15,0.0260,13.00,yes
2026-10-05T03:14:18.722255Z,KXSOL15M-26OCT042315-15,0.0250,8.00,yes
2026-10-05T03:14:18.722255Z,KXSOL15M-26OCT042315-15,0.0240,18.00,yes
2026-10-05T03:14:18.722255Z,KXSOL15M-26OCT042315-15,0.0230,1.00,yes
2026-10-05T03:14:18.824634Z,KXSOL15M-26OCT042315-15,0.0230,10.00,yes
2026-10-05T03:14:18.824634Z,KXSOL15M-26OCT042315-15,0.0190,3.00,yes
2026-10-05T03:14:18.824634Z,KXSOL15M-26OCT042315-15,0.0240,9.00,yes
2026-10-05T03:14:18.824634Z,KXSOL15M-26OCT042315-15,0.0240,14.99,yes
2026-10-05T03:14:18.824634Z,KXSOL15M-26OCT042315-15,0.0220,0.01,yes
2026-10-05T03:14:18.824634Z,KXSOL15M-26OCT042315-15,0.0180,3.00,yes
2026-10-05T03:14:19.623972Z,KXSOL15M-26OCT042315-15,0.0140,1.01,no
2026-10-05T03:14:21.177638Z,KXSOL15M-26OCT042315-15,0.0200,6.00,yes
2026-10-05T03:14:21.177638Z,KXSOL15M-26OCT042315-15,0.0250,6.00,yes
2026-10-05T03:14:21.177638Z,KXSOL15M-26OCT042315-15,0.0200,10.00,yes
2026-10-05T03:14:21.177638Z,KXSOL15M-26OCT042315-15,0.0200,9.01,yes
2026-10-05T03:14:21.177638Z,KXSOL15M-26OCT042315-15,0.0200,10.00,yes
2026-10-05T03:14:21.177638Z,KXSOL15M-26OCT042315-15,0.0220,13.00,yes
2026-10-05T03:14:21.177638Z,KXSOL15M-26OCT042315-15,0.0250,31.43,yes
2026-10-05T03:14:21.177638Z,KXSOL15M-26OCT042315-15,0.0210,350.00,yes
2026-10-05T03:14:21.177638Z,KXSOL15M-26OCT042315-15,0.0200,1.00,yes
2026-10-05T03:14:21.177638Z,KXSOL15M-26OCT042315-15,0.0210,1.00,yes
2026-10-05T03:14:21.454527Z,KXSOL15M-26OCT042315-15,0.0140,100.00,no
2026-10-05T03:14:21.454527Z,KXSOL15M-26OCT042315-15,0.0100,6.00,no
2026-10-05T03:14:21.454527Z,KXSOL15M-26OCT042315-15,0.0100,26.00,no
2026-10-05T03:14:22.703852Z,KXSOL15M-26OCT042315-15,0.0120,25.00,no
2026-10-05T03:14:23.028871Z,KXSOL15M-26OCT042315-15,0.0160,98.61,yes
2026-10-05T03:14:23.090847Z,KXSOL15M-26OCT042315-15,0.0120,7.00,no
2026-10-05T03:14:23.137369Z,KXSOL15M-26OCT042315-15,0.0100,10.00,no
2026-10-05T03:14:23.137369Z,KXSOL15M-26OCT042315-15,0.0100,6.00,no
2026-10-05T03:14:23.499529Z,KXSOL15M-26OCT042315-15,0.0200,24.00,yes
2026-10-05T03:14:23.499529Z,KXSOL15M-26OCT042315-15,0.0230,3.07,yes
2026-10-05T03:14:23.500048Z,KXSOL15M-26OCT042315-15,0.0250,106.57,yes
2026-10-05T03:14:23.500048Z,KXSOL15M-26OCT042315-15,0.0260,11.41,yes
2026-10-05T03:14:23.500048Z,KXSOL15M-26OCT042315-15,0.0230,6.93,yes
2026-10-05T03:14:23.500048Z,KXSOL15M-26OCT042315-15,0.0240,14.00,yes
2026-10-05T03:14:23.500314Z,KXSOL15M-26OCT042315-15,0.0260,56.59,yes
2026-10-05T03:14:23.503854Z,KXSOL15M-26OCT042315-15,0.0280,20.00,yes
2026-10-05T03:14:23.503854Z,KXSOL15M-26OCT042315-15,0.0280,109.00,yes
2026-10-05T03:14:23.503854Z,KXSOL15M-26OCT042315-15,0.0240,9.00,yes
2026-10-05T03:14:23.503854Z,KXSOL15M-26OCT042315-15,0.0300,81.32,yes
2026-10-05T03:14:23.503854Z,KXSOL15M-26OCT042315-15,0.0300,100.00,yes
2026-10-05T03:14:23.570978Z,KXSOL15M-26OCT042315-15,0.0300,18.68,yes
2026-10-05T03:14:23.570978Z,KXSOL15M-26OCT042315-15,0.0300,51.27,yes
2026-10-05T03:14:23.571464Z,KXSOL15M-26OCT042315-15,0.0300,5.73,yes
2026-10-05T03:14:23.571464Z,KXSOL15M-26OCT042315-15,0.0300,3.00,yes
2026-10-05T03:14:23.571464Z,KXSOL15M-26OCT042315-15,0.0300,2.00,yes
2026-10-05T03:14:23.571464Z,KXSOL15M-26OCT042315-15,0.0300,4.00,yes
2026-10-05T03:14:23.571464Z,KXSOL15M-26OCT042315-15,0.0300,4.00,yes
2026-10-05T03:14:23.571464Z,KXSOL15M-26OCT042315-15,0.0300,4.00,yes
2026-10-05T03:14:23.571464Z,KXSOL15M-26OCT042315-15,0.0300,1.00,yes
2026-10-05T03:14:23.571464Z,KXSOL15M-26OCT042315-15,0.0300,5.00,yes
2026-10-05T03:14:23.571464Z,KXSOL15M-26OCT042315-15,0.0300,5.00,yes
2026-10-05T03:14:23.571464Z,KXSOL15M-26OCT042315-15,0.0300,4.00,yes
2026-10-05T03:14:23.571464Z,KXSOL15M-26OCT042315-15,0.0300,0.49,yes
2026-10-05T03:14:23.579049Z,KXSOL15M-26OCT042315-15,0.0300,4.51,yes
2026-10-05T03:14:23.579049Z,KXSOL15M-26OCT042315-15,0.0330,51.83,yes
2026-10-05T03:14:23.583188Z,KXSOL15M-26OCT042315-15,0.0290,20.00,no
2026-10-05T03:14:23.585611Z,KXSOL15M-26OCT042315-15,0.0330,2.00,yes
2026-10-05T03:14:23.663951Z,KXSOL15M-26OCT042315-15,0.0300,98.99,no
2026-10-05T03:14:23.663951Z,KXSOL15M-26OCT042315-15,0.0330,5.00,no
2026-10-05T03:14:23.663951Z,KXSOL15M-26OCT042315-15,0.0290,323.01,no
2026-10-05T03:14:23.663951Z,KXSOL15M-26OCT042315-15,0.0310,6.00,no
2026-10-05T03:14:23.663951Z,KXSOL15M-26OCT042315-15,0.0300,10.00,no
2026-10-05T03:14:23.663951Z,KXSOL15M-26OCT042315-15,0.0320,12.00,no
2026-10-05T03:14:23.775399Z,KXSOL15M-26OCT042315-15,0.0350,10.00,yes
2026-10-05T03:14:23.783459Z,KXSOL15M-26OCT042315-15,0.0350,2.00,yes
2026-10-05T03:14:23.784808Z,KXSOL15M-26OCT042315-15,0.0350,15.33,yes
2026-10-05T03:14:23.798884Z,KXSOL15M-26OCT042315-15,0.0350,15.33,yes
2026-10-05T03:14:23.802553Z,KXSOL15M-26OCT042315-15,0.0350,15.33,yes
2026-10-05T03:14:23.848531Z,KXSOL15M-26OCT042315-15,0.0210,12.00,no
2026-10-05T03:14:23.848531Z,KXSOL15M-26OCT042315-15,0.0220,5.00,no
2026-10-05T03:14:23.848531Z,KXSOL15M-26OCT042315-15,0.0200,16.00,no
2026-10-05T03:14:23.848531Z,KXSOL15M-26OCT042315-15,0.0210,7.00,no
2026-10-05T03:14:23.866693Z,KXSOL15M-26OCT042315-15,0.0340,46.67,yes
2026-10-05T03:14:23.866884Z,KXSOL15M-26OCT042315-15,0.0600,6.00,yes
2026-10-05T03:14:23.866884Z,KXSOL15M-26OCT042315-15,0.0450,6.00,yes
2026-10-05T03:14:23.866884Z,KXSOL15M-26OCT042315-15,0.0540,20.00,yes
2026-10-05T03:14:23.866884Z,KXSOL15M-26OCT042315-15,0.0400,6.00,yes
2026-10-05T03:14:23.866884Z,KXSOL15M-26OCT042315-15,0.0350,210.01,yes
2026-10-05T03:14:23.866884Z,KXSOL15M-26OCT042315-15,0.0410,20.00,yes
2026-10-05T03:14:23.866884Z,KXSOL15M-26OCT042315-15,0.0500,10.00,yes
2026-10-05T03:14:23.866884Z,KXSOL15M-26OCT042315-15,0.0340,76.33,yes
2026-10-05T03:14:23.866884Z,KXSOL15M-26OCT042315-15,0.0400,14.29,yes
2026-10-05T03:14:23.866884Z,KXSOL15M-26OCT042315-15,0.0530,1.00,yes
2026-10-05T03:14:24.045737Z,KXSOL15M-26OCT042315-15,0.0190,25.00,yes
2026-10-05T03:14:24.072532Z,KXSOL15M-26OCT042315-15,0.0190,219.00,yes
2026-10-05T03:14:24.20795Z,KXSOL15M-26OCT042315-15,0.0130,1.50,no
2026-10-05T03:14:24.275876Z,KXSOL15M-26OCT042315-15,0.0190,20.00,yes
2026-10-05T03:14:24.382745Z,KXSOL15M-26OCT042315-15,0.0190,7.00,yes
2026-10-05T03:14:24.423611Z,KXSOL15M-26OCT042315-15,0.0180,26.20,no
2026-10-05T03:14:24.430881Z,KXSOL15M-26OCT042315-15,0.0180,25.17,no
2026-10-05T03:14:24.432976Z,KXSOL15M-26OCT042315-15,0.0180,38.78,no
2026-10-05T03:14:24.487514Z,KXSOL15M-26OCT042315-15,0.0190,1.00,yes
2026-10-05T03:14:24.558057Z,KXSOL15M-26OCT042315-15,0.0180,4.12,no
2026-10-05T03:14:24.879323Z,KXSOL15M-26OCT042315-15,0.0190,10.33,yes
2026-10-05T03:14:24.899538Z,KXSOL15M-26OCT042315-15,0.0190,10.32,yes
2026-10-05T03:14:24.899589Z,KXSOL15M-26OCT042315-15,0.0190,10.32,yes
2026-10-05T03:14:24.957356Z,KXSOL15M-26OCT042315-15,0.0190,1.03,yes
2026-10-05T03:14:24.98374Z,KXSOL15M-26OCT042315-15,0.0260,31.99,yes
2026-10-05T03:14:24.98374Z,KXSOL15M-26OCT042315-15,0.0190,46.00,yes
2026-10-05T03:14:24.98374Z,KXSOL15M-26OCT042315-15,0.0190,0.01,yes
2026-10-05T03:14:24.98374Z,KXSOL15M-26OCT042315-15,0.0250,14.00,yes
2026-10-05T03:14:24.98374Z,KXSOL15M-26OCT042315-15,0.0250,8.00,yes
2026-10-05T03:14:25.019239Z,KXSOL15M-26OCT042315-15,0.0190,22.00,yes
2026-10-05T03:14:25.081231Z,KXSOL15M-26OCT042315-15,0.0190,19.00,yes
2026-10-05T03:14:25.106018Z,KXSOL15M-26OCT042315-15,0.0190,295.00,yes
2026-10-05T03:14:25.193552Z,KXSOL15M-26OCT042315-15,0.0280,1.01,yes
2026-10-05T03:14:25.193552Z,KXSOL15M-26OCT042315-15,0.0190,14.00,yes
2026-10-05T03:14:25.210365Z,KXSOL15M-26OCT042315-15,0.0310,6.02,yes
2026-10-05T03:14:25.210365Z,KXSOL15M-26OCT042315-15,0.0280,8.99,yes
2026-10-05T03:14:25.214727Z,KXSOL15M-26OCT042315-15,0.0310,1.98,yes
2026-10-05T03:14:25.214727Z,KXSOL15M-26OCT042315-15,0.0320,13.03,yes
2026-10-05T03:14:25.220976Z,KXSOL15M-26OCT042315-15,0.0300,6.00,yes
2026-10-05T03:14:25.220976Z,KXSOL15M-26OCT042315-15,0.0320,9.01,yes
2026-10-05T03:14:25.240458Z,KXSOL15M-26OCT042315-15,0.0310,10.00,yes
2026-10-05T03:14:25.240458Z,KXSOL15M-26OCT042315-15,0.0310,5.01,yes
2026-10-05T03:14:25.245015Z,KXSOL15M-26OCT042315-15,0.0310,2.99,yes
2026-10-05T03:14:25.245015Z,KXSOL15M-26OCT042315-15,0.0320,12.02,yes
2026-10-05T03:14:25.298443Z,KXSOL15M-26OCT042315-15,0.0320,100.00,yes
2026-10-05T03:14:25.340663Z,KXSOL15M-26OCT042315-15,0.0320,12.18,yes
2026-10-05T03:14:25.514217Z,KXSOL15M-26OCT042315-15,0.0320,15.00,yes
2026-10-05T03:14:25.534235Z,KXSOL15M-26OCT042315-15,0.0320,15.00,yes
2026-10-05T03:14:25.536052Z,KXSOL15M-26OCT042315-15,0.0320,15.00,yes
2026-10-05T03:14:25.539939Z,KXSOL15M-26OCT042315-15,0.0320,15.00,yes
2026-10-05T03:14:25.556084Z,KXSOL15M-26OCT042315-15,0.0320,15.00,yes
2026-10-05T03:14:25.557529Z,KXSOL15M-26OCT042315-15,0.0320,15.00,yes
2026-10-05T03:14:25.594172Z,KXSOL15M-26OCT042315-15,0.0320,70.00,yes
2026-10-05T03:14:26.187107Z,KXSOL15M-26OCT042315-15,0.0320,29.26,yes
2026-10-05T03:14:26.849469Z,KXSOL15M-26OCT042315-15,0.0200,6.00,no
2026-10-05T03:14:27.329147Z,KXSOL15M-26OCT042315-15,0.0180,3.40,yes
2026-10-05T03:14:28.019813Z,KXSOL15M-26OCT042315-15,0.0210,10.00,yes
2026-10-05T03:14:28.019813Z,KXSOL15M-26OCT042315-15,0.0220,50.10,yes
2026-10-05T03:14:28.019813Z,KXSOL15M-26OCT042315-15,0.0210,10.00,yes
2026-10-05T03:14:28.019813Z,KXSOL15M-26OCT042315-15,0.0180,17.60,yes
2026-10-05T03:14:28.207915Z,KXSOL15M-26OCT042315-15,0.0150,34.00,no
2026-10-05T03:14:28.207915Z,KXSOL15M-26OCT042315-15,0.0150,7.00,no
2026-10-05T03:14:28.207915Z,KXSOL15M-26OCT042315-15,0.0150,44.00,no
2026-10-05T03:14:28.207915Z,KXSOL15M-26OCT042315-15,0.0150,6.00,no
2026-10-05T03:14:28.746423Z,KXSOL15M-26OCT042315-15,0.0140,8.00,no
2026-10-05T03:14:28.859887Z,KXSOL15M-26OCT042315-15,0.0140,3.00,no
2026-10-05T03:14:29.070796Z,KXSOL15M-26OCT042315-15,0.0140,10.14,no
2026-10-05T03:14:29.09135Z,KXSOL15M-26OCT042315-15,0.0130,7.00,no
2026-10-05T03:14:29.09135Z,KXSOL15M-26OCT042315-15,0.0140,10.00,no
2026-10-05T03:14:29.302353Z,KXSOL15M-26OCT042315-15,0.0090,77.00,no
2026-10-05T03:14:29.408556Z,KXSOL15M-26OCT042315-15,0.0110,34.00,yes
2026-10-05T03:14:30.027064Z,KXSOL15M-26OCT042315-15,0.0070,10.00,no
2026-10-05T03:14:30.027064Z,KXSOL15M-26OCT042315-15,0.0070,10.00,no
2026-10-05T03:14:30.027064Z,KXSOL15M-26OCT042315-15,0.0060,1.00,no
2026-10-05T03:14:30.027064Z,KXSOL15M-26OCT042315-15,0.0060,78.00,no
2026-10-05T03:14:30.027064Z,KXSOL15M-26OCT042315-15,0.0070,47.00,no
2026-10-05T03:14:30.052382Z,KXSOL15M-26OCT042315-15,0.0060,1.00,no
2026-10-05T03:14:30.052382Z,KXSOL15M-26OCT042315-15,0.0060,2.51,no
2026-10-05T03:14:30.052382Z,KXSOL15M-26OCT042315-15,0.0060,11.00,no
2026-10-05T03:14:30.052382Z,KXSOL15M-26OCT042315-15,0.0060,87.00,no
2026-10-05T03:14:30.052382Z,KXSOL15M-26OCT042315-15,0.0060,2.00,no
2026-10-05T03:14:30.129306Z,KXSOL15M-26OCT042315-15,0.0100,5.00,no
2026-10-05T03:14:30.490056Z,KXSOL15M-26OCT042315-15,0.0110,14.00,yes
2026-10-05T03:14:30.490056Z,KXSOL15M-26OCT042315-15,0.0110,10.00,yes
2026-10-05T03:14:30.849121Z,KXSOL15M-26OCT042315-15,0.0120,1.67,yes
2026-10-05T03:14:31.924325Z,KXSOL15M-26OCT042315-15,0.0070,10.00,no
2026-10-05T03:14:31.924325Z,KXSOL15M-26OCT042315-15,0.0070,10.00,no
2026-10-05T03:14:31.941926Z,KXSOL15M-26OCT042315-15,0.0060,2.00,no
2026-10-05T03:14:33.089788Z,KXSOL15M-26OCT042315-15,0.0080,8.00,no
2026-10-05T03:14:33.089788Z,KXSOL15M-26OCT042315-15,0.0080,10.00,no
2026-10-05T03:14:33.594314Z,KXSOL15M-26OCT042315-15,0.0110,14.00,yes
2026-10-05T03:14:34.081799Z,KXSOL15M-26OCT042315-15,0.0160,5.00,no
2026-10-05T03:14:34.683735Z,KXSOL15M-26OCT042315-15,0.0110,10.00,yes
2026-10-05T03:14:34.762598Z,KXSOL15M-26OCT042315-15,0.0110,1.00,yes
2026-10-05T03:14:34.974671Z,KXSOL15M-26OCT042315-15,0.0100,39.00,yes
2026-10-05T03:14:34.974671Z,KXSOL15M-26OCT042315-15,0.0110,19.47,yes
2026-10-05T03:14:36.138902Z,KXSOL15M-26OCT042315-15,0.0070,10.00,no
2026-10-05T03:14:36.138902Z,KXSOL15M-26OCT042315-15,0.0070,10.00,no
2026-10-05T03:14:37.255517Z,KXSOL15M-26OCT042315-15,0.0110,30.00,yes
2026-10-05T03:14:37.255517Z,KXSOL15M-26OCT042315-15,0.0100,12.00,yes
2026-10-05T03:14:37.263473Z,KXSOL15M-26OCT042315-15,0.0080,11.00,no
2026-10-05T03:14:37.263473Z,KXSOL15M-26OCT042315-15,0.0090,11.00,no
2026-10-05T03:14:37.263473Z,KXSOL15M-26OCT042315-15,0.0100,6.00,no
2026-10-05T03:14:37.385098Z,KXSOL15M-26OCT042315-15,0.0200,10.00,yes
2026-10-05T03:14:37.385098Z,KXSOL15M-26OCT042315-15,0.0210,14.00,yes
2026-10-05T03:14:37.385098Z,KXSOL15M-26OCT042315-15,0.0200,1.00,yes
2026-10-05T03:14:37.385098Z,KXSOL15M-26OCT042315-15,0.0220,82.00,yes
2026-10-05T03:14:38.092375Z,KXSOL15M-26OCT042315-15,0.0230,5.00,no
2026-10-05T03:14:38.945916Z,KXSOL15M-26OCT042315-15,0.0310,88.00,no
2026-10-05T03:14:39.095916Z,KXSOL15M-26OCT042315-15,0.0310,0.01,yes
2026-10-05T03:14:39.095916Z,KXSOL15M-26OCT042315-15,0.0310,8.00,yes
2026-10-05T03:14:39.095916Z,KXSOL15M-26OCT042315-15,0.0310,19.00,yes
2026-10-05T03:14:39.409936Z,KXSOL15M-26OCT042315-15,0.0410,5.00,no
2026-10-05T03:14:39.476477Z,KXSOL15M-26OCT042315-15,0.0410,2.00,no
2026-10-05T03:14:39.740218Z,KXSOL15M-26OCT042315-15,0.0500,11.00,yes
2026-10-05T03:14:39.740218Z,KXSOL15M-26OCT042315-15,0.0500,25.00,yes
2026-10-05T03:14:39.810659Z,KXSOL15M-26OCT042315-15,0.0840,4.05,yes
2026-10-05T03:14:39.810659Z,KXSOL15M-26OCT042315-15,0.0830,171.00,yes
2026-10-05T03:14:39.810659Z,KXSOL15M-26OCT042315-15,0.0840,24.00,yes
2026-10-05T03:14:39.810659Z,KXSOL15M-26OCT042315-15,0.0830,6.00,yes
2026-10-05T03:14:39.810659Z,KXSOL15M-26OCT042315-15,0.0840,10.00,yes
2026-10-05T03:14:39.811455Z,KXSOL15M-26OCT042315-15,0.0930,20.00,yes
2026-10-05T03:14:39.811758Z,KXSOL15M-26OCT042315-15,0.1300,100.00,yes
2026-10-05T03:14:39.821583Z,KXSOL15M-26OCT042315-15,0.1700,131.00,no
2026-10-05T03:14:39.843215Z,KXSOL15M-26OCT042315-15,0.1800,96.00,no
2026-10-05T03:14:39.874599Z,KXSOL15M-26OCT042315-15,0.1900,0.10,yes
2026-10-05T03:14:39.886483Z,KXSOL15M-26OCT042315-15,0.1800,5.00,no
2026-10-05T03:14:39.908258Z,KXSOL15M-26OCT042315-15,0.1900,5.00,yes
2026-10-05T03:14:39.908258Z,KXSOL15M-26OCT042315-15,0.1900,6.00,yes
2026-10-05T03:14:39.908258Z,KXSOL15M-26OCT042315-15,0.1900,7.00,yes
2026-10-05T03:14:39.908258Z,KXSOL15M-26OCT042315-15,0.2000,307.09,yes
2026-10-05T03:14:39.908258Z,KXSOL15M-26OCT042315-15,0.1900,5.00,yes
2026-10-05T03:14:39.908258Z,KXSOL15M-26OCT042315-15,0.1900,39.90,yes
2026-10-05T03:14:39.917123Z,KXSOL15M-26OCT042315-15,0.1900,3.71,no
2026-10-05T03:14:39.983021Z,KXSOL15M-26OCT042315-15,0.1800,2.00,yes
2026-10-05T03:14:39.992407Z,KXSOL15M-26OCT042315-15,0.1500,4.00,no
2026-10-05T03:14:39.992407Z,KXSOL15M-26OCT042315-15,0.1600,5.00,no
2026-10-05T03:14:40.011075Z,KXSOL15M-26OCT042315-15,0.1600,5.00,no
2026-10-05T03:14:40.022691Z,KXSOL15M-26OCT042315-15,0.1700,20.00,yes
2026-10-05T03:14:40.034833Z,KXSOL15M-26OCT042315-15,0.1600,4.05,no
2026-10-05T03:14:40.034833Z,KXSOL15M-26OCT042315-15,0.1600,5.00,no
2026-10-05T03:14:40.051104Z,KXSOL15M-26OCT042315-15,0.1400,300.00,yes
2026-10-05T03:14:40.128144Z,KXSOL15M-26OCT042315-15,0.0930,12.00,no
2026-10-05T03:14:40.128144Z,KXSOL15M-26OCT042315-15,0.0930,33.00,no
2026-10-05T03:14:40.128144Z,KXSOL15M-26OCT042315-15,0.1000,20.00,no
2026-10-05T03:14:40.128144Z,KXSOL15M-26OCT042315-15,0.0920,233.00,no
2026-10-05T03:14:40.128144Z,KXSOL15M-26OCT042315-15,0.1100,5.00,no
2026-10-05T03:14:40.128144Z,KXSOL15M-26OCT042315-15,0.0930,4.00,no
2026-10-05T03:14:40.184191Z,KXSOL15M-26OCT042315-15,0.1300,2.00,yes
2026-10-05T03:14:40.223485Z,KXSOL15M-26OCT042315-15,0.1300,5.00,yes
2026-10-05T03:14:40.26059Z,KXSOL15M-26OCT042315-15,0.1300,0.01,yes
2026-10-05T03:14:40.366578Z,KXSOL15M-26OCT042315-15,0.1300,6.00,yes
2026-10-05T03:14:40.658054Z,KXSOL15M-26OCT042315-15,0.1200,2.29,no
2026-10-05T03:14:40.956808Z,KXSOL15M-26OCT042315-15,0.1200,95.24,no
2026-10-05T03:14:41.027259Z,KXSOL15M-26OCT042315-15,0.1200,5.00,no
2026-10-05T03:14:41.027259Z,KXSOL15M-26OCT042315-15,0.1200,30.76,no
2026-10-05T03:14:41.027259Z,KXSOL15M-26OCT042315-15,0.1100,37.24,no
2026-10-05T03:14:41.0289Z,KXSOL15M-26OCT042315-15,0.0910,5.00,no
2026-10-05T03:14:41.0289Z,KXSOL15M-26OCT042315-15,0.1100,35.76,no
2026-10-05T03:14:41.0289Z,KXSOL15M-26OCT042315-15,0.0900,48.81,no
2026-10-05T03:14:41.033201Z,KXSOL15M-26OCT042315-15,0.0900,22.43,no
2026-10-05T03:14:41.033759Z,KXSOL15M-26OCT042315-15,0.1000,5.00,no
2026-10-05T03:14:41.033759Z,KXSOL15M-26OCT042315-15,0.0900,30.76,no
2026-10-05T03:14:41.033846Z,KXSOL15M-26OCT042315-15,0.0900,5.00,no
2026-10-05T03:14:41.099244Z,KXSOL15M-26OCT042315-15,0.0560,223.00,no
2026-10-05T03:14:41.099244Z,KXSOL15M-26OCT042315-15,0.0550,6.00,no
2026-10-05T03:14:41.099244Z,KXSOL15M-26OCT042315-15,0.0570,5.00,no
2026-10-05T03:14:41.099244Z,KXSOL15M-26OCT042315-15,0.0510,73.00,no
2026-10-05T03:14:41.120657Z,KXSOL15M-26OCT042315-15,0.0910,11.00,yes
2026-10-05T03:14:41.382109Z,KXSOL15M-26OCT042315-15,0.0910,0.01,yes
2026-10-05T03:14:41.671626Z,KXSOL15M-26OCT042315-15,0.0790,5.00,no
2026-10-05T03:14:41.671626Z,KXSOL15M-26OCT042315-15,0.0790,0.43,no
2026-10-05T03:14:41.884231Z,KXSOL15M-26OCT042315-15,0.0780,4.00,no
2026-10-05T03:14:41.884231Z,KXSOL15M-26OCT042315-15,0.0770,15.00,no
2026-10-05T03:14:41.884231Z,KXSOL15M-26OCT042315-15,0.0680,14.29,no
2026-10-05T03:14:41.884231Z,KXSOL15M-26OCT042315-15,0.0770,2.00,no
2026-10-05T03:14:41.884231Z,KXSOL15M-26OCT042315-15,0.0740,14.00,no
2026-10-05T03:14:41.884231Z,KXSOL15M-26OCT042315-15,0.0790,5.00,no
2026-10-05T03:14:41.884231Z,KXSOL15M-26OCT042315-15,0.0690,13.57,no
2026-10-05T03:14:41.884231Z,KXSOL15M-26OCT042315-15,0.0690,15.00,no
2026-10-05T03:14:41.90199Z,KXSOL15M-26OCT042315-15,0.0790,5.00,no
2026-10-05T03:14:41.90199Z,KXSOL15M-26OCT042315-15,0.0550,5.00,no
2026-10-05T03:14:41.90199Z,KXSOL15M-26OCT042315-15,0.0690,4.00,no
2026-10-05T03:14:41.90199Z,KXSOL15M-26OCT042315-15,0.0540,87.73,no
2026-10-05T03:14:41.90199Z,KXSOL15M-26OCT042315-15,0.0680,335.71,no
2026-10-05T03:14:41.992782Z,KXSOL15M-26OCT042315-15,0.0900,3.80,yes
2026-10-05T03:14:41.992782Z,KXSOL15M-26OCT042315-15,0.0900,10.00,yes
2026-10-05T03:14:41.992782Z,KXSOL15M-26OCT042315-15,0.0970,10.00,yes
2026-10-05T03:14:41.992782Z,KXSOL15M-26OCT042315-15,0.1000,37.05,yes
2026-10-05T03:14:41.992782Z,KXSOL15M-26OCT042315-15,0.0960,6.00,yes
2026-10-05T03:14:42.002288Z,KXSOL15M-26OCT042315-15,0.0550,14.00,no
2026-10-05T03:14:42.002288Z,KXSOL15M-26OCT042315-15,0.0540,36.00,no
2026-10-05T03:14:42.002288Z,KXSOL15M-26OCT042315-15,0.0570,5.00,no
2026-10-05T03:14:42.002288Z,KXSOL15M-26OCT042315-15,0.0560,5.00,no
2026-10-05T03:14:42.058895Z,KXSOL15M-26OCT042315-15,0.0590,22.00,no
2026-10-05T03:14:42.063931Z,KXSOL15M-26OCT042315-15,0.0600,5.00,no
2026-10-05T03:14:42.063931Z,KXSOL15M-26OCT042315-15,0.0590,17.00,no
2026-10-05T03:14:42.064232Z,KXSOL15M-26OCT042315-15,0.0590,679.00,no
2026-10-05T03:14:42.064232Z,KXSOL15M-26OCT042315-15,0.0550,12.00,no
2026-10-05T03:14:42.108041Z,KXSOL15M-26OCT042315-15,0.0270,10.00,yes
2026-10-05T03:14:42.211089Z,KXSOL15M-26OCT042315-15,0.0270,10.38,yes
2026-10-05T03:14:42.93136Z,KXSOL15M-26OCT042315-15,0.0250,0.54,no
2026-10-05T03:14:43.104832Z,KXSOL15M-26OCT042315-15,0.0250,1.50,no
2026-10-05T03:14:44.085585Z,KXSOL15M-26OCT042315-15,0.0350,6.00,no
2026-10-05T03:14:44.085585Z,KXSOL15M-26OCT042315-15,0.0360,203.00,no
2026-10-05T03:14:44.228064Z,KXSOL15M-26OCT042315-15,0.0350,6.00,no
2026-10-05T03:14:44.228064Z,KXSOL15M-26OCT042315-15,0.0300,6.00,no
2026-10-05T03:14:44.331265Z,KXSOL15M-26OCT042315-15,0.0300,6.00,no
2026-10-05T03:14:44.349378Z,KXSOL15M-26OCT042315-15,0.0260,6.00,no
2026-10-05T03:14:44.349378Z,KXSOL15M-26OCT042315-15,0.0260,10.00,no
2026-10-05T03:14:44.552052Z,KXSOL15M-26OCT042315-15,0.0270,100.00,no
2026-10-05T03:14:45.008165Z,KXSOL15M-26OCT042315-15,0.0240,1.02,no
2026-10-05T03:14:45.116543Z,KXSOL15M-26OCT042315-15,0.0240,5.11,no
2026-10-05T03:14:45.17395Z,KXSOL15M-26OCT042315-15,0.0210,350.00,no
2026-10-05T03:14:45.17395Z,KXSOL15M-26OCT042315-15,0.0210,7.00,no
2026-10-05T03:14:45.17395Z,KXSOL15M-26OCT042315-15,0.0210,10.00,no
2026-10-05T03:14:45.387058Z,KXSOL15M-26OCT042315-15,0.0120,10.00,no
2026-10-05T03:14:45.387058Z,KXSOL15M-26OCT042315-15,0.0150,6.00,no
2026-10-05T03:14:45.387058Z,KXSOL15M-26OCT042315-15,0.0110,7.00,no
2026-10-05T03:14:45.387058Z,KXSOL15M-26OCT042315-15,0.0100,53.90,no
2026-10-05T03:14:45.39692Z,KXSOL15M-26OCT042315-15,0.0370,12.32,yes
2026-10-05T03:14:45.6727Z,KXSOL15M-26OCT042315-15,0.0170,2.94,no
2026-10-05T03:14:45.802822Z,KXSOL15M-26OCT042315-15,0.0180,262.00,yes
2026-10-05T03:14:45.809722Z,KXSOL15M-26OCT042315-15,0.0180,29.00,yes
2026-10-05T03:14:45.811135Z,KXSOL15M-26OCT042315-15,0.0180,3.00,yes
2026-10-05T03:14:45.911669Z,KXSOL15M-26OCT042315-15,0.0130,9.99,no
2026-10-05T03:14:46.135024Z,KXSOL15M-26OCT042315-15,0.0140,1.00,no
2026-10-05T03:14:46.256398Z,KXSOL15M-26OCT042315-15,0.0270,4.00,yes
2026-10-05T03:14:48.148234Z,KXSOL15M-26OCT042315-15,0.0120,23.82,no
2026-10-05T03:14:49.026787Z,KXSOL15M-26OCT042315-15,0.0120,50.00,no
2026-10-05T03:14:49.304238Z,KXSOL15M-26OCT042315-15,0.0100,1.50,no
2026-10-05T03:14:49.319398Z,KXSOL15M-26OCT042315-15,0.0100,6.00,no
2026-10-05T03:14:49.319398Z,KXSOL15M-26OCT042315-15,0.0090,240.00,no
2026-10-05T03:14:49.319398Z,KXSOL15M-26OCT042315-15,0.0080,26.52,no
2026-10-05T03:14:49.319398Z,KXSOL15M-26OCT042315-15,0.0100,9.00,no
2026-10-05T03:14:49.319398Z,KXSOL15M-26OCT042315-15,0.0100,23.50,no
2026-10-05T03:14:49.666985Z,KXSOL15M-26OCT042315-15,0.0070,10.00,no
2026-10-05T03:14:49.666985Z,KXSOL15M-26OCT042315-15,0.0070,10.00,no
2026-10-05T03:14:49.690727Z,KXSOL15M-26OCT042315-15,0.0080,5.35,yes
2026-10-05T03:14:49.830099Z,KXSOL15M-26OCT042315-15,0.0040,3.00,no
2026-10-05T03:14:49.830099Z,KXSOL15M-26OCT042315-15,0.0020,8.70,no
2026-10-05T03:14:49.830099Z,KXSOL15M-26OCT042315-15,0.0030,8.00,no
2026-10-05T03:14:49.830099Z,KXSOL15M-26OCT042315-15,0.0030,3.00,no
2026-10-05T03:14:49.846537Z,KXSOL15M-26OCT042315-15,0.0020,964.00,no
2026-10-05T03:14:49.928213Z,KXSOL15M-26OCT042315-15,0.0030,100.00,yes
2026-10-05T03:14:50.110675Z,KXSOL15M-26OCT042315-15,0.0070,40.58,yes
2026-10-05T03:14:50.110675Z,KXSOL15M-26OCT042315-15,0.0060,22.00,yes
2026-10-05T03:14:50.110675Z,KXSOL15M-26OCT042315-15,0.0050,6.00,yes
2026-10-05T03:14:50.110675Z,KXSOL15M-26OCT042315-15,0.0060,65.00,yes
2026-10-05T03:14:50.234997Z,KXSOL15M-26OCT042315-15,0.0020,1.00,no
2026-10-05T03:14:50.858191Z,KXSOL15M-26OCT042315-15,0.0020,2.00,no
2026-10-05T03:14:50.858191Z,KXSOL15M-26OCT042315-15,0.0020,3.00,no
2026-10-05T03:14:51.67324Z,KXSOL15M-26OCT042315-15,0.0020,3.00,no
2026-10-05T03:14:51.84757Z,KXSOL15M-26OCT042315-15,0.0040,25.47,yes
2026-10-05T03:14:51.84757Z,KXSOL15M-26OCT042315-15,0.0040,25.00,yes
2026-10-05T03:14:51.908008Z,KXSOL15M-26OCT042315-15,0.0020,3.00,no
2026-10-05T03:14:52.269862Z,KXSOL15M-26OCT042315-15,0.0010,300.00,no
2026-10-05T03:14:52.269862Z,KXSOL15M-26OCT042315-15,0.0010,3.00,no
2026-10-05T03:14:52.269862Z,KXSOL15M-26OCT042315-15,0.0010,38.00,no
2026-10-05T03:14:52.269862Z,KXSOL15M-26OCT042315-15,0.0010,20.00,no
2026-10-05T03:14:52.638302Z,KXSOL15M-26OCT042315-15,0.0030,32.00,yes
2026-10-05T03:14:52.638302Z,KXSOL15M-26OCT042315-15,0.0040,19.90,yes
2026-10-05T03:14:52.638302Z,KXSOL15M-26OCT042315-15,0.0030,15.00,yes
2026-10-05T03:14:52.638302Z,KXSOL15M-26OCT042315-15,0.0030,10.00,yes
2026-10-05T03:14:53.663238Z,KXSOL15M-26OCT042315-15,0.0020,363.00,no
2026-10-05T03:14:57.153044Z,KXSOL15M-26OCT042315-15,0.0010,1520.00,yes
2026-10-05T03:14:57.404871Z,KXSOL15M-26OCT042315-15,0.0010,1.00,yes
2026-10-05T03:14:57.474425Z,KXSOL15M-26OCT042315-15,0.0010,32.62,yes
2026-10-05T03:12:42.976838Z,KXWTI15M-26OCT042315-15,0.9890,6.06,yes
2026-10-05T03:12:43.172999Z,KXWTI15M-26OCT042315-15,0.9890,10.00,yes
2026-10-05T03:12:44.454143Z,KXWTI15M-26OCT042315-15,0.9890,20.08,yes
2026-10-05T03:12:46.17265Z,KXWTI15M-26OCT042315-15,0.9890,10.10,yes
2026-10-05T03:12:50.607891Z,KXWTI15M-26OCT042315-15,0.9890,12.85,yes
2026-10-05T03:12:50.999619Z,KXWTI15M-26OCT042315-15,0.9880,15.55,no
2026-10-05T03:12:51.885212Z,KXWTI15M-26OCT042315-15,0.9880,11.18,no
2026-10-05T03:12:53.108533Z,KXWTI15M-26OCT042315-15,0.9880,0.55,no
2026-10-05T03:12:55.096457Z,KXWTI15M-26OCT042315-15,0.9880,77.94,no
2026-10-05T03:12:57.715711Z,KXWTI15M-26OCT042315-15,0.9880,15.94,no
2026-10-05T03:12:57.715711Z,KXWTI15M-26OCT042315-15,0.9880,62.00,no
2026-10-05T03:12:57.818612Z,KXWTI15M-26OCT042315-15,0.9890,20.04,yes
2026-10-05T03:12:58.858632Z,KXWTI15M-26OCT042315-15,0.9890,18.87,yes
2026-10-05T03:12:58.858632Z,KXWTI15M-26OCT042315-15,0.9890,41.72,yes
2026-10-05T03:12:58.937239Z,KXWTI15M-26OCT042315-15,0.9880,25.06,no
2026-10-05T03:12:58.937239Z,KXWTI15M-26OCT042315-15,0.9880,57.00,no
2026-10-05T03:13:03.02312Z,KXWTI15M-26OCT042315-15,0.9890,2.44,yes
2026-10-05T03:13:03.02312Z,KXWTI15M-26OCT042315-15,0.9890,2.00,yes
2026-10-05T03:13:03.02312Z,KXWTI15M-26OCT042315-15,0.9890,58.28,yes
2026-10-05T03:13:03.02312Z,KXWTI15M-26OCT042315-15,0.9890,20.00,yes
2026-10-05T03:13:03.02312Z,KXWTI15M-26OCT042315-15,0.9890,2.00,yes
2026-10-05T03:13:03.329337Z,KXWTI15M-26OCT042315-15,0.9880,10.00,no
2026-10-05T03:13:03.329337Z,KXWTI15M-26OCT042315-15,0.9860,12.85,no
2026-10-05T03:13:03.329337Z,KXWTI15M-26OCT042315-15,0.9860,20.08,no
2026-10-05T03:13:03.329337Z,KXWTI15M-26OCT042315-15,0.9860,10.00,no
2026-10-05T03:13:03.329337Z,KXWTI15M-26OCT042315-15,0.9860,6.06,no
2026-10-05T03:13:03.329337Z,KXWTI15M-26OCT042315-15,0.9860,10.10,no
2026-10-05T03:13:03.329337Z,KXWTI15M-26OCT042315-15,0.9860,32.00,no
2026-10-05T03:13:03.329337Z,KXWTI15M-26OCT042315-15,0.9860,45.00,no
2026-10-05T03:13:03.329337Z,KXWTI15M-26OCT042315-15,0.9860,60.00,no
2026-10-05T03:13:03.329337Z,KXWTI15M-26OCT042315-15,0.9870,2.00,no
2026-10-05T03:13:03.329337Z,KXWTI15M-26OCT042315-15,0.9840,39.76,no
2026-10-05T03:13:03.329337Z,KXWTI15M-26OCT042315-15,0.9870,1.00,no
2026-10-05T03:13:03.329337Z,KXWTI15M-26OCT042315-15,0.9880,4.28,no
2026-10-05T03:13:03.329337Z,KXWTI15M-26OCT042315-15,0.9880,143.00,no
2026-10-05T03:13:03.329337Z,KXWTI15M-26OCT042315-15,0.9860,18.87,no
2026-10-05T03:13:03.329337Z,KXWTI15M-26OCT042315-15,0.9880,57.00,no
2026-10-05T03:13:03.329337Z,KXWTI15M-26OCT042315-15,0.9860,20.04,no
2026-10-05T03:13:09.234333Z,KXWTI15M-26OCT042315-15,0.9880,9.00,no
2026-10-05T03:13:09.375466Z,KXWTI15M-26OCT042315-15,0.9880,32.00,no
2026-10-05T03:13:09.39965Z,KXWTI15M-26OCT042315-15,0.9860,5.67,no
2026-10-05T03:13:14.387209Z,KXWTI15M-26OCT042315-15,0.9860,25.00,no
2026-10-05T03:13:17.20844Z,KXWTI15M-26OCT042315-15,0.9860,65.48,no
2026-10-05T03:13:18.285065Z,KXWTI15M-26OCT042315-15,0.9860,10.47,no
2026-10-05T03:13:24.855797Z,KXWTI15M-26OCT042315-15,0.9860,6.68,no
2026-10-05T03:13:25.308608Z,KXWTI15M-26OCT042315-15,0.9900,4.46,yes
2026-10-05T03:13:25.308608Z,KXWTI15M-26OCT042315-15,0.9940,6.00,yes
2026-10-05T03:13:25.308608Z,KXWTI15M-26OCT042315-15,0.9900,2.27,yes
2026-10-05T03:13:25.308608Z,KXWTI15M-26OCT042315-15,0.9930,21.00,yes
2026-10-05T03:13:25.308608Z,KXWTI15M-26OCT042315-15,0.9910,49.00,yes
2026-10-05T03:13:25.308608Z,KXWTI15M-26OCT042315-15,0.9900,15.00,yes
2026-10-05T03:13:25.308608Z,KXWTI15M-26OCT042315-15,0.9870,1.00,yes
2026-10-05T03:13:25.308608Z,KXWTI15M-26OCT042315-15,0.9870,4.00,yes
2026-10-05T03:13:25.308608Z,KXWTI15M-26OCT042315-15,0.9870,5.00,yes
2026-10-05T03:13:25.308608Z,KXWTI15M-26OCT042315-15,0.9940,453.95,yes
2026-10-05T03:13:25.308608Z,KXWTI15M-26OCT042315-15,0.9900,2.00,yes
2026-10-05T03:13:25.308608Z,KXWTI15M-26OCT042315-15,0.9900,10.69,yes
2026-10-05T03:13:25.308608Z,KXWTI15M-26OCT042315-15,0.9900,42.79,yes
2026-10-05T03:13:25.308608Z,KXWTI15M-26OCT042315-15,0.9900,25.00,yes
2026-10-05T03:13:25.308608Z,KXWTI15M-26OCT042315-15,0.9900,25.00,yes
2026-10-05T03:13:25.308608Z,KXWTI15M-26OCT042315-15,0.9890,7.56,yes
2026-10-05T03:13:25.308608Z,KXWTI15M-26OCT042315-15,0.9890,1.00,yes
2026-10-05T03:13:25.308608Z,KXWTI15M-26OCT042315-15,0.9900,0.72,yes
2026-10-05T03:13:25.308608Z,KXWTI15M-26OCT042315-15,0.9900,0.73,yes
2026-10-05T03:13:25.308608Z,KXWTI15M-26OCT042315-15,0.9900,27.60,yes
2026-10-05T03:13:26.070577Z,KXWTI15M-26OCT042315-15,0.9860,0.65,no
2026-10-05T03:13:28.498527Z,KXWTI15M-26OCT042315-15,0.9860,23.79,no
2026-10-05T03:13:28.498527Z,KXWTI15M-26OCT042315-15,0.9860,40.35,no
2026-10-05T03:13:30.918182Z,KXWTI15M-26OCT042315-15,0.9960,60.00,yes
2026-10-05T03:13:30.918182Z,KXWTI15M-26OCT042315-15,0.9940,84.00,yes
2026-10-05T03:13:30.918182Z,KXWTI15M-26OCT042315-15,0.9960,18.00,yes
2026-10-05T03:13:30.918182Z,KXWTI15M-26OCT042315-15,0.9970,108.00,yes
2026-10-05T03:13:30.918182Z,KXWTI15M-26OCT042315-15,0.9970,183.95,yes
2026-10-05T03:13:31.068206Z,KXWTI15M-26OCT042315-15,0.9950,3.28,yes
2026-10-05T03:13:37.623628Z,KXWTI15M-26OCT042315-15,0.9960,1.00,yes
2026-10-05T03:13:41.558317Z,KXWTI15M-26OCT042315-15,0.9910,76.83,no
2026-10-05T03:13:41.558317Z,KXWTI15M-26OCT042315-15,0.9910,25.00,no
2026-10-05T03:13:41.722029Z,KXWTI15M-26OCT042315-15,0.9910,67.17,no
2026-10-05T03:13:41.722029Z,KXWTI15M-26OCT042315-15,0.9910,24.66,no
2026-10-05T03:13:41.722029Z,KXWTI15M-26OCT042315-15,0.9910,10.00,no
2026-10-05T03:13:45.443447Z,KXWTI15M-26OCT042315-15,0.9910,40.00,no
2026-10-05T03:13:45.443447Z,KXWTI15M-26OCT042315-15,0.9910,10.00,no
2026-10-05T03:13:47.995255Z,KXWTI15M-26OCT042315-15,0.9910,64.42,no
2026-10-05T03:13:50.627513Z,KXWTI15M-26OCT042315-15,0.9960,17.00,yes
2026-10-05T03:13:50.627513Z,KXWTI15M-26OCT042315-15,0.9970,79.00,yes
2026-10-05T03:13:50.627513Z,KXWTI15M-26OCT042315-15,0.9960,1.00,yes
2026-10-05T03:13:50.627513Z,KXWTI15M-26OCT042315-15,0.9960,1.00,yes
2026-10-05T03:13:50.627513Z,KXWTI15M-26OCT042315-15,0.9970,60.00,yes
2026-10-05T03:13:50.627513Z,KXWTI15M-26OCT042315-15,0.9970,60.00,yes
2026-10-05T03:13:50.627513Z,KXWTI15M-26OCT042315-15,0.9970,66.05,yes
2026-10-05T03:13:50.627513Z,KXWTI15M-26OCT042315-15,0.9980,400.00,yes
2026-10-05T03:13:50.627513Z,KXWTI15M-26OCT042315-15,0.9980,318.08,yes
2026-10-05T03:13:51.406965Z,KXWTI15M-26OCT042315-15,0.9980,15.00,yes
2026-10-05T03:13:54.180953Z,KXWTI15M-26OCT042315-15,0.9980,10.00,yes
2026-10-05T03:13:55.022174Z,KXWTI15M-26OCT042315-15,0.9950,186.97,no
2026-10-05T03:13:55.788232Z,KXWTI15M-26OCT042315-15,0.9980,100.20,yes
2026-10-05T03:13:59.35533Z,KXWTI15M-26OCT042315-15,0.9950,6.55,no
2026-10-05T03:13:59.890064Z,KXWTI15M-26OCT042315-15,0.9950,62.41,no
2026-10-05T03:13:59.890064Z,KXWTI15M-26OCT042315-15,0.9950,124.56,no
2026-10-05T03:14:02.390238Z,KXWTI15M-26OCT042315-15,0.9950,4.98,no
2026-10-05T03:14:06.076963Z,KXWTI15M-26OCT042315-15,0.9950,41.34,no
2026-10-05T03:14:06.076963Z,KXWTI15M-26OCT042315-15,0.9950,332.61,no
2026-10-05T03:14:07.693942Z,KXWTI15M-26OCT042315-15,0.9950,7.76,no
2026-10-05T03:14:07.693942Z,KXWTI15M-26OCT042315-15,0.9950,83.86,no
2026-10-05T03:14:09.435139Z,KXWTI15M-26OCT042315-15,0.9950,101.77,no
2026-10-05T03:14:09.435139Z,KXWTI15M-26OCT042315-15,0.9950,66.05,no
2026-10-05T03:14:09.435139Z,KXWTI15M-26OCT042315-15,0.9950,19.15,no
2026-10-05T03:14:10.369011Z,KXWTI15M-26OCT042315-15,0.9980,8.01,yes
2026-10-05T03:14:14.341368Z,KXWTI15M-26OCT042315-15,0.9980,155.28,yes
2026-10-05T03:14:14.3513Z,KXWTI15M-26OCT042315-15,0.9980,15.00,yes
2026-10-05T03:14:17.172Z,KXWTI15M-26OCT042315-15,0.9980,12.00,yes
2026-10-05T03:14:17.172Z,KXWTI15M-26OCT042315-15,0.9980,86.18,yes
2026-10-05T03:14:17.172Z,KXWTI15M-26OCT042315-15,0.9980,1.00,yes
2026-10-05T03:14:17.172Z,KXWTI15M-26OCT042315-15,0.9980,1.00,yes
2026-10-05T03:14:17.5712Z,KXWTI15M-26OCT042315-15,0.9980,225.00,yes
2026-10-05T03:14:18.657012Z,KXWTI15M-26OCT042315-15,0.9980,17.62,yes
2026-10-05T03:14:18.728617Z,KXWTI15M-26OCT042315-15,0.9990,408.84,yes
2026-10-05T03:14:18.728617Z,KXWTI15M-26OCT042315-15,0.9980,12.00,yes
2026-10-05T03:14:18.728617Z,KXWTI15M-26OCT042315-15,0.9980,71.20,yes
2026-10-05T03:14:19.447251Z,KXWTI15M-26OCT042315-15,0.9990,1.00,yes
2026-10-05T03:14:20.217794Z,KXWTI15M-26OCT042315-15,0.9990,90.16,yes
2026-10-05T03:14:20.217794Z,KXWTI15M-26OCT042315-15,0.9990,300.00,yes
2026-10-05T03:14:20.217794Z,KXWTI15M-26OCT042315-15,0.9990,1.00,yes
2026-10-05T03:14:20.217794Z,KXWTI15M-26OCT042315-15,0.9990,80.00,yes
2026-10-05T03:14:20.217794Z,KXWTI15M-26OCT042315-15,0.9990,25.00,yes
2026-10-05T03:14:21.889999Z,KXWTI15M-26OCT042315-15,0.9980,9.00,no
2026-10-05T03:14:21.889999Z,KXWTI15M-26OCT042315-15,0.9980,1.00,no
2026-10-05T03:14:23.675988Z,KXWTI15M-26OCT042315-15,0.9990,1.00,yes
2026-10-05T03:14:23.675988Z,KXWTI15M-26OCT042315-15,0.9990,9.00,yes
2026-10-05T03:14:23.675988Z,KXWTI15M-26OCT042315-15,0.9990,25.00,yes
2026-10-05T03:14:24.306281Z,KXWTI15M-26OCT042315-15,0.9960,117.62,no
2026-10-05T03:14:24.306281Z,KXWTI15M-26OCT042315-15,0.9980,81.16,no
2026-10-05T03:14:24.306281Z,KXWTI15M-26OCT042315-15,0.9980,50.00,no
2026-10-05T03:14:24.306281Z,KXWTI15M-26OCT042315-15,0.9980,1.00,no
2026-10-05T03:14:24.306281Z,KXWTI15M-26OCT042315-15,0.9980,9.00,no
2026-10-05T03:14:24.306281Z,KXWTI15M-26OCT042315-15,0.9980,30.00,no
2026-10-05T03:14:36.731311Z,KXWTI15M-26OCT042315-15,0.9990,64.42,yes
2026-10-05T03:14:40.058304Z,KXWTI15M-26OCT042315-15,0.9990,117.26,yes
2026-10-05T03:14:40.058304Z,KXWTI15M-26OCT042315-15,0.9990,9.00,yes
2026-10-05T03:14:40.058304Z,KXWTI15M-26OCT042315-15,0.9990,1.00,yes
2026-10-05T03:14:40.058304Z,KXWTI15M-26OCT042315-15,0.9990,16.74,yes
2026-10-05T03:14:40.058304Z,KXWTI15M-26OCT042315-15,0.9990,25.00,yes
2026-10-05T03:14:46.394639Z,KXWTI15M-26OCT042315-15,0.9990,25.00,yes
2026-10-05T03:14:46.394639Z,KXWTI15M-26OCT042315-15,0.9990,0.36,yes
2026-10-05T03:14:47.146317Z,KXWTI15M-26OCT042315-15,0.9990,2.02,no
2026-10-05T03:14:50.305216Z,KXWTI15M-26OCT042315-15,0.9980,5.19,no
2026-10-05T03:14:56.015845Z,KXWTI15M-26OCT042315-15,0.9990,3.00,no
2026-10-05T03:14:56.507364Z,KXWTI15M-26OCT042315-15,0.9990,2.00,no
2026-10-05T03:14:57.048832Z,KXWTI15M-26OCT042315-15,0.9990,1.00,no
2026-10-05T03:14:57.592501Z,KXWTI15M-26OCT042315-15,0.9990,26.00,no
2026-10-05T03:14:58.110979Z,KXWTI15M-26OCT042315-15,0.9980,5.00,no
2026-10-05T03:14:58.110979Z,KXWTI15M-26OCT042315-15,0.9990,13.00,no
2026-10-05T03:14:58.616536Z,KXWTI15M-26OCT042315-15,0.9980,13.00,no
2026-10-05T03:14:59.167921Z,KXWTI15M-26OCT042315-15,0.9990,11.00,no
2026-10-05T03:14:59.660375Z,KXWTI15M-26OCT042315-15,0.9990,3.00,no
2026-10-05T03:12:58.034853Z,KXBTC15M-26OCT042315-15,0.1500,8.55,no
2026-10-05T03:12:58.091517Z,KXBTC15M-26OCT042315-15,0.1500,57.70,no
2026-10-05T03:12:58.110925Z,KXBTC15M-26OCT042315-15,0.1600,5.50,yes
2026-10-05T03:12:58.14474Z,KXBTC15M-26OCT042315-15,0.1500,24.65,no
2026-10-05T03:12:58.148685Z,KXBTC15M-26OCT042315-15,0.1600,150.00,yes
2026-10-05T03:12:58.148685Z,KXBTC15M-26OCT042315-15,0.1600,0.01,yes
2026-10-05T03:12:58.148685Z,KXBTC15M-26OCT042315-15,0.1600,0.01,yes
2026-10-05T03:12:58.148685Z,KXBTC15M-26OCT042315-15,0.1600,1813.48,yes
2026-10-05T03:12:58.148685Z,KXBTC15M-26OCT042315-15,0.1600,198.00,yes
2026-10-05T03:12:58.148685Z,KXBTC15M-26OCT042315-15,0.1600,189.00,yes
2026-10-05T03:12:58.148685Z,KXBTC15M-26OCT042315-15,0.1600,189.50,yes
2026-10-05T03:12:58.160625Z,KXBTC15M-26OCT042315-15,0.1500,808.40,no
2026-10-05T03:12:58.160625Z,KXBTC15M-26OCT042315-15,0.1500,0.01,no
2026-10-05T03:12:58.160625Z,KXBTC15M-26OCT042315-15,0.1500,5.00,no
2026-10-05T03:12:58.160625Z,KXBTC15M-26OCT042315-15,0.1500,0.01,no
2026-10-05T03:12:58.160625Z,KXBTC15M-26OCT042315-15,0.1500,400.00,no
2026-10-05T03:12:58.165555Z,KXBTC15M-26OCT042315-15,0.1600,5.00,yes
2026-10-05T03:12:58.165555Z,KXBTC15M-26OCT042315-15,0.1600,335.28,yes
2026-10-05T03:12:58.165555Z,KXBTC15M-26OCT042315-15,0.1600,1327.52,yes
2026-10-05T03:12:58.18258Z,KXBTC15M-26OCT042315-15,0.1400,1.12,no
2026-10-05T03:12:58.18258Z,KXBTC15M-26OCT042315-15,0.1500,0.01,no
2026-10-05T03:12:58.18258Z,KXBTC15M-26OCT042315-15,0.1500,0.01,no
2026-10-05T03:12:58.188578Z,KXBTC15M-26OCT042315-15,0.1400,26.26,no
2026-10-05T03:12:58.191286Z,KXBTC15M-26OCT042315-15,0.1400,6.62,no
2026-10-05T03:12:58.191286Z,KXBTC15M-26OCT042315-15,0.1400,6.67,no
2026-10-05T03:12:58.193181Z,KXBTC15M-26OCT042315-15,0.1400,336.67,no
2026-10-05T03:12:58.193181Z,KXBTC15M-26OCT042315-15,0.1400,149.33,no
2026-10-05T03:12:58.194603Z,KXBTC15M-26OCT042315-15,0.1400,18.59,no
2026-10-05T03:12:58.194847Z,KXBTC15M-26OCT042315-15,0.1400,5.00,no
2026-10-05T03:12:58.194847Z,KXBTC15M-26OCT042315-15,0.1400,4.09,no
2026-10-05T03:12:58.194847Z,KXBTC15M-26OCT042315-15,0.1400,10.00,no
2026-10-05T03:12:58.195276Z,KXBTC15M-26OCT042315-15,0.1400,5.91,no
2026-10-05T03:12:58.195491Z,KXBTC15M-26OCT042315-15,0.1400,0.01,no
2026-10-05T03:12:58.197637Z,KXBTC15M-26OCT042315-15,0.1300,35.00,no
2026-10-05T03:12:58.197637Z,KXBTC15M-26OCT042315-15,0.1300,2142.85,no
2026-10-05T03:12:58.217618Z,KXBTC15M-26OCT042315-15,0.1200,10.00,no
2026-10-05T03:12:58.241962Z,KXBTC15M-26OCT042315-15,0.1200,18.19,no
2026-10-05T03:12:58.242171Z,KXBTC15M-26OCT042315-15,0.1300,43.45,yes
2026-10-05T03:12:58.242206Z,KXBTC15M-26OCT042315-15,0.1200,18.19,no
2026-10-05T03:12:58.269605Z,KXBTC15M-26OCT042315-15,0.1200,0.02,no
2026-10-05T03:12:58.276605Z,KXBTC15M-26OCT042315-15,0.1300,4.51,yes
2026-10-05T03:12:58.277959Z,KXBTC15M-26OCT042315-15,0.1200,0.02,no
2026-10-05T03:12:58.328254Z,KXBTC15M-26OCT042315-15,0.1300,1.00,yes
2026-10-05T03:12:58.400261Z,KXBTC15M-26OCT042315-15,0.1300,4.00,yes
2026-10-05T03:12:58.400261Z,KXBTC15M-26OCT042315-15,0.1300,31.00,yes
2026-10-05T03:12:58.412797Z,KXBTC15M-26OCT042315-15,0.1300,156.72,yes
2026-10-05T03:12:58.412797Z,KXBTC15M-26OCT042315-15,0.1300,0.01,yes
2026-10-05T03:12:58.412797Z,KXBTC15M-26OCT042315-15,0.1300,185.00,yes
2026-10-05T03:12:58.412797Z,KXBTC15M-26OCT042315-15,0.1300,100.00,yes
2026-10-05T03:12:58.412797Z,KXBTC15M-26OCT042315-15,0.1300,46.26,yes
2026-10-05T03:12:58.412797Z,KXBTC15M-26OCT042315-15,0.1300,0.01,yes
2026-10-05T03:12:58.415104Z,KXBTC15M-26OCT042315-15,0.1300,35.00,yes
2026-10-05T03:12:58.422178Z,KXBTC15M-26OCT042315-15,0.1300,8.28,yes
2026-10-05T03:12:58.422178Z,KXBTC15M-26OCT042315-15,0.1300,3.52,yes
2026-10-05T03:12:58.432172Z,KXBTC15M-26OCT042315-15,0.1200,4.00,no
2026-10-05T03:12:58.441169Z,KXBTC15M-26OCT042315-15,0.1300,111.18,yes
2026-10-05T03:12:58.445649Z,KXBTC15M-26OCT042315-15,0.1200,2.25,no
2026-10-05T03:12:58.448651Z,KXBTC15M-26OCT042315-15,0.1300,5.90,yes
2026-10-05T03:12:58.452344Z,KXBTC15M-26OCT042315-15,0.1400,733.06,yes
2026-10-05T03:12:58.452344Z,KXBTC15M-26OCT042315-15,0.1300,10.00,yes
2026-10-05T03:12:58.452344Z,KXBTC15M-26OCT042315-15,0.1300,51.00,yes
2026-10-05T03:12:58.452344Z,KXBTC15M-26OCT042315-15,0.1400,150.00,yes
2026-10-05T03:12:58.452344Z,KXBTC15M-26OCT042315-15,0.1300,48.00,yes
2026-10-05T03:12:58.452344Z,KXBTC15M-26OCT042315-15,0.1300,0.01,yes
2026-10-05T03:12:58.452344Z,KXBTC15M-26OCT042315-15,0.1300,108.00,yes
2026-10-05T03:12:58.452344Z,KXBTC15M-26OCT042315-15,0.1300,5.00,yes
2026-10-05T03:12:58.452344Z,KXBTC15M-26OCT042315-15,0.1400,5.00,yes
2026-10-05T03:12:58.452344Z,KXBTC15M-26OCT042315-15,0.1300,282.92,yes
2026-10-05T03:12:58.452344Z,KXBTC15M-26OCT042315-15,0.1300,5.00,yes
2026-10-05T03:12:58.452344Z,KXBTC15M-26OCT042315-15,0.1400,156.00,yes
2026-10-05T03:12:58.452344Z,KXBTC15M-26OCT042315-15,0.1300,355.00,yes
2026-10-05T03:12:58.452344Z,KXBTC15M-26OCT042315-15,0.1300,0.01,yes
2026-10-05T03:12:58.452344Z,KXBTC15M-26OCT042315-15,0.1400,99.00,yes
2026-10-05T03:12:58.452344Z,KXBTC15M-26OCT042315-15,0.1400,5.00,yes
2026-10-05T03:12:58.452344Z,KXBTC15M-26OCT042315-15,0.1400,6.00,yes
2026-10-05T03:12:58.452344Z,KXBTC15M-26OCT042315-15,0.1300,1.00,yes
2026-10-05T03:12:58.462685Z,KXBTC15M-26OCT042315-15,0.1300,100.00,yes
2026-10-05T03:12:58.462685Z,KXBTC15M-26OCT042315-15,0.1300,5.00,yes
2026-10-05T03:12:58.462685Z,KXBTC15M-26OCT042315-15,0.1300,0.01,yes
2026-10-05T03:12:58.462685Z,KXBTC15M-26OCT042315-15,0.1300,1.00,yes
2026-10-05T03:12:58.545737Z,KXBTC15M-26OCT042315-15,0.1400,7.08,yes
2026-10-05T03:12:58.561773Z,KXBTC15M-26OCT042315-15,0.1400,5.81,yes
2026-10-05T03:12:58.561773Z,KXBTC15M-26OCT042315-15,0.1400,43.46,yes
2026-10-05T03:12:58.561773Z,KXBTC15M-26OCT042315-15,0.1400,70.92,yes
2026-10-05T03:12:58.561773Z,KXBTC15M-26OCT042315-15,0.1400,5.81,yes
2026-10-05T03:12:58.620148Z,KXBTC15M-26OCT042315-15,0.1300,59.32,no
2026-10-05T03:12:58.684467Z,KXBTC15M-26OCT042315-15,0.1400,0.99,yes
2026-10-05T03:12:58.697039Z,KXBTC15M-26OCT042315-15,0.1300,1.62,no
2026-10-05T03:12:58.707531Z,KXBTC15M-26OCT042315-15,0.1300,32.04,no
2026-10-05T03:12:58.769114Z,KXBTC15M-26OCT042315-15,0.1300,5.63,no
2026-10-05T03:12:58.875989Z,KXBTC15M-26OCT042315-15,0.1300,21.55,no
2026-10-05T03:12:58.878295Z,KXBTC15M-26OCT042315-15,0.1300,56.95,no
2026-10-05T03:12:58.882687Z,KXBTC15M-26OCT042315-15,0.1300,7.38,no
2026-10-05T03:12:58.973659Z,KXBTC15M-26OCT042315-15,0.1300,90.43,no
2026-10-05T03:12:59.067336Z,KXBTC15M-26OCT042315-15,0.1400,5.00,yes
2026-10-05T03:12:59.067336Z,KXBTC15M-26OCT042315-15,0.1400,5.00,yes
2026-10-05T03:12:59.067336Z,KXBTC15M-26OCT042315-15,0.1400,0.01,yes
2026-10-05T03:12:59.067336Z,KXBTC15M-26OCT042315-15,0.1400,0.01,yes
2026-10-05T03:12:59.067336Z,KXBTC15M-26OCT042315-15,0.1400,53.55,yes
2026-10-05T03:12:59.067336Z,KXBTC15M-26OCT042315-15,0.1400,3.80,yes
2026-10-05T03:12:59.089605Z,KXBTC15M-26OCT042315-15,0.1400,33.68,yes
2026-10-05T03:12:59.12732Z,KXBTC15M-26OCT042315-15,0.1400,67.37,yes
2026-10-05T03:12:59.133887Z,KXBTC15M-26OCT042315-15,0.1300,3.28,no
2026-10-05T03:12:59.141358Z,KXBTC15M-26OCT042315-15,0.1300,56.95,no
2026-10-05T03:12:59.175316Z,KXBTC15M-26OCT042315-15,0.1400,31.18,yes
2026-10-05T03:12:59.184634Z,KXBTC15M-26OCT042315-15,0.1300,200.00,no
2026-10-05T03:12:59.199985Z,KXBTC15M-26OCT042315-15,0.1400,1.00,yes
2026-10-05T03:12:59.208656Z,KXBTC15M-26OCT042315-15,0.1400,13.47,yes
2026-10-05T03:12:59.209679Z,KXBTC15M-26OCT042315-15,0.1400,1.23,yes
2026-10-05T03:12:59.215072Z,KXBTC15M-26OCT042315-15,0.1300,7.25,no
2026-10-05T03:12:59.231409Z,KXBTC15M-26OCT042315-15,0.1300,70.05,no
2026-10-05T03:12:59.249028Z,KXBTC15M-26OCT042315-15,0.1400,13.47,yes
2026-10-05T03:12:59.275574Z,KXBTC15M-26OCT042315-15,0.1300,141.24,no
2026-10-05T03:12:59.281666Z,KXBTC15M-26OCT042315-15,0.1400,10.00,yes
2026-10-05T03:12:59.288853Z,KXBTC15M-26OCT042315-15,0.1400,1.20,yes
2026-10-05T03:12:59.310389Z,KXBTC15M-26OCT042315-15,0.1400,1.00,yes
2026-10-05T03:12:59.329157Z,KXBTC15M-26OCT042315-15,0.1400,6.73,yes
2026-10-05T03:12:59.347339Z,KXBTC15M-26OCT042315-15,0.1400,15.49,yes
2026-10-05T03:12:59.375723Z,KXBTC15M-26OCT042315-15,0.1300,17.61,no
2026-10-05T03:12:59.394302Z,KXBTC15M-26OCT042315-15,0.1400,134.74,yes
2026-10-05T03:12:59.414623Z,KXBTC15M-26OCT042315-15,0.1300,1.09,no
2026-10-05T03:12:59.423497Z,KXBTC15M-26OCT042315-15,0.1400,10.00,yes
2026-10-05T03:12:59.446839Z,KXBTC15M-26OCT042315-15,0.1300,21.92,no
2026-10-05T03:12:59.47048Z,KXBTC15M-26OCT042315-15,0.1300,20.00,no
2026-10-05T03:12:59.51331Z,KXBTC15M-26OCT042315-15,0.1300,95.67,no
2026-10-05T03:12:59.518368Z,KXBTC15M-26OCT042315-15,0.1300,67.68,no
2026-10-05T03:12:59.556967Z,KXBTC15M-26OCT042315-15,0.1400,13.47,yes
2026-10-05T03:12:59.561521Z,KXBTC15M-26OCT042315-15,0.1400,5.25,yes
2026-10-05T03:12:59.577927Z,KXBTC15M-26OCT042315-15,0.1400,20.21,yes
2026-10-05T03:12:59.580254Z,KXBTC15M-26OCT042315-15,0.1400,6.23,yes
2026-10-05T03:12:59.608403Z,KXBTC15M-26OCT042315-15,0.1300,228.43,no
2026-10-05T03:12:59.617726Z,KXBTC15M-26OCT042315-15,0.1300,192.00,no
2026-10-05T03:12:59.64353Z,KXBTC15M-26OCT042315-15,0.1300,0.10,no
2026-10-05T03:12:59.658624Z,KXBTC15M-26OCT042315-15,0.1300,40.22,no
2026-10-05T03:12:59.659131Z,KXBTC15M-26OCT042315-15,0.1400,6.73,yes
2026-10-05T03:12:59.664111Z,KXBTC15M-26OCT042315-15,0.1300,70.00,no
2026-10-05T03:12:59.664111Z,KXBTC15M-26OCT042315-15,0.1300,25.56,no
2026-10-05T03:12:59.664111Z,KXBTC15M-26OCT042315-15,0.1300,755.58,no
2026-10-05T03:12:59.671106Z,KXBTC15M-26OCT042315-15,0.1300,10.00,no
2026-10-05T03:12:59.671106Z,KXBTC15M-26OCT042315-15,0.1300,31.13,no
2026-10-05T03:12:59.671106Z,KXBTC15M-26OCT042315-15,0.1300,44.44,no
2026-10-05T03:12:59.700826Z,KXBTC15M-26OCT042315-15,0.1300,16.42,no
2026-10-05T03:12:59.713658Z,KXBTC15M-26OCT042315-15,0.1300,70.00,no
2026-10-05T03:12:59.713658Z,KXBTC15M-26OCT042315-15,0.1300,42.58,no
2026-10-05T03:12:59.713658Z,KXBTC15M-26OCT042315-15,0.1300,22.45,no
2026-10-05T03:12:59.713658Z,KXBTC15M-26OCT042315-15,0.1300,70.00,no
2026-10-05T03:12:59.726901Z,KXBTC15M-26OCT042315-15,0.1400,1.25,yes
2026-10-05T03:12:59.726901Z,KXBTC15M-26OCT042315-15,0.1400,3.75,yes
2026-10-05T03:12:59.756115Z,KXBTC15M-26OCT042315-15,0.1400,1.68,yes
2026-10-05T03:12:59.776251Z,KXBTC15M-26OCT042315-15,0.1300,18.22,no
2026-10-05T03:12:59.786443Z,KXBTC15M-26OCT042315-15,0.1300,3.59,no
2026-10-05T03:12:59.798849Z,KXBTC15M-26OCT042315-15,0.1400,67.37,yes
2026-10-05T03:12:59.853919Z,KXBTC15M-26OCT042315-15,0.1400,2.96,yes
2026-10-05T03:12:59.856029Z,KXBTC15M-26OCT042315-15,0.1300,57.47,no
2026-10-05T03:12:59.866074Z,KXBTC15M-26OCT042315-15,0.1300,136.68,no
2026-10-05T03:12:59.931944Z,KXBTC15M-26OCT042315-15,0.1400,0.01,yes
2026-10-05T03:12:59.931944Z,KXBTC15M-26OCT042315-15,0.1400,0.01,yes
2026-10-05T03:12:59.931944Z,KXBTC15M-26OCT042315-15,0.1400,3.34,yes
2026-10-05T03:12:59.986225Z,KXBTC15M-26OCT042315-15,0.1300,141.50,no
2026-10-05T03:13:00.000288Z,KXBTC15M-26OCT042315-15,0.1300,14.44,no
2026-10-05T03:13:00.031235Z,KXBTC15M-26OCT042315-15,0.1300,5.00,no
2026-10-05T03:13:00.078182Z,KXBTC15M-26OCT042315-15,0.1300,49.01,no
2026-10-05T03:13:00.104272Z,KXBTC15M-26OCT042315-15,0.1400,67.00,yes
2026-10-05T03:13:00.128559Z,KXBTC15M-26OCT042315-15,0.1300,26.28,no
2026-10-05T03:13:00.13274Z,KXBTC15M-26OCT042315-15,0.1300,0.21,no
2026-10-05T03:13:00.188331Z,KXBTC15M-26OCT042315-15,0.1300,22.00,no
2026-10-05T03:13:00.193988Z,KXBTC15M-26OCT042315-15,0.1300,1159.41,no
2026-10-05T03:13:00.24884Z,KXBTC15M-26OCT042315-15,0.1300,28.07,no
2026-10-05T03:13:00.296781Z,KXBTC15M-26OCT042315-15,0.1400,100.00,yes
2026-10-05T03:13:00.345688Z,KXBTC15M-26OCT042315-15,0.1300,17.21,no
2026-10-05T03:13:00.379744Z,KXBTC15M-26OCT042315-15,0.0900,11.00,no
2026-10-05T03:13:00.379744Z,KXBTC15M-26OCT042315-15,0.1000,0.63,no
2026-10-05T03:13:00.379744Z,KXBTC15M-26OCT042315-15,0.1000,1625.47,no
2026-10-05T03:13:00.379744Z,KXBTC15M-26OCT042315-15,0.1000,5.00,no
2026-10-05T03:13:00.379744Z,KXBTC15M-26OCT042315-15,0.0900,6.16,no
2026-10-05T03:13:00.379744Z,KXBTC15M-26OCT042315-15,0.0870,10.00,no
2026-10-05T03:13:00.379744Z,KXBTC15M-26OCT042315-15,0.0830,6.00,no
2026-10-05T03:13:00.379744Z,KXBTC15M-26OCT042315-15,0.1300,800.00,no
2026-10-05T03:13:00.379744Z,KXBTC15M-26OCT042315-15,0.1300,0.05,no
2026-10-05T03:13:00.379744Z,KXBTC15M-26OCT042315-15,0.1000,1.00,no
2026-10-05T03:13:00.379744Z,KXBTC15M-26OCT042315-15,0.0850,48.13,no
2026-10-05T03:13:00.379744Z,KXBTC15M-26OCT042315-15,0.1300,500.00,no
2026-10-05T03:13:00.379744Z,KXBTC15M-26OCT042315-15,0.1200,800.00,no
2026-10-05T03:13:00.379744Z,KXBTC15M-26OCT042315-15,0.1000,55.00,no
2026-10-05T03:13:00.379744Z,KXBTC15M-26OCT042315-15,0.1000,110.00,no
2026-10-05T03:13:00.379744Z,KXBTC15M-26OCT042315-15,0.1000,71.00,no
2026-10-05T03:13:00.379744Z,KXBTC15M-26OCT042315-15,0.1300,329.54,no
2026-10-05T03:13:00.379744Z,KXBTC15M-26OCT042315-15,0.1100,150.00,no
2026-10-05T03:13:00.379744Z,KXBTC15M-26OCT042315-15,0.1100,5.00,no
2026-10-05T03:13:00.379744Z,KXBTC15M-26OCT042315-15,0.1100,100.00,no
2026-10-05T03:13:00.379744Z,KXBTC15M-26OCT042315-15,0.0980,5.00,no
2026-10-05T03:13:00.379744Z,KXBTC15M-26OCT042315-15,0.0990,1.00,no
2026-10-05T03:13:00.379744Z,KXBTC15M-26OCT042315-15,0.1300,400.00,no
2026-10-05T03:13:00.379744Z,KXBTC15M-26OCT042315-15,0.1300,62.00,no
2026-10-05T03:13:00.379744Z,KXBTC15M-26OCT042315-15,0.1300,98.00,no
2026-10-05T03:13:00.379744Z,KXBTC15M-26OCT042315-15,0.1300,1.17,no
2026-10-05T03:13:00.379744Z,KXBTC15M-26OCT042315-15,0.1000,5.00,no
2026-10-05T03:13:00.379744Z,KXBTC15M-26OCT042315-15,0.1200,93.75,no
2026-10-05T03:13:00.379744Z,KXBTC15M-26OCT042315-15,0.1000,5.00,no
2026-10-05T03:13:00.379744Z,KXBTC15M-26OCT042315-15,0.0900,1.00,no
2026-10-05T03:13:00.379744Z,KXBTC15M-26OCT042315-15,0.1200,15.00,no
2026-10-05T03:13:00.379744Z,KXBTC15M-26OCT042315-15,0.0820,10.00,no
2026-10-05T03:13:00.379744Z,KXBTC15M-26OCT042315-15,0.0930,53.00,no
2026-10-05T03:13:00.379744Z,KXBTC15M-26OCT042315-15,0.1100,10.00,no
2026-10-05T03:13:00.379744Z,KXBTC15M-26OCT042315-15,0.0990,5.00,no
2026-10-05T03:13:00.379744Z,KXBTC15M-26OCT042315-15,0.1300,0.01,no
2026-10-05T03:13:00.379744Z,KXBTC15M-26OCT042315-15,0.1200,15.00,no
2026-10-05T03:13:00.379744Z,KXBTC15M-26OCT042315-15,0.1200,93.75,no
2026-10-05T03:13:00.379744Z,KXBTC15M-26OCT042315-15,0.1200,138.00,no
2026-10-05T03:13:00.379744Z,KXBTC15M-26OCT042315-15,0.0900,25.00,no
2026-10-05T03:13:00.379744Z,KXBTC15M-26OCT042315-15,0.1300,4.00,no
2026-10-05T03:13:00.379744Z,KXBTC15M-26OCT042315-15,0.0990,5.00,no
2026-10-05T03:13:00.379744Z,KXBTC15M-26OCT042315-15,0.1100,200.00,no
2026-10-05T03:13:00.379744Z,KXBTC15M-26OCT042315-15,0.1300,126.00,no
2026-10-05T03:13:00.379744Z,KXBTC15M-26OCT042315-15,0.1200,64.00,no
2026-10-05T03:13:00.379744Z,KXBTC15M-26OCT042315-15,0.1300,42.00,no
2026-10-05T03:13:00.379744Z,KXBTC15M-26OCT042315-15,0.1300,1419.33,no
2026-10-05T03:13:00.379744Z,KXBTC15M-26OCT042315-15,0.1200,46.00,no
2026-10-05T03:13:00.379744Z,KXBTC15M-26OCT042315-15,0.1300,0.01,no
2026-10-05T03:13:00.379744Z,KXBTC15M-26OCT042315-15,0.1200,64.00,no
2026-10-05T03:13:00.379744Z,KXBTC15M-26OCT042315-15,0.1300,6.00,no
2026-10-05T03:13:00.379744Z,KXBTC15M-26OCT042315-15,0.0900,55.00,no
2026-10-05T03:13:00.379744Z,KXBTC15M-26OCT042315-15,0.0900,1300.00,no
2026-10-05T03:13:00.379744Z,KXBTC15M-26OCT042315-15,0.1300,1.12,no
2026-10-05T03:13:00.379744Z,KXBTC15M-26OCT042315-15,0.1100,61.00,no
2026-10-05T03:13:00.379744Z,KXBTC15M-26OCT042315-15,0.1000,25.00,no
2026-10-05T03:13:00.379744Z,KXBTC15M-26OCT042315-15,0.0900,1.00,no
2026-10-05T03:13:00.379744Z,KXBTC15M-26OCT042315-15,0.1100,6.00,no
2026-10-05T03:13:00.379744Z,KXBTC15M-26OCT042315-15,0.1200,994.33,no
2026-10-05T03:13:00.379744Z,KXBTC15M-26OCT042315-15,0.0870,1047.00,no
2026-10-05T03:13:00.379744Z,KXBTC15M-26OCT042315-15,0.0930,1047.00,no
2026-10-05T03:13:00.379744Z,KXBTC15M-26OCT042315-15,0.0910,1047.00,no
2026-10-05T03:13:00.379744Z,KXBTC15M-26OCT042315-15,0.1100,1047.00,no
2026-10-05T03:13:00.379744Z,KXBTC15M-26OCT042315-15,0.0990,1047.00,no
2026-10-05T03:13:00.379744Z,KXBTC15M-26OCT042315-15,0.0960,1047.00,no
2026-10-05T03:13:00.379744Z,KXBTC15M-26OCT042315-15,0.0810,701.92,no
2026-10-05T03:13:00.379744Z,KXBTC15M-26OCT042315-15,0.0840,1047.00,no
2026-10-05T03:13:00.394668Z,KXBTC15M-26OCT042315-15,0.0950,229.00,yes
2026-10-05T03:13:00.400705Z,KXBTC15M-26OCT042315-15,0.0950,582.87,yes
2026-10-05T03:13:00.401482Z,KXBTC15M-26OCT042315-15,0.0950,235.13,yes
2026-10-05T03:13:00.401482Z,KXBTC15M-26OCT042315-15,0.0950,0.01,yes
2026-10-05T03:13:00.401482Z,KXBTC15M-26OCT042315-15,0.0950,0.01,yes
2026-10-05T03:13:00.402154Z,KXBTC15M-26OCT042315-15,0.0970,0.01,yes
2026-10-05T03:13:00.415914Z,KXBTC15M-26OCT042315-15,0.0950,13.46,yes
2026-10-05T03:13:00.415914Z,KXBTC15M-26OCT042315-15,0.0950,0.01,yes
2026-10-05T03:13:00.41939Z,KXBTC15M-26OCT042315-15,0.0950,72.00,yes
2026-10-05T03:13:00.421341Z,KXBTC15M-26OCT042315-15,0.0960,200.00,yes
2026-10-05T03:13:00.421341Z,KXBTC15M-26OCT042315-15,0.0970,17.99,yes
2026-10-05T03:13:00.421341Z,KXBTC15M-26OCT042315-15,0.0960,0.01,yes
2026-10-05T03:13:00.421341Z,KXBTC15M-26OCT042315-15,0.0960,7.00,yes
2026-10-05T03:13:00.421536Z,KXBTC15M-26OCT042315-15,0.0970,13.47,yes
2026-10-05T03:13:00.443885Z,KXBTC15M-26OCT042315-15,0.0970,0.01,yes
2026-10-05T03:13:00.443885Z,KXBTC15M-26OCT042315-15,0.0970,7.00,yes
2026-10-05T03:13:00.443885Z,KXBTC15M-26OCT042315-15,0.0980,117.68,yes
2026-10-05T03:13:00.443885Z,KXBTC15M-26OCT042315-15,0.0970,0.01,yes
2026-10-05T03:13:00.460801Z,KXBTC15M-26OCT042315-15,0.0970,0.06,yes
2026-10-05T03:13:00.474815Z,KXBTC15M-26OCT042315-15,0.0970,0.01,yes
2026-10-05T03:13:00.474815Z,KXBTC15M-26OCT042315-15,0.0970,0.01,yes
2026-10-05T03:13:00.474815Z,KXBTC15M-26OCT042315-15,0.0970,0.71,yes
2026-10-05T03:13:00.477054Z,KXBTC15M-26OCT042315-15,0.0970,122.00,yes
2026-10-05T03:13:00.487377Z,KXBTC15M-26OCT042315-15,0.0970,0.01,yes
2026-10-05T03:13:00.487377Z,KXBTC15M-26OCT042315-15,0.0970,77.29,yes
2026-10-05T03:13:00.487377Z,KXBTC15M-26OCT042315-15,0.0980,295.54,yes
2026-10-05T03:13:00.487377Z,KXBTC15M-26OCT042315-15,0.0970,0.01,yes
2026-10-05T03:13:00.554983Z,KXBTC15M-26OCT042315-15,0.0970,0.01,yes
2026-10-05T03:13:00.554983Z,KXBTC15M-26OCT042315-15,0.0970,0.01,yes
2026-10-05T03:13:00.554983Z,KXBTC15M-26OCT042315-15,0.0980,9.98,yes
2026-10-05T03:13:00.630161Z,KXBTC15M-26OCT042315-15,0.0980,33.68,yes
2026-10-05T03:13:00.646586Z,KXBTC15M-26OCT042315-15,0.0980,13.47,yes
2026-10-05T03:13:00.665158Z,KXBTC15M-26OCT042315-15,0.0970,0.50,no
2026-10-05T03:13:00.681371Z,KXBTC15M-26OCT042315-15,0.0970,1.50,no
2026-10-05T03:13:00.681371Z,KXBTC15M-26OCT042315-15,0.0970,0.51,no
2026-10-05T03:13:00.687251Z,KXBTC15M-26OCT042315-15,0.0980,13.00,yes
2026-10-05T03:13:00.695028Z,KXBTC15M-26OCT042315-15,0.0980,30.00,yes
2026-10-05T03:13:00.695562Z,KXBTC15M-26OCT042315-15,0.0970,1.49,no
2026-10-05T03:13:00.695562Z,KXBTC15M-26OCT042315-15,0.0970,0.01,no
2026-10-05T03:13:00.695562Z,KXBTC15M-26OCT042315-15,0.0970,269.04,no
2026-10-05T03:13:00.695562Z,KXBTC15M-26OCT042315-15,0.0970,0.01,no
2026-10-05T03:13:00.696444Z,KXBTC15M-26OCT042315-15,0.0980,6.73,yes
2026-10-05T03:13:00.702766Z,KXBTC15M-26OCT042315-15,0.0980,13.00,yes
2026-10-05T03:13:00.705971Z,KXBTC15M-26OCT042315-15,0.0980,13.00,yes
2026-10-05T03:13:00.708924Z,KXBTC15M-26OCT042315-15,0.0970,1.09,no
2026-10-05T03:13:00.712405Z,KXBTC15M-26OCT042315-15,0.0980,10.00,yes
2026-10-05T03:13:00.721697Z,KXBTC15M-26OCT042315-15,0.0980,5.05,yes
2026-10-05T03:13:00.722168Z,KXBTC15M-26OCT042315-15,0.0980,23.00,yes
2026-10-05T03:13:00.729868Z,KXBTC15M-26OCT042315-15,0.0980,147.00,yes
2026-10-05T03:13:00.740222Z,KXBTC15M-26OCT042315-15,0.0980,5.93,yes
2026-10-05T03:13:00.753795Z,KXBTC15M-26OCT042315-15,0.0980,206.18,yes
2026-10-05T03:13:00.790319Z,KXBTC15M-26OCT042315-15,0.0980,0.01,yes
2026-10-05T03:13:00.790319Z,KXBTC15M-26OCT042315-15,0.0980,103.76,yes
2026-10-05T03:13:00.790319Z,KXBTC15M-26OCT042315-15,0.0980,0.01,yes
2026-10-05T03:13:00.790319Z,KXBTC15M-26OCT042315-15,0.0980,456.88,yes
2026-10-05T03:13:00.790319Z,KXBTC15M-26OCT042315-15,0.0980,479.34,yes
2026-10-05T03:13:00.805608Z,KXBTC15M-26OCT042315-15,0.0980,0.01,yes
2026-10-05T03:13:00.805608Z,KXBTC15M-26OCT042315-15,0.0980,24.49,yes
2026-10-05T03:13:00.805608Z,KXBTC15M-26OCT042315-15,0.0980,0.01,yes
2026-10-05T03:13:00.805608Z,KXBTC15M-26OCT042315-15,0.0980,90.88,yes
2026-10-05T03:13:00.81903Z,KXBTC15M-26OCT042315-15,0.0980,1.24,yes
2026-10-05T03:13:00.826415Z,KXBTC15M-26OCT042315-15,0.1000,25.27,yes
2026-10-05T03:13:00.826415Z,KXBTC15M-26OCT042315-15,0.0980,0.01,yes
2026-10-05T03:13:00.826415Z,KXBTC15M-26OCT042315-15,0.0980,17.27,yes
2026-10-05T03:13:00.826415Z,KXBTC15M-26OCT042315-15,0.0980,0.01,yes
2026-10-05T03:13:00.845992Z,KXBTC15M-26OCT042315-15,0.0980,0.01,yes
2026-10-05T03:13:00.848465Z,KXBTC15M-26OCT042315-15,0.1000,174.73,yes
2026-10-05T03:13:00.848465Z,KXBTC15M-26OCT042315-15,0.1000,1047.00,yes
2026-10-05T03:13:00.849076Z,KXBTC15M-26OCT042315-15,0.1100,656.60,yes
2026-10-05T03:13:00.849076Z,KXBTC15M-26OCT042315-15,0.1100,126.00,yes
2026-10-05T03:13:00.849076Z,KXBTC15M-26OCT042315-15,0.1100,1047.00,yes
2026-10-05T03:13:00.849076Z,KXBTC15M-26OCT042315-15,0.1100,150.00,yes
2026-10-05T03:13:00.849076Z,KXBTC15M-26OCT042315-15,0.1100,24.00,yes
2026-10-05T03:13:00.853179Z,KXBTC15M-26OCT042315-15,0.1000,0.01,yes
2026-10-05T03:13:00.853179Z,KXBTC15M-26OCT042315-15,0.1200,7.00,yes
2026-10-05T03:13:00.853179Z,KXBTC15M-26OCT042315-15,0.1200,10.00,yes
2026-10-05T03:13:00.853241Z,KXBTC15M-26OCT042315-15,0.1300,0.02,yes
2026-10-05T03:13:00.853251Z,KXBTC15M-26OCT042315-15,0.1300,0.02,yes
2026-10-05T03:13:00.853449Z,KXBTC15M-26OCT042315-15,0.1300,1046.96,yes
2026-10-05T03:13:00.853449Z,KXBTC15M-26OCT042315-15,0.1300,26.00,yes
2026-10-05T03:13:00.854523Z,KXBTC15M-26OCT042315-15,0.1100,7.00,yes
2026-10-05T03:13:00.855236Z,KXBTC15M-26OCT042315-15,0.1400,10.00,yes
2026-10-05T03:13:00.856103Z,KXBTC15M-26OCT042315-15,0.1000,6.00,yes
2026-10-05T03:13:00.86063Z,KXBTC15M-26OCT042315-15,0.1200,7.00,yes
2026-10-05T03:13:00.863633Z,KXBTC15M-26OCT042315-15,0.1400,6.00,yes
2026-10-05T03:13:00.863633Z,KXBTC15M-26OCT042315-15,0.1400,0.95,yes
2026-10-05T03:13:00.864287Z,KXBTC15M-26OCT042315-15,0.1500,239.29,yes
2026-10-05T03:13:00.867002Z,KXBTC15M-26OCT042315-15,0.1400,14.00,yes
2026-10-05T03:13:00.86793Z,KXBTC15M-26OCT042315-15,0.1400,82.99,yes
2026-10-05T03:13:00.868435Z,KXBTC15M-26OCT042315-15,0.1400,25.04,yes
2026-10-05T03:13:00.868687Z,KXBTC15M-26OCT042315-15,0.1400,5.00,yes
2026-10-05T03:13:00.868825Z,KXBTC15M-26OCT042315-15,0.1500,60.71,yes
2026-10-05T03:13:00.868825Z,KXBTC15M-26OCT042315-15,0.1500,4.74,yes
2026-10-05T03:13:00.868825Z,KXBTC15M-26OCT042315-15,0.1500,6.00,yes
2026-10-05T03:13:00.869775Z,KXBTC15M-26OCT042315-15,0.1600,0.99,yes
2026-10-05T03:13:00.872356Z,KXBTC15M-26OCT042315-15,0.1600,178.05,yes
2026-10-05T03:13:00.872356Z,KXBTC15M-26OCT042315-15,0.1600,0.01,yes
2026-10-05T03:13:00.876998Z,KXBTC15M-26OCT042315-15,0.1600,5.00,yes
2026-10-05T03:13:00.876998Z,KXBTC15M-26OCT042315-15,0.1600,21.95,yes
2026-10-05T03:13:00.889905Z,KXBTC15M-26OCT042315-15,0.1700,10.00,yes
2026-10-05T03:13:00.892344Z,KXBTC15M-26OCT042315-15,0.1600,50.00,no
2026-10-05T03:13:00.89935Z,KXBTC15M-26OCT042315-15,0.1600,5.00,no
2026-10-05T03:13:00.900785Z,KXBTC15M-26OCT042315-15,0.1700,8.99,yes
2026-10-05T03:13:00.911853Z,KXBTC15M-26OCT042315-15,0.1700,0.38,yes
2026-10-05T03:13:00.917159Z,KXBTC15M-26OCT042315-15,0.1700,74.00,yes
2026-10-05T03:13:00.917159Z,KXBTC15M-26OCT042315-15,0.1700,1.00,yes
2026-10-05T03:13:00.917159Z,KXBTC15M-26OCT042315-15,0.1700,79.63,yes
2026-10-05T03:13:00.928972Z,KXBTC15M-26OCT042315-15,0.1700,5.25,no
2026-10-05T03:13:00.947107Z,KXBTC15M-26OCT042315-15,0.1700,5.00,no
2026-10-05T03:13:00.950492Z,KXBTC15M-26OCT042315-15,0.1700,50.00,no
2026-10-05T03:13:00.976076Z,KXBTC15M-26OCT042315-15,0.1700,0.01,no
2026-10-05T03:13:00.976076Z,KXBTC15M-26OCT042315-15,0.1700,1.16,no
2026-10-05T03:13:00.976076Z,KXBTC15M-26OCT042315-15,0.1700,0.01,no
2026-10-05T03:13:00.976076Z,KXBTC15M-26OCT042315-15,0.1700,0.01,no
2026-10-05T03:13:00.976076Z,KXBTC15M-26OCT042315-15,0.1700,83.14,no
2026-10-05T03:13:00.976076Z,KXBTC15M-26OCT042315-15,0.1700,128.00,no
2026-10-05T03:13:00.976076Z,KXBTC15M-26OCT042315-15,0.1700,3080.75,no
2026-10-05T03:13:00.978723Z,KXBTC15M-26OCT042315-15,0.1700,13.86,no
2026-10-05T03:13:00.978723Z,KXBTC15M-26OCT042315-15,0.1700,12.40,no
2026-10-05T03:13:00.989979Z,KXBTC15M-26OCT042315-15,0.1700,3.95,no
2026-10-05T03:13:00.993527Z,KXBTC15M-26OCT042315-15,0.1700,16.42,no
2026-10-05T03:13:01.004737Z,KXBTC15M-26OCT042315-15,0.1700,0.01,no
2026-10-05T03:13:01.004737Z,KXBTC15M-26OCT042315-15,0.1700,0.01,no
2026-10-05T03:13:01.004737Z,KXBTC15M-26OCT042315-15,0.1700,0.01,no
2026-10-05T03:13:01.004737Z,KXBTC15M-26OCT042315-15,0.1600,50.34,no
2026-10-05T03:13:01.004737Z,KXBTC15M-26OCT042315-15,0.1700,100.00,no
2026-10-05T03:13:01.004737Z,KXBTC15M-26OCT042315-15,0.1700,379.63,no
2026-10-05T03:13:01.02193Z,KXBTC15M-26OCT042315-15,0.1700,79.32,yes
2026-10-05T03:13:01.024325Z,KXBTC15M-26OCT042315-15,0.1600,0.01,no
2026-10-05T03:13:01.024325Z,KXBTC15M-26OCT042315-15,0.1600,6.32,no
2026-10-05T03:13:01.024325Z,KXBTC15M-26OCT042315-15,0.1600,49.66,no
2026-10-05T03:13:01.024325Z,KXBTC15M-26OCT042315-15,0.1600,0.01,no
2026-10-05T03:13:01.031503Z,KXBTC15M-26OCT042315-15,0.1600,39.05,no
2026-10-05T03:13:01.032035Z,KXBTC15M-26OCT042315-15,0.1600,5.66,no
2026-10-05T03:13:01.089844Z,KXBTC15M-26OCT042315-15,0.1600,36.00,no
2026-10-05T03:13:01.104415Z,KXBTC15M-26OCT042315-15,0.1600,4.98,no
2026-10-05T03:13:01.112897Z,KXBTC15M-26OCT042315-15,0.1600,1.00,no
2026-10-05T03:13:01.113195Z,KXBTC15M-26OCT042315-15,0.1600,1.00,no
2026-10-05T03:13:01.1131Z,KXBTC15M-26OCT042315-15,0.1600,1.00,no
2026-10-05T03:13:01.172359Z,KXBTC15M-26OCT042315-15,0.1600,5.00,no
2026-10-05T03:13:01.189591Z,KXBTC15M-26OCT042315-15,0.1600,4.51,no
2026-10-05T03:13:01.196406Z,KXBTC15M-26OCT042315-15,0.1600,29.05,no
2026-10-05T03:13:01.199461Z,KXBTC15M-26OCT042315-15,0.1600,66.43,no
2026-10-05T03:13:01.199461Z,KXBTC15M-26OCT042315-15,0.1600,10.00,no
2026-10-05T03:13:01.199461Z,KXBTC15M-26OCT042315-15,0.1600,21.83,no
2026-10-05T03:13:01.213737Z,KXBTC15M-26OCT042315-15,0.1700,5.99,yes
2026-10-05T03:13:01.238544Z,KXBTC15M-26OCT042315-15,0.1600,11.66,no
2026-10-05T03:13:01.263847Z,KXBTC15M-26OCT042315-15,0.1700,52.57,yes
2026-10-05T03:13:01.275787Z,KXBTC15M-26OCT042315-15,0.1600,29.31,no
2026-10-05T03:13:01.287135Z,KXBTC15M-26OCT042315-15,0.1600,7.84,no
2026-10-05T03:13:01.317465Z,KXBTC15M-26OCT042315-15,0.1600,83.63,no
2026-10-05T03:13:01.317465Z,KXBTC15M-26OCT042315-15,0.1600,0.01,no
2026-10-05T03:13:01.317465Z,KXBTC15M-26OCT042315-15,0.1600,28.36,no
2026-10-05T03:13:01.355159Z,KXBTC15M-26OCT042315-15,0.1700,183.22,yes
2026-10-05T03:13:01.355159Z,KXBTC15M-26OCT042315-15,0.1700,62.12,yes
2026-10-05T03:13:01.362904Z,KXBTC15M-26OCT042315-15,0.1700,16.67,yes
2026-10-05T03:13:01.395488Z,KXBTC15M-26OCT042315-15,0.1600,5.05,no
2026-10-05T03:13:01.399514Z,KXBTC15M-26OCT042315-15,0.1600,9.02,no
2026-10-05T03:13:01.424539Z,KXBTC15M-26OCT042315-15,0.1600,26.82,no
2026-10-05T03:13:01.514378Z,KXBTC15M-26OCT042315-15,0.1600,3.30,no
2026-10-05T03:13:01.566772Z,KXBTC15M-26OCT042315-15,0.1600,0.11,no
2026-10-05T03:13:01.570023Z,KXBTC15M-26OCT042315-15,0.1600,59.00,no
2026-10-05T03:13:01.574962Z,KXBTC15M-26OCT042315-15,0.1600,1.16,no
2026-10-05T03:13:01.666432Z,KXBTC15M-26OCT042315-15,0.1600,114.29,no
2026-10-05T03:13:01.728608Z,KXBTC15M-26OCT042315-15,0.1600,6.00,no
2026-10-05T03:13:01.728608Z,KXBTC15M-26OCT042315-15,0.1600,54.17,no
2026-10-05T03:13:01.728608Z,KXBTC15M-26OCT042315-15,0.1600,97.62,no
2026-10-05T03:13:01.728608Z,KXBTC15M-26OCT042315-15,0.1600,0.01,no
2026-10-05T03:13:01.728608Z,KXBTC15M-26OCT042315-15,0.1600,34.00,no
2026-10-05T03:13:01.754398Z,KXBTC15M-26OCT042315-15,0.1700,1.27,yes
2026-10-05T03:13:01.766906Z,KXBTC15M-26OCT042315-15,0.1600,4.70,no
2026-10-05T03:13:01.850401Z,KXBTC15M-26OCT042315-15,0.1300,93.75,no
2026-10-05T03:13:01.850401Z,KXBTC15M-26OCT042315-15,0.1300,97.00,no
2026-10-05T03:13:01.850401Z,KXBTC15M-26OCT042315-15,0.1200,34.00,no
2026-10-05T03:13:01.850401Z,KXBTC15M-26OCT042315-15,0.1000,1047.00,no
2026-10-05T03:13:01.850401Z,KXBTC15M-26OCT042315-15,0.1500,83.00,no
2026-10-05T03:13:01.850401Z,KXBTC15M-26OCT042315-15,0.1000,195.00,no
2026-10-05T03:13:01.850401Z,KXBTC15M-26OCT042315-15,0.0970,265.95,no
2026-10-05T03:13:01.850401Z,KXBTC15M-26OCT042315-15,0.1500,97.00,no
2026-10-05T03:13:01.850401Z,KXBTC15M-26OCT042315-15,0.1200,10.00,no
2026-10-05T03:13:01.850401Z,KXBTC15M-26OCT042315-15,0.1200,10.00,no
2026-10-05T03:13:01.850401Z,KXBTC15M-26OCT042315-15,0.1400,5.00,no
2026-10-05T03:13:01.850401Z,KXBTC15M-26OCT042315-15,0.1100,1189.00,no
2026-10-05T03:13:01.850401Z,KXBTC15M-26OCT042315-15,0.1300,10.00,no
2026-10-05T03:13:01.850401Z,KXBTC15M-26OCT042315-15,0.1400,64.00,no
2026-10-05T03:13:01.850401Z,KXBTC15M-26OCT042315-15,0.1300,15.00,no
2026-10-05T03:13:01.850401Z,KXBTC15M-26OCT042315-15,0.1000,25.00,no
2026-10-05T03:13:01.850401Z,KXBTC15M-26OCT042315-15,0.0990,97.00,no
2026-10-05T03:13:01.850401Z,KXBTC15M-26OCT042315-15,0.1400,15.00,no
2026-10-05T03:13:01.850401Z,KXBTC15M-26OCT042315-15,0.1100,1.12,no
2026-10-05T03:13:01.850401Z,KXBTC15M-26OCT042315-15,0.1200,99.00,no
2026-10-05T03:13:01.850401Z,KXBTC15M-26OCT042315-15,0.1300,62.50,no
2026-10-05T03:13:01.850401Z,KXBTC15M-26OCT042315-15,0.1100,1047.00,no
2026-10-05T03:13:01.850401Z,KXBTC15M-26OCT042315-15,0.1400,10.00,no
2026-10-05T03:13:01.850401Z,KXBTC15M-26OCT042315-15,0.1100,25.00,no
2026-10-05T03:13:01.850401Z,KXBTC15M-26OCT042315-15,0.1100,162.00,no
2026-10-05T03:13:01.850401Z,KXBTC15M-26OCT042315-15,0.0970,100.00,no
2026-10-05T03:13:01.850401Z,KXBTC15M-26OCT042315-15,0.1400,97.00,no
2026-10-05T03:13:01.850401Z,KXBTC15M-26OCT042315-15,0.1400,1300.00,no
2026-10-05T03:13:01.850401Z,KXBTC15M-26OCT042315-15,0.1200,25.00,no
2026-10-05T03:13:01.850401Z,KXBTC15M-26OCT042315-15,0.1100,5.00,no
2026-10-05T03:13:01.850401Z,KXBTC15M-26OCT042315-15,0.1200,1047.00,no
2026-10-05T03:13:01.850401Z,KXBTC15M-26OCT042315-15,0.1300,1047.00,no
2026-10-05T03:13:01.850401Z,KXBTC15M-26OCT042315-15,0.1100,97.00,no
2026-10-05T03:13:01.850401Z,KXBTC15M-26OCT042315-15,0.1400,64.00,no
2026-10-05T03:13:01.850401Z,KXBTC15M-26OCT042315-15,0.1600,0.01,no
2026-10-05T03:13:01.850401Z,KXBTC15M-26OCT042315-15,0.0990,5.00,no
2026-10-05T03:13:01.850401Z,KXBTC15M-26OCT042315-15,0.1000,5.00,no
2026-10-05T03:13:01.850401Z,KXBTC15M-26OCT042315-15,0.1300,74.00,no
2026-10-05T03:13:01.850401Z,KXBTC15M-26OCT042315-15,0.1000,150.00,no
2026-10-05T03:13:01.850401Z,KXBTC15M-26OCT042315-15,0.1000,49.00,no
2026-10-05T03:13:01.850401Z,KXBTC15M-26OCT042315-15,0.1600,0.01,no
2026-10-05T03:13:01.850401Z,KXBTC15M-26OCT042315-15,0.1200,38.00,no
2026-10-05T03:13:01.850401Z,KXBTC15M-26OCT042315-15,0.1200,5.00,no
2026-10-05T03:13:01.850401Z,KXBTC15M-26OCT042315-15,0.1600,10.00,no
2026-10-05T03:13:01.850401Z,KXBTC15M-26OCT042315-15,0.1000,5.00,no
2026-10-05T03:13:01.850401Z,KXBTC15M-26OCT042315-15,0.1100,5.00,no
2026-10-05T03:13:01.850401Z,KXBTC15M-26OCT042315-15,0.1600,111.13,no
2026-10-05T03:13:01.850401Z,KXBTC15M-26OCT042315-15,0.1600,98.00,no
2026-10-05T03:13:01.850401Z,KXBTC15M-26OCT042315-15,0.1100,42.00,no
2026-10-05T03:13:01.850401Z,KXBTC15M-26OCT042315-15,0.1000,1.00,no
2026-10-05T03:13:01.850401Z,KXBTC15M-26OCT042315-15,0.1600,400.00,no
2026-10-05T03:13:01.850401Z,KXBTC15M-26OCT042315-15,0.1200,38.00,no
2026-10-05T03:13:01.850401Z,KXBTC15M-26OCT042315-15,0.1000,1.16,no
2026-10-05T03:13:01.850401Z,KXBTC15M-26OCT042315-15,0.1600,11.00,no
2026-10-05T03:13:01.850401Z,KXBTC15M-26OCT042315-15,0.1500,200.00,no
2026-10-05T03:13:01.850401Z,KXBTC15M-26OCT042315-15,0.1600,4.80,no
2026-10-05T03:13:01.850401Z,KXBTC15M-26OCT042315-15,0.1500,58.00,no
2026-10-05T03:13:01.856834Z,KXBTC15M-26OCT042315-15,0.1500,58.00,no
2026-10-05T03:13:01.929075Z,KXBTC15M-26OCT042315-15,0.1300,1300.00,no
2026-10-05T03:13:01.929075Z,KXBTC15M-26OCT042315-15,0.1300,50.00,no
2026-10-05T03:13:01.929075Z,KXBTC15M-26OCT042315-15,0.1300,0.01,no
2026-10-05T03:13:01.929075Z,KXBTC15M-26OCT042315-15,0.1300,168.00,no
2026-10-05T03:13:01.929075Z,KXBTC15M-26OCT042315-15,0.1300,210.00,no
2026-10-05T03:13:01.929075Z,KXBTC15M-26OCT042315-15,0.1300,200.00,no
2026-10-05T03:13:01.929075Z,KXBTC15M-26OCT042315-15,0.1300,92.84,no
2026-10-05T03:13:01.929075Z,KXBTC15M-26OCT042315-15,0.1300,0.01,no
2026-10-05T03:13:01.929075Z,KXBTC15M-26OCT042315-15,0.1300,400.00,no
2026-10-05T03:13:01.929075Z,KXBTC15M-26OCT042315-15,0.1300,42.00,no
2026-10-05T03:13:01.931814Z,KXBTC15M-26OCT042315-15,0.1400,413.75,yes
2026-10-05T03:13:01.968537Z,KXBTC15M-26OCT042315-15,0.1400,10.35,yes
2026-10-05T03:13:02.051098Z,KXBTC15M-26OCT042315-15,0.1400,0.62,yes
2026-10-05T03:13:02.141537Z,KXBTC15M-26OCT042315-15,0.1300,0.01,no
2026-10-05T03:13:02.141537Z,KXBTC15M-26OCT042315-15,0.1300,0.01,no
2026-10-05T03:13:02.141537Z,KXBTC15M-26OCT042315-15,0.1300,1.15,no
2026-10-05T03:13:02.141537Z,KXBTC15M-26OCT042315-15,0.1300,8.94,no
2026-10-05T03:13:02.141537Z,KXBTC15M-26OCT042315-15,0.1300,1.11,no
2026-10-05T03:13:02.156901Z,KXBTC15M-26OCT042315-15,0.1400,150.00,yes
2026-10-05T03:13:02.156901Z,KXBTC15M-26OCT042315-15,0.1400,0.01,yes
2026-10-05T03:13:02.156901Z,KXBTC15M-26OCT042315-15,0.1500,521.70,yes
2026-10-05T03:13:02.156901Z,KXBTC15M-26OCT042315-15,0.1400,0.01,yes
2026-10-05T03:13:02.156901Z,KXBTC15M-26OCT042315-15,0.1400,186.00,yes
2026-10-05T03:13:02.156901Z,KXBTC15M-26OCT042315-15,0.1400,622.28,yes
2026-10-05T03:13:02.156901Z,KXBTC15M-26OCT042315-15,0.1500,200.00,yes
2026-10-05T03:13:02.171136Z,KXBTC15M-26OCT042315-15,0.1500,1.00,yes
2026-10-05T03:13:02.183686Z,KXBTC15M-26OCT042315-15,0.1400,38.11,no
2026-10-05T03:13:02.183686Z,KXBTC15M-26OCT042315-15,0.1400,58.00,no
2026-10-05T03:13:02.187086Z,KXBTC15M-26OCT042315-15,0.1400,18.93,no
2026-10-05T03:13:02.188889Z,KXBTC15M-26OCT042315-15,0.1500,1.00,yes
2026-10-05T03:13:02.189964Z,KXBTC15M-26OCT042315-15,0.1500,1.00,yes
2026-10-05T03:13:02.205356Z,KXBTC15M-26OCT042315-15,0.1400,58.00,no
2026-10-05T03:13:02.205356Z,KXBTC15M-26OCT042315-15,0.1400,1.11,no
2026-10-05T03:13:02.205356Z,KXBTC15M-26OCT042315-15,0.1400,6.00,no
2026-10-05T03:13:02.205356Z,KXBTC15M-26OCT042315-15,0.1400,64.00,no
2026-10-05T03:13:02.205356Z,KXBTC15M-26OCT042315-15,0.1400,800.00,no
2026-10-05T03:13:02.205356Z,KXBTC15M-26OCT042315-15,0.1400,400.00,no
2026-10-05T03:13:02.205356Z,KXBTC15M-26OCT042315-15,0.1400,0.01,no
2026-10-05T03:13:02.205356Z,KXBTC15M-26OCT042315-15,0.1400,1.15,no
2026-10-05T03:13:02.205356Z,KXBTC15M-26OCT042315-15,0.1400,0.01,no
2026-10-05T03:13:02.205356Z,KXBTC15M-26OCT042315-15,0.1400,117.00,no
2026-10-05T03:13:02.205356Z,KXBTC15M-26OCT042315-15,0.1400,50.00,no
2026-10-05T03:13:02.205356Z,KXBTC15M-26OCT042315-15,0.1400,64.00,no
2026-10-05T03:13:02.205356Z,KXBTC15M-26OCT042315-15,0.1300,41.06,no
2026-10-05T03:13:02.205356Z,KXBTC15M-26OCT042315-15,0.1400,85.00,no
2026-10-05T03:13:02.205356Z,KXBTC15M-26OCT042315-15,0.1400,307.89,no
2026-10-05T03:13:02.205356Z,KXBTC15M-26OCT042315-15,0.1300,407.77,no
2026-10-05T03:13:02.205356Z,KXBTC15M-26OCT042315-15,0.1300,4.00,no
2026-10-05T03:13:02.216656Z,KXBTC15M-26OCT042315-15,0.1400,0.01,no
2026-10-05T03:13:02.216656Z,KXBTC15M-26OCT042315-15,0.1400,0.92,no
2026-10-05T03:13:02.218482Z,KXBTC15M-26OCT042315-15,0.1500,5.99,yes
2026-10-05T03:13:02.229063Z,KXBTC15M-26OCT042315-15,0.1400,50.68,no
2026-10-05T03:13:02.229063Z,KXBTC15M-26OCT042315-15,0.1400,0.01,no
2026-10-05T03:13:02.229063Z,KXBTC15M-26OCT042315-15,0.1400,58.00,no
2026-10-05T03:13:02.257355Z,KXBTC15M-26OCT042315-15,0.1400,34.00,no
2026-10-05T03:13:02.257355Z,KXBTC15M-26OCT042315-15,0.1400,0.01,no
2026-10-05T03:13:02.257355Z,KXBTC15M-26OCT042315-15,0.1400,1.86,no
2026-10-05T03:13:02.257355Z,KXBTC15M-26OCT042315-15,0.1400,0.01,no
2026-10-05T03:13:02.28285Z,KXBTC15M-26OCT042315-15,0.1400,137.08,no
2026-10-05T03:13:02.28285Z,KXBTC15M-26OCT042315-15,0.1400,0.01,no
2026-10-05T03:13:02.28285Z,KXBTC15M-26OCT042315-15,0.1400,56.14,no
2026-10-05T03:13:02.31038Z,KXBTC15M-26OCT042315-15,0.1400,98.47,no
2026-10-05T03:13:02.311408Z,KXBTC15M-26OCT042315-15,0.1400,95.86,no
2026-10-05T03:13:02.331118Z,KXBTC15M-26OCT042315-15,0.1500,103.00,yes
2026-10-05T03:13:02.341528Z,KXBTC15M-26OCT042315-15,0.1400,6.91,no
2026-10-05T03:13:02.344819Z,KXBTC15M-26OCT042315-15,0.1400,7.19,no
2026-10-05T03:13:02.351832Z,KXBTC15M-26OCT042315-15,0.1400,39.24,no
2026-10-05T03:13:02.359008Z,KXBTC15M-26OCT042315-15,0.1400,1.00,no
2026-10-05T03:13:02.361769Z,KXBTC15M-26OCT042315-15,0.1400,14.25,no
2026-10-05T03:13:02.361769Z,KXBTC15M-26OCT042315-15,0.1400,0.01,no
2026-10-05T03:13:02.361769Z,KXBTC15M-26OCT042315-15,0.1400,98.65,no
2026-10-05T03:13:02.401566Z,KXBTC15M-26OCT042315-15,0.1400,297.60,no
2026-10-05T03:13:02.403999Z,KXBTC15M-26OCT042315-15,0.1400,5.25,no
2026-10-05T03:13:02.408968Z,KXBTC15M-26OCT042315-15,0.1400,140.08,no
2026-10-05T03:13:02.414954Z,KXBTC15M-26OCT042315-15,0.1400,83.15,no
2026-10-05T03:13:02.41783Z,KXBTC15M-26OCT042315-15,0.1400,58.83,no
2026-10-05T03:13:02.427401Z,KXBTC15M-26OCT042315-15,0.1400,109.00,no
2026-10-05T03:13:02.43677Z,KXBTC15M-26OCT042315-15,0.1400,3.95,no
2026-10-05T03:13:02.43677Z,KXBTC15M-26OCT042315-15,0.1400,7.44,no
2026-10-05T03:13:02.44699Z,KXBTC15M-26OCT042315-15,0.1400,1.05,no
2026-10-05T03:13:02.44699Z,KXBTC15M-26OCT042315-15,0.1400,0.58,no
2026-10-05T03:13:02.455961Z,KXBTC15M-26OCT042315-15,0.1400,6.33,no
2026-10-05T03:13:02.522265Z,KXBTC15M-26OCT042315-15,0.1400,1.00,no
2026-10-05T03:13:02.525006Z,KXBTC15M-26OCT042315-15,0.1400,3.86,no
2026-10-05T03:13:02.525551Z,KXBTC15M-26OCT042315-15,0.1400,5.81,no
2026-10-05T03:13:02.55289Z,KXBTC15M-26OCT042315-15,0.1400,0.01,no
2026-10-05T03:13:02.55289Z,KXBTC15M-26OCT042315-15,0.1400,16.46,no
2026-10-05T03:13:02.55289Z,KXBTC15M-26OCT042315-15,0.1400,0.01,no
2026-10-05T03:13:02.55289Z,KXBTC15M-26OCT042315-15,0.1400,0.05,no
2026-10-05T03:13:02.55289Z,KXBTC15M-26OCT042315-15,0.1400,40.42,no
2026-10-05T03:13:02.5545Z,KXBTC15M-26OCT042315-15,0.1400,5.61,no
2026-10-05T03:13:02.557465Z,KXBTC15M-26OCT042315-15,0.1400,16.45,no
2026-10-05T03:13:02.608347Z,KXBTC15M-26OCT042315-15,0.1400,0.57,no
2026-10-05T03:13:02.639142Z,KXBTC15M-26OCT042315-15,0.1400,77.45,no
2026-10-05T03:13:02.649874Z,KXBTC15M-26OCT042315-15,0.1400,28.39,no
2026-10-05T03:13:02.725046Z,KXBTC15M-26OCT042315-15,0.1400,2.06,no
2026-10-05T03:13:02.7326Z,KXBTC15M-26OCT042315-15,0.1500,125.84,yes
2026-10-05T03:13:02.758314Z,KXBTC15M-26OCT042315-15,0.1500,3.14,yes
2026-10-05T03:13:02.768447Z,KXBTC15M-26OCT042315-15,0.1400,171.76,no
2026-10-05T03:13:02.773189Z,KXBTC15M-26OCT042315-15,0.1400,1.15,no
2026-10-05T03:13:02.776712Z,KXBTC15M-26OCT042315-15,0.1500,1.00,yes
2026-10-05T03:13:02.777795Z,KXBTC15M-26OCT042315-15,0.1500,17.49,yes
2026-10-05T03:13:02.787048Z,KXBTC15M-26OCT042315-15,0.1400,3.45,no
2026-10-05T03:13:02.794213Z,KXBTC15M-26OCT042315-15,0.1400,5.26,no
2026-10-05T03:13:02.801581Z,KXBTC15M-26OCT042315-15,0.1500,31.46,yes
2026-10-05T03:13:02.801603Z,KXBTC15M-26OCT042315-15,0.1500,1.00,yes
2026-10-05T03:13:02.803021Z,KXBTC15M-26OCT042315-15,0.1400,20.72,no
2026-10-05T03:13:02.821061Z,KXBTC15M-26OCT042315-15,0.1400,0.01,no
2026-10-05T03:13:02.821061Z,KXBTC15M-26OCT042315-15,0.1400,200.00,no
2026-10-05T03:13:02.821061Z,KXBTC15M-26OCT042315-15,0.1400,311.26,no
2026-10-05T03:13:02.821061Z,KXBTC15M-26OCT042315-15,0.1400,0.05,no
2026-10-05T03:13:02.821061Z,KXBTC15M-26OCT042315-15,0.1400,3.95,no
2026-10-05T03:13:02.821061Z,KXBTC15M-26OCT042315-15,0.1400,1.05,no
2026-10-05T03:13:02.821061Z,KXBTC15M-26OCT042315-15,0.1400,1.15,no
2026-10-05T03:13:02.821061Z,KXBTC15M-26OCT042315-15,0.1400,50.67,no
2026-10-05T03:13:02.821061Z,KXBTC15M-26OCT042315-15,0.1300,448.34,no
2026-10-05T03:13:02.821061Z,KXBTC15M-26OCT042315-15,0.1400,58.00,no
2026-10-05T03:13:02.821061Z,KXBTC15M-26OCT042315-15,0.1400,0.01,no
2026-10-05T03:13:02.821061Z,KXBTC15M-26OCT042315-15,0.1400,673.16,no
2026-10-05T03:13:02.821061Z,KXBTC15M-26OCT042315-15,0.1300,64.00,no
2026-10-05T03:13:02.821061Z,KXBTC15M-26OCT042315-15,0.1300,93.75,no
2026-10-05T03:13:02.821061Z,KXBTC15M-26OCT042315-15,0.1300,64.00,no
2026-10-05T03:13:02.821061Z,KXBTC15M-26OCT042315-15,0.1300,15.00,no
2026-10-05T03:13:02.821061Z,KXBTC15M-26OCT042315-15,0.1300,15.00,no
2026-10-05T03:13:02.825553Z,KXBTC15M-26OCT042315-15,0.1300,69.16,no
2026-10-05T03:13:02.868114Z,KXBTC15M-26OCT042315-15,0.1400,156.18,yes
2026-10-05T03:13:02.871704Z,KXBTC15M-26OCT042315-15,0.1300,2.20,no
2026-10-05T03:13:02.89119Z,KXBTC15M-26OCT042315-15,0.1300,100.00,no
2026-10-05T03:13:02.919077Z,KXBTC15M-26OCT042315-15,0.1400,2.77,yes
2026-10-05T03:13:02.925771Z,KXBTC15M-26OCT042315-15,0.1300,12.52,no
2026-10-05T03:13:02.959902Z,KXBTC15M-26OCT042315-15,0.1300,6.57,no
2026-10-05T03:13:02.964911Z,KXBTC15M-26OCT042315-15,0.1300,5.63,no
2026-10-05T03:13:02.973983Z,KXBTC15M-26OCT042315-15,0.1300,4.31,no
2026-10-05T03:13:03.04691Z,KXBTC15M-26OCT042315-15,0.1300,28.07,no
2026-10-05T03:13:03.090965Z,KXBTC15M-26OCT042315-15,0.1400,84.79,yes
2026-10-05T03:13:03.090965Z,KXBTC15M-26OCT042315-15,0.1400,41.05,yes
2026-10-05T03:13:03.1049Z,KXBTC15M-26OCT042315-15,0.1400,252.19,yes
2026-10-05T03:13:03.194464Z,KXBTC15M-26OCT042315-15,0.1300,85.75,no
2026-10-05T03:13:03.223039Z,KXBTC15M-26OCT042315-15,0.1300,24.50,no
2026-10-05T03:13:03.240513Z,KXBTC15M-26OCT042315-15,0.1300,202.74,no
2026-10-05T03:13:03.241485Z,KXBTC15M-26OCT042315-15,0.1300,21.75,no
2026-10-05T03:13:03.280717Z,KXBTC15M-26OCT042315-15,0.1300,10.77,no
2026-10-05T03:13:03.292136Z,KXBTC15M-26OCT042315-15,0.1400,26.26,yes
2026-10-05T03:13:03.304631Z,KXBTC15M-26OCT042315-15,0.1400,5.99,yes
2026-10-05T03:13:03.314844Z,KXBTC15M-26OCT042315-15,0.1300,49.27,no
2026-10-05T03:13:03.356006Z,KXBTC15M-26OCT042315-15,0.1300,146.93,no
2026-10-05T03:13:03.361908Z,KXBTC15M-26OCT042315-15,0.1300,81.49,no
2026-10-05T03:13:03.361908Z,KXBTC15M-26OCT042315-15,0.1300,24.08,no
2026-10-05T03:13:03.379929Z,KXBTC15M-26OCT042315-15,0.1300,24.55,no
2026-10-05T03:13:03.404251Z,KXBTC15M-26OCT042315-15,0.1300,10.10,no
2026-10-05T03:13:03.423219Z,KXBTC15M-26OCT042315-15,0.1300,15.77,no
2026-10-05T03:13:03.436148Z,KXBTC15M-26OCT042315-15,0.1300,22.78,no
2026-10-05T03:13:03.499644Z,KXBTC15M-26OCT042315-15,0.1300,87.00,no
2026-10-05T03:13:03.499644Z,KXBTC15M-26OCT042315-15,0.1300,52.35,no
2026-10-05T03:13:03.499644Z,KXBTC15M-26OCT042315-15,0.1300,0.01,no
2026-10-05T03:13:03.499644Z,KXBTC15M-26OCT042315-15,0.1300,265.49,no
2026-10-05T03:13:03.499644Z,KXBTC15M-26OCT042315-15,0.1300,4.00,no
2026-10-05T03:13:03.499644Z,KXBTC15M-26OCT042315-15,0.1300,702.72,no
2026-10-05T03:13:03.499644Z,KXBTC15M-26OCT042315-15,0.1300,141.38,no
2026-10-05T03:13:03.499644Z,KXBTC15M-26OCT042315-15,0.1300,0.01,no
2026-10-05T03:13:03.504308Z,KXBTC15M-26OCT042315-15,0.1400,3.56,yes
2026-10-05T03:13:03.506928Z,KXBTC15M-26OCT042315-15,0.1400,33.68,yes
2026-10-05T03:13:03.570118Z,KXBTC15M-26OCT042315-15,0.1300,154.91,no
2026-10-05T03:13:03.584086Z,KXBTC15M-26OCT042315-15,0.1400,53.00,yes
2026-10-05T03:13:03.599051Z,KXBTC15M-26OCT042315-15,0.1300,2.80,no
2026-10-05T03:13:03.627664Z,KXBTC15M-26OCT042315-15,0.1300,10.25,no
2026-10-05T03:13:03.644785Z,KXBTC15M-26OCT042315-15,0.1400,0.77,yes
2026-10-05T03:13:03.645984Z,KXBTC15M-26OCT042315-15,0.1300,11.39,no
2026-10-05T03:13:03.691801Z,KXBTC15M-26OCT042315-15,0.1300,11.85,no
2026-10-05T03:13:03.691801Z,KXBTC15M-26OCT042315-15,0.1300,79.27,no
2026-10-05T03:13:03.739755Z,KXBTC15M-26OCT042315-15,0.1400,116.48,yes
2026-10-05T03:13:03.75985Z,KXBTC15M-26OCT042315-15,0.1400,2.77,yes
2026-10-05T03:13:03.776397Z,KXBTC15M-26OCT042315-15,0.1300,6.00,no
2026-10-05T03:13:03.776397Z,KXBTC15M-26OCT042315-15,0.1300,0.01,no
2026-10-05T03:13:03.776397Z,KXBTC15M-26OCT042315-15,0.1300,0.01,no
2026-10-05T03:13:03.776397Z,KXBTC15M-26OCT042315-15,0.1300,32.68,no
2026-10-05T03:13:03.776397Z,KXBTC15M-26OCT042315-15,0.1300,0.05,no
2026-10-05T03:13:03.776397Z,KXBTC15M-26OCT042315-15,0.1300,75.15,no
2026-10-05T03:13:03.791328Z,KXBTC15M-26OCT042315-15,0.1300,345.85,no
2026-10-05T03:13:03.791328Z,KXBTC15M-26OCT042315-15,0.1300,56.23,no
2026-10-05T03:13:03.805641Z,KXBTC15M-26OCT042315-15,0.1300,10.00,no
2026-10-05T03:13:03.808592Z,KXBTC15M-26OCT042315-15,0.1300,4.00,no
2026-10-05T03:13:03.808592Z,KXBTC15M-26OCT042315-15,0.1300,54.51,no
2026-10-05T03:13:03.808592Z,KXBTC15M-26OCT042315-15,0.1300,20.77,no
2026-10-05T03:13:03.808592Z,KXBTC15M-26OCT042315-15,0.1300,50.00,no
2026-10-05T03:13:03.817373Z,KXBTC15M-26OCT042315-15,0.1400,20.00,yes
2026-10-05T03:13:03.859267Z,KXBTC15M-26OCT042315-15,0.1300,1.13,no
2026-10-05T03:13:03.862137Z,KXBTC15M-26OCT042315-15,0.1300,0.01,no
2026-10-05T03:13:03.862137Z,KXBTC15M-26OCT042315-15,0.1300,0.05,no
2026-10-05T03:13:03.862137Z,KXBTC15M-26OCT042315-15,0.1300,200.00,no
2026-10-05T03:13:03.862137Z,KXBTC15M-26OCT042315-15,0.1300,0.01,no
2026-10-05T03:13:03.862137Z,KXBTC15M-26OCT042315-15,0.1300,0.01,no
2026-10-05T03:13:03.862137Z,KXBTC15M-26OCT042315-15,0.1300,344.36,no
2026-10-05T03:13:03.862137Z,KXBTC15M-26OCT042315-15,0.1300,1.14,no
2026-10-05T03:13:03.887903Z,KXBTC15M-26OCT042315-15,0.1200,83.00,no
2026-10-05T03:13:03.887903Z,KXBTC15M-26OCT042315-15,0.1200,38.94,no
2026-10-05T03:13:03.887903Z,KXBTC15M-26OCT042315-15,0.1200,436.18,no
2026-10-05T03:13:03.912981Z,KXBTC15M-26OCT042315-15,0.1200,0.01,no
2026-10-05T03:13:03.912981Z,KXBTC15M-26OCT042315-15,0.1200,8.23,no
2026-10-05T03:13:03.912981Z,KXBTC15M-26OCT042315-15,0.1200,0.01,no
2026-10-05T03:13:03.916432Z,KXBTC15M-26OCT042315-15,0.1200,1.10,no
2026-10-05T03:13:03.964718Z,KXBTC15M-26OCT042315-15,0.1200,20.62,no
2026-10-05T03:13:04.019731Z,KXBTC15M-26OCT042315-15,0.1200,12.06,no
2026-10-05T03:13:04.020725Z,KXBTC15M-26OCT042315-15,0.1300,11.00,yes
2026-10-05T03:13:04.046604Z,KXBTC15M-26OCT042315-15,0.1300,63.00,yes
2026-10-05T03:13:04.050898Z,KXBTC15M-26OCT042315-15,0.1300,1.00,yes
2026-10-05T03:13:04.059923Z,KXBTC15M-26OCT042315-15,0.1200,22.37,no
2026-10-05T03:13:04.089543Z,KXBTC15M-26OCT042315-15,0.1200,120.54,no
2026-10-05T03:13:04.155007Z,KXBTC15M-26OCT042315-15,0.1200,82.21,no
2026-10-05T03:13:04.15786Z,KXBTC15M-26OCT042315-15,0.1300,675.00,yes
2026-10-05T03:13:04.15786Z,KXBTC15M-26OCT042315-15,0.1300,125.00,yes
2026-10-05T03:13:04.165186Z,KXBTC15M-26OCT042315-15,0.1200,5.57,no
2026-10-05T03:13:04.183036Z,KXBTC15M-26OCT042315-15,0.1200,9.66,no
2026-10-05T03:13:04.184356Z,KXBTC15M-26OCT042315-15,0.1200,111.62,no
2026-10-05T03:13:04.221475Z,KXBTC15M-26OCT042315-15,0.1200,6.02,no
2026-10-05T03:13:04.221475Z,KXBTC15M-26OCT042315-15,0.1200,200.00,no
2026-10-05T03:13:04.221475Z,KXBTC15M-26OCT042315-15,0.1200,21.24,no
2026-10-05T03:13:04.261138Z,KXBTC15M-26OCT042315-15,0.1200,55.74,no
2026-10-05T03:13:04.261138Z,KXBTC15M-26OCT042315-15,0.1200,0.05,no
2026-10-05T03:13:04.261138Z,KXBTC15M-26OCT042315-15,0.1200,0.01,no
2026-10-05T03:13:04.261138Z,KXBTC15M-26OCT042315-15,0.1200,0.01,no
2026-10-05T03:13:04.289391Z,KXBTC15M-26OCT042315-15,0.1200,0.01,no
2026-10-05T03:13:04.289391Z,KXBTC15M-26OCT042315-15,0.1200,0.01,no
2026-10-05T03:13:04.289391Z,KXBTC15M-26OCT042315-15,0.1200,90.97,no
2026-10-05T03:13:04.310081Z,KXBTC15M-26OCT042315-15,0.1300,33.68,yes
2026-10-05T03:13:04.330814Z,KXBTC15M-26OCT042315-15,0.1300,5.55,yes
2026-10-05T03:13:04.355934Z,KXBTC15M-26OCT042315-15,0.1200,0.01,no
2026-10-05T03:13:04.355934Z,KXBTC15M-26OCT042315-15,0.1200,244.46,no
2026-10-05T03:13:04.355934Z,KXBTC15M-26OCT042315-15,0.1200,0.01,no
2026-10-05T03:13:04.355934Z,KXBTC15M-26OCT042315-15,0.1200,0.05,no
2026-10-05T03:13:04.375349Z,KXBTC15M-26OCT042315-15,0.1300,0.94,yes
2026-10-05T03:13:04.39223Z,KXBTC15M-26OCT042315-15,0.1200,14.08,no
2026-10-05T03:13:04.42511Z,KXBTC15M-26OCT042315-15,0.1300,25.00,yes
2026-10-05T03:13:04.434826Z,KXBTC15M-26OCT042315-15,0.1300,145.01,yes
2026-10-05T03:13:04.435466Z,KXBTC15M-26OCT042315-15,0.1200,10.14,no
2026-10-05T03:13:04.442537Z,KXBTC15M-26OCT042315-15,0.1300,7.00,yes
2026-10-05T03:13:04.443862Z,KXBTC15M-26OCT042315-15,0.1300,54.00,yes
2026-10-05T03:13:04.481076Z,KXBTC15M-26OCT042315-15,0.1200,52.53,no
2026-10-05T03:13:04.508138Z,KXBTC15M-26OCT042315-15,0.1200,73.24,no
2026-10-05T03:13:04.522706Z,KXBTC15M-26OCT042315-15,0.1300,31.52,yes
2026-10-05T03:13:04.526302Z,KXBTC15M-26OCT042315-15,0.1200,1.55,no
2026-10-05T03:13:04.575986Z,KXBTC15M-26OCT042315-15,0.1200,4.00,no
2026-10-05T03:13:04.575986Z,KXBTC15M-26OCT042315-15,0.1200,0.01,no
2026-10-05T03:13:04.575986Z,KXBTC15M-26OCT042315-15,0.1200,6.00,no
2026-10-05T03:13:04.575986Z,KXBTC15M-26OCT042315-15,0.1200,0.01,no
2026-10-05T03:13:04.575986Z,KXBTC15M-26OCT042315-15,0.1200,0.05,no
2026-10-05T03:13:04.575986Z,KXBTC15M-26OCT042315-15,0.1100,5.00,no
2026-10-05T03:13:04.575986Z,KXBTC15M-26OCT042315-15,0.1100,113.15,no
2026-10-05T03:13:04.576711Z,KXBTC15M-26OCT042315-15,0.1100,1.12,no
2026-10-05T03:13:04.651377Z,KXBTC15M-26OCT042315-15,0.1200,43.94,no
2026-10-05T03:13:04.663531Z,KXBTC15M-26OCT042315-15,0.1300,5.14,yes
2026-10-05T03:13:04.691675Z,KXBTC15M-26OCT042315-15,0.1200,16.50,no
2026-10-05T03:13:04.693457Z,KXBTC15M-26OCT042315-15,0.1300,30.00,yes
2026-10-05T03:13:04.716249Z,KXBTC15M-26OCT042315-15,0.1300,5.00,yes
2026-10-05T03:13:04.716301Z,KXBTC15M-26OCT042315-15,0.1300,30.00,yes
2026-10-05T03:13:04.716315Z,KXBTC15M-26OCT042315-15,0.1300,30.00,yes
2026-10-05T03:13:04.723737Z,KXBTC15M-26OCT042315-15,0.1200,6.25,no
2026-10-05T03:13:04.728752Z,KXBTC15M-26OCT042315-15,0.1200,7.91,no
2026-10-05T03:13:04.728872Z,KXBTC15M-26OCT042315-15,0.1200,200.00,no
2026-10-05T03:13:04.757262Z,KXBTC15M-26OCT042315-15,0.1300,500.00,yes
2026-10-05T03:13:04.779766Z,KXBTC15M-26OCT042315-15,0.1300,0.36,yes
2026-10-05T03:13:04.827903Z,KXBTC15M-26OCT042315-15,0.1300,3.00,yes
2026-10-05T03:13:04.830057Z,KXBTC15M-26OCT042315-15,0.1200,9.47,no
2026-10-05T03:13:04.865784Z,KXBTC15M-26OCT042315-15,0.1200,0.01,no
2026-10-05T03:13:04.865784Z,KXBTC15M-26OCT042315-15,0.1200,41.93,no
2026-10-05T03:13:04.865784Z,KXBTC15M-26OCT042315-15,0.1200,5.00,no
2026-10-05T03:13:04.865784Z,KXBTC15M-26OCT042315-15,0.1200,24.53,no
2026-10-05T03:13:04.870957Z,KXBTC15M-26OCT042315-15,0.1300,134.74,yes
2026-10-05T03:13:04.872386Z,KXBTC15M-26OCT042315-15,0.1200,16.67,no
2026-10-05T03:13:04.906875Z,KXBTC15M-26OCT042315-15,0.1300,35.00,yes
2026-10-05T03:13:04.916938Z,KXBTC15M-26OCT042315-15,0.1200,196.23,no
2026-10-05T03:13:04.932074Z,KXBTC15M-26OCT042315-15,0.1200,140.52,no
2026-10-05T03:13:04.946883Z,KXBTC15M-26OCT042315-15,0.1300,29.00,yes
2026-10-05T03:13:04.993653Z,KXBTC15M-26OCT042315-15,0.1200,4.65,no
2026-10-05T03:13:04.993653Z,KXBTC15M-26OCT042315-15,0.1200,144.10,no
2026-10-05T03:13:04.997384Z,KXBTC15M-26OCT042315-15,0.1200,3.95,no
2026-10-05T03:13:04.999454Z,KXBTC15M-26OCT042315-15,0.1200,5.57,no
2026-10-05T03:13:05.021308Z,KXBTC15M-26OCT042315-15,0.1200,1.34,no
2026-10-05T03:13:05.046114Z,KXBTC15M-26OCT042315-15,0.1200,79.44,no
2026-10-05T03:13:05.04976Z,KXBTC15M-26OCT042315-15,0.1300,1.00,yes
2026-10-05T03:13:05.06025Z,KXBTC15M-26OCT042315-15,0.1200,0.05,no
2026-10-05T03:13:05.06025Z,KXBTC15M-26OCT042315-15,0.1200,64.17,no
2026-10-05T03:13:05.06025Z,KXBTC15M-26OCT042315-15,0.1200,104.81,no
2026-10-05T03:13:05.123358Z,KXBTC15M-26OCT042315-15,0.1200,4.98,no
2026-10-05T03:13:05.147677Z,KXBTC15M-26OCT042315-15,0.1200,112.68,no
2026-10-05T03:13:05.170033Z,KXBTC15M-26OCT042315-15,0.1200,8.25,no
2026-10-05T03:13:05.192503Z,KXBTC15M-26OCT042315-15,0.1200,112.68,no
2026-10-05T03:13:05.205357Z,KXBTC15M-26OCT042315-15,0.1300,5.95,yes
2026-10-05T03:13:05.21508Z,KXBTC15M-26OCT042315-15,0.1200,1.51,no
2026-10-05T03:13:05.270603Z,KXBTC15M-26OCT042315-15,0.1200,5.63,no
2026-10-05T03:13:05.313198Z,KXBTC15M-26OCT042315-15,0.1300,1.00,yes
2026-10-05T03:13:05.313198Z,KXBTC15M-26OCT042315-15,0.1300,1.00,yes
2026-10-05T03:13:05.313198Z,KXBTC15M-26OCT042315-15,0.1300,108.00,yes
2026-10-05T03:13:05.313198Z,KXBTC15M-26OCT042315-15,0.1300,0.01,yes
2026-10-05T03:13:05.313198Z,KXBTC15M-26OCT042315-15,0.1300,0.01,yes
2026-10-05T03:13:05.313198Z,KXBTC15M-26OCT042315-15,0.1300,48.00,yes
2026-10-05T03:13:05.313198Z,KXBTC15M-26OCT042315-15,0.1300,1.40,yes
2026-10-05T03:13:05.313198Z,KXBTC15M-26OCT042315-15,0.1300,800.00,yes
2026-10-05T03:13:05.313198Z,KXBTC15M-26OCT042315-15,0.1300,12.00,yes
2026-10-05T03:13:05.313198Z,KXBTC15M-26OCT042315-15,0.1300,6.00,yes
2026-10-05T03:13:05.359887Z,KXBTC15M-26OCT042315-15,0.1400,25.00,yes
2026-10-05T03:13:05.381192Z,KXBTC15M-26OCT042315-15,0.1300,56.34,no
2026-10-05T03:13:05.405493Z,KXBTC15M-26OCT042315-15,0.1300,263.69,no
2026-10-05T03:13:05.410639Z,KXBTC15M-26OCT042315-15,0.1300,30.01,no
2026-10-05T03:13:05.458644Z,KXBTC15M-26OCT042315-15,0.1300,112.68,no
2026-10-05T03:13:05.564813Z,KXBTC15M-26OCT042315-15,0.1300,289.85,no
2026-10-05T03:13:05.578764Z,KXBTC15M-26OCT042315-15,0.1300,22.36,no
2026-10-05T03:13:05.604998Z,KXBTC15M-26OCT042315-15,0.1300,1.64,no
2026-10-05T03:13:05.628304Z,KXBTC15M-26OCT042315-15,0.1300,40.74,no
2026-10-05T03:13:05.628304Z,KXBTC15M-26OCT042315-15,0.1300,0.01,no
2026-10-05T03:13:05.628304Z,KXBTC15M-26OCT042315-15,0.1300,23.43,no
2026-10-05T03:13:05.628304Z,KXBTC15M-26OCT042315-15,0.1300,4.00,no
2026-10-05T03:13:05.635427Z,KXBTC15M-26OCT042315-15,0.1300,43.26,no
2026-10-05T03:13:05.635427Z,KXBTC15M-26OCT042315-15,0.1300,6.00,no
2026-10-05T03:13:05.635427Z,KXBTC15M-26OCT042315-15,0.1300,0.74,no
2026-10-05T03:13:05.635427Z,KXBTC15M-26OCT042315-15,0.1300,200.00,no
2026-10-05T03:13:05.643269Z,KXBTC15M-26OCT042315-15,0.1400,0.01,yes
2026-10-05T03:13:05.643269Z,KXBTC15M-26OCT042315-15,0.1400,12.00,yes
2026-10-05T03:13:05.643269Z,KXBTC15M-26OCT042315-15,0.1400,60.00,yes
2026-10-05T03:13:05.643269Z,KXBTC15M-26OCT042315-15,0.1400,88.98,yes
2026-10-05T03:13:05.643269Z,KXBTC15M-26OCT042315-15,0.1400,0.01,yes
2026-10-05T03:13:05.643269Z,KXBTC15M-26OCT042315-15,0.1400,1.00,yes
2026-10-05T03:13:05.643436Z,KXBTC15M-26OCT042315-15,0.1400,61.02,yes
2026-10-05T03:13:05.643436Z,KXBTC15M-26OCT042315-15,0.1400,436.00,yes
2026-10-05T03:13:05.64378Z,KXBTC15M-26OCT042315-15,0.1300,33.00,no
2026-10-05T03:13:05.644524Z,KXBTC15M-26OCT042315-15,0.1500,49.61,yes
2026-10-05T03:13:05.644524Z,KXBTC15M-26OCT042315-15,0.1500,6.00,yes
2026-10-05T03:13:05.644645Z,KXBTC15M-26OCT042315-15,0.1500,53.22,yes
2026-10-05T03:13:05.644645Z,KXBTC15M-26OCT042315-15,0.1500,2.39,yes
2026-10-05T03:13:05.644751Z,KXBTC15M-26OCT042315-15,0.1500,105.00,yes
2026-10-05T03:13:05.644844Z,KXBTC15M-26OCT042315-15,0.1500,105.00,yes
2026-10-05T03:13:05.644969Z,KXBTC15M-26OCT042315-15,0.1500,2236.78,yes
2026-10-05T03:13:05.64654Z,KXBTC15M-26OCT042315-15,0.1600,5.00,yes
2026-10-05T03:13:05.64654Z,KXBTC15M-26OCT042315-15,0.1600,2.00,yes
2026-10-05T03:13:05.64654Z,KXBTC15M-26OCT042315-15,0.1600,10.00,yes
2026-10-05T03:13:05.649042Z,KXBTC15M-26OCT042315-15,0.1700,10.00,yes
2026-10-05T03:13:05.649042Z,KXBTC15M-26OCT042315-15,0.1700,10.00,yes
2026-10-05T03:13:05.649042Z,KXBTC15M-26OCT042315-15,0.1700,10.00,yes
2026-10-05T03:13:05.649375Z,KXBTC15M-26OCT042315-15,0.1800,20.00,yes
2026-10-05T03:13:05.649375Z,KXBTC15M-26OCT042315-15,0.1800,3.40,yes
2026-10-05T03:13:05.649896Z,KXBTC15M-26OCT042315-15,0.1400,5.69,no
2026-10-05T03:13:05.650607Z,KXBTC15M-26OCT042315-15,0.1800,2.60,yes
2026-10-05T03:13:05.656277Z,KXBTC15M-26OCT042315-15,0.1800,43.48,yes
2026-10-05T03:13:05.656882Z,KXBTC15M-26OCT042315-15,0.1800,1.58,yes
2026-10-05T03:13:05.663314Z,KXBTC15M-26OCT042315-15,0.1800,0.01,yes
2026-10-05T03:13:05.663314Z,KXBTC15M-26OCT042315-15,0.1800,0.01,yes
2026-10-05T03:13:05.663314Z,KXBTC15M-26OCT042315-15,0.1800,38.59,yes
2026-10-05T03:13:05.667742Z,KXBTC15M-26OCT042315-15,0.1800,10.00,yes
2026-10-05T03:13:05.686907Z,KXBTC15M-26OCT042315-15,0.1700,16.91,no
2026-10-05T03:13:05.694667Z,KXBTC15M-26OCT042315-15,0.1700,9.02,no
2026-10-05T03:13:05.703851Z,KXBTC15M-26OCT042315-15,0.1800,0.01,yes
2026-10-05T03:13:05.703851Z,KXBTC15M-26OCT042315-15,0.1800,0.01,yes
2026-10-05T03:13:05.703851Z,KXBTC15M-26OCT042315-15,0.1900,1.21,yes
2026-10-05T03:13:05.71719Z,KXBTC15M-26OCT042315-15,0.1800,31.00,no
2026-10-05T03:13:05.71719Z,KXBTC15M-26OCT042315-15,0.1800,0.01,no
2026-10-05T03:13:05.71719Z,KXBTC15M-26OCT042315-15,0.1700,36.48,no
2026-10-05T03:13:05.71719Z,KXBTC15M-26OCT042315-15,0.1800,0.01,no
2026-10-05T03:13:05.71719Z,KXBTC15M-26OCT042315-15,0.1800,12.50,no
2026-10-05T03:13:05.71719Z,KXBTC15M-26OCT042315-15,0.1800,10.00,no
2026-10-05T03:13:05.723559Z,KXBTC15M-26OCT042315-15,0.1800,79.73,no
2026-10-05T03:13:05.771137Z,KXBTC15M-26OCT042315-15,0.1800,100.00,no
2026-10-05T03:13:05.772547Z,KXBTC15M-26OCT042315-15,0.1900,400.00,yes
2026-10-05T03:13:05.850204Z,KXBTC15M-26OCT042315-15,0.1800,10.93,no
2026-10-05T03:13:05.865136Z,KXBTC15M-26OCT042315-15,0.1800,29.50,no
2026-10-05T03:13:05.868549Z,KXBTC15M-26OCT042315-15,0.1800,45.56,no
2026-10-05T03:13:05.881425Z,KXBTC15M-26OCT042315-15,0.1800,9.30,no
2026-10-05T03:13:05.883753Z,KXBTC15M-26OCT042315-15,0.1800,18.22,no
2026-10-05T03:13:05.901125Z,KXBTC15M-26OCT042315-15,0.1800,34.00,no
2026-10-05T03:13:05.901125Z,KXBTC15M-26OCT042315-15,0.1800,5.00,no
2026-10-05T03:13:05.901125Z,KXBTC15M-26OCT042315-15,0.1800,0.01,no
2026-10-05T03:13:05.901125Z,KXBTC15M-26OCT042315-15,0.1800,186.49,no
2026-10-05T03:13:05.901125Z,KXBTC15M-26OCT042315-15,0.1800,0.01,no
2026-10-05T03:13:05.901125Z,KXBTC15M-26OCT042315-15,0.1800,398.69,no
2026-10-05T03:13:05.907472Z,KXBTC15M-26OCT042315-15,0.1700,32.85,no
2026-10-05T03:13:05.97292Z,KXBTC15M-26OCT042315-15,0.1700,114.84,no
2026-10-05T03:13:06.086715Z,KXBTC15M-26OCT042315-15,0.1700,18.80,no
2026-10-05T03:13:06.116061Z,KXBTC15M-26OCT042315-15,0.1700,394.00,no
2026-10-05T03:13:06.143259Z,KXBTC15M-26OCT042315-15,0.1700,1.13,no
2026-10-05T03:13:06.164806Z,KXBTC15M-26OCT042315-15,0.1700,5.87,no
2026-10-05T03:13:06.218357Z,KXBTC15M-26OCT042315-15,0.1700,4.76,no
2026-10-05T03:13:06.220887Z,KXBTC15M-26OCT042315-15,0.1800,14.93,yes
2026-10-05T03:13:06.224528Z,KXBTC15M-26OCT042315-15,0.1700,2.34,no
2026-10-05T03:13:06.259186Z,KXBTC15M-26OCT042315-15,0.1700,15.59,no
2026-10-05T03:13:06.330248Z,KXBTC15M-26OCT042315-15,0.1700,17.85,no
2026-10-05T03:13:06.355891Z,KXBTC15M-26OCT042315-15,0.1700,86.20,no
2026-10-05T03:13:06.363334Z,KXBTC15M-26OCT042315-15,0.1800,0.78,yes
2026-10-05T03:13:06.366101Z,KXBTC15M-26OCT042315-15,0.1700,141.53,no
2026-10-05T03:13:06.370316Z,KXBTC15M-26OCT042315-15,0.1700,18.93,no
2026-10-05T03:13:06.372688Z,KXBTC15M-26OCT042315-15,0.1700,36.53,no
2026-10-05T03:13:06.502106Z,KXBTC15M-26OCT042315-15,0.1800,0.04,yes
2026-10-05T03:13:06.607413Z,KXBTC15M-26OCT042315-15,0.1700,1.00,no
2026-10-05T03:13:06.633763Z,KXBTC15M-26OCT042315-15,0.1800,0.01,yes
2026-10-05T03:13:06.724919Z,KXBTC15M-26OCT042315-15,0.1700,3.10,no
2026-10-05T03:13:06.755635Z,KXBTC15M-26OCT042315-15,0.1700,26.38,no
2026-10-05T03:13:06.755635Z,KXBTC15M-26OCT042315-15,0.1700,22.87,no
2026-10-05T03:13:06.755635Z,KXBTC15M-26OCT042315-15,0.1700,0.01,no
2026-10-05T03:13:06.755635Z,KXBTC15M-26OCT042315-15,0.1700,0.01,no
2026-10-05T03:13:06.772431Z,KXBTC15M-26OCT042315-15,0.1700,4.50,no
2026-10-05T03:13:06.780622Z,KXBTC15M-26OCT042315-15,0.1800,12.38,yes
2026-10-05T03:13:06.827882Z,KXBTC15M-26OCT042315-15,0.1700,14.28,no
2026-10-05T03:13:06.848679Z,KXBTC15M-26OCT042315-15,0.1700,119.06,no
2026-10-05T03:13:06.879306Z,KXBTC15M-26OCT042315-15,0.1800,105.07,yes
2026-10-05T03:13:06.905538Z,KXBTC15M-26OCT042315-15,0.1800,0.52,yes
2026-10-05T03:13:06.907009Z,KXBTC15M-26OCT042315-15,0.1700,5.95,no
2026-10-05T03:13:06.914709Z,KXBTC15M-26OCT042315-15,0.1700,6.00,no
2026-10-05T03:13:06.914709Z,KXBTC15M-26OCT042315-15,0.1700,10.00,no
2026-10-05T03:13:06.914709Z,KXBTC15M-26OCT042315-15,0.1700,251.92,no
2026-10-05T03:13:06.914709Z,KXBTC15M-26OCT042315-15,0.1700,233.34,no
2026-10-05T03:13:06.920717Z,KXBTC15M-26OCT042315-15,0.1700,2.38,no
2026-10-05T03:13:06.931616Z,KXBTC15M-26OCT042315-15,0.1700,4.39,no
2026-10-05T03:13:06.943384Z,KXBTC15M-26OCT042315-15,0.1800,2.49,yes
2026-10-05T03:13:06.992902Z,KXBTC15M-26OCT042315-15,0.1700,5.00,no
2026-10-05T03:13:07.045106Z,KXBTC15M-26OCT042315-15,0.1700,0.34,no
2026-10-05T03:13:07.064406Z,KXBTC15M-26OCT042315-15,0.1800,0.47,yes
2026-10-05T03:13:07.124082Z,KXBTC15M-26OCT042315-15,0.1700,23.42,no
2026-10-05T03:13:07.133091Z,KXBTC15M-26OCT042315-15,0.1700,198.00,no
2026-10-05T03:13:07.154019Z,KXBTC15M-26OCT042315-15,0.1700,16.75,no
2026-10-05T03:13:07.212364Z,KXBTC15M-26OCT042315-15,0.1700,4.51,no
2026-10-05T03:13:07.296116Z,KXBTC15M-26OCT042315-15,0.1700,265.44,no
2026-10-05T03:13:07.329351Z,KXBTC15M-26OCT042315-15,0.1700,101.20,no
2026-10-05T03:13:07.337705Z,KXBTC15M-26OCT042315-15,0.1700,107.15,no
2026-10-05T03:13:07.339688Z,KXBTC15M-26OCT042315-15,0.1700,10.00,no
2026-10-05T03:13:07.352564Z,KXBTC15M-26OCT042315-15,0.1700,1306.00,no
2026-10-05T03:13:07.355431Z,KXBTC15M-26OCT042315-15,0.1700,61.92,no
2026-10-05T03:13:07.370386Z,KXBTC15M-26OCT042315-15,0.1700,13.45,no
2026-10-05T03:13:07.385054Z,KXBTC15M-26OCT042315-15,0.1700,183.36,no
2026-10-05T03:13:07.407882Z,KXBTC15M-26OCT042315-15,0.1700,3.07,no
2026-10-05T03:13:07.496351Z,KXBTC15M-26OCT042315-15,0.1700,176.00,no
2026-10-05T03:13:07.497042Z,KXBTC15M-26OCT042315-15,0.1700,6.73,no
2026-10-05T03:13:07.501644Z,KXBTC15M-26OCT042315-15,0.1700,8.33,no
2026-10-05T03:13:07.501644Z,KXBTC15M-26OCT042315-15,0.1700,9.50,no
2026-10-05T03:13:07.501644Z,KXBTC15M-26OCT042315-15,0.1700,0.01,no
2026-10-05T03:13:07.501644Z,KXBTC15M-26OCT042315-15,0.1700,0.01,no
2026-10-05T03:13:07.557358Z,KXBTC15M-26OCT042315-15,0.1700,1.19,no
2026-10-05T03:13:07.561644Z,KXBTC15M-26OCT042315-15,0.1700,0.62,no
2026-10-05T03:13:07.580023Z,KXBTC15M-26OCT042315-15,0.1700,30.77,no
2026-10-05T03:13:07.582068Z,KXBTC15M-26OCT042315-15,0.1800,91.00,yes
2026-10-05T03:13:07.582068Z,KXBTC15M-26OCT042315-15,0.1800,14.00,yes
2026-10-05T03:13:07.582068Z,KXBTC15M-26OCT042315-15,0.1800,3.67,yes
2026-10-05T03:13:07.582068Z,KXBTC15M-26OCT042315-15,0.1800,7.00,yes
2026-10-05T03:13:07.582068Z,KXBTC15M-26OCT042315-15,0.1800,1.00,yes
2026-10-05T03:13:07.582068Z,KXBTC15M-26OCT042315-15,0.1800,0.01,yes
2026-10-05T03:13:07.582068Z,KXBTC15M-26OCT042315-15,0.1800,63.31,yes
2026-10-05T03:13:07.582068Z,KXBTC15M-26OCT042315-15,0.1800,0.01,yes
2026-10-05T03:13:07.582068Z,KXBTC15M-26OCT042315-15,0.1800,105.00,yes
2026-10-05T03:13:07.586971Z,KXBTC15M-26OCT042315-15,0.1900,14.00,yes
2026-10-05T03:13:07.586971Z,KXBTC15M-26OCT042315-15,0.1900,5.00,yes
2026-10-05T03:13:07.586971Z,KXBTC15M-26OCT042315-15,0.1900,399.00,yes
2026-10-05T03:13:07.587798Z,KXBTC15M-26OCT042315-15,0.1800,0.01,yes
2026-10-05T03:13:07.588049Z,KXBTC15M-26OCT042315-15,0.2000,18.00,yes
2026-10-05T03:13:07.588049Z,KXBTC15M-26OCT042315-15,0.2000,12.00,yes
2026-10-05T03:13:07.588049Z,KXBTC15M-26OCT042315-15,0.2000,12.00,yes
2026-10-05T03:13:07.588049Z,KXBTC15M-26OCT042315-15,0.2000,12.00,yes
2026-10-05T03:13:07.588049Z,KXBTC15M-26OCT042315-15,0.2000,12.00,yes
2026-10-05T03:13:07.588049Z,KXBTC15M-26OCT042315-15,0.2000,3.00,yes
2026-10-05T03:13:07.588049Z,KXBTC15M-26OCT042315-15,0.2000,6.00,yes
2026-10-05T03:13:07.588049Z,KXBTC15M-26OCT042315-15,0.2000,6.00,yes
2026-10-05T03:13:07.588049Z,KXBTC15M-26OCT042315-15,0.2000,50.00,yes
2026-10-05T03:13:07.588049Z,KXBTC15M-26OCT042315-15,0.2000,14.00,yes
2026-10-05T03:13:07.588049Z,KXBTC15M-26OCT042315-15,0.2000,12.00,yes
2026-10-05T03:13:07.588049Z,KXBTC15M-26OCT042315-15,0.2000,12.00,yes
2026-10-05T03:13:07.588049Z,KXBTC15M-26OCT042315-15,0.2000,50.00,yes
2026-10-05T03:13:07.588049Z,KXBTC15M-26OCT042315-15,0.2000,13.00,yes
2026-10-05T03:13:07.588049Z,KXBTC15M-26OCT042315-15,0.2000,19.00,yes
2026-10-05T03:13:07.592834Z,KXBTC15M-26OCT042315-15,0.2100,0.02,yes
2026-10-05T03:13:07.597209Z,KXBTC15M-26OCT042315-15,0.2100,0.02,yes
2026-10-05T03:13:07.600147Z,KXBTC15M-26OCT042315-15,0.2100,18.00,yes
2026-10-05T03:13:07.600147Z,KXBTC15M-26OCT042315-15,0.2100,12.00,yes
2026-10-05T03:13:07.600147Z,KXBTC15M-26OCT042315-15,0.2100,34.55,yes
2026-10-05T03:13:07.600147Z,KXBTC15M-26OCT042315-15,0.2100,6.96,yes
2026-10-05T03:13:07.601067Z,KXBTC15M-26OCT042315-15,0.2100,53.00,yes
2026-10-05T03:13:07.601067Z,KXBTC15M-26OCT042315-15,0.2100,48.78,yes
2026-10-05T03:13:07.603268Z,KXBTC15M-26OCT042315-15,0.2300,5.00,yes
2026-10-05T03:13:07.603268Z,KXBTC15M-26OCT042315-15,0.2200,6.00,yes
2026-10-05T03:13:07.608303Z,KXBTC15M-26OCT042315-15,0.2200,0.02,no
2026-10-05T03:13:07.609142Z,KXBTC15M-26OCT042315-15,0.2400,0.02,yes
2026-10-05T03:13:07.609349Z,KXBTC15M-26OCT042315-15,0.2400,4.98,yes
2026-10-05T03:13:07.609349Z,KXBTC15M-26OCT042315-15,0.2500,7.02,yes
2026-10-05T03:13:07.609476Z,KXBTC15M-26OCT042315-15,0.2500,64.00,yes
2026-10-05T03:13:07.609476Z,KXBTC15M-26OCT042315-15,0.2500,0.47,yes
2026-10-05T03:13:07.609476Z,KXBTC15M-26OCT042315-15,0.2500,92.98,yes
2026-10-05T03:13:07.621382Z,KXBTC15M-26OCT042315-15,0.2400,46.12,no
2026-10-05T03:13:07.627331Z,KXBTC15M-26OCT042315-15,0.2500,0.01,yes
2026-10-05T03:13:07.627331Z,KXBTC15M-26OCT042315-15,0.2500,0.01,yes
2026-10-05T03:13:07.627341Z,KXBTC15M-26OCT042315-15,0.2600,12.00,yes
2026-10-05T03:13:07.627341Z,KXBTC15M-26OCT042315-15,0.2600,7.69,yes
2026-10-05T03:13:07.627341Z,KXBTC15M-26OCT042315-15,0.2600,25.00,yes
2026-10-05T03:13:07.627341Z,KXBTC15M-26OCT042315-15,0.2600,4.31,yes
2026-10-05T03:13:07.628429Z,KXBTC15M-26OCT042315-15,0.2500,35.86,no
2026-10-05T03:13:07.628555Z,KXBTC15M-26OCT042315-15,0.2600,0.01,yes
2026-10-05T03:13:07.628555Z,KXBTC15M-26OCT042315-15,0.2600,4.31,yes
2026-10-05T03:13:07.628555Z,KXBTC15M-26OCT042315-15,0.2600,6.00,yes
2026-10-05T03:13:07.628555Z,KXBTC15M-26OCT042315-15,0.2600,6.00,yes
2026-10-05T03:13:07.634688Z,KXBTC15M-26OCT042315-15,0.2600,6.08,no
2026-10-05T03:13:07.639647Z,KXBTC15M-26OCT042315-15,0.2600,5.87,no
2026-10-05T03:13:07.644639Z,KXBTC15M-26OCT042315-15,0.2600,1.00,no
2026-10-05T03:13:07.645223Z,KXBTC15M-26OCT042315-15,0.2600,118.95,no
2026-10-05T03:13:07.645223Z,KXBTC15M-26OCT042315-15,0.2600,187.05,no
2026-10-05T03:13:07.658759Z,KXBTC15M-26OCT042315-15,0.2600,1.00,no
2026-10-05T03:13:07.659002Z,KXBTC15M-26OCT042315-15,0.2600,1.00,no
2026-10-05T03:13:07.659846Z,KXBTC15M-26OCT042315-15,0.2600,1.00,no
2026-10-05T03:13:07.68159Z,KXBTC15M-26OCT042315-15,0.2600,16.00,no
2026-10-05T03:13:07.719545Z,KXBTC15M-26OCT042315-15,0.2600,320.00,no
2026-10-05T03:13:07.734944Z,KXBTC15M-26OCT042315-15,0.2600,23.81,no
2026-10-05T03:13:07.739916Z,KXBTC15M-26OCT042315-15,0.2700,4.00,yes
2026-10-05T03:13:07.739916Z,KXBTC15M-26OCT042315-15,0.2700,1.00,yes
2026-10-05T03:13:07.759905Z,KXBTC15M-26OCT042315-15,0.2700,5.00,yes
2026-10-05T03:13:07.77514Z,KXBTC15M-26OCT042315-15,0.2600,33.68,no
2026-10-05T03:13:07.820026Z,KXBTC15M-26OCT042315-15,0.2600,64.65,no
2026-10-05T03:13:07.832035Z,KXBTC15M-26OCT042315-15,0.2600,6.00,no
2026-10-05T03:13:07.864311Z,KXBTC15M-26OCT042315-15,0.2600,0.50,no
2026-10-05T03:13:07.883022Z,KXBTC15M-26OCT042315-15,0.2600,13.14,no
2026-10-05T03:13:07.895494Z,KXBTC15M-26OCT042315-15,0.2600,9.66,no
2026-10-05T03:13:07.934211Z,KXBTC15M-26OCT042315-15,0.2600,2.00,no
2026-10-05T03:13:07.939418Z,KXBTC15M-26OCT042315-15,0.2600,60.70,no
2026-10-05T03:13:07.939418Z,KXBTC15M-26OCT042315-15,0.2600,0.01,no
2026-10-05T03:13:07.939418Z,KXBTC15M-26OCT042315-15,0.2600,130.29,no
2026-10-05T03:13:07.965606Z,KXBTC15M-26OCT042315-15,0.2600,0.46,no
2026-10-05T03:13:07.979912Z,KXBTC15M-26OCT042315-15,0.2600,1.84,no
2026-10-05T03:13:07.981736Z,KXBTC15M-26OCT042315-15,0.2600,10.00,no
2026-10-05T03:13:08.043633Z,KXBTC15M-26OCT042315-15,0.2000,23.86,no
2026-10-05T03:13:08.043633Z,KXBTC15M-26OCT042315-15,0.2500,164.14,no
2026-10-05T03:13:08.043633Z,KXBTC15M-26OCT042315-15,0.2500,162.00,no
2026-10-05T03:13:08.043633Z,KXBTC15M-26OCT042315-15,0.2100,200.00,no
2026-10-05T03:13:08.043633Z,KXBTC15M-26OCT042315-15,0.2300,1047.00,no
2026-10-05T03:13:08.043633Z,KXBTC15M-26OCT042315-15,0.2200,15.00,no
2026-10-05T03:13:08.043633Z,KXBTC15M-26OCT042315-15,0.2200,64.00,no
2026-10-05T03:13:08.043633Z,KXBTC15M-26OCT042315-15,0.2600,0.01,no
2026-10-05T03:13:08.043633Z,KXBTC15M-26OCT042315-15,0.2600,0.01,no
2026-10-05T03:13:08.043633Z,KXBTC15M-26OCT042315-15,0.2100,1047.00,no
2026-10-05T03:13:08.043633Z,KXBTC15M-26OCT042315-15,0.2300,21.00,no
2026-10-05T03:13:08.043633Z,KXBTC15M-26OCT042315-15,0.2200,500.00,no
2026-10-05T03:13:08.043633Z,KXBTC15M-26OCT042315-15,0.2400,1047.00,no
2026-10-05T03:13:08.043633Z,KXBTC15M-26OCT042315-15,0.2200,93.75,no
2026-10-05T03:13:08.043633Z,KXBTC15M-26OCT042315-15,0.2200,1047.00,no
2026-10-05T03:13:08.043633Z,KXBTC15M-26OCT042315-15,0.2200,93.75,no
2026-10-05T03:13:08.043633Z,KXBTC15M-26OCT042315-15,0.2200,15.00,no
2026-10-05T03:13:08.043633Z,KXBTC15M-26OCT042315-15,0.2400,153.88,no
2026-10-05T03:13:08.043633Z,KXBTC15M-26OCT042315-15,0.2400,34.00,no
2026-10-05T03:13:08.043633Z,KXBTC15M-26OCT042315-15,0.2400,325.00,no
2026-10-05T03:13:08.043633Z,KXBTC15M-26OCT042315-15,0.2600,25.52,no
2026-10-05T03:13:08.043633Z,KXBTC15M-26OCT042315-15,0.2200,199.98,no
2026-10-05T03:13:08.043633Z,KXBTC15M-26OCT042315-15,0.2600,257.41,no
2026-10-05T03:13:08.043633Z,KXBTC15M-26OCT042315-15,0.2000,200.00,no
2026-10-05T03:13:08.043633Z,KXBTC15M-26OCT042315-15,0.2500,110.00,no
2026-10-05T03:13:08.043633Z,KXBTC15M-26OCT042315-15,0.2200,22.00,no
2026-10-05T03:13:08.043633Z,KXBTC15M-26OCT042315-15,0.2600,162.00,no
2026-10-05T03:13:08.043633Z,KXBTC15M-26OCT042315-15,0.2500,313.69,no
2026-10-05T03:13:08.043633Z,KXBTC15M-26OCT042315-15,0.2600,10.00,no
2026-10-05T03:13:08.043633Z,KXBTC15M-26OCT042315-15,0.2100,23.00,no
2026-10-05T03:13:08.043633Z,KXBTC15M-26OCT042315-15,0.2300,6.00,no
2026-10-05T03:13:08.043633Z,KXBTC15M-26OCT042315-15,0.2300,10.00,no
2026-10-05T03:13:08.043633Z,KXBTC15M-26OCT042315-15,0.2100,10.00,no
2026-10-05T03:13:08.043633Z,KXBTC15M-26OCT042315-15,0.2500,99.00,no
2026-10-05T03:13:08.047069Z,KXBTC15M-26OCT042315-15,0.2000,26.44,no
2026-10-05T03:13:08.058657Z,KXBTC15M-26OCT042315-15,0.2400,20.00,yes
2026-10-05T03:13:08.065999Z,KXBTC15M-26OCT042315-15,0.2300,13.47,no
2026-10-05T03:13:08.074166Z,KXBTC15M-26OCT042315-15,0.2300,38.64,no
2026-10-05T03:13:08.082531Z,KXBTC15M-26OCT042315-15,0.2300,1254.95,no
2026-10-05T03:13:08.12165Z,KXBTC15M-26OCT042315-15,0.2300,1.00,no
2026-10-05T03:13:08.151189Z,KXBTC15M-26OCT042315-15,0.2300,0.01,no
2026-10-05T03:13:08.151189Z,KXBTC15M-26OCT042315-15,0.2300,5.94,no
2026-10-05T03:13:08.251768Z,KXBTC15M-26OCT042315-15,0.2400,0.59,yes
2026-10-05T03:13:08.264573Z,KXBTC15M-26OCT042315-15,0.2400,20.00,yes
2026-10-05T03:13:08.264802Z,KXBTC15M-26OCT042315-15,0.2400,20.00,yes
2026-10-05T03:13:08.315415Z,KXBTC15M-26OCT042315-15,0.2400,3.52,yes
2026-10-05T03:13:08.321387Z,KXBTC15M-26OCT042315-15,0.2400,585.50,yes
2026-10-05T03:13:08.361525Z,KXBTC15M-26OCT042315-15,0.2400,3.52,yes
2026-10-05T03:13:08.364248Z,KXBTC15M-26OCT042315-15,0.2400,7.04,yes
2026-10-05T03:13:08.407174Z,KXBTC15M-26OCT042315-15,0.2300,135.37,no
2026-10-05T03:13:08.424386Z,KXBTC15M-26OCT042315-15,0.2400,20.00,yes
2026-10-05T03:13:08.4794Z,KXBTC15M-26OCT042315-15,0.2300,1.29,no
2026-10-05T03:13:08.497438Z,KXBTC15M-26OCT042315-15,0.2000,996.70,no
2026-10-05T03:13:08.497438Z,KXBTC15M-26OCT042315-15,0.2100,200.00,no
2026-10-05T03:13:08.497438Z,KXBTC15M-26OCT042315-15,0.2100,64.00,no
2026-10-05T03:13:08.497438Z,KXBTC15M-26OCT042315-15,0.2300,21.00,no
2026-10-05T03:13:08.497438Z,KXBTC15M-26OCT042315-15,0.2300,257.40,no
2026-10-05T03:13:08.497438Z,KXBTC15M-26OCT042315-15,0.2100,6.00,no
2026-10-05T03:13:08.497438Z,KXBTC15M-26OCT042315-15,0.2300,133.00,no
2026-10-05T03:13:08.497438Z,KXBTC15M-26OCT042315-15,0.2300,10.00,no
2026-10-05T03:13:08.497438Z,KXBTC15M-26OCT042315-15,0.2100,23.00,no
2026-10-05T03:13:08.497438Z,KXBTC15M-26OCT042315-15,0.2000,161.89,no
2026-10-05T03:13:08.497438Z,KXBTC15M-26OCT042315-15,0.2200,500.00,no
2026-10-05T03:13:08.497438Z,KXBTC15M-26OCT042315-15,0.2300,162.00,no
2026-10-05T03:13:08.497438Z,KXBTC15M-26OCT042315-15,0.2300,10.00,no
2026-10-05T03:13:08.497438Z,KXBTC15M-26OCT042315-15,0.2300,20.00,no
2026-10-05T03:13:08.497438Z,KXBTC15M-26OCT042315-15,0.2000,15.00,no
2026-10-05T03:13:08.497438Z,KXBTC15M-26OCT042315-15,0.2200,195.00,no
2026-10-05T03:13:08.497438Z,KXBTC15M-26OCT042315-15,0.2200,150.00,no
2026-10-05T03:13:08.497438Z,KXBTC15M-26OCT042315-15,0.2300,0.01,no
2026-10-05T03:13:08.497438Z,KXBTC15M-26OCT042315-15,0.2300,5.00,no
2026-10-05T03:13:08.497438Z,KXBTC15M-26OCT042315-15,0.2200,21.00,no
2026-10-05T03:13:08.506419Z,KXBTC15M-26OCT042315-15,0.2100,1.68,no
2026-10-05T03:13:08.522804Z,KXBTC15M-26OCT042315-15,0.2200,22.00,yes
2026-10-05T03:13:08.552655Z,KXBTC15M-26OCT042315-15,0.2100,21.32,no
2026-10-05T03:13:08.552655Z,KXBTC15M-26OCT042315-15,0.2100,24.72,no
2026-10-05T03:13:08.568515Z,KXBTC15M-26OCT042315-15,0.2200,0.39,yes
2026-10-05T03:13:08.595526Z,KXBTC15M-26OCT042315-15,0.2100,5.25,no
2026-10-05T03:13:08.596288Z,KXBTC15M-26OCT042315-15,0.2200,0.70,yes
2026-10-05T03:13:08.631421Z,KXBTC15M-26OCT042315-15,0.2200,19.78,yes
2026-10-05T03:13:08.646618Z,KXBTC15M-26OCT042315-15,0.2100,20.49,no
2026-10-05T03:13:08.647166Z,KXBTC15M-26OCT042315-15,0.2200,0.02,yes
2026-10-05T03:13:08.687188Z,KXBTC15M-26OCT042315-15,0.2100,0.01,no
2026-10-05T03:13:08.687188Z,KXBTC15M-26OCT042315-15,0.2100,365.76,no
2026-10-05T03:13:08.687188Z,KXBTC15M-26OCT042315-15,0.2100,49.54,no
2026-10-05T03:13:08.687188Z,KXBTC15M-26OCT042315-15,0.2100,5.00,no
2026-10-05T03:13:08.702197Z,KXBTC15M-26OCT042315-15,0.2100,17.36,no
2026-10-05T03:13:08.702197Z,KXBTC15M-26OCT042315-15,0.2100,34.24,no
2026-10-05T03:13:08.702197Z,KXBTC15M-26OCT042315-15,0.2100,23.00,no
2026-10-05T03:13:08.708651Z,KXBTC15M-26OCT042315-15,0.2100,2.49,no
2026-10-05T03:13:08.741118Z,KXBTC15M-26OCT042315-15,0.2100,10.50,no
2026-10-05T03:13:08.742407Z,KXBTC15M-26OCT042315-15,0.2200,20.00,yes
2026-10-05T03:13:08.825267Z,KXBTC15M-26OCT042315-15,0.2200,70.00,yes
2026-10-05T03:13:08.833531Z,KXBTC15M-26OCT042315-15,0.2200,60.00,yes
2026-10-05T03:13:08.903983Z,KXBTC15M-26OCT042315-15,0.2100,16.84,no
2026-10-05T03:13:08.923476Z,KXBTC15M-26OCT042315-15,0.2100,2.98,no
2026-10-05T03:13:08.941863Z,KXBTC15M-26OCT042315-15,0.2200,3.00,yes
2026-10-05T03:13:08.990877Z,KXBTC15M-26OCT042315-15,0.2100,11.80,no
2026-10-05T03:13:08.991884Z,KXBTC15M-26OCT042315-15,0.2100,5.25,no
2026-10-05T03:13:09.016484Z,KXBTC15M-26OCT042315-15,0.2200,356.05,yes
2026-10-05T03:13:09.023648Z,KXBTC15M-26OCT042315-15,0.2100,5.52,no
2026-10-05T03:13:09.028055Z,KXBTC15M-26OCT042315-15,0.2200,2.15,yes
2026-10-05T03:13:09.030019Z,KXBTC15M-26OCT042315-15,0.2100,9.52,no
2026-10-05T03:13:09.040469Z,KXBTC15M-26OCT042315-15,0.2200,22.00,yes
2026-10-05T03:13:09.049112Z,KXBTC15M-26OCT042315-15,0.2100,2.49,no
2026-10-05T03:13:09.100794Z,KXBTC15M-26OCT042315-15,0.2100,43.30,no
2026-10-05T03:13:09.107018Z,KXBTC15M-26OCT042315-15,0.2200,25.00,yes
2026-10-05T03:13:09.167525Z,KXBTC15M-26OCT042315-15,0.2200,20.00,yes
2026-10-05T03:13:09.22547Z,KXBTC15M-26OCT042315-15,0.2100,26.26,no
2026-10-05T03:13:09.295677Z,KXBTC15M-26OCT042315-15,0.2100,26.82,no
2026-10-05T03:13:09.343584Z,KXBTC15M-26OCT042315-15,0.2200,0.01,yes
2026-10-05T03:13:09.343584Z,KXBTC15M-26OCT042315-15,0.2200,0.01,yes
2026-10-05T03:13:09.343584Z,KXBTC15M-26OCT042315-15,0.2200,22.48,yes
2026-10-05T03:13:09.343584Z,KXBTC15M-26OCT042315-15,0.2200,12.50,yes
2026-10-05T03:13:09.343584Z,KXBTC15M-26OCT042315-15,0.2200,6.00,yes
2026-10-05T03:13:09.366789Z,KXBTC15M-26OCT042315-15,0.2100,0.31,no
2026-10-05T03:13:09.393831Z,KXBTC15M-26OCT042315-15,0.2100,6.23,no
2026-10-05T03:13:09.394988Z,KXBTC15M-26OCT042315-15,0.2200,21.55,yes
2026-10-05T03:13:09.412624Z,KXBTC15M-26OCT042315-15,0.2100,110.47,no
2026-10-05T03:13:09.412624Z,KXBTC15M-26OCT042315-15,0.2100,5.00,no
2026-10-05T03:13:09.412624Z,KXBTC15M-26OCT042315-15,0.2100,399.27,no
2026-10-05T03:13:09.412624Z,KXBTC15M-26OCT042315-15,0.2100,109.00,no
2026-10-05T03:13:09.413765Z,KXBTC15M-26OCT042315-15,0.2100,0.54,no
2026-10-05T03:13:09.44782Z,KXBTC15M-26OCT042315-15,0.2100,0.29,no
2026-10-05T03:13:09.44782Z,KXBTC15M-26OCT042315-15,0.2100,6.00,no
2026-10-05T03:13:09.44782Z,KXBTC15M-26OCT042315-15,0.2100,0.19,no
2026-10-05T03:13:09.454865Z,KXBTC15M-26OCT042315-15,0.2100,11.84,no
2026-10-05T03:13:09.454865Z,KXBTC15M-26OCT042315-15,0.2100,93.71,no
2026-10-05T03:13:09.454865Z,KXBTC15M-26OCT042315-15,0.2100,25.42,no
2026-10-05T03:13:09.49366Z,KXBTC15M-26OCT042315-15,0.2200,0.01,yes
2026-10-05T03:13:09.49366Z,KXBTC15M-26OCT042315-15,0.2200,0.01,yes
2026-10-05T03:13:09.629608Z,KXBTC15M-26OCT042315-15,0.2300,2.10,yes
2026-10-05T03:13:09.657614Z,KXBTC15M-26OCT042315-15,0.2200,27.44,no
2026-10-05T03:13:09.735741Z,KXBTC15M-26OCT042315-15,0.2200,6.23,no
2026-10-05T03:13:09.741459Z,KXBTC15M-26OCT042315-15,0.2300,8.00,yes
2026-10-05T03:13:09.783276Z,KXBTC15M-26OCT042315-15,0.2300,0.92,yes
2026-10-05T03:13:09.812548Z,KXBTC15M-26OCT042315-15,0.2300,5.00,yes
2026-10-05T03:13:09.828128Z,KXBTC15M-26OCT042315-15,0.2300,25.00,yes
2026-10-05T03:13:09.849519Z,KXBTC15M-26OCT042315-15,0.2300,19.96,yes
2026-10-05T03:13:09.861612Z,KXBTC15M-26OCT042315-15,0.2200,24.94,no
2026-10-05T03:13:09.877037Z,KXBTC15M-26OCT042315-15,0.2200,5.55,no
2026-10-05T03:13:09.888795Z,KXBTC15M-26OCT042315-15,0.2200,9.96,no
2026-10-05T03:13:09.93874Z,KXBTC15M-26OCT042315-15,0.2300,12.37,yes
2026-10-05T03:13:09.944327Z,KXBTC15M-26OCT042315-15,0.2200,0.13,no
2026-10-05T03:13:09.967484Z,KXBTC15M-26OCT042315-15,0.2300,1.03,yes
2026-10-05T03:13:10.038707Z,KXBTC15M-26OCT042315-15,0.2200,1.55,no
2026-10-05T03:13:10.081087Z,KXBTC15M-26OCT042315-15,0.2200,6.31,no
2026-10-05T03:13:10.143167Z,KXBTC15M-26OCT042315-15,0.2300,31.00,yes
2026-10-05T03:13:10.152287Z,KXBTC15M-26OCT042315-15,0.2300,82.50,yes
2026-10-05T03:13:10.17689Z,KXBTC15M-26OCT042315-15,0.2300,1008.33,yes
2026-10-05T03:13:10.17901Z,KXBTC15M-26OCT042315-15,0.2200,54.30,no
2026-10-05T03:13:10.22533Z,KXBTC15M-26OCT042315-15,0.2200,21.39,no
2026-10-05T03:13:10.237692Z,KXBTC15M-26OCT042315-15,0.2200,4.12,no
2026-10-05T03:13:10.246205Z,KXBTC15M-26OCT042315-15,0.2200,1.57,no
2026-10-05T03:13:10.259236Z,KXBTC15M-26OCT042315-15,0.2300,20.62,yes
2026-10-05T03:13:10.275667Z,KXBTC15M-26OCT042315-15,0.2300,432.00,yes
2026-10-05T03:13:10.27762Z,KXBTC15M-26OCT042315-15,0.2300,42.00,yes
2026-10-05T03:13:10.297375Z,KXBTC15M-26OCT042315-15,0.2300,32.00,yes
2026-10-05T03:13:10.392311Z,KXBTC15M-26OCT042315-15,0.2200,4.98,no
2026-10-05T03:13:10.435631Z,KXBTC15M-26OCT042315-15,0.2200,5.00,no
2026-10-05T03:13:10.435631Z,KXBTC15M-26OCT042315-15,0.2200,31.53,no
2026-10-05T03:13:10.435631Z,KXBTC15M-26OCT042315-15,0.2200,26.60,no
2026-10-05T03:13:10.448653Z,KXBTC15M-26OCT042315-15,0.2300,0.01,yes
2026-10-05T03:13:10.448653Z,KXBTC15M-26OCT042315-15,0.2300,0.01,yes
2026-10-05T03:13:10.448653Z,KXBTC15M-26OCT042315-15,0.2300,5.00,yes
2026-10-05T03:13:10.448653Z,KXBTC15M-26OCT042315-15,0.2300,1418.17,yes
2026-10-05T03:13:10.448653Z,KXBTC15M-26OCT042315-15,0.2300,500.00,yes
2026-10-05T03:13:10.450052Z,KXBTC15M-26OCT042315-15,0.2400,55.69,yes
2026-10-05T03:13:10.450426Z,KXBTC15M-26OCT042315-15,0.2300,52.91,no
2026-10-05T03:13:10.455017Z,KXBTC15M-26OCT042315-15,0.2200,773.40,no
2026-10-05T03:13:10.455017Z,KXBTC15M-26OCT042315-15,0.2200,400.00,no
2026-10-05T03:13:10.455017Z,KXBTC15M-26OCT042315-15,0.2200,162.00,no
2026-10-05T03:13:10.455017Z,KXBTC15M-26OCT042315-15,0.2200,0.01,no
2026-10-05T03:13:10.455017Z,KXBTC15M-26OCT042315-15,0.2200,22.00,no
2026-10-05T03:13:10.455017Z,KXBTC15M-26OCT042315-15,0.2200,50.00,no
2026-10-05T03:13:10.455017Z,KXBTC15M-26OCT042315-15,0.2200,22.00,no
2026-10-05T03:13:10.455017Z,KXBTC15M-26OCT042315-15,0.2300,5.00,no
2026-10-05T03:13:10.455017Z,KXBTC15M-26OCT042315-15,0.2200,0.01,no
2026-10-05T03:13:10.455017Z,KXBTC15M-26OCT042315-15,0.2300,147.09,no
2026-10-05T03:13:10.455017Z,KXBTC15M-26OCT042315-15,0.2200,150.00,no
2026-10-05T03:13:10.455847Z,KXBTC15M-26OCT042315-15,0.2100,58.99,no
2026-10-05T03:13:10.457294Z,KXBTC15M-26OCT042315-15,0.2100,56.39,no
2026-10-05T03:13:10.482651Z,KXBTC15M-26OCT042315-15,0.2100,84.00,no
2026-10-05T03:13:10.482651Z,KXBTC15M-26OCT042315-15,0.2100,0.01,no
2026-10-05T03:13:10.482651Z,KXBTC15M-26OCT042315-15,0.2100,5.00,no
2026-10-05T03:13:10.482651Z,KXBTC15M-26OCT042315-15,0.2100,0.01,no
2026-10-05T03:13:10.511297Z,KXBTC15M-26OCT042315-15,0.2100,5.55,no
2026-10-05T03:13:10.515843Z,KXBTC15M-26OCT042315-15,0.2200,52.00,yes
2026-10-05T03:13:10.51649Z,KXBTC15M-26OCT042315-15,0.2200,25.00,yes
2026-10-05T03:13:10.519492Z,KXBTC15M-26OCT042315-15,0.2100,1.23,no
2026-10-05T03:13:10.527861Z,KXBTC15M-26OCT042315-15,0.2100,11.08,no
2026-10-05T03:13:10.549963Z,KXBTC15M-26OCT042315-15,0.2200,77.00,yes
2026-10-05T03:13:10.588701Z,KXBTC15M-26OCT042315-15,0.2100,126.60,no
2026-10-05T03:13:10.626573Z,KXBTC15M-26OCT042315-15,0.2100,5.90,no
2026-10-05T03:13:10.64561Z,KXBTC15M-26OCT042315-15,0.2100,26.26,no
2026-10-05T03:13:10.646202Z,KXBTC15M-26OCT042315-15,0.2200,41.25,yes
2026-10-05T03:13:10.715485Z,KXBTC15M-26OCT042315-15,0.2200,20.00,yes
2026-10-05T03:13:10.72161Z,KXBTC15M-26OCT042315-15,0.2200,20.62,yes
2026-10-05T03:13:10.755326Z,KXBTC15M-26OCT042315-15,0.2100,52.53,no
2026-10-05T03:13:10.75738Z,KXBTC15M-26OCT042315-15,0.2200,8.25,yes
2026-10-05T03:13:10.795932Z,KXBTC15M-26OCT042315-15,0.2200,41.25,yes
2026-10-05T03:13:10.84767Z,KXBTC15M-26OCT042315-15,0.2200,258.60,yes
2026-10-05T03:13:10.864626Z,KXBTC15M-26OCT042315-15,0.2200,43.10,yes
2026-10-05T03:13:10.88404Z,KXBTC15M-26OCT042315-15,0.2100,52.53,no
2026-10-05T03:13:10.896388Z,KXBTC15M-26OCT042315-15,0.2100,31.64,no
2026-10-05T03:13:10.952621Z,KXBTC15M-26OCT042315-15,0.2200,3.45,yes
2026-10-05T03:13:10.974589Z,KXBTC15M-26OCT042315-15,0.2200,4.31,yes
2026-10-05T03:13:10.974896Z,KXBTC15M-26OCT042315-15,0.2100,0.63,no
2026-10-05T03:13:10.980683Z,KXBTC15M-26OCT042315-15,0.2200,22.00,yes
2026-10-05T03:13:11.000543Z,KXBTC15M-26OCT042315-15,0.2200,8.62,yes
2026-10-05T03:13:11.044434Z,KXBTC15M-26OCT042315-15,0.2100,2.66,no
2026-10-05T03:13:11.068042Z,KXBTC15M-26OCT042315-15,0.2200,5.80,yes
2026-10-05T03:13:11.08454Z,KXBTC15M-26OCT042315-15,0.2200,100.00,yes
2026-10-05T03:13:11.1109Z,KXBTC15M-26OCT042315-15,0.2100,2.62,no
2026-10-05T03:13:11.145826Z,KXBTC15M-26OCT042315-15,0.2200,4.31,yes
2026-10-05T03:13:11.160676Z,KXBTC15M-26OCT042315-15,0.2200,25.00,yes
2026-10-05T03:13:11.171996Z,KXBTC15M-26OCT042315-15,0.2100,6.18,no
2026-10-05T03:13:11.180728Z,KXBTC15M-26OCT042315-15,0.2200,1.50,yes
2026-10-05T03:13:11.214734Z,KXBTC15M-26OCT042315-15,0.2200,43.10,yes
2026-10-05T03:13:11.338759Z,KXBTC15M-26OCT042315-15,0.2200,241.84,yes
2026-10-05T03:13:11.338759Z,KXBTC15M-26OCT042315-15,0.2200,0.01,yes
2026-10-05T03:13:11.338759Z,KXBTC15M-26OCT042315-15,0.2200,0.01,yes
2026-10-05T03:13:11.338759Z,KXBTC15M-26OCT042315-15,0.2200,1.00,yes
2026-10-05T03:13:11.338759Z,KXBTC15M-26OCT042315-15,0.2200,157.14,yes
2026-10-05T03:13:11.365083Z,KXBTC15M-26OCT042315-15,0.2200,8.62,yes
2026-10-05T03:13:11.393108Z,KXBTC15M-26OCT042315-15,0.2100,3.94,no
2026-10-05T03:13:11.402875Z,KXBTC15M-26OCT042315-15,0.2200,21.55,yes
2026-10-05T03:13:11.428835Z,KXBTC15M-26OCT042315-15,0.2100,8.04,no
2026-10-05T03:13:11.454278Z,KXBTC15M-26OCT042315-15,0.2200,3.50,yes
2026-10-05T03:13:11.47996Z,KXBTC15M-26OCT042315-15,0.2200,21.55,yes
2026-10-05T03:13:11.520707Z,KXBTC15M-26OCT042315-15,0.2200,4.27,yes
2026-10-05T03:13:11.52305Z,KXBTC15M-26OCT042315-15,0.2200,25.00,yes
2026-10-05T03:13:11.54659Z,KXBTC15M-26OCT042315-15,0.2100,1.24,no
2026-10-05T03:13:11.583655Z,KXBTC15M-26OCT042315-15,0.2200,2.31,yes
2026-10-05T03:13:11.583655Z,KXBTC15M-26OCT042315-15,0.2200,2.00,yes
2026-10-05T03:13:11.593841Z,KXBTC15M-26OCT042315-15,0.2200,0.62,yes
2026-10-05T03:13:11.593841Z,KXBTC15M-26OCT042315-15,0.2200,3.69,yes
2026-10-05T03:13:11.604855Z,KXBTC15M-26OCT042315-15,0.2200,22.00,yes
2026-10-05T03:13:11.608334Z,KXBTC15M-26OCT042315-15,0.2200,22.00,yes
2026-10-05T03:13:11.633763Z,KXBTC15M-26OCT042315-15,0.2100,5.55,no
2026-10-05T03:13:11.651934Z,KXBTC15M-26OCT042315-15,0.2200,2.15,yes
2026-10-05T03:13:11.652997Z,KXBTC15M-26OCT042315-15,0.2100,4.99,no
2026-10-05T03:13:11.696942Z,KXBTC15M-26OCT042315-15,0.2200,12.93,yes
2026-10-05T03:13:11.721275Z,KXBTC15M-26OCT042315-15,0.2100,35.16,no
2026-10-05T03:13:11.721275Z,KXBTC15M-26OCT042315-15,0.2100,5.00,no
2026-10-05T03:13:11.721275Z,KXBTC15M-26OCT042315-15,0.2100,50.83,no
2026-10-05T03:13:11.721275Z,KXBTC15M-26OCT042315-15,0.2100,0.01,no
2026-10-05T03:13:11.728526Z,KXBTC15M-26OCT042315-15,0.2100,3.74,no
2026-10-05T03:13:11.732549Z,KXBTC15M-26OCT042315-15,0.2200,4.31,yes
2026-10-05T03:13:11.748191Z,KXBTC15M-26OCT042315-15,0.2200,1.99,yes
2026-10-05T03:13:11.76468Z,KXBTC15M-26OCT042315-15,0.2100,149.99,no
2026-10-05T03:13:11.76468Z,KXBTC15M-26OCT042315-15,0.2100,0.01,no
2026-10-05T03:13:11.795771Z,KXBTC15M-26OCT042315-15,0.2200,2.03,yes
2026-10-05T03:13:11.808491Z,KXBTC15M-26OCT042315-15,0.2200,21.55,yes
2026-10-05T03:13:11.817461Z,KXBTC15M-26OCT042315-15,0.2100,0.01,no
2026-10-05T03:13:11.817461Z,KXBTC15M-26OCT042315-15,0.2100,4.67,no
2026-10-05T03:13:11.817461Z,KXBTC15M-26OCT042315-15,0.2100,0.48,no
2026-10-05T03:13:11.817461Z,KXBTC15M-26OCT042315-15,0.2100,25.44,no
2026-10-05T03:13:11.817461Z,KXBTC15M-26OCT042315-15,0.2100,0.01,no
2026-10-05T03:13:11.817461Z,KXBTC15M-26OCT042315-15,0.2100,0.57,no
2026-10-05T03:13:11.824638Z,KXBTC15M-26OCT042315-15,0.2100,6.00,no
2026-10-05T03:13:11.852148Z,KXBTC15M-26OCT042315-15,0.2100,0.01,no
2026-10-05T03:13:11.852421Z,KXBTC15M-26OCT042315-15,0.2200,3.14,yes
2026-10-05T03:13:11.858692Z,KXBTC15M-26OCT042315-15,0.2200,16.00,yes
2026-10-05T03:13:11.860505Z,KXBTC15M-26OCT042315-15,0.2100,99.79,no
2026-10-05T03:13:11.901159Z,KXBTC15M-26OCT042315-15,0.2200,18.00,yes
2026-10-05T03:13:11.90199Z,KXBTC15M-26OCT042315-15,0.2200,72.00,yes
2026-10-05T03:13:11.908061Z,KXBTC15M-26OCT042315-15,0.2200,18.00,yes
2026-10-05T03:13:11.919125Z,KXBTC15M-26OCT042315-15,0.2200,18.00,yes
2026-10-05T03:13:11.921151Z,KXBTC15M-26OCT042315-15,0.2200,18.00,yes
2026-10-05T03:13:11.922349Z,KXBTC15M-26OCT042315-15,0.2200,18.00,yes
2026-10-05T03:13:11.976163Z,KXBTC15M-26OCT042315-15,0.2100,12.47,no
2026-10-05T03:13:11.978232Z,KXBTC15M-26OCT042315-15,0.2100,400.00,no
2026-10-05T03:13:11.978232Z,KXBTC15M-26OCT042315-15,0.2100,34.00,no
2026-10-05T03:13:11.978232Z,KXBTC15M-26OCT042315-15,0.2100,87.73,no
2026-10-05T03:13:11.978232Z,KXBTC15M-26OCT042315-15,0.2100,12.50,no
2026-10-05T03:13:11.978524Z,KXBTC15M-26OCT042315-15,0.2000,24.00,no
2026-10-05T03:13:11.978524Z,KXBTC15M-26OCT042315-15,0.2000,24.00,no
2026-10-05T03:13:11.978524Z,KXBTC15M-26OCT042315-15,0.2000,500.00,no
2026-10-05T03:13:11.978524Z,KXBTC15M-26OCT042315-15,0.2000,150.00,no
2026-10-05T03:13:11.978524Z,KXBTC15M-26OCT042315-15,0.2000,1.12,no
2026-10-05T03:13:11.978524Z,KXBTC15M-26OCT042315-15,0.2000,1.14,no
2026-10-05T03:13:11.978524Z,KXBTC15M-26OCT042315-15,0.2000,195.00,no
2026-10-05T03:13:11.979679Z,KXBTC15M-26OCT042315-15,0.1900,26.00,no
2026-10-05T03:13:11.979679Z,KXBTC15M-26OCT042315-15,0.1900,5.00,no
2026-10-05T03:13:11.979679Z,KXBTC15M-26OCT042315-15,0.1900,97.00,no
2026-10-05T03:13:11.979679Z,KXBTC15M-26OCT042315-15,0.1900,325.00,no
2026-10-05T03:13:11.979688Z,KXBTC15M-26OCT042315-15,0.1800,39.69,no
2026-10-05T03:13:11.979799Z,KXBTC15M-26OCT042315-15,0.1800,36.16,no
2026-10-05T03:13:11.980195Z,KXBTC15M-26OCT042315-15,0.1800,32.44,no
2026-10-05T03:13:11.981406Z,KXBTC15M-26OCT042315-15,0.1800,102.00,no
2026-10-05T03:13:11.98147Z,KXBTC15M-26OCT042315-15,0.1800,32.44,no
2026-10-05T03:13:11.982929Z,KXBTC15M-26OCT042315-15,0.1800,100.00,no
2026-10-05T03:13:11.983235Z,KXBTC15M-26OCT042315-15,0.1800,26.00,no
2026-10-05T03:13:11.983235Z,KXBTC15M-26OCT042315-15,0.1800,5.00,no
2026-10-05T03:13:11.983235Z,KXBTC15M-26OCT042315-15,0.1800,209.27,no
2026-10-05T03:13:11.98368Z,KXBTC15M-26OCT042315-15,0.1700,0.02,no
2026-10-05T03:13:11.985767Z,KXBTC15M-26OCT042315-15,0.1700,27.00,no
2026-10-05T03:13:11.985767Z,KXBTC15M-26OCT042315-15,0.1700,650.00,no
2026-10-05T03:13:11.985767Z,KXBTC15M-26OCT042315-15,0.1700,28.00,no
2026-10-05T03:13:11.985767Z,KXBTC15M-26OCT042315-15,0.1700,10.00,no
2026-10-05T03:13:11.985767Z,KXBTC15M-26OCT042315-15,0.1700,24.98,no
2026-10-05T03:13:11.992233Z,KXBTC15M-26OCT042315-15,0.1700,5.00,no
2026-10-05T03:13:11.994322Z,KXBTC15M-26OCT042315-15,0.1600,5.68,no
2026-10-05T03:13:11.999512Z,KXBTC15M-26OCT042315-15,0.1600,45.02,no
2026-10-05T03:13:12.000137Z,KXBTC15M-26OCT042315-15,0.1600,5.68,no
2026-10-05T03:13:12.001854Z,KXBTC15M-26OCT042315-15,0.1700,0.16,yes
2026-10-05T03:13:12.006399Z,KXBTC15M-26OCT042315-15,0.1600,28.42,no
2026-10-05T03:13:12.006733Z,KXBTC15M-26OCT042315-15,0.1600,220.00,no
2026-10-05T03:13:12.006971Z,KXBTC15M-26OCT042315-15,0.1700,10.00,yes
2026-10-05T03:13:12.010361Z,KXBTC15M-26OCT042315-15,0.1600,2.15,yes
2026-10-05T03:13:12.020229Z,KXBTC15M-26OCT042315-15,0.1600,5.00,yes
2026-10-05T03:13:12.033067Z,KXBTC15M-26OCT042315-15,0.1600,25.00,yes
2026-10-05T03:13:12.034446Z,KXBTC15M-26OCT042315-15,0.1600,1.00,yes
2026-10-05T03:13:12.076616Z,KXBTC15M-26OCT042315-15,0.1500,1.00,no
2026-10-05T03:13:12.076954Z,KXBTC15M-26OCT042315-15,0.1500,1.00,no
2026-10-05T03:13:12.082908Z,KXBTC15M-26OCT042315-15,0.1500,99.00,no
2026-10-05T03:13:12.085421Z,KXBTC15M-26OCT042315-15,0.1400,200.00,no
2026-10-05T03:13:12.092611Z,KXBTC15M-26OCT042315-15,0.1300,2.00,no
2026-10-05T03:13:12.093082Z,KXBTC15M-26OCT042315-15,0.1300,50.00,no
2026-10-05T03:13:12.093082Z,KXBTC15M-26OCT042315-15,0.1300,0.60,no
2026-10-05T03:13:12.093735Z,KXBTC15M-26OCT042315-15,0.1200,100.00,no
2026-10-05T03:13:12.093735Z,KXBTC15M-26OCT042315-15,0.1200,25.00,no
2026-10-05T03:13:12.094179Z,KXBTC15M-26OCT042315-15,0.1200,1.00,no
2026-10-05T03:13:12.095288Z,KXBTC15M-26OCT042315-15,0.1300,5.00,yes
2026-10-05T03:13:12.10127Z,KXBTC15M-26OCT042315-15,0.1100,0.02,no
2026-10-05T03:13:12.101443Z,KXBTC15M-26OCT042315-15,0.1100,8.00,no
2026-10-05T03:13:12.101501Z,KXBTC15M-26OCT042315-15,0.1100,5.00,no
2026-10-05T03:13:12.101501Z,KXBTC15M-26OCT042315-15,0.1100,16.98,no
2026-10-05T03:13:12.11008Z,KXBTC15M-26OCT042315-15,0.1000,325.00,no
2026-10-05T03:13:12.136437Z,KXBTC15M-26OCT042315-15,0.1100,0.43,yes
2026-10-05T03:13:12.139928Z,KXBTC15M-26OCT042315-15,0.1100,26.00,yes
2026-10-05T03:13:12.140413Z,KXBTC15M-26OCT042315-15,0.1100,24.00,yes
2026-10-05T03:13:12.140565Z,KXBTC15M-26OCT042315-15,0.1100,27.00,yes
2026-10-05T03:13:12.141574Z,KXBTC15M-26OCT042315-15,0.1100,31.00,yes
2026-10-05T03:13:12.143314Z,KXBTC15M-26OCT042315-15,0.1100,93.38,yes
2026-10-05T03:13:12.143314Z,KXBTC15M-26OCT042315-15,0.1100,91.57,yes
2026-10-05T03:13:12.143314Z,KXBTC15M-26OCT042315-15,0.1100,0.01,yes
2026-10-05T03:13:12.143314Z,KXBTC15M-26OCT042315-15,0.1100,5.00,yes
2026-10-05T03:13:12.143314Z,KXBTC15M-26OCT042315-15,0.1100,0.01,yes
2026-10-05T03:13:12.143314Z,KXBTC15M-26OCT042315-15,0.1100,12.50,yes
2026-10-05T03:13:12.143314Z,KXBTC15M-26OCT042315-15,0.1100,78.00,yes
2026-10-05T03:13:12.143314Z,KXBTC15M-26OCT042315-15,0.1100,10.00,yes
2026-10-05T03:13:12.148953Z,KXBTC15M-26OCT042315-15,0.1100,29.00,yes
2026-10-05T03:13:12.16228Z,KXBTC15M-26OCT042315-15,0.1100,1.00,yes
2026-10-05T03:13:12.16228Z,KXBTC15M-26OCT042315-15,0.1100,150.00,yes
2026-10-05T03:13:12.16228Z,KXBTC15M-26OCT042315-15,0.1100,200.00,yes
2026-10-05T03:13:12.16228Z,KXBTC15M-26OCT042315-15,0.1100,117.62,yes
2026-10-05T03:13:12.16228Z,KXBTC15M-26OCT042315-15,0.1100,0.01,yes
2026-10-05T03:13:12.16228Z,KXBTC15M-26OCT042315-15,0.1100,131.36,yes
2026-10-05T03:13:12.16228Z,KXBTC15M-26OCT042315-15,0.1100,0.01,yes
2026-10-05T03:13:12.16228Z,KXBTC15M-26OCT042315-15,0.1100,400.00,yes
2026-10-05T03:13:12.166164Z,KXBTC15M-26OCT042315-15,0.1100,83.03,yes
2026-10-05T03:13:12.166164Z,KXBTC15M-26OCT042315-15,0.1100,347.98,yes
2026-10-05T03:13:12.172172Z,KXBTC15M-26OCT042315-15,0.1100,3.00,yes
2026-10-05T03:13:12.17287Z,KXBTC15M-26OCT042315-15,0.1100,5.69,yes
2026-10-05T03:13:12.184087Z,KXBTC15M-26OCT042315-15,0.1000,4.00,no
2026-10-05T03:13:12.184219Z,KXBTC15M-26OCT042315-15,0.1000,38.00,no
2026-10-05T03:13:12.212037Z,KXBTC15M-26OCT042315-15,0.1100,0.01,yes
2026-10-05T03:13:12.212037Z,KXBTC15M-26OCT042315-15,0.1100,0.01,yes
2026-10-05T03:13:12.212037Z,KXBTC15M-26OCT042315-15,0.1100,86.18,yes
2026-10-05T03:13:12.257265Z,KXBTC15M-26OCT042315-15,0.1100,27.00,yes
2026-10-05T03:13:12.259757Z,KXBTC15M-26OCT042315-15,0.1100,21.55,yes
2026-10-05T03:13:12.287194Z,KXBTC15M-26OCT042315-15,0.1100,63.00,yes
2026-10-05T03:13:12.309436Z,KXBTC15M-26OCT042315-15,0.1100,22.72,yes
2026-10-05T03:13:12.309761Z,KXBTC15M-26OCT042315-15,0.1100,287.03,yes
2026-10-05T03:13:12.309761Z,KXBTC15M-26OCT042315-15,0.1100,0.01,yes
2026-10-05T03:13:12.309761Z,KXBTC15M-26OCT042315-15,0.1100,150.00,yes
2026-10-05T03:13:12.309761Z,KXBTC15M-26OCT042315-15,0.1100,0.01,yes
2026-10-05T03:13:12.309761Z,KXBTC15M-26OCT042315-15,0.1100,400.00,yes
2026-10-05T03:13:12.309761Z,KXBTC15M-26OCT042315-15,0.1100,1079.55,yes
2026-10-05T03:13:12.309761Z,KXBTC15M-26OCT042315-15,0.1100,200.00,yes
2026-10-05T03:13:12.309761Z,KXBTC15M-26OCT042315-15,0.1100,383.40,yes
2026-10-05T03:13:12.31867Z,KXBTC15M-26OCT042315-15,0.1100,192.23,yes
2026-10-05T03:13:12.322Z,KXBTC15M-26OCT042315-15,0.1100,20.74,yes
2026-10-05T03:13:12.322Z,KXBTC15M-26OCT042315-15,0.1100,5.24,yes
2026-10-05T03:13:12.322Z,KXBTC15M-26OCT042315-15,0.1100,0.01,yes
2026-10-05T03:13:12.322Z,KXBTC15M-26OCT042315-15,0.1100,0.01,yes
2026-10-05T03:13:12.324199Z,KXBTC15M-26OCT042315-15,0.1100,5.55,yes
2026-10-05T03:13:12.325743Z,KXBTC15M-26OCT042315-15,0.1100,19.77,yes
2026-10-05T03:13:12.326698Z,KXBTC15M-26OCT042315-15,0.1100,10.50,yes
2026-10-05T03:13:12.377326Z,KXBTC15M-26OCT042315-15,0.1000,11.00,no
2026-10-05T03:13:12.382033Z,KXBTC15M-26OCT042315-15,0.1100,110.83,yes
2026-10-05T03:13:12.382033Z,KXBTC15M-26OCT042315-15,0.1100,60.26,yes
2026-10-05T03:13:12.39272Z,KXBTC15M-26OCT042315-15,0.1000,5.00,no
2026-10-05T03:13:12.39802Z,KXBTC15M-26OCT042315-15,0.1100,24.00,yes
2026-10-05T03:13:12.432065Z,KXBTC15M-26OCT042315-15,0.1100,16.00,yes
2026-10-05T03:13:12.461999Z,KXBTC15M-26OCT042315-15,0.1100,2.77,yes
2026-10-05T03:13:12.474973Z,KXBTC15M-26OCT042315-15,0.1100,15.30,yes
2026-10-05T03:13:12.486098Z,KXBTC15M-26OCT042315-15,0.1100,1.11,yes
2026-10-05T03:13:12.498119Z,KXBTC15M-26OCT042315-15,0.1100,11.11,yes
2026-10-05T03:13:12.543604Z,KXBTC15M-26OCT042315-15,0.1100,194.47,yes
2026-10-05T03:13:12.543604Z,KXBTC15M-26OCT042315-15,0.1100,19.45,yes
2026-10-05T03:13:12.543604Z,KXBTC15M-26OCT042315-15,0.1100,0.01,yes
2026-10-05T03:13:12.543604Z,KXBTC15M-26OCT042315-15,0.1100,0.01,yes
2026-10-05T03:13:12.547114Z,KXBTC15M-26OCT042315-15,0.1100,42.78,yes
2026-10-05T03:13:12.575705Z,KXBTC15M-26OCT042315-15,0.1100,105.62,yes
2026-10-05T03:13:12.586188Z,KXBTC15M-26OCT042315-15,0.1100,5.55,yes
2026-10-05T03:13:12.607011Z,KXBTC15M-26OCT042315-15,0.1100,83.00,yes
2026-10-05T03:13:12.612726Z,KXBTC15M-26OCT042315-15,0.1100,107.75,yes
2026-10-05T03:13:12.618801Z,KXBTC15M-26OCT042315-15,0.1100,8.55,yes
2026-10-05T03:13:12.639644Z,KXBTC15M-26OCT042315-15,0.1100,72.50,yes
2026-10-05T03:13:12.654206Z,KXBTC15M-26OCT042315-15,0.1100,8.55,yes
2026-10-05T03:13:12.676827Z,KXBTC15M-26OCT042315-15,0.1100,171.15,yes
2026-10-05T03:13:12.725609Z,KXBTC15M-26OCT042315-15,0.1000,17.34,no
2026-10-05T03:13:12.761916Z,KXBTC15M-26OCT042315-15,0.1100,4.00,yes
2026-10-05T03:13:12.805593Z,KXBTC15M-26OCT042315-15,0.1100,23.44,yes
2026-10-05T03:13:12.839076Z,KXBTC15M-26OCT042315-15,0.1100,85.57,yes
2026-10-05T03:13:12.899734Z,KXBTC15M-26OCT042315-15,0.1000,5.99,no
2026-10-05T03:13:12.904392Z,KXBTC15M-26OCT042315-15,0.1100,3141.00,yes
2026-10-05T03:13:12.904392Z,KXBTC15M-26OCT042315-15,0.1100,10.00,yes
2026-10-05T03:13:12.904392Z,KXBTC15M-26OCT042315-15,0.1100,0.01,yes
2026-10-05T03:13:12.904392Z,KXBTC15M-26OCT042315-15,0.1100,1.00,yes
2026-10-05T03:13:12.904392Z,KXBTC15M-26OCT042315-15,0.1100,162.00,yes
2026-10-05T03:13:12.904392Z,KXBTC15M-26OCT042315-15,0.1100,1.00,yes
2026-10-05T03:13:12.904392Z,KXBTC15M-26OCT042315-15,0.1100,395.00,yes
2026-10-05T03:13:12.904392Z,KXBTC15M-26OCT042315-15,0.1100,15.00,yes
2026-10-05T03:13:12.904392Z,KXBTC15M-26OCT042315-15,0.1100,146.23,yes
2026-10-05T03:13:12.904392Z,KXBTC15M-26OCT042315-15,0.1100,800.00,yes
2026-10-05T03:13:12.904392Z,KXBTC15M-26OCT042315-15,0.1100,1300.00,yes
2026-10-05T03:13:12.904392Z,KXBTC15M-26OCT042315-15,0.1100,200.00,yes
2026-10-05T03:13:12.904392Z,KXBTC15M-26OCT042315-15,0.1200,122.45,yes
2026-10-05T03:13:12.904392Z,KXBTC15M-26OCT042315-15,0.1100,5.00,yes
2026-10-05T03:13:12.904392Z,KXBTC15M-26OCT042315-15,0.1100,1.00,yes
2026-10-05T03:13:12.904392Z,KXBTC15M-26OCT042315-15,0.1100,0.01,yes
2026-10-05T03:13:12.904392Z,KXBTC15M-26OCT042315-15,0.1100,286.99,yes
2026-10-05T03:13:12.92183Z,KXBTC15M-26OCT042315-15,0.1100,0.01,no
2026-10-05T03:13:12.960139Z,KXBTC15M-26OCT042315-15,0.1100,1.10,no
2026-10-05T03:13:12.965197Z,KXBTC15M-26OCT042315-15,0.1200,1.00,yes
2026-10-05T03:13:12.999386Z,KXBTC15M-26OCT042315-15,0.1100,5.51,no
2026-10-05T03:13:13.096369Z,KXBTC15M-26OCT042315-15,0.1100,7.55,no
2026-10-05T03:13:13.182008Z,KXBTC15M-26OCT042315-15,0.1200,0.01,yes
2026-10-05T03:13:13.182008Z,KXBTC15M-26OCT042315-15,0.1200,162.00,yes
2026-10-05T03:13:13.182008Z,KXBTC15M-26OCT042315-15,0.1200,35.00,yes
2026-10-05T03:13:13.182008Z,KXBTC15M-26OCT042315-15,0.1200,6.00,yes
2026-10-05T03:13:13.182008Z,KXBTC15M-26OCT042315-15,0.1200,5.00,yes
2026-10-05T03:13:13.182008Z,KXBTC15M-26OCT042315-15,0.1200,0.01,yes
2026-10-05T03:13:13.182008Z,KXBTC15M-26OCT042315-15,0.1200,5.00,yes
2026-10-05T03:13:13.182008Z,KXBTC15M-26OCT042315-15,0.1200,97.00,yes
2026-10-05T03:13:13.182008Z,KXBTC15M-26OCT042315-15,0.1200,72.45,yes
2026-10-05T03:13:13.209346Z,KXBTC15M-26OCT042315-15,0.1100,223.00,no
2026-10-05T03:13:13.23313Z,KXBTC15M-26OCT042315-15,0.1200,7.84,yes
2026-10-05T03:13:13.25131Z,KXBTC15M-26OCT042315-15,0.1100,11.03,no
2026-10-05T03:13:13.284639Z,KXBTC15M-26OCT042315-15,0.1200,7.84,yes
2026-10-05T03:13:13.297752Z,KXBTC15M-26OCT042315-15,0.1200,6.90,yes
2026-10-05T03:13:13.323657Z,KXBTC15M-26OCT042315-15,0.1200,8.11,yes
2026-10-05T03:13:13.346413Z,KXBTC15M-26OCT042315-15,0.1100,25.49,no
2026-10-05T03:13:13.354017Z,KXBTC15M-26OCT042315-15,0.1200,57.94,yes
2026-10-05T03:13:13.372502Z,KXBTC15M-26OCT042315-15,0.1200,18.91,yes
2026-10-05T03:13:13.376681Z,KXBTC15M-26OCT042315-15,0.1200,39.24,yes
2026-10-05T03:13:13.380488Z,KXBTC15M-26OCT042315-15,0.1200,33.33,yes
2026-10-05T03:13:13.537593Z,KXBTC15M-26OCT042315-15,0.1200,5.95,yes
2026-10-05T03:13:13.5385Z,KXBTC15M-26OCT042315-15,0.1100,55.75,no
2026-10-05T03:13:13.570574Z,KXBTC15M-26OCT042315-15,0.1200,1.00,yes
2026-10-05T03:13:13.612332Z,KXBTC15M-26OCT042315-15,0.1100,0.05,no
2026-10-05T03:13:13.612332Z,KXBTC15M-26OCT042315-15,0.1100,8.43,no
2026-10-05T03:13:13.612332Z,KXBTC15M-26OCT042315-15,0.1100,0.01,no
2026-10-05T03:13:13.612332Z,KXBTC15M-26OCT042315-15,0.1100,0.01,no
2026-10-05T03:13:13.649612Z,KXBTC15M-26OCT042315-15,0.1200,17.85,yes
2026-10-05T03:13:13.728313Z,KXBTC15M-26OCT042315-15,0.1200,27.00,yes
2026-10-05T03:13:13.757312Z,KXBTC15M-26OCT042315-15,0.1200,15.69,yes
2026-10-05T03:13:13.823552Z,KXBTC15M-26OCT042315-15,0.1200,10.00,yes
2026-10-05T03:13:13.887765Z,KXBTC15M-26OCT042315-15,0.1100,0.01,no
2026-10-05T03:13:13.887765Z,KXBTC15M-26OCT042315-15,0.1100,0.01,no
2026-10-05T03:13:13.887765Z,KXBTC15M-26OCT042315-15,0.1100,0.05,no
2026-10-05T03:13:13.887765Z,KXBTC15M-26OCT042315-15,0.1100,1.12,no
2026-10-05T03:13:13.887765Z,KXBTC15M-26OCT042315-15,0.1000,4.26,no
2026-10-05T03:13:13.898976Z,KXBTC15M-26OCT042315-15,0.1100,7.84,yes
2026-10-05T03:13:13.942523Z,KXBTC15M-26OCT042315-15,0.1000,1.90,no
2026-10-05T03:13:13.960162Z,KXBTC15M-26OCT042315-15,0.1100,78.49,yes
2026-10-05T03:13:13.96488Z,KXBTC15M-26OCT042315-15,0.1100,0.18,yes
2026-10-05T03:13:13.971383Z,KXBTC15M-26OCT042315-15,0.1100,78.49,yes
2026-10-05T03:13:13.973958Z,KXBTC15M-26OCT042315-15,0.1100,9.30,yes
2026-10-05T03:13:14.005959Z,KXBTC15M-26OCT042315-15,0.1000,3119.49,no
2026-10-05T03:13:14.005959Z,KXBTC15M-26OCT042315-15,0.1000,1.29,no
2026-10-05T03:13:14.005959Z,KXBTC15M-26OCT042315-15,0.1000,2.38,no
2026-10-05T03:13:14.005959Z,KXBTC15M-26OCT042315-15,0.1000,293.84,no
2026-10-05T03:13:14.009868Z,KXBTC15M-26OCT042315-15,0.1100,2.92,yes
2026-10-05T03:13:14.014397Z,KXBTC15M-26OCT042315-15,0.1100,7.84,yes
2026-10-05T03:13:14.060548Z,KXBTC15M-26OCT042315-15,0.1100,32.15,yes
2026-10-05T03:13:14.060548Z,KXBTC15M-26OCT042315-15,0.1100,14.94,yes
2026-10-05T03:13:14.073175Z,KXBTC15M-26OCT042315-15,0.1000,4.00,no
2026-10-05T03:13:14.07863Z,KXBTC15M-26OCT042315-15,0.1100,0.47,yes
2026-10-05T03:13:14.078912Z,KXBTC15M-26OCT042315-15,0.1100,1.87,yes
2026-10-05T03:13:14.093942Z,KXBTC15M-26OCT042315-15,0.1100,78.49,yes
2026-10-05T03:13:14.094743Z,KXBTC15M-26OCT042315-15,0.1100,6.10,yes
2026-10-05T03:13:14.172313Z,KXBTC15M-26OCT042315-15,0.1100,15.69,yes
2026-10-05T03:13:14.245298Z,KXBTC15M-26OCT042315-15,0.1100,184.91,yes
2026-10-05T03:13:14.245508Z,KXBTC15M-26OCT042315-15,0.1100,42.78,yes
2026-10-05T03:13:14.247935Z,KXBTC15M-26OCT042315-15,0.1000,5.45,no
2026-10-05T03:13:14.255063Z,KXBTC15M-26OCT042315-15,0.1100,384.53,yes
2026-10-05T03:13:14.309908Z,KXBTC15M-26OCT042315-15,0.1100,3.57,yes
2026-10-05T03:13:14.32719Z,KXBTC15M-26OCT042315-15,0.1100,0.85,yes
2026-10-05T03:13:14.35459Z,KXBTC15M-26OCT042315-15,0.1100,4.27,yes
2026-10-05T03:13:14.366578Z,KXBTC15M-26OCT042315-15,0.1100,23.00,yes
2026-10-05T03:13:14.38139Z,KXBTC15M-26OCT042315-15,0.1100,1.24,yes
2026-10-05T03:13:14.38252Z,KXBTC15M-26OCT042315-15,0.1000,1.11,no
2026-10-05T03:13:14.383557Z,KXBTC15M-26OCT042315-15,0.1100,0.01,yes
2026-10-05T03:13:14.383557Z,KXBTC15M-26OCT042315-15,0.1100,24.97,yes
2026-10-05T03:13:14.383557Z,KXBTC15M-26OCT042315-15,0.1100,5.00,yes
2026-10-05T03:13:14.383557Z,KXBTC15M-26OCT042315-15,0.1100,20.08,yes
2026-10-05T03:13:14.383557Z,KXBTC15M-26OCT042315-15,0.1100,10.00,yes
2026-10-05T03:13:14.410262Z,KXBTC15M-26OCT042315-15,0.1100,0.57,yes
2026-10-05T03:13:14.417855Z,KXBTC15M-26OCT042315-15,0.1100,240.00,yes
2026-10-05T03:13:14.422297Z,KXBTC15M-26OCT042315-15,0.1100,40.37,yes
2026-10-05T03:13:14.462174Z,KXBTC15M-26OCT042315-15,0.1100,1.86,yes
2026-10-05T03:13:14.465137Z,KXBTC15M-26OCT042315-15,0.1100,42.78,yes
2026-10-05T03:13:14.466613Z,KXBTC15M-26OCT042315-15,0.1100,449.45,yes
2026-10-05T03:13:14.466613Z,KXBTC15M-26OCT042315-15,0.1100,0.01,yes
2026-10-05T03:13:14.466613Z,KXBTC15M-26OCT042315-15,0.1100,111.35,yes
2026-10-05T03:13:14.466613Z,KXBTC15M-26OCT042315-15,0.1100,7.00,yes
2026-10-05T03:13:14.466613Z,KXBTC15M-26OCT042315-15,0.1100,217.16,yes
2026-10-05T03:13:14.487276Z,KXBTC15M-26OCT042315-15,0.1100,34.23,yes
2026-10-05T03:13:14.545934Z,KXBTC15M-26OCT042315-15,0.1000,2.00,no
2026-10-05T03:13:14.563108Z,KXBTC15M-26OCT042315-15,0.1100,15.30,yes
2026-10-05T03:13:14.582882Z,KXBTC15M-26OCT042315-15,0.1000,0.05,no
2026-10-05T03:13:14.582882Z,KXBTC15M-26OCT042315-15,0.1000,0.01,no
2026-10-05T03:13:14.582882Z,KXBTC15M-26OCT042315-15,0.1000,0.01,no
2026-10-05T03:13:14.582882Z,KXBTC15M-26OCT042315-15,0.1000,86.44,no
2026-10-05T03:13:14.582882Z,KXBTC15M-26OCT042315-15,0.1000,23.80,no
2026-10-05T03:13:14.582882Z,KXBTC15M-26OCT042315-15,0.1000,0.01,no
2026-10-05T03:13:14.61639Z,KXBTC15M-26OCT042315-15,0.1000,11.03,no
2026-10-05T03:13:14.619643Z,KXBTC15M-26OCT042315-15,0.1100,0.78,yes
2026-10-05T03:13:14.634048Z,KXBTC15M-26OCT042315-15,0.1100,4.53,yes
2026-10-05T03:13:14.645862Z,KXBTC15M-26OCT042315-15,0.1100,213.94,yes
2026-10-05T03:13:14.701911Z,KXBTC15M-26OCT042315-15,0.1100,19.87,yes
2026-10-05T03:13:14.701911Z,KXBTC15M-26OCT042315-15,0.1100,0.01,yes
2026-10-05T03:13:14.701911Z,KXBTC15M-26OCT042315-15,0.1100,22.90,yes
2026-10-05T03:13:14.714121Z,KXBTC15M-26OCT042315-15,0.1000,10.20,no
2026-10-05T03:13:14.746404Z,KXBTC15M-26OCT042315-15,0.1100,6.02,yes
2026-10-05T03:13:14.746663Z,KXBTC15M-26OCT042315-15,0.1000,44.03,no
2026-10-05T03:13:14.746663Z,KXBTC15M-26OCT042315-15,0.1000,9.97,no
2026-10-05T03:13:14.815536Z,KXBTC15M-26OCT042315-15,0.1100,5.95,yes
2026-10-05T03:13:14.825803Z,KXBTC15M-26OCT042315-15,0.1100,10.89,yes
2026-10-05T03:13:14.825803Z,KXBTC15M-26OCT042315-15,0.1100,67.60,yes
2026-10-05T03:13:14.83445Z,KXBTC15M-26OCT042315-15,0.1000,57.37,no
2026-10-05T03:13:14.850028Z,KXBTC15M-26OCT042315-15,0.1100,80.00,yes
2026-10-05T03:13:14.851011Z,KXBTC15M-26OCT042315-15,0.1100,8.55,yes
2026-10-05T03:13:14.865562Z,KXBTC15M-26OCT042315-15,0.1100,8.55,yes
2026-10-05T03:13:14.926016Z,KXBTC15M-26OCT042315-15,0.1100,5.95,yes
2026-10-05T03:13:14.928018Z,KXBTC15M-26OCT042315-15,0.1100,42.72,yes
2026-10-05T03:13:14.950561Z,KXBTC15M-26OCT042315-15,0.1100,231.05,yes
2026-10-05T03:13:14.954476Z,KXBTC15M-26OCT042315-15,0.1100,8.55,yes
2026-10-05T03:13:14.960104Z,KXBTC15M-26OCT042315-15,0.1100,187.12,yes
2026-10-05T03:13:14.96465Z,KXBTC15M-26OCT042315-15,0.1100,213.94,yes
2026-10-05T03:13:14.96754Z,KXBTC15M-26OCT042315-15,0.1100,8.55,yes
2026-10-05T03:13:14.975368Z,KXBTC15M-26OCT042315-15,0.1100,14.03,yes
2026-10-05T03:13:15.001319Z,KXBTC15M-26OCT042315-15,0.1100,1.18,yes
2026-10-05T03:13:15.031237Z,KXBTC15M-26OCT042315-15,0.1100,855.77,yes
2026-10-05T03:13:15.099657Z,KXBTC15M-26OCT042315-15,0.1000,57.00,no
2026-10-05T03:13:15.099657Z,KXBTC15M-26OCT042315-15,0.1000,54.00,no
2026-10-05T03:13:15.099657Z,KXBTC15M-26OCT042315-15,0.1000,0.01,no
2026-10-05T03:13:15.099657Z,KXBTC15M-26OCT042315-15,0.1000,0.01,no
2026-10-05T03:13:15.099657Z,KXBTC15M-26OCT042315-15,0.1000,173.60,no
2026-10-05T03:13:15.099657Z,KXBTC15M-26OCT042315-15,0.1000,0.05,no
2026-10-05T03:13:15.099657Z,KXBTC15M-26OCT042315-15,0.1000,102.42,no
2026-10-05T03:13:15.100202Z,KXBTC15M-26OCT042315-15,0.1100,17.11,yes
2026-10-05T03:13:15.120361Z,KXBTC15M-26OCT042315-15,0.1000,0.94,no
2026-10-05T03:13:15.120361Z,KXBTC15M-26OCT042315-15,0.1000,0.01,no
2026-10-05T03:13:15.130807Z,KXBTC15M-26OCT042315-15,0.1000,2.37,no
2026-10-05T03:13:15.152876Z,KXBTC15M-26OCT042315-15,0.1100,12.03,yes
2026-10-05T03:13:15.194391Z,KXBTC15M-26OCT042315-15,0.1100,17.11,yes
2026-10-05T03:13:15.19643Z,KXBTC15M-26OCT042315-15,0.1000,30.69,no
2026-10-05T03:13:15.19643Z,KXBTC15M-26OCT042315-15,0.1000,2.99,no
2026-10-05T03:13:15.215263Z,KXBTC15M-26OCT042315-15,0.1100,0.68,yes
2026-10-05T03:13:15.230643Z,KXBTC15M-26OCT042315-15,0.1100,8.55,yes
2026-10-05T03:13:15.251548Z,KXBTC15M-26OCT042315-15,0.1100,42.78,yes
2026-10-05T03:13:15.268786Z,KXBTC15M-26OCT042315-15,0.1000,457.98,no
2026-10-05T03:13:15.268786Z,KXBTC15M-26OCT042315-15,0.1000,0.01,no
2026-10-05T03:13:15.268786Z,KXBTC15M-26OCT042315-15,0.1000,86.01,no
2026-10-05T03:13:15.270452Z,KXBTC15M-26OCT042315-15,0.1000,1.93,no
2026-10-05T03:13:15.28678Z,KXBTC15M-26OCT042315-15,0.1100,5.00,yes
2026-10-05T03:13:15.291655Z,KXBTC15M-26OCT042315-15,0.1000,0.01,no
2026-10-05T03:13:15.291655Z,KXBTC15M-26OCT042315-15,0.1000,0.05,no
2026-10-05T03:13:15.291655Z,KXBTC15M-26OCT042315-15,0.0950,5.32,no
2026-10-05T03:13:15.291655Z,KXBTC15M-26OCT042315-15,0.1000,0.01,no
2026-10-05T03:13:15.299296Z,KXBTC15M-26OCT042315-15,0.0950,1.07,no
2026-10-05T03:13:15.301659Z,KXBTC15M-26OCT042315-15,0.0960,5.95,yes
2026-10-05T03:13:15.305675Z,KXBTC15M-26OCT042315-15,0.0960,1.71,yes
2026-10-05T03:13:15.321026Z,KXBTC15M-26OCT042315-15,0.0960,17.11,yes
2026-10-05T03:13:15.329262Z,KXBTC15M-26OCT042315-15,0.0960,42.78,yes
2026-10-05T03:13:15.34091Z,KXBTC15M-26OCT042315-15,0.0950,0.40,no
2026-10-05T03:13:15.357939Z,KXBTC15M-26OCT042315-15,0.0950,0.05,no
2026-10-05T03:13:15.357939Z,KXBTC15M-26OCT042315-15,0.0950,200.00,no
2026-10-05T03:13:15.357939Z,KXBTC15M-26OCT042315-15,0.0950,93.21,no
2026-10-05T03:13:15.357939Z,KXBTC15M-26OCT042315-15,0.0950,0.01,no
2026-10-05T03:13:15.357939Z,KXBTC15M-26OCT042315-15,0.0950,0.01,no
2026-10-05T03:13:15.357939Z,KXBTC15M-26OCT042315-15,0.0950,7.00,no
2026-10-05T03:13:15.36417Z,KXBTC15M-26OCT042315-15,0.0930,100.00,no
2026-10-05T03:13:15.394697Z,KXBTC15M-26OCT042315-15,0.0910,17.11,yes
2026-10-05T03:13:15.408512Z,KXBTC15M-26OCT042315-15,0.0910,34.23,yes
2026-10-05T03:13:15.4289Z,KXBTC15M-26OCT042315-15,0.0910,0.01,yes
2026-10-05T03:13:15.4289Z,KXBTC15M-26OCT042315-15,0.0910,98.66,yes
2026-10-05T03:13:15.4289Z,KXBTC15M-26OCT042315-15,0.0910,347.36,yes
2026-10-05T03:13:15.4289Z,KXBTC15M-26OCT042315-15,0.0910,2.00,yes
2026-10-05T03:13:15.4289Z,KXBTC15M-26OCT042315-15,0.0910,60.00,yes
2026-10-05T03:13:15.4289Z,KXBTC15M-26OCT042315-15,0.0910,0.01,yes
2026-10-05T03:13:15.4289Z,KXBTC15M-26OCT042315-15,0.0910,5.00,yes
2026-10-05T03:13:15.435746Z,KXBTC15M-26OCT042315-15,0.0910,12.16,yes
2026-10-05T03:13:15.452928Z,KXBTC15M-26OCT042315-15,0.0910,0.01,yes
2026-10-05T03:13:15.452928Z,KXBTC15M-26OCT042315-15,0.0910,6.99,yes
2026-10-05T03:13:15.460068Z,KXBTC15M-26OCT042315-15,0.0910,17.11,yes
2026-10-05T03:13:15.460519Z,KXBTC15M-26OCT042315-15,0.0900,0.01,no
2026-10-05T03:13:15.460519Z,KXBTC15M-26OCT042315-15,0.0900,0.01,no
2026-10-05T03:13:15.460519Z,KXBTC15M-26OCT042315-15,0.0900,10.25,no
2026-10-05T03:13:15.460519Z,KXBTC15M-26OCT042315-15,0.0900,1.00,no
2026-10-05T03:13:15.460519Z,KXBTC15M-26OCT042315-15,0.0900,2.00,no
2026-10-05T03:13:15.470048Z,KXBTC15M-26OCT042315-15,0.0860,5.26,yes
2026-10-05T03:13:15.472337Z,KXBTC15M-26OCT042315-15,0.0850,0.60,yes
2026-10-05T03:13:15.48303Z,KXBTC15M-26OCT042315-15,0.0840,2.20,no
2026-10-05T03:13:15.490782Z,KXBTC15M-26OCT042315-15,0.0850,67.61,yes
2026-10-05T03:13:15.490782Z,KXBTC15M-26OCT042315-15,0.0850,9.40,yes
2026-10-05T03:13:15.497249Z,KXBTC15M-26OCT042315-15,0.0850,65.48,yes
2026-10-05T03:13:15.499067Z,KXBTC15M-26OCT042315-15,0.0840,0.22,no
2026-10-05T03:13:15.500845Z,KXBTC15M-26OCT042315-15,0.0850,95.00,yes
2026-10-05T03:13:15.502801Z,KXBTC15M-26OCT042315-15,0.0850,5.26,yes
2026-10-05T03:13:15.544392Z,KXBTC15M-26OCT042315-15,0.0850,0.01,yes
2026-10-05T03:13:15.544392Z,KXBTC15M-26OCT042315-15,0.0850,0.01,yes
2026-10-05T03:13:15.544392Z,KXBTC15M-26OCT042315-15,0.0850,164.13,yes
2026-10-05T03:13:15.544392Z,KXBTC15M-26OCT042315-15,0.0850,7.00,yes
2026-10-05T03:13:15.581333Z,KXBTC15M-26OCT042315-15,0.0850,0.02,yes
2026-10-05T03:13:15.581333Z,KXBTC15M-26OCT042315-15,0.0850,17.09,yes
2026-10-05T03:13:15.582551Z,KXBTC15M-26OCT042315-15,0.0850,85.57,yes
2026-10-05T03:13:15.588306Z,KXBTC15M-26OCT042315-15,0.0860,10.09,yes
2026-10-05T03:13:15.588306Z,KXBTC15M-26OCT042315-15,0.0850,0.01,yes
2026-10-05T03:13:15.588306Z,KXBTC15M-26OCT042315-15,0.0850,7.00,yes
2026-10-05T03:13:15.588306Z,KXBTC15M-26OCT042315-15,0.0850,0.01,yes
2026-10-05T03:13:15.594423Z,KXBTC15M-26OCT042315-15,0.0850,42.78,yes
2026-10-05T03:13:15.61265Z,KXBTC15M-26OCT042315-15,0.0850,0.01,yes
2026-10-05T03:13:15.61265Z,KXBTC15M-26OCT042315-15,0.0850,5.97,yes
2026-10-05T03:13:15.61265Z,KXBTC15M-26OCT042315-15,0.0850,0.01,yes
2026-10-05T03:13:15.613229Z,KXBTC15M-26OCT042315-15,0.0850,1.00,yes
2026-10-05T03:13:15.613229Z,KXBTC15M-26OCT042315-15,0.0850,1.03,yes
2026-10-05T03:13:15.613229Z,KXBTC15M-26OCT042315-15,0.0850,66.43,yes
2026-10-05T03:13:15.623149Z,KXBTC15M-26OCT042315-15,0.0850,42.78,yes
2026-10-05T03:13:15.662441Z,KXBTC15M-26OCT042315-15,0.0850,0.01,yes
2026-10-05T03:13:15.662441Z,KXBTC15M-26OCT042315-15,0.0850,0.01,yes
2026-10-05T03:13:15.662441Z,KXBTC15M-26OCT042315-15,0.0850,96.18,yes
2026-10-05T03:13:15.662441Z,KXBTC15M-26OCT042315-15,0.0850,1.76,yes
2026-10-05T03:13:15.677007Z,KXBTC15M-26OCT042315-15,0.0860,81.20,yes
2026-10-05T03:13:15.677007Z,KXBTC15M-26OCT042315-15,0.0850,0.01,yes
2026-10-05T03:13:15.677007Z,KXBTC15M-26OCT042315-15,0.0850,0.01,yes
2026-10-05T03:13:15.677662Z,KXBTC15M-26OCT042315-15,0.0860,18.00,yes
2026-10-05T03:13:15.686887Z,KXBTC15M-26OCT042315-15,0.0850,0.01,yes
2026-10-05T03:13:15.686887Z,KXBTC15M-26OCT042315-15,0.0870,7.00,yes
2026-10-05T03:13:15.686887Z,KXBTC15M-26OCT042315-15,0.0850,0.01,yes
2026-10-05T03:13:15.686887Z,KXBTC15M-26OCT042315-15,0.0860,10.00,yes
2026-10-05T03:13:15.686887Z,KXBTC15M-26OCT042315-15,0.0880,0.09,yes
2026-10-05T03:13:15.716572Z,KXBTC15M-26OCT042315-15,0.0860,8.55,yes
2026-10-05T03:13:15.803155Z,KXBTC15M-26OCT042315-15,0.0860,82.10,yes
2026-10-05T03:13:15.803155Z,KXBTC15M-26OCT042315-15,0.0860,3.45,yes
2026-10-05T03:13:15.803155Z,KXBTC15M-26OCT042315-15,0.0860,0.01,yes
2026-10-05T03:13:15.803155Z,KXBTC15M-26OCT042315-15,0.0860,0.01,yes
2026-10-05T03:13:15.812354Z,KXBTC15M-26OCT042315-15,0.0860,10.33,yes
2026-10-05T03:13:15.84395Z,KXBTC15M-26OCT042315-15,0.0860,44.77,yes
2026-10-05T03:13:15.84395Z,KXBTC15M-26OCT042315-15,0.0860,3.57,yes
2026-10-05T03:13:15.850117Z,KXBTC15M-26OCT042315-15,0.0860,0.01,yes
2026-10-05T03:13:15.850117Z,KXBTC15M-26OCT042315-15,0.0860,355.23,yes
2026-10-05T03:13:15.856376Z,KXBTC15M-26OCT042315-15,0.0860,0.01,yes
2026-10-05T03:13:15.863856Z,KXBTC15M-26OCT042315-15,0.0860,0.01,yes
2026-10-05T03:13:15.863856Z,KXBTC15M-26OCT042315-15,0.0890,5.98,yes
2026-10-05T03:13:15.863856Z,KXBTC15M-26OCT042315-15,0.0860,0.01,yes
2026-10-05T03:13:15.883755Z,KXBTC15M-26OCT042315-15,0.0860,2.19,no
2026-10-05T03:13:15.883755Z,KXBTC15M-26OCT042315-15,0.0860,0.01,no
2026-10-05T03:13:15.941422Z,KXBTC15M-26OCT042315-15,0.0870,0.01,yes
2026-10-05T03:13:15.941422Z,KXBTC15M-26OCT042315-15,0.0870,0.01,yes
2026-10-05T03:13:15.941422Z,KXBTC15M-26OCT042315-15,0.0870,249.98,yes
2026-10-05T03:13:15.958368Z,KXBTC15M-26OCT042315-15,0.0870,86.87,yes
2026-10-05T03:13:16.040653Z,KXBTC15M-26OCT042315-15,0.0860,99.72,no
2026-10-05T03:13:16.040653Z,KXBTC15M-26OCT042315-15,0.0860,0.01,no
2026-10-05T03:13:16.040653Z,KXBTC15M-26OCT042315-15,0.0860,200.00,no
2026-10-05T03:13:16.040653Z,KXBTC15M-26OCT042315-15,0.0860,8.00,no
2026-10-05T03:13:16.040653Z,KXBTC15M-26OCT042315-15,0.0860,0.01,no
2026-10-05T03:13:16.040653Z,KXBTC15M-26OCT042315-15,0.0860,98.00,no
2026-10-05T03:13:16.040653Z,KXBTC15M-26OCT042315-15,0.0860,34.00,no
2026-10-05T03:13:16.040653Z,KXBTC15M-26OCT042315-15,0.0860,95.00,no
2026-10-05T03:13:16.054725Z,KXBTC15M-26OCT042315-15,0.0870,6.13,yes
2026-10-05T03:13:16.054725Z,KXBTC15M-26OCT042315-15,0.0870,0.01,yes
2026-10-05T03:13:16.054725Z,KXBTC15M-26OCT042315-15,0.0870,0.01,yes
2026-10-05T03:13:16.064871Z,KXBTC15M-26OCT042315-15,0.0870,10.82,yes
2026-10-05T03:13:16.103747Z,KXBTC15M-26OCT042315-15,0.0940,1.14,yes
2026-10-05T03:13:16.103747Z,KXBTC15M-26OCT042315-15,0.0870,0.01,yes
2026-10-05T03:13:16.103747Z,KXBTC15M-26OCT042315-15,0.0870,0.01,yes
2026-10-05T03:13:16.129205Z,KXBTC15M-26OCT042315-15,0.0870,0.01,yes
2026-10-05T03:13:16.129205Z,KXBTC15M-26OCT042315-15,0.0940,5.46,yes
2026-10-05T03:13:16.129205Z,KXBTC15M-26OCT042315-15,0.0870,0.01,yes
2026-10-05T03:13:16.154265Z,KXBTC15M-26OCT042315-15,0.0890,106.93,no
2026-10-05T03:13:16.202735Z,KXBTC15M-26OCT042315-15,0.0940,85.28,yes
2026-10-05T03:13:16.202735Z,KXBTC15M-26OCT042315-15,0.0940,0.01,yes
2026-10-05T03:13:16.202735Z,KXBTC15M-26OCT042315-15,0.0940,37.98,yes
2026-10-05T03:13:16.211935Z,KXBTC15M-26OCT042315-15,0.0920,1.15,no
2026-10-05T03:13:16.211935Z,KXBTC15M-26OCT042315-15,0.0910,17.86,no
2026-10-05T03:13:16.211935Z,KXBTC15M-26OCT042315-15,0.0920,1.12,no
2026-10-05T03:13:16.243778Z,KXBTC15M-26OCT042315-15,0.0940,0.01,yes
2026-10-05T03:13:16.243778Z,KXBTC15M-26OCT042315-15,0.0940,0.01,yes
2026-10-05T03:13:16.243778Z,KXBTC15M-26OCT042315-15,0.0940,39.22,yes
2026-10-05T03:13:16.255105Z,KXBTC15M-26OCT042315-15,0.0940,200.00,yes
2026-10-05T03:13:16.255105Z,KXBTC15M-26OCT042315-15,0.0940,0.01,yes
2026-10-05T03:13:16.255105Z,KXBTC15M-26OCT042315-15,0.0940,360.78,yes
2026-10-05T03:13:16.255105Z,KXBTC15M-26OCT042315-15,0.0950,200.00,yes
2026-10-05T03:13:16.255105Z,KXBTC15M-26OCT042315-15,0.0960,7.00,yes
2026-10-05T03:13:16.255105Z,KXBTC15M-26OCT042315-15,0.0940,0.01,yes
2026-10-05T03:13:16.255105Z,KXBTC15M-26OCT042315-15,0.0970,254.69,yes
2026-10-05T03:13:16.291812Z,KXBTC15M-26OCT042315-15,0.0930,26.75,no
2026-10-05T03:13:16.293029Z,KXBTC15M-26OCT042315-15,0.0960,7.00,yes
2026-10-05T03:13:16.293029Z,KXBTC15M-26OCT042315-15,0.0940,0.01,yes
2026-10-05T03:13:16.293029Z,KXBTC15M-26OCT042315-15,0.0940,0.01,yes
2026-10-05T03:13:16.293029Z,KXBTC15M-26OCT042315-15,0.0970,24.92,yes
2026-10-05T03:13:16.293029Z,KXBTC15M-26OCT042315-15,0.0960,6.00,yes
2026-10-05T03:13:16.318021Z,KXBTC15M-26OCT042315-15,0.0940,19.71,yes
2026-10-05T03:13:16.32533Z,KXBTC15M-26OCT042315-15,0.0940,39.51,yes
2026-10-05T03:13:16.33859Z,KXBTC15M-26OCT042315-15,0.0940,0.01,yes
2026-10-05T03:13:16.33859Z,KXBTC15M-26OCT042315-15,0.0960,0.01,yes
2026-10-05T03:13:16.33859Z,KXBTC15M-26OCT042315-15,0.0940,0.01,yes
2026-10-05T03:13:16.33859Z,KXBTC15M-26OCT042315-15,0.0960,2.32,yes
2026-10-05T03:13:16.355961Z,KXBTC15M-26OCT042315-15,0.0940,0.01,yes
2026-10-05T03:13:16.355961Z,KXBTC15M-26OCT042315-15,0.0940,0.01,yes
2026-10-05T03:13:16.355961Z,KXBTC15M-26OCT042315-15,0.0950,72.98,yes
2026-10-05T03:13:16.361839Z,KXBTC15M-26OCT042315-15,0.0950,0.01,yes
2026-10-05T03:13:16.361839Z,KXBTC15M-26OCT042315-15,0.0960,5.13,yes
2026-10-05T03:13:16.361839Z,KXBTC15M-26OCT042315-15,0.0960,4.68,yes
2026-10-05T03:13:16.433126Z,KXBTC15M-26OCT042315-15,0.0920,34.00,no
2026-10-05T03:13:16.433126Z,KXBTC15M-26OCT042315-15,0.0930,0.01,no
2026-10-05T03:13:16.433126Z,KXBTC15M-26OCT042315-15,0.0900,50.00,no
2026-10-05T03:13:16.433126Z,KXBTC15M-26OCT042315-15,0.0930,32.25,no
2026-10-05T03:13:16.433126Z,KXBTC15M-26OCT042315-15,0.0920,98.00,no
2026-10-05T03:13:16.433126Z,KXBTC15M-26OCT042315-15,0.0900,97.00,no
2026-10-05T03:13:16.433126Z,KXBTC15M-26OCT042315-15,0.0880,8.00,no
2026-10-05T03:13:16.433126Z,KXBTC15M-26OCT042315-15,0.0930,118.00,no
2026-10-05T03:13:16.433126Z,KXBTC15M-26OCT042315-15,0.0930,100.00,no
2026-10-05T03:13:16.433126Z,KXBTC15M-26OCT042315-15,0.0930,0.05,no
2026-10-05T03:13:16.433126Z,KXBTC15M-26OCT042315-15,0.0860,99.00,no
2026-10-05T03:13:16.433126Z,KXBTC15M-26OCT042315-15,0.0870,50.00,no
2026-10-05T03:13:16.433126Z,KXBTC15M-26OCT042315-15,0.0870,63.00,no
2026-10-05T03:13:16.433126Z,KXBTC15M-26OCT042315-15,0.0930,0.01,no
2026-10-05T03:13:16.433126Z,KXBTC15M-26OCT042315-15,0.0850,99.00,no
2026-10-05T03:13:16.433126Z,KXBTC15M-26OCT042315-15,0.0820,1000.87,no
2026-10-05T03:13:16.433126Z,KXBTC15M-26OCT042315-15,0.0850,130.00,no
2026-10-05T03:13:16.433126Z,KXBTC15M-26OCT042315-15,0.0840,98.00,no
2026-10-05T03:13:16.433126Z,KXBTC15M-26OCT042315-15,0.0850,1047.00,no
2026-10-05T03:13:16.433126Z,KXBTC15M-26OCT042315-15,0.0860,6.00,no
2026-10-05T03:13:16.450341Z,KXBTC15M-26OCT042315-15,0.0840,1.00,yes
2026-10-05T03:13:16.490336Z,KXBTC15M-26OCT042315-15,0.0840,47.62,yes
2026-10-05T03:13:16.528979Z,KXBTC15M-26OCT042315-15,0.0880,20.12,yes
2026-10-05T03:13:16.528979Z,KXBTC15M-26OCT042315-15,0.0880,7.00,yes
2026-10-05T03:13:16.528979Z,KXBTC15M-26OCT042315-15,0.0840,0.01,yes
2026-10-05T03:13:16.575664Z,KXBTC15M-26OCT042315-15,0.0840,65.00,no
2026-10-05T03:13:16.575664Z,KXBTC15M-26OCT042315-15,0.0830,0.01,no
2026-10-05T03:13:16.575664Z,KXBTC15M-26OCT042315-15,0.0830,42.32,no
2026-10-05T03:13:16.575664Z,KXBTC15M-26OCT042315-15,0.0830,0.01,no
2026-10-05T03:13:16.584054Z,KXBTC15M-26OCT042315-15,0.0840,2.00,yes
2026-10-05T03:13:16.65639Z,KXBTC15M-26OCT042315-15,0.0840,55.47,yes
2026-10-05T03:13:16.722454Z,KXBTC15M-26OCT042315-15,0.0840,42.78,yes
2026-10-05T03:13:16.725919Z,KXBTC15M-26OCT042315-15,0.0830,0.01,no
2026-10-05T03:13:16.725919Z,KXBTC15M-26OCT042315-15,0.0830,0.01,no
2026-10-05T03:13:16.725919Z,KXBTC15M-26OCT042315-15,0.0830,2.03,no
2026-10-05T03:13:16.725919Z,KXBTC15M-26OCT042315-15,0.0830,1.14,no
2026-10-05T03:13:16.74566Z,KXBTC15M-26OCT042315-15,0.0840,20.00,yes
2026-10-05T03:13:16.788874Z,KXBTC15M-26OCT042315-15,0.0830,79.42,no
2026-10-05T03:13:16.817814Z,KXBTC15M-26OCT042315-15,0.0840,11.53,yes
2026-10-05T03:13:16.828295Z,KXBTC15M-26OCT042315-15,0.0840,18.22,yes
2026-10-05T03:13:16.828295Z,KXBTC15M-26OCT042315-15,0.0840,0.01,yes
2026-10-05T03:13:16.828295Z,KXBTC15M-26OCT042315-15,0.0840,0.01,yes
2026-10-05T03:13:16.829383Z,KXBTC15M-26OCT042315-15,0.0890,7.00,yes
2026-10-05T03:13:16.829383Z,KXBTC15M-26OCT042315-15,0.0890,24.92,yes
2026-10-05T03:13:16.845748Z,KXBTC15M-26OCT042315-15,0.1200,195.00,yes
2026-10-05T03:13:16.845748Z,KXBTC15M-26OCT042315-15,0.0930,168.00,yes
2026-10-05T03:13:16.845748Z,KXBTC15M-26OCT042315-15,0.0890,24.00,yes
2026-10-05T03:13:16.845748Z,KXBTC15M-26OCT042315-15,0.1000,1047.00,yes
2026-10-05T03:13:16.845748Z,KXBTC15M-26OCT042315-15,0.0840,150.00,yes
2026-10-05T03:13:16.845748Z,KXBTC15M-26OCT042315-15,0.0920,96.00,yes
2026-10-05T03:13:16.845748Z,KXBTC15M-26OCT042315-15,0.0950,15.00,yes
2026-10-05T03:13:16.845748Z,KXBTC15M-26OCT042315-15,0.0970,1047.00,yes
2026-10-05T03:13:16.845748Z,KXBTC15M-26OCT042315-15,0.1200,150.00,yes
2026-10-05T03:13:16.845748Z,KXBTC15M-26OCT042315-15,0.0840,0.01,yes
2026-10-05T03:13:16.845748Z,KXBTC15M-26OCT042315-15,0.0960,0.87,yes
2026-10-05T03:13:16.845748Z,KXBTC15M-26OCT042315-15,0.0840,0.01,yes
2026-10-05T03:13:16.845748Z,KXBTC15M-26OCT042315-15,0.0920,7.00,yes
2026-10-05T03:13:16.845748Z,KXBTC15M-26OCT042315-15,0.0890,41.08,yes
2026-10-05T03:13:16.845748Z,KXBTC15M-26OCT042315-15,0.0980,162.00,yes
2026-10-05T03:13:16.845748Z,KXBTC15M-26OCT042315-15,0.1100,195.00,yes
2026-10-05T03:13:16.845748Z,KXBTC15M-26OCT042315-15,0.0940,1047.00,yes
2026-10-05T03:13:16.845748Z,KXBTC15M-26OCT042315-15,0.1000,200.00,yes
2026-10-05T03:13:16.845748Z,KXBTC15M-26OCT042315-15,0.1100,200.00,yes
2026-10-05T03:13:16.845748Z,KXBTC15M-26OCT042315-15,0.1200,10.00,yes
2026-10-05T03:13:16.845748Z,KXBTC15M-26OCT042315-15,0.1100,64.00,yes
2026-10-05T03:13:16.845748Z,KXBTC15M-26OCT042315-15,0.1100,1300.00,yes
2026-10-05T03:13:16.845748Z,KXBTC15M-26OCT042315-15,0.1100,150.00,yes
2026-10-05T03:13:16.845748Z,KXBTC15M-26OCT042315-15,0.1100,34.00,yes
2026-10-05T03:13:16.845748Z,KXBTC15M-26OCT042315-15,0.1100,15.00,yes
2026-10-05T03:13:16.845748Z,KXBTC15M-26OCT042315-15,0.1100,15.00,yes
2026-10-05T03:13:16.845748Z,KXBTC15M-26OCT042315-15,0.1100,64.00,yes
2026-10-05T03:13:16.845748Z,KXBTC15M-26OCT042315-15,0.1100,1047.00,yes
2026-10-05T03:13:16.845748Z,KXBTC15M-26OCT042315-15,0.1100,93.75,yes
2026-10-05T03:13:16.845748Z,KXBTC15M-26OCT042315-15,0.1200,64.00,yes
2026-10-05T03:13:16.845748Z,KXBTC15M-26OCT042315-15,0.1200,15.00,yes
2026-10-05T03:13:16.845748Z,KXBTC15M-26OCT042315-15,0.1200,64.00,yes
2026-10-05T03:13:16.845748Z,KXBTC15M-26OCT042315-15,0.1200,1047.00,yes
2026-10-05T03:13:16.845748Z,KXBTC15M-26OCT042315-15,0.1200,15.00,yes
2026-10-05T03:13:16.845748Z,KXBTC15M-26OCT042315-15,0.1200,97.00,yes
2026-10-05T03:13:16.845748Z,KXBTC15M-26OCT042315-15,0.1300,742.81,yes
2026-10-05T03:13:16.845748Z,KXBTC15M-26OCT042315-15,0.1100,10.00,yes
2026-10-05T03:13:16.845748Z,KXBTC15M-26OCT042315-15,0.1200,10.00,yes
2026-10-05T03:13:16.894467Z,KXBTC15M-26OCT042315-15,0.1000,103.13,no
2026-10-05T03:13:16.905307Z,KXBTC15M-26OCT042315-15,0.1100,0.01,yes
2026-10-05T03:13:16.905307Z,KXBTC15M-26OCT042315-15,0.1100,38.61,yes
2026-10-05T03:13:16.905307Z,KXBTC15M-26OCT042315-15,0.1100,24.00,yes
2026-10-05T03:13:16.906215Z,KXBTC15M-26OCT042315-15,0.1100,30.00,yes
2026-10-05T03:13:16.917469Z,KXBTC15M-26OCT042315-15,0.1100,180.00,yes
2026-10-05T03:13:16.924443Z,KXBTC15M-26OCT042315-15,0.1100,30.00,yes
2026-10-05T03:13:16.924802Z,KXBTC15M-26OCT042315-15,0.1100,30.00,yes
2026-10-05T03:13:16.939966Z,KXBTC15M-26OCT042315-15,0.1100,6.23,yes
2026-10-05T03:13:16.982323Z,KXBTC15M-26OCT042315-15,0.1000,109.00,no
2026-10-05T03:13:17.079109Z,KXBTC15M-26OCT042315-15,0.1000,16.00,no
2026-10-05T03:13:17.08258Z,KXBTC15M-26OCT042315-15,0.1000,0.59,no
2026-10-05T03:13:17.093324Z,KXBTC15M-26OCT042315-15,0.1100,116.44,yes
2026-10-05T03:13:17.093324Z,KXBTC15M-26OCT042315-15,0.1100,48.00,yes
2026-10-05T03:13:17.093324Z,KXBTC15M-26OCT042315-15,0.1100,5.00,yes
2026-10-05T03:13:17.093324Z,KXBTC15M-26OCT042315-15,0.1100,1.00,yes
2026-10-05T03:13:17.093324Z,KXBTC15M-26OCT042315-15,0.1100,31.00,yes
2026-10-05T03:13:17.093324Z,KXBTC15M-26OCT042315-15,0.1100,259.57,yes
2026-10-05T03:13:17.093324Z,KXBTC15M-26OCT042315-15,0.1100,216.00,yes
2026-10-05T03:13:17.093324Z,KXBTC15M-26OCT042315-15,0.1100,85.16,yes
2026-10-05T03:13:17.093324Z,KXBTC15M-26OCT042315-15,0.1100,1.00,yes
2026-10-05T03:13:17.105272Z,KXBTC15M-26OCT042315-15,0.1100,8.54,yes
2026-10-05T03:13:17.147963Z,KXBTC15M-26OCT042315-15,0.1100,5.18,yes
2026-10-05T03:13:17.171206Z,KXBTC15M-26OCT042315-15,0.1000,137.92,no
2026-10-05T03:13:17.177115Z,KXBTC15M-26OCT042315-15,0.1100,23.81,yes
2026-10-05T03:13:17.183268Z,KXBTC15M-26OCT042315-15,0.1000,216.84,no
2026-10-05T03:13:17.232059Z,KXBTC15M-26OCT042315-15,0.1000,275.00,no
2026-10-05T03:13:17.232059Z,KXBTC15M-26OCT042315-15,0.1000,483.37,no
2026-10-05T03:13:17.232059Z,KXBTC15M-26OCT042315-15,0.1000,0.05,no
2026-10-05T03:13:17.232059Z,KXBTC15M-26OCT042315-15,0.1000,0.01,no
2026-10-05T03:13:17.232059Z,KXBTC15M-26OCT042315-15,0.1000,0.01,no
2026-10-05T03:13:17.232059Z,KXBTC15M-26OCT042315-15,0.1000,55.00,no
2026-10-05T03:13:17.275568Z,KXBTC15M-26OCT042315-15,0.0980,1.39,no
2026-10-05T03:13:17.276474Z,KXBTC15M-26OCT042315-15,0.0990,98.85,yes
2026-10-05T03:13:17.372039Z,KXBTC15M-26OCT042315-15,0.0990,27.42,yes
2026-10-05T03:13:17.372039Z,KXBTC15M-26OCT042315-15,0.0990,5.00,yes
2026-10-05T03:13:17.372039Z,KXBTC15M-26OCT042315-15,0.0990,1.00,yes
2026-10-05T03:13:17.372039Z,KXBTC15M-26OCT042315-15,0.0990,1.00,yes
2026-10-05T03:13:17.372039Z,KXBTC15M-26OCT042315-15,0.0990,51.15,yes
2026-10-05T03:13:17.417386Z,KXBTC15M-26OCT042315-15,0.0990,8.55,yes
2026-10-05T03:13:17.428967Z,KXBTC15M-26OCT042315-15,0.0990,232.84,yes
2026-10-05T03:13:17.431663Z,KXBTC15M-26OCT042315-15,0.0990,1.24,yes
2026-10-05T03:13:17.453569Z,KXBTC15M-26OCT042315-15,0.0990,94.13,yes
2026-10-05T03:13:17.45399Z,KXBTC15M-26OCT042315-15,0.0990,25.67,yes
2026-10-05T03:13:17.504994Z,KXBTC15M-26OCT042315-15,0.0990,5.00,yes
2026-10-05T03:13:17.548313Z,KXBTC15M-26OCT042315-15,0.0990,66.00,yes
2026-10-05T03:13:17.548313Z,KXBTC15M-26OCT042315-15,0.0990,5.15,yes
2026-10-05T03:13:17.548313Z,KXBTC15M-26OCT042315-15,0.0990,12.00,yes
2026-10-05T03:13:17.559174Z,KXBTC15M-26OCT042315-15,0.0990,1.21,yes
2026-10-05T03:13:17.571619Z,KXBTC15M-26OCT042315-15,0.0970,3.00,no
2026-10-05T03:13:17.571619Z,KXBTC15M-26OCT042315-15,0.0980,0.01,no
2026-10-05T03:13:17.571619Z,KXBTC15M-26OCT042315-15,0.0980,0.01,no
2026-10-05T03:13:17.571619Z,KXBTC15M-26OCT042315-15,0.0980,6.00,no
2026-10-05T03:13:17.587746Z,KXBTC15M-26OCT042315-15,0.0980,17.11,yes
2026-10-05T03:13:17.608261Z,KXBTC15M-26OCT042315-15,0.0980,8.55,yes
2026-10-05T03:13:17.610309Z,KXBTC15M-26OCT042315-15,0.0970,54.00,no
2026-10-05T03:13:17.610309Z,KXBTC15M-26OCT042315-15,0.0970,0.01,no
2026-10-05T03:13:17.610309Z,KXBTC15M-26OCT042315-15,0.0970,0.01,no
2026-10-05T03:13:17.610309Z,KXBTC15M-26OCT042315-15,0.0970,415.02,no
2026-10-05T03:13:17.610309Z,KXBTC15M-26OCT042315-15,0.0970,7.00,no
2026-10-05T03:13:17.610309Z,KXBTC15M-26OCT042315-15,0.0960,1047.00,no
2026-10-05T03:13:17.610717Z,KXBTC15M-26OCT042315-15,0.0980,42.78,yes
2026-10-05T03:13:17.610913Z,KXBTC15M-26OCT042315-15,0.0980,64.65,yes
2026-10-05T03:13:17.616528Z,KXBTC15M-26OCT042315-15,0.0970,17.11,yes
2026-10-05T03:13:17.635142Z,KXBTC15M-26OCT042315-15,0.0920,0.01,no
2026-10-05T03:13:17.635142Z,KXBTC15M-26OCT042315-15,0.0920,33.00,no
2026-10-05T03:13:17.635142Z,KXBTC15M-26OCT042315-15,0.0900,19.99,no
2026-10-05T03:13:17.641481Z,KXBTC15M-26OCT042315-15,0.0920,17.11,yes
2026-10-05T03:13:17.689185Z,KXBTC15M-26OCT042315-15,0.0920,131.45,yes
2026-10-05T03:13:17.726558Z,KXBTC15M-26OCT042315-15,0.0920,9.50,yes
2026-10-05T03:13:17.729491Z,KXBTC15M-26OCT042315-15,0.0920,8.04,yes
2026-10-05T03:13:17.729491Z,KXBTC15M-26OCT042315-15,0.0920,0.01,yes
2026-10-05T03:13:17.729491Z,KXBTC15M-26OCT042315-15,0.0920,0.01,yes
2026-10-05T03:13:17.729491Z,KXBTC15M-26OCT042315-15,0.0920,9.05,yes
2026-10-05T03:13:17.736245Z,KXBTC15M-26OCT042315-15,0.0920,391.96,yes
2026-10-05T03:13:17.736245Z,KXBTC15M-26OCT042315-15,0.0930,0.01,yes
2026-10-05T03:13:17.736245Z,KXBTC15M-26OCT042315-15,0.0940,5.00,yes
2026-10-05T03:13:17.736245Z,KXBTC15M-26OCT042315-15,0.0960,114.00,yes
2026-10-05T03:13:17.736245Z,KXBTC15M-26OCT042315-15,0.0970,1443.25,yes
2026-10-05T03:13:17.736245Z,KXBTC15M-26OCT042315-15,0.0930,0.01,yes
2026-10-05T03:13:17.736245Z,KXBTC15M-26OCT042315-15,0.0960,7.00,yes
2026-10-05T03:13:17.736245Z,KXBTC15M-26OCT042315-15,0.0960,6.00,yes
2026-10-05T03:13:17.736767Z,KXBTC15M-26OCT042315-15,0.0970,0.85,yes
2026-10-05T03:13:17.738572Z,KXBTC15M-26OCT042315-15,0.0970,171.13,yes
2026-10-05T03:13:17.738572Z,KXBTC15M-26OCT042315-15,0.0920,0.01,yes
2026-10-05T03:13:17.738572Z,KXBTC15M-26OCT042315-15,0.0920,0.01,yes
2026-10-05T03:13:17.812938Z,KXBTC15M-26OCT042315-15,0.0930,96.16,no
2026-10-05T03:13:17.821612Z,KXBTC15M-26OCT042315-15,0.0930,323.04,no
2026-10-05T03:13:17.826226Z,KXBTC15M-26OCT042315-15,0.0940,9.50,yes
2026-10-05T03:13:17.858033Z,KXBTC15M-26OCT042315-15,0.0930,4.51,no
2026-10-05T03:13:17.859256Z,KXBTC15M-26OCT042315-15,0.0930,697.18,no
2026-10-05T03:13:17.863357Z,KXBTC15M-26OCT042315-15,0.0940,3.55,yes
2026-10-05T03:13:17.863357Z,KXBTC15M-26OCT042315-15,0.0940,5.00,yes
2026-10-05T03:13:17.885756Z,KXBTC15M-26OCT042315-15,0.0930,5.97,no
2026-10-05T03:13:17.885756Z,KXBTC15M-26OCT042315-15,0.0930,0.01,no
2026-10-05T03:13:17.885756Z,KXBTC15M-26OCT042315-15,0.0930,0.01,no
2026-10-05T03:13:17.886767Z,KXBTC15M-26OCT042315-15,0.0940,7.57,yes
2026-10-05T03:13:17.910034Z,KXBTC15M-26OCT042315-15,0.0930,26.26,no
2026-10-05T03:13:17.914545Z,KXBTC15M-26OCT042315-15,0.0940,20.91,yes
2026-10-05T03:13:17.976014Z,KXBTC15M-26OCT042315-15,0.0940,43.77,yes
2026-10-05T03:13:17.982118Z,KXBTC15M-26OCT042315-15,0.0930,0.01,no
2026-10-05T03:13:17.982118Z,KXBTC15M-26OCT042315-15,0.0930,0.05,no
2026-10-05T03:13:17.982118Z,KXBTC15M-26OCT042315-15,0.0910,60.00,no
2026-10-05T03:13:17.982118Z,KXBTC15M-26OCT042315-15,0.0910,46.93,no
2026-10-05T03:13:17.982118Z,KXBTC15M-26OCT042315-15,0.0930,0.01,no
2026-10-05T03:13:17.982363Z,KXBTC15M-26OCT042315-15,0.0940,19.00,yes
2026-10-05T03:13:18.000795Z,KXBTC15M-26OCT042315-15,0.0920,0.01,no
2026-10-05T03:13:18.014696Z,KXBTC15M-26OCT042315-15,0.0920,100.00,no
2026-10-05T03:13:18.039924Z,KXBTC15M-26OCT042315-15,0.0930,7.00,yes
2026-10-05T03:13:18.039924Z,KXBTC15M-26OCT042315-15,0.0930,0.01,yes
2026-10-05T03:13:18.039924Z,KXBTC15M-26OCT042315-15,0.0930,40.48,yes
2026-10-05T03:13:18.039924Z,KXBTC15M-26OCT042315-15,0.0930,0.01,yes
2026-10-05T03:13:18.067046Z,KXBTC15M-26OCT042315-15,0.0920,6.46,no
2026-10-05T03:13:18.096445Z,KXBTC15M-26OCT042315-15,0.0930,47.50,yes
2026-10-05T03:13:18.097472Z,KXBTC15M-26OCT042315-15,0.0930,7.97,yes
2026-10-05T03:13:18.097472Z,KXBTC15M-26OCT042315-15,0.0930,5.00,yes
2026-10-05T03:13:18.097472Z,KXBTC15M-26OCT042315-15,0.0930,312.02,yes
2026-10-05T03:13:18.098106Z,KXBTC15M-26OCT042315-15,0.0930,5.00,yes
2026-10-05T03:13:18.140296Z,KXBTC15M-26OCT042315-15,0.0930,0.01,yes
2026-10-05T03:13:18.140296Z,KXBTC15M-26OCT042315-15,0.0930,14.02,yes
2026-10-05T03:13:18.140296Z,KXBTC15M-26OCT042315-15,0.0930,6.00,yes
2026-10-05T03:13:18.164878Z,KXBTC15M-26OCT042315-15,0.0930,9.47,yes
2026-10-05T03:13:18.173693Z,KXBTC15M-26OCT042315-15,0.0930,0.51,yes
2026-10-05T03:13:18.173693Z,KXBTC15M-26OCT042315-15,0.0930,0.01,yes
2026-10-05T03:13:18.173693Z,KXBTC15M-26OCT042315-15,0.0930,5.00,yes
2026-10-05T03:13:18.173693Z,KXBTC15M-26OCT042315-15,0.0930,97.85,yes
2026-10-05T03:13:18.233404Z,KXBTC15M-26OCT042315-15,0.0930,6.00,yes
2026-10-05T03:13:18.254171Z,KXBTC15M-26OCT042315-15,0.0930,9.99,yes
2026-10-05T03:13:18.266547Z,KXBTC15M-26OCT042315-15,0.0930,271.49,yes
2026-10-05T03:13:18.381561Z,KXBTC15M-26OCT042315-15,0.0920,0.01,no
2026-10-05T03:13:18.381561Z,KXBTC15M-26OCT042315-15,0.0920,0.01,no
2026-10-05T03:13:18.381561Z,KXBTC15M-26OCT042315-15,0.0920,34.86,no
2026-10-05T03:13:18.381561Z,KXBTC15M-26OCT042315-15,0.0920,0.05,no
2026-10-05T03:13:18.392293Z,KXBTC15M-26OCT042315-15,0.0930,0.32,yes
2026-10-05T03:13:18.392293Z,KXBTC15M-26OCT042315-15,0.0930,14.67,yes
2026-10-05T03:13:18.392293Z,KXBTC15M-26OCT042315-15,0.0930,5.00,yes
2026-10-05T03:13:18.392293Z,KXBTC15M-26OCT042315-15,0.0930,0.01,yes
2026-10-05T03:13:18.408012Z,KXBTC15M-26OCT042315-15,0.0930,4.90,yes
2026-10-05T03:13:18.40972Z,KXBTC15M-26OCT042315-15,0.0930,0.14,yes
2026-10-05T03:13:18.410926Z,KXBTC15M-26OCT042315-15,0.0920,10.73,no
2026-10-05T03:13:18.472225Z,KXBTC15M-26OCT042315-15,0.0930,5.00,yes
2026-10-05T03:13:18.472225Z,KXBTC15M-26OCT042315-15,0.0930,0.01,yes
2026-10-05T03:13:18.472225Z,KXBTC15M-26OCT042315-15,0.0930,0.03,yes
2026-10-05T03:13:18.472225Z,KXBTC15M-26OCT042315-15,0.0930,0.01,yes
2026-10-05T03:13:18.489102Z,KXBTC15M-26OCT042315-15,0.0920,5.37,no
2026-10-05T03:13:18.503108Z,KXBTC15M-26OCT042315-15,0.0950,51.26,no
2026-10-05T03:13:18.503653Z,KXBTC15M-26OCT042315-15,0.0950,3.33,no
2026-10-05T03:13:18.529611Z,KXBTC15M-26OCT042315-15,0.0950,272.16,no
2026-10-05T03:13:18.54112Z,KXBTC15M-26OCT042315-15,0.0960,5.00,yes
2026-10-05T03:13:18.54112Z,KXBTC15M-26OCT042315-15,0.0960,6.39,yes
2026-10-05T03:13:18.594771Z,KXBTC15M-26OCT042315-15,0.0960,241.58,yes
2026-10-05T03:13:18.607499Z,KXBTC15M-26OCT042315-15,0.0950,0.01,no
2026-10-05T03:13:18.607499Z,KXBTC15M-26OCT042315-15,0.0950,0.01,no
2026-10-05T03:13:18.607499Z,KXBTC15M-26OCT042315-15,0.0870,62.72,no
2026-10-05T03:13:18.673523Z,KXBTC15M-26OCT042315-15,0.0920,0.01,no
2026-10-05T03:13:18.673523Z,KXBTC15M-26OCT042315-15,0.0920,0.01,no
2026-10-05T03:13:18.673523Z,KXBTC15M-26OCT042315-15,0.0920,0.24,no
2026-10-05T03:13:18.709582Z,KXBTC15M-26OCT042315-15,0.0910,10.00,yes
2026-10-05T03:13:18.730788Z,KXBTC15M-26OCT042315-15,0.0900,0.01,no
2026-10-05T03:13:18.730788Z,KXBTC15M-26OCT042315-15,0.0900,42.76,no
2026-10-05T03:13:18.730788Z,KXBTC15M-26OCT042315-15,0.0900,0.01,no
2026-10-05T03:13:18.732971Z,KXBTC15M-26OCT042315-15,0.0910,3.06,yes
2026-10-05T03:13:18.764833Z,KXBTC15M-26OCT042315-15,0.0910,151.66,yes
2026-10-05T03:13:18.774579Z,KXBTC15M-26OCT042315-15,0.0910,0.22,yes
2026-10-05T03:13:18.774782Z,KXBTC15M-26OCT042315-15,0.0900,3.01,no
2026-10-05T03:13:18.778261Z,KXBTC15M-26OCT042315-15,0.0910,20.22,yes
2026-10-05T03:13:18.791135Z,KXBTC15M-26OCT042315-15,0.0910,11.22,yes
2026-10-05T03:13:18.810397Z,KXBTC15M-26OCT042315-15,0.0910,0.01,yes
2026-10-05T03:13:18.810397Z,KXBTC15M-26OCT042315-15,0.0910,5.03,yes
2026-10-05T03:13:18.810397Z,KXBTC15M-26OCT042315-15,0.0910,0.01,yes
2026-10-05T03:13:18.815717Z,KXBTC15M-26OCT042315-15,0.0910,10.11,yes
2026-10-05T03:13:18.83913Z,KXBTC15M-26OCT042315-15,0.0920,0.01,yes
2026-10-05T03:13:18.83913Z,KXBTC15M-26OCT042315-15,0.0910,0.01,yes
2026-10-05T03:13:18.83913Z,KXBTC15M-26OCT042315-15,0.0930,38.51,yes
2026-10-05T03:13:18.83913Z,KXBTC15M-26OCT042315-15,0.0930,5.00,yes
2026-10-05T03:13:18.83913Z,KXBTC15M-26OCT042315-15,0.0910,0.01,yes
2026-10-05T03:13:18.83913Z,KXBTC15M-26OCT042315-15,0.0920,0.01,yes
2026-10-05T03:13:18.83913Z,KXBTC15M-26OCT042315-15,0.0920,7.00,yes
2026-10-05T03:13:18.840845Z,KXBTC15M-26OCT042315-15,0.0920,75.42,yes
2026-10-05T03:13:18.874857Z,KXBTC15M-26OCT042315-15,0.0920,0.01,yes
2026-10-05T03:13:18.874857Z,KXBTC15M-26OCT042315-15,0.0920,7.00,yes
2026-10-05T03:13:18.874857Z,KXBTC15M-26OCT042315-15,0.0920,13.20,yes
2026-10-05T03:13:18.874857Z,KXBTC15M-26OCT042315-15,0.0920,0.01,yes
2026-10-05T03:13:18.896513Z,KXBTC15M-26OCT042315-15,0.0930,2.79,yes
2026-10-05T03:13:18.896513Z,KXBTC15M-26OCT042315-15,0.0920,7.00,yes
2026-10-05T03:13:18.898227Z,KXBTC15M-26OCT042315-15,0.0930,57.79,yes
2026-10-05T03:13:18.90073Z,KXBTC15M-26OCT042315-15,0.0900,350.54,no
2026-10-05T03:13:18.979581Z,KXBTC15M-26OCT042315-15,0.0920,101.10,yes
2026-10-05T03:13:18.988559Z,KXBTC15M-26OCT042315-15,0.0910,0.01,no
2026-10-05T03:13:18.988559Z,KXBTC15M-26OCT042315-15,0.0910,48.86,no
2026-10-05T03:13:18.988559Z,KXBTC15M-26OCT042315-15,0.0910,0.01,no
2026-10-05T03:13:18.988559Z,KXBTC15M-26OCT042315-15,0.0910,1.12,no
2026-10-05T03:13:18.992769Z,KXBTC15M-26OCT042315-15,0.0900,0.01,no
2026-10-05T03:13:18.992769Z,KXBTC15M-26OCT042315-15,0.0880,8.00,no
2026-10-05T03:13:18.992769Z,KXBTC15M-26OCT042315-15,0.0910,240.41,no
2026-10-05T03:13:18.992769Z,KXBTC15M-26OCT042315-15,0.0900,0.01,no
2026-10-05T03:13:18.992769Z,KXBTC15M-26OCT042315-15,0.0870,144.57,no
2026-10-05T03:13:18.995936Z,KXBTC15M-26OCT042315-15,0.0910,101.10,yes
2026-10-05T03:13:19.00052Z,KXBTC15M-26OCT042315-15,0.0920,7.00,yes
2026-10-05T03:13:19.00052Z,KXBTC15M-26OCT042315-15,0.0920,3.00,yes
2026-10-05T03:13:19.041168Z,KXBTC15M-26OCT042315-15,0.0910,10.33,yes
2026-10-05T03:13:19.140036Z,KXBTC15M-26OCT042315-15,0.0890,0.01,no
2026-10-05T03:13:19.140036Z,KXBTC15M-26OCT042315-15,0.0900,0.01,no
2026-10-05T03:13:19.140036Z,KXBTC15M-26OCT042315-15,0.0900,0.01,no
2026-10-05T03:13:19.140036Z,KXBTC15M-26OCT042315-15,0.0890,0.01,no
2026-10-05T03:13:19.140036Z,KXBTC15M-26OCT042315-15,0.0880,1.00,no
2026-10-05T03:13:19.140036Z,KXBTC15M-26OCT042315-15,0.0870,155.10,no
2026-10-05T03:13:19.16321Z,KXBTC15M-26OCT042315-15,0.0890,1.76,yes
2026-10-05T03:13:19.165361Z,KXBTC15M-26OCT042315-15,0.0880,81.22,no
2026-10-05T03:13:19.17346Z,KXBTC15M-26OCT042315-15,0.0890,103.31,yes
2026-10-05T03:13:19.18668Z,KXBTC15M-26OCT042315-15,0.0890,19.79,yes
2026-10-05T03:13:19.197412Z,KXBTC15M-26OCT042315-15,0.0890,25.14,yes
2026-10-05T03:13:19.197412Z,KXBTC15M-26OCT042315-15,0.0890,0.01,yes
2026-10-05T03:13:19.197412Z,KXBTC15M-26OCT042315-15,0.0890,0.01,yes
2026-10-05T03:13:19.197412Z,KXBTC15M-26OCT042315-15,0.0890,78.15,yes
2026-10-05T03:13:19.208392Z,KXBTC15M-26OCT042315-15,0.0910,0.01,yes
2026-10-05T03:13:19.208392Z,KXBTC15M-26OCT042315-15,0.0920,48.00,yes
2026-10-05T03:13:19.208392Z,KXBTC15M-26OCT042315-15,0.0910,0.01,yes
2026-10-05T03:13:19.208392Z,KXBTC15M-26OCT042315-15,0.0900,0.01,yes
2026-10-05T03:13:19.208392Z,KXBTC15M-26OCT042315-15,0.0900,0.01,yes
2026-10-05T03:13:19.208392Z,KXBTC15M-26OCT042315-15,0.0920,6.00,yes
2026-10-05T03:13:19.208392Z,KXBTC15M-26OCT042315-15,0.0920,7.00,yes
2026-10-05T03:13:19.208392Z,KXBTC15M-26OCT042315-15,0.0910,5.00,yes
2026-10-05T03:13:19.208392Z,KXBTC15M-26OCT042315-15,0.0930,35.20,yes
2026-10-05T03:13:19.21983Z,KXBTC15M-26OCT042315-15,0.0920,0.61,yes
2026-10-05T03:13:19.21983Z,KXBTC15M-26OCT042315-15,0.0920,0.01,yes
2026-10-05T03:13:19.21983Z,KXBTC15M-26OCT042315-15,0.0920,5.00,yes
2026-10-05T03:13:19.21983Z,KXBTC15M-26OCT042315-15,0.0920,0.01,yes
2026-10-05T03:13:19.21983Z,KXBTC15M-26OCT042315-15,0.0920,1.00,yes
2026-10-05T03:13:19.234007Z,KXBTC15M-26OCT042315-15,0.0890,5.37,no
2026-10-05T03:13:19.289677Z,KXBTC15M-26OCT042315-15,0.0890,0.01,no
2026-10-05T03:13:19.289677Z,KXBTC15M-26OCT042315-15,0.0880,0.01,no
2026-10-05T03:13:19.289677Z,KXBTC15M-26OCT042315-15,0.0890,0.01,no
2026-10-05T03:13:19.289677Z,KXBTC15M-26OCT042315-15,0.0880,124.00,no
2026-10-05T03:13:19.289677Z,KXBTC15M-26OCT042315-15,0.0880,62.00,no
2026-10-05T03:13:19.289677Z,KXBTC15M-26OCT042315-15,0.0880,0.01,no
2026-10-05T03:13:19.289677Z,KXBTC15M-26OCT042315-15,0.0890,56.63,no
2026-10-05T03:13:19.289677Z,KXBTC15M-26OCT042315-15,0.0870,31.14,no
2026-10-05T03:13:19.298597Z,KXBTC15M-26OCT042315-15,0.0890,2.35,yes
2026-10-05T03:13:19.308728Z,KXBTC15M-26OCT042315-15,0.0890,20.22,yes
2026-10-05T03:13:19.308767Z,KXBTC15M-26OCT042315-15,0.0890,51.78,yes
2026-10-05T03:13:19.308767Z,KXBTC15M-26OCT042315-15,0.0920,198.00,yes
2026-10-05T03:13:19.308767Z,KXBTC15M-26OCT042315-15,0.0920,200.00,yes
2026-10-05T03:13:19.308767Z,KXBTC15M-26OCT042315-15,0.0920,5.00,yes
2026-10-05T03:13:19.308767Z,KXBTC15M-26OCT042315-15,0.0900,0.01,yes
2026-10-05T03:13:19.308767Z,KXBTC15M-26OCT042315-15,0.0900,0.01,yes
2026-10-05T03:13:19.308767Z,KXBTC15M-26OCT042315-15,0.0920,7.00,yes
2026-10-05T03:13:19.308767Z,KXBTC15M-26OCT042315-15,0.0920,144.00,yes
2026-10-05T03:13:19.308767Z,KXBTC15M-26OCT042315-15,0.0930,959.20,yes
2026-10-05T03:13:19.308767Z,KXBTC15M-26OCT042315-15,0.0920,6.00,yes
2026-10-05T03:13:19.341768Z,KXBTC15M-26OCT042315-15,0.0910,29.00,yes
2026-10-05T03:13:19.371755Z,KXBTC15M-26OCT042315-15,0.0910,22.29,yes
2026-10-05T03:13:19.395013Z,KXBTC15M-26OCT042315-15,0.0910,1.45,yes
2026-10-05T03:13:19.424367Z,KXBTC15M-26OCT042315-15,0.0900,1.00,yes
2026-10-05T03:13:19.424367Z,KXBTC15M-26OCT042315-15,0.0910,50.65,yes
2026-10-05T03:13:19.426887Z,KXBTC15M-26OCT042315-15,0.0910,1.24,yes
2026-10-05T03:13:19.431489Z,KXBTC15M-26OCT042315-15,0.0900,54.63,yes
2026-10-05T03:13:19.431489Z,KXBTC15M-26OCT042315-15,0.0900,7.00,yes
2026-10-05T03:13:19.50051Z,KXBTC15M-26OCT042315-15,0.0910,10.00,yes
2026-10-05T03:13:19.517058Z,KXBTC15M-26OCT042315-15,0.0910,10.33,yes
2026-10-05T03:13:19.542029Z,KXBTC15M-26OCT042315-15,0.0900,63.44,no
2026-10-05T03:13:19.580432Z,KXBTC15M-26OCT042315-15,0.0910,10.33,yes
2026-10-05T03:13:19.580535Z,KXBTC15M-26OCT042315-15,0.0900,5.19,no
2026-10-05T03:13:19.626309Z,KXBTC15M-26OCT042315-15,0.0910,20.66,yes
2026-10-05T03:13:19.692576Z,KXBTC15M-26OCT042315-15,0.0910,10.22,yes
2026-10-05T03:13:19.737401Z,KXBTC15M-26OCT042315-15,0.0900,27.25,no
2026-10-05T03:13:19.737401Z,KXBTC15M-26OCT042315-15,0.0900,0.01,no
2026-10-05T03:13:19.737401Z,KXBTC15M-26OCT042315-15,0.0900,0.01,no
2026-10-05T03:13:19.755045Z,KXBTC15M-26OCT042315-15,0.0910,10.33,yes
2026-10-05T03:13:19.76062Z,KXBTC15M-26OCT042315-15,0.0900,75.33,no
2026-10-05T03:13:19.76062Z,KXBTC15M-26OCT042315-15,0.0900,33.75,no
2026-10-05T03:13:19.76457Z,KXBTC15M-26OCT042315-15,0.0910,78.13,yes
2026-10-05T03:13:19.76457Z,KXBTC15M-26OCT042315-15,0.0910,24.06,yes
2026-10-05T03:13:19.765312Z,KXBTC15M-26OCT042315-15,0.0900,0.05,no
2026-10-05T03:13:19.789135Z,KXBTC15M-26OCT042315-15,0.0900,2.17,no
2026-10-05T03:13:19.792987Z,KXBTC15M-26OCT042315-15,0.0900,6.73,no
2026-10-05T03:13:19.820297Z,KXBTC15M-26OCT042315-15,0.0900,60.00,no
2026-10-05T03:13:19.820297Z,KXBTC15M-26OCT042315-15,0.0900,3.72,no
2026-10-05T03:13:19.820297Z,KXBTC15M-26OCT042315-15,0.0900,0.01,no
2026-10-05T03:13:19.820297Z,KXBTC15M-26OCT042315-15,0.0900,0.05,no
2026-10-05T03:13:19.820297Z,KXBTC15M-26OCT042315-15,0.0900,0.01,no
2026-10-05T03:13:19.820297Z,KXBTC15M-26OCT042315-15,0.0890,62.00,no
2026-10-05T03:13:19.820297Z,KXBTC15M-26OCT042315-15,0.0870,38.46,no
2026-10-05T03:13:19.840163Z,KXBTC15M-26OCT042315-15,0.0900,42.78,yes
2026-10-05T03:13:19.881762Z,KXBTC15M-26OCT042315-15,0.0890,9.81,no
2026-10-05T03:13:19.907514Z,KXBTC15M-26OCT042315-15,0.0900,0.01,yes
2026-10-05T03:13:19.907514Z,KXBTC15M-26OCT042315-15,0.0900,0.01,yes
2026-10-05T03:13:19.907514Z,KXBTC15M-26OCT042315-15,0.0900,13.12,yes
2026-10-05T03:13:19.921065Z,KXBTC15M-26OCT042315-15,0.0900,200.00,yes
2026-10-05T03:13:19.921571Z,KXBTC15M-26OCT042315-15,0.0900,10.33,yes
2026-10-05T03:13:19.933338Z,KXBTC15M-26OCT042315-15,0.0900,0.01,yes
2026-10-05T03:13:19.933338Z,KXBTC15M-26OCT042315-15,0.0900,0.01,yes
2026-10-05T03:13:19.933338Z,KXBTC15M-26OCT042315-15,0.0910,7.03,yes
2026-10-05T03:13:19.949003Z,KXBTC15M-26OCT042315-15,0.0890,19.78,no
2026-10-05T03:13:19.954539Z,KXBTC15M-26OCT042315-15,0.0920,5.00,yes
2026-10-05T03:13:19.954539Z,KXBTC15M-26OCT042315-15,0.0940,24.69,yes
2026-10-05T03:13:19.954539Z,KXBTC15M-26OCT042315-15,0.0940,7.00,yes
2026-10-05T03:13:19.970185Z,KXBTC15M-26OCT042315-15,0.0910,48.00,yes
2026-10-05T03:13:19.970185Z,KXBTC15M-26OCT042315-15,0.0930,34.24,yes
2026-10-05T03:13:19.970185Z,KXBTC15M-26OCT042315-15,0.0920,7.00,yes
2026-10-05T03:13:19.970185Z,KXBTC15M-26OCT042315-15,0.0900,6.00,yes
2026-10-05T03:13:19.970185Z,KXBTC15M-26OCT042315-15,0.0920,1.00,yes
2026-10-05T03:13:19.970185Z,KXBTC15M-26OCT042315-15,0.0920,5.00,yes
2026-10-05T03:13:19.988323Z,KXBTC15M-26OCT042315-15,0.0920,0.10,yes
2026-10-05T03:13:20.021047Z,KXBTC15M-26OCT042315-15,0.0910,94.50,yes
2026-10-05T03:13:20.021047Z,KXBTC15M-26OCT042315-15,0.0910,6.00,yes
2026-10-05T03:13:20.021047Z,KXBTC15M-26OCT042315-15,0.0900,7.00,yes
2026-10-05T03:13:20.021047Z,KXBTC15M-26OCT042315-15,0.0900,5.00,yes
2026-10-05T03:13:20.048348Z,KXBTC15M-26OCT042315-15,0.0920,2.24,yes
2026-10-05T03:13:20.048348Z,KXBTC15M-26OCT042315-15,0.0920,7.00,yes
2026-10-05T03:13:20.048348Z,KXBTC15M-26OCT042315-15,0.0910,5.00,yes
2026-10-05T03:13:20.048348Z,KXBTC15M-26OCT042315-15,0.0900,6.00,yes
2026-10-05T03:13:20.077325Z,KXBTC15M-26OCT042315-15,0.0920,7.00,yes
2026-10-05T03:13:20.077325Z,KXBTC15M-26OCT042315-15,0.0910,5.00,yes
2026-10-05T03:13:20.077325Z,KXBTC15M-26OCT042315-15,0.0920,332.24,yes
2026-10-05T03:13:20.108344Z,KXBTC15M-26OCT042315-15,0.0910,25.66,yes
2026-10-05T03:13:20.108344Z,KXBTC15M-26OCT042315-15,0.0910,5.00,yes
2026-10-05T03:13:20.138781Z,KXBTC15M-26OCT042315-15,0.0910,5.33,yes
2026-10-05T03:13:20.138781Z,KXBTC15M-26OCT042315-15,0.0910,5.00,yes
2026-10-05T03:13:20.141243Z,KXBTC15M-26OCT042315-15,0.0870,57.10,no
2026-10-05T03:13:20.141243Z,KXBTC15M-26OCT042315-15,0.0890,0.01,no
2026-10-05T03:13:20.141243Z,KXBTC15M-26OCT042315-15,0.0890,0.01,no
2026-10-05T03:13:20.141243Z,KXBTC15M-26OCT042315-15,0.0890,0.05,no
2026-10-05T03:13:20.159087Z,KXBTC15M-26OCT042315-15,0.0890,150.00,yes
2026-10-05T03:13:20.159087Z,KXBTC15M-26OCT042315-15,0.0910,0.01,yes
2026-10-05T03:13:20.159087Z,KXBTC15M-26OCT042315-15,0.0910,0.01,yes
2026-10-05T03:13:20.159087Z,KXBTC15M-26OCT042315-15,0.0910,5.00,yes
2026-10-05T03:13:20.159087Z,KXBTC15M-26OCT042315-15,0.0920,7.00,yes
2026-10-05T03:13:20.159087Z,KXBTC15M-26OCT042315-15,0.0920,6.00,yes
2026-10-05T03:13:20.159087Z,KXBTC15M-26OCT042315-15,0.0930,38.61,yes
2026-10-05T03:13:20.16119Z,KXBTC15M-26OCT042315-15,0.0930,2.19,yes
2026-10-05T03:13:20.162686Z,KXBTC15M-26OCT042315-15,0.0880,5.35,no
2026-10-05T03:13:20.171651Z,KXBTC15M-26OCT042315-15,0.0900,1.00,yes
2026-10-05T03:13:20.171651Z,KXBTC15M-26OCT042315-15,0.0930,9.12,yes
2026-10-05T03:13:20.202446Z,KXBTC15M-26OCT042315-15,0.0900,51.65,yes
2026-10-05T03:13:20.230053Z,KXBTC15M-26OCT042315-15,0.0900,10.33,yes
2026-10-05T03:13:20.308394Z,KXBTC15M-26OCT042315-15,0.0890,5.95,yes
2026-10-05T03:13:20.316425Z,KXBTC15M-26OCT042315-15,0.0890,51.65,yes
2026-10-05T03:13:20.327916Z,KXBTC15M-26OCT042315-15,0.0890,373.60,yes
2026-10-05T03:13:20.327916Z,KXBTC15M-26OCT042315-15,0.0890,92.40,yes
2026-10-05T03:13:20.335898Z,KXBTC15M-26OCT042315-15,0.0890,10.44,yes
2026-10-05T03:13:20.343408Z,KXBTC15M-26OCT042315-15,0.0880,0.01,no
2026-10-05T03:13:20.343408Z,KXBTC15M-26OCT042315-15,0.0880,8.60,no
2026-10-05T03:13:20.343408Z,KXBTC15M-26OCT042315-15,0.0880,0.01,no
2026-10-05T03:13:20.362283Z,KXBTC15M-26OCT042315-15,0.0880,0.05,no
2026-10-05T03:13:20.362283Z,KXBTC15M-26OCT042315-15,0.0880,0.01,no
2026-10-05T03:13:20.362283Z,KXBTC15M-26OCT042315-15,0.0880,0.01,no
2026-10-05T03:13:20.362283Z,KXBTC15M-26OCT042315-15,0.0850,4.20,no
2026-10-05T03:13:20.371047Z,KXBTC15M-26OCT042315-15,0.0850,31.71,no
2026-10-05T03:13:20.377076Z,KXBTC15M-26OCT042315-15,0.0870,14.37,no
2026-10-05T03:13:20.389658Z,KXBTC15M-26OCT042315-15,0.0870,23.49,no
2026-10-05T03:13:20.427905Z,KXBTC15M-26OCT042315-15,0.0870,2.17,no
2026-10-05T03:13:20.515148Z,KXBTC15M-26OCT042315-15,0.0880,17.77,yes
2026-10-05T03:13:20.515148Z,KXBTC15M-26OCT042315-15,0.0880,0.01,yes
2026-10-05T03:13:20.515148Z,KXBTC15M-26OCT042315-15,0.0880,0.01,yes
2026-10-05T03:13:20.531998Z,KXBTC15M-26OCT042315-15,0.0870,0.01,no
2026-10-05T03:13:20.531998Z,KXBTC15M-26OCT042315-15,0.0870,0.01,no
2026-10-05T03:13:20.531998Z,KXBTC15M-26OCT042315-15,0.0850,16.01,no
2026-10-05T03:13:20.531998Z,KXBTC15M-26OCT042315-15,0.0850,29.09,no
2026-10-05T03:13:20.587874Z,KXBTC15M-26OCT042315-15,0.0840,1.06,no
2026-10-05T03:13:20.588156Z,KXBTC15M-26OCT042315-15,0.0850,0.01,yes
2026-10-05T03:13:20.588156Z,KXBTC15M-26OCT042315-15,0.0850,0.01,yes
2026-10-05T03:13:20.588156Z,KXBTC15M-26OCT042315-15,0.0850,150.00,yes
2026-10-05T03:13:20.588156Z,KXBTC15M-26OCT042315-15,0.0850,112.98,yes
2026-10-05T03:13:20.592482Z,KXBTC15M-26OCT042315-15,0.0850,2.06,yes
2026-10-05T03:13:20.62318Z,KXBTC15M-26OCT042315-15,0.0840,2.62,no
2026-10-05T03:13:20.698727Z,KXBTC15M-26OCT042315-15,0.0840,20.84,no
2026-10-05T03:13:20.710182Z,KXBTC15M-26OCT042315-15,0.0870,10.54,yes
2026-10-05T03:13:20.710182Z,KXBTC15M-26OCT042315-15,0.0870,0.01,yes
2026-10-05T03:13:20.710182Z,KXBTC15M-26OCT042315-15,0.0870,0.01,yes
2026-10-05T03:13:20.722849Z,KXBTC15M-26OCT042315-15,0.0870,20.66,yes
2026-10-05T03:13:20.723677Z,KXBTC15M-26OCT042315-15,0.0840,75.48,no
2026-10-05T03:13:20.723677Z,KXBTC15M-26OCT042315-15,0.0840,268.09,no
2026-10-05T03:13:20.723677Z,KXBTC15M-26OCT042315-15,0.0840,0.01,no
2026-10-05T03:13:20.723677Z,KXBTC15M-26OCT042315-15,0.0840,8.00,no
2026-10-05T03:13:20.723677Z,KXBTC15M-26OCT042315-15,0.0840,0.01,no
2026-10-05T03:13:20.723677Z,KXBTC15M-26OCT042315-15,0.0840,65.00,no
2026-10-05T03:13:20.727571Z,KXBTC15M-26OCT042315-15,0.0870,41.78,yes
2026-10-05T03:13:20.734926Z,KXBTC15M-26OCT042315-15,0.0870,3.88,yes
2026-10-05T03:13:20.734926Z,KXBTC15M-26OCT042315-15,0.0870,0.01,yes
2026-10-05T03:13:20.734926Z,KXBTC15M-26OCT042315-15,0.0870,0.01,yes
2026-10-05T03:13:20.753535Z,KXBTC15M-26OCT042315-15,0.0890,0.01,yes
2026-10-05T03:13:20.753535Z,KXBTC15M-26OCT042315-15,0.0910,7.00,yes
2026-10-05T03:13:20.753535Z,KXBTC15M-26OCT042315-15,0.0920,7.22,yes
2026-10-05T03:13:20.753535Z,KXBTC15M-26OCT042315-15,0.0920,6.00,yes
2026-10-05T03:13:20.753535Z,KXBTC15M-26OCT042315-15,0.0890,0.01,yes
2026-10-05T03:13:20.79912Z,KXBTC15M-26OCT042315-15,0.0900,18.93,no
2026-10-05T03:13:20.884309Z,KXBTC15M-26OCT042315-15,0.0910,5.23,yes
2026-10-05T03:13:20.938197Z,KXBTC15M-26OCT042315-15,0.0910,2.88,yes
2026-10-05T03:13:20.938197Z,KXBTC15M-26OCT042315-15,0.0910,0.77,yes
2026-10-05T03:13:20.968585Z,KXBTC15M-26OCT042315-15,0.0900,0.01,no
2026-10-05T03:13:20.968585Z,KXBTC15M-26OCT042315-15,0.0870,3.03,no
2026-10-05T03:13:20.968585Z,KXBTC15M-26OCT042315-15,0.0900,0.01,no
2026-10-05T03:13:21.084655Z,KXBTC15M-26OCT042315-15,0.0910,10.00,yes
2026-10-05T03:13:21.115416Z,KXBTC15M-26OCT042315-15,0.0920,7.00,yes
2026-10-05T03:13:21.115416Z,KXBTC15M-26OCT042315-15,0.0910,5.00,yes
2026-10-05T03:13:21.115416Z,KXBTC15M-26OCT042315-15,0.0930,32.72,yes
2026-10-05T03:13:21.124966Z,KXBTC15M-26OCT042315-15,0.0920,5.00,yes
2026-10-05T03:13:21.124966Z,KXBTC15M-26OCT042315-15,0.0930,21.61,yes
2026-10-05T03:13:21.135607Z,KXBTC15M-26OCT042315-15,0.0910,2.18,no
2026-10-05T03:13:21.161117Z,KXBTC15M-26OCT042315-15,0.0910,0.01,no
2026-10-05T03:13:21.161117Z,KXBTC15M-26OCT042315-15,0.0900,0.01,no
2026-10-05T03:13:21.161117Z,KXBTC15M-26OCT042315-15,0.0910,0.01,no
2026-10-05T03:13:21.161117Z,KXBTC15M-26OCT042315-15,0.0910,168.21,no
2026-10-05T03:13:21.161117Z,KXBTC15M-26OCT042315-15,0.0900,200.00,no
2026-10-05T03:13:21.161117Z,KXBTC15M-26OCT042315-15,0.0910,57.82,no
2026-10-05T03:13:21.161117Z,KXBTC15M-26OCT042315-15,0.0890,17.50,no
2026-10-05T03:13:21.161117Z,KXBTC15M-26OCT042315-15,0.0900,0.01,no
2026-10-05T03:13:21.166578Z,KXBTC15M-26OCT042315-15,0.0910,5.16,yes
2026-10-05T03:13:21.168145Z,KXBTC15M-26OCT042315-15,0.0870,3.00,no
2026-10-05T03:13:21.168145Z,KXBTC15M-26OCT042315-15,0.0890,182.50,no
2026-10-05T03:13:21.168145Z,KXBTC15M-26OCT042315-15,0.0870,8.00,no
2026-10-05T03:13:21.168145Z,KXBTC15M-26OCT042315-15,0.0870,59.97,no
2026-10-05T03:13:21.168145Z,KXBTC15M-26OCT042315-15,0.0870,63.00,no
2026-10-05T03:13:21.168145Z,KXBTC15M-26OCT042315-15,0.0880,1.12,no
2026-10-05T03:13:21.184873Z,KXBTC15M-26OCT042315-15,0.0880,52.92,yes
2026-10-05T03:13:21.21629Z,KXBTC15M-26OCT042315-15,0.0880,51.65,yes
2026-10-05T03:13:21.223685Z,KXBTC15M-26OCT042315-15,0.0880,0.01,yes
2026-10-05T03:13:21.223685Z,KXBTC15M-26OCT042315-15,0.0880,45.43,yes
2026-10-05T03:13:21.223685Z,KXBTC15M-26OCT042315-15,0.0880,0.01,yes
2026-10-05T03:13:21.227664Z,KXBTC15M-26OCT042315-15,0.0910,5.00,yes
2026-10-05T03:13:21.227664Z,KXBTC15M-26OCT042315-15,0.0930,45.36,yes
2026-10-05T03:13:21.227664Z,KXBTC15M-26OCT042315-15,0.0940,7.00,yes
2026-10-05T03:13:21.227664Z,KXBTC15M-26OCT042315-15,0.0950,42.64,yes
2026-10-05T03:13:21.273141Z,KXBTC15M-26OCT042315-15,0.0900,10.69,no
2026-10-05T03:13:21.295758Z,KXBTC15M-26OCT042315-15,0.0910,1.03,yes
2026-10-05T03:13:21.307247Z,KXBTC15M-26OCT042315-15,0.0910,10.33,yes
2026-10-05T03:13:21.308272Z,KXBTC15M-26OCT042315-15,0.0910,106.03,yes
2026-10-05T03:13:21.308272Z,KXBTC15M-26OCT042315-15,0.0910,0.01,yes
2026-10-05T03:13:21.308272Z,KXBTC15M-26OCT042315-15,0.0910,0.01,yes
2026-10-05T03:13:21.308272Z,KXBTC15M-26OCT042315-15,0.0910,6.64,yes
2026-10-05T03:13:21.323608Z,KXBTC15M-26OCT042315-15,0.0910,43.97,yes
2026-10-05T03:13:21.323608Z,KXBTC15M-26OCT042315-15,0.0920,5.00,yes
2026-10-05T03:13:21.323608Z,KXBTC15M-26OCT042315-15,0.0950,1.64,yes
2026-10-05T03:13:21.403126Z,KXBTC15M-26OCT042315-15,0.0940,231.05,no
2026-10-05T03:13:21.428573Z,KXBTC15M-26OCT042315-15,0.0950,150.00,yes
2026-10-05T03:13:21.428573Z,KXBTC15M-26OCT042315-15,0.1000,30.00,yes
2026-10-05T03:13:21.428573Z,KXBTC15M-26OCT042315-15,0.1000,6.00,yes
2026-10-05T03:13:21.428573Z,KXBTC15M-26OCT042315-15,0.0950,40.36,yes
2026-10-05T03:13:21.428573Z,KXBTC15M-26OCT042315-15,0.1000,200.00,yes
2026-10-05T03:13:21.428573Z,KXBTC15M-26OCT042315-15,0.1100,197.38,yes
2026-10-05T03:13:21.442816Z,KXBTC15M-26OCT042315-15,0.1100,1.19,yes
2026-10-05T03:13:21.457641Z,KXBTC15M-26OCT042315-15,0.1000,41.12,no
2026-10-05T03:13:21.515714Z,KXBTC15M-26OCT042315-15,0.1000,1035.91,no
2026-10-05T03:13:21.522097Z,KXBTC15M-26OCT042315-15,0.1000,9.85,no
2026-10-05T03:13:21.543903Z,KXBTC15M-26OCT042315-15,0.1000,5.00,no
2026-10-05T03:13:21.598985Z,KXBTC15M-26OCT042315-15,0.1000,197.80,no
2026-10-05T03:13:21.613723Z,KXBTC15M-26OCT042315-15,0.1000,23.67,no
2026-10-05T03:13:21.614856Z,KXBTC15M-26OCT042315-15,0.1000,216.00,no
2026-10-05T03:13:21.620486Z,KXBTC15M-26OCT042315-15,0.1000,10.90,no
2026-10-05T03:13:21.656467Z,KXBTC15M-26OCT042315-15,0.1100,1.19,yes
2026-10-05T03:13:21.695613Z,KXBTC15M-26OCT042315-15,0.1000,5.46,no
2026-10-05T03:13:21.714971Z,KXBTC15M-26OCT042315-15,0.1100,2.53,yes
2026-10-05T03:13:21.76266Z,KXBTC15M-26OCT042315-15,0.1100,49.95,yes
2026-10-05T03:13:21.76266Z,KXBTC15M-26OCT042315-15,0.1100,28.09,yes
2026-10-05T03:13:21.78841Z,KXBTC15M-26OCT042315-15,0.1000,15.69,no
2026-10-05T03:13:21.820277Z,KXBTC15M-26OCT042315-15,0.1000,1.08,no
2026-10-05T03:13:21.854693Z,KXBTC15M-26OCT042315-15,0.1000,8.21,no
2026-10-05T03:13:21.918499Z,KXBTC15M-26OCT042315-15,0.1100,13.44,yes
2026-10-05T03:13:21.966377Z,KXBTC15M-26OCT042315-15,0.1000,64.42,no
2026-10-05T03:13:21.991279Z,KXBTC15M-26OCT042315-15,0.1000,0.01,no
2026-10-05T03:13:21.991279Z,KXBTC15M-26OCT042315-15,0.1000,100.00,no
2026-10-05T03:13:21.991279Z,KXBTC15M-26OCT042315-15,0.1000,272.14,no
2026-10-05T03:13:21.991279Z,KXBTC15M-26OCT042315-15,0.1000,0.01,no
2026-10-05T03:13:21.991279Z,KXBTC15M-26OCT042315-15,0.1000,400.00,no
2026-10-05T03:13:21.991279Z,KXBTC15M-26OCT042315-15,0.1000,0.05,no
2026-10-05T03:13:22.031155Z,KXBTC15M-26OCT042315-15,0.1100,8.55,yes
2026-10-05T03:13:22.056838Z,KXBTC15M-26OCT042315-15,0.1000,6.98,no
2026-10-05T03:13:22.056838Z,KXBTC15M-26OCT042315-15,0.1000,0.01,no
2026-10-05T03:13:22.056838Z,KXBTC15M-26OCT042315-15,0.1000,100.00,no
2026-10-05T03:13:22.056838Z,KXBTC15M-26OCT042315-15,0.1000,0.01,no
2026-10-05T03:13:22.064921Z,KXBTC15M-26OCT042315-15,0.1000,53.00,no
2026-10-05T03:13:22.078659Z,KXBTC15M-26OCT042315-15,0.1000,0.05,no
2026-10-05T03:13:22.078659Z,KXBTC15M-26OCT042315-15,0.0940,10.42,no
2026-10-05T03:13:22.078659Z,KXBTC15M-26OCT042315-15,0.1000,0.01,no
2026-10-05T03:13:22.078659Z,KXBTC15M-26OCT042315-15,0.1000,0.01,no
2026-10-05T03:13:22.078659Z,KXBTC15M-26OCT042315-15,0.0950,0.01,no
2026-10-05T03:13:22.091211Z,KXBTC15M-26OCT042315-15,0.0920,0.01,no
2026-10-05T03:13:22.091211Z,KXBTC15M-26OCT042315-15,0.0920,0.01,no
2026-10-05T03:13:22.091211Z,KXBTC15M-26OCT042315-15,0.0910,7.00,no
2026-10-05T03:13:22.091211Z,KXBTC15M-26OCT042315-15,0.0900,176.11,no
2026-10-05T03:13:22.140634Z,KXBTC15M-26OCT042315-15,0.0910,0.01,yes
2026-10-05T03:13:22.140634Z,KXBTC15M-26OCT042315-15,0.0910,0.01,yes
2026-10-05T03:13:22.140634Z,KXBTC15M-26OCT042315-15,0.0910,150.00,yes
2026-10-05T03:13:22.190606Z,KXBTC15M-26OCT042315-15,0.0940,0.01,yes
2026-10-05T03:13:22.190606Z,KXBTC15M-26OCT042315-15,0.0910,0.01,yes
2026-10-05T03:13:22.190606Z,KXBTC15M-26OCT042315-15,0.1000,800.00,yes
2026-10-05T03:13:22.190606Z,KXBTC15M-26OCT042315-15,0.1000,200.00,yes
2026-10-05T03:13:22.190606Z,KXBTC15M-26OCT042315-15,0.0910,0.01,yes
2026-10-05T03:13:22.190606Z,KXBTC15M-26OCT042315-15,0.1000,3141.00,yes
2026-10-05T03:13:22.190606Z,KXBTC15M-26OCT042315-15,0.0940,0.01,yes
2026-10-05T03:13:22.190606Z,KXBTC15M-26OCT042315-15,0.1100,137.84,yes
2026-10-05T03:13:22.205047Z,KXBTC15M-26OCT042315-15,0.0990,9.83,no
2026-10-05T03:13:22.340318Z,KXBTC15M-26OCT042315-15,0.1000,0.01,yes
2026-10-05T03:13:22.340318Z,KXBTC15M-26OCT042315-15,0.1000,1.00,yes
2026-10-05T03:13:22.340318Z,KXBTC15M-26OCT042315-15,0.1000,54.00,yes
2026-10-05T03:13:22.340318Z,KXBTC15M-26OCT042315-15,0.1000,150.00,yes
2026-10-05T03:13:22.340318Z,KXBTC15M-26OCT042315-15,0.1000,0.01,yes
2026-10-05T03:13:22.340318Z,KXBTC15M-26OCT042315-15,0.1000,72.00,yes
2026-10-05T03:13:22.340318Z,KXBTC15M-26OCT042315-15,0.1000,1.00,yes
2026-10-05T03:13:22.352226Z,KXBTC15M-26OCT042315-15,0.1100,4.76,yes
2026-10-05T03:13:22.353901Z,KXBTC15M-26OCT042315-15,0.1000,2.17,no
2026-10-05T03:13:22.37486Z,KXBTC15M-26OCT042315-15,0.1000,10.00,no
2026-10-05T03:13:22.37486Z,KXBTC15M-26OCT042315-15,0.0990,3131.17,no
2026-10-05T03:13:22.37486Z,KXBTC15M-26OCT042315-15,0.0990,0.01,no
2026-10-05T03:13:22.37486Z,KXBTC15M-26OCT042315-15,0.1000,6.00,no
2026-10-05T03:13:22.37486Z,KXBTC15M-26OCT042315-15,0.0990,200.00,no
2026-10-05T03:13:22.37486Z,KXBTC15M-26OCT042315-15,0.1000,0.01,no
2026-10-05T03:13:22.37486Z,KXBTC15M-26OCT042315-15,0.1000,447.14,no
2026-10-05T03:13:22.37486Z,KXBTC15M-26OCT042315-15,0.1000,400.84,no
2026-10-05T03:13:22.37486Z,KXBTC15M-26OCT042315-15,0.0990,0.01,no
2026-10-05T03:13:22.37486Z,KXBTC15M-26OCT042315-15,0.1000,0.01,no
2026-10-05T03:13:22.37486Z,KXBTC15M-26OCT042315-15,0.0970,994.98,no
2026-10-05T03:13:22.37486Z,KXBTC15M-26OCT042315-15,0.1000,800.00,no
2026-10-05T03:13:22.37486Z,KXBTC15M-26OCT042315-15,0.1000,61.83,no
2026-10-05T03:13:22.37486Z,KXBTC15M-26OCT042315-15,0.1000,400.00,no
2026-10-05T03:13:22.391539Z,KXBTC15M-26OCT042315-15,0.1100,128.36,yes
2026-10-05T03:13:22.394231Z,KXBTC15M-26OCT042315-15,0.0970,3.94,no
2026-10-05T03:13:22.403787Z,KXBTC15M-26OCT042315-15,0.1000,200.00,yes
2026-10-05T03:13:22.403787Z,KXBTC15M-26OCT042315-15,0.1000,1054.95,yes
2026-10-05T03:13:22.404035Z,KXBTC15M-26OCT042315-15,0.1000,150.00,yes
2026-10-05T03:13:22.409251Z,KXBTC15M-26OCT042315-15,0.1000,3.85,yes
2026-10-05T03:13:22.425594Z,KXBTC15M-26OCT042315-15,0.0990,21.59,no
2026-10-05T03:13:22.425594Z,KXBTC15M-26OCT042315-15,0.0990,0.01,no
2026-10-05T03:13:22.425594Z,KXBTC15M-26OCT042315-15,0.0990,0.01,no
2026-10-05T03:13:22.443863Z,KXBTC15M-26OCT042315-15,0.1000,0.23,yes
2026-10-05T03:13:22.452929Z,KXBTC15M-26OCT042315-15,0.1000,83.85,yes
2026-10-05T03:13:22.476712Z,KXBTC15M-26OCT042315-15,0.1000,0.01,yes
2026-10-05T03:13:22.476712Z,KXBTC15M-26OCT042315-15,0.1000,0.01,yes
2026-10-05T03:13:22.476712Z,KXBTC15M-26OCT042315-15,0.1000,19.98,yes
2026-10-05T03:13:22.480663Z,KXBTC15M-26OCT042315-15,0.0990,0.01,no
2026-10-05T03:13:22.480663Z,KXBTC15M-26OCT042315-15,0.0940,105.18,no
2026-10-05T03:13:22.480663Z,KXBTC15M-26OCT042315-15,0.0990,0.01,no
2026-10-05T03:13:22.480663Z,KXBTC15M-26OCT042315-15,0.0990,4.00,no
2026-10-05T03:13:22.489595Z,KXBTC15M-26OCT042315-15,0.0990,8.55,yes
2026-10-05T03:13:22.490893Z,KXBTC15M-26OCT042315-15,0.0940,1.07,no
2026-10-05T03:13:22.55159Z,KXBTC15M-26OCT042315-15,0.0970,0.01,yes
2026-10-05T03:13:22.55159Z,KXBTC15M-26OCT042315-15,0.0990,0.01,yes
2026-10-05T03:13:22.55159Z,KXBTC15M-26OCT042315-15,0.0980,0.01,yes
2026-10-05T03:13:22.55159Z,KXBTC15M-26OCT042315-15,0.0970,0.01,yes
2026-10-05T03:13:22.55159Z,KXBTC15M-26OCT042315-15,0.0980,0.01,yes
2026-10-05T03:13:22.55159Z,KXBTC15M-26OCT042315-15,0.0990,0.01,yes
2026-10-05T03:13:22.55159Z,KXBTC15M-26OCT042315-15,0.1000,29.94,yes
2026-10-05T03:13:22.571758Z,KXBTC15M-26OCT042315-15,0.0970,0.01,yes
2026-10-05T03:13:22.571758Z,KXBTC15M-26OCT042315-15,0.1000,29.99,yes
2026-10-05T03:13:22.572414Z,KXBTC15M-26OCT042315-15,0.1000,30.00,yes
2026-10-05T03:13:22.584198Z,KXBTC15M-26OCT042315-15,0.0960,0.01,no
2026-10-05T03:13:22.584198Z,KXBTC15M-26OCT042315-15,0.0960,13.70,no
2026-10-05T03:13:22.584198Z,KXBTC15M-26OCT042315-15,0.0960,0.01,no
2026-10-05T03:13:22.597283Z,KXBTC15M-26OCT042315-15,0.0960,100.00,no
2026-10-05T03:13:22.63643Z,KXBTC15M-26OCT042315-15,0.0960,0.01,no
2026-10-05T03:13:22.63643Z,KXBTC15M-26OCT042315-15,0.0960,0.01,no
2026-10-05T03:13:22.63643Z,KXBTC15M-26OCT042315-15,0.0970,10.00,no
2026-10-05T03:13:22.63643Z,KXBTC15M-26OCT042315-15,0.0940,3.58,no
2026-10-05T03:13:22.651108Z,KXBTC15M-26OCT042315-15,0.0910,7.00,no
2026-10-05T03:13:22.651108Z,KXBTC15M-26OCT042315-15,0.0940,0.01,no
2026-10-05T03:13:22.651108Z,KXBTC15M-26OCT042315-15,0.0910,34.00,no
2026-10-05T03:13:22.651108Z,KXBTC15M-26OCT042315-15,0.0940,0.01,no
2026-10-05T03:13:22.651108Z,KXBTC15M-26OCT042315-15,0.0910,70.36,no
2026-10-05T03:13:22.651108Z,KXBTC15M-26OCT042315-15,0.0940,52.42,no
2026-10-05T03:13:22.68366Z,KXBTC15M-26OCT042315-15,0.0910,50.25,yes
2026-10-05T03:13:22.69942Z,KXBTC15M-26OCT042315-15,0.0900,13.02,no
2026-10-05T03:13:22.741334Z,KXBTC15M-26OCT042315-15,0.0900,14.01,no
2026-10-05T03:13:22.741334Z,KXBTC15M-26OCT042315-15,0.0900,0.01,no
2026-10-05T03:13:22.741334Z,KXBTC15M-26OCT042315-15,0.0900,0.01,no
2026-10-05T03:13:22.843906Z,KXBTC15M-26OCT042315-15,0.0910,17.11,yes
2026-10-05T03:13:22.878033Z,KXBTC15M-26OCT042315-15,0.0910,4.27,yes
2026-10-05T03:13:22.903491Z,KXBTC15M-26OCT042315-15,0.0900,54.60,no
2026-10-05T03:13:22.925702Z,KXBTC15M-26OCT042315-15,0.0910,42.78,yes
2026-10-05T03:13:22.935148Z,KXBTC15M-26OCT042315-15,0.0910,23.94,yes
2026-10-05T03:13:22.941126Z,KXBTC15M-26OCT042315-15,0.0910,0.56,yes
2026-10-05T03:13:22.951013Z,KXBTC15M-26OCT042315-15,0.0910,11.09,yes
2026-10-05T03:13:22.951013Z,KXBTC15M-26OCT042315-15,0.0910,0.01,yes
2026-10-05T03:13:22.951013Z,KXBTC15M-26OCT042315-15,0.0910,84.87,yes
2026-10-05T03:13:22.951013Z,KXBTC15M-26OCT042315-15,0.0910,0.01,yes
2026-10-05T03:13:22.957412Z,KXBTC15M-26OCT042315-15,0.0900,0.01,no
2026-10-05T03:13:22.957412Z,KXBTC15M-26OCT042315-15,0.0900,207.05,no
2026-10-05T03:13:22.957412Z,KXBTC15M-26OCT042315-15,0.0900,0.01,no
2026-10-05T03:13:22.962478Z,KXBTC15M-26OCT042315-15,0.0900,4.24,no
2026-10-05T03:13:22.969265Z,KXBTC15M-26OCT042315-15,0.0910,5.99,yes
2026-10-05T03:13:22.978314Z,KXBTC15M-26OCT042315-15,0.0900,77.33,no
2026-10-05T03:13:22.978314Z,KXBTC15M-26OCT042315-15,0.0900,1.16,no
2026-10-05T03:13:22.986952Z,KXBTC15M-26OCT042315-15,0.0910,6.73,yes
2026-10-05T03:13:23.024859Z,KXBTC15M-26OCT042315-15,0.0910,117.24,yes
2026-10-05T03:13:23.024859Z,KXBTC15M-26OCT042315-15,0.0910,35.28,yes
2026-10-05T03:13:23.024859Z,KXBTC15M-26OCT042315-15,0.0910,30.00,yes
2026-10-05T03:13:23.024859Z,KXBTC15M-26OCT042315-15,0.0910,0.01,yes
2026-10-05T03:13:23.024859Z,KXBTC15M-26OCT042315-15,0.0910,0.01,yes
2026-10-05T03:13:23.029295Z,KXBTC15M-26OCT042315-15,0.0900,0.01,no
2026-10-05T03:13:23.029295Z,KXBTC15M-26OCT042315-15,0.0900,1.77,no
2026-10-05T03:13:23.029295Z,KXBTC15M-26OCT042315-15,0.0900,0.01,no
2026-10-05T03:13:23.029295Z,KXBTC15M-26OCT042315-15,0.0900,21.71,no
2026-10-05T03:13:23.037218Z,KXBTC15M-26OCT042315-15,0.0900,53.72,no
2026-10-05T03:13:23.038507Z,KXBTC15M-26OCT042315-15,0.0910,0.01,yes
2026-10-05T03:13:23.038507Z,KXBTC15M-26OCT042315-15,0.0910,0.01,yes
2026-10-05T03:13:23.038507Z,KXBTC15M-26OCT042315-15,0.0920,10.09,yes
2026-10-05T03:13:23.038507Z,KXBTC15M-26OCT042315-15,0.0920,7.00,yes
2026-10-05T03:13:23.08571Z,KXBTC15M-26OCT042315-15,0.0910,0.01,no
2026-10-05T03:13:23.08571Z,KXBTC15M-26OCT042315-15,0.0910,0.01,no
2026-10-05T03:13:23.08571Z,KXBTC15M-26OCT042315-15,0.0910,0.01,no
2026-10-05T03:13:23.120538Z,KXBTC15M-26OCT042315-15,0.0900,0.01,no
2026-10-05T03:13:23.120538Z,KXBTC15M-26OCT042315-15,0.0900,7.59,no
2026-10-05T03:13:23.120538Z,KXBTC15M-26OCT042315-15,0.0900,0.01,no
2026-10-05T03:13:23.20789Z,KXBTC15M-26OCT042315-15,0.0910,72.00,yes
2026-10-05T03:13:23.234206Z,KXBTC15M-26OCT042315-15,0.0910,10.33,yes
2026-10-05T03:13:23.243549Z,KXBTC15M-26OCT042315-15,0.0900,2.14,no
2026-10-05T03:13:23.257328Z,KXBTC15M-26OCT042315-15,0.0900,38.22,no
2026-10-05T03:13:23.264085Z,KXBTC15M-26OCT042315-15,0.0910,29.50,yes
2026-10-05T03:13:23.287317Z,KXBTC15M-26OCT042315-15,0.0910,0.01,yes
2026-10-05T03:13:23.287317Z,KXBTC15M-26OCT042315-15,0.0910,0.01,yes
2026-10-05T03:13:23.287317Z,KXBTC15M-26OCT042315-15,0.0910,38.17,yes
2026-10-05T03:13:23.287317Z,KXBTC15M-26OCT042315-15,0.0920,31.91,yes
2026-10-05T03:13:23.287317Z,KXBTC15M-26OCT042315-15,0.0920,31.14,yes
2026-10-05T03:13:23.297845Z,KXBTC15M-26OCT042315-15,0.0920,101.24,yes
2026-10-05T03:13:23.31283Z,KXBTC15M-26OCT042315-15,0.0920,17.97,yes
2026-10-05T03:13:23.323467Z,KXBTC15M-26OCT042315-15,0.0900,2.18,no
2026-10-05T03:13:23.342371Z,KXBTC15M-26OCT042315-15,0.0900,0.01,no
2026-10-05T03:13:23.342371Z,KXBTC15M-26OCT042315-15,0.0900,0.05,no
2026-10-05T03:13:23.342371Z,KXBTC15M-26OCT042315-15,0.0900,0.01,no
2026-10-05T03:13:23.342371Z,KXBTC15M-26OCT042315-15,0.0860,6.93,no
2026-10-05T03:13:23.385795Z,KXBTC15M-26OCT042315-15,0.0800,88.00,no
2026-10-05T03:13:23.385795Z,KXBTC15M-26OCT042315-15,0.0800,11.90,no
2026-10-05T03:13:23.385795Z,KXBTC15M-26OCT042315-15,0.0900,34.00,no
2026-10-05T03:13:23.385795Z,KXBTC15M-26OCT042315-15,0.0870,1.15,no
2026-10-05T03:13:23.385795Z,KXBTC15M-26OCT042315-15,0.0840,200.00,no
2026-10-05T03:13:23.385795Z,KXBTC15M-26OCT042315-15,0.0900,0.01,no
2026-10-05T03:13:23.385795Z,KXBTC15M-26OCT042315-15,0.0850,8.00,no
2026-10-05T03:13:23.385795Z,KXBTC15M-26OCT042315-15,0.0840,65.00,no
2026-10-05T03:13:23.385795Z,KXBTC15M-26OCT042315-15,0.0900,0.01,no
2026-10-05T03:13:23.385795Z,KXBTC15M-26OCT042315-15,0.0900,400.00,no
2026-10-05T03:13:23.385795Z,KXBTC15M-26OCT042315-15,0.0850,130.00,no
2026-10-05T03:13:23.385795Z,KXBTC15M-26OCT042315-15,0.0850,200.00,no
2026-10-05T03:13:23.385795Z,KXBTC15M-26OCT042315-15,0.0840,65.00,no
2026-10-05T03:13:23.385795Z,KXBTC15M-26OCT042315-15,0.0810,10.00,no
2026-10-05T03:13:23.385795Z,KXBTC15M-26OCT042315-15,0.0860,117.87,no
2026-10-05T03:13:23.385795Z,KXBTC15M-26OCT042315-15,0.0810,68.00,no
2026-10-05T03:13:23.385795Z,KXBTC15M-26OCT042315-15,0.0800,158.35,no
2026-10-05T03:13:23.385795Z,KXBTC15M-26OCT042315-15,0.0860,39.07,no
2026-10-05T03:13:23.385795Z,KXBTC15M-26OCT042315-15,0.0830,1047.00,no
2026-10-05T03:13:23.416615Z,KXBTC15M-26OCT042315-15,0.0830,10.33,yes
2026-10-05T03:13:23.416738Z,KXBTC15M-26OCT042315-15,0.0820,56.85,no
2026-10-05T03:13:23.416738Z,KXBTC15M-26OCT042315-15,0.0820,0.01,no
2026-10-05T03:13:23.416738Z,KXBTC15M-26OCT042315-15,0.0820,1.12,no
2026-10-05T03:13:23.434447Z,KXBTC15M-26OCT042315-15,0.0830,51.65,yes
2026-10-05T03:13:23.444006Z,KXBTC15M-26OCT042315-15,0.0860,7.00,yes
2026-10-05T03:13:23.444006Z,KXBTC15M-26OCT042315-15,0.0870,111.59,yes
2026-10-05T03:13:23.444006Z,KXBTC15M-26OCT042315-15,0.0830,88.02,yes
2026-10-05T03:13:23.444006Z,KXBTC15M-26OCT042315-15,0.0830,0.01,yes
2026-10-05T03:13:23.444006Z,KXBTC15M-26OCT042315-15,0.0830,0.01,yes
2026-10-05T03:13:23.484335Z,KXBTC15M-26OCT042315-15,0.0850,51.65,yes
2026-10-05T03:13:23.489275Z,KXBTC15M-26OCT042315-15,0.0830,7.34,no
2026-10-05T03:13:23.489275Z,KXBTC15M-26OCT042315-15,0.0830,1.15,no
2026-10-05T03:13:23.489275Z,KXBTC15M-26OCT042315-15,0.0830,0.01,no
2026-10-05T03:13:23.489275Z,KXBTC15M-26OCT042315-15,0.0830,0.01,no
2026-10-05T03:13:23.503374Z,KXBTC15M-26OCT042315-15,0.0850,10.33,yes
2026-10-05T03:13:23.523565Z,KXBTC15M-26OCT042315-15,0.0830,94.75,no
2026-10-05T03:13:23.551298Z,KXBTC15M-26OCT042315-15,0.0850,10.33,yes
2026-10-05T03:13:23.56338Z,KXBTC15M-26OCT042315-15,0.0840,42.00,yes
2026-10-05T03:13:23.56338Z,KXBTC15M-26OCT042315-15,0.0850,61.31,yes
2026-10-05T03:13:23.596837Z,KXBTC15M-26OCT042315-15,0.0850,0.01,yes
2026-10-05T03:13:23.596837Z,KXBTC15M-26OCT042315-15,0.0850,12.00,yes
2026-10-05T03:13:23.596837Z,KXBTC15M-26OCT042315-15,0.0840,18.00,yes
2026-10-05T03:13:23.596837Z,KXBTC15M-26OCT042315-15,0.0850,0.01,yes
2026-10-05T03:13:23.596837Z,KXBTC15M-26OCT042315-15,0.0840,0.01,yes
2026-10-05T03:13:23.596837Z,KXBTC15M-26OCT042315-15,0.0860,24.96,yes
2026-10-05T03:13:23.596837Z,KXBTC15M-26OCT042315-15,0.0840,0.01,yes
2026-10-05T03:13:23.596867Z,KXBTC15M-26OCT042315-15,0.0860,20.10,yes
2026-10-05T03:13:23.598316Z,KXBTC15M-26OCT042315-15,0.0870,62.37,yes
2026-10-05T03:13:23.598316Z,KXBTC15M-26OCT042315-15,0.0860,14.94,yes
2026-10-05T03:13:23.598316Z,KXBTC15M-26OCT042315-15,0.0860,7.00,yes
2026-10-05T03:13:23.598316Z,KXBTC15M-26OCT042315-15,0.0860,12.00,yes
2026-10-05T03:13:23.598316Z,KXBTC15M-26OCT042315-15,0.0860,7.00,yes
2026-10-05T03:13:23.600362Z,KXBTC15M-26OCT042315-15,0.0870,60.00,yes
2026-10-05T03:13:23.618365Z,KXBTC15M-26OCT042315-15,0.0830,52.87,no
2026-10-05T03:13:23.635307Z,KXBTC15M-26OCT042315-15,0.0860,3.31,yes
2026-10-05T03:13:23.635307Z,KXBTC15M-26OCT042315-15,0.0860,0.01,yes
2026-10-05T03:13:23.635307Z,KXBTC15M-26OCT042315-15,0.0860,7.00,yes
2026-10-05T03:13:23.635307Z,KXBTC15M-26OCT042315-15,0.0860,0.01,yes
2026-10-05T03:13:23.647064Z,KXBTC15M-26OCT042315-15,0.0830,0.01,no
2026-10-05T03:13:23.647064Z,KXBTC15M-26OCT042315-15,0.0830,0.01,no
2026-10-05T03:13:23.647064Z,KXBTC15M-26OCT042315-15,0.0830,0.37,no
2026-10-05T03:13:23.659382Z,KXBTC15M-26OCT042315-15,0.0830,0.78,no
2026-10-05T03:13:23.659382Z,KXBTC15M-26OCT042315-15,0.0830,0.28,no
2026-10-05T03:13:23.662025Z,KXBTC15M-26OCT042315-15,0.0830,31.02,no
2026-10-05T03:13:23.696036Z,KXBTC15M-26OCT042315-15,0.0830,0.01,no
2026-10-05T03:13:23.696036Z,KXBTC15M-26OCT042315-15,0.0830,15.59,no
2026-10-05T03:13:23.696036Z,KXBTC15M-26OCT042315-15,0.0830,0.01,no
2026-10-05T03:13:23.697399Z,KXBTC15M-26OCT042315-15,0.0860,7.00,yes
2026-10-05T03:13:23.697399Z,KXBTC15M-26OCT042315-15,0.0860,0.01,yes
2026-10-05T03:13:23.697399Z,KXBTC15M-26OCT042315-15,0.0860,2.69,yes
2026-10-05T03:13:23.697399Z,KXBTC15M-26OCT042315-15,0.0860,0.01,yes
2026-10-05T03:13:23.697399Z,KXBTC15M-26OCT042315-15,0.0860,41.94,yes
2026-10-05T03:13:23.7293Z,KXBTC15M-26OCT042315-15,0.0830,0.01,no
2026-10-05T03:13:23.7293Z,KXBTC15M-26OCT042315-15,0.0830,0.01,no
2026-10-05T03:13:23.743837Z,KXBTC15M-26OCT042315-15,0.0820,67.00,no
2026-10-05T03:13:23.743837Z,KXBTC15M-26OCT042315-15,0.0820,8.00,no
2026-10-05T03:13:23.743837Z,KXBTC15M-26OCT042315-15,0.0820,200.00,no
2026-10-05T03:13:23.743837Z,KXBTC15M-26OCT042315-15,0.0820,12.87,no
2026-10-05T03:13:23.748438Z,KXBTC15M-26OCT042315-15,0.0820,2.13,no
2026-10-05T03:13:23.761661Z,KXBTC15M-26OCT042315-15,0.0830,20.66,yes
2026-10-05T03:13:23.78533Z,KXBTC15M-26OCT042315-15,0.0830,5.68,yes
2026-10-05T03:13:23.788714Z,KXBTC15M-26OCT042315-15,0.0820,8.00,no
2026-10-05T03:13:23.788714Z,KXBTC15M-26OCT042315-15,0.0820,142.06,no
2026-10-05T03:13:23.788714Z,KXBTC15M-26OCT042315-15,0.0820,0.01,no
2026-10-05T03:13:23.788714Z,KXBTC15M-26OCT042315-15,0.0820,0.01,no
2026-10-05T03:13:23.788714Z,KXBTC15M-26OCT042315-15,0.0820,385.00,no
2026-10-05T03:13:23.812872Z,KXBTC15M-26OCT042315-15,0.0830,48.44,yes
2026-10-05T03:13:23.814666Z,KXBTC15M-26OCT042315-15,0.0830,22.64,yes
2026-10-05T03:13:23.817813Z,KXBTC15M-26OCT042315-15,0.0820,34.00,no
2026-10-05T03:13:23.817813Z,KXBTC15M-26OCT042315-15,0.0820,8.00,no
2026-10-05T03:13:23.817813Z,KXBTC15M-26OCT042315-15,0.0820,400.00,no
2026-10-05T03:13:23.817813Z,KXBTC15M-26OCT042315-15,0.0820,200.00,no
2026-10-05T03:13:23.817813Z,KXBTC15M-26OCT042315-15,0.0820,0.01,no
2026-10-05T03:13:23.817813Z,KXBTC15M-26OCT042315-15,0.0820,0.01,no
2026-10-05T03:13:23.819367Z,KXBTC15M-26OCT042315-15,0.0810,1.15,no
2026-10-05T03:13:23.819367Z,KXBTC15M-26OCT042315-15,0.0810,47.00,no
2026-10-05T03:13:23.824623Z,KXBTC15M-26OCT042315-15,0.0820,22.64,yes
2026-10-05T03:13:23.871961Z,KXBTC15M-26OCT042315-15,0.0820,40.00,yes
2026-10-05T03:13:23.872399Z,KXBTC15M-26OCT042315-15,0.0820,22.11,yes
2026-10-05T03:13:23.877426Z,KXBTC15M-26OCT042315-15,0.0820,65.25,yes
2026-10-05T03:13:23.877426Z,KXBTC15M-26OCT042315-15,0.0820,7.00,yes
2026-10-05T03:13:23.877426Z,KXBTC15M-26OCT042315-15,0.0820,48.85,yes
2026-10-05T03:13:23.924177Z,KXBTC15M-26OCT042315-15,0.0810,400.00,no
2026-10-05T03:13:23.924177Z,KXBTC15M-26OCT042315-15,0.0810,0.01,no
2026-10-05T03:13:23.924177Z,KXBTC15M-26OCT042315-15,0.0810,500.00,no
2026-10-05T03:13:23.924177Z,KXBTC15M-26OCT042315-15,0.0810,0.01,no
2026-10-05T03:13:23.924177Z,KXBTC15M-26OCT042315-15,0.0800,38.97,no
2026-10-05T03:13:23.924177Z,KXBTC15M-26OCT042315-15,0.0800,20.00,no
2026-10-05T03:13:23.968137Z,KXBTC15M-26OCT042315-15,0.0810,9.80,yes
2026-10-05T03:13:23.975053Z,KXBTC15M-26OCT042315-15,0.0810,22.36,yes
2026-10-05T03:13:23.977827Z,KXBTC15M-26OCT042315-15,0.0810,2.38,yes
2026-10-05T03:13:24.012495Z,KXBTC15M-26OCT042315-15,0.0800,20.00,no
2026-10-05T03:13:24.021013Z,KXBTC15M-26OCT042315-15,0.0810,0.01,yes
2026-10-05T03:13:24.021013Z,KXBTC15M-26OCT042315-15,0.0810,200.00,yes
2026-10-05T03:13:24.021013Z,KXBTC15M-26OCT042315-15,0.0810,388.24,yes
2026-10-05T03:13:24.021013Z,KXBTC15M-26OCT042315-15,0.0810,0.01,yes
2026-10-05T03:13:24.021013Z,KXBTC15M-26OCT042315-15,0.0810,35.28,yes
2026-10-05T03:13:24.021013Z,KXBTC15M-26OCT042315-15,0.0810,7.00,yes
2026-10-05T03:13:24.021013Z,KXBTC15M-26OCT042315-15,0.0810,115.46,yes
2026-10-05T03:13:24.029027Z,KXBTC15M-26OCT042315-15,0.0810,0.01,yes
2026-10-05T03:13:24.029027Z,KXBTC15M-26OCT042315-15,0.0810,0.01,yes
2026-10-05T03:13:24.029027Z,KXBTC15M-26OCT042315-15,0.0820,0.01,yes
2026-10-05T03:13:24.029027Z,KXBTC15M-26OCT042315-15,0.0820,8.05,yes
2026-10-05T03:13:24.029027Z,KXBTC15M-26OCT042315-15,0.0820,0.01,yes
2026-10-05T03:13:24.029027Z,KXBTC15M-26OCT042315-15,0.0810,0.72,yes
2026-10-05T03:13:24.031391Z,KXBTC15M-26OCT042315-15,0.0810,40.88,yes
2026-10-05T03:13:24.031779Z,KXBTC15M-26OCT042315-15,0.0810,195.00,yes
2026-10-05T03:13:24.039125Z,KXBTC15M-26OCT042315-15,0.0800,28.40,no
2026-10-05T03:13:24.133421Z,KXBTC15M-26OCT042315-15,0.0860,7.00,yes
2026-10-05T03:13:24.133421Z,KXBTC15M-26OCT042315-15,0.0870,9.31,yes
2026-10-05T03:13:24.133421Z,KXBTC15M-26OCT042315-15,0.0810,0.01,yes
2026-10-05T03:13:24.133421Z,KXBTC15M-26OCT042315-15,0.0810,35.00,yes
2026-10-05T03:13:24.133421Z,KXBTC15M-26OCT042315-15,0.0810,0.01,yes
2026-10-05T03:13:24.133421Z,KXBTC15M-26OCT042315-15,0.0860,6.00,yes
2026-10-05T03:13:24.133421Z,KXBTC15M-26OCT042315-15,0.0810,1.00,yes
2026-10-05T03:13:24.168692Z,KXBTC15M-26OCT042315-15,0.0860,27.02,no
2026-10-05T03:13:24.191024Z,KXBTC15M-26OCT042315-15,0.0860,5.42,no
2026-10-05T03:13:24.19299Z,KXBTC15M-26OCT042315-15,0.0860,5.41,no
2026-10-05T03:13:24.199351Z,KXBTC15M-26OCT042315-15,0.0860,21.55,no
2026-10-05T03:13:24.207199Z,KXBTC15M-26OCT042315-15,0.0860,37.35,no
2026-10-05T03:13:24.207199Z,KXBTC15M-26OCT042315-15,0.0860,4.60,no
2026-10-05T03:13:24.216442Z,KXBTC15M-26OCT042315-15,0.0870,0.01,yes
2026-10-05T03:13:24.216442Z,KXBTC15M-26OCT042315-15,0.0870,5.98,yes
2026-10-05T03:13:24.216442Z,KXBTC15M-26OCT042315-15,0.0870,0.01,yes
2026-10-05T03:13:24.240376Z,KXBTC15M-26OCT042315-15,0.0860,28.17,no
2026-10-05T03:13:24.252123Z,KXBTC15M-26OCT042315-15,0.0860,43.10,no
2026-10-05T03:13:24.267103Z,KXBTC15M-26OCT042315-15,0.0870,3.00,yes
2026-10-05T03:13:24.270355Z,KXBTC15M-26OCT042315-15,0.0870,0.22,yes
2026-10-05T03:13:24.327333Z,KXBTC15M-26OCT042315-15,0.0870,0.01,yes
2026-10-05T03:13:24.327333Z,KXBTC15M-26OCT042315-15,0.0870,0.01,yes
2026-10-05T03:13:24.327333Z,KXBTC15M-26OCT042315-15,0.0870,140.80,yes
2026-10-05T03:13:24.39313Z,KXBTC15M-26OCT042315-15,0.0860,8.10,no
2026-10-05T03:13:24.417083Z,KXBTC15M-26OCT042315-15,0.0870,0.01,yes
2026-10-05T03:13:24.417083Z,KXBTC15M-26OCT042315-15,0.0870,0.01,yes
2026-10-05T03:13:24.417083Z,KXBTC15M-26OCT042315-15,0.0890,9.83,yes
2026-10-05T03:13:24.417083Z,KXBTC15M-26OCT042315-15,0.0890,6.00,yes
2026-10-05T03:13:24.481507Z,KXBTC15M-26OCT042315-15,0.0860,1.93,no
2026-10-05T03:13:24.538074Z,KXBTC15M-26OCT042315-15,0.0870,0.01,yes
2026-10-05T03:13:24.538074Z,KXBTC15M-26OCT042315-15,0.0870,0.01,yes
2026-10-05T03:13:24.538074Z,KXBTC15M-26OCT042315-15,0.0880,7.00,yes
2026-10-05T03:13:24.538074Z,KXBTC15M-26OCT042315-15,0.0890,16.20,yes
2026-10-05T03:13:24.594243Z,KXBTC15M-26OCT042315-15,0.0860,9.54,no
2026-10-05T03:13:24.677723Z,KXBTC15M-26OCT042315-15,0.0860,101.98,no
2026-10-05T03:13:24.677723Z,KXBTC15M-26OCT042315-15,0.0860,0.01,no
2026-10-05T03:13:24.677723Z,KXBTC15M-26OCT042315-15,0.0860,0.01,no
2026-10-05T03:13:24.710868Z,KXBTC15M-26OCT042315-15,0.0860,36.97,no
2026-10-05T03:13:24.727028Z,KXBTC15M-26OCT042315-15,0.0860,131.34,no
2026-10-05T03:13:24.767403Z,KXBTC15M-26OCT042315-15,0.0860,54.37,no
2026-10-05T03:13:24.798293Z,KXBTC15M-26OCT042315-15,0.0860,0.05,no
2026-10-05T03:13:24.798293Z,KXBTC15M-26OCT042315-15,0.0860,200.00,no
2026-10-05T03:13:24.798293Z,KXBTC15M-26OCT042315-15,0.0860,75.34,no
2026-10-05T03:13:24.798293Z,KXBTC15M-26OCT042315-15,0.0830,987.66,no
2026-10-05T03:13:24.798293Z,KXBTC15M-26OCT042315-15,0.0860,0.01,no
2026-10-05T03:13:24.798293Z,KXBTC15M-26OCT042315-15,0.0850,200.00,no
2026-10-05T03:13:24.798293Z,KXBTC15M-26OCT042315-15,0.0860,0.01,no
2026-10-05T03:13:24.798293Z,KXBTC15M-26OCT042315-15,0.0860,500.00,no
2026-10-05T03:13:24.798293Z,KXBTC15M-26OCT042315-15,0.0840,8.00,no
2026-10-05T03:13:24.838977Z,KXBTC15M-26OCT042315-15,0.0830,5.14,yes
2026-10-05T03:13:24.842026Z,KXBTC15M-26OCT042315-15,0.0820,0.01,no
2026-10-05T03:13:24.842026Z,KXBTC15M-26OCT042315-15,0.0820,0.01,no
2026-10-05T03:13:24.842026Z,KXBTC15M-26OCT042315-15,0.0820,2.10,no
2026-10-05T03:13:24.848471Z,KXBTC15M-26OCT042315-15,0.0830,105.55,yes
2026-10-05T03:13:24.877951Z,KXBTC15M-26OCT042315-15,0.0820,0.01,no
2026-10-05T03:13:24.877951Z,KXBTC15M-26OCT042315-15,0.0820,0.01,no
2026-10-05T03:13:24.877951Z,KXBTC15M-26OCT042315-15,0.0820,51.49,no
2026-10-05T03:13:24.881675Z,KXBTC15M-26OCT042315-15,0.0830,5.25,yes
2026-10-05T03:13:24.893702Z,KXBTC15M-26OCT042315-15,0.0820,0.01,no
2026-10-05T03:13:24.893702Z,KXBTC15M-26OCT042315-15,0.0810,0.01,no
2026-10-05T03:13:24.893702Z,KXBTC15M-26OCT042315-15,0.0820,0.01,no
2026-10-05T03:13:24.893702Z,KXBTC15M-26OCT042315-15,0.0810,0.01,no
2026-10-05T03:13:24.893702Z,KXBTC15M-26OCT042315-15,0.0800,3.63,no
2026-10-05T03:13:24.919485Z,KXBTC15M-26OCT042315-15,0.0820,54.01,yes
2026-10-05T03:13:24.958941Z,KXBTC15M-26OCT042315-15,0.0810,0.01,no
2026-10-05T03:13:24.958941Z,KXBTC15M-26OCT042315-15,0.0810,0.83,no
2026-10-05T03:13:24.958941Z,KXBTC15M-26OCT042315-15,0.0810,0.01,no
2026-10-05T03:13:24.982663Z,KXBTC15M-26OCT042315-15,0.0810,10.65,no
2026-10-05T03:13:24.998957Z,KXBTC15M-26OCT042315-15,0.0810,73.49,no
2026-10-05T03:13:25.013792Z,KXBTC15M-26OCT042315-15,0.0810,4.73,no
2026-10-05T03:13:25.062197Z,KXBTC15M-26OCT042315-15,0.0810,10.65,no
2026-10-05T03:13:25.06824Z,KXBTC15M-26OCT042315-15,0.0820,25.00,yes
2026-10-05T03:13:25.084426Z,KXBTC15M-26OCT042315-15,0.0820,52.81,yes
2026-10-05T03:13:25.137074Z,KXBTC15M-26OCT042315-15,0.0770,30.00,no
2026-10-05T03:13:25.137074Z,KXBTC15M-26OCT042315-15,0.0780,9.00,no
2026-10-05T03:13:25.137074Z,KXBTC15M-26OCT042315-15,0.0810,0.01,no
2026-10-05T03:13:25.137074Z,KXBTC15M-26OCT042315-15,0.0810,0.01,no
2026-10-05T03:13:25.137074Z,KXBTC15M-26OCT042315-15,0.0770,33.73,no
2026-10-05T03:13:25.137074Z,KXBTC15M-26OCT042315-15,0.0810,400.00,no
2026-10-05T03:13:25.137074Z,KXBTC15M-26OCT042315-15,0.0810,1.14,no
2026-10-05T03:13:25.137074Z,KXBTC15M-26OCT042315-15,0.0800,50.00,no
2026-10-05T03:13:25.137074Z,KXBTC15M-26OCT042315-15,0.0800,9.00,no
2026-10-05T03:13:25.152927Z,KXBTC15M-26OCT042315-15,0.0800,56.60,yes
2026-10-05T03:13:25.207869Z,KXBTC15M-26OCT042315-15,0.0790,0.01,no
2026-10-05T03:13:25.207869Z,KXBTC15M-26OCT042315-15,0.0790,7.08,no
2026-10-05T03:13:25.207869Z,KXBTC15M-26OCT042315-15,0.0790,0.01,no
2026-10-05T03:13:25.25026Z,KXBTC15M-26OCT042315-15,0.0800,0.01,yes
2026-10-05T03:13:25.25026Z,KXBTC15M-26OCT042315-15,0.0810,52.79,yes
2026-10-05T03:13:25.25026Z,KXBTC15M-26OCT042315-15,0.0800,0.01,yes
2026-10-05T03:13:25.258331Z,KXBTC15M-26OCT042315-15,0.0790,22.54,no
2026-10-05T03:13:25.258331Z,KXBTC15M-26OCT042315-15,0.0790,0.01,no
2026-10-05T03:13:25.258331Z,KXBTC15M-26OCT042315-15,0.0790,0.01,no
2026-10-05T03:13:25.267595Z,KXBTC15M-26OCT042315-15,0.0790,110.56,no
2026-10-05T03:13:25.325392Z,KXBTC15M-26OCT042315-15,0.0790,4.00,no
2026-10-05T03:13:25.331949Z,KXBTC15M-26OCT042315-15,0.0790,26.50,no
2026-10-05T03:13:25.361789Z,KXBTC15M-26OCT042315-15,0.0790,20.00,no
2026-10-05T03:13:25.386344Z,KXBTC15M-26OCT042315-15,0.0790,3.19,no
2026-10-05T03:13:25.429498Z,KXBTC15M-26OCT042315-15,0.0800,0.01,yes
2026-10-05T03:13:25.429498Z,KXBTC15M-26OCT042315-15,0.0830,36.00,yes
2026-10-05T03:13:25.429498Z,KXBTC15M-26OCT042315-15,0.0830,30.00,yes
2026-10-05T03:13:25.429498Z,KXBTC15M-26OCT042315-15,0.0840,18.00,yes
2026-10-05T03:13:25.429498Z,KXBTC15M-26OCT042315-15,0.0800,0.01,yes
2026-10-05T03:13:25.429498Z,KXBTC15M-26OCT042315-15,0.0840,178.96,yes
2026-10-05T03:13:25.429498Z,KXBTC15M-26OCT042315-15,0.0840,6.00,yes
2026-10-05T03:13:25.456977Z,KXBTC15M-26OCT042315-15,0.0790,102.57,no
2026-10-05T03:13:25.461632Z,KXBTC15M-26OCT042315-15,0.0790,6.73,no
2026-10-05T03:13:25.487541Z,KXBTC15M-26OCT042315-15,0.0800,0.01,yes
2026-10-05T03:13:25.487541Z,KXBTC15M-26OCT042315-15,0.0830,6.00,yes
2026-10-05T03:13:25.487541Z,KXBTC15M-26OCT042315-15,0.0800,0.01,yes
2026-10-05T03:13:25.487541Z,KXBTC15M-26OCT042315-15,0.0830,4.54,yes
2026-10-05T03:13:25.498795Z,KXBTC15M-26OCT042315-15,0.0800,0.01,yes
2026-10-05T03:13:25.498795Z,KXBTC15M-26OCT042315-15,0.0800,0.01,yes
2026-10-05T03:13:25.498795Z,KXBTC15M-26OCT042315-15,0.0830,6.00,yes
2026-10-05T03:13:25.498795Z,KXBTC15M-26OCT042315-15,0.0840,992.52,yes
2026-10-05T03:13:25.498795Z,KXBTC15M-26OCT042315-15,0.0830,1.46,yes
2026-10-05T03:13:25.544317Z,KXBTC15M-26OCT042315-15,0.0810,3.10,no
2026-10-05T03:13:25.552951Z,KXBTC15M-26OCT042315-15,0.0820,14.94,no
2026-10-05T03:13:25.562568Z,KXBTC15M-26OCT042315-15,0.0820,25.32,no
2026-10-05T03:13:25.562932Z,KXBTC15M-26OCT042315-15,0.0820,23.80,no
2026-10-05T03:13:25.576981Z,KXBTC15M-26OCT042315-15,0.0820,2.94,no
2026-10-05T03:13:25.576981Z,KXBTC15M-26OCT042315-15,0.0820,136.92,no
2026-10-05T03:13:25.576981Z,KXBTC15M-26OCT042315-15,0.0820,8.00,no
2026-10-05T03:13:25.576981Z,KXBTC15M-26OCT042315-15,0.0820,0.01,no
2026-10-05T03:13:25.576981Z,KXBTC15M-26OCT042315-15,0.0820,0.01,no
2026-10-05T03:13:25.576981Z,KXBTC15M-26OCT042315-15,0.0820,500.00,no
2026-10-05T03:13:25.581238Z,KXBTC15M-26OCT042315-15,0.0820,2.08,no
2026-10-05T03:13:25.593597Z,KXBTC15M-26OCT042315-15,0.0820,43.28,no
2026-10-05T03:13:25.596734Z,KXBTC15M-26OCT042315-15,0.0840,0.01,yes
2026-10-05T03:13:25.596734Z,KXBTC15M-26OCT042315-15,0.0840,0.01,yes
2026-10-05T03:13:25.596734Z,KXBTC15M-26OCT042315-15,0.0860,6.00,yes
2026-10-05T03:13:25.596734Z,KXBTC15M-26OCT042315-15,0.0830,0.01,yes
2026-10-05T03:13:25.596734Z,KXBTC15M-26OCT042315-15,0.0830,0.01,yes
2026-10-05T03:13:25.596734Z,KXBTC15M-26OCT042315-15,0.0860,259.26,yes
2026-10-05T03:13:25.600228Z,KXBTC15M-26OCT042315-15,0.0820,47.34,no
2026-10-05T03:13:25.600627Z,KXBTC15M-26OCT042315-15,0.0820,107.98,no
2026-10-05T03:13:25.606139Z,KXBTC15M-26OCT042315-15,0.0820,25.93,no
2026-10-05T03:13:25.611474Z,KXBTC15M-26OCT042315-15,0.0820,10.69,no
2026-10-05T03:13:25.668218Z,KXBTC15M-26OCT042315-15,0.0820,0.01,no
2026-10-05T03:13:25.668218Z,KXBTC15M-26OCT042315-15,0.0820,6.55,no
2026-10-05T03:13:25.668218Z,KXBTC15M-26OCT042315-15,0.0820,0.01,no
2026-10-05T03:13:25.670166Z,KXBTC15M-26OCT042315-15,0.0820,1.45,no
2026-10-05T03:13:25.670166Z,KXBTC15M-26OCT042315-15,0.0820,26.77,no
2026-10-05T03:13:25.680623Z,KXBTC15M-26OCT042315-15,0.0820,36.53,no
2026-10-05T03:13:25.692456Z,KXBTC15M-26OCT042315-15,0.0820,5.25,no
2026-10-05T03:13:25.708863Z,KXBTC15M-26OCT042315-15,0.0860,35.31,yes
2026-10-05T03:13:25.718735Z,KXBTC15M-26OCT042315-15,0.0830,108.20,no
2026-10-05T03:13:25.727456Z,KXBTC15M-26OCT042315-15,0.0830,26.26,no
2026-10-05T03:13:25.756175Z,KXBTC15M-26OCT042315-15,0.0860,6.00,yes
2026-10-05T03:13:25.756175Z,KXBTC15M-26OCT042315-15,0.0850,0.01,yes
2026-10-05T03:13:25.756175Z,KXBTC15M-26OCT042315-15,0.0850,0.01,yes
2026-10-05T03:13:25.756175Z,KXBTC15M-26OCT042315-15,0.0860,0.01,yes
2026-10-05T03:13:25.756175Z,KXBTC15M-26OCT042315-15,0.0860,0.01,yes
2026-10-05T03:13:25.756175Z,KXBTC15M-26OCT042315-15,0.0860,7.00,yes
2026-10-05T03:13:25.756175Z,KXBTC15M-26OCT042315-15,0.0870,33.96,yes
2026-10-05T03:13:25.756175Z,KXBTC15M-26OCT042315-15,0.0850,1.00,yes
2026-10-05T03:13:25.793002Z,KXBTC15M-26OCT042315-15,0.0830,5.06,no
2026-10-05T03:13:25.793002Z,KXBTC15M-26OCT042315-15,0.0830,0.01,no
2026-10-05T03:13:25.793002Z,KXBTC15M-26OCT042315-15,0.0830,0.01,no
2026-10-05T03:13:25.820514Z,KXBTC15M-26OCT042315-15,0.0860,3.87,yes
2026-10-05T03:13:25.820514Z,KXBTC15M-26OCT042315-15,0.0860,0.01,yes
2026-10-05T03:13:25.820514Z,KXBTC15M-26OCT042315-15,0.0860,0.01,yes
2026-10-05T03:13:25.820514Z,KXBTC15M-26OCT042315-15,0.0860,7.00,yes
2026-10-05T03:13:25.855728Z,KXBTC15M-26OCT042315-15,0.0830,11.76,no
2026-10-05T03:13:25.88678Z,KXBTC15M-26OCT042315-15,0.0830,0.05,no
2026-10-05T03:13:25.88678Z,KXBTC15M-26OCT042315-15,0.0830,0.01,no
2026-10-05T03:13:25.88678Z,KXBTC15M-26OCT042315-15,0.0830,2.08,no
2026-10-05T03:13:25.88678Z,KXBTC15M-26OCT042315-15,0.0830,0.01,no
2026-10-05T03:13:25.916936Z,KXBTC15M-26OCT042315-15,0.0830,0.01,no
2026-10-05T03:13:25.916936Z,KXBTC15M-26OCT042315-15,0.0810,16.40,no
2026-10-05T03:13:25.916936Z,KXBTC15M-26OCT042315-15,0.0830,0.01,no
2026-10-05T03:13:25.920513Z,KXBTC15M-26OCT042315-15,0.0810,16.05,no
2026-10-05T03:13:25.927562Z,KXBTC15M-26OCT042315-15,0.0830,33.96,yes
2026-10-05T03:13:25.929344Z,KXBTC15M-26OCT042315-15,0.0820,17.69,no
2026-10-05T03:13:25.939479Z,KXBTC15M-26OCT042315-15,0.0830,43.86,yes
2026-10-05T03:13:25.946083Z,KXBTC15M-26OCT042315-15,0.0820,0.01,no
2026-10-05T03:13:25.946083Z,KXBTC15M-26OCT042315-15,0.0820,0.01,no
2026-10-05T03:13:25.946083Z,KXBTC15M-26OCT042315-15,0.0820,51.13,no
2026-10-05T03:13:25.947094Z,KXBTC15M-26OCT042315-15,0.0820,26.26,no
2026-10-05T03:13:25.972388Z,KXBTC15M-26OCT042315-15,0.0820,0.01,no
2026-10-05T03:13:25.972388Z,KXBTC15M-26OCT042315-15,0.0820,5.38,no
2026-10-05T03:13:25.972388Z,KXBTC15M-26OCT042315-15,0.0820,0.01,no
2026-10-05T03:13:25.981354Z,KXBTC15M-26OCT042315-15,0.0820,34.37,yes
2026-10-05T03:13:25.994727Z,KXBTC15M-26OCT042315-15,0.0820,115.63,yes
2026-10-05T03:13:25.994727Z,KXBTC15M-26OCT042315-15,0.0820,0.01,yes
2026-10-05T03:13:25.994727Z,KXBTC15M-26OCT042315-15,0.0820,0.01,yes
2026-10-05T03:13:25.994727Z,KXBTC15M-26OCT042315-15,0.0820,48.28,yes
2026-10-05T03:13:26.012231Z,KXBTC15M-26OCT042315-15,0.0830,0.01,yes
2026-10-05T03:13:26.012231Z,KXBTC15M-26OCT042315-15,0.0860,6.00,yes
2026-10-05T03:13:26.012231Z,KXBTC15M-26OCT042315-15,0.0820,0.01,yes
2026-10-05T03:13:26.012231Z,KXBTC15M-26OCT042315-15,0.0830,0.01,yes
2026-10-05T03:13:26.012231Z,KXBTC15M-26OCT042315-15,0.0820,0.01,yes
2026-10-05T03:13:26.012231Z,KXBTC15M-26OCT042315-15,0.0860,48.60,yes
2026-10-05T03:13:26.048994Z,KXBTC15M-26OCT042315-15,0.0810,400.00,no
2026-10-05T03:13:26.048994Z,KXBTC15M-26OCT042315-15,0.0810,0.01,no
2026-10-05T03:13:26.048994Z,KXBTC15M-26OCT042315-15,0.0810,121.99,no
2026-10-05T03:13:26.048994Z,KXBTC15M-26OCT042315-15,0.0810,396.41,no
2026-10-05T03:13:26.048994Z,KXBTC15M-26OCT042315-15,0.0810,0.01,no
2026-10-05T03:13:26.049775Z,KXBTC15M-26OCT042315-15,0.0810,10.82,no
2026-10-05T03:13:26.05886Z,KXBTC15M-26OCT042315-15,0.0860,9.32,yes
2026-10-05T03:13:26.05886Z,KXBTC15M-26OCT042315-15,0.0820,0.01,yes
2026-10-05T03:13:26.05886Z,KXBTC15M-26OCT042315-15,0.0820,0.01,yes
2026-10-05T03:13:26.065615Z,KXBTC15M-26OCT042315-15,0.0810,18.26,no
2026-10-05T03:13:26.06567Z,KXBTC15M-26OCT042315-15,0.0810,22.56,no
2026-10-05T03:13:26.087209Z,KXBTC15M-26OCT042315-15,0.0810,25.99,no
2026-10-05T03:13:26.087209Z,KXBTC15M-26OCT042315-15,0.0810,8.00,no
2026-10-05T03:13:26.100379Z,KXBTC15M-26OCT042315-15,0.0810,2.16,no
2026-10-05T03:13:26.115842Z,KXBTC15M-26OCT042315-15,0.0810,45.75,no
2026-10-05T03:13:26.142687Z,KXBTC15M-26OCT042315-15,0.0810,14.06,no
2026-10-05T03:13:26.173337Z,KXBTC15M-26OCT042315-15,0.0810,9.46,no
2026-10-05T03:13:26.173337Z,KXBTC15M-26OCT042315-15,0.0810,0.01,no
2026-10-05T03:13:26.201462Z,KXBTC15M-26OCT042315-15,0.0820,0.01,yes
2026-10-05T03:13:26.201462Z,KXBTC15M-26OCT042315-15,0.0820,110.98,yes
2026-10-05T03:13:26.201462Z,KXBTC15M-26OCT042315-15,0.0820,0.01,yes
2026-10-05T03:13:26.235637Z,KXBTC15M-26OCT042315-15,0.0700,5.88,no
2026-10-05T03:13:26.235637Z,KXBTC15M-26OCT042315-15,0.0700,5000.00,no
2026-10-05T03:13:26.235637Z,KXBTC15M-26OCT042315-15,0.0670,1047.00,no
2026-10-05T03:13:26.235637Z,KXBTC15M-26OCT042315-15,0.0620,142.73,no
2026-10-05T03:13:26.235637Z,KXBTC15M-26OCT042315-15,0.0650,1047.00,no
2026-10-05T03:13:26.235637Z,KXBTC15M-26OCT042315-15,0.0670,531.62,no
2026-10-05T03:13:26.235637Z,KXBTC15M-26OCT042315-15,0.0700,11.90,no
2026-10-05T03:13:26.235637Z,KXBTC15M-26OCT042315-15,0.0700,5.88,no
2026-10-05T03:13:26.235637Z,KXBTC15M-26OCT042315-15,0.0700,0.23,no
2026-10-05T03:13:26.235637Z,KXBTC15M-26OCT042315-15,0.0700,0.29,no
2026-10-05T03:13:26.235637Z,KXBTC15M-26OCT042315-15,0.0690,50.00,no
2026-10-05T03:13:26.235637Z,KXBTC15M-26OCT042315-15,0.0720,46.85,no
2026-10-05T03:13:26.235637Z,KXBTC15M-26OCT042315-15,0.0670,500.00,no
2026-10-05T03:13:26.235637Z,KXBTC15M-26OCT042315-15,0.0710,152.13,no
2026-10-05T03:13:26.235637Z,KXBTC15M-26OCT042315-15,0.0630,9.00,no
2026-10-05T03:13:26.235637Z,KXBTC15M-26OCT042315-15,0.0810,0.01,no
2026-10-05T03:13:26.235637Z,KXBTC15M-26OCT042315-15,0.0720,76.00,no
2026-10-05T03:13:26.235637Z,KXBTC15M-26OCT042315-15,0.0810,0.01,no
2026-10-05T03:13:26.235637Z,KXBTC15M-26OCT042315-15,0.0720,76.00,no
2026-10-05T03:13:26.235637Z,KXBTC15M-26OCT042315-15,0.0700,780.00,no
2026-10-05T03:13:26.235637Z,KXBTC15M-26OCT042315-15,0.0700,120.00,no
2026-10-05T03:13:26.294577Z,KXBTC15M-26OCT042315-15,0.0640,21.84,yes
2026-10-05T03:13:26.294577Z,KXBTC15M-26OCT042315-15,0.0640,0.01,yes
2026-10-05T03:13:26.309857Z,KXBTC15M-26OCT042315-15,0.0630,0.01,no
2026-10-05T03:13:26.309857Z,KXBTC15M-26OCT042315-15,0.0630,0.01,no
2026-10-05T03:13:26.309857Z,KXBTC15M-26OCT042315-15,0.0630,29.07,no
2026-10-05T03:13:26.316059Z,KXBTC15M-26OCT042315-15,0.0630,15.93,no
2026-10-05T03:13:26.345268Z,KXBTC15M-26OCT042315-15,0.0640,1.10,yes
2026-10-05T03:13:26.346743Z,KXBTC15M-26OCT042315-15,0.0630,0.01,no
2026-10-05T03:13:26.346743Z,KXBTC15M-26OCT042315-15,0.0630,0.01,no
2026-10-05T03:13:26.346743Z,KXBTC15M-26OCT042315-15,0.0630,30.17,no
2026-10-05T03:13:26.35023Z,KXBTC15M-26OCT042315-15,0.0640,10.92,yes
2026-10-05T03:13:26.353377Z,KXBTC15M-26OCT042315-15,0.0630,1.14,no
2026-10-05T03:13:26.353377Z,KXBTC15M-26OCT042315-15,0.0620,9.00,no
2026-10-05T03:13:26.353377Z,KXBTC15M-26OCT042315-15,0.0630,400.00,no
2026-10-05T03:13:26.353377Z,KXBTC15M-26OCT042315-15,0.0610,36.77,no
2026-10-05T03:13:26.353377Z,KXBTC15M-26OCT042315-15,0.0620,469.83,no
2026-10-05T03:13:26.353377Z,KXBTC15M-26OCT042315-15,0.0630,1.12,no
2026-10-05T03:13:26.353377Z,KXBTC15M-26OCT042315-15,0.0630,55.00,no
2026-10-05T03:13:26.353377Z,KXBTC15M-26OCT042315-15,0.0630,0.01,no
2026-10-05T03:13:26.353377Z,KXBTC15M-26OCT042315-15,0.0630,0.01,no
2026-10-05T03:13:26.353377Z,KXBTC15M-26OCT042315-15,0.0610,2.00,no
2026-10-05T03:13:26.353377Z,KXBTC15M-26OCT042315-15,0.0610,87.00,no
2026-10-05T03:13:26.383181Z,KXBTC15M-26OCT042315-15,0.0640,27.00,yes
2026-10-05T03:13:26.456707Z,KXBTC15M-26OCT042315-15,0.0630,34.00,no
2026-10-05T03:13:26.456707Z,KXBTC15M-26OCT042315-15,0.0630,0.01,no
2026-10-05T03:13:26.456707Z,KXBTC15M-26OCT042315-15,0.0630,0.01,no
2026-10-05T03:13:26.456707Z,KXBTC15M-26OCT042315-15,0.0630,56.22,no
2026-10-05T03:13:26.459801Z,KXBTC15M-26OCT042315-15,0.0640,0.01,yes
2026-10-05T03:13:26.459801Z,KXBTC15M-26OCT042315-15,0.0640,1.08,yes
2026-10-05T03:13:26.459801Z,KXBTC15M-26OCT042315-15,0.0640,0.01,yes
2026-10-05T03:13:26.475461Z,KXBTC15M-26OCT042315-15,0.0640,50.00,yes
2026-10-05T03:13:26.48149Z,KXBTC15M-26OCT042315-15,0.0630,0.01,no
2026-10-05T03:13:26.48149Z,KXBTC15M-26OCT042315-15,0.0630,0.01,no
2026-10-05T03:13:26.48149Z,KXBTC15M-26OCT042315-15,0.0630,1.12,no
2026-10-05T03:13:26.48149Z,KXBTC15M-26OCT042315-15,0.0630,1.14,no
2026-10-05T03:13:26.48149Z,KXBTC15M-26OCT042315-15,0.0630,16.72,no
2026-10-05T03:13:26.486846Z,KXBTC15M-26OCT042315-15,0.0630,5.30,no
2026-10-05T03:13:26.534368Z,KXBTC15M-26OCT042315-15,0.0640,10.00,yes
2026-10-05T03:13:26.551666Z,KXBTC15M-26OCT042315-15,0.0640,10.00,yes
2026-10-05T03:13:26.556645Z,KXBTC15M-26OCT042315-15,0.0640,10.00,yes
2026-10-05T03:13:26.56755Z,KXBTC15M-26OCT042315-15,0.0640,10.83,yes
2026-10-05T03:13:26.568633Z,KXBTC15M-26OCT042315-15,0.0630,0.05,no
2026-10-05T03:13:26.568633Z,KXBTC15M-26OCT042315-15,0.0630,105.00,no
2026-10-05T03:13:26.568633Z,KXBTC15M-26OCT042315-15,0.0630,0.01,no
2026-10-05T03:13:26.568633Z,KXBTC15M-26OCT042315-15,0.0630,0.01,no
2026-10-05T03:13:26.569857Z,KXBTC15M-26OCT042315-15,0.0630,15.43,no
2026-10-05T03:13:26.57821Z,KXBTC15M-26OCT042315-15,0.0630,1.76,no
2026-10-05T03:13:26.586992Z,KXBTC15M-26OCT042315-15,0.0630,0.01,no
2026-10-05T03:13:26.586992Z,KXBTC15M-26OCT042315-15,0.0610,3.16,no
2026-10-05T03:13:26.586992Z,KXBTC15M-26OCT042315-15,0.0630,1.13,no
2026-10-05T03:13:26.586992Z,KXBTC15M-26OCT042315-15,0.0630,0.01,no
2026-10-05T03:13:26.600594Z,KXBTC15M-26OCT042315-15,0.0630,0.01,no
2026-10-05T03:13:26.600594Z,KXBTC15M-26OCT042315-15,0.0630,34.00,no
2026-10-05T03:13:26.600594Z,KXBTC15M-26OCT042315-15,0.0630,0.01,no
2026-10-05T03:13:26.600594Z,KXBTC15M-26OCT042315-15,0.0610,48.48,no
2026-10-05T03:13:26.606467Z,KXBTC15M-26OCT042315-15,0.0640,10.83,yes
2026-10-05T03:13:26.618458Z,KXBTC15M-26OCT042315-15,0.0630,0.01,no
2026-10-05T03:13:26.618458Z,KXBTC15M-26OCT042315-15,0.0630,5.23,no
2026-10-05T03:13:26.631215Z,KXBTC15M-26OCT042315-15,0.0630,10.33,no
2026-10-05T03:13:26.632739Z,KXBTC15M-26OCT042315-15,0.0640,6.00,yes
2026-10-05T03:13:26.637878Z,KXBTC15M-26OCT042315-15,0.0640,6.00,yes
2026-10-05T03:13:26.666179Z,KXBTC15M-26OCT042315-15,0.0630,18.45,no
2026-10-05T03:13:26.666179Z,KXBTC15M-26OCT042315-15,0.0630,0.01,no
2026-10-05T03:13:26.672153Z,KXBTC15M-26OCT042315-15,0.0640,0.01,yes
2026-10-05T03:13:26.672153Z,KXBTC15M-26OCT042315-15,0.0640,44.72,yes
2026-10-05T03:13:26.672153Z,KXBTC15M-26OCT042315-15,0.0640,35.26,yes
2026-10-05T03:13:26.672153Z,KXBTC15M-26OCT042315-15,0.0640,0.01,yes
2026-10-05T03:13:26.672153Z,KXBTC15M-26OCT042315-15,0.0640,200.00,yes
2026-10-05T03:13:26.672153Z,KXBTC15M-26OCT042315-15,0.0640,500.00,yes
2026-10-05T03:13:26.683614Z,KXBTC15M-26OCT042315-15,0.0630,53.12,no
2026-10-05T03:13:26.684641Z,KXBTC15M-26OCT042315-15,0.0630,21.20,no
2026-10-05T03:13:26.734943Z,KXBTC15M-26OCT042315-15,0.0640,7.31,yes
2026-10-05T03:13:26.734943Z,KXBTC15M-26OCT042315-15,0.0640,0.01,yes
2026-10-05T03:13:26.734943Z,KXBTC15M-26OCT042315-15,0.0640,0.01,yes
2026-10-05T03:13:26.75057Z,KXBTC15M-26OCT042315-15,0.0640,127.00,yes
2026-10-05T03:13:26.753807Z,KXBTC15M-26OCT042315-15,0.0630,0.01,no
2026-10-05T03:13:26.753807Z,KXBTC15M-26OCT042315-15,0.0630,1.13,no
2026-10-05T03:13:26.753807Z,KXBTC15M-26OCT042315-15,0.0630,0.05,no
2026-10-05T03:13:26.753807Z,KXBTC15M-26OCT042315-15,0.0630,59.21,no
2026-10-05T03:13:26.753807Z,KXBTC15M-26OCT042315-15,0.0630,0.01,no
2026-10-05T03:13:26.763473Z,KXBTC15M-26OCT042315-15,0.0640,0.01,yes
2026-10-05T03:13:26.763473Z,KXBTC15M-26OCT042315-15,0.0670,3.29,yes
2026-10-05T03:13:26.763473Z,KXBTC15M-26OCT042315-15,0.0640,0.01,yes
2026-10-05T03:13:26.763473Z,KXBTC15M-26OCT042315-15,0.0670,72.00,yes
2026-10-05T03:13:26.763473Z,KXBTC15M-26OCT042315-15,0.0640,15.69,yes
2026-10-05T03:13:26.763473Z,KXBTC15M-26OCT042315-15,0.0650,7.00,yes
2026-10-05T03:13:26.77236Z,KXBTC15M-26OCT042315-15,0.0640,0.01,yes
2026-10-05T03:13:26.77236Z,KXBTC15M-26OCT042315-15,0.0670,48.00,yes
2026-10-05T03:13:26.77236Z,KXBTC15M-26OCT042315-15,0.0640,0.01,yes
2026-10-05T03:13:26.77236Z,KXBTC15M-26OCT042315-15,0.0670,2.71,yes
2026-10-05T03:13:26.77236Z,KXBTC15M-26OCT042315-15,0.0670,7.00,yes
2026-10-05T03:13:26.77236Z,KXBTC15M-26OCT042315-15,0.0670,56.85,yes
2026-10-05T03:13:26.79734Z,KXBTC15M-26OCT042315-15,0.0630,0.01,no
2026-10-05T03:13:26.79734Z,KXBTC15M-26OCT042315-15,0.0630,5.85,no
2026-10-05T03:13:26.79734Z,KXBTC15M-26OCT042315-15,0.0630,0.01,no
2026-10-05T03:13:26.79734Z,KXBTC15M-26OCT042315-15,0.0630,1.13,no
2026-10-05T03:13:26.811923Z,KXBTC15M-26OCT042315-15,0.0630,0.01,no
2026-10-05T03:13:26.811923Z,KXBTC15M-26OCT042315-15,0.0630,0.01,no
2026-10-05T03:13:26.811923Z,KXBTC15M-26OCT042315-15,0.0620,8.95,no
2026-10-05T03:13:26.850542Z,KXBTC15M-26OCT042315-15,0.0620,19.70,no
2026-10-05T03:13:26.874741Z,KXBTC15M-26OCT042315-15,0.0620,0.06,no
2026-10-05T03:13:26.911139Z,KXBTC15M-26OCT042315-15,0.0630,29.32,yes
2026-10-05T03:13:26.919148Z,KXBTC15M-26OCT042315-15,0.0620,7.84,no
2026-10-05T03:13:26.948711Z,KXBTC15M-26OCT042315-15,0.0620,162.04,no
2026-10-05T03:13:26.948711Z,KXBTC15M-26OCT042315-15,0.0620,0.01,no
2026-10-05T03:13:26.948711Z,KXBTC15M-26OCT042315-15,0.0620,52.45,no
2026-10-05T03:13:26.969588Z,KXBTC15M-26OCT042315-15,0.0620,0.01,no
2026-10-05T03:13:26.969588Z,KXBTC15M-26OCT042315-15,0.0620,8.48,no
2026-10-05T03:13:26.976482Z,KXBTC15M-26OCT042315-15,0.0620,11.44,no
2026-10-05T03:13:26.978125Z,KXBTC15M-26OCT042315-15,0.0620,3.95,no
2026-10-05T03:13:26.985456Z,KXBTC15M-26OCT042315-15,0.0620,1.43,no
2026-10-05T03:13:26.999553Z,KXBTC15M-26OCT042315-15,0.0630,1.00,yes
2026-10-05T03:13:27.008762Z,KXBTC15M-26OCT042315-15,0.0620,10.60,no
2026-10-05T03:13:27.040714Z,KXBTC15M-26OCT042315-15,0.0630,3.00,yes
2026-10-05T03:13:27.063599Z,KXBTC15M-26OCT042315-15,0.0620,26.51,no
2026-10-05T03:13:27.083955Z,KXBTC15M-26OCT042315-15,0.0630,1.00,yes
2026-10-05T03:13:27.088423Z,KXBTC15M-26OCT042315-15,0.0630,21.76,yes
2026-10-05T03:13:27.0914Z,KXBTC15M-26OCT042315-15,0.0630,13.64,yes
2026-10-05T03:13:27.116001Z,KXBTC15M-26OCT042315-15,0.0620,25.59,no
2026-10-05T03:13:27.116001Z,KXBTC15M-26OCT042315-15,0.0620,13.05,no
2026-10-05T03:13:27.159445Z,KXBTC15M-26OCT042315-15,0.0630,1.46,yes
2026-10-05T03:13:27.172009Z,KXBTC15M-26OCT042315-15,0.0630,78.00,yes
2026-10-05T03:13:27.173651Z,KXBTC15M-26OCT042315-15,0.0630,0.82,yes
2026-10-05T03:13:27.173651Z,KXBTC15M-26OCT042315-15,0.0630,0.01,yes
2026-10-05T03:13:27.173651Z,KXBTC15M-26OCT042315-15,0.0630,0.01,yes
2026-10-05T03:13:27.180865Z,KXBTC15M-26OCT042315-15,0.0620,6.63,no
2026-10-05T03:13:27.189552Z,KXBTC15M-26OCT042315-15,0.0630,102.63,yes
2026-10-05T03:13:27.189552Z,KXBTC15M-26OCT042315-15,0.0630,0.01,yes
2026-10-05T03:13:27.190876Z,KXBTC15M-26OCT042315-15,0.0630,6.00,yes
2026-10-05T03:13:27.191872Z,KXBTC15M-26OCT042315-15,0.0630,6.00,yes
2026-10-05T03:13:27.204322Z,KXBTC15M-26OCT042315-15,0.0620,120.00,no
2026-10-05T03:13:27.208977Z,KXBTC15M-26OCT042315-15,0.0670,6.00,yes
2026-10-05T03:13:27.208977Z,KXBTC15M-26OCT042315-15,0.0670,7.00,yes
2026-10-05T03:13:27.208977Z,KXBTC15M-26OCT042315-15,0.0670,6.00,yes
2026-10-05T03:13:27.208977Z,KXBTC15M-26OCT042315-15,0.0630,35.37,yes
2026-10-05T03:13:27.208977Z,KXBTC15M-26OCT042315-15,0.0630,0.01,yes
2026-10-05T03:13:27.208977Z,KXBTC15M-26OCT042315-15,0.0640,0.01,yes
2026-10-05T03:13:27.208977Z,KXBTC15M-26OCT042315-15,0.0670,1.52,yes
2026-10-05T03:13:27.208977Z,KXBTC15M-26OCT042315-15,0.0630,0.01,yes
2026-10-05T03:13:27.229214Z,KXBTC15M-26OCT042315-15,0.0640,100.00,yes
2026-10-05T03:13:27.266099Z,KXBTC15M-26OCT042315-15,0.0640,0.34,yes
2026-10-05T03:13:27.267694Z,KXBTC15M-26OCT042315-15,0.0640,0.01,yes
2026-10-05T03:13:27.267694Z,KXBTC15M-26OCT042315-15,0.0640,49.66,yes
2026-10-05T03:13:27.267694Z,KXBTC15M-26OCT042315-15,0.0640,99.48,yes
2026-10-05T03:13:27.267694Z,KXBTC15M-26OCT042315-15,0.0640,0.01,yes
2026-10-05T03:13:27.270417Z,KXBTC15M-26OCT042315-15,0.0630,8.55,no
2026-10-05T03:13:27.280541Z,KXBTC15M-26OCT042315-15,0.0670,1.00,yes
2026-10-05T03:13:27.280541Z,KXBTC15M-26OCT042315-15,0.0640,0.01,yes
2026-10-05T03:13:27.280541Z,KXBTC15M-26OCT042315-15,0.0640,0.01,yes
2026-10-05T03:13:27.280541Z,KXBTC15M-26OCT042315-15,0.0670,6.00,yes
2026-10-05T03:13:27.280541Z,KXBTC15M-26OCT042315-15,0.0670,5.09,yes
2026-10-05T03:13:27.309802Z,KXBTC15M-26OCT042315-15,0.0640,40.74,yes
2026-10-05T03:13:27.33482Z,KXBTC15M-26OCT042315-15,0.0640,100.00,yes
2026-10-05T03:13:27.335835Z,KXBTC15M-26OCT042315-15,0.0630,0.01,no
2026-10-05T03:13:27.335835Z,KXBTC15M-26OCT042315-15,0.0630,1.45,no
2026-10-05T03:13:27.335835Z,KXBTC15M-26OCT042315-15,0.0630,2.95,no
2026-10-05T03:13:27.335835Z,KXBTC15M-26OCT042315-15,0.0630,0.01,no
2026-10-05T03:13:27.347821Z,KXBTC15M-26OCT042315-15,0.0630,40.23,no
2026-10-05T03:13:27.37156Z,KXBTC15M-26OCT042315-15,0.0630,16.49,no
2026-10-05T03:13:27.410949Z,KXBTC15M-26OCT042315-15,0.0630,33.00,no
2026-10-05T03:13:27.461782Z,KXBTC15M-26OCT042315-15,0.0630,1.06,no
2026-10-05T03:13:27.465926Z,KXBTC15M-26OCT042315-15,0.0630,16.88,no
2026-10-05T03:13:27.520809Z,KXBTC15M-26OCT042315-15,0.0630,5.05,no
2026-10-05T03:13:27.544793Z,KXBTC15M-26OCT042315-15,0.0640,8.01,yes
2026-10-05T03:13:27.544796Z,KXBTC15M-26OCT042315-15,0.0640,290.69,yes
2026-10-05T03:13:27.544796Z,KXBTC15M-26OCT042315-15,0.0640,0.01,yes
2026-10-05T03:13:27.544796Z,KXBTC15M-26OCT042315-15,0.0640,1.25,yes
2026-10-05T03:13:27.544796Z,KXBTC15M-26OCT042315-15,0.0640,0.01,yes
2026-10-05T03:13:27.563069Z,KXBTC15M-26OCT042315-15,0.0630,82.50,no
2026-10-05T03:13:27.598296Z,KXBTC15M-26OCT042315-15,0.0640,7.00,yes
2026-10-05T03:13:27.598296Z,KXBTC15M-26OCT042315-15,0.0640,73.87,yes
2026-10-05T03:13:27.598296Z,KXBTC15M-26OCT042315-15,0.0640,102.49,yes
2026-10-05T03:13:27.656455Z,KXBTC15M-26OCT042315-15,0.0630,42.78,no
2026-10-05T03:13:27.702876Z,KXBTC15M-26OCT042315-15,0.0630,8.55,no
2026-10-05T03:13:27.773966Z,KXBTC15M-26OCT042315-15,0.0630,13.80,no
2026-10-05T03:13:27.777836Z,KXBTC15M-26OCT042315-15,0.0630,8.66,no
2026-10-05T03:13:27.783016Z,KXBTC15M-26OCT042315-15,0.0640,53.99,yes
2026-10-05T03:13:27.79469Z,KXBTC15M-26OCT042315-15,0.0630,5.55,no
2026-10-05T03:13:27.938832Z,KXBTC15M-26OCT042315-15,0.0630,1.06,no
2026-10-05T03:13:27.973596Z,KXBTC15M-26OCT042315-15,0.0640,14.03,yes
2026-10-05T03:13:28.007856Z,KXBTC15M-26OCT042315-15,0.0630,65.56,no
2026-10-05T03:13:28.007856Z,KXBTC15M-26OCT042315-15,0.0630,121.44,no
2026-10-05T03:13:28.020332Z,KXBTC15M-26OCT042315-15,0.0630,116.88,no
2026-10-05T03:13:28.026698Z,KXBTC15M-26OCT042315-15,0.0650,168.39,yes
2026-10-05T03:13:28.026698Z,KXBTC15M-26OCT042315-15,0.0640,150.00,yes
2026-10-05T03:13:28.026698Z,KXBTC15M-26OCT042315-15,0.0640,0.01,yes
2026-10-05T03:13:28.026698Z,KXBTC15M-26OCT042315-15,0.0640,7.00,yes
2026-10-05T03:13:28.026698Z,KXBTC15M-26OCT042315-15,0.0640,58.11,yes
2026-10-05T03:13:28.026698Z,KXBTC15M-26OCT042315-15,0.0640,0.01,yes
2026-10-05T03:13:28.039387Z,KXBTC15M-26OCT042315-15,0.0630,4.51,no
2026-10-05T03:13:28.039655Z,KXBTC15M-26OCT042315-15,0.0630,12.74,no
2026-10-05T03:13:28.053183Z,KXBTC15M-26OCT042315-15,0.0630,171.15,no
2026-10-05T03:13:28.055879Z,KXBTC15M-26OCT042315-15,0.0640,43.98,yes
2026-10-05T03:13:28.055879Z,KXBTC15M-26OCT042315-15,0.0640,0.01,yes
2026-10-05T03:13:28.099843Z,KXBTC15M-26OCT042315-15,0.0630,20.17,no
2026-10-05T03:13:28.099843Z,KXBTC15M-26OCT042315-15,0.0630,0.05,no
2026-10-05T03:13:28.099843Z,KXBTC15M-26OCT042315-15,0.0630,0.01,no
2026-10-05T03:13:28.099843Z,KXBTC15M-26OCT042315-15,0.0630,0.01,no
2026-10-05T03:13:28.102447Z,KXBTC15M-26OCT042315-15,0.0640,48.27,yes
2026-10-05T03:13:28.102447Z,KXBTC15M-26OCT042315-15,0.0640,106.02,yes
2026-10-05T03:13:28.102447Z,KXBTC15M-26OCT042315-15,0.0640,0.01,yes
2026-10-05T03:13:28.102447Z,KXBTC15M-26OCT042315-15,0.0640,7.00,yes
2026-10-05T03:13:28.135585Z,KXBTC15M-26OCT042315-15,0.0630,0.42,no
2026-10-05T03:13:28.148416Z,KXBTC15M-26OCT042315-15,0.0630,379.41,no
2026-10-05T03:13:28.148416Z,KXBTC15M-26OCT042315-15,0.0630,151.86,no
2026-10-05T03:13:28.153506Z,KXBTC15M-26OCT042315-15,0.0600,10.00,no
2026-10-05T03:13:28.153506Z,KXBTC15M-26OCT042315-15,0.0600,13.08,no
2026-10-05T03:13:28.153506Z,KXBTC15M-26OCT042315-15,0.0630,0.01,no
2026-10-05T03:13:28.153506Z,KXBTC15M-26OCT042315-15,0.0630,0.01,no
2026-10-05T03:13:28.153506Z,KXBTC15M-26OCT042315-15,0.0610,6.00,no
2026-10-05T03:13:28.180087Z,KXBTC15M-26OCT042315-15,0.0620,0.01,no
2026-10-05T03:13:28.180087Z,KXBTC15M-26OCT042315-15,0.0620,45.79,no
2026-10-05T03:13:28.180087Z,KXBTC15M-26OCT042315-15,0.0620,0.01,no
2026-10-05T03:13:28.190943Z,KXBTC15M-26OCT042315-15,0.0620,8.20,no
2026-10-05T03:13:28.211136Z,KXBTC15M-26OCT042315-15,0.0620,0.01,no
2026-10-05T03:13:28.211136Z,KXBTC15M-26OCT042315-15,0.0620,0.01,no
2026-10-05T03:13:28.211136Z,KXBTC15M-26OCT042315-15,0.0620,52.03,no
2026-10-05T03:13:28.214268Z,KXBTC15M-26OCT042315-15,0.0620,1.06,no
2026-10-05T03:13:28.241043Z,KXBTC15M-26OCT042315-15,0.0620,16.47,no
2026-10-05T03:13:28.260231Z,KXBTC15M-26OCT042315-15,0.0620,10.40,no
2026-10-05T03:13:28.281591Z,KXBTC15M-26OCT042315-15,0.0620,1.14,no
2026-10-05T03:13:28.285879Z,KXBTC15M-26OCT042315-15,0.0630,2.97,yes
2026-10-05T03:13:28.303381Z,KXBTC15M-26OCT042315-15,0.0600,36.16,no
2026-10-05T03:13:28.303381Z,KXBTC15M-26OCT042315-15,0.0620,0.01,no
2026-10-05T03:13:28.303381Z,KXBTC15M-26OCT042315-15,0.0620,400.00,no
2026-10-05T03:13:28.303381Z,KXBTC15M-26OCT042315-15,0.0620,0.01,no
2026-10-05T03:13:28.303381Z,KXBTC15M-26OCT042315-15,0.0600,10.00,no
2026-10-05T03:13:28.303381Z,KXBTC15M-26OCT042315-15,0.0600,36.17,no
2026-10-05T03:13:28.303381Z,KXBTC15M-26OCT042315-15,0.0620,418.90,no
2026-10-05T03:13:28.310169Z,KXBTC15M-26OCT042315-15,0.0570,0.51,no
2026-10-05T03:13:28.310169Z,KXBTC15M-26OCT042315-15,0.0580,2.00,no
2026-10-05T03:13:28.310169Z,KXBTC15M-26OCT042315-15,0.0570,2.00,no
2026-10-05T03:13:28.315101Z,KXBTC15M-26OCT042315-15,0.0600,7.33,yes
2026-10-05T03:13:28.329224Z,KXBTC15M-26OCT042315-15,0.0600,14.66,yes
2026-10-05T03:13:28.337129Z,KXBTC15M-26OCT042315-15,0.0550,72.03,no
2026-10-05T03:13:28.337129Z,KXBTC15M-26OCT042315-15,0.0560,9.00,no
2026-10-05T03:13:28.337129Z,KXBTC15M-26OCT042315-15,0.0590,100.00,no
2026-10-05T03:13:28.337129Z,KXBTC15M-26OCT042315-15,0.0570,8.49,no
2026-10-05T03:13:28.337129Z,KXBTC15M-26OCT042315-15,0.0590,0.01,no
2026-10-05T03:13:28.337129Z,KXBTC15M-26OCT042315-15,0.0590,0.01,no
2026-10-05T03:13:28.337129Z,KXBTC15M-26OCT042315-15,0.0590,400.00,no
2026-10-05T03:13:28.337129Z,KXBTC15M-26OCT042315-15,0.0570,50.00,no
2026-10-05T03:13:28.337129Z,KXBTC15M-26OCT042315-15,0.0560,196.00,no
2026-10-05T03:13:28.337129Z,KXBTC15M-26OCT042315-15,0.0560,196.00,no
2026-10-05T03:13:28.337129Z,KXBTC15M-26OCT042315-15,0.0570,9.00,no
2026-10-05T03:13:28.341416Z,KXBTC15M-26OCT042315-15,0.0550,2.80,no
2026-10-05T03:13:28.362703Z,KXBTC15M-26OCT042315-15,0.0590,0.01,no
2026-10-05T03:13:28.362703Z,KXBTC15M-26OCT042315-15,0.0590,0.01,no
2026-10-05T03:13:28.362703Z,KXBTC15M-26OCT042315-15,0.0590,3.16,no
2026-10-05T03:13:28.372306Z,KXBTC15M-26OCT042315-15,0.0590,10.40,no
2026-10-05T03:13:28.381656Z,KXBTC15M-26OCT042315-15,0.0600,0.58,yes
2026-10-05T03:13:28.386232Z,KXBTC15M-26OCT042315-15,0.0600,0.01,yes
2026-10-05T03:13:28.386232Z,KXBTC15M-26OCT042315-15,0.0600,1076.18,yes
2026-10-05T03:13:28.386232Z,KXBTC15M-26OCT042315-15,0.0600,9.11,yes
2026-10-05T03:13:28.386232Z,KXBTC15M-26OCT042315-15,0.0600,0.01,yes
2026-10-05T03:13:28.38702Z,KXBTC15M-26OCT042315-15,0.0590,2.07,no
2026-10-05T03:13:28.433778Z,KXBTC15M-26OCT042315-15,0.0620,138.62,yes
2026-10-05T03:13:28.433778Z,KXBTC15M-26OCT042315-15,0.0600,0.01,yes
2026-10-05T03:13:28.433778Z,KXBTC15M-26OCT042315-15,0.0600,8.00,yes
2026-10-05T03:13:28.433778Z,KXBTC15M-26OCT042315-15,0.0600,0.01,yes
2026-10-05T03:13:28.438599Z,KXBTC15M-26OCT042315-15,0.0590,11.11,no
2026-10-05T03:13:28.490731Z,KXBTC15M-26OCT042315-15,0.0600,4.08,yes
2026-10-05T03:13:28.499436Z,KXBTC15M-26OCT042315-15,0.0590,3.07,no
2026-10-05T03:13:28.517565Z,KXBTC15M-26OCT042315-15,0.0600,1.17,yes
2026-10-05T03:13:28.550539Z,KXBTC15M-26OCT042315-15,0.0590,0.01,no
2026-10-05T03:13:28.550539Z,KXBTC15M-26OCT042315-15,0.0590,4.19,no
2026-10-05T03:13:28.550539Z,KXBTC15M-26OCT042315-15,0.0590,0.01,no
2026-10-05T03:13:28.550539Z,KXBTC15M-26OCT042315-15,0.0590,18.35,no
2026-10-05T03:13:28.582928Z,KXBTC15M-26OCT042315-15,0.0590,50.38,no
2026-10-05T03:13:28.601472Z,KXBTC15M-26OCT042315-15,0.0590,19.32,no
2026-10-05T03:13:28.602316Z,KXBTC15M-26OCT042315-15,0.0590,2.49,no
2026-10-05T03:13:28.626391Z,KXBTC15M-26OCT042315-15,0.0590,10.39,no
2026-10-05T03:13:28.649994Z,KXBTC15M-26OCT042315-15,0.0560,6.13,no
2026-10-05T03:13:28.649994Z,KXBTC15M-26OCT042315-15,0.0590,0.01,no
2026-10-05T03:13:28.649994Z,KXBTC15M-26OCT042315-15,0.0590,0.01,no
2026-10-05T03:13:28.673986Z,KXBTC15M-26OCT042315-15,0.0550,48.94,no
2026-10-05T03:13:28.673986Z,KXBTC15M-26OCT042315-15,0.0590,0.01,no
2026-10-05T03:13:28.673986Z,KXBTC15M-26OCT042315-15,0.0590,34.00,no
2026-10-05T03:13:28.673986Z,KXBTC15M-26OCT042315-15,0.0590,0.01,no
2026-10-05T03:13:28.684507Z,KXBTC15M-26OCT042315-15,0.0590,25.67,no
2026-10-05T03:13:28.700736Z,KXBTC15M-26OCT042315-15,0.0600,1.12,yes
2026-10-05T03:13:28.715564Z,KXBTC15M-26OCT042315-15,0.0600,63.27,yes
2026-10-05T03:13:28.719225Z,KXBTC15M-26OCT042315-15,0.0590,0.01,no
2026-10-05T03:13:28.719225Z,KXBTC15M-26OCT042315-15,0.0590,0.01,no
2026-10-05T03:13:28.719225Z,KXBTC15M-26OCT042315-15,0.0590,4.96,no
2026-10-05T03:13:28.74332Z,KXBTC15M-26OCT042315-15,0.0530,3.65,no
2026-10-05T03:13:28.74332Z,KXBTC15M-26OCT042315-15,0.0590,0.01,no
2026-10-05T03:13:28.74332Z,KXBTC15M-26OCT042315-15,0.0540,46.34,no
2026-10-05T03:13:28.74332Z,KXBTC15M-26OCT042315-15,0.0540,2.00,no
2026-10-05T03:13:28.74332Z,KXBTC15M-26OCT042315-15,0.0550,0.01,no
2026-10-05T03:13:28.74332Z,KXBTC15M-26OCT042315-15,0.0530,2.00,no
2026-10-05T03:13:28.74332Z,KXBTC15M-26OCT042315-15,0.0530,45.93,no
2026-10-05T03:13:28.74332Z,KXBTC15M-26OCT042315-15,0.0590,0.01,no
2026-10-05T03:13:28.74332Z,KXBTC15M-26OCT042315-15,0.0550,0.01,no
2026-10-05T03:13:28.74332Z,KXBTC15M-26OCT042315-15,0.0590,0.05,no
2026-10-05T03:13:28.74332Z,KXBTC15M-26OCT042315-15,0.0540,2.00,no
2026-10-05T03:13:28.74332Z,KXBTC15M-26OCT042315-15,0.0530,2.00,no
2026-10-05T03:13:28.756224Z,KXBTC15M-26OCT042315-15,0.0590,211.66,no
2026-10-05T03:13:28.760028Z,KXBTC15M-26OCT042315-15,0.0600,8.10,yes
2026-10-05T03:13:28.77013Z,KXBTC15M-26OCT042315-15,0.0590,0.01,no
2026-10-05T03:13:28.77013Z,KXBTC15M-26OCT042315-15,0.0590,4.30,no
2026-10-05T03:13:28.771174Z,KXBTC15M-26OCT042315-15,0.0590,2.62,no
2026-10-05T03:13:28.811053Z,KXBTC15M-26OCT042315-15,0.0590,5.25,no
2026-10-05T03:13:28.830004Z,KXBTC15M-26OCT042315-15,0.0590,0.01,no
2026-10-05T03:13:28.830004Z,KXBTC15M-26OCT042315-15,0.0590,21.83,no
2026-10-05T03:13:28.830004Z,KXBTC15M-26OCT042315-15,0.0590,0.01,no
2026-10-05T03:13:28.830004Z,KXBTC15M-26OCT042315-15,0.0590,0.01,no
2026-10-05T03:13:28.844028Z,KXBTC15M-26OCT042315-15,0.0610,6.00,yes
2026-10-05T03:13:28.844028Z,KXBTC15M-26OCT042315-15,0.0600,30.26,yes
2026-10-05T03:13:28.844028Z,KXBTC15M-26OCT042315-15,0.0600,0.01,yes
2026-10-05T03:13:28.844028Z,KXBTC15M-26OCT042315-15,0.0610,8.00,yes
2026-10-05T03:13:28.844028Z,KXBTC15M-26OCT042315-15,0.0610,12.00,yes
2026-10-05T03:13:28.844028Z,KXBTC15M-26OCT042315-15,0.0610,200.00,yes
2026-10-05T03:13:28.844028Z,KXBTC15M-26OCT042315-15,0.0600,30.00,yes
2026-10-05T03:13:28.844028Z,KXBTC15M-26OCT042315-15,0.0610,6.00,yes
2026-10-05T03:13:28.844028Z,KXBTC15M-26OCT042315-15,0.0600,0.01,yes
2026-10-05T03:13:28.844028Z,KXBTC15M-26OCT042315-15,0.0620,233.45,yes
2026-10-05T03:13:28.844028Z,KXBTC15M-26OCT042315-15,0.0600,29.00,yes
2026-10-05T03:13:28.844028Z,KXBTC15M-26OCT042315-15,0.0610,24.00,yes
2026-10-05T03:13:28.844028Z,KXBTC15M-26OCT042315-15,0.0600,200.00,yes
2026-10-05T03:13:28.882968Z,KXBTC15M-26OCT042315-15,0.0590,25.44,no
2026-10-05T03:13:28.885825Z,KXBTC15M-26OCT042315-15,0.0590,49.00,no
2026-10-05T03:13:28.893636Z,KXBTC15M-26OCT042315-15,0.0600,0.01,yes
2026-10-05T03:13:28.893636Z,KXBTC15M-26OCT042315-15,0.0600,0.01,yes
2026-10-05T03:13:28.893636Z,KXBTC15M-26OCT042315-15,0.0620,7.29,yes
2026-10-05T03:13:28.893636Z,KXBTC15M-26OCT042315-15,0.0610,8.00,yes
2026-10-05T03:13:28.897398Z,KXBTC15M-26OCT042315-15,0.0560,51.67,no
2026-10-05T03:13:28.897398Z,KXBTC15M-26OCT042315-15,0.0590,0.01,no
2026-10-05T03:13:28.897398Z,KXBTC15M-26OCT042315-15,0.0590,0.01,no
2026-10-05T03:13:28.922691Z,KXBTC15M-26OCT042315-15,0.0560,0.01,no
2026-10-05T03:13:28.922691Z,KXBTC15M-26OCT042315-15,0.0560,46.33,no
2026-10-05T03:13:28.922691Z,KXBTC15M-26OCT042315-15,0.0590,34.00,no
2026-10-05T03:13:28.922691Z,KXBTC15M-26OCT042315-15,0.0560,24.71,no
2026-10-05T03:13:28.922691Z,KXBTC15M-26OCT042315-15,0.0590,0.01,no
2026-10-05T03:13:28.922691Z,KXBTC15M-26OCT042315-15,0.0560,0.01,no
2026-10-05T03:13:28.944956Z,KXBTC15M-26OCT042315-15,0.0590,9.58,no
2026-10-05T03:13:28.954673Z,KXBTC15M-26OCT042315-15,0.0520,89.61,no
2026-10-05T03:13:28.954673Z,KXBTC15M-26OCT042315-15,0.0590,0.01,no
2026-10-05T03:13:28.966028Z,KXBTC15M-26OCT042315-15,0.0610,62.60,yes
2026-10-05T03:13:28.966028Z,KXBTC15M-26OCT042315-15,0.0610,8.00,yes
2026-10-05T03:13:28.966028Z,KXBTC15M-26OCT042315-15,0.0610,0.01,yes
2026-10-05T03:13:28.966028Z,KXBTC15M-26OCT042315-15,0.0610,6.00,yes
2026-10-05T03:13:28.966243Z,KXBTC15M-26OCT042315-15,0.0590,0.05,no
2026-10-05T03:13:28.966243Z,KXBTC15M-26OCT042315-15,0.0590,79.32,no
2026-10-05T03:13:28.975426Z,KXBTC15M-26OCT042315-15,0.0540,0.92,no
2026-10-05T03:13:28.975426Z,KXBTC15M-26OCT042315-15,0.0590,0.01,no
2026-10-05T03:13:28.975677Z,KXBTC15M-26OCT042315-15,0.0610,85.26,yes
2026-10-05T03:13:28.975677Z,KXBTC15M-26OCT042315-15,0.0610,0.01,yes
2026-10-05T03:13:28.975677Z,KXBTC15M-26OCT042315-15,0.0610,169.95,yes
2026-10-05T03:13:28.975677Z,KXBTC15M-26OCT042315-15,0.0610,30.00,yes
2026-10-05T03:13:28.981196Z,KXBTC15M-26OCT042315-15,0.0520,96.33,no
2026-10-05T03:13:28.981196Z,KXBTC15M-26OCT042315-15,0.0590,34.00,no
2026-10-05T03:13:28.981196Z,KXBTC15M-26OCT042315-15,0.0530,1.13,no
2026-10-05T03:13:28.981196Z,KXBTC15M-26OCT042315-15,0.0530,1.11,no
2026-10-05T03:13:28.989369Z,KXBTC15M-26OCT042315-15,0.0600,3.95,yes
2026-10-05T03:13:29.026601Z,KXBTC15M-26OCT042315-15,0.0590,19.32,no
2026-10-05T03:13:29.03488Z,KXBTC15M-26OCT042315-15,0.0600,0.13,yes
2026-10-05T03:13:29.03488Z,KXBTC15M-26OCT042315-15,0.0600,0.01,yes
2026-10-05T03:13:29.03488Z,KXBTC15M-26OCT042315-15,0.0600,0.01,yes
2026-10-05T03:13:29.042055Z,KXBTC15M-26OCT042315-15,0.0550,5.88,no
2026-10-05T03:13:29.042055Z,KXBTC15M-26OCT042315-15,0.0590,0.01,no
2026-10-05T03:13:29.042055Z,KXBTC15M-26OCT042315-15,0.0590,0.05,no
2026-10-05T03:13:29.042055Z,KXBTC15M-26OCT042315-15,0.0590,0.01,no
2026-10-05T03:13:29.097474Z,KXBTC15M-26OCT042315-15,0.0610,62.09,yes
2026-10-05T03:13:29.097474Z,KXBTC15M-26OCT042315-15,0.0610,12.00,yes
2026-10-05T03:13:29.097474Z,KXBTC15M-26OCT042315-15,0.0610,0.01,yes
2026-10-05T03:13:29.097474Z,KXBTC15M-26OCT042315-15,0.0610,0.01,yes
2026-10-05T03:13:29.097474Z,KXBTC15M-26OCT042315-15,0.0600,5.87,yes
2026-10-05T03:13:29.097474Z,KXBTC15M-26OCT042315-15,0.0600,0.01,yes
2026-10-05T03:13:29.097474Z,KXBTC15M-26OCT042315-15,0.0600,0.01,yes
2026-10-05T03:13:29.103808Z,KXBTC15M-26OCT042315-15,0.0590,4.98,no
2026-10-05T03:13:29.112053Z,KXBTC15M-26OCT042315-15,0.0600,0.83,no
2026-10-05T03:13:29.11778Z,KXBTC15M-26OCT042315-15,0.0600,15.71,no
2026-10-05T03:13:29.131421Z,KXBTC15M-26OCT042315-15,0.0600,134.43,no
2026-10-05T03:13:29.131421Z,KXBTC15M-26OCT042315-15,0.0600,0.01,no
2026-10-05T03:13:29.131421Z,KXBTC15M-26OCT042315-15,0.0600,400.00,no
2026-10-05T03:13:29.131421Z,KXBTC15M-26OCT042315-15,0.0600,0.01,no
2026-10-05T03:13:29.134176Z,KXBTC15M-26OCT042315-15,0.0600,4.23,no
2026-10-05T03:13:29.136328Z,KXBTC15M-26OCT042315-15,0.0600,5.94,no
2026-10-05T03:13:29.13669Z,KXBTC15M-26OCT042315-15,0.0610,1.72,yes
2026-10-05T03:13:29.137899Z,KXBTC15M-26OCT042315-15,0.0600,131.23,no
2026-10-05T03:13:29.176093Z,KXBTC15M-26OCT042315-15,0.0600,59.85,no
2026-10-05T03:13:29.176093Z,KXBTC15M-26OCT042315-15,0.0600,0.01,no
2026-10-05T03:13:29.176093Z,KXBTC15M-26OCT042315-15,0.0600,400.00,no
2026-10-05T03:13:29.178459Z,KXBTC15M-26OCT042315-15,0.0620,47.73,yes
2026-10-05T03:13:29.178459Z,KXBTC15M-26OCT042315-15,0.0610,6.28,yes
2026-10-05T03:13:29.178459Z,KXBTC15M-26OCT042315-15,0.0610,1.72,yes
2026-10-05T03:13:29.178459Z,KXBTC15M-26OCT042315-15,0.0610,0.01,yes
2026-10-05T03:13:29.178459Z,KXBTC15M-26OCT042315-15,0.0610,0.01,yes
2026-10-05T03:13:29.228656Z,KXBTC15M-26OCT042315-15,0.0600,0.01,no
2026-10-05T03:13:29.228656Z,KXBTC15M-26OCT042315-15,0.0600,67.66,no
2026-10-05T03:13:29.228656Z,KXBTC15M-26OCT042315-15,0.0600,0.01,no
2026-10-05T03:13:29.229097Z,KXBTC15M-26OCT042315-15,0.0610,14.66,yes
2026-10-05T03:13:29.242378Z,KXBTC15M-26OCT042315-15,0.0600,5.08,no
2026-10-05T03:13:29.242998Z,KXBTC15M-26OCT042315-15,0.0610,75.23,yes
2026-10-05T03:13:29.247511Z,KXBTC15M-26OCT042315-15,0.0610,0.01,yes
2026-10-05T03:13:29.247511Z,KXBTC15M-26OCT042315-15,0.0610,189.88,yes
2026-10-05T03:13:29.247511Z,KXBTC15M-26OCT042315-15,0.0610,60.11,yes
2026-10-05T03:13:29.319732Z,KXBTC15M-26OCT042315-15,0.0610,2.15,yes
2026-10-05T03:13:29.319732Z,KXBTC15M-26OCT042315-15,0.0610,0.01,yes
2026-10-05T03:13:29.352349Z,KXBTC15M-26OCT042315-15,0.0600,0.05,no
2026-10-05T03:13:29.352349Z,KXBTC15M-26OCT042315-15,0.0600,0.01,no
2026-10-05T03:13:29.352349Z,KXBTC15M-26OCT042315-15,0.0600,400.00,no
2026-10-05T03:13:29.352349Z,KXBTC15M-26OCT042315-15,0.0600,0.01,no
2026-10-05T03:13:29.3555Z,KXBTC15M-26OCT042315-15,0.0590,26.86,no
2026-10-05T03:13:29.370975Z,KXBTC15M-26OCT042315-15,0.0600,61.00,yes
2026-10-05T03:13:29.370975Z,KXBTC15M-26OCT042315-15,0.0600,64.00,yes
2026-10-05T03:13:29.399761Z,KXBTC15M-26OCT042315-15,0.0600,15.09,yes
2026-10-05T03:13:29.464609Z,KXBTC15M-26OCT042315-15,0.0590,0.01,no
2026-10-05T03:13:29.464609Z,KXBTC15M-26OCT042315-15,0.0590,2.16,no
2026-10-05T03:13:29.464609Z,KXBTC15M-26OCT042315-15,0.0520,2.95,no
2026-10-05T03:13:29.464609Z,KXBTC15M-26OCT042315-15,0.0590,0.05,no
2026-10-05T03:13:29.464609Z,KXBTC15M-26OCT042315-15,0.0590,0.01,no
2026-10-05T03:13:29.468265Z,KXBTC15M-26OCT042315-15,0.0520,2.06,no
2026-10-05T03:13:29.470502Z,KXBTC15M-26OCT042315-15,0.0510,108.00,no
2026-10-05T03:13:29.470502Z,KXBTC15M-26OCT042315-15,0.0510,74.87,no
2026-10-05T03:13:29.470502Z,KXBTC15M-26OCT042315-15,0.0520,3.99,no
2026-10-05T03:13:29.479072Z,KXBTC15M-26OCT042315-15,0.0530,0.36,no
2026-10-05T03:13:29.484382Z,KXBTC15M-26OCT042315-15,0.0520,0.27,no
2026-10-05T03:13:29.484382Z,KXBTC15M-26OCT042315-15,0.0530,0.76,no
2026-10-05T03:13:29.527501Z,KXBTC15M-26OCT042315-15,0.0530,108.00,yes
2026-10-05T03:13:29.527985Z,KXBTC15M-26OCT042315-15,0.0510,23.61,no
2026-10-05T03:13:29.527985Z,KXBTC15M-26OCT042315-15,0.0520,0.05,no
2026-10-05T03:13:29.568626Z,KXBTC15M-26OCT042315-15,0.0520,5.00,no
2026-10-05T03:13:29.574655Z,KXBTC15M-26OCT042315-15,0.0500,9.79,no
2026-10-05T03:13:29.574655Z,KXBTC15M-26OCT042315-15,0.0500,250.00,no
2026-10-05T03:13:29.574655Z,KXBTC15M-26OCT042315-15,0.0500,10.00,no
2026-10-05T03:13:29.574655Z,KXBTC15M-26OCT042315-15,0.0500,120.00,no
2026-10-05T03:13:29.574655Z,KXBTC15M-26OCT042315-15,0.0500,780.00,no
2026-10-05T03:13:29.574655Z,KXBTC15M-26OCT042315-15,0.0500,50.00,no
2026-10-05T03:13:29.574655Z,KXBTC15M-26OCT042315-15,0.0480,22.15,no
2026-10-05T03:13:29.574655Z,KXBTC15M-26OCT042315-15,0.0510,12.00,no
2026-10-05T03:13:29.574655Z,KXBTC15M-26OCT042315-15,0.0510,107.00,no
2026-10-05T03:13:29.574655Z,KXBTC15M-26OCT042315-15,0.0520,1.12,no
2026-10-05T03:13:29.574655Z,KXBTC15M-26OCT042315-15,0.0520,29.00,no
2026-10-05T03:13:29.574655Z,KXBTC15M-26OCT042315-15,0.0510,131.00,no
2026-10-05T03:13:29.574655Z,KXBTC15M-26OCT042315-15,0.0510,9.52,no
2026-10-05T03:13:29.574655Z,KXBTC15M-26OCT042315-15,0.0520,400.00,no
2026-10-05T03:13:29.576256Z,KXBTC15M-26OCT042315-15,0.0530,8.00,yes
2026-10-05T03:13:29.576256Z,KXBTC15M-26OCT042315-15,0.0540,0.15,yes
2026-10-05T03:13:29.576256Z,KXBTC15M-26OCT042315-15,0.0530,0.01,yes
2026-10-05T03:13:29.576256Z,KXBTC15M-26OCT042315-15,0.0530,0.01,yes
2026-10-05T03:13:29.580281Z,KXBTC15M-26OCT042315-15,0.0540,8.00,yes
2026-10-05T03:13:29.625103Z,KXBTC15M-26OCT042315-15,0.0510,0.01,yes
2026-10-05T03:13:29.625103Z,KXBTC15M-26OCT042315-15,0.0520,31.98,yes
2026-10-05T03:13:29.625103Z,KXBTC15M-26OCT042315-15,0.0520,72.00,yes
2026-10-05T03:13:29.625103Z,KXBTC15M-26OCT042315-15,0.0510,0.01,yes
2026-10-05T03:13:29.632789Z,KXBTC15M-26OCT042315-15,0.0490,28.44,no
2026-10-05T03:13:29.632789Z,KXBTC15M-26OCT042315-15,0.0490,1.11,no
2026-10-05T03:13:29.658795Z,KXBTC15M-26OCT042315-15,0.0500,0.01,yes
2026-10-05T03:13:29.658795Z,KXBTC15M-26OCT042315-15,0.0510,0.01,yes
2026-10-05T03:13:29.658795Z,KXBTC15M-26OCT042315-15,0.0510,0.01,yes
2026-10-05T03:13:29.658795Z,KXBTC15M-26OCT042315-15,0.0500,0.01,yes
2026-10-05T03:13:29.658795Z,KXBTC15M-26OCT042315-15,0.0530,4.94,yes
2026-10-05T03:13:29.658795Z,KXBTC15M-26OCT042315-15,0.0520,0.01,yes
2026-10-05T03:13:29.658795Z,KXBTC15M-26OCT042315-15,0.0520,0.01,yes
2026-10-05T03:13:29.660549Z,KXBTC15M-26OCT042315-15,0.0490,0.01,no
2026-10-05T03:13:29.660549Z,KXBTC15M-26OCT042315-15,0.0490,83.73,no
2026-10-05T03:13:29.660549Z,KXBTC15M-26OCT042315-15,0.0490,0.01,no
2026-10-05T03:13:29.677727Z,KXBTC15M-26OCT042315-15,0.0500,10.01,no
2026-10-05T03:13:29.6821Z,KXBTC15M-26OCT042315-15,0.0520,188.00,yes
2026-10-05T03:13:29.733697Z,KXBTC15M-26OCT042315-15,0.0510,0.01,no
2026-10-05T03:13:29.733697Z,KXBTC15M-26OCT042315-15,0.0510,0.01,no
2026-10-05T03:13:29.733697Z,KXBTC15M-26OCT042315-15,0.0510,1.44,no
2026-10-05T03:13:29.733697Z,KXBTC15M-26OCT042315-15,0.0510,1.12,no
2026-10-05T03:13:29.736094Z,KXBTC15M-26OCT042315-15,0.0520,0.01,yes
2026-10-05T03:13:29.736094Z,KXBTC15M-26OCT042315-15,0.0520,0.50,yes
2026-10-05T03:13:29.736094Z,KXBTC15M-26OCT042315-15,0.0520,0.01,yes
2026-10-05T03:13:29.746564Z,KXBTC15M-26OCT042315-15,0.0510,5.18,no
2026-10-05T03:13:29.785667Z,KXBTC15M-26OCT042315-15,0.0510,155.56,no
2026-10-05T03:13:29.795254Z,KXBTC15M-26OCT042315-15,0.0510,0.01,no
2026-10-05T03:13:29.795254Z,KXBTC15M-26OCT042315-15,0.0510,237.82,no
2026-10-05T03:13:29.795254Z,KXBTC15M-26OCT042315-15,0.0480,23.72,no
2026-10-05T03:13:29.795254Z,KXBTC15M-26OCT042315-15,0.0500,0.01,no
2026-10-05T03:13:29.795254Z,KXBTC15M-26OCT042315-15,0.0510,0.01,no
2026-10-05T03:13:29.795254Z,KXBTC15M-26OCT042315-15,0.0500,0.01,no
2026-10-05T03:13:29.795254Z,KXBTC15M-26OCT042315-15,0.0510,1.11,no
2026-10-05T03:13:29.795418Z,KXBTC15M-26OCT042315-15,0.0480,31.10,no
2026-10-05T03:13:29.837394Z,KXBTC15M-26OCT042315-15,0.0510,34.00,no
2026-10-05T03:13:29.837394Z,KXBTC15M-26OCT042315-15,0.0510,0.01,no
2026-10-05T03:13:29.837394Z,KXBTC15M-26OCT042315-15,0.0510,69.69,no
2026-10-05T03:13:29.837394Z,KXBTC15M-26OCT042315-15,0.0510,0.01,no
2026-10-05T03:13:29.905633Z,KXBTC15M-26OCT042315-15,0.0510,1.11,no
2026-10-05T03:13:29.905633Z,KXBTC15M-26OCT042315-15,0.0510,0.20,no
2026-10-05T03:13:29.908894Z,KXBTC15M-26OCT042315-15,0.0520,0.01,yes
2026-10-05T03:13:29.908894Z,KXBTC15M-26OCT042315-15,0.0520,0.01,yes
2026-10-05T03:13:29.908894Z,KXBTC15M-26OCT042315-15,0.0530,29.98,yes
2026-10-05T03:13:29.918431Z,KXBTC15M-26OCT042315-15,0.0530,58.54,yes
2026-10-05T03:13:29.918431Z,KXBTC15M-26OCT042315-15,0.0530,12.00,yes
2026-10-05T03:13:29.918431Z,KXBTC15M-26OCT042315-15,0.0520,0.01,yes
2026-10-05T03:13:29.918431Z,KXBTC15M-26OCT042315-15,0.0530,49.08,yes
2026-10-05T03:13:29.927391Z,KXBTC15M-26OCT042315-15,0.0530,0.01,yes
2026-10-05T03:13:29.927391Z,KXBTC15M-26OCT042315-15,0.0540,12.98,yes
2026-10-05T03:13:29.927391Z,KXBTC15M-26OCT042315-15,0.0530,8.00,yes
2026-10-05T03:13:29.927391Z,KXBTC15M-26OCT042315-15,0.0520,9.00,yes
2026-10-05T03:13:29.927391Z,KXBTC15M-26OCT042315-15,0.0520,0.01,yes
2026-10-05T03:13:29.927849Z,KXBTC15M-26OCT042315-15,0.0540,30.00,yes
2026-10-05T03:13:29.930284Z,KXBTC15M-26OCT042315-15,0.0510,34.00,no
2026-10-05T03:13:29.930284Z,KXBTC15M-26OCT042315-15,0.0510,0.01,no
2026-10-05T03:13:29.930284Z,KXBTC15M-26OCT042315-15,0.0510,18.48,no
2026-10-05T03:13:29.931353Z,KXBTC15M-26OCT042315-15,0.0520,0.01,yes
2026-10-05T03:13:29.938237Z,KXBTC15M-26OCT042315-15,0.0530,0.01,yes
2026-10-05T03:13:29.938237Z,KXBTC15M-26OCT042315-15,0.0530,8.00,yes
2026-10-05T03:13:29.938237Z,KXBTC15M-26OCT042315-15,0.0540,9.95,yes
2026-10-05T03:13:29.939056Z,KXBTC15M-26OCT042315-15,0.0510,218.40,no
2026-10-05T03:13:29.939056Z,KXBTC15M-26OCT042315-15,0.0510,0.01,no
2026-10-05T03:13:29.939056Z,KXBTC15M-26OCT042315-15,0.0510,381.52,no
2026-10-05T03:13:29.943434Z,KXBTC15M-26OCT042315-15,0.0460,28.00,no
2026-10-05T03:13:29.943434Z,KXBTC15M-26OCT042315-15,0.0500,0.01,no
2026-10-05T03:13:29.943434Z,KXBTC15M-26OCT042315-15,0.0450,15.00,no
2026-10-05T03:13:29.943434Z,KXBTC15M-26OCT042315-15,0.0460,119.00,no
2026-10-05T03:13:29.943434Z,KXBTC15M-26OCT042315-15,0.0450,64.00,no
2026-10-05T03:13:29.943434Z,KXBTC15M-26OCT042315-15,0.0450,93.75,no
2026-10-05T03:13:29.943434Z,KXBTC15M-26OCT042315-15,0.0450,93.75,no
2026-10-05T03:13:29.943434Z,KXBTC15M-26OCT042315-15,0.0520,2.00,no
2026-10-05T03:13:29.943434Z,KXBTC15M-26OCT042315-15,0.0520,2.00,no
2026-10-05T03:13:29.943434Z,KXBTC15M-26OCT042315-15,0.0450,64.00,no
2026-10-05T03:13:29.943434Z,KXBTC15M-26OCT042315-15,0.0450,15.00,no
2026-10-05T03:13:29.943434Z,KXBTC15M-26OCT042315-15,0.0510,281.60,no
2026-10-05T03:13:29.943434Z,KXBTC15M-26OCT042315-15,0.0460,119.00,no
2026-10-05T03:13:29.943434Z,KXBTC15M-26OCT042315-15,0.0470,9.00,no
2026-10-05T03:13:29.94385Z,KXBTC15M-26OCT042315-15,0.0430,100.00,no
2026-10-05T03:13:29.943877Z,KXBTC15M-26OCT042315-15,0.0430,0.02,no
2026-10-05T03:13:29.961251Z,KXBTC15M-26OCT042315-15,0.0500,40.08,no
2026-10-05T03:13:29.961251Z,KXBTC15M-26OCT042315-15,0.0510,0.01,no
2026-10-05T03:13:29.961251Z,KXBTC15M-26OCT042315-15,0.0500,2.00,no
2026-10-05T03:13:29.961251Z,KXBTC15M-26OCT042315-15,0.0510,0.01,no
2026-10-05T03:13:29.961251Z,KXBTC15M-26OCT042315-15,0.0500,2.00,no
2026-10-05T03:13:29.966416Z,KXBTC15M-26OCT042315-15,0.0510,6.00,yes
2026-10-05T03:13:29.983172Z,KXBTC15M-26OCT042315-15,0.0450,1.99,no
2026-10-05T03:13:29.983172Z,KXBTC15M-26OCT042315-15,0.0480,0.01,no
2026-10-05T03:13:29.983206Z,KXBTC15M-26OCT042315-15,0.0450,0.01,no
2026-10-05T03:13:29.983206Z,KXBTC15M-26OCT042315-15,0.0450,2.00,no
2026-10-05T03:13:29.983206Z,KXBTC15M-26OCT042315-15,0.0440,0.55,no
2026-10-05T03:13:29.984275Z,KXBTC15M-26OCT042315-15,0.0490,5.83,yes
2026-10-05T03:13:29.993068Z,KXBTC15M-26OCT042315-15,0.0400,67.95,no
2026-10-05T03:13:29.993068Z,KXBTC15M-26OCT042315-15,0.0400,10.05,no
2026-10-05T03:13:29.998075Z,KXBTC15M-26OCT042315-15,0.0400,66.00,no
2026-10-05T03:13:29.998315Z,KXBTC15M-26OCT042315-15,0.0400,0.02,no
2026-10-05T03:13:29.998695Z,KXBTC15M-26OCT042315-15,0.0400,66.00,no
2026-10-05T03:13:29.99932Z,KXBTC15M-26OCT042315-15,0.0400,66.00,no
2026-10-05T03:13:30.006822Z,KXBTC15M-26OCT042315-15,0.0410,7.97,yes
2026-10-05T03:13:30.010997Z,KXBTC15M-26OCT042315-15,0.0400,22.37,no
2026-10-05T03:13:30.031202Z,KXBTC15M-26OCT042315-15,0.0400,1.01,no
2026-10-05T03:13:30.05756Z,KXBTC15M-26OCT042315-15,0.0400,17.11,no
2026-10-05T03:13:30.06761Z,KXBTC15M-26OCT042315-15,0.0400,25.91,no
2026-10-05T03:13:30.079515Z,KXBTC15M-26OCT042315-15,0.0400,192.11,no
2026-10-05T03:13:30.079515Z,KXBTC15M-26OCT042315-15,0.0400,25.00,no
2026-10-05T03:13:30.079515Z,KXBTC15M-26OCT042315-15,0.0400,6.31,no
2026-10-05T03:13:30.079515Z,KXBTC15M-26OCT042315-15,0.0400,19.58,no
2026-10-05T03:13:30.080363Z,KXBTC15M-26OCT042315-15,0.0410,142.03,yes
2026-10-05T03:13:30.080363Z,KXBTC15M-26OCT042315-15,0.0410,1198.58,yes
2026-10-05T03:13:30.104123Z,KXBTC15M-26OCT042315-15,0.0400,96.00,no
2026-10-05T03:13:30.113494Z,KXBTC15M-26OCT042315-15,0.0400,5.00,no
2026-10-05T03:13:30.145836Z,KXBTC15M-26OCT042315-15,0.0400,116.96,no
2026-10-05T03:13:30.190543Z,KXBTC15M-26OCT042315-15,0.0400,2.27,no
2026-10-05T03:13:30.19844Z,KXBTC15M-26OCT042315-15,0.0400,111.58,no
2026-10-05T03:13:30.206441Z,KXBTC15M-26OCT042315-15,0.0410,32.62,yes
2026-10-05T03:13:30.231908Z,KXBTC15M-26OCT042315-15,0.0400,4.46,no
2026-10-05T03:13:30.239521Z,KXBTC15M-26OCT042315-15,0.0350,10.00,no
2026-10-05T03:13:30.239521Z,KXBTC15M-26OCT042315-15,0.0340,1144.33,no
2026-10-05T03:13:30.239521Z,KXBTC15M-26OCT042315-15,0.0400,0.01,no
2026-10-05T03:13:30.239521Z,KXBTC15M-26OCT042315-15,0.0350,64.00,no
2026-10-05T03:13:30.239521Z,KXBTC15M-26OCT042315-15,0.0400,144.15,no
2026-10-05T03:13:30.284482Z,KXBTC15M-26OCT042315-15,0.0300,830.48,no
2026-10-05T03:13:30.284482Z,KXBTC15M-26OCT042315-15,0.0320,10.00,no
2026-10-05T03:13:30.284482Z,KXBTC15M-26OCT042315-15,0.0310,32.00,no
2026-10-05T03:13:30.284482Z,KXBTC15M-26OCT042315-15,0.0310,1.00,no
2026-10-05T03:13:30.284482Z,KXBTC15M-26OCT042315-15,0.0320,1.00,no
2026-10-05T03:13:30.284482Z,KXBTC15M-26OCT042315-15,0.0310,48.00,no
2026-10-05T03:13:30.284482Z,KXBTC15M-26OCT042315-15,0.0320,0.01,no
2026-10-05T03:13:30.321534Z,KXBTC15M-26OCT042315-15,0.0300,0.20,no
2026-10-05T03:13:30.321534Z,KXBTC15M-26OCT042315-15,0.0300,3.06,no
2026-10-05T03:13:30.321534Z,KXBTC15M-26OCT042315-15,0.0300,65.20,no
2026-10-05T03:13:30.352306Z,KXBTC15M-26OCT042315-15,0.0300,26.26,no
2026-10-05T03:13:30.357275Z,KXBTC15M-26OCT042315-15,0.0310,36.06,yes
2026-10-05T03:13:30.359525Z,KXBTC15M-26OCT042315-15,0.0300,41.30,no
2026-10-05T03:13:30.395642Z,KXBTC15M-26OCT042315-15,0.0300,10.00,no
2026-10-05T03:13:30.395642Z,KXBTC15M-26OCT042315-15,0.0300,25.00,no
2026-10-05T03:13:30.395642Z,KXBTC15M-26OCT042315-15,0.0300,267.24,no
2026-10-05T03:13:30.395642Z,KXBTC15M-26OCT042315-15,0.0300,130.14,no
2026-10-05T03:13:30.395642Z,KXBTC15M-26OCT042315-15,0.0300,112.68,no
2026-10-05T03:13:30.407874Z,KXBTC15M-26OCT042315-15,0.0300,9.59,no
2026-10-05T03:13:30.445511Z,KXBTC15M-26OCT042315-15,0.0310,29.71,yes
2026-10-05T03:13:30.448479Z,KXBTC15M-26OCT042315-15,0.0300,2.62,no
2026-10-05T03:13:30.470823Z,KXBTC15M-26OCT042315-15,0.0310,6.00,yes
2026-10-05T03:13:30.471325Z,KXBTC15M-26OCT042315-15,0.0300,8.55,no
2026-10-05T03:13:30.48617Z,KXBTC15M-26OCT042315-15,0.0310,11.42,yes
2026-10-05T03:13:30.489875Z,KXBTC15M-26OCT042315-15,0.0300,5.99,no
2026-10-05T03:13:30.503291Z,KXBTC15M-26OCT042315-15,0.0300,5.55,no
2026-10-05T03:13:30.513658Z,KXBTC15M-26OCT042315-15,0.0310,54.37,yes
2026-10-05T03:13:30.563548Z,KXBTC15M-26OCT042315-15,0.0300,3.81,no
2026-10-05T03:13:30.566569Z,KXBTC15M-26OCT042315-15,0.0310,30.00,yes
2026-10-05T03:13:30.583158Z,KXBTC15M-26OCT042315-15,0.0310,30.00,yes
2026-10-05T03:13:30.583767Z,KXBTC15M-26OCT042315-15,0.0300,4.00,no
2026-10-05T03:13:30.585817Z,KXBTC15M-26OCT042315-15,0.0310,30.00,yes
2026-10-05T03:13:30.606265Z,KXBTC15M-26OCT042315-15,0.0300,168.86,no
2026-10-05T03:13:30.6069Z,KXBTC15M-26OCT042315-15,0.0300,101.79,no
2026-10-05T03:13:30.660578Z,KXBTC15M-26OCT042315-15,0.0300,19.98,no
2026-10-05T03:13:30.688429Z,KXBTC15M-26OCT042315-15,0.0300,4.98,no
2026-10-05T03:13:30.703115Z,KXBTC15M-26OCT042315-15,0.0300,34.14,no
2026-10-05T03:13:30.703115Z,KXBTC15M-26OCT042315-15,0.0300,7.75,no
2026-10-05T03:13:30.707416Z,KXBTC15M-26OCT042315-15,0.0300,42.25,no
2026-10-05T03:13:30.707416Z,KXBTC15M-26OCT042315-15,0.0290,8.74,no
2026-10-05T03:13:30.707416Z,KXBTC15M-26OCT042315-15,0.0300,0.01,no
2026-10-05T03:13:30.710811Z,KXBTC15M-26OCT042315-15,0.0300,20.00,yes
2026-10-05T03:13:30.714157Z,KXBTC15M-26OCT042315-15,0.0290,16.34,no
2026-10-05T03:13:30.717725Z,KXBTC15M-26OCT042315-15,0.0290,16.42,no
2026-10-05T03:13:30.725195Z,KXBTC15M-26OCT042315-15,0.0300,114.28,yes
2026-10-05T03:13:30.727668Z,KXBTC15M-26OCT042315-15,0.0300,2.00,yes
2026-10-05T03:13:30.727668Z,KXBTC15M-26OCT042315-15,0.0300,15.72,yes
2026-10-05T03:13:30.727668Z,KXBTC15M-26OCT042315-15,0.0300,2.00,yes
2026-10-05T03:13:30.727668Z,KXBTC15M-26OCT042315-15,0.0300,0.01,yes
2026-10-05T03:13:30.727668Z,KXBTC15M-26OCT042315-15,0.0300,0.01,yes
2026-10-05T03:13:30.727668Z,KXBTC15M-26OCT042315-15,0.0300,25.97,yes
2026-10-05T03:13:30.753072Z,KXBTC15M-26OCT042315-15,0.0280,5.97,no
2026-10-05T03:13:30.753072Z,KXBTC15M-26OCT042315-15,0.0290,0.01,no
2026-10-05T03:13:30.753072Z,KXBTC15M-26OCT042315-15,0.0290,0.01,no
2026-10-05T03:13:30.770506Z,KXBTC15M-26OCT042315-15,0.0290,0.01,no
2026-10-05T03:13:30.771671Z,KXBTC15M-26OCT042315-15,0.0300,15.02,yes
2026-10-05T03:13:30.778955Z,KXBTC15M-26OCT042315-15,0.0290,33.99,no
2026-10-05T03:13:30.783104Z,KXBTC15M-26OCT042315-15,0.0280,120.12,no
2026-10-05T03:13:30.786813Z,KXBTC15M-26OCT042315-15,0.0280,45.98,no
2026-10-05T03:13:30.787151Z,KXBTC15M-26OCT042315-15,0.0280,5.55,no
2026-10-05T03:13:30.834125Z,KXBTC15M-26OCT042315-15,0.0280,0.01,no
2026-10-05T03:13:30.834125Z,KXBTC15M-26OCT042315-15,0.0280,45.00,no
2026-10-05T03:13:30.834125Z,KXBTC15M-26OCT042315-15,0.0260,196.88,no
2026-10-05T03:13:30.843225Z,KXBTC15M-26OCT042315-15,0.0250,2.00,no
2026-10-05T03:13:30.84405Z,KXBTC15M-26OCT042315-15,0.0250,44.01,no
2026-10-05T03:13:30.850894Z,KXBTC15M-26OCT042315-15,0.0280,28.60,no
2026-10-05T03:13:30.854938Z,KXBTC15M-26OCT042315-15,0.0280,0.01,no
2026-10-05T03:13:30.857363Z,KXBTC15M-26OCT042315-15,0.0290,0.01,yes
2026-10-05T03:13:30.857363Z,KXBTC15M-26OCT042315-15,0.0290,4.98,yes
2026-10-05T03:13:30.857363Z,KXBTC15M-26OCT042315-15,0.0290,0.01,yes
2026-10-05T03:13:30.862373Z,KXBTC15M-26OCT042315-15,0.0280,5.39,no
2026-10-05T03:13:30.874767Z,KXBTC15M-26OCT042315-15,0.0250,25.49,no
2026-10-05T03:13:30.874767Z,KXBTC15M-26OCT042315-15,0.0250,178.49,no
2026-10-05T03:13:30.874767Z,KXBTC15M-26OCT042315-15,0.0250,87.86,no
2026-10-05T03:13:30.874767Z,KXBTC15M-26OCT042315-15,0.0250,200.00,no
2026-10-05T03:13:30.875015Z,KXBTC15M-26OCT042315-15,0.0270,0.01,yes
2026-10-05T03:13:30.875015Z,KXBTC15M-26OCT042315-15,0.0270,0.01,yes
2026-10-05T03:13:30.875015Z,KXBTC15M-26OCT042315-15,0.0270,4.98,yes
2026-10-05T03:13:30.87629Z,KXBTC15M-26OCT042315-15,0.0270,5.00,yes
2026-10-05T03:13:30.889849Z,KXBTC15M-26OCT042315-15,0.0260,60.00,yes
2026-10-05T03:13:30.889849Z,KXBTC15M-26OCT042315-15,0.0260,6.86,yes
2026-10-05T03:13:30.889849Z,KXBTC15M-26OCT042315-15,0.0270,273.04,yes
2026-10-05T03:13:30.890924Z,KXBTC15M-26OCT042315-15,0.0250,221.51,no
2026-10-05T03:13:30.890924Z,KXBTC15M-26OCT042315-15,0.0250,150.00,no
2026-10-05T03:13:30.890924Z,KXBTC15M-26OCT042315-15,0.0250,0.01,no
2026-10-05T03:13:30.890924Z,KXBTC15M-26OCT042315-15,0.0250,200.00,no
2026-10-05T03:13:30.890924Z,KXBTC15M-26OCT042315-15,0.0250,500.00,no
2026-10-05T03:13:30.890924Z,KXBTC15M-26OCT042315-15,0.0250,0.01,no
2026-10-05T03:13:30.890924Z,KXBTC15M-26OCT042315-15,0.0250,10.00,no
2026-10-05T03:13:30.890924Z,KXBTC15M-26OCT042315-15,0.0240,160.00,no
2026-10-05T03:13:30.890924Z,KXBTC15M-26OCT042315-15,0.0240,1.00,no
2026-10-05T03:13:30.890924Z,KXBTC15M-26OCT042315-15,0.0240,130.99,no
2026-10-05T03:13:30.891131Z,KXBTC15M-26OCT042315-15,0.0240,0.42,no
2026-10-05T03:13:30.899295Z,KXBTC15M-26OCT042315-15,0.0260,17.85,yes
2026-10-05T03:13:30.900222Z,KXBTC15M-26OCT042315-15,0.0260,2.00,yes
2026-10-05T03:13:30.941688Z,KXBTC15M-26OCT042315-15,0.0250,5.12,no
2026-10-05T03:13:30.943254Z,KXBTC15M-26OCT042315-15,0.0250,6.01,no
2026-10-05T03:13:31.00679Z,KXBTC15M-26OCT042315-15,0.0250,4.92,no
2026-10-05T03:13:31.00679Z,KXBTC15M-26OCT042315-15,0.0250,22.87,no
2026-10-05T03:13:31.015752Z,KXBTC15M-26OCT042315-15,0.0250,2.25,no
2026-10-05T03:13:31.030503Z,KXBTC15M-26OCT042315-15,0.0250,49.00,no
2026-10-05T03:13:31.043977Z,KXBTC15M-26OCT042315-15,0.0250,14.82,no
2026-10-05T03:13:31.078464Z,KXBTC15M-26OCT042315-15,0.0250,31.39,no
2026-10-05T03:13:31.092282Z,KXBTC15M-26OCT042315-15,0.0260,2.68,yes
2026-10-05T03:13:31.092282Z,KXBTC15M-26OCT042315-15,0.0260,2.00,yes
2026-10-05T03:13:31.092282Z,KXBTC15M-26OCT042315-15,0.0260,0.01,yes
2026-10-05T03:13:31.092282Z,KXBTC15M-26OCT042315-15,0.0260,0.01,yes
2026-10-05T03:13:31.129841Z,KXBTC15M-26OCT042315-15,0.0260,70.48,yes
2026-10-05T03:13:31.129841Z,KXBTC15M-26OCT042315-15,0.0260,54.00,yes
2026-10-05T03:13:31.129841Z,KXBTC15M-26OCT042315-15,0.0260,117.32,yes
2026-10-05T03:13:31.145165Z,KXBTC15M-26OCT042315-15,0.0250,10.00,no
2026-10-05T03:13:31.145165Z,KXBTC15M-26OCT042315-15,0.0250,153.79,no
2026-10-05T03:13:31.145165Z,KXBTC15M-26OCT042315-15,0.0250,236.21,no
2026-10-05T03:13:31.149708Z,KXBTC15M-26OCT042315-15,0.0270,2.00,yes
2026-10-05T03:13:31.149708Z,KXBTC15M-26OCT042315-15,0.0270,11.80,yes
2026-10-05T03:13:31.149708Z,KXBTC15M-26OCT042315-15,0.0260,0.01,yes
2026-10-05T03:13:31.149708Z,KXBTC15M-26OCT042315-15,0.0260,0.01,yes
2026-10-05T03:13:31.149708Z,KXBTC15M-26OCT042315-15,0.0260,4.00,yes
2026-10-05T03:13:31.152384Z,KXBTC15M-26OCT042315-15,0.0270,8.48,yes
2026-10-05T03:13:31.175735Z,KXBTC15M-26OCT042315-15,0.0250,15.67,no
2026-10-05T03:13:31.178822Z,KXBTC15M-26OCT042315-15,0.0250,38.64,no
2026-10-05T03:13:31.1815Z,KXBTC15M-26OCT042315-15,0.0250,93.48,no
2026-10-05T03:13:31.190194Z,KXBTC15M-26OCT042315-15,0.0250,59.45,no
2026-10-05T03:13:31.190194Z,KXBTC15M-26OCT042315-15,0.0250,0.01,no
2026-10-05T03:13:31.190194Z,KXBTC15M-26OCT042315-15,0.0250,0.01,no
2026-10-05T03:13:31.19525Z,KXBTC15M-26OCT042315-15,0.0260,0.01,yes
2026-10-05T03:13:31.19525Z,KXBTC15M-26OCT042315-15,0.0260,8.06,yes
2026-10-05T03:13:31.219989Z,KXBTC15M-26OCT042315-15,0.0260,15.10,yes
2026-10-05T03:13:31.223027Z,KXBTC15M-26OCT042315-15,0.0250,20.13,no
2026-10-05T03:13:31.234216Z,KXBTC15M-26OCT042315-15,0.0250,23.12,no
2026-10-05T03:13:31.24951Z,KXBTC15M-26OCT042315-15,0.0250,87.28,no
2026-10-05T03:13:31.24951Z,KXBTC15M-26OCT042315-15,0.0250,117.30,no
2026-10-05T03:13:31.274567Z,KXBTC15M-26OCT042315-15,0.0260,20.00,yes
2026-10-05T03:13:31.276882Z,KXBTC15M-26OCT042315-15,0.0250,39.00,no
2026-10-05T03:13:31.276882Z,KXBTC15M-26OCT042315-15,0.0250,0.01,no
2026-10-05T03:13:31.276882Z,KXBTC15M-26OCT042315-15,0.0250,0.01,no
2026-10-05T03:13:31.276882Z,KXBTC15M-26OCT042315-15,0.0240,82.65,no
2026-10-05T03:13:31.284078Z,KXBTC15M-26OCT042315-15,0.0260,4.68,yes
2026-10-05T03:13:31.290862Z,KXBTC15M-26OCT042315-15,0.0250,5.00,no
2026-10-05T03:13:31.294282Z,KXBTC15M-26OCT042315-15,0.0250,0.01,no
2026-10-05T03:13:31.295728Z,KXBTC15M-26OCT042315-15,0.0260,2.00,yes
2026-10-05T03:13:31.305326Z,KXBTC15M-26OCT042315-15,0.0250,1.02,no
2026-10-05T03:13:31.318238Z,KXBTC15M-26OCT042315-15,0.0250,14.32,no
2026-10-05T03:13:31.347917Z,KXBTC15M-26OCT042315-15,0.0250,8.95,no
2026-10-05T03:13:31.356284Z,KXBTC15M-26OCT042315-15,0.0260,4.98,yes
2026-10-05T03:13:31.356284Z,KXBTC15M-26OCT042315-15,0.0260,0.01,yes
2026-10-05T03:13:31.371235Z,KXBTC15M-26OCT042315-15,0.0260,32.28,yes
2026-10-05T03:13:31.37987Z,KXBTC15M-26OCT042315-15,0.0260,25.00,yes
2026-10-05T03:13:31.383512Z,KXBTC15M-26OCT042315-15,0.0260,180.03,yes
2026-10-05T03:13:31.385971Z,KXBTC15M-26OCT042315-15,0.0250,0.01,no
2026-10-05T03:13:31.385971Z,KXBTC15M-26OCT042315-15,0.0250,4.70,no
2026-10-05T03:13:31.385971Z,KXBTC15M-26OCT042315-15,0.0250,0.01,no
2026-10-05T03:13:31.385971Z,KXBTC15M-26OCT042315-15,0.0240,6.08,no
2026-10-05T03:13:31.412316Z,KXBTC15M-26OCT042315-15,0.0240,1.29,no
2026-10-05T03:13:31.412316Z,KXBTC15M-26OCT042315-15,0.0240,0.01,no
2026-10-05T03:13:31.412316Z,KXBTC15M-26OCT042315-15,0.0240,2.00,no
2026-10-05T03:13:31.412316Z,KXBTC15M-26OCT042315-15,0.0240,0.01,no
2026-10-05T03:13:31.494415Z,KXBTC15M-26OCT042315-15,0.0240,13.55,yes
2026-10-05T03:13:31.496249Z,KXBTC15M-26OCT042315-15,0.0240,51.80,yes
2026-10-05T03:13:31.56192Z,KXBTC15M-26OCT042315-15,0.0240,20.00,yes
2026-10-05T03:13:31.566515Z,KXBTC15M-26OCT042315-15,0.0240,11.88,yes
2026-10-05T03:13:31.574803Z,KXBTC15M-26OCT042315-15,0.0240,2.40,yes
2026-10-05T03:13:31.580206Z,KXBTC15M-26OCT042315-15,0.0230,26.93,no
2026-10-05T03:13:31.580206Z,KXBTC15M-26OCT042315-15,0.0230,1.00,no
2026-10-05T03:13:31.610043Z,KXBTC15M-26OCT042315-15,0.0230,34.00,no
2026-10-05T03:13:31.610043Z,KXBTC15M-26OCT042315-15,0.0220,330.00,no
2026-10-05T03:13:31.610043Z,KXBTC15M-26OCT042315-15,0.0220,1.00,no
2026-10-05T03:13:31.610043Z,KXBTC15M-26OCT042315-15,0.0220,587.28,no
2026-10-05T03:13:31.6259Z,KXBTC15M-26OCT042315-15,0.0230,18.00,no
2026-10-05T03:13:31.631374Z,KXBTC15M-26OCT042315-15,0.0240,0.99,yes
2026-10-05T03:13:31.631374Z,KXBTC15M-26OCT042315-15,0.0240,0.01,yes
2026-10-05T03:13:31.631374Z,KXBTC15M-26OCT042315-15,0.0240,0.01,yes
2026-10-05T03:13:31.683352Z,KXBTC15M-26OCT042315-15,0.0240,5.00,yes
2026-10-05T03:13:31.692467Z,KXBTC15M-26OCT042315-15,0.0230,0.01,no
2026-10-05T03:13:31.692467Z,KXBTC15M-26OCT042315-15,0.0220,2.00,no
2026-10-05T03:13:31.692467Z,KXBTC15M-26OCT042315-15,0.0220,2.59,no
2026-10-05T03:13:31.713905Z,KXBTC15M-26OCT042315-15,0.0240,116.88,yes
2026-10-05T03:13:31.728167Z,KXBTC15M-26OCT042315-15,0.0240,74.89,yes
2026-10-05T03:13:31.743586Z,KXBTC15M-26OCT042315-15,0.0240,1.02,yes
2026-10-05T03:13:31.750827Z,KXBTC15M-26OCT042315-15,0.0230,34.00,no
2026-10-05T03:13:31.750827Z,KXBTC15M-26OCT042315-15,0.0220,20.00,no
2026-10-05T03:13:31.753788Z,KXBTC15M-26OCT042315-15,0.0220,10.56,no
2026-10-05T03:13:31.791944Z,KXBTC15M-26OCT042315-15,0.0220,0.01,no
2026-10-05T03:13:31.791944Z,KXBTC15M-26OCT042315-15,0.0220,204.22,no
2026-10-05T03:13:31.798881Z,KXBTC15M-26OCT042315-15,0.0220,54.55,no
2026-10-05T03:13:31.798881Z,KXBTC15M-26OCT042315-15,0.0220,45.78,no
2026-10-05T03:13:31.829635Z,KXBTC15M-26OCT042315-15,0.0220,5.10,no
2026-10-05T03:13:31.845689Z,KXBTC15M-26OCT042315-15,0.0230,21.96,yes
2026-10-05T03:13:31.856488Z,KXBTC15M-26OCT042315-15,0.0220,18.60,no
2026-10-05T03:13:31.856488Z,KXBTC15M-26OCT042315-15,0.0220,28.90,no
2026-10-05T03:13:31.896969Z,KXBTC15M-26OCT042315-15,0.0230,12.00,yes
2026-10-05T03:13:31.896969Z,KXBTC15M-26OCT042315-15,0.0230,0.01,yes
2026-10-05T03:13:31.896969Z,KXBTC15M-26OCT042315-15,0.0230,200.00,yes
2026-10-05T03:13:31.896969Z,KXBTC15M-26OCT042315-15,0.0230,0.01,yes
2026-10-05T03:13:31.896969Z,KXBTC15M-26OCT042315-15,0.0230,138.52,yes
2026-10-05T03:13:31.902941Z,KXBTC15M-26OCT042315-15,0.0230,20.00,yes
2026-10-05T03:13:31.925028Z,KXBTC15M-26OCT042315-15,0.0220,1.02,no
2026-10-05T03:13:31.928998Z,KXBTC15M-26OCT042315-15,0.0230,151.04,yes
2026-10-05T03:13:31.938042Z,KXBTC15M-26OCT042315-15,0.0220,53.05,no
2026-10-05T03:13:31.947185Z,KXBTC15M-26OCT042315-15,0.0220,103.74,no
2026-10-05T03:13:31.955031Z,KXBTC15M-26OCT042315-15,0.0220,50.00,no
2026-10-05T03:13:31.955315Z,KXBTC15M-26OCT042315-15,0.0230,5.00,yes
2026-10-05T03:13:31.985892Z,KXBTC15M-26OCT042315-15,0.0230,112.56,yes
2026-10-05T03:13:31.985892Z,KXBTC15M-26OCT042315-15,0.0230,2.00,yes
2026-10-05T03:13:31.985892Z,KXBTC15M-26OCT042315-15,0.0230,85.44,yes
2026-10-05T03:13:31.996486Z,KXBTC15M-26OCT042315-15,0.0210,9.00,no
2026-10-05T03:13:31.996486Z,KXBTC15M-26OCT042315-15,0.0200,150.00,no
2026-10-05T03:13:31.996486Z,KXBTC15M-26OCT042315-15,0.0200,5.68,no
2026-10-05T03:13:31.996486Z,KXBTC15M-26OCT042315-15,0.0200,204.24,no
2026-10-05T03:13:31.996486Z,KXBTC15M-26OCT042315-15,0.0200,2.32,no
2026-10-05T03:13:31.996486Z,KXBTC15M-26OCT042315-15,0.0200,27.04,no
2026-10-05T03:13:31.996486Z,KXBTC15M-26OCT042315-15,0.0200,1.00,no
2026-10-05T03:13:31.996486Z,KXBTC15M-26OCT042315-15,0.0200,119.06,no
2026-10-05T03:13:31.996486Z,KXBTC15M-26OCT042315-15,0.0200,23.59,no
2026-10-05T03:13:31.996486Z,KXBTC15M-26OCT042315-15,0.0210,10.00,no
2026-10-05T03:13:31.996486Z,KXBTC15M-26OCT042315-15,0.0200,56.95,no
2026-10-05T03:13:31.996486Z,KXBTC15M-26OCT042315-15,0.0200,50.00,no
2026-10-05T03:13:31.996486Z,KXBTC15M-26OCT042315-15,0.0200,1.00,no
2026-10-05T03:13:31.996486Z,KXBTC15M-26OCT042315-15,0.0200,50.00,no
2026-10-05T03:13:31.996486Z,KXBTC15M-26OCT042315-15,0.0200,19.00,no
2026-10-05T03:13:31.996486Z,KXBTC15M-26OCT042315-15,0.0210,261.00,no
2026-10-05T03:13:31.996486Z,KXBTC15M-26OCT042315-15,0.0210,150.00,no
2026-10-05T03:13:31.996486Z,KXBTC15M-26OCT042315-15,0.0200,258.59,no
2026-10-05T03:13:31.996486Z,KXBTC15M-26OCT042315-15,0.0210,120.00,no
2026-10-05T03:13:31.996486Z,KXBTC15M-26OCT042315-15,0.0200,2.00,no
2026-10-05T03:13:31.996486Z,KXBTC15M-26OCT042315-15,0.0200,2.00,no
2026-10-05T03:13:31.996486Z,KXBTC15M-26OCT042315-15,0.0210,2.00,no
2026-10-05T03:13:31.996486Z,KXBTC15M-26OCT042315-15,0.0210,38.44,no
2026-10-05T03:13:31.996486Z,KXBTC15M-26OCT042315-15,0.0220,0.01,no
2026-10-05T03:13:31.996486Z,KXBTC15M-26OCT042315-15,0.0210,11.00,no
2026-10-05T03:13:31.996486Z,KXBTC15M-26OCT042315-15,0.0200,87.47,no
2026-10-05T03:13:31.996486Z,KXBTC15M-26OCT042315-15,0.0200,25.54,no
2026-10-05T03:13:31.996486Z,KXBTC15M-26OCT042315-15,0.0200,330.00,no
2026-10-05T03:13:31.996486Z,KXBTC15M-26OCT042315-15,0.0200,44.25,no
2026-10-05T03:13:31.996486Z,KXBTC15M-26OCT042315-15,0.0200,11.00,no
2026-10-05T03:13:31.996486Z,KXBTC15M-26OCT042315-15,0.0200,3.00,no
2026-10-05T03:13:31.996486Z,KXBTC15M-26OCT042315-15,0.0210,1.00,no
2026-10-05T03:13:31.996486Z,KXBTC15M-26OCT042315-15,0.0200,25.00,no
2026-10-05T03:13:31.996486Z,KXBTC15M-26OCT042315-15,0.0200,10.00,no
2026-10-05T03:13:31.996486Z,KXBTC15M-26OCT042315-15,0.0210,1.00,no
2026-10-05T03:13:31.996486Z,KXBTC15M-26OCT042315-15,0.0200,1.00,no
2026-10-05T03:13:31.996486Z,KXBTC15M-26OCT042315-15,0.0200,47.39,no
2026-10-05T03:13:31.996486Z,KXBTC15M-26OCT042315-15,0.0200,2.72,no
2026-10-05T03:13:31.996486Z,KXBTC15M-26OCT042315-15,0.0200,11.50,no
2026-10-05T03:13:31.996486Z,KXBTC15M-26OCT042315-15,0.0200,2.00,no
2026-10-05T03:13:31.996486Z,KXBTC15M-26OCT042315-15,0.0200,1.20,no
2026-10-05T03:13:31.996486Z,KXBTC15M-26OCT042315-15,0.0200,0.95,no
2026-10-05T03:13:31.996486Z,KXBTC15M-26OCT042315-15,0.0200,245.91,no
2026-10-05T03:13:31.996486Z,KXBTC15M-26OCT042315-15,0.0200,15.71,no
2026-10-05T03:13:32.020342Z,KXBTC15M-26OCT042315-15,0.0210,9.75,yes
2026-10-05T03:13:32.023199Z,KXBTC15M-26OCT042315-15,0.0220,39.00,yes
2026-10-05T03:13:32.058698Z,KXBTC15M-26OCT042315-15,0.0210,2.00,yes
2026-10-05T03:13:32.058698Z,KXBTC15M-26OCT042315-15,0.0210,0.01,yes
2026-10-05T03:13:32.058698Z,KXBTC15M-26OCT042315-15,0.0210,14.73,yes
2026-10-05T03:13:32.058698Z,KXBTC15M-26OCT042315-15,0.0210,13.00,yes
2026-10-05T03:13:32.058698Z,KXBTC15M-26OCT042315-15,0.0210,0.01,yes
2026-10-05T03:13:32.072363Z,KXBTC15M-26OCT042315-15,0.0210,70.04,yes
2026-10-05T03:13:32.072363Z,KXBTC15M-26OCT042315-15,0.0210,9.27,yes
2026-10-05T03:13:32.072363Z,KXBTC15M-26OCT042315-15,0.0210,24.00,yes
2026-10-05T03:13:32.096359Z,KXBTC15M-26OCT042315-15,0.0200,3.65,no
2026-10-05T03:13:32.097999Z,KXBTC15M-26OCT042315-15,0.0210,54.82,yes
2026-10-05T03:13:32.121774Z,KXBTC15M-26OCT042315-15,0.0210,15.95,yes
2026-10-05T03:13:32.183225Z,KXBTC15M-26OCT042315-15,0.0190,12.69,no
2026-10-05T03:13:32.183225Z,KXBTC15M-26OCT042315-15,0.0200,46.35,no
2026-10-05T03:13:32.183225Z,KXBTC15M-26OCT042315-15,0.0200,0.01,no
2026-10-05T03:13:32.183225Z,KXBTC15M-26OCT042315-15,0.0200,0.01,no
2026-10-05T03:13:32.183225Z,KXBTC15M-26OCT042315-15,0.0200,15.00,no
2026-10-05T03:13:32.183225Z,KXBTC15M-26OCT042315-15,0.0190,1.00,no
2026-10-05T03:13:32.194576Z,KXBTC15M-26OCT042315-15,0.0190,137.31,no
2026-10-05T03:13:32.194576Z,KXBTC15M-26OCT042315-15,0.0190,43.57,no
2026-10-05T03:13:32.194576Z,KXBTC15M-26OCT042315-15,0.0190,50.00,no
2026-10-05T03:13:32.215291Z,KXBTC15M-26OCT042315-15,0.0190,1.07,no
2026-10-05T03:13:32.233948Z,KXBTC15M-26OCT042315-15,0.0190,26.26,no
2026-10-05T03:13:32.241316Z,KXBTC15M-26OCT042315-15,0.0200,81.39,yes
2026-10-05T03:13:32.273402Z,KXBTC15M-26OCT042315-15,0.0180,29.47,no
2026-10-05T03:13:32.273402Z,KXBTC15M-26OCT042315-15,0.0190,17.00,no
2026-10-05T03:13:32.273402Z,KXBTC15M-26OCT042315-15,0.0180,1.00,no
2026-10-05T03:13:32.2739Z,KXBTC15M-26OCT042315-15,0.0170,0.26,no
2026-10-05T03:13:32.2739Z,KXBTC15M-26OCT042315-15,0.0180,120.53,no
2026-10-05T03:13:32.2739Z,KXBTC15M-26OCT042315-15,0.0180,150.00,no
2026-10-05T03:13:32.2739Z,KXBTC15M-26OCT042315-15,0.0180,150.00,no
2026-10-05T03:13:32.2739Z,KXBTC15M-26OCT042315-15,0.0180,17.00,no
2026-10-05T03:13:32.2739Z,KXBTC15M-26OCT042315-15,0.0180,2.00,no
2026-10-05T03:13:32.2739Z,KXBTC15M-26OCT042315-15,0.0170,1.00,no
2026-10-05T03:13:32.306115Z,KXBTC15M-26OCT042315-15,0.0200,0.01,yes
2026-10-05T03:13:32.306115Z,KXBTC15M-26OCT042315-15,0.0200,2.00,yes
2026-10-05T03:13:32.306115Z,KXBTC15M-26OCT042315-15,0.0200,12.69,yes
2026-10-05T03:13:32.306115Z,KXBTC15M-26OCT042315-15,0.0200,24.56,yes
2026-10-05T03:13:32.306115Z,KXBTC15M-26OCT042315-15,0.0200,0.01,yes
2026-10-05T03:13:32.306115Z,KXBTC15M-26OCT042315-15,0.0200,15.00,yes
2026-10-05T03:13:32.306115Z,KXBTC15M-26OCT042315-15,0.0200,296.75,yes
2026-10-05T03:13:32.331038Z,KXBTC15M-26OCT042315-15,0.0170,68.48,no
2026-10-05T03:13:32.331038Z,KXBTC15M-26OCT042315-15,0.0190,15.00,no
2026-10-05T03:13:32.331038Z,KXBTC15M-26OCT042315-15,0.0190,0.01,no
2026-10-05T03:13:32.331038Z,KXBTC15M-26OCT042315-15,0.0180,17.00,no
2026-10-05T03:13:32.331038Z,KXBTC15M-26OCT042315-15,0.0190,0.01,no
2026-10-05T03:13:32.331038Z,KXBTC15M-26OCT042315-15,0.0190,17.00,no
2026-10-05T03:13:32.331038Z,KXBTC15M-26OCT042315-15,0.0180,40.00,no
2026-10-05T03:13:32.331038Z,KXBTC15M-26OCT042315-15,0.0180,200.00,no
2026-10-05T03:13:32.331038Z,KXBTC15M-26OCT042315-15,0.0180,150.00,no
2026-10-05T03:13:32.34583Z,KXBTC15M-26OCT042315-15,0.0170,81.26,no
2026-10-05T03:13:32.34583Z,KXBTC15M-26OCT042315-15,0.0180,17.00,no
2026-10-05T03:13:32.34583Z,KXBTC15M-26OCT042315-15,0.0170,1.74,no
2026-10-05T03:13:32.359918Z,KXBTC15M-26OCT042315-15,0.0180,150.00,no
2026-10-05T03:13:32.359918Z,KXBTC15M-26OCT042315-15,0.0190,34.00,no
2026-10-05T03:13:32.359918Z,KXBTC15M-26OCT042315-15,0.0180,156.62,no
2026-10-05T03:13:32.36528Z,KXBTC15M-26OCT042315-15,0.0220,228.00,yes
2026-10-05T03:13:32.36528Z,KXBTC15M-26OCT042315-15,0.0200,81.26,yes
2026-10-05T03:13:32.36528Z,KXBTC15M-26OCT042315-15,0.0200,200.00,yes
2026-10-05T03:13:32.36528Z,KXBTC15M-26OCT042315-15,0.0200,290.83,yes
2026-10-05T03:13:32.36528Z,KXBTC15M-26OCT042315-15,0.0210,0.02,yes
2026-10-05T03:13:32.36528Z,KXBTC15M-26OCT042315-15,0.0200,0.01,yes
2026-10-05T03:13:32.36528Z,KXBTC15M-26OCT042315-15,0.0220,0.02,yes
2026-10-05T03:13:32.36528Z,KXBTC15M-26OCT042315-15,0.0210,24.00,yes
2026-10-05T03:13:32.36528Z,KXBTC15M-26OCT042315-15,0.0230,0.02,yes
2026-10-05T03:13:32.36528Z,KXBTC15M-26OCT042315-15,0.0210,200.00,yes
2026-10-05T03:13:32.36528Z,KXBTC15M-26OCT042315-15,0.0200,112.75,yes
2026-10-05T03:13:32.36528Z,KXBTC15M-26OCT042315-15,0.0210,9.19,yes
2026-10-05T03:13:32.36528Z,KXBTC15M-26OCT042315-15,0.0210,15.00,yes
2026-10-05T03:13:32.36528Z,KXBTC15M-26OCT042315-15,0.0230,267.86,yes
2026-10-05T03:13:32.36528Z,KXBTC15M-26OCT042315-15,0.0200,0.26,yes
2026-10-05T03:13:32.36528Z,KXBTC15M-26OCT042315-15,0.0220,12.00,yes
2026-10-05T03:13:32.36528Z,KXBTC15M-26OCT042315-15,0.0220,18.00,yes
2026-10-05T03:13:32.36528Z,KXBTC15M-26OCT042315-15,0.0220,42.00,yes
2026-10-05T03:13:32.36528Z,KXBTC15M-26OCT042315-15,0.0200,0.01,yes
2026-10-05T03:13:32.36528Z,KXBTC15M-26OCT042315-15,0.0220,18.00,yes
2026-10-05T03:13:32.36528Z,KXBTC15M-26OCT042315-15,0.0200,29.47,yes
2026-10-05T03:13:32.36528Z,KXBTC15M-26OCT042315-15,0.0200,120.53,yes
2026-10-05T03:13:32.36528Z,KXBTC15M-26OCT042315-15,0.0200,500.00,yes
2026-10-05T03:13:32.404882Z,KXBTC15M-26OCT042315-15,0.0200,2.17,yes
2026-10-05T03:13:32.443193Z,KXBTC15M-26OCT042315-15,0.0190,17.00,no
2026-10-05T03:13:32.443193Z,KXBTC15M-26OCT042315-15,0.0170,17.00,no
2026-10-05T03:13:32.443193Z,KXBTC15M-26OCT042315-15,0.0190,0.01,no
2026-10-05T03:13:32.443193Z,KXBTC15M-26OCT042315-15,0.0170,150.00,no
2026-10-05T03:13:32.443193Z,KXBTC15M-26OCT042315-15,0.0170,12.00,no
2026-10-05T03:13:32.443193Z,KXBTC15M-26OCT042315-15,0.0190,0.01,no
2026-10-05T03:13:32.443193Z,KXBTC15M-26OCT042315-15,0.0170,183.13,no
2026-10-05T03:13:32.452632Z,KXBTC15M-26OCT042315-15,0.0200,0.54,yes
2026-10-05T03:13:32.453868Z,KXBTC15M-26OCT042315-15,0.0200,0.01,yes
2026-10-05T03:13:32.453868Z,KXBTC15M-26OCT042315-15,0.0200,12.29,yes
2026-10-05T03:13:32.453868Z,KXBTC15M-26OCT042315-15,0.0200,0.01,yes
2026-10-05T03:13:32.453868Z,KXBTC15M-26OCT042315-15,0.0200,30.06,yes
2026-10-05T03:13:32.453868Z,KXBTC15M-26OCT042315-15,0.0200,15.00,yes
2026-10-05T03:13:32.504083Z,KXBTC15M-26OCT042315-15,0.0190,15.00,no
2026-10-05T03:13:32.504083Z,KXBTC15M-26OCT042315-15,0.0180,0.01,no
2026-10-05T03:13:32.504083Z,KXBTC15M-26OCT042315-15,0.0180,17.00,no
2026-10-05T03:13:32.504083Z,KXBTC15M-26OCT042315-15,0.0190,34.00,no
2026-10-05T03:13:32.504083Z,KXBTC15M-26OCT042315-15,0.0190,15.00,no
2026-10-05T03:13:32.504083Z,KXBTC15M-26OCT042315-15,0.0180,0.01,no
2026-10-05T03:13:32.504083Z,KXBTC15M-26OCT042315-15,0.0180,18.98,no
2026-10-05T03:13:32.505055Z,KXBTC15M-26OCT042315-15,0.0200,15.00,yes
2026-10-05T03:13:32.50546Z,KXBTC15M-26OCT042315-15,0.0200,89.04,yes
2026-10-05T03:13:32.527742Z,KXBTC15M-26OCT042315-15,0.0200,3.00,yes
2026-10-05T03:13:32.537266Z,KXBTC15M-26OCT042315-15,0.0170,12.00,no
2026-10-05T03:13:32.537266Z,KXBTC15M-26OCT042315-15,0.0190,17.00,no
2026-10-05T03:13:32.537266Z,KXBTC15M-26OCT042315-15,0.0170,150.00,no
2026-10-05T03:13:32.537266Z,KXBTC15M-26OCT042315-15,0.0170,17.00,no
2026-10-05T03:13:32.537266Z,KXBTC15M-26OCT042315-15,0.0180,305.00,no
2026-10-05T03:13:32.537266Z,KXBTC15M-26OCT042315-15,0.0180,181.02,no
2026-10-05T03:13:32.537266Z,KXBTC15M-26OCT042315-15,0.0170,200.00,no
2026-10-05T03:13:32.537266Z,KXBTC15M-26OCT042315-15,0.0170,150.00,no
2026-10-05T03:13:32.537266Z,KXBTC15M-26OCT042315-15,0.0160,384.00,no
2026-10-05T03:13:32.537266Z,KXBTC15M-26OCT042315-15,0.0160,42.98,no
2026-10-05T03:13:32.537266Z,KXBTC15M-26OCT042315-15,0.0160,660.00,no
2026-10-05T03:13:32.537266Z,KXBTC15M-26OCT042315-15,0.0160,836.00,no
2026-10-05T03:13:32.537266Z,KXBTC15M-26OCT042315-15,0.0160,384.00,no
2026-10-05T03:13:32.540328Z,KXBTC15M-26OCT042315-15,0.0200,124.75,yes
2026-10-05T03:13:32.543863Z,KXBTC15M-26OCT042315-15,0.0220,318.00,yes
2026-10-05T03:13:32.543863Z,KXBTC15M-26OCT042315-15,0.0200,200.00,yes
2026-10-05T03:13:32.543863Z,KXBTC15M-26OCT042315-15,0.0200,138.15,yes
2026-10-05T03:13:32.543863Z,KXBTC15M-26OCT042315-15,0.0230,1875.43,yes
2026-10-05T03:13:32.543863Z,KXBTC15M-26OCT042315-15,0.0200,0.01,yes
2026-10-05T03:13:32.543863Z,KXBTC15M-26OCT042315-15,0.0200,0.02,yes
2026-10-05T03:13:32.543863Z,KXBTC15M-26OCT042315-15,0.0210,200.00,yes
2026-10-05T03:13:32.543863Z,KXBTC15M-26OCT042315-15,0.0220,12.00,yes
2026-10-05T03:13:32.543863Z,KXBTC15M-26OCT042315-15,0.0200,500.00,yes
2026-10-05T03:13:32.543863Z,KXBTC15M-26OCT042315-15,0.0200,15.00,yes
2026-10-05T03:13:32.543863Z,KXBTC15M-26OCT042315-15,0.0200,0.01,yes
2026-10-05T03:13:32.543863Z,KXBTC15M-26OCT042315-15,0.0210,267.34,yes
2026-10-05T03:13:32.543863Z,KXBTC15M-26OCT042315-15,0.0220,12.00,yes
2026-10-05T03:13:32.547668Z,KXBTC15M-26OCT042315-15,0.0180,6.00,no
2026-10-05T03:13:32.547668Z,KXBTC15M-26OCT042315-15,0.0190,17.00,no
2026-10-05T03:13:32.547668Z,KXBTC15M-26OCT042315-15,0.0180,17.00,no
2026-10-05T03:13:32.574917Z,KXBTC15M-26OCT042315-15,0.0190,1.06,yes
2026-10-05T03:13:32.598854Z,KXBTC15M-26OCT042315-15,0.0180,20.64,no
2026-10-05T03:13:32.609995Z,KXBTC15M-26OCT042315-15,0.0190,0.01,yes
2026-10-05T03:13:32.609995Z,KXBTC15M-26OCT042315-15,0.0190,836.00,yes
2026-10-05T03:13:32.609995Z,KXBTC15M-26OCT042315-15,0.0190,2.00,yes
2026-10-05T03:13:32.609995Z,KXBTC15M-26OCT042315-15,0.0190,13.94,yes
2026-10-05T03:13:32.609995Z,KXBTC15M-26OCT042315-15,0.0190,68.48,yes
2026-10-05T03:13:32.609995Z,KXBTC15M-26OCT042315-15,0.0190,0.01,yes
2026-10-05T03:13:32.609995Z,KXBTC15M-26OCT042315-15,0.0190,176.65,yes
2026-10-05T03:13:32.633707Z,KXBTC15M-26OCT042315-15,0.0190,0.01,yes
2026-10-05T03:13:32.633707Z,KXBTC15M-26OCT042315-15,0.0200,222.80,yes
2026-10-05T03:13:32.633707Z,KXBTC15M-26OCT042315-15,0.0190,0.01,yes
2026-10-05T03:13:32.636261Z,KXBTC15M-26OCT042315-15,0.0180,17.11,no
2026-10-05T03:13:32.636868Z,KXBTC15M-26OCT042315-15,0.0200,73.99,yes
2026-10-05T03:13:32.639654Z,KXBTC15M-26OCT042315-15,0.0180,2.60,no
2026-10-05T03:13:32.66581Z,KXBTC15M-26OCT042315-15,0.0190,0.01,yes
2026-10-05T03:13:32.66581Z,KXBTC15M-26OCT042315-15,0.0200,87.21,yes
2026-10-05T03:13:32.66581Z,KXBTC15M-26OCT042315-15,0.0190,0.01,yes
2026-10-05T03:13:32.66581Z,KXBTC15M-26OCT042315-15,0.0190,13.00,yes
2026-10-05T03:13:32.66581Z,KXBTC15M-26OCT042315-15,0.0200,199.77,yes
2026-10-05T03:13:32.666999Z,KXBTC15M-26OCT042315-15,0.0200,46.79,yes
2026-10-05T03:13:32.668457Z,KXBTC15M-26OCT042315-15,0.0200,31.02,yes
2026-10-05T03:13:32.670083Z,KXBTC15M-26OCT042315-15,0.0200,104.78,yes
2026-10-05T03:13:32.685756Z,KXBTC15M-26OCT042315-15,0.0190,249.03,no
2026-10-05T03:13:32.745594Z,KXBTC15M-26OCT042315-15,0.0190,182.66,no
2026-10-05T03:13:32.753617Z,KXBTC15M-26OCT042315-15,0.0190,151.18,no
2026-10-05T03:13:32.757129Z,KXBTC15M-26OCT042315-15,0.0200,1.64,yes
2026-10-05T03:13:32.757129Z,KXBTC15M-26OCT042315-15,0.0200,42.98,yes
2026-10-05T03:13:32.757129Z,KXBTC15M-26OCT042315-15,0.0200,401.03,yes
2026-10-05T03:13:32.800106Z,KXBTC15M-26OCT042315-15,0.0190,15.76,no
2026-10-05T03:13:32.812537Z,KXBTC15M-26OCT042315-15,0.0200,348.97,yes
2026-10-05T03:13:32.812537Z,KXBTC15M-26OCT042315-15,0.0200,29.65,yes
2026-10-05T03:13:32.829081Z,KXBTC15M-26OCT042315-15,0.0190,3.11,no
2026-10-05T03:13:32.839499Z,KXBTC15M-26OCT042315-15,0.0190,9.21,no
2026-10-05T03:13:32.894084Z,KXBTC15M-26OCT042315-15,0.0190,78.49,no
2026-10-05T03:13:32.897941Z,KXBTC15M-26OCT042315-15,0.0200,0.02,yes
2026-10-05T03:13:32.897941Z,KXBTC15M-26OCT042315-15,0.0200,0.01,yes
2026-10-05T03:13:32.897941Z,KXBTC15M-26OCT042315-15,0.0210,429.00,yes
2026-10-05T03:13:32.897941Z,KXBTC15M-26OCT042315-15,0.0200,0.01,yes
2026-10-05T03:13:32.897941Z,KXBTC15M-26OCT042315-15,0.0200,200.00,yes
2026-10-05T03:13:32.897941Z,KXBTC15M-26OCT042315-15,0.0200,15.00,yes
2026-10-05T03:13:32.897941Z,KXBTC15M-26OCT042315-15,0.0210,0.02,yes
2026-10-05T03:13:32.897941Z,KXBTC15M-26OCT042315-15,0.0210,176.15,yes
2026-10-05T03:13:32.897941Z,KXBTC15M-26OCT042315-15,0.0200,50.00,yes
2026-10-05T03:13:32.945005Z,KXBTC15M-26OCT042315-15,0.0210,222.80,yes
2026-10-05T03:13:32.945005Z,KXBTC15M-26OCT042315-15,0.0210,0.01,yes
2026-10-05T03:13:32.945005Z,KXBTC15M-26OCT042315-15,0.0210,0.01,yes
2026-10-05T03:13:33.000549Z,KXBTC15M-26OCT042315-15,0.0210,45.79,yes
2026-10-05T03:13:33.000549Z,KXBTC15M-26OCT042315-15,0.0210,0.01,yes
2026-10-05T03:13:33.000549Z,KXBTC15M-26OCT042315-15,0.0210,0.01,yes
2026-10-05T03:13:33.027525Z,KXBTC15M-26OCT042315-15,0.0200,5.28,no
2026-10-05T03:13:33.037052Z,KXBTC15M-26OCT042315-15,0.0210,291.44,yes
2026-10-05T03:13:33.037052Z,KXBTC15M-26OCT042315-15,0.0210,154.21,yes
2026-10-05T03:13:33.046058Z,KXBTC15M-26OCT042315-15,0.0200,11.72,no
2026-10-05T03:13:33.046058Z,KXBTC15M-26OCT042315-15,0.0200,23.87,no
2026-10-05T03:13:33.072294Z,KXBTC15M-26OCT042315-15,0.0230,0.02,yes
2026-10-05T03:13:33.072294Z,KXBTC15M-26OCT042315-15,0.0240,2.00,yes
2026-10-05T03:13:33.072294Z,KXBTC15M-26OCT042315-15,0.0240,9.34,yes
2026-10-05T03:13:33.072294Z,KXBTC15M-26OCT042315-15,0.0230,2.00,yes
2026-10-05T03:13:33.072294Z,KXBTC15M-26OCT042315-15,0.0210,0.01,yes
2026-10-05T03:13:33.072294Z,KXBTC15M-26OCT042315-15,0.0210,0.01,yes
2026-10-05T03:13:33.072294Z,KXBTC15M-26OCT042315-15,0.0230,26.00,yes
2026-10-05T03:13:33.072294Z,KXBTC15M-26OCT042315-15,0.0240,0.02,yes
2026-10-05T03:13:33.093343Z,KXBTC15M-26OCT042315-15,0.0230,0.01,yes
2026-10-05T03:13:33.093343Z,KXBTC15M-26OCT042315-15,0.0230,0.01,yes
2026-10-05T03:13:33.093343Z,KXBTC15M-26OCT042315-15,0.0230,84.98,yes
2026-10-05T03:13:33.135644Z,KXBTC15M-26OCT042315-15,0.0230,0.01,yes
2026-10-05T03:13:33.135644Z,KXBTC15M-26OCT042315-15,0.0230,0.94,yes
2026-10-05T03:13:33.135644Z,KXBTC15M-26OCT042315-15,0.0230,0.01,yes
2026-10-05T03:13:33.137763Z,KXBTC15M-26OCT042315-15,0.0230,0.05,yes
2026-10-05T03:13:33.190419Z,KXBTC15M-26OCT042315-15,0.0230,0.01,yes
2026-10-05T03:13:33.190419Z,KXBTC15M-26OCT042315-15,0.0230,0.01,yes
2026-10-05T03:13:33.190419Z,KXBTC15M-26OCT042315-15,0.0230,10.38,yes
2026-10-05T03:13:33.199505Z,KXBTC15M-26OCT042315-15,0.0200,10.00,no
2026-10-05T03:13:33.22216Z,KXBTC15M-26OCT042315-15,0.0240,78.00,yes
2026-10-05T03:13:33.22216Z,KXBTC15M-26OCT042315-15,0.0250,20.00,yes
2026-10-05T03:13:33.22216Z,KXBTC15M-26OCT042315-15,0.0250,8.00,yes
2026-10-05T03:13:33.22216Z,KXBTC15M-26OCT042315-15,0.0240,500.00,yes
2026-10-05T03:13:33.22216Z,KXBTC15M-26OCT042315-15,0.0240,2.00,yes
2026-10-05T03:13:33.22216Z,KXBTC15M-26OCT042315-15,0.0250,2.00,yes
2026-10-05T03:13:33.22216Z,KXBTC15M-26OCT042315-15,0.0250,154.04,yes
2026-10-05T03:13:33.22216Z,KXBTC15M-26OCT042315-15,0.0240,36.00,yes
2026-10-05T03:13:33.22216Z,KXBTC15M-26OCT042315-15,0.0230,12.00,yes
2026-10-05T03:13:33.22216Z,KXBTC15M-26OCT042315-15,0.0240,155.66,yes
2026-10-05T03:13:33.22216Z,KXBTC15M-26OCT042315-15,0.0230,389.62,yes
2026-10-05T03:13:33.22216Z,KXBTC15M-26OCT042315-15,0.0240,200.00,yes
2026-10-05T03:13:33.22216Z,KXBTC15M-26OCT042315-15,0.0230,0.01,yes
2026-10-05T03:13:33.22216Z,KXBTC15M-26OCT042315-15,0.0250,62.01,yes
2026-10-05T03:13:33.22216Z,KXBTC15M-26OCT042315-15,0.0240,27.00,yes
2026-10-05T03:13:33.22216Z,KXBTC15M-26OCT042315-15,0.0230,200.00,yes
2026-10-05T03:13:33.22216Z,KXBTC15M-26OCT042315-15,0.0230,0.01,yes
2026-10-05T03:13:33.22216Z,KXBTC15M-26OCT042315-15,0.0250,64.00,yes
2026-10-05T03:13:33.22216Z,KXBTC15M-26OCT042315-15,0.0250,200.00,yes
2026-10-05T03:13:33.22216Z,KXBTC15M-26OCT042315-15,0.0250,0.02,yes
2026-10-05T03:13:33.278277Z,KXBTC15M-26OCT042315-15,0.0230,14.47,yes
2026-10-05T03:13:33.303499Z,KXBTC15M-26OCT042315-15,0.0230,0.01,yes
2026-10-05T03:13:33.303499Z,KXBTC15M-26OCT042315-15,0.0230,99.53,yes
2026-10-05T03:13:33.303499Z,KXBTC15M-26OCT042315-15,0.0230,0.01,yes
2026-10-05T03:13:33.303499Z,KXBTC15M-26OCT042315-15,0.0230,11.45,yes
2026-10-05T03:13:33.304988Z,KXBTC15M-26OCT042315-15,0.0230,17.72,yes
2026-10-05T03:13:33.31865Z,KXBTC15M-26OCT042315-15,0.0210,26.98,no
2026-10-05T03:13:33.323716Z,KXBTC15M-26OCT042315-15,0.0230,11.00,yes
2026-10-05T03:13:33.323716Z,KXBTC15M-26OCT042315-15,0.0230,7.00,yes
2026-10-05T03:13:33.324414Z,KXBTC15M-26OCT042315-15,0.0210,50.99,no
2026-10-05T03:13:33.327462Z,KXBTC15M-26OCT042315-15,0.0210,1.00,no
2026-10-05T03:13:33.331764Z,KXBTC15M-26OCT042315-15,0.0230,0.94,yes
2026-10-05T03:13:33.33235Z,KXBTC15M-26OCT042315-15,0.0240,0.01,yes
2026-10-05T03:13:33.33235Z,KXBTC15M-26OCT042315-15,0.0230,0.01,yes
2026-10-05T03:13:33.33235Z,KXBTC15M-26OCT042315-15,0.0240,0.01,yes
2026-10-05T03:13:33.33235Z,KXBTC15M-26OCT042315-15,0.0250,4.96,yes
2026-10-05T03:13:33.33235Z,KXBTC15M-26OCT042315-15,0.0230,0.01,yes
2026-10-05T03:13:33.339664Z,KXBTC15M-26OCT042315-15,0.0210,147.14,no
2026-10-05T03:13:33.339664Z,KXBTC15M-26OCT042315-15,0.0210,290.25,no
2026-10-05T03:13:33.376657Z,KXBTC15M-26OCT042315-15,0.0210,1.01,no
2026-10-05T03:13:33.382304Z,KXBTC15M-26OCT042315-15,0.0230,4.98,yes
2026-10-05T03:13:33.382304Z,KXBTC15M-26OCT042315-15,0.0230,0.01,yes
2026-10-05T03:13:33.382304Z,KXBTC15M-26OCT042315-15,0.0230,0.01,yes
2026-10-05T03:13:33.39723Z,KXBTC15M-26OCT042315-15,0.0210,3.07,no
2026-10-05T03:13:33.403962Z,KXBTC15M-26OCT042315-15,0.0230,44.90,yes
2026-10-05T03:13:33.41536Z,KXBTC15M-26OCT042315-15,0.0230,350.12,yes
2026-10-05T03:13:33.41536Z,KXBTC15M-26OCT042315-15,0.0230,64.10,yes
2026-10-05T03:13:33.430611Z,KXBTC15M-26OCT042315-15,0.0230,0.01,yes
2026-10-05T03:13:33.430611Z,KXBTC15M-26OCT042315-15,0.0230,0.01,yes
2026-10-05T03:13:33.430611Z,KXBTC15M-26OCT042315-15,0.0240,0.92,yes
2026-10-05T03:13:33.430611Z,KXBTC15M-26OCT042315-15,0.0240,0.01,yes
2026-10-05T03:13:33.440817Z,KXBTC15M-26OCT042315-15,0.0200,36.77,no
2026-10-05T03:13:33.440817Z,KXBTC15M-26OCT042315-15,0.0210,0.01,no
2026-10-05T03:13:33.440817Z,KXBTC15M-26OCT042315-15,0.0210,48.78,no
2026-10-05T03:13:33.440817Z,KXBTC15M-26OCT042315-15,0.0210,0.01,no
2026-10-05T03:13:33.445154Z,KXBTC15M-26OCT042315-15,0.0200,11.00,no
2026-10-05T03:13:33.445154Z,KXBTC15M-26OCT042315-15,0.0200,3.23,no
2026-10-05T03:13:33.445154Z,KXBTC15M-26OCT042315-15,0.0200,17.00,no
2026-10-05T03:13:33.445154Z,KXBTC15M-26OCT042315-15,0.0200,2.00,no
2026-10-05T03:13:33.445154Z,KXBTC15M-26OCT042315-15,0.0200,68.66,no
2026-10-05T03:13:33.468833Z,KXBTC15M-26OCT042315-15,0.0210,0.01,no
2026-10-05T03:13:33.468833Z,KXBTC15M-26OCT042315-15,0.0210,7.99,no
2026-10-05T03:13:33.489308Z,KXBTC15M-26OCT042315-15,0.0190,4.48,no
2026-10-05T03:13:33.489308Z,KXBTC15M-26OCT042315-15,0.0210,26.01,no
2026-10-05T03:13:33.489308Z,KXBTC15M-26OCT042315-15,0.0210,0.01,no
2026-10-05T03:13:33.489308Z,KXBTC15M-26OCT042315-15,0.0210,0.01,no
2026-10-05T03:13:33.489308Z,KXBTC15M-26OCT042315-15,0.0200,50.00,no
2026-10-05T03:13:33.489308Z,KXBTC15M-26OCT042315-15,0.0200,0.01,no
2026-10-05T03:13:33.489308Z,KXBTC15M-26OCT042315-15,0.0210,11.00,no
2026-10-05T03:13:33.489308Z,KXBTC15M-26OCT042315-15,0.0200,206.34,no
2026-10-05T03:13:33.489308Z,KXBTC15M-26OCT042315-15,0.0200,17.00,no
2026-10-05T03:13:33.551061Z,KXBTC15M-26OCT042315-15,0.0220,5.33,yes
2026-10-05T03:13:33.564456Z,KXBTC15M-26OCT042315-15,0.0210,0.01,no
2026-10-05T03:13:33.564456Z,KXBTC15M-26OCT042315-15,0.0210,0.01,no
2026-10-05T03:13:33.564456Z,KXBTC15M-26OCT042315-15,0.0200,11.00,no
2026-10-05T03:13:33.564456Z,KXBTC15M-26OCT042315-15,0.0200,17.00,no
2026-10-05T03:13:33.564456Z,KXBTC15M-26OCT042315-15,0.0200,65.65,no
2026-10-05T03:13:33.564456Z,KXBTC15M-26OCT042315-15,0.0200,50.00,no
2026-10-05T03:13:33.571632Z,KXBTC15M-26OCT042315-15,0.0200,17.00,no
2026-10-05T03:13:33.571632Z,KXBTC15M-26OCT042315-15,0.0210,0.01,no
2026-10-05T03:13:33.571632Z,KXBTC15M-26OCT042315-15,0.0200,7.98,no
2026-10-05T03:13:33.571632Z,KXBTC15M-26OCT042315-15,0.0200,0.01,no
2026-10-05T03:13:33.571632Z,KXBTC15M-26OCT042315-15,0.0200,50.00,no
2026-10-05T03:13:33.596014Z,KXBTC15M-26OCT042315-15,0.0210,5.09,no
2026-10-05T03:13:33.628158Z,KXBTC15M-26OCT042315-15,0.0210,28.91,no
2026-10-05T03:13:33.628158Z,KXBTC15M-26OCT042315-15,0.0210,0.01,no
2026-10-05T03:13:33.628158Z,KXBTC15M-26OCT042315-15,0.0200,0.01,no
2026-10-05T03:13:33.628158Z,KXBTC15M-26OCT042315-15,0.0200,5.95,no
2026-10-05T03:13:33.628158Z,KXBTC15M-26OCT042315-15,0.0200,17.00,no
2026-10-05T03:13:33.628158Z,KXBTC15M-26OCT042315-15,0.0200,50.00,no
2026-10-05T03:13:33.628158Z,KXBTC15M-26OCT042315-15,0.0210,0.01,no
2026-10-05T03:13:33.68831Z,KXBTC15M-26OCT042315-15,0.0200,91.98,no
2026-10-05T03:13:33.68831Z,KXBTC15M-26OCT042315-15,0.0200,17.00,no
2026-10-05T03:13:33.68831Z,KXBTC15M-26OCT042315-15,0.0200,0.01,no
2026-10-05T03:13:33.68831Z,KXBTC15M-26OCT042315-15,0.0200,0.01,no
2026-10-05T03:13:33.763728Z,KXBTC15M-26OCT042315-15,0.0220,0.01,yes
2026-10-05T03:13:33.763728Z,KXBTC15M-26OCT042315-15,0.0220,6.67,yes
2026-10-05T03:13:33.763728Z,KXBTC15M-26OCT042315-15,0.0220,0.01,yes
2026-10-05T03:13:33.763728Z,KXBTC15M-26OCT042315-15,0.0250,7.95,yes
2026-10-05T03:13:33.763728Z,KXBTC15M-26OCT042315-15,0.0240,6.00,yes
2026-10-05T03:13:33.763728Z,KXBTC15M-26OCT042315-15,0.0250,92.04,yes
2026-10-05T03:13:33.773189Z,KXBTC15M-26OCT042315-15,0.0220,0.01,yes
2026-10-05T03:13:33.773189Z,KXBTC15M-26OCT042315-15,0.0220,205.02,yes
2026-10-05T03:13:33.777968Z,KXBTC15M-26OCT042315-15,0.0200,2.00,no
2026-10-05T03:13:33.784265Z,KXBTC15M-26OCT042315-15,0.0200,2.71,no
2026-10-05T03:13:33.788704Z,KXBTC15M-26OCT042315-15,0.0200,45.29,no
2026-10-05T03:13:33.788704Z,KXBTC15M-26OCT042315-15,0.0200,11.00,no
2026-10-05T03:13:33.788704Z,KXBTC15M-26OCT042315-15,0.0200,0.01,no
2026-10-05T03:13:33.788704Z,KXBTC15M-26OCT042315-15,0.0200,0.01,no
2026-10-05T03:13:33.788704Z,KXBTC15M-26OCT042315-15,0.0200,17.00,no
2026-10-05T03:13:33.788704Z,KXBTC15M-26OCT042315-15,0.0200,64.69,no
2026-10-05T03:13:33.806955Z,KXBTC15M-26OCT042315-15,0.0190,1120.67,no
2026-10-05T03:13:33.806955Z,KXBTC15M-26OCT042315-15,0.0200,0.01,no
2026-10-05T03:13:33.806955Z,KXBTC15M-26OCT042315-15,0.0200,0.01,no
2026-10-05T03:13:33.806955Z,KXBTC15M-26OCT042315-15,0.0200,11.00,no
2026-10-05T03:13:33.806955Z,KXBTC15M-26OCT042315-15,0.0200,17.00,no
2026-10-05T03:13:33.806955Z,KXBTC15M-26OCT042315-15,0.0200,50.00,no
2026-10-05T03:13:33.807799Z,KXBTC15M-26OCT042315-15,0.0200,2.03,no
2026-10-05T03:13:33.817915Z,KXBTC15M-26OCT042315-15,0.0230,14.06,yes
2026-10-05T03:13:33.831375Z,KXBTC15M-26OCT042315-15,0.0200,0.01,no
2026-10-05T03:13:33.831375Z,KXBTC15M-26OCT042315-15,0.0200,0.01,no
2026-10-05T03:13:33.831375Z,KXBTC15M-26OCT042315-15,0.0200,0.98,no
2026-10-05T03:13:33.838838Z,KXBTC15M-26OCT042315-15,0.0230,2618.19,yes
2026-10-05T03:13:33.838838Z,KXBTC15M-26OCT042315-15,0.0220,12.00,yes
2026-10-05T03:13:33.838838Z,KXBTC15M-26OCT042315-15,0.0220,500.00,yes
2026-10-05T03:13:33.871981Z,KXBTC15M-26OCT042315-15,0.0210,0.01,yes
2026-10-05T03:13:33.871981Z,KXBTC15M-26OCT042315-15,0.0210,0.01,yes
2026-10-05T03:13:33.871981Z,KXBTC15M-26OCT042315-15,0.0210,2.12,yes
2026-10-05T03:13:33.922531Z,KXBTC15M-26OCT042315-15,0.0210,233.36,yes
2026-10-05T03:13:33.922531Z,KXBTC15M-26OCT042315-15,0.0210,0.01,yes
2026-10-05T03:13:33.922531Z,KXBTC15M-26OCT042315-15,0.0210,267.88,yes
2026-10-05T03:13:33.922531Z,KXBTC15M-26OCT042315-15,0.0210,0.01,yes
2026-10-05T03:13:33.978832Z,KXBTC15M-26OCT042315-15,0.0210,0.01,yes
2026-10-05T03:13:33.978832Z,KXBTC15M-26OCT042315-15,0.0210,81.37,yes
2026-10-05T03:13:33.978832Z,KXBTC15M-26OCT042315-15,0.0210,0.01,yes
2026-10-05T03:13:34.003823Z,KXBTC15M-26OCT042315-15,0.0200,377.96,no
2026-10-05T03:13:34.003823Z,KXBTC15M-26OCT042315-15,0.0200,16.02,no
2026-10-05T03:13:34.003823Z,KXBTC15M-26OCT042315-15,0.0200,34.00,no
2026-10-05T03:13:34.003823Z,KXBTC15M-26OCT042315-15,0.0200,0.01,no
2026-10-05T03:13:34.003823Z,KXBTC15M-26OCT042315-15,0.0200,50.00,no
2026-10-05T03:13:34.003823Z,KXBTC15M-26OCT042315-15,0.0200,0.01,no
2026-10-05T03:13:34.008401Z,KXBTC15M-26OCT042315-15,0.0200,79.90,no
2026-10-05T03:13:34.015194Z,KXBTC15M-26OCT042315-15,0.0200,22.56,no
2026-10-05T03:13:34.024166Z,KXBTC15M-26OCT042315-15,0.0200,78.80,no
2026-10-05T03:13:34.041485Z,KXBTC15M-26OCT042315-15,0.0210,0.01,yes
2026-10-05T03:13:34.041485Z,KXBTC15M-26OCT042315-15,0.0210,0.01,yes
2026-10-05T03:13:34.041485Z,KXBTC15M-26OCT042315-15,0.0210,63.11,yes
2026-10-05T03:13:34.065796Z,KXBTC15M-26OCT042315-15,0.0210,0.01,yes
2026-10-05T03:13:34.065796Z,KXBTC15M-26OCT042315-15,0.0210,0.01,yes
2026-10-05T03:13:34.065796Z,KXBTC15M-26OCT042315-15,0.0210,22.76,yes
2026-10-05T03:13:34.102643Z,KXBTC15M-26OCT042315-15,0.0210,113.01,yes
2026-10-05T03:13:34.102643Z,KXBTC15M-26OCT042315-15,0.0210,0.01,yes
2026-10-05T03:13:34.102643Z,KXBTC15M-26OCT042315-15,0.0210,0.01,yes
2026-10-05T03:13:34.110629Z,KXBTC15M-26OCT042315-15,0.0170,23.98,no
2026-10-05T03:13:34.110629Z,KXBTC15M-26OCT042315-15,0.0180,15.00,no
2026-10-05T03:13:34.110629Z,KXBTC15M-26OCT042315-15,0.0180,17.00,no
2026-10-05T03:13:34.110629Z,KXBTC15M-26OCT042315-15,0.0180,38.00,no
2026-10-05T03:13:34.110629Z,KXBTC15M-26OCT042315-15,0.0190,15.00,no
2026-10-05T03:13:34.110629Z,KXBTC15M-26OCT042315-15,0.0200,487.78,no
2026-10-05T03:13:34.110629Z,KXBTC15M-26OCT042315-15,0.0180,12.00,no
2026-10-05T03:13:34.110629Z,KXBTC15M-26OCT042315-15,0.0200,200.00,no
2026-10-05T03:13:34.110629Z,KXBTC15M-26OCT042315-15,0.0190,200.00,no
2026-10-05T03:13:34.110629Z,KXBTC15M-26OCT042315-15,0.0200,0.01,no
2026-10-05T03:13:34.110629Z,KXBTC15M-26OCT042315-15,0.0200,50.00,no
2026-10-05T03:13:34.110629Z,KXBTC15M-26OCT042315-15,0.0200,0.01,no
2026-10-05T03:13:34.111723Z,KXBTC15M-26OCT042315-15,0.0170,3.94,no
2026-10-05T03:13:34.198937Z,KXBTC15M-26OCT042315-15,0.0210,15.00,yes
2026-10-05T03:13:34.198937Z,KXBTC15M-26OCT042315-15,0.0210,46.69,yes
2026-10-05T03:13:34.198937Z,KXBTC15M-26OCT042315-15,0.0210,0.01,yes
2026-10-05T03:13:34.198937Z,KXBTC15M-26OCT042315-15,0.0210,0.01,yes
2026-10-05T03:13:34.21938Z,KXBTC15M-26OCT042315-15,0.0200,0.01,no
2026-10-05T03:13:34.21938Z,KXBTC15M-26OCT042315-15,0.0200,11.00,no
2026-10-05T03:13:34.21938Z,KXBTC15M-26OCT042315-15,0.0200,34.00,no
2026-10-05T03:13:34.21938Z,KXBTC15M-26OCT042315-15,0.0200,2.81,no
2026-10-05T03:13:34.21938Z,KXBTC15M-26OCT042315-15,0.0200,50.00,no
2026-10-05T03:13:34.21938Z,KXBTC15M-26OCT042315-15,0.0200,0.01,no
2026-10-05T03:13:34.226994Z,KXBTC15M-26OCT042315-15,0.0210,277.70,yes
2026-10-05T03:13:34.226994Z,KXBTC15M-26OCT042315-15,0.0210,200.00,yes
2026-10-05T03:13:34.226994Z,KXBTC15M-26OCT042315-15,0.0210,0.01,yes
2026-10-05T03:13:34.226994Z,KXBTC15M-26OCT042315-15,0.0210,0.01,yes
2026-10-05T03:13:34.226994Z,KXBTC15M-26OCT042315-15,0.0210,51.31,yes
2026-10-05T03:13:34.265794Z,KXBTC15M-26OCT042315-15,0.0190,349.25,no
2026-10-05T03:13:34.265794Z,KXBTC15M-26OCT042315-15,0.0190,3141.00,no
2026-10-05T03:13:34.265794Z,KXBTC15M-26OCT042315-15,0.0200,0.01,no
2026-10-05T03:13:34.265794Z,KXBTC15M-26OCT042315-15,0.0200,11.00,no
2026-10-05T03:13:34.265794Z,KXBTC15M-26OCT042315-15,0.0200,0.01,no
2026-10-05T03:13:34.265794Z,KXBTC15M-26OCT042315-15,0.0200,12.19,no
2026-10-05T03:13:34.265794Z,KXBTC15M-26OCT042315-15,0.0200,262.00,no
2026-10-05T03:13:34.265794Z,KXBTC15M-26OCT042315-15,0.0200,50.00,no
2026-10-05T03:13:34.265794Z,KXBTC15M-26OCT042315-15,0.0160,239.84,no
2026-10-05T03:13:34.274601Z,KXBTC15M-26OCT042315-15,0.0170,50.00,yes
2026-10-05T03:13:34.282724Z,KXBTC15M-26OCT042315-15,0.0160,101.18,no
2026-10-05T03:13:34.282724Z,KXBTC15M-26OCT042315-15,0.0160,1.00,no
2026-10-05T03:13:34.282724Z,KXBTC15M-26OCT042315-15,0.0160,147.46,no
2026-10-05T03:13:34.306375Z,KXBTC15M-26OCT042315-15,0.0160,15.00,no
2026-10-05T03:13:34.306375Z,KXBTC15M-26OCT042315-15,0.0160,150.00,no
2026-10-05T03:13:34.306375Z,KXBTC15M-26OCT042315-15,0.0160,0.01,no
2026-10-05T03:13:34.306375Z,KXBTC15M-26OCT042315-15,0.0160,0.01,no
2026-10-05T03:13:34.306375Z,KXBTC15M-26OCT042315-15,0.0150,58.44,no
2026-10-05T03:13:34.306375Z,KXBTC15M-26OCT042315-15,0.0160,236.54,no
2026-10-05T03:13:34.307086Z,KXBTC15M-26OCT042315-15,0.0170,2580.00,yes
2026-10-05T03:13:34.307593Z,KXBTC15M-26OCT042315-15,0.0170,305.00,yes
2026-10-05T03:13:34.312805Z,KXBTC15M-26OCT042315-15,0.0170,63.13,yes
2026-10-05T03:13:34.314226Z,KXBTC15M-26OCT042315-15,0.0170,42.54,yes
2026-10-05T03:13:34.368924Z,KXBTC15M-26OCT042315-15,0.0160,42.78,no
2026-10-05T03:13:34.413231Z,KXBTC15M-26OCT042315-15,0.0170,148.73,yes
2026-10-05T03:13:34.413231Z,KXBTC15M-26OCT042315-15,0.0170,0.01,yes
2026-10-05T03:13:34.413231Z,KXBTC15M-26OCT042315-15,0.0170,0.01,yes
2026-10-05T03:13:34.423384Z,KXBTC15M-26OCT042315-15,0.0170,95.36,yes
2026-10-05T03:13:34.423384Z,KXBTC15M-26OCT042315-15,0.0170,15.00,yes
2026-10-05T03:13:34.423384Z,KXBTC15M-26OCT042315-15,0.0170,2.00,yes
2026-10-05T03:13:34.423384Z,KXBTC15M-26OCT042315-15,0.0170,91.11,yes
2026-10-05T03:13:34.466491Z,KXBTC15M-26OCT042315-15,0.0160,8.55,no
2026-10-05T03:13:34.467404Z,KXBTC15M-26OCT042315-15,0.0160,8.98,no
2026-10-05T03:13:34.505426Z,KXBTC15M-26OCT042315-15,0.0160,1.01,no
2026-10-05T03:13:34.50848Z,KXBTC15M-26OCT042315-15,0.0170,1.10,yes
2026-10-05T03:13:34.532891Z,KXBTC15M-26OCT042315-15,0.0170,20.10,yes
2026-10-05T03:13:34.558027Z,KXBTC15M-26OCT042315-15,0.0170,30.90,yes
2026-10-05T03:13:34.558027Z,KXBTC15M-26OCT042315-15,0.0170,9.97,yes
2026-10-05T03:13:34.567661Z,KXBTC15M-26OCT042315-15,0.0160,2946.15,no
2026-10-05T03:13:34.613537Z,KXBTC15M-26OCT042315-15,0.0170,231.83,yes
2026-10-05T03:13:34.613537Z,KXBTC15M-26OCT042315-15,0.0170,91.21,yes
2026-10-05T03:13:34.614536Z,KXBTC15M-26OCT042315-15,0.0160,0.01,no
2026-10-05T03:13:34.614536Z,KXBTC15M-26OCT042315-15,0.0160,0.99,no
2026-10-05T03:13:34.614536Z,KXBTC15M-26OCT042315-15,0.0160,0.01,no
2026-10-05T03:13:34.618598Z,KXBTC15M-26OCT042315-15,0.0170,150.00,yes
2026-10-05T03:13:34.618598Z,KXBTC15M-26OCT042315-15,0.0170,58.44,yes
2026-10-05T03:13:34.618598Z,KXBTC15M-26OCT042315-15,0.0170,4.71,yes
2026-10-05T03:13:34.618598Z,KXBTC15M-26OCT042315-15,0.0170,298.73,yes
2026-10-05T03:13:34.619371Z,KXBTC15M-26OCT042315-15,0.0170,24.00,yes
2026-10-05T03:13:34.705958Z,KXBTC15M-26OCT042315-15,0.0170,157.34,yes
2026-10-05T03:13:34.735226Z,KXBTC15M-26OCT042315-15,0.0170,100.00,yes
2026-10-05T03:13:34.746795Z,KXBTC15M-26OCT042315-15,0.0170,1114.12,yes
2026-10-05T03:13:34.787647Z,KXBTC15M-26OCT042315-15,0.0160,2.03,no
2026-10-05T03:13:34.789337Z,KXBTC15M-26OCT042315-15,0.0170,150.54,yes
2026-10-05T03:13:34.789337Z,KXBTC15M-26OCT042315-15,0.0170,24.81,yes
2026-10-05T03:13:34.808987Z,KXBTC15M-26OCT042315-15,0.0170,11.51,yes
2026-10-05T03:13:34.808987Z,KXBTC15M-26OCT042315-15,0.0170,12.00,yes
2026-10-05T03:13:34.808987Z,KXBTC15M-26OCT042315-15,0.0170,0.01,yes
2026-10-05T03:13:34.808987Z,KXBTC15M-26OCT042315-15,0.0170,0.01,yes
2026-10-05T03:13:34.825622Z,KXBTC15M-26OCT042315-15,0.0170,137.59,yes
2026-10-05T03:13:34.859219Z,KXBTC15M-26OCT042315-15,0.0160,1.00,no
2026-10-05T03:13:34.893899Z,KXBTC15M-26OCT042315-15,0.0160,3.04,no
2026-10-05T03:13:34.917181Z,KXBTC15M-26OCT042315-15,0.0170,5.40,yes
2026-10-05T03:13:34.984462Z,KXBTC15M-26OCT042315-15,0.0170,16.28,yes
2026-10-05T03:13:34.984462Z,KXBTC15M-26OCT042315-15,0.0170,37.50,yes
2026-10-05T03:13:34.992244Z,KXBTC15M-26OCT042315-15,0.0300,64.00,yes
2026-10-05T03:13:34.992244Z,KXBTC15M-26OCT042315-15,0.0300,15.00,yes
2026-10-05T03:13:34.992244Z,KXBTC15M-26OCT042315-15,0.0350,93.75,yes
2026-10-05T03:13:34.992244Z,KXBTC15M-26OCT042315-15,0.0350,218.83,yes
2026-10-05T03:13:34.992244Z,KXBTC15M-26OCT042315-15,0.0350,93.75,yes
2026-10-05T03:13:34.992244Z,KXBTC15M-26OCT042315-15,0.0300,93.75,yes
2026-10-05T03:13:34.992244Z,KXBTC15M-26OCT042315-15,0.0320,0.02,yes
2026-10-05T03:13:34.992244Z,KXBTC15M-26OCT042315-15,0.0290,98.00,yes
2026-10-05T03:13:34.992244Z,KXBTC15M-26OCT042315-15,0.0350,99.00,yes
2026-10-05T03:13:34.992244Z,KXBTC15M-26OCT042315-15,0.0310,97.00,yes
2026-10-05T03:13:34.992244Z,KXBTC15M-26OCT042315-15,0.0350,15.00,yes
2026-10-05T03:13:34.992244Z,KXBTC15M-26OCT042315-15,0.0310,104.00,yes
2026-10-05T03:13:34.992244Z,KXBTC15M-26OCT042315-15,0.0300,93.75,yes
2026-10-05T03:13:34.992244Z,KXBTC15M-26OCT042315-15,0.0320,1047.00,yes
2026-10-05T03:13:34.992244Z,KXBTC15M-26OCT042315-15,0.0300,98.00,yes
2026-10-05T03:13:34.992244Z,KXBTC15M-26OCT042315-15,0.0300,15.00,yes
2026-10-05T03:13:34.992244Z,KXBTC15M-26OCT042315-15,0.0270,0.02,yes
2026-10-05T03:13:34.992244Z,KXBTC15M-26OCT042315-15,0.0290,0.02,yes
2026-10-05T03:13:34.992244Z,KXBTC15M-26OCT042315-15,0.0280,0.02,yes
2026-10-05T03:13:34.992244Z,KXBTC15M-26OCT042315-15,0.0330,0.02,yes
2026-10-05T03:13:34.992244Z,KXBTC15M-26OCT042315-15,0.0300,0.03,yes
2026-10-05T03:13:34.992244Z,KXBTC15M-26OCT042315-15,0.0330,82.00,yes
2026-10-05T03:13:34.992244Z,KXBTC15M-26OCT042315-15,0.0290,215.00,yes
2026-10-05T03:13:34.992244Z,KXBTC15M-26OCT042315-15,0.0310,0.02,yes
2026-10-05T03:13:34.992244Z,KXBTC15M-26OCT042315-15,0.0260,0.02,yes
2026-10-05T03:13:34.992244Z,KXBTC15M-26OCT042315-15,0.0300,64.00,yes
2026-10-05T03:13:34.992244Z,KXBTC15M-26OCT042315-15,0.0260,215.00,yes
2026-10-05T03:13:34.992244Z,KXBTC15M-26OCT042315-15,0.0300,82.00,yes
2026-10-05T03:13:34.992244Z,KXBTC15M-26OCT042315-15,0.0340,0.04,yes
2026-10-05T03:13:34.992244Z,KXBTC15M-26OCT042315-15,0.0280,66.00,yes
2026-10-05T03:13:34.992244Z,KXBTC15M-26OCT042315-15,0.0190,24.00,yes
2026-10-05T03:13:34.992244Z,KXBTC15M-26OCT042315-15,0.0190,257.21,yes
2026-10-05T03:13:34.992244Z,KXBTC15M-26OCT042315-15,0.0310,5.00,yes
2026-10-05T03:13:34.992244Z,KXBTC15M-26OCT042315-15,0.0170,500.00,yes
2026-10-05T03:13:34.992244Z,KXBTC15M-26OCT042315-15,0.0290,19.78,yes
2026-10-05T03:13:34.992244Z,KXBTC15M-26OCT042315-15,0.0300,50.00,yes
2026-10-05T03:13:34.992244Z,KXBTC15M-26OCT042315-15,0.0300,250.00,yes
2026-10-05T03:13:34.992244Z,KXBTC15M-26OCT042315-15,0.0250,70.00,yes
2026-10-05T03:13:34.992244Z,KXBTC15M-26OCT042315-15,0.0300,8.00,yes
2026-10-05T03:13:34.992244Z,KXBTC15M-26OCT042315-15,0.0230,1047.00,yes
2026-10-05T03:13:34.992244Z,KXBTC15M-26OCT042315-15,0.0300,400.00,yes
2026-10-05T03:13:34.992244Z,KXBTC15M-26OCT042315-15,0.0220,12.00,yes
2026-10-05T03:13:34.992244Z,KXBTC15M-26OCT042315-15,0.0250,64.00,yes
2026-10-05T03:13:34.992244Z,KXBTC15M-26OCT042315-15,0.0240,150.00,yes
2026-10-05T03:13:34.992244Z,KXBTC15M-26OCT042315-15,0.0220,2.00,yes
2026-10-05T03:13:34.992244Z,KXBTC15M-26OCT042315-15,0.0170,2000.00,yes
2026-10-05T03:13:34.992244Z,KXBTC15M-26OCT042315-15,0.0200,750.00,yes
2026-10-05T03:13:34.992244Z,KXBTC15M-26OCT042315-15,0.0310,60.00,yes
2026-10-05T03:13:34.992244Z,KXBTC15M-26OCT042315-15,0.0250,1047.00,yes
2026-10-05T03:13:34.992244Z,KXBTC15M-26OCT042315-15,0.0190,36.00,yes
2026-10-05T03:13:34.992244Z,KXBTC15M-26OCT042315-15,0.0250,1.00,yes
2026-10-05T03:13:34.992244Z,KXBTC15M-26OCT042315-15,0.0210,2.00,yes
2026-10-05T03:13:34.992244Z,KXBTC15M-26OCT042315-15,0.0310,10.00,yes
2026-10-05T03:13:34.992244Z,KXBTC15M-26OCT042315-15,0.0270,1047.00,yes
2026-10-05T03:13:34.992244Z,KXBTC15M-26OCT042315-15,0.0250,64.00,yes
2026-10-05T03:13:34.992244Z,KXBTC15M-26OCT042315-15,0.0230,2.00,yes
2026-10-05T03:13:34.992244Z,KXBTC15M-26OCT042315-15,0.0180,200.00,yes
2026-10-05T03:13:34.992244Z,KXBTC15M-26OCT042315-15,0.0290,1047.00,yes
2026-10-05T03:13:34.992244Z,KXBTC15M-26OCT042315-15,0.0190,1047.00,yes
2026-10-05T03:13:34.992244Z,KXBTC15M-26OCT042315-15,0.0170,3124.72,yes
2026-10-05T03:13:34.992244Z,KXBTC15M-26OCT042315-15,0.0170,0.01,yes
2026-10-05T03:13:34.992244Z,KXBTC15M-26OCT042315-15,0.0220,2.00,yes
2026-10-05T03:13:34.992244Z,KXBTC15M-26OCT042315-15,0.0170,0.01,yes
2026-10-05T03:13:34.992244Z,KXBTC15M-26OCT042315-15,0.0240,2.00,yes
2026-10-05T03:13:34.992244Z,KXBTC15M-26OCT042315-15,0.0200,64.00,yes
2026-10-05T03:13:34.992244Z,KXBTC15M-26OCT042315-15,0.0230,2.00,yes
2026-10-05T03:13:34.992244Z,KXBTC15M-26OCT042315-15,0.0240,108.68,yes
2026-10-05T03:13:34.992244Z,KXBTC15M-26OCT042315-15,0.0200,93.75,yes
2026-10-05T03:13:34.992244Z,KXBTC15M-26OCT042315-15,0.0190,36.00,yes
2026-10-05T03:13:34.992244Z,KXBTC15M-26OCT042315-15,0.0250,15.00,yes
2026-10-05T03:13:34.992244Z,KXBTC15M-26OCT042315-15,0.0200,50.00,yes
2026-10-05T03:13:35.01512Z,KXBTC15M-26OCT042315-15,0.0350,64.00,yes
2026-10-05T03:13:35.01512Z,KXBTC15M-26OCT042315-15,0.0350,33.00,yes
2026-10-05T03:13:35.01512Z,KXBTC15M-26OCT042315-15,0.0350,0.06,yes
2026-10-05T03:13:35.01512Z,KXBTC15M-26OCT042315-15,0.0280,97.00,yes
2026-10-05T03:13:35.01512Z,KXBTC15M-26OCT042315-15,0.0270,2.00,yes
2026-10-05T03:13:35.01512Z,KXBTC15M-26OCT042315-15,0.0340,11.00,yes
2026-10-05T03:13:35.01512Z,KXBTC15M-26OCT042315-15,0.0280,2.00,yes
2026-10-05T03:13:35.01512Z,KXBTC15M-26OCT042315-15,0.0280,0.01,yes
2026-10-05T03:13:35.01512Z,KXBTC15M-26OCT042315-15,0.0330,11.00,yes
2026-10-05T03:13:35.01512Z,KXBTC15M-26OCT042315-15,0.0280,2.00,yes
2026-10-05T03:13:35.01512Z,KXBTC15M-26OCT042315-15,0.0320,5.00,yes
2026-10-05T03:13:35.01512Z,KXBTC15M-26OCT042315-15,0.0290,2.00,yes
2026-10-05T03:13:35.01512Z,KXBTC15M-26OCT042315-15,0.0270,2.00,yes
2026-10-05T03:13:35.01512Z,KXBTC15M-26OCT042315-15,0.0290,2.00,yes
2026-10-05T03:13:35.01512Z,KXBTC15M-26OCT042315-15,0.0300,8.00,yes
2026-10-05T03:13:35.01512Z,KXBTC15M-26OCT042315-15,0.0350,232.60,yes
2026-10-05T03:13:35.01512Z,KXBTC15M-26OCT042315-15,0.0300,50.00,yes
2026-10-05T03:13:35.01512Z,KXBTC15M-26OCT042315-15,0.0280,0.01,yes
2026-10-05T03:13:35.031829Z,KXBTC15M-26OCT042315-15,0.0260,73.00,no
2026-10-05T03:13:35.031877Z,KXBTC15M-26OCT042315-15,0.0260,17.00,no
2026-10-05T03:13:35.032554Z,KXBTC15M-26OCT042315-15,0.0260,957.00,no
2026-10-05T03:13:35.050806Z,KXBTC15M-26OCT042315-15,0.0240,40.73,no
2026-10-05T03:13:35.050806Z,KXBTC15M-26OCT042315-15,0.0250,10.00,no
2026-10-05T03:13:35.050806Z,KXBTC15M-26OCT042315-15,0.0260,0.01,no
2026-10-05T03:13:35.050806Z,KXBTC15M-26OCT042315-15,0.0260,0.01,no
2026-10-05T03:13:35.055828Z,KXBTC15M-26OCT042315-15,0.0240,4.00,no
2026-10-05T03:13:35.056795Z,KXBTC15M-26OCT042315-15,0.0240,2.03,no
2026-10-05T03:13:35.076188Z,KXBTC15M-26OCT042315-15,0.0240,99.98,no
2026-10-05T03:13:35.076188Z,KXBTC15M-26OCT042315-15,0.0250,0.01,no
2026-10-05T03:13:35.076188Z,KXBTC15M-26OCT042315-15,0.0250,0.01,no
2026-10-05T03:13:35.079193Z,KXBTC15M-26OCT042315-15,0.0240,900.26,no
2026-10-05T03:13:35.079193Z,KXBTC15M-26OCT042315-15,0.0220,134.74,no
2026-10-05T03:13:35.079193Z,KXBTC15M-26OCT042315-15,0.0230,2.00,no
2026-10-05T03:13:35.079193Z,KXBTC15M-26OCT042315-15,0.0230,10.00,no
2026-10-05T03:13:35.14677Z,KXBTC15M-26OCT042315-15,0.0220,21.50,no
2026-10-05T03:13:35.14677Z,KXBTC15M-26OCT042315-15,0.0230,0.01,no
2026-10-05T03:13:35.14677Z,KXBTC15M-26OCT042315-15,0.0230,0.01,no
2026-10-05T03:13:35.14677Z,KXBTC15M-26OCT042315-15,0.0230,10.00,no
2026-10-05T03:13:35.157866Z,KXBTC15M-26OCT042315-15,0.0250,2.08,yes
2026-10-05T03:13:35.174982Z,KXBTC15M-26OCT042315-15,0.0230,10.00,no
2026-10-05T03:13:35.209542Z,KXBTC15M-26OCT042315-15,0.0220,890.76,no
2026-10-05T03:13:35.209542Z,KXBTC15M-26OCT042315-15,0.0200,614.20,no
2026-10-05T03:13:35.209542Z,KXBTC15M-26OCT042315-15,0.0230,0.01,no
2026-10-05T03:13:35.209542Z,KXBTC15M-26OCT042315-15,0.0220,0.01,no
2026-10-05T03:13:35.209542Z,KXBTC15M-26OCT042315-15,0.0210,2.00,no
2026-10-05T03:13:35.209542Z,KXBTC15M-26OCT042315-15,0.0210,200.00,no
2026-10-05T03:13:35.209542Z,KXBTC15M-26OCT042315-15,0.0210,2.00,no
2026-10-05T03:13:35.209542Z,KXBTC15M-26OCT042315-15,0.0220,2.00,no
2026-10-05T03:13:35.209542Z,KXBTC15M-26OCT042315-15,0.0220,200.00,no
2026-10-05T03:13:35.209542Z,KXBTC15M-26OCT042315-15,0.0220,0.01,no
2026-10-05T03:13:35.209542Z,KXBTC15M-26OCT042315-15,0.0230,10.00,no
2026-10-05T03:13:35.209542Z,KXBTC15M-26OCT042315-15,0.0230,0.01,no
2026-10-05T03:13:35.220227Z,KXBTC15M-26OCT042315-15,0.0230,10.20,no
2026-10-05T03:13:35.233323Z,KXBTC15M-26OCT042315-15,0.0230,101.42,no
2026-10-05T03:13:35.241555Z,KXBTC15M-26OCT042315-15,0.0230,750.00,no
2026-10-05T03:13:35.245191Z,KXBTC15M-26OCT042315-15,0.0240,1.00,yes
2026-10-05T03:13:35.245191Z,KXBTC15M-26OCT042315-15,0.0240,1.00,yes
2026-10-05T03:13:35.245191Z,KXBTC15M-26OCT042315-15,0.0240,43.75,yes
2026-10-05T03:13:35.26672Z,KXBTC15M-26OCT042315-15,0.0240,0.93,yes
2026-10-05T03:13:35.267993Z,KXBTC15M-26OCT042315-15,0.0240,20.44,yes
2026-10-05T03:13:35.29371Z,KXBTC15M-26OCT042315-15,0.0230,157.34,no
2026-10-05T03:13:35.300051Z,KXBTC15M-26OCT042315-15,0.0240,0.01,yes
2026-10-05T03:13:35.300051Z,KXBTC15M-26OCT042315-15,0.0240,36.45,yes
2026-10-05T03:13:35.300051Z,KXBTC15M-26OCT042315-15,0.0240,0.01,yes
2026-10-05T03:13:35.309818Z,KXBTC15M-26OCT042315-15,0.0300,15.00,yes
2026-10-05T03:13:35.309818Z,KXBTC15M-26OCT042315-15,0.0240,0.01,yes
2026-10-05T03:13:35.309818Z,KXBTC15M-26OCT042315-15,0.0240,1.00,yes
2026-10-05T03:13:35.309818Z,KXBTC15M-26OCT042315-15,0.0290,2.00,yes
2026-10-05T03:13:35.309818Z,KXBTC15M-26OCT042315-15,0.0300,50.00,yes
2026-10-05T03:13:35.309818Z,KXBTC15M-26OCT042315-15,0.0240,1.00,yes
2026-10-05T03:13:35.309818Z,KXBTC15M-26OCT042315-15,0.0250,7.92,yes
2026-10-05T03:13:35.309818Z,KXBTC15M-26OCT042315-15,0.0240,150.00,yes
2026-10-05T03:13:35.309818Z,KXBTC15M-26OCT042315-15,0.0280,2.00,yes
2026-10-05T03:13:35.309818Z,KXBTC15M-26OCT042315-15,0.0290,12.00,yes
2026-10-05T03:13:35.309818Z,KXBTC15M-26OCT042315-15,0.0250,200.00,yes
2026-10-05T03:13:35.309818Z,KXBTC15M-26OCT042315-15,0.0280,2.00,yes
2026-10-05T03:13:35.309818Z,KXBTC15M-26OCT042315-15,0.0300,80.97,yes
2026-10-05T03:13:35.309818Z,KXBTC15M-26OCT042315-15,0.0270,156.00,yes
2026-10-05T03:13:35.309818Z,KXBTC15M-26OCT042315-15,0.0290,2.00,yes
2026-10-05T03:13:35.309818Z,KXBTC15M-26OCT042315-15,0.0240,0.01,yes
2026-10-05T03:13:35.309818Z,KXBTC15M-26OCT042315-15,0.0240,363.55,yes
2026-10-05T03:13:35.309818Z,KXBTC15M-26OCT042315-15,0.0260,22.00,yes
2026-10-05T03:13:35.315304Z,KXBTC15M-26OCT042315-15,0.0300,1.06,yes
2026-10-05T03:13:35.326413Z,KXBTC15M-26OCT042315-15,0.0230,10.15,no
2026-10-05T03:13:35.374371Z,KXBTC15M-26OCT042315-15,0.0240,0.01,yes
2026-10-05T03:13:35.374371Z,KXBTC15M-26OCT042315-15,0.0240,0.01,yes
2026-10-05T03:13:35.374371Z,KXBTC15M-26OCT042315-15,0.0240,81.14,yes
2026-10-05T03:13:35.374371Z,KXBTC15M-26OCT042315-15,0.0240,15.00,yes
2026-10-05T03:13:35.421477Z,KXBTC15M-26OCT042315-15,0.0240,0.01,yes
2026-10-05T03:13:35.421477Z,KXBTC15M-26OCT042315-15,0.0240,15.59,yes
2026-10-05T03:13:35.421477Z,KXBTC15M-26OCT042315-15,0.0240,0.01,yes
2026-10-05T03:13:35.422667Z,KXBTC15M-26OCT042315-15,0.0240,9.09,yes
2026-10-05T03:13:35.427043Z,KXBTC15M-26OCT042315-15,0.0250,200.00,yes
2026-10-05T03:13:35.427043Z,KXBTC15M-26OCT042315-15,0.0240,400.00,yes
2026-10-05T03:13:35.427043Z,KXBTC15M-26OCT042315-15,0.0270,22.00,yes
2026-10-05T03:13:35.427043Z,KXBTC15M-26OCT042315-15,0.0240,47.32,yes
2026-10-05T03:13:35.427043Z,KXBTC15M-26OCT042315-15,0.0250,150.00,yes
2026-10-05T03:13:35.427043Z,KXBTC15M-26OCT042315-15,0.0290,84.00,yes
2026-10-05T03:13:35.427043Z,KXBTC15M-26OCT042315-15,0.0240,1.00,yes
2026-10-05T03:13:35.427043Z,KXBTC15M-26OCT042315-15,0.0300,7.05,yes
2026-10-05T03:13:35.427043Z,KXBTC15M-26OCT042315-15,0.0300,11.12,yes
2026-10-05T03:13:35.427872Z,KXBTC15M-26OCT042315-15,0.0230,703.03,no
2026-10-05T03:13:35.42848Z,KXBTC15M-26OCT042315-15,0.0240,0.01,yes
2026-10-05T03:13:35.42848Z,KXBTC15M-26OCT042315-15,0.0300,9.07,yes
2026-10-05T03:13:35.42848Z,KXBTC15M-26OCT042315-15,0.0240,0.01,yes
2026-10-05T03:13:35.452672Z,KXBTC15M-26OCT042315-15,0.0240,0.53,yes
2026-10-05T03:13:35.488473Z,KXBTC15M-26OCT042315-15,0.0240,18.23,yes
2026-10-05T03:13:35.524352Z,KXBTC15M-26OCT042315-15,0.0240,0.01,yes
2026-10-05T03:13:35.524352Z,KXBTC15M-26OCT042315-15,0.0240,7.24,yes
2026-10-05T03:13:35.524352Z,KXBTC15M-26OCT042315-15,0.0240,0.01,yes
2026-10-05T03:13:35.524352Z,KXBTC15M-26OCT042315-15,0.0240,120.96,yes
2026-10-05T03:13:35.526394Z,KXBTC15M-26OCT042315-15,0.0240,186.67,yes
2026-10-05T03:13:35.544452Z,KXBTC15M-26OCT042315-15,0.0240,92.37,yes
2026-10-05T03:13:35.544452Z,KXBTC15M-26OCT042315-15,0.0240,254.70,yes
2026-10-05T03:13:35.54987Z,KXBTC15M-26OCT042315-15,0.0310,2.00,yes
2026-10-05T03:13:35.54987Z,KXBTC15M-26OCT042315-15,0.0300,29.81,yes
2026-10-05T03:13:35.54987Z,KXBTC15M-26OCT042315-15,0.0340,1047.00,yes
2026-10-05T03:13:35.54987Z,KXBTC15M-26OCT042315-15,0.0240,0.01,yes
2026-10-05T03:13:35.54987Z,KXBTC15M-26OCT042315-15,0.0310,336.00,yes
2026-10-05T03:13:35.54987Z,KXBTC15M-26OCT042315-15,0.0240,1.00,yes
2026-10-05T03:13:35.54987Z,KXBTC15M-26OCT042315-15,0.0320,3141.00,yes
2026-10-05T03:13:35.54987Z,KXBTC15M-26OCT042315-15,0.0250,150.00,yes
2026-10-05T03:13:35.54987Z,KXBTC15M-26OCT042315-15,0.0320,2.00,yes
2026-10-05T03:13:35.54987Z,KXBTC15M-26OCT042315-15,0.0340,2.00,yes
2026-10-05T03:13:35.54987Z,KXBTC15M-26OCT042315-15,0.0280,23.00,yes
2026-10-05T03:13:35.54987Z,KXBTC15M-26OCT042315-15,0.0330,2.00,yes
2026-10-05T03:13:35.54987Z,KXBTC15M-26OCT042315-15,0.0240,0.01,yes
2026-10-05T03:13:35.54987Z,KXBTC15M-26OCT042315-15,0.0310,153.59,yes
2026-10-05T03:13:35.54987Z,KXBTC15M-26OCT042315-15,0.0310,12.00,yes
2026-10-05T03:13:35.54987Z,KXBTC15M-26OCT042315-15,0.0240,114.00,yes
2026-10-05T03:13:35.54987Z,KXBTC15M-26OCT042315-15,0.0320,5.00,yes
2026-10-05T03:13:35.54987Z,KXBTC15M-26OCT042315-15,0.0250,200.00,yes
2026-10-05T03:13:35.54987Z,KXBTC15M-26OCT042315-15,0.0320,2.00,yes
2026-10-05T03:13:35.54987Z,KXBTC15M-26OCT042315-15,0.0330,2.00,yes
2026-10-05T03:13:35.54987Z,KXBTC15M-26OCT042315-15,0.0240,287.30,yes
2026-10-05T03:13:35.54987Z,KXBTC15M-26OCT042315-15,0.0340,500.00,yes
2026-10-05T03:13:35.554076Z,KXBTC15M-26OCT042315-15,0.0290,100.00,yes
2026-10-05T03:13:35.555532Z,KXBTC15M-26OCT042315-15,0.0240,0.01,yes
2026-10-05T03:13:35.555532Z,KXBTC15M-26OCT042315-15,0.0290,5.68,yes
2026-10-05T03:13:35.558076Z,KXBTC15M-26OCT042315-15,0.0310,0.02,yes
2026-10-05T03:13:35.561306Z,KXBTC15M-26OCT042315-15,0.0300,11.00,yes
2026-10-05T03:13:35.563448Z,KXBTC15M-26OCT042315-15,0.0310,61.73,yes
2026-10-05T03:13:35.563448Z,KXBTC15M-26OCT042315-15,0.0290,0.01,yes
2026-10-05T03:13:35.565394Z,KXBTC15M-26OCT042315-15,0.0310,39.81,yes
2026-10-05T03:13:35.568024Z,KXBTC15M-26OCT042315-15,0.0310,0.44,yes
2026-10-05T03:13:35.568024Z,KXBTC15M-26OCT042315-15,0.0310,0.01,yes
2026-10-05T03:13:35.568024Z,KXBTC15M-26OCT042315-15,0.0310,0.01,yes
2026-10-05T03:13:35.57905Z,KXBTC15M-26OCT042315-15,0.0310,0.01,yes
2026-10-05T03:13:35.586979Z,KXBTC15M-26OCT042315-15,0.0360,28.97,yes
2026-10-05T03:13:35.591307Z,KXBTC15M-26OCT042315-15,0.0360,11.03,yes
2026-10-05T03:13:35.591307Z,KXBTC15M-26OCT042315-15,0.0390,5.44,yes
2026-10-05T03:13:35.591307Z,KXBTC15M-26OCT042315-15,0.0380,0.09,yes
2026-10-05T03:13:35.591307Z,KXBTC15M-26OCT042315-15,0.0360,0.09,yes
2026-10-05T03:13:35.591307Z,KXBTC15M-26OCT042315-15,0.0370,0.13,yes
2026-10-05T03:13:35.591307Z,KXBTC15M-26OCT042315-15,0.0380,11.00,yes
2026-10-05T03:13:35.591307Z,KXBTC15M-26OCT042315-15,0.0360,0.01,yes
2026-10-05T03:13:35.591307Z,KXBTC15M-26OCT042315-15,0.0360,0.01,yes
2026-10-05T03:13:35.617259Z,KXBTC15M-26OCT042315-15,0.0350,150.00,no
2026-10-05T03:13:35.62024Z,KXBTC15M-26OCT042315-15,0.0350,128.00,no
2026-10-05T03:13:35.620431Z,KXBTC15M-26OCT042315-15,0.0350,1.00,no
2026-10-05T03:13:35.624332Z,KXBTC15M-26OCT042315-15,0.0360,2.12,yes
2026-10-05T03:13:35.631182Z,KXBTC15M-26OCT042315-15,0.0350,82.00,no
2026-10-05T03:13:35.655298Z,KXBTC15M-26OCT042315-15,0.0320,45.00,no
2026-10-05T03:13:35.655298Z,KXBTC15M-26OCT042315-15,0.0380,0.01,no
2026-10-05T03:13:35.655298Z,KXBTC15M-26OCT042315-15,0.0320,2.00,no
2026-10-05T03:13:35.655298Z,KXBTC15M-26OCT042315-15,0.0330,1047.00,no
2026-10-05T03:13:35.655298Z,KXBTC15M-26OCT042315-15,0.0380,0.01,no
2026-10-05T03:13:35.655298Z,KXBTC15M-26OCT042315-15,0.0350,0.01,no
2026-10-05T03:13:35.655298Z,KXBTC15M-26OCT042315-15,0.0350,0.01,no
2026-10-05T03:13:35.655298Z,KXBTC15M-26OCT042315-15,0.0350,428.97,no
2026-10-05T03:13:35.655298Z,KXBTC15M-26OCT042315-15,0.0380,3141.00,no
2026-10-05T03:13:35.655298Z,KXBTC15M-26OCT042315-15,0.0350,686.00,no
2026-10-05T03:13:35.655298Z,KXBTC15M-26OCT042315-15,0.0310,164.99,no
2026-10-05T03:13:35.655298Z,KXBTC15M-26OCT042315-15,0.0360,10.00,no
2026-10-05T03:13:35.655298Z,KXBTC15M-26OCT042315-15,0.0350,471.00,no
2026-10-05T03:13:35.655298Z,KXBTC15M-26OCT042315-15,0.0330,2.00,no
2026-10-05T03:13:35.655298Z,KXBTC15M-26OCT042315-15,0.0320,2.00,no
2026-10-05T03:13:35.718025Z,KXBTC15M-26OCT042315-15,0.0380,0.01,no
2026-10-05T03:13:35.718025Z,KXBTC15M-26OCT042315-15,0.0380,1.12,no
2026-10-05T03:13:35.718025Z,KXBTC15M-26OCT042315-15,0.0380,1.11,no
2026-10-05T03:13:35.718025Z,KXBTC15M-26OCT042315-15,0.0380,0.01,no
2026-10-05T03:13:35.718025Z,KXBTC15M-26OCT042315-15,0.0330,87.06,no
2026-10-05T03:13:35.801494Z,KXBTC15M-26OCT042315-15,0.0300,93.75,no
2026-10-05T03:13:35.801494Z,KXBTC15M-26OCT042315-15,0.0300,64.00,no
2026-10-05T03:13:35.801494Z,KXBTC15M-26OCT042315-15,0.0330,0.01,no
2026-10-05T03:13:35.801494Z,KXBTC15M-26OCT042315-15,0.0340,0.01,no
2026-10-05T03:13:35.801494Z,KXBTC15M-26OCT042315-15,0.0300,15.00,no
2026-10-05T03:13:35.801494Z,KXBTC15M-26OCT042315-15,0.0280,677.35,no
2026-10-05T03:13:35.801494Z,KXBTC15M-26OCT042315-15,0.0300,93.75,no
2026-10-05T03:13:35.801494Z,KXBTC15M-26OCT042315-15,0.0300,2.00,no
2026-10-05T03:13:35.801494Z,KXBTC15M-26OCT042315-15,0.0340,0.01,no
2026-10-05T03:13:35.801494Z,KXBTC15M-26OCT042315-15,0.0310,2.00,no
2026-10-05T03:13:35.801494Z,KXBTC15M-26OCT042315-15,0.0320,10.00,no
2026-10-05T03:13:35.801494Z,KXBTC15M-26OCT042315-15,0.0300,64.00,no
2026-10-05T03:13:35.801494Z,KXBTC15M-26OCT042315-15,0.0330,0.01,no
2026-10-05T03:13:35.818972Z,KXBTC15M-26OCT042315-15,0.0290,2.00,no
2026-10-05T03:13:35.818972Z,KXBTC15M-26OCT042315-15,0.0280,2.00,no
2026-10-05T03:13:35.818972Z,KXBTC15M-26OCT042315-15,0.0280,251.46,no
2026-10-05T03:13:35.818972Z,KXBTC15M-26OCT042315-15,0.0290,0.01,no
2026-10-05T03:13:35.821879Z,KXBTC15M-26OCT042315-15,0.0280,1.00,no
2026-10-05T03:13:35.826165Z,KXBTC15M-26OCT042315-15,0.0260,21.98,no
2026-10-05T03:13:35.826165Z,KXBTC15M-26OCT042315-15,0.0260,2.00,no
2026-10-05T03:13:35.826165Z,KXBTC15M-26OCT042315-15,0.0280,2.00,no
2026-10-05T03:13:35.826165Z,KXBTC15M-26OCT042315-15,0.0270,39.00,no
2026-10-05T03:13:35.826165Z,KXBTC15M-26OCT042315-15,0.0270,2.00,no
2026-10-05T03:13:35.826165Z,KXBTC15M-26OCT042315-15,0.0270,2.00,no
2026-10-05T03:13:35.826165Z,KXBTC15M-26OCT042315-15,0.0280,200.00,no
2026-10-05T03:13:35.854354Z,KXBTC15M-26OCT042315-15,0.0240,10.00,no
2026-10-05T03:13:35.854354Z,KXBTC15M-26OCT042315-15,0.0270,0.01,no
2026-10-05T03:13:35.854354Z,KXBTC15M-26OCT042315-15,0.0260,232.00,no
2026-10-05T03:13:35.854354Z,KXBTC15M-26OCT042315-15,0.0260,400.02,no
2026-10-05T03:13:35.854354Z,KXBTC15M-26OCT042315-15,0.0250,93.75,no
2026-10-05T03:13:35.854354Z,KXBTC15M-26OCT042315-15,0.0230,873.45,no
2026-10-05T03:13:35.854354Z,KXBTC15M-26OCT042315-15,0.0250,15.00,no
2026-10-05T03:13:35.854354Z,KXBTC15M-26OCT042315-15,0.0280,0.01,no
2026-10-05T03:13:35.854354Z,KXBTC15M-26OCT042315-15,0.0260,500.00,no
2026-10-05T03:13:35.854354Z,KXBTC15M-26OCT042315-15,0.0280,400.00,no
2026-10-05T03:13:35.854354Z,KXBTC15M-26OCT042315-15,0.0250,93.75,no
2026-10-05T03:13:35.854354Z,KXBTC15M-26OCT042315-15,0.0280,0.01,no
2026-10-05T03:13:35.854354Z,KXBTC15M-26OCT042315-15,0.0250,2.00,no
2026-10-05T03:13:35.854354Z,KXBTC15M-26OCT042315-15,0.0240,2.00,no
2026-10-05T03:13:35.857025Z,KXBTC15M-26OCT042315-15,0.0270,7.00,no
2026-10-05T03:13:35.911434Z,KXBTC15M-26OCT042315-15,0.0240,0.01,no
2026-10-05T03:13:35.911434Z,KXBTC15M-26OCT042315-15,0.0230,36.07,no
2026-10-05T03:13:35.911434Z,KXBTC15M-26OCT042315-15,0.0230,15.00,no
2026-10-05T03:13:35.911434Z,KXBTC15M-26OCT042315-15,0.0240,0.01,no
2026-10-05T03:13:35.940298Z,KXBTC15M-26OCT042315-15,0.0250,0.01,yes
2026-10-05T03:13:35.940298Z,KXBTC15M-26OCT042315-15,0.0260,313.80,yes
2026-10-05T03:13:35.940298Z,KXBTC15M-26OCT042315-15,0.0250,12.00,yes
2026-10-05T03:13:35.940298Z,KXBTC15M-26OCT042315-15,0.0250,0.01,yes
2026-10-05T03:13:35.940298Z,KXBTC15M-26OCT042315-15,0.0250,184.18,yes
2026-10-05T03:13:35.9402Z,KXBTC15M-26OCT042315-15,0.0250,15.00,yes
2026-10-05T03:13:35.9402Z,KXBTC15M-26OCT042315-15,0.0250,357.18,yes
2026-10-05T03:13:35.9402Z,KXBTC15M-26OCT042315-15,0.0250,15.82,yes
2026-10-05T03:13:35.9402Z,KXBTC15M-26OCT042315-15,0.0250,192.00,yes
2026-10-05T03:13:35.9402Z,KXBTC15M-26OCT042315-15,0.0250,96.00,yes
2026-10-05T03:13:35.969189Z,KXBTC15M-26OCT042315-15,0.0240,15.00,no
2026-10-05T03:13:35.969189Z,KXBTC15M-26OCT042315-15,0.0240,0.01,no
2026-10-05T03:13:35.969189Z,KXBTC15M-26OCT042315-15,0.0240,370.17,no
2026-10-05T03:13:35.969189Z,KXBTC15M-26OCT042315-15,0.0240,0.01,no
2026-10-05T03:13:35.969189Z,KXBTC15M-26OCT042315-15,0.0240,44.00,no
2026-10-05T03:13:35.970406Z,KXBTC15M-26OCT042315-15,0.0250,0.83,yes
2026-10-05T03:13:35.970406Z,KXBTC15M-26OCT042315-15,0.0250,0.01,yes
2026-10-05T03:13:35.970406Z,KXBTC15M-26OCT042315-15,0.0250,0.01,yes
2026-10-05T03:13:35.981766Z,KXBTC15M-26OCT042315-15,0.0240,0.01,no
2026-10-05T03:13:35.981766Z,KXBTC15M-26OCT042315-15,0.0240,5.09,no
2026-10-05T03:13:35.987286Z,KXBTC15M-26OCT042315-15,0.0240,10.50,no
2026-10-05T03:13:35.995521Z,KXBTC15M-26OCT042315-15,0.0240,0.01,no
2026-10-05T03:13:35.995521Z,KXBTC15M-26OCT042315-15,0.0240,47.32,no
2026-10-05T03:13:35.995521Z,KXBTC15M-26OCT042315-15,0.0240,0.01,no
2026-10-05T03:13:36.06176Z,KXBTC15M-26OCT042315-15,0.0240,5.63,no
2026-10-05T03:13:36.06176Z,KXBTC15M-26OCT042315-15,0.0240,0.01,no
2026-10-05T03:13:36.06176Z,KXBTC15M-26OCT042315-15,0.0240,0.01,no
2026-10-05T03:13:36.070041Z,KXBTC15M-26OCT042315-15,0.0250,6.38,yes
2026-10-05T03:13:36.070041Z,KXBTC15M-26OCT042315-15,0.0250,11.17,yes
2026-10-05T03:13:36.081275Z,KXBTC15M-26OCT042315-15,0.0250,26.02,yes
2026-10-05T03:13:36.130622Z,KXBTC15M-26OCT042315-15,0.0250,123.75,yes
2026-10-05T03:13:36.154776Z,KXBTC15M-26OCT042315-15,0.0240,0.01,no
2026-10-05T03:13:36.154776Z,KXBTC15M-26OCT042315-15,0.0240,0.01,no
2026-10-05T03:13:36.154776Z,KXBTC15M-26OCT042315-15,0.0230,71.51,no
2026-10-05T03:13:36.191221Z,KXBTC15M-26OCT042315-15,0.0240,0.01,no
2026-10-05T03:13:36.191221Z,KXBTC15M-26OCT042315-15,0.0240,0.01,no
2026-10-05T03:13:36.191221Z,KXBTC15M-26OCT042315-15,0.0230,10.31,no
2026-10-05T03:13:36.21908Z,KXBTC15M-26OCT042315-15,0.0250,34.27,yes
2026-10-05T03:13:36.231826Z,KXBTC15M-26OCT042315-15,0.0240,0.01,no
2026-10-05T03:13:36.231826Z,KXBTC15M-26OCT042315-15,0.0240,0.01,no
2026-10-05T03:13:36.231826Z,KXBTC15M-26OCT042315-15,0.0230,32.20,no
2026-10-05T03:13:36.243718Z,KXBTC15M-26OCT042315-15,0.0250,121.86,yes
2026-10-05T03:13:36.243718Z,KXBTC15M-26OCT042315-15,0.0250,9.58,yes
2026-10-05T03:13:36.243718Z,KXBTC15M-26OCT042315-15,0.0250,0.01,yes
2026-10-05T03:13:36.243718Z,KXBTC15M-26OCT042315-15,0.0250,0.83,yes
2026-10-05T03:13:36.243718Z,KXBTC15M-26OCT042315-15,0.0250,0.01,yes
2026-10-05T03:13:36.318327Z,KXBTC15M-26OCT042315-15,0.0240,15.00,yes
2026-10-05T03:13:36.318327Z,KXBTC15M-26OCT042315-15,0.0240,0.01,yes
2026-10-05T03:13:36.318327Z,KXBTC15M-26OCT042315-15,0.0240,2.14,yes
2026-10-05T03:13:36.318327Z,KXBTC15M-26OCT042315-15,0.0240,0.01,yes
2026-10-05T03:13:36.326839Z,KXBTC15M-26OCT042315-15,0.0230,0.01,no
2026-10-05T03:13:36.326839Z,KXBTC15M-26OCT042315-15,0.0230,28.84,no
2026-10-05T03:13:36.326839Z,KXBTC15M-26OCT042315-15,0.0230,0.01,no
2026-10-05T03:13:36.326839Z,KXBTC15M-26OCT042315-15,0.0230,47.14,no
2026-10-05T03:13:36.329903Z,KXBTC15M-26OCT042315-15,0.0240,9.86,yes
2026-10-05T03:13:36.329903Z,KXBTC15M-26OCT042315-15,0.0240,9.00,yes
2026-10-05T03:13:36.381299Z,KXBTC15M-26OCT042315-15,0.0240,36.00,yes
2026-10-05T03:13:36.40296Z,KXBTC15M-26OCT042315-15,0.0230,0.10,no
2026-10-05T03:13:36.559321Z,KXBTC15M-26OCT042315-15,0.0230,14.90,no
2026-10-05T03:13:36.559321Z,KXBTC15M-26OCT042315-15,0.0200,2.00,no
2026-10-05T03:13:36.559321Z,KXBTC15M-26OCT042315-15,0.0200,200.00,no
2026-10-05T03:13:36.559321Z,KXBTC15M-26OCT042315-15,0.0230,0.01,no
2026-10-05T03:13:36.559321Z,KXBTC15M-26OCT042315-15,0.0230,0.01,no
2026-10-05T03:13:36.559321Z,KXBTC15M-26OCT042315-15,0.0210,0.76,no
2026-10-05T03:13:36.559321Z,KXBTC15M-26OCT042315-15,0.0200,50.00,no
2026-10-05T03:13:36.559321Z,KXBTC15M-26OCT042315-15,0.0210,261.00,no
2026-10-05T03:13:36.559321Z,KXBTC15M-26OCT042315-15,0.0210,2.00,no
2026-10-05T03:13:36.559321Z,KXBTC15M-26OCT042315-15,0.0200,15.00,no
2026-10-05T03:13:36.559321Z,KXBTC15M-26OCT042315-15,0.0200,0.32,no
2026-10-05T03:13:36.571841Z,KXBTC15M-26OCT042315-15,0.0190,2.00,no
2026-10-05T03:13:36.571841Z,KXBTC15M-26OCT042315-15,0.0190,7.02,no
2026-10-05T03:13:36.571854Z,KXBTC15M-26OCT042315-15,0.0200,0.01,yes
2026-10-05T03:13:36.571854Z,KXBTC15M-26OCT042315-15,0.0200,0.01,yes
2026-10-05T03:13:36.571854Z,KXBTC15M-26OCT042315-15,0.0200,50.00,yes
2026-10-05T03:13:36.571854Z,KXBTC15M-26OCT042315-15,0.0200,9.00,yes
2026-10-05T03:13:36.588843Z,KXBTC15M-26OCT042315-15,0.0220,100.00,no
2026-10-05T03:13:36.622727Z,KXBTC15M-26OCT042315-15,0.0220,0.52,no
2026-10-05T03:13:36.633755Z,KXBTC15M-26OCT042315-15,0.0220,2.04,no
2026-10-05T03:13:36.69003Z,KXBTC15M-26OCT042315-15,0.0220,8.00,no
2026-10-05T03:13:36.697688Z,KXBTC15M-26OCT042315-15,0.0230,3.29,yes
2026-10-05T03:13:36.707523Z,KXBTC15M-26OCT042315-15,0.0230,117.00,yes
2026-10-05T03:13:36.718283Z,KXBTC15M-26OCT042315-15,0.0230,187.22,yes
2026-10-05T03:13:36.722086Z,KXBTC15M-26OCT042315-15,0.0230,35.59,yes
2026-10-05T03:13:36.760287Z,KXBTC15M-26OCT042315-15,0.0230,195.01,yes
2026-10-05T03:13:36.778641Z,KXBTC15M-26OCT042315-15,0.0230,24.96,yes
2026-10-05T03:13:36.841991Z,KXBTC15M-26OCT042315-15,0.0220,89.00,no
2026-10-05T03:13:36.90556Z,KXBTC15M-26OCT042315-15,0.0220,151.00,no
2026-10-05T03:13:36.941363Z,KXBTC15M-26OCT042315-15,0.0220,20.41,no
2026-10-05T03:13:36.951749Z,KXBTC15M-26OCT042315-15,0.0230,9.71,yes
2026-10-05T03:13:36.965451Z,KXBTC15M-26OCT042315-15,0.0230,2463.01,yes
2026-10-05T03:13:36.965451Z,KXBTC15M-26OCT042315-15,0.0230,15.00,yes
2026-10-05T03:13:36.965451Z,KXBTC15M-26OCT042315-15,0.0230,165.33,yes
2026-10-05T03:13:36.965451Z,KXBTC15M-26OCT042315-15,0.0230,0.01,yes
2026-10-05T03:13:36.965451Z,KXBTC15M-26OCT042315-15,0.0230,0.01,yes
2026-10-05T03:13:36.973406Z,KXBTC15M-26OCT042315-15,0.0230,111.00,yes
2026-10-05T03:13:36.976456Z,KXBTC15M-26OCT042315-15,0.0230,1.07,yes
2026-10-05T03:13:37.002206Z,KXBTC15M-26OCT042315-15,0.0220,200.86,no
2026-10-05T03:13:37.06111Z,KXBTC15M-26OCT042315-15,0.0250,25.00,yes
2026-10-05T03:13:37.06111Z,KXBTC15M-26OCT042315-15,0.0250,119.15,yes
2026-10-05T03:13:37.06111Z,KXBTC15M-26OCT042315-15,0.0230,0.01,yes
2026-10-05T03:13:37.06111Z,KXBTC15M-26OCT042315-15,0.0270,150.00,yes
2026-10-05T03:13:37.06111Z,KXBTC15M-26OCT042315-15,0.0260,2.00,yes
2026-10-05T03:13:37.06111Z,KXBTC15M-26OCT042315-15,0.0230,400.00,yes
2026-10-05T03:13:37.06111Z,KXBTC15M-26OCT042315-15,0.0230,0.01,yes
2026-10-05T03:13:37.06111Z,KXBTC15M-26OCT042315-15,0.0230,35.00,yes
2026-10-05T03:13:37.06111Z,KXBTC15M-26OCT042315-15,0.0270,2.00,yes
2026-10-05T03:13:37.06111Z,KXBTC15M-26OCT042315-15,0.0240,200.00,yes
2026-10-05T03:13:37.06111Z,KXBTC15M-26OCT042315-15,0.0270,2.00,yes
2026-10-05T03:13:37.102858Z,KXBTC15M-26OCT042315-15,0.0270,12.00,no
2026-10-05T03:13:37.113274Z,KXBTC15M-26OCT042315-15,0.0270,1.02,no
2026-10-05T03:13:37.123225Z,KXBTC15M-26OCT042315-15,0.0270,20.41,no
2026-10-05T03:13:37.130539Z,KXBTC15M-26OCT042315-15,0.0280,0.57,yes
2026-10-05T03:13:37.130539Z,KXBTC15M-26OCT042315-15,0.0280,12.00,yes
2026-10-05T03:13:37.130539Z,KXBTC15M-26OCT042315-15,0.0280,90.00,yes
2026-10-05T03:13:37.130539Z,KXBTC15M-26OCT042315-15,0.0280,2.00,yes
2026-10-05T03:13:37.130539Z,KXBTC15M-26OCT042315-15,0.0280,2.00,yes
2026-10-05T03:13:37.15481Z,KXBTC15M-26OCT042315-15,0.0270,1.02,no
2026-10-05T03:13:37.191858Z,KXBTC15M-26OCT042315-15,0.0240,122.73,no
2026-10-05T03:13:37.191858Z,KXBTC15M-26OCT042315-15,0.0270,0.01,no
2026-10-05T03:13:37.191858Z,KXBTC15M-26OCT042315-15,0.0270,30.38,no
2026-10-05T03:13:37.191858Z,KXBTC15M-26OCT042315-15,0.0270,0.01,no
2026-10-05T03:13:37.212449Z,KXBTC15M-26OCT042315-15,0.0260,0.01,yes
2026-10-05T03:13:37.212449Z,KXBTC15M-26OCT042315-15,0.0270,0.01,yes
2026-10-05T03:13:37.212449Z,KXBTC15M-26OCT042315-15,0.0270,0.01,yes
2026-10-05T03:13:37.212449Z,KXBTC15M-26OCT042315-15,0.0280,168.96,yes
2026-10-05T03:13:37.212449Z,KXBTC15M-26OCT042315-15,0.0270,150.00,yes
2026-10-05T03:13:37.212449Z,KXBTC15M-26OCT042315-15,0.0260,26.00,yes
2026-10-05T03:13:37.212449Z,KXBTC15M-26OCT042315-15,0.0260,0.01,yes
2026-10-05T03:13:37.212449Z,KXBTC15M-26OCT042315-15,0.0270,200.00,yes
2026-10-05T03:13:37.212449Z,KXBTC15M-26OCT042315-15,0.0250,1.00,yes
2026-10-05T03:13:37.278709Z,KXBTC15M-26OCT042315-15,0.0230,168.21,no
2026-10-05T03:13:37.278709Z,KXBTC15M-26OCT042315-15,0.0240,0.01,no
2026-10-05T03:13:37.278709Z,KXBTC15M-26OCT042315-15,0.0240,0.01,no
2026-10-05T03:13:37.278709Z,KXBTC15M-26OCT042315-15,0.0230,10.00,no
2026-10-05T03:13:37.289694Z,KXBTC15M-26OCT042315-15,0.0240,10.00,no
2026-10-05T03:13:37.289694Z,KXBTC15M-26OCT042315-15,0.0230,10.00,no
2026-10-05T03:13:37.289694Z,KXBTC15M-26OCT042315-15,0.0240,0.01,no
2026-10-05T03:13:37.289694Z,KXBTC15M-26OCT042315-15,0.0240,0.01,no
2026-10-05T03:13:37.289694Z,KXBTC15M-26OCT042315-15,0.0230,200.00,no
2026-10-05T03:13:37.289694Z,KXBTC15M-26OCT042315-15,0.0230,309.79,no
2026-10-05T03:13:37.289694Z,KXBTC15M-26OCT042315-15,0.0230,369.88,no
2026-10-05T03:13:37.289694Z,KXBTC15M-26OCT042315-15,0.0220,690.90,no
2026-10-05T03:13:37.32144Z,KXBTC15M-26OCT042315-15,0.0250,53.49,yes
2026-10-05T03:13:37.450812Z,KXBTC15M-26OCT042315-15,0.0240,0.01,no
2026-10-05T03:13:37.450812Z,KXBTC15M-26OCT042315-15,0.0230,10.00,no
2026-10-05T03:13:37.450812Z,KXBTC15M-26OCT042315-15,0.0240,0.01,no
2026-10-05T03:13:37.450812Z,KXBTC15M-26OCT042315-15,0.0220,5.47,no
2026-10-05T03:13:37.451624Z,KXBTC15M-26OCT042315-15,0.0250,3.97,yes
2026-10-05T03:13:37.518641Z,KXBTC15M-26OCT042315-15,0.0220,500.00,no
2026-10-05T03:13:37.518641Z,KXBTC15M-26OCT042315-15,0.0200,1000.00,no
2026-10-05T03:13:37.518641Z,KXBTC15M-26OCT042315-15,0.0190,2.00,no
2026-10-05T03:13:37.518641Z,KXBTC15M-26OCT042315-15,0.0220,0.01,no
2026-10-05T03:13:37.518641Z,KXBTC15M-26OCT042315-15,0.0200,50.00,no
2026-10-05T03:13:37.518641Z,KXBTC15M-26OCT042315-15,0.0230,200.00,no
2026-10-05T03:13:37.518641Z,KXBTC15M-26OCT042315-15,0.0200,15.00,no
2026-10-05T03:13:37.518641Z,KXBTC15M-26OCT042315-15,0.0230,0.01,no
2026-10-05T03:13:37.518641Z,KXBTC15M-26OCT042315-15,0.0210,2.00,no
2026-10-05T03:13:37.518641Z,KXBTC15M-26OCT042315-15,0.0200,2.00,no
2026-10-05T03:13:37.518641Z,KXBTC15M-26OCT042315-15,0.0200,2.00,no
2026-10-05T03:13:37.518641Z,KXBTC15M-26OCT042315-15,0.0230,0.01,no
2026-10-05T03:13:37.518641Z,KXBTC15M-26OCT042315-15,0.0190,2.00,no
2026-10-05T03:13:37.518641Z,KXBTC15M-26OCT042315-15,0.0230,57.46,no
2026-10-05T03:13:37.518641Z,KXBTC15M-26OCT042315-15,0.0230,10.00,no
2026-10-05T03:13:37.518641Z,KXBTC15M-26OCT042315-15,0.0210,250.00,no
2026-10-05T03:13:37.518641Z,KXBTC15M-26OCT042315-15,0.0190,49.00,no
2026-10-05T03:13:37.518641Z,KXBTC15M-26OCT042315-15,0.0220,472.78,no
2026-10-05T03:13:37.518641Z,KXBTC15M-26OCT042315-15,0.0220,3141.00,no
2026-10-05T03:13:37.518641Z,KXBTC15M-26OCT042315-15,0.0180,424.68,no
2026-10-05T03:13:37.518641Z,KXBTC15M-26OCT042315-15,0.0200,1047.00,no
2026-10-05T03:13:37.518641Z,KXBTC15M-26OCT042315-15,0.0220,15.00,no
2026-10-05T03:13:37.557492Z,KXBTC15M-26OCT042315-15,0.0160,0.99,no
2026-10-05T03:13:37.557492Z,KXBTC15M-26OCT042315-15,0.0190,0.01,no
2026-10-05T03:13:37.557492Z,KXBTC15M-26OCT042315-15,0.0190,0.01,no
2026-10-05T03:13:37.557492Z,KXBTC15M-26OCT042315-15,0.0180,0.01,no
2026-10-05T03:13:37.557492Z,KXBTC15M-26OCT042315-15,0.0180,0.01,no
2026-10-05T03:13:37.557492Z,KXBTC15M-26OCT042315-15,0.0190,1.11,no
2026-10-05T03:13:37.589867Z,KXBTC15M-26OCT042315-15,0.0170,136.00,yes
2026-10-05T03:13:37.593707Z,KXBTC15M-26OCT042315-15,0.0170,584.00,yes
2026-10-05T03:13:37.609799Z,KXBTC15M-26OCT042315-15,0.0170,10.00,yes
2026-10-05T03:13:37.61237Z,KXBTC15M-26OCT042315-15,0.0160,6.95,no
2026-10-05T03:13:37.61237Z,KXBTC15M-26OCT042315-15,0.0160,0.01,no
2026-10-05T03:13:37.61237Z,KXBTC15M-26OCT042315-15,0.0160,0.01,no
2026-10-05T03:13:37.61237Z,KXBTC15M-26OCT042315-15,0.0160,2.00,no
2026-10-05T03:13:37.61237Z,KXBTC15M-26OCT042315-15,0.0160,400.00,no
2026-10-05T03:13:37.61237Z,KXBTC15M-26OCT042315-15,0.0160,191.03,no
2026-10-05T03:13:37.61237Z,KXBTC15M-26OCT042315-15,0.0160,150.00,no
2026-10-05T03:13:37.635432Z,KXBTC15M-26OCT042315-15,0.0170,40.69,yes
2026-10-05T03:13:37.647438Z,KXBTC15M-26OCT042315-15,0.0160,200.00,no
2026-10-05T03:13:37.647438Z,KXBTC15M-26OCT042315-15,0.0160,234.50,no
2026-10-05T03:13:37.647438Z,KXBTC15M-26OCT042315-15,0.0160,315.48,no
2026-10-05T03:13:37.647438Z,KXBTC15M-26OCT042315-15,0.0160,0.01,no
2026-10-05T03:13:37.647438Z,KXBTC15M-26OCT042315-15,0.0160,0.01,no
2026-10-05T03:13:37.682591Z,KXBTC15M-26OCT042315-15,0.0160,316.86,no
2026-10-05T03:13:37.682591Z,KXBTC15M-26OCT042315-15,0.0160,0.01,no
2026-10-05T03:13:37.682591Z,KXBTC15M-26OCT042315-15,0.0160,1.12,no
2026-10-05T03:13:37.682591Z,KXBTC15M-26OCT042315-15,0.0160,82.00,no
2026-10-05T03:13:37.682591Z,KXBTC15M-26OCT042315-15,0.0160,200.00,no
2026-10-05T03:13:37.682591Z,KXBTC15M-26OCT042315-15,0.0160,150.00,no
2026-10-05T03:13:37.682591Z,KXBTC15M-26OCT042315-15,0.0160,0.01,no
2026-10-05T03:13:37.717275Z,KXBTC15M-26OCT042315-15,0.0160,0.01,no
2026-10-05T03:13:37.717275Z,KXBTC15M-26OCT042315-15,0.0160,0.01,no
2026-10-05T03:13:37.717275Z,KXBTC15M-26OCT042315-15,0.0160,0.46,no
2026-10-05T03:13:37.717355Z,KXBTC15M-26OCT042315-15,0.0160,212.71,no
2026-10-05T03:13:37.717355Z,KXBTC15M-26OCT042315-15,0.0160,287.29,no
2026-10-05T03:13:37.72547Z,KXBTC15M-26OCT042315-15,0.0160,0.01,no
2026-10-05T03:13:37.72547Z,KXBTC15M-26OCT042315-15,0.0160,112.71,no
2026-10-05T03:13:37.72547Z,KXBTC15M-26OCT042315-15,0.0150,51.53,no
2026-10-05T03:13:37.743097Z,KXBTC15M-26OCT042315-15,0.0170,0.31,yes
2026-10-05T03:13:37.757605Z,KXBTC15M-26OCT042315-15,0.0170,28.08,yes
2026-10-05T03:13:37.804326Z,KXBTC15M-26OCT042315-15,0.0170,132.75,yes
2026-10-05T03:13:37.805555Z,KXBTC15M-26OCT042315-15,0.0160,1.11,no
2026-10-05T03:13:37.805555Z,KXBTC15M-26OCT042315-15,0.0160,5.90,no
2026-10-05T03:13:37.875267Z,KXBTC15M-26OCT042315-15,0.0170,6.00,yes
2026-10-05T03:13:37.875483Z,KXBTC15M-26OCT042315-15,0.0170,6.00,yes
2026-10-05T03:13:37.880517Z,KXBTC15M-26OCT042315-15,0.0170,37.44,yes
2026-10-05T03:13:37.880789Z,KXBTC15M-26OCT042315-15,0.0170,6.00,yes
2026-10-05T03:13:37.880939Z,KXBTC15M-26OCT042315-15,0.0170,1.31,yes
2026-10-05T03:13:37.884648Z,KXBTC15M-26OCT042315-15,0.0170,5.67,yes
2026-10-05T03:13:37.89625Z,KXBTC15M-26OCT042315-15,0.0170,16.72,yes
2026-10-05T03:13:37.928842Z,KXBTC15M-26OCT042315-15,0.0160,1.11,no
2026-10-05T03:13:37.928842Z,KXBTC15M-26OCT042315-15,0.0160,99.01,no
2026-10-05T03:13:37.928842Z,KXBTC15M-26OCT042315-15,0.0160,0.01,no
2026-10-05T03:13:37.935Z,KXBTC15M-26OCT042315-15,0.0160,164.25,no
2026-10-05T03:13:38.014541Z,KXBTC15M-26OCT042315-15,0.0160,9.96,no
2026-10-05T03:13:38.028201Z,KXBTC15M-26OCT042315-15,0.0160,126.78,no
2026-10-05T03:13:38.028201Z,KXBTC15M-26OCT042315-15,0.0160,19.35,no
2026-10-05T03:13:38.034467Z,KXBTC15M-26OCT042315-15,0.0160,50.00,no
2026-10-05T03:13:38.048902Z,KXBTC15M-26OCT042315-15,0.0170,107.83,yes
2026-10-05T03:13:38.111469Z,KXBTC15M-26OCT042315-15,0.0170,201.82,yes
2026-10-05T03:13:38.111469Z,KXBTC15M-26OCT042315-15,0.0160,0.01,yes
2026-10-05T03:13:38.111469Z,KXBTC15M-26OCT042315-15,0.0160,15.00,yes
2026-10-05T03:13:38.111469Z,KXBTC15M-26OCT042315-15,0.0160,0.01,yes
2026-10-05T03:13:38.117661Z,KXBTC15M-26OCT042315-15,0.0170,16.30,yes
2026-10-05T03:13:38.144295Z,KXBTC15M-26OCT042315-15,0.0160,0.01,yes
2026-10-05T03:13:38.144295Z,KXBTC15M-26OCT042315-15,0.0160,15.00,yes
2026-10-05T03:13:38.144295Z,KXBTC15M-26OCT042315-15,0.0160,0.01,yes
2026-10-05T03:13:38.149249Z,KXBTC15M-26OCT042315-15,0.0150,3.95,no
2026-10-05T03:13:38.175597Z,KXBTC15M-26OCT042315-15,0.0170,19.96,yes
2026-10-05T03:13:38.189224Z,KXBTC15M-26OCT042315-15,0.0170,85.75,yes
2026-10-05T03:13:38.216454Z,KXBTC15M-26OCT042315-15,0.0160,52.53,no
2026-10-05T03:13:38.285396Z,KXBTC15M-26OCT042315-15,0.0170,25.44,yes
2026-10-05T03:13:38.325622Z,KXBTC15M-26OCT042315-15,0.0160,84.33,no
2026-10-05T03:13:38.344566Z,KXBTC15M-26OCT042315-15,0.0170,6.72,yes
2026-10-05T03:13:38.348987Z,KXBTC15M-26OCT042315-15,0.0170,275.18,yes
2026-10-05T03:13:38.366299Z,KXBTC15M-26OCT042315-15,0.0170,110.07,yes
2026-10-05T03:13:38.367927Z,KXBTC15M-26OCT042315-15,0.0160,2.77,no
2026-10-05T03:13:38.368419Z,KXBTC15M-26OCT042315-15,0.0170,540.00,yes
2026-10-05T03:13:38.383523Z,KXBTC15M-26OCT042315-15,0.0160,10.37,no
2026-10-05T03:13:38.383523Z,KXBTC15M-26OCT042315-15,0.0160,105.62,no
2026-10-05T03:13:38.417117Z,KXBTC15M-26OCT042315-15,0.0170,0.01,yes
2026-10-05T03:13:38.417117Z,KXBTC15M-26OCT042315-15,0.0170,0.02,yes
2026-10-05T03:13:38.417117Z,KXBTC15M-26OCT042315-15,0.0170,29.60,yes
2026-10-05T03:13:38.417117Z,KXBTC15M-26OCT042315-15,0.0170,0.01,yes
2026-10-05T03:13:38.422523Z,KXBTC15M-26OCT042315-15,0.0170,4.70,yes
2026-10-05T03:13:38.426866Z,KXBTC15M-26OCT042315-15,0.0170,13.48,yes
2026-10-05T03:13:38.427015Z,KXBTC15M-26OCT042315-15,0.0160,0.01,no
2026-10-05T03:13:38.427015Z,KXBTC15M-26OCT042315-15,0.0160,57.86,no
2026-10-05T03:13:38.427015Z,KXBTC15M-26OCT042315-15,0.0160,94.38,no
2026-10-05T03:13:38.427015Z,KXBTC15M-26OCT042315-15,0.0160,0.01,no
2026-10-05T03:13:38.432026Z,KXBTC15M-26OCT042315-15,0.0170,3.75,yes
2026-10-05T03:13:38.432026Z,KXBTC15M-26OCT042315-15,0.0190,103.88,yes
2026-10-05T03:13:38.432026Z,KXBTC15M-26OCT042315-15,0.0180,0.02,yes
2026-10-05T03:13:38.432026Z,KXBTC15M-26OCT042315-15,0.0170,3.95,yes
2026-10-05T03:13:38.432026Z,KXBTC15M-26OCT042315-15,0.0170,0.01,yes
2026-10-05T03:13:38.432026Z,KXBTC15M-26OCT042315-15,0.0170,0.01,yes
2026-10-05T03:13:38.44653Z,KXBTC15M-26OCT042315-15,0.0190,3.94,yes
2026-10-05T03:13:38.44653Z,KXBTC15M-26OCT042315-15,0.0170,0.01,yes
2026-10-05T03:13:38.44653Z,KXBTC15M-26OCT042315-15,0.0170,0.01,yes
2026-10-05T03:13:38.466592Z,KXBTC15M-26OCT042315-15,0.0170,68.89,no
2026-10-05T03:13:38.498037Z,KXBTC15M-26OCT042315-15,0.0190,63.44,yes
2026-10-05T03:13:38.517381Z,KXBTC15M-26OCT042315-15,0.0190,180.65,yes
2026-10-05T03:13:38.525907Z,KXBTC15M-26OCT042315-15,0.0180,42.52,no
2026-10-05T03:13:38.53324Z,KXBTC15M-26OCT042315-15,0.0180,567.48,no
2026-10-05T03:13:38.53324Z,KXBTC15M-26OCT042315-15,0.0180,0.01,no
2026-10-05T03:13:38.53324Z,KXBTC15M-26OCT042315-15,0.0180,400.00,no
2026-10-05T03:13:38.53324Z,KXBTC15M-26OCT042315-15,0.0180,0.01,no
2026-10-05T03:13:38.53324Z,KXBTC15M-26OCT042315-15,0.0180,33.00,no
2026-10-05T03:13:38.546358Z,KXBTC15M-26OCT042315-15,0.0180,1.01,no
2026-10-05T03:13:38.589395Z,KXBTC15M-26OCT042315-15,0.0190,0.02,yes
2026-10-05T03:13:38.589395Z,KXBTC15M-26OCT042315-15,0.0190,91.97,yes
2026-10-05T03:13:38.619281Z,KXBTC15M-26OCT042315-15,0.0190,0.01,yes
2026-10-05T03:13:38.619281Z,KXBTC15M-26OCT042315-15,0.0190,125.23,yes
2026-10-05T03:13:38.619281Z,KXBTC15M-26OCT042315-15,0.0190,0.01,yes
2026-10-05T03:13:38.622107Z,KXBTC15M-26OCT042315-15,0.0190,30.77,yes
2026-10-05T03:13:38.622107Z,KXBTC15M-26OCT042315-15,0.0190,15.14,yes
2026-10-05T03:13:38.641126Z,KXBTC15M-26OCT042315-15,0.0200,1.04,yes
2026-10-05T03:13:38.641126Z,KXBTC15M-26OCT042315-15,0.0190,0.01,yes
2026-10-05T03:13:38.641126Z,KXBTC15M-26OCT042315-15,0.0190,0.01,yes
2026-10-05T03:13:38.688661Z,KXBTC15M-26OCT042315-15,0.0160,58.00,no
2026-10-05T03:13:38.688661Z,KXBTC15M-26OCT042315-15,0.0180,500.00,no
2026-10-05T03:13:38.688661Z,KXBTC15M-26OCT042315-15,0.0160,13.00,no
2026-10-05T03:13:38.688661Z,KXBTC15M-26OCT042315-15,0.0180,200.00,no
2026-10-05T03:13:38.688661Z,KXBTC15M-26OCT042315-15,0.0170,200.00,no
2026-10-05T03:13:38.688661Z,KXBTC15M-26OCT042315-15,0.0180,400.00,no
2026-10-05T03:13:38.688661Z,KXBTC15M-26OCT042315-15,0.0180,0.01,no
2026-10-05T03:13:38.688661Z,KXBTC15M-26OCT042315-15,0.0180,0.01,no
2026-10-05T03:13:38.688661Z,KXBTC15M-26OCT042315-15,0.0160,99.00,no
2026-10-05T03:13:38.688661Z,KXBTC15M-26OCT042315-15,0.0150,270.08,no
2026-10-05T03:13:38.688661Z,KXBTC15M-26OCT042315-15,0.0150,3.00,no
2026-10-05T03:13:38.688661Z,KXBTC15M-26OCT042315-15,0.0150,286.08,no
2026-10-05T03:13:38.689701Z,KXBTC15M-26OCT042315-15,0.0190,204.58,yes
2026-10-05T03:13:38.69285Z,KXBTC15M-26OCT042315-15,0.0190,7.36,yes
2026-10-05T03:13:38.700818Z,KXBTC15M-26OCT042315-15,0.0200,9.28,yes
2026-10-05T03:13:38.700818Z,KXBTC15M-26OCT042315-15,0.0190,0.01,yes
2026-10-05T03:13:38.700818Z,KXBTC15M-26OCT042315-15,0.0190,0.01,yes
2026-10-05T03:13:38.719553Z,KXBTC15M-26OCT042315-15,0.0200,27.94,yes
2026-10-05T03:13:38.719553Z,KXBTC15M-26OCT042315-15,0.0190,0.01,yes
2026-10-05T03:13:38.719553Z,KXBTC15M-26OCT042315-15,0.0190,0.01,yes
2026-10-05T03:13:38.719553Z,KXBTC15M-26OCT042315-15,0.0190,13.00,yes
2026-10-05T03:13:38.725197Z,KXBTC15M-26OCT042315-15,0.0200,0.02,yes
2026-10-05T03:13:38.725197Z,KXBTC15M-26OCT042315-15,0.0200,11.74,yes
2026-10-05T03:13:38.725197Z,KXBTC15M-26OCT042315-15,0.0200,37.12,yes
2026-10-05T03:13:38.725197Z,KXBTC15M-26OCT042315-15,0.0190,0.01,yes
2026-10-05T03:13:38.725197Z,KXBTC15M-26OCT042315-15,0.0190,0.01,yes
2026-10-05T03:13:38.749345Z,KXBTC15M-26OCT042315-15,0.0190,4.36,yes
2026-10-05T03:13:38.791278Z,KXBTC15M-26OCT042315-15,0.0190,163.80,yes
2026-10-05T03:13:38.795616Z,KXBTC15M-26OCT042315-15,0.0180,107.54,no
2026-10-05T03:13:38.795616Z,KXBTC15M-26OCT042315-15,0.0180,400.00,no
2026-10-05T03:13:38.795616Z,KXBTC15M-26OCT042315-15,0.0180,0.01,no
2026-10-05T03:13:38.795616Z,KXBTC15M-26OCT042315-15,0.0180,0.01,no
2026-10-05T03:13:38.827443Z,KXBTC15M-26OCT042315-15,0.0190,12.47,yes
2026-10-05T03:13:38.829172Z,KXBTC15M-26OCT042315-15,0.0180,0.01,no
2026-10-05T03:13:38.829172Z,KXBTC15M-26OCT042315-15,0.0180,0.69,no
2026-10-05T03:13:38.829172Z,KXBTC15M-26OCT042315-15,0.0180,0.01,no
2026-10-05T03:13:38.830319Z,KXBTC15M-26OCT042315-15,0.0180,111.69,no
2026-10-05T03:13:38.858608Z,KXBTC15M-26OCT042315-15,0.0190,0.01,yes
2026-10-05T03:13:38.858608Z,KXBTC15M-26OCT042315-15,0.0190,89.45,yes
2026-10-05T03:13:38.858608Z,KXBTC15M-26OCT042315-15,0.0190,0.01,yes
2026-10-05T03:13:38.858608Z,KXBTC15M-26OCT042315-15,0.0190,110.53,yes
2026-10-05T03:13:38.875135Z,KXBTC15M-26OCT042315-15,0.0180,55.83,no
2026-10-05T03:13:38.885205Z,KXBTC15M-26OCT042315-15,0.0190,175.55,yes
2026-10-05T03:13:38.885205Z,KXBTC15M-26OCT042315-15,0.0190,200.00,yes
2026-10-05T03:13:38.885205Z,KXBTC15M-26OCT042315-15,0.0190,26.53,yes
2026-10-05T03:13:38.903019Z,KXBTC15M-26OCT042315-15,0.0190,98.26,yes
2026-10-05T03:13:38.908618Z,KXBTC15M-26OCT042315-15,0.0190,218.69,yes
2026-10-05T03:13:38.926425Z,KXBTC15M-26OCT042315-15,0.0190,57.98,yes
2026-10-05T03:13:38.926425Z,KXBTC15M-26OCT042315-15,0.0190,156.52,yes
2026-10-05T03:13:38.927023Z,KXBTC15M-26OCT042315-15,0.0180,100.00,no
2026-10-05T03:13:38.936477Z,KXBTC15M-26OCT042315-15,0.0190,29.79,yes
2026-10-05T03:13:38.936477Z,KXBTC15M-26OCT042315-15,0.0190,0.01,yes
2026-10-05T03:13:38.936477Z,KXBTC15M-26OCT042315-15,0.0190,0.01,yes
2026-10-05T03:13:38.953688Z,KXBTC15M-26OCT042315-15,0.0190,0.01,yes
2026-10-05T03:13:38.953688Z,KXBTC15M-26OCT042315-15,0.0190,0.01,yes
2026-10-05T03:13:38.953688Z,KXBTC15M-26OCT042315-15,0.0200,3.98,yes
2026-10-05T03:13:38.96828Z,KXBTC15M-26OCT042315-15,0.0180,105.13,no
2026-10-05T03:13:38.968489Z,KXBTC15M-26OCT042315-15,0.0210,181.31,yes
2026-10-05T03:13:38.968489Z,KXBTC15M-26OCT042315-15,0.0200,1.00,yes
2026-10-05T03:13:38.968489Z,KXBTC15M-26OCT042315-15,0.0200,12.00,yes
2026-10-05T03:13:38.968489Z,KXBTC15M-26OCT042315-15,0.0200,2.02,yes
2026-10-05T03:13:38.968489Z,KXBTC15M-26OCT042315-15,0.0200,18.00,yes
2026-10-05T03:13:38.968489Z,KXBTC15M-26OCT042315-15,0.0200,78.00,yes
2026-10-05T03:13:38.968489Z,KXBTC15M-26OCT042315-15,0.0200,66.00,yes
2026-10-05T03:13:38.968489Z,KXBTC15M-26OCT042315-15,0.0200,13.00,yes
2026-10-05T03:13:38.968489Z,KXBTC15M-26OCT042315-15,0.0190,0.01,yes
2026-10-05T03:13:38.968489Z,KXBTC15M-26OCT042315-15,0.0190,0.01,yes
2026-10-05T03:13:38.968489Z,KXBTC15M-26OCT042315-15,0.0200,1.00,yes
2026-10-05T03:13:38.977947Z,KXBTC15M-26OCT042315-15,0.0210,12.87,yes
2026-10-05T03:13:38.977947Z,KXBTC15M-26OCT042315-15,0.0190,0.01,yes
2026-10-05T03:13:38.977947Z,KXBTC15M-26OCT042315-15,0.0200,13.00,yes
2026-10-05T03:13:38.977947Z,KXBTC15M-26OCT042315-15,0.0190,0.01,yes
2026-10-05T03:13:39.194927Z,KXBTC15M-26OCT042315-15,0.0180,0.01,no
2026-10-05T03:13:39.194927Z,KXBTC15M-26OCT042315-15,0.0170,12.00,no
2026-10-05T03:13:39.194927Z,KXBTC15M-26OCT042315-15,0.0180,0.01,no
2026-10-05T03:13:39.194927Z,KXBTC15M-26OCT042315-15,0.0170,17.87,no
2026-10-05T03:13:39.267154Z,KXBTC15M-26OCT042315-15,0.0180,12.00,no
2026-10-05T03:13:39.267154Z,KXBTC15M-26OCT042315-15,0.0170,0.01,no
2026-10-05T03:13:39.267154Z,KXBTC15M-26OCT042315-15,0.0180,0.01,no
2026-10-05T03:13:39.267154Z,KXBTC15M-26OCT042315-15,0.0180,0.01,no
2026-10-05T03:13:39.267154Z,KXBTC15M-26OCT042315-15,0.0170,200.00,no
2026-10-05T03:13:39.267154Z,KXBTC15M-26OCT042315-15,0.0170,406.78,no
2026-10-05T03:13:39.272215Z,KXBTC15M-26OCT042315-15,0.0170,9.00,no
2026-10-05T03:13:39.272215Z,KXBTC15M-26OCT042315-15,0.0170,0.01,no
2026-10-05T03:13:39.272215Z,KXBTC15M-26OCT042315-15,0.0180,0.01,no
2026-10-05T03:13:39.275686Z,KXBTC15M-26OCT042315-15,0.0190,332.09,yes
2026-10-05T03:13:39.275686Z,KXBTC15M-26OCT042315-15,0.0190,0.01,yes
2026-10-05T03:13:39.275686Z,KXBTC15M-26OCT042315-15,0.0190,0.01,yes
2026-10-05T03:13:39.324673Z,KXBTC15M-26OCT042315-15,0.0180,0.01,no
2026-10-05T03:13:39.324673Z,KXBTC15M-26OCT042315-15,0.0180,1.00,no
2026-10-05T03:13:39.367364Z,KXBTC15M-26OCT042315-15,0.0180,0.01,no
2026-10-05T03:13:39.367364Z,KXBTC15M-26OCT042315-15,0.0180,1.00,no
2026-10-05T03:13:39.367364Z,KXBTC15M-26OCT042315-15,0.0180,13.40,no
2026-10-05T03:13:39.367364Z,KXBTC15M-26OCT042315-15,0.0180,0.01,no
2026-10-05T03:13:39.367364Z,KXBTC15M-26OCT042315-15,0.0180,11.00,no
2026-10-05T03:13:39.430791Z,KXBTC15M-26OCT042315-15,0.0200,30.00,yes
2026-10-05T03:13:39.430791Z,KXBTC15M-26OCT042315-15,0.0190,0.01,yes
2026-10-05T03:13:39.430791Z,KXBTC15M-26OCT042315-15,0.0190,0.01,yes
2026-10-05T03:13:39.430791Z,KXBTC15M-26OCT042315-15,0.0200,16.20,yes
2026-10-05T03:13:39.499624Z,KXBTC15M-26OCT042315-15,0.0180,186.60,no
2026-10-05T03:13:39.499624Z,KXBTC15M-26OCT042315-15,0.0180,188.40,no
2026-10-05T03:13:39.511251Z,KXBTC15M-26OCT042315-15,0.0190,0.01,yes
2026-10-05T03:13:39.511251Z,KXBTC15M-26OCT042315-15,0.0200,114.82,yes
2026-10-05T03:13:39.511251Z,KXBTC15M-26OCT042315-15,0.0190,0.01,yes
2026-10-05T03:13:39.534637Z,KXBTC15M-26OCT042315-15,0.0170,54.19,no
2026-10-05T03:13:39.534637Z,KXBTC15M-26OCT042315-15,0.0180,0.01,no
2026-10-05T03:13:39.534637Z,KXBTC15M-26OCT042315-15,0.0180,0.01,no
2026-10-05T03:13:39.599418Z,KXBTC15M-26OCT042315-15,0.0170,24.89,no
2026-10-05T03:13:39.599418Z,KXBTC15M-26OCT042315-15,0.0180,0.01,no
2026-10-05T03:13:39.599418Z,KXBTC15M-26OCT042315-15,0.0180,0.01,no
2026-10-05T03:13:39.610491Z,KXBTC15M-26OCT042315-15,0.0190,0.01,yes
2026-10-05T03:13:39.610491Z,KXBTC15M-26OCT042315-15,0.0190,373.85,yes
2026-10-05T03:13:39.610491Z,KXBTC15M-26OCT042315-15,0.0190,0.01,yes
2026-10-05T03:13:39.611437Z,KXBTC15M-26OCT042315-15,0.0190,4.08,yes
2026-10-05T03:13:39.616373Z,KXBTC15M-26OCT042315-15,0.0190,42.11,yes
2026-10-05T03:13:39.619795Z,KXBTC15M-26OCT042315-15,0.0190,118.09,yes
2026-10-05T03:13:39.619795Z,KXBTC15M-26OCT042315-15,0.0190,13.00,yes
2026-10-05T03:13:39.619795Z,KXBTC15M-26OCT042315-15,0.0190,79.96,yes
2026-10-05T03:13:39.628271Z,KXBTC15M-26OCT042315-15,0.0180,0.01,no
2026-10-05T03:13:39.628271Z,KXBTC15M-26OCT042315-15,0.0180,0.01,no
2026-10-05T03:13:39.628271Z,KXBTC15M-26OCT042315-15,0.0170,25.12,no
2026-10-05T03:13:39.632044Z,KXBTC15M-26OCT042315-15,0.0170,1.01,no
2026-10-05T03:13:39.668088Z,KXBTC15M-26OCT042315-15,0.0190,46.32,yes
2026-10-05T03:13:39.668088Z,KXBTC15M-26OCT042315-15,0.0190,0.01,yes
2026-10-05T03:13:39.668088Z,KXBTC15M-26OCT042315-15,0.0190,0.01,yes
2026-10-05T03:13:39.669463Z,KXBTC15M-26OCT042315-15,0.0190,4.92,yes
2026-10-05T03:13:39.699142Z,KXBTC15M-26OCT042315-15,0.0190,0.01,yes
2026-10-05T03:13:39.699142Z,KXBTC15M-26OCT042315-15,0.0190,44.70,yes
2026-10-05T03:13:39.699142Z,KXBTC15M-26OCT042315-15,0.0190,0.01,yes
2026-10-05T03:13:39.736039Z,KXBTC15M-26OCT042315-15,0.0170,27.16,no
2026-10-05T03:13:39.736039Z,KXBTC15M-26OCT042315-15,0.0180,0.01,no
2026-10-05T03:13:39.736039Z,KXBTC15M-26OCT042315-15,0.0180,0.01,no
2026-10-05T03:13:39.742983Z,KXBTC15M-26OCT042315-15,0.0190,0.01,yes
2026-10-05T03:13:39.742983Z,KXBTC15M-26OCT042315-15,0.0190,107.13,yes
2026-10-05T03:13:39.742983Z,KXBTC15M-26OCT042315-15,0.0190,0.01,yes
2026-10-05T03:13:39.766723Z,KXBTC15M-26OCT042315-15,0.0190,47.17,yes
2026-10-05T03:13:39.77266Z,KXBTC15M-26OCT042315-15,0.0190,212.50,yes
2026-10-05T03:13:39.78341Z,KXBTC15M-26OCT042315-15,0.0190,463.01,yes
2026-10-05T03:13:39.807103Z,KXBTC15M-26OCT042315-15,0.0190,0.01,yes
2026-10-05T03:13:39.807103Z,KXBTC15M-26OCT042315-15,0.0190,36.99,yes
2026-10-05T03:13:39.807103Z,KXBTC15M-26OCT042315-15,0.0190,0.01,yes
2026-10-05T03:13:39.807103Z,KXBTC15M-26OCT042315-15,0.0190,34.46,yes
2026-10-05T03:13:39.826251Z,KXBTC15M-26OCT042315-15,0.0190,47.17,yes
2026-10-05T03:13:39.843238Z,KXBTC15M-26OCT042315-15,0.0180,101.51,no
2026-10-05T03:13:39.859817Z,KXBTC15M-26OCT042315-15,0.0190,0.01,yes
2026-10-05T03:13:39.859817Z,KXBTC15M-26OCT042315-15,0.0190,0.01,yes
2026-10-05T03:13:39.862911Z,KXBTC15M-26OCT042315-15,0.0200,2.20,yes
2026-10-05T03:13:39.888483Z,KXBTC15M-26OCT042315-15,0.0200,30.15,yes
2026-10-05T03:13:39.888483Z,KXBTC15M-26OCT042315-15,0.0200,4.78,yes
2026-10-05T03:13:39.899518Z,KXBTC15M-26OCT042315-15,0.0200,118.85,yes
2026-10-05T03:13:39.899518Z,KXBTC15M-26OCT042315-15,0.0200,114.65,yes
2026-10-05T03:13:39.904545Z,KXBTC15M-26OCT042315-15,0.0180,16.91,no
2026-10-05T03:13:39.908568Z,KXBTC15M-26OCT042315-15,0.0190,47.17,yes
2026-10-05T03:13:39.956173Z,KXBTC15M-26OCT042315-15,0.0180,0.17,no
2026-10-05T03:13:39.992423Z,KXBTC15M-26OCT042315-15,0.0180,0.01,no
2026-10-05T03:13:39.992423Z,KXBTC15M-26OCT042315-15,0.0180,20.28,no
2026-10-05T03:13:39.992423Z,KXBTC15M-26OCT042315-15,0.0180,182.92,no
2026-10-05T03:13:39.992423Z,KXBTC15M-26OCT042315-15,0.0180,0.01,no
2026-10-05T03:13:40.042667Z,KXBTC15M-26OCT042315-15,0.0180,0.01,no
2026-10-05T03:13:40.042667Z,KXBTC15M-26OCT042315-15,0.0180,25.40,no
2026-10-05T03:13:40.089211Z,KXBTC15M-26OCT042315-15,0.0210,200.00,yes
2026-10-05T03:13:40.089211Z,KXBTC15M-26OCT042315-15,0.0210,1.00,yes
2026-10-05T03:13:40.089211Z,KXBTC15M-26OCT042315-15,0.0210,0.02,yes
2026-10-05T03:13:40.089211Z,KXBTC15M-26OCT042315-15,0.0190,125.00,yes
2026-10-05T03:13:40.089211Z,KXBTC15M-26OCT042315-15,0.0210,852.82,yes
2026-10-05T03:13:40.089211Z,KXBTC15M-26OCT042315-15,0.0210,487.34,yes
2026-10-05T03:13:40.089211Z,KXBTC15M-26OCT042315-15,0.0200,13.00,yes
2026-10-05T03:13:40.089211Z,KXBTC15M-26OCT042315-15,0.0210,500.00,yes
2026-10-05T03:13:40.089211Z,KXBTC15M-26OCT042315-15,0.0190,0.01,yes
2026-10-05T03:13:40.089211Z,KXBTC15M-26OCT042315-15,0.0190,0.01,yes
2026-10-05T03:13:40.116705Z,KXBTC15M-26OCT042315-15,0.0180,56.60,no
2026-10-05T03:13:40.163354Z,KXBTC15M-26OCT042315-15,0.0180,9.02,no
2026-10-05T03:13:40.220735Z,KXBTC15M-26OCT042315-15,0.0210,29.00,yes
2026-10-05T03:13:40.220735Z,KXBTC15M-26OCT042315-15,0.0190,0.01,yes
2026-10-05T03:13:40.220735Z,KXBTC15M-26OCT042315-15,0.0190,0.01,yes
2026-10-05T03:13:40.220735Z,KXBTC15M-26OCT042315-15,0.0220,0.03,yes
2026-10-05T03:13:40.220735Z,KXBTC15M-26OCT042315-15,0.0220,24.42,yes
2026-10-05T03:13:40.220735Z,KXBTC15M-26OCT042315-15,0.0220,6.00,yes
2026-10-05T03:13:40.339951Z,KXBTC15M-26OCT042315-15,0.0200,0.01,no
2026-10-05T03:13:40.339951Z,KXBTC15M-26OCT042315-15,0.0200,0.01,no
2026-10-05T03:13:40.339951Z,KXBTC15M-26OCT042315-15,0.0200,200.00,no
2026-10-05T03:13:40.339951Z,KXBTC15M-26OCT042315-15,0.0200,50.00,no
2026-10-05T03:13:40.339951Z,KXBTC15M-26OCT042315-15,0.0200,325.11,no
2026-10-05T03:13:40.339951Z,KXBTC15M-26OCT042315-15,0.0200,327.65,no
2026-10-05T03:13:40.387353Z,KXBTC15M-26OCT042315-15,0.0210,31.98,yes
2026-10-05T03:13:40.387353Z,KXBTC15M-26OCT042315-15,0.0210,42.00,yes
2026-10-05T03:13:40.387353Z,KXBTC15M-26OCT042315-15,0.0210,0.01,yes
2026-10-05T03:13:40.387353Z,KXBTC15M-26OCT042315-15,0.0210,0.01,yes
2026-10-05T03:13:40.389046Z,KXBTC15M-26OCT042315-15,0.0200,11.00,no
2026-10-05T03:13:40.389046Z,KXBTC15M-26OCT042315-15,0.0200,33.75,no
2026-10-05T03:13:40.420419Z,KXBTC15M-26OCT042315-15,0.0200,4.51,no
2026-10-05T03:13:40.442063Z,KXBTC15M-26OCT042315-15,0.0210,0.01,yes
2026-10-05T03:13:40.442063Z,KXBTC15M-26OCT042315-15,0.0210,1.18,yes
2026-10-05T03:13:40.442063Z,KXBTC15M-26OCT042315-15,0.0210,0.01,yes
2026-10-05T03:13:40.445277Z,KXBTC15M-26OCT042315-15,0.0190,200.00,no
2026-10-05T03:13:40.445277Z,KXBTC15M-26OCT042315-15,0.0200,0.01,no
2026-10-05T03:13:40.445277Z,KXBTC15M-26OCT042315-15,0.0200,11.74,no
2026-10-05T03:13:40.445277Z,KXBTC15M-26OCT042315-15,0.0180,2588.96,no
2026-10-05T03:13:40.445277Z,KXBTC15M-26OCT042315-15,0.0190,289.00,no
2026-10-05T03:13:40.445277Z,KXBTC15M-26OCT042315-15,0.0200,200.00,no
2026-10-05T03:13:40.445277Z,KXBTC15M-26OCT042315-15,0.0190,13.00,no
2026-10-05T03:13:40.445277Z,KXBTC15M-26OCT042315-15,0.0200,0.01,no
2026-10-05T03:13:40.445277Z,KXBTC15M-26OCT042315-15,0.0200,500.00,no
2026-10-05T03:13:40.456357Z,KXBTC15M-26OCT042315-15,0.0190,44.14,yes
2026-10-05T03:13:40.502625Z,KXBTC15M-26OCT042315-15,0.0170,0.01,no
2026-10-05T03:13:40.502625Z,KXBTC15M-26OCT042315-15,0.0170,338.98,no
2026-10-05T03:13:40.502625Z,KXBTC15M-26OCT042315-15,0.0170,0.01,no
2026-10-05T03:13:40.505233Z,KXBTC15M-26OCT042315-15,0.0180,4.92,yes
2026-10-05T03:13:40.53424Z,KXBTC15M-26OCT042315-15,0.0180,100.00,yes
2026-10-05T03:13:40.596662Z,KXBTC15M-26OCT042315-15,0.0180,139.92,yes
2026-10-05T03:13:40.608504Z,KXBTC15M-26OCT042315-15,0.0170,0.01,no
2026-10-05T03:13:40.608504Z,KXBTC15M-26OCT042315-15,0.0170,0.01,no
2026-10-05T03:13:40.608504Z,KXBTC15M-26OCT042315-15,0.0170,18.20,no
2026-10-05T03:13:40.616221Z,KXBTC15M-26OCT042315-15,0.0170,2.86,no
2026-10-05T03:13:40.675936Z,KXBTC15M-26OCT042315-15,0.0170,45.12,no
2026-10-05T03:13:40.687352Z,KXBTC15M-26OCT042315-15,0.0170,192.36,no
2026-10-05T03:13:40.699082Z,KXBTC15M-26OCT042315-15,0.0170,29.89,no
2026-10-05T03:13:40.711725Z,KXBTC15M-26OCT042315-15,0.0180,20.59,yes
2026-10-05T03:13:40.743777Z,KXBTC15M-26OCT042315-15,0.0170,9.02,no
2026-10-05T03:13:40.76684Z,KXBTC15M-26OCT042315-15,0.0180,0.85,yes
2026-10-05T03:13:40.768269Z,KXBTC15M-26OCT042315-15,0.0180,178.59,yes
2026-10-05T03:13:40.822515Z,KXBTC15M-26OCT042315-15,0.0170,0.01,no
2026-10-05T03:13:40.822515Z,KXBTC15M-26OCT042315-15,0.0170,0.01,no
2026-10-05T03:13:40.822515Z,KXBTC15M-26OCT042315-15,0.0170,0.77,no
2026-10-05T03:13:40.822515Z,KXBTC15M-26OCT042315-15,0.0160,9.18,no
2026-10-05T03:13:40.86596Z,KXBTC15M-26OCT042315-15,0.0160,114.67,no
2026-10-05T03:13:40.86596Z,KXBTC15M-26OCT042315-15,0.0170,0.01,no
2026-10-05T03:13:40.86596Z,KXBTC15M-26OCT042315-15,0.0170,0.01,no
2026-10-05T03:13:40.86596Z,KXBTC15M-26OCT042315-15,0.0160,333.82,no
2026-10-05T03:13:40.867087Z,KXBTC15M-26OCT042315-15,0.0180,0.01,yes
2026-10-05T03:13:40.867087Z,KXBTC15M-26OCT042315-15,0.0180,13.00,yes
2026-10-05T03:13:40.867087Z,KXBTC15M-26OCT042315-15,0.0180,0.01,yes
2026-10-05T03:13:40.867087Z,KXBTC15M-26OCT042315-15,0.0180,299.97,yes
2026-10-05T03:13:40.867087Z,KXBTC15M-26OCT042315-15,0.0180,352.01,yes
2026-10-05T03:13:40.876758Z,KXBTC15M-26OCT042315-15,0.0170,0.01,no
2026-10-05T03:13:40.876758Z,KXBTC15M-26OCT042315-15,0.0170,0.01,no
2026-10-05T03:13:40.876758Z,KXBTC15M-26OCT042315-15,0.0160,154.40,no
2026-10-05T03:13:40.876758Z,KXBTC15M-26OCT042315-15,0.0160,85.33,no
2026-10-05T03:13:40.879Z,KXBTC15M-26OCT042315-15,0.0170,171.25,yes
2026-10-05T03:13:40.889482Z,KXBTC15M-26OCT042315-15,0.0160,0.01,no
2026-10-05T03:13:40.889482Z,KXBTC15M-26OCT042315-15,0.0160,0.01,no
2026-10-05T03:13:40.889482Z,KXBTC15M-26OCT042315-15,0.0160,6.43,no
2026-10-05T03:13:40.908133Z,KXBTC15M-26OCT042315-15,0.0170,71.00,yes
2026-10-05T03:13:40.908133Z,KXBTC15M-26OCT042315-15,0.0170,0.01,yes
2026-10-05T03:13:40.908133Z,KXBTC15M-26OCT042315-15,0.0170,0.01,yes
2026-10-05T03:13:40.924304Z,KXBTC15M-26OCT042315-15,0.0180,97.00,yes
2026-10-05T03:13:40.924304Z,KXBTC15M-26OCT042315-15,0.0170,149.00,yes
2026-10-05T03:13:40.927229Z,KXBTC15M-26OCT042315-15,0.0170,51.98,yes
2026-10-05T03:13:40.957929Z,KXBTC15M-26OCT042315-15,0.0180,3.65,yes
2026-10-05T03:13:40.957929Z,KXBTC15M-26OCT042315-15,0.0170,0.01,yes
2026-10-05T03:13:40.957929Z,KXBTC15M-26OCT042315-15,0.0170,0.01,yes
2026-10-05T03:13:41.00181Z,KXBTC15M-26OCT042315-15,0.0170,0.01,yes
2026-10-05T03:13:41.00181Z,KXBTC15M-26OCT042315-15,0.0180,51.96,yes
2026-10-05T03:13:41.00181Z,KXBTC15M-26OCT042315-15,0.0170,0.01,yes
2026-10-05T03:13:41.005653Z,KXBTC15M-26OCT042315-15,0.0160,0.01,no
2026-10-05T03:13:41.005653Z,KXBTC15M-26OCT042315-15,0.0160,7.02,no
2026-10-05T03:13:41.005653Z,KXBTC15M-26OCT042315-15,0.0160,0.01,no
2026-10-05T03:13:41.005859Z,KXBTC15M-26OCT042315-15,0.0160,8.12,no
2026-10-05T03:13:41.007804Z,KXBTC15M-26OCT042315-15,0.0170,0.01,yes
2026-10-05T03:13:41.007804Z,KXBTC15M-26OCT042315-15,0.0180,0.01,yes
2026-10-05T03:13:41.007804Z,KXBTC15M-26OCT042315-15,0.0180,87.63,yes
2026-10-05T03:13:41.007804Z,KXBTC15M-26OCT042315-15,0.0180,0.01,yes
2026-10-05T03:13:41.007804Z,KXBTC15M-26OCT042315-15,0.0180,46.39,yes
2026-10-05T03:13:41.007804Z,KXBTC15M-26OCT042315-15,0.0180,24.00,yes
2026-10-05T03:13:41.019034Z,KXBTC15M-26OCT042315-15,0.0160,59.90,no
2026-10-05T03:13:41.037128Z,KXBTC15M-26OCT042315-15,0.0170,0.01,yes
2026-10-05T03:13:41.066597Z,KXBTC15M-26OCT042315-15,0.0170,0.01,yes
2026-10-05T03:13:41.066597Z,KXBTC15M-26OCT042315-15,0.0170,33.99,yes
2026-10-05T03:13:41.071807Z,KXBTC15M-26OCT042315-15,0.0160,25.88,no
2026-10-05T03:13:41.072174Z,KXBTC15M-26OCT042315-15,0.0160,233.67,no
2026-10-05T03:13:41.116371Z,KXBTC15M-26OCT042315-15,0.0170,0.01,yes
2026-10-05T03:13:41.116371Z,KXBTC15M-26OCT042315-15,0.0170,0.01,yes
2026-10-05T03:13:41.116371Z,KXBTC15M-26OCT042315-15,0.0170,1.01,yes
2026-10-05T03:13:41.116371Z,KXBTC15M-26OCT042315-15,0.0170,37.97,yes
2026-10-05T03:13:41.117046Z,KXBTC15M-26OCT042315-15,0.0170,151.00,yes
2026-10-05T03:13:41.129996Z,KXBTC15M-26OCT042315-15,0.0160,18.34,no
2026-10-05T03:13:41.151217Z,KXBTC15M-26OCT042315-15,0.0160,34.39,no
2026-10-05T03:13:41.163222Z,KXBTC15M-26OCT042315-15,0.0160,12.68,no
2026-10-05T03:13:41.163222Z,KXBTC15M-26OCT042315-15,0.0160,13.00,no
2026-10-05T03:13:41.163222Z,KXBTC15M-26OCT042315-15,0.0160,79.39,no
2026-10-05T03:13:41.164894Z,KXBTC15M-26OCT042315-15,0.0170,300.00,yes
2026-10-05T03:13:41.170098Z,KXBTC15M-26OCT042315-15,0.0170,0.01,yes
2026-10-05T03:13:41.170098Z,KXBTC15M-26OCT042315-15,0.0170,0.01,yes
2026-10-05T03:13:41.170098Z,KXBTC15M-26OCT042315-15,0.0170,3.63,yes
2026-10-05T03:13:41.170098Z,KXBTC15M-26OCT042315-15,0.0170,0.02,yes
2026-10-05T03:13:41.188393Z,KXBTC15M-26OCT042315-15,0.0180,157.05,yes
2026-10-05T03:13:41.188393Z,KXBTC15M-26OCT042315-15,0.0170,0.01,yes
2026-10-05T03:13:41.188393Z,KXBTC15M-26OCT042315-15,0.0170,0.01,yes
2026-10-05T03:13:41.188393Z,KXBTC15M-26OCT042315-15,0.0180,43.00,yes
2026-10-05T03:13:41.190428Z,KXBTC15M-26OCT042315-15,0.0180,95.95,yes
2026-10-05T03:13:41.190428Z,KXBTC15M-26OCT042315-15,0.0190,126.87,yes
2026-10-05T03:13:41.194284Z,KXBTC15M-26OCT042315-15,0.0160,116.02,no
2026-10-05T03:13:41.194284Z,KXBTC15M-26OCT042315-15,0.0160,279.49,no
2026-10-05T03:13:41.194284Z,KXBTC15M-26OCT042315-15,0.0160,500.00,no
2026-10-05T03:13:41.259329Z,KXBTC15M-26OCT042315-15,0.0180,0.01,yes
2026-10-05T03:13:41.259329Z,KXBTC15M-26OCT042315-15,0.0170,0.01,yes
2026-10-05T03:13:41.259329Z,KXBTC15M-26OCT042315-15,0.0180,13.00,yes
2026-10-05T03:13:41.259329Z,KXBTC15M-26OCT042315-15,0.0170,0.01,yes
2026-10-05T03:13:41.259329Z,KXBTC15M-26OCT042315-15,0.0180,186.04,yes
2026-10-05T03:13:41.263727Z,KXBTC15M-26OCT042315-15,0.0180,0.52,yes
2026-10-05T03:13:41.281609Z,KXBTC15M-26OCT042315-15,0.0160,0.01,no
2026-10-05T03:13:41.281609Z,KXBTC15M-26OCT042315-15,0.0160,3.84,no
2026-10-05T03:13:41.281609Z,KXBTC15M-26OCT042315-15,0.0160,0.01,no
2026-10-05T03:13:41.307613Z,KXBTC15M-26OCT042315-15,0.0180,103.96,yes
2026-10-05T03:13:41.315176Z,KXBTC15M-26OCT042315-15,0.0180,32.00,yes
2026-10-05T03:13:41.353871Z,KXBTC15M-26OCT042315-15,0.0180,51.98,yes
2026-10-05T03:13:41.362311Z,KXBTC15M-26OCT042315-15,0.0180,29.92,yes
2026-10-05T03:13:41.362311Z,KXBTC15M-26OCT042315-15,0.0180,0.02,yes
2026-10-05T03:13:41.362311Z,KXBTC15M-26OCT042315-15,0.0180,125.50,yes
2026-10-05T03:13:41.38996Z,KXBTC15M-26OCT042315-15,0.0180,0.01,yes
2026-10-05T03:13:41.38996Z,KXBTC15M-26OCT042315-15,0.0180,0.01,yes
2026-10-05T03:13:41.38996Z,KXBTC15M-26OCT042315-15,0.0180,13.00,yes
2026-10-05T03:13:41.38996Z,KXBTC15M-26OCT042315-15,0.0190,170.84,yes
2026-10-05T03:13:41.394034Z,KXBTC15M-26OCT042315-15,0.0190,1.00,yes
2026-10-05T03:13:41.447387Z,KXBTC15M-26OCT042315-15,0.0160,343.00,no
2026-10-05T03:13:41.447387Z,KXBTC15M-26OCT042315-15,0.0170,0.01,no
2026-10-05T03:13:41.447387Z,KXBTC15M-26OCT042315-15,0.0170,0.01,no
2026-10-05T03:13:41.447387Z,KXBTC15M-26OCT042315-15,0.0150,97.92,no
2026-10-05T03:13:41.447387Z,KXBTC15M-26OCT042315-15,0.0150,255.60,no
2026-10-05T03:13:41.458544Z,KXBTC15M-26OCT042315-15,0.0170,0.01,no
2026-10-05T03:13:41.458544Z,KXBTC15M-26OCT042315-15,0.0150,94.34,no
2026-10-05T03:13:41.467288Z,KXBTC15M-26OCT042315-15,0.0180,38.46,yes
2026-10-05T03:13:41.467288Z,KXBTC15M-26OCT042315-15,0.0180,0.01,yes
2026-10-05T03:13:41.467288Z,KXBTC15M-26OCT042315-15,0.0180,13.00,yes
2026-10-05T03:13:41.467288Z,KXBTC15M-26OCT042315-15,0.0180,0.01,yes
2026-10-05T03:13:41.471005Z,KXBTC15M-26OCT042315-15,0.0180,26.05,yes
2026-10-05T03:13:41.485997Z,KXBTC15M-26OCT042315-15,0.0170,0.01,no
2026-10-05T03:13:41.485997Z,KXBTC15M-26OCT042315-15,0.0170,0.01,no
2026-10-05T03:13:41.485997Z,KXBTC15M-26OCT042315-15,0.0150,80.62,no
2026-10-05T03:13:41.485997Z,KXBTC15M-26OCT042315-15,0.0150,34.06,no
2026-10-05T03:13:41.505859Z,KXBTC15M-26OCT042315-15,0.0160,5.46,yes
2026-10-05T03:13:41.52066Z,KXBTC15M-26OCT042315-15,0.0160,16.51,yes
2026-10-05T03:13:41.538636Z,KXBTC15M-26OCT042315-15,0.0160,155.44,yes
2026-10-05T03:13:41.543775Z,KXBTC15M-26OCT042315-15,0.0160,15.43,yes
2026-10-05T03:13:41.548125Z,KXBTC15M-26OCT042315-15,0.0150,9.13,no
2026-10-05T03:13:41.570133Z,KXBTC15M-26OCT042315-15,0.0160,51.48,yes
2026-10-05T03:13:41.580167Z,KXBTC15M-26OCT042315-15,0.0160,5.50,yes
2026-10-05T03:13:41.583632Z,KXBTC15M-26OCT042315-15,0.0160,0.01,yes
2026-10-05T03:13:41.583632Z,KXBTC15M-26OCT042315-15,0.0160,0.01,yes
2026-10-05T03:13:41.583632Z,KXBTC15M-26OCT042315-15,0.0160,5.78,yes
2026-10-05T03:13:41.583632Z,KXBTC15M-26OCT042315-15,0.0160,49.24,yes
2026-10-05T03:13:41.603441Z,KXBTC15M-26OCT042315-15,0.0160,43.28,yes
2026-10-05T03:13:41.63203Z,KXBTC15M-26OCT042315-15,0.0160,107.48,yes
2026-10-05T03:13:41.63203Z,KXBTC15M-26OCT042315-15,0.0160,151.93,yes
2026-10-05T03:13:41.648636Z,KXBTC15M-26OCT042315-15,0.0160,51.48,yes
2026-10-05T03:13:41.687345Z,KXBTC15M-26OCT042315-15,0.0150,10.50,no
2026-10-05T03:13:41.719501Z,KXBTC15M-26OCT042315-15,0.0160,55.04,yes
2026-10-05T03:13:41.719705Z,KXBTC15M-26OCT042315-15,0.0160,51.48,yes
2026-10-05T03:13:41.73476Z,KXBTC15M-26OCT042315-15,0.0160,51.48,yes
2026-10-05T03:13:41.755167Z,KXBTC15M-26OCT042315-15,0.0160,138.59,yes
2026-10-05T03:13:41.755167Z,KXBTC15M-26OCT042315-15,0.0160,7.70,yes
2026-10-05T03:13:41.755167Z,KXBTC15M-26OCT042315-15,0.0160,0.01,yes
2026-10-05T03:13:41.755167Z,KXBTC15M-26OCT042315-15,0.0160,9.13,yes
2026-10-05T03:13:41.755167Z,KXBTC15M-26OCT042315-15,0.0160,0.01,yes
2026-10-05T03:13:41.75578Z,KXBTC15M-26OCT042315-15,0.0160,1061.88,yes
2026-10-05T03:13:41.784143Z,KXBTC15M-26OCT042315-15,0.0150,4.64,no
2026-10-05T03:13:41.810929Z,KXBTC15M-26OCT042315-15,0.0160,4.64,yes
2026-10-05T03:13:41.810929Z,KXBTC15M-26OCT042315-15,0.0160,0.01,yes
2026-10-05T03:13:41.810929Z,KXBTC15M-26OCT042315-15,0.0180,36.32,yes
2026-10-05T03:13:41.810929Z,KXBTC15M-26OCT042315-15,0.0160,0.01,yes
2026-10-05T03:13:41.810929Z,KXBTC15M-26OCT042315-15,0.0160,10.50,yes
2026-10-05T03:13:41.822803Z,KXBTC15M-26OCT042315-15,0.0180,0.01,yes
2026-10-05T03:13:41.822803Z,KXBTC15M-26OCT042315-15,0.0180,61.60,yes
2026-10-05T03:13:41.822803Z,KXBTC15M-26OCT042315-15,0.0180,42.02,yes
2026-10-05T03:13:41.822803Z,KXBTC15M-26OCT042315-15,0.0180,128.40,yes
2026-10-05T03:13:41.822803Z,KXBTC15M-26OCT042315-15,0.0180,80.62,yes
2026-10-05T03:13:41.822803Z,KXBTC15M-26OCT042315-15,0.0180,0.01,yes
2026-10-05T03:13:41.822803Z,KXBTC15M-26OCT042315-15,0.0180,200.00,yes
2026-10-05T03:13:41.927504Z,KXBTC15M-26OCT042315-15,0.0170,0.01,yes
2026-10-05T03:13:41.927504Z,KXBTC15M-26OCT042315-15,0.0180,0.01,yes
2026-10-05T03:13:41.927504Z,KXBTC15M-26OCT042315-15,0.0180,2.82,yes
2026-10-05T03:13:41.927504Z,KXBTC15M-26OCT042315-15,0.0180,0.01,yes
2026-10-05T03:13:41.927504Z,KXBTC15M-26OCT042315-15,0.0170,0.01,yes
2026-10-05T03:13:41.927742Z,KXBTC15M-26OCT042315-15,0.0160,13.00,no
2026-10-05T03:13:41.927742Z,KXBTC15M-26OCT042315-15,0.0160,27.68,no
2026-10-05T03:13:41.927742Z,KXBTC15M-26OCT042315-15,0.0160,0.01,no
2026-10-05T03:13:41.927742Z,KXBTC15M-26OCT042315-15,0.0160,0.01,no
2026-10-05T03:13:41.927742Z,KXBTC15M-26OCT042315-15,0.0160,10.00,no
2026-10-05T03:13:41.982489Z,KXBTC15M-26OCT042315-15,0.0170,51.98,yes
2026-10-05T03:13:41.990433Z,KXBTC15M-26OCT042315-15,0.0170,0.01,yes
2026-10-05T03:13:41.990433Z,KXBTC15M-26OCT042315-15,0.0180,99.91,yes
2026-10-05T03:13:41.990433Z,KXBTC15M-26OCT042315-15,0.0170,56.02,yes
2026-10-05T03:13:42.022023Z,KXBTC15M-26OCT042315-15,0.0180,51.98,yes
2026-10-05T03:13:42.067998Z,KXBTC15M-26OCT042315-15,0.0160,0.01,no
2026-10-05T03:13:42.067998Z,KXBTC15M-26OCT042315-15,0.0160,0.01,no
2026-10-05T03:13:42.067998Z,KXBTC15M-26OCT042315-15,0.0160,119.80,no
2026-10-05T03:13:42.115977Z,KXBTC15M-26OCT042315-15,0.0160,148.06,no
2026-10-05T03:13:42.118313Z,KXBTC15M-26OCT042315-15,0.0180,2.49,yes
2026-10-05T03:13:42.156149Z,KXBTC15M-26OCT042315-15,0.0150,23.31,no
2026-10-05T03:13:42.156149Z,KXBTC15M-26OCT042315-15,0.0150,150.00,no
2026-10-05T03:13:42.156149Z,KXBTC15M-26OCT042315-15,0.0150,42.48,no
2026-10-05T03:13:42.156149Z,KXBTC15M-26OCT042315-15,0.0150,10.00,no
2026-10-05T03:13:42.156149Z,KXBTC15M-26OCT042315-15,0.0150,10.00,no
2026-10-05T03:13:42.156149Z,KXBTC15M-26OCT042315-15,0.0150,10.00,no
2026-10-05T03:13:42.156149Z,KXBTC15M-26OCT042315-15,0.0150,10.00,no
2026-10-05T03:13:42.156149Z,KXBTC15M-26OCT042315-15,0.0150,366.00,no
2026-10-05T03:13:42.156149Z,KXBTC15M-26OCT042315-15,0.0160,200.00,no
2026-10-05T03:13:42.156149Z,KXBTC15M-26OCT042315-15,0.0150,167.27,no
2026-10-05T03:13:42.156149Z,KXBTC15M-26OCT042315-15,0.0160,232.14,no
2026-10-05T03:13:42.156149Z,KXBTC15M-26OCT042315-15,0.0160,0.01,no
2026-10-05T03:13:42.156149Z,KXBTC15M-26OCT042315-15,0.0160,0.01,no
2026-10-05T03:13:42.156149Z,KXBTC15M-26OCT042315-15,0.0150,15.00,no
2026-10-05T03:13:42.156149Z,KXBTC15M-26OCT042315-15,0.0150,15.00,no
2026-10-05T03:13:42.156149Z,KXBTC15M-26OCT042315-15,0.0150,279.11,no
2026-10-05T03:13:42.171708Z,KXBTC15M-26OCT042315-15,0.0170,25.99,yes
2026-10-05T03:13:42.172848Z,KXBTC15M-26OCT042315-15,0.0150,0.01,no
2026-10-05T03:13:42.172848Z,KXBTC15M-26OCT042315-15,0.0160,0.01,no
2026-10-05T03:13:42.172848Z,KXBTC15M-26OCT042315-15,0.0150,0.01,no
2026-10-05T03:13:42.172848Z,KXBTC15M-26OCT042315-15,0.0140,22.53,no
2026-10-05T03:13:42.247824Z,KXBTC15M-26OCT042315-15,0.0170,20.00,yes
2026-10-05T03:13:42.248223Z,KXBTC15M-26OCT042315-15,0.0170,53.00,yes
2026-10-05T03:13:42.299713Z,KXBTC15M-26OCT042315-15,0.0170,180.12,yes
2026-10-05T03:13:42.299713Z,KXBTC15M-26OCT042315-15,0.0170,110.81,yes
2026-10-05T03:13:42.326593Z,KXBTC15M-26OCT042315-15,0.0170,29.05,yes
2026-10-05T03:13:42.37958Z,KXBTC15M-26OCT042315-15,0.0170,93.32,yes
2026-10-05T03:13:42.37958Z,KXBTC15M-26OCT042315-15,0.0170,10.14,yes
2026-10-05T03:13:42.409714Z,KXBTC15M-26OCT042315-15,0.0150,49.78,no
2026-10-05T03:13:42.409714Z,KXBTC15M-26OCT042315-15,0.0160,0.01,no
2026-10-05T03:13:42.409714Z,KXBTC15M-26OCT042315-15,0.0160,0.01,no
2026-10-05T03:13:42.526465Z,KXBTC15M-26OCT042315-15,0.0150,0.01,no
2026-10-05T03:13:42.526465Z,KXBTC15M-26OCT042315-15,0.0150,0.01,no
2026-10-05T03:13:42.526465Z,KXBTC15M-26OCT042315-15,0.0150,14.00,no
2026-10-05T03:13:42.526465Z,KXBTC15M-26OCT042315-15,0.0150,0.55,no
2026-10-05T03:13:42.544848Z,KXBTC15M-26OCT042315-15,0.0160,56.15,yes
2026-10-05T03:13:42.546682Z,KXBTC15M-26OCT042315-15,0.0150,2.76,no
2026-10-05T03:13:42.605412Z,KXBTC15M-26OCT042315-15,0.0160,116.55,yes
2026-10-05T03:13:42.618138Z,KXBTC15M-26OCT042315-15,0.0160,1.70,yes
2026-10-05T03:13:42.621573Z,KXBTC15M-26OCT042315-15,0.0160,23.60,yes
2026-10-05T03:13:42.621573Z,KXBTC15M-26OCT042315-15,0.0160,176.38,yes
2026-10-05T03:13:42.621573Z,KXBTC15M-26OCT042315-15,0.0160,0.01,yes
2026-10-05T03:13:42.621573Z,KXBTC15M-26OCT042315-15,0.0160,0.01,yes
2026-10-05T03:13:42.673967Z,KXBTC15M-26OCT042315-15,0.0160,162.24,yes
2026-10-05T03:13:42.694276Z,KXBTC15M-26OCT042315-15,0.0160,55.04,yes
2026-10-05T03:13:42.717261Z,KXBTC15M-26OCT042315-15,0.0150,9.01,no
2026-10-05T03:13:42.717261Z,KXBTC15M-26OCT042315-15,0.0150,0.01,no
2026-10-05T03:13:42.72507Z,KXBTC15M-26OCT042315-15,0.0150,147.01,no
2026-10-05T03:13:42.72507Z,KXBTC15M-26OCT042315-15,0.0150,4.99,no
2026-10-05T03:13:42.728084Z,KXBTC15M-26OCT042315-15,0.0150,352.99,no
2026-10-05T03:13:42.728084Z,KXBTC15M-26OCT042315-15,0.0150,0.01,no
2026-10-05T03:13:42.728084Z,KXBTC15M-26OCT042315-15,0.0150,500.00,no
2026-10-05T03:13:42.728084Z,KXBTC15M-26OCT042315-15,0.0150,9.01,no
2026-10-05T03:13:42.728084Z,KXBTC15M-26OCT042315-15,0.0150,0.01,no
2026-10-05T03:13:42.728084Z,KXBTC15M-26OCT042315-15,0.0150,195.49,no
2026-10-05T03:13:42.728084Z,KXBTC15M-26OCT042315-15,0.0140,134.73,no
2026-10-05T03:13:42.728084Z,KXBTC15M-26OCT042315-15,0.0140,361.47,no
2026-10-05T03:13:42.728084Z,KXBTC15M-26OCT042315-15,0.0140,384.00,no
2026-10-05T03:13:42.728084Z,KXBTC15M-26OCT042315-15,0.0140,384.00,no
2026-10-05T03:13:42.76788Z,KXBTC15M-26OCT042315-15,0.0150,0.01,no
2026-10-05T03:13:42.76788Z,KXBTC15M-26OCT042315-15,0.0150,0.01,no
2026-10-05T03:13:42.76788Z,KXBTC15M-26OCT042315-15,0.0140,29.98,no
2026-10-05T03:13:42.771669Z,KXBTC15M-26OCT042315-15,0.0160,0.01,yes
2026-10-05T03:13:42.771669Z,KXBTC15M-26OCT042315-15,0.0160,15.00,yes
2026-10-05T03:13:42.771669Z,KXBTC15M-26OCT042315-15,0.0160,0.01,yes
2026-10-05T03:13:42.771669Z,KXBTC15M-26OCT042315-15,0.0160,9.97,yes
2026-10-05T03:13:42.771669Z,KXBTC15M-26OCT042315-15,0.0160,1.00,yes
2026-10-05T03:13:42.778269Z,KXBTC15M-26OCT042315-15,0.0160,113.90,yes
2026-10-05T03:13:42.813794Z,KXBTC15M-26OCT042315-15,0.0160,111.00,yes
2026-10-05T03:13:42.819138Z,KXBTC15M-26OCT042315-15,0.0160,55.04,yes
2026-10-05T03:13:42.827566Z,KXBTC15M-26OCT042315-15,0.0150,0.01,no
2026-10-05T03:13:42.827566Z,KXBTC15M-26OCT042315-15,0.0150,0.19,no
2026-10-05T03:13:42.827566Z,KXBTC15M-26OCT042315-15,0.0150,15.00,no
2026-10-05T03:13:42.827566Z,KXBTC15M-26OCT042315-15,0.0150,0.01,no
2026-10-05T03:13:42.830591Z,KXBTC15M-26OCT042315-15,0.0150,2.88,no
2026-10-05T03:13:42.864999Z,KXBTC15M-26OCT042315-15,0.0160,55.04,yes
2026-10-05T03:13:42.882394Z,KXBTC15M-26OCT042315-15,0.0160,51.09,yes
2026-10-05T03:13:42.891964Z,KXBTC15M-26OCT042315-15,0.0150,1.52,no
2026-10-05T03:13:42.899142Z,KXBTC15M-26OCT042315-15,0.0150,8.00,no
2026-10-05T03:13:42.917399Z,KXBTC15M-26OCT042315-15,0.0160,0.55,yes
2026-10-05T03:13:42.935293Z,KXBTC15M-26OCT042315-15,0.0150,4.89,no
2026-10-05T03:13:42.94459Z,KXBTC15M-26OCT042315-15,0.0160,3.00,yes
2026-10-05T03:13:42.973429Z,KXBTC15M-26OCT042315-15,0.0160,55.04,yes
2026-10-05T03:13:43.013798Z,KXBTC15M-26OCT042315-15,0.0160,0.82,yes
2026-10-05T03:13:43.061705Z,KXBTC15M-26OCT042315-15,0.0160,23.29,yes
2026-10-05T03:13:43.061705Z,KXBTC15M-26OCT042315-15,0.0160,384.00,yes
2026-10-05T03:13:43.061705Z,KXBTC15M-26OCT042315-15,0.0160,168.42,yes
2026-10-05T03:13:43.150124Z,KXBTC15M-26OCT042315-15,0.0160,58.47,yes
2026-10-05T03:13:43.150736Z,KXBTC15M-26OCT042315-15,0.0160,116.94,yes
2026-10-05T03:13:43.202595Z,KXBTC15M-26OCT042315-15,0.0150,5.55,no
2026-10-05T03:13:43.22948Z,KXBTC15M-26OCT042315-15,0.0150,22.72,no
2026-10-05T03:13:43.232134Z,KXBTC15M-26OCT042315-15,0.0150,108.84,no
2026-10-05T03:13:43.232134Z,KXBTC15M-26OCT042315-15,0.0150,320.25,no
2026-10-05T03:13:43.232134Z,KXBTC15M-26OCT042315-15,0.0150,0.01,no
2026-10-05T03:13:43.232134Z,KXBTC15M-26OCT042315-15,0.0150,0.01,no
2026-10-05T03:13:43.232134Z,KXBTC15M-26OCT042315-15,0.0150,156.39,no
2026-10-05T03:13:43.251277Z,KXBTC15M-26OCT042315-15,0.0160,35.79,yes
2026-10-05T03:13:43.255075Z,KXBTC15M-26OCT042315-15,0.0160,346.02,yes
2026-10-05T03:13:43.255075Z,KXBTC15M-26OCT042315-15,0.0160,126.98,yes
2026-10-05T03:13:43.291864Z,KXBTC15M-26OCT042315-15,0.0160,254.36,yes
2026-10-05T03:13:43.291864Z,KXBTC15M-26OCT042315-15,0.0160,0.01,yes
2026-10-05T03:13:43.291864Z,KXBTC15M-26OCT042315-15,0.0160,0.01,yes
2026-10-05T03:13:43.291864Z,KXBTC15M-26OCT042315-15,0.0160,37.98,yes
2026-10-05T03:13:43.292727Z,KXBTC15M-26OCT042315-15,0.0140,150.00,no
2026-10-05T03:13:43.292727Z,KXBTC15M-26OCT042315-15,0.0150,0.01,no
2026-10-05T03:13:43.292727Z,KXBTC15M-26OCT042315-15,0.0150,0.01,no
2026-10-05T03:13:43.292727Z,KXBTC15M-26OCT042315-15,0.0140,384.00,no
2026-10-05T03:13:43.292727Z,KXBTC15M-26OCT042315-15,0.0130,144.24,no
2026-10-05T03:13:43.292727Z,KXBTC15M-26OCT042315-15,0.0140,162.29,no
2026-10-05T03:13:43.292727Z,KXBTC15M-26OCT042315-15,0.0130,256.00,no
2026-10-05T03:13:43.332187Z,KXBTC15M-26OCT042315-15,0.0160,5.84,yes
2026-10-05T03:13:43.361199Z,KXBTC15M-26OCT042315-15,0.0160,100.00,yes
2026-10-05T03:13:43.389362Z,KXBTC15M-26OCT042315-15,0.0160,3.67,yes
2026-10-05T03:13:43.389362Z,KXBTC15M-26OCT042315-15,0.0160,39.80,yes
2026-10-05T03:13:43.389362Z,KXBTC15M-26OCT042315-15,0.0160,15.00,yes
2026-10-05T03:13:43.395024Z,KXBTC15M-26OCT042315-15,0.0150,8.54,no
2026-10-05T03:13:43.395024Z,KXBTC15M-26OCT042315-15,0.0150,0.01,no
2026-10-05T03:13:43.400097Z,KXBTC15M-26OCT042315-15,0.0160,116.94,yes
2026-10-05T03:13:43.410611Z,KXBTC15M-26OCT042315-15,0.0160,0.92,yes
2026-10-05T03:13:43.426812Z,KXBTC15M-26OCT042315-15,0.0160,333.56,yes
2026-10-05T03:13:43.426812Z,KXBTC15M-26OCT042315-15,0.0160,0.01,yes
2026-10-05T03:13:43.426812Z,KXBTC15M-26OCT042315-15,0.0160,384.00,yes
2026-10-05T03:13:43.426812Z,KXBTC15M-26OCT042315-15,0.0160,78.47,yes
2026-10-05T03:13:43.426812Z,KXBTC15M-26OCT042315-15,0.0160,0.01,yes
2026-10-05T03:13:43.517343Z,KXBTC15M-26OCT042315-15,0.0150,289.22,no
2026-10-05T03:13:43.517343Z,KXBTC15M-26OCT042315-15,0.0150,0.01,no
2026-10-05T03:13:43.517343Z,KXBTC15M-26OCT042315-15,0.0150,15.00,no
2026-10-05T03:13:43.517343Z,KXBTC15M-26OCT042315-15,0.0150,0.01,no
2026-10-05T03:13:43.517476Z,KXBTC15M-26OCT042315-15,0.0150,2.25,no
2026-10-05T03:13:43.518038Z,KXBTC15M-26OCT042315-15,0.0130,150.00,no
2026-10-05T03:13:43.518038Z,KXBTC15M-26OCT042315-15,0.0120,2.00,no
2026-10-05T03:13:43.518038Z,KXBTC15M-26OCT042315-15,0.0130,422.00,no
2026-10-05T03:13:43.518038Z,KXBTC15M-26OCT042315-15,0.0150,4.57,no
2026-10-05T03:13:43.518038Z,KXBTC15M-26OCT042315-15,0.0140,165.11,no
2026-10-05T03:13:43.518038Z,KXBTC15M-26OCT042315-15,0.0120,126.78,no
2026-10-05T03:13:43.518038Z,KXBTC15M-26OCT042315-15,0.0130,165.11,no
2026-10-05T03:13:43.518038Z,KXBTC15M-26OCT042315-15,0.0140,13.00,no
2026-10-05T03:13:43.518038Z,KXBTC15M-26OCT042315-15,0.0130,150.00,no
2026-10-05T03:13:43.518038Z,KXBTC15M-26OCT042315-15,0.0120,458.00,no
2026-10-05T03:13:43.518038Z,KXBTC15M-26OCT042315-15,0.0120,2.00,no
2026-10-05T03:13:43.518038Z,KXBTC15M-26OCT042315-15,0.0130,2.00,no
2026-10-05T03:13:43.518038Z,KXBTC15M-26OCT042315-15,0.0130,28.00,no
2026-10-05T03:13:43.518038Z,KXBTC15M-26OCT042315-15,0.0130,256.00,no
2026-10-05T03:13:43.518038Z,KXBTC15M-26OCT042315-15,0.0120,256.00,no
2026-10-05T03:13:43.518038Z,KXBTC15M-26OCT042315-15,0.0120,330.00,no
2026-10-05T03:13:43.518038Z,KXBTC15M-26OCT042315-15,0.0110,1087.53,no
2026-10-05T03:13:43.518038Z,KXBTC15M-26OCT042315-15,0.0120,256.00,no
2026-10-05T03:13:43.518038Z,KXBTC15M-26OCT042315-15,0.0120,256.00,no
2026-10-05T03:13:43.518038Z,KXBTC15M-26OCT042315-15,0.0120,150.00,no
2026-10-05T03:13:43.518038Z,KXBTC15M-26OCT042315-15,0.0130,111.76,no
2026-10-05T03:13:43.518038Z,KXBTC15M-26OCT042315-15,0.0120,2500.00,no
2026-10-05T03:13:43.518038Z,KXBTC15M-26OCT042315-15,0.0130,256.00,no
2026-10-05T03:13:43.518038Z,KXBTC15M-26OCT042315-15,0.0120,256.00,no
2026-10-05T03:13:43.518038Z,KXBTC15M-26OCT042315-15,0.0130,25.00,no
2026-10-05T03:13:43.574121Z,KXBTC15M-26OCT042315-15,0.0140,58.47,yes
2026-10-05T03:13:43.586491Z,KXBTC15M-26OCT042315-15,0.0140,1.93,yes
2026-10-05T03:13:43.58995Z,KXBTC15M-26OCT042315-15,0.0140,116.94,yes
2026-10-05T03:13:43.611357Z,KXBTC15M-26OCT042315-15,0.0140,58.47,yes
2026-10-05T03:13:43.619502Z,KXBTC15M-26OCT042315-15,0.0140,1.02,yes
2026-10-05T03:13:43.627344Z,KXBTC15M-26OCT042315-15,0.0130,99.07,no
2026-10-05T03:13:43.627344Z,KXBTC15M-26OCT042315-15,0.0130,0.01,no
2026-10-05T03:13:43.627344Z,KXBTC15M-26OCT042315-15,0.0130,0.01,no
2026-10-05T03:13:43.627344Z,KXBTC15M-26OCT042315-15,0.0120,99.07,no
2026-10-05T03:13:43.627344Z,KXBTC15M-26OCT042315-15,0.0120,62.00,no
2026-10-05T03:13:43.627344Z,KXBTC15M-26OCT042315-15,0.0120,15.00,no
2026-10-05T03:13:43.627344Z,KXBTC15M-26OCT042315-15,0.0130,150.00,no
2026-10-05T03:13:43.627344Z,KXBTC15M-26OCT042315-15,0.0130,406.70,no
2026-10-05T03:13:43.627344Z,KXBTC15M-26OCT042315-15,0.0120,1.11,no
2026-10-05T03:13:43.627344Z,KXBTC15M-26OCT042315-15,0.0110,295.46,no
2026-10-05T03:13:43.636661Z,KXBTC15M-26OCT042315-15,0.0120,0.01,no
2026-10-05T03:13:43.636661Z,KXBTC15M-26OCT042315-15,0.0120,0.01,no
2026-10-05T03:13:43.636661Z,KXBTC15M-26OCT042315-15,0.0110,1.78,no
2026-10-05T03:13:43.650953Z,KXBTC15M-26OCT042315-15,0.0130,0.01,yes
2026-10-05T03:13:43.650953Z,KXBTC15M-26OCT042315-15,0.0140,0.01,yes
2026-10-05T03:13:43.650953Z,KXBTC15M-26OCT042315-15,0.0130,0.01,yes
2026-10-05T03:13:43.650953Z,KXBTC15M-26OCT042315-15,0.0140,39.79,yes
2026-10-05T03:13:43.650953Z,KXBTC15M-26OCT042315-15,0.0140,0.01,yes
2026-10-05T03:13:43.650953Z,KXBTC15M-26OCT042315-15,0.0130,15.00,yes
2026-10-05T03:13:43.650953Z,KXBTC15M-26OCT042315-15,0.0140,19.17,yes
2026-10-05T03:13:43.650953Z,KXBTC15M-26OCT042315-15,0.0140,15.00,yes
2026-10-05T03:13:43.68158Z,KXBTC15M-26OCT042315-15,0.0140,8.77,yes
2026-10-05T03:13:43.72874Z,KXBTC15M-26OCT042315-15,0.0140,97.96,yes
2026-10-05T03:13:43.729227Z,KXBTC15M-26OCT042315-15,0.0140,500.00,yes
2026-10-05T03:13:43.729227Z,KXBTC15M-26OCT042315-15,0.0140,200.00,yes
2026-10-05T03:13:43.729227Z,KXBTC15M-26OCT042315-15,0.0140,109.48,yes
2026-10-05T03:13:43.729227Z,KXBTC15M-26OCT042315-15,0.0140,9.13,yes
2026-10-05T03:13:43.747481Z,KXBTC15M-26OCT042315-15,0.0140,0.01,yes
2026-10-05T03:13:43.747481Z,KXBTC15M-26OCT042315-15,0.0140,24.98,yes
2026-10-05T03:13:43.747481Z,KXBTC15M-26OCT042315-15,0.0140,0.01,yes
2026-10-05T03:13:43.747481Z,KXBTC15M-26OCT042315-15,0.0140,490.87,yes
2026-10-05T03:13:43.752501Z,KXBTC15M-26OCT042315-15,0.0140,18.71,yes
2026-10-05T03:13:43.780486Z,KXBTC15M-26OCT042315-15,0.0130,99.38,no
2026-10-05T03:13:43.811457Z,KXBTC15M-26OCT042315-15,0.0130,10.12,no
2026-10-05T03:13:43.836832Z,KXBTC15M-26OCT042315-15,0.0150,65.39,yes
2026-10-05T03:13:43.836832Z,KXBTC15M-26OCT042315-15,0.0150,200.00,yes
2026-10-05T03:13:43.836832Z,KXBTC15M-26OCT042315-15,0.0140,0.01,yes
2026-10-05T03:13:43.836832Z,KXBTC15M-26OCT042315-15,0.0140,106.31,yes
2026-10-05T03:13:43.836832Z,KXBTC15M-26OCT042315-15,0.0140,150.00,yes
2026-10-05T03:13:43.836832Z,KXBTC15M-26OCT042315-15,0.0140,0.01,yes
2026-10-05T03:13:43.836832Z,KXBTC15M-26OCT042315-15,0.0140,0.02,yes
2026-10-05T03:13:43.836832Z,KXBTC15M-26OCT042315-15,0.0150,13.00,yes
2026-10-05T03:13:43.865222Z,KXBTC15M-26OCT042315-15,0.0130,20.03,no
2026-10-05T03:13:43.875335Z,KXBTC15M-26OCT042315-15,0.0140,0.01,yes
2026-10-05T03:13:43.875335Z,KXBTC15M-26OCT042315-15,0.0140,0.01,yes
2026-10-05T03:13:43.875335Z,KXBTC15M-26OCT042315-15,0.0150,31.16,yes
2026-10-05T03:13:43.880838Z,KXBTC15M-26OCT042315-15,0.0120,15.00,no
2026-10-05T03:13:43.880838Z,KXBTC15M-26OCT042315-15,0.0130,0.01,no
2026-10-05T03:13:43.880838Z,KXBTC15M-26OCT042315-15,0.0130,0.01,no
2026-10-05T03:13:43.880838Z,KXBTC15M-26OCT042315-15,0.0120,59.44,no
2026-10-05T03:13:43.880838Z,KXBTC15M-26OCT042315-15,0.0130,20.47,no
2026-10-05T03:13:43.880838Z,KXBTC15M-26OCT042315-15,0.0130,15.00,no
2026-10-05T03:13:43.880838Z,KXBTC15M-26OCT042315-15,0.0120,15.00,no
2026-10-05T03:13:43.880838Z,KXBTC15M-26OCT042315-15,0.0110,19.46,no
2026-10-05T03:13:43.892372Z,KXBTC15M-26OCT042315-15,0.0150,0.01,yes
2026-10-05T03:13:43.892372Z,KXBTC15M-26OCT042315-15,0.0140,0.01,yes
2026-10-05T03:13:43.892372Z,KXBTC15M-26OCT042315-15,0.0140,0.01,yes
2026-10-05T03:13:43.892372Z,KXBTC15M-26OCT042315-15,0.0150,0.02,yes
2026-10-05T03:13:43.892372Z,KXBTC15M-26OCT042315-15,0.0150,53.45,yes
2026-10-05T03:13:43.892372Z,KXBTC15M-26OCT042315-15,0.0150,63.43,yes
2026-10-05T03:13:43.892372Z,KXBTC15M-26OCT042315-15,0.0150,0.01,yes
2026-10-05T03:13:43.92228Z,KXBTC15M-26OCT042315-15,0.0140,0.55,yes
2026-10-05T03:13:43.925192Z,KXBTC15M-26OCT042315-15,0.0140,276.94,yes
2026-10-05T03:13:43.925192Z,KXBTC15M-26OCT042315-15,0.0150,200.00,yes
2026-10-05T03:13:43.925192Z,KXBTC15M-26OCT042315-15,0.0140,0.01,yes
2026-10-05T03:13:43.925192Z,KXBTC15M-26OCT042315-15,0.0140,15.00,yes
2026-10-05T03:13:43.925192Z,KXBTC15M-26OCT042315-15,0.0160,144.24,yes
2026-10-05T03:13:43.925192Z,KXBTC15M-26OCT042315-15,0.0160,111.76,yes
2026-10-05T03:13:43.925192Z,KXBTC15M-26OCT042315-15,0.0150,13.00,yes
2026-10-05T03:13:43.925192Z,KXBTC15M-26OCT042315-15,0.0160,256.00,yes
2026-10-05T03:13:43.925192Z,KXBTC15M-26OCT042315-15,0.0160,256.00,yes
2026-10-05T03:13:43.925192Z,KXBTC15M-26OCT042315-15,0.0160,256.00,yes
2026-10-05T03:13:43.925192Z,KXBTC15M-26OCT042315-15,0.0160,256.00,yes
2026-10-05T03:13:43.925192Z,KXBTC15M-26OCT042315-15,0.0140,15.00,yes
2026-10-05T03:13:43.925192Z,KXBTC15M-26OCT042315-15,0.0160,256.00,yes
2026-10-05T03:13:43.925192Z,KXBTC15M-26OCT042315-15,0.0140,0.01,yes
2026-10-05T03:13:43.925192Z,KXBTC15M-26OCT042315-15,0.0160,215.00,yes
2026-10-05T03:13:43.925192Z,KXBTC15M-26OCT042315-15,0.0160,0.02,yes
2026-10-05T03:13:43.925192Z,KXBTC15M-26OCT042315-15,0.0160,200.00,yes
2026-10-05T03:13:43.960192Z,KXBTC15M-26OCT042315-15,0.0130,84.36,no
2026-10-05T03:13:43.960192Z,KXBTC15M-26OCT042315-15,0.0130,0.01,no
2026-10-05T03:13:43.960192Z,KXBTC15M-26OCT042315-15,0.0130,15.00,no
2026-10-05T03:13:43.960192Z,KXBTC15M-26OCT042315-15,0.0130,0.01,no
2026-10-05T03:13:43.970428Z,KXBTC15M-26OCT042315-15,0.0130,15.00,no
2026-10-05T03:13:43.970428Z,KXBTC15M-26OCT042315-15,0.0130,22.60,no
2026-10-05T03:13:44.021365Z,KXBTC15M-26OCT042315-15,0.0140,6.00,yes
2026-10-05T03:13:44.021365Z,KXBTC15M-26OCT042315-15,0.0140,0.01,yes
2026-10-05T03:13:44.021365Z,KXBTC15M-26OCT042315-15,0.0140,0.01,yes
2026-10-05T03:13:44.127182Z,KXBTC15M-26OCT042315-15,0.0140,1.00,yes
2026-10-05T03:13:44.127182Z,KXBTC15M-26OCT042315-15,0.0140,9.00,yes
2026-10-05T03:13:44.136338Z,KXBTC15M-26OCT042315-15,0.0130,0.01,no
2026-10-05T03:13:44.136338Z,KXBTC15M-26OCT042315-15,0.0130,15.16,no
2026-10-05T03:13:44.136338Z,KXBTC15M-26OCT042315-15,0.0130,0.01,no
2026-10-05T03:13:44.138193Z,KXBTC15M-26OCT042315-15,0.0140,1.00,yes
2026-10-05T03:13:44.151488Z,KXBTC15M-26OCT042315-15,0.0130,15.00,no
2026-10-05T03:13:44.151488Z,KXBTC15M-26OCT042315-15,0.0130,40.93,no
2026-10-05T03:13:44.164931Z,KXBTC15M-26OCT042315-15,0.0140,0.01,yes
2026-10-05T03:13:44.164931Z,KXBTC15M-26OCT042315-15,0.0140,0.02,yes
2026-10-05T03:13:44.164931Z,KXBTC15M-26OCT042315-15,0.0140,0.01,yes
2026-10-05T03:13:44.164931Z,KXBTC15M-26OCT042315-15,0.0150,0.02,yes
2026-10-05T03:13:44.164931Z,KXBTC15M-26OCT042315-15,0.0140,13.00,yes
2026-10-05T03:13:44.164931Z,KXBTC15M-26OCT042315-15,0.0170,16.17,yes
2026-10-05T03:13:44.193398Z,KXBTC15M-26OCT042315-15,0.0130,57.99,no
2026-10-05T03:13:44.240512Z,KXBTC15M-26OCT042315-15,0.0140,0.01,yes
2026-10-05T03:13:44.240512Z,KXBTC15M-26OCT042315-15,0.0140,0.01,yes
2026-10-05T03:13:44.240512Z,KXBTC15M-26OCT042315-15,0.0140,15.00,yes
2026-10-05T03:13:44.261958Z,KXBTC15M-26OCT042315-15,0.0150,0.01,no
2026-10-05T03:13:44.261958Z,KXBTC15M-26OCT042315-15,0.0140,70.00,no
2026-10-05T03:13:44.261958Z,KXBTC15M-26OCT042315-15,0.0150,0.01,no
2026-10-05T03:13:44.261958Z,KXBTC15M-26OCT042315-15,0.0140,13.00,no
2026-10-05T03:13:44.261958Z,KXBTC15M-26OCT042315-15,0.0140,500.00,no
2026-10-05T03:13:44.261958Z,KXBTC15M-26OCT042315-15,0.0130,232.61,no
2026-10-05T03:13:44.31461Z,KXBTC15M-26OCT042315-15,0.0160,21.59,yes
2026-10-05T03:13:44.31461Z,KXBTC15M-26OCT042315-15,0.0160,0.01,yes
2026-10-05T03:13:44.31461Z,KXBTC15M-26OCT042315-15,0.0160,0.01,yes
2026-10-05T03:13:44.31461Z,KXBTC15M-26OCT042315-15,0.0160,0.02,yes
2026-10-05T03:13:44.315426Z,KXBTC15M-26OCT042315-15,0.0150,0.01,no
2026-10-05T03:13:44.315426Z,KXBTC15M-26OCT042315-15,0.0150,0.01,no
2026-10-05T03:13:44.315426Z,KXBTC15M-26OCT042315-15,0.0130,0.01,no
2026-10-05T03:13:44.315426Z,KXBTC15M-26OCT042315-15,0.0130,15.00,no
2026-10-05T03:13:44.315426Z,KXBTC15M-26OCT042315-15,0.0130,15.00,no
2026-10-05T03:13:44.315426Z,KXBTC15M-26OCT042315-15,0.0130,0.01,no
2026-10-05T03:13:44.315426Z,KXBTC15M-26OCT042315-15,0.0130,63.08,no
2026-10-05T03:13:44.405495Z,KXBTC15M-26OCT042315-15,0.0150,0.01,no
2026-10-05T03:13:44.405495Z,KXBTC15M-26OCT042315-15,0.0150,0.01,no
2026-10-05T03:13:44.431005Z,KXBTC15M-26OCT042315-15,0.0140,0.01,yes
2026-10-05T03:13:44.431005Z,KXBTC15M-26OCT042315-15,0.0150,82.28,yes
2026-10-05T03:13:44.431005Z,KXBTC15M-26OCT042315-15,0.0140,0.01,yes
2026-10-05T03:13:44.431005Z,KXBTC15M-26OCT042315-15,0.0140,15.00,yes
2026-10-05T03:13:44.434313Z,KXBTC15M-26OCT042315-15,0.0140,0.02,yes
2026-10-05T03:13:44.434313Z,KXBTC15M-26OCT042315-15,0.0150,0.98,yes
2026-10-05T03:13:44.504364Z,KXBTC15M-26OCT042315-15,0.0140,0.01,yes
2026-10-05T03:13:44.504364Z,KXBTC15M-26OCT042315-15,0.0140,15.00,yes
2026-10-05T03:13:44.504364Z,KXBTC15M-26OCT042315-15,0.0150,15.85,yes
2026-10-05T03:13:44.504364Z,KXBTC15M-26OCT042315-15,0.0140,0.01,yes
2026-10-05T03:13:44.532551Z,KXBTC15M-26OCT042315-15,0.0140,0.01,yes
2026-10-05T03:13:44.532551Z,KXBTC15M-26OCT042315-15,0.0150,0.01,yes
2026-10-05T03:13:44.532551Z,KXBTC15M-26OCT042315-15,0.0150,77.89,yes
2026-10-05T03:13:44.532551Z,KXBTC15M-26OCT042315-15,0.0150,0.01,yes
2026-10-05T03:13:44.532551Z,KXBTC15M-26OCT042315-15,0.0140,200.00,yes
2026-10-05T03:13:44.532551Z,KXBTC15M-26OCT042315-15,0.0150,35.87,yes
2026-10-05T03:13:44.564661Z,KXBTC15M-26OCT042315-15,0.0130,15.00,no
2026-10-05T03:13:44.564661Z,KXBTC15M-26OCT042315-15,0.0130,14.00,no
2026-10-05T03:13:44.564661Z,KXBTC15M-26OCT042315-15,0.0130,15.00,no
2026-10-05T03:13:44.564661Z,KXBTC15M-26OCT042315-15,0.0130,0.01,no
2026-10-05T03:13:44.564661Z,KXBTC15M-26OCT042315-15,0.0130,77.45,no
2026-10-05T03:13:44.564661Z,KXBTC15M-26OCT042315-15,0.0130,0.01,no
2026-10-05T03:13:44.651701Z,KXBTC15M-26OCT042315-15,0.0130,20.24,no
2026-10-05T03:13:44.657927Z,KXBTC15M-26OCT042315-15,0.0140,0.01,yes
2026-10-05T03:13:44.657927Z,KXBTC15M-26OCT042315-15,0.0140,14.33,yes
2026-10-05T03:13:44.657927Z,KXBTC15M-26OCT042315-15,0.0140,0.01,yes
2026-10-05T03:13:44.657927Z,KXBTC15M-26OCT042315-15,0.0140,15.00,yes
2026-10-05T03:13:44.716765Z,KXBTC15M-26OCT042315-15,0.0130,170.36,no
2026-10-05T03:13:44.716765Z,KXBTC15M-26OCT042315-15,0.0130,279.64,no
2026-10-05T03:13:44.722136Z,KXBTC15M-26OCT042315-15,0.0130,10.12,no
2026-10-05T03:13:44.77811Z,KXBTC15M-26OCT042315-15,0.0130,11.52,no
2026-10-05T03:13:44.898212Z,KXBTC15M-26OCT042315-15,0.0130,14.00,no
2026-10-05T03:13:44.898212Z,KXBTC15M-26OCT042315-15,0.0130,0.01,no
2026-10-05T03:13:44.898212Z,KXBTC15M-26OCT042315-15,0.0130,0.01,no
2026-10-05T03:13:44.898212Z,KXBTC15M-26OCT042315-15,0.0130,15.00,no
2026-10-05T03:13:44.898212Z,KXBTC15M-26OCT042315-15,0.0130,1.34,no
2026-10-05T03:13:44.933627Z,KXBTC15M-26OCT042315-15,0.0130,20.22,no
2026-10-05T03:13:44.957846Z,KXBTC15M-26OCT042315-15,0.0130,21.55,no
2026-10-05T03:13:45.004017Z,KXBTC15M-26OCT042315-15,0.0130,1.01,no
2026-10-05T03:13:45.039671Z,KXBTC15M-26OCT042315-15,0.0130,99.29,no
2026-10-05T03:13:45.061913Z,KXBTC15M-26OCT042315-15,0.0130,1.00,no
2026-10-05T03:13:45.062569Z,KXBTC15M-26OCT042315-15,0.0140,34.29,yes
2026-10-05T03:13:45.062569Z,KXBTC15M-26OCT042315-15,0.0140,0.02,yes
2026-10-05T03:13:45.062569Z,KXBTC15M-26OCT042315-15,0.0140,0.67,yes
2026-10-05T03:13:45.062569Z,KXBTC15M-26OCT042315-15,0.0140,0.01,yes
2026-10-05T03:13:45.062569Z,KXBTC15M-26OCT042315-15,0.0140,15.00,yes
2026-10-05T03:13:45.062569Z,KXBTC15M-26OCT042315-15,0.0140,0.01,yes
2026-10-05T03:13:45.064413Z,KXBTC15M-26OCT042315-15,0.0140,26.71,yes
2026-10-05T03:13:45.064413Z,KXBTC15M-26OCT042315-15,0.0160,113.64,yes
2026-10-05T03:13:45.064413Z,KXBTC15M-26OCT042315-15,0.0150,2.06,yes
2026-10-05T03:13:45.064413Z,KXBTC15M-26OCT042315-15,0.0150,0.02,yes
2026-10-05T03:13:45.064413Z,KXBTC15M-26OCT042315-15,0.0160,4.00,yes
2026-10-05T03:13:45.064413Z,KXBTC15M-26OCT042315-15,0.0160,0.02,yes
2026-10-05T03:13:45.150167Z,KXBTC15M-26OCT042315-15,0.0130,1.01,no
2026-10-05T03:13:45.205001Z,KXBTC15M-26OCT042315-15,0.0130,3.40,no
2026-10-05T03:13:45.214825Z,KXBTC15M-26OCT042315-15,0.0150,18.94,yes
2026-10-05T03:13:45.214825Z,KXBTC15M-26OCT042315-15,0.0140,0.01,yes
2026-10-05T03:13:45.214825Z,KXBTC15M-26OCT042315-15,0.0140,0.01,yes
2026-10-05T03:13:45.241697Z,KXBTC15M-26OCT042315-15,0.0130,0.01,no
2026-10-05T03:13:45.241697Z,KXBTC15M-26OCT042315-15,0.0130,60.24,no
2026-10-05T03:13:45.241697Z,KXBTC15M-26OCT042315-15,0.0130,14.00,no
2026-10-05T03:13:45.241697Z,KXBTC15M-26OCT042315-15,0.0130,0.01,no
2026-10-05T03:13:45.241697Z,KXBTC15M-26OCT042315-15,0.0130,0.97,no
2026-10-05T03:13:45.288337Z,KXBTC15M-26OCT042315-15,0.0130,3.40,no
2026-10-05T03:13:45.318418Z,KXBTC15M-26OCT042315-15,0.0150,0.01,yes
2026-10-05T03:13:45.318418Z,KXBTC15M-26OCT042315-15,0.0150,10.06,yes
2026-10-05T03:13:45.318418Z,KXBTC15M-26OCT042315-15,0.0150,100.92,yes
2026-10-05T03:13:45.318418Z,KXBTC15M-26OCT042315-15,0.0150,0.01,yes
2026-10-05T03:13:45.34666Z,KXBTC15M-26OCT042315-15,0.0120,15.00,no
2026-10-05T03:13:45.34666Z,KXBTC15M-26OCT042315-15,0.0130,15.00,no
2026-10-05T03:13:45.34666Z,KXBTC15M-26OCT042315-15,0.0130,0.01,no
2026-10-05T03:13:45.34666Z,KXBTC15M-26OCT042315-15,0.0130,0.01,no
2026-10-05T03:13:45.34666Z,KXBTC15M-26OCT042315-15,0.0130,10.63,no
2026-10-05T03:13:45.34666Z,KXBTC15M-26OCT042315-15,0.0110,8.36,no
2026-10-05T03:13:45.357577Z,KXBTC15M-26OCT042315-15,0.0130,0.01,no
2026-10-05T03:13:45.357577Z,KXBTC15M-26OCT042315-15,0.0130,0.01,no
2026-10-05T03:13:45.357577Z,KXBTC15M-26OCT042315-15,0.0110,512.00,no
2026-10-05T03:13:45.357577Z,KXBTC15M-26OCT042315-15,0.0110,512.00,no
2026-10-05T03:13:45.357577Z,KXBTC15M-26OCT042315-15,0.0110,1087.41,no
2026-10-05T03:13:45.357577Z,KXBTC15M-26OCT042315-15,0.0110,366.09,no
2026-10-05T03:13:45.359909Z,KXBTC15M-26OCT042315-15,0.0110,29.73,no
2026-10-05T03:13:45.363994Z,KXBTC15M-26OCT042315-15,0.0120,15.00,no
2026-10-05T03:13:45.363994Z,KXBTC15M-26OCT042315-15,0.0110,28.10,no
2026-10-05T03:13:45.382354Z,KXBTC15M-26OCT042315-15,0.0140,6.01,yes
2026-10-05T03:13:45.386427Z,KXBTC15M-26OCT042315-15,0.0140,0.01,yes
2026-10-05T03:13:45.386427Z,KXBTC15M-26OCT042315-15,0.0150,3.02,yes
2026-10-05T03:13:45.386427Z,KXBTC15M-26OCT042315-15,0.0140,0.01,yes
2026-10-05T03:13:45.386427Z,KXBTC15M-26OCT042315-15,0.0150,0.01,yes
2026-10-05T03:13:45.386427Z,KXBTC15M-26OCT042315-15,0.0140,8.99,yes
2026-10-05T03:13:45.398339Z,KXBTC15M-26OCT042315-15,0.0140,0.65,yes
2026-10-05T03:13:45.468196Z,KXBTC15M-26OCT042315-15,0.0140,16.29,yes
2026-10-05T03:13:45.468196Z,KXBTC15M-26OCT042315-15,0.0140,14.35,yes
2026-10-05T03:13:45.483327Z,KXBTC15M-26OCT042315-15,0.0120,15.00,no
2026-10-05T03:13:45.483327Z,KXBTC15M-26OCT042315-15,0.0130,15.00,no
2026-10-05T03:13:45.483327Z,KXBTC15M-26OCT042315-15,0.0130,15.00,no
2026-10-05T03:13:45.483327Z,KXBTC15M-26OCT042315-15,0.0130,0.01,no
2026-10-05T03:13:45.483327Z,KXBTC15M-26OCT042315-15,0.0130,0.01,no
2026-10-05T03:13:45.483327Z,KXBTC15M-26OCT042315-15,0.0110,88.08,no
2026-10-05T03:13:45.483327Z,KXBTC15M-26OCT042315-15,0.0110,183.26,no
2026-10-05T03:13:45.483327Z,KXBTC15M-26OCT042315-15,0.0110,133.64,no
2026-10-05T03:13:45.495512Z,KXBTC15M-26OCT042315-15,0.0130,0.01,no
2026-10-05T03:13:45.513514Z,KXBTC15M-26OCT042315-15,0.0140,53.58,yes
2026-10-05T03:13:45.529706Z,KXBTC15M-26OCT042315-15,0.0140,60.04,yes
2026-10-05T03:13:45.530903Z,KXBTC15M-26OCT042315-15,0.0130,0.01,no
2026-10-05T03:13:45.530903Z,KXBTC15M-26OCT042315-15,0.0130,0.01,no
2026-10-05T03:13:45.535899Z,KXBTC15M-26OCT042315-15,0.0120,13.00,no
2026-10-05T03:13:45.601721Z,KXBTC15M-26OCT042315-15,0.0130,38.96,yes
2026-10-05T03:13:45.601721Z,KXBTC15M-26OCT042315-15,0.0130,15.00,yes
2026-10-05T03:13:45.647414Z,KXBTC15M-26OCT042315-15,0.0120,1.00,no
2026-10-05T03:13:45.663444Z,KXBTC15M-26OCT042315-15,0.0120,13.00,no
2026-10-05T03:13:45.663444Z,KXBTC15M-26OCT042315-15,0.0120,0.01,no
2026-10-05T03:13:45.663444Z,KXBTC15M-26OCT042315-15,0.0120,0.01,no
2026-10-05T03:13:45.663444Z,KXBTC15M-26OCT042315-15,0.0120,1.00,no
2026-10-05T03:13:45.663444Z,KXBTC15M-26OCT042315-15,0.0120,1.00,no
2026-10-05T03:13:45.663444Z,KXBTC15M-26OCT042315-15,0.0120,15.00,no
2026-10-05T03:13:45.663444Z,KXBTC15M-26OCT042315-15,0.0110,97.53,no
2026-10-05T03:13:45.673071Z,KXBTC15M-26OCT042315-15,0.0130,200.00,yes
2026-10-05T03:13:45.673071Z,KXBTC15M-26OCT042315-15,0.0130,400.00,yes
2026-10-05T03:13:45.673071Z,KXBTC15M-26OCT042315-15,0.0140,276.42,yes
2026-10-05T03:13:45.673071Z,KXBTC15M-26OCT042315-15,0.0130,0.01,yes
2026-10-05T03:13:45.673071Z,KXBTC15M-26OCT042315-15,0.0130,15.00,yes
2026-10-05T03:13:45.673071Z,KXBTC15M-26OCT042315-15,0.0140,382.09,yes
2026-10-05T03:13:45.673071Z,KXBTC15M-26OCT042315-15,0.0130,0.01,yes
2026-10-05T03:13:45.677165Z,KXBTC15M-26OCT042315-15,0.0140,17.03,yes
2026-10-05T03:13:45.709267Z,KXBTC15M-26OCT042315-15,0.0120,2.02,no
2026-10-05T03:13:45.746264Z,KXBTC15M-26OCT042315-15,0.0130,0.01,yes
2026-10-05T03:13:45.746264Z,KXBTC15M-26OCT042315-15,0.0130,400.00,yes
2026-10-05T03:13:45.746264Z,KXBTC15M-26OCT042315-15,0.0140,218.55,yes
2026-10-05T03:13:45.746264Z,KXBTC15M-26OCT042315-15,0.0140,28.10,yes
2026-10-05T03:13:45.746264Z,KXBTC15M-26OCT042315-15,0.0140,363.22,yes
2026-10-05T03:13:45.746264Z,KXBTC15M-26OCT042315-15,0.0130,15.00,yes
2026-10-05T03:13:45.746264Z,KXBTC15M-26OCT042315-15,0.0130,0.01,yes
2026-10-05T03:13:45.749202Z,KXBTC15M-26OCT042315-15,0.0140,32.60,yes
2026-10-05T03:13:45.749202Z,KXBTC15M-26OCT042315-15,0.0140,5.32,yes
2026-10-05T03:13:45.817942Z,KXBTC15M-26OCT042315-15,0.0130,249.44,yes
2026-10-05T03:13:45.817942Z,KXBTC15M-26OCT042315-15,0.0130,0.01,yes
2026-10-05T03:13:45.817942Z,KXBTC15M-26OCT042315-15,0.0130,0.01,yes
2026-10-05T03:13:45.909102Z,KXBTC15M-26OCT042315-15,0.0130,66.81,yes
2026-10-05T03:13:45.909102Z,KXBTC15M-26OCT042315-15,0.0130,0.01,yes
2026-10-05T03:13:45.910428Z,KXBTC15M-26OCT042315-15,0.0120,0.01,no
2026-10-05T03:13:45.910428Z,KXBTC15M-26OCT042315-15,0.0120,10.49,no
2026-10-05T03:13:45.934671Z,KXBTC15M-26OCT042315-15,0.0130,6.23,yes
2026-10-05T03:13:45.980027Z,KXBTC15M-26OCT042315-15,0.0130,201.02,yes
2026-10-05T03:13:45.980027Z,KXBTC15M-26OCT042315-15,0.0130,0.01,yes
2026-10-05T03:13:45.980027Z,KXBTC15M-26OCT042315-15,0.0130,0.01,yes
2026-10-05T03:13:45.980027Z,KXBTC15M-26OCT042315-15,0.0130,326.96,yes
2026-10-05T03:13:46.046014Z,KXBTC15M-26OCT042315-15,0.0130,0.01,yes
2026-10-05T03:13:46.046014Z,KXBTC15M-26OCT042315-15,0.0130,124.72,yes
2026-10-05T03:13:46.05896Z,KXBTC15M-26OCT042315-15,0.0130,25.93,yes
2026-10-05T03:13:46.077891Z,KXBTC15M-26OCT042315-15,0.0130,86.00,yes
2026-10-05T03:13:46.082759Z,KXBTC15M-26OCT042315-15,0.0120,4.51,no
2026-10-05T03:13:46.082759Z,KXBTC15M-26OCT042315-15,0.0120,0.01,no
2026-10-05T03:13:46.082759Z,KXBTC15M-26OCT042315-15,0.0120,15.00,no
2026-10-05T03:13:46.082759Z,KXBTC15M-26OCT042315-15,0.0120,15.00,no
2026-10-05T03:13:46.082759Z,KXBTC15M-26OCT042315-15,0.0120,0.01,no
2026-10-05T03:13:46.082759Z,KXBTC15M-26OCT042315-15,0.0110,15.99,no
2026-10-05T03:13:46.12233Z,KXBTC15M-26OCT042315-15,0.0130,18.65,yes
2026-10-05T03:13:46.226122Z,KXBTC15M-26OCT042315-15,0.0120,0.01,no
2026-10-05T03:13:46.226122Z,KXBTC15M-26OCT042315-15,0.0120,15.00,no
2026-10-05T03:13:46.226122Z,KXBTC15M-26OCT042315-15,0.0120,0.01,no
2026-10-05T03:13:46.226122Z,KXBTC15M-26OCT042315-15,0.0110,13.84,no
2026-10-05T03:13:46.226122Z,KXBTC15M-26OCT042315-15,0.0110,3.22,no
2026-10-05T03:13:46.230089Z,KXBTC15M-26OCT042315-15,0.0110,232.84,no
2026-10-05T03:13:46.230089Z,KXBTC15M-26OCT042315-15,0.0110,3141.00,no
2026-10-05T03:13:46.230089Z,KXBTC15M-26OCT042315-15,0.0110,2.00,no
2026-10-05T03:13:46.230089Z,KXBTC15M-26OCT042315-15,0.0110,1.00,no
2026-10-05T03:13:46.230089Z,KXBTC15M-26OCT042315-15,0.0110,100.00,no
2026-10-05T03:13:46.230089Z,KXBTC15M-26OCT042315-15,0.0110,20.00,no
2026-10-05T03:13:46.230089Z,KXBTC15M-26OCT042315-15,0.0110,2.00,no
2026-10-05T03:13:46.230089Z,KXBTC15M-26OCT042315-15,0.0110,10.00,no
2026-10-05T03:13:46.230089Z,KXBTC15M-26OCT042315-15,0.0110,1.00,no
2026-10-05T03:13:46.230089Z,KXBTC15M-26OCT042315-15,0.0110,352.00,no
2026-10-05T03:13:46.230089Z,KXBTC15M-26OCT042315-15,0.0110,1.00,no
2026-10-05T03:13:46.230089Z,KXBTC15M-26OCT042315-15,0.0110,1.00,no
2026-10-05T03:13:46.230089Z,KXBTC15M-26OCT042315-15,0.0110,136.16,no
2026-10-05T03:13:46.231558Z,KXBTC15M-26OCT042315-15,0.0130,266.56,yes
2026-10-05T03:13:46.231558Z,KXBTC15M-26OCT042315-15,0.0120,86.00,yes
2026-10-05T03:13:46.319254Z,KXBTC15M-26OCT042315-15,0.0120,2.49,yes
2026-10-05T03:13:46.326917Z,KXBTC15M-26OCT042315-15,0.0110,0.01,no
2026-10-05T03:13:46.326917Z,KXBTC15M-26OCT042315-15,0.0110,0.01,no
2026-10-05T03:13:46.326917Z,KXBTC15M-26OCT042315-15,0.0110,17.00,no
2026-10-05T03:13:46.326917Z,KXBTC15M-26OCT042315-15,0.0100,260.00,no
2026-10-05T03:13:46.326917Z,KXBTC15M-26OCT042315-15,0.0100,215.97,no
2026-10-05T03:13:46.326917Z,KXBTC15M-26OCT042315-15,0.0100,3.00,no
2026-10-05T03:13:46.327427Z,KXBTC15M-26OCT042315-15,0.0120,11.35,yes
2026-10-05T03:13:46.327427Z,KXBTC15M-26OCT042315-15,0.0120,276.45,yes
2026-10-05T03:13:46.343894Z,KXBTC15M-26OCT042315-15,0.0100,0.98,no
2026-10-05T03:13:46.349989Z,KXBTC15M-26OCT042315-15,0.0100,110.05,no
2026-10-05T03:13:46.349989Z,KXBTC15M-26OCT042315-15,0.0100,165.95,no
2026-10-05T03:13:46.359416Z,KXBTC15M-26OCT042315-15,0.0100,283.00,no
2026-10-05T03:13:46.430725Z,KXBTC15M-26OCT042315-15,0.0110,1.04,yes
2026-10-05T03:13:46.465595Z,KXBTC15M-26OCT042315-15,0.0100,5.10,no
2026-10-05T03:13:46.465595Z,KXBTC15M-26OCT042315-15,0.0100,37.46,no
2026-10-05T03:13:46.465595Z,KXBTC15M-26OCT042315-15,0.0100,1.69,no
2026-10-05T03:13:46.465595Z,KXBTC15M-26OCT042315-15,0.0100,19.70,no
2026-10-05T03:13:46.465595Z,KXBTC15M-26OCT042315-15,0.0100,20.00,no
2026-10-05T03:13:46.465595Z,KXBTC15M-26OCT042315-15,0.0100,0.50,no
2026-10-05T03:13:46.465595Z,KXBTC15M-26OCT042315-15,0.0100,25.00,no
2026-10-05T03:13:46.465595Z,KXBTC15M-26OCT042315-15,0.0100,200.00,no
2026-10-05T03:13:46.465595Z,KXBTC15M-26OCT042315-15,0.0100,60.00,no
2026-10-05T03:13:46.465595Z,KXBTC15M-26OCT042315-15,0.0100,1.00,no
2026-10-05T03:13:46.465595Z,KXBTC15M-26OCT042315-15,0.0100,352.00,no
2026-10-05T03:13:46.465595Z,KXBTC15M-26OCT042315-15,0.0100,20.51,no
2026-10-05T03:13:46.465595Z,KXBTC15M-26OCT042315-15,0.0100,200.00,no
2026-10-05T03:13:46.465595Z,KXBTC15M-26OCT042315-15,0.0100,9.47,no
2026-10-05T03:13:46.465595Z,KXBTC15M-26OCT042315-15,0.0100,0.36,no
2026-10-05T03:13:46.465595Z,KXBTC15M-26OCT042315-15,0.0100,9.47,no
2026-10-05T03:13:46.465595Z,KXBTC15M-26OCT042315-15,0.0100,28.43,no
2026-10-05T03:13:46.465595Z,KXBTC15M-26OCT042315-15,0.0100,512.00,no
2026-10-05T03:13:46.465595Z,KXBTC15M-26OCT042315-15,0.0100,73.00,no
2026-10-05T03:13:46.465595Z,KXBTC15M-26OCT042315-15,0.0100,150.00,no
2026-10-05T03:13:46.465595Z,KXBTC15M-26OCT042315-15,0.0100,63.05,no
2026-10-05T03:13:46.465595Z,KXBTC15M-26OCT042315-15,0.0100,147.00,no
2026-10-05T03:13:46.465595Z,KXBTC15M-26OCT042315-15,0.0100,512.00,no
2026-10-05T03:13:46.465595Z,KXBTC15M-26OCT042315-15,0.0100,9.85,no
2026-10-05T03:13:46.465595Z,KXBTC15M-26OCT042315-15,0.0100,3.86,no
2026-10-05T03:13:46.465595Z,KXBTC15M-26OCT042315-15,0.0100,474.93,no
2026-10-05T03:13:46.465595Z,KXBTC15M-26OCT042315-15,0.0100,0.50,no
2026-10-05T03:13:46.465595Z,KXBTC15M-26OCT042315-15,0.0100,4.01,no
2026-10-05T03:13:46.465595Z,KXBTC15M-26OCT042315-15,0.0100,19.70,no
2026-10-05T03:13:46.465595Z,KXBTC15M-26OCT042315-15,0.0100,0.01,no
2026-10-05T03:13:46.465595Z,KXBTC15M-26OCT042315-15,0.0100,39.40,no
2026-10-05T03:13:46.477876Z,KXBTC15M-26OCT042315-15,0.0110,359.76,yes
2026-10-05T03:13:46.481703Z,KXBTC15M-26OCT042315-15,0.0100,3.25,no
2026-10-05T03:13:46.502015Z,KXBTC15M-26OCT042315-15,0.0110,2.15,yes
2026-10-05T03:13:46.502593Z,KXBTC15M-26OCT042315-15,0.0100,8.97,no
2026-10-05T03:13:46.502593Z,KXBTC15M-26OCT042315-15,0.0100,171.17,no
2026-10-05T03:13:46.502593Z,KXBTC15M-26OCT042315-15,0.0100,9.30,no
2026-10-05T03:13:46.502593Z,KXBTC15M-26OCT042315-15,0.0100,3.72,no
2026-10-05T03:13:46.502593Z,KXBTC15M-26OCT042315-15,0.0100,1.46,no
2026-10-05T03:13:46.502593Z,KXBTC15M-26OCT042315-15,0.0100,3.78,no
2026-10-05T03:13:46.502593Z,KXBTC15M-26OCT042315-15,0.0100,3.72,no
2026-10-05T03:13:46.502593Z,KXBTC15M-26OCT042315-15,0.0100,1.11,no
2026-10-05T03:13:46.502593Z,KXBTC15M-26OCT042315-15,0.0100,1.11,no
2026-10-05T03:13:46.502593Z,KXBTC15M-26OCT042315-15,0.0100,9.13,no
2026-10-05T03:13:46.502593Z,KXBTC15M-26OCT042315-15,0.0100,41.93,no
2026-10-05T03:13:46.502593Z,KXBTC15M-26OCT042315-15,0.0100,105.39,no
2026-10-05T03:13:46.502593Z,KXBTC15M-26OCT042315-15,0.0100,0.79,no
2026-10-05T03:13:46.502593Z,KXBTC15M-26OCT042315-15,0.0100,7.85,no
2026-10-05T03:13:46.502593Z,KXBTC15M-26OCT042315-15,0.0100,0.34,no
2026-10-05T03:13:46.502593Z,KXBTC15M-26OCT042315-15,0.0100,21.99,no
2026-10-05T03:13:46.502593Z,KXBTC15M-26OCT042315-15,0.0100,15.71,no
2026-10-05T03:13:46.502593Z,KXBTC15M-26OCT042315-15,0.0100,7.85,no
2026-10-05T03:13:46.502593Z,KXBTC15M-26OCT042315-15,0.0100,7.29,no
2026-10-05T03:13:46.502593Z,KXBTC15M-26OCT042315-15,0.0100,18.26,no
2026-10-05T03:13:46.502593Z,KXBTC15M-26OCT042315-15,0.0100,1.47,no
2026-10-05T03:13:46.502593Z,KXBTC15M-26OCT042315-15,0.0100,15.00,no
2026-10-05T03:13:46.502593Z,KXBTC15M-26OCT042315-15,0.0100,42.30,no
2026-10-05T03:13:46.502593Z,KXBTC15M-26OCT042315-15,0.0100,3.72,no
2026-10-05T03:13:46.502593Z,KXBTC15M-26OCT042315-15,0.0100,15.95,no
2026-10-05T03:13:46.502593Z,KXBTC15M-26OCT042315-15,0.0100,27.34,no
2026-10-05T03:13:46.502593Z,KXBTC15M-26OCT042315-15,0.0100,5.19,no
2026-10-05T03:13:46.502593Z,KXBTC15M-26OCT042315-15,0.0100,8.66,no
2026-10-05T03:13:46.502593Z,KXBTC15M-26OCT042315-15,0.0100,12.42,no
2026-10-05T03:13:46.502593Z,KXBTC15M-26OCT042315-15,0.0100,0.07,no
2026-10-05T03:13:46.502593Z,KXBTC15M-26OCT042315-15,0.0100,3.65,no
2026-10-05T03:13:46.502593Z,KXBTC15M-26OCT042315-15,0.0100,6.08,no
2026-10-05T03:13:46.502593Z,KXBTC15M-26OCT042315-15,0.0100,3.46,no
2026-10-05T03:13:46.502593Z,KXBTC15M-26OCT042315-15,0.0100,17.94,no
2026-10-05T03:13:46.502593Z,KXBTC15M-26OCT042315-15,0.0100,13.08,no
2026-10-05T03:13:46.502593Z,KXBTC15M-26OCT042315-15,0.0100,0.30,no
2026-10-05T03:13:46.502593Z,KXBTC15M-26OCT042315-15,0.0100,2.46,no
2026-10-05T03:13:46.502593Z,KXBTC15M-26OCT042315-15,0.0100,1.33,no
2026-10-05T03:13:46.502593Z,KXBTC15M-26OCT042315-15,0.0100,13.44,no
2026-10-05T03:13:46.502593Z,KXBTC15M-26OCT042315-15,0.0100,6.72,no
2026-10-05T03:13:46.502593Z,KXBTC15M-26OCT042315-15,0.0100,7.09,no
2026-10-05T03:13:46.502593Z,KXBTC15M-26OCT042315-15,0.0100,2.78,no
2026-10-05T03:13:46.502593Z,KXBTC15M-26OCT042315-15,0.0100,2.79,no
2026-10-05T03:13:46.502593Z,KXBTC15M-26OCT042315-15,0.0100,2.66,no
2026-10-05T03:13:46.56948Z,KXBTC15M-26OCT042315-15,0.0110,6.47,yes
2026-10-05T03:13:46.596835Z,KXBTC15M-26OCT042315-15,0.0100,5.95,no
2026-10-05T03:13:46.596835Z,KXBTC15M-26OCT042315-15,0.0100,17.90,no
2026-10-05T03:13:46.596835Z,KXBTC15M-26OCT042315-15,0.0100,2.00,no
2026-10-05T03:13:46.596835Z,KXBTC15M-26OCT042315-15,0.0100,1.20,no
2026-10-05T03:13:46.596835Z,KXBTC15M-26OCT042315-15,0.0100,1.36,no
2026-10-05T03:13:46.596835Z,KXBTC15M-26OCT042315-15,0.0100,31.59,no
2026-10-05T03:13:46.597566Z,KXBTC15M-26OCT042315-15,0.0100,2.42,no
2026-10-05T03:13:46.597566Z,KXBTC15M-26OCT042315-15,0.0100,6.09,no
2026-10-05T03:13:46.597566Z,KXBTC15M-26OCT042315-15,0.0100,11.91,no
2026-10-05T03:13:46.597566Z,KXBTC15M-26OCT042315-15,0.0100,6.18,no
2026-10-05T03:13:46.597566Z,KXBTC15M-26OCT042315-15,0.0100,18.71,no
2026-10-05T03:13:46.597566Z,KXBTC15M-26OCT042315-15,0.0100,11.35,no
2026-10-05T03:13:46.597566Z,KXBTC15M-26OCT042315-15,0.0100,12.47,no
2026-10-05T03:13:46.597566Z,KXBTC15M-26OCT042315-15,0.0100,0.12,no
2026-10-05T03:13:46.597566Z,KXBTC15M-26OCT042315-15,0.0100,6.09,no
2026-10-05T03:13:46.597566Z,KXBTC15M-26OCT042315-15,0.0100,4.66,no
2026-10-05T03:13:46.603979Z,KXBTC15M-26OCT042315-15,0.0110,14.39,yes
2026-10-05T03:13:46.608082Z,KXBTC15M-26OCT042315-15,0.0100,23.44,no
2026-10-05T03:13:46.617152Z,KXBTC15M-26OCT042315-15,0.0110,39.57,yes
2026-10-05T03:13:46.619065Z,KXBTC15M-26OCT042315-15,0.0110,143.90,yes
2026-10-05T03:13:46.637087Z,KXBTC15M-26OCT042315-15,0.0100,13.46,no
2026-10-05T03:13:46.637087Z,KXBTC15M-26OCT042315-15,0.0100,1.46,no
2026-10-05T03:13:46.637087Z,KXBTC15M-26OCT042315-15,0.0100,6.09,no
2026-10-05T03:13:46.714416Z,KXBTC15M-26OCT042315-15,0.0110,17.26,yes
2026-10-05T03:13:46.768038Z,KXBTC15M-26OCT042315-15,0.0100,0.08,no
2026-10-05T03:13:46.811956Z,KXBTC15M-26OCT042315-15,0.0100,4.98,no
2026-10-05T03:13:46.825841Z,KXBTC15M-26OCT042315-15,0.0100,5.76,no
2026-10-05T03:13:46.825841Z,KXBTC15M-26OCT042315-15,0.0100,18.00,no
2026-10-05T03:13:46.825841Z,KXBTC15M-26OCT042315-15,0.0100,26.24,no
2026-10-05T03:13:46.83997Z,KXBTC15M-26OCT042315-15,0.0110,249.96,yes
2026-10-05T03:13:46.848922Z,KXBTC15M-26OCT042315-15,0.0110,87.19,yes
2026-10-05T03:13:46.856261Z,KXBTC15M-26OCT042315-15,0.0100,4.53,no
2026-10-05T03:13:46.856261Z,KXBTC15M-26OCT042315-15,0.0100,4.01,no
2026-10-05T03:13:46.887639Z,KXBTC15M-26OCT042315-15,0.0110,85.02,yes
2026-10-05T03:13:46.891638Z,KXBTC15M-26OCT042315-15,0.0110,5.12,yes
2026-10-05T03:13:46.924658Z,KXBTC15M-26OCT042315-15,0.0100,4.00,no
2026-10-05T03:13:46.957608Z,KXBTC15M-26OCT042315-15,0.0100,3.98,no
2026-10-05T03:13:46.957608Z,KXBTC15M-26OCT042315-15,0.0100,16.72,no
2026-10-05T03:13:46.957608Z,KXBTC15M-26OCT042315-15,0.0100,9.99,no
2026-10-05T03:13:46.957608Z,KXBTC15M-26OCT042315-15,0.0100,2.22,no
2026-10-05T03:13:46.957608Z,KXBTC15M-26OCT042315-15,0.0100,10.00,no
2026-10-05T03:13:46.957608Z,KXBTC15M-26OCT042315-15,0.0100,26.91,no
2026-10-05T03:13:46.957608Z,KXBTC15M-26OCT042315-15,0.0100,8.80,no
2026-10-05T03:13:46.957608Z,KXBTC15M-26OCT042315-15,0.0100,0.18,no
2026-10-05T03:13:46.964669Z,KXBTC15M-26OCT042315-15,0.0100,109.38,no
2026-10-05T03:13:47.00102Z,KXBTC15M-26OCT042315-15,0.0100,41.82,no
2026-10-05T03:13:47.00102Z,KXBTC15M-26OCT042315-15,0.0100,4.35,no
2026-10-05T03:13:47.00102Z,KXBTC15M-26OCT042315-15,0.0100,5.00,no
2026-10-05T03:13:47.00102Z,KXBTC15M-26OCT042315-15,0.0100,11.00,no
2026-10-05T03:13:47.00102Z,KXBTC15M-26OCT042315-15,0.0100,63.71,no
2026-10-05T03:13:47.00102Z,KXBTC15M-26OCT042315-15,0.0100,17.00,no
2026-10-05T03:13:47.00102Z,KXBTC15M-26OCT042315-15,0.0100,286.82,no
2026-10-05T03:13:47.00102Z,KXBTC15M-26OCT042315-15,0.0100,300.00,no
2026-10-05T03:13:47.00102Z,KXBTC15M-26OCT042315-15,0.0100,6.00,no
2026-10-05T03:13:47.00102Z,KXBTC15M-26OCT042315-15,0.0100,6.00,no
2026-10-05T03:13:47.00102Z,KXBTC15M-26OCT042315-15,0.0100,161.98,no
2026-10-05T03:13:47.00102Z,KXBTC15M-26OCT042315-15,0.0100,25.00,no
2026-10-05T03:13:47.00102Z,KXBTC15M-26OCT042315-15,0.0100,0.01,no
2026-10-05T03:13:47.00102Z,KXBTC15M-26OCT042315-15,0.0100,0.01,no
2026-10-05T03:13:47.00102Z,KXBTC15M-26OCT042315-15,0.0100,1.02,no
2026-10-05T03:13:47.00102Z,KXBTC15M-26OCT042315-15,0.0100,11.66,no
2026-10-05T03:13:47.00102Z,KXBTC15M-26OCT042315-15,0.0100,18.22,no
2026-10-05T03:13:47.00102Z,KXBTC15M-26OCT042315-15,0.0100,624.20,no
2026-10-05T03:13:47.00102Z,KXBTC15M-26OCT042315-15,0.0100,2.49,no
2026-10-05T03:13:47.00102Z,KXBTC15M-26OCT042315-15,0.0100,5.00,no
2026-10-05T03:13:47.00102Z,KXBTC15M-26OCT042315-15,0.0100,5.00,no
2026-10-05T03:13:47.00102Z,KXBTC15M-26OCT042315-15,0.0100,1.06,no
2026-10-05T03:13:47.00102Z,KXBTC15M-26OCT042315-15,0.0100,793.02,no
2026-10-05T03:13:47.00102Z,KXBTC15M-26OCT042315-15,0.0100,100.00,no
2026-10-05T03:13:47.00102Z,KXBTC15M-26OCT042315-15,0.0100,50.00,no
2026-10-05T03:13:47.00102Z,KXBTC15M-26OCT042315-15,0.0100,1362.18,no
2026-10-05T03:13:47.00102Z,KXBTC15M-26OCT042315-15,0.0100,23.81,no
2026-10-05T03:13:47.00102Z,KXBTC15M-26OCT042315-15,0.0100,23.81,no
2026-10-05T03:13:47.00102Z,KXBTC15M-26OCT042315-15,0.0100,1.00,no
2026-10-05T03:13:47.00102Z,KXBTC15M-26OCT042315-15,0.0100,357.19,no
2026-10-05T03:13:47.00102Z,KXBTC15M-26OCT042315-15,0.0100,29.76,no
2026-10-05T03:13:47.00102Z,KXBTC15M-26OCT042315-15,0.0100,500.00,no
2026-10-05T03:13:47.00102Z,KXBTC15M-26OCT042315-15,0.0100,5.95,no
2026-10-05T03:13:47.00102Z,KXBTC15M-26OCT042315-15,0.0100,0.65,no
2026-10-05T03:13:47.00102Z,KXBTC15M-26OCT042315-15,0.0100,400.00,no
2026-10-05T03:13:47.00102Z,KXBTC15M-26OCT042315-15,0.0100,6.16,no
2026-10-05T03:13:47.00102Z,KXBTC15M-26OCT042315-15,0.0100,11.09,no
2026-10-05T03:13:47.00102Z,KXBTC15M-26OCT042315-15,0.0100,31.31,no
2026-10-05T03:13:47.00102Z,KXBTC15M-26OCT042315-15,0.0100,3.00,no
2026-10-05T03:13:47.00102Z,KXBTC15M-26OCT042315-15,0.0100,2.68,no
2026-10-05T03:13:47.00102Z,KXBTC15M-26OCT042315-15,0.0100,11.50,no
2026-10-05T03:13:47.00102Z,KXBTC15M-26OCT042315-15,0.0100,8.23,no
2026-10-05T03:13:47.00102Z,KXBTC15M-26OCT042315-15,0.0100,4.85,no
2026-10-05T03:13:47.029776Z,KXBTC15M-26OCT042315-15,0.0110,12.75,yes
2026-10-05T03:13:47.053067Z,KXBTC15M-26OCT042315-15,0.0100,1.56,no
2026-10-05T03:13:47.068492Z,KXBTC15M-26OCT042315-15,0.0110,29.89,yes
2026-10-05T03:13:47.072528Z,KXBTC15M-26OCT042315-15,0.0110,12.47,yes
2026-10-05T03:13:47.083971Z,KXBTC15M-26OCT042315-15,0.0100,10.00,no
2026-10-05T03:13:47.117289Z,KXBTC15M-26OCT042315-15,0.0110,45.77,yes
2026-10-05T03:13:47.122843Z,KXBTC15M-26OCT042315-15,0.0100,1.00,no
2026-10-05T03:13:47.162002Z,KXBTC15M-26OCT042315-15,0.0110,20.40,yes
2026-10-05T03:13:47.187969Z,KXBTC15M-26OCT042315-15,0.0100,8.00,no
2026-10-05T03:13:47.210941Z,KXBTC15M-26OCT042315-15,0.0110,96.23,yes
2026-10-05T03:13:47.243279Z,KXBTC15M-26OCT042315-15,0.0100,17.46,no
2026-10-05T03:13:47.243279Z,KXBTC15M-26OCT042315-15,0.0100,0.01,no
2026-10-05T03:13:47.243279Z,KXBTC15M-26OCT042315-15,0.0100,0.01,no
2026-10-05T03:13:47.243279Z,KXBTC15M-26OCT042315-15,0.0100,6.19,no
2026-10-05T03:13:47.270365Z,KXBTC15M-26OCT042315-15,0.0110,85.02,yes
2026-10-05T03:13:47.278312Z,KXBTC15M-26OCT042315-15,0.0100,17.39,no
2026-10-05T03:13:47.285427Z,KXBTC15M-26OCT042315-15,0.0110,230.88,yes
2026-10-05T03:13:47.30299Z,KXBTC15M-26OCT042315-15,0.0110,17.00,yes
2026-10-05T03:13:47.342866Z,KXBTC15M-26OCT042315-15,0.0100,25.00,no
2026-10-05T03:13:47.342866Z,KXBTC15M-26OCT042315-15,0.0100,26.42,no
2026-10-05T03:13:47.342866Z,KXBTC15M-26OCT042315-15,0.0100,150.35,no
2026-10-05T03:13:47.352484Z,KXBTC15M-26OCT042315-15,0.0110,2.16,yes
2026-10-05T03:13:47.366839Z,KXBTC15M-26OCT042315-15,0.0110,1.08,yes
2026-10-05T03:13:47.37137Z,KXBTC15M-26OCT042315-15,0.0100,21.85,no
2026-10-05T03:13:47.386737Z,KXBTC15M-26OCT042315-15,0.0100,9.00,no
2026-10-05T03:13:47.39219Z,KXBTC15M-26OCT042315-15,0.0080,17.00,no
2026-10-05T03:13:47.39219Z,KXBTC15M-26OCT042315-15,0.0100,818.80,no
2026-10-05T03:13:47.39219Z,KXBTC15M-26OCT042315-15,0.0100,0.01,no
2026-10-05T03:13:47.39219Z,KXBTC15M-26OCT042315-15,0.0100,50.00,no
2026-10-05T03:13:47.39219Z,KXBTC15M-26OCT042315-15,0.0100,500.00,no
2026-10-05T03:13:47.39219Z,KXBTC15M-26OCT042315-15,0.0100,0.01,no
2026-10-05T03:13:47.39219Z,KXBTC15M-26OCT042315-15,0.0080,120.00,no
2026-10-05T03:13:47.39219Z,KXBTC15M-26OCT042315-15,0.0070,352.58,no
2026-10-05T03:13:47.39219Z,KXBTC15M-26OCT042315-15,0.0090,120.00,no
2026-10-05T03:13:47.39367Z,KXBTC15M-26OCT042315-15,0.0070,9.53,no
2026-10-05T03:13:47.397822Z,KXBTC15M-26OCT042315-15,0.0100,25.00,no
2026-10-05T03:13:47.409599Z,KXBTC15M-26OCT042315-15,0.0110,85.02,yes
2026-10-05T03:13:47.420268Z,KXBTC15M-26OCT042315-15,0.0100,0.01,no
2026-10-05T03:13:47.420268Z,KXBTC15M-26OCT042315-15,0.0100,0.01,no
2026-10-05T03:13:47.420268Z,KXBTC15M-26OCT042315-15,0.0100,50.00,no
2026-10-05T03:13:47.431267Z,KXBTC15M-26OCT042315-15,0.0110,2.20,yes
2026-10-05T03:13:47.432875Z,KXBTC15M-26OCT042315-15,0.0100,50.00,no
2026-10-05T03:13:47.432875Z,KXBTC15M-26OCT042315-15,0.0070,1.65,no
2026-10-05T03:13:47.446226Z,KXBTC15M-26OCT042315-15,0.0100,0.01,no
2026-10-05T03:13:47.446226Z,KXBTC15M-26OCT042315-15,0.0100,0.01,no
2026-10-05T03:13:47.446226Z,KXBTC15M-26OCT042315-15,0.0100,50.00,no
2026-10-05T03:13:47.446226Z,KXBTC15M-26OCT042315-15,0.0070,1280.00,no
2026-10-05T03:13:47.446226Z,KXBTC15M-26OCT042315-15,0.0070,1156.74,no
2026-10-05T03:13:47.446226Z,KXBTC15M-26OCT042315-15,0.0070,916.24,no
2026-10-05T03:13:47.457657Z,KXBTC15M-26OCT042315-15,0.0100,0.01,no
2026-10-05T03:13:47.470058Z,KXBTC15M-26OCT042315-15,0.0110,85.02,yes
2026-10-05T03:13:47.476898Z,KXBTC15M-26OCT042315-15,0.0110,28.90,yes
2026-10-05T03:13:47.478975Z,KXBTC15M-26OCT042315-15,0.0110,166.64,yes
2026-10-05T03:13:47.524175Z,KXBTC15M-26OCT042315-15,0.0110,101.20,yes
2026-10-05T03:13:47.527361Z,KXBTC15M-26OCT042315-15,0.0100,50.00,no
2026-10-05T03:13:47.527361Z,KXBTC15M-26OCT042315-15,0.0100,25.00,no
2026-10-05T03:13:47.527361Z,KXBTC15M-26OCT042315-15,0.0100,0.01,no
2026-10-05T03:13:47.527361Z,KXBTC15M-26OCT042315-15,0.0100,0.01,no
2026-10-05T03:13:47.565231Z,KXBTC15M-26OCT042315-15,0.0070,16.00,no
2026-10-05T03:13:47.567293Z,KXBTC15M-26OCT042315-15,0.0080,0.01,yes
2026-10-05T03:13:47.567293Z,KXBTC15M-26OCT042315-15,0.0080,15.00,yes
2026-10-05T03:13:47.567293Z,KXBTC15M-26OCT042315-15,0.0080,0.01,yes
2026-10-05T03:13:47.568243Z,KXBTC15M-26OCT042315-15,0.0090,216.32,yes
2026-10-05T03:13:47.568243Z,KXBTC15M-26OCT042315-15,0.0080,500.00,yes
2026-10-05T03:13:47.568243Z,KXBTC15M-26OCT042315-15,0.0080,15.00,yes
2026-10-05T03:13:47.569932Z,KXBTC15M-26OCT042315-15,0.0080,3.87,yes
2026-10-05T03:13:47.570026Z,KXBTC15M-26OCT042315-15,0.0080,15.01,yes
2026-10-05T03:13:47.570369Z,KXBTC15M-26OCT042315-15,0.0080,2.10,yes
2026-10-05T03:13:47.57108Z,KXBTC15M-26OCT042315-15,0.0080,3.85,yes
2026-10-05T03:13:47.574196Z,KXBTC15M-26OCT042315-15,0.0080,2.99,yes
2026-10-05T03:13:47.57543Z,KXBTC15M-26OCT042315-15,0.0080,34.79,yes
2026-10-05T03:13:47.576226Z,KXBTC15M-26OCT042315-15,0.0080,3.87,yes
2026-10-05T03:13:47.57664Z,KXBTC15M-26OCT042315-15,0.0080,2.10,yes
2026-10-05T03:13:47.577246Z,KXBTC15M-26OCT042315-15,0.0080,3.85,yes
2026-10-05T03:13:47.579586Z,KXBTC15M-26OCT042315-15,0.0080,3.17,yes
2026-10-05T03:13:47.580152Z,KXBTC15M-26OCT042315-15,0.0080,0.01,yes
2026-10-05T03:13:47.580152Z,KXBTC15M-26OCT042315-15,0.0080,324.40,yes
2026-10-05T03:13:47.582129Z,KXBTC15M-26OCT042315-15,0.0070,27.56,no
2026-10-05T03:13:47.582166Z,KXBTC15M-26OCT042315-15,0.0080,0.01,yes
2026-10-05T03:13:47.582166Z,KXBTC15M-26OCT042315-15,0.0090,0.01,yes
2026-10-05T03:13:47.582166Z,KXBTC15M-26OCT042315-15,0.0090,32.33,yes
2026-10-05T03:13:47.58731Z,KXBTC15M-26OCT042315-15,0.0080,6.53,yes
2026-10-05T03:13:47.605779Z,KXBTC15M-26OCT042315-15,0.0070,19.98,no
2026-10-05T03:13:47.609337Z,KXBTC15M-26OCT042315-15,0.0080,4.89,yes
2026-10-05T03:13:47.609337Z,KXBTC15M-26OCT042315-15,0.0080,9.47,yes
2026-10-05T03:13:47.609337Z,KXBTC15M-26OCT042315-15,0.0080,0.01,yes
2026-10-05T03:13:47.611273Z,KXBTC15M-26OCT042315-15,0.0070,17.79,no
2026-10-05T03:13:47.619643Z,KXBTC15M-26OCT042315-15,0.0080,3.05,yes
2026-10-05T03:13:47.622476Z,KXBTC15M-26OCT042315-15,0.0070,7.00,no
2026-10-05T03:13:47.634532Z,KXBTC15M-26OCT042315-15,0.0070,89.54,no
2026-10-05T03:13:47.634532Z,KXBTC15M-26OCT042315-15,0.0070,34.93,no
2026-10-05T03:13:47.636553Z,KXBTC15M-26OCT042315-15,0.0070,30.46,no
2026-10-05T03:13:47.636553Z,KXBTC15M-26OCT042315-15,0.0070,10.54,no
2026-10-05T03:13:47.648112Z,KXBTC15M-26OCT042315-15,0.0070,250.00,no
2026-10-05T03:13:47.653889Z,KXBTC15M-26OCT042315-15,0.0070,3.00,no
2026-10-05T03:13:47.669583Z,KXBTC15M-26OCT042315-15,0.0080,89.54,yes
2026-10-05T03:13:47.669583Z,KXBTC15M-26OCT042315-15,0.0080,30.46,yes
2026-10-05T03:13:47.669583Z,KXBTC15M-26OCT042315-15,0.0080,250.00,yes
2026-10-05T03:13:47.669583Z,KXBTC15M-26OCT042315-15,0.0080,0.01,yes
2026-10-05T03:13:47.669583Z,KXBTC15M-26OCT042315-15,0.0080,17.79,yes
2026-10-05T03:13:47.669583Z,KXBTC15M-26OCT042315-15,0.0080,0.01,yes
2026-10-05T03:13:47.669583Z,KXBTC15M-26OCT042315-15,0.0080,19.98,yes
2026-10-05T03:13:47.669583Z,KXBTC15M-26OCT042315-15,0.0080,19.62,yes
2026-10-05T03:13:47.669583Z,KXBTC15M-26OCT042315-15,0.0080,10.54,yes
2026-10-05T03:13:47.671732Z,KXBTC15M-26OCT042315-15,0.0070,105.29,no
2026-10-05T03:13:47.676139Z,KXBTC15M-26OCT042315-15,0.0080,7.00,yes
2026-10-05T03:13:47.676139Z,KXBTC15M-26OCT042315-15,0.0080,3.00,yes
2026-10-05T03:13:47.683138Z,KXBTC15M-26OCT042315-15,0.0080,42.50,yes
2026-10-05T03:13:47.683138Z,KXBTC15M-26OCT042315-15,0.0080,0.01,yes
2026-10-05T03:13:47.683568Z,KXBTC15M-26OCT042315-15,0.0080,0.02,yes
2026-10-05T03:13:47.687136Z,KXBTC15M-26OCT042315-15,0.0070,16.00,no
2026-10-05T03:13:47.687941Z,KXBTC15M-26OCT042315-15,0.0080,0.01,yes
2026-10-05T03:13:47.687941Z,KXBTC15M-26OCT042315-15,0.0090,42.35,yes
2026-10-05T03:13:47.687941Z,KXBTC15M-26OCT042315-15,0.0080,62.77,yes
2026-10-05T03:13:47.69122Z,KXBTC15M-26OCT042315-15,0.0080,0.02,yes
2026-10-05T03:13:47.693272Z,KXBTC15M-26OCT042315-15,0.0080,0.02,yes
2026-10-05T03:13:47.707264Z,KXBTC15M-26OCT042315-15,0.0070,87.73,no
2026-10-05T03:13:47.711285Z,KXBTC15M-26OCT042315-15,0.0080,19.03,yes
2026-10-05T03:13:47.724952Z,KXBTC15M-26OCT042315-15,0.0070,34.00,no
2026-10-05T03:13:47.737643Z,KXBTC15M-26OCT042315-15,0.0070,773.44,no
2026-10-05T03:13:47.737643Z,KXBTC15M-26OCT042315-15,0.0070,26.56,no
2026-10-05T03:13:47.74225Z,KXBTC15M-26OCT042315-15,0.0070,13.00,no
2026-10-05T03:13:47.745911Z,KXBTC15M-26OCT042315-15,0.0070,1000.00,no
2026-10-05T03:13:47.760854Z,KXBTC15M-26OCT042315-15,0.0070,82.00,no
2026-10-05T03:13:47.77573Z,KXBTC15M-26OCT042315-15,0.0070,4.93,no
2026-10-05T03:13:47.781535Z,KXBTC15M-26OCT042315-15,0.0070,33.00,no
2026-10-05T03:13:47.783402Z,KXBTC15M-26OCT042315-15,0.0080,16.00,yes
2026-10-05T03:13:47.783402Z,KXBTC15M-26OCT042315-15,0.0080,0.02,yes
2026-10-05T03:13:47.783402Z,KXBTC15M-26OCT042315-15,0.0080,34.00,yes
2026-10-05T03:13:47.783402Z,KXBTC15M-26OCT042315-15,0.0080,15.86,yes
2026-10-05T03:13:47.783402Z,KXBTC15M-26OCT042315-15,0.0080,16.43,yes
2026-10-05T03:13:47.783402Z,KXBTC15M-26OCT042315-15,0.0080,0.01,yes
2026-10-05T03:13:47.783402Z,KXBTC15M-26OCT042315-15,0.0080,87.73,yes
2026-10-05T03:13:47.791483Z,KXBTC15M-26OCT042315-15,0.0070,300.00,no
2026-10-05T03:13:47.809557Z,KXBTC15M-26OCT042315-15,0.0080,425.11,yes
2026-10-05T03:13:47.811236Z,KXBTC15M-26OCT042315-15,0.0080,111.00,yes
2026-10-05T03:13:47.817654Z,KXBTC15M-26OCT042315-15,0.0080,9.00,yes
2026-10-05T03:13:47.837844Z,KXBTC15M-26OCT042315-15,0.0080,12.72,yes
2026-10-05T03:13:47.887585Z,KXBTC15M-26OCT042315-15,0.0070,2.10,no
2026-10-05T03:13:47.905788Z,KXBTC15M-26OCT042315-15,0.0070,1.48,no
2026-10-05T03:13:47.907475Z,KXBTC15M-26OCT042315-15,0.0080,5.00,yes
2026-10-05T03:13:47.957748Z,KXBTC15M-26OCT042315-15,0.0070,89.77,no
2026-10-05T03:13:47.959113Z,KXBTC15M-26OCT042315-15,0.0080,6.03,yes
2026-10-05T03:13:47.967918Z,KXBTC15M-26OCT042315-15,0.0080,5.00,yes
2026-10-05T03:13:47.973056Z,KXBTC15M-26OCT042315-15,0.0080,36.19,yes
2026-10-05T03:13:47.977747Z,KXBTC15M-26OCT042315-15,0.0070,23.67,no
2026-10-05T03:13:48.014203Z,KXBTC15M-26OCT042315-15,0.0080,146.96,yes
2026-10-05T03:13:48.014203Z,KXBTC15M-26OCT042315-15,0.0090,23.07,yes
2026-10-05T03:13:48.014203Z,KXBTC15M-26OCT042315-15,0.0080,0.01,yes
2026-10-05T03:13:48.014203Z,KXBTC15M-26OCT042315-15,0.0080,0.01,yes
2026-10-05T03:13:48.182989Z,KXBTC15M-26OCT042315-15,0.0090,1.00,yes
2026-10-05T03:13:48.214103Z,KXBTC15M-26OCT042315-15,0.0090,14.71,yes
2026-10-05T03:13:48.214103Z,KXBTC15M-26OCT042315-15,0.0090,0.01,yes
2026-10-05T03:13:48.214103Z,KXBTC15M-26OCT042315-15,0.0090,0.01,yes
2026-10-05T03:13:48.214103Z,KXBTC15M-26OCT042315-15,0.0090,0.02,yes
2026-10-05T03:13:48.214103Z,KXBTC15M-26OCT042315-15,0.0090,21.25,yes
2026-10-05T03:13:48.234897Z,KXBTC15M-26OCT042315-15,0.0100,19.62,yes
2026-10-05T03:13:48.268759Z,KXBTC15M-26OCT042315-15,0.0100,0.01,yes
2026-10-05T03:13:48.361428Z,KXBTC15M-26OCT042315-15,0.0100,50.00,yes
2026-10-05T03:13:48.361428Z,KXBTC15M-26OCT042315-15,0.0100,45.35,yes
2026-10-05T03:13:48.361428Z,KXBTC15M-26OCT042315-15,0.0100,104.65,yes
2026-10-05T03:13:48.411873Z,KXBTC15M-26OCT042315-15,0.0100,2.00,yes
2026-10-05T03:13:48.412288Z,KXBTC15M-26OCT042315-15,0.0100,4.00,yes
2026-10-05T03:13:48.414574Z,KXBTC15M-26OCT042315-15,0.0100,2.18,yes
2026-10-05T03:13:48.415192Z,KXBTC15M-26OCT042315-15,0.0100,2.00,yes
2026-10-05T03:13:48.442988Z,KXBTC15M-26OCT042315-15,0.0100,5.17,yes
2026-10-05T03:13:48.442988Z,KXBTC15M-26OCT042315-15,0.0100,0.40,yes
2026-10-05T03:13:48.463736Z,KXBTC15M-26OCT042315-15,0.0090,2.00,no
2026-10-05T03:13:48.463736Z,KXBTC15M-26OCT042315-15,0.0090,2.00,no
2026-10-05T03:13:48.463736Z,KXBTC15M-26OCT042315-15,0.0090,22.26,no
2026-10-05T03:13:48.493832Z,KXBTC15M-26OCT042315-15,0.0090,33.24,no
2026-10-05T03:13:48.539495Z,KXBTC15M-26OCT042315-15,0.0090,436.46,no
2026-10-05T03:13:48.539495Z,KXBTC15M-26OCT042315-15,0.0090,10.00,no
2026-10-05T03:13:48.539495Z,KXBTC15M-26OCT042315-15,0.0090,308.60,no
2026-10-05T03:13:48.547921Z,KXBTC15M-26OCT042315-15,0.0090,16.42,no
2026-10-05T03:13:48.600602Z,KXBTC15M-26OCT042315-15,0.0100,22.55,yes
2026-10-05T03:13:48.600602Z,KXBTC15M-26OCT042315-15,0.0100,24.60,yes
2026-10-05T03:13:48.638502Z,KXBTC15M-26OCT042315-15,0.0100,52.45,yes
2026-10-05T03:13:48.638502Z,KXBTC15M-26OCT042315-15,0.0100,0.01,yes
2026-10-05T03:13:48.638502Z,KXBTC15M-26OCT042315-15,0.0100,50.00,yes
2026-10-05T03:13:48.638502Z,KXBTC15M-26OCT042315-15,0.0100,0.01,yes
2026-10-05T03:13:48.638502Z,KXBTC15M-26OCT042315-15,0.0100,16.00,yes
2026-10-05T03:13:48.638502Z,KXBTC15M-26OCT042315-15,0.0100,0.02,yes
2026-10-05T03:13:48.644979Z,KXBTC15M-26OCT042315-15,0.0100,28.00,no
2026-10-05T03:13:48.664485Z,KXBTC15M-26OCT042315-15,0.0100,1.00,no
2026-10-05T03:13:48.693981Z,KXBTC15M-26OCT042315-15,0.0110,248.11,yes
2026-10-05T03:13:48.693981Z,KXBTC15M-26OCT042315-15,0.0110,283.00,yes
2026-10-05T03:13:48.693981Z,KXBTC15M-26OCT042315-15,0.0110,165.95,yes
2026-10-05T03:13:48.693981Z,KXBTC15M-26OCT042315-15,0.0110,136.16,yes
2026-10-05T03:13:48.711476Z,KXBTC15M-26OCT042315-15,0.0110,103.89,yes
2026-10-05T03:13:48.711476Z,KXBTC15M-26OCT042315-15,0.0110,91.11,yes
2026-10-05T03:13:48.772545Z,KXBTC15M-26OCT042315-15,0.0100,1512.66,no
2026-10-05T03:13:48.784812Z,KXBTC15M-26OCT042315-15,0.0100,806.75,no
2026-10-05T03:13:48.893303Z,KXBTC15M-26OCT042315-15,0.0110,1.13,yes
2026-10-05T03:13:48.894086Z,KXBTC15M-26OCT042315-15,0.0110,23.28,yes
2026-10-05T03:13:48.93684Z,KXBTC15M-26OCT042315-15,0.0110,8.48,yes
2026-10-05T03:13:49.041414Z,KXBTC15M-26OCT042315-15,0.0100,17.11,no
2026-10-05T03:13:49.046672Z,KXBTC15M-26OCT042315-15,0.0110,72.52,yes
2026-10-05T03:13:49.046672Z,KXBTC15M-26OCT042315-15,0.0110,26.00,yes
2026-10-05T03:13:49.0635Z,KXBTC15M-26OCT042315-15,0.0110,31.93,yes
2026-10-05T03:13:49.081209Z,KXBTC15M-26OCT042315-15,0.0100,10.08,no
2026-10-05T03:13:49.100623Z,KXBTC15M-26OCT042315-15,0.0100,8.06,no
2026-10-05T03:13:49.111662Z,KXBTC15M-26OCT042315-15,0.0100,98.00,no
2026-10-05T03:13:49.111662Z,KXBTC15M-26OCT042315-15,0.0100,0.01,no
2026-10-05T03:13:49.111662Z,KXBTC15M-26OCT042315-15,0.0100,30.00,no
2026-10-05T03:13:49.111662Z,KXBTC15M-26OCT042315-15,0.0100,74.68,no
2026-10-05T03:13:49.111662Z,KXBTC15M-26OCT042315-15,0.0100,400.00,no
2026-10-05T03:13:49.111662Z,KXBTC15M-26OCT042315-15,0.0100,0.01,no
2026-10-05T03:13:49.111662Z,KXBTC15M-26OCT042315-15,0.0100,2.00,no
2026-10-05T03:13:49.111662Z,KXBTC15M-26OCT042315-15,0.0100,14.75,no
2026-10-05T03:13:49.111662Z,KXBTC15M-26OCT042315-15,0.0100,2.00,no
2026-10-05T03:13:49.111662Z,KXBTC15M-26OCT042315-15,0.0100,10.00,no
2026-10-05T03:13:49.111662Z,KXBTC15M-26OCT042315-15,0.0100,91.55,no
2026-10-05T03:13:49.122731Z,KXBTC15M-26OCT042315-15,0.0110,407.55,yes
2026-10-05T03:13:49.122731Z,KXBTC15M-26OCT042315-15,0.0110,63.05,yes
2026-10-05T03:13:49.122731Z,KXBTC15M-26OCT042315-15,0.0110,25.00,yes
2026-10-05T03:13:49.122731Z,KXBTC15M-26OCT042315-15,0.0110,512.00,yes
2026-10-05T03:13:49.122731Z,KXBTC15M-26OCT042315-15,0.0110,0.02,yes
2026-10-05T03:13:49.122731Z,KXBTC15M-26OCT042315-15,0.0110,1029.40,yes
2026-10-05T03:13:49.122731Z,KXBTC15M-26OCT042315-15,0.0110,25.00,yes
2026-10-05T03:13:49.122731Z,KXBTC15M-26OCT042315-15,0.0110,25.00,yes
2026-10-05T03:13:49.122731Z,KXBTC15M-26OCT042315-15,0.0110,25.00,yes
2026-10-05T03:13:49.193266Z,KXBTC15M-26OCT042315-15,0.0110,7.07,yes
2026-10-05T03:13:49.195312Z,KXBTC15M-26OCT042315-15,0.0110,3.11,yes
2026-10-05T03:13:49.206843Z,KXBTC15M-26OCT042315-15,0.0100,15.28,no
2026-10-05T03:13:49.222982Z,KXBTC15M-26OCT042315-15,0.0110,240.42,yes
2026-10-05T03:13:49.222982Z,KXBTC15M-26OCT042315-15,0.0110,184.69,yes
2026-10-05T03:13:49.262402Z,KXBTC15M-26OCT042315-15,0.0110,85.02,yes
2026-10-05T03:13:49.273877Z,KXBTC15M-26OCT042315-15,0.0100,22.20,no
2026-10-05T03:13:49.282391Z,KXBTC15M-26OCT042315-15,0.0100,31.83,no
2026-10-05T03:13:49.282391Z,KXBTC15M-26OCT042315-15,0.0100,0.01,no
2026-10-05T03:13:49.282391Z,KXBTC15M-26OCT042315-15,0.0100,12.52,no
2026-10-05T03:13:49.282391Z,KXBTC15M-26OCT042315-15,0.0100,0.01,no
2026-10-05T03:13:49.299212Z,KXBTC15M-26OCT042315-15,0.0110,85.15,yes
2026-10-05T03:13:49.374993Z,KXBTC15M-26OCT042315-15,0.0110,3.00,yes
2026-10-05T03:13:49.404963Z,KXBTC15M-26OCT042315-15,0.0100,46.05,no
2026-10-05T03:13:49.454819Z,KXBTC15M-26OCT042315-15,0.0110,85.02,yes
2026-10-05T03:13:49.492529Z,KXBTC15M-26OCT042315-15,0.0100,111.56,no
2026-10-05T03:13:49.536622Z,KXBTC15M-26OCT042315-15,0.0110,50.02,yes
2026-10-05T03:13:49.62274Z,KXBTC15M-26OCT042315-15,0.0100,2.69,no
2026-10-05T03:13:49.652092Z,KXBTC15M-26OCT042315-15,0.0110,53.05,yes
2026-10-05T03:13:49.689652Z,KXBTC15M-26OCT042315-15,0.0110,7.09,yes
2026-10-05T03:13:49.693878Z,KXBTC15M-26OCT042315-15,0.0110,425.11,yes
2026-10-05T03:13:49.730089Z,KXBTC15M-26OCT042315-15,0.0100,115.00,no
2026-10-05T03:13:49.730089Z,KXBTC15M-26OCT042315-15,0.0100,239.70,no
2026-10-05T03:13:49.730089Z,KXBTC15M-26OCT042315-15,0.0100,50.00,no
2026-10-05T03:13:49.730089Z,KXBTC15M-26OCT042315-15,0.0100,0.01,no
2026-10-05T03:13:49.730089Z,KXBTC15M-26OCT042315-15,0.0100,2.00,no
2026-10-05T03:13:49.730089Z,KXBTC15M-26OCT042315-15,0.0100,0.01,no
2026-10-05T03:13:49.730089Z,KXBTC15M-26OCT042315-15,0.0100,2.00,no
2026-10-05T03:13:49.730089Z,KXBTC15M-26OCT042315-15,0.0100,99.91,no
2026-10-05T03:13:49.730089Z,KXBTC15M-26OCT042315-15,0.0100,97.00,no
2026-10-05T03:13:49.732896Z,KXBTC15M-26OCT042315-15,0.0100,72.65,no
2026-10-05T03:13:49.732896Z,KXBTC15M-26OCT042315-15,0.0100,41.28,no
2026-10-05T03:13:49.732896Z,KXBTC15M-26OCT042315-15,0.0100,30.00,no
2026-10-05T03:13:49.786124Z,KXBTC15M-26OCT042315-15,0.0110,5.10,yes
2026-10-05T03:13:49.798661Z,KXBTC15M-26OCT042315-15,0.0110,162.25,yes
2026-10-05T03:13:49.829446Z,KXBTC15M-26OCT042315-15,0.0100,50.00,no
2026-10-05T03:13:49.829446Z,KXBTC15M-26OCT042315-15,0.0100,0.01,no
2026-10-05T03:13:49.829446Z,KXBTC15M-26OCT042315-15,0.0100,0.01,no
2026-10-05T03:13:49.829446Z,KXBTC15M-26OCT042315-15,0.0100,2.00,no
2026-10-05T03:13:49.829446Z,KXBTC15M-26OCT042315-15,0.0100,47.98,no
2026-10-05T03:13:49.853572Z,KXBTC15M-26OCT042315-15,0.0110,11.24,yes
2026-10-05T03:13:49.853572Z,KXBTC15M-26OCT042315-15,0.0110,155.40,yes
2026-10-05T03:13:49.880953Z,KXBTC15M-26OCT042315-15,0.0100,30.28,no
2026-10-05T03:13:49.891127Z,KXBTC15M-26OCT042315-15,0.0100,431.03,no
2026-10-05T03:13:49.891127Z,KXBTC15M-26OCT042315-15,0.0100,321.74,no
2026-10-05T03:13:49.891127Z,KXBTC15M-26OCT042315-15,0.0100,2.00,no
2026-10-05T03:13:49.891127Z,KXBTC15M-26OCT042315-15,0.0100,47.62,no
2026-10-05T03:13:49.906076Z,KXBTC15M-26OCT042315-15,0.0100,2.71,no
2026-10-05T03:13:49.906076Z,KXBTC15M-26OCT042315-15,0.0100,0.01,no
2026-10-05T03:13:49.906076Z,KXBTC15M-26OCT042315-15,0.0100,0.01,no
2026-10-05T03:13:49.91904Z,KXBTC15M-26OCT042315-15,0.0110,85.02,yes
2026-10-05T03:13:49.926047Z,KXBTC15M-26OCT042315-15,0.0110,8.50,yes
2026-10-05T03:13:49.936497Z,KXBTC15M-26OCT042315-15,0.0110,85.02,yes
2026-10-05T03:13:49.946917Z,KXBTC15M-26OCT042315-15,0.0100,0.01,no
2026-10-05T03:13:49.946917Z,KXBTC15M-26OCT042315-15,0.0100,3.80,no
2026-10-05T03:13:49.946917Z,KXBTC15M-26OCT042315-15,0.0100,0.01,no
2026-10-05T03:13:50.005422Z,KXBTC15M-26OCT042315-15,0.0100,0.01,no
2026-10-05T03:13:50.005422Z,KXBTC15M-26OCT042315-15,0.0100,0.01,no
2026-10-05T03:13:50.005422Z,KXBTC15M-26OCT042315-15,0.0100,1.98,no
2026-10-05T03:13:50.053211Z,KXBTC15M-26OCT042315-15,0.0110,20.29,yes
2026-10-05T03:13:50.053211Z,KXBTC15M-26OCT042315-15,0.0110,88.91,yes
2026-10-05T03:13:50.053791Z,KXBTC15M-26OCT042315-15,0.0110,32.00,yes
2026-10-05T03:13:50.099638Z,KXBTC15M-26OCT042315-15,0.0110,66.20,yes
2026-10-05T03:13:50.184471Z,KXBTC15M-26OCT042315-15,0.0110,9.53,yes
2026-10-05T03:13:50.184471Z,KXBTC15M-26OCT042315-15,0.0110,729.13,yes
2026-10-05T03:13:50.184471Z,KXBTC15M-26OCT042315-15,0.0110,424.90,yes
2026-10-05T03:13:50.184471Z,KXBTC15M-26OCT042315-15,0.0110,0.01,yes
2026-10-05T03:13:50.184471Z,KXBTC15M-26OCT042315-15,0.0110,0.01,yes
2026-10-05T03:13:50.184471Z,KXBTC15M-26OCT042315-15,0.0110,500.00,yes
2026-10-05T03:13:50.26723Z,KXBTC15M-26OCT042315-15,0.0130,0.02,yes
2026-10-05T03:13:50.26723Z,KXBTC15M-26OCT042315-15,0.0130,352.00,yes
2026-10-05T03:13:50.26723Z,KXBTC15M-26OCT042315-15,0.0130,0.98,yes
2026-10-05T03:13:50.26723Z,KXBTC15M-26OCT042315-15,0.0130,140.97,yes
2026-10-05T03:13:50.26723Z,KXBTC15M-26OCT042315-15,0.0130,72.05,yes
2026-10-05T03:13:50.26723Z,KXBTC15M-26OCT042315-15,0.0120,0.02,yes
2026-10-05T03:13:50.26723Z,KXBTC15M-26OCT042315-15,0.0110,0.01,yes
2026-10-05T03:13:50.26723Z,KXBTC15M-26OCT042315-15,0.0120,0.01,yes
2026-10-05T03:13:50.26723Z,KXBTC15M-26OCT042315-15,0.0110,0.01,yes
2026-10-05T03:13:50.26723Z,KXBTC15M-26OCT042315-15,0.0120,0.01,yes
2026-10-05T03:13:50.26723Z,KXBTC15M-26OCT042315-15,0.0110,0.02,yes
2026-10-05T03:13:50.26723Z,KXBTC15M-26OCT042315-15,0.0130,238.76,yes
2026-10-05T03:13:50.26723Z,KXBTC15M-26OCT042315-15,0.0120,15.00,yes
2026-10-05T03:13:50.281644Z,KXBTC15M-26OCT042315-15,0.0120,0.01,yes
2026-10-05T03:13:50.281644Z,KXBTC15M-26OCT042315-15,0.0120,0.01,yes
2026-10-05T03:13:50.281644Z,KXBTC15M-26OCT042315-15,0.0130,5.16,yes
2026-10-05T03:13:50.281807Z,KXBTC15M-26OCT042315-15,0.0100,213.98,no
2026-10-05T03:13:50.390556Z,KXBTC15M-26OCT042315-15,0.0110,0.01,yes
2026-10-05T03:13:50.390556Z,KXBTC15M-26OCT042315-15,0.0110,0.01,yes
2026-10-05T03:13:50.390556Z,KXBTC15M-26OCT042315-15,0.0110,23.78,yes
2026-10-05T03:13:50.411494Z,KXBTC15M-26OCT042315-15,0.0100,32.00,no
2026-10-05T03:13:50.422649Z,KXBTC15M-26OCT042315-15,0.0100,8.88,no
2026-10-05T03:13:50.42537Z,KXBTC15M-26OCT042315-15,0.0090,52.11,no
2026-10-05T03:13:50.42537Z,KXBTC15M-26OCT042315-15,0.0090,18.00,no
2026-10-05T03:13:50.42537Z,KXBTC15M-26OCT042315-15,0.0100,0.01,no
2026-10-05T03:13:50.42537Z,KXBTC15M-26OCT042315-15,0.0100,0.01,no
2026-10-05T03:13:50.42537Z,KXBTC15M-26OCT042315-15,0.0090,17.00,no
2026-10-05T03:13:50.42537Z,KXBTC15M-26OCT042315-15,0.0100,143.16,no
2026-10-05T03:13:50.42537Z,KXBTC15M-26OCT042315-15,0.0100,17.00,no
2026-10-05T03:13:50.441534Z,KXBTC15M-26OCT042315-15,0.0100,136.68,yes
2026-10-05T03:13:50.457838Z,KXBTC15M-26OCT042315-15,0.0100,111.00,yes
2026-10-05T03:13:50.478858Z,KXBTC15M-26OCT042315-15,0.0090,4.00,no
2026-10-05T03:13:50.488725Z,KXBTC15M-26OCT042315-15,0.0090,400.00,no
2026-10-05T03:13:50.488725Z,KXBTC15M-26OCT042315-15,0.0090,0.01,no
2026-10-05T03:13:50.488725Z,KXBTC15M-26OCT042315-15,0.0090,0.01,no
2026-10-05T03:13:50.488725Z,KXBTC15M-26OCT042315-15,0.0090,13.00,no
2026-10-05T03:13:50.488725Z,KXBTC15M-26OCT042315-15,0.0080,71.43,no
2026-10-05T03:13:50.50444Z,KXBTC15M-26OCT042315-15,0.0100,42.51,yes
2026-10-05T03:13:50.519736Z,KXBTC15M-26OCT042315-15,0.0100,425.11,yes
2026-10-05T03:13:50.522326Z,KXBTC15M-26OCT042315-15,0.0090,0.01,no
2026-10-05T03:13:50.522326Z,KXBTC15M-26OCT042315-15,0.0090,51.44,no
2026-10-05T03:13:50.522326Z,KXBTC15M-26OCT042315-15,0.0090,17.00,no
2026-10-05T03:13:50.522326Z,KXBTC15M-26OCT042315-15,0.0090,0.01,no
2026-10-05T03:13:50.524983Z,KXBTC15M-26OCT042315-15,0.0100,21.26,yes
2026-10-05T03:13:50.538562Z,KXBTC15M-26OCT042315-15,0.0100,50.98,yes
2026-10-05T03:13:50.590502Z,KXBTC15M-26OCT042315-15,0.0100,0.02,yes
2026-10-05T03:13:50.662445Z,KXBTC15M-26OCT042315-15,0.0100,85.02,yes
2026-10-05T03:13:50.699993Z,KXBTC15M-26OCT042315-15,0.0100,21.43,yes
2026-10-05T03:13:50.711873Z,KXBTC15M-26OCT042315-15,0.0100,154.91,yes
2026-10-05T03:13:50.715255Z,KXBTC15M-26OCT042315-15,0.0100,71.90,yes
2026-10-05T03:13:50.766943Z,KXBTC15M-26OCT042315-15,0.0100,458.40,yes
2026-10-05T03:13:50.791841Z,KXBTC15M-26OCT042315-15,0.0090,0.01,no
2026-10-05T03:13:50.791841Z,KXBTC15M-26OCT042315-15,0.0090,0.01,no
2026-10-05T03:13:50.791841Z,KXBTC15M-26OCT042315-15,0.0090,102.62,no
2026-10-05T03:13:50.907487Z,KXBTC15M-26OCT042315-15,0.0100,107.98,yes
2026-10-05T03:13:50.933716Z,KXBTC15M-26OCT042315-15,0.0090,17.11,no
2026-10-05T03:13:51.01438Z,KXBTC15M-26OCT042315-15,0.0100,0.01,yes
2026-10-05T03:13:51.01438Z,KXBTC15M-26OCT042315-15,0.0100,0.01,yes
2026-10-05T03:13:51.01438Z,KXBTC15M-26OCT042315-15,0.0100,9.33,yes
2026-10-05T03:13:51.034393Z,KXBTC15M-26OCT042315-15,0.0090,47.49,no
2026-10-05T03:13:51.091774Z,KXBTC15M-26OCT042315-15,0.0090,22.24,no
2026-10-05T03:13:51.136288Z,KXBTC15M-26OCT042315-15,0.0100,93.51,yes
2026-10-05T03:13:51.137548Z,KXBTC15M-26OCT042315-15,0.0090,2.15,no
2026-10-05T03:13:51.167658Z,KXBTC15M-26OCT042315-15,0.0090,5.90,no
2026-10-05T03:13:51.174038Z,KXBTC15M-26OCT042315-15,0.0100,26.18,yes
2026-10-05T03:13:51.177369Z,KXBTC15M-26OCT042315-15,0.0100,0.54,yes
2026-10-05T03:13:51.180501Z,KXBTC15M-26OCT042315-15,0.0100,24.67,yes
2026-10-05T03:13:51.180917Z,KXBTC15M-26OCT042315-15,0.0100,18.70,yes
2026-10-05T03:13:51.387249Z,KXBTC15M-26OCT042315-15,0.0080,10.00,no
2026-10-05T03:13:51.387249Z,KXBTC15M-26OCT042315-15,0.0090,0.01,no
2026-10-05T03:13:51.387249Z,KXBTC15M-26OCT042315-15,0.0090,0.01,no
2026-10-05T03:13:51.387249Z,KXBTC15M-26OCT042315-15,0.0080,17.00,no
2026-10-05T03:13:51.387249Z,KXBTC15M-26OCT042315-15,0.0090,77.24,no
2026-10-05T03:13:51.387249Z,KXBTC15M-26OCT042315-15,0.0080,27.57,no
2026-10-05T03:13:51.387249Z,KXBTC15M-26OCT042315-15,0.0070,22.33,no
2026-10-05T03:13:51.395874Z,KXBTC15M-26OCT042315-15,0.0080,0.01,no
2026-10-05T03:13:51.395874Z,KXBTC15M-26OCT042315-15,0.0080,0.01,no
2026-10-05T03:13:51.395874Z,KXBTC15M-26OCT042315-15,0.0070,3.12,no
2026-10-05T03:13:51.408047Z,KXBTC15M-26OCT042315-15,0.0080,4.93,no
2026-10-05T03:13:51.431712Z,KXBTC15M-26OCT042315-15,0.0100,50.00,yes
2026-10-05T03:13:51.431712Z,KXBTC15M-26OCT042315-15,0.0100,124.88,yes
2026-10-05T03:13:51.483877Z,KXBTC15M-26OCT042315-15,0.0100,5.16,yes
2026-10-05T03:13:51.483877Z,KXBTC15M-26OCT042315-15,0.0090,0.01,yes
2026-10-05T03:13:51.483877Z,KXBTC15M-26OCT042315-15,0.0090,0.01,yes
2026-10-05T03:13:51.517902Z,KXBTC15M-26OCT042315-15,0.0080,4.93,no
2026-10-05T03:13:51.549978Z,KXBTC15M-26OCT042315-15,0.0100,1.00,yes
2026-10-05T03:13:51.549978Z,KXBTC15M-26OCT042315-15,0.0100,0.02,yes
2026-10-05T03:13:51.549978Z,KXBTC15M-26OCT042315-15,0.0100,0.01,yes
2026-10-05T03:13:51.549978Z,KXBTC15M-26OCT042315-15,0.0090,0.01,yes
2026-10-05T03:13:51.549978Z,KXBTC15M-26OCT042315-15,0.0100,50.00,yes
2026-10-05T03:13:51.549978Z,KXBTC15M-26OCT042315-15,0.0100,0.01,yes
2026-10-05T03:13:51.549978Z,KXBTC15M-26OCT042315-15,0.0090,0.01,yes
2026-10-05T03:13:51.549978Z,KXBTC15M-26OCT042315-15,0.0100,38.71,yes
2026-10-05T03:13:51.596588Z,KXBTC15M-26OCT042315-15,0.0080,7.67,no
2026-10-05T03:13:51.596588Z,KXBTC15M-26OCT042315-15,0.0080,7.14,no
2026-10-05T03:13:51.601502Z,KXBTC15M-26OCT042315-15,0.0090,0.02,yes
2026-10-05T03:13:51.601502Z,KXBTC15M-26OCT042315-15,0.0090,0.01,yes
2026-10-05T03:13:51.601502Z,KXBTC15M-26OCT042315-15,0.0090,0.01,yes
2026-10-05T03:13:51.601502Z,KXBTC15M-26OCT042315-15,0.0100,53.84,yes
2026-10-05T03:13:51.62381Z,KXBTC15M-26OCT042315-15,0.0090,23.31,no
2026-10-05T03:13:51.62381Z,KXBTC15M-26OCT042315-15,0.0090,17.00,no
2026-10-05T03:13:51.62381Z,KXBTC15M-26OCT042315-15,0.0090,0.01,no
2026-10-05T03:13:51.62381Z,KXBTC15M-26OCT042315-15,0.0090,0.01,no
2026-10-05T03:13:51.64495Z,KXBTC15M-26OCT042315-15,0.0090,5.83,no
2026-10-05T03:13:51.674398Z,KXBTC15M-26OCT042315-15,0.0090,4.98,no
2026-10-05T03:13:51.676495Z,KXBTC15M-26OCT042315-15,0.0090,3.02,no
2026-10-05T03:13:51.677171Z,KXBTC15M-26OCT042315-15,0.0100,0.01,yes
2026-10-05T03:13:51.677171Z,KXBTC15M-26OCT042315-15,0.0100,23.36,yes
2026-10-05T03:13:51.698523Z,KXBTC15M-26OCT042315-15,0.0100,66.86,yes
2026-10-05T03:13:51.698523Z,KXBTC15M-26OCT042315-15,0.0100,0.01,yes
2026-10-05T03:13:51.698523Z,KXBTC15M-26OCT042315-15,0.0100,26.64,yes
2026-10-05T03:13:51.699325Z,KXBTC15M-26OCT042315-15,0.0100,60.78,yes
2026-10-05T03:13:51.776913Z,KXBTC15M-26OCT042315-15,0.0100,500.00,yes
2026-10-05T03:13:51.776913Z,KXBTC15M-26OCT042315-15,0.0100,200.00,yes
2026-10-05T03:13:51.776913Z,KXBTC15M-26OCT042315-15,0.0100,0.01,yes
2026-10-05T03:13:51.776913Z,KXBTC15M-26OCT042315-15,0.0100,50.00,yes
2026-10-05T03:13:51.776913Z,KXBTC15M-26OCT042315-15,0.0100,0.01,yes
2026-10-05T03:13:51.776913Z,KXBTC15M-26OCT042315-15,0.0100,50.00,yes
2026-10-05T03:13:51.776913Z,KXBTC15M-26OCT042315-15,0.0100,0.02,yes
2026-10-05T03:13:51.786844Z,KXBTC15M-26OCT042315-15,0.0100,8.19,no
2026-10-05T03:13:51.813687Z,KXBTC15M-26OCT042315-15,0.0110,1.00,yes
2026-10-05T03:13:51.813687Z,KXBTC15M-26OCT042315-15,0.0120,0.02,yes
2026-10-05T03:13:51.813687Z,KXBTC15M-26OCT042315-15,0.0110,1.00,yes
2026-10-05T03:13:51.813687Z,KXBTC15M-26OCT042315-15,0.0120,2.00,yes
2026-10-05T03:13:51.813687Z,KXBTC15M-26OCT042315-15,0.0110,0.02,yes
2026-10-05T03:13:51.813687Z,KXBTC15M-26OCT042315-15,0.0120,2.00,yes
2026-10-05T03:13:51.813687Z,KXBTC15M-26OCT042315-15,0.0110,0.01,yes
2026-10-05T03:13:51.813687Z,KXBTC15M-26OCT042315-15,0.0110,0.01,yes
2026-10-05T03:13:51.813687Z,KXBTC15M-26OCT042315-15,0.0110,303.58,yes
2026-10-05T03:13:51.813687Z,KXBTC15M-26OCT042315-15,0.0130,5.78,yes
2026-10-05T03:13:51.830043Z,KXBTC15M-26OCT042315-15,0.0100,587.74,no
2026-10-05T03:13:52.067377Z,KXBTC15M-26OCT042315-15,0.0100,201.51,no
2026-10-05T03:13:52.117768Z,KXBTC15M-26OCT042315-15,0.0120,0.02,yes
2026-10-05T03:13:52.117768Z,KXBTC15M-26OCT042315-15,0.0110,0.01,yes
2026-10-05T03:13:52.117768Z,KXBTC15M-26OCT042315-15,0.0110,0.01,yes
2026-10-05T03:13:52.117768Z,KXBTC15M-26OCT042315-15,0.0130,71.44,yes
2026-10-05T03:13:52.176939Z,KXBTC15M-26OCT042315-15,0.0100,1.00,no
2026-10-05T03:13:52.186954Z,KXBTC15M-26OCT042315-15,0.0100,2.89,no
2026-10-05T03:13:52.241341Z,KXBTC15M-26OCT042315-15,0.0100,281.15,no
2026-10-05T03:13:52.241341Z,KXBTC15M-26OCT042315-15,0.0100,1737.63,no
2026-10-05T03:13:52.254321Z,KXBTC15M-26OCT042315-15,0.0120,400.00,yes
2026-10-05T03:13:52.254321Z,KXBTC15M-26OCT042315-15,0.0120,0.01,yes
2026-10-05T03:13:52.254321Z,KXBTC15M-26OCT042315-15,0.0120,43.64,yes
2026-10-05T03:13:52.254321Z,KXBTC15M-26OCT042315-15,0.0120,0.01,yes
2026-10-05T03:13:52.254321Z,KXBTC15M-26OCT042315-15,0.0120,1.00,yes
2026-10-05T03:13:52.256506Z,KXBTC15M-26OCT042315-15,0.0100,1.84,no
2026-10-05T03:13:52.300927Z,KXBTC15M-26OCT042315-15,0.0100,217.01,no
2026-10-05T03:13:52.300927Z,KXBTC15M-26OCT042315-15,0.0100,287.21,no
2026-10-05T03:13:52.304761Z,KXBTC15M-26OCT042315-15,0.0100,125.00,no
2026-10-05T03:13:52.426542Z,KXBTC15M-26OCT042315-15,0.0100,40.37,no
2026-10-05T03:13:52.448103Z,KXBTC15M-26OCT042315-15,0.0100,14.28,no
2026-10-05T03:13:52.476779Z,KXBTC15M-26OCT042315-15,0.0070,10.00,no
2026-10-05T03:13:52.476779Z,KXBTC15M-26OCT042315-15,0.0100,500.00,no
2026-10-05T03:13:52.476779Z,KXBTC15M-26OCT042315-15,0.0060,83.63,no
2026-10-05T03:13:52.476779Z,KXBTC15M-26OCT042315-15,0.0100,500.00,no
2026-10-05T03:13:52.476779Z,KXBTC15M-26OCT042315-15,0.0100,12.40,no
2026-10-05T03:13:52.476779Z,KXBTC15M-26OCT042315-15,0.0100,200.00,no
2026-10-05T03:13:52.476779Z,KXBTC15M-26OCT042315-15,0.0100,50.00,no
2026-10-05T03:13:52.476779Z,KXBTC15M-26OCT042315-15,0.0080,9.33,no
2026-10-05T03:13:52.476779Z,KXBTC15M-26OCT042315-15,0.0080,17.00,no
2026-10-05T03:13:52.476779Z,KXBTC15M-26OCT042315-15,0.0080,7.67,no
2026-10-05T03:13:52.476779Z,KXBTC15M-26OCT042315-15,0.0070,1000.00,no
2026-10-05T03:13:52.476779Z,KXBTC15M-26OCT042315-15,0.0060,915.00,no
2026-10-05T03:13:52.476779Z,KXBTC15M-26OCT042315-15,0.0100,0.01,no
2026-10-05T03:13:52.476779Z,KXBTC15M-26OCT042315-15,0.0090,172.14,no
2026-10-05T03:13:52.476779Z,KXBTC15M-26OCT042315-15,0.0100,0.01,no
2026-10-05T03:13:52.476779Z,KXBTC15M-26OCT042315-15,0.0060,17.00,no
2026-10-05T03:13:52.476779Z,KXBTC15M-26OCT042315-15,0.0060,86.00,no
2026-10-05T03:13:52.476779Z,KXBTC15M-26OCT042315-15,0.0060,10.00,no
2026-10-05T03:13:52.476779Z,KXBTC15M-26OCT042315-15,0.0070,15.00,no
2026-10-05T03:13:52.476779Z,KXBTC15M-26OCT042315-15,0.0070,15.00,no
2026-10-05T03:13:52.476779Z,KXBTC15M-26OCT042315-15,0.0060,1280.00,no
2026-10-05T03:13:52.476779Z,KXBTC15M-26OCT042315-15,0.0060,120.00,no
2026-10-05T03:13:52.476779Z,KXBTC15M-26OCT042315-15,0.0060,1280.00,no
2026-10-05T03:13:52.476779Z,KXBTC15M-26OCT042315-15,0.0050,2000.00,no
2026-10-05T03:13:52.476779Z,KXBTC15M-26OCT042315-15,0.0060,50.00,no
2026-10-05T03:13:52.476779Z,KXBTC15M-26OCT042315-15,0.0050,1035.19,no
2026-10-05T03:13:52.476779Z,KXBTC15M-26OCT042315-15,0.0060,1280.00,no
2026-10-05T03:13:52.476779Z,KXBTC15M-26OCT042315-15,0.0050,2000.00,no
2026-10-05T03:13:52.476779Z,KXBTC15M-26OCT042315-15,0.0060,1230.00,no
2026-10-05T03:13:52.476779Z,KXBTC15M-26OCT042315-15,0.0050,2000.00,no
2026-10-05T03:13:52.476779Z,KXBTC15M-26OCT042315-15,0.0070,898.04,no
2026-10-05T03:13:52.479702Z,KXBTC15M-26OCT042315-15,0.0050,9.88,no
2026-10-05T03:13:52.535679Z,KXBTC15M-26OCT042315-15,0.0070,17.00,no
2026-10-05T03:13:52.535679Z,KXBTC15M-26OCT042315-15,0.0100,976.00,no
2026-10-05T03:13:52.535679Z,KXBTC15M-26OCT042315-15,0.0100,50.00,no
2026-10-05T03:13:52.535679Z,KXBTC15M-26OCT042315-15,0.0100,0.01,no
2026-10-05T03:13:52.535679Z,KXBTC15M-26OCT042315-15,0.0100,5.79,no
2026-10-05T03:13:52.535679Z,KXBTC15M-26OCT042315-15,0.0100,0.01,no
2026-10-05T03:13:52.535679Z,KXBTC15M-26OCT042315-15,0.0080,17.00,no
2026-10-05T03:13:52.535679Z,KXBTC15M-26OCT042315-15,0.0060,20.00,no
2026-10-05T03:13:52.535679Z,KXBTC15M-26OCT042315-15,0.0060,271.05,no
2026-10-05T03:13:52.546686Z,KXBTC15M-26OCT042315-15,0.0050,1.00,no
2026-10-05T03:13:52.554541Z,KXBTC15M-26OCT042315-15,0.0050,21.00,no
2026-10-05T03:13:52.570236Z,KXBTC15M-26OCT042315-15,0.0050,27.00,no
2026-10-05T03:13:52.584811Z,KXBTC15M-26OCT042315-15,0.0050,11.00,no
2026-10-05T03:13:52.595012Z,KXBTC15M-26OCT042315-15,0.0050,4.93,no
2026-10-05T03:13:52.619942Z,KXBTC15M-26OCT042315-15,0.0050,54.00,no
2026-10-05T03:13:52.645669Z,KXBTC15M-26OCT042315-15,0.0050,277.96,no
2026-10-05T03:13:52.646445Z,KXBTC15M-26OCT042315-15,0.0060,8.07,yes
2026-10-05T03:13:52.723945Z,KXBTC15M-26OCT042315-15,0.0060,500.00,yes
2026-10-05T03:13:52.735228Z,KXBTC15M-26OCT042315-15,0.0050,35.00,no
2026-10-05T03:13:52.735228Z,KXBTC15M-26OCT042315-15,0.0050,70.00,no
2026-10-05T03:13:52.735228Z,KXBTC15M-26OCT042315-15,0.0050,35.00,no
2026-10-05T03:13:52.735228Z,KXBTC15M-26OCT042315-15,0.0050,35.00,no
2026-10-05T03:13:52.735228Z,KXBTC15M-26OCT042315-15,0.0050,35.00,no
2026-10-05T03:13:52.735228Z,KXBTC15M-26OCT042315-15,0.0050,5.00,no
2026-10-05T03:13:52.735228Z,KXBTC15M-26OCT042315-15,0.0050,35.00,no
2026-10-05T03:13:52.735228Z,KXBTC15M-26OCT042315-15,0.0050,35.00,no
2026-10-05T03:13:52.735228Z,KXBTC15M-26OCT042315-15,0.0050,35.00,no
2026-10-05T03:13:52.735228Z,KXBTC15M-26OCT042315-15,0.0050,35.00,no
2026-10-05T03:13:52.735228Z,KXBTC15M-26OCT042315-15,0.0050,70.00,no
2026-10-05T03:13:52.735228Z,KXBTC15M-26OCT042315-15,0.0050,108.00,no
2026-10-05T03:13:52.735228Z,KXBTC15M-26OCT042315-15,0.0050,108.00,no
2026-10-05T03:13:52.735228Z,KXBTC15M-26OCT042315-15,0.0050,108.00,no
2026-10-05T03:13:52.735228Z,KXBTC15M-26OCT042315-15,0.0050,35.00,no
2026-10-05T03:13:52.735228Z,KXBTC15M-26OCT042315-15,0.0050,35.00,no
2026-10-05T03:13:52.735228Z,KXBTC15M-26OCT042315-15,0.0050,27.02,no
2026-10-05T03:13:52.735228Z,KXBTC15M-26OCT042315-15,0.0050,35.00,no
2026-10-05T03:13:52.735228Z,KXBTC15M-26OCT042315-15,0.0050,1024.00,no
2026-10-05T03:13:52.735228Z,KXBTC15M-26OCT042315-15,0.0050,120.00,no
2026-10-05T03:13:52.735228Z,KXBTC15M-26OCT042315-15,0.0050,11.00,no
2026-10-05T03:13:52.735228Z,KXBTC15M-26OCT042315-15,0.0050,558.04,no
2026-10-05T03:13:52.736491Z,KXBTC15M-26OCT042315-15,0.0050,35.00,no
2026-10-05T03:13:52.736491Z,KXBTC15M-26OCT042315-15,0.0050,9.55,no
2026-10-05T03:13:52.736491Z,KXBTC15M-26OCT042315-15,0.0050,7.98,no
2026-10-05T03:13:52.737711Z,KXBTC15M-26OCT042315-15,0.0060,9.88,yes
2026-10-05T03:13:52.737711Z,KXBTC15M-26OCT042315-15,0.0060,229.74,yes
2026-10-05T03:13:52.737711Z,KXBTC15M-26OCT042315-15,0.0060,0.01,yes
2026-10-05T03:13:52.737711Z,KXBTC15M-26OCT042315-15,0.0060,0.01,yes
2026-10-05T03:13:52.737711Z,KXBTC15M-26OCT042315-15,0.0060,135.07,yes
2026-10-05T03:13:52.737711Z,KXBTC15M-26OCT042315-15,0.0060,15.00,yes
2026-10-05T03:13:52.788397Z,KXBTC15M-26OCT042315-15,0.0050,0.02,no
2026-10-05T03:13:52.808922Z,KXBTC15M-26OCT042315-15,0.0050,29.27,no
2026-10-05T03:13:52.808922Z,KXBTC15M-26OCT042315-15,0.0050,35.00,no
2026-10-05T03:13:52.808922Z,KXBTC15M-26OCT042315-15,0.0050,25.43,no
2026-10-05T03:13:52.808922Z,KXBTC15M-26OCT042315-15,0.0050,35.00,no
2026-10-05T03:13:52.825538Z,KXBTC15M-26OCT042315-15,0.0060,48.22,yes
2026-10-05T03:13:52.825538Z,KXBTC15M-26OCT042315-15,0.0060,107.65,yes
2026-10-05T03:13:52.825538Z,KXBTC15M-26OCT042315-15,0.0060,0.01,yes
2026-10-05T03:13:52.825538Z,KXBTC15M-26OCT042315-15,0.0060,0.01,yes
2026-10-05T03:13:52.84578Z,KXBTC15M-26OCT042315-15,0.0060,35.65,yes
2026-10-05T03:13:52.84578Z,KXBTC15M-26OCT042315-15,0.0060,12.35,yes
2026-10-05T03:13:52.879415Z,KXBTC15M-26OCT042315-15,0.0060,558.04,yes
2026-10-05T03:13:52.879415Z,KXBTC15M-26OCT042315-15,0.0060,988.35,yes
2026-10-05T03:13:52.879415Z,KXBTC15M-26OCT042315-15,0.0060,500.00,yes
2026-10-05T03:13:52.879415Z,KXBTC15M-26OCT042315-15,0.0060,392.61,yes
2026-10-05T03:13:52.879644Z,KXBTC15M-26OCT042315-15,0.0050,2.21,no
2026-10-05T03:13:52.897182Z,KXBTC15M-26OCT042315-15,0.0060,0.47,yes
2026-10-05T03:13:52.948134Z,KXBTC15M-26OCT042315-15,0.0060,0.01,yes
2026-10-05T03:13:52.948134Z,KXBTC15M-26OCT042315-15,0.0060,0.01,yes
2026-10-05T03:13:52.948134Z,KXBTC15M-26OCT042315-15,0.0070,143.88,yes
2026-10-05T03:13:53.0197Z,KXBTC15M-26OCT042315-15,0.0060,17.00,no
2026-10-05T03:13:53.0197Z,KXBTC15M-26OCT042315-15,0.0060,0.01,no
2026-10-05T03:13:53.0197Z,KXBTC15M-26OCT042315-15,0.0060,400.00,no
2026-10-05T03:13:53.0197Z,KXBTC15M-26OCT042315-15,0.0060,0.01,no
2026-10-05T03:13:53.0197Z,KXBTC15M-26OCT042315-15,0.0060,20.00,no
2026-10-05T03:13:53.0197Z,KXBTC15M-26OCT042315-15,0.0060,467.18,no
2026-10-05T03:13:53.06938Z,KXBTC15M-26OCT042315-15,0.0060,0.01,no
2026-10-05T03:13:53.06938Z,KXBTC15M-26OCT042315-15,0.0060,0.01,no
2026-10-05T03:13:53.06938Z,KXBTC15M-26OCT042315-15,0.0060,4.98,no
2026-10-05T03:13:53.082064Z,KXBTC15M-26OCT042315-15,0.0060,0.01,no
2026-10-05T03:13:53.082064Z,KXBTC15M-26OCT042315-15,0.0060,21.53,no
2026-10-05T03:13:53.082064Z,KXBTC15M-26OCT042315-15,0.0060,0.01,no
2026-10-05T03:13:53.084502Z,KXBTC15M-26OCT042315-15,0.0070,239.75,yes
2026-10-05T03:13:53.084502Z,KXBTC15M-26OCT042315-15,0.0070,0.01,yes
2026-10-05T03:13:53.084502Z,KXBTC15M-26OCT042315-15,0.0070,120.00,yes
2026-10-05T03:13:53.113238Z,KXBTC15M-26OCT042315-15,0.0070,90.90,yes
2026-10-05T03:13:53.186647Z,KXBTC15M-26OCT042315-15,0.0080,0.02,yes
2026-10-05T03:13:53.186647Z,KXBTC15M-26OCT042315-15,0.0100,50.00,yes
2026-10-05T03:13:53.186647Z,KXBTC15M-26OCT042315-15,0.0090,0.02,yes
2026-10-05T03:13:53.186647Z,KXBTC15M-26OCT042315-15,0.0100,2.95,yes
2026-10-05T03:13:53.186647Z,KXBTC15M-26OCT042315-15,0.0070,0.01,yes
2026-10-05T03:13:53.186647Z,KXBTC15M-26OCT042315-15,0.0070,0.02,yes
2026-10-05T03:13:53.186647Z,KXBTC15M-26OCT042315-15,0.0070,0.01,yes
2026-10-05T03:13:53.186647Z,KXBTC15M-26OCT042315-15,0.0100,134.00,yes
2026-10-05T03:13:53.210032Z,KXBTC15M-26OCT042315-15,0.0070,1.21,yes
2026-10-05T03:13:53.260111Z,KXBTC15M-26OCT042315-15,0.0060,0.01,no
2026-10-05T03:13:53.260111Z,KXBTC15M-26OCT042315-15,0.0060,5.00,no
2026-10-05T03:13:53.260111Z,KXBTC15M-26OCT042315-15,0.0060,0.01,no
2026-10-05T03:13:53.315839Z,KXBTC15M-26OCT042315-15,0.0060,15.00,no
2026-10-05T03:13:53.315839Z,KXBTC15M-26OCT042315-15,0.0060,16.34,no
2026-10-05T03:13:53.343328Z,KXBTC15M-26OCT042315-15,0.0060,16.80,no
2026-10-05T03:13:53.353691Z,KXBTC15M-26OCT042315-15,0.0060,13.53,no
2026-10-05T03:13:53.398924Z,KXBTC15M-26OCT042315-15,0.0070,10.00,yes
2026-10-05T03:13:53.466682Z,KXBTC15M-26OCT042315-15,0.0070,0.01,yes
2026-10-05T03:13:53.466682Z,KXBTC15M-26OCT042315-15,0.0070,3.79,yes
2026-10-05T03:13:53.466682Z,KXBTC15M-26OCT042315-15,0.0090,95.19,yes
2026-10-05T03:13:53.466682Z,KXBTC15M-26OCT042315-15,0.0070,1.00,yes
2026-10-05T03:13:53.466682Z,KXBTC15M-26OCT042315-15,0.0070,0.01,yes
2026-10-05T03:13:53.48901Z,KXBTC15M-26OCT042315-15,0.0070,0.01,yes
2026-10-05T03:13:53.48901Z,KXBTC15M-26OCT042315-15,0.0070,0.01,yes
2026-10-05T03:13:53.48901Z,KXBTC15M-26OCT042315-15,0.0090,14.36,yes
2026-10-05T03:13:53.49559Z,KXBTC15M-26OCT042315-15,0.0060,1.00,no
2026-10-05T03:13:53.550113Z,KXBTC15M-26OCT042315-15,0.0070,0.01,yes
2026-10-05T03:13:53.550113Z,KXBTC15M-26OCT042315-15,0.0090,0.01,yes
2026-10-05T03:13:53.550113Z,KXBTC15M-26OCT042315-15,0.0100,0.23,yes
2026-10-05T03:13:53.550113Z,KXBTC15M-26OCT042315-15,0.0090,0.01,yes
2026-10-05T03:13:53.550113Z,KXBTC15M-26OCT042315-15,0.0100,2.05,yes
2026-10-05T03:13:53.643243Z,KXBTC15M-26OCT042315-15,0.0090,77.06,yes
2026-10-05T03:13:53.653035Z,KXBTC15M-26OCT042315-15,0.0090,29.70,yes
2026-10-05T03:13:53.711319Z,KXBTC15M-26OCT042315-15,0.0090,30.36,yes
2026-10-05T03:13:53.730193Z,KXBTC15M-26OCT042315-15,0.0090,62.75,yes
2026-10-05T03:13:53.740766Z,KXBTC15M-26OCT042315-15,0.0090,1.31,yes
2026-10-05T03:13:53.829563Z,KXBTC15M-26OCT042315-15,0.0090,75.88,yes
2026-10-05T03:13:53.829563Z,KXBTC15M-26OCT042315-15,0.0090,339.67,yes
2026-10-05T03:13:53.876164Z,KXBTC15M-26OCT042315-15,0.0060,10.05,no
2026-10-05T03:13:53.886972Z,KXBTC15M-26OCT042315-15,0.0060,121.79,no
2026-10-05T03:13:53.93124Z,KXBTC15M-26OCT042315-15,0.0100,6.63,yes
2026-10-05T03:13:54.029538Z,KXBTC15M-26OCT042315-15,0.0060,33.96,no
2026-10-05T03:13:54.043559Z,KXBTC15M-26OCT042315-15,0.0100,5.00,yes
2026-10-05T03:13:54.043559Z,KXBTC15M-26OCT042315-15,0.0100,16.00,yes
2026-10-05T03:13:54.043559Z,KXBTC15M-26OCT042315-15,0.0100,5.00,yes
2026-10-05T03:13:54.043559Z,KXBTC15M-26OCT042315-15,0.0100,43.14,yes
2026-10-05T03:13:54.043559Z,KXBTC15M-26OCT042315-15,0.0100,21.15,yes
2026-10-05T03:13:54.04853Z,KXBTC15M-26OCT042315-15,0.0100,12.00,yes
2026-10-05T03:13:54.109962Z,KXBTC15M-26OCT042315-15,0.0100,1.00,yes
2026-10-05T03:13:54.109962Z,KXBTC15M-26OCT042315-15,0.0100,1.00,yes
2026-10-05T03:13:54.109962Z,KXBTC15M-26OCT042315-15,0.0100,500.00,yes
2026-10-05T03:13:54.109962Z,KXBTC15M-26OCT042315-15,0.0100,200.00,yes
2026-10-05T03:13:54.109962Z,KXBTC15M-26OCT042315-15,0.0100,9.48,yes
2026-10-05T03:13:54.172304Z,KXBTC15M-26OCT042315-15,0.0100,16.00,yes
2026-10-05T03:13:54.172304Z,KXBTC15M-26OCT042315-15,0.0100,26.60,yes
2026-10-05T03:13:54.194165Z,KXBTC15M-26OCT042315-15,0.0060,188.86,no
2026-10-05T03:13:54.194165Z,KXBTC15M-26OCT042315-15,0.0060,5.00,no
2026-10-05T03:13:54.194165Z,KXBTC15M-26OCT042315-15,0.0060,9.42,no
2026-10-05T03:13:54.194165Z,KXBTC15M-26OCT042315-15,0.0060,0.01,no
2026-10-05T03:13:54.194165Z,KXBTC15M-26OCT042315-15,0.0060,15.00,no
2026-10-05T03:13:54.194165Z,KXBTC15M-26OCT042315-15,0.0060,15.00,no
2026-10-05T03:13:54.194165Z,KXBTC15M-26OCT042315-15,0.0060,0.01,no
2026-10-05T03:13:54.248461Z,KXBTC15M-26OCT042315-15,0.0100,400.00,yes
2026-10-05T03:13:54.248461Z,KXBTC15M-26OCT042315-15,0.0100,23.40,yes
2026-10-05T03:13:54.248461Z,KXBTC15M-26OCT042315-15,0.0100,44.19,yes
2026-10-05T03:13:54.268573Z,KXBTC15M-26OCT042315-15,0.0100,1.01,yes
2026-10-05T03:13:54.278316Z,KXBTC15M-26OCT042315-15,0.0060,2.01,no
2026-10-05T03:13:54.28731Z,KXBTC15M-26OCT042315-15,0.0100,0.01,yes
2026-10-05T03:13:54.28731Z,KXBTC15M-26OCT042315-15,0.0100,14.99,yes
2026-10-05T03:13:54.28731Z,KXBTC15M-26OCT042315-15,0.0100,0.01,yes
2026-10-05T03:13:54.28731Z,KXBTC15M-26OCT042315-15,0.0100,41.94,yes
2026-10-05T03:13:54.485682Z,KXBTC15M-26OCT042315-15,0.0100,2.00,yes
2026-10-05T03:13:54.56463Z,KXBTC15M-26OCT042315-15,0.0100,229.63,yes
2026-10-05T03:13:54.56463Z,KXBTC15M-26OCT042315-15,0.0100,6.06,yes
2026-10-05T03:13:54.58143Z,KXBTC15M-26OCT042315-15,0.0100,14.99,yes
2026-10-05T03:13:54.58143Z,KXBTC15M-26OCT042315-15,0.0100,1.01,yes
2026-10-05T03:13:54.58143Z,KXBTC15M-26OCT042315-15,0.0100,1.00,yes
2026-10-05T03:13:54.58143Z,KXBTC15M-26OCT042315-15,0.0100,76.51,yes
2026-10-05T03:13:54.590179Z,KXBTC15M-26OCT042315-15,0.0100,14.19,yes
2026-10-05T03:13:54.600105Z,KXBTC15M-26OCT042315-15,0.0060,15.13,no
2026-10-05T03:13:54.646025Z,KXBTC15M-26OCT042315-15,0.0060,500.00,no
2026-10-05T03:13:54.646025Z,KXBTC15M-26OCT042315-15,0.0060,0.01,no
2026-10-05T03:13:54.646025Z,KXBTC15M-26OCT042315-15,0.0060,143.40,no
2026-10-05T03:13:54.646025Z,KXBTC15M-26OCT042315-15,0.0060,482.86,no
2026-10-05T03:13:54.646025Z,KXBTC15M-26OCT042315-15,0.0060,0.01,no
2026-10-05T03:13:54.655142Z,KXBTC15M-26OCT042315-15,0.0100,16.00,yes
2026-10-05T03:13:54.655142Z,KXBTC15M-26OCT042315-15,0.0100,35.81,yes
2026-10-05T03:13:54.655142Z,KXBTC15M-26OCT042315-15,0.0100,41.70,yes
2026-10-05T03:13:54.680047Z,KXBTC15M-26OCT042315-15,0.0100,187.03,yes
2026-10-05T03:13:54.686964Z,KXBTC15M-26OCT042315-15,0.0050,3.52,no
2026-10-05T03:13:54.686964Z,KXBTC15M-26OCT042315-15,0.0050,44.00,no
2026-10-05T03:13:54.686964Z,KXBTC15M-26OCT042315-15,0.0050,44.00,no
2026-10-05T03:13:54.686964Z,KXBTC15M-26OCT042315-15,0.0050,35.00,no
2026-10-05T03:13:54.686964Z,KXBTC15M-26OCT042315-15,0.0050,35.00,no
2026-10-05T03:13:54.686964Z,KXBTC15M-26OCT042315-15,0.0050,35.00,no
2026-10-05T03:13:54.686964Z,KXBTC15M-26OCT042315-15,0.0060,20.00,no
2026-10-05T03:13:54.686964Z,KXBTC15M-26OCT042315-15,0.0060,0.01,no
2026-10-05T03:13:54.686964Z,KXBTC15M-26OCT042315-15,0.0060,400.00,no
2026-10-05T03:13:54.686964Z,KXBTC15M-26OCT042315-15,0.0060,56.60,no
2026-10-05T03:13:54.686964Z,KXBTC15M-26OCT042315-15,0.0060,0.01,no
2026-10-05T03:13:54.686964Z,KXBTC15M-26OCT042315-15,0.0050,146.45,no
2026-10-05T03:13:54.686964Z,KXBTC15M-26OCT042315-15,0.0050,15.00,no
2026-10-05T03:13:54.686964Z,KXBTC15M-26OCT042315-15,0.0050,91.00,no
2026-10-05T03:13:54.686964Z,KXBTC15M-26OCT042315-15,0.0050,17.00,no
2026-10-05T03:13:54.686964Z,KXBTC15M-26OCT042315-15,0.0050,10.00,no
2026-10-05T03:13:54.686964Z,KXBTC15M-26OCT042315-15,0.0040,1017.79,no
2026-10-05T03:13:54.716717Z,KXBTC15M-26OCT042315-15,0.0050,17.00,no
2026-10-05T03:13:54.716717Z,KXBTC15M-26OCT042315-15,0.0060,0.01,no
2026-10-05T03:13:54.716717Z,KXBTC15M-26OCT042315-15,0.0050,0.01,no
2026-10-05T03:13:54.716717Z,KXBTC15M-26OCT042315-15,0.0050,0.01,no
2026-10-05T03:13:54.716717Z,KXBTC15M-26OCT042315-15,0.0050,22.00,no
2026-10-05T03:13:54.716717Z,KXBTC15M-26OCT042315-15,0.0060,0.01,no
2026-10-05T03:13:54.716717Z,KXBTC15M-26OCT042315-15,0.0040,782.21,no
2026-10-05T03:13:54.716717Z,KXBTC15M-26OCT042315-15,0.0040,1800.00,no
2026-10-05T03:13:54.716717Z,KXBTC15M-26OCT042315-15,0.0040,1621.75,no
2026-10-05T03:13:54.726318Z,KXBTC15M-26OCT042315-15,0.0050,17.00,no
2026-10-05T03:13:54.726318Z,KXBTC15M-26OCT042315-15,0.0060,0.01,no
2026-10-05T03:13:54.726318Z,KXBTC15M-26OCT042315-15,0.0060,0.01,no
2026-10-05T03:13:54.726318Z,KXBTC15M-26OCT042315-15,0.0050,15.00,no
2026-10-05T03:13:54.726318Z,KXBTC15M-26OCT042315-15,0.0050,68.54,no
2026-10-05T03:13:54.770707Z,KXBTC15M-26OCT042315-15,0.0060,0.01,no
2026-10-05T03:13:54.770707Z,KXBTC15M-26OCT042315-15,0.0060,0.98,no
2026-10-05T03:13:54.770707Z,KXBTC15M-26OCT042315-15,0.0060,0.01,no
2026-10-05T03:13:54.798292Z,KXBTC15M-26OCT042315-15,0.0060,0.01,no
2026-10-05T03:13:54.798292Z,KXBTC15M-26OCT042315-15,0.0060,0.01,no
2026-10-05T03:13:54.798292Z,KXBTC15M-26OCT042315-15,0.0050,1.94,no
2026-10-05T03:13:54.825845Z,KXBTC15M-26OCT042315-15,0.0050,22.00,no
2026-10-05T03:13:54.825845Z,KXBTC15M-26OCT042315-15,0.0050,109.56,no
2026-10-05T03:13:54.825845Z,KXBTC15M-26OCT042315-15,0.0050,15.06,no
2026-10-05T03:13:54.825845Z,KXBTC15M-26OCT042315-15,0.0050,0.01,no
2026-10-05T03:13:54.825845Z,KXBTC15M-26OCT042315-15,0.0050,0.01,no
2026-10-05T03:13:54.840257Z,KXBTC15M-26OCT042315-15,0.0060,15.00,yes
2026-10-05T03:13:54.840257Z,KXBTC15M-26OCT042315-15,0.0060,0.01,yes
2026-10-05T03:13:54.840257Z,KXBTC15M-26OCT042315-15,0.0060,0.01,yes
2026-10-05T03:13:54.840257Z,KXBTC15M-26OCT042315-15,0.0070,63.49,yes
2026-10-05T03:13:54.840257Z,KXBTC15M-26OCT042315-15,0.0060,15.00,yes
2026-10-05T03:13:54.847612Z,KXBTC15M-26OCT042315-15,0.0070,9.35,yes
2026-10-05T03:13:54.915061Z,KXBTC15M-26OCT042315-15,0.0060,0.01,yes
2026-10-05T03:13:54.915061Z,KXBTC15M-26OCT042315-15,0.0070,37.00,yes
2026-10-05T03:13:54.915061Z,KXBTC15M-26OCT042315-15,0.0060,0.01,yes
2026-10-05T03:13:54.996642Z,KXBTC15M-26OCT042315-15,0.0060,0.01,yes
2026-10-05T03:13:54.996642Z,KXBTC15M-26OCT042315-15,0.0070,65.31,yes
2026-10-05T03:13:54.996642Z,KXBTC15M-26OCT042315-15,0.0060,0.01,yes
2026-10-05T03:13:55.011919Z,KXBTC15M-26OCT042315-15,0.0050,22.00,no
2026-10-05T03:13:55.011919Z,KXBTC15M-26OCT042315-15,0.0050,308.12,no
2026-10-05T03:13:55.011919Z,KXBTC15M-26OCT042315-15,0.0050,0.01,no
2026-10-05T03:13:55.011919Z,KXBTC15M-26OCT042315-15,0.0050,0.01,no
2026-10-05T03:13:55.02182Z,KXBTC15M-26OCT042315-15,0.0070,29.98,yes
2026-10-05T03:13:55.02182Z,KXBTC15M-26OCT042315-15,0.0060,0.01,yes
2026-10-05T03:13:55.02182Z,KXBTC15M-26OCT042315-15,0.0060,0.01,yes
2026-10-05T03:13:55.106072Z,KXBTC15M-26OCT042315-15,0.0070,93.49,yes
2026-10-05T03:13:55.106072Z,KXBTC15M-26OCT042315-15,0.0060,0.01,yes
2026-10-05T03:13:55.106072Z,KXBTC15M-26OCT042315-15,0.0060,0.01,yes
2026-10-05T03:13:55.131314Z,KXBTC15M-26OCT042315-15,0.0050,10.50,no
2026-10-05T03:13:55.203285Z,KXBTC15M-26OCT042315-15,0.0050,29.13,no
2026-10-05T03:13:55.264307Z,KXBTC15M-26OCT042315-15,0.0070,4.98,yes
2026-10-05T03:13:55.264307Z,KXBTC15M-26OCT042315-15,0.0060,0.01,yes
2026-10-05T03:13:55.264307Z,KXBTC15M-26OCT042315-15,0.0060,0.01,yes
2026-10-05T03:13:55.289567Z,KXBTC15M-26OCT042315-15,0.0070,5.59,yes
2026-10-05T03:13:55.289567Z,KXBTC15M-26OCT042315-15,0.0060,0.01,yes
2026-10-05T03:13:55.289567Z,KXBTC15M-26OCT042315-15,0.0060,0.01,yes
2026-10-05T03:13:55.30577Z,KXBTC15M-26OCT042315-15,0.0070,132.49,yes
2026-10-05T03:13:55.30577Z,KXBTC15M-26OCT042315-15,0.0060,0.01,yes
2026-10-05T03:13:55.30577Z,KXBTC15M-26OCT042315-15,0.0060,0.01,yes
2026-10-05T03:13:55.328141Z,KXBTC15M-26OCT042315-15,0.0070,3.45,yes
2026-10-05T03:13:55.33151Z,KXBTC15M-26OCT042315-15,0.0070,93.51,yes
2026-10-05T03:13:55.464869Z,KXBTC15M-26OCT042315-15,0.0070,782.21,yes
2026-10-05T03:13:55.464869Z,KXBTC15M-26OCT042315-15,0.0070,238.62,yes
2026-10-05T03:13:55.464869Z,KXBTC15M-26OCT042315-15,0.0070,479.15,yes
2026-10-05T03:13:55.464869Z,KXBTC15M-26OCT042315-15,0.0060,0.02,yes
2026-10-05T03:13:55.566942Z,KXBTC15M-26OCT042315-15,0.0070,666.54,yes
2026-10-05T03:13:55.568514Z,KXBTC15M-26OCT042315-15,0.0040,1005.79,no
2026-10-05T03:13:55.568514Z,KXBTC15M-26OCT042315-15,0.0050,17.00,no
2026-10-05T03:13:55.568514Z,KXBTC15M-26OCT042315-15,0.0050,15.00,no
2026-10-05T03:13:55.568514Z,KXBTC15M-26OCT042315-15,0.0050,196.94,no
2026-10-05T03:13:55.568514Z,KXBTC15M-26OCT042315-15,0.0050,15.00,no
2026-10-05T03:13:55.568514Z,KXBTC15M-26OCT042315-15,0.0050,0.01,no
2026-10-05T03:13:55.568514Z,KXBTC15M-26OCT042315-15,0.0050,0.01,no
2026-10-05T03:13:55.568514Z,KXBTC15M-26OCT042315-15,0.0050,22.00,no
2026-10-05T03:13:55.568514Z,KXBTC15M-26OCT042315-15,0.0050,400.00,no
2026-10-05T03:13:55.568514Z,KXBTC15M-26OCT042315-15,0.0040,512.00,no
2026-10-05T03:13:55.568514Z,KXBTC15M-26OCT042315-15,0.0040,120.00,no
2026-10-05T03:13:55.568514Z,KXBTC15M-26OCT042315-15,0.0040,1.00,no
2026-10-05T03:13:55.568514Z,KXBTC15M-26OCT042315-15,0.0040,1.00,no
2026-10-05T03:13:55.568514Z,KXBTC15M-26OCT042315-15,0.0040,1.00,no
2026-10-05T03:13:55.568514Z,KXBTC15M-26OCT042315-15,0.0040,1.00,no
2026-10-05T03:13:55.568514Z,KXBTC15M-26OCT042315-15,0.0040,13.00,no
2026-10-05T03:13:55.568514Z,KXBTC15M-26OCT042315-15,0.0040,1.00,no
2026-10-05T03:13:55.568514Z,KXBTC15M-26OCT042315-15,0.0040,178.25,no
2026-10-05T03:13:55.577786Z,KXBTC15M-26OCT042315-15,0.0070,154.54,yes
2026-10-05T03:13:55.577786Z,KXBTC15M-26OCT042315-15,0.0060,512.00,yes
2026-10-05T03:13:55.591495Z,KXBTC15M-26OCT042315-15,0.0040,6.02,no
2026-10-05T03:13:55.60856Z,KXBTC15M-26OCT042315-15,0.0050,2.69,yes
2026-10-05T03:13:55.625737Z,KXBTC15M-26OCT042315-15,0.0040,0.01,no
2026-10-05T03:13:55.625737Z,KXBTC15M-26OCT042315-15,0.0040,20.00,no
2026-10-05T03:13:55.625737Z,KXBTC15M-26OCT042315-15,0.0040,26.34,no
2026-10-05T03:13:55.625737Z,KXBTC15M-26OCT042315-15,0.0040,0.01,no
2026-10-05T03:13:55.625737Z,KXBTC15M-26OCT042315-15,0.0040,3.98,no
2026-10-05T03:13:55.725695Z,KXBTC15M-26OCT042315-15,0.0070,527.38,yes
2026-10-05T03:13:55.725695Z,KXBTC15M-26OCT042315-15,0.0060,200.00,yes
2026-10-05T03:13:55.725695Z,KXBTC15M-26OCT042315-15,0.0050,12.31,yes
2026-10-05T03:13:55.725695Z,KXBTC15M-26OCT042315-15,0.0050,200.00,yes
2026-10-05T03:13:55.725695Z,KXBTC15M-26OCT042315-15,0.0050,15.00,yes
2026-10-05T03:13:55.725695Z,KXBTC15M-26OCT042315-15,0.0050,120.00,yes
2026-10-05T03:13:55.725695Z,KXBTC15M-26OCT042315-15,0.0060,178.25,yes
2026-10-05T03:13:55.725695Z,KXBTC15M-26OCT042315-15,0.0050,0.01,yes
2026-10-05T03:13:55.725695Z,KXBTC15M-26OCT042315-15,0.0050,0.01,yes
2026-10-05T03:13:55.776196Z,KXBTC15M-26OCT042315-15,0.0050,0.01,no
2026-10-05T03:13:55.776196Z,KXBTC15M-26OCT042315-15,0.0050,200.00,no
2026-10-05T03:13:55.776196Z,KXBTC15M-26OCT042315-15,0.0050,0.01,no
2026-10-05T03:13:55.776196Z,KXBTC15M-26OCT042315-15,0.0050,138.33,no
2026-10-05T03:13:55.776196Z,KXBTC15M-26OCT042315-15,0.0050,400.00,no
2026-10-05T03:13:55.776201Z,KXBTC15M-26OCT042315-15,0.0050,5.02,no
2026-10-05T03:13:55.814371Z,KXBTC15M-26OCT042315-15,0.0070,36.62,yes
2026-10-05T03:13:55.814371Z,KXBTC15M-26OCT042315-15,0.0060,0.02,yes
2026-10-05T03:13:55.814371Z,KXBTC15M-26OCT042315-15,0.0060,0.01,yes
2026-10-05T03:13:55.814371Z,KXBTC15M-26OCT042315-15,0.0060,0.01,yes
2026-10-05T03:13:55.843513Z,KXBTC15M-26OCT042315-15,0.0070,169.01,yes
2026-10-05T03:13:55.843513Z,KXBTC15M-26OCT042315-15,0.0060,0.01,yes
2026-10-05T03:13:55.843513Z,KXBTC15M-26OCT042315-15,0.0060,0.01,yes
2026-10-05T03:13:55.866021Z,KXBTC15M-26OCT042315-15,0.0070,254.51,yes
2026-10-05T03:13:55.866021Z,KXBTC15M-26OCT042315-15,0.0070,7.29,yes
2026-10-05T03:13:55.868051Z,KXBTC15M-26OCT042315-15,0.0070,392.70,yes
2026-10-05T03:13:55.892146Z,KXBTC15M-26OCT042315-15,0.0070,2.03,yes
2026-10-05T03:13:55.924098Z,KXBTC15M-26OCT042315-15,0.0050,8.25,no
2026-10-05T03:13:55.92626Z,KXBTC15M-26OCT042315-15,0.0050,12.49,no
2026-10-05T03:13:55.92626Z,KXBTC15M-26OCT042315-15,0.0050,13.75,no
2026-10-05T03:13:55.92626Z,KXBTC15M-26OCT042315-15,0.0050,0.01,no
2026-10-05T03:13:55.92626Z,KXBTC15M-26OCT042315-15,0.0050,0.01,no
2026-10-05T03:13:55.941122Z,KXBTC15M-26OCT042315-15,0.0050,197.55,no
2026-10-05T03:13:55.941122Z,KXBTC15M-26OCT042315-15,0.0050,387.51,no
2026-10-05T03:13:55.941122Z,KXBTC15M-26OCT042315-15,0.0040,1373.00,no
2026-10-05T03:13:55.941122Z,KXBTC15M-26OCT042315-15,0.0040,15.00,no
2026-10-05T03:13:55.941122Z,KXBTC15M-26OCT042315-15,0.0050,0.01,no
2026-10-05T03:13:55.941122Z,KXBTC15M-26OCT042315-15,0.0040,197.55,no
2026-10-05T03:13:55.941122Z,KXBTC15M-26OCT042315-15,0.0050,0.01,no
2026-10-05T03:13:55.941122Z,KXBTC15M-26OCT042315-15,0.0040,15.00,no
2026-10-05T03:13:55.941122Z,KXBTC15M-26OCT042315-15,0.0050,22.00,no
2026-10-05T03:13:55.941122Z,KXBTC15M-26OCT042315-15,0.0040,10.00,no
2026-10-05T03:13:55.941122Z,KXBTC15M-26OCT042315-15,0.0030,1395.00,no
2026-10-05T03:13:55.941122Z,KXBTC15M-26OCT042315-15,0.0030,1279.56,no
2026-10-05T03:13:55.943Z,KXBTC15M-26OCT042315-15,0.0070,130.90,yes
2026-10-05T03:13:55.944217Z,KXBTC15M-26OCT042315-15,0.0070,394.32,yes
2026-10-05T03:13:55.954384Z,KXBTC15M-26OCT042315-15,0.0050,0.01,no
2026-10-05T03:13:55.954384Z,KXBTC15M-26OCT042315-15,0.0050,0.01,no
2026-10-05T03:13:55.954384Z,KXBTC15M-26OCT042315-15,0.0040,20.00,no
2026-10-05T03:13:55.954384Z,KXBTC15M-26OCT042315-15,0.0040,277.78,no
2026-10-05T03:13:55.984404Z,KXBTC15M-26OCT042315-15,0.0060,20.00,yes
2026-10-05T03:13:55.984404Z,KXBTC15M-26OCT042315-15,0.0040,15.00,yes
2026-10-05T03:13:55.984404Z,KXBTC15M-26OCT042315-15,0.0050,380.00,yes
2026-10-05T03:13:55.984404Z,KXBTC15M-26OCT042315-15,0.0050,200.00,yes
2026-10-05T03:13:55.984404Z,KXBTC15M-26OCT042315-15,0.0060,600.83,yes
2026-10-05T03:13:55.984404Z,KXBTC15M-26OCT042315-15,0.0040,0.01,yes
2026-10-05T03:13:55.984404Z,KXBTC15M-26OCT042315-15,0.0040,0.01,yes
2026-10-05T03:13:55.984404Z,KXBTC15M-26OCT042315-15,0.0040,702.20,yes
2026-10-05T03:13:55.989071Z,KXBTC15M-26OCT042315-15,0.0030,196.72,no
2026-10-05T03:13:56.000157Z,KXBTC15M-26OCT042315-15,0.0030,161.99,no
2026-10-05T03:13:56.029242Z,KXBTC15M-26OCT042315-15,0.0040,196.72,yes
2026-10-05T03:13:56.029242Z,KXBTC15M-26OCT042315-15,0.0050,0.01,yes
2026-10-05T03:13:56.029242Z,KXBTC15M-26OCT042315-15,0.0060,203.98,yes
2026-10-05T03:13:56.029242Z,KXBTC15M-26OCT042315-15,0.0050,0.01,yes
2026-10-05T03:13:56.064485Z,KXBTC15M-26OCT042315-15,0.0040,1.15,yes
2026-10-05T03:13:56.079238Z,KXBTC15M-26OCT042315-15,0.0030,161.73,no
2026-10-05T03:13:56.079238Z,KXBTC15M-26OCT042315-15,0.0030,49.75,no
2026-10-05T03:13:56.087131Z,KXBTC15M-26OCT042315-15,0.0040,133.58,yes
2026-10-05T03:13:56.106351Z,KXBTC15M-26OCT042315-15,0.0040,0.01,yes
2026-10-05T03:13:56.106351Z,KXBTC15M-26OCT042315-15,0.0040,0.01,yes
2026-10-05T03:13:56.106351Z,KXBTC15M-26OCT042315-15,0.0040,29.41,yes
2026-10-05T03:13:56.111949Z,KXBTC15M-26OCT042315-15,0.0030,0.15,no
2026-10-05T03:13:56.115409Z,KXBTC15M-26OCT042315-15,0.0040,132.58,yes
2026-10-05T03:13:56.115409Z,KXBTC15M-26OCT042315-15,0.0040,35.18,yes
2026-10-05T03:13:56.117509Z,KXBTC15M-26OCT042315-15,0.0040,126.55,yes
2026-10-05T03:13:56.117509Z,KXBTC15M-26OCT042315-15,0.0040,5.71,yes
2026-10-05T03:13:56.171267Z,KXBTC15M-26OCT042315-15,0.0040,44.04,yes
2026-10-05T03:13:56.171267Z,KXBTC15M-26OCT042315-15,0.0040,15.00,yes
2026-10-05T03:13:56.171267Z,KXBTC15M-26OCT042315-15,0.0050,200.00,yes
2026-10-05T03:13:56.171267Z,KXBTC15M-26OCT042315-15,0.0040,0.01,yes
2026-10-05T03:13:56.171267Z,KXBTC15M-26OCT042315-15,0.0040,0.15,yes
2026-10-05T03:13:56.171267Z,KXBTC15M-26OCT042315-15,0.0040,0.01,yes
2026-10-05T03:13:56.171267Z,KXBTC15M-26OCT042315-15,0.0060,20.00,yes
2026-10-05T03:13:56.171267Z,KXBTC15M-26OCT042315-15,0.0060,66.46,yes
2026-10-05T03:13:56.171267Z,KXBTC15M-26OCT042315-15,0.0060,474.75,yes
2026-10-05T03:13:56.198537Z,KXBTC15M-26OCT042315-15,0.0060,44.75,yes
2026-10-05T03:13:56.200307Z,KXBTC15M-26OCT042315-15,0.0030,9.89,no
2026-10-05T03:13:56.235261Z,KXBTC15M-26OCT042315-15,0.0060,88.79,yes
2026-10-05T03:13:56.235261Z,KXBTC15M-26OCT042315-15,0.0040,9.89,yes
2026-10-05T03:13:56.235261Z,KXBTC15M-26OCT042315-15,0.0070,388.32,yes
2026-10-05T03:13:56.246972Z,KXBTC15M-26OCT042315-15,0.0030,230.50,no
2026-10-05T03:13:56.261894Z,KXBTC15M-26OCT042315-15,0.0070,58.97,yes
2026-10-05T03:13:56.261894Z,KXBTC15M-26OCT042315-15,0.0070,595.52,yes
2026-10-05T03:13:56.261894Z,KXBTC15M-26OCT042315-15,0.0070,0.02,yes
2026-10-05T03:13:56.264931Z,KXBTC15M-26OCT042315-15,0.0040,130.90,yes
2026-10-05T03:13:56.27668Z,KXBTC15M-26OCT042315-15,0.0040,6.45,yes
2026-10-05T03:13:56.29665Z,KXBTC15M-26OCT042315-15,0.0040,93.15,yes
2026-10-05T03:13:56.29665Z,KXBTC15M-26OCT042315-15,0.0070,40.43,yes
2026-10-05T03:13:56.311867Z,KXBTC15M-26OCT042315-15,0.0070,113.83,yes
2026-10-05T03:13:56.350105Z,KXBTC15M-26OCT042315-15,0.0070,130.90,yes
2026-10-05T03:13:56.354194Z,KXBTC15M-26OCT042315-15,0.0070,78.31,yes
2026-10-05T03:13:56.386281Z,KXBTC15M-26OCT042315-15,0.0030,0.02,no
2026-10-05T03:13:56.430917Z,KXBTC15M-26OCT042315-15,0.0040,0.02,yes
2026-10-05T03:13:56.430917Z,KXBTC15M-26OCT042315-15,0.0070,20.70,yes
2026-10-05T03:13:56.481062Z,KXBTC15M-26OCT042315-15,0.0030,22.56,no
2026-10-05T03:13:56.48704Z,KXBTC15M-26OCT042315-15,0.0030,1.00,no
2026-10-05T03:13:56.553201Z,KXBTC15M-26OCT042315-15,0.0050,50.00,yes
2026-10-05T03:13:56.553201Z,KXBTC15M-26OCT042315-15,0.0040,1.00,yes
2026-10-05T03:13:56.553201Z,KXBTC15M-26OCT042315-15,0.0050,60.02,yes
2026-10-05T03:13:56.553201Z,KXBTC15M-26OCT042315-15,0.0040,22.56,yes
2026-10-05T03:13:56.554212Z,KXBTC15M-26OCT042315-15,0.0030,4.98,no
2026-10-05T03:13:56.559444Z,KXBTC15M-26OCT042315-15,0.0030,0.01,no
2026-10-05T03:13:56.56336Z,KXBTC15M-26OCT042315-15,0.0050,132.26,yes
2026-10-05T03:13:56.579966Z,KXBTC15M-26OCT042315-15,0.0030,5.89,no
2026-10-05T03:13:56.597441Z,KXBTC15M-26OCT042315-15,0.0040,4.98,yes
2026-10-05T03:13:56.597441Z,KXBTC15M-26OCT042315-15,0.0070,101.95,yes
2026-10-05T03:13:56.628687Z,KXBTC15M-26OCT042315-15,0.0030,51.63,no
2026-10-05T03:13:56.680072Z,KXBTC15M-26OCT042315-15,0.0040,5.89,yes
2026-10-05T03:13:56.680072Z,KXBTC15M-26OCT042315-15,0.0040,0.01,yes
2026-10-05T03:13:56.680072Z,KXBTC15M-26OCT042315-15,0.0040,51.63,yes
2026-10-05T03:13:56.827157Z,KXBTC15M-26OCT042315-15,0.0070,127.01,yes
2026-10-05T03:13:56.828267Z,KXBTC15M-26OCT042315-15,0.0070,14.71,yes
2026-10-05T03:13:56.857292Z,KXBTC15M-26OCT042315-15,0.0070,32.08,yes
2026-10-05T03:13:56.86648Z,KXBTC15M-26OCT042315-15,0.0070,132.26,yes
2026-10-05T03:13:56.868906Z,KXBTC15M-26OCT042315-15,0.0070,35.66,yes
2026-10-05T03:13:56.868906Z,KXBTC15M-26OCT042315-15,0.0070,97.92,yes
2026-10-05T03:13:56.892619Z,KXBTC15M-26OCT042315-15,0.0070,265.00,yes
2026-10-05T03:13:56.931697Z,KXBTC15M-26OCT042315-15,0.0060,2.59,no
2026-10-05T03:13:56.931697Z,KXBTC15M-26OCT042315-15,0.0060,11.47,no
2026-10-05T03:13:56.931697Z,KXBTC15M-26OCT042315-15,0.0060,0.01,no
2026-10-05T03:13:56.931697Z,KXBTC15M-26OCT042315-15,0.0060,0.01,no
2026-10-05T03:13:56.939935Z,KXBTC15M-26OCT042315-15,0.0060,9.66,no
2026-10-05T03:13:56.984413Z,KXBTC15M-26OCT042315-15,0.0060,0.01,no
2026-10-05T03:13:56.984413Z,KXBTC15M-26OCT042315-15,0.0060,20.00,no
2026-10-05T03:13:56.984413Z,KXBTC15M-26OCT042315-15,0.0060,0.20,no
2026-10-05T03:13:56.984413Z,KXBTC15M-26OCT042315-15,0.0060,0.01,no
2026-10-05T03:13:57.016766Z,KXBTC15M-26OCT042315-15,0.0060,0.01,no
2026-10-05T03:13:57.016766Z,KXBTC15M-26OCT042315-15,0.0050,16.07,no
2026-10-05T03:13:57.016766Z,KXBTC15M-26OCT042315-15,0.0060,20.00,no
2026-10-05T03:13:57.016766Z,KXBTC15M-26OCT042315-15,0.0060,0.01,no
2026-10-05T03:13:57.040818Z,KXBTC15M-26OCT042315-15,0.0060,0.01,no
2026-10-05T03:13:57.040818Z,KXBTC15M-26OCT042315-15,0.0060,16.66,no
2026-10-05T03:13:57.051289Z,KXBTC15M-26OCT042315-15,0.0060,8.52,no
2026-10-05T03:13:57.051289Z,KXBTC15M-26OCT042315-15,0.0060,3.34,no
2026-10-05T03:13:57.086441Z,KXBTC15M-26OCT042315-15,0.0060,0.01,no
2026-10-05T03:13:57.086441Z,KXBTC15M-26OCT042315-15,0.0050,500.00,no
2026-10-05T03:13:57.086441Z,KXBTC15M-26OCT042315-15,0.0060,391.48,no
2026-10-05T03:13:57.086441Z,KXBTC15M-26OCT042315-15,0.0060,0.01,no
2026-10-05T03:13:57.086441Z,KXBTC15M-26OCT042315-15,0.0060,200.00,no
2026-10-05T03:13:57.086441Z,KXBTC15M-26OCT042315-15,0.0040,20.00,no
2026-10-05T03:13:57.086441Z,KXBTC15M-26OCT042315-15,0.0050,200.00,no
2026-10-05T03:13:57.086441Z,KXBTC15M-26OCT042315-15,0.0030,471.50,no
2026-10-05T03:13:57.195023Z,KXBTC15M-26OCT042315-15,0.0060,27.27,no
2026-10-05T03:13:57.195023Z,KXBTC15M-26OCT042315-15,0.0060,0.01,no
2026-10-05T03:13:57.195023Z,KXBTC15M-26OCT042315-15,0.0060,400.00,no
2026-10-05T03:13:57.195023Z,KXBTC15M-26OCT042315-15,0.0060,20.00,no
2026-10-05T03:13:57.195023Z,KXBTC15M-26OCT042315-15,0.0060,200.00,no
2026-10-05T03:13:57.195023Z,KXBTC15M-26OCT042315-15,0.0060,0.01,no
2026-10-05T03:13:57.209859Z,KXBTC15M-26OCT042315-15,0.0060,227.11,no
2026-10-05T03:13:57.209859Z,KXBTC15M-26OCT042315-15,0.0050,200.00,no
2026-10-05T03:13:57.209859Z,KXBTC15M-26OCT042315-15,0.0060,0.01,no
2026-10-05T03:13:57.209859Z,KXBTC15M-26OCT042315-15,0.0060,500.00,no
2026-10-05T03:13:57.209859Z,KXBTC15M-26OCT042315-15,0.0060,0.01,no
2026-10-05T03:13:57.209859Z,KXBTC15M-26OCT042315-15,0.0060,196.99,no
2026-10-05T03:13:57.209859Z,KXBTC15M-26OCT042315-15,0.0060,400.00,no
2026-10-05T03:13:57.209859Z,KXBTC15M-26OCT042315-15,0.0060,500.00,no
2026-10-05T03:13:57.225768Z,KXBTC15M-26OCT042315-15,0.0030,128.22,no
2026-10-05T03:13:57.306659Z,KXBTC15M-26OCT042315-15,0.0040,20.41,yes
2026-10-05T03:13:57.330206Z,KXBTC15M-26OCT042315-15,0.0030,47.34,no
2026-10-05T03:13:57.341929Z,KXBTC15M-26OCT042315-15,0.0040,107.81,yes
2026-10-05T03:13:57.341929Z,KXBTC15M-26OCT042315-15,0.0040,0.01,yes
2026-10-05T03:13:57.341929Z,KXBTC15M-26OCT042315-15,0.0040,0.01,yes
2026-10-05T03:13:57.341929Z,KXBTC15M-26OCT042315-15,0.0050,11.23,yes
2026-10-05T03:13:57.394167Z,KXBTC15M-26OCT042315-15,0.0050,0.01,yes
2026-10-05T03:13:57.394167Z,KXBTC15M-26OCT042315-15,0.0050,159.65,yes
2026-10-05T03:13:57.394167Z,KXBTC15M-26OCT042315-15,0.0040,47.34,yes
2026-10-05T03:13:57.394167Z,KXBTC15M-26OCT042315-15,0.0040,0.01,yes
2026-10-05T03:13:57.394167Z,KXBTC15M-26OCT042315-15,0.0050,60.11,yes
2026-10-05T03:13:57.394167Z,KXBTC15M-26OCT042315-15,0.0040,0.01,yes
2026-10-05T03:13:57.394167Z,KXBTC15M-26OCT042315-15,0.0050,0.01,yes
2026-10-05T03:13:57.403398Z,KXBTC15M-26OCT042315-15,0.0050,24.94,yes
2026-10-05T03:13:57.533139Z,KXBTC15M-26OCT042315-15,0.0030,19.70,no
2026-10-05T03:13:57.596718Z,KXBTC15M-26OCT042315-15,0.0040,1.34,yes
2026-10-05T03:13:57.602971Z,KXBTC15M-26OCT042315-15,0.0040,0.01,yes
2026-10-05T03:13:57.602971Z,KXBTC15M-26OCT042315-15,0.0040,18.36,yes
2026-10-05T03:13:57.602971Z,KXBTC15M-26OCT042315-15,0.0050,163.18,yes
2026-10-05T03:13:57.602971Z,KXBTC15M-26OCT042315-15,0.0040,0.01,yes
2026-10-05T03:13:57.650671Z,KXBTC15M-26OCT042315-15,0.0050,33.39,yes
2026-10-05T03:13:57.753499Z,KXBTC15M-26OCT042315-15,0.0030,756.86,no
2026-10-05T03:13:57.753499Z,KXBTC15M-26OCT042315-15,0.0030,1248.73,no
2026-10-05T03:13:57.835104Z,KXBTC15M-26OCT042315-15,0.0040,200.86,yes
2026-10-05T03:13:57.901522Z,KXBTC15M-26OCT042315-15,0.0040,48.15,yes
2026-10-05T03:13:57.983958Z,KXBTC15M-26OCT042315-15,0.0040,11.03,yes
2026-10-05T03:13:58.073461Z,KXBTC15M-26OCT042315-15,0.0040,94.35,yes
2026-10-05T03:13:58.081094Z,KXBTC15M-26OCT042315-15,0.0040,186.97,yes
2026-10-05T03:13:58.148845Z,KXBTC15M-26OCT042315-15,0.0040,707.37,yes
2026-10-05T03:13:58.148845Z,KXBTC15M-26OCT042315-15,0.0050,66.08,yes
2026-10-05T03:13:58.148845Z,KXBTC15M-26OCT042315-15,0.0040,0.01,yes
2026-10-05T03:13:58.148845Z,KXBTC15M-26OCT042315-15,0.0040,756.86,yes
2026-10-05T03:13:58.148845Z,KXBTC15M-26OCT042315-15,0.0040,0.01,yes
2026-10-05T03:13:58.161111Z,KXBTC15M-26OCT042315-15,0.0050,186.97,yes
2026-10-05T03:13:58.26634Z,KXBTC15M-26OCT042315-15,0.0030,1.75,no
2026-10-05T03:13:58.292154Z,KXBTC15M-26OCT042315-15,0.0040,0.02,yes
2026-10-05T03:13:58.292154Z,KXBTC15M-26OCT042315-15,0.0040,0.01,yes
2026-10-05T03:13:58.292154Z,KXBTC15M-26OCT042315-15,0.0040,0.01,yes
2026-10-05T03:13:58.292154Z,KXBTC15M-26OCT042315-15,0.0040,1.75,yes
2026-10-05T03:13:58.292154Z,KXBTC15M-26OCT042315-15,0.0050,439.00,yes
2026-10-05T03:13:58.309212Z,KXBTC15M-26OCT042315-15,0.0030,28.90,no
2026-10-05T03:13:58.322055Z,KXBTC15M-26OCT042315-15,0.0050,127.55,yes
2026-10-05T03:13:58.325223Z,KXBTC15M-26OCT042315-15,0.0050,186.97,yes
2026-10-05T03:13:58.353665Z,KXBTC15M-26OCT042315-15,0.0030,6.73,no
2026-10-05T03:13:58.368752Z,KXBTC15M-26OCT042315-15,0.0050,0.02,yes
2026-10-05T03:13:58.368752Z,KXBTC15M-26OCT042315-15,0.0100,10.00,yes
2026-10-05T03:13:58.368752Z,KXBTC15M-26OCT042315-15,0.0040,28.90,yes
2026-10-05T03:13:58.368752Z,KXBTC15M-26OCT042315-15,0.0050,0.01,yes
2026-10-05T03:13:58.368752Z,KXBTC15M-26OCT042315-15,0.0070,0.02,yes
2026-10-05T03:13:58.368752Z,KXBTC15M-26OCT042315-15,0.0100,93.75,yes
2026-10-05T03:13:58.368752Z,KXBTC15M-26OCT042315-15,0.0050,0.01,yes
2026-10-05T03:13:58.368752Z,KXBTC15M-26OCT042315-15,0.0060,0.02,yes
2026-10-05T03:13:58.368752Z,KXBTC15M-26OCT042315-15,0.0100,16.00,yes
2026-10-05T03:13:58.368752Z,KXBTC15M-26OCT042315-15,0.0070,471.50,yes
2026-10-05T03:13:58.368752Z,KXBTC15M-26OCT042315-15,0.0100,15.00,yes
2026-10-05T03:13:58.368752Z,KXBTC15M-26OCT042315-15,0.0050,4422.81,yes
2026-10-05T03:13:58.368752Z,KXBTC15M-26OCT042315-15,0.0100,2.00,yes
2026-10-05T03:13:58.368752Z,KXBTC15M-26OCT042315-15,0.0100,2.00,yes
2026-10-05T03:13:58.368752Z,KXBTC15M-26OCT042315-15,0.0090,1047.00,yes
2026-10-05T03:13:58.368752Z,KXBTC15M-26OCT042315-15,0.0090,0.02,yes
2026-10-05T03:13:58.368752Z,KXBTC15M-26OCT042315-15,0.0080,0.02,yes
2026-10-05T03:13:58.368752Z,KXBTC15M-26OCT042315-15,0.0100,0.02,yes
2026-10-05T03:13:58.368752Z,KXBTC15M-26OCT042315-15,0.0100,50.00,yes
2026-10-05T03:13:58.368752Z,KXBTC15M-26OCT042315-15,0.0070,106.00,yes
2026-10-05T03:13:58.368752Z,KXBTC15M-26OCT042315-15,0.0110,1280.00,yes
2026-10-05T03:13:58.368752Z,KXBTC15M-26OCT042315-15,0.0110,2000.00,yes
2026-10-05T03:13:58.368752Z,KXBTC15M-26OCT042315-15,0.0110,2.00,yes
2026-10-05T03:13:58.368752Z,KXBTC15M-26OCT042315-15,0.0110,439.19,yes
2026-10-05T03:13:58.368752Z,KXBTC15M-26OCT042315-15,0.0110,50.00,yes
2026-10-05T03:13:58.368752Z,KXBTC15M-26OCT042315-15,0.0110,1280.00,yes
2026-10-05T03:13:58.368752Z,KXBTC15M-26OCT042315-15,0.0070,313.02,yes
2026-10-05T03:13:58.383583Z,KXBTC15M-26OCT042315-15,0.0030,100.27,no
2026-10-05T03:13:58.443574Z,KXBTC15M-26OCT042315-15,0.0040,70.72,yes
2026-10-05T03:13:58.443574Z,KXBTC15M-26OCT042315-15,0.0040,6.73,yes
2026-10-05T03:13:58.602116Z,KXBTC15M-26OCT042315-15,0.0030,9.87,no
2026-10-05T03:13:58.614855Z,KXBTC15M-26OCT042315-15,0.0030,22.06,no
2026-10-05T03:13:58.636949Z,KXBTC15M-26OCT042315-15,0.0030,0.73,no
2026-10-05T03:13:58.694314Z,KXBTC15M-26OCT042315-15,0.0040,1.55,yes
2026-10-05T03:13:58.826543Z,KXBTC15M-26OCT042315-15,0.0050,0.02,yes
2026-10-05T03:13:58.826543Z,KXBTC15M-26OCT042315-15,0.0040,28.00,yes
2026-10-05T03:13:58.826543Z,KXBTC15M-26OCT042315-15,0.0060,0.02,yes
2026-10-05T03:13:58.826543Z,KXBTC15M-26OCT042315-15,0.0040,0.02,yes
2026-10-05T03:13:58.826543Z,KXBTC15M-26OCT042315-15,0.0040,0.73,yes
2026-10-05T03:13:58.826543Z,KXBTC15M-26OCT042315-15,0.0100,50.00,yes
2026-10-05T03:13:58.826543Z,KXBTC15M-26OCT042315-15,0.0080,0.03,yes
2026-10-05T03:13:58.826543Z,KXBTC15M-26OCT042315-15,0.0070,0.02,yes
2026-10-05T03:13:58.826543Z,KXBTC15M-26OCT042315-15,0.0040,22.06,yes
2026-10-05T03:13:58.826543Z,KXBTC15M-26OCT042315-15,0.0040,9.87,yes
2026-10-05T03:13:58.826543Z,KXBTC15M-26OCT042315-15,0.0090,17.00,yes
2026-10-05T03:13:58.826543Z,KXBTC15M-26OCT042315-15,0.0100,31.76,yes
2026-10-05T03:13:58.826543Z,KXBTC15M-26OCT042315-15,0.0080,121.00,yes
2026-10-05T03:13:58.826543Z,KXBTC15M-26OCT042315-15,0.0100,1.00,yes
2026-10-05T03:13:58.945419Z,KXBTC15M-26OCT042315-15,0.0090,0.03,yes
2026-10-05T03:13:58.945419Z,KXBTC15M-26OCT042315-15,0.0090,57.00,yes
2026-10-05T03:13:58.945419Z,KXBTC15M-26OCT042315-15,0.0100,133.93,yes
2026-10-05T03:13:58.999572Z,KXBTC15M-26OCT042315-15,0.0070,136.06,no
2026-10-05T03:13:59.027602Z,KXBTC15M-26OCT042315-15,0.0070,0.37,no
2026-10-05T03:13:59.11573Z,KXBTC15M-26OCT042315-15,0.0070,15.69,no
2026-10-05T03:13:59.192342Z,KXBTC15M-26OCT042315-15,0.0100,12.47,yes
2026-10-05T03:13:59.203364Z,KXBTC15M-26OCT042315-15,0.0070,0.02,no
2026-10-05T03:13:59.215997Z,KXBTC15M-26OCT042315-15,0.0100,71.53,yes
2026-10-05T03:13:59.231544Z,KXBTC15M-26OCT042315-15,0.0070,10.02,no
2026-10-05T03:13:59.332538Z,KXBTC15M-26OCT042315-15,0.0100,466.69,yes
2026-10-05T03:13:59.332747Z,KXBTC15M-26OCT042315-15,0.0100,12.78,yes
2026-10-05T03:13:59.384804Z,KXBTC15M-26OCT042315-15,0.0100,2.03,yes
2026-10-05T03:13:59.385593Z,KXBTC15M-26OCT042315-15,0.0100,132.78,yes
2026-10-05T03:13:59.385593Z,KXBTC15M-26OCT042315-15,0.0100,16.00,yes
2026-10-05T03:13:59.385593Z,KXBTC15M-26OCT042315-15,0.0100,50.00,yes
2026-10-05T03:13:59.385593Z,KXBTC15M-26OCT042315-15,0.0100,268.81,yes
2026-10-05T03:13:59.475676Z,KXBTC15M-26OCT042315-15,0.0080,2.80,yes
2026-10-05T03:13:59.567833Z,KXBTC15M-26OCT042315-15,0.0070,1.12,no
2026-10-05T03:13:59.590939Z,KXBTC15M-26OCT042315-15,0.0070,1005.61,no
2026-10-05T03:13:59.621113Z,KXBTC15M-26OCT042315-15,0.0080,0.93,yes
2026-10-05T03:13:59.686341Z,KXBTC15M-26OCT042315-15,0.0080,4.41,yes
2026-10-05T03:13:59.699019Z,KXBTC15M-26OCT042315-15,0.0070,100.65,no
2026-10-05T03:13:59.805702Z,KXBTC15M-26OCT042315-15,0.0070,326.43,no
2026-10-05T03:13:59.805702Z,KXBTC15M-26OCT042315-15,0.0070,399.35,no
2026-10-05T03:13:59.818615Z,KXBTC15M-26OCT042315-15,0.0080,81.86,yes
2026-10-05T03:13:59.818615Z,KXBTC15M-26OCT042315-15,0.0080,35.02,yes
2026-10-05T03:13:59.821366Z,KXBTC15M-26OCT042315-15,0.0080,116.88,yes
2026-10-05T03:13:59.837137Z,KXBTC15M-26OCT042315-15,0.0080,2.20,yes
2026-10-05T03:13:59.83836Z,KXBTC15M-26OCT042315-15,0.0070,0.01,no
2026-10-05T03:13:59.83836Z,KXBTC15M-26OCT042315-15,0.0060,20.00,no
2026-10-05T03:13:59.83836Z,KXBTC15M-26OCT042315-15,0.0050,177.26,no
2026-10-05T03:13:59.83836Z,KXBTC15M-26OCT042315-15,0.0070,0.01,no
2026-10-05T03:13:59.851544Z,KXBTC15M-26OCT042315-15,0.0070,0.01,no
2026-10-05T03:13:59.851544Z,KXBTC15M-26OCT042315-15,0.0070,0.01,no
2026-10-05T03:13:59.851544Z,KXBTC15M-26OCT042315-15,0.0050,8.26,no
2026-10-05T03:13:59.856053Z,KXBTC15M-26OCT042315-15,0.0060,20.00,no
2026-10-05T03:13:59.856053Z,KXBTC15M-26OCT042315-15,0.0050,143.86,no
2026-10-05T03:13:59.874328Z,KXBTC15M-26OCT042315-15,0.0070,0.01,no
2026-10-05T03:13:59.874328Z,KXBTC15M-26OCT042315-15,0.0070,0.01,no
2026-10-05T03:13:59.885945Z,KXBTC15M-26OCT042315-15,0.0060,20.00,no
2026-10-05T03:13:59.885945Z,KXBTC15M-26OCT042315-15,0.0060,0.01,no
2026-10-05T03:13:59.885945Z,KXBTC15M-26OCT042315-15,0.0070,0.01,no
2026-10-05T03:13:59.885945Z,KXBTC15M-26OCT042315-15,0.0050,27.32,no
2026-10-05T03:13:59.892228Z,KXBTC15M-26OCT042315-15,0.0080,45.90,yes
2026-10-05T03:13:59.892228Z,KXBTC15M-26OCT042315-15,0.0080,43.60,yes
2026-10-05T03:13:59.894953Z,KXBTC15M-26OCT042315-15,0.0070,0.01,no
2026-10-05T03:13:59.971426Z,KXBTC15M-26OCT042315-15,0.0080,0.01,yes
2026-10-05T03:13:59.971426Z,KXBTC15M-26OCT042315-15,0.0080,28.04,yes
2026-10-05T03:14:00.036096Z,KXBTC15M-26OCT042315-15,0.0040,95.00,no
2026-10-05T03:14:00.036096Z,KXBTC15M-26OCT042315-15,0.0040,452.30,no
2026-10-05T03:14:00.036096Z,KXBTC15M-26OCT042315-15,0.0040,50.00,no
2026-10-05T03:14:00.036096Z,KXBTC15M-26OCT042315-15,0.0040,178.68,no
2026-10-05T03:14:00.036096Z,KXBTC15M-26OCT042315-15,0.0050,22.00,no
2026-10-05T03:14:00.036096Z,KXBTC15M-26OCT042315-15,0.0070,0.01,no
2026-10-05T03:14:00.036096Z,KXBTC15M-26OCT042315-15,0.0070,0.01,no
2026-10-05T03:14:00.036096Z,KXBTC15M-26OCT042315-15,0.0040,2.00,no
2026-10-05T03:14:00.038237Z,KXBTC15M-26OCT042315-15,0.0040,47.70,no
2026-10-05T03:14:00.038237Z,KXBTC15M-26OCT042315-15,0.0030,202.30,no
2026-10-05T03:14:00.039509Z,KXBTC15M-26OCT042315-15,0.0080,0.01,yes
2026-10-05T03:14:00.039509Z,KXBTC15M-26OCT042315-15,0.0100,363.56,yes
2026-10-05T03:14:00.039509Z,KXBTC15M-26OCT042315-15,0.0100,50.00,yes
2026-10-05T03:14:00.039509Z,KXBTC15M-26OCT042315-15,0.0080,14.00,yes
2026-10-05T03:14:00.039509Z,KXBTC15M-26OCT042315-15,0.0080,0.01,yes
2026-10-05T03:14:00.039509Z,KXBTC15M-26OCT042315-15,0.0100,30.00,yes
2026-10-05T03:14:00.039509Z,KXBTC15M-26OCT042315-15,0.0090,30.00,yes
2026-10-05T03:14:00.039509Z,KXBTC15M-26OCT042315-15,0.0090,260.57,yes
2026-10-05T03:14:00.050904Z,KXBTC15M-26OCT042315-15,0.0040,20.00,no
2026-10-05T03:14:00.050904Z,KXBTC15M-26OCT042315-15,0.0050,0.01,no
2026-10-05T03:14:00.050904Z,KXBTC15M-26OCT042315-15,0.0040,229.99,no
2026-10-05T03:14:00.098931Z,KXBTC15M-26OCT042315-15,0.0080,54.15,yes
2026-10-05T03:14:00.099924Z,KXBTC15M-26OCT042315-15,0.0070,0.01,no
2026-10-05T03:14:00.099924Z,KXBTC15M-26OCT042315-15,0.0070,0.01,no
2026-10-05T03:14:00.099924Z,KXBTC15M-26OCT042315-15,0.0060,0.01,no
2026-10-05T03:14:00.113652Z,KXBTC15M-26OCT042315-15,0.0050,0.01,no
2026-10-05T03:14:00.113652Z,KXBTC15M-26OCT042315-15,0.0050,0.98,no
2026-10-05T03:14:00.113652Z,KXBTC15M-26OCT042315-15,0.0050,0.01,no
2026-10-05T03:14:00.116566Z,KXBTC15M-26OCT042315-15,0.0070,0.01,no
2026-10-05T03:14:00.116566Z,KXBTC15M-26OCT042315-15,0.0050,1.98,no
2026-10-05T03:14:00.116566Z,KXBTC15M-26OCT042315-15,0.0070,0.01,no
2026-10-05T03:14:00.127241Z,KXBTC15M-26OCT042315-15,0.0070,0.01,no
2026-10-05T03:14:00.127241Z,KXBTC15M-26OCT042315-15,0.0050,1.96,no
2026-10-05T03:14:00.127241Z,KXBTC15M-26OCT042315-15,0.0050,0.01,no
2026-10-05T03:14:00.127241Z,KXBTC15M-26OCT042315-15,0.0040,15.09,no
2026-10-05T03:14:00.127241Z,KXBTC15M-26OCT042315-15,0.0050,20.04,no
2026-10-05T03:14:00.127241Z,KXBTC15M-26OCT042315-15,0.0050,0.01,no
2026-10-05T03:14:00.189564Z,KXBTC15M-26OCT042315-15,0.0050,0.01,no
2026-10-05T03:14:00.189564Z,KXBTC15M-26OCT042315-15,0.0040,408.99,no
2026-10-05T03:14:00.189564Z,KXBTC15M-26OCT042315-15,0.0050,0.01,no
2026-10-05T03:14:00.189564Z,KXBTC15M-26OCT042315-15,0.0050,22.00,no
2026-10-05T03:14:00.192572Z,KXBTC15M-26OCT042315-15,0.0080,0.01,yes
2026-10-05T03:14:00.192572Z,KXBTC15M-26OCT042315-15,0.0080,0.01,yes
2026-10-05T03:14:00.192572Z,KXBTC15M-26OCT042315-15,0.0080,84.64,yes
2026-10-05T03:14:00.192572Z,KXBTC15M-26OCT042315-15,0.0080,14.63,yes
2026-10-05T03:14:00.213484Z,KXBTC15M-26OCT042315-15,0.0080,116.88,yes
2026-10-05T03:14:00.240961Z,KXBTC15M-26OCT042315-15,0.0050,0.01,no
2026-10-05T03:14:00.240961Z,KXBTC15M-26OCT042315-15,0.0040,75.92,no
2026-10-05T03:14:00.240961Z,KXBTC15M-26OCT042315-15,0.0050,22.00,no
2026-10-05T03:14:00.240961Z,KXBTC15M-26OCT042315-15,0.0050,0.01,no
2026-10-05T03:14:00.240961Z,KXBTC15M-26OCT042315-15,0.0040,0.01,no
2026-10-05T03:14:00.240961Z,KXBTC15M-26OCT042315-15,0.0050,54.63,no
2026-10-05T03:14:00.240961Z,KXBTC15M-26OCT042315-15,0.0040,0.01,no
2026-10-05T03:14:00.240961Z,KXBTC15M-26OCT042315-15,0.0040,500.00,no
2026-10-05T03:14:00.240961Z,KXBTC15M-26OCT042315-15,0.0030,178.66,no
2026-10-05T03:14:00.240961Z,KXBTC15M-26OCT042315-15,0.0030,2.00,no
2026-10-05T03:14:00.240961Z,KXBTC15M-26OCT042315-15,0.0030,18.00,no
2026-10-05T03:14:00.240961Z,KXBTC15M-26OCT042315-15,0.0030,2.00,no
2026-10-05T03:14:00.240961Z,KXBTC15M-26OCT042315-15,0.0030,2.00,no
2026-10-05T03:14:00.240961Z,KXBTC15M-26OCT042315-15,0.0030,2.00,no
2026-10-05T03:14:00.240961Z,KXBTC15M-26OCT042315-15,0.0030,2.00,no
2026-10-05T03:14:00.240961Z,KXBTC15M-26OCT042315-15,0.0030,120.00,no
2026-10-05T03:14:00.240961Z,KXBTC15M-26OCT042315-15,0.0030,2269.14,no
2026-10-05T03:14:00.324914Z,KXBTC15M-26OCT042315-15,0.0050,0.01,no
2026-10-05T03:14:00.324914Z,KXBTC15M-26OCT042315-15,0.0050,0.01,no
2026-10-05T03:14:00.324914Z,KXBTC15M-26OCT042315-15,0.0050,22.00,no
2026-10-05T03:14:00.324914Z,KXBTC15M-26OCT042315-15,0.0040,178.74,no
2026-10-05T03:14:00.369373Z,KXBTC15M-26OCT042315-15,0.0060,156.00,yes
2026-10-05T03:14:00.40875Z,KXBTC15M-26OCT042315-15,0.0060,27.53,yes
2026-10-05T03:14:00.432392Z,KXBTC15M-26OCT042315-15,0.0060,11.44,yes
2026-10-05T03:14:00.46156Z,KXBTC15M-26OCT042315-15,0.0060,0.01,yes
2026-10-05T03:14:00.469392Z,KXBTC15M-26OCT042315-15,0.0060,156.00,yes
2026-10-05T03:14:00.497289Z,KXBTC15M-26OCT042315-15,0.0040,500.00,no
2026-10-05T03:14:00.497289Z,KXBTC15M-26OCT042315-15,0.0050,0.01,no
2026-10-05T03:14:00.497289Z,KXBTC15M-26OCT042315-15,0.0040,20.00,no
2026-10-05T03:14:00.497289Z,KXBTC15M-26OCT042315-15,0.0050,0.01,no
2026-10-05T03:14:00.497289Z,KXBTC15M-26OCT042315-15,0.0040,500.00,no
2026-10-05T03:14:00.497289Z,KXBTC15M-26OCT042315-15,0.0040,54.00,no
2026-10-05T03:14:00.570823Z,KXBTC15M-26OCT042315-15,0.0020,5.00,no
2026-10-05T03:14:00.570823Z,KXBTC15M-26OCT042315-15,0.0030,166.66,no
2026-10-05T03:14:00.570823Z,KXBTC15M-26OCT042315-15,0.0020,400.00,no
2026-10-05T03:14:00.570823Z,KXBTC15M-26OCT042315-15,0.0030,15.00,no
2026-10-05T03:14:00.570823Z,KXBTC15M-26OCT042315-15,0.0020,10.00,no
2026-10-05T03:14:00.570823Z,KXBTC15M-26OCT042315-15,0.0030,17.00,no
2026-10-05T03:14:00.570823Z,KXBTC15M-26OCT042315-15,0.0020,14.57,no
2026-10-05T03:14:00.570823Z,KXBTC15M-26OCT042315-15,0.0030,0.01,no
2026-10-05T03:14:00.570823Z,KXBTC15M-26OCT042315-15,0.0020,351.06,no
2026-10-05T03:14:00.570823Z,KXBTC15M-26OCT042315-15,0.0040,20.00,no
2026-10-05T03:14:00.570823Z,KXBTC15M-26OCT042315-15,0.0050,0.01,no
2026-10-05T03:14:00.570823Z,KXBTC15M-26OCT042315-15,0.0050,0.01,no
2026-10-05T03:14:00.570823Z,KXBTC15M-26OCT042315-15,0.0030,2.18,no
2026-10-05T03:14:00.570823Z,KXBTC15M-26OCT042315-15,0.0020,2.00,no
2026-10-05T03:14:00.570823Z,KXBTC15M-26OCT042315-15,0.0030,2.00,no
2026-10-05T03:14:00.570823Z,KXBTC15M-26OCT042315-15,0.0020,2.00,no
2026-10-05T03:14:00.570823Z,KXBTC15M-26OCT042315-15,0.0030,15.00,no
2026-10-05T03:14:00.570823Z,KXBTC15M-26OCT042315-15,0.0020,100.00,no
2026-10-05T03:14:00.570823Z,KXBTC15M-26OCT042315-15,0.0020,1000.00,no
2026-10-05T03:14:00.570823Z,KXBTC15M-26OCT042315-15,0.0020,1000.00,no
2026-10-05T03:14:00.570823Z,KXBTC15M-26OCT042315-15,0.0020,1000.00,no
2026-10-05T03:14:00.570823Z,KXBTC15M-26OCT042315-15,0.0020,3.00,no
2026-10-05T03:14:00.570823Z,KXBTC15M-26OCT042315-15,0.0020,3.00,no
2026-10-05T03:14:00.570823Z,KXBTC15M-26OCT042315-15,0.0020,26.00,no
2026-10-05T03:14:00.570823Z,KXBTC15M-26OCT042315-15,0.0020,3.00,no
2026-10-05T03:14:00.570823Z,KXBTC15M-26OCT042315-15,0.0020,3.00,no
2026-10-05T03:14:00.570823Z,KXBTC15M-26OCT042315-15,0.0020,3.00,no
2026-10-05T03:14:00.570823Z,KXBTC15M-26OCT042315-15,0.0020,200.00,no
2026-10-05T03:14:00.570823Z,KXBTC15M-26OCT042315-15,0.0020,120.00,no
2026-10-05T03:14:00.570823Z,KXBTC15M-26OCT042315-15,0.0020,200.00,no
2026-10-05T03:14:00.570823Z,KXBTC15M-26OCT042315-15,0.0030,230.86,no
2026-10-05T03:14:00.681831Z,KXBTC15M-26OCT042315-15,0.0060,11.69,yes
2026-10-05T03:14:00.692996Z,KXBTC15M-26OCT042315-15,0.0050,32.98,no
2026-10-05T03:14:00.692996Z,KXBTC15M-26OCT042315-15,0.0050,0.01,no
2026-10-05T03:14:00.692996Z,KXBTC15M-26OCT042315-15,0.0050,0.01,no
2026-10-05T03:14:00.69948Z,KXBTC15M-26OCT042315-15,0.0050,135.99,no
2026-10-05T03:14:00.702301Z,KXBTC15M-26OCT042315-15,0.0060,934.94,yes
2026-10-05T03:14:00.729853Z,KXBTC15M-26OCT042315-15,0.0060,35.35,yes
2026-10-05T03:14:00.761691Z,KXBTC15M-26OCT042315-15,0.0060,72.00,yes
2026-10-05T03:14:00.7723Z,KXBTC15M-26OCT042315-15,0.0060,58.44,yes
2026-10-05T03:14:00.795375Z,KXBTC15M-26OCT042315-15,0.0050,23.37,no
2026-10-05T03:14:00.8412Z,KXBTC15M-26OCT042315-15,0.0060,37.41,yes
2026-10-05T03:14:00.872742Z,KXBTC15M-26OCT042315-15,0.0050,11.00,no
2026-10-05T03:14:00.912003Z,KXBTC15M-26OCT042315-15,0.0050,5.00,no
2026-10-05T03:14:00.913982Z,KXBTC15M-26OCT042315-15,0.0050,2.00,no
2026-10-05T03:14:00.930413Z,KXBTC15M-26OCT042315-15,0.0060,93.51,yes
2026-10-05T03:14:00.936647Z,KXBTC15M-26OCT042315-15,0.0050,39.24,no
2026-10-05T03:14:00.954848Z,KXBTC15M-26OCT042315-15,0.0060,15.58,yes
2026-10-05T03:14:01.012975Z,KXBTC15M-26OCT042315-15,0.0050,20.09,no
2026-10-05T03:14:01.031414Z,KXBTC15M-26OCT042315-15,0.0050,150.00,no
2026-10-05T03:14:01.031414Z,KXBTC15M-26OCT042315-15,0.0050,0.01,no
2026-10-05T03:14:01.031414Z,KXBTC15M-26OCT042315-15,0.0050,0.01,no
2026-10-05T03:14:01.031414Z,KXBTC15M-26OCT042315-15,0.0040,201.65,no
2026-10-05T03:14:01.031414Z,KXBTC15M-26OCT042315-15,0.0050,230.33,no
2026-10-05T03:14:01.096937Z,KXBTC15M-26OCT042315-15,0.0050,0.01,no
2026-10-05T03:14:01.096937Z,KXBTC15M-26OCT042315-15,0.0040,0.01,no
2026-10-05T03:14:01.096937Z,KXBTC15M-26OCT042315-15,0.0050,0.01,no
2026-10-05T03:14:01.096937Z,KXBTC15M-26OCT042315-15,0.0030,2676.62,no
2026-10-05T03:14:01.096937Z,KXBTC15M-26OCT042315-15,0.0030,25.00,no
2026-10-05T03:14:01.096937Z,KXBTC15M-26OCT042315-15,0.0040,298.35,no
2026-10-05T03:14:01.115359Z,KXBTC15M-26OCT042315-15,0.0060,3.46,yes
2026-10-05T03:14:01.119427Z,KXBTC15M-26OCT042315-15,0.0040,0.01,no
2026-10-05T03:14:01.119427Z,KXBTC15M-26OCT042315-15,0.0030,835.99,no
2026-10-05T03:14:01.147004Z,KXBTC15M-26OCT042315-15,0.0030,3.97,no
2026-10-05T03:14:01.147004Z,KXBTC15M-26OCT042315-15,0.0040,0.01,no
2026-10-05T03:14:01.147004Z,KXBTC15M-26OCT042315-15,0.0030,0.01,no
2026-10-05T03:14:01.147004Z,KXBTC15M-26OCT042315-15,0.0030,0.01,no
2026-10-05T03:14:01.14841Z,KXBTC15M-26OCT042315-15,0.0030,10.74,no
2026-10-05T03:14:01.14841Z,KXBTC15M-26OCT042315-15,0.0030,21.03,no
2026-10-05T03:14:01.153182Z,KXBTC15M-26OCT042315-15,0.0060,0.01,yes
2026-10-05T03:14:01.153182Z,KXBTC15M-26OCT042315-15,0.0060,178.66,yes
2026-10-05T03:14:01.153182Z,KXBTC15M-26OCT042315-15,0.0060,0.01,yes
2026-10-05T03:14:01.153182Z,KXBTC15M-26OCT042315-15,0.0060,120.00,yes
2026-10-05T03:14:01.153182Z,KXBTC15M-26OCT042315-15,0.0060,872.92,yes
2026-10-05T03:14:01.153182Z,KXBTC15M-26OCT042315-15,0.0060,386.64,yes
2026-10-05T03:14:01.222998Z,KXBTC15M-26OCT042315-15,0.0050,1.37,yes
2026-10-05T03:14:01.229115Z,KXBTC15M-26OCT042315-15,0.0050,155.83,yes
2026-10-05T03:14:01.231805Z,KXBTC15M-26OCT042315-15,0.0040,7.86,no
2026-10-05T03:14:01.238112Z,KXBTC15M-26OCT042315-15,0.0040,1.60,no
2026-10-05T03:14:01.29629Z,KXBTC15M-26OCT042315-15,0.0050,0.01,yes
2026-10-05T03:14:01.29629Z,KXBTC15M-26OCT042315-15,0.0050,99.98,yes
2026-10-05T03:14:01.29629Z,KXBTC15M-26OCT042315-15,0.0050,0.01,yes
2026-10-05T03:14:01.301938Z,KXBTC15M-26OCT042315-15,0.0050,20.02,yes
2026-10-05T03:14:01.301938Z,KXBTC15M-26OCT042315-15,0.0060,8.73,yes
2026-10-05T03:14:01.301938Z,KXBTC15M-26OCT042315-15,0.0060,127.08,yes
2026-10-05T03:14:01.400287Z,KXBTC15M-26OCT042315-15,0.0050,0.01,yes
2026-10-05T03:14:01.400287Z,KXBTC15M-26OCT042315-15,0.0050,0.01,yes
2026-10-05T03:14:01.400287Z,KXBTC15M-26OCT042315-15,0.0060,763.52,yes
2026-10-05T03:14:01.461274Z,KXBTC15M-26OCT042315-15,0.0040,78.76,no
2026-10-05T03:14:01.4635Z,KXBTC15M-26OCT042315-15,0.0060,122.16,yes
2026-10-05T03:14:01.491228Z,KXBTC15M-26OCT042315-15,0.0060,12.37,yes
2026-10-05T03:14:01.548947Z,KXBTC15M-26OCT042315-15,0.0040,0.01,no
2026-10-05T03:14:01.548947Z,KXBTC15M-26OCT042315-15,0.0040,411.78,no
2026-10-05T03:14:01.548947Z,KXBTC15M-26OCT042315-15,0.0040,0.01,no
2026-10-05T03:14:01.548947Z,KXBTC15M-26OCT042315-15,0.0040,150.00,no
2026-10-05T03:14:01.548947Z,KXBTC15M-26OCT042315-15,0.0030,4.19,no
2026-10-05T03:14:01.564238Z,KXBTC15M-26OCT042315-15,0.0040,17.53,no
2026-10-05T03:14:01.708202Z,KXBTC15M-26OCT042315-15,0.0060,56.50,yes
2026-10-05T03:14:01.723937Z,KXBTC15M-26OCT042315-15,0.0060,1.13,yes
2026-10-05T03:14:01.73654Z,KXBTC15M-26OCT042315-15,0.0060,35.59,yes
2026-10-05T03:14:01.73654Z,KXBTC15M-26OCT042315-15,0.0060,86.41,yes
2026-10-05T03:14:01.75388Z,KXBTC15M-26OCT042315-15,0.0060,155.00,yes
2026-10-05T03:14:01.754761Z,KXBTC15M-26OCT042315-15,0.0060,29.76,yes
2026-10-05T03:14:01.755151Z,KXBTC15M-26OCT042315-15,0.0060,154.28,yes
2026-10-05T03:14:01.855324Z,KXBTC15M-26OCT042315-15,0.0050,155.83,yes
2026-10-05T03:14:01.953307Z,KXBTC15M-26OCT042315-15,0.0040,0.01,no
2026-10-05T03:14:01.953307Z,KXBTC15M-26OCT042315-15,0.0040,59.73,no
2026-10-05T03:14:01.953307Z,KXBTC15M-26OCT042315-15,0.0040,0.01,no
2026-10-05T03:14:02.002986Z,KXBTC15M-26OCT042315-15,0.0050,777.58,yes
2026-10-05T03:14:02.047712Z,KXBTC15M-26OCT042315-15,0.0030,171.73,no
2026-10-05T03:14:02.047712Z,KXBTC15M-26OCT042315-15,0.0030,485.07,no
2026-10-05T03:14:02.047712Z,KXBTC15M-26OCT042315-15,0.0040,0.01,no
2026-10-05T03:14:02.047712Z,KXBTC15M-26OCT042315-15,0.0040,0.01,no
2026-10-05T03:14:02.047712Z,KXBTC15M-26OCT042315-15,0.0040,440.27,no
2026-10-05T03:14:02.090975Z,KXBTC15M-26OCT042315-15,0.0050,779.13,yes
2026-10-05T03:14:02.120782Z,KXBTC15M-26OCT042315-15,0.0050,480.02,yes
2026-10-05T03:14:02.126388Z,KXBTC15M-26OCT042315-15,0.0050,1246.59,yes
2026-10-05T03:14:02.184509Z,KXBTC15M-26OCT042315-15,0.0030,0.01,no
2026-10-05T03:14:02.184509Z,KXBTC15M-26OCT042315-15,0.0030,0.01,no
2026-10-05T03:14:02.184509Z,KXBTC15M-26OCT042315-15,0.0040,500.00,no
2026-10-05T03:14:02.184509Z,KXBTC15M-26OCT042315-15,0.0030,25.00,no
2026-10-05T03:14:02.184509Z,KXBTC15M-26OCT042315-15,0.0020,475.98,no
2026-10-05T03:14:02.216062Z,KXBTC15M-26OCT042315-15,0.0020,18.75,no
2026-10-05T03:14:02.23691Z,KXBTC15M-26OCT042315-15,0.0050,1558.24,yes
2026-10-05T03:14:02.236948Z,KXBTC15M-26OCT042315-15,0.0050,155.83,yes
2026-10-05T03:14:02.249965Z,KXBTC15M-26OCT042315-15,0.0020,2.77,no
2026-10-05T03:14:02.249965Z,KXBTC15M-26OCT042315-15,0.0020,10.00,no
2026-10-05T03:14:02.36469Z,KXBTC15M-26OCT042315-15,0.0050,155.83,yes
2026-10-05T03:14:02.385637Z,KXBTC15M-26OCT042315-15,0.0050,3.09,yes
2026-10-05T03:14:02.427021Z,KXBTC15M-26OCT042315-15,0.0050,186.97,yes
2026-10-05T03:14:02.500999Z,KXBTC15M-26OCT042315-15,0.0050,162.67,yes
2026-10-05T03:14:02.504037Z,KXBTC15M-26OCT042315-15,0.0030,5.01,no
2026-10-05T03:14:02.514941Z,KXBTC15M-26OCT042315-15,0.0030,7.41,no
2026-10-05T03:14:02.63698Z,KXBTC15M-26OCT042315-15,0.0050,916.19,yes
2026-10-05T03:14:02.640088Z,KXBTC15M-26OCT042315-15,0.0040,40.81,no
2026-10-05T03:14:02.643733Z,KXBTC15M-26OCT042315-15,0.0040,100.18,no
2026-10-05T03:14:02.691898Z,KXBTC15M-26OCT042315-15,0.0050,19.32,yes
2026-10-05T03:14:02.69515Z,KXBTC15M-26OCT042315-15,0.0050,199.60,yes
2026-10-05T03:14:02.696412Z,KXBTC15M-26OCT042315-15,0.0050,544.33,yes
2026-10-05T03:14:02.729564Z,KXBTC15M-26OCT042315-15,0.0050,235.05,yes
2026-10-05T03:14:02.753482Z,KXBTC15M-26OCT042315-15,0.0040,359.01,no
2026-10-05T03:14:02.753482Z,KXBTC15M-26OCT042315-15,0.0040,20.00,no
2026-10-05T03:14:02.753482Z,KXBTC15M-26OCT042315-15,0.0030,2241.99,no
2026-10-05T03:14:02.882427Z,KXBTC15M-26OCT042315-15,0.0030,0.12,no
2026-10-05T03:14:02.882688Z,KXBTC15M-26OCT042315-15,0.0050,186.97,yes
2026-10-05T03:14:02.908212Z,KXBTC15M-26OCT042315-15,0.0030,200.55,no
2026-10-05T03:14:02.957694Z,KXBTC15M-26OCT042315-15,0.0030,1.00,no
2026-10-05T03:14:03.020952Z,KXBTC15M-26OCT042315-15,0.0050,265.83,yes
2026-10-05T03:14:03.048756Z,KXBTC15M-26OCT042315-15,0.0050,373.95,yes
2026-10-05T03:14:03.100966Z,KXBTC15M-26OCT042315-15,0.0030,2.30,no
2026-10-05T03:14:03.108779Z,KXBTC15M-26OCT042315-15,0.0050,24.65,yes
2026-10-05T03:14:03.118321Z,KXBTC15M-26OCT042315-15,0.0050,443.86,yes
2026-10-05T03:14:03.118321Z,KXBTC15M-26OCT042315-15,0.0050,472.33,yes
2026-10-05T03:14:03.137964Z,KXBTC15M-26OCT042315-15,0.0050,556.14,yes
2026-10-05T03:14:03.137964Z,KXBTC15M-26OCT042315-15,0.0050,0.01,yes
2026-10-05T03:14:03.137964Z,KXBTC15M-26OCT042315-15,0.0050,443.84,yes
2026-10-05T03:14:03.137964Z,KXBTC15M-26OCT042315-15,0.0050,0.01,yes
2026-10-05T03:14:03.146398Z,KXBTC15M-26OCT042315-15,0.0050,71.21,yes
2026-10-05T03:14:03.150829Z,KXBTC15M-26OCT042315-15,0.0050,0.23,yes
2026-10-05T03:14:03.154249Z,KXBTC15M-26OCT042315-15,0.0050,1.01,yes
2026-10-05T03:14:03.183235Z,KXBTC15M-26OCT042315-15,0.0050,2000.00,yes
2026-10-05T03:14:03.218374Z,KXBTC15M-26OCT042315-15,0.0030,100.37,no
2026-10-05T03:14:03.275047Z,KXBTC15M-26OCT042315-15,0.0030,1.35,no
2026-10-05T03:14:03.321175Z,KXBTC15M-26OCT042315-15,0.0050,820.04,yes
2026-10-05T03:14:03.321175Z,KXBTC15M-26OCT042315-15,0.0050,160.33,yes
2026-10-05T03:14:03.322812Z,KXBTC15M-26OCT042315-15,0.0050,171.02,yes
2026-10-05T03:14:03.322812Z,KXBTC15M-26OCT042315-15,0.0050,15.95,yes
2026-10-05T03:14:03.324098Z,KXBTC15M-26OCT042315-15,0.0030,0.98,no
2026-10-05T03:14:03.331355Z,KXBTC15M-26OCT042315-15,0.0050,8.57,yes
2026-10-05T03:14:03.331355Z,KXBTC15M-26OCT042315-15,0.0050,0.71,yes
2026-10-05T03:14:03.334284Z,KXBTC15M-26OCT042315-15,0.0030,50.09,no
2026-10-05T03:14:03.35488Z,KXBTC15M-26OCT042315-15,0.0050,2233.42,yes
2026-10-05T03:14:03.35488Z,KXBTC15M-26OCT042315-15,0.0050,244.10,yes
2026-10-05T03:14:03.363333Z,KXBTC15M-26OCT042315-15,0.0050,1.83,yes
2026-10-05T03:14:03.379168Z,KXBTC15M-26OCT042315-15,0.0050,916.19,yes
2026-10-05T03:14:03.427905Z,KXBTC15M-26OCT042315-15,0.0030,6.15,no
2026-10-05T03:14:03.452524Z,KXBTC15M-26OCT042315-15,0.0030,34.23,no
2026-10-05T03:14:03.456212Z,KXBTC15M-26OCT042315-15,0.0050,94.78,yes
2026-10-05T03:14:03.491839Z,KXBTC15M-26OCT042315-15,0.0030,90.24,no
2026-10-05T03:14:03.508199Z,KXBTC15M-26OCT042315-15,0.0050,48.41,yes
2026-10-05T03:14:03.607161Z,KXBTC15M-26OCT042315-15,0.0050,62.08,yes
2026-10-05T03:14:03.616264Z,KXBTC15M-26OCT042315-15,0.0050,2015.61,yes
2026-10-05T03:14:03.672957Z,KXBTC15M-26OCT042315-15,0.0050,545.06,yes
2026-10-05T03:14:03.692049Z,KXBTC15M-26OCT042315-15,0.0050,186.97,yes
2026-10-05T03:14:03.701749Z,KXBTC15M-26OCT042315-15,0.0030,1.00,no
2026-10-05T03:14:03.705362Z,KXBTC15M-26OCT042315-15,0.0030,68.60,no
2026-10-05T03:14:03.705362Z,KXBTC15M-26OCT042315-15,0.0030,11.62,no
2026-10-05T03:14:03.748822Z,KXBTC15M-26OCT042315-15,0.0050,186.97,yes
2026-10-05T03:14:03.753398Z,KXBTC15M-26OCT042315-15,0.0050,130.00,yes
2026-10-05T03:14:03.815956Z,KXBTC15M-26OCT042315-15,0.0030,0.95,no
2026-10-05T03:14:03.906263Z,KXBTC15M-26OCT042315-15,0.0050,118.00,yes
2026-10-05T03:14:03.937612Z,KXBTC15M-26OCT042315-15,0.0050,16.13,yes
2026-10-05T03:14:03.953885Z,KXBTC15M-26OCT042315-15,0.0050,106.57,yes
2026-10-05T03:14:03.990738Z,KXBTC15M-26OCT042315-15,0.0050,2.22,yes
2026-10-05T03:14:04.099138Z,KXBTC15M-26OCT042315-15,0.0050,79.60,yes
2026-10-05T03:14:04.117412Z,KXBTC15M-26OCT042315-15,0.0050,53.72,yes
2026-10-05T03:14:04.196769Z,KXBTC15M-26OCT042315-15,0.0050,0.86,yes
2026-10-05T03:14:04.197512Z,KXBTC15M-26OCT042315-15,0.0050,12.52,yes
2026-10-05T03:14:04.213011Z,KXBTC15M-26OCT042315-15,0.0030,100.27,no
2026-10-05T03:14:04.233243Z,KXBTC15M-26OCT042315-15,0.0050,916.19,yes
2026-10-05T03:14:04.307708Z,KXBTC15M-26OCT042315-15,0.0040,1.83,yes
2026-10-05T03:14:04.312508Z,KXBTC15M-26OCT042315-15,0.0030,2.00,no
2026-10-05T03:14:04.315948Z,KXBTC15M-26OCT042315-15,0.0030,1.34,no
2026-10-05T03:14:04.315948Z,KXBTC15M-26OCT042315-15,0.0030,98.93,no
2026-10-05T03:14:04.346026Z,KXBTC15M-26OCT042315-15,0.0040,0.01,yes
2026-10-05T03:14:04.346026Z,KXBTC15M-26OCT042315-15,0.0040,98.17,yes
2026-10-05T03:14:04.346026Z,KXBTC15M-26OCT042315-15,0.0040,0.01,yes
2026-10-05T03:14:04.346026Z,KXBTC15M-26OCT042315-15,0.0050,459.93,yes
2026-10-05T03:14:04.408421Z,KXBTC15M-26OCT042315-15,0.0040,0.01,yes
2026-10-05T03:14:04.408421Z,KXBTC15M-26OCT042315-15,0.0040,0.01,yes
2026-10-05T03:14:04.408421Z,KXBTC15M-26OCT042315-15,0.0050,13.08,yes
2026-10-05T03:14:04.409639Z,KXBTC15M-26OCT042315-15,0.0030,19.75,no
2026-10-05T03:14:04.417414Z,KXBTC15M-26OCT042315-15,0.0050,12.78,yes
2026-10-05T03:14:04.439973Z,KXBTC15M-26OCT042315-15,0.0030,1.00,no
2026-10-05T03:14:04.530826Z,KXBTC15M-26OCT042315-15,0.0050,12.01,yes
2026-10-05T03:14:04.55892Z,KXBTC15M-26OCT042315-15,0.0050,0.90,yes
2026-10-05T03:14:04.758319Z,KXBTC15M-26OCT042315-15,0.0050,1.00,yes
2026-10-05T03:14:04.758319Z,KXBTC15M-26OCT042315-15,0.0060,2110.95,yes
2026-10-05T03:14:04.758319Z,KXBTC15M-26OCT042315-15,0.0050,0.01,yes
2026-10-05T03:14:04.758319Z,KXBTC15M-26OCT042315-15,0.0050,3229.49,yes
2026-10-05T03:14:04.758319Z,KXBTC15M-26OCT042315-15,0.0050,84.00,yes
2026-10-05T03:14:04.758319Z,KXBTC15M-26OCT042315-15,0.0060,574.55,yes
2026-10-05T03:14:04.762864Z,KXBTC15M-26OCT042315-15,0.0060,1.00,yes
2026-10-05T03:14:04.762864Z,KXBTC15M-26OCT042315-15,0.0070,1.00,yes
2026-10-05T03:14:04.762864Z,KXBTC15M-26OCT042315-15,0.0060,2263.05,yes
2026-10-05T03:14:04.763695Z,KXBTC15M-26OCT042315-15,0.0080,1.00,yes
2026-10-05T03:14:04.763695Z,KXBTC15M-26OCT042315-15,0.0080,100.00,yes
2026-10-05T03:14:04.763695Z,KXBTC15M-26OCT042315-15,0.0080,200.00,yes
2026-10-05T03:14:04.763695Z,KXBTC15M-26OCT042315-15,0.0080,70.79,yes
2026-10-05T03:14:04.76458Z,KXBTC15M-26OCT042315-15,0.0050,0.01,yes
2026-10-05T03:14:04.764811Z,KXBTC15M-26OCT042315-15,0.0090,1866.38,yes
2026-10-05T03:14:04.764811Z,KXBTC15M-26OCT042315-15,0.0090,1.00,yes
2026-10-05T03:14:04.764811Z,KXBTC15M-26OCT042315-15,0.0090,17.00,yes
2026-10-05T03:14:04.765412Z,KXBTC15M-26OCT042315-15,0.0100,1036.41,yes
2026-10-05T03:14:04.765412Z,KXBTC15M-26OCT042315-15,0.0100,20.00,yes
2026-10-05T03:14:04.765412Z,KXBTC15M-26OCT042315-15,0.0100,10.36,yes
2026-10-05T03:14:04.765412Z,KXBTC15M-26OCT042315-15,0.0100,100.00,yes
2026-10-05T03:14:04.765412Z,KXBTC15M-26OCT042315-15,0.0100,15.00,yes
2026-10-05T03:14:04.765412Z,KXBTC15M-26OCT042315-15,0.0100,25.00,yes
2026-10-05T03:14:04.765412Z,KXBTC15M-26OCT042315-15,0.0100,10.00,yes
2026-10-05T03:14:04.765412Z,KXBTC15M-26OCT042315-15,0.0100,250.00,yes
2026-10-05T03:14:04.765412Z,KXBTC15M-26OCT042315-15,0.0100,10.00,yes
2026-10-05T03:14:04.765669Z,KXBTC15M-26OCT042315-15,0.0100,4232.67,yes
2026-10-05T03:14:04.76624Z,KXBTC15M-26OCT042315-15,0.0100,6000.00,yes
2026-10-05T03:14:04.767114Z,KXBTC15M-26OCT042315-15,0.0060,0.01,yes
2026-10-05T03:14:04.768391Z,KXBTC15M-26OCT042315-15,0.0100,481.78,yes
2026-10-05T03:14:04.769326Z,KXBTC15M-26OCT042315-15,0.0100,396.22,yes
2026-10-05T03:14:04.770068Z,KXBTC15M-26OCT042315-15,0.0100,814.07,yes
2026-10-05T03:14:04.77085Z,KXBTC15M-26OCT042315-15,0.0100,6000.00,yes
2026-10-05T03:14:04.771505Z,KXBTC15M-26OCT042315-15,0.0100,0.01,yes
2026-10-05T03:14:04.772589Z,KXBTC15M-26OCT042315-15,0.0080,0.01,yes
2026-10-05T03:14:04.772589Z,KXBTC15M-26OCT042315-15,0.0100,682.20,yes
2026-10-05T03:14:04.773486Z,KXBTC15M-26OCT042315-15,0.0100,2.00,yes
2026-10-05T03:14:04.773496Z,KXBTC15M-26OCT042315-15,0.0100,1247.22,yes
2026-10-05T03:14:04.77425Z,KXBTC15M-26OCT042315-15,0.0090,0.01,yes
2026-10-05T03:14:04.77425Z,KXBTC15M-26OCT042315-15,0.0100,734.07,yes
2026-10-05T03:14:04.774275Z,KXBTC15M-26OCT042315-15,0.0100,3435.09,yes
2026-10-05T03:14:04.774885Z,KXBTC15M-26OCT042315-15,0.0100,1698.81,yes
2026-10-05T03:14:04.776326Z,KXBTC15M-26OCT042315-15,0.0100,1437.45,yes
2026-10-05T03:14:04.777071Z,KXBTC15M-26OCT042315-15,0.0100,2000.00,yes
2026-10-05T03:14:04.777191Z,KXBTC15M-26OCT042315-15,0.0100,156.00,yes
2026-10-05T03:14:04.77742Z,KXBTC15M-26OCT042315-15,0.0100,722.64,yes
2026-10-05T03:14:04.777673Z,KXBTC15M-26OCT042315-15,0.0080,14.00,yes
2026-10-05T03:14:04.777673Z,KXBTC15M-26OCT042315-15,0.0100,243.00,yes
2026-10-05T03:14:04.778041Z,KXBTC15M-26OCT042315-15,0.0100,1973.80,yes
2026-10-05T03:14:04.778293Z,KXBTC15M-26OCT042315-15,0.0100,0.02,yes
2026-10-05T03:14:04.780702Z,KXBTC15M-26OCT042315-15,0.0090,17.00,yes
2026-10-05T03:14:04.780702Z,KXBTC15M-26OCT042315-15,0.0100,109.00,yes
2026-10-05T03:14:04.780704Z,KXBTC15M-26OCT042315-15,0.0100,177.00,yes
2026-10-05T03:14:04.78134Z,KXBTC15M-26OCT042315-15,0.0100,2538.61,yes
2026-10-05T03:14:04.781508Z,KXBTC15M-26OCT042315-15,0.0100,1685.68,yes
2026-10-05T03:14:04.783485Z,KXBTC15M-26OCT042315-15,0.0100,982.37,yes
2026-10-05T03:14:04.784137Z,KXBTC15M-26OCT042315-15,0.0100,451.43,yes
2026-10-05T03:14:04.786226Z,KXBTC15M-26OCT042315-15,0.0100,1689.40,yes
2026-10-05T03:14:04.786557Z,KXBTC15M-26OCT042315-15,0.0100,650.42,yes
2026-10-05T03:14:04.787478Z,KXBTC15M-26OCT042315-15,0.0100,156.00,yes
2026-10-05T03:14:04.789541Z,KXBTC15M-26OCT042315-15,0.0100,0.02,yes
2026-10-05T03:14:04.790235Z,KXBTC15M-26OCT042315-15,0.0100,621.74,yes
2026-10-05T03:14:04.790329Z,KXBTC15M-26OCT042315-15,0.0100,791.95,yes
2026-10-05T03:14:04.790665Z,KXBTC15M-26OCT042315-15,0.0100,934.41,yes
2026-10-05T03:14:04.790969Z,KXBTC15M-26OCT042315-15,0.0100,1481.87,yes
2026-10-05T03:14:04.791856Z,KXBTC15M-26OCT042315-15,0.0100,212.00,yes
2026-10-05T03:14:04.791925Z,KXBTC15M-26OCT042315-15,0.0100,57.45,yes
2026-10-05T03:14:04.79213Z,KXBTC15M-26OCT042315-15,0.0100,200.00,yes
2026-10-05T03:14:04.792281Z,KXBTC15M-26OCT042315-15,0.0100,200.00,yes
2026-10-05T03:14:04.792542Z,KXBTC15M-26OCT042315-15,0.0100,210.00,yes
2026-10-05T03:14:04.792581Z,KXBTC15M-26OCT042315-15,0.0100,16.23,yes
2026-10-05T03:14:04.793368Z,KXBTC15M-26OCT042315-15,0.0100,210.00,yes
2026-10-05T03:14:04.794788Z,KXBTC15M-26OCT042315-15,0.0100,39.00,yes
2026-10-05T03:14:04.795218Z,KXBTC15M-26OCT042315-15,0.0100,216.23,yes
2026-10-05T03:14:04.795732Z,KXBTC15M-26OCT042315-15,0.0100,334.81,yes
2026-10-05T03:14:04.796076Z,KXBTC15M-26OCT042315-15,0.0100,1919.97,yes
2026-10-05T03:14:04.797098Z,KXBTC15M-26OCT042315-15,0.0100,157.00,yes
2026-10-05T03:14:04.797273Z,KXBTC15M-26OCT042315-15,0.0100,99.00,yes
2026-10-05T03:14:04.797286Z,KXBTC15M-26OCT042315-15,0.0100,163.00,yes
2026-10-05T03:14:04.798148Z,KXBTC15M-26OCT042315-15,0.0100,209.62,yes
2026-10-05T03:14:04.798322Z,KXBTC15M-26OCT042315-15,0.0100,1987.46,yes
2026-10-05T03:14:04.799942Z,KXBTC15M-26OCT042315-15,0.0090,17.66,no
2026-10-05T03:14:04.801328Z,KXBTC15M-26OCT042315-15,0.0100,5.00,yes
2026-10-05T03:14:04.801399Z,KXBTC15M-26OCT042315-15,0.0100,5.00,yes
2026-10-05T03:14:04.802035Z,KXBTC15M-26OCT042315-15,0.0100,127.59,yes
2026-10-05T03:14:04.803798Z,KXBTC15M-26OCT042315-15,0.0100,236.48,yes
2026-10-05T03:14:04.80408Z,KXBTC15M-26OCT042315-15,0.0100,520.73,yes
2026-10-05T03:14:04.805073Z,KXBTC15M-26OCT042315-15,0.0100,39.00,yes
2026-10-05T03:14:04.8065Z,KXBTC15M-26OCT042315-15,0.0100,445.28,yes
2026-10-05T03:14:04.809655Z,KXBTC15M-26OCT042315-15,0.0100,5.00,yes
2026-10-05T03:14:04.810782Z,KXBTC15M-26OCT042315-15,0.0100,44.61,yes
2026-10-05T03:14:04.811119Z,KXBTC15M-26OCT042315-15,0.0100,5.00,yes
2026-10-05T03:14:04.811704Z,KXBTC15M-26OCT042315-15,0.0100,1148.06,yes
2026-10-05T03:14:04.811752Z,KXBTC15M-26OCT042315-15,0.0100,150.57,yes
2026-10-05T03:14:04.811811Z,KXBTC15M-26OCT042315-15,0.0100,1.00,yes
2026-10-05T03:14:04.811817Z,KXBTC15M-26OCT042315-15,0.0100,1.00,yes
2026-10-05T03:14:04.813741Z,KXBTC15M-26OCT042315-15,0.0100,156.00,yes
2026-10-05T03:14:04.818135Z,KXBTC15M-26OCT042315-15,0.0100,39.00,yes
2026-10-05T03:14:04.820783Z,KXBTC15M-26OCT042315-15,0.0100,1.00,yes
2026-10-05T03:14:04.822761Z,KXBTC15M-26OCT042315-15,0.0100,6.00,yes
2026-10-05T03:14:04.823485Z,KXBTC15M-26OCT042315-15,0.0090,45.58,no
2026-10-05T03:14:04.824017Z,KXBTC15M-26OCT042315-15,0.0100,12.00,yes
2026-10-05T03:14:04.824017Z,KXBTC15M-26OCT042315-15,0.0100,1164.45,yes
2026-10-05T03:14:04.824017Z,KXBTC15M-26OCT042315-15,0.0100,823.55,yes
2026-10-05T03:14:04.828415Z,KXBTC15M-26OCT042315-15,0.0100,4.00,yes
2026-10-05T03:14:04.836535Z,KXBTC15M-26OCT042315-15,0.0100,859.44,yes
2026-10-05T03:14:04.846132Z,KXBTC15M-26OCT042315-15,0.0090,0.01,no
2026-10-05T03:14:04.846132Z,KXBTC15M-26OCT042315-15,0.0080,257.98,no
2026-10-05T03:14:04.846132Z,KXBTC15M-26OCT042315-15,0.0090,481.59,no
2026-10-05T03:14:04.846132Z,KXBTC15M-26OCT042315-15,0.0090,0.01,no
2026-10-05T03:14:04.846132Z,KXBTC15M-26OCT042315-15,0.0090,5.00,no
2026-10-05T03:14:04.846132Z,KXBTC15M-26OCT042315-15,0.0090,436.76,no
2026-10-05T03:14:04.846132Z,KXBTC15M-26OCT042315-15,0.0090,500.00,no
2026-10-05T03:14:04.851357Z,KXBTC15M-26OCT042315-15,0.0100,87.00,yes
2026-10-05T03:14:04.851464Z,KXBTC15M-26OCT042315-15,0.0100,99.00,yes
2026-10-05T03:14:04.851577Z,KXBTC15M-26OCT042315-15,0.0100,1.00,yes
2026-10-05T03:14:04.864101Z,KXBTC15M-26OCT042315-15,0.0090,5.00,no
2026-10-05T03:14:04.864101Z,KXBTC15M-26OCT042315-15,0.0090,0.01,no
2026-10-05T03:14:04.864101Z,KXBTC15M-26OCT042315-15,0.0090,497.39,no
2026-10-05T03:14:04.873527Z,KXBTC15M-26OCT042315-15,0.0100,0.02,yes
2026-10-05T03:14:04.884978Z,KXBTC15M-26OCT042315-15,0.0100,12.00,yes
2026-10-05T03:14:04.887174Z,KXBTC15M-26OCT042315-15,0.0090,25.07,no
2026-10-05T03:14:04.896347Z,KXBTC15M-26OCT042315-15,0.0100,3.00,yes
2026-10-05T03:14:04.901825Z,KXBTC15M-26OCT042315-15,0.0090,96.44,no
2026-10-05T03:14:04.901825Z,KXBTC15M-26OCT042315-15,0.0090,5.00,no
2026-10-05T03:14:04.901825Z,KXBTC15M-26OCT042315-15,0.0090,0.01,no
2026-10-05T03:14:04.901825Z,KXBTC15M-26OCT042315-15,0.0090,0.01,no
2026-10-05T03:14:04.901825Z,KXBTC15M-26OCT042315-15,0.0090,1.00,no
2026-10-05T03:14:04.901825Z,KXBTC15M-26OCT042315-15,0.0090,87.54,no
2026-10-05T03:14:04.901825Z,KXBTC15M-26OCT042315-15,0.0090,10.00,no
2026-10-05T03:14:04.905557Z,KXBTC15M-26OCT042315-15,0.0100,635.73,yes
2026-10-05T03:14:04.9068Z,KXBTC15M-26OCT042315-15,0.0100,107.72,yes
2026-10-05T03:14:04.913728Z,KXBTC15M-26OCT042315-15,0.0100,0.01,yes
2026-10-05T03:14:04.913728Z,KXBTC15M-26OCT042315-15,0.0100,1.00,yes
2026-10-05T03:14:04.913728Z,KXBTC15M-26OCT042315-15,0.0100,0.01,yes
2026-10-05T03:14:04.913728Z,KXBTC15M-26OCT042315-15,0.0100,1.00,yes
2026-10-05T03:14:04.913728Z,KXBTC15M-26OCT042315-15,0.0100,382.64,yes
2026-10-05T03:14:04.916152Z,KXBTC15M-26OCT042315-15,0.0110,282.70,yes
2026-10-05T03:14:04.916291Z,KXBTC15M-26OCT042315-15,0.0110,555.46,yes
2026-10-05T03:14:04.916598Z,KXBTC15M-26OCT042315-15,0.0110,65.49,yes
2026-10-05T03:14:04.916598Z,KXBTC15M-26OCT042315-15,0.0110,2.65,yes
2026-10-05T03:14:04.917325Z,KXBTC15M-26OCT042315-15,0.0110,351.73,yes
2026-10-05T03:14:04.926897Z,KXBTC15M-26OCT042315-15,0.0110,200.00,yes
2026-10-05T03:14:04.927197Z,KXBTC15M-26OCT042315-15,0.0100,41.00,no
2026-10-05T03:14:04.934174Z,KXBTC15M-26OCT042315-15,0.0100,0.90,no
2026-10-05T03:14:04.934174Z,KXBTC15M-26OCT042315-15,0.0100,23.00,no
2026-10-05T03:14:04.942211Z,KXBTC15M-26OCT042315-15,0.0100,25.07,no
2026-10-05T03:14:04.942286Z,KXBTC15M-26OCT042315-15,0.0110,12.00,yes
2026-10-05T03:14:05.006021Z,KXBTC15M-26OCT042315-15,0.0110,362.00,yes
2026-10-05T03:14:05.013063Z,KXBTC15M-26OCT042315-15,0.0110,6.00,yes
2026-10-05T03:14:05.018765Z,KXBTC15M-26OCT042315-15,0.0110,1002.78,yes
2026-10-05T03:14:05.018765Z,KXBTC15M-26OCT042315-15,0.0110,139.10,yes
2026-10-05T03:14:05.019437Z,KXBTC15M-26OCT042315-15,0.0110,242.14,yes
2026-10-05T03:14:05.019859Z,KXBTC15M-26OCT042315-15,0.0110,164.39,yes
2026-10-05T03:14:05.031282Z,KXBTC15M-26OCT042315-15,0.0110,50.00,yes
2026-10-05T03:14:05.040438Z,KXBTC15M-26OCT042315-15,0.0110,50.00,yes
2026-10-05T03:14:05.055111Z,KXBTC15M-26OCT042315-15,0.0110,12.00,yes
2026-10-05T03:14:05.07684Z,KXBTC15M-26OCT042315-15,0.0110,0.01,yes
2026-10-05T03:14:05.07684Z,KXBTC15M-26OCT042315-15,0.0110,1.00,yes
2026-10-05T03:14:05.07684Z,KXBTC15M-26OCT042315-15,0.0120,1.00,yes
2026-10-05T03:14:05.07684Z,KXBTC15M-26OCT042315-15,0.0110,0.01,yes
2026-10-05T03:14:05.07684Z,KXBTC15M-26OCT042315-15,0.0110,10.61,yes
2026-10-05T03:14:05.07684Z,KXBTC15M-26OCT042315-15,0.0110,54.00,yes
2026-10-05T03:14:05.07684Z,KXBTC15M-26OCT042315-15,0.0110,1.00,yes
2026-10-05T03:14:05.07684Z,KXBTC15M-26OCT042315-15,0.0110,27.00,yes
2026-10-05T03:14:05.07684Z,KXBTC15M-26OCT042315-15,0.0110,572.37,yes
2026-10-05T03:14:05.07684Z,KXBTC15M-26OCT042315-15,0.0110,1035.19,yes
2026-10-05T03:14:05.07684Z,KXBTC15M-26OCT042315-15,0.0110,11.00,yes
2026-10-05T03:14:05.07684Z,KXBTC15M-26OCT042315-15,0.0110,4.93,yes
2026-10-05T03:14:05.07684Z,KXBTC15M-26OCT042315-15,0.0110,21.00,yes
2026-10-05T03:14:05.087426Z,KXBTC15M-26OCT042315-15,0.0130,9.95,yes
2026-10-05T03:14:05.087426Z,KXBTC15M-26OCT042315-15,0.0120,0.01,yes
2026-10-05T03:14:05.087426Z,KXBTC15M-26OCT042315-15,0.0110,0.01,yes
2026-10-05T03:14:05.087426Z,KXBTC15M-26OCT042315-15,0.0130,1.00,yes
2026-10-05T03:14:05.087426Z,KXBTC15M-26OCT042315-15,0.0130,0.02,yes
2026-10-05T03:14:05.087426Z,KXBTC15M-26OCT042315-15,0.0130,1.01,yes
2026-10-05T03:14:05.087632Z,KXBTC15M-26OCT042315-15,0.0130,12.00,yes
2026-10-05T03:14:05.089449Z,KXBTC15M-26OCT042315-15,0.0130,50.00,yes
2026-10-05T03:14:05.096575Z,KXBTC15M-26OCT042315-15,0.0130,49.99,yes
2026-10-05T03:14:05.096575Z,KXBTC15M-26OCT042315-15,0.0110,0.01,yes
2026-10-05T03:14:05.097856Z,KXBTC15M-26OCT042315-15,0.0130,143.99,yes
2026-10-05T03:14:05.097856Z,KXBTC15M-26OCT042315-15,0.0120,0.01,yes
2026-10-05T03:14:05.114036Z,KXBTC15M-26OCT042315-15,0.0110,5.00,no
2026-10-05T03:14:05.122361Z,KXBTC15M-26OCT042315-15,0.0130,1.00,yes
2026-10-05T03:14:05.139504Z,KXBTC15M-26OCT042315-15,0.0130,5.00,yes
2026-10-05T03:14:05.145926Z,KXBTC15M-26OCT042315-15,0.0130,50.00,yes
2026-10-05T03:14:05.148226Z,KXBTC15M-26OCT042315-15,0.0120,5.00,no
2026-10-05T03:14:05.148226Z,KXBTC15M-26OCT042315-15,0.0110,0.01,no
2026-10-05T03:14:05.148226Z,KXBTC15M-26OCT042315-15,0.0120,0.01,no
2026-10-05T03:14:05.148226Z,KXBTC15M-26OCT042315-15,0.0120,0.01,no
2026-10-05T03:14:05.148226Z,KXBTC15M-26OCT042315-15,0.0110,0.01,no
2026-10-05T03:14:05.148226Z,KXBTC15M-26OCT042315-15,0.0110,500.00,no
2026-10-05T03:14:05.148226Z,KXBTC15M-26OCT042315-15,0.0100,0.01,no
2026-10-05T03:14:05.148226Z,KXBTC15M-26OCT042315-15,0.0100,157.12,no
2026-10-05T03:14:05.148226Z,KXBTC15M-26OCT042315-15,0.0100,50.00,no
2026-10-05T03:14:05.148226Z,KXBTC15M-26OCT042315-15,0.0100,0.01,no
2026-10-05T03:14:05.149609Z,KXBTC15M-26OCT042315-15,0.0100,279.29,no
2026-10-05T03:14:05.151693Z,KXBTC15M-26OCT042315-15,0.0100,64.00,no
2026-10-05T03:14:05.151693Z,KXBTC15M-26OCT042315-15,0.0100,8.46,no
2026-10-05T03:14:05.151693Z,KXBTC15M-26OCT042315-15,0.0120,63.59,no
2026-10-05T03:14:05.172834Z,KXBTC15M-26OCT042315-15,0.0120,0.01,yes
2026-10-05T03:14:05.172834Z,KXBTC15M-26OCT042315-15,0.0130,4.98,yes
2026-10-05T03:14:05.172834Z,KXBTC15M-26OCT042315-15,0.0120,0.01,yes
2026-10-05T03:14:05.180141Z,KXBTC15M-26OCT042315-15,0.0120,5.00,no
2026-10-05T03:14:05.180141Z,KXBTC15M-26OCT042315-15,0.0110,0.01,no
2026-10-05T03:14:05.180141Z,KXBTC15M-26OCT042315-15,0.0110,0.01,no
2026-10-05T03:14:05.180141Z,KXBTC15M-26OCT042315-15,0.0110,200.00,no
2026-10-05T03:14:05.18165Z,KXBTC15M-26OCT042315-15,0.0100,94.57,no
2026-10-05T03:14:05.18165Z,KXBTC15M-26OCT042315-15,0.0100,55.54,no
2026-10-05T03:14:05.197982Z,KXBTC15M-26OCT042315-15,0.0110,3.00,no
2026-10-05T03:14:05.21634Z,KXBTC15M-26OCT042315-15,0.0120,11.98,yes
2026-10-05T03:14:05.21634Z,KXBTC15M-26OCT042315-15,0.0120,0.01,yes
2026-10-05T03:14:05.21634Z,KXBTC15M-26OCT042315-15,0.0120,0.01,yes
2026-10-05T03:14:05.227308Z,KXBTC15M-26OCT042315-15,0.0130,0.01,yes
2026-10-05T03:14:05.227308Z,KXBTC15M-26OCT042315-15,0.0130,2814.09,yes
2026-10-05T03:14:05.227308Z,KXBTC15M-26OCT042315-15,0.0130,0.01,yes
2026-10-05T03:14:05.227308Z,KXBTC15M-26OCT042315-15,0.0120,11.98,yes
2026-10-05T03:14:05.227308Z,KXBTC15M-26OCT042315-15,0.0120,0.01,yes
2026-10-05T03:14:05.227308Z,KXBTC15M-26OCT042315-15,0.0120,0.01,yes
2026-10-05T03:14:05.236444Z,KXBTC15M-26OCT042315-15,0.0120,496.98,yes
2026-10-05T03:14:05.236444Z,KXBTC15M-26OCT042315-15,0.0120,3.02,yes
2026-10-05T03:14:05.26867Z,KXBTC15M-26OCT042315-15,0.0110,5.00,no
2026-10-05T03:14:05.26867Z,KXBTC15M-26OCT042315-15,0.0110,0.01,no
2026-10-05T03:14:05.26867Z,KXBTC15M-26OCT042315-15,0.0110,500.00,no
2026-10-05T03:14:05.26867Z,KXBTC15M-26OCT042315-15,0.0100,499.07,no
2026-10-05T03:14:05.26867Z,KXBTC15M-26OCT042315-15,0.0110,500.00,no
2026-10-05T03:14:05.26867Z,KXBTC15M-26OCT042315-15,0.0110,10.00,no
2026-10-05T03:14:05.26867Z,KXBTC15M-26OCT042315-15,0.0110,0.01,no
2026-10-05T03:14:05.326704Z,KXBTC15M-26OCT042315-15,0.0120,25.00,yes
2026-10-05T03:14:05.375876Z,KXBTC15M-26OCT042315-15,0.0120,460.00,yes
2026-10-05T03:14:05.388697Z,KXBTC15M-26OCT042315-15,0.0120,260.00,yes
2026-10-05T03:14:05.391993Z,KXBTC15M-26OCT042315-15,0.0110,5.00,no
2026-10-05T03:14:05.391993Z,KXBTC15M-26OCT042315-15,0.0110,0.01,no
2026-10-05T03:14:05.391993Z,KXBTC15M-26OCT042315-15,0.0110,594.98,no
2026-10-05T03:14:05.391993Z,KXBTC15M-26OCT042315-15,0.0110,0.01,no
2026-10-05T03:14:05.395622Z,KXBTC15M-26OCT042315-15,0.0150,1047.00,yes
2026-10-05T03:14:05.395622Z,KXBTC15M-26OCT042315-15,0.0190,411.72,yes
2026-10-05T03:14:05.395622Z,KXBTC15M-26OCT042315-15,0.0140,13.00,yes
2026-10-05T03:14:05.395622Z,KXBTC15M-26OCT042315-15,0.0120,1899.02,yes
2026-10-05T03:14:05.395622Z,KXBTC15M-26OCT042315-15,0.0120,0.01,yes
2026-10-05T03:14:05.395622Z,KXBTC15M-26OCT042315-15,0.0120,0.01,yes
2026-10-05T03:14:05.395622Z,KXBTC15M-26OCT042315-15,0.0170,1047.00,yes
2026-10-05T03:14:05.395622Z,KXBTC15M-26OCT042315-15,0.0160,1.00,yes
2026-10-05T03:14:05.395622Z,KXBTC15M-26OCT042315-15,0.0170,1.00,yes
2026-10-05T03:14:05.395622Z,KXBTC15M-26OCT042315-15,0.0150,1.00,yes
2026-10-05T03:14:05.395622Z,KXBTC15M-26OCT042315-15,0.0140,1.00,yes
2026-10-05T03:14:05.395622Z,KXBTC15M-26OCT042315-15,0.0150,800.00,yes
2026-10-05T03:14:05.395622Z,KXBTC15M-26OCT042315-15,0.0170,0.02,yes
2026-10-05T03:14:05.395622Z,KXBTC15M-26OCT042315-15,0.0180,0.02,yes
2026-10-05T03:14:05.395622Z,KXBTC15M-26OCT042315-15,0.0170,400.00,yes
2026-10-05T03:14:05.395622Z,KXBTC15M-26OCT042315-15,0.0170,6.36,yes
2026-10-05T03:14:05.395622Z,KXBTC15M-26OCT042315-15,0.0190,0.02,yes
2026-10-05T03:14:05.395622Z,KXBTC15M-26OCT042315-15,0.0140,82.76,yes
2026-10-05T03:14:05.395622Z,KXBTC15M-26OCT042315-15,0.0150,0.02,yes
2026-10-05T03:14:05.395622Z,KXBTC15M-26OCT042315-15,0.0160,0.02,yes
2026-10-05T03:14:05.395622Z,KXBTC15M-26OCT042315-15,0.0140,0.02,yes
2026-10-05T03:14:05.425824Z,KXBTC15M-26OCT042315-15,0.0200,0.01,yes
2026-10-05T03:14:05.425824Z,KXBTC15M-26OCT042315-15,0.0200,0.01,yes
2026-10-05T03:14:05.425824Z,KXBTC15M-26OCT042315-15,0.0210,45.00,yes
2026-10-05T03:14:05.425824Z,KXBTC15M-26OCT042315-15,0.0200,150.00,yes
2026-10-05T03:14:05.425824Z,KXBTC15M-26OCT042315-15,0.0210,40.00,yes
2026-10-05T03:14:05.425824Z,KXBTC15M-26OCT042315-15,0.0200,5.00,yes
2026-10-05T03:14:05.425824Z,KXBTC15M-26OCT042315-15,0.0210,15.00,yes
2026-10-05T03:14:05.425824Z,KXBTC15M-26OCT042315-15,0.0210,0.02,yes
2026-10-05T03:14:05.425824Z,KXBTC15M-26OCT042315-15,0.0200,0.02,yes
2026-10-05T03:14:05.451451Z,KXBTC15M-26OCT042315-15,0.0320,0.11,yes
2026-10-05T03:14:05.451451Z,KXBTC15M-26OCT042315-15,0.0340,0.16,yes
2026-10-05T03:14:05.451451Z,KXBTC15M-26OCT042315-15,0.0310,0.10,yes
2026-10-05T03:14:05.451451Z,KXBTC15M-26OCT042315-15,0.0240,0.03,yes
2026-10-05T03:14:05.451451Z,KXBTC15M-26OCT042315-15,0.0350,0.19,yes
2026-10-05T03:14:05.451451Z,KXBTC15M-26OCT042315-15,0.0230,0.03,yes
2026-10-05T03:14:05.451451Z,KXBTC15M-26OCT042315-15,0.0330,0.14,yes
2026-10-05T03:14:05.451451Z,KXBTC15M-26OCT042315-15,0.0250,0.02,yes
2026-10-05T03:14:05.451451Z,KXBTC15M-26OCT042315-15,0.0260,0.02,yes
2026-10-05T03:14:05.451451Z,KXBTC15M-26OCT042315-15,0.0270,0.02,yes
2026-10-05T03:14:05.451451Z,KXBTC15M-26OCT042315-15,0.0250,142.54,yes
2026-10-05T03:14:05.451451Z,KXBTC15M-26OCT042315-15,0.0290,0.02,yes
2026-10-05T03:14:05.451451Z,KXBTC15M-26OCT042315-15,0.0300,0.02,yes
2026-10-05T03:14:05.451451Z,KXBTC15M-26OCT042315-15,0.0280,0.02,yes
2026-10-05T03:14:05.451451Z,KXBTC15M-26OCT042315-15,0.0220,0.01,yes
2026-10-05T03:14:05.451451Z,KXBTC15M-26OCT042315-15,0.0380,129.61,yes
2026-10-05T03:14:05.451451Z,KXBTC15M-26OCT042315-15,0.0220,0.01,yes
2026-10-05T03:14:05.451451Z,KXBTC15M-26OCT042315-15,0.0380,11.00,yes
2026-10-05T03:14:05.451451Z,KXBTC15M-26OCT042315-15,0.0300,18.00,yes
2026-10-05T03:14:05.451451Z,KXBTC15M-26OCT042315-15,0.0300,133.58,yes
2026-10-05T03:14:05.451451Z,KXBTC15M-26OCT042315-15,0.0250,13.00,yes
2026-10-05T03:14:05.451451Z,KXBTC15M-26OCT042315-15,0.0370,0.55,yes
2026-10-05T03:14:05.451451Z,KXBTC15M-26OCT042315-15,0.0380,0.66,yes
2026-10-05T03:14:05.451451Z,KXBTC15M-26OCT042315-15,0.0220,0.02,yes
2026-10-05T03:14:05.451451Z,KXBTC15M-26OCT042315-15,0.0360,0.14,yes
2026-10-05T03:14:05.460227Z,KXBTC15M-26OCT042315-15,0.0370,10.00,yes
2026-10-05T03:14:05.467228Z,KXBTC15M-26OCT042315-15,0.0360,10.00,no
2026-10-05T03:14:05.471865Z,KXBTC15M-26OCT042315-15,0.0400,10.00,yes
2026-10-05T03:14:05.471865Z,KXBTC15M-26OCT042315-15,0.0370,0.01,yes
2026-10-05T03:14:05.471865Z,KXBTC15M-26OCT042315-15,0.0380,0.01,yes
2026-10-05T03:14:05.471865Z,KXBTC15M-26OCT042315-15,0.0410,10.00,yes
2026-10-05T03:14:05.471865Z,KXBTC15M-26OCT042315-15,0.0380,0.01,yes
2026-10-05T03:14:05.471865Z,KXBTC15M-26OCT042315-15,0.0420,466.65,yes
2026-10-05T03:14:05.471865Z,KXBTC15M-26OCT042315-15,0.0400,50.00,yes
2026-10-05T03:14:05.471865Z,KXBTC15M-26OCT042315-15,0.0410,66.00,yes
2026-10-05T03:14:05.471865Z,KXBTC15M-26OCT042315-15,0.0410,60.00,yes
2026-10-05T03:14:05.471865Z,KXBTC15M-26OCT042315-15,0.0390,0.78,yes
2026-10-05T03:14:05.471865Z,KXBTC15M-26OCT042315-15,0.0420,0.94,yes
2026-10-05T03:14:05.471865Z,KXBTC15M-26OCT042315-15,0.0400,0.94,yes
2026-10-05T03:14:05.471865Z,KXBTC15M-26OCT042315-15,0.0410,0.66,yes
2026-10-05T03:14:05.489663Z,KXBTC15M-26OCT042315-15,0.0440,639.16,yes
2026-10-05T03:14:05.489663Z,KXBTC15M-26OCT042315-15,0.0410,48.00,yes
2026-10-05T03:14:05.489663Z,KXBTC15M-26OCT042315-15,0.0430,174.00,yes
2026-10-05T03:14:05.489663Z,KXBTC15M-26OCT042315-15,0.0420,580.35,yes
2026-10-05T03:14:05.489663Z,KXBTC15M-26OCT042315-15,0.0400,30.00,yes
2026-10-05T03:14:05.489663Z,KXBTC15M-26OCT042315-15,0.0370,0.01,yes
2026-10-05T03:14:05.489663Z,KXBTC15M-26OCT042315-15,0.0410,192.00,yes
2026-10-05T03:14:05.489663Z,KXBTC15M-26OCT042315-15,0.0410,0.01,yes
2026-10-05T03:14:05.489663Z,KXBTC15M-26OCT042315-15,0.0440,0.07,yes
2026-10-05T03:14:05.489663Z,KXBTC15M-26OCT042315-15,0.0440,2.25,yes
2026-10-05T03:14:05.489663Z,KXBTC15M-26OCT042315-15,0.0430,51.53,yes
2026-10-05T03:14:05.489663Z,KXBTC15M-26OCT042315-15,0.0430,1.62,yes
2026-10-05T03:14:05.543917Z,KXBTC15M-26OCT042315-15,0.0500,1.25,yes
2026-10-05T03:14:05.543917Z,KXBTC15M-26OCT042315-15,0.0450,0.01,yes
2026-10-05T03:14:05.543917Z,KXBTC15M-26OCT042315-15,0.0450,0.01,yes
2026-10-05T03:14:05.543917Z,KXBTC15M-26OCT042315-15,0.0470,0.60,yes
2026-10-05T03:14:05.543917Z,KXBTC15M-26OCT042315-15,0.0460,3.90,yes
2026-10-05T03:14:05.543917Z,KXBTC15M-26OCT042315-15,0.0450,3.25,yes
2026-10-05T03:14:05.543917Z,KXBTC15M-26OCT042315-15,0.0470,6.00,yes
2026-10-05T03:14:05.557093Z,KXBTC15M-26OCT042315-15,0.0500,1.24,yes
2026-10-05T03:14:05.576924Z,KXBTC15M-26OCT042315-15,0.0490,9.00,no
2026-10-05T03:14:05.587108Z,KXBTC15M-26OCT042315-15,0.0490,4.00,no
2026-10-05T03:14:05.587111Z,KXBTC15M-26OCT042315-15,0.0490,90.00,no
2026-10-05T03:14:05.631579Z,KXBTC15M-26OCT042315-15,0.0500,197.51,yes
2026-10-05T03:14:05.631579Z,KXBTC15M-26OCT042315-15,0.0500,10.51,yes
2026-10-05T03:14:05.631579Z,KXBTC15M-26OCT042315-15,0.0500,0.01,yes
2026-10-05T03:14:05.631579Z,KXBTC15M-26OCT042315-15,0.0500,0.01,yes
2026-10-05T03:14:05.631579Z,KXBTC15M-26OCT042315-15,0.0500,119.00,yes
2026-10-05T03:14:05.631579Z,KXBTC15M-26OCT042315-15,0.0500,5.00,yes
2026-10-05T03:14:05.6628Z,KXBTC15M-26OCT042315-15,0.0540,1.00,no
2026-10-05T03:14:05.692886Z,KXBTC15M-26OCT042315-15,0.0570,5.98,yes
2026-10-05T03:14:05.692886Z,KXBTC15M-26OCT042315-15,0.0550,0.01,yes
2026-10-05T03:14:05.692886Z,KXBTC15M-26OCT042315-15,0.0550,0.01,yes
2026-10-05T03:14:05.701841Z,KXBTC15M-26OCT042315-15,0.0570,25.00,yes
2026-10-05T03:14:05.70361Z,KXBTC15M-26OCT042315-15,0.0570,10.00,yes
2026-10-05T03:14:05.717111Z,KXBTC15M-26OCT042315-15,0.0560,9.96,no
2026-10-05T03:14:05.755789Z,KXBTC15M-26OCT042315-15,0.0560,9.00,no
2026-10-05T03:14:05.755789Z,KXBTC15M-26OCT042315-15,0.0560,105.42,no
2026-10-05T03:14:05.755789Z,KXBTC15M-26OCT042315-15,0.0560,37.43,no
2026-10-05T03:14:05.755789Z,KXBTC15M-26OCT042315-15,0.0560,0.01,no
2026-10-05T03:14:05.755789Z,KXBTC15M-26OCT042315-15,0.0560,0.01,no
2026-10-05T03:14:05.755789Z,KXBTC15M-26OCT042315-15,0.0560,5.00,no
2026-10-05T03:14:05.756835Z,KXBTC15M-26OCT042315-15,0.0620,120.00,yes
2026-10-05T03:14:05.756835Z,KXBTC15M-26OCT042315-15,0.0570,0.01,yes
2026-10-05T03:14:05.756835Z,KXBTC15M-26OCT042315-15,0.0690,169.98,yes
2026-10-05T03:14:05.756835Z,KXBTC15M-26OCT042315-15,0.0690,648.00,yes
2026-10-05T03:14:05.756835Z,KXBTC15M-26OCT042315-15,0.0680,8.00,yes
2026-10-05T03:14:05.756835Z,KXBTC15M-26OCT042315-15,0.0570,0.01,yes
2026-10-05T03:14:05.756835Z,KXBTC15M-26OCT042315-15,0.0680,60.00,yes
2026-10-05T03:14:05.756835Z,KXBTC15M-26OCT042315-15,0.0680,336.00,yes
2026-10-05T03:14:05.756835Z,KXBTC15M-26OCT042315-15,0.0690,252.00,yes
2026-10-05T03:14:05.756835Z,KXBTC15M-26OCT042315-15,0.0570,282.00,yes
2026-10-05T03:14:05.756835Z,KXBTC15M-26OCT042315-15,0.0640,124.00,yes
2026-10-05T03:14:05.76697Z,KXBTC15M-26OCT042315-15,0.0680,47.40,no
2026-10-05T03:14:05.773533Z,KXBTC15M-26OCT042315-15,0.0780,46.33,no
2026-10-05T03:14:05.773771Z,KXBTC15M-26OCT042315-15,0.0780,8.93,no
2026-10-05T03:14:05.78009Z,KXBTC15M-26OCT042315-15,0.0780,8.93,no
2026-10-05T03:14:05.780106Z,KXBTC15M-26OCT042315-15,0.0780,46.33,no
2026-10-05T03:14:05.785991Z,KXBTC15M-26OCT042315-15,0.0780,14.36,no
2026-10-05T03:14:05.79334Z,KXBTC15M-26OCT042315-15,0.0780,85.00,no
2026-10-05T03:14:05.8203Z,KXBTC15M-26OCT042315-15,0.0780,55.25,no
2026-10-05T03:14:05.844025Z,KXBTC15M-26OCT042315-15,0.0780,116.88,no
2026-10-05T03:14:05.923688Z,KXBTC15M-26OCT042315-15,0.0780,55.22,no
2026-10-05T03:14:05.928578Z,KXBTC15M-26OCT042315-15,0.0780,55.22,no
2026-10-05T03:14:05.93736Z,KXBTC15M-26OCT042315-15,0.0780,750.00,no
2026-10-05T03:14:05.973031Z,KXBTC15M-26OCT042315-15,0.0780,5.25,no
2026-10-05T03:14:06.019893Z,KXBTC15M-26OCT042315-15,0.0790,1.00,yes
2026-10-05T03:14:06.022685Z,KXBTC15M-26OCT042315-15,0.0780,1.00,no
2026-10-05T03:14:06.053381Z,KXBTC15M-26OCT042315-15,0.0800,100.00,yes
2026-10-05T03:14:06.053381Z,KXBTC15M-26OCT042315-15,0.0790,1.00,yes
2026-10-05T03:14:06.053381Z,KXBTC15M-26OCT042315-15,0.0790,6.00,yes
2026-10-05T03:14:06.053381Z,KXBTC15M-26OCT042315-15,0.0790,0.01,yes
2026-10-05T03:14:06.053381Z,KXBTC15M-26OCT042315-15,0.0790,0.01,yes
2026-10-05T03:14:06.053381Z,KXBTC15M-26OCT042315-15,0.0790,216.00,yes
2026-10-05T03:14:06.053381Z,KXBTC15M-26OCT042315-15,0.0800,2676.98,yes
2026-10-05T03:14:06.056831Z,KXBTC15M-26OCT042315-15,0.0800,5000.00,yes
2026-10-05T03:14:06.056947Z,KXBTC15M-26OCT042315-15,0.0800,3000.00,yes
2026-10-05T03:14:06.057069Z,KXBTC15M-26OCT042315-15,0.0800,303.00,yes
2026-10-05T03:14:06.058894Z,KXBTC15M-26OCT042315-15,0.0800,200.00,yes
2026-10-05T03:14:06.065028Z,KXBTC15M-26OCT042315-15,0.0800,55.26,yes
2026-10-05T03:14:06.091977Z,KXBTC15M-26OCT042315-15,0.0800,94.49,yes
2026-10-05T03:14:06.094586Z,KXBTC15M-26OCT042315-15,0.0800,150.21,yes
2026-10-05T03:14:06.098754Z,KXBTC15M-26OCT042315-15,0.0790,5.00,no
2026-10-05T03:14:06.098754Z,KXBTC15M-26OCT042315-15,0.0790,27.36,no
2026-10-05T03:14:06.118121Z,KXBTC15M-26OCT042315-15,0.0790,81.00,no
2026-10-05T03:14:06.127057Z,KXBTC15M-26OCT042315-15,0.0790,54.00,no
2026-10-05T03:14:06.151824Z,KXBTC15M-26OCT042315-15,0.0800,6.00,yes
2026-10-05T03:14:06.155965Z,KXBTC15M-26OCT042315-15,0.0800,4.30,yes
2026-10-05T03:14:06.174438Z,KXBTC15M-26OCT042315-15,0.0790,1.00,no
2026-10-05T03:14:06.179876Z,KXBTC15M-26OCT042315-15,0.0790,1.00,no
2026-10-05T03:14:06.180619Z,KXBTC15M-26OCT042315-15,0.0790,1.00,no
2026-10-05T03:14:06.182448Z,KXBTC15M-26OCT042315-15,0.0800,5.00,yes
2026-10-05T03:14:06.203402Z,KXBTC15M-26OCT042315-15,0.0800,1.19,yes
2026-10-05T03:14:06.222323Z,KXBTC15M-26OCT042315-15,0.0800,25.00,yes
2026-10-05T03:14:06.237502Z,KXBTC15M-26OCT042315-15,0.0800,805.00,yes
2026-10-05T03:14:06.319813Z,KXBTC15M-26OCT042315-15,0.0800,571.86,yes
2026-10-05T03:14:06.324474Z,KXBTC15M-26OCT042315-15,0.0800,36.43,yes
2026-10-05T03:14:06.325706Z,KXBTC15M-26OCT042315-15,0.0800,4.00,yes
2026-10-05T03:14:06.327373Z,KXBTC15M-26OCT042315-15,0.0800,22.26,yes
2026-10-05T03:14:06.330548Z,KXBTC15M-26OCT042315-15,0.0800,29.35,yes
2026-10-05T03:14:06.334081Z,KXBTC15M-26OCT042315-15,0.0800,28.03,yes
2026-10-05T03:14:06.338568Z,KXBTC15M-26OCT042315-15,0.0800,39.30,yes
2026-10-05T03:14:06.341657Z,KXBTC15M-26OCT042315-15,0.0800,24.77,yes
2026-10-05T03:14:06.342141Z,KXBTC15M-26OCT042315-15,0.0790,334.64,no
2026-10-05T03:14:06.342141Z,KXBTC15M-26OCT042315-15,0.0790,475.20,no
2026-10-05T03:14:06.343969Z,KXBTC15M-26OCT042315-15,0.0800,237.53,yes
2026-10-05T03:14:06.345247Z,KXBTC15M-26OCT042315-15,0.0800,30.38,yes
2026-10-05T03:14:06.349493Z,KXBTC15M-26OCT042315-15,0.0800,34.01,yes
2026-10-05T03:14:06.353407Z,KXBTC15M-26OCT042315-15,0.0800,35.88,yes
2026-10-05T03:14:06.356839Z,KXBTC15M-26OCT042315-15,0.0800,29.65,yes
2026-10-05T03:14:06.36374Z,KXBTC15M-26OCT042315-15,0.0790,5.00,no
2026-10-05T03:14:06.36374Z,KXBTC15M-26OCT042315-15,0.0790,0.01,no
2026-10-05T03:14:06.36374Z,KXBTC15M-26OCT042315-15,0.0790,0.01,no
2026-10-05T03:14:06.36374Z,KXBTC15M-26OCT042315-15,0.0790,1.12,no
2026-10-05T03:14:06.36374Z,KXBTC15M-26OCT042315-15,0.0790,303.50,no
2026-10-05T03:14:06.36374Z,KXBTC15M-26OCT042315-15,0.0790,1.12,no
2026-10-05T03:14:06.36374Z,KXBTC15M-26OCT042315-15,0.0790,24.80,no
2026-10-05T03:14:06.36646Z,KXBTC15M-26OCT042315-15,0.0800,12.00,yes
2026-10-05T03:14:06.378208Z,KXBTC15M-26OCT042315-15,0.0790,5.00,no
2026-10-05T03:14:06.380273Z,KXBTC15M-26OCT042315-15,0.0790,1.39,no
2026-10-05T03:14:06.415646Z,KXBTC15M-26OCT042315-15,0.0790,77.00,no
2026-10-05T03:14:06.417126Z,KXBTC15M-26OCT042315-15,0.0800,43.90,yes
2026-10-05T03:14:06.42107Z,KXBTC15M-26OCT042315-15,0.0800,25.01,yes
2026-10-05T03:14:06.423407Z,KXBTC15M-26OCT042315-15,0.0800,20.59,yes
2026-10-05T03:14:06.426826Z,KXBTC15M-26OCT042315-15,0.0800,24.11,yes
2026-10-05T03:14:06.43177Z,KXBTC15M-26OCT042315-15,0.0800,30.93,yes
2026-10-05T03:14:06.433898Z,KXBTC15M-26OCT042315-15,0.0800,20.74,yes
2026-10-05T03:14:06.437317Z,KXBTC15M-26OCT042315-15,0.0800,22.96,yes
2026-10-05T03:14:06.438847Z,KXBTC15M-26OCT042315-15,0.0790,210.00,no
2026-10-05T03:14:06.440351Z,KXBTC15M-26OCT042315-15,0.0800,22.02,yes
2026-10-05T03:14:06.444636Z,KXBTC15M-26OCT042315-15,0.0800,22.90,yes
2026-10-05T03:14:06.447112Z,KXBTC15M-26OCT042315-15,0.0800,24.06,yes
2026-10-05T03:14:06.449237Z,KXBTC15M-26OCT042315-15,0.0790,47.51,no
2026-10-05T03:14:06.450007Z,KXBTC15M-26OCT042315-15,0.0800,20.21,yes
2026-10-05T03:14:06.453618Z,KXBTC15M-26OCT042315-15,0.0800,24.19,yes
2026-10-05T03:14:06.45662Z,KXBTC15M-26OCT042315-15,0.0800,21.27,yes
2026-10-05T03:14:06.459152Z,KXBTC15M-26OCT042315-15,0.0800,117.01,yes
2026-10-05T03:14:06.462313Z,KXBTC15M-26OCT042315-15,0.0800,21.08,yes
2026-10-05T03:14:06.465236Z,KXBTC15M-26OCT042315-15,0.0800,23.40,yes
2026-10-05T03:14:06.467962Z,KXBTC15M-26OCT042315-15,0.0800,261.20,yes
2026-10-05T03:14:06.469658Z,KXBTC15M-26OCT042315-15,0.0800,23.25,yes
2026-10-05T03:14:06.471094Z,KXBTC15M-26OCT042315-15,0.0800,529.29,yes
2026-10-05T03:14:06.472103Z,KXBTC15M-26OCT042315-15,0.0800,665.26,yes
2026-10-05T03:14:06.472347Z,KXBTC15M-26OCT042315-15,0.0790,4.00,no
2026-10-05T03:14:06.472519Z,KXBTC15M-26OCT042315-15,0.0790,2.96,no
2026-10-05T03:14:06.473716Z,KXBTC15M-26OCT042315-15,0.0800,288.02,yes
2026-10-05T03:14:06.47572Z,KXBTC15M-26OCT042315-15,0.0800,1176.14,yes
2026-10-05T03:14:06.475908Z,KXBTC15M-26OCT042315-15,0.0800,228.22,yes
2026-10-05T03:14:06.477167Z,KXBTC15M-26OCT042315-15,0.0800,269.11,yes
2026-10-05T03:14:06.478672Z,KXBTC15M-26OCT042315-15,0.0800,456.25,yes
2026-10-05T03:14:06.479036Z,KXBTC15M-26OCT042315-15,0.0800,666.44,yes
2026-10-05T03:14:06.479288Z,KXBTC15M-26OCT042315-15,0.0800,591.19,yes
2026-10-05T03:14:06.485201Z,KXBTC15M-26OCT042315-15,0.0800,165.69,yes
2026-10-05T03:14:06.488006Z,KXBTC15M-26OCT042315-15,0.0800,5.00,yes
2026-10-05T03:14:06.488006Z,KXBTC15M-26OCT042315-15,0.0800,0.01,yes
2026-10-05T03:14:06.488006Z,KXBTC15M-26OCT042315-15,0.0800,0.01,yes
2026-10-05T03:14:06.488006Z,KXBTC15M-26OCT042315-15,0.0800,1.00,yes
2026-10-05T03:14:06.488006Z,KXBTC15M-26OCT042315-15,0.0800,0.01,yes
2026-10-05T03:14:06.488006Z,KXBTC15M-26OCT042315-15,0.0800,27.18,yes
2026-10-05T03:14:06.512568Z,KXBTC15M-26OCT042315-15,0.0870,5.00,no
2026-10-05T03:14:06.514426Z,KXBTC15M-26OCT042315-15,0.0880,107.75,yes
2026-10-05T03:14:06.514426Z,KXBTC15M-26OCT042315-15,0.1000,12.21,yes
2026-10-05T03:14:06.514426Z,KXBTC15M-26OCT042315-15,0.0980,128.00,yes
2026-10-05T03:14:06.514426Z,KXBTC15M-26OCT042315-15,0.0880,0.01,yes
2026-10-05T03:14:06.514426Z,KXBTC15M-26OCT042315-15,0.0870,0.01,yes
2026-10-05T03:14:06.514426Z,KXBTC15M-26OCT042315-15,0.0880,1.00,yes
2026-10-05T03:14:06.514426Z,KXBTC15M-26OCT042315-15,0.0870,0.01,yes
2026-10-05T03:14:06.514426Z,KXBTC15M-26OCT042315-15,0.0940,7.00,yes
2026-10-05T03:14:06.514426Z,KXBTC15M-26OCT042315-15,0.0880,0.01,yes
2026-10-05T03:14:06.514426Z,KXBTC15M-26OCT042315-15,0.1000,100.00,yes
2026-10-05T03:14:06.514426Z,KXBTC15M-26OCT042315-15,0.0970,20.00,yes
2026-10-05T03:14:06.519248Z,KXBTC15M-26OCT042315-15,0.0900,1.00,no
2026-10-05T03:14:06.533067Z,KXBTC15M-26OCT042315-15,0.1000,0.29,yes
2026-10-05T03:14:06.533067Z,KXBTC15M-26OCT042315-15,0.0970,0.01,yes
2026-10-05T03:14:06.533067Z,KXBTC15M-26OCT042315-15,0.0970,0.01,yes
2026-10-05T03:14:06.552794Z,KXBTC15M-26OCT042315-15,0.1100,1.00,yes
2026-10-05T03:14:06.556381Z,KXBTC15M-26OCT042315-15,0.1100,49.00,yes
2026-10-05T03:14:06.57418Z,KXBTC15M-26OCT042315-15,0.1000,5.00,no
2026-10-05T03:14:06.57418Z,KXBTC15M-26OCT042315-15,0.1000,676.53,no
2026-10-05T03:14:06.606542Z,KXBTC15M-26OCT042315-15,0.1100,50.00,yes
2026-10-05T03:14:06.606542Z,KXBTC15M-26OCT042315-15,0.1100,50.00,yes
2026-10-05T03:14:06.657461Z,KXBTC15M-26OCT042315-15,0.1000,1.12,no
2026-10-05T03:14:06.657461Z,KXBTC15M-26OCT042315-15,0.1000,18.06,no
2026-10-05T03:14:06.657461Z,KXBTC15M-26OCT042315-15,0.1000,49.69,no
2026-10-05T03:14:06.657461Z,KXBTC15M-26OCT042315-15,0.1000,0.01,no
2026-10-05T03:14:06.657461Z,KXBTC15M-26OCT042315-15,0.1000,1.11,no
2026-10-05T03:14:06.657461Z,KXBTC15M-26OCT042315-15,0.1000,0.01,no
2026-10-05T03:14:06.732191Z,KXBTC15M-26OCT042315-15,0.0950,93.75,no
2026-10-05T03:14:06.732191Z,KXBTC15M-26OCT042315-15,0.1000,0.01,no
2026-10-05T03:14:06.732191Z,KXBTC15M-26OCT042315-15,0.0850,93.75,no
2026-10-05T03:14:06.732191Z,KXBTC15M-26OCT042315-15,0.0950,15.00,no
2026-10-05T03:14:06.732191Z,KXBTC15M-26OCT042315-15,0.0900,15.00,no
2026-10-05T03:14:06.732191Z,KXBTC15M-26OCT042315-15,0.0850,12.92,no
2026-10-05T03:14:06.732191Z,KXBTC15M-26OCT042315-15,0.1000,450.31,no
2026-10-05T03:14:06.732191Z,KXBTC15M-26OCT042315-15,0.1000,0.01,no
2026-10-05T03:14:06.732191Z,KXBTC15M-26OCT042315-15,0.0900,93.75,no
2026-10-05T03:14:06.732191Z,KXBTC15M-26OCT042315-15,0.0900,15.00,no
2026-10-05T03:14:06.732191Z,KXBTC15M-26OCT042315-15,0.0950,93.75,no
2026-10-05T03:14:06.732191Z,KXBTC15M-26OCT042315-15,0.0900,93.75,no
2026-10-05T03:14:06.732191Z,KXBTC15M-26OCT042315-15,0.0850,15.00,no
2026-10-05T03:14:06.732191Z,KXBTC15M-26OCT042315-15,0.0850,93.75,no
2026-10-05T03:14:06.732191Z,KXBTC15M-26OCT042315-15,0.0920,5.00,no
2026-10-05T03:14:06.779128Z,KXBTC15M-26OCT042315-15,0.0770,223.12,no
2026-10-05T03:14:06.779128Z,KXBTC15M-26OCT042315-15,0.0800,64.00,no
2026-10-05T03:14:06.779128Z,KXBTC15M-26OCT042315-15,0.1000,0.01,no
2026-10-05T03:14:06.779128Z,KXBTC15M-26OCT042315-15,0.0810,8.00,no
2026-10-05T03:14:06.779128Z,KXBTC15M-26OCT042315-15,0.0850,2.08,no
2026-10-05T03:14:06.779128Z,KXBTC15M-26OCT042315-15,0.1000,0.01,no
2026-10-05T03:14:06.779128Z,KXBTC15M-26OCT042315-15,0.0920,5.00,no
2026-10-05T03:14:06.80568Z,KXBTC15M-26OCT042315-15,0.0820,4.00,yes
2026-10-05T03:14:06.807556Z,KXBTC15M-26OCT042315-15,0.0810,1.07,no
2026-10-05T03:14:06.853848Z,KXBTC15M-26OCT042315-15,0.0820,25.00,yes
2026-10-05T03:14:06.86218Z,KXBTC15M-26OCT042315-15,0.0820,3.00,yes
2026-10-05T03:14:06.882507Z,KXBTC15M-26OCT042315-15,0.0810,0.10,no
2026-10-05T03:14:06.887556Z,KXBTC15M-26OCT042315-15,0.0820,1.99,yes
2026-10-05T03:14:06.887556Z,KXBTC15M-26OCT042315-15,0.0820,0.01,yes
2026-10-05T03:14:06.913427Z,KXBTC15M-26OCT042315-15,0.0810,8.81,no
2026-10-05T03:14:06.913427Z,KXBTC15M-26OCT042315-15,0.0810,0.01,no
2026-10-05T03:14:06.913427Z,KXBTC15M-26OCT042315-15,0.0810,0.01,no
2026-10-05T03:14:06.956718Z,KXBTC15M-26OCT042315-15,0.0810,0.01,no
2026-10-05T03:14:06.956718Z,KXBTC15M-26OCT042315-15,0.0810,0.01,no
2026-10-05T03:14:06.956718Z,KXBTC15M-26OCT042315-15,0.0810,8.00,no
2026-10-05T03:14:06.956718Z,KXBTC15M-26OCT042315-15,0.0810,491.19,no
2026-10-05T03:14:06.956718Z,KXBTC15M-26OCT042315-15,0.0800,43.47,no
2026-10-05T03:14:06.987612Z,KXBTC15M-26OCT042315-15,0.0810,5.00,no
2026-10-05T03:14:06.99299Z,KXBTC15M-26OCT042315-15,0.0820,1.15,yes
2026-10-05T03:14:07.035976Z,KXBTC15M-26OCT042315-15,0.0820,2.18,yes
2026-10-05T03:14:07.052861Z,KXBTC15M-26OCT042315-15,0.0760,9.00,no
2026-10-05T03:14:07.052861Z,KXBTC15M-26OCT042315-15,0.0750,4.78,no
2026-10-05T03:14:07.052861Z,KXBTC15M-26OCT042315-15,0.0810,0.01,no
2026-10-05T03:14:07.052861Z,KXBTC15M-26OCT042315-15,0.0810,0.01,no
2026-10-05T03:14:07.083453Z,KXBTC15M-26OCT042315-15,0.0820,6.00,yes
2026-10-05T03:14:07.083453Z,KXBTC15M-26OCT042315-15,0.0820,223.00,yes
2026-10-05T03:14:07.083453Z,KXBTC15M-26OCT042315-15,0.0820,0.01,yes
2026-10-05T03:14:07.083453Z,KXBTC15M-26OCT042315-15,0.0820,3141.00,yes
2026-10-05T03:14:07.083453Z,KXBTC15M-26OCT042315-15,0.0820,0.01,yes
2026-10-05T03:14:07.083453Z,KXBTC15M-26OCT042315-15,0.0820,660.68,yes
2026-10-05T03:14:07.083453Z,KXBTC15M-26OCT042315-15,0.0820,101.00,yes
2026-10-05T03:14:07.083453Z,KXBTC15M-26OCT042315-15,0.0860,317.30,yes
2026-10-05T03:14:07.083453Z,KXBTC15M-26OCT042315-15,0.0850,7.00,yes
2026-10-05T03:14:07.085767Z,KXBTC15M-26OCT042315-15,0.0810,0.01,no
2026-10-05T03:14:07.085767Z,KXBTC15M-26OCT042315-15,0.0810,0.01,no
2026-10-05T03:14:07.085767Z,KXBTC15M-26OCT042315-15,0.0800,1.09,no
2026-10-05T03:14:07.106807Z,KXBTC15M-26OCT042315-15,0.0850,8.55,no
2026-10-05T03:14:07.117602Z,KXBTC15M-26OCT042315-15,0.0880,0.01,yes
2026-10-05T03:14:07.117602Z,KXBTC15M-26OCT042315-15,0.0900,0.01,yes
2026-10-05T03:14:07.117602Z,KXBTC15M-26OCT042315-15,0.0890,72.00,yes
2026-10-05T03:14:07.117602Z,KXBTC15M-26OCT042315-15,0.0900,0.01,yes
2026-10-05T03:14:07.117602Z,KXBTC15M-26OCT042315-15,0.0880,0.01,yes
2026-10-05T03:14:07.117602Z,KXBTC15M-26OCT042315-15,0.0900,1.09,yes
2026-10-05T03:14:07.117602Z,KXBTC15M-26OCT042315-15,0.0920,324.00,yes
2026-10-05T03:14:07.117602Z,KXBTC15M-26OCT042315-15,0.0930,600.00,yes
2026-10-05T03:14:07.117602Z,KXBTC15M-26OCT042315-15,0.0930,923.87,yes
2026-10-05T03:14:07.118854Z,KXBTC15M-26OCT042315-15,0.0930,3.00,yes
2026-10-05T03:14:07.127296Z,KXBTC15M-26OCT042315-15,0.0920,19.00,yes
2026-10-05T03:14:07.14589Z,KXBTC15M-26OCT042315-15,0.0920,0.01,yes
2026-10-05T03:14:07.14589Z,KXBTC15M-26OCT042315-15,0.0970,4.25,yes
2026-10-05T03:14:07.14589Z,KXBTC15M-26OCT042315-15,0.0920,0.01,yes
2026-10-05T03:14:07.180511Z,KXBTC15M-26OCT042315-15,0.0950,93.75,no
2026-10-05T03:14:07.180511Z,KXBTC15M-26OCT042315-15,0.0950,0.01,no
2026-10-05T03:14:07.180511Z,KXBTC15M-26OCT042315-15,0.0920,708.52,no
2026-10-05T03:14:07.180511Z,KXBTC15M-26OCT042315-15,0.0930,7.00,no
2026-10-05T03:14:07.180511Z,KXBTC15M-26OCT042315-15,0.0950,93.75,no
2026-10-05T03:14:07.180511Z,KXBTC15M-26OCT042315-15,0.0950,15.00,no
2026-10-05T03:14:07.180511Z,KXBTC15M-26OCT042315-15,0.0950,0.01,no
2026-10-05T03:14:07.180511Z,KXBTC15M-26OCT042315-15,0.0950,15.00,no
2026-10-05T03:14:07.180511Z,KXBTC15M-26OCT042315-15,0.0950,64.00,no
2026-10-05T03:14:07.205006Z,KXBTC15M-26OCT042315-15,0.0950,4.00,no
2026-10-05T03:14:07.217093Z,KXBTC15M-26OCT042315-15,0.0950,20.00,no
2026-10-05T03:14:07.229928Z,KXBTC15M-26OCT042315-15,0.0950,2.16,no
2026-10-05T03:14:07.234876Z,KXBTC15M-26OCT042315-15,0.0960,78.00,yes
2026-10-05T03:14:07.234876Z,KXBTC15M-26OCT042315-15,0.0970,4.00,yes
2026-10-05T03:14:07.234876Z,KXBTC15M-26OCT042315-15,0.0960,66.00,yes
2026-10-05T03:14:07.234876Z,KXBTC15M-26OCT042315-15,0.0960,0.01,yes
2026-10-05T03:14:07.234876Z,KXBTC15M-26OCT042315-15,0.0960,1.00,yes
2026-10-05T03:14:07.234876Z,KXBTC15M-26OCT042315-15,0.0970,0.01,yes
2026-10-05T03:14:07.234876Z,KXBTC15M-26OCT042315-15,0.0960,0.01,yes
2026-10-05T03:14:07.234876Z,KXBTC15M-26OCT042315-15,0.0970,0.01,yes
2026-10-05T03:14:07.234876Z,KXBTC15M-26OCT042315-15,0.0970,37.75,yes
2026-10-05T03:14:07.234876Z,KXBTC15M-26OCT042315-15,0.1000,96.21,yes
2026-10-05T03:14:07.237697Z,KXBTC15M-26OCT042315-15,0.0950,7.16,no
2026-10-05T03:14:07.25126Z,KXBTC15M-26OCT042315-15,0.0960,1.00,yes
2026-10-05T03:14:07.25126Z,KXBTC15M-26OCT042315-15,0.0960,0.01,yes
2026-10-05T03:14:07.25126Z,KXBTC15M-26OCT042315-15,0.0960,0.01,yes
2026-10-05T03:14:07.25126Z,KXBTC15M-26OCT042315-15,0.1000,23.98,yes
2026-10-05T03:14:07.317327Z,KXBTC15M-26OCT042315-15,0.0980,0.01,yes
2026-10-05T03:14:07.317327Z,KXBTC15M-26OCT042315-15,0.0990,2.10,yes
2026-10-05T03:14:07.317327Z,KXBTC15M-26OCT042315-15,0.0980,1.00,yes
2026-10-05T03:14:07.317327Z,KXBTC15M-26OCT042315-15,0.0980,0.01,yes
2026-10-05T03:14:07.367431Z,KXBTC15M-26OCT042315-15,0.0970,7.00,no
2026-10-05T03:14:07.367431Z,KXBTC15M-26OCT042315-15,0.0970,13.49,no
2026-10-05T03:14:07.367431Z,KXBTC15M-26OCT042315-15,0.0970,0.01,no
2026-10-05T03:14:07.367431Z,KXBTC15M-26OCT042315-15,0.0970,0.01,no
2026-10-05T03:14:07.416435Z,KXBTC15M-26OCT042315-15,0.0970,161.30,no
2026-10-05T03:14:07.429946Z,KXBTC15M-26OCT042315-15,0.0980,0.01,yes
2026-10-05T03:14:07.429946Z,KXBTC15M-26OCT042315-15,0.0990,0.01,yes
2026-10-05T03:14:07.429946Z,KXBTC15M-26OCT042315-15,0.0990,0.01,yes
2026-10-05T03:14:07.429946Z,KXBTC15M-26OCT042315-15,0.0980,1.00,yes
2026-10-05T03:14:07.429946Z,KXBTC15M-26OCT042315-15,0.0980,0.01,yes
2026-10-05T03:14:07.429946Z,KXBTC15M-26OCT042315-15,0.1000,1.96,yes
2026-10-05T03:14:07.437812Z,KXBTC15M-26OCT042315-15,0.0980,0.01,yes
2026-10-05T03:14:07.437812Z,KXBTC15M-26OCT042315-15,0.0980,0.01,yes
2026-10-05T03:14:07.437812Z,KXBTC15M-26OCT042315-15,0.1000,0.33,yes
2026-10-05T03:14:07.473168Z,KXBTC15M-26OCT042315-15,0.1000,9.49,yes
2026-10-05T03:14:07.477615Z,KXBTC15M-26OCT042315-15,0.1000,91.12,yes
2026-10-05T03:14:07.498741Z,KXBTC15M-26OCT042315-15,0.0970,0.01,no
2026-10-05T03:14:07.498741Z,KXBTC15M-26OCT042315-15,0.0970,0.01,no
2026-10-05T03:14:07.498741Z,KXBTC15M-26OCT042315-15,0.0960,3.21,no
2026-10-05T03:14:07.508085Z,KXBTC15M-26OCT042315-15,0.0970,70.58,no
2026-10-05T03:14:07.508085Z,KXBTC15M-26OCT042315-15,0.0970,0.01,no
2026-10-05T03:14:07.591343Z,KXBTC15M-26OCT042315-15,0.0980,26.98,no
2026-10-05T03:14:07.591343Z,KXBTC15M-26OCT042315-15,0.0980,0.01,no
2026-10-05T03:14:07.591343Z,KXBTC15M-26OCT042315-15,0.0980,0.01,no
2026-10-05T03:14:07.635927Z,KXBTC15M-26OCT042315-15,0.0990,203.47,no
2026-10-05T03:14:07.670751Z,KXBTC15M-26OCT042315-15,0.1000,6.98,yes
2026-10-05T03:14:07.670751Z,KXBTC15M-26OCT042315-15,0.1000,0.01,yes
2026-10-05T03:14:07.670751Z,KXBTC15M-26OCT042315-15,0.1000,0.01,yes
2026-10-05T03:14:07.687341Z,KXBTC15M-26OCT042315-15,0.0990,0.01,no
2026-10-05T03:14:07.687341Z,KXBTC15M-26OCT042315-15,0.0980,181.52,no
2026-10-05T03:14:07.687341Z,KXBTC15M-26OCT042315-15,0.0980,0.01,no
2026-10-05T03:14:07.687341Z,KXBTC15M-26OCT042315-15,0.0990,0.01,no
2026-10-05T03:14:07.687341Z,KXBTC15M-26OCT042315-15,0.0980,0.01,no
2026-10-05T03:14:07.69117Z,KXBTC15M-26OCT042315-15,0.0860,192.00,no
2026-10-05T03:14:07.69117Z,KXBTC15M-26OCT042315-15,0.0900,15.00,no
2026-10-05T03:14:07.69117Z,KXBTC15M-26OCT042315-15,0.0900,93.75,no
2026-10-05T03:14:07.69117Z,KXBTC15M-26OCT042315-15,0.0850,642.06,no
2026-10-05T03:14:07.69117Z,KXBTC15M-26OCT042315-15,0.0990,318.48,no
2026-10-05T03:14:07.69117Z,KXBTC15M-26OCT042315-15,0.0860,8.00,no
2026-10-05T03:14:07.69117Z,KXBTC15M-26OCT042315-15,0.0900,93.75,no
2026-10-05T03:14:07.69117Z,KXBTC15M-26OCT042315-15,0.0950,15.00,no
2026-10-05T03:14:07.69117Z,KXBTC15M-26OCT042315-15,0.0900,15.00,no
2026-10-05T03:14:07.69117Z,KXBTC15M-26OCT042315-15,0.0920,5.00,no
2026-10-05T03:14:07.720887Z,KXBTC15M-26OCT042315-15,0.0860,8.00,no
2026-10-05T03:14:07.720887Z,KXBTC15M-26OCT042315-15,0.0850,28.42,no
2026-10-05T03:14:07.720887Z,KXBTC15M-26OCT042315-15,0.0920,5.00,no
2026-10-05T03:14:07.720887Z,KXBTC15M-26OCT042315-15,0.0850,64.00,no
2026-10-05T03:14:07.720887Z,KXBTC15M-26OCT042315-15,0.0990,0.01,no
2026-10-05T03:14:07.720887Z,KXBTC15M-26OCT042315-15,0.0990,0.01,no
2026-10-05T03:14:07.72189Z,KXBTC15M-26OCT042315-15,0.0850,15.00,no
2026-10-05T03:14:07.72189Z,KXBTC15M-26OCT042315-15,0.0850,35.58,no
2026-10-05T03:14:07.72189Z,KXBTC15M-26OCT042315-15,0.0850,15.00,no
2026-10-05T03:14:07.72189Z,KXBTC15M-26OCT042315-15,0.0820,268.00,no
2026-10-05T03:14:07.72189Z,KXBTC15M-26OCT042315-15,0.0800,15.00,no
2026-10-05T03:14:07.72189Z,KXBTC15M-26OCT042315-15,0.0790,105.69,no
2026-10-05T03:14:07.72189Z,KXBTC15M-26OCT042315-15,0.0800,93.75,no
2026-10-05T03:14:07.72189Z,KXBTC15M-26OCT042315-15,0.0810,1047.00,no
2026-10-05T03:14:07.72189Z,KXBTC15M-26OCT042315-15,0.0800,93.75,no
2026-10-05T03:14:07.729127Z,KXBTC15M-26OCT042315-15,0.0830,8.00,no
2026-10-05T03:14:07.729127Z,KXBTC15M-26OCT042315-15,0.0800,5.00,no
2026-10-05T03:14:07.729127Z,KXBTC15M-26OCT042315-15,0.0750,94.90,no
2026-10-05T03:14:07.729127Z,KXBTC15M-26OCT042315-15,0.0820,8.00,no
2026-10-05T03:14:07.729127Z,KXBTC15M-26OCT042315-15,0.0750,15.00,no
2026-10-05T03:14:07.731705Z,KXBTC15M-26OCT042315-15,0.0880,25.00,yes
2026-10-05T03:14:07.792039Z,KXBTC15M-26OCT042315-15,0.0870,0.85,no
2026-10-05T03:14:07.796995Z,KXBTC15M-26OCT042315-15,0.0860,0.01,no
2026-10-05T03:14:07.796995Z,KXBTC15M-26OCT042315-15,0.0800,8.00,no
2026-10-05T03:14:07.796995Z,KXBTC15M-26OCT042315-15,0.0870,0.01,no
2026-10-05T03:14:07.796995Z,KXBTC15M-26OCT042315-15,0.0800,1.11,no
2026-10-05T03:14:07.796995Z,KXBTC15M-26OCT042315-15,0.0870,0.01,no
2026-10-05T03:14:07.796995Z,KXBTC15M-26OCT042315-15,0.0870,5.00,no
2026-10-05T03:14:07.796995Z,KXBTC15M-26OCT042315-15,0.0860,0.01,no
2026-10-05T03:14:07.796995Z,KXBTC15M-26OCT042315-15,0.0790,31.76,no
2026-10-05T03:14:07.813113Z,KXBTC15M-26OCT042315-15,0.0810,122.16,no
2026-10-05T03:14:07.826266Z,KXBTC15M-26OCT042315-15,0.0810,28.08,no
2026-10-05T03:14:07.838523Z,KXBTC15M-26OCT042315-15,0.0810,10.46,no
2026-10-05T03:14:07.846733Z,KXBTC15M-26OCT042315-15,0.0810,43.30,no
2026-10-05T03:14:07.846733Z,KXBTC15M-26OCT042315-15,0.0810,18.24,no
2026-10-05T03:14:07.864152Z,KXBTC15M-26OCT042315-15,0.0810,5.99,no
2026-10-05T03:14:07.887456Z,KXBTC15M-26OCT042315-15,0.0820,4.00,yes
2026-10-05T03:14:07.899947Z,KXBTC15M-26OCT042315-15,0.0820,3.75,yes
2026-10-05T03:14:07.932145Z,KXBTC15M-26OCT042315-15,0.0810,1.25,no
2026-10-05T03:14:07.953285Z,KXBTC15M-26OCT042315-15,0.0810,3.23,no
2026-10-05T03:14:07.96308Z,KXBTC15M-26OCT042315-15,0.0810,10.00,no
2026-10-05T03:14:07.971501Z,KXBTC15M-26OCT042315-15,0.0810,286.94,no
2026-10-05T03:14:07.972671Z,KXBTC15M-26OCT042315-15,0.0810,0.01,no
2026-10-05T03:14:07.972671Z,KXBTC15M-26OCT042315-15,0.0810,174.35,no
2026-10-05T03:14:07.972671Z,KXBTC15M-26OCT042315-15,0.0810,0.01,no
2026-10-05T03:14:07.980279Z,KXBTC15M-26OCT042315-15,0.0820,47.03,yes
2026-10-05T03:14:07.992101Z,KXBTC15M-26OCT042315-15,0.0810,0.01,no
2026-10-05T03:14:07.992101Z,KXBTC15M-26OCT042315-15,0.0810,0.01,no
2026-10-05T03:14:08.033406Z,KXBTC15M-26OCT042315-15,0.0800,0.38,no
2026-10-05T03:14:08.033406Z,KXBTC15M-26OCT042315-15,0.0800,0.01,no
2026-10-05T03:14:08.033406Z,KXBTC15M-26OCT042315-15,0.0800,0.01,no
2026-10-05T03:14:08.050859Z,KXBTC15M-26OCT042315-15,0.0800,2.92,no
2026-10-05T03:14:08.063463Z,KXBTC15M-26OCT042315-15,0.0810,13.40,yes
2026-10-05T03:14:08.063463Z,KXBTC15M-26OCT042315-15,0.0810,0.01,yes
2026-10-05T03:14:08.063463Z,KXBTC15M-26OCT042315-15,0.0810,0.01,yes
2026-10-05T03:14:08.063463Z,KXBTC15M-26OCT042315-15,0.0810,7.00,yes
2026-10-05T03:14:08.071472Z,KXBTC15M-26OCT042315-15,0.0810,12.00,yes
2026-10-05T03:14:08.099742Z,KXBTC15M-26OCT042315-15,0.0800,34.50,no
2026-10-05T03:14:08.13093Z,KXBTC15M-26OCT042315-15,0.0800,71.02,no
2026-10-05T03:14:08.131196Z,KXBTC15M-26OCT042315-15,0.0810,1.07,yes
2026-10-05T03:14:08.137399Z,KXBTC15M-26OCT042315-15,0.0810,19.00,yes
2026-10-05T03:14:08.15548Z,KXBTC15M-26OCT042315-15,0.0810,21.36,yes
2026-10-05T03:14:08.156828Z,KXBTC15M-26OCT042315-15,0.0800,28.67,no
2026-10-05T03:14:08.156828Z,KXBTC15M-26OCT042315-15,0.0800,0.01,no
2026-10-05T03:14:08.156828Z,KXBTC15M-26OCT042315-15,0.0800,18.65,no
2026-10-05T03:14:08.156828Z,KXBTC15M-26OCT042315-15,0.0800,0.01,no
2026-10-05T03:14:08.158043Z,KXBTC15M-26OCT042315-15,0.0810,171.82,yes
2026-10-05T03:14:08.172999Z,KXBTC15M-26OCT042315-15,0.0800,2.12,no
2026-10-05T03:14:08.178668Z,KXBTC15M-26OCT042315-15,0.0800,1.06,no
2026-10-05T03:14:08.214063Z,KXBTC15M-26OCT042315-15,0.0800,61.90,no
2026-10-05T03:14:08.214063Z,KXBTC15M-26OCT042315-15,0.0730,8.00,no
2026-10-05T03:14:08.214063Z,KXBTC15M-26OCT042315-15,0.0800,0.01,no
2026-10-05T03:14:08.214063Z,KXBTC15M-26OCT042315-15,0.0720,142.08,no
2026-10-05T03:14:08.214063Z,KXBTC15M-26OCT042315-15,0.0800,17.46,no
2026-10-05T03:14:08.214063Z,KXBTC15M-26OCT042315-15,0.0800,0.01,no
2026-10-05T03:14:08.214063Z,KXBTC15M-26OCT042315-15,0.0800,15.00,no
2026-10-05T03:14:08.214063Z,KXBTC15M-26OCT042315-15,0.0750,5.00,no
2026-10-05T03:14:08.220464Z,KXBTC15M-26OCT042315-15,0.0750,22.91,yes
2026-10-05T03:14:08.27213Z,KXBTC15M-26OCT042315-15,0.0730,0.01,no
2026-10-05T03:14:08.27213Z,KXBTC15M-26OCT042315-15,0.0700,28.56,no
2026-10-05T03:14:08.27213Z,KXBTC15M-26OCT042315-15,0.0740,5.00,no
2026-10-05T03:14:08.27213Z,KXBTC15M-26OCT042315-15,0.0740,0.01,no
2026-10-05T03:14:08.27213Z,KXBTC15M-26OCT042315-15,0.0740,0.01,no
2026-10-05T03:14:08.27213Z,KXBTC15M-26OCT042315-15,0.0740,500.00,no
2026-10-05T03:14:08.27213Z,KXBTC15M-26OCT042315-15,0.0700,1.00,no
2026-10-05T03:14:08.274562Z,KXBTC15M-26OCT042315-15,0.0750,309.38,yes
2026-10-05T03:14:08.308836Z,KXBTC15M-26OCT042315-15,0.0710,509.00,yes
2026-10-05T03:14:08.343578Z,KXBTC15M-26OCT042315-15,0.0710,1.71,yes
2026-10-05T03:14:08.36244Z,KXBTC15M-26OCT042315-15,0.0710,530.00,yes
2026-10-05T03:14:08.385717Z,KXBTC15M-26OCT042315-15,0.0710,25.00,yes
2026-10-05T03:14:08.404881Z,KXBTC15M-26OCT042315-15,0.0700,4.02,no
2026-10-05T03:14:08.42657Z,KXBTC15M-26OCT042315-15,0.0700,0.01,no
2026-10-05T03:14:08.42657Z,KXBTC15M-26OCT042315-15,0.0700,0.01,no
2026-10-05T03:14:08.42657Z,KXBTC15M-26OCT042315-15,0.0700,0.70,no
2026-10-05T03:14:08.486743Z,KXBTC15M-26OCT042315-15,0.0700,317.03,no
2026-10-05T03:14:08.490363Z,KXBTC15M-26OCT042315-15,0.0700,202.27,no
2026-10-05T03:14:08.493954Z,KXBTC15M-26OCT042315-15,0.0700,4.23,no
2026-10-05T03:14:08.504964Z,KXBTC15M-26OCT042315-15,0.0710,3.00,yes
2026-10-05T03:14:08.559891Z,KXBTC15M-26OCT042315-15,0.0710,755.06,yes
2026-10-05T03:14:08.562061Z,KXBTC15M-26OCT042315-15,0.0700,8.39,no
2026-10-05T03:14:08.615256Z,KXBTC15M-26OCT042315-15,0.0700,66.87,no
2026-10-05T03:14:08.646515Z,KXBTC15M-26OCT042315-15,0.0700,5.00,no
2026-10-05T03:14:08.646515Z,KXBTC15M-26OCT042315-15,0.0700,0.01,no
2026-10-05T03:14:08.646515Z,KXBTC15M-26OCT042315-15,0.0690,132.57,no
2026-10-05T03:14:08.646515Z,KXBTC15M-26OCT042315-15,0.0700,0.01,no
2026-10-05T03:14:08.653727Z,KXBTC15M-26OCT042315-15,0.0700,4.00,no
2026-10-05T03:14:08.666591Z,KXBTC15M-26OCT042315-15,0.0710,161.99,yes
2026-10-05T03:14:08.672663Z,KXBTC15M-26OCT042315-15,0.0700,0.01,no
2026-10-05T03:14:08.676184Z,KXBTC15M-26OCT042315-15,0.0710,54.83,yes
2026-10-05T03:14:08.679374Z,KXBTC15M-26OCT042315-15,0.0700,0.01,no
2026-10-05T03:14:08.679374Z,KXBTC15M-26OCT042315-15,0.0700,0.01,no
2026-10-05T03:14:08.679374Z,KXBTC15M-26OCT042315-15,0.0700,3.48,no
2026-10-05T03:14:08.695905Z,KXBTC15M-26OCT042315-15,0.0700,3.24,no
2026-10-05T03:14:08.703364Z,KXBTC15M-26OCT042315-15,0.0710,68.00,yes
2026-10-05T03:14:08.704826Z,KXBTC15M-26OCT042315-15,0.0710,1011.31,yes
2026-10-05T03:14:08.710332Z,KXBTC15M-26OCT042315-15,0.0610,540.00,no
2026-10-05T03:14:08.710332Z,KXBTC15M-26OCT042315-15,0.0700,0.01,no
2026-10-05T03:14:08.710332Z,KXBTC15M-26OCT042315-15,0.0700,50.00,no
2026-10-05T03:14:08.710332Z,KXBTC15M-26OCT042315-15,0.0700,493.28,no
2026-10-05T03:14:08.710332Z,KXBTC15M-26OCT042315-15,0.0600,50.00,no
2026-10-05T03:14:08.710332Z,KXBTC15M-26OCT042315-15,0.0550,868.76,no
2026-10-05T03:14:08.710332Z,KXBTC15M-26OCT042315-15,0.0610,9.00,no
2026-10-05T03:14:08.710332Z,KXBTC15M-26OCT042315-15,0.0700,0.01,no
2026-10-05T03:14:08.710332Z,KXBTC15M-26OCT042315-15,0.0700,5.00,no
2026-10-05T03:14:08.710332Z,KXBTC15M-26OCT042315-15,0.0580,500.00,no
2026-10-05T03:14:08.728932Z,KXBTC15M-26OCT042315-15,0.0610,121.67,yes
2026-10-05T03:14:08.75581Z,KXBTC15M-26OCT042315-15,0.0610,494.00,yes
2026-10-05T03:14:08.765219Z,KXBTC15M-26OCT042315-15,0.0630,7.00,yes
2026-10-05T03:14:08.765219Z,KXBTC15M-26OCT042315-15,0.0610,0.01,yes
2026-10-05T03:14:08.765219Z,KXBTC15M-26OCT042315-15,0.0610,0.01,yes
2026-10-05T03:14:08.765219Z,KXBTC15M-26OCT042315-15,0.0640,197.11,yes
2026-10-05T03:14:08.774004Z,KXBTC15M-26OCT042315-15,0.0610,0.72,no
2026-10-05T03:14:08.780047Z,KXBTC15M-26OCT042315-15,0.0610,5.00,no
2026-10-05T03:14:08.780047Z,KXBTC15M-26OCT042315-15,0.0600,0.01,no
2026-10-05T03:14:08.780047Z,KXBTC15M-26OCT042315-15,0.0590,0.01,no
2026-10-05T03:14:08.780047Z,KXBTC15M-26OCT042315-15,0.0570,9.00,no
2026-10-05T03:14:08.780047Z,KXBTC15M-26OCT042315-15,0.0600,0.01,no
2026-10-05T03:14:08.780047Z,KXBTC15M-26OCT042315-15,0.0560,61.38,no
2026-10-05T03:14:08.780047Z,KXBTC15M-26OCT042315-15,0.0590,0.01,no
2026-10-05T03:14:08.792889Z,KXBTC15M-26OCT042315-15,0.0570,1.38,no
2026-10-05T03:14:08.792889Z,KXBTC15M-26OCT042315-15,0.0600,0.01,no
2026-10-05T03:14:08.792889Z,KXBTC15M-26OCT042315-15,0.0600,0.01,no
2026-10-05T03:14:08.79522Z,KXBTC15M-26OCT042315-15,0.0570,0.01,no
2026-10-05T03:14:08.79522Z,KXBTC15M-26OCT042315-15,0.0560,80.88,no
2026-10-05T03:14:08.79522Z,KXBTC15M-26OCT042315-15,0.0570,9.00,no
2026-10-05T03:14:08.79522Z,KXBTC15M-26OCT042315-15,0.0610,3.62,no
2026-10-05T03:14:08.83069Z,KXBTC15M-26OCT042315-15,0.0600,1.00,yes
2026-10-05T03:14:08.83395Z,KXBTC15M-26OCT042315-15,0.0590,5.00,no
2026-10-05T03:14:08.83395Z,KXBTC15M-26OCT042315-15,0.0580,12.05,no
2026-10-05T03:14:08.83395Z,KXBTC15M-26OCT042315-15,0.0590,279.00,no
2026-10-05T03:14:08.83395Z,KXBTC15M-26OCT042315-15,0.0580,500.00,no
2026-10-05T03:14:08.834367Z,KXBTC15M-26OCT042315-15,0.0610,5.20,yes
2026-10-05T03:14:08.834367Z,KXBTC15M-26OCT042315-15,0.0600,8.00,yes
2026-10-05T03:14:08.834367Z,KXBTC15M-26OCT042315-15,0.0600,0.01,yes
2026-10-05T03:14:08.834367Z,KXBTC15M-26OCT042315-15,0.0600,0.01,yes
2026-10-05T03:14:08.860858Z,KXBTC15M-26OCT042315-15,0.0600,0.26,no
2026-10-05T03:14:08.872339Z,KXBTC15M-26OCT042315-15,0.0610,25.00,yes
2026-10-05T03:14:08.89896Z,KXBTC15M-26OCT042315-15,0.0590,150.83,no
2026-10-05T03:14:08.89896Z,KXBTC15M-26OCT042315-15,0.0600,5.00,no
2026-10-05T03:14:08.923524Z,KXBTC15M-26OCT042315-15,0.0600,5.00,no
2026-10-05T03:14:08.923524Z,KXBTC15M-26OCT042315-15,0.0590,4.07,no
2026-10-05T03:14:08.955511Z,KXBTC15M-26OCT042315-15,0.0610,3.00,yes
2026-10-05T03:14:08.99474Z,KXBTC15M-26OCT042315-15,0.0600,0.01,no
2026-10-05T03:14:08.99474Z,KXBTC15M-26OCT042315-15,0.0600,1.82,no
2026-10-05T03:14:09.020685Z,KXBTC15M-26OCT042315-15,0.0610,7.69,yes
2026-10-05T03:14:09.034216Z,KXBTC15M-26OCT042315-15,0.0610,2415.99,yes
2026-10-05T03:14:09.034216Z,KXBTC15M-26OCT042315-15,0.0600,0.01,yes
2026-10-05T03:14:09.034216Z,KXBTC15M-26OCT042315-15,0.0600,324.00,yes
2026-10-05T03:14:09.056933Z,KXBTC15M-26OCT042315-15,0.0610,0.01,yes
2026-10-05T03:14:09.056933Z,KXBTC15M-26OCT042315-15,0.0610,0.01,yes
2026-10-05T03:14:09.056933Z,KXBTC15M-26OCT042315-15,0.0600,0.01,yes
2026-10-05T03:14:09.056933Z,KXBTC15M-26OCT042315-15,0.0600,0.01,yes
2026-10-05T03:14:09.056933Z,KXBTC15M-26OCT042315-15,0.0600,1.00,yes
2026-10-05T03:14:09.103798Z,KXBTC15M-26OCT042315-15,0.0670,15.98,yes
2026-10-05T03:14:09.103798Z,KXBTC15M-26OCT042315-15,0.0660,0.01,yes
2026-10-05T03:14:09.103798Z,KXBTC15M-26OCT042315-15,0.0660,0.01,yes
2026-10-05T03:14:09.103798Z,KXBTC15M-26OCT042315-15,0.0660,7.00,yes
2026-10-05T03:14:09.169358Z,KXBTC15M-26OCT042315-15,0.0650,27.24,no
2026-10-05T03:14:09.169358Z,KXBTC15M-26OCT042315-15,0.0650,0.01,no
2026-10-05T03:14:09.169358Z,KXBTC15M-26OCT042315-15,0.0650,0.01,no
2026-10-05T03:14:09.183127Z,KXBTC15M-26OCT042315-15,0.0650,9.66,no
2026-10-05T03:14:09.192566Z,KXBTC15M-26OCT042315-15,0.0660,13.22,yes
2026-10-05T03:14:09.219112Z,KXBTC15M-26OCT042315-15,0.0650,76.61,no
2026-10-05T03:14:09.231002Z,KXBTC15M-26OCT042315-15,0.0650,309.00,no
2026-10-05T03:14:09.244417Z,KXBTC15M-26OCT042315-15,0.0650,5.28,no
2026-10-05T03:14:09.261778Z,KXBTC15M-26OCT042315-15,0.0660,3.20,yes
2026-10-05T03:14:09.297324Z,KXBTC15M-26OCT042315-15,0.0650,72.21,no
2026-10-05T03:14:09.297324Z,KXBTC15M-26OCT042315-15,0.0650,64.00,no
2026-10-05T03:14:09.297324Z,KXBTC15M-26OCT042315-15,0.0550,54.20,no
2026-10-05T03:14:09.297324Z,KXBTC15M-26OCT042315-15,0.0600,81.92,no
2026-10-05T03:14:09.297324Z,KXBTC15M-26OCT042315-15,0.0650,0.01,no
2026-10-05T03:14:09.297324Z,KXBTC15M-26OCT042315-15,0.0650,0.01,no
2026-10-05T03:14:09.297324Z,KXBTC15M-26OCT042315-15,0.0600,14.41,no
2026-10-05T03:14:09.297324Z,KXBTC15M-26OCT042315-15,0.0600,64.00,no
2026-10-05T03:14:09.297324Z,KXBTC15M-26OCT042315-15,0.0560,9.00,no
2026-10-05T03:14:09.323408Z,KXBTC15M-26OCT042315-15,0.0600,19.79,no
2026-10-05T03:14:09.359685Z,KXBTC15M-26OCT042315-15,0.0520,500.00,no
2026-10-05T03:14:09.359685Z,KXBTC15M-26OCT042315-15,0.0500,1.00,no
2026-10-05T03:14:09.359685Z,KXBTC15M-26OCT042315-15,0.0540,9.00,no
2026-10-05T03:14:09.359685Z,KXBTC15M-26OCT042315-15,0.0500,15.00,no
2026-10-05T03:14:09.359685Z,KXBTC15M-26OCT042315-15,0.0480,114.00,no
2026-10-05T03:14:09.359685Z,KXBTC15M-26OCT042315-15,0.0600,44.21,no
2026-10-05T03:14:09.359685Z,KXBTC15M-26OCT042315-15,0.0600,0.01,no
2026-10-05T03:14:09.359685Z,KXBTC15M-26OCT042315-15,0.0570,2.55,no
2026-10-05T03:14:09.359685Z,KXBTC15M-26OCT042315-15,0.0600,0.01,no
2026-10-05T03:14:09.359685Z,KXBTC15M-26OCT042315-15,0.0500,8.19,no
2026-10-05T03:14:09.359685Z,KXBTC15M-26OCT042315-15,0.0500,53.90,no
2026-10-05T03:14:09.359685Z,KXBTC15M-26OCT042315-15,0.0500,6.00,no
2026-10-05T03:14:09.359685Z,KXBTC15M-26OCT042315-15,0.0500,21.09,no
2026-10-05T03:14:09.359685Z,KXBTC15M-26OCT042315-15,0.0500,66.80,no
2026-10-05T03:14:09.359685Z,KXBTC15M-26OCT042315-15,0.0500,65.90,no
2026-10-05T03:14:09.359685Z,KXBTC15M-26OCT042315-15,0.0500,9.09,no
2026-10-05T03:14:09.359685Z,KXBTC15M-26OCT042315-15,0.0470,40.72,no
2026-10-05T03:14:09.359685Z,KXBTC15M-26OCT042315-15,0.0500,6.00,no
2026-10-05T03:14:09.430421Z,KXBTC15M-26OCT042315-15,0.0580,902.78,yes
2026-10-05T03:14:09.452057Z,KXBTC15M-26OCT042315-15,0.0580,2.00,yes
2026-10-05T03:14:09.469504Z,KXBTC15M-26OCT042315-15,0.0550,5.16,no
2026-10-05T03:14:09.469504Z,KXBTC15M-26OCT042315-15,0.0570,0.01,no
2026-10-05T03:14:09.469504Z,KXBTC15M-26OCT042315-15,0.0570,0.01,no
2026-10-05T03:14:09.476165Z,KXBTC15M-26OCT042315-15,0.0580,14.22,yes
2026-10-05T03:14:09.502678Z,KXBTC15M-26OCT042315-15,0.0560,5.00,no
2026-10-05T03:14:09.504785Z,KXBTC15M-26OCT042315-15,0.0560,91.00,no
2026-10-05T03:14:09.54305Z,KXBTC15M-26OCT042315-15,0.0560,22.56,no
2026-10-05T03:14:09.544726Z,KXBTC15M-26OCT042315-15,0.0570,18.00,yes
2026-10-05T03:14:09.545559Z,KXBTC15M-26OCT042315-15,0.0560,381.44,no
2026-10-05T03:14:09.545559Z,KXBTC15M-26OCT042315-15,0.0550,53.24,no
2026-10-05T03:14:09.593151Z,KXBTC15M-26OCT042315-15,0.0550,180.36,no
2026-10-05T03:14:09.593151Z,KXBTC15M-26OCT042315-15,0.0550,5.60,no
2026-10-05T03:14:09.61402Z,KXBTC15M-26OCT042315-15,0.0550,1.55,no
2026-10-05T03:14:09.615079Z,KXBTC15M-26OCT042315-15,0.0560,230.73,yes
2026-10-05T03:14:09.627066Z,KXBTC15M-26OCT042315-15,0.0560,25.00,yes
2026-10-05T03:14:09.740824Z,KXBTC15M-26OCT042315-15,0.0550,236.74,no
2026-10-05T03:14:09.790261Z,KXBTC15M-26OCT042315-15,0.0550,32.08,no
2026-10-05T03:14:09.814656Z,KXBTC15M-26OCT042315-15,0.0580,6.98,yes
2026-10-05T03:14:09.814656Z,KXBTC15M-26OCT042315-15,0.0560,5.00,yes
2026-10-05T03:14:09.814656Z,KXBTC15M-26OCT042315-15,0.0560,0.01,yes
2026-10-05T03:14:09.814656Z,KXBTC15M-26OCT042315-15,0.0560,0.01,yes
2026-10-05T03:14:09.814656Z,KXBTC15M-26OCT042315-15,0.0570,8.00,yes
2026-10-05T03:14:09.824255Z,KXBTC15M-26OCT042315-15,0.0550,11.53,no
2026-10-05T03:14:09.881409Z,KXBTC15M-26OCT042315-15,0.0570,0.01,yes
2026-10-05T03:14:09.881409Z,KXBTC15M-26OCT042315-15,0.0570,0.01,yes
2026-10-05T03:14:09.881409Z,KXBTC15M-26OCT042315-15,0.0580,24.98,yes
2026-10-05T03:14:09.925196Z,KXBTC15M-26OCT042315-15,0.0570,0.01,yes
2026-10-05T03:14:09.925196Z,KXBTC15M-26OCT042315-15,0.0570,1.00,yes
2026-10-05T03:14:09.925196Z,KXBTC15M-26OCT042315-15,0.0570,0.01,yes
2026-10-05T03:14:09.925196Z,KXBTC15M-26OCT042315-15,0.0580,31.23,yes
2026-10-05T03:14:09.949123Z,KXBTC15M-26OCT042315-15,0.0560,3.99,no
2026-10-05T03:14:10.067435Z,KXBTC15M-26OCT042315-15,0.0560,1.00,no
2026-10-05T03:14:10.149415Z,KXBTC15M-26OCT042315-15,0.0560,0.01,no
2026-10-05T03:14:10.149415Z,KXBTC15M-26OCT042315-15,0.0560,0.01,no
2026-10-05T03:14:10.149415Z,KXBTC15M-26OCT042315-15,0.0560,7.98,no
2026-10-05T03:14:10.152463Z,KXBTC15M-26OCT042315-15,0.0560,124.94,no
2026-10-05T03:14:10.152463Z,KXBTC15M-26OCT042315-15,0.0560,8.64,no
2026-10-05T03:14:10.15785Z,KXBTC15M-26OCT042315-15,0.0560,4.94,no
2026-10-05T03:14:10.206985Z,KXBTC15M-26OCT042315-15,0.0560,110.67,no
2026-10-05T03:14:10.265658Z,KXBTC15M-26OCT042315-15,0.0570,6.00,yes
2026-10-05T03:14:10.265658Z,KXBTC15M-26OCT042315-15,0.0570,0.01,yes
2026-10-05T03:14:10.265658Z,KXBTC15M-26OCT042315-15,0.0570,8.00,yes
2026-10-05T03:14:10.265658Z,KXBTC15M-26OCT042315-15,0.0580,376.97,yes
2026-10-05T03:14:10.265658Z,KXBTC15M-26OCT042315-15,0.0570,0.01,yes
2026-10-05T03:14:10.265658Z,KXBTC15M-26OCT042315-15,0.0570,0.01,yes
2026-10-05T03:14:10.29098Z,KXBTC15M-26OCT042315-15,0.0560,1.05,no
2026-10-05T03:14:10.299448Z,KXBTC15M-26OCT042315-15,0.0560,5.00,no
2026-10-05T03:14:10.299502Z,KXBTC15M-26OCT042315-15,0.0580,109.98,yes
2026-10-05T03:14:10.299502Z,KXBTC15M-26OCT042315-15,0.0570,8.00,yes
2026-10-05T03:14:10.299502Z,KXBTC15M-26OCT042315-15,0.0570,0.01,yes
2026-10-05T03:14:10.299502Z,KXBTC15M-26OCT042315-15,0.0570,0.01,yes
2026-10-05T03:14:10.351609Z,KXBTC15M-26OCT042315-15,0.0480,500.00,no
2026-10-05T03:14:10.351609Z,KXBTC15M-26OCT042315-15,0.0500,65.19,no
2026-10-05T03:14:10.351609Z,KXBTC15M-26OCT042315-15,0.0450,10.00,no
2026-10-05T03:14:10.351609Z,KXBTC15M-26OCT042315-15,0.0560,253.40,no
2026-10-05T03:14:10.351609Z,KXBTC15M-26OCT042315-15,0.0550,10.00,no
2026-10-05T03:14:10.351609Z,KXBTC15M-26OCT042315-15,0.0560,0.01,no
2026-10-05T03:14:10.351609Z,KXBTC15M-26OCT042315-15,0.0560,0.01,no
2026-10-05T03:14:10.351609Z,KXBTC15M-26OCT042315-15,0.0390,194.51,no
2026-10-05T03:14:10.351609Z,KXBTC15M-26OCT042315-15,0.0550,64.00,no
2026-10-05T03:14:10.351609Z,KXBTC15M-26OCT042315-15,0.0400,9.00,no
2026-10-05T03:14:10.351609Z,KXBTC15M-26OCT042315-15,0.0500,8.00,no
2026-10-05T03:14:10.354365Z,KXBTC15M-26OCT042315-15,0.0390,133.58,no
2026-10-05T03:14:10.368431Z,KXBTC15M-26OCT042315-15,0.0580,10.98,yes
2026-10-05T03:14:10.368431Z,KXBTC15M-26OCT042315-15,0.0570,8.00,yes
2026-10-05T03:14:10.368431Z,KXBTC15M-26OCT042315-15,0.0570,0.01,yes
2026-10-05T03:14:10.368431Z,KXBTC15M-26OCT042315-15,0.0570,6.00,yes
2026-10-05T03:14:10.368431Z,KXBTC15M-26OCT042315-15,0.0570,0.01,yes
2026-10-05T03:14:10.416993Z,KXBTC15M-26OCT042315-15,0.0550,64.00,no
2026-10-05T03:14:10.416993Z,KXBTC15M-26OCT042315-15,0.0550,0.01,no
2026-10-05T03:14:10.416993Z,KXBTC15M-26OCT042315-15,0.0550,0.01,no
2026-10-05T03:14:10.416993Z,KXBTC15M-26OCT042315-15,0.0500,34.05,no
2026-10-05T03:14:10.428239Z,KXBTC15M-26OCT042315-15,0.0500,1.44,no
2026-10-05T03:14:10.428239Z,KXBTC15M-26OCT042315-15,0.0500,29.95,no
2026-10-05T03:14:10.454693Z,KXBTC15M-26OCT042315-15,0.0510,1.42,yes
2026-10-05T03:14:10.463024Z,KXBTC15M-26OCT042315-15,0.0510,80.97,yes
2026-10-05T03:14:10.466488Z,KXBTC15M-26OCT042315-15,0.0510,226.55,yes
2026-10-05T03:14:10.478412Z,KXBTC15M-26OCT042315-15,0.0510,8.43,yes
2026-10-05T03:14:10.501599Z,KXBTC15M-26OCT042315-15,0.0500,162.67,no
2026-10-05T03:14:10.536231Z,KXBTC15M-26OCT042315-15,0.0500,28.67,no
2026-10-05T03:14:10.553441Z,KXBTC15M-26OCT042315-15,0.0510,127.20,yes
2026-10-05T03:14:10.57778Z,KXBTC15M-26OCT042315-15,0.0510,8.88,yes
2026-10-05T03:14:10.583517Z,KXBTC15M-26OCT042315-15,0.0500,20.41,no
2026-10-05T03:14:10.600812Z,KXBTC15M-26OCT042315-15,0.0500,75.00,no
2026-10-05T03:14:10.650444Z,KXBTC15M-26OCT042315-15,0.0500,511.81,no
2026-10-05T03:14:10.650444Z,KXBTC15M-26OCT042315-15,0.0500,64.00,no
2026-10-05T03:14:10.650444Z,KXBTC15M-26OCT042315-15,0.0500,0.01,no
2026-10-05T03:14:10.650444Z,KXBTC15M-26OCT042315-15,0.0500,0.01,no
2026-10-05T03:14:10.650444Z,KXBTC15M-26OCT042315-15,0.0500,364.63,no
2026-10-05T03:14:10.65837Z,KXBTC15M-26OCT042315-15,0.0510,3.00,yes
2026-10-05T03:14:10.661974Z,KXBTC15M-26OCT042315-15,0.0500,61.20,no
2026-10-05T03:14:10.661974Z,KXBTC15M-26OCT042315-15,0.0500,0.01,no
2026-10-05T03:14:10.671823Z,KXBTC15M-26OCT042315-15,0.0510,1617.59,yes
2026-10-05T03:14:10.691014Z,KXBTC15M-26OCT042315-15,0.0500,2.80,no
2026-10-05T03:14:10.691014Z,KXBTC15M-26OCT042315-15,0.0500,1.28,no
2026-10-05T03:14:10.697496Z,KXBTC15M-26OCT042315-15,0.0510,3.00,yes
2026-10-05T03:14:10.702199Z,KXBTC15M-26OCT042315-15,0.0510,3.29,yes
2026-10-05T03:14:10.740178Z,KXBTC15M-26OCT042315-15,0.0510,2.00,yes
2026-10-05T03:14:10.793954Z,KXBTC15M-26OCT042315-15,0.0510,1.00,yes
2026-10-05T03:14:10.798296Z,KXBTC15M-26OCT042315-15,0.0510,25.00,yes
2026-10-05T03:14:10.803607Z,KXBTC15M-26OCT042315-15,0.0500,3.40,no
2026-10-05T03:14:10.829992Z,KXBTC15M-26OCT042315-15,0.0510,1.00,yes
2026-10-05T03:14:10.830519Z,KXBTC15M-26OCT042315-15,0.0510,18.38,yes
2026-10-05T03:14:10.839738Z,KXBTC15M-26OCT042315-15,0.0500,38.26,no
2026-10-05T03:14:10.845186Z,KXBTC15M-26OCT042315-15,0.0510,9.37,yes
2026-10-05T03:14:10.846796Z,KXBTC15M-26OCT042315-15,0.0500,25.85,no
2026-10-05T03:14:10.874042Z,KXBTC15M-26OCT042315-15,0.0500,104.89,no
2026-10-05T03:14:10.893997Z,KXBTC15M-26OCT042315-15,0.0500,103.31,no
2026-10-05T03:14:10.908719Z,KXBTC15M-26OCT042315-15,0.0510,3.75,yes
2026-10-05T03:14:10.932495Z,KXBTC15M-26OCT042315-15,0.0500,2.86,no
2026-10-05T03:14:10.967433Z,KXBTC15M-26OCT042315-15,0.0510,287.87,yes
2026-10-05T03:14:10.976503Z,KXBTC15M-26OCT042315-15,0.0510,25.00,yes
2026-10-05T03:14:10.985377Z,KXBTC15M-26OCT042315-15,0.0500,64.00,no
2026-10-05T03:14:10.985377Z,KXBTC15M-26OCT042315-15,0.0500,29.50,no
2026-10-05T03:14:10.985377Z,KXBTC15M-26OCT042315-15,0.0500,0.01,no
2026-10-05T03:14:10.988881Z,KXBTC15M-26OCT042315-15,0.0500,10.48,no
2026-10-05T03:14:11.033042Z,KXBTC15M-26OCT042315-15,0.0500,1.00,no
2026-10-05T03:14:11.044281Z,KXBTC15M-26OCT042315-15,0.0510,18.38,yes
2026-10-05T03:14:11.063648Z,KXBTC15M-26OCT042315-15,0.0500,4.51,no
2026-10-05T03:14:11.076145Z,KXBTC15M-26OCT042315-15,0.0500,4.51,no
2026-10-05T03:14:11.076145Z,KXBTC15M-26OCT042315-15,0.0500,0.01,no
2026-10-05T03:14:11.076145Z,KXBTC15M-26OCT042315-15,0.0500,5.48,no
2026-10-05T03:14:11.120102Z,KXBTC15M-26OCT042315-15,0.0510,3.00,yes
2026-10-05T03:14:11.174662Z,KXBTC15M-26OCT042315-15,0.0510,18.38,yes
2026-10-05T03:14:11.206194Z,KXBTC15M-26OCT042315-15,0.0500,0.01,no
2026-10-05T03:14:11.206194Z,KXBTC15M-26OCT042315-15,0.0500,27.46,no
2026-10-05T03:14:11.232492Z,KXBTC15M-26OCT042315-15,0.0510,281.54,yes
2026-10-05T03:14:11.244243Z,KXBTC15M-26OCT042315-15,0.0500,1.99,no
2026-10-05T03:14:11.245486Z,KXBTC15M-26OCT042315-15,0.0510,1.13,yes
2026-10-05T03:14:11.258423Z,KXBTC15M-26OCT042315-15,0.0500,4.31,no
2026-10-05T03:14:11.293722Z,KXBTC15M-26OCT042315-15,0.0500,12.37,no
2026-10-05T03:14:11.309146Z,KXBTC15M-26OCT042315-15,0.0510,1.19,yes
2026-10-05T03:14:11.31338Z,KXBTC15M-26OCT042315-15,0.0500,4.51,no
2026-10-05T03:14:11.379188Z,KXBTC15M-26OCT042315-15,0.0510,5.00,yes
2026-10-05T03:14:11.410234Z,KXBTC15M-26OCT042315-15,0.0510,10.00,yes
2026-10-05T03:14:11.436442Z,KXBTC15M-26OCT042315-15,0.0500,48.93,no
2026-10-05T03:14:11.436442Z,KXBTC15M-26OCT042315-15,0.0500,13.36,no
2026-10-05T03:14:11.440998Z,KXBTC15M-26OCT042315-15,0.0500,15.07,no
2026-10-05T03:14:11.440998Z,KXBTC15M-26OCT042315-15,0.0500,0.01,no
2026-10-05T03:14:11.452757Z,KXBTC15M-26OCT042315-15,0.0490,0.94,no
2026-10-05T03:14:11.461916Z,KXBTC15M-26OCT042315-15,0.0500,25.00,yes
2026-10-05T03:14:11.484059Z,KXBTC15M-26OCT042315-15,0.0490,26.72,no
2026-10-05T03:14:11.499413Z,KXBTC15M-26OCT042315-15,0.0500,0.01,yes
2026-10-05T03:14:11.499413Z,KXBTC15M-26OCT042315-15,0.0500,0.01,yes
2026-10-05T03:14:11.499413Z,KXBTC15M-26OCT042315-15,0.0500,17.97,yes
2026-10-05T03:14:11.499413Z,KXBTC15M-26OCT042315-15,0.0500,25.00,yes
2026-10-05T03:14:11.499413Z,KXBTC15M-26OCT042315-15,0.0500,7.00,yes
2026-10-05T03:14:11.499413Z,KXBTC15M-26OCT042315-15,0.0500,0.01,yes
2026-10-05T03:14:11.499993Z,KXBTC15M-26OCT042315-15,0.0490,155.10,no
2026-10-05T03:14:11.501326Z,KXBTC15M-26OCT042315-15,0.0490,1.90,no
2026-10-05T03:14:11.515321Z,KXBTC15M-26OCT042315-15,0.0490,102.79,no
2026-10-05T03:14:11.541048Z,KXBTC15M-26OCT042315-15,0.0490,44.30,no
2026-10-05T03:14:11.560786Z,KXBTC15M-26OCT042315-15,0.0490,139.56,no
2026-10-05T03:14:11.566994Z,KXBTC15M-26OCT042315-15,0.0490,21.18,no
2026-10-05T03:14:11.570576Z,KXBTC15M-26OCT042315-15,0.0490,225.08,no
2026-10-05T03:14:11.570576Z,KXBTC15M-26OCT042315-15,0.0490,7.51,no
2026-10-05T03:14:11.570576Z,KXBTC15M-26OCT042315-15,0.0490,0.01,no
2026-10-05T03:14:11.573397Z,KXBTC15M-26OCT042315-15,0.0500,0.49,yes
2026-10-05T03:14:11.576378Z,KXBTC15M-26OCT042315-15,0.0490,25.62,no
2026-10-05T03:14:11.578905Z,KXBTC15M-26OCT042315-15,0.0500,3.00,yes
2026-10-05T03:14:11.581711Z,KXBTC15M-26OCT042315-15,0.0490,20.78,no
2026-10-05T03:14:11.587777Z,KXBTC15M-26OCT042315-15,0.0500,1.70,yes
2026-10-05T03:14:11.58942Z,KXBTC15M-26OCT042315-15,0.0490,114.93,no
2026-10-05T03:14:11.611578Z,KXBTC15M-26OCT042315-15,0.0490,51.05,no
2026-10-05T03:14:11.650558Z,KXBTC15M-26OCT042315-15,0.0490,30.79,no
2026-10-05T03:14:11.65527Z,KXBTC15M-26OCT042315-15,0.0490,0.85,no
2026-10-05T03:14:11.659472Z,KXBTC15M-26OCT042315-15,0.0490,26.99,no
2026-10-05T03:14:11.670418Z,KXBTC15M-26OCT042315-15,0.0490,31.23,no
2026-10-05T03:14:11.672582Z,KXBTC15M-26OCT042315-15,0.0490,103.31,no
2026-10-05T03:14:11.727154Z,KXBTC15M-26OCT042315-15,0.0490,169.37,no
2026-10-05T03:14:11.727154Z,KXBTC15M-26OCT042315-15,0.0490,0.01,no
2026-10-05T03:14:11.727154Z,KXBTC15M-26OCT042315-15,0.0490,15.03,no
2026-10-05T03:14:11.728448Z,KXBTC15M-26OCT042315-15,0.0490,92.62,no
2026-10-05T03:14:11.72941Z,KXBTC15M-26OCT042315-15,0.0500,72.84,yes
2026-10-05T03:14:11.72941Z,KXBTC15M-26OCT042315-15,0.0500,0.01,yes
2026-10-05T03:14:11.72941Z,KXBTC15M-26OCT042315-15,0.0500,33.73,yes
2026-10-05T03:14:11.72941Z,KXBTC15M-26OCT042315-15,0.0500,0.01,yes
2026-10-05T03:14:11.74808Z,KXBTC15M-26OCT042315-15,0.0490,2.09,no
2026-10-05T03:14:11.753791Z,KXBTC15M-26OCT042315-15,0.0490,4.99,no
2026-10-05T03:14:11.756166Z,KXBTC15M-26OCT042315-15,0.0490,8.36,no
2026-10-05T03:14:11.791813Z,KXBTC15M-26OCT042315-15,0.0490,376.91,no
2026-10-05T03:14:11.791813Z,KXBTC15M-26OCT042315-15,0.0490,85.67,no
2026-10-05T03:14:11.859611Z,KXBTC15M-26OCT042315-15,0.0500,170.54,yes
2026-10-05T03:14:11.859611Z,KXBTC15M-26OCT042315-15,0.0500,16.27,yes
2026-10-05T03:14:11.859611Z,KXBTC15M-26OCT042315-15,0.0500,0.01,yes
2026-10-05T03:14:11.859611Z,KXBTC15M-26OCT042315-15,0.0500,0.01,yes
2026-10-05T03:14:11.859611Z,KXBTC15M-26OCT042315-15,0.0500,0.01,yes
2026-10-05T03:14:11.886491Z,KXBTC15M-26OCT042315-15,0.0490,0.01,no
2026-10-05T03:14:11.886491Z,KXBTC15M-26OCT042315-15,0.0450,8.19,no
2026-10-05T03:14:11.886491Z,KXBTC15M-26OCT042315-15,0.0490,0.01,no
2026-10-05T03:14:11.894047Z,KXBTC15M-26OCT042315-15,0.0460,44.37,yes
2026-10-05T03:14:11.981364Z,KXBTC15M-26OCT042315-15,0.0460,2.17,yes
2026-10-05T03:14:12.059145Z,KXBTC15M-26OCT042315-15,0.0460,7.50,yes
2026-10-05T03:14:12.081774Z,KXBTC15M-26OCT042315-15,0.0460,25.00,yes
2026-10-05T03:14:12.121063Z,KXBTC15M-26OCT042315-15,0.0450,287.80,no
2026-10-05T03:14:12.186654Z,KXBTC15M-26OCT042315-15,0.0460,25.00,yes
2026-10-05T03:14:12.205356Z,KXBTC15M-26OCT042315-15,0.0450,4.00,no
2026-10-05T03:14:12.216Z,KXBTC15M-26OCT042315-15,0.0450,1.11,no
2026-10-05T03:14:12.216Z,KXBTC15M-26OCT042315-15,0.0450,1.12,no
2026-10-05T03:14:12.216Z,KXBTC15M-26OCT042315-15,0.0450,208.20,no
2026-10-05T03:14:12.216Z,KXBTC15M-26OCT042315-15,0.0450,0.01,no
2026-10-05T03:14:12.216Z,KXBTC15M-26OCT042315-15,0.0450,0.01,no
2026-10-05T03:14:12.216Z,KXBTC15M-26OCT042315-15,0.0450,299.71,no
2026-10-05T03:14:12.216Z,KXBTC15M-26OCT042315-15,0.0450,64.00,no
2026-10-05T03:14:12.221748Z,KXBTC15M-26OCT042315-15,0.0460,4.00,yes
2026-10-05T03:14:12.231804Z,KXBTC15M-26OCT042315-15,0.0460,36.77,yes
2026-10-05T03:14:12.233978Z,KXBTC15M-26OCT042315-15,0.0450,10.26,no
2026-10-05T03:14:12.272725Z,KXBTC15M-26OCT042315-15,0.0350,10.00,no
2026-10-05T03:14:12.272725Z,KXBTC15M-26OCT042315-15,0.0340,701.44,no
2026-10-05T03:14:12.272725Z,KXBTC15M-26OCT042315-15,0.0450,7.33,no
2026-10-05T03:14:12.272725Z,KXBTC15M-26OCT042315-15,0.0400,64.00,no
2026-10-05T03:14:12.272725Z,KXBTC15M-26OCT042315-15,0.0450,500.00,no
2026-10-05T03:14:12.283238Z,KXBTC15M-26OCT042315-15,0.0340,3.57,no
2026-10-05T03:14:12.303019Z,KXBTC15M-26OCT042315-15,0.0350,23.00,yes
2026-10-05T03:14:12.308454Z,KXBTC15M-26OCT042315-15,0.0350,228.00,yes
2026-10-05T03:14:12.309959Z,KXBTC15M-26OCT042315-15,0.0350,600.00,yes
2026-10-05T03:14:12.323181Z,KXBTC15M-26OCT042315-15,0.0340,0.99,no
2026-10-05T03:14:12.355273Z,KXBTC15M-26OCT042315-15,0.0350,604.00,yes
2026-10-05T03:14:12.397544Z,KXBTC15M-26OCT042315-15,0.0340,0.19,no
2026-10-05T03:14:12.39821Z,KXBTC15M-26OCT042315-15,0.0340,14.31,no
2026-10-05T03:14:12.399318Z,KXBTC15M-26OCT042315-15,0.0350,550.00,yes
2026-10-05T03:14:12.413544Z,KXBTC15M-26OCT042315-15,0.0350,21.00,yes
2026-10-05T03:14:12.448928Z,KXBTC15M-26OCT042315-15,0.0350,476.00,yes
2026-10-05T03:14:12.460472Z,KXBTC15M-26OCT042315-15,0.0350,25.00,yes
2026-10-05T03:14:12.463189Z,KXBTC15M-26OCT042315-15,0.0350,15.00,yes
2026-10-05T03:14:12.476979Z,KXBTC15M-26OCT042315-15,0.0340,34.23,no
2026-10-05T03:14:12.490461Z,KXBTC15M-26OCT042315-15,0.0350,524.00,yes
2026-10-05T03:14:12.509991Z,KXBTC15M-26OCT042315-15,0.0340,2.00,no
2026-10-05T03:14:12.532158Z,KXBTC15M-26OCT042315-15,0.0350,75.00,yes
2026-10-05T03:14:12.534009Z,KXBTC15M-26OCT042315-15,0.0340,13.04,no
2026-10-05T03:14:12.54494Z,KXBTC15M-26OCT042315-15,0.0340,55.93,no
2026-10-05T03:14:12.562816Z,KXBTC15M-26OCT042315-15,0.0340,51.14,no
2026-10-05T03:14:12.563656Z,KXBTC15M-26OCT042315-15,0.0340,4.08,no
2026-10-05T03:14:12.580795Z,KXBTC15M-26OCT042315-15,0.0340,15.33,no
2026-10-05T03:14:12.582982Z,KXBTC15M-26OCT042315-15,0.0350,0.01,yes
2026-10-05T03:14:12.582982Z,KXBTC15M-26OCT042315-15,0.0360,6.00,yes
2026-10-05T03:14:12.582982Z,KXBTC15M-26OCT042315-15,0.0350,0.01,yes
2026-10-05T03:14:12.582982Z,KXBTC15M-26OCT042315-15,0.0370,81.51,yes
2026-10-05T03:14:12.582982Z,KXBTC15M-26OCT042315-15,0.0350,0.01,yes
2026-10-05T03:14:12.586816Z,KXBTC15M-26OCT042315-15,0.0390,737.51,yes
2026-10-05T03:14:12.586816Z,KXBTC15M-26OCT042315-15,0.0370,965.49,yes
2026-10-05T03:14:12.601135Z,KXBTC15M-26OCT042315-15,0.0390,0.01,yes
2026-10-05T03:14:12.601135Z,KXBTC15M-26OCT042315-15,0.0360,0.01,yes
2026-10-05T03:14:12.601135Z,KXBTC15M-26OCT042315-15,0.0390,0.01,yes
2026-10-05T03:14:12.601135Z,KXBTC15M-26OCT042315-15,0.0380,6.00,yes
2026-10-05T03:14:12.601135Z,KXBTC15M-26OCT042315-15,0.0390,309.49,yes
2026-10-05T03:14:12.601135Z,KXBTC15M-26OCT042315-15,0.0410,284.48,yes
2026-10-05T03:14:12.601297Z,KXBTC15M-26OCT042315-15,0.0350,0.01,no
2026-10-05T03:14:12.602147Z,KXBTC15M-26OCT042315-15,0.0410,3.95,yes
2026-10-05T03:14:12.611451Z,KXBTC15M-26OCT042315-15,0.0400,0.88,yes
2026-10-05T03:14:12.619519Z,KXBTC15M-26OCT042315-15,0.0380,0.01,yes
2026-10-05T03:14:12.619519Z,KXBTC15M-26OCT042315-15,0.0400,0.16,yes
2026-10-05T03:14:12.653581Z,KXBTC15M-26OCT042315-15,0.0380,3.00,yes
2026-10-05T03:14:12.658643Z,KXBTC15M-26OCT042315-15,0.0370,4.08,no
2026-10-05T03:14:12.678451Z,KXBTC15M-26OCT042315-15,0.0380,155.56,yes
2026-10-05T03:14:12.679733Z,KXBTC15M-26OCT042315-15,0.0380,1.96,yes
2026-10-05T03:14:12.716215Z,KXBTC15M-26OCT042315-15,0.0380,101.42,yes
2026-10-05T03:14:12.810679Z,KXBTC15M-26OCT042315-15,0.0370,3.83,no
2026-10-05T03:14:12.823134Z,KXBTC15M-26OCT042315-15,0.0370,2.06,no
2026-10-05T03:14:12.910796Z,KXBTC15M-26OCT042315-15,0.0370,1.34,no
2026-10-05T03:14:12.947087Z,KXBTC15M-26OCT042315-15,0.0370,2.82,no
2026-10-05T03:14:13.061981Z,KXBTC15M-26OCT042315-15,0.0380,0.61,yes
2026-10-05T03:14:13.061981Z,KXBTC15M-26OCT042315-15,0.0380,0.01,yes
2026-10-05T03:14:13.061981Z,KXBTC15M-26OCT042315-15,0.0380,0.01,yes
2026-10-05T03:14:13.061981Z,KXBTC15M-26OCT042315-15,0.0430,2.49,yes
2026-10-05T03:14:13.06637Z,KXBTC15M-26OCT042315-15,0.0370,269.29,no
2026-10-05T03:14:13.109478Z,KXBTC15M-26OCT042315-15,0.0430,7.77,yes
2026-10-05T03:14:13.140577Z,KXBTC15M-26OCT042315-15,0.0430,10.00,yes
2026-10-05T03:14:13.156548Z,KXBTC15M-26OCT042315-15,0.0430,20.37,yes
2026-10-05T03:14:13.19928Z,KXBTC15M-26OCT042315-15,0.0420,1.00,yes
2026-10-05T03:14:13.200716Z,KXBTC15M-26OCT042315-15,0.0420,0.01,yes
2026-10-05T03:14:13.200716Z,KXBTC15M-26OCT042315-15,0.0420,0.01,yes
2026-10-05T03:14:13.200716Z,KXBTC15M-26OCT042315-15,0.0420,0.98,yes
2026-10-05T03:14:13.22303Z,KXBTC15M-26OCT042315-15,0.0420,0.01,yes
2026-10-05T03:14:13.22303Z,KXBTC15M-26OCT042315-15,0.0420,0.01,yes
2026-10-05T03:14:13.22303Z,KXBTC15M-26OCT042315-15,0.0430,0.01,yes
2026-10-05T03:14:13.22303Z,KXBTC15M-26OCT042315-15,0.0430,0.01,yes
2026-10-05T03:14:13.22303Z,KXBTC15M-26OCT042315-15,0.0450,309.39,yes
2026-10-05T03:14:13.22303Z,KXBTC15M-26OCT042315-15,0.0430,3100.37,yes
2026-10-05T03:14:13.22303Z,KXBTC15M-26OCT042315-15,0.0420,10.00,yes
2026-10-05T03:14:13.223054Z,KXBTC15M-26OCT042315-15,0.0460,4.39,yes
2026-10-05T03:14:13.223054Z,KXBTC15M-26OCT042315-15,0.0450,6.00,yes
2026-10-05T03:14:13.223054Z,KXBTC15M-26OCT042315-15,0.0450,14.61,yes
2026-10-05T03:14:13.346886Z,KXBTC15M-26OCT042315-15,0.0420,0.01,yes
2026-10-05T03:14:13.346886Z,KXBTC15M-26OCT042315-15,0.0420,0.01,yes
2026-10-05T03:14:13.347117Z,KXBTC15M-26OCT042315-15,0.0440,6.00,yes
2026-10-05T03:14:13.347117Z,KXBTC15M-26OCT042315-15,0.0450,24.61,yes
2026-10-05T03:14:13.358932Z,KXBTC15M-26OCT042315-15,0.0440,0.01,yes
2026-10-05T03:14:13.358932Z,KXBTC15M-26OCT042315-15,0.0440,5.81,yes
2026-10-05T03:14:13.3762Z,KXBTC15M-26OCT042315-15,0.0430,0.01,no
2026-10-05T03:14:13.3762Z,KXBTC15M-26OCT042315-15,0.0430,0.01,no
2026-10-05T03:14:13.3762Z,KXBTC15M-26OCT042315-15,0.0430,2.19,no
2026-10-05T03:14:13.383599Z,KXBTC15M-26OCT042315-15,0.0430,0.01,no
2026-10-05T03:14:13.383599Z,KXBTC15M-26OCT042315-15,0.0430,0.01,no
2026-10-05T03:14:13.383599Z,KXBTC15M-26OCT042315-15,0.0420,9.00,no
2026-10-05T03:14:13.383599Z,KXBTC15M-26OCT042315-15,0.0420,73.83,no
2026-10-05T03:14:13.420661Z,KXBTC15M-26OCT042315-15,0.0460,102.00,yes
2026-10-05T03:14:13.420661Z,KXBTC15M-26OCT042315-15,0.0460,156.00,yes
2026-10-05T03:14:13.420661Z,KXBTC15M-26OCT042315-15,0.0490,1047.00,yes
2026-10-05T03:14:13.420661Z,KXBTC15M-26OCT042315-15,0.0440,0.01,yes
2026-10-05T03:14:13.420661Z,KXBTC15M-26OCT042315-15,0.0450,0.01,yes
2026-10-05T03:14:13.420661Z,KXBTC15M-26OCT042315-15,0.0450,47.39,yes
2026-10-05T03:14:13.420661Z,KXBTC15M-26OCT042315-15,0.0490,58.47,yes
2026-10-05T03:14:13.420661Z,KXBTC15M-26OCT042315-15,0.0440,0.01,yes
2026-10-05T03:14:13.420661Z,KXBTC15M-26OCT042315-15,0.0460,3141.00,yes
2026-10-05T03:14:13.420661Z,KXBTC15M-26OCT042315-15,0.0450,0.01,yes
2026-10-05T03:14:13.420661Z,KXBTC15M-26OCT042315-15,0.0510,1.00,yes
2026-10-05T03:14:13.420661Z,KXBTC15M-26OCT042315-15,0.0440,18.19,yes
2026-10-05T03:14:13.420661Z,KXBTC15M-26OCT042315-15,0.0440,11.00,yes
2026-10-05T03:14:13.420661Z,KXBTC15M-26OCT042315-15,0.0450,9.00,yes
2026-10-05T03:14:13.420661Z,KXBTC15M-26OCT042315-15,0.0500,50.00,yes
2026-10-05T03:14:13.420661Z,KXBTC15M-26OCT042315-15,0.0530,501.53,yes
2026-10-05T03:14:13.420661Z,KXBTC15M-26OCT042315-15,0.0500,5329.46,yes
2026-10-05T03:14:13.420661Z,KXBTC15M-26OCT042315-15,0.0490,312.00,yes
2026-10-05T03:14:13.420661Z,KXBTC15M-26OCT042315-15,0.0470,816.00,yes
2026-10-05T03:14:13.420661Z,KXBTC15M-26OCT042315-15,0.0490,300.00,yes
2026-10-05T03:14:13.420661Z,KXBTC15M-26OCT042315-15,0.0500,300.00,yes
2026-10-05T03:14:13.43919Z,KXBTC15M-26OCT042315-15,0.0520,310.89,no
2026-10-05T03:14:13.44479Z,KXBTC15M-26OCT042315-15,0.0540,0.01,yes
2026-10-05T03:14:13.44479Z,KXBTC15M-26OCT042315-15,0.0540,0.01,yes
2026-10-05T03:14:13.44479Z,KXBTC15M-26OCT042315-15,0.0560,0.98,yes
2026-10-05T03:14:13.479433Z,KXBTC15M-26OCT042315-15,0.0550,1.98,yes
2026-10-05T03:14:13.479433Z,KXBTC15M-26OCT042315-15,0.0540,0.01,yes
2026-10-05T03:14:13.479433Z,KXBTC15M-26OCT042315-15,0.0540,0.01,yes
2026-10-05T03:14:13.4983Z,KXBTC15M-26OCT042315-15,0.0520,4.31,no
2026-10-05T03:14:13.514359Z,KXBTC15M-26OCT042315-15,0.0520,6.00,no
2026-10-05T03:14:13.516216Z,KXBTC15M-26OCT042315-15,0.0520,10.48,no
2026-10-05T03:14:13.529335Z,KXBTC15M-26OCT042315-15,0.0520,673.23,no
2026-10-05T03:14:13.547774Z,KXBTC15M-26OCT042315-15,0.0520,0.01,no
2026-10-05T03:14:13.547774Z,KXBTC15M-26OCT042315-15,0.0520,0.01,no
2026-10-05T03:14:13.547774Z,KXBTC15M-26OCT042315-15,0.0520,42.09,no
2026-10-05T03:14:13.549398Z,KXBTC15M-26OCT042315-15,0.0510,9.00,no
2026-10-05T03:14:13.549398Z,KXBTC15M-26OCT042315-15,0.0500,7.62,no
2026-10-05T03:14:13.566594Z,KXBTC15M-26OCT042315-15,0.0550,0.01,yes
2026-10-05T03:14:13.566594Z,KXBTC15M-26OCT042315-15,0.0540,0.01,yes
2026-10-05T03:14:13.566594Z,KXBTC15M-26OCT042315-15,0.0540,1.00,yes
2026-10-05T03:14:13.566594Z,KXBTC15M-26OCT042315-15,0.0550,0.01,yes
2026-10-05T03:14:13.566594Z,KXBTC15M-26OCT042315-15,0.0540,0.01,yes
2026-10-05T03:14:13.566594Z,KXBTC15M-26OCT042315-15,0.0570,0.25,yes
2026-10-05T03:14:13.574852Z,KXBTC15M-26OCT042315-15,0.0570,25.00,yes
2026-10-05T03:14:13.579096Z,KXBTC15M-26OCT042315-15,0.0570,0.13,yes
2026-10-05T03:14:13.594387Z,KXBTC15M-26OCT042315-15,0.0560,2.07,no
2026-10-05T03:14:13.628028Z,KXBTC15M-26OCT042315-15,0.0560,45.00,no
2026-10-05T03:14:13.65761Z,KXBTC15M-26OCT042315-15,0.0560,0.01,no
2026-10-05T03:14:13.665602Z,KXBTC15M-26OCT042315-15,0.0560,485.67,no
2026-10-05T03:14:13.742812Z,KXBTC15M-26OCT042315-15,0.0570,3.00,yes
2026-10-05T03:14:13.749724Z,KXBTC15M-26OCT042315-15,0.0570,18.64,yes
2026-10-05T03:14:13.749818Z,KXBTC15M-26OCT042315-15,0.0570,109.08,yes
2026-10-05T03:14:13.853107Z,KXBTC15M-26OCT042315-15,0.0560,0.01,no
2026-10-05T03:14:13.853107Z,KXBTC15M-26OCT042315-15,0.0560,0.01,no
2026-10-05T03:14:13.853107Z,KXBTC15M-26OCT042315-15,0.0560,13.97,no
2026-10-05T03:14:13.989306Z,KXBTC15M-26OCT042315-15,0.0570,7.61,yes
2026-10-05T03:14:14.024816Z,KXBTC15M-26OCT042315-15,0.0570,16.45,yes
2026-10-05T03:14:14.052739Z,KXBTC15M-26OCT042315-15,0.0570,25.00,yes
2026-10-05T03:14:14.076612Z,KXBTC15M-26OCT042315-15,0.0570,1.87,yes
2026-10-05T03:14:14.081518Z,KXBTC15M-26OCT042315-15,0.0570,16.45,yes
2026-10-05T03:14:14.099531Z,KXBTC15M-26OCT042315-15,0.0560,0.01,no
2026-10-05T03:14:14.099531Z,KXBTC15M-26OCT042315-15,0.0510,9.00,no
2026-10-05T03:14:14.099531Z,KXBTC15M-26OCT042315-15,0.0500,56.13,no
2026-10-05T03:14:14.099531Z,KXBTC15M-26OCT042315-15,0.0560,0.01,no
2026-10-05T03:14:14.099531Z,KXBTC15M-26OCT042315-15,0.0560,18.85,no
2026-10-05T03:14:14.099531Z,KXBTC15M-26OCT042315-15,0.0550,500.00,no
2026-10-05T03:14:14.101515Z,KXBTC15M-26OCT042315-15,0.0570,0.01,yes
2026-10-05T03:14:14.101515Z,KXBTC15M-26OCT042315-15,0.0570,1.00,yes
2026-10-05T03:14:14.101515Z,KXBTC15M-26OCT042315-15,0.0570,0.01,yes
2026-10-05T03:14:14.101515Z,KXBTC15M-26OCT042315-15,0.0570,8.00,yes
2026-10-05T03:14:14.101515Z,KXBTC15M-26OCT042315-15,0.0570,37.26,yes
2026-10-05T03:14:14.101515Z,KXBTC15M-26OCT042315-15,0.0570,776.52,yes
2026-10-05T03:14:14.166789Z,KXBTC15M-26OCT042315-15,0.0570,0.01,yes
2026-10-05T03:14:14.166789Z,KXBTC15M-26OCT042315-15,0.0570,0.01,yes
2026-10-05T03:14:14.166789Z,KXBTC15M-26OCT042315-15,0.0570,8.00,yes
2026-10-05T03:14:14.166789Z,KXBTC15M-26OCT042315-15,0.0570,162.00,yes
2026-10-05T03:14:14.166789Z,KXBTC15M-26OCT042315-15,0.0570,166.74,yes
2026-10-05T03:14:14.17229Z,KXBTC15M-26OCT042315-15,0.0580,465.69,yes
2026-10-05T03:14:14.199728Z,KXBTC15M-26OCT042315-15,0.0570,81.00,no
2026-10-05T03:14:14.20148Z,KXBTC15M-26OCT042315-15,0.0570,632.00,no
2026-10-05T03:14:14.213246Z,KXBTC15M-26OCT042315-15,0.0570,21.10,no
2026-10-05T03:14:14.227613Z,KXBTC15M-26OCT042315-15,0.0580,4.00,yes
2026-10-05T03:14:14.230327Z,KXBTC15M-26OCT042315-15,0.0570,1.50,no
2026-10-05T03:14:14.273369Z,KXBTC15M-26OCT042315-15,0.0570,1.38,no
2026-10-05T03:14:14.348308Z,KXBTC15M-26OCT042315-15,0.0580,16.12,yes
2026-10-05T03:14:14.407897Z,KXBTC15M-26OCT042315-15,0.0570,1.05,no
2026-10-05T03:14:14.420568Z,KXBTC15M-26OCT042315-15,0.0580,145.14,yes
2026-10-05T03:14:14.429831Z,KXBTC15M-26OCT042315-15,0.0580,25.51,yes
2026-10-05T03:14:14.477773Z,KXBTC15M-26OCT042315-15,0.0580,25.00,yes
2026-10-05T03:14:14.504308Z,KXBTC15M-26OCT042315-15,0.0570,3.67,no
2026-10-05T03:14:14.594011Z,KXBTC15M-26OCT042315-15,0.0570,5.27,no
2026-10-05T03:14:14.620859Z,KXBTC15M-26OCT042315-15,0.0570,7.42,no
2026-10-05T03:14:14.626493Z,KXBTC15M-26OCT042315-15,0.0580,108.84,yes
2026-10-05T03:14:14.630757Z,KXBTC15M-26OCT042315-15,0.0570,1.00,no
2026-10-05T03:14:14.724369Z,KXBTC15M-26OCT042315-15,0.0580,5.30,yes
2026-10-05T03:14:14.726106Z,KXBTC15M-26OCT042315-15,0.0580,16.17,yes
2026-10-05T03:14:14.738812Z,KXBTC15M-26OCT042315-15,0.0580,16.12,yes
2026-10-05T03:14:14.784804Z,KXBTC15M-26OCT042315-15,0.0580,16.03,yes
2026-10-05T03:14:14.790046Z,KXBTC15M-26OCT042315-15,0.0580,32.34,yes
2026-10-05T03:14:14.827207Z,KXBTC15M-26OCT042315-15,0.0570,36.00,no
2026-10-05T03:14:14.834125Z,KXBTC15M-26OCT042315-15,0.0600,3.14,yes
2026-10-05T03:14:14.834125Z,KXBTC15M-26OCT042315-15,0.0580,0.01,yes
2026-10-05T03:14:14.834125Z,KXBTC15M-26OCT042315-15,0.0580,0.01,yes
2026-10-05T03:14:14.839026Z,KXBTC15M-26OCT042315-15,0.0570,32.85,no
2026-10-05T03:14:14.858485Z,KXBTC15M-26OCT042315-15,0.0570,93.51,no
2026-10-05T03:14:14.86569Z,KXBTC15M-26OCT042315-15,0.0600,23.19,yes
2026-10-05T03:14:14.895413Z,KXBTC15M-26OCT042315-15,0.0590,0.01,yes
2026-10-05T03:14:14.895413Z,KXBTC15M-26OCT042315-15,0.0590,0.01,yes
2026-10-05T03:14:14.895413Z,KXBTC15M-26OCT042315-15,0.0590,1.00,yes
2026-10-05T03:14:14.895413Z,KXBTC15M-26OCT042315-15,0.0600,6.82,yes
2026-10-05T03:14:14.895413Z,KXBTC15M-26OCT042315-15,0.0590,8.00,yes
2026-10-05T03:14:14.896182Z,KXBTC15M-26OCT042315-15,0.0570,0.01,no
2026-10-05T03:14:14.924625Z,KXBTC15M-26OCT042315-15,0.0570,211.24,no
2026-10-05T03:14:14.937729Z,KXBTC15M-26OCT042315-15,0.0570,1.04,no
2026-10-05T03:14:14.953834Z,KXBTC15M-26OCT042315-15,0.0590,0.01,yes
2026-10-05T03:14:14.953834Z,KXBTC15M-26OCT042315-15,0.0600,11.77,yes
2026-10-05T03:14:14.953834Z,KXBTC15M-26OCT042315-15,0.0590,8.00,yes
2026-10-05T03:14:14.953834Z,KXBTC15M-26OCT042315-15,0.0590,0.01,yes
2026-10-05T03:14:14.977957Z,KXBTC15M-26OCT042315-15,0.0570,2.31,no
2026-10-05T03:14:15.036488Z,KXBTC15M-26OCT042315-15,0.0570,24.00,no
2026-10-05T03:14:15.039211Z,KXBTC15M-26OCT042315-15,0.0600,0.11,yes
2026-10-05T03:14:15.039211Z,KXBTC15M-26OCT042315-15,0.0580,0.01,yes
2026-10-05T03:14:15.039211Z,KXBTC15M-26OCT042315-15,0.0590,30.00,yes
2026-10-05T03:14:15.039211Z,KXBTC15M-26OCT042315-15,0.0580,3.50,yes
2026-10-05T03:14:15.039211Z,KXBTC15M-26OCT042315-15,0.0590,42.00,yes
2026-10-05T03:14:15.039211Z,KXBTC15M-26OCT042315-15,0.0590,0.01,yes
2026-10-05T03:14:15.039211Z,KXBTC15M-26OCT042315-15,0.0580,3.60,yes
2026-10-05T03:14:15.039211Z,KXBTC15M-26OCT042315-15,0.0590,0.01,yes
2026-10-05T03:14:15.039211Z,KXBTC15M-26OCT042315-15,0.0580,0.01,yes
2026-10-05T03:14:15.072259Z,KXBTC15M-26OCT042315-15,0.0600,16.98,yes
2026-10-05T03:14:15.072259Z,KXBTC15M-26OCT042315-15,0.0590,0.01,yes
2026-10-05T03:14:15.072259Z,KXBTC15M-26OCT042315-15,0.0590,8.00,yes
2026-10-05T03:14:15.072259Z,KXBTC15M-26OCT042315-15,0.0590,0.01,yes
2026-10-05T03:14:15.087666Z,KXBTC15M-26OCT042315-15,0.0600,3078.99,yes
2026-10-05T03:14:15.087666Z,KXBTC15M-26OCT042315-15,0.0600,0.01,yes
2026-10-05T03:14:15.087666Z,KXBTC15M-26OCT042315-15,0.0600,0.01,yes
2026-10-05T03:14:15.087666Z,KXBTC15M-26OCT042315-15,0.0600,9.17,yes
2026-10-05T03:14:15.097874Z,KXBTC15M-26OCT042315-15,0.0590,15.84,yes
2026-10-05T03:14:15.115043Z,KXBTC15M-26OCT042315-15,0.0570,43.11,no
2026-10-05T03:14:15.187214Z,KXBTC15M-26OCT042315-15,0.0590,0.01,yes
2026-10-05T03:14:15.187214Z,KXBTC15M-26OCT042315-15,0.0590,0.01,yes
2026-10-05T03:14:15.187214Z,KXBTC15M-26OCT042315-15,0.0600,15.48,yes
2026-10-05T03:14:15.218252Z,KXBTC15M-26OCT042315-15,0.0570,159.49,no
2026-10-05T03:14:15.243105Z,KXBTC15M-26OCT042315-15,0.0570,1.05,no
2026-10-05T03:14:15.311624Z,KXBTC15M-26OCT042315-15,0.0580,5.62,yes
2026-10-05T03:14:15.312616Z,KXBTC15M-26OCT042315-15,0.0580,15.68,yes
2026-10-05T03:14:15.325616Z,KXBTC15M-26OCT042315-15,0.0570,18.70,no
2026-10-05T03:14:15.402165Z,KXBTC15M-26OCT042315-15,0.0580,15.68,yes
2026-10-05T03:14:15.408287Z,KXBTC15M-26OCT042315-15,0.0570,45.59,no
2026-10-05T03:14:15.444986Z,KXBTC15M-26OCT042315-15,0.0570,0.01,no
2026-10-05T03:14:15.444986Z,KXBTC15M-26OCT042315-15,0.0570,11.00,no
2026-10-05T03:14:15.444986Z,KXBTC15M-26OCT042315-15,0.0570,738.95,no
2026-10-05T03:14:15.444986Z,KXBTC15M-26OCT042315-15,0.0570,0.01,no
2026-10-05T03:14:15.444986Z,KXBTC15M-26OCT042315-15,0.0570,306.26,no
2026-10-05T03:14:15.524948Z,KXBTC15M-26OCT042315-15,0.0500,64.00,no
2026-10-05T03:14:15.524948Z,KXBTC15M-26OCT042315-15,0.0490,9.00,no
2026-10-05T03:14:15.524948Z,KXBTC15M-26OCT042315-15,0.0550,64.00,no
2026-10-05T03:14:15.524948Z,KXBTC15M-26OCT042315-15,0.0570,193.74,no
2026-10-05T03:14:15.524948Z,KXBTC15M-26OCT042315-15,0.0570,0.01,no
2026-10-05T03:14:15.524948Z,KXBTC15M-26OCT042315-15,0.0460,793.90,no
2026-10-05T03:14:15.524948Z,KXBTC15M-26OCT042315-15,0.0480,1047.00,no
2026-10-05T03:14:15.524948Z,KXBTC15M-26OCT042315-15,0.0570,0.01,no
2026-10-05T03:14:15.524948Z,KXBTC15M-26OCT042315-15,0.0540,409.86,no
2026-10-05T03:14:15.580971Z,KXBTC15M-26OCT042315-15,0.0470,0.01,yes
2026-10-05T03:14:15.580971Z,KXBTC15M-26OCT042315-15,0.0470,0.01,yes
2026-10-05T03:14:15.580971Z,KXBTC15M-26OCT042315-15,0.0520,15.61,yes
2026-10-05T03:14:15.615633Z,KXBTC15M-26OCT042315-15,0.0490,71.00,yes
2026-10-05T03:14:15.62411Z,KXBTC15M-26OCT042315-15,0.0490,25.00,yes
2026-10-05T03:14:15.650864Z,KXBTC15M-26OCT042315-15,0.0470,4.90,no
2026-10-05T03:14:15.654309Z,KXBTC15M-26OCT042315-15,0.0470,1.20,no
2026-10-05T03:14:15.659811Z,KXBTC15M-26OCT042315-15,0.0490,80.87,yes
2026-10-05T03:14:15.668628Z,KXBTC15M-26OCT042315-15,0.0470,2.39,no
2026-10-05T03:14:15.672952Z,KXBTC15M-26OCT042315-15,0.0470,4.31,no
2026-10-05T03:14:15.70413Z,KXBTC15M-26OCT042315-15,0.0470,157.00,no
2026-10-05T03:14:15.710484Z,KXBTC15M-26OCT042315-15,0.0480,0.01,yes
2026-10-05T03:14:15.710484Z,KXBTC15M-26OCT042315-15,0.0480,0.01,yes
2026-10-05T03:14:15.710484Z,KXBTC15M-26OCT042315-15,0.0480,9.00,yes
2026-10-05T03:14:15.710484Z,KXBTC15M-26OCT042315-15,0.0480,0.01,yes
2026-10-05T03:14:15.710484Z,KXBTC15M-26OCT042315-15,0.0490,71.84,yes
2026-10-05T03:14:15.72223Z,KXBTC15M-26OCT042315-15,0.0480,9.00,yes
2026-10-05T03:14:15.72223Z,KXBTC15M-26OCT042315-15,0.0480,0.01,yes
2026-10-05T03:14:15.72223Z,KXBTC15M-26OCT042315-15,0.0480,0.01,yes
2026-10-05T03:14:15.72223Z,KXBTC15M-26OCT042315-15,0.0490,146.99,yes
2026-10-05T03:14:15.757585Z,KXBTC15M-26OCT042315-15,0.0490,16.17,yes
2026-10-05T03:14:15.786311Z,KXBTC15M-26OCT042315-15,0.0470,157.36,no
2026-10-05T03:14:15.812367Z,KXBTC15M-26OCT042315-15,0.0470,172.84,no
2026-10-05T03:14:15.812367Z,KXBTC15M-26OCT042315-15,0.0470,0.01,no
2026-10-05T03:14:15.812367Z,KXBTC15M-26OCT042315-15,0.0470,0.01,no
2026-10-05T03:14:15.812367Z,KXBTC15M-26OCT042315-15,0.0470,800.00,no
2026-10-05T03:14:15.812367Z,KXBTC15M-26OCT042315-15,0.0450,12.37,no
2026-10-05T03:14:15.828425Z,KXBTC15M-26OCT042315-15,0.0430,0.28,no
2026-10-05T03:14:15.828425Z,KXBTC15M-26OCT042315-15,0.0450,0.01,no
2026-10-05T03:14:15.828425Z,KXBTC15M-26OCT042315-15,0.0450,0.01,no
2026-10-05T03:14:15.847987Z,KXBTC15M-26OCT042315-15,0.0460,6.63,yes
2026-10-05T03:14:15.854208Z,KXBTC15M-26OCT042315-15,0.0460,1035.91,yes
2026-10-05T03:14:15.871467Z,KXBTC15M-26OCT042315-15,0.0460,10.00,yes
2026-10-05T03:14:15.883278Z,KXBTC15M-26OCT042315-15,0.0450,1.11,no
2026-10-05T03:14:15.883278Z,KXBTC15M-26OCT042315-15,0.0450,0.01,no
2026-10-05T03:14:15.883278Z,KXBTC15M-26OCT042315-15,0.0450,1.13,no
2026-10-05T03:14:15.883278Z,KXBTC15M-26OCT042315-15,0.0450,52.79,no
2026-10-05T03:14:15.892189Z,KXBTC15M-26OCT042315-15,0.0460,199.46,yes
2026-10-05T03:14:15.905589Z,KXBTC15M-26OCT042315-15,0.0450,179.45,no
2026-10-05T03:14:15.971142Z,KXBTC15M-26OCT042315-15,0.0460,3.00,yes
2026-10-05T03:14:15.971142Z,KXBTC15M-26OCT042315-15,0.0490,26.55,yes
2026-10-05T03:14:15.971142Z,KXBTC15M-26OCT042315-15,0.0460,0.01,yes
2026-10-05T03:14:15.971142Z,KXBTC15M-26OCT042315-15,0.0460,0.01,yes
2026-10-05T03:14:15.9927Z,KXBTC15M-26OCT042315-15,0.0450,34.23,no
2026-10-05T03:14:15.997964Z,KXBTC15M-26OCT042315-15,0.0460,0.01,yes
2026-10-05T03:14:15.997964Z,KXBTC15M-26OCT042315-15,0.0460,0.01,yes
2026-10-05T03:14:15.997964Z,KXBTC15M-26OCT042315-15,0.0490,8.60,yes
2026-10-05T03:14:16.013771Z,KXBTC15M-26OCT042315-15,0.0450,5.00,no
2026-10-05T03:14:16.029654Z,KXBTC15M-26OCT042315-15,0.0460,153.07,yes
2026-10-05T03:14:16.044847Z,KXBTC15M-26OCT042315-15,0.0460,1.61,yes
2026-10-05T03:14:16.04669Z,KXBTC15M-26OCT042315-15,0.0440,3.80,no
2026-10-05T03:14:16.04669Z,KXBTC15M-26OCT042315-15,0.0450,0.01,no
2026-10-05T03:14:16.04669Z,KXBTC15M-26OCT042315-15,0.0450,0.01,no
2026-10-05T03:14:16.04669Z,KXBTC15M-26OCT042315-15,0.0450,1.10,no
2026-10-05T03:14:16.053295Z,KXBTC15M-26OCT042315-15,0.0460,3.00,yes
2026-10-05T03:14:16.058486Z,KXBTC15M-26OCT042315-15,0.0460,187.00,yes
2026-10-05T03:14:16.08925Z,KXBTC15M-26OCT042315-15,0.0460,0.01,yes
2026-10-05T03:14:16.08925Z,KXBTC15M-26OCT042315-15,0.0490,0.01,yes
2026-10-05T03:14:16.08925Z,KXBTC15M-26OCT042315-15,0.0490,0.01,yes
2026-10-05T03:14:16.08925Z,KXBTC15M-26OCT042315-15,0.0510,1.97,yes
2026-10-05T03:14:16.143072Z,KXBTC15M-26OCT042315-15,0.0510,1.00,yes
2026-10-05T03:14:16.166031Z,KXBTC15M-26OCT042315-15,0.0460,2.90,no
2026-10-05T03:14:16.211286Z,KXBTC15M-26OCT042315-15,0.0460,8.86,no
2026-10-05T03:14:16.230416Z,KXBTC15M-26OCT042315-15,0.0490,305.76,yes
2026-10-05T03:14:16.232172Z,KXBTC15M-26OCT042315-15,0.0490,78.23,yes
2026-10-05T03:14:16.262298Z,KXBTC15M-26OCT042315-15,0.0460,51.00,no
2026-10-05T03:14:16.286391Z,KXBTC15M-26OCT042315-15,0.0490,1.30,yes
2026-10-05T03:14:16.289006Z,KXBTC15M-26OCT042315-15,0.0460,3.61,no
2026-10-05T03:14:16.303782Z,KXBTC15M-26OCT042315-15,0.0460,0.29,no
2026-10-05T03:14:16.308126Z,KXBTC15M-26OCT042315-15,0.0490,95.67,yes
2026-10-05T03:14:16.344246Z,KXBTC15M-26OCT042315-15,0.0460,5.50,no
2026-10-05T03:14:16.376262Z,KXBTC15M-26OCT042315-15,0.0460,10.25,no
2026-10-05T03:14:16.390648Z,KXBTC15M-26OCT042315-15,0.0490,93.90,yes
2026-10-05T03:14:16.405743Z,KXBTC15M-26OCT042315-15,0.0490,2.03,yes
2026-10-05T03:14:16.41036Z,KXBTC15M-26OCT042315-15,0.0470,15.73,no
2026-10-05T03:14:16.446681Z,KXBTC15M-26OCT042315-15,0.0490,10.02,yes
2026-10-05T03:14:16.457557Z,KXBTC15M-26OCT042315-15,0.0490,0.90,yes
2026-10-05T03:14:16.485591Z,KXBTC15M-26OCT042315-15,0.0470,54.37,no
2026-10-05T03:14:16.540775Z,KXBTC15M-26OCT042315-15,0.0470,46.92,no
2026-10-05T03:14:16.540775Z,KXBTC15M-26OCT042315-15,0.0470,46.90,no
2026-10-05T03:14:16.540775Z,KXBTC15M-26OCT042315-15,0.0470,0.01,no
2026-10-05T03:14:16.540775Z,KXBTC15M-26OCT042315-15,0.0470,0.01,no
2026-10-05T03:14:16.564424Z,KXBTC15M-26OCT042315-15,0.0490,200.55,yes
2026-10-05T03:14:16.56494Z,KXBTC15M-26OCT042315-15,0.0470,49.12,no
2026-10-05T03:14:16.576015Z,KXBTC15M-26OCT042315-15,0.0490,3.75,yes
2026-10-05T03:14:16.612472Z,KXBTC15M-26OCT042315-15,0.0490,468.79,yes
2026-10-05T03:14:16.612684Z,KXBTC15M-26OCT042315-15,0.0470,10.25,no
2026-10-05T03:14:16.612684Z,KXBTC15M-26OCT042315-15,0.0480,0.01,no
2026-10-05T03:14:16.612684Z,KXBTC15M-26OCT042315-15,0.0480,0.01,no
2026-10-05T03:14:16.612684Z,KXBTC15M-26OCT042315-15,0.0480,1.10,no
2026-10-05T03:14:16.625797Z,KXBTC15M-26OCT042315-15,0.0490,17.99,yes
2026-10-05T03:14:16.629489Z,KXBTC15M-26OCT042315-15,0.0490,95.67,yes
2026-10-05T03:14:16.630351Z,KXBTC15M-26OCT042315-15,0.0490,144.78,yes
2026-10-05T03:14:16.631531Z,KXBTC15M-26OCT042315-15,0.0490,95.67,yes
2026-10-05T03:14:16.65371Z,KXBTC15M-26OCT042315-15,0.0470,265.98,no
2026-10-05T03:14:16.65371Z,KXBTC15M-26OCT042315-15,0.0480,0.01,no
2026-10-05T03:14:16.65371Z,KXBTC15M-26OCT042315-15,0.0480,0.01,no
2026-10-05T03:14:16.659305Z,KXBTC15M-26OCT042315-15,0.0490,9.56,yes
2026-10-05T03:14:16.787811Z,KXBTC15M-26OCT042315-15,0.0470,2.07,no
2026-10-05T03:14:16.787811Z,KXBTC15M-26OCT042315-15,0.0480,0.01,no
2026-10-05T03:14:16.787811Z,KXBTC15M-26OCT042315-15,0.0480,0.01,no
2026-10-05T03:14:16.805396Z,KXBTC15M-26OCT042315-15,0.0470,26.11,no
2026-10-05T03:14:16.805396Z,KXBTC15M-26OCT042315-15,0.0480,0.01,no
2026-10-05T03:14:16.821703Z,KXBTC15M-26OCT042315-15,0.0490,10.15,yes
2026-10-05T03:14:16.844801Z,KXBTC15M-26OCT042315-15,0.0470,75.99,no
2026-10-05T03:14:16.844801Z,KXBTC15M-26OCT042315-15,0.0480,0.01,no
2026-10-05T03:14:16.893536Z,KXBTC15M-26OCT042315-15,0.0380,12.06,no
2026-10-05T03:14:16.893536Z,KXBTC15M-26OCT042315-15,0.0470,23.56,no
2026-10-05T03:14:16.893536Z,KXBTC15M-26OCT042315-15,0.0380,10.00,no
2026-10-05T03:14:16.893536Z,KXBTC15M-26OCT042315-15,0.0420,9.00,no
2026-10-05T03:14:16.893536Z,KXBTC15M-26OCT042315-15,0.0450,20.56,no
2026-10-05T03:14:16.893536Z,KXBTC15M-26OCT042315-15,0.0350,175.52,no
2026-10-05T03:14:16.893536Z,KXBTC15M-26OCT042315-15,0.0470,0.01,no
2026-10-05T03:14:16.893536Z,KXBTC15M-26OCT042315-15,0.0470,0.01,no
2026-10-05T03:14:16.893536Z,KXBTC15M-26OCT042315-15,0.0410,268.00,no
2026-10-05T03:14:16.893536Z,KXBTC15M-26OCT042315-15,0.0440,5.00,no
2026-10-05T03:14:16.893536Z,KXBTC15M-26OCT042315-15,0.0360,500.00,no
2026-10-05T03:14:16.907673Z,KXBTC15M-26OCT042315-15,0.0390,1.13,no
2026-10-05T03:14:16.907673Z,KXBTC15M-26OCT042315-15,0.0390,0.80,no
2026-10-05T03:14:16.911177Z,KXBTC15M-26OCT042315-15,0.0400,19.13,yes
2026-10-05T03:14:16.916461Z,KXBTC15M-26OCT042315-15,0.0400,95.67,yes
2026-10-05T03:14:16.982436Z,KXBTC15M-26OCT042315-15,0.0410,10.00,yes
2026-10-05T03:14:16.982436Z,KXBTC15M-26OCT042315-15,0.0400,0.01,yes
2026-10-05T03:14:16.982436Z,KXBTC15M-26OCT042315-15,0.0410,181.32,yes
2026-10-05T03:14:16.982436Z,KXBTC15M-26OCT042315-15,0.0400,0.01,yes
2026-10-05T03:14:17.007071Z,KXBTC15M-26OCT042315-15,0.0400,54.00,yes
2026-10-05T03:14:17.007071Z,KXBTC15M-26OCT042315-15,0.0410,89.00,yes
2026-10-05T03:14:17.007071Z,KXBTC15M-26OCT042315-15,0.0400,0.01,yes
2026-10-05T03:14:17.007071Z,KXBTC15M-26OCT042315-15,0.0420,224.98,yes
2026-10-05T03:14:17.007071Z,KXBTC15M-26OCT042315-15,0.0400,0.01,yes
2026-10-05T03:14:17.007071Z,KXBTC15M-26OCT042315-15,0.0410,10.00,yes
2026-10-05T03:14:17.007071Z,KXBTC15M-26OCT042315-15,0.0410,4.68,yes
2026-10-05T03:14:17.017519Z,KXBTC15M-26OCT042315-15,0.0410,19.13,yes
2026-10-05T03:14:17.022712Z,KXBTC15M-26OCT042315-15,0.0420,3.16,yes
2026-10-05T03:14:17.022712Z,KXBTC15M-26OCT042315-15,0.0410,0.01,yes
2026-10-05T03:14:17.022712Z,KXBTC15M-26OCT042315-15,0.0410,0.01,yes
2026-10-05T03:14:17.085805Z,KXBTC15M-26OCT042315-15,0.0410,7.16,yes
2026-10-05T03:14:17.118722Z,KXBTC15M-26OCT042315-15,0.0400,0.01,no
2026-10-05T03:14:17.118722Z,KXBTC15M-26OCT042315-15,0.0400,50.00,no
2026-10-05T03:14:17.118722Z,KXBTC15M-26OCT042315-15,0.0400,309.15,no
2026-10-05T03:14:17.118722Z,KXBTC15M-26OCT042315-15,0.0400,0.01,no
2026-10-05T03:14:17.127479Z,KXBTC15M-26OCT042315-15,0.0410,1.08,yes
2026-10-05T03:14:17.172589Z,KXBTC15M-26OCT042315-15,0.0410,38.26,yes
2026-10-05T03:14:17.175523Z,KXBTC15M-26OCT042315-15,0.0410,95.82,yes
2026-10-05T03:14:17.189728Z,KXBTC15M-26OCT042315-15,0.0410,19.13,yes
2026-10-05T03:14:17.213431Z,KXBTC15M-26OCT042315-15,0.0410,19.13,yes
2026-10-05T03:14:17.218818Z,KXBTC15M-26OCT042315-15,0.0410,19.13,yes
2026-10-05T03:14:17.252105Z,KXBTC15M-26OCT042315-15,0.0400,0.01,no
2026-10-05T03:14:17.252105Z,KXBTC15M-26OCT042315-15,0.0400,0.99,no
2026-10-05T03:14:17.252105Z,KXBTC15M-26OCT042315-15,0.0400,0.01,no
2026-10-05T03:14:17.252708Z,KXBTC15M-26OCT042315-15,0.0400,43.10,no
2026-10-05T03:14:17.272164Z,KXBTC15M-26OCT042315-15,0.0400,5.11,no
2026-10-05T03:14:17.272331Z,KXBTC15M-26OCT042315-15,0.0400,0.01,no
2026-10-05T03:14:17.272331Z,KXBTC15M-26OCT042315-15,0.0400,0.80,no
2026-10-05T03:14:17.272331Z,KXBTC15M-26OCT042315-15,0.0400,0.01,no
2026-10-05T03:14:17.272331Z,KXBTC15M-26OCT042315-15,0.0400,0.19,no
2026-10-05T03:14:17.27913Z,KXBTC15M-26OCT042315-15,0.0400,0.01,no
2026-10-05T03:14:17.27913Z,KXBTC15M-26OCT042315-15,0.0390,7.84,no
2026-10-05T03:14:17.27913Z,KXBTC15M-26OCT042315-15,0.0400,8.81,no
2026-10-05T03:14:17.27913Z,KXBTC15M-26OCT042315-15,0.0400,0.19,no
2026-10-05T03:14:17.290517Z,KXBTC15M-26OCT042315-15,0.0430,19.11,yes
2026-10-05T03:14:17.290517Z,KXBTC15M-26OCT042315-15,0.0410,0.01,yes
2026-10-05T03:14:17.290517Z,KXBTC15M-26OCT042315-15,0.0410,0.01,yes
2026-10-05T03:14:17.295343Z,KXBTC15M-26OCT042315-15,0.0400,0.01,no
2026-10-05T03:14:17.295343Z,KXBTC15M-26OCT042315-15,0.0400,25.59,no
2026-10-05T03:14:17.295343Z,KXBTC15M-26OCT042315-15,0.0400,0.01,no
2026-10-05T03:14:17.44933Z,KXBTC15M-26OCT042315-15,0.0430,95.00,yes
2026-10-05T03:14:17.44933Z,KXBTC15M-26OCT042315-15,0.0410,0.01,yes
2026-10-05T03:14:17.44933Z,KXBTC15M-26OCT042315-15,0.0430,94.89,yes
2026-10-05T03:14:17.44933Z,KXBTC15M-26OCT042315-15,0.0410,0.01,yes
2026-10-05T03:14:17.44933Z,KXBTC15M-26OCT042315-15,0.0440,290.95,yes
2026-10-05T03:14:17.481232Z,KXBTC15M-26OCT042315-15,0.0400,6.21,no
2026-10-05T03:14:17.499835Z,KXBTC15M-26OCT042315-15,0.0430,0.01,yes
2026-10-05T03:14:17.499835Z,KXBTC15M-26OCT042315-15,0.0430,10.00,yes
2026-10-05T03:14:17.499835Z,KXBTC15M-26OCT042315-15,0.0430,0.01,yes
2026-10-05T03:14:17.499835Z,KXBTC15M-26OCT042315-15,0.0440,28.24,yes
2026-10-05T03:14:17.648206Z,KXBTC15M-26OCT042315-15,0.0400,11.01,no
2026-10-05T03:14:17.648206Z,KXBTC15M-26OCT042315-15,0.0400,0.01,no
2026-10-05T03:14:17.648206Z,KXBTC15M-26OCT042315-15,0.0400,18.20,no
2026-10-05T03:14:17.648206Z,KXBTC15M-26OCT042315-15,0.0400,0.01,no
2026-10-05T03:14:17.711138Z,KXBTC15M-26OCT042315-15,0.0400,206.16,no
2026-10-05T03:14:17.721266Z,KXBTC15M-26OCT042315-15,0.0400,0.18,no
2026-10-05T03:14:17.738101Z,KXBTC15M-26OCT042315-15,0.0410,163.77,yes
2026-10-05T03:14:17.757906Z,KXBTC15M-26OCT042315-15,0.0410,108.57,yes
2026-10-05T03:14:17.798747Z,KXBTC15M-26OCT042315-15,0.0410,100.00,yes
2026-10-05T03:14:17.825434Z,KXBTC15M-26OCT042315-15,0.0410,223.98,yes
2026-10-05T03:14:17.842778Z,KXBTC15M-26OCT042315-15,0.0400,25.20,no
2026-10-05T03:14:17.844053Z,KXBTC15M-26OCT042315-15,0.0410,289.84,yes
2026-10-05T03:14:17.96353Z,KXBTC15M-26OCT042315-15,0.0410,8.50,yes
2026-10-05T03:14:18.023136Z,KXBTC15M-26OCT042315-15,0.0400,12.46,no
2026-10-05T03:14:18.03685Z,KXBTC15M-26OCT042315-15,0.0410,22.85,yes
2026-10-05T03:14:18.045797Z,KXBTC15M-26OCT042315-15,0.0400,7.00,no
2026-10-05T03:14:18.057426Z,KXBTC15M-26OCT042315-15,0.0370,6.00,no
2026-10-05T03:14:18.057426Z,KXBTC15M-26OCT042315-15,0.0340,10.00,no
2026-10-05T03:14:18.057426Z,KXBTC15M-26OCT042315-15,0.0400,237.99,no
2026-10-05T03:14:18.057426Z,KXBTC15M-26OCT042315-15,0.0350,64.00,no
2026-10-05T03:14:18.057426Z,KXBTC15M-26OCT042315-15,0.0290,735.34,no
2026-10-05T03:14:18.057426Z,KXBTC15M-26OCT042315-15,0.0330,500.00,no
2026-10-05T03:14:18.057426Z,KXBTC15M-26OCT042315-15,0.0400,0.01,no
2026-10-05T03:14:18.057426Z,KXBTC15M-26OCT042315-15,0.0400,0.01,no
2026-10-05T03:14:18.057426Z,KXBTC15M-26OCT042315-15,0.0320,70.00,no
2026-10-05T03:14:18.067065Z,KXBTC15M-26OCT042315-15,0.0380,22.68,yes
2026-10-05T03:14:18.089736Z,KXBTC15M-26OCT042315-15,0.0380,0.01,yes
2026-10-05T03:14:18.089736Z,KXBTC15M-26OCT042315-15,0.0400,4.98,yes
2026-10-05T03:14:18.089736Z,KXBTC15M-26OCT042315-15,0.0380,0.01,yes
2026-10-05T03:14:18.11009Z,KXBTC15M-26OCT042315-15,0.0390,21.52,yes
2026-10-05T03:14:18.129734Z,KXBTC15M-26OCT042315-15,0.0380,222.00,yes
2026-10-05T03:14:18.172737Z,KXBTC15M-26OCT042315-15,0.0370,0.01,no
2026-10-05T03:14:18.172737Z,KXBTC15M-26OCT042315-15,0.0370,0.01,no
2026-10-05T03:14:18.172737Z,KXBTC15M-26OCT042315-15,0.0370,56.48,no
2026-10-05T03:14:18.189443Z,KXBTC15M-26OCT042315-15,0.0370,0.75,no
2026-10-05T03:14:18.211732Z,KXBTC15M-26OCT042315-15,0.0390,0.01,yes
2026-10-05T03:14:18.211732Z,KXBTC15M-26OCT042315-15,0.0380,0.01,yes
2026-10-05T03:14:18.211732Z,KXBTC15M-26OCT042315-15,0.0400,0.01,yes
2026-10-05T03:14:18.211732Z,KXBTC15M-26OCT042315-15,0.0380,0.01,yes
2026-10-05T03:14:18.211732Z,KXBTC15M-26OCT042315-15,0.0400,0.01,yes
2026-10-05T03:14:18.211732Z,KXBTC15M-26OCT042315-15,0.0390,0.01,yes
2026-10-05T03:14:18.211732Z,KXBTC15M-26OCT042315-15,0.0450,12.00,yes
2026-10-05T03:14:18.256967Z,KXBTC15M-26OCT042315-15,0.0430,194.51,yes
2026-10-05T03:14:18.256967Z,KXBTC15M-26OCT042315-15,0.0400,0.01,yes
2026-10-05T03:14:18.256967Z,KXBTC15M-26OCT042315-15,0.0400,50.00,yes
2026-10-05T03:14:18.256967Z,KXBTC15M-26OCT042315-15,0.0400,0.01,yes
2026-10-05T03:14:18.262181Z,KXBTC15M-26OCT042315-15,0.0390,0.01,no
2026-10-05T03:14:18.262181Z,KXBTC15M-26OCT042315-15,0.0390,200.00,no
2026-10-05T03:14:18.262181Z,KXBTC15M-26OCT042315-15,0.0390,500.00,no
2026-10-05T03:14:18.262181Z,KXBTC15M-26OCT042315-15,0.0390,0.01,no
2026-10-05T03:14:18.265742Z,KXBTC15M-26OCT042315-15,0.0350,17.01,no
2026-10-05T03:14:18.265742Z,KXBTC15M-26OCT042315-15,0.0370,0.01,no
2026-10-05T03:14:18.265742Z,KXBTC15M-26OCT042315-15,0.0390,50.00,no
2026-10-05T03:14:18.265742Z,KXBTC15M-26OCT042315-15,0.0370,0.01,no
2026-10-05T03:14:18.265742Z,KXBTC15M-26OCT042315-15,0.0380,10.00,no
2026-10-05T03:14:18.265742Z,KXBTC15M-26OCT042315-15,0.0370,22.97,no
2026-10-05T03:14:18.269122Z,KXBTC15M-26OCT042315-15,0.0350,0.02,no
2026-10-05T03:14:18.2714Z,KXBTC15M-26OCT042315-15,0.0390,0.01,no
2026-10-05T03:14:18.2714Z,KXBTC15M-26OCT042315-15,0.0390,0.01,no
2026-10-05T03:14:18.272016Z,KXBTC15M-26OCT042315-15,0.0370,0.02,no
2026-10-05T03:14:18.276796Z,KXBTC15M-26OCT042315-15,0.0350,48.93,no
2026-10-05T03:14:18.276796Z,KXBTC15M-26OCT042315-15,0.0370,1.07,no
2026-10-05T03:14:18.281525Z,KXBTC15M-26OCT042315-15,0.0390,0.01,no
2026-10-05T03:14:18.281525Z,KXBTC15M-26OCT042315-15,0.0350,0.01,no
2026-10-05T03:14:18.283856Z,KXBTC15M-26OCT042315-15,0.0300,50.00,no
2026-10-05T03:14:18.291388Z,KXBTC15M-26OCT042315-15,0.0300,0.01,no
2026-10-05T03:14:18.291388Z,KXBTC15M-26OCT042315-15,0.0390,0.01,no
2026-10-05T03:14:18.293679Z,KXBTC15M-26OCT042315-15,0.0300,21.52,yes
2026-10-05T03:14:18.297575Z,KXBTC15M-26OCT042315-15,0.0280,228.56,yes
2026-10-05T03:14:18.303503Z,KXBTC15M-26OCT042315-15,0.0280,45.71,yes
2026-10-05T03:14:18.321248Z,KXBTC15M-26OCT042315-15,0.0270,50.00,yes
2026-10-05T03:14:18.322058Z,KXBTC15M-26OCT042315-15,0.0270,7.00,yes
2026-10-05T03:14:18.322776Z,KXBTC15M-26OCT042315-15,0.0270,49.00,yes
2026-10-05T03:14:18.324655Z,KXBTC15M-26OCT042315-15,0.0270,50.00,yes
2026-10-05T03:14:18.324655Z,KXBTC15M-26OCT042315-15,0.0270,0.01,yes
2026-10-05T03:14:18.324655Z,KXBTC15M-26OCT042315-15,0.0270,64.27,yes
2026-10-05T03:14:18.349165Z,KXBTC15M-26OCT042315-15,0.0260,111.86,no
2026-10-05T03:14:18.349165Z,KXBTC15M-26OCT042315-15,0.0260,0.01,no
2026-10-05T03:14:18.37743Z,KXBTC15M-26OCT042315-15,0.0260,0.01,no
2026-10-05T03:14:18.37743Z,KXBTC15M-26OCT042315-15,0.0260,188.30,no
2026-10-05T03:14:18.37743Z,KXBTC15M-26OCT042315-15,0.0260,0.01,no
2026-10-05T03:14:18.420482Z,KXBTC15M-26OCT042315-15,0.0260,11.72,no
2026-10-05T03:14:18.484244Z,KXBTC15M-26OCT042315-15,0.0270,1.00,yes
2026-10-05T03:14:18.484244Z,KXBTC15M-26OCT042315-15,0.0270,0.01,yes
2026-10-05T03:14:18.484244Z,KXBTC15M-26OCT042315-15,0.0270,8.70,yes
2026-10-05T03:14:18.484244Z,KXBTC15M-26OCT042315-15,0.0270,1.00,yes
2026-10-05T03:14:18.484244Z,KXBTC15M-26OCT042315-15,0.0270,0.01,yes
2026-10-05T03:14:18.484244Z,KXBTC15M-26OCT042315-15,0.0270,96.00,yes
2026-10-05T03:14:18.484244Z,KXBTC15M-26OCT042315-15,0.0270,0.01,yes
2026-10-05T03:14:18.555912Z,KXBTC15M-26OCT042315-15,0.0280,35.80,yes
2026-10-05T03:14:18.555912Z,KXBTC15M-26OCT042315-15,0.0270,0.01,yes
2026-10-05T03:14:18.555912Z,KXBTC15M-26OCT042315-15,0.0270,0.01,yes
2026-10-05T03:14:18.555912Z,KXBTC15M-26OCT042315-15,0.0270,1.00,yes
2026-10-05T03:14:18.61449Z,KXBTC15M-26OCT042315-15,0.0270,0.01,yes
2026-10-05T03:14:18.61449Z,KXBTC15M-26OCT042315-15,0.0270,0.01,yes
2026-10-05T03:14:18.61449Z,KXBTC15M-26OCT042315-15,0.0280,139.98,yes
2026-10-05T03:14:18.61449Z,KXBTC15M-26OCT042315-15,0.0270,10.00,yes
2026-10-05T03:14:18.641737Z,KXBTC15M-26OCT042315-15,0.0260,11.00,no
2026-10-05T03:14:18.646138Z,KXBTC15M-26OCT042315-15,0.0270,1.00,yes
2026-10-05T03:14:18.646138Z,KXBTC15M-26OCT042315-15,0.0280,533.43,yes
2026-10-05T03:14:18.646138Z,KXBTC15M-26OCT042315-15,0.0270,0.01,yes
2026-10-05T03:14:18.646138Z,KXBTC15M-26OCT042315-15,0.0270,0.01,yes
2026-10-05T03:14:18.664959Z,KXBTC15M-26OCT042315-15,0.0280,27.97,yes
2026-10-05T03:14:18.664959Z,KXBTC15M-26OCT042315-15,0.0270,0.01,yes
2026-10-05T03:14:18.664959Z,KXBTC15M-26OCT042315-15,0.0270,6.00,yes
2026-10-05T03:14:18.664959Z,KXBTC15M-26OCT042315-15,0.0270,0.01,yes
2026-10-05T03:14:18.669117Z,KXBTC15M-26OCT042315-15,0.0290,12.00,yes
2026-10-05T03:14:18.669117Z,KXBTC15M-26OCT042315-15,0.0280,0.01,yes
2026-10-05T03:14:18.669117Z,KXBTC15M-26OCT042315-15,0.0280,0.01,yes
2026-10-05T03:14:18.669117Z,KXBTC15M-26OCT042315-15,0.0280,35.55,yes
2026-10-05T03:14:18.669117Z,KXBTC15M-26OCT042315-15,0.0290,45.51,yes
2026-10-05T03:14:18.712235Z,KXBTC15M-26OCT042315-15,0.0260,0.01,no
2026-10-05T03:14:18.712235Z,KXBTC15M-26OCT042315-15,0.0250,12.94,no
2026-10-05T03:14:18.712235Z,KXBTC15M-26OCT042315-15,0.0260,0.01,no
2026-10-05T03:14:18.720066Z,KXBTC15M-26OCT042315-15,0.0270,46.85,yes
2026-10-05T03:14:18.735683Z,KXBTC15M-26OCT042315-15,0.0270,849.50,yes
2026-10-05T03:14:18.769461Z,KXBTC15M-26OCT042315-15,0.0270,28.72,yes
2026-10-05T03:14:18.908173Z,KXBTC15M-26OCT042315-15,0.0270,228.56,yes
2026-10-05T03:14:18.913135Z,KXBTC15M-26OCT042315-15,0.0270,663.90,yes
2026-10-05T03:14:18.949965Z,KXBTC15M-26OCT042315-15,0.0270,300.96,yes
2026-10-05T03:14:18.952751Z,KXBTC15M-26OCT042315-15,0.0250,49.17,no
2026-10-05T03:14:18.952751Z,KXBTC15M-26OCT042315-15,0.0260,0.01,no
2026-10-05T03:14:18.952751Z,KXBTC15M-26OCT042315-15,0.0260,0.01,no
2026-10-05T03:14:18.962094Z,KXBTC15M-26OCT042315-15,0.0220,195.00,no
2026-10-05T03:14:18.962094Z,KXBTC15M-26OCT042315-15,0.0180,102.71,no
2026-10-05T03:14:18.962094Z,KXBTC15M-26OCT042315-15,0.0250,437.89,no
2026-10-05T03:14:18.962094Z,KXBTC15M-26OCT042315-15,0.0250,0.01,no
2026-10-05T03:14:18.962094Z,KXBTC15M-26OCT042315-15,0.0190,13.00,no
2026-10-05T03:14:18.962094Z,KXBTC15M-26OCT042315-15,0.0200,53.12,no
2026-10-05T03:14:18.962094Z,KXBTC15M-26OCT042315-15,0.0200,62.45,no
2026-10-05T03:14:18.962094Z,KXBTC15M-26OCT042315-15,0.0200,50.00,no
2026-10-05T03:14:18.972718Z,KXBTC15M-26OCT042315-15,0.0250,0.01,no
2026-10-05T03:14:18.972718Z,KXBTC15M-26OCT042315-15,0.0190,100.41,no
2026-10-05T03:14:18.972718Z,KXBTC15M-26OCT042315-15,0.0220,0.01,no
2026-10-05T03:14:19.002511Z,KXBTC15M-26OCT042315-15,0.0260,6.00,yes
2026-10-05T03:14:19.002511Z,KXBTC15M-26OCT042315-15,0.0260,0.01,yes
2026-10-05T03:14:19.002511Z,KXBTC15M-26OCT042315-15,0.0260,327.73,yes
2026-10-05T03:14:19.002511Z,KXBTC15M-26OCT042315-15,0.0260,1.00,yes
2026-10-05T03:14:19.002511Z,KXBTC15M-26OCT042315-15,0.0260,0.01,yes
2026-10-05T03:14:19.002511Z,KXBTC15M-26OCT042315-15,0.0260,12.00,yes
2026-10-05T03:14:19.021102Z,KXBTC15M-26OCT042315-15,0.0260,34.67,yes
2026-10-05T03:14:19.023981Z,KXBTC15M-26OCT042315-15,0.0260,117.82,yes
2026-10-05T03:14:19.023981Z,KXBTC15M-26OCT042315-15,0.0260,0.01,yes
2026-10-05T03:14:19.023981Z,KXBTC15M-26OCT042315-15,0.0260,12.00,yes
2026-10-05T03:14:19.023981Z,KXBTC15M-26OCT042315-15,0.0260,0.01,yes
2026-10-05T03:14:19.02488Z,KXBTC15M-26OCT042315-15,0.0210,99.40,no
2026-10-05T03:14:19.02488Z,KXBTC15M-26OCT042315-15,0.0250,0.01,no
2026-10-05T03:14:19.02488Z,KXBTC15M-26OCT042315-15,0.0250,0.01,no
2026-10-05T03:14:19.039722Z,KXBTC15M-26OCT042315-15,0.0270,324.98,yes
2026-10-05T03:14:19.039722Z,KXBTC15M-26OCT042315-15,0.0260,0.01,yes
2026-10-05T03:14:19.039722Z,KXBTC15M-26OCT042315-15,0.0260,12.00,yes
2026-10-05T03:14:19.039722Z,KXBTC15M-26OCT042315-15,0.0260,0.01,yes
2026-10-05T03:14:19.071546Z,KXBTC15M-26OCT042315-15,0.0210,10.11,no
2026-10-05T03:14:19.071546Z,KXBTC15M-26OCT042315-15,0.0250,0.01,no
2026-10-05T03:14:19.071546Z,KXBTC15M-26OCT042315-15,0.0250,0.01,no
2026-10-05T03:14:19.076224Z,KXBTC15M-26OCT042315-15,0.0260,0.01,yes
2026-10-05T03:14:19.076224Z,KXBTC15M-26OCT042315-15,0.0260,0.01,yes
2026-10-05T03:14:19.076224Z,KXBTC15M-26OCT042315-15,0.0260,503.37,yes
2026-10-05T03:14:19.076224Z,KXBTC15M-26OCT042315-15,0.0260,11.61,yes
2026-10-05T03:14:19.077886Z,KXBTC15M-26OCT042315-15,0.0230,74.57,no
2026-10-05T03:14:19.084689Z,KXBTC15M-26OCT042315-15,0.0230,75.49,no
2026-10-05T03:14:19.084724Z,KXBTC15M-26OCT042315-15,0.0250,1.00,yes
2026-10-05T03:14:19.085301Z,KXBTC15M-26OCT042315-15,0.0230,2.23,no
2026-10-05T03:14:19.090654Z,KXBTC15M-26OCT042315-15,0.0230,53.93,no
2026-10-05T03:14:19.110915Z,KXBTC15M-26OCT042315-15,0.0230,200.00,no
2026-10-05T03:14:19.110915Z,KXBTC15M-26OCT042315-15,0.0220,10.00,no
2026-10-05T03:14:19.110915Z,KXBTC15M-26OCT042315-15,0.0230,0.01,no
2026-10-05T03:14:19.110915Z,KXBTC15M-26OCT042315-15,0.0230,0.01,no
2026-10-05T03:14:19.110915Z,KXBTC15M-26OCT042315-15,0.0220,229.01,no
2026-10-05T03:14:19.111614Z,KXBTC15M-26OCT042315-15,0.0240,2.98,yes
2026-10-05T03:14:19.111614Z,KXBTC15M-26OCT042315-15,0.0240,0.01,yes
2026-10-05T03:14:19.111614Z,KXBTC15M-26OCT042315-15,0.0240,2.00,yes
2026-10-05T03:14:19.111614Z,KXBTC15M-26OCT042315-15,0.0240,0.01,yes
2026-10-05T03:14:19.129669Z,KXBTC15M-26OCT042315-15,0.0240,34.67,yes
2026-10-05T03:14:19.142754Z,KXBTC15M-26OCT042315-15,0.0240,1.10,yes
2026-10-05T03:14:19.167081Z,KXBTC15M-26OCT042315-15,0.0240,179.57,yes
2026-10-05T03:14:19.167081Z,KXBTC15M-26OCT042315-15,0.0240,0.01,yes
2026-10-05T03:14:19.167081Z,KXBTC15M-26OCT042315-15,0.0240,491.41,yes
2026-10-05T03:14:19.167081Z,KXBTC15M-26OCT042315-15,0.0240,2.00,yes
2026-10-05T03:14:19.167081Z,KXBTC15M-26OCT042315-15,0.0240,12.00,yes
2026-10-05T03:14:19.167081Z,KXBTC15M-26OCT042315-15,0.0240,0.01,yes
2026-10-05T03:14:19.191254Z,KXBTC15M-26OCT042315-15,0.0240,2.16,yes
2026-10-05T03:14:19.225314Z,KXBTC15M-26OCT042315-15,0.0240,34.67,yes
2026-10-05T03:14:19.239681Z,KXBTC15M-26OCT042315-15,0.0230,0.01,no
2026-10-05T03:14:19.239681Z,KXBTC15M-26OCT042315-15,0.0230,0.01,no
2026-10-05T03:14:19.239681Z,KXBTC15M-26OCT042315-15,0.0230,3.26,no
2026-10-05T03:14:19.271441Z,KXBTC15M-26OCT042315-15,0.0240,38.74,yes
2026-10-05T03:14:19.341825Z,KXBTC15M-26OCT042315-15,0.0240,108.02,yes
2026-10-05T03:14:19.382444Z,KXBTC15M-26OCT042315-15,0.0230,5.00,no
2026-10-05T03:14:19.472793Z,KXBTC15M-26OCT042315-15,0.0230,10.02,no
2026-10-05T03:14:19.551679Z,KXBTC15M-26OCT042315-15,0.0240,10.00,yes
2026-10-05T03:14:19.577206Z,KXBTC15M-26OCT042315-15,0.0240,490.96,yes
2026-10-05T03:14:19.593119Z,KXBTC15M-26OCT042315-15,0.0240,500.00,yes
2026-10-05T03:14:19.61855Z,KXBTC15M-26OCT042315-15,0.0240,0.01,yes
2026-10-05T03:14:19.61855Z,KXBTC15M-26OCT042315-15,0.0250,2.00,yes
2026-10-05T03:14:19.61855Z,KXBTC15M-26OCT042315-15,0.0250,1.21,yes
2026-10-05T03:14:19.61855Z,KXBTC15M-26OCT042315-15,0.0240,0.01,yes
2026-10-05T03:14:19.928666Z,KXBTC15M-26OCT042315-15,0.0240,1.37,yes
2026-10-05T03:14:20.056167Z,KXBTC15M-26OCT042315-15,0.0260,2.00,yes
2026-10-05T03:14:20.056167Z,KXBTC15M-26OCT042315-15,0.0260,2.00,yes
2026-10-05T03:14:20.056167Z,KXBTC15M-26OCT042315-15,0.0240,1.00,yes
2026-10-05T03:14:20.056167Z,KXBTC15M-26OCT042315-15,0.0260,38.32,yes
2026-10-05T03:14:20.056167Z,KXBTC15M-26OCT042315-15,0.0240,0.63,yes
2026-10-05T03:14:20.056167Z,KXBTC15M-26OCT042315-15,0.0250,2.00,yes
2026-10-05T03:14:20.056167Z,KXBTC15M-26OCT042315-15,0.0240,0.01,yes
2026-10-05T03:14:20.056167Z,KXBTC15M-26OCT042315-15,0.0240,0.01,yes
2026-10-05T03:14:20.056167Z,KXBTC15M-26OCT042315-15,0.0260,4.03,yes
2026-10-05T03:14:20.102849Z,KXBTC15M-26OCT042315-15,0.0240,2.00,yes
2026-10-05T03:14:20.102849Z,KXBTC15M-26OCT042315-15,0.0240,1.90,yes
2026-10-05T03:14:20.124257Z,KXBTC15M-26OCT042315-15,0.0240,0.10,yes
2026-10-05T03:14:20.124257Z,KXBTC15M-26OCT042315-15,0.0240,0.01,yes
2026-10-05T03:14:20.124257Z,KXBTC15M-26OCT042315-15,0.0240,34.56,yes
2026-10-05T03:14:20.178426Z,KXBTC15M-26OCT042315-15,0.0240,103.44,yes
2026-10-05T03:14:20.178426Z,KXBTC15M-26OCT042315-15,0.0240,74.56,yes
2026-10-05T03:14:20.179993Z,KXBTC15M-26OCT042315-15,0.0240,17.94,yes
2026-10-05T03:14:20.242444Z,KXBTC15M-26OCT042315-15,0.0240,2.00,yes
2026-10-05T03:14:20.242444Z,KXBTC15M-26OCT042315-15,0.0250,15.00,yes
2026-10-05T03:14:20.242444Z,KXBTC15M-26OCT042315-15,0.0240,1.00,yes
2026-10-05T03:14:20.242444Z,KXBTC15M-26OCT042315-15,0.0240,0.01,yes
2026-10-05T03:14:20.242444Z,KXBTC15M-26OCT042315-15,0.0250,2.00,yes
2026-10-05T03:14:20.242444Z,KXBTC15M-26OCT042315-15,0.0250,2.00,yes
2026-10-05T03:14:20.242444Z,KXBTC15M-26OCT042315-15,0.0260,3.68,yes
2026-10-05T03:14:20.242444Z,KXBTC15M-26OCT042315-15,0.0260,10.01,yes
2026-10-05T03:14:20.248698Z,KXBTC15M-26OCT042315-15,0.0250,153.28,no
2026-10-05T03:14:20.29221Z,KXBTC15M-26OCT042315-15,0.0260,106.47,yes
2026-10-05T03:14:20.303943Z,KXBTC15M-26OCT042315-15,0.0270,697.53,yes
2026-10-05T03:14:20.303943Z,KXBTC15M-26OCT042315-15,0.0300,168.00,yes
2026-10-05T03:14:20.303943Z,KXBTC15M-26OCT042315-15,0.0300,288.53,yes
2026-10-05T03:14:20.303943Z,KXBTC15M-26OCT042315-15,0.0260,161.00,yes
2026-10-05T03:14:20.303943Z,KXBTC15M-26OCT042315-15,0.0270,2.00,yes
2026-10-05T03:14:20.303943Z,KXBTC15M-26OCT042315-15,0.0280,2.00,yes
2026-10-05T03:14:20.303943Z,KXBTC15M-26OCT042315-15,0.0260,2.00,yes
2026-10-05T03:14:20.303943Z,KXBTC15M-26OCT042315-15,0.0260,2.00,yes
2026-10-05T03:14:20.303943Z,KXBTC15M-26OCT042315-15,0.0260,107.00,yes
2026-10-05T03:14:20.303943Z,KXBTC15M-26OCT042315-15,0.0260,0.01,yes
2026-10-05T03:14:20.303943Z,KXBTC15M-26OCT042315-15,0.0260,173.94,yes
2026-10-05T03:14:20.303943Z,KXBTC15M-26OCT042315-15,0.0260,9.52,yes
2026-10-05T03:14:20.303943Z,KXBTC15M-26OCT042315-15,0.0260,12.00,yes
2026-10-05T03:14:20.303943Z,KXBTC15M-26OCT042315-15,0.0280,149.00,yes
2026-10-05T03:14:20.340088Z,KXBTC15M-26OCT042315-15,0.0280,90.11,yes
2026-10-05T03:14:20.340088Z,KXBTC15M-26OCT042315-15,0.0270,10.00,yes
2026-10-05T03:14:20.340088Z,KXBTC15M-26OCT042315-15,0.0270,366.34,yes
2026-10-05T03:14:20.340088Z,KXBTC15M-26OCT042315-15,0.0260,2.00,yes
2026-10-05T03:14:20.340088Z,KXBTC15M-26OCT042315-15,0.0270,2.00,yes
2026-10-05T03:14:20.340088Z,KXBTC15M-26OCT042315-15,0.0260,6.00,yes
2026-10-05T03:14:20.350582Z,KXBTC15M-26OCT042315-15,0.0250,0.01,no
2026-10-05T03:14:20.350582Z,KXBTC15M-26OCT042315-15,0.0250,0.01,no
2026-10-05T03:14:20.350582Z,KXBTC15M-26OCT042315-15,0.0250,0.01,no
2026-10-05T03:14:20.366575Z,KXBTC15M-26OCT042315-15,0.0270,0.01,yes
2026-10-05T03:14:20.366575Z,KXBTC15M-26OCT042315-15,0.0270,2.00,yes
2026-10-05T03:14:20.366575Z,KXBTC15M-26OCT042315-15,0.0280,31.50,yes
2026-10-05T03:14:20.366575Z,KXBTC15M-26OCT042315-15,0.0270,1.00,yes
2026-10-05T03:14:20.366575Z,KXBTC15M-26OCT042315-15,0.0260,6.00,yes
2026-10-05T03:14:20.366575Z,KXBTC15M-26OCT042315-15,0.0270,10.00,yes
2026-10-05T03:14:20.366575Z,KXBTC15M-26OCT042315-15,0.0260,0.01,yes
2026-10-05T03:14:20.367811Z,KXBTC15M-26OCT042315-15,0.0250,0.01,no
2026-10-05T03:14:20.367811Z,KXBTC15M-26OCT042315-15,0.0250,273.38,no
2026-10-05T03:14:20.367811Z,KXBTC15M-26OCT042315-15,0.0250,219.99,no
2026-10-05T03:14:20.367811Z,KXBTC15M-26OCT042315-15,0.0230,18.65,no
2026-10-05T03:14:20.367811Z,KXBTC15M-26OCT042315-15,0.0250,0.01,no
2026-10-05T03:14:20.367811Z,KXBTC15M-26OCT042315-15,0.0230,0.01,no
2026-10-05T03:14:20.367811Z,KXBTC15M-26OCT042315-15,0.0230,0.01,no
2026-10-05T03:14:20.389341Z,KXBTC15M-26OCT042315-15,0.0250,0.01,no
2026-10-05T03:14:20.389341Z,KXBTC15M-26OCT042315-15,0.0250,1.48,no
2026-10-05T03:14:20.389341Z,KXBTC15M-26OCT042315-15,0.0250,0.01,no
2026-10-05T03:14:20.399854Z,KXBTC15M-26OCT042315-15,0.0250,2.04,no
2026-10-05T03:14:20.458523Z,KXBTC15M-26OCT042315-15,0.0260,33.67,yes
2026-10-05T03:14:20.458523Z,KXBTC15M-26OCT042315-15,0.0260,0.01,yes
2026-10-05T03:14:20.458523Z,KXBTC15M-26OCT042315-15,0.0260,0.01,yes
2026-10-05T03:14:20.458523Z,KXBTC15M-26OCT042315-15,0.0260,2.00,yes
2026-10-05T03:14:20.544788Z,KXBTC15M-26OCT042315-15,0.0250,0.01,no
2026-10-05T03:14:20.544788Z,KXBTC15M-26OCT042315-15,0.0250,10.23,no
2026-10-05T03:14:20.544788Z,KXBTC15M-26OCT042315-15,0.0250,0.01,no
2026-10-05T03:14:20.595045Z,KXBTC15M-26OCT042315-15,0.0260,10.80,yes
2026-10-05T03:14:20.604905Z,KXBTC15M-26OCT042315-15,0.0260,21.52,yes
2026-10-05T03:14:20.628355Z,KXBTC15M-26OCT042315-15,0.0260,18.00,yes
2026-10-05T03:14:20.629546Z,KXBTC15M-26OCT042315-15,0.0260,124.09,yes
2026-10-05T03:14:20.629546Z,KXBTC15M-26OCT042315-15,0.0260,2.00,yes
2026-10-05T03:14:20.629546Z,KXBTC15M-26OCT042315-15,0.0260,0.01,yes
2026-10-05T03:14:20.629546Z,KXBTC15M-26OCT042315-15,0.0270,10.00,yes
2026-10-05T03:14:20.629546Z,KXBTC15M-26OCT042315-15,0.0260,0.01,yes
2026-10-05T03:14:20.637974Z,KXBTC15M-26OCT042315-15,0.0230,41.55,no
2026-10-05T03:14:20.637974Z,KXBTC15M-26OCT042315-15,0.0250,0.01,no
2026-10-05T03:14:20.637974Z,KXBTC15M-26OCT042315-15,0.0200,1.31,no
2026-10-05T03:14:20.637974Z,KXBTC15M-26OCT042315-15,0.0270,163.89,no
2026-10-05T03:14:20.637974Z,KXBTC15M-26OCT042315-15,0.0250,0.01,no
2026-10-05T03:14:20.637974Z,KXBTC15M-26OCT042315-15,0.0220,8.00,no
2026-10-05T03:14:20.637974Z,KXBTC15M-26OCT042315-15,0.0210,500.00,no
2026-10-05T03:14:20.669564Z,KXBTC15M-26OCT042315-15,0.0280,940.46,yes
2026-10-05T03:14:20.706321Z,KXBTC15M-26OCT042315-15,0.0280,103.95,yes
2026-10-05T03:14:20.773705Z,KXBTC15M-26OCT042315-15,0.0270,0.01,no
2026-10-05T03:14:20.773705Z,KXBTC15M-26OCT042315-15,0.0270,186.95,no
2026-10-05T03:14:20.773705Z,KXBTC15M-26OCT042315-15,0.0270,0.01,no
2026-10-05T03:14:20.799338Z,KXBTC15M-26OCT042315-15,0.0270,0.01,no
2026-10-05T03:14:20.799338Z,KXBTC15M-26OCT042315-15,0.0230,7.00,no
2026-10-05T03:14:20.799338Z,KXBTC15M-26OCT042315-15,0.0230,239.00,no
2026-10-05T03:14:20.799338Z,KXBTC15M-26OCT042315-15,0.0270,0.01,no
2026-10-05T03:14:20.799338Z,KXBTC15M-26OCT042315-15,0.0210,659.77,no
2026-10-05T03:14:20.823478Z,KXBTC15M-26OCT042315-15,0.0240,54.17,no
2026-10-05T03:14:20.882571Z,KXBTC15M-26OCT042315-15,0.0250,1.00,yes
2026-10-05T03:14:20.882571Z,KXBTC15M-26OCT042315-15,0.0250,108.00,yes
2026-10-05T03:14:20.882571Z,KXBTC15M-26OCT042315-15,0.0250,0.01,yes
2026-10-05T03:14:20.882571Z,KXBTC15M-26OCT042315-15,0.0250,0.01,yes
2026-10-05T03:14:20.882571Z,KXBTC15M-26OCT042315-15,0.0260,40.37,yes
2026-10-05T03:14:20.882571Z,KXBTC15M-26OCT042315-15,0.0250,1.00,yes
2026-10-05T03:14:20.882571Z,KXBTC15M-26OCT042315-15,0.0250,108.00,yes
2026-10-05T03:14:20.882571Z,KXBTC15M-26OCT042315-15,0.0250,64.00,yes
2026-10-05T03:14:20.882571Z,KXBTC15M-26OCT042315-15,0.0250,12.00,yes
2026-10-05T03:14:20.897133Z,KXBTC15M-26OCT042315-15,0.0210,100.30,no
2026-10-05T03:14:20.897133Z,KXBTC15M-26OCT042315-15,0.0240,0.01,no
2026-10-05T03:14:20.897133Z,KXBTC15M-26OCT042315-15,0.0230,0.01,no
2026-10-05T03:14:20.897133Z,KXBTC15M-26OCT042315-15,0.0240,0.01,no
2026-10-05T03:14:21.025218Z,KXBTC15M-26OCT042315-15,0.0200,72.39,no
2026-10-05T03:14:21.025218Z,KXBTC15M-26OCT042315-15,0.0210,0.01,no
2026-10-05T03:14:21.025218Z,KXBTC15M-26OCT042315-15,0.0210,0.01,no
2026-10-05T03:14:21.025218Z,KXBTC15M-26OCT042315-15,0.0210,399.70,no
2026-10-05T03:14:21.025218Z,KXBTC15M-26OCT042315-15,0.0240,0.01,no
2026-10-05T03:14:21.025218Z,KXBTC15M-26OCT042315-15,0.0240,0.01,no
2026-10-05T03:14:21.030124Z,KXBTC15M-26OCT042315-15,0.0250,12.00,yes
2026-10-05T03:14:21.030124Z,KXBTC15M-26OCT042315-15,0.0250,64.00,yes
2026-10-05T03:14:21.030124Z,KXBTC15M-26OCT042315-15,0.0260,141.82,yes
2026-10-05T03:14:21.030124Z,KXBTC15M-26OCT042315-15,0.0250,0.01,yes
2026-10-05T03:14:21.030124Z,KXBTC15M-26OCT042315-15,0.0250,1.00,yes
2026-10-05T03:14:21.030124Z,KXBTC15M-26OCT042315-15,0.0250,0.01,yes
2026-10-05T03:14:21.043648Z,KXBTC15M-26OCT042315-15,0.0250,0.01,yes
2026-10-05T03:14:21.043648Z,KXBTC15M-26OCT042315-15,0.0250,0.01,yes
2026-10-05T03:14:21.043648Z,KXBTC15M-26OCT042315-15,0.0260,33.41,yes
2026-10-05T03:14:21.062431Z,KXBTC15M-26OCT042315-15,0.0250,15.00,yes
2026-10-05T03:14:21.062431Z,KXBTC15M-26OCT042315-15,0.0250,12.00,yes
2026-10-05T03:14:21.062431Z,KXBTC15M-26OCT042315-15,0.0250,15.00,yes
2026-10-05T03:14:21.062431Z,KXBTC15M-26OCT042315-15,0.0250,58.00,yes
2026-10-05T03:14:21.110181Z,KXBTC15M-26OCT042315-15,0.0250,33.43,yes
2026-10-05T03:14:21.155706Z,KXBTC15M-26OCT042315-15,0.0250,12.00,yes
2026-10-05T03:14:21.155706Z,KXBTC15M-26OCT042315-15,0.0250,0.01,yes
2026-10-05T03:14:21.155706Z,KXBTC15M-26OCT042315-15,0.0250,0.01,yes
2026-10-05T03:14:21.155706Z,KXBTC15M-26OCT042315-15,0.0260,1044.21,yes
2026-10-05T03:14:21.15701Z,KXBTC15M-26OCT042315-15,0.0240,0.01,no
2026-10-05T03:14:21.15701Z,KXBTC15M-26OCT042315-15,0.0240,0.01,no
2026-10-05T03:14:21.15701Z,KXBTC15M-26OCT042315-15,0.0240,368.65,no
2026-10-05T03:14:21.164194Z,KXBTC15M-26OCT042315-15,0.0250,18.43,yes
2026-10-05T03:14:21.164194Z,KXBTC15M-26OCT042315-15,0.0250,15.00,yes
2026-10-05T03:14:21.223974Z,KXBTC15M-26OCT042315-15,0.0250,40.00,no
2026-10-05T03:14:21.229624Z,KXBTC15M-26OCT042315-15,0.0260,0.26,yes
2026-10-05T03:14:21.233617Z,KXBTC15M-26OCT042315-15,0.0250,20.00,no
2026-10-05T03:14:21.257466Z,KXBTC15M-26OCT042315-15,0.0250,0.01,no
2026-10-05T03:14:21.257466Z,KXBTC15M-26OCT042315-15,0.0250,254.43,no
2026-10-05T03:14:21.257466Z,KXBTC15M-26OCT042315-15,0.0250,0.01,no
2026-10-05T03:14:21.265554Z,KXBTC15M-26OCT042315-15,0.0230,0.01,no
2026-10-05T03:14:21.265554Z,KXBTC15M-26OCT042315-15,0.0230,0.01,no
2026-10-05T03:14:21.265554Z,KXBTC15M-26OCT042315-15,0.0220,3051.98,no
2026-10-05T03:14:21.265554Z,KXBTC15M-26OCT042315-15,0.0230,10.00,no
2026-10-05T03:14:21.268879Z,KXBTC15M-26OCT042315-15,0.0220,25.00,no
2026-10-05T03:14:21.274277Z,KXBTC15M-26OCT042315-15,0.0230,66.87,yes
2026-10-05T03:14:21.278154Z,KXBTC15M-26OCT042315-15,0.0210,11.00,no
2026-10-05T03:14:21.278154Z,KXBTC15M-26OCT042315-15,0.0220,0.01,no
2026-10-05T03:14:21.278154Z,KXBTC15M-26OCT042315-15,0.0200,3.98,no
2026-10-05T03:14:21.299378Z,KXBTC15M-26OCT042315-15,0.0230,29.95,yes
2026-10-05T03:14:21.324089Z,KXBTC15M-26OCT042315-15,0.0220,40.77,no
2026-10-05T03:14:21.339135Z,KXBTC15M-26OCT042315-15,0.0230,365.11,yes
2026-10-05T03:14:21.342221Z,KXBTC15M-26OCT042315-15,0.0220,23.80,no
2026-10-05T03:14:21.363106Z,KXBTC15M-26OCT042315-15,0.0230,66.87,yes
2026-10-05T03:14:21.393268Z,KXBTC15M-26OCT042315-15,0.0230,37.20,yes
2026-10-05T03:14:21.503754Z,KXBTC15M-26OCT042315-15,0.0220,0.01,no
2026-10-05T03:14:21.503754Z,KXBTC15M-26OCT042315-15,0.0220,0.01,no
2026-10-05T03:14:21.503754Z,KXBTC15M-26OCT042315-15,0.0150,14.00,no
2026-10-05T03:14:21.503754Z,KXBTC15M-26OCT042315-15,0.0150,530.20,no
2026-10-05T03:14:21.503754Z,KXBTC15M-26OCT042315-15,0.0200,122.32,no
2026-10-05T03:14:21.523599Z,KXBTC15M-26OCT042315-15,0.0180,222.56,yes
2026-10-05T03:14:21.523599Z,KXBTC15M-26OCT042315-15,0.0170,332.44,yes
2026-10-05T03:14:21.523599Z,KXBTC15M-26OCT042315-15,0.0170,13.00,yes
2026-10-05T03:14:21.544953Z,KXBTC15M-26OCT042315-15,0.0170,13.00,yes
2026-10-05T03:14:21.544953Z,KXBTC15M-26OCT042315-15,0.0170,0.01,yes
2026-10-05T03:14:21.544953Z,KXBTC15M-26OCT042315-15,0.0170,0.01,yes
2026-10-05T03:14:21.555263Z,KXBTC15M-26OCT042315-15,0.0180,68.05,yes
2026-10-05T03:14:21.55615Z,KXBTC15M-26OCT042315-15,0.0160,1.99,no
2026-10-05T03:14:21.560656Z,KXBTC15M-26OCT042315-15,0.0180,318.00,yes
2026-10-05T03:14:21.605456Z,KXBTC15M-26OCT042315-15,0.0180,40.69,yes
2026-10-05T03:14:21.636961Z,KXBTC15M-26OCT042315-15,0.0180,37.44,yes
2026-10-05T03:14:21.719132Z,KXBTC15M-26OCT042315-15,0.0170,0.01,no
2026-10-05T03:14:21.719132Z,KXBTC15M-26OCT042315-15,0.0170,0.50,no
2026-10-05T03:14:21.719132Z,KXBTC15M-26OCT042315-15,0.0170,0.01,no
2026-10-05T03:14:21.719132Z,KXBTC15M-26OCT042315-15,0.0170,1.13,no
2026-10-05T03:14:21.731806Z,KXBTC15M-26OCT042315-15,0.0180,110.58,yes
2026-10-05T03:14:21.751274Z,KXBTC15M-26OCT042315-15,0.0170,1.99,no
2026-10-05T03:14:21.770575Z,KXBTC15M-26OCT042315-15,0.0180,203.47,yes
2026-10-05T03:14:21.773424Z,KXBTC15M-26OCT042315-15,0.0170,6.97,no
2026-10-05T03:14:21.775197Z,KXBTC15M-26OCT042315-15,0.0170,0.01,no
2026-10-05T03:14:21.776017Z,KXBTC15M-26OCT042315-15,0.0170,0.01,no
2026-10-05T03:14:21.776056Z,KXBTC15M-26OCT042315-15,0.0170,0.01,no
2026-10-05T03:14:21.77661Z,KXBTC15M-26OCT042315-15,0.0170,0.01,no
2026-10-05T03:14:21.776845Z,KXBTC15M-26OCT042315-15,0.0170,0.01,no
2026-10-05T03:14:21.828235Z,KXBTC15M-26OCT042315-15,0.0180,0.01,yes
2026-10-05T03:14:21.828235Z,KXBTC15M-26OCT042315-15,0.0200,40.67,yes
2026-10-05T03:14:21.828235Z,KXBTC15M-26OCT042315-15,0.0180,0.01,yes
2026-10-05T03:14:21.859491Z,KXBTC15M-26OCT042315-15,0.0200,179.70,yes
2026-10-05T03:14:21.859491Z,KXBTC15M-26OCT042315-15,0.0180,0.01,yes
2026-10-05T03:14:21.859491Z,KXBTC15M-26OCT042315-15,0.0180,0.01,yes
2026-10-05T03:14:21.861019Z,KXBTC15M-26OCT042315-15,0.0170,121.05,no
2026-10-05T03:14:21.868724Z,KXBTC15M-26OCT042315-15,0.0180,0.01,yes
2026-10-05T03:14:21.868724Z,KXBTC15M-26OCT042315-15,0.0240,42.00,yes
2026-10-05T03:14:21.868724Z,KXBTC15M-26OCT042315-15,0.0230,1047.00,yes
2026-10-05T03:14:21.868724Z,KXBTC15M-26OCT042315-15,0.0180,0.01,yes
2026-10-05T03:14:21.868724Z,KXBTC15M-26OCT042315-15,0.0200,826.63,yes
2026-10-05T03:14:21.868724Z,KXBTC15M-26OCT042315-15,0.0250,429.94,yes
2026-10-05T03:14:21.868724Z,KXBTC15M-26OCT042315-15,0.0200,64.00,yes
2026-10-05T03:14:21.868724Z,KXBTC15M-26OCT042315-15,0.0240,48.00,yes
2026-10-05T03:14:21.868724Z,KXBTC15M-26OCT042315-15,0.0200,50.00,yes
2026-10-05T03:14:21.868724Z,KXBTC15M-26OCT042315-15,0.0220,12.00,yes
2026-10-05T03:14:21.868724Z,KXBTC15M-26OCT042315-15,0.0200,0.01,yes
2026-10-05T03:14:21.868724Z,KXBTC15M-26OCT042315-15,0.0220,1.00,yes
2026-10-05T03:14:21.962095Z,KXBTC15M-26OCT042315-15,0.0200,5.07,no
2026-10-05T03:14:22.003169Z,KXBTC15M-26OCT042315-15,0.0290,164.34,yes
2026-10-05T03:14:22.003169Z,KXBTC15M-26OCT042315-15,0.0250,1.00,yes
2026-10-05T03:14:22.003169Z,KXBTC15M-26OCT042315-15,0.0220,0.01,yes
2026-10-05T03:14:22.003169Z,KXBTC15M-26OCT042315-15,0.0220,0.01,yes
2026-10-05T03:14:22.094351Z,KXBTC15M-26OCT042315-15,0.0260,101.60,no
2026-10-05T03:14:22.155355Z,KXBTC15M-26OCT042315-15,0.0260,1.00,no
2026-10-05T03:14:22.180062Z,KXBTC15M-26OCT042315-15,0.0260,23.54,no
2026-10-05T03:14:22.184602Z,KXBTC15M-26OCT042315-15,0.0260,2.00,no
2026-10-05T03:14:22.22307Z,KXBTC15M-26OCT042315-15,0.0260,5.00,no
2026-10-05T03:14:22.242941Z,KXBTC15M-26OCT042315-15,0.0260,5.57,no
2026-10-05T03:14:22.24694Z,KXBTC15M-26OCT042315-15,0.0270,0.01,yes
2026-10-05T03:14:22.24694Z,KXBTC15M-26OCT042315-15,0.0270,0.01,yes
2026-10-05T03:14:22.24694Z,KXBTC15M-26OCT042315-15,0.0270,1.00,yes
2026-10-05T03:14:22.24694Z,KXBTC15M-26OCT042315-15,0.0270,1.00,yes
2026-10-05T03:14:22.24694Z,KXBTC15M-26OCT042315-15,0.0270,117.80,yes
2026-10-05T03:14:22.350977Z,KXBTC15M-26OCT042315-15,0.0260,1.27,no
2026-10-05T03:14:22.35578Z,KXBTC15M-26OCT042315-15,0.0270,1.00,yes
2026-10-05T03:14:22.35578Z,KXBTC15M-26OCT042315-15,0.0270,1.00,yes
2026-10-05T03:14:22.35578Z,KXBTC15M-26OCT042315-15,0.0280,1.00,yes
2026-10-05T03:14:22.35578Z,KXBTC15M-26OCT042315-15,0.0280,108.00,yes
2026-10-05T03:14:22.35578Z,KXBTC15M-26OCT042315-15,0.0270,1.00,yes
2026-10-05T03:14:22.35578Z,KXBTC15M-26OCT042315-15,0.0270,0.01,yes
2026-10-05T03:14:22.35578Z,KXBTC15M-26OCT042315-15,0.0280,54.00,yes
2026-10-05T03:14:22.35578Z,KXBTC15M-26OCT042315-15,0.0270,0.01,yes
2026-10-05T03:14:22.35578Z,KXBTC15M-26OCT042315-15,0.0290,1.00,yes
2026-10-05T03:14:22.35578Z,KXBTC15M-26OCT042315-15,0.0300,50.00,yes
2026-10-05T03:14:22.35578Z,KXBTC15M-26OCT042315-15,0.0300,8.28,yes
2026-10-05T03:14:22.370481Z,KXBTC15M-26OCT042315-15,0.0280,0.01,yes
2026-10-05T03:14:22.370481Z,KXBTC15M-26OCT042315-15,0.0300,1.99,yes
2026-10-05T03:14:22.437153Z,KXBTC15M-26OCT042315-15,0.0280,1.00,yes
2026-10-05T03:14:22.437153Z,KXBTC15M-26OCT042315-15,0.0280,0.01,yes
2026-10-05T03:14:22.437153Z,KXBTC15M-26OCT042315-15,0.0280,0.01,yes
2026-10-05T03:14:22.437153Z,KXBTC15M-26OCT042315-15,0.0300,30.34,yes
2026-10-05T03:14:22.495734Z,KXBTC15M-26OCT042315-15,0.0260,50.00,no
2026-10-05T03:14:22.593225Z,KXBTC15M-26OCT042315-15,0.0260,0.03,no
2026-10-05T03:14:22.728544Z,KXBTC15M-26OCT042315-15,0.0300,0.15,yes
2026-10-05T03:14:22.728544Z,KXBTC15M-26OCT042315-15,0.0280,1.00,yes
2026-10-05T03:14:22.728544Z,KXBTC15M-26OCT042315-15,0.0290,1.00,yes
2026-10-05T03:14:22.728544Z,KXBTC15M-26OCT042315-15,0.0270,0.01,yes
2026-10-05T03:14:22.767594Z,KXBTC15M-26OCT042315-15,0.0300,0.05,yes
2026-10-05T03:14:22.767594Z,KXBTC15M-26OCT042315-15,0.0290,1.00,yes
2026-10-05T03:14:22.79709Z,KXBTC15M-26OCT042315-15,0.0260,3.65,no
2026-10-05T03:14:22.830302Z,KXBTC15M-26OCT042315-15,0.0260,141.40,no
2026-10-05T03:14:22.891022Z,KXBTC15M-26OCT042315-15,0.0260,41.25,no
2026-10-05T03:14:22.904199Z,KXBTC15M-26OCT042315-15,0.0300,49.80,yes
2026-10-05T03:14:22.904199Z,KXBTC15M-26OCT042315-15,0.0300,74.82,yes
2026-10-05T03:14:22.922559Z,KXBTC15M-26OCT042315-15,0.0300,0.01,yes
2026-10-05T03:14:22.922559Z,KXBTC15M-26OCT042315-15,0.0300,0.01,yes
2026-10-05T03:14:22.922559Z,KXBTC15M-26OCT042315-15,0.0300,1.04,yes
2026-10-05T03:14:22.943865Z,KXBTC15M-26OCT042315-15,0.0260,25.00,no
2026-10-05T03:14:22.975835Z,KXBTC15M-26OCT042315-15,0.0290,183.14,yes
2026-10-05T03:14:23.015431Z,KXBTC15M-26OCT042315-15,0.0300,30.61,yes
2026-10-05T03:14:23.017675Z,KXBTC15M-26OCT042315-15,0.0300,93.35,yes
2026-10-05T03:14:23.017675Z,KXBTC15M-26OCT042315-15,0.0320,41.41,yes
2026-10-05T03:14:23.017675Z,KXBTC15M-26OCT042315-15,0.0300,5.00,yes
2026-10-05T03:14:23.017675Z,KXBTC15M-26OCT042315-15,0.0300,50.00,yes
2026-10-05T03:14:23.017675Z,KXBTC15M-26OCT042315-15,0.0320,11.00,yes
2026-10-05T03:14:23.025887Z,KXBTC15M-26OCT042315-15,0.0320,336.59,yes
2026-10-05T03:14:23.025887Z,KXBTC15M-26OCT042315-15,0.0320,4.70,yes
2026-10-05T03:14:23.025887Z,KXBTC15M-26OCT042315-15,0.0290,1.00,yes
2026-10-05T03:14:23.025887Z,KXBTC15M-26OCT042315-15,0.0310,5.00,yes
2026-10-05T03:14:23.025887Z,KXBTC15M-26OCT042315-15,0.0300,1.00,yes
2026-10-05T03:14:23.03458Z,KXBTC15M-26OCT042315-15,0.0300,27.53,yes
2026-10-05T03:14:23.054467Z,KXBTC15M-26OCT042315-15,0.0260,93.98,no
2026-10-05T03:14:23.054467Z,KXBTC15M-26OCT042315-15,0.0270,406.00,no
2026-10-05T03:14:23.054467Z,KXBTC15M-26OCT042315-15,0.0270,0.01,no
2026-10-05T03:14:23.054467Z,KXBTC15M-26OCT042315-15,0.0270,0.01,no
2026-10-05T03:14:23.098133Z,KXBTC15M-26OCT042315-15,0.0280,30.96,yes
2026-10-05T03:14:23.104878Z,KXBTC15M-26OCT042315-15,0.0270,0.01,no
2026-10-05T03:14:23.104878Z,KXBTC15M-26OCT042315-15,0.0270,150.47,no
2026-10-05T03:14:23.104878Z,KXBTC15M-26OCT042315-15,0.0270,0.01,no
2026-10-05T03:14:23.107692Z,KXBTC15M-26OCT042315-15,0.0280,30.61,yes
2026-10-05T03:14:23.119208Z,KXBTC15M-26OCT042315-15,0.0260,1.01,no
2026-10-05T03:14:23.119208Z,KXBTC15M-26OCT042315-15,0.0270,0.01,no
2026-10-05T03:14:23.119208Z,KXBTC15M-26OCT042315-15,0.0270,0.01,no
2026-10-05T03:14:23.133614Z,KXBTC15M-26OCT042315-15,0.0280,368.20,yes
2026-10-05T03:14:23.133614Z,KXBTC15M-26OCT042315-15,0.0290,39.71,yes
2026-10-05T03:14:23.133614Z,KXBTC15M-26OCT042315-15,0.0280,12.00,yes
2026-10-05T03:14:23.133614Z,KXBTC15M-26OCT042315-15,0.0280,0.01,yes
2026-10-05T03:14:23.133614Z,KXBTC15M-26OCT042315-15,0.0280,0.01,yes
2026-10-05T03:14:23.133614Z,KXBTC15M-26OCT042315-15,0.0280,162.00,yes
2026-10-05T03:14:23.133614Z,KXBTC15M-26OCT042315-15,0.0280,450.00,yes
2026-10-05T03:14:23.155901Z,KXBTC15M-26OCT042315-15,0.0260,39.98,no
2026-10-05T03:14:23.155901Z,KXBTC15M-26OCT042315-15,0.0270,0.01,no
2026-10-05T03:14:23.155901Z,KXBTC15M-26OCT042315-15,0.0270,10.00,no
2026-10-05T03:14:23.155901Z,KXBTC15M-26OCT042315-15,0.0270,0.01,no
2026-10-05T03:14:23.169185Z,KXBTC15M-26OCT042315-15,0.0260,5.00,no
2026-10-05T03:14:23.175649Z,KXBTC15M-26OCT042315-15,0.0280,0.01,yes
2026-10-05T03:14:23.175649Z,KXBTC15M-26OCT042315-15,0.0290,4.86,yes
2026-10-05T03:14:23.175649Z,KXBTC15M-26OCT042315-15,0.0280,169.80,yes
2026-10-05T03:14:23.175649Z,KXBTC15M-26OCT042315-15,0.0280,0.01,yes
2026-10-05T03:14:23.175649Z,KXBTC15M-26OCT042315-15,0.0280,12.00,yes
2026-10-05T03:14:23.198191Z,KXBTC15M-26OCT042315-15,0.0280,0.01,yes
2026-10-05T03:14:23.198191Z,KXBTC15M-26OCT042315-15,0.0280,0.01,yes
2026-10-05T03:14:23.198191Z,KXBTC15M-26OCT042315-15,0.0280,12.00,yes
2026-10-05T03:14:23.198191Z,KXBTC15M-26OCT042315-15,0.0290,143.80,yes
2026-10-05T03:14:23.207805Z,KXBTC15M-26OCT042315-15,0.0280,25.00,yes
2026-10-05T03:14:23.207805Z,KXBTC15M-26OCT042315-15,0.0290,112.92,yes
2026-10-05T03:14:23.209233Z,KXBTC15M-26OCT042315-15,0.0260,2005.59,no
2026-10-05T03:14:23.227357Z,KXBTC15M-26OCT042315-15,0.0260,0.01,no
2026-10-05T03:14:23.227357Z,KXBTC15M-26OCT042315-15,0.0260,0.01,no
2026-10-05T03:14:23.227357Z,KXBTC15M-26OCT042315-15,0.0260,8.60,no
2026-10-05T03:14:23.249661Z,KXBTC15M-26OCT042315-15,0.0270,155.47,yes
2026-10-05T03:14:23.259122Z,KXBTC15M-26OCT042315-15,0.0270,96.86,yes
2026-10-05T03:14:23.283462Z,KXBTC15M-26OCT042315-15,0.0270,68.05,yes
2026-10-05T03:14:23.293079Z,KXBTC15M-26OCT042315-15,0.0270,161.44,yes
2026-10-05T03:14:23.303753Z,KXBTC15M-26OCT042315-15,0.0240,210.00,no
2026-10-05T03:14:23.303753Z,KXBTC15M-26OCT042315-15,0.0210,269.84,no
2026-10-05T03:14:23.303753Z,KXBTC15M-26OCT042315-15,0.0260,0.01,no
2026-10-05T03:14:23.303753Z,KXBTC15M-26OCT042315-15,0.0260,0.01,no
2026-10-05T03:14:23.303753Z,KXBTC15M-26OCT042315-15,0.0250,220.00,no
2026-10-05T03:14:23.303753Z,KXBTC15M-26OCT042315-15,0.0260,211.00,no
2026-10-05T03:14:23.303753Z,KXBTC15M-26OCT042315-15,0.0220,10.00,no
2026-10-05T03:14:23.35038Z,KXBTC15M-26OCT042315-15,0.0270,19.72,yes
2026-10-05T03:14:23.359088Z,KXBTC15M-26OCT042315-15,0.0260,0.01,no
2026-10-05T03:14:23.359088Z,KXBTC15M-26OCT042315-15,0.0260,0.01,no
2026-10-05T03:14:23.359088Z,KXBTC15M-26OCT042315-15,0.0260,283.06,no
2026-10-05T03:14:23.373432Z,KXBTC15M-26OCT042315-15,0.0260,23.11,no
2026-10-05T03:14:23.39075Z,KXBTC15M-26OCT042315-15,0.0260,20.59,no
2026-10-05T03:14:23.400901Z,KXBTC15M-26OCT042315-15,0.0260,186.51,no
2026-10-05T03:14:23.404842Z,KXBTC15M-26OCT042315-15,0.0260,25.00,no
2026-10-05T03:14:23.410186Z,KXBTC15M-26OCT042315-15,0.0270,12.00,yes
2026-10-05T03:14:23.420288Z,KXBTC15M-26OCT042315-15,0.0260,23.50,no
2026-10-05T03:14:23.437673Z,KXBTC15M-26OCT042315-15,0.0260,8.24,no
2026-10-05T03:14:23.442643Z,KXBTC15M-26OCT042315-15,0.0270,1614.10,yes
2026-10-05T03:14:23.47344Z,KXBTC15M-26OCT042315-15,0.0270,0.01,yes
2026-10-05T03:14:23.47344Z,KXBTC15M-26OCT042315-15,0.0270,0.01,yes
2026-10-05T03:14:23.47344Z,KXBTC15M-26OCT042315-15,0.0270,128.83,yes
2026-10-05T03:14:23.49141Z,KXBTC15M-26OCT042315-15,0.0270,32.28,yes
2026-10-05T03:14:23.511803Z,KXBTC15M-26OCT042315-15,0.0260,50.00,no
2026-10-05T03:14:23.563276Z,KXBTC15M-26OCT042315-15,0.0270,0.01,yes
2026-10-05T03:14:23.563276Z,KXBTC15M-26OCT042315-15,0.0280,12.00,yes
2026-10-05T03:14:23.563276Z,KXBTC15M-26OCT042315-15,0.0270,0.01,yes
2026-10-05T03:14:23.563276Z,KXBTC15M-26OCT042315-15,0.0290,14.15,yes
2026-10-05T03:14:23.569923Z,KXBTC15M-26OCT042315-15,0.0270,0.01,yes
2026-10-05T03:14:23.569923Z,KXBTC15M-26OCT042315-15,0.0290,2.85,yes
2026-10-05T03:14:23.569923Z,KXBTC15M-26OCT042315-15,0.0270,0.01,yes
2026-10-05T03:14:23.577794Z,KXBTC15M-26OCT042315-15,0.0290,20.28,yes
2026-10-05T03:14:23.577794Z,KXBTC15M-26OCT042315-15,0.0280,12.00,yes
2026-10-05T03:14:23.581141Z,KXBTC15M-26OCT042315-15,0.0250,10.00,no
2026-10-05T03:14:23.581141Z,KXBTC15M-26OCT042315-15,0.0240,368.91,no
2026-10-05T03:14:23.581141Z,KXBTC15M-26OCT042315-15,0.0260,0.01,no
2026-10-05T03:14:23.581141Z,KXBTC15M-26OCT042315-15,0.0260,121.07,no
2026-10-05T03:14:23.581141Z,KXBTC15M-26OCT042315-15,0.0260,0.01,no
2026-10-05T03:14:23.583618Z,KXBTC15M-26OCT042315-15,0.0240,18.05,no
2026-10-05T03:14:23.64801Z,KXBTC15M-26OCT042315-15,0.0260,0.01,no
2026-10-05T03:14:23.64801Z,KXBTC15M-26OCT042315-15,0.0250,0.01,no
2026-10-05T03:14:23.64801Z,KXBTC15M-26OCT042315-15,0.0250,4.88,no
2026-10-05T03:14:23.64801Z,KXBTC15M-26OCT042315-15,0.0260,0.01,no
2026-10-05T03:14:23.666596Z,KXBTC15M-26OCT042315-15,0.0280,0.01,yes
2026-10-05T03:14:23.666596Z,KXBTC15M-26OCT042315-15,0.0280,0.01,yes
2026-10-05T03:14:23.666596Z,KXBTC15M-26OCT042315-15,0.0290,113.11,yes
2026-10-05T03:14:23.666596Z,KXBTC15M-26OCT042315-15,0.0280,36.00,yes
2026-10-05T03:14:23.666596Z,KXBTC15M-26OCT042315-15,0.0280,12.00,yes
2026-10-05T03:14:23.666596Z,KXBTC15M-26OCT042315-15,0.0280,0.01,yes
2026-10-05T03:14:23.729981Z,KXBTC15M-26OCT042315-15,0.0250,0.01,no
2026-10-05T03:14:23.729981Z,KXBTC15M-26OCT042315-15,0.0250,0.01,no
2026-10-05T03:14:23.729981Z,KXBTC15M-26OCT042315-15,0.0250,5.09,no
2026-10-05T03:14:23.791901Z,KXBTC15M-26OCT042315-15,0.0250,0.01,no
2026-10-05T03:14:23.791901Z,KXBTC15M-26OCT042315-15,0.0240,16.65,no
2026-10-05T03:14:23.791901Z,KXBTC15M-26OCT042315-15,0.0250,0.01,no
2026-10-05T03:14:23.793859Z,KXBTC15M-26OCT042315-15,0.0260,2.21,yes
2026-10-05T03:14:23.817615Z,KXBTC15M-26OCT042315-15,0.0250,0.01,yes
2026-10-05T03:14:23.817615Z,KXBTC15M-26OCT042315-15,0.0260,1123.57,yes
2026-10-05T03:14:23.817615Z,KXBTC15M-26OCT042315-15,0.0250,0.01,yes
2026-10-05T03:14:23.818463Z,KXBTC15M-26OCT042315-15,0.0240,49.20,no
2026-10-05T03:14:23.842228Z,KXBTC15M-26OCT042315-15,0.0250,0.01,yes
2026-10-05T03:14:23.842228Z,KXBTC15M-26OCT042315-15,0.0260,0.98,yes
2026-10-05T03:14:23.842228Z,KXBTC15M-26OCT042315-15,0.0250,0.01,yes
2026-10-05T03:14:23.850167Z,KXBTC15M-26OCT042315-15,0.0240,1.00,no
2026-10-05T03:14:23.860869Z,KXBTC15M-26OCT042315-15,0.0250,69.35,yes
2026-10-05T03:14:23.866055Z,KXBTC15M-26OCT042315-15,0.0250,62.17,yes
2026-10-05T03:14:23.868601Z,KXBTC15M-26OCT042315-15,0.0250,16.21,yes
2026-10-05T03:14:23.973376Z,KXBTC15M-26OCT042315-15,0.0240,9.91,no
2026-10-05T03:14:24.002776Z,KXBTC15M-26OCT042315-15,0.0250,161.52,yes
2026-10-05T03:14:24.010397Z,KXBTC15M-26OCT042315-15,0.0250,1.00,yes
2026-10-05T03:14:24.010397Z,KXBTC15M-26OCT042315-15,0.0260,557.52,yes
2026-10-05T03:14:24.010397Z,KXBTC15M-26OCT042315-15,0.0250,59.00,yes
2026-10-05T03:14:24.010397Z,KXBTC15M-26OCT042315-15,0.0250,0.01,yes
2026-10-05T03:14:24.010397Z,KXBTC15M-26OCT042315-15,0.0250,26.75,yes
2026-10-05T03:14:24.010397Z,KXBTC15M-26OCT042315-15,0.0250,0.01,yes
2026-10-05T03:14:24.010397Z,KXBTC15M-26OCT042315-15,0.0250,3.00,yes
2026-10-05T03:14:24.019839Z,KXBTC15M-26OCT042315-15,0.0250,162.97,yes
2026-10-05T03:14:24.034369Z,KXBTC15M-26OCT042315-15,0.0240,3.00,no
2026-10-05T03:14:24.047334Z,KXBTC15M-26OCT042315-15,0.0250,33.43,yes
2026-10-05T03:14:24.065332Z,KXBTC15M-26OCT042315-15,0.0240,1.50,no
2026-10-05T03:14:24.11436Z,KXBTC15M-26OCT042315-15,0.0250,0.01,yes
2026-10-05T03:14:24.11436Z,KXBTC15M-26OCT042315-15,0.0260,0.01,yes
2026-10-05T03:14:24.11436Z,KXBTC15M-26OCT042315-15,0.0260,0.01,yes
2026-10-05T03:14:24.11436Z,KXBTC15M-26OCT042315-15,0.0250,1.00,yes
2026-10-05T03:14:24.11436Z,KXBTC15M-26OCT042315-15,0.0260,0.35,yes
2026-10-05T03:14:24.134903Z,KXBTC15M-26OCT042315-15,0.0250,1.00,yes
2026-10-05T03:14:24.134903Z,KXBTC15M-26OCT042315-15,0.0260,100.18,yes
2026-10-05T03:14:24.137353Z,KXBTC15M-26OCT042315-15,0.0260,962.00,yes
2026-10-05T03:14:24.148074Z,KXBTC15M-26OCT042315-15,0.0290,64.78,yes
2026-10-05T03:14:24.154419Z,KXBTC15M-26OCT042315-15,0.0290,38.00,yes
2026-10-05T03:14:24.189703Z,KXBTC15M-26OCT042315-15,0.0240,2005.59,no
2026-10-05T03:14:24.196646Z,KXBTC15M-26OCT042315-15,0.0270,161.52,yes
2026-10-05T03:14:24.245238Z,KXBTC15M-26OCT042315-15,0.0270,5.00,yes
2026-10-05T03:14:24.252006Z,KXBTC15M-26OCT042315-15,0.0210,20.04,no
2026-10-05T03:14:24.252006Z,KXBTC15M-26OCT042315-15,0.0250,0.01,no
2026-10-05T03:14:24.252006Z,KXBTC15M-26OCT042315-15,0.0250,0.01,no
2026-10-05T03:14:24.252006Z,KXBTC15M-26OCT042315-15,0.0240,0.01,no
2026-10-05T03:14:24.252006Z,KXBTC15M-26OCT042315-15,0.0240,0.01,no
2026-10-05T03:14:24.260549Z,KXBTC15M-26OCT042315-15,0.0210,55.00,no
2026-10-05T03:14:24.291103Z,KXBTC15M-26OCT042315-15,0.0230,187.22,yes
2026-10-05T03:14:24.309304Z,KXBTC15M-26OCT042315-15,0.0230,37.44,yes
2026-10-05T03:14:24.357986Z,KXBTC15M-26OCT042315-15,0.0220,0.01,no
2026-10-05T03:14:24.357986Z,KXBTC15M-26OCT042315-15,0.0210,148.33,no
2026-10-05T03:14:24.357986Z,KXBTC15M-26OCT042315-15,0.0220,0.01,no
2026-10-05T03:14:24.405972Z,KXBTC15M-26OCT042315-15,0.0220,0.01,no
2026-10-05T03:14:24.405972Z,KXBTC15M-26OCT042315-15,0.0220,0.01,no
2026-10-05T03:14:24.409552Z,KXBTC15M-26OCT042315-15,0.0210,0.02,no
2026-10-05T03:14:24.418489Z,KXBTC15M-26OCT042315-15,0.0230,2581.52,yes
2026-10-05T03:14:24.469833Z,KXBTC15M-26OCT042315-15,0.0230,1.00,yes
2026-10-05T03:14:24.469833Z,KXBTC15M-26OCT042315-15,0.0230,0.01,yes
2026-10-05T03:14:24.469833Z,KXBTC15M-26OCT042315-15,0.0230,0.01,yes
2026-10-05T03:14:24.469833Z,KXBTC15M-26OCT042315-15,0.0230,36.42,yes
2026-10-05T03:14:24.470532Z,KXBTC15M-26OCT042315-15,0.0230,37.44,yes
2026-10-05T03:14:24.484649Z,KXBTC15M-26OCT042315-15,0.0220,40.00,no
2026-10-05T03:14:24.486814Z,KXBTC15M-26OCT042315-15,0.0230,37.44,yes
2026-10-05T03:14:24.490376Z,KXBTC15M-26OCT042315-15,0.0220,75.00,no
2026-10-05T03:14:24.506821Z,KXBTC15M-26OCT042315-15,0.0230,0.01,yes
2026-10-05T03:14:24.506821Z,KXBTC15M-26OCT042315-15,0.0230,0.01,yes
2026-10-05T03:14:24.506821Z,KXBTC15M-26OCT042315-15,0.0240,33.41,yes
2026-10-05T03:14:24.584231Z,KXBTC15M-26OCT042315-15,0.0230,1.00,yes
2026-10-05T03:14:24.584231Z,KXBTC15M-26OCT042315-15,0.0230,0.01,yes
2026-10-05T03:14:24.584231Z,KXBTC15M-26OCT042315-15,0.0230,0.01,yes
2026-10-05T03:14:24.584231Z,KXBTC15M-26OCT042315-15,0.0240,53.58,yes
2026-10-05T03:14:24.605679Z,KXBTC15M-26OCT042315-15,0.0240,173.58,yes
2026-10-05T03:14:24.647169Z,KXBTC15M-26OCT042315-15,0.0220,62.75,no
2026-10-05T03:14:24.661094Z,KXBTC15M-26OCT042315-15,0.0240,692.71,yes
2026-10-05T03:14:24.661094Z,KXBTC15M-26OCT042315-15,0.0230,1.00,yes
2026-10-05T03:14:24.668605Z,KXBTC15M-26OCT042315-15,0.0240,34.88,yes
2026-10-05T03:14:24.67416Z,KXBTC15M-26OCT042315-15,0.0240,1.89,yes
2026-10-05T03:14:24.676181Z,KXBTC15M-26OCT042315-15,0.0240,0.02,yes
2026-10-05T03:14:24.692216Z,KXBTC15M-26OCT042315-15,0.0240,0.02,yes
2026-10-05T03:14:24.7092Z,KXBTC15M-26OCT042315-15,0.0230,120.31,no
2026-10-05T03:14:24.714084Z,KXBTC15M-26OCT042315-15,0.0240,34.88,yes
2026-10-05T03:14:24.714091Z,KXBTC15M-26OCT042315-15,0.0240,173.58,yes
2026-10-05T03:14:24.722835Z,KXBTC15M-26OCT042315-15,0.0240,69.56,yes
2026-10-05T03:14:24.743589Z,KXBTC15M-26OCT042315-15,0.0240,32.28,yes
2026-10-05T03:14:24.748601Z,KXBTC15M-26OCT042315-15,0.0240,32.28,yes
2026-10-05T03:14:24.795307Z,KXBTC15M-26OCT042315-15,0.0240,17.03,yes
2026-10-05T03:14:24.800831Z,KXBTC15M-26OCT042315-15,0.0240,3.74,yes
2026-10-05T03:14:24.804354Z,KXBTC15M-26OCT042315-15,0.0240,104.23,yes
2026-10-05T03:14:24.813483Z,KXBTC15M-26OCT042315-15,0.0220,0.49,no
2026-10-05T03:14:24.813483Z,KXBTC15M-26OCT042315-15,0.0230,0.01,no
2026-10-05T03:14:24.813483Z,KXBTC15M-26OCT042315-15,0.0230,0.01,no
2026-10-05T03:14:24.888871Z,KXBTC15M-26OCT042315-15,0.0240,38.85,yes
2026-10-05T03:14:24.95639Z,KXBTC15M-26OCT042315-15,0.0240,50.00,yes
2026-10-05T03:14:24.958753Z,KXBTC15M-26OCT042315-15,0.0240,36.90,yes
2026-10-05T03:14:24.986546Z,KXBTC15M-26OCT042315-15,0.0240,7.42,yes
2026-10-05T03:14:25.140006Z,KXBTC15M-26OCT042315-15,0.0240,38.85,yes
2026-10-05T03:14:25.149069Z,KXBTC15M-26OCT042315-15,0.0240,7.97,yes
2026-10-05T03:14:25.221136Z,KXBTC15M-26OCT042315-15,0.0240,156.00,yes
2026-10-05T03:14:25.230477Z,KXBTC15M-26OCT042315-15,0.0230,16.84,no
2026-10-05T03:14:25.230477Z,KXBTC15M-26OCT042315-15,0.0230,1.13,no
2026-10-05T03:14:25.230477Z,KXBTC15M-26OCT042315-15,0.0230,0.01,no
2026-10-05T03:14:25.230477Z,KXBTC15M-26OCT042315-15,0.0230,0.01,no
2026-10-05T03:14:25.230477Z,KXBTC15M-26OCT042315-15,0.0230,1.14,no
2026-10-05T03:14:25.244803Z,KXBTC15M-26OCT042315-15,0.0240,507.07,yes
2026-10-05T03:14:25.272965Z,KXBTC15M-26OCT042315-15,0.0240,24.91,yes
2026-10-05T03:14:25.307645Z,KXBTC15M-26OCT042315-15,0.0240,15.33,yes
2026-10-05T03:14:25.343725Z,KXBTC15M-26OCT042315-15,0.0240,195.01,yes
2026-10-05T03:14:25.38931Z,KXBTC15M-26OCT042315-15,0.0230,0.01,no
2026-10-05T03:14:25.38931Z,KXBTC15M-26OCT042315-15,0.0230,228.46,no
2026-10-05T03:14:25.38931Z,KXBTC15M-26OCT042315-15,0.0230,0.01,no
2026-10-05T03:14:25.38931Z,KXBTC15M-26OCT042315-15,0.0220,459.52,no
2026-10-05T03:14:25.395873Z,KXBTC15M-26OCT042315-15,0.0240,1.36,yes
2026-10-05T03:14:25.403259Z,KXBTC15M-26OCT042315-15,0.0240,0.16,yes
2026-10-05T03:14:25.411377Z,KXBTC15M-26OCT042315-15,0.0240,78.00,yes
2026-10-05T03:14:25.454565Z,KXBTC15M-26OCT042315-15,0.0240,2.07,yes
2026-10-05T03:14:25.478136Z,KXBTC15M-26OCT042315-15,0.0240,5.24,yes
2026-10-05T03:14:25.488552Z,KXBTC15M-26OCT042315-15,0.0240,19.50,yes
2026-10-05T03:14:25.49822Z,KXBTC15M-26OCT042315-15,0.0230,0.01,no
2026-10-05T03:14:25.49822Z,KXBTC15M-26OCT042315-15,0.0230,0.01,no
2026-10-05T03:14:25.49822Z,KXBTC15M-26OCT042315-15,0.0230,200.00,no
2026-10-05T03:14:25.49822Z,KXBTC15M-26OCT042315-15,0.0220,95.08,no
2026-10-05T03:14:25.501974Z,KXBTC15M-26OCT042315-15,0.0240,151.00,yes
2026-10-05T03:14:25.501974Z,KXBTC15M-26OCT042315-15,0.0240,0.01,yes
2026-10-05T03:14:25.501974Z,KXBTC15M-26OCT042315-15,0.0240,0.01,yes
2026-10-05T03:14:25.501974Z,KXBTC15M-26OCT042315-15,0.0240,2065.74,yes
2026-10-05T03:14:25.501974Z,KXBTC15M-26OCT042315-15,0.0270,34.00,yes
2026-10-05T03:14:25.501974Z,KXBTC15M-26OCT042315-15,0.0260,6.00,yes
2026-10-05T03:14:25.605471Z,KXBTC15M-26OCT042315-15,0.0270,51.70,no
2026-10-05T03:14:25.63139Z,KXBTC15M-26OCT042315-15,0.0270,191.54,no
2026-10-05T03:14:25.63139Z,KXBTC15M-26OCT042315-15,0.0270,0.01,no
2026-10-05T03:14:25.63139Z,KXBTC15M-26OCT042315-15,0.0270,0.01,no
2026-10-05T03:14:25.63139Z,KXBTC15M-26OCT042315-15,0.0270,487.67,no
2026-10-05T03:14:25.634116Z,KXBTC15M-26OCT042315-15,0.0290,24.00,yes
2026-10-05T03:14:25.634116Z,KXBTC15M-26OCT042315-15,0.0280,0.01,yes
2026-10-05T03:14:25.634116Z,KXBTC15M-26OCT042315-15,0.0280,1.00,yes
2026-10-05T03:14:25.634116Z,KXBTC15M-26OCT042315-15,0.0290,6.00,yes
2026-10-05T03:14:25.634116Z,KXBTC15M-26OCT042315-15,0.0280,0.01,yes
2026-10-05T03:14:25.634116Z,KXBTC15M-26OCT042315-15,0.0300,342.00,yes
2026-10-05T03:14:25.634116Z,KXBTC15M-26OCT042315-15,0.0310,13.54,yes
2026-10-05T03:14:25.634116Z,KXBTC15M-26OCT042315-15,0.0280,33.00,yes
2026-10-05T03:14:25.634116Z,KXBTC15M-26OCT042315-15,0.0290,12.00,yes
2026-10-05T03:14:25.634116Z,KXBTC15M-26OCT042315-15,0.0280,195.00,yes
2026-10-05T03:14:25.634116Z,KXBTC15M-26OCT042315-15,0.0300,54.00,yes
2026-10-05T03:14:25.634116Z,KXBTC15M-26OCT042315-15,0.0300,22.47,yes
2026-10-05T03:14:25.635292Z,KXBTC15M-26OCT042315-15,0.0230,6.00,no
2026-10-05T03:14:25.635292Z,KXBTC15M-26OCT042315-15,0.0220,84.00,no
2026-10-05T03:14:25.635292Z,KXBTC15M-26OCT042315-15,0.0230,10.00,no
2026-10-05T03:14:25.635617Z,KXBTC15M-26OCT042315-15,0.0220,2.00,no
2026-10-05T03:14:25.645921Z,KXBTC15M-26OCT042315-15,0.0270,0.01,no
2026-10-05T03:14:25.645921Z,KXBTC15M-26OCT042315-15,0.0220,1.01,no
2026-10-05T03:14:25.651974Z,KXBTC15M-26OCT042315-15,0.0280,0.01,yes
2026-10-05T03:14:25.651974Z,KXBTC15M-26OCT042315-15,0.0290,1.90,yes
2026-10-05T03:14:25.664718Z,KXBTC15M-26OCT042315-15,0.0280,103.79,yes
2026-10-05T03:14:25.664718Z,KXBTC15M-26OCT042315-15,0.0280,0.01,yes
2026-10-05T03:14:25.664718Z,KXBTC15M-26OCT042315-15,0.0280,0.01,yes
2026-10-05T03:14:25.679866Z,KXBTC15M-26OCT042315-15,0.0300,0.01,yes
2026-10-05T03:14:25.679866Z,KXBTC15M-26OCT042315-15,0.0300,50.00,yes
2026-10-05T03:14:25.679866Z,KXBTC15M-26OCT042315-15,0.0310,11.84,yes
2026-10-05T03:14:25.679866Z,KXBTC15M-26OCT042315-15,0.0280,0.01,yes
2026-10-05T03:14:25.679866Z,KXBTC15M-26OCT042315-15,0.0290,6.00,yes
2026-10-05T03:14:25.679866Z,KXBTC15M-26OCT042315-15,0.0290,0.01,yes
2026-10-05T03:14:25.679866Z,KXBTC15M-26OCT042315-15,0.0290,12.00,yes
2026-10-05T03:14:25.679866Z,KXBTC15M-26OCT042315-15,0.0300,1.00,yes
2026-10-05T03:14:25.760695Z,KXBTC15M-26OCT042315-15,0.0290,23.08,yes
2026-10-05T03:14:25.760695Z,KXBTC15M-26OCT042315-15,0.0280,1.00,yes
2026-10-05T03:14:25.760695Z,KXBTC15M-26OCT042315-15,0.0280,0.01,yes
2026-10-05T03:14:25.760695Z,KXBTC15M-26OCT042315-15,0.0290,6.00,yes
2026-10-05T03:14:25.760695Z,KXBTC15M-26OCT042315-15,0.0280,0.01,yes
2026-10-05T03:14:25.765203Z,KXBTC15M-26OCT042315-15,0.0290,1.01,yes
2026-10-05T03:14:25.781887Z,KXBTC15M-26OCT042315-15,0.0290,0.01,yes
2026-10-05T03:14:25.781887Z,KXBTC15M-26OCT042315-15,0.0280,195.00,yes
2026-10-05T03:14:25.781887Z,KXBTC15M-26OCT042315-15,0.0300,11.00,yes
2026-10-05T03:14:25.781887Z,KXBTC15M-26OCT042315-15,0.0300,0.01,yes
2026-10-05T03:14:25.781887Z,KXBTC15M-26OCT042315-15,0.0310,186.39,yes
2026-10-05T03:14:25.807599Z,KXBTC15M-26OCT042315-15,0.0270,0.01,no
2026-10-05T03:14:25.807599Z,KXBTC15M-26OCT042315-15,0.0270,0.01,no
2026-10-05T03:14:25.807599Z,KXBTC15M-26OCT042315-15,0.0260,211.00,no
2026-10-05T03:14:25.816689Z,KXBTC15M-26OCT042315-15,0.0260,60.35,yes
2026-10-05T03:14:25.936704Z,KXBTC15M-26OCT042315-15,0.0260,161.13,yes
2026-10-05T03:14:25.974762Z,KXBTC15M-26OCT042315-15,0.0250,1.00,yes
2026-10-05T03:14:25.974762Z,KXBTC15M-26OCT042315-15,0.0260,3.13,yes
2026-10-05T03:14:26.001049Z,KXBTC15M-26OCT042315-15,0.0300,6.89,yes
2026-10-05T03:14:26.001049Z,KXBTC15M-26OCT042315-15,0.0260,64.37,yes
2026-10-05T03:14:26.001049Z,KXBTC15M-26OCT042315-15,0.0300,6.00,yes
2026-10-05T03:14:26.001049Z,KXBTC15M-26OCT042315-15,0.0290,168.00,yes
2026-10-05T03:14:26.001049Z,KXBTC15M-26OCT042315-15,0.0290,78.00,yes
2026-10-05T03:14:26.001049Z,KXBTC15M-26OCT042315-15,0.0290,12.00,yes
2026-10-05T03:14:26.001049Z,KXBTC15M-26OCT042315-15,0.0290,30.00,yes
2026-10-05T03:14:26.001049Z,KXBTC15M-26OCT042315-15,0.0260,195.00,yes
2026-10-05T03:14:26.001049Z,KXBTC15M-26OCT042315-15,0.0300,93.75,yes
2026-10-05T03:14:26.001049Z,KXBTC15M-26OCT042315-15,0.0260,0.01,yes
2026-10-05T03:14:26.013229Z,KXBTC15M-26OCT042315-15,0.0280,4.56,yes
2026-10-05T03:14:26.035709Z,KXBTC15M-26OCT042315-15,0.0270,4.12,yes
2026-10-05T03:14:26.040833Z,KXBTC15M-26OCT042315-15,0.0220,507.62,no
2026-10-05T03:14:26.040833Z,KXBTC15M-26OCT042315-15,0.0240,0.01,no
2026-10-05T03:14:26.040833Z,KXBTC15M-26OCT042315-15,0.0230,6.00,no
2026-10-05T03:14:26.040833Z,KXBTC15M-26OCT042315-15,0.0230,239.00,no
2026-10-05T03:14:26.040833Z,KXBTC15M-26OCT042315-15,0.0230,10.00,no
2026-10-05T03:14:26.040833Z,KXBTC15M-26OCT042315-15,0.0230,239.00,no
2026-10-05T03:14:26.040833Z,KXBTC15M-26OCT042315-15,0.0240,0.01,no
2026-10-05T03:14:26.115295Z,KXBTC15M-26OCT042315-15,0.0250,64.26,yes
2026-10-05T03:14:26.167966Z,KXBTC15M-26OCT042315-15,0.0250,36.00,yes
2026-10-05T03:14:26.199976Z,KXBTC15M-26OCT042315-15,0.0250,44.22,yes
2026-10-05T03:14:26.232891Z,KXBTC15M-26OCT042315-15,0.0250,50.52,yes
2026-10-05T03:14:26.232891Z,KXBTC15M-26OCT042315-15,0.0250,33.73,yes
2026-10-05T03:14:26.242029Z,KXBTC15M-26OCT042315-15,0.0250,12.66,yes
2026-10-05T03:14:26.271911Z,KXBTC15M-26OCT042315-15,0.0250,120.00,yes
2026-10-05T03:14:26.277374Z,KXBTC15M-26OCT042315-15,0.0250,2.95,yes
2026-10-05T03:14:26.28959Z,KXBTC15M-26OCT042315-15,0.0250,137.37,yes
2026-10-05T03:14:26.28959Z,KXBTC15M-26OCT042315-15,0.0250,12.00,yes
2026-10-05T03:14:26.28959Z,KXBTC15M-26OCT042315-15,0.0250,30.66,yes
2026-10-05T03:14:26.381309Z,KXBTC15M-26OCT042315-15,0.0250,30.63,yes
2026-10-05T03:14:26.381309Z,KXBTC15M-26OCT042315-15,0.0250,15.00,yes
2026-10-05T03:14:26.381309Z,KXBTC15M-26OCT042315-15,0.0250,5.11,yes
2026-10-05T03:14:26.381309Z,KXBTC15M-26OCT042315-15,0.0250,93.75,yes
2026-10-05T03:14:26.381309Z,KXBTC15M-26OCT042315-15,0.0250,15.00,yes
2026-10-05T03:14:26.389939Z,KXBTC15M-26OCT042315-15,0.0240,0.01,no
2026-10-05T03:14:26.389939Z,KXBTC15M-26OCT042315-15,0.0240,0.01,no
2026-10-05T03:14:26.389939Z,KXBTC15M-26OCT042315-15,0.0210,0.98,no
2026-10-05T03:14:26.418697Z,KXBTC15M-26OCT042315-15,0.0240,37.44,yes
2026-10-05T03:14:26.467118Z,KXBTC15M-26OCT042315-15,0.0240,149.77,yes
2026-10-05T03:14:26.470849Z,KXBTC15M-26OCT042315-15,0.0240,12.00,yes
2026-10-05T03:14:26.470849Z,KXBTC15M-26OCT042315-15,0.0240,0.01,yes
2026-10-05T03:14:26.470849Z,KXBTC15M-26OCT042315-15,0.0240,0.01,yes
2026-10-05T03:14:26.470849Z,KXBTC15M-26OCT042315-15,0.0240,53.52,yes
2026-10-05T03:14:26.470849Z,KXBTC15M-26OCT042315-15,0.0240,114.41,yes
2026-10-05T03:14:26.475891Z,KXBTC15M-26OCT042315-15,0.0250,0.01,yes
2026-10-05T03:14:26.475891Z,KXBTC15M-26OCT042315-15,0.0250,0.01,yes
2026-10-05T03:14:26.475891Z,KXBTC15M-26OCT042315-15,0.0250,93.75,yes
2026-10-05T03:14:26.475891Z,KXBTC15M-26OCT042315-15,0.0250,15.00,yes
2026-10-05T03:14:26.475891Z,KXBTC15M-26OCT042315-15,0.0250,64.00,yes
2026-10-05T03:14:26.475891Z,KXBTC15M-26OCT042315-15,0.0250,101.00,yes
2026-10-05T03:14:26.475891Z,KXBTC15M-26OCT042315-15,0.0260,78.00,yes
2026-10-05T03:14:26.475891Z,KXBTC15M-26OCT042315-15,0.0260,42.00,yes
2026-10-05T03:14:26.475891Z,KXBTC15M-26OCT042315-15,0.0270,295.90,yes
2026-10-05T03:14:26.475891Z,KXBTC15M-26OCT042315-15,0.0240,195.00,yes
2026-10-05T03:14:26.475891Z,KXBTC15M-26OCT042315-15,0.0250,88.64,yes
2026-10-05T03:14:26.475891Z,KXBTC15M-26OCT042315-15,0.0240,42.69,yes
2026-10-05T03:14:26.498152Z,KXBTC15M-26OCT042315-15,0.0210,6.65,no
2026-10-05T03:14:26.498152Z,KXBTC15M-26OCT042315-15,0.0230,0.01,no
2026-10-05T03:14:26.498152Z,KXBTC15M-26OCT042315-15,0.0210,9.00,no
2026-10-05T03:14:26.498152Z,KXBTC15M-26OCT042315-15,0.0210,0.01,no
2026-10-05T03:14:26.498152Z,KXBTC15M-26OCT042315-15,0.0210,0.01,no
2026-10-05T03:14:26.498152Z,KXBTC15M-26OCT042315-15,0.0230,0.01,no
2026-10-05T03:14:26.504095Z,KXBTC15M-26OCT042315-15,0.0240,74.89,yes
2026-10-05T03:14:26.513638Z,KXBTC15M-26OCT042315-15,0.0230,45.94,no
2026-10-05T03:14:26.515022Z,KXBTC15M-26OCT042315-15,0.0240,74.89,yes
2026-10-05T03:14:26.52256Z,KXBTC15M-26OCT042315-15,0.0240,0.02,yes
2026-10-05T03:14:26.599901Z,KXBTC15M-26OCT042315-15,0.0230,42.78,no
2026-10-05T03:14:26.671608Z,KXBTC15M-26OCT042315-15,0.0240,0.01,yes
2026-10-05T03:14:26.671608Z,KXBTC15M-26OCT042315-15,0.0260,12.00,yes
2026-10-05T03:14:26.671608Z,KXBTC15M-26OCT042315-15,0.0240,45.20,yes
2026-10-05T03:14:26.671608Z,KXBTC15M-26OCT042315-15,0.0240,159.00,yes
2026-10-05T03:14:26.671608Z,KXBTC15M-26OCT042315-15,0.0240,74.89,yes
2026-10-05T03:14:26.671608Z,KXBTC15M-26OCT042315-15,0.0270,288.93,yes
2026-10-05T03:14:26.671608Z,KXBTC15M-26OCT042315-15,0.0240,0.01,yes
2026-10-05T03:14:26.671608Z,KXBTC15M-26OCT042315-15,0.0250,64.00,yes
2026-10-05T03:14:26.671608Z,KXBTC15M-26OCT042315-15,0.0240,74.89,yes
2026-10-05T03:14:26.674265Z,KXBTC15M-26OCT042315-15,0.0230,0.01,no
2026-10-05T03:14:26.674265Z,KXBTC15M-26OCT042315-15,0.0230,0.01,no
2026-10-05T03:14:26.674265Z,KXBTC15M-26OCT042315-15,0.0230,264.93,no
2026-10-05T03:14:26.723171Z,KXBTC15M-26OCT042315-15,0.0230,25.06,no
2026-10-05T03:14:26.767323Z,KXBTC15M-26OCT042315-15,0.0240,0.01,yes
2026-10-05T03:14:26.767323Z,KXBTC15M-26OCT042315-15,0.0240,37.42,yes
2026-10-05T03:14:26.767323Z,KXBTC15M-26OCT042315-15,0.0240,0.01,yes
2026-10-05T03:14:26.768963Z,KXBTC15M-26OCT042315-15,0.0240,4.49,yes
2026-10-05T03:14:26.849782Z,KXBTC15M-26OCT042315-15,0.0240,65.52,yes
2026-10-05T03:14:26.859115Z,KXBTC15M-26OCT042315-15,0.0240,0.01,yes
2026-10-05T03:14:26.859115Z,KXBTC15M-26OCT042315-15,0.0240,37.42,yes
2026-10-05T03:14:26.859115Z,KXBTC15M-26OCT042315-15,0.0260,3.82,yes
2026-10-05T03:14:26.859115Z,KXBTC15M-26OCT042315-15,0.0240,0.01,yes
2026-10-05T03:14:26.859115Z,KXBTC15M-26OCT042315-15,0.0250,64.00,yes
2026-10-05T03:14:26.859115Z,KXBTC15M-26OCT042315-15,0.0240,4.49,yes
2026-10-05T03:14:26.859115Z,KXBTC15M-26OCT042315-15,0.0240,87.57,yes
2026-10-05T03:14:26.863849Z,KXBTC15M-26OCT042315-15,0.0230,202.14,no
2026-10-05T03:14:26.875077Z,KXBTC15M-26OCT042315-15,0.0240,125.58,yes
2026-10-05T03:14:26.875077Z,KXBTC15M-26OCT042315-15,0.0240,65.52,yes
2026-10-05T03:14:26.875288Z,KXBTC15M-26OCT042315-15,0.0240,3.90,yes
2026-10-05T03:14:26.918837Z,KXBTC15M-26OCT042315-15,0.0240,34.67,yes
2026-10-05T03:14:26.923817Z,KXBTC15M-26OCT042315-15,0.0230,0.01,no
2026-10-05T03:14:26.923817Z,KXBTC15M-26OCT042315-15,0.0230,0.01,no
2026-10-05T03:14:26.941634Z,KXBTC15M-26OCT042315-15,0.0240,65.52,yes
2026-10-05T03:14:26.941634Z,KXBTC15M-26OCT042315-15,0.0240,12.00,yes
2026-10-05T03:14:26.941634Z,KXBTC15M-26OCT042315-15,0.0240,41.91,yes
2026-10-05T03:14:26.941634Z,KXBTC15M-26OCT042315-15,0.0240,52.90,yes
2026-10-05T03:14:26.941634Z,KXBTC15M-26OCT042315-15,0.0240,85.99,yes
2026-10-05T03:14:26.949163Z,KXBTC15M-26OCT042315-15,0.0240,211.24,yes
2026-10-05T03:14:27.03996Z,KXBTC15M-26OCT042315-15,0.0260,150.00,yes
2026-10-05T03:14:27.03996Z,KXBTC15M-26OCT042315-15,0.0270,1632.09,yes
2026-10-05T03:14:27.03996Z,KXBTC15M-26OCT042315-15,0.0240,0.01,yes
2026-10-05T03:14:27.03996Z,KXBTC15M-26OCT042315-15,0.0250,64.00,yes
2026-10-05T03:14:27.03996Z,KXBTC15M-26OCT042315-15,0.0250,93.75,yes
2026-10-05T03:14:27.03996Z,KXBTC15M-26OCT042315-15,0.0260,12.00,yes
2026-10-05T03:14:27.03996Z,KXBTC15M-26OCT042315-15,0.0240,0.01,yes
2026-10-05T03:14:27.03996Z,KXBTC15M-26OCT042315-15,0.0240,160.33,yes
2026-10-05T03:14:27.03996Z,KXBTC15M-26OCT042315-15,0.0240,34.67,yes
2026-10-05T03:14:27.057637Z,KXBTC15M-26OCT042315-15,0.0230,1.00,yes
2026-10-05T03:14:27.057637Z,KXBTC15M-26OCT042315-15,0.0250,2.00,yes
2026-10-05T03:14:27.057832Z,KXBTC15M-26OCT042315-15,0.0250,7.64,yes
2026-10-05T03:14:27.067883Z,KXBTC15M-26OCT042315-15,0.0240,5.10,no
2026-10-05T03:14:27.092402Z,KXBTC15M-26OCT042315-15,0.0240,250.00,no
2026-10-05T03:14:27.111839Z,KXBTC15M-26OCT042315-15,0.0240,1.31,no
2026-10-05T03:14:27.118754Z,KXBTC15M-26OCT042315-15,0.0240,1030.00,no
2026-10-05T03:14:27.159278Z,KXBTC15M-26OCT042315-15,0.0220,20.00,no
2026-10-05T03:14:27.159278Z,KXBTC15M-26OCT042315-15,0.0240,0.01,no
2026-10-05T03:14:27.159278Z,KXBTC15M-26OCT042315-15,0.0240,0.01,no
2026-10-05T03:14:27.19462Z,KXBTC15M-26OCT042315-15,0.0210,7.67,no
2026-10-05T03:14:27.19462Z,KXBTC15M-26OCT042315-15,0.0240,0.01,no
2026-10-05T03:14:27.19462Z,KXBTC15M-26OCT042315-15,0.0240,0.01,no
2026-10-05T03:14:27.246473Z,KXBTC15M-26OCT042315-15,0.0250,0.01,yes
2026-10-05T03:14:27.246473Z,KXBTC15M-26OCT042315-15,0.0250,1.90,yes
2026-10-05T03:14:27.265155Z,KXBTC15M-26OCT042315-15,0.0250,6.90,yes
2026-10-05T03:14:27.265155Z,KXBTC15M-26OCT042315-15,0.0250,13.10,yes
2026-10-05T03:14:27.329642Z,KXBTC15M-26OCT042315-15,0.0250,34.63,yes
2026-10-05T03:14:27.334443Z,KXBTC15M-26OCT042315-15,0.0250,37.44,yes
2026-10-05T03:14:27.383859Z,KXBTC15M-26OCT042315-15,0.0230,15.43,no
2026-10-05T03:14:27.383859Z,KXBTC15M-26OCT042315-15,0.0240,0.01,no
2026-10-05T03:14:27.383859Z,KXBTC15M-26OCT042315-15,0.0240,0.01,no
2026-10-05T03:14:27.385267Z,KXBTC15M-26OCT042315-15,0.0250,19.85,yes
2026-10-05T03:14:27.385267Z,KXBTC15M-26OCT042315-15,0.0250,14.78,yes
2026-10-05T03:14:27.386151Z,KXBTC15M-26OCT042315-15,0.0180,1.00,no
2026-10-05T03:14:27.386151Z,KXBTC15M-26OCT042315-15,0.0180,328.73,no
2026-10-05T03:14:27.386151Z,KXBTC15M-26OCT042315-15,0.0200,50.00,no
2026-10-05T03:14:27.386151Z,KXBTC15M-26OCT042315-15,0.0210,11.00,no
2026-10-05T03:14:27.386151Z,KXBTC15M-26OCT042315-15,0.0230,12.57,no
2026-10-05T03:14:27.386151Z,KXBTC15M-26OCT042315-15,0.0200,1047.00,no
2026-10-05T03:14:27.386151Z,KXBTC15M-26OCT042315-15,0.0180,1047.00,no
2026-10-05T03:14:27.491291Z,KXBTC15M-26OCT042315-15,0.0190,127.94,yes
2026-10-05T03:14:27.511817Z,KXBTC15M-26OCT042315-15,0.0190,39.00,yes
2026-10-05T03:14:27.516521Z,KXBTC15M-26OCT042315-15,0.0190,1.02,yes
2026-10-05T03:14:27.534142Z,KXBTC15M-26OCT042315-15,0.0190,26.00,yes
2026-10-05T03:14:27.543714Z,KXBTC15M-26OCT042315-15,0.0180,0.01,no
2026-10-05T03:14:27.543714Z,KXBTC15M-26OCT042315-15,0.0180,0.01,no
2026-10-05T03:14:27.543714Z,KXBTC15M-26OCT042315-15,0.0160,9.97,no
2026-10-05T03:14:27.58314Z,KXBTC15M-26OCT042315-15,0.0180,0.01,yes
2026-10-05T03:14:27.58314Z,KXBTC15M-26OCT042315-15,0.0180,0.01,yes
2026-10-05T03:14:27.58314Z,KXBTC15M-26OCT042315-15,0.0180,1.00,yes
2026-10-05T03:14:27.58314Z,KXBTC15M-26OCT042315-15,0.0180,7.37,yes
2026-10-05T03:14:27.624254Z,KXBTC15M-26OCT042315-15,0.0190,24.42,yes
2026-10-05T03:14:27.624254Z,KXBTC15M-26OCT042315-15,0.0180,0.01,yes
2026-10-05T03:14:27.624254Z,KXBTC15M-26OCT042315-15,0.0180,13.00,yes
2026-10-05T03:14:27.624254Z,KXBTC15M-26OCT042315-15,0.0180,0.01,yes
2026-10-05T03:14:27.653402Z,KXBTC15M-26OCT042315-15,0.0180,0.01,yes
2026-10-05T03:14:27.653402Z,KXBTC15M-26OCT042315-15,0.0190,61.88,yes
2026-10-05T03:14:27.653402Z,KXBTC15M-26OCT042315-15,0.0180,13.00,yes
2026-10-05T03:14:27.67533Z,KXBTC15M-26OCT042315-15,0.0180,9.11,yes
2026-10-05T03:14:27.67533Z,KXBTC15M-26OCT042315-15,0.0180,1.00,yes
2026-10-05T03:14:27.677832Z,KXBTC15M-26OCT042315-15,0.0180,3.89,yes
2026-10-05T03:14:27.677832Z,KXBTC15M-26OCT042315-15,0.0190,33.55,yes
2026-10-05T03:14:27.69791Z,KXBTC15M-26OCT042315-15,0.0190,112.33,yes
2026-10-05T03:14:27.699943Z,KXBTC15M-26OCT042315-15,0.0170,77.29,no
2026-10-05T03:14:27.72965Z,KXBTC15M-26OCT042315-15,0.0180,6.00,yes
2026-10-05T03:14:27.72965Z,KXBTC15M-26OCT042315-15,0.0180,10.62,yes
2026-10-05T03:14:27.741775Z,KXBTC15M-26OCT042315-15,0.0190,37.44,yes
2026-10-05T03:14:27.751486Z,KXBTC15M-26OCT042315-15,0.0190,37.44,yes
2026-10-05T03:14:27.753709Z,KXBTC15M-26OCT042315-15,0.0190,31.44,yes
2026-10-05T03:14:27.753709Z,KXBTC15M-26OCT042315-15,0.0180,6.00,yes
2026-10-05T03:14:27.778774Z,KXBTC15M-26OCT042315-15,0.0180,4.16,yes
2026-10-05T03:14:27.827881Z,KXBTC15M-26OCT042315-15,0.0180,4.92,yes
2026-10-05T03:14:27.853922Z,KXBTC15M-26OCT042315-15,0.0180,3.92,yes
2026-10-05T03:14:27.853922Z,KXBTC15M-26OCT042315-15,0.0180,164.00,yes
2026-10-05T03:14:27.853922Z,KXBTC15M-26OCT042315-15,0.0180,4.16,yes
2026-10-05T03:14:27.853922Z,KXBTC15M-26OCT042315-15,0.0180,4.92,yes
2026-10-05T03:14:27.853922Z,KXBTC15M-26OCT042315-15,0.0190,1595.98,yes
2026-10-05T03:14:27.880223Z,KXBTC15M-26OCT042315-15,0.0190,0.01,yes
2026-10-05T03:14:27.880223Z,KXBTC15M-26OCT042315-15,0.0190,0.01,yes
2026-10-05T03:14:27.880223Z,KXBTC15M-26OCT042315-15,0.0200,37.42,yes
2026-10-05T03:14:27.941733Z,KXBTC15M-26OCT042315-15,0.0180,40.00,no
2026-10-05T03:14:27.986874Z,KXBTC15M-26OCT042315-15,0.0180,32.62,no
2026-10-05T03:14:28.044717Z,KXBTC15M-26OCT042315-15,0.0180,3.40,no
2026-10-05T03:14:28.054814Z,KXBTC15M-26OCT042315-15,0.0190,48.26,yes
2026-10-05T03:14:28.055907Z,KXBTC15M-26OCT042315-15,0.0180,777.58,no
2026-10-05T03:14:28.080167Z,KXBTC15M-26OCT042315-15,0.0180,1.00,no
2026-10-05T03:14:28.093392Z,KXBTC15M-26OCT042315-15,0.0180,20.00,no
2026-10-05T03:14:28.165966Z,KXBTC15M-26OCT042315-15,0.0180,20.00,no
2026-10-05T03:14:28.173786Z,KXBTC15M-26OCT042315-15,0.0190,237.81,yes
2026-10-05T03:14:28.173786Z,KXBTC15M-26OCT042315-15,0.0190,84.00,yes
2026-10-05T03:14:28.173786Z,KXBTC15M-26OCT042315-15,0.0190,47.74,yes
2026-10-05T03:14:28.173786Z,KXBTC15M-26OCT042315-15,0.0190,1.00,yes
2026-10-05T03:14:28.176636Z,KXBTC15M-26OCT042315-15,0.0190,96.52,yes
2026-10-05T03:14:28.178461Z,KXBTC15M-26OCT042315-15,0.0190,100.00,yes
2026-10-05T03:14:28.184161Z,KXBTC15M-26OCT042315-15,0.0180,30.00,no
2026-10-05T03:14:28.197915Z,KXBTC15M-26OCT042315-15,0.0190,1.00,yes
2026-10-05T03:14:28.228716Z,KXBTC15M-26OCT042315-15,0.0200,29.70,yes
2026-10-05T03:14:28.228716Z,KXBTC15M-26OCT042315-15,0.0200,12.58,yes
2026-10-05T03:14:28.260744Z,KXBTC15M-26OCT042315-15,0.0180,10.00,no
2026-10-05T03:14:28.281249Z,KXBTC15M-26OCT042315-15,0.0180,50.45,no
2026-10-05T03:14:28.326531Z,KXBTC15M-26OCT042315-15,0.0190,1.00,yes
2026-10-05T03:14:28.326531Z,KXBTC15M-26OCT042315-15,0.0200,99.00,yes
2026-10-05T03:14:28.347586Z,KXBTC15M-26OCT042315-15,0.0200,199.48,yes
2026-10-05T03:14:28.362716Z,KXBTC15M-26OCT042315-15,0.0180,40.00,no
2026-10-05T03:14:28.364008Z,KXBTC15M-26OCT042315-15,0.0200,53.57,yes
2026-10-05T03:14:28.36729Z,KXBTC15M-26OCT042315-15,0.0180,40.00,no
2026-10-05T03:14:28.414026Z,KXBTC15M-26OCT042315-15,0.0190,40.00,no
2026-10-05T03:14:28.447844Z,KXBTC15M-26OCT042315-15,0.0190,8.00,no
2026-10-05T03:14:28.453006Z,KXBTC15M-26OCT042315-15,0.0200,22.75,yes
2026-10-05T03:14:28.481023Z,KXBTC15M-26OCT042315-15,0.0220,31.00,yes
2026-10-05T03:14:28.481023Z,KXBTC15M-26OCT042315-15,0.0200,93.75,yes
2026-10-05T03:14:28.481023Z,KXBTC15M-26OCT042315-15,0.0200,64.00,yes
2026-10-05T03:14:28.481023Z,KXBTC15M-26OCT042315-15,0.0200,15.00,yes
2026-10-05T03:14:28.481023Z,KXBTC15M-26OCT042315-15,0.0200,93.75,yes
2026-10-05T03:14:28.481023Z,KXBTC15M-26OCT042315-15,0.0250,64.00,yes
2026-10-05T03:14:28.481023Z,KXBTC15M-26OCT042315-15,0.0200,15.00,yes
2026-10-05T03:14:28.481023Z,KXBTC15M-26OCT042315-15,0.0250,93.75,yes
2026-10-05T03:14:28.481023Z,KXBTC15M-26OCT042315-15,0.0250,64.00,yes
2026-10-05T03:14:28.481023Z,KXBTC15M-26OCT042315-15,0.0230,1.00,yes
2026-10-05T03:14:28.481023Z,KXBTC15M-26OCT042315-15,0.0200,276.98,yes
2026-10-05T03:14:28.481023Z,KXBTC15M-26OCT042315-15,0.0230,12.00,yes
2026-10-05T03:14:28.481023Z,KXBTC15M-26OCT042315-15,0.0250,15.00,yes
2026-10-05T03:14:28.481023Z,KXBTC15M-26OCT042315-15,0.0270,669.83,yes
2026-10-05T03:14:28.481023Z,KXBTC15M-26OCT042315-15,0.0250,93.75,yes
2026-10-05T03:14:28.481023Z,KXBTC15M-26OCT042315-15,0.0240,120.00,yes
2026-10-05T03:14:28.481023Z,KXBTC15M-26OCT042315-15,0.0250,15.00,yes
2026-10-05T03:14:28.481023Z,KXBTC15M-26OCT042315-15,0.0240,444.00,yes
2026-10-05T03:14:28.481023Z,KXBTC15M-26OCT042315-15,0.0250,1047.00,yes
2026-10-05T03:14:28.487869Z,KXBTC15M-26OCT042315-15,0.0190,0.01,no
2026-10-05T03:14:28.487869Z,KXBTC15M-26OCT042315-15,0.0190,0.01,no
2026-10-05T03:14:28.487869Z,KXBTC15M-26OCT042315-15,0.0190,50.00,no
2026-10-05T03:14:28.487869Z,KXBTC15M-26OCT042315-15,0.0190,13.00,no
2026-10-05T03:14:28.487869Z,KXBTC15M-26OCT042315-15,0.0180,254.98,no
2026-10-05T03:14:28.510608Z,KXBTC15M-26OCT042315-15,0.0190,150.19,no
2026-10-05T03:14:28.601614Z,KXBTC15M-26OCT042315-15,0.0200,93.75,yes
2026-10-05T03:14:28.601614Z,KXBTC15M-26OCT042315-15,0.0200,0.01,yes
2026-10-05T03:14:28.601614Z,KXBTC15M-26OCT042315-15,0.0200,9.03,yes
2026-10-05T03:14:28.615983Z,KXBTC15M-26OCT042315-15,0.0200,82.48,yes
2026-10-05T03:14:28.628701Z,KXBTC15M-26OCT042315-15,0.0200,0.63,yes
2026-10-05T03:14:28.65833Z,KXBTC15M-26OCT042315-15,0.0190,77.06,no
2026-10-05T03:14:28.665254Z,KXBTC15M-26OCT042315-15,0.0200,15.00,yes
2026-10-05T03:14:28.665254Z,KXBTC15M-26OCT042315-15,0.0200,1.61,yes
2026-10-05T03:14:28.665254Z,KXBTC15M-26OCT042315-15,0.0200,15.00,yes
2026-10-05T03:14:28.665254Z,KXBTC15M-26OCT042315-15,0.0200,18.38,yes
2026-10-05T03:14:28.665254Z,KXBTC15M-26OCT042315-15,0.0200,0.01,yes
2026-10-05T03:14:28.665254Z,KXBTC15M-26OCT042315-15,0.0200,50.00,yes
2026-10-05T03:14:28.668096Z,KXBTC15M-26OCT042315-15,0.0190,20.30,no
2026-10-05T03:14:28.698066Z,KXBTC15M-26OCT042315-15,0.0200,2.41,yes
2026-10-05T03:14:28.73407Z,KXBTC15M-26OCT042315-15,0.0200,46.38,yes
2026-10-05T03:14:28.839615Z,KXBTC15M-26OCT042315-15,0.0190,41.45,no
2026-10-05T03:14:28.839615Z,KXBTC15M-26OCT042315-15,0.0190,0.01,no
2026-10-05T03:14:28.839615Z,KXBTC15M-26OCT042315-15,0.0190,0.01,no
2026-10-05T03:14:28.839615Z,KXBTC15M-26OCT042315-15,0.0190,245.53,no
2026-10-05T03:14:28.839615Z,KXBTC15M-26OCT042315-15,0.0190,13.00,no
2026-10-05T03:14:28.842734Z,KXBTC15M-26OCT042315-15,0.0200,4.82,yes
2026-10-05T03:14:28.873664Z,KXBTC15M-26OCT042315-15,0.0200,21.76,yes
2026-10-05T03:14:28.873664Z,KXBTC15M-26OCT042315-15,0.0200,5.03,yes
2026-10-05T03:14:28.873664Z,KXBTC15M-26OCT042315-15,0.0200,93.75,yes
2026-10-05T03:14:28.894276Z,KXBTC15M-26OCT042315-15,0.0250,64.00,yes
2026-10-05T03:14:28.894276Z,KXBTC15M-26OCT042315-15,0.0250,93.75,yes
2026-10-05T03:14:28.894276Z,KXBTC15M-26OCT042315-15,0.0200,3.00,yes
2026-10-05T03:14:28.894276Z,KXBTC15M-26OCT042315-15,0.0250,93.75,yes
2026-10-05T03:14:28.894276Z,KXBTC15M-26OCT042315-15,0.0200,9.97,yes
2026-10-05T03:14:28.894276Z,KXBTC15M-26OCT042315-15,0.0230,30.00,yes
2026-10-05T03:14:28.894276Z,KXBTC15M-26OCT042315-15,0.0250,15.00,yes
2026-10-05T03:14:28.894276Z,KXBTC15M-26OCT042315-15,0.0240,12.00,yes
2026-10-05T03:14:28.894276Z,KXBTC15M-26OCT042315-15,0.0200,0.01,yes
2026-10-05T03:14:28.894276Z,KXBTC15M-26OCT042315-15,0.0200,0.01,yes
2026-10-05T03:14:28.894276Z,KXBTC15M-26OCT042315-15,0.0270,60.17,yes
2026-10-05T03:14:28.894276Z,KXBTC15M-26OCT042315-15,0.0250,15.00,yes
2026-10-05T03:14:28.894276Z,KXBTC15M-26OCT042315-15,0.0200,93.75,yes
2026-10-05T03:14:28.918686Z,KXBTC15M-26OCT042315-15,0.0240,6.91,yes
2026-10-05T03:14:28.934428Z,KXBTC15M-26OCT042315-15,0.0210,129.80,no
2026-10-05T03:14:28.940549Z,KXBTC15M-26OCT042315-15,0.0210,261.00,no
2026-10-05T03:14:28.940549Z,KXBTC15M-26OCT042315-15,0.0210,0.01,no
2026-10-05T03:14:28.940549Z,KXBTC15M-26OCT042315-15,0.0220,250.00,no
2026-10-05T03:14:28.940549Z,KXBTC15M-26OCT042315-15,0.0200,2167.28,no
2026-10-05T03:14:28.940549Z,KXBTC15M-26OCT042315-15,0.0210,0.01,no
2026-10-05T03:14:28.940549Z,KXBTC15M-26OCT042315-15,0.0210,11.00,no
2026-10-05T03:14:28.940549Z,KXBTC15M-26OCT042315-15,0.0210,310.70,no
2026-10-05T03:14:28.973411Z,KXBTC15M-26OCT042315-15,0.0230,202.74,yes
2026-10-05T03:14:28.973411Z,KXBTC15M-26OCT042315-15,0.0230,6.33,yes
2026-10-05T03:14:28.980771Z,KXBTC15M-26OCT042315-15,0.0200,9.98,no
2026-10-05T03:14:28.980771Z,KXBTC15M-26OCT042315-15,0.0220,0.01,no
2026-10-05T03:14:28.980771Z,KXBTC15M-26OCT042315-15,0.0220,0.01,no
2026-10-05T03:14:29.058002Z,KXBTC15M-26OCT042315-15,0.0200,29.64,no
2026-10-05T03:14:29.068085Z,KXBTC15M-26OCT042315-15,0.0200,5.00,no
2026-10-05T03:14:29.069223Z,KXBTC15M-26OCT042315-15,0.0140,87.38,no
2026-10-05T03:14:29.069223Z,KXBTC15M-26OCT042315-15,0.0200,0.01,no
2026-10-05T03:14:29.069223Z,KXBTC15M-26OCT042315-15,0.0200,0.01,no
2026-10-05T03:14:29.069223Z,KXBTC15M-26OCT042315-15,0.0200,5.38,no
2026-10-05T03:14:29.069223Z,KXBTC15M-26OCT042315-15,0.0170,1.00,no
2026-10-05T03:14:29.069223Z,KXBTC15M-26OCT042315-15,0.0150,57.00,no
2026-10-05T03:14:29.090055Z,KXBTC15M-26OCT042315-15,0.0160,0.99,no
2026-10-05T03:14:29.090055Z,KXBTC15M-26OCT042315-15,0.0160,0.01,no
2026-10-05T03:14:29.116972Z,KXBTC15M-26OCT042315-15,0.0190,4.67,yes
2026-10-05T03:14:29.120417Z,KXBTC15M-26OCT042315-15,0.0190,0.01,yes
2026-10-05T03:14:29.120417Z,KXBTC15M-26OCT042315-15,0.0190,0.01,yes
2026-10-05T03:14:29.120417Z,KXBTC15M-26OCT042315-15,0.0190,189.23,yes
2026-10-05T03:14:29.120417Z,KXBTC15M-26OCT042315-15,0.0190,282.75,yes
2026-10-05T03:14:29.120417Z,KXBTC15M-26OCT042315-15,0.0190,13.00,yes
2026-10-05T03:14:29.122103Z,KXBTC15M-26OCT042315-15,0.0160,6.00,no
2026-10-05T03:14:29.127115Z,KXBTC15M-26OCT042315-15,0.0200,35.55,yes
2026-10-05T03:14:29.127115Z,KXBTC15M-26OCT042315-15,0.0190,10.77,yes
2026-10-05T03:14:29.170448Z,KXBTC15M-26OCT042315-15,0.0170,11.69,yes
2026-10-05T03:14:29.173532Z,KXBTC15M-26OCT042315-15,0.0160,0.01,no
2026-10-05T03:14:29.173532Z,KXBTC15M-26OCT042315-15,0.0140,0.01,no
2026-10-05T03:14:29.173532Z,KXBTC15M-26OCT042315-15,0.0140,13.00,no
2026-10-05T03:14:29.173532Z,KXBTC15M-26OCT042315-15,0.0150,0.01,no
2026-10-05T03:14:29.173532Z,KXBTC15M-26OCT042315-15,0.0160,0.01,no
2026-10-05T03:14:29.173532Z,KXBTC15M-26OCT042315-15,0.0140,0.01,no
2026-10-05T03:14:29.173532Z,KXBTC15M-26OCT042315-15,0.0130,2.42,no
2026-10-05T03:14:29.17796Z,KXBTC15M-26OCT042315-15,0.0170,11.67,yes
2026-10-05T03:14:29.17796Z,KXBTC15M-26OCT042315-15,0.0170,0.01,yes
2026-10-05T03:14:29.17796Z,KXBTC15M-26OCT042315-15,0.0170,72.31,yes
2026-10-05T03:14:29.17796Z,KXBTC15M-26OCT042315-15,0.0170,0.01,yes
2026-10-05T03:14:29.216489Z,KXBTC15M-26OCT042315-15,0.0170,0.01,yes
2026-10-05T03:14:29.216489Z,KXBTC15M-26OCT042315-15,0.0170,7.00,yes
2026-10-05T03:14:29.216489Z,KXBTC15M-26OCT042315-15,0.0170,102.00,yes
2026-10-05T03:14:29.216489Z,KXBTC15M-26OCT042315-15,0.0170,0.01,yes
2026-10-05T03:14:29.231685Z,KXBTC15M-26OCT042315-15,0.0160,0.01,yes
2026-10-05T03:14:29.231685Z,KXBTC15M-26OCT042315-15,0.0170,16.19,yes
2026-10-05T03:14:29.231685Z,KXBTC15M-26OCT042315-15,0.0160,0.01,yes
2026-10-05T03:14:29.231685Z,KXBTC15M-26OCT042315-15,0.0160,21.79,yes
2026-10-05T03:14:29.234493Z,KXBTC15M-26OCT042315-15,0.0150,0.01,no
2026-10-05T03:14:29.234493Z,KXBTC15M-26OCT042315-15,0.0150,14.00,no
2026-10-05T03:14:29.234493Z,KXBTC15M-26OCT042315-15,0.0150,0.01,no
2026-10-05T03:14:29.234493Z,KXBTC15M-26OCT042315-15,0.0140,257.51,no
2026-10-05T03:14:29.234493Z,KXBTC15M-26OCT042315-15,0.0150,10.00,no
2026-10-05T03:14:29.285056Z,KXBTC15M-26OCT042315-15,0.0180,0.01,yes
2026-10-05T03:14:29.285056Z,KXBTC15M-26OCT042315-15,0.0180,0.01,yes
2026-10-05T03:14:29.285056Z,KXBTC15M-26OCT042315-15,0.0190,62.81,yes
2026-10-05T03:14:29.285056Z,KXBTC15M-26OCT042315-15,0.0180,13.00,yes
2026-10-05T03:14:29.296094Z,KXBTC15M-26OCT042315-15,0.0190,3.19,yes
2026-10-05T03:14:29.296094Z,KXBTC15M-26OCT042315-15,0.0190,219.37,yes
2026-10-05T03:14:29.322237Z,KXBTC15M-26OCT042315-15,0.0150,5.00,no
2026-10-05T03:14:29.322237Z,KXBTC15M-26OCT042315-15,0.0140,13.00,no
2026-10-05T03:14:29.322237Z,KXBTC15M-26OCT042315-15,0.0150,0.01,no
2026-10-05T03:14:29.322237Z,KXBTC15M-26OCT042315-15,0.0160,0.01,no
2026-10-05T03:14:29.322237Z,KXBTC15M-26OCT042315-15,0.0140,0.01,no
2026-10-05T03:14:29.322237Z,KXBTC15M-26OCT042315-15,0.0140,0.01,no
2026-10-05T03:14:29.322237Z,KXBTC15M-26OCT042315-15,0.0160,0.01,no
2026-10-05T03:14:29.322237Z,KXBTC15M-26OCT042315-15,0.0140,2.19,no
2026-10-05T03:14:29.390801Z,KXBTC15M-26OCT042315-15,0.0180,0.01,yes
2026-10-05T03:14:29.390801Z,KXBTC15M-26OCT042315-15,0.0190,0.01,yes
2026-10-05T03:14:29.390801Z,KXBTC15M-26OCT042315-15,0.0180,0.01,yes
2026-10-05T03:14:29.390801Z,KXBTC15M-26OCT042315-15,0.0200,46.74,yes
2026-10-05T03:14:29.390801Z,KXBTC15M-26OCT042315-15,0.0190,0.01,yes
2026-10-05T03:14:29.390801Z,KXBTC15M-26OCT042315-15,0.0180,0.01,yes
2026-10-05T03:14:29.399657Z,KXBTC15M-26OCT042315-15,0.0200,9.62,yes
2026-10-05T03:14:29.399657Z,KXBTC15M-26OCT042315-15,0.0200,15.00,yes
2026-10-05T03:14:29.399657Z,KXBTC15M-26OCT042315-15,0.0200,11.46,yes
2026-10-05T03:14:29.401423Z,KXBTC15M-26OCT042315-15,0.0200,70.75,yes
2026-10-05T03:14:29.402915Z,KXBTC15M-26OCT042315-15,0.0200,13.38,yes
2026-10-05T03:14:29.402915Z,KXBTC15M-26OCT042315-15,0.0200,15.00,yes
2026-10-05T03:14:29.402915Z,KXBTC15M-26OCT042315-15,0.0200,21.62,yes
2026-10-05T03:14:29.555301Z,KXBTC15M-26OCT042315-15,0.0180,32.00,yes
2026-10-05T03:14:29.562572Z,KXBTC15M-26OCT042315-15,0.0180,32.75,yes
2026-10-05T03:14:29.574109Z,KXBTC15M-26OCT042315-15,0.0180,20.83,yes
2026-10-05T03:14:29.621798Z,KXBTC15M-26OCT042315-15,0.0150,0.01,no
2026-10-05T03:14:29.621798Z,KXBTC15M-26OCT042315-15,0.0140,13.00,no
2026-10-05T03:14:29.621798Z,KXBTC15M-26OCT042315-15,0.0150,0.01,no
2026-10-05T03:14:29.621798Z,KXBTC15M-26OCT042315-15,0.0130,4.26,no
2026-10-05T03:14:29.621798Z,KXBTC15M-26OCT042315-15,0.0130,7.58,no
2026-10-05T03:14:29.628701Z,KXBTC15M-26OCT042315-15,0.0150,15.00,yes
2026-10-05T03:14:29.628701Z,KXBTC15M-26OCT042315-15,0.0150,30.90,yes
2026-10-05T03:14:29.705598Z,KXBTC15M-26OCT042315-15,0.0150,45.90,yes
2026-10-05T03:14:29.716186Z,KXBTC15M-26OCT042315-15,0.0150,16.95,yes
2026-10-05T03:14:29.716186Z,KXBTC15M-26OCT042315-15,0.0150,35.29,yes
2026-10-05T03:14:29.833203Z,KXBTC15M-26OCT042315-15,0.0150,10.29,yes
2026-10-05T03:14:29.902847Z,KXBTC15M-26OCT042315-15,0.0190,13.00,yes
2026-10-05T03:14:29.902847Z,KXBTC15M-26OCT042315-15,0.0150,0.01,yes
2026-10-05T03:14:29.902847Z,KXBTC15M-26OCT042315-15,0.0150,15.00,yes
2026-10-05T03:14:29.902847Z,KXBTC15M-26OCT042315-15,0.0180,1.00,yes
2026-10-05T03:14:29.902847Z,KXBTC15M-26OCT042315-15,0.0200,28.38,yes
2026-10-05T03:14:29.902847Z,KXBTC15M-26OCT042315-15,0.0150,0.01,yes
2026-10-05T03:14:29.902847Z,KXBTC15M-26OCT042315-15,0.0200,58.99,yes
2026-10-05T03:14:29.902847Z,KXBTC15M-26OCT042315-15,0.0150,48.17,yes
2026-10-05T03:14:29.902847Z,KXBTC15M-26OCT042315-15,0.0190,31.00,yes
2026-10-05T03:14:29.902847Z,KXBTC15M-26OCT042315-15,0.0150,140.00,yes
2026-10-05T03:14:30.016602Z,KXBTC15M-26OCT042315-15,0.0140,0.01,no
2026-10-05T03:14:30.016602Z,KXBTC15M-26OCT042315-15,0.0140,13.00,no
2026-10-05T03:14:30.016602Z,KXBTC15M-26OCT042315-15,0.0140,0.01,no
2026-10-05T03:14:30.016602Z,KXBTC15M-26OCT042315-15,0.0130,10.98,no
2026-10-05T03:14:30.031896Z,KXBTC15M-26OCT042315-15,0.0130,14.00,no
2026-10-05T03:14:30.031896Z,KXBTC15M-26OCT042315-15,0.0130,0.01,no
2026-10-05T03:14:30.031896Z,KXBTC15M-26OCT042315-15,0.0130,0.01,no
2026-10-05T03:14:30.031896Z,KXBTC15M-26OCT042315-15,0.0130,33.77,no
2026-10-05T03:14:30.031896Z,KXBTC15M-26OCT042315-15,0.0120,98.21,no
2026-10-05T03:14:30.041957Z,KXBTC15M-26OCT042315-15,0.0130,0.01,no
2026-10-05T03:14:30.041957Z,KXBTC15M-26OCT042315-15,0.0130,1.99,no
2026-10-05T03:14:30.051251Z,KXBTC15M-26OCT042315-15,0.0150,0.01,yes
2026-10-05T03:14:30.051251Z,KXBTC15M-26OCT042315-15,0.0150,0.01,yes
2026-10-05T03:14:30.051251Z,KXBTC15M-26OCT042315-15,0.0190,4.37,yes
2026-10-05T03:14:30.051788Z,KXBTC15M-26OCT042315-15,0.0190,1.28,yes
2026-10-05T03:14:30.054318Z,KXBTC15M-26OCT042315-15,0.0190,1.43,yes
2026-10-05T03:14:30.061163Z,KXBTC15M-26OCT042315-15,0.0130,0.01,no
2026-10-05T03:14:30.061163Z,KXBTC15M-26OCT042315-15,0.0130,14.00,no
2026-10-05T03:14:30.061163Z,KXBTC15M-26OCT042315-15,0.0130,0.01,no
2026-10-05T03:14:30.061163Z,KXBTC15M-26OCT042315-15,0.0120,674.81,no
2026-10-05T03:14:30.061163Z,KXBTC15M-26OCT042315-15,0.0130,319.48,no
2026-10-05T03:14:30.079141Z,KXBTC15M-26OCT042315-15,0.0130,0.01,no
2026-10-05T03:14:30.079141Z,KXBTC15M-26OCT042315-15,0.0130,0.01,no
2026-10-05T03:14:30.079141Z,KXBTC15M-26OCT042315-15,0.0130,5.98,no
2026-10-05T03:14:30.079141Z,KXBTC15M-26OCT042315-15,0.0130,14.00,no
2026-10-05T03:14:30.087992Z,KXBTC15M-26OCT042315-15,0.0130,49.64,no
2026-10-05T03:14:30.090963Z,KXBTC15M-26OCT042315-15,0.0130,297.88,no
2026-10-05T03:14:30.110107Z,KXBTC15M-26OCT042315-15,0.0130,1000.00,no
2026-10-05T03:14:30.11098Z,KXBTC15M-26OCT042315-15,0.0130,9.00,no
2026-10-05T03:14:30.112658Z,KXBTC15M-26OCT042315-15,0.0130,1.00,no
2026-10-05T03:14:30.143768Z,KXBTC15M-26OCT042315-15,0.0140,290.32,yes
2026-10-05T03:14:30.143768Z,KXBTC15M-26OCT042315-15,0.0150,89.04,yes
2026-10-05T03:14:30.143768Z,KXBTC15M-26OCT042315-15,0.0140,300.00,yes
2026-10-05T03:14:30.143768Z,KXBTC15M-26OCT042315-15,0.0150,93.75,yes
2026-10-05T03:14:30.143768Z,KXBTC15M-26OCT042315-15,0.0150,0.01,yes
2026-10-05T03:14:30.143768Z,KXBTC15M-26OCT042315-15,0.0150,5.00,yes
2026-10-05T03:14:30.143768Z,KXBTC15M-26OCT042315-15,0.0140,0.01,yes
2026-10-05T03:14:30.143768Z,KXBTC15M-26OCT042315-15,0.0150,0.01,yes
2026-10-05T03:14:30.143768Z,KXBTC15M-26OCT042315-15,0.0150,15.00,yes
2026-10-05T03:14:30.143768Z,KXBTC15M-26OCT042315-15,0.0140,0.01,yes
2026-10-05T03:14:30.143768Z,KXBTC15M-26OCT042315-15,0.0140,10.00,yes
2026-10-05T03:14:30.143768Z,KXBTC15M-26OCT042315-15,0.0150,64.00,yes
2026-10-05T03:14:30.143768Z,KXBTC15M-26OCT042315-15,0.0150,77.14,yes
2026-10-05T03:14:30.160783Z,KXBTC15M-26OCT042315-15,0.0120,0.01,no
2026-10-05T03:14:30.160783Z,KXBTC15M-26OCT042315-15,0.0120,15.00,no
2026-10-05T03:14:30.160783Z,KXBTC15M-26OCT042315-15,0.0130,0.01,no
2026-10-05T03:14:30.160783Z,KXBTC15M-26OCT042315-15,0.0130,0.01,no
2026-10-05T03:14:30.160783Z,KXBTC15M-26OCT042315-15,0.0110,84.97,no
2026-10-05T03:14:30.178251Z,KXBTC15M-26OCT042315-15,0.0140,0.01,yes
2026-10-05T03:14:30.178251Z,KXBTC15M-26OCT042315-15,0.0150,276.00,yes
2026-10-05T03:14:30.178251Z,KXBTC15M-26OCT042315-15,0.0150,15.00,yes
2026-10-05T03:14:30.178251Z,KXBTC15M-26OCT042315-15,0.0140,0.01,yes
2026-10-05T03:14:30.178251Z,KXBTC15M-26OCT042315-15,0.0150,93.75,yes
2026-10-05T03:14:30.178251Z,KXBTC15M-26OCT042315-15,0.0150,93.75,yes
2026-10-05T03:14:30.178251Z,KXBTC15M-26OCT042315-15,0.0150,0.48,yes
2026-10-05T03:14:30.178251Z,KXBTC15M-26OCT042315-15,0.0150,36.00,yes
2026-10-05T03:14:30.188024Z,KXBTC15M-26OCT042315-15,0.0120,68.99,no
2026-10-05T03:14:30.188024Z,KXBTC15M-26OCT042315-15,0.0120,15.00,no
2026-10-05T03:14:30.255421Z,KXBTC15M-26OCT042315-15,0.0150,0.01,yes
2026-10-05T03:14:30.255421Z,KXBTC15M-26OCT042315-15,0.0140,0.01,yes
2026-10-05T03:14:30.255421Z,KXBTC15M-26OCT042315-15,0.0150,0.01,yes
2026-10-05T03:14:30.255421Z,KXBTC15M-26OCT042315-15,0.0140,0.01,yes
2026-10-05T03:14:30.255421Z,KXBTC15M-26OCT042315-15,0.0150,14.52,yes
2026-10-05T03:14:30.255421Z,KXBTC15M-26OCT042315-15,0.0150,1.00,yes
2026-10-05T03:14:30.255421Z,KXBTC15M-26OCT042315-15,0.0160,224.44,yes
2026-10-05T03:14:30.301864Z,KXBTC15M-26OCT042315-15,0.0150,3.19,yes
2026-10-05T03:14:30.316799Z,KXBTC15M-26OCT042315-15,0.0120,14.05,no
2026-10-05T03:14:30.410856Z,KXBTC15M-26OCT042315-15,0.0150,11.81,yes
2026-10-05T03:14:30.410856Z,KXBTC15M-26OCT042315-15,0.0150,1.00,yes
2026-10-05T03:14:30.410856Z,KXBTC15M-26OCT042315-15,0.0150,0.01,yes
2026-10-05T03:14:30.410856Z,KXBTC15M-26OCT042315-15,0.0150,0.01,yes
2026-10-05T03:14:30.410856Z,KXBTC15M-26OCT042315-15,0.0160,225.88,yes
2026-10-05T03:14:30.422585Z,KXBTC15M-26OCT042315-15,0.0150,0.01,yes
2026-10-05T03:14:30.422585Z,KXBTC15M-26OCT042315-15,0.0140,1.00,yes
2026-10-05T03:14:30.422585Z,KXBTC15M-26OCT042315-15,0.0160,45.33,yes
2026-10-05T03:14:30.430982Z,KXBTC15M-26OCT042315-15,0.0110,1.00,no
2026-10-05T03:14:30.430982Z,KXBTC15M-26OCT042315-15,0.0110,17.00,no
2026-10-05T03:14:30.430982Z,KXBTC15M-26OCT042315-15,0.0120,233.85,no
2026-10-05T03:14:30.430982Z,KXBTC15M-26OCT042315-15,0.0120,0.01,no
2026-10-05T03:14:30.430982Z,KXBTC15M-26OCT042315-15,0.0120,0.01,no
2026-10-05T03:14:30.430982Z,KXBTC15M-26OCT042315-15,0.0100,185.63,no
2026-10-05T03:14:30.436898Z,KXBTC15M-26OCT042315-15,0.0160,47.50,yes
2026-10-05T03:14:30.436898Z,KXBTC15M-26OCT042315-15,0.0140,0.01,yes
2026-10-05T03:14:30.513319Z,KXBTC15M-26OCT042315-15,0.0110,17.00,no
2026-10-05T03:14:30.513319Z,KXBTC15M-26OCT042315-15,0.0110,0.01,no
2026-10-05T03:14:30.513319Z,KXBTC15M-26OCT042315-15,0.0110,0.01,no
2026-10-05T03:14:30.513319Z,KXBTC15M-26OCT042315-15,0.0100,121.77,no
2026-10-05T03:14:30.518851Z,KXBTC15M-26OCT042315-15,0.0160,46.41,yes
2026-10-05T03:14:30.518851Z,KXBTC15M-26OCT042315-15,0.0140,0.01,yes
2026-10-05T03:14:30.518851Z,KXBTC15M-26OCT042315-15,0.0140,1.00,yes
2026-10-05T03:14:30.518851Z,KXBTC15M-26OCT042315-15,0.0150,23.36,yes
2026-10-05T03:14:30.518851Z,KXBTC15M-26OCT042315-15,0.0150,5.00,yes
2026-10-05T03:14:30.524613Z,KXBTC15M-26OCT042315-15,0.0110,0.01,no
2026-10-05T03:14:30.524613Z,KXBTC15M-26OCT042315-15,0.0110,0.01,no
2026-10-05T03:14:30.524613Z,KXBTC15M-26OCT042315-15,0.0100,6.98,no
2026-10-05T03:14:30.540697Z,KXBTC15M-26OCT042315-15,0.0110,4.29,no
2026-10-05T03:14:30.540697Z,KXBTC15M-26OCT042315-15,0.0110,0.01,no
2026-10-05T03:14:30.540697Z,KXBTC15M-26OCT042315-15,0.0110,0.01,no
2026-10-05T03:14:30.571118Z,KXBTC15M-26OCT042315-15,0.0130,0.01,yes
2026-10-05T03:14:30.571118Z,KXBTC15M-26OCT042315-15,0.0130,0.01,yes
2026-10-05T03:14:30.571118Z,KXBTC15M-26OCT042315-15,0.0140,0.01,yes
2026-10-05T03:14:30.571118Z,KXBTC15M-26OCT042315-15,0.0160,51.09,yes
2026-10-05T03:14:30.571118Z,KXBTC15M-26OCT042315-15,0.0140,0.01,yes
2026-10-05T03:14:30.571118Z,KXBTC15M-26OCT042315-15,0.0130,42.00,yes
2026-10-05T03:14:30.581346Z,KXBTC15M-26OCT042315-15,0.0130,0.01,yes
2026-10-05T03:14:30.581346Z,KXBTC15M-26OCT042315-15,0.0150,66.00,yes
2026-10-05T03:14:30.581346Z,KXBTC15M-26OCT042315-15,0.0130,0.01,yes
2026-10-05T03:14:30.581346Z,KXBTC15M-26OCT042315-15,0.0120,6.00,yes
2026-10-05T03:14:30.581346Z,KXBTC15M-26OCT042315-15,0.0160,513.06,yes
2026-10-05T03:14:30.600331Z,KXBTC15M-26OCT042315-15,0.0120,0.01,yes
2026-10-05T03:14:30.600331Z,KXBTC15M-26OCT042315-15,0.0120,0.01,yes
2026-10-05T03:14:30.600331Z,KXBTC15M-26OCT042315-15,0.0150,1.87,yes
2026-10-05T03:14:30.621029Z,KXBTC15M-26OCT042315-15,0.0160,1.00,yes
2026-10-05T03:14:30.621029Z,KXBTC15M-26OCT042315-15,0.0150,32.00,yes
2026-10-05T03:14:30.621029Z,KXBTC15M-26OCT042315-15,0.0170,19.05,yes
2026-10-05T03:14:30.641334Z,KXBTC15M-26OCT042315-15,0.0160,15.47,yes
2026-10-05T03:14:30.660157Z,KXBTC15M-26OCT042315-15,0.0120,3.00,no
2026-10-05T03:14:30.680292Z,KXBTC15M-26OCT042315-15,0.0150,1.00,yes
2026-10-05T03:14:30.758529Z,KXBTC15M-26OCT042315-15,0.0120,0.01,no
2026-10-05T03:14:30.758529Z,KXBTC15M-26OCT042315-15,0.0110,17.00,no
2026-10-05T03:14:30.758529Z,KXBTC15M-26OCT042315-15,0.0120,0.01,no
2026-10-05T03:14:30.758529Z,KXBTC15M-26OCT042315-15,0.0100,65.36,no
2026-10-05T03:14:30.758529Z,KXBTC15M-26OCT042315-15,0.0100,35.62,no
2026-10-05T03:14:30.779648Z,KXBTC15M-26OCT042315-15,0.0150,8.44,yes
2026-10-05T03:14:30.83266Z,KXBTC15M-26OCT042315-15,0.0110,0.01,no
2026-10-05T03:14:30.83266Z,KXBTC15M-26OCT042315-15,0.0110,0.01,no
2026-10-05T03:14:30.83266Z,KXBTC15M-26OCT042315-15,0.0110,17.00,no
2026-10-05T03:14:30.83266Z,KXBTC15M-26OCT042315-15,0.0100,10.75,no
2026-10-05T03:14:31.009395Z,KXBTC15M-26OCT042315-15,0.0150,0.56,yes
2026-10-05T03:14:31.009395Z,KXBTC15M-26OCT042315-15,0.0160,35.00,yes
2026-10-05T03:14:31.009395Z,KXBTC15M-26OCT042315-15,0.0170,48.00,yes
2026-10-05T03:14:31.009395Z,KXBTC15M-26OCT042315-15,0.0170,26.30,yes
2026-10-05T03:14:31.009395Z,KXBTC15M-26OCT042315-15,0.0150,0.01,yes
2026-10-05T03:14:31.009395Z,KXBTC15M-26OCT042315-15,0.0150,0.01,yes
2026-10-05T03:14:31.061767Z,KXBTC15M-26OCT042315-15,0.0110,0.01,no
2026-10-05T03:14:31.061767Z,KXBTC15M-26OCT042315-15,0.0110,0.01,no
2026-10-05T03:14:31.061767Z,KXBTC15M-26OCT042315-15,0.0110,17.00,no
2026-10-05T03:14:31.077683Z,KXBTC15M-26OCT042315-15,0.0130,57.91,yes
2026-10-05T03:14:31.102413Z,KXBTC15M-26OCT042315-15,0.0100,68.00,no
2026-10-05T03:14:31.113338Z,KXBTC15M-26OCT042315-15,0.0100,9.00,no
2026-10-05T03:14:31.121947Z,KXBTC15M-26OCT042315-15,0.0100,2500.00,no
2026-10-05T03:14:31.121974Z,KXBTC15M-26OCT042315-15,0.0120,0.01,yes
2026-10-05T03:14:31.121974Z,KXBTC15M-26OCT042315-15,0.0120,150.00,yes
2026-10-05T03:14:31.121974Z,KXBTC15M-26OCT042315-15,0.0130,308.44,yes
2026-10-05T03:14:31.137057Z,KXBTC15M-26OCT042315-15,0.0150,0.01,yes
2026-10-05T03:14:31.137057Z,KXBTC15M-26OCT042315-15,0.0130,1.00,yes
2026-10-05T03:14:31.137057Z,KXBTC15M-26OCT042315-15,0.0150,0.01,yes
2026-10-05T03:14:31.137057Z,KXBTC15M-26OCT042315-15,0.0130,0.01,yes
2026-10-05T03:14:31.137057Z,KXBTC15M-26OCT042315-15,0.0130,191.35,yes
2026-10-05T03:14:31.137057Z,KXBTC15M-26OCT042315-15,0.0160,36.00,yes
2026-10-05T03:14:31.137057Z,KXBTC15M-26OCT042315-15,0.0150,15.00,yes
2026-10-05T03:14:31.137057Z,KXBTC15M-26OCT042315-15,0.0160,13.00,yes
2026-10-05T03:14:31.137057Z,KXBTC15M-26OCT042315-15,0.0170,20.81,yes
2026-10-05T03:14:31.204882Z,KXBTC15M-26OCT042315-15,0.0100,25.00,no
2026-10-05T03:14:31.259649Z,KXBTC15M-26OCT042315-15,0.0110,5.05,no
2026-10-05T03:14:31.268609Z,KXBTC15M-26OCT042315-15,0.0170,12.18,yes
2026-10-05T03:14:31.28628Z,KXBTC15M-26OCT042315-15,0.0120,9.99,no
2026-10-05T03:14:31.28628Z,KXBTC15M-26OCT042315-15,0.0120,0.01,no
2026-10-05T03:14:31.314656Z,KXBTC15M-26OCT042315-15,0.0170,10.26,yes
2026-10-05T03:14:31.354147Z,KXBTC15M-26OCT042315-15,0.0160,0.16,yes
2026-10-05T03:14:31.354147Z,KXBTC15M-26OCT042315-15,0.0160,1.00,yes
2026-10-05T03:14:31.354714Z,KXBTC15M-26OCT042315-15,0.0120,2.15,no
2026-10-05T03:14:31.38681Z,KXBTC15M-26OCT042315-15,0.0170,0.01,yes
2026-10-05T03:14:31.38681Z,KXBTC15M-26OCT042315-15,0.0160,33.00,yes
2026-10-05T03:14:31.38681Z,KXBTC15M-26OCT042315-15,0.0180,80.88,yes
2026-10-05T03:14:31.38681Z,KXBTC15M-26OCT042315-15,0.0170,62.45,yes
2026-10-05T03:14:31.38681Z,KXBTC15M-26OCT042315-15,0.0170,66.00,yes
2026-10-05T03:14:31.38681Z,KXBTC15M-26OCT042315-15,0.0170,30.00,yes
2026-10-05T03:14:31.433422Z,KXBTC15M-26OCT042315-15,0.0180,114.00,yes
2026-10-05T03:14:31.433422Z,KXBTC15M-26OCT042315-15,0.0180,96.00,yes
2026-10-05T03:14:31.433422Z,KXBTC15M-26OCT042315-15,0.0180,9.12,yes
2026-10-05T03:14:31.433422Z,KXBTC15M-26OCT042315-15,0.0180,75.98,yes
2026-10-05T03:14:31.447303Z,KXBTC15M-26OCT042315-15,0.0150,270.29,no
2026-10-05T03:14:31.497963Z,KXBTC15M-26OCT042315-15,0.0140,0.01,no
2026-10-05T03:14:31.497963Z,KXBTC15M-26OCT042315-15,0.0140,596.96,no
2026-10-05T03:14:31.497963Z,KXBTC15M-26OCT042315-15,0.0150,0.01,no
2026-10-05T03:14:31.497963Z,KXBTC15M-26OCT042315-15,0.0150,0.01,no
2026-10-05T03:14:31.497963Z,KXBTC15M-26OCT042315-15,0.0140,392.00,no
2026-10-05T03:14:31.497963Z,KXBTC15M-26OCT042315-15,0.0140,0.01,no
2026-10-05T03:14:31.497963Z,KXBTC15M-26OCT042315-15,0.0150,14.00,no
2026-10-05T03:14:31.517046Z,KXBTC15M-26OCT042315-15,0.0140,0.01,no
2026-10-05T03:14:31.517046Z,KXBTC15M-26OCT042315-15,0.0140,0.01,no
2026-10-05T03:14:31.542106Z,KXBTC15M-26OCT042315-15,0.0150,0.01,yes
2026-10-05T03:14:31.542106Z,KXBTC15M-26OCT042315-15,0.0180,90.00,yes
2026-10-05T03:14:31.542106Z,KXBTC15M-26OCT042315-15,0.0160,0.01,yes
2026-10-05T03:14:31.542106Z,KXBTC15M-26OCT042315-15,0.0180,781.00,yes
2026-10-05T03:14:31.542106Z,KXBTC15M-26OCT042315-15,0.0150,64.00,yes
2026-10-05T03:14:31.542106Z,KXBTC15M-26OCT042315-15,0.0180,13.00,yes
2026-10-05T03:14:31.542106Z,KXBTC15M-26OCT042315-15,0.0160,0.01,yes
2026-10-05T03:14:31.542106Z,KXBTC15M-26OCT042315-15,0.0180,58.02,yes
2026-10-05T03:14:31.542106Z,KXBTC15M-26OCT042315-15,0.0150,0.01,yes
2026-10-05T03:14:31.542106Z,KXBTC15M-26OCT042315-15,0.0150,438.00,yes
2026-10-05T03:14:31.542106Z,KXBTC15M-26OCT042315-15,0.0180,78.00,yes
2026-10-05T03:14:31.542106Z,KXBTC15M-26OCT042315-15,0.0170,1.00,yes
2026-10-05T03:14:31.542106Z,KXBTC15M-26OCT042315-15,0.0170,42.00,yes
2026-10-05T03:14:31.542106Z,KXBTC15M-26OCT042315-15,0.0190,407.83,yes
2026-10-05T03:14:31.542106Z,KXBTC15M-26OCT042315-15,0.0150,294.76,yes
2026-10-05T03:14:31.56122Z,KXBTC15M-26OCT042315-15,0.0130,0.01,no
2026-10-05T03:14:31.56122Z,KXBTC15M-26OCT042315-15,0.0140,0.01,no
2026-10-05T03:14:31.56122Z,KXBTC15M-26OCT042315-15,0.0140,0.01,no
2026-10-05T03:14:31.56122Z,KXBTC15M-26OCT042315-15,0.0130,12.89,no
2026-10-05T03:14:31.56122Z,KXBTC15M-26OCT042315-15,0.0130,0.01,no
2026-10-05T03:14:31.605656Z,KXBTC15M-26OCT042315-15,0.0130,0.01,no
2026-10-05T03:14:31.605656Z,KXBTC15M-26OCT042315-15,0.0130,13.02,no
2026-10-05T03:14:31.605656Z,KXBTC15M-26OCT042315-15,0.0130,0.01,no
2026-10-05T03:14:31.637676Z,KXBTC15M-26OCT042315-15,0.0150,0.01,yes
2026-10-05T03:14:31.637676Z,KXBTC15M-26OCT042315-15,0.0150,0.01,yes
2026-10-05T03:14:31.637676Z,KXBTC15M-26OCT042315-15,0.0180,1.00,yes
2026-10-05T03:14:31.637676Z,KXBTC15M-26OCT042315-15,0.0190,0.53,yes
2026-10-05T03:14:31.661673Z,KXBTC15M-26OCT042315-15,0.0140,100.00,no
2026-10-05T03:14:31.687695Z,KXBTC15M-26OCT042315-15,0.0130,14.00,no
2026-10-05T03:14:31.687695Z,KXBTC15M-26OCT042315-15,0.0140,0.01,no
2026-10-05T03:14:31.687695Z,KXBTC15M-26OCT042315-15,0.0120,81.70,no
2026-10-05T03:14:31.687695Z,KXBTC15M-26OCT042315-15,0.0140,0.01,no
2026-10-05T03:14:31.687695Z,KXBTC15M-26OCT042315-15,0.0130,0.01,no
2026-10-05T03:14:31.687695Z,KXBTC15M-26OCT042315-15,0.0130,0.01,no
2026-10-05T03:14:31.687695Z,KXBTC15M-26OCT042315-15,0.0140,213.64,no
2026-10-05T03:14:31.745557Z,KXBTC15M-26OCT042315-15,0.0150,1.00,yes
2026-10-05T03:14:31.745557Z,KXBTC15M-26OCT042315-15,0.0170,1.00,yes
2026-10-05T03:14:31.745557Z,KXBTC15M-26OCT042315-15,0.0150,0.01,yes
2026-10-05T03:14:31.745557Z,KXBTC15M-26OCT042315-15,0.0170,0.01,yes
2026-10-05T03:14:31.745557Z,KXBTC15M-26OCT042315-15,0.0150,0.01,yes
2026-10-05T03:14:31.745557Z,KXBTC15M-26OCT042315-15,0.0170,35.00,yes
2026-10-05T03:14:31.745557Z,KXBTC15M-26OCT042315-15,0.0170,0.01,yes
2026-10-05T03:14:31.745557Z,KXBTC15M-26OCT042315-15,0.0190,14.94,yes
2026-10-05T03:14:31.747913Z,KXBTC15M-26OCT042315-15,0.0140,0.01,no
2026-10-05T03:14:31.747913Z,KXBTC15M-26OCT042315-15,0.0140,0.01,no
2026-10-05T03:14:31.747913Z,KXBTC15M-26OCT042315-15,0.0120,47.72,no
2026-10-05T03:14:31.747913Z,KXBTC15M-26OCT042315-15,0.0130,14.00,no
2026-10-05T03:14:31.769229Z,KXBTC15M-26OCT042315-15,0.0130,0.01,no
2026-10-05T03:14:31.769229Z,KXBTC15M-26OCT042315-15,0.0130,2.19,no
2026-10-05T03:14:31.769229Z,KXBTC15M-26OCT042315-15,0.0130,0.01,no
2026-10-05T03:14:31.776045Z,KXBTC15M-26OCT042315-15,0.0150,0.01,yes
2026-10-05T03:14:31.776045Z,KXBTC15M-26OCT042315-15,0.0150,0.01,yes
2026-10-05T03:14:31.776045Z,KXBTC15M-26OCT042315-15,0.0170,53.91,yes
2026-10-05T03:14:31.832852Z,KXBTC15M-26OCT042315-15,0.0130,0.98,no
2026-10-05T03:14:31.832852Z,KXBTC15M-26OCT042315-15,0.0130,0.01,no
2026-10-05T03:14:31.832852Z,KXBTC15M-26OCT042315-15,0.0130,0.01,no
2026-10-05T03:14:31.8347Z,KXBTC15M-26OCT042315-15,0.0130,13.02,no
2026-10-05T03:14:31.8347Z,KXBTC15M-26OCT042315-15,0.0120,1926.26,no
2026-10-05T03:14:31.867028Z,KXBTC15M-26OCT042315-15,0.0120,0.01,no
2026-10-05T03:14:31.867028Z,KXBTC15M-26OCT042315-15,0.0120,0.01,no
2026-10-05T03:14:31.867028Z,KXBTC15M-26OCT042315-15,0.0120,15.00,no
2026-10-05T03:14:31.867028Z,KXBTC15M-26OCT042315-15,0.0130,0.01,no
2026-10-05T03:14:31.867028Z,KXBTC15M-26OCT042315-15,0.0130,0.01,no
2026-10-05T03:14:31.867028Z,KXBTC15M-26OCT042315-15,0.0110,4.39,no
2026-10-05T03:14:31.915963Z,KXBTC15M-26OCT042315-15,0.0150,270.59,yes
2026-10-05T03:14:31.942204Z,KXBTC15M-26OCT042315-15,0.0110,24.90,no
2026-10-05T03:14:31.962759Z,KXBTC15M-26OCT042315-15,0.0110,0.01,no
2026-10-05T03:14:31.962759Z,KXBTC15M-26OCT042315-15,0.0110,0.01,no
2026-10-05T03:14:31.962759Z,KXBTC15M-26OCT042315-15,0.0110,17.00,no
2026-10-05T03:14:31.962759Z,KXBTC15M-26OCT042315-15,0.0100,294.76,no
2026-10-05T03:14:31.962759Z,KXBTC15M-26OCT042315-15,0.0100,677.89,no
2026-10-05T03:14:31.96513Z,KXBTC15M-26OCT042315-15,0.0100,25.00,no
2026-10-05T03:14:31.981403Z,KXBTC15M-26OCT042315-15,0.0140,20.00,yes
2026-10-05T03:14:32.003176Z,KXBTC15M-26OCT042315-15,0.0110,0.01,no
2026-10-05T03:14:32.003176Z,KXBTC15M-26OCT042315-15,0.0110,0.01,no
2026-10-05T03:14:32.003176Z,KXBTC15M-26OCT042315-15,0.0110,1.20,no
2026-10-05T03:14:32.032826Z,KXBTC15M-26OCT042315-15,0.0140,11.35,yes
2026-10-05T03:14:32.048864Z,KXBTC15M-26OCT042315-15,0.0110,0.01,no
2026-10-05T03:14:32.048864Z,KXBTC15M-26OCT042315-15,0.0110,0.01,no
2026-10-05T03:14:32.048864Z,KXBTC15M-26OCT042315-15,0.0110,17.00,no
2026-10-05T03:14:32.048864Z,KXBTC15M-26OCT042315-15,0.0100,30.24,no
2026-10-05T03:14:32.048864Z,KXBTC15M-26OCT042315-15,0.0100,202.74,no
2026-10-05T03:14:32.05011Z,KXBTC15M-26OCT042315-15,0.0100,1765.83,no
2026-10-05T03:14:32.055195Z,KXBTC15M-26OCT042315-15,0.0110,0.01,no
2026-10-05T03:14:32.055195Z,KXBTC15M-26OCT042315-15,0.0100,249.99,no
2026-10-05T03:14:32.06265Z,KXBTC15M-26OCT042315-15,0.0110,17.00,no
2026-10-05T03:14:32.06265Z,KXBTC15M-26OCT042315-15,0.0100,233.00,no
2026-10-05T03:14:32.069544Z,KXBTC15M-26OCT042315-15,0.0110,0.01,no
2026-10-05T03:14:32.069544Z,KXBTC15M-26OCT042315-15,0.0100,249.99,no
2026-10-05T03:14:32.073205Z,KXBTC15M-26OCT042315-15,0.0140,0.01,yes
2026-10-05T03:14:32.073205Z,KXBTC15M-26OCT042315-15,0.0140,0.01,yes
2026-10-05T03:14:32.073205Z,KXBTC15M-26OCT042315-15,0.0130,1.00,yes
2026-10-05T03:14:32.073205Z,KXBTC15M-26OCT042315-15,0.0140,10.65,yes
2026-10-05T03:14:32.073205Z,KXBTC15M-26OCT042315-15,0.0130,0.01,yes
2026-10-05T03:14:32.073205Z,KXBTC15M-26OCT042315-15,0.0130,0.01,yes
2026-10-05T03:14:32.073205Z,KXBTC15M-26OCT042315-15,0.0140,233.59,yes
2026-10-05T03:14:32.075248Z,KXBTC15M-26OCT042315-15,0.0100,250.00,no
2026-10-05T03:14:32.081547Z,KXBTC15M-26OCT042315-15,0.0110,0.01,no
2026-10-05T03:14:32.081547Z,KXBTC15M-26OCT042315-15,0.0110,0.01,no
2026-10-05T03:14:32.081547Z,KXBTC15M-26OCT042315-15,0.0110,17.00,no
2026-10-05T03:14:32.081547Z,KXBTC15M-26OCT042315-15,0.0100,232.98,no
2026-10-05T03:14:32.086569Z,KXBTC15M-26OCT042315-15,0.0150,458.54,yes
2026-10-05T03:14:32.086569Z,KXBTC15M-26OCT042315-15,0.0140,0.01,yes
2026-10-05T03:14:32.086569Z,KXBTC15M-26OCT042315-15,0.0120,355.00,yes
2026-10-05T03:14:32.086569Z,KXBTC15M-26OCT042315-15,0.0120,0.01,yes
2026-10-05T03:14:32.086569Z,KXBTC15M-26OCT042315-15,0.0120,0.01,yes
2026-10-05T03:14:32.086569Z,KXBTC15M-26OCT042315-15,0.0140,0.01,yes
2026-10-05T03:14:32.08665Z,KXBTC15M-26OCT042315-15,0.0110,17.00,no
2026-10-05T03:14:32.08665Z,KXBTC15M-26OCT042315-15,0.0100,233.00,no
2026-10-05T03:14:32.088607Z,KXBTC15M-26OCT042315-15,0.0110,0.01,no
2026-10-05T03:14:32.088607Z,KXBTC15M-26OCT042315-15,0.0110,0.01,no
2026-10-05T03:14:32.088607Z,KXBTC15M-26OCT042315-15,0.0100,96.59,no
2026-10-05T03:14:32.091262Z,KXBTC15M-26OCT042315-15,0.0100,250.00,no
2026-10-05T03:14:32.096704Z,KXBTC15M-26OCT042315-15,0.0110,0.01,no
2026-10-05T03:14:32.096704Z,KXBTC15M-26OCT042315-15,0.0110,0.01,no
2026-10-05T03:14:32.096704Z,KXBTC15M-26OCT042315-15,0.0100,249.98,no
2026-10-05T03:14:32.102316Z,KXBTC15M-26OCT042315-15,0.0100,1112.00,no
2026-10-05T03:14:32.117053Z,KXBTC15M-26OCT042315-15,0.0110,8.98,no
2026-10-05T03:14:32.117053Z,KXBTC15M-26OCT042315-15,0.0110,0.01,no
2026-10-05T03:14:32.117053Z,KXBTC15M-26OCT042315-15,0.0110,0.01,no
2026-10-05T03:14:32.171238Z,KXBTC15M-26OCT042315-15,0.0110,17.23,no
2026-10-05T03:14:32.171238Z,KXBTC15M-26OCT042315-15,0.0110,8.02,no
2026-10-05T03:14:32.180321Z,KXBTC15M-26OCT042315-15,0.0120,96.51,yes
2026-10-05T03:14:32.180321Z,KXBTC15M-26OCT042315-15,0.0120,0.01,yes
2026-10-05T03:14:32.180321Z,KXBTC15M-26OCT042315-15,0.0120,1.00,yes
2026-10-05T03:14:32.180321Z,KXBTC15M-26OCT042315-15,0.0120,0.01,yes
2026-10-05T03:14:32.230291Z,KXBTC15M-26OCT042315-15,0.0120,54.21,yes
2026-10-05T03:14:32.235708Z,KXBTC15M-26OCT042315-15,0.0120,573.63,yes
2026-10-05T03:14:32.236308Z,KXBTC15M-26OCT042315-15,0.0110,980.77,no
2026-10-05T03:14:32.236308Z,KXBTC15M-26OCT042315-15,0.0110,1356.37,no
2026-10-05T03:14:32.236584Z,KXBTC15M-26OCT042315-15,0.0120,69.41,yes
2026-10-05T03:14:32.239118Z,KXBTC15M-26OCT042315-15,0.0120,3.12,yes
2026-10-05T03:14:32.239836Z,KXBTC15M-26OCT042315-15,0.0120,0.02,yes
2026-10-05T03:14:32.242307Z,KXBTC15M-26OCT042315-15,0.0120,1.27,yes
2026-10-05T03:14:32.243323Z,KXBTC15M-26OCT042315-15,0.0120,69.41,yes
2026-10-05T03:14:32.24482Z,KXBTC15M-26OCT042315-15,0.0120,2.23,yes
2026-10-05T03:14:32.245268Z,KXBTC15M-26OCT042315-15,0.0120,3.43,yes
2026-10-05T03:14:32.247344Z,KXBTC15M-26OCT042315-15,0.0120,2.35,yes
2026-10-05T03:14:32.247959Z,KXBTC15M-26OCT042315-15,0.0120,1.40,yes
2026-10-05T03:14:32.248557Z,KXBTC15M-26OCT042315-15,0.0120,4.38,yes
2026-10-05T03:14:32.249566Z,KXBTC15M-26OCT042315-15,0.0120,2.34,yes
2026-10-05T03:14:32.253129Z,KXBTC15M-26OCT042315-15,0.0120,3.20,yes
2026-10-05T03:14:32.254406Z,KXBTC15M-26OCT042315-15,0.0120,1.05,yes
2026-10-05T03:14:32.256005Z,KXBTC15M-26OCT042315-15,0.0120,1.49,yes
2026-10-05T03:14:32.268778Z,KXBTC15M-26OCT042315-15,0.0120,4.80,yes
2026-10-05T03:14:32.333548Z,KXBTC15M-26OCT042315-15,0.0120,15.59,yes
2026-10-05T03:14:32.34099Z,KXBTC15M-26OCT042315-15,0.0110,0.01,no
2026-10-05T03:14:32.34099Z,KXBTC15M-26OCT042315-15,0.0110,8.02,no
2026-10-05T03:14:32.34099Z,KXBTC15M-26OCT042315-15,0.0110,8.98,no
2026-10-05T03:14:32.34099Z,KXBTC15M-26OCT042315-15,0.0110,0.01,no
2026-10-05T03:14:32.34099Z,KXBTC15M-26OCT042315-15,0.0100,39.30,no
2026-10-05T03:14:32.34722Z,KXBTC15M-26OCT042315-15,0.0100,9.00,no
2026-10-05T03:14:32.348058Z,KXBTC15M-26OCT042315-15,0.0100,8.02,no
2026-10-05T03:14:32.348675Z,KXBTC15M-26OCT042315-15,0.0100,39.30,no
2026-10-05T03:14:32.351701Z,KXBTC15M-26OCT042315-15,0.0100,6.33,no
2026-10-05T03:14:32.353925Z,KXBTC15M-26OCT042315-15,0.0100,1.90,no
2026-10-05T03:14:32.354539Z,KXBTC15M-26OCT042315-15,0.0100,18.36,no
2026-10-05T03:14:32.363508Z,KXBTC15M-26OCT042315-15,0.0110,0.01,no
2026-10-05T03:14:32.363508Z,KXBTC15M-26OCT042315-15,0.0110,1.14,no
2026-10-05T03:14:32.363508Z,KXBTC15M-26OCT042315-15,0.0110,1.19,no
2026-10-05T03:14:32.363508Z,KXBTC15M-26OCT042315-15,0.0110,0.01,no
2026-10-05T03:14:32.363508Z,KXBTC15M-26OCT042315-15,0.0100,2.93,no
2026-10-05T03:14:32.430891Z,KXBTC15M-26OCT042315-15,0.0150,200.70,yes
2026-10-05T03:14:32.430891Z,KXBTC15M-26OCT042315-15,0.0120,1994.16,yes
2026-10-05T03:14:32.430891Z,KXBTC15M-26OCT042315-15,0.0120,0.01,yes
2026-10-05T03:14:32.430891Z,KXBTC15M-26OCT042315-15,0.0120,0.01,yes
2026-10-05T03:14:32.444789Z,KXBTC15M-26OCT042315-15,0.0150,117.17,yes
2026-10-05T03:14:32.444789Z,KXBTC15M-26OCT042315-15,0.0120,0.01,yes
2026-10-05T03:14:32.444789Z,KXBTC15M-26OCT042315-15,0.0120,0.01,yes
2026-10-05T03:14:32.4539Z,KXBTC15M-26OCT042315-15,0.0160,27.29,yes
2026-10-05T03:14:32.4539Z,KXBTC15M-26OCT042315-15,0.0120,0.01,yes
2026-10-05T03:14:32.4539Z,KXBTC15M-26OCT042315-15,0.0120,0.01,yes
2026-10-05T03:14:32.488292Z,KXBTC15M-26OCT042315-15,0.0150,5.05,no
2026-10-05T03:14:32.488351Z,KXBTC15M-26OCT042315-15,0.0110,0.01,no
2026-10-05T03:14:32.488351Z,KXBTC15M-26OCT042315-15,0.0110,0.01,no
2026-10-05T03:14:32.488351Z,KXBTC15M-26OCT042315-15,0.0110,13.81,no
2026-10-05T03:14:32.488351Z,KXBTC15M-26OCT042315-15,0.0150,0.01,no
2026-10-05T03:14:32.488351Z,KXBTC15M-26OCT042315-15,0.0120,0.01,no
2026-10-05T03:14:32.488351Z,KXBTC15M-26OCT042315-15,0.0150,0.01,no
2026-10-05T03:14:32.488351Z,KXBTC15M-26OCT042315-15,0.0120,0.01,no
2026-10-05T03:14:32.494589Z,KXBTC15M-26OCT042315-15,0.0160,2.58,yes
2026-10-05T03:14:32.529131Z,KXBTC15M-26OCT042315-15,0.0170,43.00,yes
2026-10-05T03:14:32.529131Z,KXBTC15M-26OCT042315-15,0.0160,0.01,yes
2026-10-05T03:14:32.529131Z,KXBTC15M-26OCT042315-15,0.0170,0.01,yes
2026-10-05T03:14:32.529131Z,KXBTC15M-26OCT042315-15,0.0170,0.01,yes
2026-10-05T03:14:32.529131Z,KXBTC15M-26OCT042315-15,0.0180,124.15,yes
2026-10-05T03:14:32.529131Z,KXBTC15M-26OCT042315-15,0.0160,0.01,yes
2026-10-05T03:14:32.56442Z,KXBTC15M-26OCT042315-15,0.0170,109.30,yes
2026-10-05T03:14:32.56442Z,KXBTC15M-26OCT042315-15,0.0170,0.01,yes
2026-10-05T03:14:32.56442Z,KXBTC15M-26OCT042315-15,0.0170,0.01,yes
2026-10-05T03:14:32.56442Z,KXBTC15M-26OCT042315-15,0.0170,1.00,yes
2026-10-05T03:14:32.652323Z,KXBTC15M-26OCT042315-15,0.0170,0.01,yes
2026-10-05T03:14:32.652323Z,KXBTC15M-26OCT042315-15,0.0160,0.01,yes
2026-10-05T03:14:32.652323Z,KXBTC15M-26OCT042315-15,0.0170,0.01,yes
2026-10-05T03:14:32.652323Z,KXBTC15M-26OCT042315-15,0.0160,0.01,yes
2026-10-05T03:14:32.652323Z,KXBTC15M-26OCT042315-15,0.0160,1.00,yes
2026-10-05T03:14:32.652323Z,KXBTC15M-26OCT042315-15,0.0170,2.57,yes
2026-10-05T03:14:32.68068Z,KXBTC15M-26OCT042315-15,0.0150,0.01,no
2026-10-05T03:14:32.68068Z,KXBTC15M-26OCT042315-15,0.0150,0.01,no
2026-10-05T03:14:32.739756Z,KXBTC15M-26OCT042315-15,0.0150,0.01,no
2026-10-05T03:14:32.739756Z,KXBTC15M-26OCT042315-15,0.0150,0.01,no
2026-10-05T03:14:32.828731Z,KXBTC15M-26OCT042315-15,0.0110,3.19,no
2026-10-05T03:14:32.828731Z,KXBTC15M-26OCT042315-15,0.0150,0.01,no
2026-10-05T03:14:32.828731Z,KXBTC15M-26OCT042315-15,0.0150,0.01,no
2026-10-05T03:14:32.828731Z,KXBTC15M-26OCT042315-15,0.0110,13.81,no
2026-10-05T03:14:32.828731Z,KXBTC15M-26OCT042315-15,0.0150,109.30,no
2026-10-05T03:14:32.861334Z,KXBTC15M-26OCT042315-15,0.0150,0.01,no
2026-10-05T03:14:32.861334Z,KXBTC15M-26OCT042315-15,0.0150,64.00,no
2026-10-05T03:14:32.861334Z,KXBTC15M-26OCT042315-15,0.0150,0.01,no
2026-10-05T03:14:32.861334Z,KXBTC15M-26OCT042315-15,0.0150,64.00,no
2026-10-05T03:14:32.886138Z,KXBTC15M-26OCT042315-15,0.0160,34.00,yes
2026-10-05T03:14:32.886138Z,KXBTC15M-26OCT042315-15,0.0170,13.00,yes
2026-10-05T03:14:32.886138Z,KXBTC15M-26OCT042315-15,0.0130,0.01,yes
2026-10-05T03:14:32.886138Z,KXBTC15M-26OCT042315-15,0.0130,0.01,yes
2026-10-05T03:14:32.886138Z,KXBTC15M-26OCT042315-15,0.0160,0.01,yes
2026-10-05T03:14:32.886138Z,KXBTC15M-26OCT042315-15,0.0180,145.24,yes
2026-10-05T03:14:32.886138Z,KXBTC15M-26OCT042315-15,0.0130,71.98,yes
2026-10-05T03:14:32.886138Z,KXBTC15M-26OCT042315-15,0.0160,0.01,yes
2026-10-05T03:14:32.888955Z,KXBTC15M-26OCT042315-15,0.0180,188.32,yes
2026-10-05T03:14:32.908722Z,KXBTC15M-26OCT042315-15,0.0170,1.00,yes
2026-10-05T03:14:32.908722Z,KXBTC15M-26OCT042315-15,0.0130,0.01,yes
2026-10-05T03:14:32.908722Z,KXBTC15M-26OCT042315-15,0.0130,0.01,yes
2026-10-05T03:14:32.908722Z,KXBTC15M-26OCT042315-15,0.0160,0.01,yes
2026-10-05T03:14:32.908722Z,KXBTC15M-26OCT042315-15,0.0180,24.39,yes
2026-10-05T03:14:32.919479Z,KXBTC15M-26OCT042315-15,0.0180,47.65,yes
2026-10-05T03:14:32.919479Z,KXBTC15M-26OCT042315-15,0.0170,0.01,yes
2026-10-05T03:14:32.919479Z,KXBTC15M-26OCT042315-15,0.0160,0.01,yes
2026-10-05T03:14:32.939515Z,KXBTC15M-26OCT042315-15,0.0120,0.01,no
2026-10-05T03:14:32.939515Z,KXBTC15M-26OCT042315-15,0.0120,0.01,no
2026-10-05T03:14:32.939515Z,KXBTC15M-26OCT042315-15,0.0120,4.97,no
2026-10-05T03:14:32.945557Z,KXBTC15M-26OCT042315-15,0.0150,64.00,no
2026-10-05T03:14:32.954729Z,KXBTC15M-26OCT042315-15,0.0160,103.90,yes
2026-10-05T03:14:32.954729Z,KXBTC15M-26OCT042315-15,0.0160,0.01,yes
2026-10-05T03:14:32.954729Z,KXBTC15M-26OCT042315-15,0.0160,0.01,yes
2026-10-05T03:14:32.959895Z,KXBTC15M-26OCT042315-15,0.0120,4.97,no
2026-10-05T03:14:32.959895Z,KXBTC15M-26OCT042315-15,0.0110,0.01,no
2026-10-05T03:14:32.959895Z,KXBTC15M-26OCT042315-15,0.0120,0.01,no
2026-10-05T03:14:32.959895Z,KXBTC15M-26OCT042315-15,0.0120,5.06,no
2026-10-05T03:14:32.959895Z,KXBTC15M-26OCT042315-15,0.0120,0.01,no
2026-10-05T03:14:32.959895Z,KXBTC15M-26OCT042315-15,0.0110,0.01,no
2026-10-05T03:14:32.959895Z,KXBTC15M-26OCT042315-15,0.0120,4.97,no
2026-10-05T03:14:32.959895Z,KXBTC15M-26OCT042315-15,0.0110,68.00,no
2026-10-05T03:14:32.959895Z,KXBTC15M-26OCT042315-15,0.0100,10.02,no
2026-10-05T03:14:32.961796Z,KXBTC15M-26OCT042315-15,0.0180,48.27,yes
2026-10-05T03:14:32.961796Z,KXBTC15M-26OCT042315-15,0.0160,0.01,yes
2026-10-05T03:14:32.974921Z,KXBTC15M-26OCT042315-15,0.0180,29.98,yes
2026-10-05T03:14:32.974921Z,KXBTC15M-26OCT042315-15,0.0180,214.26,yes
2026-10-05T03:14:32.974921Z,KXBTC15M-26OCT042315-15,0.0160,0.01,yes
2026-10-05T03:14:32.974921Z,KXBTC15M-26OCT042315-15,0.0170,13.00,yes
2026-10-05T03:14:32.984083Z,KXBTC15M-26OCT042315-15,0.0170,1.23,yes
2026-10-05T03:14:33.025932Z,KXBTC15M-26OCT042315-15,0.0160,50.00,yes
2026-10-05T03:14:33.025932Z,KXBTC15M-26OCT042315-15,0.0160,0.01,yes
2026-10-05T03:14:33.025932Z,KXBTC15M-26OCT042315-15,0.0160,0.01,yes
2026-10-05T03:14:33.025932Z,KXBTC15M-26OCT042315-15,0.0180,43.53,yes
2026-10-05T03:14:33.025932Z,KXBTC15M-26OCT042315-15,0.0170,1.23,yes
2026-10-05T03:14:33.025932Z,KXBTC15M-26OCT042315-15,0.0170,11.77,yes
2026-10-05T03:14:33.025932Z,KXBTC15M-26OCT042315-15,0.0170,0.01,yes
2026-10-05T03:14:33.058442Z,KXBTC15M-26OCT042315-15,0.0150,64.00,no
2026-10-05T03:14:33.059167Z,KXBTC15M-26OCT042315-15,0.0160,0.01,yes
2026-10-05T03:14:33.059167Z,KXBTC15M-26OCT042315-15,0.0170,13.00,yes
2026-10-05T03:14:33.059167Z,KXBTC15M-26OCT042315-15,0.0170,0.01,yes
2026-10-05T03:14:33.059167Z,KXBTC15M-26OCT042315-15,0.0160,0.01,yes
2026-10-05T03:14:33.059167Z,KXBTC15M-26OCT042315-15,0.0180,506.75,yes
2026-10-05T03:14:33.06744Z,KXBTC15M-26OCT042315-15,0.0150,64.00,no
2026-10-05T03:14:33.06744Z,KXBTC15M-26OCT042315-15,0.0130,283.17,no
2026-10-05T03:14:33.06744Z,KXBTC15M-26OCT042315-15,0.0150,0.01,no
2026-10-05T03:14:33.06744Z,KXBTC15M-26OCT042315-15,0.0150,0.01,no
2026-10-05T03:14:33.085458Z,KXBTC15M-26OCT042315-15,0.0150,0.01,no
2026-10-05T03:14:33.08753Z,KXBTC15M-26OCT042315-15,0.0120,986.00,no
2026-10-05T03:14:33.08753Z,KXBTC15M-26OCT042315-15,0.0130,14.00,no
2026-10-05T03:14:33.114725Z,KXBTC15M-26OCT042315-15,0.0120,0.01,no
2026-10-05T03:14:33.114725Z,KXBTC15M-26OCT042315-15,0.0110,8.96,no
2026-10-05T03:14:33.114725Z,KXBTC15M-26OCT042315-15,0.0120,0.01,no
2026-10-05T03:14:33.114725Z,KXBTC15M-26OCT042315-15,0.0130,0.01,no
2026-10-05T03:14:33.114725Z,KXBTC15M-26OCT042315-15,0.0130,0.01,no
2026-10-05T03:14:33.224436Z,KXBTC15M-26OCT042315-15,0.0100,5680.75,no
2026-10-05T03:14:33.224436Z,KXBTC15M-26OCT042315-15,0.0110,0.01,no
2026-10-05T03:14:33.224436Z,KXBTC15M-26OCT042315-15,0.0110,0.01,no
2026-10-05T03:14:33.224436Z,KXBTC15M-26OCT042315-15,0.0110,17.00,no
2026-10-05T03:14:33.226598Z,KXBTC15M-26OCT042315-15,0.0140,105.08,yes
2026-10-05T03:14:33.226598Z,KXBTC15M-26OCT042315-15,0.0140,1.00,yes
2026-10-05T03:14:33.230616Z,KXBTC15M-26OCT042315-15,0.0140,0.01,yes
2026-10-05T03:14:33.230616Z,KXBTC15M-26OCT042315-15,0.0140,224.92,yes
2026-10-05T03:14:33.230616Z,KXBTC15M-26OCT042315-15,0.0140,87.56,yes
2026-10-05T03:14:33.230616Z,KXBTC15M-26OCT042315-15,0.0140,0.01,yes
2026-10-05T03:14:33.262888Z,KXBTC15M-26OCT042315-15,0.0100,227.49,no
2026-10-05T03:14:33.317698Z,KXBTC15M-26OCT042315-15,0.0130,1.00,yes
2026-10-05T03:14:33.317698Z,KXBTC15M-26OCT042315-15,0.0130,102.00,yes
2026-10-05T03:14:33.317698Z,KXBTC15M-26OCT042315-15,0.0130,156.41,yes
2026-10-05T03:14:33.44152Z,KXBTC15M-26OCT042315-15,0.0100,40.00,no
2026-10-05T03:14:33.458953Z,KXBTC15M-26OCT042315-15,0.0130,102.44,yes
2026-10-05T03:14:33.458953Z,KXBTC15M-26OCT042315-15,0.0120,0.01,yes
2026-10-05T03:14:33.458953Z,KXBTC15M-26OCT042315-15,0.0120,1.00,yes
2026-10-05T03:14:33.458953Z,KXBTC15M-26OCT042315-15,0.0120,0.01,yes
2026-10-05T03:14:33.573135Z,KXBTC15M-26OCT042315-15,0.0120,0.01,yes
2026-10-05T03:14:33.573135Z,KXBTC15M-26OCT042315-15,0.0120,12.48,yes
2026-10-05T03:14:33.573135Z,KXBTC15M-26OCT042315-15,0.0120,0.01,yes
2026-10-05T03:14:33.610558Z,KXBTC15M-26OCT042315-15,0.0120,4.95,yes
2026-10-05T03:14:33.610558Z,KXBTC15M-26OCT042315-15,0.0110,0.01,yes
2026-10-05T03:14:33.610558Z,KXBTC15M-26OCT042315-15,0.0110,0.01,yes
2026-10-05T03:14:33.625963Z,KXBTC15M-26OCT042315-15,0.0100,10.09,no
2026-10-05T03:14:33.642584Z,KXBTC15M-26OCT042315-15,0.0110,58.98,yes
2026-10-05T03:14:33.642584Z,KXBTC15M-26OCT042315-15,0.0110,0.01,yes
2026-10-05T03:14:33.642584Z,KXBTC15M-26OCT042315-15,0.0110,0.01,yes
2026-10-05T03:14:33.64918Z,KXBTC15M-26OCT042315-15,0.0110,114.70,yes
2026-10-05T03:14:33.756584Z,KXBTC15M-26OCT042315-15,0.0110,6.00,yes
2026-10-05T03:14:33.756584Z,KXBTC15M-26OCT042315-15,0.0140,191.91,yes
2026-10-05T03:14:33.756584Z,KXBTC15M-26OCT042315-15,0.0110,0.01,yes
2026-10-05T03:14:33.756584Z,KXBTC15M-26OCT042315-15,0.0110,48.32,yes
2026-10-05T03:14:33.756584Z,KXBTC15M-26OCT042315-15,0.0110,0.01,yes
2026-10-05T03:14:33.829128Z,KXBTC15M-26OCT042315-15,0.0140,60.98,yes
2026-10-05T03:14:33.829128Z,KXBTC15M-26OCT042315-15,0.0110,0.01,yes
2026-10-05T03:14:33.829128Z,KXBTC15M-26OCT042315-15,0.0110,0.01,yes
2026-10-05T03:14:33.841978Z,KXBTC15M-26OCT042315-15,0.0140,259.41,yes
2026-10-05T03:14:33.889724Z,KXBTC15M-26OCT042315-15,0.0110,0.86,no
2026-10-05T03:14:33.889724Z,KXBTC15M-26OCT042315-15,0.0110,1.14,no
2026-10-05T03:14:33.926092Z,KXBTC15M-26OCT042315-15,0.0160,13.00,yes
2026-10-05T03:14:33.926092Z,KXBTC15M-26OCT042315-15,0.0140,0.01,yes
2026-10-05T03:14:33.926092Z,KXBTC15M-26OCT042315-15,0.0170,48.87,yes
2026-10-05T03:14:33.926092Z,KXBTC15M-26OCT042315-15,0.0140,0.01,yes
2026-10-05T03:14:33.926092Z,KXBTC15M-26OCT042315-15,0.0140,200.14,yes
2026-10-05T03:14:33.934215Z,KXBTC15M-26OCT042315-15,0.0140,0.01,yes
2026-10-05T03:14:34.047756Z,KXBTC15M-26OCT042315-15,0.0170,5.51,yes
2026-10-05T03:14:34.058529Z,KXBTC15M-26OCT042315-15,0.0130,0.01,no
2026-10-05T03:14:34.058529Z,KXBTC15M-26OCT042315-15,0.0110,46.32,no
2026-10-05T03:14:34.058529Z,KXBTC15M-26OCT042315-15,0.0120,1.20,no
2026-10-05T03:14:34.058529Z,KXBTC15M-26OCT042315-15,0.0150,0.01,no
2026-10-05T03:14:34.058529Z,KXBTC15M-26OCT042315-15,0.0150,0.01,no
2026-10-05T03:14:34.058529Z,KXBTC15M-26OCT042315-15,0.0130,0.01,no
2026-10-05T03:14:34.058529Z,KXBTC15M-26OCT042315-15,0.0150,14.00,no
2026-10-05T03:14:34.058605Z,KXBTC15M-26OCT042315-15,0.0110,32.68,no
2026-10-05T03:14:34.061431Z,KXBTC15M-26OCT042315-15,0.0100,1.51,no
2026-10-05T03:14:34.061431Z,KXBTC15M-26OCT042315-15,0.0160,0.01,no
2026-10-05T03:14:34.061431Z,KXBTC15M-26OCT042315-15,0.0160,0.01,no
2026-10-05T03:14:34.064134Z,KXBTC15M-26OCT042315-15,0.0100,12.49,no
2026-10-05T03:14:34.06423Z,KXBTC15M-26OCT042315-15,0.0120,1.22,no
2026-10-05T03:14:34.064564Z,KXBTC15M-26OCT042315-15,0.0100,32.54,no
2026-10-05T03:14:34.064564Z,KXBTC15M-26OCT042315-15,0.0120,13.78,no
2026-10-05T03:14:34.066374Z,KXBTC15M-26OCT042315-15,0.0110,3.06,no
2026-10-05T03:14:34.070519Z,KXBTC15M-26OCT042315-15,0.0110,13.70,no
2026-10-05T03:14:34.07066Z,KXBTC15M-26OCT042315-15,0.0110,31.10,no
2026-10-05T03:14:34.07066Z,KXBTC15M-26OCT042315-15,0.0110,0.24,no
2026-10-05T03:14:34.07066Z,KXBTC15M-26OCT042315-15,0.0110,1.20,no
2026-10-05T03:14:34.071101Z,KXBTC15M-26OCT042315-15,0.0110,1.22,no
2026-10-05T03:14:34.071488Z,KXBTC15M-26OCT042315-15,0.0110,5.33,no
2026-10-05T03:14:34.076321Z,KXBTC15M-26OCT042315-15,0.0110,14.09,no
2026-10-05T03:14:34.076423Z,KXBTC15M-26OCT042315-15,0.0110,1.22,no
2026-10-05T03:14:34.076941Z,KXBTC15M-26OCT042315-15,0.0110,1.44,no
2026-10-05T03:14:34.077041Z,KXBTC15M-26OCT042315-15,0.0110,31.10,no
2026-10-05T03:14:34.07755Z,KXBTC15M-26OCT042315-15,0.0110,5.33,no
2026-10-05T03:14:34.082763Z,KXBTC15M-26OCT042315-15,0.0110,14.09,no
2026-10-05T03:14:34.082807Z,KXBTC15M-26OCT042315-15,0.0110,1.44,no
2026-10-05T03:14:34.083382Z,KXBTC15M-26OCT042315-15,0.0110,5.33,no
2026-10-05T03:14:34.085193Z,KXBTC15M-26OCT042315-15,0.0170,0.01,yes
2026-10-05T03:14:34.085193Z,KXBTC15M-26OCT042315-15,0.0170,34.00,yes
2026-10-05T03:14:34.085193Z,KXBTC15M-26OCT042315-15,0.0170,263.49,yes
2026-10-05T03:14:34.085193Z,KXBTC15M-26OCT042315-15,0.0150,0.01,yes
2026-10-05T03:14:34.085193Z,KXBTC15M-26OCT042315-15,0.0170,38.47,yes
2026-10-05T03:14:34.085193Z,KXBTC15M-26OCT042315-15,0.0150,64.00,yes
2026-10-05T03:14:34.085193Z,KXBTC15M-26OCT042315-15,0.0150,0.01,yes
2026-10-05T03:14:34.085193Z,KXBTC15M-26OCT042315-15,0.0170,0.01,yes
2026-10-05T03:14:34.098803Z,KXBTC15M-26OCT042315-15,0.0120,6.00,no
2026-10-05T03:14:34.100005Z,KXBTC15M-26OCT042315-15,0.0120,2.84,no
2026-10-05T03:14:34.114126Z,KXBTC15M-26OCT042315-15,0.0130,2.67,no
2026-10-05T03:14:34.147473Z,KXBTC15M-26OCT042315-15,0.0140,2.66,no
2026-10-05T03:14:34.154946Z,KXBTC15M-26OCT042315-15,0.0160,0.01,yes
2026-10-05T03:14:34.154946Z,KXBTC15M-26OCT042315-15,0.0160,0.01,yes
2026-10-05T03:14:34.154946Z,KXBTC15M-26OCT042315-15,0.0150,0.01,yes
2026-10-05T03:14:34.19893Z,KXBTC15M-26OCT042315-15,0.0170,54.10,yes
2026-10-05T03:14:34.211275Z,KXBTC15M-26OCT042315-15,0.0150,0.01,no
2026-10-05T03:14:34.211275Z,KXBTC15M-26OCT042315-15,0.0150,0.01,no
2026-10-05T03:14:34.211275Z,KXBTC15M-26OCT042315-15,0.0150,0.02,no
2026-10-05T03:14:34.211275Z,KXBTC15M-26OCT042315-15,0.0150,1.19,no
2026-10-05T03:14:34.223797Z,KXBTC15M-26OCT042315-15,0.0150,258.89,no
2026-10-05T03:14:34.236476Z,KXBTC15M-26OCT042315-15,0.0100,1967.82,no
2026-10-05T03:14:34.236476Z,KXBTC15M-26OCT042315-15,0.0140,251.12,no
2026-10-05T03:14:34.236476Z,KXBTC15M-26OCT042315-15,0.0110,17.00,no
2026-10-05T03:14:34.236476Z,KXBTC15M-26OCT042315-15,0.0150,0.01,no
2026-10-05T03:14:34.236476Z,KXBTC15M-26OCT042315-15,0.0150,64.00,no
2026-10-05T03:14:34.236476Z,KXBTC15M-26OCT042315-15,0.0150,0.01,no
2026-10-05T03:14:34.236476Z,KXBTC15M-26OCT042315-15,0.0130,0.01,no
2026-10-05T03:14:34.236476Z,KXBTC15M-26OCT042315-15,0.0130,0.01,no
2026-10-05T03:14:34.236476Z,KXBTC15M-26OCT042315-15,0.0140,0.01,no
2026-10-05T03:14:34.236476Z,KXBTC15M-26OCT042315-15,0.0140,0.01,no
2026-10-05T03:14:34.344384Z,KXBTC15M-26OCT042315-15,0.0100,225.97,no
2026-10-05T03:14:34.344384Z,KXBTC15M-26OCT042315-15,0.0150,0.01,no
2026-10-05T03:14:34.344384Z,KXBTC15M-26OCT042315-15,0.0110,0.01,no
2026-10-05T03:14:34.344384Z,KXBTC15M-26OCT042315-15,0.0110,17.00,no
2026-10-05T03:14:34.344384Z,KXBTC15M-26OCT042315-15,0.0150,1.19,no
2026-10-05T03:14:34.344384Z,KXBTC15M-26OCT042315-15,0.0110,1.14,no
2026-10-05T03:14:34.344384Z,KXBTC15M-26OCT042315-15,0.0110,0.01,no
2026-10-05T03:14:34.344384Z,KXBTC15M-26OCT042315-15,0.0150,0.01,no
2026-10-05T03:14:34.355755Z,KXBTC15M-26OCT042315-15,0.0150,9.00,no
2026-10-05T03:14:34.4846Z,KXBTC15M-26OCT042315-15,0.0160,0.01,yes
2026-10-05T03:14:34.4846Z,KXBTC15M-26OCT042315-15,0.0160,0.01,yes
2026-10-05T03:14:34.4846Z,KXBTC15M-26OCT042315-15,0.0160,41.00,yes
2026-10-05T03:14:34.4846Z,KXBTC15M-26OCT042315-15,0.0180,14.02,yes
2026-10-05T03:14:34.518221Z,KXBTC15M-26OCT042315-15,0.0150,0.01,no
2026-10-05T03:14:34.518221Z,KXBTC15M-26OCT042315-15,0.0150,32.26,no
2026-10-05T03:14:34.518221Z,KXBTC15M-26OCT042315-15,0.0150,0.01,no
2026-10-05T03:14:34.519939Z,KXBTC15M-26OCT042315-15,0.0160,0.01,yes
2026-10-05T03:14:34.519939Z,KXBTC15M-26OCT042315-15,0.0160,0.01,yes
2026-10-05T03:14:34.519939Z,KXBTC15M-26OCT042315-15,0.0160,55.02,yes
2026-10-05T03:14:34.523367Z,KXBTC15M-26OCT042315-15,0.0100,2194.14,no
2026-10-05T03:14:34.523367Z,KXBTC15M-26OCT042315-15,0.0150,31.74,no
2026-10-05T03:14:34.523367Z,KXBTC15M-26OCT042315-15,0.0110,17.00,no
2026-10-05T03:14:34.548387Z,KXBTC15M-26OCT042315-15,0.0160,55.02,yes
2026-10-05T03:14:34.548387Z,KXBTC15M-26OCT042315-15,0.0160,0.01,yes
2026-10-05T03:14:34.548387Z,KXBTC15M-26OCT042315-15,0.0160,0.01,yes
2026-10-05T03:14:34.554799Z,KXBTC15M-26OCT042315-15,0.0160,7.01,yes
2026-10-05T03:14:34.627036Z,KXBTC15M-26OCT042315-15,0.0150,0.01,no
2026-10-05T03:14:34.627036Z,KXBTC15M-26OCT042315-15,0.0140,62.10,no
2026-10-05T03:14:34.627036Z,KXBTC15M-26OCT042315-15,0.0150,0.01,no
2026-10-05T03:14:34.663654Z,KXBTC15M-26OCT042315-15,0.0150,5.05,no
2026-10-05T03:14:34.732373Z,KXBTC15M-26OCT042315-15,0.0160,0.01,yes
2026-10-05T03:14:34.732373Z,KXBTC15M-26OCT042315-15,0.0160,83.03,yes
2026-10-05T03:14:34.732373Z,KXBTC15M-26OCT042315-15,0.0160,0.01,yes
2026-10-05T03:14:34.741044Z,KXBTC15M-26OCT042315-15,0.0100,27.12,no
2026-10-05T03:14:34.741044Z,KXBTC15M-26OCT042315-15,0.0150,0.01,no
2026-10-05T03:14:34.741044Z,KXBTC15M-26OCT042315-15,0.0140,17.90,no
2026-10-05T03:14:34.741044Z,KXBTC15M-26OCT042315-15,0.0110,17.00,no
2026-10-05T03:14:34.741044Z,KXBTC15M-26OCT042315-15,0.0150,0.01,no
2026-10-05T03:14:34.748899Z,KXBTC15M-26OCT042315-15,0.0100,1.79,no
2026-10-05T03:14:34.840123Z,KXBTC15M-26OCT042315-15,0.0160,0.97,yes
2026-10-05T03:14:34.840123Z,KXBTC15M-26OCT042315-15,0.0160,0.01,yes
2026-10-05T03:14:34.840123Z,KXBTC15M-26OCT042315-15,0.0160,0.01,yes
2026-10-05T03:14:34.860179Z,KXBTC15M-26OCT042315-15,0.0140,0.01,no
2026-10-05T03:14:34.860179Z,KXBTC15M-26OCT042315-15,0.0110,17.00,no
2026-10-05T03:14:34.860179Z,KXBTC15M-26OCT042315-15,0.0110,43.34,no
2026-10-05T03:14:34.860179Z,KXBTC15M-26OCT042315-15,0.0140,0.01,no
2026-10-05T03:14:34.898203Z,KXBTC15M-26OCT042315-15,0.0140,0.01,no
2026-10-05T03:14:34.898203Z,KXBTC15M-26OCT042315-15,0.0140,0.01,no
2026-10-05T03:14:34.898547Z,KXBTC15M-26OCT042315-15,0.0100,4.54,no
2026-10-05T03:14:34.898547Z,KXBTC15M-26OCT042315-15,0.0110,17.00,no
2026-10-05T03:14:34.898547Z,KXBTC15M-26OCT042315-15,0.0110,0.01,no
2026-10-05T03:14:34.912139Z,KXBTC15M-26OCT042315-15,0.0100,66.98,no
2026-10-05T03:14:34.912139Z,KXBTC15M-26OCT042315-15,0.0140,0.01,no
2026-10-05T03:14:34.924859Z,KXBTC15M-26OCT042315-15,0.0110,6.00,no
2026-10-05T03:14:34.935888Z,KXBTC15M-26OCT042315-15,0.0110,0.01,no
2026-10-05T03:14:34.935888Z,KXBTC15M-26OCT042315-15,0.0110,0.01,no
2026-10-05T03:14:34.935888Z,KXBTC15M-26OCT042315-15,0.0110,15.98,no
2026-10-05T03:14:34.939282Z,KXBTC15M-26OCT042315-15,0.0110,14.99,no
2026-10-05T03:14:34.939282Z,KXBTC15M-26OCT042315-15,0.0110,1.02,no
2026-10-05T03:14:34.942572Z,KXBTC15M-26OCT042315-15,0.0110,16.02,no
2026-10-05T03:14:34.947835Z,KXBTC15M-26OCT042315-15,0.0110,2.93,no
2026-10-05T03:14:34.947835Z,KXBTC15M-26OCT042315-15,0.0110,0.01,no
2026-10-05T03:14:34.947835Z,KXBTC15M-26OCT042315-15,0.0110,24.01,no
2026-10-05T03:14:34.949933Z,KXBTC15M-26OCT042315-15,0.0120,5.10,yes
2026-10-05T03:14:34.949933Z,KXBTC15M-26OCT042315-15,0.0120,7.70,yes
2026-10-05T03:14:34.949933Z,KXBTC15M-26OCT042315-15,0.0130,40.35,yes
2026-10-05T03:14:34.949933Z,KXBTC15M-26OCT042315-15,0.0120,0.01,yes
2026-10-05T03:14:34.949933Z,KXBTC15M-26OCT042315-15,0.0120,0.01,yes
2026-10-05T03:14:34.979477Z,KXBTC15M-26OCT042315-15,0.0120,6.00,yes
2026-10-05T03:14:34.979477Z,KXBTC15M-26OCT042315-15,0.0120,0.01,yes
2026-10-05T03:14:34.979477Z,KXBTC15M-26OCT042315-15,0.0120,23.22,yes
2026-10-05T03:14:35.028837Z,KXBTC15M-26OCT042315-15,0.0120,11.69,yes
2026-10-05T03:14:35.029574Z,KXBTC15M-26OCT042315-15,0.0120,44.87,yes
2026-10-05T03:14:35.04455Z,KXBTC15M-26OCT042315-15,0.0110,2.07,no
2026-10-05T03:14:35.04455Z,KXBTC15M-26OCT042315-15,0.0110,0.01,no
2026-10-05T03:14:35.04455Z,KXBTC15M-26OCT042315-15,0.0110,0.01,no
2026-10-05T03:14:35.04455Z,KXBTC15M-26OCT042315-15,0.0110,13.05,no
2026-10-05T03:14:35.046716Z,KXBTC15M-26OCT042315-15,0.0120,53.17,yes
2026-10-05T03:14:35.053613Z,KXBTC15M-26OCT042315-15,0.0120,0.01,yes
2026-10-05T03:14:35.053613Z,KXBTC15M-26OCT042315-15,0.0120,24.15,yes
2026-10-05T03:14:35.053613Z,KXBTC15M-26OCT042315-15,0.0120,0.01,yes
2026-10-05T03:14:35.053613Z,KXBTC15M-26OCT042315-15,0.0120,5.05,yes
2026-10-05T03:14:35.053613Z,KXBTC15M-26OCT042315-15,0.0120,0.01,yes
2026-10-05T03:14:35.088244Z,KXBTC15M-26OCT042315-15,0.0110,15.12,no
2026-10-05T03:14:35.088244Z,KXBTC15M-26OCT042315-15,0.0110,0.01,no
2026-10-05T03:14:35.088244Z,KXBTC15M-26OCT042315-15,0.0110,1.88,no
2026-10-05T03:14:35.088244Z,KXBTC15M-26OCT042315-15,0.0110,0.01,no
2026-10-05T03:14:35.147736Z,KXBTC15M-26OCT042315-15,0.0120,105.32,yes
2026-10-05T03:14:35.147736Z,KXBTC15M-26OCT042315-15,0.0120,55.85,yes
2026-10-05T03:14:35.149525Z,KXBTC15M-26OCT042315-15,0.0120,43.68,yes
2026-10-05T03:14:35.149525Z,KXBTC15M-26OCT042315-15,0.0120,0.01,yes
2026-10-05T03:14:35.149525Z,KXBTC15M-26OCT042315-15,0.0120,0.01,yes
2026-10-05T03:14:35.149525Z,KXBTC15M-26OCT042315-15,0.0120,14.43,yes
2026-10-05T03:14:35.150942Z,KXBTC15M-26OCT042315-15,0.0160,5.74,yes
2026-10-05T03:14:35.150942Z,KXBTC15M-26OCT042315-15,0.0170,13.00,yes
2026-10-05T03:14:35.150942Z,KXBTC15M-26OCT042315-15,0.0170,9.63,yes
2026-10-05T03:14:35.150942Z,KXBTC15M-26OCT042315-15,0.0150,64.00,yes
2026-10-05T03:14:35.150942Z,KXBTC15M-26OCT042315-15,0.0120,24.57,yes
2026-10-05T03:14:35.171814Z,KXBTC15M-26OCT042315-15,0.0150,0.01,yes
2026-10-05T03:14:35.171814Z,KXBTC15M-26OCT042315-15,0.0150,56.93,yes
2026-10-05T03:14:35.171814Z,KXBTC15M-26OCT042315-15,0.0120,0.01,yes
2026-10-05T03:14:35.199783Z,KXBTC15M-26OCT042315-15,0.0120,0.01,yes
2026-10-05T03:14:35.199783Z,KXBTC15M-26OCT042315-15,0.0120,0.01,yes
2026-10-05T03:14:35.199783Z,KXBTC15M-26OCT042315-15,0.0150,53.15,yes
2026-10-05T03:14:35.216164Z,KXBTC15M-26OCT042315-15,0.0150,0.01,yes
2026-10-05T03:14:35.216164Z,KXBTC15M-26OCT042315-15,0.0150,0.01,yes
2026-10-05T03:14:35.216164Z,KXBTC15M-26OCT042315-15,0.0160,3.48,yes
2026-10-05T03:14:35.216164Z,KXBTC15M-26OCT042315-15,0.0160,120.00,yes
2026-10-05T03:14:35.216164Z,KXBTC15M-26OCT042315-15,0.0170,25.37,yes
2026-10-05T03:14:35.216164Z,KXBTC15M-26OCT042315-15,0.0170,110.18,yes
2026-10-05T03:14:35.216164Z,KXBTC15M-26OCT042315-15,0.0160,1.00,yes
2026-10-05T03:14:35.253966Z,KXBTC15M-26OCT042315-15,0.0160,0.01,yes
2026-10-05T03:14:35.253966Z,KXBTC15M-26OCT042315-15,0.0160,33.89,yes
2026-10-05T03:14:35.253966Z,KXBTC15M-26OCT042315-15,0.0160,0.01,yes
2026-10-05T03:14:35.272385Z,KXBTC15M-26OCT042315-15,0.0130,109.28,no
2026-10-05T03:14:35.2732Z,KXBTC15M-26OCT042315-15,0.0140,55.81,yes
2026-10-05T03:14:35.274307Z,KXBTC15M-26OCT042315-15,0.0140,2.85,yes
2026-10-05T03:14:35.347533Z,KXBTC15M-26OCT042315-15,0.0130,4.27,no
2026-10-05T03:14:35.389098Z,KXBTC15M-26OCT042315-15,0.0130,0.01,no
2026-10-05T03:14:35.389098Z,KXBTC15M-26OCT042315-15,0.0130,0.01,no
2026-10-05T03:14:35.389098Z,KXBTC15M-26OCT042315-15,0.0130,9.73,no
2026-10-05T03:14:35.389098Z,KXBTC15M-26OCT042315-15,0.0120,1527.98,no
2026-10-05T03:14:35.389098Z,KXBTC15M-26OCT042315-15,0.0130,4.27,no
2026-10-05T03:14:35.389098Z,KXBTC15M-26OCT042315-15,0.0120,458.00,no
2026-10-05T03:14:35.466014Z,KXBTC15M-26OCT042315-15,0.0120,0.01,no
2026-10-05T03:14:35.466014Z,KXBTC15M-26OCT042315-15,0.0110,8.96,no
2026-10-05T03:14:35.466014Z,KXBTC15M-26OCT042315-15,0.0130,0.01,no
2026-10-05T03:14:35.466014Z,KXBTC15M-26OCT042315-15,0.0120,0.01,no
2026-10-05T03:14:35.466014Z,KXBTC15M-26OCT042315-15,0.0130,0.01,no
2026-10-05T03:14:35.503325Z,KXBTC15M-26OCT042315-15,0.0140,0.01,yes
2026-10-05T03:14:35.503325Z,KXBTC15M-26OCT042315-15,0.0140,2.89,yes
2026-10-05T03:14:35.598599Z,KXBTC15M-26OCT042315-15,0.0140,0.01,yes
2026-10-05T03:14:35.598599Z,KXBTC15M-26OCT042315-15,0.0140,58.45,yes
2026-10-05T03:14:35.598599Z,KXBTC15M-26OCT042315-15,0.0140,0.01,yes
2026-10-05T03:14:35.612139Z,KXBTC15M-26OCT042315-15,0.0140,37.44,yes
2026-10-05T03:14:35.782505Z,KXBTC15M-26OCT042315-15,0.0130,0.01,no
2026-10-05T03:14:35.782505Z,KXBTC15M-26OCT042315-15,0.0130,0.01,no
2026-10-05T03:14:35.782505Z,KXBTC15M-26OCT042315-15,0.0110,9.00,no
2026-10-05T03:14:35.798177Z,KXBTC15M-26OCT042315-15,0.0130,0.01,no
2026-10-05T03:14:35.798177Z,KXBTC15M-26OCT042315-15,0.0110,1.98,no
2026-10-05T03:14:35.798177Z,KXBTC15M-26OCT042315-15,0.0110,0.01,no
2026-10-05T03:14:35.800645Z,KXBTC15M-26OCT042315-15,0.0140,80.00,yes
2026-10-05T03:14:35.800645Z,KXBTC15M-26OCT042315-15,0.0140,0.01,yes
2026-10-05T03:14:35.800645Z,KXBTC15M-26OCT042315-15,0.0150,9.03,yes
2026-10-05T03:14:35.800645Z,KXBTC15M-26OCT042315-15,0.0140,0.01,yes
2026-10-05T03:14:35.805191Z,KXBTC15M-26OCT042315-15,0.0150,0.75,yes
2026-10-05T03:14:35.819049Z,KXBTC15M-26OCT042315-15,0.0150,97.84,yes
2026-10-05T03:14:35.819049Z,KXBTC15M-26OCT042315-15,0.0150,50.22,yes
2026-10-05T03:14:35.918511Z,KXBTC15M-26OCT042315-15,0.0140,128.37,yes
2026-10-05T03:14:35.94651Z,KXBTC15M-26OCT042315-15,0.0140,66.01,yes
2026-10-05T03:14:35.950012Z,KXBTC15M-26OCT042315-15,0.0140,1.00,yes
2026-10-05T03:14:36.037932Z,KXBTC15M-26OCT042315-15,0.0130,0.01,no
2026-10-05T03:14:36.037932Z,KXBTC15M-26OCT042315-15,0.0130,0.01,no
2026-10-05T03:14:36.037932Z,KXBTC15M-26OCT042315-15,0.0110,17.00,no
2026-10-05T03:14:36.08219Z,KXBTC15M-26OCT042315-15,0.0110,4.42,no
2026-10-05T03:14:36.08219Z,KXBTC15M-26OCT042315-15,0.0110,0.01,no
2026-10-05T03:14:36.08219Z,KXBTC15M-26OCT042315-15,0.0110,0.01,no
2026-10-05T03:14:36.120112Z,KXBTC15M-26OCT042315-15,0.0110,0.01,no
2026-10-05T03:14:36.120112Z,KXBTC15M-26OCT042315-15,0.0110,4.98,no
2026-10-05T03:14:36.120112Z,KXBTC15M-26OCT042315-15,0.0110,0.01,no
2026-10-05T03:14:36.131277Z,KXBTC15M-26OCT042315-15,0.0140,49.98,yes
2026-10-05T03:14:36.131277Z,KXBTC15M-26OCT042315-15,0.0140,0.01,yes
2026-10-05T03:14:36.131277Z,KXBTC15M-26OCT042315-15,0.0140,0.01,yes
2026-10-05T03:14:36.135639Z,KXBTC15M-26OCT042315-15,0.0140,24.02,yes
2026-10-05T03:14:36.135639Z,KXBTC15M-26OCT042315-15,0.0150,38.34,yes
2026-10-05T03:14:36.144188Z,KXBTC15M-26OCT042315-15,0.0100,474.77,no
2026-10-05T03:14:36.144188Z,KXBTC15M-26OCT042315-15,0.0110,0.01,no
2026-10-05T03:14:36.144188Z,KXBTC15M-26OCT042315-15,0.0110,0.01,no
2026-10-05T03:14:36.144188Z,KXBTC15M-26OCT042315-15,0.0110,17.00,no
2026-10-05T03:14:36.197262Z,KXBTC15M-26OCT042315-15,0.0150,614.74,yes
2026-10-05T03:14:36.197262Z,KXBTC15M-26OCT042315-15,0.0140,0.01,yes
2026-10-05T03:14:36.197262Z,KXBTC15M-26OCT042315-15,0.0140,0.01,yes
2026-10-05T03:14:36.307157Z,KXBTC15M-26OCT042315-15,0.0130,62.36,yes
2026-10-05T03:14:36.331462Z,KXBTC15M-26OCT042315-15,0.0110,0.01,no
2026-10-05T03:14:36.331462Z,KXBTC15M-26OCT042315-15,0.0110,0.01,no
2026-10-05T03:14:36.331462Z,KXBTC15M-26OCT042315-15,0.0110,17.00,no
2026-10-05T03:14:36.347043Z,KXBTC15M-26OCT042315-15,0.0120,66.82,yes
2026-10-05T03:14:36.408897Z,KXBTC15M-26OCT042315-15,0.0120,62.36,yes
2026-10-05T03:14:36.422643Z,KXBTC15M-26OCT042315-15,0.0110,0.01,no
2026-10-05T03:14:36.422643Z,KXBTC15M-26OCT042315-15,0.0110,0.99,no
2026-10-05T03:14:36.439151Z,KXBTC15M-26OCT042315-15,0.0120,28.00,yes
2026-10-05T03:14:36.467823Z,KXBTC15M-26OCT042315-15,0.0110,9.00,no
2026-10-05T03:14:36.476826Z,KXBTC15M-26OCT042315-15,0.0120,35.03,yes
2026-10-05T03:14:36.493285Z,KXBTC15M-26OCT042315-15,0.0120,66.82,yes
2026-10-05T03:14:36.503514Z,KXBTC15M-26OCT042315-15,0.0100,36.43,no
2026-10-05T03:14:36.503514Z,KXBTC15M-26OCT042315-15,0.0110,0.01,no
2026-10-05T03:14:36.503514Z,KXBTC15M-26OCT042315-15,0.0110,0.99,no
2026-10-05T03:14:36.503514Z,KXBTC15M-26OCT042315-15,0.0110,7.01,no
2026-10-05T03:14:36.503514Z,KXBTC15M-26OCT042315-15,0.0110,9.00,no
2026-10-05T03:14:36.503514Z,KXBTC15M-26OCT042315-15,0.0110,0.01,no
2026-10-05T03:14:36.506058Z,KXBTC15M-26OCT042315-15,0.0120,65.00,yes
2026-10-05T03:14:36.506058Z,KXBTC15M-26OCT042315-15,0.0120,22.97,yes
2026-10-05T03:14:36.506058Z,KXBTC15M-26OCT042315-15,0.0120,0.01,yes
2026-10-05T03:14:36.506058Z,KXBTC15M-26OCT042315-15,0.0130,65.70,yes
2026-10-05T03:14:36.506058Z,KXBTC15M-26OCT042315-15,0.0120,0.01,yes
2026-10-05T03:14:36.515125Z,KXBTC15M-26OCT042315-15,0.0100,2.01,no
2026-10-05T03:14:36.522319Z,KXBTC15M-26OCT042315-15,0.0120,1.86,yes
2026-10-05T03:14:36.534217Z,KXBTC15M-26OCT042315-15,0.0100,29.69,no
2026-10-05T03:14:36.54847Z,KXBTC15M-26OCT042315-15,0.0100,2.18,no
2026-10-05T03:14:36.631347Z,KXBTC15M-26OCT042315-15,0.0110,155.89,yes
2026-10-05T03:14:36.677904Z,KXBTC15M-26OCT042315-15,0.0100,152.34,no
2026-10-05T03:14:36.704877Z,KXBTC15M-26OCT042315-15,0.0140,152.70,yes
2026-10-05T03:14:36.704877Z,KXBTC15M-26OCT042315-15,0.0120,10.00,yes
2026-10-05T03:14:36.704877Z,KXBTC15M-26OCT042315-15,0.0110,12.00,yes
2026-10-05T03:14:36.704877Z,KXBTC15M-26OCT042315-15,0.0130,65.00,yes
2026-10-05T03:14:36.704877Z,KXBTC15M-26OCT042315-15,0.0110,24.00,yes
2026-10-05T03:14:36.704877Z,KXBTC15M-26OCT042315-15,0.0110,0.01,yes
2026-10-05T03:14:36.704877Z,KXBTC15M-26OCT042315-15,0.0110,48.11,yes
2026-10-05T03:14:36.704877Z,KXBTC15M-26OCT042315-15,0.0110,0.01,yes
2026-10-05T03:14:36.847145Z,KXBTC15M-26OCT042315-15,0.0110,0.01,yes
2026-10-05T03:14:36.847145Z,KXBTC15M-26OCT042315-15,0.0110,0.01,yes
2026-10-05T03:14:36.847145Z,KXBTC15M-26OCT042315-15,0.0130,15.93,yes
2026-10-05T03:14:36.996773Z,KXBTC15M-26OCT042315-15,0.0130,0.01,yes
2026-10-05T03:14:36.996773Z,KXBTC15M-26OCT042315-15,0.0180,13.00,yes
2026-10-05T03:14:36.996773Z,KXBTC15M-26OCT042315-15,0.0180,11.02,yes
2026-10-05T03:14:36.996773Z,KXBTC15M-26OCT042315-15,0.0130,0.01,yes
2026-10-05T03:14:36.996773Z,KXBTC15M-26OCT042315-15,0.0130,37.07,yes
2026-10-05T03:14:37.024073Z,KXBTC15M-26OCT042315-15,0.0150,0.01,no
2026-10-05T03:14:37.024073Z,KXBTC15M-26OCT042315-15,0.0150,0.01,no
2026-10-05T03:14:37.042295Z,KXBTC15M-26OCT042315-15,0.0110,17.00,no
2026-10-05T03:14:37.042295Z,KXBTC15M-26OCT042315-15,0.0110,0.01,no
2026-10-05T03:14:37.042295Z,KXBTC15M-26OCT042315-15,0.0100,272.61,no
2026-10-05T03:14:37.080761Z,KXBTC15M-26OCT042315-15,0.0110,17.00,no
2026-10-05T03:14:37.080761Z,KXBTC15M-26OCT042315-15,0.0150,0.01,no
2026-10-05T03:14:37.080761Z,KXBTC15M-26OCT042315-15,0.0150,0.01,no
2026-10-05T03:14:37.080761Z,KXBTC15M-26OCT042315-15,0.0110,0.01,no
2026-10-05T03:14:37.080761Z,KXBTC15M-26OCT042315-15,0.0110,0.01,no
2026-10-05T03:14:37.093498Z,KXBTC15M-26OCT042315-15,0.0160,79.37,yes
2026-10-05T03:14:37.14429Z,KXBTC15M-26OCT042315-15,0.0150,0.01,no
2026-10-05T03:14:37.14429Z,KXBTC15M-26OCT042315-15,0.0110,0.01,no
2026-10-05T03:14:37.14429Z,KXBTC15M-26OCT042315-15,0.0110,17.00,no
2026-10-05T03:14:37.14429Z,KXBTC15M-26OCT042315-15,0.0150,0.01,no
2026-10-05T03:14:37.14429Z,KXBTC15M-26OCT042315-15,0.0100,10.97,no
2026-10-05T03:14:37.164286Z,KXBTC15M-26OCT042315-15,0.0150,0.01,no
2026-10-05T03:14:37.164286Z,KXBTC15M-26OCT042315-15,0.0150,0.01,no
2026-10-05T03:14:37.164286Z,KXBTC15M-26OCT042315-15,0.0110,1.65,no
2026-10-05T03:14:37.218567Z,KXBTC15M-26OCT042315-15,0.0110,0.01,no
2026-10-05T03:14:37.218567Z,KXBTC15M-26OCT042315-15,0.0110,0.01,no
2026-10-05T03:14:37.218567Z,KXBTC15M-26OCT042315-15,0.0110,17.00,no
2026-10-05T03:14:37.218567Z,KXBTC15M-26OCT042315-15,0.0100,154.84,no
2026-10-05T03:14:37.222616Z,KXBTC15M-26OCT042315-15,0.0120,133.63,yes
2026-10-05T03:14:37.232176Z,KXBTC15M-26OCT042315-15,0.0150,0.01,yes
2026-10-05T03:14:37.232176Z,KXBTC15M-26OCT042315-15,0.0150,13.00,yes
2026-10-05T03:14:37.232176Z,KXBTC15M-26OCT042315-15,0.0150,0.01,yes
2026-10-05T03:14:37.232176Z,KXBTC15M-26OCT042315-15,0.0140,72.00,yes
2026-10-05T03:14:37.232176Z,KXBTC15M-26OCT042315-15,0.0150,13.98,yes
2026-10-05T03:14:37.232176Z,KXBTC15M-26OCT042315-15,0.0150,1.00,yes
2026-10-05T03:14:37.23604Z,KXBTC15M-26OCT042315-15,0.0110,0.01,no
2026-10-05T03:14:37.23604Z,KXBTC15M-26OCT042315-15,0.0110,0.01,no
2026-10-05T03:14:37.23604Z,KXBTC15M-26OCT042315-15,0.0100,56.29,no
2026-10-05T03:14:37.24367Z,KXBTC15M-26OCT042315-15,0.0110,12.81,no
2026-10-05T03:14:37.27536Z,KXBTC15M-26OCT042315-15,0.0110,2.65,no
2026-10-05T03:14:37.27536Z,KXBTC15M-26OCT042315-15,0.0110,0.01,no
2026-10-05T03:14:37.27536Z,KXBTC15M-26OCT042315-15,0.0110,0.01,no
2026-10-05T03:14:37.456306Z,KXBTC15M-26OCT042315-15,0.0110,5.03,no
2026-10-05T03:14:37.468565Z,KXBTC15M-26OCT042315-15,0.0110,9.00,no
2026-10-05T03:14:37.529363Z,KXBTC15M-26OCT042315-15,0.0110,0.32,no
2026-10-05T03:14:37.529363Z,KXBTC15M-26OCT042315-15,0.0110,3.68,no
2026-10-05T03:14:37.575058Z,KXBTC15M-26OCT042315-15,0.0110,35.32,no
2026-10-05T03:14:37.595794Z,KXBTC15M-26OCT042315-15,0.0110,397.70,no
2026-10-05T03:14:37.625207Z,KXBTC15M-26OCT042315-15,0.0110,1.14,no
2026-10-05T03:14:37.625207Z,KXBTC15M-26OCT042315-15,0.0110,2.65,no
2026-10-05T03:14:37.625207Z,KXBTC15M-26OCT042315-15,0.0110,0.32,no
2026-10-05T03:14:37.625207Z,KXBTC15M-26OCT042315-15,0.0110,1.18,no
2026-10-05T03:14:37.625207Z,KXBTC15M-26OCT042315-15,0.0110,0.01,no
2026-10-05T03:14:37.625207Z,KXBTC15M-26OCT042315-15,0.0110,5.03,no
2026-10-05T03:14:37.625207Z,KXBTC15M-26OCT042315-15,0.0110,9.00,no
2026-10-05T03:14:37.625207Z,KXBTC15M-26OCT042315-15,0.0110,0.01,no
2026-10-05T03:14:37.625207Z,KXBTC15M-26OCT042315-15,0.0110,212.00,no
2026-10-05T03:14:37.625207Z,KXBTC15M-26OCT042315-15,0.0100,487.17,no
2026-10-05T03:14:37.649938Z,KXBTC15M-26OCT042315-15,0.0120,0.01,yes
2026-10-05T03:14:37.649938Z,KXBTC15M-26OCT042315-15,0.0120,0.01,yes
2026-10-05T03:14:37.649938Z,KXBTC15M-26OCT042315-15,0.0160,9.34,yes
2026-10-05T03:14:37.655296Z,KXBTC15M-26OCT042315-15,0.0110,0.01,no
2026-10-05T03:14:37.655296Z,KXBTC15M-26OCT042315-15,0.0110,0.01,no
2026-10-05T03:14:37.655296Z,KXBTC15M-26OCT042315-15,0.0110,5.60,no
2026-10-05T03:14:37.732489Z,KXBTC15M-26OCT042315-15,0.0120,19.99,no
2026-10-05T03:14:37.749747Z,KXBTC15M-26OCT042315-15,0.0130,48.29,yes
2026-10-05T03:14:37.761031Z,KXBTC15M-26OCT042315-15,0.0120,213.94,no
2026-10-05T03:14:37.76413Z,KXBTC15M-26OCT042315-15,0.0130,0.01,yes
2026-10-05T03:14:37.76413Z,KXBTC15M-26OCT042315-15,0.0150,36.00,yes
2026-10-05T03:14:37.76413Z,KXBTC15M-26OCT042315-15,0.0130,0.01,yes
2026-10-05T03:14:37.76413Z,KXBTC15M-26OCT042315-15,0.0150,0.01,yes
2026-10-05T03:14:37.76413Z,KXBTC15M-26OCT042315-15,0.0150,45.00,yes
2026-10-05T03:14:37.76413Z,KXBTC15M-26OCT042315-15,0.0180,13.00,yes
2026-10-05T03:14:37.76413Z,KXBTC15M-26OCT042315-15,0.0140,0.01,yes
2026-10-05T03:14:37.76413Z,KXBTC15M-26OCT042315-15,0.0140,0.01,yes
2026-10-05T03:14:37.76413Z,KXBTC15M-26OCT042315-15,0.0150,0.01,yes
2026-10-05T03:14:37.76413Z,KXBTC15M-26OCT042315-15,0.0190,151.71,yes
2026-10-05T03:14:37.772368Z,KXBTC15M-26OCT042315-15,0.0140,14.84,yes
2026-10-05T03:14:37.788745Z,KXBTC15M-26OCT042315-15,0.0150,129.09,yes
2026-10-05T03:14:37.788745Z,KXBTC15M-26OCT042315-15,0.0140,0.01,yes
2026-10-05T03:14:37.788745Z,KXBTC15M-26OCT042315-15,0.0180,0.01,yes
2026-10-05T03:14:37.788745Z,KXBTC15M-26OCT042315-15,0.0140,74.00,yes
2026-10-05T03:14:37.788745Z,KXBTC15M-26OCT042315-15,0.0140,27.16,yes
2026-10-05T03:14:37.788745Z,KXBTC15M-26OCT042315-15,0.0180,13.00,yes
2026-10-05T03:14:37.788745Z,KXBTC15M-26OCT042315-15,0.0190,229.24,yes
2026-10-05T03:14:37.788745Z,KXBTC15M-26OCT042315-15,0.0140,0.01,yes
2026-10-05T03:14:37.788745Z,KXBTC15M-26OCT042315-15,0.0190,40.00,yes
2026-10-05T03:14:37.788745Z,KXBTC15M-26OCT042315-15,0.0190,471.99,yes
2026-10-05T03:14:37.927272Z,KXBTC15M-26OCT042315-15,0.0110,1.46,no
2026-10-05T03:14:37.927272Z,KXBTC15M-26OCT042315-15,0.0120,1.18,no
2026-10-05T03:14:37.927272Z,KXBTC15M-26OCT042315-15,0.0120,0.01,no
2026-10-05T03:14:37.927272Z,KXBTC15M-26OCT042315-15,0.0120,0.01,no
2026-10-05T03:14:37.960623Z,KXBTC15M-26OCT042315-15,0.0130,0.01,yes
2026-10-05T03:14:37.960623Z,KXBTC15M-26OCT042315-15,0.0130,10.10,yes
2026-10-05T03:14:37.960623Z,KXBTC15M-26OCT042315-15,0.0130,0.01,yes
2026-10-05T03:14:37.989621Z,KXBTC15M-26OCT042315-15,0.0130,0.01,yes
2026-10-05T03:14:37.989621Z,KXBTC15M-26OCT042315-15,0.0130,0.01,yes
2026-10-05T03:14:37.989621Z,KXBTC15M-26OCT042315-15,0.0190,215.75,yes
2026-10-05T03:14:37.989621Z,KXBTC15M-26OCT042315-15,0.0150,30.00,yes
2026-10-05T03:14:37.996842Z,KXBTC15M-26OCT042315-15,0.0120,0.01,no
2026-10-05T03:14:37.996842Z,KXBTC15M-26OCT042315-15,0.0120,1.18,no
2026-10-05T03:14:37.996842Z,KXBTC15M-26OCT042315-15,0.0120,0.01,no
2026-10-05T03:14:38.056406Z,KXBTC15M-26OCT042315-15,0.0120,50.00,no
2026-10-05T03:14:38.096486Z,KXBTC15M-26OCT042315-15,0.0120,21.23,no
2026-10-05T03:14:38.100337Z,KXBTC15M-26OCT042315-15,0.0110,1.46,no
2026-10-05T03:14:38.100337Z,KXBTC15M-26OCT042315-15,0.0110,1.46,no
2026-10-05T03:14:38.100337Z,KXBTC15M-26OCT042315-15,0.0120,66.77,no
2026-10-05T03:14:38.100337Z,KXBTC15M-26OCT042315-15,0.0110,14.08,no
2026-10-05T03:14:38.100337Z,KXBTC15M-26OCT042315-15,0.0120,0.01,no
2026-10-05T03:14:38.100337Z,KXBTC15M-26OCT042315-15,0.0120,0.01,no
2026-10-05T03:14:38.104072Z,KXBTC15M-26OCT042315-15,0.0150,30.00,yes
2026-10-05T03:14:38.104072Z,KXBTC15M-26OCT042315-15,0.0130,0.01,yes
2026-10-05T03:14:38.104072Z,KXBTC15M-26OCT042315-15,0.0190,342.73,yes
2026-10-05T03:14:38.104072Z,KXBTC15M-26OCT042315-15,0.0130,0.01,yes
2026-10-05T03:14:38.104072Z,KXBTC15M-26OCT042315-15,0.0170,13.00,yes
2026-10-05T03:14:38.104072Z,KXBTC15M-26OCT042315-15,0.0180,672.00,yes
2026-10-05T03:14:38.104072Z,KXBTC15M-26OCT042315-15,0.0170,6.00,yes
2026-10-05T03:14:38.104072Z,KXBTC15M-26OCT042315-15,0.0150,24.00,yes
2026-10-05T03:14:38.104072Z,KXBTC15M-26OCT042315-15,0.0170,6.00,yes
2026-10-05T03:14:38.104072Z,KXBTC15M-26OCT042315-15,0.0170,18.00,yes
2026-10-05T03:14:38.104072Z,KXBTC15M-26OCT042315-15,0.0170,36.00,yes
2026-10-05T03:14:38.104072Z,KXBTC15M-26OCT042315-15,0.0130,51.00,yes
2026-10-05T03:14:38.104072Z,KXBTC15M-26OCT042315-15,0.0170,54.00,yes
2026-10-05T03:14:38.104072Z,KXBTC15M-26OCT042315-15,0.0170,6.00,yes
2026-10-05T03:14:38.105751Z,KXBTC15M-26OCT042315-15,0.0100,49.20,no
2026-10-05T03:14:38.105751Z,KXBTC15M-26OCT042315-15,0.0100,43.45,no
2026-10-05T03:14:38.105751Z,KXBTC15M-26OCT042315-15,0.0100,200.00,no
2026-10-05T03:14:38.105751Z,KXBTC15M-26OCT042315-15,0.0100,1.00,no
2026-10-05T03:14:38.105751Z,KXBTC15M-26OCT042315-15,0.0100,1.03,no
2026-10-05T03:14:38.105751Z,KXBTC15M-26OCT042315-15,0.0100,50.00,no
2026-10-05T03:14:38.114384Z,KXBTC15M-26OCT042315-15,0.0120,0.01,no
2026-10-05T03:14:38.114384Z,KXBTC15M-26OCT042315-15,0.0120,0.01,no
2026-10-05T03:14:38.114384Z,KXBTC15M-26OCT042315-15,0.0100,10.18,no
2026-10-05T03:14:38.171521Z,KXBTC15M-26OCT042315-15,0.0150,51.65,no
2026-10-05T03:14:38.267659Z,KXBTC15M-26OCT042315-15,0.0020,8235.00,no
2026-10-05T03:14:38.267659Z,KXBTC15M-26OCT042315-15,0.0100,3141.00,no
2026-10-05T03:14:38.267659Z,KXBTC15M-26OCT042315-15,0.0150,0.01,no
2026-10-05T03:14:38.267659Z,KXBTC15M-26OCT042315-15,0.0150,12.35,no
2026-10-05T03:14:38.267659Z,KXBTC15M-26OCT042315-15,0.0100,50.00,no
2026-10-05T03:14:38.267659Z,KXBTC15M-26OCT042315-15,0.0080,17.00,no
2026-10-05T03:14:38.267659Z,KXBTC15M-26OCT042315-15,0.0020,1.00,no
2026-10-05T03:14:38.267659Z,KXBTC15M-26OCT042315-15,0.0150,0.01,no
2026-10-05T03:14:38.267659Z,KXBTC15M-26OCT042315-15,0.0100,89.00,no
2026-10-05T03:14:38.267659Z,KXBTC15M-26OCT042315-15,0.0080,1.00,no
2026-10-05T03:14:38.267659Z,KXBTC15M-26OCT042315-15,0.0020,2.00,no
2026-10-05T03:14:38.267659Z,KXBTC15M-26OCT042315-15,0.0020,2.00,no
2026-10-05T03:14:38.267659Z,KXBTC15M-26OCT042315-15,0.0050,64.00,no
2026-10-05T03:14:38.267659Z,KXBTC15M-26OCT042315-15,0.0100,10.37,no
2026-10-05T03:14:38.267659Z,KXBTC15M-26OCT042315-15,0.0030,229.00,no
2026-10-05T03:14:38.267659Z,KXBTC15M-26OCT042315-15,0.0080,79.64,no
2026-10-05T03:14:38.267659Z,KXBTC15M-26OCT042315-15,0.0040,2.00,no
2026-10-05T03:14:38.267659Z,KXBTC15M-26OCT042315-15,0.0030,2.00,no
2026-10-05T03:14:38.267659Z,KXBTC15M-26OCT042315-15,0.0030,2.00,no
2026-10-05T03:14:38.267659Z,KXBTC15M-26OCT042315-15,0.0070,2500.00,no
2026-10-05T03:14:38.267659Z,KXBTC15M-26OCT042315-15,0.0070,1047.00,no
2026-10-05T03:14:38.267659Z,KXBTC15M-26OCT042315-15,0.0040,500.00,no
2026-10-05T03:14:38.267659Z,KXBTC15M-26OCT042315-15,0.0040,1047.00,no
2026-10-05T03:14:38.267659Z,KXBTC15M-26OCT042315-15,0.0040,6.00,no
2026-10-05T03:14:38.267659Z,KXBTC15M-26OCT042315-15,0.0020,10.00,no
2026-10-05T03:14:38.269701Z,KXBTC15M-26OCT042315-15,0.0010,9.89,no
2026-10-05T03:14:38.278946Z,KXBTC15M-26OCT042315-15,0.0150,9.89,no
2026-10-05T03:14:38.291509Z,KXBTC15M-26OCT042315-15,0.0100,46.84,no
2026-10-05T03:14:38.291509Z,KXBTC15M-26OCT042315-15,0.0150,54.11,no
2026-10-05T03:14:38.318119Z,KXBTC15M-26OCT042315-15,0.0160,9.86,yes
2026-10-05T03:14:38.371918Z,KXBTC15M-26OCT042315-15,0.0150,9.99,no
2026-10-05T03:14:38.456377Z,KXBTC15M-26OCT042315-15,0.0160,160.57,yes
2026-10-05T03:14:38.456377Z,KXBTC15M-26OCT042315-15,0.0160,110.14,yes
2026-10-05T03:14:38.456377Z,KXBTC15M-26OCT042315-15,0.0160,0.01,yes
2026-10-05T03:14:38.524106Z,KXBTC15M-26OCT042315-15,0.0150,7.37,no
2026-10-05T03:14:38.542278Z,KXBTC15M-26OCT042315-15,0.0150,22.26,no
2026-10-05T03:14:38.590726Z,KXBTC15M-26OCT042315-15,0.0160,58.47,yes
2026-10-05T03:14:38.592567Z,KXBTC15M-26OCT042315-15,0.0160,29.23,yes
2026-10-05T03:14:38.609968Z,KXBTC15M-26OCT042315-15,0.0080,33.17,no
2026-10-05T03:14:38.609968Z,KXBTC15M-26OCT042315-15,0.0150,0.01,no
2026-10-05T03:14:38.609968Z,KXBTC15M-26OCT042315-15,0.0150,24.38,no
2026-10-05T03:14:38.609968Z,KXBTC15M-26OCT042315-15,0.0100,3.16,no
2026-10-05T03:14:38.609968Z,KXBTC15M-26OCT042315-15,0.0150,0.01,no
2026-10-05T03:14:38.619894Z,KXBTC15M-26OCT042315-15,0.0040,9.00,no
2026-10-05T03:14:38.621716Z,KXBTC15M-26OCT042315-15,0.0090,126.01,yes
2026-10-05T03:14:38.657155Z,KXBTC15M-26OCT042315-15,0.0050,10.00,yes
2026-10-05T03:14:38.66314Z,KXBTC15M-26OCT042315-15,0.0050,190.24,yes
2026-10-05T03:14:38.67303Z,KXBTC15M-26OCT042315-15,0.0050,584.72,yes
2026-10-05T03:14:38.680972Z,KXBTC15M-26OCT042315-15,0.0050,116.94,yes
2026-10-05T03:14:38.699456Z,KXBTC15M-26OCT042315-15,0.0050,116.94,yes
2026-10-05T03:14:38.706648Z,KXBTC15M-26OCT042315-15,0.0050,50.00,yes
2026-10-05T03:14:38.712249Z,KXBTC15M-26OCT042315-15,0.0010,207.45,no
2026-10-05T03:14:38.712249Z,KXBTC15M-26OCT042315-15,0.0040,17.00,no
2026-10-05T03:14:38.712249Z,KXBTC15M-26OCT042315-15,0.0040,0.01,no
2026-10-05T03:14:38.712249Z,KXBTC15M-26OCT042315-15,0.0020,10.00,no
2026-10-05T03:14:38.712249Z,KXBTC15M-26OCT042315-15,0.0040,0.01,no
2026-10-05T03:14:38.712249Z,KXBTC15M-26OCT042315-15,0.0020,28.00,no
2026-10-05T03:14:38.712249Z,KXBTC15M-26OCT042315-15,0.0040,211.83,no
2026-10-05T03:14:38.712249Z,KXBTC15M-26OCT042315-15,0.0030,17.00,no
2026-10-05T03:14:38.7426Z,KXBTC15M-26OCT042315-15,0.0020,116.94,yes
2026-10-05T03:14:38.749151Z,KXBTC15M-26OCT042315-15,0.0010,27.40,no
2026-10-05T03:14:38.781837Z,KXBTC15M-26OCT042315-15,0.0020,10.00,yes
2026-10-05T03:14:38.832402Z,KXBTC15M-26OCT042315-15,0.0010,439.76,no
2026-10-05T03:14:38.845734Z,KXBTC15M-26OCT042315-15,0.0020,101.16,yes
2026-10-05T03:14:38.922406Z,KXBTC15M-26OCT042315-15,0.0020,44.00,yes
2026-10-05T03:14:38.990142Z,KXBTC15M-26OCT042315-15,0.0020,186.97,yes
2026-10-05T03:14:39.009572Z,KXBTC15M-26OCT042315-15,0.0020,116.94,yes
2026-10-05T03:14:39.032489Z,KXBTC15M-26OCT042315-15,0.0020,292.36,yes
2026-10-05T03:14:39.035687Z,KXBTC15M-26OCT042315-15,0.0010,0.81,no
2026-10-05T03:14:39.040189Z,KXBTC15M-26OCT042315-15,0.0020,1.81,yes
2026-10-05T03:14:39.069702Z,KXBTC15M-26OCT042315-15,0.0020,458.01,yes
2026-10-05T03:14:39.110651Z,KXBTC15M-26OCT042315-15,0.0020,58.47,yes
2026-10-05T03:14:39.114994Z,KXBTC15M-26OCT042315-15,0.0020,0.01,yes
2026-10-05T03:14:39.114994Z,KXBTC15M-26OCT042315-15,0.0020,10.57,yes
2026-10-05T03:14:39.114994Z,KXBTC15M-26OCT042315-15,0.0020,0.01,yes
2026-10-05T03:14:39.114994Z,KXBTC15M-26OCT042315-15,0.0020,148.98,yes
2026-10-05T03:14:39.114994Z,KXBTC15M-26OCT042315-15,0.0020,27.40,yes
2026-10-05T03:14:39.149887Z,KXBTC15M-26OCT042315-15,0.0020,1.06,yes
2026-10-05T03:14:39.281931Z,KXBTC15M-26OCT042315-15,0.0020,0.81,yes
2026-10-05T03:14:39.281931Z,KXBTC15M-26OCT042315-15,0.0020,0.01,yes
2026-10-05T03:14:39.281931Z,KXBTC15M-26OCT042315-15,0.0020,0.01,yes
2026-10-05T03:14:39.281931Z,KXBTC15M-26OCT042315-15,0.0020,9.04,yes
2026-10-05T03:14:39.281931Z,KXBTC15M-26OCT042315-15,0.0020,428.13,yes
2026-10-05T03:14:39.311522Z,KXBTC15M-26OCT042315-15,0.0020,0.01,yes
2026-10-05T03:14:39.311522Z,KXBTC15M-26OCT042315-15,0.0020,0.01,yes
2026-10-05T03:14:39.311522Z,KXBTC15M-26OCT042315-15,0.0040,6.33,yes
2026-10-05T03:14:39.311522Z,KXBTC15M-26OCT042315-15,0.0020,0.96,yes
2026-10-05T03:14:39.365566Z,KXBTC15M-26OCT042315-15,0.0040,0.01,yes
2026-10-05T03:14:39.365566Z,KXBTC15M-26OCT042315-15,0.0040,0.01,yes
2026-10-05T03:14:39.365566Z,KXBTC15M-26OCT042315-15,0.0050,399.58,yes
2026-10-05T03:14:39.412509Z,KXBTC15M-26OCT042315-15,0.0040,0.01,yes
2026-10-05T03:14:39.412509Z,KXBTC15M-26OCT042315-15,0.0040,0.01,yes
2026-10-05T03:14:39.412509Z,KXBTC15M-26OCT042315-15,0.0050,46.36,yes
2026-10-05T03:14:39.430231Z,KXBTC15M-26OCT042315-15,0.0040,0.01,yes
2026-10-05T03:14:39.430231Z,KXBTC15M-26OCT042315-15,0.0040,0.01,yes
2026-10-05T03:14:39.430231Z,KXBTC15M-26OCT042315-15,0.0050,7.58,yes
2026-10-05T03:14:39.465441Z,KXBTC15M-26OCT042315-15,0.0040,0.01,yes
2026-10-05T03:14:39.465441Z,KXBTC15M-26OCT042315-15,0.0040,0.01,yes
2026-10-05T03:14:39.465441Z,KXBTC15M-26OCT042315-15,0.0050,16.81,yes
2026-10-05T03:14:39.473888Z,KXBTC15M-26OCT042315-15,0.0040,0.01,yes
2026-10-05T03:14:39.473888Z,KXBTC15M-26OCT042315-15,0.0050,82.84,yes
2026-10-05T03:14:39.483561Z,KXBTC15M-26OCT042315-15,0.0030,16.74,no
2026-10-05T03:14:39.502377Z,KXBTC15M-26OCT042315-15,0.0030,0.26,no
2026-10-05T03:14:39.502377Z,KXBTC15M-26OCT042315-15,0.0030,34.41,no
2026-10-05T03:14:39.505056Z,KXBTC15M-26OCT042315-15,0.0040,0.01,yes
2026-10-05T03:14:39.505056Z,KXBTC15M-26OCT042315-15,0.0040,0.01,yes
2026-10-05T03:14:39.505056Z,KXBTC15M-26OCT042315-15,0.0050,263.67,yes
2026-10-05T03:14:39.53658Z,KXBTC15M-26OCT042315-15,0.0030,25.00,no
2026-10-05T03:14:39.53658Z,KXBTC15M-26OCT042315-15,0.0030,0.01,no
2026-10-05T03:14:39.53658Z,KXBTC15M-26OCT042315-15,0.0030,0.01,no
2026-10-05T03:14:39.53658Z,KXBTC15M-26OCT042315-15,0.0030,17.00,no
2026-10-05T03:14:39.53658Z,KXBTC15M-26OCT042315-15,0.0030,102.59,no
2026-10-05T03:14:39.6076Z,KXBTC15M-26OCT042315-15,0.0050,0.01,yes
2026-10-05T03:14:39.6076Z,KXBTC15M-26OCT042315-15,0.0050,0.01,yes
2026-10-05T03:14:39.6076Z,KXBTC15M-26OCT042315-15,0.0070,0.99,yes
2026-10-05T03:14:39.651882Z,KXBTC15M-26OCT042315-15,0.0070,0.01,yes
2026-10-05T03:14:39.651882Z,KXBTC15M-26OCT042315-15,0.0070,0.01,yes
2026-10-05T03:14:39.651882Z,KXBTC15M-26OCT042315-15,0.0070,55.01,yes
2026-10-05T03:14:39.651882Z,KXBTC15M-26OCT042315-15,0.0080,114.29,yes
2026-10-05T03:14:39.653238Z,KXBTC15M-26OCT042315-15,0.0080,4.00,yes
2026-10-05T03:14:39.68201Z,KXBTC15M-26OCT042315-15,0.0010,129.98,no
2026-10-05T03:14:39.68201Z,KXBTC15M-26OCT042315-15,0.0030,17.00,no
2026-10-05T03:14:39.68201Z,KXBTC15M-26OCT042315-15,0.0030,90.00,no
2026-10-05T03:14:39.68201Z,KXBTC15M-26OCT042315-15,0.0030,0.01,no
2026-10-05T03:14:39.68201Z,KXBTC15M-26OCT042315-15,0.0030,0.01,no
2026-10-05T03:14:39.68201Z,KXBTC15M-26OCT042315-15,0.0020,28.00,no
2026-10-05T03:14:39.68201Z,KXBTC15M-26OCT042315-15,0.0020,10.00,no
2026-10-05T03:14:39.691617Z,KXBTC15M-26OCT042315-15,0.0030,0.01,no
2026-10-05T03:14:39.691617Z,KXBTC15M-26OCT042315-15,0.0030,0.01,no
2026-10-05T03:14:39.722379Z,KXBTC15M-26OCT042315-15,0.0020,8.21,yes
2026-10-05T03:14:39.72332Z,KXBTC15M-26OCT042315-15,0.0070,114.00,yes
2026-10-05T03:14:39.72332Z,KXBTC15M-26OCT042315-15,0.0020,0.01,yes
2026-10-05T03:14:39.72332Z,KXBTC15M-26OCT042315-15,0.0020,0.01,yes
2026-10-05T03:14:39.72332Z,KXBTC15M-26OCT042315-15,0.0020,121.75,yes
2026-10-05T03:14:39.72332Z,KXBTC15M-26OCT042315-15,0.0070,17.00,yes
2026-10-05T03:14:39.72332Z,KXBTC15M-26OCT042315-15,0.0080,633.80,yes
2026-10-05T03:14:39.72332Z,KXBTC15M-26OCT042315-15,0.0030,10.00,yes
2026-10-05T03:14:39.732293Z,KXBTC15M-26OCT042315-15,0.0050,0.01,no
2026-10-05T03:14:39.732293Z,KXBTC15M-26OCT042315-15,0.0050,64.00,no
2026-10-05T03:14:39.748129Z,KXBTC15M-26OCT042315-15,0.0010,69.06,no
2026-10-05T03:14:39.748129Z,KXBTC15M-26OCT042315-15,0.0030,0.01,no
2026-10-05T03:14:39.748129Z,KXBTC15M-26OCT042315-15,0.0030,17.00,no
2026-10-05T03:14:39.748129Z,KXBTC15M-26OCT042315-15,0.0030,0.01,no
2026-10-05T03:14:39.757323Z,KXBTC15M-26OCT042315-15,0.0040,211.66,yes
2026-10-05T03:14:39.758688Z,KXBTC15M-26OCT042315-15,0.0030,0.01,no
2026-10-05T03:14:39.758688Z,KXBTC15M-26OCT042315-15,0.0030,0.01,no
2026-10-05T03:14:39.763409Z,KXBTC15M-26OCT042315-15,0.0020,58.47,yes
2026-10-05T03:14:39.776217Z,KXBTC15M-26OCT042315-15,0.0020,10.57,yes
2026-10-05T03:14:39.776217Z,KXBTC15M-26OCT042315-15,0.0040,445.43,yes
2026-10-05T03:14:39.782746Z,KXBTC15M-26OCT042315-15,0.0040,155.12,yes
2026-10-05T03:14:39.782746Z,KXBTC15M-26OCT042315-15,0.0030,30.00,yes
2026-10-05T03:14:39.803079Z,KXBTC15M-26OCT042315-15,0.0040,91.62,yes
2026-10-05T03:14:39.815737Z,KXBTC15M-26OCT042315-15,0.0040,458.00,yes
2026-10-05T03:14:39.835956Z,KXBTC15M-26OCT042315-15,0.0040,87.88,yes
2026-10-05T03:14:39.847683Z,KXBTC15M-26OCT042315-15,0.0040,1000.00,yes
2026-10-05T03:14:39.849786Z,KXBTC15M-26OCT042315-15,0.0040,93.84,yes
2026-10-05T03:14:39.854773Z,KXBTC15M-26OCT042315-15,0.0040,86.00,yes
2026-10-05T03:14:39.876943Z,KXBTC15M-26OCT042315-15,0.0030,2.87,no
2026-10-05T03:14:39.886238Z,KXBTC15M-26OCT042315-15,0.0040,11.53,yes
2026-10-05T03:14:39.893522Z,KXBTC15M-26OCT042315-15,0.0040,22.20,yes
2026-10-05T03:14:39.923835Z,KXBTC15M-26OCT042315-15,0.0040,25.11,yes
2026-10-05T03:14:39.928274Z,KXBTC15M-26OCT042315-15,0.0040,372.10,yes
2026-10-05T03:14:39.940383Z,KXBTC15M-26OCT042315-15,0.0040,20.10,yes
2026-10-05T03:14:39.950977Z,KXBTC15M-26OCT042315-15,0.0040,250.00,yes
2026-10-05T03:14:39.954244Z,KXBTC15M-26OCT042315-15,0.0040,72.17,yes
2026-10-05T03:14:39.972633Z,KXBTC15M-26OCT042315-15,0.0040,414.00,yes
2026-10-05T03:14:39.976254Z,KXBTC15M-26OCT042315-15,0.0040,185.12,yes
2026-10-05T03:14:39.992818Z,KXBTC15M-26OCT042315-15,0.0040,229.04,yes
2026-10-05T03:14:40.01031Z,KXBTC15M-26OCT042315-15,0.0040,3.00,yes
2026-10-05T03:14:40.014667Z,KXBTC15M-26OCT042315-15,0.0010,185.24,no
2026-10-05T03:14:40.014667Z,KXBTC15M-26OCT042315-15,0.0020,10.00,no
2026-10-05T03:14:40.014667Z,KXBTC15M-26OCT042315-15,0.0030,0.01,no
2026-10-05T03:14:40.014667Z,KXBTC15M-26OCT042315-15,0.0020,101.00,no
2026-10-05T03:14:40.014667Z,KXBTC15M-26OCT042315-15,0.0030,0.01,no
2026-10-05T03:14:40.01721Z,KXBTC15M-26OCT042315-15,0.0040,149.00,yes
2026-10-05T03:14:40.018253Z,KXBTC15M-26OCT042315-15,0.0020,62.83,no
2026-10-05T03:14:40.02129Z,KXBTC15M-26OCT042315-15,0.0040,473.13,yes
2026-10-05T03:14:40.030553Z,KXBTC15M-26OCT042315-15,0.0040,1326.07,yes
2026-10-05T03:14:40.066449Z,KXBTC15M-26OCT042315-15,0.0040,150.00,yes
2026-10-05T03:14:40.092013Z,KXBTC15M-26OCT042315-15,0.0010,0.98,no
2026-10-05T03:14:40.092013Z,KXBTC15M-26OCT042315-15,0.0030,0.01,no
2026-10-05T03:14:40.092013Z,KXBTC15M-26OCT042315-15,0.0030,0.01,no
2026-10-05T03:14:40.103523Z,KXBTC15M-26OCT042315-15,0.0040,240.00,yes
2026-10-05T03:14:40.103523Z,KXBTC15M-26OCT042315-15,0.0030,10.00,yes
2026-10-05T03:14:40.134829Z,KXBTC15M-26OCT042315-15,0.0040,122.80,yes
2026-10-05T03:14:40.134829Z,KXBTC15M-26OCT042315-15,0.0030,0.01,yes
2026-10-05T03:14:40.134829Z,KXBTC15M-26OCT042315-15,0.0030,0.01,yes
2026-10-05T03:14:40.14287Z,KXBTC15M-26OCT042315-15,0.0040,91.60,yes
2026-10-05T03:14:40.14287Z,KXBTC15M-26OCT042315-15,0.0030,0.01,yes
2026-10-05T03:14:40.14287Z,KXBTC15M-26OCT042315-15,0.0030,0.01,yes
2026-10-05T03:14:40.143414Z,KXBTC15M-26OCT042315-15,0.0040,141.00,yes
2026-10-05T03:14:40.175049Z,KXBTC15M-26OCT042315-15,0.0040,5.17,yes
2026-10-05T03:14:40.175049Z,KXBTC15M-26OCT042315-15,0.0030,0.01,yes
2026-10-05T03:14:40.175049Z,KXBTC15M-26OCT042315-15,0.0030,0.01,yes
2026-10-05T03:14:40.18092Z,KXBTC15M-26OCT042315-15,0.0040,150.00,yes
2026-10-05T03:14:40.23363Z,KXBTC15M-26OCT042315-15,0.0040,290.98,yes
2026-10-05T03:14:40.23363Z,KXBTC15M-26OCT042315-15,0.0030,0.01,yes
2026-10-05T03:14:40.23363Z,KXBTC15M-26OCT042315-15,0.0030,0.01,yes
2026-10-05T03:14:40.248477Z,KXBTC15M-26OCT042315-15,0.0040,219.99,yes
2026-10-05T03:14:40.248477Z,KXBTC15M-26OCT042315-15,0.0030,0.01,yes
2026-10-05T03:14:40.248477Z,KXBTC15M-26OCT042315-15,0.0030,30.00,yes
2026-10-05T03:14:40.272257Z,KXBTC15M-26OCT042315-15,0.0040,341.82,yes
2026-10-05T03:14:40.272257Z,KXBTC15M-26OCT042315-15,0.0030,30.00,yes
2026-10-05T03:14:40.272257Z,KXBTC15M-26OCT042315-15,0.0030,0.01,yes
2026-10-05T03:14:40.272257Z,KXBTC15M-26OCT042315-15,0.0030,0.01,yes
2026-10-05T03:14:40.274435Z,KXBTC15M-26OCT042315-15,0.0040,4.18,yes
2026-10-05T03:14:40.293136Z,KXBTC15M-26OCT042315-15,0.0040,34.36,yes
2026-10-05T03:14:40.342828Z,KXBTC15M-26OCT042315-15,0.0040,1211.00,yes
2026-10-05T03:14:40.350511Z,KXBTC15M-26OCT042315-15,0.0040,30.00,yes
2026-10-05T03:14:40.363574Z,KXBTC15M-26OCT042315-15,0.0040,33.75,yes
2026-10-05T03:14:40.386421Z,KXBTC15M-26OCT042315-15,0.0040,30.00,yes
2026-10-05T03:14:40.387471Z,KXBTC15M-26OCT042315-15,0.0040,72.00,yes
2026-10-05T03:14:40.403413Z,KXBTC15M-26OCT042315-15,0.0040,0.10,yes
2026-10-05T03:14:40.418925Z,KXBTC15M-26OCT042315-15,0.0040,150.00,yes
2026-10-05T03:14:40.439906Z,KXBTC15M-26OCT042315-15,0.0040,14.28,yes
2026-10-05T03:14:40.45131Z,KXBTC15M-26OCT042315-15,0.0040,225.00,yes
2026-10-05T03:14:40.455446Z,KXBTC15M-26OCT042315-15,0.0010,4.98,no
2026-10-05T03:14:40.455446Z,KXBTC15M-26OCT042315-15,0.0020,0.01,no
2026-10-05T03:14:40.455446Z,KXBTC15M-26OCT042315-15,0.0020,0.01,no
2026-10-05T03:14:40.455446Z,KXBTC15M-26OCT042315-15,0.0020,10.00,no
2026-10-05T03:14:40.486037Z,KXBTC15M-26OCT042315-15,0.0040,24.98,yes
2026-10-05T03:14:40.486037Z,KXBTC15M-26OCT042315-15,0.0030,0.01,yes
2026-10-05T03:14:40.486037Z,KXBTC15M-26OCT042315-15,0.0030,10.00,yes
2026-10-05T03:14:40.486037Z,KXBTC15M-26OCT042315-15,0.0030,0.01,yes
2026-10-05T03:14:40.491764Z,KXBTC15M-26OCT042315-15,0.0010,4.00,no
2026-10-05T03:14:40.616761Z,KXBTC15M-26OCT042315-15,0.0040,437.40,yes
2026-10-05T03:14:40.616761Z,KXBTC15M-26OCT042315-15,0.0030,30.00,yes
2026-10-05T03:14:40.616761Z,KXBTC15M-26OCT042315-15,0.0030,0.01,yes
2026-10-05T03:14:40.616761Z,KXBTC15M-26OCT042315-15,0.0030,0.01,yes
2026-10-05T03:14:40.673435Z,KXBTC15M-26OCT042315-15,0.0040,2334.73,yes
2026-10-05T03:14:40.687502Z,KXBTC15M-26OCT042315-15,0.0020,170.01,no
2026-10-05T03:14:40.687502Z,KXBTC15M-26OCT042315-15,0.0020,0.01,no
2026-10-05T03:14:40.687502Z,KXBTC15M-26OCT042315-15,0.0020,0.01,no
2026-10-05T03:14:40.687502Z,KXBTC15M-26OCT042315-15,0.0020,10.00,no
2026-10-05T03:14:40.687968Z,KXBTC15M-26OCT042315-15,0.0010,470.47,no
2026-10-05T03:14:40.687968Z,KXBTC15M-26OCT042315-15,0.0020,29.99,no
2026-10-05T03:14:40.689376Z,KXBTC15M-26OCT042315-15,0.0040,62.00,yes
2026-10-05T03:14:40.696275Z,KXBTC15M-26OCT042315-15,0.0030,2.06,yes
2026-10-05T03:14:40.703235Z,KXBTC15M-26OCT042315-15,0.0040,12.04,yes
2026-10-05T03:14:40.703235Z,KXBTC15M-26OCT042315-15,0.0030,0.01,yes
2026-10-05T03:14:40.703235Z,KXBTC15M-26OCT042315-15,0.0030,30.00,yes
2026-10-05T03:14:40.703235Z,KXBTC15M-26OCT042315-15,0.0030,7.94,yes
2026-10-05T03:14:40.703235Z,KXBTC15M-26OCT042315-15,0.0030,0.01,yes
2026-10-05T03:14:40.708694Z,KXBTC15M-26OCT042315-15,0.0040,229.02,yes
2026-10-05T03:14:40.708694Z,KXBTC15M-26OCT042315-15,0.0030,0.01,yes
2026-10-05T03:14:40.708694Z,KXBTC15M-26OCT042315-15,0.0030,0.01,yes
2026-10-05T03:14:40.710767Z,KXBTC15M-26OCT042315-15,0.0040,22903.20,yes
2026-10-05T03:14:40.711804Z,KXBTC15M-26OCT042315-15,0.0040,37.60,yes
2026-10-05T03:14:40.716388Z,KXBTC15M-26OCT042315-15,0.0040,201.38,yes
2026-10-05T03:14:40.716388Z,KXBTC15M-26OCT042315-15,0.0030,30.00,yes
2026-10-05T03:14:40.740715Z,KXBTC15M-26OCT042315-15,0.0020,10.00,no
2026-10-05T03:14:40.740715Z,KXBTC15M-26OCT042315-15,0.0020,0.01,no
2026-10-05T03:14:40.740715Z,KXBTC15M-26OCT042315-15,0.0020,0.01,no
2026-10-05T03:14:40.740715Z,KXBTC15M-26OCT042315-15,0.0020,23.41,no
2026-10-05T03:14:40.7422Z,KXBTC15M-26OCT042315-15,0.0040,122.46,yes
2026-10-05T03:14:40.7422Z,KXBTC15M-26OCT042315-15,0.0030,0.01,yes
2026-10-05T03:14:40.7422Z,KXBTC15M-26OCT042315-15,0.0030,0.01,yes
2026-10-05T03:14:40.811645Z,KXBTC15M-26OCT042315-15,0.0040,1145.14,yes
2026-10-05T03:14:40.811645Z,KXBTC15M-26OCT042315-15,0.0030,0.01,yes
2026-10-05T03:14:40.811645Z,KXBTC15M-26OCT042315-15,0.0030,0.01,yes
2026-10-05T03:14:40.811839Z,KXBTC15M-26OCT042315-15,0.0040,1041.25,yes
2026-10-05T03:14:40.833578Z,KXBTC15M-26OCT042315-15,0.0040,458.07,yes
2026-10-05T03:14:40.872784Z,KXBTC15M-26OCT042315-15,0.0040,231.39,yes
2026-10-05T03:14:40.897008Z,KXBTC15M-26OCT042315-15,0.0040,231.39,yes
2026-10-05T03:14:40.955899Z,KXBTC15M-26OCT042315-15,0.0040,229.04,yes
2026-10-05T03:14:40.969015Z,KXBTC15M-26OCT042315-15,0.0040,4671.81,yes
2026-10-05T03:14:41.001791Z,KXBTC15M-26OCT042315-15,0.0010,17.38,no
2026-10-05T03:14:41.001791Z,KXBTC15M-26OCT042315-15,0.0020,0.01,no
2026-10-05T03:14:41.001791Z,KXBTC15M-26OCT042315-15,0.0020,23.41,no
2026-10-05T03:14:41.001791Z,KXBTC15M-26OCT042315-15,0.0020,10.00,no
2026-10-05T03:14:41.001791Z,KXBTC15M-26OCT042315-15,0.0020,4.59,no
2026-10-05T03:14:41.001791Z,KXBTC15M-26OCT042315-15,0.0020,0.01,no
2026-10-05T03:14:41.008404Z,KXBTC15M-26OCT042315-15,0.0040,105.36,yes
2026-10-05T03:14:41.031798Z,KXBTC15M-26OCT042315-15,0.0040,0.01,yes
2026-10-05T03:14:41.031798Z,KXBTC15M-26OCT042315-15,0.0040,0.01,yes
2026-10-05T03:14:41.031798Z,KXBTC15M-26OCT042315-15,0.0050,164.97,yes
2026-10-05T03:14:41.031798Z,KXBTC15M-26OCT042315-15,0.0040,33.01,yes
2026-10-05T03:14:41.031798Z,KXBTC15M-26OCT042315-15,0.0040,42.00,yes
2026-10-05T03:14:41.046664Z,KXBTC15M-26OCT042315-15,0.0040,0.01,yes
2026-10-05T03:14:41.046664Z,KXBTC15M-26OCT042315-15,0.0050,11.09,yes
2026-10-05T03:14:41.053363Z,KXBTC15M-26OCT042315-15,0.0010,18.76,no
2026-10-05T03:14:41.111734Z,KXBTC15M-26OCT042315-15,0.0050,2.86,yes
2026-10-05T03:14:41.111734Z,KXBTC15M-26OCT042315-15,0.0050,9.18,yes
2026-10-05T03:14:41.111734Z,KXBTC15M-26OCT042315-15,0.0050,4.98,yes
2026-10-05T03:14:41.111734Z,KXBTC15M-26OCT042315-15,0.0050,0.98,yes
2026-10-05T03:14:41.122647Z,KXBTC15M-26OCT042315-15,0.0050,1.14,yes
2026-10-05T03:14:41.122647Z,KXBTC15M-26OCT042315-15,0.0050,18.86,yes
2026-10-05T03:14:41.137555Z,KXBTC15M-26OCT042315-15,0.0010,128.85,no
2026-10-05T03:14:41.147299Z,KXBTC15M-26OCT042315-15,0.0050,36.53,yes
2026-10-05T03:14:41.193834Z,KXBTC15M-26OCT042315-15,0.0050,95.00,yes
2026-10-05T03:14:41.236452Z,KXBTC15M-26OCT042315-15,0.0020,2.34,yes
2026-10-05T03:14:41.255729Z,KXBTC15M-26OCT042315-15,0.0020,1168.54,yes
2026-10-05T03:14:41.304113Z,KXBTC15M-26OCT042315-15,0.0020,150.00,yes
2026-10-05T03:14:41.304579Z,KXBTC15M-26OCT042315-15,0.0020,467.42,yes
2026-10-05T03:14:41.348469Z,KXBTC15M-26OCT042315-15,0.0010,169.34,no
2026-10-05T03:14:41.348469Z,KXBTC15M-26OCT042315-15,0.0010,73.88,no
2026-10-05T03:14:41.39786Z,KXBTC15M-26OCT042315-15,0.0020,93.49,yes
2026-10-05T03:14:41.426589Z,KXBTC15M-26OCT042315-15,0.0020,186.97,yes
2026-10-05T03:14:41.426969Z,KXBTC15M-26OCT042315-15,0.0020,0.01,yes
2026-10-05T03:14:41.426969Z,KXBTC15M-26OCT042315-15,0.0020,55.71,yes
2026-10-05T03:14:41.426969Z,KXBTC15M-26OCT042315-15,0.0020,0.01,yes
2026-10-05T03:14:41.426969Z,KXBTC15M-26OCT042315-15,0.0020,131.24,yes
2026-10-05T03:14:41.428204Z,KXBTC15M-26OCT042315-15,0.0020,5.94,yes
2026-10-05T03:14:41.435823Z,KXBTC15M-26OCT042315-15,0.0020,4.60,yes
2026-10-05T03:14:41.435823Z,KXBTC15M-26OCT042315-15,0.0020,12.23,yes
2026-10-05T03:14:41.439571Z,KXBTC15M-26OCT042315-15,0.0020,5.40,yes
2026-10-05T03:14:41.439571Z,KXBTC15M-26OCT042315-15,0.0040,23.00,yes
2026-10-05T03:14:41.439571Z,KXBTC15M-26OCT042315-15,0.0050,173.53,yes
2026-10-05T03:14:41.442223Z,KXBTC15M-26OCT042315-15,0.0050,17.38,yes
2026-10-05T03:14:41.442223Z,KXBTC15M-26OCT042315-15,0.0050,18.76,yes
2026-10-05T03:14:41.442223Z,KXBTC15M-26OCT042315-15,0.0050,4.28,yes
2026-10-05T03:14:41.442223Z,KXBTC15M-26OCT042315-15,0.0050,146.55,yes
2026-10-05T03:14:41.527579Z,KXBTC15M-26OCT042315-15,0.0050,169.34,yes
2026-10-05T03:14:41.527579Z,KXBTC15M-26OCT042315-15,0.0050,44.00,yes
2026-10-05T03:14:41.527579Z,KXBTC15M-26OCT042315-15,0.0120,1.00,yes
2026-10-05T03:14:41.527579Z,KXBTC15M-26OCT042315-15,0.0050,124.57,yes
2026-10-05T03:14:41.527579Z,KXBTC15M-26OCT042315-15,0.0070,17.00,yes
2026-10-05T03:14:41.527579Z,KXBTC15M-26OCT042315-15,0.0100,2.30,yes
2026-10-05T03:14:41.527579Z,KXBTC15M-26OCT042315-15,0.0060,10.00,yes
2026-10-05T03:14:41.527579Z,KXBTC15M-26OCT042315-15,0.0100,3.73,yes
2026-10-05T03:14:41.527579Z,KXBTC15M-26OCT042315-15,0.0100,24.47,yes
2026-10-05T03:14:41.527579Z,KXBTC15M-26OCT042315-15,0.0100,12.00,yes
2026-10-05T03:14:41.527579Z,KXBTC15M-26OCT042315-15,0.0080,749.00,yes
2026-10-05T03:14:41.527579Z,KXBTC15M-26OCT042315-15,0.0180,54.00,yes
2026-10-05T03:14:41.527579Z,KXBTC15M-26OCT042315-15,0.0090,920.99,yes
2026-10-05T03:14:41.527579Z,KXBTC15M-26OCT042315-15,0.0100,50.00,yes
2026-10-05T03:14:41.527579Z,KXBTC15M-26OCT042315-15,0.0130,1047.00,yes
2026-10-05T03:14:41.527579Z,KXBTC15M-26OCT042315-15,0.0160,756.00,yes
2026-10-05T03:14:41.527579Z,KXBTC15M-26OCT042315-15,0.0180,1047.00,yes
2026-10-05T03:14:41.527579Z,KXBTC15M-26OCT042315-15,0.0160,213.73,yes
2026-10-05T03:14:41.527579Z,KXBTC15M-26OCT042315-15,0.0110,1047.00,yes
2026-10-05T03:14:41.527579Z,KXBTC15M-26OCT042315-15,0.0160,1047.00,yes
2026-10-05T03:14:41.527579Z,KXBTC15M-26OCT042315-15,0.0080,483.91,yes
2026-10-05T03:14:41.527579Z,KXBTC15M-26OCT042315-15,0.0180,246.00,yes
2026-10-05T03:14:41.527579Z,KXBTC15M-26OCT042315-15,0.0190,1126.89,yes
2026-10-05T03:14:41.544117Z,KXBTC15M-26OCT042315-15,0.0150,459.00,no
2026-10-05T03:14:41.544117Z,KXBTC15M-26OCT042315-15,0.0170,3141.00,no
2026-10-05T03:14:41.54582Z,KXBTC15M-26OCT042315-15,0.0170,0.01,no
2026-10-05T03:14:41.54582Z,KXBTC15M-26OCT042315-15,0.0170,0.01,no
2026-10-05T03:14:41.54582Z,KXBTC15M-26OCT042315-15,0.0150,8.98,no
2026-10-05T03:14:41.580675Z,KXBTC15M-26OCT042315-15,0.0140,0.01,no
2026-10-05T03:14:41.580675Z,KXBTC15M-26OCT042315-15,0.0130,24.98,no
2026-10-05T03:14:41.580675Z,KXBTC15M-26OCT042315-15,0.0140,0.01,no
2026-10-05T03:14:41.602911Z,KXBTC15M-26OCT042315-15,0.0170,3.02,yes
2026-10-05T03:14:41.613492Z,KXBTC15M-26OCT042315-15,0.0170,16.26,yes
2026-10-05T03:14:41.613492Z,KXBTC15M-26OCT042315-15,0.0170,56.98,yes
2026-10-05T03:14:41.627882Z,KXBTC15M-26OCT042315-15,0.0140,0.01,no
2026-10-05T03:14:41.627882Z,KXBTC15M-26OCT042315-15,0.0130,101.14,no
2026-10-05T03:14:41.627882Z,KXBTC15M-26OCT042315-15,0.0140,0.01,no
2026-10-05T03:14:41.630411Z,KXBTC15M-26OCT042315-15,0.0170,33.61,yes
2026-10-05T03:14:41.636676Z,KXBTC15M-26OCT042315-15,0.0140,0.01,no
2026-10-05T03:14:41.636676Z,KXBTC15M-26OCT042315-15,0.0140,0.01,no
2026-10-05T03:14:41.636676Z,KXBTC15M-26OCT042315-15,0.0110,5.43,no
2026-10-05T03:14:41.644625Z,KXBTC15M-26OCT042315-15,0.0140,0.01,no
2026-10-05T03:14:41.644625Z,KXBTC15M-26OCT042315-15,0.0100,10.98,no
2026-10-05T03:14:41.644625Z,KXBTC15M-26OCT042315-15,0.0110,0.01,no
2026-10-05T03:14:41.653425Z,KXBTC15M-26OCT042315-15,0.0100,11.00,no
2026-10-05T03:14:41.660836Z,KXBTC15M-26OCT042315-15,0.0100,1.00,no
2026-10-05T03:14:41.725661Z,KXBTC15M-26OCT042315-15,0.0100,20.62,no
2026-10-05T03:14:41.777859Z,KXBTC15M-26OCT042315-15,0.0100,55.41,no
2026-10-05T03:14:41.786308Z,KXBTC15M-26OCT042315-15,0.0080,391.88,no
2026-10-05T03:14:41.786308Z,KXBTC15M-26OCT042315-15,0.0100,947.99,no
2026-10-05T03:14:41.786308Z,KXBTC15M-26OCT042315-15,0.0100,0.01,no
2026-10-05T03:14:41.786308Z,KXBTC15M-26OCT042315-15,0.0100,50.00,no
2026-10-05T03:14:41.786308Z,KXBTC15M-26OCT042315-15,0.0100,0.01,no
2026-10-05T03:14:41.814082Z,KXBTC15M-26OCT042315-15,0.0110,84.98,yes
2026-10-05T03:14:41.814082Z,KXBTC15M-26OCT042315-15,0.0110,0.01,yes
2026-10-05T03:14:41.84146Z,KXBTC15M-26OCT042315-15,0.0100,22.86,no
2026-10-05T03:14:41.84146Z,KXBTC15M-26OCT042315-15,0.0100,0.01,no
2026-10-05T03:14:41.84146Z,KXBTC15M-26OCT042315-15,0.0100,0.01,no
2026-10-05T03:14:41.877113Z,KXBTC15M-26OCT042315-15,0.0110,1.00,yes
2026-10-05T03:14:41.877113Z,KXBTC15M-26OCT042315-15,0.0110,0.01,yes
2026-10-05T03:14:41.877113Z,KXBTC15M-26OCT042315-15,0.0110,1.00,yes
2026-10-05T03:14:41.877113Z,KXBTC15M-26OCT042315-15,0.0110,2.91,yes
2026-10-05T03:14:41.954334Z,KXBTC15M-26OCT042315-15,0.0110,2.18,yes
2026-10-05T03:14:42.040379Z,KXBTC15M-26OCT042315-15,0.0100,0.01,no
2026-10-05T03:14:42.040379Z,KXBTC15M-26OCT042315-15,0.0100,27.14,no
2026-10-05T03:14:42.040379Z,KXBTC15M-26OCT042315-15,0.0100,0.01,no
2026-10-05T03:14:42.048341Z,KXBTC15M-26OCT042315-15,0.0060,170.05,yes
2026-10-05T03:14:42.056365Z,KXBTC15M-26OCT042315-15,0.0050,0.01,no
2026-10-05T03:14:42.056365Z,KXBTC15M-26OCT042315-15,0.0050,0.01,no
2026-10-05T03:14:42.056365Z,KXBTC15M-26OCT042315-15,0.0050,64.00,no
2026-10-05T03:14:42.056365Z,KXBTC15M-26OCT042315-15,0.0050,1047.00,no
2026-10-05T03:14:42.078038Z,KXBTC15M-26OCT042315-15,0.0040,0.01,yes
2026-10-05T03:14:42.078038Z,KXBTC15M-26OCT042315-15,0.0040,0.01,yes
2026-10-05T03:14:42.078038Z,KXBTC15M-26OCT042315-15,0.0050,4.24,yes
2026-10-05T03:14:42.078038Z,KXBTC15M-26OCT042315-15,0.0040,10.00,yes
2026-10-05T03:14:42.089034Z,KXBTC15M-26OCT042315-15,0.0050,0.01,yes
2026-10-05T03:14:42.089034Z,KXBTC15M-26OCT042315-15,0.0050,19.00,yes
2026-10-05T03:14:42.089034Z,KXBTC15M-26OCT042315-15,0.0050,0.01,yes
2026-10-05T03:14:42.089034Z,KXBTC15M-26OCT042315-15,0.0050,59.76,yes
2026-10-05T03:14:42.089034Z,KXBTC15M-26OCT042315-15,0.0050,6.24,yes
2026-10-05T03:14:42.114998Z,KXBTC15M-26OCT042315-15,0.0030,12.00,no
2026-10-05T03:14:42.145511Z,KXBTC15M-26OCT042315-15,0.0010,49.79,no
2026-10-05T03:14:42.145511Z,KXBTC15M-26OCT042315-15,0.0030,0.01,no
2026-10-05T03:14:42.145511Z,KXBTC15M-26OCT042315-15,0.0030,0.01,no
2026-10-05T03:14:42.145511Z,KXBTC15M-26OCT042315-15,0.0030,385.70,no
2026-10-05T03:14:42.145511Z,KXBTC15M-26OCT042315-15,0.0020,68.00,no
2026-10-05T03:14:42.145511Z,KXBTC15M-26OCT042315-15,0.0020,28.00,no
2026-10-05T03:14:42.18936Z,KXBTC15M-26OCT042315-15,0.0030,0.01,no
2026-10-05T03:14:42.18936Z,KXBTC15M-26OCT042315-15,0.0030,0.01,no
2026-10-05T03:14:42.18936Z,KXBTC15M-26OCT042315-15,0.0020,7.49,no
2026-10-05T03:14:42.213905Z,KXBTC15M-26OCT042315-15,0.0010,1022.97,no
2026-10-05T03:14:42.213905Z,KXBTC15M-26OCT042315-15,0.0020,0.01,no
2026-10-05T03:14:42.213905Z,KXBTC15M-26OCT042315-15,0.0020,0.01,no
2026-10-05T03:14:42.213905Z,KXBTC15M-26OCT042315-15,0.0020,28.00,no
2026-10-05T03:14:42.215071Z,KXBTC15M-26OCT042315-15,0.0040,0.01,yes
2026-10-05T03:14:42.215071Z,KXBTC15M-26OCT042315-15,0.0040,49.79,yes
2026-10-05T03:14:42.215071Z,KXBTC15M-26OCT042315-15,0.0040,0.01,yes
2026-10-05T03:14:42.215071Z,KXBTC15M-26OCT042315-15,0.0040,35.21,yes
2026-10-05T03:14:42.230475Z,KXBTC15M-26OCT042315-15,0.0020,26.68,no
2026-10-05T03:14:42.230475Z,KXBTC15M-26OCT042315-15,0.0020,0.01,no
2026-10-05T03:14:42.230475Z,KXBTC15M-26OCT042315-15,0.0020,0.01,no
2026-10-05T03:14:42.255303Z,KXBTC15M-26OCT042315-15,0.0030,85.02,yes
2026-10-05T03:14:42.275167Z,KXBTC15M-26OCT042315-15,0.0030,1.67,yes
2026-10-05T03:14:42.278709Z,KXBTC15M-26OCT042315-15,0.0030,56.11,yes
2026-10-05T03:14:42.28819Z,KXBTC15M-26OCT042315-15,0.0010,6.65,no
2026-10-05T03:14:42.28819Z,KXBTC15M-26OCT042315-15,0.0020,0.01,no
2026-10-05T03:14:42.28819Z,KXBTC15M-26OCT042315-15,0.0020,26.68,no
2026-10-05T03:14:42.28819Z,KXBTC15M-26OCT042315-15,0.0020,0.01,no
2026-10-05T03:14:42.28819Z,KXBTC15M-26OCT042315-15,0.0020,1.32,no
2026-10-05T03:14:42.304968Z,KXBTC15M-26OCT042315-15,0.0030,62.36,yes
2026-10-05T03:14:42.356243Z,KXBTC15M-26OCT042315-15,0.0030,21.17,yes
2026-10-05T03:14:42.433371Z,KXBTC15M-26OCT042315-15,0.0030,170.05,yes
2026-10-05T03:14:42.439503Z,KXBTC15M-26OCT042315-15,0.0030,7.39,yes
2026-10-05T03:14:42.461073Z,KXBTC15M-26OCT042315-15,0.0030,0.01,yes
2026-10-05T03:14:42.461073Z,KXBTC15M-26OCT042315-15,0.0040,6.65,yes
2026-10-05T03:14:42.461073Z,KXBTC15M-26OCT042315-15,0.0030,0.01,yes
2026-10-05T03:14:42.461073Z,KXBTC15M-26OCT042315-15,0.0030,619.20,yes
2026-10-05T03:14:42.671199Z,KXBTC15M-26OCT042315-15,0.0020,0.01,no
2026-10-05T03:14:42.671199Z,KXBTC15M-26OCT042315-15,0.0020,12.34,no
2026-10-05T03:14:42.710516Z,KXBTC15M-26OCT042315-15,0.0020,22.97,no
2026-10-05T03:14:42.710516Z,KXBTC15M-26OCT042315-15,0.0020,0.01,no
2026-10-05T03:14:42.710516Z,KXBTC15M-26OCT042315-15,0.0020,15.66,no
2026-10-05T03:14:42.80576Z,KXBTC15M-26OCT042315-15,0.0010,145.08,no
2026-10-05T03:14:42.80576Z,KXBTC15M-26OCT042315-15,0.0020,0.01,no
2026-10-05T03:14:42.80576Z,KXBTC15M-26OCT042315-15,0.0020,15.66,no
2026-10-05T03:14:42.80576Z,KXBTC15M-26OCT042315-15,0.0020,12.34,no
2026-10-05T03:14:42.80576Z,KXBTC15M-26OCT042315-15,0.0020,26.90,no
2026-10-05T03:14:42.80576Z,KXBTC15M-26OCT042315-15,0.0020,0.01,no
2026-10-05T03:14:42.826079Z,KXBTC15M-26OCT042315-15,0.0020,11.34,no
2026-10-05T03:14:42.826079Z,KXBTC15M-26OCT042315-15,0.0020,0.01,no
2026-10-05T03:14:42.895997Z,KXBTC15M-26OCT042315-15,0.0030,0.01,yes
2026-10-05T03:14:42.895997Z,KXBTC15M-26OCT042315-15,0.0030,36.10,yes
2026-10-05T03:14:42.895997Z,KXBTC15M-26OCT042315-15,0.0030,0.01,yes
2026-10-05T03:14:42.898994Z,KXBTC15M-26OCT042315-15,0.0030,186.97,yes
2026-10-05T03:14:42.958697Z,KXBTC15M-26OCT042315-15,0.0030,305.35,yes
2026-10-05T03:14:42.976989Z,KXBTC15M-26OCT042315-15,0.0030,43.04,yes
2026-10-05T03:14:42.984819Z,KXBTC15M-26OCT042315-15,0.0010,20.56,no
2026-10-05T03:14:42.984819Z,KXBTC15M-26OCT042315-15,0.0020,0.01,no
2026-10-05T03:14:42.984819Z,KXBTC15M-26OCT042315-15,0.0020,11.34,no
2026-10-05T03:14:42.984819Z,KXBTC15M-26OCT042315-15,0.0020,16.66,no
2026-10-05T03:14:42.984819Z,KXBTC15M-26OCT042315-15,0.0020,0.01,no
2026-10-05T03:14:42.989191Z,KXBTC15M-26OCT042315-15,0.0010,41.25,no
2026-10-05T03:14:43.023647Z,KXBTC15M-26OCT042315-15,0.0030,5.63,yes
2026-10-05T03:14:43.035462Z,KXBTC15M-26OCT042315-15,0.0010,46.87,no
2026-10-05T03:14:43.035462Z,KXBTC15M-26OCT042315-15,0.0020,0.01,no
2026-10-05T03:14:43.035462Z,KXBTC15M-26OCT042315-15,0.0020,0.01,no
2026-10-05T03:14:43.035462Z,KXBTC15M-26OCT042315-15,0.0020,28.00,no
2026-10-05T03:14:43.038446Z,KXBTC15M-26OCT042315-15,0.0030,1.01,yes
2026-10-05T03:14:43.047773Z,KXBTC15M-26OCT042315-15,0.0020,5.69,yes
2026-10-05T03:14:43.076158Z,KXBTC15M-26OCT042315-15,0.0020,0.01,yes
2026-10-05T03:14:43.076158Z,KXBTC15M-26OCT042315-15,0.0020,41.18,yes
2026-10-05T03:14:43.076158Z,KXBTC15M-26OCT042315-15,0.0020,0.01,yes
2026-10-05T03:14:43.076158Z,KXBTC15M-26OCT042315-15,0.0030,121.66,yes
2026-10-05T03:14:43.102978Z,KXBTC15M-26OCT042315-15,0.0020,0.01,yes
2026-10-05T03:14:43.102978Z,KXBTC15M-26OCT042315-15,0.0020,0.01,yes
2026-10-05T03:14:43.102978Z,KXBTC15M-26OCT042315-15,0.0030,44.87,yes
2026-10-05T03:14:43.119292Z,KXBTC15M-26OCT042315-15,0.0020,0.01,yes
2026-10-05T03:14:43.119292Z,KXBTC15M-26OCT042315-15,0.0020,0.01,yes
2026-10-05T03:14:43.119292Z,KXBTC15M-26OCT042315-15,0.0030,162.84,yes
2026-10-05T03:14:43.135866Z,KXBTC15M-26OCT042315-15,0.0030,1565.28,yes
2026-10-05T03:14:43.150367Z,KXBTC15M-26OCT042315-15,0.0030,318.70,yes
2026-10-05T03:14:43.154059Z,KXBTC15M-26OCT042315-15,0.0030,11.03,yes
2026-10-05T03:14:43.155575Z,KXBTC15M-26OCT042315-15,0.0010,8.05,no
2026-10-05T03:14:43.155575Z,KXBTC15M-26OCT042315-15,0.0010,200.00,no
2026-10-05T03:14:43.155575Z,KXBTC15M-26OCT042315-15,0.0010,592.95,no
2026-10-05T03:14:43.155575Z,KXBTC15M-26OCT042315-15,0.0010,200.00,no
2026-10-05T03:14:43.165967Z,KXBTC15M-26OCT042315-15,0.0030,11.03,yes
2026-10-05T03:14:43.194303Z,KXBTC15M-26OCT042315-15,0.0020,162.86,yes
2026-10-05T03:14:43.248306Z,KXBTC15M-26OCT042315-15,0.0020,8.05,yes
2026-10-05T03:14:43.248306Z,KXBTC15M-26OCT042315-15,0.0020,55.97,yes
2026-10-05T03:14:43.248306Z,KXBTC15M-26OCT042315-15,0.0020,37.14,yes
2026-10-05T03:14:43.288847Z,KXBTC15M-26OCT042315-15,0.0010,35.78,no
2026-10-05T03:14:43.306408Z,KXBTC15M-26OCT042315-15,0.0020,0.01,yes
2026-10-05T03:14:43.306408Z,KXBTC15M-26OCT042315-15,0.0020,144.03,yes
2026-10-05T03:14:43.306408Z,KXBTC15M-26OCT042315-15,0.0020,0.01,yes
2026-10-05T03:14:43.306408Z,KXBTC15M-26OCT042315-15,0.0020,10.00,yes
2026-10-05T03:14:43.306408Z,KXBTC15M-26OCT042315-15,0.0030,157.54,yes
2026-10-05T03:14:43.308994Z,KXBTC15M-26OCT042315-15,0.0030,24.94,yes
2026-10-05T03:14:43.324654Z,KXBTC15M-26OCT042315-15,0.0020,0.01,yes
2026-10-05T03:14:43.324654Z,KXBTC15M-26OCT042315-15,0.0020,35.78,yes
2026-10-05T03:14:43.324654Z,KXBTC15M-26OCT042315-15,0.0020,0.01,yes
2026-10-05T03:14:43.324654Z,KXBTC15M-26OCT042315-15,0.0030,10.14,yes
2026-10-05T03:14:43.386383Z,KXBTC15M-26OCT042315-15,0.0020,0.01,yes
2026-10-05T03:14:43.386383Z,KXBTC15M-26OCT042315-15,0.0020,0.01,yes
2026-10-05T03:14:43.386383Z,KXBTC15M-26OCT042315-15,0.0030,311.57,yes
2026-10-05T03:14:43.416804Z,KXBTC15M-26OCT042315-15,0.0020,0.01,yes
2026-10-05T03:14:43.416804Z,KXBTC15M-26OCT042315-15,0.0020,0.01,yes
2026-10-05T03:14:43.416804Z,KXBTC15M-26OCT042315-15,0.0030,99.40,yes
2026-10-05T03:14:43.443392Z,KXBTC15M-26OCT042315-15,0.0020,0.01,yes
2026-10-05T03:14:43.443392Z,KXBTC15M-26OCT042315-15,0.0020,0.01,yes
2026-10-05T03:14:43.443392Z,KXBTC15M-26OCT042315-15,0.0030,193.98,yes
2026-10-05T03:14:43.445541Z,KXBTC15M-26OCT042315-15,0.0030,0.01,yes
2026-10-05T03:14:43.445541Z,KXBTC15M-26OCT042315-15,0.0030,0.01,yes
2026-10-05T03:14:43.445541Z,KXBTC15M-26OCT042315-15,0.0030,61.81,yes
2026-10-05T03:14:43.445541Z,KXBTC15M-26OCT042315-15,0.0030,145.08,yes
2026-10-05T03:14:43.445541Z,KXBTC15M-26OCT042315-15,0.0030,61.92,yes
2026-10-05T03:14:43.445541Z,KXBTC15M-26OCT042315-15,0.0040,35.97,yes
2026-10-05T03:14:43.530414Z,KXBTC15M-26OCT042315-15,0.0040,592.95,yes
2026-10-05T03:14:43.530414Z,KXBTC15M-26OCT042315-15,0.0020,0.01,yes
2026-10-05T03:14:43.530414Z,KXBTC15M-26OCT042315-15,0.0040,0.01,yes
2026-10-05T03:14:43.530414Z,KXBTC15M-26OCT042315-15,0.0060,265.32,yes
2026-10-05T03:14:43.530414Z,KXBTC15M-26OCT042315-15,0.0020,0.01,yes
2026-10-05T03:14:43.530414Z,KXBTC15M-26OCT042315-15,0.0060,3141.00,yes
2026-10-05T03:14:43.530414Z,KXBTC15M-26OCT042315-15,0.0030,30.00,yes
2026-10-05T03:14:43.530414Z,KXBTC15M-26OCT042315-15,0.0040,36.00,yes
2026-10-05T03:14:43.592915Z,KXBTC15M-26OCT042315-15,0.0050,17.94,no
2026-10-05T03:14:43.607995Z,KXBTC15M-26OCT042315-15,0.0070,0.01,yes
2026-10-05T03:14:43.607995Z,KXBTC15M-26OCT042315-15,0.0080,40.00,yes
2026-10-05T03:14:43.607995Z,KXBTC15M-26OCT042315-15,0.0070,0.01,yes
2026-10-05T03:14:43.607995Z,KXBTC15M-26OCT042315-15,0.0080,25.00,yes
2026-10-05T03:14:43.607995Z,KXBTC15M-26OCT042315-15,0.0090,840.77,yes
2026-10-05T03:14:43.616838Z,KXBTC15M-26OCT042315-15,0.0080,10.00,no
2026-10-05T03:14:43.620546Z,KXBTC15M-26OCT042315-15,0.0080,3131.00,no
2026-10-05T03:14:43.620546Z,KXBTC15M-26OCT042315-15,0.0080,0.01,no
2026-10-05T03:14:43.620546Z,KXBTC15M-26OCT042315-15,0.0080,0.01,no
2026-10-05T03:14:43.639446Z,KXBTC15M-26OCT042315-15,0.0050,0.01,no
2026-10-05T03:14:43.639446Z,KXBTC15M-26OCT042315-15,0.0060,0.01,no
2026-10-05T03:14:43.639446Z,KXBTC15M-26OCT042315-15,0.0060,0.01,no
2026-10-05T03:14:43.639446Z,KXBTC15M-26OCT042315-15,0.0050,0.01,no
2026-10-05T03:14:43.639446Z,KXBTC15M-26OCT042315-15,0.0040,101.12,no
2026-10-05T03:14:43.703788Z,KXBTC15M-26OCT042315-15,0.0060,0.01,no
2026-10-05T03:14:43.703788Z,KXBTC15M-26OCT042315-15,0.0060,0.01,no
2026-10-05T03:14:43.716849Z,KXBTC15M-26OCT042315-15,0.0070,2677.33,yes
2026-10-05T03:14:43.756283Z,KXBTC15M-26OCT042315-15,0.0060,0.01,no
2026-10-05T03:14:43.756283Z,KXBTC15M-26OCT042315-15,0.0060,1.48,no
2026-10-05T03:14:43.756283Z,KXBTC15M-26OCT042315-15,0.0060,0.01,no
2026-10-05T03:14:43.823262Z,KXBTC15M-26OCT042315-15,0.0150,11.73,yes
2026-10-05T03:14:43.823262Z,KXBTC15M-26OCT042315-15,0.0070,118.00,yes
2026-10-05T03:14:43.823262Z,KXBTC15M-26OCT042315-15,0.0140,1.00,yes
2026-10-05T03:14:43.823262Z,KXBTC15M-26OCT042315-15,0.0100,5.00,yes
2026-10-05T03:14:43.823262Z,KXBTC15M-26OCT042315-15,0.0100,20.00,yes
2026-10-05T03:14:43.823262Z,KXBTC15M-26OCT042315-15,0.0080,10.00,yes
2026-10-05T03:14:43.823262Z,KXBTC15M-26OCT042315-15,0.0070,0.01,yes
2026-10-05T03:14:43.823262Z,KXBTC15M-26OCT042315-15,0.0090,159.23,yes
2026-10-05T03:14:43.823262Z,KXBTC15M-26OCT042315-15,0.0140,13.00,yes
2026-10-05T03:14:43.823262Z,KXBTC15M-26OCT042315-15,0.0080,40.00,yes
2026-10-05T03:14:43.823262Z,KXBTC15M-26OCT042315-15,0.0070,0.01,yes
2026-10-05T03:14:43.823262Z,KXBTC15M-26OCT042315-15,0.0100,24.47,yes
2026-10-05T03:14:43.823262Z,KXBTC15M-26OCT042315-15,0.0150,64.00,yes
2026-10-05T03:14:43.823262Z,KXBTC15M-26OCT042315-15,0.0100,50.00,yes
2026-10-05T03:14:43.823262Z,KXBTC15M-26OCT042315-15,0.0100,0.55,yes
2026-10-05T03:14:43.823262Z,KXBTC15M-26OCT042315-15,0.0100,5.00,yes
2026-10-05T03:14:43.823262Z,KXBTC15M-26OCT042315-15,0.0130,12.00,yes
2026-10-05T03:14:43.823262Z,KXBTC15M-26OCT042315-15,0.0100,1.00,yes
2026-10-05T03:14:43.823262Z,KXBTC15M-26OCT042315-15,0.0140,48.00,yes
2026-10-05T03:14:43.823262Z,KXBTC15M-26OCT042315-15,0.0100,1.00,yes
2026-10-05T03:14:43.860791Z,KXBTC15M-26OCT042315-15,0.0060,256.00,no
2026-10-05T03:14:43.907543Z,KXBTC15M-26OCT042315-15,0.0140,3.78,yes
2026-10-05T03:14:43.907543Z,KXBTC15M-26OCT042315-15,0.0130,14.00,yes
2026-10-05T03:14:43.907543Z,KXBTC15M-26OCT042315-15,0.0070,0.01,yes
2026-10-05T03:14:43.907543Z,KXBTC15M-26OCT042315-15,0.0100,50.00,yes
2026-10-05T03:14:43.907543Z,KXBTC15M-26OCT042315-15,0.0070,146.00,yes
2026-10-05T03:14:43.907543Z,KXBTC15M-26OCT042315-15,0.0070,0.01,yes
2026-10-05T03:14:43.910148Z,KXBTC15M-26OCT042315-15,0.0060,15.76,no
2026-10-05T03:14:43.97337Z,KXBTC15M-26OCT042315-15,0.0100,20.00,no
2026-10-05T03:14:43.998116Z,KXBTC15M-26OCT042315-15,0.0100,0.01,no
2026-10-05T03:14:43.998116Z,KXBTC15M-26OCT042315-15,0.0070,9.98,no
2026-10-05T03:14:43.998116Z,KXBTC15M-26OCT042315-15,0.0100,30.00,no
2026-10-05T03:14:43.998116Z,KXBTC15M-26OCT042315-15,0.0100,0.01,no
2026-10-05T03:14:44.055329Z,KXBTC15M-26OCT042315-15,0.0100,16.44,no
2026-10-05T03:14:44.055329Z,KXBTC15M-26OCT042315-15,0.0100,0.01,no
2026-10-05T03:14:44.072272Z,KXBTC15M-26OCT042315-15,0.0100,33.56,no
2026-10-05T03:14:44.072272Z,KXBTC15M-26OCT042315-15,0.0100,0.01,no
2026-10-05T03:14:44.072272Z,KXBTC15M-26OCT042315-15,0.0070,0.01,no
2026-10-05T03:14:44.072272Z,KXBTC15M-26OCT042315-15,0.0100,0.01,no
2026-10-05T03:14:44.072272Z,KXBTC15M-26OCT042315-15,0.0060,1855.41,no
2026-10-05T03:14:44.072272Z,KXBTC15M-26OCT042315-15,0.0070,15.00,no
2026-10-05T03:14:44.099066Z,KXBTC15M-26OCT042315-15,0.0050,0.01,no
2026-10-05T03:14:44.099066Z,KXBTC15M-26OCT042315-15,0.0100,50.00,no
2026-10-05T03:14:44.099066Z,KXBTC15M-26OCT042315-15,0.0100,0.01,no
2026-10-05T03:14:44.099066Z,KXBTC15M-26OCT042315-15,0.0050,0.01,no
2026-10-05T03:14:44.099066Z,KXBTC15M-26OCT042315-15,0.0050,2.15,no
2026-10-05T03:14:44.099066Z,KXBTC15M-26OCT042315-15,0.0100,0.01,no
2026-10-05T03:14:44.138585Z,KXBTC15M-26OCT042315-15,0.0080,20.09,yes
2026-10-05T03:14:44.143917Z,KXBTC15M-26OCT042315-15,0.0080,38.38,yes
2026-10-05T03:14:44.237998Z,KXBTC15M-26OCT042315-15,0.0060,0.85,yes
2026-10-05T03:14:44.31171Z,KXBTC15M-26OCT042315-15,0.0100,7.00,yes
2026-10-05T03:14:44.31171Z,KXBTC15M-26OCT042315-15,0.0100,16.00,yes
2026-10-05T03:14:44.31171Z,KXBTC15M-26OCT042315-15,0.0070,0.01,yes
2026-10-05T03:14:44.31171Z,KXBTC15M-26OCT042315-15,0.0060,0.01,yes
2026-10-05T03:14:44.31171Z,KXBTC15M-26OCT042315-15,0.0070,0.01,yes
2026-10-05T03:14:44.31171Z,KXBTC15M-26OCT042315-15,0.0080,0.01,yes
2026-10-05T03:14:44.31171Z,KXBTC15M-26OCT042315-15,0.0060,0.01,yes
2026-10-05T03:14:44.31171Z,KXBTC15M-26OCT042315-15,0.0080,0.01,yes
2026-10-05T03:14:44.31171Z,KXBTC15M-26OCT042315-15,0.0100,50.00,yes
2026-10-05T03:14:44.31171Z,KXBTC15M-26OCT042315-15,0.0110,239.14,yes
2026-10-05T03:14:44.31171Z,KXBTC15M-26OCT042315-15,0.0100,1.00,yes
2026-10-05T03:14:44.31171Z,KXBTC15M-26OCT042315-15,0.0060,34.15,yes
2026-10-05T03:14:44.347632Z,KXBTC15M-26OCT042315-15,0.0060,0.01,yes
2026-10-05T03:14:44.347632Z,KXBTC15M-26OCT042315-15,0.0060,0.01,yes
2026-10-05T03:14:44.347632Z,KXBTC15M-26OCT042315-15,0.0060,33.98,yes
2026-10-05T03:14:44.352732Z,KXBTC15M-26OCT042315-15,0.0060,5.10,yes
2026-10-05T03:14:44.390496Z,KXBTC15M-26OCT042315-15,0.0060,62.36,yes
2026-10-05T03:14:44.395245Z,KXBTC15M-26OCT042315-15,0.0060,170.05,yes
2026-10-05T03:14:44.405863Z,KXBTC15M-26OCT042315-15,0.0060,0.01,yes
2026-10-05T03:14:44.405863Z,KXBTC15M-26OCT042315-15,0.0090,10.00,yes
2026-10-05T03:14:44.405863Z,KXBTC15M-26OCT042315-15,0.0100,16.00,yes
2026-10-05T03:14:44.405863Z,KXBTC15M-26OCT042315-15,0.0060,0.01,yes
2026-10-05T03:14:44.405863Z,KXBTC15M-26OCT042315-15,0.0110,31.90,yes
2026-10-05T03:14:44.405863Z,KXBTC15M-26OCT042315-15,0.0100,50.00,yes
2026-10-05T03:14:44.405863Z,KXBTC15M-26OCT042315-15,0.0100,1.00,yes
2026-10-05T03:14:44.42494Z,KXBTC15M-26OCT042315-15,0.0060,0.01,yes
2026-10-05T03:14:44.42494Z,KXBTC15M-26OCT042315-15,0.0070,35.31,yes
2026-10-05T03:14:44.437282Z,KXBTC15M-26OCT042315-15,0.0060,0.01,yes
2026-10-05T03:14:44.437282Z,KXBTC15M-26OCT042315-15,0.0070,0.01,yes
2026-10-05T03:14:44.437282Z,KXBTC15M-26OCT042315-15,0.0070,46.00,yes
2026-10-05T03:14:44.437282Z,KXBTC15M-26OCT042315-15,0.0100,50.00,yes
2026-10-05T03:14:44.437282Z,KXBTC15M-26OCT042315-15,0.0070,0.01,yes
2026-10-05T03:14:44.437282Z,KXBTC15M-26OCT042315-15,0.0100,4.00,yes
2026-10-05T03:14:44.437282Z,KXBTC15M-26OCT042315-15,0.0110,202.88,yes
2026-10-05T03:14:44.437282Z,KXBTC15M-26OCT042315-15,0.0100,16.00,yes
2026-10-05T03:14:44.483853Z,KXBTC15M-26OCT042315-15,0.0070,0.01,yes
2026-10-05T03:14:44.483853Z,KXBTC15M-26OCT042315-15,0.0070,0.01,yes
2026-10-05T03:14:44.517999Z,KXBTC15M-26OCT042315-15,0.0050,4.71,no
2026-10-05T03:14:44.517999Z,KXBTC15M-26OCT042315-15,0.0050,0.01,no
2026-10-05T03:14:44.517999Z,KXBTC15M-26OCT042315-15,0.0050,0.01,no
2026-10-05T03:14:44.531061Z,KXBTC15M-26OCT042315-15,0.0070,0.01,yes
2026-10-05T03:14:44.531061Z,KXBTC15M-26OCT042315-15,0.0070,0.01,yes
2026-10-05T03:14:44.531061Z,KXBTC15M-26OCT042315-15,0.0100,0.01,yes
2026-10-05T03:14:44.531061Z,KXBTC15M-26OCT042315-15,0.0110,120.02,yes
2026-10-05T03:14:44.531061Z,KXBTC15M-26OCT042315-15,0.0100,50.00,yes
2026-10-05T03:14:44.581306Z,KXBTC15M-26OCT042315-15,0.0050,16.29,no
2026-10-05T03:14:44.581306Z,KXBTC15M-26OCT042315-15,0.0050,0.01,no
2026-10-05T03:14:44.581306Z,KXBTC15M-26OCT042315-15,0.0050,0.01,no
2026-10-05T03:14:44.613502Z,KXBTC15M-26OCT042315-15,0.0090,0.01,yes
2026-10-05T03:14:44.613502Z,KXBTC15M-26OCT042315-15,0.0100,50.00,yes
2026-10-05T03:14:44.613502Z,KXBTC15M-26OCT042315-15,0.0090,0.01,yes
2026-10-05T03:14:44.613502Z,KXBTC15M-26OCT042315-15,0.0090,93.00,yes
2026-10-05T03:14:44.613502Z,KXBTC15M-26OCT042315-15,0.0100,16.00,yes
2026-10-05T03:14:44.613502Z,KXBTC15M-26OCT042315-15,0.0110,85.96,yes
2026-10-05T03:14:44.645265Z,KXBTC15M-26OCT042315-15,0.0060,10.80,no
2026-10-05T03:14:44.721478Z,KXBTC15M-26OCT042315-15,0.0100,16.00,yes
2026-10-05T03:14:44.721478Z,KXBTC15M-26OCT042315-15,0.0110,26.91,yes
2026-10-05T03:14:44.721478Z,KXBTC15M-26OCT042315-15,0.0100,1.00,yes
2026-10-05T03:14:44.721478Z,KXBTC15M-26OCT042315-15,0.0100,0.01,yes
2026-10-05T03:14:44.721478Z,KXBTC15M-26OCT042315-15,0.0100,1.00,yes
2026-10-05T03:14:44.80292Z,KXBTC15M-26OCT042315-15,0.0030,25.00,no
2026-10-05T03:14:44.80292Z,KXBTC15M-26OCT042315-15,0.0050,64.00,no
2026-10-05T03:14:44.80292Z,KXBTC15M-26OCT042315-15,0.0060,0.01,no
2026-10-05T03:14:44.80292Z,KXBTC15M-26OCT042315-15,0.0060,0.01,no
2026-10-05T03:14:44.80292Z,KXBTC15M-26OCT042315-15,0.0070,0.01,no
2026-10-05T03:14:44.80292Z,KXBTC15M-26OCT042315-15,0.0070,0.01,no
2026-10-05T03:14:44.80292Z,KXBTC15M-26OCT042315-15,0.0020,709.71,no
2026-10-05T03:14:44.80292Z,KXBTC15M-26OCT042315-15,0.0040,114.00,no
2026-10-05T03:14:44.906803Z,KXBTC15M-26OCT042315-15,0.0050,0.01,no
2026-10-05T03:14:44.906803Z,KXBTC15M-26OCT042315-15,0.0030,24.96,no
2026-10-05T03:14:44.906803Z,KXBTC15M-26OCT042315-15,0.0070,0.01,no
2026-10-05T03:14:44.906803Z,KXBTC15M-26OCT042315-15,0.0050,0.01,no
2026-10-05T03:14:44.906803Z,KXBTC15M-26OCT042315-15,0.0070,0.01,no
2026-10-05T03:14:44.951556Z,KXBTC15M-26OCT042315-15,0.0080,47.15,yes
2026-10-05T03:14:44.968982Z,KXBTC15M-26OCT042315-15,0.0080,69.00,yes
2026-10-05T03:14:44.968982Z,KXBTC15M-26OCT042315-15,0.0100,1.00,yes
2026-10-05T03:14:44.968982Z,KXBTC15M-26OCT042315-15,0.0080,0.01,yes
2026-10-05T03:14:44.968982Z,KXBTC15M-26OCT042315-15,0.0080,2.85,yes
2026-10-05T03:14:44.968982Z,KXBTC15M-26OCT042315-15,0.0080,0.01,yes
2026-10-05T03:14:44.968982Z,KXBTC15M-26OCT042315-15,0.0110,134.43,yes
2026-10-05T03:14:44.968982Z,KXBTC15M-26OCT042315-15,0.0100,16.00,yes
2026-10-05T03:14:44.968982Z,KXBTC15M-26OCT042315-15,0.0090,10.00,yes
2026-10-05T03:14:45.068959Z,KXBTC15M-26OCT042315-15,0.0100,4.00,yes
2026-10-05T03:14:45.068959Z,KXBTC15M-26OCT042315-15,0.0110,80.46,yes
2026-10-05T03:14:45.068959Z,KXBTC15M-26OCT042315-15,0.0080,0.01,yes
2026-10-05T03:14:45.068959Z,KXBTC15M-26OCT042315-15,0.0080,0.01,yes
2026-10-05T03:14:45.073171Z,KXBTC15M-26OCT042315-15,0.0060,20.00,no
2026-10-05T03:14:45.073171Z,KXBTC15M-26OCT042315-15,0.0050,42.15,no
2026-10-05T03:14:45.073171Z,KXBTC15M-26OCT042315-15,0.0070,0.01,no
2026-10-05T03:14:45.073171Z,KXBTC15M-26OCT042315-15,0.0070,0.01,no
2026-10-05T03:14:45.096591Z,KXBTC15M-26OCT042315-15,0.0060,0.01,no
2026-10-05T03:14:45.096591Z,KXBTC15M-26OCT042315-15,0.0060,0.01,no
2026-10-05T03:14:45.096591Z,KXBTC15M-26OCT042315-15,0.0050,19.98,no
2026-10-05T03:14:45.107689Z,KXBTC15M-26OCT042315-15,0.0050,0.01,no
2026-10-05T03:14:45.107689Z,KXBTC15M-26OCT042315-15,0.0050,0.01,no
2026-10-05T03:14:45.107689Z,KXBTC15M-26OCT042315-15,0.0060,0.01,no
2026-10-05T03:14:45.107689Z,KXBTC15M-26OCT042315-15,0.0050,5.75,no
2026-10-05T03:14:45.107689Z,KXBTC15M-26OCT042315-15,0.0060,0.01,no
2026-10-05T03:14:45.107689Z,KXBTC15M-26OCT042315-15,0.0050,1.87,no
2026-10-05T03:14:45.132913Z,KXBTC15M-26OCT042315-15,0.0050,51.13,no
2026-10-05T03:14:45.192869Z,KXBTC15M-26OCT042315-15,0.0080,18.95,yes
2026-10-05T03:14:45.241565Z,KXBTC15M-26OCT042315-15,0.0050,1.00,no
2026-10-05T03:14:45.348667Z,KXBTC15M-26OCT042315-15,0.0080,0.02,yes
2026-10-05T03:14:45.397687Z,KXBTC15M-26OCT042315-15,0.0080,0.01,yes
2026-10-05T03:14:45.397687Z,KXBTC15M-26OCT042315-15,0.0090,17.00,yes
2026-10-05T03:14:45.397687Z,KXBTC15M-26OCT042315-15,0.0100,121.95,yes
2026-10-05T03:14:45.397687Z,KXBTC15M-26OCT042315-15,0.0080,0.01,yes
2026-10-05T03:14:45.397687Z,KXBTC15M-26OCT042315-15,0.0080,34.03,yes
2026-10-05T03:14:45.397687Z,KXBTC15M-26OCT042315-15,0.0100,1.00,yes
2026-10-05T03:14:45.397687Z,KXBTC15M-26OCT042315-15,0.0100,1.00,yes
2026-10-05T03:14:45.440363Z,KXBTC15M-26OCT042315-15,0.0090,17.00,yes
2026-10-05T03:14:45.440363Z,KXBTC15M-26OCT042315-15,0.0090,0.01,yes
2026-10-05T03:14:45.440363Z,KXBTC15M-26OCT042315-15,0.0080,0.01,yes
2026-10-05T03:14:45.440363Z,KXBTC15M-26OCT042315-15,0.0090,0.01,yes
2026-10-05T03:14:45.440363Z,KXBTC15M-26OCT042315-15,0.0080,0.01,yes
2026-10-05T03:14:45.440363Z,KXBTC15M-26OCT042315-15,0.0100,61.44,yes
2026-10-05T03:14:45.440363Z,KXBTC15M-26OCT042315-15,0.0080,6.00,yes
2026-10-05T03:14:45.441197Z,KXBTC15M-26OCT042315-15,0.0100,732.19,yes
2026-10-05T03:14:45.441755Z,KXBTC15M-26OCT042315-15,0.0100,0.39,yes
2026-10-05T03:14:45.478811Z,KXBTC15M-26OCT042315-15,0.0080,0.01,yes
2026-10-05T03:14:45.478811Z,KXBTC15M-26OCT042315-15,0.0080,6.00,yes
2026-10-05T03:14:45.478811Z,KXBTC15M-26OCT042315-15,0.0100,159.65,yes
2026-10-05T03:14:45.478811Z,KXBTC15M-26OCT042315-15,0.0080,0.01,yes
2026-10-05T03:14:45.478811Z,KXBTC15M-26OCT042315-15,0.0090,17.00,yes
2026-10-05T03:14:45.504402Z,KXBTC15M-26OCT042315-15,0.0100,823.16,yes
2026-10-05T03:14:45.504402Z,KXBTC15M-26OCT042315-15,0.0090,17.00,yes
2026-10-05T03:14:45.504402Z,KXBTC15M-26OCT042315-15,0.0080,0.01,yes
2026-10-05T03:14:45.539545Z,KXBTC15M-26OCT042315-15,0.0080,19.87,yes
2026-10-05T03:14:45.625679Z,KXBTC15M-26OCT042315-15,0.0060,35.89,no
2026-10-05T03:14:45.629226Z,KXBTC15M-26OCT042315-15,0.0010,28.85,no
2026-10-05T03:14:45.629226Z,KXBTC15M-26OCT042315-15,0.0020,6.00,no
2026-10-05T03:14:45.629226Z,KXBTC15M-26OCT042315-15,0.0030,25.00,no
2026-10-05T03:14:45.629226Z,KXBTC15M-26OCT042315-15,0.0050,0.01,no
2026-10-05T03:14:45.629226Z,KXBTC15M-26OCT042315-15,0.0050,64.00,no
2026-10-05T03:14:45.629226Z,KXBTC15M-26OCT042315-15,0.0050,0.01,no
2026-10-05T03:14:45.629226Z,KXBTC15M-26OCT042315-15,0.0050,62.00,no
2026-10-05T03:14:45.629226Z,KXBTC15M-26OCT042315-15,0.0020,337.29,no
2026-10-05T03:14:45.629226Z,KXBTC15M-26OCT042315-15,0.0060,247.84,no
2026-10-05T03:14:45.720148Z,KXBTC15M-26OCT042315-15,0.0070,7.00,yes
2026-10-05T03:14:45.722696Z,KXBTC15M-26OCT042315-15,0.0080,0.01,yes
2026-10-05T03:14:45.722696Z,KXBTC15M-26OCT042315-15,0.0080,0.01,yes
2026-10-05T03:14:45.722696Z,KXBTC15M-26OCT042315-15,0.0070,0.01,yes
2026-10-05T03:14:45.722696Z,KXBTC15M-26OCT042315-15,0.0070,17.00,yes
2026-10-05T03:14:45.722696Z,KXBTC15M-26OCT042315-15,0.0080,28.80,yes
2026-10-05T03:14:45.722696Z,KXBTC15M-26OCT042315-15,0.0070,28.85,yes
2026-10-05T03:14:45.722696Z,KXBTC15M-26OCT042315-15,0.0070,0.01,yes
2026-10-05T03:14:45.722696Z,KXBTC15M-26OCT042315-15,0.0070,3.00,yes
2026-10-05T03:14:45.722696Z,KXBTC15M-26OCT042315-15,0.0070,287.99,yes
2026-10-05T03:14:45.729804Z,KXBTC15M-26OCT042315-15,0.0080,93.50,yes
2026-10-05T03:14:45.729804Z,KXBTC15M-26OCT042315-15,0.0070,0.01,yes
2026-10-05T03:14:45.735356Z,KXBTC15M-26OCT042315-15,0.0070,17.00,yes
2026-10-05T03:14:45.735356Z,KXBTC15M-26OCT042315-15,0.0080,292.00,yes
2026-10-05T03:14:45.753579Z,KXBTC15M-26OCT042315-15,0.0080,6.46,yes
2026-10-05T03:14:45.757701Z,KXBTC15M-26OCT042315-15,0.0080,5.84,yes
2026-10-05T03:14:45.764408Z,KXBTC15M-26OCT042315-15,0.0080,100.63,yes
2026-10-05T03:14:45.776887Z,KXBTC15M-26OCT042315-15,0.0080,935.19,yes
2026-10-05T03:14:45.777518Z,KXBTC15M-26OCT042315-15,0.0080,52.00,yes
2026-10-05T03:14:45.791676Z,KXBTC15M-26OCT042315-15,0.0060,0.01,no
2026-10-05T03:14:45.791676Z,KXBTC15M-26OCT042315-15,0.0040,3.05,no
2026-10-05T03:14:45.791676Z,KXBTC15M-26OCT042315-15,0.0060,0.01,no
2026-10-05T03:14:45.805983Z,KXBTC15M-26OCT042315-15,0.0100,25.61,yes
2026-10-05T03:14:45.805983Z,KXBTC15M-26OCT042315-15,0.0090,17.00,yes
2026-10-05T03:14:45.805983Z,KXBTC15M-26OCT042315-15,0.0090,6.00,yes
2026-10-05T03:14:45.805983Z,KXBTC15M-26OCT042315-15,0.0080,52.00,yes
2026-10-05T03:14:45.805983Z,KXBTC15M-26OCT042315-15,0.0080,0.01,yes
2026-10-05T03:14:45.805983Z,KXBTC15M-26OCT042315-15,0.0080,0.01,yes
2026-10-05T03:14:45.828162Z,KXBTC15M-26OCT042315-15,0.0100,83.51,yes
2026-10-05T03:14:45.828162Z,KXBTC15M-26OCT042315-15,0.0070,10.00,yes
2026-10-05T03:14:45.874511Z,KXBTC15M-26OCT042315-15,0.0050,0.01,no
2026-10-05T03:14:45.874511Z,KXBTC15M-26OCT042315-15,0.0050,10.00,no
2026-10-05T03:14:45.874511Z,KXBTC15M-26OCT042315-15,0.0050,0.01,no
2026-10-05T03:14:45.874511Z,KXBTC15M-26OCT042315-15,0.0050,64.00,no
2026-10-05T03:14:45.874511Z,KXBTC15M-26OCT042315-15,0.0050,22.00,no
2026-10-05T03:14:45.99451Z,KXBTC15M-26OCT042315-15,0.0050,689.00,yes
2026-10-05T03:14:46.023813Z,KXBTC15M-26OCT042315-15,0.0040,54.62,no
2026-10-05T03:14:46.041197Z,KXBTC15M-26OCT042315-15,0.0040,24.08,no
2026-10-05T03:14:46.054538Z,KXBTC15M-26OCT042315-15,0.0050,119.36,yes
2026-10-05T03:14:46.055149Z,KXBTC15M-26OCT042315-15,0.0050,116.88,yes
2026-10-05T03:14:46.074834Z,KXBTC15M-26OCT042315-15,0.0010,1.00,no
2026-10-05T03:14:46.074834Z,KXBTC15M-26OCT042315-15,0.0010,120.00,no
2026-10-05T03:14:46.074834Z,KXBTC15M-26OCT042315-15,0.0010,1.00,no
2026-10-05T03:14:46.074834Z,KXBTC15M-26OCT042315-15,0.0010,1177.50,no
2026-10-05T03:14:46.074834Z,KXBTC15M-26OCT042315-15,0.0010,127.32,no
2026-10-05T03:14:46.074834Z,KXBTC15M-26OCT042315-15,0.0010,100.00,no
2026-10-05T03:14:46.074834Z,KXBTC15M-26OCT042315-15,0.0010,1.00,no
2026-10-05T03:14:46.074834Z,KXBTC15M-26OCT042315-15,0.0010,2000.00,no
2026-10-05T03:14:46.074834Z,KXBTC15M-26OCT042315-15,0.0010,10.00,no
2026-10-05T03:14:46.074834Z,KXBTC15M-26OCT042315-15,0.0010,10.00,no
2026-10-05T03:14:46.074834Z,KXBTC15M-26OCT042315-15,0.0010,6.00,no
2026-10-05T03:14:46.074834Z,KXBTC15M-26OCT042315-15,0.0010,6.00,no
2026-10-05T03:14:46.074834Z,KXBTC15M-26OCT042315-15,0.0010,2.00,no
2026-10-05T03:14:46.074834Z,KXBTC15M-26OCT042315-15,0.0010,6.00,no
2026-10-05T03:14:46.074834Z,KXBTC15M-26OCT042315-15,0.0010,75.00,no
2026-10-05T03:14:46.074834Z,KXBTC15M-26OCT042315-15,0.0010,22.54,no
2026-10-05T03:14:46.074834Z,KXBTC15M-26OCT042315-15,0.0010,75.00,no
2026-10-05T03:14:46.074834Z,KXBTC15M-26OCT042315-15,0.0010,40.00,no
2026-10-05T03:14:46.074834Z,KXBTC15M-26OCT042315-15,0.0020,1047.00,no
2026-10-05T03:14:46.074834Z,KXBTC15M-26OCT042315-15,0.0010,284.36,no
2026-10-05T03:14:46.074834Z,KXBTC15M-26OCT042315-15,0.0040,0.01,no
2026-10-05T03:14:46.074834Z,KXBTC15M-26OCT042315-15,0.0010,60.00,no
2026-10-05T03:14:46.074834Z,KXBTC15M-26OCT042315-15,0.0040,109.00,no
2026-10-05T03:14:46.074834Z,KXBTC15M-26OCT042315-15,0.0040,3062.30,no
2026-10-05T03:14:46.074834Z,KXBTC15M-26OCT042315-15,0.0020,28.00,no
2026-10-05T03:14:46.074834Z,KXBTC15M-26OCT042315-15,0.0040,0.01,no
2026-10-05T03:14:46.074834Z,KXBTC15M-26OCT042315-15,0.0010,150.00,no
2026-10-05T03:14:46.074834Z,KXBTC15M-26OCT042315-15,0.0010,10.00,no
2026-10-05T03:14:46.074834Z,KXBTC15M-26OCT042315-15,0.0010,1000.00,no
2026-10-05T03:14:46.074834Z,KXBTC15M-26OCT042315-15,0.0010,2321.71,no
2026-10-05T03:14:46.074834Z,KXBTC15M-26OCT042315-15,0.0010,5.00,no
2026-10-05T03:14:46.074834Z,KXBTC15M-26OCT042315-15,0.0010,4000.00,no
2026-10-05T03:14:46.074834Z,KXBTC15M-26OCT042315-15,0.0010,5.00,no
2026-10-05T03:14:46.074834Z,KXBTC15M-26OCT042315-15,0.0010,75.00,no
2026-10-05T03:14:46.074834Z,KXBTC15M-26OCT042315-15,0.0010,75.00,no
2026-10-05T03:14:46.074834Z,KXBTC15M-26OCT042315-15,0.0010,75.00,no
2026-10-05T03:14:46.077182Z,KXBTC15M-26OCT042315-15,0.0010,38.57,yes
2026-10-05T03:14:46.083291Z,KXBTC15M-26OCT042315-15,0.0010,119.36,yes
2026-10-05T03:14:46.104364Z,KXBTC15M-26OCT042315-15,0.0020,3141.00,yes
2026-10-05T03:14:46.104364Z,KXBTC15M-26OCT042315-15,0.0020,120.00,yes
2026-10-05T03:14:46.104364Z,KXBTC15M-26OCT042315-15,0.0020,127.32,yes
2026-10-05T03:14:46.104364Z,KXBTC15M-26OCT042315-15,0.0010,1573.32,yes
2026-10-05T03:14:46.169422Z,KXBTC15M-26OCT042315-15,0.0040,0.01,yes
2026-10-05T03:14:46.169422Z,KXBTC15M-26OCT042315-15,0.0040,3.99,yes
2026-10-05T03:14:46.169422Z,KXBTC15M-26OCT042315-15,0.0040,0.01,yes
2026-10-05T03:14:46.169422Z,KXBTC15M-26OCT042315-15,0.0030,8.84,no
2026-10-05T03:14:46.176357Z,KXBTC15M-26OCT042315-15,0.0040,10.02,yes
2026-10-05T03:14:46.19903Z,KXBTC15M-26OCT042315-15,0.0040,39.01,yes
2026-10-05T03:14:46.19903Z,KXBTC15M-26OCT042315-15,0.0040,8.99,yes
2026-10-05T03:14:46.209542Z,KXBTC15M-26OCT042315-15,0.0040,365.68,yes
2026-10-05T03:14:46.284838Z,KXBTC15M-26OCT042315-15,0.0040,374.07,yes
2026-10-05T03:14:46.289454Z,KXBTC15M-26OCT042315-15,0.0040,800.00,yes
2026-10-05T03:14:46.306709Z,KXBTC15M-26OCT042315-15,0.0030,250.25,no
2026-10-05T03:14:46.313868Z,KXBTC15M-26OCT042315-15,0.0040,187.03,yes
2026-10-05T03:14:46.408249Z,KXBTC15M-26OCT042315-15,0.0040,95.00,yes
2026-10-05T03:14:46.408878Z,KXBTC15M-26OCT042315-15,0.0030,245.91,no
2026-10-05T03:14:46.445255Z,KXBTC15M-26OCT042315-15,0.0030,10.00,no
2026-10-05T03:14:46.44721Z,KXBTC15M-26OCT042315-15,0.0040,5.09,yes
2026-10-05T03:14:46.534062Z,KXBTC15M-26OCT042315-15,0.0040,21.66,yes
2026-10-05T03:14:46.538516Z,KXBTC15M-26OCT042315-15,0.0030,56.00,no
2026-10-05T03:14:46.55671Z,KXBTC15M-26OCT042315-15,0.0040,229.04,yes
2026-10-05T03:14:46.57238Z,KXBTC15M-26OCT042315-15,0.0040,458.07,yes
2026-10-05T03:14:46.596733Z,KXBTC15M-26OCT042315-15,0.0040,2.34,yes
2026-10-05T03:14:46.614652Z,KXBTC15M-26OCT042315-15,0.0040,0.01,yes
2026-10-05T03:14:46.614652Z,KXBTC15M-26OCT042315-15,0.0040,287.45,yes
2026-10-05T03:14:46.614652Z,KXBTC15M-26OCT042315-15,0.0040,10.00,yes
2026-10-05T03:14:46.614652Z,KXBTC15M-26OCT042315-15,0.0040,3.99,yes
2026-10-05T03:14:46.614652Z,KXBTC15M-26OCT042315-15,0.0040,140.00,yes
2026-10-05T03:14:46.614652Z,KXBTC15M-26OCT042315-15,0.0040,365.00,yes
2026-10-05T03:14:46.614652Z,KXBTC15M-26OCT042315-15,0.0040,0.01,yes
2026-10-05T03:14:46.614652Z,KXBTC15M-26OCT042315-15,0.0040,3.99,yes
2026-10-05T03:14:46.614652Z,KXBTC15M-26OCT042315-15,0.0040,400.00,yes
2026-10-05T03:14:46.614652Z,KXBTC15M-26OCT042315-15,0.0040,6.03,yes
2026-10-05T03:14:46.614652Z,KXBTC15M-26OCT042315-15,0.0040,8.99,yes
2026-10-05T03:14:46.614652Z,KXBTC15M-26OCT042315-15,0.0040,177.01,yes
2026-10-05T03:14:46.614652Z,KXBTC15M-26OCT042315-15,0.0040,548.00,yes
2026-10-05T03:14:46.614652Z,KXBTC15M-26OCT042315-15,0.0050,488.52,yes
2026-10-05T03:14:46.631311Z,KXBTC15M-26OCT042315-15,0.0050,186.97,yes
2026-10-05T03:14:46.649197Z,KXBTC15M-26OCT042315-15,0.0050,25.25,yes
2026-10-05T03:14:46.764826Z,KXBTC15M-26OCT042315-15,0.0030,107.00,no
2026-10-05T03:14:46.764826Z,KXBTC15M-26OCT042315-15,0.0040,0.01,no
2026-10-05T03:14:46.764826Z,KXBTC15M-26OCT042315-15,0.0040,20.00,no
2026-10-05T03:14:46.764826Z,KXBTC15M-26OCT042315-15,0.0040,0.01,no
2026-10-05T03:14:46.764826Z,KXBTC15M-26OCT042315-15,0.0030,0.01,no
2026-10-05T03:14:46.764826Z,KXBTC15M-26OCT042315-15,0.0040,284.81,no
2026-10-05T03:14:46.764826Z,KXBTC15M-26OCT042315-15,0.0030,4467.36,no
2026-10-05T03:14:46.764826Z,KXBTC15M-26OCT042315-15,0.0030,0.01,no
2026-10-05T03:14:46.764866Z,KXBTC15M-26OCT042315-15,0.0030,229.04,yes
2026-10-05T03:14:46.817689Z,KXBTC15M-26OCT042315-15,0.0020,12502.00,no
2026-10-05T03:14:46.819563Z,KXBTC15M-26OCT042315-15,0.0030,233.72,yes
2026-10-05T03:14:46.840366Z,KXBTC15M-26OCT042315-15,0.0030,233.72,yes
2026-10-05T03:14:46.854073Z,KXBTC15M-26OCT042315-15,0.0030,5.10,yes
2026-10-05T03:14:46.861324Z,KXBTC15M-26OCT042315-15,0.0030,233.72,yes
2026-10-05T03:14:46.889875Z,KXBTC15M-26OCT042315-15,0.0030,32.36,yes
2026-10-05T03:14:46.890492Z,KXBTC15M-26OCT042315-15,0.0030,186.97,yes
2026-10-05T03:14:46.915083Z,KXBTC15M-26OCT042315-15,0.0030,233.72,yes
2026-10-05T03:14:46.933247Z,KXBTC15M-26OCT042315-15,0.0030,186.97,yes
2026-10-05T03:14:46.985284Z,KXBTC15M-26OCT042315-15,0.0020,34.88,no
2026-10-05T03:14:46.988876Z,KXBTC15M-26OCT042315-15,0.0030,373.95,yes
2026-10-05T03:14:46.989332Z,KXBTC15M-26OCT042315-15,0.0030,5.00,yes
2026-10-05T03:14:46.989888Z,KXBTC15M-26OCT042315-15,0.0030,186.97,yes
2026-10-05T03:14:47.002414Z,KXBTC15M-26OCT042315-15,0.0030,186.97,yes
2026-10-05T03:14:47.030045Z,KXBTC15M-26OCT042315-15,0.0030,575.00,yes
2026-10-05T03:14:47.057233Z,KXBTC15M-26OCT042315-15,0.0030,7.37,yes
2026-10-05T03:14:47.059664Z,KXBTC15M-26OCT042315-15,0.0030,186.97,yes
2026-10-05T03:14:47.166585Z,KXBTC15M-26OCT042315-15,0.0030,305.35,yes
2026-10-05T03:14:47.170453Z,KXBTC15M-26OCT042315-15,0.0030,186.97,yes
2026-10-05T03:14:47.230153Z,KXBTC15M-26OCT042315-15,0.0030,1000.50,yes
2026-10-05T03:14:47.243935Z,KXBTC15M-26OCT042315-15,0.0030,11.37,yes
2026-10-05T03:14:47.25224Z,KXBTC15M-26OCT042315-15,0.0020,206.36,no
2026-10-05T03:14:47.254923Z,KXBTC15M-26OCT042315-15,0.0030,287.00,yes
2026-10-05T03:14:47.264149Z,KXBTC15M-26OCT042315-15,0.0030,10.12,yes
2026-10-05T03:14:47.274802Z,KXBTC15M-26OCT042315-15,0.0030,750.57,yes
2026-10-05T03:14:47.335364Z,KXBTC15M-26OCT042315-15,0.0030,3.00,yes
2026-10-05T03:14:47.349398Z,KXBTC15M-26OCT042315-15,0.0030,43.04,yes
2026-10-05T03:14:47.355933Z,KXBTC15M-26OCT042315-15,0.0030,305.35,yes
2026-10-05T03:14:47.357949Z,KXBTC15M-26OCT042315-15,0.0030,70.55,yes
2026-10-05T03:14:47.359281Z,KXBTC15M-26OCT042315-15,0.0030,5.18,yes
2026-10-05T03:14:47.378929Z,KXBTC15M-26OCT042315-15,0.0030,3053.57,yes
2026-10-05T03:14:47.380024Z,KXBTC15M-26OCT042315-15,0.0030,305.35,yes
2026-10-05T03:14:47.399094Z,KXBTC15M-26OCT042315-15,0.0030,66.35,yes
2026-10-05T03:14:47.450067Z,KXBTC15M-26OCT042315-15,0.0030,83.99,yes
2026-10-05T03:14:47.451178Z,KXBTC15M-26OCT042315-15,0.0030,1412.00,yes
2026-10-05T03:14:47.455761Z,KXBTC15M-26OCT042315-15,0.0030,305.35,yes
2026-10-05T03:14:47.494956Z,KXBTC15M-26OCT042315-15,0.0030,305.35,yes
2026-10-05T03:14:47.529663Z,KXBTC15M-26OCT042315-15,0.0020,121.54,no
2026-10-05T03:14:47.541372Z,KXBTC15M-26OCT042315-15,0.0030,93.55,yes
2026-10-05T03:14:47.55372Z,KXBTC15M-26OCT042315-15,0.0030,52.37,yes
2026-10-05T03:14:47.554268Z,KXBTC15M-26OCT042315-15,0.0030,233.72,yes
2026-10-05T03:14:47.591079Z,KXBTC15M-26OCT042315-15,0.0030,41.30,yes
2026-10-05T03:14:47.628987Z,KXBTC15M-26OCT042315-15,0.0030,100.65,yes
2026-10-05T03:14:47.708662Z,KXBTC15M-26OCT042315-15,0.0030,233.72,yes
2026-10-05T03:14:47.7228Z,KXBTC15M-26OCT042315-15,0.0030,33.98,yes
2026-10-05T03:14:47.7228Z,KXBTC15M-26OCT042315-15,0.0030,0.01,yes
2026-10-05T03:14:47.7228Z,KXBTC15M-26OCT042315-15,0.0030,0.01,yes
2026-10-05T03:14:47.725728Z,KXBTC15M-26OCT042315-15,0.0030,610.72,yes
2026-10-05T03:14:47.745564Z,KXBTC15M-26OCT042315-15,0.0030,3.01,yes
2026-10-05T03:14:47.780031Z,KXBTC15M-26OCT042315-15,0.0020,0.01,no
2026-10-05T03:14:47.780031Z,KXBTC15M-26OCT042315-15,0.0020,24135.22,no
2026-10-05T03:14:47.780031Z,KXBTC15M-26OCT042315-15,0.0020,0.01,no
2026-10-05T03:14:47.780031Z,KXBTC15M-26OCT042315-15,0.0020,107.00,no
2026-10-05T03:14:47.782644Z,KXBTC15M-26OCT042315-15,0.0020,311.59,yes
2026-10-05T03:14:47.784021Z,KXBTC15M-26OCT042315-15,0.0020,14.99,yes
2026-10-05T03:14:47.786853Z,KXBTC15M-26OCT042315-15,0.0020,311.59,yes
2026-10-05T03:14:47.787596Z,KXBTC15M-26OCT042315-15,0.0020,344.68,yes
2026-10-05T03:14:47.803385Z,KXBTC15M-26OCT042315-15,0.0020,311.59,yes
2026-10-05T03:14:47.813751Z,KXBTC15M-26OCT042315-15,0.0020,311.59,yes
2026-10-05T03:14:47.831446Z,KXBTC15M-26OCT042315-15,0.0020,333.33,yes
2026-10-05T03:14:48.019293Z,KXBTC15M-26OCT042315-15,0.0010,10.00,no
2026-10-05T03:14:48.019293Z,KXBTC15M-26OCT042315-15,0.0010,170.00,no
2026-10-05T03:14:48.019293Z,KXBTC15M-26OCT042315-15,0.0010,10.00,no
2026-10-05T03:14:48.019293Z,KXBTC15M-26OCT042315-15,0.0010,10.00,no
2026-10-05T03:14:48.022342Z,KXBTC15M-26OCT042315-15,0.0020,3.00,yes
2026-10-05T03:14:48.033837Z,KXBTC15M-26OCT042315-15,0.0020,46.76,yes
2026-10-05T03:14:48.0941Z,KXBTC15M-26OCT042315-15,0.0020,311.59,yes
2026-10-05T03:14:48.096855Z,KXBTC15M-26OCT042315-15,0.0010,72.93,no
2026-10-05T03:14:48.096855Z,KXBTC15M-26OCT042315-15,0.0010,12.64,no
2026-10-05T03:14:48.113201Z,KXBTC15M-26OCT042315-15,0.0020,311.59,yes
2026-10-05T03:14:48.126662Z,KXBTC15M-26OCT042315-15,0.0010,183.30,no
2026-10-05T03:14:48.126662Z,KXBTC15M-26OCT042315-15,0.0010,12.64,no
2026-10-05T03:14:48.126662Z,KXBTC15M-26OCT042315-15,0.0010,0.01,no
2026-10-05T03:14:48.126662Z,KXBTC15M-26OCT042315-15,0.0010,0.01,no
2026-10-05T03:14:48.126662Z,KXBTC15M-26OCT042315-15,0.0010,103.00,no
2026-10-05T03:14:48.126662Z,KXBTC15M-26OCT042315-15,0.0010,27.36,no
2026-10-05T03:14:48.175006Z,KXBTC15M-26OCT042315-15,0.0020,458.01,yes
2026-10-05T03:14:48.178123Z,KXBTC15M-26OCT042315-15,0.0020,115.11,yes
2026-10-05T03:14:48.203104Z,KXBTC15M-26OCT042315-15,0.0020,311.77,yes
2026-10-05T03:14:48.228713Z,KXBTC15M-26OCT042315-15,0.0010,40.00,no
2026-10-05T03:14:48.228713Z,KXBTC15M-26OCT042315-15,0.0010,15.98,no
2026-10-05T03:14:48.228713Z,KXBTC15M-26OCT042315-15,0.0010,0.01,no
2026-10-05T03:14:48.228713Z,KXBTC15M-26OCT042315-15,0.0010,0.01,no
2026-10-05T03:14:48.308143Z,KXBTC15M-26OCT042315-15,0.0020,448.66,yes
2026-10-05T03:14:48.323611Z,KXBTC15M-26OCT042315-15,0.0020,25.15,yes
2026-10-05T03:14:48.431652Z,KXBTC15M-26OCT042315-15,0.0020,148.35,yes
2026-10-05T03:14:48.480444Z,KXBTC15M-26OCT042315-15,0.0010,5.00,no
2026-10-05T03:14:48.568951Z,KXBTC15M-26OCT042315-15,0.0010,48.28,no
2026-10-05T03:14:48.580421Z,KXBTC15M-26OCT042315-15,0.0020,0.01,yes
2026-10-05T03:14:48.580421Z,KXBTC15M-26OCT042315-15,0.0020,12.90,yes
2026-10-05T03:14:48.580421Z,KXBTC15M-26OCT042315-15,0.0020,10.00,yes
2026-10-05T03:14:48.580421Z,KXBTC15M-26OCT042315-15,0.0020,0.01,yes
2026-10-05T03:14:48.582814Z,KXBTC15M-26OCT042315-15,0.0020,407.86,yes
2026-10-05T03:14:48.582814Z,KXBTC15M-26OCT042315-15,0.0020,196.10,yes
2026-10-05T03:14:48.582814Z,KXBTC15M-26OCT042315-15,0.0020,312.06,yes
2026-10-05T03:14:48.610721Z,KXBTC15M-26OCT042315-15,0.0020,458.01,yes
2026-10-05T03:14:48.669763Z,KXBTC15M-26OCT042315-15,0.0020,91.62,yes
2026-10-05T03:14:48.675623Z,KXBTC15M-26OCT042315-15,0.0020,304.24,yes
2026-10-05T03:14:48.698417Z,KXBTC15M-26OCT042315-15,0.0020,458.01,yes
2026-10-05T03:14:48.725936Z,KXBTC15M-26OCT042315-15,0.0020,14.31,yes
2026-10-05T03:14:48.763023Z,KXBTC15M-26OCT042315-15,0.0020,311.59,yes
2026-10-05T03:14:48.771278Z,KXBTC15M-26OCT042315-15,0.0020,0.01,yes
2026-10-05T03:14:48.771278Z,KXBTC15M-26OCT042315-15,0.0020,1954.36,yes
2026-10-05T03:14:48.771278Z,KXBTC15M-26OCT042315-15,0.0020,10.00,yes
2026-10-05T03:14:48.771278Z,KXBTC15M-26OCT042315-15,0.0030,9.40,yes
2026-10-05T03:14:48.771278Z,KXBTC15M-26OCT042315-15,0.0020,0.01,yes
2026-10-05T03:14:48.771278Z,KXBTC15M-26OCT042315-15,0.0020,45.00,yes
2026-10-05T03:14:48.806288Z,KXBTC15M-26OCT042315-15,0.0020,2.21,yes
2026-10-05T03:14:48.851852Z,KXBTC15M-26OCT042315-15,0.0020,0.29,yes
2026-10-05T03:14:48.95091Z,KXBTC15M-26OCT042315-15,0.0020,0.01,yes
2026-10-05T03:14:48.95091Z,KXBTC15M-26OCT042315-15,0.0020,12.49,yes
2026-10-05T03:14:48.95091Z,KXBTC15M-26OCT042315-15,0.0020,7.50,yes
2026-10-05T03:14:49.093411Z,KXBTC15M-26OCT042315-15,0.0020,10.00,yes
2026-10-05T03:14:49.093411Z,KXBTC15M-26OCT042315-15,0.0020,10.00,yes
2026-10-05T03:14:49.093411Z,KXBTC15M-26OCT042315-15,0.0020,45.00,yes
2026-10-05T03:14:49.093411Z,KXBTC15M-26OCT042315-15,0.0030,46.82,yes
2026-10-05T03:14:49.093411Z,KXBTC15M-26OCT042315-15,0.0020,0.01,yes
2026-10-05T03:14:49.093411Z,KXBTC15M-26OCT042315-15,0.0020,0.01,yes
2026-10-05T03:14:49.101605Z,KXBTC15M-26OCT042315-15,0.0020,0.01,yes
2026-10-05T03:14:49.101605Z,KXBTC15M-26OCT042315-15,0.0030,14.27,yes
2026-10-05T03:14:49.125078Z,KXBTC15M-26OCT042315-15,0.0010,10.00,no
2026-10-05T03:14:49.125078Z,KXBTC15M-26OCT042315-15,0.0010,40.00,no
2026-10-05T03:14:49.125078Z,KXBTC15M-26OCT042315-15,0.0010,20.00,no
2026-10-05T03:14:49.125078Z,KXBTC15M-26OCT042315-15,0.0010,0.01,no
2026-10-05T03:14:49.125078Z,KXBTC15M-26OCT042315-15,0.0010,110.99,no
2026-10-05T03:14:49.125078Z,KXBTC15M-26OCT042315-15,0.0010,10.00,no
2026-10-05T03:14:49.125078Z,KXBTC15M-26OCT042315-15,0.0010,10.00,no
2026-10-05T03:14:49.125078Z,KXBTC15M-26OCT042315-15,0.0010,0.01,no
2026-10-05T03:14:49.211648Z,KXBTC15M-26OCT042315-15,0.0010,2508.14,yes
2026-10-05T03:14:49.278323Z,KXBTC15M-26OCT042315-15,0.0010,100.50,yes
2026-10-05T03:14:49.319491Z,KXBTC15M-26OCT042315-15,0.0010,326.71,yes
2026-10-05T03:14:49.424742Z,KXBTC15M-26OCT042315-15,0.0010,202.11,yes
2026-10-05T03:14:49.433733Z,KXBTC15M-26OCT042315-15,0.0010,638.31,yes
2026-10-05T03:14:49.504751Z,KXBTC15M-26OCT042315-15,0.0010,327.00,yes
2026-10-05T03:14:49.513539Z,KXBTC15M-26OCT042315-15,0.0010,915.99,yes
2026-10-05T03:14:49.595441Z,KXBTC15M-26OCT042315-15,0.0010,332.98,yes
2026-10-05T03:14:49.60984Z,KXBTC15M-26OCT042315-15,0.0010,49.93,yes
2026-10-05T03:14:49.657535Z,KXBTC15M-26OCT042315-15,0.0010,915.99,yes
2026-10-05T03:14:49.728799Z,KXBTC15M-26OCT042315-15,0.0010,1831.90,yes
2026-10-05T03:14:49.756649Z,KXBTC15M-26OCT042315-15,0.0010,10.79,yes
2026-10-05T03:14:49.831508Z,KXBTC15M-26OCT042315-15,0.0010,50.00,yes
2026-10-05T03:14:49.875294Z,KXBTC15M-26OCT042315-15,0.0010,7428.86,yes
2026-10-05T03:14:49.950082Z,KXBTC15M-26OCT042315-15,0.0010,229.01,yes
2026-10-05T03:14:50.005968Z,KXBTC15M-26OCT042315-15,0.0010,915.99,yes
2026-10-05T03:14:50.031847Z,KXBTC15M-26OCT042315-15,0.0010,20.00,yes
2026-10-05T03:14:50.051379Z,KXBTC15M-26OCT042315-15,0.0010,638.60,yes
2026-10-05T03:14:50.05197Z,KXBTC15M-26OCT042315-15,0.0010,2747.91,yes
2026-10-05T03:14:50.197472Z,KXBTC15M-26OCT042315-15,0.0010,296.26,yes
2026-10-05T03:14:50.254633Z,KXBTC15M-26OCT042315-15,0.0010,157.00,yes
2026-10-05T03:14:50.269351Z,KXBTC15M-26OCT042315-15,0.0010,91.62,yes
2026-10-05T03:14:50.360484Z,KXBTC15M-26OCT042315-15,0.0010,4579.77,yes
2026-10-05T03:14:50.380612Z,KXBTC15M-26OCT042315-15,0.0010,73.29,yes
2026-10-05T03:14:50.396682Z,KXBTC15M-26OCT042315-15,0.0010,315.65,yes
2026-10-05T03:14:50.410729Z,KXBTC15M-26OCT042315-15,0.0010,915.99,yes
2026-10-05T03:14:50.541595Z,KXBTC15M-26OCT042315-15,0.0010,915.99,yes
2026-10-05T03:14:50.557969Z,KXBTC15M-26OCT042315-15,0.0010,18.06,yes
2026-10-05T03:14:50.564989Z,KXBTC15M-26OCT042315-15,0.0010,915.99,yes
2026-10-05T03:14:50.589388Z,KXBTC15M-26OCT042315-15,0.0010,4579.77,yes
2026-10-05T03:14:50.596138Z,KXBTC15M-26OCT042315-15,0.0010,915.99,yes
2026-10-05T03:14:50.661431Z,KXBTC15M-26OCT042315-15,0.0010,915.99,yes
2026-10-05T03:14:50.69947Z,KXBTC15M-26OCT042315-15,0.0010,1831.90,yes
2026-10-05T03:14:50.711744Z,KXBTC15M-26OCT042315-15,0.0010,915.99,yes
2026-10-05T03:14:50.716709Z,KXBTC15M-26OCT042315-15,0.0010,580.01,yes
2026-10-05T03:14:50.716709Z,KXBTC15M-26OCT042315-15,0.0010,200.00,yes
2026-10-05T03:14:50.716709Z,KXBTC15M-26OCT042315-15,0.0010,135.98,yes
2026-10-05T03:14:50.731283Z,KXBTC15M-26OCT042315-15,0.0010,100.37,yes
2026-10-05T03:14:50.733563Z,KXBTC15M-26OCT042315-15,0.0010,89.77,yes
2026-10-05T03:14:50.830833Z,KXBTC15M-26OCT042315-15,0.0010,1831.90,yes
2026-10-05T03:14:50.906373Z,KXBTC15M-26OCT042315-15,0.0010,1831.90,yes
2026-10-05T03:14:51.005759Z,KXBTC15M-26OCT042315-15,0.0010,311.43,yes
2026-10-05T03:14:51.12938Z,KXBTC15M-26OCT042315-15,0.0010,186.97,yes
2026-10-05T03:14:51.143782Z,KXBTC15M-26OCT042315-15,0.0010,10.15,yes
2026-10-05T03:14:51.153514Z,KXBTC15M-26OCT042315-15,0.0010,1831.90,yes
2026-10-05T03:14:51.227136Z,KXBTC15M-26OCT042315-15,0.0010,206.16,yes
2026-10-05T03:14:51.284323Z,KXBTC15M-26OCT042315-15,0.0010,100.83,yes
2026-10-05T03:14:51.371917Z,KXBTC15M-26OCT042315-15,0.0010,180.00,yes
2026-10-05T03:14:51.384883Z,KXBTC15M-26OCT042315-15,0.0010,915.99,yes
2026-10-05T03:14:51.413071Z,KXBTC15M-26OCT042315-15,0.0010,4579.77,yes
2026-10-05T03:14:51.4238Z,KXBTC15M-26OCT042315-15,0.0010,9.39,yes
2026-10-05T03:14:51.509138Z,KXBTC15M-26OCT042315-15,0.0010,100.27,yes
2026-10-05T03:14:51.549532Z,KXBTC15M-26OCT042315-15,0.0010,750.00,yes
2026-10-05T03:14:51.549532Z,KXBTC15M-26OCT042315-15,0.0010,1410.69,yes
2026-10-05T03:14:51.549532Z,KXBTC15M-26OCT042315-15,0.0010,577.22,yes
2026-10-05T03:14:51.549532Z,KXBTC15M-26OCT042315-15,0.0010,10.00,yes
2026-10-05T03:14:51.574069Z,KXBTC15M-26OCT042315-15,0.0010,3589.31,yes
2026-10-05T03:14:51.574069Z,KXBTC15M-26OCT042315-15,0.0010,960.46,yes
2026-10-05T03:14:51.574069Z,KXBTC15M-26OCT042315-15,0.0010,10.00,yes
2026-10-05T03:14:51.574069Z,KXBTC15M-26OCT042315-15,0.0010,20.00,yes
2026-10-05T03:14:51.606717Z,KXBTC15M-26OCT042315-15,0.0010,864.54,yes
2026-10-05T03:14:51.606717Z,KXBTC15M-26OCT042315-15,0.0010,10.00,yes
2026-10-05T03:14:51.606717Z,KXBTC15M-26OCT042315-15,0.0010,41.45,yes
2026-10-05T03:14:51.610127Z,KXBTC15M-26OCT042315-15,0.0010,91.62,yes
2026-10-05T03:14:51.636355Z,KXBTC15M-26OCT042315-15,0.0010,9.20,yes
2026-10-05T03:14:51.640373Z,KXBTC15M-26OCT042315-15,0.0010,400.00,yes
2026-10-05T03:14:51.680044Z,KXBTC15M-26OCT042315-15,0.0010,5.00,yes
2026-10-05T03:14:51.708415Z,KXBTC15M-26OCT042315-15,0.0010,34.43,yes
2026-10-05T03:14:51.71252Z,KXBTC15M-26OCT042315-15,0.0010,1243.30,yes
2026-10-05T03:14:51.71252Z,KXBTC15M-26OCT042315-15,0.0010,756.70,yes
2026-10-05T03:14:51.757452Z,KXBTC15M-26OCT042315-15,0.0010,915.99,yes
2026-10-05T03:14:51.865078Z,KXBTC15M-26OCT042315-15,0.0010,152.31,yes
2026-10-05T03:14:51.865078Z,KXBTC15M-26OCT042315-15,0.0010,353.27,yes
2026-10-05T03:14:51.865078Z,KXBTC15M-26OCT042315-15,0.0010,410.41,yes
2026-10-05T03:14:51.903438Z,KXBTC15M-26OCT042315-15,0.0010,915.99,yes
2026-10-05T03:14:51.951366Z,KXBTC15M-26OCT042315-15,0.0010,4579.77,yes
2026-10-05T03:14:52.018168Z,KXBTC15M-26OCT042315-15,0.0010,625.54,yes
2026-10-05T03:14:52.051784Z,KXBTC15M-26OCT042315-15,0.0010,91.62,yes
2026-10-05T03:14:52.114926Z,KXBTC15M-26OCT042315-15,0.0010,23.80,yes
2026-10-05T03:14:52.158742Z,KXBTC15M-26OCT042315-15,0.0010,91.62,yes
2026-10-05T03:14:52.160053Z,KXBTC15M-26OCT042315-15,0.0010,1831.90,yes
2026-10-05T03:14:52.213533Z,KXBTC15M-26OCT042315-15,0.0010,79.37,yes
2026-10-05T03:14:52.217934Z,KXBTC15M-26OCT042315-15,0.0010,915.99,yes
2026-10-05T03:14:52.275164Z,KXBTC15M-26OCT042315-15,0.0010,152.34,yes
2026-10-05T03:14:52.346257Z,KXBTC15M-26OCT042315-15,0.0010,91.62,yes
2026-10-05T03:14:52.430149Z,KXBTC15M-26OCT042315-15,0.0010,4.22,yes
2026-10-05T03:14:52.43361Z,KXBTC15M-26OCT042315-15,0.0010,4579.77,yes
2026-10-05T03:14:52.448995Z,KXBTC15M-26OCT042315-15,0.0010,559.87,yes
2026-10-05T03:14:52.538191Z,KXBTC15M-26OCT042315-15,0.0010,3.38,yes
2026-10-05T03:14:52.60447Z,KXBTC15M-26OCT042315-15,0.0010,27.77,yes
2026-10-05T03:14:52.626599Z,KXBTC15M-26OCT042315-15,0.0010,128.27,yes
2026-10-05T03:14:52.859773Z,KXBTC15M-26OCT042315-15,0.0010,9.20,yes
2026-10-05T03:14:53.008224Z,KXBTC15M-26OCT042315-15,0.0010,915.99,yes
2026-10-05T03:14:53.12708Z,KXBTC15M-26OCT042315-15,0.0010,915.99,yes
2026-10-05T03:14:53.133547Z,KXBTC15M-26OCT042315-15,0.0010,2.03,yes
2026-10-05T03:14:53.324315Z,KXBTC15M-26OCT042315-15,0.0010,5.23,yes
2026-10-05T03:14:53.372024Z,KXBTC15M-26OCT042315-15,0.0010,100.00,yes
2026-10-05T03:14:53.404285Z,KXBTC15M-26OCT042315-15,0.0010,29.25,yes
2026-10-05T03:14:53.509872Z,KXBTC15M-26OCT042315-15,0.0010,450.00,yes
2026-10-05T03:14:53.577612Z,KXBTC15M-26OCT042315-15,0.0010,2.80,yes
2026-10-05T03:14:53.631743Z,KXBTC15M-26OCT042315-15,0.0010,229.01,yes
2026-10-05T03:14:53.665511Z,KXBTC15M-26OCT042315-15,0.0010,16.48,yes
2026-10-05T03:14:53.667441Z,KXBTC15M-26OCT042315-15,0.0010,4579.77,yes
2026-10-05T03:14:53.807081Z,KXBTC15M-26OCT042315-15,0.0010,91.62,yes
2026-10-05T03:14:53.890619Z,KXBTC15M-26OCT042315-15,0.0010,393.00,yes
2026-10-05T03:14:53.916256Z,KXBTC15M-26OCT042315-15,0.0010,42.79,yes
2026-10-05T03:14:54.040111Z,KXBTC15M-26OCT042315-15,0.0010,730.33,yes
2026-10-05T03:14:54.043955Z,KXBTC15M-26OCT042315-15,0.0010,7.48,yes
2026-10-05T03:14:54.11143Z,KXBTC15M-26OCT042315-15,0.0010,98.00,yes
2026-10-05T03:14:54.148261Z,KXBTC15M-26OCT042315-15,0.0010,201.77,yes
2026-10-05T03:14:54.226182Z,KXBTC15M-26OCT042315-15,0.0010,458.04,yes
2026-10-05T03:14:54.231443Z,KXBTC15M-26OCT042315-15,0.0010,297.16,yes
2026-10-05T03:14:54.231443Z,KXBTC15M-26OCT042315-15,0.0010,87.57,yes
2026-10-05T03:14:54.246316Z,KXBTC15M-26OCT042315-15,0.0010,930.00,yes
2026-10-05T03:14:54.267451Z,KXBTC15M-26OCT042315-15,0.0010,9.47,yes
2026-10-05T03:14:54.394302Z,KXBTC15M-26OCT042315-15,0.0010,915.99,yes
2026-10-05T03:14:54.552506Z,KXBTC15M-26OCT042315-15,0.0010,1831.90,yes
2026-10-05T03:14:54.731317Z,KXBTC15M-26OCT042315-15,0.0010,7.14,yes
2026-10-05T03:14:54.858923Z,KXBTC15M-26OCT042315-15,0.0010,6.02,yes
2026-10-05T03:14:54.90127Z,KXBTC15M-26OCT042315-15,0.0010,10.00,yes
2026-10-05T03:14:54.90127Z,KXBTC15M-26OCT042315-15,0.0010,795.85,yes
2026-10-05T03:14:54.90127Z,KXBTC15M-26OCT042315-15,0.0010,110.14,yes
2026-10-05T03:14:54.95886Z,KXBTC15M-26OCT042315-15,0.0010,91.62,yes
2026-10-05T03:14:55.011344Z,KXBTC15M-26OCT042315-15,0.0010,8.00,yes
2026-10-05T03:14:55.014304Z,KXBTC15M-26OCT042315-15,0.0010,5.22,yes
2026-10-05T03:14:55.059925Z,KXBTC15M-26OCT042315-15,0.0010,1095.96,yes
2026-10-05T03:14:55.059925Z,KXBTC15M-26OCT042315-15,0.0010,2757.42,yes
2026-10-05T03:14:55.059925Z,KXBTC15M-26OCT042315-15,0.0010,726.39,yes
2026-10-05T03:14:55.168715Z,KXBTC15M-26OCT042315-15,0.0010,3.72,yes
2026-10-05T03:14:55.352942Z,KXBTC15M-26OCT042315-15,0.0010,915.99,yes
2026-10-05T03:14:55.377158Z,KXBTC15M-26OCT042315-15,0.0010,915.99,yes
2026-10-05T03:14:55.497042Z,KXBTC15M-26OCT042315-15,0.0010,144.78,yes
2026-10-05T03:14:55.497042Z,KXBTC15M-26OCT042315-15,0.0010,751.20,yes
2026-10-05T03:14:55.497042Z,KXBTC15M-26OCT042315-15,0.0010,10.00,yes
2026-10-05T03:14:55.497042Z,KXBTC15M-26OCT042315-15,0.0010,10.01,yes
2026-10-05T03:14:55.637546Z,KXBTC15M-26OCT042315-15,0.0010,13739.29,yes
2026-10-05T03:14:55.688969Z,KXBTC15M-26OCT042315-15,0.0010,915.99,yes
2026-10-05T03:14:55.759569Z,KXBTC15M-26OCT042315-15,0.0010,934.00,yes
2026-10-05T03:14:55.769408Z,KXBTC15M-26OCT042315-15,0.0010,1.00,yes
2026-10-05T03:14:55.887086Z,KXBTC15M-26OCT042315-15,0.0010,9.01,yes
2026-10-05T03:14:55.969723Z,KXBTC15M-26OCT042315-15,0.0010,1.62,yes
2026-10-05T03:14:56.137621Z,KXBTC15M-26OCT042315-15,0.0010,4579.77,yes
2026-10-05T03:14:56.369003Z,KXBTC15M-26OCT042315-15,0.0010,915.99,yes
2026-10-05T03:14:56.396387Z,KXBTC15M-26OCT042315-15,0.0010,5.12,yes
2026-10-05T03:14:56.406751Z,KXBTC15M-26OCT042315-15,0.0010,98.34,yes
2026-10-05T03:14:56.415545Z,KXBTC15M-26OCT042315-15,0.0010,915.99,yes
2026-10-05T03:14:56.462843Z,KXBTC15M-26OCT042315-15,0.0010,915.99,yes
2026-10-05T03:14:56.551659Z,KXBTC15M-26OCT042315-15,0.0010,282.62,yes
2026-10-05T03:14:56.802122Z,KXBTC15M-26OCT042315-15,0.0010,4579.77,yes
2026-10-05T03:14:56.854093Z,KXBTC15M-26OCT042315-15,0.0010,915.99,yes
2026-10-05T03:14:56.876824Z,KXBTC15M-26OCT042315-15,0.0010,11.49,yes
2026-10-05T03:14:57.046866Z,KXBTC15M-26OCT042315-15,0.0010,100.00,yes
2026-10-05T03:14:57.27097Z,KXBTC15M-26OCT042315-15,0.0010,192.36,yes
2026-10-05T03:14:57.283972Z,KXBTC15M-26OCT042315-15,0.0010,9.20,yes
2026-10-05T03:14:57.3681Z,KXBTC15M-26OCT042315-15,0.0010,915.99,yes
2026-10-05T03:14:57.439192Z,KXBTC15M-26OCT042315-15,0.0010,2747.91,yes
2026-10-05T03:14:57.473115Z,KXBTC15M-26OCT042315-15,0.0010,113.74,yes
2026-10-05T03:14:57.928216Z,KXBTC15M-26OCT042315-15,0.0010,2816.52,yes
2026-10-05T03:14:58.010176Z,KXBTC15M-26OCT042315-15,0.0010,0.47,yes
2026-10-05T03:14:58.160349Z,KXBTC15M-26OCT042315-15,0.0010,915.99,yes
2026-10-05T03:14:58.258654Z,KXBTC15M-26OCT042315-15,0.0010,915.99,yes
2026-10-05T03:14:58.26212Z,KXBTC15M-26OCT042315-15,0.0010,2.49,yes
2026-10-05T03:14:58.3229Z,KXBTC15M-26OCT042315-15,0.0010,358.93,yes
2026-10-05T03:14:58.482791Z,KXBTC15M-26OCT042315-15,0.0010,1.45,yes
2026-10-05T03:14:58.584314Z,KXBTC15M-26OCT042315-15,0.0010,90.00,yes
2026-10-05T03:14:58.669889Z,KXBTC15M-26OCT042315-15,0.0010,915.99,yes
2026-10-05T03:14:58.680129Z,KXBTC15M-26OCT042315-15,0.0010,934.69,yes
2026-10-05T03:14:58.767457Z,KXBTC15M-26OCT042315-15,0.0010,100.63,yes
2026-10-05T03:14:59.10955Z,KXBTC15M-26OCT042315-15,0.0010,915.99,yes
2026-10-05T03:14:59.274689Z,KXBTC15M-26OCT042315-15,0.0010,18.69,yes
2026-10-05T03:14:59.571669Z,KXBTC15M-26OCT042315-15,0.0010,2.87,yes
2026-10-05T03:14:59.617726Z,KXBTC15M-26OCT042315-15,0.0010,36.64,yes
2026-10-05T03:14:59.620594Z,KXBTC15M-26OCT042315-15,0.0010,92.60,yes
2026-10-05T03:14:59.71062Z,KXBTC15M-26OCT042315-15,0.0010,4579.77,yes
2026-10-05T03:13:14.957126Z,KXCOPPER15M-26OCT042315-15,0.1000,0.94,yes
2026-10-05T03:13:17.875156Z,KXCOPPER15M-26OCT042315-15,0.1000,2.35,yes
2026-10-05T03:13:22.961981Z,KXCOPPER15M-26OCT042315-15,0.0900,1.56,yes
2026-10-05T03:13:24.876559Z,KXCOPPER15M-26OCT042315-15,0.0500,3.41,no
2026-10-05T03:13:24.876559Z,KXCOPPER15M-26OCT042315-15,0.0800,49.00,no
2026-10-05T03:13:24.876559Z,KXCOPPER15M-26OCT042315-15,0.0800,50.00,no
2026-10-05T03:13:24.876559Z,KXCOPPER15M-26OCT042315-15,0.0500,34.72,no
2026-10-05T03:13:24.876559Z,KXCOPPER15M-26OCT042315-15,0.0600,2.00,no
2026-10-05T03:13:24.876559Z,KXCOPPER15M-26OCT042315-15,0.0500,100.00,no
2026-10-05T03:13:24.876559Z,KXCOPPER15M-26OCT042315-15,0.0600,25.00,no
2026-10-05T03:13:24.876559Z,KXCOPPER15M-26OCT042315-15,0.0600,24.00,no
2026-10-05T03:13:24.876559Z,KXCOPPER15M-26OCT042315-15,0.0800,1.00,no
2026-10-05T03:13:24.876559Z,KXCOPPER15M-26OCT042315-15,0.0500,2.00,no
2026-10-05T03:13:24.876559Z,KXCOPPER15M-26OCT042315-15,0.0500,3.00,no
2026-10-05T03:13:24.876559Z,KXCOPPER15M-26OCT042315-15,0.0500,1.00,no
2026-10-05T03:13:24.876559Z,KXCOPPER15M-26OCT042315-15,0.0500,15.00,no
2026-10-05T03:13:24.876559Z,KXCOPPER15M-26OCT042315-15,0.0500,5.00,no
2026-10-05T03:13:24.876559Z,KXCOPPER15M-26OCT042315-15,0.0500,3.00,no
2026-10-05T03:13:25.289115Z,KXCOPPER15M-26OCT042315-15,0.0900,98.44,yes
2026-10-05T03:13:25.289115Z,KXCOPPER15M-26OCT042315-15,0.0900,1.56,yes
2026-10-05T03:13:29.519389Z,KXCOPPER15M-26OCT042315-15,0.0500,2.00,no
2026-10-05T03:13:29.519389Z,KXCOPPER15M-26OCT042315-15,0.0500,8.48,no
2026-10-05T03:13:30.701797Z,KXCOPPER15M-26OCT042315-15,0.0600,46.91,yes
2026-10-05T03:13:33.61858Z,KXCOPPER15M-26OCT042315-15,0.0600,10.00,yes
2026-10-05T03:13:34.1209Z,KXCOPPER15M-26OCT042315-15,0.0500,2.00,no
2026-10-05T03:13:34.1209Z,KXCOPPER15M-26OCT042315-15,0.0500,48.00,no
2026-10-05T03:13:36.086437Z,KXCOPPER15M-26OCT042315-15,0.0400,3.15,no
2026-10-05T03:13:36.086437Z,KXCOPPER15M-26OCT042315-15,0.0400,3.00,no
2026-10-05T03:13:36.08646Z,KXCOPPER15M-26OCT042315-15,0.0400,12.52,no
2026-10-05T03:13:36.08646Z,KXCOPPER15M-26OCT042315-15,0.0400,3.00,no
2026-10-05T03:13:36.08646Z,KXCOPPER15M-26OCT042315-15,0.0400,3.00,no
2026-10-05T03:13:36.08646Z,KXCOPPER15M-26OCT042315-15,0.0400,34.43,no
2026-10-05T03:13:36.08646Z,KXCOPPER15M-26OCT042315-15,0.0400,2.92,no
2026-10-05T03:13:36.08646Z,KXCOPPER15M-26OCT042315-15,0.0400,2.00,no
2026-10-05T03:13:36.08646Z,KXCOPPER15M-26OCT042315-15,0.0400,9.47,no
2026-10-05T03:13:36.087066Z,KXCOPPER15M-26OCT042315-15,0.0300,8.38,no
2026-10-05T03:13:36.087671Z,KXCOPPER15M-26OCT042315-15,0.0300,32.61,no
2026-10-05T03:13:36.090548Z,KXCOPPER15M-26OCT042315-15,0.0300,8.00,no
2026-10-05T03:13:40.117966Z,KXCOPPER15M-26OCT042315-15,0.0300,0.84,no
2026-10-05T03:13:43.075225Z,KXCOPPER15M-26OCT042315-15,0.0300,2.05,no
2026-10-05T03:13:45.924164Z,KXCOPPER15M-26OCT042315-15,0.0400,0.32,yes
2026-10-05T03:13:45.924164Z,KXCOPPER15M-26OCT042315-15,0.0400,25.00,yes
2026-10-05T03:13:45.924164Z,KXCOPPER15M-26OCT042315-15,0.0400,6.00,yes
2026-10-05T03:13:45.924164Z,KXCOPPER15M-26OCT042315-15,0.0400,1.00,yes
2026-10-05T03:13:45.924164Z,KXCOPPER15M-26OCT042315-15,0.0400,50.00,yes
2026-10-05T03:13:45.92748Z,KXCOPPER15M-26OCT042315-15,0.0400,8.00,yes
2026-10-05T03:13:48.283761Z,KXCOPPER15M-26OCT042315-15,0.0300,2.95,no
2026-10-05T03:13:49.813264Z,KXCOPPER15M-26OCT042315-15,0.0300,1.00,no
2026-10-05T03:13:49.813264Z,KXCOPPER15M-26OCT042315-15,0.0200,1.00,no
2026-10-05T03:13:49.813264Z,KXCOPPER15M-26OCT042315-15,0.0200,1.00,no
2026-10-05T03:13:49.813264Z,KXCOPPER15M-26OCT042315-15,0.0300,25.00,no
2026-10-05T03:13:49.813264Z,KXCOPPER15M-26OCT042315-15,0.0200,50.00,no
2026-10-05T03:13:49.813264Z,KXCOPPER15M-26OCT042315-15,0.0200,3.00,no
2026-10-05T03:13:49.813264Z,KXCOPPER15M-26OCT042315-15,0.0200,11.00,no
2026-10-05T03:13:49.813264Z,KXCOPPER15M-26OCT042315-15,0.0300,3.00,no
2026-10-05T03:13:49.813264Z,KXCOPPER15M-26OCT042315-15,0.0300,145.17,no
2026-10-05T03:13:49.813264Z,KXCOPPER15M-26OCT042315-15,0.0300,2.00,no
2026-10-05T03:13:49.813264Z,KXCOPPER15M-26OCT042315-15,0.0200,1.00,no
2026-10-05T03:13:49.813264Z,KXCOPPER15M-26OCT042315-15,0.0200,1.18,no
2026-10-05T03:13:49.813264Z,KXCOPPER15M-26OCT042315-15,0.0200,0.76,no
2026-10-05T03:13:49.830994Z,KXCOPPER15M-26OCT042315-15,0.0400,1.00,yes
2026-10-05T03:13:51.394412Z,KXCOPPER15M-26OCT042315-15,0.0200,6.73,no
2026-10-05T03:13:51.394412Z,KXCOPPER15M-26OCT042315-15,0.0200,0.25,no
2026-10-05T03:13:51.394412Z,KXCOPPER15M-26OCT042315-15,0.0200,6.29,no
2026-10-05T03:13:51.394412Z,KXCOPPER15M-26OCT042315-15,0.0200,0.77,no
2026-10-05T03:13:51.394412Z,KXCOPPER15M-26OCT042315-15,0.0200,6.74,no
2026-10-05T03:13:51.394412Z,KXCOPPER15M-26OCT042315-15,0.0200,6.98,no
2026-10-05T03:13:51.394412Z,KXCOPPER15M-26OCT042315-15,0.0200,2.27,no
2026-10-05T03:13:51.394412Z,KXCOPPER15M-26OCT042315-15,0.0200,0.04,no
2026-10-05T03:13:51.394412Z,KXCOPPER15M-26OCT042315-15,0.0200,6.55,no
2026-10-05T03:13:51.394412Z,KXCOPPER15M-26OCT042315-15,0.0200,5.00,no
2026-10-05T03:13:51.394412Z,KXCOPPER15M-26OCT042315-15,0.0200,1.00,no
2026-10-05T03:13:51.394412Z,KXCOPPER15M-26OCT042315-15,0.0200,6.67,no
2026-10-05T03:13:51.394412Z,KXCOPPER15M-26OCT042315-15,0.0200,6.52,no
2026-10-05T03:13:51.394412Z,KXCOPPER15M-26OCT042315-15,0.0200,4.51,no
2026-10-05T03:13:51.394412Z,KXCOPPER15M-26OCT042315-15,0.0200,6.45,no
2026-10-05T03:13:51.394412Z,KXCOPPER15M-26OCT042315-15,0.0200,6.59,no
2026-10-05T03:13:53.255336Z,KXCOPPER15M-26OCT042315-15,0.0100,113.26,no
2026-10-05T03:13:53.493003Z,KXCOPPER15M-26OCT042315-15,0.0200,1.00,yes
2026-10-05T03:13:55.457963Z,KXCOPPER15M-26OCT042315-15,0.0100,5.05,no
2026-10-05T03:13:58.014482Z,KXCOPPER15M-26OCT042315-15,0.0100,1.00,no
2026-10-05T03:13:58.634792Z,KXCOPPER15M-26OCT042315-15,0.0100,11.74,no
2026-10-05T03:13:59.565499Z,KXCOPPER15M-26OCT042315-15,0.0200,0.93,yes
2026-10-05T03:13:59.958397Z,KXCOPPER15M-26OCT042315-15,0.0200,153.00,yes
2026-10-05T03:13:59.958397Z,KXCOPPER15M-26OCT042315-15,0.0200,50.00,yes
2026-10-05T03:13:59.958397Z,KXCOPPER15M-26OCT042315-15,0.0200,0.93,yes
2026-10-05T03:13:59.958397Z,KXCOPPER15M-26OCT042315-15,0.0200,30.00,yes
2026-10-05T03:13:59.958397Z,KXCOPPER15M-26OCT042315-15,0.0200,60.00,yes
2026-10-05T03:13:59.958397Z,KXCOPPER15M-26OCT042315-15,0.0200,30.00,yes
2026-10-05T03:13:59.958397Z,KXCOPPER15M-26OCT042315-15,0.0300,169.57,yes
2026-10-05T03:13:59.958397Z,KXCOPPER15M-26OCT042315-15,0.0200,60.00,yes
2026-10-05T03:13:59.958397Z,KXCOPPER15M-26OCT042315-15,0.0200,30.00,yes
2026-10-05T03:13:59.958397Z,KXCOPPER15M-26OCT042315-15,0.0300,19.25,yes
2026-10-05T03:13:59.958397Z,KXCOPPER15M-26OCT042315-15,0.0300,50.00,yes
2026-10-05T03:13:59.958397Z,KXCOPPER15M-26OCT042315-15,0.0300,25.00,yes
2026-10-05T03:13:59.958397Z,KXCOPPER15M-26OCT042315-15,0.0300,100.00,yes
2026-10-05T03:13:59.958397Z,KXCOPPER15M-26OCT042315-15,0.0300,50.00,yes
2026-10-05T03:13:59.958397Z,KXCOPPER15M-26OCT042315-15,0.0200,6.07,yes
2026-10-05T03:13:59.958397Z,KXCOPPER15M-26OCT042315-15,0.0300,300.00,yes
2026-10-05T03:14:00.446062Z,KXCOPPER15M-26OCT042315-15,0.0100,3.00,no
2026-10-05T03:14:00.446062Z,KXCOPPER15M-26OCT042315-15,0.0100,1.00,no
2026-10-05T03:14:00.446062Z,KXCOPPER15M-26OCT042315-15,0.0100,4.00,no
2026-10-05T03:14:00.446062Z,KXCOPPER15M-26OCT042315-15,0.0100,1.00,no
2026-10-05T03:14:00.456741Z,KXCOPPER15M-26OCT042315-15,0.0100,4.53,no
2026-10-05T03:14:00.456741Z,KXCOPPER15M-26OCT042315-15,0.0100,10.47,no
2026-10-05T03:14:02.83524Z,KXCOPPER15M-26OCT042315-15,0.0100,0.55,no
2026-10-05T03:14:02.83524Z,KXCOPPER15M-26OCT042315-15,0.0100,5.70,no
2026-10-05T03:14:02.83524Z,KXCOPPER15M-26OCT042315-15,0.0100,7.00,no
2026-10-05T03:14:02.83524Z,KXCOPPER15M-26OCT042315-15,0.0100,20.00,no
2026-10-05T03:14:02.83524Z,KXCOPPER15M-26OCT042315-15,0.0100,50.00,no
2026-10-05T03:14:02.83524Z,KXCOPPER15M-26OCT042315-15,0.0100,10.00,no
2026-10-05T03:14:02.83524Z,KXCOPPER15M-26OCT042315-15,0.0100,2.00,no
2026-10-05T03:14:02.83524Z,KXCOPPER15M-26OCT042315-15,0.0100,95.47,no
2026-10-05T03:14:02.83524Z,KXCOPPER15M-26OCT042315-15,0.0100,2.00,no
2026-10-05T03:14:02.83524Z,KXCOPPER15M-26OCT042315-15,0.0100,1.00,no
2026-10-05T03:14:02.83524Z,KXCOPPER15M-26OCT042315-15,0.0100,20.00,no
2026-10-05T03:14:02.83524Z,KXCOPPER15M-26OCT042315-15,0.0100,2.71,no
2026-10-05T03:14:02.83524Z,KXCOPPER15M-26OCT042315-15,0.0100,1.97,no
2026-10-05T03:14:02.83524Z,KXCOPPER15M-26OCT042315-15,0.0100,2.00,no
2026-10-05T03:14:02.83524Z,KXCOPPER15M-26OCT042315-15,0.0100,1.97,no
2026-10-05T03:14:10.436318Z,KXCOPPER15M-26OCT042315-15,0.0100,44.77,yes
2026-10-05T03:14:10.436318Z,KXCOPPER15M-26OCT042315-15,0.0100,9.00,yes
2026-10-05T03:14:10.436318Z,KXCOPPER15M-26OCT042315-15,0.0100,27.63,yes
2026-10-05T03:14:18.100127Z,KXCOPPER15M-26OCT042315-15,0.0100,5.51,yes
2026-10-05T03:14:18.195128Z,KXCOPPER15M-26OCT042315-15,0.0100,93.51,yes
2026-10-05T03:14:20.830599Z,KXCOPPER15M-26OCT042315-15,0.0100,1.00,yes
2026-10-05T03:14:21.285468Z,KXCOPPER15M-26OCT042315-15,0.0100,187.03,yes
2026-10-05T03:14:58.961313Z,KXCOPPER15M-26OCT042315-15,0.0100,1.10,yes
2026-10-05T03:13:20.39771Z,KXEURUSD15M-26OCT042315-30,0.9800,0.09,yes
2026-10-05T03:13:20.39771Z,KXEURUSD15M-26OCT042315-30,0.9700,0.01,yes
2026-10-05T03:13:44.924027Z,KXEURUSD15M-26OCT042315-30,0.9700,7.80,no
2026-10-05T03:13:45.009663Z,KXEURUSD15M-26OCT042315-30,0.9800,13.55,yes
2026-10-05T03:13:45.009663Z,KXEURUSD15M-26OCT042315-30,0.9800,0.91,yes
2026-10-05T03:13:45.019543Z,KXEURUSD15M-26OCT042315-30,0.9900,15.00,yes
2026-10-05T03:13:51.362017Z,KXEURUSD15M-26OCT042315-30,0.9800,46.79,no
2026-10-05T03:13:52.85631Z,KXEURUSD15M-26OCT042315-30,0.9900,34.15,yes
2026-10-05T03:13:52.85631Z,KXEURUSD15M-26OCT042315-30,0.9900,0.25,yes
2026-10-05T03:13:52.85631Z,KXEURUSD15M-26OCT042315-30,0.9900,2.00,yes
2026-10-05T03:13:52.85631Z,KXEURUSD15M-26OCT042315-30,0.9900,1.00,yes
2026-10-05T03:13:52.85631Z,KXEURUSD15M-26OCT042315-30,0.9900,1.00,yes
2026-10-05T03:13:52.85631Z,KXEURUSD15M-26OCT042315-30,0.9900,65.00,yes
2026-10-05T03:13:52.85631Z,KXEURUSD15M-26OCT042315-30,0.9900,10.00,yes
2026-10-05T03:13:52.85631Z,KXEURUSD15M-26OCT042315-30,0.9900,187.72,yes
2026-10-05T03:13:52.85631Z,KXEURUSD15M-26OCT042315-30,0.9900,15.88,yes
2026-10-05T03:14:11.844703Z,KXEURUSD15M-26OCT042315-30,0.9900,10.00,no
2026-10-05T03:14:11.844703Z,KXEURUSD15M-26OCT042315-30,0.9700,71.79,no
2026-10-05T03:14:11.844703Z,KXEURUSD15M-26OCT042315-30,0.9800,300.00,no
2026-10-05T03:14:11.844703Z,KXEURUSD15M-26OCT042315-30,0.9800,10.00,no
2026-10-05T03:14:11.844703Z,KXEURUSD15M-26OCT042315-30,0.9900,30.00,no
2026-10-05T03:14:11.844703Z,KXEURUSD15M-26OCT042315-30,0.9900,60.00,no
2026-10-05T03:14:12.319668Z,KXEURUSD15M-26OCT042315-30,0.2000,10.00,no
2026-10-05T03:14:12.559391Z,KXEURUSD15M-26OCT042315-30,0.8000,9.00,yes
2026-10-05T03:14:12.637891Z,KXEURUSD15M-26OCT042315-30,0.8900,15.00,yes
2026-10-05T03:14:12.637891Z,KXEURUSD15M-26OCT042315-30,0.9200,800.00,yes
2026-10-05T03:14:12.637891Z,KXEURUSD15M-26OCT042315-30,0.8000,1.00,yes
2026-10-05T03:14:19.565057Z,KXEURUSD15M-26OCT042315-30,0.9900,21.00,yes
2026-10-05T03:14:28.516276Z,KXEURUSD15M-26OCT042315-30,0.9900,8.07,yes
2026-10-05T03:14:33.955953Z,KXEURUSD15M-26OCT042315-30,0.9900,1.00,yes
2026-10-05T03:14:33.955953Z,KXEURUSD15M-26OCT042315-30,0.9900,2.28,yes
2026-10-05T03:14:33.955953Z,KXEURUSD15M-26OCT042315-30,0.9900,42.72,yes
2026-10-05T03:13:46.965914Z,KXXRP15M-26OCT042315-15,0.0200,15.00,no
2026-10-05T03:13:47.06697Z,KXXRP15M-26OCT042315-15,0.0200,8.00,no
2026-10-05T03:13:47.170246Z,KXXRP15M-26OCT042315-15,0.0200,26.00,no
2026-10-05T03:13:47.226436Z,KXXRP15M-26OCT042315-15,0.0200,9.00,no
2026-10-05T03:13:47.373101Z,KXXRP15M-26OCT042315-15,0.0200,10.00,no
2026-10-05T03:13:47.441153Z,KXXRP15M-26OCT042315-15,0.0200,1.01,no
2026-10-05T03:13:47.526726Z,KXXRP15M-26OCT042315-15,0.0200,11.00,no
2026-10-05T03:13:47.617144Z,KXXRP15M-26OCT042315-15,0.0200,22.00,no
2026-10-05T03:13:47.627966Z,KXXRP15M-26OCT042315-15,0.0200,4.00,no
2026-10-05T03:13:47.635598Z,KXXRP15M-26OCT042315-15,0.0220,13.00,yes
2026-10-05T03:13:47.635598Z,KXXRP15M-26OCT042315-15,0.0210,36.00,yes
2026-10-05T03:13:47.635598Z,KXXRP15M-26OCT042315-15,0.0210,28.00,yes
2026-10-05T03:13:47.635598Z,KXXRP15M-26OCT042315-15,0.0210,5.00,yes
2026-10-05T03:13:47.635598Z,KXXRP15M-26OCT042315-15,0.0220,5.00,yes
2026-10-05T03:13:47.635598Z,KXXRP15M-26OCT042315-15,0.0240,5.00,yes
2026-10-05T03:13:47.635598Z,KXXRP15M-26OCT042315-15,0.0240,14.00,yes
2026-10-05T03:13:47.635598Z,KXXRP15M-26OCT042315-15,0.0270,12.13,yes
2026-10-05T03:13:47.635598Z,KXXRP15M-26OCT042315-15,0.0250,1.00,yes
2026-10-05T03:13:47.685772Z,KXXRP15M-26OCT042315-15,0.0200,1.00,no
2026-10-05T03:13:47.764736Z,KXXRP15M-26OCT042315-15,0.0210,5.00,yes
2026-10-05T03:13:47.764736Z,KXXRP15M-26OCT042315-15,0.0220,5.00,yes
2026-10-05T03:13:47.764736Z,KXXRP15M-26OCT042315-15,0.0210,17.00,yes
2026-10-05T03:13:47.877247Z,KXXRP15M-26OCT042315-15,0.0300,3.39,yes
2026-10-05T03:13:47.877247Z,KXXRP15M-26OCT042315-15,0.0220,5.00,yes
2026-10-05T03:13:47.877247Z,KXXRP15M-26OCT042315-15,0.0210,5.00,yes
2026-10-05T03:13:47.877247Z,KXXRP15M-26OCT042315-15,0.0270,21.11,yes
2026-10-05T03:13:47.877247Z,KXXRP15M-26OCT042315-15,0.0300,7.50,yes
2026-10-05T03:13:48.124379Z,KXXRP15M-26OCT042315-15,0.0300,0.84,yes
2026-10-05T03:13:49.79703Z,KXXRP15M-26OCT042315-15,0.0310,12.00,no
2026-10-05T03:13:50.013671Z,KXXRP15M-26OCT042315-15,0.0310,8.00,no
2026-10-05T03:13:50.116578Z,KXXRP15M-26OCT042315-15,0.0310,4.00,no
2026-10-05T03:13:50.426065Z,KXXRP15M-26OCT042315-15,0.0310,25.00,no
2026-10-05T03:13:50.438092Z,KXXRP15M-26OCT042315-15,0.0310,1.00,no
2026-10-05T03:13:50.749305Z,KXXRP15M-26OCT042315-15,0.0300,0.01,no
2026-10-05T03:13:50.749305Z,KXXRP15M-26OCT042315-15,0.0260,1.01,no
2026-10-05T03:13:51.136491Z,KXXRP15M-26OCT042315-15,0.0270,22.56,no
2026-10-05T03:13:51.200709Z,KXXRP15M-26OCT042315-15,0.0200,72.98,no
2026-10-05T03:13:51.200709Z,KXXRP15M-26OCT042315-15,0.0210,10.00,no
2026-10-05T03:13:51.200709Z,KXXRP15M-26OCT042315-15,0.0260,11.99,no
2026-10-05T03:13:51.200709Z,KXXRP15M-26OCT042315-15,0.0210,7.00,no
2026-10-05T03:13:52.931016Z,KXXRP15M-26OCT042315-15,0.0200,11.48,no
2026-10-05T03:13:52.931016Z,KXXRP15M-26OCT042315-15,0.0170,1.29,no
2026-10-05T03:13:52.991205Z,KXXRP15M-26OCT042315-15,0.0150,7.50,no
2026-10-05T03:13:52.991205Z,KXXRP15M-26OCT042315-15,0.0180,92.00,no
2026-10-05T03:13:52.991205Z,KXXRP15M-26OCT042315-15,0.0160,8.00,no
2026-10-05T03:13:52.991205Z,KXXRP15M-26OCT042315-15,0.0140,10.00,no
2026-10-05T03:13:52.991205Z,KXXRP15M-26OCT042315-15,0.0170,15.71,no
2026-10-05T03:13:52.991205Z,KXXRP15M-26OCT042315-15,0.0150,32.00,no
2026-10-05T03:13:52.991205Z,KXXRP15M-26OCT042315-15,0.0110,1.00,no
2026-10-05T03:13:52.991205Z,KXXRP15M-26OCT042315-15,0.0120,1.00,no
2026-10-05T03:13:52.991205Z,KXXRP15M-26OCT042315-15,0.0130,1.00,no
2026-10-05T03:13:52.991205Z,KXXRP15M-26OCT042315-15,0.0120,40.00,no
2026-10-05T03:13:52.991205Z,KXXRP15M-26OCT042315-15,0.0110,40.00,no
2026-10-05T03:13:52.991205Z,KXXRP15M-26OCT042315-15,0.0110,16.26,no
2026-10-05T03:13:52.991205Z,KXXRP15M-26OCT042315-15,0.0110,100.00,no
2026-10-05T03:13:52.991205Z,KXXRP15M-26OCT042315-15,0.0130,81.76,no
2026-10-05T03:13:52.991205Z,KXXRP15M-26OCT042315-15,0.0110,20.00,no
2026-10-05T03:13:52.991205Z,KXXRP15M-26OCT042315-15,0.0130,40.00,no
2026-10-05T03:13:53.124619Z,KXXRP15M-26OCT042315-15,0.0140,5.00,yes
2026-10-05T03:13:53.124619Z,KXXRP15M-26OCT042315-15,0.0140,13.00,yes
2026-10-05T03:13:53.264783Z,KXXRP15M-26OCT042315-15,0.0140,2.00,yes
2026-10-05T03:13:54.463581Z,KXXRP15M-26OCT042315-15,0.0120,3.00,yes
2026-10-05T03:13:55.571081Z,KXXRP15M-26OCT042315-15,0.0130,5.00,yes
2026-10-05T03:13:55.571081Z,KXXRP15M-26OCT042315-15,0.0120,25.00,yes
2026-10-05T03:13:55.571081Z,KXXRP15M-26OCT042315-15,0.0130,9.87,yes
2026-10-05T03:13:55.571081Z,KXXRP15M-26OCT042315-15,0.0120,2.00,yes
2026-10-05T03:13:56.360203Z,KXXRP15M-26OCT042315-15,0.0110,3.74,no
2026-10-05T03:13:56.360203Z,KXXRP15M-26OCT042315-15,0.0110,0.26,no
2026-10-05T03:13:56.360203Z,KXXRP15M-26OCT042315-15,0.0110,1.00,no
2026-10-05T03:13:56.517289Z,KXXRP15M-26OCT042315-15,0.0120,87.00,yes
2026-10-05T03:13:56.517289Z,KXXRP15M-26OCT042315-15,0.0120,5.00,yes
2026-10-05T03:13:56.869023Z,KXXRP15M-26OCT042315-15,0.0110,9.37,no
2026-10-05T03:13:56.869023Z,KXXRP15M-26OCT042315-15,0.0110,1.74,no
2026-10-05T03:13:57.22319Z,KXXRP15M-26OCT042315-15,0.0110,8.00,no
2026-10-05T03:13:57.22319Z,KXXRP15M-26OCT042315-15,0.0110,1.37,no
2026-10-05T03:13:57.22319Z,KXXRP15M-26OCT042315-15,0.0110,1.00,no
2026-10-05T03:13:57.22319Z,KXXRP15M-26OCT042315-15,0.0110,0.63,no
2026-10-05T03:13:57.22319Z,KXXRP15M-26OCT042315-15,0.0110,2.00,no
2026-10-05T03:13:57.22319Z,KXXRP15M-26OCT042315-15,0.0110,1.00,no
2026-10-05T03:13:57.22319Z,KXXRP15M-26OCT042315-15,0.0110,1.00,no
2026-10-05T03:13:57.381408Z,KXXRP15M-26OCT042315-15,0.0120,5.76,yes
2026-10-05T03:13:57.381408Z,KXXRP15M-26OCT042315-15,0.0120,9.00,yes
2026-10-05T03:13:57.561517Z,KXXRP15M-26OCT042315-15,0.0110,8.00,no
2026-10-05T03:13:57.561517Z,KXXRP15M-26OCT042315-15,0.0110,8.63,no
2026-10-05T03:13:57.561517Z,KXXRP15M-26OCT042315-15,0.0100,33.37,no
2026-10-05T03:13:57.620621Z,KXXRP15M-26OCT042315-15,0.0100,32.00,no
2026-10-05T03:13:58.032013Z,KXXRP15M-26OCT042315-15,0.0120,5.00,yes
2026-10-05T03:13:58.032013Z,KXXRP15M-26OCT042315-15,0.0120,17.24,yes
2026-10-05T03:13:58.032013Z,KXXRP15M-26OCT042315-15,0.0130,2.26,yes
2026-10-05T03:13:58.147912Z,KXXRP15M-26OCT042315-15,0.0120,5.00,yes
2026-10-05T03:13:58.147912Z,KXXRP15M-26OCT042315-15,0.0120,5.00,yes
2026-10-05T03:13:58.147912Z,KXXRP15M-26OCT042315-15,0.0130,5.00,yes
2026-10-05T03:13:58.147912Z,KXXRP15M-26OCT042315-15,0.0130,2.00,yes
2026-10-05T03:13:58.147912Z,KXXRP15M-26OCT042315-15,0.0130,27.87,yes
2026-10-05T03:13:58.147912Z,KXXRP15M-26OCT042315-15,0.0140,5.92,yes
2026-10-05T03:13:58.212442Z,KXXRP15M-26OCT042315-15,0.0110,5.23,no
2026-10-05T03:13:58.426409Z,KXXRP15M-26OCT042315-15,0.0120,0.10,no
2026-10-05T03:13:58.426409Z,KXXRP15M-26OCT042315-15,0.0110,12.77,no
2026-10-05T03:13:58.426409Z,KXXRP15M-26OCT042315-15,0.0110,10.00,no
2026-10-05T03:13:58.426409Z,KXXRP15M-26OCT042315-15,0.0110,8.00,no
2026-10-05T03:13:58.711261Z,KXXRP15M-26OCT042315-15,0.0130,5.00,yes
2026-10-05T03:13:58.711261Z,KXXRP15M-26OCT042315-15,0.0130,13.00,yes
2026-10-05T03:13:58.711261Z,KXXRP15M-26OCT042315-15,0.0120,5.00,yes
2026-10-05T03:13:58.711261Z,KXXRP15M-26OCT042315-15,0.0180,8.79,yes
2026-10-05T03:13:58.711261Z,KXXRP15M-26OCT042315-15,0.0180,6.42,yes
2026-10-05T03:13:58.711261Z,KXXRP15M-26OCT042315-15,0.0140,34.08,yes
2026-10-05T03:13:58.711261Z,KXXRP15M-26OCT042315-15,0.0170,12.00,yes
2026-10-05T03:13:58.711261Z,KXXRP15M-26OCT042315-15,0.0180,11.00,yes
2026-10-05T03:13:58.711261Z,KXXRP15M-26OCT042315-15,0.0190,4.24,yes
2026-10-05T03:13:58.711261Z,KXXRP15M-26OCT042315-15,0.0170,13.00,yes
2026-10-05T03:13:58.819902Z,KXXRP15M-26OCT042315-15,0.0120,2.00,no
2026-10-05T03:13:58.931697Z,KXXRP15M-26OCT042315-15,0.0110,1.58,no
2026-10-05T03:13:58.931697Z,KXXRP15M-26OCT042315-15,0.0120,7.00,no
2026-10-05T03:13:58.931697Z,KXXRP15M-26OCT042315-15,0.0120,10.00,no
2026-10-05T03:13:58.931697Z,KXXRP15M-26OCT042315-15,0.0120,1.42,no
2026-10-05T03:13:59.120842Z,KXXRP15M-26OCT042315-15,0.0120,1.00,no
2026-10-05T03:13:59.120842Z,KXXRP15M-26OCT042315-15,0.0120,2.00,no
2026-10-05T03:13:59.225441Z,KXXRP15M-26OCT042315-15,0.0120,3.00,no
2026-10-05T03:13:59.291373Z,KXXRP15M-26OCT042315-15,0.0120,2.00,no
2026-10-05T03:13:59.291373Z,KXXRP15M-26OCT042315-15,0.0120,3.00,no
2026-10-05T03:13:59.291373Z,KXXRP15M-26OCT042315-15,0.0120,10.00,no
2026-10-05T03:13:59.291373Z,KXXRP15M-26OCT042315-15,0.0120,2.00,no
2026-10-05T03:13:59.353882Z,KXXRP15M-26OCT042315-15,0.0100,17.08,no
2026-10-05T03:13:59.353882Z,KXXRP15M-26OCT042315-15,0.0100,5.52,no
2026-10-05T03:13:59.353882Z,KXXRP15M-26OCT042315-15,0.0100,2.00,no
2026-10-05T03:13:59.353882Z,KXXRP15M-26OCT042315-15,0.0100,5.57,no
2026-10-05T03:13:59.353882Z,KXXRP15M-26OCT042315-15,0.0100,31.62,no
2026-10-05T03:13:59.353882Z,KXXRP15M-26OCT042315-15,0.0100,19.62,no
2026-10-05T03:13:59.353882Z,KXXRP15M-26OCT042315-15,0.0110,8.00,no
2026-10-05T03:13:59.353882Z,KXXRP15M-26OCT042315-15,0.0100,2.00,no
2026-10-05T03:13:59.353882Z,KXXRP15M-26OCT042315-15,0.0110,10.00,no
2026-10-05T03:13:59.353882Z,KXXRP15M-26OCT042315-15,0.0110,2.00,no
2026-10-05T03:13:59.353882Z,KXXRP15M-26OCT042315-15,0.0100,60.00,no
2026-10-05T03:13:59.353882Z,KXXRP15M-26OCT042315-15,0.0100,234.63,no
2026-10-05T03:13:59.353882Z,KXXRP15M-26OCT042315-15,0.0100,20.00,no
2026-10-05T03:13:59.353882Z,KXXRP15M-26OCT042315-15,0.0100,1.00,no
2026-10-05T03:13:59.353882Z,KXXRP15M-26OCT042315-15,0.0100,40.00,no
2026-10-05T03:13:59.353882Z,KXXRP15M-26OCT042315-15,0.0090,24.36,no
2026-10-05T03:13:59.353882Z,KXXRP15M-26OCT042315-15,0.0100,400.00,no
2026-10-05T03:13:59.353882Z,KXXRP15M-26OCT042315-15,0.0100,100.00,no
2026-10-05T03:13:59.353882Z,KXXRP15M-26OCT042315-15,0.0100,5.82,no
2026-10-05T03:13:59.948063Z,KXXRP15M-26OCT042315-15,0.0100,24.36,yes
2026-10-05T03:13:59.948063Z,KXXRP15M-26OCT042315-15,0.0110,5.00,yes
2026-10-05T03:13:59.948063Z,KXXRP15M-26OCT042315-15,0.0100,5.00,yes
2026-10-05T03:13:59.948063Z,KXXRP15M-26OCT042315-15,0.0110,8.07,yes
2026-10-05T03:14:00.103464Z,KXXRP15M-26OCT042315-15,0.0050,10.00,no
2026-10-05T03:14:00.103464Z,KXXRP15M-26OCT042315-15,0.0090,69.00,no
2026-10-05T03:14:00.103464Z,KXXRP15M-26OCT042315-15,0.0060,10.00,no
2026-10-05T03:14:00.103464Z,KXXRP15M-26OCT042315-15,0.0050,7.50,no
2026-10-05T03:14:00.103464Z,KXXRP15M-26OCT042315-15,0.0040,89.00,no
2026-10-05T03:14:00.103464Z,KXXRP15M-26OCT042315-15,0.0030,40.00,no
2026-10-05T03:14:00.103464Z,KXXRP15M-26OCT042315-15,0.0030,400.00,no
2026-10-05T03:14:00.103464Z,KXXRP15M-26OCT042315-15,0.0020,1922.06,no
2026-10-05T03:14:00.103464Z,KXXRP15M-26OCT042315-15,0.0030,40.00,no
2026-10-05T03:14:00.103464Z,KXXRP15M-26OCT042315-15,0.0040,40.00,no
2026-10-05T03:14:00.103464Z,KXXRP15M-26OCT042315-15,0.0050,40.00,no
2026-10-05T03:14:00.103464Z,KXXRP15M-26OCT042315-15,0.0040,1.00,no
2026-10-05T03:14:00.103464Z,KXXRP15M-26OCT042315-15,0.0060,40.00,no
2026-10-05T03:14:00.103464Z,KXXRP15M-26OCT042315-15,0.0060,1.00,no
2026-10-05T03:14:00.103464Z,KXXRP15M-26OCT042315-15,0.0030,1.00,no
2026-10-05T03:14:00.103464Z,KXXRP15M-26OCT042315-15,0.0050,1.00,no
2026-10-05T03:14:00.103464Z,KXXRP15M-26OCT042315-15,0.0080,40.00,no
2026-10-05T03:14:00.103464Z,KXXRP15M-26OCT042315-15,0.0090,1.00,no
2026-10-05T03:14:00.103464Z,KXXRP15M-26OCT042315-15,0.0080,1.00,no
2026-10-05T03:14:00.103464Z,KXXRP15M-26OCT042315-15,0.0070,40.00,no
2026-10-05T03:14:00.103464Z,KXXRP15M-26OCT042315-15,0.0070,1.00,no
2026-10-05T03:14:00.103464Z,KXXRP15M-26OCT042315-15,0.0090,15.64,no
2026-10-05T03:14:00.103464Z,KXXRP15M-26OCT042315-15,0.0050,11.00,no
2026-10-05T03:14:00.103464Z,KXXRP15M-26OCT042315-15,0.0040,13.00,no
2026-10-05T03:14:00.103464Z,KXXRP15M-26OCT042315-15,0.0030,18.00,no
2026-10-05T03:14:00.103464Z,KXXRP15M-26OCT042315-15,0.0040,1.00,no
2026-10-05T03:14:00.103464Z,KXXRP15M-26OCT042315-15,0.0030,2.00,no
2026-10-05T03:14:00.103464Z,KXXRP15M-26OCT042315-15,0.0030,2.00,no
2026-10-05T03:14:00.103464Z,KXXRP15M-26OCT042315-15,0.0040,1.00,no
2026-10-05T03:14:00.103464Z,KXXRP15M-26OCT042315-15,0.0040,1.00,no
2026-10-05T03:14:00.103464Z,KXXRP15M-26OCT042315-15,0.0030,2.00,no
2026-10-05T03:14:00.103464Z,KXXRP15M-26OCT042315-15,0.0040,1.00,no
2026-10-05T03:14:00.103464Z,KXXRP15M-26OCT042315-15,0.0030,2.00,no
2026-10-05T03:14:00.103464Z,KXXRP15M-26OCT042315-15,0.0040,1.00,no
2026-10-05T03:14:00.103464Z,KXXRP15M-26OCT042315-15,0.0030,2.00,no
2026-10-05T03:14:00.150128Z,KXXRP15M-26OCT042315-15,0.0050,176.00,yes
2026-10-05T03:14:00.150128Z,KXXRP15M-26OCT042315-15,0.0040,5.00,yes
2026-10-05T03:14:00.250634Z,KXXRP15M-26OCT042315-15,0.0040,5.00,yes
2026-10-05T03:14:00.251215Z,KXXRP15M-26OCT042315-15,0.0050,41.00,yes
2026-10-05T03:14:00.355024Z,KXXRP15M-26OCT042315-15,0.0040,16.00,yes
2026-10-05T03:14:00.355024Z,KXXRP15M-26OCT042315-15,0.0040,40.00,yes
2026-10-05T03:14:00.355024Z,KXXRP15M-26OCT042315-15,0.0030,5.00,yes
2026-10-05T03:14:00.432143Z,KXXRP15M-26OCT042315-15,0.0040,5.00,yes
2026-10-05T03:14:00.461361Z,KXXRP15M-26OCT042315-15,0.0050,17.00,yes
2026-10-05T03:14:00.559941Z,KXXRP15M-26OCT042315-15,0.0050,41.00,yes
2026-10-05T03:14:00.564818Z,KXXRP15M-26OCT042315-15,0.0050,1.00,yes
2026-10-05T03:14:00.952816Z,KXXRP15M-26OCT042315-15,0.0050,2.00,yes
2026-10-05T03:14:01.16821Z,KXXRP15M-26OCT042315-15,0.0050,199.60,yes
2026-10-05T03:14:01.186678Z,KXXRP15M-26OCT042315-15,0.0050,26.00,yes
2026-10-05T03:14:01.195134Z,KXXRP15M-26OCT042315-15,0.0050,1.00,yes
2026-10-05T03:14:01.297795Z,KXXRP15M-26OCT042315-15,0.0050,62.00,yes
2026-10-05T03:14:01.30187Z,KXXRP15M-26OCT042315-15,0.0050,272.21,yes
2026-10-05T03:14:01.651688Z,KXXRP15M-26OCT042315-15,0.0050,934.89,yes
2026-10-05T03:14:01.956542Z,KXXRP15M-26OCT042315-15,0.0050,10.00,yes
2026-10-05T03:14:02.186928Z,KXXRP15M-26OCT042315-15,0.0040,10.00,no
2026-10-05T03:14:02.186928Z,KXXRP15M-26OCT042315-15,0.0030,344.00,no
2026-10-05T03:14:02.186928Z,KXXRP15M-26OCT042315-15,0.0030,10.00,no
2026-10-05T03:14:02.186928Z,KXXRP15M-26OCT042315-15,0.0040,165.00,no
2026-10-05T03:14:02.186928Z,KXXRP15M-26OCT042315-15,0.0020,472.00,no
2026-10-05T03:14:02.354149Z,KXXRP15M-26OCT042315-15,0.0030,5.00,yes
2026-10-05T03:14:02.354149Z,KXXRP15M-26OCT042315-15,0.0040,47.53,yes
2026-10-05T03:14:02.711938Z,KXXRP15M-26OCT042315-15,0.0040,5.00,yes
2026-10-05T03:14:02.711938Z,KXXRP15M-26OCT042315-15,0.0050,37.54,yes
2026-10-05T03:14:03.88435Z,KXXRP15M-26OCT042315-15,0.0040,1.00,no
2026-10-05T03:14:04.01852Z,KXXRP15M-26OCT042315-15,0.0040,10.03,no
2026-10-05T03:14:04.762877Z,KXXRP15M-26OCT042315-15,0.2400,1.00,yes
2026-10-05T03:14:04.762877Z,KXXRP15M-26OCT042315-15,0.3700,15.00,yes
2026-10-05T03:14:04.762877Z,KXXRP15M-26OCT042315-15,0.2800,15.00,yes
2026-10-05T03:14:04.762877Z,KXXRP15M-26OCT042315-15,0.3100,15.00,yes
2026-10-05T03:14:04.762877Z,KXXRP15M-26OCT042315-15,0.3400,15.00,yes
2026-10-05T03:14:04.762877Z,KXXRP15M-26OCT042315-15,0.2000,1000.00,yes
2026-10-05T03:14:04.762877Z,KXXRP15M-26OCT042315-15,0.0390,5.00,yes
2026-10-05T03:14:04.762877Z,KXXRP15M-26OCT042315-15,0.0500,5.00,yes
2026-10-05T03:14:04.762877Z,KXXRP15M-26OCT042315-15,0.0400,60.00,yes
2026-10-05T03:14:04.762877Z,KXXRP15M-26OCT042315-15,0.2000,25.00,yes
2026-10-05T03:14:04.762877Z,KXXRP15M-26OCT042315-15,0.1300,15.00,yes
2026-10-05T03:14:04.762877Z,KXXRP15M-26OCT042315-15,0.3300,30.01,yes
2026-10-05T03:14:04.762877Z,KXXRP15M-26OCT042315-15,0.1600,15.00,yes
2026-10-05T03:14:04.762877Z,KXXRP15M-26OCT042315-15,0.1900,15.00,yes
2026-10-05T03:14:04.762877Z,KXXRP15M-26OCT042315-15,0.2200,15.00,yes
2026-10-05T03:14:04.762877Z,KXXRP15M-26OCT042315-15,0.0260,40.00,yes
2026-10-05T03:14:04.762877Z,KXXRP15M-26OCT042315-15,0.2500,15.00,yes
2026-10-05T03:14:04.762877Z,KXXRP15M-26OCT042315-15,0.0070,5.00,yes
2026-10-05T03:14:04.762877Z,KXXRP15M-26OCT042315-15,0.0150,7.84,yes
2026-10-05T03:14:04.762877Z,KXXRP15M-26OCT042315-15,0.0900,2.00,yes
2026-10-05T03:14:04.762877Z,KXXRP15M-26OCT042315-15,0.0160,1.00,yes
2026-10-05T03:14:04.762877Z,KXXRP15M-26OCT042315-15,0.0430,38.00,yes
2026-10-05T03:14:04.762877Z,KXXRP15M-26OCT042315-15,0.0150,2.00,yes
2026-10-05T03:14:04.762877Z,KXXRP15M-26OCT042315-15,0.0310,76.00,yes
2026-10-05T03:14:04.762877Z,KXXRP15M-26OCT042315-15,0.0050,472.00,yes
2026-10-05T03:14:04.762877Z,KXXRP15M-26OCT042315-15,0.0060,5.00,yes
2026-10-05T03:14:04.762877Z,KXXRP15M-26OCT042315-15,0.0370,8.00,yes
2026-10-05T03:14:04.762877Z,KXXRP15M-26OCT042315-15,0.0070,52.00,yes
2026-10-05T03:14:04.762877Z,KXXRP15M-26OCT042315-15,0.0400,400.00,yes
2026-10-05T03:14:04.762877Z,KXXRP15M-26OCT042315-15,0.0060,74.00,yes
2026-10-05T03:14:04.762877Z,KXXRP15M-26OCT042315-15,0.0080,33.00,yes
2026-10-05T03:14:04.762877Z,KXXRP15M-26OCT042315-15,0.0320,112.00,yes
2026-10-05T03:14:04.762877Z,KXXRP15M-26OCT042315-15,0.0060,40.00,yes
2026-10-05T03:14:04.762877Z,KXXRP15M-26OCT042315-15,0.0770,8.00,yes
2026-10-05T03:14:04.762877Z,KXXRP15M-26OCT042315-15,0.0100,25.00,yes
2026-10-05T03:14:04.762877Z,KXXRP15M-26OCT042315-15,0.0050,40.00,yes
2026-10-05T03:14:04.762877Z,KXXRP15M-26OCT042315-15,0.0100,42.00,yes
2026-10-05T03:14:04.762877Z,KXXRP15M-26OCT042315-15,0.0100,15.64,yes
2026-10-05T03:14:04.762877Z,KXXRP15M-26OCT042315-15,0.0090,400.00,yes
2026-10-05T03:14:04.762877Z,KXXRP15M-26OCT042315-15,0.0070,40.00,yes
2026-10-05T03:14:04.762877Z,KXXRP15M-26OCT042315-15,0.0090,82.00,yes
2026-10-05T03:14:04.762877Z,KXXRP15M-26OCT042315-15,0.0050,100.82,yes
2026-10-05T03:14:04.762877Z,KXXRP15M-26OCT042315-15,0.0090,40.00,yes
2026-10-05T03:14:04.762877Z,KXXRP15M-26OCT042315-15,0.0080,40.00,yes
2026-10-05T03:14:04.762877Z,KXXRP15M-26OCT042315-15,0.0200,6.28,yes
2026-10-05T03:14:04.762877Z,KXXRP15M-26OCT042315-15,0.0140,1.00,yes
2026-10-05T03:14:04.762877Z,KXXRP15M-26OCT042315-15,0.0110,31.93,yes
2026-10-05T03:14:04.762877Z,KXXRP15M-26OCT042315-15,0.0190,1.00,yes
2026-10-05T03:14:04.762877Z,KXXRP15M-26OCT042315-15,0.1200,0.01,yes
2026-10-05T03:14:04.762877Z,KXXRP15M-26OCT042315-15,0.0210,50.00,yes
2026-10-05T03:14:04.762877Z,KXXRP15M-26OCT042315-15,0.0290,19.00,yes
2026-10-05T03:14:04.762877Z,KXXRP15M-26OCT042315-15,0.0190,15.76,yes
2026-10-05T03:14:04.762877Z,KXXRP15M-26OCT042315-15,0.1000,15.00,yes
2026-10-05T03:14:04.762877Z,KXXRP15M-26OCT042315-15,0.0270,81.76,yes
2026-10-05T03:14:04.762877Z,KXXRP15M-26OCT042315-15,0.0330,17.00,yes
2026-10-05T03:14:04.762877Z,KXXRP15M-26OCT042315-15,0.1400,65.00,yes
2026-10-05T03:14:04.762877Z,KXXRP15M-26OCT042315-15,0.0350,18.00,yes
2026-10-05T03:14:04.762877Z,KXXRP15M-26OCT042315-15,0.0200,210.00,yes
2026-10-05T03:14:04.765655Z,KXXRP15M-26OCT042315-15,0.3800,12.00,yes
2026-10-05T03:14:04.772773Z,KXXRP15M-26OCT042315-15,0.4400,15.00,yes
2026-10-05T03:14:04.772773Z,KXXRP15M-26OCT042315-15,0.4200,15.00,yes
2026-10-05T03:14:04.772773Z,KXXRP15M-26OCT042315-15,0.4000,15.00,yes
2026-10-05T03:14:04.772773Z,KXXRP15M-26OCT042315-15,0.4800,15.00,yes
2026-10-05T03:14:04.772773Z,KXXRP15M-26OCT042315-15,0.4000,2.00,yes
2026-10-05T03:14:04.772773Z,KXXRP15M-26OCT042315-15,0.4200,6.73,yes
2026-10-05T03:14:04.772773Z,KXXRP15M-26OCT042315-15,0.4600,0.31,yes
2026-10-05T03:14:04.772773Z,KXXRP15M-26OCT042315-15,0.4700,24.00,yes
2026-10-05T03:14:04.772773Z,KXXRP15M-26OCT042315-15,0.4200,60.02,yes
2026-10-05T03:14:04.775092Z,KXXRP15M-26OCT042315-15,0.5300,15.00,yes
2026-10-05T03:14:04.775092Z,KXXRP15M-26OCT042315-15,0.5100,15.00,yes
2026-10-05T03:14:04.782174Z,KXXRP15M-26OCT042315-15,0.5700,36.00,yes
2026-10-05T03:14:04.782174Z,KXXRP15M-26OCT042315-15,0.4100,6.00,yes
2026-10-05T03:14:04.782174Z,KXXRP15M-26OCT042315-15,0.5600,7.00,yes
2026-10-05T03:14:04.782174Z,KXXRP15M-26OCT042315-15,0.5400,15.00,yes
2026-10-05T03:14:04.782174Z,KXXRP15M-26OCT042315-15,0.5700,15.00,yes
2026-10-05T03:14:04.784696Z,KXXRP15M-26OCT042315-15,0.5300,28.00,no
2026-10-05T03:14:04.785012Z,KXXRP15M-26OCT042315-15,0.5300,210.00,no
2026-10-05T03:14:04.789949Z,KXXRP15M-26OCT042315-15,0.5600,400.00,no
2026-10-05T03:14:04.789949Z,KXXRP15M-26OCT042315-15,0.5000,400.00,no
2026-10-05T03:14:04.789949Z,KXXRP15M-26OCT042315-15,0.5300,162.00,no
2026-10-05T03:14:04.789949Z,KXXRP15M-26OCT042315-15,0.4800,197.00,no
2026-10-05T03:14:04.795734Z,KXXRP15M-26OCT042315-15,0.4800,17.00,no
2026-10-05T03:14:04.799496Z,KXXRP15M-26OCT042315-15,0.5400,210.00,no
2026-10-05T03:14:04.811243Z,KXXRP15M-26OCT042315-15,0.5500,144.15,no
2026-10-05T03:14:04.811498Z,KXXRP15M-26OCT042315-15,0.5500,57.98,no
2026-10-05T03:14:04.817917Z,KXXRP15M-26OCT042315-15,0.5500,29.87,no
2026-10-05T03:14:04.819131Z,KXXRP15M-26OCT042315-15,0.4800,1.00,no
2026-10-05T03:14:04.836259Z,KXXRP15M-26OCT042315-15,0.4900,12.00,no
2026-10-05T03:14:04.836259Z,KXXRP15M-26OCT042315-15,0.4800,163.00,no
2026-10-05T03:14:04.85515Z,KXXRP15M-26OCT042315-15,0.4400,400.00,no
2026-10-05T03:14:04.85515Z,KXXRP15M-26OCT042315-15,0.4800,12.00,no
2026-10-05T03:14:04.85515Z,KXXRP15M-26OCT042315-15,0.4600,15.00,no
2026-10-05T03:14:04.85515Z,KXXRP15M-26OCT042315-15,0.4400,15.00,no
2026-10-05T03:14:04.85515Z,KXXRP15M-26OCT042315-15,0.4200,111.00,no
2026-10-05T03:14:04.85515Z,KXXRP15M-26OCT042315-15,0.4700,10.00,no
2026-10-05T03:14:04.873564Z,KXXRP15M-26OCT042315-15,0.4900,136.34,yes
2026-10-05T03:14:04.878005Z,KXXRP15M-26OCT042315-15,0.4900,140.00,yes
2026-10-05T03:14:04.879416Z,KXXRP15M-26OCT042315-15,0.4900,95.00,yes
2026-10-05T03:14:04.879465Z,KXXRP15M-26OCT042315-15,0.4900,28.66,yes
2026-10-05T03:14:04.904365Z,KXXRP15M-26OCT042315-15,0.4200,289.00,no
2026-10-05T03:14:04.904365Z,KXXRP15M-26OCT042315-15,0.4500,400.00,no
2026-10-05T03:14:04.904365Z,KXXRP15M-26OCT042315-15,0.3900,39.50,no
2026-10-05T03:14:04.904365Z,KXXRP15M-26OCT042315-15,0.4300,10.00,no
2026-10-05T03:14:04.904365Z,KXXRP15M-26OCT042315-15,0.4700,7.50,no
2026-10-05T03:14:04.904365Z,KXXRP15M-26OCT042315-15,0.4200,15.00,no
2026-10-05T03:14:04.904365Z,KXXRP15M-26OCT042315-15,0.4600,12.00,no
2026-10-05T03:14:04.904365Z,KXXRP15M-26OCT042315-15,0.4600,15.00,no
2026-10-05T03:14:04.904365Z,KXXRP15M-26OCT042315-15,0.4800,12.00,no
2026-10-05T03:14:04.936866Z,KXXRP15M-26OCT042315-15,0.5100,36.00,yes
2026-10-05T03:14:04.936911Z,KXXRP15M-26OCT042315-15,0.5600,61.00,yes
2026-10-05T03:14:04.936911Z,KXXRP15M-26OCT042315-15,0.5100,29.00,yes
2026-10-05T03:14:04.936954Z,KXXRP15M-26OCT042315-15,0.5600,38.00,yes
2026-10-05T03:14:04.937474Z,KXXRP15M-26OCT042315-15,0.5600,1.00,yes
2026-10-05T03:14:04.93762Z,KXXRP15M-26OCT042315-15,0.5600,1.00,yes
2026-10-05T03:14:04.939646Z,KXXRP15M-26OCT042315-15,0.5600,42.00,yes
2026-10-05T03:14:04.94778Z,KXXRP15M-26OCT042315-15,0.5600,42.00,yes
2026-10-05T03:14:04.980393Z,KXXRP15M-26OCT042315-15,0.5200,36.00,yes
2026-10-05T03:14:04.995168Z,KXXRP15M-26OCT042315-15,0.4700,58.00,no
2026-10-05T03:14:04.995168Z,KXXRP15M-26OCT042315-15,0.5000,5.00,no
2026-10-05T03:14:04.995168Z,KXXRP15M-26OCT042315-15,0.4900,12.00,no
2026-10-05T03:14:05.032928Z,KXXRP15M-26OCT042315-15,0.5100,5.00,no
2026-10-05T03:14:05.065528Z,KXXRP15M-26OCT042315-15,0.5000,12.00,no
2026-10-05T03:14:05.065528Z,KXXRP15M-26OCT042315-15,0.5100,5.00,no
2026-10-05T03:14:05.086739Z,KXXRP15M-26OCT042315-15,0.4800,3.48,yes
2026-10-05T03:14:05.194591Z,KXXRP15M-26OCT042315-15,0.4800,1.00,yes
2026-10-05T03:14:05.225632Z,KXXRP15M-26OCT042315-15,0.4800,300.00,yes
2026-10-05T03:14:05.230982Z,KXXRP15M-26OCT042315-15,0.4700,5.00,no
2026-10-05T03:14:05.230982Z,KXXRP15M-26OCT042315-15,0.4700,15.24,no
2026-10-05T03:14:05.378119Z,KXXRP15M-26OCT042315-15,0.4700,5.00,no
2026-10-05T03:14:05.378119Z,KXXRP15M-26OCT042315-15,0.4600,12.00,no
2026-10-05T03:14:05.378119Z,KXXRP15M-26OCT042315-15,0.4700,14.00,no
2026-10-05T03:14:05.378119Z,KXXRP15M-26OCT042315-15,0.4700,134.76,no
2026-10-05T03:14:05.378119Z,KXXRP15M-26OCT042315-15,0.4600,1.00,no
2026-10-05T03:14:05.378119Z,KXXRP15M-26OCT042315-15,0.4700,19.00,no
2026-10-05T03:14:05.384049Z,KXXRP15M-26OCT042315-15,0.4800,2.00,yes
2026-10-05T03:14:05.45035Z,KXXRP15M-26OCT042315-15,0.4700,1.00,no
2026-10-05T03:14:05.47027Z,KXXRP15M-26OCT042315-15,0.5100,7.00,yes
2026-10-05T03:14:05.47027Z,KXXRP15M-26OCT042315-15,0.5200,7.50,yes
2026-10-05T03:14:05.47027Z,KXXRP15M-26OCT042315-15,0.5200,364.00,yes
2026-10-05T03:14:05.47027Z,KXXRP15M-26OCT042315-15,0.5100,65.00,yes
2026-10-05T03:14:05.525605Z,KXXRP15M-26OCT042315-15,0.4900,12.00,no
2026-10-05T03:14:05.525605Z,KXXRP15M-26OCT042315-15,0.4600,2.00,no
2026-10-05T03:14:05.525605Z,KXXRP15M-26OCT042315-15,0.4600,1.00,no
2026-10-05T03:14:05.525605Z,KXXRP15M-26OCT042315-15,0.4500,234.00,no
2026-10-05T03:14:05.525605Z,KXXRP15M-26OCT042315-15,0.4600,7.00,no
2026-10-05T03:14:05.525605Z,KXXRP15M-26OCT042315-15,0.5000,5.00,no
2026-10-05T03:14:05.525605Z,KXXRP15M-26OCT042315-15,0.4700,11.00,no
2026-10-05T03:14:05.58367Z,KXXRP15M-26OCT042315-15,0.5100,2.00,yes
2026-10-05T03:14:05.599838Z,KXXRP15M-26OCT042315-15,0.5100,10.00,yes
2026-10-05T03:14:05.670757Z,KXXRP15M-26OCT042315-15,0.5300,300.00,yes
2026-10-05T03:14:05.670757Z,KXXRP15M-26OCT042315-15,0.5200,10.00,yes
2026-10-05T03:14:05.670757Z,KXXRP15M-26OCT042315-15,0.5200,7.00,yes
2026-10-05T03:14:06.039615Z,KXXRP15M-26OCT042315-15,0.5500,7.96,yes
2026-10-05T03:14:06.097946Z,KXXRP15M-26OCT042315-15,0.5800,7.00,yes
2026-10-05T03:14:06.097946Z,KXXRP15M-26OCT042315-15,0.5500,12.04,yes
2026-10-05T03:14:06.097946Z,KXXRP15M-26OCT042315-15,0.5900,272.96,yes
2026-10-05T03:14:06.097946Z,KXXRP15M-26OCT042315-15,0.5900,15.00,yes
2026-10-05T03:14:06.227074Z,KXXRP15M-26OCT042315-15,0.6100,7.00,yes
2026-10-05T03:14:06.227074Z,KXXRP15M-26OCT042315-15,0.6100,10.00,yes
2026-10-05T03:14:06.227074Z,KXXRP15M-26OCT042315-15,0.5900,127.04,yes
2026-10-05T03:14:06.227074Z,KXXRP15M-26OCT042315-15,0.6200,375.96,yes
2026-10-05T03:14:06.227074Z,KXXRP15M-26OCT042315-15,0.6100,15.00,yes
2026-10-05T03:14:06.290703Z,KXXRP15M-26OCT042315-15,0.5900,32.00,yes
2026-10-05T03:14:06.303891Z,KXXRP15M-26OCT042315-15,0.5900,368.00,yes
2026-10-05T03:14:06.322188Z,KXXRP15M-26OCT042315-15,0.6200,7.00,yes
2026-10-05T03:14:06.322188Z,KXXRP15M-26OCT042315-15,0.6200,24.04,yes
2026-10-05T03:14:06.378389Z,KXXRP15M-26OCT042315-15,0.5800,0.01,no
2026-10-05T03:14:06.378389Z,KXXRP15M-26OCT042315-15,0.6100,0.16,no
2026-10-05T03:14:06.378389Z,KXXRP15M-26OCT042315-15,0.6100,5.00,no
2026-10-05T03:14:06.378389Z,KXXRP15M-26OCT042315-15,0.5800,80.00,no
2026-10-05T03:14:06.378389Z,KXXRP15M-26OCT042315-15,0.6000,13.00,no
2026-10-05T03:14:06.378389Z,KXXRP15M-26OCT042315-15,0.6100,6.67,no
2026-10-05T03:14:06.378389Z,KXXRP15M-26OCT042315-15,0.5400,97.26,no
2026-10-05T03:14:06.378389Z,KXXRP15M-26OCT042315-15,0.5500,7.00,no
2026-10-05T03:14:06.378389Z,KXXRP15M-26OCT042315-15,0.5500,18.00,no
2026-10-05T03:14:06.457296Z,KXXRP15M-26OCT042315-15,0.6200,400.00,yes
2026-10-05T03:14:06.457296Z,KXXRP15M-26OCT042315-15,0.6300,15.00,yes
2026-10-05T03:14:06.457296Z,KXXRP15M-26OCT042315-15,0.6300,23.67,yes
2026-10-05T03:14:06.610365Z,KXXRP15M-26OCT042315-15,0.5500,12.70,no
2026-10-05T03:14:06.610365Z,KXXRP15M-26OCT042315-15,0.6100,0.01,no
2026-10-05T03:14:06.610365Z,KXXRP15M-26OCT042315-15,0.5500,7.00,no
2026-10-05T03:14:06.610365Z,KXXRP15M-26OCT042315-15,0.6100,5.00,no
2026-10-05T03:14:06.610365Z,KXXRP15M-26OCT042315-15,0.6000,1.00,no
2026-10-05T03:14:06.704656Z,KXXRP15M-26OCT042315-15,0.5600,7.00,no
2026-10-05T03:14:06.704656Z,KXXRP15M-26OCT042315-15,0.5500,28.94,no
2026-10-05T03:14:06.704656Z,KXXRP15M-26OCT042315-15,0.6100,0.01,no
2026-10-05T03:14:06.704656Z,KXXRP15M-26OCT042315-15,0.6100,5.00,no
2026-10-05T03:14:06.704656Z,KXXRP15M-26OCT042315-15,0.5600,12.00,no
2026-10-05T03:14:06.724536Z,KXXRP15M-26OCT042315-15,0.6200,38.00,yes
2026-10-05T03:14:06.728305Z,KXXRP15M-26OCT042315-15,0.5500,12.64,no
2026-10-05T03:14:06.728305Z,KXXRP15M-26OCT042315-15,0.6100,0.01,no
2026-10-05T03:14:06.728305Z,KXXRP15M-26OCT042315-15,0.6100,7.50,no
2026-10-05T03:14:06.728305Z,KXXRP15M-26OCT042315-15,0.6100,5.00,no
2026-10-05T03:14:06.815355Z,KXXRP15M-26OCT042315-15,0.6100,5.00,no
2026-10-05T03:14:06.815355Z,KXXRP15M-26OCT042315-15,0.5600,3.29,no
2026-10-05T03:14:06.815355Z,KXXRP15M-26OCT042315-15,0.6100,0.01,no
2026-10-05T03:14:06.885476Z,KXXRP15M-26OCT042315-15,0.5700,7.50,no
2026-10-05T03:14:06.885476Z,KXXRP15M-26OCT042315-15,0.5600,12.00,no
2026-10-05T03:14:06.885476Z,KXXRP15M-26OCT042315-15,0.6100,5.00,no
2026-10-05T03:14:06.885476Z,KXXRP15M-26OCT042315-15,0.5500,20.72,no
2026-10-05T03:14:06.885476Z,KXXRP15M-26OCT042315-15,0.5600,7.00,no
2026-10-05T03:14:06.885476Z,KXXRP15M-26OCT042315-15,0.6100,0.01,no
2026-10-05T03:14:06.885476Z,KXXRP15M-26OCT042315-15,0.5400,21.52,no
2026-10-05T03:14:07.018732Z,KXXRP15M-26OCT042315-15,0.5900,1.00,yes
2026-10-05T03:14:07.030131Z,KXXRP15M-26OCT042315-15,0.6200,10.00,yes
2026-10-05T03:14:07.030131Z,KXXRP15M-26OCT042315-15,0.6100,10.00,yes
2026-10-05T03:14:07.030131Z,KXXRP15M-26OCT042315-15,0.6100,7.00,yes
2026-10-05T03:14:07.030131Z,KXXRP15M-26OCT042315-15,0.5900,399.00,yes
2026-10-05T03:14:07.06456Z,KXXRP15M-26OCT042315-15,0.6100,10.00,yes
2026-10-05T03:14:07.06456Z,KXXRP15M-26OCT042315-15,0.6100,7.00,yes
2026-10-05T03:14:07.06456Z,KXXRP15M-26OCT042315-15,0.6200,290.00,yes
2026-10-05T03:14:07.264435Z,KXXRP15M-26OCT042315-15,0.6100,40.00,yes
2026-10-05T03:14:07.264435Z,KXXRP15M-26OCT042315-15,0.6200,20.00,yes
2026-10-05T03:14:07.394452Z,KXXRP15M-26OCT042315-15,0.6200,5.00,yes
2026-10-05T03:14:07.505087Z,KXXRP15M-26OCT042315-15,0.5400,15.00,no
2026-10-05T03:14:07.505087Z,KXXRP15M-26OCT042315-15,0.6100,13.00,no
2026-10-05T03:14:07.505087Z,KXXRP15M-26OCT042315-15,0.6000,0.01,no
2026-10-05T03:14:07.505087Z,KXXRP15M-26OCT042315-15,0.5700,400.00,no
2026-10-05T03:14:07.505087Z,KXXRP15M-26OCT042315-15,0.5900,7.00,no
2026-10-05T03:14:07.505087Z,KXXRP15M-26OCT042315-15,0.5800,7.50,no
2026-10-05T03:14:07.505087Z,KXXRP15M-26OCT042315-15,0.5900,12.00,no
2026-10-05T03:14:07.505087Z,KXXRP15M-26OCT042315-15,0.5800,27.00,no
2026-10-05T03:14:07.505087Z,KXXRP15M-26OCT042315-15,0.6100,5.00,no
2026-10-05T03:14:07.505087Z,KXXRP15M-26OCT042315-15,0.5400,281.22,no
2026-10-05T03:14:07.505087Z,KXXRP15M-26OCT042315-15,0.5100,370.21,no
2026-10-05T03:14:07.505087Z,KXXRP15M-26OCT042315-15,0.5800,19.00,no
2026-10-05T03:14:07.601444Z,KXXRP15M-26OCT042315-15,0.6100,0.01,no
2026-10-05T03:14:07.601444Z,KXXRP15M-26OCT042315-15,0.6100,5.00,no
2026-10-05T03:14:07.601444Z,KXXRP15M-26OCT042315-15,0.6100,13.00,no
2026-10-05T03:14:07.601444Z,KXXRP15M-26OCT042315-15,0.5900,12.00,no
2026-10-05T03:14:07.647627Z,KXXRP15M-26OCT042315-15,0.6600,39.30,yes
2026-10-05T03:14:07.647627Z,KXXRP15M-26OCT042315-15,0.6300,40.00,yes
2026-10-05T03:14:07.647627Z,KXXRP15M-26OCT042315-15,0.6500,10.00,yes
2026-10-05T03:14:07.647627Z,KXXRP15M-26OCT042315-15,0.6200,7.00,yes
2026-10-05T03:14:07.647627Z,KXXRP15M-26OCT042315-15,0.6200,37.00,yes
2026-10-05T03:14:07.647627Z,KXXRP15M-26OCT042315-15,0.6500,15.00,yes
2026-10-05T03:14:07.647627Z,KXXRP15M-26OCT042315-15,0.6700,13.55,yes
2026-10-05T03:14:07.647627Z,KXXRP15M-26OCT042315-15,0.6600,400.00,yes
2026-10-05T03:14:07.647627Z,KXXRP15M-26OCT042315-15,0.6500,1.00,yes
2026-10-05T03:14:07.647627Z,KXXRP15M-26OCT042315-15,0.6600,0.15,yes
2026-10-05T03:14:07.80338Z,KXXRP15M-26OCT042315-15,0.5800,6.69,no
2026-10-05T03:14:07.80338Z,KXXRP15M-26OCT042315-15,0.6200,5.00,no
2026-10-05T03:14:07.80338Z,KXXRP15M-26OCT042315-15,0.6100,0.01,no
2026-10-05T03:14:07.840778Z,KXXRP15M-26OCT042315-15,0.6000,5.00,no
2026-10-05T03:14:07.840778Z,KXXRP15M-26OCT042315-15,0.5900,2.60,no
2026-10-05T03:14:07.840787Z,KXXRP15M-26OCT042315-15,0.5900,9.40,no
2026-10-05T03:14:07.840787Z,KXXRP15M-26OCT042315-15,0.5800,20.97,no
2026-10-05T03:14:07.840787Z,KXXRP15M-26OCT042315-15,0.5800,0.31,no
2026-10-05T03:14:07.850352Z,KXXRP15M-26OCT042315-15,0.5800,38.05,no
2026-10-05T03:14:07.850352Z,KXXRP15M-26OCT042315-15,0.5900,7.00,no
2026-10-05T03:14:07.850352Z,KXXRP15M-26OCT042315-15,0.6200,0.01,no
2026-10-05T03:14:07.879372Z,KXXRP15M-26OCT042315-15,0.6100,5.00,no
2026-10-05T03:14:07.879372Z,KXXRP15M-26OCT042315-15,0.6000,13.00,no
2026-10-05T03:14:07.879372Z,KXXRP15M-26OCT042315-15,0.5800,40.12,no
2026-10-05T03:14:07.915785Z,KXXRP15M-26OCT042315-15,0.6300,45.00,yes
2026-10-05T03:14:07.949031Z,KXXRP15M-26OCT042315-15,0.6300,23.08,yes
2026-10-05T03:14:08.022112Z,KXXRP15M-26OCT042315-15,0.6300,75.00,yes
2026-10-05T03:14:08.028825Z,KXXRP15M-26OCT042315-15,0.5900,7.00,no
2026-10-05T03:14:08.028825Z,KXXRP15M-26OCT042315-15,0.6200,5.00,no
2026-10-05T03:14:08.028825Z,KXXRP15M-26OCT042315-15,0.5800,34.02,no
2026-10-05T03:14:08.028825Z,KXXRP15M-26OCT042315-15,0.6100,13.00,no
2026-10-05T03:14:08.054142Z,KXXRP15M-26OCT042315-15,0.6300,92.00,yes
2026-10-05T03:14:08.069758Z,KXXRP15M-26OCT042315-15,0.6000,6.00,no
2026-10-05T03:14:08.069758Z,KXXRP15M-26OCT042315-15,0.5900,66.07,no
2026-10-05T03:14:08.069758Z,KXXRP15M-26OCT042315-15,0.6200,5.00,no
2026-10-05T03:14:08.069758Z,KXXRP15M-26OCT042315-15,0.6200,13.00,no
2026-10-05T03:14:08.069758Z,KXXRP15M-26OCT042315-15,0.6000,15.00,no
2026-10-05T03:14:08.089937Z,KXXRP15M-26OCT042315-15,0.6300,164.92,yes
2026-10-05T03:14:08.089937Z,KXXRP15M-26OCT042315-15,0.6500,125.08,yes
2026-10-05T03:14:08.089937Z,KXXRP15M-26OCT042315-15,0.6400,7.00,yes
2026-10-05T03:14:08.089937Z,KXXRP15M-26OCT042315-15,0.6400,10.00,yes
2026-10-05T03:14:08.092833Z,KXXRP15M-26OCT042315-15,0.6500,23.00,yes
2026-10-05T03:14:08.119054Z,KXXRP15M-26OCT042315-15,0.6400,20.00,yes
2026-10-05T03:14:08.119054Z,KXXRP15M-26OCT042315-15,0.6400,10.00,yes
2026-10-05T03:14:08.146998Z,KXXRP15M-26OCT042315-15,0.6500,15.87,yes
2026-10-05T03:14:08.254502Z,KXXRP15M-26OCT042315-15,0.6500,126.00,yes
2026-10-05T03:14:08.501349Z,KXXRP15M-26OCT042315-15,0.6500,10.00,yes
2026-10-05T03:14:08.829255Z,KXXRP15M-26OCT042315-15,0.6400,5.00,no
2026-10-05T03:14:08.829255Z,KXXRP15M-26OCT042315-15,0.6200,6.00,no
2026-10-05T03:14:08.829255Z,KXXRP15M-26OCT042315-15,0.6200,13.48,no
2026-10-05T03:14:08.829255Z,KXXRP15M-26OCT042315-15,0.6300,0.14,no
2026-10-05T03:14:08.829255Z,KXXRP15M-26OCT042315-15,0.6200,13.00,no
2026-10-05T03:14:08.918699Z,KXXRP15M-26OCT042315-15,0.6400,5.00,no
2026-10-05T03:14:08.918699Z,KXXRP15M-26OCT042315-15,0.6300,13.00,no
2026-10-05T03:14:08.918699Z,KXXRP15M-26OCT042315-15,0.6100,84.65,no
2026-10-05T03:14:08.918699Z,KXXRP15M-26OCT042315-15,0.6200,6.00,no
2026-10-05T03:14:08.918699Z,KXXRP15M-26OCT042315-15,0.6200,4.52,no
2026-10-05T03:14:08.918699Z,KXXRP15M-26OCT042315-15,0.6200,13.00,no
2026-10-05T03:14:08.918699Z,KXXRP15M-26OCT042315-15,0.6200,20.00,no
2026-10-05T03:14:09.081098Z,KXXRP15M-26OCT042315-15,0.6500,100.00,yes
2026-10-05T03:14:09.11935Z,KXXRP15M-26OCT042315-15,0.6500,0.05,yes
2026-10-05T03:14:09.153667Z,KXXRP15M-26OCT042315-15,0.6600,1.27,no
2026-10-05T03:14:09.182211Z,KXXRP15M-26OCT042315-15,0.6700,10.00,yes
2026-10-05T03:14:09.182211Z,KXXRP15M-26OCT042315-15,0.6700,7.00,yes
2026-10-05T03:14:09.182211Z,KXXRP15M-26OCT042315-15,0.6800,288.55,yes
2026-10-05T03:14:09.182211Z,KXXRP15M-26OCT042315-15,0.6700,1.45,yes
2026-10-05T03:14:09.219293Z,KXXRP15M-26OCT042315-15,0.6700,4.43,no
2026-10-05T03:14:09.247171Z,KXXRP15M-26OCT042315-15,0.6800,60.00,yes
2026-10-05T03:14:09.267048Z,KXXRP15M-26OCT042315-15,0.6700,4.00,no
2026-10-05T03:14:09.280095Z,KXXRP15M-26OCT042315-15,0.6800,26.14,yes
2026-10-05T03:14:09.42308Z,KXXRP15M-26OCT042315-15,0.6800,7.00,yes
2026-10-05T03:14:09.42308Z,KXXRP15M-26OCT042315-15,0.6900,3.00,yes
2026-10-05T03:14:09.629659Z,KXXRP15M-26OCT042315-15,0.6900,8.25,yes
2026-10-05T03:14:09.629659Z,KXXRP15M-26OCT042315-15,0.6900,10.00,yes
2026-10-05T03:14:09.629659Z,KXXRP15M-26OCT042315-15,0.6900,12.00,yes
2026-10-05T03:14:09.672335Z,KXXRP15M-26OCT042315-15,0.6800,20.00,no
2026-10-05T03:14:09.672335Z,KXXRP15M-26OCT042315-15,0.7000,5.00,no
2026-10-05T03:14:09.672335Z,KXXRP15M-26OCT042315-15,0.6800,19.00,no
2026-10-05T03:14:09.672335Z,KXXRP15M-26OCT042315-15,0.6700,161.40,no
2026-10-05T03:14:09.672335Z,KXXRP15M-26OCT042315-15,0.7000,0.27,no
2026-10-05T03:14:09.672335Z,KXXRP15M-26OCT042315-15,0.7000,400.00,no
2026-10-05T03:14:09.672335Z,KXXRP15M-26OCT042315-15,0.6800,7.00,no
2026-10-05T03:14:09.672335Z,KXXRP15M-26OCT042315-15,0.6800,14.00,no
2026-10-05T03:14:09.706695Z,KXXRP15M-26OCT042315-15,0.7000,0.50,no
2026-10-05T03:14:09.706695Z,KXXRP15M-26OCT042315-15,0.7000,12.50,no
2026-10-05T03:14:09.720267Z,KXXRP15M-26OCT042315-15,0.7400,45.00,yes
2026-10-05T03:14:09.720267Z,KXXRP15M-26OCT042315-15,0.7300,15.00,yes
2026-10-05T03:14:09.720267Z,KXXRP15M-26OCT042315-15,0.7100,15.00,yes
2026-10-05T03:14:09.814941Z,KXXRP15M-26OCT042315-15,0.7300,3.00,no
2026-10-05T03:14:09.846593Z,KXXRP15M-26OCT042315-15,0.7300,7.29,no
2026-10-05T03:14:10.135152Z,KXXRP15M-26OCT042315-15,0.7400,307.00,yes
2026-10-05T03:14:10.286374Z,KXXRP15M-26OCT042315-15,0.7300,5.00,no
2026-10-05T03:14:10.286374Z,KXXRP15M-26OCT042315-15,0.7300,4.71,no
2026-10-05T03:14:10.286374Z,KXXRP15M-26OCT042315-15,0.7300,11.00,no
2026-10-05T03:14:10.286374Z,KXXRP15M-26OCT042315-15,0.7300,0.51,no
2026-10-05T03:14:10.286374Z,KXXRP15M-26OCT042315-15,0.7100,0.59,no
2026-10-05T03:14:10.300906Z,KXXRP15M-26OCT042315-15,0.7400,1.00,yes
2026-10-05T03:14:10.474473Z,KXXRP15M-26OCT042315-15,0.7400,6.00,yes
2026-10-05T03:14:10.54685Z,KXXRP15M-26OCT042315-15,0.7300,5.00,no
2026-10-05T03:14:10.54685Z,KXXRP15M-26OCT042315-15,0.7200,11.00,no
2026-10-05T03:14:10.700182Z,KXXRP15M-26OCT042315-15,0.7300,5.00,no
2026-10-05T03:14:10.700182Z,KXXRP15M-26OCT042315-15,0.7300,0.01,no
2026-10-05T03:14:10.802789Z,KXXRP15M-26OCT042315-15,0.7200,11.00,no
2026-10-05T03:14:10.802789Z,KXXRP15M-26OCT042315-15,0.7200,4.00,no
2026-10-05T03:14:10.802789Z,KXXRP15M-26OCT042315-15,0.7000,8.60,no
2026-10-05T03:14:10.802789Z,KXXRP15M-26OCT042315-15,0.7300,5.00,no
2026-10-05T03:14:10.818367Z,KXXRP15M-26OCT042315-15,0.7300,5.00,no
2026-10-05T03:14:10.830123Z,KXXRP15M-26OCT042315-15,0.6800,7.00,no
2026-10-05T03:14:10.830123Z,KXXRP15M-26OCT042315-15,0.6700,49.30,no
2026-10-05T03:14:10.830123Z,KXXRP15M-26OCT042315-15,0.7300,10.00,no
2026-10-05T03:14:10.830123Z,KXXRP15M-26OCT042315-15,0.7300,5.00,no
2026-10-05T03:14:10.830123Z,KXXRP15M-26OCT042315-15,0.7200,15.00,no
2026-10-05T03:14:10.986316Z,KXXRP15M-26OCT042315-15,0.7400,10.00,yes
2026-10-05T03:14:10.986316Z,KXXRP15M-26OCT042315-15,0.7400,6.00,yes
2026-10-05T03:14:10.986316Z,KXXRP15M-26OCT042315-15,0.7400,39.00,yes
2026-10-05T03:14:11.011823Z,KXXRP15M-26OCT042315-15,0.7400,5.95,yes
2026-10-05T03:14:11.055233Z,KXXRP15M-26OCT042315-15,0.7400,1.05,yes
2026-10-05T03:14:11.055233Z,KXXRP15M-26OCT042315-15,0.7400,0.57,yes
2026-10-05T03:14:11.062081Z,KXXRP15M-26OCT042315-15,0.7400,5.43,yes
2026-10-05T03:14:11.081415Z,KXXRP15M-26OCT042315-15,0.7500,3.80,yes
2026-10-05T03:14:11.081415Z,KXXRP15M-26OCT042315-15,0.7600,12.57,yes
2026-10-05T03:14:11.081415Z,KXXRP15M-26OCT042315-15,0.7500,2.81,yes
2026-10-05T03:14:11.081415Z,KXXRP15M-26OCT042315-15,0.7700,6.00,yes
2026-10-05T03:14:11.081415Z,KXXRP15M-26OCT042315-15,0.7700,10.00,yes
2026-10-05T03:14:11.081415Z,KXXRP15M-26OCT042315-15,0.7700,16.00,yes
2026-10-05T03:14:11.081415Z,KXXRP15M-26OCT042315-15,0.7800,104.17,yes
2026-10-05T03:14:11.081415Z,KXXRP15M-26OCT042315-15,0.7500,15.00,yes
2026-10-05T03:14:11.081415Z,KXXRP15M-26OCT042315-15,0.7700,15.00,yes
2026-10-05T03:14:11.081415Z,KXXRP15M-26OCT042315-15,0.7500,20.94,yes
2026-10-05T03:14:11.081415Z,KXXRP15M-26OCT042315-15,0.7500,38.39,yes
2026-10-05T03:14:11.081415Z,KXXRP15M-26OCT042315-15,0.7500,2.73,yes
2026-10-05T03:14:11.081415Z,KXXRP15M-26OCT042315-15,0.7500,15.38,yes
2026-10-05T03:14:11.081415Z,KXXRP15M-26OCT042315-15,0.7500,39.56,yes
2026-10-05T03:14:11.081415Z,KXXRP15M-26OCT042315-15,0.7500,3.65,yes
2026-10-05T03:14:11.081415Z,KXXRP15M-26OCT042315-15,0.7600,1.00,yes
2026-10-05T03:14:11.203287Z,KXXRP15M-26OCT042315-15,0.7200,1.67,no
2026-10-05T03:14:11.203287Z,KXXRP15M-26OCT042315-15,0.7200,8.00,no
2026-10-05T03:14:11.203287Z,KXXRP15M-26OCT042315-15,0.7700,5.00,no
2026-10-05T03:14:11.203287Z,KXXRP15M-26OCT042315-15,0.7700,0.20,no
2026-10-05T03:14:11.203287Z,KXXRP15M-26OCT042315-15,0.7400,16.00,no
2026-10-05T03:14:11.203287Z,KXXRP15M-26OCT042315-15,0.7600,17.00,no
2026-10-05T03:14:11.203287Z,KXXRP15M-26OCT042315-15,0.7700,0.73,no
2026-10-05T03:14:11.225582Z,KXXRP15M-26OCT042315-15,0.7800,1.00,yes
2026-10-05T03:14:11.226564Z,KXXRP15M-26OCT042315-15,0.7800,1.27,yes
2026-10-05T03:14:11.244372Z,KXXRP15M-26OCT042315-15,0.7800,100.00,yes
2026-10-05T03:14:11.456414Z,KXXRP15M-26OCT042315-15,0.7100,58.88,no
2026-10-05T03:14:11.456414Z,KXXRP15M-26OCT042315-15,0.7600,4.16,no
2026-10-05T03:14:11.456414Z,KXXRP15M-26OCT042315-15,0.7400,16.00,no
2026-10-05T03:14:11.456414Z,KXXRP15M-26OCT042315-15,0.7200,8.00,no
2026-10-05T03:14:11.456414Z,KXXRP15M-26OCT042315-15,0.7500,16.00,no
2026-10-05T03:14:11.556456Z,KXXRP15M-26OCT042315-15,0.7800,10.00,yes
2026-10-05T03:14:11.603885Z,KXXRP15M-26OCT042315-15,0.7800,10.00,yes
2026-10-05T03:14:11.647616Z,KXXRP15M-26OCT042315-15,0.7800,55.00,yes
2026-10-05T03:14:12.06187Z,KXXRP15M-26OCT042315-15,0.7800,10.00,yes
2026-10-05T03:14:12.071854Z,KXXRP15M-26OCT042315-15,0.7800,1.54,yes
2026-10-05T03:14:12.07738Z,KXXRP15M-26OCT042315-15,0.7900,10.00,yes
2026-10-05T03:14:12.07738Z,KXXRP15M-26OCT042315-15,0.7900,6.00,yes
2026-10-05T03:14:12.07738Z,KXXRP15M-26OCT042315-15,0.7800,8.46,yes
2026-10-05T03:14:12.07738Z,KXXRP15M-26OCT042315-15,0.8000,267.54,yes
2026-10-05T03:14:12.07738Z,KXXRP15M-26OCT042315-15,0.7900,15.00,yes
2026-10-05T03:14:12.14429Z,KXXRP15M-26OCT042315-15,0.7800,7.00,no
2026-10-05T03:14:12.14429Z,KXXRP15M-26OCT042315-15,0.7700,81.18,no
2026-10-05T03:14:12.14429Z,KXXRP15M-26OCT042315-15,0.7800,18.00,no
2026-10-05T03:14:12.2707Z,KXXRP15M-26OCT042315-15,0.8000,4.00,yes
2026-10-05T03:14:12.365659Z,KXXRP15M-26OCT042315-15,0.7500,18.33,no
2026-10-05T03:14:12.365659Z,KXXRP15M-26OCT042315-15,0.7500,9.71,no
2026-10-05T03:14:12.365659Z,KXXRP15M-26OCT042315-15,0.7600,17.00,no
2026-10-05T03:14:12.365659Z,KXXRP15M-26OCT042315-15,0.7800,0.32,no
2026-10-05T03:14:12.365659Z,KXXRP15M-26OCT042315-15,0.7900,4.00,no
2026-10-05T03:14:12.365659Z,KXXRP15M-26OCT042315-15,0.7800,0.30,no
2026-10-05T03:14:12.365659Z,KXXRP15M-26OCT042315-15,0.7700,1.00,no
2026-10-05T03:14:12.365659Z,KXXRP15M-26OCT042315-15,0.7500,8.00,no
2026-10-05T03:14:12.365659Z,KXXRP15M-26OCT042315-15,0.7800,18.00,no
2026-10-05T03:14:12.666047Z,KXXRP15M-26OCT042315-15,0.7900,12.00,no
2026-10-05T03:14:12.666047Z,KXXRP15M-26OCT042315-15,0.7900,0.26,no
2026-10-05T03:14:12.666047Z,KXXRP15M-26OCT042315-15,0.7900,18.00,no
2026-10-05T03:14:12.669421Z,KXXRP15M-26OCT042315-15,0.7900,23.74,no
2026-10-05T03:14:12.669421Z,KXXRP15M-26OCT042315-15,0.7900,15.00,no
2026-10-05T03:14:12.669421Z,KXXRP15M-26OCT042315-15,0.7800,10.74,no
2026-10-05T03:14:12.689074Z,KXXRP15M-26OCT042315-15,0.8000,22.22,yes
2026-10-05T03:14:12.968334Z,KXXRP15M-26OCT042315-15,0.8000,8.00,yes
2026-10-05T03:14:12.972724Z,KXXRP15M-26OCT042315-15,0.8000,1.00,yes
2026-10-05T03:14:13.04824Z,KXXRP15M-26OCT042315-15,0.8000,16.00,yes
2026-10-05T03:14:13.067349Z,KXXRP15M-26OCT042315-15,0.8000,22.00,yes
2026-10-05T03:14:13.072789Z,KXXRP15M-26OCT042315-15,0.8000,1.50,yes
2026-10-05T03:14:13.090359Z,KXXRP15M-26OCT042315-15,0.8000,10.00,yes
2026-10-05T03:14:13.254939Z,KXXRP15M-26OCT042315-15,0.7800,8.62,no
2026-10-05T03:14:13.277509Z,KXXRP15M-26OCT042315-15,0.7800,10.29,no
2026-10-05T03:14:13.277509Z,KXXRP15M-26OCT042315-15,0.7800,7.00,no
2026-10-05T03:14:13.277509Z,KXXRP15M-26OCT042315-15,0.7800,4.56,no
2026-10-05T03:14:13.277509Z,KXXRP15M-26OCT042315-15,0.7800,1.38,no
2026-10-05T03:14:13.412604Z,KXXRP15M-26OCT042315-15,0.8000,1.00,yes
2026-10-05T03:14:13.412604Z,KXXRP15M-26OCT042315-15,0.8000,47.74,yes
2026-10-05T03:14:13.412604Z,KXXRP15M-26OCT042315-15,0.8100,11.65,yes
2026-10-05T03:14:13.489956Z,KXXRP15M-26OCT042315-15,0.8000,0.86,yes
2026-10-05T03:14:13.551029Z,KXXRP15M-26OCT042315-15,0.7900,8.62,no
2026-10-05T03:14:13.584198Z,KXXRP15M-26OCT042315-15,0.7900,2.00,no
2026-10-05T03:14:13.677465Z,KXXRP15M-26OCT042315-15,0.8000,12.32,yes
2026-10-05T03:14:13.747253Z,KXXRP15M-26OCT042315-15,0.7800,1.18,no
2026-10-05T03:14:13.747253Z,KXXRP15M-26OCT042315-15,0.7900,7.38,no
2026-10-05T03:14:13.747253Z,KXXRP15M-26OCT042315-15,0.7900,11.00,no
2026-10-05T03:14:13.747253Z,KXXRP15M-26OCT042315-15,0.7800,15.44,no
2026-10-05T03:14:13.848978Z,KXXRP15M-26OCT042315-15,0.7800,5.82,no
2026-10-05T03:14:13.848978Z,KXXRP15M-26OCT042315-15,0.7800,9.18,no
2026-10-05T03:14:13.943053Z,KXXRP15M-26OCT042315-15,0.7800,1.18,no
2026-10-05T03:14:13.943053Z,KXXRP15M-26OCT042315-15,0.7800,20.00,no
2026-10-05T03:14:13.943053Z,KXXRP15M-26OCT042315-15,0.7800,8.82,no
2026-10-05T03:14:13.943053Z,KXXRP15M-26OCT042315-15,0.7700,34.79,no
2026-10-05T03:14:13.943053Z,KXXRP15M-26OCT042315-15,0.7800,14.00,no
2026-10-05T03:14:13.943053Z,KXXRP15M-26OCT042315-15,0.7800,5.82,no
2026-10-05T03:14:13.976839Z,KXXRP15M-26OCT042315-15,0.8200,75.68,yes
2026-10-05T03:14:13.976839Z,KXXRP15M-26OCT042315-15,0.8100,3.35,yes
2026-10-05T03:14:13.976839Z,KXXRP15M-26OCT042315-15,0.8000,6.82,yes
2026-10-05T03:14:13.976839Z,KXXRP15M-26OCT042315-15,0.8100,10.00,yes
2026-10-05T03:14:13.976839Z,KXXRP15M-26OCT042315-15,0.8100,6.00,yes
2026-10-05T03:14:13.976839Z,KXXRP15M-26OCT042315-15,0.8100,17.00,yes
2026-10-05T03:14:14.05121Z,KXXRP15M-26OCT042315-15,0.8100,10.00,yes
2026-10-05T03:14:14.088539Z,KXXRP15M-26OCT042315-15,0.8100,1.48,yes
2026-10-05T03:14:14.253952Z,KXXRP15M-26OCT042315-15,0.8100,7.00,no
2026-10-05T03:14:14.253952Z,KXXRP15M-26OCT042315-15,0.8100,20.00,no
2026-10-05T03:14:14.253952Z,KXXRP15M-26OCT042315-15,0.8000,106.85,no
2026-10-05T03:14:14.253952Z,KXXRP15M-26OCT042315-15,0.8100,0.77,no
2026-10-05T03:14:14.303854Z,KXXRP15M-26OCT042315-15,0.8000,0.04,no
2026-10-05T03:14:14.326604Z,KXXRP15M-26OCT042315-15,0.8300,25.04,yes
2026-10-05T03:14:14.326604Z,KXXRP15M-26OCT042315-15,0.8300,15.00,yes
2026-10-05T03:14:14.326604Z,KXXRP15M-26OCT042315-15,0.8300,20.00,yes
2026-10-05T03:14:14.326604Z,KXXRP15M-26OCT042315-15,0.8300,2.41,yes
2026-10-05T03:14:14.326604Z,KXXRP15M-26OCT042315-15,0.8300,6.00,yes
2026-10-05T03:14:14.673117Z,KXXRP15M-26OCT042315-15,0.8300,23.51,yes
2026-10-05T03:14:14.881984Z,KXXRP15M-26OCT042315-15,0.8000,9.46,no
2026-10-05T03:14:14.888589Z,KXXRP15M-26OCT042315-15,0.8300,0.01,yes
2026-10-05T03:14:15.094901Z,KXXRP15M-26OCT042315-15,0.8300,1.45,yes
2026-10-05T03:14:15.223538Z,KXXRP15M-26OCT042315-15,0.8000,94.69,no
2026-10-05T03:14:15.344518Z,KXXRP15M-26OCT042315-15,0.8400,36.33,yes
2026-10-05T03:14:15.344518Z,KXXRP15M-26OCT042315-15,0.8300,13.67,yes
2026-10-05T03:14:15.464446Z,KXXRP15M-26OCT042315-15,0.8000,51.56,no
2026-10-05T03:14:15.508142Z,KXXRP15M-26OCT042315-15,0.8000,19.00,no
2026-10-05T03:14:15.508142Z,KXXRP15M-26OCT042315-15,0.8000,80.34,no
2026-10-05T03:14:15.508142Z,KXXRP15M-26OCT042315-15,0.8000,137.40,no
2026-10-05T03:14:15.552869Z,KXXRP15M-26OCT042315-15,0.8400,13.00,yes
2026-10-05T03:14:15.850787Z,KXXRP15M-26OCT042315-15,0.8100,15.00,no
2026-10-05T03:14:15.953793Z,KXXRP15M-26OCT042315-15,0.8100,2.00,no
2026-10-05T03:14:15.953793Z,KXXRP15M-26OCT042315-15,0.8100,5.00,no
2026-10-05T03:14:16.100917Z,KXXRP15M-26OCT042315-15,0.8400,1.43,yes
2026-10-05T03:14:16.137325Z,KXXRP15M-26OCT042315-15,0.8500,2.37,yes
2026-10-05T03:14:16.137325Z,KXXRP15M-26OCT042315-15,0.8400,18.57,yes
2026-10-05T03:14:16.137325Z,KXXRP15M-26OCT042315-15,0.8500,15.00,yes
2026-10-05T03:14:16.137325Z,KXXRP15M-26OCT042315-15,0.8500,1.00,yes
2026-10-05T03:14:16.137325Z,KXXRP15M-26OCT042315-15,0.8500,3.06,yes
2026-10-05T03:14:16.199039Z,KXXRP15M-26OCT042315-15,0.8100,13.00,no
2026-10-05T03:14:16.199039Z,KXXRP15M-26OCT042315-15,0.8100,17.00,no
2026-10-05T03:14:16.199039Z,KXXRP15M-26OCT042315-15,0.8100,5.00,no
2026-10-05T03:14:16.199039Z,KXXRP15M-26OCT042315-15,0.8000,125.86,no
2026-10-05T03:14:16.199039Z,KXXRP15M-26OCT042315-15,0.8100,15.00,no
2026-10-05T03:14:16.199039Z,KXXRP15M-26OCT042315-15,0.8100,2.00,no
2026-10-05T03:14:16.581766Z,KXXRP15M-26OCT042315-15,0.8500,8.14,yes
2026-10-05T03:14:16.683198Z,KXXRP15M-26OCT042315-15,0.8200,0.45,no
2026-10-05T03:14:16.683198Z,KXXRP15M-26OCT042315-15,0.8100,10.55,no
2026-10-05T03:14:16.683198Z,KXXRP15M-26OCT042315-15,0.8200,21.00,no
2026-10-05T03:14:16.693332Z,KXXRP15M-26OCT042315-15,0.8600,131.15,yes
2026-10-05T03:14:16.693332Z,KXXRP15M-26OCT042315-15,0.8500,9.58,yes
2026-10-05T03:14:16.693332Z,KXXRP15M-26OCT042315-15,0.8500,5.00,yes
2026-10-05T03:14:16.693332Z,KXXRP15M-26OCT042315-15,0.8500,7.50,yes
2026-10-05T03:14:16.693332Z,KXXRP15M-26OCT042315-15,0.8500,19.00,yes
2026-10-05T03:14:16.693332Z,KXXRP15M-26OCT042315-15,0.8500,40.00,yes
2026-10-05T03:14:16.693332Z,KXXRP15M-26OCT042315-15,0.8500,18.80,yes
2026-10-05T03:14:16.807855Z,KXXRP15M-26OCT042315-15,0.8500,16.00,yes
2026-10-05T03:14:16.807855Z,KXXRP15M-26OCT042315-15,0.8500,4.00,yes
2026-10-05T03:14:16.909525Z,KXXRP15M-26OCT042315-15,0.8600,268.85,yes
2026-10-05T03:14:16.909525Z,KXXRP15M-26OCT042315-15,0.8600,1.00,yes
2026-10-05T03:14:16.909525Z,KXXRP15M-26OCT042315-15,0.8600,7.50,yes
2026-10-05T03:14:16.909525Z,KXXRP15M-26OCT042315-15,0.8500,4.00,yes
2026-10-05T03:14:16.909525Z,KXXRP15M-26OCT042315-15,0.8500,10.00,yes
2026-10-05T03:14:16.909525Z,KXXRP15M-26OCT042315-15,0.8600,2.00,yes
2026-10-05T03:14:16.909525Z,KXXRP15M-26OCT042315-15,0.8500,1.00,yes
2026-10-05T03:14:16.960552Z,KXXRP15M-26OCT042315-15,0.8200,17.00,no
2026-10-05T03:14:17.108778Z,KXXRP15M-26OCT042315-15,0.8700,1.38,yes
2026-10-05T03:14:17.224332Z,KXXRP15M-26OCT042315-15,0.8700,2.00,yes
2026-10-05T03:14:17.276263Z,KXXRP15M-26OCT042315-15,0.8700,6.53,yes
2026-10-05T03:14:17.40573Z,KXXRP15M-26OCT042315-15,0.8300,60.60,no
2026-10-05T03:14:17.40573Z,KXXRP15M-26OCT042315-15,0.8400,7.00,no
2026-10-05T03:14:17.40573Z,KXXRP15M-26OCT042315-15,0.8400,23.00,no
2026-10-05T03:14:17.40573Z,KXXRP15M-26OCT042315-15,0.8400,1.08,no
2026-10-05T03:14:17.40573Z,KXXRP15M-26OCT042315-15,0.8400,17.00,no
2026-10-05T03:14:17.40573Z,KXXRP15M-26OCT042315-15,0.8400,10.45,no
2026-10-05T03:14:17.481436Z,KXXRP15M-26OCT042315-15,0.8700,1.13,yes
2026-10-05T03:14:17.489415Z,KXXRP15M-26OCT042315-15,0.8400,16.00,no
2026-10-05T03:14:17.489415Z,KXXRP15M-26OCT042315-15,0.8400,7.00,no
2026-10-05T03:14:17.489415Z,KXXRP15M-26OCT042315-15,0.8400,10.00,no
2026-10-05T03:14:17.489415Z,KXXRP15M-26OCT042315-15,0.8400,23.00,no
2026-10-05T03:14:17.489415Z,KXXRP15M-26OCT042315-15,0.8300,77.94,no
2026-10-05T03:14:17.928263Z,KXXRP15M-26OCT042315-15,0.8400,9.00,no
2026-10-05T03:14:18.121945Z,KXXRP15M-26OCT042315-15,0.8700,1.38,yes
2026-10-05T03:14:18.144339Z,KXXRP15M-26OCT042315-15,0.8400,14.00,no
2026-10-05T03:14:18.144339Z,KXXRP15M-26OCT042315-15,0.8400,27.00,no
2026-10-05T03:14:18.160148Z,KXXRP15M-26OCT042315-15,0.8700,1.00,yes
2026-10-05T03:14:18.160148Z,KXXRP15M-26OCT042315-15,0.8700,2.58,yes
2026-10-05T03:14:18.160148Z,KXXRP15M-26OCT042315-15,0.8700,2.11,yes
2026-10-05T03:14:18.191843Z,KXXRP15M-26OCT042315-15,0.8700,2.90,yes
2026-10-05T03:14:18.215289Z,KXXRP15M-26OCT042315-15,0.8700,8.00,no
2026-10-05T03:14:18.215289Z,KXXRP15M-26OCT042315-15,0.8700,27.00,no
2026-10-05T03:14:18.215289Z,KXXRP15M-26OCT042315-15,0.8600,84.99,no
2026-10-05T03:14:18.270936Z,KXXRP15M-26OCT042315-15,0.8700,20.00,no
2026-10-05T03:14:18.270936Z,KXXRP15M-26OCT042315-15,0.8700,10.00,no
2026-10-05T03:14:18.270936Z,KXXRP15M-26OCT042315-15,0.8700,2.28,no
2026-10-05T03:14:18.270936Z,KXXRP15M-26OCT042315-15,0.8700,8.00,no
2026-10-05T03:14:18.275096Z,KXXRP15M-26OCT042315-15,0.8400,5.00,no
2026-10-05T03:14:18.275096Z,KXXRP15M-26OCT042315-15,0.8400,473.00,no
2026-10-05T03:14:18.275096Z,KXXRP15M-26OCT042315-15,0.8500,26.05,no
2026-10-05T03:14:18.275096Z,KXXRP15M-26OCT042315-15,0.8500,24.00,no
2026-10-05T03:14:18.276451Z,KXXRP15M-26OCT042315-15,0.8300,7.50,no
2026-10-05T03:14:18.276451Z,KXXRP15M-26OCT042315-15,0.8300,22.00,no
2026-10-05T03:14:18.289172Z,KXXRP15M-26OCT042315-15,0.8400,23.00,no
2026-10-05T03:14:18.289172Z,KXXRP15M-26OCT042315-15,0.8100,7.00,no
2026-10-05T03:14:18.289172Z,KXXRP15M-26OCT042315-15,0.8500,24.00,no
2026-10-05T03:14:18.28952Z,KXXRP15M-26OCT042315-15,0.8000,264.59,no
2026-10-05T03:14:18.291571Z,KXXRP15M-26OCT042315-15,0.8000,67.80,no
2026-10-05T03:14:18.298364Z,KXXRP15M-26OCT042315-15,0.8000,87.97,no
2026-10-05T03:14:18.298364Z,KXXRP15M-26OCT042315-15,0.8100,20.00,no
2026-10-05T03:14:18.298364Z,KXXRP15M-26OCT042315-15,0.8100,7.00,no
2026-10-05T03:14:18.299465Z,KXXRP15M-26OCT042315-15,0.8000,237.45,no
2026-10-05T03:14:18.299465Z,KXXRP15M-26OCT042315-15,0.8100,10.00,no
2026-10-05T03:14:18.301266Z,KXXRP15M-26OCT042315-15,0.8000,35.99,no
2026-10-05T03:14:18.301266Z,KXXRP15M-26OCT042315-15,0.8000,0.01,no
2026-10-05T03:14:18.301266Z,KXXRP15M-26OCT042315-15,0.8000,9.01,no
2026-10-05T03:14:18.301266Z,KXXRP15M-26OCT042315-15,0.8000,1.00,no
2026-10-05T03:14:18.304085Z,KXXRP15M-26OCT042315-15,0.8000,9.99,no
2026-10-05T03:14:18.594824Z,KXXRP15M-26OCT042315-15,0.8300,0.46,yes
2026-10-05T03:14:18.721773Z,KXXRP15M-26OCT042315-15,0.8300,210.46,yes
2026-10-05T03:14:18.721773Z,KXXRP15M-26OCT042315-15,0.8300,39.54,yes
2026-10-05T03:14:18.781056Z,KXXRP15M-26OCT042315-15,0.8300,1.12,yes
2026-10-05T03:14:18.787681Z,KXXRP15M-26OCT042315-15,0.7800,13.35,no
2026-10-05T03:14:18.825782Z,KXXRP15M-26OCT042315-15,0.7800,4.65,no
2026-10-05T03:14:18.825782Z,KXXRP15M-26OCT042315-15,0.7800,1.82,no
2026-10-05T03:14:18.852289Z,KXXRP15M-26OCT042315-15,0.8300,1.23,yes
2026-10-05T03:14:18.931556Z,KXXRP15M-26OCT042315-15,0.7800,0.01,no
2026-10-05T03:14:19.017693Z,KXXRP15M-26OCT042315-15,0.8200,1.00,yes
2026-10-05T03:14:19.084006Z,KXXRP15M-26OCT042315-15,0.8200,29.76,yes
2026-10-05T03:14:19.14459Z,KXXRP15M-26OCT042315-15,0.7900,8.00,no
2026-10-05T03:14:19.14459Z,KXXRP15M-26OCT042315-15,0.7900,18.00,no
2026-10-05T03:14:19.224671Z,KXXRP15M-26OCT042315-15,0.7800,1.00,no
2026-10-05T03:14:19.243468Z,KXXRP15M-26OCT042315-15,0.7800,9.00,no
2026-10-05T03:14:19.243468Z,KXXRP15M-26OCT042315-15,0.7800,1.00,no
2026-10-05T03:14:19.270224Z,KXXRP15M-26OCT042315-15,0.7800,17.00,no
2026-10-05T03:14:19.270224Z,KXXRP15M-26OCT042315-15,0.7800,1.67,no
2026-10-05T03:14:19.270224Z,KXXRP15M-26OCT042315-15,0.7800,7.00,no
2026-10-05T03:14:19.275182Z,KXXRP15M-26OCT042315-15,0.8200,1.00,yes
2026-10-05T03:14:19.275182Z,KXXRP15M-26OCT042315-15,0.8000,2.00,yes
2026-10-05T03:14:19.275182Z,KXXRP15M-26OCT042315-15,0.8200,0.24,yes
2026-10-05T03:14:19.433998Z,KXXRP15M-26OCT042315-15,0.7900,18.00,no
2026-10-05T03:14:19.622857Z,KXXRP15M-26OCT042315-15,0.8300,1.23,yes
2026-10-05T03:14:19.641417Z,KXXRP15M-26OCT042315-15,0.7800,3.65,no
2026-10-05T03:14:19.830444Z,KXXRP15M-26OCT042315-15,0.7400,25.31,no
2026-10-05T03:14:19.830444Z,KXXRP15M-26OCT042315-15,0.7800,18.00,no
2026-10-05T03:14:19.830444Z,KXXRP15M-26OCT042315-15,0.7500,8.00,no
2026-10-05T03:14:19.830444Z,KXXRP15M-26OCT042315-15,0.7600,17.00,no
2026-10-05T03:14:19.924263Z,KXXRP15M-26OCT042315-15,0.7600,13.58,no
2026-10-05T03:14:19.997592Z,KXXRP15M-26OCT042315-15,0.7600,11.58,no
2026-10-05T03:14:19.997592Z,KXXRP15M-26OCT042315-15,0.7600,3.42,no
2026-10-05T03:14:20.074611Z,KXXRP15M-26OCT042315-15,0.8000,66.00,yes
2026-10-05T03:14:20.099175Z,KXXRP15M-26OCT042315-15,0.7600,1.42,no
2026-10-05T03:14:20.099175Z,KXXRP15M-26OCT042315-15,0.7500,4.58,no
2026-10-05T03:14:20.108895Z,KXXRP15M-26OCT042315-15,0.7900,2.00,yes
2026-10-05T03:14:20.400208Z,KXXRP15M-26OCT042315-15,0.7700,1.81,no
2026-10-05T03:14:20.419015Z,KXXRP15M-26OCT042315-15,0.7400,7.94,no
2026-10-05T03:14:20.419015Z,KXXRP15M-26OCT042315-15,0.7700,15.19,no
2026-10-05T03:14:20.419015Z,KXXRP15M-26OCT042315-15,0.7600,0.01,no
2026-10-05T03:14:20.419015Z,KXXRP15M-26OCT042315-15,0.7500,8.00,no
2026-10-05T03:14:20.419015Z,KXXRP15M-26OCT042315-15,0.7500,11.42,no
2026-10-05T03:14:20.819786Z,KXXRP15M-26OCT042315-15,0.7700,2.38,yes
2026-10-05T03:14:21.051465Z,KXXRP15M-26OCT042315-15,0.7700,66.00,yes
2026-10-05T03:14:21.182003Z,KXXRP15M-26OCT042315-15,0.7500,16.00,no
2026-10-05T03:14:21.182003Z,KXXRP15M-26OCT042315-15,0.7500,0.15,no
2026-10-05T03:14:21.182003Z,KXXRP15M-26OCT042315-15,0.7500,0.01,no
2026-10-05T03:14:21.31736Z,KXXRP15M-26OCT042315-15,0.7600,10.50,no
2026-10-05T03:14:21.384618Z,KXXRP15M-26OCT042315-15,0.7800,0.10,yes
2026-10-05T03:14:21.566751Z,KXXRP15M-26OCT042315-15,0.7800,1.90,yes
2026-10-05T03:14:21.566751Z,KXXRP15M-26OCT042315-15,0.7900,6.00,yes
2026-10-05T03:14:21.566751Z,KXXRP15M-26OCT042315-15,0.7900,27.10,yes
2026-10-05T03:14:21.566751Z,KXXRP15M-26OCT042315-15,0.8000,207.14,yes
2026-10-05T03:14:21.676724Z,KXXRP15M-26OCT042315-15,0.7600,10.00,no
2026-10-05T03:14:21.676724Z,KXXRP15M-26OCT042315-15,0.7600,6.50,no
2026-10-05T03:14:21.676724Z,KXXRP15M-26OCT042315-15,0.7500,0.15,no
2026-10-05T03:14:21.676724Z,KXXRP15M-26OCT042315-15,0.7500,7.85,no
2026-10-05T03:14:21.676724Z,KXXRP15M-26OCT042315-15,0.7400,7.76,no
2026-10-05T03:14:21.676724Z,KXXRP15M-26OCT042315-15,0.7500,4.68,no
2026-10-05T03:14:21.734257Z,KXXRP15M-26OCT042315-15,0.7500,10.00,no
2026-10-05T03:14:21.734257Z,KXXRP15M-26OCT042315-15,0.7600,17.00,no
2026-10-05T03:14:21.734257Z,KXXRP15M-26OCT042315-15,0.7500,8.00,no
2026-10-05T03:14:21.734257Z,KXXRP15M-26OCT042315-15,0.7400,40.70,no
2026-10-05T03:14:21.734257Z,KXXRP15M-26OCT042315-15,0.7400,8.24,no
2026-10-05T03:14:21.937971Z,KXXRP15M-26OCT042315-15,0.7400,19.65,no
2026-10-05T03:14:21.987225Z,KXXRP15M-26OCT042315-15,0.7900,1.00,yes
2026-10-05T03:14:22.042588Z,KXXRP15M-26OCT042315-15,0.7900,6.50,yes
2026-10-05T03:14:22.042588Z,KXXRP15M-26OCT042315-15,0.8000,59.50,yes
2026-10-05T03:14:22.518178Z,KXXRP15M-26OCT042315-15,0.7400,42.54,no
2026-10-05T03:14:22.952534Z,KXXRP15M-26OCT042315-15,0.7900,3.00,yes
2026-10-05T03:14:22.960884Z,KXXRP15M-26OCT042315-15,0.7900,4.50,yes
2026-10-05T03:14:22.960884Z,KXXRP15M-26OCT042315-15,0.7800,7.50,yes
2026-10-05T03:14:22.960884Z,KXXRP15M-26OCT042315-15,0.8000,47.60,yes
2026-10-05T03:14:23.047344Z,KXXRP15M-26OCT042315-15,0.8300,32.74,yes
2026-10-05T03:14:23.047344Z,KXXRP15M-26OCT042315-15,0.8000,19.76,yes
2026-10-05T03:14:23.047344Z,KXXRP15M-26OCT042315-15,0.8200,6.00,yes
2026-10-05T03:14:23.047344Z,KXXRP15M-26OCT042315-15,0.8000,7.50,yes
2026-10-05T03:14:23.334431Z,KXXRP15M-26OCT042315-15,0.8000,7.50,yes
2026-10-05T03:14:23.701061Z,KXXRP15M-26OCT042315-15,0.8300,1.00,yes
2026-10-05T03:14:23.701061Z,KXXRP15M-26OCT042315-15,0.8400,38.33,yes
2026-10-05T03:14:23.701061Z,KXXRP15M-26OCT042315-15,0.8200,7.50,yes
2026-10-05T03:14:23.716694Z,KXXRP15M-26OCT042315-15,0.8100,8.56,no
2026-10-05T03:14:23.833932Z,KXXRP15M-26OCT042315-15,0.8100,7.00,no
2026-10-05T03:14:23.833932Z,KXXRP15M-26OCT042315-15,0.8100,12.50,no
2026-10-05T03:14:23.833932Z,KXXRP15M-26OCT042315-15,0.8100,1.44,no
2026-10-05T03:14:23.894241Z,KXXRP15M-26OCT042315-15,0.8200,4.73,no
2026-10-05T03:14:24.003535Z,KXXRP15M-26OCT042315-15,0.8200,2.98,no
2026-10-05T03:14:24.003535Z,KXXRP15M-26OCT042315-15,0.8200,5.27,no
2026-10-05T03:14:24.015239Z,KXXRP15M-26OCT042315-15,0.8200,3.52,no
2026-10-05T03:14:24.08773Z,KXXRP15M-26OCT042315-15,0.8300,1.45,yes
2026-10-05T03:14:24.102663Z,KXXRP15M-26OCT042315-15,0.8800,13.14,yes
2026-10-05T03:14:24.102663Z,KXXRP15M-26OCT042315-15,0.8400,17.67,yes
2026-10-05T03:14:24.102663Z,KXXRP15M-26OCT042315-15,0.8600,1.00,yes
2026-10-05T03:14:24.102663Z,KXXRP15M-26OCT042315-15,0.8700,22.00,yes
2026-10-05T03:14:24.102663Z,KXXRP15M-26OCT042315-15,0.8700,6.00,yes
2026-10-05T03:14:24.102663Z,KXXRP15M-26OCT042315-15,0.8300,5.19,yes
2026-10-05T03:14:24.102663Z,KXXRP15M-26OCT042315-15,0.8600,1.00,yes
2026-10-05T03:14:24.134245Z,KXXRP15M-26OCT042315-15,0.8800,1.50,yes
2026-10-05T03:14:24.181102Z,KXXRP15M-26OCT042315-15,0.8500,12.00,no
2026-10-05T03:14:24.181102Z,KXXRP15M-26OCT042315-15,0.8500,0.77,no
2026-10-05T03:14:24.432675Z,KXXRP15M-26OCT042315-15,0.8800,2.00,yes
2026-10-05T03:14:24.528774Z,KXXRP15M-26OCT042315-15,0.8600,10.00,no
2026-10-05T03:14:24.544199Z,KXXRP15M-26OCT042315-15,0.8500,10.00,no
2026-10-05T03:14:24.544199Z,KXXRP15M-26OCT042315-15,0.8600,10.00,no
2026-10-05T03:14:24.544199Z,KXXRP15M-26OCT042315-15,0.8600,2.00,no
2026-10-05T03:14:24.544199Z,KXXRP15M-26OCT042315-15,0.8500,12.00,no
2026-10-05T03:14:24.544199Z,KXXRP15M-26OCT042315-15,0.8400,132.50,no
2026-10-05T03:14:24.544199Z,KXXRP15M-26OCT042315-15,0.8500,0.77,no
2026-10-05T03:14:24.544199Z,KXXRP15M-26OCT042315-15,0.8500,4.50,no
2026-10-05T03:14:24.544199Z,KXXRP15M-26OCT042315-15,0.8500,6.23,no
2026-10-05T03:14:24.70212Z,KXXRP15M-26OCT042315-15,0.8900,1.00,yes
2026-10-05T03:14:24.70212Z,KXXRP15M-26OCT042315-15,0.8900,0.38,yes
2026-10-05T03:14:24.70212Z,KXXRP15M-26OCT042315-15,0.8800,1.00,yes
2026-10-05T03:14:24.70212Z,KXXRP15M-26OCT042315-15,0.9160,1.00,yes
2026-10-05T03:14:24.70212Z,KXXRP15M-26OCT042315-15,0.9070,1.00,yes
2026-10-05T03:14:24.70212Z,KXXRP15M-26OCT042315-15,0.9120,1.00,yes
2026-10-05T03:14:24.70212Z,KXXRP15M-26OCT042315-15,0.9040,1.00,yes
2026-10-05T03:14:24.70212Z,KXXRP15M-26OCT042315-15,0.9180,1.00,yes
2026-10-05T03:14:24.70212Z,KXXRP15M-26OCT042315-15,0.8800,1.00,yes
2026-10-05T03:14:24.70212Z,KXXRP15M-26OCT042315-15,0.9080,1.00,yes
2026-10-05T03:14:24.70212Z,KXXRP15M-26OCT042315-15,0.9090,1.00,yes
2026-10-05T03:14:24.70212Z,KXXRP15M-26OCT042315-15,0.9060,1.00,yes
2026-10-05T03:14:24.70212Z,KXXRP15M-26OCT042315-15,0.9110,1.00,yes
2026-10-05T03:14:24.70212Z,KXXRP15M-26OCT042315-15,0.9050,1.00,yes
2026-10-05T03:14:24.70212Z,KXXRP15M-26OCT042315-15,0.9150,1.00,yes
2026-10-05T03:14:24.70212Z,KXXRP15M-26OCT042315-15,0.9010,1.00,yes
2026-10-05T03:14:24.70212Z,KXXRP15M-26OCT042315-15,0.9100,1.00,yes
2026-10-05T03:14:24.70212Z,KXXRP15M-26OCT042315-15,0.9140,1.00,yes
2026-10-05T03:14:24.70212Z,KXXRP15M-26OCT042315-15,0.9170,1.00,yes
2026-10-05T03:14:24.70212Z,KXXRP15M-26OCT042315-15,0.9190,1.00,yes
2026-10-05T03:14:24.70212Z,KXXRP15M-26OCT042315-15,0.9130,1.00,yes
2026-10-05T03:14:24.70212Z,KXXRP15M-26OCT042315-15,0.9030,1.00,yes
2026-10-05T03:14:24.70212Z,KXXRP15M-26OCT042315-15,0.9020,1.00,yes
2026-10-05T03:14:24.70212Z,KXXRP15M-26OCT042315-15,0.9000,1.00,yes
2026-10-05T03:14:24.70212Z,KXXRP15M-26OCT042315-15,0.8900,15.00,yes
2026-10-05T03:14:24.70212Z,KXXRP15M-26OCT042315-15,0.8900,1.00,yes
2026-10-05T03:14:24.70212Z,KXXRP15M-26OCT042315-15,0.9100,15.00,yes
2026-10-05T03:14:24.70212Z,KXXRP15M-26OCT042315-15,0.9190,30.63,yes
2026-10-05T03:14:24.70212Z,KXXRP15M-26OCT042315-15,0.8800,13.36,yes
2026-10-05T03:14:24.70212Z,KXXRP15M-26OCT042315-15,0.9060,40.00,yes
2026-10-05T03:14:24.70212Z,KXXRP15M-26OCT042315-15,0.9050,4.00,yes
2026-10-05T03:14:24.70212Z,KXXRP15M-26OCT042315-15,0.9180,42.00,yes
2026-10-05T03:14:24.70212Z,KXXRP15M-26OCT042315-15,0.9000,33.00,yes
2026-10-05T03:14:24.728552Z,KXXRP15M-26OCT042315-15,0.9050,10.00,yes
2026-10-05T03:14:25.032241Z,KXXRP15M-26OCT042315-15,0.9190,0.32,yes
2026-10-05T03:14:25.049259Z,KXXRP15M-26OCT042315-15,0.9190,0.68,yes
2026-10-05T03:14:25.049259Z,KXXRP15M-26OCT042315-15,0.9200,0.41,yes
2026-10-05T03:14:25.07748Z,KXXRP15M-26OCT042315-15,0.9400,39.32,yes
2026-10-05T03:14:25.07748Z,KXXRP15M-26OCT042315-15,0.9300,15.00,yes
2026-10-05T03:14:25.07748Z,KXXRP15M-26OCT042315-15,0.9270,1.00,yes
2026-10-05T03:14:25.07748Z,KXXRP15M-26OCT042315-15,0.9260,1.00,yes
2026-10-05T03:14:25.07748Z,KXXRP15M-26OCT042315-15,0.9360,1.00,yes
2026-10-05T03:14:25.07748Z,KXXRP15M-26OCT042315-15,0.9340,1.00,yes
2026-10-05T03:14:25.07748Z,KXXRP15M-26OCT042315-15,0.9310,1.00,yes
2026-10-05T03:14:25.07748Z,KXXRP15M-26OCT042315-15,0.9370,1.00,yes
2026-10-05T03:14:25.07748Z,KXXRP15M-26OCT042315-15,0.9390,1.00,yes
2026-10-05T03:14:25.07748Z,KXXRP15M-26OCT042315-15,0.9400,1.00,yes
2026-10-05T03:14:25.07748Z,KXXRP15M-26OCT042315-15,0.9290,1.00,yes
2026-10-05T03:14:25.07748Z,KXXRP15M-26OCT042315-15,0.9330,1.00,yes
2026-10-05T03:14:25.07748Z,KXXRP15M-26OCT042315-15,0.9280,1.00,yes
2026-10-05T03:14:25.07748Z,KXXRP15M-26OCT042315-15,0.9250,1.00,yes
2026-10-05T03:14:25.07748Z,KXXRP15M-26OCT042315-15,0.9350,1.00,yes
2026-10-05T03:14:25.07748Z,KXXRP15M-26OCT042315-15,0.9380,1.00,yes
2026-10-05T03:14:25.07748Z,KXXRP15M-26OCT042315-15,0.9300,1.00,yes
2026-10-05T03:14:25.07748Z,KXXRP15M-26OCT042315-15,0.9320,1.00,yes
2026-10-05T03:14:25.07748Z,KXXRP15M-26OCT042315-15,0.9280,5.00,yes
2026-10-05T03:14:25.07748Z,KXXRP15M-26OCT042315-15,0.9380,40.00,yes
2026-10-05T03:14:25.07748Z,KXXRP15M-26OCT042315-15,0.9370,42.00,yes
2026-10-05T03:14:25.07748Z,KXXRP15M-26OCT042315-15,0.9200,0.59,yes
2026-10-05T03:14:25.07748Z,KXXRP15M-26OCT042315-15,0.9300,0.09,yes
2026-10-05T03:14:25.092055Z,KXXRP15M-26OCT042315-15,0.9400,72.00,yes
2026-10-05T03:14:25.101832Z,KXXRP15M-26OCT042315-15,0.9400,21.00,yes
2026-10-05T03:14:25.101832Z,KXXRP15M-26OCT042315-15,0.9360,10.00,yes
2026-10-05T03:14:25.115339Z,KXXRP15M-26OCT042315-15,0.9400,3.00,yes
2026-10-05T03:14:25.150289Z,KXXRP15M-26OCT042315-15,0.9020,7.84,no
2026-10-05T03:14:25.178344Z,KXXRP15M-26OCT042315-15,0.9400,4.00,yes
2026-10-05T03:14:25.387857Z,KXXRP15M-26OCT042315-15,0.9390,16.00,yes
2026-10-05T03:14:25.396677Z,KXXRP15M-26OCT042315-15,0.9390,6.00,yes
2026-10-05T03:14:25.458221Z,KXXRP15M-26OCT042315-15,0.9700,0.41,yes
2026-10-05T03:14:25.458221Z,KXXRP15M-26OCT042315-15,0.9400,2.00,yes
2026-10-05T03:14:25.458221Z,KXXRP15M-26OCT042315-15,0.9700,1.00,yes
2026-10-05T03:14:25.458221Z,KXXRP15M-26OCT042315-15,0.9600,6.52,yes
2026-10-05T03:14:25.458221Z,KXXRP15M-26OCT042315-15,0.9400,25.00,yes
2026-10-05T03:14:25.458221Z,KXXRP15M-26OCT042315-15,0.9700,12.00,yes
2026-10-05T03:14:25.458221Z,KXXRP15M-26OCT042315-15,0.9600,400.00,yes
2026-10-05T03:14:25.458221Z,KXXRP15M-26OCT042315-15,0.9400,260.68,yes
2026-10-05T03:14:25.458221Z,KXXRP15M-26OCT042315-15,0.9500,15.00,yes
2026-10-05T03:14:25.458221Z,KXXRP15M-26OCT042315-15,0.9790,789.15,yes
2026-10-05T03:14:25.458221Z,KXXRP15M-26OCT042315-15,0.9610,1.00,yes
2026-10-05T03:14:25.458221Z,KXXRP15M-26OCT042315-15,0.9770,6.00,yes
2026-10-05T03:14:25.458221Z,KXXRP15M-26OCT042315-15,0.9600,1.00,yes
2026-10-05T03:14:25.458221Z,KXXRP15M-26OCT042315-15,0.9790,3.00,yes
2026-10-05T03:14:25.458221Z,KXXRP15M-26OCT042315-15,0.9670,1.00,yes
2026-10-05T03:14:25.458221Z,KXXRP15M-26OCT042315-15,0.9640,1.00,yes
2026-10-05T03:14:25.458221Z,KXXRP15M-26OCT042315-15,0.9770,1.00,yes
2026-10-05T03:14:25.458221Z,KXXRP15M-26OCT042315-15,0.9740,1.00,yes
2026-10-05T03:14:25.458221Z,KXXRP15M-26OCT042315-15,0.9680,1.00,yes
2026-10-05T03:14:25.458221Z,KXXRP15M-26OCT042315-15,0.9630,1.00,yes
2026-10-05T03:14:25.458221Z,KXXRP15M-26OCT042315-15,0.9780,3.00,yes
2026-10-05T03:14:25.458221Z,KXXRP15M-26OCT042315-15,0.9710,1.00,yes
2026-10-05T03:14:25.458221Z,KXXRP15M-26OCT042315-15,0.9690,1.00,yes
2026-10-05T03:14:25.458221Z,KXXRP15M-26OCT042315-15,0.9760,1.00,yes
2026-10-05T03:14:25.458221Z,KXXRP15M-26OCT042315-15,0.9750,6.00,yes
2026-10-05T03:14:25.458221Z,KXXRP15M-26OCT042315-15,0.9660,1.00,yes
2026-10-05T03:14:25.458221Z,KXXRP15M-26OCT042315-15,0.9760,6.00,yes
2026-10-05T03:14:25.458221Z,KXXRP15M-26OCT042315-15,0.9720,1.00,yes
2026-10-05T03:14:25.458221Z,KXXRP15M-26OCT042315-15,0.9730,1.00,yes
2026-10-05T03:14:25.458221Z,KXXRP15M-26OCT042315-15,0.9650,1.00,yes
2026-10-05T03:14:25.458221Z,KXXRP15M-26OCT042315-15,0.9750,1.00,yes
2026-10-05T03:14:25.458221Z,KXXRP15M-26OCT042315-15,0.9700,1.00,yes
2026-10-05T03:14:25.458221Z,KXXRP15M-26OCT042315-15,0.9620,1.00,yes
2026-10-05T03:14:25.458221Z,KXXRP15M-26OCT042315-15,0.9580,1.00,yes
2026-10-05T03:14:25.458221Z,KXXRP15M-26OCT042315-15,0.9530,1.00,yes
2026-10-05T03:14:25.458221Z,KXXRP15M-26OCT042315-15,0.9540,1.00,yes
2026-10-05T03:14:25.458221Z,KXXRP15M-26OCT042315-15,0.9590,1.00,yes
2026-10-05T03:14:25.458221Z,KXXRP15M-26OCT042315-15,0.9520,1.00,yes
2026-10-05T03:14:25.458221Z,KXXRP15M-26OCT042315-15,0.9510,1.00,yes
2026-10-05T03:14:25.458221Z,KXXRP15M-26OCT042315-15,0.9550,1.00,yes
2026-10-05T03:14:25.458221Z,KXXRP15M-26OCT042315-15,0.9570,1.00,yes
2026-10-05T03:14:25.458221Z,KXXRP15M-26OCT042315-15,0.9560,1.00,yes
2026-10-05T03:14:25.458221Z,KXXRP15M-26OCT042315-15,0.9490,1.50,yes
2026-10-05T03:14:25.458221Z,KXXRP15M-26OCT042315-15,0.9550,3.00,yes
2026-10-05T03:14:25.458221Z,KXXRP15M-26OCT042315-15,0.9560,3.00,yes
2026-10-05T03:14:25.458221Z,KXXRP15M-26OCT042315-15,0.9600,3.00,yes
2026-10-05T03:14:25.458221Z,KXXRP15M-26OCT042315-15,0.9660,9.00,yes
2026-10-05T03:14:25.458221Z,KXXRP15M-26OCT042315-15,0.9710,4.00,yes
2026-10-05T03:14:25.458221Z,KXXRP15M-26OCT042315-15,0.9590,3.00,yes
2026-10-05T03:14:25.458221Z,KXXRP15M-26OCT042315-15,0.9630,3.00,yes
2026-10-05T03:14:25.458221Z,KXXRP15M-26OCT042315-15,0.9410,1.00,yes
2026-10-05T03:14:25.458221Z,KXXRP15M-26OCT042315-15,0.9690,9.00,yes
2026-10-05T03:14:25.458221Z,KXXRP15M-26OCT042315-15,0.9640,3.00,yes
2026-10-05T03:14:25.458221Z,KXXRP15M-26OCT042315-15,0.9470,1.50,yes
2026-10-05T03:14:25.458221Z,KXXRP15M-26OCT042315-15,0.9480,1.50,yes
2026-10-05T03:14:25.458221Z,KXXRP15M-26OCT042315-15,0.9700,4.00,yes
2026-10-05T03:14:25.458221Z,KXXRP15M-26OCT042315-15,0.9680,9.00,yes
2026-10-05T03:14:25.458221Z,KXXRP15M-26OCT042315-15,0.9670,9.00,yes
2026-10-05T03:14:25.458221Z,KXXRP15M-26OCT042315-15,0.9460,1.50,yes
2026-10-05T03:14:25.458221Z,KXXRP15M-26OCT042315-15,0.9650,9.00,yes
2026-10-05T03:14:25.458221Z,KXXRP15M-26OCT042315-15,0.9740,4.00,yes
2026-10-05T03:14:25.458221Z,KXXRP15M-26OCT042315-15,0.9570,3.00,yes
2026-10-05T03:14:25.458221Z,KXXRP15M-26OCT042315-15,0.9580,3.00,yes
2026-10-05T03:14:25.458221Z,KXXRP15M-26OCT042315-15,0.9420,1.00,yes
2026-10-05T03:14:25.458221Z,KXXRP15M-26OCT042315-15,0.9440,1.00,yes
2026-10-05T03:14:25.458221Z,KXXRP15M-26OCT042315-15,0.9730,4.00,yes
2026-10-05T03:14:25.458221Z,KXXRP15M-26OCT042315-15,0.9450,1.50,yes
2026-10-05T03:14:25.458221Z,KXXRP15M-26OCT042315-15,0.9620,3.00,yes
2026-10-05T03:14:25.458221Z,KXXRP15M-26OCT042315-15,0.9610,3.00,yes
2026-10-05T03:14:25.458221Z,KXXRP15M-26OCT042315-15,0.9720,4.00,yes
2026-10-05T03:14:25.458221Z,KXXRP15M-26OCT042315-15,0.9430,1.00,yes
2026-10-05T03:14:25.458221Z,KXXRP15M-26OCT042315-15,0.9790,1.00,yes
2026-10-05T03:14:25.458221Z,KXXRP15M-26OCT042315-15,0.9780,1.00,yes
2026-10-05T03:14:25.458221Z,KXXRP15M-26OCT042315-15,0.9500,1.00,yes
2026-10-05T03:14:25.458221Z,KXXRP15M-26OCT042315-15,0.9500,6.00,yes
2026-10-05T03:14:25.458221Z,KXXRP15M-26OCT042315-15,0.9500,3.00,yes
2026-10-05T03:14:25.458221Z,KXXRP15M-26OCT042315-15,0.9780,40.00,yes
2026-10-05T03:14:25.458221Z,KXXRP15M-26OCT042315-15,0.9790,40.00,yes
2026-10-05T03:14:25.458221Z,KXXRP15M-26OCT042315-15,0.9520,12.00,yes
2026-10-05T03:14:25.458221Z,KXXRP15M-26OCT042315-15,0.9490,11.00,yes
2026-10-05T03:14:25.458221Z,KXXRP15M-26OCT042315-15,0.9500,11.00,yes
2026-10-05T03:14:25.458221Z,KXXRP15M-26OCT042315-15,0.9540,12.00,yes
2026-10-05T03:14:25.458221Z,KXXRP15M-26OCT042315-15,0.9390,12.00,yes
2026-10-05T03:14:25.458221Z,KXXRP15M-26OCT042315-15,0.9510,12.00,yes
2026-10-05T03:14:25.458221Z,KXXRP15M-26OCT042315-15,0.9530,12.00,yes
2026-10-05T03:14:25.458221Z,KXXRP15M-26OCT042315-15,0.9390,5.00,yes
2026-10-05T03:14:25.458221Z,KXXRP15M-26OCT042315-15,0.9390,10.00,yes
2026-10-05T03:14:25.458221Z,KXXRP15M-26OCT042315-15,0.9480,11.00,yes
2026-10-05T03:14:25.458221Z,KXXRP15M-26OCT042315-15,0.9450,40.00,yes
2026-10-05T03:14:25.458221Z,KXXRP15M-26OCT042315-15,0.9550,13.00,yes
2026-10-05T03:14:25.458221Z,KXXRP15M-26OCT042315-15,0.9560,12.00,yes
2026-10-05T03:14:25.458221Z,KXXRP15M-26OCT042315-15,0.9750,33.00,yes
2026-10-05T03:14:25.458221Z,KXXRP15M-26OCT042315-15,0.9500,1.00,yes
2026-10-05T03:14:25.458221Z,KXXRP15M-26OCT042315-15,0.9600,1.00,yes
2026-10-05T03:14:25.458221Z,KXXRP15M-26OCT042315-15,0.9700,25.00,yes
2026-10-05T03:14:25.458221Z,KXXRP15M-26OCT042315-15,0.9500,23.64,yes
2026-10-05T03:14:25.458221Z,KXXRP15M-26OCT042315-15,0.9700,33.00,yes
2026-10-05T03:14:25.567314Z,KXXRP15M-26OCT042315-15,0.9320,8.45,no
2026-10-05T03:14:25.601654Z,KXXRP15M-26OCT042315-15,0.9250,7.00,no
2026-10-05T03:14:25.601654Z,KXXRP15M-26OCT042315-15,0.9250,2.00,no
2026-10-05T03:14:25.802759Z,KXXRP15M-26OCT042315-15,0.9270,20.62,no
2026-10-05T03:14:25.845525Z,KXXRP15M-26OCT042315-15,0.9280,0.01,no
2026-10-05T03:14:25.845525Z,KXXRP15M-26OCT042315-15,0.9270,7.00,no
2026-10-05T03:14:25.845525Z,KXXRP15M-26OCT042315-15,0.9270,18.56,no
2026-10-05T03:14:25.895757Z,KXXRP15M-26OCT042315-15,0.9250,9.07,no
2026-10-05T03:14:25.895757Z,KXXRP15M-26OCT042315-15,0.9250,1.55,no
2026-10-05T03:14:25.895757Z,KXXRP15M-26OCT042315-15,0.9270,7.00,no
2026-10-05T03:14:25.895757Z,KXXRP15M-26OCT042315-15,0.9240,129.46,no
2026-10-05T03:14:25.895757Z,KXXRP15M-26OCT042315-15,0.9260,23.44,no
2026-10-05T03:14:25.895757Z,KXXRP15M-26OCT042315-15,0.9280,16.00,no
2026-10-05T03:14:26.063838Z,KXXRP15M-26OCT042315-15,0.9540,10.00,yes
2026-10-05T03:14:26.101392Z,KXXRP15M-26OCT042315-15,0.9540,0.10,yes
2026-10-05T03:14:26.184075Z,KXXRP15M-26OCT042315-15,0.9330,0.01,no
2026-10-05T03:14:26.184075Z,KXXRP15M-26OCT042315-15,0.9270,42.58,no
2026-10-05T03:14:26.184075Z,KXXRP15M-26OCT042315-15,0.9280,20.00,no
2026-10-05T03:14:26.2413Z,KXXRP15M-26OCT042315-15,0.9540,16.41,yes
2026-10-05T03:14:26.316009Z,KXXRP15M-26OCT042315-15,0.9540,14.51,yes
2026-10-05T03:14:26.316009Z,KXXRP15M-26OCT042315-15,0.9540,7.49,yes
2026-10-05T03:14:26.446975Z,KXXRP15M-26OCT042315-15,0.9460,1.00,no
2026-10-05T03:14:26.446975Z,KXXRP15M-26OCT042315-15,0.9460,8.00,no
2026-10-05T03:14:26.554909Z,KXXRP15M-26OCT042315-15,0.9540,6.00,yes
2026-10-05T03:14:26.573153Z,KXXRP15M-26OCT042315-15,0.9540,1.33,yes
2026-10-05T03:14:26.592154Z,KXXRP15M-26OCT042315-15,0.9540,5.16,yes
2026-10-05T03:14:26.592154Z,KXXRP15M-26OCT042315-15,0.9540,9.84,yes
2026-10-05T03:14:26.678359Z,KXXRP15M-26OCT042315-15,0.9540,12.16,yes
2026-10-05T03:14:26.678359Z,KXXRP15M-26OCT042315-15,0.9540,22.00,yes
2026-10-05T03:14:26.678359Z,KXXRP15M-26OCT042315-15,0.9560,23.10,yes
2026-10-05T03:14:27.18177Z,KXXRP15M-26OCT042315-15,0.9500,2.00,yes
2026-10-05T03:14:27.298206Z,KXXRP15M-26OCT042315-15,0.9540,25.00,yes
2026-10-05T03:14:27.351688Z,KXXRP15M-26OCT042315-15,0.9540,5.59,yes
2026-10-05T03:14:27.351688Z,KXXRP15M-26OCT042315-15,0.9540,9.00,yes
2026-10-05T03:14:27.568139Z,KXXRP15M-26OCT042315-15,0.9510,6.85,no
2026-10-05T03:14:27.606186Z,KXXRP15M-26OCT042315-15,0.9510,13.15,no
2026-10-05T03:14:27.606186Z,KXXRP15M-26OCT042315-15,0.9510,4.21,no
2026-10-05T03:14:27.609604Z,KXXRP15M-26OCT042315-15,0.9510,3.50,no
2026-10-05T03:14:27.659184Z,KXXRP15M-26OCT042315-15,0.9510,24.00,no
2026-10-05T03:14:27.678551Z,KXXRP15M-26OCT042315-15,0.9510,0.10,no
2026-10-05T03:14:28.119368Z,KXXRP15M-26OCT042315-15,0.9510,8.00,no
2026-10-05T03:14:28.119368Z,KXXRP15M-26OCT042315-15,0.9510,19.90,no
2026-10-05T03:14:28.119368Z,KXXRP15M-26OCT042315-15,0.9500,122.10,no
2026-10-05T03:14:28.306371Z,KXXRP15M-26OCT042315-15,0.9550,8.00,no
2026-10-05T03:14:28.306371Z,KXXRP15M-26OCT042315-15,0.9540,111.60,no
2026-10-05T03:14:28.306371Z,KXXRP15M-26OCT042315-15,0.9550,40.00,no
2026-10-05T03:14:28.306371Z,KXXRP15M-26OCT042315-15,0.9540,40.00,no
2026-10-05T03:14:28.343541Z,KXXRP15M-26OCT042315-15,0.9510,2.00,no
2026-10-05T03:14:28.343541Z,KXXRP15M-26OCT042315-15,0.9510,20.00,no
2026-10-05T03:14:28.343541Z,KXXRP15M-26OCT042315-15,0.9510,8.00,no
2026-10-05T03:14:28.451086Z,KXXRP15M-26OCT042315-15,0.9610,25.94,yes
2026-10-05T03:14:28.563306Z,KXXRP15M-26OCT042315-15,0.9610,2.90,yes
2026-10-05T03:14:28.563306Z,KXXRP15M-26OCT042315-15,0.9610,8.06,yes
2026-10-05T03:14:28.56925Z,KXXRP15M-26OCT042315-15,0.9610,23.10,yes
2026-10-05T03:14:28.571693Z,KXXRP15M-26OCT042315-15,0.9510,8.00,no
2026-10-05T03:14:28.571693Z,KXXRP15M-26OCT042315-15,0.9510,32.00,no
2026-10-05T03:14:28.571693Z,KXXRP15M-26OCT042315-15,0.9510,20.00,no
2026-10-05T03:14:28.571693Z,KXXRP15M-26OCT042315-15,0.9500,34.07,no
2026-10-05T03:14:28.588163Z,KXXRP15M-26OCT042315-15,0.9500,16.55,no
2026-10-05T03:14:28.606187Z,KXXRP15M-26OCT042315-15,0.9630,34.00,yes
2026-10-05T03:14:28.621829Z,KXXRP15M-26OCT042315-15,0.9620,34.00,yes
2026-10-05T03:14:28.621829Z,KXXRP15M-26OCT042315-15,0.9630,34.00,yes
2026-10-05T03:14:28.632229Z,KXXRP15M-26OCT042315-15,0.9620,34.00,yes
2026-10-05T03:14:28.632229Z,KXXRP15M-26OCT042315-15,0.9620,5.00,yes
2026-10-05T03:14:28.649485Z,KXXRP15M-26OCT042315-15,0.9610,34.00,yes
2026-10-05T03:14:29.088602Z,KXXRP15M-26OCT042315-15,0.9590,34.00,no
2026-10-05T03:14:29.088602Z,KXXRP15M-26OCT042315-15,0.9590,3.11,no
2026-10-05T03:14:29.387134Z,KXXRP15M-26OCT042315-15,0.9690,44.56,no
2026-10-05T03:14:29.39161Z,KXXRP15M-26OCT042315-15,0.9720,34.00,yes
2026-10-05T03:14:29.39161Z,KXXRP15M-26OCT042315-15,0.9700,34.00,yes
2026-10-05T03:14:29.39161Z,KXXRP15M-26OCT042315-15,0.9720,1.00,yes
2026-10-05T03:14:29.39161Z,KXXRP15M-26OCT042315-15,0.9720,16.00,yes
2026-10-05T03:14:29.422714Z,KXXRP15M-26OCT042315-15,0.9690,11.57,no
2026-10-05T03:14:29.496199Z,KXXRP15M-26OCT042315-15,0.9690,4.72,no
2026-10-05T03:14:29.551356Z,KXXRP15M-26OCT042315-15,0.9690,102.00,no
2026-10-05T03:14:29.551356Z,KXXRP15M-26OCT042315-15,0.9700,49.00,no
2026-10-05T03:14:29.551356Z,KXXRP15M-26OCT042315-15,0.9700,8.00,no
2026-10-05T03:14:29.676398Z,KXXRP15M-26OCT042315-15,0.9700,30.20,no
2026-10-05T03:14:29.887763Z,KXXRP15M-26OCT042315-15,0.9730,24.79,no
2026-10-05T03:14:30.091073Z,KXXRP15M-26OCT042315-15,0.9790,1.00,yes
2026-10-05T03:14:30.091073Z,KXXRP15M-26OCT042315-15,0.9800,19.00,yes
2026-10-05T03:14:30.121381Z,KXXRP15M-26OCT042315-15,0.9790,29.00,no
2026-10-05T03:14:30.168097Z,KXXRP15M-26OCT042315-15,0.9800,10.00,yes
2026-10-05T03:14:30.179736Z,KXXRP15M-26OCT042315-15,0.9800,1.00,yes
2026-10-05T03:14:30.179736Z,KXXRP15M-26OCT042315-15,0.9800,12.00,yes
2026-10-05T03:14:30.179736Z,KXXRP15M-26OCT042315-15,0.9800,11.00,yes
2026-10-05T03:14:30.179736Z,KXXRP15M-26OCT042315-15,0.9800,3.00,yes
2026-10-05T03:14:30.216843Z,KXXRP15M-26OCT042315-15,0.9790,5.00,no
2026-10-05T03:14:30.216843Z,KXXRP15M-26OCT042315-15,0.9790,18.52,no
2026-10-05T03:14:30.268876Z,KXXRP15M-26OCT042315-15,0.9790,10.00,no
2026-10-05T03:14:30.268876Z,KXXRP15M-26OCT042315-15,0.9780,10.00,no
2026-10-05T03:14:30.268876Z,KXXRP15M-26OCT042315-15,0.9790,29.00,no
2026-10-05T03:14:30.268876Z,KXXRP15M-26OCT042315-15,0.9790,10.00,no
2026-10-05T03:14:30.268876Z,KXXRP15M-26OCT042315-15,0.9770,34.00,no
2026-10-05T03:14:30.268876Z,KXXRP15M-26OCT042315-15,0.9790,11.00,no
2026-10-05T03:14:30.268876Z,KXXRP15M-26OCT042315-15,0.9760,145.52,no
2026-10-05T03:14:30.268876Z,KXXRP15M-26OCT042315-15,0.9790,0.48,no
2026-10-05T03:14:30.304354Z,KXXRP15M-26OCT042315-15,0.9810,20.00,yes
2026-10-05T03:14:30.317648Z,KXXRP15M-26OCT042315-15,0.9800,97.63,no
2026-10-05T03:14:30.334919Z,KXXRP15M-26OCT042315-15,0.9800,1.00,no
2026-10-05T03:14:30.418654Z,KXXRP15M-26OCT042315-15,0.9770,6.30,no
2026-10-05T03:14:30.418654Z,KXXRP15M-26OCT042315-15,0.9800,20.00,no
2026-10-05T03:14:30.507388Z,KXXRP15M-26OCT042315-15,0.9780,16.37,no
2026-10-05T03:14:30.638214Z,KXXRP15M-26OCT042315-15,0.9780,8.44,no
2026-10-05T03:14:30.681845Z,KXXRP15M-26OCT042315-15,0.9780,9.19,no
2026-10-05T03:14:30.681845Z,KXXRP15M-26OCT042315-15,0.9770,34.00,no
2026-10-05T03:14:30.681845Z,KXXRP15M-26OCT042315-15,0.9750,13.31,no
2026-10-05T03:14:30.838906Z,KXXRP15M-26OCT042315-15,0.9780,8.25,no
2026-10-05T03:14:30.905535Z,KXXRP15M-26OCT042315-15,0.9780,25.75,no
2026-10-05T03:14:30.905535Z,KXXRP15M-26OCT042315-15,0.9770,15.53,no
2026-10-05T03:14:30.994591Z,KXXRP15M-26OCT042315-15,0.9750,6.69,no
2026-10-05T03:14:30.994591Z,KXXRP15M-26OCT042315-15,0.9770,18.47,no
2026-10-05T03:14:30.994591Z,KXXRP15M-26OCT042315-15,0.9790,0.01,no
2026-10-05T03:14:30.994591Z,KXXRP15M-26OCT042315-15,0.9750,34.00,no
2026-10-05T03:14:30.994591Z,KXXRP15M-26OCT042315-15,0.9700,8.00,no
2026-10-05T03:14:31.143608Z,KXXRP15M-26OCT042315-15,0.9780,0.01,no
2026-10-05T03:14:31.143608Z,KXXRP15M-26OCT042315-15,0.9750,0.85,no
2026-10-05T03:14:31.317629Z,KXXRP15M-26OCT042315-15,0.9780,26.74,no
2026-10-05T03:14:31.484855Z,KXXRP15M-26OCT042315-15,0.9790,3.01,no
2026-10-05T03:14:31.484855Z,KXXRP15M-26OCT042315-15,0.9790,34.00,no
2026-10-05T03:14:31.6862Z,KXXRP15M-26OCT042315-15,0.9790,6.99,no
2026-10-05T03:14:31.6862Z,KXXRP15M-26OCT042315-15,0.9790,3.01,no
2026-10-05T03:14:31.6862Z,KXXRP15M-26OCT042315-15,0.9790,14.14,no
2026-10-05T03:14:32.008407Z,KXXRP15M-26OCT042315-15,0.9790,10.00,no
2026-10-05T03:14:32.008407Z,KXXRP15M-26OCT042315-15,0.9780,145.14,no
2026-10-05T03:14:32.008407Z,KXXRP15M-26OCT042315-15,0.9790,47.00,no
2026-10-05T03:14:32.008407Z,KXXRP15M-26OCT042315-15,0.9790,10.00,no
2026-10-05T03:14:32.056447Z,KXXRP15M-26OCT042315-15,0.9810,5.15,yes
2026-10-05T03:14:32.056447Z,KXXRP15M-26OCT042315-15,0.9800,5.00,yes
2026-10-05T03:14:32.124939Z,KXXRP15M-26OCT042315-15,0.9810,3.00,yes
2026-10-05T03:14:32.124939Z,KXXRP15M-26OCT042315-15,0.9800,5.00,yes
2026-10-05T03:14:32.163652Z,KXXRP15M-26OCT042315-15,0.9780,360.19,no
2026-10-05T03:14:32.163652Z,KXXRP15M-26OCT042315-15,0.9800,10.00,no
2026-10-05T03:14:32.163652Z,KXXRP15M-26OCT042315-15,0.9800,3.00,no
2026-10-05T03:14:32.163652Z,KXXRP15M-26OCT042315-15,0.9790,34.00,no
2026-10-05T03:14:32.163652Z,KXXRP15M-26OCT042315-15,0.9800,10.00,no
2026-10-05T03:14:32.163652Z,KXXRP15M-26OCT042315-15,0.9790,12.00,no
2026-10-05T03:14:32.421802Z,KXXRP15M-26OCT042315-15,0.9790,17.00,no
2026-10-05T03:14:32.421802Z,KXXRP15M-26OCT042315-15,0.9770,5.29,no
2026-10-05T03:14:32.421802Z,KXXRP15M-26OCT042315-15,0.9800,5.15,no
2026-10-05T03:14:32.421802Z,KXXRP15M-26OCT042315-15,0.9800,17.00,no
2026-10-05T03:14:32.447565Z,KXXRP15M-26OCT042315-15,0.9800,15.82,no
2026-10-05T03:14:32.468244Z,KXXRP15M-26OCT042315-15,0.9800,3.82,no
2026-10-05T03:14:32.468244Z,KXXRP15M-26OCT042315-15,0.9800,1.18,no
2026-10-05T03:14:32.576949Z,KXXRP15M-26OCT042315-15,0.9800,60.39,no
2026-10-05T03:14:32.711479Z,KXXRP15M-26OCT042315-15,0.9800,15.00,no
2026-10-05T03:14:32.876756Z,KXXRP15M-26OCT042315-15,0.9800,30.31,no
2026-10-05T03:14:32.980565Z,KXXRP15M-26OCT042315-15,0.9800,59.89,no
2026-10-05T03:14:32.988774Z,KXXRP15M-26OCT042315-15,0.9800,341.44,no
2026-10-05T03:14:33.050122Z,KXXRP15M-26OCT042315-15,0.9810,7.00,yes
2026-10-05T03:14:33.058556Z,KXXRP15M-26OCT042315-15,0.9810,4.85,yes
2026-10-05T03:14:33.058556Z,KXXRP15M-26OCT042315-15,0.9820,2.15,yes
2026-10-05T03:14:33.070761Z,KXXRP15M-26OCT042315-15,0.9820,2.00,yes
2026-10-05T03:14:33.159397Z,KXXRP15M-26OCT042315-15,0.9810,2.00,no
2026-10-05T03:14:33.159397Z,KXXRP15M-26OCT042315-15,0.9810,2.15,no
2026-10-05T03:14:33.159397Z,KXXRP15M-26OCT042315-15,0.9810,17.00,no
2026-10-05T03:14:33.159397Z,KXXRP15M-26OCT042315-15,0.9800,3.35,no
2026-10-05T03:14:33.159397Z,KXXRP15M-26OCT042315-15,0.9810,12.00,no
2026-10-05T03:14:33.159397Z,KXXRP15M-26OCT042315-15,0.9810,10.00,no
2026-10-05T03:14:33.354857Z,KXXRP15M-26OCT042315-15,0.9810,10.00,no
2026-10-05T03:14:33.354857Z,KXXRP15M-26OCT042315-15,0.9810,17.00,no
2026-10-05T03:14:33.354857Z,KXXRP15M-26OCT042315-15,0.9810,12.00,no
2026-10-05T03:14:33.354857Z,KXXRP15M-26OCT042315-15,0.9810,20.60,no
2026-10-05T03:14:33.476452Z,KXXRP15M-26OCT042315-15,0.9820,5.00,yes
2026-10-05T03:14:33.487412Z,KXXRP15M-26OCT042315-15,0.9820,2.00,yes
2026-10-05T03:14:33.599348Z,KXXRP15M-26OCT042315-15,0.9830,0.15,yes
2026-10-05T03:14:33.599348Z,KXXRP15M-26OCT042315-15,0.9820,28.85,yes
2026-10-05T03:14:33.697763Z,KXXRP15M-26OCT042315-15,0.9820,12.00,no
2026-10-05T03:14:33.697763Z,KXXRP15M-26OCT042315-15,0.9820,17.00,no
2026-10-05T03:14:33.803498Z,KXXRP15M-26OCT042315-15,0.9830,12.55,no
2026-10-05T03:14:33.803498Z,KXXRP15M-26OCT042315-15,0.9830,17.00,no
2026-10-05T03:14:33.847013Z,KXXRP15M-26OCT042315-15,0.9840,40.40,yes
2026-10-05T03:14:33.847596Z,KXXRP15M-26OCT042315-15,0.9830,1.00,no
2026-10-05T03:14:33.854221Z,KXXRP15M-26OCT042315-15,0.9840,40.40,yes
2026-10-05T03:14:33.866808Z,KXXRP15M-26OCT042315-15,0.9890,1.00,yes
2026-10-05T03:14:33.866808Z,KXXRP15M-26OCT042315-15,0.9860,40.00,yes
2026-10-05T03:14:33.866808Z,KXXRP15M-26OCT042315-15,0.9870,40.00,yes
2026-10-05T03:14:33.866808Z,KXXRP15M-26OCT042315-15,0.9890,1.00,yes
2026-10-05T03:14:33.866808Z,KXXRP15M-26OCT042315-15,0.9890,2.00,yes
2026-10-05T03:14:33.866808Z,KXXRP15M-26OCT042315-15,0.9890,1.00,yes
2026-10-05T03:14:33.866808Z,KXXRP15M-26OCT042315-15,0.9890,100.00,yes
2026-10-05T03:14:33.866808Z,KXXRP15M-26OCT042315-15,0.9890,2.00,yes
2026-10-05T03:14:33.866808Z,KXXRP15M-26OCT042315-15,0.9890,10.00,yes
2026-10-05T03:14:33.866808Z,KXXRP15M-26OCT042315-15,0.9890,20.00,yes
2026-10-05T03:14:33.866808Z,KXXRP15M-26OCT042315-15,0.9890,40.00,yes
2026-10-05T03:14:33.866808Z,KXXRP15M-26OCT042315-15,0.9880,40.00,yes
2026-10-05T03:14:33.866808Z,KXXRP15M-26OCT042315-15,0.9900,0.80,yes
2026-10-05T03:14:33.866808Z,KXXRP15M-26OCT042315-15,0.9890,4.00,yes
2026-10-05T03:14:33.866808Z,KXXRP15M-26OCT042315-15,0.9860,5.00,yes
2026-10-05T03:14:33.866808Z,KXXRP15M-26OCT042315-15,0.9850,5.00,yes
2026-10-05T03:14:33.866808Z,KXXRP15M-26OCT042315-15,0.9900,4.00,yes
2026-10-05T03:14:33.866808Z,KXXRP15M-26OCT042315-15,0.9880,4.00,yes
2026-10-05T03:14:33.866808Z,KXXRP15M-26OCT042315-15,0.9870,5.00,yes
2026-10-05T03:14:33.866808Z,KXXRP15M-26OCT042315-15,0.9840,19.20,yes
2026-10-05T03:14:33.866808Z,KXXRP15M-26OCT042315-15,0.9880,6.00,yes
2026-10-05T03:14:33.983705Z,KXXRP15M-26OCT042315-15,0.9840,17.00,no
2026-10-05T03:14:33.983705Z,KXXRP15M-26OCT042315-15,0.9850,13.00,no
2026-10-05T03:14:33.983705Z,KXXRP15M-26OCT042315-15,0.9860,17.00,no
2026-10-05T03:14:33.983705Z,KXXRP15M-26OCT042315-15,0.9850,40.00,no
2026-10-05T03:14:33.983705Z,KXXRP15M-26OCT042315-15,0.9850,10.00,no
2026-10-05T03:14:33.983705Z,KXXRP15M-26OCT042315-15,0.9830,1.49,no
2026-10-05T03:14:34.017712Z,KXXRP15M-26OCT042315-15,0.9900,39.20,yes
2026-10-05T03:14:34.017712Z,KXXRP15M-26OCT042315-15,0.9900,0.80,yes
2026-10-05T03:14:34.030408Z,KXXRP15M-26OCT042315-15,0.9880,17.00,no
2026-10-05T03:14:34.030408Z,KXXRP15M-26OCT042315-15,0.9880,7.59,no
2026-10-05T03:14:34.112852Z,KXXRP15M-26OCT042315-15,0.9900,10.00,yes
2026-10-05T03:14:34.120488Z,KXXRP15M-26OCT042315-15,0.9900,2.01,yes
2026-10-05T03:14:34.137043Z,KXXRP15M-26OCT042315-15,0.9830,52.63,no
2026-10-05T03:14:34.137043Z,KXXRP15M-26OCT042315-15,0.9860,40.00,no
2026-10-05T03:14:34.137043Z,KXXRP15M-26OCT042315-15,0.9860,17.00,no
2026-10-05T03:14:34.137043Z,KXXRP15M-26OCT042315-15,0.9880,7.41,no
2026-10-05T03:14:34.137043Z,KXXRP15M-26OCT042315-15,0.9870,40.00,no
2026-10-05T03:14:34.137043Z,KXXRP15M-26OCT042315-15,0.9840,10.00,no
2026-10-05T03:14:34.137043Z,KXXRP15M-26OCT042315-15,0.9880,40.00,no
2026-10-05T03:14:34.137043Z,KXXRP15M-26OCT042315-15,0.9890,0.80,no
2026-10-05T03:14:34.137043Z,KXXRP15M-26OCT042315-15,0.9850,7.50,no
2026-10-05T03:14:34.137043Z,KXXRP15M-26OCT042315-15,0.9890,39.20,no
2026-10-05T03:14:34.137043Z,KXXRP15M-26OCT042315-15,0.9880,7.59,no
2026-10-05T03:14:34.222484Z,KXXRP15M-26OCT042315-15,0.9900,0.46,yes
2026-10-05T03:14:34.222484Z,KXXRP15M-26OCT042315-15,0.9900,14.05,yes
2026-10-05T03:14:34.222484Z,KXXRP15M-26OCT042315-15,0.9900,5.49,yes
2026-10-05T03:14:34.223951Z,KXXRP15M-26OCT042315-15,0.9900,15.18,yes
2026-10-05T03:14:34.223951Z,KXXRP15M-26OCT042315-15,0.9900,2.00,yes
2026-10-05T03:14:34.438136Z,KXXRP15M-26OCT042315-15,0.9910,40.00,yes
2026-10-05T03:14:34.563628Z,KXXRP15M-26OCT042315-15,0.9910,10.44,no
2026-10-05T03:14:34.625471Z,KXXRP15M-26OCT042315-15,0.9920,31.37,yes
2026-10-05T03:14:34.760205Z,KXXRP15M-26OCT042315-15,0.9920,8.63,yes
2026-10-05T03:14:34.834522Z,KXXRP15M-26OCT042315-15,0.9940,36.66,yes
2026-10-05T03:14:34.834522Z,KXXRP15M-26OCT042315-15,0.9930,40.00,yes
2026-10-05T03:14:35.198153Z,KXXRP15M-26OCT042315-15,0.9930,10.14,no
2026-10-05T03:14:35.472304Z,KXXRP15M-26OCT042315-15,0.9930,36.66,no
2026-10-05T03:14:35.472304Z,KXXRP15M-26OCT042315-15,0.9920,17.00,no
2026-10-05T03:14:35.472304Z,KXXRP15M-26OCT042315-15,0.9920,58.00,no
2026-10-05T03:14:35.472304Z,KXXRP15M-26OCT042315-15,0.9920,17.00,no
2026-10-05T03:14:35.472304Z,KXXRP15M-26OCT042315-15,0.9910,31.37,no
2026-10-05T03:14:35.472304Z,KXXRP15M-26OCT042315-15,0.9920,40.00,no
2026-10-05T03:14:35.472304Z,KXXRP15M-26OCT042315-15,0.9930,10.00,no
2026-10-05T03:14:35.472304Z,KXXRP15M-26OCT042315-15,0.9910,21.00,no
2026-10-05T03:14:35.495057Z,KXXRP15M-26OCT042315-15,0.9920,17.00,no
2026-10-05T03:14:35.495057Z,KXXRP15M-26OCT042315-15,0.9920,3.01,no
2026-10-05T03:14:35.810879Z,KXXRP15M-26OCT042315-15,0.9920,20.00,no
2026-10-05T03:14:35.810879Z,KXXRP15M-26OCT042315-15,0.9920,13.99,no
2026-10-05T03:14:35.810879Z,KXXRP15M-26OCT042315-15,0.9920,25.00,no
2026-10-05T03:14:35.810879Z,KXXRP15M-26OCT042315-15,0.9920,10.00,no
2026-10-05T03:14:35.810879Z,KXXRP15M-26OCT042315-15,0.9920,3.01,no
2026-10-05T03:14:35.810879Z,KXXRP15M-26OCT042315-15,0.9920,0.01,no
2026-10-05T03:14:35.810879Z,KXXRP15M-26OCT042315-15,0.9910,120.47,no
2026-10-05T03:14:35.970505Z,KXXRP15M-26OCT042315-15,0.9920,7.00,no
2026-10-05T03:14:35.976187Z,KXXRP15M-26OCT042315-15,0.9920,3.00,no
2026-10-05T03:14:36.0506Z,KXXRP15M-26OCT042315-15,0.9920,7.00,no
2026-10-05T03:14:36.0506Z,KXXRP15M-26OCT042315-15,0.9920,2.28,no
2026-10-05T03:14:36.204893Z,KXXRP15M-26OCT042315-15,0.9920,2.58,no
2026-10-05T03:14:36.409727Z,KXXRP15M-26OCT042315-15,0.9920,20.00,no
2026-10-05T03:14:36.409727Z,KXXRP15M-26OCT042315-15,0.9910,19.00,no
2026-10-05T03:14:36.409727Z,KXXRP15M-26OCT042315-15,0.9920,32.00,no
2026-10-05T03:14:36.409727Z,KXXRP15M-26OCT042315-15,0.9900,17.00,no
2026-10-05T03:14:36.409727Z,KXXRP15M-26OCT042315-15,0.9910,8.63,no
2026-10-05T03:14:36.409727Z,KXXRP15M-26OCT042315-15,0.9900,8.07,no
2026-10-05T03:14:36.602524Z,KXXRP15M-26OCT042315-15,0.9910,5.22,no
2026-10-05T03:14:36.602524Z,KXXRP15M-26OCT042315-15,0.9910,17.00,no
2026-10-05T03:14:36.989437Z,KXXRP15M-26OCT042315-15,0.9920,10.00,no
2026-10-05T03:14:36.989437Z,KXXRP15M-26OCT042315-15,0.9910,176.59,no
2026-10-05T03:14:36.989437Z,KXXRP15M-26OCT042315-15,0.9920,17.00,no
2026-10-05T03:14:36.989437Z,KXXRP15M-26OCT042315-15,0.9910,13.78,no
2026-10-05T03:14:37.062515Z,KXXRP15M-26OCT042315-15,0.9930,13.00,yes
2026-10-05T03:14:37.062515Z,KXXRP15M-26OCT042315-15,0.9930,21.00,yes
2026-10-05T03:14:37.270057Z,KXXRP15M-26OCT042315-15,0.9920,6.00,no
2026-10-05T03:14:37.270057Z,KXXRP15M-26OCT042315-15,0.9920,10.00,no
2026-10-05T03:14:37.270057Z,KXXRP15M-26OCT042315-15,0.9920,17.00,no
2026-10-05T03:14:37.270057Z,KXXRP15M-26OCT042315-15,0.9920,46.00,no
2026-10-05T03:14:37.270057Z,KXXRP15M-26OCT042315-15,0.9920,17.00,no
2026-10-05T03:14:37.270057Z,KXXRP15M-26OCT042315-15,0.9910,9.96,no
2026-10-05T03:14:37.426103Z,KXXRP15M-26OCT042315-15,0.9930,19.32,yes
2026-10-05T03:14:37.530588Z,KXXRP15M-26OCT042315-15,0.9960,1.00,yes
2026-10-05T03:14:37.530588Z,KXXRP15M-26OCT042315-15,0.9970,2.00,yes
2026-10-05T03:14:37.530588Z,KXXRP15M-26OCT042315-15,0.9960,1.00,yes
2026-10-05T03:14:37.530588Z,KXXRP15M-26OCT042315-15,0.9960,1.00,yes
2026-10-05T03:14:37.530588Z,KXXRP15M-26OCT042315-15,0.9970,2.00,yes
2026-10-05T03:14:37.530588Z,KXXRP15M-26OCT042315-15,0.9970,2.00,yes
2026-10-05T03:14:37.530588Z,KXXRP15M-26OCT042315-15,0.9960,1.00,yes
2026-10-05T03:14:37.530588Z,KXXRP15M-26OCT042315-15,0.9970,2.00,yes
2026-10-05T03:14:37.530588Z,KXXRP15M-26OCT042315-15,0.9970,2.00,yes
2026-10-05T03:14:37.530588Z,KXXRP15M-26OCT042315-15,0.9960,1.00,yes
2026-10-05T03:14:37.530588Z,KXXRP15M-26OCT042315-15,0.9950,11.00,yes
2026-10-05T03:14:37.530588Z,KXXRP15M-26OCT042315-15,0.9980,6.98,yes
2026-10-05T03:14:37.530588Z,KXXRP15M-26OCT042315-15,0.9970,18.00,yes
2026-10-05T03:14:37.530588Z,KXXRP15M-26OCT042315-15,0.9960,13.00,yes
2026-10-05T03:14:37.530588Z,KXXRP15M-26OCT042315-15,0.9980,400.00,yes
2026-10-05T03:14:37.530588Z,KXXRP15M-26OCT042315-15,0.9960,40.00,yes
2026-10-05T03:14:37.530588Z,KXXRP15M-26OCT042315-15,0.9950,40.00,yes
2026-10-05T03:14:37.530588Z,KXXRP15M-26OCT042315-15,0.9970,40.00,yes
2026-10-05T03:14:37.530588Z,KXXRP15M-26OCT042315-15,0.9980,40.00,yes
2026-10-05T03:14:37.530588Z,KXXRP15M-26OCT042315-15,0.9940,3.34,yes
2026-10-05T03:14:37.530588Z,KXXRP15M-26OCT042315-15,0.9930,9.00,yes
2026-10-05T03:14:37.530588Z,KXXRP15M-26OCT042315-15,0.9930,24.00,yes
2026-10-05T03:14:37.530588Z,KXXRP15M-26OCT042315-15,0.9930,2.68,yes
2026-10-05T03:14:37.530588Z,KXXRP15M-26OCT042315-15,0.9950,21.00,yes
2026-10-05T03:14:37.530588Z,KXXRP15M-26OCT042315-15,0.9970,3.00,yes
2026-10-05T03:14:37.530588Z,KXXRP15M-26OCT042315-15,0.9970,65.00,yes
2026-10-05T03:14:37.759639Z,KXXRP15M-26OCT042315-15,0.9930,40.00,no
2026-10-05T03:14:37.759639Z,KXXRP15M-26OCT042315-15,0.9930,3.34,no
2026-10-05T03:14:37.759639Z,KXXRP15M-26OCT042315-15,0.9930,25.08,no
2026-10-05T03:14:37.759639Z,KXXRP15M-26OCT042315-15,0.9930,40.00,no
2026-10-05T03:14:37.836374Z,KXXRP15M-26OCT042315-15,0.9940,65.60,yes
2026-10-05T03:14:37.836374Z,KXXRP15M-26OCT042315-15,0.9940,2.00,yes
2026-10-05T03:14:37.916226Z,KXXRP15M-26OCT042315-15,0.9940,28.00,yes
2026-10-05T03:14:37.916226Z,KXXRP15M-26OCT042315-15,0.9940,3.40,yes
2026-10-05T03:14:38.028907Z,KXXRP15M-26OCT042315-15,0.9960,14.92,no
2026-10-05T03:14:38.028907Z,KXXRP15M-26OCT042315-15,0.9960,39.08,no
2026-10-05T03:14:38.135264Z,KXXRP15M-26OCT042315-15,0.9970,0.48,yes
2026-10-05T03:14:38.135264Z,KXXRP15M-26OCT042315-15,0.9970,34.00,yes
2026-10-05T03:14:38.242229Z,KXXRP15M-26OCT042315-15,0.9950,10.00,no
2026-10-05T03:14:38.242229Z,KXXRP15M-26OCT042315-15,0.9950,24.00,no
2026-10-05T03:14:38.242229Z,KXXRP15M-26OCT042315-15,0.9940,20.78,no
2026-10-05T03:14:38.242229Z,KXXRP15M-26OCT042315-15,0.9960,0.92,no
2026-10-05T03:14:38.916174Z,KXXRP15M-26OCT042315-15,0.9940,252.04,no
2026-10-05T03:14:38.916174Z,KXXRP15M-26OCT042315-15,0.9960,40.00,no
2026-10-05T03:14:38.916174Z,KXXRP15M-26OCT042315-15,0.9950,24.00,no
2026-10-05T03:14:39.095296Z,KXXRP15M-26OCT042315-15,0.9960,43.73,no
2026-10-05T03:14:39.33841Z,KXXRP15M-26OCT042315-15,0.9980,3.00,yes
2026-10-05T03:14:39.33841Z,KXXRP15M-26OCT042315-15,0.9980,3.00,yes
2026-10-05T03:14:39.33841Z,KXXRP15M-26OCT042315-15,0.9980,3.00,yes
2026-10-05T03:14:39.33841Z,KXXRP15M-26OCT042315-15,0.9980,3.00,yes
2026-10-05T03:14:39.33841Z,KXXRP15M-26OCT042315-15,0.9980,3.00,yes
2026-10-05T03:14:39.33841Z,KXXRP15M-26OCT042315-15,0.9980,19.02,yes
2026-10-05T03:14:39.33841Z,KXXRP15M-26OCT042315-15,0.9990,357.98,yes
2026-10-05T03:14:39.33841Z,KXXRP15M-26OCT042315-15,0.9980,65.00,yes
2026-10-05T03:14:39.33841Z,KXXRP15M-26OCT042315-15,0.9980,17.00,yes
2026-10-05T03:14:39.33841Z,KXXRP15M-26OCT042315-15,0.9980,32.00,yes
2026-10-05T03:14:39.33841Z,KXXRP15M-26OCT042315-15,0.9980,34.00,yes
2026-10-05T03:14:39.33841Z,KXXRP15M-26OCT042315-15,0.9980,40.00,yes
2026-10-05T03:14:39.379066Z,KXXRP15M-26OCT042315-15,0.9950,7.50,no
2026-10-05T03:14:39.379066Z,KXXRP15M-26OCT042315-15,0.9960,37.27,no
2026-10-05T03:14:39.379066Z,KXXRP15M-26OCT042315-15,0.9940,245.98,no
2026-10-05T03:14:39.379066Z,KXXRP15M-26OCT042315-15,0.9950,24.00,no
2026-10-05T03:14:39.762397Z,KXXRP15M-26OCT042315-15,0.9960,14.59,no
2026-10-05T03:14:39.820691Z,KXXRP15M-26OCT042315-15,0.9950,357.98,no
2026-10-05T03:14:39.820691Z,KXXRP15M-26OCT042315-15,0.9960,67.00,no
2026-10-05T03:14:39.820691Z,KXXRP15M-26OCT042315-15,0.9950,24.00,no
2026-10-05T03:14:39.820691Z,KXXRP15M-26OCT042315-15,0.9960,55.41,no
2026-10-05T03:14:39.820691Z,KXXRP15M-26OCT042315-15,0.9950,7.50,no
2026-10-05T03:14:39.820691Z,KXXRP15M-26OCT042315-15,0.9940,309.07,no
2026-10-05T03:14:40.074997Z,KXXRP15M-26OCT042315-15,0.9980,9.00,yes
2026-10-05T03:14:40.074997Z,KXXRP15M-26OCT042315-15,0.9980,17.00,yes
2026-10-05T03:14:40.074997Z,KXXRP15M-26OCT042315-15,0.9980,15.00,yes
2026-10-05T03:14:40.236555Z,KXXRP15M-26OCT042315-15,0.9970,24.78,no
2026-10-05T03:14:40.268483Z,KXXRP15M-26OCT042315-15,0.9980,39.00,yes
2026-10-05T03:14:40.268483Z,KXXRP15M-26OCT042315-15,0.9980,2.00,yes
2026-10-05T03:14:40.27341Z,KXXRP15M-26OCT042315-15,0.9980,2.00,yes
2026-10-05T03:14:40.652214Z,KXXRP15M-26OCT042315-15,0.9970,140.00,no
2026-10-05T03:14:40.709352Z,KXXRP15M-26OCT042315-15,0.9970,0.10,no
2026-10-05T03:14:40.746281Z,KXXRP15M-26OCT042315-15,0.9970,1.13,no
2026-10-05T03:14:40.803981Z,KXXRP15M-26OCT042315-15,0.9980,5.00,yes
2026-10-05T03:14:40.993514Z,KXXRP15M-26OCT042315-15,0.9970,20.00,no
2026-10-05T03:14:41.060787Z,KXXRP15M-26OCT042315-15,0.9980,20.00,yes
2026-10-05T03:14:41.354897Z,KXXRP15M-26OCT042315-15,0.9970,0.01,no
2026-10-05T03:14:41.354897Z,KXXRP15M-26OCT042315-15,0.9970,40.00,no
2026-10-05T03:14:41.354897Z,KXXRP15M-26OCT042315-15,0.9950,63.35,no
2026-10-05T03:14:41.354897Z,KXXRP15M-26OCT042315-15,0.9970,33.77,no
2026-10-05T03:14:41.354897Z,KXXRP15M-26OCT042315-15,0.9970,87.00,no
2026-10-05T03:14:41.354897Z,KXXRP15M-26OCT042315-15,0.9960,33.00,no
2026-10-05T03:14:42.250656Z,KXXRP15M-26OCT042315-15,0.9970,6.57,no
2026-10-05T03:14:42.537216Z,KXXRP15M-26OCT042315-15,0.9970,70.00,no
2026-10-05T03:14:42.808266Z,KXXRP15M-26OCT042315-15,0.9960,22.00,no
2026-10-05T03:14:42.808266Z,KXXRP15M-26OCT042315-15,0.9970,15.00,no
2026-10-05T03:14:42.808266Z,KXXRP15M-26OCT042315-15,0.9960,33.00,no
2026-10-05T03:14:43.128421Z,KXXRP15M-26OCT042315-15,0.9960,1.50,yes
2026-10-05T03:14:43.150126Z,KXXRP15M-26OCT042315-15,0.9950,18.69,no
2026-10-05T03:14:43.637116Z,KXXRP15M-26OCT042315-15,0.9950,1.83,no
2026-10-05T03:14:43.839226Z,KXXRP15M-26OCT042315-15,0.9960,44.00,no
2026-10-05T03:14:43.839226Z,KXXRP15M-26OCT042315-15,0.9960,33.00,no
2026-10-05T03:14:43.839226Z,KXXRP15M-26OCT042315-15,0.9950,296.95,no
2026-10-05T03:14:44.193342Z,KXXRP15M-26OCT042315-15,0.9980,1.79,yes
2026-10-05T03:14:44.193342Z,KXXRP15M-26OCT042315-15,0.9980,13.00,yes
2026-10-05T03:14:44.653672Z,KXXRP15M-26OCT042315-15,0.9950,628.18,no
2026-10-05T03:14:44.653672Z,KXXRP15M-26OCT042315-15,0.9940,134.36,no
2026-10-05T03:14:44.653672Z,KXXRP15M-26OCT042315-15,0.9960,105.00,no
2026-10-05T03:14:44.653672Z,KXXRP15M-26OCT042315-15,0.9970,37.00,no
2026-10-05T03:14:44.653672Z,KXXRP15M-26OCT042315-15,0.9960,33.00,no
2026-10-05T03:14:45.36431Z,KXXRP15M-26OCT042315-15,0.9970,115.00,yes
2026-10-05T03:14:45.36431Z,KXXRP15M-26OCT042315-15,0.9980,5.12,yes
2026-10-05T03:14:45.592607Z,KXXRP15M-26OCT042315-15,0.9980,1.91,yes
2026-10-05T03:14:45.592607Z,KXXRP15M-26OCT042315-15,0.9980,10.09,yes
2026-10-05T03:14:46.879299Z,KXXRP15M-26OCT042315-15,0.9970,54.00,no
2026-10-05T03:14:46.879299Z,KXXRP15M-26OCT042315-15,0.9970,0.01,no
2026-10-05T03:14:46.879299Z,KXXRP15M-26OCT042315-15,0.9970,61.00,no
2026-10-05T03:14:47.081028Z,KXXRP15M-26OCT042315-15,0.9980,355.91,yes
2026-10-05T03:14:47.081028Z,KXXRP15M-26OCT042315-15,0.9980,10.09,yes
2026-10-05T03:14:47.081028Z,KXXRP15M-26OCT042315-15,0.9980,5.12,yes
2026-10-05T03:14:47.081028Z,KXXRP15M-26OCT042315-15,0.9980,1.79,yes
2026-10-05T03:14:47.081028Z,KXXRP15M-26OCT042315-15,0.9980,40.00,yes
2026-10-05T03:14:47.081028Z,KXXRP15M-26OCT042315-15,0.9980,8.09,yes
2026-10-05T03:14:47.090241Z,KXXRP15M-26OCT042315-15,0.9980,7.00,yes
2026-10-05T03:14:47.099509Z,KXXRP15M-26OCT042315-15,0.9980,10.00,yes
2026-10-05T03:14:47.107731Z,KXXRP15M-26OCT042315-15,0.9980,10.00,yes
2026-10-05T03:14:47.11458Z,KXXRP15M-26OCT042315-15,0.9980,7.00,yes
2026-10-05T03:14:47.11458Z,KXXRP15M-26OCT042315-15,0.9980,3.00,yes
2026-10-05T03:14:47.122434Z,KXXRP15M-26OCT042315-15,0.9980,3.00,yes
2026-10-05T03:14:47.178812Z,KXXRP15M-26OCT042315-15,0.9980,17.00,yes
2026-10-05T03:14:47.178812Z,KXXRP15M-26OCT042315-15,0.9980,10.00,yes
2026-10-05T03:14:47.211687Z,KXXRP15M-26OCT042315-15,0.9970,12.32,no
2026-10-05T03:14:47.40148Z,KXXRP15M-26OCT042315-15,0.9980,75.00,no
2026-10-05T03:14:47.427132Z,KXXRP15M-26OCT042315-15,0.9980,73.64,no
2026-10-05T03:14:47.488938Z,KXXRP15M-26OCT042315-15,0.9970,40.00,no
2026-10-05T03:14:47.488938Z,KXXRP15M-26OCT042315-15,0.9980,31.36,no
2026-10-05T03:14:47.488938Z,KXXRP15M-26OCT042315-15,0.9980,132.00,no
2026-10-05T03:14:47.488938Z,KXXRP15M-26OCT042315-15,0.9950,14.83,no
2026-10-05T03:14:47.5131Z,KXXRP15M-26OCT042315-15,0.9980,40.00,yes
2026-10-05T03:14:47.559563Z,KXXRP15M-26OCT042315-15,0.9980,1.95,yes
2026-10-05T03:14:47.559563Z,KXXRP15M-26OCT042315-15,0.9980,4.00,yes
2026-10-05T03:14:47.601053Z,KXXRP15M-26OCT042315-15,0.9980,358.00,yes
2026-10-05T03:14:47.601053Z,KXXRP15M-26OCT042315-15,0.9980,1.95,yes
2026-10-05T03:14:47.601053Z,KXXRP15M-26OCT042315-15,0.9980,10.00,yes
2026-10-05T03:14:47.601053Z,KXXRP15M-26OCT042315-15,0.9980,15.05,yes
2026-10-05T03:14:47.673779Z,KXXRP15M-26OCT042315-15,0.9980,17.00,yes
2026-10-05T03:14:47.673779Z,KXXRP15M-26OCT042315-15,0.9980,40.00,yes
2026-10-05T03:14:47.75823Z,KXXRP15M-26OCT042315-15,0.9980,10.00,yes
2026-10-05T03:14:47.75823Z,KXXRP15M-26OCT042315-15,0.9980,17.00,yes
2026-10-05T03:14:47.961865Z,KXXRP15M-26OCT042315-15,0.9940,152.71,no
2026-10-05T03:14:48.064987Z,KXXRP15M-26OCT042315-15,0.9990,1.00,yes
2026-10-05T03:14:48.064987Z,KXXRP15M-26OCT042315-15,0.9990,40.00,yes
2026-10-05T03:14:48.064987Z,KXXRP15M-26OCT042315-15,0.9990,500.00,yes
2026-10-05T03:14:48.064987Z,KXXRP15M-26OCT042315-15,0.9990,1.00,yes
2026-10-05T03:14:48.064987Z,KXXRP15M-26OCT042315-15,0.9990,500.00,yes
2026-10-05T03:14:48.064987Z,KXXRP15M-26OCT042315-15,0.9990,42.02,yes
2026-10-05T03:14:48.064987Z,KXXRP15M-26OCT042315-15,0.9990,500.00,yes
2026-10-05T03:14:48.064987Z,KXXRP15M-26OCT042315-15,0.9990,1.00,yes
2026-10-05T03:14:48.064987Z,KXXRP15M-26OCT042315-15,0.9990,10.00,yes
2026-10-05T03:14:48.064987Z,KXXRP15M-26OCT042315-15,0.9990,34.00,yes
2026-10-05T03:14:48.064987Z,KXXRP15M-26OCT042315-15,0.9990,39.98,yes
2026-10-05T03:14:48.102959Z,KXXRP15M-26OCT042315-15,0.9990,34.00,yes
2026-10-05T03:14:48.102959Z,KXXRP15M-26OCT042315-15,0.9990,0.02,yes
2026-10-05T03:14:48.148638Z,KXXRP15M-26OCT042315-15,0.9980,245.66,no
2026-10-05T03:14:48.148638Z,KXXRP15M-26OCT042315-15,0.9990,65.98,no
2026-10-05T03:14:48.302943Z,KXXRP15M-26OCT042315-15,0.9990,357.00,yes
2026-10-05T03:14:48.378427Z,KXXRP15M-26OCT042315-15,0.9990,0.98,yes
2026-10-05T03:14:48.378427Z,KXXRP15M-26OCT042315-15,0.9990,0.02,yes
2026-10-05T03:14:48.390797Z,KXXRP15M-26OCT042315-15,0.9990,22.02,yes
2026-10-05T03:14:48.390797Z,KXXRP15M-26OCT042315-15,0.9990,33.98,yes
2026-10-05T03:14:48.496898Z,KXXRP15M-26OCT042315-15,0.9990,33.90,yes
2026-10-05T03:14:48.496898Z,KXXRP15M-26OCT042315-15,0.9990,0.02,yes
2026-10-05T03:14:48.496898Z,KXXRP15M-26OCT042315-15,0.9990,0.08,yes
2026-10-05T03:14:48.571188Z,KXXRP15M-26OCT042315-15,0.9980,98.72,no
2026-10-05T03:14:48.825895Z,KXXRP15M-26OCT042315-15,0.9980,40.00,no
2026-10-05T03:14:48.825895Z,KXXRP15M-26OCT042315-15,0.9980,155.62,no
2026-10-05T03:14:48.837658Z,KXXRP15M-26OCT042315-15,0.9980,104.00,yes
2026-10-05T03:14:48.859692Z,KXXRP15M-26OCT042315-15,0.9980,0.38,yes
2026-10-05T03:14:49.312271Z,KXXRP15M-26OCT042315-15,0.9980,1.00,no
2026-10-05T03:14:49.312271Z,KXXRP15M-26OCT042315-15,0.9960,195.72,no
2026-10-05T03:14:49.312271Z,KXXRP15M-26OCT042315-15,0.9970,37.00,no
2026-10-05T03:14:49.36424Z,KXXRP15M-26OCT042315-15,0.9960,229.04,no
2026-10-05T03:14:49.938384Z,KXXRP15M-26OCT042315-15,0.9960,33.00,no
2026-10-05T03:14:49.938384Z,KXXRP15M-26OCT042315-15,0.9950,6.29,no
2026-10-05T03:14:49.938384Z,KXXRP15M-26OCT042315-15,0.9960,75.24,no
2026-10-05T03:14:50.062565Z,KXXRP15M-26OCT042315-15,0.9950,1.36,no
2026-10-05T03:14:50.728521Z,KXXRP15M-26OCT042315-15,0.9950,91.62,no
2026-10-05T03:14:51.086888Z,KXXRP15M-26OCT042315-15,0.9950,373.29,no
2026-10-05T03:14:51.480965Z,KXXRP15M-26OCT042315-15,0.9950,47.35,no
2026-10-05T03:14:51.480965Z,KXXRP15M-26OCT042315-15,0.9950,27.44,no
2026-10-05T03:14:51.642274Z,KXXRP15M-26OCT042315-15,0.9990,500.00,yes
2026-10-05T03:14:52.149081Z,KXXRP15M-26OCT042315-15,0.9950,11.21,no
2026-10-05T03:14:52.589739Z,KXXRP15M-26OCT042315-15,0.9950,24.00,no
2026-10-05T03:14:52.589739Z,KXXRP15M-26OCT042315-15,0.9950,1.00,no
2026-10-05T03:14:52.589739Z,KXXRP15M-26OCT042315-15,0.9950,7.50,no
2026-10-05T03:14:52.589739Z,KXXRP15M-26OCT042315-15,0.9950,500.00,no
2026-10-05T03:14:52.589739Z,KXXRP15M-26OCT042315-15,0.9950,341.44,no
2026-10-05T03:14:52.589739Z,KXXRP15M-26OCT042315-15,0.9940,33.20,no
2026-10-05T03:14:52.724459Z,KXXRP15M-26OCT042315-15,0.9990,500.00,yes
2026-10-05T03:14:52.724459Z,KXXRP15M-26OCT042315-15,0.9990,34.00,yes
2026-10-05T03:14:52.761467Z,KXXRP15M-26OCT042315-15,0.9950,3.95,no
2026-10-05T03:14:54.752982Z,KXXRP15M-26OCT042315-15,0.9990,915.99,no
2026-10-05T03:14:55.780199Z,KXXRP15M-26OCT042315-15,0.9990,29.10,no
2026-10-05T03:14:56.137265Z,KXXRP15M-26OCT042315-15,0.9990,24.90,no
2026-10-05T03:14:56.382444Z,KXXRP15M-26OCT042315-15,0.9990,30.01,no
2026-10-05T03:14:56.382444Z,KXXRP15M-26OCT042315-15,0.9990,9.24,no
2026-10-05T03:14:58.674934Z,KXXRP15M-26OCT042315-15,0.9990,1.00,no
2026-10-05T03:14:59.989421Z,KXXRP15M-26OCT042315-15,0.9990,25.15,no
2026-10-05T03:13:45.107239Z,KXDOGE15M-26OCT042315-15,0.0690,2.47,yes
2026-10-05T03:13:45.112531Z,KXDOGE15M-26OCT042315-15,0.0600,1.00,no
2026-10-05T03:13:45.112531Z,KXDOGE15M-26OCT042315-15,0.0600,0.03,no
2026-10-05T03:13:45.112531Z,KXDOGE15M-26OCT042315-15,0.0560,8.97,no
2026-10-05T03:13:45.224398Z,KXDOGE15M-26OCT042315-15,0.0690,24.00,yes
2026-10-05T03:13:45.224398Z,KXDOGE15M-26OCT042315-15,0.0980,2.00,yes
2026-10-05T03:13:45.224398Z,KXDOGE15M-26OCT042315-15,0.0980,0.03,yes
2026-10-05T03:13:45.224398Z,KXDOGE15M-26OCT042315-15,0.1000,242.44,yes
2026-10-05T03:13:45.224398Z,KXDOGE15M-26OCT042315-15,0.0700,118.00,yes
2026-10-05T03:13:45.224398Z,KXDOGE15M-26OCT042315-15,0.0960,11.00,yes
2026-10-05T03:13:45.224398Z,KXDOGE15M-26OCT042315-15,0.0690,0.03,yes
2026-10-05T03:13:45.224398Z,KXDOGE15M-26OCT042315-15,0.0700,5.00,yes
2026-10-05T03:13:45.224398Z,KXDOGE15M-26OCT042315-15,0.0950,0.03,yes
2026-10-05T03:13:45.224398Z,KXDOGE15M-26OCT042315-15,0.0700,0.03,yes
2026-10-05T03:13:45.224398Z,KXDOGE15M-26OCT042315-15,0.0690,73.81,yes
2026-10-05T03:13:45.224398Z,KXDOGE15M-26OCT042315-15,0.0960,0.03,yes
2026-10-05T03:13:45.224398Z,KXDOGE15M-26OCT042315-15,0.0700,83.00,yes
2026-10-05T03:13:45.224398Z,KXDOGE15M-26OCT042315-15,0.0700,50.00,yes
2026-10-05T03:13:45.224398Z,KXDOGE15M-26OCT042315-15,0.0950,2.00,yes
2026-10-05T03:13:45.224398Z,KXDOGE15M-26OCT042315-15,0.0940,6.00,yes
2026-10-05T03:13:45.254846Z,KXDOGE15M-26OCT042315-15,0.0570,1.07,no
2026-10-05T03:13:45.266704Z,KXDOGE15M-26OCT042315-15,0.0930,12.00,yes
2026-10-05T03:13:45.362454Z,KXDOGE15M-26OCT042315-15,0.0920,5.00,yes
2026-10-05T03:13:45.362844Z,KXDOGE15M-26OCT042315-15,0.0920,5.00,yes
2026-10-05T03:13:45.778676Z,KXDOGE15M-26OCT042315-15,0.0580,36.16,no
2026-10-05T03:13:46.229055Z,KXDOGE15M-26OCT042315-15,0.0570,0.03,no
2026-10-05T03:13:46.229055Z,KXDOGE15M-26OCT042315-15,0.0570,6.00,no
2026-10-05T03:13:46.229055Z,KXDOGE15M-26OCT042315-15,0.0570,9.04,no
2026-10-05T03:13:46.229055Z,KXDOGE15M-26OCT042315-15,0.0690,242.93,no
2026-10-05T03:13:46.229055Z,KXDOGE15M-26OCT042315-15,0.0630,10.00,no
2026-10-05T03:13:46.22954Z,KXDOGE15M-26OCT042315-15,0.0500,3.48,no
2026-10-05T03:13:46.22954Z,KXDOGE15M-26OCT042315-15,0.0500,2.00,no
2026-10-05T03:13:46.22954Z,KXDOGE15M-26OCT042315-15,0.0520,0.03,no
2026-10-05T03:13:46.22954Z,KXDOGE15M-26OCT042315-15,0.0540,20.00,no
2026-10-05T03:13:46.22954Z,KXDOGE15M-26OCT042315-15,0.0530,0.03,no
2026-10-05T03:13:46.22954Z,KXDOGE15M-26OCT042315-15,0.0510,0.03,no
2026-10-05T03:13:46.22954Z,KXDOGE15M-26OCT042315-15,0.0550,0.03,no
2026-10-05T03:13:46.22954Z,KXDOGE15M-26OCT042315-15,0.0550,1.00,no
2026-10-05T03:13:46.22954Z,KXDOGE15M-26OCT042315-15,0.0570,0.96,no
2026-10-05T03:13:46.22954Z,KXDOGE15M-26OCT042315-15,0.0550,2.00,no
2026-10-05T03:13:46.22954Z,KXDOGE15M-26OCT042315-15,0.0500,1.00,no
2026-10-05T03:13:46.22954Z,KXDOGE15M-26OCT042315-15,0.0500,3.00,no
2026-10-05T03:13:46.22954Z,KXDOGE15M-26OCT042315-15,0.0510,1.50,no
2026-10-05T03:13:46.22954Z,KXDOGE15M-26OCT042315-15,0.0520,1.50,no
2026-10-05T03:13:46.22954Z,KXDOGE15M-26OCT042315-15,0.0530,1.50,no
2026-10-05T03:13:46.22954Z,KXDOGE15M-26OCT042315-15,0.0470,1.00,no
2026-10-05T03:13:46.22954Z,KXDOGE15M-26OCT042315-15,0.0530,1.00,no
2026-10-05T03:13:46.22954Z,KXDOGE15M-26OCT042315-15,0.0520,1.00,no
2026-10-05T03:13:46.22954Z,KXDOGE15M-26OCT042315-15,0.0490,1.00,no
2026-10-05T03:13:46.22954Z,KXDOGE15M-26OCT042315-15,0.0510,1.00,no
2026-10-05T03:13:46.22954Z,KXDOGE15M-26OCT042315-15,0.0480,1.00,no
2026-10-05T03:13:46.22954Z,KXDOGE15M-26OCT042315-15,0.0500,1.00,no
2026-10-05T03:13:46.329475Z,KXDOGE15M-26OCT042315-15,0.0690,0.03,no
2026-10-05T03:13:46.471986Z,KXDOGE15M-26OCT042315-15,0.0550,6.00,yes
2026-10-05T03:13:46.471986Z,KXDOGE15M-26OCT042315-15,0.0560,280.00,yes
2026-10-05T03:13:46.471986Z,KXDOGE15M-26OCT042315-15,0.0550,30.00,yes
2026-10-05T03:13:46.471986Z,KXDOGE15M-26OCT042315-15,0.0550,41.00,yes
2026-10-05T03:13:46.601081Z,KXDOGE15M-26OCT042315-15,0.0630,1.58,yes
2026-10-05T03:13:46.633245Z,KXDOGE15M-26OCT042315-15,0.0550,0.03,yes
2026-10-05T03:13:46.633245Z,KXDOGE15M-26OCT042315-15,0.0610,0.85,yes
2026-10-05T03:13:46.703313Z,KXDOGE15M-26OCT042315-15,0.0460,0.15,no
2026-10-05T03:13:47.4186Z,KXDOGE15M-26OCT042315-15,0.0430,14.00,no
2026-10-05T03:13:47.4186Z,KXDOGE15M-26OCT042315-15,0.0440,6.00,no
2026-10-05T03:13:47.4186Z,KXDOGE15M-26OCT042315-15,0.0430,0.03,no
2026-10-05T03:13:47.4186Z,KXDOGE15M-26OCT042315-15,0.0460,0.03,no
2026-10-05T03:13:47.4186Z,KXDOGE15M-26OCT042315-15,0.0450,0.03,no
2026-10-05T03:13:47.4186Z,KXDOGE15M-26OCT042315-15,0.0460,25.00,no
2026-10-05T03:13:47.4186Z,KXDOGE15M-26OCT042315-15,0.0440,0.03,no
2026-10-05T03:13:47.4186Z,KXDOGE15M-26OCT042315-15,0.0420,1.00,no
2026-10-05T03:13:47.4186Z,KXDOGE15M-26OCT042315-15,0.0450,1.00,no
2026-10-05T03:13:47.4186Z,KXDOGE15M-26OCT042315-15,0.0440,1.00,no
2026-10-05T03:13:47.4186Z,KXDOGE15M-26OCT042315-15,0.0430,1.00,no
2026-10-05T03:13:47.4186Z,KXDOGE15M-26OCT042315-15,0.0460,0.85,no
2026-10-05T03:13:47.4186Z,KXDOGE15M-26OCT042315-15,0.0440,3.00,no
2026-10-05T03:13:47.4186Z,KXDOGE15M-26OCT042315-15,0.0430,3.00,no
2026-10-05T03:13:47.4186Z,KXDOGE15M-26OCT042315-15,0.0450,3.00,no
2026-10-05T03:13:47.4186Z,KXDOGE15M-26OCT042315-15,0.0420,2.03,no
2026-10-05T03:13:47.4186Z,KXDOGE15M-26OCT042315-15,0.0430,1.00,no
2026-10-05T03:13:47.418902Z,KXDOGE15M-26OCT042315-15,0.0420,0.03,no
2026-10-05T03:13:47.418902Z,KXDOGE15M-26OCT042315-15,0.0420,0.97,no
2026-10-05T03:13:47.430002Z,KXDOGE15M-26OCT042315-15,0.0400,2.00,no
2026-10-05T03:13:47.430002Z,KXDOGE15M-26OCT042315-15,0.0400,19.82,no
2026-10-05T03:13:47.430002Z,KXDOGE15M-26OCT042315-15,0.0410,0.03,no
2026-10-05T03:13:47.430002Z,KXDOGE15M-26OCT042315-15,0.0410,21.00,no
2026-10-05T03:13:47.430002Z,KXDOGE15M-26OCT042315-15,0.0460,21.00,no
2026-10-05T03:13:47.430002Z,KXDOGE15M-26OCT042315-15,0.0400,11.15,no
2026-10-05T03:13:47.430002Z,KXDOGE15M-26OCT042315-15,0.0410,1.00,no
2026-10-05T03:13:47.430002Z,KXDOGE15M-26OCT042315-15,0.0400,1.00,no
2026-10-05T03:13:47.430002Z,KXDOGE15M-26OCT042315-15,0.0400,3.00,no
2026-10-05T03:13:47.430002Z,KXDOGE15M-26OCT042315-15,0.0410,3.00,no
2026-10-05T03:13:47.450377Z,KXDOGE15M-26OCT042315-15,0.0630,0.03,yes
2026-10-05T03:13:47.450377Z,KXDOGE15M-26OCT042315-15,0.0620,5.00,yes
2026-10-05T03:13:47.450377Z,KXDOGE15M-26OCT042315-15,0.0630,7.80,yes
2026-10-05T03:13:47.539558Z,KXDOGE15M-26OCT042315-15,0.0600,0.69,yes
2026-10-05T03:13:47.674498Z,KXDOGE15M-26OCT042315-15,0.0580,6.00,yes
2026-10-05T03:13:47.674498Z,KXDOGE15M-26OCT042315-15,0.0600,145.56,yes
2026-10-05T03:13:47.674498Z,KXDOGE15M-26OCT042315-15,0.0570,5.00,yes
2026-10-05T03:13:47.674498Z,KXDOGE15M-26OCT042315-15,0.0570,30.00,yes
2026-10-05T03:13:48.040163Z,KXDOGE15M-26OCT042315-15,0.0400,30.69,no
2026-10-05T03:13:48.040163Z,KXDOGE15M-26OCT042315-15,0.0360,0.03,no
2026-10-05T03:13:48.040163Z,KXDOGE15M-26OCT042315-15,0.0390,0.03,no
2026-10-05T03:13:48.040163Z,KXDOGE15M-26OCT042315-15,0.0370,0.03,no
2026-10-05T03:13:48.040163Z,KXDOGE15M-26OCT042315-15,0.0430,0.03,no
2026-10-05T03:13:48.040163Z,KXDOGE15M-26OCT042315-15,0.0380,0.03,no
2026-10-05T03:13:48.040163Z,KXDOGE15M-26OCT042315-15,0.0420,6.00,no
2026-10-05T03:13:48.040163Z,KXDOGE15M-26OCT042315-15,0.0400,0.03,no
2026-10-05T03:13:48.040163Z,KXDOGE15M-26OCT042315-15,0.0430,18.00,no
2026-10-05T03:13:48.040163Z,KXDOGE15M-26OCT042315-15,0.0350,4.71,no
2026-10-05T03:13:48.040163Z,KXDOGE15M-26OCT042315-15,0.0370,3.00,no
2026-10-05T03:13:48.040163Z,KXDOGE15M-26OCT042315-15,0.0390,3.00,no
2026-10-05T03:13:48.040163Z,KXDOGE15M-26OCT042315-15,0.0380,3.00,no
2026-10-05T03:13:48.040163Z,KXDOGE15M-26OCT042315-15,0.0360,3.00,no
2026-10-05T03:13:48.040163Z,KXDOGE15M-26OCT042315-15,0.0360,1.00,no
2026-10-05T03:13:48.040163Z,KXDOGE15M-26OCT042315-15,0.0380,1.00,no
2026-10-05T03:13:48.040163Z,KXDOGE15M-26OCT042315-15,0.0390,1.00,no
2026-10-05T03:13:48.040163Z,KXDOGE15M-26OCT042315-15,0.0350,1.00,no
2026-10-05T03:13:48.040163Z,KXDOGE15M-26OCT042315-15,0.0370,1.00,no
2026-10-05T03:13:48.238819Z,KXDOGE15M-26OCT042315-15,0.0580,0.03,yes
2026-10-05T03:13:48.238819Z,KXDOGE15M-26OCT042315-15,0.0670,0.03,yes
2026-10-05T03:13:48.238819Z,KXDOGE15M-26OCT042315-15,0.0670,2.00,yes
2026-10-05T03:13:48.238819Z,KXDOGE15M-26OCT042315-15,0.0630,0.03,yes
2026-10-05T03:13:48.238819Z,KXDOGE15M-26OCT042315-15,0.0630,11.00,yes
2026-10-05T03:13:48.238819Z,KXDOGE15M-26OCT042315-15,0.0640,2.00,yes
2026-10-05T03:13:48.238819Z,KXDOGE15M-26OCT042315-15,0.0640,0.03,yes
2026-10-05T03:13:48.238819Z,KXDOGE15M-26OCT042315-15,0.0580,2.00,yes
2026-10-05T03:13:48.43836Z,KXDOGE15M-26OCT042315-15,0.0580,49.05,no
2026-10-05T03:13:48.864555Z,KXDOGE15M-26OCT042315-15,0.0660,1.00,no
2026-10-05T03:13:49.545043Z,KXDOGE15M-26OCT042315-15,0.0430,0.91,no
2026-10-05T03:13:49.545043Z,KXDOGE15M-26OCT042315-15,0.0660,0.03,no
2026-10-05T03:13:49.545043Z,KXDOGE15M-26OCT042315-15,0.0660,28.00,no
2026-10-05T03:13:49.620868Z,KXDOGE15M-26OCT042315-15,0.0420,200.00,no
2026-10-05T03:13:49.620868Z,KXDOGE15M-26OCT042315-15,0.0420,0.03,no
2026-10-05T03:13:49.620868Z,KXDOGE15M-26OCT042315-15,0.0430,83.00,no
2026-10-05T03:13:49.620868Z,KXDOGE15M-26OCT042315-15,0.0420,83.00,no
2026-10-05T03:13:50.099028Z,KXDOGE15M-26OCT042315-15,0.0350,0.03,no
2026-10-05T03:13:50.099028Z,KXDOGE15M-26OCT042315-15,0.0350,76.87,no
2026-10-05T03:13:50.099028Z,KXDOGE15M-26OCT042315-15,0.0350,4.29,no
2026-10-05T03:13:50.485696Z,KXDOGE15M-26OCT042315-15,0.0640,25.19,yes
2026-10-05T03:13:50.673989Z,KXDOGE15M-26OCT042315-15,0.0350,0.03,no
2026-10-05T03:13:50.673989Z,KXDOGE15M-26OCT042315-15,0.0350,1.00,no
2026-10-05T03:13:50.673989Z,KXDOGE15M-26OCT042315-15,0.0350,3.00,no
2026-10-05T03:13:50.673989Z,KXDOGE15M-26OCT042315-15,0.0340,1.05,no
2026-10-05T03:13:50.673989Z,KXDOGE15M-26OCT042315-15,0.0340,1.00,no
2026-10-05T03:13:51.049074Z,KXDOGE15M-26OCT042315-15,0.0350,10.12,no
2026-10-05T03:13:51.434927Z,KXDOGE15M-26OCT042315-15,0.0610,14.00,yes
2026-10-05T03:13:51.434927Z,KXDOGE15M-26OCT042315-15,0.0610,11.00,yes
2026-10-05T03:13:51.65666Z,KXDOGE15M-26OCT042315-15,0.0610,27.00,yes
2026-10-05T03:13:51.65666Z,KXDOGE15M-26OCT042315-15,0.0620,25.71,yes
2026-10-05T03:13:51.65666Z,KXDOGE15M-26OCT042315-15,0.0610,0.03,yes
2026-10-05T03:13:52.052845Z,KXDOGE15M-26OCT042315-15,0.0340,13.49,no
2026-10-05T03:13:52.052845Z,KXDOGE15M-26OCT042315-15,0.0340,14.00,no
2026-10-05T03:13:52.052845Z,KXDOGE15M-26OCT042315-15,0.0340,11.00,no
2026-10-05T03:13:52.052845Z,KXDOGE15M-26OCT042315-15,0.0340,0.03,no
2026-10-05T03:13:52.052845Z,KXDOGE15M-26OCT042315-15,0.0340,7.95,no
2026-10-05T03:13:53.033815Z,KXDOGE15M-26OCT042315-15,0.0330,1.00,no
2026-10-05T03:13:53.033815Z,KXDOGE15M-26OCT042315-15,0.0330,2.01,no
2026-10-05T03:13:53.109642Z,KXDOGE15M-26OCT042315-15,0.0330,4.00,no
2026-10-05T03:13:53.220303Z,KXDOGE15M-26OCT042315-15,0.0570,2.00,yes
2026-10-05T03:13:53.220303Z,KXDOGE15M-26OCT042315-15,0.0570,29.80,yes
2026-10-05T03:13:53.751315Z,KXDOGE15M-26OCT042315-15,0.0330,0.03,no
2026-10-05T03:13:53.751315Z,KXDOGE15M-26OCT042315-15,0.0330,16.00,no
2026-10-05T03:13:53.751315Z,KXDOGE15M-26OCT042315-15,0.0320,1.00,no
2026-10-05T03:13:53.751315Z,KXDOGE15M-26OCT042315-15,0.0320,0.60,no
2026-10-05T03:13:53.751315Z,KXDOGE15M-26OCT042315-15,0.0330,2.99,no
2026-10-05T03:13:53.998765Z,KXDOGE15M-26OCT042315-15,0.0630,2.00,yes
2026-10-05T03:13:53.998765Z,KXDOGE15M-26OCT042315-15,0.0630,0.03,yes
2026-10-05T03:13:53.998765Z,KXDOGE15M-26OCT042315-15,0.0560,5.00,yes
2026-10-05T03:13:53.998765Z,KXDOGE15M-26OCT042315-15,0.0600,2.00,yes
2026-10-05T03:13:53.998765Z,KXDOGE15M-26OCT042315-15,0.0600,0.03,yes
2026-10-05T03:13:53.998765Z,KXDOGE15M-26OCT042315-15,0.0590,1.00,yes
2026-10-05T03:13:53.998765Z,KXDOGE15M-26OCT042315-15,0.0560,2.00,yes
2026-10-05T03:13:53.998765Z,KXDOGE15M-26OCT042315-15,0.0600,1.00,yes
2026-10-05T03:13:53.998765Z,KXDOGE15M-26OCT042315-15,0.0650,7.85,yes
2026-10-05T03:13:53.998765Z,KXDOGE15M-26OCT042315-15,0.0560,0.03,yes
2026-10-05T03:13:53.998765Z,KXDOGE15M-26OCT042315-15,0.0550,41.00,yes
2026-10-05T03:13:53.998765Z,KXDOGE15M-26OCT042315-15,0.0590,0.03,yes
2026-10-05T03:13:53.998765Z,KXDOGE15M-26OCT042315-15,0.0570,0.03,yes
2026-10-05T03:13:54.009647Z,KXDOGE15M-26OCT042315-15,0.0580,0.03,yes
2026-10-05T03:13:54.009647Z,KXDOGE15M-26OCT042315-15,0.0650,3.97,yes
2026-10-05T03:13:54.019589Z,KXDOGE15M-26OCT042315-15,0.0540,2.00,yes
2026-10-05T03:13:54.020202Z,KXDOGE15M-26OCT042315-15,0.0570,2.00,yes
2026-10-05T03:13:54.028538Z,KXDOGE15M-26OCT042315-15,0.0570,5.00,yes
2026-10-05T03:13:54.028538Z,KXDOGE15M-26OCT042315-15,0.0570,2.00,yes
2026-10-05T03:13:54.038277Z,KXDOGE15M-26OCT042315-15,0.0590,2.00,yes
2026-10-05T03:13:54.044857Z,KXDOGE15M-26OCT042315-15,0.0590,5.00,yes
2026-10-05T03:13:54.054569Z,KXDOGE15M-26OCT042315-15,0.0590,2.00,yes
2026-10-05T03:13:54.06421Z,KXDOGE15M-26OCT042315-15,0.0570,3.00,yes
2026-10-05T03:13:54.071293Z,KXDOGE15M-26OCT042315-15,0.0570,10.00,yes
2026-10-05T03:13:54.077412Z,KXDOGE15M-26OCT042315-15,0.0570,5.00,yes
2026-10-05T03:13:54.077412Z,KXDOGE15M-26OCT042315-15,0.0570,0.97,yes
2026-10-05T03:13:54.452887Z,KXDOGE15M-26OCT042315-15,0.0500,4.00,yes
2026-10-05T03:13:55.004162Z,KXDOGE15M-26OCT042315-15,0.0440,1.11,no
2026-10-05T03:13:55.096656Z,KXDOGE15M-26OCT042315-15,0.0420,4.00,no
2026-10-05T03:13:55.096656Z,KXDOGE15M-26OCT042315-15,0.0410,5.00,no
2026-10-05T03:13:55.096656Z,KXDOGE15M-26OCT042315-15,0.0400,80.00,no
2026-10-05T03:13:55.096656Z,KXDOGE15M-26OCT042315-15,0.0400,0.03,no
2026-10-05T03:13:55.096656Z,KXDOGE15M-26OCT042315-15,0.0430,3.00,no
2026-10-05T03:13:55.096656Z,KXDOGE15M-26OCT042315-15,0.0440,1.89,no
2026-10-05T03:13:55.096656Z,KXDOGE15M-26OCT042315-15,0.0420,0.03,no
2026-10-05T03:13:55.096656Z,KXDOGE15M-26OCT042315-15,0.0410,0.03,no
2026-10-05T03:13:55.10856Z,KXDOGE15M-26OCT042315-15,0.0330,110.00,yes
2026-10-05T03:13:55.184045Z,KXDOGE15M-26OCT042315-15,0.0330,142.00,yes
2026-10-05T03:13:55.395019Z,KXDOGE15M-26OCT042315-15,0.0330,0.80,yes
2026-10-05T03:13:55.650178Z,KXDOGE15M-26OCT042315-15,0.0310,0.03,no
2026-10-05T03:13:55.650178Z,KXDOGE15M-26OCT042315-15,0.0320,0.03,no
2026-10-05T03:13:55.650178Z,KXDOGE15M-26OCT042315-15,0.0320,2.00,no
2026-10-05T03:13:55.650178Z,KXDOGE15M-26OCT042315-15,0.0310,1.00,no
2026-10-05T03:13:55.650178Z,KXDOGE15M-26OCT042315-15,0.0310,9.00,no
2026-10-05T03:13:55.650178Z,KXDOGE15M-26OCT042315-15,0.0320,8.40,no
2026-10-05T03:13:55.650178Z,KXDOGE15M-26OCT042315-15,0.0310,1.00,no
2026-10-05T03:13:55.650178Z,KXDOGE15M-26OCT042315-15,0.0300,3.54,no
2026-10-05T03:13:55.66315Z,KXDOGE15M-26OCT042315-15,0.0330,78.45,yes
2026-10-05T03:13:55.759223Z,KXDOGE15M-26OCT042315-15,0.0310,25.00,no
2026-10-05T03:13:55.760687Z,KXDOGE15M-26OCT042315-15,0.0330,15.00,yes
2026-10-05T03:13:56.051422Z,KXDOGE15M-26OCT042315-15,0.0320,5.87,yes
2026-10-05T03:13:56.051422Z,KXDOGE15M-26OCT042315-15,0.0320,17.00,yes
2026-10-05T03:13:56.051422Z,KXDOGE15M-26OCT042315-15,0.0310,3.54,yes
2026-10-05T03:13:56.183952Z,KXDOGE15M-26OCT042315-15,0.0320,0.03,yes
2026-10-05T03:13:56.183952Z,KXDOGE15M-26OCT042315-15,0.0320,34.00,yes
2026-10-05T03:13:56.183952Z,KXDOGE15M-26OCT042315-15,0.0330,49.95,yes
2026-10-05T03:13:56.404202Z,KXDOGE15M-26OCT042315-15,0.0330,5.37,yes
2026-10-05T03:13:56.628404Z,KXDOGE15M-26OCT042315-15,0.0330,1.99,yes
2026-10-05T03:13:56.695533Z,KXDOGE15M-26OCT042315-15,0.0300,1.46,no
2026-10-05T03:13:56.695533Z,KXDOGE15M-26OCT042315-15,0.0300,6.66,no
2026-10-05T03:13:56.695533Z,KXDOGE15M-26OCT042315-15,0.0300,4.00,no
2026-10-05T03:13:56.695533Z,KXDOGE15M-26OCT042315-15,0.0300,1.00,no
2026-10-05T03:13:56.695533Z,KXDOGE15M-26OCT042315-15,0.0300,8.88,no
2026-10-05T03:13:56.740628Z,KXDOGE15M-26OCT042315-15,0.0300,2.00,no
2026-10-05T03:13:56.740628Z,KXDOGE15M-26OCT042315-15,0.0300,16.72,no
2026-10-05T03:13:56.740628Z,KXDOGE15M-26OCT042315-15,0.0300,35.28,no
2026-10-05T03:13:56.85066Z,KXDOGE15M-26OCT042315-15,0.0300,6.00,no
2026-10-05T03:13:56.932605Z,KXDOGE15M-26OCT042315-15,0.0320,17.03,yes
2026-10-05T03:13:56.932605Z,KXDOGE15M-26OCT042315-15,0.0310,0.03,yes
2026-10-05T03:13:56.932605Z,KXDOGE15M-26OCT042315-15,0.0310,42.00,yes
2026-10-05T03:13:56.932605Z,KXDOGE15M-26OCT042315-15,0.0320,4.00,yes
2026-10-05T03:13:56.932605Z,KXDOGE15M-26OCT042315-15,0.0310,1.46,yes
2026-10-05T03:13:56.956414Z,KXDOGE15M-26OCT042315-15,0.0320,8.00,yes
2026-10-05T03:13:56.956414Z,KXDOGE15M-26OCT042315-15,0.0320,16.97,yes
2026-10-05T03:13:56.956414Z,KXDOGE15M-26OCT042315-15,0.0320,0.03,yes
2026-10-05T03:13:57.168427Z,KXDOGE15M-26OCT042315-15,0.0330,111.83,yes
2026-10-05T03:13:57.6517Z,KXDOGE15M-26OCT042315-15,0.0300,2.00,no
2026-10-05T03:13:57.753708Z,KXDOGE15M-26OCT042315-15,0.0300,0.28,no
2026-10-05T03:13:57.753708Z,KXDOGE15M-26OCT042315-15,0.0300,0.03,no
2026-10-05T03:13:57.756883Z,KXDOGE15M-26OCT042315-15,0.0320,34.00,yes
2026-10-05T03:13:57.756883Z,KXDOGE15M-26OCT042315-15,0.0320,3.00,yes
2026-10-05T03:13:57.756883Z,KXDOGE15M-26OCT042315-15,0.0320,0.03,yes
2026-10-05T03:13:57.756883Z,KXDOGE15M-26OCT042315-15,0.0320,6.31,yes
2026-10-05T03:13:57.756883Z,KXDOGE15M-26OCT042315-15,0.0300,24.69,yes
2026-10-05T03:13:57.756883Z,KXDOGE15M-26OCT042315-15,0.0320,4.00,yes
2026-10-05T03:13:57.756883Z,KXDOGE15M-26OCT042315-15,0.0330,29.01,yes
2026-10-05T03:13:58.001529Z,KXDOGE15M-26OCT042315-15,0.0320,16.74,yes
2026-10-05T03:13:58.087818Z,KXDOGE15M-26OCT042315-15,0.0290,0.01,no
2026-10-05T03:13:58.087818Z,KXDOGE15M-26OCT042315-15,0.0290,1.00,no
2026-10-05T03:13:58.231569Z,KXDOGE15M-26OCT042315-15,0.0320,12.39,yes
2026-10-05T03:13:58.284015Z,KXDOGE15M-26OCT042315-15,0.0300,2.00,no
2026-10-05T03:13:58.698142Z,KXDOGE15M-26OCT042315-15,0.0300,0.03,no
2026-10-05T03:13:58.698142Z,KXDOGE15M-26OCT042315-15,0.0300,14.00,no
2026-10-05T03:13:58.698377Z,KXDOGE15M-26OCT042315-15,0.0290,5.00,no
2026-10-05T03:13:58.698377Z,KXDOGE15M-26OCT042315-15,0.0290,13.00,no
2026-10-05T03:13:58.698377Z,KXDOGE15M-26OCT042315-15,0.0290,0.03,no
2026-10-05T03:13:58.698377Z,KXDOGE15M-26OCT042315-15,0.0290,3.99,no
2026-10-05T03:13:58.702799Z,KXDOGE15M-26OCT042315-15,0.0280,13.00,no
2026-10-05T03:13:58.702799Z,KXDOGE15M-26OCT042315-15,0.0280,0.03,no
2026-10-05T03:13:58.702799Z,KXDOGE15M-26OCT042315-15,0.0280,5.00,no
2026-10-05T03:13:58.702799Z,KXDOGE15M-26OCT042315-15,0.0280,4.00,no
2026-10-05T03:13:58.702799Z,KXDOGE15M-26OCT042315-15,0.0280,1.00,no
2026-10-05T03:13:58.720996Z,KXDOGE15M-26OCT042315-15,0.0270,0.03,no
2026-10-05T03:13:58.720996Z,KXDOGE15M-26OCT042315-15,0.0270,5.00,no
2026-10-05T03:13:58.720996Z,KXDOGE15M-26OCT042315-15,0.0270,4.00,no
2026-10-05T03:13:58.720996Z,KXDOGE15M-26OCT042315-15,0.0270,1.00,no
2026-10-05T03:13:58.769538Z,KXDOGE15M-26OCT042315-15,0.0290,0.05,yes
2026-10-05T03:13:58.769538Z,KXDOGE15M-26OCT042315-15,0.0290,5.00,yes
2026-10-05T03:13:58.804791Z,KXDOGE15M-26OCT042315-15,0.0300,5.00,yes
2026-10-05T03:13:58.804791Z,KXDOGE15M-26OCT042315-15,0.0310,4.23,yes
2026-10-05T03:13:58.804791Z,KXDOGE15M-26OCT042315-15,0.0290,4.95,yes
2026-10-05T03:13:59.027141Z,KXDOGE15M-26OCT042315-15,0.0260,9.97,no
2026-10-05T03:13:59.027141Z,KXDOGE15M-26OCT042315-15,0.0260,0.03,no
2026-10-05T03:13:59.027141Z,KXDOGE15M-26OCT042315-15,0.0260,5.00,no
2026-10-05T03:13:59.027141Z,KXDOGE15M-26OCT042315-15,0.0260,1.00,no
2026-10-05T03:13:59.027141Z,KXDOGE15M-26OCT042315-15,0.0260,4.00,no
2026-10-05T03:13:59.035914Z,KXDOGE15M-26OCT042315-15,0.0310,0.03,yes
2026-10-05T03:13:59.035914Z,KXDOGE15M-26OCT042315-15,0.0320,0.03,yes
2026-10-05T03:13:59.035914Z,KXDOGE15M-26OCT042315-15,0.0280,2.00,yes
2026-10-05T03:13:59.035914Z,KXDOGE15M-26OCT042315-15,0.0310,2.77,yes
2026-10-05T03:13:59.035914Z,KXDOGE15M-26OCT042315-15,0.0320,11.17,yes
2026-10-05T03:13:59.035914Z,KXDOGE15M-26OCT042315-15,0.0310,6.00,yes
2026-10-05T03:13:59.174472Z,KXDOGE15M-26OCT042315-15,0.0270,2.00,yes
2026-10-05T03:13:59.220036Z,KXDOGE15M-26OCT042315-15,0.0260,24.00,no
2026-10-05T03:13:59.220036Z,KXDOGE15M-26OCT042315-15,0.0260,1.00,no
2026-10-05T03:13:59.220036Z,KXDOGE15M-26OCT042315-15,0.0260,36.00,no
2026-10-05T03:13:59.220036Z,KXDOGE15M-26OCT042315-15,0.0260,6.03,no
2026-10-05T03:13:59.220036Z,KXDOGE15M-26OCT042315-15,0.0250,5.00,no
2026-10-05T03:13:59.220036Z,KXDOGE15M-26OCT042315-15,0.0250,6.00,no
2026-10-05T03:13:59.220036Z,KXDOGE15M-26OCT042315-15,0.0250,1.00,no
2026-10-05T03:13:59.329509Z,KXDOGE15M-26OCT042315-15,0.0260,1.08,yes
2026-10-05T03:13:59.409675Z,KXDOGE15M-26OCT042315-15,0.0240,0.01,no
2026-10-05T03:13:59.409675Z,KXDOGE15M-26OCT042315-15,0.0240,0.03,no
2026-10-05T03:13:59.409675Z,KXDOGE15M-26OCT042315-15,0.0240,5.00,no
2026-10-05T03:13:59.409675Z,KXDOGE15M-26OCT042315-15,0.0240,6.00,no
2026-10-05T03:13:59.409675Z,KXDOGE15M-26OCT042315-15,0.0240,1.00,no
2026-10-05T03:13:59.670498Z,KXDOGE15M-26OCT042315-15,0.0270,3.00,yes
2026-10-05T03:13:59.670498Z,KXDOGE15M-26OCT042315-15,0.0250,5.00,yes
2026-10-05T03:13:59.670498Z,KXDOGE15M-26OCT042315-15,0.0310,8.00,yes
2026-10-05T03:13:59.670498Z,KXDOGE15M-26OCT042315-15,0.0310,0.03,yes
2026-10-05T03:13:59.670498Z,KXDOGE15M-26OCT042315-15,0.0320,34.00,yes
2026-10-05T03:13:59.670498Z,KXDOGE15M-26OCT042315-15,0.0270,0.03,yes
2026-10-05T03:13:59.670498Z,KXDOGE15M-26OCT042315-15,0.0240,28.00,yes
2026-10-05T03:13:59.670498Z,KXDOGE15M-26OCT042315-15,0.0260,3.92,yes
2026-10-05T03:13:59.670498Z,KXDOGE15M-26OCT042315-15,0.0300,5.00,yes
2026-10-05T03:13:59.670498Z,KXDOGE15M-26OCT042315-15,0.0260,0.03,yes
2026-10-05T03:13:59.670498Z,KXDOGE15M-26OCT042315-15,0.0330,118.85,yes
2026-10-05T03:13:59.779378Z,KXDOGE15M-26OCT042315-15,0.0250,0.03,yes
2026-10-05T03:13:59.779378Z,KXDOGE15M-26OCT042315-15,0.0320,8.00,yes
2026-10-05T03:13:59.779378Z,KXDOGE15M-26OCT042315-15,0.0330,27.33,yes
2026-10-05T03:13:59.791622Z,KXDOGE15M-26OCT042315-15,0.0300,124.99,no
2026-10-05T03:13:59.794757Z,KXDOGE15M-26OCT042315-15,0.0300,0.01,no
2026-10-05T03:13:59.887007Z,KXDOGE15M-26OCT042315-15,0.0200,15.30,no
2026-10-05T03:13:59.887007Z,KXDOGE15M-26OCT042315-15,0.0200,1.00,no
2026-10-05T03:13:59.887007Z,KXDOGE15M-26OCT042315-15,0.0200,50.00,no
2026-10-05T03:13:59.887007Z,KXDOGE15M-26OCT042315-15,0.0210,0.03,no
2026-10-05T03:13:59.887007Z,KXDOGE15M-26OCT042315-15,0.0210,6.00,no
2026-10-05T03:13:59.887007Z,KXDOGE15M-26OCT042315-15,0.0220,0.03,no
2026-10-05T03:13:59.887007Z,KXDOGE15M-26OCT042315-15,0.0230,0.03,no
2026-10-05T03:13:59.887007Z,KXDOGE15M-26OCT042315-15,0.0240,25.00,no
2026-10-05T03:13:59.887007Z,KXDOGE15M-26OCT042315-15,0.0240,0.03,no
2026-10-05T03:13:59.887007Z,KXDOGE15M-26OCT042315-15,0.0210,1.00,no
2026-10-05T03:13:59.887007Z,KXDOGE15M-26OCT042315-15,0.0220,1.00,no
2026-10-05T03:13:59.887007Z,KXDOGE15M-26OCT042315-15,0.0200,3.52,no
2026-10-05T03:13:59.887007Z,KXDOGE15M-26OCT042315-15,0.0230,5.00,no
2026-10-05T03:13:59.887007Z,KXDOGE15M-26OCT042315-15,0.0200,10.00,no
2026-10-05T03:13:59.887007Z,KXDOGE15M-26OCT042315-15,0.0220,3.00,no
2026-10-05T03:13:59.887007Z,KXDOGE15M-26OCT042315-15,0.0210,3.00,no
2026-10-05T03:13:59.887007Z,KXDOGE15M-26OCT042315-15,0.0220,1.00,no
2026-10-05T03:13:59.887007Z,KXDOGE15M-26OCT042315-15,0.0230,6.00,no
2026-10-05T03:13:59.887007Z,KXDOGE15M-26OCT042315-15,0.0200,1.00,no
2026-10-05T03:13:59.887007Z,KXDOGE15M-26OCT042315-15,0.0200,3.00,no
2026-10-05T03:13:59.887007Z,KXDOGE15M-26OCT042315-15,0.0210,1.00,no
2026-10-05T03:13:59.887007Z,KXDOGE15M-26OCT042315-15,0.0200,5.00,no
2026-10-05T03:13:59.887007Z,KXDOGE15M-26OCT042315-15,0.0230,1.00,no
2026-10-05T03:13:59.887007Z,KXDOGE15M-26OCT042315-15,0.0220,5.00,no
2026-10-05T03:13:59.887007Z,KXDOGE15M-26OCT042315-15,0.0210,5.00,no
2026-10-05T03:13:59.887007Z,KXDOGE15M-26OCT042315-15,0.0210,1.00,no
2026-10-05T03:13:59.923291Z,KXDOGE15M-26OCT042315-15,0.0210,12.00,yes
2026-10-05T03:14:00.387661Z,KXDOGE15M-26OCT042315-15,0.0210,8.00,yes
2026-10-05T03:14:00.517535Z,KXDOGE15M-26OCT042315-15,0.0200,2.00,no
2026-10-05T03:14:00.838121Z,KXDOGE15M-26OCT042315-15,0.0210,3.61,yes
2026-10-05T03:14:00.958913Z,KXDOGE15M-26OCT042315-15,0.0180,0.03,no
2026-10-05T03:14:00.958913Z,KXDOGE15M-26OCT042315-15,0.0200,0.03,no
2026-10-05T03:14:00.958913Z,KXDOGE15M-26OCT042315-15,0.0200,36.00,no
2026-10-05T03:14:00.958913Z,KXDOGE15M-26OCT042315-15,0.0200,14.00,no
2026-10-05T03:14:00.958913Z,KXDOGE15M-26OCT042315-15,0.0190,0.03,no
2026-10-05T03:14:00.958913Z,KXDOGE15M-26OCT042315-15,0.0170,13.27,no
2026-10-05T03:14:00.958913Z,KXDOGE15M-26OCT042315-15,0.0180,11.00,no
2026-10-05T03:14:00.958913Z,KXDOGE15M-26OCT042315-15,0.0190,16.00,no
2026-10-05T03:14:00.958913Z,KXDOGE15M-26OCT042315-15,0.0200,0.64,no
2026-10-05T03:14:00.958913Z,KXDOGE15M-26OCT042315-15,0.0180,5.00,no
2026-10-05T03:14:00.958913Z,KXDOGE15M-26OCT042315-15,0.0180,1.00,no
2026-10-05T03:14:00.958913Z,KXDOGE15M-26OCT042315-15,0.0170,1.00,no
2026-10-05T03:14:00.958913Z,KXDOGE15M-26OCT042315-15,0.0170,5.00,no
2026-10-05T03:14:00.958913Z,KXDOGE15M-26OCT042315-15,0.0190,1.00,no
2026-10-05T03:14:00.958913Z,KXDOGE15M-26OCT042315-15,0.0190,5.00,no
2026-10-05T03:14:00.959133Z,KXDOGE15M-26OCT042315-15,0.0160,17.00,no
2026-10-05T03:14:00.959133Z,KXDOGE15M-26OCT042315-15,0.0160,0.03,no
2026-10-05T03:14:00.959133Z,KXDOGE15M-26OCT042315-15,0.0170,0.03,no
2026-10-05T03:14:00.959133Z,KXDOGE15M-26OCT042315-15,0.0170,0.73,no
2026-10-05T03:14:00.959133Z,KXDOGE15M-26OCT042315-15,0.0150,4.22,no
2026-10-05T03:14:00.959133Z,KXDOGE15M-26OCT042315-15,0.0160,5.00,no
2026-10-05T03:14:00.959133Z,KXDOGE15M-26OCT042315-15,0.0150,5.00,no
2026-10-05T03:14:00.959133Z,KXDOGE15M-26OCT042315-15,0.0160,1.00,no
2026-10-05T03:14:00.959133Z,KXDOGE15M-26OCT042315-15,0.0150,1.00,no
2026-10-05T03:14:00.959247Z,KXDOGE15M-26OCT042315-15,0.0150,0.03,no
2026-10-05T03:14:00.959247Z,KXDOGE15M-26OCT042315-15,0.0150,21.00,no
2026-10-05T03:14:00.959247Z,KXDOGE15M-26OCT042315-15,0.0140,23.00,no
2026-10-05T03:14:00.959247Z,KXDOGE15M-26OCT042315-15,0.0140,5.00,no
2026-10-05T03:14:00.959247Z,KXDOGE15M-26OCT042315-15,0.0150,0.78,no
2026-10-05T03:14:00.959247Z,KXDOGE15M-26OCT042315-15,0.0140,1.00,no
2026-10-05T03:14:00.959247Z,KXDOGE15M-26OCT042315-15,0.0140,5.00,no
2026-10-05T03:14:00.959649Z,KXDOGE15M-26OCT042315-15,0.0130,63.00,no
2026-10-05T03:14:00.959734Z,KXDOGE15M-26OCT042315-15,0.0130,97.00,no
2026-10-05T03:14:00.959734Z,KXDOGE15M-26OCT042315-15,0.0130,1.00,no
2026-10-05T03:14:00.959734Z,KXDOGE15M-26OCT042315-15,0.0130,1.00,no
2026-10-05T03:14:00.959802Z,KXDOGE15M-26OCT042315-15,0.0120,51.00,no
2026-10-05T03:14:00.959802Z,KXDOGE15M-26OCT042315-15,0.0110,30.00,no
2026-10-05T03:14:00.959802Z,KXDOGE15M-26OCT042315-15,0.0120,5.00,no
2026-10-05T03:14:00.959802Z,KXDOGE15M-26OCT042315-15,0.0130,5.00,no
2026-10-05T03:14:00.959802Z,KXDOGE15M-26OCT042315-15,0.0130,4.00,no
2026-10-05T03:14:00.959802Z,KXDOGE15M-26OCT042315-15,0.0120,1.00,no
2026-10-05T03:14:00.959802Z,KXDOGE15M-26OCT042315-15,0.0120,4.00,no
2026-10-05T03:14:00.959949Z,KXDOGE15M-26OCT042315-15,0.0110,35.00,no
2026-10-05T03:14:00.959949Z,KXDOGE15M-26OCT042315-15,0.0110,8.00,no
2026-10-05T03:14:00.959949Z,KXDOGE15M-26OCT042315-15,0.0110,5.00,no
2026-10-05T03:14:00.959949Z,KXDOGE15M-26OCT042315-15,0.0110,1.00,no
2026-10-05T03:14:00.959949Z,KXDOGE15M-26OCT042315-15,0.0110,4.00,no
2026-10-05T03:14:00.965794Z,KXDOGE15M-26OCT042315-15,0.0120,20.00,no
2026-10-05T03:14:00.965794Z,KXDOGE15M-26OCT042315-15,0.0110,96.99,no
2026-10-05T03:14:00.965794Z,KXDOGE15M-26OCT042315-15,0.0110,12.00,no
2026-10-05T03:14:00.969507Z,KXDOGE15M-26OCT042315-15,0.0110,1.00,no
2026-10-05T03:14:00.969507Z,KXDOGE15M-26OCT042315-15,0.0110,10.00,no
2026-10-05T03:14:00.969507Z,KXDOGE15M-26OCT042315-15,0.0110,2.00,no
2026-10-05T03:14:00.969507Z,KXDOGE15M-26OCT042315-15,0.0110,1.00,no
2026-10-05T03:14:00.969507Z,KXDOGE15M-26OCT042315-15,0.0110,2.00,no
2026-10-05T03:14:00.969507Z,KXDOGE15M-26OCT042315-15,0.0110,3.01,no
2026-10-05T03:14:00.969507Z,KXDOGE15M-26OCT042315-15,0.0110,1.00,no
2026-10-05T03:14:00.973357Z,KXDOGE15M-26OCT042315-15,0.0120,22.00,no
2026-10-05T03:14:00.977114Z,KXDOGE15M-26OCT042315-15,0.0120,145.00,no
2026-10-05T03:14:01.07077Z,KXDOGE15M-26OCT042315-15,0.0100,146.81,no
2026-10-05T03:14:01.07077Z,KXDOGE15M-26OCT042315-15,0.0100,76.45,no
2026-10-05T03:14:01.07077Z,KXDOGE15M-26OCT042315-15,0.0100,100.00,no
2026-10-05T03:14:01.07077Z,KXDOGE15M-26OCT042315-15,0.0100,1.00,no
2026-10-05T03:14:01.07077Z,KXDOGE15M-26OCT042315-15,0.0100,4.00,no
2026-10-05T03:14:01.07077Z,KXDOGE15M-26OCT042315-15,0.0100,5.00,no
2026-10-05T03:14:01.111109Z,KXDOGE15M-26OCT042315-15,0.0120,2.37,yes
2026-10-05T03:14:01.13188Z,KXDOGE15M-26OCT042315-15,0.0100,20.99,no
2026-10-05T03:14:01.13188Z,KXDOGE15M-26OCT042315-15,0.0100,0.01,no
2026-10-05T03:14:01.140518Z,KXDOGE15M-26OCT042315-15,0.0100,14.91,no
2026-10-05T03:14:01.146937Z,KXDOGE15M-26OCT042315-15,0.0130,0.37,yes
2026-10-05T03:14:01.146937Z,KXDOGE15M-26OCT042315-15,0.0120,0.63,yes
2026-10-05T03:14:01.312231Z,KXDOGE15M-26OCT042315-15,0.0160,8.00,yes
2026-10-05T03:14:01.312231Z,KXDOGE15M-26OCT042315-15,0.0130,0.03,yes
2026-10-05T03:14:01.312231Z,KXDOGE15M-26OCT042315-15,0.0120,3.00,yes
2026-10-05T03:14:01.312231Z,KXDOGE15M-26OCT042315-15,0.0140,5.00,yes
2026-10-05T03:14:01.312231Z,KXDOGE15M-26OCT042315-15,0.0110,5.00,yes
2026-10-05T03:14:01.312231Z,KXDOGE15M-26OCT042315-15,0.0150,5.00,yes
2026-10-05T03:14:01.312231Z,KXDOGE15M-26OCT042315-15,0.0170,5.00,yes
2026-10-05T03:14:01.312231Z,KXDOGE15M-26OCT042315-15,0.0110,5.00,yes
2026-10-05T03:14:01.312231Z,KXDOGE15M-26OCT042315-15,0.0160,0.78,yes
2026-10-05T03:14:01.312231Z,KXDOGE15M-26OCT042315-15,0.0160,4.22,yes
2026-10-05T03:14:01.312231Z,KXDOGE15M-26OCT042315-15,0.0110,3.00,yes
2026-10-05T03:14:01.312231Z,KXDOGE15M-26OCT042315-15,0.0130,5.00,yes
2026-10-05T03:14:01.312231Z,KXDOGE15M-26OCT042315-15,0.0170,0.03,yes
2026-10-05T03:14:01.312231Z,KXDOGE15M-26OCT042315-15,0.0180,34.15,yes
2026-10-05T03:14:01.312231Z,KXDOGE15M-26OCT042315-15,0.0150,43.00,yes
2026-10-05T03:14:01.345548Z,KXDOGE15M-26OCT042315-15,0.0100,9.97,no
2026-10-05T03:14:01.345548Z,KXDOGE15M-26OCT042315-15,0.0100,0.03,no
2026-10-05T03:14:01.556577Z,KXDOGE15M-26OCT042315-15,0.0100,4.76,yes
2026-10-05T03:14:01.767846Z,KXDOGE15M-26OCT042315-15,0.0090,0.03,no
2026-10-05T03:14:01.767846Z,KXDOGE15M-26OCT042315-15,0.0090,137.99,no
2026-10-05T03:14:01.767846Z,KXDOGE15M-26OCT042315-15,0.0090,1.00,no
2026-10-05T03:14:01.767846Z,KXDOGE15M-26OCT042315-15,0.0090,5.00,no
2026-10-05T03:14:01.795622Z,KXDOGE15M-26OCT042315-15,0.0100,69.05,yes
2026-10-05T03:14:01.795622Z,KXDOGE15M-26OCT042315-15,0.0100,0.03,yes
2026-10-05T03:14:01.921782Z,KXDOGE15M-26OCT042315-15,0.0080,1.00,no
2026-10-05T03:14:01.921782Z,KXDOGE15M-26OCT042315-15,0.0080,3.61,no
2026-10-05T03:14:02.624542Z,KXDOGE15M-26OCT042315-15,0.0090,0.03,yes
2026-10-05T03:14:02.624542Z,KXDOGE15M-26OCT042315-15,0.0090,1.00,yes
2026-10-05T03:14:02.624542Z,KXDOGE15M-26OCT042315-15,0.0100,5.33,yes
2026-10-05T03:14:02.624542Z,KXDOGE15M-26OCT042315-15,0.0100,0.03,yes
2026-10-05T03:14:02.624542Z,KXDOGE15M-26OCT042315-15,0.0100,5.00,yes
2026-10-05T03:14:02.624542Z,KXDOGE15M-26OCT042315-15,0.0090,3.61,yes
2026-10-05T03:14:02.658604Z,KXDOGE15M-26OCT042315-15,0.0100,17.55,yes
2026-10-05T03:14:02.93254Z,KXDOGE15M-26OCT042315-15,0.0100,3.00,yes
2026-10-05T03:14:03.028582Z,KXDOGE15M-26OCT042315-15,0.0100,2.00,yes
2026-10-05T03:14:03.036981Z,KXDOGE15M-26OCT042315-15,0.0100,2.00,yes
2026-10-05T03:14:03.086113Z,KXDOGE15M-26OCT042315-15,0.0100,0.12,yes
2026-10-05T03:14:03.086113Z,KXDOGE15M-26OCT042315-15,0.0100,0.03,yes
2026-10-05T03:14:03.086113Z,KXDOGE15M-26OCT042315-15,0.0100,5.00,yes
2026-10-05T03:14:03.118378Z,KXDOGE15M-26OCT042315-15,0.0120,3.00,yes
2026-10-05T03:14:03.163797Z,KXDOGE15M-26OCT042315-15,0.0150,0.03,yes
2026-10-05T03:14:03.163797Z,KXDOGE15M-26OCT042315-15,0.0140,0.03,yes
2026-10-05T03:14:03.163797Z,KXDOGE15M-26OCT042315-15,0.0120,0.03,yes
2026-10-05T03:14:03.163797Z,KXDOGE15M-26OCT042315-15,0.0180,4.91,yes
2026-10-05T03:14:03.225039Z,KXDOGE15M-26OCT042315-15,0.0170,0.01,yes
2026-10-05T03:14:03.225039Z,KXDOGE15M-26OCT042315-15,0.0190,15.02,yes
2026-10-05T03:14:03.225039Z,KXDOGE15M-26OCT042315-15,0.0180,0.03,yes
2026-10-05T03:14:03.225039Z,KXDOGE15M-26OCT042315-15,0.0180,25.94,yes
2026-10-05T03:14:03.452161Z,KXDOGE15M-26OCT042315-15,0.0190,33.00,yes
2026-10-05T03:14:03.970937Z,KXDOGE15M-26OCT042315-15,0.0330,136.09,yes
2026-10-05T03:14:03.970937Z,KXDOGE15M-26OCT042315-15,0.0230,0.03,yes
2026-10-05T03:14:03.970937Z,KXDOGE15M-26OCT042315-15,0.0230,33.00,yes
2026-10-05T03:14:03.970937Z,KXDOGE15M-26OCT042315-15,0.0200,5.00,yes
2026-10-05T03:14:03.970937Z,KXDOGE15M-26OCT042315-15,0.0190,97.00,yes
2026-10-05T03:14:03.970937Z,KXDOGE15M-26OCT042315-15,0.0200,0.03,yes
2026-10-05T03:14:03.970937Z,KXDOGE15M-26OCT042315-15,0.0190,1.00,yes
2026-10-05T03:14:03.970937Z,KXDOGE15M-26OCT042315-15,0.0190,14.98,yes
2026-10-05T03:14:03.970937Z,KXDOGE15M-26OCT042315-15,0.0320,34.00,yes
2026-10-05T03:14:04.430866Z,KXDOGE15M-26OCT042315-15,0.0190,25.00,no
2026-10-05T03:14:04.763109Z,KXDOGE15M-26OCT042315-15,0.0310,0.03,yes
2026-10-05T03:14:04.763109Z,KXDOGE15M-26OCT042315-15,0.0230,5.00,yes
2026-10-05T03:14:04.763109Z,KXDOGE15M-26OCT042315-15,0.0640,1.00,yes
2026-10-05T03:14:04.763109Z,KXDOGE15M-26OCT042315-15,0.0310,2.00,yes
2026-10-05T03:14:04.763109Z,KXDOGE15M-26OCT042315-15,0.0290,32.00,yes
2026-10-05T03:14:04.763109Z,KXDOGE15M-26OCT042315-15,0.0340,5.00,yes
2026-10-05T03:14:04.763109Z,KXDOGE15M-26OCT042315-15,0.0500,39.00,yes
2026-10-05T03:14:04.763109Z,KXDOGE15M-26OCT042315-15,0.0300,20.00,yes
2026-10-05T03:14:04.763109Z,KXDOGE15M-26OCT042315-15,0.0230,5.00,yes
2026-10-05T03:14:04.763109Z,KXDOGE15M-26OCT042315-15,0.0230,132.00,yes
2026-10-05T03:14:04.763109Z,KXDOGE15M-26OCT042315-15,0.0610,4.00,yes
2026-10-05T03:14:04.763109Z,KXDOGE15M-26OCT042315-15,0.0360,1.00,yes
2026-10-05T03:14:04.763109Z,KXDOGE15M-26OCT042315-15,0.0240,5.00,yes
2026-10-05T03:14:04.763109Z,KXDOGE15M-26OCT042315-15,0.0400,100.00,yes
2026-10-05T03:14:04.763109Z,KXDOGE15M-26OCT042315-15,0.0550,25.00,yes
2026-10-05T03:14:04.763109Z,KXDOGE15M-26OCT042315-15,0.0600,400.00,yes
2026-10-05T03:14:04.763109Z,KXDOGE15M-26OCT042315-15,0.0500,210.00,yes
2026-10-05T03:14:04.763109Z,KXDOGE15M-26OCT042315-15,0.0600,80.00,yes
2026-10-05T03:14:04.763109Z,KXDOGE15M-26OCT042315-15,0.0390,8.00,yes
2026-10-05T03:14:04.763109Z,KXDOGE15M-26OCT042315-15,0.0330,79.35,yes
2026-10-05T03:14:04.763109Z,KXDOGE15M-26OCT042315-15,0.0330,0.03,yes
2026-10-05T03:14:04.763109Z,KXDOGE15M-26OCT042315-15,0.0500,0.03,yes
2026-10-05T03:14:04.763109Z,KXDOGE15M-26OCT042315-15,0.0500,1.00,yes
2026-10-05T03:14:04.763109Z,KXDOGE15M-26OCT042315-15,0.0530,0.03,yes
2026-10-05T03:14:04.764167Z,KXDOGE15M-26OCT042315-15,0.0870,10.00,yes
2026-10-05T03:14:04.764167Z,KXDOGE15M-26OCT042315-15,0.1100,3.00,yes
2026-10-05T03:14:04.764167Z,KXDOGE15M-26OCT042315-15,0.1600,0.01,yes
2026-10-05T03:14:04.764167Z,KXDOGE15M-26OCT042315-15,0.0760,25.00,yes
2026-10-05T03:14:04.764167Z,KXDOGE15M-26OCT042315-15,0.0970,25.00,yes
2026-10-05T03:14:04.764167Z,KXDOGE15M-26OCT042315-15,0.1200,25.00,yes
2026-10-05T03:14:04.764167Z,KXDOGE15M-26OCT042315-15,0.0900,57.75,yes
2026-10-05T03:14:04.764167Z,KXDOGE15M-26OCT042315-15,0.1500,25.00,yes
2026-10-05T03:14:04.764167Z,KXDOGE15M-26OCT042315-15,0.1200,0.03,yes
2026-10-05T03:14:04.768951Z,KXDOGE15M-26OCT042315-15,0.1800,25.00,yes
2026-10-05T03:14:04.770638Z,KXDOGE15M-26OCT042315-15,0.2200,0.50,yes
2026-10-05T03:14:04.770638Z,KXDOGE15M-26OCT042315-15,0.2400,25.00,yes
2026-10-05T03:14:04.770638Z,KXDOGE15M-26OCT042315-15,0.2100,25.00,yes
2026-10-05T03:14:04.770638Z,KXDOGE15M-26OCT042315-15,0.2600,25.00,yes
2026-10-05T03:14:04.770638Z,KXDOGE15M-26OCT042315-15,0.2900,25.00,yes
2026-10-05T03:14:04.770638Z,KXDOGE15M-26OCT042315-15,0.3200,25.00,yes
2026-10-05T03:14:04.770638Z,KXDOGE15M-26OCT042315-15,0.2500,3.00,yes
2026-10-05T03:14:04.770638Z,KXDOGE15M-26OCT042315-15,0.2400,3.00,yes
2026-10-05T03:14:04.770638Z,KXDOGE15M-26OCT042315-15,0.2400,25.00,yes
2026-10-05T03:14:04.770638Z,KXDOGE15M-26OCT042315-15,0.2300,1.00,yes
2026-10-05T03:14:04.777038Z,KXDOGE15M-26OCT042315-15,0.3500,25.00,yes
2026-10-05T03:14:04.77804Z,KXDOGE15M-26OCT042315-15,0.4000,221.14,yes
2026-10-05T03:14:04.77804Z,KXDOGE15M-26OCT042315-15,0.3800,25.00,yes
2026-10-05T03:14:04.781975Z,KXDOGE15M-26OCT042315-15,0.4000,78.86,yes
2026-10-05T03:14:04.781975Z,KXDOGE15M-26OCT042315-15,0.4200,1.00,yes
2026-10-05T03:14:04.781975Z,KXDOGE15M-26OCT042315-15,0.4100,25.00,yes
2026-10-05T03:14:04.782586Z,KXDOGE15M-26OCT042315-15,0.4500,25.00,yes
2026-10-05T03:14:04.782586Z,KXDOGE15M-26OCT042315-15,0.4900,25.00,yes
2026-10-05T03:14:04.782586Z,KXDOGE15M-26OCT042315-15,0.4700,25.00,yes
2026-10-05T03:14:04.782586Z,KXDOGE15M-26OCT042315-15,0.5200,25.00,yes
2026-10-05T03:14:04.784903Z,KXDOGE15M-26OCT042315-15,0.3700,25.00,yes
2026-10-05T03:14:04.786166Z,KXDOGE15M-26OCT042315-15,0.6100,25.00,yes
2026-10-05T03:14:04.786166Z,KXDOGE15M-26OCT042315-15,0.5800,25.00,yes
2026-10-05T03:14:04.786166Z,KXDOGE15M-26OCT042315-15,0.5500,25.00,yes
2026-10-05T03:14:04.786166Z,KXDOGE15M-26OCT042315-15,0.3900,24.00,yes
2026-10-05T03:14:04.796921Z,KXDOGE15M-26OCT042315-15,0.7100,1.00,yes
2026-10-05T03:14:04.796921Z,KXDOGE15M-26OCT042315-15,0.6900,1.00,yes
2026-10-05T03:14:04.796921Z,KXDOGE15M-26OCT042315-15,0.7000,1.00,yes
2026-10-05T03:14:04.813484Z,KXDOGE15M-26OCT042315-15,0.7500,0.81,yes
2026-10-05T03:14:04.813484Z,KXDOGE15M-26OCT042315-15,0.7200,3.91,yes
2026-10-05T03:14:04.813484Z,KXDOGE15M-26OCT042315-15,0.7500,100.00,yes
2026-10-05T03:14:04.813484Z,KXDOGE15M-26OCT042315-15,0.7600,200.00,yes
2026-10-05T03:14:04.813484Z,KXDOGE15M-26OCT042315-15,0.7400,1.00,yes
2026-10-05T03:14:04.813484Z,KXDOGE15M-26OCT042315-15,0.7300,1.00,yes
2026-10-05T03:14:04.813484Z,KXDOGE15M-26OCT042315-15,0.7500,1.00,yes
2026-10-05T03:14:04.813484Z,KXDOGE15M-26OCT042315-15,0.7600,1.00,yes
2026-10-05T03:14:04.813484Z,KXDOGE15M-26OCT042315-15,0.7200,1.00,yes
2026-10-05T03:14:04.813484Z,KXDOGE15M-26OCT042315-15,0.7600,100.00,yes
2026-10-05T03:14:04.813484Z,KXDOGE15M-26OCT042315-15,0.7500,11.18,yes
2026-10-05T03:14:04.858002Z,KXDOGE15M-26OCT042315-15,0.6800,1.00,yes
2026-10-05T03:14:04.858002Z,KXDOGE15M-26OCT042315-15,0.7300,499.00,yes
2026-10-05T03:14:04.866588Z,KXDOGE15M-26OCT042315-15,0.7500,200.00,yes
2026-10-05T03:14:04.866588Z,KXDOGE15M-26OCT042315-15,0.7300,101.00,yes
2026-10-05T03:14:04.964065Z,KXDOGE15M-26OCT042315-15,0.6600,5.00,no
2026-10-05T03:14:04.964065Z,KXDOGE15M-26OCT042315-15,0.6500,73.75,no
2026-10-05T03:14:05.047721Z,KXDOGE15M-26OCT042315-15,0.6400,26.00,no
2026-10-05T03:14:05.047721Z,KXDOGE15M-26OCT042315-15,0.6400,34.00,no
2026-10-05T03:14:05.047721Z,KXDOGE15M-26OCT042315-15,0.6300,0.03,no
2026-10-05T03:14:05.047721Z,KXDOGE15M-26OCT042315-15,0.6400,0.03,no
2026-10-05T03:14:05.047721Z,KXDOGE15M-26OCT042315-15,0.6100,0.03,no
2026-10-05T03:14:05.047721Z,KXDOGE15M-26OCT042315-15,0.6700,5.00,no
2026-10-05T03:14:05.047721Z,KXDOGE15M-26OCT042315-15,0.5900,0.03,no
2026-10-05T03:14:05.047721Z,KXDOGE15M-26OCT042315-15,0.5900,200.00,no
2026-10-05T03:14:05.05404Z,KXDOGE15M-26OCT042315-15,0.6700,53.00,no
2026-10-05T03:14:05.119397Z,KXDOGE15M-26OCT042315-15,0.6400,8.00,no
2026-10-05T03:14:05.119397Z,KXDOGE15M-26OCT042315-15,0.6500,5.00,no
2026-10-05T03:14:05.119397Z,KXDOGE15M-26OCT042315-15,0.6400,0.23,no
2026-10-05T03:14:05.138157Z,KXDOGE15M-26OCT042315-15,0.6600,1.40,yes
2026-10-05T03:14:05.231605Z,KXDOGE15M-26OCT042315-15,0.6600,5.00,yes
2026-10-05T03:14:05.231605Z,KXDOGE15M-26OCT042315-15,0.6600,5.00,yes
2026-10-05T03:14:05.231605Z,KXDOGE15M-26OCT042315-15,0.6700,13.00,yes
2026-10-05T03:14:05.231605Z,KXDOGE15M-26OCT042315-15,0.6600,3.60,yes
2026-10-05T03:14:05.231605Z,KXDOGE15M-26OCT042315-15,0.7000,200.00,yes
2026-10-05T03:14:05.231605Z,KXDOGE15M-26OCT042315-15,0.7000,0.03,yes
2026-10-05T03:14:05.231605Z,KXDOGE15M-26OCT042315-15,0.7400,1.00,yes
2026-10-05T03:14:05.231605Z,KXDOGE15M-26OCT042315-15,0.6900,25.00,yes
2026-10-05T03:14:05.231605Z,KXDOGE15M-26OCT042315-15,0.7200,200.00,yes
2026-10-05T03:14:05.231605Z,KXDOGE15M-26OCT042315-15,0.6900,0.03,yes
2026-10-05T03:14:05.231605Z,KXDOGE15M-26OCT042315-15,0.6600,0.03,yes
2026-10-05T03:14:05.231605Z,KXDOGE15M-26OCT042315-15,0.7400,200.00,yes
2026-10-05T03:14:05.231605Z,KXDOGE15M-26OCT042315-15,0.7600,200.00,yes
2026-10-05T03:14:05.231605Z,KXDOGE15M-26OCT042315-15,0.7200,0.03,yes
2026-10-05T03:14:05.231605Z,KXDOGE15M-26OCT042315-15,0.7700,0.03,yes
2026-10-05T03:14:05.231605Z,KXDOGE15M-26OCT042315-15,0.7800,200.00,yes
2026-10-05T03:14:05.231605Z,KXDOGE15M-26OCT042315-15,0.8000,1.00,yes
2026-10-05T03:14:05.231605Z,KXDOGE15M-26OCT042315-15,0.7900,1.00,yes
2026-10-05T03:14:05.231605Z,KXDOGE15M-26OCT042315-15,0.8000,145.25,yes
2026-10-05T03:14:05.248536Z,KXDOGE15M-26OCT042315-15,0.7200,200.00,yes
2026-10-05T03:14:05.248536Z,KXDOGE15M-26OCT042315-15,0.7400,31.00,yes
2026-10-05T03:14:05.248536Z,KXDOGE15M-26OCT042315-15,0.7300,26.00,yes
2026-10-05T03:14:05.311445Z,KXDOGE15M-26OCT042315-15,0.7200,0.03,yes
2026-10-05T03:14:05.311445Z,KXDOGE15M-26OCT042315-15,0.7300,0.03,yes
2026-10-05T03:14:05.311445Z,KXDOGE15M-26OCT042315-15,0.7400,4.94,yes
2026-10-05T03:14:05.36221Z,KXDOGE15M-26OCT042315-15,0.7300,1.00,yes
2026-10-05T03:14:05.36221Z,KXDOGE15M-26OCT042315-15,0.7300,5.00,yes
2026-10-05T03:14:05.445412Z,KXDOGE15M-26OCT042315-15,0.7400,0.03,yes
2026-10-05T03:14:05.445412Z,KXDOGE15M-26OCT042315-15,0.7600,102.97,yes
2026-10-05T03:14:05.450567Z,KXDOGE15M-26OCT042315-15,0.7600,10.00,yes
2026-10-05T03:14:05.464129Z,KXDOGE15M-26OCT042315-15,0.6900,3.54,no
2026-10-05T03:14:05.555621Z,KXDOGE15M-26OCT042315-15,0.7100,0.01,no
2026-10-05T03:14:05.658742Z,KXDOGE15M-26OCT042315-15,0.7600,33.19,yes
2026-10-05T03:14:05.964266Z,KXDOGE15M-26OCT042315-15,0.7500,5.45,no
2026-10-05T03:14:05.96487Z,KXDOGE15M-26OCT042315-15,0.7500,2.73,no
2026-10-05T03:14:05.990036Z,KXDOGE15M-26OCT042315-15,0.7600,0.03,yes
2026-10-05T03:14:05.990036Z,KXDOGE15M-26OCT042315-15,0.7600,74.97,yes
2026-10-05T03:14:06.060635Z,KXDOGE15M-26OCT042315-15,0.7600,13.00,yes
2026-10-05T03:14:06.065088Z,KXDOGE15M-26OCT042315-15,0.7600,2.02,yes
2026-10-05T03:14:06.068812Z,KXDOGE15M-26OCT042315-15,0.7600,46.55,yes
2026-10-05T03:14:06.078485Z,KXDOGE15M-26OCT042315-15,0.7600,24.00,yes
2026-10-05T03:14:06.078485Z,KXDOGE15M-26OCT042315-15,0.7800,0.03,yes
2026-10-05T03:14:06.078485Z,KXDOGE15M-26OCT042315-15,0.7600,0.46,yes
2026-10-05T03:14:06.078485Z,KXDOGE15M-26OCT042315-15,0.7800,10.00,yes
2026-10-05T03:14:06.078485Z,KXDOGE15M-26OCT042315-15,0.7900,0.03,yes
2026-10-05T03:14:06.078485Z,KXDOGE15M-26OCT042315-15,0.7900,25.00,yes
2026-10-05T03:14:06.078485Z,KXDOGE15M-26OCT042315-15,0.7900,29.00,yes
2026-10-05T03:14:06.078485Z,KXDOGE15M-26OCT042315-15,0.8000,5.48,yes
2026-10-05T03:14:06.190936Z,KXDOGE15M-26OCT042315-15,0.8000,3.97,yes
2026-10-05T03:14:06.190936Z,KXDOGE15M-26OCT042315-15,0.8000,0.03,yes
2026-10-05T03:14:06.190936Z,KXDOGE15M-26OCT042315-15,0.8000,1.00,yes
2026-10-05T03:14:06.215991Z,KXDOGE15M-26OCT042315-15,0.7900,0.01,no
2026-10-05T03:14:06.300512Z,KXDOGE15M-26OCT042315-15,0.8100,1.00,yes
2026-10-05T03:14:06.392319Z,KXDOGE15M-26OCT042315-15,0.8000,9.64,no
2026-10-05T03:14:06.392319Z,KXDOGE15M-26OCT042315-15,0.8000,5.00,no
2026-10-05T03:14:06.471314Z,KXDOGE15M-26OCT042315-15,0.8100,2.73,yes
2026-10-05T03:14:06.471314Z,KXDOGE15M-26OCT042315-15,0.8500,1.95,yes
2026-10-05T03:14:06.471314Z,KXDOGE15M-26OCT042315-15,0.8400,1.00,yes
2026-10-05T03:14:06.471314Z,KXDOGE15M-26OCT042315-15,0.8500,0.03,yes
2026-10-05T03:14:06.471314Z,KXDOGE15M-26OCT042315-15,0.8200,0.03,yes
2026-10-05T03:14:06.471314Z,KXDOGE15M-26OCT042315-15,0.8200,10.00,yes
2026-10-05T03:14:06.471314Z,KXDOGE15M-26OCT042315-15,0.8400,0.03,yes
2026-10-05T03:14:06.471314Z,KXDOGE15M-26OCT042315-15,0.8100,23.00,yes
2026-10-05T03:14:06.471314Z,KXDOGE15M-26OCT042315-15,0.8100,0.03,yes
2026-10-05T03:14:06.471314Z,KXDOGE15M-26OCT042315-15,0.8500,1.00,yes
2026-10-05T03:14:06.471314Z,KXDOGE15M-26OCT042315-15,0.8600,142.18,yes
2026-10-05T03:14:06.471314Z,KXDOGE15M-26OCT042315-15,0.8400,200.00,yes
2026-10-05T03:14:06.471314Z,KXDOGE15M-26OCT042315-15,0.8500,5.00,yes
2026-10-05T03:14:06.471314Z,KXDOGE15M-26OCT042315-15,0.8100,6.02,yes
2026-10-05T03:14:06.479371Z,KXDOGE15M-26OCT042315-15,0.8300,0.03,yes
2026-10-05T03:14:06.479371Z,KXDOGE15M-26OCT042315-15,0.8300,24.00,yes
2026-10-05T03:14:06.479371Z,KXDOGE15M-26OCT042315-15,0.8600,18.97,yes
2026-10-05T03:14:06.562541Z,KXDOGE15M-26OCT042315-15,0.8600,0.03,yes
2026-10-05T03:14:06.562541Z,KXDOGE15M-26OCT042315-15,0.8700,22.00,yes
2026-10-05T03:14:06.562541Z,KXDOGE15M-26OCT042315-15,0.8600,1.00,yes
2026-10-05T03:14:06.562541Z,KXDOGE15M-26OCT042315-15,0.8700,1.00,yes
2026-10-05T03:14:06.562541Z,KXDOGE15M-26OCT042315-15,0.8600,38.85,yes
2026-10-05T03:14:06.562541Z,KXDOGE15M-26OCT042315-15,0.8800,39.66,yes
2026-10-05T03:14:06.562541Z,KXDOGE15M-26OCT042315-15,0.8700,3.46,yes
2026-10-05T03:14:06.623268Z,KXDOGE15M-26OCT042315-15,0.8400,0.01,no
2026-10-05T03:14:06.821028Z,KXDOGE15M-26OCT042315-15,0.8600,24.00,yes
2026-10-05T03:14:06.978291Z,KXDOGE15M-26OCT042315-15,0.8500,0.01,no
2026-10-05T03:14:07.071395Z,KXDOGE15M-26OCT042315-15,0.8600,20.00,yes
2026-10-05T03:14:07.079877Z,KXDOGE15M-26OCT042315-15,0.8600,1.00,yes
2026-10-05T03:14:07.146132Z,KXDOGE15M-26OCT042315-15,0.8600,0.57,yes
2026-10-05T03:14:07.150838Z,KXDOGE15M-26OCT042315-15,0.8500,30.60,no
2026-10-05T03:14:07.172961Z,KXDOGE15M-26OCT042315-15,0.8600,75.00,yes
2026-10-05T03:14:07.33162Z,KXDOGE15M-26OCT042315-15,0.8500,0.01,no
2026-10-05T03:14:07.334495Z,KXDOGE15M-26OCT042315-15,0.8600,1.00,yes
2026-10-05T03:14:07.338001Z,KXDOGE15M-26OCT042315-15,0.8600,50.00,yes
2026-10-05T03:14:07.388527Z,KXDOGE15M-26OCT042315-15,0.8500,6.53,no
2026-10-05T03:14:07.388527Z,KXDOGE15M-26OCT042315-15,0.8300,5.00,no
2026-10-05T03:14:07.388527Z,KXDOGE15M-26OCT042315-15,0.8500,5.00,no
2026-10-05T03:14:07.388527Z,KXDOGE15M-26OCT042315-15,0.8500,30.02,no
2026-10-05T03:14:07.388527Z,KXDOGE15M-26OCT042315-15,0.8500,19.36,no
2026-10-05T03:14:07.388527Z,KXDOGE15M-26OCT042315-15,0.8300,0.43,no
2026-10-05T03:14:07.388527Z,KXDOGE15M-26OCT042315-15,0.8500,20.01,no
2026-10-05T03:14:07.419452Z,KXDOGE15M-26OCT042315-15,0.8000,3.45,no
2026-10-05T03:14:07.419452Z,KXDOGE15M-26OCT042315-15,0.8400,5.00,no
2026-10-05T03:14:07.419452Z,KXDOGE15M-26OCT042315-15,0.8300,1.57,no
2026-10-05T03:14:07.566597Z,KXDOGE15M-26OCT042315-15,0.8700,0.03,yes
2026-10-05T03:14:07.566597Z,KXDOGE15M-26OCT042315-15,0.8700,26.97,yes
2026-10-05T03:14:07.566597Z,KXDOGE15M-26OCT042315-15,0.8700,22.00,yes
2026-10-05T03:14:07.779834Z,KXDOGE15M-26OCT042315-15,0.8500,2.62,no
2026-10-05T03:14:07.779834Z,KXDOGE15M-26OCT042315-15,0.8600,0.38,no
2026-10-05T03:14:07.779834Z,KXDOGE15M-26OCT042315-15,0.8600,5.00,no
2026-10-05T03:14:07.786724Z,KXDOGE15M-26OCT042315-15,0.8500,3.00,no
2026-10-05T03:14:07.786724Z,KXDOGE15M-26OCT042315-15,0.8600,5.00,no
2026-10-05T03:14:07.822091Z,KXDOGE15M-26OCT042315-15,0.8700,0.03,yes
2026-10-05T03:14:07.822091Z,KXDOGE15M-26OCT042315-15,0.8800,56.97,yes
2026-10-05T03:14:07.930836Z,KXDOGE15M-26OCT042315-15,0.8600,2.00,no
2026-10-05T03:14:08.051089Z,KXDOGE15M-26OCT042315-15,0.8800,11.00,yes
2026-10-05T03:14:08.22648Z,KXDOGE15M-26OCT042315-15,0.8900,1.00,yes
2026-10-05T03:14:08.22648Z,KXDOGE15M-26OCT042315-15,0.8900,12.57,yes
2026-10-05T03:14:08.22648Z,KXDOGE15M-26OCT042315-15,0.8900,0.03,yes
2026-10-05T03:14:08.22648Z,KXDOGE15M-26OCT042315-15,0.8800,0.03,yes
2026-10-05T03:14:08.22648Z,KXDOGE15M-26OCT042315-15,0.8800,1.00,yes
2026-10-05T03:14:08.22648Z,KXDOGE15M-26OCT042315-15,0.8900,1.00,yes
2026-10-05T03:14:08.22648Z,KXDOGE15M-26OCT042315-15,0.8800,92.37,yes
2026-10-05T03:14:08.304337Z,KXDOGE15M-26OCT042315-15,0.9000,20.00,yes
2026-10-05T03:14:08.304337Z,KXDOGE15M-26OCT042315-15,0.9000,11.00,yes
2026-10-05T03:14:08.646251Z,KXDOGE15M-26OCT042315-15,0.9000,4.93,yes
2026-10-05T03:14:08.652452Z,KXDOGE15M-26OCT042315-15,0.8900,0.62,no
2026-10-05T03:14:08.652452Z,KXDOGE15M-26OCT042315-15,0.8900,0.97,no
2026-10-05T03:14:08.652452Z,KXDOGE15M-26OCT042315-15,0.8500,0.03,no
2026-10-05T03:14:08.652452Z,KXDOGE15M-26OCT042315-15,0.8900,0.03,no
2026-10-05T03:14:08.652452Z,KXDOGE15M-26OCT042315-15,0.8200,26.00,no
2026-10-05T03:14:08.652452Z,KXDOGE15M-26OCT042315-15,0.8900,5.00,no
2026-10-05T03:14:08.652452Z,KXDOGE15M-26OCT042315-15,0.8200,0.49,no
2026-10-05T03:14:08.749198Z,KXDOGE15M-26OCT042315-15,0.8200,26.00,no
2026-10-05T03:14:08.749198Z,KXDOGE15M-26OCT042315-15,0.8100,161.49,no
2026-10-05T03:14:08.749198Z,KXDOGE15M-26OCT042315-15,0.8800,15.00,no
2026-10-05T03:14:08.749198Z,KXDOGE15M-26OCT042315-15,0.8600,30.00,no
2026-10-05T03:14:08.749198Z,KXDOGE15M-26OCT042315-15,0.8900,5.00,no
2026-10-05T03:14:08.749198Z,KXDOGE15M-26OCT042315-15,0.8200,7.51,no
2026-10-05T03:14:08.838445Z,KXDOGE15M-26OCT042315-15,0.9000,1.00,yes
2026-10-05T03:14:08.838445Z,KXDOGE15M-26OCT042315-15,0.9000,184.07,yes
2026-10-05T03:14:08.838445Z,KXDOGE15M-26OCT042315-15,0.9000,15.93,yes
2026-10-05T03:14:08.861257Z,KXDOGE15M-26OCT042315-15,0.9000,1.31,yes
2026-10-05T03:14:08.889819Z,KXDOGE15M-26OCT042315-15,0.9000,0.10,yes
2026-10-05T03:14:09.028721Z,KXDOGE15M-26OCT042315-15,0.9000,1.71,yes
2026-10-05T03:14:09.052292Z,KXDOGE15M-26OCT042315-15,0.9000,11.00,yes
2026-10-05T03:14:09.108721Z,KXDOGE15M-26OCT042315-15,0.9000,1.00,yes
2026-10-05T03:14:09.185416Z,KXDOGE15M-26OCT042315-15,0.9000,1.00,yes
2026-10-05T03:14:09.223189Z,KXDOGE15M-26OCT042315-15,0.9000,1.26,yes
2026-10-05T03:14:09.234139Z,KXDOGE15M-26OCT042315-15,0.8900,0.03,no
2026-10-05T03:14:09.234139Z,KXDOGE15M-26OCT042315-15,0.8700,0.60,no
2026-10-05T03:14:09.234139Z,KXDOGE15M-26OCT042315-15,0.8700,0.03,no
2026-10-05T03:14:09.234139Z,KXDOGE15M-26OCT042315-15,0.8900,5.00,no
2026-10-05T03:14:09.234139Z,KXDOGE15M-26OCT042315-15,0.8800,4.00,no
2026-10-05T03:14:09.282979Z,KXDOGE15M-26OCT042315-15,0.9000,11.38,yes
2026-10-05T03:14:09.519127Z,KXDOGE15M-26OCT042315-15,0.9000,1.26,yes
2026-10-05T03:14:09.553822Z,KXDOGE15M-26OCT042315-15,0.8700,9.99,no
2026-10-05T03:14:09.553822Z,KXDOGE15M-26OCT042315-15,0.8800,5.00,no
2026-10-05T03:14:09.553822Z,KXDOGE15M-26OCT042315-15,0.8900,0.01,no
2026-10-05T03:14:09.831383Z,KXDOGE15M-26OCT042315-15,0.8900,5.00,no
2026-10-05T03:14:10.176176Z,KXDOGE15M-26OCT042315-15,0.8900,1.00,no
2026-10-05T03:14:10.176176Z,KXDOGE15M-26OCT042315-15,0.8900,1.00,no
2026-10-05T03:14:10.321025Z,KXDOGE15M-26OCT042315-15,0.9000,2.00,yes
2026-10-05T03:14:10.321025Z,KXDOGE15M-26OCT042315-15,0.9000,14.00,yes
2026-10-05T03:14:10.321025Z,KXDOGE15M-26OCT042315-15,0.9000,6.00,yes
2026-10-05T03:14:10.321025Z,KXDOGE15M-26OCT042315-15,0.9000,0.03,yes
2026-10-05T03:14:10.321025Z,KXDOGE15M-26OCT042315-15,0.9000,13.64,yes
2026-10-05T03:14:10.321025Z,KXDOGE15M-26OCT042315-15,0.9000,4.05,yes
2026-10-05T03:14:10.334081Z,KXDOGE15M-26OCT042315-15,0.9000,2.00,yes
2026-10-05T03:14:10.35432Z,KXDOGE15M-26OCT042315-15,0.9000,18.00,yes
2026-10-05T03:14:10.35432Z,KXDOGE15M-26OCT042315-15,0.9000,6.36,yes
2026-10-05T03:14:10.35432Z,KXDOGE15M-26OCT042315-15,0.9000,24.00,yes
2026-10-05T03:14:10.443932Z,KXDOGE15M-26OCT042315-15,0.9010,0.03,yes
2026-10-05T03:14:10.443932Z,KXDOGE15M-26OCT042315-15,0.9020,0.03,yes
2026-10-05T03:14:10.443932Z,KXDOGE15M-26OCT042315-15,0.9030,0.03,yes
2026-10-05T03:14:10.443932Z,KXDOGE15M-26OCT042315-15,0.9040,0.03,yes
2026-10-05T03:14:10.443932Z,KXDOGE15M-26OCT042315-15,0.9010,1.00,yes
2026-10-05T03:14:10.443932Z,KXDOGE15M-26OCT042315-15,0.9030,1.00,yes
2026-10-05T03:14:10.443932Z,KXDOGE15M-26OCT042315-15,0.9020,1.00,yes
2026-10-05T03:14:10.443932Z,KXDOGE15M-26OCT042315-15,0.9050,0.88,yes
2026-10-05T03:14:10.443932Z,KXDOGE15M-26OCT042315-15,0.9040,1.00,yes
2026-10-05T03:14:10.586474Z,KXDOGE15M-26OCT042315-15,0.9050,0.03,yes
2026-10-05T03:14:10.586474Z,KXDOGE15M-26OCT042315-15,0.9080,14.00,yes
2026-10-05T03:14:10.586474Z,KXDOGE15M-26OCT042315-15,0.9060,0.03,yes
2026-10-05T03:14:10.586474Z,KXDOGE15M-26OCT042315-15,0.9090,11.82,yes
2026-10-05T03:14:10.586474Z,KXDOGE15M-26OCT042315-15,0.9060,1.00,yes
2026-10-05T03:14:10.586474Z,KXDOGE15M-26OCT042315-15,0.9070,1.00,yes
2026-10-05T03:14:10.586474Z,KXDOGE15M-26OCT042315-15,0.9050,0.12,yes
2026-10-05T03:14:10.586474Z,KXDOGE15M-26OCT042315-15,0.9090,1.00,yes
2026-10-05T03:14:10.586474Z,KXDOGE15M-26OCT042315-15,0.9080,1.00,yes
2026-10-05T03:14:10.715212Z,KXDOGE15M-26OCT042315-15,0.9080,14.00,yes
2026-10-05T03:14:10.715212Z,KXDOGE15M-26OCT042315-15,0.9070,0.03,yes
2026-10-05T03:14:10.715212Z,KXDOGE15M-26OCT042315-15,0.9080,0.03,yes
2026-10-05T03:14:10.715212Z,KXDOGE15M-26OCT042315-15,0.9090,0.03,yes
2026-10-05T03:14:10.715212Z,KXDOGE15M-26OCT042315-15,0.9090,10.18,yes
2026-10-05T03:14:10.715212Z,KXDOGE15M-26OCT042315-15,0.9100,1.00,yes
2026-10-05T03:14:10.715212Z,KXDOGE15M-26OCT042315-15,0.9100,4.73,yes
2026-10-05T03:14:10.754363Z,KXDOGE15M-26OCT042315-15,0.9010,3.07,no
2026-10-05T03:14:10.90528Z,KXDOGE15M-26OCT042315-15,0.9100,1.00,yes
2026-10-05T03:14:11.107882Z,KXDOGE15M-26OCT042315-15,0.9010,1.40,no
2026-10-05T03:14:11.157795Z,KXDOGE15M-26OCT042315-15,0.9010,5.00,no
2026-10-05T03:14:11.157795Z,KXDOGE15M-26OCT042315-15,0.9000,9.00,no
2026-10-05T03:14:11.166209Z,KXDOGE15M-26OCT042315-15,0.9000,4.00,no
2026-10-05T03:14:11.166209Z,KXDOGE15M-26OCT042315-15,0.9010,5.00,no
2026-10-05T03:14:11.272832Z,KXDOGE15M-26OCT042315-15,0.9090,1.98,yes
2026-10-05T03:14:11.272832Z,KXDOGE15M-26OCT042315-15,0.9090,0.03,yes
2026-10-05T03:14:11.29352Z,KXDOGE15M-26OCT042315-15,0.9100,27.30,yes
2026-10-05T03:14:11.530451Z,KXDOGE15M-26OCT042315-15,0.9000,13.69,no
2026-10-05T03:14:11.530451Z,KXDOGE15M-26OCT042315-15,0.9040,5.00,no
2026-10-05T03:14:11.530451Z,KXDOGE15M-26OCT042315-15,0.9030,2.37,no
2026-10-05T03:14:11.600834Z,KXDOGE15M-26OCT042315-15,0.9100,1.00,yes
2026-10-05T03:14:11.875741Z,KXDOGE15M-26OCT042315-15,0.9050,0.03,no
2026-10-05T03:14:11.875741Z,KXDOGE15M-26OCT042315-15,0.9060,5.00,no
2026-10-05T03:14:12.090233Z,KXDOGE15M-26OCT042315-15,0.9090,0.03,yes
2026-10-05T03:14:12.221534Z,KXDOGE15M-26OCT042315-15,0.9090,17.97,yes
2026-10-05T03:14:12.221534Z,KXDOGE15M-26OCT042315-15,0.9090,0.03,yes
2026-10-05T03:14:12.247861Z,KXDOGE15M-26OCT042315-15,0.9000,13.74,no
2026-10-05T03:14:12.247861Z,KXDOGE15M-26OCT042315-15,0.9040,5.00,no
2026-10-05T03:14:12.247861Z,KXDOGE15M-26OCT042315-15,0.9030,8.00,no
2026-10-05T03:14:12.247861Z,KXDOGE15M-26OCT042315-15,0.9010,0.03,no
2026-10-05T03:14:12.50838Z,KXDOGE15M-26OCT042315-15,0.9000,1.00,no
2026-10-05T03:14:12.50838Z,KXDOGE15M-26OCT042315-15,0.9010,5.00,no
2026-10-05T03:14:12.784614Z,KXDOGE15M-26OCT042315-15,0.8400,5.00,no
2026-10-05T03:14:12.784614Z,KXDOGE15M-26OCT042315-15,0.8700,0.03,no
2026-10-05T03:14:12.784614Z,KXDOGE15M-26OCT042315-15,0.8400,0.03,no
2026-10-05T03:14:12.784614Z,KXDOGE15M-26OCT042315-15,0.9000,0.26,no
2026-10-05T03:14:12.784614Z,KXDOGE15M-26OCT042315-15,0.9000,0.75,no
2026-10-05T03:14:12.784614Z,KXDOGE15M-26OCT042315-15,0.9000,0.21,no
2026-10-05T03:14:12.784614Z,KXDOGE15M-26OCT042315-15,0.8800,6.00,no
2026-10-05T03:14:12.784614Z,KXDOGE15M-26OCT042315-15,0.9000,0.17,no
2026-10-05T03:14:12.784614Z,KXDOGE15M-26OCT042315-15,0.8800,0.03,no
2026-10-05T03:14:12.784614Z,KXDOGE15M-26OCT042315-15,0.8700,1.00,no
2026-10-05T03:14:12.784614Z,KXDOGE15M-26OCT042315-15,0.9000,0.10,no
2026-10-05T03:14:12.784614Z,KXDOGE15M-26OCT042315-15,0.8400,12.74,no
2026-10-05T03:14:12.784614Z,KXDOGE15M-26OCT042315-15,0.9000,0.03,no
2026-10-05T03:14:12.784614Z,KXDOGE15M-26OCT042315-15,0.8900,0.03,no
2026-10-05T03:14:12.784614Z,KXDOGE15M-26OCT042315-15,0.8900,5.00,no
2026-10-05T03:14:12.784614Z,KXDOGE15M-26OCT042315-15,0.9020,0.03,no
2026-10-05T03:14:12.784614Z,KXDOGE15M-26OCT042315-15,0.8900,12.00,no
2026-10-05T03:14:12.784614Z,KXDOGE15M-26OCT042315-15,0.9030,5.00,no
2026-10-05T03:14:13.029359Z,KXDOGE15M-26OCT042315-15,0.9010,9.00,yes
2026-10-05T03:14:13.072107Z,KXDOGE15M-26OCT042315-15,0.9010,0.85,yes
2026-10-05T03:14:13.221992Z,KXDOGE15M-26OCT042315-15,0.9010,0.03,yes
2026-10-05T03:14:13.221992Z,KXDOGE15M-26OCT042315-15,0.9080,6.97,yes
2026-10-05T03:14:13.496407Z,KXDOGE15M-26OCT042315-15,0.9010,3.00,yes
2026-10-05T03:14:13.813239Z,KXDOGE15M-26OCT042315-15,0.9010,6.00,yes
2026-10-05T03:14:13.885796Z,KXDOGE15M-26OCT042315-15,0.8700,3.45,no
2026-10-05T03:14:13.885796Z,KXDOGE15M-26OCT042315-15,0.8900,0.03,no
2026-10-05T03:14:13.885796Z,KXDOGE15M-26OCT042315-15,0.9000,0.03,no
2026-10-05T03:14:13.885796Z,KXDOGE15M-26OCT042315-15,0.8900,12.00,no
2026-10-05T03:14:13.885796Z,KXDOGE15M-26OCT042315-15,0.9000,5.00,no
2026-10-05T03:14:14.016596Z,KXDOGE15M-26OCT042315-15,0.9010,5.51,yes
2026-10-05T03:14:14.033706Z,KXDOGE15M-26OCT042315-15,0.9010,7.00,yes
2026-10-05T03:14:14.10657Z,KXDOGE15M-26OCT042315-15,0.8900,5.00,no
2026-10-05T03:14:14.10657Z,KXDOGE15M-26OCT042315-15,0.8800,0.14,no
2026-10-05T03:14:14.10657Z,KXDOGE15M-26OCT042315-15,0.8900,0.03,no
2026-10-05T03:14:14.108732Z,KXDOGE15M-26OCT042315-15,0.9010,0.49,yes
2026-10-05T03:14:14.108732Z,KXDOGE15M-26OCT042315-15,0.9010,0.03,yes
2026-10-05T03:14:14.225494Z,KXDOGE15M-26OCT042315-15,0.9100,5.00,yes
2026-10-05T03:14:14.333368Z,KXDOGE15M-26OCT042315-15,0.9100,0.03,yes
2026-10-05T03:14:14.333368Z,KXDOGE15M-26OCT042315-15,0.9100,25.00,yes
2026-10-05T03:14:14.360496Z,KXDOGE15M-26OCT042315-15,0.8800,0.03,no
2026-10-05T03:14:14.360496Z,KXDOGE15M-26OCT042315-15,0.9020,5.00,no
2026-10-05T03:14:14.360496Z,KXDOGE15M-26OCT042315-15,0.9010,0.03,no
2026-10-05T03:14:14.360496Z,KXDOGE15M-26OCT042315-15,0.9000,0.03,no
2026-10-05T03:14:14.360496Z,KXDOGE15M-26OCT042315-15,0.9030,36.00,no
2026-10-05T03:14:14.360496Z,KXDOGE15M-26OCT042315-15,0.8800,16.71,no
2026-10-05T03:14:14.421859Z,KXDOGE15M-26OCT042315-15,0.9400,83.00,yes
2026-10-05T03:14:14.421859Z,KXDOGE15M-26OCT042315-15,0.9300,71.00,yes
2026-10-05T03:14:14.421859Z,KXDOGE15M-26OCT042315-15,0.9200,62.00,yes
2026-10-05T03:14:14.421859Z,KXDOGE15M-26OCT042315-15,0.9450,115.23,yes
2026-10-05T03:14:14.421859Z,KXDOGE15M-26OCT042315-15,0.9430,1.00,yes
2026-10-05T03:14:14.421859Z,KXDOGE15M-26OCT042315-15,0.9370,1.00,yes
2026-10-05T03:14:14.421859Z,KXDOGE15M-26OCT042315-15,0.9160,1.00,yes
2026-10-05T03:14:14.421859Z,KXDOGE15M-26OCT042315-15,0.9190,1.00,yes
2026-10-05T03:14:14.421859Z,KXDOGE15M-26OCT042315-15,0.9140,1.00,yes
2026-10-05T03:14:14.421859Z,KXDOGE15M-26OCT042315-15,0.9360,1.00,yes
2026-10-05T03:14:14.421859Z,KXDOGE15M-26OCT042315-15,0.9310,1.00,yes
2026-10-05T03:14:14.421859Z,KXDOGE15M-26OCT042315-15,0.9250,1.00,yes
2026-10-05T03:14:14.421859Z,KXDOGE15M-26OCT042315-15,0.9120,1.00,yes
2026-10-05T03:14:14.421859Z,KXDOGE15M-26OCT042315-15,0.9410,1.00,yes
2026-10-05T03:14:14.421859Z,KXDOGE15M-26OCT042315-15,0.9380,1.00,yes
2026-10-05T03:14:14.421859Z,KXDOGE15M-26OCT042315-15,0.9290,1.00,yes
2026-10-05T03:14:14.421859Z,KXDOGE15M-26OCT042315-15,0.9300,1.00,yes
2026-10-05T03:14:14.421859Z,KXDOGE15M-26OCT042315-15,0.9330,1.00,yes
2026-10-05T03:14:14.421859Z,KXDOGE15M-26OCT042315-15,0.9400,1.00,yes
2026-10-05T03:14:14.421859Z,KXDOGE15M-26OCT042315-15,0.9440,1.00,yes
2026-10-05T03:14:14.421859Z,KXDOGE15M-26OCT042315-15,0.9270,1.00,yes
2026-10-05T03:14:14.421859Z,KXDOGE15M-26OCT042315-15,0.9130,1.00,yes
2026-10-05T03:14:14.421859Z,KXDOGE15M-26OCT042315-15,0.9280,1.00,yes
2026-10-05T03:14:14.421859Z,KXDOGE15M-26OCT042315-15,0.9350,1.00,yes
2026-10-05T03:14:14.421859Z,KXDOGE15M-26OCT042315-15,0.9340,1.00,yes
2026-10-05T03:14:14.421859Z,KXDOGE15M-26OCT042315-15,0.9170,1.00,yes
2026-10-05T03:14:14.421859Z,KXDOGE15M-26OCT042315-15,0.9390,1.00,yes
2026-10-05T03:14:14.421859Z,KXDOGE15M-26OCT042315-15,0.9420,1.00,yes
2026-10-05T03:14:14.421859Z,KXDOGE15M-26OCT042315-15,0.9150,1.00,yes
2026-10-05T03:14:14.421859Z,KXDOGE15M-26OCT042315-15,0.9110,1.00,yes
2026-10-05T03:14:14.421859Z,KXDOGE15M-26OCT042315-15,0.9260,1.00,yes
2026-10-05T03:14:14.421859Z,KXDOGE15M-26OCT042315-15,0.9320,1.00,yes
2026-10-05T03:14:14.421859Z,KXDOGE15M-26OCT042315-15,0.9180,1.00,yes
2026-10-05T03:14:14.421859Z,KXDOGE15M-26OCT042315-15,0.9400,30.00,yes
2026-10-05T03:14:14.421859Z,KXDOGE15M-26OCT042315-15,0.9190,26.00,yes
2026-10-05T03:14:14.421859Z,KXDOGE15M-26OCT042315-15,0.9110,0.03,yes
2026-10-05T03:14:14.421859Z,KXDOGE15M-26OCT042315-15,0.9140,0.03,yes
2026-10-05T03:14:14.421859Z,KXDOGE15M-26OCT042315-15,0.9130,0.03,yes
2026-10-05T03:14:14.421859Z,KXDOGE15M-26OCT042315-15,0.9120,0.03,yes
2026-10-05T03:14:14.421859Z,KXDOGE15M-26OCT042315-15,0.9150,0.03,yes
2026-10-05T03:14:14.421859Z,KXDOGE15M-26OCT042315-15,0.9400,25.00,yes
2026-10-05T03:14:14.421859Z,KXDOGE15M-26OCT042315-15,0.9200,1.00,yes
2026-10-05T03:14:14.421859Z,KXDOGE15M-26OCT042315-15,0.9400,1.00,yes
2026-10-05T03:14:14.421859Z,KXDOGE15M-26OCT042315-15,0.9400,8.62,yes
2026-10-05T03:14:14.439433Z,KXDOGE15M-26OCT042315-15,0.9290,3.97,yes
2026-10-05T03:14:14.439433Z,KXDOGE15M-26OCT042315-15,0.9160,0.03,yes
2026-10-05T03:14:14.483673Z,KXDOGE15M-26OCT042315-15,0.9370,40.00,yes
2026-10-05T03:14:14.538973Z,KXDOGE15M-26OCT042315-15,0.9400,18.00,no
2026-10-05T03:14:14.545892Z,KXDOGE15M-26OCT042315-15,0.9400,10.00,no
2026-10-05T03:14:14.545892Z,KXDOGE15M-26OCT042315-15,0.9400,1.00,no
2026-10-05T03:14:14.631141Z,KXDOGE15M-26OCT042315-15,0.9450,1.50,yes
2026-10-05T03:14:14.764952Z,KXDOGE15M-26OCT042315-15,0.9450,0.03,yes
2026-10-05T03:14:14.897698Z,KXDOGE15M-26OCT042315-15,0.9450,35.00,yes
2026-10-05T03:14:15.099453Z,KXDOGE15M-26OCT042315-15,0.9500,0.97,yes
2026-10-05T03:14:15.099453Z,KXDOGE15M-26OCT042315-15,0.9490,0.03,yes
2026-10-05T03:14:15.099453Z,KXDOGE15M-26OCT042315-15,0.9490,19.00,yes
2026-10-05T03:14:15.105817Z,KXDOGE15M-26OCT042315-15,0.9500,0.10,yes
2026-10-05T03:14:15.241816Z,KXDOGE15M-26OCT042315-15,0.9500,22.07,yes
2026-10-05T03:14:15.241816Z,KXDOGE15M-26OCT042315-15,0.9500,1.00,yes
2026-10-05T03:14:15.241816Z,KXDOGE15M-26OCT042315-15,0.9500,1.93,yes
2026-10-05T03:14:15.287873Z,KXDOGE15M-26OCT042315-15,0.9500,77.93,yes
2026-10-05T03:14:15.287873Z,KXDOGE15M-26OCT042315-15,0.9600,52.07,yes
2026-10-05T03:14:15.287873Z,KXDOGE15M-26OCT042315-15,0.9570,1.00,yes
2026-10-05T03:14:15.287873Z,KXDOGE15M-26OCT042315-15,0.9550,20.00,yes
2026-10-05T03:14:15.287873Z,KXDOGE15M-26OCT042315-15,0.9560,10.00,yes
2026-10-05T03:14:15.287873Z,KXDOGE15M-26OCT042315-15,0.9500,1.00,yes
2026-10-05T03:14:15.318605Z,KXDOGE15M-26OCT042315-15,0.9590,5.00,yes
2026-10-05T03:14:15.388934Z,KXDOGE15M-26OCT042315-15,0.9600,1.00,yes
2026-10-05T03:14:15.408244Z,KXDOGE15M-26OCT042315-15,0.9370,5.54,no
2026-10-05T03:14:15.408244Z,KXDOGE15M-26OCT042315-15,0.9400,0.24,no
2026-10-05T03:14:15.408244Z,KXDOGE15M-26OCT042315-15,0.9400,0.24,no
2026-10-05T03:14:15.408244Z,KXDOGE15M-26OCT042315-15,0.9400,3.98,no
2026-10-05T03:14:15.408244Z,KXDOGE15M-26OCT042315-15,0.9410,15.00,no
2026-10-05T03:14:15.439194Z,KXDOGE15M-26OCT042315-15,0.9590,2.92,yes
2026-10-05T03:14:15.452105Z,KXDOGE15M-26OCT042315-15,0.9590,10.00,yes
2026-10-05T03:14:15.4671Z,KXDOGE15M-26OCT042315-15,0.9700,23.15,yes
2026-10-05T03:14:15.4671Z,KXDOGE15M-26OCT042315-15,0.9600,125.00,yes
2026-10-05T03:14:15.4671Z,KXDOGE15M-26OCT042315-15,0.9690,1.00,yes
2026-10-05T03:14:15.4671Z,KXDOGE15M-26OCT042315-15,0.9600,146.93,yes
2026-10-05T03:14:15.4671Z,KXDOGE15M-26OCT042315-15,0.9590,0.03,yes
2026-10-05T03:14:15.4671Z,KXDOGE15M-26OCT042315-15,0.9590,13.00,yes
2026-10-05T03:14:15.4671Z,KXDOGE15M-26OCT042315-15,0.9600,0.03,yes
2026-10-05T03:14:15.4671Z,KXDOGE15M-26OCT042315-15,0.9590,10.00,yes
2026-10-05T03:14:15.4671Z,KXDOGE15M-26OCT042315-15,0.9600,4.00,yes
2026-10-05T03:14:15.566782Z,KXDOGE15M-26OCT042315-15,0.9610,10.00,yes
2026-10-05T03:14:15.631918Z,KXDOGE15M-26OCT042315-15,0.9700,20.00,yes
2026-10-05T03:14:15.668439Z,KXDOGE15M-26OCT042315-15,0.9320,5.00,no
2026-10-05T03:14:15.668439Z,KXDOGE15M-26OCT042315-15,0.9200,0.69,no
2026-10-05T03:14:15.668439Z,KXDOGE15M-26OCT042315-15,0.9400,0.03,no
2026-10-05T03:14:15.668439Z,KXDOGE15M-26OCT042315-15,0.9330,34.00,no
2026-10-05T03:14:15.860907Z,KXDOGE15M-26OCT042315-15,0.9370,0.46,no
2026-10-05T03:14:15.860907Z,KXDOGE15M-26OCT042315-15,0.9280,2.52,no
2026-10-05T03:14:16.000944Z,KXDOGE15M-26OCT042315-15,0.9250,1.66,no
2026-10-05T03:14:16.023414Z,KXDOGE15M-26OCT042315-15,0.9250,4.37,no
2026-10-05T03:14:16.026486Z,KXDOGE15M-26OCT042315-15,0.9250,0.63,no
2026-10-05T03:14:16.026486Z,KXDOGE15M-26OCT042315-15,0.9240,6.37,no
2026-10-05T03:14:16.070332Z,KXDOGE15M-26OCT042315-15,0.9640,0.03,yes
2026-10-05T03:14:16.303582Z,KXDOGE15M-26OCT042315-15,0.9670,10.00,yes
2026-10-05T03:14:16.303582Z,KXDOGE15M-26OCT042315-15,0.9690,19.64,yes
2026-10-05T03:14:16.333916Z,KXDOGE15M-26OCT042315-15,0.9690,0.39,yes
2026-10-05T03:14:16.333916Z,KXDOGE15M-26OCT042315-15,0.9690,2.36,yes
2026-10-05T03:14:16.333916Z,KXDOGE15M-26OCT042315-15,0.9690,0.03,yes
2026-10-05T03:14:16.650641Z,KXDOGE15M-26OCT042315-15,0.9700,0.42,yes
2026-10-05T03:14:16.650641Z,KXDOGE15M-26OCT042315-15,0.9690,22.00,yes
2026-10-05T03:14:16.650641Z,KXDOGE15M-26OCT042315-15,0.9690,0.03,yes
2026-10-05T03:14:16.785695Z,KXDOGE15M-26OCT042315-15,0.9350,1.20,no
2026-10-05T03:14:16.785695Z,KXDOGE15M-26OCT042315-15,0.9350,0.01,no
2026-10-05T03:14:16.985934Z,KXDOGE15M-26OCT042315-15,0.9200,1.31,no
2026-10-05T03:14:16.985934Z,KXDOGE15M-26OCT042315-15,0.9020,25.00,no
2026-10-05T03:14:16.985934Z,KXDOGE15M-26OCT042315-15,0.9200,0.03,no
2026-10-05T03:14:16.985934Z,KXDOGE15M-26OCT042315-15,0.9290,5.00,no
2026-10-05T03:14:16.985934Z,KXDOGE15M-26OCT042315-15,0.9290,0.03,no
2026-10-05T03:14:16.985934Z,KXDOGE15M-26OCT042315-15,0.9010,18.63,no
2026-10-05T03:14:17.141783Z,KXDOGE15M-26OCT042315-15,0.9690,0.03,yes
2026-10-05T03:14:17.141783Z,KXDOGE15M-26OCT042315-15,0.9690,1.00,yes
2026-10-05T03:14:17.141783Z,KXDOGE15M-26OCT042315-15,0.9690,9.97,yes
2026-10-05T03:14:17.141783Z,KXDOGE15M-26OCT042315-15,0.9690,9.00,yes
2026-10-05T03:14:17.242379Z,KXDOGE15M-26OCT042315-15,0.9700,10.00,yes
2026-10-05T03:14:17.263745Z,KXDOGE15M-26OCT042315-15,0.9700,25.00,yes
2026-10-05T03:14:17.55366Z,KXDOGE15M-26OCT042315-15,0.9700,15.97,yes
2026-10-05T03:14:17.55366Z,KXDOGE15M-26OCT042315-15,0.9690,68.00,yes
2026-10-05T03:14:17.55366Z,KXDOGE15M-26OCT042315-15,0.9690,0.03,yes
2026-10-05T03:14:17.55366Z,KXDOGE15M-26OCT042315-15,0.9690,16.00,yes
2026-10-05T03:14:17.62514Z,KXDOGE15M-26OCT042315-15,0.9700,54.00,yes
2026-10-05T03:14:17.644254Z,KXDOGE15M-26OCT042315-15,0.9700,15.55,yes
2026-10-05T03:14:17.940445Z,KXDOGE15M-26OCT042315-15,0.9700,1.91,yes
2026-10-05T03:14:17.940445Z,KXDOGE15M-26OCT042315-15,0.9700,0.03,yes
2026-10-05T03:14:17.940445Z,KXDOGE15M-26OCT042315-15,0.9700,1.00,yes
2026-10-05T03:14:17.946095Z,KXDOGE15M-26OCT042315-15,0.9750,6.97,yes
2026-10-05T03:14:17.946095Z,KXDOGE15M-26OCT042315-15,0.9740,1.00,yes
2026-10-05T03:14:17.946095Z,KXDOGE15M-26OCT042315-15,0.9740,0.03,yes
2026-10-05T03:14:18.008193Z,KXDOGE15M-26OCT042315-15,0.9560,19.13,no
2026-10-05T03:14:18.105852Z,KXDOGE15M-26OCT042315-15,0.9750,10.15,yes
2026-10-05T03:14:18.235023Z,KXDOGE15M-26OCT042315-15,0.9740,5.00,yes
2026-10-05T03:14:18.842737Z,KXDOGE15M-26OCT042315-15,0.9750,30.00,yes
2026-10-05T03:14:18.842737Z,KXDOGE15M-26OCT042315-15,0.9730,10.00,yes
2026-10-05T03:14:18.915191Z,KXDOGE15M-26OCT042315-15,0.9700,2.00,no
2026-10-05T03:14:18.923424Z,KXDOGE15M-26OCT042315-15,0.9700,2.00,no
2026-10-05T03:14:19.028209Z,KXDOGE15M-26OCT042315-15,0.9700,7.00,no
2026-10-05T03:14:19.035509Z,KXDOGE15M-26OCT042315-15,0.9700,4.00,no
2026-10-05T03:14:19.143909Z,KXDOGE15M-26OCT042315-15,0.9750,40.00,yes
2026-10-05T03:14:19.225526Z,KXDOGE15M-26OCT042315-15,0.9750,5.00,yes
2026-10-05T03:14:19.234036Z,KXDOGE15M-26OCT042315-15,0.9760,6.00,yes
2026-10-05T03:14:19.234036Z,KXDOGE15M-26OCT042315-15,0.9750,107.88,yes
2026-10-05T03:14:19.234036Z,KXDOGE15M-26OCT042315-15,0.9750,6.00,yes
2026-10-05T03:14:19.234036Z,KXDOGE15M-26OCT042315-15,0.9760,0.03,yes
2026-10-05T03:14:19.234036Z,KXDOGE15M-26OCT042315-15,0.9750,0.03,yes
2026-10-05T03:14:19.275375Z,KXDOGE15M-26OCT042315-15,0.9700,36.23,no
2026-10-05T03:14:19.769477Z,KXDOGE15M-26OCT042315-15,0.9770,2.03,yes
2026-10-05T03:14:20.437395Z,KXDOGE15M-26OCT042315-15,0.9770,3.97,yes
2026-10-05T03:14:20.437395Z,KXDOGE15M-26OCT042315-15,0.9750,0.03,yes
2026-10-05T03:14:20.614239Z,KXDOGE15M-26OCT042315-15,0.9800,61.39,yes
2026-10-05T03:14:20.614239Z,KXDOGE15M-26OCT042315-15,0.9790,1.00,yes
2026-10-05T03:14:20.614239Z,KXDOGE15M-26OCT042315-15,0.9800,3.00,yes
2026-10-05T03:14:20.614239Z,KXDOGE15M-26OCT042315-15,0.9780,3.00,yes
2026-10-05T03:14:20.614239Z,KXDOGE15M-26OCT042315-15,0.9790,3.00,yes
2026-10-05T03:14:20.614239Z,KXDOGE15M-26OCT042315-15,0.9790,0.03,yes
2026-10-05T03:14:20.614239Z,KXDOGE15M-26OCT042315-15,0.9780,0.03,yes
2026-10-05T03:14:20.614239Z,KXDOGE15M-26OCT042315-15,0.9780,3.00,yes
2026-10-05T03:14:20.614239Z,KXDOGE15M-26OCT042315-15,0.9790,3.00,yes
2026-10-05T03:14:20.850507Z,KXDOGE15M-26OCT042315-15,0.9700,6.52,no
2026-10-05T03:14:20.850507Z,KXDOGE15M-26OCT042315-15,0.9700,1.74,no
2026-10-05T03:14:20.850507Z,KXDOGE15M-26OCT042315-15,0.9700,0.01,no
2026-10-05T03:14:20.850507Z,KXDOGE15M-26OCT042315-15,0.9730,8.00,no
2026-10-05T03:14:20.95647Z,KXDOGE15M-26OCT042315-15,0.9740,20.00,yes
2026-10-05T03:14:21.212839Z,KXDOGE15M-26OCT042315-15,0.9740,40.00,yes
2026-10-05T03:14:21.224772Z,KXDOGE15M-26OCT042315-15,0.9740,20.00,yes
2026-10-05T03:14:21.257969Z,KXDOGE15M-26OCT042315-15,0.9740,25.00,yes
2026-10-05T03:14:21.486965Z,KXDOGE15M-26OCT042315-15,0.9730,2.00,yes
2026-10-05T03:14:21.809321Z,KXDOGE15M-26OCT042315-15,0.9600,2.11,no
2026-10-05T03:14:21.809321Z,KXDOGE15M-26OCT042315-15,0.9500,9.68,no
2026-10-05T03:14:21.809321Z,KXDOGE15M-26OCT042315-15,0.9600,3.20,no
2026-10-05T03:14:21.809321Z,KXDOGE15M-26OCT042315-15,0.9530,5.00,no
2026-10-05T03:14:22.005555Z,KXDOGE15M-26OCT042315-15,0.9600,1.76,no
2026-10-05T03:14:22.005555Z,KXDOGE15M-26OCT042315-15,0.9060,26.00,no
2026-10-05T03:14:22.005555Z,KXDOGE15M-26OCT042315-15,0.9610,17.00,no
2026-10-05T03:14:22.005555Z,KXDOGE15M-26OCT042315-15,0.9010,26.54,no
2026-10-05T03:14:22.005555Z,KXDOGE15M-26OCT042315-15,0.9050,6.00,no
2026-10-05T03:14:22.005555Z,KXDOGE15M-26OCT042315-15,0.9500,15.32,no
2026-10-05T03:14:24.101717Z,KXDOGE15M-26OCT042315-15,0.9770,0.03,yes
2026-10-05T03:14:24.121298Z,KXDOGE15M-26OCT042315-15,0.9700,0.01,no
2026-10-05T03:14:24.121298Z,KXDOGE15M-26OCT042315-15,0.9700,54.68,no
2026-10-05T03:14:24.121298Z,KXDOGE15M-26OCT042315-15,0.9700,0.03,no
2026-10-05T03:14:24.192996Z,KXDOGE15M-26OCT042315-15,0.9780,6.00,yes
2026-10-05T03:14:24.192996Z,KXDOGE15M-26OCT042315-15,0.9780,0.03,yes
2026-10-05T03:14:24.192996Z,KXDOGE15M-26OCT042315-15,0.9790,3.97,yes
2026-10-05T03:14:24.259723Z,KXDOGE15M-26OCT042315-15,0.9770,41.00,yes
2026-10-05T03:14:24.259723Z,KXDOGE15M-26OCT042315-15,0.9790,10.03,yes
2026-10-05T03:14:24.259723Z,KXDOGE15M-26OCT042315-15,0.9790,3.97,yes
2026-10-05T03:14:24.472241Z,KXDOGE15M-26OCT042315-15,0.9790,9.00,yes
2026-10-05T03:14:24.472241Z,KXDOGE15M-26OCT042315-15,0.9790,7.00,yes
2026-10-05T03:14:24.472241Z,KXDOGE15M-26OCT042315-15,0.9790,0.03,yes
2026-10-05T03:14:24.472241Z,KXDOGE15M-26OCT042315-15,0.9800,23.97,yes
2026-10-05T03:14:24.501296Z,KXDOGE15M-26OCT042315-15,0.9800,2.00,yes
2026-10-05T03:14:24.584437Z,KXDOGE15M-26OCT042315-15,0.9800,9.69,yes
2026-10-05T03:14:24.584437Z,KXDOGE15M-26OCT042315-15,0.9800,6.28,yes
2026-10-05T03:14:24.584437Z,KXDOGE15M-26OCT042315-15,0.9800,24.03,yes
2026-10-05T03:14:24.601259Z,KXDOGE15M-26OCT042315-15,0.9800,75.00,yes
2026-10-05T03:14:25.330038Z,KXDOGE15M-26OCT042315-15,0.9790,0.03,yes
2026-10-05T03:14:25.330038Z,KXDOGE15M-26OCT042315-15,0.9790,3.00,yes
2026-10-05T03:14:25.330038Z,KXDOGE15M-26OCT042315-15,0.9800,96.97,yes
2026-10-05T03:14:25.798958Z,KXDOGE15M-26OCT042315-15,0.9790,8.00,yes
2026-10-05T03:14:25.798958Z,KXDOGE15M-26OCT042315-15,0.9790,0.03,yes
2026-10-05T03:14:25.798958Z,KXDOGE15M-26OCT042315-15,0.9800,5.20,yes
2026-10-05T03:14:25.862406Z,KXDOGE15M-26OCT042315-15,0.9800,3.66,yes
2026-10-05T03:14:26.025622Z,KXDOGE15M-26OCT042315-15,0.9790,5.00,yes
2026-10-05T03:14:26.025622Z,KXDOGE15M-26OCT042315-15,0.9800,36.00,yes
2026-10-05T03:14:26.626492Z,KXDOGE15M-26OCT042315-15,0.9870,0.80,yes
2026-10-05T03:14:26.626492Z,KXDOGE15M-26OCT042315-15,0.9860,5.00,yes
2026-10-05T03:14:26.626492Z,KXDOGE15M-26OCT042315-15,0.9850,5.00,yes
2026-10-05T03:14:26.626492Z,KXDOGE15M-26OCT042315-15,0.9820,3.00,yes
2026-10-05T03:14:26.626492Z,KXDOGE15M-26OCT042315-15,0.9810,3.00,yes
2026-10-05T03:14:26.626492Z,KXDOGE15M-26OCT042315-15,0.9810,0.03,yes
2026-10-05T03:14:26.626492Z,KXDOGE15M-26OCT042315-15,0.9820,0.03,yes
2026-10-05T03:14:26.626492Z,KXDOGE15M-26OCT042315-15,0.9800,0.03,yes
2026-10-05T03:14:26.626492Z,KXDOGE15M-26OCT042315-15,0.9850,0.03,yes
2026-10-05T03:14:26.626492Z,KXDOGE15M-26OCT042315-15,0.9800,23.48,yes
2026-10-05T03:14:26.97514Z,KXDOGE15M-26OCT042315-15,0.9840,3.00,yes
2026-10-05T03:14:26.97514Z,KXDOGE15M-26OCT042315-15,0.9830,3.00,yes
2026-10-05T03:14:26.97514Z,KXDOGE15M-26OCT042315-15,0.9850,16.00,yes
2026-10-05T03:14:26.97514Z,KXDOGE15M-26OCT042315-15,0.9830,0.03,yes
2026-10-05T03:14:26.97514Z,KXDOGE15M-26OCT042315-15,0.9840,0.03,yes
2026-10-05T03:14:26.97514Z,KXDOGE15M-26OCT042315-15,0.9860,17.94,yes
2026-10-05T03:14:27.00086Z,KXDOGE15M-26OCT042315-15,0.9820,0.01,no
2026-10-05T03:14:27.00086Z,KXDOGE15M-26OCT042315-15,0.9800,3.14,no
2026-10-05T03:14:27.043534Z,KXDOGE15M-26OCT042315-15,0.9800,42.62,yes
2026-10-05T03:14:27.058354Z,KXDOGE15M-26OCT042315-15,0.9800,2.01,yes
2026-10-05T03:14:27.138309Z,KXDOGE15M-26OCT042315-15,0.9800,2.00,yes
2026-10-05T03:14:27.211252Z,KXDOGE15M-26OCT042315-15,0.9860,39.75,yes
2026-10-05T03:14:27.211252Z,KXDOGE15M-26OCT042315-15,0.9800,0.22,yes
2026-10-05T03:14:27.211252Z,KXDOGE15M-26OCT042315-15,0.9850,0.03,yes
2026-10-05T03:14:27.213276Z,KXDOGE15M-26OCT042315-15,0.9710,33.00,no
2026-10-05T03:14:27.213276Z,KXDOGE15M-26OCT042315-15,0.9710,0.01,no
2026-10-05T03:14:27.213276Z,KXDOGE15M-26OCT042315-15,0.9720,22.34,no
2026-10-05T03:14:27.213276Z,KXDOGE15M-26OCT042315-15,0.9700,74.60,no
2026-10-05T03:14:27.213276Z,KXDOGE15M-26OCT042315-15,0.9710,6.00,no
2026-10-05T03:14:27.552806Z,KXDOGE15M-26OCT042315-15,0.9840,6.00,yes
2026-10-05T03:14:27.552806Z,KXDOGE15M-26OCT042315-15,0.9840,0.03,yes
2026-10-05T03:14:27.552806Z,KXDOGE15M-26OCT042315-15,0.9850,13.97,yes
2026-10-05T03:14:27.978174Z,KXDOGE15M-26OCT042315-15,0.9810,34.67,no
2026-10-05T03:14:28.155861Z,KXDOGE15M-26OCT042315-15,0.9860,15.19,yes
2026-10-05T03:14:28.171325Z,KXDOGE15M-26OCT042315-15,0.9860,17.00,yes
2026-10-05T03:14:28.171325Z,KXDOGE15M-26OCT042315-15,0.9860,3.00,yes
2026-10-05T03:14:28.185578Z,KXDOGE15M-26OCT042315-15,0.9870,4.20,yes
2026-10-05T03:14:28.185578Z,KXDOGE15M-26OCT042315-15,0.9870,11.80,yes
2026-10-05T03:14:28.185578Z,KXDOGE15M-26OCT042315-15,0.9860,14.00,yes
2026-10-05T03:14:28.188176Z,KXDOGE15M-26OCT042315-15,0.9870,23.00,yes
2026-10-05T03:14:28.188176Z,KXDOGE15M-26OCT042315-15,0.9860,17.00,yes
2026-10-05T03:14:28.215918Z,KXDOGE15M-26OCT042315-15,0.9870,40.00,yes
2026-10-05T03:14:28.216966Z,KXDOGE15M-26OCT042315-15,0.9880,31.80,yes
2026-10-05T03:14:28.216966Z,KXDOGE15M-26OCT042315-15,0.9870,8.20,yes
2026-10-05T03:14:28.314149Z,KXDOGE15M-26OCT042315-15,0.9820,59.00,no
2026-10-05T03:14:28.314149Z,KXDOGE15M-26OCT042315-15,0.9230,25.00,no
2026-10-05T03:14:28.314149Z,KXDOGE15M-26OCT042315-15,0.9260,6.00,no
2026-10-05T03:14:28.314149Z,KXDOGE15M-26OCT042315-15,0.9220,18.26,no
2026-10-05T03:14:28.314149Z,KXDOGE15M-26OCT042315-15,0.9810,1.00,no
2026-10-05T03:14:28.324841Z,KXDOGE15M-26OCT042315-15,0.9870,25.00,yes
2026-10-05T03:14:28.338247Z,KXDOGE15M-26OCT042315-15,0.9870,10.00,yes
2026-10-05T03:14:28.364845Z,KXDOGE15M-26OCT042315-15,0.9870,40.00,yes
2026-10-05T03:14:28.368076Z,KXDOGE15M-26OCT042315-15,0.9880,8.00,yes
2026-10-05T03:14:28.368076Z,KXDOGE15M-26OCT042315-15,0.9870,1.00,yes
2026-10-05T03:14:28.368076Z,KXDOGE15M-26OCT042315-15,0.9870,17.00,yes
2026-10-05T03:14:28.368076Z,KXDOGE15M-26OCT042315-15,0.9870,6.00,yes
2026-10-05T03:14:28.368076Z,KXDOGE15M-26OCT042315-15,0.9870,8.00,yes
2026-10-05T03:14:28.404129Z,KXDOGE15M-26OCT042315-15,0.9870,40.00,yes
2026-10-05T03:14:28.445815Z,KXDOGE15M-26OCT042315-15,0.9890,1.00,yes
2026-10-05T03:14:28.445815Z,KXDOGE15M-26OCT042315-15,0.9890,4.00,yes
2026-10-05T03:14:28.445815Z,KXDOGE15M-26OCT042315-15,0.9880,4.00,yes
2026-10-05T03:14:28.445815Z,KXDOGE15M-26OCT042315-15,0.9890,2.00,yes
2026-10-05T03:14:28.445815Z,KXDOGE15M-26OCT042315-15,0.9890,10.00,yes
2026-10-05T03:14:28.445815Z,KXDOGE15M-26OCT042315-15,0.9890,1.00,yes
2026-10-05T03:14:28.445815Z,KXDOGE15M-26OCT042315-15,0.9890,2.00,yes
2026-10-05T03:14:28.445815Z,KXDOGE15M-26OCT042315-15,0.9890,100.00,yes
2026-10-05T03:14:28.445815Z,KXDOGE15M-26OCT042315-15,0.9890,20.00,yes
2026-10-05T03:14:28.445815Z,KXDOGE15M-26OCT042315-15,0.9900,17.71,yes
2026-10-05T03:14:28.445815Z,KXDOGE15M-26OCT042315-15,0.9880,160.20,yes
2026-10-05T03:14:28.445815Z,KXDOGE15M-26OCT042315-15,0.9880,0.03,yes
2026-10-05T03:14:28.445815Z,KXDOGE15M-26OCT042315-15,0.9870,0.03,yes
2026-10-05T03:14:28.445815Z,KXDOGE15M-26OCT042315-15,0.9870,35.00,yes
2026-10-05T03:14:28.445815Z,KXDOGE15M-26OCT042315-15,0.9870,10.00,yes
2026-10-05T03:14:28.445815Z,KXDOGE15M-26OCT042315-15,0.9890,83.00,yes
2026-10-05T03:14:28.445815Z,KXDOGE15M-26OCT042315-15,0.9890,0.03,yes
2026-10-05T03:14:28.817316Z,KXDOGE15M-26OCT042315-15,0.9870,50.00,yes
2026-10-05T03:14:29.036223Z,KXDOGE15M-26OCT042315-15,0.9870,0.03,yes
2026-10-05T03:14:29.036223Z,KXDOGE15M-26OCT042315-15,0.9870,4.00,yes
2026-10-05T03:14:29.036223Z,KXDOGE15M-26OCT042315-15,0.9880,35.97,yes
2026-10-05T03:14:29.049687Z,KXDOGE15M-26OCT042315-15,0.9880,1.00,yes
2026-10-05T03:14:29.049687Z,KXDOGE15M-26OCT042315-15,0.9890,1.94,yes
2026-10-05T03:14:29.049687Z,KXDOGE15M-26OCT042315-15,0.9880,0.03,yes
2026-10-05T03:14:29.049687Z,KXDOGE15M-26OCT042315-15,0.9880,47.03,yes
2026-10-05T03:14:29.06886Z,KXDOGE15M-26OCT042315-15,0.9890,81.00,yes
2026-10-05T03:14:29.091429Z,KXDOGE15M-26OCT042315-15,0.9890,83.00,yes
2026-10-05T03:14:29.091429Z,KXDOGE15M-26OCT042315-15,0.9890,1.00,yes
2026-10-05T03:14:29.091429Z,KXDOGE15M-26OCT042315-15,0.9890,0.03,yes
2026-10-05T03:14:29.091429Z,KXDOGE15M-26OCT042315-15,0.9890,0.06,yes
2026-10-05T03:14:29.242568Z,KXDOGE15M-26OCT042315-15,0.9890,25.00,yes
2026-10-05T03:14:29.323354Z,KXDOGE15M-26OCT042315-15,0.9630,25.97,no
2026-10-05T03:14:29.699199Z,KXDOGE15M-26OCT042315-15,0.9710,31.39,no
2026-10-05T03:14:29.841006Z,KXDOGE15M-26OCT042315-15,0.9710,32.00,no
2026-10-05T03:14:29.841006Z,KXDOGE15M-26OCT042315-15,0.9700,9.47,no
2026-10-05T03:14:29.841006Z,KXDOGE15M-26OCT042315-15,0.9710,33.00,no
2026-10-05T03:14:29.841006Z,KXDOGE15M-26OCT042315-15,0.9700,41.00,no
2026-10-05T03:14:29.841006Z,KXDOGE15M-26OCT042315-15,0.9710,9.61,no
2026-10-05T03:14:29.956432Z,KXDOGE15M-26OCT042315-15,0.9890,13.34,yes
2026-10-05T03:14:30.025652Z,KXDOGE15M-26OCT042315-15,0.9900,1.67,yes
2026-10-05T03:14:30.025652Z,KXDOGE15M-26OCT042315-15,0.9900,2.00,yes
2026-10-05T03:14:30.025652Z,KXDOGE15M-26OCT042315-15,0.9900,7.29,yes
2026-10-05T03:14:30.025652Z,KXDOGE15M-26OCT042315-15,0.9900,4.00,yes
2026-10-05T03:14:30.025652Z,KXDOGE15M-26OCT042315-15,0.9900,5.00,yes
2026-10-05T03:14:30.025652Z,KXDOGE15M-26OCT042315-15,0.9890,1.00,yes
2026-10-05T03:14:30.025652Z,KXDOGE15M-26OCT042315-15,0.9890,17.00,yes
2026-10-05T03:14:30.025652Z,KXDOGE15M-26OCT042315-15,0.9890,44.66,yes
2026-10-05T03:14:30.025652Z,KXDOGE15M-26OCT042315-15,0.9890,11.00,yes
2026-10-05T03:14:30.025652Z,KXDOGE15M-26OCT042315-15,0.9900,52.38,yes
2026-10-05T03:14:30.047815Z,KXDOGE15M-26OCT042315-15,0.9890,2.00,yes
2026-10-05T03:14:30.057686Z,KXDOGE15M-26OCT042315-15,0.9750,22.78,no
2026-10-05T03:14:30.057686Z,KXDOGE15M-26OCT042315-15,0.9750,41.00,no
2026-10-05T03:14:30.064572Z,KXDOGE15M-26OCT042315-15,0.9960,1.00,yes
2026-10-05T03:14:30.064572Z,KXDOGE15M-26OCT042315-15,0.9960,1.00,yes
2026-10-05T03:14:30.064572Z,KXDOGE15M-26OCT042315-15,0.9970,2.00,yes
2026-10-05T03:14:30.064572Z,KXDOGE15M-26OCT042315-15,0.9970,2.00,yes
2026-10-05T03:14:30.064572Z,KXDOGE15M-26OCT042315-15,0.9960,1.00,yes
2026-10-05T03:14:30.064572Z,KXDOGE15M-26OCT042315-15,0.9950,11.00,yes
2026-10-05T03:14:30.064572Z,KXDOGE15M-26OCT042315-15,0.9960,13.00,yes
2026-10-05T03:14:30.064572Z,KXDOGE15M-26OCT042315-15,0.9960,1.00,yes
2026-10-05T03:14:30.064572Z,KXDOGE15M-26OCT042315-15,0.9970,2.00,yes
2026-10-05T03:14:30.064572Z,KXDOGE15M-26OCT042315-15,0.9970,2.00,yes
2026-10-05T03:14:30.064572Z,KXDOGE15M-26OCT042315-15,0.9970,2.00,yes
2026-10-05T03:14:30.064572Z,KXDOGE15M-26OCT042315-15,0.9960,1.00,yes
2026-10-05T03:14:30.064572Z,KXDOGE15M-26OCT042315-15,0.9970,18.00,yes
2026-10-05T03:14:30.064572Z,KXDOGE15M-26OCT042315-15,0.9980,58.97,yes
2026-10-05T03:14:30.064572Z,KXDOGE15M-26OCT042315-15,0.9980,200.00,yes
2026-10-05T03:14:30.064572Z,KXDOGE15M-26OCT042315-15,0.9970,5.00,yes
2026-10-05T03:14:30.064572Z,KXDOGE15M-26OCT042315-15,0.9930,5.00,yes
2026-10-05T03:14:30.064572Z,KXDOGE15M-26OCT042315-15,0.9920,5.00,yes
2026-10-05T03:14:30.064572Z,KXDOGE15M-26OCT042315-15,0.9910,5.00,yes
2026-10-05T03:14:30.064572Z,KXDOGE15M-26OCT042315-15,0.9940,5.00,yes
2026-10-05T03:14:30.064572Z,KXDOGE15M-26OCT042315-15,0.9950,5.00,yes
2026-10-05T03:14:30.064572Z,KXDOGE15M-26OCT042315-15,0.9960,5.00,yes
2026-10-05T03:14:30.064572Z,KXDOGE15M-26OCT042315-15,0.9900,24.00,yes
2026-10-05T03:14:30.064572Z,KXDOGE15M-26OCT042315-15,0.9910,83.00,yes
2026-10-05T03:14:30.064572Z,KXDOGE15M-26OCT042315-15,0.9890,18.00,yes
2026-10-05T03:14:30.064572Z,KXDOGE15M-26OCT042315-15,0.9890,81.00,yes
2026-10-05T03:14:30.064572Z,KXDOGE15M-26OCT042315-15,0.9970,10.00,yes
2026-10-05T03:14:30.064572Z,KXDOGE15M-26OCT042315-15,0.9900,1.73,yes
2026-10-05T03:14:30.064572Z,KXDOGE15M-26OCT042315-15,0.9900,11.30,yes
2026-10-05T03:14:30.086713Z,KXDOGE15M-26OCT042315-15,0.9890,16.72,yes
2026-10-05T03:14:30.090766Z,KXDOGE15M-26OCT042315-15,0.9890,66.28,yes
2026-10-05T03:14:30.090766Z,KXDOGE15M-26OCT042315-15,0.9910,26.00,yes
2026-10-05T03:14:30.318734Z,KXDOGE15M-26OCT042315-15,0.9980,2.00,yes
2026-10-05T03:14:30.348358Z,KXDOGE15M-26OCT042315-15,0.9980,7.41,yes
2026-10-05T03:14:30.348358Z,KXDOGE15M-26OCT042315-15,0.9980,39.03,yes
2026-10-05T03:14:30.348358Z,KXDOGE15M-26OCT042315-15,0.9980,5.00,yes
2026-10-05T03:14:30.348358Z,KXDOGE15M-26OCT042315-15,0.9980,40.00,yes
2026-10-05T03:14:30.472913Z,KXDOGE15M-26OCT042315-15,0.9860,3.00,yes
2026-10-05T03:14:30.472913Z,KXDOGE15M-26OCT042315-15,0.9870,3.00,yes
2026-10-05T03:14:30.485635Z,KXDOGE15M-26OCT042315-15,0.9810,0.03,no
2026-10-05T03:14:30.485635Z,KXDOGE15M-26OCT042315-15,0.9850,5.00,no
2026-10-05T03:14:30.485635Z,KXDOGE15M-26OCT042315-15,0.9840,5.00,no
2026-10-05T03:14:30.485635Z,KXDOGE15M-26OCT042315-15,0.9830,83.00,no
2026-10-05T03:14:30.485635Z,KXDOGE15M-26OCT042315-15,0.9860,122.00,no
2026-10-05T03:14:30.485635Z,KXDOGE15M-26OCT042315-15,0.9860,48.00,no
2026-10-05T03:14:30.485635Z,KXDOGE15M-26OCT042315-15,0.9850,5.00,no
2026-10-05T03:14:30.485635Z,KXDOGE15M-26OCT042315-15,0.9830,0.03,no
2026-10-05T03:14:30.485635Z,KXDOGE15M-26OCT042315-15,0.9850,83.00,no
2026-10-05T03:14:30.485635Z,KXDOGE15M-26OCT042315-15,0.9820,0.03,no
2026-10-05T03:14:30.485635Z,KXDOGE15M-26OCT042315-15,0.9850,5.00,no
2026-10-05T03:14:30.485635Z,KXDOGE15M-26OCT042315-15,0.9810,7.66,no
2026-10-05T03:14:30.558487Z,KXDOGE15M-26OCT042315-15,0.9860,5.00,no
2026-10-05T03:14:30.558487Z,KXDOGE15M-26OCT042315-15,0.9860,41.00,no
2026-10-05T03:14:30.558487Z,KXDOGE15M-26OCT042315-15,0.9850,5.00,no
2026-10-05T03:14:30.558487Z,KXDOGE15M-26OCT042315-15,0.9850,5.00,no
2026-10-05T03:14:30.558487Z,KXDOGE15M-26OCT042315-15,0.9860,5.00,no
2026-10-05T03:14:30.558487Z,KXDOGE15M-26OCT042315-15,0.9820,1.15,no
2026-10-05T03:14:30.558487Z,KXDOGE15M-26OCT042315-15,0.9850,5.00,no
2026-10-05T03:14:31.287145Z,KXDOGE15M-26OCT042315-15,0.9910,25.00,yes
2026-10-05T03:14:31.384525Z,KXDOGE15M-26OCT042315-15,0.9900,3.00,yes
2026-10-05T03:14:31.384525Z,KXDOGE15M-26OCT042315-15,0.9890,3.00,yes
2026-10-05T03:14:31.505155Z,KXDOGE15M-26OCT042315-15,0.9920,20.00,yes
2026-10-05T03:14:31.505155Z,KXDOGE15M-26OCT042315-15,0.9910,22.00,yes
2026-10-05T03:14:31.505155Z,KXDOGE15M-26OCT042315-15,0.9910,58.00,yes
2026-10-05T03:14:31.633625Z,KXDOGE15M-26OCT042315-15,0.9910,83.00,yes
2026-10-05T03:14:31.633625Z,KXDOGE15M-26OCT042315-15,0.9910,0.03,yes
2026-10-05T03:14:31.7189Z,KXDOGE15M-26OCT042315-15,0.9920,0.03,yes
2026-10-05T03:14:31.7189Z,KXDOGE15M-26OCT042315-15,0.9920,2.97,yes
2026-10-05T03:14:31.721632Z,KXDOGE15M-26OCT042315-15,0.9920,0.03,yes
2026-10-05T03:14:31.895515Z,KXDOGE15M-26OCT042315-15,0.9920,20.04,no
2026-10-05T03:14:32.608654Z,KXDOGE15M-26OCT042315-15,0.9930,6.39,yes
2026-10-05T03:14:32.673656Z,KXDOGE15M-26OCT042315-15,0.9920,4.93,no
2026-10-05T03:14:32.673656Z,KXDOGE15M-26OCT042315-15,0.9860,10.47,no
2026-10-05T03:14:32.689468Z,KXDOGE15M-26OCT042315-15,0.9860,0.22,no
2026-10-05T03:14:32.689468Z,KXDOGE15M-26OCT042315-15,0.9870,83.00,no
2026-10-05T03:14:32.831432Z,KXDOGE15M-26OCT042315-15,0.9910,21.00,yes
2026-10-05T03:14:32.831432Z,KXDOGE15M-26OCT042315-15,0.9910,3.00,yes
2026-10-05T03:14:32.839841Z,KXDOGE15M-26OCT042315-15,0.9910,16.00,yes
2026-10-05T03:14:32.877341Z,KXDOGE15M-26OCT042315-15,0.9910,40.00,yes
2026-10-05T03:14:33.140537Z,KXDOGE15M-26OCT042315-15,0.9910,14.00,yes
2026-10-05T03:14:33.140537Z,KXDOGE15M-26OCT042315-15,0.9910,6.00,yes
2026-10-05T03:14:33.143355Z,KXDOGE15M-26OCT042315-15,0.9900,17.99,no
2026-10-05T03:14:33.229979Z,KXDOGE15M-26OCT042315-15,0.9910,63.00,yes
2026-10-05T03:14:33.40789Z,KXDOGE15M-26OCT042315-15,0.9960,21.70,yes
2026-10-05T03:14:33.40789Z,KXDOGE15M-26OCT042315-15,0.9920,3.00,yes
2026-10-05T03:14:34.836171Z,KXDOGE15M-26OCT042315-15,0.9940,36.66,no
2026-10-05T03:14:35.009613Z,KXDOGE15M-26OCT042315-15,0.9950,0.78,yes
2026-10-05T03:14:35.042667Z,KXDOGE15M-26OCT042315-15,0.9940,11.57,no
2026-10-05T03:14:35.505817Z,KXDOGE15M-26OCT042315-15,0.9950,2.22,yes
2026-10-05T03:14:35.505817Z,KXDOGE15M-26OCT042315-15,0.9950,17.78,yes
2026-10-05T03:14:36.113714Z,KXDOGE15M-26OCT042315-15,0.9950,24.00,yes
2026-10-05T03:14:36.120536Z,KXDOGE15M-26OCT042315-15,0.9950,14.00,yes
2026-10-05T03:14:36.128054Z,KXDOGE15M-26OCT042315-15,0.9950,12.00,yes
2026-10-05T03:14:36.271297Z,KXDOGE15M-26OCT042315-15,0.9940,43.71,no
2026-10-05T03:14:36.277697Z,KXDOGE15M-26OCT042315-15,0.9950,0.03,yes
2026-10-05T03:14:36.277697Z,KXDOGE15M-26OCT042315-15,0.9950,8.75,yes
2026-10-05T03:14:36.277697Z,KXDOGE15M-26OCT042315-15,0.9950,15.22,yes
2026-10-05T03:14:36.285428Z,KXDOGE15M-26OCT042315-15,0.9950,16.00,yes
2026-10-05T03:14:36.291948Z,KXDOGE15M-26OCT042315-15,0.9950,12.00,yes
2026-10-05T03:14:36.298935Z,KXDOGE15M-26OCT042315-15,0.9950,8.00,yes
2026-10-05T03:14:36.30311Z,KXDOGE15M-26OCT042315-15,0.9950,6.00,yes
2026-10-05T03:14:36.309483Z,KXDOGE15M-26OCT042315-15,0.9950,4.00,yes
2026-10-05T03:14:36.357423Z,KXDOGE15M-26OCT042315-15,0.9950,10.00,yes
2026-10-05T03:14:36.604314Z,KXDOGE15M-26OCT042315-15,0.9980,18.59,yes
2026-10-05T03:14:36.604314Z,KXDOGE15M-26OCT042315-15,0.9980,3.00,yes
2026-10-05T03:14:36.604314Z,KXDOGE15M-26OCT042315-15,0.9980,3.00,yes
2026-10-05T03:14:36.604314Z,KXDOGE15M-26OCT042315-15,0.9980,3.00,yes
2026-10-05T03:14:36.604314Z,KXDOGE15M-26OCT042315-15,0.9980,3.00,yes
2026-10-05T03:14:36.604314Z,KXDOGE15M-26OCT042315-15,0.9980,3.00,yes
2026-10-05T03:14:36.604314Z,KXDOGE15M-26OCT042315-15,0.9960,25.00,yes
2026-10-05T03:14:36.604314Z,KXDOGE15M-26OCT042315-15,0.9980,28.00,yes
2026-10-05T03:14:36.604314Z,KXDOGE15M-26OCT042315-15,0.9980,141.79,yes
2026-10-05T03:14:36.604314Z,KXDOGE15M-26OCT042315-15,0.9970,1.00,yes
2026-10-05T03:14:36.604314Z,KXDOGE15M-26OCT042315-15,0.9970,0.03,yes
2026-10-05T03:14:36.604314Z,KXDOGE15M-26OCT042315-15,0.9960,0.03,yes
2026-10-05T03:14:36.604314Z,KXDOGE15M-26OCT042315-15,0.9950,0.03,yes
2026-10-05T03:14:36.604314Z,KXDOGE15M-26OCT042315-15,0.9950,80.00,yes
2026-10-05T03:14:36.604314Z,KXDOGE15M-26OCT042315-15,0.9950,3.25,yes
2026-10-05T03:14:36.604314Z,KXDOGE15M-26OCT042315-15,0.9960,20.00,yes
2026-10-05T03:14:36.604314Z,KXDOGE15M-26OCT042315-15,0.9970,83.00,yes
2026-10-05T03:14:36.604314Z,KXDOGE15M-26OCT042315-15,0.9960,3.00,yes
2026-10-05T03:14:36.731531Z,KXDOGE15M-26OCT042315-15,0.9990,1.00,yes
2026-10-05T03:14:36.731531Z,KXDOGE15M-26OCT042315-15,0.9990,1.00,yes
2026-10-05T03:14:36.731531Z,KXDOGE15M-26OCT042315-15,0.9990,500.00,yes
2026-10-05T03:14:36.731531Z,KXDOGE15M-26OCT042315-15,0.9990,1.00,yes
2026-10-05T03:14:36.731531Z,KXDOGE15M-26OCT042315-15,0.9990,5.00,yes
2026-10-05T03:14:36.731531Z,KXDOGE15M-26OCT042315-15,0.9980,15.12,yes
2026-10-05T03:14:36.731531Z,KXDOGE15M-26OCT042315-15,0.9990,10.00,yes
2026-10-05T03:14:36.731531Z,KXDOGE15M-26OCT042315-15,0.9970,8.00,yes
2026-10-05T03:14:36.731531Z,KXDOGE15M-26OCT042315-15,0.9980,64.00,yes
2026-10-05T03:14:36.731531Z,KXDOGE15M-26OCT042315-15,0.9980,88.00,yes
2026-10-05T03:14:36.731531Z,KXDOGE15M-26OCT042315-15,0.9960,83.00,yes
2026-10-05T03:14:36.731531Z,KXDOGE15M-26OCT042315-15,0.9950,83.00,yes
2026-10-05T03:14:36.731531Z,KXDOGE15M-26OCT042315-15,0.9970,3.00,yes
2026-10-05T03:14:36.73958Z,KXDOGE15M-26OCT042315-15,0.9950,41.00,yes
2026-10-05T03:14:36.745983Z,KXDOGE15M-26OCT042315-15,0.9950,32.00,yes
2026-10-05T03:14:36.800327Z,KXDOGE15M-26OCT042315-15,0.9950,41.00,yes
2026-10-05T03:14:37.051944Z,KXDOGE15M-26OCT042315-15,0.9960,3.00,yes
2026-10-05T03:14:37.061624Z,KXDOGE15M-26OCT042315-15,0.9960,2.00,yes
2026-10-05T03:14:37.071333Z,KXDOGE15M-26OCT042315-15,0.9960,2.00,yes
2026-10-05T03:14:37.077563Z,KXDOGE15M-26OCT042315-15,0.9950,33.85,no
2026-10-05T03:14:37.257564Z,KXDOGE15M-26OCT042315-15,0.9960,2.00,yes
2026-10-05T03:14:37.359769Z,KXDOGE15M-26OCT042315-15,0.9990,73.85,yes
2026-10-05T03:14:37.359769Z,KXDOGE15M-26OCT042315-15,0.9990,10.00,yes
2026-10-05T03:14:37.359769Z,KXDOGE15M-26OCT042315-15,0.9990,1.00,yes
2026-10-05T03:14:37.359769Z,KXDOGE15M-26OCT042315-15,0.9990,51.00,yes
2026-10-05T03:14:37.359769Z,KXDOGE15M-26OCT042315-15,0.9980,3.00,yes
2026-10-05T03:14:37.359769Z,KXDOGE15M-26OCT042315-15,0.9980,41.00,yes
2026-10-05T03:14:37.929276Z,KXDOGE15M-26OCT042315-15,0.9990,3.00,yes
2026-10-05T03:14:37.929276Z,KXDOGE15M-26OCT042315-15,0.9990,1.00,yes
2026-10-05T03:14:37.929276Z,KXDOGE15M-26OCT042315-15,0.9990,10.00,yes
2026-10-05T03:14:38.117786Z,KXDOGE15M-26OCT042315-15,0.9990,135.44,no
2026-10-05T03:14:38.217785Z,KXDOGE15M-26OCT042315-15,0.9990,61.00,no
2026-10-05T03:14:38.610004Z,KXDOGE15M-26OCT042315-15,0.9990,323.14,no
2026-10-05T03:14:38.658239Z,KXDOGE15M-26OCT042315-15,0.9990,206.31,no
2026-10-05T03:14:39.140139Z,KXDOGE15M-26OCT042315-15,0.9990,15.19,no
2026-10-05T03:14:39.413717Z,KXDOGE15M-26OCT042315-15,0.9990,143.00,no
2026-10-05T03:14:39.413717Z,KXDOGE15M-26OCT042315-15,0.9980,0.86,no
2026-10-05T03:14:39.413717Z,KXDOGE15M-26OCT042315-15,0.9990,245.92,no
2026-10-05T03:14:40.514152Z,KXDOGE15M-26OCT042315-15,0.9950,35.98,no
2026-10-05T03:14:40.514152Z,KXDOGE15M-26OCT042315-15,0.9980,4.14,no
2026-10-05T03:14:42.491347Z,KXDOGE15M-26OCT042315-15,0.9990,1.00,no
2026-10-05T03:14:42.491347Z,KXDOGE15M-26OCT042315-15,0.9950,56.00,no
2026-10-05T03:14:42.491347Z,KXDOGE15M-26OCT042315-15,0.9940,29.61,no
2026-10-05T03:14:42.680796Z,KXDOGE15M-26OCT042315-15,0.9950,20.00,no
2026-10-05T03:14:43.017542Z,KXDOGE15M-26OCT042315-15,0.9990,20.00,yes
2026-10-05T03:14:43.017542Z,KXDOGE15M-26OCT042315-15,0.9990,98.00,yes
2026-10-05T03:14:43.017542Z,KXDOGE15M-26OCT042315-15,0.9990,10.00,yes
2026-10-05T03:14:43.139276Z,KXDOGE15M-26OCT042315-15,0.9940,76.69,no
2026-10-05T03:14:43.139276Z,KXDOGE15M-26OCT042315-15,0.9950,220.00,no
2026-10-05T03:14:43.139276Z,KXDOGE15M-26OCT042315-15,0.9950,56.00,no
2026-10-05T03:14:44.064764Z,KXDOGE15M-26OCT042315-15,0.9990,92.00,yes
2026-10-05T03:14:44.108525Z,KXDOGE15M-26OCT042315-15,0.9900,53.56,no
2026-10-05T03:14:44.108525Z,KXDOGE15M-26OCT042315-15,0.9940,393.70,no
2026-10-05T03:14:44.108525Z,KXDOGE15M-26OCT042315-15,0.9950,56.00,no
2026-10-05T03:14:44.108525Z,KXDOGE15M-26OCT042315-15,0.9960,173.00,no
2026-10-05T03:14:44.108525Z,KXDOGE15M-26OCT042315-15,0.9920,40.00,no
2026-10-05T03:14:44.108525Z,KXDOGE15M-26OCT042315-15,0.9920,40.00,no
2026-10-05T03:14:44.108525Z,KXDOGE15M-26OCT042315-15,0.9950,20.00,no
2026-10-05T03:14:44.108525Z,KXDOGE15M-26OCT042315-15,0.9980,10.00,no
2026-10-05T03:14:44.183565Z,KXDOGE15M-26OCT042315-15,0.9980,236.00,yes
2026-10-05T03:14:44.416235Z,KXDOGE15M-26OCT042315-15,0.9980,108.00,yes
2026-10-05T03:14:45.483954Z,KXDOGE15M-26OCT042315-15,0.9990,1.00,yes
2026-10-05T03:14:45.483954Z,KXDOGE15M-26OCT042315-15,0.9990,10.08,yes
2026-10-05T03:14:45.483954Z,KXDOGE15M-26OCT042315-15,0.9990,59.00,yes
2026-10-05T03:14:45.483954Z,KXDOGE15M-26OCT042315-15,0.9990,10.00,yes
2026-10-05T03:14:45.771697Z,KXDOGE15M-26OCT042315-15,0.9960,1.00,no
2026-10-05T03:14:45.771697Z,KXDOGE15M-26OCT042315-15,0.9970,5.00,no
2026-10-05T03:14:45.771697Z,KXDOGE15M-26OCT042315-15,0.9980,10.00,no
2026-10-05T03:14:45.771697Z,KXDOGE15M-26OCT042315-15,0.9920,35.88,no
2026-10-05T03:14:45.771697Z,KXDOGE15M-26OCT042315-15,0.9940,200.00,no
2026-10-05T03:14:45.771697Z,KXDOGE15M-26OCT042315-15,0.9950,56.00,no
2026-10-05T03:14:45.907779Z,KXDOGE15M-26OCT042315-15,0.9980,74.00,yes
2026-10-05T03:14:46.131041Z,KXDOGE15M-26OCT042315-15,0.9990,3.00,yes
2026-10-05T03:14:47.355672Z,KXDOGE15M-26OCT042315-15,0.9980,1.00,no
2026-10-05T03:14:47.355672Z,KXDOGE15M-26OCT042315-15,0.9980,32.43,no
2026-10-05T03:14:47.355672Z,KXDOGE15M-26OCT042315-15,0.9980,10.00,no
2026-10-05T03:14:49.02235Z,KXDOGE15M-26OCT042315-15,0.9990,1.00,yes
2026-10-05T03:14:49.503409Z,KXDOGE15M-26OCT042315-15,0.9990,3.00,yes
2026-10-05T03:14:49.805082Z,KXDOGE15M-26OCT042315-15,0.9980,1.00,no
2026-10-05T03:14:50.091758Z,KXDOGE15M-26OCT042315-15,0.9990,10.00,yes
2026-10-05T03:14:50.091758Z,KXDOGE15M-26OCT042315-15,0.9990,1.08,yes
2026-10-05T03:14:50.091758Z,KXDOGE15M-26OCT042315-15,0.9990,55.00,yes
2026-10-05T03:14:50.091758Z,KXDOGE15M-26OCT042315-15,0.9990,2.00,yes
2026-10-05T03:14:50.091758Z,KXDOGE15M-26OCT042315-15,0.9990,45.92,yes
2026-10-05T03:13:45.180297Z,KXZEC15M-26OCT042315-15,0.0900,0.03,no
2026-10-05T03:13:46.095202Z,KXZEC15M-26OCT042315-15,0.0600,1.00,no
2026-10-05T03:13:47.383348Z,KXZEC15M-26OCT042315-15,0.0600,0.97,no
2026-10-05T03:13:47.383348Z,KXZEC15M-26OCT042315-15,0.0600,0.03,no
2026-10-05T03:13:47.684593Z,KXZEC15M-26OCT042315-15,0.0900,0.03,yes
2026-10-05T03:13:47.684593Z,KXZEC15M-26OCT042315-15,0.0900,10.00,yes
2026-10-05T03:13:47.684593Z,KXZEC15M-26OCT042315-15,0.0910,0.03,yes
2026-10-05T03:13:47.684593Z,KXZEC15M-26OCT042315-15,0.0920,9.09,yes
2026-10-05T03:13:47.684593Z,KXZEC15M-26OCT042315-15,0.0920,0.03,yes
2026-10-05T03:13:47.684593Z,KXZEC15M-26OCT042315-15,0.0910,25.00,yes
2026-10-05T03:13:47.684593Z,KXZEC15M-26OCT042315-15,0.0900,21.00,yes
2026-10-05T03:13:47.685456Z,KXZEC15M-26OCT042315-15,0.0970,9.14,yes
2026-10-05T03:13:47.685456Z,KXZEC15M-26OCT042315-15,0.0960,0.03,yes
2026-10-05T03:13:47.685549Z,KXZEC15M-26OCT042315-15,0.1100,1.38,yes
2026-10-05T03:13:47.685549Z,KXZEC15M-26OCT042315-15,0.1100,5.62,yes
2026-10-05T03:13:47.685666Z,KXZEC15M-26OCT042315-15,0.1100,4.24,yes
2026-10-05T03:13:47.685666Z,KXZEC15M-26OCT042315-15,0.1100,1.00,yes
2026-10-05T03:13:47.685666Z,KXZEC15M-26OCT042315-15,0.1200,10.76,yes
2026-10-05T03:13:47.686993Z,KXZEC15M-26OCT042315-15,0.1200,5.00,yes
2026-10-05T03:13:47.697237Z,KXZEC15M-26OCT042315-15,0.0910,25.00,yes
2026-10-05T03:13:47.697806Z,KXZEC15M-26OCT042315-15,0.1200,10.00,yes
2026-10-05T03:13:47.697806Z,KXZEC15M-26OCT042315-15,0.0960,38.00,yes
2026-10-05T03:13:47.697806Z,KXZEC15M-26OCT042315-15,0.1400,0.03,yes
2026-10-05T03:13:47.697806Z,KXZEC15M-26OCT042315-15,0.1400,5.81,yes
2026-10-05T03:13:48.893939Z,KXZEC15M-26OCT042315-15,0.0970,0.03,no
2026-10-05T03:13:48.893939Z,KXZEC15M-26OCT042315-15,0.0970,19.00,no
2026-10-05T03:13:48.894201Z,KXZEC15M-26OCT042315-15,0.0960,1.00,no
2026-10-05T03:13:48.894201Z,KXZEC15M-26OCT042315-15,0.0940,1.00,no
2026-10-05T03:13:48.894201Z,KXZEC15M-26OCT042315-15,0.0950,0.03,no
2026-10-05T03:13:48.894201Z,KXZEC15M-26OCT042315-15,0.0960,0.03,no
2026-10-05T03:13:48.894201Z,KXZEC15M-26OCT042315-15,0.0940,0.03,no
2026-10-05T03:13:48.894201Z,KXZEC15M-26OCT042315-15,0.0960,18.00,no
2026-10-05T03:13:48.894201Z,KXZEC15M-26OCT042315-15,0.0900,0.03,no
2026-10-05T03:13:50.052057Z,KXZEC15M-26OCT042315-15,0.0560,1.00,no
2026-10-05T03:13:50.28303Z,KXZEC15M-26OCT042315-15,0.1100,5.62,yes
2026-10-05T03:13:50.28303Z,KXZEC15M-26OCT042315-15,0.1100,5.62,yes
2026-10-05T03:13:50.28303Z,KXZEC15M-26OCT042315-15,0.1100,11.00,yes
2026-10-05T03:13:50.28303Z,KXZEC15M-26OCT042315-15,0.1100,22.73,yes
2026-10-05T03:13:50.28303Z,KXZEC15M-26OCT042315-15,0.1100,5.00,yes
2026-10-05T03:13:50.28303Z,KXZEC15M-26OCT042315-15,0.1100,0.03,yes
2026-10-05T03:13:51.0176Z,KXZEC15M-26OCT042315-15,0.0500,2.09,no
2026-10-05T03:13:51.059049Z,KXZEC15M-26OCT042315-15,0.0500,0.09,no
2026-10-05T03:13:51.059049Z,KXZEC15M-26OCT042315-15,0.0500,0.91,no
2026-10-05T03:13:51.447152Z,KXZEC15M-26OCT042315-15,0.0500,0.03,no
2026-10-05T03:13:51.447152Z,KXZEC15M-26OCT042315-15,0.0500,0.91,no
2026-10-05T03:13:51.653581Z,KXZEC15M-26OCT042315-15,0.0350,77.77,no
2026-10-05T03:13:51.653581Z,KXZEC15M-26OCT042315-15,0.0400,1.00,no
2026-10-05T03:13:51.653581Z,KXZEC15M-26OCT042315-15,0.0350,21.00,no
2026-10-05T03:13:51.781381Z,KXZEC15M-26OCT042315-15,0.0790,4.26,yes
2026-10-05T03:13:53.07307Z,KXZEC15M-26OCT042315-15,0.0370,2.00,no
2026-10-05T03:13:53.680297Z,KXZEC15M-26OCT042315-15,0.0340,18.00,no
2026-10-05T03:13:53.843489Z,KXZEC15M-26OCT042315-15,0.0310,23.00,no
2026-10-05T03:13:53.843489Z,KXZEC15M-26OCT042315-15,0.0300,24.34,no
2026-10-05T03:13:53.843489Z,KXZEC15M-26OCT042315-15,0.0300,12.00,no
2026-10-05T03:13:53.843489Z,KXZEC15M-26OCT042315-15,0.0300,6.66,no
2026-10-05T03:13:53.843489Z,KXZEC15M-26OCT042315-15,0.0310,1.00,no
2026-10-05T03:13:54.025072Z,KXZEC15M-26OCT042315-15,0.0380,1.42,yes
2026-10-05T03:13:54.025072Z,KXZEC15M-26OCT042315-15,0.0600,10.45,yes
2026-10-05T03:13:54.025072Z,KXZEC15M-26OCT042315-15,0.0380,0.03,yes
2026-10-05T03:13:54.037164Z,KXZEC15M-26OCT042315-15,0.0590,8.77,yes
2026-10-05T03:13:54.037164Z,KXZEC15M-26OCT042315-15,0.0600,10.45,yes
2026-10-05T03:13:54.037164Z,KXZEC15M-26OCT042315-15,0.0590,8.77,yes
2026-10-05T03:13:54.037164Z,KXZEC15M-26OCT042315-15,0.0610,3.46,yes
2026-10-05T03:13:54.037164Z,KXZEC15M-26OCT042315-15,0.0600,9.55,yes
2026-10-05T03:13:56.150706Z,KXZEC15M-26OCT042315-15,0.0610,14.00,yes
2026-10-05T03:13:56.150706Z,KXZEC15M-26OCT042315-15,0.0700,6.70,yes
2026-10-05T03:13:56.150706Z,KXZEC15M-26OCT042315-15,0.0610,0.03,yes
2026-10-05T03:13:56.150706Z,KXZEC15M-26OCT042315-15,0.0660,8.83,yes
2026-10-05T03:13:56.150706Z,KXZEC15M-26OCT042315-15,0.0660,0.03,yes
2026-10-05T03:13:56.150706Z,KXZEC15M-26OCT042315-15,0.0670,8.84,yes
2026-10-05T03:13:56.150706Z,KXZEC15M-26OCT042315-15,0.0690,19.00,yes
2026-10-05T03:13:56.150706Z,KXZEC15M-26OCT042315-15,0.0610,8.79,yes
2026-10-05T03:13:56.150706Z,KXZEC15M-26OCT042315-15,0.0610,5.33,yes
2026-10-05T03:13:57.05668Z,KXZEC15M-26OCT042315-15,0.0300,0.66,no
2026-10-05T03:13:57.05668Z,KXZEC15M-26OCT042315-15,0.0290,17.31,no
2026-10-05T03:13:57.05668Z,KXZEC15M-26OCT042315-15,0.0300,0.03,no
2026-10-05T03:13:57.05668Z,KXZEC15M-26OCT042315-15,0.0300,22.00,no
2026-10-05T03:13:57.765455Z,KXZEC15M-26OCT042315-15,0.0230,0.03,no
2026-10-05T03:13:57.765455Z,KXZEC15M-26OCT042315-15,0.0240,0.03,no
2026-10-05T03:13:57.765455Z,KXZEC15M-26OCT042315-15,0.0250,0.03,no
2026-10-05T03:13:57.765455Z,KXZEC15M-26OCT042315-15,0.0240,1.00,no
2026-10-05T03:13:57.765455Z,KXZEC15M-26OCT042315-15,0.0220,2.91,no
2026-10-05T03:13:57.765455Z,KXZEC15M-26OCT042315-15,0.0240,6.00,no
2026-10-05T03:13:57.765455Z,KXZEC15M-26OCT042315-15,0.0230,6.00,no
2026-10-05T03:13:57.765455Z,KXZEC15M-26OCT042315-15,0.0250,6.00,no
2026-10-05T03:13:58.803143Z,KXZEC15M-26OCT042315-15,0.0220,19.88,no
2026-10-05T03:13:58.803143Z,KXZEC15M-26OCT042315-15,0.0220,0.03,no
2026-10-05T03:13:58.803143Z,KXZEC15M-26OCT042315-15,0.0220,0.09,no
2026-10-05T03:14:00.070498Z,KXZEC15M-26OCT042315-15,0.0210,20.00,no
2026-10-05T03:14:00.070498Z,KXZEC15M-26OCT042315-15,0.0210,0.03,no
2026-10-05T03:14:00.070498Z,KXZEC15M-26OCT042315-15,0.0200,11.00,no
2026-10-05T03:14:00.070498Z,KXZEC15M-26OCT042315-15,0.0200,20.00,no
2026-10-05T03:14:00.070498Z,KXZEC15M-26OCT042315-15,0.0200,2.97,no
2026-10-05T03:14:00.070498Z,KXZEC15M-26OCT042315-15,0.0210,3.00,no
2026-10-05T03:14:00.070498Z,KXZEC15M-26OCT042315-15,0.0210,1.00,no
2026-10-05T03:14:00.087436Z,KXZEC15M-26OCT042315-15,0.0200,20.00,no
2026-10-05T03:14:00.087436Z,KXZEC15M-26OCT042315-15,0.0200,0.03,no
2026-10-05T03:14:00.087436Z,KXZEC15M-26OCT042315-15,0.0200,0.03,no
2026-10-05T03:14:00.980507Z,KXZEC15M-26OCT042315-15,0.0220,2.09,yes
2026-10-05T03:14:01.136053Z,KXZEC15M-26OCT042315-15,0.0210,2.00,yes
2026-10-05T03:14:01.136129Z,KXZEC15M-26OCT042315-15,0.0210,43.00,yes
2026-10-05T03:14:01.136178Z,KXZEC15M-26OCT042315-15,0.0210,50.00,yes
2026-10-05T03:14:01.136189Z,KXZEC15M-26OCT042315-15,0.0210,5.00,yes
2026-10-05T03:14:01.136189Z,KXZEC15M-26OCT042315-15,0.0220,20.00,yes
2026-10-05T03:14:01.136384Z,KXZEC15M-26OCT042315-15,0.0370,3.00,yes
2026-10-05T03:14:01.136384Z,KXZEC15M-26OCT042315-15,0.0380,0.03,yes
2026-10-05T03:14:01.136384Z,KXZEC15M-26OCT042315-15,0.0370,0.03,yes
2026-10-05T03:14:01.136384Z,KXZEC15M-26OCT042315-15,0.0370,1.00,yes
2026-10-05T03:14:01.136384Z,KXZEC15M-26OCT042315-15,0.0310,5.00,yes
2026-10-05T03:14:01.136686Z,KXZEC15M-26OCT042315-15,0.0400,0.03,yes
2026-10-05T03:14:01.356263Z,KXZEC15M-26OCT042315-15,0.0160,5.00,no
2026-10-05T03:14:01.61628Z,KXZEC15M-26OCT042315-15,0.0780,2.00,yes
2026-10-05T03:14:01.61628Z,KXZEC15M-26OCT042315-15,0.0450,1.00,yes
2026-10-05T03:14:01.61628Z,KXZEC15M-26OCT042315-15,0.0780,19.27,yes
2026-10-05T03:14:01.61628Z,KXZEC15M-26OCT042315-15,0.0250,4.00,yes
2026-10-05T03:14:01.61628Z,KXZEC15M-26OCT042315-15,0.0770,23.00,yes
2026-10-05T03:14:01.770547Z,KXZEC15M-26OCT042315-15,0.0160,10.00,no
2026-10-05T03:14:01.80527Z,KXZEC15M-26OCT042315-15,0.0160,50.00,no
2026-10-05T03:14:01.877871Z,KXZEC15M-26OCT042315-15,0.0500,19.00,yes
2026-10-05T03:14:01.911392Z,KXZEC15M-26OCT042315-15,0.0160,20.00,no
2026-10-05T03:14:02.1127Z,KXZEC15M-26OCT042315-15,0.0330,10.00,no
2026-10-05T03:14:02.873055Z,KXZEC15M-26OCT042315-15,0.0210,1.00,no
2026-10-05T03:14:02.928302Z,KXZEC15M-26OCT042315-15,0.0200,0.03,no
2026-10-05T03:14:02.928302Z,KXZEC15M-26OCT042315-15,0.0190,0.94,no
2026-10-05T03:14:02.928302Z,KXZEC15M-26OCT042315-15,0.0210,0.03,no
2026-10-05T03:14:04.074906Z,KXZEC15M-26OCT042315-15,0.0280,100.00,no
2026-10-05T03:14:04.768192Z,KXZEC15M-26OCT042315-15,0.0300,0.03,yes
2026-10-05T03:14:04.768192Z,KXZEC15M-26OCT042315-15,0.0290,0.94,yes
2026-10-05T03:14:04.768192Z,KXZEC15M-26OCT042315-15,0.0290,3.00,yes
2026-10-05T03:14:04.768192Z,KXZEC15M-26OCT042315-15,0.0300,0.71,yes
2026-10-05T03:14:04.768192Z,KXZEC15M-26OCT042315-15,0.0500,1.00,yes
2026-10-05T03:14:04.768192Z,KXZEC15M-26OCT042315-15,0.0500,0.03,yes
2026-10-05T03:14:04.772434Z,KXZEC15M-26OCT042315-15,0.0730,23.00,yes
2026-10-05T03:14:04.772434Z,KXZEC15M-26OCT042315-15,0.0740,1.71,yes
2026-10-05T03:14:04.772628Z,KXZEC15M-26OCT042315-15,0.0780,0.03,yes
2026-10-05T03:14:04.772628Z,KXZEC15M-26OCT042315-15,0.0740,17.29,yes
2026-10-05T03:14:04.773439Z,KXZEC15M-26OCT042315-15,0.0840,16.00,yes
2026-10-05T03:14:04.773451Z,KXZEC15M-26OCT042315-15,0.0840,10.00,yes
2026-10-05T03:14:04.774482Z,KXZEC15M-26OCT042315-15,0.0840,74.00,yes
2026-10-05T03:14:04.774482Z,KXZEC15M-26OCT042315-15,0.1000,20.00,yes
2026-10-05T03:14:04.777871Z,KXZEC15M-26OCT042315-15,0.1200,0.01,yes
2026-10-05T03:14:04.777871Z,KXZEC15M-26OCT042315-15,0.1200,0.03,yes
2026-10-05T03:14:04.778718Z,KXZEC15M-26OCT042315-15,0.1900,0.03,yes
2026-10-05T03:14:04.778718Z,KXZEC15M-26OCT042315-15,0.2400,0.03,yes
2026-10-05T03:14:04.778718Z,KXZEC15M-26OCT042315-15,0.2100,0.01,yes
2026-10-05T03:14:04.778718Z,KXZEC15M-26OCT042315-15,0.1400,1.00,yes
2026-10-05T03:14:04.778718Z,KXZEC15M-26OCT042315-15,0.1300,0.50,yes
2026-10-05T03:14:04.778718Z,KXZEC15M-26OCT042315-15,0.1300,0.03,yes
2026-10-05T03:14:04.788265Z,KXZEC15M-26OCT042315-15,0.0770,23.00,yes
2026-10-05T03:14:04.788265Z,KXZEC15M-26OCT042315-15,0.0830,25.00,yes
2026-10-05T03:14:04.789005Z,KXZEC15M-26OCT042315-15,0.2900,0.03,yes
2026-10-05T03:14:04.789005Z,KXZEC15M-26OCT042315-15,0.3300,0.03,yes
2026-10-05T03:14:04.824747Z,KXZEC15M-26OCT042315-15,0.4300,0.03,yes
2026-10-05T03:14:04.824747Z,KXZEC15M-26OCT042315-15,0.3800,0.03,yes
2026-10-05T03:14:04.826729Z,KXZEC15M-26OCT042315-15,0.3400,1.33,no
2026-10-05T03:14:04.828823Z,KXZEC15M-26OCT042315-15,0.4700,12.00,yes
2026-10-05T03:14:04.841081Z,KXZEC15M-26OCT042315-15,0.5200,15.00,yes
2026-10-05T03:14:04.847984Z,KXZEC15M-26OCT042315-15,0.5100,4.22,no
2026-10-05T03:14:04.888232Z,KXZEC15M-26OCT042315-15,0.5100,7.04,no
2026-10-05T03:14:04.932863Z,KXZEC15M-26OCT042315-15,0.5700,0.03,yes
2026-10-05T03:14:04.932863Z,KXZEC15M-26OCT042315-15,0.5700,18.00,yes
2026-10-05T03:14:04.933203Z,KXZEC15M-26OCT042315-15,0.5800,66.00,yes
2026-10-05T03:14:04.933203Z,KXZEC15M-26OCT042315-15,0.6200,21.00,yes
2026-10-05T03:14:04.950374Z,KXZEC15M-26OCT042315-15,0.6100,31.00,yes
2026-10-05T03:14:04.953393Z,KXZEC15M-26OCT042315-15,0.6700,100.00,yes
2026-10-05T03:14:04.953393Z,KXZEC15M-26OCT042315-15,0.6700,24.00,yes
2026-10-05T03:14:05.041152Z,KXZEC15M-26OCT042315-15,0.5200,5.00,no
2026-10-05T03:14:05.059344Z,KXZEC15M-26OCT042315-15,0.5200,5.00,no
2026-10-05T03:14:05.059344Z,KXZEC15M-26OCT042315-15,0.5100,0.03,no
2026-10-05T03:14:05.059344Z,KXZEC15M-26OCT042315-15,0.5000,10.00,no
2026-10-05T03:14:05.064059Z,KXZEC15M-26OCT042315-15,0.4700,32.00,no
2026-10-05T03:14:05.077265Z,KXZEC15M-26OCT042315-15,0.4700,10.00,no
2026-10-05T03:14:05.077265Z,KXZEC15M-26OCT042315-15,0.4600,0.03,no
2026-10-05T03:14:05.079445Z,KXZEC15M-26OCT042315-15,0.4700,15.03,no
2026-10-05T03:14:05.085902Z,KXZEC15M-26OCT042315-15,0.4700,16.97,no
2026-10-05T03:14:05.105464Z,KXZEC15M-26OCT042315-15,0.4700,15.03,no
2026-10-05T03:14:05.133657Z,KXZEC15M-26OCT042315-15,0.4800,4.22,yes
2026-10-05T03:14:05.215229Z,KXZEC15M-26OCT042315-15,0.4300,15.00,yes
2026-10-05T03:14:05.216616Z,KXZEC15M-26OCT042315-15,0.4300,12.00,yes
2026-10-05T03:14:05.217344Z,KXZEC15M-26OCT042315-15,0.3700,10.00,no
2026-10-05T03:14:05.232997Z,KXZEC15M-26OCT042315-15,0.3200,18.00,yes
2026-10-05T03:14:05.3388Z,KXZEC15M-26OCT042315-15,0.3200,0.03,yes
2026-10-05T03:14:05.3388Z,KXZEC15M-26OCT042315-15,0.3700,0.03,yes
2026-10-05T03:14:05.3388Z,KXZEC15M-26OCT042315-15,0.3800,20.94,yes
2026-10-05T03:14:05.392525Z,KXZEC15M-26OCT042315-15,0.3800,24.00,yes
2026-10-05T03:14:05.395288Z,KXZEC15M-26OCT042315-15,0.2500,29.00,no
2026-10-05T03:14:05.395288Z,KXZEC15M-26OCT042315-15,0.3400,100.00,no
2026-10-05T03:14:05.395288Z,KXZEC15M-26OCT042315-15,0.2900,100.00,no
2026-10-05T03:14:05.395288Z,KXZEC15M-26OCT042315-15,0.2700,47.00,no
2026-10-05T03:14:05.395288Z,KXZEC15M-26OCT042315-15,0.2600,31.00,no
2026-10-05T03:14:05.39801Z,KXZEC15M-26OCT042315-15,0.4200,29.00,yes
2026-10-05T03:14:05.561679Z,KXZEC15M-26OCT042315-15,0.4900,0.03,no
2026-10-05T03:14:05.561679Z,KXZEC15M-26OCT042315-15,0.5000,5.00,no
2026-10-05T03:14:05.563178Z,KXZEC15M-26OCT042315-15,0.4500,0.03,no
2026-10-05T03:14:05.56886Z,KXZEC15M-26OCT042315-15,0.4200,30.79,no
2026-10-05T03:14:05.821044Z,KXZEC15M-26OCT042315-15,0.3600,1.49,no
2026-10-05T03:14:06.070683Z,KXZEC15M-26OCT042315-15,0.3300,100.00,yes
2026-10-05T03:14:06.101231Z,KXZEC15M-26OCT042315-15,0.4100,100.00,no
2026-10-05T03:14:06.199566Z,KXZEC15M-26OCT042315-15,0.4200,100.00,yes
2026-10-05T03:14:06.199566Z,KXZEC15M-26OCT042315-15,0.4600,100.00,yes
2026-10-05T03:14:06.199566Z,KXZEC15M-26OCT042315-15,0.4500,29.00,yes
2026-10-05T03:14:06.199566Z,KXZEC15M-26OCT042315-15,0.5100,77.97,yes
2026-10-05T03:14:06.199566Z,KXZEC15M-26OCT042315-15,0.4600,0.03,yes
2026-10-05T03:14:06.21574Z,KXZEC15M-26OCT042315-15,0.4100,5.00,yes
2026-10-05T03:14:06.261272Z,KXZEC15M-26OCT042315-15,0.4500,100.00,yes
2026-10-05T03:14:06.261272Z,KXZEC15M-26OCT042315-15,0.4100,95.00,yes
2026-10-05T03:14:06.261272Z,KXZEC15M-26OCT042315-15,0.4400,29.00,yes
2026-10-05T03:14:06.762405Z,KXZEC15M-26OCT042315-15,0.5000,1.58,no
2026-10-05T03:14:06.762405Z,KXZEC15M-26OCT042315-15,0.4900,35.42,no
2026-10-05T03:14:06.762405Z,KXZEC15M-26OCT042315-15,0.5000,5.00,no
2026-10-05T03:14:06.762851Z,KXZEC15M-26OCT042315-15,0.4700,30.42,no
2026-10-05T03:14:06.762851Z,KXZEC15M-26OCT042315-15,0.4900,1.58,no
2026-10-05T03:14:06.763042Z,KXZEC15M-26OCT042315-15,0.4700,1.58,no
2026-10-05T03:14:07.727779Z,KXZEC15M-26OCT042315-15,0.4100,19.00,yes
2026-10-05T03:14:07.926116Z,KXZEC15M-26OCT042315-15,0.4200,19.00,yes
2026-10-05T03:14:08.079495Z,KXZEC15M-26OCT042315-15,0.4700,18.00,yes
2026-10-05T03:14:08.079495Z,KXZEC15M-26OCT042315-15,0.4500,18.00,yes
2026-10-05T03:14:08.998566Z,KXZEC15M-26OCT042315-15,0.4600,0.03,yes
2026-10-05T03:14:09.003361Z,KXZEC15M-26OCT042315-15,0.4700,0.03,yes
2026-10-05T03:14:09.003361Z,KXZEC15M-26OCT042315-15,0.5000,31.00,yes
2026-10-05T03:14:09.003361Z,KXZEC15M-26OCT042315-15,0.5000,0.03,yes
2026-10-05T03:14:09.081397Z,KXZEC15M-26OCT042315-15,0.5100,0.03,yes
2026-10-05T03:14:09.081397Z,KXZEC15M-26OCT042315-15,0.5500,18.00,yes
2026-10-05T03:14:09.103562Z,KXZEC15M-26OCT042315-15,0.5600,19.00,yes
2026-10-05T03:14:09.279558Z,KXZEC15M-26OCT042315-15,0.6200,20.00,no
2026-10-05T03:14:09.279558Z,KXZEC15M-26OCT042315-15,0.6300,5.00,no
2026-10-05T03:14:10.318039Z,KXZEC15M-26OCT042315-15,0.5900,6.07,no
2026-10-05T03:14:10.668725Z,KXZEC15M-26OCT042315-15,0.6000,1.00,yes
2026-10-05T03:14:11.294469Z,KXZEC15M-26OCT042315-15,0.5900,6.00,no
2026-10-05T03:14:13.008294Z,KXZEC15M-26OCT042315-15,0.6000,31.00,yes
2026-10-05T03:14:13.008294Z,KXZEC15M-26OCT042315-15,0.6100,100.00,yes
2026-10-05T03:14:13.008294Z,KXZEC15M-26OCT042315-15,0.6000,15.00,yes
2026-10-05T03:14:13.008294Z,KXZEC15M-26OCT042315-15,0.6100,0.03,yes
2026-10-05T03:14:13.008294Z,KXZEC15M-26OCT042315-15,0.6000,0.03,yes
2026-10-05T03:14:13.008294Z,KXZEC15M-26OCT042315-15,0.5900,10.00,yes
2026-10-05T03:14:13.116366Z,KXZEC15M-26OCT042315-15,0.5900,100.00,yes
2026-10-05T03:14:13.116366Z,KXZEC15M-26OCT042315-15,0.6500,17.97,yes
2026-10-05T03:14:13.116366Z,KXZEC15M-26OCT042315-15,0.6000,15.00,yes
2026-10-05T03:14:13.116366Z,KXZEC15M-26OCT042315-15,0.6400,20.00,yes
2026-10-05T03:14:13.116366Z,KXZEC15M-26OCT042315-15,0.6400,0.03,yes
2026-10-05T03:14:13.19969Z,KXZEC15M-26OCT042315-15,0.5900,0.03,yes
2026-10-05T03:14:13.19969Z,KXZEC15M-26OCT042315-15,0.6000,100.00,yes
2026-10-05T03:14:13.19969Z,KXZEC15M-26OCT042315-15,0.6000,15.00,yes
2026-10-05T03:14:13.586718Z,KXZEC15M-26OCT042315-15,0.6000,14.99,no
2026-10-05T03:14:13.610973Z,KXZEC15M-26OCT042315-15,0.6000,24.01,no
2026-10-05T03:14:13.610973Z,KXZEC15M-26OCT042315-15,0.6000,75.00,no
2026-10-05T03:14:13.890714Z,KXZEC15M-26OCT042315-15,0.5800,11.00,no
2026-10-05T03:14:13.966552Z,KXZEC15M-26OCT042315-15,0.5800,27.00,no
2026-10-05T03:14:13.966552Z,KXZEC15M-26OCT042315-15,0.5600,9.24,no
2026-10-05T03:14:13.966552Z,KXZEC15M-26OCT042315-15,0.5700,5.00,no
2026-10-05T03:14:14.104234Z,KXZEC15M-26OCT042315-15,0.6300,0.03,yes
2026-10-05T03:14:14.104234Z,KXZEC15M-26OCT042315-15,0.6200,100.00,yes
2026-10-05T03:14:14.104234Z,KXZEC15M-26OCT042315-15,0.6200,19.00,yes
2026-10-05T03:14:14.104234Z,KXZEC15M-26OCT042315-15,0.6600,1.00,yes
2026-10-05T03:14:14.104234Z,KXZEC15M-26OCT042315-15,0.6600,14.00,yes
2026-10-05T03:14:14.104234Z,KXZEC15M-26OCT042315-15,0.6600,0.03,yes
2026-10-05T03:14:14.104234Z,KXZEC15M-26OCT042315-15,0.6300,20.00,yes
2026-10-05T03:14:14.104234Z,KXZEC15M-26OCT042315-15,0.6200,0.03,yes
2026-10-05T03:14:14.104234Z,KXZEC15M-26OCT042315-15,0.6600,1.00,yes
2026-10-05T03:14:14.104234Z,KXZEC15M-26OCT042315-15,0.6700,7.91,yes
2026-10-05T03:14:14.379449Z,KXZEC15M-26OCT042315-15,0.5900,89.00,yes
2026-10-05T03:14:14.385136Z,KXZEC15M-26OCT042315-15,0.5800,22.00,no
2026-10-05T03:14:14.466329Z,KXZEC15M-26OCT042315-15,0.6000,2.00,yes
2026-10-05T03:14:14.466329Z,KXZEC15M-26OCT042315-15,0.6000,15.00,yes
2026-10-05T03:14:14.466329Z,KXZEC15M-26OCT042315-15,0.6100,23.00,yes
2026-10-05T03:14:14.69679Z,KXZEC15M-26OCT042315-15,0.5800,16.00,no
2026-10-05T03:14:14.69679Z,KXZEC15M-26OCT042315-15,0.5800,0.03,no
2026-10-05T03:14:14.878442Z,KXZEC15M-26OCT042315-15,0.5800,38.00,no
2026-10-05T03:14:14.878442Z,KXZEC15M-26OCT042315-15,0.5800,0.03,no
2026-10-05T03:14:14.8789Z,KXZEC15M-26OCT042315-15,0.5600,28.76,no
2026-10-05T03:14:14.8789Z,KXZEC15M-26OCT042315-15,0.5600,0.03,no
2026-10-05T03:14:14.8789Z,KXZEC15M-26OCT042315-15,0.5700,0.03,no
2026-10-05T03:14:14.8789Z,KXZEC15M-26OCT042315-15,0.5700,31.00,no
2026-10-05T03:14:14.879253Z,KXZEC15M-26OCT042315-15,0.5500,0.03,no
2026-10-05T03:14:14.879253Z,KXZEC15M-26OCT042315-15,0.5500,78.00,no
2026-10-05T03:14:14.880343Z,KXZEC15M-26OCT042315-15,0.5300,0.03,no
2026-10-05T03:14:14.880343Z,KXZEC15M-26OCT042315-15,0.5300,100.00,no
2026-10-05T03:14:14.883818Z,KXZEC15M-26OCT042315-15,0.5600,5.00,no
2026-10-05T03:14:15.091227Z,KXZEC15M-26OCT042315-15,0.4300,100.00,yes
2026-10-05T03:14:15.091227Z,KXZEC15M-26OCT042315-15,0.3800,100.00,yes
2026-10-05T03:14:15.091227Z,KXZEC15M-26OCT042315-15,0.3700,29.00,yes
2026-10-05T03:14:15.091227Z,KXZEC15M-26OCT042315-15,0.4800,73.00,yes
2026-10-05T03:14:15.091227Z,KXZEC15M-26OCT042315-15,0.3600,5.00,yes
2026-10-05T03:14:15.179249Z,KXZEC15M-26OCT042315-15,0.4000,1.00,yes
2026-10-05T03:14:15.752926Z,KXZEC15M-26OCT042315-15,0.4000,19.00,yes
2026-10-05T03:14:15.752926Z,KXZEC15M-26OCT042315-15,0.3900,5.00,yes
2026-10-05T03:14:16.055593Z,KXZEC15M-26OCT042315-15,0.4200,19.00,yes
2026-10-05T03:14:16.055593Z,KXZEC15M-26OCT042315-15,0.4100,5.00,yes
2026-10-05T03:14:16.086144Z,KXZEC15M-26OCT042315-15,0.4500,7.85,no
2026-10-05T03:14:16.946803Z,KXZEC15M-26OCT042315-15,0.5100,5.00,yes
2026-10-05T03:14:16.946803Z,KXZEC15M-26OCT042315-15,0.5100,18.00,yes
2026-10-05T03:14:16.966168Z,KXZEC15M-26OCT042315-15,0.5100,5.00,yes
2026-10-05T03:14:16.974256Z,KXZEC15M-26OCT042315-15,0.5000,19.32,no
2026-10-05T03:14:16.99974Z,KXZEC15M-26OCT042315-15,0.5000,71.55,no
2026-10-05T03:14:17.447074Z,KXZEC15M-26OCT042315-15,0.4800,18.00,yes
2026-10-05T03:14:17.447074Z,KXZEC15M-26OCT042315-15,0.4700,5.00,yes
2026-10-05T03:14:17.459018Z,KXZEC15M-26OCT042315-15,0.4600,5.00,yes
2026-10-05T03:14:17.459018Z,KXZEC15M-26OCT042315-15,0.4700,13.00,yes
2026-10-05T03:14:17.464244Z,KXZEC15M-26OCT042315-15,0.4700,5.00,yes
2026-10-05T03:14:17.999484Z,KXZEC15M-26OCT042315-15,0.4700,18.00,yes
2026-10-05T03:14:17.999484Z,KXZEC15M-26OCT042315-15,0.4600,5.00,yes
2026-10-05T03:14:18.070456Z,KXZEC15M-26OCT042315-15,0.3800,100.00,no
2026-10-05T03:14:18.070456Z,KXZEC15M-26OCT042315-15,0.4500,92.15,no
2026-10-05T03:14:18.070456Z,KXZEC15M-26OCT042315-15,0.3900,30.00,no
2026-10-05T03:14:18.070456Z,KXZEC15M-26OCT042315-15,0.4500,0.03,no
2026-10-05T03:14:18.09409Z,KXZEC15M-26OCT042315-15,0.4700,18.00,yes
2026-10-05T03:14:18.09409Z,KXZEC15M-26OCT042315-15,0.4600,5.00,yes
2026-10-05T03:14:18.095747Z,KXZEC15M-26OCT042315-15,0.4900,10.00,yes
2026-10-05T03:14:18.095747Z,KXZEC15M-26OCT042315-15,0.5400,19.00,yes
2026-10-05T03:14:18.095747Z,KXZEC15M-26OCT042315-15,0.5400,9.00,yes
2026-10-05T03:14:18.099474Z,KXZEC15M-26OCT042315-15,0.5500,18.00,yes
2026-10-05T03:14:18.099474Z,KXZEC15M-26OCT042315-15,0.5600,0.03,yes
2026-10-05T03:14:18.099474Z,KXZEC15M-26OCT042315-15,0.5500,0.03,yes
2026-10-05T03:14:18.100195Z,KXZEC15M-26OCT042315-15,0.5800,100.00,yes
2026-10-05T03:14:18.105527Z,KXZEC15M-26OCT042315-15,0.5400,13.37,yes
2026-10-05T03:14:18.106818Z,KXZEC15M-26OCT042315-15,0.5400,0.63,yes
2026-10-05T03:14:18.106818Z,KXZEC15M-26OCT042315-15,0.5700,29.00,yes
2026-10-05T03:14:18.106818Z,KXZEC15M-26OCT042315-15,0.5800,5.00,yes
2026-10-05T03:14:18.111797Z,KXZEC15M-26OCT042315-15,0.5800,10.00,no
2026-10-05T03:14:18.186709Z,KXZEC15M-26OCT042315-15,0.5800,29.96,no
2026-10-05T03:14:18.286114Z,KXZEC15M-26OCT042315-15,0.4600,34.00,no
2026-10-05T03:14:18.335134Z,KXZEC15M-26OCT042315-15,0.4900,5.00,yes
2026-10-05T03:14:19.093052Z,KXZEC15M-26OCT042315-15,0.3900,39.00,no
2026-10-05T03:14:19.093052Z,KXZEC15M-26OCT042315-15,0.3800,8.97,no
2026-10-05T03:14:19.093052Z,KXZEC15M-26OCT042315-15,0.3900,30.00,no
2026-10-05T03:14:19.093052Z,KXZEC15M-26OCT042315-15,0.3900,0.03,no
2026-10-05T03:14:19.641342Z,KXZEC15M-26OCT042315-15,0.3900,4.71,no
2026-10-05T03:14:19.806119Z,KXZEC15M-26OCT042315-15,0.4000,2.00,yes
2026-10-05T03:14:20.113674Z,KXZEC15M-26OCT042315-15,0.3300,100.00,no
2026-10-05T03:14:20.113674Z,KXZEC15M-26OCT042315-15,0.3700,40.00,no
2026-10-05T03:14:20.113674Z,KXZEC15M-26OCT042315-15,0.3400,30.00,no
2026-10-05T03:14:20.113674Z,KXZEC15M-26OCT042315-15,0.3900,34.29,no
2026-10-05T03:14:20.113674Z,KXZEC15M-26OCT042315-15,0.2800,100.00,no
2026-10-05T03:14:20.151841Z,KXZEC15M-26OCT042315-15,0.3800,30.00,no
2026-10-05T03:14:20.471672Z,KXZEC15M-26OCT042315-15,0.3500,20.00,yes
2026-10-05T03:14:20.707601Z,KXZEC15M-26OCT042315-15,0.3400,9.66,no
2026-10-05T03:14:20.920072Z,KXZEC15M-26OCT042315-15,0.2900,16.09,yes
2026-10-05T03:14:20.925145Z,KXZEC15M-26OCT042315-15,0.2900,5.91,yes
2026-10-05T03:14:20.925145Z,KXZEC15M-26OCT042315-15,0.2900,4.28,yes
2026-10-05T03:14:20.986761Z,KXZEC15M-26OCT042315-15,0.2900,22.00,yes
2026-10-05T03:14:20.986761Z,KXZEC15M-26OCT042315-15,0.2900,5.00,yes
2026-10-05T03:14:21.005927Z,KXZEC15M-26OCT042315-15,0.2900,22.00,yes
2026-10-05T03:14:21.005927Z,KXZEC15M-26OCT042315-15,0.2900,5.00,yes
2026-10-05T03:14:21.055595Z,KXZEC15M-26OCT042315-15,0.3000,5.00,yes
2026-10-05T03:14:21.055595Z,KXZEC15M-26OCT042315-15,0.3100,21.00,yes
2026-10-05T03:14:21.068323Z,KXZEC15M-26OCT042315-15,0.2900,5.00,yes
2026-10-05T03:14:21.201453Z,KXZEC15M-26OCT042315-15,0.3300,15.00,no
2026-10-05T03:14:21.288568Z,KXZEC15M-26OCT042315-15,0.3300,1.40,no
2026-10-05T03:14:21.594699Z,KXZEC15M-26OCT042315-15,0.3400,20.00,yes
2026-10-05T03:14:21.594699Z,KXZEC15M-26OCT042315-15,0.3400,5.00,yes
2026-10-05T03:14:21.594699Z,KXZEC15M-26OCT042315-15,0.3600,20.00,yes
2026-10-05T03:14:21.594699Z,KXZEC15M-26OCT042315-15,0.4200,29.00,yes
2026-10-05T03:14:21.594699Z,KXZEC15M-26OCT042315-15,0.4300,94.73,yes
2026-10-05T03:14:21.751987Z,KXZEC15M-26OCT042315-15,0.3300,1.45,no
2026-10-05T03:14:21.977577Z,KXZEC15M-26OCT042315-15,0.3400,20.00,yes
2026-10-05T03:14:22.091116Z,KXZEC15M-26OCT042315-15,0.3300,82.15,no
2026-10-05T03:14:22.091116Z,KXZEC15M-26OCT042315-15,0.2900,30.00,no
2026-10-05T03:14:22.091116Z,KXZEC15M-26OCT042315-15,0.2800,100.00,no
2026-10-05T03:14:23.097838Z,KXZEC15M-26OCT042315-15,0.3400,73.99,no
2026-10-05T03:14:23.745157Z,KXZEC15M-26OCT042315-15,0.3100,31.00,no
2026-10-05T03:14:23.745157Z,KXZEC15M-26OCT042315-15,0.3400,26.01,no
2026-10-05T03:14:23.745157Z,KXZEC15M-26OCT042315-15,0.3000,56.75,no
2026-10-05T03:14:24.091582Z,KXZEC15M-26OCT042315-15,0.3000,43.25,no
2026-10-05T03:14:24.091582Z,KXZEC15M-26OCT042315-15,0.3400,100.00,no
2026-10-05T03:14:24.15382Z,KXZEC15M-26OCT042315-15,0.3400,5.00,yes
2026-10-05T03:14:24.15382Z,KXZEC15M-26OCT042315-15,0.3400,20.00,yes
2026-10-05T03:14:24.240505Z,KXZEC15M-26OCT042315-15,0.3400,20.00,yes
2026-10-05T03:14:24.240505Z,KXZEC15M-26OCT042315-15,0.3400,5.00,yes
2026-10-05T03:14:24.265952Z,KXZEC15M-26OCT042315-15,0.3400,20.00,yes
2026-10-05T03:14:24.288114Z,KXZEC15M-26OCT042315-15,0.3400,5.00,yes
2026-10-05T03:14:24.288114Z,KXZEC15M-26OCT042315-15,0.3400,20.00,yes
2026-10-05T03:14:24.313181Z,KXZEC15M-26OCT042315-15,0.3400,20.00,yes
2026-10-05T03:14:24.313181Z,KXZEC15M-26OCT042315-15,0.3400,5.00,yes
2026-10-05T03:14:24.40419Z,KXZEC15M-26OCT042315-15,0.3600,20.00,yes
2026-10-05T03:14:24.40419Z,KXZEC15M-26OCT042315-15,0.3500,1.54,yes
2026-10-05T03:14:24.637313Z,KXZEC15M-26OCT042315-15,0.3300,1.32,no
2026-10-05T03:14:24.876749Z,KXZEC15M-26OCT042315-15,0.3300,8.75,no
2026-10-05T03:14:24.915902Z,KXZEC15M-26OCT042315-15,0.3300,0.07,no
2026-10-05T03:14:25.016177Z,KXZEC15M-26OCT042315-15,0.3200,30.00,no
2026-10-05T03:14:25.016227Z,KXZEC15M-26OCT042315-15,0.3000,0.03,no
2026-10-05T03:14:25.016227Z,KXZEC15M-26OCT042315-15,0.3100,0.03,no
2026-10-05T03:14:25.016227Z,KXZEC15M-26OCT042315-15,0.3000,44.00,no
2026-10-05T03:14:25.016227Z,KXZEC15M-26OCT042315-15,0.3100,43.00,no
2026-10-05T03:14:25.016936Z,KXZEC15M-26OCT042315-15,0.2900,0.03,no
2026-10-05T03:14:25.024822Z,KXZEC15M-26OCT042315-15,0.2400,10.00,no
2026-10-05T03:14:25.028485Z,KXZEC15M-26OCT042315-15,0.2500,10.00,no
2026-10-05T03:14:25.031Z,KXZEC15M-26OCT042315-15,0.2500,20.00,no
2026-10-05T03:14:25.076927Z,KXZEC15M-26OCT042315-15,0.1300,27.00,no
2026-10-05T03:14:25.076927Z,KXZEC15M-26OCT042315-15,0.1200,19.00,no
2026-10-05T03:14:25.076927Z,KXZEC15M-26OCT042315-15,0.1600,100.00,no
2026-10-05T03:14:25.076927Z,KXZEC15M-26OCT042315-15,0.1100,100.00,no
2026-10-05T03:14:25.076927Z,KXZEC15M-26OCT042315-15,0.1100,61.00,no
2026-10-05T03:14:25.0906Z,KXZEC15M-26OCT042315-15,0.1900,64.00,no
2026-10-05T03:14:26.080288Z,KXZEC15M-26OCT042315-15,0.1900,23.00,no
2026-10-05T03:14:26.131896Z,KXZEC15M-26OCT042315-15,0.1500,84.94,no
2026-10-05T03:14:26.131896Z,KXZEC15M-26OCT042315-15,0.1900,0.03,no
2026-10-05T03:14:26.131896Z,KXZEC15M-26OCT042315-15,0.1600,31.00,no
2026-10-05T03:14:26.131896Z,KXZEC15M-26OCT042315-15,0.1600,0.03,no
2026-10-05T03:14:26.131896Z,KXZEC15M-26OCT042315-15,0.1900,13.00,no
2026-10-05T03:14:26.370587Z,KXZEC15M-26OCT042315-15,0.2900,0.77,yes
2026-10-05T03:14:26.556197Z,KXZEC15M-26OCT042315-15,0.2900,0.62,yes
2026-10-05T03:14:26.638699Z,KXZEC15M-26OCT042315-15,0.2000,61.00,no
2026-10-05T03:14:26.661077Z,KXZEC15M-26OCT042315-15,0.2000,2.42,no
2026-10-05T03:14:26.911094Z,KXZEC15M-26OCT042315-15,0.2900,20.61,yes
2026-10-05T03:14:26.911094Z,KXZEC15M-26OCT042315-15,0.2900,12.24,yes
2026-10-05T03:14:27.115487Z,KXZEC15M-26OCT042315-15,0.1500,7.00,no
2026-10-05T03:14:27.236232Z,KXZEC15M-26OCT042315-15,0.1500,1.97,no
2026-10-05T03:14:27.771831Z,KXZEC15M-26OCT042315-15,0.1200,7.56,no
2026-10-05T03:14:27.771831Z,KXZEC15M-26OCT042315-15,0.1500,0.03,no
2026-10-05T03:14:27.771831Z,KXZEC15M-26OCT042315-15,0.1500,6.09,no
2026-10-05T03:14:27.821466Z,KXZEC15M-26OCT042315-15,0.1700,6.00,no
2026-10-05T03:14:27.988839Z,KXZEC15M-26OCT042315-15,0.1700,5.95,no
2026-10-05T03:14:28.095291Z,KXZEC15M-26OCT042315-15,0.1700,70.75,no
2026-10-05T03:14:28.368076Z,KXZEC15M-26OCT042315-15,0.1900,30.00,yes
2026-10-05T03:14:28.368076Z,KXZEC15M-26OCT042315-15,0.2000,16.77,yes
2026-10-05T03:14:28.461145Z,KXZEC15M-26OCT042315-15,0.1700,15.47,no
2026-10-05T03:14:28.510236Z,KXZEC15M-26OCT042315-15,0.1700,16.96,no
2026-10-05T03:14:28.921623Z,KXZEC15M-26OCT042315-15,0.1600,11.66,no
2026-10-05T03:14:29.091169Z,KXZEC15M-26OCT042315-15,0.1800,1.00,yes
2026-10-05T03:14:29.091169Z,KXZEC15M-26OCT042315-15,0.1900,30.00,yes
2026-10-05T03:14:29.091169Z,KXZEC15M-26OCT042315-15,0.2100,15.77,yes
2026-10-05T03:14:29.091169Z,KXZEC15M-26OCT042315-15,0.2000,3.23,yes
2026-10-05T03:14:29.805831Z,KXZEC15M-26OCT042315-15,0.1200,0.03,no
2026-10-05T03:14:29.805831Z,KXZEC15M-26OCT042315-15,0.1200,1.08,no
2026-10-05T03:14:30.071611Z,KXZEC15M-26OCT042315-15,0.0970,31.97,no
2026-10-05T03:14:30.071611Z,KXZEC15M-26OCT042315-15,0.1100,0.03,no
2026-10-05T03:14:30.071611Z,KXZEC15M-26OCT042315-15,0.0980,22.00,no
2026-10-05T03:14:30.208148Z,KXZEC15M-26OCT042315-15,0.1900,0.03,yes
2026-10-05T03:14:30.208148Z,KXZEC15M-26OCT042315-15,0.1900,0.01,yes
2026-10-05T03:14:30.208148Z,KXZEC15M-26OCT042315-15,0.1900,30.00,yes
2026-10-05T03:14:30.208148Z,KXZEC15M-26OCT042315-15,0.2000,5.73,yes
2026-10-05T03:14:30.208148Z,KXZEC15M-26OCT042315-15,0.1900,4.22,yes
2026-10-05T03:14:30.208148Z,KXZEC15M-26OCT042315-15,0.1900,34.00,yes
2026-10-05T03:14:30.36812Z,KXZEC15M-26OCT042315-15,0.2000,1.45,yes
2026-10-05T03:14:30.662342Z,KXZEC15M-26OCT042315-15,0.1900,23.48,yes
2026-10-05T03:14:30.662342Z,KXZEC15M-26OCT042315-15,0.1100,0.19,yes
2026-10-05T03:14:30.702395Z,KXZEC15M-26OCT042315-15,0.0980,40.08,no
2026-10-05T03:14:30.702395Z,KXZEC15M-26OCT042315-15,0.0990,15.00,no
2026-10-05T03:14:30.702395Z,KXZEC15M-26OCT042315-15,0.0990,0.03,no
2026-10-05T03:14:30.897498Z,KXZEC15M-26OCT042315-15,0.1500,9.66,yes
2026-10-05T03:14:31.339133Z,KXZEC15M-26OCT042315-15,0.1400,9.46,yes
2026-10-05T03:14:31.722379Z,KXZEC15M-26OCT042315-15,0.1400,5.14,yes
2026-10-05T03:14:31.722379Z,KXZEC15M-26OCT042315-15,0.1400,28.54,yes
2026-10-05T03:14:31.834902Z,KXZEC15M-26OCT042315-15,0.1400,10.00,yes
2026-10-05T03:14:31.942317Z,KXZEC15M-26OCT042315-15,0.0600,1.00,no
2026-10-05T03:14:31.94838Z,KXZEC15M-26OCT042315-15,0.0600,15.96,no
2026-10-05T03:14:31.953523Z,KXZEC15M-26OCT042315-15,0.0540,0.03,no
2026-10-05T03:14:31.953523Z,KXZEC15M-26OCT042315-15,0.0550,0.03,no
2026-10-05T03:14:31.953523Z,KXZEC15M-26OCT042315-15,0.0560,0.03,no
2026-10-05T03:14:32.839849Z,KXZEC15M-26OCT042315-15,0.0220,0.03,no
2026-10-05T03:14:32.839849Z,KXZEC15M-26OCT042315-15,0.0220,9.97,no
2026-10-05T03:14:32.839849Z,KXZEC15M-26OCT042315-15,0.0220,100.00,no
2026-10-05T03:14:32.935069Z,KXZEC15M-26OCT042315-15,0.0510,18.38,yes
2026-10-05T03:14:33.056817Z,KXZEC15M-26OCT042315-15,0.0220,0.15,no
2026-10-05T03:14:33.193375Z,KXZEC15M-26OCT042315-15,0.0210,2.00,no
2026-10-05T03:14:33.598481Z,KXZEC15M-26OCT042315-15,0.0390,1.00,yes
2026-10-05T03:14:33.598481Z,KXZEC15M-26OCT042315-15,0.0300,1.16,yes
2026-10-05T03:14:33.598481Z,KXZEC15M-26OCT042315-15,0.0500,18.00,yes
2026-10-05T03:14:33.607891Z,KXZEC15M-26OCT042315-15,0.0510,100.00,yes
2026-10-05T03:14:33.704472Z,KXZEC15M-26OCT042315-15,0.0510,2.00,no
2026-10-05T03:14:33.799981Z,KXZEC15M-26OCT042315-15,0.0510,10.00,no
2026-10-05T03:14:33.99047Z,KXZEC15M-26OCT042315-15,0.1000,1.40,yes
2026-10-05T03:14:34.275649Z,KXZEC15M-26OCT042315-15,0.0990,16.45,yes
2026-10-05T03:14:34.275649Z,KXZEC15M-26OCT042315-15,0.0510,0.01,yes
2026-10-05T03:14:35.092006Z,KXZEC15M-26OCT042315-15,0.0230,75.00,no
2026-10-05T03:14:35.12929Z,KXZEC15M-26OCT042315-15,0.0600,8.28,yes
2026-10-05T03:14:35.210105Z,KXZEC15M-26OCT042315-15,0.0230,20.00,no
2026-10-05T03:14:35.210105Z,KXZEC15M-26OCT042315-15,0.0230,0.03,no
2026-10-05T03:14:35.210105Z,KXZEC15M-26OCT042315-15,0.0230,29.00,no
2026-10-05T03:14:35.270725Z,KXZEC15M-26OCT042315-15,0.0230,100.00,yes
2026-10-05T03:14:35.511591Z,KXZEC15M-26OCT042315-15,0.0200,2.36,no
2026-10-05T03:14:35.511591Z,KXZEC15M-26OCT042315-15,0.0220,104.00,no
2026-10-05T03:14:35.749398Z,KXZEC15M-26OCT042315-15,0.0200,0.49,no
2026-10-05T03:14:35.926831Z,KXZEC15M-26OCT042315-15,0.0230,5.45,yes
2026-10-05T03:14:35.969277Z,KXZEC15M-26OCT042315-15,0.0230,1.58,yes
2026-10-05T03:14:36.204951Z,KXZEC15M-26OCT042315-15,0.0190,20.00,no
2026-10-05T03:14:36.204951Z,KXZEC15M-26OCT042315-15,0.0200,101.15,no
2026-10-05T03:14:36.204951Z,KXZEC15M-26OCT042315-15,0.0190,19.06,no
2026-10-05T03:14:36.693456Z,KXZEC15M-26OCT042315-15,0.0210,3.17,yes
2026-10-05T03:14:37.041497Z,KXZEC15M-26OCT042315-15,0.0210,19.32,yes
2026-10-05T03:14:37.24028Z,KXZEC15M-26OCT042315-15,0.0230,0.03,yes
2026-10-05T03:14:37.24028Z,KXZEC15M-26OCT042315-15,0.0230,43.94,yes
2026-10-05T03:14:37.24028Z,KXZEC15M-26OCT042315-15,0.0230,7.20,yes
2026-10-05T03:14:37.24028Z,KXZEC15M-26OCT042315-15,0.0210,29.51,yes
2026-10-05T03:14:37.24028Z,KXZEC15M-26OCT042315-15,0.0210,0.03,yes
2026-10-05T03:14:37.24028Z,KXZEC15M-26OCT042315-15,0.0210,19.06,yes
2026-10-05T03:14:37.278666Z,KXZEC15M-26OCT042315-15,0.0500,70.75,yes
2026-10-05T03:14:38.06336Z,KXZEC15M-26OCT042315-15,0.0490,5.95,yes
2026-10-05T03:14:38.221736Z,KXZEC15M-26OCT042315-15,0.0490,29.96,yes
2026-10-05T03:14:38.449585Z,KXZEC15M-26OCT042315-15,0.0190,5.00,no
2026-10-05T03:14:39.093718Z,KXZEC15M-26OCT042315-15,0.0490,3.04,yes
2026-10-05T03:14:39.093718Z,KXZEC15M-26OCT042315-15,0.0490,16.09,yes
2026-10-05T03:14:39.837149Z,KXZEC15M-26OCT042315-15,0.0500,1.97,yes
2026-10-05T03:14:39.837149Z,KXZEC15M-26OCT042315-15,0.0490,0.03,yes
2026-10-05T03:14:39.837444Z,KXZEC15M-26OCT042315-15,0.0500,27.28,yes
2026-10-05T03:14:39.837444Z,KXZEC15M-26OCT042315-15,0.0560,2.68,yes
2026-10-05T03:14:39.837444Z,KXZEC15M-26OCT042315-15,0.0500,0.01,yes
2026-10-05T03:14:39.837444Z,KXZEC15M-26OCT042315-15,0.0500,0.03,yes
2026-10-05T03:14:40.075777Z,KXZEC15M-26OCT042315-15,0.0200,3.67,no
2026-10-05T03:14:40.708835Z,KXZEC15M-26OCT042315-15,0.0190,2.27,no
2026-10-05T03:14:41.071378Z,KXZEC15M-26OCT042315-15,0.0190,5.07,no
2026-10-05T03:14:41.091503Z,KXZEC15M-26OCT042315-15,0.0190,0.03,no
2026-10-05T03:14:41.091503Z,KXZEC15M-26OCT042315-15,0.0160,0.03,no
2026-10-05T03:14:41.091503Z,KXZEC15M-26OCT042315-15,0.0170,0.03,no
2026-10-05T03:14:41.091503Z,KXZEC15M-26OCT042315-15,0.0180,0.03,no
2026-10-05T03:14:41.091503Z,KXZEC15M-26OCT042315-15,0.0160,20.00,no
2026-10-05T03:14:41.093916Z,KXZEC15M-26OCT042315-15,0.0150,10.22,no
2026-10-05T03:14:41.101464Z,KXZEC15M-26OCT042315-15,0.0100,29.03,no
2026-10-05T03:14:41.101464Z,KXZEC15M-26OCT042315-15,0.0110,1.00,no
2026-10-05T03:14:41.101464Z,KXZEC15M-26OCT042315-15,0.0100,55.00,no
2026-10-05T03:14:41.101464Z,KXZEC15M-26OCT042315-15,0.0100,20.00,no
2026-10-05T03:14:41.101464Z,KXZEC15M-26OCT042315-15,0.0110,20.00,no
2026-10-05T03:14:41.101464Z,KXZEC15M-26OCT042315-15,0.0120,20.00,no
2026-10-05T03:14:41.101464Z,KXZEC15M-26OCT042315-15,0.0100,25.00,no
2026-10-05T03:14:41.101464Z,KXZEC15M-26OCT042315-15,0.0110,1.00,no
2026-10-05T03:14:41.101464Z,KXZEC15M-26OCT042315-15,0.0100,3.34,no
2026-10-05T03:14:41.101464Z,KXZEC15M-26OCT042315-15,0.0120,20.00,no
2026-10-05T03:14:41.101464Z,KXZEC15M-26OCT042315-15,0.0140,0.03,no
2026-10-05T03:14:41.101464Z,KXZEC15M-26OCT042315-15,0.0150,0.03,no
2026-10-05T03:14:41.101464Z,KXZEC15M-26OCT042315-15,0.0130,20.00,no
2026-10-05T03:14:41.101464Z,KXZEC15M-26OCT042315-15,0.0150,9.78,no
2026-10-05T03:14:41.101464Z,KXZEC15M-26OCT042315-15,0.0140,20.00,no
2026-10-05T03:14:41.654542Z,KXZEC15M-26OCT042315-15,0.0090,18.38,no
2026-10-05T03:14:42.205576Z,KXZEC15M-26OCT042315-15,0.0100,18.38,yes
2026-10-05T03:14:42.205576Z,KXZEC15M-26OCT042315-15,0.0110,4.22,yes
2026-10-05T03:14:42.205576Z,KXZEC15M-26OCT042315-15,0.0100,5.37,yes
2026-10-05T03:14:42.205576Z,KXZEC15M-26OCT042315-15,0.0100,0.03,yes
2026-10-05T03:14:42.314655Z,KXZEC15M-26OCT042315-15,0.0040,1.00,no
2026-10-05T03:14:42.314655Z,KXZEC15M-26OCT042315-15,0.0040,1.00,no
2026-10-05T03:14:42.314655Z,KXZEC15M-26OCT042315-15,0.0040,1.00,no
2026-10-05T03:14:42.314655Z,KXZEC15M-26OCT042315-15,0.0040,1.00,no
2026-10-05T03:14:42.314655Z,KXZEC15M-26OCT042315-15,0.0040,1.00,no
2026-10-05T03:14:42.314655Z,KXZEC15M-26OCT042315-15,0.0050,11.00,no
2026-10-05T03:14:42.314655Z,KXZEC15M-26OCT042315-15,0.0040,13.00,no
2026-10-05T03:14:42.314655Z,KXZEC15M-26OCT042315-15,0.0050,1.00,no
2026-10-05T03:14:42.314655Z,KXZEC15M-26OCT042315-15,0.0040,20.00,no
2026-10-05T03:14:42.314655Z,KXZEC15M-26OCT042315-15,0.0050,20.00,no
2026-10-05T03:14:42.314655Z,KXZEC15M-26OCT042315-15,0.0060,20.00,no
2026-10-05T03:14:42.314655Z,KXZEC15M-26OCT042315-15,0.0070,20.00,no
2026-10-05T03:14:42.314655Z,KXZEC15M-26OCT042315-15,0.0080,20.00,no
2026-10-05T03:14:42.314655Z,KXZEC15M-26OCT042315-15,0.0090,1.62,no
2026-10-05T03:14:42.314655Z,KXZEC15M-26OCT042315-15,0.0060,35.00,no
2026-10-05T03:14:42.314655Z,KXZEC15M-26OCT042315-15,0.0040,0.03,no
2026-10-05T03:14:42.732982Z,KXZEC15M-26OCT042315-15,0.0040,11.66,yes
2026-10-05T03:14:42.844937Z,KXZEC15M-26OCT042315-15,0.0040,13.68,yes
2026-10-05T03:14:43.00278Z,KXZEC15M-26OCT042315-15,0.0040,64.66,yes
2026-10-05T03:14:43.00278Z,KXZEC15M-26OCT042315-15,0.0040,41.70,yes
2026-10-05T03:14:43.889751Z,KXZEC15M-26OCT042315-15,0.0040,50.00,yes
2026-10-05T03:14:44.084376Z,KXZEC15M-26OCT042315-15,0.0030,2.00,no
2026-10-05T03:14:44.084376Z,KXZEC15M-26OCT042315-15,0.0030,18.00,no
2026-10-05T03:14:44.084376Z,KXZEC15M-26OCT042315-15,0.0030,2.00,no
2026-10-05T03:14:44.084376Z,KXZEC15M-26OCT042315-15,0.0030,2.00,no
2026-10-05T03:14:44.084376Z,KXZEC15M-26OCT042315-15,0.0030,2.00,no
2026-10-05T03:14:44.084376Z,KXZEC15M-26OCT042315-15,0.0030,2.00,no
2026-10-05T03:14:44.084376Z,KXZEC15M-26OCT042315-15,0.0030,20.00,no
2026-10-05T03:14:44.084376Z,KXZEC15M-26OCT042315-15,0.0030,32.00,no
2026-10-05T03:14:44.105323Z,KXZEC15M-26OCT042315-15,0.0020,2.00,no
2026-10-05T03:14:45.544986Z,KXZEC15M-26OCT042315-15,0.0020,43.67,no
2026-10-05T03:14:45.947256Z,KXZEC15M-26OCT042315-15,0.0030,4.71,yes
2026-10-05T03:14:45.948883Z,KXZEC15M-26OCT042315-15,0.0040,0.03,yes
2026-10-05T03:14:45.948883Z,KXZEC15M-26OCT042315-15,0.0030,0.03,yes
2026-10-05T03:14:45.948883Z,KXZEC15M-26OCT042315-15,0.0040,20.00,yes
2026-10-05T03:14:45.948883Z,KXZEC15M-26OCT042315-15,0.0040,0.01,yes
2026-10-05T03:14:45.948883Z,KXZEC15M-26OCT042315-15,0.0040,17.30,yes
2026-10-05T03:14:45.948883Z,KXZEC15M-26OCT042315-15,0.0030,95.29,yes
2026-10-05T03:14:45.988069Z,KXZEC15M-26OCT042315-15,0.0050,0.03,yes
2026-10-05T03:14:45.988069Z,KXZEC15M-26OCT042315-15,0.0050,45.67,yes
2026-10-05T03:14:45.988069Z,KXZEC15M-26OCT042315-15,0.0050,20.00,yes
2026-10-05T03:14:48.162073Z,KXZEC15M-26OCT042315-15,0.0020,20.00,no
2026-10-05T03:14:48.162073Z,KXZEC15M-26OCT042315-15,0.0020,54.33,no
2026-10-05T03:14:48.162073Z,KXZEC15M-26OCT042315-15,0.0020,200.00,no
2026-10-05T03:14:48.162073Z,KXZEC15M-26OCT042315-15,0.0020,26.00,no
2026-10-05T03:14:48.162073Z,KXZEC15M-26OCT042315-15,0.0020,3.00,no
2026-10-05T03:14:48.162073Z,KXZEC15M-26OCT042315-15,0.0020,3.00,no
2026-10-05T03:14:48.162073Z,KXZEC15M-26OCT042315-15,0.0020,3.00,no
2026-10-05T03:14:48.162073Z,KXZEC15M-26OCT042315-15,0.0020,3.00,no
2026-10-05T03:14:48.162073Z,KXZEC15M-26OCT042315-15,0.0020,2.67,no
2026-10-05T03:14:48.485401Z,KXZEC15M-26OCT042315-15,0.0030,20.00,yes
2026-10-05T03:14:48.485401Z,KXZEC15M-26OCT042315-15,0.0050,34.09,yes
2026-10-05T03:14:48.485401Z,KXZEC15M-26OCT042315-15,0.0030,100.00,yes
2026-10-05T03:14:48.513637Z,KXZEC15M-26OCT042315-15,0.0020,0.33,no
2026-10-05T03:14:48.513637Z,KXZEC15M-26OCT042315-15,0.0020,45.67,no
2026-10-05T03:14:48.513637Z,KXZEC15M-26OCT042315-15,0.0020,7.00,no
2026-10-05T03:14:48.554837Z,KXZEC15M-26OCT042315-15,0.0010,182.97,no
2026-10-05T03:14:48.554837Z,KXZEC15M-26OCT042315-15,0.0020,0.03,no
2026-10-05T03:14:48.554837Z,KXZEC15M-26OCT042315-15,0.0020,7.00,no
2026-10-05T03:14:48.734056Z,KXZEC15M-26OCT042315-15,0.0010,1.00,no
2026-10-05T03:14:48.904429Z,KXZEC15M-26OCT042315-15,0.0020,12.00,no
2026-10-05T03:14:48.970143Z,KXZEC15M-26OCT042315-15,0.0020,7.00,no
2026-10-05T03:14:48.970143Z,KXZEC15M-26OCT042315-15,0.0020,22.09,no
2026-10-05T03:14:50.009757Z,KXZEC15M-26OCT042315-15,0.0010,20.00,no
2026-10-05T03:14:50.009757Z,KXZEC15M-26OCT042315-15,0.0010,1.00,no
2026-10-05T03:14:50.009757Z,KXZEC15M-26OCT042315-15,0.0010,80.00,no
2026-10-05T03:14:50.009757Z,KXZEC15M-26OCT042315-15,0.0010,1.00,no
2026-10-05T03:14:50.009757Z,KXZEC15M-26OCT042315-15,0.0010,1.00,no
2026-10-05T03:14:50.009757Z,KXZEC15M-26OCT042315-15,0.0010,200.00,no
2026-10-05T03:14:50.009757Z,KXZEC15M-26OCT042315-15,0.0010,2.00,no
2026-10-05T03:14:50.348897Z,KXZEC15M-26OCT042315-15,0.0040,136.59,yes
2026-10-05T03:14:50.348897Z,KXZEC15M-26OCT042315-15,0.0020,20.00,yes
2026-10-05T03:14:50.348897Z,KXZEC15M-26OCT042315-15,0.0030,100.00,yes
2026-10-05T03:14:50.348897Z,KXZEC15M-26OCT042315-15,0.0030,0.01,yes
2026-10-05T03:14:51.502973Z,KXZEC15M-26OCT042315-15,0.0040,6.99,yes
2026-10-05T03:14:53.313622Z,KXZEC15M-26OCT042315-15,0.0040,39.39,yes
2026-10-05T03:14:53.313622Z,KXZEC15M-26OCT042315-15,0.0040,1.00,yes
2026-10-05T03:14:53.313622Z,KXZEC15M-26OCT042315-15,0.0040,68.54,yes
2026-10-05T03:14:55.808174Z,KXZEC15M-26OCT042315-15,0.0010,61.00,yes
2026-10-05T03:14:56.315513Z,KXZEC15M-26OCT042315-15,0.0010,1.87,yes
2026-10-05T03:14:58.994785Z,KXZEC15M-26OCT042315-15,0.0010,4.28,yes
2026-10-05T03:13:45.080835Z,KXBNB15M-26OCT042315-15,0.0900,1.00,no
2026-10-05T03:13:45.174678Z,KXBNB15M-26OCT042315-15,0.0900,1.00,no
2026-10-05T03:13:45.177008Z,KXBNB15M-26OCT042315-15,0.0810,4.40,no
2026-10-05T03:13:45.177008Z,KXBNB15M-26OCT042315-15,0.0820,1.00,no
2026-10-05T03:13:45.339781Z,KXBNB15M-26OCT042315-15,0.0800,1.00,no
2026-10-05T03:13:45.339781Z,KXBNB15M-26OCT042315-15,0.0820,1.00,no
2026-10-05T03:13:45.339781Z,KXBNB15M-26OCT042315-15,0.0800,57.45,no
2026-10-05T03:13:45.438457Z,KXBNB15M-26OCT042315-15,0.1000,34.00,yes
2026-10-05T03:13:45.438457Z,KXBNB15M-26OCT042315-15,0.1200,5.37,yes
2026-10-05T03:13:45.538996Z,KXBNB15M-26OCT042315-15,0.0810,1.00,no
2026-10-05T03:13:45.538996Z,KXBNB15M-26OCT042315-15,0.0800,1.00,no
2026-10-05T03:13:45.538996Z,KXBNB15M-26OCT042315-15,0.0810,1.00,no
2026-10-05T03:13:45.538996Z,KXBNB15M-26OCT042315-15,0.0800,26.60,no
2026-10-05T03:13:45.664768Z,KXBNB15M-26OCT042315-15,0.0820,0.66,no
2026-10-05T03:13:45.875013Z,KXBNB15M-26OCT042315-15,0.0830,8.00,yes
2026-10-05T03:13:46.150902Z,KXBNB15M-26OCT042315-15,0.0820,0.34,no
2026-10-05T03:13:46.256984Z,KXBNB15M-26OCT042315-15,0.0820,7.87,yes
2026-10-05T03:13:46.322578Z,KXBNB15M-26OCT042315-15,0.0600,25.00,no
2026-10-05T03:13:46.322578Z,KXBNB15M-26OCT042315-15,0.0700,1.00,no
2026-10-05T03:13:46.322578Z,KXBNB15M-26OCT042315-15,0.0720,2.00,no
2026-10-05T03:13:46.322578Z,KXBNB15M-26OCT042315-15,0.0700,1.00,no
2026-10-05T03:13:47.035039Z,KXBNB15M-26OCT042315-15,0.0660,2.00,no
2026-10-05T03:13:47.035039Z,KXBNB15M-26OCT042315-15,0.0650,2.00,no
2026-10-05T03:13:47.048377Z,KXBNB15M-26OCT042315-15,0.0810,11.59,yes
2026-10-05T03:13:47.194067Z,KXBNB15M-26OCT042315-15,0.0970,25.00,yes
2026-10-05T03:13:47.194067Z,KXBNB15M-26OCT042315-15,0.0980,60.00,yes
2026-10-05T03:13:47.194067Z,KXBNB15M-26OCT042315-15,0.0810,22.41,yes
2026-10-05T03:13:47.409304Z,KXBNB15M-26OCT042315-15,0.0990,1.00,no
2026-10-05T03:13:47.416242Z,KXBNB15M-26OCT042315-15,0.0990,32.12,no
2026-10-05T03:13:47.446262Z,KXBNB15M-26OCT042315-15,0.0990,45.30,no
2026-10-05T03:13:47.504869Z,KXBNB15M-26OCT042315-15,0.0990,18.90,no
2026-10-05T03:13:47.540812Z,KXBNB15M-26OCT042315-15,0.0990,25.00,no
2026-10-05T03:13:47.545536Z,KXBNB15M-26OCT042315-15,0.0990,21.00,no
2026-10-05T03:13:47.60258Z,KXBNB15M-26OCT042315-15,0.0990,7.26,no
2026-10-05T03:13:47.672701Z,KXBNB15M-26OCT042315-15,0.0990,0.01,no
2026-10-05T03:13:47.875493Z,KXBNB15M-26OCT042315-15,0.0700,19.99,no
2026-10-05T03:13:47.927859Z,KXBNB15M-26OCT042315-15,0.0700,64.01,no
2026-10-05T03:13:47.927859Z,KXBNB15M-26OCT042315-15,0.0710,6.00,no
2026-10-05T03:13:48.062876Z,KXBNB15M-26OCT042315-15,0.0810,80.00,no
2026-10-05T03:13:48.062876Z,KXBNB15M-26OCT042315-15,0.0810,15.00,no
2026-10-05T03:13:48.158128Z,KXBNB15M-26OCT042315-15,0.0800,5.00,no
2026-10-05T03:13:48.174132Z,KXBNB15M-26OCT042315-15,0.0800,25.00,no
2026-10-05T03:13:48.258889Z,KXBNB15M-26OCT042315-15,0.0800,24.00,no
2026-10-05T03:13:49.127978Z,KXBNB15M-26OCT042315-15,0.0820,1.00,yes
2026-10-05T03:13:49.300469Z,KXBNB15M-26OCT042315-15,0.1400,6.00,yes
2026-10-05T03:13:49.437544Z,KXBNB15M-26OCT042315-15,0.1200,25.00,no
2026-10-05T03:13:49.460294Z,KXBNB15M-26OCT042315-15,0.1200,11.11,no
2026-10-05T03:13:49.469825Z,KXBNB15M-26OCT042315-15,0.1200,3.09,no
2026-10-05T03:13:49.61088Z,KXBNB15M-26OCT042315-15,0.1200,5.79,no
2026-10-05T03:13:49.796138Z,KXBNB15M-26OCT042315-15,0.1200,30.00,no
2026-10-05T03:13:50.046716Z,KXBNB15M-26OCT042315-15,0.1200,12.00,no
2026-10-05T03:13:50.141024Z,KXBNB15M-26OCT042315-15,0.1200,0.01,no
2026-10-05T03:13:50.470311Z,KXBNB15M-26OCT042315-15,0.0900,15.66,no
2026-10-05T03:13:51.167374Z,KXBNB15M-26OCT042315-15,0.0700,58.85,no
2026-10-05T03:13:51.825107Z,KXBNB15M-26OCT042315-15,0.0600,12.71,no
2026-10-05T03:13:52.163371Z,KXBNB15M-26OCT042315-15,0.0600,26.03,no
2026-10-05T03:13:52.538975Z,KXBNB15M-26OCT042315-15,0.0980,19.03,yes
2026-10-05T03:13:53.062871Z,KXBNB15M-26OCT042315-15,0.0600,45.00,no
2026-10-05T03:13:53.224557Z,KXBNB15M-26OCT042315-15,0.0700,10.00,yes
2026-10-05T03:13:53.891151Z,KXBNB15M-26OCT042315-15,0.0600,0.75,no
2026-10-05T03:13:53.891151Z,KXBNB15M-26OCT042315-15,0.0720,16.00,no
2026-10-05T03:13:53.891151Z,KXBNB15M-26OCT042315-15,0.0720,80.00,no
2026-10-05T03:13:54.59122Z,KXBNB15M-26OCT042315-15,0.0600,84.00,yes
2026-10-05T03:13:54.628504Z,KXBNB15M-26OCT042315-15,0.0540,1.00,no
2026-10-05T03:13:54.628504Z,KXBNB15M-26OCT042315-15,0.0500,0.22,no
2026-10-05T03:13:54.733562Z,KXBNB15M-26OCT042315-15,0.0500,1.00,no
2026-10-05T03:13:54.733562Z,KXBNB15M-26OCT042315-15,0.0400,9.67,no
2026-10-05T03:13:54.733562Z,KXBNB15M-26OCT042315-15,0.0410,25.00,no
2026-10-05T03:13:54.733562Z,KXBNB15M-26OCT042315-15,0.0400,84.00,no
2026-10-05T03:13:54.733562Z,KXBNB15M-26OCT042315-15,0.0500,1.00,no
2026-10-05T03:13:54.733562Z,KXBNB15M-26OCT042315-15,0.0400,1.00,no
2026-10-05T03:13:54.733562Z,KXBNB15M-26OCT042315-15,0.0370,100.00,no
2026-10-05T03:13:54.733562Z,KXBNB15M-26OCT042315-15,0.0500,5.78,no
2026-10-05T03:13:54.733562Z,KXBNB15M-26OCT042315-15,0.0500,3.00,no
2026-10-05T03:13:54.733562Z,KXBNB15M-26OCT042315-15,0.0500,1.00,no
2026-10-05T03:13:54.733562Z,KXBNB15M-26OCT042315-15,0.0400,1.00,no
2026-10-05T03:13:54.781535Z,KXBNB15M-26OCT042315-15,0.0470,2.00,yes
2026-10-05T03:13:54.781535Z,KXBNB15M-26OCT042315-15,0.0480,2.00,yes
2026-10-05T03:13:54.781535Z,KXBNB15M-26OCT042315-15,0.0500,4.00,yes
2026-10-05T03:13:54.806004Z,KXBNB15M-26OCT042315-15,0.0420,1.00,no
2026-10-05T03:13:54.806004Z,KXBNB15M-26OCT042315-15,0.0310,4.98,no
2026-10-05T03:13:54.806004Z,KXBNB15M-26OCT042315-15,0.0310,1.00,no
2026-10-05T03:13:54.806004Z,KXBNB15M-26OCT042315-15,0.0400,2.00,no
2026-10-05T03:13:54.806004Z,KXBNB15M-26OCT042315-15,0.0390,2.00,no
2026-10-05T03:13:54.806004Z,KXBNB15M-26OCT042315-15,0.0380,1.00,no
2026-10-05T03:13:54.806004Z,KXBNB15M-26OCT042315-15,0.0310,1.00,no
2026-10-05T03:13:55.3764Z,KXBNB15M-26OCT042315-15,0.0370,2.00,no
2026-10-05T03:13:55.3764Z,KXBNB15M-26OCT042315-15,0.0380,2.00,no
2026-10-05T03:13:56.518922Z,KXBNB15M-26OCT042315-15,0.0440,2.00,yes
2026-10-05T03:13:56.518922Z,KXBNB15M-26OCT042315-15,0.0430,2.00,yes
2026-10-05T03:13:56.951681Z,KXBNB15M-26OCT042315-15,0.0440,1.00,yes
2026-10-05T03:13:57.020558Z,KXBNB15M-26OCT042315-15,0.0340,2.00,no
2026-10-05T03:13:57.020558Z,KXBNB15M-26OCT042315-15,0.0320,1.00,no
2026-10-05T03:13:57.020558Z,KXBNB15M-26OCT042315-15,0.0350,2.00,no
2026-10-05T03:13:57.020558Z,KXBNB15M-26OCT042315-15,0.0310,6.00,no
2026-10-05T03:13:57.020558Z,KXBNB15M-26OCT042315-15,0.0300,20.00,no
2026-10-05T03:13:57.020558Z,KXBNB15M-26OCT042315-15,0.0300,11.00,no
2026-10-05T03:13:57.110825Z,KXBNB15M-26OCT042315-15,0.0430,2.00,yes
2026-10-05T03:13:57.110825Z,KXBNB15M-26OCT042315-15,0.0420,2.00,yes
2026-10-05T03:13:57.110825Z,KXBNB15M-26OCT042315-15,0.0500,5.62,yes
2026-10-05T03:13:57.93411Z,KXBNB15M-26OCT042315-15,0.0340,1.00,no
2026-10-05T03:13:57.93411Z,KXBNB15M-26OCT042315-15,0.0300,2.45,no
2026-10-05T03:13:57.93411Z,KXBNB15M-26OCT042315-15,0.0300,1.00,no
2026-10-05T03:13:57.93411Z,KXBNB15M-26OCT042315-15,0.0300,12.00,no
2026-10-05T03:13:58.223314Z,KXBNB15M-26OCT042315-15,0.0310,1.00,no
2026-10-05T03:13:58.453958Z,KXBNB15M-26OCT042315-15,0.0310,1.00,no
2026-10-05T03:13:58.453958Z,KXBNB15M-26OCT042315-15,0.0300,0.02,no
2026-10-05T03:13:58.595842Z,KXBNB15M-26OCT042315-15,0.0370,34.00,yes
2026-10-05T03:13:58.595842Z,KXBNB15M-26OCT042315-15,0.0370,0.50,yes
2026-10-05T03:13:58.595842Z,KXBNB15M-26OCT042315-15,0.0400,4.50,yes
2026-10-05T03:13:58.999613Z,KXBNB15M-26OCT042315-15,0.0450,2.00,yes
2026-10-05T03:13:59.319233Z,KXBNB15M-26OCT042315-15,0.0390,2.00,yes
2026-10-05T03:13:59.319233Z,KXBNB15M-26OCT042315-15,0.0380,2.00,yes
2026-10-05T03:13:59.319233Z,KXBNB15M-26OCT042315-15,0.0500,1.00,yes
2026-10-05T03:13:59.319233Z,KXBNB15M-26OCT042315-15,0.0590,11.60,yes
2026-10-05T03:13:59.334661Z,KXBNB15M-26OCT042315-15,0.0310,2.00,no
2026-10-05T03:13:59.334661Z,KXBNB15M-26OCT042315-15,0.0310,11.00,no
2026-10-05T03:13:59.334661Z,KXBNB15M-26OCT042315-15,0.0320,2.00,no
2026-10-05T03:13:59.334661Z,KXBNB15M-26OCT042315-15,0.0300,4.19,no
2026-10-05T03:13:59.334661Z,KXBNB15M-26OCT042315-15,0.0300,0.81,no
2026-10-05T03:14:00.025445Z,KXBNB15M-26OCT042315-15,0.0320,1.00,no
2026-10-05T03:14:00.050221Z,KXBNB15M-26OCT042315-15,0.0300,25.00,no
2026-10-05T03:14:00.050221Z,KXBNB15M-26OCT042315-15,0.0260,2.00,no
2026-10-05T03:14:00.050221Z,KXBNB15M-26OCT042315-15,0.0250,1.81,no
2026-10-05T03:14:00.050221Z,KXBNB15M-26OCT042315-15,0.0300,0.19,no
2026-10-05T03:14:00.050221Z,KXBNB15M-26OCT042315-15,0.0250,2.00,no
2026-10-05T03:14:00.051234Z,KXBNB15M-26OCT042315-15,0.0200,7.86,no
2026-10-05T03:14:00.051234Z,KXBNB15M-26OCT042315-15,0.0200,1.00,no
2026-10-05T03:14:00.051234Z,KXBNB15M-26OCT042315-15,0.0250,0.19,no
2026-10-05T03:14:00.051234Z,KXBNB15M-26OCT042315-15,0.0200,50.00,no
2026-10-05T03:14:00.051234Z,KXBNB15M-26OCT042315-15,0.0200,11.00,no
2026-10-05T03:14:00.051234Z,KXBNB15M-26OCT042315-15,0.0210,1.00,no
2026-10-05T03:14:00.051234Z,KXBNB15M-26OCT042315-15,0.0200,0.95,no
2026-10-05T03:14:00.051234Z,KXBNB15M-26OCT042315-15,0.0200,1.00,no
2026-10-05T03:14:00.051234Z,KXBNB15M-26OCT042315-15,0.0220,2.00,no
2026-10-05T03:14:00.129403Z,KXBNB15M-26OCT042315-15,0.0300,26.00,yes
2026-10-05T03:14:00.129403Z,KXBNB15M-26OCT042315-15,0.0340,38.00,yes
2026-10-05T03:14:00.129403Z,KXBNB15M-26OCT042315-15,0.0330,2.00,yes
2026-10-05T03:14:00.129403Z,KXBNB15M-26OCT042315-15,0.0320,2.00,yes
2026-10-05T03:14:00.139254Z,KXBNB15M-26OCT042315-15,0.0200,76.14,no
2026-10-05T03:14:00.139254Z,KXBNB15M-26OCT042315-15,0.0230,2.00,no
2026-10-05T03:14:00.139254Z,KXBNB15M-26OCT042315-15,0.0200,1.00,no
2026-10-05T03:14:00.242142Z,KXBNB15M-26OCT042315-15,0.0270,2.00,no
2026-10-05T03:14:00.269733Z,KXBNB15M-26OCT042315-15,0.0260,2.00,no
2026-10-05T03:14:00.284219Z,KXBNB15M-26OCT042315-15,0.0250,1.00,no
2026-10-05T03:14:00.585125Z,KXBNB15M-26OCT042315-15,0.0340,23.02,yes
2026-10-05T03:14:00.585125Z,KXBNB15M-26OCT042315-15,0.0250,3.00,yes
2026-10-05T03:14:00.615658Z,KXBNB15M-26OCT042315-15,0.0240,2.00,no
2026-10-05T03:14:00.626794Z,KXBNB15M-26OCT042315-15,0.0230,2.00,no
2026-10-05T03:14:00.626794Z,KXBNB15M-26OCT042315-15,0.0180,22.00,no
2026-10-05T03:14:00.626794Z,KXBNB15M-26OCT042315-15,0.0150,20.00,no
2026-10-05T03:14:00.626794Z,KXBNB15M-26OCT042315-15,0.0160,20.00,no
2026-10-05T03:14:00.626794Z,KXBNB15M-26OCT042315-15,0.0170,20.00,no
2026-10-05T03:14:00.626794Z,KXBNB15M-26OCT042315-15,0.0150,1.00,no
2026-10-05T03:14:00.644318Z,KXBNB15M-26OCT042315-15,0.0240,1.00,no
2026-10-05T03:14:00.702871Z,KXBNB15M-26OCT042315-15,0.0220,20.00,yes
2026-10-05T03:14:00.702871Z,KXBNB15M-26OCT042315-15,0.0220,20.00,yes
2026-10-05T03:14:00.702871Z,KXBNB15M-26OCT042315-15,0.0230,1.00,yes
2026-10-05T03:14:00.730913Z,KXBNB15M-26OCT042315-15,0.0210,2.00,no
2026-10-05T03:14:00.749266Z,KXBNB15M-26OCT042315-15,0.0210,1.00,no
2026-10-05T03:14:01.139174Z,KXBNB15M-26OCT042315-15,0.0170,1.00,no
2026-10-05T03:14:01.812696Z,KXBNB15M-26OCT042315-15,0.0170,1.00,no
2026-10-05T03:14:01.812696Z,KXBNB15M-26OCT042315-15,0.0150,2.00,no
2026-10-05T03:14:01.812696Z,KXBNB15M-26OCT042315-15,0.0140,2.00,no
2026-10-05T03:14:01.812696Z,KXBNB15M-26OCT042315-15,0.0140,20.00,no
2026-10-05T03:14:01.812696Z,KXBNB15M-26OCT042315-15,0.0130,20.00,no
2026-10-05T03:14:01.812696Z,KXBNB15M-26OCT042315-15,0.0120,5.00,no
2026-10-05T03:14:01.840904Z,KXBNB15M-26OCT042315-15,0.0180,5.00,yes
2026-10-05T03:14:01.840904Z,KXBNB15M-26OCT042315-15,0.0180,20.00,yes
2026-10-05T03:14:01.840904Z,KXBNB15M-26OCT042315-15,0.0180,20.00,yes
2026-10-05T03:14:01.840904Z,KXBNB15M-26OCT042315-15,0.0190,20.00,yes
2026-10-05T03:14:01.842444Z,KXBNB15M-26OCT042315-15,0.0190,0.01,yes
2026-10-05T03:14:01.842444Z,KXBNB15M-26OCT042315-15,0.0200,1.00,yes
2026-10-05T03:14:01.97788Z,KXBNB15M-26OCT042315-15,0.0440,7.13,yes
2026-10-05T03:14:01.97788Z,KXBNB15M-26OCT042315-15,0.0270,2.00,yes
2026-10-05T03:14:01.97788Z,KXBNB15M-26OCT042315-15,0.0260,2.00,yes
2026-10-05T03:14:01.97788Z,KXBNB15M-26OCT042315-15,0.0400,0.58,yes
2026-10-05T03:14:02.034012Z,KXBNB15M-26OCT042315-15,0.0220,9.00,no
2026-10-05T03:14:02.049079Z,KXBNB15M-26OCT042315-15,0.0220,0.78,no
2026-10-05T03:14:02.049079Z,KXBNB15M-26OCT042315-15,0.0150,0.22,no
2026-10-05T03:14:02.09657Z,KXBNB15M-26OCT042315-15,0.0220,1.00,no
2026-10-05T03:14:02.315974Z,KXBNB15M-26OCT042315-15,0.0120,5.00,no
2026-10-05T03:14:03.716168Z,KXBNB15M-26OCT042315-15,0.0380,6.00,yes
2026-10-05T03:14:03.716168Z,KXBNB15M-26OCT042315-15,0.0380,2.00,yes
2026-10-05T03:14:03.716168Z,KXBNB15M-26OCT042315-15,0.0210,5.00,yes
2026-10-05T03:14:03.716168Z,KXBNB15M-26OCT042315-15,0.0390,2.00,yes
2026-10-05T03:14:03.716168Z,KXBNB15M-26OCT042315-15,0.0400,0.58,yes
2026-10-05T03:14:03.716168Z,KXBNB15M-26OCT042315-15,0.0440,13.42,yes
2026-10-05T03:14:03.751337Z,KXBNB15M-26OCT042315-15,0.0210,2.00,no
2026-10-05T03:14:03.767515Z,KXBNB15M-26OCT042315-15,0.0210,2.00,no
2026-10-05T03:14:03.782549Z,KXBNB15M-26OCT042315-15,0.0210,2.00,no
2026-10-05T03:14:03.797356Z,KXBNB15M-26OCT042315-15,0.0210,2.00,no
2026-10-05T03:14:03.823583Z,KXBNB15M-26OCT042315-15,0.0200,15.00,no
2026-10-05T03:14:03.879947Z,KXBNB15M-26OCT042315-15,0.0180,1.00,no
2026-10-05T03:14:03.879947Z,KXBNB15M-26OCT042315-15,0.0180,2.00,no
2026-10-05T03:14:03.879947Z,KXBNB15M-26OCT042315-15,0.0190,2.00,no
2026-10-05T03:14:03.879947Z,KXBNB15M-26OCT042315-15,0.0200,69.00,no
2026-10-05T03:14:04.030692Z,KXBNB15M-26OCT042315-15,0.0430,2.00,yes
2026-10-05T03:14:04.030692Z,KXBNB15M-26OCT042315-15,0.0430,8.05,yes
2026-10-05T03:14:04.382658Z,KXBNB15M-26OCT042315-15,0.0270,1.99,no
2026-10-05T03:14:04.400872Z,KXBNB15M-26OCT042315-15,0.0260,1.99,no
2026-10-05T03:14:04.419134Z,KXBNB15M-26OCT042315-15,0.0250,1.99,no
2026-10-05T03:14:04.439139Z,KXBNB15M-26OCT042315-15,0.0230,1.99,no
2026-10-05T03:14:04.454199Z,KXBNB15M-26OCT042315-15,0.0220,1.99,no
2026-10-05T03:14:04.768545Z,KXBNB15M-26OCT042315-15,0.0350,34.00,yes
2026-10-05T03:14:04.768545Z,KXBNB15M-26OCT042315-15,0.0290,2.00,yes
2026-10-05T03:14:04.768545Z,KXBNB15M-26OCT042315-15,0.0280,2.00,yes
2026-10-05T03:14:04.779453Z,KXBNB15M-26OCT042315-15,0.0490,20.00,yes
2026-10-05T03:14:04.779747Z,KXBNB15M-26OCT042315-15,0.0500,24.31,yes
2026-10-05T03:14:04.779747Z,KXBNB15M-26OCT042315-15,0.0500,5.00,yes
2026-10-05T03:14:04.781705Z,KXBNB15M-26OCT042315-15,0.0500,0.69,yes
2026-10-05T03:14:04.782353Z,KXBNB15M-26OCT042315-15,0.0530,2.00,yes
2026-10-05T03:14:04.783027Z,KXBNB15M-26OCT042315-15,0.0520,2.00,yes
2026-10-05T03:14:04.78407Z,KXBNB15M-26OCT042315-15,0.0520,17.00,yes
2026-10-05T03:14:04.78407Z,KXBNB15M-26OCT042315-15,0.0530,7.00,yes
2026-10-05T03:14:04.78407Z,KXBNB15M-26OCT042315-15,0.0600,16.00,yes
2026-10-05T03:14:04.78407Z,KXBNB15M-26OCT042315-15,0.0830,75.44,yes
2026-10-05T03:14:04.78814Z,KXBNB15M-26OCT042315-15,0.0830,3.00,yes
2026-10-05T03:14:04.78814Z,KXBNB15M-26OCT042315-15,0.0830,24.56,yes
2026-10-05T03:14:04.795852Z,KXBNB15M-26OCT042315-15,0.0820,22.00,yes
2026-10-05T03:14:04.823186Z,KXBNB15M-26OCT042315-15,0.1600,1.00,yes
2026-10-05T03:14:04.836883Z,KXBNB15M-26OCT042315-15,0.2000,78.75,yes
2026-10-05T03:14:04.843783Z,KXBNB15M-26OCT042315-15,0.1800,1.11,no
2026-10-05T03:14:04.846865Z,KXBNB15M-26OCT042315-15,0.2000,15.62,yes
2026-10-05T03:14:04.895044Z,KXBNB15M-26OCT042315-15,0.1800,3.33,no
2026-10-05T03:14:04.953998Z,KXBNB15M-26OCT042315-15,0.1300,10.00,no
2026-10-05T03:14:05.023337Z,KXBNB15M-26OCT042315-15,0.0950,4.00,no
2026-10-05T03:14:05.023337Z,KXBNB15M-26OCT042315-15,0.1300,1.00,no
2026-10-05T03:14:05.044817Z,KXBNB15M-26OCT042315-15,0.0810,152.00,no
2026-10-05T03:14:05.044817Z,KXBNB15M-26OCT042315-15,0.0950,56.00,no
2026-10-05T03:14:05.044817Z,KXBNB15M-26OCT042315-15,0.1200,22.00,no
2026-10-05T03:14:05.081321Z,KXBNB15M-26OCT042315-15,0.1600,1.00,no
2026-10-05T03:14:05.081321Z,KXBNB15M-26OCT042315-15,0.0810,140.00,no
2026-10-05T03:14:05.081321Z,KXBNB15M-26OCT042315-15,0.1600,29.00,no
2026-10-05T03:14:05.081321Z,KXBNB15M-26OCT042315-15,0.0850,60.00,no
2026-10-05T03:14:05.113501Z,KXBNB15M-26OCT042315-15,0.1200,1.00,no
2026-10-05T03:14:05.127998Z,KXBNB15M-26OCT042315-15,0.0960,4.00,no
2026-10-05T03:14:05.127998Z,KXBNB15M-26OCT042315-15,0.1200,1.00,no
2026-10-05T03:14:05.127998Z,KXBNB15M-26OCT042315-15,0.1200,1.00,no
2026-10-05T03:14:05.386845Z,KXBNB15M-26OCT042315-15,0.1300,1.00,no
2026-10-05T03:14:05.386845Z,KXBNB15M-26OCT042315-15,0.0820,17.00,no
2026-10-05T03:14:05.386845Z,KXBNB15M-26OCT042315-15,0.0520,229.00,no
2026-10-05T03:14:05.386845Z,KXBNB15M-26OCT042315-15,0.0590,60.00,no
2026-10-05T03:14:05.534387Z,KXBNB15M-26OCT042315-15,0.1300,1.00,no
2026-10-05T03:14:05.758562Z,KXBNB15M-26OCT042315-15,0.1000,16.31,yes
2026-10-05T03:14:05.758562Z,KXBNB15M-26OCT042315-15,0.0940,2.69,yes
2026-10-05T03:14:05.758562Z,KXBNB15M-26OCT042315-15,0.0940,60.00,yes
2026-10-05T03:14:05.782263Z,KXBNB15M-26OCT042315-15,0.1000,8.17,yes
2026-10-05T03:14:05.782263Z,KXBNB15M-26OCT042315-15,0.1000,16.83,yes
2026-10-05T03:14:05.867122Z,KXBNB15M-26OCT042315-15,0.0520,1.00,no
2026-10-05T03:14:06.670857Z,KXBNB15M-26OCT042315-15,0.0690,60.00,yes
2026-10-05T03:14:06.670857Z,KXBNB15M-26OCT042315-15,0.0930,17.99,yes
2026-10-05T03:14:07.134611Z,KXBNB15M-26OCT042315-15,0.0760,25.00,yes
2026-10-05T03:14:07.618238Z,KXBNB15M-26OCT042315-15,0.0760,13.00,yes
2026-10-05T03:14:08.086977Z,KXBNB15M-26OCT042315-15,0.0760,4.17,yes
2026-10-05T03:14:08.086977Z,KXBNB15M-26OCT042315-15,0.0760,22.00,yes
2026-10-05T03:14:08.086977Z,KXBNB15M-26OCT042315-15,0.0760,1.31,yes
2026-10-05T03:14:08.086977Z,KXBNB15M-26OCT042315-15,0.0930,21.00,yes
2026-10-05T03:14:08.086977Z,KXBNB15M-26OCT042315-15,0.0940,35.52,yes
2026-10-05T03:14:08.180591Z,KXBNB15M-26OCT042315-15,0.0730,60.00,yes
2026-10-05T03:14:08.180591Z,KXBNB15M-26OCT042315-15,0.0930,21.00,yes
2026-10-05T03:14:08.180591Z,KXBNB15M-26OCT042315-15,0.0940,3.00,yes
2026-10-05T03:14:08.360221Z,KXBNB15M-26OCT042315-15,0.0780,60.00,yes
2026-10-05T03:14:08.360221Z,KXBNB15M-26OCT042315-15,0.0930,21.00,yes
2026-10-05T03:14:08.360221Z,KXBNB15M-26OCT042315-15,0.0940,3.00,yes
2026-10-05T03:14:08.460472Z,KXBNB15M-26OCT042315-15,0.1000,23.00,yes
2026-10-05T03:14:08.460472Z,KXBNB15M-26OCT042315-15,0.0940,0.01,yes
2026-10-05T03:14:08.460472Z,KXBNB15M-26OCT042315-15,0.0940,18.48,yes
2026-10-05T03:14:08.460472Z,KXBNB15M-26OCT042315-15,0.1100,42.51,yes
2026-10-05T03:14:08.505945Z,KXBNB15M-26OCT042315-15,0.0930,9.02,yes
2026-10-05T03:14:08.580989Z,KXBNB15M-26OCT042315-15,0.0930,50.98,yes
2026-10-05T03:14:08.580989Z,KXBNB15M-26OCT042315-15,0.1100,17.02,yes
2026-10-05T03:14:09.06685Z,KXBNB15M-26OCT042315-15,0.0800,3.00,no
2026-10-05T03:14:09.111769Z,KXBNB15M-26OCT042315-15,0.0520,212.00,no
2026-10-05T03:14:09.111769Z,KXBNB15M-26OCT042315-15,0.0800,14.00,no
2026-10-05T03:14:09.111769Z,KXBNB15M-26OCT042315-15,0.0600,1.00,no
2026-10-05T03:14:09.111769Z,KXBNB15M-26OCT042315-15,0.0530,20.00,no
2026-10-05T03:14:09.166589Z,KXBNB15M-26OCT042315-15,0.0700,11.00,no
2026-10-05T03:14:09.343208Z,KXBNB15M-26OCT042315-15,0.1300,33.28,yes
2026-10-05T03:14:10.767895Z,KXBNB15M-26OCT042315-15,0.0700,0.01,no
2026-10-05T03:14:10.767895Z,KXBNB15M-26OCT042315-15,0.0600,0.99,no
2026-10-05T03:14:10.986007Z,KXBNB15M-26OCT042315-15,0.0610,19.00,no
2026-10-05T03:14:10.986007Z,KXBNB15M-26OCT042315-15,0.0600,16.01,no
2026-10-05T03:14:10.986007Z,KXBNB15M-26OCT042315-15,0.0410,12.95,no
2026-10-05T03:14:10.986007Z,KXBNB15M-26OCT042315-15,0.0700,1.00,no
2026-10-05T03:14:11.23897Z,KXBNB15M-26OCT042315-15,0.0910,21.00,yes
2026-10-05T03:14:11.23897Z,KXBNB15M-26OCT042315-15,0.0710,1.10,yes
2026-10-05T03:14:11.23897Z,KXBNB15M-26OCT042315-15,0.0710,0.01,yes
2026-10-05T03:14:11.506975Z,KXBNB15M-26OCT042315-15,0.0710,1.10,yes
2026-10-05T03:14:11.506975Z,KXBNB15M-26OCT042315-15,0.1300,11.90,yes
2026-10-05T03:14:11.96571Z,KXBNB15M-26OCT042315-15,0.1400,25.76,yes
2026-10-05T03:14:11.96571Z,KXBNB15M-26OCT042315-15,0.1300,14.82,yes
2026-10-05T03:14:12.341962Z,KXBNB15M-26OCT042315-15,0.0600,1.00,no
2026-10-05T03:14:12.696495Z,KXBNB15M-26OCT042315-15,0.0700,1.88,yes
2026-10-05T03:14:13.352133Z,KXBNB15M-26OCT042315-15,0.0330,1.00,no
2026-10-05T03:14:13.587664Z,KXBNB15M-26OCT042315-15,0.0700,2.95,yes
2026-10-05T03:14:14.770944Z,KXBNB15M-26OCT042315-15,0.0330,1.00,no
2026-10-05T03:14:14.946621Z,KXBNB15M-26OCT042315-15,0.0590,21.00,yes
2026-10-05T03:14:14.946621Z,KXBNB15M-26OCT042315-15,0.0360,2.00,yes
2026-10-05T03:14:14.946621Z,KXBNB15M-26OCT042315-15,0.0350,2.00,yes
2026-10-05T03:14:14.946621Z,KXBNB15M-26OCT042315-15,0.0600,6.77,yes
2026-10-05T03:14:15.100098Z,KXBNB15M-26OCT042315-15,0.0330,1.00,no
2026-10-05T03:14:15.409629Z,KXBNB15M-26OCT042315-15,0.0600,1.87,yes
2026-10-05T03:14:15.409629Z,KXBNB15M-26OCT042315-15,0.0570,22.00,yes
2026-10-05T03:14:15.409629Z,KXBNB15M-26OCT042315-15,0.0330,2.00,yes
2026-10-05T03:14:15.409629Z,KXBNB15M-26OCT042315-15,0.0320,2.00,yes
2026-10-05T03:14:15.409629Z,KXBNB15M-26OCT042315-15,0.0580,6.00,yes
2026-10-05T03:14:17.816584Z,KXBNB15M-26OCT042315-15,0.0220,1.00,no
2026-10-05T03:14:17.816584Z,KXBNB15M-26OCT042315-15,0.0220,2.51,no
2026-10-05T03:14:17.918043Z,KXBNB15M-26OCT042315-15,0.0210,9.60,no
2026-10-05T03:14:17.918043Z,KXBNB15M-26OCT042315-15,0.0210,6.00,no
2026-10-05T03:14:18.04828Z,KXBNB15M-26OCT042315-15,0.0220,8.16,no
2026-10-05T03:14:18.04828Z,KXBNB15M-26OCT042315-15,0.0220,2.00,no
2026-10-05T03:14:18.219101Z,KXBNB15M-26OCT042315-15,0.0590,5.65,yes
2026-10-05T03:14:18.219101Z,KXBNB15M-26OCT042315-15,0.0330,0.01,yes
2026-10-05T03:14:18.219101Z,KXBNB15M-26OCT042315-15,0.0300,2.00,yes
2026-10-05T03:14:18.219101Z,KXBNB15M-26OCT042315-15,0.0310,2.00,yes
2026-10-05T03:14:18.285036Z,KXBNB15M-26OCT042315-15,0.0210,1.00,no
2026-10-05T03:14:18.285036Z,KXBNB15M-26OCT042315-15,0.0200,25.00,no
2026-10-05T03:14:18.285036Z,KXBNB15M-26OCT042315-15,0.0190,20.00,no
2026-10-05T03:14:18.604656Z,KXBNB15M-26OCT042315-15,0.0130,18.92,no
2026-10-05T03:14:18.604656Z,KXBNB15M-26OCT042315-15,0.0180,20.00,no
2026-10-05T03:14:19.524797Z,KXBNB15M-26OCT042315-15,0.0130,14.61,no
2026-10-05T03:14:19.524797Z,KXBNB15M-26OCT042315-15,0.0180,1.00,no
2026-10-05T03:14:19.589949Z,KXBNB15M-26OCT042315-15,0.0190,3.00,yes
2026-10-05T03:14:20.107798Z,KXBNB15M-26OCT042315-15,0.0200,12.82,yes
2026-10-05T03:14:20.107798Z,KXBNB15M-26OCT042315-15,0.0190,17.00,yes
2026-10-05T03:14:20.316544Z,KXBNB15M-26OCT042315-15,0.0110,1.00,no
2026-10-05T03:14:20.316544Z,KXBNB15M-26OCT042315-15,0.0110,1.00,no
2026-10-05T03:14:20.316544Z,KXBNB15M-26OCT042315-15,0.0110,20.00,no
2026-10-05T03:14:20.316544Z,KXBNB15M-26OCT042315-15,0.0100,20.00,no
2026-10-05T03:14:20.316544Z,KXBNB15M-26OCT042315-15,0.0120,10.00,no
2026-10-05T03:14:20.316544Z,KXBNB15M-26OCT042315-15,0.0070,20.00,no
2026-10-05T03:14:20.316544Z,KXBNB15M-26OCT042315-15,0.0090,20.00,no
2026-10-05T03:14:20.316544Z,KXBNB15M-26OCT042315-15,0.0080,20.00,no
2026-10-05T03:14:20.316544Z,KXBNB15M-26OCT042315-15,0.0110,1.00,no
2026-10-05T03:14:20.316544Z,KXBNB15M-26OCT042315-15,0.0120,30.00,no
2026-10-05T03:14:20.316544Z,KXBNB15M-26OCT042315-15,0.0100,2.00,no
2026-10-05T03:14:20.316544Z,KXBNB15M-26OCT042315-15,0.0090,2.00,no
2026-10-05T03:14:20.316544Z,KXBNB15M-26OCT042315-15,0.0070,28.53,no
2026-10-05T03:14:20.316544Z,KXBNB15M-26OCT042315-15,0.0120,17.93,no
2026-10-05T03:14:20.316544Z,KXBNB15M-26OCT042315-15,0.0100,2.65,no
2026-10-05T03:14:20.316544Z,KXBNB15M-26OCT042315-15,0.0100,2.29,no
2026-10-05T03:14:20.316544Z,KXBNB15M-26OCT042315-15,0.0100,3.38,no
2026-10-05T03:14:20.532501Z,KXBNB15M-26OCT042315-15,0.0120,0.01,no
2026-10-05T03:14:20.721916Z,KXBNB15M-26OCT042315-15,0.0170,1.94,yes
2026-10-05T03:14:20.721916Z,KXBNB15M-26OCT042315-15,0.0170,20.00,yes
2026-10-05T03:14:20.721916Z,KXBNB15M-26OCT042315-15,0.0140,2.00,yes
2026-10-05T03:14:20.721916Z,KXBNB15M-26OCT042315-15,0.0130,2.00,yes
2026-10-05T03:14:21.328553Z,KXBNB15M-26OCT042315-15,0.0060,8.40,no
2026-10-05T03:14:21.328553Z,KXBNB15M-26OCT042315-15,0.0120,0.99,no
2026-10-05T03:14:21.328553Z,KXBNB15M-26OCT042315-15,0.0070,2.20,no
2026-10-05T03:14:21.399489Z,KXBNB15M-26OCT042315-15,0.0050,20.00,no
2026-10-05T03:14:21.399489Z,KXBNB15M-26OCT042315-15,0.0060,11.60,no
2026-10-05T03:14:21.399489Z,KXBNB15M-26OCT042315-15,0.0050,11.00,no
2026-10-05T03:14:21.399489Z,KXBNB15M-26OCT042315-15,0.0050,30.00,no
2026-10-05T03:14:21.399489Z,KXBNB15M-26OCT042315-15,0.0050,2.00,no
2026-10-05T03:14:21.399489Z,KXBNB15M-26OCT042315-15,0.0060,2.00,no
2026-10-05T03:14:21.399489Z,KXBNB15M-26OCT042315-15,0.0060,33.00,no
2026-10-05T03:14:22.116006Z,KXBNB15M-26OCT042315-15,0.0090,20.00,yes
2026-10-05T03:14:22.116006Z,KXBNB15M-26OCT042315-15,0.0100,10.28,yes
2026-10-05T03:14:22.116006Z,KXBNB15M-26OCT042315-15,0.0080,20.00,yes
2026-10-05T03:14:22.116006Z,KXBNB15M-26OCT042315-15,0.0070,11.60,yes
2026-10-05T03:14:22.116006Z,KXBNB15M-26OCT042315-15,0.0080,25.00,yes
2026-10-05T03:14:22.116006Z,KXBNB15M-26OCT042315-15,0.0070,8.40,yes
2026-10-05T03:14:22.116006Z,KXBNB15M-26OCT042315-15,0.0070,20.00,yes
2026-10-05T03:14:22.338181Z,KXBNB15M-26OCT042315-15,0.0080,16.45,yes
2026-10-05T03:14:23.187292Z,KXBNB15M-26OCT042315-15,0.0050,1.00,no
2026-10-05T03:14:23.250718Z,KXBNB15M-26OCT042315-15,0.0050,31.49,no
2026-10-05T03:14:23.250718Z,KXBNB15M-26OCT042315-15,0.0050,7.64,no
2026-10-05T03:14:23.322737Z,KXBNB15M-26OCT042315-15,0.0050,37.00,no
2026-10-05T03:14:23.322737Z,KXBNB15M-26OCT042315-15,0.0050,1.00,no
2026-10-05T03:14:23.32402Z,KXBNB15M-26OCT042315-15,0.0130,10.00,yes
2026-10-05T03:14:23.32402Z,KXBNB15M-26OCT042315-15,0.0090,2.00,yes
2026-10-05T03:14:23.32402Z,KXBNB15M-26OCT042315-15,0.0080,40.00,yes
2026-10-05T03:14:23.32402Z,KXBNB15M-26OCT042315-15,0.0080,3.55,yes
2026-10-05T03:14:23.32402Z,KXBNB15M-26OCT042315-15,0.0110,7.97,yes
2026-10-05T03:14:23.32402Z,KXBNB15M-26OCT042315-15,0.0110,18.06,yes
2026-10-05T03:14:23.32402Z,KXBNB15M-26OCT042315-15,0.0100,9.72,yes
2026-10-05T03:14:23.32402Z,KXBNB15M-26OCT042315-15,0.0150,3.04,yes
2026-10-05T03:14:24.223328Z,KXBNB15M-26OCT042315-15,0.0040,1.50,no
2026-10-05T03:14:25.290067Z,KXBNB15M-26OCT042315-15,0.0040,8.23,no
2026-10-05T03:14:25.472219Z,KXBNB15M-26OCT042315-15,0.0040,1.00,no
2026-10-05T03:14:25.472219Z,KXBNB15M-26OCT042315-15,0.0040,1.00,no
2026-10-05T03:14:25.472219Z,KXBNB15M-26OCT042315-15,0.0040,10.27,no
2026-10-05T03:14:25.472219Z,KXBNB15M-26OCT042315-15,0.0040,1.00,no
2026-10-05T03:14:25.472219Z,KXBNB15M-26OCT042315-15,0.0040,1.00,no
2026-10-05T03:14:25.472219Z,KXBNB15M-26OCT042315-15,0.0040,13.00,no
2026-10-05T03:14:25.472219Z,KXBNB15M-26OCT042315-15,0.0040,1.00,no
2026-10-05T03:14:25.472219Z,KXBNB15M-26OCT042315-15,0.0040,4.73,no
2026-10-05T03:14:26.351456Z,KXBNB15M-26OCT042315-15,0.0020,3.00,no
2026-10-05T03:14:26.351456Z,KXBNB15M-26OCT042315-15,0.0030,2.00,no
2026-10-05T03:14:26.351456Z,KXBNB15M-26OCT042315-15,0.0030,2.00,no
2026-10-05T03:14:26.351456Z,KXBNB15M-26OCT042315-15,0.0030,20.00,no
2026-10-05T03:14:26.351456Z,KXBNB15M-26OCT042315-15,0.0020,20.00,no
2026-10-05T03:14:26.351456Z,KXBNB15M-26OCT042315-15,0.0030,2.00,no
2026-10-05T03:14:26.351456Z,KXBNB15M-26OCT042315-15,0.0020,3.00,no
2026-10-05T03:14:26.351456Z,KXBNB15M-26OCT042315-15,0.0020,3.00,no
2026-10-05T03:14:26.351456Z,KXBNB15M-26OCT042315-15,0.0020,3.00,no
2026-10-05T03:14:26.351456Z,KXBNB15M-26OCT042315-15,0.0030,2.00,no
2026-10-05T03:14:26.351456Z,KXBNB15M-26OCT042315-15,0.0020,3.00,no
2026-10-05T03:14:26.351456Z,KXBNB15M-26OCT042315-15,0.0030,2.00,no
2026-10-05T03:14:26.351456Z,KXBNB15M-26OCT042315-15,0.0020,26.00,no
2026-10-05T03:14:26.351456Z,KXBNB15M-26OCT042315-15,0.0030,18.00,no
2026-10-05T03:14:26.351456Z,KXBNB15M-26OCT042315-15,0.0030,100.00,no
2026-10-05T03:14:26.351456Z,KXBNB15M-26OCT042315-15,0.0020,200.00,no
2026-10-05T03:14:26.351456Z,KXBNB15M-26OCT042315-15,0.0020,167.00,no
2026-10-05T03:14:26.351456Z,KXBNB15M-26OCT042315-15,0.0030,4.00,no
2026-10-05T03:14:26.453978Z,KXBNB15M-26OCT042315-15,0.0020,1.00,no
2026-10-05T03:14:29.06024Z,KXBNB15M-26OCT042315-15,0.0020,0.38,no
2026-10-05T03:14:29.367761Z,KXBNB15M-26OCT042315-15,0.0040,3.09,yes
2026-10-05T03:14:29.556346Z,KXBNB15M-26OCT042315-15,0.0040,20.00,yes
2026-10-05T03:14:29.556346Z,KXBNB15M-26OCT042315-15,0.0050,35.82,yes
2026-10-05T03:14:29.556346Z,KXBNB15M-26OCT042315-15,0.0040,16.91,yes
2026-10-05T03:14:29.556346Z,KXBNB15M-26OCT042315-15,0.0050,8.23,yes
2026-10-05T03:14:29.556346Z,KXBNB15M-26OCT042315-15,0.0050,10.27,yes
2026-10-05T03:14:29.556346Z,KXBNB15M-26OCT042315-15,0.0050,1.50,yes
2026-10-05T03:14:30.133919Z,KXBNB15M-26OCT042315-15,0.0020,40.93,no
2026-10-05T03:14:30.153038Z,KXBNB15M-26OCT042315-15,0.0020,2.00,no
2026-10-05T03:14:30.204558Z,KXBNB15M-26OCT042315-15,0.0020,26.26,no
2026-10-05T03:14:30.204558Z,KXBNB15M-26OCT042315-15,0.0020,50.00,no
2026-10-05T03:14:30.204558Z,KXBNB15M-26OCT042315-15,0.0020,3.00,no
2026-10-05T03:14:30.571482Z,KXBNB15M-26OCT042315-15,0.0060,1.00,yes
2026-10-05T03:14:30.571482Z,KXBNB15M-26OCT042315-15,0.0070,2.00,yes
2026-10-05T03:14:30.571482Z,KXBNB15M-26OCT042315-15,0.0070,35.74,yes
2026-10-05T03:14:34.674646Z,KXBNB15M-26OCT042315-15,0.0010,75.00,no
2026-10-05T03:14:34.674646Z,KXBNB15M-26OCT042315-15,0.0010,100.00,no
2026-10-05T03:14:34.674646Z,KXBNB15M-26OCT042315-15,0.0010,1.00,no
2026-10-05T03:14:34.674646Z,KXBNB15M-26OCT042315-15,0.0010,1.00,no
2026-10-05T03:14:34.674646Z,KXBNB15M-26OCT042315-15,0.0010,20.00,no
2026-10-05T03:14:34.674646Z,KXBNB15M-26OCT042315-15,0.0010,1.00,no
2026-10-05T03:14:34.674646Z,KXBNB15M-26OCT042315-15,0.0010,71.56,no
2026-10-05T03:14:35.74507Z,KXBNB15M-26OCT042315-15,0.0010,3.51,yes
2026-10-05T03:14:36.871548Z,KXBNB15M-26OCT042315-15,0.0010,45.00,yes
2026-10-05T03:14:37.252994Z,KXBNB15M-26OCT042315-15,0.0010,27.52,yes
2026-10-05T03:14:37.333531Z,KXBNB15M-26OCT042315-15,0.0010,9.00,yes
2026-10-05T03:14:41.143427Z,KXBNB15M-26OCT042315-15,0.0010,5.51,yes
2026-10-05T03:14:41.400017Z,KXBNB15M-26OCT042315-15,0.0010,31.00,yes
2026-10-05T03:14:43.407047Z,KXBNB15M-26OCT042315-15,0.0010,20.00,yes
2026-10-05T03:14:47.657313Z,KXBNB15M-26OCT042315-15,0.0010,4.00,yes
2026-10-05T03:14:50.548271Z,KXBNB15M-26OCT042315-15,0.0010,63.09,yes
2026-10-05T03:14:50.548271Z,KXBNB15M-26OCT042315-15,0.0010,12.00,yes
2026-10-05T03:14:50.548271Z,KXBNB15M-26OCT042315-15,0.0010,143.00,yes
2026-10-05T03:14:50.548271Z,KXBNB15M-26OCT042315-15,0.0010,697.90,yes
2026-10-05T03:14:51.48191Z,KXBNB15M-26OCT042315-15,0.0010,33.00,yes
2026-10-05T03:14:51.546763Z,KXBNB15M-26OCT042315-15,0.0010,1113.40,yes
2026-10-05T03:14:51.546763Z,KXBNB15M-26OCT042315-15,0.0010,67.09,yes
2026-10-05T03:14:51.546763Z,KXBNB15M-26OCT042315-15,0.0010,70.00,yes
2026-10-05T03:14:51.546763Z,KXBNB15M-26OCT042315-15,0.0010,1.00,yes
2026-10-05T03:14:51.546763Z,KXBNB15M-26OCT042315-15,0.0020,291.30,yes
2026-10-05T03:14:53.595132Z,KXBNB15M-26OCT042315-15,0.0020,458.01,yes
2026-10-05T03:22:28.336074Z,KXNEAR15M-26OCT042330-30,0.0160,3.00,no
2026-10-05T03:22:30.024944Z,KXNEAR15M-26OCT042330-30,0.0160,2.00,no
2026-10-05T03:22:30.959342Z,KXNEAR15M-26OCT042330-30,0.0160,2.00,no
2026-10-05T03:22:31.28639Z,KXNEAR15M-26OCT042330-30,0.0160,1.00,no
2026-10-05T03:22:32.129053Z,KXNEAR15M-26OCT042330-30,0.0110,3.94,no
2026-10-05T03:22:32.129053Z,KXNEAR15M-26OCT042330-30,0.0160,1.00,no
2026-10-05T03:22:32.129053Z,KXNEAR15M-26OCT042330-30,0.0130,10.00,no
2026-10-05T03:22:32.129053Z,KXNEAR15M-26OCT042330-30,0.0140,10.00,no
2026-10-05T03:22:32.129053Z,KXNEAR15M-26OCT042330-30,0.0150,10.00,no
2026-10-05T03:22:32.129053Z,KXNEAR15M-26OCT042330-30,0.0120,4.00,no
2026-10-05T03:22:32.129053Z,KXNEAR15M-26OCT042330-30,0.0150,2.00,no
2026-10-05T03:22:32.129053Z,KXNEAR15M-26OCT042330-30,0.0120,0.03,no
2026-10-05T03:22:32.129053Z,KXNEAR15M-26OCT042330-30,0.0130,0.03,no
2026-10-05T03:22:32.129053Z,KXNEAR15M-26OCT042330-30,0.0140,2.00,no
2026-10-05T03:22:32.129053Z,KXNEAR15M-26OCT042330-30,0.0130,3.00,no
2026-10-05T03:22:32.129053Z,KXNEAR15M-26OCT042330-30,0.0120,4.00,no
2026-10-05T03:22:43.250212Z,KXNEAR15M-26OCT042330-30,0.0130,0.03,yes
2026-10-05T03:22:43.250212Z,KXNEAR15M-26OCT042330-30,0.0120,0.03,yes
2026-10-05T03:22:43.250212Z,KXNEAR15M-26OCT042330-30,0.0130,0.03,yes
2026-10-05T03:22:43.250212Z,KXNEAR15M-26OCT042330-30,0.0120,0.03,yes
2026-10-05T03:22:49.065599Z,KXNEAR15M-26OCT042330-30,0.0110,2.00,no
2026-10-05T03:22:49.100969Z,KXNEAR15M-26OCT042330-30,0.0110,12.00,no
2026-10-05T03:22:49.199535Z,KXNEAR15M-26OCT042330-30,0.0110,2.06,no
2026-10-05T03:22:49.199535Z,KXNEAR15M-26OCT042330-30,0.0110,0.94,no
2026-10-05T03:22:49.814467Z,KXNEAR15M-26OCT042330-30,0.0110,1.94,no
2026-10-05T03:22:49.814467Z,KXNEAR15M-26OCT042330-30,0.0110,0.06,no
2026-10-05T03:22:51.150006Z,KXNEAR15M-26OCT042330-30,0.0110,2.00,no
2026-10-05T03:22:51.979416Z,KXNEAR15M-26OCT042330-30,0.0110,2.00,no
2026-10-05T03:22:51.979416Z,KXNEAR15M-26OCT042330-30,0.0110,6.06,no
2026-10-05T03:22:51.979416Z,KXNEAR15M-26OCT042330-30,0.0110,12.94,no
2026-10-05T03:22:52.227263Z,KXNEAR15M-26OCT042330-30,0.0110,2.00,no
2026-10-05T03:22:52.471536Z,KXNEAR15M-26OCT042330-30,0.0110,2.00,no
2026-10-05T03:22:52.560708Z,KXNEAR15M-26OCT042330-30,0.0110,2.00,no
2026-10-05T03:22:52.566367Z,KXNEAR15M-26OCT042330-30,0.0110,1.00,no
2026-10-05T03:22:52.760203Z,KXNEAR15M-26OCT042330-30,0.0110,2.00,no
2026-10-05T03:22:54.75124Z,KXNEAR15M-26OCT042330-30,0.0110,1.00,no
2026-10-05T03:22:56.045316Z,KXNEAR15M-26OCT042330-30,0.0110,1.00,no
2026-10-05T03:22:56.506984Z,KXNEAR15M-26OCT042330-30,0.0110,3.00,no
2026-10-05T03:22:56.511656Z,KXNEAR15M-26OCT042330-30,0.0110,2.00,no
2026-10-05T03:22:56.914078Z,KXNEAR15M-26OCT042330-30,0.0110,20.00,no
2026-10-05T03:22:56.914837Z,KXNEAR15M-26OCT042330-30,0.0110,20.00,no
2026-10-05T03:22:57.438635Z,KXNEAR15M-26OCT042330-30,0.0120,0.01,yes
2026-10-05T03:22:57.438635Z,KXNEAR15M-26OCT042330-30,0.0120,0.03,yes
2026-10-05T03:22:57.438635Z,KXNEAR15M-26OCT042330-30,0.0120,1.96,yes
2026-10-05T03:22:59.797569Z,KXNEAR15M-26OCT042330-30,0.0110,1.00,no
2026-10-05T03:23:00.127479Z,KXNEAR15M-26OCT042330-30,0.0110,2.00,no
2026-10-05T03:23:00.133176Z,KXNEAR15M-26OCT042330-30,0.0110,1.00,no
2026-10-05T03:23:00.140558Z,KXNEAR15M-26OCT042330-30,0.0110,10.00,no
2026-10-05T03:23:00.188522Z,KXNEAR15M-26OCT042330-30,0.0120,0.01,yes
2026-10-05T03:23:00.664162Z,KXNEAR15M-26OCT042330-30,0.0160,2.88,yes
2026-10-05T03:23:00.664162Z,KXNEAR15M-26OCT042330-30,0.0130,0.03,yes
2026-10-05T03:23:00.664162Z,KXNEAR15M-26OCT042330-30,0.0140,0.03,yes
2026-10-05T03:23:00.664162Z,KXNEAR15M-26OCT042330-30,0.0150,0.03,yes
2026-10-05T03:23:00.664162Z,KXNEAR15M-26OCT042330-30,0.0160,0.03,yes
2026-10-05T03:23:00.675104Z,KXNEAR15M-26OCT042330-30,0.0160,4.00,yes
2026-10-05T03:23:00.693441Z,KXNEAR15M-26OCT042330-30,0.0160,1.00,yes
2026-10-05T03:23:02.072043Z,KXNEAR15M-26OCT042330-30,0.0120,5.00,yes
2026-10-05T03:23:03.476333Z,KXNEAR15M-26OCT042330-30,0.0120,0.97,yes
2026-10-05T03:23:03.476333Z,KXNEAR15M-26OCT042330-30,0.0120,0.03,yes
2026-10-05T03:23:03.921959Z,KXNEAR15M-26OCT042330-30,0.0190,0.03,yes
2026-10-05T03:23:03.921959Z,KXNEAR15M-26OCT042330-30,0.0160,0.03,yes
2026-10-05T03:23:03.921959Z,KXNEAR15M-26OCT042330-30,0.0150,0.03,yes
2026-10-05T03:23:03.921959Z,KXNEAR15M-26OCT042330-30,0.0200,6.00,yes
2026-10-05T03:23:03.921959Z,KXNEAR15M-26OCT042330-30,0.0180,5.00,yes
2026-10-05T03:23:03.921959Z,KXNEAR15M-26OCT042330-30,0.0140,0.04,yes
2026-10-05T03:23:03.921959Z,KXNEAR15M-26OCT042330-30,0.0210,29.56,yes
2026-10-05T03:23:03.921959Z,KXNEAR15M-26OCT042330-30,0.0180,0.03,yes
2026-10-05T03:23:03.921959Z,KXNEAR15M-26OCT042330-30,0.0210,3.00,yes
2026-10-05T03:23:03.921959Z,KXNEAR15M-26OCT042330-30,0.0190,0.02,yes
2026-10-05T03:23:03.921959Z,KXNEAR15M-26OCT042330-30,0.0200,0.03,yes
2026-10-05T03:23:03.921959Z,KXNEAR15M-26OCT042330-30,0.0170,0.03,yes
2026-10-05T03:23:03.921959Z,KXNEAR15M-26OCT042330-30,0.0190,1.00,yes
2026-10-05T03:23:03.921959Z,KXNEAR15M-26OCT042330-30,0.0210,0.02,yes
2026-10-05T03:23:06.620689Z,KXNEAR15M-26OCT042330-30,0.0110,17.06,no
2026-10-05T03:23:06.620689Z,KXNEAR15M-26OCT042330-30,0.0110,2.00,no
2026-10-05T03:23:06.620689Z,KXNEAR15M-26OCT042330-30,0.0110,1.00,no
2026-10-05T03:23:06.620689Z,KXNEAR15M-26OCT042330-30,0.0100,69.94,no
2026-10-05T03:23:06.620689Z,KXNEAR15M-26OCT042330-30,0.0100,10.00,no
2026-10-05T03:23:07.763943Z,KXNEAR15M-26OCT042330-30,0.0100,9.94,no
2026-10-05T03:23:07.763943Z,KXNEAR15M-26OCT042330-30,0.0100,5.06,no
2026-10-05T03:23:07.77104Z,KXNEAR15M-26OCT042330-30,0.0100,5.00,no
2026-10-05T03:23:07.785954Z,KXNEAR15M-26OCT042330-30,0.0100,2.00,no
2026-10-05T03:23:08.1629Z,KXNEAR15M-26OCT042330-30,0.0100,2.00,no
2026-10-05T03:23:10.39316Z,KXNEAR15M-26OCT042330-30,0.0100,1.00,no
2026-10-05T03:23:10.685153Z,KXNEAR15M-26OCT042330-30,0.0110,10.00,yes
2026-10-05T03:23:10.685153Z,KXNEAR15M-26OCT042330-30,0.0110,75.02,yes
2026-10-05T03:23:10.711285Z,KXNEAR15M-26OCT042330-30,0.0100,0.06,no
2026-10-05T03:23:10.711285Z,KXNEAR15M-26OCT042330-30,0.0100,0.94,no
2026-10-05T03:23:10.716242Z,KXNEAR15M-26OCT042330-30,0.0100,1.00,no
2026-10-05T03:23:11.472605Z,KXNEAR15M-26OCT042330-30,0.0110,1.26,yes
2026-10-05T03:23:11.472605Z,KXNEAR15M-26OCT042330-30,0.0110,0.03,yes
2026-10-05T03:23:11.738194Z,KXNEAR15M-26OCT042330-30,0.0100,3.00,no
2026-10-05T03:23:11.738194Z,KXNEAR15M-26OCT042330-30,0.0100,2.06,no
2026-10-05T03:23:12.205682Z,KXNEAR15M-26OCT042330-30,0.0100,23.06,yes
2026-10-05T03:23:12.205682Z,KXNEAR15M-26OCT042330-30,0.0100,19.94,yes
2026-10-05T03:23:13.277998Z,KXNEAR15M-26OCT042330-30,0.0110,4.00,yes
2026-10-05T03:23:13.962929Z,KXNEAR15M-26OCT042330-30,0.0090,3.04,no
2026-10-05T03:23:13.962929Z,KXNEAR15M-26OCT042330-30,0.0100,2.00,no
2026-10-05T03:23:14.392203Z,KXNEAR15M-26OCT042330-30,0.0100,85.02,yes
2026-10-05T03:23:15.595176Z,KXNEAR15M-26OCT042330-30,0.0100,1.93,yes
2026-10-05T03:23:15.595176Z,KXNEAR15M-26OCT042330-30,0.0100,0.03,yes
2026-10-05T03:23:15.595176Z,KXNEAR15M-26OCT042330-30,0.0100,3.04,yes
2026-10-05T03:23:18.936321Z,KXNEAR15M-26OCT042330-30,0.0100,1.33,yes
2026-10-05T03:23:20.694791Z,KXNEAR15M-26OCT042330-30,0.0090,2.00,no
2026-10-05T03:23:21.43949Z,KXNEAR15M-26OCT042330-30,0.0090,3.00,no
2026-10-05T03:23:22.190672Z,KXNEAR15M-26OCT042330-30,0.0090,1.00,no
2026-10-05T03:23:28.173648Z,KXNEAR15M-26OCT042330-30,0.0080,5.04,no
2026-10-05T03:23:28.173648Z,KXNEAR15M-26OCT042330-30,0.0090,0.96,no
2026-10-05T03:23:28.269056Z,KXNEAR15M-26OCT042330-30,0.0080,4.00,no
2026-10-05T03:23:28.660921Z,KXNEAR15M-26OCT042330-30,0.0080,0.96,no
2026-10-05T03:23:28.660921Z,KXNEAR15M-26OCT042330-30,0.0070,0.04,no
2026-10-05T03:23:28.95931Z,KXNEAR15M-26OCT042330-30,0.0080,5.00,yes
2026-10-05T03:23:29.115298Z,KXNEAR15M-26OCT042330-30,0.0080,0.04,yes
2026-10-05T03:23:29.115298Z,KXNEAR15M-26OCT042330-30,0.0090,3.96,yes
2026-10-05T03:23:29.155594Z,KXNEAR15M-26OCT042330-30,0.0090,8.92,yes
2026-10-05T03:23:29.155594Z,KXNEAR15M-26OCT042330-30,0.0090,1.08,yes
2026-10-05T03:23:29.560884Z,KXNEAR15M-26OCT042330-30,0.0090,2.00,yes
2026-10-05T03:23:29.773345Z,KXNEAR15M-26OCT042330-30,0.0090,12.00,yes
2026-10-05T03:23:29.954881Z,KXNEAR15M-26OCT042330-30,0.0090,8.00,yes
2026-10-05T03:23:32.88066Z,KXNEAR15M-26OCT042330-30,0.0090,2.00,yes
2026-10-05T03:23:32.92065Z,KXNEAR15M-26OCT042330-30,0.0090,3.00,yes
2026-10-05T03:23:33.023753Z,KXNEAR15M-26OCT042330-30,0.0090,3.00,yes
2026-10-05T03:23:38.489001Z,KXNEAR15M-26OCT042330-30,0.0090,4.07,yes
2026-10-05T03:23:40.256605Z,KXNEAR15M-26OCT042330-30,0.0090,2.00,yes
2026-10-05T03:23:44.959414Z,KXNEAR15M-26OCT042330-30,0.0080,1.00,yes
2026-10-05T03:23:44.965759Z,KXNEAR15M-26OCT042330-30,0.0080,0.06,yes
2026-10-05T03:23:57.36547Z,KXNEAR15M-26OCT042330-30,0.0070,1.00,no
2026-10-05T03:23:57.453964Z,KXNEAR15M-26OCT042330-30,0.0070,3.00,no
2026-10-05T03:24:00.614682Z,KXNEAR15M-26OCT042330-30,0.0070,5.96,no
2026-10-05T03:24:00.614682Z,KXNEAR15M-26OCT042330-30,0.0070,0.04,no
2026-10-05T03:24:01.841961Z,KXNEAR15M-26OCT042330-30,0.0060,10.00,no
2026-10-05T03:24:03.538535Z,KXNEAR15M-26OCT042330-30,0.0050,2.00,no
2026-10-05T03:24:06.096012Z,KXNEAR15M-26OCT042330-30,0.0050,2.00,no
2026-10-05T03:24:06.528522Z,KXNEAR15M-26OCT042330-30,0.0050,2.00,no
2026-10-05T03:24:06.528522Z,KXNEAR15M-26OCT042330-30,0.0050,6.00,no
2026-10-05T03:24:06.943198Z,KXNEAR15M-26OCT042330-30,0.0050,2.00,no
2026-10-05T03:24:07.015477Z,KXNEAR15M-26OCT042330-30,0.0080,0.03,yes
2026-10-05T03:24:07.015477Z,KXNEAR15M-26OCT042330-30,0.0060,0.03,yes
2026-10-05T03:24:07.015477Z,KXNEAR15M-26OCT042330-30,0.0060,2.00,yes
2026-10-05T03:24:07.015477Z,KXNEAR15M-26OCT042330-30,0.0070,0.03,yes
2026-10-05T03:24:07.015477Z,KXNEAR15M-26OCT042330-30,0.0060,6.00,yes
2026-10-05T03:24:07.015477Z,KXNEAR15M-26OCT042330-30,0.0060,0.01,yes
2026-10-05T03:24:07.015477Z,KXNEAR15M-26OCT042330-30,0.0060,0.03,yes
2026-10-05T03:24:07.015477Z,KXNEAR15M-26OCT042330-30,0.0060,2.00,yes
2026-10-05T03:24:07.015477Z,KXNEAR15M-26OCT042330-30,0.0080,5.96,yes
2026-10-05T03:24:07.015477Z,KXNEAR15M-26OCT042330-30,0.0070,3.00,yes
2026-10-05T03:24:07.015477Z,KXNEAR15M-26OCT042330-30,0.0070,0.03,yes
2026-10-05T03:24:07.015477Z,KXNEAR15M-26OCT042330-30,0.0070,10.00,yes
2026-10-05T03:24:07.015477Z,KXNEAR15M-26OCT042330-30,0.0060,3.00,yes
2026-10-05T03:24:07.015477Z,KXNEAR15M-26OCT042330-30,0.0080,3.00,yes
2026-10-05T03:24:07.015477Z,KXNEAR15M-26OCT042330-30,0.0080,1.00,yes
2026-10-05T03:24:07.015477Z,KXNEAR15M-26OCT042330-30,0.0080,0.03,yes
2026-10-05T03:24:07.015477Z,KXNEAR15M-26OCT042330-30,0.0060,24.95,yes
2026-10-05T03:24:07.015477Z,KXNEAR15M-26OCT042330-30,0.0080,65.92,yes
2026-10-05T03:24:07.147775Z,KXNEAR15M-26OCT042330-30,0.0050,2.00,no
2026-10-05T03:24:07.249783Z,KXNEAR15M-26OCT042330-30,0.0050,2.00,no
2026-10-05T03:24:07.795141Z,KXNEAR15M-26OCT042330-30,0.0080,0.03,yes
2026-10-05T03:24:07.795141Z,KXNEAR15M-26OCT042330-30,0.0080,6.00,yes
2026-10-05T03:24:07.795141Z,KXNEAR15M-26OCT042330-30,0.0150,29.78,yes
2026-10-05T03:24:07.795141Z,KXNEAR15M-26OCT042330-30,0.0110,0.03,yes
2026-10-05T03:24:07.795141Z,KXNEAR15M-26OCT042330-30,0.0140,0.03,yes
2026-10-05T03:24:07.795141Z,KXNEAR15M-26OCT042330-30,0.0120,0.03,yes
2026-10-05T03:24:07.795141Z,KXNEAR15M-26OCT042330-30,0.0150,2.00,yes
2026-10-05T03:24:07.795141Z,KXNEAR15M-26OCT042330-30,0.0100,2.00,yes
2026-10-05T03:24:07.795141Z,KXNEAR15M-26OCT042330-30,0.0110,5.00,yes
2026-10-05T03:24:07.795141Z,KXNEAR15M-26OCT042330-30,0.0100,0.03,yes
2026-10-05T03:24:07.795141Z,KXNEAR15M-26OCT042330-30,0.0090,0.03,yes
2026-10-05T03:24:07.795141Z,KXNEAR15M-26OCT042330-30,0.0130,0.03,yes
2026-10-05T03:24:07.795141Z,KXNEAR15M-26OCT042330-30,0.0110,0.03,yes
2026-10-05T03:24:07.795141Z,KXNEAR15M-26OCT042330-30,0.0120,0.03,yes
2026-10-05T03:24:07.795141Z,KXNEAR15M-26OCT042330-30,0.0140,7.00,yes
2026-10-05T03:24:07.795141Z,KXNEAR15M-26OCT042330-30,0.0130,0.03,yes
2026-10-05T03:24:07.795141Z,KXNEAR15M-26OCT042330-30,0.0150,0.03,yes
2026-10-05T03:24:07.795141Z,KXNEAR15M-26OCT042330-30,0.0140,0.03,yes
2026-10-05T03:24:07.795141Z,KXNEAR15M-26OCT042330-30,0.0090,4.00,yes
2026-10-05T03:24:07.795141Z,KXNEAR15M-26OCT042330-30,0.0100,0.96,yes
2026-10-05T03:24:07.795141Z,KXNEAR15M-26OCT042330-30,0.0090,0.03,yes
2026-10-05T03:24:07.795141Z,KXNEAR15M-26OCT042330-30,0.0090,0.96,yes
2026-10-05T03:24:07.795141Z,KXNEAR15M-26OCT042330-30,0.0130,3.00,yes
2026-10-05T03:24:07.795141Z,KXNEAR15M-26OCT042330-30,0.0120,4.00,yes
2026-10-05T03:24:07.795141Z,KXNEAR15M-26OCT042330-30,0.0100,3.00,yes
2026-10-05T03:24:07.795141Z,KXNEAR15M-26OCT042330-30,0.0100,1.00,yes
2026-10-05T03:24:07.795141Z,KXNEAR15M-26OCT042330-30,0.0100,2.00,yes
2026-10-05T03:24:07.795141Z,KXNEAR15M-26OCT042330-30,0.0100,0.03,yes
2026-10-05T03:24:10.332805Z,KXNEAR15M-26OCT042330-30,0.0060,0.03,yes
2026-10-05T03:24:10.332805Z,KXNEAR15M-26OCT042330-30,0.0080,0.03,yes
2026-10-05T03:24:10.332805Z,KXNEAR15M-26OCT042330-30,0.0080,0.03,yes
2026-10-05T03:24:10.332805Z,KXNEAR15M-26OCT042330-30,0.0060,0.03,yes
2026-10-05T03:24:10.332805Z,KXNEAR15M-26OCT042330-30,0.0060,4.00,yes
2026-10-05T03:24:10.332805Z,KXNEAR15M-26OCT042330-30,0.0060,3.00,yes
2026-10-05T03:24:10.332805Z,KXNEAR15M-26OCT042330-30,0.0070,0.03,yes
2026-10-05T03:24:10.332805Z,KXNEAR15M-26OCT042330-30,0.0070,0.04,yes
2026-10-05T03:24:10.945386Z,KXNEAR15M-26OCT042330-30,0.0080,12.00,no
2026-10-05T03:24:10.955803Z,KXNEAR15M-26OCT042330-30,0.0080,2.00,no
2026-10-05T03:24:26.284012Z,KXNEAR15M-26OCT042330-30,0.0050,0.19,no
2026-10-05T03:24:26.284012Z,KXNEAR15M-26OCT042330-30,0.0080,0.81,no
2026-10-05T03:24:27.993361Z,KXNEAR15M-26OCT042330-30,0.0050,2.00,no
2026-10-05T03:24:27.999931Z,KXNEAR15M-26OCT042330-30,0.0050,0.81,no
2026-10-05T03:24:27.999931Z,KXNEAR15M-26OCT042330-30,0.0050,1.19,no
2026-10-05T03:24:28.497216Z,KXNEAR15M-26OCT042330-30,0.0050,1.11,yes
2026-10-05T03:24:29.103351Z,KXNEAR15M-26OCT042330-30,0.0040,1.00,no
2026-10-05T03:24:29.307035Z,KXNEAR15M-26OCT042330-30,0.0040,1.00,no
2026-10-05T03:24:29.312748Z,KXNEAR15M-26OCT042330-30,0.0040,1.00,no
2026-10-05T03:24:30.281007Z,KXNEAR15M-26OCT042330-30,0.0040,1.00,no
2026-10-05T03:24:33.075497Z,KXNEAR15M-26OCT042330-30,0.0040,5.00,no
2026-10-05T03:24:33.081987Z,KXNEAR15M-26OCT042330-30,0.0040,1.00,no
2026-10-05T03:24:33.087632Z,KXNEAR15M-26OCT042330-30,0.0040,1.00,no
2026-10-05T03:24:33.136093Z,KXNEAR15M-26OCT042330-30,0.0050,0.03,yes
2026-10-05T03:24:33.136093Z,KXNEAR15M-26OCT042330-30,0.0050,4.00,yes
2026-10-05T03:24:33.136093Z,KXNEAR15M-26OCT042330-30,0.0080,0.08,yes
2026-10-05T03:24:33.136093Z,KXNEAR15M-26OCT042330-30,0.0080,1.00,yes
2026-10-05T03:24:33.136093Z,KXNEAR15M-26OCT042330-30,0.0080,1.00,yes
2026-10-05T03:24:33.136093Z,KXNEAR15M-26OCT042330-30,0.0080,0.03,yes
2026-10-05T03:24:33.136093Z,KXNEAR15M-26OCT042330-30,0.0050,6.89,yes
2026-10-05T03:24:38.820451Z,KXNEAR15M-26OCT042330-30,0.0050,0.01,yes
2026-10-05T03:24:38.820451Z,KXNEAR15M-26OCT042330-30,0.0050,4.00,yes
2026-10-05T03:24:38.820451Z,KXNEAR15M-26OCT042330-30,0.0050,0.03,yes
2026-10-05T03:24:38.820451Z,KXNEAR15M-26OCT042330-30,0.0080,1.00,yes
2026-10-05T03:24:38.820451Z,KXNEAR15M-26OCT042330-30,0.0080,0.92,yes
2026-10-05T03:24:38.820451Z,KXNEAR15M-26OCT042330-30,0.0080,0.03,yes
2026-10-05T03:24:38.820451Z,KXNEAR15M-26OCT042330-30,0.0050,7.00,yes
2026-10-05T03:24:38.820451Z,KXNEAR15M-26OCT042330-30,0.0080,1.00,yes
2026-10-05T03:24:38.820451Z,KXNEAR15M-26OCT042330-30,0.0080,5.00,yes
2026-10-05T03:24:38.820451Z,KXNEAR15M-26OCT042330-30,0.0080,1.00,yes
2026-10-05T03:24:38.820451Z,KXNEAR15M-26OCT042330-30,0.0090,37.41,yes
2026-10-05T03:24:40.175154Z,KXNEAR15M-26OCT042330-30,0.0050,2.00,no
2026-10-05T03:24:44.737966Z,KXNEAR15M-26OCT042330-30,0.0050,3.00,yes
2026-10-05T03:24:44.737966Z,KXNEAR15M-26OCT042330-30,0.0050,1.00,yes
2026-10-05T03:24:57.580291Z,KXNEAR15M-26OCT042330-30,0.0040,1.00,no
2026-10-05T03:24:57.586838Z,KXNEAR15M-26OCT042330-30,0.0040,1.00,no
2026-10-05T03:24:58.716476Z,KXNEAR15M-26OCT042330-30,0.0090,1.00,yes
2026-10-05T03:24:58.716476Z,KXNEAR15M-26OCT042330-30,0.0050,3.00,yes
2026-10-05T03:24:58.716476Z,KXNEAR15M-26OCT042330-30,0.0050,0.01,yes
2026-10-05T03:24:58.716476Z,KXNEAR15M-26OCT042330-30,0.0090,0.03,yes
2026-10-05T03:24:58.716476Z,KXNEAR15M-26OCT042330-30,0.0080,1.00,yes
2026-10-05T03:24:58.716476Z,KXNEAR15M-26OCT042330-30,0.0080,1.00,yes
2026-10-05T03:24:58.716476Z,KXNEAR15M-26OCT042330-30,0.0080,0.03,yes
2026-10-05T03:24:58.716476Z,KXNEAR15M-26OCT042330-30,0.0050,9.00,yes
2026-10-05T03:24:58.716476Z,KXNEAR15M-26OCT042330-30,0.0100,84.16,yes
2026-10-05T03:24:59.826794Z,KXNEAR15M-26OCT042330-30,0.0040,106.40,no
2026-10-05T03:24:59.826794Z,KXNEAR15M-26OCT042330-30,0.0050,5.00,no
2026-10-05T03:24:59.826794Z,KXNEAR15M-26OCT042330-30,0.0050,0.03,no
2026-10-05T03:25:01.431163Z,KXNEAR15M-26OCT042330-30,0.0040,3.00,no
2026-10-05T03:25:01.442687Z,KXNEAR15M-26OCT042330-30,0.0040,2.00,no
2026-10-05T03:25:01.449181Z,KXNEAR15M-26OCT042330-30,0.0040,1.00,no
2026-10-05T03:25:01.685485Z,KXNEAR15M-26OCT042330-30,0.0040,10.85,no
2026-10-05T03:25:01.839385Z,KXNEAR15M-26OCT042330-30,0.0040,1.00,no
2026-10-05T03:25:02.024289Z,KXNEAR15M-26OCT042330-30,0.0040,2.00,no
2026-10-05T03:25:02.194212Z,KXNEAR15M-26OCT042330-30,0.0040,1.00,no
2026-10-05T03:25:02.201247Z,KXNEAR15M-26OCT042330-30,0.0040,1.00,no
2026-10-05T03:25:02.209813Z,KXNEAR15M-26OCT042330-30,0.0040,1.00,no
2026-10-05T03:25:03.11985Z,KXNEAR15M-26OCT042330-30,0.0040,1.00,no
2026-10-05T03:25:04.215356Z,KXNEAR15M-26OCT042330-30,0.0040,1.00,no
2026-10-05T03:25:04.253312Z,KXNEAR15M-26OCT042330-30,0.0040,1.05,no
2026-10-05T03:25:06.169871Z,KXNEAR15M-26OCT042330-30,0.0040,68.75,no
2026-10-05T03:25:06.403606Z,KXNEAR15M-26OCT042330-30,0.0040,16.26,no
2026-10-05T03:25:08.396748Z,KXNEAR15M-26OCT042330-30,0.0070,7.00,yes
2026-10-05T03:25:08.396748Z,KXNEAR15M-26OCT042330-30,0.0080,1.00,yes
2026-10-05T03:25:08.396748Z,KXNEAR15M-26OCT042330-30,0.0080,1.05,yes
2026-10-05T03:25:08.396748Z,KXNEAR15M-26OCT042330-30,0.0080,2.00,yes
2026-10-05T03:25:08.396748Z,KXNEAR15M-26OCT042330-30,0.0080,16.26,yes
2026-10-05T03:25:08.396748Z,KXNEAR15M-26OCT042330-30,0.0080,68.75,yes
2026-10-05T03:25:08.396748Z,KXNEAR15M-26OCT042330-30,0.0080,3.00,yes
2026-10-05T03:25:08.396748Z,KXNEAR15M-26OCT042330-30,0.0080,1.00,yes
2026-10-05T03:25:08.396748Z,KXNEAR15M-26OCT042330-30,0.0080,2.00,yes
2026-10-05T03:25:08.396748Z,KXNEAR15M-26OCT042330-30,0.0080,10.85,yes
2026-10-05T03:25:08.396748Z,KXNEAR15M-26OCT042330-30,0.0080,1.00,yes
2026-10-05T03:25:08.396748Z,KXNEAR15M-26OCT042330-30,0.0090,4.22,yes
2026-10-05T03:25:08.396748Z,KXNEAR15M-26OCT042330-30,0.0080,1.00,yes
2026-10-05T03:25:08.396748Z,KXNEAR15M-26OCT042330-30,0.0080,1.00,yes
2026-10-05T03:25:08.396748Z,KXNEAR15M-26OCT042330-30,0.0080,2.00,yes
2026-10-05T03:25:08.396748Z,KXNEAR15M-26OCT042330-30,0.0080,1.00,yes
2026-10-05T03:25:08.396748Z,KXNEAR15M-26OCT042330-30,0.0080,1.00,yes
2026-10-05T03:25:08.396748Z,KXNEAR15M-26OCT042330-30,0.0080,106.40,yes
2026-10-05T03:25:08.822593Z,KXNEAR15M-26OCT042330-30,0.0070,5.00,no
2026-10-05T03:25:08.822593Z,KXNEAR15M-26OCT042330-30,0.0060,0.03,no
2026-10-05T03:25:08.822593Z,KXNEAR15M-26OCT042330-30,0.0060,1.00,no
2026-10-05T03:25:08.822593Z,KXNEAR15M-26OCT042330-30,0.0050,1.82,no
2026-10-05T03:25:16.568716Z,KXNEAR15M-26OCT042330-30,0.0070,0.03,yes
2026-10-05T03:25:16.568716Z,KXNEAR15M-26OCT042330-30,0.0070,5.00,yes
2026-10-05T03:25:16.568716Z,KXNEAR15M-26OCT042330-30,0.0090,0.03,yes
2026-10-05T03:25:16.568716Z,KXNEAR15M-26OCT042330-30,0.0070,2.00,yes
2026-10-05T03:25:16.568716Z,KXNEAR15M-26OCT042330-30,0.0070,1.00,yes
2026-10-05T03:25:16.568716Z,KXNEAR15M-26OCT042330-30,0.0090,1.00,yes
2026-10-05T03:25:16.568716Z,KXNEAR15M-26OCT042330-30,0.0100,39.27,yes
2026-10-05T03:25:27.007924Z,KXNEAR15M-26OCT042330-30,0.0040,0.03,no
2026-10-05T03:25:27.007924Z,KXNEAR15M-26OCT042330-30,0.0040,3.00,no
2026-10-05T03:25:27.007924Z,KXNEAR15M-26OCT042330-30,0.0030,10.00,no
2026-10-05T03:25:27.007924Z,KXNEAR15M-26OCT042330-30,0.0040,10.00,no
2026-10-05T03:25:27.007924Z,KXNEAR15M-26OCT042330-30,0.0030,26.59,no
2026-10-05T03:25:27.007924Z,KXNEAR15M-26OCT042330-30,0.0040,119.69,no
2026-10-05T03:25:27.007924Z,KXNEAR15M-26OCT042330-30,0.0040,13.00,no
2026-10-05T03:25:27.007924Z,KXNEAR15M-26OCT042330-30,0.0040,1.00,no
2026-10-05T03:25:27.007924Z,KXNEAR15M-26OCT042330-30,0.0040,1.00,no
2026-10-05T03:25:27.007924Z,KXNEAR15M-26OCT042330-30,0.0040,1.00,no
2026-10-05T03:25:27.007924Z,KXNEAR15M-26OCT042330-30,0.0040,1.00,no
2026-10-05T03:25:27.007924Z,KXNEAR15M-26OCT042330-30,0.0040,1.00,no
2026-10-05T03:25:32.257526Z,KXNEAR15M-26OCT042330-30,0.0080,1.00,yes
2026-10-05T03:25:32.257526Z,KXNEAR15M-26OCT042330-30,0.0090,6.00,yes
2026-10-05T03:25:32.257526Z,KXNEAR15M-26OCT042330-30,0.0080,0.03,yes
2026-10-05T03:25:32.257526Z,KXNEAR15M-26OCT042330-30,0.0090,0.03,yes
2026-10-05T03:25:32.257526Z,KXNEAR15M-26OCT042330-30,0.0050,0.03,yes
2026-10-05T03:25:32.257526Z,KXNEAR15M-26OCT042330-30,0.0080,3.00,yes
2026-10-05T03:25:32.257526Z,KXNEAR15M-26OCT042330-30,0.0040,10.00,yes
2026-10-05T03:25:32.257526Z,KXNEAR15M-26OCT042330-30,0.0050,26.59,yes
2026-10-05T03:25:32.257526Z,KXNEAR15M-26OCT042330-30,0.0050,10.00,yes
2026-10-05T03:25:32.257526Z,KXNEAR15M-26OCT042330-30,0.0090,4.00,yes
2026-10-05T03:25:32.257526Z,KXNEAR15M-26OCT042330-30,0.0040,12.00,yes
2026-10-05T03:25:32.257526Z,KXNEAR15M-26OCT042330-30,0.0040,0.03,yes
2026-10-05T03:25:32.257526Z,KXNEAR15M-26OCT042330-30,0.0100,9.95,yes
2026-10-05T03:25:33.335027Z,KXNEAR15M-26OCT042330-30,0.0080,24.00,yes
2026-10-05T03:25:33.335027Z,KXNEAR15M-26OCT042330-30,0.0080,0.03,yes
2026-10-05T03:25:33.335027Z,KXNEAR15M-26OCT042330-30,0.0100,25.41,yes
2026-10-05T03:25:35.742933Z,KXNEAR15M-26OCT042330-30,0.0090,1.00,yes
2026-10-05T03:25:35.742933Z,KXNEAR15M-26OCT042330-30,0.0060,5.00,yes
2026-10-05T03:25:35.742933Z,KXNEAR15M-26OCT042330-30,0.0060,8.00,yes
2026-10-05T03:25:35.742933Z,KXNEAR15M-26OCT042330-30,0.0080,2.00,yes
2026-10-05T03:25:35.742933Z,KXNEAR15M-26OCT042330-30,0.0100,80.48,yes
2026-10-05T03:25:43.081193Z,KXNEAR15M-26OCT042330-30,0.0050,5.00,yes
2026-10-05T03:25:43.081193Z,KXNEAR15M-26OCT042330-30,0.0050,5.00,yes
2026-10-05T03:25:43.081193Z,KXNEAR15M-26OCT042330-30,0.0050,0.03,yes
2026-10-05T03:25:43.081193Z,KXNEAR15M-26OCT042330-30,0.0090,1.00,yes
2026-10-05T03:25:43.081193Z,KXNEAR15M-26OCT042330-30,0.0090,0.03,yes
2026-10-05T03:25:43.081193Z,KXNEAR15M-26OCT042330-30,0.0100,19.76,yes
2026-10-05T03:25:43.081193Z,KXNEAR15M-26OCT042330-30,0.0100,160.73,yes
2026-10-05T03:25:49.392205Z,KXNEAR15M-26OCT042330-30,0.0040,3.00,no
2026-10-05T03:25:49.392205Z,KXNEAR15M-26OCT042330-30,0.0040,0.03,no
2026-10-05T03:25:49.578787Z,KXNEAR15M-26OCT042330-30,0.0030,113.66,no
2026-10-05T03:25:50.333091Z,KXNEAR15M-26OCT042330-30,0.0050,87.49,yes
2026-10-05T03:25:50.333091Z,KXNEAR15M-26OCT042330-30,0.0040,6.00,yes
2026-10-05T03:25:54.375231Z,KXNEAR15M-26OCT042330-30,0.0030,48.33,no
2026-10-05T03:26:09.765749Z,KXNEAR15M-26OCT042330-30,0.0040,6.00,yes
2026-10-05T03:26:09.765749Z,KXNEAR15M-26OCT042330-30,0.0040,5.00,yes
2026-10-05T03:26:09.765749Z,KXNEAR15M-26OCT042330-30,0.0040,48.33,yes
2026-10-05T03:26:09.765749Z,KXNEAR15M-26OCT042330-30,0.0040,26.17,yes
2026-10-05T03:26:09.765749Z,KXNEAR15M-26OCT042330-30,0.0090,5.00,yes
2026-10-05T03:26:09.765749Z,KXNEAR15M-26OCT042330-30,0.0110,9.35,yes
2026-10-05T03:26:09.765749Z,KXNEAR15M-26OCT042330-30,0.0100,4.00,yes
2026-10-05T03:26:09.765749Z,KXNEAR15M-26OCT042330-30,0.0100,30.00,yes
2026-10-05T03:26:10.62438Z,KXNEAR15M-26OCT042330-30,0.0050,34.00,no
2026-10-05T03:26:10.63202Z,KXNEAR15M-26OCT042330-30,0.0040,3.00,no
2026-10-05T03:26:10.63824Z,KXNEAR15M-26OCT042330-30,0.0040,0.03,no
2026-10-05T03:26:18.109117Z,KXNEAR15M-26OCT042330-30,0.0030,2.00,no
2026-10-05T03:26:19.250377Z,KXNEAR15M-26OCT042330-30,0.0040,4.04,yes
2026-10-05T03:26:19.250377Z,KXNEAR15M-26OCT042330-30,0.0040,12.00,yes
2026-10-05T03:26:22.562048Z,KXNEAR15M-26OCT042330-30,0.0040,2.00,yes
2026-10-05T03:26:22.562048Z,KXNEAR15M-26OCT042330-30,0.0040,0.03,yes
2026-10-05T03:26:36.56673Z,KXNEAR15M-26OCT042330-30,0.0120,20.20,yes
2026-10-05T03:26:36.56673Z,KXNEAR15M-26OCT042330-30,0.0090,2.00,yes
2026-10-05T03:26:36.56673Z,KXNEAR15M-26OCT042330-30,0.0050,1.00,yes
2026-10-05T03:26:36.56673Z,KXNEAR15M-26OCT042330-30,0.0040,10.00,yes
2026-10-05T03:26:36.56673Z,KXNEAR15M-26OCT042330-30,0.0070,1.00,yes
2026-10-05T03:26:36.56673Z,KXNEAR15M-26OCT042330-30,0.0070,0.03,yes
2026-10-05T03:26:36.56673Z,KXNEAR15M-26OCT042330-30,0.0050,0.03,yes
2026-10-05T03:26:36.56673Z,KXNEAR15M-26OCT042330-30,0.0100,60.00,yes
2026-10-05T03:26:36.56673Z,KXNEAR15M-26OCT042330-30,0.0090,0.03,yes
2026-10-05T03:26:36.56673Z,KXNEAR15M-26OCT042330-30,0.0040,0.03,yes
2026-10-05T03:26:38.224631Z,KXNEAR15M-26OCT042330-30,0.0060,1.00,no
2026-10-05T03:26:40.191048Z,KXNEAR15M-26OCT042330-30,0.0030,52.00,no
2026-10-05T03:26:40.509911Z,KXNEAR15M-26OCT042330-30,0.0030,1.00,no
2026-10-05T03:26:40.791493Z,KXNEAR15M-26OCT042330-30,0.0040,2.29,yes
2026-10-05T03:26:45.259096Z,KXNEAR15M-26OCT042330-30,0.0040,10.00,yes
2026-10-05T03:26:45.266355Z,KXNEAR15M-26OCT042330-30,0.0040,6.00,yes
2026-10-05T03:26:45.274542Z,KXNEAR15M-26OCT042330-30,0.0040,5.00,yes
2026-10-05T03:26:45.282531Z,KXNEAR15M-26OCT042330-30,0.0040,3.00,yes
2026-10-05T03:26:45.288222Z,KXNEAR15M-26OCT042330-30,0.0040,2.00,yes
2026-10-05T03:26:45.295046Z,KXNEAR15M-26OCT042330-30,0.0040,2.00,yes
2026-10-05T03:26:45.301427Z,KXNEAR15M-26OCT042330-30,0.0040,1.00,yes
2026-10-05T03:26:50.646678Z,KXNEAR15M-26OCT042330-30,0.0040,17.00,yes
2026-10-05T03:26:50.654438Z,KXNEAR15M-26OCT042330-30,0.0040,6.00,yes
2026-10-05T03:26:50.654438Z,KXNEAR15M-26OCT042330-30,0.0040,1.00,yes
2026-10-05T03:26:55.323457Z,KXNEAR15M-26OCT042330-30,0.0120,45.20,yes
2026-10-05T03:26:55.323457Z,KXNEAR15M-26OCT042330-30,0.0090,2.00,yes
2026-10-05T03:26:55.931656Z,KXNEAR15M-26OCT042330-30,0.0070,4.00,no
2026-10-05T03:26:55.931656Z,KXNEAR15M-26OCT042330-30,0.0070,5.00,no
2026-10-05T03:26:56.914282Z,KXNEAR15M-26OCT042330-30,0.0050,11.00,no
2026-10-05T03:27:00.054449Z,KXNEAR15M-26OCT042330-30,0.0050,17.00,no
2026-10-05T03:27:00.054449Z,KXNEAR15M-26OCT042330-30,0.0050,0.03,no
2026-10-05T03:27:00.921568Z,KXNEAR15M-26OCT042330-30,0.0030,4.00,no
2026-10-05T03:27:00.921568Z,KXNEAR15M-26OCT042330-30,0.0040,3.00,no
2026-10-05T03:27:00.921568Z,KXNEAR15M-26OCT042330-30,0.0040,0.03,no
2026-10-05T03:27:00.921568Z,KXNEAR15M-26OCT042330-30,0.0030,0.03,no
2026-10-05T03:27:00.921568Z,KXNEAR15M-26OCT042330-30,0.0050,3.00,no
2026-10-05T03:27:00.921568Z,KXNEAR15M-26OCT042330-30,0.0050,0.03,no
2026-10-05T03:27:00.921568Z,KXNEAR15M-26OCT042330-30,0.0030,1.04,no
2026-10-05T03:27:00.921568Z,KXNEAR15M-26OCT042330-30,0.0030,2.00,no
2026-10-05T03:27:00.921568Z,KXNEAR15M-26OCT042330-30,0.0030,2.00,no
2026-10-05T03:27:00.921568Z,KXNEAR15M-26OCT042330-30,0.0030,18.00,no
2026-10-05T03:27:00.921568Z,KXNEAR15M-26OCT042330-30,0.0030,2.00,no
2026-10-05T03:27:00.921568Z,KXNEAR15M-26OCT042330-30,0.0030,2.00,no
2026-10-05T03:27:00.921568Z,KXNEAR15M-26OCT042330-30,0.0030,2.00,no
2026-10-05T03:27:00.921568Z,KXNEAR15M-26OCT042330-30,0.0030,250.00,no
2026-10-05T03:27:08.831754Z,KXNEAR15M-26OCT042330-30,0.0020,104.00,no
2026-10-05T03:27:08.831754Z,KXNEAR15M-26OCT042330-30,0.0020,348.00,no
2026-10-05T03:27:08.831754Z,KXNEAR15M-26OCT042330-30,0.0020,200.00,no
2026-10-05T03:27:08.831754Z,KXNEAR15M-26OCT042330-30,0.0020,100.00,no
2026-10-05T03:27:08.831754Z,KXNEAR15M-26OCT042330-30,0.0020,10.00,no
2026-10-05T03:27:08.831754Z,KXNEAR15M-26OCT042330-30,0.0020,500.00,no
2026-10-05T03:27:08.831754Z,KXNEAR15M-26OCT042330-30,0.0020,3.00,no
2026-10-05T03:27:08.831754Z,KXNEAR15M-26OCT042330-30,0.0020,3.00,no
2026-10-05T03:27:08.831754Z,KXNEAR15M-26OCT042330-30,0.0020,26.00,no
2026-10-05T03:27:08.831754Z,KXNEAR15M-26OCT042330-30,0.0020,3.00,no
2026-10-05T03:27:08.831754Z,KXNEAR15M-26OCT042330-30,0.0020,3.00,no
2026-10-05T03:27:08.831754Z,KXNEAR15M-26OCT042330-30,0.0020,3.00,no
2026-10-05T03:27:08.831754Z,KXNEAR15M-26OCT042330-30,0.0020,50.00,no
2026-10-05T03:27:16.438961Z,KXNEAR15M-26OCT042330-30,0.0030,7.00,yes
2026-10-05T03:27:16.438961Z,KXNEAR15M-26OCT042330-30,0.0030,1.00,yes
2026-10-05T03:27:16.438961Z,KXNEAR15M-26OCT042330-30,0.0030,21.67,yes
2026-10-05T03:27:16.438961Z,KXNEAR15M-26OCT042330-30,0.0030,10.00,yes
2026-10-05T03:27:16.438961Z,KXNEAR15M-26OCT042330-30,0.0030,0.04,yes
2026-10-05T03:27:29.983951Z,KXNEAR15M-26OCT042330-30,0.0020,498.93,no
2026-10-05T03:27:29.983951Z,KXNEAR15M-26OCT042330-30,0.0020,2.00,no
2026-10-05T03:27:30.287559Z,KXNEAR15M-26OCT042330-30,0.0020,21.00,no
2026-10-05T03:27:30.287559Z,KXNEAR15M-26OCT042330-30,0.0020,2.00,no
2026-10-05T03:27:30.287559Z,KXNEAR15M-26OCT042330-30,0.0020,1.07,no
2026-10-05T03:27:50.522085Z,KXNEAR15M-26OCT042330-30,0.0020,129.49,yes
2026-10-05T03:27:50.522085Z,KXNEAR15M-26OCT042330-30,0.0020,34.80,yes
2026-10-05T03:27:50.522085Z,KXNEAR15M-26OCT042330-30,0.0020,1.07,yes
2026-10-05T03:27:50.522085Z,KXNEAR15M-26OCT042330-30,0.0020,52.00,yes
2026-10-05T03:27:50.522085Z,KXNEAR15M-26OCT042330-30,0.0020,250.00,yes
2026-10-05T03:28:01.569185Z,KXNEAR15M-26OCT042330-30,0.0010,5.00,no
2026-10-05T03:28:20.841113Z,KXNEAR15M-26OCT042330-30,0.0010,119.58,no
2026-10-05T03:28:21.419906Z,KXNEAR15M-26OCT042330-30,0.0010,30.03,no
2026-10-05T03:28:21.6252Z,KXNEAR15M-26OCT042330-30,0.0010,45.39,no
2026-10-05T03:28:21.6252Z,KXNEAR15M-26OCT042330-30,0.0010,74.19,no
2026-10-05T03:28:22.434154Z,KXNEAR15M-26OCT042330-30,0.0010,119.58,no
2026-10-05T03:28:23.205023Z,KXNEAR15M-26OCT042330-30,0.0010,106.23,no
2026-10-05T03:28:23.205023Z,KXNEAR15M-26OCT042330-30,0.0010,13.36,no
2026-10-05T03:28:25.849703Z,KXNEAR15M-26OCT042330-30,0.0010,45.09,no
2026-10-05T03:28:25.849703Z,KXNEAR15M-26OCT042330-30,0.0010,1.00,no
2026-10-05T03:28:25.849703Z,KXNEAR15M-26OCT042330-30,0.0010,10.00,no
2026-10-05T03:28:25.849703Z,KXNEAR15M-26OCT042330-30,0.0010,1.00,no
2026-10-05T03:28:25.849703Z,KXNEAR15M-26OCT042330-30,0.0010,66.64,no
2026-10-05T03:28:25.849703Z,KXNEAR15M-26OCT042330-30,0.0010,1.00,no
2026-10-05T03:28:49.006588Z,KXNEAR15M-26OCT042330-30,0.0010,143.00,yes
2026-10-05T03:28:49.006588Z,KXNEAR15M-26OCT042330-30,0.0010,271.00,yes
2026-10-05T03:28:49.006588Z,KXNEAR15M-26OCT042330-30,0.0010,183.71,yes
2026-10-05T03:28:49.006588Z,KXNEAR15M-26OCT042330-30,0.0010,226.65,yes
2026-10-05T03:28:55.278989Z,KXNEAR15M-26OCT042330-30,0.0010,91.62,yes
2026-10-05T03:29:21.685425Z,KXNEAR15M-26OCT042330-30,0.0010,925.11,yes
2026-10-05T03:29:36.240029Z,KXNEAR15M-26OCT042330-30,0.0010,183.25,yes
2026-10-05T03:29:37.923208Z,KXNEAR15M-26OCT042330-30,0.0010,91.62,yes
2026-10-05T03:29:38.718143Z,KXNEAR15M-26OCT042330-30,0.0010,1.00,yes
2026-10-05T03:29:38.718143Z,KXNEAR15M-26OCT042330-30,0.0010,374.20,yes
2026-10-05T03:29:38.718143Z,KXNEAR15M-26OCT042330-30,0.0010,1294.75,yes
2026-10-05T03:29:38.718143Z,KXNEAR15M-26OCT042330-30,0.0010,2909.82,yes
2026-10-05T03:24:17.651675Z,KXBNB15M-26OCT042330-30,0.0160,0.72,no
2026-10-05T03:24:17.651675Z,KXBNB15M-26OCT042330-30,0.0150,21.28,no
2026-10-05T03:24:17.651675Z,KXBNB15M-26OCT042330-30,0.0150,24.00,no
2026-10-05T03:24:17.651675Z,KXBNB15M-26OCT042330-30,0.0180,2.00,no
2026-10-05T03:24:17.651675Z,KXBNB15M-26OCT042330-30,0.0170,2.00,no
2026-10-05T03:24:35.595043Z,KXBNB15M-26OCT042330-30,0.0200,4.62,yes
2026-10-05T03:24:35.595043Z,KXBNB15M-26OCT042330-30,0.0200,0.01,yes
2026-10-05T03:24:35.595043Z,KXBNB15M-26OCT042330-30,0.0200,0.04,yes
2026-10-05T03:24:35.901618Z,KXBNB15M-26OCT042330-30,0.0200,3.27,yes
2026-10-05T03:24:35.901618Z,KXBNB15M-26OCT042330-30,0.0200,8.38,yes
2026-10-05T03:24:35.901618Z,KXBNB15M-26OCT042330-30,0.0200,13.00,yes
2026-10-05T03:24:35.901618Z,KXBNB15M-26OCT042330-30,0.0200,21.00,yes
2026-10-05T03:24:42.321882Z,KXBNB15M-26OCT042330-30,0.0200,0.01,yes
2026-10-05T03:24:42.321882Z,KXBNB15M-26OCT042330-30,0.0300,60.00,yes
2026-10-05T03:24:42.321882Z,KXBNB15M-26OCT042330-30,0.0300,21.00,yes
2026-10-05T03:24:42.321882Z,KXBNB15M-26OCT042330-30,0.0200,0.04,yes
2026-10-05T03:24:42.321882Z,KXBNB15M-26OCT042330-30,0.0240,2.00,yes
2026-10-05T03:24:42.321882Z,KXBNB15M-26OCT042330-30,0.0300,182.16,yes
2026-10-05T03:24:42.321882Z,KXBNB15M-26OCT042330-30,0.0210,15.00,yes
2026-10-05T03:24:42.321882Z,KXBNB15M-26OCT042330-30,0.0210,30.00,yes
2026-10-05T03:24:42.321882Z,KXBNB15M-26OCT042330-30,0.0300,140.00,yes
2026-10-05T03:24:42.321882Z,KXBNB15M-26OCT042330-30,0.0230,2.00,yes
2026-10-05T03:24:42.321882Z,KXBNB15M-26OCT042330-30,0.0300,30.00,yes
2026-10-05T03:24:42.321882Z,KXBNB15M-26OCT042330-30,0.0300,0.04,yes
2026-10-05T03:24:42.321882Z,KXBNB15M-26OCT042330-30,0.0210,0.04,yes
2026-10-05T03:24:42.321882Z,KXBNB15M-26OCT042330-30,0.0300,117.00,yes
2026-10-05T03:24:42.321882Z,KXBNB15M-26OCT042330-30,0.0290,0.11,yes
2026-10-05T03:24:42.321882Z,KXBNB15M-26OCT042330-30,0.0230,0.04,yes
2026-10-05T03:24:42.321882Z,KXBNB15M-26OCT042330-30,0.0250,0.05,yes
2026-10-05T03:24:42.321882Z,KXBNB15M-26OCT042330-30,0.0280,0.09,yes
2026-10-05T03:24:42.321882Z,KXBNB15M-26OCT042330-30,0.0260,0.06,yes
2026-10-05T03:24:42.321882Z,KXBNB15M-26OCT042330-30,0.0220,0.04,yes
2026-10-05T03:24:42.321882Z,KXBNB15M-26OCT042330-30,0.0240,0.04,yes
2026-10-05T03:24:42.321882Z,KXBNB15M-26OCT042330-30,0.0270,0.08,yes
2026-10-05T03:24:42.321882Z,KXBNB15M-26OCT042330-30,0.0300,30.00,yes
2026-10-05T03:24:43.326659Z,KXBNB15M-26OCT042330-30,0.0140,15.00,no
2026-10-05T03:24:43.326659Z,KXBNB15M-26OCT042330-30,0.0150,0.04,no
2026-10-05T03:24:43.326659Z,KXBNB15M-26OCT042330-30,0.0140,2.00,no
2026-10-05T03:24:43.326659Z,KXBNB15M-26OCT042330-30,0.0150,2.00,no
2026-10-05T03:24:43.326659Z,KXBNB15M-26OCT042330-30,0.0150,24.00,no
2026-10-05T03:24:43.326659Z,KXBNB15M-26OCT042330-30,0.0150,0.67,no
2026-10-05T03:24:43.326659Z,KXBNB15M-26OCT042330-30,0.0130,20.00,no
2026-10-05T03:24:43.326659Z,KXBNB15M-26OCT042330-30,0.0120,2.29,no
2026-10-05T03:24:46.526195Z,KXBNB15M-26OCT042330-30,0.0150,0.04,yes
2026-10-05T03:24:46.526195Z,KXBNB15M-26OCT042330-30,0.0160,0.04,yes
2026-10-05T03:24:46.526195Z,KXBNB15M-26OCT042330-30,0.0150,1.00,yes
2026-10-05T03:24:46.526195Z,KXBNB15M-26OCT042330-30,0.0150,2.29,yes
2026-10-05T03:24:46.526195Z,KXBNB15M-26OCT042330-30,0.0150,20.00,yes
2026-10-05T03:24:46.526195Z,KXBNB15M-26OCT042330-30,0.0150,15.00,yes
2026-10-05T03:24:46.526195Z,KXBNB15M-26OCT042330-30,0.0170,0.04,yes
2026-10-05T03:24:52.256259Z,KXBNB15M-26OCT042330-30,0.0120,10.00,no
2026-10-05T03:24:52.276619Z,KXBNB15M-26OCT042330-30,0.0120,7.71,no
2026-10-05T03:24:52.276619Z,KXBNB15M-26OCT042330-30,0.0120,2.29,no
2026-10-05T03:24:54.028404Z,KXBNB15M-26OCT042330-30,0.0100,6.00,no
2026-10-05T03:24:54.028404Z,KXBNB15M-26OCT042330-30,0.0110,20.00,no
2026-10-05T03:24:54.028404Z,KXBNB15M-26OCT042330-30,0.0120,2.29,no
2026-10-05T03:24:54.028404Z,KXBNB15M-26OCT042330-30,0.0110,2.00,no
2026-10-05T03:24:54.028404Z,KXBNB15M-26OCT042330-30,0.0120,2.00,no
2026-10-05T03:24:54.028404Z,KXBNB15M-26OCT042330-30,0.0120,27.71,no
2026-10-05T03:24:57.36498Z,KXBNB15M-26OCT042330-30,0.0100,75.00,no
2026-10-05T03:24:57.36498Z,KXBNB15M-26OCT042330-30,0.0100,14.00,no
2026-10-05T03:24:57.36498Z,KXBNB15M-26OCT042330-30,0.0100,20.00,no
2026-10-05T03:24:57.36498Z,KXBNB15M-26OCT042330-30,0.0100,100.00,no
2026-10-05T03:24:57.36498Z,KXBNB15M-26OCT042330-30,0.0100,60.00,no
2026-10-05T03:24:57.36498Z,KXBNB15M-26OCT042330-30,0.0100,2.00,no
2026-10-05T03:24:57.36498Z,KXBNB15M-26OCT042330-30,0.0100,464.70,no
2026-10-05T03:24:57.36498Z,KXBNB15M-26OCT042330-30,0.0100,8.00,no
2026-10-05T03:24:57.376604Z,KXBNB15M-26OCT042330-30,0.0120,20.00,yes
2026-10-05T03:24:57.376604Z,KXBNB15M-26OCT042330-30,0.0120,6.00,yes
2026-10-05T03:24:57.376604Z,KXBNB15M-26OCT042330-30,0.0120,0.04,yes
2026-10-05T03:24:59.665924Z,KXBNB15M-26OCT042330-30,0.0100,67.00,no
2026-10-05T03:24:59.665924Z,KXBNB15M-26OCT042330-30,0.0100,6.00,no
2026-10-05T03:24:59.813991Z,KXBNB15M-26OCT042330-30,0.0100,8.00,no
2026-10-05T03:24:59.813991Z,KXBNB15M-26OCT042330-30,0.0100,8.00,no
2026-10-05T03:25:00.075335Z,KXBNB15M-26OCT042330-30,0.0100,7.00,no
2026-10-05T03:25:01.973226Z,KXBNB15M-26OCT042330-30,0.0090,17.20,no
2026-10-05T03:25:03.271879Z,KXBNB15M-26OCT042330-30,0.0090,1.01,no
2026-10-05T03:25:05.052814Z,KXBNB15M-26OCT042330-30,0.0090,1.79,no
2026-10-05T03:25:05.052814Z,KXBNB15M-26OCT042330-30,0.0080,20.00,no
2026-10-05T03:25:05.052814Z,KXBNB15M-26OCT042330-30,0.0070,20.00,no
2026-10-05T03:25:05.052814Z,KXBNB15M-26OCT042330-30,0.0060,6.21,no
2026-10-05T03:25:05.052814Z,KXBNB15M-26OCT042330-30,0.0090,4.00,no
2026-10-05T03:25:05.052814Z,KXBNB15M-26OCT042330-30,0.0080,2.00,no
2026-10-05T03:25:05.052814Z,KXBNB15M-26OCT042330-30,0.0070,2.00,no
2026-10-05T03:25:06.290481Z,KXBNB15M-26OCT042330-30,0.0060,2.74,no
2026-10-05T03:25:07.133884Z,KXBNB15M-26OCT042330-30,0.0060,7.65,no
2026-10-05T03:25:07.216245Z,KXBNB15M-26OCT042330-30,0.0050,7.60,no
2026-10-05T03:25:07.216245Z,KXBNB15M-26OCT042330-30,0.0060,3.40,no
2026-10-05T03:25:07.216245Z,KXBNB15M-26OCT042330-30,0.0060,33.00,no
2026-10-05T03:25:10.267296Z,KXBNB15M-26OCT042330-30,0.0070,0.03,yes
2026-10-05T03:25:10.267296Z,KXBNB15M-26OCT042330-30,0.0070,8.00,yes
2026-10-05T03:25:10.267296Z,KXBNB15M-26OCT042330-30,0.0070,67.00,yes
2026-10-05T03:25:10.267296Z,KXBNB15M-26OCT042330-30,0.0080,7.15,yes
2026-10-05T03:25:10.267296Z,KXBNB15M-26OCT042330-30,0.0070,6.21,yes
2026-10-05T03:25:10.267296Z,KXBNB15M-26OCT042330-30,0.0070,2.74,yes
2026-10-05T03:25:10.267296Z,KXBNB15M-26OCT042330-30,0.0070,7.65,yes
2026-10-05T03:25:10.267296Z,KXBNB15M-26OCT042330-30,0.0070,2.00,yes
2026-10-05T03:25:10.267296Z,KXBNB15M-26OCT042330-30,0.0070,3.40,yes
2026-10-05T03:25:14.34795Z,KXBNB15M-26OCT042330-30,0.0070,2.00,yes
2026-10-05T03:25:14.34795Z,KXBNB15M-26OCT042330-30,0.0070,0.04,yes
2026-10-05T03:25:14.34795Z,KXBNB15M-26OCT042330-30,0.0080,0.04,yes
2026-10-05T03:25:14.34795Z,KXBNB15M-26OCT042330-30,0.0080,43.22,yes
2026-10-05T03:25:14.34795Z,KXBNB15M-26OCT042330-30,0.0080,12.85,yes
2026-10-05T03:25:16.372052Z,KXBNB15M-26OCT042330-30,0.0050,17.60,no
2026-10-05T03:25:16.372052Z,KXBNB15M-26OCT042330-30,0.0050,22.40,no
2026-10-05T03:25:17.682371Z,KXBNB15M-26OCT042330-30,0.0060,0.04,yes
2026-10-05T03:25:17.682371Z,KXBNB15M-26OCT042330-30,0.0060,17.60,yes
2026-10-05T03:25:17.682371Z,KXBNB15M-26OCT042330-30,0.0150,31.12,yes
2026-10-05T03:25:17.682371Z,KXBNB15M-26OCT042330-30,0.0140,2.00,yes
2026-10-05T03:25:17.682371Z,KXBNB15M-26OCT042330-30,0.0080,0.05,yes
2026-10-05T03:25:17.682371Z,KXBNB15M-26OCT042330-30,0.0070,0.04,yes
2026-10-05T03:25:17.682371Z,KXBNB15M-26OCT042330-30,0.0150,2.00,yes
2026-10-05T03:25:17.682371Z,KXBNB15M-26OCT042330-30,0.0100,1.01,yes
2026-10-05T03:25:17.682371Z,KXBNB15M-26OCT042330-30,0.0100,0.04,yes
2026-10-05T03:25:17.682371Z,KXBNB15M-26OCT042330-30,0.0100,10.00,yes
2026-10-05T03:25:17.682371Z,KXBNB15M-26OCT042330-30,0.0100,17.20,yes
2026-10-05T03:25:17.682371Z,KXBNB15M-26OCT042330-30,0.0090,0.03,yes
2026-10-05T03:25:17.682371Z,KXBNB15M-26OCT042330-30,0.0140,5.00,yes
2026-10-05T03:25:17.682371Z,KXBNB15M-26OCT042330-30,0.0090,20.00,yes
2026-10-05T03:25:17.682371Z,KXBNB15M-26OCT042330-30,0.0100,1.79,yes
2026-10-05T03:25:17.682371Z,KXBNB15M-26OCT042330-30,0.0130,7.71,yes
2026-10-05T03:25:17.682371Z,KXBNB15M-26OCT042330-30,0.0130,10.00,yes
2026-10-05T03:25:17.682371Z,KXBNB15M-26OCT042330-30,0.0130,0.04,yes
2026-10-05T03:25:17.682371Z,KXBNB15M-26OCT042330-30,0.0150,0.05,yes
2026-10-05T03:25:17.682371Z,KXBNB15M-26OCT042330-30,0.0140,0.04,yes
2026-10-05T03:25:17.682371Z,KXBNB15M-26OCT042330-30,0.0110,14.00,yes
2026-10-05T03:25:17.682371Z,KXBNB15M-26OCT042330-30,0.0110,0.04,yes
2026-10-05T03:25:17.682371Z,KXBNB15M-26OCT042330-30,0.0120,0.05,yes
2026-10-05T03:25:17.682371Z,KXBNB15M-26OCT042330-30,0.0080,31.78,yes
2026-10-05T03:25:26.190292Z,KXBNB15M-26OCT042330-30,0.0200,113.98,yes
2026-10-05T03:25:26.190292Z,KXBNB15M-26OCT042330-30,0.0150,8.00,yes
2026-10-05T03:25:26.190292Z,KXBNB15M-26OCT042330-30,0.0160,2.00,yes
2026-10-05T03:25:26.190292Z,KXBNB15M-26OCT042330-30,0.0130,0.05,yes
2026-10-05T03:25:26.190292Z,KXBNB15M-26OCT042330-30,0.0140,0.06,yes
2026-10-05T03:25:26.190292Z,KXBNB15M-26OCT042330-30,0.0120,0.04,yes
2026-10-05T03:25:26.190292Z,KXBNB15M-26OCT042330-30,0.0170,2.00,yes
2026-10-05T03:25:26.190292Z,KXBNB15M-26OCT042330-30,0.0120,2.00,yes
2026-10-05T03:25:26.190292Z,KXBNB15M-26OCT042330-30,0.0120,9.02,yes
2026-10-05T03:25:26.190292Z,KXBNB15M-26OCT042330-30,0.0150,0.04,yes
2026-10-05T03:25:26.190292Z,KXBNB15M-26OCT042330-30,0.0200,10.00,yes
2026-10-05T03:25:26.190292Z,KXBNB15M-26OCT042330-30,0.0170,27.00,yes
2026-10-05T03:25:26.190292Z,KXBNB15M-26OCT042330-30,0.0180,22.40,yes
2026-10-05T03:25:26.190292Z,KXBNB15M-26OCT042330-30,0.0160,0.04,yes
2026-10-05T03:25:26.190292Z,KXBNB15M-26OCT042330-30,0.0170,0.04,yes
2026-10-05T03:25:26.190292Z,KXBNB15M-26OCT042330-30,0.0180,7.60,yes
2026-10-05T03:25:26.190292Z,KXBNB15M-26OCT042330-30,0.0200,2.00,yes
2026-10-05T03:25:26.190292Z,KXBNB15M-26OCT042330-30,0.0200,0.08,yes
2026-10-05T03:25:26.190292Z,KXBNB15M-26OCT042330-30,0.0180,0.06,yes
2026-10-05T03:25:26.190292Z,KXBNB15M-26OCT042330-30,0.0190,0.04,yes
2026-10-05T03:25:28.934261Z,KXBNB15M-26OCT042330-30,0.0120,2.00,yes
2026-10-05T03:25:30.695101Z,KXBNB15M-26OCT042330-30,0.0180,2.00,yes
2026-10-05T03:25:30.695101Z,KXBNB15M-26OCT042330-30,0.0150,2.00,yes
2026-10-05T03:25:30.695101Z,KXBNB15M-26OCT042330-30,0.0200,7.54,yes
2026-10-05T03:25:30.695101Z,KXBNB15M-26OCT042330-30,0.0190,0.08,yes
2026-10-05T03:25:30.695101Z,KXBNB15M-26OCT042330-30,0.0200,0.09,yes
2026-10-05T03:25:30.695101Z,KXBNB15M-26OCT042330-30,0.0190,2.00,yes
2026-10-05T03:25:30.695101Z,KXBNB15M-26OCT042330-30,0.0170,0.06,yes
2026-10-05T03:25:30.695101Z,KXBNB15M-26OCT042330-30,0.0160,0.05,yes
2026-10-05T03:25:30.695101Z,KXBNB15M-26OCT042330-30,0.0180,0.07,yes
2026-10-05T03:25:30.695101Z,KXBNB15M-26OCT042330-30,0.0150,0.04,yes
2026-10-05T03:25:30.695101Z,KXBNB15M-26OCT042330-30,0.0200,5.00,yes
2026-10-05T03:25:31.075723Z,KXBNB15M-26OCT042330-30,0.0110,37.00,no
2026-10-05T03:25:31.075723Z,KXBNB15M-26OCT042330-30,0.0170,30.00,no
2026-10-05T03:25:31.075723Z,KXBNB15M-26OCT042330-30,0.0100,81.00,no
2026-10-05T03:25:31.075723Z,KXBNB15M-26OCT042330-30,0.0110,2.00,no
2026-10-05T03:25:34.175287Z,KXBNB15M-26OCT042330-30,0.0190,0.07,yes
2026-10-05T03:25:34.175287Z,KXBNB15M-26OCT042330-30,0.0190,0.42,yes
2026-10-05T03:25:34.175287Z,KXBNB15M-26OCT042330-30,0.0180,5.00,yes
2026-10-05T03:25:37.269712Z,KXBNB15M-26OCT042330-30,0.0100,2.00,no
2026-10-05T03:25:37.418673Z,KXBNB15M-26OCT042330-30,0.0080,2.00,no
2026-10-05T03:25:37.418673Z,KXBNB15M-26OCT042330-30,0.0070,2.00,no
2026-10-05T03:25:37.418673Z,KXBNB15M-26OCT042330-30,0.0080,29.00,no
2026-10-05T03:25:37.418673Z,KXBNB15M-26OCT042330-30,0.0050,17.00,no
2026-10-05T03:25:37.418673Z,KXBNB15M-26OCT042330-30,0.0040,9.09,no
2026-10-05T03:25:37.418673Z,KXBNB15M-26OCT042330-30,0.0050,2.40,no
2026-10-05T03:25:37.418673Z,KXBNB15M-26OCT042330-30,0.0040,20.00,no
2026-10-05T03:25:37.418673Z,KXBNB15M-26OCT042330-30,0.0050,11.00,no
2026-10-05T03:25:37.418673Z,KXBNB15M-26OCT042330-30,0.0040,1.00,no
2026-10-05T03:25:37.418673Z,KXBNB15M-26OCT042330-30,0.0040,1.00,no
2026-10-05T03:25:37.418673Z,KXBNB15M-26OCT042330-30,0.0040,13.00,no
2026-10-05T03:25:37.418673Z,KXBNB15M-26OCT042330-30,0.0040,1.00,no
2026-10-05T03:25:37.418673Z,KXBNB15M-26OCT042330-30,0.0040,1.00,no
2026-10-05T03:25:37.418673Z,KXBNB15M-26OCT042330-30,0.0040,1.00,no
2026-10-05T03:25:37.488152Z,KXBNB15M-26OCT042330-30,0.0100,2.00,no
2026-10-05T03:25:38.098217Z,KXBNB15M-26OCT042330-30,0.0150,5.00,yes
2026-10-05T03:25:38.098217Z,KXBNB15M-26OCT042330-30,0.0160,2.00,yes
2026-10-05T03:25:38.098217Z,KXBNB15M-26OCT042330-30,0.0150,2.00,yes
2026-10-05T03:25:38.098217Z,KXBNB15M-26OCT042330-30,0.0070,2.40,yes
2026-10-05T03:25:38.098217Z,KXBNB15M-26OCT042330-30,0.0070,20.00,yes
2026-10-05T03:25:40.702862Z,KXBNB15M-26OCT042330-30,0.0080,2.00,no
2026-10-05T03:25:40.702862Z,KXBNB15M-26OCT042330-30,0.0090,2.00,no
2026-10-05T03:25:43.036003Z,KXBNB15M-26OCT042330-30,0.0160,0.04,yes
2026-10-05T03:25:43.036003Z,KXBNB15M-26OCT042330-30,0.0170,0.05,yes
2026-10-05T03:25:43.036003Z,KXBNB15M-26OCT042330-30,0.0150,5.00,yes
2026-10-05T03:25:43.036003Z,KXBNB15M-26OCT042330-30,0.0190,42.00,yes
2026-10-05T03:25:43.036003Z,KXBNB15M-26OCT042330-30,0.0160,2.00,yes
2026-10-05T03:25:43.036003Z,KXBNB15M-26OCT042330-30,0.0150,2.00,yes
2026-10-05T03:25:43.036003Z,KXBNB15M-26OCT042330-30,0.0080,84.00,yes
2026-10-05T03:25:43.036003Z,KXBNB15M-26OCT042330-30,0.0200,11.22,yes
2026-10-05T03:25:43.036003Z,KXBNB15M-26OCT042330-30,0.0180,0.06,yes
2026-10-05T03:25:45.948121Z,KXBNB15M-26OCT042330-30,0.0170,2.00,yes
2026-10-05T03:25:45.948121Z,KXBNB15M-26OCT042330-30,0.0160,2.55,yes
2026-10-05T03:25:45.948121Z,KXBNB15M-26OCT042330-30,0.0190,17.69,yes
2026-10-05T03:25:45.948121Z,KXBNB15M-26OCT042330-30,0.0180,0.06,yes
2026-10-05T03:25:45.948121Z,KXBNB15M-26OCT042330-30,0.0180,2.00,yes
2026-10-05T03:25:45.948121Z,KXBNB15M-26OCT042330-30,0.0170,0.05,yes
2026-10-05T03:25:48.13847Z,KXBNB15M-26OCT042330-30,0.0200,64.00,yes
2026-10-05T03:25:49.00515Z,KXBNB15M-26OCT042330-30,0.0200,22.00,yes
2026-10-05T03:25:49.00515Z,KXBNB15M-26OCT042330-30,0.0200,10.00,yes
2026-10-05T03:25:52.07434Z,KXBNB15M-26OCT042330-30,0.0200,27.00,yes
2026-10-05T03:25:52.07434Z,KXBNB15M-26OCT042330-30,0.0200,4.00,yes
2026-10-05T03:25:52.07434Z,KXBNB15M-26OCT042330-30,0.0200,1.00,yes
2026-10-05T03:25:57.817189Z,KXBNB15M-26OCT042330-30,0.0200,3.03,yes
2026-10-05T03:25:57.817189Z,KXBNB15M-26OCT042330-30,0.0200,10.00,yes
2026-10-05T03:25:57.817189Z,KXBNB15M-26OCT042330-30,0.0200,1.00,yes
2026-10-05T03:26:01.671672Z,KXBNB15M-26OCT042330-30,0.0200,6.97,yes
2026-10-05T03:26:01.671672Z,KXBNB15M-26OCT042330-30,0.0200,27.00,yes
2026-10-05T03:26:01.671672Z,KXBNB15M-26OCT042330-30,0.0200,15.00,yes
2026-10-05T03:26:01.671672Z,KXBNB15M-26OCT042330-30,0.0200,3.00,yes
2026-10-05T03:26:04.063064Z,KXBNB15M-26OCT042330-30,0.0110,1.00,no
2026-10-05T03:26:06.194512Z,KXBNB15M-26OCT042330-30,0.0200,46.79,yes
2026-10-05T03:26:06.436805Z,KXBNB15M-26OCT042330-30,0.0100,75.00,no
2026-10-05T03:26:06.436805Z,KXBNB15M-26OCT042330-30,0.0110,2.00,no
2026-10-05T03:26:06.436805Z,KXBNB15M-26OCT042330-30,0.0110,3.00,no
2026-10-05T03:26:06.436805Z,KXBNB15M-26OCT042330-30,0.0100,2.00,no
2026-10-05T03:26:13.82815Z,KXBNB15M-26OCT042330-30,0.0070,2.00,no
2026-10-05T03:26:13.82815Z,KXBNB15M-26OCT042330-30,0.0050,1.02,no
2026-10-05T03:26:13.82815Z,KXBNB15M-26OCT042330-30,0.0080,2.00,no
2026-10-05T03:26:13.926123Z,KXBNB15M-26OCT042330-30,0.0050,2.00,no
2026-10-05T03:26:13.926123Z,KXBNB15M-26OCT042330-30,0.0050,15.98,no
2026-10-05T03:26:13.926123Z,KXBNB15M-26OCT042330-30,0.0040,7.16,no
2026-10-05T03:26:13.926123Z,KXBNB15M-26OCT042330-30,0.0040,1.86,no
2026-10-05T03:26:17.70545Z,KXBNB15M-26OCT042330-30,0.0100,18.00,yes
2026-10-05T03:26:17.70545Z,KXBNB15M-26OCT042330-30,0.0100,66.16,yes
2026-10-05T03:26:21.570145Z,KXBNB15M-26OCT042330-30,0.0100,0.05,yes
2026-10-05T03:26:21.570145Z,KXBNB15M-26OCT042330-30,0.0100,8.84,yes
2026-10-05T03:26:30.150488Z,KXBNB15M-26OCT042330-30,0.0030,1.00,no
2026-10-05T03:26:34.658245Z,KXBNB15M-26OCT042330-30,0.0080,1.00,yes
2026-10-05T03:26:34.658245Z,KXBNB15M-26OCT042330-30,0.0080,0.04,yes
2026-10-05T03:26:40.646945Z,KXBNB15M-26OCT042330-30,0.0090,0.05,yes
2026-10-05T03:26:41.180853Z,KXBNB15M-26OCT042330-30,0.0030,0.23,no
2026-10-05T03:26:48.010748Z,KXBNB15M-26OCT042330-30,0.0030,66.00,no
2026-10-05T03:26:50.029444Z,KXBNB15M-26OCT042330-30,0.0030,32.77,no
2026-10-05T03:26:50.029444Z,KXBNB15M-26OCT042330-30,0.0030,147.23,no
2026-10-05T03:26:50.029444Z,KXBNB15M-26OCT042330-30,0.0030,20.00,no
2026-10-05T03:26:50.043883Z,KXBNB15M-26OCT042330-30,0.0030,200.00,no
2026-10-05T03:26:50.057595Z,KXBNB15M-26OCT042330-30,0.0030,200.00,no
2026-10-05T03:26:53.069382Z,KXBNB15M-26OCT042330-30,0.0070,0.15,yes
2026-10-05T03:26:55.96672Z,KXBNB15M-26OCT042330-30,0.0070,13.54,yes
2026-10-05T03:26:55.96672Z,KXBNB15M-26OCT042330-30,0.0070,19.85,yes
2026-10-05T03:26:56.279401Z,KXBNB15M-26OCT042330-30,0.0070,13.35,yes
2026-10-05T03:27:00.877241Z,KXBNB15M-26OCT042330-30,0.0030,2.00,no
2026-10-05T03:27:00.877241Z,KXBNB15M-26OCT042330-30,0.0030,45.00,no
2026-10-05T03:27:00.877241Z,KXBNB15M-26OCT042330-30,0.0030,18.00,no
2026-10-05T03:27:00.877241Z,KXBNB15M-26OCT042330-30,0.0030,2.00,no
2026-10-05T03:27:00.877241Z,KXBNB15M-26OCT042330-30,0.0030,2.00,no
2026-10-05T03:27:00.877241Z,KXBNB15M-26OCT042330-30,0.0030,2.00,no
2026-10-05T03:27:00.877241Z,KXBNB15M-26OCT042330-30,0.0030,2.00,no
2026-10-05T03:27:00.877241Z,KXBNB15M-26OCT042330-30,0.0030,2.00,no
2026-10-05T03:27:00.877241Z,KXBNB15M-26OCT042330-30,0.0030,202.77,no
2026-10-05T03:27:01.327494Z,KXBNB15M-26OCT042330-30,0.0070,5.00,yes
2026-10-05T03:27:06.895569Z,KXBNB15M-26OCT042330-30,0.0020,200.00,no
2026-10-05T03:27:06.895569Z,KXBNB15M-26OCT042330-30,0.0020,94.58,no
2026-10-05T03:27:07.08664Z,KXBNB15M-26OCT042330-30,0.0020,305.42,no
2026-10-05T03:27:07.08664Z,KXBNB15M-26OCT042330-30,0.0020,395.81,no
2026-10-05T03:27:07.08664Z,KXBNB15M-26OCT042330-30,0.0020,20.00,no
2026-10-05T03:27:10.553214Z,KXBNB15M-26OCT042330-30,0.0030,0.05,yes
2026-10-05T03:27:10.553214Z,KXBNB15M-26OCT042330-30,0.0030,1.00,yes
2026-10-05T03:27:10.553214Z,KXBNB15M-26OCT042330-30,0.0030,2.01,yes
2026-10-05T03:27:12.85255Z,KXBNB15M-26OCT042330-30,0.0020,52.00,no
2026-10-05T03:27:12.926804Z,KXBNB15M-26OCT042330-30,0.0020,1.00,no
2026-10-05T03:27:13.19057Z,KXBNB15M-26OCT042330-30,0.0020,1.00,no
2026-10-05T03:27:13.757194Z,KXBNB15M-26OCT042330-30,0.0030,17.99,yes
2026-10-05T03:27:13.757194Z,KXBNB15M-26OCT042330-30,0.0030,52.00,yes
2026-10-05T03:27:13.757194Z,KXBNB15M-26OCT042330-30,0.0030,0.05,yes
2026-10-05T03:27:13.757194Z,KXBNB15M-26OCT042330-30,0.0030,1.00,yes
2026-10-05T03:27:13.757194Z,KXBNB15M-26OCT042330-30,0.0030,168.11,yes
2026-10-05T03:27:13.757194Z,KXBNB15M-26OCT042330-30,0.0030,200.00,yes
2026-10-05T03:27:13.757194Z,KXBNB15M-26OCT042330-30,0.0030,147.23,yes
2026-10-05T03:27:13.757194Z,KXBNB15M-26OCT042330-30,0.0030,169.95,yes
2026-10-05T03:27:16.152864Z,KXBNB15M-26OCT042330-30,0.0020,50.19,no
2026-10-05T03:27:16.152864Z,KXBNB15M-26OCT042330-30,0.0020,26.00,no
2026-10-05T03:27:16.152864Z,KXBNB15M-26OCT042330-30,0.0020,3.00,no
2026-10-05T03:27:16.152864Z,KXBNB15M-26OCT042330-30,0.0020,3.00,no
2026-10-05T03:27:16.152864Z,KXBNB15M-26OCT042330-30,0.0020,3.00,no
2026-10-05T03:27:16.152864Z,KXBNB15M-26OCT042330-30,0.0020,2.17,no
2026-10-05T03:27:19.712249Z,KXBNB15M-26OCT042330-30,0.0030,1.00,yes
2026-10-05T03:27:19.712249Z,KXBNB15M-26OCT042330-30,0.0030,40.18,yes
2026-10-05T03:27:19.712249Z,KXBNB15M-26OCT042330-30,0.0030,32.82,yes
2026-10-05T03:27:22.271607Z,KXBNB15M-26OCT042330-30,0.0030,30.53,yes
2026-10-05T03:27:25.0205Z,KXBNB15M-26OCT042330-30,0.0020,1.00,no
2026-10-05T03:27:25.0205Z,KXBNB15M-26OCT042330-30,0.0020,20.00,no
2026-10-05T03:27:25.0205Z,KXBNB15M-26OCT042330-30,0.0020,145.17,no
2026-10-05T03:27:25.0205Z,KXBNB15M-26OCT042330-30,0.0020,30.00,no
2026-10-05T03:27:25.0205Z,KXBNB15M-26OCT042330-30,0.0020,3.00,no
2026-10-05T03:27:25.0205Z,KXBNB15M-26OCT042330-30,0.0020,0.83,no
2026-10-05T03:27:25.037461Z,KXBNB15M-26OCT042330-30,0.0020,200.00,no
2026-10-05T03:27:25.05262Z,KXBNB15M-26OCT042330-30,0.0020,20.00,no
2026-10-05T03:27:25.05262Z,KXBNB15M-26OCT042330-30,0.0020,154.83,no
2026-10-05T03:27:25.094041Z,KXBNB15M-26OCT042330-30,0.0010,129.59,no
2026-10-05T03:27:28.110335Z,KXBNB15M-26OCT042330-30,0.0020,20.00,no
2026-10-05T03:27:28.110335Z,KXBNB15M-26OCT042330-30,0.0020,30.00,no
2026-10-05T03:27:30.477591Z,KXBNB15M-26OCT042330-30,0.0010,17.00,no
2026-10-05T03:27:30.47999Z,KXBNB15M-26OCT042330-30,0.0010,20.00,no
2026-10-05T03:27:30.768361Z,KXBNB15M-26OCT042330-30,0.0010,20.00,no
2026-10-05T03:27:33.520999Z,KXBNB15M-26OCT042330-30,0.0020,79.59,yes
2026-10-05T03:27:33.520999Z,KXBNB15M-26OCT042330-30,0.0020,2.41,yes
2026-10-05T03:27:37.494321Z,KXBNB15M-26OCT042330-30,0.0010,500.46,no
2026-10-05T03:27:45.597619Z,KXBNB15M-26OCT042330-30,0.0020,5.59,yes
2026-10-05T03:27:45.597619Z,KXBNB15M-26OCT042330-30,0.0020,14.37,yes
2026-10-05T03:27:45.597619Z,KXBNB15M-26OCT042330-30,0.0020,20.00,yes
2026-10-05T03:27:45.597619Z,KXBNB15M-26OCT042330-30,0.0020,0.04,yes
2026-10-05T03:27:51.737981Z,KXBNB15M-26OCT042330-30,0.0010,426.00,no
2026-10-05T03:27:52.122983Z,KXBNB15M-26OCT042330-30,0.0010,5.00,no
2026-10-05T03:27:52.128011Z,KXBNB15M-26OCT042330-30,0.0010,20.00,no
2026-10-05T03:27:52.23806Z,KXBNB15M-26OCT042330-30,0.0010,20.00,no
2026-10-05T03:27:52.34849Z,KXBNB15M-26OCT042330-30,0.0010,95.85,no
2026-10-05T03:28:00.990873Z,KXBNB15M-26OCT042330-30,0.0010,50.00,no
2026-10-05T03:28:01.14665Z,KXBNB15M-26OCT042330-30,0.0010,304.00,no
2026-10-05T03:28:01.818745Z,KXBNB15M-26OCT042330-30,0.0010,5.00,no
2026-10-05T03:28:02.139026Z,KXBNB15M-26OCT042330-30,0.0020,325.10,yes
2026-10-05T03:28:02.139026Z,KXBNB15M-26OCT042330-30,0.0020,50.19,yes
2026-10-05T03:28:02.139026Z,KXBNB15M-26OCT042330-30,0.0020,0.04,yes
2026-10-05T03:28:02.139026Z,KXBNB15M-26OCT042330-30,0.0020,200.00,yes
2026-10-05T03:28:02.139026Z,KXBNB15M-26OCT042330-30,0.0020,154.83,yes
2026-10-05T03:28:02.139026Z,KXBNB15M-26OCT042330-30,0.0020,145.17,yes
2026-10-05T03:28:02.139026Z,KXBNB15M-26OCT042330-30,0.0020,40.69,yes
2026-10-05T03:28:06.957213Z,KXBNB15M-26OCT042330-30,0.0010,731.86,no
2026-10-05T03:28:07.090783Z,KXBNB15M-26OCT042330-30,0.0010,100.00,no
2026-10-05T03:28:07.090783Z,KXBNB15M-26OCT042330-30,0.0010,1.00,no
2026-10-05T03:28:07.090783Z,KXBNB15M-26OCT042330-30,0.0010,75.00,no
2026-10-05T03:28:07.090783Z,KXBNB15M-26OCT042330-30,0.0010,18.83,no
2026-10-05T03:28:07.090783Z,KXBNB15M-26OCT042330-30,0.0010,1.00,no
2026-10-05T03:28:07.090783Z,KXBNB15M-26OCT042330-30,0.0010,628.73,no
2026-10-05T03:28:07.090783Z,KXBNB15M-26OCT042330-30,0.0010,20.00,no
2026-10-05T03:28:10.097747Z,KXBNB15M-26OCT042330-30,0.0010,95.85,no
2026-10-05T03:28:10.097837Z,KXBNB15M-26OCT042330-30,0.0010,85.83,no
2026-10-05T03:28:10.098167Z,KXBNB15M-26OCT042330-30,0.0010,426.00,no
2026-10-05T03:28:10.09845Z,KXBNB15M-26OCT042330-30,0.0010,20.00,no
2026-10-05T03:28:10.098614Z,KXBNB15M-26OCT042330-30,0.0010,50.00,no
2026-10-05T03:28:10.099027Z,KXBNB15M-26OCT042330-30,0.0010,304.00,no
2026-10-05T03:28:10.099251Z,KXBNB15M-26OCT042330-30,0.0010,20.00,no
2026-10-05T03:28:10.09925Z,KXBNB15M-26OCT042330-30,0.0010,731.86,no
2026-10-05T03:28:10.10303Z,KXBNB15M-26OCT042330-30,0.0010,7.00,no
2026-10-05T03:28:10.10303Z,KXBNB15M-26OCT042330-30,0.0010,8.00,no
2026-10-05T03:28:10.10303Z,KXBNB15M-26OCT042330-30,0.0010,7.00,no
2026-10-05T03:28:10.10303Z,KXBNB15M-26OCT042330-30,0.0010,3.00,no
2026-10-05T03:28:10.10303Z,KXBNB15M-26OCT042330-30,0.0010,2.00,no
2026-10-05T03:28:10.10303Z,KXBNB15M-26OCT042330-30,0.0010,3.00,no
2026-10-05T03:28:10.10303Z,KXBNB15M-26OCT042330-30,0.0010,42.00,no
2026-10-05T03:28:10.10303Z,KXBNB15M-26OCT042330-30,0.0010,2.00,no
2026-10-05T03:28:10.10303Z,KXBNB15M-26OCT042330-30,0.0010,137.73,no
2026-10-05T03:28:10.10303Z,KXBNB15M-26OCT042330-30,0.0010,30.00,no
2026-10-05T03:28:10.10303Z,KXBNB15M-26OCT042330-30,0.0010,1.00,no
2026-10-05T03:28:34.995577Z,KXBNB15M-26OCT042330-30,0.0010,143.00,yes
2026-10-05T03:28:34.995577Z,KXBNB15M-26OCT042330-30,0.0010,100.00,yes
2026-10-05T03:28:34.995577Z,KXBNB15M-26OCT042330-30,0.0010,5619.00,yes
2026-10-05T03:28:34.995577Z,KXBNB15M-26OCT042330-30,0.0020,528.99,yes
2026-10-05T03:28:34.995577Z,KXBNB15M-26OCT042330-30,0.0010,257.73,yes
2026-10-05T03:28:34.995577Z,KXBNB15M-26OCT042330-30,0.0010,85.83,yes
2026-10-05T03:28:34.995577Z,KXBNB15M-26OCT042330-30,0.0010,20.00,yes
2026-10-05T03:28:34.995577Z,KXBNB15M-26OCT042330-30,0.0010,95.85,yes
2026-10-05T03:28:34.995577Z,KXBNB15M-26OCT042330-30,0.0010,137.73,yes
2026-10-05T03:28:34.995577Z,KXBNB15M-26OCT042330-30,0.0010,20.00,yes
2026-10-05T03:28:34.995577Z,KXBNB15M-26OCT042330-30,0.0010,304.00,yes
2026-10-05T03:28:34.995577Z,KXBNB15M-26OCT042330-30,0.0010,731.86,yes
2026-10-05T03:28:34.995577Z,KXBNB15M-26OCT042330-30,0.0010,426.00,yes
2026-10-05T03:28:34.995577Z,KXBNB15M-26OCT042330-30,0.0010,50.00,yes
2026-10-05T03:28:34.995577Z,KXBNB15M-26OCT042330-30,0.0010,1352.00,yes
2026-10-05T03:28:34.995577Z,KXBNB15M-26OCT042330-30,0.0020,53.89,yes
2026-10-05T03:28:34.995577Z,KXBNB15M-26OCT042330-30,0.0020,305.42,yes
2026-10-05T03:28:34.995577Z,KXBNB15M-26OCT042330-30,0.0020,0.05,yes
2026-10-05T03:28:34.995577Z,KXBNB15M-26OCT042330-30,0.0020,100.00,yes
2026-10-05T03:28:34.995577Z,KXBNB15M-26OCT042330-30,0.0010,628.73,yes
2026-10-05T03:28:34.995577Z,KXBNB15M-26OCT042330-30,0.0020,20.00,yes
2026-10-05T03:28:35.020898Z,KXBNB15M-26OCT042330-30,0.0010,100.00,no
2026-10-05T03:28:35.087718Z,KXBNB15M-26OCT042330-30,0.0010,200.00,no
2026-10-05T03:28:35.106594Z,KXBNB15M-26OCT042330-30,0.0010,200.00,no
2026-10-05T03:28:35.194742Z,KXBNB15M-26OCT042330-30,0.0010,200.00,no
2026-10-05T03:28:35.274733Z,KXBNB15M-26OCT042330-30,0.0010,200.00,no
2026-10-05T03:28:35.360702Z,KXBNB15M-26OCT042330-30,0.0010,200.00,no
2026-10-05T03:28:35.446901Z,KXBNB15M-26OCT042330-30,0.0010,200.00,no
2026-10-05T03:28:35.575649Z,KXBNB15M-26OCT042330-30,0.0010,100.00,no
2026-10-05T03:28:36.821845Z,KXBNB15M-26OCT042330-30,0.0010,270.00,no
2026-10-05T03:28:37.553292Z,KXBNB15M-26OCT042330-30,0.0020,91.62,yes
2026-10-05T03:28:37.624272Z,KXBNB15M-26OCT042330-30,0.0010,53.00,no
2026-10-05T03:28:39.145284Z,KXBNB15M-26OCT042330-30,0.0020,448.66,yes
2026-10-05T03:28:42.775091Z,KXBNB15M-26OCT042330-30,0.0010,22.02,no
2026-10-05T03:28:57.923693Z,KXBNB15M-26OCT042330-30,0.0010,50.00,no
2026-10-05T03:29:21.413074Z,KXBNB15M-26OCT042330-30,0.0010,38.62,yes
2026-10-05T03:29:21.413074Z,KXBNB15M-26OCT042330-30,0.0010,53.00,yes
2026-10-05T03:25:36.710701Z,KXHYPE15M-26OCT042330-30,0.0120,2.00,no
2026-10-05T03:25:36.710701Z,KXHYPE15M-26OCT042330-30,0.0120,4.71,no
2026-10-05T03:25:38.018897Z,KXHYPE15M-26OCT042330-30,0.0200,15.00,yes
2026-10-05T03:25:38.018897Z,KXHYPE15M-26OCT042330-30,0.0220,2.56,yes
2026-10-05T03:25:38.018897Z,KXHYPE15M-26OCT042330-30,0.0220,10.07,yes
2026-10-05T03:25:38.018897Z,KXHYPE15M-26OCT042330-30,0.0190,5.00,yes
2026-10-05T03:25:38.018897Z,KXHYPE15M-26OCT042330-30,0.0210,15.00,yes
2026-10-05T03:25:38.018897Z,KXHYPE15M-26OCT042330-30,0.0210,75.00,yes
2026-10-05T03:25:38.018897Z,KXHYPE15M-26OCT042330-30,0.0210,2.00,yes
2026-10-05T03:25:38.018897Z,KXHYPE15M-26OCT042330-30,0.0190,0.02,yes
2026-10-05T03:25:38.018897Z,KXHYPE15M-26OCT042330-30,0.0190,2.00,yes
2026-10-05T03:25:38.018897Z,KXHYPE15M-26OCT042330-30,0.0150,40.00,yes
2026-10-05T03:25:38.018897Z,KXHYPE15M-26OCT042330-30,0.0150,0.02,yes
2026-10-05T03:25:38.018897Z,KXHYPE15M-26OCT042330-30,0.0200,2.00,yes
2026-10-05T03:25:38.018897Z,KXHYPE15M-26OCT042330-30,0.0190,0.03,yes
2026-10-05T03:25:38.018897Z,KXHYPE15M-26OCT042330-30,0.0150,0.03,yes
2026-10-05T03:25:38.018897Z,KXHYPE15M-26OCT042330-30,0.0210,30.00,yes
2026-10-05T03:25:38.018897Z,KXHYPE15M-26OCT042330-30,0.0180,0.03,yes
2026-10-05T03:25:38.018897Z,KXHYPE15M-26OCT042330-30,0.0170,0.03,yes
2026-10-05T03:25:38.018897Z,KXHYPE15M-26OCT042330-30,0.0160,0.03,yes
2026-10-05T03:25:38.018897Z,KXHYPE15M-26OCT042330-30,0.0150,1.00,yes
2026-10-05T03:25:38.018897Z,KXHYPE15M-26OCT042330-30,0.0170,0.03,yes
2026-10-05T03:25:38.018897Z,KXHYPE15M-26OCT042330-30,0.0180,0.03,yes
2026-10-05T03:25:38.018897Z,KXHYPE15M-26OCT042330-30,0.0160,0.02,yes
2026-10-05T03:25:38.018897Z,KXHYPE15M-26OCT042330-30,0.0200,0.03,yes
2026-10-05T03:25:38.018897Z,KXHYPE15M-26OCT042330-30,0.0210,0.02,yes
2026-10-05T03:25:38.018897Z,KXHYPE15M-26OCT042330-30,0.0210,0.03,yes
2026-10-05T03:25:38.018897Z,KXHYPE15M-26OCT042330-30,0.0200,0.02,yes
2026-10-05T03:25:46.097284Z,KXHYPE15M-26OCT042330-30,0.0140,0.03,no
2026-10-05T03:25:46.097284Z,KXHYPE15M-26OCT042330-30,0.0140,2.00,no
2026-10-05T03:25:46.097284Z,KXHYPE15M-26OCT042330-30,0.0130,2.00,no
2026-10-05T03:25:46.097284Z,KXHYPE15M-26OCT042330-30,0.0120,0.03,no
2026-10-05T03:25:46.097284Z,KXHYPE15M-26OCT042330-30,0.0130,0.03,no
2026-10-05T03:25:46.097284Z,KXHYPE15M-26OCT042330-30,0.0120,37.00,no
2026-10-05T03:25:50.563056Z,KXHYPE15M-26OCT042330-30,0.0110,10.00,no
2026-10-05T03:25:50.563056Z,KXHYPE15M-26OCT042330-30,0.0110,1.78,no
2026-10-05T03:25:50.563056Z,KXHYPE15M-26OCT042330-30,0.0110,2.99,no
2026-10-05T03:25:50.563056Z,KXHYPE15M-26OCT042330-30,0.0110,7.01,no
2026-10-05T03:25:50.563056Z,KXHYPE15M-26OCT042330-30,0.0110,44.93,no
2026-10-05T03:25:50.563056Z,KXHYPE15M-26OCT042330-30,0.0110,5.05,no
2026-10-05T03:25:50.563056Z,KXHYPE15M-26OCT042330-30,0.0110,16.21,no
2026-10-05T03:25:50.563056Z,KXHYPE15M-26OCT042330-30,0.0110,20.00,no
2026-10-05T03:25:50.563056Z,KXHYPE15M-26OCT042330-30,0.0110,1.00,no
2026-10-05T03:25:50.563056Z,KXHYPE15M-26OCT042330-30,0.0110,0.60,no
2026-10-05T03:25:50.563056Z,KXHYPE15M-26OCT042330-30,0.0110,51.00,no
2026-10-05T03:25:50.563056Z,KXHYPE15M-26OCT042330-30,0.0110,1.62,no
2026-10-05T03:25:50.631863Z,KXHYPE15M-26OCT042330-30,0.0110,1.00,no
2026-10-05T03:25:50.631863Z,KXHYPE15M-26OCT042330-30,0.0110,1.01,no
2026-10-05T03:25:50.631863Z,KXHYPE15M-26OCT042330-30,0.0110,15.80,no
2026-10-05T03:25:50.631863Z,KXHYPE15M-26OCT042330-30,0.0110,2.00,no
2026-10-05T03:25:50.631863Z,KXHYPE15M-26OCT042330-30,0.0110,40.00,no
2026-10-05T03:25:50.631863Z,KXHYPE15M-26OCT042330-30,0.0110,0.03,no
2026-10-05T03:25:50.631863Z,KXHYPE15M-26OCT042330-30,0.0100,35.43,no
2026-10-05T03:25:50.716937Z,KXHYPE15M-26OCT042330-30,0.0160,44.93,yes
2026-10-05T03:25:50.716937Z,KXHYPE15M-26OCT042330-30,0.0160,7.05,yes
2026-10-05T03:25:50.882982Z,KXHYPE15M-26OCT042330-30,0.0100,17.19,no
2026-10-05T03:25:50.882982Z,KXHYPE15M-26OCT042330-30,0.0100,2.00,no
2026-10-05T03:25:50.882982Z,KXHYPE15M-26OCT042330-30,0.0100,0.03,no
2026-10-05T03:25:50.882982Z,KXHYPE15M-26OCT042330-30,0.0100,39.57,no
2026-10-05T03:25:51.164875Z,KXHYPE15M-26OCT042330-30,0.0180,51.49,yes
2026-10-05T03:25:51.164875Z,KXHYPE15M-26OCT042330-30,0.0160,7.01,yes
2026-10-05T03:25:51.164875Z,KXHYPE15M-26OCT042330-30,0.0160,1.78,yes
2026-10-05T03:25:51.164875Z,KXHYPE15M-26OCT042330-30,0.0160,0.60,yes
2026-10-05T03:25:51.164875Z,KXHYPE15M-26OCT042330-30,0.0160,1.00,yes
2026-10-05T03:25:51.164875Z,KXHYPE15M-26OCT042330-30,0.0160,0.03,yes
2026-10-05T03:25:51.164875Z,KXHYPE15M-26OCT042330-30,0.0160,35.43,yes
2026-10-05T03:25:51.164875Z,KXHYPE15M-26OCT042330-30,0.0160,1.62,yes
2026-10-05T03:25:51.164875Z,KXHYPE15M-26OCT042330-30,0.0160,43.95,yes
2026-10-05T03:25:51.164875Z,KXHYPE15M-26OCT042330-30,0.0160,15.80,yes
2026-10-05T03:25:51.164875Z,KXHYPE15M-26OCT042330-30,0.0160,16.21,yes
2026-10-05T03:25:51.164875Z,KXHYPE15M-26OCT042330-30,0.0160,20.00,yes
2026-10-05T03:25:51.164875Z,KXHYPE15M-26OCT042330-30,0.0160,5.05,yes
2026-10-05T03:25:51.164875Z,KXHYPE15M-26OCT042330-30,0.0160,39.57,yes
2026-10-05T03:25:51.164875Z,KXHYPE15M-26OCT042330-30,0.0160,2.99,yes
2026-10-05T03:25:51.164875Z,KXHYPE15M-26OCT042330-30,0.0160,10.00,yes
2026-10-05T03:25:51.164875Z,KXHYPE15M-26OCT042330-30,0.0160,1.01,yes
2026-10-05T03:25:51.164875Z,KXHYPE15M-26OCT042330-30,0.0170,0.03,yes
2026-10-05T03:25:51.164875Z,KXHYPE15M-26OCT042330-30,0.0160,1.00,yes
2026-10-05T03:25:51.266475Z,KXHYPE15M-26OCT042330-30,0.0110,13.92,no
2026-10-05T03:25:51.604061Z,KXHYPE15M-26OCT042330-30,0.0110,36.00,no
2026-10-05T03:25:51.604061Z,KXHYPE15M-26OCT042330-30,0.0110,7.05,no
2026-10-05T03:25:51.604061Z,KXHYPE15M-26OCT042330-30,0.0110,3.00,no
2026-10-05T03:25:51.604061Z,KXHYPE15M-26OCT042330-30,0.0110,24.88,no
2026-10-05T03:25:51.604061Z,KXHYPE15M-26OCT042330-30,0.0110,31.01,no
2026-10-05T03:25:52.275523Z,KXHYPE15M-26OCT042330-30,0.0110,1.62,no
2026-10-05T03:25:52.275523Z,KXHYPE15M-26OCT042330-30,0.0110,19.07,no
2026-10-05T03:25:52.275523Z,KXHYPE15M-26OCT042330-30,0.0110,4.56,no
2026-10-05T03:25:55.813285Z,KXHYPE15M-26OCT042330-30,0.0160,12.32,yes
2026-10-05T03:25:57.405932Z,KXHYPE15M-26OCT042330-30,0.0160,1.60,yes
2026-10-05T03:25:57.405932Z,KXHYPE15M-26OCT042330-30,0.0160,31.01,yes
2026-10-05T03:25:57.405932Z,KXHYPE15M-26OCT042330-30,0.0160,7.05,yes
2026-10-05T03:25:57.405932Z,KXHYPE15M-26OCT042330-30,0.0160,18.81,yes
2026-10-05T03:25:58.093117Z,KXHYPE15M-26OCT042330-30,0.0110,31.01,no
2026-10-05T03:25:58.093117Z,KXHYPE15M-26OCT042330-30,0.0110,18.81,no
2026-10-05T03:25:58.093117Z,KXHYPE15M-26OCT042330-30,0.0110,1.60,no
2026-10-05T03:25:58.093117Z,KXHYPE15M-26OCT042330-30,0.0110,7.05,no
2026-10-05T03:25:58.093117Z,KXHYPE15M-26OCT042330-30,0.0110,1.00,no
2026-10-05T03:25:58.093117Z,KXHYPE15M-26OCT042330-30,0.0110,7.01,no
2026-10-05T03:25:58.093117Z,KXHYPE15M-26OCT042330-30,0.0110,1.00,no
2026-10-05T03:25:58.093117Z,KXHYPE15M-26OCT042330-30,0.0110,1.01,no
2026-10-05T03:25:58.093117Z,KXHYPE15M-26OCT042330-30,0.0100,0.03,no
2026-10-05T03:25:58.093117Z,KXHYPE15M-26OCT042330-30,0.0110,1.00,no
2026-10-05T03:25:58.093117Z,KXHYPE15M-26OCT042330-30,0.0110,15.80,no
2026-10-05T03:25:58.093117Z,KXHYPE15M-26OCT042330-30,0.0110,0.60,no
2026-10-05T03:25:58.093117Z,KXHYPE15M-26OCT042330-30,0.0110,20.00,no
2026-10-05T03:25:58.093117Z,KXHYPE15M-26OCT042330-30,0.0110,2.99,no
2026-10-05T03:25:58.093117Z,KXHYPE15M-26OCT042330-30,0.0110,1.78,no
2026-10-05T03:25:58.093117Z,KXHYPE15M-26OCT042330-30,0.0110,11.65,no
2026-10-05T03:25:58.093117Z,KXHYPE15M-26OCT042330-30,0.0110,10.00,no
2026-10-05T03:25:58.093117Z,KXHYPE15M-26OCT042330-30,0.0110,0.03,no
2026-10-05T03:25:58.093117Z,KXHYPE15M-26OCT042330-30,0.0110,5.05,no
2026-10-05T03:25:58.093117Z,KXHYPE15M-26OCT042330-30,0.0100,75.00,no
2026-10-05T03:25:58.093117Z,KXHYPE15M-26OCT042330-30,0.0110,12.32,no
2026-10-05T03:25:58.093117Z,KXHYPE15M-26OCT042330-30,0.0090,0.03,no
2026-10-05T03:25:58.093117Z,KXHYPE15M-26OCT042330-30,0.0090,4.00,no
2026-10-05T03:25:58.093117Z,KXHYPE15M-26OCT042330-30,0.0090,20.00,no
2026-10-05T03:25:58.833335Z,KXHYPE15M-26OCT042330-30,0.0100,100.00,no
2026-10-05T03:25:59.059924Z,KXHYPE15M-26OCT042330-30,0.0100,95.00,no
2026-10-05T03:25:59.059924Z,KXHYPE15M-26OCT042330-30,0.0100,75.00,no
2026-10-05T03:26:01.13462Z,KXHYPE15M-26OCT042330-30,0.0130,72.84,yes
2026-10-05T03:26:01.13462Z,KXHYPE15M-26OCT042330-30,0.0130,51.00,yes
2026-10-05T03:26:01.13462Z,KXHYPE15M-26OCT042330-30,0.0130,20.00,yes
2026-10-05T03:26:01.344563Z,KXHYPE15M-26OCT042330-30,0.0130,15.44,yes
2026-10-05T03:26:01.344563Z,KXHYPE15M-26OCT042330-30,0.0130,2.16,yes
2026-10-05T03:26:01.344563Z,KXHYPE15M-26OCT042330-30,0.0130,0.03,yes
2026-10-05T03:26:13.318479Z,KXHYPE15M-26OCT042330-30,0.0080,0.03,no
2026-10-05T03:26:13.318479Z,KXHYPE15M-26OCT042330-30,0.0080,2.00,no
2026-10-05T03:26:13.318479Z,KXHYPE15M-26OCT042330-30,0.0070,6.97,no
2026-10-05T03:26:13.318479Z,KXHYPE15M-26OCT042330-30,0.0080,20.00,no
2026-10-05T03:26:17.349998Z,KXHYPE15M-26OCT042330-30,0.0130,6.97,yes
2026-10-05T03:26:17.349998Z,KXHYPE15M-26OCT042330-30,0.0130,20.00,yes
2026-10-05T03:26:17.349998Z,KXHYPE15M-26OCT042330-30,0.0140,8.28,yes
2026-10-05T03:26:21.845933Z,KXHYPE15M-26OCT042330-30,0.0140,50.00,yes
2026-10-05T03:26:24.716603Z,KXHYPE15M-26OCT042330-30,0.0140,16.72,yes
2026-10-05T03:26:24.716603Z,KXHYPE15M-26OCT042330-30,0.0140,43.41,yes
2026-10-05T03:26:30.110121Z,KXHYPE15M-26OCT042330-30,0.0150,48.00,yes
2026-10-05T03:26:30.110121Z,KXHYPE15M-26OCT042330-30,0.0150,14.36,yes
2026-10-05T03:26:31.047686Z,KXHYPE15M-26OCT042330-30,0.0060,53.00,no
2026-10-05T03:26:31.047686Z,KXHYPE15M-26OCT042330-30,0.0060,21.00,no
2026-10-05T03:26:31.047686Z,KXHYPE15M-26OCT042330-30,0.0070,2.00,no
2026-10-05T03:26:31.047686Z,KXHYPE15M-26OCT042330-30,0.0060,0.03,no
2026-10-05T03:26:31.047686Z,KXHYPE15M-26OCT042330-30,0.0070,0.03,no
2026-10-05T03:26:31.047686Z,KXHYPE15M-26OCT042330-30,0.0060,2.00,no
2026-10-05T03:26:31.047686Z,KXHYPE15M-26OCT042330-30,0.0060,1.11,no
2026-10-05T03:26:31.047686Z,KXHYPE15M-26OCT042330-30,0.0060,20.00,no
2026-10-05T03:26:31.047686Z,KXHYPE15M-26OCT042330-30,0.0070,13.03,no
2026-10-05T03:26:33.899297Z,KXHYPE15M-26OCT042330-30,0.0070,20.00,yes
2026-10-05T03:26:33.899297Z,KXHYPE15M-26OCT042330-30,0.0080,16.04,yes
2026-10-05T03:26:33.899297Z,KXHYPE15M-26OCT042330-30,0.0070,0.03,yes
2026-10-05T03:26:41.414399Z,KXHYPE15M-26OCT042330-30,0.0050,20.00,no
2026-10-05T03:26:41.414399Z,KXHYPE15M-26OCT042330-30,0.0050,40.57,no
2026-10-05T03:26:41.414399Z,KXHYPE15M-26OCT042330-30,0.0050,194.00,no
2026-10-05T03:26:45.763394Z,KXHYPE15M-26OCT042330-30,0.0050,1.00,no
2026-10-05T03:26:46.682386Z,KXHYPE15M-26OCT042330-30,0.0050,1.00,no
2026-10-05T03:26:46.682386Z,KXHYPE15M-26OCT042330-30,0.0040,2.00,no
2026-10-05T03:26:46.682386Z,KXHYPE15M-26OCT042330-30,0.0050,42.00,no
2026-10-05T03:26:46.682386Z,KXHYPE15M-26OCT042330-30,0.0040,1.00,no
2026-10-05T03:26:46.682386Z,KXHYPE15M-26OCT042330-30,0.0040,1.00,no
2026-10-05T03:26:46.682386Z,KXHYPE15M-26OCT042330-30,0.0040,1.00,no
2026-10-05T03:26:46.682386Z,KXHYPE15M-26OCT042330-30,0.0040,1.00,no
2026-10-05T03:26:46.682386Z,KXHYPE15M-26OCT042330-30,0.0040,1.00,no
2026-10-05T03:26:46.682386Z,KXHYPE15M-26OCT042330-30,0.0050,11.00,no
2026-10-05T03:26:46.682386Z,KXHYPE15M-26OCT042330-30,0.0040,13.00,no
2026-10-05T03:26:46.682386Z,KXHYPE15M-26OCT042330-30,0.0050,58.43,no
2026-10-05T03:26:46.682386Z,KXHYPE15M-26OCT042330-30,0.0040,20.00,no
2026-10-05T03:26:53.8307Z,KXHYPE15M-26OCT042330-30,0.0060,20.00,yes
2026-10-05T03:26:53.8307Z,KXHYPE15M-26OCT042330-30,0.0060,20.00,yes
2026-10-05T03:27:00.976422Z,KXHYPE15M-26OCT042330-30,0.0030,2.00,no
2026-10-05T03:27:00.976422Z,KXHYPE15M-26OCT042330-30,0.0030,0.03,no
2026-10-05T03:27:00.976422Z,KXHYPE15M-26OCT042330-30,0.0030,2.00,no
2026-10-05T03:27:00.976422Z,KXHYPE15M-26OCT042330-30,0.0030,2.00,no
2026-10-05T03:27:00.976422Z,KXHYPE15M-26OCT042330-30,0.0030,2.00,no
2026-10-05T03:27:00.976422Z,KXHYPE15M-26OCT042330-30,0.0030,18.00,no
2026-10-05T03:27:00.976422Z,KXHYPE15M-26OCT042330-30,0.0030,2.00,no
2026-10-05T03:27:00.976422Z,KXHYPE15M-26OCT042330-30,0.0030,2.00,no
2026-10-05T03:27:00.976422Z,KXHYPE15M-26OCT042330-30,0.0030,250.00,no
2026-10-05T03:27:00.976422Z,KXHYPE15M-26OCT042330-30,0.0030,20.00,no
2026-10-05T03:27:03.079633Z,KXHYPE15M-26OCT042330-30,0.0070,20.00,yes
2026-10-05T03:27:03.079633Z,KXHYPE15M-26OCT042330-30,0.0070,101.21,yes
2026-10-05T03:27:03.239221Z,KXHYPE15M-26OCT042330-30,0.0030,5.00,no
2026-10-05T03:27:03.239221Z,KXHYPE15M-26OCT042330-30,0.0030,3.00,no
2026-10-05T03:27:03.372974Z,KXHYPE15M-26OCT042330-30,0.0070,73.00,yes
2026-10-05T03:27:03.380876Z,KXHYPE15M-26OCT042330-30,0.0070,10.00,yes
2026-10-05T03:27:03.609172Z,KXHYPE15M-26OCT042330-30,0.0070,0.03,yes
2026-10-05T03:27:03.609172Z,KXHYPE15M-26OCT042330-30,0.0070,65.79,yes
2026-10-05T03:27:03.609172Z,KXHYPE15M-26OCT042330-30,0.0070,0.02,yes
2026-10-05T03:27:03.615633Z,KXHYPE15M-26OCT042330-30,0.0080,5.00,yes
2026-10-05T03:27:03.666153Z,KXHYPE15M-26OCT042330-30,0.0080,7.00,yes
2026-10-05T03:27:04.039391Z,KXHYPE15M-26OCT042330-30,0.0100,10.00,yes
2026-10-05T03:27:04.039391Z,KXHYPE15M-26OCT042330-30,0.0120,2.00,yes
2026-10-05T03:27:04.039391Z,KXHYPE15M-26OCT042330-30,0.0100,0.03,yes
2026-10-05T03:27:04.039391Z,KXHYPE15M-26OCT042330-30,0.0100,40.00,yes
2026-10-05T03:27:04.039391Z,KXHYPE15M-26OCT042330-30,0.0080,1.03,yes
2026-10-05T03:27:05.083447Z,KXHYPE15M-26OCT042330-30,0.0130,2.00,yes
2026-10-05T03:27:05.083447Z,KXHYPE15M-26OCT042330-30,0.0130,51.00,yes
2026-10-05T03:27:05.083447Z,KXHYPE15M-26OCT042330-30,0.0140,178.54,yes
2026-10-05T03:27:05.573191Z,KXHYPE15M-26OCT042330-30,0.0070,1.00,no
2026-10-05T03:27:09.376523Z,KXHYPE15M-26OCT042330-30,0.0070,1.97,no
2026-10-05T03:27:09.376523Z,KXHYPE15M-26OCT042330-30,0.0070,0.03,no
2026-10-05T03:27:11.620922Z,KXHYPE15M-26OCT042330-30,0.0140,15.46,yes
2026-10-05T03:27:11.620922Z,KXHYPE15M-26OCT042330-30,0.0140,0.03,yes
2026-10-05T03:27:16.638681Z,KXHYPE15M-26OCT042330-30,0.0100,1.00,yes
2026-10-05T03:27:16.638681Z,KXHYPE15M-26OCT042330-30,0.0100,0.02,yes
2026-10-05T03:27:19.720841Z,KXHYPE15M-26OCT042330-30,0.0200,170.65,yes
2026-10-05T03:27:19.720841Z,KXHYPE15M-26OCT042330-30,0.0150,0.03,yes
2026-10-05T03:27:19.720841Z,KXHYPE15M-26OCT042330-30,0.0140,2.00,yes
2026-10-05T03:27:19.720841Z,KXHYPE15M-26OCT042330-30,0.0140,0.03,yes
2026-10-05T03:27:19.720841Z,KXHYPE15M-26OCT042330-30,0.0150,2.00,yes
2026-10-05T03:27:19.720841Z,KXHYPE15M-26OCT042330-30,0.0190,39.00,yes
2026-10-05T03:27:19.720841Z,KXHYPE15M-26OCT042330-30,0.0160,0.03,yes
2026-10-05T03:27:19.720841Z,KXHYPE15M-26OCT042330-30,0.0160,12.32,yes
2026-10-05T03:27:19.720841Z,KXHYPE15M-26OCT042330-30,0.0160,0.60,yes
2026-10-05T03:27:19.720841Z,KXHYPE15M-26OCT042330-30,0.0160,11.65,yes
2026-10-05T03:27:19.720841Z,KXHYPE15M-26OCT042330-30,0.0160,15.80,yes
2026-10-05T03:27:19.720841Z,KXHYPE15M-26OCT042330-30,0.0160,10.00,yes
2026-10-05T03:27:19.720841Z,KXHYPE15M-26OCT042330-30,0.0160,18.81,yes
2026-10-05T03:27:19.720841Z,KXHYPE15M-26OCT042330-30,0.0160,1.00,yes
2026-10-05T03:27:19.720841Z,KXHYPE15M-26OCT042330-30,0.0160,7.05,yes
2026-10-05T03:27:19.720841Z,KXHYPE15M-26OCT042330-30,0.0160,1.01,yes
2026-10-05T03:27:19.720841Z,KXHYPE15M-26OCT042330-30,0.0160,20.00,yes
2026-10-05T03:27:19.720841Z,KXHYPE15M-26OCT042330-30,0.0160,1.78,yes
2026-10-05T03:27:19.720841Z,KXHYPE15M-26OCT042330-30,0.0160,1.60,yes
2026-10-05T03:27:19.720841Z,KXHYPE15M-26OCT042330-30,0.0160,31.01,yes
2026-10-05T03:27:19.720841Z,KXHYPE15M-26OCT042330-30,0.0160,2.99,yes
2026-10-05T03:27:19.720841Z,KXHYPE15M-26OCT042330-30,0.0160,7.01,yes
2026-10-05T03:27:19.720841Z,KXHYPE15M-26OCT042330-30,0.0160,5.05,yes
2026-10-05T03:27:19.720841Z,KXHYPE15M-26OCT042330-30,0.0160,1.00,yes
2026-10-05T03:27:19.720841Z,KXHYPE15M-26OCT042330-30,0.0160,6.07,yes
2026-10-05T03:27:19.720841Z,KXHYPE15M-26OCT042330-30,0.0160,19.07,yes
2026-10-05T03:27:19.720841Z,KXHYPE15M-26OCT042330-30,0.0160,1.62,yes
2026-10-05T03:27:19.720841Z,KXHYPE15M-26OCT042330-30,0.0160,4.56,yes
2026-10-05T03:27:20.532383Z,KXHYPE15M-26OCT042330-30,0.0110,11.65,no
2026-10-05T03:27:20.532383Z,KXHYPE15M-26OCT042330-30,0.0110,5.05,no
2026-10-05T03:27:20.532383Z,KXHYPE15M-26OCT042330-30,0.0110,19.07,no
2026-10-05T03:27:20.532383Z,KXHYPE15M-26OCT042330-30,0.0110,4.56,no
2026-10-05T03:27:20.532383Z,KXHYPE15M-26OCT042330-30,0.0110,0.60,no
2026-10-05T03:27:20.532383Z,KXHYPE15M-26OCT042330-30,0.0110,1.62,no
2026-10-05T03:27:20.532383Z,KXHYPE15M-26OCT042330-30,0.0110,1.00,no
2026-10-05T03:27:20.532383Z,KXHYPE15M-26OCT042330-30,0.0110,6.07,no
2026-10-05T03:27:20.532383Z,KXHYPE15M-26OCT042330-30,0.0110,2.99,no
2026-10-05T03:27:20.532383Z,KXHYPE15M-26OCT042330-30,0.0110,0.03,no
2026-10-05T03:27:20.532383Z,KXHYPE15M-26OCT042330-30,0.0110,20.00,no
2026-10-05T03:27:20.532383Z,KXHYPE15M-26OCT042330-30,0.0110,7.01,no
2026-10-05T03:27:20.532383Z,KXHYPE15M-26OCT042330-30,0.0110,0.35,no
2026-10-05T03:27:20.811168Z,KXHYPE15M-26OCT042330-30,0.0140,0.02,yes
2026-10-05T03:27:20.811168Z,KXHYPE15M-26OCT042330-30,0.0170,2.00,yes
2026-10-05T03:27:20.811168Z,KXHYPE15M-26OCT042330-30,0.0180,2.00,yes
2026-10-05T03:27:20.811168Z,KXHYPE15M-26OCT042330-30,0.0290,32.00,yes
2026-10-05T03:27:20.811168Z,KXHYPE15M-26OCT042330-30,0.0160,19.07,yes
2026-10-05T03:27:20.811168Z,KXHYPE15M-26OCT042330-30,0.0160,11.65,yes
2026-10-05T03:27:20.811168Z,KXHYPE15M-26OCT042330-30,0.0160,4.56,yes
2026-10-05T03:27:20.811168Z,KXHYPE15M-26OCT042330-30,0.0160,5.05,yes
2026-10-05T03:27:20.811168Z,KXHYPE15M-26OCT042330-30,0.0160,6.07,yes
2026-10-05T03:27:20.811168Z,KXHYPE15M-26OCT042330-30,0.0160,1.62,yes
2026-10-05T03:27:20.811168Z,KXHYPE15M-26OCT042330-30,0.0300,3.17,yes
2026-10-05T03:27:20.811168Z,KXHYPE15M-26OCT042330-30,0.0240,1.00,yes
2026-10-05T03:27:20.811168Z,KXHYPE15M-26OCT042330-30,0.0220,9.93,yes
2026-10-05T03:27:21.663053Z,KXHYPE15M-26OCT042330-30,0.0110,1.00,no
2026-10-05T03:27:21.663053Z,KXHYPE15M-26OCT042330-30,0.0110,1.78,no
2026-10-05T03:27:21.663053Z,KXHYPE15M-26OCT042330-30,0.0110,9.65,no
2026-10-05T03:27:21.663053Z,KXHYPE15M-26OCT042330-30,0.0110,1.60,no
2026-10-05T03:27:21.663053Z,KXHYPE15M-26OCT042330-30,0.0110,12.32,no
2026-10-05T03:27:21.663053Z,KXHYPE15M-26OCT042330-30,0.0110,6.84,no
2026-10-05T03:27:21.663053Z,KXHYPE15M-26OCT042330-30,0.0110,15.80,no
2026-10-05T03:27:21.663053Z,KXHYPE15M-26OCT042330-30,0.0110,1.01,no
2026-10-05T03:27:22.014152Z,KXHYPE15M-26OCT042330-30,0.0160,1.00,yes
2026-10-05T03:27:22.014152Z,KXHYPE15M-26OCT042330-30,0.0160,0.02,yes
2026-10-05T03:27:22.014152Z,KXHYPE15M-26OCT042330-30,0.0160,4.00,yes
2026-10-05T03:27:22.014152Z,KXHYPE15M-26OCT042330-30,0.0160,7.01,yes
2026-10-05T03:27:22.014152Z,KXHYPE15M-26OCT042330-30,0.0160,1.00,yes
2026-10-05T03:27:22.014152Z,KXHYPE15M-26OCT042330-30,0.0160,2.99,yes
2026-10-05T03:27:22.014152Z,KXHYPE15M-26OCT042330-30,0.0160,20.00,yes
2026-10-05T03:27:22.014152Z,KXHYPE15M-26OCT042330-30,0.0160,0.03,yes
2026-10-05T03:27:22.014152Z,KXHYPE15M-26OCT042330-30,0.0160,0.35,yes
2026-10-05T03:27:22.014152Z,KXHYPE15M-26OCT042330-30,0.0160,0.60,yes
2026-10-05T03:27:22.315672Z,KXHYPE15M-26OCT042330-30,0.0160,1.01,yes
2026-10-05T03:27:22.315672Z,KXHYPE15M-26OCT042330-30,0.0160,1.60,yes
2026-10-05T03:27:22.315672Z,KXHYPE15M-26OCT042330-30,0.0160,6.84,yes
2026-10-05T03:27:22.315672Z,KXHYPE15M-26OCT042330-30,0.0160,15.80,yes
2026-10-05T03:27:22.315672Z,KXHYPE15M-26OCT042330-30,0.0160,12.32,yes
2026-10-05T03:27:22.315672Z,KXHYPE15M-26OCT042330-30,0.0160,9.65,yes
2026-10-05T03:27:22.315672Z,KXHYPE15M-26OCT042330-30,0.0160,1.78,yes
2026-10-05T03:27:22.315672Z,KXHYPE15M-26OCT042330-30,0.0160,0.02,yes
2026-10-05T03:27:22.315672Z,KXHYPE15M-26OCT042330-30,0.0160,0.03,yes
2026-10-05T03:27:22.781731Z,KXHYPE15M-26OCT042330-30,0.0200,0.02,yes
2026-10-05T03:27:22.781731Z,KXHYPE15M-26OCT042330-30,0.0170,0.02,yes
2026-10-05T03:27:22.781731Z,KXHYPE15M-26OCT042330-30,0.0190,0.02,yes
2026-10-05T03:27:22.781731Z,KXHYPE15M-26OCT042330-30,0.0180,0.02,yes
2026-10-05T03:27:22.781731Z,KXHYPE15M-26OCT042330-30,0.0210,1.01,yes
2026-10-05T03:27:22.781731Z,KXHYPE15M-26OCT042330-30,0.0200,2.00,yes
2026-10-05T03:27:26.092346Z,KXHYPE15M-26OCT042330-30,0.0110,11.65,no
2026-10-05T03:27:26.092346Z,KXHYPE15M-26OCT042330-30,0.0110,6.07,no
2026-10-05T03:27:26.092346Z,KXHYPE15M-26OCT042330-30,0.0110,19.07,no
2026-10-05T03:27:26.092346Z,KXHYPE15M-26OCT042330-30,0.0110,4.56,no
2026-10-05T03:27:26.092346Z,KXHYPE15M-26OCT042330-30,0.0110,1.62,no
2026-10-05T03:27:26.092346Z,KXHYPE15M-26OCT042330-30,0.0110,5.05,no
2026-10-05T03:27:26.092346Z,KXHYPE15M-26OCT042330-30,0.0110,1.00,no
2026-10-05T03:27:26.092346Z,KXHYPE15M-26OCT042330-30,0.0110,1.01,no
2026-10-05T03:27:26.092346Z,KXHYPE15M-26OCT042330-30,0.0110,20.00,no
2026-10-05T03:27:26.092346Z,KXHYPE15M-26OCT042330-30,0.0110,0.35,no
2026-10-05T03:27:26.092346Z,KXHYPE15M-26OCT042330-30,0.0110,1.78,no
2026-10-05T03:27:26.092346Z,KXHYPE15M-26OCT042330-30,0.0110,1.60,no
2026-10-05T03:27:26.092346Z,KXHYPE15M-26OCT042330-30,0.0110,12.32,no
2026-10-05T03:27:26.092346Z,KXHYPE15M-26OCT042330-30,0.0100,0.03,no
2026-10-05T03:27:26.092346Z,KXHYPE15M-26OCT042330-30,0.0110,0.03,no
2026-10-05T03:27:26.092346Z,KXHYPE15M-26OCT042330-30,0.0110,15.80,no
2026-10-05T03:27:26.092346Z,KXHYPE15M-26OCT042330-30,0.0110,0.60,no
2026-10-05T03:27:26.092346Z,KXHYPE15M-26OCT042330-30,0.0110,9.65,no
2026-10-05T03:27:26.092346Z,KXHYPE15M-26OCT042330-30,0.0110,2.00,no
2026-10-05T03:27:26.092346Z,KXHYPE15M-26OCT042330-30,0.0110,6.84,no
2026-10-05T03:27:26.092346Z,KXHYPE15M-26OCT042330-30,0.0110,2.99,no
2026-10-05T03:27:26.092346Z,KXHYPE15M-26OCT042330-30,0.0110,7.01,no
2026-10-05T03:27:26.092346Z,KXHYPE15M-26OCT042330-30,0.0110,1.00,no
2026-10-05T03:27:26.092346Z,KXHYPE15M-26OCT042330-30,0.0110,24.17,no
2026-10-05T03:27:26.092346Z,KXHYPE15M-26OCT042330-30,0.0110,7.05,no
2026-10-05T03:27:26.092346Z,KXHYPE15M-26OCT042330-30,0.0110,18.81,no
2026-10-05T03:27:26.092346Z,KXHYPE15M-26OCT042330-30,0.0100,2.00,no
2026-10-05T03:27:26.092346Z,KXHYPE15M-26OCT042330-30,0.0100,25.00,no
2026-10-05T03:27:26.092346Z,KXHYPE15M-26OCT042330-30,0.0100,195.00,no
2026-10-05T03:27:26.092346Z,KXHYPE15M-26OCT042330-30,0.0110,40.00,no
2026-10-05T03:27:28.503856Z,KXHYPE15M-26OCT042330-30,0.0160,5.84,yes
2026-10-05T03:27:28.678293Z,KXHYPE15M-26OCT042330-30,0.0110,5.84,no
2026-10-05T03:27:31.658663Z,KXHYPE15M-26OCT042330-30,0.0090,0.03,no
2026-10-05T03:27:31.658663Z,KXHYPE15M-26OCT042330-30,0.0080,0.03,no
2026-10-05T03:27:31.658663Z,KXHYPE15M-26OCT042330-30,0.0050,60.00,no
2026-10-05T03:27:31.658663Z,KXHYPE15M-26OCT042330-30,0.0080,2.00,no
2026-10-05T03:27:31.658663Z,KXHYPE15M-26OCT042330-30,0.0090,2.00,no
2026-10-05T03:27:31.658663Z,KXHYPE15M-26OCT042330-30,0.0050,4.00,no
2026-10-05T03:27:31.658663Z,KXHYPE15M-26OCT042330-30,0.0040,74.88,no
2026-10-05T03:27:31.658663Z,KXHYPE15M-26OCT042330-30,0.0050,0.03,no
2026-10-05T03:27:34.994495Z,KXHYPE15M-26OCT042330-30,0.0100,93.51,yes
2026-10-05T03:27:38.355945Z,KXHYPE15M-26OCT042330-30,0.0080,3.43,yes
2026-10-05T03:27:38.432525Z,KXHYPE15M-26OCT042330-30,0.0090,0.02,yes
2026-10-05T03:27:38.432525Z,KXHYPE15M-26OCT042330-30,0.0090,0.03,yes
2026-10-05T03:27:38.432525Z,KXHYPE15M-26OCT042330-30,0.0080,0.02,yes
2026-10-05T03:27:38.432525Z,KXHYPE15M-26OCT042330-30,0.0140,0.03,yes
2026-10-05T03:27:38.432525Z,KXHYPE15M-26OCT042330-30,0.0130,0.03,yes
2026-10-05T03:27:38.432525Z,KXHYPE15M-26OCT042330-30,0.0080,71.45,yes
2026-10-05T03:27:38.432525Z,KXHYPE15M-26OCT042330-30,0.0080,0.03,yes
2026-10-05T03:27:38.432525Z,KXHYPE15M-26OCT042330-30,0.0100,25.00,yes
2026-10-05T03:27:38.432525Z,KXHYPE15M-26OCT042330-30,0.0150,41.29,yes
2026-10-05T03:27:38.432525Z,KXHYPE15M-26OCT042330-30,0.0110,0.03,yes
2026-10-05T03:27:38.432525Z,KXHYPE15M-26OCT042330-30,0.0100,0.02,yes
2026-10-05T03:27:38.432525Z,KXHYPE15M-26OCT042330-30,0.0140,0.03,yes
2026-10-05T03:27:38.432525Z,KXHYPE15M-26OCT042330-30,0.0120,0.03,yes
2026-10-05T03:27:38.432525Z,KXHYPE15M-26OCT042330-30,0.0120,0.02,yes
2026-10-05T03:27:38.432525Z,KXHYPE15M-26OCT042330-30,0.0110,0.02,yes
2026-10-05T03:27:38.432525Z,KXHYPE15M-26OCT042330-30,0.0130,0.03,yes
2026-10-05T03:27:38.432525Z,KXHYPE15M-26OCT042330-30,0.0100,36.49,yes
2026-10-05T03:27:38.432525Z,KXHYPE15M-26OCT042330-30,0.0100,0.03,yes
2026-10-05T03:27:38.432525Z,KXHYPE15M-26OCT042330-30,0.0150,0.02,yes
2026-10-05T03:27:38.432525Z,KXHYPE15M-26OCT042330-30,0.0150,2.00,yes
2026-10-05T03:27:38.432525Z,KXHYPE15M-26OCT042330-30,0.0150,0.03,yes
2026-10-05T03:27:46.556881Z,KXHYPE15M-26OCT042330-30,0.0150,0.03,yes
2026-10-05T03:27:46.556881Z,KXHYPE15M-26OCT042330-30,0.0150,0.02,yes
2026-10-05T03:27:46.556881Z,KXHYPE15M-26OCT042330-30,0.0150,48.00,yes
2026-10-05T03:27:46.556881Z,KXHYPE15M-26OCT042330-30,0.0150,7.01,yes
2026-10-05T03:27:50.338767Z,KXHYPE15M-26OCT042330-30,0.0060,0.49,no
2026-10-05T03:27:50.338767Z,KXHYPE15M-26OCT042330-30,0.0070,0.03,no
2026-10-05T03:27:50.338767Z,KXHYPE15M-26OCT042330-30,0.0070,2.00,no
2026-10-05T03:27:52.806505Z,KXHYPE15M-26OCT042330-30,0.0060,0.03,no
2026-10-05T03:27:52.806505Z,KXHYPE15M-26OCT042330-30,0.0060,1.98,no
2026-10-05T03:27:55.077869Z,KXHYPE15M-26OCT042330-30,0.0050,0.03,no
2026-10-05T03:27:55.077869Z,KXHYPE15M-26OCT042330-30,0.0050,2.00,no
2026-10-05T03:27:55.077869Z,KXHYPE15M-26OCT042330-30,0.0050,60.00,no
2026-10-05T03:28:00.268397Z,KXHYPE15M-26OCT042330-30,0.0150,0.03,yes
2026-10-05T03:28:00.268397Z,KXHYPE15M-26OCT042330-30,0.0140,0.02,yes
2026-10-05T03:28:00.268397Z,KXHYPE15M-26OCT042330-30,0.0140,0.03,yes
2026-10-05T03:28:00.268397Z,KXHYPE15M-26OCT042330-30,0.0140,2.00,yes
2026-10-05T03:28:00.268397Z,KXHYPE15M-26OCT042330-30,0.0150,0.02,yes
2026-10-05T03:28:00.268397Z,KXHYPE15M-26OCT042330-30,0.0080,100.00,yes
2026-10-05T03:28:00.268397Z,KXHYPE15M-26OCT042330-30,0.0150,0.82,yes
2026-10-05T03:28:00.268397Z,KXHYPE15M-26OCT042330-30,0.0070,1.00,yes
2026-10-05T03:28:00.268397Z,KXHYPE15M-26OCT042330-30,0.0130,0.04,yes
2026-10-05T03:28:00.268397Z,KXHYPE15M-26OCT042330-30,0.0110,0.03,yes
2026-10-05T03:28:00.268397Z,KXHYPE15M-26OCT042330-30,0.0120,0.03,yes
2026-10-05T03:28:00.268397Z,KXHYPE15M-26OCT042330-30,0.0120,0.04,yes
2026-10-05T03:28:00.268397Z,KXHYPE15M-26OCT042330-30,0.0110,0.03,yes
2026-10-05T03:28:00.268397Z,KXHYPE15M-26OCT042330-30,0.0090,0.03,yes
2026-10-05T03:28:00.268397Z,KXHYPE15M-26OCT042330-30,0.0100,0.03,yes
2026-10-05T03:28:00.268397Z,KXHYPE15M-26OCT042330-30,0.0090,0.03,yes
2026-10-05T03:28:00.268397Z,KXHYPE15M-26OCT042330-30,0.0100,0.03,yes
2026-10-05T03:28:00.268397Z,KXHYPE15M-26OCT042330-30,0.0080,0.02,yes
2026-10-05T03:28:00.268397Z,KXHYPE15M-26OCT042330-30,0.0080,0.03,yes
2026-10-05T03:28:00.268397Z,KXHYPE15M-26OCT042330-30,0.0130,0.03,yes
2026-10-05T03:28:00.268397Z,KXHYPE15M-26OCT042330-30,0.0130,2.00,yes
2026-10-05T03:28:00.855246Z,KXHYPE15M-26OCT042330-30,0.0070,1.00,no
2026-10-05T03:28:01.074817Z,KXHYPE15M-26OCT042330-30,0.0060,2.00,no
2026-10-05T03:28:01.074817Z,KXHYPE15M-26OCT042330-30,0.0070,1.00,no
2026-10-05T03:28:01.074817Z,KXHYPE15M-26OCT042330-30,0.0050,58.00,no
2026-10-05T03:28:01.634734Z,KXHYPE15M-26OCT042330-30,0.0040,2.00,no
2026-10-05T03:28:01.926982Z,KXHYPE15M-26OCT042330-30,0.0100,3.25,yes
2026-10-05T03:28:01.926982Z,KXHYPE15M-26OCT042330-30,0.0100,0.03,yes
2026-10-05T03:28:01.926982Z,KXHYPE15M-26OCT042330-30,0.0090,100.00,yes
2026-10-05T03:28:01.926982Z,KXHYPE15M-26OCT042330-30,0.0090,0.03,yes
2026-10-05T03:28:01.926982Z,KXHYPE15M-26OCT042330-30,0.0090,0.02,yes
2026-10-05T03:28:01.926982Z,KXHYPE15M-26OCT042330-30,0.0100,0.02,yes
2026-10-05T03:28:02.395306Z,KXHYPE15M-26OCT042330-30,0.0150,1.99,yes
2026-10-05T03:28:02.395306Z,KXHYPE15M-26OCT042330-30,0.0130,2.00,yes
2026-10-05T03:28:02.395306Z,KXHYPE15M-26OCT042330-30,0.0120,0.03,yes
2026-10-05T03:28:02.395306Z,KXHYPE15M-26OCT042330-30,0.0140,0.04,yes
2026-10-05T03:28:02.395306Z,KXHYPE15M-26OCT042330-30,0.0120,2.00,yes
2026-10-05T03:28:02.395306Z,KXHYPE15M-26OCT042330-30,0.0130,0.04,yes
2026-10-05T03:28:02.395306Z,KXHYPE15M-26OCT042330-30,0.0110,0.03,yes
2026-10-05T03:28:06.881671Z,KXHYPE15M-26OCT042330-30,0.0050,0.03,no
2026-10-05T03:28:06.881671Z,KXHYPE15M-26OCT042330-30,0.0050,2.00,no
2026-10-05T03:28:08.263507Z,KXHYPE15M-26OCT042330-30,0.0030,208.97,no
2026-10-05T03:28:08.263507Z,KXHYPE15M-26OCT042330-30,0.0040,0.03,no
2026-10-05T03:28:08.263507Z,KXHYPE15M-26OCT042330-30,0.0040,2.00,no
2026-10-05T03:28:08.263507Z,KXHYPE15M-26OCT042330-30,0.0040,1.00,no
2026-10-05T03:28:11.144628Z,KXHYPE15M-26OCT042330-30,0.0030,3.00,no
2026-10-05T03:28:17.250261Z,KXHYPE15M-26OCT042330-30,0.0030,1.00,no
2026-10-05T03:28:21.909487Z,KXHYPE15M-26OCT042330-30,0.0030,14.00,no
2026-10-05T03:28:24.352008Z,KXHYPE15M-26OCT042330-30,0.0030,2.00,no
2026-10-05T03:28:24.617291Z,KXHYPE15M-26OCT042330-30,0.0040,229.04,yes
2026-10-05T03:28:28.078084Z,KXHYPE15M-26OCT042330-30,0.0030,3.00,no
2026-10-05T03:28:29.716549Z,KXHYPE15M-26OCT042330-30,0.0030,0.03,no
2026-10-05T03:28:29.716549Z,KXHYPE15M-26OCT042330-30,0.0030,2.00,no
2026-10-05T03:28:29.716549Z,KXHYPE15M-26OCT042330-30,0.0030,18.03,no
2026-10-05T03:28:30.556125Z,KXHYPE15M-26OCT042330-30,0.0020,53.00,no
2026-10-05T03:28:31.380836Z,KXHYPE15M-26OCT042330-30,0.0020,30.00,no
2026-10-05T03:28:31.71251Z,KXHYPE15M-26OCT042330-30,0.0020,3.00,no
2026-10-05T03:28:31.71251Z,KXHYPE15M-26OCT042330-30,0.0020,3.00,no
2026-10-05T03:28:31.71251Z,KXHYPE15M-26OCT042330-30,0.0020,26.00,no
2026-10-05T03:28:31.71251Z,KXHYPE15M-26OCT042330-30,0.0020,3.00,no
2026-10-05T03:28:31.71251Z,KXHYPE15M-26OCT042330-30,0.0020,3.00,no
2026-10-05T03:28:31.71251Z,KXHYPE15M-26OCT042330-30,0.0020,3.00,no
2026-10-05T03:28:31.71251Z,KXHYPE15M-26OCT042330-30,0.0020,1.00,no
2026-10-05T03:28:31.71251Z,KXHYPE15M-26OCT042330-30,0.0020,0.82,no
2026-10-05T03:28:31.71251Z,KXHYPE15M-26OCT042330-30,0.0020,400.00,no
2026-10-05T03:28:31.71251Z,KXHYPE15M-26OCT042330-30,0.0020,17.00,no
2026-10-05T03:28:31.71251Z,KXHYPE15M-26OCT042330-30,0.0020,20.00,no
2026-10-05T03:28:31.71251Z,KXHYPE15M-26OCT042330-30,0.0020,500.00,no
2026-10-05T03:28:34.076831Z,KXHYPE15M-26OCT042330-30,0.0010,1.00,no
2026-10-05T03:28:37.331451Z,KXHYPE15M-26OCT042330-30,0.0020,45.80,yes
2026-10-05T03:28:38.091311Z,KXHYPE15M-26OCT042330-30,0.0010,2.00,no
2026-10-05T03:28:41.829997Z,KXHYPE15M-26OCT042330-30,0.0010,3.00,no
2026-10-05T03:28:43.210155Z,KXHYPE15M-26OCT042330-30,0.0010,308.00,no
2026-10-05T03:28:43.453393Z,KXHYPE15M-26OCT042330-30,0.0010,186.00,no
2026-10-05T03:28:43.453393Z,KXHYPE15M-26OCT042330-30,0.0010,84.00,no
2026-10-05T03:28:44.540684Z,KXHYPE15M-26OCT042330-30,0.0010,52.24,no
2026-10-05T03:28:45.352896Z,KXHYPE15M-26OCT042330-30,0.0010,52.24,no
2026-10-05T03:28:46.132974Z,KXHYPE15M-26OCT042330-30,0.0010,52.24,no
2026-10-05T03:28:46.912315Z,KXHYPE15M-26OCT042330-30,0.0010,1.00,no
2026-10-05T03:28:46.912315Z,KXHYPE15M-26OCT042330-30,0.0010,39.28,no
2026-10-05T03:28:46.912315Z,KXHYPE15M-26OCT042330-30,0.0010,1.00,no
2026-10-05T03:28:46.912315Z,KXHYPE15M-26OCT042330-30,0.0010,10.97,no
2026-10-05T03:28:48.321335Z,KXHYPE15M-26OCT042330-30,0.0010,3.00,no
2026-10-05T03:28:49.039598Z,KXHYPE15M-26OCT042330-30,0.0010,1.00,no
2026-10-05T03:28:50.697018Z,KXHYPE15M-26OCT042330-30,0.0010,5.98,no
2026-10-05T03:28:50.697018Z,KXHYPE15M-26OCT042330-30,0.0010,5.03,no
2026-10-05T03:28:51.483919Z,KXHYPE15M-26OCT042330-30,0.0010,1.00,no
2026-10-05T03:28:51.483919Z,KXHYPE15M-26OCT042330-30,0.0010,0.50,no
2026-10-05T03:28:51.483919Z,KXHYPE15M-26OCT042330-30,0.0010,2.00,no
2026-10-05T03:28:52.076476Z,KXHYPE15M-26OCT042330-30,0.0010,2.00,yes
2026-10-05T03:28:52.076476Z,KXHYPE15M-26OCT042330-30,0.0010,487.53,yes
2026-10-05T03:28:52.076476Z,KXHYPE15M-26OCT042330-30,0.0010,3.00,yes
2026-10-05T03:28:57.882994Z,KXHYPE15M-26OCT042330-30,0.0010,467.36,yes
2026-10-05T03:29:04.045919Z,KXHYPE15M-26OCT042330-30,0.0010,300.00,yes
2026-10-05T03:29:04.045919Z,KXHYPE15M-26OCT042330-30,0.0010,500.00,yes
2026-10-05T03:29:04.045919Z,KXHYPE15M-26OCT042330-30,0.0010,18.03,yes
2026-10-05T03:29:04.045919Z,KXHYPE15M-26OCT042330-30,0.0020,1.00,yes
2026-10-05T03:29:04.045919Z,KXHYPE15M-26OCT042330-30,0.0020,0.03,yes
2026-10-05T03:29:04.045919Z,KXHYPE15M-26OCT042330-30,0.0020,5.00,yes
2026-10-05T03:29:04.045919Z,KXHYPE15M-26OCT042330-30,0.0020,2.00,yes
2026-10-05T03:29:04.045919Z,KXHYPE15M-26OCT042330-30,0.0020,35.71,yes
2026-10-05T03:29:04.045919Z,KXHYPE15M-26OCT042330-30,0.0020,3.00,yes
2026-10-05T03:29:04.045919Z,KXHYPE15M-26OCT042330-30,0.0010,15.11,yes
2026-10-05T03:29:04.045919Z,KXHYPE15M-26OCT042330-30,0.0010,5.98,yes
2026-10-05T03:29:04.13807Z,KXHYPE15M-26OCT042330-30,0.0010,26.00,no
2026-10-05T03:29:04.13807Z,KXHYPE15M-26OCT042330-30,0.0010,35.00,no
2026-10-05T03:29:04.13807Z,KXHYPE15M-26OCT042330-30,0.0010,1.00,no
2026-10-05T03:29:04.13807Z,KXHYPE15M-26OCT042330-30,0.0010,3.00,no
2026-10-05T03:29:04.13807Z,KXHYPE15M-26OCT042330-30,0.0010,2.00,no
2026-10-05T03:29:04.254533Z,KXHYPE15M-26OCT042330-30,0.0010,0.71,no
2026-10-05T03:29:25.099533Z,KXHYPE15M-26OCT042330-30,0.0010,9.20,yes
2026-10-05T03:29:43.553558Z,KXHYPE15M-26OCT042330-30,0.0010,2.80,yes
2026-10-05T03:29:43.553558Z,KXHYPE15M-26OCT042330-30,0.0010,1818.60,yes
2026-10-05T03:29:43.553558Z,KXHYPE15M-26OCT042330-30,0.0010,10.50,yes
2026-10-05T03:26:40.731117Z,KXSILVER15M-26OCT042330-30,0.9800,4.27,no
2026-10-05T03:26:41.485025Z,KXSILVER15M-26OCT042330-30,0.9800,30.88,no
2026-10-05T03:26:44.519033Z,KXSILVER15M-26OCT042330-30,0.9800,1.00,no
2026-10-05T03:26:44.519033Z,KXSILVER15M-26OCT042330-30,0.9800,44.79,no
2026-10-05T03:26:44.519033Z,KXSILVER15M-26OCT042330-30,0.9800,1.00,no
2026-10-05T03:26:46.046675Z,KXSILVER15M-26OCT042330-30,0.9850,5.09,yes
2026-10-05T03:26:47.141279Z,KXSILVER15M-26OCT042330-30,0.9800,4.67,no
2026-10-05T03:26:50.388356Z,KXSILVER15M-26OCT042330-30,0.9860,1.00,yes
2026-10-05T03:26:50.388356Z,KXSILVER15M-26OCT042330-30,0.9880,0.01,yes
2026-10-05T03:26:52.342304Z,KXSILVER15M-26OCT042330-30,0.9800,2.82,no
2026-10-05T03:26:52.342304Z,KXSILVER15M-26OCT042330-30,0.9850,0.01,no
2026-10-05T03:26:52.342304Z,KXSILVER15M-26OCT042330-30,0.9820,22.00,no
2026-10-05T03:26:53.859483Z,KXSILVER15M-26OCT042330-30,0.9830,10.78,no
2026-10-05T03:26:55.898156Z,KXSILVER15M-26OCT042330-30,0.9830,11.01,no
2026-10-05T03:26:57.871229Z,KXSILVER15M-26OCT042330-30,0.9880,8.56,yes
2026-10-05T03:26:57.871229Z,KXSILVER15M-26OCT042330-30,0.9880,12.99,yes
2026-10-05T03:26:58.652519Z,KXSILVER15M-26OCT042330-30,0.9830,94.01,no
2026-10-05T03:26:58.652519Z,KXSILVER15M-26OCT042330-30,0.9850,12.99,no
2026-10-05T03:26:58.946348Z,KXSILVER15M-26OCT042330-30,0.9880,1.44,yes
2026-10-05T03:26:58.946348Z,KXSILVER15M-26OCT042330-30,0.9880,1.00,yes
2026-10-05T03:26:58.946348Z,KXSILVER15M-26OCT042330-30,0.9880,7.67,yes
2026-10-05T03:27:00.764198Z,KXSILVER15M-26OCT042330-30,0.9880,19.18,yes
2026-10-05T03:27:00.764198Z,KXSILVER15M-26OCT042330-30,0.9880,0.89,yes
2026-10-05T03:27:03.099026Z,KXSILVER15M-26OCT042330-30,0.9880,29.39,no
2026-10-05T03:27:04.91489Z,KXSILVER15M-26OCT042330-30,0.9880,2.58,no
2026-10-05T03:27:08.997343Z,KXSILVER15M-26OCT042330-30,0.9880,77.94,no
2026-10-05T03:27:11.636361Z,KXSILVER15M-26OCT042330-30,0.9890,4.79,yes
2026-10-05T03:27:11.65314Z,KXSILVER15M-26OCT042330-30,0.9890,4.79,yes
2026-10-05T03:27:11.65314Z,KXSILVER15M-26OCT042330-30,0.9890,2.00,yes
2026-10-05T03:27:11.65314Z,KXSILVER15M-26OCT042330-30,0.9890,8.21,yes
2026-10-05T03:27:11.68902Z,KXSILVER15M-26OCT042330-30,0.9850,8.21,no
2026-10-05T03:27:11.68902Z,KXSILVER15M-26OCT042330-30,0.9850,4.79,no
2026-10-05T03:27:11.68902Z,KXSILVER15M-26OCT042330-30,0.9880,150.00,no
2026-10-05T03:27:11.68902Z,KXSILVER15M-26OCT042330-30,0.9850,1.00,no
2026-10-05T03:27:11.68902Z,KXSILVER15M-26OCT042330-30,0.9840,10.00,no
2026-10-05T03:27:11.68902Z,KXSILVER15M-26OCT042330-30,0.9830,126.74,no
2026-10-05T03:27:11.68902Z,KXSILVER15M-26OCT042330-30,0.9860,24.00,no
2026-10-05T03:27:11.942945Z,KXSILVER15M-26OCT042330-30,0.9890,1.00,yes
2026-10-05T03:27:14.000938Z,KXSILVER15M-26OCT042330-30,0.9840,50.00,no
2026-10-05T03:27:14.000938Z,KXSILVER15M-26OCT042330-30,0.9830,2.20,no
2026-10-05T03:27:16.339836Z,KXSILVER15M-26OCT042330-30,0.9820,60.00,no
2026-10-05T03:27:16.339836Z,KXSILVER15M-26OCT042330-30,0.9820,30.00,no
2026-10-05T03:27:16.339836Z,KXSILVER15M-26OCT042330-30,0.9820,1913.92,no
2026-10-05T03:27:16.339836Z,KXSILVER15M-26OCT042330-30,0.9830,9.00,no
2026-10-05T03:27:16.339836Z,KXSILVER15M-26OCT042330-30,0.9860,23.00,no
2026-10-05T03:27:16.339836Z,KXSILVER15M-26OCT042330-30,0.9880,150.00,no
2026-10-05T03:27:19.528266Z,KXSILVER15M-26OCT042330-30,0.9850,34.30,no
2026-10-05T03:27:19.528266Z,KXSILVER15M-26OCT042330-30,0.9860,30.00,no
2026-10-05T03:27:21.006212Z,KXSILVER15M-26OCT042330-30,0.9860,26.00,no
2026-10-05T03:27:21.006212Z,KXSILVER15M-26OCT042330-30,0.9800,90.00,no
2026-10-05T03:27:21.006212Z,KXSILVER15M-26OCT042330-30,0.9800,237.99,no
2026-10-05T03:27:21.006212Z,KXSILVER15M-26OCT042330-30,0.9850,115.70,no
2026-10-05T03:27:21.006212Z,KXSILVER15M-26OCT042330-30,0.9800,8.00,no
2026-10-05T03:27:21.006212Z,KXSILVER15M-26OCT042330-30,0.9800,10.00,no
2026-10-05T03:27:21.833856Z,KXSILVER15M-26OCT042330-30,0.9890,70.41,yes
2026-10-05T03:27:21.833856Z,KXSILVER15M-26OCT042330-30,0.9890,2.00,yes
2026-10-05T03:27:21.833856Z,KXSILVER15M-26OCT042330-30,0.9890,1.00,yes
2026-10-05T03:27:21.833856Z,KXSILVER15M-26OCT042330-30,0.9890,20.00,yes
2026-10-05T03:27:21.833856Z,KXSILVER15M-26OCT042330-30,0.9890,4.21,yes
2026-10-05T03:27:21.833856Z,KXSILVER15M-26OCT042330-30,0.9890,100.00,yes
2026-10-05T03:27:22.126208Z,KXSILVER15M-26OCT042330-30,0.9890,20.00,yes
2026-10-05T03:27:24.565827Z,KXSILVER15M-26OCT042330-30,0.9890,60.00,yes
2026-10-05T03:27:25.738446Z,KXSILVER15M-26OCT042330-30,0.9890,23.59,yes
2026-10-05T03:27:25.738446Z,KXSILVER15M-26OCT042330-30,0.9890,10.00,yes
2026-10-05T03:27:25.738446Z,KXSILVER15M-26OCT042330-30,0.9900,14.06,yes
2026-10-05T03:27:26.210805Z,KXSILVER15M-26OCT042330-30,0.9900,172.72,yes
2026-10-05T03:27:26.427103Z,KXSILVER15M-26OCT042330-30,0.9900,1.00,yes
2026-10-05T03:27:26.427103Z,KXSILVER15M-26OCT042330-30,0.9900,13.22,yes
2026-10-05T03:27:26.427103Z,KXSILVER15M-26OCT042330-30,0.9900,5.57,yes
2026-10-05T03:27:26.689748Z,KXSILVER15M-26OCT042330-30,0.9900,2.39,yes
2026-10-05T03:27:26.689748Z,KXSILVER15M-26OCT042330-30,0.9900,4.18,yes
2026-10-05T03:27:26.689748Z,KXSILVER15M-26OCT042330-30,0.9900,2.00,yes
2026-10-05T03:27:26.689748Z,KXSILVER15M-26OCT042330-30,0.9900,19.43,yes
2026-10-05T03:27:26.797985Z,KXSILVER15M-26OCT042330-30,0.9890,17.00,no
2026-10-05T03:27:26.99858Z,KXSILVER15M-26OCT042330-30,0.9900,0.26,yes
2026-10-05T03:27:26.99858Z,KXSILVER15M-26OCT042330-30,0.9900,24.74,yes
2026-10-05T03:27:27.10667Z,KXSILVER15M-26OCT042330-30,0.9900,0.26,yes
2026-10-05T03:27:27.680653Z,KXSILVER15M-26OCT042330-30,0.9920,100.00,yes
2026-10-05T03:27:27.721427Z,KXSILVER15M-26OCT042330-30,0.9930,150.00,yes
2026-10-05T03:27:27.721427Z,KXSILVER15M-26OCT042330-30,0.9950,6.00,yes
2026-10-05T03:27:27.721427Z,KXSILVER15M-26OCT042330-30,0.9940,70.00,yes
2026-10-05T03:27:27.995133Z,KXSILVER15M-26OCT042330-30,0.9950,6.00,yes
2026-10-05T03:27:27.995133Z,KXSILVER15M-26OCT042330-30,0.9940,52.00,yes
2026-10-05T03:27:29.707096Z,KXSILVER15M-26OCT042330-30,0.9910,52.00,no
2026-10-05T03:27:29.707096Z,KXSILVER15M-26OCT042330-30,0.9900,9.93,no
2026-10-05T03:27:29.907556Z,KXSILVER15M-26OCT042330-30,0.9930,150.00,yes
2026-10-05T03:27:29.907556Z,KXSILVER15M-26OCT042330-30,0.9940,60.00,yes
2026-10-05T03:27:29.952981Z,KXSILVER15M-26OCT042330-30,0.9910,2.07,no
2026-10-05T03:27:30.199597Z,KXSILVER15M-26OCT042330-30,0.9950,80.00,yes
2026-10-05T03:27:30.377242Z,KXSILVER15M-26OCT042330-30,0.9950,20.62,yes
2026-10-05T03:27:32.181681Z,KXSILVER15M-26OCT042330-30,0.9970,1.00,yes
2026-10-05T03:27:32.669157Z,KXSILVER15M-26OCT042330-30,0.9940,150.00,yes
2026-10-05T03:27:35.178116Z,KXSILVER15M-26OCT042330-30,0.9950,150.00,yes
2026-10-05T03:27:35.355757Z,KXSILVER15M-26OCT042330-30,0.9970,0.99,yes
2026-10-05T03:27:37.44222Z,KXSILVER15M-26OCT042330-30,0.9950,70.41,yes
2026-10-05T03:27:37.442534Z,KXSILVER15M-26OCT042330-30,0.9950,60.00,yes
2026-10-05T03:27:37.44363Z,KXSILVER15M-26OCT042330-30,0.9950,19.59,yes
2026-10-05T03:27:38.476894Z,KXSILVER15M-26OCT042330-30,0.9970,5.01,yes
2026-10-05T03:27:39.749367Z,KXSILVER15M-26OCT042330-30,0.9950,5.01,no
2026-10-05T03:27:39.749367Z,KXSILVER15M-26OCT042330-30,0.9950,25.00,no
2026-10-05T03:27:39.871106Z,KXSILVER15M-26OCT042330-30,0.9950,0.01,yes
2026-10-05T03:27:39.871106Z,KXSILVER15M-26OCT042330-30,0.9950,969.99,yes
2026-10-05T03:27:39.871106Z,KXSILVER15M-26OCT042330-30,0.9950,150.00,yes
2026-10-05T03:27:43.142277Z,KXSILVER15M-26OCT042330-30,0.9950,1.00,yes
2026-10-05T03:27:43.142277Z,KXSILVER15M-26OCT042330-30,0.9950,150.00,yes
2026-10-05T03:27:50.493945Z,KXSILVER15M-26OCT042330-30,0.9950,5.57,no
2026-10-05T03:27:50.493945Z,KXSILVER15M-26OCT042330-30,0.9950,19.43,no
2026-10-05T03:27:50.493945Z,KXSILVER15M-26OCT042330-30,0.9940,1.00,no
2026-10-05T03:27:50.493945Z,KXSILVER15M-26OCT042330-30,0.9950,0.26,no
2026-10-05T03:27:50.493945Z,KXSILVER15M-26OCT042330-30,0.9950,24.74,no
2026-10-05T03:27:50.493945Z,KXSILVER15M-26OCT042330-30,0.9950,68.00,no
2026-10-05T03:27:50.493945Z,KXSILVER15M-26OCT042330-30,0.9940,0.99,no
2026-10-05T03:27:50.493945Z,KXSILVER15M-26OCT042330-30,0.9920,39.74,no
2026-10-05T03:27:52.787699Z,KXSILVER15M-26OCT042330-30,0.9940,1.01,no
2026-10-05T03:27:59.513848Z,KXSILVER15M-26OCT042330-30,0.9950,16.49,no
2026-10-05T03:27:59.966886Z,KXSILVER15M-26OCT042330-30,0.9950,1.02,no
2026-10-05T03:28:01.197002Z,KXSILVER15M-26OCT042330-30,0.9960,1.00,yes
2026-10-05T03:28:01.197002Z,KXSILVER15M-26OCT042330-30,0.9960,150.00,yes
2026-10-05T03:28:01.197002Z,KXSILVER15M-26OCT042330-30,0.9960,6.00,yes
2026-10-05T03:28:01.197002Z,KXSILVER15M-26OCT042330-30,0.9960,4.27,yes
2026-10-05T03:28:01.197002Z,KXSILVER15M-26OCT042330-30,0.9970,123.60,yes
2026-10-05T03:28:03.275668Z,KXSILVER15M-26OCT042330-30,0.9960,1.00,yes
2026-10-05T03:28:03.284823Z,KXSILVER15M-26OCT042330-30,0.9960,149.00,yes
2026-10-05T03:28:05.051209Z,KXSILVER15M-26OCT042330-30,0.9970,6.00,yes
2026-10-05T03:28:05.051209Z,KXSILVER15M-26OCT042330-30,0.9980,374.60,yes
2026-10-05T03:28:05.051209Z,KXSILVER15M-26OCT042330-30,0.9970,119.40,yes
2026-10-05T03:28:05.202203Z,KXSILVER15M-26OCT042330-30,0.9980,4.90,yes
2026-10-05T03:28:05.22846Z,KXSILVER15M-26OCT042330-30,0.9980,212.00,yes
2026-10-05T03:28:05.260838Z,KXSILVER15M-26OCT042330-30,0.9960,1.00,no
2026-10-05T03:28:05.309819Z,KXSILVER15M-26OCT042330-30,0.9960,39.00,no
2026-10-05T03:28:05.309819Z,KXSILVER15M-26OCT042330-30,0.9910,8.07,no
2026-10-05T03:28:05.309819Z,KXSILVER15M-26OCT042330-30,0.9930,25.00,no
2026-10-05T03:28:05.309819Z,KXSILVER15M-26OCT042330-30,0.9920,25.00,no
2026-10-05T03:28:05.309819Z,KXSILVER15M-26OCT042330-30,0.9940,25.00,no
2026-10-05T03:28:05.309819Z,KXSILVER15M-26OCT042330-30,0.9950,25.00,no
2026-10-05T03:28:05.309819Z,KXSILVER15M-26OCT042330-30,0.9950,123.60,no
2026-10-05T03:28:05.309819Z,KXSILVER15M-26OCT042330-30,0.9950,25.00,no
2026-10-05T03:28:05.309819Z,KXSILVER15M-26OCT042330-30,0.9950,25.00,no
2026-10-05T03:28:05.309819Z,KXSILVER15M-26OCT042330-30,0.9950,25.00,no
2026-10-05T03:28:05.309819Z,KXSILVER15M-26OCT042330-30,0.9950,25.00,no
2026-10-05T03:28:05.309819Z,KXSILVER15M-26OCT042330-30,0.9960,119.40,no
2026-10-05T03:28:05.517552Z,KXSILVER15M-26OCT042330-30,0.9960,150.00,yes
2026-10-05T03:28:05.761018Z,KXSILVER15M-26OCT042330-30,0.9930,1.00,no
2026-10-05T03:28:07.244127Z,KXSILVER15M-26OCT042330-30,0.9970,18.00,no
2026-10-05T03:28:07.746526Z,KXSILVER15M-26OCT042330-30,0.9960,13.00,no
2026-10-05T03:28:08.397933Z,KXSILVER15M-26OCT042330-30,0.9950,11.00,yes
2026-10-05T03:28:09.381851Z,KXSILVER15M-26OCT042330-30,0.9940,140.24,no
2026-10-05T03:28:10.063478Z,KXSILVER15M-26OCT042330-30,0.9970,2.00,yes
2026-10-05T03:28:10.063478Z,KXSILVER15M-26OCT042330-30,0.9960,1.00,yes
2026-10-05T03:28:11.309126Z,KXSILVER15M-26OCT042330-30,0.9960,1.00,no
2026-10-05T03:28:12.825026Z,KXSILVER15M-26OCT042330-30,0.9960,1.00,no
2026-10-05T03:28:14.36585Z,KXSILVER15M-26OCT042330-30,0.9960,1.00,no
2026-10-05T03:28:14.910961Z,KXSILVER15M-26OCT042330-30,0.9940,8.00,no
2026-10-05T03:28:15.932196Z,KXSILVER15M-26OCT042330-30,0.9960,1.00,no
2026-10-05T03:28:20.338328Z,KXSILVER15M-26OCT042330-30,0.9970,6.00,yes
2026-10-05T03:28:20.338328Z,KXSILVER15M-26OCT042330-30,0.9970,1.00,yes
2026-10-05T03:28:20.338328Z,KXSILVER15M-26OCT042330-30,0.9970,2.00,yes
2026-10-05T03:28:20.338328Z,KXSILVER15M-26OCT042330-30,0.9970,2.00,yes
2026-10-05T03:28:20.338328Z,KXSILVER15M-26OCT042330-30,0.9970,2.00,yes
2026-10-05T03:28:20.338328Z,KXSILVER15M-26OCT042330-30,0.9970,2.00,yes
2026-10-05T03:28:20.338328Z,KXSILVER15M-26OCT042330-30,0.9970,2.00,yes
2026-10-05T03:28:20.338328Z,KXSILVER15M-26OCT042330-30,0.9970,8.00,yes
2026-10-05T03:28:20.411029Z,KXSILVER15M-26OCT042330-30,0.9970,39.31,no
2026-10-05T03:28:29.902853Z,KXSILVER15M-26OCT042330-30,0.9970,305.35,no
2026-10-05T03:28:32.57211Z,KXSILVER15M-26OCT042330-30,0.9980,6.89,yes
2026-10-05T03:28:35.896814Z,KXSILVER15M-26OCT042330-30,0.9980,1.00,yes
2026-10-05T03:28:39.355798Z,KXSILVER15M-26OCT042330-30,0.9960,135.54,no
2026-10-05T03:28:39.355798Z,KXSILVER15M-26OCT042330-30,0.9970,130.34,no
2026-10-05T03:28:41.373884Z,KXSILVER15M-26OCT042330-30,0.9980,0.61,yes
2026-10-05T03:28:41.373884Z,KXSILVER15M-26OCT042330-30,0.9980,182.18,yes
2026-10-05T03:28:41.740139Z,KXSILVER15M-26OCT042330-30,0.9960,54.00,no
2026-10-05T03:28:41.740139Z,KXSILVER15M-26OCT042330-30,0.9960,4.05,no
2026-10-05T03:28:42.704412Z,KXSILVER15M-26OCT042330-30,0.9980,890.00,yes
2026-10-05T03:28:44.397027Z,KXSILVER15M-26OCT042330-30,0.9960,22.00,no
2026-10-05T03:28:44.397027Z,KXSILVER15M-26OCT042330-30,0.9960,28.04,no
2026-10-05T03:28:44.397027Z,KXSILVER15M-26OCT042330-30,0.9960,36.00,no
2026-10-05T03:28:44.397027Z,KXSILVER15M-26OCT042330-30,0.9960,143.00,no
2026-10-05T03:28:55.226298Z,KXSILVER15M-26OCT042330-30,0.9960,300.00,no
2026-10-05T03:28:55.226298Z,KXSILVER15M-26OCT042330-30,0.9960,30.00,no
2026-10-05T03:28:55.226298Z,KXSILVER15M-26OCT042330-30,0.9960,22.00,no
2026-10-05T03:28:55.297946Z,KXSILVER15M-26OCT042330-30,0.9960,266.37,yes
2026-10-05T03:29:00.070208Z,KXSILVER15M-26OCT042330-30,0.9970,6.00,yes
2026-10-05T03:29:00.070208Z,KXSILVER15M-26OCT042330-30,0.9960,1.00,yes
2026-10-05T03:29:00.070208Z,KXSILVER15M-26OCT042330-30,0.9960,381.63,yes
2026-10-05T03:29:00.070208Z,KXSILVER15M-26OCT042330-30,0.9980,111.37,yes
2026-10-05T03:29:12.023531Z,KXSILVER15M-26OCT042330-30,0.9970,1.01,no
2026-10-05T03:29:15.065745Z,KXSILVER15M-26OCT042330-30,0.9980,1.00,yes
2026-10-05T03:29:15.065745Z,KXSILVER15M-26OCT042330-30,0.9980,3.00,yes
2026-10-05T03:29:15.065745Z,KXSILVER15M-26OCT042330-30,0.9980,3.00,yes
2026-10-05T03:29:15.065745Z,KXSILVER15M-26OCT042330-30,0.9980,3.00,yes
2026-10-05T03:29:15.065745Z,KXSILVER15M-26OCT042330-30,0.9980,3.00,yes
2026-10-05T03:29:15.065745Z,KXSILVER15M-26OCT042330-30,0.9980,3.00,yes
2026-10-05T03:29:15.065745Z,KXSILVER15M-26OCT042330-30,0.9980,26.00,yes
2026-10-05T03:29:15.065745Z,KXSILVER15M-26OCT042330-30,0.9980,1.00,yes
2026-10-05T03:29:15.065745Z,KXSILVER15M-26OCT042330-30,0.9980,5.00,yes
2026-10-05T03:29:15.076446Z,KXSILVER15M-26OCT042330-30,0.9990,15.00,yes
2026-10-05T03:29:15.214428Z,KXSILVER15M-26OCT042330-30,0.9980,71.64,no
2026-10-05T03:29:17.547159Z,KXSILVER15M-26OCT042330-30,0.9980,45.80,no
2026-10-05T03:29:17.557007Z,KXSILVER15M-26OCT042330-30,0.9990,142.00,yes
2026-10-05T03:29:18.648505Z,KXSILVER15M-26OCT042330-30,0.9990,106.00,yes
2026-10-05T03:29:21.933153Z,KXSILVER15M-26OCT042330-30,0.9980,60.43,no
2026-10-05T03:29:21.933153Z,KXSILVER15M-26OCT042330-30,0.9980,15.00,no
2026-10-05T03:29:21.933153Z,KXSILVER15M-26OCT042330-30,0.9980,16.74,no
2026-10-05T03:29:21.933153Z,KXSILVER15M-26OCT042330-30,0.9980,890.00,no
2026-10-05T03:29:29.033137Z,KXSILVER15M-26OCT042330-30,0.9960,18.69,no
2026-10-05T03:29:29.033137Z,KXSILVER15M-26OCT042330-30,0.9970,29.00,no
2026-10-05T03:29:29.033137Z,KXSILVER15M-26OCT042330-30,0.9970,55.99,no
2026-10-05T03:29:29.033137Z,KXSILVER15M-26OCT042330-30,0.9980,142.00,no
2026-10-05T03:29:29.033137Z,KXSILVER15M-26OCT042330-30,0.9980,50.94,no
2026-10-05T03:29:29.033137Z,KXSILVER15M-26OCT042330-30,0.9980,0.01,no
2026-10-05T03:29:29.033137Z,KXSILVER15M-26OCT042330-30,0.9980,106.00,no
2026-10-05T03:29:30.582963Z,KXSILVER15M-26OCT042330-30,0.9960,0.01,no
2026-10-05T03:29:30.582963Z,KXSILVER15M-26OCT042330-30,0.9960,22.00,no
2026-10-05T03:29:30.582963Z,KXSILVER15M-26OCT042330-30,0.9960,76.00,no
2026-10-05T03:29:30.582963Z,KXSILVER15M-26OCT042330-30,0.9960,43.00,no
2026-10-05T03:29:30.582963Z,KXSILVER15M-26OCT042330-30,0.9950,72.92,no
2026-10-05T03:29:31.472277Z,KXSILVER15M-26OCT042330-30,0.9960,1.00,no
2026-10-05T03:29:31.52102Z,KXSILVER15M-26OCT042330-30,0.9990,60.00,yes
2026-10-05T03:29:32.742745Z,KXSILVER15M-26OCT042330-30,0.9970,30.53,no
2026-10-05T03:29:36.77009Z,KXSILVER15M-26OCT042330-30,0.9980,458.01,no
2026-10-05T03:29:39.067457Z,KXSILVER15M-26OCT042330-30,0.9980,45.80,no
2026-10-05T03:29:44.264654Z,KXSILVER15M-26OCT042330-30,0.9990,177.00,yes
2026-10-05T03:29:44.264654Z,KXSILVER15M-26OCT042330-30,0.9990,1.00,yes
2026-10-05T03:29:44.264654Z,KXSILVER15M-26OCT042330-30,0.9990,15.00,yes
2026-10-05T03:29:44.264654Z,KXSILVER15M-26OCT042330-30,0.9990,10.00,yes
2026-10-05T03:29:44.264654Z,KXSILVER15M-26OCT042330-30,0.9990,117.85,yes
2026-10-05T03:29:44.264654Z,KXSILVER15M-26OCT042330-30,0.9990,1.00,yes
2026-10-05T03:29:44.264654Z,KXSILVER15M-26OCT042330-30,0.9990,1.00,yes
2026-10-05T03:29:46.175783Z,KXSILVER15M-26OCT042330-30,0.9980,4.59,no
2026-10-05T03:29:48.19776Z,KXSILVER15M-26OCT042330-30,0.9990,10.00,yes
2026-10-05T03:29:48.19776Z,KXSILVER15M-26OCT042330-30,0.9990,1.00,yes
2026-10-05T03:29:48.19776Z,KXSILVER15M-26OCT042330-30,0.9990,30.53,yes
2026-10-05T03:29:48.19776Z,KXSILVER15M-26OCT042330-30,0.9990,94.00,yes
2026-10-05T03:29:48.19776Z,KXSILVER15M-26OCT042330-30,0.9990,106.00,yes
2026-10-05T03:29:48.19776Z,KXSILVER15M-26OCT042330-30,0.9990,24.15,yes
2026-10-05T03:29:48.656559Z,KXSILVER15M-26OCT042330-30,0.9990,384.32,no
2026-10-05T03:29:48.656559Z,KXSILVER15M-26OCT042330-30,0.9990,91.00,no
2026-10-05T03:29:59.144072Z,KXSILVER15M-26OCT042330-30,0.9990,142.00,no
2026-10-05T03:29:59.144072Z,KXSILVER15M-26OCT042330-30,0.9990,45.34,no
2026-10-05T03:26:56.04052Z,KXGOLD15M-26OCT042330-30,0.9770,69.35,no
2026-10-05T03:26:56.04052Z,KXGOLD15M-26OCT042330-30,0.9770,40.69,no
2026-10-05T03:26:56.04052Z,KXGOLD15M-26OCT042330-30,0.9770,212.76,no
2026-10-05T03:26:56.04052Z,KXGOLD15M-26OCT042330-30,0.9770,5.00,no
2026-10-05T03:26:56.04052Z,KXGOLD15M-26OCT042330-30,0.9770,81.39,no
2026-10-05T03:26:56.137567Z,KXGOLD15M-26OCT042330-30,0.9780,10.00,yes
2026-10-05T03:26:56.17302Z,KXGOLD15M-26OCT042330-30,0.9780,265.01,yes
2026-10-05T03:26:56.17302Z,KXGOLD15M-26OCT042330-30,0.9780,364.21,yes
2026-10-05T03:26:56.841485Z,KXGOLD15M-26OCT042330-30,0.9790,4.18,yes
2026-10-05T03:26:57.040827Z,KXGOLD15M-26OCT042330-30,0.9770,37.43,no
2026-10-05T03:26:57.040827Z,KXGOLD15M-26OCT042330-30,0.9770,3.00,no
2026-10-05T03:26:57.313692Z,KXGOLD15M-26OCT042330-30,0.9800,430.31,yes
2026-10-05T03:26:57.313692Z,KXGOLD15M-26OCT042330-30,0.9800,11.51,yes
2026-10-05T03:26:57.313692Z,KXGOLD15M-26OCT042330-30,0.9800,56.41,yes
2026-10-05T03:26:57.313692Z,KXGOLD15M-26OCT042330-30,0.9800,1.00,yes
2026-10-05T03:26:57.313692Z,KXGOLD15M-26OCT042330-30,0.9800,100.00,yes
2026-10-05T03:26:57.764842Z,KXGOLD15M-26OCT042330-30,0.9790,50.67,yes
2026-10-05T03:26:58.42501Z,KXGOLD15M-26OCT042330-30,0.9770,81.39,no
2026-10-05T03:26:58.77253Z,KXGOLD15M-26OCT042330-30,0.9790,409.19,yes
2026-10-05T03:26:59.947293Z,KXGOLD15M-26OCT042330-30,0.9790,7.25,no
2026-10-05T03:26:59.947293Z,KXGOLD15M-26OCT042330-30,0.9790,3.00,no
2026-10-05T03:27:00.154024Z,KXGOLD15M-26OCT042330-30,0.9790,3.00,no
2026-10-05T03:27:00.154024Z,KXGOLD15M-26OCT042330-30,0.9790,2.83,no
2026-10-05T03:27:00.615835Z,KXGOLD15M-26OCT042330-30,0.9800,57.99,yes
2026-10-05T03:27:00.634063Z,KXGOLD15M-26OCT042330-30,0.9790,41.56,no
2026-10-05T03:27:00.634063Z,KXGOLD15M-26OCT042330-30,0.9790,3.00,no
2026-10-05T03:27:01.03433Z,KXGOLD15M-26OCT042330-30,0.9800,435.75,yes
2026-10-05T03:27:01.03433Z,KXGOLD15M-26OCT042330-30,0.9800,5.23,yes
2026-10-05T03:27:01.03433Z,KXGOLD15M-26OCT042330-30,0.9810,68.44,yes
2026-10-05T03:27:01.934409Z,KXGOLD15M-26OCT042330-30,0.9810,14.60,yes
2026-10-05T03:27:01.969845Z,KXGOLD15M-26OCT042330-30,0.9800,93.58,no
2026-10-05T03:27:02.131854Z,KXGOLD15M-26OCT042330-30,0.9800,46.79,no
2026-10-05T03:27:02.218342Z,KXGOLD15M-26OCT042330-30,0.9810,316.96,yes
2026-10-05T03:27:02.561824Z,KXGOLD15M-26OCT042330-30,0.9830,26.20,no
2026-10-05T03:27:02.995035Z,KXGOLD15M-26OCT042330-30,0.9830,1.00,no
2026-10-05T03:27:03.238993Z,KXGOLD15M-26OCT042330-30,0.9850,200.00,yes
2026-10-05T03:27:03.238993Z,KXGOLD15M-26OCT042330-30,0.9860,63.19,yes
2026-10-05T03:27:03.238993Z,KXGOLD15M-26OCT042330-30,0.9840,100.00,yes
2026-10-05T03:27:03.238993Z,KXGOLD15M-26OCT042330-30,0.9850,100.00,yes
2026-10-05T03:27:03.238993Z,KXGOLD15M-26OCT042330-30,0.9850,40.00,yes
2026-10-05T03:27:03.493632Z,KXGOLD15M-26OCT042330-30,0.9850,2.00,no
2026-10-05T03:27:03.548116Z,KXGOLD15M-26OCT042330-30,0.9860,19.89,yes
2026-10-05T03:27:03.659215Z,KXGOLD15M-26OCT042330-30,0.9860,8.08,yes
2026-10-05T03:27:03.659215Z,KXGOLD15M-26OCT042330-30,0.9860,16.92,yes
2026-10-05T03:27:03.725997Z,KXGOLD15M-26OCT042330-30,0.9850,9.22,no
2026-10-05T03:27:03.725997Z,KXGOLD15M-26OCT042330-30,0.9850,1.00,no
2026-10-05T03:27:03.736039Z,KXGOLD15M-26OCT042330-30,0.9850,50.08,no
2026-10-05T03:27:03.898373Z,KXGOLD15M-26OCT042330-30,0.9860,16.79,yes
2026-10-05T03:27:04.524095Z,KXGOLD15M-26OCT042330-30,0.9850,2.18,no
2026-10-05T03:27:04.574435Z,KXGOLD15M-26OCT042330-30,0.9850,20.00,no
2026-10-05T03:27:04.818716Z,KXGOLD15M-26OCT042330-30,0.9850,6.31,no
2026-10-05T03:27:04.87467Z,KXGOLD15M-26OCT042330-30,0.9860,10.50,yes
2026-10-05T03:27:05.343199Z,KXGOLD15M-26OCT042330-30,0.9860,1.01,yes
2026-10-05T03:27:05.394671Z,KXGOLD15M-26OCT042330-30,0.9860,2.02,yes
2026-10-05T03:27:05.546511Z,KXGOLD15M-26OCT042330-30,0.9850,24.65,no
2026-10-05T03:27:06.117947Z,KXGOLD15M-26OCT042330-30,0.9850,311.83,no
2026-10-05T03:27:06.280727Z,KXGOLD15M-26OCT042330-30,0.9850,55.00,no
2026-10-05T03:27:06.323588Z,KXGOLD15M-26OCT042330-30,0.9850,51.43,no
2026-10-05T03:27:06.722621Z,KXGOLD15M-26OCT042330-30,0.9860,3.07,yes
2026-10-05T03:27:06.743529Z,KXGOLD15M-26OCT042330-30,0.9850,3.98,no
2026-10-05T03:27:06.947523Z,KXGOLD15M-26OCT042330-30,0.9860,20.00,yes
2026-10-05T03:27:06.987377Z,KXGOLD15M-26OCT042330-30,0.9860,0.03,yes
2026-10-05T03:27:07.726921Z,KXGOLD15M-26OCT042330-30,0.9850,100.00,no
2026-10-05T03:27:07.726921Z,KXGOLD15M-26OCT042330-30,0.9850,113.96,no
2026-10-05T03:27:07.726921Z,KXGOLD15M-26OCT042330-30,0.9850,3.00,no
2026-10-05T03:27:07.726921Z,KXGOLD15M-26OCT042330-30,0.9850,19.89,no
2026-10-05T03:27:07.726921Z,KXGOLD15M-26OCT042330-30,0.9850,16.92,no
2026-10-05T03:27:07.726921Z,KXGOLD15M-26OCT042330-30,0.9850,63.19,no
2026-10-05T03:27:08.10577Z,KXGOLD15M-26OCT042330-30,0.9860,2.00,yes
2026-10-05T03:27:08.120681Z,KXGOLD15M-26OCT042330-30,0.9850,10.19,no
2026-10-05T03:27:08.144613Z,KXGOLD15M-26OCT042330-30,0.9850,124.73,no
2026-10-05T03:27:08.293733Z,KXGOLD15M-26OCT042330-30,0.9860,20.26,yes
2026-10-05T03:27:08.621284Z,KXGOLD15M-26OCT042330-30,0.9850,51.67,no
2026-10-05T03:27:08.621284Z,KXGOLD15M-26OCT042330-30,0.9850,3.00,no
2026-10-05T03:27:08.937055Z,KXGOLD15M-26OCT042330-30,0.9850,124.73,no
2026-10-05T03:27:08.997141Z,KXGOLD15M-26OCT042330-30,0.9850,31.18,no
2026-10-05T03:27:09.007736Z,KXGOLD15M-26OCT042330-30,0.9850,62.36,no
2026-10-05T03:27:09.432539Z,KXGOLD15M-26OCT042330-30,0.9860,216.24,yes
2026-10-05T03:27:09.432539Z,KXGOLD15M-26OCT042330-30,0.9870,86.00,yes
2026-10-05T03:27:09.432539Z,KXGOLD15M-26OCT042330-30,0.9870,6.00,yes
2026-10-05T03:27:09.432539Z,KXGOLD15M-26OCT042330-30,0.9870,235.00,yes
2026-10-05T03:27:09.432539Z,KXGOLD15M-26OCT042330-30,0.9880,309.15,yes
2026-10-05T03:27:09.521123Z,KXGOLD15M-26OCT042330-30,0.9870,187.09,no
2026-10-05T03:27:09.578605Z,KXGOLD15M-26OCT042330-30,0.9870,3.65,yes
2026-10-05T03:27:09.598033Z,KXGOLD15M-26OCT042330-30,0.9850,2.00,no
2026-10-05T03:27:09.598033Z,KXGOLD15M-26OCT042330-30,0.9850,309.15,no
2026-10-05T03:27:09.598033Z,KXGOLD15M-26OCT042330-30,0.9840,88.85,no
2026-10-05T03:27:09.598033Z,KXGOLD15M-26OCT042330-30,0.9840,100.00,no
2026-10-05T03:27:10.474975Z,KXGOLD15M-26OCT042330-30,0.9860,75.00,no
2026-10-05T03:27:10.92511Z,KXGOLD15M-26OCT042330-30,0.9850,2.38,no
2026-10-05T03:27:11.024182Z,KXGOLD15M-26OCT042330-30,0.9860,249.46,no
2026-10-05T03:27:11.380656Z,KXGOLD15M-26OCT042330-30,0.9860,5.06,yes
2026-10-05T03:27:11.748391Z,KXGOLD15M-26OCT042330-30,0.9860,5.10,yes
2026-10-05T03:27:11.800896Z,KXGOLD15M-26OCT042330-30,0.9850,17.33,no
2026-10-05T03:27:11.81188Z,KXGOLD15M-26OCT042330-30,0.9850,23.67,no
2026-10-05T03:27:11.81188Z,KXGOLD15M-26OCT042330-30,0.9840,2.00,no
2026-10-05T03:27:11.81188Z,KXGOLD15M-26OCT042330-30,0.9830,54.68,no
2026-10-05T03:27:11.988119Z,KXGOLD15M-26OCT042330-30,0.9850,2.00,no
2026-10-05T03:27:11.988119Z,KXGOLD15M-26OCT042330-30,0.9850,29.18,no
2026-10-05T03:27:12.136792Z,KXGOLD15M-26OCT042330-30,0.9850,59.51,no
2026-10-05T03:27:12.747632Z,KXGOLD15M-26OCT042330-30,0.9860,62.36,no
2026-10-05T03:27:13.609213Z,KXGOLD15M-26OCT042330-30,0.9860,10.34,no
2026-10-05T03:27:14.844062Z,KXGOLD15M-26OCT042330-30,0.9860,2.00,no
2026-10-05T03:27:14.844062Z,KXGOLD15M-26OCT042330-30,0.9860,131.63,no
2026-10-05T03:27:15.287163Z,KXGOLD15M-26OCT042330-30,0.9870,2.02,yes
2026-10-05T03:27:15.557092Z,KXGOLD15M-26OCT042330-30,0.9860,202.00,no
2026-10-05T03:27:15.952596Z,KXGOLD15M-26OCT042330-30,0.9860,39.42,no
2026-10-05T03:27:16.307867Z,KXGOLD15M-26OCT042330-30,0.9870,100.00,yes
2026-10-05T03:27:16.307867Z,KXGOLD15M-26OCT042330-30,0.9870,86.00,yes
2026-10-05T03:27:16.307867Z,KXGOLD15M-26OCT042330-30,0.9870,2.98,yes
2026-10-05T03:27:16.319684Z,KXGOLD15M-26OCT042330-30,0.9880,300.00,yes
2026-10-05T03:27:16.319684Z,KXGOLD15M-26OCT042330-30,0.9880,1132.85,yes
2026-10-05T03:27:16.319684Z,KXGOLD15M-26OCT042330-30,0.9880,1.00,yes
2026-10-05T03:27:16.32892Z,KXGOLD15M-26OCT042330-30,0.9850,3.00,no
2026-10-05T03:27:16.699666Z,KXGOLD15M-26OCT042330-30,0.9870,334.08,no
2026-10-05T03:27:18.068179Z,KXGOLD15M-26OCT042330-30,0.9880,5.00,yes
2026-10-05T03:27:18.068179Z,KXGOLD15M-26OCT042330-30,0.9880,92.00,yes
2026-10-05T03:27:18.084337Z,KXGOLD15M-26OCT042330-30,0.9890,283.17,yes
2026-10-05T03:27:18.786582Z,KXGOLD15M-26OCT042330-30,0.9880,1.45,no
2026-10-05T03:27:18.786582Z,KXGOLD15M-26OCT042330-30,0.9880,4.00,no
2026-10-05T03:27:18.903009Z,KXGOLD15M-26OCT042330-30,0.9890,20.20,yes
2026-10-05T03:27:19.069746Z,KXGOLD15M-26OCT042330-30,0.9880,0.92,no
2026-10-05T03:27:19.113797Z,KXGOLD15M-26OCT042330-30,0.9880,73.10,no
2026-10-05T03:27:19.64739Z,KXGOLD15M-26OCT042330-30,0.9880,4.13,no
2026-10-05T03:27:19.736726Z,KXGOLD15M-26OCT042330-30,0.9880,77.94,no
2026-10-05T03:27:19.947871Z,KXGOLD15M-26OCT042330-30,0.9880,5.10,no
2026-10-05T03:27:20.101724Z,KXGOLD15M-26OCT042330-30,0.9880,2.02,no
2026-10-05T03:27:20.247327Z,KXGOLD15M-26OCT042330-30,0.9890,24.82,yes
2026-10-05T03:27:20.259114Z,KXGOLD15M-26OCT042330-30,0.9890,15.00,yes
2026-10-05T03:27:20.46194Z,KXGOLD15M-26OCT042330-30,0.9880,311.77,no
2026-10-05T03:27:21.11553Z,KXGOLD15M-26OCT042330-30,0.9880,311.77,no
2026-10-05T03:27:21.492947Z,KXGOLD15M-26OCT042330-30,0.9890,15.00,yes
2026-10-05T03:27:21.696211Z,KXGOLD15M-26OCT042330-30,0.9890,49.80,yes
2026-10-05T03:27:21.823672Z,KXGOLD15M-26OCT042330-30,0.9890,0.50,yes
2026-10-05T03:27:22.33665Z,KXGOLD15M-26OCT042330-30,0.9880,668.17,no
2026-10-05T03:27:22.473011Z,KXGOLD15M-26OCT042330-30,0.9890,5.90,yes
2026-10-05T03:27:22.551467Z,KXGOLD15M-26OCT042330-30,0.9890,190.66,yes
2026-10-05T03:27:22.972017Z,KXGOLD15M-26OCT042330-30,0.9880,70.94,no
2026-10-05T03:27:22.972017Z,KXGOLD15M-26OCT042330-30,0.9880,7.00,no
2026-10-05T03:27:23.381464Z,KXGOLD15M-26OCT042330-30,0.9890,84.14,yes
2026-10-05T03:27:23.607523Z,KXGOLD15M-26OCT042330-30,0.9880,300.00,no
2026-10-05T03:27:23.701652Z,KXGOLD15M-26OCT042330-30,0.9890,606.20,yes
2026-10-05T03:27:24.001008Z,KXGOLD15M-26OCT042330-30,0.9890,159.61,yes
2026-10-05T03:27:24.001008Z,KXGOLD15M-26OCT042330-30,0.9890,343.26,yes
2026-10-05T03:27:24.259542Z,KXGOLD15M-26OCT042330-30,0.9890,20.62,yes
2026-10-05T03:27:24.859483Z,KXGOLD15M-26OCT042330-30,0.9890,33.68,yes
2026-10-05T03:27:25.091727Z,KXGOLD15M-26OCT042330-30,0.9880,1.48,no
2026-10-05T03:27:25.437951Z,KXGOLD15M-26OCT042330-30,0.9890,25.25,yes
2026-10-05T03:27:25.709918Z,KXGOLD15M-26OCT042330-30,0.9880,52.42,no
2026-10-05T03:27:25.709918Z,KXGOLD15M-26OCT042330-30,0.9880,167.58,no
2026-10-05T03:27:25.720906Z,KXGOLD15M-26OCT042330-30,0.9880,389.71,no
2026-10-05T03:27:25.960856Z,KXGOLD15M-26OCT042330-30,0.9880,77.94,no
2026-10-05T03:27:26.027136Z,KXGOLD15M-26OCT042330-30,0.9880,12.47,no
2026-10-05T03:27:26.17602Z,KXGOLD15M-26OCT042330-30,0.9880,6.41,no
2026-10-05T03:27:26.742998Z,KXGOLD15M-26OCT042330-30,0.9890,15.15,yes
2026-10-05T03:27:27.228854Z,KXGOLD15M-26OCT042330-30,0.9890,16.16,yes
2026-10-05T03:27:27.29003Z,KXGOLD15M-26OCT042330-30,0.9890,1.01,yes
2026-10-05T03:27:27.368825Z,KXGOLD15M-26OCT042330-30,0.9890,5.00,yes
2026-10-05T03:27:27.368825Z,KXGOLD15M-26OCT042330-30,0.9890,109.00,yes
2026-10-05T03:27:27.368825Z,KXGOLD15M-26OCT042330-30,0.9890,2.00,yes
2026-10-05T03:27:27.368825Z,KXGOLD15M-26OCT042330-30,0.9890,20.00,yes
2026-10-05T03:27:27.368825Z,KXGOLD15M-26OCT042330-30,0.9890,1.00,yes
2026-10-05T03:27:27.368825Z,KXGOLD15M-26OCT042330-30,0.9890,2.00,yes
2026-10-05T03:27:27.368825Z,KXGOLD15M-26OCT042330-30,0.9890,100.00,yes
2026-10-05T03:27:27.368825Z,KXGOLD15M-26OCT042330-30,0.9890,10.00,yes
2026-10-05T03:27:27.368825Z,KXGOLD15M-26OCT042330-30,0.9890,144.87,yes
2026-10-05T03:27:27.368825Z,KXGOLD15M-26OCT042330-30,0.9890,350.00,yes
2026-10-05T03:27:27.368839Z,KXGOLD15M-26OCT042330-30,0.9880,763.84,no
2026-10-05T03:27:27.371701Z,KXGOLD15M-26OCT042330-30,0.9880,28.26,no
2026-10-05T03:27:27.469054Z,KXGOLD15M-26OCT042330-30,0.9900,100.00,yes
2026-10-05T03:27:27.664376Z,KXGOLD15M-26OCT042330-30,0.9900,297.03,yes
2026-10-05T03:27:28.451255Z,KXGOLD15M-26OCT042330-30,0.9900,1.00,yes
2026-10-05T03:27:28.510463Z,KXGOLD15M-26OCT042330-30,0.9900,1.00,yes
2026-10-05T03:27:28.767558Z,KXGOLD15M-26OCT042330-30,0.9890,85.02,no
2026-10-05T03:27:29.274793Z,KXGOLD15M-26OCT042330-30,0.9900,10.74,yes
2026-10-05T03:27:29.288531Z,KXGOLD15M-26OCT042330-30,0.9900,60.00,yes
2026-10-05T03:27:29.442485Z,KXGOLD15M-26OCT042330-30,0.9890,425.11,no
2026-10-05T03:27:29.473235Z,KXGOLD15M-26OCT042330-30,0.9900,706.57,yes
2026-10-05T03:27:30.092718Z,KXGOLD15M-26OCT042330-30,0.9890,1.93,no
2026-10-05T03:27:30.207336Z,KXGOLD15M-26OCT042330-30,0.9900,64.70,yes
2026-10-05T03:27:30.718624Z,KXGOLD15M-26OCT042330-30,0.9900,44.22,yes
2026-10-05T03:27:31.752749Z,KXGOLD15M-26OCT042330-30,0.9890,0.85,no
2026-10-05T03:27:32.116225Z,KXGOLD15M-26OCT042330-30,0.9900,20.11,yes
2026-10-05T03:27:32.34908Z,KXGOLD15M-26OCT042330-30,0.9900,554.45,yes
2026-10-05T03:27:32.34908Z,KXGOLD15M-26OCT042330-30,0.9900,242.97,yes
2026-10-05T03:27:32.622505Z,KXGOLD15M-26OCT042330-30,0.9900,40.69,yes
2026-10-05T03:27:33.271332Z,KXGOLD15M-26OCT042330-30,0.9890,103.37,no
2026-10-05T03:27:33.698103Z,KXGOLD15M-26OCT042330-30,0.9900,30.77,yes
2026-10-05T03:27:33.998473Z,KXGOLD15M-26OCT042330-30,0.9900,10.09,yes
2026-10-05T03:27:34.050863Z,KXGOLD15M-26OCT042330-30,0.9900,100.93,yes
2026-10-05T03:27:34.261942Z,KXGOLD15M-26OCT042330-30,0.9900,6.05,yes
2026-10-05T03:27:34.507383Z,KXGOLD15M-26OCT042330-30,0.9890,6.83,no
2026-10-05T03:27:34.600333Z,KXGOLD15M-26OCT042330-30,0.9890,425.11,no
2026-10-05T03:27:34.80531Z,KXGOLD15M-26OCT042330-30,0.9890,8.50,no
2026-10-05T03:27:34.890486Z,KXGOLD15M-26OCT042330-30,0.9890,26.43,no
2026-10-05T03:27:35.01209Z,KXGOLD15M-26OCT042330-30,0.9900,2.20,yes
2026-10-05T03:27:35.08121Z,KXGOLD15M-26OCT042330-30,0.9890,45.56,no
2026-10-05T03:27:36.111219Z,KXGOLD15M-26OCT042330-30,0.9890,84.54,no
2026-10-05T03:27:36.983499Z,KXGOLD15M-26OCT042330-30,0.9890,10.09,no
2026-10-05T03:27:37.357213Z,KXGOLD15M-26OCT042330-30,0.9900,19.00,yes
2026-10-05T03:27:37.357213Z,KXGOLD15M-26OCT042330-30,0.9900,1.00,yes
2026-10-05T03:27:37.357213Z,KXGOLD15M-26OCT042330-30,0.9900,4.82,yes
2026-10-05T03:27:37.357454Z,KXGOLD15M-26OCT042330-30,0.9900,57.19,yes
2026-10-05T03:27:37.357454Z,KXGOLD15M-26OCT042330-30,0.9900,18.95,yes
2026-10-05T03:27:37.357454Z,KXGOLD15M-26OCT042330-30,0.9900,2.00,yes
2026-10-05T03:27:37.357454Z,KXGOLD15M-26OCT042330-30,0.9900,6.00,yes
2026-10-05T03:27:37.357552Z,KXGOLD15M-26OCT042330-30,0.9900,46.29,yes
2026-10-05T03:27:37.357552Z,KXGOLD15M-26OCT042330-30,0.9900,0.04,yes
2026-10-05T03:27:37.357552Z,KXGOLD15M-26OCT042330-30,0.9900,3.47,yes
2026-10-05T03:27:37.357567Z,KXGOLD15M-26OCT042330-30,0.9900,60.00,yes
2026-10-05T03:27:37.357632Z,KXGOLD15M-26OCT042330-30,0.9900,44.22,yes
2026-10-05T03:27:37.357754Z,KXGOLD15M-26OCT042330-30,0.9900,238.00,yes
2026-10-05T03:27:37.357754Z,KXGOLD15M-26OCT042330-30,0.9900,1.38,yes
2026-10-05T03:27:37.357754Z,KXGOLD15M-26OCT042330-30,0.9900,122.59,yes
2026-10-05T03:27:37.357754Z,KXGOLD15M-26OCT042330-30,0.9900,12.94,yes
2026-10-05T03:27:37.357754Z,KXGOLD15M-26OCT042330-30,0.9900,5.82,yes
2026-10-05T03:27:37.357754Z,KXGOLD15M-26OCT042330-30,0.9900,11.77,yes
2026-10-05T03:27:37.357754Z,KXGOLD15M-26OCT042330-30,0.9900,35.90,yes
2026-10-05T03:27:37.357754Z,KXGOLD15M-26OCT042330-30,0.9900,66.66,yes
2026-10-05T03:27:37.357754Z,KXGOLD15M-26OCT042330-30,0.9900,2.58,yes
2026-10-05T03:27:37.357754Z,KXGOLD15M-26OCT042330-30,0.9900,12.03,yes
2026-10-05T03:27:37.357754Z,KXGOLD15M-26OCT042330-30,0.9900,2.64,yes
2026-10-05T03:27:37.357754Z,KXGOLD15M-26OCT042330-30,0.9900,1.31,yes
2026-10-05T03:27:37.357754Z,KXGOLD15M-26OCT042330-30,0.9900,33.61,yes
2026-10-05T03:27:37.357754Z,KXGOLD15M-26OCT042330-30,0.9900,2.65,yes
2026-10-05T03:27:37.357754Z,KXGOLD15M-26OCT042330-30,0.9900,1.97,yes
2026-10-05T03:27:37.357754Z,KXGOLD15M-26OCT042330-30,0.9900,3.00,yes
2026-10-05T03:27:37.357754Z,KXGOLD15M-26OCT042330-30,0.9900,1.86,yes
2026-10-05T03:27:37.357754Z,KXGOLD15M-26OCT042330-30,0.9900,49.49,yes
2026-10-05T03:27:37.357877Z,KXGOLD15M-26OCT042330-30,0.9900,11.39,yes
2026-10-05T03:27:37.357877Z,KXGOLD15M-26OCT042330-30,0.9900,162.00,yes
2026-10-05T03:27:37.357877Z,KXGOLD15M-26OCT042330-30,0.9900,17.27,yes
2026-10-05T03:27:37.357887Z,KXGOLD15M-26OCT042330-30,0.9900,2.00,yes
2026-10-05T03:27:37.357887Z,KXGOLD15M-26OCT042330-30,0.9900,60.00,yes
2026-10-05T03:27:37.357887Z,KXGOLD15M-26OCT042330-30,0.9900,30.00,yes
2026-10-05T03:27:37.357887Z,KXGOLD15M-26OCT042330-30,0.9900,54.16,yes
2026-10-05T03:27:37.383507Z,KXGOLD15M-26OCT042330-30,0.9910,21.01,yes
2026-10-05T03:27:37.830279Z,KXGOLD15M-26OCT042330-30,0.9910,3.40,yes
2026-10-05T03:27:37.959522Z,KXGOLD15M-26OCT042330-30,0.9920,5.51,no
2026-10-05T03:27:37.959522Z,KXGOLD15M-26OCT042330-30,0.9920,37.00,no
2026-10-05T03:27:38.031571Z,KXGOLD15M-26OCT042330-30,0.9920,42.51,no
2026-10-05T03:27:38.057049Z,KXGOLD15M-26OCT042330-30,0.9920,374.07,no
2026-10-05T03:27:38.408511Z,KXGOLD15M-26OCT042330-30,0.9930,130.00,yes
2026-10-05T03:27:38.408511Z,KXGOLD15M-26OCT042330-30,0.9930,5.00,yes
2026-10-05T03:27:38.408511Z,KXGOLD15M-26OCT042330-30,0.9930,500.00,yes
2026-10-05T03:27:38.595601Z,KXGOLD15M-26OCT042330-30,0.9930,6.70,no
2026-10-05T03:27:38.739867Z,KXGOLD15M-26OCT042330-30,0.9930,1500.00,no
2026-10-05T03:27:38.739867Z,KXGOLD15M-26OCT042330-30,0.9930,100.00,no
2026-10-05T03:27:38.970041Z,KXGOLD15M-26OCT042330-30,0.9930,85.32,no
2026-10-05T03:27:38.99793Z,KXGOLD15M-26OCT042330-30,0.9930,400.00,no
2026-10-05T03:27:39.510714Z,KXGOLD15M-26OCT042330-30,0.9930,13.35,no
2026-10-05T03:27:39.580558Z,KXGOLD15M-26OCT042330-30,0.9930,24.87,no
2026-10-05T03:27:39.816987Z,KXGOLD15M-26OCT042330-30,0.9930,53.67,no
2026-10-05T03:27:39.899435Z,KXGOLD15M-26OCT042330-30,0.9900,19.00,no
2026-10-05T03:27:39.899435Z,KXGOLD15M-26OCT042330-30,0.9900,6.00,no
2026-10-05T03:27:39.899435Z,KXGOLD15M-26OCT042330-30,0.9900,89.45,no
2026-10-05T03:27:39.899435Z,KXGOLD15M-26OCT042330-30,0.9930,100.00,no
2026-10-05T03:27:39.899435Z,KXGOLD15M-26OCT042330-30,0.9900,219.06,no
2026-10-05T03:27:39.899435Z,KXGOLD15M-26OCT042330-30,0.9920,34.00,no
2026-10-05T03:27:39.899435Z,KXGOLD15M-26OCT042330-30,0.9930,922.79,no
2026-10-05T03:27:39.899435Z,KXGOLD15M-26OCT042330-30,0.9920,500.00,no
2026-10-05T03:27:39.899435Z,KXGOLD15M-26OCT042330-30,0.9910,100.00,no
2026-10-05T03:27:39.899435Z,KXGOLD15M-26OCT042330-30,0.9930,300.00,no
2026-10-05T03:27:39.899435Z,KXGOLD15M-26OCT042330-30,0.9900,13.45,no
2026-10-05T03:27:39.899435Z,KXGOLD15M-26OCT042330-30,0.9900,100.00,no
2026-10-05T03:27:39.899435Z,KXGOLD15M-26OCT042330-30,0.9900,297.03,no
2026-10-05T03:27:39.899435Z,KXGOLD15M-26OCT042330-30,0.9900,706.57,no
2026-10-05T03:27:39.899435Z,KXGOLD15M-26OCT042330-30,0.9900,64.70,no
2026-10-05T03:27:39.899435Z,KXGOLD15M-26OCT042330-30,0.9900,242.97,no
2026-10-05T03:27:39.899435Z,KXGOLD15M-26OCT042330-30,0.9900,1132.85,no
2026-10-05T03:27:39.899435Z,KXGOLD15M-26OCT042330-30,0.9900,283.17,no
2026-10-05T03:27:40.362261Z,KXGOLD15M-26OCT042330-30,0.9920,0.66,no
2026-10-05T03:27:40.683735Z,KXGOLD15M-26OCT042330-30,0.9940,300.00,yes
2026-10-05T03:27:40.683735Z,KXGOLD15M-26OCT042330-30,0.9940,100.00,yes
2026-10-05T03:27:40.683735Z,KXGOLD15M-26OCT042330-30,0.9940,5.00,yes
2026-10-05T03:27:40.683735Z,KXGOLD15M-26OCT042330-30,0.9950,345.00,yes
2026-10-05T03:27:40.683735Z,KXGOLD15M-26OCT042330-30,0.9950,750.00,yes
2026-10-05T03:27:40.683735Z,KXGOLD15M-26OCT042330-30,0.9940,500.00,yes
2026-10-05T03:27:40.813325Z,KXGOLD15M-26OCT042330-30,0.9940,93.51,no
2026-10-05T03:27:41.213266Z,KXGOLD15M-26OCT042330-30,0.9940,400.72,no
2026-10-05T03:27:41.723289Z,KXGOLD15M-26OCT042330-30,0.9940,599.23,no
2026-10-05T03:27:42.737411Z,KXGOLD15M-26OCT042330-30,0.9940,5.23,no
2026-10-05T03:27:43.620608Z,KXGOLD15M-26OCT042330-30,0.9940,100.00,no
2026-10-05T03:27:43.896763Z,KXGOLD15M-26OCT042330-30,0.9950,1.00,yes
2026-10-05T03:27:44.459905Z,KXGOLD15M-26OCT042330-30,0.9940,152.71,no
2026-10-05T03:27:44.574874Z,KXGOLD15M-26OCT042330-30,0.9940,11.08,no
2026-10-05T03:27:44.830227Z,KXGOLD15M-26OCT042330-30,0.9950,1.00,yes
2026-10-05T03:27:45.441962Z,KXGOLD15M-26OCT042330-30,0.9940,137.52,no
2026-10-05T03:27:45.441962Z,KXGOLD15M-26OCT042330-30,0.9940,15.19,no
2026-10-05T03:27:45.467079Z,KXGOLD15M-26OCT042330-30,0.9940,133.58,no
2026-10-05T03:27:45.725387Z,KXGOLD15M-26OCT042330-30,0.9940,4.30,no
2026-10-05T03:27:46.064368Z,KXGOLD15M-26OCT042330-30,0.9940,20.70,no
2026-10-05T03:27:46.064368Z,KXGOLD15M-26OCT042330-30,0.9940,132.01,no
2026-10-05T03:27:46.118477Z,KXGOLD15M-26OCT042330-30,0.9940,152.71,no
2026-10-05T03:27:46.207347Z,KXGOLD15M-26OCT042330-30,0.9940,12.26,no
2026-10-05T03:27:46.993401Z,KXGOLD15M-26OCT042330-30,0.9940,41.23,no
2026-10-05T03:27:47.101784Z,KXGOLD15M-26OCT042330-30,0.9940,152.71,no
2026-10-05T03:27:47.389405Z,KXGOLD15M-26OCT042330-30,0.9940,300.00,no
2026-10-05T03:27:47.389405Z,KXGOLD15M-26OCT042330-30,0.9940,23.00,no
2026-10-05T03:27:47.389405Z,KXGOLD15M-26OCT042330-30,0.9940,1235.24,no
2026-10-05T03:27:47.45641Z,KXGOLD15M-26OCT042330-30,0.9950,7.04,yes
2026-10-05T03:27:48.248792Z,KXGOLD15M-26OCT042330-30,0.9940,14.90,no
2026-10-05T03:27:48.419167Z,KXGOLD15M-26OCT042330-30,0.9950,20.09,yes
2026-10-05T03:27:48.967068Z,KXGOLD15M-26OCT042330-30,0.9940,27.24,no
2026-10-05T03:27:49.636016Z,KXGOLD15M-26OCT042330-30,0.9940,20.00,no
2026-10-05T03:27:49.636016Z,KXGOLD15M-26OCT042330-30,0.9940,300.00,no
2026-10-05T03:27:49.636016Z,KXGOLD15M-26OCT042330-30,0.9940,40.00,no
2026-10-05T03:27:49.636016Z,KXGOLD15M-26OCT042330-30,0.9940,403.54,no
2026-10-05T03:27:49.988055Z,KXGOLD15M-26OCT042330-30,0.9930,261.80,no
2026-10-05T03:27:50.057334Z,KXGOLD15M-26OCT042330-30,0.9940,18.00,no
2026-10-05T03:27:50.057334Z,KXGOLD15M-26OCT042330-30,0.9940,8.20,no
2026-10-05T03:27:50.079854Z,KXGOLD15M-26OCT042330-30,0.9950,0.66,yes
2026-10-05T03:27:50.162365Z,KXGOLD15M-26OCT042330-30,0.9940,6.83,no
2026-10-05T03:27:50.881049Z,KXGOLD15M-26OCT042330-30,0.9940,155.83,no
2026-10-05T03:27:51.22952Z,KXGOLD15M-26OCT042330-30,0.9940,68.56,no
2026-10-05T03:27:51.689099Z,KXGOLD15M-26OCT042330-30,0.9950,1.20,yes
2026-10-05T03:27:51.699201Z,KXGOLD15M-26OCT042330-30,0.9940,1.31,no
2026-10-05T03:27:51.711061Z,KXGOLD15M-26OCT042330-30,0.9940,60.00,no
2026-10-05T03:27:52.026025Z,KXGOLD15M-26OCT042330-30,0.9940,152.71,no
2026-10-05T03:27:52.032582Z,KXGOLD15M-26OCT042330-30,0.9940,129.81,no
2026-10-05T03:27:52.692581Z,KXGOLD15M-26OCT042330-30,0.9940,20.20,no
2026-10-05T03:27:52.698722Z,KXGOLD15M-26OCT042330-30,0.9940,896.55,no
2026-10-05T03:27:52.698722Z,KXGOLD15M-26OCT042330-30,0.9940,18.00,no
2026-10-05T03:27:52.698722Z,KXGOLD15M-26OCT042330-30,0.9940,300.00,no
2026-10-05T03:27:52.698722Z,KXGOLD15M-26OCT042330-30,0.9930,28.26,no
2026-10-05T03:27:52.698722Z,KXGOLD15M-26OCT042330-30,0.9930,238.20,no
2026-10-05T03:27:52.843102Z,KXGOLD15M-26OCT042330-30,0.9950,3.52,yes
2026-10-05T03:27:52.844534Z,KXGOLD15M-26OCT042330-30,0.9950,25.42,yes
2026-10-05T03:27:53.022512Z,KXGOLD15M-26OCT042330-30,0.9950,3.15,yes
2026-10-05T03:27:53.464743Z,KXGOLD15M-26OCT042330-30,0.9950,7.03,yes
2026-10-05T03:27:53.555852Z,KXGOLD15M-26OCT042330-30,0.9950,84.89,yes
2026-10-05T03:27:53.555852Z,KXGOLD15M-26OCT042330-30,0.9950,919.78,yes
2026-10-05T03:27:53.730778Z,KXGOLD15M-26OCT042330-30,0.9940,152.71,no
2026-10-05T03:27:55.56443Z,KXGOLD15M-26OCT042330-30,0.9940,1.00,no
2026-10-05T03:27:56.001477Z,KXGOLD15M-26OCT042330-30,0.9950,17.58,yes
2026-10-05T03:27:56.08301Z,KXGOLD15M-26OCT042330-30,0.9940,77.91,no
2026-10-05T03:27:57.076251Z,KXGOLD15M-26OCT042330-30,0.9940,6.03,no
2026-10-05T03:27:57.387324Z,KXGOLD15M-26OCT042330-30,0.9940,763.54,no
2026-10-05T03:27:57.773832Z,KXGOLD15M-26OCT042330-30,0.9950,62.64,yes
2026-10-05T03:27:57.773832Z,KXGOLD15M-26OCT042330-30,0.9950,80.00,yes
2026-10-05T03:27:57.773832Z,KXGOLD15M-26OCT042330-30,0.9950,5.00,yes
2026-10-05T03:27:57.993949Z,KXGOLD15M-26OCT042330-30,0.9950,5.06,no
2026-10-05T03:27:58.308283Z,KXGOLD15M-26OCT042330-30,0.9960,37.91,yes
2026-10-05T03:27:58.320058Z,KXGOLD15M-26OCT042330-30,0.9950,5.51,no
2026-10-05T03:27:58.478922Z,KXGOLD15M-26OCT042330-30,0.9950,437.34,no
2026-10-05T03:27:58.478922Z,KXGOLD15M-26OCT042330-30,0.9950,341.79,no
2026-10-05T03:27:58.799576Z,KXGOLD15M-26OCT042330-30,0.9950,168.27,no
2026-10-05T03:27:59.276665Z,KXGOLD15M-26OCT042330-30,0.9950,15.70,no
2026-10-05T03:28:00.058377Z,KXGOLD15M-26OCT042330-30,0.9960,1.00,yes
2026-10-05T03:28:00.472245Z,KXGOLD15M-26OCT042330-30,0.9960,1.00,yes
2026-10-05T03:28:00.665168Z,KXGOLD15M-26OCT042330-30,0.9950,1.17,no
2026-10-05T03:28:00.737799Z,KXGOLD15M-26OCT042330-30,0.9950,327.00,no
2026-10-05T03:28:00.790978Z,KXGOLD15M-26OCT042330-30,0.9950,109.94,no
2026-10-05T03:28:01.180506Z,KXGOLD15M-26OCT042330-30,0.9950,18.69,no
2026-10-05T03:28:01.198635Z,KXGOLD15M-26OCT042330-30,0.9950,347.56,no
2026-10-05T03:28:01.350906Z,KXGOLD15M-26OCT042330-30,0.9950,15.00,no
2026-10-05T03:28:01.350906Z,KXGOLD15M-26OCT042330-30,0.9950,59.73,no
2026-10-05T03:28:01.350906Z,KXGOLD15M-26OCT042330-30,0.9950,37.91,no
2026-10-05T03:28:01.350906Z,KXGOLD15M-26OCT042330-30,0.9950,74.33,no
2026-10-05T03:28:01.60224Z,KXGOLD15M-26OCT042330-30,0.9950,4.31,no
2026-10-05T03:28:01.60224Z,KXGOLD15M-26OCT042330-30,0.9950,86.31,no
2026-10-05T03:28:01.60224Z,KXGOLD15M-26OCT042330-30,0.9950,1.00,no
2026-10-05T03:28:01.691286Z,KXGOLD15M-26OCT042330-30,0.9950,32.00,no
2026-10-05T03:28:01.716733Z,KXGOLD15M-26OCT042330-30,0.9960,33.68,yes
2026-10-05T03:28:02.03461Z,KXGOLD15M-26OCT042330-30,0.9950,26.69,no
2026-10-05T03:28:02.03461Z,KXGOLD15M-26OCT042330-30,0.9950,102.31,no
2026-10-05T03:28:02.03461Z,KXGOLD15M-26OCT042330-30,0.9950,1.00,no
2026-10-05T03:28:02.506561Z,KXGOLD15M-26OCT042330-30,0.9960,0.69,yes
2026-10-05T03:28:02.848554Z,KXGOLD15M-26OCT042330-30,0.9960,5.01,yes
2026-10-05T03:28:03.243933Z,KXGOLD15M-26OCT042330-30,0.9950,186.97,no
2026-10-05T03:28:03.323138Z,KXGOLD15M-26OCT042330-30,0.9960,8.55,yes
2026-10-05T03:28:03.381505Z,KXGOLD15M-26OCT042330-30,0.9950,22.32,no
2026-10-05T03:28:03.677584Z,KXGOLD15M-26OCT042330-30,0.9960,100.00,yes
2026-10-05T03:28:03.731348Z,KXGOLD15M-26OCT042330-30,0.9960,198.92,yes
2026-10-05T03:28:03.731348Z,KXGOLD15M-26OCT042330-30,0.9960,812.16,yes
2026-10-05T03:28:03.743317Z,KXGOLD15M-26OCT042330-30,0.9960,5.25,yes
2026-10-05T03:28:03.827332Z,KXGOLD15M-26OCT042330-30,0.9950,278.59,no
2026-10-05T03:28:04.031619Z,KXGOLD15M-26OCT042330-30,0.9950,0.69,no
2026-10-05T03:28:04.031619Z,KXGOLD15M-26OCT042330-30,0.9950,5.01,no
2026-10-05T03:28:04.031619Z,KXGOLD15M-26OCT042330-30,0.9950,33.68,no
2026-10-05T03:28:04.031619Z,KXGOLD15M-26OCT042330-30,0.9960,1500.00,no
2026-10-05T03:28:04.031619Z,KXGOLD15M-26OCT042330-30,0.9950,8.55,no
2026-10-05T03:28:04.031619Z,KXGOLD15M-26OCT042330-30,0.9950,204.18,no
2026-10-05T03:28:04.031619Z,KXGOLD15M-26OCT042330-30,0.9950,14.00,no
2026-10-05T03:28:04.423615Z,KXGOLD15M-26OCT042330-30,0.9960,60.00,no
2026-10-05T03:28:04.764317Z,KXGOLD15M-26OCT042330-30,0.9960,148.88,no
2026-10-05T03:28:04.873551Z,KXGOLD15M-26OCT042330-30,0.9960,1291.12,no
2026-10-05T03:28:04.873551Z,KXGOLD15M-26OCT042330-30,0.9960,999.20,no
2026-10-05T03:28:04.945377Z,KXGOLD15M-26OCT042330-30,0.9970,500.00,yes
2026-10-05T03:28:06.877843Z,KXGOLD15M-26OCT042330-30,0.9970,1.00,yes
2026-10-05T03:28:06.918074Z,KXGOLD15M-26OCT042330-30,0.9960,229.04,no
2026-10-05T03:28:07.547862Z,KXGOLD15M-26OCT042330-30,0.9960,10.40,no
2026-10-05T03:28:08.037046Z,KXGOLD15M-26OCT042330-30,0.9960,114.53,no
2026-10-05T03:28:08.084216Z,KXGOLD15M-26OCT042330-30,0.9970,0.21,yes
2026-10-05T03:28:08.417595Z,KXGOLD15M-26OCT042330-30,0.9960,229.04,no
2026-10-05T03:28:08.566172Z,KXGOLD15M-26OCT042330-30,0.9970,5.25,yes
2026-10-05T03:28:08.60479Z,KXGOLD15M-26OCT042330-30,0.9960,229.04,no
2026-10-05T03:28:08.691513Z,KXGOLD15M-26OCT042330-30,0.9970,5.01,yes
2026-10-05T03:28:09.150214Z,KXGOLD15M-26OCT042330-30,0.9970,18.47,yes
2026-10-05T03:28:09.150214Z,KXGOLD15M-26OCT042330-30,0.9970,250.00,yes
2026-10-05T03:28:09.150214Z,KXGOLD15M-26OCT042330-30,0.9970,4000.00,yes
2026-10-05T03:28:09.150214Z,KXGOLD15M-26OCT042330-30,0.9970,738.53,yes
2026-10-05T03:28:09.150214Z,KXGOLD15M-26OCT042330-30,0.9970,10.00,yes
2026-10-05T03:28:09.569509Z,KXGOLD15M-26OCT042330-30,0.9970,0.08,yes
2026-10-05T03:28:09.726194Z,KXGOLD15M-26OCT042330-30,0.9960,114.53,no
2026-10-05T03:28:09.86443Z,KXGOLD15M-26OCT042330-30,0.9970,52.60,yes
2026-10-05T03:28:09.86443Z,KXGOLD15M-26OCT042330-30,0.9970,18.47,yes
2026-10-05T03:28:09.86443Z,KXGOLD15M-26OCT042330-30,0.9970,250.00,yes
2026-10-05T03:28:09.86443Z,KXGOLD15M-26OCT042330-30,0.9970,13.51,yes
2026-10-05T03:28:09.86443Z,KXGOLD15M-26OCT042330-30,0.9970,5.00,yes
2026-10-05T03:28:09.86443Z,KXGOLD15M-26OCT042330-30,0.9970,62.45,yes
2026-10-05T03:28:09.954211Z,KXGOLD15M-26OCT042330-30,0.9960,300.00,no
2026-10-05T03:28:10.61021Z,KXGOLD15M-26OCT042330-30,0.9960,229.04,no
2026-10-05T03:28:11.526495Z,KXGOLD15M-26OCT042330-30,0.9960,11.64,no
2026-10-05T03:28:12.064373Z,KXGOLD15M-26OCT042330-30,0.9960,151.00,no
2026-10-05T03:28:12.185773Z,KXGOLD15M-26OCT042330-30,0.9960,2.29,no
2026-10-05T03:28:12.413094Z,KXGOLD15M-26OCT042330-30,0.9960,2290.32,no
2026-10-05T03:28:12.601998Z,KXGOLD15M-26OCT042330-30,0.9970,5.01,yes
2026-10-05T03:28:12.683676Z,KXGOLD15M-26OCT042330-30,0.9960,229.04,no
2026-10-05T03:28:12.870645Z,KXGOLD15M-26OCT042330-30,0.9970,2.00,yes
2026-10-05T03:28:13.067131Z,KXGOLD15M-26OCT042330-30,0.9960,233.72,no
2026-10-05T03:28:13.250329Z,KXGOLD15M-26OCT042330-30,0.9960,229.04,no
2026-10-05T03:28:13.363581Z,KXGOLD15M-26OCT042330-30,0.9970,82.75,yes
2026-10-05T03:28:13.499099Z,KXGOLD15M-26OCT042330-30,0.9970,10.02,yes
2026-10-05T03:28:14.600616Z,KXGOLD15M-26OCT042330-30,0.9970,22.56,yes
2026-10-05T03:28:14.796181Z,KXGOLD15M-26OCT042330-30,0.9960,22.12,no
2026-10-05T03:28:15.582582Z,KXGOLD15M-26OCT042330-30,0.9960,46.74,no
2026-10-05T03:28:16.102177Z,KXGOLD15M-26OCT042330-30,0.9970,10.02,yes
2026-10-05T03:28:16.773432Z,KXGOLD15M-26OCT042330-30,0.9970,32.85,yes
2026-10-05T03:28:16.788129Z,KXGOLD15M-26OCT042330-30,0.9970,1.00,yes
2026-10-05T03:28:16.942232Z,KXGOLD15M-26OCT042330-30,0.9970,1.00,yes
2026-10-05T03:28:16.965329Z,KXGOLD15M-26OCT042330-30,0.9970,3.63,yes
2026-10-05T03:28:16.965329Z,KXGOLD15M-26OCT042330-30,0.9970,0.08,yes
2026-10-05T03:28:16.965329Z,KXGOLD15M-26OCT042330-30,0.9970,30.19,yes
2026-10-05T03:28:17.069406Z,KXGOLD15M-26OCT042330-30,0.9970,11.03,yes
2026-10-05T03:28:18.413184Z,KXGOLD15M-26OCT042330-30,0.9960,458.07,no
2026-10-05T03:28:18.539621Z,KXGOLD15M-26OCT042330-30,0.9960,233.72,no
2026-10-05T03:28:18.681362Z,KXGOLD15M-26OCT042330-30,0.9960,458.07,no
2026-10-05T03:28:18.918177Z,KXGOLD15M-26OCT042330-30,0.9960,343.55,no
2026-10-05T03:28:20.09229Z,KXGOLD15M-26OCT042330-30,0.9970,13.00,yes
2026-10-05T03:28:21.035502Z,KXGOLD15M-26OCT042330-30,0.9960,347.00,no
2026-10-05T03:28:21.37645Z,KXGOLD15M-26OCT042330-30,0.9960,114.53,no
2026-10-05T03:28:21.510269Z,KXGOLD15M-26OCT042330-30,0.9960,34.36,no
2026-10-05T03:28:22.293127Z,KXGOLD15M-26OCT042330-30,0.9960,114.53,no
2026-10-05T03:28:23.033388Z,KXGOLD15M-26OCT042330-30,0.9960,100.00,no
2026-10-05T03:28:23.033388Z,KXGOLD15M-26OCT042330-30,0.9960,108.60,no
2026-10-05T03:28:23.033388Z,KXGOLD15M-26OCT042330-30,0.9960,20.44,no
2026-10-05T03:28:23.282679Z,KXGOLD15M-26OCT042330-30,0.9970,51.77,yes
2026-10-05T03:28:23.902581Z,KXGOLD15M-26OCT042330-30,0.9960,39.32,no
2026-10-05T03:28:24.16258Z,KXGOLD15M-26OCT042330-30,0.9960,229.04,no
2026-10-05T03:28:24.742711Z,KXGOLD15M-26OCT042330-30,0.9960,229.04,no
2026-10-05T03:28:25.837779Z,KXGOLD15M-26OCT042330-30,0.9960,114.53,no
2026-10-05T03:28:26.007055Z,KXGOLD15M-26OCT042330-30,0.9960,14.02,no
2026-10-05T03:28:26.01757Z,KXGOLD15M-26OCT042330-30,0.9960,229.04,no
2026-10-05T03:28:26.554338Z,KXGOLD15M-26OCT042330-30,0.9960,229.04,no
2026-10-05T03:28:27.196034Z,KXGOLD15M-26OCT042330-30,0.9960,11.45,no
2026-10-05T03:28:27.745923Z,KXGOLD15M-26OCT042330-30,0.9970,5.00,yes
2026-10-05T03:28:27.745923Z,KXGOLD15M-26OCT042330-30,0.9970,1.49,yes
2026-10-05T03:28:27.745923Z,KXGOLD15M-26OCT042330-30,0.9970,3.33,yes
2026-10-05T03:28:27.745923Z,KXGOLD15M-26OCT042330-30,0.9970,11.03,yes
2026-10-05T03:28:27.745923Z,KXGOLD15M-26OCT042330-30,0.9970,3.71,yes
2026-10-05T03:28:27.805283Z,KXGOLD15M-26OCT042330-30,0.9970,39.28,no
2026-10-05T03:28:28.360788Z,KXGOLD15M-26OCT042330-30,0.9970,32.41,no
2026-10-05T03:28:28.503143Z,KXGOLD15M-26OCT042330-30,0.9970,305.35,no
2026-10-05T03:28:28.640633Z,KXGOLD15M-26OCT042330-30,0.9970,155.79,no
2026-10-05T03:28:28.875567Z,KXGOLD15M-26OCT042330-30,0.9970,305.35,no
2026-10-05T03:28:29.322321Z,KXGOLD15M-26OCT042330-30,0.9980,20.03,yes
2026-10-05T03:28:29.736185Z,KXGOLD15M-26OCT042330-30,0.9970,208.76,no
2026-10-05T03:28:30.522191Z,KXGOLD15M-26OCT042330-30,0.9970,0.01,no
2026-10-05T03:28:30.560972Z,KXGOLD15M-26OCT042330-30,0.9980,0.04,yes
2026-10-05T03:28:30.596929Z,KXGOLD15M-26OCT042330-30,0.9970,305.35,no
2026-10-05T03:28:31.717029Z,KXGOLD15M-26OCT042330-30,0.9980,83.71,yes
2026-10-05T03:28:31.814694Z,KXGOLD15M-26OCT042330-30,0.9970,71.88,no
2026-10-05T03:28:31.845738Z,KXGOLD15M-26OCT042330-30,0.9970,30.53,no
2026-10-05T03:28:31.855486Z,KXGOLD15M-26OCT042330-30,0.9970,2.20,no
2026-10-05T03:28:32.073366Z,KXGOLD15M-26OCT042330-30,0.9980,19.00,yes
2026-10-05T03:28:32.158865Z,KXGOLD15M-26OCT042330-30,0.9980,77.91,yes
2026-10-05T03:28:32.350476Z,KXGOLD15M-26OCT042330-30,0.9970,24.43,no
2026-10-05T03:28:32.796737Z,KXGOLD15M-26OCT042330-30,0.9970,18.66,no
2026-10-05T03:28:32.796737Z,KXGOLD15M-26OCT042330-30,0.9970,21.44,no
2026-10-05T03:28:32.796737Z,KXGOLD15M-26OCT042330-30,0.9970,150.00,no
2026-10-05T03:28:32.796737Z,KXGOLD15M-26OCT042330-30,0.9970,50.00,no
2026-10-05T03:28:32.796737Z,KXGOLD15M-26OCT042330-30,0.9970,25.00,no
2026-10-05T03:28:32.796737Z,KXGOLD15M-26OCT042330-30,0.9970,25.00,no
2026-10-05T03:28:32.997741Z,KXGOLD15M-26OCT042330-30,0.9980,26.18,yes
2026-10-05T03:28:33.183016Z,KXGOLD15M-26OCT042330-30,0.9980,2.00,yes
2026-10-05T03:28:33.209473Z,KXGOLD15M-26OCT042330-30,0.9970,10.00,no
2026-10-05T03:28:33.40839Z,KXGOLD15M-26OCT042330-30,0.9970,27.58,no
2026-10-05T03:28:34.717831Z,KXGOLD15M-26OCT042330-30,0.9970,143.00,no
2026-10-05T03:28:34.717831Z,KXGOLD15M-26OCT042330-30,0.9970,1135.21,no
2026-10-05T03:28:34.717831Z,KXGOLD15M-26OCT042330-30,0.9970,190.98,no
2026-10-05T03:28:34.717831Z,KXGOLD15M-26OCT042330-30,0.9970,52.60,no
2026-10-05T03:28:34.717831Z,KXGOLD15M-26OCT042330-30,0.9970,5.01,no
2026-10-05T03:28:34.738469Z,KXGOLD15M-26OCT042330-30,0.9970,1.09,no
2026-10-05T03:28:35.179449Z,KXGOLD15M-26OCT042330-30,0.9980,1.10,yes
2026-10-05T03:28:35.774873Z,KXGOLD15M-26OCT042330-30,0.9980,1.00,yes
2026-10-05T03:28:35.967849Z,KXGOLD15M-26OCT042330-30,0.9980,295.14,yes
2026-10-05T03:28:37.555173Z,KXGOLD15M-26OCT042330-30,0.9970,305.35,no
2026-10-05T03:28:37.844808Z,KXGOLD15M-26OCT042330-30,0.9980,10.00,yes
2026-10-05T03:28:38.341738Z,KXGOLD15M-26OCT042330-30,0.9970,40.00,no
2026-10-05T03:28:38.341738Z,KXGOLD15M-26OCT042330-30,0.9970,58.35,no
2026-10-05T03:28:38.341738Z,KXGOLD15M-26OCT042330-30,0.9960,1.00,no
2026-10-05T03:28:38.341738Z,KXGOLD15M-26OCT042330-30,0.9970,30.19,no
2026-10-05T03:28:38.341738Z,KXGOLD15M-26OCT042330-30,0.9970,1.00,no
2026-10-05T03:28:38.341738Z,KXGOLD15M-26OCT042330-30,0.9970,32.85,no
2026-10-05T03:28:38.341738Z,KXGOLD15M-26OCT042330-30,0.9970,10.02,no
2026-10-05T03:28:38.341738Z,KXGOLD15M-26OCT042330-30,0.9970,1.00,no
2026-10-05T03:28:38.341738Z,KXGOLD15M-26OCT042330-30,0.9960,5.01,no
2026-10-05T03:28:38.341738Z,KXGOLD15M-26OCT042330-30,0.9960,5.25,no
2026-10-05T03:28:38.341738Z,KXGOLD15M-26OCT042330-30,0.9960,2.55,no
2026-10-05T03:28:38.341738Z,KXGOLD15M-26OCT042330-30,0.9960,0.21,no
2026-10-05T03:28:38.341738Z,KXGOLD15M-26OCT042330-30,0.9970,10.02,no
2026-10-05T03:28:38.341738Z,KXGOLD15M-26OCT042330-30,0.9970,82.75,no
2026-10-05T03:28:38.341738Z,KXGOLD15M-26OCT042330-30,0.9970,2.00,no
2026-10-05T03:28:38.341738Z,KXGOLD15M-26OCT042330-30,0.9970,22.56,no
2026-10-05T03:28:38.522842Z,KXGOLD15M-26OCT042330-30,0.9970,100.00,no
2026-10-05T03:28:38.680829Z,KXGOLD15M-26OCT042330-30,0.9970,305.35,no
2026-10-05T03:28:38.777662Z,KXGOLD15M-26OCT042330-30,0.9980,42.16,yes
2026-10-05T03:28:38.796216Z,KXGOLD15M-26OCT042330-30,0.9970,304.76,no
2026-10-05T03:28:39.652428Z,KXGOLD15M-26OCT042330-30,0.9970,789.89,no
2026-10-05T03:28:39.652428Z,KXGOLD15M-26OCT042330-30,0.9970,100.00,no
2026-10-05T03:28:39.652428Z,KXGOLD15M-26OCT042330-30,0.9960,32.72,no
2026-10-05T03:28:40.180423Z,KXGOLD15M-26OCT042330-30,0.9970,1.00,no
2026-10-05T03:28:40.207396Z,KXGOLD15M-26OCT042330-30,0.9970,503.19,no
2026-10-05T03:28:40.450297Z,KXGOLD15M-26OCT042330-30,0.9970,305.35,no
2026-10-05T03:28:40.789606Z,KXGOLD15M-26OCT042330-30,0.9970,22.00,no
2026-10-05T03:28:41.096942Z,KXGOLD15M-26OCT042330-30,0.9980,0.88,yes
2026-10-05T03:28:41.320235Z,KXGOLD15M-26OCT042330-30,0.9970,3.06,no
2026-10-05T03:28:41.7335Z,KXGOLD15M-26OCT042330-30,0.9970,30.53,no
2026-10-05T03:28:41.962214Z,KXGOLD15M-26OCT042330-30,0.9970,305.35,no
2026-10-05T03:28:42.291346Z,KXGOLD15M-26OCT042330-30,0.9970,155.79,no
2026-10-05T03:28:42.648594Z,KXGOLD15M-26OCT042330-30,0.9970,7.19,no
2026-10-05T03:28:42.794843Z,KXGOLD15M-26OCT042330-30,0.9970,106.87,no
2026-10-05T03:28:44.065227Z,KXGOLD15M-26OCT042330-30,0.9960,186.97,no
2026-10-05T03:28:44.065227Z,KXGOLD15M-26OCT042330-30,0.9970,59.67,no
2026-10-05T03:28:44.259539Z,KXGOLD15M-26OCT042330-30,0.9970,223.26,no
2026-10-05T03:28:44.265754Z,KXGOLD15M-26OCT042330-30,0.9970,100.00,no
2026-10-05T03:28:44.494746Z,KXGOLD15M-26OCT042330-30,0.9960,4.72,no
2026-10-05T03:28:44.494746Z,KXGOLD15M-26OCT042330-30,0.9970,1176.74,no
2026-10-05T03:28:44.766652Z,KXGOLD15M-26OCT042330-30,0.9970,4.67,no
2026-10-05T03:28:44.813807Z,KXGOLD15M-26OCT042330-30,0.9980,400.74,yes
2026-10-05T03:28:45.113186Z,KXGOLD15M-26OCT042330-30,0.9970,155.79,no
2026-10-05T03:28:45.511656Z,KXGOLD15M-26OCT042330-30,0.9980,186.97,yes
2026-10-05T03:28:45.854126Z,KXGOLD15M-26OCT042330-30,0.9970,305.35,no
2026-10-05T03:28:46.104322Z,KXGOLD15M-26OCT042330-30,0.9970,305.35,no
2026-10-05T03:28:46.502032Z,KXGOLD15M-26OCT042330-30,0.9960,32.97,no
2026-10-05T03:28:46.502032Z,KXGOLD15M-26OCT042330-30,0.9960,511.57,no
2026-10-05T03:28:46.502032Z,KXGOLD15M-26OCT042330-30,0.9970,728.84,no
2026-10-05T03:28:46.502032Z,KXGOLD15M-26OCT042330-30,0.9970,100.00,no
2026-10-05T03:28:46.988387Z,KXGOLD15M-26OCT042330-30,0.9980,6.29,yes
2026-10-05T03:28:47.277515Z,KXGOLD15M-26OCT042330-30,0.9970,610.72,no
2026-10-05T03:28:47.913553Z,KXGOLD15M-26OCT042330-30,0.9980,0.49,yes
2026-10-05T03:28:48.872646Z,KXGOLD15M-26OCT042330-30,0.9970,305.35,no
2026-10-05T03:28:49.143854Z,KXGOLD15M-26OCT042330-30,0.9980,3.00,yes
2026-10-05T03:28:49.183283Z,KXGOLD15M-26OCT042330-30,0.9980,23.36,yes
2026-10-05T03:28:49.183283Z,KXGOLD15M-26OCT042330-30,0.9980,188.64,yes
2026-10-05T03:28:49.974065Z,KXGOLD15M-26OCT042330-30,0.9970,296.21,no
2026-10-05T03:28:50.701588Z,KXGOLD15M-26OCT042330-30,0.9970,287.72,no
2026-10-05T03:28:50.701588Z,KXGOLD15M-26OCT042330-30,0.9970,17.63,no
2026-10-05T03:28:51.45914Z,KXGOLD15M-26OCT042330-30,0.9970,22.37,no
2026-10-05T03:28:51.45914Z,KXGOLD15M-26OCT042330-30,0.9970,112.63,no
2026-10-05T03:28:51.738136Z,KXGOLD15M-26OCT042330-30,0.9970,76.01,no
2026-10-05T03:28:51.738136Z,KXGOLD15M-26OCT042330-30,0.9970,79.78,no
2026-10-05T03:28:51.883728Z,KXGOLD15M-26OCT042330-30,0.9970,934.76,no
2026-10-05T03:28:52.410344Z,KXGOLD15M-26OCT042330-30,0.9970,305.35,no
2026-10-05T03:28:52.906562Z,KXGOLD15M-26OCT042330-30,0.9980,40.69,yes
2026-10-05T03:28:53.258134Z,KXGOLD15M-26OCT042330-30,0.9960,100.00,no
2026-10-05T03:28:53.258134Z,KXGOLD15M-26OCT042330-30,0.9950,100.00,no
2026-10-05T03:28:53.258134Z,KXGOLD15M-26OCT042330-30,0.9950,12.00,no
2026-10-05T03:28:53.258134Z,KXGOLD15M-26OCT042330-30,0.9950,58.60,no
2026-10-05T03:28:53.258134Z,KXGOLD15M-26OCT042330-30,0.9960,667.03,no
2026-10-05T03:28:53.258134Z,KXGOLD15M-26OCT042330-30,0.9970,40.69,no
2026-10-05T03:28:53.258134Z,KXGOLD15M-26OCT042330-30,0.9970,180.11,no
2026-10-05T03:28:53.512749Z,KXGOLD15M-26OCT042330-30,0.9970,19.89,no
2026-10-05T03:28:54.644458Z,KXGOLD15M-26OCT042330-30,0.9970,305.35,no
2026-10-05T03:28:54.715284Z,KXGOLD15M-26OCT042330-30,0.9970,155.79,no
2026-10-05T03:28:54.945874Z,KXGOLD15M-26OCT042330-30,0.9970,1.04,no
2026-10-05T03:28:55.047414Z,KXGOLD15M-26OCT042330-30,0.9970,305.35,no
2026-10-05T03:28:55.691148Z,KXGOLD15M-26OCT042330-30,0.9970,63.13,no
2026-10-05T03:28:57.435961Z,KXGOLD15M-26OCT042330-30,0.9970,305.35,no
2026-10-05T03:28:57.974974Z,KXGOLD15M-26OCT042330-30,0.9980,5.90,yes
2026-10-05T03:28:58.253696Z,KXGOLD15M-26OCT042330-30,0.9980,2.00,yes
2026-10-05T03:28:58.649984Z,KXGOLD15M-26OCT042330-30,0.9980,1001.86,yes
2026-10-05T03:28:58.702987Z,KXGOLD15M-26OCT042330-30,0.9970,2.00,no
2026-10-05T03:28:58.702987Z,KXGOLD15M-26OCT042330-30,0.9970,5.90,no
2026-10-05T03:28:58.702987Z,KXGOLD15M-26OCT042330-30,0.9960,100.00,no
2026-10-05T03:28:58.702987Z,KXGOLD15M-26OCT042330-30,0.9970,1500.00,no
2026-10-05T03:28:58.702987Z,KXGOLD15M-26OCT042330-30,0.9950,524.99,no
2026-10-05T03:28:59.086861Z,KXGOLD15M-26OCT042330-30,0.9980,37.00,yes
2026-10-05T03:28:59.086861Z,KXGOLD15M-26OCT042330-30,0.9980,5.00,yes
2026-10-05T03:28:59.086861Z,KXGOLD15M-26OCT042330-30,0.9980,5.00,yes
2026-10-05T03:28:59.086861Z,KXGOLD15M-26OCT042330-30,0.9980,5.00,yes
2026-10-05T03:28:59.086861Z,KXGOLD15M-26OCT042330-30,0.9980,326.80,yes
2026-10-05T03:28:59.086861Z,KXGOLD15M-26OCT042330-30,0.9980,10.91,yes
2026-10-05T03:28:59.100495Z,KXGOLD15M-26OCT042330-30,0.9970,244.30,no
2026-10-05T03:28:59.219256Z,KXGOLD15M-26OCT042330-30,0.9980,5.00,yes
2026-10-05T03:28:59.481639Z,KXGOLD15M-26OCT042330-30,0.9980,3.55,yes
2026-10-05T03:28:59.643754Z,KXGOLD15M-26OCT042330-30,0.9970,292.89,no
2026-10-05T03:28:59.686702Z,KXGOLD15M-26OCT042330-30,0.9970,563.99,no
2026-10-05T03:28:59.686702Z,KXGOLD15M-26OCT042330-30,0.9970,962.81,no
2026-10-05T03:28:59.95228Z,KXGOLD15M-26OCT042330-30,0.9980,500.00,yes
2026-10-05T03:29:00.326336Z,KXGOLD15M-26OCT042330-30,0.9970,300.00,no
2026-10-05T03:29:00.45653Z,KXGOLD15M-26OCT042330-30,0.9970,1388.93,no
2026-10-05T03:29:00.45653Z,KXGOLD15M-26OCT042330-30,0.9970,137.87,no
2026-10-05T03:29:00.895821Z,KXGOLD15M-26OCT042330-30,0.9980,55.00,yes
2026-10-05T03:29:01.459455Z,KXGOLD15M-26OCT042330-30,0.9980,103.00,yes
2026-10-05T03:29:01.504708Z,KXGOLD15M-26OCT042330-30,0.9980,3.95,yes
2026-10-05T03:29:02.221735Z,KXGOLD15M-26OCT042330-30,0.9980,0.30,yes
2026-10-05T03:29:02.221735Z,KXGOLD15M-26OCT042330-30,0.9980,2.70,yes
2026-10-05T03:29:02.428427Z,KXGOLD15M-26OCT042330-30,0.9970,133.00,no
2026-10-05T03:29:02.428427Z,KXGOLD15M-26OCT042330-30,0.9970,10.91,no
2026-10-05T03:29:02.428427Z,KXGOLD15M-26OCT042330-30,0.9970,111.07,no
2026-10-05T03:29:02.428427Z,KXGOLD15M-26OCT042330-30,0.9950,33.65,no
2026-10-05T03:29:03.248276Z,KXGOLD15M-26OCT042330-30,0.9980,1.00,yes
2026-10-05T03:29:03.614759Z,KXGOLD15M-26OCT042330-30,0.9970,305.35,no
2026-10-05T03:29:03.790472Z,KXGOLD15M-26OCT042330-30,0.9980,112.20,yes
2026-10-05T03:29:04.151132Z,KXGOLD15M-26OCT042330-30,0.9970,155.79,no
2026-10-05T03:29:04.20364Z,KXGOLD15M-26OCT042330-30,0.9970,305.35,no
2026-10-05T03:29:04.253339Z,KXGOLD15M-26OCT042330-30,0.9970,183.22,no
2026-10-05T03:29:05.974568Z,KXGOLD15M-26OCT042330-30,0.9970,550.29,no
2026-10-05T03:29:05.974568Z,KXGOLD15M-26OCT042330-30,0.9970,0.01,no
2026-10-05T03:29:05.974568Z,KXGOLD15M-26OCT042330-30,0.9970,40.00,no
2026-10-05T03:29:05.974568Z,KXGOLD15M-26OCT042330-30,0.9950,130.15,no
2026-10-05T03:29:05.974568Z,KXGOLD15M-26OCT042330-30,0.9970,100.00,no
2026-10-05T03:29:07.635373Z,KXGOLD15M-26OCT042330-30,0.9970,1500.00,no
2026-10-05T03:29:07.916241Z,KXGOLD15M-26OCT042330-30,0.9980,0.18,yes
2026-10-05T03:29:07.925262Z,KXGOLD15M-26OCT042330-30,0.9970,100.00,no
2026-10-05T03:29:08.165511Z,KXGOLD15M-26OCT042330-30,0.9960,100.00,no
2026-10-05T03:29:08.165511Z,KXGOLD15M-26OCT042330-30,0.9970,100.00,no
2026-10-05T03:29:08.165511Z,KXGOLD15M-26OCT042330-30,0.9970,1500.00,no
2026-10-05T03:29:08.165511Z,KXGOLD15M-26OCT042330-30,0.9950,263.54,no
2026-10-05T03:29:08.165511Z,KXGOLD15M-26OCT042330-30,0.9950,64.77,no
2026-10-05T03:29:08.165511Z,KXGOLD15M-26OCT042330-30,0.9950,500.00,no
2026-10-05T03:29:08.978197Z,KXGOLD15M-26OCT042330-30,0.9980,5.00,yes
2026-10-05T03:29:09.787239Z,KXGOLD15M-26OCT042330-30,0.9970,3.00,no
2026-10-05T03:29:10.051566Z,KXGOLD15M-26OCT042330-30,0.9980,5.00,yes
2026-10-05T03:29:10.051566Z,KXGOLD15M-26OCT042330-30,0.9980,0.18,yes
2026-10-05T03:29:10.051566Z,KXGOLD15M-26OCT042330-30,0.9980,5.00,yes
2026-10-05T03:29:10.051566Z,KXGOLD15M-26OCT042330-30,0.9980,36.00,yes
2026-10-05T03:29:10.051566Z,KXGOLD15M-26OCT042330-30,0.9980,94.82,yes
2026-10-05T03:29:10.24434Z,KXGOLD15M-26OCT042330-30,0.9970,305.35,no
2026-10-05T03:29:10.612786Z,KXGOLD15M-26OCT042330-30,0.9970,305.35,no
2026-10-05T03:29:10.828527Z,KXGOLD15M-26OCT042330-30,0.9990,25.02,yes
2026-10-05T03:29:12.113602Z,KXGOLD15M-26OCT042330-30,0.9990,0.22,yes
2026-10-05T03:29:12.490768Z,KXGOLD15M-26OCT042330-30,0.9990,1.25,yes
2026-10-05T03:29:12.725795Z,KXGOLD15M-26OCT042330-30,0.9970,2.07,no
2026-10-05T03:29:13.235104Z,KXGOLD15M-26OCT042330-30,0.9970,91.62,no
2026-10-05T03:29:13.595263Z,KXGOLD15M-26OCT042330-30,0.9980,630.33,no
2026-10-05T03:29:13.806425Z,KXGOLD15M-26OCT042330-30,0.9990,100.00,yes
2026-10-05T03:29:14.989171Z,KXGOLD15M-26OCT042330-30,0.9980,1.00,no
2026-10-05T03:29:15.392671Z,KXGOLD15M-26OCT042330-30,0.9990,42.51,yes
2026-10-05T03:29:16.092326Z,KXGOLD15M-26OCT042330-30,0.9980,541.66,no
2026-10-05T03:29:16.815272Z,KXGOLD15M-26OCT042330-30,0.9990,1.00,yes
2026-10-05T03:29:17.914581Z,KXGOLD15M-26OCT042330-30,0.9990,5.00,yes
2026-10-05T03:29:19.040313Z,KXGOLD15M-26OCT042330-30,0.9990,234.22,yes
2026-10-05T03:29:19.73818Z,KXGOLD15M-26OCT042330-30,0.9980,12.56,no
2026-10-05T03:29:20.493894Z,KXGOLD15M-26OCT042330-30,0.9990,22.42,yes
2026-10-05T03:29:20.503741Z,KXGOLD15M-26OCT042330-30,0.9990,15.00,yes
2026-10-05T03:29:21.719078Z,KXGOLD15M-26OCT042330-30,0.9990,2.00,yes
2026-10-05T03:29:23.715397Z,KXGOLD15M-26OCT042330-30,0.9990,8.66,yes
2026-10-05T03:29:24.349937Z,KXGOLD15M-26OCT042330-30,0.9990,69.35,yes
2026-10-05T03:29:25.072452Z,KXGOLD15M-26OCT042330-30,0.9990,0.10,yes
2026-10-05T03:29:25.283286Z,KXGOLD15M-26OCT042330-30,0.9970,59.73,no
2026-10-05T03:29:25.283286Z,KXGOLD15M-26OCT042330-30,0.9980,0.01,no
2026-10-05T03:29:25.283286Z,KXGOLD15M-26OCT042330-30,0.9980,40.00,no
2026-10-05T03:29:25.283286Z,KXGOLD15M-26OCT042330-30,0.9980,314.45,no
2026-10-05T03:29:25.539892Z,KXGOLD15M-26OCT042330-30,0.9980,641.00,no
2026-10-05T03:29:26.097119Z,KXGOLD15M-26OCT042330-30,0.9980,1.00,no
2026-10-05T03:29:26.159663Z,KXGOLD15M-26OCT042330-30,0.9990,29.23,yes
2026-10-05T03:29:26.597666Z,KXGOLD15M-26OCT042330-30,0.9980,1.00,no
2026-10-05T03:29:27.599406Z,KXGOLD15M-26OCT042330-30,0.9980,26.00,no
2026-10-05T03:29:28.097947Z,KXGOLD15M-26OCT042330-30,0.9980,18.00,no
2026-10-05T03:29:28.621146Z,KXGOLD15M-26OCT042330-30,0.9980,13.00,no
2026-10-05T03:29:28.895127Z,KXGOLD15M-26OCT042330-30,0.9980,0.27,no
2026-10-05T03:29:28.904556Z,KXGOLD15M-26OCT042330-30,0.9990,20.03,yes
2026-10-05T03:29:29.057597Z,KXGOLD15M-26OCT042330-30,0.9980,1.20,no
2026-10-05T03:29:29.114698Z,KXGOLD15M-26OCT042330-30,0.9980,11.00,no
2026-10-05T03:29:29.370087Z,KXGOLD15M-26OCT042330-30,0.9980,4.59,no
2026-10-05T03:29:29.658821Z,KXGOLD15M-26OCT042330-30,0.9980,3.00,no
2026-10-05T03:29:29.728268Z,KXGOLD15M-26OCT042330-30,0.9990,776.94,yes
2026-10-05T03:29:29.728268Z,KXGOLD15M-26OCT042330-30,0.9990,223.99,yes
2026-10-05T03:29:30.011662Z,KXGOLD15M-26OCT042330-30,0.9990,250.00,yes
2026-10-05T03:29:30.147306Z,KXGOLD15M-26OCT042330-30,0.9980,0.01,no
2026-10-05T03:29:30.147306Z,KXGOLD15M-26OCT042330-30,0.9980,1.99,no
2026-10-05T03:29:30.634903Z,KXGOLD15M-26OCT042330-30,0.9980,1.00,no
2026-10-05T03:29:31.168217Z,KXGOLD15M-26OCT042330-30,0.9980,3.00,no
2026-10-05T03:29:31.522011Z,KXGOLD15M-26OCT042330-30,0.9980,2.00,no
2026-10-05T03:29:31.673275Z,KXGOLD15M-26OCT042330-30,0.9980,2.00,no
2026-10-05T03:29:31.983924Z,KXGOLD15M-26OCT042330-30,0.9990,9.65,yes
2026-10-05T03:29:32.060148Z,KXGOLD15M-26OCT042330-30,0.9990,2000.00,yes
2026-10-05T03:29:32.212046Z,KXGOLD15M-26OCT042330-30,0.9980,1.00,no
2026-10-05T03:29:32.65956Z,KXGOLD15M-26OCT042330-30,0.9990,129.68,yes
2026-10-05T03:29:32.743347Z,KXGOLD15M-26OCT042330-30,0.9980,3.00,no
2026-10-05T03:29:33.277374Z,KXGOLD15M-26OCT042330-30,0.9980,2.00,no
2026-10-05T03:29:33.817532Z,KXGOLD15M-26OCT042330-30,0.9980,1.00,no
2026-10-05T03:29:34.22366Z,KXGOLD15M-26OCT042330-30,0.9980,4.59,no
2026-10-05T03:29:34.287668Z,KXGOLD15M-26OCT042330-30,0.9990,361.95,yes
2026-10-05T03:29:34.287668Z,KXGOLD15M-26OCT042330-30,0.9990,1833.73,yes
2026-10-05T03:29:34.360809Z,KXGOLD15M-26OCT042330-30,0.9980,3.00,no
2026-10-05T03:29:34.615001Z,KXGOLD15M-26OCT042330-30,0.9990,1.00,yes
2026-10-05T03:29:34.615001Z,KXGOLD15M-26OCT042330-30,0.9990,1000.00,yes
2026-10-05T03:29:34.615001Z,KXGOLD15M-26OCT042330-30,0.9990,888.05,yes
2026-10-05T03:29:34.615001Z,KXGOLD15M-26OCT042330-30,0.9990,4.59,yes
2026-10-05T03:29:34.615001Z,KXGOLD15M-26OCT042330-30,0.9990,3.00,yes
2026-10-05T03:29:34.615001Z,KXGOLD15M-26OCT042330-30,0.9990,1.00,yes
2026-10-05T03:29:34.615001Z,KXGOLD15M-26OCT042330-30,0.9990,3.00,yes
2026-10-05T03:29:34.615001Z,KXGOLD15M-26OCT042330-30,0.9990,2.00,yes
2026-10-05T03:29:34.615001Z,KXGOLD15M-26OCT042330-30,0.9990,1.00,yes
2026-10-05T03:29:34.615001Z,KXGOLD15M-26OCT042330-30,0.9990,1.00,yes
2026-10-05T03:29:34.615001Z,KXGOLD15M-26OCT042330-30,0.9990,1.99,yes
2026-10-05T03:29:34.615001Z,KXGOLD15M-26OCT042330-30,0.9990,2.00,yes
2026-10-05T03:29:34.615001Z,KXGOLD15M-26OCT042330-30,0.9990,3.00,yes
2026-10-05T03:29:34.615001Z,KXGOLD15M-26OCT042330-30,0.9990,2.00,yes
2026-10-05T03:29:34.615001Z,KXGOLD15M-26OCT042330-30,0.9990,59.00,yes
2026-10-05T03:29:34.615001Z,KXGOLD15M-26OCT042330-30,0.9990,200.00,yes
2026-10-05T03:29:34.615001Z,KXGOLD15M-26OCT042330-30,0.9990,5.00,yes
2026-10-05T03:29:34.615001Z,KXGOLD15M-26OCT042330-30,0.9990,1.00,yes
2026-10-05T03:29:34.615001Z,KXGOLD15M-26OCT042330-30,0.9990,1000.00,yes
2026-10-05T03:29:34.615001Z,KXGOLD15M-26OCT042330-30,0.9990,2000.00,yes
2026-10-05T03:29:34.615001Z,KXGOLD15M-26OCT042330-30,0.9990,400.00,yes
2026-10-05T03:29:34.780118Z,KXGOLD15M-26OCT042330-30,0.9990,467.36,no
2026-10-05T03:29:34.865036Z,KXGOLD15M-26OCT042330-30,0.9990,2.00,no
2026-10-05T03:29:35.309365Z,KXGOLD15M-26OCT042330-30,0.9990,458.04,no
2026-10-05T03:29:35.36284Z,KXGOLD15M-26OCT042330-30,0.9990,1.00,no
2026-10-05T03:29:35.620739Z,KXGOLD15M-26OCT042330-30,0.9990,14.80,no
2026-10-05T03:29:35.94438Z,KXGOLD15M-26OCT042330-30,0.9990,3.00,no
2026-10-05T03:29:36.437493Z,KXGOLD15M-26OCT042330-30,0.9990,2.00,no
2026-10-05T03:29:36.969617Z,KXGOLD15M-26OCT042330-30,0.9990,1.00,no
2026-10-05T03:29:37.146997Z,KXGOLD15M-26OCT042330-30,0.9990,4579.77,no
2026-10-05T03:29:37.456825Z,KXGOLD15M-26OCT042330-30,0.9990,7.81,no
2026-10-05T03:29:38.091852Z,KXGOLD15M-26OCT042330-30,0.9990,4.35,no
2026-10-05T03:29:40.239579Z,KXGOLD15M-26OCT042330-30,0.9990,5.01,no
2026-10-05T03:29:40.835273Z,KXGOLD15M-26OCT042330-30,0.9990,5.01,no
2026-10-05T03:29:41.271011Z,KXGOLD15M-26OCT042330-30,0.9990,9159.55,no
2026-10-05T03:29:43.66396Z,KXGOLD15M-26OCT042330-30,0.9990,91.62,no
2026-10-05T03:29:43.954782Z,KXGOLD15M-26OCT042330-30,0.9990,6.31,no
2026-10-05T03:29:45.778252Z,KXGOLD15M-26OCT042330-30,0.9990,5.00,no
2026-10-05T03:29:46.592348Z,KXGOLD15M-26OCT042330-30,0.9990,9159.55,no
2026-10-05T03:29:47.278854Z,KXGOLD15M-26OCT042330-30,0.9990,7.39,no
2026-10-05T03:29:51.86295Z,KXGOLD15M-26OCT042330-30,0.9990,4.00,no
2026-10-05T03:29:56.43081Z,KXGOLD15M-26OCT042330-30,0.9990,6.05,no
2026-10-05T03:29:56.538833Z,KXGOLD15M-26OCT042330-30,0.9990,8.94,no
2026-10-05T03:29:57.531297Z,KXGOLD15M-26OCT042330-30,0.9990,915.99,no
2026-10-05T03:29:57.629972Z,KXGOLD15M-26OCT042330-30,0.9990,11.03,no
2026-10-05T03:29:59.008327Z,KXGOLD15M-26OCT042330-30,0.9990,1831.90,no
2026-10-05T03:27:38.313009Z,KXCOPPER15M-26OCT042330-30,0.9900,20.18,yes
2026-10-05T03:27:38.324172Z,KXCOPPER15M-26OCT042330-30,0.9900,15.00,yes
2026-10-05T03:27:43.462637Z,KXCOPPER15M-26OCT042330-30,0.9800,0.20,no
2026-10-05T03:27:43.462637Z,KXCOPPER15M-26OCT042330-30,0.9800,46.59,no
2026-10-05T03:27:54.434973Z,KXCOPPER15M-26OCT042330-30,0.9900,11.10,yes
2026-10-05T03:27:54.445081Z,KXCOPPER15M-26OCT042330-30,0.9800,1.00,no
2026-10-05T03:27:57.453305Z,KXCOPPER15M-26OCT042330-30,0.9800,6.79,no
2026-10-05T03:27:57.453305Z,KXCOPPER15M-26OCT042330-30,0.9800,40.00,no
2026-10-05T03:27:57.646426Z,KXCOPPER15M-26OCT042330-30,0.9800,8.21,no
2026-10-05T03:27:57.646426Z,KXCOPPER15M-26OCT042330-30,0.9800,14.09,no
2026-10-05T03:27:58.250554Z,KXCOPPER15M-26OCT042330-30,0.9900,11.10,yes
2026-10-05T03:28:00.310576Z,KXCOPPER15M-26OCT042330-30,0.9900,40.00,yes
2026-10-05T03:28:00.310576Z,KXCOPPER15M-26OCT042330-30,0.9900,3.50,yes
2026-10-05T03:28:00.310576Z,KXCOPPER15M-26OCT042330-30,0.9900,7.00,yes
2026-10-05T03:28:00.310576Z,KXCOPPER15M-26OCT042330-30,0.9900,50.00,yes
2026-10-05T03:28:00.310576Z,KXCOPPER15M-26OCT042330-30,0.9900,1.00,yes
2026-10-05T03:28:00.310576Z,KXCOPPER15M-26OCT042330-30,0.9900,2.00,yes
2026-10-05T03:28:00.310576Z,KXCOPPER15M-26OCT042330-30,0.9900,1.00,yes
2026-10-05T03:28:00.310576Z,KXCOPPER15M-26OCT042330-30,0.9900,2.00,yes
2026-10-05T03:28:00.310576Z,KXCOPPER15M-26OCT042330-30,0.9900,100.00,yes
2026-10-05T03:28:00.310576Z,KXCOPPER15M-26OCT042330-30,0.9900,10.00,yes
2026-10-05T03:28:00.310576Z,KXCOPPER15M-26OCT042330-30,0.9900,20.00,yes
2026-10-05T03:28:00.310576Z,KXCOPPER15M-26OCT042330-30,0.9900,2.00,yes
2026-10-05T03:28:00.310576Z,KXCOPPER15M-26OCT042330-30,0.9900,20.00,yes
2026-10-05T03:28:00.310576Z,KXCOPPER15M-26OCT042330-30,0.9900,0.70,yes
2026-10-05T03:28:00.310576Z,KXCOPPER15M-26OCT042330-30,0.9900,100.00,yes
2026-10-05T03:28:00.310576Z,KXCOPPER15M-26OCT042330-30,0.9900,1.00,yes
2026-10-05T03:28:00.310576Z,KXCOPPER15M-26OCT042330-30,0.9900,1.00,yes
2026-10-05T03:28:00.310576Z,KXCOPPER15M-26OCT042330-30,0.9900,407.62,yes
2026-10-05T03:28:00.310576Z,KXCOPPER15M-26OCT042330-30,0.9900,3.00,yes
2026-10-05T03:28:02.388429Z,KXCOPPER15M-26OCT042330-30,0.9900,20.00,yes
2026-10-05T03:28:02.388429Z,KXCOPPER15M-26OCT042330-30,0.9900,50.00,yes
2026-10-05T03:28:02.388429Z,KXCOPPER15M-26OCT042330-30,0.9900,7.00,yes
2026-10-05T03:28:03.99764Z,KXCOPPER15M-26OCT042330-30,0.9900,20.00,yes
2026-10-05T03:28:03.99764Z,KXCOPPER15M-26OCT042330-30,0.9900,6.00,yes
2026-10-05T03:28:03.99764Z,KXCOPPER15M-26OCT042330-30,0.9900,50.00,yes
2026-10-05T03:28:04.439074Z,KXCOPPER15M-26OCT042330-30,0.9900,23.00,yes
2026-10-05T03:28:05.322301Z,KXCOPPER15M-26OCT042330-30,0.9900,20.00,yes
2026-10-05T03:28:05.322301Z,KXCOPPER15M-26OCT042330-30,0.9900,27.00,yes
2026-10-05T03:28:05.322301Z,KXCOPPER15M-26OCT042330-30,0.9900,1.00,yes
2026-10-05T03:28:19.092582Z,KXCOPPER15M-26OCT042330-30,0.9900,39.83,no
2026-10-05T03:28:19.092582Z,KXCOPPER15M-26OCT042330-30,0.9900,9.38,no
2026-10-05T03:28:51.587693Z,KXCOPPER15M-26OCT042330-30,0.9900,93.51,no
2026-10-05T03:29:10.91031Z,KXCOPPER15M-26OCT042330-30,0.9900,93.51,no
2026-10-05T03:29:19.253376Z,KXCOPPER15M-26OCT042330-30,0.9900,96.00,no
2026-10-05T03:29:19.253376Z,KXCOPPER15M-26OCT042330-30,0.9900,180.77,no
2026-10-05T03:29:19.253376Z,KXCOPPER15M-26OCT042330-30,0.9900,20.00,no
2026-10-05T03:29:19.253376Z,KXCOPPER15M-26OCT042330-30,0.9900,5.00,no
2026-10-05T03:29:19.253376Z,KXCOPPER15M-26OCT042330-30,0.9900,30.00,no
2026-10-05T03:29:19.253376Z,KXCOPPER15M-26OCT042330-30,0.9900,60.00,no
2026-10-05T03:29:19.253376Z,KXCOPPER15M-26OCT042330-30,0.9900,15.82,no
2026-10-05T03:29:19.253376Z,KXCOPPER15M-26OCT042330-30,0.9900,60.00,no
2026-10-05T03:29:35.107434Z,KXCOPPER15M-26OCT042330-30,0.9900,6.00,no
2026-10-05T03:29:35.107434Z,KXCOPPER15M-26OCT042330-30,0.9900,5.00,no
2026-10-05T03:29:37.905229Z,KXCOPPER15M-26OCT042330-30,0.9900,7.18,no
2026-10-05T03:29:40.850134Z,KXCOPPER15M-26OCT042330-30,0.9900,2.53,no
2026-10-05T03:29:40.850134Z,KXCOPPER15M-26OCT042330-30,0.9900,6.82,no
2026-10-05T03:29:41.759362Z,KXCOPPER15M-26OCT042330-30,0.9900,17.47,no
2026-10-05T03:29:41.759362Z,KXCOPPER15M-26OCT042330-30,0.9900,19.00,no
2026-10-05T03:28:12.946947Z,KXGBPUSD15M-26OCT042330-30,0.9900,75.00,yes
2026-10-05T03:28:12.946947Z,KXGBPUSD15M-26OCT042330-30,0.9900,1.00,yes
2026-10-05T03:28:12.946947Z,KXGBPUSD15M-26OCT042330-30,0.9900,12.00,yes
2026-10-05T03:28:12.946947Z,KXGBPUSD15M-26OCT042330-30,0.9900,10.00,yes
2026-10-05T03:28:12.946947Z,KXGBPUSD15M-26OCT042330-30,0.9900,1.00,yes
2026-10-05T03:28:14.703916Z,KXGBPUSD15M-26OCT042330-30,0.9900,3.51,no
2026-10-05T03:28:14.703916Z,KXGBPUSD15M-26OCT042330-30,0.9900,30.00,no
2026-10-05T03:28:14.703916Z,KXGBPUSD15M-26OCT042330-30,0.9900,60.00,no
2026-10-05T03:28:41.846156Z,KXGBPUSD15M-26OCT042330-30,0.9900,53.51,no
2026-10-05T03:28:41.846156Z,KXGBPUSD15M-26OCT042330-30,0.9900,30.00,no
2026-10-05T03:28:41.846156Z,KXGBPUSD15M-26OCT042330-30,0.9900,10.00,no
2026-10-05T03:27:28.859272Z,KXZEC15M-26OCT042330-30,0.0500,1.00,no
2026-10-05T03:27:28.859272Z,KXZEC15M-26OCT042330-30,0.0500,21.00,no
2026-10-05T03:27:28.859272Z,KXZEC15M-26OCT042330-30,0.0500,0.03,no
2026-10-05T03:27:28.859272Z,KXZEC15M-26OCT042330-30,0.0490,0.03,no
2026-10-05T03:27:28.859272Z,KXZEC15M-26OCT042330-30,0.0480,4.94,no
2026-10-05T03:27:28.859272Z,KXZEC15M-26OCT042330-30,0.0490,1.00,no
2026-10-05T03:27:33.793137Z,KXZEC15M-26OCT042330-30,0.0680,3.00,yes
2026-10-05T03:27:33.793137Z,KXZEC15M-26OCT042330-30,0.0670,0.03,yes
2026-10-05T03:27:33.793137Z,KXZEC15M-26OCT042330-30,0.0680,2.18,yes
2026-10-05T03:27:33.793137Z,KXZEC15M-26OCT042330-30,0.0680,0.03,yes
2026-10-05T03:27:33.793137Z,KXZEC15M-26OCT042330-30,0.0670,1.00,yes
2026-10-05T03:27:34.689537Z,KXZEC15M-26OCT042330-30,0.0460,0.06,no
2026-10-05T03:27:34.689537Z,KXZEC15M-26OCT042330-30,0.0460,1.00,no
2026-10-05T03:27:34.689537Z,KXZEC15M-26OCT042330-30,0.0450,4.88,no
2026-10-05T03:27:34.689537Z,KXZEC15M-26OCT042330-30,0.0450,0.03,no
2026-10-05T03:27:34.689537Z,KXZEC15M-26OCT042330-30,0.0460,0.03,no
2026-10-05T03:27:36.822262Z,KXZEC15M-26OCT042330-30,0.0450,4.00,no
2026-10-05T03:27:36.822262Z,KXZEC15M-26OCT042330-30,0.0450,0.03,no
2026-10-05T03:27:36.822262Z,KXZEC15M-26OCT042330-30,0.0450,17.00,no
2026-10-05T03:27:36.822262Z,KXZEC15M-26OCT042330-30,0.0440,0.97,no
2026-10-05T03:27:36.860683Z,KXZEC15M-26OCT042330-30,0.0440,16.00,no
2026-10-05T03:27:36.860683Z,KXZEC15M-26OCT042330-30,0.0430,3.94,no
2026-10-05T03:27:36.860683Z,KXZEC15M-26OCT042330-30,0.0440,0.03,no
2026-10-05T03:27:36.860683Z,KXZEC15M-26OCT042330-30,0.0440,0.03,no
2026-10-05T03:27:38.614444Z,KXZEC15M-26OCT042330-30,0.0410,2.34,no
2026-10-05T03:27:38.614444Z,KXZEC15M-26OCT042330-30,0.0410,1.00,no
2026-10-05T03:27:41.277177Z,KXZEC15M-26OCT042330-30,0.0420,1.06,no
2026-10-05T03:27:41.277177Z,KXZEC15M-26OCT042330-30,0.0410,8.91,no
2026-10-05T03:27:41.277177Z,KXZEC15M-26OCT042330-30,0.0420,0.03,no
2026-10-05T03:27:44.209402Z,KXZEC15M-26OCT042330-30,0.0410,5.00,no
2026-10-05T03:27:44.209402Z,KXZEC15M-26OCT042330-30,0.0400,1.00,no
2026-10-05T03:27:44.209402Z,KXZEC15M-26OCT042330-30,0.0410,6.00,no
2026-10-05T03:27:44.209402Z,KXZEC15M-26OCT042330-30,0.0380,52.46,no
2026-10-05T03:27:44.209402Z,KXZEC15M-26OCT042330-30,0.0400,80.00,no
2026-10-05T03:27:45.44578Z,KXZEC15M-26OCT042330-30,0.0390,100.00,no
2026-10-05T03:27:49.012561Z,KXZEC15M-26OCT042330-30,0.0320,46.00,no
2026-10-05T03:27:49.012788Z,KXZEC15M-26OCT042330-30,0.0320,54.00,no
2026-10-05T03:27:49.012788Z,KXZEC15M-26OCT042330-30,0.0320,0.03,no
2026-10-05T03:27:49.012788Z,KXZEC15M-26OCT042330-30,0.0300,0.03,no
2026-10-05T03:27:52.430437Z,KXZEC15M-26OCT042330-30,0.0460,1.01,yes
2026-10-05T03:27:56.516411Z,KXZEC15M-26OCT042330-30,0.0220,2.00,no
2026-10-05T03:27:56.516411Z,KXZEC15M-26OCT042330-30,0.0220,0.03,no
2026-10-05T03:27:56.516411Z,KXZEC15M-26OCT042330-30,0.0220,2.97,no
2026-10-05T03:27:59.259764Z,KXZEC15M-26OCT042330-30,0.0190,1.00,no
2026-10-05T03:27:59.259764Z,KXZEC15M-26OCT042330-30,0.0190,0.03,no
2026-10-05T03:27:59.72671Z,KXZEC15M-26OCT042330-30,0.0170,0.03,no
2026-10-05T03:27:59.72671Z,KXZEC15M-26OCT042330-30,0.0170,2.03,no
2026-10-05T03:28:00.033976Z,KXZEC15M-26OCT042330-30,0.0470,0.03,yes
2026-10-05T03:28:00.033976Z,KXZEC15M-26OCT042330-30,0.0470,1.00,yes
2026-10-05T03:28:00.033976Z,KXZEC15M-26OCT042330-30,0.0460,1.00,yes
2026-10-05T03:28:00.033976Z,KXZEC15M-26OCT042330-30,0.0470,10.55,yes
2026-10-05T03:28:00.033976Z,KXZEC15M-26OCT042330-30,0.0370,5.00,yes
2026-10-05T03:28:00.033976Z,KXZEC15M-26OCT042330-30,0.0360,3.00,yes
2026-10-05T03:28:00.184524Z,KXZEC15M-26OCT042330-30,0.0450,0.91,no
2026-10-05T03:28:00.528992Z,KXZEC15M-26OCT042330-30,0.0300,24.49,no
2026-10-05T03:28:00.528992Z,KXZEC15M-26OCT042330-30,0.0450,3.51,no
2026-10-05T03:28:00.528992Z,KXZEC15M-26OCT042330-30,0.0310,10.00,no
2026-10-05T03:28:00.535775Z,KXZEC15M-26OCT042330-30,0.0300,0.51,no
2026-10-05T03:28:01.757368Z,KXZEC15M-26OCT042330-30,0.0200,1.00,no
2026-10-05T03:28:06.27767Z,KXZEC15M-26OCT042330-30,0.0140,81.97,no
2026-10-05T03:28:06.27767Z,KXZEC15M-26OCT042330-30,0.0150,5.00,no
2026-10-05T03:28:06.27767Z,KXZEC15M-26OCT042330-30,0.0150,4.00,no
2026-10-05T03:28:06.27767Z,KXZEC15M-26OCT042330-30,0.0150,0.03,no
2026-10-05T03:28:06.72119Z,KXZEC15M-26OCT042330-30,0.0100,4.97,no
2026-10-05T03:28:06.72119Z,KXZEC15M-26OCT042330-30,0.0110,0.03,no
2026-10-05T03:28:06.72119Z,KXZEC15M-26OCT042330-30,0.0110,5.00,no
2026-10-05T03:28:07.340278Z,KXZEC15M-26OCT042330-30,0.0100,10.09,no
2026-10-05T03:28:08.392035Z,KXZEC15M-26OCT042330-30,0.0100,9.94,no
2026-10-05T03:28:08.392035Z,KXZEC15M-26OCT042330-30,0.0100,40.06,no
2026-10-05T03:28:11.216336Z,KXZEC15M-26OCT042330-30,0.0100,0.03,yes
2026-10-05T03:28:11.216336Z,KXZEC15M-26OCT042330-30,0.0100,18.60,yes
2026-10-05T03:28:11.216336Z,KXZEC15M-26OCT042330-30,0.0100,1.37,yes
2026-10-05T03:28:16.103407Z,KXZEC15M-26OCT042330-30,0.0080,3.00,no
2026-10-05T03:28:16.103407Z,KXZEC15M-26OCT042330-30,0.0090,20.00,no
2026-10-05T03:28:16.103407Z,KXZEC15M-26OCT042330-30,0.0080,20.00,no
2026-10-05T03:28:19.92593Z,KXZEC15M-26OCT042330-30,0.0070,4.00,no
2026-10-05T03:28:21.042102Z,KXZEC15M-26OCT042330-30,0.0060,20.00,no
2026-10-05T03:28:21.042102Z,KXZEC15M-26OCT042330-30,0.0070,16.00,no
2026-10-05T03:28:21.153801Z,KXZEC15M-26OCT042330-30,0.0060,19.00,yes
2026-10-05T03:28:23.346475Z,KXZEC15M-26OCT042330-30,0.0050,20.00,no
2026-10-05T03:28:23.346475Z,KXZEC15M-26OCT042330-30,0.0050,1.00,no
2026-10-05T03:28:23.346475Z,KXZEC15M-26OCT042330-30,0.0050,9.03,no
2026-10-05T03:28:31.702367Z,KXZEC15M-26OCT042330-30,0.0050,1.97,no
2026-10-05T03:28:31.702367Z,KXZEC15M-26OCT042330-30,0.0040,13.00,no
2026-10-05T03:28:31.702367Z,KXZEC15M-26OCT042330-30,0.0040,0.16,no
2026-10-05T03:28:31.702367Z,KXZEC15M-26OCT042330-30,0.0040,1.00,no
2026-10-05T03:28:31.702367Z,KXZEC15M-26OCT042330-30,0.0040,1.00,no
2026-10-05T03:28:31.702367Z,KXZEC15M-26OCT042330-30,0.0040,20.00,no
2026-10-05T03:28:33.080604Z,KXZEC15M-26OCT042330-30,0.0040,5.00,no
2026-10-05T03:28:33.080604Z,KXZEC15M-26OCT042330-30,0.0040,1.00,no
2026-10-05T03:28:33.080604Z,KXZEC15M-26OCT042330-30,0.0040,0.84,no
2026-10-05T03:28:33.080604Z,KXZEC15M-26OCT042330-30,0.0040,1.00,no
2026-10-05T03:28:33.080604Z,KXZEC15M-26OCT042330-30,0.0030,91.03,no
2026-10-05T03:28:33.080604Z,KXZEC15M-26OCT042330-30,0.0030,20.00,no
2026-10-05T03:28:34.207917Z,KXZEC15M-26OCT042330-30,0.0030,0.03,no
2026-10-05T03:28:34.207917Z,KXZEC15M-26OCT042330-30,0.0030,5.00,no
2026-10-05T03:28:34.207917Z,KXZEC15M-26OCT042330-30,0.0030,2.00,no
2026-10-05T03:28:34.207917Z,KXZEC15M-26OCT042330-30,0.0030,2.00,no
2026-10-05T03:28:34.207917Z,KXZEC15M-26OCT042330-30,0.0030,2.00,no
2026-10-05T03:28:34.207917Z,KXZEC15M-26OCT042330-30,0.0030,2.00,no
2026-10-05T03:28:34.207917Z,KXZEC15M-26OCT042330-30,0.0030,2.00,no
2026-10-05T03:28:34.207917Z,KXZEC15M-26OCT042330-30,0.0030,18.00,no
2026-10-05T03:28:34.207917Z,KXZEC15M-26OCT042330-30,0.0030,158.97,no
2026-10-05T03:28:36.960892Z,KXZEC15M-26OCT042330-30,0.0020,1.00,no
2026-10-05T03:28:39.243694Z,KXZEC15M-26OCT042330-30,0.0050,0.02,yes
2026-10-05T03:28:39.243694Z,KXZEC15M-26OCT042330-30,0.0090,0.03,yes
2026-10-05T03:28:39.243694Z,KXZEC15M-26OCT042330-30,0.0050,20.00,yes
2026-10-05T03:28:39.243694Z,KXZEC15M-26OCT042330-30,0.0100,0.03,yes
2026-10-05T03:28:39.243694Z,KXZEC15M-26OCT042330-30,0.0100,1.00,yes
2026-10-05T03:28:39.243694Z,KXZEC15M-26OCT042330-30,0.0070,1.00,yes
2026-10-05T03:28:39.243694Z,KXZEC15M-26OCT042330-30,0.0080,0.03,yes
2026-10-05T03:28:39.243694Z,KXZEC15M-26OCT042330-30,0.0030,0.02,yes
2026-10-05T03:28:39.243694Z,KXZEC15M-26OCT042330-30,0.0040,158.97,yes
2026-10-05T03:28:39.243694Z,KXZEC15M-26OCT042330-30,0.0100,193.42,yes
2026-10-05T03:28:39.243694Z,KXZEC15M-26OCT042330-30,0.0050,91.03,yes
2026-10-05T03:28:39.243694Z,KXZEC15M-26OCT042330-30,0.0040,0.02,yes
2026-10-05T03:28:39.243694Z,KXZEC15M-26OCT042330-30,0.0040,20.00,yes
2026-10-05T03:28:39.243694Z,KXZEC15M-26OCT042330-30,0.0030,10.09,yes
2026-10-05T03:28:39.243694Z,KXZEC15M-26OCT042330-30,0.0030,4.97,yes
2026-10-05T03:28:39.243694Z,KXZEC15M-26OCT042330-30,0.0030,9.94,yes
2026-10-05T03:28:39.243694Z,KXZEC15M-26OCT042330-30,0.0100,0.02,yes
2026-10-05T03:28:39.243694Z,KXZEC15M-26OCT042330-30,0.0030,100.00,yes
2026-10-05T03:28:39.243694Z,KXZEC15M-26OCT042330-30,0.0070,0.02,yes
2026-10-05T03:28:39.243694Z,KXZEC15M-26OCT042330-30,0.0080,16.00,yes
2026-10-05T03:28:39.243694Z,KXZEC15M-26OCT042330-30,0.0070,20.00,yes
2026-10-05T03:28:39.243694Z,KXZEC15M-26OCT042330-30,0.0060,0.02,yes
2026-10-05T03:28:39.243694Z,KXZEC15M-26OCT042330-30,0.0060,20.00,yes
2026-10-05T03:28:39.243694Z,KXZEC15M-26OCT042330-30,0.0100,24.00,yes
2026-10-05T03:28:39.243694Z,KXZEC15M-26OCT042330-30,0.0100,20.00,yes
2026-10-05T03:28:39.243694Z,KXZEC15M-26OCT042330-30,0.0080,0.02,yes
2026-10-05T03:28:39.243694Z,KXZEC15M-26OCT042330-30,0.0090,20.00,yes
2026-10-05T03:28:39.243694Z,KXZEC15M-26OCT042330-30,0.0090,0.02,yes
2026-10-05T03:28:39.243694Z,KXZEC15M-26OCT042330-30,0.0080,4.00,yes
2026-10-05T03:28:40.566932Z,KXZEC15M-26OCT042330-30,0.0030,5.00,no
2026-10-05T03:28:40.566932Z,KXZEC15M-26OCT042330-30,0.0030,4.00,no
2026-10-05T03:28:40.566932Z,KXZEC15M-26OCT042330-30,0.0030,6.00,no
2026-10-05T03:28:40.566932Z,KXZEC15M-26OCT042330-30,0.0030,0.03,no
2026-10-05T03:28:44.651462Z,KXZEC15M-26OCT042330-30,0.0040,68.71,yes
2026-10-05T03:28:46.87122Z,KXZEC15M-26OCT042330-30,0.0020,1.00,no
2026-10-05T03:28:48.088954Z,KXZEC15M-26OCT042330-30,0.0040,0.03,yes
2026-10-05T03:28:48.088954Z,KXZEC15M-26OCT042330-30,0.0040,23.34,yes
2026-10-05T03:28:51.107732Z,KXZEC15M-26OCT042330-30,0.0020,22.04,no
2026-10-05T03:28:53.152503Z,KXZEC15M-26OCT042330-30,0.0040,9.98,yes
2026-10-05T03:28:58.319758Z,KXZEC15M-26OCT042330-30,0.0020,53.00,no
2026-10-05T03:29:00.666141Z,KXZEC15M-26OCT042330-30,0.0020,122.96,no
2026-10-05T03:29:00.666141Z,KXZEC15M-26OCT042330-30,0.0020,103.23,no
2026-10-05T03:29:02.758858Z,KXZEC15M-26OCT042330-30,0.0020,28.08,no
2026-10-05T03:29:05.16524Z,KXZEC15M-26OCT042330-30,0.0020,14.00,no
2026-10-05T03:29:05.380756Z,KXZEC15M-26OCT042330-30,0.0020,1.04,no
2026-10-05T03:29:06.951406Z,KXZEC15M-26OCT042330-30,0.0020,14.42,no
2026-10-05T03:29:07.379619Z,KXZEC15M-26OCT042330-30,0.0020,1.00,no
2026-10-05T03:29:07.379619Z,KXZEC15M-26OCT042330-30,0.0020,3.00,no
2026-10-05T03:29:07.379619Z,KXZEC15M-26OCT042330-30,0.0020,3.00,no
2026-10-05T03:29:07.379619Z,KXZEC15M-26OCT042330-30,0.0020,3.00,no
2026-10-05T03:29:07.379619Z,KXZEC15M-26OCT042330-30,0.0020,3.00,no
2026-10-05T03:29:07.379619Z,KXZEC15M-26OCT042330-30,0.0020,3.00,no
2026-10-05T03:29:07.379619Z,KXZEC15M-26OCT042330-30,0.0020,26.00,no
2026-10-05T03:29:07.379619Z,KXZEC15M-26OCT042330-30,0.0020,20.00,no
2026-10-05T03:29:07.379619Z,KXZEC15M-26OCT042330-30,0.0020,39.23,no
2026-10-05T03:29:10.204798Z,KXZEC15M-26OCT042330-30,0.0010,5.00,no
2026-10-05T03:29:10.204798Z,KXZEC15M-26OCT042330-30,0.0010,1.00,no
2026-10-05T03:29:10.204798Z,KXZEC15M-26OCT042330-30,0.0010,1.00,no
2026-10-05T03:29:10.204798Z,KXZEC15M-26OCT042330-30,0.0010,200.00,no
2026-10-05T03:29:10.204798Z,KXZEC15M-26OCT042330-30,0.0010,80.00,no
2026-10-05T03:29:10.204798Z,KXZEC15M-26OCT042330-30,0.0010,20.00,no
2026-10-05T03:29:10.204798Z,KXZEC15M-26OCT042330-30,0.0010,1.00,no
2026-10-05T03:29:13.021943Z,KXZEC15M-26OCT042330-30,0.0010,915.99,yes
2026-10-05T03:29:25.0975Z,KXZEC15M-26OCT042330-30,0.0010,20.69,yes
2026-10-05T03:29:50.955865Z,KXZEC15M-26OCT042330-30,0.0010,3.03,yes
2026-10-05T03:27:44.214739Z,KXXRP15M-26OCT042330-30,0.0420,7.70,yes
2026-10-05T03:27:44.214739Z,KXXRP15M-26OCT042330-30,0.0400,8.33,yes
2026-10-05T03:27:44.214739Z,KXXRP15M-26OCT042330-30,0.0400,6.39,yes
2026-10-05T03:27:44.762856Z,KXXRP15M-26OCT042330-30,0.0470,2.00,yes
2026-10-05T03:27:45.130856Z,KXXRP15M-26OCT042330-30,0.0440,5.00,no
2026-10-05T03:27:45.130856Z,KXXRP15M-26OCT042330-30,0.0400,7.50,no
2026-10-05T03:27:45.130856Z,KXXRP15M-26OCT042330-30,0.0450,5.00,no
2026-10-05T03:27:45.130856Z,KXXRP15M-26OCT042330-30,0.0450,7.50,no
2026-10-05T03:27:46.597111Z,KXXRP15M-26OCT042330-30,0.0320,15.00,no
2026-10-05T03:27:46.840852Z,KXXRP15M-26OCT042330-30,0.0330,16.00,no
2026-10-05T03:27:46.997155Z,KXXRP15M-26OCT042330-30,0.0320,2.00,no
2026-10-05T03:27:47.257383Z,KXXRP15M-26OCT042330-30,0.0320,3.43,no
2026-10-05T03:27:47.257383Z,KXXRP15M-26OCT042330-30,0.0320,0.57,no
2026-10-05T03:27:47.772224Z,KXXRP15M-26OCT042330-30,0.0330,2.00,no
2026-10-05T03:27:48.092887Z,KXXRP15M-26OCT042330-30,0.0330,6.00,no
2026-10-05T03:27:48.440867Z,KXXRP15M-26OCT042330-30,0.0320,0.96,no
2026-10-05T03:27:48.440867Z,KXXRP15M-26OCT042330-30,0.0320,3.14,no
2026-10-05T03:27:48.440867Z,KXXRP15M-26OCT042330-30,0.0320,1.00,no
2026-10-05T03:27:48.440867Z,KXXRP15M-26OCT042330-30,0.0320,2.84,no
2026-10-05T03:27:48.440867Z,KXXRP15M-26OCT042330-30,0.0320,2.16,no
2026-10-05T03:27:48.440867Z,KXXRP15M-26OCT042330-30,0.0320,5.00,no
2026-10-05T03:27:48.440867Z,KXXRP15M-26OCT042330-30,0.0320,0.18,no
2026-10-05T03:27:48.440867Z,KXXRP15M-26OCT042330-30,0.0320,3.72,no
2026-10-05T03:27:48.442186Z,KXXRP15M-26OCT042330-30,0.0340,14.00,yes
2026-10-05T03:27:48.442186Z,KXXRP15M-26OCT042330-30,0.0350,10.00,yes
2026-10-05T03:27:48.442186Z,KXXRP15M-26OCT042330-30,0.0350,2.27,yes
2026-10-05T03:27:50.092923Z,KXXRP15M-26OCT042330-30,0.0320,1.10,no
2026-10-05T03:27:50.092923Z,KXXRP15M-26OCT042330-30,0.0320,4.18,no
2026-10-05T03:27:50.092923Z,KXXRP15M-26OCT042330-30,0.0320,8.33,no
2026-10-05T03:27:50.092923Z,KXXRP15M-26OCT042330-30,0.0320,6.39,no
2026-10-05T03:27:50.437593Z,KXXRP15M-26OCT042330-30,0.0300,7.16,no
2026-10-05T03:27:51.989269Z,KXXRP15M-26OCT042330-30,0.0280,15.00,no
2026-10-05T03:27:52.288745Z,KXXRP15M-26OCT042330-30,0.0290,7.00,yes
2026-10-05T03:27:52.288745Z,KXXRP15M-26OCT042330-30,0.0350,5.00,yes
2026-10-05T03:27:52.288745Z,KXXRP15M-26OCT042330-30,0.0310,15.00,yes
2026-10-05T03:27:52.288745Z,KXXRP15M-26OCT042330-30,0.0300,14.00,yes
2026-10-05T03:27:52.288745Z,KXXRP15M-26OCT042330-30,0.0350,7.50,yes
2026-10-05T03:27:52.288745Z,KXXRP15M-26OCT042330-30,0.0340,5.00,yes
2026-10-05T03:27:52.288745Z,KXXRP15M-26OCT042330-30,0.0390,0.76,yes
2026-10-05T03:27:52.288745Z,KXXRP15M-26OCT042330-30,0.0350,0.73,yes
2026-10-05T03:27:52.288745Z,KXXRP15M-26OCT042330-30,0.0380,0.10,yes
2026-10-05T03:27:52.473051Z,KXXRP15M-26OCT042330-30,0.0220,3.75,no
2026-10-05T03:27:52.473051Z,KXXRP15M-26OCT042330-30,0.0290,31.00,no
2026-10-05T03:27:52.473051Z,KXXRP15M-26OCT042330-30,0.0250,7.50,no
2026-10-05T03:27:52.473051Z,KXXRP15M-26OCT042330-30,0.0260,5.00,no
2026-10-05T03:27:52.473051Z,KXXRP15M-26OCT042330-30,0.0280,0.10,no
2026-10-05T03:27:52.473051Z,KXXRP15M-26OCT042330-30,0.0250,5.00,no
2026-10-05T03:27:52.473051Z,KXXRP15M-26OCT042330-30,0.0230,7.00,no
2026-10-05T03:27:53.895528Z,KXXRP15M-26OCT042330-30,0.0250,21.00,no
2026-10-05T03:27:53.895528Z,KXXRP15M-26OCT042330-30,0.0240,5.00,no
2026-10-05T03:27:54.711911Z,KXXRP15M-26OCT042330-30,0.0270,2.00,yes
2026-10-05T03:27:54.711911Z,KXXRP15M-26OCT042330-30,0.0250,3.75,yes
2026-10-05T03:27:54.711911Z,KXXRP15M-26OCT042330-30,0.0280,7.40,yes
2026-10-05T03:27:54.711911Z,KXXRP15M-26OCT042330-30,0.0270,16.00,yes
2026-10-05T03:27:54.711911Z,KXXRP15M-26OCT042330-30,0.0260,0.10,yes
2026-10-05T03:27:54.973706Z,KXXRP15M-26OCT042330-30,0.0220,36.25,no
2026-10-05T03:27:54.973706Z,KXXRP15M-26OCT042330-30,0.0210,26.92,no
2026-10-05T03:27:54.973706Z,KXXRP15M-26OCT042330-30,0.0220,5.00,no
2026-10-05T03:27:54.973706Z,KXXRP15M-26OCT042330-30,0.0230,5.00,no
2026-10-05T03:27:54.973706Z,KXXRP15M-26OCT042330-30,0.0240,7.00,no
2026-10-05T03:27:54.973706Z,KXXRP15M-26OCT042330-30,0.0240,22.00,no
2026-10-05T03:27:55.110333Z,KXXRP15M-26OCT042330-30,0.0210,12.30,no
2026-10-05T03:27:56.518103Z,KXXRP15M-26OCT042330-30,0.0240,1.00,no
2026-10-05T03:27:56.778767Z,KXXRP15M-26OCT042330-30,0.0240,40.00,yes
2026-10-05T03:27:56.778767Z,KXXRP15M-26OCT042330-30,0.0250,34.89,yes
2026-10-05T03:27:56.828744Z,KXXRP15M-26OCT042330-30,0.0200,15.39,no
2026-10-05T03:27:57.261997Z,KXXRP15M-26OCT042330-30,0.0210,10.00,no
2026-10-05T03:27:57.425105Z,KXXRP15M-26OCT042330-30,0.0210,5.00,no
2026-10-05T03:27:57.469528Z,KXXRP15M-26OCT042330-30,0.0200,10.94,no
2026-10-05T03:27:57.469528Z,KXXRP15M-26OCT042330-30,0.0200,26.00,no
2026-10-05T03:27:57.469528Z,KXXRP15M-26OCT042330-30,0.0190,2.06,no
2026-10-05T03:27:57.469528Z,KXXRP15M-26OCT042330-30,0.0190,1.00,no
2026-10-05T03:27:57.650006Z,KXXRP15M-26OCT042330-30,0.0170,1.53,no
2026-10-05T03:27:57.650006Z,KXXRP15M-26OCT042330-30,0.0180,7.00,no
2026-10-05T03:27:57.650006Z,KXXRP15M-26OCT042330-30,0.0180,5.00,no
2026-10-05T03:27:57.8865Z,KXXRP15M-26OCT042330-30,0.0220,1.64,yes
2026-10-05T03:27:57.8865Z,KXXRP15M-26OCT042330-30,0.0210,1.00,yes
2026-10-05T03:27:57.8865Z,KXXRP15M-26OCT042330-30,0.0220,1.36,yes
2026-10-05T03:27:58.402886Z,KXXRP15M-26OCT042330-30,0.0220,8.00,yes
2026-10-05T03:27:58.410156Z,KXXRP15M-26OCT042330-30,0.0220,12.00,yes
2026-10-05T03:27:58.505473Z,KXXRP15M-26OCT042330-30,0.0220,5.28,yes
2026-10-05T03:27:58.505473Z,KXXRP15M-26OCT042330-30,0.0220,4.72,yes
2026-10-05T03:27:58.799617Z,KXXRP15M-26OCT042330-30,0.0180,1.01,no
2026-10-05T03:27:59.00637Z,KXXRP15M-26OCT042330-30,0.0170,85.64,no
2026-10-05T03:27:59.00637Z,KXXRP15M-26OCT042330-30,0.0180,7.00,no
2026-10-05T03:27:59.00637Z,KXXRP15M-26OCT042330-30,0.0180,8.99,no
2026-10-05T03:27:59.725044Z,KXXRP15M-26OCT042330-30,0.0180,1.00,no
2026-10-05T03:27:59.725044Z,KXXRP15M-26OCT042330-30,0.0180,7.00,no
2026-10-05T03:28:00.050368Z,KXXRP15M-26OCT042330-30,0.0180,2.00,yes
2026-10-05T03:28:00.153698Z,KXXRP15M-26OCT042330-30,0.0180,2.17,yes
2026-10-05T03:28:00.153698Z,KXXRP15M-26OCT042330-30,0.0180,1.83,yes
2026-10-05T03:28:00.659536Z,KXXRP15M-26OCT042330-30,0.0170,5.00,no
2026-10-05T03:28:00.741979Z,KXXRP15M-26OCT042330-30,0.0170,80.00,no
2026-10-05T03:28:00.768284Z,KXXRP15M-26OCT042330-30,0.0170,3.72,no
2026-10-05T03:28:01.49211Z,KXXRP15M-26OCT042330-30,0.0180,3.17,yes
2026-10-05T03:28:01.49211Z,KXXRP15M-26OCT042330-30,0.0180,27.83,yes
2026-10-05T03:28:01.500382Z,KXXRP15M-26OCT042330-30,0.0170,5.00,no
2026-10-05T03:28:01.665516Z,KXXRP15M-26OCT042330-30,0.0170,27.00,no
2026-10-05T03:28:01.812138Z,KXXRP15M-26OCT042330-30,0.0210,22.63,yes
2026-10-05T03:28:01.812138Z,KXXRP15M-26OCT042330-30,0.0180,7.37,yes
2026-10-05T03:28:02.36041Z,KXXRP15M-26OCT042330-30,0.0220,7.58,yes
2026-10-05T03:28:02.36041Z,KXXRP15M-26OCT042330-30,0.0210,17.37,yes
2026-10-05T03:28:02.813678Z,KXXRP15M-26OCT042330-30,0.0240,1.00,no
2026-10-05T03:28:02.821476Z,KXXRP15M-26OCT042330-30,0.0240,1.00,no
2026-10-05T03:28:03.52793Z,KXXRP15M-26OCT042330-30,0.0250,2.04,no
2026-10-05T03:28:03.675916Z,KXXRP15M-26OCT042330-30,0.0250,7.50,no
2026-10-05T03:28:03.819779Z,KXXRP15M-26OCT042330-30,0.0170,183.86,no
2026-10-05T03:28:03.819779Z,KXXRP15M-26OCT042330-30,0.0140,7.98,no
2026-10-05T03:28:03.819779Z,KXXRP15M-26OCT042330-30,0.0140,0.02,no
2026-10-05T03:28:03.819779Z,KXXRP15M-26OCT042330-30,0.0190,40.00,no
2026-10-05T03:28:03.819779Z,KXXRP15M-26OCT042330-30,0.0210,5.00,no
2026-10-05T03:28:03.819779Z,KXXRP15M-26OCT042330-30,0.0160,5.00,no
2026-10-05T03:28:03.819779Z,KXXRP15M-26OCT042330-30,0.0220,217.00,no
2026-10-05T03:28:03.819779Z,KXXRP15M-26OCT042330-30,0.0200,5.00,no
2026-10-05T03:28:03.819779Z,KXXRP15M-26OCT042330-30,0.0180,7.00,no
2026-10-05T03:28:03.819779Z,KXXRP15M-26OCT042330-30,0.0200,7.50,no
2026-10-05T03:28:03.819779Z,KXXRP15M-26OCT042330-30,0.0150,7.50,no
2026-10-05T03:28:03.819779Z,KXXRP15M-26OCT042330-30,0.0130,188.00,no
2026-10-05T03:28:03.819779Z,KXXRP15M-26OCT042330-30,0.0120,58.03,no
2026-10-05T03:28:03.841839Z,KXXRP15M-26OCT042330-30,0.0180,10.63,yes
2026-10-05T03:28:04.237599Z,KXXRP15M-26OCT042330-30,0.0180,47.40,yes
2026-10-05T03:28:05.189231Z,KXXRP15M-26OCT042330-30,0.0180,0.12,no
2026-10-05T03:28:06.201394Z,KXXRP15M-26OCT042330-30,0.0200,0.10,no
2026-10-05T03:28:06.201394Z,KXXRP15M-26OCT042330-30,0.0200,6.90,no
2026-10-05T03:28:06.240824Z,KXXRP15M-26OCT042330-30,0.0170,1.75,no
2026-10-05T03:28:06.240824Z,KXXRP15M-26OCT042330-30,0.0170,5.00,no
2026-10-05T03:28:06.305287Z,KXXRP15M-26OCT042330-30,0.0160,3.00,no
2026-10-05T03:28:06.608138Z,KXXRP15M-26OCT042330-30,0.0160,24.00,no
2026-10-05T03:28:06.816589Z,KXXRP15M-26OCT042330-30,0.0160,7.00,no
2026-10-05T03:28:06.848677Z,KXXRP15M-26OCT042330-30,0.0160,5.00,no
2026-10-05T03:28:07.001785Z,KXXRP15M-26OCT042330-30,0.0230,5.00,yes
2026-10-05T03:28:07.001785Z,KXXRP15M-26OCT042330-30,0.0230,0.10,yes
2026-10-05T03:28:07.001785Z,KXXRP15M-26OCT042330-30,0.0220,5.00,yes
2026-10-05T03:28:07.001785Z,KXXRP15M-26OCT042330-30,0.0260,8.34,yes
2026-10-05T03:28:07.136673Z,KXXRP15M-26OCT042330-30,0.0160,7.00,no
2026-10-05T03:28:07.829482Z,KXXRP15M-26OCT042330-30,0.0170,4.00,yes
2026-10-05T03:28:07.829482Z,KXXRP15M-26OCT042330-30,0.0170,11.84,yes
2026-10-05T03:28:08.178119Z,KXXRP15M-26OCT042330-30,0.0160,4.00,no
2026-10-05T03:28:09.151285Z,KXXRP15M-26OCT042330-30,0.0170,1.00,yes
2026-10-05T03:28:09.212444Z,KXXRP15M-26OCT042330-30,0.0160,4.00,no
2026-10-05T03:28:09.328008Z,KXXRP15M-26OCT042330-30,0.0170,20.91,yes
2026-10-05T03:28:10.162021Z,KXXRP15M-26OCT042330-30,0.0160,10.15,no
2026-10-05T03:28:10.252615Z,KXXRP15M-26OCT042330-30,0.0160,200.00,no
2026-10-05T03:28:10.538751Z,KXXRP15M-26OCT042330-30,0.0170,26.00,yes
2026-10-05T03:28:10.538751Z,KXXRP15M-26OCT042330-30,0.0170,9.84,yes
2026-10-05T03:28:10.538751Z,KXXRP15M-26OCT042330-30,0.0170,18.09,yes
2026-10-05T03:28:10.854457Z,KXXRP15M-26OCT042330-30,0.0170,0.16,no
2026-10-05T03:28:10.854457Z,KXXRP15M-26OCT042330-30,0.0170,11.00,no
2026-10-05T03:28:13.176869Z,KXXRP15M-26OCT042330-30,0.0160,4.00,no
2026-10-05T03:28:13.277602Z,KXXRP15M-26OCT042330-30,0.0160,4.00,no
2026-10-05T03:28:13.484279Z,KXXRP15M-26OCT042330-30,0.0160,48.00,no
2026-10-05T03:28:13.490986Z,KXXRP15M-26OCT042330-30,0.0160,11.00,no
2026-10-05T03:28:13.691374Z,KXXRP15M-26OCT042330-30,0.0160,4.00,no
2026-10-05T03:28:13.801605Z,KXXRP15M-26OCT042330-30,0.0160,5.00,no
2026-10-05T03:28:14.008612Z,KXXRP15M-26OCT042330-30,0.0160,5.00,no
2026-10-05T03:28:14.065072Z,KXXRP15M-26OCT042330-30,0.0160,20.00,no
2026-10-05T03:28:14.08218Z,KXXRP15M-26OCT042330-30,0.0160,34.85,no
2026-10-05T03:28:17.163798Z,KXXRP15M-26OCT042330-30,0.0120,210.90,no
2026-10-05T03:28:17.163798Z,KXXRP15M-26OCT042330-30,0.0150,0.10,no
2026-10-05T03:28:17.163798Z,KXXRP15M-26OCT042330-30,0.0130,12.00,no
2026-10-05T03:28:17.163798Z,KXXRP15M-26OCT042330-30,0.0130,7.00,no
2026-10-05T03:28:17.163798Z,KXXRP15M-26OCT042330-30,0.0130,70.00,no
2026-10-05T03:28:17.337351Z,KXXRP15M-26OCT042330-30,0.0120,19.43,no
2026-10-05T03:28:17.638554Z,KXXRP15M-26OCT042330-30,0.0120,17.65,no
2026-10-05T03:28:18.236924Z,KXXRP15M-26OCT042330-30,0.0130,0.10,no
2026-10-05T03:28:18.236924Z,KXXRP15M-26OCT042330-30,0.0130,7.00,no
2026-10-05T03:28:19.048894Z,KXXRP15M-26OCT042330-30,0.0120,102.02,no
2026-10-05T03:28:19.048894Z,KXXRP15M-26OCT042330-30,0.0120,5.00,no
2026-10-05T03:28:19.048894Z,KXXRP15M-26OCT042330-30,0.0120,7.00,no
2026-10-05T03:28:19.048894Z,KXXRP15M-26OCT042330-30,0.0110,20.00,no
2026-10-05T03:28:19.048894Z,KXXRP15M-26OCT042330-30,0.0110,53.27,no
2026-10-05T03:28:19.048894Z,KXXRP15M-26OCT042330-30,0.0110,20.00,no
2026-10-05T03:28:19.048894Z,KXXRP15M-26OCT042330-30,0.0110,1.00,no
2026-10-05T03:28:19.240778Z,KXXRP15M-26OCT042330-30,0.0110,24.77,no
2026-10-05T03:28:19.447612Z,KXXRP15M-26OCT042330-30,0.0130,0.01,yes
2026-10-05T03:28:19.447612Z,KXXRP15M-26OCT042330-30,0.0120,9.00,yes
2026-10-05T03:28:19.447612Z,KXXRP15M-26OCT042330-30,0.0120,15.00,yes
2026-10-05T03:28:19.447612Z,KXXRP15M-26OCT042330-30,0.0140,0.01,yes
2026-10-05T03:28:19.447612Z,KXXRP15M-26OCT042330-30,0.0150,0.02,yes
2026-10-05T03:28:19.872204Z,KXXRP15M-26OCT042330-30,0.0120,2.02,no
2026-10-05T03:28:20.147868Z,KXXRP15M-26OCT042330-30,0.0130,0.10,no
2026-10-05T03:28:20.147868Z,KXXRP15M-26OCT042330-30,0.0120,20.00,no
2026-10-05T03:28:20.147868Z,KXXRP15M-26OCT042330-30,0.0130,7.00,no
2026-10-05T03:28:20.147868Z,KXXRP15M-26OCT042330-30,0.0110,21.96,no
2026-10-05T03:28:20.147868Z,KXXRP15M-26OCT042330-30,0.0110,0.94,no
2026-10-05T03:28:20.408724Z,KXXRP15M-26OCT042330-30,0.0110,1.10,no
2026-10-05T03:28:20.408724Z,KXXRP15M-26OCT042330-30,0.0110,1.10,no
2026-10-05T03:28:20.408724Z,KXXRP15M-26OCT042330-30,0.0110,1.04,no
2026-10-05T03:28:20.408724Z,KXXRP15M-26OCT042330-30,0.0110,1.05,no
2026-10-05T03:28:20.408724Z,KXXRP15M-26OCT042330-30,0.0110,0.70,no
2026-10-05T03:28:20.408724Z,KXXRP15M-26OCT042330-30,0.0110,0.37,no
2026-10-05T03:28:20.408724Z,KXXRP15M-26OCT042330-30,0.0110,1.11,no
2026-10-05T03:28:20.408724Z,KXXRP15M-26OCT042330-30,0.0110,1.11,no
2026-10-05T03:28:20.408724Z,KXXRP15M-26OCT042330-30,0.0110,1.08,no
2026-10-05T03:28:20.408724Z,KXXRP15M-26OCT042330-30,0.0110,5.49,no
2026-10-05T03:28:20.408724Z,KXXRP15M-26OCT042330-30,0.0110,1.00,no
2026-10-05T03:28:20.408724Z,KXXRP15M-26OCT042330-30,0.0110,9.06,no
2026-10-05T03:28:20.408724Z,KXXRP15M-26OCT042330-30,0.0110,2.00,no
2026-10-05T03:28:20.408724Z,KXXRP15M-26OCT042330-30,0.0110,2.00,no
2026-10-05T03:28:20.408724Z,KXXRP15M-26OCT042330-30,0.0110,1.00,no
2026-10-05T03:28:20.408724Z,KXXRP15M-26OCT042330-30,0.0110,1.00,no
2026-10-05T03:28:21.398119Z,KXXRP15M-26OCT042330-30,0.0100,3.90,no
2026-10-05T03:28:21.398119Z,KXXRP15M-26OCT042330-30,0.0050,5.00,no
2026-10-05T03:28:21.398119Z,KXXRP15M-26OCT042330-30,0.0100,5.00,no
2026-10-05T03:28:21.398119Z,KXXRP15M-26OCT042330-30,0.0100,50.00,no
2026-10-05T03:28:21.398119Z,KXXRP15M-26OCT042330-30,0.0100,0.36,no
2026-10-05T03:28:21.398119Z,KXXRP15M-26OCT042330-30,0.0070,40.00,no
2026-10-05T03:28:21.398119Z,KXXRP15M-26OCT042330-30,0.0120,20.00,no
2026-10-05T03:28:21.398119Z,KXXRP15M-26OCT042330-30,0.0120,5.00,no
2026-10-05T03:28:21.398119Z,KXXRP15M-26OCT042330-30,0.0110,8.00,no
2026-10-05T03:28:21.398119Z,KXXRP15M-26OCT042330-30,0.0110,5.00,no
2026-10-05T03:28:21.398119Z,KXXRP15M-26OCT042330-30,0.0050,7.50,no
2026-10-05T03:28:21.398119Z,KXXRP15M-26OCT042330-30,0.0050,400.00,no
2026-10-05T03:28:21.398119Z,KXXRP15M-26OCT042330-30,0.0100,300.00,no
2026-10-05T03:28:21.398119Z,KXXRP15M-26OCT042330-30,0.0100,25.00,no
2026-10-05T03:28:21.398119Z,KXXRP15M-26OCT042330-30,0.0100,100.00,no
2026-10-05T03:28:21.398119Z,KXXRP15M-26OCT042330-30,0.0040,962.81,no
2026-10-05T03:28:21.398119Z,KXXRP15M-26OCT042330-30,0.0050,1.00,no
2026-10-05T03:28:21.398119Z,KXXRP15M-26OCT042330-30,0.0040,1.00,no
2026-10-05T03:28:21.398119Z,KXXRP15M-26OCT042330-30,0.0060,1.00,no
2026-10-05T03:28:21.398119Z,KXXRP15M-26OCT042330-30,0.0100,20.00,no
2026-10-05T03:28:21.398119Z,KXXRP15M-26OCT042330-30,0.0050,11.00,no
2026-10-05T03:28:21.92753Z,KXXRP15M-26OCT042330-30,0.0100,14.00,no
2026-10-05T03:28:21.92753Z,KXXRP15M-26OCT042330-30,0.0090,4.06,no
2026-10-05T03:28:22.130365Z,KXXRP15M-26OCT042330-30,0.0180,61.02,yes
2026-10-05T03:28:22.130365Z,KXXRP15M-26OCT042330-30,0.0170,0.02,yes
2026-10-05T03:28:22.130365Z,KXXRP15M-26OCT042330-30,0.0170,13.00,yes
2026-10-05T03:28:22.130365Z,KXXRP15M-26OCT042330-30,0.0160,0.02,yes
2026-10-05T03:28:22.130365Z,KXXRP15M-26OCT042330-30,0.0130,25.00,yes
2026-10-05T03:28:22.130365Z,KXXRP15M-26OCT042330-30,0.0170,5.00,yes
2026-10-05T03:28:22.130365Z,KXXRP15M-26OCT042330-30,0.0150,7.50,yes
2026-10-05T03:28:22.960749Z,KXXRP15M-26OCT042330-30,0.0110,10.10,no
2026-10-05T03:28:24.028172Z,KXXRP15M-26OCT042330-30,0.0120,0.10,yes
2026-10-05T03:28:24.028172Z,KXXRP15M-26OCT042330-30,0.0150,5.61,yes
2026-10-05T03:28:24.063023Z,KXXRP15M-26OCT042330-30,0.0100,27.00,no
2026-10-05T03:28:24.252468Z,KXXRP15M-26OCT042330-30,0.0050,0.08,no
2026-10-05T03:28:24.252468Z,KXXRP15M-26OCT042330-30,0.0080,5.00,no
2026-10-05T03:28:24.252468Z,KXXRP15M-26OCT042330-30,0.0050,8.00,no
2026-10-05T03:28:24.252468Z,KXXRP15M-26OCT042330-30,0.0090,5.00,no
2026-10-05T03:28:24.252468Z,KXXRP15M-26OCT042330-30,0.0050,7.50,no
2026-10-05T03:28:24.252468Z,KXXRP15M-26OCT042330-30,0.0100,17.00,no
2026-10-05T03:28:24.252468Z,KXXRP15M-26OCT042330-30,0.0040,5.59,no
2026-10-05T03:28:24.385996Z,KXXRP15M-26OCT042330-30,0.0060,5.00,no
2026-10-05T03:28:24.385996Z,KXXRP15M-26OCT042330-30,0.0060,5.62,no
2026-10-05T03:28:24.522233Z,KXXRP15M-26OCT042330-30,0.0050,17.42,no
2026-10-05T03:28:24.522233Z,KXXRP15M-26OCT042330-30,0.0050,5.00,no
2026-10-05T03:28:25.672427Z,KXXRP15M-26OCT042330-30,0.0080,99.00,yes
2026-10-05T03:28:25.830553Z,KXXRP15M-26OCT042330-30,0.0070,3.00,no
2026-10-05T03:28:25.838606Z,KXXRP15M-26OCT042330-30,0.0070,1.00,no
2026-10-05T03:28:26.942048Z,KXXRP15M-26OCT042330-30,0.0080,0.91,yes
2026-10-05T03:28:27.035193Z,KXXRP15M-26OCT042330-30,0.0080,63.00,yes
2026-10-05T03:28:27.470518Z,KXXRP15M-26OCT042330-30,0.0070,2.01,no
2026-10-05T03:28:27.500479Z,KXXRP15M-26OCT042330-30,0.0070,4.00,no
2026-10-05T03:28:27.509534Z,KXXRP15M-26OCT042330-30,0.0070,1.00,no
2026-10-05T03:28:27.535139Z,KXXRP15M-26OCT042330-30,0.0070,6.00,no
2026-10-05T03:28:27.794883Z,KXXRP15M-26OCT042330-30,0.0070,16.00,no
2026-10-05T03:28:27.974536Z,KXXRP15M-26OCT042330-30,0.0080,52.00,yes
2026-10-05T03:28:28.11431Z,KXXRP15M-26OCT042330-30,0.0070,3.00,no
2026-10-05T03:28:28.215678Z,KXXRP15M-26OCT042330-30,0.0070,3.00,no
2026-10-05T03:28:32.308167Z,KXXRP15M-26OCT042330-30,0.0070,0.99,no
2026-10-05T03:28:33.152502Z,KXXRP15M-26OCT042330-30,0.0070,17.00,yes
2026-10-05T03:28:33.77067Z,KXXRP15M-26OCT042330-30,0.0070,16.00,yes
2026-10-05T03:28:33.77067Z,KXXRP15M-26OCT042330-30,0.0080,40.00,yes
2026-10-05T03:28:33.77067Z,KXXRP15M-26OCT042330-30,0.0080,86.35,yes
2026-10-05T03:28:33.77067Z,KXXRP15M-26OCT042330-30,0.0070,37.00,yes
2026-10-05T03:28:33.77067Z,KXXRP15M-26OCT042330-30,0.0070,0.02,yes
2026-10-05T03:28:33.77067Z,KXXRP15M-26OCT042330-30,0.0080,0.99,yes
2026-10-05T03:28:33.77067Z,KXXRP15M-26OCT042330-30,0.0080,0.01,yes
2026-10-05T03:28:33.77067Z,KXXRP15M-26OCT042330-30,0.0080,3.00,yes
2026-10-05T03:28:33.77067Z,KXXRP15M-26OCT042330-30,0.0080,1.00,yes
2026-10-05T03:28:33.77067Z,KXXRP15M-26OCT042330-30,0.0080,3.00,yes
2026-10-05T03:28:33.77067Z,KXXRP15M-26OCT042330-30,0.0080,3.00,yes
2026-10-05T03:28:33.77067Z,KXXRP15M-26OCT042330-30,0.0080,2.01,yes
2026-10-05T03:28:33.77067Z,KXXRP15M-26OCT042330-30,0.0080,6.00,yes
2026-10-05T03:28:33.77067Z,KXXRP15M-26OCT042330-30,0.0080,4.00,yes
2026-10-05T03:28:33.77067Z,KXXRP15M-26OCT042330-30,0.0080,16.00,yes
2026-10-05T03:28:33.77067Z,KXXRP15M-26OCT042330-30,0.0080,1.00,yes
2026-10-05T03:28:33.852384Z,KXXRP15M-26OCT042330-30,0.0060,1.00,no
2026-10-05T03:28:34.32327Z,KXXRP15M-26OCT042330-30,0.0060,17.00,no
2026-10-05T03:28:34.32327Z,KXXRP15M-26OCT042330-30,0.0060,38.00,no
2026-10-05T03:28:34.32327Z,KXXRP15M-26OCT042330-30,0.0060,39.00,no
2026-10-05T03:28:36.042229Z,KXXRP15M-26OCT042330-30,0.0060,31.14,yes
2026-10-05T03:28:36.042229Z,KXXRP15M-26OCT042330-30,0.0060,0.02,yes
2026-10-05T03:28:36.849712Z,KXXRP15M-26OCT042330-30,0.0060,1.00,no
2026-10-05T03:28:43.724697Z,KXXRP15M-26OCT042330-30,0.0050,3.00,no
2026-10-05T03:28:46.113829Z,KXXRP15M-26OCT042330-30,0.0050,2.00,no
2026-10-05T03:28:46.22817Z,KXXRP15M-26OCT042330-30,0.0050,2.00,no
2026-10-05T03:28:46.235411Z,KXXRP15M-26OCT042330-30,0.0050,2.00,no
2026-10-05T03:28:46.242346Z,KXXRP15M-26OCT042330-30,0.0050,2.00,no
2026-10-05T03:28:46.249472Z,KXXRP15M-26OCT042330-30,0.0050,2.00,no
2026-10-05T03:28:46.605821Z,KXXRP15M-26OCT042330-30,0.0090,19.00,yes
2026-10-05T03:28:46.605821Z,KXXRP15M-26OCT042330-30,0.0070,1.00,yes
2026-10-05T03:28:46.605821Z,KXXRP15M-26OCT042330-30,0.0070,0.02,yes
2026-10-05T03:28:46.605821Z,KXXRP15M-26OCT042330-30,0.0070,39.00,yes
2026-10-05T03:28:46.605821Z,KXXRP15M-26OCT042330-30,0.0080,0.02,yes
2026-10-05T03:28:46.605821Z,KXXRP15M-26OCT042330-30,0.0100,10.00,yes
2026-10-05T03:28:46.605821Z,KXXRP15M-26OCT042330-30,0.0100,24.00,yes
2026-10-05T03:28:46.605821Z,KXXRP15M-26OCT042330-30,0.0100,0.02,yes
2026-10-05T03:28:46.605821Z,KXXRP15M-26OCT042330-30,0.0090,0.02,yes
2026-10-05T03:28:46.605821Z,KXXRP15M-26OCT042330-30,0.0100,44.95,yes
2026-10-05T03:28:46.605821Z,KXXRP15M-26OCT042330-30,0.0060,3.00,yes
2026-10-05T03:28:46.605821Z,KXXRP15M-26OCT042330-30,0.0060,22.00,yes
2026-10-05T03:28:46.605821Z,KXXRP15M-26OCT042330-30,0.0060,15.00,yes
2026-10-05T03:28:46.605821Z,KXXRP15M-26OCT042330-30,0.0060,0.02,yes
2026-10-05T03:28:46.605821Z,KXXRP15M-26OCT042330-30,0.0060,20.00,yes
2026-10-05T03:28:46.605821Z,KXXRP15M-26OCT042330-30,0.0060,3.00,yes
2026-10-05T03:28:46.605821Z,KXXRP15M-26OCT042330-30,0.0070,5.00,yes
2026-10-05T03:28:46.605821Z,KXXRP15M-26OCT042330-30,0.0080,13.00,yes
2026-10-05T03:28:46.605821Z,KXXRP15M-26OCT042330-30,0.0060,2.00,yes
2026-10-05T03:28:46.605821Z,KXXRP15M-26OCT042330-30,0.0060,2.00,yes
2026-10-05T03:28:46.605821Z,KXXRP15M-26OCT042330-30,0.0060,2.00,yes
2026-10-05T03:28:46.605821Z,KXXRP15M-26OCT042330-30,0.0060,2.00,yes
2026-10-05T03:28:46.605821Z,KXXRP15M-26OCT042330-30,0.0060,2.00,yes
2026-10-05T03:28:46.831726Z,KXXRP15M-26OCT042330-30,0.0080,40.00,no
2026-10-05T03:28:46.938928Z,KXXRP15M-26OCT042330-30,0.0050,27.00,no
2026-10-05T03:28:46.938928Z,KXXRP15M-26OCT042330-30,0.0050,8.00,no
2026-10-05T03:28:46.938928Z,KXXRP15M-26OCT042330-30,0.0050,15.00,no
2026-10-05T03:28:50.30719Z,KXXRP15M-26OCT042330-30,0.0040,1.00,no
2026-10-05T03:28:50.629772Z,KXXRP15M-26OCT042330-30,0.0070,13.00,yes
2026-10-05T03:28:50.629772Z,KXXRP15M-26OCT042330-30,0.0050,57.00,yes
2026-10-05T03:28:50.629772Z,KXXRP15M-26OCT042330-30,0.0060,0.02,yes
2026-10-05T03:28:50.629772Z,KXXRP15M-26OCT042330-30,0.0080,0.02,yes
2026-10-05T03:28:50.629772Z,KXXRP15M-26OCT042330-30,0.0050,0.02,yes
2026-10-05T03:28:50.629772Z,KXXRP15M-26OCT042330-30,0.0070,0.02,yes
2026-10-05T03:28:50.629772Z,KXXRP15M-26OCT042330-30,0.0050,24.00,yes
2026-10-05T03:28:50.629772Z,KXXRP15M-26OCT042330-30,0.0090,10.39,yes
2026-10-05T03:28:50.629772Z,KXXRP15M-26OCT042330-30,0.0080,20.00,yes
2026-10-05T03:28:50.629772Z,KXXRP15M-26OCT042330-30,0.0060,27.00,yes
2026-10-05T03:28:52.186419Z,KXXRP15M-26OCT042330-30,0.0050,1.09,yes
2026-10-05T03:28:52.367929Z,KXXRP15M-26OCT042330-30,0.0040,1.00,no
2026-10-05T03:28:52.367929Z,KXXRP15M-26OCT042330-30,0.0040,1.00,no
2026-10-05T03:28:52.367929Z,KXXRP15M-26OCT042330-30,0.0040,1.00,no
2026-10-05T03:28:52.367929Z,KXXRP15M-26OCT042330-30,0.0040,1.00,no
2026-10-05T03:28:52.367929Z,KXXRP15M-26OCT042330-30,0.0040,1.00,no
2026-10-05T03:28:52.367929Z,KXXRP15M-26OCT042330-30,0.0040,7.00,no
2026-10-05T03:28:52.367929Z,KXXRP15M-26OCT042330-30,0.0040,40.00,no
2026-10-05T03:28:52.367929Z,KXXRP15M-26OCT042330-30,0.0030,33.05,no
2026-10-05T03:28:52.367929Z,KXXRP15M-26OCT042330-30,0.0030,400.00,no
2026-10-05T03:28:52.367929Z,KXXRP15M-26OCT042330-30,0.0040,6.41,no
2026-10-05T03:28:52.59709Z,KXXRP15M-26OCT042330-30,0.0030,2.00,no
2026-10-05T03:28:52.59709Z,KXXRP15M-26OCT042330-30,0.0030,2.00,no
2026-10-05T03:28:52.59709Z,KXXRP15M-26OCT042330-30,0.0030,2.00,no
2026-10-05T03:28:52.59709Z,KXXRP15M-26OCT042330-30,0.0030,2.00,no
2026-10-05T03:28:52.59709Z,KXXRP15M-26OCT042330-30,0.0030,2.00,no
2026-10-05T03:28:52.59709Z,KXXRP15M-26OCT042330-30,0.0040,7.00,no
2026-10-05T03:28:52.59709Z,KXXRP15M-26OCT042330-30,0.0040,33.00,no
2026-10-05T03:28:52.59709Z,KXXRP15M-26OCT042330-30,0.0030,40.00,no
2026-10-05T03:28:52.59709Z,KXXRP15M-26OCT042330-30,0.0030,216.95,no
2026-10-05T03:28:52.59709Z,KXXRP15M-26OCT042330-30,0.0030,18.00,no
2026-10-05T03:28:52.745619Z,KXXRP15M-26OCT042330-30,0.0020,415.00,no
2026-10-05T03:28:52.745619Z,KXXRP15M-26OCT042330-30,0.0020,400.00,no
2026-10-05T03:28:53.938024Z,KXXRP15M-26OCT042330-30,0.0030,1.04,no
2026-10-05T03:28:55.395818Z,KXXRP15M-26OCT042330-30,0.0030,38.00,no
2026-10-05T03:28:55.395818Z,KXXRP15M-26OCT042330-30,0.0030,10.00,no
2026-10-05T03:28:55.63167Z,KXXRP15M-26OCT042330-30,0.0030,23.63,yes
2026-10-05T03:28:55.733019Z,KXXRP15M-26OCT042330-30,0.0020,100.50,no
2026-10-05T03:28:56.38435Z,KXXRP15M-26OCT042330-30,0.0030,3.65,yes
2026-10-05T03:28:56.38435Z,KXXRP15M-26OCT042330-30,0.0030,10.37,yes
2026-10-05T03:28:57.65089Z,KXXRP15M-26OCT042330-30,0.0020,41.00,no
2026-10-05T03:28:57.73296Z,KXXRP15M-26OCT042330-30,0.0030,0.02,yes
2026-10-05T03:28:57.73296Z,KXXRP15M-26OCT042330-30,0.0030,26.35,yes
2026-10-05T03:28:57.73296Z,KXXRP15M-26OCT042330-30,0.0030,20.00,yes
2026-10-05T03:28:57.73296Z,KXXRP15M-26OCT042330-30,0.0080,84.14,yes
2026-10-05T03:28:57.73296Z,KXXRP15M-26OCT042330-30,0.0050,216.95,yes
2026-10-05T03:28:57.73296Z,KXXRP15M-26OCT042330-30,0.0050,33.05,yes
2026-10-05T03:28:57.73296Z,KXXRP15M-26OCT042330-30,0.0050,40.00,yes
2026-10-05T03:28:57.73296Z,KXXRP15M-26OCT042330-30,0.0040,40.00,yes
2026-10-05T03:28:57.73296Z,KXXRP15M-26OCT042330-30,0.0040,0.02,yes
2026-10-05T03:28:57.73296Z,KXXRP15M-26OCT042330-30,0.0040,35.00,yes
2026-10-05T03:28:57.73296Z,KXXRP15M-26OCT042330-30,0.0050,415.00,yes
2026-10-05T03:28:57.73296Z,KXXRP15M-26OCT042330-30,0.0070,0.02,yes
2026-10-05T03:28:57.73296Z,KXXRP15M-26OCT042330-30,0.0050,0.02,yes
2026-10-05T03:28:57.73296Z,KXXRP15M-26OCT042330-30,0.0060,0.02,yes
2026-10-05T03:28:57.73296Z,KXXRP15M-26OCT042330-30,0.0080,0.02,yes
2026-10-05T03:28:58.35633Z,KXXRP15M-26OCT042330-30,0.0030,0.10,no
2026-10-05T03:28:58.35633Z,KXXRP15M-26OCT042330-30,0.0030,64.00,no
2026-10-05T03:28:58.35633Z,KXXRP15M-26OCT042330-30,0.0030,10.00,no
2026-10-05T03:28:58.35633Z,KXXRP15M-26OCT042330-30,0.0020,799.90,no
2026-10-05T03:28:58.416622Z,KXXRP15M-26OCT042330-30,0.0020,377.00,no
2026-10-05T03:29:00.114238Z,KXXRP15M-26OCT042330-30,0.0020,1.00,no
2026-10-05T03:29:00.151675Z,KXXRP15M-26OCT042330-30,0.0020,2.00,no
2026-10-05T03:29:00.735483Z,KXXRP15M-26OCT042330-30,0.0020,33.00,no
2026-10-05T03:29:00.759806Z,KXXRP15M-26OCT042330-30,0.0020,350.00,no
2026-10-05T03:29:00.805656Z,KXXRP15M-26OCT042330-30,0.0020,226.19,no
2026-10-05T03:29:01.031371Z,KXXRP15M-26OCT042330-30,0.0020,582.00,no
2026-10-05T03:29:01.20656Z,KXXRP15M-26OCT042330-30,0.0020,42.78,no
2026-10-05T03:29:03.52086Z,KXXRP15M-26OCT042330-30,0.0020,114.74,no
2026-10-05T03:29:03.900634Z,KXXRP15M-26OCT042330-30,0.0020,444.81,no
2026-10-05T03:29:04.131533Z,KXXRP15M-26OCT042330-30,0.0020,2.00,no
2026-10-05T03:29:04.13907Z,KXXRP15M-26OCT042330-30,0.0020,2.00,no
2026-10-05T03:29:04.147169Z,KXXRP15M-26OCT042330-30,0.0020,2.00,no
2026-10-05T03:29:04.154212Z,KXXRP15M-26OCT042330-30,0.0020,2.00,no
2026-10-05T03:29:04.161491Z,KXXRP15M-26OCT042330-30,0.0020,2.00,no
2026-10-05T03:29:04.168914Z,KXXRP15M-26OCT042330-30,0.0020,2.00,no
2026-10-05T03:29:04.177211Z,KXXRP15M-26OCT042330-30,0.0020,2.00,no
2026-10-05T03:29:04.18695Z,KXXRP15M-26OCT042330-30,0.0020,2.00,no
2026-10-05T03:29:04.193699Z,KXXRP15M-26OCT042330-30,0.0020,5.00,no
2026-10-05T03:29:04.337091Z,KXXRP15M-26OCT042330-30,0.0020,200.00,no
2026-10-05T03:29:04.65814Z,KXXRP15M-26OCT042330-30,0.0020,5.00,no
2026-10-05T03:29:05.097196Z,KXXRP15M-26OCT042330-30,0.0030,79.00,yes
2026-10-05T03:29:05.097196Z,KXXRP15M-26OCT042330-30,0.0030,0.02,yes
2026-10-05T03:29:05.097196Z,KXXRP15M-26OCT042330-30,0.0030,51.00,yes
2026-10-05T03:29:05.097196Z,KXXRP15M-26OCT042330-30,0.0030,480.70,yes
2026-10-05T03:29:06.597173Z,KXXRP15M-26OCT042330-30,0.0020,3.00,no
2026-10-05T03:29:06.597173Z,KXXRP15M-26OCT042330-30,0.0020,3.00,no
2026-10-05T03:29:06.597173Z,KXXRP15M-26OCT042330-30,0.0020,3.00,no
2026-10-05T03:29:06.597173Z,KXXRP15M-26OCT042330-30,0.0020,3.00,no
2026-10-05T03:29:06.597173Z,KXXRP15M-26OCT042330-30,0.0020,3.00,no
2026-10-05T03:29:06.597173Z,KXXRP15M-26OCT042330-30,0.0020,5.00,no
2026-10-05T03:29:06.597173Z,KXXRP15M-26OCT042330-30,0.0020,50.00,no
2026-10-05T03:29:06.597173Z,KXXRP15M-26OCT042330-30,0.0020,40.00,no
2026-10-05T03:29:06.597173Z,KXXRP15M-26OCT042330-30,0.0020,5.00,no
2026-10-05T03:29:06.597173Z,KXXRP15M-26OCT042330-30,0.0020,25.00,no
2026-10-05T03:29:06.597173Z,KXXRP15M-26OCT042330-30,0.0020,5.00,no
2026-10-05T03:29:06.597173Z,KXXRP15M-26OCT042330-30,0.0020,26.00,no
2026-10-05T03:29:06.597173Z,KXXRP15M-26OCT042330-30,0.0020,244.08,no
2026-10-05T03:29:06.641561Z,KXXRP15M-26OCT042330-30,0.0020,73.64,yes
2026-10-05T03:29:08.255942Z,KXXRP15M-26OCT042330-30,0.0020,6.72,yes
2026-10-05T03:29:08.982466Z,KXXRP15M-26OCT042330-30,0.0020,137.43,yes
2026-10-05T03:29:09.114032Z,KXXRP15M-26OCT042330-30,0.0010,100.00,no
2026-10-05T03:29:09.364821Z,KXXRP15M-26OCT042330-30,0.0010,12.00,no
2026-10-05T03:29:09.684395Z,KXXRP15M-26OCT042330-30,0.0020,157.00,yes
2026-10-05T03:29:10.504871Z,KXXRP15M-26OCT042330-30,0.0020,43.86,yes
2026-10-05T03:29:10.504871Z,KXXRP15M-26OCT042330-30,0.0020,30.00,yes
2026-10-05T03:29:10.504871Z,KXXRP15M-26OCT042330-30,0.0020,354.13,yes
2026-10-05T03:29:10.504871Z,KXXRP15M-26OCT042330-30,0.0020,30.00,yes
2026-10-05T03:29:10.504871Z,KXXRP15M-26OCT042330-30,0.0020,0.02,yes
2026-10-05T03:29:12.776834Z,KXXRP15M-26OCT042330-30,0.0020,377.00,yes
2026-10-05T03:29:12.776834Z,KXXRP15M-26OCT042330-30,0.0020,99.49,yes
2026-10-05T03:29:12.776834Z,KXXRP15M-26OCT042330-30,0.0020,897.54,yes
2026-10-05T03:29:18.070828Z,KXXRP15M-26OCT042330-30,0.0020,91.62,yes
2026-10-05T03:29:19.087783Z,KXXRP15M-26OCT042330-30,0.0010,80.00,no
2026-10-05T03:29:21.135913Z,KXXRP15M-26OCT042330-30,0.0010,12.00,no
2026-10-05T03:29:21.270786Z,KXXRP15M-26OCT042330-30,0.0010,30.00,no
2026-10-05T03:29:21.282971Z,KXXRP15M-26OCT042330-30,0.0010,30.00,no
2026-10-05T03:29:21.289951Z,KXXRP15M-26OCT042330-30,0.0010,25.00,no
2026-10-05T03:29:21.356099Z,KXXRP15M-26OCT042330-30,0.0020,10.93,yes
2026-10-05T03:29:21.414659Z,KXXRP15M-26OCT042330-30,0.0010,30.00,no
2026-10-05T03:29:22.5496Z,KXXRP15M-26OCT042330-30,0.0010,444.40,no
2026-10-05T03:29:22.688871Z,KXXRP15M-26OCT042330-30,0.0020,25.54,yes
2026-10-05T03:29:24.045653Z,KXXRP15M-26OCT042330-30,0.0010,40.00,no
2026-10-05T03:29:24.045653Z,KXXRP15M-26OCT042330-30,0.0010,5.00,no
2026-10-05T03:29:24.045653Z,KXXRP15M-26OCT042330-30,0.0010,40.00,no
2026-10-05T03:29:24.045653Z,KXXRP15M-26OCT042330-30,0.0010,43.00,no
2026-10-05T03:29:24.045653Z,KXXRP15M-26OCT042330-30,0.0010,1.00,no
2026-10-05T03:29:24.045653Z,KXXRP15M-26OCT042330-30,0.0010,500.00,no
2026-10-05T03:29:24.045653Z,KXXRP15M-26OCT042330-30,0.0010,1.00,no
2026-10-05T03:29:24.045653Z,KXXRP15M-26OCT042330-30,0.0010,500.00,no
2026-10-05T03:29:24.045653Z,KXXRP15M-26OCT042330-30,0.0010,500.00,no
2026-10-05T03:29:24.045653Z,KXXRP15M-26OCT042330-30,0.0010,36.60,no
2026-10-05T03:29:24.045653Z,KXXRP15M-26OCT042330-30,0.0010,500.00,no
2026-10-05T03:29:24.045653Z,KXXRP15M-26OCT042330-30,0.0010,350.00,no
2026-10-05T03:29:24.045653Z,KXXRP15M-26OCT042330-30,0.0010,1.00,no
2026-10-05T03:29:26.404254Z,KXXRP15M-26OCT042330-30,0.0010,30.00,yes
2026-10-05T03:29:26.404254Z,KXXRP15M-26OCT042330-30,0.0010,52.00,yes
2026-10-05T03:29:29.169547Z,KXXRP15M-26OCT042330-30,0.0010,50.00,yes
2026-10-05T03:29:29.405481Z,KXXRP15M-26OCT042330-30,0.0010,915.99,yes
2026-10-05T03:29:31.16302Z,KXXRP15M-26OCT042330-30,0.0010,982.01,yes
2026-10-05T03:29:31.16302Z,KXXRP15M-26OCT042330-30,0.0010,1570.00,yes
2026-10-05T03:29:31.16302Z,KXXRP15M-26OCT042330-30,0.0020,226.19,yes
2026-10-05T03:29:31.16302Z,KXXRP15M-26OCT042330-30,0.0020,89.63,yes
2026-10-05T03:29:31.16302Z,KXXRP15M-26OCT042330-30,0.0020,158.42,yes
2026-10-05T03:29:31.16302Z,KXXRP15M-26OCT042330-30,0.0020,582.00,yes
2026-10-05T03:29:39.997113Z,KXXRP15M-26OCT042330-30,0.0020,448.66,yes
2026-10-05T03:29:42.866535Z,KXXRP15M-26OCT042330-30,0.0010,580.90,yes
2026-10-05T03:29:42.866535Z,KXXRP15M-26OCT042330-30,0.0010,1251.00,yes
2026-10-05T03:29:44.918482Z,KXXRP15M-26OCT042330-30,0.0010,22.81,yes
2026-10-05T03:29:45.697675Z,KXXRP15M-26OCT042330-30,0.0010,47.14,yes
2026-10-05T03:29:49.346575Z,KXXRP15M-26OCT042330-30,0.0010,731.89,yes
2026-10-05T03:29:55.659207Z,KXXRP15M-26OCT042330-30,0.0010,934.69,yes
2026-10-05T03:29:59.972678Z,KXXRP15M-26OCT042330-30,0.0010,229.01,yes
2026-10-05T03:28:00.298079Z,KXPLATINUM15M-26OCT042330-30,0.9700,5.14,yes
2026-10-05T03:28:01.385124Z,KXPLATINUM15M-26OCT042330-30,0.9600,10.00,no
2026-10-05T03:28:01.385124Z,KXPLATINUM15M-26OCT042330-30,0.9500,51.00,no
2026-10-05T03:28:01.385124Z,KXPLATINUM15M-26OCT042330-30,0.9500,14.52,no
2026-10-05T03:28:01.385124Z,KXPLATINUM15M-26OCT042330-30,0.9500,1.00,no
2026-10-05T03:28:01.385124Z,KXPLATINUM15M-26OCT042330-30,0.9500,2.00,no
2026-10-05T03:28:01.385124Z,KXPLATINUM15M-26OCT042330-30,0.9500,2.00,no
2026-10-05T03:28:01.385124Z,KXPLATINUM15M-26OCT042330-30,0.9600,3.00,no
2026-10-05T03:28:01.385124Z,KXPLATINUM15M-26OCT042330-30,0.9600,19.00,no
2026-10-05T03:28:01.385124Z,KXPLATINUM15M-26OCT042330-30,0.9600,3.00,no
2026-10-05T03:28:01.385124Z,KXPLATINUM15M-26OCT042330-30,0.9600,9.00,no
2026-10-05T03:28:01.385124Z,KXPLATINUM15M-26OCT042330-30,0.9600,60.00,no
2026-10-05T03:28:01.385124Z,KXPLATINUM15M-26OCT042330-30,0.9600,60.00,no
2026-10-05T03:28:01.385124Z,KXPLATINUM15M-26OCT042330-30,0.9600,30.00,no
2026-10-05T03:28:01.385124Z,KXPLATINUM15M-26OCT042330-30,0.9600,30.00,no
2026-10-05T03:28:01.385124Z,KXPLATINUM15M-26OCT042330-30,0.9600,3.00,no
2026-10-05T03:28:01.856309Z,KXPLATINUM15M-26OCT042330-30,0.9700,5.00,yes
2026-10-05T03:28:01.856309Z,KXPLATINUM15M-26OCT042330-30,0.9700,3.00,yes
2026-10-05T03:28:01.856309Z,KXPLATINUM15M-26OCT042330-30,0.9800,7.78,yes
2026-10-05T03:28:01.856309Z,KXPLATINUM15M-26OCT042330-30,0.9700,2.86,yes
2026-10-05T03:28:01.856309Z,KXPLATINUM15M-26OCT042330-30,0.9800,15.00,yes
2026-10-05T03:28:06.100545Z,KXPLATINUM15M-26OCT042330-30,0.9700,1.00,yes
2026-10-05T03:28:12.748028Z,KXPLATINUM15M-26OCT042330-30,0.9800,1.00,yes
2026-10-05T03:28:14.633081Z,KXPLATINUM15M-26OCT042330-30,0.9700,20.00,no
2026-10-05T03:28:15.190391Z,KXPLATINUM15M-26OCT042330-30,0.9800,5.00,yes
2026-10-05T03:28:15.190391Z,KXPLATINUM15M-26OCT042330-30,0.9800,1.00,yes
2026-10-05T03:28:15.190391Z,KXPLATINUM15M-26OCT042330-30,0.9800,2.00,yes
2026-10-05T03:28:15.190391Z,KXPLATINUM15M-26OCT042330-30,0.9900,0.14,yes
2026-10-05T03:28:15.423978Z,KXPLATINUM15M-26OCT042330-30,0.9900,350.00,yes
2026-10-05T03:28:15.464751Z,KXPLATINUM15M-26OCT042330-30,0.9900,247.36,yes
2026-10-05T03:28:18.812147Z,KXPLATINUM15M-26OCT042330-30,0.9900,504.69,yes
2026-10-05T03:28:24.090956Z,KXPLATINUM15M-26OCT042330-30,0.9800,23.00,no
2026-10-05T03:28:24.794555Z,KXPLATINUM15M-26OCT042330-30,0.9900,252.34,yes
2026-10-05T03:28:26.430315Z,KXPLATINUM15M-26OCT042330-30,0.9900,300.00,yes
2026-10-05T03:28:30.89954Z,KXPLATINUM15M-26OCT042330-30,0.9900,20.00,yes
2026-10-05T03:28:30.89954Z,KXPLATINUM15M-26OCT042330-30,0.9900,1.00,yes
2026-10-05T03:28:30.89954Z,KXPLATINUM15M-26OCT042330-30,0.9900,17.74,yes
2026-10-05T03:28:30.89954Z,KXPLATINUM15M-26OCT042330-30,0.9900,1.00,yes
2026-10-05T03:28:30.89954Z,KXPLATINUM15M-26OCT042330-30,0.9900,10.72,yes
2026-10-05T03:28:31.565674Z,KXPLATINUM15M-26OCT042330-30,0.9900,2.26,yes
2026-10-05T03:28:31.565674Z,KXPLATINUM15M-26OCT042330-30,0.9900,12.74,yes
2026-10-05T03:28:34.291421Z,KXPLATINUM15M-26OCT042330-30,0.9900,1.00,yes
2026-10-05T03:28:38.334958Z,KXPLATINUM15M-26OCT042330-30,0.9800,10.00,no
2026-10-05T03:28:38.334958Z,KXPLATINUM15M-26OCT042330-30,0.9800,4.70,no
2026-10-05T03:28:40.981655Z,KXPLATINUM15M-26OCT042330-30,0.9900,20.58,yes
2026-10-05T03:28:40.981655Z,KXPLATINUM15M-26OCT042330-30,0.9900,2.00,yes
2026-10-05T03:28:40.981655Z,KXPLATINUM15M-26OCT042330-30,0.9900,10.00,yes
2026-10-05T03:28:40.981655Z,KXPLATINUM15M-26OCT042330-30,0.9900,2.00,yes
2026-10-05T03:28:40.981655Z,KXPLATINUM15M-26OCT042330-30,0.9900,86.26,yes
2026-10-05T03:28:41.0786Z,KXPLATINUM15M-26OCT042330-30,0.9800,2.12,no
2026-10-05T03:28:42.10304Z,KXPLATINUM15M-26OCT042330-30,0.9900,10.00,yes
2026-10-05T03:28:43.468101Z,KXPLATINUM15M-26OCT042330-30,0.9900,1.00,yes
2026-10-05T03:28:45.639065Z,KXPLATINUM15M-26OCT042330-30,0.9800,26.54,no
2026-10-05T03:28:46.780652Z,KXPLATINUM15M-26OCT042330-30,0.9900,8.42,yes
2026-10-05T03:28:46.780652Z,KXPLATINUM15M-26OCT042330-30,0.9900,4.00,yes
2026-10-05T03:28:46.780652Z,KXPLATINUM15M-26OCT042330-30,0.9900,2.00,yes
2026-10-05T03:28:46.780652Z,KXPLATINUM15M-26OCT042330-30,0.9900,2.00,yes
2026-10-05T03:28:46.780652Z,KXPLATINUM15M-26OCT042330-30,0.9900,2.00,yes
2026-10-05T03:28:46.780652Z,KXPLATINUM15M-26OCT042330-30,0.9900,2.00,yes
2026-10-05T03:28:46.780652Z,KXPLATINUM15M-26OCT042330-30,0.9900,4.00,yes
2026-10-05T03:28:46.780652Z,KXPLATINUM15M-26OCT042330-30,0.9900,2.00,yes
2026-10-05T03:28:46.780652Z,KXPLATINUM15M-26OCT042330-30,0.9900,20.00,yes
2026-10-05T03:28:46.780652Z,KXPLATINUM15M-26OCT042330-30,0.9900,1.00,yes
2026-10-05T03:28:46.780652Z,KXPLATINUM15M-26OCT042330-30,0.9900,1.00,yes
2026-10-05T03:28:46.780652Z,KXPLATINUM15M-26OCT042330-30,0.9900,27.00,yes
2026-10-05T03:28:46.780652Z,KXPLATINUM15M-26OCT042330-30,0.9900,5.75,yes
2026-10-05T03:28:52.810402Z,KXPLATINUM15M-26OCT042330-30,0.9900,2.25,no
2026-10-05T03:28:58.667776Z,KXPLATINUM15M-26OCT042330-30,0.9900,10.00,no
2026-10-05T03:29:05.84512Z,KXPLATINUM15M-26OCT042330-30,0.9900,10.35,no
2026-10-05T03:29:23.850746Z,KXPLATINUM15M-26OCT042330-30,0.9900,3.00,no
2026-10-05T03:29:23.850746Z,KXPLATINUM15M-26OCT042330-30,0.9900,64.51,no
2026-10-05T03:29:23.850746Z,KXPLATINUM15M-26OCT042330-30,0.9900,1.00,no
2026-10-05T03:29:23.850746Z,KXPLATINUM15M-26OCT042330-30,0.9900,5.00,no
2026-10-05T03:29:23.850746Z,KXPLATINUM15M-26OCT042330-30,0.9900,20.00,no
2026-10-05T03:29:56.912808Z,KXPLATINUM15M-26OCT042330-30,0.9900,2.86,no
2026-10-05T03:28:00.721707Z,KXEURUSD15M-26OCT042330-30,0.9900,2.22,yes
2026-10-05T03:28:01.923409Z,KXEURUSD15M-26OCT042330-30,0.9800,46.79,no
2026-10-05T03:28:02.841162Z,KXEURUSD15M-26OCT042330-30,0.9800,10.00,no
2026-10-05T03:28:02.841162Z,KXEURUSD15M-26OCT042330-30,0.9800,83.58,no
2026-10-05T03:28:04.258067Z,KXEURUSD15M-26OCT042330-30,0.9800,15.48,no
2026-10-05T03:28:11.4976Z,KXEURUSD15M-26OCT042330-30,0.9900,60.00,yes
2026-10-05T03:28:11.509307Z,KXEURUSD15M-26OCT042330-30,0.9900,15.00,yes
2026-10-05T03:28:18.748202Z,KXEURUSD15M-26OCT042330-30,0.9900,20.18,yes
2026-10-05T03:28:24.912137Z,KXEURUSD15M-26OCT042330-30,0.9900,1.14,yes
2026-10-05T03:28:24.912137Z,KXEURUSD15M-26OCT042330-30,0.9900,99.27,yes
2026-10-05T03:28:24.912137Z,KXEURUSD15M-26OCT042330-30,0.9900,10.00,yes
2026-10-05T03:28:24.912137Z,KXEURUSD15M-26OCT042330-30,0.9900,1.00,yes
2026-10-05T03:28:24.912137Z,KXEURUSD15M-26OCT042330-30,0.9900,11.14,yes
2026-10-05T03:28:24.912137Z,KXEURUSD15M-26OCT042330-30,0.9900,1.00,yes
2026-10-05T03:28:24.912137Z,KXEURUSD15M-26OCT042330-30,0.9900,447.45,yes
2026-10-05T03:28:44.251812Z,KXEURUSD15M-26OCT042330-30,0.9900,1.00,yes
2026-10-05T03:28:46.559711Z,KXEURUSD15M-26OCT042330-30,0.9900,3.14,no
2026-10-05T03:29:04.435704Z,KXEURUSD15M-26OCT042330-30,0.9900,1.39,no
2026-10-05T03:28:16.002711Z,KXBTC15M-26OCT042330-30,0.0570,113.43,no
2026-10-05T03:28:16.052651Z,KXBTC15M-26OCT042330-30,0.0580,0.01,yes
2026-10-05T03:28:16.052651Z,KXBTC15M-26OCT042330-30,0.0600,8.15,yes
2026-10-05T03:28:16.052651Z,KXBTC15M-26OCT042330-30,0.0590,8.00,yes
2026-10-05T03:28:16.052651Z,KXBTC15M-26OCT042330-30,0.0580,0.01,yes
2026-10-05T03:28:16.053369Z,KXBTC15M-26OCT042330-30,0.0600,12.37,yes
2026-10-05T03:28:16.069228Z,KXBTC15M-26OCT042330-30,0.0570,36.25,no
2026-10-05T03:28:16.099776Z,KXBTC15M-26OCT042330-30,0.0570,1.00,no
2026-10-05T03:28:16.132338Z,KXBTC15M-26OCT042330-30,0.0580,0.42,no
2026-10-05T03:28:16.150983Z,KXBTC15M-26OCT042330-30,0.0600,0.01,yes
2026-10-05T03:28:16.150983Z,KXBTC15M-26OCT042330-30,0.0600,65.00,yes
2026-10-05T03:28:16.150983Z,KXBTC15M-26OCT042330-30,0.0590,0.01,yes
2026-10-05T03:28:16.150983Z,KXBTC15M-26OCT042330-30,0.0590,0.01,yes
2026-10-05T03:28:16.150983Z,KXBTC15M-26OCT042330-30,0.0600,21.48,yes
2026-10-05T03:28:16.150983Z,KXBTC15M-26OCT042330-30,0.0610,162.98,yes
2026-10-05T03:28:16.196214Z,KXBTC15M-26OCT042330-30,0.0610,55.63,yes
2026-10-05T03:28:16.210154Z,KXBTC15M-26OCT042330-30,0.0600,25.00,no
2026-10-05T03:28:16.210581Z,KXBTC15M-26OCT042330-30,0.0600,0.01,no
2026-10-05T03:28:16.210581Z,KXBTC15M-26OCT042330-30,0.0590,0.01,no
2026-10-05T03:28:16.210581Z,KXBTC15M-26OCT042330-30,0.0600,125.00,no
2026-10-05T03:28:16.210581Z,KXBTC15M-26OCT042330-30,0.0590,0.01,no
2026-10-05T03:28:16.210581Z,KXBTC15M-26OCT042330-30,0.0540,9.00,no
2026-10-05T03:28:16.210581Z,KXBTC15M-26OCT042330-30,0.0600,0.01,no
2026-10-05T03:28:16.210581Z,KXBTC15M-26OCT042330-30,0.0580,0.01,no
2026-10-05T03:28:16.210581Z,KXBTC15M-26OCT042330-30,0.0580,0.01,no
2026-10-05T03:28:16.210581Z,KXBTC15M-26OCT042330-30,0.0520,147.53,no
2026-10-05T03:28:16.210581Z,KXBTC15M-26OCT042330-30,0.0530,208.00,no
2026-10-05T03:28:16.243154Z,KXBTC15M-26OCT042330-30,0.0600,500.00,yes
2026-10-05T03:28:16.243154Z,KXBTC15M-26OCT042330-30,0.0600,198.33,yes
2026-10-05T03:28:16.272117Z,KXBTC15M-26OCT042330-30,0.0530,416.00,no
2026-10-05T03:28:16.272117Z,KXBTC15M-26OCT042330-30,0.0540,0.01,no
2026-10-05T03:28:16.272117Z,KXBTC15M-26OCT042330-30,0.0580,0.01,no
2026-10-05T03:28:16.272117Z,KXBTC15M-26OCT042330-30,0.0540,102.00,no
2026-10-05T03:28:16.272117Z,KXBTC15M-26OCT042330-30,0.0580,0.01,no
2026-10-05T03:28:16.272117Z,KXBTC15M-26OCT042330-30,0.0520,2993.47,no
2026-10-05T03:28:16.272117Z,KXBTC15M-26OCT042330-30,0.0530,1.02,no
2026-10-05T03:28:16.2916Z,KXBTC15M-26OCT042330-30,0.0590,391.71,yes
2026-10-05T03:28:16.315036Z,KXBTC15M-26OCT042330-30,0.0590,1.93,yes
2026-10-05T03:28:16.348116Z,KXBTC15M-26OCT042330-30,0.0590,15.84,yes
2026-10-05T03:28:16.354618Z,KXBTC15M-26OCT042330-30,0.0500,9.00,no
2026-10-05T03:28:16.354618Z,KXBTC15M-26OCT042330-30,0.0580,0.01,no
2026-10-05T03:28:16.354618Z,KXBTC15M-26OCT042330-30,0.0580,0.01,no
2026-10-05T03:28:16.354618Z,KXBTC15M-26OCT042330-30,0.0490,0.01,no
2026-10-05T03:28:16.354618Z,KXBTC15M-26OCT042330-30,0.0580,102.00,no
2026-10-05T03:28:16.354618Z,KXBTC15M-26OCT042330-30,0.0490,12.00,no
2026-10-05T03:28:16.354618Z,KXBTC15M-26OCT042330-30,0.0480,114.20,no
2026-10-05T03:28:16.382127Z,KXBTC15M-26OCT042330-30,0.0510,27.60,yes
2026-10-05T03:28:16.382131Z,KXBTC15M-26OCT042330-30,0.0510,3.50,yes
2026-10-05T03:28:16.385638Z,KXBTC15M-26OCT042330-30,0.0510,78.05,yes
2026-10-05T03:28:16.412345Z,KXBTC15M-26OCT042330-30,0.0500,51.73,no
2026-10-05T03:28:16.412345Z,KXBTC15M-26OCT042330-30,0.0500,0.01,no
2026-10-05T03:28:16.412345Z,KXBTC15M-26OCT042330-30,0.0500,0.01,no
2026-10-05T03:28:16.445149Z,KXBTC15M-26OCT042330-30,0.0510,2.71,yes
2026-10-05T03:28:16.463003Z,KXBTC15M-26OCT042330-30,0.0510,16.17,yes
2026-10-05T03:28:16.463622Z,KXBTC15M-26OCT042330-30,0.0510,214.24,yes
2026-10-05T03:28:16.48697Z,KXBTC15M-26OCT042330-30,0.0510,112.68,yes
2026-10-05T03:28:16.516394Z,KXBTC15M-26OCT042330-30,0.0510,17.46,yes
2026-10-05T03:28:16.519027Z,KXBTC15M-26OCT042330-30,0.0510,9.41,yes
2026-10-05T03:28:16.547325Z,KXBTC15M-26OCT042330-30,0.0510,15.63,yes
2026-10-05T03:28:16.549937Z,KXBTC15M-26OCT042330-30,0.0510,53.67,yes
2026-10-05T03:28:16.571053Z,KXBTC15M-26OCT042330-30,0.0510,63.00,yes
2026-10-05T03:28:16.5904Z,KXBTC15M-26OCT042330-30,0.0400,19.00,no
2026-10-05T03:28:16.5904Z,KXBTC15M-26OCT042330-30,0.0400,22.53,no
2026-10-05T03:28:16.5904Z,KXBTC15M-26OCT042330-30,0.0400,23.58,no
2026-10-05T03:28:16.5904Z,KXBTC15M-26OCT042330-30,0.0500,0.01,no
2026-10-05T03:28:16.5904Z,KXBTC15M-26OCT042330-30,0.0450,122.00,no
2026-10-05T03:28:16.5904Z,KXBTC15M-26OCT042330-30,0.0500,0.01,no
2026-10-05T03:28:16.5904Z,KXBTC15M-26OCT042330-30,0.0490,11.00,no
2026-10-05T03:28:16.5904Z,KXBTC15M-26OCT042330-30,0.0500,1.05,no
2026-10-05T03:28:16.5904Z,KXBTC15M-26OCT042330-30,0.0410,10.00,no
2026-10-05T03:28:16.5904Z,KXBTC15M-26OCT042330-30,0.0500,98.27,no
2026-10-05T03:28:16.5904Z,KXBTC15M-26OCT042330-30,0.0450,64.00,no
2026-10-05T03:28:16.5904Z,KXBTC15M-26OCT042330-30,0.0420,77.00,no
2026-10-05T03:28:16.5904Z,KXBTC15M-26OCT042330-30,0.0450,64.00,no
2026-10-05T03:28:16.5904Z,KXBTC15M-26OCT042330-30,0.0410,2.00,no
2026-10-05T03:28:16.5904Z,KXBTC15M-26OCT042330-30,0.0430,1.00,no
2026-10-05T03:28:16.5904Z,KXBTC15M-26OCT042330-30,0.0440,1.00,no
2026-10-05T03:28:16.5904Z,KXBTC15M-26OCT042330-30,0.0410,1.00,no
2026-10-05T03:28:16.5904Z,KXBTC15M-26OCT042330-30,0.0420,1.00,no
2026-10-05T03:28:16.593806Z,KXBTC15M-26OCT042330-30,0.0510,15.63,yes
2026-10-05T03:28:16.666039Z,KXBTC15M-26OCT042330-30,0.0510,113.00,yes
2026-10-05T03:28:16.676319Z,KXBTC15M-26OCT042330-30,0.0510,78.18,yes
2026-10-05T03:28:16.733398Z,KXBTC15M-26OCT042330-30,0.0510,15.90,yes
2026-10-05T03:28:16.753453Z,KXBTC15M-26OCT042330-30,0.0510,7.68,yes
2026-10-05T03:28:16.803213Z,KXBTC15M-26OCT042330-30,0.0510,36.77,yes
2026-10-05T03:28:16.836625Z,KXBTC15M-26OCT042330-30,0.0510,70.28,yes
2026-10-05T03:28:16.864581Z,KXBTC15M-26OCT042330-30,0.0510,3.90,yes
2026-10-05T03:28:16.896282Z,KXBTC15M-26OCT042330-30,0.0510,25.00,yes
2026-10-05T03:28:16.915704Z,KXBTC15M-26OCT042330-30,0.0500,0.01,no
2026-10-05T03:28:16.915704Z,KXBTC15M-26OCT042330-30,0.0500,3.13,no
2026-10-05T03:28:16.952646Z,KXBTC15M-26OCT042330-30,0.0500,52.06,no
2026-10-05T03:28:17.047198Z,KXBTC15M-26OCT042330-30,0.0510,0.01,yes
2026-10-05T03:28:17.047198Z,KXBTC15M-26OCT042330-30,0.0530,32.17,yes
2026-10-05T03:28:17.047198Z,KXBTC15M-26OCT042330-30,0.0510,0.01,yes
2026-10-05T03:28:17.055039Z,KXBTC15M-26OCT042330-30,0.0530,0.01,yes
2026-10-05T03:28:17.055039Z,KXBTC15M-26OCT042330-30,0.0530,2.14,yes
2026-10-05T03:28:17.096551Z,KXBTC15M-26OCT042330-30,0.0530,0.01,yes
2026-10-05T03:28:17.096551Z,KXBTC15M-26OCT042330-30,0.0530,0.01,yes
2026-10-05T03:28:17.096551Z,KXBTC15M-26OCT042330-30,0.0550,51.69,yes
2026-10-05T03:28:17.096551Z,KXBTC15M-26OCT042330-30,0.0530,1.00,yes
2026-10-05T03:28:17.096551Z,KXBTC15M-26OCT042330-30,0.0530,1.00,yes
2026-10-05T03:28:17.096987Z,KXBTC15M-26OCT042330-30,0.0550,3.00,yes
2026-10-05T03:28:17.13383Z,KXBTC15M-26OCT042330-30,0.0540,0.01,no
2026-10-05T03:28:17.13383Z,KXBTC15M-26OCT042330-30,0.0530,0.01,no
2026-10-05T03:28:17.13383Z,KXBTC15M-26OCT042330-30,0.0520,0.01,no
2026-10-05T03:28:17.13383Z,KXBTC15M-26OCT042330-30,0.0540,0.01,no
2026-10-05T03:28:17.13383Z,KXBTC15M-26OCT042330-30,0.0530,0.01,no
2026-10-05T03:28:17.13383Z,KXBTC15M-26OCT042330-30,0.0510,1.99,no
2026-10-05T03:28:17.13383Z,KXBTC15M-26OCT042330-30,0.0520,0.05,no
2026-10-05T03:28:17.187541Z,KXBTC15M-26OCT042330-30,0.0510,0.01,no
2026-10-05T03:28:17.187541Z,KXBTC15M-26OCT042330-30,0.0520,0.01,no
2026-10-05T03:28:17.187541Z,KXBTC15M-26OCT042330-30,0.0510,75.01,no
2026-10-05T03:28:17.187541Z,KXBTC15M-26OCT042330-30,0.0480,9.00,no
2026-10-05T03:28:17.187541Z,KXBTC15M-26OCT042330-30,0.0480,78.00,no
2026-10-05T03:28:17.187541Z,KXBTC15M-26OCT042330-30,0.0470,113.27,no
2026-10-05T03:28:17.187541Z,KXBTC15M-26OCT042330-30,0.0500,30.00,no
2026-10-05T03:28:17.187541Z,KXBTC15M-26OCT042330-30,0.0500,11.00,no
2026-10-05T03:28:17.187541Z,KXBTC15M-26OCT042330-30,0.0500,46.81,no
2026-10-05T03:28:17.20032Z,KXBTC15M-26OCT042330-30,0.0550,63.90,yes
2026-10-05T03:28:17.209187Z,KXBTC15M-26OCT042330-30,0.0540,88.11,no
2026-10-05T03:28:17.226201Z,KXBTC15M-26OCT042330-30,0.0550,100.00,yes
2026-10-05T03:28:17.226201Z,KXBTC15M-26OCT042330-30,0.0550,0.01,yes
2026-10-05T03:28:17.226201Z,KXBTC15M-26OCT042330-30,0.0550,18.00,yes
2026-10-05T03:28:17.226201Z,KXBTC15M-26OCT042330-30,0.0560,200.00,yes
2026-10-05T03:28:17.226201Z,KXBTC15M-26OCT042330-30,0.0550,200.00,yes
2026-10-05T03:28:17.226201Z,KXBTC15M-26OCT042330-30,0.0550,0.01,yes
2026-10-05T03:28:17.226201Z,KXBTC15M-26OCT042330-30,0.0570,632.53,yes
2026-10-05T03:28:17.226201Z,KXBTC15M-26OCT042330-30,0.0550,928.41,yes
2026-10-05T03:28:17.226201Z,KXBTC15M-26OCT042330-30,0.0550,500.00,yes
2026-10-05T03:28:17.226201Z,KXBTC15M-26OCT042330-30,0.0550,500.00,yes
2026-10-05T03:28:17.276848Z,KXBTC15M-26OCT042330-30,0.0580,6.00,yes
2026-10-05T03:28:17.276848Z,KXBTC15M-26OCT042330-30,0.0550,0.01,yes
2026-10-05T03:28:17.276848Z,KXBTC15M-26OCT042330-30,0.0550,0.01,yes
2026-10-05T03:28:17.276848Z,KXBTC15M-26OCT042330-30,0.0600,13.98,yes
2026-10-05T03:28:17.277159Z,KXBTC15M-26OCT042330-30,0.0600,58.55,yes
2026-10-05T03:28:17.277159Z,KXBTC15M-26OCT042330-30,0.0600,1.02,yes
2026-10-05T03:28:17.295334Z,KXBTC15M-26OCT042330-30,0.0570,4.00,no
2026-10-05T03:28:17.30041Z,KXBTC15M-26OCT042330-30,0.0580,0.01,yes
2026-10-05T03:28:17.30041Z,KXBTC15M-26OCT042330-30,0.0590,50.70,yes
2026-10-05T03:28:17.30041Z,KXBTC15M-26OCT042330-30,0.0590,1.00,yes
2026-10-05T03:28:17.30041Z,KXBTC15M-26OCT042330-30,0.0580,0.01,yes
2026-10-05T03:28:17.30041Z,KXBTC15M-26OCT042330-30,0.0580,66.00,yes
2026-10-05T03:28:17.308375Z,KXBTC15M-26OCT042330-30,0.0600,63.00,yes
2026-10-05T03:28:17.340112Z,KXBTC15M-26OCT042330-30,0.0590,0.01,yes
2026-10-05T03:28:17.340112Z,KXBTC15M-26OCT042330-30,0.0600,37.98,yes
2026-10-05T03:28:17.340112Z,KXBTC15M-26OCT042330-30,0.0590,8.00,yes
2026-10-05T03:28:17.340112Z,KXBTC15M-26OCT042330-30,0.0590,0.01,yes
2026-10-05T03:28:17.340112Z,KXBTC15M-26OCT042330-30,0.0600,16.00,yes
2026-10-05T03:28:17.340112Z,KXBTC15M-26OCT042330-30,0.0590,6.00,yes
2026-10-05T03:28:17.350697Z,KXBTC15M-26OCT042330-30,0.0590,93.35,no
2026-10-05T03:28:17.387254Z,KXBTC15M-26OCT042330-30,0.0590,0.01,no
2026-10-05T03:28:17.387254Z,KXBTC15M-26OCT042330-30,0.0590,56.65,no
2026-10-05T03:28:17.387254Z,KXBTC15M-26OCT042330-30,0.0590,0.01,no
2026-10-05T03:28:17.387254Z,KXBTC15M-26OCT042330-30,0.0590,109.22,no
2026-10-05T03:28:17.400087Z,KXBTC15M-26OCT042330-30,0.0590,2.09,no
2026-10-05T03:28:17.400994Z,KXBTC15M-26OCT042330-30,0.0590,31.77,no
2026-10-05T03:28:17.455737Z,KXBTC15M-26OCT042330-30,0.0600,0.01,yes
2026-10-05T03:28:17.455737Z,KXBTC15M-26OCT042330-30,0.0600,0.01,yes
2026-10-05T03:28:17.455737Z,KXBTC15M-26OCT042330-30,0.0600,69.02,yes
2026-10-05T03:28:17.455737Z,KXBTC15M-26OCT042330-30,0.0610,72.99,yes
2026-10-05T03:28:17.459239Z,KXBTC15M-26OCT042330-30,0.0600,52.00,no
2026-10-05T03:28:17.495694Z,KXBTC15M-26OCT042330-30,0.0610,424.84,yes
2026-10-05T03:28:17.495694Z,KXBTC15M-26OCT042330-30,0.0610,755.40,yes
2026-10-05T03:28:17.509449Z,KXBTC15M-26OCT042330-30,0.0610,0.01,yes
2026-10-05T03:28:17.509449Z,KXBTC15M-26OCT042330-30,0.0610,0.12,yes
2026-10-05T03:28:17.509449Z,KXBTC15M-26OCT042330-30,0.0610,0.01,yes
2026-10-05T03:28:17.634288Z,KXBTC15M-26OCT042330-30,0.0630,14.00,yes
2026-10-05T03:28:17.64493Z,KXBTC15M-26OCT042330-30,0.0620,60.60,no
2026-10-05T03:28:17.64493Z,KXBTC15M-26OCT042330-30,0.0620,0.01,no
2026-10-05T03:28:17.64493Z,KXBTC15M-26OCT042330-30,0.0620,0.01,no
2026-10-05T03:28:17.64493Z,KXBTC15M-26OCT042330-30,0.0620,150.00,no
2026-10-05T03:28:17.654698Z,KXBTC15M-26OCT042330-30,0.0630,55.21,yes
2026-10-05T03:28:17.696324Z,KXBTC15M-26OCT042330-30,0.0610,1.22,no
2026-10-05T03:28:17.696324Z,KXBTC15M-26OCT042330-30,0.0620,0.01,no
2026-10-05T03:28:17.696324Z,KXBTC15M-26OCT042330-30,0.0620,0.01,no
2026-10-05T03:28:17.729516Z,KXBTC15M-26OCT042330-30,0.0580,73.00,no
2026-10-05T03:28:17.729516Z,KXBTC15M-26OCT042330-30,0.0620,0.01,no
2026-10-05T03:28:17.729516Z,KXBTC15M-26OCT042330-30,0.0580,9.00,no
2026-10-05T03:28:17.729516Z,KXBTC15M-26OCT042330-30,0.0580,95.00,no
2026-10-05T03:28:17.729516Z,KXBTC15M-26OCT042330-30,0.0580,95.00,no
2026-10-05T03:28:17.729516Z,KXBTC15M-26OCT042330-30,0.0600,200.00,no
2026-10-05T03:28:17.729516Z,KXBTC15M-26OCT042330-30,0.0610,148.78,no
2026-10-05T03:28:17.729516Z,KXBTC15M-26OCT042330-30,0.0620,0.01,no
2026-10-05T03:28:17.729516Z,KXBTC15M-26OCT042330-30,0.0580,6.00,no
2026-10-05T03:28:17.778296Z,KXBTC15M-26OCT042330-30,0.0620,2.33,yes
2026-10-05T03:28:17.778296Z,KXBTC15M-26OCT042330-30,0.0620,0.01,yes
2026-10-05T03:28:17.778296Z,KXBTC15M-26OCT042330-30,0.0620,0.01,yes
2026-10-05T03:28:17.840428Z,KXBTC15M-26OCT042330-30,0.0610,0.01,no
2026-10-05T03:28:17.840428Z,KXBTC15M-26OCT042330-30,0.0610,0.01,no
2026-10-05T03:28:17.840428Z,KXBTC15M-26OCT042330-30,0.0610,150.00,no
2026-10-05T03:28:17.840428Z,KXBTC15M-26OCT042330-30,0.0610,183.35,no
2026-10-05T03:28:17.847433Z,KXBTC15M-26OCT042330-30,0.0610,71.64,no
2026-10-05T03:28:17.850723Z,KXBTC15M-26OCT042330-30,0.0620,5.67,yes
2026-10-05T03:28:17.850723Z,KXBTC15M-26OCT042330-30,0.0620,9.22,yes
2026-10-05T03:28:17.886971Z,KXBTC15M-26OCT042330-30,0.0620,14.89,yes
2026-10-05T03:28:17.926145Z,KXBTC15M-26OCT042330-30,0.0620,4.11,yes
2026-10-05T03:28:17.926145Z,KXBTC15M-26OCT042330-30,0.0620,5.89,yes
2026-10-05T03:28:17.931227Z,KXBTC15M-26OCT042330-30,0.0620,108.00,yes
2026-10-05T03:28:17.932307Z,KXBTC15M-26OCT042330-30,0.0620,100.00,yes
2026-10-05T03:28:17.932307Z,KXBTC15M-26OCT042330-30,0.0620,151.89,yes
2026-10-05T03:28:17.932307Z,KXBTC15M-26OCT042330-30,0.0620,0.01,yes
2026-10-05T03:28:17.932307Z,KXBTC15M-26OCT042330-30,0.0620,0.01,yes
2026-10-05T03:28:17.936898Z,KXBTC15M-26OCT042330-30,0.0610,5.26,no
2026-10-05T03:28:18.023577Z,KXBTC15M-26OCT042330-30,0.0630,8.49,no
2026-10-05T03:28:18.034656Z,KXBTC15M-26OCT042330-30,0.0630,5.82,no
2026-10-05T03:28:18.072146Z,KXBTC15M-26OCT042330-30,0.0630,0.79,no
2026-10-05T03:28:18.07754Z,KXBTC15M-26OCT042330-30,0.0630,500.00,no
2026-10-05T03:28:18.07754Z,KXBTC15M-26OCT042330-30,0.0630,6.56,no
2026-10-05T03:28:18.07754Z,KXBTC15M-26OCT042330-30,0.0630,352.44,no
2026-10-05T03:28:18.07754Z,KXBTC15M-26OCT042330-30,0.0630,3141.00,no
2026-10-05T03:28:18.084543Z,KXBTC15M-26OCT042330-30,0.0640,14.57,yes
2026-10-05T03:28:18.084543Z,KXBTC15M-26OCT042330-30,0.0640,0.01,yes
2026-10-05T03:28:18.084543Z,KXBTC15M-26OCT042330-30,0.0640,0.01,yes
2026-10-05T03:28:18.127151Z,KXBTC15M-26OCT042330-30,0.0630,93.44,no
2026-10-05T03:28:18.127151Z,KXBTC15M-26OCT042330-30,0.0630,10.56,no
2026-10-05T03:28:18.283838Z,KXBTC15M-26OCT042330-30,0.0630,0.01,no
2026-10-05T03:28:18.283838Z,KXBTC15M-26OCT042330-30,0.0630,118.67,no
2026-10-05T03:28:18.283838Z,KXBTC15M-26OCT042330-30,0.0630,0.01,no
2026-10-05T03:28:18.283838Z,KXBTC15M-26OCT042330-30,0.0630,19.44,no
2026-10-05T03:28:18.284416Z,KXBTC15M-26OCT042330-30,0.0640,14.59,yes
2026-10-05T03:28:18.290163Z,KXBTC15M-26OCT042330-30,0.0640,25.00,yes
2026-10-05T03:28:18.310294Z,KXBTC15M-26OCT042330-30,0.0640,7.08,yes
2026-10-05T03:28:18.339566Z,KXBTC15M-26OCT042330-30,0.0630,4.24,no
2026-10-05T03:28:18.402994Z,KXBTC15M-26OCT042330-30,0.0640,25.96,yes
2026-10-05T03:28:18.408899Z,KXBTC15M-26OCT042330-30,0.0600,92.00,no
2026-10-05T03:28:18.408899Z,KXBTC15M-26OCT042330-30,0.0590,200.00,no
2026-10-05T03:28:18.408899Z,KXBTC15M-26OCT042330-30,0.0600,200.00,no
2026-10-05T03:28:18.408899Z,KXBTC15M-26OCT042330-30,0.0630,0.01,no
2026-10-05T03:28:18.408899Z,KXBTC15M-26OCT042330-30,0.0630,27.09,no
2026-10-05T03:28:18.408899Z,KXBTC15M-26OCT042330-30,0.0600,9.00,no
2026-10-05T03:28:18.408899Z,KXBTC15M-26OCT042330-30,0.0630,0.01,no
2026-10-05T03:28:18.408899Z,KXBTC15M-26OCT042330-30,0.0570,56.84,no
2026-10-05T03:28:18.409936Z,KXBTC15M-26OCT042330-30,0.0570,3.00,no
2026-10-05T03:28:18.420009Z,KXBTC15M-26OCT042330-30,0.0560,4.31,no
2026-10-05T03:28:18.457324Z,KXBTC15M-26OCT042330-30,0.0580,1.93,yes
2026-10-05T03:28:18.468825Z,KXBTC15M-26OCT042330-30,0.0580,42.07,yes
2026-10-05T03:28:18.484702Z,KXBTC15M-26OCT042330-30,0.0570,0.01,no
2026-10-05T03:28:18.484702Z,KXBTC15M-26OCT042330-30,0.0570,21.91,no
2026-10-05T03:28:18.484702Z,KXBTC15M-26OCT042330-30,0.0570,0.01,no
2026-10-05T03:28:18.525633Z,KXBTC15M-26OCT042330-30,0.0540,10.00,no
2026-10-05T03:28:18.525633Z,KXBTC15M-26OCT042330-30,0.0480,44.54,no
2026-10-05T03:28:18.525633Z,KXBTC15M-26OCT042330-30,0.0570,128.09,no
2026-10-05T03:28:18.525633Z,KXBTC15M-26OCT042330-30,0.0520,70.00,no
2026-10-05T03:28:18.525633Z,KXBTC15M-26OCT042330-30,0.0480,9.00,no
2026-10-05T03:28:18.525633Z,KXBTC15M-26OCT042330-30,0.0570,1.02,no
2026-10-05T03:28:18.525633Z,KXBTC15M-26OCT042330-30,0.0570,1.05,no
2026-10-05T03:28:18.525633Z,KXBTC15M-26OCT042330-30,0.0550,100.00,no
2026-10-05T03:28:18.525633Z,KXBTC15M-26OCT042330-30,0.0480,11.00,no
2026-10-05T03:28:18.525633Z,KXBTC15M-26OCT042330-30,0.0500,15.00,no
2026-10-05T03:28:18.525633Z,KXBTC15M-26OCT042330-30,0.0500,64.00,no
2026-10-05T03:28:18.525633Z,KXBTC15M-26OCT042330-30,0.0500,64.00,no
2026-10-05T03:28:18.525656Z,KXBTC15M-26OCT042330-30,0.0580,21.07,yes
2026-10-05T03:28:18.534404Z,KXBTC15M-26OCT042330-30,0.0490,0.51,no
2026-10-05T03:28:18.594205Z,KXBTC15M-26OCT042330-30,0.0570,102.00,no
2026-10-05T03:28:18.594205Z,KXBTC15M-26OCT042330-30,0.0570,150.00,no
2026-10-05T03:28:18.633186Z,KXBTC15M-26OCT042330-30,0.0550,721.40,yes
2026-10-05T03:28:18.649722Z,KXBTC15M-26OCT042330-30,0.0550,29.43,yes
2026-10-05T03:28:18.672023Z,KXBTC15M-26OCT042330-30,0.0550,861.91,yes
2026-10-05T03:28:18.706736Z,KXBTC15M-26OCT042330-30,0.0550,0.01,yes
2026-10-05T03:28:18.706736Z,KXBTC15M-26OCT042330-30,0.0550,70.99,yes
2026-10-05T03:28:18.717309Z,KXBTC15M-26OCT042330-30,0.0550,0.01,yes
2026-10-05T03:28:18.717309Z,KXBTC15M-26OCT042330-30,0.0550,1.26,yes
2026-10-05T03:28:18.718225Z,KXBTC15M-26OCT042330-30,0.0570,0.01,yes
2026-10-05T03:28:18.718225Z,KXBTC15M-26OCT042330-30,0.0580,77.80,yes
2026-10-05T03:28:18.718225Z,KXBTC15M-26OCT042330-30,0.0550,0.01,yes
2026-10-05T03:28:18.718225Z,KXBTC15M-26OCT042330-30,0.0570,0.01,yes
2026-10-05T03:28:18.718225Z,KXBTC15M-26OCT042330-30,0.0570,78.00,yes
2026-10-05T03:28:18.718225Z,KXBTC15M-26OCT042330-30,0.0570,8.00,yes
2026-10-05T03:28:18.718225Z,KXBTC15M-26OCT042330-30,0.0550,418.29,yes
2026-10-05T03:28:18.741706Z,KXBTC15M-26OCT042330-30,0.0570,1.19,no
2026-10-05T03:28:18.74855Z,KXBTC15M-26OCT042330-30,0.0580,2.00,yes
2026-10-05T03:28:18.766174Z,KXBTC15M-26OCT042330-30,0.0580,12.68,yes
2026-10-05T03:28:18.778012Z,KXBTC15M-26OCT042330-30,0.0570,20.87,no
2026-10-05T03:28:18.790213Z,KXBTC15M-26OCT042330-30,0.0580,73.32,yes
2026-10-05T03:28:18.819913Z,KXBTC15M-26OCT042330-30,0.0570,3.00,no
2026-10-05T03:28:18.828266Z,KXBTC15M-26OCT042330-30,0.0580,0.01,yes
2026-10-05T03:28:18.828266Z,KXBTC15M-26OCT042330-30,0.0580,0.01,yes
2026-10-05T03:28:18.828266Z,KXBTC15M-26OCT042330-30,0.0590,1.25,yes
2026-10-05T03:28:18.839651Z,KXBTC15M-26OCT042330-30,0.0590,5.89,yes
2026-10-05T03:28:18.842983Z,KXBTC15M-26OCT042330-30,0.0580,34.35,no
2026-10-05T03:28:18.854497Z,KXBTC15M-26OCT042330-30,0.0580,104.00,no
2026-10-05T03:28:18.896098Z,KXBTC15M-26OCT042330-30,0.0590,3.16,yes
2026-10-05T03:28:18.90313Z,KXBTC15M-26OCT042330-30,0.0590,2.27,yes
2026-10-05T03:28:18.916455Z,KXBTC15M-26OCT042330-30,0.0590,5.43,yes
2026-10-05T03:28:18.916455Z,KXBTC15M-26OCT042330-30,0.0590,7.10,yes
2026-10-05T03:28:18.925552Z,KXBTC15M-26OCT042330-30,0.0590,27.00,yes
2026-10-05T03:28:18.936449Z,KXBTC15M-26OCT042330-30,0.0590,0.01,yes
2026-10-05T03:28:18.936449Z,KXBTC15M-26OCT042330-30,0.0590,0.90,yes
2026-10-05T03:28:18.936449Z,KXBTC15M-26OCT042330-30,0.0600,36.00,yes
2026-10-05T03:28:18.936449Z,KXBTC15M-26OCT042330-30,0.0590,0.01,yes
2026-10-05T03:28:18.964411Z,KXBTC15M-26OCT042330-30,0.0620,2.75,yes
2026-10-05T03:28:18.964411Z,KXBTC15M-26OCT042330-30,0.0620,1.00,yes
2026-10-05T03:28:19.085578Z,KXBTC15M-26OCT042330-30,0.0610,3.98,yes
2026-10-05T03:28:19.085578Z,KXBTC15M-26OCT042330-30,0.0610,0.01,yes
2026-10-05T03:28:19.085578Z,KXBTC15M-26OCT042330-30,0.0610,0.01,yes
2026-10-05T03:28:19.085578Z,KXBTC15M-26OCT042330-30,0.0610,1.00,yes
2026-10-05T03:28:19.161341Z,KXBTC15M-26OCT042330-30,0.0610,11.76,yes
2026-10-05T03:28:19.161341Z,KXBTC15M-26OCT042330-30,0.0610,8.02,yes
2026-10-05T03:28:19.16905Z,KXBTC15M-26OCT042330-30,0.0600,10.56,no
2026-10-05T03:28:19.171652Z,KXBTC15M-26OCT042330-30,0.0610,1.00,yes
2026-10-05T03:28:19.171652Z,KXBTC15M-26OCT042330-30,0.0610,0.01,yes
2026-10-05T03:28:19.171652Z,KXBTC15M-26OCT042330-30,0.0610,0.01,yes
2026-10-05T03:28:19.171652Z,KXBTC15M-26OCT042330-30,0.0630,40.68,yes
2026-10-05T03:28:19.211641Z,KXBTC15M-26OCT042330-30,0.0630,78.00,yes
2026-10-05T03:28:19.211641Z,KXBTC15M-26OCT042330-30,0.0630,6.00,yes
2026-10-05T03:28:19.211641Z,KXBTC15M-26OCT042330-30,0.0630,43.91,yes
2026-10-05T03:28:19.211641Z,KXBTC15M-26OCT042330-30,0.0630,19.32,yes
2026-10-05T03:28:19.246887Z,KXBTC15M-26OCT042330-30,0.0620,2.12,no
2026-10-05T03:28:19.247463Z,KXBTC15M-26OCT042330-30,0.0630,0.01,yes
2026-10-05T03:28:19.247463Z,KXBTC15M-26OCT042330-30,0.0630,0.01,yes
2026-10-05T03:28:19.247463Z,KXBTC15M-26OCT042330-30,0.0640,29.98,yes
2026-10-05T03:28:19.264369Z,KXBTC15M-26OCT042330-30,0.0630,7.00,yes
2026-10-05T03:28:19.264369Z,KXBTC15M-26OCT042330-30,0.0640,14.26,yes
2026-10-05T03:28:19.277369Z,KXBTC15M-26OCT042330-30,0.0620,0.01,no
2026-10-05T03:28:19.277369Z,KXBTC15M-26OCT042330-30,0.0610,0.08,no
2026-10-05T03:28:19.277369Z,KXBTC15M-26OCT042330-30,0.0620,0.01,no
2026-10-05T03:28:19.279818Z,KXBTC15M-26OCT042330-30,0.0620,88.03,no
2026-10-05T03:28:19.288433Z,KXBTC15M-26OCT042330-30,0.0620,102.96,no
2026-10-05T03:28:19.323052Z,KXBTC15M-26OCT042330-30,0.0630,0.01,yes
2026-10-05T03:28:19.323052Z,KXBTC15M-26OCT042330-30,0.0630,0.01,yes
2026-10-05T03:28:19.323052Z,KXBTC15M-26OCT042330-30,0.0630,7.00,yes
2026-10-05T03:28:19.323052Z,KXBTC15M-26OCT042330-30,0.0640,12.98,yes
2026-10-05T03:28:19.377721Z,KXBTC15M-26OCT042330-30,0.0630,1.00,yes
2026-10-05T03:28:19.377721Z,KXBTC15M-26OCT042330-30,0.0630,24.98,yes
2026-10-05T03:28:19.377721Z,KXBTC15M-26OCT042330-30,0.0630,0.01,yes
2026-10-05T03:28:19.377721Z,KXBTC15M-26OCT042330-30,0.0630,0.01,yes
2026-10-05T03:28:19.410302Z,KXBTC15M-26OCT042330-30,0.0630,0.01,yes
2026-10-05T03:28:19.410302Z,KXBTC15M-26OCT042330-30,0.0630,0.01,yes
2026-10-05T03:28:19.410302Z,KXBTC15M-26OCT042330-30,0.0630,0.78,yes
2026-10-05T03:28:19.410302Z,KXBTC15M-26OCT042330-30,0.0630,7.00,yes
2026-10-05T03:28:19.446883Z,KXBTC15M-26OCT042330-30,0.0630,0.01,yes
2026-10-05T03:28:19.446883Z,KXBTC15M-26OCT042330-30,0.0630,97.36,yes
2026-10-05T03:28:19.446883Z,KXBTC15M-26OCT042330-30,0.0630,0.01,yes
2026-10-05T03:28:19.482768Z,KXBTC15M-26OCT042330-30,0.0630,0.01,yes
2026-10-05T03:28:19.482768Z,KXBTC15M-26OCT042330-30,0.0630,0.01,yes
2026-10-05T03:28:19.482768Z,KXBTC15M-26OCT042330-30,0.0630,2.64,yes
2026-10-05T03:28:19.482768Z,KXBTC15M-26OCT042330-30,0.0640,12.12,yes
2026-10-05T03:28:19.512739Z,KXBTC15M-26OCT042330-30,0.0620,0.01,no
2026-10-05T03:28:19.512739Z,KXBTC15M-26OCT042330-30,0.0620,0.01,no
2026-10-05T03:28:19.512739Z,KXBTC15M-26OCT042330-30,0.0620,11.51,no
2026-10-05T03:28:19.521959Z,KXBTC15M-26OCT042330-30,0.0630,0.01,yes
2026-10-05T03:28:19.521959Z,KXBTC15M-26OCT042330-30,0.0630,29.36,yes
2026-10-05T03:28:19.521959Z,KXBTC15M-26OCT042330-30,0.0630,0.01,yes
2026-10-05T03:28:19.53135Z,KXBTC15M-26OCT042330-30,0.0630,0.01,yes
2026-10-05T03:28:19.53135Z,KXBTC15M-26OCT042330-30,0.0630,0.01,yes
2026-10-05T03:28:19.53135Z,KXBTC15M-26OCT042330-30,0.0640,2.00,yes
2026-10-05T03:28:19.536861Z,KXBTC15M-26OCT042330-30,0.0640,242.68,yes
2026-10-05T03:28:19.663685Z,KXBTC15M-26OCT042330-30,0.0630,0.01,yes
2026-10-05T03:28:19.663685Z,KXBTC15M-26OCT042330-30,0.0630,0.01,yes
2026-10-05T03:28:19.663685Z,KXBTC15M-26OCT042330-30,0.0630,100.00,yes
2026-10-05T03:28:19.663685Z,KXBTC15M-26OCT042330-30,0.0630,1.00,yes
2026-10-05T03:28:19.663685Z,KXBTC15M-26OCT042330-30,0.0640,190.51,yes
2026-10-05T03:28:19.669334Z,KXBTC15M-26OCT042330-30,0.0640,120.00,yes
2026-10-05T03:28:19.677383Z,KXBTC15M-26OCT042330-30,0.0630,1.00,yes
2026-10-05T03:28:19.677383Z,KXBTC15M-26OCT042330-30,0.0640,9.00,yes
2026-10-05T03:28:19.715529Z,KXBTC15M-26OCT042330-30,0.0620,6.68,no
2026-10-05T03:28:19.750841Z,KXBTC15M-26OCT042330-30,0.0620,5.30,no
2026-10-05T03:28:19.76438Z,KXBTC15M-26OCT042330-30,0.0630,0.01,yes
2026-10-05T03:28:19.76438Z,KXBTC15M-26OCT042330-30,0.0630,0.01,yes
2026-10-05T03:28:19.76438Z,KXBTC15M-26OCT042330-30,0.0630,8.03,yes
2026-10-05T03:28:19.773915Z,KXBTC15M-26OCT042330-30,0.0630,0.01,yes
2026-10-05T03:28:19.773915Z,KXBTC15M-26OCT042330-30,0.0630,0.01,yes
2026-10-05T03:28:19.773915Z,KXBTC15M-26OCT042330-30,0.0640,53.48,yes
2026-10-05T03:28:19.85545Z,KXBTC15M-26OCT042330-30,0.0620,60.45,no
2026-10-05T03:28:19.857096Z,KXBTC15M-26OCT042330-30,0.0620,17.86,no
2026-10-05T03:28:19.883146Z,KXBTC15M-26OCT042330-30,0.0630,0.01,yes
2026-10-05T03:28:19.883146Z,KXBTC15M-26OCT042330-30,0.0630,0.01,yes
2026-10-05T03:28:19.883146Z,KXBTC15M-26OCT042330-30,0.0630,60.10,yes
2026-10-05T03:28:19.903851Z,KXBTC15M-26OCT042330-30,0.0620,0.20,no
2026-10-05T03:28:19.903851Z,KXBTC15M-26OCT042330-30,0.0620,4.31,no
2026-10-05T03:28:19.994027Z,KXBTC15M-26OCT042330-30,0.0620,235.65,no
2026-10-05T03:28:20.010712Z,KXBTC15M-26OCT042330-30,0.0620,34.95,no
2026-10-05T03:28:20.021714Z,KXBTC15M-26OCT042330-30,0.0630,0.01,yes
2026-10-05T03:28:20.021714Z,KXBTC15M-26OCT042330-30,0.0630,0.51,yes
2026-10-05T03:28:20.021714Z,KXBTC15M-26OCT042330-30,0.0630,0.01,yes
2026-10-05T03:28:20.051628Z,KXBTC15M-26OCT042330-30,0.0630,0.01,yes
2026-10-05T03:28:20.051628Z,KXBTC15M-26OCT042330-30,0.0630,13.38,yes
2026-10-05T03:28:20.051628Z,KXBTC15M-26OCT042330-30,0.0630,0.01,yes
2026-10-05T03:28:20.107376Z,KXBTC15M-26OCT042330-30,0.0620,0.01,no
2026-10-05T03:28:20.107376Z,KXBTC15M-26OCT042330-30,0.0620,0.01,no
2026-10-05T03:28:20.107376Z,KXBTC15M-26OCT042330-30,0.0610,1.04,no
2026-10-05T03:28:20.134533Z,KXBTC15M-26OCT042330-30,0.0630,72.99,yes
2026-10-05T03:28:20.176341Z,KXBTC15M-26OCT042330-30,0.0630,6.85,yes
2026-10-05T03:28:20.188489Z,KXBTC15M-26OCT042330-30,0.0630,13.00,yes
2026-10-05T03:28:20.32314Z,KXBTC15M-26OCT042330-30,0.0620,102.00,no
2026-10-05T03:28:20.32314Z,KXBTC15M-26OCT042330-30,0.0620,0.01,no
2026-10-05T03:28:20.32314Z,KXBTC15M-26OCT042330-30,0.0620,0.01,no
2026-10-05T03:28:20.32314Z,KXBTC15M-26OCT042330-30,0.0610,6.25,no
2026-10-05T03:28:20.336411Z,KXBTC15M-26OCT042330-30,0.0620,0.01,no
2026-10-05T03:28:20.336411Z,KXBTC15M-26OCT042330-30,0.0610,2.64,no
2026-10-05T03:28:20.372345Z,KXBTC15M-26OCT042330-30,0.0620,0.01,no
2026-10-05T03:28:20.372345Z,KXBTC15M-26OCT042330-30,0.0620,0.01,no
2026-10-05T03:28:20.372345Z,KXBTC15M-26OCT042330-30,0.0610,110.98,no
2026-10-05T03:28:20.380255Z,KXBTC15M-26OCT042330-30,0.0630,146.64,yes
2026-10-05T03:28:20.406061Z,KXBTC15M-26OCT042330-30,0.0620,21.91,no
2026-10-05T03:28:20.442888Z,KXBTC15M-26OCT042330-30,0.0630,2.00,yes
2026-10-05T03:28:20.448793Z,KXBTC15M-26OCT042330-30,0.0620,7.67,no
2026-10-05T03:28:20.450086Z,KXBTC15M-26OCT042330-30,0.0630,7.00,yes
2026-10-05T03:28:20.450086Z,KXBTC15M-26OCT042330-30,0.0630,100.00,yes
2026-10-05T03:28:20.450086Z,KXBTC15M-26OCT042330-30,0.0630,0.01,yes
2026-10-05T03:28:20.450086Z,KXBTC15M-26OCT042330-30,0.0630,52.00,yes
2026-10-05T03:28:20.450086Z,KXBTC15M-26OCT042330-30,0.0630,200.00,yes
2026-10-05T03:28:20.450086Z,KXBTC15M-26OCT042330-30,0.0630,247.61,yes
2026-10-05T03:28:20.450086Z,KXBTC15M-26OCT042330-30,0.0630,0.01,yes
2026-10-05T03:28:20.450086Z,KXBTC15M-26OCT042330-30,0.0630,158.52,yes
2026-10-05T03:28:20.450086Z,KXBTC15M-26OCT042330-30,0.0630,113.52,yes
2026-10-05T03:28:20.450086Z,KXBTC15M-26OCT042330-30,0.0630,500.00,yes
2026-10-05T03:28:20.450086Z,KXBTC15M-26OCT042330-30,0.0630,60.00,yes
2026-10-05T03:28:20.45561Z,KXBTC15M-26OCT042330-30,0.0620,6.73,no
2026-10-05T03:28:20.488328Z,KXBTC15M-26OCT042330-30,0.0630,29.68,yes
2026-10-05T03:28:20.529552Z,KXBTC15M-26OCT042330-30,0.0620,2.50,no
2026-10-05T03:28:20.538591Z,KXBTC15M-26OCT042330-30,0.0630,14.89,yes
2026-10-05T03:28:20.565567Z,KXBTC15M-26OCT042330-30,0.0620,63.19,no
2026-10-05T03:28:20.565567Z,KXBTC15M-26OCT042330-30,0.0590,22.17,no
2026-10-05T03:28:20.565567Z,KXBTC15M-26OCT042330-30,0.0620,0.01,no
2026-10-05T03:28:20.565567Z,KXBTC15M-26OCT042330-30,0.0620,0.01,no
2026-10-05T03:28:20.565567Z,KXBTC15M-26OCT042330-30,0.0610,29.01,no
2026-10-05T03:28:20.577693Z,KXBTC15M-26OCT042330-30,0.0630,1.46,yes
2026-10-05T03:28:20.6086Z,KXBTC15M-26OCT042330-30,0.0630,0.01,yes
2026-10-05T03:28:20.6086Z,KXBTC15M-26OCT042330-30,0.0630,53.97,yes
2026-10-05T03:28:20.6086Z,KXBTC15M-26OCT042330-30,0.0630,0.01,yes
2026-10-05T03:28:20.6086Z,KXBTC15M-26OCT042330-30,0.0630,84.99,yes
2026-10-05T03:28:20.6086Z,KXBTC15M-26OCT042330-30,0.0630,7.00,yes
2026-10-05T03:28:20.611144Z,KXBTC15M-26OCT042330-30,0.0630,315.01,yes
2026-10-05T03:28:20.611144Z,KXBTC15M-26OCT042330-30,0.0630,28.00,yes
2026-10-05T03:28:20.611144Z,KXBTC15M-26OCT042330-30,0.0630,500.00,yes
2026-10-05T03:28:20.611144Z,KXBTC15M-26OCT042330-30,0.0630,200.00,yes
2026-10-05T03:28:20.611144Z,KXBTC15M-26OCT042330-30,0.0640,289.51,yes
2026-10-05T03:28:20.611199Z,KXBTC15M-26OCT042330-30,0.0640,2.22,yes
2026-10-05T03:28:20.713019Z,KXBTC15M-26OCT042330-30,0.0630,0.01,yes
2026-10-05T03:28:20.713019Z,KXBTC15M-26OCT042330-30,0.0630,0.01,yes
2026-10-05T03:28:20.713019Z,KXBTC15M-26OCT042330-30,0.0630,34.41,yes
2026-10-05T03:28:20.792233Z,KXBTC15M-26OCT042330-30,0.0630,44.68,yes
2026-10-05T03:28:20.800517Z,KXBTC15M-26OCT042330-30,0.0590,99.00,no
2026-10-05T03:28:20.800517Z,KXBTC15M-26OCT042330-30,0.0580,150.00,no
2026-10-05T03:28:20.800517Z,KXBTC15M-26OCT042330-30,0.0620,0.01,no
2026-10-05T03:28:20.800517Z,KXBTC15M-26OCT042330-30,0.0620,357.79,no
2026-10-05T03:28:20.800517Z,KXBTC15M-26OCT042330-30,0.0550,155.84,no
2026-10-05T03:28:20.800517Z,KXBTC15M-26OCT042330-30,0.0620,0.01,no
2026-10-05T03:28:20.800517Z,KXBTC15M-26OCT042330-30,0.0620,500.00,no
2026-10-05T03:28:20.800517Z,KXBTC15M-26OCT042330-30,0.0620,500.00,no
2026-10-05T03:28:20.824959Z,KXBTC15M-26OCT042330-30,0.0620,0.01,no
2026-10-05T03:28:20.824959Z,KXBTC15M-26OCT042330-30,0.0620,37.14,no
2026-10-05T03:28:20.825371Z,KXBTC15M-26OCT042330-30,0.0630,14.89,yes
2026-10-05T03:28:20.84608Z,KXBTC15M-26OCT042330-30,0.0630,3.72,yes
2026-10-05T03:28:20.866252Z,KXBTC15M-26OCT042330-30,0.0630,70.69,yes
2026-10-05T03:28:20.866252Z,KXBTC15M-26OCT042330-30,0.0630,2.30,yes
2026-10-05T03:28:20.902186Z,KXBTC15M-26OCT042330-30,0.0630,72.99,yes
2026-10-05T03:28:20.927008Z,KXBTC15M-26OCT042330-30,0.0620,8.04,no
2026-10-05T03:28:20.927064Z,KXBTC15M-26OCT042330-30,0.0620,53.07,no
2026-10-05T03:28:20.928302Z,KXBTC15M-26OCT042330-30,0.0630,14.89,yes
2026-10-05T03:28:20.966964Z,KXBTC15M-26OCT042330-30,0.0630,73.19,yes
2026-10-05T03:28:20.977214Z,KXBTC15M-26OCT042330-30,0.0630,14.89,yes
2026-10-05T03:28:20.977613Z,KXBTC15M-26OCT042330-30,0.0620,3.18,no
2026-10-05T03:28:21.087099Z,KXBTC15M-26OCT042330-30,0.0630,14.89,yes
2026-10-05T03:28:21.10519Z,KXBTC15M-26OCT042330-30,0.0620,0.57,no
2026-10-05T03:28:21.10519Z,KXBTC15M-26OCT042330-30,0.0620,0.01,no
2026-10-05T03:28:21.10519Z,KXBTC15M-26OCT042330-30,0.0570,6.41,no
2026-10-05T03:28:21.10519Z,KXBTC15M-26OCT042330-30,0.0620,0.01,no
2026-10-05T03:28:21.120915Z,KXBTC15M-26OCT042330-30,0.0630,4.65,yes
2026-10-05T03:28:21.128624Z,KXBTC15M-26OCT042330-30,0.0630,72.99,yes
2026-10-05T03:28:21.148688Z,KXBTC15M-26OCT042330-30,0.0630,45.15,yes
2026-10-05T03:28:21.148869Z,KXBTC15M-26OCT042330-30,0.0630,2.57,yes
2026-10-05T03:28:21.149362Z,KXBTC15M-26OCT042330-30,0.0630,0.01,yes
2026-10-05T03:28:21.149362Z,KXBTC15M-26OCT042330-30,0.0630,1.77,yes
2026-10-05T03:28:21.149362Z,KXBTC15M-26OCT042330-30,0.0630,13.10,yes
2026-10-05T03:28:21.149362Z,KXBTC15M-26OCT042330-30,0.0630,0.01,yes
2026-10-05T03:28:21.155739Z,KXBTC15M-26OCT042330-30,0.0630,42.61,yes
2026-10-05T03:28:21.169518Z,KXBTC15M-26OCT042330-30,0.0630,35.24,yes
2026-10-05T03:28:21.169518Z,KXBTC15M-26OCT042330-30,0.0630,55.62,yes
2026-10-05T03:28:21.254063Z,KXBTC15M-26OCT042330-30,0.0620,139.03,no
2026-10-05T03:28:21.254063Z,KXBTC15M-26OCT042330-30,0.0620,0.01,no
2026-10-05T03:28:21.254063Z,KXBTC15M-26OCT042330-30,0.0620,0.01,no
2026-10-05T03:28:21.262655Z,KXBTC15M-26OCT042330-30,0.0620,530.74,no
2026-10-05T03:28:21.362773Z,KXBTC15M-26OCT042330-30,0.0620,172.00,no
2026-10-05T03:28:21.398328Z,KXBTC15M-26OCT042330-30,0.0620,157.30,no
2026-10-05T03:28:21.445627Z,KXBTC15M-26OCT042330-30,0.0620,1.05,no
2026-10-05T03:28:21.454899Z,KXBTC15M-26OCT042330-30,0.0620,32.00,no
2026-10-05T03:28:21.459076Z,KXBTC15M-26OCT042330-30,0.0630,0.01,yes
2026-10-05T03:28:21.459076Z,KXBTC15M-26OCT042330-30,0.0630,0.01,yes
2026-10-05T03:28:21.459076Z,KXBTC15M-26OCT042330-30,0.0650,54.74,yes
2026-10-05T03:28:21.540209Z,KXBTC15M-26OCT042330-30,0.0620,6.84,no
2026-10-05T03:28:21.652542Z,KXBTC15M-26OCT042330-30,0.0620,4.12,no
2026-10-05T03:28:21.664551Z,KXBTC15M-26OCT042330-30,0.0620,24.41,no
2026-10-05T03:28:21.670739Z,KXBTC15M-26OCT042330-30,0.0630,0.01,yes
2026-10-05T03:28:21.670739Z,KXBTC15M-26OCT042330-30,0.0650,14.08,yes
2026-10-05T03:28:21.670739Z,KXBTC15M-26OCT042330-30,0.0630,0.01,yes
2026-10-05T03:28:21.682681Z,KXBTC15M-26OCT042330-30,0.0630,0.01,yes
2026-10-05T03:28:21.682681Z,KXBTC15M-26OCT042330-30,0.0650,55.73,yes
2026-10-05T03:28:21.682681Z,KXBTC15M-26OCT042330-30,0.0630,0.01,yes
2026-10-05T03:28:21.690575Z,KXBTC15M-26OCT042330-30,0.0650,43.77,yes
2026-10-05T03:28:21.702772Z,KXBTC15M-26OCT042330-30,0.0630,15.00,no
2026-10-05T03:28:21.738838Z,KXBTC15M-26OCT042330-30,0.0650,294.00,yes
2026-10-05T03:28:21.796932Z,KXBTC15M-26OCT042330-30,0.0640,9.53,no
2026-10-05T03:28:21.811698Z,KXBTC15M-26OCT042330-30,0.0640,2.12,no
2026-10-05T03:28:21.811861Z,KXBTC15M-26OCT042330-30,0.0640,12.49,no
2026-10-05T03:28:21.826567Z,KXBTC15M-26OCT042330-30,0.0640,0.01,no
2026-10-05T03:28:21.826567Z,KXBTC15M-26OCT042330-30,0.0640,42.12,no
2026-10-05T03:28:21.826567Z,KXBTC15M-26OCT042330-30,0.0640,0.01,no
2026-10-05T03:28:21.826567Z,KXBTC15M-26OCT042330-30,0.0640,61.86,no
2026-10-05T03:28:21.872266Z,KXBTC15M-26OCT042330-30,0.0640,0.14,no
2026-10-05T03:28:21.897233Z,KXBTC15M-26OCT042330-30,0.0640,168.33,no
2026-10-05T03:28:21.906948Z,KXBTC15M-26OCT042330-30,0.0650,43.19,yes
2026-10-05T03:28:21.942688Z,KXBTC15M-26OCT042330-30,0.0640,400.00,no
2026-10-05T03:28:21.942688Z,KXBTC15M-26OCT042330-30,0.0640,100.00,no
2026-10-05T03:28:21.942688Z,KXBTC15M-26OCT042330-30,0.0640,0.01,no
2026-10-05T03:28:21.942688Z,KXBTC15M-26OCT042330-30,0.0620,30.00,no
2026-10-05T03:28:21.942688Z,KXBTC15M-26OCT042330-30,0.0640,0.01,no
2026-10-05T03:28:21.94954Z,KXBTC15M-26OCT042330-30,0.0640,10.00,no
2026-10-05T03:28:21.94954Z,KXBTC15M-26OCT042330-30,0.0640,9.13,no
2026-10-05T03:28:22.031266Z,KXBTC15M-26OCT042330-30,0.0640,28.98,no
2026-10-05T03:28:22.031266Z,KXBTC15M-26OCT042330-30,0.0640,100.00,no
2026-10-05T03:28:22.031266Z,KXBTC15M-26OCT042330-30,0.0640,0.01,no
2026-10-05T03:28:22.031266Z,KXBTC15M-26OCT042330-30,0.0640,102.00,no
2026-10-05T03:28:22.031266Z,KXBTC15M-26OCT042330-30,0.0640,0.01,no
2026-10-05T03:28:22.224066Z,KXBTC15M-26OCT042330-30,0.0640,1.80,no
2026-10-05T03:28:22.233245Z,KXBTC15M-26OCT042330-30,0.0650,1.00,yes
2026-10-05T03:28:22.233245Z,KXBTC15M-26OCT042330-30,0.0650,0.01,yes
2026-10-05T03:28:22.233245Z,KXBTC15M-26OCT042330-30,0.0650,0.01,yes
2026-10-05T03:28:22.233245Z,KXBTC15M-26OCT042330-30,0.0650,26.00,yes
2026-10-05T03:28:22.246197Z,KXBTC15M-26OCT042330-30,0.0640,38.00,no
2026-10-05T03:28:22.294636Z,KXBTC15M-26OCT042330-30,0.0640,222.76,no
2026-10-05T03:28:22.294636Z,KXBTC15M-26OCT042330-30,0.0640,162.22,no
2026-10-05T03:28:22.294636Z,KXBTC15M-26OCT042330-30,0.0640,0.01,no
2026-10-05T03:28:22.294636Z,KXBTC15M-26OCT042330-30,0.0640,0.01,no
2026-10-05T03:28:22.294636Z,KXBTC15M-26OCT042330-30,0.0640,100.00,no
2026-10-05T03:28:22.294636Z,KXBTC15M-26OCT042330-30,0.0640,72.00,no
2026-10-05T03:28:22.369131Z,KXBTC15M-26OCT042330-30,0.0640,9.57,no
2026-10-05T03:28:22.444889Z,KXBTC15M-26OCT042330-30,0.0640,267.67,no
2026-10-05T03:28:22.444889Z,KXBTC15M-26OCT042330-30,0.0640,500.00,no
2026-10-05T03:28:22.444889Z,KXBTC15M-26OCT042330-30,0.0640,100.00,no
2026-10-05T03:28:22.444889Z,KXBTC15M-26OCT042330-30,0.0640,0.01,no
2026-10-05T03:28:22.444889Z,KXBTC15M-26OCT042330-30,0.0640,0.01,no
2026-10-05T03:28:22.444889Z,KXBTC15M-26OCT042330-30,0.0640,200.00,no
2026-10-05T03:28:22.444889Z,KXBTC15M-26OCT042330-30,0.0640,44.79,no
2026-10-05T03:28:22.478213Z,KXBTC15M-26OCT042330-30,0.0640,0.01,no
2026-10-05T03:28:22.478213Z,KXBTC15M-26OCT042330-30,0.0640,10.61,no
2026-10-05T03:28:22.478213Z,KXBTC15M-26OCT042330-30,0.0640,0.01,no
2026-10-05T03:28:22.488374Z,KXBTC15M-26OCT042330-30,0.0640,97.85,no
2026-10-05T03:28:22.507405Z,KXBTC15M-26OCT042330-30,0.0640,0.01,no
2026-10-05T03:28:22.507405Z,KXBTC15M-26OCT042330-30,0.0640,0.01,no
2026-10-05T03:28:22.507405Z,KXBTC15M-26OCT042330-30,0.0640,3.98,no
2026-10-05T03:28:22.524664Z,KXBTC15M-26OCT042330-30,0.0600,63.86,no
2026-10-05T03:28:22.524664Z,KXBTC15M-26OCT042330-30,0.0640,0.01,no
2026-10-05T03:28:22.524664Z,KXBTC15M-26OCT042330-30,0.0640,0.01,no
2026-10-05T03:28:22.524664Z,KXBTC15M-26OCT042330-30,0.0610,200.00,no
2026-10-05T03:28:22.526695Z,KXBTC15M-26OCT042330-30,0.0600,28.14,no
2026-10-05T03:28:22.526695Z,KXBTC15M-26OCT042330-30,0.0600,182.40,no
2026-10-05T03:28:22.533885Z,KXBTC15M-26OCT042330-30,0.0650,1.58,yes
2026-10-05T03:28:22.601141Z,KXBTC15M-26OCT042330-30,0.0650,410.56,yes
2026-10-05T03:28:22.601141Z,KXBTC15M-26OCT042330-30,0.0650,0.01,yes
2026-10-05T03:28:22.601141Z,KXBTC15M-26OCT042330-30,0.0650,74.42,yes
2026-10-05T03:28:22.601141Z,KXBTC15M-26OCT042330-30,0.0650,18.00,yes
2026-10-05T03:28:22.601141Z,KXBTC15M-26OCT042330-30,0.0650,100.00,yes
2026-10-05T03:28:22.601141Z,KXBTC15M-26OCT042330-30,0.0650,200.00,yes
2026-10-05T03:28:22.601141Z,KXBTC15M-26OCT042330-30,0.0650,7.00,yes
2026-10-05T03:28:22.601141Z,KXBTC15M-26OCT042330-30,0.0650,0.01,yes
2026-10-05T03:28:22.601141Z,KXBTC15M-26OCT042330-30,0.0650,150.00,yes
2026-10-05T03:28:22.629411Z,KXBTC15M-26OCT042330-30,0.0650,144.37,yes
2026-10-05T03:28:22.629411Z,KXBTC15M-26OCT042330-30,0.0650,0.01,yes
2026-10-05T03:28:22.629411Z,KXBTC15M-26OCT042330-30,0.0650,0.01,yes
2026-10-05T03:28:22.650859Z,KXBTC15M-26OCT042330-30,0.0640,0.01,no
2026-10-05T03:28:22.650859Z,KXBTC15M-26OCT042330-30,0.0640,0.01,no
2026-10-05T03:28:22.650859Z,KXBTC15M-26OCT042330-30,0.0640,61.52,no
2026-10-05T03:28:22.651586Z,KXBTC15M-26OCT042330-30,0.0650,72.19,yes
2026-10-05T03:28:22.662128Z,KXBTC15M-26OCT042330-30,0.0650,0.01,yes
2026-10-05T03:28:22.662128Z,KXBTC15M-26OCT042330-30,0.0660,5.62,yes
2026-10-05T03:28:22.662128Z,KXBTC15M-26OCT042330-30,0.0650,0.01,yes
2026-10-05T03:28:22.677001Z,KXBTC15M-26OCT042330-30,0.0650,28.87,yes
2026-10-05T03:28:22.73548Z,KXBTC15M-26OCT042330-30,0.0650,17.78,yes
2026-10-05T03:28:22.73548Z,KXBTC15M-26OCT042330-30,0.0650,0.01,yes
2026-10-05T03:28:22.73548Z,KXBTC15M-26OCT042330-30,0.0650,0.01,yes
2026-10-05T03:28:22.825179Z,KXBTC15M-26OCT042330-30,0.0680,1046.16,yes
2026-10-05T03:28:22.825179Z,KXBTC15M-26OCT042330-30,0.0650,132.22,yes
2026-10-05T03:28:22.825179Z,KXBTC15M-26OCT042330-30,0.0660,6.00,yes
2026-10-05T03:28:22.825179Z,KXBTC15M-26OCT042330-30,0.0660,54.00,yes
2026-10-05T03:28:22.825179Z,KXBTC15M-26OCT042330-30,0.0650,0.01,yes
2026-10-05T03:28:22.825179Z,KXBTC15M-26OCT042330-30,0.0650,0.01,yes
2026-10-05T03:28:22.825179Z,KXBTC15M-26OCT042330-30,0.0670,7.00,yes
2026-10-05T03:28:22.825179Z,KXBTC15M-26OCT042330-30,0.0670,54.00,yes
2026-10-05T03:28:22.825179Z,KXBTC15M-26OCT042330-30,0.0660,48.38,yes
2026-10-05T03:28:22.825179Z,KXBTC15M-26OCT042330-30,0.0670,18.00,yes
2026-10-05T03:28:22.87985Z,KXBTC15M-26OCT042330-30,0.0650,140.20,yes
2026-10-05T03:28:22.949235Z,KXBTC15M-26OCT042330-30,0.0660,9.98,yes
2026-10-05T03:28:22.949235Z,KXBTC15M-26OCT042330-30,0.0650,0.01,yes
2026-10-05T03:28:22.949235Z,KXBTC15M-26OCT042330-30,0.0650,0.01,yes
2026-10-05T03:28:22.971711Z,KXBTC15M-26OCT042330-30,0.0640,26.01,no
2026-10-05T03:28:23.062006Z,KXBTC15M-26OCT042330-30,0.0660,37.03,yes
2026-10-05T03:28:23.074026Z,KXBTC15M-26OCT042330-30,0.0650,17.94,no
2026-10-05T03:28:23.107746Z,KXBTC15M-26OCT042330-30,0.0650,414.03,no
2026-10-05T03:28:23.107746Z,KXBTC15M-26OCT042330-30,0.0650,59.90,no
2026-10-05T03:28:23.107746Z,KXBTC15M-26OCT042330-30,0.0650,72.00,no
2026-10-05T03:28:23.107746Z,KXBTC15M-26OCT042330-30,0.0650,0.01,no
2026-10-05T03:28:23.107746Z,KXBTC15M-26OCT042330-30,0.0650,0.01,no
2026-10-05T03:28:23.114198Z,KXBTC15M-26OCT042330-30,0.0650,21.75,no
2026-10-05T03:28:23.154354Z,KXBTC15M-26OCT042330-30,0.0650,64.22,no
2026-10-05T03:28:23.154354Z,KXBTC15M-26OCT042330-30,0.0650,54.78,no
2026-10-05T03:28:23.202596Z,KXBTC15M-26OCT042330-30,0.0660,4.89,yes
2026-10-05T03:28:23.211459Z,KXBTC15M-26OCT042330-30,0.0650,26.59,no
2026-10-05T03:28:23.225487Z,KXBTC15M-26OCT042330-30,0.0660,5.95,yes
2026-10-05T03:28:23.228723Z,KXBTC15M-26OCT042330-30,0.0660,67.61,yes
2026-10-05T03:28:23.238631Z,KXBTC15M-26OCT042330-30,0.0680,0.84,yes
2026-10-05T03:28:23.238631Z,KXBTC15M-26OCT042330-30,0.0700,648.34,yes
2026-10-05T03:28:23.238631Z,KXBTC15M-26OCT042330-30,0.0660,0.01,yes
2026-10-05T03:28:23.238631Z,KXBTC15M-26OCT042330-30,0.0660,0.01,yes
2026-10-05T03:28:23.238631Z,KXBTC15M-26OCT042330-30,0.0690,156.00,yes
2026-10-05T03:28:23.238631Z,KXBTC15M-26OCT042330-30,0.0690,7.00,yes
2026-10-05T03:28:23.238631Z,KXBTC15M-26OCT042330-30,0.0680,12.00,yes
2026-10-05T03:28:23.238631Z,KXBTC15M-26OCT042330-30,0.0680,6.00,yes
2026-10-05T03:28:23.238631Z,KXBTC15M-26OCT042330-30,0.0660,24.54,yes
2026-10-05T03:28:23.238631Z,KXBTC15M-26OCT042330-30,0.0680,30.00,yes
2026-10-05T03:28:23.238631Z,KXBTC15M-26OCT042330-30,0.0660,100.00,yes
2026-10-05T03:28:23.238631Z,KXBTC15M-26OCT042330-30,0.0690,42.00,yes
2026-10-05T03:28:23.272857Z,KXBTC15M-26OCT042330-30,0.0650,6.73,no
2026-10-05T03:28:23.284675Z,KXBTC15M-26OCT042330-30,0.0660,141.50,yes
2026-10-05T03:28:23.299774Z,KXBTC15M-26OCT042330-30,0.0650,3.25,no
2026-10-05T03:28:23.353918Z,KXBTC15M-26OCT042330-30,0.0700,0.17,yes
2026-10-05T03:28:23.353918Z,KXBTC15M-26OCT042330-30,0.0660,0.01,yes
2026-10-05T03:28:23.353918Z,KXBTC15M-26OCT042330-30,0.0660,0.01,yes
2026-10-05T03:28:23.353918Z,KXBTC15M-26OCT042330-30,0.0660,8.50,yes
2026-10-05T03:28:23.372493Z,KXBTC15M-26OCT042330-30,0.0650,9.00,no
2026-10-05T03:28:23.372493Z,KXBTC15M-26OCT042330-30,0.0650,500.00,no
2026-10-05T03:28:23.372493Z,KXBTC15M-26OCT042330-30,0.0650,0.01,no
2026-10-05T03:28:23.372493Z,KXBTC15M-26OCT042330-30,0.0650,72.00,no
2026-10-05T03:28:23.372493Z,KXBTC15M-26OCT042330-30,0.0650,108.65,no
2026-10-05T03:28:23.372493Z,KXBTC15M-26OCT042330-30,0.0650,2408.33,no
2026-10-05T03:28:23.372493Z,KXBTC15M-26OCT042330-30,0.0650,0.01,no
2026-10-05T03:28:23.401486Z,KXBTC15M-26OCT042330-30,0.0650,14.50,no
2026-10-05T03:28:23.413567Z,KXBTC15M-26OCT042330-30,0.0650,4.31,no
2026-10-05T03:28:23.422651Z,KXBTC15M-26OCT042330-30,0.0650,10.63,no
2026-10-05T03:28:23.511035Z,KXBTC15M-26OCT042330-30,0.0650,52.00,no
2026-10-05T03:28:23.525446Z,KXBTC15M-26OCT042330-30,0.0650,5.32,no
2026-10-05T03:28:23.683937Z,KXBTC15M-26OCT042330-30,0.0640,27.87,no
2026-10-05T03:28:23.683937Z,KXBTC15M-26OCT042330-30,0.0650,0.01,no
2026-10-05T03:28:23.683937Z,KXBTC15M-26OCT042330-30,0.0650,0.01,no
2026-10-05T03:28:23.683937Z,KXBTC15M-26OCT042330-30,0.0640,31.70,no
2026-10-05T03:28:23.689183Z,KXBTC15M-26OCT042330-30,0.0640,25.53,no
2026-10-05T03:28:23.689622Z,KXBTC15M-26OCT042330-30,0.0640,11.06,no
2026-10-05T03:28:23.693171Z,KXBTC15M-26OCT042330-30,0.0630,82.29,no
2026-10-05T03:28:23.693171Z,KXBTC15M-26OCT042330-30,0.0640,17.71,no
2026-10-05T03:28:23.702613Z,KXBTC15M-26OCT042330-30,0.0630,104.32,no
2026-10-05T03:28:23.702613Z,KXBTC15M-26OCT042330-30,0.0640,0.01,no
2026-10-05T03:28:23.716327Z,KXBTC15M-26OCT042330-30,0.0650,40.71,yes
2026-10-05T03:28:23.742285Z,KXBTC15M-26OCT042330-30,0.0630,15.63,no
2026-10-05T03:28:23.742285Z,KXBTC15M-26OCT042330-30,0.0640,0.01,no
2026-10-05T03:28:23.742285Z,KXBTC15M-26OCT042330-30,0.0640,0.01,no
2026-10-05T03:28:23.827534Z,KXBTC15M-26OCT042330-30,0.0640,0.01,no
2026-10-05T03:28:23.827534Z,KXBTC15M-26OCT042330-30,0.0640,0.01,no
2026-10-05T03:28:23.827534Z,KXBTC15M-26OCT042330-30,0.0640,1.08,no
2026-10-05T03:28:23.866989Z,KXBTC15M-26OCT042330-30,0.0650,28.44,yes
2026-10-05T03:28:23.873539Z,KXBTC15M-26OCT042330-30,0.0640,52.00,no
2026-10-05T03:28:23.883322Z,KXBTC15M-26OCT042330-30,0.0640,14.50,no
2026-10-05T03:28:23.929756Z,KXBTC15M-26OCT042330-30,0.0650,93.75,yes
2026-10-05T03:28:23.929756Z,KXBTC15M-26OCT042330-30,0.0650,12.88,yes
2026-10-05T03:28:23.929756Z,KXBTC15M-26OCT042330-30,0.0650,0.01,yes
2026-10-05T03:28:23.929756Z,KXBTC15M-26OCT042330-30,0.0650,35.56,yes
2026-10-05T03:28:23.929756Z,KXBTC15M-26OCT042330-30,0.0650,0.01,yes
2026-10-05T03:28:24.029617Z,KXBTC15M-26OCT042330-30,0.0640,0.01,no
2026-10-05T03:28:24.029617Z,KXBTC15M-26OCT042330-30,0.0640,0.01,no
2026-10-05T03:28:24.029617Z,KXBTC15M-26OCT042330-30,0.0640,34.42,no
2026-10-05T03:28:24.035808Z,KXBTC15M-26OCT042330-30,0.0640,28.87,yes
2026-10-05T03:28:24.044661Z,KXBTC15M-26OCT042330-30,0.0630,62.61,no
2026-10-05T03:28:24.054692Z,KXBTC15M-26OCT042330-30,0.0630,4.31,no
2026-10-05T03:28:24.093983Z,KXBTC15M-26OCT042330-30,0.0630,25.16,no
2026-10-05T03:28:24.093983Z,KXBTC15M-26OCT042330-30,0.0590,2.86,no
2026-10-05T03:28:24.093983Z,KXBTC15M-26OCT042330-30,0.0600,20.00,no
2026-10-05T03:28:24.093983Z,KXBTC15M-26OCT042330-30,0.0630,3.00,no
2026-10-05T03:28:24.093983Z,KXBTC15M-26OCT042330-30,0.0630,0.01,no
2026-10-05T03:28:24.093983Z,KXBTC15M-26OCT042330-30,0.0630,0.01,no
2026-10-05T03:28:24.102904Z,KXBTC15M-26OCT042330-30,0.0590,1.93,no
2026-10-05T03:28:24.144996Z,KXBTC15M-26OCT042330-30,0.0590,7.14,no
2026-10-05T03:28:24.169777Z,KXBTC15M-26OCT042330-30,0.0600,72.19,yes
2026-10-05T03:28:24.223266Z,KXBTC15M-26OCT042330-30,0.0590,55.59,no
2026-10-05T03:28:24.226719Z,KXBTC15M-26OCT042330-30,0.0590,27.08,no
2026-10-05T03:28:24.265548Z,KXBTC15M-26OCT042330-30,0.0590,552.71,no
2026-10-05T03:28:24.265548Z,KXBTC15M-26OCT042330-30,0.0590,1.26,no
2026-10-05T03:28:24.300378Z,KXBTC15M-26OCT042330-30,0.0600,14.43,yes
2026-10-05T03:28:24.303814Z,KXBTC15M-26OCT042330-30,0.0600,3.55,yes
2026-10-05T03:28:24.332618Z,KXBTC15M-26OCT042330-30,0.0590,37.55,no
2026-10-05T03:28:24.335051Z,KXBTC15M-26OCT042330-30,0.0590,21.55,no
2026-10-05T03:28:24.336492Z,KXBTC15M-26OCT042330-30,0.0600,142.21,yes
2026-10-05T03:28:24.378361Z,KXBTC15M-26OCT042330-30,0.0600,3.89,yes
2026-10-05T03:28:24.380396Z,KXBTC15M-26OCT042330-30,0.0590,2.36,no
2026-10-05T03:28:24.407899Z,KXBTC15M-26OCT042330-30,0.0500,120.00,no
2026-10-05T03:28:24.407899Z,KXBTC15M-26OCT042330-30,0.0500,780.00,no
2026-10-05T03:28:24.407899Z,KXBTC15M-26OCT042330-30,0.0550,68.46,no
2026-10-05T03:28:24.407899Z,KXBTC15M-26OCT042330-30,0.0510,2.00,no
2026-10-05T03:28:24.407899Z,KXBTC15M-26OCT042330-30,0.0500,30.00,no
2026-10-05T03:28:24.407899Z,KXBTC15M-26OCT042330-30,0.0580,8.00,no
2026-10-05T03:28:24.407899Z,KXBTC15M-26OCT042330-30,0.0490,63.55,no
2026-10-05T03:28:24.407899Z,KXBTC15M-26OCT042330-30,0.0590,185.83,no
2026-10-05T03:28:24.407899Z,KXBTC15M-26OCT042330-30,0.0520,9.00,no
2026-10-05T03:28:24.407899Z,KXBTC15M-26OCT042330-30,0.0590,0.01,no
2026-10-05T03:28:24.407899Z,KXBTC15M-26OCT042330-30,0.0570,150.00,no
2026-10-05T03:28:24.407899Z,KXBTC15M-26OCT042330-30,0.0520,212.00,no
2026-10-05T03:28:24.407899Z,KXBTC15M-26OCT042330-30,0.0520,106.00,no
2026-10-05T03:28:24.407899Z,KXBTC15M-26OCT042330-30,0.0500,110.00,no
2026-10-05T03:28:24.407899Z,KXBTC15M-26OCT042330-30,0.0510,72.00,no
2026-10-05T03:28:24.407899Z,KXBTC15M-26OCT042330-30,0.0590,0.01,no
2026-10-05T03:28:24.4397Z,KXBTC15M-26OCT042330-30,0.0590,202.21,no
2026-10-05T03:28:24.454508Z,KXBTC15M-26OCT042330-30,0.0600,71.10,yes
2026-10-05T03:28:24.498183Z,KXBTC15M-26OCT042330-30,0.0590,3.00,no
2026-10-05T03:28:24.539437Z,KXBTC15M-26OCT042330-30,0.0590,3.64,no
2026-10-05T03:28:24.539437Z,KXBTC15M-26OCT042330-30,0.0590,0.01,no
2026-10-05T03:28:24.545596Z,KXBTC15M-26OCT042330-30,0.0590,62.00,no
2026-10-05T03:28:24.569536Z,KXBTC15M-26OCT042330-30,0.0590,9.96,no
2026-10-05T03:28:24.620499Z,KXBTC15M-26OCT042330-30,0.0600,31.27,yes
2026-10-05T03:28:24.62567Z,KXBTC15M-26OCT042330-30,0.0600,51.18,yes
2026-10-05T03:28:24.627162Z,KXBTC15M-26OCT042330-30,0.0600,6.00,yes
2026-10-05T03:28:24.718362Z,KXBTC15M-26OCT042330-30,0.0600,46.91,yes
2026-10-05T03:28:24.819151Z,KXBTC15M-26OCT042330-30,0.0590,25.58,no
2026-10-05T03:28:24.819151Z,KXBTC15M-26OCT042330-30,0.0590,0.01,no
2026-10-05T03:28:24.819151Z,KXBTC15M-26OCT042330-30,0.0590,26.40,no
2026-10-05T03:28:24.836674Z,KXBTC15M-26OCT042330-30,0.0590,2.11,no
2026-10-05T03:28:24.884733Z,KXBTC15M-26OCT042330-30,0.0590,4.34,no
2026-10-05T03:28:24.886404Z,KXBTC15M-26OCT042330-30,0.0600,1.00,yes
2026-10-05T03:28:24.962016Z,KXBTC15M-26OCT042330-30,0.0600,7.72,yes
2026-10-05T03:28:24.99033Z,KXBTC15M-26OCT042330-30,0.0600,48.50,yes
2026-10-05T03:28:25.030503Z,KXBTC15M-26OCT042330-30,0.0600,15.63,yes
2026-10-05T03:28:25.042092Z,KXBTC15M-26OCT042330-30,0.0600,0.14,yes
2026-10-05T03:28:25.135373Z,KXBTC15M-26OCT042330-30,0.0600,4.32,yes
2026-10-05T03:28:25.217181Z,KXBTC15M-26OCT042330-30,0.0550,150.00,no
2026-10-05T03:28:25.217181Z,KXBTC15M-26OCT042330-30,0.0590,251.55,no
2026-10-05T03:28:25.217181Z,KXBTC15M-26OCT042330-30,0.0590,0.01,no
2026-10-05T03:28:25.217181Z,KXBTC15M-26OCT042330-30,0.0590,0.01,no
2026-10-05T03:28:25.217181Z,KXBTC15M-26OCT042330-30,0.0510,57.72,no
2026-10-05T03:28:25.239748Z,KXBTC15M-26OCT042330-30,0.0590,0.01,no
2026-10-05T03:28:25.239748Z,KXBTC15M-26OCT042330-30,0.0590,102.00,no
2026-10-05T03:28:25.269978Z,KXBTC15M-26OCT042330-30,0.0600,7.81,yes
2026-10-05T03:28:25.304773Z,KXBTC15M-26OCT042330-30,0.0590,0.01,no
2026-10-05T03:28:25.304773Z,KXBTC15M-26OCT042330-30,0.0550,3.75,no
2026-10-05T03:28:25.304773Z,KXBTC15M-26OCT042330-30,0.0590,0.01,no
2026-10-05T03:28:25.374489Z,KXBTC15M-26OCT042330-30,0.0560,0.01,yes
2026-10-05T03:28:25.374489Z,KXBTC15M-26OCT042330-30,0.0560,289.03,yes
2026-10-05T03:28:25.374489Z,KXBTC15M-26OCT042330-30,0.0560,100.00,yes
2026-10-05T03:28:25.374489Z,KXBTC15M-26OCT042330-30,0.0560,491.03,yes
2026-10-05T03:28:25.374489Z,KXBTC15M-26OCT042330-30,0.0560,0.01,yes
2026-10-05T03:28:25.374489Z,KXBTC15M-26OCT042330-30,0.0560,1047.00,yes
2026-10-05T03:28:25.374489Z,KXBTC15M-26OCT042330-30,0.0560,500.00,yes
2026-10-05T03:28:25.374489Z,KXBTC15M-26OCT042330-30,0.0560,500.00,yes
2026-10-05T03:28:25.3757Z,KXBTC15M-26OCT042330-30,0.0560,36.00,yes
2026-10-05T03:28:25.389391Z,KXBTC15M-26OCT042330-30,0.0560,2.00,yes
2026-10-05T03:28:25.414639Z,KXBTC15M-26OCT042330-30,0.0560,0.01,yes
2026-10-05T03:28:25.414639Z,KXBTC15M-26OCT042330-30,0.0560,53.24,yes
2026-10-05T03:28:25.414639Z,KXBTC15M-26OCT042330-30,0.0560,0.01,yes
2026-10-05T03:28:25.528421Z,KXBTC15M-26OCT042330-30,0.0550,0.01,no
2026-10-05T03:28:25.528421Z,KXBTC15M-26OCT042330-30,0.0550,16.64,no
2026-10-05T03:28:25.528421Z,KXBTC15M-26OCT042330-30,0.0550,0.01,no
2026-10-05T03:28:25.543028Z,KXBTC15M-26OCT042330-30,0.0560,7.81,yes
2026-10-05T03:28:25.545041Z,KXBTC15M-26OCT042330-30,0.0560,38.95,yes
2026-10-05T03:28:25.545041Z,KXBTC15M-26OCT042330-30,0.0560,144.38,yes
2026-10-05T03:28:25.569336Z,KXBTC15M-26OCT042330-30,0.0560,15.63,yes
2026-10-05T03:28:25.586918Z,KXBTC15M-26OCT042330-30,0.0550,105.41,no
2026-10-05T03:28:25.600671Z,KXBTC15M-26OCT042330-30,0.0560,78.18,yes
2026-10-05T03:28:25.614678Z,KXBTC15M-26OCT042330-30,0.0550,27.95,no
2026-10-05T03:28:25.614678Z,KXBTC15M-26OCT042330-30,0.0550,95.13,no
2026-10-05T03:28:25.631108Z,KXBTC15M-26OCT042330-30,0.0560,7.81,yes
2026-10-05T03:28:25.640494Z,KXBTC15M-26OCT042330-30,0.0560,78.00,yes
2026-10-05T03:28:25.640494Z,KXBTC15M-26OCT042330-30,0.0560,0.18,yes
2026-10-05T03:28:25.65016Z,KXBTC15M-26OCT042330-30,0.0550,5.26,no
2026-10-05T03:28:25.705415Z,KXBTC15M-26OCT042330-30,0.0560,6.22,yes
2026-10-05T03:28:25.71747Z,KXBTC15M-26OCT042330-30,0.0560,16.75,yes
2026-10-05T03:28:25.78749Z,KXBTC15M-26OCT042330-30,0.0550,129.89,no
2026-10-05T03:28:25.807108Z,KXBTC15M-26OCT042330-30,0.0550,214.69,no
2026-10-05T03:28:25.807108Z,KXBTC15M-26OCT042330-30,0.0550,101.55,no
2026-10-05T03:28:25.816188Z,KXBTC15M-26OCT042330-30,0.0550,78.05,no
2026-10-05T03:28:25.831613Z,KXBTC15M-26OCT042330-30,0.0560,3.90,yes
2026-10-05T03:28:25.895735Z,KXBTC15M-26OCT042330-30,0.0550,0.75,no
2026-10-05T03:28:25.972773Z,KXBTC15M-26OCT042330-30,0.0560,274.00,yes
2026-10-05T03:28:26.050894Z,KXBTC15M-26OCT042330-30,0.0550,0.01,no
2026-10-05T03:28:26.050894Z,KXBTC15M-26OCT042330-30,0.0550,0.01,no
2026-10-05T03:28:26.050894Z,KXBTC15M-26OCT042330-30,0.0550,3.84,no
2026-10-05T03:28:26.136327Z,KXBTC15M-26OCT042330-30,0.0560,14.89,yes
2026-10-05T03:28:26.149014Z,KXBTC15M-26OCT042330-30,0.0560,84.06,yes
2026-10-05T03:28:26.149014Z,KXBTC15M-26OCT042330-30,0.0560,0.01,yes
2026-10-05T03:28:26.149014Z,KXBTC15M-26OCT042330-30,0.0560,52.94,yes
2026-10-05T03:28:26.149014Z,KXBTC15M-26OCT042330-30,0.0560,0.01,yes
2026-10-05T03:28:26.150343Z,KXBTC15M-26OCT042330-30,0.0550,79.06,no
2026-10-05T03:28:26.226739Z,KXBTC15M-26OCT042330-30,0.0560,6.00,yes
2026-10-05T03:28:26.226739Z,KXBTC15M-26OCT042330-30,0.0560,18.00,yes
2026-10-05T03:28:26.226739Z,KXBTC15M-26OCT042330-30,0.0560,54.16,yes
2026-10-05T03:28:26.226739Z,KXBTC15M-26OCT042330-30,0.0560,47.06,yes
2026-10-05T03:28:26.255824Z,KXBTC15M-26OCT042330-30,0.0560,9.88,yes
2026-10-05T03:28:26.278061Z,KXBTC15M-26OCT042330-30,0.0550,9.47,no
2026-10-05T03:28:26.32698Z,KXBTC15M-26OCT042330-30,0.0560,27.75,yes
2026-10-05T03:28:26.408058Z,KXBTC15M-26OCT042330-30,0.0560,167.50,yes
2026-10-05T03:28:26.409904Z,KXBTC15M-26OCT042330-30,0.0560,6.03,yes
2026-10-05T03:28:26.424977Z,KXBTC15M-26OCT042330-30,0.0560,83.75,yes
2026-10-05T03:28:26.438742Z,KXBTC15M-26OCT042330-30,0.0500,110.00,no
2026-10-05T03:28:26.438742Z,KXBTC15M-26OCT042330-30,0.0490,961.05,no
2026-10-05T03:28:26.438742Z,KXBTC15M-26OCT042330-30,0.0530,1047.00,no
2026-10-05T03:28:26.438742Z,KXBTC15M-26OCT042330-30,0.0500,9.00,no
2026-10-05T03:28:26.438742Z,KXBTC15M-26OCT042330-30,0.0550,0.01,no
2026-10-05T03:28:26.438742Z,KXBTC15M-26OCT042330-30,0.0500,64.00,no
2026-10-05T03:28:26.438742Z,KXBTC15M-26OCT042330-30,0.0550,0.01,no
2026-10-05T03:28:26.438742Z,KXBTC15M-26OCT042330-30,0.0550,500.00,no
2026-10-05T03:28:26.438742Z,KXBTC15M-26OCT042330-30,0.0500,30.00,no
2026-10-05T03:28:26.449177Z,KXBTC15M-26OCT042330-30,0.0560,205.09,yes
2026-10-05T03:28:26.449177Z,KXBTC15M-26OCT042330-30,0.0560,129.90,yes
2026-10-05T03:28:26.449177Z,KXBTC15M-26OCT042330-30,0.0560,0.01,yes
2026-10-05T03:28:26.482561Z,KXBTC15M-26OCT042330-30,0.0560,33.50,yes
2026-10-05T03:28:26.555187Z,KXBTC15M-26OCT042330-30,0.0550,0.01,no
2026-10-05T03:28:26.555187Z,KXBTC15M-26OCT042330-30,0.0550,0.01,no
2026-10-05T03:28:26.555187Z,KXBTC15M-26OCT042330-30,0.0550,102.00,no
2026-10-05T03:28:26.555187Z,KXBTC15M-26OCT042330-30,0.0550,3.39,no
2026-10-05T03:28:26.64342Z,KXBTC15M-26OCT042330-30,0.0560,105.00,yes
2026-10-05T03:28:26.710125Z,KXBTC15M-26OCT042330-30,0.0550,0.06,no
2026-10-05T03:28:26.710125Z,KXBTC15M-26OCT042330-30,0.0550,0.01,no
2026-10-05T03:28:26.710125Z,KXBTC15M-26OCT042330-30,0.0550,0.01,no
2026-10-05T03:28:26.787585Z,KXBTC15M-26OCT042330-30,0.0550,0.38,no
2026-10-05T03:28:26.861261Z,KXBTC15M-26OCT042330-30,0.0560,68.39,yes
2026-10-05T03:28:26.861261Z,KXBTC15M-26OCT042330-30,0.0560,0.01,yes
2026-10-05T03:28:26.861261Z,KXBTC15M-26OCT042330-30,0.0560,131.60,yes
2026-10-05T03:28:26.863783Z,KXBTC15M-26OCT042330-30,0.0560,39.34,yes
2026-10-05T03:28:26.937389Z,KXBTC15M-26OCT042330-30,0.0560,22.53,yes
2026-10-05T03:28:26.938298Z,KXBTC15M-26OCT042330-30,0.0550,4.96,no
2026-10-05T03:28:26.938298Z,KXBTC15M-26OCT042330-30,0.0550,0.01,no
2026-10-05T03:28:26.938298Z,KXBTC15M-26OCT042330-30,0.0550,0.01,no
2026-10-05T03:28:26.960079Z,KXBTC15M-26OCT042330-30,0.0560,73.41,yes
2026-10-05T03:28:26.96128Z,KXBTC15M-26OCT042330-30,0.0550,6.54,no
2026-10-05T03:28:27.01625Z,KXBTC15M-26OCT042330-30,0.0560,50.25,yes
2026-10-05T03:28:27.025419Z,KXBTC15M-26OCT042330-30,0.0560,1.10,yes
2026-10-05T03:28:27.031286Z,KXBTC15M-26OCT042330-30,0.0560,8.92,yes
2026-10-05T03:28:27.049681Z,KXBTC15M-26OCT042330-30,0.0560,16.75,yes
2026-10-05T03:28:27.078223Z,KXBTC15M-26OCT042330-30,0.0550,4.00,no
2026-10-05T03:28:27.08022Z,KXBTC15M-26OCT042330-30,0.0560,107.12,yes
2026-10-05T03:28:27.100629Z,KXBTC15M-26OCT042330-30,0.0520,138.45,no
2026-10-05T03:28:27.100629Z,KXBTC15M-26OCT042330-30,0.0550,0.01,no
2026-10-05T03:28:27.100629Z,KXBTC15M-26OCT042330-30,0.0550,0.01,no
2026-10-05T03:28:27.16309Z,KXBTC15M-26OCT042330-30,0.0520,74.61,no
2026-10-05T03:28:27.16309Z,KXBTC15M-26OCT042330-30,0.0520,150.00,no
2026-10-05T03:28:27.16309Z,KXBTC15M-26OCT042330-30,0.0520,0.01,no
2026-10-05T03:28:27.16309Z,KXBTC15M-26OCT042330-30,0.0520,0.01,no
2026-10-05T03:28:27.179545Z,KXBTC15M-26OCT042330-30,0.0520,26.54,no
2026-10-05T03:28:27.184675Z,KXBTC15M-26OCT042330-30,0.0520,2.00,no
2026-10-05T03:28:27.216584Z,KXBTC15M-26OCT042330-30,0.0520,26.67,no
2026-10-05T03:28:27.223216Z,KXBTC15M-26OCT042330-30,0.0520,1.00,no
2026-10-05T03:28:27.252411Z,KXBTC15M-26OCT042330-30,0.0530,136.84,yes
2026-10-05T03:28:27.307477Z,KXBTC15M-26OCT042330-30,0.0530,4.29,yes
2026-10-05T03:28:27.337451Z,KXBTC15M-26OCT042330-30,0.0530,136.68,yes
2026-10-05T03:28:27.383746Z,KXBTC15M-26OCT042330-30,0.0520,140.54,no
2026-10-05T03:28:27.383746Z,KXBTC15M-26OCT042330-30,0.0520,0.01,no
2026-10-05T03:28:27.383746Z,KXBTC15M-26OCT042330-30,0.0520,0.01,no
2026-10-05T03:28:27.395309Z,KXBTC15M-26OCT042330-30,0.0530,37.00,yes
2026-10-05T03:28:27.417646Z,KXBTC15M-26OCT042330-30,0.0530,82.56,yes
2026-10-05T03:28:27.443411Z,KXBTC15M-26OCT042330-30,0.0530,0.98,yes
2026-10-05T03:28:27.487946Z,KXBTC15M-26OCT042330-30,0.0520,0.01,no
2026-10-05T03:28:27.487946Z,KXBTC15M-26OCT042330-30,0.0520,3.07,no
2026-10-05T03:28:27.487946Z,KXBTC15M-26OCT042330-30,0.0520,0.01,no
2026-10-05T03:28:27.488654Z,KXBTC15M-26OCT042330-30,0.0530,28.77,yes
2026-10-05T03:28:27.500054Z,KXBTC15M-26OCT042330-30,0.0520,10.51,no
2026-10-05T03:28:27.552993Z,KXBTC15M-26OCT042330-30,0.0530,147.38,yes
2026-10-05T03:28:27.598149Z,KXBTC15M-26OCT042330-30,0.0520,0.11,no
2026-10-05T03:28:27.607243Z,KXBTC15M-26OCT042330-30,0.0520,0.21,no
2026-10-05T03:28:27.636587Z,KXBTC15M-26OCT042330-30,0.0530,89.28,yes
2026-10-05T03:28:27.697715Z,KXBTC15M-26OCT042330-30,0.0520,2.41,no
2026-10-05T03:28:27.708434Z,KXBTC15M-26OCT042330-30,0.0520,35.36,no
2026-10-05T03:28:27.779679Z,KXBTC15M-26OCT042330-30,0.0520,19.00,no
2026-10-05T03:28:27.807042Z,KXBTC15M-26OCT042330-30,0.0520,10.00,no
2026-10-05T03:28:27.840172Z,KXBTC15M-26OCT042330-30,0.0530,5.00,yes
2026-10-05T03:28:28.013308Z,KXBTC15M-26OCT042330-30,0.0520,3.14,no
2026-10-05T03:28:28.013308Z,KXBTC15M-26OCT042330-30,0.0520,0.01,no
2026-10-05T03:28:28.090014Z,KXBTC15M-26OCT042330-30,0.0530,1.46,yes
2026-10-05T03:28:28.115303Z,KXBTC15M-26OCT042330-30,0.0520,346.83,no
2026-10-05T03:28:28.134988Z,KXBTC15M-26OCT042330-30,0.0530,33.97,yes
2026-10-05T03:28:28.19945Z,KXBTC15M-26OCT042330-30,0.0520,46.84,no
2026-10-05T03:28:28.217398Z,KXBTC15M-26OCT042330-30,0.0420,121.58,no
2026-10-05T03:28:28.217398Z,KXBTC15M-26OCT042330-30,0.0420,77.00,no
2026-10-05T03:28:28.217398Z,KXBTC15M-26OCT042330-30,0.0430,9.00,no
2026-10-05T03:28:28.217398Z,KXBTC15M-26OCT042330-30,0.0510,150.00,no
2026-10-05T03:28:28.217398Z,KXBTC15M-26OCT042330-30,0.0520,403.19,no
2026-10-05T03:28:28.217398Z,KXBTC15M-26OCT042330-30,0.0430,256.00,no
2026-10-05T03:28:28.217398Z,KXBTC15M-26OCT042330-30,0.0500,200.00,no
2026-10-05T03:28:28.217398Z,KXBTC15M-26OCT042330-30,0.0420,19.00,no
2026-10-05T03:28:28.217398Z,KXBTC15M-26OCT042330-30,0.0420,500.00,no
2026-10-05T03:28:28.217398Z,KXBTC15M-26OCT042330-30,0.0450,15.00,no
2026-10-05T03:28:28.225091Z,KXBTC15M-26OCT042330-30,0.0520,1.74,no
2026-10-05T03:28:28.250045Z,KXBTC15M-26OCT042330-30,0.0530,4.42,yes
2026-10-05T03:28:28.254399Z,KXBTC15M-26OCT042330-30,0.0530,88.47,yes
2026-10-05T03:28:28.294048Z,KXBTC15M-26OCT042330-30,0.0530,17.69,yes
2026-10-05T03:28:28.327664Z,KXBTC15M-26OCT042330-30,0.0530,74.48,yes
2026-10-05T03:28:28.327846Z,KXBTC15M-26OCT042330-30,0.0530,5.00,yes
2026-10-05T03:28:28.328793Z,KXBTC15M-26OCT042330-30,0.0520,84.73,no
2026-10-05T03:28:28.338344Z,KXBTC15M-26OCT042330-30,0.0520,17.27,no
2026-10-05T03:28:28.338344Z,KXBTC15M-26OCT042330-30,0.0510,137.22,no
2026-10-05T03:28:28.359973Z,KXBTC15M-26OCT042330-30,0.0520,1.00,yes
2026-10-05T03:28:28.371572Z,KXBTC15M-26OCT042330-30,0.0520,33.48,yes
2026-10-05T03:28:28.371572Z,KXBTC15M-26OCT042330-30,0.0520,21.52,yes
2026-10-05T03:28:28.37994Z,KXBTC15M-26OCT042330-30,0.0510,18.00,no
2026-10-05T03:28:28.382284Z,KXBTC15M-26OCT042330-30,0.0520,1.21,yes
2026-10-05T03:28:28.382284Z,KXBTC15M-26OCT042330-30,0.0520,0.01,yes
2026-10-05T03:28:28.382284Z,KXBTC15M-26OCT042330-30,0.0520,0.01,yes
2026-10-05T03:28:28.426166Z,KXBTC15M-26OCT042330-30,0.0510,6.00,no
2026-10-05T03:28:28.467053Z,KXBTC15M-26OCT042330-30,0.0520,19.98,yes
2026-10-05T03:28:28.467053Z,KXBTC15M-26OCT042330-30,0.0520,0.01,yes
2026-10-05T03:28:28.467053Z,KXBTC15M-26OCT042330-30,0.0520,0.01,yes
2026-10-05T03:28:28.484339Z,KXBTC15M-26OCT042330-30,0.0510,21.54,no
2026-10-05T03:28:28.496817Z,KXBTC15M-26OCT042330-30,0.0520,71.49,yes
2026-10-05T03:28:28.496912Z,KXBTC15M-26OCT042330-30,0.0520,24.98,yes
2026-10-05T03:28:28.497066Z,KXBTC15M-26OCT042330-30,0.0520,24.85,yes
2026-10-05T03:28:28.501029Z,KXBTC15M-26OCT042330-30,0.0520,100.00,yes
2026-10-05T03:28:28.502796Z,KXBTC15M-26OCT042330-30,0.0520,54.04,yes
2026-10-05T03:28:28.505552Z,KXBTC15M-26OCT042330-30,0.0520,12.91,yes
2026-10-05T03:28:28.513276Z,KXBTC15M-26OCT042330-30,0.0510,472.46,no
2026-10-05T03:28:28.513276Z,KXBTC15M-26OCT042330-30,0.0510,40.42,no
2026-10-05T03:28:28.538299Z,KXBTC15M-26OCT042330-30,0.0530,35.37,yes
2026-10-05T03:28:28.538299Z,KXBTC15M-26OCT042330-30,0.0520,0.01,yes
2026-10-05T03:28:28.538299Z,KXBTC15M-26OCT042330-30,0.0520,0.01,yes
2026-10-05T03:28:28.556629Z,KXBTC15M-26OCT042330-30,0.0530,17.67,yes
2026-10-05T03:28:28.556629Z,KXBTC15M-26OCT042330-30,0.0520,0.01,yes
2026-10-05T03:28:28.556629Z,KXBTC15M-26OCT042330-30,0.0520,0.01,yes
2026-10-05T03:28:28.564589Z,KXBTC15M-26OCT042330-30,0.0520,1.39,yes
2026-10-05T03:28:28.674694Z,KXBTC15M-26OCT042330-30,0.0510,62.09,no
2026-10-05T03:28:28.675303Z,KXBTC15M-26OCT042330-30,0.0510,0.01,no
2026-10-05T03:28:28.675303Z,KXBTC15M-26OCT042330-30,0.0510,0.01,no
2026-10-05T03:28:28.675303Z,KXBTC15M-26OCT042330-30,0.0510,1.08,no
2026-10-05T03:28:28.677716Z,KXBTC15M-26OCT042330-30,0.0510,500.00,no
2026-10-05T03:28:28.677716Z,KXBTC15M-26OCT042330-30,0.0510,98.92,no
2026-10-05T03:28:28.677716Z,KXBTC15M-26OCT042330-30,0.0510,400.00,no
2026-10-05T03:28:28.677716Z,KXBTC15M-26OCT042330-30,0.0470,9.00,no
2026-10-05T03:28:28.677716Z,KXBTC15M-26OCT042330-30,0.0500,150.00,no
2026-10-05T03:28:28.677716Z,KXBTC15M-26OCT042330-30,0.0510,500.00,no
2026-10-05T03:28:28.679136Z,KXBTC15M-26OCT042330-30,0.0410,0.02,no
2026-10-05T03:28:28.682685Z,KXBTC15M-26OCT042330-30,0.0510,0.01,no
2026-10-05T03:28:28.682685Z,KXBTC15M-26OCT042330-30,0.0510,0.01,no
2026-10-05T03:28:28.686913Z,KXBTC15M-26OCT042330-30,0.0420,2.07,no
2026-10-05T03:28:28.692839Z,KXBTC15M-26OCT042330-30,0.0420,0.01,no
2026-10-05T03:28:28.692839Z,KXBTC15M-26OCT042330-30,0.0410,0.01,no
2026-10-05T03:28:28.692839Z,KXBTC15M-26OCT042330-30,0.0410,1.29,no
2026-10-05T03:28:28.692839Z,KXBTC15M-26OCT042330-30,0.0410,0.01,no
2026-10-05T03:28:28.738933Z,KXBTC15M-26OCT042330-30,0.0420,101.42,yes
2026-10-05T03:28:28.792118Z,KXBTC15M-26OCT042330-30,0.0380,8.00,no
2026-10-05T03:28:28.792118Z,KXBTC15M-26OCT042330-30,0.0410,0.01,no
2026-10-05T03:28:28.792118Z,KXBTC15M-26OCT042330-30,0.0350,42.71,no
2026-10-05T03:28:28.792118Z,KXBTC15M-26OCT042330-30,0.0400,5.00,no
2026-10-05T03:28:28.792118Z,KXBTC15M-26OCT042330-30,0.0400,11.00,no
2026-10-05T03:28:28.792118Z,KXBTC15M-26OCT042330-30,0.0390,1.00,no
2026-10-05T03:28:28.792118Z,KXBTC15M-26OCT042330-30,0.0380,1.00,no
2026-10-05T03:28:28.792118Z,KXBTC15M-26OCT042330-30,0.0400,1.00,no
2026-10-05T03:28:28.792118Z,KXBTC15M-26OCT042330-30,0.0400,89.08,no
2026-10-05T03:28:28.792118Z,KXBTC15M-26OCT042330-30,0.0400,34.43,no
2026-10-05T03:28:28.810536Z,KXBTC15M-26OCT042330-30,0.0360,48.22,yes
2026-10-05T03:28:28.838989Z,KXBTC15M-26OCT042330-30,0.0340,19.61,no
2026-10-05T03:28:28.838989Z,KXBTC15M-26OCT042330-30,0.0340,5.00,no
2026-10-05T03:28:28.841059Z,KXBTC15M-26OCT042330-30,0.0350,0.01,yes
2026-10-05T03:28:28.841059Z,KXBTC15M-26OCT042330-30,0.0350,36.04,yes
2026-10-05T03:28:28.841059Z,KXBTC15M-26OCT042330-30,0.0350,0.01,yes
2026-10-05T03:28:28.858541Z,KXBTC15M-26OCT042330-30,0.0350,42.00,yes
2026-10-05T03:28:28.88086Z,KXBTC15M-26OCT042330-30,0.0350,0.76,yes
2026-10-05T03:28:28.938297Z,KXBTC15M-26OCT042330-30,0.0350,5.27,yes
2026-10-05T03:28:28.943956Z,KXBTC15M-26OCT042330-30,0.0350,355.15,yes
2026-10-05T03:28:28.943956Z,KXBTC15M-26OCT042330-30,0.0350,126.00,yes
2026-10-05T03:28:28.943956Z,KXBTC15M-26OCT042330-30,0.0350,0.01,yes
2026-10-05T03:28:28.943956Z,KXBTC15M-26OCT042330-30,0.0350,125.93,yes
2026-10-05T03:28:28.943956Z,KXBTC15M-26OCT042330-30,0.0350,18.00,yes
2026-10-05T03:28:28.964781Z,KXBTC15M-26OCT042330-30,0.0350,0.18,yes
2026-10-05T03:28:28.998278Z,KXBTC15M-26OCT042330-30,0.0350,55.75,yes
2026-10-05T03:28:29.015372Z,KXBTC15M-26OCT042330-30,0.0340,0.01,no
2026-10-05T03:28:29.015372Z,KXBTC15M-26OCT042330-30,0.0340,49.83,no
2026-10-05T03:28:29.015372Z,KXBTC15M-26OCT042330-30,0.0340,0.01,no
2026-10-05T03:28:29.075688Z,KXBTC15M-26OCT042330-30,0.0350,4.32,yes
2026-10-05T03:28:29.093905Z,KXBTC15M-26OCT042330-30,0.0350,0.90,yes
2026-10-05T03:28:29.094288Z,KXBTC15M-26OCT042330-30,0.0350,23.59,yes
2026-10-05T03:28:29.104722Z,KXBTC15M-26OCT042330-30,0.0350,16.56,yes
2026-10-05T03:28:29.14307Z,KXBTC15M-26OCT042330-30,0.0340,1.87,no
2026-10-05T03:28:29.163149Z,KXBTC15M-26OCT042330-30,0.0340,37.90,no
2026-10-05T03:28:29.255755Z,KXBTC15M-26OCT042330-30,0.0340,0.01,no
2026-10-05T03:28:29.255755Z,KXBTC15M-26OCT042330-30,0.0340,15.63,no
2026-10-05T03:28:29.309656Z,KXBTC15M-26OCT042330-30,0.0340,0.76,no
2026-10-05T03:28:29.419342Z,KXBTC15M-26OCT042330-30,0.0340,0.01,yes
2026-10-05T03:28:29.419342Z,KXBTC15M-26OCT042330-30,0.0340,0.01,yes
2026-10-05T03:28:29.419342Z,KXBTC15M-26OCT042330-30,0.0340,107.70,yes
2026-10-05T03:28:29.419342Z,KXBTC15M-26OCT042330-30,0.0340,10.00,yes
2026-10-05T03:28:29.663149Z,KXBTC15M-26OCT042330-30,0.0330,23.39,no
2026-10-05T03:28:29.663149Z,KXBTC15M-26OCT042330-30,0.0330,10.00,no
2026-10-05T03:28:29.703623Z,KXBTC15M-26OCT042330-30,0.0340,13.08,yes
2026-10-05T03:28:29.703623Z,KXBTC15M-26OCT042330-30,0.0340,0.01,yes
2026-10-05T03:28:29.703623Z,KXBTC15M-26OCT042330-30,0.0340,0.01,yes
2026-10-05T03:28:29.733861Z,KXBTC15M-26OCT042330-30,0.0340,45.44,yes
2026-10-05T03:28:29.737266Z,KXBTC15M-26OCT042330-30,0.0340,13.13,yes
2026-10-05T03:28:29.737475Z,KXBTC15M-26OCT042330-30,0.0340,54.94,yes
2026-10-05T03:28:29.746613Z,KXBTC15M-26OCT042330-30,0.0340,10.52,yes
2026-10-05T03:28:29.765853Z,KXBTC15M-26OCT042330-30,0.0370,2.00,yes
2026-10-05T03:28:29.765853Z,KXBTC15M-26OCT042330-30,0.0340,0.01,yes
2026-10-05T03:28:29.765853Z,KXBTC15M-26OCT042330-30,0.0390,1.30,yes
2026-10-05T03:28:29.765853Z,KXBTC15M-26OCT042330-30,0.0340,100.00,yes
2026-10-05T03:28:29.765853Z,KXBTC15M-26OCT042330-30,0.0380,2.00,yes
2026-10-05T03:28:29.765853Z,KXBTC15M-26OCT042330-30,0.0340,0.01,yes
2026-10-05T03:28:29.765853Z,KXBTC15M-26OCT042330-30,0.0390,2.00,yes
2026-10-05T03:28:29.840521Z,KXBTC15M-26OCT042330-30,0.0340,0.01,yes
2026-10-05T03:28:29.840521Z,KXBTC15M-26OCT042330-30,0.0340,0.01,yes
2026-10-05T03:28:29.840521Z,KXBTC15M-26OCT042330-30,0.0340,18.69,yes
2026-10-05T03:28:29.840761Z,KXBTC15M-26OCT042330-30,0.0340,2.25,yes
2026-10-05T03:28:29.843773Z,KXBTC15M-26OCT042330-30,0.0340,8.53,yes
2026-10-05T03:28:29.889778Z,KXBTC15M-26OCT042330-30,0.0330,1.03,no
2026-10-05T03:28:29.930278Z,KXBTC15M-26OCT042330-30,0.0340,3.17,yes
2026-10-05T03:28:29.944855Z,KXBTC15M-26OCT042330-30,0.0340,43.86,yes
2026-10-05T03:28:29.954723Z,KXBTC15M-26OCT042330-30,0.0330,0.01,no
2026-10-05T03:28:29.954723Z,KXBTC15M-26OCT042330-30,0.0330,0.01,no
2026-10-05T03:28:29.954723Z,KXBTC15M-26OCT042330-30,0.0330,508.59,no
2026-10-05T03:28:29.954723Z,KXBTC15M-26OCT042330-30,0.0330,200.00,no
2026-10-05T03:28:29.954723Z,KXBTC15M-26OCT042330-30,0.0330,332.00,no
2026-10-05T03:28:29.954723Z,KXBTC15M-26OCT042330-30,0.0330,500.00,no
2026-10-05T03:28:29.954723Z,KXBTC15M-26OCT042330-30,0.0330,125.58,no
2026-10-05T03:28:29.954723Z,KXBTC15M-26OCT042330-30,0.0330,500.00,no
2026-10-05T03:28:30.002554Z,KXBTC15M-26OCT042330-30,0.0340,1.10,yes
2026-10-05T03:28:30.002554Z,KXBTC15M-26OCT042330-30,0.0340,23.50,yes
2026-10-05T03:28:30.002554Z,KXBTC15M-26OCT042330-30,0.0340,3.00,yes
2026-10-05T03:28:30.038298Z,KXBTC15M-26OCT042330-30,0.0330,9.22,no
2026-10-05T03:28:30.05063Z,KXBTC15M-26OCT042330-30,0.0340,0.01,yes
2026-10-05T03:28:30.05063Z,KXBTC15M-26OCT042330-30,0.0340,0.01,yes
2026-10-05T03:28:30.05063Z,KXBTC15M-26OCT042330-30,0.0340,45.53,yes
2026-10-05T03:28:30.057703Z,KXBTC15M-26OCT042330-30,0.0330,134.12,no
2026-10-05T03:28:30.060981Z,KXBTC15M-26OCT042330-30,0.0330,82.00,no
2026-10-05T03:28:30.087617Z,KXBTC15M-26OCT042330-30,0.0340,1.07,yes
2026-10-05T03:28:30.089718Z,KXBTC15M-26OCT042330-30,0.0330,2.62,no
2026-10-05T03:28:30.133221Z,KXBTC15M-26OCT042330-30,0.0340,10.00,yes
2026-10-05T03:28:30.183634Z,KXBTC15M-26OCT042330-30,0.0330,0.01,no
2026-10-05T03:28:30.198627Z,KXBTC15M-26OCT042330-30,0.0340,137.74,yes
2026-10-05T03:28:30.201275Z,KXBTC15M-26OCT042330-30,0.0340,2.75,yes
2026-10-05T03:28:30.207716Z,KXBTC15M-26OCT042330-30,0.0330,0.01,no
2026-10-05T03:28:30.207716Z,KXBTC15M-26OCT042330-30,0.0330,0.01,no
2026-10-05T03:28:30.207716Z,KXBTC15M-26OCT042330-30,0.0320,2.06,no
2026-10-05T03:28:30.247347Z,KXBTC15M-26OCT042330-30,0.0340,52.39,yes
2026-10-05T03:28:30.254327Z,KXBTC15M-26OCT042330-30,0.0340,76.00,yes
2026-10-05T03:28:30.256525Z,KXBTC15M-26OCT042330-30,0.0340,68.61,yes
2026-10-05T03:28:30.273973Z,KXBTC15M-26OCT042330-30,0.0340,51.44,yes
2026-10-05T03:28:30.273973Z,KXBTC15M-26OCT042330-30,0.0340,0.01,yes
2026-10-05T03:28:30.273973Z,KXBTC15M-26OCT042330-30,0.0340,0.01,yes
2026-10-05T03:28:30.273973Z,KXBTC15M-26OCT042330-30,0.0340,100.00,yes
2026-10-05T03:28:30.273973Z,KXBTC15M-26OCT042330-30,0.0340,35.92,yes
2026-10-05T03:28:30.284948Z,KXBTC15M-26OCT042330-30,0.0330,8.39,no
2026-10-05T03:28:30.284948Z,KXBTC15M-26OCT042330-30,0.0330,0.01,no
2026-10-05T03:28:30.284948Z,KXBTC15M-26OCT042330-30,0.0330,0.01,no
2026-10-05T03:28:30.299951Z,KXBTC15M-26OCT042330-30,0.0330,0.01,no
2026-10-05T03:28:30.299951Z,KXBTC15M-26OCT042330-30,0.0320,33.34,no
2026-10-05T03:28:30.318058Z,KXBTC15M-26OCT042330-30,0.0340,22.06,yes
2026-10-05T03:28:30.333038Z,KXBTC15M-26OCT042330-30,0.0330,0.01,no
2026-10-05T03:28:30.333038Z,KXBTC15M-26OCT042330-30,0.0330,0.01,no
2026-10-05T03:28:30.333038Z,KXBTC15M-26OCT042330-30,0.0320,33.66,no
2026-10-05T03:28:30.345768Z,KXBTC15M-26OCT042330-30,0.0330,1.03,no
2026-10-05T03:28:30.367926Z,KXBTC15M-26OCT042330-30,0.0340,10.00,yes
2026-10-05T03:28:30.445548Z,KXBTC15M-26OCT042330-30,0.0330,41.26,no
2026-10-05T03:28:30.450088Z,KXBTC15M-26OCT042330-30,0.0340,108.27,yes
2026-10-05T03:28:30.46398Z,KXBTC15M-26OCT042330-30,0.0340,1.79,yes
2026-10-05T03:28:30.46398Z,KXBTC15M-26OCT042330-30,0.0340,23.75,yes
2026-10-05T03:28:30.46398Z,KXBTC15M-26OCT042330-30,0.0340,2.00,yes
2026-10-05T03:28:30.483161Z,KXBTC15M-26OCT042330-30,0.0340,12.00,yes
2026-10-05T03:28:30.483161Z,KXBTC15M-26OCT042330-30,0.0340,0.21,yes
2026-10-05T03:28:30.48329Z,KXBTC15M-26OCT042330-30,0.0340,11.77,yes
2026-10-05T03:28:30.508189Z,KXBTC15M-26OCT042330-30,0.0340,1.05,yes
2026-10-05T03:28:30.508189Z,KXBTC15M-26OCT042330-30,0.0340,0.01,yes
2026-10-05T03:28:30.508189Z,KXBTC15M-26OCT042330-30,0.0340,0.01,yes
2026-10-05T03:28:30.511468Z,KXBTC15M-26OCT042330-30,0.0340,316.81,yes
2026-10-05T03:28:30.536832Z,KXBTC15M-26OCT042330-30,0.0340,29.39,yes
2026-10-05T03:28:30.568124Z,KXBTC15M-26OCT042330-30,0.0340,5.37,yes
2026-10-05T03:28:30.659684Z,KXBTC15M-26OCT042330-30,0.0360,2.00,yes
2026-10-05T03:28:30.659684Z,KXBTC15M-26OCT042330-30,0.0340,0.01,yes
2026-10-05T03:28:30.659684Z,KXBTC15M-26OCT042330-30,0.0340,2.00,yes
2026-10-05T03:28:30.659684Z,KXBTC15M-26OCT042330-30,0.0360,36.00,yes
2026-10-05T03:28:30.659684Z,KXBTC15M-26OCT042330-30,0.0350,2.00,yes
2026-10-05T03:28:30.659684Z,KXBTC15M-26OCT042330-30,0.0360,2.00,yes
2026-10-05T03:28:30.659684Z,KXBTC15M-26OCT042330-30,0.0350,2.00,yes
2026-10-05T03:28:30.659684Z,KXBTC15M-26OCT042330-30,0.0340,0.01,yes
2026-10-05T03:28:30.700222Z,KXBTC15M-26OCT042330-30,0.0360,75.99,yes
2026-10-05T03:28:30.700222Z,KXBTC15M-26OCT042330-30,0.0360,2.00,yes
2026-10-05T03:28:30.700222Z,KXBTC15M-26OCT042330-30,0.0360,0.01,yes
2026-10-05T03:28:30.700222Z,KXBTC15M-26OCT042330-30,0.0360,0.01,yes
2026-10-05T03:28:30.712451Z,KXBTC15M-26OCT042330-30,0.0360,77.15,yes
2026-10-05T03:28:30.766461Z,KXBTC15M-26OCT042330-30,0.0350,1.00,no
2026-10-05T03:28:30.851568Z,KXBTC15M-26OCT042330-30,0.0360,50.54,yes
2026-10-05T03:28:30.872926Z,KXBTC15M-26OCT042330-30,0.0350,0.01,no
2026-10-05T03:28:30.872926Z,KXBTC15M-26OCT042330-30,0.0350,0.01,no
2026-10-05T03:28:30.872926Z,KXBTC15M-26OCT042330-30,0.0340,3.07,no
2026-10-05T03:28:30.900766Z,KXBTC15M-26OCT042330-30,0.0340,46.42,no
2026-10-05T03:28:30.926902Z,KXBTC15M-26OCT042330-30,0.0300,246.53,no
2026-10-05T03:28:30.926902Z,KXBTC15M-26OCT042330-30,0.0300,12.47,no
2026-10-05T03:28:30.926902Z,KXBTC15M-26OCT042330-30,0.0300,8.73,no
2026-10-05T03:28:30.926902Z,KXBTC15M-26OCT042330-30,0.0300,8.97,no
2026-10-05T03:28:30.926902Z,KXBTC15M-26OCT042330-30,0.0300,19.65,no
2026-10-05T03:28:30.926902Z,KXBTC15M-26OCT042330-30,0.0320,15.00,no
2026-10-05T03:28:30.926902Z,KXBTC15M-26OCT042330-30,0.0300,5.69,no
2026-10-05T03:28:30.926902Z,KXBTC15M-26OCT042330-30,0.0300,3.34,no
2026-10-05T03:28:30.926902Z,KXBTC15M-26OCT042330-30,0.0300,26.83,no
2026-10-05T03:28:30.926902Z,KXBTC15M-26OCT042330-30,0.0300,313.45,no
2026-10-05T03:28:30.926902Z,KXBTC15M-26OCT042330-30,0.0300,40.00,no
2026-10-05T03:28:30.926902Z,KXBTC15M-26OCT042330-30,0.0270,12.00,no
2026-10-05T03:28:30.926902Z,KXBTC15M-26OCT042330-30,0.0300,5.30,no
2026-10-05T03:28:30.926902Z,KXBTC15M-26OCT042330-30,0.0300,1.00,no
2026-10-05T03:28:30.926902Z,KXBTC15M-26OCT042330-30,0.0270,203.00,no
2026-10-05T03:28:30.926902Z,KXBTC15M-26OCT042330-30,0.0340,0.01,no
2026-10-05T03:28:30.926902Z,KXBTC15M-26OCT042330-30,0.0300,64.00,no
2026-10-05T03:28:30.926902Z,KXBTC15M-26OCT042330-30,0.0340,0.01,no
2026-10-05T03:28:30.926902Z,KXBTC15M-26OCT042330-30,0.0300,0.01,no
2026-10-05T03:28:30.926902Z,KXBTC15M-26OCT042330-30,0.0300,64.00,no
2026-10-05T03:28:30.926902Z,KXBTC15M-26OCT042330-30,0.0340,100.51,no
2026-10-05T03:28:30.926902Z,KXBTC15M-26OCT042330-30,0.0310,10.00,no
2026-10-05T03:28:30.926902Z,KXBTC15M-26OCT042330-30,0.0300,25.00,no
2026-10-05T03:28:30.926902Z,KXBTC15M-26OCT042330-30,0.0300,5.57,no
2026-10-05T03:28:30.926902Z,KXBTC15M-26OCT042330-30,0.0320,50.00,no
2026-10-05T03:28:30.926902Z,KXBTC15M-26OCT042330-30,0.0300,80.41,no
2026-10-05T03:28:30.926902Z,KXBTC15M-26OCT042330-30,0.0300,200.00,no
2026-10-05T03:28:30.926902Z,KXBTC15M-26OCT042330-30,0.0300,17.85,no
2026-10-05T03:28:30.926902Z,KXBTC15M-26OCT042330-30,0.0250,400.00,no
2026-10-05T03:28:30.926902Z,KXBTC15M-26OCT042330-30,0.0300,400.00,no
2026-10-05T03:28:30.926902Z,KXBTC15M-26OCT042330-30,0.0300,8.28,no
2026-10-05T03:28:30.926902Z,KXBTC15M-26OCT042330-30,0.0300,25.00,no
2026-10-05T03:28:30.926902Z,KXBTC15M-26OCT042330-30,0.0300,14.79,no
2026-10-05T03:28:30.926902Z,KXBTC15M-26OCT042330-30,0.0300,200.00,no
2026-10-05T03:28:30.926902Z,KXBTC15M-26OCT042330-30,0.0250,200.00,no
2026-10-05T03:28:30.926902Z,KXBTC15M-26OCT042330-30,0.0300,6.66,no
2026-10-05T03:28:30.926902Z,KXBTC15M-26OCT042330-30,0.0310,14.76,no
2026-10-05T03:28:30.926902Z,KXBTC15M-26OCT042330-30,0.0300,3.00,no
2026-10-05T03:28:30.926902Z,KXBTC15M-26OCT042330-30,0.0300,13.75,no
2026-10-05T03:28:30.926902Z,KXBTC15M-26OCT042330-30,0.0300,40.00,no
2026-10-05T03:28:30.926902Z,KXBTC15M-26OCT042330-30,0.0280,1047.00,no
2026-10-05T03:28:30.926902Z,KXBTC15M-26OCT042330-30,0.0300,1047.00,no
2026-10-05T03:28:30.926902Z,KXBTC15M-26OCT042330-30,0.0260,1047.00,no
2026-10-05T03:28:30.926902Z,KXBTC15M-26OCT042330-30,0.0300,200.00,no
2026-10-05T03:28:30.926902Z,KXBTC15M-26OCT042330-30,0.0250,200.00,no
2026-10-05T03:28:30.928527Z,KXBTC15M-26OCT042330-30,0.0350,20.60,yes
2026-10-05T03:28:30.951803Z,KXBTC15M-26OCT042330-30,0.0260,1.00,yes
2026-10-05T03:28:30.967423Z,KXBTC15M-26OCT042330-30,0.0260,1.47,yes
2026-10-05T03:28:30.969848Z,KXBTC15M-26OCT042330-30,0.0260,299.00,yes
2026-10-05T03:28:31.040768Z,KXBTC15M-26OCT042330-30,0.0260,513.60,yes
2026-10-05T03:28:31.052386Z,KXBTC15M-26OCT042330-30,0.0260,6.75,yes
2026-10-05T03:28:31.065368Z,KXBTC15M-26OCT042330-30,0.0260,8.27,yes
2026-10-05T03:28:31.07038Z,KXBTC15M-26OCT042330-30,0.0260,406.89,yes
2026-10-05T03:28:31.076818Z,KXBTC15M-26OCT042330-30,0.0260,3.00,yes
2026-10-05T03:28:31.078349Z,KXBTC15M-26OCT042330-30,0.0260,210.73,yes
2026-10-05T03:28:31.098492Z,KXBTC15M-26OCT042330-30,0.0260,32.23,yes
2026-10-05T03:28:31.123514Z,KXBTC15M-26OCT042330-30,0.0260,20.65,yes
2026-10-05T03:28:31.133073Z,KXBTC15M-26OCT042330-30,0.0260,1.40,yes
2026-10-05T03:28:31.154878Z,KXBTC15M-26OCT042330-30,0.0250,0.79,no
2026-10-05T03:28:31.154878Z,KXBTC15M-26OCT042330-30,0.0250,0.01,no
2026-10-05T03:28:31.154878Z,KXBTC15M-26OCT042330-30,0.0250,0.01,no
2026-10-05T03:28:31.16076Z,KXBTC15M-26OCT042330-30,0.0260,0.01,yes
2026-10-05T03:28:31.16076Z,KXBTC15M-26OCT042330-30,0.0260,0.01,yes
2026-10-05T03:28:31.16076Z,KXBTC15M-26OCT042330-30,0.0280,2.30,yes
2026-10-05T03:28:31.165941Z,KXBTC15M-26OCT042330-30,0.0260,116.25,no
2026-10-05T03:28:31.196083Z,KXBTC15M-26OCT042330-30,0.0280,1.04,yes
2026-10-05T03:28:31.20857Z,KXBTC15M-26OCT042330-30,0.0280,7.54,yes
2026-10-05T03:28:31.235786Z,KXBTC15M-26OCT042330-30,0.0280,266.49,yes
2026-10-05T03:28:31.235786Z,KXBTC15M-26OCT042330-30,0.0280,0.01,yes
2026-10-05T03:28:31.235786Z,KXBTC15M-26OCT042330-30,0.0280,0.01,yes
2026-10-05T03:28:31.235786Z,KXBTC15M-26OCT042330-30,0.0280,12.00,yes
2026-10-05T03:28:31.235786Z,KXBTC15M-26OCT042330-30,0.0280,91.42,yes
2026-10-05T03:28:31.235786Z,KXBTC15M-26OCT042330-30,0.0280,500.00,yes
2026-10-05T03:28:31.236298Z,KXBTC15M-26OCT042330-30,0.0280,26.02,yes
2026-10-05T03:28:31.303131Z,KXBTC15M-26OCT042330-30,0.0280,55.09,yes
2026-10-05T03:28:31.371431Z,KXBTC15M-26OCT042330-30,0.0280,77.71,yes
2026-10-05T03:28:31.371431Z,KXBTC15M-26OCT042330-30,0.0280,52.40,yes
2026-10-05T03:28:31.385528Z,KXBTC15M-26OCT042330-30,0.0280,25.46,yes
2026-10-05T03:28:31.424408Z,KXBTC15M-26OCT042330-30,0.0280,5.78,yes
2026-10-05T03:28:31.427619Z,KXBTC15M-26OCT042330-30,0.0280,6.00,yes
2026-10-05T03:28:31.452198Z,KXBTC15M-26OCT042330-30,0.0280,13.97,yes
2026-10-05T03:28:31.489164Z,KXBTC15M-26OCT042330-30,0.0270,0.01,no
2026-10-05T03:28:31.489164Z,KXBTC15M-26OCT042330-30,0.0260,2.00,no
2026-10-05T03:28:31.489164Z,KXBTC15M-26OCT042330-30,0.0270,0.01,no
2026-10-05T03:28:31.489164Z,KXBTC15M-26OCT042330-30,0.0270,2.00,no
2026-10-05T03:28:31.489164Z,KXBTC15M-26OCT042330-30,0.0260,5.96,no
2026-10-05T03:28:31.538056Z,KXBTC15M-26OCT042330-30,0.0280,284.42,yes
2026-10-05T03:28:31.553697Z,KXBTC15M-26OCT042330-30,0.0280,2.63,yes
2026-10-05T03:28:31.553697Z,KXBTC15M-26OCT042330-30,0.0280,0.01,yes
2026-10-05T03:28:31.553697Z,KXBTC15M-26OCT042330-30,0.0280,0.01,yes
2026-10-05T03:28:31.572469Z,KXBTC15M-26OCT042330-30,0.0270,56.97,no
2026-10-05T03:28:31.572469Z,KXBTC15M-26OCT042330-30,0.0270,0.01,no
2026-10-05T03:28:31.572469Z,KXBTC15M-26OCT042330-30,0.0270,0.01,no
2026-10-05T03:28:31.573121Z,KXBTC15M-26OCT042330-30,0.0270,2.48,no
2026-10-05T03:28:31.591012Z,KXBTC15M-26OCT042330-30,0.0270,102.36,no
2026-10-05T03:28:31.591012Z,KXBTC15M-26OCT042330-30,0.0270,0.01,no
2026-10-05T03:28:31.591012Z,KXBTC15M-26OCT042330-30,0.0270,0.01,no
2026-10-05T03:28:31.596461Z,KXBTC15M-26OCT042330-30,0.0280,9.37,yes
2026-10-05T03:28:31.596461Z,KXBTC15M-26OCT042330-30,0.0280,16.65,yes
2026-10-05T03:28:31.677469Z,KXBTC15M-26OCT042330-30,0.0250,2.00,no
2026-10-05T03:28:31.677469Z,KXBTC15M-26OCT042330-30,0.0260,0.01,no
2026-10-05T03:28:31.677469Z,KXBTC15M-26OCT042330-30,0.0260,0.01,no
2026-10-05T03:28:31.677469Z,KXBTC15M-26OCT042330-30,0.0260,2.00,no
2026-10-05T03:28:31.677469Z,KXBTC15M-26OCT042330-30,0.0250,14.00,no
2026-10-05T03:28:31.677469Z,KXBTC15M-26OCT042330-30,0.0250,16.20,no
2026-10-05T03:28:31.677469Z,KXBTC15M-26OCT042330-30,0.0270,0.01,no
2026-10-05T03:28:31.775767Z,KXBTC15M-26OCT042330-30,0.0260,111.39,yes
2026-10-05T03:28:31.806024Z,KXBTC15M-26OCT042330-30,0.0260,109.00,yes
2026-10-05T03:28:31.807009Z,KXBTC15M-26OCT042330-30,0.0260,17.46,yes
2026-10-05T03:28:31.856125Z,KXBTC15M-26OCT042330-30,0.0250,236.48,no
2026-10-05T03:28:31.856125Z,KXBTC15M-26OCT042330-30,0.0250,387.34,no
2026-10-05T03:28:31.856125Z,KXBTC15M-26OCT042330-30,0.0250,400.00,no
2026-10-05T03:28:31.856125Z,KXBTC15M-26OCT042330-30,0.0250,0.01,no
2026-10-05T03:28:31.856125Z,KXBTC15M-26OCT042330-30,0.0250,0.01,no
2026-10-05T03:28:31.881219Z,KXBTC15M-26OCT042330-30,0.0260,20.05,yes
2026-10-05T03:28:31.881219Z,KXBTC15M-26OCT042330-30,0.0260,0.01,yes
2026-10-05T03:28:31.897359Z,KXBTC15M-26OCT042330-30,0.0260,167.19,yes
2026-10-05T03:28:31.944207Z,KXBTC15M-26OCT042330-30,0.0260,0.01,yes
2026-10-05T03:28:31.944207Z,KXBTC15M-26OCT042330-30,0.0270,24.00,yes
2026-10-05T03:28:31.944207Z,KXBTC15M-26OCT042330-30,0.0270,4.42,yes
2026-10-05T03:28:31.944207Z,KXBTC15M-26OCT042330-30,0.0260,0.01,yes
2026-10-05T03:28:31.944207Z,KXBTC15M-26OCT042330-30,0.0270,60.00,yes
2026-10-05T03:28:31.944207Z,KXBTC15M-26OCT042330-30,0.0270,18.00,yes
2026-10-05T03:28:31.959316Z,KXBTC15M-26OCT042330-30,0.0270,10.00,yes
2026-10-05T03:28:31.959316Z,KXBTC15M-26OCT042330-30,0.0270,0.01,yes
2026-10-05T03:28:31.959316Z,KXBTC15M-26OCT042330-30,0.0270,221.53,yes
2026-10-05T03:28:31.959316Z,KXBTC15M-26OCT042330-30,0.0270,500.00,yes
2026-10-05T03:28:31.98666Z,KXBTC15M-26OCT042330-30,0.0270,0.01,yes
2026-10-05T03:28:31.98666Z,KXBTC15M-26OCT042330-30,0.0270,30.79,yes
2026-10-05T03:28:32.030372Z,KXBTC15M-26OCT042330-30,0.0290,45.52,yes
2026-10-05T03:28:32.030372Z,KXBTC15M-26OCT042330-30,0.0270,0.01,yes
2026-10-05T03:28:32.030372Z,KXBTC15M-26OCT042330-30,0.0270,10.00,yes
2026-10-05T03:28:32.030372Z,KXBTC15M-26OCT042330-30,0.0270,0.01,yes
2026-10-05T03:28:32.048056Z,KXBTC15M-26OCT042330-30,0.0270,8.55,no
2026-10-05T03:28:32.072858Z,KXBTC15M-26OCT042330-30,0.0290,52.04,yes
2026-10-05T03:28:32.08104Z,KXBTC15M-26OCT042330-30,0.0290,3.52,yes
2026-10-05T03:28:32.129978Z,KXBTC15M-26OCT042330-30,0.0290,1.08,yes
2026-10-05T03:28:32.140091Z,KXBTC15M-26OCT042330-30,0.0290,22.53,yes
2026-10-05T03:28:32.182438Z,KXBTC15M-26OCT042330-30,0.0290,0.54,yes
2026-10-05T03:28:32.199053Z,KXBTC15M-26OCT042330-30,0.0280,29.68,no
2026-10-05T03:28:32.21131Z,KXBTC15M-26OCT042330-30,0.0290,47.20,yes
2026-10-05T03:28:32.222449Z,KXBTC15M-26OCT042330-30,0.0280,0.45,no
2026-10-05T03:28:32.228245Z,KXBTC15M-26OCT042330-30,0.0280,2.89,no
2026-10-05T03:28:32.253521Z,KXBTC15M-26OCT042330-30,0.0280,11.26,no
2026-10-05T03:28:32.280721Z,KXBTC15M-26OCT042330-30,0.0290,874.57,yes
2026-10-05T03:28:32.280721Z,KXBTC15M-26OCT042330-30,0.0290,395.22,yes
2026-10-05T03:28:32.289256Z,KXBTC15M-26OCT042330-30,0.0290,28.51,yes
2026-10-05T03:28:32.308215Z,KXBTC15M-26OCT042330-30,0.0290,1.14,yes
2026-10-05T03:28:32.324261Z,KXBTC15M-26OCT042330-30,0.0280,19.92,no
2026-10-05T03:28:32.359605Z,KXBTC15M-26OCT042330-30,0.0280,71.66,no
2026-10-05T03:28:32.373268Z,KXBTC15M-26OCT042330-30,0.0280,0.01,no
2026-10-05T03:28:32.373268Z,KXBTC15M-26OCT042330-30,0.0280,1.94,no
2026-10-05T03:28:32.373268Z,KXBTC15M-26OCT042330-30,0.0280,0.01,no
2026-10-05T03:28:32.382024Z,KXBTC15M-26OCT042330-30,0.0310,156.49,yes
2026-10-05T03:28:32.382024Z,KXBTC15M-26OCT042330-30,0.0300,93.75,yes
2026-10-05T03:28:32.382024Z,KXBTC15M-26OCT042330-30,0.0300,93.75,yes
2026-10-05T03:28:32.382024Z,KXBTC15M-26OCT042330-30,0.0300,15.00,yes
2026-10-05T03:28:32.382024Z,KXBTC15M-26OCT042330-30,0.0300,11.00,yes
2026-10-05T03:28:32.382024Z,KXBTC15M-26OCT042330-30,0.0290,30.00,yes
2026-10-05T03:28:32.382024Z,KXBTC15M-26OCT042330-30,0.0290,24.00,yes
2026-10-05T03:28:32.382024Z,KXBTC15M-26OCT042330-30,0.0290,0.01,yes
2026-10-05T03:28:32.382024Z,KXBTC15M-26OCT042330-30,0.0290,0.01,yes
2026-10-05T03:28:32.382024Z,KXBTC15M-26OCT042330-30,0.0290,48.00,yes
2026-10-05T03:28:32.382024Z,KXBTC15M-26OCT042330-30,0.0290,200.00,yes
2026-10-05T03:28:32.382024Z,KXBTC15M-26OCT042330-30,0.0300,200.00,yes
2026-10-05T03:28:32.382024Z,KXBTC15M-26OCT042330-30,0.0290,12.00,yes
2026-10-05T03:28:32.382024Z,KXBTC15M-26OCT042330-30,0.0290,48.00,yes
2026-10-05T03:28:32.382024Z,KXBTC15M-26OCT042330-30,0.0290,6.00,yes
2026-10-05T03:28:32.382024Z,KXBTC15M-26OCT042330-30,0.0290,12.00,yes
2026-10-05T03:28:32.395714Z,KXBTC15M-26OCT042330-30,0.0280,16.41,no
2026-10-05T03:28:32.42326Z,KXBTC15M-26OCT042330-30,0.0290,0.01,yes
2026-10-05T03:28:32.42326Z,KXBTC15M-26OCT042330-30,0.0300,50.35,yes
2026-10-05T03:28:32.42326Z,KXBTC15M-26OCT042330-30,0.0290,0.01,yes
2026-10-05T03:28:32.42515Z,KXBTC15M-26OCT042330-30,0.0280,50.00,no
2026-10-05T03:28:32.430469Z,KXBTC15M-26OCT042330-30,0.0300,3.16,yes
2026-10-05T03:28:32.457121Z,KXBTC15M-26OCT042330-30,0.0280,47.53,no
2026-10-05T03:28:32.551382Z,KXBTC15M-26OCT042330-30,0.0290,0.21,yes
2026-10-05T03:28:32.571872Z,KXBTC15M-26OCT042330-30,0.0290,8.07,yes
2026-10-05T03:28:32.576627Z,KXBTC15M-26OCT042330-30,0.0290,2.90,yes
2026-10-05T03:28:32.593476Z,KXBTC15M-26OCT042330-30,0.0290,0.05,yes
2026-10-05T03:28:32.593476Z,KXBTC15M-26OCT042330-30,0.0290,0.01,yes
2026-10-05T03:28:32.593476Z,KXBTC15M-26OCT042330-30,0.0290,0.01,yes
2026-10-05T03:28:32.597548Z,KXBTC15M-26OCT042330-30,0.0290,0.79,yes
2026-10-05T03:28:32.620543Z,KXBTC15M-26OCT042330-30,0.0280,34.12,no
2026-10-05T03:28:32.620543Z,KXBTC15M-26OCT042330-30,0.0280,168.88,no
2026-10-05T03:28:32.656825Z,KXBTC15M-26OCT042330-30,0.0280,4.10,no
2026-10-05T03:28:32.672993Z,KXBTC15M-26OCT042330-30,0.0280,10.26,no
2026-10-05T03:28:32.689068Z,KXBTC15M-26OCT042330-30,0.0290,0.01,yes
2026-10-05T03:28:32.689068Z,KXBTC15M-26OCT042330-30,0.0300,18.76,yes
2026-10-05T03:28:32.689068Z,KXBTC15M-26OCT042330-30,0.0290,0.01,yes
2026-10-05T03:28:32.708324Z,KXBTC15M-26OCT042330-30,0.0280,5.13,no
2026-10-05T03:28:32.916784Z,KXBTC15M-26OCT042330-30,0.0280,201.76,no
2026-10-05T03:28:32.916784Z,KXBTC15M-26OCT042330-30,0.0280,311.63,no
2026-10-05T03:28:32.986561Z,KXBTC15M-26OCT042330-30,0.0290,0.01,yes
2026-10-05T03:28:32.986561Z,KXBTC15M-26OCT042330-30,0.0290,0.01,yes
2026-10-05T03:28:32.986561Z,KXBTC15M-26OCT042330-30,0.0290,23.26,yes
2026-10-05T03:28:33.01474Z,KXBTC15M-26OCT042330-30,0.0290,0.01,yes
2026-10-05T03:28:33.01474Z,KXBTC15M-26OCT042330-30,0.0290,0.01,yes
2026-10-05T03:28:33.01474Z,KXBTC15M-26OCT042330-30,0.0290,9.98,yes
2026-10-05T03:28:33.0252Z,KXBTC15M-26OCT042330-30,0.0290,0.01,yes
2026-10-05T03:28:33.0252Z,KXBTC15M-26OCT042330-30,0.0290,0.01,yes
2026-10-05T03:28:33.031046Z,KXBTC15M-26OCT042330-30,0.0280,0.01,no
2026-10-05T03:28:33.031046Z,KXBTC15M-26OCT042330-30,0.0280,7.23,no
2026-10-05T03:28:33.031046Z,KXBTC15M-26OCT042330-30,0.0280,0.01,no
2026-10-05T03:28:33.031656Z,KXBTC15M-26OCT042330-30,0.0290,0.01,yes
2026-10-05T03:28:33.031656Z,KXBTC15M-26OCT042330-30,0.0290,0.01,yes
2026-10-05T03:28:33.031656Z,KXBTC15M-26OCT042330-30,0.0300,83.24,yes
2026-10-05T03:28:33.031656Z,KXBTC15M-26OCT042330-30,0.0300,54.00,yes
2026-10-05T03:28:33.031656Z,KXBTC15M-26OCT042330-30,0.0290,12.00,yes
2026-10-05T03:28:33.031656Z,KXBTC15M-26OCT042330-30,0.0300,145.37,yes
2026-10-05T03:28:33.031656Z,KXBTC15M-26OCT042330-30,0.0300,314.22,yes
2026-10-05T03:28:33.092738Z,KXBTC15M-26OCT042330-30,0.0290,0.01,yes
2026-10-05T03:28:33.092738Z,KXBTC15M-26OCT042330-30,0.0300,1.05,yes
2026-10-05T03:28:33.092738Z,KXBTC15M-26OCT042330-30,0.0290,0.01,yes
2026-10-05T03:28:33.12287Z,KXBTC15M-26OCT042330-30,0.0290,0.01,yes
2026-10-05T03:28:33.12287Z,KXBTC15M-26OCT042330-30,0.0290,0.01,yes
2026-10-05T03:28:33.126802Z,KXBTC15M-26OCT042330-30,0.0280,150.00,no
2026-10-05T03:28:33.126802Z,KXBTC15M-26OCT042330-30,0.0280,500.00,no
2026-10-05T03:28:33.126802Z,KXBTC15M-26OCT042330-30,0.0280,0.01,no
2026-10-05T03:28:33.126802Z,KXBTC15M-26OCT042330-30,0.0280,0.01,no
2026-10-05T03:28:33.126802Z,KXBTC15M-26OCT042330-30,0.0280,500.00,no
2026-10-05T03:28:33.126802Z,KXBTC15M-26OCT042330-30,0.0280,16.02,no
2026-10-05T03:28:33.126802Z,KXBTC15M-26OCT042330-30,0.0280,310.86,no
2026-10-05T03:28:33.13736Z,KXBTC15M-26OCT042330-30,0.0300,96.58,yes
2026-10-05T03:28:33.13736Z,KXBTC15M-26OCT042330-30,0.0300,0.01,yes
2026-10-05T03:28:33.13736Z,KXBTC15M-26OCT042330-30,0.0300,0.01,yes
2026-10-05T03:28:33.157426Z,KXBTC15M-26OCT042330-30,0.0300,93.75,yes
2026-10-05T03:28:33.157426Z,KXBTC15M-26OCT042330-30,0.0300,11.00,yes
2026-10-05T03:28:33.157426Z,KXBTC15M-26OCT042330-30,0.0300,0.01,yes
2026-10-05T03:28:33.157426Z,KXBTC15M-26OCT042330-30,0.0300,0.01,yes
2026-10-05T03:28:33.157426Z,KXBTC15M-26OCT042330-30,0.0300,93.75,yes
2026-10-05T03:28:33.157426Z,KXBTC15M-26OCT042330-30,0.0300,3.42,yes
2026-10-05T03:28:33.157426Z,KXBTC15M-26OCT042330-30,0.0300,15.00,yes
2026-10-05T03:28:33.157426Z,KXBTC15M-26OCT042330-30,0.0310,639.19,yes
2026-10-05T03:28:33.171486Z,KXBTC15M-26OCT042330-30,0.0290,1.02,no
2026-10-05T03:28:33.177101Z,KXBTC15M-26OCT042330-30,0.0290,1.04,no
2026-10-05T03:28:33.18431Z,KXBTC15M-26OCT042330-30,0.0290,1.06,no
2026-10-05T03:28:33.18861Z,KXBTC15M-26OCT042330-30,0.0290,0.01,no
2026-10-05T03:28:33.18861Z,KXBTC15M-26OCT042330-30,0.0290,0.01,no
2026-10-05T03:28:33.193345Z,KXBTC15M-26OCT042330-30,0.0290,41.80,no
2026-10-05T03:28:33.211644Z,KXBTC15M-26OCT042330-30,0.0300,0.01,yes
2026-10-05T03:28:33.211644Z,KXBTC15M-26OCT042330-30,0.0300,30.91,yes
2026-10-05T03:28:33.221045Z,KXBTC15M-26OCT042330-30,0.0300,0.96,yes
2026-10-05T03:28:33.244257Z,KXBTC15M-26OCT042330-30,0.0300,53.07,yes
2026-10-05T03:28:33.252227Z,KXBTC15M-26OCT042330-30,0.0290,37.00,no
2026-10-05T03:28:33.299629Z,KXBTC15M-26OCT042330-30,0.0300,86.97,yes
2026-10-05T03:28:33.301209Z,KXBTC15M-26OCT042330-30,0.0300,1.08,yes
2026-10-05T03:28:33.315095Z,KXBTC15M-26OCT042330-30,0.0290,31.18,no
2026-10-05T03:28:33.329968Z,KXBTC15M-26OCT042330-30,0.0290,25.66,no
2026-10-05T03:28:33.35066Z,KXBTC15M-26OCT042330-30,0.0290,0.39,no
2026-10-05T03:28:33.395555Z,KXBTC15M-26OCT042330-30,0.0290,42.80,no
2026-10-05T03:28:33.400712Z,KXBTC15M-26OCT042330-30,0.0290,10.17,no
2026-10-05T03:28:33.400712Z,KXBTC15M-26OCT042330-30,0.0290,0.01,no
2026-10-05T03:28:33.400712Z,KXBTC15M-26OCT042330-30,0.0290,0.01,no
2026-10-05T03:28:33.400712Z,KXBTC15M-26OCT042330-30,0.0280,10.00,no
2026-10-05T03:28:33.400712Z,KXBTC15M-26OCT042330-30,0.0280,22.62,no
2026-10-05T03:28:33.401879Z,KXBTC15M-26OCT042330-30,0.0280,100.00,no
2026-10-05T03:28:33.417616Z,KXBTC15M-26OCT042330-30,0.0300,0.01,yes
2026-10-05T03:28:33.417616Z,KXBTC15M-26OCT042330-30,0.0300,3.72,yes
2026-10-05T03:28:33.417616Z,KXBTC15M-26OCT042330-30,0.0300,27.01,yes
2026-10-05T03:28:33.435353Z,KXBTC15M-26OCT042330-30,0.0300,6.24,yes
2026-10-05T03:28:33.445052Z,KXBTC15M-26OCT042330-30,0.0300,90.04,yes
2026-10-05T03:28:33.445052Z,KXBTC15M-26OCT042330-30,0.0300,99.00,yes
2026-10-05T03:28:33.445052Z,KXBTC15M-26OCT042330-30,0.0300,400.00,yes
2026-10-05T03:28:33.445052Z,KXBTC15M-26OCT042330-30,0.0300,0.01,yes
2026-10-05T03:28:33.445052Z,KXBTC15M-26OCT042330-30,0.0300,29.10,yes
2026-10-05T03:28:33.453307Z,KXBTC15M-26OCT042330-30,0.0300,93.75,yes
2026-10-05T03:28:33.453307Z,KXBTC15M-26OCT042330-30,0.0300,0.01,yes
2026-10-05T03:28:33.453307Z,KXBTC15M-26OCT042330-30,0.0300,15.00,yes
2026-10-05T03:28:33.453307Z,KXBTC15M-26OCT042330-30,0.0300,93.75,yes
2026-10-05T03:28:33.453307Z,KXBTC15M-26OCT042330-30,0.0300,107.74,yes
2026-10-05T03:28:33.453307Z,KXBTC15M-26OCT042330-30,0.0300,1.00,yes
2026-10-05T03:28:33.453307Z,KXBTC15M-26OCT042330-30,0.0300,1.00,yes
2026-10-05T03:28:33.465184Z,KXBTC15M-26OCT042330-30,0.0300,31.57,yes
2026-10-05T03:28:33.465184Z,KXBTC15M-26OCT042330-30,0.0300,77.11,yes
2026-10-05T03:28:33.46522Z,KXBTC15M-26OCT042330-30,0.0300,6.24,yes
2026-10-05T03:28:33.477157Z,KXBTC15M-26OCT042330-30,0.0280,0.01,no
2026-10-05T03:28:33.477157Z,KXBTC15M-26OCT042330-30,0.0290,0.01,no
2026-10-05T03:28:33.477157Z,KXBTC15M-26OCT042330-30,0.0280,10.00,no
2026-10-05T03:28:33.477157Z,KXBTC15M-26OCT042330-30,0.0290,0.01,no
2026-10-05T03:28:33.477157Z,KXBTC15M-26OCT042330-30,0.0280,0.01,no
2026-10-05T03:28:33.479829Z,KXBTC15M-26OCT042330-30,0.0300,62.19,yes
2026-10-05T03:28:33.479829Z,KXBTC15M-26OCT042330-30,0.0300,0.22,yes
2026-10-05T03:28:33.479829Z,KXBTC15M-26OCT042330-30,0.0300,0.01,yes
2026-10-05T03:28:33.481365Z,KXBTC15M-26OCT042330-30,0.0300,3.12,yes
2026-10-05T03:28:33.509338Z,KXBTC15M-26OCT042330-30,0.0290,51.33,no
2026-10-05T03:28:33.510837Z,KXBTC15M-26OCT042330-30,0.0290,1.09,no
2026-10-05T03:28:33.513307Z,KXBTC15M-26OCT042330-30,0.0290,5.28,no
2026-10-05T03:28:33.516605Z,KXBTC15M-26OCT042330-30,0.0290,1.10,no
2026-10-05T03:28:33.523125Z,KXBTC15M-26OCT042330-30,0.0290,1.12,no
2026-10-05T03:28:33.529157Z,KXBTC15M-26OCT042330-30,0.0290,1.12,no
2026-10-05T03:28:33.530436Z,KXBTC15M-26OCT042330-30,0.0300,30.74,yes
2026-10-05T03:28:33.535129Z,KXBTC15M-26OCT042330-30,0.0290,1.16,no
2026-10-05T03:28:33.539688Z,KXBTC15M-26OCT042330-30,0.0290,1.17,no
2026-10-05T03:28:33.54169Z,KXBTC15M-26OCT042330-30,0.0290,602.85,no
2026-10-05T03:28:33.546382Z,KXBTC15M-26OCT042330-30,0.0290,1.20,no
2026-10-05T03:28:33.550681Z,KXBTC15M-26OCT042330-30,0.0290,1.22,no
2026-10-05T03:28:33.555306Z,KXBTC15M-26OCT042330-30,0.0290,1.22,no
2026-10-05T03:28:33.561982Z,KXBTC15M-26OCT042330-30,0.0290,1.24,no
2026-10-05T03:28:33.568091Z,KXBTC15M-26OCT042330-30,0.0290,1.27,no
2026-10-05T03:28:33.568378Z,KXBTC15M-26OCT042330-30,0.0290,427.88,no
2026-10-05T03:28:33.572282Z,KXBTC15M-26OCT042330-30,0.0290,1.27,no
2026-10-05T03:28:33.578178Z,KXBTC15M-26OCT042330-30,0.0290,1.29,no
2026-10-05T03:28:33.582706Z,KXBTC15M-26OCT042330-30,0.0290,1.31,no
2026-10-05T03:28:33.589009Z,KXBTC15M-26OCT042330-30,0.0290,1.32,no
2026-10-05T03:28:33.593299Z,KXBTC15M-26OCT042330-30,0.0290,1.34,no
2026-10-05T03:28:33.598405Z,KXBTC15M-26OCT042330-30,0.0290,1.36,no
2026-10-05T03:28:33.603448Z,KXBTC15M-26OCT042330-30,0.0290,1.37,no
2026-10-05T03:28:33.608474Z,KXBTC15M-26OCT042330-30,0.0300,111.12,yes
2026-10-05T03:28:33.608974Z,KXBTC15M-26OCT042330-30,0.0290,1.39,no
2026-10-05T03:28:33.614768Z,KXBTC15M-26OCT042330-30,0.0290,1.41,no
2026-10-05T03:28:33.619272Z,KXBTC15M-26OCT042330-30,0.0290,1.43,no
2026-10-05T03:28:33.625211Z,KXBTC15M-26OCT042330-30,0.0290,1.46,no
2026-10-05T03:28:33.631201Z,KXBTC15M-26OCT042330-30,0.0290,1.46,no
2026-10-05T03:28:33.637107Z,KXBTC15M-26OCT042330-30,0.0290,1.48,no
2026-10-05T03:28:33.641849Z,KXBTC15M-26OCT042330-30,0.0290,1.50,no
2026-10-05T03:28:33.645172Z,KXBTC15M-26OCT042330-30,0.0290,350.00,no
2026-10-05T03:28:33.646914Z,KXBTC15M-26OCT042330-30,0.0290,1.52,no
2026-10-05T03:28:33.652909Z,KXBTC15M-26OCT042330-30,0.0290,1.55,no
2026-10-05T03:28:33.657617Z,KXBTC15M-26OCT042330-30,0.0290,1.55,no
2026-10-05T03:28:33.662084Z,KXBTC15M-26OCT042330-30,0.0290,1.57,no
2026-10-05T03:28:33.667394Z,KXBTC15M-26OCT042330-30,0.0290,1.60,no
2026-10-05T03:28:33.67079Z,KXBTC15M-26OCT042330-30,0.0300,31.21,yes
2026-10-05T03:28:33.675866Z,KXBTC15M-26OCT042330-30,0.0300,17.69,yes
2026-10-05T03:28:33.676289Z,KXBTC15M-26OCT042330-30,0.0290,1.62,no
2026-10-05T03:28:33.682805Z,KXBTC15M-26OCT042330-30,0.0290,1.64,no
2026-10-05T03:28:33.687267Z,KXBTC15M-26OCT042330-30,0.0290,1.66,no
2026-10-05T03:28:33.693999Z,KXBTC15M-26OCT042330-30,0.0300,12.04,yes
2026-10-05T03:28:33.69419Z,KXBTC15M-26OCT042330-30,0.0290,1.68,no
2026-10-05T03:28:33.702001Z,KXBTC15M-26OCT042330-30,0.0290,1.68,no
2026-10-05T03:28:33.708652Z,KXBTC15M-26OCT042330-30,0.0290,1.71,no
2026-10-05T03:28:33.709479Z,KXBTC15M-26OCT042330-30,0.0300,31.21,yes
2026-10-05T03:28:33.712389Z,KXBTC15M-26OCT042330-30,0.0300,0.88,yes
2026-10-05T03:28:33.714001Z,KXBTC15M-26OCT042330-30,0.0290,1.74,no
2026-10-05T03:28:33.719574Z,KXBTC15M-26OCT042330-30,0.0300,93.64,yes
2026-10-05T03:28:33.725965Z,KXBTC15M-26OCT042330-30,0.0290,1.77,no
2026-10-05T03:28:33.733832Z,KXBTC15M-26OCT042330-30,0.0290,1.81,no
2026-10-05T03:28:33.738701Z,KXBTC15M-26OCT042330-30,0.0290,1.81,no
2026-10-05T03:28:33.745334Z,KXBTC15M-26OCT042330-30,0.0290,1.85,no
2026-10-05T03:28:33.750376Z,KXBTC15M-26OCT042330-30,0.0290,1.85,no
2026-10-05T03:28:33.756225Z,KXBTC15M-26OCT042330-30,0.0290,1.88,no
2026-10-05T03:28:33.762239Z,KXBTC15M-26OCT042330-30,0.0290,1.88,no
2026-10-05T03:28:33.766409Z,KXBTC15M-26OCT042330-30,0.0300,68.13,yes
2026-10-05T03:28:33.766409Z,KXBTC15M-26OCT042330-30,0.0300,25.50,yes
2026-10-05T03:28:33.766409Z,KXBTC15M-26OCT042330-30,0.0300,0.01,yes
2026-10-05T03:28:33.767444Z,KXBTC15M-26OCT042330-30,0.0290,1.91,no
2026-10-05T03:28:33.772071Z,KXBTC15M-26OCT042330-30,0.0290,1.92,no
2026-10-05T03:28:33.777918Z,KXBTC15M-26OCT042330-30,0.0290,1.94,no
2026-10-05T03:28:33.781557Z,KXBTC15M-26OCT042330-30,0.0290,4.51,no
2026-10-05T03:28:33.783795Z,KXBTC15M-26OCT042330-30,0.0290,1.96,no
2026-10-05T03:28:33.789111Z,KXBTC15M-26OCT042330-30,0.0290,1.99,no
2026-10-05T03:28:33.796004Z,KXBTC15M-26OCT042330-30,0.0290,2.01,no
2026-10-05T03:28:33.79947Z,KXBTC15M-26OCT042330-30,0.0300,2.00,yes
2026-10-05T03:28:33.79947Z,KXBTC15M-26OCT042330-30,0.0300,74.50,yes
2026-10-05T03:28:33.79947Z,KXBTC15M-26OCT042330-30,0.0300,0.01,yes
2026-10-05T03:28:33.79947Z,KXBTC15M-26OCT042330-30,0.0300,2.00,yes
2026-10-05T03:28:33.79947Z,KXBTC15M-26OCT042330-30,0.0300,97.00,yes
2026-10-05T03:28:33.79947Z,KXBTC15M-26OCT042330-30,0.0300,136.61,yes
2026-10-05T03:28:33.79947Z,KXBTC15M-26OCT042330-30,0.0300,0.01,yes
2026-10-05T03:28:33.80041Z,KXBTC15M-26OCT042330-30,0.0290,2.01,no
2026-10-05T03:28:33.805425Z,KXBTC15M-26OCT042330-30,0.0290,2.04,no
2026-10-05T03:28:33.807581Z,KXBTC15M-26OCT042330-30,0.0300,31.21,yes
2026-10-05T03:28:33.812265Z,KXBTC15M-26OCT042330-30,0.0290,2.07,no
2026-10-05T03:28:33.818117Z,KXBTC15M-26OCT042330-30,0.0290,2.07,no
2026-10-05T03:28:33.82043Z,KXBTC15M-26OCT042330-30,0.0290,25.67,no
2026-10-05T03:28:33.821056Z,KXBTC15M-26OCT042330-30,0.0290,1.00,no
2026-10-05T03:28:33.82496Z,KXBTC15M-26OCT042330-30,0.0290,2.11,no
2026-10-05T03:28:33.829773Z,KXBTC15M-26OCT042330-30,0.0290,2.12,no
2026-10-05T03:28:33.835672Z,KXBTC15M-26OCT042330-30,0.0290,2.12,no
2026-10-05T03:28:33.839446Z,KXBTC15M-26OCT042330-30,0.0300,0.01,yes
2026-10-05T03:28:33.839446Z,KXBTC15M-26OCT042330-30,0.0300,77.98,yes
2026-10-05T03:28:33.839446Z,KXBTC15M-26OCT042330-30,0.0300,0.01,yes
2026-10-05T03:28:33.842225Z,KXBTC15M-26OCT042330-30,0.0290,2.15,no
2026-10-05T03:28:33.850223Z,KXBTC15M-26OCT042330-30,0.0290,2.18,no
2026-10-05T03:28:33.855935Z,KXBTC15M-26OCT042330-30,0.0290,2.21,no
2026-10-05T03:28:33.862878Z,KXBTC15M-26OCT042330-30,0.0290,2.21,no
2026-10-05T03:28:33.867328Z,KXBTC15M-26OCT042330-30,0.0290,2.25,no
2026-10-05T03:28:33.873428Z,KXBTC15M-26OCT042330-30,0.0300,1.07,yes
2026-10-05T03:28:33.873428Z,KXBTC15M-26OCT042330-30,0.0300,22.02,yes
2026-10-05T03:28:33.89162Z,KXBTC15M-26OCT042330-30,0.0300,187.28,yes
2026-10-05T03:28:33.897742Z,KXBTC15M-26OCT042330-30,0.0300,156.06,yes
2026-10-05T03:28:33.898582Z,KXBTC15M-26OCT042330-30,0.0300,29.76,yes
2026-10-05T03:28:33.925369Z,KXBTC15M-26OCT042330-30,0.0300,5.38,yes
2026-10-05T03:28:33.925369Z,KXBTC15M-26OCT042330-30,0.0300,25.83,yes
2026-10-05T03:28:33.963547Z,KXBTC15M-26OCT042330-30,0.0300,18.62,yes
2026-10-05T03:28:33.963547Z,KXBTC15M-26OCT042330-30,0.0300,6.03,yes
2026-10-05T03:28:33.987708Z,KXBTC15M-26OCT042330-30,0.0300,3.00,yes
2026-10-05T03:28:33.987708Z,KXBTC15M-26OCT042330-30,0.0330,2.00,yes
2026-10-05T03:28:33.987708Z,KXBTC15M-26OCT042330-30,0.0300,89.97,yes
2026-10-05T03:28:33.987708Z,KXBTC15M-26OCT042330-30,0.0340,5.00,yes
2026-10-05T03:28:33.987708Z,KXBTC15M-26OCT042330-30,0.0300,6.00,yes
2026-10-05T03:28:33.987708Z,KXBTC15M-26OCT042330-30,0.0300,0.01,yes
2026-10-05T03:28:33.987708Z,KXBTC15M-26OCT042330-30,0.0310,147.88,yes
2026-10-05T03:28:33.987708Z,KXBTC15M-26OCT042330-30,0.0300,0.01,yes
2026-10-05T03:28:33.987708Z,KXBTC15M-26OCT042330-30,0.0340,11.00,yes
2026-10-05T03:28:33.987708Z,KXBTC15M-26OCT042330-30,0.0330,2.00,yes
2026-10-05T03:28:33.987708Z,KXBTC15M-26OCT042330-30,0.0350,24.34,yes
2026-10-05T03:28:33.987708Z,KXBTC15M-26OCT042330-30,0.0310,2.00,yes
2026-10-05T03:28:33.987708Z,KXBTC15M-26OCT042330-30,0.0310,2.00,yes
2026-10-05T03:28:33.987708Z,KXBTC15M-26OCT042330-30,0.0320,2.00,yes
2026-10-05T03:28:33.987708Z,KXBTC15M-26OCT042330-30,0.0320,2.00,yes
2026-10-05T03:28:33.987708Z,KXBTC15M-26OCT042330-30,0.0330,37.00,yes
2026-10-05T03:28:33.994449Z,KXBTC15M-26OCT042330-30,0.0300,2.05,no
2026-10-05T03:28:33.999363Z,KXBTC15M-26OCT042330-30,0.0300,2.33,no
2026-10-05T03:28:34.035398Z,KXBTC15M-26OCT042330-30,0.0300,0.01,no
2026-10-05T03:28:34.035398Z,KXBTC15M-26OCT042330-30,0.0300,0.01,no
2026-10-05T03:28:34.035398Z,KXBTC15M-26OCT042330-30,0.0300,92.60,no
2026-10-05T03:28:34.035398Z,KXBTC15M-26OCT042330-30,0.0300,497.67,no
2026-10-05T03:28:34.045611Z,KXBTC15M-26OCT042330-30,0.0300,2.04,no
2026-10-05T03:28:34.046147Z,KXBTC15M-26OCT042330-30,0.0330,0.01,yes
2026-10-05T03:28:34.046147Z,KXBTC15M-26OCT042330-30,0.0330,0.01,yes
2026-10-05T03:28:34.046147Z,KXBTC15M-26OCT042330-30,0.0330,7.04,yes
2026-10-05T03:28:34.081918Z,KXBTC15M-26OCT042330-30,0.0320,10.92,yes
2026-10-05T03:28:34.143763Z,KXBTC15M-26OCT042330-30,0.0300,0.01,no
2026-10-05T03:28:34.143763Z,KXBTC15M-26OCT042330-30,0.0300,0.01,no
2026-10-05T03:28:34.143763Z,KXBTC15M-26OCT042330-30,0.0270,20.11,no
2026-10-05T03:28:34.157837Z,KXBTC15M-26OCT042330-30,0.0280,3.11,no
2026-10-05T03:28:34.215665Z,KXBTC15M-26OCT042330-30,0.0310,0.01,no
2026-10-05T03:28:34.215665Z,KXBTC15M-26OCT042330-30,0.0310,0.01,no
2026-10-05T03:28:34.215665Z,KXBTC15M-26OCT042330-30,0.0270,10.08,no
2026-10-05T03:28:34.235469Z,KXBTC15M-26OCT042330-30,0.0320,0.01,yes
2026-10-05T03:28:34.235469Z,KXBTC15M-26OCT042330-30,0.0320,10.66,yes
2026-10-05T03:28:34.235469Z,KXBTC15M-26OCT042330-30,0.0320,0.01,yes
2026-10-05T03:28:34.276713Z,KXBTC15M-26OCT042330-30,0.0310,0.01,no
2026-10-05T03:28:34.276713Z,KXBTC15M-26OCT042330-30,0.0310,0.01,no
2026-10-05T03:28:34.276713Z,KXBTC15M-26OCT042330-30,0.0270,1.98,no
2026-10-05T03:28:34.282945Z,KXBTC15M-26OCT042330-30,0.0270,133.94,no
2026-10-05T03:28:34.282945Z,KXBTC15M-26OCT042330-30,0.0310,379.94,no
2026-10-05T03:28:34.284702Z,KXBTC15M-26OCT042330-30,0.0320,12.58,yes
2026-10-05T03:28:34.288217Z,KXBTC15M-26OCT042330-30,0.0270,64.65,no
2026-10-05T03:28:34.322755Z,KXBTC15M-26OCT042330-30,0.0320,76.76,yes
2026-10-05T03:28:34.322755Z,KXBTC15M-26OCT042330-30,0.0320,65.15,yes
2026-10-05T03:28:34.32304Z,KXBTC15M-26OCT042330-30,0.0320,105.41,yes
2026-10-05T03:28:34.354821Z,KXBTC15M-26OCT042330-30,0.0320,52.68,yes
2026-10-05T03:28:34.366999Z,KXBTC15M-26OCT042330-30,0.0310,0.01,no
2026-10-05T03:28:34.366999Z,KXBTC15M-26OCT042330-30,0.0310,0.01,no
2026-10-05T03:28:34.366999Z,KXBTC15M-26OCT042330-30,0.0280,17.15,no
2026-10-05T03:28:34.379902Z,KXBTC15M-26OCT042330-30,0.0320,77.19,yes
2026-10-05T03:28:34.421706Z,KXBTC15M-26OCT042330-30,0.0320,2.83,yes
2026-10-05T03:28:34.462763Z,KXBTC15M-26OCT042330-30,0.0320,58.53,yes
2026-10-05T03:28:34.50556Z,KXBTC15M-26OCT042330-30,0.0320,16.64,yes
2026-10-05T03:28:34.50556Z,KXBTC15M-26OCT042330-30,0.0320,129.69,yes
2026-10-05T03:28:34.53492Z,KXBTC15M-26OCT042330-30,0.0280,41.81,no
2026-10-05T03:28:34.610797Z,KXBTC15M-26OCT042330-30,0.0300,28.38,yes
2026-10-05T03:28:34.625351Z,KXBTC15M-26OCT042330-30,0.0280,111.99,no
2026-10-05T03:28:34.625351Z,KXBTC15M-26OCT042330-30,0.0280,137.04,no
2026-10-05T03:28:34.689846Z,KXBTC15M-26OCT042330-30,0.0320,12.00,yes
2026-10-05T03:28:34.689846Z,KXBTC15M-26OCT042330-30,0.0320,118.71,yes
2026-10-05T03:28:34.689846Z,KXBTC15M-26OCT042330-30,0.0290,0.01,yes
2026-10-05T03:28:34.689846Z,KXBTC15M-26OCT042330-30,0.0320,48.00,yes
2026-10-05T03:28:34.689846Z,KXBTC15M-26OCT042330-30,0.0310,186.00,yes
2026-10-05T03:28:34.689846Z,KXBTC15M-26OCT042330-30,0.0330,37.25,yes
2026-10-05T03:28:34.689846Z,KXBTC15M-26OCT042330-30,0.0300,0.01,yes
2026-10-05T03:28:34.689846Z,KXBTC15M-26OCT042330-30,0.0310,138.00,yes
2026-10-05T03:28:34.689846Z,KXBTC15M-26OCT042330-30,0.0290,0.01,yes
2026-10-05T03:28:34.689846Z,KXBTC15M-26OCT042330-30,0.0300,0.01,yes
2026-10-05T03:28:34.777588Z,KXBTC15M-26OCT042330-30,0.0310,0.01,yes
2026-10-05T03:28:34.777588Z,KXBTC15M-26OCT042330-30,0.0310,0.01,yes
2026-10-05T03:28:34.777588Z,KXBTC15M-26OCT042330-30,0.0310,100.00,yes
2026-10-05T03:28:34.777588Z,KXBTC15M-26OCT042330-30,0.0310,183.80,yes
2026-10-05T03:28:34.824769Z,KXBTC15M-26OCT042330-30,0.0310,29.26,yes
2026-10-05T03:28:34.929593Z,KXBTC15M-26OCT042330-30,0.0310,0.01,yes
2026-10-05T03:28:34.929593Z,KXBTC15M-26OCT042330-30,0.0310,0.01,yes
2026-10-05T03:28:34.929593Z,KXBTC15M-26OCT042330-30,0.0310,83.49,yes
2026-10-05T03:28:34.929593Z,KXBTC15M-26OCT042330-30,0.0310,186.94,yes
2026-10-05T03:28:34.942819Z,KXBTC15M-26OCT042330-30,0.0310,22.48,yes
2026-10-05T03:28:34.942819Z,KXBTC15M-26OCT042330-30,0.0310,0.01,yes
2026-10-05T03:28:34.942819Z,KXBTC15M-26OCT042330-30,0.0310,16.51,yes
2026-10-05T03:28:34.942819Z,KXBTC15M-26OCT042330-30,0.0310,0.01,yes
2026-10-05T03:28:34.953465Z,KXBTC15M-26OCT042330-30,0.0300,8.55,no
2026-10-05T03:28:34.98936Z,KXBTC15M-26OCT042330-30,0.0310,0.01,yes
2026-10-05T03:28:34.98936Z,KXBTC15M-26OCT042330-30,0.0310,14.61,yes
2026-10-05T03:28:34.98936Z,KXBTC15M-26OCT042330-30,0.0310,0.01,yes
2026-10-05T03:28:34.993611Z,KXBTC15M-26OCT042330-30,0.0310,29.26,yes
2026-10-05T03:28:34.999858Z,KXBTC15M-26OCT042330-30,0.0310,32.95,yes
2026-10-05T03:28:35.008442Z,KXBTC15M-26OCT042330-30,0.0310,58.53,yes
2026-10-05T03:28:35.016198Z,KXBTC15M-26OCT042330-30,0.0300,4.10,no
2026-10-05T03:28:35.023453Z,KXBTC15M-26OCT042330-30,0.0310,29.26,yes
2026-10-05T03:28:35.058017Z,KXBTC15M-26OCT042330-30,0.0300,52.10,no
2026-10-05T03:28:35.059659Z,KXBTC15M-26OCT042330-30,0.0310,21.00,yes
2026-10-05T03:28:35.083229Z,KXBTC15M-26OCT042330-30,0.0300,50.00,no
2026-10-05T03:28:35.123799Z,KXBTC15M-26OCT042330-30,0.0310,0.76,yes
2026-10-05T03:28:35.128707Z,KXBTC15M-26OCT042330-30,0.0300,6.80,no
2026-10-05T03:28:35.147127Z,KXBTC15M-26OCT042330-30,0.0310,58.62,yes
2026-10-05T03:28:35.156184Z,KXBTC15M-26OCT042330-30,0.0310,30.20,yes
2026-10-05T03:28:35.164064Z,KXBTC15M-26OCT042330-30,0.0300,26.26,no
2026-10-05T03:28:35.19674Z,KXBTC15M-26OCT042330-30,0.0300,35.19,no
2026-10-05T03:28:35.19674Z,KXBTC15M-26OCT042330-30,0.0300,170.56,no
2026-10-05T03:28:35.204441Z,KXBTC15M-26OCT042330-30,0.0300,3.08,no
2026-10-05T03:28:35.210536Z,KXBTC15M-26OCT042330-30,0.0300,1.00,no
2026-10-05T03:28:35.213826Z,KXBTC15M-26OCT042330-30,0.0300,42.09,no
2026-10-05T03:28:35.267279Z,KXBTC15M-26OCT042330-30,0.0310,65.52,yes
2026-10-05T03:28:35.280566Z,KXBTC15M-26OCT042330-30,0.0300,10.00,no
2026-10-05T03:28:35.28542Z,KXBTC15M-26OCT042330-30,0.0300,17.00,no
2026-10-05T03:28:35.28753Z,KXBTC15M-26OCT042330-30,0.0310,0.19,yes
2026-10-05T03:28:35.336602Z,KXBTC15M-26OCT042330-30,0.0300,54.31,no
2026-10-05T03:28:35.339436Z,KXBTC15M-26OCT042330-30,0.0300,87.44,no
2026-10-05T03:28:35.347584Z,KXBTC15M-26OCT042330-30,0.0310,48.05,yes
2026-10-05T03:28:35.347584Z,KXBTC15M-26OCT042330-30,0.0310,0.01,yes
2026-10-05T03:28:35.347584Z,KXBTC15M-26OCT042330-30,0.0310,0.01,yes
2026-10-05T03:28:35.347584Z,KXBTC15M-26OCT042330-30,0.0310,102.97,yes
2026-10-05T03:28:35.389004Z,KXBTC15M-26OCT042330-30,0.0300,61.72,no
2026-10-05T03:28:35.395878Z,KXBTC15M-26OCT042330-30,0.0310,69.32,yes
2026-10-05T03:28:35.395878Z,KXBTC15M-26OCT042330-30,0.0310,0.64,yes
2026-10-05T03:28:35.401065Z,KXBTC15M-26OCT042330-30,0.0300,0.01,no
2026-10-05T03:28:35.401065Z,KXBTC15M-26OCT042330-30,0.0300,0.01,no
2026-10-05T03:28:35.401065Z,KXBTC15M-26OCT042330-30,0.0300,0.11,no
2026-10-05T03:28:35.501237Z,KXBTC15M-26OCT042330-30,0.0310,47.87,yes
2026-10-05T03:28:35.577526Z,KXBTC15M-26OCT042330-30,0.0300,1.09,no
2026-10-05T03:28:35.595666Z,KXBTC15M-26OCT042330-30,0.0300,0.82,no
2026-10-05T03:28:35.622953Z,KXBTC15M-26OCT042330-30,0.0300,4.98,no
2026-10-05T03:28:35.622953Z,KXBTC15M-26OCT042330-30,0.0280,5.00,no
2026-10-05T03:28:35.622953Z,KXBTC15M-26OCT042330-30,0.0300,0.01,no
2026-10-05T03:28:35.622953Z,KXBTC15M-26OCT042330-30,0.0300,0.01,no
2026-10-05T03:28:35.622953Z,KXBTC15M-26OCT042330-30,0.0270,27.29,no
2026-10-05T03:28:35.637677Z,KXBTC15M-26OCT042330-30,0.0280,0.01,no
2026-10-05T03:28:35.637677Z,KXBTC15M-26OCT042330-30,0.0270,34.52,no
2026-10-05T03:28:35.637677Z,KXBTC15M-26OCT042330-30,0.0280,0.01,no
2026-10-05T03:28:35.642942Z,KXBTC15M-26OCT042330-30,0.0270,132.65,no
2026-10-05T03:28:35.642942Z,KXBTC15M-26OCT042330-30,0.0270,200.00,no
2026-10-05T03:28:35.642942Z,KXBTC15M-26OCT042330-30,0.0270,141.19,no
2026-10-05T03:28:35.648377Z,KXBTC15M-26OCT042330-30,0.0270,5.02,no
2026-10-05T03:28:35.648377Z,KXBTC15M-26OCT042330-30,0.0270,0.01,no
2026-10-05T03:28:35.654772Z,KXBTC15M-26OCT042330-30,0.0280,0.01,no
2026-10-05T03:28:35.654772Z,KXBTC15M-26OCT042330-30,0.0280,0.01,no
2026-10-05T03:28:35.654772Z,KXBTC15M-26OCT042330-30,0.0270,135.90,no
2026-10-05T03:28:35.654772Z,KXBTC15M-26OCT042330-30,0.0280,324.07,no
2026-10-05T03:28:35.654772Z,KXBTC15M-26OCT042330-30,0.0270,0.01,no
2026-10-05T03:28:35.703075Z,KXBTC15M-26OCT042330-30,0.0290,13.87,yes
2026-10-05T03:28:35.703075Z,KXBTC15M-26OCT042330-30,0.0290,0.01,yes
2026-10-05T03:28:35.703075Z,KXBTC15M-26OCT042330-30,0.0290,0.01,yes
2026-10-05T03:28:35.723967Z,KXBTC15M-26OCT042330-30,0.0290,0.01,yes
2026-10-05T03:28:35.723967Z,KXBTC15M-26OCT042330-30,0.0290,0.01,yes
2026-10-05T03:28:35.723967Z,KXBTC15M-26OCT042330-30,0.0290,30.00,yes
2026-10-05T03:28:35.723967Z,KXBTC15M-26OCT042330-30,0.0300,17.51,yes
2026-10-05T03:28:35.723967Z,KXBTC15M-26OCT042330-30,0.0290,12.00,yes
2026-10-05T03:28:35.755976Z,KXBTC15M-26OCT042330-30,0.0290,30.20,yes
2026-10-05T03:28:35.757835Z,KXBTC15M-26OCT042330-30,0.0300,0.01,yes
2026-10-05T03:28:35.757835Z,KXBTC15M-26OCT042330-30,0.0290,0.01,yes
2026-10-05T03:28:35.757835Z,KXBTC15M-26OCT042330-30,0.0300,204.49,yes
2026-10-05T03:28:35.757835Z,KXBTC15M-26OCT042330-30,0.0300,9.61,yes
2026-10-05T03:28:35.757835Z,KXBTC15M-26OCT042330-30,0.0290,65.80,yes
2026-10-05T03:28:35.757835Z,KXBTC15M-26OCT042330-30,0.0290,12.00,yes
2026-10-05T03:28:35.757835Z,KXBTC15M-26OCT042330-30,0.0300,0.01,yes
2026-10-05T03:28:35.757835Z,KXBTC15M-26OCT042330-30,0.0290,0.01,yes
2026-10-05T03:28:35.757835Z,KXBTC15M-26OCT042330-30,0.0290,6.00,yes
2026-10-05T03:28:35.774873Z,KXBTC15M-26OCT042330-30,0.0290,0.01,yes
2026-10-05T03:28:35.774873Z,KXBTC15M-26OCT042330-30,0.0290,5.51,yes
2026-10-05T03:28:35.774873Z,KXBTC15M-26OCT042330-30,0.0290,0.01,yes
2026-10-05T03:28:35.777813Z,KXBTC15M-26OCT042330-30,0.0290,144.55,yes
2026-10-05T03:28:35.777813Z,KXBTC15M-26OCT042330-30,0.0290,6.49,yes
2026-10-05T03:28:35.820177Z,KXBTC15M-26OCT042330-30,0.0290,26.59,yes
2026-10-05T03:28:35.83632Z,KXBTC15M-26OCT042330-30,0.0290,2.71,yes
2026-10-05T03:28:35.86238Z,KXBTC15M-26OCT042330-30,0.0280,0.01,no
2026-10-05T03:28:35.86238Z,KXBTC15M-26OCT042330-30,0.0280,0.01,no
2026-10-05T03:28:35.86238Z,KXBTC15M-26OCT042330-30,0.0280,6.00,no
2026-10-05T03:28:35.86238Z,KXBTC15M-26OCT042330-30,0.0280,96.58,no
2026-10-05T03:28:35.867922Z,KXBTC15M-26OCT042330-30,0.0310,0.88,yes
2026-10-05T03:28:35.867922Z,KXBTC15M-26OCT042330-30,0.0290,0.01,yes
2026-10-05T03:28:35.867922Z,KXBTC15M-26OCT042330-30,0.0290,0.01,yes
2026-10-05T03:28:35.906964Z,KXBTC15M-26OCT042330-30,0.0280,20.00,no
2026-10-05T03:28:35.910047Z,KXBTC15M-26OCT042330-30,0.0300,107.99,yes
2026-10-05T03:28:35.910047Z,KXBTC15M-26OCT042330-30,0.0290,0.01,yes
2026-10-05T03:28:35.910047Z,KXBTC15M-26OCT042330-30,0.0290,0.01,yes
2026-10-05T03:28:35.955697Z,KXBTC15M-26OCT042330-30,0.0280,244.69,no
2026-10-05T03:28:35.955697Z,KXBTC15M-26OCT042330-30,0.0280,500.00,no
2026-10-05T03:28:35.955697Z,KXBTC15M-26OCT042330-30,0.0280,79.42,no
2026-10-05T03:28:35.955697Z,KXBTC15M-26OCT042330-30,0.0280,200.00,no
2026-10-05T03:28:35.955697Z,KXBTC15M-26OCT042330-30,0.0280,0.01,no
2026-10-05T03:28:35.955697Z,KXBTC15M-26OCT042330-30,0.0280,0.01,no
2026-10-05T03:28:35.963747Z,KXBTC15M-26OCT042330-30,0.0260,1.03,no
2026-10-05T03:28:35.963747Z,KXBTC15M-26OCT042330-30,0.0270,200.00,no
2026-10-05T03:28:35.963747Z,KXBTC15M-26OCT042330-30,0.0280,0.01,no
2026-10-05T03:28:35.963747Z,KXBTC15M-26OCT042330-30,0.0280,0.01,no
2026-10-05T03:28:35.986069Z,KXBTC15M-26OCT042330-30,0.0260,2.95,no
2026-10-05T03:28:35.986069Z,KXBTC15M-26OCT042330-30,0.0280,0.01,no
2026-10-05T03:28:35.986069Z,KXBTC15M-26OCT042330-30,0.0280,0.01,no
2026-10-05T03:28:36.005265Z,KXBTC15M-26OCT042330-30,0.0300,15.65,yes
2026-10-05T03:28:36.014767Z,KXBTC15M-26OCT042330-30,0.0260,61.54,no
2026-10-05T03:28:36.014767Z,KXBTC15M-26OCT042330-30,0.0280,0.01,no
2026-10-05T03:28:36.014767Z,KXBTC15M-26OCT042330-30,0.0280,0.01,no
2026-10-05T03:28:36.028432Z,KXBTC15M-26OCT042330-30,0.0240,1047.00,no
2026-10-05T03:28:36.028432Z,KXBTC15M-26OCT042330-30,0.0220,15.00,no
2026-10-05T03:28:36.028432Z,KXBTC15M-26OCT042330-30,0.0260,145.48,no
2026-10-05T03:28:36.028432Z,KXBTC15M-26OCT042330-30,0.0230,2.00,no
2026-10-05T03:28:36.028432Z,KXBTC15M-26OCT042330-30,0.0240,2.00,no
2026-10-05T03:28:36.028432Z,KXBTC15M-26OCT042330-30,0.0240,2.00,no
2026-10-05T03:28:36.028432Z,KXBTC15M-26OCT042330-30,0.0230,2.00,no
2026-10-05T03:28:36.028432Z,KXBTC15M-26OCT042330-30,0.0260,1.02,no
2026-10-05T03:28:36.028432Z,KXBTC15M-26OCT042330-30,0.0260,400.00,no
2026-10-05T03:28:36.028432Z,KXBTC15M-26OCT042330-30,0.0250,10.00,no
2026-10-05T03:28:36.028432Z,KXBTC15M-26OCT042330-30,0.0230,10.00,no
2026-10-05T03:28:36.028432Z,KXBTC15M-26OCT042330-30,0.0250,200.00,no
2026-10-05T03:28:36.028432Z,KXBTC15M-26OCT042330-30,0.0280,0.01,no
2026-10-05T03:28:36.028432Z,KXBTC15M-26OCT042330-30,0.0260,200.00,no
2026-10-05T03:28:36.028432Z,KXBTC15M-26OCT042330-30,0.0280,0.01,no
2026-10-05T03:28:36.028432Z,KXBTC15M-26OCT042330-30,0.0260,210.00,no
2026-10-05T03:28:36.028432Z,KXBTC15M-26OCT042330-30,0.0260,0.01,no
2026-10-05T03:28:36.028432Z,KXBTC15M-26OCT042330-30,0.0250,150.00,no
2026-10-05T03:28:36.028432Z,KXBTC15M-26OCT042330-30,0.0220,125.72,no
2026-10-05T03:28:36.028432Z,KXBTC15M-26OCT042330-30,0.0220,330.00,no
2026-10-05T03:28:36.028432Z,KXBTC15M-26OCT042330-30,0.0240,160.00,no
2026-10-05T03:28:36.039382Z,KXBTC15M-26OCT042330-30,0.0230,7.60,no
2026-10-05T03:28:36.039382Z,KXBTC15M-26OCT042330-30,0.0250,10.00,no
2026-10-05T03:28:36.039382Z,KXBTC15M-26OCT042330-30,0.0260,0.01,no
2026-10-05T03:28:36.052251Z,KXBTC15M-26OCT042330-30,0.0270,30.20,yes
2026-10-05T03:28:36.053525Z,KXBTC15M-26OCT042330-30,0.0270,3.02,yes
2026-10-05T03:28:36.074331Z,KXBTC15M-26OCT042330-30,0.0270,99.92,yes
2026-10-05T03:28:36.099794Z,KXBTC15M-26OCT042330-30,0.0260,0.01,no
2026-10-05T03:28:36.099794Z,KXBTC15M-26OCT042330-30,0.0260,80.34,no
2026-10-05T03:28:36.109478Z,KXBTC15M-26OCT042330-30,0.0270,124.99,yes
2026-10-05T03:28:36.109582Z,KXBTC15M-26OCT042330-30,0.0270,46.42,yes
2026-10-05T03:28:36.109606Z,KXBTC15M-26OCT042330-30,0.0270,45.53,yes
2026-10-05T03:28:36.109999Z,KXBTC15M-26OCT042330-30,0.0270,45.53,yes
2026-10-05T03:28:36.11626Z,KXBTC15M-26OCT042330-30,0.0270,42.90,yes
2026-10-05T03:28:36.116521Z,KXBTC15M-26OCT042330-30,0.0270,45.53,yes
2026-10-05T03:28:36.12332Z,KXBTC15M-26OCT042330-30,0.0270,6.10,yes
2026-10-05T03:28:36.131824Z,KXBTC15M-26OCT042330-30,0.0260,0.10,no
2026-10-05T03:28:36.20792Z,KXBTC15M-26OCT042330-30,0.0270,10.17,yes
2026-10-05T03:28:36.213043Z,KXBTC15M-26OCT042330-30,0.0270,43.85,yes
2026-10-05T03:28:36.247829Z,KXBTC15M-26OCT042330-30,0.0270,108.12,yes
2026-10-05T03:28:36.272496Z,KXBTC15M-26OCT042330-30,0.0270,100.00,yes
2026-10-05T03:28:36.295342Z,KXBTC15M-26OCT042330-30,0.0290,66.98,yes
2026-10-05T03:28:36.295342Z,KXBTC15M-26OCT042330-30,0.0270,0.01,yes
2026-10-05T03:28:36.295342Z,KXBTC15M-26OCT042330-30,0.0270,0.01,yes
2026-10-05T03:28:36.295342Z,KXBTC15M-26OCT042330-30,0.0290,1.00,yes
2026-10-05T03:28:36.297803Z,KXBTC15M-26OCT042330-30,0.0290,15.60,yes
2026-10-05T03:28:36.331621Z,KXBTC15M-26OCT042330-30,0.0290,1.22,yes
2026-10-05T03:28:36.331621Z,KXBTC15M-26OCT042330-30,0.0270,0.01,yes
2026-10-05T03:28:36.331621Z,KXBTC15M-26OCT042330-30,0.0270,0.01,yes
2026-10-05T03:28:36.333481Z,KXBTC15M-26OCT042330-30,0.0290,30.92,yes
2026-10-05T03:28:36.367486Z,KXBTC15M-26OCT042330-30,0.0260,500.00,no
2026-10-05T03:28:36.367486Z,KXBTC15M-26OCT042330-30,0.0250,93.75,no
2026-10-05T03:28:36.367486Z,KXBTC15M-26OCT042330-30,0.0250,93.75,no
2026-10-05T03:28:36.367486Z,KXBTC15M-26OCT042330-30,0.0260,100.00,no
2026-10-05T03:28:36.367486Z,KXBTC15M-26OCT042330-30,0.0260,0.01,no
2026-10-05T03:28:36.367486Z,KXBTC15M-26OCT042330-30,0.0260,200.00,no
2026-10-05T03:28:36.367486Z,KXBTC15M-26OCT042330-30,0.0250,15.00,no
2026-10-05T03:28:36.367486Z,KXBTC15M-26OCT042330-30,0.0260,0.01,no
2026-10-05T03:28:36.367486Z,KXBTC15M-26OCT042330-30,0.0250,87.48,no
2026-10-05T03:28:36.367486Z,KXBTC15M-26OCT042330-30,0.0260,10.00,no
2026-10-05T03:28:36.367486Z,KXBTC15M-26OCT042330-30,0.0260,400.00,no
2026-10-05T03:28:36.367486Z,KXBTC15M-26OCT042330-30,0.0260,500.00,no
2026-10-05T03:28:36.416598Z,KXBTC15M-26OCT042330-30,0.0310,5.12,yes
2026-10-05T03:28:36.416598Z,KXBTC15M-26OCT042330-30,0.0310,45.62,yes
2026-10-05T03:28:36.416598Z,KXBTC15M-26OCT042330-30,0.0290,0.01,yes
2026-10-05T03:28:36.416598Z,KXBTC15M-26OCT042330-30,0.0290,0.01,yes
2026-10-05T03:28:36.416598Z,KXBTC15M-26OCT042330-30,0.0290,100.28,yes
2026-10-05T03:28:36.419801Z,KXBTC15M-26OCT042330-30,0.0310,2.20,yes
2026-10-05T03:28:36.428865Z,KXBTC15M-26OCT042330-30,0.0280,0.01,no
2026-10-05T03:28:36.428865Z,KXBTC15M-26OCT042330-30,0.0280,0.01,no
2026-10-05T03:28:36.428865Z,KXBTC15M-26OCT042330-30,0.0280,2.02,no
2026-10-05T03:28:36.435292Z,KXBTC15M-26OCT042330-30,0.0280,200.00,no
2026-10-05T03:28:36.435292Z,KXBTC15M-26OCT042330-30,0.0260,89.00,no
2026-10-05T03:28:36.435292Z,KXBTC15M-26OCT042330-30,0.0270,0.01,no
2026-10-05T03:28:36.435292Z,KXBTC15M-26OCT042330-30,0.0270,200.00,no
2026-10-05T03:28:36.435292Z,KXBTC15M-26OCT042330-30,0.0270,0.01,no
2026-10-05T03:28:36.435292Z,KXBTC15M-26OCT042330-30,0.0280,97.98,no
2026-10-05T03:28:36.435292Z,KXBTC15M-26OCT042330-30,0.0260,20.92,no
2026-10-05T03:28:36.435292Z,KXBTC15M-26OCT042330-30,0.0260,0.01,no
2026-10-05T03:28:36.435292Z,KXBTC15M-26OCT042330-30,0.0270,304.00,no
2026-10-05T03:28:36.435292Z,KXBTC15M-26OCT042330-30,0.0270,10.00,no
2026-10-05T03:28:36.490878Z,KXBTC15M-26OCT042330-30,0.0310,29.96,yes
2026-10-05T03:28:36.526746Z,KXBTC15M-26OCT042330-30,0.0280,0.01,no
2026-10-05T03:28:36.526746Z,KXBTC15M-26OCT042330-30,0.0280,6.12,no
2026-10-05T03:28:36.526746Z,KXBTC15M-26OCT042330-30,0.0280,0.01,no
2026-10-05T03:28:36.544651Z,KXBTC15M-26OCT042330-30,0.0300,0.01,yes
2026-10-05T03:28:36.544651Z,KXBTC15M-26OCT042330-30,0.0300,0.01,yes
2026-10-05T03:28:36.544651Z,KXBTC15M-26OCT042330-30,0.0310,0.98,yes
2026-10-05T03:28:36.544651Z,KXBTC15M-26OCT042330-30,0.0300,11.00,yes
2026-10-05T03:28:36.570749Z,KXBTC15M-26OCT042330-30,0.0280,39.34,no
2026-10-05T03:28:36.570749Z,KXBTC15M-26OCT042330-30,0.0280,93.88,no
2026-10-05T03:28:36.643814Z,KXBTC15M-26OCT042330-30,0.0280,15.76,no
2026-10-05T03:28:36.718604Z,KXBTC15M-26OCT042330-30,0.0290,4.09,no
2026-10-05T03:28:36.760674Z,KXBTC15M-26OCT042330-30,0.0290,15.38,no
2026-10-05T03:28:36.774863Z,KXBTC15M-26OCT042330-30,0.0300,2.09,yes
2026-10-05T03:28:36.793835Z,KXBTC15M-26OCT042330-30,0.0300,30.20,yes
2026-10-05T03:28:36.796904Z,KXBTC15M-26OCT042330-30,0.0300,0.01,yes
2026-10-05T03:28:36.796904Z,KXBTC15M-26OCT042330-30,0.0300,0.01,yes
2026-10-05T03:28:36.796904Z,KXBTC15M-26OCT042330-30,0.0300,84.07,yes
2026-10-05T03:28:36.796904Z,KXBTC15M-26OCT042330-30,0.0300,63.71,yes
2026-10-05T03:28:36.836868Z,KXBTC15M-26OCT042330-30,0.0330,511.10,yes
2026-10-05T03:28:36.836868Z,KXBTC15M-26OCT042330-30,0.0300,0.01,yes
2026-10-05T03:28:36.836868Z,KXBTC15M-26OCT042330-30,0.0320,11.00,yes
2026-10-05T03:28:36.836868Z,KXBTC15M-26OCT042330-30,0.0300,197.93,yes
2026-10-05T03:28:36.836868Z,KXBTC15M-26OCT042330-30,0.0310,25.24,yes
2026-10-05T03:28:36.836868Z,KXBTC15M-26OCT042330-30,0.0310,15.00,yes
2026-10-05T03:28:36.836868Z,KXBTC15M-26OCT042330-30,0.0300,0.01,yes
2026-10-05T03:28:36.836868Z,KXBTC15M-26OCT042330-30,0.0320,6.00,yes
2026-10-05T03:28:36.884402Z,KXBTC15M-26OCT042330-30,0.0290,350.34,no
2026-10-05T03:28:36.884402Z,KXBTC15M-26OCT042330-30,0.0290,0.01,no
2026-10-05T03:28:36.884402Z,KXBTC15M-26OCT042330-30,0.0290,488.40,no
2026-10-05T03:28:36.884402Z,KXBTC15M-26OCT042330-30,0.0290,200.00,no
2026-10-05T03:28:36.884402Z,KXBTC15M-26OCT042330-30,0.0290,500.00,no
2026-10-05T03:28:36.884402Z,KXBTC15M-26OCT042330-30,0.0290,0.01,no
2026-10-05T03:28:36.887153Z,KXBTC15M-26OCT042330-30,0.0290,10.26,no
2026-10-05T03:28:36.889895Z,KXBTC15M-26OCT042330-30,0.0320,1.00,yes
2026-10-05T03:28:36.889895Z,KXBTC15M-26OCT042330-30,0.0320,1.00,yes
2026-10-05T03:28:36.889895Z,KXBTC15M-26OCT042330-30,0.0300,1.00,yes
2026-10-05T03:28:36.889895Z,KXBTC15M-26OCT042330-30,0.0300,0.01,yes
2026-10-05T03:28:36.889895Z,KXBTC15M-26OCT042330-30,0.0300,0.01,yes
2026-10-05T03:28:36.889895Z,KXBTC15M-26OCT042330-30,0.0320,26.57,yes
2026-10-05T03:28:36.909393Z,KXBTC15M-26OCT042330-30,0.0300,0.01,yes
2026-10-05T03:28:36.909393Z,KXBTC15M-26OCT042330-30,0.0320,27.43,yes
2026-10-05T03:28:36.909393Z,KXBTC15M-26OCT042330-30,0.0320,192.42,yes
2026-10-05T03:28:36.909393Z,KXBTC15M-26OCT042330-30,0.0300,0.01,yes
2026-10-05T03:28:36.909393Z,KXBTC15M-26OCT042330-30,0.0300,284.52,yes
2026-10-05T03:28:36.940907Z,KXBTC15M-26OCT042330-30,0.0290,90.00,no
2026-10-05T03:28:37.00102Z,KXBTC15M-26OCT042330-30,0.0300,0.01,yes
2026-10-05T03:28:37.00102Z,KXBTC15M-26OCT042330-30,0.0300,0.01,yes
2026-10-05T03:28:37.00102Z,KXBTC15M-26OCT042330-30,0.0310,6.00,yes
2026-10-05T03:28:37.00102Z,KXBTC15M-26OCT042330-30,0.0320,0.59,yes
2026-10-05T03:28:37.009299Z,KXBTC15M-26OCT042330-30,0.0290,100.00,no
2026-10-05T03:28:37.009299Z,KXBTC15M-26OCT042330-30,0.0290,4.76,no
2026-10-05T03:28:37.009299Z,KXBTC15M-26OCT042330-30,0.0290,49.40,no
2026-10-05T03:28:37.057341Z,KXBTC15M-26OCT042330-30,0.0300,0.01,yes
2026-10-05T03:28:37.057341Z,KXBTC15M-26OCT042330-30,0.0300,0.01,yes
2026-10-05T03:28:37.057341Z,KXBTC15M-26OCT042330-30,0.0320,0.01,yes
2026-10-05T03:28:37.057341Z,KXBTC15M-26OCT042330-30,0.0320,36.93,yes
2026-10-05T03:28:37.057341Z,KXBTC15M-26OCT042330-30,0.0320,0.01,yes
2026-10-05T03:28:37.057341Z,KXBTC15M-26OCT042330-30,0.0320,58.99,yes
2026-10-05T03:28:37.069234Z,KXBTC15M-26OCT042330-30,0.0290,6.74,no
2026-10-05T03:28:37.124567Z,KXBTC15M-26OCT042330-30,0.0290,0.01,no
2026-10-05T03:28:37.124567Z,KXBTC15M-26OCT042330-30,0.0290,6.00,no
2026-10-05T03:28:37.124567Z,KXBTC15M-26OCT042330-30,0.0290,388.50,no
2026-10-05T03:28:37.124567Z,KXBTC15M-26OCT042330-30,0.0290,200.00,no
2026-10-05T03:28:37.124567Z,KXBTC15M-26OCT042330-30,0.0290,226.83,no
2026-10-05T03:28:37.124567Z,KXBTC15M-26OCT042330-30,0.0290,0.01,no
2026-10-05T03:28:37.178934Z,KXBTC15M-26OCT042330-30,0.0300,0.01,yes
2026-10-05T03:28:37.178934Z,KXBTC15M-26OCT042330-30,0.0300,0.01,yes
2026-10-05T03:28:37.178934Z,KXBTC15M-26OCT042330-30,0.0320,7.00,yes
2026-10-05T03:28:37.178934Z,KXBTC15M-26OCT042330-30,0.0330,28.14,yes
2026-10-05T03:28:37.190589Z,KXBTC15M-26OCT042330-30,0.0290,6.73,no
2026-10-05T03:28:37.222699Z,KXBTC15M-26OCT042330-30,0.0300,0.01,yes
2026-10-05T03:28:37.222699Z,KXBTC15M-26OCT042330-30,0.0300,0.01,yes
2026-10-05T03:28:37.222699Z,KXBTC15M-26OCT042330-30,0.0330,3.55,yes
2026-10-05T03:28:37.268302Z,KXBTC15M-26OCT042330-30,0.0300,5.55,yes
2026-10-05T03:28:37.268302Z,KXBTC15M-26OCT042330-30,0.0300,0.01,yes
2026-10-05T03:28:37.268302Z,KXBTC15M-26OCT042330-30,0.0330,14.44,yes
2026-10-05T03:28:37.269442Z,KXBTC15M-26OCT042330-30,0.0290,6.11,no
2026-10-05T03:28:37.319531Z,KXBTC15M-26OCT042330-30,0.0300,0.01,no
2026-10-05T03:28:37.319531Z,KXBTC15M-26OCT042330-30,0.0300,34.47,no
2026-10-05T03:28:37.319531Z,KXBTC15M-26OCT042330-30,0.0300,0.01,no
2026-10-05T03:28:37.320279Z,KXBTC15M-26OCT042330-30,0.0310,14.36,yes
2026-10-05T03:28:37.320889Z,KXBTC15M-26OCT042330-30,0.0320,6.00,yes
2026-10-05T03:28:37.320889Z,KXBTC15M-26OCT042330-30,0.0330,26.00,yes
2026-10-05T03:28:37.320889Z,KXBTC15M-26OCT042330-30,0.0310,188.88,yes
2026-10-05T03:28:37.324736Z,KXBTC15M-26OCT042330-30,0.0300,400.00,no
2026-10-05T03:28:37.324736Z,KXBTC15M-26OCT042330-30,0.0300,500.00,no
2026-10-05T03:28:37.324736Z,KXBTC15M-26OCT042330-30,0.0300,165.53,no
2026-10-05T03:28:37.324736Z,KXBTC15M-26OCT042330-30,0.0320,5.00,no
2026-10-05T03:28:37.324736Z,KXBTC15M-26OCT042330-30,0.0300,100.00,no
2026-10-05T03:28:37.324736Z,KXBTC15M-26OCT042330-30,0.0300,395.80,no
2026-10-05T03:28:37.356497Z,KXBTC15M-26OCT042330-30,0.0310,0.01,yes
2026-10-05T03:28:37.356497Z,KXBTC15M-26OCT042330-30,0.0310,0.01,yes
2026-10-05T03:28:37.385663Z,KXBTC15M-26OCT042330-30,0.0320,174.43,yes
2026-10-05T03:28:37.385663Z,KXBTC15M-26OCT042330-30,0.0330,18.80,yes
2026-10-05T03:28:37.443211Z,KXBTC15M-26OCT042330-30,0.0310,28.00,no
2026-10-05T03:28:37.443211Z,KXBTC15M-26OCT042330-30,0.0310,0.01,no
2026-10-05T03:28:37.443211Z,KXBTC15M-26OCT042330-30,0.0310,0.01,no
2026-10-05T03:28:37.443211Z,KXBTC15M-26OCT042330-30,0.0310,1.98,no
2026-10-05T03:28:37.470635Z,KXBTC15M-26OCT042330-30,0.0320,0.01,yes
2026-10-05T03:28:37.470635Z,KXBTC15M-26OCT042330-30,0.0320,6.00,yes
2026-10-05T03:28:37.470635Z,KXBTC15M-26OCT042330-30,0.0320,0.01,yes
2026-10-05T03:28:37.470635Z,KXBTC15M-26OCT042330-30,0.0330,54.79,yes
2026-10-05T03:28:37.497077Z,KXBTC15M-26OCT042330-30,0.0330,226.98,yes
2026-10-05T03:28:37.5142Z,KXBTC15M-26OCT042330-30,0.0330,18.67,yes
2026-10-05T03:28:37.556548Z,KXBTC15M-26OCT042330-30,0.0320,52.53,no
2026-10-05T03:28:37.560328Z,KXBTC15M-26OCT042330-30,0.0330,28.41,yes
2026-10-05T03:28:37.583227Z,KXBTC15M-26OCT042330-30,0.0330,0.18,yes
2026-10-05T03:28:37.600555Z,KXBTC15M-26OCT042330-30,0.0320,4.02,no
2026-10-05T03:28:37.66163Z,KXBTC15M-26OCT042330-30,0.0320,0.01,no
2026-10-05T03:28:37.66163Z,KXBTC15M-26OCT042330-30,0.0320,115.45,no
2026-10-05T03:28:37.66163Z,KXBTC15M-26OCT042330-30,0.0320,90.28,no
2026-10-05T03:28:37.66163Z,KXBTC15M-26OCT042330-30,0.0320,0.01,no
2026-10-05T03:28:37.740452Z,KXBTC15M-26OCT042330-30,0.0280,196.00,no
2026-10-05T03:28:37.740452Z,KXBTC15M-26OCT042330-30,0.0270,203.00,no
2026-10-05T03:28:37.740452Z,KXBTC15M-26OCT042330-30,0.0320,0.01,no
2026-10-05T03:28:37.740452Z,KXBTC15M-26OCT042330-30,0.0260,211.00,no
2026-10-05T03:28:37.740452Z,KXBTC15M-26OCT042330-30,0.0280,10.00,no
2026-10-05T03:28:37.740452Z,KXBTC15M-26OCT042330-30,0.0320,100.00,no
2026-10-05T03:28:37.740452Z,KXBTC15M-26OCT042330-30,0.0260,26.72,no
2026-10-05T03:28:37.740452Z,KXBTC15M-26OCT042330-30,0.0270,87.00,no
2026-10-05T03:28:37.740452Z,KXBTC15M-26OCT042330-30,0.0320,0.01,no
2026-10-05T03:28:37.740452Z,KXBTC15M-26OCT042330-30,0.0260,2.00,no
2026-10-05T03:28:37.740452Z,KXBTC15M-26OCT042330-30,0.0270,2.00,no
2026-10-05T03:28:37.740452Z,KXBTC15M-26OCT042330-30,0.0270,2.00,no
2026-10-05T03:28:37.740452Z,KXBTC15M-26OCT042330-30,0.0260,2.00,no
2026-10-05T03:28:37.744409Z,KXBTC15M-26OCT042330-30,0.0330,0.01,yes
2026-10-05T03:28:37.744409Z,KXBTC15M-26OCT042330-30,0.0330,0.01,yes
2026-10-05T03:28:37.744409Z,KXBTC15M-26OCT042330-30,0.0330,200.00,yes
2026-10-05T03:28:37.744409Z,KXBTC15M-26OCT042330-30,0.0330,115.94,yes
2026-10-05T03:28:37.744409Z,KXBTC15M-26OCT042330-30,0.0330,82.00,yes
2026-10-05T03:28:37.744409Z,KXBTC15M-26OCT042330-30,0.0330,163.10,yes
2026-10-05T03:28:37.852502Z,KXBTC15M-26OCT042330-30,0.0330,7.00,yes
2026-10-05T03:28:37.852502Z,KXBTC15M-26OCT042330-30,0.0330,0.01,yes
2026-10-05T03:28:37.852502Z,KXBTC15M-26OCT042330-30,0.0330,2.00,yes
2026-10-05T03:28:37.852502Z,KXBTC15M-26OCT042330-30,0.0330,12.47,yes
2026-10-05T03:28:37.854664Z,KXBTC15M-26OCT042330-30,0.0320,0.01,no
2026-10-05T03:28:37.854664Z,KXBTC15M-26OCT042330-30,0.0320,0.01,no
2026-10-05T03:28:37.854664Z,KXBTC15M-26OCT042330-30,0.0320,100.00,no
2026-10-05T03:28:37.854664Z,KXBTC15M-26OCT042330-30,0.0270,7.72,no
2026-10-05T03:28:37.854664Z,KXBTC15M-26OCT042330-30,0.0280,1.02,no
2026-10-05T03:28:37.886105Z,KXBTC15M-26OCT042330-30,0.0320,11.00,yes
2026-10-05T03:28:37.886105Z,KXBTC15M-26OCT042330-30,0.0330,54.66,yes
2026-10-05T03:28:37.886105Z,KXBTC15M-26OCT042330-30,0.0300,0.01,yes
2026-10-05T03:28:37.886105Z,KXBTC15M-26OCT042330-30,0.0330,2.00,yes
2026-10-05T03:28:37.886105Z,KXBTC15M-26OCT042330-30,0.0300,0.01,yes
2026-10-05T03:28:37.886105Z,KXBTC15M-26OCT042330-30,0.0300,500.00,yes
2026-10-05T03:28:37.902119Z,KXBTC15M-26OCT042330-30,0.0280,49.98,no
2026-10-05T03:28:37.902119Z,KXBTC15M-26OCT042330-30,0.0280,0.01,no
2026-10-05T03:28:37.902119Z,KXBTC15M-26OCT042330-30,0.0280,0.01,no
2026-10-05T03:28:37.999996Z,KXBTC15M-26OCT042330-30,0.0270,7.72,no
2026-10-05T03:28:37.999996Z,KXBTC15M-26OCT042330-30,0.0260,200.55,no
2026-10-05T03:28:37.999996Z,KXBTC15M-26OCT042330-30,0.0280,200.00,no
2026-10-05T03:28:37.999996Z,KXBTC15M-26OCT042330-30,0.0280,0.01,no
2026-10-05T03:28:37.999996Z,KXBTC15M-26OCT042330-30,0.0280,0.01,no
2026-10-05T03:28:37.999996Z,KXBTC15M-26OCT042330-30,0.0270,2.28,no
2026-10-05T03:28:37.999996Z,KXBTC15M-26OCT042330-30,0.0280,87.00,no
2026-10-05T03:28:37.999996Z,KXBTC15M-26OCT042330-30,0.0270,364.92,no
2026-10-05T03:28:37.999996Z,KXBTC15M-26OCT042330-30,0.0280,400.00,no
2026-10-05T03:28:37.999996Z,KXBTC15M-26OCT042330-30,0.0270,200.00,no
2026-10-05T03:28:37.999996Z,KXBTC15M-26OCT042330-30,0.0280,50.02,no
2026-10-05T03:28:37.999996Z,KXBTC15M-26OCT042330-30,0.0280,500.00,no
2026-10-05T03:28:38.044105Z,KXBTC15M-26OCT042330-30,0.0280,2.05,no
2026-10-05T03:28:38.054751Z,KXBTC15M-26OCT042330-30,0.0290,0.01,yes
2026-10-05T03:28:38.054751Z,KXBTC15M-26OCT042330-30,0.0350,4.98,yes
2026-10-05T03:28:38.054751Z,KXBTC15M-26OCT042330-30,0.0340,2.00,yes
2026-10-05T03:28:38.054751Z,KXBTC15M-26OCT042330-30,0.0330,7.00,yes
2026-10-05T03:28:38.054751Z,KXBTC15M-26OCT042330-30,0.0290,0.01,yes
2026-10-05T03:28:38.055731Z,KXBTC15M-26OCT042330-30,0.0350,8.00,yes
2026-10-05T03:28:38.070314Z,KXBTC15M-26OCT042330-30,0.0280,257.68,no
2026-10-05T03:28:38.070314Z,KXBTC15M-26OCT042330-30,0.0280,0.01,no
2026-10-05T03:28:38.084038Z,KXBTC15M-26OCT042330-30,0.0340,2.07,yes
2026-10-05T03:28:38.084038Z,KXBTC15M-26OCT042330-30,0.0290,0.01,yes
2026-10-05T03:28:38.084038Z,KXBTC15M-26OCT042330-30,0.0290,3.00,yes
2026-10-05T03:28:38.084038Z,KXBTC15M-26OCT042330-30,0.0290,0.01,yes
2026-10-05T03:28:38.084038Z,KXBTC15M-26OCT042330-30,0.0340,1.00,yes
2026-10-05T03:28:38.084038Z,KXBTC15M-26OCT042330-30,0.0340,1.00,yes
2026-10-05T03:28:38.096104Z,KXBTC15M-26OCT042330-30,0.0280,10.09,no
2026-10-05T03:28:38.104119Z,KXBTC15M-26OCT042330-30,0.0280,12.00,no
2026-10-05T03:28:38.124488Z,KXBTC15M-26OCT042330-30,0.0280,120.23,no
2026-10-05T03:28:38.124488Z,KXBTC15M-26OCT042330-30,0.0280,225.75,no
2026-10-05T03:28:38.151574Z,KXBTC15M-26OCT042330-30,0.0330,11.33,yes
2026-10-05T03:28:38.151574Z,KXBTC15M-26OCT042330-30,0.0290,0.01,yes
2026-10-05T03:28:38.151574Z,KXBTC15M-26OCT042330-30,0.0310,0.01,yes
2026-10-05T03:28:38.156404Z,KXBTC15M-26OCT042330-30,0.0330,33.08,yes
2026-10-05T03:28:38.16567Z,KXBTC15M-26OCT042330-30,0.0300,2.01,no
2026-10-05T03:28:38.290311Z,KXBTC15M-26OCT042330-30,0.0300,400.00,no
2026-10-05T03:28:38.290311Z,KXBTC15M-26OCT042330-30,0.0300,0.01,no
2026-10-05T03:28:38.290311Z,KXBTC15M-26OCT042330-30,0.0300,100.00,no
2026-10-05T03:28:38.290311Z,KXBTC15M-26OCT042330-30,0.0300,50.00,no
2026-10-05T03:28:38.290311Z,KXBTC15M-26OCT042330-30,0.0300,0.01,no
2026-10-05T03:28:38.290311Z,KXBTC15M-26OCT042330-30,0.0300,31.90,no
2026-10-05T03:28:38.314956Z,KXBTC15M-26OCT042330-30,0.0310,89.37,yes
2026-10-05T03:28:38.374566Z,KXBTC15M-26OCT042330-30,0.0310,2.83,yes
2026-10-05T03:28:38.37576Z,KXBTC15M-26OCT042330-30,0.0310,13.00,yes
2026-10-05T03:28:38.384398Z,KXBTC15M-26OCT042330-30,0.0310,39.01,yes
2026-10-05T03:28:38.422968Z,KXBTC15M-26OCT042330-30,0.0310,13.63,yes
2026-10-05T03:28:38.450448Z,KXBTC15M-26OCT042330-30,0.0300,0.01,no
2026-10-05T03:28:38.450448Z,KXBTC15M-26OCT042330-30,0.0300,0.01,no
2026-10-05T03:28:38.450448Z,KXBTC15M-26OCT042330-30,0.0300,100.00,no
2026-10-05T03:28:38.450448Z,KXBTC15M-26OCT042330-30,0.0300,299.98,no
2026-10-05T03:28:38.481047Z,KXBTC15M-26OCT042330-30,0.0300,0.01,no
2026-10-05T03:28:38.481047Z,KXBTC15M-26OCT042330-30,0.0300,50.00,no
2026-10-05T03:28:38.481047Z,KXBTC15M-26OCT042330-30,0.0270,2.00,no
2026-10-05T03:28:38.481047Z,KXBTC15M-26OCT042330-30,0.0300,0.01,no
2026-10-05T03:28:38.481047Z,KXBTC15M-26OCT042330-30,0.0300,100.00,no
2026-10-05T03:28:38.481047Z,KXBTC15M-26OCT042330-30,0.0300,100.02,no
2026-10-05T03:28:38.522718Z,KXBTC15M-26OCT042330-30,0.0310,307.98,yes
2026-10-05T03:28:38.522718Z,KXBTC15M-26OCT042330-30,0.0310,200.00,yes
2026-10-05T03:28:38.522718Z,KXBTC15M-26OCT042330-30,0.0310,0.01,yes
2026-10-05T03:28:38.522718Z,KXBTC15M-26OCT042330-30,0.0310,500.00,yes
2026-10-05T03:28:38.522718Z,KXBTC15M-26OCT042330-30,0.0310,492.00,yes
2026-10-05T03:28:38.522718Z,KXBTC15M-26OCT042330-30,0.0310,0.01,yes
2026-10-05T03:28:38.522718Z,KXBTC15M-26OCT042330-30,0.0310,500.00,yes
2026-10-05T03:28:38.535831Z,KXBTC15M-26OCT042330-30,0.0300,0.01,no
2026-10-05T03:28:38.535831Z,KXBTC15M-26OCT042330-30,0.0300,0.01,no
2026-10-05T03:28:38.535831Z,KXBTC15M-26OCT042330-30,0.0300,100.00,no
2026-10-05T03:28:38.535831Z,KXBTC15M-26OCT042330-30,0.0300,99.98,no
2026-10-05T03:28:38.621022Z,KXBTC15M-26OCT042330-30,0.0300,187.68,no
2026-10-05T03:28:38.621022Z,KXBTC15M-26OCT042330-30,0.0300,154.02,no
2026-10-05T03:28:38.621022Z,KXBTC15M-26OCT042330-30,0.0300,50.00,no
2026-10-05T03:28:38.621022Z,KXBTC15M-26OCT042330-30,0.0300,0.01,no
2026-10-05T03:28:38.626316Z,KXBTC15M-26OCT042330-30,0.0300,0.01,no
2026-10-05T03:28:38.626316Z,KXBTC15M-26OCT042330-30,0.0300,12.32,no
2026-10-05T03:28:38.626316Z,KXBTC15M-26OCT042330-30,0.0300,13.38,no
2026-10-05T03:28:38.664381Z,KXBTC15M-26OCT042330-30,0.0300,49.70,no
2026-10-05T03:28:38.664577Z,KXBTC15M-26OCT042330-30,0.0300,63.55,no
2026-10-05T03:28:38.690665Z,KXBTC15M-26OCT042330-30,0.0330,6.00,yes
2026-10-05T03:28:38.690665Z,KXBTC15M-26OCT042330-30,0.0310,0.01,yes
2026-10-05T03:28:38.690665Z,KXBTC15M-26OCT042330-30,0.0310,0.01,yes
2026-10-05T03:28:38.690665Z,KXBTC15M-26OCT042330-30,0.0350,4.72,yes
2026-10-05T03:28:38.721987Z,KXBTC15M-26OCT042330-30,0.0330,0.01,yes
2026-10-05T03:28:38.721987Z,KXBTC15M-26OCT042330-30,0.0310,0.01,yes
2026-10-05T03:28:38.721987Z,KXBTC15M-26OCT042330-30,0.0310,0.01,yes
2026-10-05T03:28:38.721987Z,KXBTC15M-26OCT042330-30,0.0330,0.01,yes
2026-10-05T03:28:38.721987Z,KXBTC15M-26OCT042330-30,0.0340,0.01,yes
2026-10-05T03:28:38.721987Z,KXBTC15M-26OCT042330-30,0.0350,9.14,yes
2026-10-05T03:28:38.727944Z,KXBTC15M-26OCT042330-30,0.0350,12.00,yes
2026-10-05T03:28:38.727944Z,KXBTC15M-26OCT042330-30,0.0350,2.00,yes
2026-10-05T03:28:38.727944Z,KXBTC15M-26OCT042330-30,0.0350,123.16,yes
2026-10-05T03:28:38.727944Z,KXBTC15M-26OCT042330-30,0.0350,2.00,yes
2026-10-05T03:28:38.727944Z,KXBTC15M-26OCT042330-30,0.0360,127.48,yes
2026-10-05T03:28:38.754111Z,KXBTC15M-26OCT042330-30,0.0310,0.01,no
2026-10-05T03:28:38.754111Z,KXBTC15M-26OCT042330-30,0.0310,0.01,no
2026-10-05T03:28:38.754111Z,KXBTC15M-26OCT042330-30,0.0310,4.09,no
2026-10-05T03:28:38.787563Z,KXBTC15M-26OCT042330-30,0.0310,25.00,no
2026-10-05T03:28:38.827055Z,KXBTC15M-26OCT042330-30,0.0320,90.86,no
2026-10-05T03:28:38.829715Z,KXBTC15M-26OCT042330-30,0.0320,81.14,no
2026-10-05T03:28:38.829715Z,KXBTC15M-26OCT042330-30,0.0320,19.86,no
2026-10-05T03:28:38.887299Z,KXBTC15M-26OCT042330-30,0.0330,12.66,yes
2026-10-05T03:28:38.887299Z,KXBTC15M-26OCT042330-30,0.0330,6.00,yes
2026-10-05T03:28:38.887299Z,KXBTC15M-26OCT042330-30,0.0330,0.01,yes
2026-10-05T03:28:38.918441Z,KXBTC15M-26OCT042330-30,0.0320,183.12,no
2026-10-05T03:28:38.923668Z,KXBTC15M-26OCT042330-30,0.0320,100.00,no
2026-10-05T03:28:38.955135Z,KXBTC15M-26OCT042330-30,0.0330,53.39,yes
2026-10-05T03:28:38.99922Z,KXBTC15M-26OCT042330-30,0.0330,6.16,yes
2026-10-05T03:28:39.003443Z,KXBTC15M-26OCT042330-30,0.0320,108.29,no
2026-10-05T03:28:39.003443Z,KXBTC15M-26OCT042330-30,0.0320,0.01,no
2026-10-05T03:28:39.003443Z,KXBTC15M-26OCT042330-30,0.0320,100.00,no
2026-10-05T03:28:39.003443Z,KXBTC15M-26OCT042330-30,0.0320,0.01,no
2026-10-05T03:28:39.003443Z,KXBTC15M-26OCT042330-30,0.0320,197.02,no
2026-10-05T03:28:39.029694Z,KXBTC15M-26OCT042330-30,0.0320,12.24,no
2026-10-05T03:28:39.042977Z,KXBTC15M-26OCT042330-30,0.0320,79.47,no
2026-10-05T03:28:39.042977Z,KXBTC15M-26OCT042330-30,0.0320,485.14,no
2026-10-05T03:28:39.105551Z,KXBTC15M-26OCT042330-30,0.0320,30.86,no
2026-10-05T03:28:39.132048Z,KXBTC15M-26OCT042330-30,0.0330,0.01,yes
2026-10-05T03:28:39.132048Z,KXBTC15M-26OCT042330-30,0.0330,0.01,yes
2026-10-05T03:28:39.132048Z,KXBTC15M-26OCT042330-30,0.0330,6.00,yes
2026-10-05T03:28:39.132048Z,KXBTC15M-26OCT042330-30,0.0330,20.74,yes
2026-10-05T03:28:39.154489Z,KXBTC15M-26OCT042330-30,0.0320,0.01,no
2026-10-05T03:28:39.154489Z,KXBTC15M-26OCT042330-30,0.0320,0.01,no
2026-10-05T03:28:39.154489Z,KXBTC15M-26OCT042330-30,0.0320,50.98,no
2026-10-05T03:28:39.188212Z,KXBTC15M-26OCT042330-30,0.0330,8.23,yes
2026-10-05T03:28:39.193666Z,KXBTC15M-26OCT042330-30,0.0330,1.03,yes
2026-10-05T03:28:39.193666Z,KXBTC15M-26OCT042330-30,0.0330,0.01,yes
2026-10-05T03:28:39.193666Z,KXBTC15M-26OCT042330-30,0.0330,0.01,yes
2026-10-05T03:28:39.193666Z,KXBTC15M-26OCT042330-30,0.0330,3.20,yes
2026-10-05T03:28:39.208506Z,KXBTC15M-26OCT042330-30,0.0310,42.58,no
2026-10-05T03:28:39.208506Z,KXBTC15M-26OCT042330-30,0.0320,500.00,no
2026-10-05T03:28:39.208506Z,KXBTC15M-26OCT042330-30,0.0320,149.02,no
2026-10-05T03:28:39.208506Z,KXBTC15M-26OCT042330-30,0.0320,0.01,no
2026-10-05T03:28:39.208506Z,KXBTC15M-26OCT042330-30,0.0320,500.00,no
2026-10-05T03:28:39.208506Z,KXBTC15M-26OCT042330-30,0.0320,0.01,no
2026-10-05T03:28:39.208506Z,KXBTC15M-26OCT042330-30,0.0320,100.00,no
2026-10-05T03:28:39.208506Z,KXBTC15M-26OCT042330-30,0.0320,369.00,no
2026-10-05T03:28:39.213407Z,KXBTC15M-26OCT042330-30,0.0310,20.21,no
2026-10-05T03:28:39.299152Z,KXBTC15M-26OCT042330-30,0.0340,8.17,yes
2026-10-05T03:28:39.299152Z,KXBTC15M-26OCT042330-30,0.0330,6.00,yes
2026-10-05T03:28:39.299152Z,KXBTC15M-26OCT042330-30,0.0330,0.01,yes
2026-10-05T03:28:39.299152Z,KXBTC15M-26OCT042330-30,0.0330,0.01,yes
2026-10-05T03:28:39.334654Z,KXBTC15M-26OCT042330-30,0.0320,0.01,no
2026-10-05T03:28:39.334654Z,KXBTC15M-26OCT042330-30,0.0320,4.49,no
2026-10-05T03:28:39.334654Z,KXBTC15M-26OCT042330-30,0.0320,0.01,no
2026-10-05T03:28:39.347169Z,KXBTC15M-26OCT042330-30,0.0320,0.01,no
2026-10-05T03:28:39.347169Z,KXBTC15M-26OCT042330-30,0.0320,0.01,no
2026-10-05T03:28:39.347169Z,KXBTC15M-26OCT042330-30,0.0320,500.00,no
2026-10-05T03:28:39.347169Z,KXBTC15M-26OCT042330-30,0.0320,500.00,no
2026-10-05T03:28:39.347169Z,KXBTC15M-26OCT042330-30,0.0320,195.51,no
2026-10-05T03:28:39.347169Z,KXBTC15M-26OCT042330-30,0.0320,100.00,no
2026-10-05T03:28:39.35538Z,KXBTC15M-26OCT042330-30,0.0330,7.05,yes
2026-10-05T03:28:39.35538Z,KXBTC15M-26OCT042330-30,0.0330,0.01,yes
2026-10-05T03:28:39.35538Z,KXBTC15M-26OCT042330-30,0.0330,0.01,yes
2026-10-05T03:28:39.35538Z,KXBTC15M-26OCT042330-30,0.0330,132.00,yes
2026-10-05T03:28:39.356627Z,KXBTC15M-26OCT042330-30,0.0320,0.01,no
2026-10-05T03:28:39.356627Z,KXBTC15M-26OCT042330-30,0.0320,0.01,no
2026-10-05T03:28:39.356627Z,KXBTC15M-26OCT042330-30,0.0300,4.10,no
2026-10-05T03:28:39.360429Z,KXBTC15M-26OCT042330-30,0.0290,15.67,no
2026-10-05T03:28:39.360429Z,KXBTC15M-26OCT042330-30,0.0300,10.00,no
2026-10-05T03:28:39.389273Z,KXBTC15M-26OCT042330-30,0.0280,97.71,no
2026-10-05T03:28:39.389273Z,KXBTC15M-26OCT042330-30,0.0290,173.33,no
2026-10-05T03:28:39.389273Z,KXBTC15M-26OCT042330-30,0.0320,0.01,no
2026-10-05T03:28:39.389273Z,KXBTC15M-26OCT042330-30,0.0290,10.00,no
2026-10-05T03:28:39.389273Z,KXBTC15M-26OCT042330-30,0.0320,0.01,no
2026-10-05T03:28:39.389273Z,KXBTC15M-26OCT042330-30,0.0290,0.01,no
2026-10-05T03:28:39.389273Z,KXBTC15M-26OCT042330-30,0.0300,0.01,no
2026-10-05T03:28:39.389273Z,KXBTC15M-26OCT042330-30,0.0300,0.01,no
2026-10-05T03:28:39.389273Z,KXBTC15M-26OCT042330-30,0.0320,100.00,no
2026-10-05T03:28:39.397722Z,KXBTC15M-26OCT042330-30,0.0330,52.96,yes
2026-10-05T03:28:39.441392Z,KXBTC15M-26OCT042330-30,0.0300,0.01,no
2026-10-05T03:28:39.441392Z,KXBTC15M-26OCT042330-30,0.0300,9.43,no
2026-10-05T03:28:39.450557Z,KXBTC15M-26OCT042330-30,0.0310,159.22,no
2026-10-05T03:28:39.453365Z,KXBTC15M-26OCT042330-30,0.0320,1.57,yes
2026-10-05T03:28:39.454475Z,KXBTC15M-26OCT042330-30,0.0310,192.00,no
2026-10-05T03:28:39.460104Z,KXBTC15M-26OCT042330-30,0.0310,6.15,no
2026-10-05T03:28:39.460104Z,KXBTC15M-26OCT042330-30,0.0310,0.01,no
2026-10-05T03:28:39.467395Z,KXBTC15M-26OCT042330-30,0.0320,92.05,yes
2026-10-05T03:28:39.467395Z,KXBTC15M-26OCT042330-30,0.0320,0.01,yes
2026-10-05T03:28:39.467395Z,KXBTC15M-26OCT042330-30,0.0320,178.43,yes
2026-10-05T03:28:39.467395Z,KXBTC15M-26OCT042330-30,0.0320,0.01,yes
2026-10-05T03:28:39.530542Z,KXBTC15M-26OCT042330-30,0.0320,6.00,yes
2026-10-05T03:28:39.531465Z,KXBTC15M-26OCT042330-30,0.0320,14.19,yes
2026-10-05T03:28:39.551481Z,KXBTC15M-26OCT042330-30,0.0310,0.01,no
2026-10-05T03:28:39.551481Z,KXBTC15M-26OCT042330-30,0.0310,0.01,no
2026-10-05T03:28:39.551481Z,KXBTC15M-26OCT042330-30,0.0300,11.58,no
2026-10-05T03:28:39.556683Z,KXBTC15M-26OCT042330-30,0.0300,62.01,no
2026-10-05T03:28:39.556683Z,KXBTC15M-26OCT042330-30,0.0310,10.00,no
2026-10-05T03:28:39.556683Z,KXBTC15M-26OCT042330-30,0.0300,28.99,no
2026-10-05T03:28:39.615118Z,KXBTC15M-26OCT042330-30,0.0310,0.01,no
2026-10-05T03:28:39.615118Z,KXBTC15M-26OCT042330-30,0.0300,10.00,no
2026-10-05T03:28:39.615118Z,KXBTC15M-26OCT042330-30,0.0300,0.01,no
2026-10-05T03:28:39.615118Z,KXBTC15M-26OCT042330-30,0.0300,39.96,no
2026-10-05T03:28:39.615118Z,KXBTC15M-26OCT042330-30,0.0310,0.01,no
2026-10-05T03:28:39.615118Z,KXBTC15M-26OCT042330-30,0.0300,0.01,no
2026-10-05T03:28:39.693633Z,KXBTC15M-26OCT042330-30,0.0300,73.71,no
2026-10-05T03:28:39.693633Z,KXBTC15M-26OCT042330-30,0.0300,0.01,no
2026-10-05T03:28:39.693633Z,KXBTC15M-26OCT042330-30,0.0300,0.01,no
2026-10-05T03:28:39.718263Z,KXBTC15M-26OCT042330-30,0.0300,276.77,no
2026-10-05T03:28:39.767651Z,KXBTC15M-26OCT042330-30,0.0300,0.01,no
2026-10-05T03:28:39.767651Z,KXBTC15M-26OCT042330-30,0.0300,50.00,no
2026-10-05T03:28:39.767651Z,KXBTC15M-26OCT042330-30,0.0300,0.01,no
2026-10-05T03:28:39.767651Z,KXBTC15M-26OCT042330-30,0.0300,200.00,no
2026-10-05T03:28:39.773896Z,KXBTC15M-26OCT042330-30,0.0300,19.41,yes
2026-10-05T03:28:39.777559Z,KXBTC15M-26OCT042330-30,0.0290,542.35,no
2026-10-05T03:28:39.812997Z,KXBTC15M-26OCT042330-30,0.0290,69.75,no
2026-10-05T03:28:39.821049Z,KXBTC15M-26OCT042330-30,0.0290,5.70,no
2026-10-05T03:28:39.857078Z,KXBTC15M-26OCT042330-30,0.0290,1.02,no
2026-10-05T03:28:39.887714Z,KXBTC15M-26OCT042330-30,0.0300,10.00,yes
2026-10-05T03:28:39.898412Z,KXBTC15M-26OCT042330-30,0.0300,0.40,yes
2026-10-05T03:28:39.919339Z,KXBTC15M-26OCT042330-30,0.0290,2.05,no
2026-10-05T03:28:39.930938Z,KXBTC15M-26OCT042330-30,0.0300,22.53,yes
2026-10-05T03:28:39.933414Z,KXBTC15M-26OCT042330-30,0.0300,151.04,yes
2026-10-05T03:28:39.940127Z,KXBTC15M-26OCT042330-30,0.0290,38.00,no
2026-10-05T03:28:39.998869Z,KXBTC15M-26OCT042330-30,0.0290,359.37,no
2026-10-05T03:28:40.051166Z,KXBTC15M-26OCT042330-30,0.0290,0.49,no
2026-10-05T03:28:40.097544Z,KXBTC15M-26OCT042330-30,0.0300,66.38,yes
2026-10-05T03:28:40.097544Z,KXBTC15M-26OCT042330-30,0.0300,46.60,yes
2026-10-05T03:28:40.097544Z,KXBTC15M-26OCT042330-30,0.0300,0.01,yes
2026-10-05T03:28:40.097544Z,KXBTC15M-26OCT042330-30,0.0300,0.01,yes
2026-10-05T03:28:40.104536Z,KXBTC15M-26OCT042330-30,0.0290,5.03,no
2026-10-05T03:28:40.109873Z,KXBTC15M-26OCT042330-30,0.0270,2.00,no
2026-10-05T03:28:40.109873Z,KXBTC15M-26OCT042330-30,0.0290,200.00,no
2026-10-05T03:28:40.109873Z,KXBTC15M-26OCT042330-30,0.0280,200.00,no
2026-10-05T03:28:40.109873Z,KXBTC15M-26OCT042330-30,0.0290,189.00,no
2026-10-05T03:28:40.109873Z,KXBTC15M-26OCT042330-30,0.0290,0.01,no
2026-10-05T03:28:40.109873Z,KXBTC15M-26OCT042330-30,0.0290,153.53,no
2026-10-05T03:28:40.109873Z,KXBTC15M-26OCT042330-30,0.0290,0.01,no
2026-10-05T03:28:40.109873Z,KXBTC15M-26OCT042330-30,0.0270,9.93,no
2026-10-05T03:28:40.118487Z,KXBTC15M-26OCT042330-30,0.0300,2.63,yes
2026-10-05T03:28:40.124629Z,KXBTC15M-26OCT042330-30,0.0290,0.01,no
2026-10-05T03:28:40.124629Z,KXBTC15M-26OCT042330-30,0.0290,0.01,no
2026-10-05T03:28:40.124629Z,KXBTC15M-26OCT042330-30,0.0270,1.01,no
2026-10-05T03:28:40.139252Z,KXBTC15M-26OCT042330-30,0.0290,0.01,no
2026-10-05T03:28:40.139252Z,KXBTC15M-26OCT042330-30,0.0270,47.97,no
2026-10-05T03:28:40.179226Z,KXBTC15M-26OCT042330-30,0.0230,512.13,no
2026-10-05T03:28:40.179226Z,KXBTC15M-26OCT042330-30,0.0250,2.00,no
2026-10-05T03:28:40.179226Z,KXBTC15M-26OCT042330-30,0.0260,2.00,no
2026-10-05T03:28:40.179226Z,KXBTC15M-26OCT042330-30,0.0260,1047.00,no
2026-10-05T03:28:40.179226Z,KXBTC15M-26OCT042330-30,0.0250,2.00,no
2026-10-05T03:28:40.179226Z,KXBTC15M-26OCT042330-30,0.0270,0.01,no
2026-10-05T03:28:40.179226Z,KXBTC15M-26OCT042330-30,0.0240,2.00,no
2026-10-05T03:28:40.179226Z,KXBTC15M-26OCT042330-30,0.0240,2.00,no
2026-10-05T03:28:40.179226Z,KXBTC15M-26OCT042330-30,0.0250,15.00,no
2026-10-05T03:28:40.179226Z,KXBTC15M-26OCT042330-30,0.0260,200.00,no
2026-10-05T03:28:40.179226Z,KXBTC15M-26OCT042330-30,0.0250,64.00,no
2026-10-05T03:28:40.179226Z,KXBTC15M-26OCT042330-30,0.0250,93.75,no
2026-10-05T03:28:40.179226Z,KXBTC15M-26OCT042330-30,0.0250,93.75,no
2026-10-05T03:28:40.179226Z,KXBTC15M-26OCT042330-30,0.0270,200.00,no
2026-10-05T03:28:40.179226Z,KXBTC15M-26OCT042330-30,0.0250,64.00,no
2026-10-05T03:28:40.179226Z,KXBTC15M-26OCT042330-30,0.0270,10.00,no
2026-10-05T03:28:40.179226Z,KXBTC15M-26OCT042330-30,0.0240,88.00,no
2026-10-05T03:28:40.179226Z,KXBTC15M-26OCT042330-30,0.0270,1.07,no
2026-10-05T03:28:40.179226Z,KXBTC15M-26OCT042330-30,0.0270,0.01,no
2026-10-05T03:28:40.179226Z,KXBTC15M-26OCT042330-30,0.0250,150.00,no
2026-10-05T03:28:40.179226Z,KXBTC15M-26OCT042330-30,0.0270,500.00,no
2026-10-05T03:28:40.179226Z,KXBTC15M-26OCT042330-30,0.0270,500.00,no
2026-10-05T03:28:40.190248Z,KXBTC15M-26OCT042330-30,0.0300,161.05,yes
2026-10-05T03:28:40.190248Z,KXBTC15M-26OCT042330-30,0.0300,0.01,yes
2026-10-05T03:28:40.190248Z,KXBTC15M-26OCT042330-30,0.0290,36.00,yes
2026-10-05T03:28:40.190248Z,KXBTC15M-26OCT042330-30,0.0280,0.01,yes
2026-10-05T03:28:40.190248Z,KXBTC15M-26OCT042330-30,0.0280,0.01,yes
2026-10-05T03:28:40.190248Z,KXBTC15M-26OCT042330-30,0.0300,0.01,yes
2026-10-05T03:28:40.190248Z,KXBTC15M-26OCT042330-30,0.0300,100.00,yes
2026-10-05T03:28:40.190248Z,KXBTC15M-26OCT042330-30,0.0300,5.00,yes
2026-10-05T03:28:40.20326Z,KXBTC15M-26OCT042330-30,0.0270,0.01,no
2026-10-05T03:28:40.20326Z,KXBTC15M-26OCT042330-30,0.0270,0.01,no
2026-10-05T03:28:40.20326Z,KXBTC15M-26OCT042330-30,0.0250,5.01,no
2026-10-05T03:28:40.210344Z,KXBTC15M-26OCT042330-30,0.0280,3.02,yes
2026-10-05T03:28:40.252051Z,KXBTC15M-26OCT042330-30,0.0260,0.02,no
2026-10-05T03:28:40.271096Z,KXBTC15M-26OCT042330-30,0.0250,39.19,no
2026-10-05T03:28:40.271096Z,KXBTC15M-26OCT042330-30,0.0260,0.01,no
2026-10-05T03:28:40.271096Z,KXBTC15M-26OCT042330-30,0.0260,1.05,no
2026-10-05T03:28:40.271096Z,KXBTC15M-26OCT042330-30,0.0250,0.01,no
2026-10-05T03:28:40.271096Z,KXBTC15M-26OCT042330-30,0.0260,0.01,no
2026-10-05T03:28:40.271096Z,KXBTC15M-26OCT042330-30,0.0250,0.01,no
2026-10-05T03:28:40.289988Z,KXBTC15M-26OCT042330-30,0.0270,156.06,yes
2026-10-05T03:28:40.312276Z,KXBTC15M-26OCT042330-30,0.0260,2.75,no
2026-10-05T03:28:40.312276Z,KXBTC15M-26OCT042330-30,0.0260,0.01,no
2026-10-05T03:28:40.312276Z,KXBTC15M-26OCT042330-30,0.0260,0.01,no
2026-10-05T03:28:40.332961Z,KXBTC15M-26OCT042330-30,0.0260,1.02,no
2026-10-05T03:28:40.404374Z,KXBTC15M-26OCT042330-30,0.0260,131.34,no
2026-10-05T03:28:40.422434Z,KXBTC15M-26OCT042330-30,0.0260,0.01,no
2026-10-05T03:28:40.422434Z,KXBTC15M-26OCT042330-30,0.0250,22.54,no
2026-10-05T03:28:40.422434Z,KXBTC15M-26OCT042330-30,0.0260,0.01,no
2026-10-05T03:28:40.42431Z,KXBTC15M-26OCT042330-30,0.0250,127.46,no
2026-10-05T03:28:40.438899Z,KXBTC15M-26OCT042330-30,0.0250,50.35,no
2026-10-05T03:28:40.448015Z,KXBTC15M-26OCT042330-30,0.0250,3.90,no
2026-10-05T03:28:40.485892Z,KXBTC15M-26OCT042330-30,0.0270,2500.00,yes
2026-10-05T03:28:40.492106Z,KXBTC15M-26OCT042330-30,0.0270,30.18,yes
2026-10-05T03:28:40.492106Z,KXBTC15M-26OCT042330-30,0.0270,0.01,yes
2026-10-05T03:28:40.492106Z,KXBTC15M-26OCT042330-30,0.0270,0.01,yes
2026-10-05T03:28:40.49406Z,KXBTC15M-26OCT042330-30,0.0270,312.13,yes
2026-10-05T03:28:40.506443Z,KXBTC15M-26OCT042330-30,0.0270,500.00,yes
2026-10-05T03:28:40.506443Z,KXBTC15M-26OCT042330-30,0.0270,200.00,yes
2026-10-05T03:28:40.506443Z,KXBTC15M-26OCT042330-30,0.0270,0.01,yes
2026-10-05T03:28:40.506443Z,KXBTC15M-26OCT042330-30,0.0270,0.01,yes
2026-10-05T03:28:40.506916Z,KXBTC15M-26OCT042330-30,0.0280,2.98,yes
2026-10-05T03:28:40.506916Z,KXBTC15M-26OCT042330-30,0.0280,28.23,yes
2026-10-05T03:28:40.540352Z,KXBTC15M-26OCT042330-30,0.0290,5.11,no
2026-10-05T03:28:40.545867Z,KXBTC15M-26OCT042330-30,0.0290,7.60,no
2026-10-05T03:28:40.595741Z,KXBTC15M-26OCT042330-30,0.0300,0.31,yes
2026-10-05T03:28:40.6508Z,KXBTC15M-26OCT042330-30,0.0300,0.01,yes
2026-10-05T03:28:40.6508Z,KXBTC15M-26OCT042330-30,0.0300,1.69,yes
2026-10-05T03:28:40.6508Z,KXBTC15M-26OCT042330-30,0.0300,0.01,yes
2026-10-05T03:28:40.6508Z,KXBTC15M-26OCT042330-30,0.0300,27.50,yes
2026-10-05T03:28:40.6508Z,KXBTC15M-26OCT042330-30,0.0300,2.00,yes
2026-10-05T03:28:40.721075Z,KXBTC15M-26OCT042330-30,0.0300,31.21,yes
2026-10-05T03:28:40.723221Z,KXBTC15M-26OCT042330-30,0.0300,29.90,yes
2026-10-05T03:28:40.725309Z,KXBTC15M-26OCT042330-30,0.0290,192.05,no
2026-10-05T03:28:40.729216Z,KXBTC15M-26OCT042330-30,0.0290,0.25,no
2026-10-05T03:28:40.744227Z,KXBTC15M-26OCT042330-30,0.0300,6.00,yes
2026-10-05T03:28:40.756351Z,KXBTC15M-26OCT042330-30,0.0290,199.51,no
2026-10-05T03:28:40.790037Z,KXBTC15M-26OCT042330-30,0.0300,106.61,yes
2026-10-05T03:28:40.790037Z,KXBTC15M-26OCT042330-30,0.0300,5.39,yes
2026-10-05T03:28:40.812415Z,KXBTC15M-26OCT042330-30,0.0290,22.54,no
2026-10-05T03:28:40.896452Z,KXBTC15M-26OCT042330-30,0.0290,231.96,no
2026-10-05T03:28:40.908174Z,KXBTC15M-26OCT042330-30,0.0290,45.12,no
2026-10-05T03:28:40.915294Z,KXBTC15M-26OCT042330-30,0.0290,18.28,no
2026-10-05T03:28:40.950062Z,KXBTC15M-26OCT042330-30,0.0290,15.63,no
2026-10-05T03:28:40.975012Z,KXBTC15M-26OCT042330-30,0.0290,5.13,no
2026-10-05T03:28:41.068092Z,KXBTC15M-26OCT042330-30,0.0300,20.00,yes
2026-10-05T03:28:41.071783Z,KXBTC15M-26OCT042330-30,0.0290,114.55,no
2026-10-05T03:28:41.118324Z,KXBTC15M-26OCT042330-30,0.0290,944.52,no
2026-10-05T03:28:41.121761Z,KXBTC15M-26OCT042330-30,0.0290,18.28,no
2026-10-05T03:28:41.140833Z,KXBTC15M-26OCT042330-30,0.0290,17.11,no
2026-10-05T03:28:41.1771Z,KXBTC15M-26OCT042330-30,0.0300,62.42,yes
2026-10-05T03:28:41.180423Z,KXBTC15M-26OCT042330-30,0.0290,0.01,no
2026-10-05T03:28:41.180423Z,KXBTC15M-26OCT042330-30,0.0280,100.69,no
2026-10-05T03:28:41.180423Z,KXBTC15M-26OCT042330-30,0.0290,0.01,no
2026-10-05T03:28:41.219035Z,KXBTC15M-26OCT042330-30,0.0250,22.22,no
2026-10-05T03:28:41.219035Z,KXBTC15M-26OCT042330-30,0.0250,0.01,no
2026-10-05T03:28:41.23597Z,KXBTC15M-26OCT042330-30,0.0270,15.33,yes
2026-10-05T03:28:41.252491Z,KXBTC15M-26OCT042330-30,0.0260,31.21,yes
2026-10-05T03:28:41.263827Z,KXBTC15M-26OCT042330-30,0.0250,13.57,no
2026-10-05T03:28:41.263827Z,KXBTC15M-26OCT042330-30,0.0250,77.78,no
2026-10-05T03:28:41.263827Z,KXBTC15M-26OCT042330-30,0.0250,0.01,no
2026-10-05T03:28:41.27959Z,KXBTC15M-26OCT042330-30,0.0260,1.06,yes
2026-10-05T03:28:41.284265Z,KXBTC15M-26OCT042330-30,0.0250,42.09,no
2026-10-05T03:28:41.307932Z,KXBTC15M-26OCT042330-30,0.0260,2.42,yes
2026-10-05T03:28:41.307932Z,KXBTC15M-26OCT042330-30,0.0260,0.01,yes
2026-10-05T03:28:41.307932Z,KXBTC15M-26OCT042330-30,0.0260,0.01,yes
2026-10-05T03:28:41.405905Z,KXBTC15M-26OCT042330-30,0.0250,43.67,no
2026-10-05T03:28:41.405905Z,KXBTC15M-26OCT042330-30,0.0250,0.01,no
2026-10-05T03:28:41.405905Z,KXBTC15M-26OCT042330-30,0.0250,0.01,no
2026-10-05T03:28:41.405905Z,KXBTC15M-26OCT042330-30,0.0260,0.01,no
2026-10-05T03:28:41.405905Z,KXBTC15M-26OCT042330-30,0.0260,51.00,no
2026-10-05T03:28:41.405905Z,KXBTC15M-26OCT042330-30,0.0260,0.01,no
2026-10-05T03:28:41.405905Z,KXBTC15M-26OCT042330-30,0.0260,6.00,no
2026-10-05T03:28:41.421017Z,KXBTC15M-26OCT042330-30,0.0260,0.01,no
2026-10-05T03:28:41.421017Z,KXBTC15M-26OCT042330-30,0.0260,0.01,no
2026-10-05T03:28:41.421017Z,KXBTC15M-26OCT042330-30,0.0260,99.98,no
2026-10-05T03:28:41.426993Z,KXBTC15M-26OCT042330-30,0.0260,5.00,no
2026-10-05T03:28:41.445635Z,KXBTC15M-26OCT042330-30,0.0270,0.01,yes
2026-10-05T03:28:41.445635Z,KXBTC15M-26OCT042330-30,0.0280,200.00,yes
2026-10-05T03:28:41.445635Z,KXBTC15M-26OCT042330-30,0.0290,2.00,yes
2026-10-05T03:28:41.445635Z,KXBTC15M-26OCT042330-30,0.0300,4.72,yes
2026-10-05T03:28:41.445635Z,KXBTC15M-26OCT042330-30,0.0290,2.00,yes
2026-10-05T03:28:41.445635Z,KXBTC15M-26OCT042330-30,0.0270,0.01,yes
2026-10-05T03:28:41.445635Z,KXBTC15M-26OCT042330-30,0.0300,2.00,yes
2026-10-05T03:28:41.445635Z,KXBTC15M-26OCT042330-30,0.0280,270.00,yes
2026-10-05T03:28:41.445635Z,KXBTC15M-26OCT042330-30,0.0290,5.00,yes
2026-10-05T03:28:41.445635Z,KXBTC15M-26OCT042330-30,0.0270,269.02,yes
2026-10-05T03:28:41.445635Z,KXBTC15M-26OCT042330-30,0.0290,6.00,yes
2026-10-05T03:28:41.445635Z,KXBTC15M-26OCT042330-30,0.0300,17.58,yes
2026-10-05T03:28:41.445635Z,KXBTC15M-26OCT042330-30,0.0300,2.00,yes
2026-10-05T03:28:41.457626Z,KXBTC15M-26OCT042330-30,0.0270,0.01,yes
2026-10-05T03:28:41.457626Z,KXBTC15M-26OCT042330-30,0.0270,0.01,yes
2026-10-05T03:28:41.457626Z,KXBTC15M-26OCT042330-30,0.0290,5.00,yes
2026-10-05T03:28:41.457626Z,KXBTC15M-26OCT042330-30,0.0290,15.26,yes
2026-10-05T03:28:41.494536Z,KXBTC15M-26OCT042330-30,0.0260,0.01,no
2026-10-05T03:28:41.494536Z,KXBTC15M-26OCT042330-30,0.0260,0.01,no
2026-10-05T03:28:41.494536Z,KXBTC15M-26OCT042330-30,0.0260,7.29,no
2026-10-05T03:28:41.502699Z,KXBTC15M-26OCT042330-30,0.0270,0.01,yes
2026-10-05T03:28:41.502699Z,KXBTC15M-26OCT042330-30,0.0270,0.01,yes
2026-10-05T03:28:41.502699Z,KXBTC15M-26OCT042330-30,0.0280,1.98,yes
2026-10-05T03:28:41.599888Z,KXBTC15M-26OCT042330-30,0.0260,203.71,no
2026-10-05T03:28:41.599888Z,KXBTC15M-26OCT042330-30,0.0260,1.06,no
2026-10-05T03:28:41.640705Z,KXBTC15M-26OCT042330-30,0.0260,1.02,no
2026-10-05T03:28:41.653861Z,KXBTC15M-26OCT042330-30,0.0260,105.07,no
2026-10-05T03:28:41.66361Z,KXBTC15M-26OCT042330-30,0.0300,26.19,yes
2026-10-05T03:28:41.66361Z,KXBTC15M-26OCT042330-30,0.0290,5.00,yes
2026-10-05T03:28:41.66361Z,KXBTC15M-26OCT042330-30,0.0270,0.01,yes
2026-10-05T03:28:41.66361Z,KXBTC15M-26OCT042330-30,0.0270,0.01,yes
2026-10-05T03:28:41.677859Z,KXBTC15M-26OCT042330-30,0.0260,0.01,no
2026-10-05T03:28:41.677859Z,KXBTC15M-26OCT042330-30,0.0260,92.85,no
2026-10-05T03:28:41.677859Z,KXBTC15M-26OCT042330-30,0.0260,6.00,no
2026-10-05T03:28:41.677859Z,KXBTC15M-26OCT042330-30,0.0260,0.01,no
2026-10-05T03:28:41.677859Z,KXBTC15M-26OCT042330-30,0.0260,158.12,no
2026-10-05T03:28:41.677972Z,KXBTC15M-26OCT042330-30,0.0260,37.00,no
2026-10-05T03:28:41.689056Z,KXBTC15M-26OCT042330-30,0.0260,9.23,no
2026-10-05T03:28:41.721962Z,KXBTC15M-26OCT042330-30,0.0260,12.28,no
2026-10-05T03:28:41.742832Z,KXBTC15M-26OCT042330-30,0.0290,9.19,yes
2026-10-05T03:28:41.742832Z,KXBTC15M-26OCT042330-30,0.0290,5.00,yes
2026-10-05T03:28:41.75116Z,KXBTC15M-26OCT042330-30,0.0290,14.62,yes
2026-10-05T03:28:41.780045Z,KXBTC15M-26OCT042330-30,0.0260,53.00,no
2026-10-05T03:28:41.790328Z,KXBTC15M-26OCT042330-30,0.0260,1.05,no
2026-10-05T03:28:41.799283Z,KXBTC15M-26OCT042330-30,0.0260,470.70,no
2026-10-05T03:28:41.799283Z,KXBTC15M-26OCT042330-30,0.0260,229.32,no
2026-10-05T03:28:41.801766Z,KXBTC15M-26OCT042330-30,0.0260,6.19,no
2026-10-05T03:28:41.817237Z,KXBTC15M-26OCT042330-30,0.0290,27.24,yes
2026-10-05T03:28:42.005443Z,KXBTC15M-26OCT042330-30,0.0260,0.01,no
2026-10-05T03:28:42.005443Z,KXBTC15M-26OCT042330-30,0.0260,0.30,no
2026-10-05T03:28:42.005443Z,KXBTC15M-26OCT042330-30,0.0260,0.01,no
2026-10-05T03:28:42.040276Z,KXBTC15M-26OCT042330-30,0.0260,33.67,no
2026-10-05T03:28:42.076575Z,KXBTC15M-26OCT042330-30,0.0280,0.01,yes
2026-10-05T03:28:42.076575Z,KXBTC15M-26OCT042330-30,0.0280,0.01,yes
2026-10-05T03:28:42.076575Z,KXBTC15M-26OCT042330-30,0.0280,5.00,yes
2026-10-05T03:28:42.076575Z,KXBTC15M-26OCT042330-30,0.0300,57.10,yes
2026-10-05T03:28:42.076575Z,KXBTC15M-26OCT042330-30,0.0290,0.01,yes
2026-10-05T03:28:42.076575Z,KXBTC15M-26OCT042330-30,0.0290,0.01,yes
2026-10-05T03:28:42.080313Z,KXBTC15M-26OCT042330-30,0.0260,1.02,no
2026-10-05T03:28:42.174854Z,KXBTC15M-26OCT042330-30,0.0270,1.02,no
2026-10-05T03:28:42.175169Z,KXBTC15M-26OCT042330-30,0.0270,14.94,no
2026-10-05T03:28:42.192182Z,KXBTC15M-26OCT042330-30,0.0270,202.00,no
2026-10-05T03:28:42.20742Z,KXBTC15M-26OCT042330-30,0.0270,50.00,no
2026-10-05T03:28:42.227902Z,KXBTC15M-26OCT042330-30,0.0280,0.01,yes
2026-10-05T03:28:42.227902Z,KXBTC15M-26OCT042330-30,0.0280,0.01,yes
2026-10-05T03:28:42.227902Z,KXBTC15M-26OCT042330-30,0.0280,0.98,yes
2026-10-05T03:28:42.241984Z,KXBTC15M-26OCT042330-30,0.0270,307.44,no
2026-10-05T03:28:42.25565Z,KXBTC15M-26OCT042330-30,0.0270,0.01,no
2026-10-05T03:28:42.25565Z,KXBTC15M-26OCT042330-30,0.0270,30.76,no
2026-10-05T03:28:42.348978Z,KXBTC15M-26OCT042330-30,0.0280,320.30,yes
2026-10-05T03:28:42.349009Z,KXBTC15M-26OCT042330-30,0.0270,0.01,no
2026-10-05T03:28:42.349009Z,KXBTC15M-26OCT042330-30,0.0270,0.01,no
2026-10-05T03:28:42.349009Z,KXBTC15M-26OCT042330-30,0.0240,134.55,no
2026-10-05T03:28:42.357208Z,KXBTC15M-26OCT042330-30,0.0240,35.23,no
2026-10-05T03:28:42.379013Z,KXBTC15M-26OCT042330-30,0.0280,0.01,yes
2026-10-05T03:28:42.379013Z,KXBTC15M-26OCT042330-30,0.0280,200.00,yes
2026-10-05T03:28:42.379013Z,KXBTC15M-26OCT042330-30,0.0280,0.01,yes
2026-10-05T03:28:42.379013Z,KXBTC15M-26OCT042330-30,0.0280,280.76,yes
2026-10-05T03:28:42.379013Z,KXBTC15M-26OCT042330-30,0.0280,179.70,yes
2026-10-05T03:28:42.379013Z,KXBTC15M-26OCT042330-30,0.0280,49.86,yes
2026-10-05T03:28:42.382112Z,KXBTC15M-26OCT042330-30,0.0240,27.69,no
2026-10-05T03:28:42.394081Z,KXBTC15M-26OCT042330-30,0.0250,9.00,no
2026-10-05T03:28:42.445468Z,KXBTC15M-26OCT042330-30,0.0260,1.15,yes
2026-10-05T03:28:42.485812Z,KXBTC15M-26OCT042330-30,0.0260,0.01,yes
2026-10-05T03:28:42.485812Z,KXBTC15M-26OCT042330-30,0.0260,0.01,yes
2026-10-05T03:28:42.48724Z,KXBTC15M-26OCT042330-30,0.0250,0.01,no
2026-10-05T03:28:42.48724Z,KXBTC15M-26OCT042330-30,0.0250,0.01,no
2026-10-05T03:28:42.48724Z,KXBTC15M-26OCT042330-30,0.0250,21.40,no
2026-10-05T03:28:42.527404Z,KXBTC15M-26OCT042330-30,0.0250,11.35,no
2026-10-05T03:28:42.54819Z,KXBTC15M-26OCT042330-30,0.0260,0.01,yes
2026-10-05T03:28:42.54819Z,KXBTC15M-26OCT042330-30,0.0270,0.01,yes
2026-10-05T03:28:42.54819Z,KXBTC15M-26OCT042330-30,0.0270,0.01,yes
2026-10-05T03:28:42.54819Z,KXBTC15M-26OCT042330-30,0.0280,3.00,yes
2026-10-05T03:28:42.54819Z,KXBTC15M-26OCT042330-30,0.0280,5.00,yes
2026-10-05T03:28:42.54819Z,KXBTC15M-26OCT042330-30,0.0290,47.82,yes
2026-10-05T03:28:42.54819Z,KXBTC15M-26OCT042330-30,0.0260,0.01,yes
2026-10-05T03:28:42.594477Z,KXBTC15M-26OCT042330-30,0.0270,18.00,yes
2026-10-05T03:28:42.594477Z,KXBTC15M-26OCT042330-30,0.0280,0.01,yes
2026-10-05T03:28:42.594477Z,KXBTC15M-26OCT042330-30,0.0260,0.01,yes
2026-10-05T03:28:42.594477Z,KXBTC15M-26OCT042330-30,0.0260,0.01,yes
2026-10-05T03:28:42.594477Z,KXBTC15M-26OCT042330-30,0.0280,13.40,yes
2026-10-05T03:28:42.594477Z,KXBTC15M-26OCT042330-30,0.0280,1.00,yes
2026-10-05T03:28:42.594477Z,KXBTC15M-26OCT042330-30,0.0280,1.00,yes
2026-10-05T03:28:42.602471Z,KXBTC15M-26OCT042330-30,0.0250,162.69,no
2026-10-05T03:28:42.614249Z,KXBTC15M-26OCT042330-30,0.0250,67.35,no
2026-10-05T03:28:42.635805Z,KXBTC15M-26OCT042330-30,0.0270,167.17,yes
2026-10-05T03:28:42.635805Z,KXBTC15M-26OCT042330-30,0.0260,0.01,yes
2026-10-05T03:28:42.635805Z,KXBTC15M-26OCT042330-30,0.0260,0.01,yes
2026-10-05T03:28:42.701697Z,KXBTC15M-26OCT042330-30,0.0210,107.00,no
2026-10-05T03:28:42.701697Z,KXBTC15M-26OCT042330-30,0.0250,200.00,no
2026-10-05T03:28:42.701697Z,KXBTC15M-26OCT042330-30,0.0250,10.00,no
2026-10-05T03:28:42.701697Z,KXBTC15M-26OCT042330-30,0.0240,200.00,no
2026-10-05T03:28:42.701697Z,KXBTC15M-26OCT042330-30,0.0250,0.01,no
2026-10-05T03:28:42.701697Z,KXBTC15M-26OCT042330-30,0.0250,0.01,no
2026-10-05T03:28:42.701697Z,KXBTC15M-26OCT042330-30,0.0250,437.58,no
2026-10-05T03:28:42.701697Z,KXBTC15M-26OCT042330-30,0.0230,150.00,no
2026-10-05T03:28:42.701697Z,KXBTC15M-26OCT042330-30,0.0250,237.21,no
2026-10-05T03:28:42.701697Z,KXBTC15M-26OCT042330-30,0.0210,2.00,no
2026-10-05T03:28:42.701697Z,KXBTC15M-26OCT042330-30,0.0210,2.00,no
2026-10-05T03:28:42.701697Z,KXBTC15M-26OCT042330-30,0.0220,84.00,no
2026-10-05T03:28:42.701697Z,KXBTC15M-26OCT042330-30,0.0220,21.00,no
2026-10-05T03:28:42.701697Z,KXBTC15M-26OCT042330-30,0.0250,500.00,no
2026-10-05T03:28:42.701697Z,KXBTC15M-26OCT042330-30,0.0210,522.00,no
2026-10-05T03:28:42.701697Z,KXBTC15M-26OCT042330-30,0.0210,1.00,no
2026-10-05T03:28:42.701697Z,KXBTC15M-26OCT042330-30,0.0210,1.00,no
2026-10-05T03:28:42.789832Z,KXBTC15M-26OCT042330-30,0.0260,0.01,yes
2026-10-05T03:28:42.789832Z,KXBTC15M-26OCT042330-30,0.0260,0.01,yes
2026-10-05T03:28:42.789832Z,KXBTC15M-26OCT042330-30,0.0280,1.02,yes
2026-10-05T03:28:42.813287Z,KXBTC15M-26OCT042330-30,0.0270,2.23,yes
2026-10-05T03:28:42.866672Z,KXBTC15M-26OCT042330-30,0.0260,18.00,yes
2026-10-05T03:28:42.881267Z,KXBTC15M-26OCT042330-30,0.0250,0.01,no
2026-10-05T03:28:42.881267Z,KXBTC15M-26OCT042330-30,0.0250,0.01,no
2026-10-05T03:28:42.881267Z,KXBTC15M-26OCT042330-30,0.0240,75.98,no
2026-10-05T03:28:42.886836Z,KXBTC15M-26OCT042330-30,0.0240,7.09,no
2026-10-05T03:28:42.898947Z,KXBTC15M-26OCT042330-30,0.0260,12.00,yes
2026-10-05T03:28:42.898947Z,KXBTC15M-26OCT042330-30,0.0260,0.01,yes
2026-10-05T03:28:42.898947Z,KXBTC15M-26OCT042330-30,0.0260,429.51,yes
2026-10-05T03:28:42.898947Z,KXBTC15M-26OCT042330-30,0.0260,24.56,yes
2026-10-05T03:28:42.898947Z,KXBTC15M-26OCT042330-30,0.0260,0.01,yes
2026-10-05T03:28:42.898947Z,KXBTC15M-26OCT042330-30,0.0260,228.00,yes
2026-10-05T03:28:42.898947Z,KXBTC15M-26OCT042330-30,0.0260,500.00,yes
2026-10-05T03:28:42.925631Z,KXBTC15M-26OCT042330-30,0.0260,0.01,yes
2026-10-05T03:28:42.925631Z,KXBTC15M-26OCT042330-30,0.0260,0.01,yes
2026-10-05T03:28:42.925631Z,KXBTC15M-26OCT042330-30,0.0260,99.98,yes
2026-10-05T03:28:42.963984Z,KXBTC15M-26OCT042330-30,0.0260,0.01,yes
2026-10-05T03:28:42.963984Z,KXBTC15M-26OCT042330-30,0.0260,0.01,yes
2026-10-05T03:28:42.963984Z,KXBTC15M-26OCT042330-30,0.0260,1.63,yes
2026-10-05T03:28:42.983291Z,KXBTC15M-26OCT042330-30,0.0260,4.11,yes
2026-10-05T03:28:42.983291Z,KXBTC15M-26OCT042330-30,0.0260,0.01,yes
2026-10-05T03:28:42.983291Z,KXBTC15M-26OCT042330-30,0.0260,0.01,yes
2026-10-05T03:28:42.99993Z,KXBTC15M-26OCT042330-30,0.0250,0.01,no
2026-10-05T03:28:42.99993Z,KXBTC15M-26OCT042330-30,0.0240,2.02,no
2026-10-05T03:28:42.99993Z,KXBTC15M-26OCT042330-30,0.0250,0.01,no
2026-10-05T03:28:43.001758Z,KXBTC15M-26OCT042330-30,0.0240,7.98,no
2026-10-05T03:28:43.001758Z,KXBTC15M-26OCT042330-30,0.0240,188.67,no
2026-10-05T03:28:43.012987Z,KXBTC15M-26OCT042330-30,0.0250,21.55,no
2026-10-05T03:28:43.077398Z,KXBTC15M-26OCT042330-30,0.0260,0.01,yes
2026-10-05T03:28:43.077398Z,KXBTC15M-26OCT042330-30,0.0260,30.89,yes
2026-10-05T03:28:43.077398Z,KXBTC15M-26OCT042330-30,0.0260,0.01,yes
2026-10-05T03:28:43.118738Z,KXBTC15M-26OCT042330-30,0.0250,0.01,no
2026-10-05T03:28:43.118738Z,KXBTC15M-26OCT042330-30,0.0250,0.01,no
2026-10-05T03:28:43.118738Z,KXBTC15M-26OCT042330-30,0.0250,46.13,no
2026-10-05T03:28:43.124375Z,KXBTC15M-26OCT042330-30,0.0260,12.37,yes
2026-10-05T03:28:43.213208Z,KXBTC15M-26OCT042330-30,0.0250,10.00,no
2026-10-05T03:28:43.215148Z,KXBTC15M-26OCT042330-30,0.0250,5.11,no
2026-10-05T03:28:43.25898Z,KXBTC15M-26OCT042330-30,0.0250,0.01,no
2026-10-05T03:28:43.25898Z,KXBTC15M-26OCT042330-30,0.0250,0.01,no
2026-10-05T03:28:43.25898Z,KXBTC15M-26OCT042330-30,0.0250,5.09,no
2026-10-05T03:28:43.289454Z,KXBTC15M-26OCT042330-30,0.0260,0.01,yes
2026-10-05T03:28:43.289454Z,KXBTC15M-26OCT042330-30,0.0260,0.01,yes
2026-10-05T03:28:43.289454Z,KXBTC15M-26OCT042330-30,0.0260,200.00,yes
2026-10-05T03:28:43.289454Z,KXBTC15M-26OCT042330-30,0.0260,111.82,yes
2026-10-05T03:28:43.294696Z,KXBTC15M-26OCT042330-30,0.0250,0.01,no
2026-10-05T03:28:43.294696Z,KXBTC15M-26OCT042330-30,0.0250,0.01,no
2026-10-05T03:28:43.294696Z,KXBTC15M-26OCT042330-30,0.0250,339.57,no
2026-10-05T03:28:43.318593Z,KXBTC15M-26OCT042330-30,0.0250,101.00,no
2026-10-05T03:28:43.318597Z,KXBTC15M-26OCT042330-30,0.0250,11.76,no
2026-10-05T03:28:43.329052Z,KXBTC15M-26OCT042330-30,0.0260,2.10,yes
2026-10-05T03:28:43.346166Z,KXBTC15M-26OCT042330-30,0.0260,103.00,yes
2026-10-05T03:28:43.348867Z,KXBTC15M-26OCT042330-30,0.0250,0.01,no
2026-10-05T03:28:43.348867Z,KXBTC15M-26OCT042330-30,0.0250,0.01,no
2026-10-05T03:28:43.348867Z,KXBTC15M-26OCT042330-30,0.0240,320.56,no
2026-10-05T03:28:43.382381Z,KXBTC15M-26OCT042330-30,0.0260,383.48,yes
2026-10-05T03:28:43.382381Z,KXBTC15M-26OCT042330-30,0.0260,116.52,yes
2026-10-05T03:28:43.396238Z,KXBTC15M-26OCT042330-30,0.0260,200.00,yes
2026-10-05T03:28:43.396238Z,KXBTC15M-26OCT042330-30,0.0260,0.01,yes
2026-10-05T03:28:43.396238Z,KXBTC15M-26OCT042330-30,0.0270,10.00,yes
2026-10-05T03:28:43.396238Z,KXBTC15M-26OCT042330-30,0.0260,0.01,yes
2026-10-05T03:28:43.396238Z,KXBTC15M-26OCT042330-30,0.0270,200.00,yes
2026-10-05T03:28:43.396238Z,KXBTC15M-26OCT042330-30,0.0270,41.09,yes
2026-10-05T03:28:43.396238Z,KXBTC15M-26OCT042330-30,0.0260,116.52,yes
2026-10-05T03:28:43.422352Z,KXBTC15M-26OCT042330-30,0.0250,10.23,no
2026-10-05T03:28:43.440448Z,KXBTC15M-26OCT042330-30,0.0250,0.01,no
2026-10-05T03:28:43.440448Z,KXBTC15M-26OCT042330-30,0.0250,0.01,no
2026-10-05T03:28:43.440448Z,KXBTC15M-26OCT042330-30,0.0250,491.42,no
2026-10-05T03:28:43.44534Z,KXBTC15M-26OCT042330-30,0.0240,0.01,no
2026-10-05T03:28:43.44534Z,KXBTC15M-26OCT042330-30,0.0240,10.27,no
2026-10-05T03:28:43.4691Z,KXBTC15M-26OCT042330-30,0.0260,12.00,yes
2026-10-05T03:28:43.4691Z,KXBTC15M-26OCT042330-30,0.0270,9.29,yes
2026-10-05T03:28:43.4691Z,KXBTC15M-26OCT042330-30,0.0260,0.01,yes
2026-10-05T03:28:43.4691Z,KXBTC15M-26OCT042330-30,0.0260,0.01,yes
2026-10-05T03:28:43.49634Z,KXBTC15M-26OCT042330-30,0.0240,0.01,no
2026-10-05T03:28:43.49634Z,KXBTC15M-26OCT042330-30,0.0240,0.01,no
2026-10-05T03:28:43.49634Z,KXBTC15M-26OCT042330-30,0.0250,0.01,no
2026-10-05T03:28:43.49634Z,KXBTC15M-26OCT042330-30,0.0250,0.01,no
2026-10-05T03:28:43.49634Z,KXBTC15M-26OCT042330-30,0.0240,0.78,no
2026-10-05T03:28:43.530984Z,KXBTC15M-26OCT042330-30,0.0260,12.00,yes
2026-10-05T03:28:43.530984Z,KXBTC15M-26OCT042330-30,0.0260,0.01,yes
2026-10-05T03:28:43.530984Z,KXBTC15M-26OCT042330-30,0.0270,4.98,yes
2026-10-05T03:28:43.530984Z,KXBTC15M-26OCT042330-30,0.0260,0.01,yes
2026-10-05T03:28:43.542572Z,KXBTC15M-26OCT042330-30,0.0250,0.01,no
2026-10-05T03:28:43.542572Z,KXBTC15M-26OCT042330-30,0.0250,0.01,no
2026-10-05T03:28:43.542572Z,KXBTC15M-26OCT042330-30,0.0250,9.00,no
2026-10-05T03:28:43.55947Z,KXBTC15M-26OCT042330-30,0.0270,10.64,yes
2026-10-05T03:28:43.55947Z,KXBTC15M-26OCT042330-30,0.0260,0.01,yes
2026-10-05T03:28:43.55947Z,KXBTC15M-26OCT042330-30,0.0260,0.01,yes
2026-10-05T03:28:43.55947Z,KXBTC15M-26OCT042330-30,0.0270,10.65,yes
2026-10-05T03:28:43.576813Z,KXBTC15M-26OCT042330-30,0.0250,43.81,no
2026-10-05T03:28:43.605613Z,KXBTC15M-26OCT042330-30,0.0250,34.45,no
2026-10-05T03:28:43.60635Z,KXBTC15M-26OCT042330-30,0.0250,0.06,no
2026-10-05T03:28:43.632425Z,KXBTC15M-26OCT042330-30,0.0250,56.55,no
2026-10-05T03:28:43.68721Z,KXBTC15M-26OCT042330-30,0.0250,10.00,no
2026-10-05T03:28:43.728766Z,KXBTC15M-26OCT042330-30,0.0250,3.07,no
2026-10-05T03:28:43.737146Z,KXBTC15M-26OCT042330-30,0.0250,8.62,no
2026-10-05T03:28:43.748855Z,KXBTC15M-26OCT042330-30,0.0270,37.98,yes
2026-10-05T03:28:43.748855Z,KXBTC15M-26OCT042330-30,0.0260,0.01,yes
2026-10-05T03:28:43.748855Z,KXBTC15M-26OCT042330-30,0.0260,0.01,yes
2026-10-05T03:28:43.748855Z,KXBTC15M-26OCT042330-30,0.0260,12.00,yes
2026-10-05T03:28:43.759636Z,KXBTC15M-26OCT042330-30,0.0250,61.54,no
2026-10-05T03:28:43.81322Z,KXBTC15M-26OCT042330-30,0.0260,12.00,yes
2026-10-05T03:28:43.81322Z,KXBTC15M-26OCT042330-30,0.0260,0.01,yes
2026-10-05T03:28:43.81322Z,KXBTC15M-26OCT042330-30,0.0270,57.93,yes
2026-10-05T03:28:43.81322Z,KXBTC15M-26OCT042330-30,0.0260,0.01,yes
2026-10-05T03:28:43.815932Z,KXBTC15M-26OCT042330-30,0.0270,6.31,yes
2026-10-05T03:28:43.846339Z,KXBTC15M-26OCT042330-30,0.0270,15.40,yes
2026-10-05T03:28:43.846339Z,KXBTC15M-26OCT042330-30,0.0270,48.78,yes
2026-10-05T03:28:43.846339Z,KXBTC15M-26OCT042330-30,0.0270,2.00,yes
2026-10-05T03:28:43.846339Z,KXBTC15M-26OCT042330-30,0.0270,2.00,yes
2026-10-05T03:28:43.849715Z,KXBTC15M-26OCT042330-30,0.0250,26.58,no
2026-10-05T03:28:43.901479Z,KXBTC15M-26OCT042330-30,0.0260,52.53,no
2026-10-05T03:28:43.923134Z,KXBTC15M-26OCT042330-30,0.0250,0.01,no
2026-10-05T03:28:43.923134Z,KXBTC15M-26OCT042330-30,0.0250,0.01,no
2026-10-05T03:28:43.923134Z,KXBTC15M-26OCT042330-30,0.0260,0.01,no
2026-10-05T03:28:43.923134Z,KXBTC15M-26OCT042330-30,0.0260,0.01,no
2026-10-05T03:28:43.923134Z,KXBTC15M-26OCT042330-30,0.0230,100.29,no
2026-10-05T03:28:43.934743Z,KXBTC15M-26OCT042330-30,0.0260,0.01,no
2026-10-05T03:28:43.934743Z,KXBTC15M-26OCT042330-30,0.0250,0.01,no
2026-10-05T03:28:43.934743Z,KXBTC15M-26OCT042330-30,0.0260,0.01,no
2026-10-05T03:28:43.934743Z,KXBTC15M-26OCT042330-30,0.0230,20.03,no
2026-10-05T03:28:44.009961Z,KXBTC15M-26OCT042330-30,0.0270,6.68,yes
2026-10-05T03:28:44.022303Z,KXBTC15M-26OCT042330-30,0.0270,30.89,yes
2026-10-05T03:28:44.049169Z,KXBTC15M-26OCT042330-30,0.0260,0.01,no
2026-10-05T03:28:44.049169Z,KXBTC15M-26OCT042330-30,0.0260,0.01,no
2026-10-05T03:28:44.049169Z,KXBTC15M-26OCT042330-30,0.0240,148.46,no
2026-10-05T03:28:44.060283Z,KXBTC15M-26OCT042330-30,0.0270,34.18,yes
2026-10-05T03:28:44.083494Z,KXBTC15M-26OCT042330-30,0.0250,34.90,yes
2026-10-05T03:28:44.119261Z,KXBTC15M-26OCT042330-30,0.0250,0.01,yes
2026-10-05T03:28:44.119261Z,KXBTC15M-26OCT042330-30,0.0260,0.01,yes
2026-10-05T03:28:44.119261Z,KXBTC15M-26OCT042330-30,0.0260,66.00,yes
2026-10-05T03:28:44.119261Z,KXBTC15M-26OCT042330-30,0.0260,3.52,yes
2026-10-05T03:28:44.119261Z,KXBTC15M-26OCT042330-30,0.0250,0.01,yes
2026-10-05T03:28:44.119261Z,KXBTC15M-26OCT042330-30,0.0260,0.01,yes
2026-10-05T03:28:44.120685Z,KXBTC15M-26OCT042330-30,0.0240,0.01,no
2026-10-05T03:28:44.120685Z,KXBTC15M-26OCT042330-30,0.0240,0.01,no
2026-10-05T03:28:44.120685Z,KXBTC15M-26OCT042330-30,0.0240,10.00,no
2026-10-05T03:28:44.148046Z,KXBTC15M-26OCT042330-30,0.0240,22.05,no
2026-10-05T03:28:44.182725Z,KXBTC15M-26OCT042330-30,0.0240,50.16,no
2026-10-05T03:28:44.197437Z,KXBTC15M-26OCT042330-30,0.0240,7.12,no
2026-10-05T03:28:44.228931Z,KXBTC15M-26OCT042330-30,0.0270,33.46,yes
2026-10-05T03:28:44.228931Z,KXBTC15M-26OCT042330-30,0.0260,0.01,yes
2026-10-05T03:28:44.228931Z,KXBTC15M-26OCT042330-30,0.0250,0.01,yes
2026-10-05T03:28:44.228931Z,KXBTC15M-26OCT042330-30,0.0260,0.01,yes
2026-10-05T03:28:44.228931Z,KXBTC15M-26OCT042330-30,0.0250,0.01,yes
2026-10-05T03:28:44.253024Z,KXBTC15M-26OCT042330-30,0.0240,52.76,no
2026-10-05T03:28:44.253055Z,KXBTC15M-26OCT042330-30,0.0270,0.66,yes
2026-10-05T03:28:44.260232Z,KXBTC15M-26OCT042330-30,0.0270,80.00,yes
2026-10-05T03:28:44.28299Z,KXBTC15M-26OCT042330-30,0.0270,6.39,yes
2026-10-05T03:28:44.311601Z,KXBTC15M-26OCT042330-30,0.0270,5.14,yes
2026-10-05T03:28:44.332836Z,KXBTC15M-26OCT042330-30,0.0240,16.75,no
2026-10-05T03:28:44.339663Z,KXBTC15M-26OCT042330-30,0.0270,20.06,yes
2026-10-05T03:28:44.373214Z,KXBTC15M-26OCT042330-30,0.0270,58.29,yes
2026-10-05T03:28:44.373214Z,KXBTC15M-26OCT042330-30,0.0270,97.83,yes
2026-10-05T03:28:44.390558Z,KXBTC15M-26OCT042330-30,0.0270,3.40,yes
2026-10-05T03:28:44.465011Z,KXBTC15M-26OCT042330-30,0.0270,0.01,yes
2026-10-05T03:28:44.465011Z,KXBTC15M-26OCT042330-30,0.0270,130.21,yes
2026-10-05T03:28:44.465011Z,KXBTC15M-26OCT042330-30,0.0270,97.00,yes
2026-10-05T03:28:44.465011Z,KXBTC15M-26OCT042330-30,0.0270,0.01,yes
2026-10-05T03:28:44.465011Z,KXBTC15M-26OCT042330-30,0.0270,6.60,yes
2026-10-05T03:28:44.465011Z,KXBTC15M-26OCT042330-30,0.0270,3.40,yes
2026-10-05T03:28:44.47691Z,KXBTC15M-26OCT042330-30,0.0240,190.91,no
2026-10-05T03:28:44.47691Z,KXBTC15M-26OCT042330-30,0.0240,341.16,no
2026-10-05T03:28:44.47691Z,KXBTC15M-26OCT042330-30,0.0240,500.00,no
2026-10-05T03:28:44.482978Z,KXBTC15M-26OCT042330-30,0.0230,36.39,no
2026-10-05T03:28:44.482978Z,KXBTC15M-26OCT042330-30,0.0240,0.01,no
2026-10-05T03:28:44.482978Z,KXBTC15M-26OCT042330-30,0.0240,9.09,no
2026-10-05T03:28:44.482978Z,KXBTC15M-26OCT042330-30,0.0240,0.01,no
2026-10-05T03:28:44.630977Z,KXBTC15M-26OCT042330-30,0.0230,1.00,no
2026-10-05T03:28:44.630977Z,KXBTC15M-26OCT042330-30,0.0240,0.01,no
2026-10-05T03:28:44.630977Z,KXBTC15M-26OCT042330-30,0.0240,0.01,no
2026-10-05T03:28:44.635261Z,KXBTC15M-26OCT042330-30,0.0230,9.00,no
2026-10-05T03:28:44.635261Z,KXBTC15M-26OCT042330-30,0.0230,324.79,no
2026-10-05T03:28:44.65022Z,KXBTC15M-26OCT042330-30,0.0240,0.01,no
2026-10-05T03:28:44.65022Z,KXBTC15M-26OCT042330-30,0.0240,0.19,no
2026-10-05T03:28:44.675172Z,KXBTC15M-26OCT042330-30,0.0260,0.01,yes
2026-10-05T03:28:44.675172Z,KXBTC15M-26OCT042330-30,0.0270,5.00,yes
2026-10-05T03:28:44.675172Z,KXBTC15M-26OCT042330-30,0.0260,0.01,yes
2026-10-05T03:28:44.675172Z,KXBTC15M-26OCT042330-30,0.0270,10.00,yes
2026-10-05T03:28:44.675172Z,KXBTC15M-26OCT042330-30,0.0280,1.97,yes
2026-10-05T03:28:44.751425Z,KXBTC15M-26OCT042330-30,0.0270,2.81,yes
2026-10-05T03:28:44.751425Z,KXBTC15M-26OCT042330-30,0.0270,10.00,yes
2026-10-05T03:28:44.751425Z,KXBTC15M-26OCT042330-30,0.0270,0.01,yes
2026-10-05T03:28:44.751425Z,KXBTC15M-26OCT042330-30,0.0270,0.01,yes
2026-10-05T03:28:44.879964Z,KXBTC15M-26OCT042330-30,0.0270,3.81,yes
2026-10-05T03:28:44.903024Z,KXBTC15M-26OCT042330-30,0.0270,1.00,yes
2026-10-05T03:28:44.962811Z,KXBTC15M-26OCT042330-30,0.0270,34.02,yes
2026-10-05T03:28:44.967933Z,KXBTC15M-26OCT042330-30,0.0270,200.60,yes
2026-10-05T03:28:44.992328Z,KXBTC15M-26OCT042330-30,0.0270,93.51,yes
2026-10-05T03:28:44.992328Z,KXBTC15M-26OCT042330-30,0.0270,257.76,yes
2026-10-05T03:28:45.04304Z,KXBTC15M-26OCT042330-30,0.0270,12.25,yes
2026-10-05T03:28:45.050193Z,KXBTC15M-26OCT042330-30,0.0240,0.92,no
2026-10-05T03:28:45.050193Z,KXBTC15M-26OCT042330-30,0.0260,0.01,no
2026-10-05T03:28:45.050193Z,KXBTC15M-26OCT042330-30,0.0260,0.01,no
2026-10-05T03:28:45.050193Z,KXBTC15M-26OCT042330-30,0.0260,2.12,no
2026-10-05T03:28:45.108163Z,KXBTC15M-26OCT042330-30,0.0240,0.01,no
2026-10-05T03:28:45.108163Z,KXBTC15M-26OCT042330-30,0.0240,0.01,no
2026-10-05T03:28:45.108163Z,KXBTC15M-26OCT042330-30,0.0240,0.98,no
2026-10-05T03:28:45.124532Z,KXBTC15M-26OCT042330-30,0.0260,6.00,yes
2026-10-05T03:28:45.124532Z,KXBTC15M-26OCT042330-30,0.0270,132.00,yes
2026-10-05T03:28:45.124532Z,KXBTC15M-26OCT042330-30,0.0250,0.01,yes
2026-10-05T03:28:45.124532Z,KXBTC15M-26OCT042330-30,0.0260,0.01,yes
2026-10-05T03:28:45.124532Z,KXBTC15M-26OCT042330-30,0.0270,210.00,yes
2026-10-05T03:28:45.124532Z,KXBTC15M-26OCT042330-30,0.0260,18.00,yes
2026-10-05T03:28:45.124532Z,KXBTC15M-26OCT042330-30,0.0250,0.01,yes
2026-10-05T03:28:45.124532Z,KXBTC15M-26OCT042330-30,0.0260,0.01,yes
2026-10-05T03:28:45.124532Z,KXBTC15M-26OCT042330-30,0.0270,128.94,yes
2026-10-05T03:28:45.124532Z,KXBTC15M-26OCT042330-30,0.0270,0.01,yes
2026-10-05T03:28:45.124532Z,KXBTC15M-26OCT042330-30,0.0270,0.01,yes
2026-10-05T03:28:45.124532Z,KXBTC15M-26OCT042330-30,0.0250,5.00,yes
2026-10-05T03:28:45.129593Z,KXBTC15M-26OCT042330-30,0.0240,21.75,no
2026-10-05T03:28:45.143113Z,KXBTC15M-26OCT042330-30,0.0240,2.04,no
2026-10-05T03:28:45.230638Z,KXBTC15M-26OCT042330-30,0.0240,7.96,no
2026-10-05T03:28:45.230638Z,KXBTC15M-26OCT042330-30,0.0240,192.04,no
2026-10-05T03:28:45.245814Z,KXBTC15M-26OCT042330-30,0.0240,303.50,no
2026-10-05T03:28:45.261081Z,KXBTC15M-26OCT042330-30,0.0240,8.82,no
2026-10-05T03:28:45.261081Z,KXBTC15M-26OCT042330-30,0.0240,4.46,no
2026-10-05T03:28:45.269554Z,KXBTC15M-26OCT042330-30,0.0260,2.89,yes
2026-10-05T03:28:45.269554Z,KXBTC15M-26OCT042330-30,0.0260,0.01,yes
2026-10-05T03:28:45.269554Z,KXBTC15M-26OCT042330-30,0.0260,0.01,yes
2026-10-05T03:28:45.32238Z,KXBTC15M-26OCT042330-30,0.0250,10.20,no
2026-10-05T03:28:45.358554Z,KXBTC15M-26OCT042330-30,0.0250,2.04,no
2026-10-05T03:28:45.396765Z,KXBTC15M-26OCT042330-30,0.0250,0.01,no
2026-10-05T03:28:45.396765Z,KXBTC15M-26OCT042330-30,0.0250,0.01,no
2026-10-05T03:28:45.396765Z,KXBTC15M-26OCT042330-30,0.0250,81.73,no
2026-10-05T03:28:45.411582Z,KXBTC15M-26OCT042330-30,0.0250,36.25,no
2026-10-05T03:28:45.473342Z,KXBTC15M-26OCT042330-30,0.0250,337.54,no
2026-10-05T03:28:45.496963Z,KXBTC15M-26OCT042330-30,0.0250,0.01,no
2026-10-05T03:28:45.496963Z,KXBTC15M-26OCT042330-30,0.0250,0.01,no
2026-10-05T03:28:45.496963Z,KXBTC15M-26OCT042330-30,0.0250,6.12,no
2026-10-05T03:28:45.526794Z,KXBTC15M-26OCT042330-30,0.0270,200.00,yes
2026-10-05T03:28:45.526794Z,KXBTC15M-26OCT042330-30,0.0270,39.70,yes
2026-10-05T03:28:45.526794Z,KXBTC15M-26OCT042330-30,0.0260,6.00,yes
2026-10-05T03:28:45.526794Z,KXBTC15M-26OCT042330-30,0.0270,10.00,yes
2026-10-05T03:28:45.526794Z,KXBTC15M-26OCT042330-30,0.0260,0.01,yes
2026-10-05T03:28:45.526794Z,KXBTC15M-26OCT042330-30,0.0270,24.00,yes
2026-10-05T03:28:45.526794Z,KXBTC15M-26OCT042330-30,0.0270,66.00,yes
2026-10-05T03:28:45.526794Z,KXBTC15M-26OCT042330-30,0.0260,0.01,yes
2026-10-05T03:28:45.526794Z,KXBTC15M-26OCT042330-30,0.0260,1.03,yes
2026-10-05T03:28:45.529758Z,KXBTC15M-26OCT042330-30,0.0250,20.44,no
2026-10-05T03:28:45.549728Z,KXBTC15M-26OCT042330-30,0.0240,56.03,no
2026-10-05T03:28:45.549728Z,KXBTC15M-26OCT042330-30,0.0250,0.01,no
2026-10-05T03:28:45.549728Z,KXBTC15M-26OCT042330-30,0.0250,0.01,no
2026-10-05T03:28:45.599896Z,KXBTC15M-26OCT042330-30,0.0270,10.00,yes
2026-10-05T03:28:45.599896Z,KXBTC15M-26OCT042330-30,0.0260,0.01,yes
2026-10-05T03:28:45.599896Z,KXBTC15M-26OCT042330-30,0.0270,2.00,yes
2026-10-05T03:28:45.599896Z,KXBTC15M-26OCT042330-30,0.0270,2.00,yes
2026-10-05T03:28:45.599896Z,KXBTC15M-26OCT042330-30,0.0260,6.00,yes
2026-10-05T03:28:45.599896Z,KXBTC15M-26OCT042330-30,0.0270,0.01,yes
2026-10-05T03:28:45.599896Z,KXBTC15M-26OCT042330-30,0.0260,0.01,yes
2026-10-05T03:28:45.599896Z,KXBTC15M-26OCT042330-30,0.0270,153.34,yes
2026-10-05T03:28:45.612158Z,KXBTC15M-26OCT042330-30,0.0250,0.01,no
2026-10-05T03:28:45.612158Z,KXBTC15M-26OCT042330-30,0.0250,0.01,no
2026-10-05T03:28:45.681725Z,KXBTC15M-26OCT042330-30,0.0240,0.01,no
2026-10-05T03:28:45.681725Z,KXBTC15M-26OCT042330-30,0.0240,2.00,no
2026-10-05T03:28:45.681725Z,KXBTC15M-26OCT042330-30,0.0250,0.01,no
2026-10-05T03:28:45.681725Z,KXBTC15M-26OCT042330-30,0.0250,0.01,no
2026-10-05T03:28:45.681725Z,KXBTC15M-26OCT042330-30,0.0240,0.01,no
2026-10-05T03:28:45.748947Z,KXBTC15M-26OCT042330-30,0.0260,51.02,yes
2026-10-05T03:28:45.748947Z,KXBTC15M-26OCT042330-30,0.0260,100.00,yes
2026-10-05T03:28:45.748947Z,KXBTC15M-26OCT042330-30,0.0260,0.01,yes
2026-10-05T03:28:45.748947Z,KXBTC15M-26OCT042330-30,0.0260,0.01,yes
2026-10-05T03:28:45.793976Z,KXBTC15M-26OCT042330-30,0.0260,109.33,yes
2026-10-05T03:28:45.833806Z,KXBTC15M-26OCT042330-30,0.0250,0.01,no
2026-10-05T03:28:45.833806Z,KXBTC15M-26OCT042330-30,0.0250,0.01,no
2026-10-05T03:28:45.833806Z,KXBTC15M-26OCT042330-30,0.0220,0.03,no
2026-10-05T03:28:45.851702Z,KXBTC15M-26OCT042330-30,0.0250,6.13,no
2026-10-05T03:28:45.882847Z,KXBTC15M-26OCT042330-30,0.0230,54.63,no
2026-10-05T03:28:45.882847Z,KXBTC15M-26OCT042330-30,0.0250,0.01,no
2026-10-05T03:28:45.882847Z,KXBTC15M-26OCT042330-30,0.0250,0.01,no
2026-10-05T03:28:45.887012Z,KXBTC15M-26OCT042330-30,0.0260,15.00,yes
2026-10-05T03:28:45.888497Z,KXBTC15M-26OCT042330-30,0.0260,173.54,yes
2026-10-05T03:28:45.893651Z,KXBTC15M-26OCT042330-30,0.0230,108.01,no
2026-10-05T03:28:45.893651Z,KXBTC15M-26OCT042330-30,0.0250,0.01,no
2026-10-05T03:28:45.893651Z,KXBTC15M-26OCT042330-30,0.0250,0.01,no
2026-10-05T03:28:46.00724Z,KXBTC15M-26OCT042330-30,0.0250,0.01,no
2026-10-05T03:28:46.00724Z,KXBTC15M-26OCT042330-30,0.0220,213.68,no
2026-10-05T03:28:46.00724Z,KXBTC15M-26OCT042330-30,0.0220,249.97,no
2026-10-05T03:28:46.00724Z,KXBTC15M-26OCT042330-30,0.0250,0.01,no
2026-10-05T03:28:46.033123Z,KXBTC15M-26OCT042330-30,0.0220,31.55,no
2026-10-05T03:28:46.033123Z,KXBTC15M-26OCT042330-30,0.0220,200.00,no
2026-10-05T03:28:46.066919Z,KXBTC15M-26OCT042330-30,0.0220,18.95,no
2026-10-05T03:28:46.067744Z,KXBTC15M-26OCT042330-30,0.0220,0.02,no
2026-10-05T03:28:46.105106Z,KXBTC15M-26OCT042330-30,0.0230,102.09,no
2026-10-05T03:28:46.124618Z,KXBTC15M-26OCT042330-30,0.0260,0.01,yes
2026-10-05T03:28:46.124618Z,KXBTC15M-26OCT042330-30,0.0260,6.00,yes
2026-10-05T03:28:46.124618Z,KXBTC15M-26OCT042330-30,0.0260,2.00,yes
2026-10-05T03:28:46.124618Z,KXBTC15M-26OCT042330-30,0.0260,0.01,yes
2026-10-05T03:28:46.124618Z,KXBTC15M-26OCT042330-30,0.0260,2.00,yes
2026-10-05T03:28:46.124618Z,KXBTC15M-26OCT042330-30,0.0250,5.00,yes
2026-10-05T03:28:46.124618Z,KXBTC15M-26OCT042330-30,0.0240,264.00,yes
2026-10-05T03:28:46.124618Z,KXBTC15M-26OCT042330-30,0.0250,12.00,yes
2026-10-05T03:28:46.124618Z,KXBTC15M-26OCT042330-30,0.0250,2.00,yes
2026-10-05T03:28:46.124618Z,KXBTC15M-26OCT042330-30,0.0250,204.00,yes
2026-10-05T03:28:46.124618Z,KXBTC15M-26OCT042330-30,0.0260,146.70,yes
2026-10-05T03:28:46.124618Z,KXBTC15M-26OCT042330-30,0.0250,0.01,yes
2026-10-05T03:28:46.124618Z,KXBTC15M-26OCT042330-30,0.0250,0.01,yes
2026-10-05T03:28:46.124618Z,KXBTC15M-26OCT042330-30,0.0240,0.01,yes
2026-10-05T03:28:46.124618Z,KXBTC15M-26OCT042330-30,0.0250,2.00,yes
2026-10-05T03:28:46.124618Z,KXBTC15M-26OCT042330-30,0.0240,0.01,yes
2026-10-05T03:28:46.194654Z,KXBTC15M-26OCT042330-30,0.0230,22.00,no
2026-10-05T03:28:46.194654Z,KXBTC15M-26OCT042330-30,0.0230,10.00,no
2026-10-05T03:28:46.213833Z,KXBTC15M-26OCT042330-30,0.0230,3.07,no
2026-10-05T03:28:46.225273Z,KXBTC15M-26OCT042330-30,0.0250,5.73,yes
2026-10-05T03:28:46.225273Z,KXBTC15M-26OCT042330-30,0.0250,0.01,yes
2026-10-05T03:28:46.225273Z,KXBTC15M-26OCT042330-30,0.0240,0.01,yes
2026-10-05T03:28:46.225273Z,KXBTC15M-26OCT042330-30,0.0240,0.01,yes
2026-10-05T03:28:46.236198Z,KXBTC15M-26OCT042330-30,0.0240,0.01,yes
2026-10-05T03:28:46.236198Z,KXBTC15M-26OCT042330-30,0.0250,31.20,yes
2026-10-05T03:28:46.247458Z,KXBTC15M-26OCT042330-30,0.0250,0.01,yes
2026-10-05T03:28:46.247458Z,KXBTC15M-26OCT042330-30,0.0240,0.01,yes
2026-10-05T03:28:46.247458Z,KXBTC15M-26OCT042330-30,0.0250,98.19,yes
2026-10-05T03:28:46.247458Z,KXBTC15M-26OCT042330-30,0.0250,5.00,yes
2026-10-05T03:28:46.247458Z,KXBTC15M-26OCT042330-30,0.0250,76.80,yes
2026-10-05T03:28:46.247458Z,KXBTC15M-26OCT042330-30,0.0250,0.01,yes
2026-10-05T03:28:46.247458Z,KXBTC15M-26OCT042330-30,0.0240,0.01,yes
2026-10-05T03:28:46.256708Z,KXBTC15M-26OCT042330-30,0.0240,0.01,yes
2026-10-05T03:28:46.256708Z,KXBTC15M-26OCT042330-30,0.0240,0.01,yes
2026-10-05T03:28:46.256708Z,KXBTC15M-26OCT042330-30,0.0250,62.81,yes
2026-10-05T03:28:46.256708Z,KXBTC15M-26OCT042330-30,0.0260,100.20,yes
2026-10-05T03:28:46.256708Z,KXBTC15M-26OCT042330-30,0.0250,5.00,yes
2026-10-05T03:28:46.256708Z,KXBTC15M-26OCT042330-30,0.0250,12.00,yes
2026-10-05T03:28:46.262021Z,KXBTC15M-26OCT042330-30,0.0230,31.46,no
2026-10-05T03:28:46.293486Z,KXBTC15M-26OCT042330-30,0.0250,1.44,yes
2026-10-05T03:28:46.293486Z,KXBTC15M-26OCT042330-30,0.0250,0.01,yes
2026-10-05T03:28:46.293486Z,KXBTC15M-26OCT042330-30,0.0240,0.01,yes
2026-10-05T03:28:46.293486Z,KXBTC15M-26OCT042330-30,0.0240,0.01,yes
2026-10-05T03:28:46.293486Z,KXBTC15M-26OCT042330-30,0.0250,5.00,yes
2026-10-05T03:28:46.307288Z,KXBTC15M-26OCT042330-30,0.0260,307.02,yes
2026-10-05T03:28:46.307288Z,KXBTC15M-26OCT042330-30,0.0250,0.01,yes
2026-10-05T03:28:46.307288Z,KXBTC15M-26OCT042330-30,0.0250,5.00,yes
2026-10-05T03:28:46.307288Z,KXBTC15M-26OCT042330-30,0.0250,400.00,yes
2026-10-05T03:28:46.478777Z,KXBTC15M-26OCT042330-30,0.0240,1.07,no
2026-10-05T03:28:46.478777Z,KXBTC15M-26OCT042330-30,0.0240,3.85,no
2026-10-05T03:28:46.478777Z,KXBTC15M-26OCT042330-30,0.0240,0.01,no
2026-10-05T03:28:46.478777Z,KXBTC15M-26OCT042330-30,0.0240,0.01,no
2026-10-05T03:28:46.478777Z,KXBTC15M-26OCT042330-30,0.0240,1.03,no
2026-10-05T03:28:46.499203Z,KXBTC15M-26OCT042330-30,0.0250,27.36,yes
2026-10-05T03:28:46.565995Z,KXBTC15M-26OCT042330-30,0.0250,20.00,yes
2026-10-05T03:28:46.592795Z,KXBTC15M-26OCT042330-30,0.0240,0.01,no
2026-10-05T03:28:46.592795Z,KXBTC15M-26OCT042330-30,0.0240,0.01,no
2026-10-05T03:28:46.592795Z,KXBTC15M-26OCT042330-30,0.0240,118.86,no
2026-10-05T03:28:46.592795Z,KXBTC15M-26OCT042330-30,0.0240,500.00,no
2026-10-05T03:28:46.592795Z,KXBTC15M-26OCT042330-30,0.0240,96.15,no
2026-10-05T03:28:46.596233Z,KXBTC15M-26OCT042330-30,0.0250,5.00,yes
2026-10-05T03:28:46.622865Z,KXBTC15M-26OCT042330-30,0.0240,8.17,no
2026-10-05T03:28:46.643878Z,KXBTC15M-26OCT042330-30,0.0250,123.18,yes
2026-10-05T03:28:46.643878Z,KXBTC15M-26OCT042330-30,0.0250,47.64,yes
2026-10-05T03:28:46.643878Z,KXBTC15M-26OCT042330-30,0.0250,12.00,yes
2026-10-05T03:28:46.643878Z,KXBTC15M-26OCT042330-30,0.0250,0.01,yes
2026-10-05T03:28:46.671527Z,KXBTC15M-26OCT042330-30,0.0240,5.44,no
2026-10-05T03:28:46.697096Z,KXBTC15M-26OCT042330-30,0.0250,60.30,yes
2026-10-05T03:28:46.697329Z,KXBTC15M-26OCT042330-30,0.0210,6.00,no
2026-10-05T03:28:46.697329Z,KXBTC15M-26OCT042330-30,0.0240,0.01,no
2026-10-05T03:28:46.697329Z,KXBTC15M-26OCT042330-30,0.0210,11.00,no
2026-10-05T03:28:46.697329Z,KXBTC15M-26OCT042330-30,0.0240,0.01,no
2026-10-05T03:28:46.697329Z,KXBTC15M-26OCT042330-30,0.0240,222.74,no
2026-10-05T03:28:46.697329Z,KXBTC15M-26OCT042330-30,0.0200,11.00,no
2026-10-05T03:28:46.697329Z,KXBTC15M-26OCT042330-30,0.0200,249.49,no
2026-10-05T03:28:46.71588Z,KXBTC15M-26OCT042330-30,0.0220,1.02,no
2026-10-05T03:28:46.772763Z,KXBTC15M-26OCT042330-30,0.0200,1.32,no
2026-10-05T03:28:46.772763Z,KXBTC15M-26OCT042330-30,0.0200,1.32,no
2026-10-05T03:28:46.772763Z,KXBTC15M-26OCT042330-30,0.0200,0.95,no
2026-10-05T03:28:46.772763Z,KXBTC15M-26OCT042330-30,0.0200,100.00,no
2026-10-05T03:28:46.772763Z,KXBTC15M-26OCT042330-30,0.0200,8.95,no
2026-10-05T03:28:46.772763Z,KXBTC15M-26OCT042330-30,0.0200,7.09,no
2026-10-05T03:28:46.772763Z,KXBTC15M-26OCT042330-30,0.0200,2.27,no
2026-10-05T03:28:46.772763Z,KXBTC15M-26OCT042330-30,0.0200,40.58,no
2026-10-05T03:28:46.772763Z,KXBTC15M-26OCT042330-30,0.0200,1.00,no
2026-10-05T03:28:46.772763Z,KXBTC15M-26OCT042330-30,0.0200,1048.96,no
2026-10-05T03:28:46.772763Z,KXBTC15M-26OCT042330-30,0.0200,25.00,no
2026-10-05T03:28:46.772763Z,KXBTC15M-26OCT042330-30,0.0200,1.07,no
2026-10-05T03:28:46.772763Z,KXBTC15M-26OCT042330-30,0.0200,49.00,no
2026-10-05T03:28:46.772763Z,KXBTC15M-26OCT042330-30,0.0220,0.01,no
2026-10-05T03:28:46.772763Z,KXBTC15M-26OCT042330-30,0.0240,0.01,no
2026-10-05T03:28:46.772763Z,KXBTC15M-26OCT042330-30,0.0220,500.00,no
2026-10-05T03:28:46.772763Z,KXBTC15M-26OCT042330-30,0.0210,1.02,no
2026-10-05T03:28:46.772763Z,KXBTC15M-26OCT042330-30,0.0240,0.01,no
2026-10-05T03:28:46.772763Z,KXBTC15M-26OCT042330-30,0.0200,3.00,no
2026-10-05T03:28:46.772763Z,KXBTC15M-26OCT042330-30,0.0200,80.51,no
2026-10-05T03:28:46.772763Z,KXBTC15M-26OCT042330-30,0.0200,44.25,no
2026-10-05T03:28:46.772763Z,KXBTC15M-26OCT042330-30,0.0200,1.00,no
2026-10-05T03:28:46.772763Z,KXBTC15M-26OCT042330-30,0.0200,50.00,no
2026-10-05T03:28:46.772763Z,KXBTC15M-26OCT042330-30,0.0200,10.00,no
2026-10-05T03:28:46.772763Z,KXBTC15M-26OCT042330-30,0.0200,25.00,no
2026-10-05T03:28:46.871839Z,KXBTC15M-26OCT042330-30,0.0220,0.01,no
2026-10-05T03:28:46.871839Z,KXBTC15M-26OCT042330-30,0.0220,1.00,no
2026-10-05T03:28:46.871839Z,KXBTC15M-26OCT042330-30,0.0220,0.01,no
2026-10-05T03:28:46.928669Z,KXBTC15M-26OCT042330-30,0.0240,0.01,yes
2026-10-05T03:28:46.928669Z,KXBTC15M-26OCT042330-30,0.0230,0.01,yes
2026-10-05T03:28:46.928669Z,KXBTC15M-26OCT042330-30,0.0250,0.01,yes
2026-10-05T03:28:46.928669Z,KXBTC15M-26OCT042330-30,0.0250,0.30,yes
2026-10-05T03:28:46.928669Z,KXBTC15M-26OCT042330-30,0.0240,0.01,yes
2026-10-05T03:28:46.928669Z,KXBTC15M-26OCT042330-30,0.0230,0.01,yes
2026-10-05T03:28:46.964809Z,KXBTC15M-26OCT042330-30,0.0240,141.91,no
2026-10-05T03:28:46.976215Z,KXBTC15M-26OCT042330-30,0.0240,0.01,no
2026-10-05T03:28:46.976215Z,KXBTC15M-26OCT042330-30,0.0240,0.01,no
2026-10-05T03:28:46.98411Z,KXBTC15M-26OCT042330-30,0.0200,59.42,no
2026-10-05T03:28:46.98411Z,KXBTC15M-26OCT042330-30,0.0200,5.63,no
2026-10-05T03:28:46.98411Z,KXBTC15M-26OCT042330-30,0.0200,1.12,no
2026-10-05T03:28:46.98411Z,KXBTC15M-26OCT042330-30,0.0200,143.79,no
2026-10-05T03:28:46.98411Z,KXBTC15M-26OCT042330-30,0.0210,11.00,no
2026-10-05T03:28:46.98411Z,KXBTC15M-26OCT042330-30,0.0220,0.01,no
2026-10-05T03:28:46.98411Z,KXBTC15M-26OCT042330-30,0.0220,0.01,no
2026-10-05T03:28:46.98411Z,KXBTC15M-26OCT042330-30,0.0210,6.00,no
2026-10-05T03:28:46.98411Z,KXBTC15M-26OCT042330-30,0.0200,102.11,no
2026-10-05T03:28:46.98411Z,KXBTC15M-26OCT042330-30,0.0200,11.15,no
2026-10-05T03:28:46.98411Z,KXBTC15M-26OCT042330-30,0.0200,2.76,no
2026-10-05T03:28:46.999989Z,KXBTC15M-26OCT042330-30,0.0250,299.12,yes
2026-10-05T03:28:46.999989Z,KXBTC15M-26OCT042330-30,0.0250,2.70,yes
2026-10-05T03:28:46.999989Z,KXBTC15M-26OCT042330-30,0.0250,6.00,yes
2026-10-05T03:28:46.999989Z,KXBTC15M-26OCT042330-30,0.0250,0.01,yes
2026-10-05T03:28:47.031045Z,KXBTC15M-26OCT042330-30,0.0220,13.64,no
2026-10-05T03:28:47.031045Z,KXBTC15M-26OCT042330-30,0.0220,0.01,no
2026-10-05T03:28:47.031045Z,KXBTC15M-26OCT042330-30,0.0220,0.01,no
2026-10-05T03:28:47.067178Z,KXBTC15M-26OCT042330-30,0.0230,0.01,yes
2026-10-05T03:28:47.067178Z,KXBTC15M-26OCT042330-30,0.0230,0.01,yes
2026-10-05T03:28:47.067178Z,KXBTC15M-26OCT042330-30,0.0230,61.64,yes
2026-10-05T03:28:47.067178Z,KXBTC15M-26OCT042330-30,0.0230,500.00,yes
2026-10-05T03:28:47.098096Z,KXBTC15M-26OCT042330-30,0.0230,0.70,yes
2026-10-05T03:28:47.098854Z,KXBTC15M-26OCT042330-30,0.0230,0.13,yes
2026-10-05T03:28:47.110632Z,KXBTC15M-26OCT042330-30,0.0220,70.16,no
2026-10-05T03:28:47.165164Z,KXBTC15M-26OCT042330-30,0.0230,0.01,yes
2026-10-05T03:28:47.165164Z,KXBTC15M-26OCT042330-30,0.0230,0.01,yes
2026-10-05T03:28:47.165164Z,KXBTC15M-26OCT042330-30,0.0240,5.00,yes
2026-10-05T03:28:47.165164Z,KXBTC15M-26OCT042330-30,0.0240,7.74,yes
2026-10-05T03:28:47.1674Z,KXBTC15M-26OCT042330-30,0.0220,118.05,no
2026-10-05T03:28:47.1751Z,KXBTC15M-26OCT042330-30,0.0220,198.15,no
2026-10-05T03:28:47.1751Z,KXBTC15M-26OCT042330-30,0.0220,167.52,no
2026-10-05T03:28:47.17627Z,KXBTC15M-26OCT042330-30,0.0230,7.48,yes
2026-10-05T03:28:47.17627Z,KXBTC15M-26OCT042330-30,0.0230,0.01,yes
2026-10-05T03:28:47.214541Z,KXBTC15M-26OCT042330-30,0.0240,0.01,yes
2026-10-05T03:28:47.214541Z,KXBTC15M-26OCT042330-30,0.0230,0.01,yes
2026-10-05T03:28:47.214541Z,KXBTC15M-26OCT042330-30,0.0250,6.00,yes
2026-10-05T03:28:47.214541Z,KXBTC15M-26OCT042330-30,0.0230,0.01,yes
2026-10-05T03:28:47.214541Z,KXBTC15M-26OCT042330-30,0.0250,0.96,yes
2026-10-05T03:28:47.214541Z,KXBTC15M-26OCT042330-30,0.0250,121.00,yes
2026-10-05T03:28:47.214541Z,KXBTC15M-26OCT042330-30,0.0240,0.01,yes
2026-10-05T03:28:47.214541Z,KXBTC15M-26OCT042330-30,0.0240,5.00,yes
2026-10-05T03:28:47.246367Z,KXBTC15M-26OCT042330-30,0.0240,1.00,yes
2026-10-05T03:28:47.280492Z,KXBTC15M-26OCT042330-30,0.0220,25.74,no
2026-10-05T03:28:47.281099Z,KXBTC15M-26OCT042330-30,0.0240,15.68,yes
2026-10-05T03:28:47.285568Z,KXBTC15M-26OCT042330-30,0.0220,2.04,no
2026-10-05T03:28:47.372445Z,KXBTC15M-26OCT042330-30,0.0200,13.07,no
2026-10-05T03:28:47.372445Z,KXBTC15M-26OCT042330-30,0.0220,0.01,no
2026-10-05T03:28:47.372445Z,KXBTC15M-26OCT042330-30,0.0220,0.01,no
2026-10-05T03:28:47.372445Z,KXBTC15M-26OCT042330-30,0.0210,261.00,no
2026-10-05T03:28:47.372445Z,KXBTC15M-26OCT042330-30,0.0230,239.00,no
2026-10-05T03:28:47.372445Z,KXBTC15M-26OCT042330-30,0.0230,0.01,no
2026-10-05T03:28:47.372445Z,KXBTC15M-26OCT042330-30,0.0220,200.00,no
2026-10-05T03:28:47.372445Z,KXBTC15M-26OCT042330-30,0.0230,0.01,no
2026-10-05T03:28:47.372445Z,KXBTC15M-26OCT042330-30,0.0210,11.00,no
2026-10-05T03:28:47.372445Z,KXBTC15M-26OCT042330-30,0.0230,500.00,no
2026-10-05T03:28:47.404933Z,KXBTC15M-26OCT042330-30,0.0240,0.37,yes
2026-10-05T03:28:47.420957Z,KXBTC15M-26OCT042330-30,0.0220,0.01,no
2026-10-05T03:28:47.420957Z,KXBTC15M-26OCT042330-30,0.0230,0.01,no
2026-10-05T03:28:47.420957Z,KXBTC15M-26OCT042330-30,0.0210,1.95,no
2026-10-05T03:28:47.420957Z,KXBTC15M-26OCT042330-30,0.0230,0.01,no
2026-10-05T03:28:47.420957Z,KXBTC15M-26OCT042330-30,0.0220,0.01,no
2026-10-05T03:28:47.457204Z,KXBTC15M-26OCT042330-30,0.0230,0.01,no
2026-10-05T03:28:47.457204Z,KXBTC15M-26OCT042330-30,0.0230,0.01,no
2026-10-05T03:28:47.474285Z,KXBTC15M-26OCT042330-30,0.0200,502.50,no
2026-10-05T03:28:47.474285Z,KXBTC15M-26OCT042330-30,0.0230,0.01,no
2026-10-05T03:28:47.474285Z,KXBTC15M-26OCT042330-30,0.0230,0.01,no
2026-10-05T03:28:47.474285Z,KXBTC15M-26OCT042330-30,0.0210,0.01,no
2026-10-05T03:28:47.474285Z,KXBTC15M-26OCT042330-30,0.0210,0.01,no
2026-10-05T03:28:47.561086Z,KXBTC15M-26OCT042330-30,0.0200,18.00,no
2026-10-05T03:28:47.561086Z,KXBTC15M-26OCT042330-30,0.0200,3.00,no
2026-10-05T03:28:47.561086Z,KXBTC15M-26OCT042330-30,0.0200,5.63,no
2026-10-05T03:28:47.561086Z,KXBTC15M-26OCT042330-30,0.0200,24.44,no
2026-10-05T03:28:47.561086Z,KXBTC15M-26OCT042330-30,0.0200,0.86,no
2026-10-05T03:28:47.581183Z,KXBTC15M-26OCT042330-30,0.0210,12.47,yes
2026-10-05T03:28:47.581469Z,KXBTC15M-26OCT042330-30,0.0210,2.00,yes
2026-10-05T03:28:47.58881Z,KXBTC15M-26OCT042330-30,0.0210,7.75,yes
2026-10-05T03:28:47.596956Z,KXBTC15M-26OCT042330-30,0.0210,0.01,yes
2026-10-05T03:28:47.596956Z,KXBTC15M-26OCT042330-30,0.0210,0.01,yes
2026-10-05T03:28:47.596956Z,KXBTC15M-26OCT042330-30,0.0220,0.01,yes
2026-10-05T03:28:47.596956Z,KXBTC15M-26OCT042330-30,0.0220,0.01,yes
2026-10-05T03:28:47.596956Z,KXBTC15M-26OCT042330-30,0.0220,37.40,yes
2026-10-05T03:28:47.598604Z,KXBTC15M-26OCT042330-30,0.0220,76.61,yes
2026-10-05T03:28:47.608883Z,KXBTC15M-26OCT042330-30,0.0200,15.01,no
2026-10-05T03:28:47.615608Z,KXBTC15M-26OCT042330-30,0.0220,120.43,yes
2026-10-05T03:28:47.66254Z,KXBTC15M-26OCT042330-30,0.0200,5.66,no
2026-10-05T03:28:47.674091Z,KXBTC15M-26OCT042330-30,0.0220,47.56,yes
2026-10-05T03:28:47.674091Z,KXBTC15M-26OCT042330-30,0.0220,0.01,yes
2026-10-05T03:28:47.674091Z,KXBTC15M-26OCT042330-30,0.0220,35.00,yes
2026-10-05T03:28:47.674091Z,KXBTC15M-26OCT042330-30,0.0240,6.79,yes
2026-10-05T03:28:47.674091Z,KXBTC15M-26OCT042330-30,0.0220,0.01,yes
2026-10-05T03:28:47.678027Z,KXBTC15M-26OCT042330-30,0.0200,75.10,no
2026-10-05T03:28:47.680893Z,KXBTC15M-26OCT042330-30,0.0200,46.91,no
2026-10-05T03:28:47.911316Z,KXBTC15M-26OCT042330-30,0.0220,0.01,yes
2026-10-05T03:28:47.911316Z,KXBTC15M-26OCT042330-30,0.0240,21.84,yes
2026-10-05T03:28:47.911316Z,KXBTC15M-26OCT042330-30,0.0220,0.01,yes
2026-10-05T03:28:47.935122Z,KXBTC15M-26OCT042330-30,0.0210,0.01,no
2026-10-05T03:28:47.935122Z,KXBTC15M-26OCT042330-30,0.0210,0.01,no
2026-10-05T03:28:47.935122Z,KXBTC15M-26OCT042330-30,0.0210,12.22,no
2026-10-05T03:28:47.959928Z,KXBTC15M-26OCT042330-30,0.0220,2.24,no
2026-10-05T03:28:47.959928Z,KXBTC15M-26OCT042330-30,0.0220,0.01,no
2026-10-05T03:28:47.959928Z,KXBTC15M-26OCT042330-30,0.0220,1.00,no
2026-10-05T03:28:47.959928Z,KXBTC15M-26OCT042330-30,0.0220,0.01,no
2026-10-05T03:28:47.977059Z,KXBTC15M-26OCT042330-30,0.0230,0.01,yes
2026-10-05T03:28:47.977059Z,KXBTC15M-26OCT042330-30,0.0230,0.01,yes
2026-10-05T03:28:47.977059Z,KXBTC15M-26OCT042330-30,0.0230,10.39,yes
2026-10-05T03:28:48.019049Z,KXBTC15M-26OCT042330-30,0.0230,9.00,yes
2026-10-05T03:28:48.098407Z,KXBTC15M-26OCT042330-30,0.0220,247.76,no
2026-10-05T03:28:48.098407Z,KXBTC15M-26OCT042330-30,0.0220,0.01,no
2026-10-05T03:28:48.098407Z,KXBTC15M-26OCT042330-30,0.0220,44.82,no
2026-10-05T03:28:48.09862Z,KXBTC15M-26OCT042330-30,0.0220,92.21,no
2026-10-05T03:28:48.155773Z,KXBTC15M-26OCT042330-30,0.0230,0.01,yes
2026-10-05T03:28:48.155773Z,KXBTC15M-26OCT042330-30,0.0230,5.57,yes
2026-10-05T03:28:48.155773Z,KXBTC15M-26OCT042330-30,0.0230,5.00,yes
2026-10-05T03:28:48.155773Z,KXBTC15M-26OCT042330-30,0.0230,0.01,yes
2026-10-05T03:28:48.166372Z,KXBTC15M-26OCT042330-30,0.0240,3.92,yes
2026-10-05T03:28:48.166372Z,KXBTC15M-26OCT042330-30,0.0230,0.01,yes
2026-10-05T03:28:48.166372Z,KXBTC15M-26OCT042330-30,0.0230,0.01,yes
2026-10-05T03:28:48.166372Z,KXBTC15M-26OCT042330-30,0.0230,5.00,yes
2026-10-05T03:28:48.167311Z,KXBTC15M-26OCT042330-30,0.0240,18.49,yes
2026-10-05T03:28:48.19751Z,KXBTC15M-26OCT042330-30,0.0240,47.96,yes
2026-10-05T03:28:48.19751Z,KXBTC15M-26OCT042330-30,0.0250,233.00,yes
2026-10-05T03:28:48.19751Z,KXBTC15M-26OCT042330-30,0.0250,6.00,yes
2026-10-05T03:28:48.19751Z,KXBTC15M-26OCT042330-30,0.0230,0.01,yes
2026-10-05T03:28:48.19751Z,KXBTC15M-26OCT042330-30,0.0240,0.01,yes
2026-10-05T03:28:48.19751Z,KXBTC15M-26OCT042330-30,0.0230,5.00,yes
2026-10-05T03:28:48.19751Z,KXBTC15M-26OCT042330-30,0.0230,0.01,yes
2026-10-05T03:28:48.19751Z,KXBTC15M-26OCT042330-30,0.0250,200.00,yes
2026-10-05T03:28:48.19751Z,KXBTC15M-26OCT042330-30,0.0240,0.01,yes
2026-10-05T03:28:48.19751Z,KXBTC15M-26OCT042330-30,0.0260,2229.07,yes
2026-10-05T03:28:48.241568Z,KXBTC15M-26OCT042330-30,0.0220,2.54,no
2026-10-05T03:28:48.249547Z,KXBTC15M-26OCT042330-30,0.0220,5.09,no
2026-10-05T03:28:48.267395Z,KXBTC15M-26OCT042330-30,0.0240,1.00,yes
2026-10-05T03:28:48.267395Z,KXBTC15M-26OCT042330-30,0.0230,0.01,yes
2026-10-05T03:28:48.267395Z,KXBTC15M-26OCT042330-30,0.0230,5.00,yes
2026-10-05T03:28:48.267395Z,KXBTC15M-26OCT042330-30,0.0240,1.00,yes
2026-10-05T03:28:48.267395Z,KXBTC15M-26OCT042330-30,0.0230,0.01,yes
2026-10-05T03:28:48.267395Z,KXBTC15M-26OCT042330-30,0.0260,8.45,yes
2026-10-05T03:28:48.269793Z,KXBTC15M-26OCT042330-30,0.0220,91.80,no
2026-10-05T03:28:48.310465Z,KXBTC15M-26OCT042330-30,0.0220,1.02,no
2026-10-05T03:28:48.341418Z,KXBTC15M-26OCT042330-30,0.0220,99.52,no
2026-10-05T03:28:48.341418Z,KXBTC15M-26OCT042330-30,0.0220,0.01,no
2026-10-05T03:28:48.341418Z,KXBTC15M-26OCT042330-30,0.0220,6.54,no
2026-10-05T03:28:48.344961Z,KXBTC15M-26OCT042330-30,0.0220,15.76,no
2026-10-05T03:28:48.372237Z,KXBTC15M-26OCT042330-30,0.0250,0.01,yes
2026-10-05T03:28:48.372237Z,KXBTC15M-26OCT042330-30,0.0230,0.01,yes
2026-10-05T03:28:48.372237Z,KXBTC15M-26OCT042330-30,0.0230,0.01,yes
2026-10-05T03:28:48.372237Z,KXBTC15M-26OCT042330-30,0.0230,5.00,yes
2026-10-05T03:28:48.372237Z,KXBTC15M-26OCT042330-30,0.0240,0.01,yes
2026-10-05T03:28:48.372237Z,KXBTC15M-26OCT042330-30,0.0250,2.00,yes
2026-10-05T03:28:48.372237Z,KXBTC15M-26OCT042330-30,0.0250,0.96,yes
2026-10-05T03:28:48.561392Z,KXBTC15M-26OCT042330-30,0.0230,0.01,yes
2026-10-05T03:28:48.561392Z,KXBTC15M-26OCT042330-30,0.0230,5.00,yes
2026-10-05T03:28:48.561392Z,KXBTC15M-26OCT042330-30,0.0240,33.99,yes
2026-10-05T03:28:48.568549Z,KXBTC15M-26OCT042330-30,0.0220,1.23,no
2026-10-05T03:28:48.574041Z,KXBTC15M-26OCT042330-30,0.0220,1.24,no
2026-10-05T03:28:48.577072Z,KXBTC15M-26OCT042330-30,0.0230,7.29,yes
2026-10-05T03:28:48.580214Z,KXBTC15M-26OCT042330-30,0.0220,1.26,no
2026-10-05T03:28:48.587745Z,KXBTC15M-26OCT042330-30,0.0220,1.29,no
2026-10-05T03:28:48.591541Z,KXBTC15M-26OCT042330-30,0.0220,1.32,no
2026-10-05T03:28:48.598559Z,KXBTC15M-26OCT042330-30,0.0220,1.34,no
2026-10-05T03:28:48.605134Z,KXBTC15M-26OCT042330-30,0.0220,40.05,no
2026-10-05T03:28:48.605345Z,KXBTC15M-26OCT042330-30,0.0220,1.35,no
2026-10-05T03:28:48.610787Z,KXBTC15M-26OCT042330-30,0.0220,1.38,no
2026-10-05T03:28:48.615631Z,KXBTC15M-26OCT042330-30,0.0220,1.39,no
2026-10-05T03:28:48.622568Z,KXBTC15M-26OCT042330-30,0.0220,1.43,no
2026-10-05T03:28:48.630651Z,KXBTC15M-26OCT042330-30,0.0220,1.47,no
2026-10-05T03:28:48.633695Z,KXBTC15M-26OCT042330-30,0.0230,0.01,yes
2026-10-05T03:28:48.633695Z,KXBTC15M-26OCT042330-30,0.0230,0.99,yes
2026-10-05T03:28:48.637346Z,KXBTC15M-26OCT042330-30,0.0220,1.50,no
2026-10-05T03:28:48.646256Z,KXBTC15M-26OCT042330-30,0.0220,1.52,no
2026-10-05T03:28:48.646396Z,KXBTC15M-26OCT042330-30,0.0230,0.01,yes
2026-10-05T03:28:48.646396Z,KXBTC15M-26OCT042330-30,0.0240,96.00,yes
2026-10-05T03:28:48.646396Z,KXBTC15M-26OCT042330-30,0.0250,6.04,yes
2026-10-05T03:28:48.646396Z,KXBTC15M-26OCT042330-30,0.0250,2.00,yes
2026-10-05T03:28:48.646396Z,KXBTC15M-26OCT042330-30,0.0230,5.00,yes
2026-10-05T03:28:48.646396Z,KXBTC15M-26OCT042330-30,0.0260,72.88,yes
2026-10-05T03:28:48.652549Z,KXBTC15M-26OCT042330-30,0.0220,1.55,no
2026-10-05T03:28:48.658304Z,KXBTC15M-26OCT042330-30,0.0220,1.58,no
2026-10-05T03:28:48.663294Z,KXBTC15M-26OCT042330-30,0.0220,55.84,no
2026-10-05T03:28:48.664652Z,KXBTC15M-26OCT042330-30,0.0220,1.59,no
2026-10-05T03:28:48.670674Z,KXBTC15M-26OCT042330-30,0.0220,1.63,no
2026-10-05T03:28:48.678608Z,KXBTC15M-26OCT042330-30,0.0220,1.66,no
2026-10-05T03:28:48.680298Z,KXBTC15M-26OCT042330-30,0.0220,5.10,no
2026-10-05T03:28:48.682592Z,KXBTC15M-26OCT042330-30,0.0220,1.67,no
2026-10-05T03:28:48.688371Z,KXBTC15M-26OCT042330-30,0.0220,1.69,no
2026-10-05T03:28:48.692763Z,KXBTC15M-26OCT042330-30,0.0220,1.72,no
2026-10-05T03:28:48.69688Z,KXBTC15M-26OCT042330-30,0.0220,1.72,no
2026-10-05T03:28:48.701384Z,KXBTC15M-26OCT042330-30,0.0220,1.73,no
2026-10-05T03:28:48.709172Z,KXBTC15M-26OCT042330-30,0.0220,1.75,no
2026-10-05T03:28:48.715669Z,KXBTC15M-26OCT042330-30,0.0220,45.94,no
2026-10-05T03:28:48.716091Z,KXBTC15M-26OCT042330-30,0.0220,1.80,no
2026-10-05T03:28:48.721431Z,KXBTC15M-26OCT042330-30,0.0220,1.82,no
2026-10-05T03:28:48.728577Z,KXBTC15M-26OCT042330-30,0.0220,1.83,no
2026-10-05T03:28:48.734065Z,KXBTC15M-26OCT042330-30,0.0220,1.87,no
2026-10-05T03:28:48.739127Z,KXBTC15M-26OCT042330-30,0.0220,1.89,no
2026-10-05T03:28:48.745181Z,KXBTC15M-26OCT042330-30,0.0220,1.92,no
2026-10-05T03:28:48.748128Z,KXBTC15M-26OCT042330-30,0.0250,0.01,yes
2026-10-05T03:28:48.748128Z,KXBTC15M-26OCT042330-30,0.0240,2.00,yes
2026-10-05T03:28:48.748128Z,KXBTC15M-26OCT042330-30,0.0230,5.00,yes
2026-10-05T03:28:48.748128Z,KXBTC15M-26OCT042330-30,0.0230,0.01,yes
2026-10-05T03:28:48.748128Z,KXBTC15M-26OCT042330-30,0.0260,14.91,yes
2026-10-05T03:28:48.755347Z,KXBTC15M-26OCT042330-30,0.0220,81.67,no
2026-10-05T03:28:48.756911Z,KXBTC15M-26OCT042330-30,0.0220,102.09,no
2026-10-05T03:28:48.770213Z,KXBTC15M-26OCT042330-30,0.0220,6.29,no
2026-10-05T03:28:48.802585Z,KXBTC15M-26OCT042330-30,0.0240,3.35,yes
2026-10-05T03:28:48.802585Z,KXBTC15M-26OCT042330-30,0.0240,5.00,yes
2026-10-05T03:28:48.802585Z,KXBTC15M-26OCT042330-30,0.0250,7.00,yes
2026-10-05T03:28:48.802585Z,KXBTC15M-26OCT042330-30,0.0260,20.65,yes
2026-10-05T03:28:48.822931Z,KXBTC15M-26OCT042330-30,0.0240,40.99,no
2026-10-05T03:28:48.825836Z,KXBTC15M-26OCT042330-30,0.0240,5.91,no
2026-10-05T03:28:48.895298Z,KXBTC15M-26OCT042330-30,0.0240,301.56,no
2026-10-05T03:28:48.972828Z,KXBTC15M-26OCT042330-30,0.0240,1020.92,no
2026-10-05T03:28:48.998116Z,KXBTC15M-26OCT042330-30,0.0240,54.98,no
2026-10-05T03:28:48.998116Z,KXBTC15M-26OCT042330-30,0.0240,0.01,no
2026-10-05T03:28:48.998116Z,KXBTC15M-26OCT042330-30,0.0240,0.01,no
2026-10-05T03:28:48.998116Z,KXBTC15M-26OCT042330-30,0.0240,500.00,no
2026-10-05T03:28:49.01388Z,KXBTC15M-26OCT042330-30,0.0240,0.01,no
2026-10-05T03:28:49.01388Z,KXBTC15M-26OCT042330-30,0.0240,0.01,no
2026-10-05T03:28:49.01388Z,KXBTC15M-26OCT042330-30,0.0220,10.00,no
2026-10-05T03:28:49.01388Z,KXBTC15M-26OCT042330-30,0.0210,30.70,no
2026-10-05T03:28:49.042573Z,KXBTC15M-26OCT042330-30,0.0220,0.01,no
2026-10-05T03:28:49.042573Z,KXBTC15M-26OCT042330-30,0.0220,0.01,no
2026-10-05T03:28:49.042573Z,KXBTC15M-26OCT042330-30,0.0220,43.06,no
2026-10-05T03:28:49.054509Z,KXBTC15M-26OCT042330-30,0.0220,26.03,no
2026-10-05T03:28:49.055123Z,KXBTC15M-26OCT042330-30,0.0230,3.60,yes
2026-10-05T03:28:49.07249Z,KXBTC15M-26OCT042330-30,0.0230,0.01,yes
2026-10-05T03:28:49.07249Z,KXBTC15M-26OCT042330-30,0.0230,7.98,yes
2026-10-05T03:28:49.07249Z,KXBTC15M-26OCT042330-30,0.0230,0.01,yes
2026-10-05T03:28:49.10364Z,KXBTC15M-26OCT042330-30,0.0220,0.01,no
2026-10-05T03:28:49.10364Z,KXBTC15M-26OCT042330-30,0.0220,0.01,no
2026-10-05T03:28:49.10364Z,KXBTC15M-26OCT042330-30,0.0220,10.00,no
2026-10-05T03:28:49.10364Z,KXBTC15M-26OCT042330-30,0.0220,500.00,no
2026-10-05T03:28:49.10364Z,KXBTC15M-26OCT042330-30,0.0210,15.29,no
2026-10-05T03:28:49.151178Z,KXBTC15M-26OCT042330-30,0.0230,2.00,yes
2026-10-05T03:28:49.17999Z,KXBTC15M-26OCT042330-30,0.0220,0.01,no
2026-10-05T03:28:49.17999Z,KXBTC15M-26OCT042330-30,0.0220,10.00,no
2026-10-05T03:28:49.17999Z,KXBTC15M-26OCT042330-30,0.0220,0.01,no
2026-10-05T03:28:49.17999Z,KXBTC15M-26OCT042330-30,0.0210,19.12,no
2026-10-05T03:28:49.311599Z,KXBTC15M-26OCT042330-30,0.0210,833.99,no
2026-10-05T03:28:49.375189Z,KXBTC15M-26OCT042330-30,0.0210,1.97,no
2026-10-05T03:28:49.375189Z,KXBTC15M-26OCT042330-30,0.0210,0.01,no
2026-10-05T03:28:49.375189Z,KXBTC15M-26OCT042330-30,0.0210,0.01,no
2026-10-05T03:28:49.429886Z,KXBTC15M-26OCT042330-30,0.0220,0.01,yes
2026-10-05T03:28:49.429886Z,KXBTC15M-26OCT042330-30,0.0220,0.01,yes
2026-10-05T03:28:49.429886Z,KXBTC15M-26OCT042330-30,0.0220,28.45,yes
2026-10-05T03:28:49.455997Z,KXBTC15M-26OCT042330-30,0.0220,200.00,yes
2026-10-05T03:28:49.513803Z,KXBTC15M-26OCT042330-30,0.0210,52.04,no
2026-10-05T03:28:49.599063Z,KXBTC15M-26OCT042330-30,0.0220,0.01,yes
2026-10-05T03:28:49.599063Z,KXBTC15M-26OCT042330-30,0.0220,0.01,yes
2026-10-05T03:28:49.599063Z,KXBTC15M-26OCT042330-30,0.0230,81.37,yes
2026-10-05T03:28:49.610653Z,KXBTC15M-26OCT042330-30,0.0210,254.01,no
2026-10-05T03:28:49.610653Z,KXBTC15M-26OCT042330-30,0.0210,145.99,no
2026-10-05T03:28:49.611041Z,KXBTC15M-26OCT042330-30,0.0210,0.99,no
2026-10-05T03:28:49.639943Z,KXBTC15M-26OCT042330-30,0.0210,11.00,no
2026-10-05T03:28:49.639943Z,KXBTC15M-26OCT042330-30,0.0210,245.00,no
2026-10-05T03:28:49.639943Z,KXBTC15M-26OCT042330-30,0.0210,253.96,no
2026-10-05T03:28:49.689257Z,KXBTC15M-26OCT042330-30,0.0210,5.09,no
2026-10-05T03:28:49.780225Z,KXBTC15M-26OCT042330-30,0.0210,30.59,no
2026-10-05T03:28:49.892237Z,KXBTC15M-26OCT042330-30,0.0220,0.01,yes
2026-10-05T03:28:49.892237Z,KXBTC15M-26OCT042330-30,0.0220,6.00,yes
2026-10-05T03:28:49.892237Z,KXBTC15M-26OCT042330-30,0.0230,4.19,yes
2026-10-05T03:28:49.892237Z,KXBTC15M-26OCT042330-30,0.0220,0.01,yes
2026-10-05T03:28:49.932965Z,KXBTC15M-26OCT042330-30,0.0230,15.52,yes
2026-10-05T03:28:49.932965Z,KXBTC15M-26OCT042330-30,0.0220,0.01,yes
2026-10-05T03:28:49.932965Z,KXBTC15M-26OCT042330-30,0.0220,1.00,yes
2026-10-05T03:28:49.932965Z,KXBTC15M-26OCT042330-30,0.0220,0.01,yes
2026-10-05T03:28:49.932965Z,KXBTC15M-26OCT042330-30,0.0230,3.46,yes
2026-10-05T03:28:49.934639Z,KXBTC15M-26OCT042330-30,0.0240,2.00,yes
2026-10-05T03:28:49.934639Z,KXBTC15M-26OCT042330-30,0.0230,0.01,yes
2026-10-05T03:28:49.934639Z,KXBTC15M-26OCT042330-30,0.0230,200.00,yes
2026-10-05T03:28:49.934639Z,KXBTC15M-26OCT042330-30,0.0230,122.48,yes
2026-10-05T03:28:49.934639Z,KXBTC15M-26OCT042330-30,0.0230,2.00,yes
2026-10-05T03:28:49.934639Z,KXBTC15M-26OCT042330-30,0.0240,1191.25,yes
2026-10-05T03:28:49.934639Z,KXBTC15M-26OCT042330-30,0.0230,0.01,yes
2026-10-05T03:28:49.934639Z,KXBTC15M-26OCT042330-30,0.0230,12.00,yes
2026-10-05T03:28:49.934639Z,KXBTC15M-26OCT042330-30,0.0240,6.00,yes
2026-10-05T03:28:49.934639Z,KXBTC15M-26OCT042330-30,0.0230,12.00,yes
2026-10-05T03:28:49.949736Z,KXBTC15M-26OCT042330-30,0.0230,12.00,yes
2026-10-05T03:28:49.949736Z,KXBTC15M-26OCT042330-30,0.0230,5.00,yes
2026-10-05T03:28:49.949736Z,KXBTC15M-26OCT042330-30,0.0240,1.18,yes
2026-10-05T03:28:49.97601Z,KXBTC15M-26OCT042330-30,0.0210,0.97,no
2026-10-05T03:28:49.97601Z,KXBTC15M-26OCT042330-30,0.0210,0.01,no
2026-10-05T03:28:49.97601Z,KXBTC15M-26OCT042330-30,0.0210,0.01,no
2026-10-05T03:28:49.979344Z,KXBTC15M-26OCT042330-30,0.0230,12.00,yes
2026-10-05T03:28:49.979344Z,KXBTC15M-26OCT042330-30,0.0230,327.00,yes
2026-10-05T03:28:49.979344Z,KXBTC15M-26OCT042330-30,0.0230,100.00,yes
2026-10-05T03:28:50.01032Z,KXBTC15M-26OCT042330-30,0.0210,11.00,no
2026-10-05T03:28:50.01032Z,KXBTC15M-26OCT042330-30,0.0210,0.01,no
2026-10-05T03:28:50.01032Z,KXBTC15M-26OCT042330-30,0.0210,0.01,no
2026-10-05T03:28:50.01032Z,KXBTC15M-26OCT042330-30,0.0210,28.54,no
2026-10-05T03:28:50.064882Z,KXBTC15M-26OCT042330-30,0.0210,1.00,no
2026-10-05T03:28:50.07874Z,KXBTC15M-26OCT042330-30,0.0210,1.60,no
2026-10-05T03:28:50.1439Z,KXBTC15M-26OCT042330-30,0.0220,8.94,yes
2026-10-05T03:28:50.1439Z,KXBTC15M-26OCT042330-30,0.0220,5.00,yes
2026-10-05T03:28:50.1439Z,KXBTC15M-26OCT042330-30,0.0220,6.00,yes
2026-10-05T03:28:50.1439Z,KXBTC15M-26OCT042330-30,0.0220,0.01,yes
2026-10-05T03:28:50.1439Z,KXBTC15M-26OCT042330-30,0.0220,0.01,yes
2026-10-05T03:28:50.194292Z,KXBTC15M-26OCT042330-30,0.0220,40.31,yes
2026-10-05T03:28:50.262509Z,KXBTC15M-26OCT042330-30,0.0200,500.00,no
2026-10-05T03:28:50.262509Z,KXBTC15M-26OCT042330-30,0.0200,50.00,no
2026-10-05T03:28:50.262509Z,KXBTC15M-26OCT042330-30,0.0200,500.00,no
2026-10-05T03:28:50.262509Z,KXBTC15M-26OCT042330-30,0.0190,100.00,no
2026-10-05T03:28:50.262509Z,KXBTC15M-26OCT042330-30,0.0200,200.00,no
2026-10-05T03:28:50.262509Z,KXBTC15M-26OCT042330-30,0.0210,11.00,no
2026-10-05T03:28:50.262509Z,KXBTC15M-26OCT042330-30,0.0210,352.83,no
2026-10-05T03:28:50.262509Z,KXBTC15M-26OCT042330-30,0.0210,200.00,no
2026-10-05T03:28:50.262509Z,KXBTC15M-26OCT042330-30,0.0210,0.01,no
2026-10-05T03:28:50.262509Z,KXBTC15M-26OCT042330-30,0.0210,261.00,no
2026-10-05T03:28:50.262509Z,KXBTC15M-26OCT042330-30,0.0210,0.01,no
2026-10-05T03:28:50.262509Z,KXBTC15M-26OCT042330-30,0.0200,6.00,no
2026-10-05T03:28:50.262509Z,KXBTC15M-26OCT042330-30,0.0200,6.00,no
2026-10-05T03:28:50.262509Z,KXBTC15M-26OCT042330-30,0.0190,289.00,no
2026-10-05T03:28:50.262509Z,KXBTC15M-26OCT042330-30,0.0200,417.19,no
2026-10-05T03:28:50.262509Z,KXBTC15M-26OCT042330-30,0.0190,1.00,no
2026-10-05T03:28:50.262509Z,KXBTC15M-26OCT042330-30,0.0180,80.99,no
2026-10-05T03:28:50.321223Z,KXBTC15M-26OCT042330-30,0.0210,0.01,no
2026-10-05T03:28:50.321223Z,KXBTC15M-26OCT042330-30,0.0210,0.01,no
2026-10-05T03:28:50.321223Z,KXBTC15M-26OCT042330-30,0.0210,152.98,no
2026-10-05T03:28:50.376589Z,KXBTC15M-26OCT042330-30,0.0210,0.01,no
2026-10-05T03:28:50.376589Z,KXBTC15M-26OCT042330-30,0.0210,0.01,no
2026-10-05T03:28:50.376589Z,KXBTC15M-26OCT042330-30,0.0200,0.99,no
2026-10-05T03:28:50.388059Z,KXBTC15M-26OCT042330-30,0.0200,49.01,no
2026-10-05T03:28:50.388059Z,KXBTC15M-26OCT042330-30,0.0200,100.00,no
2026-10-05T03:28:50.388059Z,KXBTC15M-26OCT042330-30,0.0200,0.01,no
2026-10-05T03:28:50.388059Z,KXBTC15M-26OCT042330-30,0.0200,0.01,no
2026-10-05T03:28:50.388059Z,KXBTC15M-26OCT042330-30,0.0180,700.58,no
2026-10-05T03:28:50.446526Z,KXBTC15M-26OCT042330-30,0.0170,2.00,no
2026-10-05T03:28:50.446526Z,KXBTC15M-26OCT042330-30,0.0170,12.00,no
2026-10-05T03:28:50.446526Z,KXBTC15M-26OCT042330-30,0.0200,327.00,no
2026-10-05T03:28:50.446526Z,KXBTC15M-26OCT042330-30,0.0170,99.00,no
2026-10-05T03:28:50.446526Z,KXBTC15M-26OCT042330-30,0.0200,0.01,no
2026-10-05T03:28:50.446526Z,KXBTC15M-26OCT042330-30,0.0200,50.00,no
2026-10-05T03:28:50.446526Z,KXBTC15M-26OCT042330-30,0.0200,500.00,no
2026-10-05T03:28:50.446526Z,KXBTC15M-26OCT042330-30,0.0200,0.01,no
2026-10-05T03:28:50.446526Z,KXBTC15M-26OCT042330-30,0.0200,500.00,no
2026-10-05T03:28:50.446526Z,KXBTC15M-26OCT042330-30,0.0180,0.01,no
2026-10-05T03:28:50.446526Z,KXBTC15M-26OCT042330-30,0.0180,0.01,no
2026-10-05T03:28:50.446526Z,KXBTC15M-26OCT042330-30,0.0170,323.00,no
2026-10-05T03:28:50.446526Z,KXBTC15M-26OCT042330-30,0.0170,1.00,no
2026-10-05T03:28:50.446526Z,KXBTC15M-26OCT042330-30,0.0180,1.00,no
2026-10-05T03:28:50.446526Z,KXBTC15M-26OCT042330-30,0.0160,1.00,no
2026-10-05T03:28:50.446526Z,KXBTC15M-26OCT042330-30,0.0160,384.00,no
2026-10-05T03:28:50.446526Z,KXBTC15M-26OCT042330-30,0.0160,836.00,no
2026-10-05T03:28:50.446526Z,KXBTC15M-26OCT042330-30,0.0160,384.00,no
2026-10-05T03:28:50.446526Z,KXBTC15M-26OCT042330-30,0.0160,660.00,no
2026-10-05T03:28:50.446526Z,KXBTC15M-26OCT042330-30,0.0160,384.00,no
2026-10-05T03:28:50.446526Z,KXBTC15M-26OCT042330-30,0.0160,1047.00,no
2026-10-05T03:28:50.446526Z,KXBTC15M-26OCT042330-30,0.0180,265.43,no
2026-10-05T03:28:50.446526Z,KXBTC15M-26OCT042330-30,0.0160,84.60,no
2026-10-05T03:28:50.479384Z,KXBTC15M-26OCT042330-30,0.0180,0.34,no
2026-10-05T03:28:50.479384Z,KXBTC15M-26OCT042330-30,0.0180,1.02,no
2026-10-05T03:28:50.515525Z,KXBTC15M-26OCT042330-30,0.0190,815.04,yes
2026-10-05T03:28:50.533658Z,KXBTC15M-26OCT042330-30,0.0180,0.01,no
2026-10-05T03:28:50.533658Z,KXBTC15M-26OCT042330-30,0.0180,0.01,no
2026-10-05T03:28:50.533658Z,KXBTC15M-26OCT042330-30,0.0160,5.29,no
2026-10-05T03:28:50.544821Z,KXBTC15M-26OCT042330-30,0.0180,0.01,no
2026-10-05T03:28:50.544821Z,KXBTC15M-26OCT042330-30,0.0180,0.01,no
2026-10-05T03:28:50.544821Z,KXBTC15M-26OCT042330-30,0.0160,37.28,no
2026-10-05T03:28:50.563236Z,KXBTC15M-26OCT042330-30,0.0190,58.21,yes
2026-10-05T03:28:50.588813Z,KXBTC15M-26OCT042330-30,0.0190,51.76,yes
2026-10-05T03:28:50.603768Z,KXBTC15M-26OCT042330-30,0.0180,0.01,no
2026-10-05T03:28:50.603768Z,KXBTC15M-26OCT042330-30,0.0180,0.01,no
2026-10-05T03:28:50.603768Z,KXBTC15M-26OCT042330-30,0.0160,99.98,no
2026-10-05T03:28:50.755156Z,KXBTC15M-26OCT042330-30,0.0190,42.54,yes
2026-10-05T03:28:50.760942Z,KXBTC15M-26OCT042330-30,0.0180,0.01,no
2026-10-05T03:28:50.760942Z,KXBTC15M-26OCT042330-30,0.0180,0.01,no
2026-10-05T03:28:50.760942Z,KXBTC15M-26OCT042330-30,0.0160,99.98,no
2026-10-05T03:28:50.829769Z,KXBTC15M-26OCT042330-30,0.0180,0.01,no
2026-10-05T03:28:50.829769Z,KXBTC15M-26OCT042330-30,0.0180,0.01,no
2026-10-05T03:28:50.829769Z,KXBTC15M-26OCT042330-30,0.0160,19.18,no
2026-10-05T03:28:50.858976Z,KXBTC15M-26OCT042330-30,0.0190,2.00,yes
2026-10-05T03:28:50.9326Z,KXBTC15M-26OCT042330-30,0.0170,0.01,yes
2026-10-05T03:28:50.9326Z,KXBTC15M-26OCT042330-30,0.0170,60.00,yes
2026-10-05T03:28:50.9326Z,KXBTC15M-26OCT042330-30,0.0170,199.98,yes
2026-10-05T03:28:50.9326Z,KXBTC15M-26OCT042330-30,0.0170,0.01,yes
2026-10-05T03:28:50.947862Z,KXBTC15M-26OCT042330-30,0.0150,10.00,no
2026-10-05T03:28:50.947862Z,KXBTC15M-26OCT042330-30,0.0150,10.00,no
2026-10-05T03:28:50.947862Z,KXBTC15M-26OCT042330-30,0.0150,10.00,no
2026-10-05T03:28:50.947862Z,KXBTC15M-26OCT042330-30,0.0160,15.00,no
2026-10-05T03:28:50.947862Z,KXBTC15M-26OCT042330-30,0.0150,10.00,no
2026-10-05T03:28:50.947862Z,KXBTC15M-26OCT042330-30,0.0150,1.00,no
2026-10-05T03:28:50.947862Z,KXBTC15M-26OCT042330-30,0.0150,0.88,no
2026-10-05T03:28:50.947862Z,KXBTC15M-26OCT042330-30,0.0150,22.44,no
2026-10-05T03:28:50.947862Z,KXBTC15M-26OCT042330-30,0.0150,93.75,no
2026-10-05T03:28:50.947862Z,KXBTC15M-26OCT042330-30,0.0160,200.00,no
2026-10-05T03:28:50.947862Z,KXBTC15M-26OCT042330-30,0.0150,200.00,no
2026-10-05T03:28:50.947862Z,KXBTC15M-26OCT042330-30,0.0150,15.00,no
2026-10-05T03:28:50.947862Z,KXBTC15M-26OCT042330-30,0.0160,0.01,no
2026-10-05T03:28:50.947862Z,KXBTC15M-26OCT042330-30,0.0160,13.00,no
2026-10-05T03:28:50.947862Z,KXBTC15M-26OCT042330-30,0.0160,500.00,no
2026-10-05T03:28:50.947862Z,KXBTC15M-26OCT042330-30,0.0160,500.00,no
2026-10-05T03:28:50.947862Z,KXBTC15M-26OCT042330-30,0.0150,93.75,no
2026-10-05T03:28:50.947862Z,KXBTC15M-26OCT042330-30,0.0160,0.01,no
2026-10-05T03:28:50.947862Z,KXBTC15M-26OCT042330-30,0.0150,1.00,no
2026-10-05T03:28:50.947862Z,KXBTC15M-26OCT042330-30,0.0150,384.00,no
2026-10-05T03:28:50.947862Z,KXBTC15M-26OCT042330-30,0.0150,384.00,no
2026-10-05T03:28:50.947862Z,KXBTC15M-26OCT042330-30,0.0150,384.00,no
2026-10-05T03:28:50.947862Z,KXBTC15M-26OCT042330-30,0.0140,265.40,no
2026-10-05T03:28:50.947862Z,KXBTC15M-26OCT042330-30,0.0140,327.00,no
2026-10-05T03:28:50.947862Z,KXBTC15M-26OCT042330-30,0.0150,3.00,no
2026-10-05T03:28:50.947862Z,KXBTC15M-26OCT042330-30,0.0150,384.00,no
2026-10-05T03:28:50.947862Z,KXBTC15M-26OCT042330-30,0.0160,37.69,no
2026-10-05T03:28:50.976668Z,KXBTC15M-26OCT042330-30,0.0160,228.00,yes
2026-10-05T03:28:50.979698Z,KXBTC15M-26OCT042330-30,0.0150,10.35,yes
2026-10-05T03:28:50.987672Z,KXBTC15M-26OCT042330-30,0.0150,0.01,yes
2026-10-05T03:28:50.987672Z,KXBTC15M-26OCT042330-30,0.0160,40.43,yes
2026-10-05T03:28:50.987672Z,KXBTC15M-26OCT042330-30,0.0150,255.05,yes
2026-10-05T03:28:51.011567Z,KXBTC15M-26OCT042330-30,0.0150,0.01,yes
2026-10-05T03:28:51.011567Z,KXBTC15M-26OCT042330-30,0.0150,0.01,yes
2026-10-05T03:28:51.026603Z,KXBTC15M-26OCT042330-30,0.0150,0.01,yes
2026-10-05T03:28:51.026603Z,KXBTC15M-26OCT042330-30,0.0150,0.01,yes
2026-10-05T03:28:51.026603Z,KXBTC15M-26OCT042330-30,0.0150,101.98,yes
2026-10-05T03:28:51.027071Z,KXBTC15M-26OCT042330-30,0.0150,35.00,yes
2026-10-05T03:28:51.048716Z,KXBTC15M-26OCT042330-30,0.0150,1.14,yes
2026-10-05T03:28:51.087069Z,KXBTC15M-26OCT042330-30,0.0140,10.00,no
2026-10-05T03:28:51.088171Z,KXBTC15M-26OCT042330-30,0.0140,61.54,no
2026-10-05T03:28:51.12515Z,KXBTC15M-26OCT042330-30,0.0150,0.01,yes
2026-10-05T03:28:51.12515Z,KXBTC15M-26OCT042330-30,0.0150,49.23,yes
2026-10-05T03:28:51.12515Z,KXBTC15M-26OCT042330-30,0.0150,0.01,yes
2026-10-05T03:28:51.219163Z,KXBTC15M-26OCT042330-30,0.0150,36.34,yes
2026-10-05T03:28:51.266124Z,KXBTC15M-26OCT042330-30,0.0150,5.00,yes
2026-10-05T03:28:51.279829Z,KXBTC15M-26OCT042330-30,0.0140,7.25,no
2026-10-05T03:28:51.285573Z,KXBTC15M-26OCT042330-30,0.0150,14.35,yes
2026-10-05T03:28:51.310858Z,KXBTC15M-26OCT042330-30,0.0150,40.28,yes
2026-10-05T03:28:51.320793Z,KXBTC15M-26OCT042330-30,0.0140,39.81,no
2026-10-05T03:28:51.320793Z,KXBTC15M-26OCT042330-30,0.0140,82.79,no
2026-10-05T03:28:51.320793Z,KXBTC15M-26OCT042330-30,0.0140,384.00,no
2026-10-05T03:28:51.342242Z,KXBTC15M-26OCT042330-30,0.0150,0.01,yes
2026-10-05T03:28:51.342242Z,KXBTC15M-26OCT042330-30,0.0150,210.03,yes
2026-10-05T03:28:51.342242Z,KXBTC15M-26OCT042330-30,0.0150,7.25,yes
2026-10-05T03:28:51.342242Z,KXBTC15M-26OCT042330-30,0.0150,0.01,yes
2026-10-05T03:28:51.342242Z,KXBTC15M-26OCT042330-30,0.0150,82.79,yes
2026-10-05T03:28:51.342242Z,KXBTC15M-26OCT042330-30,0.0150,10.00,yes
2026-10-05T03:28:51.342242Z,KXBTC15M-26OCT042330-30,0.0150,28.37,yes
2026-10-05T03:28:51.342242Z,KXBTC15M-26OCT042330-30,0.0150,61.54,yes
2026-10-05T03:28:51.383642Z,KXBTC15M-26OCT042330-30,0.0150,124.29,yes
2026-10-05T03:28:51.426145Z,KXBTC15M-26OCT042330-30,0.0150,4.09,yes
2026-10-05T03:28:51.468819Z,KXBTC15M-26OCT042330-30,0.0140,26.00,no
2026-10-05T03:28:51.468819Z,KXBTC15M-26OCT042330-30,0.0140,392.00,no
2026-10-05T03:28:51.468819Z,KXBTC15M-26OCT042330-30,0.0140,500.00,no
2026-10-05T03:28:51.468819Z,KXBTC15M-26OCT042330-30,0.0140,500.00,no
2026-10-05T03:28:51.468819Z,KXBTC15M-26OCT042330-30,0.0140,1.00,no
2026-10-05T03:28:51.468819Z,KXBTC15M-26OCT042330-30,0.0140,0.01,no
2026-10-05T03:28:51.468819Z,KXBTC15M-26OCT042330-30,0.0140,0.01,no
2026-10-05T03:28:51.468819Z,KXBTC15M-26OCT042330-30,0.0140,200.00,no
2026-10-05T03:28:51.468819Z,KXBTC15M-26OCT042330-30,0.0140,13.00,no
2026-10-05T03:28:51.468819Z,KXBTC15M-26OCT042330-30,0.0140,1.00,no
2026-10-05T03:28:51.468819Z,KXBTC15M-26OCT042330-30,0.0140,301.21,no
2026-10-05T03:28:51.468819Z,KXBTC15M-26OCT042330-30,0.0130,6.99,no
2026-10-05T03:28:51.468819Z,KXBTC15M-26OCT042330-30,0.0140,384.00,no
2026-10-05T03:28:51.477302Z,KXBTC15M-26OCT042330-30,0.0150,43.81,yes
2026-10-05T03:28:51.481456Z,KXBTC15M-26OCT042330-30,0.0150,95.83,yes
2026-10-05T03:28:51.481456Z,KXBTC15M-26OCT042330-30,0.0140,216.00,yes
2026-10-05T03:28:51.520178Z,KXBTC15M-26OCT042330-30,0.0150,39.81,yes
2026-10-05T03:28:51.520178Z,KXBTC15M-26OCT042330-30,0.0140,0.01,yes
2026-10-05T03:28:51.520178Z,KXBTC15M-26OCT042330-30,0.0150,0.01,yes
2026-10-05T03:28:51.520178Z,KXBTC15M-26OCT042330-30,0.0150,0.01,yes
2026-10-05T03:28:51.520178Z,KXBTC15M-26OCT042330-30,0.0150,87.61,yes
2026-10-05T03:28:51.520178Z,KXBTC15M-26OCT042330-30,0.0150,1.00,yes
2026-10-05T03:28:51.520178Z,KXBTC15M-26OCT042330-30,0.0150,145.72,yes
2026-10-05T03:28:51.520178Z,KXBTC15M-26OCT042330-30,0.0140,0.01,yes
2026-10-05T03:28:51.520178Z,KXBTC15M-26OCT042330-30,0.0140,6.99,yes
2026-10-05T03:28:51.520178Z,KXBTC15M-26OCT042330-30,0.0140,12.00,yes
2026-10-05T03:28:51.531891Z,KXBTC15M-26OCT042330-30,0.0140,56.34,yes
2026-10-05T03:28:51.541303Z,KXBTC15M-26OCT042330-30,0.0150,12.07,yes
2026-10-05T03:28:51.541303Z,KXBTC15M-26OCT042330-30,0.0140,69.66,yes
2026-10-05T03:28:51.541303Z,KXBTC15M-26OCT042330-30,0.0140,0.01,yes
2026-10-05T03:28:51.541303Z,KXBTC15M-26OCT042330-30,0.0140,0.01,yes
2026-10-05T03:28:51.559026Z,KXBTC15M-26OCT042330-30,0.0130,249.01,no
2026-10-05T03:28:51.559026Z,KXBTC15M-26OCT042330-30,0.0130,27.99,no
2026-10-05T03:28:51.562274Z,KXBTC15M-26OCT042330-30,0.0150,10.51,yes
2026-10-05T03:28:51.562274Z,KXBTC15M-26OCT042330-30,0.0140,0.01,yes
2026-10-05T03:28:51.562274Z,KXBTC15M-26OCT042330-30,0.0140,0.01,yes
2026-10-05T03:28:51.567399Z,KXBTC15M-26OCT042330-30,0.0130,5.25,no
2026-10-05T03:28:51.578748Z,KXBTC15M-26OCT042330-30,0.0130,3.65,no
2026-10-05T03:28:51.583969Z,KXBTC15M-26OCT042330-30,0.0130,0.50,no
2026-10-05T03:28:51.658093Z,KXBTC15M-26OCT042330-30,0.0140,37.77,yes
2026-10-05T03:28:51.661157Z,KXBTC15M-26OCT042330-30,0.0140,44.20,yes
2026-10-05T03:28:51.662696Z,KXBTC15M-26OCT042330-30,0.0140,33.80,yes
2026-10-05T03:28:51.674678Z,KXBTC15M-26OCT042330-30,0.0130,25.00,no
2026-10-05T03:28:51.674678Z,KXBTC15M-26OCT042330-30,0.0130,2.30,no
2026-10-05T03:28:51.674678Z,KXBTC15M-26OCT042330-30,0.0130,0.01,no
2026-10-05T03:28:51.674678Z,KXBTC15M-26OCT042330-30,0.0130,0.01,no
2026-10-05T03:28:51.674678Z,KXBTC15M-26OCT042330-30,0.0130,1.00,no
2026-10-05T03:28:51.674678Z,KXBTC15M-26OCT042330-30,0.0130,17.00,no
2026-10-05T03:28:51.674678Z,KXBTC15M-26OCT042330-30,0.0130,14.00,no
2026-10-05T03:28:51.674678Z,KXBTC15M-26OCT042330-30,0.0130,200.00,no
2026-10-05T03:28:51.674678Z,KXBTC15M-26OCT042330-30,0.0130,2.00,no
2026-10-05T03:28:51.674678Z,KXBTC15M-26OCT042330-30,0.0130,1.00,no
2026-10-05T03:28:51.674678Z,KXBTC15M-26OCT042330-30,0.0130,256.00,no
2026-10-05T03:28:51.674678Z,KXBTC15M-26OCT042330-30,0.0130,218.61,no
2026-10-05T03:28:51.674678Z,KXBTC15M-26OCT042330-30,0.0130,256.00,no
2026-10-05T03:28:51.681514Z,KXBTC15M-26OCT042330-30,0.0140,37.55,yes
2026-10-05T03:28:51.741653Z,KXBTC15M-26OCT042330-30,0.0140,0.50,yes
2026-10-05T03:28:51.741653Z,KXBTC15M-26OCT042330-30,0.0140,0.01,yes
2026-10-05T03:28:51.741653Z,KXBTC15M-26OCT042330-30,0.0140,3.65,yes
2026-10-05T03:28:51.741653Z,KXBTC15M-26OCT042330-30,0.0140,27.99,yes
2026-10-05T03:28:51.741653Z,KXBTC15M-26OCT042330-30,0.0140,5.25,yes
2026-10-05T03:28:51.741653Z,KXBTC15M-26OCT042330-30,0.0140,95.69,yes
2026-10-05T03:28:51.741653Z,KXBTC15M-26OCT042330-30,0.0140,0.01,yes
2026-10-05T03:28:51.741653Z,KXBTC15M-26OCT042330-30,0.0140,204.53,yes
2026-10-05T03:28:51.748274Z,KXBTC15M-26OCT042330-30,0.0130,2.07,no
2026-10-05T03:28:51.767223Z,KXBTC15M-26OCT042330-30,0.0130,94.13,no
2026-10-05T03:28:51.767223Z,KXBTC15M-26OCT042330-30,0.0130,417.63,no
2026-10-05T03:28:51.769048Z,KXBTC15M-26OCT042330-30,0.0130,405.87,no
2026-10-05T03:28:51.769048Z,KXBTC15M-26OCT042330-30,0.0130,308.65,no
2026-10-05T03:28:51.792924Z,KXBTC15M-26OCT042330-30,0.0140,18.46,yes
2026-10-05T03:28:51.798736Z,KXBTC15M-26OCT042330-30,0.0130,0.01,no
2026-10-05T03:28:51.798736Z,KXBTC15M-26OCT042330-30,0.0130,14.00,no
2026-10-05T03:28:51.798736Z,KXBTC15M-26OCT042330-30,0.0130,0.59,no
2026-10-05T03:28:51.845564Z,KXBTC15M-26OCT042330-30,0.0130,31.46,no
2026-10-05T03:28:51.853745Z,KXBTC15M-26OCT042330-30,0.0140,6.23,yes
2026-10-05T03:28:51.921942Z,KXBTC15M-26OCT042330-30,0.0130,1.00,no
2026-10-05T03:28:51.952987Z,KXBTC15M-26OCT042330-30,0.0140,14.08,yes
2026-10-05T03:28:51.956906Z,KXBTC15M-26OCT042330-30,0.0140,12.70,yes
2026-10-05T03:28:51.956906Z,KXBTC15M-26OCT042330-30,0.0140,16.30,yes
2026-10-05T03:28:52.060273Z,KXBTC15M-26OCT042330-30,0.0140,5.00,yes
2026-10-05T03:28:52.068036Z,KXBTC15M-26OCT042330-30,0.0130,79.12,no
2026-10-05T03:28:52.079204Z,KXBTC15M-26OCT042330-30,0.0130,76.92,no
2026-10-05T03:28:52.079645Z,KXBTC15M-26OCT042330-30,0.0140,1.00,yes
2026-10-05T03:28:52.079645Z,KXBTC15M-26OCT042330-30,0.0140,0.01,yes
2026-10-05T03:28:52.079645Z,KXBTC15M-26OCT042330-30,0.0140,218.61,yes
2026-10-05T03:28:52.079645Z,KXBTC15M-26OCT042330-30,0.0140,6.00,yes
2026-10-05T03:28:52.079645Z,KXBTC15M-26OCT042330-30,0.0140,47.67,yes
2026-10-05T03:28:52.079645Z,KXBTC15M-26OCT042330-30,0.0140,0.01,yes
2026-10-05T03:28:52.079645Z,KXBTC15M-26OCT042330-30,0.0140,234.70,yes
2026-10-05T03:28:52.086551Z,KXBTC15M-26OCT042330-30,0.0130,4.98,no
2026-10-05T03:28:52.212594Z,KXBTC15M-26OCT042330-30,0.0130,0.01,no
2026-10-05T03:28:52.212594Z,KXBTC15M-26OCT042330-30,0.0130,7.54,no
2026-10-05T03:28:52.212594Z,KXBTC15M-26OCT042330-30,0.0130,14.00,no
2026-10-05T03:28:52.212594Z,KXBTC15M-26OCT042330-30,0.0130,1.00,no
2026-10-05T03:28:52.212594Z,KXBTC15M-26OCT042330-30,0.0130,0.01,no
2026-10-05T03:28:52.220428Z,KXBTC15M-26OCT042330-30,0.0140,47.84,yes
2026-10-05T03:28:52.220428Z,KXBTC15M-26OCT042330-30,0.0140,500.00,yes
2026-10-05T03:28:52.220428Z,KXBTC15M-26OCT042330-30,0.0140,288.33,yes
2026-10-05T03:28:52.220428Z,KXBTC15M-26OCT042330-30,0.0140,99.00,yes
2026-10-05T03:28:52.220428Z,KXBTC15M-26OCT042330-30,0.0140,0.01,yes
2026-10-05T03:28:52.220428Z,KXBTC15M-26OCT042330-30,0.0140,1.00,yes
2026-10-05T03:28:52.220428Z,KXBTC15M-26OCT042330-30,0.0140,0.01,yes
2026-10-05T03:28:52.220428Z,KXBTC15M-26OCT042330-30,0.0140,75.00,yes
2026-10-05T03:28:52.220428Z,KXBTC15M-26OCT042330-30,0.0140,15.00,yes
2026-10-05T03:28:52.220428Z,KXBTC15M-26OCT042330-30,0.0140,41.00,yes
2026-10-05T03:28:52.220428Z,KXBTC15M-26OCT042330-30,0.0140,200.00,yes
2026-10-05T03:28:52.343978Z,KXBTC15M-26OCT042330-30,0.0150,55.13,yes
2026-10-05T03:28:52.343978Z,KXBTC15M-26OCT042330-30,0.0150,215.70,yes
2026-10-05T03:28:52.343978Z,KXBTC15M-26OCT042330-30,0.0140,15.00,yes
2026-10-05T03:28:52.343978Z,KXBTC15M-26OCT042330-30,0.0140,0.01,yes
2026-10-05T03:28:52.343978Z,KXBTC15M-26OCT042330-30,0.0140,0.01,yes
2026-10-05T03:28:52.353712Z,KXBTC15M-26OCT042330-30,0.0130,1.01,no
2026-10-05T03:28:52.363135Z,KXBTC15M-26OCT042330-30,0.0140,0.01,yes
2026-10-05T03:28:52.418406Z,KXBTC15M-26OCT042330-30,0.0150,141.91,yes
2026-10-05T03:28:52.439802Z,KXBTC15M-26OCT042330-30,0.0140,0.01,no
2026-10-05T03:28:52.439802Z,KXBTC15M-26OCT042330-30,0.0140,0.01,no
2026-10-05T03:28:52.439802Z,KXBTC15M-26OCT042330-30,0.0130,0.01,no
2026-10-05T03:28:52.439802Z,KXBTC15M-26OCT042330-30,0.0140,0.99,no
2026-10-05T03:28:52.439802Z,KXBTC15M-26OCT042330-30,0.0130,0.01,no
2026-10-05T03:28:52.439802Z,KXBTC15M-26OCT042330-30,0.0130,5.67,no
2026-10-05T03:28:52.475917Z,KXBTC15M-26OCT042330-30,0.0150,1.00,yes
2026-10-05T03:28:52.475917Z,KXBTC15M-26OCT042330-30,0.0150,104.17,yes
2026-10-05T03:28:52.475917Z,KXBTC15M-26OCT042330-30,0.0150,126.00,yes
2026-10-05T03:28:52.475917Z,KXBTC15M-26OCT042330-30,0.0150,270.41,yes
2026-10-05T03:28:52.495175Z,KXBTC15M-26OCT042330-30,0.0150,15.35,yes
2026-10-05T03:28:52.495175Z,KXBTC15M-26OCT042330-30,0.0150,0.01,yes
2026-10-05T03:28:52.495175Z,KXBTC15M-26OCT042330-30,0.0150,0.01,yes
2026-10-05T03:28:52.568479Z,KXBTC15M-26OCT042330-30,0.0150,161.98,yes
2026-10-05T03:28:52.568479Z,KXBTC15M-26OCT042330-30,0.0150,0.01,yes
2026-10-05T03:28:52.568479Z,KXBTC15M-26OCT042330-30,0.0150,200.00,yes
2026-10-05T03:28:52.568479Z,KXBTC15M-26OCT042330-30,0.0150,138.00,yes
2026-10-05T03:28:52.568479Z,KXBTC15M-26OCT042330-30,0.0150,0.01,yes
2026-10-05T03:28:52.585614Z,KXBTC15M-26OCT042330-30,0.0140,0.01,no
2026-10-05T03:28:52.585614Z,KXBTC15M-26OCT042330-30,0.0140,0.01,no
2026-10-05T03:28:52.585614Z,KXBTC15M-26OCT042330-30,0.0140,0.99,no
2026-10-05T03:28:52.608576Z,KXBTC15M-26OCT042330-30,0.0150,1.29,yes
2026-10-05T03:28:52.609788Z,KXBTC15M-26OCT042330-30,0.0130,25.44,no
2026-10-05T03:28:52.609788Z,KXBTC15M-26OCT042330-30,0.0140,13.00,no
2026-10-05T03:28:52.609788Z,KXBTC15M-26OCT042330-30,0.0140,0.01,no
2026-10-05T03:28:52.609788Z,KXBTC15M-26OCT042330-30,0.0140,0.01,no
2026-10-05T03:28:52.609788Z,KXBTC15M-26OCT042330-30,0.0130,15.00,no
2026-10-05T03:28:52.609788Z,KXBTC15M-26OCT042330-30,0.0130,15.00,no
2026-10-05T03:28:52.629807Z,KXBTC15M-26OCT042330-30,0.0130,4.12,no
2026-10-05T03:28:52.689007Z,KXBTC15M-26OCT042330-30,0.0130,51.54,no
2026-10-05T03:28:52.706271Z,KXBTC15M-26OCT042330-30,0.0130,39.18,no
2026-10-05T03:28:52.791707Z,KXBTC15M-26OCT042330-30,0.0130,0.99,no
2026-10-05T03:28:52.791707Z,KXBTC15M-26OCT042330-30,0.0130,0.01,no
2026-10-05T03:28:52.791707Z,KXBTC15M-26OCT042330-30,0.0130,0.01,no
2026-10-05T03:28:52.810672Z,KXBTC15M-26OCT042330-30,0.0130,59.18,no
2026-10-05T03:28:52.810672Z,KXBTC15M-26OCT042330-30,0.0130,13.01,no
2026-10-05T03:28:52.846114Z,KXBTC15M-26OCT042330-30,0.0130,28.91,no
2026-10-05T03:28:52.851094Z,KXBTC15M-26OCT042330-30,0.0140,102.00,yes
2026-10-05T03:28:52.851094Z,KXBTC15M-26OCT042330-30,0.0140,15.00,yes
2026-10-05T03:28:52.851094Z,KXBTC15M-26OCT042330-30,0.0150,2.00,yes
2026-10-05T03:28:52.851094Z,KXBTC15M-26OCT042330-30,0.0150,200.00,yes
2026-10-05T03:28:52.851094Z,KXBTC15M-26OCT042330-30,0.0150,2.00,yes
2026-10-05T03:28:52.851094Z,KXBTC15M-26OCT042330-30,0.0150,500.00,yes
2026-10-05T03:28:52.851094Z,KXBTC15M-26OCT042330-30,0.0140,200.00,yes
2026-10-05T03:28:52.851094Z,KXBTC15M-26OCT042330-30,0.0140,15.00,yes
2026-10-05T03:28:52.851094Z,KXBTC15M-26OCT042330-30,0.0140,0.01,yes
2026-10-05T03:28:52.851094Z,KXBTC15M-26OCT042330-30,0.0140,0.01,yes
2026-10-05T03:28:52.851094Z,KXBTC15M-26OCT042330-30,0.0160,14.12,yes
2026-10-05T03:28:52.938855Z,KXBTC15M-26OCT042330-30,0.0140,0.01,yes
2026-10-05T03:28:52.938855Z,KXBTC15M-26OCT042330-30,0.0140,0.01,yes
2026-10-05T03:28:52.938855Z,KXBTC15M-26OCT042330-30,0.0160,69.38,yes
2026-10-05T03:28:52.938855Z,KXBTC15M-26OCT042330-30,0.0160,101.45,yes
2026-10-05T03:28:52.949102Z,KXBTC15M-26OCT042330-30,0.0130,168.43,no
2026-10-05T03:28:52.965092Z,KXBTC15M-26OCT042330-30,0.0130,48.98,no
2026-10-05T03:28:53.021258Z,KXBTC15M-26OCT042330-30,0.0150,1.00,yes
2026-10-05T03:28:53.021258Z,KXBTC15M-26OCT042330-30,0.0140,1.00,yes
2026-10-05T03:28:53.021258Z,KXBTC15M-26OCT042330-30,0.0140,0.01,yes
2026-10-05T03:28:53.021258Z,KXBTC15M-26OCT042330-30,0.0140,0.01,yes
2026-10-05T03:28:53.021258Z,KXBTC15M-26OCT042330-30,0.0160,55.04,yes
2026-10-05T03:28:53.087278Z,KXBTC15M-26OCT042330-30,0.0140,113.36,no
2026-10-05T03:28:53.088171Z,KXBTC15M-26OCT042330-30,0.0150,7.52,yes
2026-10-05T03:28:53.088171Z,KXBTC15M-26OCT042330-30,0.0150,0.01,yes
2026-10-05T03:28:53.088171Z,KXBTC15M-26OCT042330-30,0.0150,0.01,yes
2026-10-05T03:28:53.088171Z,KXBTC15M-26OCT042330-30,0.0150,100.00,yes
2026-10-05T03:28:53.108891Z,KXBTC15M-26OCT042330-30,0.0140,20.16,no
2026-10-05T03:28:53.177371Z,KXBTC15M-26OCT042330-30,0.0140,15.18,no
2026-10-05T03:28:53.178414Z,KXBTC15M-26OCT042330-30,0.0140,131.12,no
2026-10-05T03:28:53.186298Z,KXBTC15M-26OCT042330-30,0.0150,0.01,yes
2026-10-05T03:28:53.186298Z,KXBTC15M-26OCT042330-30,0.0150,1.07,yes
2026-10-05T03:28:53.199928Z,KXBTC15M-26OCT042330-30,0.0140,489.82,no
2026-10-05T03:28:53.199928Z,KXBTC15M-26OCT042330-30,0.0140,520.18,no
2026-10-05T03:28:53.221454Z,KXBTC15M-26OCT042330-30,0.0140,40.43,no
2026-10-05T03:28:53.221454Z,KXBTC15M-26OCT042330-30,0.0140,10.18,no
2026-10-05T03:28:53.250409Z,KXBTC15M-26OCT042330-30,0.0150,2.00,yes
2026-10-05T03:28:53.250409Z,KXBTC15M-26OCT042330-30,0.0150,0.01,yes
2026-10-05T03:28:53.250409Z,KXBTC15M-26OCT042330-30,0.0150,0.01,yes
2026-10-05T03:28:53.250409Z,KXBTC15M-26OCT042330-30,0.0150,97.00,yes
2026-10-05T03:28:53.250409Z,KXBTC15M-26OCT042330-30,0.0160,11.98,yes
2026-10-05T03:28:53.295212Z,KXBTC15M-26OCT042330-30,0.0140,79.98,no
2026-10-05T03:28:53.340639Z,KXBTC15M-26OCT042330-30,0.0150,2.00,yes
2026-10-05T03:28:53.340639Z,KXBTC15M-26OCT042330-30,0.0150,18.00,yes
2026-10-05T03:28:53.378129Z,KXBTC15M-26OCT042330-30,0.0140,38.46,no
2026-10-05T03:28:53.401368Z,KXBTC15M-26OCT042330-30,0.0150,4.57,yes
2026-10-05T03:28:53.40411Z,KXBTC15M-26OCT042330-30,0.0150,7.37,yes
2026-10-05T03:28:53.40411Z,KXBTC15M-26OCT042330-30,0.0150,84.43,yes
2026-10-05T03:28:53.455584Z,KXBTC15M-26OCT042330-30,0.0140,5.06,no
2026-10-05T03:28:53.459556Z,KXBTC15M-26OCT042330-30,0.0150,10.63,yes
2026-10-05T03:28:53.459556Z,KXBTC15M-26OCT042330-30,0.0150,43.74,yes
2026-10-05T03:28:53.554707Z,KXBTC15M-26OCT042330-30,0.0150,56.26,yes
2026-10-05T03:28:53.554707Z,KXBTC15M-26OCT042330-30,0.0150,134.10,yes
2026-10-05T03:28:53.554707Z,KXBTC15M-26OCT042330-30,0.0150,102.00,yes
2026-10-05T03:28:53.56974Z,KXBTC15M-26OCT042330-30,0.0140,0.01,no
2026-10-05T03:28:53.56974Z,KXBTC15M-26OCT042330-30,0.0140,144.91,no
2026-10-05T03:28:53.56974Z,KXBTC15M-26OCT042330-30,0.0140,0.01,no
2026-10-05T03:28:53.56974Z,KXBTC15M-26OCT042330-30,0.0140,336.07,no
2026-10-05T03:28:53.56974Z,KXBTC15M-26OCT042330-30,0.0140,13.00,no
2026-10-05T03:28:53.608856Z,KXBTC15M-26OCT042330-30,0.0140,10.00,no
2026-10-05T03:28:53.610195Z,KXBTC15M-26OCT042330-30,0.0140,45.09,no
2026-10-05T03:28:53.610195Z,KXBTC15M-26OCT042330-30,0.0140,56.23,no
2026-10-05T03:28:53.622644Z,KXBTC15M-26OCT042330-30,0.0140,20.24,no
2026-10-05T03:28:53.628022Z,KXBTC15M-26OCT042330-30,0.0140,94.22,no
2026-10-05T03:28:53.636322Z,KXBTC15M-26OCT042330-30,0.0150,1.00,yes
2026-10-05T03:28:53.636322Z,KXBTC15M-26OCT042330-30,0.0150,26.44,yes
2026-10-05T03:28:53.6529Z,KXBTC15M-26OCT042330-30,0.0150,43.75,yes
2026-10-05T03:28:53.690739Z,KXBTC15M-26OCT042330-30,0.0150,0.01,yes
2026-10-05T03:28:53.690739Z,KXBTC15M-26OCT042330-30,0.0150,0.01,yes
2026-10-05T03:28:53.690739Z,KXBTC15M-26OCT042330-30,0.0150,29.81,yes
2026-10-05T03:28:53.690739Z,KXBTC15M-26OCT042330-30,0.0150,32.53,yes
2026-10-05T03:28:53.769223Z,KXBTC15M-26OCT042330-30,0.0140,253.30,no
2026-10-05T03:28:53.818813Z,KXBTC15M-26OCT042330-30,0.0150,1.00,yes
2026-10-05T03:28:53.818813Z,KXBTC15M-26OCT042330-30,0.0150,11.47,yes
2026-10-05T03:28:53.896014Z,KXBTC15M-26OCT042330-30,0.0150,1.00,yes
2026-10-05T03:28:53.896014Z,KXBTC15M-26OCT042330-30,0.0150,51.85,yes
2026-10-05T03:28:53.930755Z,KXBTC15M-26OCT042330-30,0.0140,45.76,no
2026-10-05T03:28:53.948053Z,KXBTC15M-26OCT042330-30,0.0150,66.27,yes
2026-10-05T03:28:53.948053Z,KXBTC15M-26OCT042330-30,0.0150,1.00,yes
2026-10-05T03:28:53.960212Z,KXBTC15M-26OCT042330-30,0.0140,500.00,no
2026-10-05T03:28:53.960212Z,KXBTC15M-26OCT042330-30,0.0140,0.01,no
2026-10-05T03:28:53.960212Z,KXBTC15M-26OCT042330-30,0.0130,100.00,no
2026-10-05T03:28:53.960212Z,KXBTC15M-26OCT042330-30,0.0130,14.00,no
2026-10-05T03:28:53.960212Z,KXBTC15M-26OCT042330-30,0.0140,200.00,no
2026-10-05T03:28:53.960212Z,KXBTC15M-26OCT042330-30,0.0140,800.00,no
2026-10-05T03:28:53.960212Z,KXBTC15M-26OCT042330-30,0.0140,0.01,no
2026-10-05T03:28:53.960212Z,KXBTC15M-26OCT042330-30,0.0140,30.25,no
2026-10-05T03:28:53.960212Z,KXBTC15M-26OCT042330-30,0.0130,15.00,no
2026-10-05T03:28:53.960212Z,KXBTC15M-26OCT042330-30,0.0130,15.00,no
2026-10-05T03:28:53.960212Z,KXBTC15M-26OCT042330-30,0.0130,200.00,no
2026-10-05T03:28:53.960212Z,KXBTC15M-26OCT042330-30,0.0140,298.76,no
2026-10-05T03:28:53.960212Z,KXBTC15M-26OCT042330-30,0.0120,1182.97,no
2026-10-05T03:28:53.960383Z,KXBTC15M-26OCT042330-30,0.0120,2.02,no
2026-10-05T03:28:53.997895Z,KXBTC15M-26OCT042330-30,0.0140,25.33,no
2026-10-05T03:28:54.057242Z,KXBTC15M-26OCT042330-30,0.0140,13.73,no
2026-10-05T03:28:54.072229Z,KXBTC15M-26OCT042330-30,0.0140,200.00,no
2026-10-05T03:28:54.072229Z,KXBTC15M-26OCT042330-30,0.0140,230.82,no
2026-10-05T03:28:54.072229Z,KXBTC15M-26OCT042330-30,0.0140,0.01,no
2026-10-05T03:28:54.072229Z,KXBTC15M-26OCT042330-30,0.0140,0.01,no
2026-10-05T03:28:54.08222Z,KXBTC15M-26OCT042330-30,0.0180,13.00,yes
2026-10-05T03:28:54.08222Z,KXBTC15M-26OCT042330-30,0.0170,2.00,yes
2026-10-05T03:28:54.08222Z,KXBTC15M-26OCT042330-30,0.0170,2.00,yes
2026-10-05T03:28:54.08222Z,KXBTC15M-26OCT042330-30,0.0150,500.00,yes
2026-10-05T03:28:54.08222Z,KXBTC15M-26OCT042330-30,0.0180,1.00,yes
2026-10-05T03:28:54.08222Z,KXBTC15M-26OCT042330-30,0.0160,1.00,yes
2026-10-05T03:28:54.08222Z,KXBTC15M-26OCT042330-30,0.0180,234.00,yes
2026-10-05T03:28:54.08222Z,KXBTC15M-26OCT042330-30,0.0170,1.00,yes
2026-10-05T03:28:54.08222Z,KXBTC15M-26OCT042330-30,0.0170,6.00,yes
2026-10-05T03:28:54.08222Z,KXBTC15M-26OCT042330-30,0.0190,1642.62,yes
2026-10-05T03:28:54.08222Z,KXBTC15M-26OCT042330-30,0.0170,384.00,yes
2026-10-05T03:28:54.08222Z,KXBTC15M-26OCT042330-30,0.0150,275.16,yes
2026-10-05T03:28:54.08222Z,KXBTC15M-26OCT042330-30,0.0170,37.69,yes
2026-10-05T03:28:54.08222Z,KXBTC15M-26OCT042330-30,0.0160,247.60,yes
2026-10-05T03:28:54.08222Z,KXBTC15M-26OCT042330-30,0.0160,384.00,yes
2026-10-05T03:28:54.08222Z,KXBTC15M-26OCT042330-30,0.0180,212.00,yes
2026-10-05T03:28:54.08222Z,KXBTC15M-26OCT042330-30,0.0150,108.00,yes
2026-10-05T03:28:54.08222Z,KXBTC15M-26OCT042330-30,0.0140,0.01,yes
2026-10-05T03:28:54.08222Z,KXBTC15M-26OCT042330-30,0.0170,30.00,yes
2026-10-05T03:28:54.08222Z,KXBTC15M-26OCT042330-30,0.0150,1.00,yes
2026-10-05T03:28:54.08222Z,KXBTC15M-26OCT042330-30,0.0140,0.01,yes
2026-10-05T03:28:54.08222Z,KXBTC15M-26OCT042330-30,0.0140,319.16,yes
2026-10-05T03:28:54.08222Z,KXBTC15M-26OCT042330-30,0.0150,15.00,yes
2026-10-05T03:28:54.08222Z,KXBTC15M-26OCT042330-30,0.0160,2.00,yes
2026-10-05T03:28:54.08222Z,KXBTC15M-26OCT042330-30,0.0180,2.00,yes
2026-10-05T03:28:54.08222Z,KXBTC15M-26OCT042330-30,0.0150,0.01,yes
2026-10-05T03:28:54.08222Z,KXBTC15M-26OCT042330-30,0.0180,2.00,yes
2026-10-05T03:28:54.08222Z,KXBTC15M-26OCT042330-30,0.0160,2.00,yes
2026-10-05T03:28:54.08222Z,KXBTC15M-26OCT042330-30,0.0150,42.00,yes
2026-10-05T03:28:54.08222Z,KXBTC15M-26OCT042330-30,0.0180,150.00,yes
2026-10-05T03:28:54.08222Z,KXBTC15M-26OCT042330-30,0.0150,0.01,yes
2026-10-05T03:28:54.104222Z,KXBTC15M-26OCT042330-30,0.0130,75.35,no
2026-10-05T03:28:54.104222Z,KXBTC15M-26OCT042330-30,0.0130,14.00,no
2026-10-05T03:28:54.118912Z,KXBTC15M-26OCT042330-30,0.0130,735.00,no
2026-10-05T03:28:54.118912Z,KXBTC15M-26OCT042330-30,0.0140,15.00,no
2026-10-05T03:28:54.127547Z,KXBTC15M-26OCT042330-30,0.0160,1.52,no
2026-10-05T03:28:54.128849Z,KXBTC15M-26OCT042330-30,0.0160,64.84,no
2026-10-05T03:28:54.145545Z,KXBTC15M-26OCT042330-30,0.0160,197.48,no
2026-10-05T03:28:54.152796Z,KXBTC15M-26OCT042330-30,0.0160,750.00,no
2026-10-05T03:28:54.187268Z,KXBTC15M-26OCT042330-30,0.0160,750.00,no
2026-10-05T03:28:54.197968Z,KXBTC15M-26OCT042330-30,0.0170,294.00,yes
2026-10-05T03:28:54.197968Z,KXBTC15M-26OCT042330-30,0.0170,67.11,yes
2026-10-05T03:28:54.197968Z,KXBTC15M-26OCT042330-30,0.0170,1.00,yes
2026-10-05T03:28:54.197968Z,KXBTC15M-26OCT042330-30,0.0170,1.00,yes
2026-10-05T03:28:54.200557Z,KXBTC15M-26OCT042330-30,0.0170,2.00,yes
2026-10-05T03:28:54.221679Z,KXBTC15M-26OCT042330-30,0.0160,0.01,no
2026-10-05T03:28:54.221679Z,KXBTC15M-26OCT042330-30,0.0160,15.00,no
2026-10-05T03:28:54.221679Z,KXBTC15M-26OCT042330-30,0.0160,500.00,no
2026-10-05T03:28:54.221679Z,KXBTC15M-26OCT042330-30,0.0160,0.01,no
2026-10-05T03:28:54.255912Z,KXBTC15M-26OCT042330-30,0.0140,200.00,no
2026-10-05T03:28:54.255912Z,KXBTC15M-26OCT042330-30,0.0140,0.01,no
2026-10-05T03:28:54.255912Z,KXBTC15M-26OCT042330-30,0.0130,30.24,no
2026-10-05T03:28:54.255912Z,KXBTC15M-26OCT042330-30,0.0140,13.00,no
2026-10-05T03:28:54.255912Z,KXBTC15M-26OCT042330-30,0.0140,0.01,no
2026-10-05T03:28:54.261213Z,KXBTC15M-26OCT042330-30,0.0130,11.48,no
2026-10-05T03:28:54.261213Z,KXBTC15M-26OCT042330-30,0.0130,3.41,no
2026-10-05T03:28:54.285194Z,KXBTC15M-26OCT042330-30,0.0140,0.01,no
2026-10-05T03:28:54.285194Z,KXBTC15M-26OCT042330-30,0.0140,13.00,no
2026-10-05T03:28:54.285194Z,KXBTC15M-26OCT042330-30,0.0140,0.01,no
2026-10-05T03:28:54.287081Z,KXBTC15M-26OCT042330-30,0.0140,196.65,yes
2026-10-05T03:28:54.295568Z,KXBTC15M-26OCT042330-30,0.0140,0.14,yes
2026-10-05T03:28:54.297244Z,KXBTC15M-26OCT042330-30,0.0130,14.00,no
2026-10-05T03:28:54.297244Z,KXBTC15M-26OCT042330-30,0.0130,0.01,no
2026-10-05T03:28:54.297244Z,KXBTC15M-26OCT042330-30,0.0130,158.18,no
2026-10-05T03:28:54.297244Z,KXBTC15M-26OCT042330-30,0.0130,0.01,no
2026-10-05T03:28:54.297244Z,KXBTC15M-26OCT042330-30,0.0130,88.52,no
2026-10-05T03:28:54.297244Z,KXBTC15M-26OCT042330-30,0.0130,421.00,no
2026-10-05T03:28:54.297244Z,KXBTC15M-26OCT042330-30,0.0130,200.00,no
2026-10-05T03:28:54.345128Z,KXBTC15M-26OCT042330-30,0.0130,200.00,no
2026-10-05T03:28:54.345128Z,KXBTC15M-26OCT042330-30,0.0130,341.82,no
2026-10-05T03:28:54.345128Z,KXBTC15M-26OCT042330-30,0.0130,14.00,no
2026-10-05T03:28:54.345128Z,KXBTC15M-26OCT042330-30,0.0130,0.01,no
2026-10-05T03:28:54.345128Z,KXBTC15M-26OCT042330-30,0.0130,0.01,no
2026-10-05T03:28:54.345128Z,KXBTC15M-26OCT042330-30,0.0130,100.00,no
2026-10-05T03:28:54.345128Z,KXBTC15M-26OCT042330-30,0.0130,94.16,no
2026-10-05T03:28:54.375597Z,KXBTC15M-26OCT042330-30,0.0130,119.33,no
2026-10-05T03:28:54.375597Z,KXBTC15M-26OCT042330-30,0.0130,405.84,no
2026-10-05T03:28:54.400579Z,KXBTC15M-26OCT042330-30,0.0160,90.00,yes
2026-10-05T03:28:54.400579Z,KXBTC15M-26OCT042330-30,0.0160,12.00,yes
2026-10-05T03:28:54.400579Z,KXBTC15M-26OCT042330-30,0.0170,15.00,yes
2026-10-05T03:28:54.400579Z,KXBTC15M-26OCT042330-30,0.0160,1.00,yes
2026-10-05T03:28:54.400579Z,KXBTC15M-26OCT042330-30,0.0160,42.00,yes
2026-10-05T03:28:54.400579Z,KXBTC15M-26OCT042330-30,0.0140,0.01,yes
2026-10-05T03:28:54.400579Z,KXBTC15M-26OCT042330-30,0.0170,4.09,yes
2026-10-05T03:28:54.400579Z,KXBTC15M-26OCT042330-30,0.0150,1.00,yes
2026-10-05T03:28:54.400579Z,KXBTC15M-26OCT042330-30,0.0140,0.01,yes
2026-10-05T03:28:54.410869Z,KXBTC15M-26OCT042330-30,0.0180,9.46,yes
2026-10-05T03:28:54.410869Z,KXBTC15M-26OCT042330-30,0.0140,0.01,yes
2026-10-05T03:28:54.410869Z,KXBTC15M-26OCT042330-30,0.0170,100.00,yes
2026-10-05T03:28:54.410869Z,KXBTC15M-26OCT042330-30,0.0170,3.91,yes
2026-10-05T03:28:54.410869Z,KXBTC15M-26OCT042330-30,0.0170,1.00,yes
2026-10-05T03:28:54.410869Z,KXBTC15M-26OCT042330-30,0.0140,0.01,yes
2026-10-05T03:28:54.456375Z,KXBTC15M-26OCT042330-30,0.0140,0.01,yes
2026-10-05T03:28:54.456375Z,KXBTC15M-26OCT042330-30,0.0160,25.02,yes
2026-10-05T03:28:54.456375Z,KXBTC15M-26OCT042330-30,0.0140,15.00,yes
2026-10-05T03:28:54.456375Z,KXBTC15M-26OCT042330-30,0.0140,0.01,yes
2026-10-05T03:28:54.456375Z,KXBTC15M-26OCT042330-30,0.0140,15.00,yes
2026-10-05T03:28:54.52423Z,KXBTC15M-26OCT042330-30,0.0130,12.61,no
2026-10-05T03:28:54.5355Z,KXBTC15M-26OCT042330-30,0.0140,0.01,yes
2026-10-05T03:28:54.5355Z,KXBTC15M-26OCT042330-30,0.0170,1.04,yes
2026-10-05T03:28:54.5355Z,KXBTC15M-26OCT042330-30,0.0140,0.01,yes
2026-10-05T03:28:54.580747Z,KXBTC15M-26OCT042330-30,0.0130,14.00,no
2026-10-05T03:28:54.580747Z,KXBTC15M-26OCT042330-30,0.0130,0.01,no
2026-10-05T03:28:54.580747Z,KXBTC15M-26OCT042330-30,0.0130,0.01,no
2026-10-05T03:28:54.580747Z,KXBTC15M-26OCT042330-30,0.0130,72.37,no
2026-10-05T03:28:54.580747Z,KXBTC15M-26OCT042330-30,0.0130,13.98,no
2026-10-05T03:28:54.580747Z,KXBTC15M-26OCT042330-30,0.0130,68.06,no
2026-10-05T03:28:54.656368Z,KXBTC15M-26OCT042330-30,0.0140,0.01,no
2026-10-05T03:28:54.656368Z,KXBTC15M-26OCT042330-30,0.0140,1.02,no
2026-10-05T03:28:54.656368Z,KXBTC15M-26OCT042330-30,0.0140,7.96,no
2026-10-05T03:28:54.656368Z,KXBTC15M-26OCT042330-30,0.0140,0.01,no
2026-10-05T03:28:54.657333Z,KXBTC15M-26OCT042330-30,0.0140,0.43,no
2026-10-05T03:28:54.677525Z,KXBTC15M-26OCT042330-30,0.0150,11.26,yes
2026-10-05T03:28:54.754943Z,KXBTC15M-26OCT042330-30,0.0140,4.61,no
2026-10-05T03:28:54.754943Z,KXBTC15M-26OCT042330-30,0.0140,51.05,no
2026-10-05T03:28:54.788129Z,KXBTC15M-26OCT042330-30,0.0150,0.01,yes
2026-10-05T03:28:54.788129Z,KXBTC15M-26OCT042330-30,0.0160,65.82,yes
2026-10-05T03:28:54.788129Z,KXBTC15M-26OCT042330-30,0.0150,0.01,yes
2026-10-05T03:28:54.788129Z,KXBTC15M-26OCT042330-30,0.0160,30.00,yes
2026-10-05T03:28:54.819253Z,KXBTC15M-26OCT042330-30,0.0150,62.18,yes
2026-10-05T03:28:54.85143Z,KXBTC15M-26OCT042330-30,0.0140,1.01,no
2026-10-05T03:28:54.917853Z,KXBTC15M-26OCT042330-30,0.0140,0.01,no
2026-10-05T03:28:54.917853Z,KXBTC15M-26OCT042330-30,0.0140,500.00,no
2026-10-05T03:28:54.917853Z,KXBTC15M-26OCT042330-30,0.0140,0.01,no
2026-10-05T03:28:54.917853Z,KXBTC15M-26OCT042330-30,0.0140,47.94,no
2026-10-05T03:28:54.917853Z,KXBTC15M-26OCT042330-30,0.0140,69.00,no
2026-10-05T03:28:54.917853Z,KXBTC15M-26OCT042330-30,0.0140,174.00,no
2026-10-05T03:28:54.917853Z,KXBTC15M-26OCT042330-30,0.0140,12.04,no
2026-10-05T03:28:54.917853Z,KXBTC15M-26OCT042330-30,0.0140,200.00,no
2026-10-05T03:28:54.919982Z,KXBTC15M-26OCT042330-30,0.0140,110.00,no
2026-10-05T03:28:54.942573Z,KXBTC15M-26OCT042330-30,0.0140,13.00,no
2026-10-05T03:28:54.942573Z,KXBTC15M-26OCT042330-30,0.0140,0.01,no
2026-10-05T03:28:54.942573Z,KXBTC15M-26OCT042330-30,0.0140,0.01,no
2026-10-05T03:28:54.942573Z,KXBTC15M-26OCT042330-30,0.0140,37.59,no
2026-10-05T03:28:55.025939Z,KXBTC15M-26OCT042330-30,0.0140,140.04,no
2026-10-05T03:28:55.025939Z,KXBTC15M-26OCT042330-30,0.0140,0.01,no
2026-10-05T03:28:55.025939Z,KXBTC15M-26OCT042330-30,0.0140,100.00,no
2026-10-05T03:28:55.025939Z,KXBTC15M-26OCT042330-30,0.0140,0.01,no
2026-10-05T03:28:55.025939Z,KXBTC15M-26OCT042330-30,0.0140,13.00,no
2026-10-05T03:28:55.109741Z,KXBTC15M-26OCT042330-30,0.0160,6.00,yes
2026-10-05T03:28:55.109741Z,KXBTC15M-26OCT042330-30,0.0150,3.00,yes
2026-10-05T03:28:55.109741Z,KXBTC15M-26OCT042330-30,0.0150,0.01,yes
2026-10-05T03:28:55.109741Z,KXBTC15M-26OCT042330-30,0.0160,18.18,yes
2026-10-05T03:28:55.109741Z,KXBTC15M-26OCT042330-30,0.0150,0.01,yes
2026-10-05T03:28:55.109741Z,KXBTC15M-26OCT042330-30,0.0180,91.99,yes
2026-10-05T03:28:55.123384Z,KXBTC15M-26OCT042330-30,0.0150,0.01,yes
2026-10-05T03:28:55.123384Z,KXBTC15M-26OCT042330-30,0.0170,54.76,yes
2026-10-05T03:28:55.157127Z,KXBTC15M-26OCT042330-30,0.0150,0.01,yes
2026-10-05T03:28:55.157127Z,KXBTC15M-26OCT042330-30,0.0150,0.01,yes
2026-10-05T03:28:55.157127Z,KXBTC15M-26OCT042330-30,0.0170,83.69,yes
2026-10-05T03:28:55.161834Z,KXBTC15M-26OCT042330-30,0.0170,135.54,yes
2026-10-05T03:28:55.192599Z,KXBTC15M-26OCT042330-30,0.0150,0.01,yes
2026-10-05T03:28:55.192599Z,KXBTC15M-26OCT042330-30,0.0150,0.01,yes
2026-10-05T03:28:55.215698Z,KXBTC15M-26OCT042330-30,0.0150,3.95,no
2026-10-05T03:28:55.232942Z,KXBTC15M-26OCT042330-30,0.0160,20.77,yes
2026-10-05T03:28:55.232942Z,KXBTC15M-26OCT042330-30,0.0160,8.00,yes
2026-10-05T03:28:55.232942Z,KXBTC15M-26OCT042330-30,0.0160,0.01,yes
2026-10-05T03:28:55.245763Z,KXBTC15M-26OCT042330-30,0.0160,121.83,yes
2026-10-05T03:28:55.288401Z,KXBTC15M-26OCT042330-30,0.0150,36.25,no
2026-10-05T03:28:55.320268Z,KXBTC15M-26OCT042330-30,0.0150,58.53,no
2026-10-05T03:28:55.348976Z,KXBTC15M-26OCT042330-30,0.0150,1.00,no
2026-10-05T03:28:55.372204Z,KXBTC15M-26OCT042330-30,0.0150,9.69,no
2026-10-05T03:28:55.372906Z,KXBTC15M-26OCT042330-30,0.0150,0.03,no
2026-10-05T03:28:55.372906Z,KXBTC15M-26OCT042330-30,0.0150,9.56,no
2026-10-05T03:28:55.372906Z,KXBTC15M-26OCT042330-30,0.0150,0.01,no
2026-10-05T03:28:55.373044Z,KXBTC15M-26OCT042330-30,0.0150,9.65,no
2026-10-05T03:28:55.375935Z,KXBTC15M-26OCT042330-30,0.0140,100.00,no
2026-10-05T03:28:55.386537Z,KXBTC15M-26OCT042330-30,0.0150,0.01,no
2026-10-05T03:28:55.386537Z,KXBTC15M-26OCT042330-30,0.0140,0.01,no
2026-10-05T03:28:55.386954Z,KXBTC15M-26OCT042330-30,0.0130,0.36,no
2026-10-05T03:28:55.386954Z,KXBTC15M-26OCT042330-30,0.0130,15.00,no
2026-10-05T03:28:55.386954Z,KXBTC15M-26OCT042330-30,0.0130,15.00,no
2026-10-05T03:28:55.456611Z,KXBTC15M-26OCT042330-30,0.0150,0.01,no
2026-10-05T03:28:55.456611Z,KXBTC15M-26OCT042330-30,0.0130,0.01,no
2026-10-05T03:28:55.456611Z,KXBTC15M-26OCT042330-30,0.0150,0.01,no
2026-10-05T03:28:55.456611Z,KXBTC15M-26OCT042330-30,0.0130,66.97,no
2026-10-05T03:28:55.483114Z,KXBTC15M-26OCT042330-30,0.0130,34.41,no
2026-10-05T03:28:55.506016Z,KXBTC15M-26OCT042330-30,0.0140,20.00,yes
2026-10-05T03:28:55.506016Z,KXBTC15M-26OCT042330-30,0.0140,91.00,yes
2026-10-05T03:28:55.509327Z,KXBTC15M-26OCT042330-30,0.0140,7.00,yes
2026-10-05T03:28:55.509327Z,KXBTC15M-26OCT042330-30,0.0140,0.01,yes
2026-10-05T03:28:55.509327Z,KXBTC15M-26OCT042330-30,0.0140,6.21,yes
2026-10-05T03:28:55.509327Z,KXBTC15M-26OCT042330-30,0.0140,0.01,yes
2026-10-05T03:28:55.584897Z,KXBTC15M-26OCT042330-30,0.0130,14.00,no
2026-10-05T03:28:55.584897Z,KXBTC15M-26OCT042330-30,0.0130,0.01,no
2026-10-05T03:28:55.584897Z,KXBTC15M-26OCT042330-30,0.0130,127.49,no
2026-10-05T03:28:55.631849Z,KXBTC15M-26OCT042330-30,0.0140,147.62,yes
2026-10-05T03:28:55.631849Z,KXBTC15M-26OCT042330-30,0.0140,2.00,yes
2026-10-05T03:28:55.631849Z,KXBTC15M-26OCT042330-30,0.0140,2.00,yes
2026-10-05T03:28:55.631849Z,KXBTC15M-26OCT042330-30,0.0140,8.79,yes
2026-10-05T03:28:55.631849Z,KXBTC15M-26OCT042330-30,0.0140,15.00,yes
2026-10-05T03:28:55.788093Z,KXBTC15M-26OCT042330-30,0.0130,293.33,no
2026-10-05T03:28:55.84361Z,KXBTC15M-26OCT042330-30,0.0140,252.38,yes
2026-10-05T03:28:55.84361Z,KXBTC15M-26OCT042330-30,0.0140,39.98,yes
2026-10-05T03:28:55.869889Z,KXBTC15M-26OCT042330-30,0.0140,109.54,yes
2026-10-05T03:28:55.878864Z,KXBTC15M-26OCT042330-30,0.0140,34.90,yes
2026-10-05T03:28:55.878864Z,KXBTC15M-26OCT042330-30,0.0140,100.00,yes
2026-10-05T03:28:55.878864Z,KXBTC15M-26OCT042330-30,0.0140,0.01,yes
2026-10-05T03:28:55.878864Z,KXBTC15M-26OCT042330-30,0.0140,276.48,yes
2026-10-05T03:28:55.878864Z,KXBTC15M-26OCT042330-30,0.0140,100.00,yes
2026-10-05T03:28:55.878864Z,KXBTC15M-26OCT042330-30,0.0140,1.00,yes
2026-10-05T03:28:55.878864Z,KXBTC15M-26OCT042330-30,0.0140,1.00,yes
2026-10-05T03:28:55.899091Z,KXBTC15M-26OCT042330-30,0.0140,29.11,yes
2026-10-05T03:28:55.957344Z,KXBTC15M-26OCT042330-30,0.0130,9.27,no
2026-10-05T03:28:55.975589Z,KXBTC15M-26OCT042330-30,0.0130,5.06,no
2026-10-05T03:28:56.013826Z,KXBTC15M-26OCT042330-30,0.0140,29.46,yes
2026-10-05T03:28:56.070338Z,KXBTC15M-26OCT042330-30,0.0140,10.10,yes
2026-10-05T03:28:56.091656Z,KXBTC15M-26OCT042330-30,0.0130,0.01,no
2026-10-05T03:28:56.091656Z,KXBTC15M-26OCT042330-30,0.0130,0.67,no
2026-10-05T03:28:56.091656Z,KXBTC15M-26OCT042330-30,0.0130,0.32,no
2026-10-05T03:28:56.096287Z,KXBTC15M-26OCT042330-30,0.0130,13.68,no
2026-10-05T03:28:56.096287Z,KXBTC15M-26OCT042330-30,0.0130,15.00,no
2026-10-05T03:28:56.096287Z,KXBTC15M-26OCT042330-30,0.0130,0.01,no
2026-10-05T03:28:56.096287Z,KXBTC15M-26OCT042330-30,0.0120,29.88,no
2026-10-05T03:28:56.144602Z,KXBTC15M-26OCT042330-30,0.0130,14.00,no
2026-10-05T03:28:56.144602Z,KXBTC15M-26OCT042330-30,0.0130,0.01,no
2026-10-05T03:28:56.144602Z,KXBTC15M-26OCT042330-30,0.0130,0.01,no
2026-10-05T03:28:56.144602Z,KXBTC15M-26OCT042330-30,0.0120,2.40,no
2026-10-05T03:28:56.151668Z,KXBTC15M-26OCT042330-30,0.0140,27.00,yes
2026-10-05T03:28:56.151668Z,KXBTC15M-26OCT042330-30,0.0140,31.46,yes
2026-10-05T03:28:56.151668Z,KXBTC15M-26OCT042330-30,0.0140,0.01,yes
2026-10-05T03:28:56.201459Z,KXBTC15M-26OCT042330-30,0.0140,13.24,yes
2026-10-05T03:28:56.277103Z,KXBTC15M-26OCT042330-30,0.0140,55.30,yes
2026-10-05T03:28:56.277103Z,KXBTC15M-26OCT042330-30,0.0140,44.70,yes
2026-10-05T03:28:56.303676Z,KXBTC15M-26OCT042330-30,0.0140,7.69,yes
2026-10-05T03:28:56.303676Z,KXBTC15M-26OCT042330-30,0.0140,355.30,yes
2026-10-05T03:28:56.303676Z,KXBTC15M-26OCT042330-30,0.0140,0.01,yes
2026-10-05T03:28:56.303676Z,KXBTC15M-26OCT042330-30,0.0140,100.00,yes
2026-10-05T03:28:56.457392Z,KXBTC15M-26OCT042330-30,0.0140,0.01,yes
2026-10-05T03:28:56.457392Z,KXBTC15M-26OCT042330-30,0.0140,7.31,yes
2026-10-05T03:28:56.457392Z,KXBTC15M-26OCT042330-30,0.0140,58.16,yes
2026-10-05T03:28:56.470982Z,KXBTC15M-26OCT042330-30,0.0140,6.23,yes
2026-10-05T03:28:56.502821Z,KXBTC15M-26OCT042330-30,0.0140,4.08,yes
2026-10-05T03:28:56.566194Z,KXBTC15M-26OCT042330-30,0.0140,24.28,yes
2026-10-05T03:28:56.568655Z,KXBTC15M-26OCT042330-30,0.0130,0.01,no
2026-10-05T03:28:56.568655Z,KXBTC15M-26OCT042330-30,0.0130,10.09,no
2026-10-05T03:28:56.568655Z,KXBTC15M-26OCT042330-30,0.0130,0.01,no
2026-10-05T03:28:56.574626Z,KXBTC15M-26OCT042330-30,0.0130,15.00,no
2026-10-05T03:28:56.574626Z,KXBTC15M-26OCT042330-30,0.0130,3.91,no
2026-10-05T03:28:56.574626Z,KXBTC15M-26OCT042330-30,0.0120,1282.73,no
2026-10-05T03:28:56.574626Z,KXBTC15M-26OCT042330-30,0.0120,198.39,no
2026-10-05T03:28:56.580311Z,KXBTC15M-26OCT042330-30,0.0130,8.43,no
2026-10-05T03:28:56.586067Z,KXBTC15M-26OCT042330-30,0.0140,334.08,yes
2026-10-05T03:28:56.597787Z,KXBTC15M-26OCT042330-30,0.0130,0.01,no
2026-10-05T03:28:56.597787Z,KXBTC15M-26OCT042330-30,0.0130,1.66,no
2026-10-05T03:28:56.597787Z,KXBTC15M-26OCT042330-30,0.0130,3.91,no
2026-10-05T03:28:56.597787Z,KXBTC15M-26OCT042330-30,0.0130,4.52,no
2026-10-05T03:28:56.597787Z,KXBTC15M-26OCT042330-30,0.0130,0.01,no
2026-10-05T03:28:56.597787Z,KXBTC15M-26OCT042330-30,0.0130,4.39,no
2026-10-05T03:28:56.634242Z,KXBTC15M-26OCT042330-30,0.0130,27.51,no
2026-10-05T03:28:56.635474Z,KXBTC15M-26OCT042330-30,0.0130,101.36,no
2026-10-05T03:28:56.641889Z,KXBTC15M-26OCT042330-30,0.0130,23.00,no
2026-10-05T03:28:56.647024Z,KXBTC15M-26OCT042330-30,0.0130,5.00,no
2026-10-05T03:28:56.662626Z,KXBTC15M-26OCT042330-30,0.0140,500.00,yes
2026-10-05T03:28:56.662626Z,KXBTC15M-26OCT042330-30,0.0140,6.92,yes
2026-10-05T03:28:56.662626Z,KXBTC15M-26OCT042330-30,0.0140,12.00,yes
2026-10-05T03:28:56.662626Z,KXBTC15M-26OCT042330-30,0.0140,2.00,yes
2026-10-05T03:28:56.662626Z,KXBTC15M-26OCT042330-30,0.0140,0.01,yes
2026-10-05T03:28:56.662626Z,KXBTC15M-26OCT042330-30,0.0140,198.39,yes
2026-10-05T03:28:56.662626Z,KXBTC15M-26OCT042330-30,0.0140,0.01,yes
2026-10-05T03:28:56.662626Z,KXBTC15M-26OCT042330-30,0.0140,150.17,yes
2026-10-05T03:28:56.662626Z,KXBTC15M-26OCT042330-30,0.0140,400.00,yes
2026-10-05T03:28:56.662626Z,KXBTC15M-26OCT042330-30,0.0140,200.00,yes
2026-10-05T03:28:56.662626Z,KXBTC15M-26OCT042330-30,0.0140,2.00,yes
2026-10-05T03:28:56.662626Z,KXBTC15M-26OCT042330-30,0.0140,100.00,yes
2026-10-05T03:28:56.662626Z,KXBTC15M-26OCT042330-30,0.0140,0.01,yes
2026-10-05T03:28:56.662626Z,KXBTC15M-26OCT042330-30,0.0140,15.00,yes
2026-10-05T03:28:56.662626Z,KXBTC15M-26OCT042330-30,0.0140,73.17,yes
2026-10-05T03:28:56.694206Z,KXBTC15M-26OCT042330-30,0.0130,0.01,no
2026-10-05T03:28:56.694206Z,KXBTC15M-26OCT042330-30,0.0130,10.09,no
2026-10-05T03:28:56.694206Z,KXBTC15M-26OCT042330-30,0.0130,3.91,no
2026-10-05T03:28:56.694206Z,KXBTC15M-26OCT042330-30,0.0130,0.01,no
2026-10-05T03:28:56.694206Z,KXBTC15M-26OCT042330-30,0.0130,15.00,no
2026-10-05T03:28:56.694206Z,KXBTC15M-26OCT042330-30,0.0130,174.32,no
2026-10-05T03:28:56.694206Z,KXBTC15M-26OCT042330-30,0.0120,57.61,no
2026-10-05T03:28:56.694206Z,KXBTC15M-26OCT042330-30,0.0120,224.03,no
2026-10-05T03:28:56.694206Z,KXBTC15M-26OCT042330-30,0.0120,330.00,no
2026-10-05T03:28:56.694206Z,KXBTC15M-26OCT042330-30,0.0120,256.00,no
2026-10-05T03:28:56.703174Z,KXBTC15M-26OCT042330-30,0.0140,11.90,yes
2026-10-05T03:28:56.704291Z,KXBTC15M-26OCT042330-30,0.0130,0.01,no
2026-10-05T03:28:56.704291Z,KXBTC15M-26OCT042330-30,0.0130,0.01,no
2026-10-05T03:28:56.704291Z,KXBTC15M-26OCT042330-30,0.0130,2.00,no
2026-10-05T03:28:56.741722Z,KXBTC15M-26OCT042330-30,0.0120,2.92,no
2026-10-05T03:28:56.755415Z,KXBTC15M-26OCT042330-30,0.0130,0.01,yes
2026-10-05T03:28:56.755415Z,KXBTC15M-26OCT042330-30,0.0130,15.00,yes
2026-10-05T03:28:56.755415Z,KXBTC15M-26OCT042330-30,0.0130,27.82,yes
2026-10-05T03:28:56.755415Z,KXBTC15M-26OCT042330-30,0.0130,100.00,yes
2026-10-05T03:28:56.755415Z,KXBTC15M-26OCT042330-30,0.0130,0.01,yes
2026-10-05T03:28:56.755415Z,KXBTC15M-26OCT042330-30,0.0130,57.61,yes
2026-10-05T03:28:56.785551Z,KXBTC15M-26OCT042330-30,0.0130,106.09,yes
2026-10-05T03:28:56.785551Z,KXBTC15M-26OCT042330-30,0.0130,146.18,yes
2026-10-05T03:28:56.785551Z,KXBTC15M-26OCT042330-30,0.0130,15.00,yes
2026-10-05T03:28:56.790056Z,KXBTC15M-26OCT042330-30,0.0130,68.19,yes
2026-10-05T03:28:56.834757Z,KXBTC15M-26OCT042330-30,0.0130,49.75,yes
2026-10-05T03:28:56.834757Z,KXBTC15M-26OCT042330-30,0.0130,284.33,yes
2026-10-05T03:28:56.860679Z,KXBTC15M-26OCT042330-30,0.0120,169.18,no
2026-10-05T03:28:56.860679Z,KXBTC15M-26OCT042330-30,0.0120,29.05,no
2026-10-05T03:28:56.88306Z,KXBTC15M-26OCT042330-30,0.0120,65.75,no
2026-10-05T03:28:56.924583Z,KXBTC15M-26OCT042330-30,0.0130,51.33,yes
2026-10-05T03:28:56.928135Z,KXBTC15M-26OCT042330-30,0.0130,25.45,yes
2026-10-05T03:28:56.932503Z,KXBTC15M-26OCT042330-30,0.0130,0.01,yes
2026-10-05T03:28:56.932503Z,KXBTC15M-26OCT042330-30,0.0130,0.01,yes
2026-10-05T03:28:56.932503Z,KXBTC15M-26OCT042330-30,0.0130,100.00,yes
2026-10-05T03:28:56.932503Z,KXBTC15M-26OCT042330-30,0.0130,156.17,yes
2026-10-05T03:28:56.932503Z,KXBTC15M-26OCT042330-30,0.0130,2.92,yes
2026-10-05T03:28:56.932503Z,KXBTC15M-26OCT042330-30,0.0130,29.05,yes
2026-10-05T03:28:56.932503Z,KXBTC15M-26OCT042330-30,0.0130,0.01,yes
2026-10-05T03:28:56.932503Z,KXBTC15M-26OCT042330-30,0.0130,38.89,yes
2026-10-05T03:28:56.932503Z,KXBTC15M-26OCT042330-30,0.0130,11.00,yes
2026-10-05T03:28:56.949023Z,KXBTC15M-26OCT042330-30,0.0130,2.00,yes
2026-10-05T03:28:56.961091Z,KXBTC15M-26OCT042330-30,0.0120,5.25,no
2026-10-05T03:28:56.996417Z,KXBTC15M-26OCT042330-30,0.0130,2.00,yes
2026-10-05T03:28:57.033868Z,KXBTC15M-26OCT042330-30,0.0130,96.00,yes
2026-10-05T03:28:57.033868Z,KXBTC15M-26OCT042330-30,0.0130,0.01,yes
2026-10-05T03:28:57.033868Z,KXBTC15M-26OCT042330-30,0.0130,393.57,yes
2026-10-05T03:28:57.033868Z,KXBTC15M-26OCT042330-30,0.0130,0.01,yes
2026-10-05T03:28:57.099048Z,KXBTC15M-26OCT042330-30,0.0130,60.39,yes
2026-10-05T03:28:57.099048Z,KXBTC15M-26OCT042330-30,0.0130,6.43,yes
2026-10-05T03:28:57.121794Z,KXBTC15M-26OCT042330-30,0.0130,11.00,yes
2026-10-05T03:28:57.121794Z,KXBTC15M-26OCT042330-30,0.0130,122.61,yes
2026-10-05T03:28:57.121794Z,KXBTC15M-26OCT042330-30,0.0130,0.01,yes
2026-10-05T03:28:57.121794Z,KXBTC15M-26OCT042330-30,0.0130,0.01,yes
2026-10-05T03:28:57.193084Z,KXBTC15M-26OCT042330-30,0.0120,1.01,no
2026-10-05T03:28:57.381476Z,KXBTC15M-26OCT042330-30,0.0130,0.01,yes
2026-10-05T03:28:57.381476Z,KXBTC15M-26OCT042330-30,0.0130,0.01,yes
2026-10-05T03:28:57.381476Z,KXBTC15M-26OCT042330-30,0.0130,100.00,yes
2026-10-05T03:28:57.381476Z,KXBTC15M-26OCT042330-30,0.0130,10.00,yes
2026-10-05T03:28:57.381476Z,KXBTC15M-26OCT042330-30,0.0130,400.00,yes
2026-10-05T03:28:57.381476Z,KXBTC15M-26OCT042330-30,0.0130,1.00,yes
2026-10-05T03:28:57.381476Z,KXBTC15M-26OCT042330-30,0.0130,400.00,yes
2026-10-05T03:28:57.381476Z,KXBTC15M-26OCT042330-30,0.0130,0.01,yes
2026-10-05T03:28:57.381476Z,KXBTC15M-26OCT042330-30,0.0140,228.61,yes
2026-10-05T03:28:57.381476Z,KXBTC15M-26OCT042330-30,0.0140,161.00,yes
2026-10-05T03:28:57.381476Z,KXBTC15M-26OCT042330-30,0.0140,265.69,yes
2026-10-05T03:28:57.401078Z,KXBTC15M-26OCT042330-30,0.0120,100.00,no
2026-10-05T03:28:57.430669Z,KXBTC15M-26OCT042330-30,0.0130,54.30,yes
2026-10-05T03:28:57.430669Z,KXBTC15M-26OCT042330-30,0.0130,0.01,yes
2026-10-05T03:28:57.434527Z,KXBTC15M-26OCT042330-30,0.0130,0.53,yes
2026-10-05T03:28:57.467399Z,KXBTC15M-26OCT042330-30,0.0120,204.28,no
2026-10-05T03:28:57.479534Z,KXBTC15M-26OCT042330-30,0.0120,50.56,no
2026-10-05T03:28:57.52814Z,KXBTC15M-26OCT042330-30,0.0120,33.68,no
2026-10-05T03:28:57.546968Z,KXBTC15M-26OCT042330-30,0.0130,102.60,yes
2026-10-05T03:28:57.563683Z,KXBTC15M-26OCT042330-30,0.0130,10.00,yes
2026-10-05T03:28:57.563683Z,KXBTC15M-26OCT042330-30,0.0140,84.00,yes
2026-10-05T03:28:57.563683Z,KXBTC15M-26OCT042330-30,0.0140,1.00,yes
2026-10-05T03:28:57.563683Z,KXBTC15M-26OCT042330-30,0.0130,33.68,yes
2026-10-05T03:28:57.563683Z,KXBTC15M-26OCT042330-30,0.0130,100.00,yes
2026-10-05T03:28:57.563683Z,KXBTC15M-26OCT042330-30,0.0130,50.56,yes
2026-10-05T03:28:57.563683Z,KXBTC15M-26OCT042330-30,0.0130,1.00,yes
2026-10-05T03:28:57.563683Z,KXBTC15M-26OCT042330-30,0.0130,0.01,yes
2026-10-05T03:28:57.563683Z,KXBTC15M-26OCT042330-30,0.0130,297.40,yes
2026-10-05T03:28:57.563683Z,KXBTC15M-26OCT042330-30,0.0140,61.99,yes
2026-10-05T03:28:57.563683Z,KXBTC15M-26OCT042330-30,0.0140,27.39,yes
2026-10-05T03:28:57.563683Z,KXBTC15M-26OCT042330-30,0.0140,0.02,yes
2026-10-05T03:28:57.674232Z,KXBTC15M-26OCT042330-30,0.0130,0.01,yes
2026-10-05T03:28:57.674232Z,KXBTC15M-26OCT042330-30,0.0130,71.94,yes
2026-10-05T03:28:57.792835Z,KXBTC15M-26OCT042330-30,0.0130,10.00,yes
2026-10-05T03:28:57.792835Z,KXBTC15M-26OCT042330-30,0.0130,28.06,yes
2026-10-05T03:28:57.792835Z,KXBTC15M-26OCT042330-30,0.0130,1.00,yes
2026-10-05T03:28:57.792835Z,KXBTC15M-26OCT042330-30,0.0130,400.00,yes
2026-10-05T03:28:57.792835Z,KXBTC15M-26OCT042330-30,0.0130,0.01,yes
2026-10-05T03:28:57.853011Z,KXBTC15M-26OCT042330-30,0.0130,66.82,yes
2026-10-05T03:28:57.938113Z,KXBTC15M-26OCT042330-30,0.0120,31.26,no
2026-10-05T03:28:57.938113Z,KXBTC15M-26OCT042330-30,0.0120,171.76,no
2026-10-05T03:28:57.95447Z,KXBTC15M-26OCT042330-30,0.0130,10.00,yes
2026-10-05T03:28:57.95447Z,KXBTC15M-26OCT042330-30,0.0130,61.95,yes
2026-10-05T03:28:57.981429Z,KXBTC15M-26OCT042330-30,0.0130,171.76,yes
2026-10-05T03:28:57.981429Z,KXBTC15M-26OCT042330-30,0.0130,1.00,yes
2026-10-05T03:28:57.981429Z,KXBTC15M-26OCT042330-30,0.0130,350.12,yes
2026-10-05T03:28:57.981429Z,KXBTC15M-26OCT042330-30,0.0130,38.05,yes
2026-10-05T03:28:57.994621Z,KXBTC15M-26OCT042330-30,0.0130,17.63,yes
2026-10-05T03:28:58.025833Z,KXBTC15M-26OCT042330-30,0.0120,17.65,no
2026-10-05T03:28:58.047254Z,KXBTC15M-26OCT042330-30,0.0120,3.65,no
2026-10-05T03:28:58.06164Z,KXBTC15M-26OCT042330-30,0.0140,1.02,yes
2026-10-05T03:28:58.082475Z,KXBTC15M-26OCT042330-30,0.0120,11.31,no
2026-10-05T03:28:58.082475Z,KXBTC15M-26OCT042330-30,0.0120,458.00,no
2026-10-05T03:28:58.082475Z,KXBTC15M-26OCT042330-30,0.0120,15.00,no
2026-10-05T03:28:58.082475Z,KXBTC15M-26OCT042330-30,0.0120,0.01,no
2026-10-05T03:28:58.082475Z,KXBTC15M-26OCT042330-30,0.0120,15.00,no
2026-10-05T03:28:58.082475Z,KXBTC15M-26OCT042330-30,0.0120,15.00,no
2026-10-05T03:28:58.082475Z,KXBTC15M-26OCT042330-30,0.0120,286.23,no
2026-10-05T03:28:58.082475Z,KXBTC15M-26OCT042330-30,0.0120,0.01,no
2026-10-05T03:28:58.082475Z,KXBTC15M-26OCT042330-30,0.0120,500.00,no
2026-10-05T03:28:58.082475Z,KXBTC15M-26OCT042330-30,0.0120,447.44,no
2026-10-05T03:28:58.116236Z,KXBTC15M-26OCT042330-30,0.0120,0.01,no
2026-10-05T03:28:58.116236Z,KXBTC15M-26OCT042330-30,0.0120,15.00,no
2026-10-05T03:28:58.116236Z,KXBTC15M-26OCT042330-30,0.0120,0.01,no
2026-10-05T03:28:58.116236Z,KXBTC15M-26OCT042330-30,0.0120,1.03,no
2026-10-05T03:28:58.116236Z,KXBTC15M-26OCT042330-30,0.0110,737.95,no
2026-10-05T03:28:58.148068Z,KXBTC15M-26OCT042330-30,0.0110,10.00,no
2026-10-05T03:28:58.208483Z,KXBTC15M-26OCT042330-30,0.0110,1752.05,no
2026-10-05T03:28:58.208483Z,KXBTC15M-26OCT042330-30,0.0110,355.95,no
2026-10-05T03:28:58.208483Z,KXBTC15M-26OCT042330-30,0.0110,512.00,no
2026-10-05T03:28:58.223436Z,KXBTC15M-26OCT042330-30,0.0130,0.01,yes
2026-10-05T03:28:58.223436Z,KXBTC15M-26OCT042330-30,0.0130,4.86,yes
2026-10-05T03:28:58.223436Z,KXBTC15M-26OCT042330-30,0.0120,15.00,yes
2026-10-05T03:28:58.223436Z,KXBTC15M-26OCT042330-30,0.0130,9.00,yes
2026-10-05T03:28:58.223436Z,KXBTC15M-26OCT042330-30,0.0120,0.01,yes
2026-10-05T03:28:58.223436Z,KXBTC15M-26OCT042330-30,0.0130,0.01,yes
2026-10-05T03:28:58.223436Z,KXBTC15M-26OCT042330-30,0.0120,100.00,yes
2026-10-05T03:28:58.223436Z,KXBTC15M-26OCT042330-30,0.0120,15.00,yes
2026-10-05T03:28:58.223436Z,KXBTC15M-26OCT042330-30,0.0120,0.01,yes
2026-10-05T03:28:58.242266Z,KXBTC15M-26OCT042330-30,0.0110,500.00,no
2026-10-05T03:28:58.242266Z,KXBTC15M-26OCT042330-30,0.0110,0.01,no
2026-10-05T03:28:58.242266Z,KXBTC15M-26OCT042330-30,0.0110,17.00,no
2026-10-05T03:28:58.242266Z,KXBTC15M-26OCT042330-30,0.0110,200.00,no
2026-10-05T03:28:58.242266Z,KXBTC15M-26OCT042330-30,0.0110,15.00,no
2026-10-05T03:28:58.242266Z,KXBTC15M-26OCT042330-30,0.0110,500.00,no
2026-10-05T03:28:58.242266Z,KXBTC15M-26OCT042330-30,0.0110,15.00,no
2026-10-05T03:28:58.242266Z,KXBTC15M-26OCT042330-30,0.0110,1.00,no
2026-10-05T03:28:58.242266Z,KXBTC15M-26OCT042330-30,0.0110,0.01,no
2026-10-05T03:28:58.242266Z,KXBTC15M-26OCT042330-30,0.0110,352.00,no
2026-10-05T03:28:58.242266Z,KXBTC15M-26OCT042330-30,0.0110,1.00,no
2026-10-05T03:28:58.242266Z,KXBTC15M-26OCT042330-30,0.0110,20.00,no
2026-10-05T03:28:58.242266Z,KXBTC15M-26OCT042330-30,0.0110,1.00,no
2026-10-05T03:28:58.242266Z,KXBTC15M-26OCT042330-30,0.0110,2.00,no
2026-10-05T03:28:58.242266Z,KXBTC15M-26OCT042330-30,0.0110,2.00,no
2026-10-05T03:28:58.242266Z,KXBTC15M-26OCT042330-30,0.0110,10.00,no
2026-10-05T03:28:58.242266Z,KXBTC15M-26OCT042330-30,0.0110,100.00,no
2026-10-05T03:28:58.242266Z,KXBTC15M-26OCT042330-30,0.0110,1.00,no
2026-10-05T03:28:58.242266Z,KXBTC15M-26OCT042330-30,0.0110,1.00,no
2026-10-05T03:28:58.242266Z,KXBTC15M-26OCT042330-30,0.0110,512.00,no
2026-10-05T03:28:58.242266Z,KXBTC15M-26OCT042330-30,0.0100,22.31,no
2026-10-05T03:28:58.242266Z,KXBTC15M-26OCT042330-30,0.0100,3.00,no
2026-10-05T03:28:58.242266Z,KXBTC15M-26OCT042330-30,0.0110,133.64,no
2026-10-05T03:28:58.242266Z,KXBTC15M-26OCT042330-30,0.0100,327.00,no
2026-10-05T03:28:58.242266Z,KXBTC15M-26OCT042330-30,0.0110,156.05,no
2026-10-05T03:28:58.242266Z,KXBTC15M-26OCT042330-30,0.0110,300.00,no
2026-10-05T03:28:58.2618Z,KXBTC15M-26OCT042330-30,0.0120,1.00,yes
2026-10-05T03:28:58.26434Z,KXBTC15M-26OCT042330-30,0.0110,0.01,no
2026-10-05T03:28:58.26434Z,KXBTC15M-26OCT042330-30,0.0110,17.00,no
2026-10-05T03:28:58.26434Z,KXBTC15M-26OCT042330-30,0.0110,0.01,no
2026-10-05T03:28:58.26434Z,KXBTC15M-26OCT042330-30,0.0100,111.29,no
2026-10-05T03:28:58.26434Z,KXBTC15M-26OCT042330-30,0.0100,512.00,no
2026-10-05T03:28:58.26434Z,KXBTC15M-26OCT042330-30,0.0100,489.69,no
2026-10-05T03:28:58.277257Z,KXBTC15M-26OCT042330-30,0.0110,15.00,yes
2026-10-05T03:28:58.277257Z,KXBTC15M-26OCT042330-30,0.0120,63.40,yes
2026-10-05T03:28:58.277257Z,KXBTC15M-26OCT042330-30,0.0110,22.31,yes
2026-10-05T03:28:58.307818Z,KXBTC15M-26OCT042330-30,0.0110,0.01,yes
2026-10-05T03:28:58.307818Z,KXBTC15M-26OCT042330-30,0.0110,345.44,yes
2026-10-05T03:28:58.332036Z,KXBTC15M-26OCT042330-30,0.0110,111.29,yes
2026-10-05T03:28:58.332036Z,KXBTC15M-26OCT042330-30,0.0110,0.01,yes
2026-10-05T03:28:58.332036Z,KXBTC15M-26OCT042330-30,0.0110,489.69,yes
2026-10-05T03:28:58.332036Z,KXBTC15M-26OCT042330-30,0.0110,15.00,yes
2026-10-05T03:28:58.332036Z,KXBTC15M-26OCT042330-30,0.0110,166.56,yes
2026-10-05T03:28:58.33248Z,KXBTC15M-26OCT042330-30,0.0100,103.29,no
2026-10-05T03:28:58.33248Z,KXBTC15M-26OCT042330-30,0.0100,400.71,no
2026-10-05T03:28:58.351195Z,KXBTC15M-26OCT042330-30,0.0120,58.91,yes
2026-10-05T03:28:58.353173Z,KXBTC15M-26OCT042330-30,0.0100,41.89,no
2026-10-05T03:28:58.395256Z,KXBTC15M-26OCT042330-30,0.0100,3.23,no
2026-10-05T03:28:58.395256Z,KXBTC15M-26OCT042330-30,0.0100,1.82,no
2026-10-05T03:28:58.400952Z,KXBTC15M-26OCT042330-30,0.0100,779.23,no
2026-10-05T03:28:58.400952Z,KXBTC15M-26OCT042330-30,0.0100,73.00,no
2026-10-05T03:28:58.400952Z,KXBTC15M-26OCT042330-30,0.0100,146.77,no
2026-10-05T03:28:58.475782Z,KXBTC15M-26OCT042330-30,0.0110,31.93,yes
2026-10-05T03:28:58.508662Z,KXBTC15M-26OCT042330-30,0.0110,33.41,yes
2026-10-05T03:28:58.513543Z,KXBTC15M-26OCT042330-30,0.0100,23.33,no
2026-10-05T03:28:58.513543Z,KXBTC15M-26OCT042330-30,0.0100,60.00,no
2026-10-05T03:28:58.517421Z,KXBTC15M-26OCT042330-30,0.0110,167.04,yes
2026-10-05T03:28:58.628453Z,KXBTC15M-26OCT042330-30,0.0100,1.67,no
2026-10-05T03:28:58.628453Z,KXBTC15M-26OCT042330-30,0.0100,0.30,no
2026-10-05T03:28:58.639792Z,KXBTC15M-26OCT042330-30,0.0110,168.33,yes
2026-10-05T03:28:58.639792Z,KXBTC15M-26OCT042330-30,0.0110,29.49,yes
2026-10-05T03:28:58.639792Z,KXBTC15M-26OCT042330-30,0.0110,3.23,yes
2026-10-05T03:28:58.650201Z,KXBTC15M-26OCT042330-30,0.0100,1.10,no
2026-10-05T03:28:58.650201Z,KXBTC15M-26OCT042330-30,0.0100,3.29,no
2026-10-05T03:28:58.650201Z,KXBTC15M-26OCT042330-30,0.0100,352.00,no
2026-10-05T03:28:58.650201Z,KXBTC15M-26OCT042330-30,0.0100,3.58,no
2026-10-05T03:28:58.650201Z,KXBTC15M-26OCT042330-30,0.0100,60.71,no
2026-10-05T03:28:58.650201Z,KXBTC15M-26OCT042330-30,0.0100,18.60,no
2026-10-05T03:28:58.650201Z,KXBTC15M-26OCT042330-30,0.0100,100.00,no
2026-10-05T03:28:58.650201Z,KXBTC15M-26OCT042330-30,0.0100,1.86,no
2026-10-05T03:28:58.650201Z,KXBTC15M-26OCT042330-30,0.0100,9.30,no
2026-10-05T03:28:58.650201Z,KXBTC15M-26OCT042330-30,0.0100,18.60,no
2026-10-05T03:28:58.650201Z,KXBTC15M-26OCT042330-30,0.0100,1.00,no
2026-10-05T03:28:58.650201Z,KXBTC15M-26OCT042330-30,0.0100,10.26,no
2026-10-05T03:28:58.650201Z,KXBTC15M-26OCT042330-30,0.0100,200.00,no
2026-10-05T03:28:58.650201Z,KXBTC15M-26OCT042330-30,0.0100,199.70,no
2026-10-05T03:28:58.702935Z,KXBTC15M-26OCT042330-30,0.0110,0.01,yes
2026-10-05T03:28:58.702935Z,KXBTC15M-26OCT042330-30,0.0110,117.28,yes
2026-10-05T03:28:58.702935Z,KXBTC15M-26OCT042330-30,0.0110,0.01,yes
2026-10-05T03:28:58.702935Z,KXBTC15M-26OCT042330-30,0.0110,1.67,yes
2026-10-05T03:28:58.702935Z,KXBTC15M-26OCT042330-30,0.0110,23.33,yes
2026-10-05T03:28:58.702935Z,KXBTC15M-26OCT042330-30,0.0110,75.15,yes
2026-10-05T03:28:58.810076Z,KXBTC15M-26OCT042330-30,0.0100,10.09,no
2026-10-05T03:28:58.869895Z,KXBTC15M-26OCT042330-30,0.0100,7.09,no
2026-10-05T03:28:58.869895Z,KXBTC15M-26OCT042330-30,0.0100,34.05,no
2026-10-05T03:28:58.869895Z,KXBTC15M-26OCT042330-30,0.0100,28.36,no
2026-10-05T03:28:58.869895Z,KXBTC15M-26OCT042330-30,0.0100,23.45,no
2026-10-05T03:28:58.869895Z,KXBTC15M-26OCT042330-30,0.0100,8.97,no
2026-10-05T03:28:58.869895Z,KXBTC15M-26OCT042330-30,0.0100,8.06,no
2026-10-05T03:28:58.869895Z,KXBTC15M-26OCT042330-30,0.0100,33.49,no
2026-10-05T03:28:58.869895Z,KXBTC15M-26OCT042330-30,0.0100,8.97,no
2026-10-05T03:28:58.869895Z,KXBTC15M-26OCT042330-30,0.0100,5.02,no
2026-10-05T03:28:58.869895Z,KXBTC15M-26OCT042330-30,0.0100,0.05,no
2026-10-05T03:28:58.869895Z,KXBTC15M-26OCT042330-30,0.0100,23.93,no
2026-10-05T03:28:58.869895Z,KXBTC15M-26OCT042330-30,0.0100,21.33,no
2026-10-05T03:28:58.869895Z,KXBTC15M-26OCT042330-30,0.0100,16.47,no
2026-10-05T03:28:58.869895Z,KXBTC15M-26OCT042330-30,0.0100,236.31,no
2026-10-05T03:28:58.869895Z,KXBTC15M-26OCT042330-30,0.0100,36.47,no
2026-10-05T03:28:58.869895Z,KXBTC15M-26OCT042330-30,0.0100,11.50,no
2026-10-05T03:28:58.869895Z,KXBTC15M-26OCT042330-30,0.0100,0.01,no
2026-10-05T03:28:58.869895Z,KXBTC15M-26OCT042330-30,0.0100,2.05,no
2026-10-05T03:28:58.869895Z,KXBTC15M-26OCT042330-30,0.0100,6.23,no
2026-10-05T03:28:58.869895Z,KXBTC15M-26OCT042330-30,0.0100,669.83,no
2026-10-05T03:28:58.869895Z,KXBTC15M-26OCT042330-30,0.0100,4.63,no
2026-10-05T03:28:58.869895Z,KXBTC15M-26OCT042330-30,0.0100,3.80,no
2026-10-05T03:28:58.869895Z,KXBTC15M-26OCT042330-30,0.0100,2.58,no
2026-10-05T03:28:58.869895Z,KXBTC15M-26OCT042330-30,0.0100,2.16,no
2026-10-05T03:28:58.869895Z,KXBTC15M-26OCT042330-30,0.0100,3.29,no
2026-10-05T03:28:58.869895Z,KXBTC15M-26OCT042330-30,0.0100,31.94,no
2026-10-05T03:28:58.869895Z,KXBTC15M-26OCT042330-30,0.0100,12.62,no
2026-10-05T03:28:58.869895Z,KXBTC15M-26OCT042330-30,0.0100,5.24,no
2026-10-05T03:28:58.869895Z,KXBTC15M-26OCT042330-30,0.0100,53.08,no
2026-10-05T03:28:58.869895Z,KXBTC15M-26OCT042330-30,0.0100,65.52,no
2026-10-05T03:28:58.869895Z,KXBTC15M-26OCT042330-30,0.0100,33.17,no
2026-10-05T03:28:58.869895Z,KXBTC15M-26OCT042330-30,0.0100,1.45,no
2026-10-05T03:28:58.869895Z,KXBTC15M-26OCT042330-30,0.0100,4.87,no
2026-10-05T03:28:58.869895Z,KXBTC15M-26OCT042330-30,0.0100,7.19,no
2026-10-05T03:28:58.869895Z,KXBTC15M-26OCT042330-30,0.0100,7.19,no
2026-10-05T03:28:58.869895Z,KXBTC15M-26OCT042330-30,0.0100,4.03,no
2026-10-05T03:28:58.869895Z,KXBTC15M-26OCT042330-30,0.0100,3.04,no
2026-10-05T03:28:58.869895Z,KXBTC15M-26OCT042330-30,0.0100,20.00,no
2026-10-05T03:28:58.869895Z,KXBTC15M-26OCT042330-30,0.0100,23.61,no
2026-10-05T03:28:58.869895Z,KXBTC15M-26OCT042330-30,0.0100,28.95,no
2026-10-05T03:28:58.909525Z,KXBTC15M-26OCT042330-30,0.0100,3.13,no
2026-10-05T03:28:58.926902Z,KXBTC15M-26OCT042330-30,0.0110,30.00,yes
2026-10-05T03:28:58.942662Z,KXBTC15M-26OCT042330-30,0.0100,416.15,no
2026-10-05T03:28:58.956166Z,KXBTC15M-26OCT042330-30,0.0100,8.94,no
2026-10-05T03:28:59.133145Z,KXBTC15M-26OCT042330-30,0.0110,1.18,yes
2026-10-05T03:28:59.176557Z,KXBTC15M-26OCT042330-30,0.0110,0.01,yes
2026-10-05T03:28:59.176557Z,KXBTC15M-26OCT042330-30,0.0110,245.67,yes
2026-10-05T03:28:59.176557Z,KXBTC15M-26OCT042330-30,0.0120,154.54,yes
2026-10-05T03:28:59.176557Z,KXBTC15M-26OCT042330-30,0.0110,3.00,yes
2026-10-05T03:28:59.176557Z,KXBTC15M-26OCT042330-30,0.0110,1.00,yes
2026-10-05T03:28:59.181135Z,KXBTC15M-26OCT042330-30,0.0100,3.17,no
2026-10-05T03:28:59.205431Z,KXBTC15M-26OCT042330-30,0.0100,1.00,no
2026-10-05T03:28:59.253958Z,KXBTC15M-26OCT042330-30,0.0100,33.97,no
2026-10-05T03:28:59.265732Z,KXBTC15M-26OCT042330-30,0.0100,11.18,no
2026-10-05T03:28:59.309023Z,KXBTC15M-26OCT042330-30,0.0120,16.00,yes
2026-10-05T03:28:59.365783Z,KXBTC15M-26OCT042330-30,0.0120,150.00,yes
2026-10-05T03:28:59.365783Z,KXBTC15M-26OCT042330-30,0.0120,228.00,yes
2026-10-05T03:28:59.365783Z,KXBTC15M-26OCT042330-30,0.0120,156.05,yes
2026-10-05T03:28:59.365783Z,KXBTC15M-26OCT042330-30,0.0120,12.00,yes
2026-10-05T03:28:59.365783Z,KXBTC15M-26OCT042330-30,0.0120,1.00,yes
2026-10-05T03:28:59.365783Z,KXBTC15M-26OCT042330-30,0.0120,0.01,yes
2026-10-05T03:28:59.365783Z,KXBTC15M-26OCT042330-30,0.0130,0.01,yes
2026-10-05T03:28:59.365783Z,KXBTC15M-26OCT042330-30,0.0120,355.95,yes
2026-10-05T03:28:59.365783Z,KXBTC15M-26OCT042330-30,0.0120,352.00,yes
2026-10-05T03:28:59.365783Z,KXBTC15M-26OCT042330-30,0.0130,1103.77,yes
2026-10-05T03:28:59.365783Z,KXBTC15M-26OCT042330-30,0.0120,512.00,yes
2026-10-05T03:28:59.365783Z,KXBTC15M-26OCT042330-30,0.0130,212.00,yes
2026-10-05T03:28:59.365783Z,KXBTC15M-26OCT042330-30,0.0120,218.15,yes
2026-10-05T03:28:59.365783Z,KXBTC15M-26OCT042330-30,0.0130,1.00,yes
2026-10-05T03:28:59.365783Z,KXBTC15M-26OCT042330-30,0.0120,246.78,yes
2026-10-05T03:28:59.377528Z,KXBTC15M-26OCT042330-30,0.0130,1.00,yes
2026-10-05T03:28:59.377528Z,KXBTC15M-26OCT042330-30,0.0130,1.00,yes
2026-10-05T03:28:59.462019Z,KXBTC15M-26OCT042330-30,0.0140,17.25,yes
2026-10-05T03:28:59.462019Z,KXBTC15M-26OCT042330-30,0.0140,1.00,yes
2026-10-05T03:28:59.462019Z,KXBTC15M-26OCT042330-30,0.0140,0.02,yes
2026-10-05T03:28:59.483618Z,KXBTC15M-26OCT042330-30,0.0130,1.00,no
2026-10-05T03:28:59.506205Z,KXBTC15M-26OCT042330-30,0.0130,1.00,no
2026-10-05T03:28:59.563695Z,KXBTC15M-26OCT042330-30,0.0140,22.08,yes
2026-10-05T03:28:59.564743Z,KXBTC15M-26OCT042330-30,0.0130,0.70,no
2026-10-05T03:28:59.6015Z,KXBTC15M-26OCT042330-30,0.0130,4.61,no
2026-10-05T03:28:59.6015Z,KXBTC15M-26OCT042330-30,0.0130,95.30,no
2026-10-05T03:28:59.6015Z,KXBTC15M-26OCT042330-30,0.0130,0.01,no
2026-10-05T03:28:59.6015Z,KXBTC15M-26OCT042330-30,0.0130,0.01,no
2026-10-05T03:28:59.624407Z,KXBTC15M-26OCT042330-30,0.0130,1.00,no
2026-10-05T03:28:59.626326Z,KXBTC15M-26OCT042330-30,0.0130,4.51,no
2026-10-05T03:28:59.667935Z,KXBTC15M-26OCT042330-30,0.0140,11.03,yes
2026-10-05T03:28:59.688156Z,KXBTC15M-26OCT042330-30,0.0140,5.00,yes
2026-10-05T03:28:59.700872Z,KXBTC15M-26OCT042330-30,0.0140,5.00,yes
2026-10-05T03:28:59.713853Z,KXBTC15M-26OCT042330-30,0.0130,2.64,no
2026-10-05T03:28:59.72721Z,KXBTC15M-26OCT042330-30,0.0130,148.61,no
2026-10-05T03:28:59.72721Z,KXBTC15M-26OCT042330-30,0.0130,87.24,no
2026-10-05T03:28:59.730264Z,KXBTC15M-26OCT042330-30,0.0140,0.01,yes
2026-10-05T03:28:59.730264Z,KXBTC15M-26OCT042330-30,0.0150,1.00,yes
2026-10-05T03:28:59.730264Z,KXBTC15M-26OCT042330-30,0.0170,141.41,yes
2026-10-05T03:28:59.730264Z,KXBTC15M-26OCT042330-30,0.0140,1.00,yes
2026-10-05T03:28:59.730264Z,KXBTC15M-26OCT042330-30,0.0150,200.00,yes
2026-10-05T03:28:59.730264Z,KXBTC15M-26OCT042330-30,0.0140,0.01,yes
2026-10-05T03:28:59.730264Z,KXBTC15M-26OCT042330-30,0.0140,0.01,yes
2026-10-05T03:28:59.730264Z,KXBTC15M-26OCT042330-30,0.0140,7.00,yes
2026-10-05T03:28:59.730264Z,KXBTC15M-26OCT042330-30,0.0150,1047.00,yes
2026-10-05T03:28:59.730264Z,KXBTC15M-26OCT042330-30,0.0150,82.00,yes
2026-10-05T03:28:59.730264Z,KXBTC15M-26OCT042330-30,0.0150,2.00,yes
2026-10-05T03:28:59.730264Z,KXBTC15M-26OCT042330-30,0.0140,2.00,yes
2026-10-05T03:28:59.730264Z,KXBTC15M-26OCT042330-30,0.0170,2.00,yes
2026-10-05T03:28:59.730264Z,KXBTC15M-26OCT042330-30,0.0140,81.93,yes
2026-10-05T03:28:59.730264Z,KXBTC15M-26OCT042330-30,0.0160,0.02,yes
2026-10-05T03:28:59.730264Z,KXBTC15M-26OCT042330-30,0.0150,0.02,yes
2026-10-05T03:28:59.730264Z,KXBTC15M-26OCT042330-30,0.0160,215.00,yes
2026-10-05T03:28:59.730264Z,KXBTC15M-26OCT042330-30,0.0170,0.02,yes
2026-10-05T03:28:59.730264Z,KXBTC15M-26OCT042330-30,0.0160,2.00,yes
2026-10-05T03:28:59.730264Z,KXBTC15M-26OCT042330-30,0.0160,97.00,yes
2026-10-05T03:28:59.730264Z,KXBTC15M-26OCT042330-30,0.0160,2.00,yes
2026-10-05T03:28:59.730264Z,KXBTC15M-26OCT042330-30,0.0170,98.00,yes
2026-10-05T03:28:59.730264Z,KXBTC15M-26OCT042330-30,0.0150,2.00,yes
2026-10-05T03:28:59.730264Z,KXBTC15M-26OCT042330-30,0.0150,98.00,yes
2026-10-05T03:28:59.776296Z,KXBTC15M-26OCT042330-30,0.0180,510.00,yes
2026-10-05T03:28:59.776296Z,KXBTC15M-26OCT042330-30,0.0150,12.50,yes
2026-10-05T03:28:59.776296Z,KXBTC15M-26OCT042330-30,0.0170,158.59,yes
2026-10-05T03:28:59.776296Z,KXBTC15M-26OCT042330-30,0.0160,138.00,yes
2026-10-05T03:28:59.776296Z,KXBTC15M-26OCT042330-30,0.0180,33.00,yes
2026-10-05T03:28:59.776296Z,KXBTC15M-26OCT042330-30,0.0180,0.02,yes
2026-10-05T03:28:59.776296Z,KXBTC15M-26OCT042330-30,0.0180,82.00,yes
2026-10-05T03:28:59.776296Z,KXBTC15M-26OCT042330-30,0.0180,97.00,yes
2026-10-05T03:28:59.776296Z,KXBTC15M-26OCT042330-30,0.0190,836.00,yes
2026-10-05T03:28:59.776296Z,KXBTC15M-26OCT042330-30,0.0190,384.00,yes
2026-10-05T03:28:59.776296Z,KXBTC15M-26OCT042330-30,0.0190,384.00,yes
2026-10-05T03:28:59.776296Z,KXBTC15M-26OCT042330-30,0.0190,5.29,yes
2026-10-05T03:28:59.776296Z,KXBTC15M-26OCT042330-30,0.0190,384.00,yes
2026-10-05T03:28:59.776296Z,KXBTC15M-26OCT042330-30,0.0190,3.00,yes
2026-10-05T03:28:59.776296Z,KXBTC15M-26OCT042330-30,0.0190,37.28,yes
2026-10-05T03:28:59.776296Z,KXBTC15M-26OCT042330-30,0.0190,55.74,yes
2026-10-05T03:28:59.835371Z,KXBTC15M-26OCT042330-30,0.0140,7.84,no
2026-10-05T03:28:59.882371Z,KXBTC15M-26OCT042330-30,0.0140,10.76,no
2026-10-05T03:28:59.934707Z,KXBTC15M-26OCT042330-30,0.0150,5.00,no
2026-10-05T03:28:59.978005Z,KXBTC15M-26OCT042330-30,0.0150,727.00,no
2026-10-05T03:28:59.978005Z,KXBTC15M-26OCT042330-30,0.0150,58.50,no
2026-10-05T03:29:00.036303Z,KXBTC15M-26OCT042330-30,0.0150,0.01,no
2026-10-05T03:29:00.036303Z,KXBTC15M-26OCT042330-30,0.0150,2.01,no
2026-10-05T03:29:00.070194Z,KXBTC15M-26OCT042330-30,0.0150,0.01,no
2026-10-05T03:29:00.070194Z,KXBTC15M-26OCT042330-30,0.0150,2.01,no
2026-10-05T03:29:00.070194Z,KXBTC15M-26OCT042330-30,0.0150,0.01,no
2026-10-05T03:29:00.070194Z,KXBTC15M-26OCT042330-30,0.0140,5.84,no
2026-10-05T03:29:00.070194Z,KXBTC15M-26OCT042330-30,0.0150,11.99,no
2026-10-05T03:29:00.070275Z,KXBTC15M-26OCT042330-30,0.0140,155.88,no
2026-10-05T03:29:00.076226Z,KXBTC15M-26OCT042330-30,0.0140,157.79,no
2026-10-05T03:29:00.079267Z,KXBTC15M-26OCT042330-30,0.0160,0.01,yes
2026-10-05T03:29:00.079267Z,KXBTC15M-26OCT042330-30,0.0160,0.01,yes
2026-10-05T03:29:00.079267Z,KXBTC15M-26OCT042330-30,0.0160,1.00,yes
2026-10-05T03:29:00.079267Z,KXBTC15M-26OCT042330-30,0.0180,50.06,yes
2026-10-05T03:29:00.079267Z,KXBTC15M-26OCT042330-30,0.0160,0.01,yes
2026-10-05T03:29:00.079267Z,KXBTC15M-26OCT042330-30,0.0160,0.01,yes
2026-10-05T03:29:00.079267Z,KXBTC15M-26OCT042330-30,0.0170,200.00,yes
2026-10-05T03:29:00.079267Z,KXBTC15M-26OCT042330-30,0.0160,18.00,yes
2026-10-05T03:29:00.08606Z,KXBTC15M-26OCT042330-30,0.0140,0.01,no
2026-10-05T03:29:00.08606Z,KXBTC15M-26OCT042330-30,0.0140,0.99,no
2026-10-05T03:29:00.088009Z,KXBTC15M-26OCT042330-30,0.0140,12.01,no
2026-10-05T03:29:00.125387Z,KXBTC15M-26OCT042330-30,0.0160,0.01,yes
2026-10-05T03:29:00.125387Z,KXBTC15M-26OCT042330-30,0.0170,1.99,yes
2026-10-05T03:29:00.135449Z,KXBTC15M-26OCT042330-30,0.0140,9.99,no
2026-10-05T03:29:00.135449Z,KXBTC15M-26OCT042330-30,0.0140,0.01,no
2026-10-05T03:29:00.137636Z,KXBTC15M-26OCT042330-30,0.0140,0.01,no
2026-10-05T03:29:00.137636Z,KXBTC15M-26OCT042330-30,0.0140,3.01,no
2026-10-05T03:29:00.137636Z,KXBTC15M-26OCT042330-30,0.0130,16.98,no
2026-10-05T03:29:00.16005Z,KXBTC15M-26OCT042330-30,0.0140,0.01,no
2026-10-05T03:29:00.16005Z,KXBTC15M-26OCT042330-30,0.0140,0.01,no
2026-10-05T03:29:00.16005Z,KXBTC15M-26OCT042330-30,0.0140,13.00,no
2026-10-05T03:29:00.16005Z,KXBTC15M-26OCT042330-30,0.0130,86.98,no
2026-10-05T03:29:00.199199Z,KXBTC15M-26OCT042330-30,0.0160,0.01,yes
2026-10-05T03:29:00.199199Z,KXBTC15M-26OCT042330-30,0.0170,0.01,yes
2026-10-05T03:29:00.199199Z,KXBTC15M-26OCT042330-30,0.0170,0.01,yes
2026-10-05T03:29:00.199199Z,KXBTC15M-26OCT042330-30,0.0180,3.33,yes
2026-10-05T03:29:00.199199Z,KXBTC15M-26OCT042330-30,0.0160,24.00,yes
2026-10-05T03:29:00.199199Z,KXBTC15M-26OCT042330-30,0.0160,0.01,yes
2026-10-05T03:29:00.21263Z,KXBTC15M-26OCT042330-30,0.0130,0.01,no
2026-10-05T03:29:00.240533Z,KXBTC15M-26OCT042330-30,0.0130,25.00,no
2026-10-05T03:29:00.270475Z,KXBTC15M-26OCT042330-30,0.0130,29.81,no
2026-10-05T03:29:00.301516Z,KXBTC15M-26OCT042330-30,0.0130,100.00,no
2026-10-05T03:29:00.313853Z,KXBTC15M-26OCT042330-30,0.0130,33.84,no
2026-10-05T03:29:00.346415Z,KXBTC15M-26OCT042330-30,0.0140,2.40,yes
2026-10-05T03:29:00.409603Z,KXBTC15M-26OCT042330-30,0.0130,5.00,no
2026-10-05T03:29:00.433145Z,KXBTC15M-26OCT042330-30,0.0130,21.07,no
2026-10-05T03:29:00.452394Z,KXBTC15M-26OCT042330-30,0.0130,2.00,no
2026-10-05T03:29:00.461201Z,KXBTC15M-26OCT042330-30,0.0140,3.65,yes
2026-10-05T03:29:00.461201Z,KXBTC15M-26OCT042330-30,0.0140,0.01,yes
2026-10-05T03:29:00.461201Z,KXBTC15M-26OCT042330-30,0.0140,7.98,yes
2026-10-05T03:29:00.577814Z,KXBTC15M-26OCT042330-30,0.0130,25.04,no
2026-10-05T03:29:00.605011Z,KXBTC15M-26OCT042330-30,0.0140,3.47,yes
2026-10-05T03:29:00.605011Z,KXBTC15M-26OCT042330-30,0.0140,2.41,yes
2026-10-05T03:29:00.61405Z,KXBTC15M-26OCT042330-30,0.0130,5.00,no
2026-10-05T03:29:00.648241Z,KXBTC15M-26OCT042330-30,0.0130,85.09,no
2026-10-05T03:29:00.657529Z,KXBTC15M-26OCT042330-30,0.0130,93.12,no
2026-10-05T03:29:00.665918Z,KXBTC15M-26OCT042330-30,0.0140,1.00,yes
2026-10-05T03:29:00.665918Z,KXBTC15M-26OCT042330-30,0.0140,10.59,yes
2026-10-05T03:29:00.665918Z,KXBTC15M-26OCT042330-30,0.0150,98.48,yes
2026-10-05T03:29:00.698749Z,KXBTC15M-26OCT042330-30,0.0130,335.00,no
2026-10-05T03:29:00.736018Z,KXBTC15M-26OCT042330-30,0.0150,59.50,yes
2026-10-05T03:29:00.750066Z,KXBTC15M-26OCT042330-30,0.0130,311.83,no
2026-10-05T03:29:00.774711Z,KXBTC15M-26OCT042330-30,0.0130,0.01,no
2026-10-05T03:29:00.774711Z,KXBTC15M-26OCT042330-30,0.0130,4.98,no
2026-10-05T03:29:00.774711Z,KXBTC15M-26OCT042330-30,0.0130,0.01,no
2026-10-05T03:29:00.852424Z,KXBTC15M-26OCT042330-30,0.0130,0.01,no
2026-10-05T03:29:00.852424Z,KXBTC15M-26OCT042330-30,0.0130,0.01,no
2026-10-05T03:29:00.852424Z,KXBTC15M-26OCT042330-30,0.0130,3.72,no
2026-10-05T03:29:00.852424Z,KXBTC15M-26OCT042330-30,0.0130,29.94,no
2026-10-05T03:29:00.914907Z,KXBTC15M-26OCT042330-30,0.0120,10.98,no
2026-10-05T03:29:00.914907Z,KXBTC15M-26OCT042330-30,0.0130,0.01,no
2026-10-05T03:29:00.914907Z,KXBTC15M-26OCT042330-30,0.0130,0.01,no
2026-10-05T03:29:00.926269Z,KXBTC15M-26OCT042330-30,0.0130,0.01,no
2026-10-05T03:29:00.926269Z,KXBTC15M-26OCT042330-30,0.0110,10.99,no
2026-10-05T03:29:00.93871Z,KXBTC15M-26OCT042330-30,0.0120,0.01,no
2026-10-05T03:29:00.93871Z,KXBTC15M-26OCT042330-30,0.0120,0.99,no
2026-10-05T03:29:00.953529Z,KXBTC15M-26OCT042330-30,0.0120,0.01,no
2026-10-05T03:29:00.953529Z,KXBTC15M-26OCT042330-30,0.0120,0.13,no
2026-10-05T03:29:00.953529Z,KXBTC15M-26OCT042330-30,0.0120,0.01,no
2026-10-05T03:29:00.97472Z,KXBTC15M-26OCT042330-30,0.0120,0.01,no
2026-10-05T03:29:00.97472Z,KXBTC15M-26OCT042330-30,0.0120,4.71,no
2026-10-05T03:29:00.97472Z,KXBTC15M-26OCT042330-30,0.0120,0.01,no
2026-10-05T03:29:01.015467Z,KXBTC15M-26OCT042330-30,0.0140,14.00,yes
2026-10-05T03:29:01.015467Z,KXBTC15M-26OCT042330-30,0.0140,0.01,yes
2026-10-05T03:29:01.015467Z,KXBTC15M-26OCT042330-30,0.0140,0.01,yes
2026-10-05T03:29:01.015467Z,KXBTC15M-26OCT042330-30,0.0140,48.34,yes
2026-10-05T03:29:01.047591Z,KXBTC15M-26OCT042330-30,0.0140,0.01,yes
2026-10-05T03:29:01.047591Z,KXBTC15M-26OCT042330-30,0.0140,0.01,yes
2026-10-05T03:29:01.047591Z,KXBTC15M-26OCT042330-30,0.0140,54.00,yes
2026-10-05T03:29:01.047591Z,KXBTC15M-26OCT042330-30,0.0150,3.28,yes
2026-10-05T03:29:01.047591Z,KXBTC15M-26OCT042330-30,0.0140,24.53,yes
2026-10-05T03:29:01.104122Z,KXBTC15M-26OCT042330-30,0.0120,0.01,no
2026-10-05T03:29:01.104122Z,KXBTC15M-26OCT042330-30,0.0120,0.01,no
2026-10-05T03:29:01.104122Z,KXBTC15M-26OCT042330-30,0.0120,15.00,no
2026-10-05T03:29:01.104122Z,KXBTC15M-26OCT042330-30,0.0110,821.98,no
2026-10-05T03:29:01.118815Z,KXBTC15M-26OCT042330-30,0.0140,20.04,yes
2026-10-05T03:29:01.126324Z,KXBTC15M-26OCT042330-30,0.0120,0.01,no
2026-10-05T03:29:01.126324Z,KXBTC15M-26OCT042330-30,0.0120,0.01,no
2026-10-05T03:29:01.128698Z,KXBTC15M-26OCT042330-30,0.0140,4.49,yes
2026-10-05T03:29:01.128698Z,KXBTC15M-26OCT042330-30,0.0140,0.01,yes
2026-10-05T03:29:01.128698Z,KXBTC15M-26OCT042330-30,0.0140,0.01,yes
2026-10-05T03:29:01.128698Z,KXBTC15M-26OCT042330-30,0.0130,9.00,yes
2026-10-05T03:29:01.128698Z,KXBTC15M-26OCT042330-30,0.0140,191.49,yes
2026-10-05T03:29:01.188045Z,KXBTC15M-26OCT042330-30,0.0130,0.01,yes
2026-10-05T03:29:01.188045Z,KXBTC15M-26OCT042330-30,0.0130,0.01,yes
2026-10-05T03:29:01.188045Z,KXBTC15M-26OCT042330-30,0.0130,5.98,yes
2026-10-05T03:29:01.260773Z,KXBTC15M-26OCT042330-30,0.0120,13.98,no
2026-10-05T03:29:01.260773Z,KXBTC15M-26OCT042330-30,0.0120,0.01,no
2026-10-05T03:29:01.260773Z,KXBTC15M-26OCT042330-30,0.0120,0.01,no
2026-10-05T03:29:01.320408Z,KXBTC15M-26OCT042330-30,0.0120,313.72,no
2026-10-05T03:29:01.320408Z,KXBTC15M-26OCT042330-30,0.0120,444.02,no
2026-10-05T03:29:01.320408Z,KXBTC15M-26OCT042330-30,0.0120,0.01,no
2026-10-05T03:29:01.320408Z,KXBTC15M-26OCT042330-30,0.0120,0.01,no
2026-10-05T03:29:01.331001Z,KXBTC15M-26OCT042330-30,0.0130,0.01,yes
2026-10-05T03:29:01.331001Z,KXBTC15M-26OCT042330-30,0.0140,57.98,yes
2026-10-05T03:29:01.331001Z,KXBTC15M-26OCT042330-30,0.0130,14.00,yes
2026-10-05T03:29:01.331001Z,KXBTC15M-26OCT042330-30,0.0130,8.00,yes
2026-10-05T03:29:01.331001Z,KXBTC15M-26OCT042330-30,0.0130,0.01,yes
2026-10-05T03:29:01.39178Z,KXBTC15M-26OCT042330-30,0.0100,63.64,no
2026-10-05T03:29:01.39178Z,KXBTC15M-26OCT042330-30,0.0120,0.01,no
2026-10-05T03:29:01.39178Z,KXBTC15M-26OCT042330-30,0.0120,0.01,no
2026-10-05T03:29:01.39178Z,KXBTC15M-26OCT042330-30,0.0110,17.00,no
2026-10-05T03:29:01.39178Z,KXBTC15M-26OCT042330-30,0.0110,2.00,no
2026-10-05T03:29:01.410766Z,KXBTC15M-26OCT042330-30,0.0130,40.59,yes
2026-10-05T03:29:01.42764Z,KXBTC15M-26OCT042330-30,0.0130,66.82,yes
2026-10-05T03:29:01.427661Z,KXBTC15M-26OCT042330-30,0.0100,3.41,no
2026-10-05T03:29:01.427661Z,KXBTC15M-26OCT042330-30,0.0100,0.01,no
2026-10-05T03:29:01.427661Z,KXBTC15M-26OCT042330-30,0.0100,7.97,no
2026-10-05T03:29:01.427661Z,KXBTC15M-26OCT042330-30,0.0100,22.33,no
2026-10-05T03:29:01.427661Z,KXBTC15M-26OCT042330-30,0.0100,57.57,no
2026-10-05T03:29:01.427661Z,KXBTC15M-26OCT042330-30,0.0100,28.93,no
2026-10-05T03:29:01.427661Z,KXBTC15M-26OCT042330-30,0.0100,36.47,no
2026-10-05T03:29:01.427661Z,KXBTC15M-26OCT042330-30,0.0100,6.09,no
2026-10-05T03:29:01.427661Z,KXBTC15M-26OCT042330-30,0.0100,8.00,no
2026-10-05T03:29:01.427661Z,KXBTC15M-26OCT042330-30,0.0100,3.77,no
2026-10-05T03:29:01.427661Z,KXBTC15M-26OCT042330-30,0.0100,394.43,no
2026-10-05T03:29:01.427661Z,KXBTC15M-26OCT042330-30,0.0120,0.01,no
2026-10-05T03:29:01.427661Z,KXBTC15M-26OCT042330-30,0.0110,17.00,no
2026-10-05T03:29:01.427661Z,KXBTC15M-26OCT042330-30,0.0120,0.01,no
2026-10-05T03:29:01.451245Z,KXBTC15M-26OCT042330-30,0.0100,1.11,no
2026-10-05T03:29:01.451245Z,KXBTC15M-26OCT042330-30,0.0100,5.57,no
2026-10-05T03:29:01.451245Z,KXBTC15M-26OCT042330-30,0.0100,732.46,no
2026-10-05T03:29:01.451245Z,KXBTC15M-26OCT042330-30,0.0100,1.09,no
2026-10-05T03:29:01.451245Z,KXBTC15M-26OCT042330-30,0.0100,0.45,no
2026-10-05T03:29:01.451245Z,KXBTC15M-26OCT042330-30,0.0100,1.00,no
2026-10-05T03:29:01.451245Z,KXBTC15M-26OCT042330-30,0.0100,240.93,no
2026-10-05T03:29:01.451245Z,KXBTC15M-26OCT042330-30,0.0100,1.00,no
2026-10-05T03:29:01.451245Z,KXBTC15M-26OCT042330-30,0.0100,7.43,no
2026-10-05T03:29:01.451245Z,KXBTC15M-26OCT042330-30,0.0110,0.01,no
2026-10-05T03:29:01.451245Z,KXBTC15M-26OCT042330-30,0.0110,0.01,no
2026-10-05T03:29:01.451245Z,KXBTC15M-26OCT042330-30,0.0110,17.00,no
2026-10-05T03:29:01.463316Z,KXBTC15M-26OCT042330-30,0.0100,1979.37,no
2026-10-05T03:29:01.483048Z,KXBTC15M-26OCT042330-30,0.0100,5.00,no
2026-10-05T03:29:01.516134Z,KXBTC15M-26OCT042330-30,0.0100,182.32,no
2026-10-05T03:29:01.557581Z,KXBTC15M-26OCT042330-30,0.0130,66.82,yes
2026-10-05T03:29:01.56002Z,KXBTC15M-26OCT042330-30,0.0130,38.08,yes
2026-10-05T03:29:01.56043Z,KXBTC15M-26OCT042330-30,0.0130,33.41,yes
2026-10-05T03:29:01.656525Z,KXBTC15M-26OCT042330-30,0.0130,0.01,yes
2026-10-05T03:29:01.656525Z,KXBTC15M-26OCT042330-30,0.0130,0.01,yes
2026-10-05T03:29:01.656525Z,KXBTC15M-26OCT042330-30,0.0130,87.70,yes
2026-10-05T03:29:01.656525Z,KXBTC15M-26OCT042330-30,0.0130,12.28,yes
2026-10-05T03:29:01.658371Z,KXBTC15M-26OCT042330-30,0.0100,0.01,no
2026-10-05T03:29:01.71943Z,KXBTC15M-26OCT042330-30,0.0130,6.68,yes
2026-10-05T03:29:01.729775Z,KXBTC15M-26OCT042330-30,0.0100,17.57,no
2026-10-05T03:29:01.729775Z,KXBTC15M-26OCT042330-30,0.0110,85.00,no
2026-10-05T03:29:01.774111Z,KXBTC15M-26OCT042330-30,0.0130,60.35,yes
2026-10-05T03:29:01.774111Z,KXBTC15M-26OCT042330-30,0.0130,0.62,yes
2026-10-05T03:29:01.805384Z,KXBTC15M-26OCT042330-30,0.0130,0.01,yes
2026-10-05T03:29:01.805384Z,KXBTC15M-26OCT042330-30,0.0130,0.01,yes
2026-10-05T03:29:01.805384Z,KXBTC15M-26OCT042330-30,0.0130,8.00,yes
2026-10-05T03:29:01.805384Z,KXBTC15M-26OCT042330-30,0.0130,5.16,yes
2026-10-05T03:29:01.850707Z,KXBTC15M-26OCT042330-30,0.0100,7.74,no
2026-10-05T03:29:01.850707Z,KXBTC15M-26OCT042330-30,0.0100,1.11,no
2026-10-05T03:29:01.850707Z,KXBTC15M-26OCT042330-30,0.0100,5.38,no
2026-10-05T03:29:01.850707Z,KXBTC15M-26OCT042330-30,0.0100,2.25,no
2026-10-05T03:29:01.850707Z,KXBTC15M-26OCT042330-30,0.0100,808.32,no
2026-10-05T03:29:01.850707Z,KXBTC15M-26OCT042330-30,0.0110,17.00,no
2026-10-05T03:29:01.850707Z,KXBTC15M-26OCT042330-30,0.0110,0.01,no
2026-10-05T03:29:01.850707Z,KXBTC15M-26OCT042330-30,0.0110,0.01,no
2026-10-05T03:29:01.894886Z,KXBTC15M-26OCT042330-30,0.0140,0.37,yes
2026-10-05T03:29:01.894886Z,KXBTC15M-26OCT042330-30,0.0130,0.01,yes
2026-10-05T03:29:01.894886Z,KXBTC15M-26OCT042330-30,0.0130,14.00,yes
2026-10-05T03:29:01.894886Z,KXBTC15M-26OCT042330-30,0.0130,0.01,yes
2026-10-05T03:29:01.941617Z,KXBTC15M-26OCT042330-30,0.0110,0.01,no
2026-10-05T03:29:01.941617Z,KXBTC15M-26OCT042330-30,0.0110,10.98,no
2026-10-05T03:29:01.941617Z,KXBTC15M-26OCT042330-30,0.0110,0.01,no
2026-10-05T03:29:01.979417Z,KXBTC15M-26OCT042330-30,0.0130,14.00,yes
2026-10-05T03:29:01.979417Z,KXBTC15M-26OCT042330-30,0.0140,51.34,yes
2026-10-05T03:29:01.979417Z,KXBTC15M-26OCT042330-30,0.0130,10.00,yes
2026-10-05T03:29:01.979417Z,KXBTC15M-26OCT042330-30,0.0130,0.01,yes
2026-10-05T03:29:01.979417Z,KXBTC15M-26OCT042330-30,0.0130,0.01,yes
2026-10-05T03:29:01.999609Z,KXBTC15M-26OCT042330-30,0.0130,0.01,yes
2026-10-05T03:29:01.999609Z,KXBTC15M-26OCT042330-30,0.0130,14.00,yes
2026-10-05T03:29:01.999609Z,KXBTC15M-26OCT042330-30,0.0140,7.83,yes
2026-10-05T03:29:01.999609Z,KXBTC15M-26OCT042330-30,0.0130,0.01,yes
2026-10-05T03:29:02.044942Z,KXBTC15M-26OCT042330-30,0.0100,0.35,no
2026-10-05T03:29:02.044942Z,KXBTC15M-26OCT042330-30,0.0100,356.86,no
2026-10-05T03:29:02.044942Z,KXBTC15M-26OCT042330-30,0.0100,7.58,no
2026-10-05T03:29:02.044942Z,KXBTC15M-26OCT042330-30,0.0110,17.00,no
2026-10-05T03:29:02.044942Z,KXBTC15M-26OCT042330-30,0.0110,0.01,no
2026-10-05T03:29:02.044942Z,KXBTC15M-26OCT042330-30,0.0110,0.01,no
2026-10-05T03:29:02.078673Z,KXBTC15M-26OCT042330-30,0.0100,1.70,no
2026-10-05T03:29:02.078673Z,KXBTC15M-26OCT042330-30,0.0110,0.01,no
2026-10-05T03:29:02.078673Z,KXBTC15M-26OCT042330-30,0.0110,0.01,no
2026-10-05T03:29:02.079309Z,KXBTC15M-26OCT042330-30,0.0130,0.01,yes
2026-10-05T03:29:02.079309Z,KXBTC15M-26OCT042330-30,0.0130,14.00,yes
2026-10-05T03:29:02.079309Z,KXBTC15M-26OCT042330-30,0.0130,21.95,yes
2026-10-05T03:29:02.079309Z,KXBTC15M-26OCT042330-30,0.0130,0.01,yes
2026-10-05T03:29:02.115423Z,KXBTC15M-26OCT042330-30,0.0100,39.98,no
2026-10-05T03:29:02.115423Z,KXBTC15M-26OCT042330-30,0.0110,0.01,no
2026-10-05T03:29:02.115423Z,KXBTC15M-26OCT042330-30,0.0110,0.01,no
2026-10-05T03:29:02.119647Z,KXBTC15M-26OCT042330-30,0.0130,7.19,yes
2026-10-05T03:29:02.140811Z,KXBTC15M-26OCT042330-30,0.0120,134.29,yes
2026-10-05T03:29:02.168863Z,KXBTC15M-26OCT042330-30,0.0110,57.89,no
2026-10-05T03:29:02.18474Z,KXBTC15M-26OCT042330-30,0.0120,15.00,yes
2026-10-05T03:29:02.18474Z,KXBTC15M-26OCT042330-30,0.0130,2.34,yes
2026-10-05T03:29:02.18474Z,KXBTC15M-26OCT042330-30,0.0120,0.01,yes
2026-10-05T03:29:02.18474Z,KXBTC15M-26OCT042330-30,0.0120,0.01,yes
2026-10-05T03:29:02.231702Z,KXBTC15M-26OCT042330-30,0.0110,17.00,no
2026-10-05T03:29:02.231702Z,KXBTC15M-26OCT042330-30,0.0110,441.11,no
2026-10-05T03:29:02.231702Z,KXBTC15M-26OCT042330-30,0.0110,0.01,no
2026-10-05T03:29:02.231702Z,KXBTC15M-26OCT042330-30,0.0110,0.01,no
2026-10-05T03:29:02.236975Z,KXBTC15M-26OCT042330-30,0.0110,90.00,no
2026-10-05T03:29:02.247854Z,KXBTC15M-26OCT042330-30,0.0130,292.42,yes
2026-10-05T03:29:02.247854Z,KXBTC15M-26OCT042330-30,0.0120,15.00,yes
2026-10-05T03:29:02.247854Z,KXBTC15M-26OCT042330-30,0.0120,0.01,yes
2026-10-05T03:29:02.247854Z,KXBTC15M-26OCT042330-30,0.0120,0.01,yes
2026-10-05T03:29:02.261866Z,KXBTC15M-26OCT042330-30,0.0110,320.00,no
2026-10-05T03:29:02.262004Z,KXBTC15M-26OCT042330-30,0.0110,6.73,no
2026-10-05T03:29:02.264974Z,KXBTC15M-26OCT042330-30,0.0120,10.69,yes
2026-10-05T03:29:02.264974Z,KXBTC15M-26OCT042330-30,0.0120,0.01,yes
2026-10-05T03:29:02.264974Z,KXBTC15M-26OCT042330-30,0.0120,0.01,yes
2026-10-05T03:29:02.264974Z,KXBTC15M-26OCT042330-30,0.0120,24.00,yes
2026-10-05T03:29:02.276103Z,KXBTC15M-26OCT042330-30,0.0120,45.64,yes
2026-10-05T03:29:02.276103Z,KXBTC15M-26OCT042330-30,0.0120,0.01,yes
2026-10-05T03:29:02.276103Z,KXBTC15M-26OCT042330-30,0.0120,0.01,yes
2026-10-05T03:29:02.277457Z,KXBTC15M-26OCT042330-30,0.0120,0.20,yes
2026-10-05T03:29:02.280048Z,KXBTC15M-26OCT042330-30,0.0120,334.74,yes
2026-10-05T03:29:02.374017Z,KXBTC15M-26OCT042330-30,0.0120,0.01,yes
2026-10-05T03:29:02.374017Z,KXBTC15M-26OCT042330-30,0.0130,104.04,yes
2026-10-05T03:29:02.374017Z,KXBTC15M-26OCT042330-30,0.0120,15.00,yes
2026-10-05T03:29:02.374017Z,KXBTC15M-26OCT042330-30,0.0120,0.01,yes
2026-10-05T03:29:02.41797Z,KXBTC15M-26OCT042330-30,0.0110,0.01,no
2026-10-05T03:29:02.41797Z,KXBTC15M-26OCT042330-30,0.0110,9.00,no
2026-10-05T03:29:02.41797Z,KXBTC15M-26OCT042330-30,0.0110,0.01,no
2026-10-05T03:29:02.474222Z,KXBTC15M-26OCT042330-30,0.0120,0.01,yes
2026-10-05T03:29:02.474222Z,KXBTC15M-26OCT042330-30,0.0120,0.01,yes
2026-10-05T03:29:02.474222Z,KXBTC15M-26OCT042330-30,0.0130,344.04,yes
2026-10-05T03:29:02.474222Z,KXBTC15M-26OCT042330-30,0.0120,15.00,yes
2026-10-05T03:29:02.486608Z,KXBTC15M-26OCT042330-30,0.0100,46.59,no
2026-10-05T03:29:02.486608Z,KXBTC15M-26OCT042330-30,0.0100,69.80,no
2026-10-05T03:29:02.486608Z,KXBTC15M-26OCT042330-30,0.0110,0.01,no
2026-10-05T03:29:02.486608Z,KXBTC15M-26OCT042330-30,0.0110,0.01,no
2026-10-05T03:29:02.486608Z,KXBTC15M-26OCT042330-30,0.0110,17.00,no
2026-10-05T03:29:02.569915Z,KXBTC15M-26OCT042330-30,0.0110,0.99,no
2026-10-05T03:29:02.569915Z,KXBTC15M-26OCT042330-30,0.0110,0.01,no
2026-10-05T03:29:02.569915Z,KXBTC15M-26OCT042330-30,0.0110,0.01,no
2026-10-05T03:29:02.689062Z,KXBTC15M-26OCT042330-30,0.0100,47.69,no
2026-10-05T03:29:02.689062Z,KXBTC15M-26OCT042330-30,0.0110,0.01,no
2026-10-05T03:29:02.689062Z,KXBTC15M-26OCT042330-30,0.0110,0.01,no
2026-10-05T03:29:02.689062Z,KXBTC15M-26OCT042330-30,0.0110,17.00,no
2026-10-05T03:29:02.69888Z,KXBTC15M-26OCT042330-30,0.0100,14.99,no
2026-10-05T03:29:02.69888Z,KXBTC15M-26OCT042330-30,0.0110,0.01,no
2026-10-05T03:29:02.79875Z,KXBTC15M-26OCT042330-30,0.0120,0.01,yes
2026-10-05T03:29:02.79875Z,KXBTC15M-26OCT042330-30,0.0120,0.01,yes
2026-10-05T03:29:02.79875Z,KXBTC15M-26OCT042330-30,0.0130,89.65,yes
2026-10-05T03:29:02.79875Z,KXBTC15M-26OCT042330-30,0.0120,8.00,yes
2026-10-05T03:29:02.79875Z,KXBTC15M-26OCT042330-30,0.0120,15.00,yes
2026-10-05T03:29:02.79875Z,KXBTC15M-26OCT042330-30,0.0120,0.01,yes
2026-10-05T03:29:02.80128Z,KXBTC15M-26OCT042330-30,0.0110,0.01,no
2026-10-05T03:29:02.80128Z,KXBTC15M-26OCT042330-30,0.0110,17.00,no
2026-10-05T03:29:02.80128Z,KXBTC15M-26OCT042330-30,0.0110,0.01,no
2026-10-05T03:29:02.81451Z,KXBTC15M-26OCT042330-30,0.0130,71.25,yes
2026-10-05T03:29:02.879578Z,KXBTC15M-26OCT042330-30,0.0110,0.01,no
2026-10-05T03:29:02.879578Z,KXBTC15M-26OCT042330-30,0.0110,0.01,no
2026-10-05T03:29:02.93879Z,KXBTC15M-26OCT042330-30,0.0120,0.01,yes
2026-10-05T03:29:02.93879Z,KXBTC15M-26OCT042330-30,0.0130,15.07,yes
2026-10-05T03:29:02.93879Z,KXBTC15M-26OCT042330-30,0.0120,0.01,yes
2026-10-05T03:29:02.93879Z,KXBTC15M-26OCT042330-30,0.0120,10.00,yes
2026-10-05T03:29:03.000691Z,KXBTC15M-26OCT042330-30,0.0130,215.13,yes
2026-10-05T03:29:03.000691Z,KXBTC15M-26OCT042330-30,0.0120,0.01,yes
2026-10-05T03:29:03.000691Z,KXBTC15M-26OCT042330-30,0.0120,0.01,yes
2026-10-05T03:29:03.031832Z,KXBTC15M-26OCT042330-30,0.0100,25.00,no
2026-10-05T03:29:03.048907Z,KXBTC15M-26OCT042330-30,0.0100,19.78,no
2026-10-05T03:29:03.061269Z,KXBTC15M-26OCT042330-30,0.0120,10.00,yes
2026-10-05T03:29:03.061269Z,KXBTC15M-26OCT042330-30,0.0120,0.01,yes
2026-10-05T03:29:03.061269Z,KXBTC15M-26OCT042330-30,0.0120,0.01,yes
2026-10-05T03:29:03.061269Z,KXBTC15M-26OCT042330-30,0.0130,3.22,yes
2026-10-05T03:29:03.074698Z,KXBTC15M-26OCT042330-30,0.0120,0.01,yes
2026-10-05T03:29:03.074698Z,KXBTC15M-26OCT042330-30,0.0120,0.01,yes
2026-10-05T03:29:03.074698Z,KXBTC15M-26OCT042330-30,0.0130,3.19,yes
2026-10-05T03:29:03.089779Z,KXBTC15M-26OCT042330-30,0.0100,0.01,no
2026-10-05T03:29:03.089779Z,KXBTC15M-26OCT042330-30,0.0100,126.26,no
2026-10-05T03:29:03.089779Z,KXBTC15M-26OCT042330-30,0.0100,0.86,no
2026-10-05T03:29:03.089779Z,KXBTC15M-26OCT042330-30,0.0100,400.00,no
2026-10-05T03:29:03.089779Z,KXBTC15M-26OCT042330-30,0.0100,0.12,no
2026-10-05T03:29:03.089779Z,KXBTC15M-26OCT042330-30,0.0100,2.46,no
2026-10-05T03:29:03.089779Z,KXBTC15M-26OCT042330-30,0.0100,30.10,no
2026-10-05T03:29:03.089779Z,KXBTC15M-26OCT042330-30,0.0100,6.81,no
2026-10-05T03:29:03.089779Z,KXBTC15M-26OCT042330-30,0.0100,10.00,no
2026-10-05T03:29:03.089779Z,KXBTC15M-26OCT042330-30,0.0100,0.61,no
2026-10-05T03:29:03.089779Z,KXBTC15M-26OCT042330-30,0.0100,23.33,no
2026-10-05T03:29:03.089779Z,KXBTC15M-26OCT042330-30,0.0100,30.81,no
2026-10-05T03:29:03.089779Z,KXBTC15M-26OCT042330-30,0.0100,11.90,no
2026-10-05T03:29:03.089779Z,KXBTC15M-26OCT042330-30,0.0100,94.18,no
2026-10-05T03:29:03.089779Z,KXBTC15M-26OCT042330-30,0.0100,0.01,no
2026-10-05T03:29:03.089779Z,KXBTC15M-26OCT042330-30,0.0100,70.63,no
2026-10-05T03:29:03.089779Z,KXBTC15M-26OCT042330-30,0.0100,0.12,no
2026-10-05T03:29:03.089779Z,KXBTC15M-26OCT042330-30,0.0100,1.16,no
2026-10-05T03:29:03.089779Z,KXBTC15M-26OCT042330-30,0.0100,60.20,no
2026-10-05T03:29:03.089779Z,KXBTC15M-26OCT042330-30,0.0100,6.09,no
2026-10-05T03:29:03.089779Z,KXBTC15M-26OCT042330-30,0.0100,61.81,no
2026-10-05T03:29:03.089779Z,KXBTC15M-26OCT042330-30,0.0100,6.99,no
2026-10-05T03:29:03.089779Z,KXBTC15M-26OCT042330-30,0.0100,5.00,no
2026-10-05T03:29:03.089779Z,KXBTC15M-26OCT042330-30,0.0100,1.13,no
2026-10-05T03:29:03.089779Z,KXBTC15M-26OCT042330-30,0.0100,60.85,no
2026-10-05T03:29:03.089779Z,KXBTC15M-26OCT042330-30,0.0100,0.01,no
2026-10-05T03:29:03.089779Z,KXBTC15M-26OCT042330-30,0.0100,0.01,no
2026-10-05T03:29:03.089779Z,KXBTC15M-26OCT042330-30,0.0100,3.07,no
2026-10-05T03:29:03.089779Z,KXBTC15M-26OCT042330-30,0.0100,650.00,no
2026-10-05T03:29:03.089779Z,KXBTC15M-26OCT042330-30,0.0100,15.00,no
2026-10-05T03:29:03.089779Z,KXBTC15M-26OCT042330-30,0.0100,15.00,no
2026-10-05T03:29:03.089779Z,KXBTC15M-26OCT042330-30,0.0100,5.26,no
2026-10-05T03:29:03.089779Z,KXBTC15M-26OCT042330-30,0.0100,133.46,no
2026-10-05T03:29:03.089779Z,KXBTC15M-26OCT042330-30,0.0100,2.00,no
2026-10-05T03:29:03.089779Z,KXBTC15M-26OCT042330-30,0.0100,200.00,no
2026-10-05T03:29:03.089779Z,KXBTC15M-26OCT042330-30,0.0100,500.00,no
2026-10-05T03:29:03.089779Z,KXBTC15M-26OCT042330-30,0.0100,9.00,no
2026-10-05T03:29:03.089779Z,KXBTC15M-26OCT042330-30,0.0100,50.00,no
2026-10-05T03:29:03.089779Z,KXBTC15M-26OCT042330-30,0.0100,3.30,no
2026-10-05T03:29:03.089779Z,KXBTC15M-26OCT042330-30,0.0100,5.42,no
2026-10-05T03:29:03.089779Z,KXBTC15M-26OCT042330-30,0.0100,24.94,no
2026-10-05T03:29:03.089779Z,KXBTC15M-26OCT042330-30,0.0100,24.35,no
2026-10-05T03:29:03.089779Z,KXBTC15M-26OCT042330-30,0.0100,5.88,no
2026-10-05T03:29:03.089779Z,KXBTC15M-26OCT042330-30,0.0100,7.31,no
2026-10-05T03:29:03.089779Z,KXBTC15M-26OCT042330-30,0.0100,47.09,no
2026-10-05T03:29:03.089779Z,KXBTC15M-26OCT042330-30,0.0100,23.54,no
2026-10-05T03:29:03.089779Z,KXBTC15M-26OCT042330-30,0.0100,235.45,no
2026-10-05T03:29:03.089779Z,KXBTC15M-26OCT042330-30,0.0100,28.47,no
2026-10-05T03:29:03.114919Z,KXBTC15M-26OCT042330-30,0.0100,29.68,no
2026-10-05T03:29:03.174362Z,KXBTC15M-26OCT042330-30,0.0110,19.40,yes
2026-10-05T03:29:03.174362Z,KXBTC15M-26OCT042330-30,0.0110,0.01,yes
2026-10-05T03:29:03.174362Z,KXBTC15M-26OCT042330-30,0.0110,18.00,yes
2026-10-05T03:29:03.174362Z,KXBTC15M-26OCT042330-30,0.0110,0.01,yes
2026-10-05T03:29:03.280317Z,KXBTC15M-26OCT042330-30,0.0100,1.95,no
2026-10-05T03:29:03.280317Z,KXBTC15M-26OCT042330-30,0.0100,0.01,no
2026-10-05T03:29:03.280317Z,KXBTC15M-26OCT042330-30,0.0100,0.01,no
2026-10-05T03:29:03.287469Z,KXBTC15M-26OCT042330-30,0.0100,48.05,no
2026-10-05T03:29:03.287469Z,KXBTC15M-26OCT042330-30,0.0100,178.97,no
2026-10-05T03:29:03.348397Z,KXBTC15M-26OCT042330-30,0.0110,31.39,yes
2026-10-05T03:29:03.390135Z,KXBTC15M-26OCT042330-30,0.0100,5.25,no
2026-10-05T03:29:03.396791Z,KXBTC15M-26OCT042330-30,0.0100,17.69,no
2026-10-05T03:29:03.493421Z,KXBTC15M-26OCT042330-30,0.0110,0.01,yes
2026-10-05T03:29:03.493421Z,KXBTC15M-26OCT042330-30,0.0120,0.01,yes
2026-10-05T03:29:03.493421Z,KXBTC15M-26OCT042330-30,0.0120,10.00,yes
2026-10-05T03:29:03.493421Z,KXBTC15M-26OCT042330-30,0.0110,0.01,yes
2026-10-05T03:29:03.493421Z,KXBTC15M-26OCT042330-30,0.0120,442.29,yes
2026-10-05T03:29:03.493421Z,KXBTC15M-26OCT042330-30,0.0110,0.01,yes
2026-10-05T03:29:03.493421Z,KXBTC15M-26OCT042330-30,0.0110,69.21,yes
2026-10-05T03:29:03.493421Z,KXBTC15M-26OCT042330-30,0.0120,3.00,yes
2026-10-05T03:29:03.521709Z,KXBTC15M-26OCT042330-30,0.0100,0.01,no
2026-10-05T03:29:03.580023Z,KXBTC15M-26OCT042330-30,0.0110,0.01,yes
2026-10-05T03:29:03.580023Z,KXBTC15M-26OCT042330-30,0.0120,101.00,yes
2026-10-05T03:29:03.580023Z,KXBTC15M-26OCT042330-30,0.0110,0.01,yes
2026-10-05T03:29:03.580023Z,KXBTC15M-26OCT042330-30,0.0130,37.10,yes
2026-10-05T03:29:03.580023Z,KXBTC15M-26OCT042330-30,0.0130,0.01,yes
2026-10-05T03:29:03.587153Z,KXBTC15M-26OCT042330-30,0.0100,0.01,no
2026-10-05T03:29:03.587153Z,KXBTC15M-26OCT042330-30,0.0100,50.00,no
2026-10-05T03:29:03.587153Z,KXBTC15M-26OCT042330-30,0.0100,0.01,no
2026-10-05T03:29:03.620037Z,KXBTC15M-26OCT042330-30,0.0100,85.02,yes
2026-10-05T03:29:03.63944Z,KXBTC15M-26OCT042330-30,0.0090,0.01,no
2026-10-05T03:29:03.63944Z,KXBTC15M-26OCT042330-30,0.0090,93.92,no
2026-10-05T03:29:03.63944Z,KXBTC15M-26OCT042330-30,0.0090,0.01,no
2026-10-05T03:29:03.63944Z,KXBTC15M-26OCT042330-30,0.0090,18.00,no
2026-10-05T03:29:03.63944Z,KXBTC15M-26OCT042330-30,0.0090,120.00,no
2026-10-05T03:29:03.658842Z,KXBTC15M-26OCT042330-30,0.0100,0.01,yes
2026-10-05T03:29:03.658842Z,KXBTC15M-26OCT042330-30,0.0100,0.01,yes
2026-10-05T03:29:03.658842Z,KXBTC15M-26OCT042330-30,0.0100,4.96,yes
2026-10-05T03:29:03.658842Z,KXBTC15M-26OCT042330-30,0.0100,50.00,yes
2026-10-05T03:29:03.658842Z,KXBTC15M-26OCT042330-30,0.0100,30.04,yes
2026-10-05T03:29:03.733519Z,KXBTC15M-26OCT042330-30,0.0100,6.00,yes
2026-10-05T03:29:03.746675Z,KXBTC15M-26OCT042330-30,0.0090,504.02,no
2026-10-05T03:29:03.795084Z,KXBTC15M-26OCT042330-30,0.0100,30.00,yes
2026-10-05T03:29:03.823423Z,KXBTC15M-26OCT042330-30,0.0100,43.04,yes
2026-10-05T03:29:03.823423Z,KXBTC15M-26OCT042330-30,0.0100,53.96,yes
2026-10-05T03:29:03.893725Z,KXBTC15M-26OCT042330-30,0.0100,6.96,yes
2026-10-05T03:29:03.893725Z,KXBTC15M-26OCT042330-30,0.0100,0.01,yes
2026-10-05T03:29:03.893725Z,KXBTC15M-26OCT042330-30,0.0100,0.01,yes
2026-10-05T03:29:03.893725Z,KXBTC15M-26OCT042330-30,0.0100,0.01,yes
2026-10-05T03:29:03.919959Z,KXBTC15M-26OCT042330-30,0.0090,104.73,no
2026-10-05T03:29:03.993564Z,KXBTC15M-26OCT042330-30,0.0090,0.01,no
2026-10-05T03:29:03.993564Z,KXBTC15M-26OCT042330-30,0.0090,0.01,no
2026-10-05T03:29:03.993564Z,KXBTC15M-26OCT042330-30,0.0090,9.00,no
2026-10-05T03:29:04.025521Z,KXBTC15M-26OCT042330-30,0.0090,18.00,no
2026-10-05T03:29:04.025521Z,KXBTC15M-26OCT042330-30,0.0090,0.01,no
2026-10-05T03:29:04.025521Z,KXBTC15M-26OCT042330-30,0.0090,0.01,no
2026-10-05T03:29:04.025521Z,KXBTC15M-26OCT042330-30,0.0080,13.98,no
2026-10-05T03:29:04.069452Z,KXBTC15M-26OCT042330-30,0.0080,2.00,no
2026-10-05T03:29:04.069452Z,KXBTC15M-26OCT042330-30,0.0090,18.00,no
2026-10-05T03:29:04.069452Z,KXBTC15M-26OCT042330-30,0.0090,0.01,no
2026-10-05T03:29:04.069452Z,KXBTC15M-26OCT042330-30,0.0090,0.01,no
2026-10-05T03:29:04.069452Z,KXBTC15M-26OCT042330-30,0.0080,106.02,no
2026-10-05T03:29:04.099144Z,KXBTC15M-26OCT042330-30,0.0080,64.89,no
2026-10-05T03:29:04.118784Z,KXBTC15M-26OCT042330-30,0.0080,46.97,no
2026-10-05T03:29:04.152039Z,KXBTC15M-26OCT042330-30,0.0080,18.75,no
2026-10-05T03:29:04.185812Z,KXBTC15M-26OCT042330-30,0.0090,0.01,yes
2026-10-05T03:29:04.185812Z,KXBTC15M-26OCT042330-30,0.0090,0.01,yes
2026-10-05T03:29:04.185812Z,KXBTC15M-26OCT042330-30,0.0090,13.98,yes
2026-10-05T03:29:04.185812Z,KXBTC15M-26OCT042330-30,0.0090,106.02,yes
2026-10-05T03:29:04.215017Z,KXBTC15M-26OCT042330-30,0.0090,0.01,yes
2026-10-05T03:29:04.215017Z,KXBTC15M-26OCT042330-30,0.0110,57.97,yes
2026-10-05T03:29:04.215017Z,KXBTC15M-26OCT042330-30,0.0090,0.01,yes
2026-10-05T03:29:04.215017Z,KXBTC15M-26OCT042330-30,0.0100,50.00,yes
2026-10-05T03:29:04.215017Z,KXBTC15M-26OCT042330-30,0.0110,0.01,yes
2026-10-05T03:29:04.220598Z,KXBTC15M-26OCT042330-30,0.0080,4.69,no
2026-10-05T03:29:04.26076Z,KXBTC15M-26OCT042330-30,0.0100,4.65,yes
2026-10-05T03:29:04.26076Z,KXBTC15M-26OCT042330-30,0.0090,0.01,yes
2026-10-05T03:29:04.26076Z,KXBTC15M-26OCT042330-30,0.0090,0.01,yes
2026-10-05T03:29:04.267067Z,KXBTC15M-26OCT042330-30,0.0080,17.00,no
2026-10-05T03:29:04.267067Z,KXBTC15M-26OCT042330-30,0.0080,0.01,no
2026-10-05T03:29:04.267067Z,KXBTC15M-26OCT042330-30,0.0080,0.01,no
2026-10-05T03:29:04.267067Z,KXBTC15M-26OCT042330-30,0.0070,1280.00,no
2026-10-05T03:29:04.267067Z,KXBTC15M-26OCT042330-30,0.0070,1280.00,no
2026-10-05T03:29:04.267067Z,KXBTC15M-26OCT042330-30,0.0070,81.17,no
2026-10-05T03:29:04.290678Z,KXBTC15M-26OCT042330-30,0.0070,2500.00,no
2026-10-05T03:29:04.290678Z,KXBTC15M-26OCT042330-30,0.0070,0.01,no
2026-10-05T03:29:04.290678Z,KXBTC15M-26OCT042330-30,0.0070,0.01,no
2026-10-05T03:29:04.290678Z,KXBTC15M-26OCT042330-30,0.0070,15.00,no
2026-10-05T03:29:04.290678Z,KXBTC15M-26OCT042330-30,0.0070,2.00,no
2026-10-05T03:29:04.290678Z,KXBTC15M-26OCT042330-30,0.0070,49.00,no
2026-10-05T03:29:04.290678Z,KXBTC15M-26OCT042330-30,0.0070,1280.00,no
2026-10-05T03:29:04.290678Z,KXBTC15M-26OCT042330-30,0.0070,120.00,no
2026-10-05T03:29:04.290678Z,KXBTC15M-26OCT042330-30,0.0070,1198.83,no
2026-10-05T03:29:04.293559Z,KXBTC15M-26OCT042330-30,0.0070,96.82,yes
2026-10-05T03:29:04.300518Z,KXBTC15M-26OCT042330-30,0.0060,78.00,no
2026-10-05T03:29:04.306047Z,KXBTC15M-26OCT042330-30,0.0070,163.65,yes
2026-10-05T03:29:04.339023Z,KXBTC15M-26OCT042330-30,0.0070,46.75,yes
2026-10-05T03:29:04.354694Z,KXBTC15M-26OCT042330-30,0.0060,33.52,no
2026-10-05T03:29:04.45922Z,KXBTC15M-26OCT042330-30,0.0070,12.11,yes
2026-10-05T03:29:04.45922Z,KXBTC15M-26OCT042330-30,0.0070,176.93,yes
2026-10-05T03:29:04.45922Z,KXBTC15M-26OCT042330-30,0.0070,0.01,yes
2026-10-05T03:29:04.45922Z,KXBTC15M-26OCT042330-30,0.0070,0.01,yes
2026-10-05T03:29:04.45922Z,KXBTC15M-26OCT042330-30,0.0070,78.00,yes
2026-10-05T03:29:04.45922Z,KXBTC15M-26OCT042330-30,0.0070,33.00,yes
2026-10-05T03:29:04.45922Z,KXBTC15M-26OCT042330-30,0.0070,40.00,yes
2026-10-05T03:29:04.45922Z,KXBTC15M-26OCT042330-30,0.0070,16.00,yes
2026-10-05T03:29:04.480658Z,KXBTC15M-26OCT042330-30,0.0070,21.41,yes
2026-10-05T03:29:04.480658Z,KXBTC15M-26OCT042330-30,0.0070,0.01,yes
2026-10-05T03:29:04.480658Z,KXBTC15M-26OCT042330-30,0.0070,0.01,yes
2026-10-05T03:29:04.480658Z,KXBTC15M-26OCT042330-30,0.0070,45.60,yes
2026-10-05T03:29:04.480658Z,KXBTC15M-26OCT042330-30,0.0070,52.51,yes
2026-10-05T03:29:04.480658Z,KXBTC15M-26OCT042330-30,0.0070,8.00,yes
2026-10-05T03:29:04.480658Z,KXBTC15M-26OCT042330-30,0.0070,25.00,yes
2026-10-05T03:29:04.480658Z,KXBTC15M-26OCT042330-30,0.0070,62.00,yes
2026-10-05T03:29:04.480658Z,KXBTC15M-26OCT042330-30,0.0070,20.00,yes
2026-10-05T03:29:04.561174Z,KXBTC15M-26OCT042330-30,0.0070,0.01,yes
2026-10-05T03:29:04.561174Z,KXBTC15M-26OCT042330-30,0.0070,0.01,yes
2026-10-05T03:29:04.561174Z,KXBTC15M-26OCT042330-30,0.0070,0.52,yes
2026-10-05T03:29:04.599657Z,KXBTC15M-26OCT042330-30,0.0070,65.48,yes
2026-10-05T03:29:04.599657Z,KXBTC15M-26OCT042330-30,0.0070,11.42,yes
2026-10-05T03:29:04.609848Z,KXBTC15M-26OCT042330-30,0.0070,82.46,yes
2026-10-05T03:29:04.616072Z,KXBTC15M-26OCT042330-30,0.0070,1.00,yes
2026-10-05T03:29:04.635165Z,KXBTC15M-26OCT042330-30,0.0070,95.00,yes
2026-10-05T03:29:04.639763Z,KXBTC15M-26OCT042330-30,0.0070,150.00,yes
2026-10-05T03:29:04.669519Z,KXBTC15M-26OCT042330-30,0.0070,51.93,yes
2026-10-05T03:29:04.690026Z,KXBTC15M-26OCT042330-30,0.0070,37.19,yes
2026-10-05T03:29:04.690026Z,KXBTC15M-26OCT042330-30,0.0070,8.65,yes
2026-10-05T03:29:04.690234Z,KXBTC15M-26OCT042330-30,0.0060,1.25,no
2026-10-05T03:29:04.712998Z,KXBTC15M-26OCT042330-30,0.0060,33.00,no
2026-10-05T03:29:04.72582Z,KXBTC15M-26OCT042330-30,0.0060,15.16,no
2026-10-05T03:29:04.748215Z,KXBTC15M-26OCT042330-30,0.0070,122.95,yes
2026-10-05T03:29:04.766214Z,KXBTC15M-26OCT042330-30,0.0070,33.00,yes
2026-10-05T03:29:04.766214Z,KXBTC15M-26OCT042330-30,0.0070,0.01,yes
2026-10-05T03:29:04.766214Z,KXBTC15M-26OCT042330-30,0.0070,15.16,yes
2026-10-05T03:29:04.766214Z,KXBTC15M-26OCT042330-30,0.0070,0.01,yes
2026-10-05T03:29:04.766214Z,KXBTC15M-26OCT042330-30,0.0070,1.25,yes
2026-10-05T03:29:04.766214Z,KXBTC15M-26OCT042330-30,0.0070,33.00,yes
2026-10-05T03:29:04.766214Z,KXBTC15M-26OCT042330-30,0.0070,33.40,yes
2026-10-05T03:29:04.766214Z,KXBTC15M-26OCT042330-30,0.0070,82.00,yes
2026-10-05T03:29:04.766214Z,KXBTC15M-26OCT042330-30,0.0070,33.00,yes
2026-10-05T03:29:04.766659Z,KXBTC15M-26OCT042330-30,0.0080,170.70,yes
2026-10-05T03:29:04.830922Z,KXBTC15M-26OCT042330-30,0.0070,0.01,yes
2026-10-05T03:29:04.830922Z,KXBTC15M-26OCT042330-30,0.0070,0.01,yes
2026-10-05T03:29:04.830922Z,KXBTC15M-26OCT042330-30,0.0080,10.13,yes
2026-10-05T03:29:04.896006Z,KXBTC15M-26OCT042330-30,0.0080,269.17,yes
2026-10-05T03:29:04.965736Z,KXBTC15M-26OCT042330-30,0.0060,9.96,no
2026-10-05T03:29:04.968745Z,KXBTC15M-26OCT042330-30,0.0060,244.44,no
2026-10-05T03:29:04.968745Z,KXBTC15M-26OCT042330-30,0.0060,1109.11,no
2026-10-05T03:29:04.975708Z,KXBTC15M-26OCT042330-30,0.0080,81.17,yes
2026-10-05T03:29:04.975708Z,KXBTC15M-26OCT042330-30,0.0080,1280.00,yes
2026-10-05T03:29:04.975708Z,KXBTC15M-26OCT042330-30,0.0080,720.65,yes
2026-10-05T03:29:04.975708Z,KXBTC15M-26OCT042330-30,0.0080,830.00,yes
2026-10-05T03:29:05.029114Z,KXBTC15M-26OCT042330-30,0.0070,1.00,yes
2026-10-05T03:29:05.048239Z,KXBTC15M-26OCT042330-30,0.0070,9.96,yes
2026-10-05T03:29:05.048239Z,KXBTC15M-26OCT042330-30,0.0070,244.44,yes
2026-10-05T03:29:05.048239Z,KXBTC15M-26OCT042330-30,0.0070,411.46,yes
2026-10-05T03:29:05.08697Z,KXBTC15M-26OCT042330-30,0.0070,1.00,yes
2026-10-05T03:29:05.098073Z,KXBTC15M-26OCT042330-30,0.0060,18.10,no
2026-10-05T03:29:05.115785Z,KXBTC15M-26OCT042330-30,0.0070,475.29,yes
2026-10-05T03:29:05.144047Z,KXBTC15M-26OCT042330-30,0.0070,12.18,yes
2026-10-05T03:29:05.155927Z,KXBTC15M-26OCT042330-30,0.0080,559.35,yes
2026-10-05T03:29:05.155927Z,KXBTC15M-26OCT042330-30,0.0080,258.69,yes
2026-10-05T03:29:05.155927Z,KXBTC15M-26OCT042330-30,0.0080,120.00,yes
2026-10-05T03:29:05.155927Z,KXBTC15M-26OCT042330-30,0.0070,18.10,yes
2026-10-05T03:29:05.155927Z,KXBTC15M-26OCT042330-30,0.0070,0.01,yes
2026-10-05T03:29:05.155927Z,KXBTC15M-26OCT042330-30,0.0070,209.18,yes
2026-10-05T03:29:05.171662Z,KXBTC15M-26OCT042330-30,0.0060,76.31,no
2026-10-05T03:29:05.227718Z,KXBTC15M-26OCT042330-30,0.0070,76.31,yes
2026-10-05T03:29:05.236543Z,KXBTC15M-26OCT042330-30,0.0080,343.64,yes
2026-10-05T03:29:05.257075Z,KXBTC15M-26OCT042330-30,0.0080,116.88,yes
2026-10-05T03:29:05.275278Z,KXBTC15M-26OCT042330-30,0.0060,1.11,no
2026-10-05T03:29:05.315366Z,KXBTC15M-26OCT042330-30,0.0080,115.77,yes
2026-10-05T03:29:05.315366Z,KXBTC15M-26OCT042330-30,0.0070,1.11,yes
2026-10-05T03:29:05.316798Z,KXBTC15M-26OCT042330-30,0.0060,5.02,no
2026-10-05T03:29:05.359436Z,KXBTC15M-26OCT042330-30,0.0080,363.85,yes
2026-10-05T03:29:05.359436Z,KXBTC15M-26OCT042330-30,0.0080,0.02,yes
2026-10-05T03:29:05.359436Z,KXBTC15M-26OCT042330-30,0.0070,0.01,yes
2026-10-05T03:29:05.359436Z,KXBTC15M-26OCT042330-30,0.0080,24.79,yes
2026-10-05T03:29:05.359436Z,KXBTC15M-26OCT042330-30,0.0070,5.02,yes
2026-10-05T03:29:05.359436Z,KXBTC15M-26OCT042330-30,0.0070,30.00,yes
2026-10-05T03:29:05.36143Z,KXBTC15M-26OCT042330-30,0.0080,400.00,yes
2026-10-05T03:29:05.369603Z,KXBTC15M-26OCT042330-30,0.0080,2.00,yes
2026-10-05T03:29:05.393344Z,KXBTC15M-26OCT042330-30,0.0060,251.39,no
2026-10-05T03:29:05.440484Z,KXBTC15M-26OCT042330-30,0.0070,5.02,no
2026-10-05T03:29:05.44493Z,KXBTC15M-26OCT042330-30,0.0080,116.88,yes
2026-10-05T03:29:05.447581Z,KXBTC15M-26OCT042330-30,0.0070,638.82,no
2026-10-05T03:29:05.486266Z,KXBTC15M-26OCT042330-30,0.0070,2.63,no
2026-10-05T03:29:05.521013Z,KXBTC15M-26OCT042330-30,0.0070,7.70,no
2026-10-05T03:29:05.521013Z,KXBTC15M-26OCT042330-30,0.0070,0.01,no
2026-10-05T03:29:05.521013Z,KXBTC15M-26OCT042330-30,0.0070,0.01,no
2026-10-05T03:29:05.534648Z,KXBTC15M-26OCT042330-30,0.0090,10.00,yes
2026-10-05T03:29:05.534648Z,KXBTC15M-26OCT042330-30,0.0100,17.14,yes
2026-10-05T03:29:05.534648Z,KXBTC15M-26OCT042330-30,0.0090,0.01,yes
2026-10-05T03:29:05.534648Z,KXBTC15M-26OCT042330-30,0.0080,0.01,yes
2026-10-05T03:29:05.534648Z,KXBTC15M-26OCT042330-30,0.0080,0.01,yes
2026-10-05T03:29:05.534648Z,KXBTC15M-26OCT042330-30,0.0080,134.51,yes
2026-10-05T03:29:05.536984Z,KXBTC15M-26OCT042330-30,0.0070,0.14,no
2026-10-05T03:29:05.55359Z,KXBTC15M-26OCT042330-30,0.0100,0.01,yes
2026-10-05T03:29:05.55359Z,KXBTC15M-26OCT042330-30,0.0100,1.13,yes
2026-10-05T03:29:05.55359Z,KXBTC15M-26OCT042330-30,0.0080,0.02,yes
2026-10-05T03:29:05.563384Z,KXBTC15M-26OCT042330-30,0.0070,7.16,no
2026-10-05T03:29:05.563384Z,KXBTC15M-26OCT042330-30,0.0070,24.61,no
2026-10-05T03:29:05.574305Z,KXBTC15M-26OCT042330-30,0.0100,11.27,yes
2026-10-05T03:29:05.578288Z,KXBTC15M-26OCT042330-30,0.0070,24.66,no
2026-10-05T03:29:05.624383Z,KXBTC15M-26OCT042330-30,0.0070,8.94,no
2026-10-05T03:29:05.658674Z,KXBTC15M-26OCT042330-30,0.0070,36.68,no
2026-10-05T03:29:05.682169Z,KXBTC15M-26OCT042330-30,0.0070,49.80,no
2026-10-05T03:29:05.692024Z,KXBTC15M-26OCT042330-30,0.0070,0.01,no
2026-10-05T03:29:05.692024Z,KXBTC15M-26OCT042330-30,0.0070,55.31,no
2026-10-05T03:29:05.692024Z,KXBTC15M-26OCT042330-30,0.0070,7.70,no
2026-10-05T03:29:05.692024Z,KXBTC15M-26OCT042330-30,0.0070,0.01,no
2026-10-05T03:29:05.692024Z,KXBTC15M-26OCT042330-30,0.0070,7.16,no
2026-10-05T03:29:05.692024Z,KXBTC15M-26OCT042330-30,0.0070,0.14,no
2026-10-05T03:29:05.692024Z,KXBTC15M-26OCT042330-30,0.0060,385.40,no
2026-10-05T03:29:05.7179Z,KXBTC15M-26OCT042330-30,0.0100,2.54,yes
2026-10-05T03:29:05.7179Z,KXBTC15M-26OCT042330-30,0.0080,100.00,yes
2026-10-05T03:29:05.7179Z,KXBTC15M-26OCT042330-30,0.0090,12.00,yes
2026-10-05T03:29:05.731Z,KXBTC15M-26OCT042330-30,0.0070,0.01,no
2026-10-05T03:29:05.731Z,KXBTC15M-26OCT042330-30,0.0070,0.01,no
2026-10-05T03:29:05.731Z,KXBTC15M-26OCT042330-30,0.0070,15.00,no
2026-10-05T03:29:05.731Z,KXBTC15M-26OCT042330-30,0.0070,100.00,no
2026-10-05T03:29:05.731Z,KXBTC15M-26OCT042330-30,0.0060,336.75,no
2026-10-05T03:29:05.731Z,KXBTC15M-26OCT042330-30,0.0060,298.23,no
2026-10-05T03:29:05.731Z,KXBTC15M-26OCT042330-30,0.0060,50.00,no
2026-10-05T03:29:05.738717Z,KXBTC15M-26OCT042330-30,0.0060,250.00,no
2026-10-05T03:29:05.753951Z,KXBTC15M-26OCT042330-30,0.0060,250.00,no
2026-10-05T03:29:05.755251Z,KXBTC15M-26OCT042330-30,0.0070,50.00,yes
2026-10-05T03:29:05.755251Z,KXBTC15M-26OCT042330-30,0.0080,50.00,yes
2026-10-05T03:29:05.756475Z,KXBTC15M-26OCT042330-30,0.0060,11.99,no
2026-10-05T03:29:05.761674Z,KXBTC15M-26OCT042330-30,0.0060,10.00,no
2026-10-05T03:29:05.851036Z,KXBTC15M-26OCT042330-30,0.0070,204.77,yes
2026-10-05T03:29:05.863642Z,KXBTC15M-26OCT042330-30,0.0070,204.02,yes
2026-10-05T03:29:05.863642Z,KXBTC15M-26OCT042330-30,0.0070,131.98,yes
2026-10-05T03:29:05.874995Z,KXBTC15M-26OCT042330-30,0.0060,3.65,no
2026-10-05T03:29:05.899609Z,KXBTC15M-26OCT042330-30,0.0060,8.72,no
2026-10-05T03:29:05.919103Z,KXBTC15M-26OCT042330-30,0.0060,20.11,no
2026-10-05T03:29:05.937813Z,KXBTC15M-26OCT042330-30,0.0060,11.80,no
2026-10-05T03:29:05.96617Z,KXBTC15M-26OCT042330-30,0.0070,45.98,yes
2026-10-05T03:29:05.96617Z,KXBTC15M-26OCT042330-30,0.0070,126.92,yes
2026-10-05T03:29:06.003649Z,KXBTC15M-26OCT042330-30,0.0070,10.00,yes
2026-10-05T03:29:06.003649Z,KXBTC15M-26OCT042330-30,0.0070,123.08,yes
2026-10-05T03:29:06.003649Z,KXBTC15M-26OCT042330-30,0.0070,354.00,yes
2026-10-05T03:29:06.003649Z,KXBTC15M-26OCT042330-30,0.0070,0.91,yes
2026-10-05T03:29:06.003649Z,KXBTC15M-26OCT042330-30,0.0070,0.01,yes
2026-10-05T03:29:06.003649Z,KXBTC15M-26OCT042330-30,0.0070,11.99,yes
2026-10-05T03:29:06.003649Z,KXBTC15M-26OCT042330-30,0.0070,0.01,yes
2026-10-05T03:29:06.016682Z,KXBTC15M-26OCT042330-30,0.0070,0.01,yes
2026-10-05T03:29:06.016682Z,KXBTC15M-26OCT042330-30,0.0070,0.01,yes
2026-10-05T03:29:06.016682Z,KXBTC15M-26OCT042330-30,0.0070,2.74,yes
2026-10-05T03:29:06.016682Z,KXBTC15M-26OCT042330-30,0.0070,11.80,yes
2026-10-05T03:29:06.016682Z,KXBTC15M-26OCT042330-30,0.0070,20.11,yes
2026-10-05T03:29:06.016682Z,KXBTC15M-26OCT042330-30,0.0070,8.72,yes
2026-10-05T03:29:06.06798Z,KXBTC15M-26OCT042330-30,0.0060,20.00,no
2026-10-05T03:29:06.126779Z,KXBTC15M-26OCT042330-30,0.0060,0.36,no
2026-10-05T03:29:06.13Z,KXBTC15M-26OCT042330-30,0.0070,20.00,yes
2026-10-05T03:29:06.13Z,KXBTC15M-26OCT042330-30,0.0080,5.47,yes
2026-10-05T03:29:06.13Z,KXBTC15M-26OCT042330-30,0.0080,335.40,yes
2026-10-05T03:29:06.148088Z,KXBTC15M-26OCT042330-30,0.0060,43.24,no
2026-10-05T03:29:06.204144Z,KXBTC15M-26OCT042330-30,0.0070,0.36,yes
2026-10-05T03:29:06.204144Z,KXBTC15M-26OCT042330-30,0.0070,19.64,yes
2026-10-05T03:29:06.220597Z,KXBTC15M-26OCT042330-30,0.0060,4.00,no
2026-10-05T03:29:06.256826Z,KXBTC15M-26OCT042330-30,0.0060,106.10,no
2026-10-05T03:29:06.25734Z,KXBTC15M-26OCT042330-30,0.0070,0.02,yes
2026-10-05T03:29:06.25734Z,KXBTC15M-26OCT042330-30,0.0070,23.60,yes
2026-10-05T03:29:06.25734Z,KXBTC15M-26OCT042330-30,0.0080,96.40,yes
2026-10-05T03:29:06.296365Z,KXBTC15M-26OCT042330-30,0.0070,106.10,yes
2026-10-05T03:29:06.296365Z,KXBTC15M-26OCT042330-30,0.0070,4.00,yes
2026-10-05T03:29:06.296365Z,KXBTC15M-26OCT042330-30,0.0080,86.62,yes
2026-10-05T03:29:06.364838Z,KXBTC15M-26OCT042330-30,0.0060,20.11,no
2026-10-05T03:29:06.395076Z,KXBTC15M-26OCT042330-30,0.0070,1.77,yes
2026-10-05T03:29:06.42475Z,KXBTC15M-26OCT042330-30,0.0070,18.34,yes
2026-10-05T03:29:06.42475Z,KXBTC15M-26OCT042330-30,0.0080,27.66,yes
2026-10-05T03:29:06.428025Z,KXBTC15M-26OCT042330-30,0.0080,147.01,yes
2026-10-05T03:29:06.428025Z,KXBTC15M-26OCT042330-30,0.0080,82.08,yes
2026-10-05T03:29:06.471726Z,KXBTC15M-26OCT042330-30,0.0060,104.58,no
2026-10-05T03:29:06.514153Z,KXBTC15M-26OCT042330-30,0.0080,26.32,yes
2026-10-05T03:29:06.514153Z,KXBTC15M-26OCT042330-30,0.0070,104.58,yes
2026-10-05T03:29:06.53454Z,KXBTC15M-26OCT042330-30,0.0080,7.04,yes
2026-10-05T03:29:06.53454Z,KXBTC15M-26OCT042330-30,0.0070,0.02,yes
2026-10-05T03:29:06.627333Z,KXBTC15M-26OCT042330-30,0.0080,308.18,yes
2026-10-05T03:29:06.629318Z,KXBTC15M-26OCT042330-30,0.0060,0.09,no
2026-10-05T03:29:06.708244Z,KXBTC15M-26OCT042330-30,0.0070,0.09,yes
2026-10-05T03:29:06.708244Z,KXBTC15M-26OCT042330-30,0.0080,0.92,yes
2026-10-05T03:29:06.728338Z,KXBTC15M-26OCT042330-30,0.0080,23.00,yes
2026-10-05T03:29:06.730397Z,KXBTC15M-26OCT042330-30,0.0080,130.52,yes
2026-10-05T03:29:06.730397Z,KXBTC15M-26OCT042330-30,0.0080,100.00,yes
2026-10-05T03:29:06.730397Z,KXBTC15M-26OCT042330-30,0.0080,9.55,yes
2026-10-05T03:29:06.730397Z,KXBTC15M-26OCT042330-30,0.0080,0.02,yes
2026-10-05T03:29:06.763194Z,KXBTC15M-26OCT042330-30,0.0080,31.18,yes
2026-10-05T03:29:06.780114Z,KXBTC15M-26OCT042330-30,0.0080,159.27,yes
2026-10-05T03:29:06.780114Z,KXBTC15M-26OCT042330-30,0.0080,54.00,yes
2026-10-05T03:29:06.780114Z,KXBTC15M-26OCT042330-30,0.0090,340.32,yes
2026-10-05T03:29:06.780114Z,KXBTC15M-26OCT042330-30,0.0090,0.02,yes
2026-10-05T03:29:06.780114Z,KXBTC15M-26OCT042330-30,0.0090,11.00,yes
2026-10-05T03:29:06.784605Z,KXBTC15M-26OCT042330-30,0.0060,28.50,no
2026-10-05T03:29:06.784605Z,KXBTC15M-26OCT042330-30,0.0060,61.50,no
2026-10-05T03:29:06.903444Z,KXBTC15M-26OCT042330-30,0.0070,28.00,yes
2026-10-05T03:29:06.939092Z,KXBTC15M-26OCT042330-30,0.0070,0.50,yes
2026-10-05T03:29:06.939092Z,KXBTC15M-26OCT042330-30,0.0070,0.02,yes
2026-10-05T03:29:06.939092Z,KXBTC15M-26OCT042330-30,0.0080,25.22,yes
2026-10-05T03:29:07.035567Z,KXBTC15M-26OCT042330-30,0.0080,3.07,yes
2026-10-05T03:29:07.100253Z,KXBTC15M-26OCT042330-30,0.0070,784.00,no
2026-10-05T03:29:07.100253Z,KXBTC15M-26OCT042330-30,0.0070,0.01,no
2026-10-05T03:29:07.100253Z,KXBTC15M-26OCT042330-30,0.0070,7011.31,no
2026-10-05T03:29:07.100253Z,KXBTC15M-26OCT042330-30,0.0070,0.01,no
2026-10-05T03:29:07.100253Z,KXBTC15M-26OCT042330-30,0.0070,15.00,no
2026-10-05T03:29:07.241745Z,KXBTC15M-26OCT042330-30,0.0070,200.00,no
2026-10-05T03:29:07.248497Z,KXBTC15M-26OCT042330-30,0.0070,7.33,no
2026-10-05T03:29:07.267762Z,KXBTC15M-26OCT042330-30,0.0080,11.00,yes
2026-10-05T03:29:07.267762Z,KXBTC15M-26OCT042330-30,0.0080,36.00,yes
2026-10-05T03:29:07.267762Z,KXBTC15M-26OCT042330-30,0.0080,10.54,yes
2026-10-05T03:29:07.267762Z,KXBTC15M-26OCT042330-30,0.0080,0.02,yes
2026-10-05T03:29:07.292159Z,KXBTC15M-26OCT042330-30,0.0070,300.00,no
2026-10-05T03:29:07.298517Z,KXBTC15M-26OCT042330-30,0.0070,250.00,no
2026-10-05T03:29:07.300786Z,KXBTC15M-26OCT042330-30,0.0080,47.00,yes
2026-10-05T03:29:07.301832Z,KXBTC15M-26OCT042330-30,0.0080,42.46,yes
2026-10-05T03:29:07.301832Z,KXBTC15M-26OCT042330-30,0.0090,0.02,yes
2026-10-05T03:29:07.301832Z,KXBTC15M-26OCT042330-30,0.0090,62.67,yes
2026-10-05T03:29:07.301832Z,KXBTC15M-26OCT042330-30,0.0080,0.01,yes
2026-10-05T03:29:07.301832Z,KXBTC15M-26OCT042330-30,0.0080,0.01,yes
2026-10-05T03:29:07.302181Z,KXBTC15M-26OCT042330-30,0.0070,1000.00,no
2026-10-05T03:29:07.349558Z,KXBTC15M-26OCT042330-30,0.0090,0.01,yes
2026-10-05T03:29:07.349558Z,KXBTC15M-26OCT042330-30,0.0090,207.33,yes
2026-10-05T03:29:07.349558Z,KXBTC15M-26OCT042330-30,0.0090,0.01,yes
2026-10-05T03:29:07.349558Z,KXBTC15M-26OCT042330-30,0.0090,3.00,yes
2026-10-05T03:29:07.441051Z,KXBTC15M-26OCT042330-30,0.0100,1.12,yes
2026-10-05T03:29:07.49656Z,KXBTC15M-26OCT042330-30,0.0100,0.02,yes
2026-10-05T03:29:07.49656Z,KXBTC15M-26OCT042330-30,0.0100,1.00,yes
2026-10-05T03:29:07.49656Z,KXBTC15M-26OCT042330-30,0.0100,30.00,yes
2026-10-05T03:29:07.49656Z,KXBTC15M-26OCT042330-30,0.0120,26.08,yes
2026-10-05T03:29:07.49656Z,KXBTC15M-26OCT042330-30,0.0100,1.00,yes
2026-10-05T03:29:07.49656Z,KXBTC15M-26OCT042330-30,0.0120,0.02,yes
2026-10-05T03:29:07.49656Z,KXBTC15M-26OCT042330-30,0.0110,0.02,yes
2026-10-05T03:29:07.49656Z,KXBTC15M-26OCT042330-30,0.0100,7.94,yes
2026-10-05T03:29:07.49656Z,KXBTC15M-26OCT042330-30,0.0100,10.00,yes
2026-10-05T03:29:07.49656Z,KXBTC15M-26OCT042330-30,0.0110,10.66,yes
2026-10-05T03:29:07.499746Z,KXBTC15M-26OCT042330-30,0.0130,2.00,yes
2026-10-05T03:29:07.499746Z,KXBTC15M-26OCT042330-30,0.0120,170.92,yes
2026-10-05T03:29:07.499746Z,KXBTC15M-26OCT042330-30,0.0140,49.16,yes
2026-10-05T03:29:07.499746Z,KXBTC15M-26OCT042330-30,0.0130,0.02,yes
2026-10-05T03:29:07.525613Z,KXBTC15M-26OCT042330-30,0.0080,104.14,no
2026-10-05T03:29:07.605134Z,KXBTC15M-26OCT042330-30,0.0110,1.00,yes
2026-10-05T03:29:07.605134Z,KXBTC15M-26OCT042330-30,0.0110,1.00,yes
2026-10-05T03:29:07.605134Z,KXBTC15M-26OCT042330-30,0.0120,2.00,yes
2026-10-05T03:29:07.638327Z,KXBTC15M-26OCT042330-30,0.0100,25.36,yes
2026-10-05T03:29:07.656321Z,KXBTC15M-26OCT042330-30,0.0080,244.59,no
2026-10-05T03:29:07.726574Z,KXBTC15M-26OCT042330-30,0.0080,0.01,no
2026-10-05T03:29:07.726574Z,KXBTC15M-26OCT042330-30,0.0080,0.01,no
2026-10-05T03:29:07.726574Z,KXBTC15M-26OCT042330-30,0.0080,3.98,no
2026-10-05T03:29:07.757495Z,KXBTC15M-26OCT042330-30,0.0070,134.02,no
2026-10-05T03:29:07.757495Z,KXBTC15M-26OCT042330-30,0.0080,0.01,no
2026-10-05T03:29:07.757495Z,KXBTC15M-26OCT042330-30,0.0080,17.00,no
2026-10-05T03:29:07.757495Z,KXBTC15M-26OCT042330-30,0.0080,0.01,no
2026-10-05T03:29:07.857836Z,KXBTC15M-26OCT042330-30,0.0100,0.01,yes
2026-10-05T03:29:07.857836Z,KXBTC15M-26OCT042330-30,0.0100,27.00,yes
2026-10-05T03:29:07.857836Z,KXBTC15M-26OCT042330-30,0.0120,2.00,yes
2026-10-05T03:29:07.857836Z,KXBTC15M-26OCT042330-30,0.0120,5.00,yes
2026-10-05T03:29:07.857836Z,KXBTC15M-26OCT042330-30,0.0110,60.00,yes
2026-10-05T03:29:07.857836Z,KXBTC15M-26OCT042330-30,0.0100,0.01,yes
2026-10-05T03:29:07.857836Z,KXBTC15M-26OCT042330-30,0.0120,195.00,yes
2026-10-05T03:29:07.857836Z,KXBTC15M-26OCT042330-30,0.0120,69.00,yes
2026-10-05T03:29:07.942761Z,KXBTC15M-26OCT042330-30,0.0080,0.01,no
2026-10-05T03:29:07.942761Z,KXBTC15M-26OCT042330-30,0.0070,11.98,no
2026-10-05T03:29:07.942761Z,KXBTC15M-26OCT042330-30,0.0080,17.00,no
2026-10-05T03:29:07.942761Z,KXBTC15M-26OCT042330-30,0.0080,0.01,no
2026-10-05T03:29:08.018995Z,KXBTC15M-26OCT042330-30,0.0080,0.01,no
2026-10-05T03:29:08.018995Z,KXBTC15M-26OCT042330-30,0.0070,7.33,no
2026-10-05T03:29:08.018995Z,KXBTC15M-26OCT042330-30,0.0080,17.00,no
2026-10-05T03:29:08.018995Z,KXBTC15M-26OCT042330-30,0.0080,0.01,no
2026-10-05T03:29:08.176354Z,KXBTC15M-26OCT042330-30,0.0090,17.00,yes
2026-10-05T03:29:08.176354Z,KXBTC15M-26OCT042330-30,0.0110,24.49,yes
2026-10-05T03:29:08.176354Z,KXBTC15M-26OCT042330-30,0.0110,1.00,yes
2026-10-05T03:29:08.176354Z,KXBTC15M-26OCT042330-30,0.0090,0.01,yes
2026-10-05T03:29:08.176354Z,KXBTC15M-26OCT042330-30,0.0090,0.01,yes
2026-10-05T03:29:08.274878Z,KXBTC15M-26OCT042330-30,0.0090,0.01,yes
2026-10-05T03:29:08.274878Z,KXBTC15M-26OCT042330-30,0.0100,3.59,yes
2026-10-05T03:29:08.278026Z,KXBTC15M-26OCT042330-30,0.0080,17.00,no
2026-10-05T03:29:08.278026Z,KXBTC15M-26OCT042330-30,0.0080,0.01,no
2026-10-05T03:29:08.278026Z,KXBTC15M-26OCT042330-30,0.0080,0.01,no
2026-10-05T03:29:08.291592Z,KXBTC15M-26OCT042330-30,0.0080,3.64,no
2026-10-05T03:29:08.291592Z,KXBTC15M-26OCT042330-30,0.0080,0.01,no
2026-10-05T03:29:08.34065Z,KXBTC15M-26OCT042330-30,0.0090,17.00,yes
2026-10-05T03:29:08.34065Z,KXBTC15M-26OCT042330-30,0.0090,0.01,yes
2026-10-05T03:29:08.34065Z,KXBTC15M-26OCT042330-30,0.0090,34.75,yes
2026-10-05T03:29:08.390677Z,KXBTC15M-26OCT042330-30,0.0070,1492.82,no
2026-10-05T03:29:08.390677Z,KXBTC15M-26OCT042330-30,0.0080,0.01,no
2026-10-05T03:29:08.390677Z,KXBTC15M-26OCT042330-30,0.0080,0.01,no
2026-10-05T03:29:08.390677Z,KXBTC15M-26OCT042330-30,0.0080,17.00,no
2026-10-05T03:29:08.459586Z,KXBTC15M-26OCT042330-30,0.0090,4.65,yes
2026-10-05T03:29:08.459586Z,KXBTC15M-26OCT042330-30,0.0090,0.01,yes
2026-10-05T03:29:08.459586Z,KXBTC15M-26OCT042330-30,0.0090,0.01,yes
2026-10-05T03:29:08.484216Z,KXBTC15M-26OCT042330-30,0.0080,0.01,no
2026-10-05T03:29:08.484216Z,KXBTC15M-26OCT042330-30,0.0080,0.01,no
2026-10-05T03:29:08.484216Z,KXBTC15M-26OCT042330-30,0.0080,10.05,no
2026-10-05T03:29:08.514505Z,KXBTC15M-26OCT042330-30,0.0080,0.01,no
2026-10-05T03:29:08.514505Z,KXBTC15M-26OCT042330-30,0.0080,0.01,no
2026-10-05T03:29:08.514505Z,KXBTC15M-26OCT042330-30,0.0080,1.64,no
2026-10-05T03:29:08.562932Z,KXBTC15M-26OCT042330-30,0.0110,5.00,yes
2026-10-05T03:29:08.562932Z,KXBTC15M-26OCT042330-30,0.0090,11.35,yes
2026-10-05T03:29:08.562932Z,KXBTC15M-26OCT042330-30,0.0090,0.01,yes
2026-10-05T03:29:08.562932Z,KXBTC15M-26OCT042330-30,0.0110,197.00,yes
2026-10-05T03:29:08.562932Z,KXBTC15M-26OCT042330-30,0.0130,92.46,yes
2026-10-05T03:29:08.562932Z,KXBTC15M-26OCT042330-30,0.0090,0.01,yes
2026-10-05T03:29:08.562932Z,KXBTC15M-26OCT042330-30,0.0110,6.00,yes
2026-10-05T03:29:08.604721Z,KXBTC15M-26OCT042330-30,0.0110,0.01,yes
2026-10-05T03:29:08.604721Z,KXBTC15M-26OCT042330-30,0.0110,5.00,yes
2026-10-05T03:29:08.604721Z,KXBTC15M-26OCT042330-30,0.0110,0.01,yes
2026-10-05T03:29:08.604721Z,KXBTC15M-26OCT042330-30,0.0110,79.81,yes
2026-10-05T03:29:08.604721Z,KXBTC15M-26OCT042330-30,0.0110,1.00,yes
2026-10-05T03:29:08.623683Z,KXBTC15M-26OCT042330-30,0.0110,0.01,yes
2026-10-05T03:29:08.623683Z,KXBTC15M-26OCT042330-30,0.0110,41.68,yes
2026-10-05T03:29:08.623683Z,KXBTC15M-26OCT042330-30,0.0110,117.19,yes
2026-10-05T03:29:08.633332Z,KXBTC15M-26OCT042330-30,0.0080,1.88,no
2026-10-05T03:29:08.633332Z,KXBTC15M-26OCT042330-30,0.0080,0.01,no
2026-10-05T03:29:08.633332Z,KXBTC15M-26OCT042330-30,0.0080,0.01,no
2026-10-05T03:29:08.694978Z,KXBTC15M-26OCT042330-30,0.0080,15.12,no
2026-10-05T03:29:08.694978Z,KXBTC15M-26OCT042330-30,0.0080,9.08,no
2026-10-05T03:29:08.776625Z,KXBTC15M-26OCT042330-30,0.0090,0.01,yes
2026-10-05T03:29:08.776625Z,KXBTC15M-26OCT042330-30,0.0090,0.01,yes
2026-10-05T03:29:08.776625Z,KXBTC15M-26OCT042330-30,0.0090,15.00,yes
2026-10-05T03:29:08.788186Z,KXBTC15M-26OCT042330-30,0.0080,10.14,no
2026-10-05T03:29:08.788186Z,KXBTC15M-26OCT042330-30,0.0080,1.88,no
2026-10-05T03:29:08.788186Z,KXBTC15M-26OCT042330-30,0.0080,0.01,no
2026-10-05T03:29:08.788186Z,KXBTC15M-26OCT042330-30,0.0080,0.01,no
2026-10-05T03:29:08.851327Z,KXBTC15M-26OCT042330-30,0.0070,1982.98,no
2026-10-05T03:29:08.851327Z,KXBTC15M-26OCT042330-30,0.0080,0.01,no
2026-10-05T03:29:08.851327Z,KXBTC15M-26OCT042330-30,0.0080,0.01,no
2026-10-05T03:29:08.851327Z,KXBTC15M-26OCT042330-30,0.0080,17.00,no
2026-10-05T03:29:08.872514Z,KXBTC15M-26OCT042330-30,0.0070,493.21,no
2026-10-05T03:29:08.901739Z,KXBTC15M-26OCT042330-30,0.0070,5.03,no
2026-10-05T03:29:08.908261Z,KXBTC15M-26OCT042330-30,0.0140,752.50,yes
2026-10-05T03:29:08.908261Z,KXBTC15M-26OCT042330-30,0.0110,174.00,yes
2026-10-05T03:29:08.908261Z,KXBTC15M-26OCT042330-30,0.0090,0.01,yes
2026-10-05T03:29:08.908261Z,KXBTC15M-26OCT042330-30,0.0090,0.01,yes
2026-10-05T03:29:08.908261Z,KXBTC15M-26OCT042330-30,0.0090,13.00,yes
2026-10-05T03:29:08.908261Z,KXBTC15M-26OCT042330-30,0.0120,5.00,yes
2026-10-05T03:29:09.0586Z,KXBTC15M-26OCT042330-30,0.0080,87.29,yes
2026-10-05T03:29:09.096491Z,KXBTC15M-26OCT042330-30,0.0070,13.54,no
2026-10-05T03:29:09.105539Z,KXBTC15M-26OCT042330-30,0.0070,50.00,no
2026-10-05T03:29:09.136792Z,KXBTC15M-26OCT042330-30,0.0080,87.29,yes
2026-10-05T03:29:09.170352Z,KXBTC15M-26OCT042330-30,0.0070,2.28,no
2026-10-05T03:29:09.241219Z,KXBTC15M-26OCT042330-30,0.0080,87.29,yes
2026-10-05T03:29:09.275143Z,KXBTC15M-26OCT042330-30,0.0080,229.58,yes
2026-10-05T03:29:09.287409Z,KXBTC15M-26OCT042330-30,0.0080,303.50,yes
2026-10-05T03:29:09.295095Z,KXBTC15M-26OCT042330-30,0.0080,84.19,yes
2026-10-05T03:29:09.352883Z,KXBTC15M-26OCT042330-30,0.0080,57.18,yes
2026-10-05T03:29:09.437165Z,KXBTC15M-26OCT042330-30,0.0070,22.14,no
2026-10-05T03:29:09.477538Z,KXBTC15M-26OCT042330-30,0.0080,11.00,yes
2026-10-05T03:29:09.488011Z,KXBTC15M-26OCT042330-30,0.0080,54.65,yes
2026-10-05T03:29:09.500531Z,KXBTC15M-26OCT042330-30,0.0070,200.60,no
2026-10-05T03:29:09.516243Z,KXBTC15M-26OCT042330-30,0.0080,94.31,yes
2026-10-05T03:29:09.541065Z,KXBTC15M-26OCT042330-30,0.0080,47.55,yes
2026-10-05T03:29:09.5485Z,KXBTC15M-26OCT042330-30,0.0080,394.74,yes
2026-10-05T03:29:09.575068Z,KXBTC15M-26OCT042330-30,0.0080,27.00,yes
2026-10-05T03:29:09.580496Z,KXBTC15M-26OCT042330-30,0.0080,138.28,yes
2026-10-05T03:29:09.580496Z,KXBTC15M-26OCT042330-30,0.0080,0.01,yes
2026-10-05T03:29:09.580496Z,KXBTC15M-26OCT042330-30,0.0080,0.01,yes
2026-10-05T03:29:09.580496Z,KXBTC15M-26OCT042330-30,0.0080,434.43,yes
2026-10-05T03:29:09.642661Z,KXBTC15M-26OCT042330-30,0.0080,14.01,yes
2026-10-05T03:29:09.677177Z,KXBTC15M-26OCT042330-30,0.0070,60.39,no
2026-10-05T03:29:09.72234Z,KXBTC15M-26OCT042330-30,0.0070,1227.49,no
2026-10-05T03:29:09.72234Z,KXBTC15M-26OCT042330-30,0.0070,0.01,no
2026-10-05T03:29:09.72234Z,KXBTC15M-26OCT042330-30,0.0070,15.00,no
2026-10-05T03:29:09.72234Z,KXBTC15M-26OCT042330-30,0.0070,0.01,no
2026-10-05T03:29:09.72234Z,KXBTC15M-26OCT042330-30,0.0060,1400.42,no
2026-10-05T03:29:09.72234Z,KXBTC15M-26OCT042330-30,0.0060,1280.00,no
2026-10-05T03:29:09.72234Z,KXBTC15M-26OCT042330-30,0.0060,120.00,no
2026-10-05T03:29:09.72234Z,KXBTC15M-26OCT042330-30,0.0060,985.50,no
2026-10-05T03:29:09.727721Z,KXBTC15M-26OCT042330-30,0.0080,116.88,yes
2026-10-05T03:29:09.742686Z,KXBTC15M-26OCT042330-30,0.0070,0.01,no
2026-10-05T03:29:09.742686Z,KXBTC15M-26OCT042330-30,0.0060,4.90,no
2026-10-05T03:29:09.742686Z,KXBTC15M-26OCT042330-30,0.0070,0.01,no
2026-10-05T03:29:09.864746Z,KXBTC15M-26OCT042330-30,0.0080,2.23,yes
2026-10-05T03:29:09.886523Z,KXBTC15M-26OCT042330-30,0.0080,77.14,yes
2026-10-05T03:29:09.941221Z,KXBTC15M-26OCT042330-30,0.0070,0.01,no
2026-10-05T03:29:09.941221Z,KXBTC15M-26OCT042330-30,0.0070,0.01,no
2026-10-05T03:29:09.941221Z,KXBTC15M-26OCT042330-30,0.0060,8.95,no
2026-10-05T03:29:10.020216Z,KXBTC15M-26OCT042330-30,0.0070,0.01,no
2026-10-05T03:29:10.020216Z,KXBTC15M-26OCT042330-30,0.0070,0.01,no
2026-10-05T03:29:10.030773Z,KXBTC15M-26OCT042330-30,0.0070,17.33,yes
2026-10-05T03:29:10.038838Z,KXBTC15M-26OCT042330-30,0.0060,0.01,no
2026-10-05T03:29:10.038838Z,KXBTC15M-26OCT042330-30,0.0060,0.01,no
2026-10-05T03:29:10.038838Z,KXBTC15M-26OCT042330-30,0.0050,29.56,no
2026-10-05T03:29:10.074153Z,KXBTC15M-26OCT042330-30,0.0070,116.88,yes
2026-10-05T03:29:10.076599Z,KXBTC15M-26OCT042330-30,0.0070,7.02,yes
2026-10-05T03:29:10.084042Z,KXBTC15M-26OCT042330-30,0.0070,116.88,yes
2026-10-05T03:29:10.089487Z,KXBTC15M-26OCT042330-30,0.0070,116.88,yes
2026-10-05T03:29:10.108679Z,KXBTC15M-26OCT042330-30,0.0060,23.54,yes
2026-10-05T03:29:10.118857Z,KXBTC15M-26OCT042330-30,0.0060,5.67,yes
2026-10-05T03:29:10.118857Z,KXBTC15M-26OCT042330-30,0.0060,6.02,yes
2026-10-05T03:29:10.119707Z,KXBTC15M-26OCT042330-30,0.0060,116.88,yes
2026-10-05T03:29:10.162075Z,KXBTC15M-26OCT042330-30,0.0050,3.93,no
2026-10-05T03:29:10.173968Z,KXBTC15M-26OCT042330-30,0.0050,1058.49,no
2026-10-05T03:29:10.173968Z,KXBTC15M-26OCT042330-30,0.0050,1966.51,no
2026-10-05T03:29:10.173968Z,KXBTC15M-26OCT042330-30,0.0050,2000.00,no
2026-10-05T03:29:10.202832Z,KXBTC15M-26OCT042330-30,0.0060,60.45,yes
2026-10-05T03:29:10.209401Z,KXBTC15M-26OCT042330-30,0.0060,118.06,yes
2026-10-05T03:29:10.222751Z,KXBTC15M-26OCT042330-30,0.0060,23.38,yes
2026-10-05T03:29:10.256677Z,KXBTC15M-26OCT042330-30,0.0060,28.06,yes
2026-10-05T03:29:10.290539Z,KXBTC15M-26OCT042330-30,0.0050,31.77,no
2026-10-05T03:29:10.292405Z,KXBTC15M-26OCT042330-30,0.0060,935.07,yes
2026-10-05T03:29:10.293753Z,KXBTC15M-26OCT042330-30,0.0050,2.22,no
2026-10-05T03:29:10.356215Z,KXBTC15M-26OCT042330-30,0.0060,32.02,yes
2026-10-05T03:29:10.361145Z,KXBTC15M-26OCT042330-30,0.0060,2000.00,yes
2026-10-05T03:29:10.361145Z,KXBTC15M-26OCT042330-30,0.0060,858.33,yes
2026-10-05T03:29:10.361145Z,KXBTC15M-26OCT042330-30,0.0060,3.93,yes
2026-10-05T03:29:10.361145Z,KXBTC15M-26OCT042330-30,0.0060,66.41,yes
2026-10-05T03:29:10.361145Z,KXBTC15M-26OCT042330-30,0.0060,1058.49,yes
2026-10-05T03:29:10.361145Z,KXBTC15M-26OCT042330-30,0.0060,0.01,yes
2026-10-05T03:29:10.361145Z,KXBTC15M-26OCT042330-30,0.0060,20.00,yes
2026-10-05T03:29:10.361145Z,KXBTC15M-26OCT042330-30,0.0060,0.01,yes
2026-10-05T03:29:10.371689Z,KXBTC15M-26OCT042330-30,0.0060,679.63,yes
2026-10-05T03:29:10.372129Z,KXBTC15M-26OCT042330-30,0.0060,0.01,yes
2026-10-05T03:29:10.372129Z,KXBTC15M-26OCT042330-30,0.0060,162.44,yes
2026-10-05T03:29:10.372129Z,KXBTC15M-26OCT042330-30,0.0060,428.55,yes
2026-10-05T03:29:10.372129Z,KXBTC15M-26OCT042330-30,0.0060,0.02,yes
2026-10-05T03:29:10.372129Z,KXBTC15M-26OCT042330-30,0.0060,31.77,yes
2026-10-05T03:29:10.372129Z,KXBTC15M-26OCT042330-30,0.0060,0.01,yes
2026-10-05T03:29:10.372129Z,KXBTC15M-26OCT042330-30,0.0060,2.22,yes
2026-10-05T03:29:10.395315Z,KXBTC15M-26OCT042330-30,0.0060,133.58,yes
2026-10-05T03:29:10.466459Z,KXBTC15M-26OCT042330-30,0.0060,116.88,yes
2026-10-05T03:29:10.502546Z,KXBTC15M-26OCT042330-30,0.0060,100.33,yes
2026-10-05T03:29:10.601118Z,KXBTC15M-26OCT042330-30,0.0060,0.01,yes
2026-10-05T03:29:10.601118Z,KXBTC15M-26OCT042330-30,0.0060,0.02,yes
2026-10-05T03:29:10.601118Z,KXBTC15M-26OCT042330-30,0.0060,0.01,yes
2026-10-05T03:29:10.601118Z,KXBTC15M-26OCT042330-30,0.0060,20.00,yes
2026-10-05T03:29:10.601118Z,KXBTC15M-26OCT042330-30,0.0070,2.49,yes
2026-10-05T03:29:10.620774Z,KXBTC15M-26OCT042330-30,0.0070,31.41,yes
2026-10-05T03:29:10.626147Z,KXBTC15M-26OCT042330-30,0.0070,109.00,yes
2026-10-05T03:29:10.63021Z,KXBTC15M-26OCT042330-30,0.0050,2.49,no
2026-10-05T03:29:10.639386Z,KXBTC15M-26OCT042330-30,0.0050,35.75,no
2026-10-05T03:29:10.716698Z,KXBTC15M-26OCT042330-30,0.0060,0.01,yes
2026-10-05T03:29:10.716698Z,KXBTC15M-26OCT042330-30,0.0060,2.49,yes
2026-10-05T03:29:10.716698Z,KXBTC15M-26OCT042330-30,0.0060,20.00,yes
2026-10-05T03:29:10.716698Z,KXBTC15M-26OCT042330-30,0.0060,0.01,yes
2026-10-05T03:29:10.716698Z,KXBTC15M-26OCT042330-30,0.0060,7.25,yes
2026-10-05T03:29:10.765119Z,KXBTC15M-26OCT042330-30,0.0070,7.98,yes
2026-10-05T03:29:10.765119Z,KXBTC15M-26OCT042330-30,0.0060,0.01,yes
2026-10-05T03:29:10.765119Z,KXBTC15M-26OCT042330-30,0.0060,20.00,yes
2026-10-05T03:29:10.765119Z,KXBTC15M-26OCT042330-30,0.0060,0.01,yes
2026-10-05T03:29:10.765119Z,KXBTC15M-26OCT042330-30,0.0060,28.50,yes
2026-10-05T03:29:10.787475Z,KXBTC15M-26OCT042330-30,0.0070,2850.21,yes
2026-10-05T03:29:10.861379Z,KXBTC15M-26OCT042330-30,0.0050,40.35,no
2026-10-05T03:29:10.873658Z,KXBTC15M-26OCT042330-30,0.0050,800.00,no
2026-10-05T03:29:10.948448Z,KXBTC15M-26OCT042330-30,0.0060,56.51,yes
2026-10-05T03:29:10.948448Z,KXBTC15M-26OCT042330-30,0.0060,0.02,yes
2026-10-05T03:29:10.948448Z,KXBTC15M-26OCT042330-30,0.0060,20.00,yes
2026-10-05T03:29:10.948448Z,KXBTC15M-26OCT042330-30,0.0060,40.35,yes
2026-10-05T03:29:10.986102Z,KXBTC15M-26OCT042330-30,0.0060,1.02,yes
2026-10-05T03:29:11.030032Z,KXBTC15M-26OCT042330-30,0.0060,136.23,yes
2026-10-05T03:29:11.07726Z,KXBTC15M-26OCT042330-30,0.0050,4.94,no
2026-10-05T03:29:11.164302Z,KXBTC15M-26OCT042330-30,0.0050,190.02,no
2026-10-05T03:29:11.164302Z,KXBTC15M-26OCT042330-30,0.0050,23.99,no
2026-10-05T03:29:11.168235Z,KXBTC15M-26OCT042330-30,0.0080,28.03,yes
2026-10-05T03:29:11.168235Z,KXBTC15M-26OCT042330-30,0.0070,120.00,yes
2026-10-05T03:29:11.168235Z,KXBTC15M-26OCT042330-30,0.0060,606.24,yes
2026-10-05T03:29:11.168235Z,KXBTC15M-26OCT042330-30,0.0070,0.02,yes
2026-10-05T03:29:11.168235Z,KXBTC15M-26OCT042330-30,0.0060,0.01,yes
2026-10-05T03:29:11.168235Z,KXBTC15M-26OCT042330-30,0.0060,0.01,yes
2026-10-05T03:29:11.168235Z,KXBTC15M-26OCT042330-30,0.0060,144.00,yes
2026-10-05T03:29:11.168235Z,KXBTC15M-26OCT042330-30,0.0060,4.94,yes
2026-10-05T03:29:11.171838Z,KXBTC15M-26OCT042330-30,0.0050,67.37,no
2026-10-05T03:29:11.182642Z,KXBTC15M-26OCT042330-30,0.0070,0.02,no
2026-10-05T03:29:11.1858Z,KXBTC15M-26OCT042330-30,0.0070,287.59,no
2026-10-05T03:29:11.197786Z,KXBTC15M-26OCT042330-30,0.0050,100.00,no
2026-10-05T03:29:11.197786Z,KXBTC15M-26OCT042330-30,0.0050,100.00,no
2026-10-05T03:29:11.197786Z,KXBTC15M-26OCT042330-30,0.0050,100.00,no
2026-10-05T03:29:11.197786Z,KXBTC15M-26OCT042330-30,0.0050,200.00,no
2026-10-05T03:29:11.197786Z,KXBTC15M-26OCT042330-30,0.0050,100.00,no
2026-10-05T03:29:11.197786Z,KXBTC15M-26OCT042330-30,0.0050,50.00,no
2026-10-05T03:29:11.197786Z,KXBTC15M-26OCT042330-30,0.0050,200.00,no
2026-10-05T03:29:11.197786Z,KXBTC15M-26OCT042330-30,0.0050,150.00,no
2026-10-05T03:29:11.197786Z,KXBTC15M-26OCT042330-30,0.0050,50.00,no
2026-10-05T03:29:11.197786Z,KXBTC15M-26OCT042330-30,0.0050,100.00,no
2026-10-05T03:29:11.197786Z,KXBTC15M-26OCT042330-30,0.0050,50.00,no
2026-10-05T03:29:11.197786Z,KXBTC15M-26OCT042330-30,0.0050,35.00,no
2026-10-05T03:29:11.197786Z,KXBTC15M-26OCT042330-30,0.0050,35.00,no
2026-10-05T03:29:11.197786Z,KXBTC15M-26OCT042330-30,0.0050,35.00,no
2026-10-05T03:29:11.197786Z,KXBTC15M-26OCT042330-30,0.0050,70.00,no
2026-10-05T03:29:11.197786Z,KXBTC15M-26OCT042330-30,0.0050,35.00,no
2026-10-05T03:29:11.197786Z,KXBTC15M-26OCT042330-30,0.0050,70.00,no
2026-10-05T03:29:11.197786Z,KXBTC15M-26OCT042330-30,0.0050,35.00,no
2026-10-05T03:29:11.197786Z,KXBTC15M-26OCT042330-30,0.0050,35.00,no
2026-10-05T03:29:11.197786Z,KXBTC15M-26OCT042330-30,0.0050,35.00,no
2026-10-05T03:29:11.197786Z,KXBTC15M-26OCT042330-30,0.0050,100.00,no
2026-10-05T03:29:11.197786Z,KXBTC15M-26OCT042330-30,0.0050,35.00,no
2026-10-05T03:29:11.197786Z,KXBTC15M-26OCT042330-30,0.0050,360.00,no
2026-10-05T03:29:11.197786Z,KXBTC15M-26OCT042330-30,0.0050,360.00,no
2026-10-05T03:29:11.197786Z,KXBTC15M-26OCT042330-30,0.0050,35.00,no
2026-10-05T03:29:11.197786Z,KXBTC15M-26OCT042330-30,0.0050,250.00,no
2026-10-05T03:29:11.197786Z,KXBTC15M-26OCT042330-30,0.0050,200.00,no
2026-10-05T03:29:11.197786Z,KXBTC15M-26OCT042330-30,0.0050,360.00,no
2026-10-05T03:29:11.197786Z,KXBTC15M-26OCT042330-30,0.0050,50.00,no
2026-10-05T03:29:11.197786Z,KXBTC15M-26OCT042330-30,0.0050,90.00,no
2026-10-05T03:29:11.197786Z,KXBTC15M-26OCT042330-30,0.0050,35.00,no
2026-10-05T03:29:11.197786Z,KXBTC15M-26OCT042330-30,0.0050,35.00,no
2026-10-05T03:29:11.197786Z,KXBTC15M-26OCT042330-30,0.0050,35.00,no
2026-10-05T03:29:11.197786Z,KXBTC15M-26OCT042330-30,0.0050,35.00,no
2026-10-05T03:29:11.197786Z,KXBTC15M-26OCT042330-30,0.0050,70.00,no
2026-10-05T03:29:11.197786Z,KXBTC15M-26OCT042330-30,0.0050,35.00,no
2026-10-05T03:29:11.197786Z,KXBTC15M-26OCT042330-30,0.0050,35.00,no
2026-10-05T03:29:11.197786Z,KXBTC15M-26OCT042330-30,0.0050,35.00,no
2026-10-05T03:29:11.197786Z,KXBTC15M-26OCT042330-30,0.0050,35.00,no
2026-10-05T03:29:11.197786Z,KXBTC15M-26OCT042330-30,0.0050,35.00,no
2026-10-05T03:29:11.197786Z,KXBTC15M-26OCT042330-30,0.0050,35.00,no
2026-10-05T03:29:11.197786Z,KXBTC15M-26OCT042330-30,0.0050,35.00,no
2026-10-05T03:29:11.197786Z,KXBTC15M-26OCT042330-30,0.0050,35.00,no
2026-10-05T03:29:11.197786Z,KXBTC15M-26OCT042330-30,0.0050,108.00,no
2026-10-05T03:29:11.197786Z,KXBTC15M-26OCT042330-30,0.0050,43.00,no
2026-10-05T03:29:11.197786Z,KXBTC15M-26OCT042330-30,0.0050,108.00,no
2026-10-05T03:29:11.197786Z,KXBTC15M-26OCT042330-30,0.0050,108.00,no
2026-10-05T03:29:11.197786Z,KXBTC15M-26OCT042330-30,0.0050,43.00,no
2026-10-05T03:29:11.197786Z,KXBTC15M-26OCT042330-30,0.0050,34.00,no
2026-10-05T03:29:11.197786Z,KXBTC15M-26OCT042330-30,0.0050,35.00,no
2026-10-05T03:29:11.197786Z,KXBTC15M-26OCT042330-30,0.0050,90.00,no
2026-10-05T03:29:11.197786Z,KXBTC15M-26OCT042330-30,0.0050,2.00,no
2026-10-05T03:29:11.197786Z,KXBTC15M-26OCT042330-30,0.0050,113.00,no
2026-10-05T03:29:11.197786Z,KXBTC15M-26OCT042330-30,0.0050,2196.00,no
2026-10-05T03:29:11.197786Z,KXBTC15M-26OCT042330-30,0.0050,0.01,no
2026-10-05T03:29:11.197786Z,KXBTC15M-26OCT042330-30,0.0050,22.00,no
2026-10-05T03:29:11.197786Z,KXBTC15M-26OCT042330-30,0.0050,1.00,no
2026-10-05T03:29:11.197786Z,KXBTC15M-26OCT042330-30,0.0050,0.01,no
2026-10-05T03:29:11.197786Z,KXBTC15M-26OCT042330-30,0.0050,300.00,no
2026-10-05T03:29:11.197786Z,KXBTC15M-26OCT042330-30,0.0050,19.86,no
2026-10-05T03:29:11.197786Z,KXBTC15M-26OCT042330-30,0.0050,25.00,no
2026-10-05T03:29:11.197786Z,KXBTC15M-26OCT042330-30,0.0050,2.00,no
2026-10-05T03:29:11.197786Z,KXBTC15M-26OCT042330-30,0.0050,64.00,no
2026-10-05T03:29:11.197786Z,KXBTC15M-26OCT042330-30,0.0050,11.00,no
2026-10-05T03:29:11.197786Z,KXBTC15M-26OCT042330-30,0.0050,1024.00,no
2026-10-05T03:29:11.197786Z,KXBTC15M-26OCT042330-30,0.0050,1742.61,no
2026-10-05T03:29:11.197786Z,KXBTC15M-26OCT042330-30,0.0050,120.00,no
2026-10-05T03:29:11.25732Z,KXBTC15M-26OCT042330-30,0.0040,136.84,no
2026-10-05T03:29:11.273427Z,KXBTC15M-26OCT042330-30,0.0050,833.99,yes
2026-10-05T03:29:11.321364Z,KXBTC15M-26OCT042330-30,0.0050,15.58,yes
2026-10-05T03:29:11.338248Z,KXBTC15M-26OCT042330-30,0.0050,0.08,yes
2026-10-05T03:29:11.438621Z,KXBTC15M-26OCT042330-30,0.0050,155.83,yes
2026-10-05T03:29:11.459408Z,KXBTC15M-26OCT042330-30,0.0050,155.83,yes
2026-10-05T03:29:11.503111Z,KXBTC15M-26OCT042330-30,0.0050,311.64,yes
2026-10-05T03:29:11.515504Z,KXBTC15M-26OCT042330-30,0.0050,2.05,yes
2026-10-05T03:29:11.546412Z,KXBTC15M-26OCT042330-30,0.0050,306.00,yes
2026-10-05T03:29:11.591084Z,KXBTC15M-26OCT042330-30,0.0050,200.00,yes
2026-10-05T03:29:11.731165Z,KXBTC15M-26OCT042330-30,0.0040,152.85,no
2026-10-05T03:29:11.766932Z,KXBTC15M-26OCT042330-30,0.0040,55.25,no
2026-10-05T03:29:11.767179Z,KXBTC15M-26OCT042330-30,0.0050,222.27,yes
2026-10-05T03:29:11.918373Z,KXBTC15M-26OCT042330-30,0.0050,41.43,yes
2026-10-05T03:29:11.934232Z,KXBTC15M-26OCT042330-30,0.0050,68.40,yes
2026-10-05T03:29:11.934232Z,KXBTC15M-26OCT042330-30,0.0050,243.24,yes
2026-10-05T03:29:11.942652Z,KXBTC15M-26OCT042330-30,0.0050,0.01,yes
2026-10-05T03:29:11.942652Z,KXBTC15M-26OCT042330-30,0.0050,68.44,yes
2026-10-05T03:29:11.942652Z,KXBTC15M-26OCT042330-30,0.0050,3.00,yes
2026-10-05T03:29:11.942652Z,KXBTC15M-26OCT042330-30,0.0050,14.10,yes
2026-10-05T03:29:11.942652Z,KXBTC15M-26OCT042330-30,0.0050,0.01,yes
2026-10-05T03:29:11.953544Z,KXBTC15M-26OCT042330-30,0.0050,40.62,yes
2026-10-05T03:29:12.013194Z,KXBTC15M-26OCT042330-30,0.0040,290.50,no
2026-10-05T03:29:12.018776Z,KXBTC15M-26OCT042330-30,0.0040,5.90,no
2026-10-05T03:29:12.019883Z,KXBTC15M-26OCT042330-30,0.0040,16.05,no
2026-10-05T03:29:12.044416Z,KXBTC15M-26OCT042330-30,0.0050,55.25,yes
2026-10-05T03:29:12.044416Z,KXBTC15M-26OCT042330-30,0.0050,98.13,yes
2026-10-05T03:29:12.044416Z,KXBTC15M-26OCT042330-30,0.0050,0.02,yes
2026-10-05T03:29:12.044416Z,KXBTC15M-26OCT042330-30,0.0050,38.60,yes
2026-10-05T03:29:12.055326Z,KXBTC15M-26OCT042330-30,0.0050,0.73,yes
2026-10-05T03:29:12.155503Z,KXBTC15M-26OCT042330-30,0.0050,186.97,yes
2026-10-05T03:29:12.200401Z,KXBTC15M-26OCT042330-30,0.0040,1142.61,no
2026-10-05T03:29:12.200401Z,KXBTC15M-26OCT042330-30,0.0040,57.39,no
2026-10-05T03:29:12.218016Z,KXBTC15M-26OCT042330-30,0.0040,947.87,no
2026-10-05T03:29:12.239692Z,KXBTC15M-26OCT042330-30,0.0050,64.20,yes
2026-10-05T03:29:12.239692Z,KXBTC15M-26OCT042330-30,0.0050,5.90,yes
2026-10-05T03:29:12.239692Z,KXBTC15M-26OCT042330-30,0.0050,100.82,yes
2026-10-05T03:29:12.239692Z,KXBTC15M-26OCT042330-30,0.0050,16.05,yes
2026-10-05T03:29:12.246293Z,KXBTC15M-26OCT042330-30,0.0050,598.14,yes
2026-10-05T03:29:12.258533Z,KXBTC15M-26OCT042330-30,0.0040,90.33,no
2026-10-05T03:29:12.302394Z,KXBTC15M-26OCT042330-30,0.0050,186.97,yes
2026-10-05T03:29:12.348011Z,KXBTC15M-26OCT042330-30,0.0040,25.09,no
2026-10-05T03:29:12.379876Z,KXBTC15M-26OCT042330-30,0.0050,33.48,yes
2026-10-05T03:29:12.386216Z,KXBTC15M-26OCT042330-30,0.0040,0.01,no
2026-10-05T03:29:12.386216Z,KXBTC15M-26OCT042330-30,0.0040,63.00,no
2026-10-05T03:29:12.386216Z,KXBTC15M-26OCT042330-30,0.0040,0.01,no
2026-10-05T03:29:12.386216Z,KXBTC15M-26OCT042330-30,0.0040,490.35,no
2026-10-05T03:29:12.386216Z,KXBTC15M-26OCT042330-30,0.0040,20.00,no
2026-10-05T03:29:12.386216Z,KXBTC15M-26OCT042330-30,0.0040,6.00,no
2026-10-05T03:29:12.386216Z,KXBTC15M-26OCT042330-30,0.0040,1.00,no
2026-10-05T03:29:12.386216Z,KXBTC15M-26OCT042330-30,0.0040,1.00,no
2026-10-05T03:29:12.386216Z,KXBTC15M-26OCT042330-30,0.0040,1.00,no
2026-10-05T03:29:12.386216Z,KXBTC15M-26OCT042330-30,0.0040,13.00,no
2026-10-05T03:29:12.386216Z,KXBTC15M-26OCT042330-30,0.0040,1.00,no
2026-10-05T03:29:12.386216Z,KXBTC15M-26OCT042330-30,0.0040,1.00,no
2026-10-05T03:29:12.386216Z,KXBTC15M-26OCT042330-30,0.0040,512.00,no
2026-10-05T03:29:12.386216Z,KXBTC15M-26OCT042330-30,0.0040,1800.00,no
2026-10-05T03:29:12.386216Z,KXBTC15M-26OCT042330-30,0.0040,679.32,no
2026-10-05T03:29:12.386216Z,KXBTC15M-26OCT042330-30,0.0040,1047.00,no
2026-10-05T03:29:12.386216Z,KXBTC15M-26OCT042330-30,0.0040,120.00,no
2026-10-05T03:29:12.442305Z,KXBTC15M-26OCT042330-30,0.0040,108.96,yes
2026-10-05T03:29:12.449379Z,KXBTC15M-26OCT042330-30,0.0040,186.97,yes
2026-10-05T03:29:12.453823Z,KXBTC15M-26OCT042330-30,0.0030,0.17,no
2026-10-05T03:29:12.503217Z,KXBTC15M-26OCT042330-30,0.0030,1394.83,no
2026-10-05T03:29:12.503217Z,KXBTC15M-26OCT042330-30,0.0030,574.32,no
2026-10-05T03:29:12.50383Z,KXBTC15M-26OCT042330-30,0.0040,235.85,yes
2026-10-05T03:29:12.548496Z,KXBTC15M-26OCT042330-30,0.0030,9.82,no
2026-10-05T03:29:12.564852Z,KXBTC15M-26OCT042330-30,0.0040,30.36,yes
2026-10-05T03:29:12.578628Z,KXBTC15M-26OCT042330-30,0.0040,1.66,yes
2026-10-05T03:29:12.63759Z,KXBTC15M-26OCT042330-30,0.0040,27.60,yes
2026-10-05T03:29:12.657653Z,KXBTC15M-26OCT042330-30,0.0040,2.04,yes
2026-10-05T03:29:12.658523Z,KXBTC15M-26OCT042330-30,0.0040,46.75,yes
2026-10-05T03:29:12.675444Z,KXBTC15M-26OCT042330-30,0.0030,52.53,no
2026-10-05T03:29:12.694276Z,KXBTC15M-26OCT042330-30,0.0030,294.51,no
2026-10-05T03:29:12.709405Z,KXBTC15M-26OCT042330-30,0.0040,3340.62,yes
2026-10-05T03:29:12.745628Z,KXBTC15M-26OCT042330-30,0.0030,18.46,no
2026-10-05T03:29:12.783338Z,KXBTC15M-26OCT042330-30,0.0030,19.66,no
2026-10-05T03:29:12.809049Z,KXBTC15M-26OCT042330-30,0.0040,20.42,yes
2026-10-05T03:29:12.809049Z,KXBTC15M-26OCT042330-30,0.0040,0.01,yes
2026-10-05T03:29:12.809049Z,KXBTC15M-26OCT042330-30,0.0040,0.01,yes
2026-10-05T03:29:12.816777Z,KXBTC15M-26OCT042330-30,0.0030,3.65,no
2026-10-05T03:29:12.81718Z,KXBTC15M-26OCT042330-30,0.0030,250.69,no
2026-10-05T03:29:12.835941Z,KXBTC15M-26OCT042330-30,0.0030,0.01,no
2026-10-05T03:29:12.840227Z,KXBTC15M-26OCT042330-30,0.0040,28.17,yes
2026-10-05T03:29:12.89088Z,KXBTC15M-26OCT042330-30,0.0040,229.04,yes
2026-10-05T03:29:12.940573Z,KXBTC15M-26OCT042330-30,0.0040,93.49,yes
2026-10-05T03:29:12.969302Z,KXBTC15M-26OCT042330-30,0.0040,186.97,yes
2026-10-05T03:29:13.037404Z,KXBTC15M-26OCT042330-30,0.0030,85.23,no
2026-10-05T03:29:13.070824Z,KXBTC15M-26OCT042330-30,0.0040,226.69,yes
2026-10-05T03:29:13.093911Z,KXBTC15M-26OCT042330-30,0.0040,3.18,yes
2026-10-05T03:29:13.100217Z,KXBTC15M-26OCT042330-30,0.0040,7.21,yes
2026-10-05T03:29:13.103277Z,KXBTC15M-26OCT042330-30,0.0040,4.42,yes
2026-10-05T03:29:13.133102Z,KXBTC15M-26OCT042330-30,0.0040,41.25,yes
2026-10-05T03:29:13.146484Z,KXBTC15M-26OCT042330-30,0.0040,179.58,yes
2026-10-05T03:29:13.146484Z,KXBTC15M-26OCT042330-30,0.0040,278.49,yes
2026-10-05T03:29:13.230346Z,KXBTC15M-26OCT042330-30,0.0030,37.75,no
2026-10-05T03:29:13.234401Z,KXBTC15M-26OCT042330-30,0.0040,23.37,yes
2026-10-05T03:29:13.263088Z,KXBTC15M-26OCT042330-30,0.0040,3.81,yes
2026-10-05T03:29:13.281327Z,KXBTC15M-26OCT042330-30,0.0040,268.65,yes
2026-10-05T03:29:13.281327Z,KXBTC15M-26OCT042330-30,0.0040,853.14,yes
2026-10-05T03:29:13.295007Z,KXBTC15M-26OCT042330-30,0.0030,88.24,no
2026-10-05T03:29:13.318954Z,KXBTC15M-26OCT042330-30,0.0040,311.92,yes
2026-10-05T03:29:13.318954Z,KXBTC15M-26OCT042330-30,0.0040,3.65,yes
2026-10-05T03:29:13.318954Z,KXBTC15M-26OCT042330-30,0.0040,294.51,yes
2026-10-05T03:29:13.318954Z,KXBTC15M-26OCT042330-30,0.0040,18.46,yes
2026-10-05T03:29:13.318954Z,KXBTC15M-26OCT042330-30,0.0040,250.69,yes
2026-10-05T03:29:13.318954Z,KXBTC15M-26OCT042330-30,0.0040,146.86,yes
2026-10-05T03:29:13.318954Z,KXBTC15M-26OCT042330-30,0.0040,0.02,yes
2026-10-05T03:29:13.318954Z,KXBTC15M-26OCT042330-30,0.0040,52.53,yes
2026-10-05T03:29:13.318954Z,KXBTC15M-26OCT042330-30,0.0040,19.66,yes
2026-10-05T03:29:13.318954Z,KXBTC15M-26OCT042330-30,0.0040,9.82,yes
2026-10-05T03:29:13.318954Z,KXBTC15M-26OCT042330-30,0.0040,0.01,yes
2026-10-05T03:29:13.318954Z,KXBTC15M-26OCT042330-30,0.0040,37.03,yes
2026-10-05T03:29:13.350165Z,KXBTC15M-26OCT042330-30,0.0040,1.52,yes
2026-10-05T03:29:13.387677Z,KXBTC15M-26OCT042330-30,0.0040,30.10,yes
2026-10-05T03:29:13.387677Z,KXBTC15M-26OCT042330-30,0.0040,46.68,yes
2026-10-05T03:29:13.387677Z,KXBTC15M-26OCT042330-30,0.0040,37.75,yes
2026-10-05T03:29:13.38992Z,KXBTC15M-26OCT042330-30,0.0030,1.00,no
2026-10-05T03:29:13.404628Z,KXBTC15M-26OCT042330-30,0.0050,213.24,yes
2026-10-05T03:29:13.404628Z,KXBTC15M-26OCT042330-30,0.0040,58.14,yes
2026-10-05T03:29:13.423568Z,KXBTC15M-26OCT042330-30,0.0050,57.39,yes
2026-10-05T03:29:13.423568Z,KXBTC15M-26OCT042330-30,0.0050,145.60,yes
2026-10-05T03:29:13.423568Z,KXBTC15M-26OCT042330-30,0.0050,9.96,yes
2026-10-05T03:29:13.452364Z,KXBTC15M-26OCT042330-30,0.0030,2500.00,no
2026-10-05T03:29:13.452364Z,KXBTC15M-26OCT042330-30,0.0030,2.00,no
2026-10-05T03:29:13.452364Z,KXBTC15M-26OCT042330-30,0.0030,2.00,no
2026-10-05T03:29:13.452364Z,KXBTC15M-26OCT042330-30,0.0030,71.00,no
2026-10-05T03:29:13.452364Z,KXBTC15M-26OCT042330-30,0.0030,3750.00,no
2026-10-05T03:29:13.452364Z,KXBTC15M-26OCT042330-30,0.0030,0.01,no
2026-10-05T03:29:13.452364Z,KXBTC15M-26OCT042330-30,0.0030,482.64,no
2026-10-05T03:29:13.452364Z,KXBTC15M-26OCT042330-30,0.0030,25.00,no
2026-10-05T03:29:13.452364Z,KXBTC15M-26OCT042330-30,0.0030,0.01,no
2026-10-05T03:29:13.452364Z,KXBTC15M-26OCT042330-30,0.0030,166.00,no
2026-10-05T03:29:13.452364Z,KXBTC15M-26OCT042330-30,0.0030,2.00,no
2026-10-05T03:29:13.452364Z,KXBTC15M-26OCT042330-30,0.0030,2.00,no
2026-10-05T03:29:13.452364Z,KXBTC15M-26OCT042330-30,0.0030,2.00,no
2026-10-05T03:29:13.452364Z,KXBTC15M-26OCT042330-30,0.0030,2.00,no
2026-10-05T03:29:13.452364Z,KXBTC15M-26OCT042330-30,0.0030,2.00,no
2026-10-05T03:29:13.452364Z,KXBTC15M-26OCT042330-30,0.0030,1800.00,no
2026-10-05T03:29:13.452364Z,KXBTC15M-26OCT042330-30,0.0030,1800.00,no
2026-10-05T03:29:13.452364Z,KXBTC15M-26OCT042330-30,0.0030,364.13,no
2026-10-05T03:29:13.452364Z,KXBTC15M-26OCT042330-30,0.0030,120.00,no
2026-10-05T03:29:13.452364Z,KXBTC15M-26OCT042330-30,0.0030,18.00,no
2026-10-05T03:29:13.465952Z,KXBTC15M-26OCT042330-30,0.0030,3.93,yes
2026-10-05T03:29:13.537512Z,KXBTC15M-26OCT042330-30,0.0030,268.31,yes
2026-10-05T03:29:13.542975Z,KXBTC15M-26OCT042330-30,0.0030,34.17,yes
2026-10-05T03:29:13.620024Z,KXBTC15M-26OCT042330-30,0.0030,250.07,yes
2026-10-05T03:29:13.749257Z,KXBTC15M-26OCT042330-30,0.0030,60.22,yes
2026-10-05T03:29:13.801808Z,KXBTC15M-26OCT042330-30,0.0020,14.66,no
2026-10-05T03:29:13.838524Z,KXBTC15M-26OCT042330-30,0.0020,38.04,no
2026-10-05T03:29:13.844094Z,KXBTC15M-26OCT042330-30,0.0030,112.00,yes
2026-10-05T03:29:13.900756Z,KXBTC15M-26OCT042330-30,0.0030,21.22,yes
2026-10-05T03:29:13.908546Z,KXBTC15M-26OCT042330-30,0.0020,147.40,no
2026-10-05T03:29:13.916374Z,KXBTC15M-26OCT042330-30,0.0030,16.37,yes
2026-10-05T03:29:13.944979Z,KXBTC15M-26OCT042330-30,0.0030,8.97,yes
2026-10-05T03:29:14.074818Z,KXBTC15M-26OCT042330-30,0.0030,178.46,yes
2026-10-05T03:29:14.074818Z,KXBTC15M-26OCT042330-30,0.0030,7.63,yes
2026-10-05T03:29:14.074818Z,KXBTC15M-26OCT042330-30,0.0030,0.01,yes
2026-10-05T03:29:14.074818Z,KXBTC15M-26OCT042330-30,0.0030,0.01,yes
2026-10-05T03:29:14.077617Z,KXBTC15M-26OCT042330-30,0.0020,12.32,no
2026-10-05T03:29:14.083063Z,KXBTC15M-26OCT042330-30,0.0020,5.00,no
2026-10-05T03:29:14.083063Z,KXBTC15M-26OCT042330-30,0.0020,10.00,no
2026-10-05T03:29:14.083063Z,KXBTC15M-26OCT042330-30,0.0020,2.00,no
2026-10-05T03:29:14.083063Z,KXBTC15M-26OCT042330-30,0.0020,374.82,no
2026-10-05T03:29:14.083063Z,KXBTC15M-26OCT042330-30,0.0020,14.60,no
2026-10-05T03:29:14.083063Z,KXBTC15M-26OCT042330-30,0.0020,26.00,no
2026-10-05T03:29:14.083063Z,KXBTC15M-26OCT042330-30,0.0020,120.00,no
2026-10-05T03:29:14.083063Z,KXBTC15M-26OCT042330-30,0.0020,1000.00,no
2026-10-05T03:29:14.083063Z,KXBTC15M-26OCT042330-30,0.0020,100.00,no
2026-10-05T03:29:14.083063Z,KXBTC15M-26OCT042330-30,0.0020,1000.00,no
2026-10-05T03:29:14.083063Z,KXBTC15M-26OCT042330-30,0.0020,7787.58,no
2026-10-05T03:29:14.083063Z,KXBTC15M-26OCT042330-30,0.0020,1000.00,no
2026-10-05T03:29:14.083063Z,KXBTC15M-26OCT042330-30,0.0020,1047.00,no
2026-10-05T03:29:14.083063Z,KXBTC15M-26OCT042330-30,0.0020,3.00,no
2026-10-05T03:29:14.083063Z,KXBTC15M-26OCT042330-30,0.0020,3.00,no
2026-10-05T03:29:14.083063Z,KXBTC15M-26OCT042330-30,0.0020,3.00,no
2026-10-05T03:29:14.083063Z,KXBTC15M-26OCT042330-30,0.0020,3.00,no
2026-10-05T03:29:14.083063Z,KXBTC15M-26OCT042330-30,0.0020,3.00,no
2026-10-05T03:29:14.144826Z,KXBTC15M-26OCT042330-30,0.0020,58.10,no
2026-10-05T03:29:14.152793Z,KXBTC15M-26OCT042330-30,0.0030,1.10,yes
2026-10-05T03:29:14.166824Z,KXBTC15M-26OCT042330-30,0.0020,17.00,no
2026-10-05T03:29:14.166824Z,KXBTC15M-26OCT042330-30,0.0020,18.56,no
2026-10-05T03:29:14.166824Z,KXBTC15M-26OCT042330-30,0.0020,67.08,no
2026-10-05T03:29:14.21965Z,KXBTC15M-26OCT042330-30,0.0030,119.66,yes
2026-10-05T03:29:14.244046Z,KXBTC15M-26OCT042330-30,0.0020,0.90,no
2026-10-05T03:29:14.299654Z,KXBTC15M-26OCT042330-30,0.0030,72.44,yes
2026-10-05T03:29:14.302003Z,KXBTC15M-26OCT042330-30,0.0030,3053.57,yes
2026-10-05T03:29:14.317889Z,KXBTC15M-26OCT042330-30,0.0030,3.06,yes
2026-10-05T03:29:14.321333Z,KXBTC15M-26OCT042330-30,0.0030,43.04,yes
2026-10-05T03:29:14.382635Z,KXBTC15M-26OCT042330-30,0.0030,35.46,yes
2026-10-05T03:29:14.385535Z,KXBTC15M-26OCT042330-30,0.0020,18.56,no
2026-10-05T03:29:14.385535Z,KXBTC15M-26OCT042330-30,0.0020,10.00,no
2026-10-05T03:29:14.385535Z,KXBTC15M-26OCT042330-30,0.0020,500.00,no
2026-10-05T03:29:14.385535Z,KXBTC15M-26OCT042330-30,0.0020,0.90,no
2026-10-05T03:29:14.385535Z,KXBTC15M-26OCT042330-30,0.0020,78.00,no
2026-10-05T03:29:14.385535Z,KXBTC15M-26OCT042330-30,0.0020,0.01,no
2026-10-05T03:29:14.385535Z,KXBTC15M-26OCT042330-30,0.0020,8.54,no
2026-10-05T03:29:14.385535Z,KXBTC15M-26OCT042330-30,0.0020,0.01,no
2026-10-05T03:29:14.385535Z,KXBTC15M-26OCT042330-30,0.0010,365.80,no
2026-10-05T03:29:14.392792Z,KXBTC15M-26OCT042330-30,0.0020,0.01,no
2026-10-05T03:29:14.392792Z,KXBTC15M-26OCT042330-30,0.0020,0.01,no
2026-10-05T03:29:14.430127Z,KXBTC15M-26OCT042330-30,0.0020,165.16,yes
2026-10-05T03:29:14.434196Z,KXBTC15M-26OCT042330-30,0.0020,101.16,yes
2026-10-05T03:29:14.460983Z,KXBTC15M-26OCT042330-30,0.0010,192.04,no
2026-10-05T03:29:14.476442Z,KXBTC15M-26OCT042330-30,0.0010,10.65,no
2026-10-05T03:29:14.48967Z,KXBTC15M-26OCT042330-30,0.0020,0.01,yes
2026-10-05T03:29:14.48967Z,KXBTC15M-26OCT042330-30,0.0030,377.99,yes
2026-10-05T03:29:14.48967Z,KXBTC15M-26OCT042330-30,0.0030,12.00,yes
2026-10-05T03:29:14.48967Z,KXBTC15M-26OCT042330-30,0.0020,0.01,yes
2026-10-05T03:29:14.48967Z,KXBTC15M-26OCT042330-30,0.0020,10.65,yes
2026-10-05T03:29:14.48967Z,KXBTC15M-26OCT042330-30,0.0020,192.04,yes
2026-10-05T03:29:14.48967Z,KXBTC15M-26OCT042330-30,0.0020,99.46,yes
2026-10-05T03:29:14.48967Z,KXBTC15M-26OCT042330-30,0.0030,5.00,yes
2026-10-05T03:29:14.48967Z,KXBTC15M-26OCT042330-30,0.0030,414.04,yes
2026-10-05T03:29:14.48967Z,KXBTC15M-26OCT042330-30,0.0030,38.00,yes
2026-10-05T03:29:14.48967Z,KXBTC15M-26OCT042330-30,0.0030,0.02,yes
2026-10-05T03:29:14.48967Z,KXBTC15M-26OCT042330-30,0.0030,147.00,yes
2026-10-05T03:29:14.497409Z,KXBTC15M-26OCT042330-30,0.0030,1526.80,yes
2026-10-05T03:29:14.511974Z,KXBTC15M-26OCT042330-30,0.0030,100.71,yes
2026-10-05T03:29:14.521009Z,KXBTC15M-26OCT042330-30,0.0030,610.72,yes
2026-10-05T03:29:14.591896Z,KXBTC15M-26OCT042330-30,0.0010,980.99,no
2026-10-05T03:29:14.614744Z,KXBTC15M-26OCT042330-30,0.0020,12.00,yes
2026-10-05T03:29:14.62995Z,KXBTC15M-26OCT042330-30,0.0020,2000.62,yes
2026-10-05T03:29:14.722635Z,KXBTC15M-26OCT042330-30,0.0010,41.52,no
2026-10-05T03:29:14.725689Z,KXBTC15M-26OCT042330-30,0.0010,27.45,no
2026-10-05T03:29:14.817456Z,KXBTC15M-26OCT042330-30,0.0010,26.26,no
2026-10-05T03:29:14.848062Z,KXBTC15M-26OCT042330-30,0.0010,3.00,no
2026-10-05T03:29:14.848994Z,KXBTC15M-26OCT042330-30,0.0020,41.52,yes
2026-10-05T03:29:14.848994Z,KXBTC15M-26OCT042330-30,0.0020,980.99,yes
2026-10-05T03:29:14.848994Z,KXBTC15M-26OCT042330-30,0.0020,27.45,yes
2026-10-05T03:29:14.848994Z,KXBTC15M-26OCT042330-30,0.0020,0.01,yes
2026-10-05T03:29:14.848994Z,KXBTC15M-26OCT042330-30,0.0020,0.02,yes
2026-10-05T03:29:14.848994Z,KXBTC15M-26OCT042330-30,0.0020,0.01,yes
2026-10-05T03:29:14.848994Z,KXBTC15M-26OCT042330-30,0.0030,512.61,yes
2026-10-05T03:29:14.848994Z,KXBTC15M-26OCT042330-30,0.0020,26.26,yes
2026-10-05T03:29:14.860412Z,KXBTC15M-26OCT042330-30,0.0020,3.00,no
2026-10-05T03:29:14.921692Z,KXBTC15M-26OCT042330-30,0.0030,100.50,yes
2026-10-05T03:29:15.095538Z,KXBTC15M-26OCT042330-30,0.0030,1660.62,yes
2026-10-05T03:29:15.105553Z,KXBTC15M-26OCT042330-30,0.0020,0.01,no
2026-10-05T03:29:15.105553Z,KXBTC15M-26OCT042330-30,0.0020,0.01,no
2026-10-05T03:29:15.105553Z,KXBTC15M-26OCT042330-30,0.0020,49.00,no
2026-10-05T03:29:15.105553Z,KXBTC15M-26OCT042330-30,0.0020,7.00,no
2026-10-05T03:29:15.105553Z,KXBTC15M-26OCT042330-30,0.0020,28.00,no
2026-10-05T03:29:15.106008Z,KXBTC15M-26OCT042330-30,0.0010,196.26,no
2026-10-05T03:29:15.111849Z,KXBTC15M-26OCT042330-30,0.0030,305.35,yes
2026-10-05T03:29:15.144051Z,KXBTC15M-26OCT042330-30,0.0010,8.76,no
2026-10-05T03:29:15.163846Z,KXBTC15M-26OCT042330-30,0.0010,38.05,no
2026-10-05T03:29:15.18215Z,KXBTC15M-26OCT042330-30,0.0020,196.26,yes
2026-10-05T03:29:15.18215Z,KXBTC15M-26OCT042330-30,0.0020,38.05,yes
2026-10-05T03:29:15.18215Z,KXBTC15M-26OCT042330-30,0.0020,8.76,yes
2026-10-05T03:29:15.18215Z,KXBTC15M-26OCT042330-30,0.0030,68.52,yes
2026-10-05T03:29:15.241874Z,KXBTC15M-26OCT042330-30,0.0010,3.86,no
2026-10-05T03:29:15.269334Z,KXBTC15M-26OCT042330-30,0.0020,3.86,yes
2026-10-05T03:29:15.269334Z,KXBTC15M-26OCT042330-30,0.0030,580.56,yes
2026-10-05T03:29:15.311461Z,KXBTC15M-26OCT042330-30,0.0030,271.36,yes
2026-10-05T03:29:15.385907Z,KXBTC15M-26OCT042330-30,0.0020,0.02,yes
2026-10-05T03:29:15.385907Z,KXBTC15M-26OCT042330-30,0.0030,32.33,yes
2026-10-05T03:29:15.387362Z,KXBTC15M-26OCT042330-30,0.0010,64.76,no
2026-10-05T03:29:15.397587Z,KXBTC15M-26OCT042330-30,0.0010,0.02,no
2026-10-05T03:29:15.419462Z,KXBTC15M-26OCT042330-30,0.0010,400.00,no
2026-10-05T03:29:15.458136Z,KXBTC15M-26OCT042330-30,0.0010,30426.58,no
2026-10-05T03:29:15.458136Z,KXBTC15M-26OCT042330-30,0.0010,17327.42,no
2026-10-05T03:29:15.45907Z,KXBTC15M-26OCT042330-30,0.0010,163.65,no
2026-10-05T03:29:15.519289Z,KXBTC15M-26OCT042330-30,0.0020,64.76,yes
2026-10-05T03:29:15.519289Z,KXBTC15M-26OCT042330-30,0.0020,0.02,yes
2026-10-05T03:29:15.519289Z,KXBTC15M-26OCT042330-30,0.0020,261.22,yes
2026-10-05T03:29:15.520275Z,KXBTC15M-26OCT042330-30,0.0010,1.00,no
2026-10-05T03:29:15.620761Z,KXBTC15M-26OCT042330-30,0.0020,138.78,yes
2026-10-05T03:29:15.620761Z,KXBTC15M-26OCT042330-30,0.0020,82.41,yes
2026-10-05T03:29:15.637001Z,KXBTC15M-26OCT042330-30,0.0010,29.88,no
2026-10-05T03:29:15.6609Z,KXBTC15M-26OCT042330-30,0.0020,311.59,yes
2026-10-05T03:29:15.670492Z,KXBTC15M-26OCT042330-30,0.0020,2.44,yes
2026-10-05T03:29:15.693804Z,KXBTC15M-26OCT042330-30,0.0020,127.57,yes
2026-10-05T03:29:15.888709Z,KXBTC15M-26OCT042330-30,0.0020,256.44,yes
2026-10-05T03:29:15.946749Z,KXBTC15M-26OCT042330-30,0.0010,100.09,no
2026-10-05T03:29:15.959221Z,KXBTC15M-26OCT042330-30,0.0010,648.72,no
2026-10-05T03:29:15.974315Z,KXBTC15M-26OCT042330-30,0.0010,3002.79,no
2026-10-05T03:29:15.998262Z,KXBTC15M-26OCT042330-30,0.0010,14.47,no
2026-10-05T03:29:15.999872Z,KXBTC15M-26OCT042330-30,0.0010,11.80,no
2026-10-05T03:29:16.028936Z,KXBTC15M-26OCT042330-30,0.0010,0.36,no
2026-10-05T03:29:16.081601Z,KXBTC15M-26OCT042330-30,0.0010,70.00,no
2026-10-05T03:29:16.118595Z,KXBTC15M-26OCT042330-30,0.0020,38.58,yes
2026-10-05T03:29:16.185103Z,KXBTC15M-26OCT042330-30,0.0020,5.02,yes
2026-10-05T03:29:16.267731Z,KXBTC15M-26OCT042330-30,0.0010,1227.45,no
2026-10-05T03:29:16.293761Z,KXBTC15M-26OCT042330-30,0.0020,99.93,yes
2026-10-05T03:29:16.337006Z,KXBTC15M-26OCT042330-30,0.0020,412.22,yes
2026-10-05T03:29:16.342717Z,KXBTC15M-26OCT042330-30,0.0010,18.19,no
2026-10-05T03:29:16.363162Z,KXBTC15M-26OCT042330-30,0.0010,25.02,no
2026-10-05T03:29:16.448988Z,KXBTC15M-26OCT042330-30,0.0020,45.80,yes
2026-10-05T03:29:16.465114Z,KXBTC15M-26OCT042330-30,0.0020,6.02,yes
2026-10-05T03:29:16.489511Z,KXBTC15M-26OCT042330-30,0.0020,72.00,yes
2026-10-05T03:29:16.491614Z,KXBTC15M-26OCT042330-30,0.0020,5.18,yes
2026-10-05T03:29:16.507307Z,KXBTC15M-26OCT042330-30,0.0020,4580.06,yes
2026-10-05T03:29:16.592539Z,KXBTC15M-26OCT042330-30,0.0020,210.54,yes
2026-10-05T03:29:16.601062Z,KXBTC15M-26OCT042330-30,0.0010,15.01,no
2026-10-05T03:29:16.60491Z,KXBTC15M-26OCT042330-30,0.0010,243.13,no
2026-10-05T03:29:16.629734Z,KXBTC15M-26OCT042330-30,0.0020,92.21,yes
2026-10-05T03:29:16.807812Z,KXBTC15M-26OCT042330-30,0.0020,8.58,yes
2026-10-05T03:29:16.852155Z,KXBTC15M-26OCT042330-30,0.0020,45.50,yes
2026-10-05T03:29:16.866531Z,KXBTC15M-26OCT042330-30,0.0020,458.01,yes
2026-10-05T03:29:16.889254Z,KXBTC15M-26OCT042330-30,0.0020,916.02,yes
2026-10-05T03:29:16.929265Z,KXBTC15M-26OCT042330-30,0.0020,4580.06,yes
2026-10-05T03:29:16.939706Z,KXBTC15M-26OCT042330-30,0.0020,458.01,yes
2026-10-05T03:29:16.945326Z,KXBTC15M-26OCT042330-30,0.0020,1979.37,yes
2026-10-05T03:29:16.994731Z,KXBTC15M-26OCT042330-30,0.0020,2290.05,yes
2026-10-05T03:29:17.021571Z,KXBTC15M-26OCT042330-30,0.0020,458.01,yes
2026-10-05T03:29:17.024427Z,KXBTC15M-26OCT042330-30,0.0020,25.56,yes
2026-10-05T03:29:17.055362Z,KXBTC15M-26OCT042330-30,0.0020,134.12,yes
2026-10-05T03:29:17.091981Z,KXBTC15M-26OCT042330-30,0.0020,5.96,yes
2026-10-05T03:29:17.129721Z,KXBTC15M-26OCT042330-30,0.0010,147.13,no
2026-10-05T03:29:17.133689Z,KXBTC15M-26OCT042330-30,0.0020,2243.31,yes
2026-10-05T03:29:17.196897Z,KXBTC15M-26OCT042330-30,0.0020,467.53,yes
2026-10-05T03:29:17.24958Z,KXBTC15M-26OCT042330-30,0.0010,317.76,no
2026-10-05T03:29:17.294589Z,KXBTC15M-26OCT042330-30,0.0010,35.88,no
2026-10-05T03:29:17.328168Z,KXBTC15M-26OCT042330-30,0.0020,5.06,yes
2026-10-05T03:29:17.35747Z,KXBTC15M-26OCT042330-30,0.0020,458.01,yes
2026-10-05T03:29:17.372321Z,KXBTC15M-26OCT042330-30,0.0020,425.94,yes
2026-10-05T03:29:17.393537Z,KXBTC15M-26OCT042330-30,0.0020,6870.08,yes
2026-10-05T03:29:17.419247Z,KXBTC15M-26OCT042330-30,0.0020,35.00,yes
2026-10-05T03:29:17.444094Z,KXBTC15M-26OCT042330-30,0.0020,39.41,yes
2026-10-05T03:29:17.468233Z,KXBTC15M-26OCT042330-30,0.0020,25.66,yes
2026-10-05T03:29:17.532823Z,KXBTC15M-26OCT042330-30,0.0020,458.01,yes
2026-10-05T03:29:17.563284Z,KXBTC15M-26OCT042330-30,0.0020,458.01,yes
2026-10-05T03:29:17.620006Z,KXBTC15M-26OCT042330-30,0.0020,36.98,yes
2026-10-05T03:29:17.692823Z,KXBTC15M-26OCT042330-30,0.0010,1.75,no
2026-10-05T03:29:17.707623Z,KXBTC15M-26OCT042330-30,0.0020,283.99,yes
2026-10-05T03:29:17.739771Z,KXBTC15M-26OCT042330-30,0.0010,43.04,no
2026-10-05T03:29:17.76351Z,KXBTC15M-26OCT042330-30,0.0010,0.50,no
2026-10-05T03:29:17.78139Z,KXBTC15M-26OCT042330-30,0.0020,17.62,yes
2026-10-05T03:29:17.78954Z,KXBTC15M-26OCT042330-30,0.0020,67.59,yes
2026-10-05T03:29:17.790508Z,KXBTC15M-26OCT042330-30,0.0020,129.25,yes
2026-10-05T03:29:17.831385Z,KXBTC15M-26OCT042330-30,0.0010,50.00,no
2026-10-05T03:29:17.873073Z,KXBTC15M-26OCT042330-30,0.0020,66.20,yes
2026-10-05T03:29:17.8986Z,KXBTC15M-26OCT042330-30,0.0020,153.00,yes
2026-10-05T03:29:17.917176Z,KXBTC15M-26OCT042330-30,0.0020,478.67,yes
2026-10-05T03:29:17.917176Z,KXBTC15M-26OCT042330-30,0.0020,3937.74,yes
2026-10-05T03:29:17.917176Z,KXBTC15M-26OCT042330-30,0.0020,163.65,yes
2026-10-05T03:29:18.001791Z,KXBTC15M-26OCT042330-30,0.0020,903.15,yes
2026-10-05T03:29:18.040432Z,KXBTC15M-26OCT042330-30,0.0020,87.44,yes
2026-10-05T03:29:18.069518Z,KXBTC15M-26OCT042330-30,0.0020,53.81,yes
2026-10-05T03:29:18.085456Z,KXBTC15M-26OCT042330-30,0.0020,255.55,yes
2026-10-05T03:29:18.090426Z,KXBTC15M-26OCT042330-30,0.0020,82.41,yes
2026-10-05T03:29:18.097952Z,KXBTC15M-26OCT042330-30,0.0010,24.90,no
2026-10-05T03:29:18.135834Z,KXBTC15M-26OCT042330-30,0.0010,1001.00,no
2026-10-05T03:29:18.218114Z,KXBTC15M-26OCT042330-30,0.0020,45.80,yes
2026-10-05T03:29:18.227586Z,KXBTC15M-26OCT042330-30,0.0020,916.02,yes
2026-10-05T03:29:18.275252Z,KXBTC15M-26OCT042330-30,0.0020,22.14,yes
2026-10-05T03:29:18.333281Z,KXBTC15M-26OCT042330-30,0.0010,20.01,no
2026-10-05T03:29:18.376376Z,KXBTC15M-26OCT042330-30,0.0020,288.55,yes
2026-10-05T03:29:18.385264Z,KXBTC15M-26OCT042330-30,0.0020,113.43,yes
2026-10-05T03:29:18.438549Z,KXBTC15M-26OCT042330-30,0.0020,186.94,yes
2026-10-05T03:29:18.442884Z,KXBTC15M-26OCT042330-30,0.0020,72.00,yes
2026-10-05T03:29:18.445384Z,KXBTC15M-26OCT042330-30,0.0010,25.02,no
2026-10-05T03:29:18.485707Z,KXBTC15M-26OCT042330-30,0.0020,941.83,yes
2026-10-05T03:29:18.497781Z,KXBTC15M-26OCT042330-30,0.0020,458.01,yes
2026-10-05T03:29:18.509932Z,KXBTC15M-26OCT042330-30,0.0020,664.02,yes
2026-10-05T03:29:18.597327Z,KXBTC15M-26OCT042330-30,0.0020,489.20,yes
2026-10-05T03:29:18.622152Z,KXBTC15M-26OCT042330-30,0.0020,119.14,yes
2026-10-05T03:29:18.67623Z,KXBTC15M-26OCT042330-30,0.0020,229.01,yes
2026-10-05T03:29:18.719896Z,KXBTC15M-26OCT042330-30,0.0020,4580.06,yes
2026-10-05T03:29:18.853789Z,KXBTC15M-26OCT042330-30,0.0020,0.01,yes
2026-10-05T03:29:18.854108Z,KXBTC15M-26OCT042330-30,0.0020,458.01,yes
2026-10-05T03:29:18.866935Z,KXBTC15M-26OCT042330-30,0.0010,33.68,no
2026-10-05T03:29:18.897089Z,KXBTC15M-26OCT042330-30,0.0020,9.23,yes
2026-10-05T03:29:18.938196Z,KXBTC15M-26OCT042330-30,0.0020,3.00,yes
2026-10-05T03:29:18.938196Z,KXBTC15M-26OCT042330-30,0.0020,1.00,yes
2026-10-05T03:29:18.938196Z,KXBTC15M-26OCT042330-30,0.0020,110.28,yes
2026-10-05T03:29:18.938196Z,KXBTC15M-26OCT042330-30,0.0020,2413.92,yes
2026-10-05T03:29:18.938196Z,KXBTC15M-26OCT042330-30,0.0020,0.01,yes
2026-10-05T03:29:18.938196Z,KXBTC15M-26OCT042330-30,0.0020,0.01,yes
2026-10-05T03:29:18.938196Z,KXBTC15M-26OCT042330-30,0.0020,29.88,yes
2026-10-05T03:29:18.938196Z,KXBTC15M-26OCT042330-30,0.0020,100.09,yes
2026-10-05T03:29:18.97141Z,KXBTC15M-26OCT042330-30,0.0020,458.01,yes
2026-10-05T03:29:19.179853Z,KXBTC15M-26OCT042330-30,0.0010,12.43,no
2026-10-05T03:29:19.186144Z,KXBTC15M-26OCT042330-30,0.0010,100.00,no
2026-10-05T03:29:19.211049Z,KXBTC15M-26OCT042330-30,0.0020,5.03,yes
2026-10-05T03:29:19.229463Z,KXBTC15M-26OCT042330-30,0.0020,75.40,yes
2026-10-05T03:29:19.229463Z,KXBTC15M-26OCT042330-30,0.0020,157.96,yes
2026-10-05T03:29:19.234183Z,KXBTC15M-26OCT042330-30,0.0010,4.00,no
2026-10-05T03:29:19.251362Z,KXBTC15M-26OCT042330-30,0.0020,51.04,yes
2026-10-05T03:29:19.2745Z,KXBTC15M-26OCT042330-30,0.0020,467.36,yes
2026-10-05T03:29:19.283806Z,KXBTC15M-26OCT042330-30,0.0020,102.26,yes
2026-10-05T03:29:19.357619Z,KXBTC15M-26OCT042330-30,0.0010,406.61,no
2026-10-05T03:29:19.408207Z,KXBTC15M-26OCT042330-30,0.0010,15.38,no
2026-10-05T03:29:19.412102Z,KXBTC15M-26OCT042330-30,0.0020,458.01,yes
2026-10-05T03:29:19.4414Z,KXBTC15M-26OCT042330-30,0.0020,458.01,yes
2026-10-05T03:29:19.52283Z,KXBTC15M-26OCT042330-30,0.0010,4.01,no
2026-10-05T03:29:19.549725Z,KXBTC15M-26OCT042330-30,0.0020,458.01,yes
2026-10-05T03:29:19.575498Z,KXBTC15M-26OCT042330-30,0.0020,26.77,yes
2026-10-05T03:29:19.610816Z,KXBTC15M-26OCT042330-30,0.0010,188.17,no
2026-10-05T03:29:19.63714Z,KXBTC15M-26OCT042330-30,0.0020,291.70,yes
2026-10-05T03:29:19.646363Z,KXBTC15M-26OCT042330-30,0.0010,20.01,no
2026-10-05T03:29:19.711432Z,KXBTC15M-26OCT042330-30,0.0010,1401.30,no
2026-10-05T03:29:19.72665Z,KXBTC15M-26OCT042330-30,0.0020,20.45,yes
2026-10-05T03:29:19.783143Z,KXBTC15M-26OCT042330-30,0.0010,100.00,no
2026-10-05T03:29:19.785175Z,KXBTC15M-26OCT042330-30,0.0020,10.03,yes
2026-10-05T03:29:19.802378Z,KXBTC15M-26OCT042330-30,0.0020,12.86,yes
2026-10-05T03:29:19.881552Z,KXBTC15M-26OCT042330-30,0.0020,114.50,yes
2026-10-05T03:29:19.954705Z,KXBTC15M-26OCT042330-30,0.0020,373.83,yes
2026-10-05T03:29:19.954705Z,KXBTC15M-26OCT042330-30,0.0020,65.23,yes
2026-10-05T03:29:19.954705Z,KXBTC15M-26OCT042330-30,0.0020,14.47,yes
2026-10-05T03:29:19.954705Z,KXBTC15M-26OCT042330-30,0.0020,0.36,yes
2026-10-05T03:29:19.954705Z,KXBTC15M-26OCT042330-30,0.0020,11.80,yes
2026-10-05T03:29:19.95904Z,KXBTC15M-26OCT042330-30,0.0020,4.77,yes
2026-10-05T03:29:19.95904Z,KXBTC15M-26OCT042330-30,0.0020,84.98,yes
2026-10-05T03:29:20.007124Z,KXBTC15M-26OCT042330-30,0.0020,1.03,yes
2026-10-05T03:29:20.024329Z,KXBTC15M-26OCT042330-30,0.0010,315.29,no
2026-10-05T03:29:20.090004Z,KXBTC15M-26OCT042330-30,0.0020,17.75,yes
2026-10-05T03:29:20.151447Z,KXBTC15M-26OCT042330-30,0.0020,1049.97,yes
2026-10-05T03:29:20.166117Z,KXBTC15M-26OCT042330-30,0.0010,1050.97,no
2026-10-05T03:29:20.174638Z,KXBTC15M-26OCT042330-30,0.0020,521.89,yes
2026-10-05T03:29:20.174638Z,KXBTC15M-26OCT042330-30,0.0020,18.19,yes
2026-10-05T03:29:20.174638Z,KXBTC15M-26OCT042330-30,0.0020,25.02,yes
2026-10-05T03:29:20.174638Z,KXBTC15M-26OCT042330-30,0.0020,73.72,yes
2026-10-05T03:29:20.423675Z,KXBTC15M-26OCT042330-30,0.0020,916.02,yes
2026-10-05T03:29:20.443822Z,KXBTC15M-26OCT042330-30,0.0020,91.62,yes
2026-10-05T03:29:20.479815Z,KXBTC15M-26OCT042330-30,0.0020,39.40,yes
2026-10-05T03:29:20.495107Z,KXBTC15M-26OCT042330-30,0.0010,50.00,no
2026-10-05T03:29:20.543884Z,KXBTC15M-26OCT042330-30,0.0020,314.38,yes
2026-10-05T03:29:20.579535Z,KXBTC15M-26OCT042330-30,0.0020,1.47,yes
2026-10-05T03:29:20.675828Z,KXBTC15M-26OCT042330-30,0.0020,458.01,yes
2026-10-05T03:29:21.04543Z,KXBTC15M-26OCT042330-30,0.0010,88.00,no
2026-10-05T03:29:21.065381Z,KXBTC15M-26OCT042330-30,0.0010,13.29,no
2026-10-05T03:29:21.086656Z,KXBTC15M-26OCT042330-30,0.0020,30.59,yes
2026-10-05T03:29:21.127661Z,KXBTC15M-26OCT042330-30,0.0020,173.25,yes
2026-10-05T03:29:21.127661Z,KXBTC15M-26OCT042330-30,0.0020,26.62,yes
2026-10-05T03:29:21.127661Z,KXBTC15M-26OCT042330-30,0.0020,15.01,yes
2026-10-05T03:29:21.127661Z,KXBTC15M-26OCT042330-30,0.0020,243.13,yes
2026-10-05T03:29:21.129892Z,KXBTC15M-26OCT042330-30,0.0020,5.97,yes
2026-10-05T03:29:21.146774Z,KXBTC15M-26OCT042330-30,0.0010,207.22,no
2026-10-05T03:29:21.148892Z,KXBTC15M-26OCT042330-30,0.0020,467.36,yes
2026-10-05T03:29:21.20576Z,KXBTC15M-26OCT042330-30,0.0020,106.07,yes
2026-10-05T03:29:21.22561Z,KXBTC15M-26OCT042330-30,0.0010,1081.00,no
2026-10-05T03:29:21.257938Z,KXBTC15M-26OCT042330-30,0.0020,265.66,yes
2026-10-05T03:29:21.345482Z,KXBTC15M-26OCT042330-30,0.0010,212.24,no
2026-10-05T03:29:21.358278Z,KXBTC15M-26OCT042330-30,0.0020,11.03,yes
2026-10-05T03:29:21.381391Z,KXBTC15M-26OCT042330-30,0.0010,2.86,no
2026-10-05T03:29:21.386147Z,KXBTC15M-26OCT042330-30,0.0020,5.00,yes
2026-10-05T03:29:21.429026Z,KXBTC15M-26OCT042330-30,0.0020,458.01,yes
2026-10-05T03:29:21.453837Z,KXBTC15M-26OCT042330-30,0.0020,10.49,yes
2026-10-05T03:29:21.57838Z,KXBTC15M-26OCT042330-30,0.0020,81.00,yes
2026-10-05T03:29:21.675159Z,KXBTC15M-26OCT042330-30,0.0020,4.69,yes
2026-10-05T03:29:21.711288Z,KXBTC15M-26OCT042330-30,0.0010,1468.00,no
2026-10-05T03:29:21.72541Z,KXBTC15M-26OCT042330-30,0.0010,4000.00,no
2026-10-05T03:29:21.759449Z,KXBTC15M-26OCT042330-30,0.0020,20.00,yes
2026-10-05T03:29:21.774274Z,KXBTC15M-26OCT042330-30,0.0020,120.55,yes
2026-10-05T03:29:21.821716Z,KXBTC15M-26OCT042330-30,0.0010,76.00,no
2026-10-05T03:29:21.893916Z,KXBTC15M-26OCT042330-30,0.0020,20.06,yes
2026-10-05T03:29:21.925093Z,KXBTC15M-26OCT042330-30,0.0020,139.70,yes
2026-10-05T03:29:21.931505Z,KXBTC15M-26OCT042330-30,0.0010,46.84,no
2026-10-05T03:29:22.002074Z,KXBTC15M-26OCT042330-30,0.0020,458.01,yes
2026-10-05T03:29:22.076119Z,KXBTC15M-26OCT042330-30,0.0010,130.12,no
2026-10-05T03:29:22.185374Z,KXBTC15M-26OCT042330-30,0.0020,916.02,yes
2026-10-05T03:29:22.210006Z,KXBTC15M-26OCT042330-30,0.0010,3691.00,no
2026-10-05T03:29:22.213646Z,KXBTC15M-26OCT042330-30,0.0010,109748.61,no
2026-10-05T03:29:22.213646Z,KXBTC15M-26OCT042330-30,0.0010,45806.39,no
2026-10-05T03:29:22.33131Z,KXBTC15M-26OCT042330-30,0.0020,147.13,yes
2026-10-05T03:29:22.33131Z,KXBTC15M-26OCT042330-30,0.0020,317.76,yes
2026-10-05T03:29:22.33131Z,KXBTC15M-26OCT042330-30,0.0020,92.13,yes
2026-10-05T03:29:22.33131Z,KXBTC15M-26OCT042330-30,0.0020,323.12,yes
2026-10-05T03:29:22.33131Z,KXBTC15M-26OCT042330-30,0.0020,35.88,yes
2026-10-05T03:29:22.388408Z,KXBTC15M-26OCT042330-30,0.0020,93.12,yes
2026-10-05T03:29:22.448499Z,KXBTC15M-26OCT042330-30,0.0020,458.01,yes
2026-10-05T03:29:22.548183Z,KXBTC15M-26OCT042330-30,0.0010,1.00,no
2026-10-05T03:29:22.553186Z,KXBTC15M-26OCT042330-30,0.0010,55.05,no
2026-10-05T03:29:22.624912Z,KXBTC15M-26OCT042330-30,0.0010,12.00,no
2026-10-05T03:29:22.658867Z,KXBTC15M-26OCT042330-30,0.0020,5.59,yes
2026-10-05T03:29:22.736212Z,KXBTC15M-26OCT042330-30,0.0010,0.10,no
2026-10-05T03:29:22.788258Z,KXBTC15M-26OCT042330-30,0.0020,602.85,yes
2026-10-05T03:29:22.817427Z,KXBTC15M-26OCT042330-30,0.0010,100.00,no
2026-10-05T03:29:22.831799Z,KXBTC15M-26OCT042330-30,0.0010,31.77,no
2026-10-05T03:29:22.837878Z,KXBTC15M-26OCT042330-30,0.0010,100.00,no
2026-10-05T03:29:22.842767Z,KXBTC15M-26OCT042330-30,0.0020,573.71,yes
2026-10-05T03:29:22.842767Z,KXBTC15M-26OCT042330-30,0.0020,342.31,yes
2026-10-05T03:29:22.858867Z,KXBTC15M-26OCT042330-30,0.0010,100.00,no
2026-10-05T03:29:22.872971Z,KXBTC15M-26OCT042330-30,0.0020,916.02,yes
2026-10-05T03:29:22.893583Z,KXBTC15M-26OCT042330-30,0.0020,30.49,yes
2026-10-05T03:29:22.914282Z,KXBTC15M-26OCT042330-30,0.0010,7.60,no
2026-10-05T03:29:23.006946Z,KXBTC15M-26OCT042330-30,0.0020,1.01,yes
2026-10-05T03:29:23.034893Z,KXBTC15M-26OCT042330-30,0.0020,458.01,yes
2026-10-05T03:29:23.035829Z,KXBTC15M-26OCT042330-30,0.0010,31.46,no
2026-10-05T03:29:23.069619Z,KXBTC15M-26OCT042330-30,0.0010,5000.00,no
2026-10-05T03:29:23.136825Z,KXBTC15M-26OCT042330-30,0.0010,21.79,no
2026-10-05T03:29:23.226695Z,KXBTC15M-26OCT042330-30,0.0010,1.00,no
2026-10-05T03:29:23.408707Z,KXBTC15M-26OCT042330-30,0.0010,10.00,no
2026-10-05T03:29:23.428424Z,KXBTC15M-26OCT042330-30,0.0010,1000.00,no
2026-10-05T03:29:23.428424Z,KXBTC15M-26OCT042330-30,0.0010,2802.84,no
2026-10-05T03:29:23.428424Z,KXBTC15M-26OCT042330-30,0.0010,1563.16,no
2026-10-05T03:29:23.433503Z,KXBTC15M-26OCT042330-30,0.0020,243.67,yes
2026-10-05T03:29:23.435712Z,KXBTC15M-26OCT042330-30,0.0010,85.92,no
2026-10-05T03:29:23.435753Z,KXBTC15M-26OCT042330-30,0.0010,50.00,no
2026-10-05T03:29:23.435877Z,KXBTC15M-26OCT042330-30,0.0010,24.90,no
2026-10-05T03:29:23.436062Z,KXBTC15M-26OCT042330-30,0.0010,100.00,no
2026-10-05T03:29:23.436164Z,KXBTC15M-26OCT042330-30,0.0010,31.77,no
2026-10-05T03:29:23.436357Z,KXBTC15M-26OCT042330-30,0.0010,144.25,no
2026-10-05T03:29:23.436357Z,KXBTC15M-26OCT042330-30,0.0010,43.92,no
2026-10-05T03:29:23.436458Z,KXBTC15M-26OCT042330-30,0.0010,20.01,no
2026-10-05T03:29:23.436514Z,KXBTC15M-26OCT042330-30,0.0010,50.00,no
2026-10-05T03:29:23.436553Z,KXBTC15M-26OCT042330-30,0.0010,86.07,no
2026-10-05T03:29:23.436553Z,KXBTC15M-26OCT042330-30,0.0010,44.05,no
2026-10-05T03:29:23.436618Z,KXBTC15M-26OCT042330-30,0.0010,55.05,no
2026-10-05T03:29:23.43661Z,KXBTC15M-26OCT042330-30,0.0010,88.00,no
2026-10-05T03:29:23.436673Z,KXBTC15M-26OCT042330-30,0.0010,20.78,no
2026-10-05T03:29:23.436673Z,KXBTC15M-26OCT042330-30,0.0010,12.90,no
2026-10-05T03:29:23.436735Z,KXBTC15M-26OCT042330-30,0.0010,21.79,no
2026-10-05T03:29:23.436763Z,KXBTC15M-26OCT042330-30,0.0010,25.02,no
2026-10-05T03:29:23.436816Z,KXBTC15M-26OCT042330-30,0.0010,43.04,no
2026-10-05T03:29:23.436867Z,KXBTC15M-26OCT042330-30,0.0010,89.37,no
2026-10-05T03:29:23.436867Z,KXBTC15M-26OCT042330-30,0.0010,10.63,no
2026-10-05T03:29:23.436891Z,KXBTC15M-26OCT042330-30,0.0010,1050.97,no
2026-10-05T03:29:23.436892Z,KXBTC15M-26OCT042330-30,0.0010,225.00,no
2026-10-05T03:29:23.436892Z,KXBTC15M-26OCT042330-30,0.0010,35.00,no
2026-10-05T03:29:23.436892Z,KXBTC15M-26OCT042330-30,0.0010,35.00,no
2026-10-05T03:29:23.436892Z,KXBTC15M-26OCT042330-30,0.0010,225.00,no
2026-10-05T03:29:23.436892Z,KXBTC15M-26OCT042330-30,0.0010,70.00,no
2026-10-05T03:29:23.436892Z,KXBTC15M-26OCT042330-30,0.0010,75.00,no
2026-10-05T03:29:23.436892Z,KXBTC15M-26OCT042330-30,0.0010,77.10,no
2026-10-05T03:29:23.436892Z,KXBTC15M-26OCT042330-30,0.0010,100.00,no
2026-10-05T03:29:23.436892Z,KXBTC15M-26OCT042330-30,0.0010,1.00,no
2026-10-05T03:29:23.436892Z,KXBTC15M-26OCT042330-30,0.0010,1.00,no
2026-10-05T03:29:23.436892Z,KXBTC15M-26OCT042330-30,0.0010,115.90,no
2026-10-05T03:29:23.436892Z,KXBTC15M-26OCT042330-30,0.0010,100.00,no
2026-10-05T03:29:23.436892Z,KXBTC15M-26OCT042330-30,0.0010,120.00,no
2026-10-05T03:29:23.436892Z,KXBTC15M-26OCT042330-30,0.0010,1.00,no
2026-10-05T03:29:23.436943Z,KXBTC15M-26OCT042330-30,0.0010,197.90,no
2026-10-05T03:29:23.436943Z,KXBTC15M-26OCT042330-30,0.0010,14.34,no
2026-10-05T03:29:23.437036Z,KXBTC15M-26OCT042330-30,0.0010,75.00,no
2026-10-05T03:29:23.437036Z,KXBTC15M-26OCT042330-30,0.0010,11.22,no
2026-10-05T03:29:23.437036Z,KXBTC15M-26OCT042330-30,0.0010,907.78,no
2026-10-05T03:29:23.437036Z,KXBTC15M-26OCT042330-30,0.0010,7.00,no
2026-10-05T03:29:23.437094Z,KXBTC15M-26OCT042330-30,0.0010,406.61,no
2026-10-05T03:29:23.43712Z,KXBTC15M-26OCT042330-30,0.0010,46.84,no
2026-10-05T03:29:23.437188Z,KXBTC15M-26OCT042330-30,0.0010,207.22,no
2026-10-05T03:29:23.437192Z,KXBTC15M-26OCT042330-30,0.0010,100.00,no
2026-10-05T03:29:23.437197Z,KXBTC15M-26OCT042330-30,0.0010,3691.00,no
2026-10-05T03:29:23.437199Z,KXBTC15M-26OCT042330-30,0.0010,20.01,no
2026-10-05T03:29:23.437284Z,KXBTC15M-26OCT042330-30,0.0010,48.76,no
2026-10-05T03:29:23.437284Z,KXBTC15M-26OCT042330-30,0.0010,10.00,no
2026-10-05T03:29:23.437284Z,KXBTC15M-26OCT042330-30,0.0010,10.00,no
2026-10-05T03:29:23.437284Z,KXBTC15M-26OCT042330-30,0.0010,337.54,no
2026-10-05T03:29:23.437284Z,KXBTC15M-26OCT042330-30,0.0010,1945.00,no
2026-10-05T03:29:23.437284Z,KXBTC15M-26OCT042330-30,0.0010,3356.00,no
2026-10-05T03:29:23.437284Z,KXBTC15M-26OCT042330-30,0.0010,40.00,no
2026-10-05T03:29:23.437284Z,KXBTC15M-26OCT042330-30,0.0010,0.01,no
2026-10-05T03:29:23.437284Z,KXBTC15M-26OCT042330-30,0.0010,0.01,no
2026-10-05T03:29:23.437284Z,KXBTC15M-26OCT042330-30,0.0010,44.00,no
2026-10-05T03:29:23.437284Z,KXBTC15M-26OCT042330-30,0.0010,3141.00,no
2026-10-05T03:29:23.437284Z,KXBTC15M-26OCT042330-30,0.0010,10.00,no
2026-10-05T03:29:23.437284Z,KXBTC15M-26OCT042330-30,0.0010,2.00,no
2026-10-05T03:29:23.437284Z,KXBTC15M-26OCT042330-30,0.0010,4000.00,no
2026-10-05T03:29:23.437284Z,KXBTC15M-26OCT042330-30,0.0010,17.00,no
2026-10-05T03:29:23.437284Z,KXBTC15M-26OCT042330-30,0.0010,192.97,no
2026-10-05T03:29:23.437284Z,KXBTC15M-26OCT042330-30,0.0010,33.39,no
2026-10-05T03:29:23.437284Z,KXBTC15M-26OCT042330-30,0.0010,2325.22,no
2026-10-05T03:29:23.437284Z,KXBTC15M-26OCT042330-30,0.0010,4.52,no
2026-10-05T03:29:23.437284Z,KXBTC15M-26OCT042330-30,0.0010,1500.00,no
2026-10-05T03:29:23.551154Z,KXBTC15M-26OCT042330-30,0.0010,14.23,yes
2026-10-05T03:29:23.583666Z,KXBTC15M-26OCT042330-30,0.0010,510.00,yes
2026-10-05T03:29:23.651851Z,KXBTC15M-26OCT042330-30,0.0010,467.36,yes
2026-10-05T03:29:23.759772Z,KXBTC15M-26OCT042330-30,0.0010,6411.64,yes
2026-10-05T03:29:23.772971Z,KXBTC15M-26OCT042330-30,0.0010,467.36,yes
2026-10-05T03:29:23.871995Z,KXBTC15M-26OCT042330-30,0.0010,82.40,yes
2026-10-05T03:29:23.917185Z,KXBTC15M-26OCT042330-30,0.0010,1474.69,yes
2026-10-05T03:29:23.928787Z,KXBTC15M-26OCT042330-30,0.0010,183.12,yes
2026-10-05T03:29:24.037459Z,KXBTC15M-26OCT042330-30,0.0010,200.00,yes
2026-10-05T03:29:24.207306Z,KXBTC15M-26OCT042330-30,0.0010,1079.00,yes
2026-10-05T03:29:24.30831Z,KXBTC15M-26OCT042330-30,0.0010,356.61,yes
2026-10-05T03:29:24.465075Z,KXBTC15M-26OCT042330-30,0.0010,254.21,yes
2026-10-05T03:29:24.519346Z,KXBTC15M-26OCT042330-30,0.0010,302.32,yes
2026-10-05T03:29:24.703016Z,KXBTC15M-26OCT042330-30,0.0010,4579.77,yes
2026-10-05T03:29:24.775931Z,KXBTC15M-26OCT042330-30,0.0010,732.83,yes
2026-10-05T03:29:24.791764Z,KXBTC15M-26OCT042330-30,0.0010,374.85,yes
2026-10-05T03:29:24.84742Z,KXBTC15M-26OCT042330-30,0.0010,2.15,yes
2026-10-05T03:29:24.916131Z,KXBTC15M-26OCT042330-30,0.0010,9.20,yes
2026-10-05T03:29:24.91936Z,KXBTC15M-26OCT042330-30,0.0010,183.25,yes
2026-10-05T03:29:24.974814Z,KXBTC15M-26OCT042330-30,0.0010,81.00,yes
2026-10-05T03:29:25.121053Z,KXBTC15M-26OCT042330-30,0.0010,44.36,yes
2026-10-05T03:29:25.138062Z,KXBTC15M-26OCT042330-30,0.0010,915.99,yes
2026-10-05T03:29:25.140515Z,KXBTC15M-26OCT042330-30,0.0010,915.99,yes
2026-10-05T03:29:25.142675Z,KXBTC15M-26OCT042330-30,0.0010,18.69,yes
2026-10-05T03:29:25.191753Z,KXBTC15M-26OCT042330-30,0.0010,448.69,yes
2026-10-05T03:29:25.305712Z,KXBTC15M-26OCT042330-30,0.0010,200.00,yes
2026-10-05T03:29:25.30624Z,KXBTC15M-26OCT042330-30,0.0010,2.91,yes
2026-10-05T03:29:25.36474Z,KXBTC15M-26OCT042330-30,0.0010,11.39,yes
2026-10-05T03:29:25.499838Z,KXBTC15M-26OCT042330-30,0.0010,419.00,yes
2026-10-05T03:29:25.593247Z,KXBTC15M-26OCT042330-30,0.0010,915.99,yes
2026-10-05T03:29:25.678625Z,KXBTC15M-26OCT042330-30,0.0010,91.62,yes
2026-10-05T03:29:25.700024Z,KXBTC15M-26OCT042330-30,0.0010,915.99,yes
2026-10-05T03:29:25.706049Z,KXBTC15M-26OCT042330-30,0.0010,40.00,yes
2026-10-05T03:29:25.707776Z,KXBTC15M-26OCT042330-30,0.0010,94.22,yes
2026-10-05T03:29:25.720637Z,KXBTC15M-26OCT042330-30,0.0010,164.92,yes
2026-10-05T03:29:25.981339Z,KXBTC15M-26OCT042330-30,0.0010,1468.00,yes
2026-10-05T03:29:25.981339Z,KXBTC15M-26OCT042330-30,0.0010,1235.11,yes
2026-10-05T03:29:25.981339Z,KXBTC15M-26OCT042330-30,0.0010,5823.22,yes
2026-10-05T03:29:25.982361Z,KXBTC15M-26OCT042330-30,0.0010,619.38,yes
2026-10-05T03:29:26.001777Z,KXBTC15M-26OCT042330-30,0.0010,5.47,yes
2026-10-05T03:29:26.074543Z,KXBTC15M-26OCT042330-30,0.0010,405.33,yes
2026-10-05T03:29:26.170106Z,KXBTC15M-26OCT042330-30,0.0010,19.57,yes
2026-10-05T03:29:26.184447Z,KXBTC15M-26OCT042330-30,0.0010,17.08,yes
2026-10-05T03:29:26.321815Z,KXBTC15M-26OCT042330-30,0.0010,1.24,yes
2026-10-05T03:29:26.384556Z,KXBTC15M-26OCT042330-30,0.0010,934.69,yes
2026-10-05T03:29:26.391382Z,KXBTC15M-26OCT042330-30,0.0010,120.66,yes
2026-10-05T03:29:26.432198Z,KXBTC15M-26OCT042330-30,0.0010,19.20,yes
2026-10-05T03:29:26.472074Z,KXBTC15M-26OCT042330-30,0.0010,500.00,yes
2026-10-05T03:29:26.661483Z,KXBTC15M-26OCT042330-30,0.0010,111.00,yes
2026-10-05T03:29:26.733067Z,KXBTC15M-26OCT042330-30,0.0010,51.54,yes
2026-10-05T03:29:26.807836Z,KXBTC15M-26OCT042330-30,0.0010,343.00,yes
2026-10-05T03:29:26.866088Z,KXBTC15M-26OCT042330-30,0.0010,616.73,yes
2026-10-05T03:29:26.866088Z,KXBTC15M-26OCT042330-30,0.0010,299.26,yes
2026-10-05T03:29:26.96558Z,KXBTC15M-26OCT042330-30,0.0010,93.49,yes
2026-10-05T03:29:26.986182Z,KXBTC15M-26OCT042330-30,0.0010,500.25,yes
2026-10-05T03:29:27.009183Z,KXBTC15M-26OCT042330-30,0.0010,148.48,yes
2026-10-05T03:29:27.014472Z,KXBTC15M-26OCT042330-30,0.0010,458.04,yes
2026-10-05T03:29:27.126773Z,KXBTC15M-26OCT042330-30,0.0010,2.18,yes
2026-10-05T03:29:27.512881Z,KXBTC15M-26OCT042330-30,0.0010,3.09,yes
2026-10-05T03:29:27.644609Z,KXBTC15M-26OCT042330-30,0.0010,1007.60,yes
2026-10-05T03:29:27.913742Z,KXBTC15M-26OCT042330-30,0.0010,327.04,yes
2026-10-05T03:29:27.950667Z,KXBTC15M-26OCT042330-30,0.0010,89.62,yes
2026-10-05T03:29:27.97559Z,KXBTC15M-26OCT042330-30,0.0010,3.78,yes
2026-10-05T03:29:28.042654Z,KXBTC15M-26OCT042330-30,0.0010,0.02,yes
2026-10-05T03:29:28.065777Z,KXBTC15M-26OCT042330-30,0.0010,580.96,yes
2026-10-05T03:29:28.067501Z,KXBTC15M-26OCT042330-30,0.0010,486.19,yes
2026-10-05T03:29:28.067501Z,KXBTC15M-26OCT042330-30,0.0010,1020.91,yes
2026-10-05T03:29:28.257653Z,KXBTC15M-26OCT042330-30,0.0010,172.55,yes
2026-10-05T03:29:28.268132Z,KXBTC15M-26OCT042330-30,0.0010,167.25,yes
2026-10-05T03:29:28.305866Z,KXBTC15M-26OCT042330-30,0.0010,40.59,yes
2026-10-05T03:29:28.305866Z,KXBTC15M-26OCT042330-30,0.0010,51.03,yes
2026-10-05T03:29:28.347681Z,KXBTC15M-26OCT042330-30,0.0010,26.59,yes
2026-10-05T03:29:28.359178Z,KXBTC15M-26OCT042330-30,0.0010,15.16,yes
2026-10-05T03:29:28.393036Z,KXBTC15M-26OCT042330-30,0.0010,249.77,yes
2026-10-05T03:29:28.393036Z,KXBTC15M-26OCT042330-30,0.0010,7.22,yes
2026-10-05T03:29:28.411908Z,KXBTC15M-26OCT042330-30,0.0010,11.03,yes
2026-10-05T03:29:28.554716Z,KXBTC15M-26OCT042330-30,0.0010,16.00,yes
2026-10-05T03:29:28.561207Z,KXBTC15M-26OCT042330-30,0.0010,38.49,yes
2026-10-05T03:29:28.561207Z,KXBTC15M-26OCT042330-30,0.0010,19.72,yes
2026-10-05T03:29:28.654472Z,KXBTC15M-26OCT042330-30,0.0010,9.20,yes
2026-10-05T03:29:28.740895Z,KXBTC15M-26OCT042330-30,0.0010,5.29,yes
2026-10-05T03:29:28.953313Z,KXBTC15M-26OCT042330-30,0.0010,0.75,yes
2026-10-05T03:29:28.983695Z,KXBTC15M-26OCT042330-30,0.0010,5.69,yes
2026-10-05T03:29:29.123308Z,KXBTC15M-26OCT042330-30,0.0010,9.20,yes
2026-10-05T03:29:29.206679Z,KXBTC15M-26OCT042330-30,0.0010,5.11,yes
2026-10-05T03:29:29.218827Z,KXBTC15M-26OCT042330-30,0.0010,5.70,yes
2026-10-05T03:29:29.24772Z,KXBTC15M-26OCT042330-30,0.0010,15.34,yes
2026-10-05T03:29:29.24772Z,KXBTC15M-26OCT042330-30,0.0010,132.86,yes
2026-10-05T03:29:29.24772Z,KXBTC15M-26OCT042330-30,0.0010,31.46,yes
2026-10-05T03:29:29.272764Z,KXBTC15M-26OCT042330-30,0.0010,1000.00,yes
2026-10-05T03:29:29.367232Z,KXBTC15M-26OCT042330-30,0.0010,10.71,yes
2026-10-05T03:29:29.641173Z,KXBTC15M-26OCT042330-30,0.0010,22.59,yes
2026-10-05T03:29:29.789506Z,KXBTC15M-26OCT042330-30,0.0010,10.00,yes
2026-10-05T03:29:30.059888Z,KXBTC15M-26OCT042330-30,0.0010,915.99,yes
2026-10-05T03:29:30.094145Z,KXBTC15M-26OCT042330-30,0.0010,1101.88,yes
2026-10-05T03:29:30.097328Z,KXBTC15M-26OCT042330-30,0.0010,361.78,yes
2026-10-05T03:29:30.099449Z,KXBTC15M-26OCT042330-30,0.0010,4.76,yes
2026-10-05T03:29:30.103844Z,KXBTC15M-26OCT042330-30,0.0010,323.84,yes
2026-10-05T03:29:30.276433Z,KXBTC15M-26OCT042330-30,0.0010,1198.00,yes
2026-10-05T03:29:30.28211Z,KXBTC15M-26OCT042330-30,0.0010,2.66,yes
2026-10-05T03:29:30.289825Z,KXBTC15M-26OCT042330-30,0.0010,18.69,yes
2026-10-05T03:29:30.417478Z,KXBTC15M-26OCT042330-30,0.0010,233.69,yes
2026-10-05T03:29:30.622321Z,KXBTC15M-26OCT042330-30,0.0010,53.60,yes
2026-10-05T03:29:30.688831Z,KXBTC15M-26OCT042330-30,0.0010,7.36,yes
2026-10-05T03:29:30.764827Z,KXBTC15M-26OCT042330-30,0.0010,5.26,yes
2026-10-05T03:29:30.848978Z,KXBTC15M-26OCT042330-30,0.0010,14.47,yes
2026-10-05T03:29:31.506669Z,KXBTC15M-26OCT042330-30,0.0010,10.71,yes
2026-10-05T03:29:31.797419Z,KXBTC15M-26OCT042330-30,0.0010,235.65,yes
2026-10-05T03:29:31.879524Z,KXBTC15M-26OCT042330-30,0.0010,11.59,yes
2026-10-05T03:29:31.919273Z,KXBTC15M-26OCT042330-30,0.0010,231.00,yes
2026-10-05T03:29:31.941829Z,KXBTC15M-26OCT042330-30,0.0010,915.99,yes
2026-10-05T03:29:32.03971Z,KXBTC15M-26OCT042330-30,0.0010,312.58,yes
2026-10-05T03:29:32.08518Z,KXBTC15M-26OCT042330-30,0.0010,91.62,yes
2026-10-05T03:29:32.186377Z,KXBTC15M-26OCT042330-30,0.0010,70.16,yes
2026-10-05T03:29:32.272821Z,KXBTC15M-26OCT042330-30,0.0010,55.00,yes
2026-10-05T03:29:32.287384Z,KXBTC15M-26OCT042330-30,0.0010,467.15,yes
2026-10-05T03:29:32.325201Z,KXBTC15M-26OCT042330-30,0.0010,746.51,yes
2026-10-05T03:29:32.91424Z,KXBTC15M-26OCT042330-30,0.0010,11.39,yes
2026-10-05T03:29:32.981492Z,KXBTC15M-26OCT042330-30,0.0010,1039.00,yes
2026-10-05T03:29:33.084859Z,KXBTC15M-26OCT042330-30,0.0010,3.77,yes
2026-10-05T03:29:33.207239Z,KXBTC15M-26OCT042330-30,0.0010,9.01,yes
2026-10-05T03:29:33.248319Z,KXBTC15M-26OCT042330-30,0.0010,724.00,yes
2026-10-05T03:29:33.309595Z,KXBTC15M-26OCT042330-30,0.0010,28.05,yes
2026-10-05T03:29:33.511849Z,KXBTC15M-26OCT042330-30,0.0010,321.46,yes
2026-10-05T03:29:33.534784Z,KXBTC15M-26OCT042330-30,0.0010,9.39,yes
2026-10-05T03:29:33.568937Z,KXBTC15M-26OCT042330-30,0.0010,915.99,yes
2026-10-05T03:29:33.668665Z,KXBTC15M-26OCT042330-30,0.0010,1.99,yes
2026-10-05T03:29:33.732561Z,KXBTC15M-26OCT042330-30,0.0010,322.04,yes
2026-10-05T03:29:33.765952Z,KXBTC15M-26OCT042330-30,0.0010,8.62,yes
2026-10-05T03:29:33.781497Z,KXBTC15M-26OCT042330-30,0.0010,1.85,yes
2026-10-05T03:29:34.020026Z,KXBTC15M-26OCT042330-30,0.0010,12.04,yes
2026-10-05T03:29:34.49025Z,KXBTC15M-26OCT042330-30,0.0010,7.18,yes
2026-10-05T03:29:34.676698Z,KXBTC15M-26OCT042330-30,0.0010,110.33,yes
2026-10-05T03:29:34.73764Z,KXBTC15M-26OCT042330-30,0.0010,9.41,yes
2026-10-05T03:29:34.789921Z,KXBTC15M-26OCT042330-30,0.0010,9.57,yes
2026-10-05T03:29:34.850382Z,KXBTC15M-26OCT042330-30,0.0010,10.63,yes
2026-10-05T03:29:34.894765Z,KXBTC15M-26OCT042330-30,0.0010,5495.73,yes
2026-10-05T03:29:35.066739Z,KXBTC15M-26OCT042330-30,0.0010,900.00,yes
2026-10-05T03:29:35.16804Z,KXBTC15M-26OCT042330-30,0.0010,58.00,yes
2026-10-05T03:29:35.613077Z,KXBTC15M-26OCT042330-30,0.0010,104.58,yes
2026-10-05T03:29:35.693209Z,KXBTC15M-26OCT042330-30,0.0010,0.16,yes
2026-10-05T03:29:35.695537Z,KXBTC15M-26OCT042330-30,0.0010,47.14,yes
2026-10-05T03:29:35.774811Z,KXBTC15M-26OCT042330-30,0.0010,27.52,yes
2026-10-05T03:29:35.803445Z,KXBTC15M-26OCT042330-30,0.0010,458.04,yes
2026-10-05T03:29:35.851257Z,KXBTC15M-26OCT042330-30,0.0010,47.14,yes
2026-10-05T03:29:36.22757Z,KXBTC15M-26OCT042330-30,0.0010,27.98,yes
2026-10-05T03:29:36.293917Z,KXBTC15M-26OCT042330-30,0.0010,33.33,yes
2026-10-05T03:29:36.416208Z,KXBTC15M-26OCT042330-30,0.0010,229.01,yes
2026-10-05T03:29:36.559786Z,KXBTC15M-26OCT042330-30,0.0010,1.24,yes
2026-10-05T03:29:36.724041Z,KXBTC15M-26OCT042330-30,0.0010,915.99,yes
2026-10-05T03:29:36.7307Z,KXBTC15M-26OCT042330-30,0.0010,915.99,yes
2026-10-05T03:29:36.765615Z,KXBTC15M-26OCT042330-30,0.0010,5.00,yes
2026-10-05T03:29:36.88275Z,KXBTC15M-26OCT042330-30,0.0010,3.15,yes
2026-10-05T03:29:37.004907Z,KXBTC15M-26OCT042330-30,0.0010,238.22,yes
2026-10-05T03:29:37.032499Z,KXBTC15M-26OCT042330-30,0.0010,107.70,yes
2026-10-05T03:29:37.0619Z,KXBTC15M-26OCT042330-30,0.0010,5.88,yes
2026-10-05T03:29:37.114771Z,KXBTC15M-26OCT042330-30,0.0010,1561.94,yes
2026-10-05T03:29:37.316709Z,KXBTC15M-26OCT042330-30,0.0010,154.49,yes
2026-10-05T03:29:37.497662Z,KXBTC15M-26OCT042330-30,0.0010,4579.77,yes
2026-10-05T03:29:38.280626Z,KXBTC15M-26OCT042330-30,0.0010,73.29,yes
2026-10-05T03:29:38.378531Z,KXBTC15M-26OCT042330-30,0.0010,8.00,yes
2026-10-05T03:29:38.444713Z,KXBTC15M-26OCT042330-30,0.0010,18319.03,yes
2026-10-05T03:29:38.566481Z,KXBTC15M-26OCT042330-30,0.0010,1339.00,yes
2026-10-05T03:29:38.623406Z,KXBTC15M-26OCT042330-30,0.0010,36.64,yes
2026-10-05T03:29:38.954018Z,KXBTC15M-26OCT042330-30,0.0010,5.38,yes
2026-10-05T03:29:38.980644Z,KXBTC15M-26OCT042330-30,0.0010,23.33,yes
2026-10-05T03:29:39.003031Z,KXBTC15M-26OCT042330-30,0.0010,50.00,yes
2026-10-05T03:29:39.228595Z,KXBTC15M-26OCT042330-30,0.0010,4579.77,yes
2026-10-05T03:29:39.251014Z,KXBTC15M-26OCT042330-30,0.0010,1.10,yes
2026-10-05T03:29:39.378425Z,KXBTC15M-26OCT042330-30,0.0010,458.04,yes
2026-10-05T03:29:39.768172Z,KXBTC15M-26OCT042330-30,0.0010,224.11,yes
2026-10-05T03:29:40.303803Z,KXBTC15M-26OCT042330-30,0.0010,6.02,yes
2026-10-05T03:29:40.383544Z,KXBTC15M-26OCT042330-30,0.0010,1869.29,yes
2026-10-05T03:29:40.397185Z,KXBTC15M-26OCT042330-30,0.0010,1.66,yes
2026-10-05T03:29:40.398383Z,KXBTC15M-26OCT042330-30,0.0010,4579.77,yes
2026-10-05T03:29:40.510745Z,KXBTC15M-26OCT042330-30,0.0010,4.19,yes
2026-10-05T03:29:40.673974Z,KXBTC15M-26OCT042330-30,0.0010,915.99,yes
2026-10-05T03:29:40.870089Z,KXBTC15M-26OCT042330-30,0.0010,834.06,yes
2026-10-05T03:29:41.073314Z,KXBTC15M-26OCT042330-30,0.0010,5.51,yes
2026-10-05T03:29:41.239794Z,KXBTC15M-26OCT042330-30,0.0010,915.99,yes
2026-10-05T03:29:41.336111Z,KXBTC15M-26OCT042330-30,0.0010,300.00,yes
2026-10-05T03:29:41.541699Z,KXBTC15M-26OCT042330-30,0.0010,8.04,yes
2026-10-05T03:29:41.597946Z,KXBTC15M-26OCT042330-30,0.0010,1.24,yes
2026-10-05T03:29:41.613867Z,KXBTC15M-26OCT042330-30,0.0010,930.00,yes
2026-10-05T03:29:41.693738Z,KXBTC15M-26OCT042330-30,0.0010,915.99,yes
2026-10-05T03:29:42.124629Z,KXBTC15M-26OCT042330-30,0.0010,2.00,yes
2026-10-05T03:29:42.291811Z,KXBTC15M-26OCT042330-30,0.0010,3.86,yes
2026-10-05T03:29:43.394092Z,KXBTC15M-26OCT042330-30,0.0010,5.46,yes
2026-10-05T03:29:43.74642Z,KXBTC15M-26OCT042330-30,0.0010,15.47,yes
2026-10-05T03:29:43.851061Z,KXBTC15M-26OCT042330-30,0.0010,3.75,yes
2026-10-05T03:29:44.10144Z,KXBTC15M-26OCT042330-30,0.0010,16.44,yes
2026-10-05T03:29:44.915624Z,KXBTC15M-26OCT042330-30,0.0010,5.63,yes
2026-10-05T03:29:45.381681Z,KXBTC15M-26OCT042330-30,0.0010,10.00,yes
2026-10-05T03:29:45.553905Z,KXBTC15M-26OCT042330-30,0.0010,117.72,yes
2026-10-05T03:29:45.563016Z,KXBTC15M-26OCT042330-30,0.0010,731.01,yes
2026-10-05T03:29:45.700216Z,KXBTC15M-26OCT042330-30,0.0010,915.99,yes
2026-10-05T03:29:45.884825Z,KXBTC15M-26OCT042330-30,0.0010,2858.12,yes
2026-10-05T03:29:46.218313Z,KXBTC15M-26OCT042330-30,0.0010,20.00,yes
2026-10-05T03:29:46.701769Z,KXBTC15M-26OCT042330-30,0.0010,15.01,yes
2026-10-05T03:29:46.778668Z,KXBTC15M-26OCT042330-30,0.0010,915.99,yes
2026-10-05T03:29:47.800788Z,KXBTC15M-26OCT042330-30,0.0010,91.62,yes
2026-10-05T03:29:47.907947Z,KXBTC15M-26OCT042330-30,0.0010,13739.29,yes
2026-10-05T03:29:47.969677Z,KXBTC15M-26OCT042330-30,0.0010,93.00,yes
2026-10-05T03:29:48.014096Z,KXBTC15M-26OCT042330-30,0.0010,10.00,yes
2026-10-05T03:29:48.904933Z,KXBTC15M-26OCT042330-30,0.0010,6.99,yes
2026-10-05T03:29:49.046594Z,KXBTC15M-26OCT042330-30,0.0010,915.99,yes
2026-10-05T03:29:49.052007Z,KXBTC15M-26OCT042330-30,0.0010,9.20,yes
2026-10-05T03:29:49.312943Z,KXBTC15M-26OCT042330-30,0.0010,18.69,yes
2026-10-05T03:29:49.75092Z,KXBTC15M-26OCT042330-30,0.0010,44.91,yes
2026-10-05T03:29:49.920926Z,KXBTC15M-26OCT042330-30,0.0010,915.99,yes
2026-10-05T03:29:50.874925Z,KXBTC15M-26OCT042330-30,0.0010,27.06,yes
2026-10-05T03:29:50.976777Z,KXBTC15M-26OCT042330-30,0.0010,1.51,yes
2026-10-05T03:29:51.299159Z,KXBTC15M-26OCT042330-30,0.0010,1.99,yes
2026-10-05T03:29:51.552945Z,KXBTC15M-26OCT042330-30,0.0010,32.51,yes
2026-10-05T03:29:51.678165Z,KXBTC15M-26OCT042330-30,0.0010,0.32,yes
2026-10-05T03:29:51.935352Z,KXBTC15M-26OCT042330-30,0.0010,27.07,yes
2026-10-05T03:29:52.607849Z,KXBTC15M-26OCT042330-30,0.0010,9159.55,yes
2026-10-05T03:29:53.569455Z,KXBTC15M-26OCT042330-30,0.0010,500.00,yes
2026-10-05T03:29:53.721417Z,KXBTC15M-26OCT042330-30,0.0010,47.14,yes
2026-10-05T03:29:54.59914Z,KXBTC15M-26OCT042330-30,0.0010,0.01,yes
2026-10-05T03:29:54.794497Z,KXBTC15M-26OCT042330-30,0.0010,11.39,yes
2026-10-05T03:29:55.109428Z,KXBTC15M-26OCT042330-30,0.0010,35.74,yes
2026-10-05T03:29:55.305266Z,KXBTC15M-26OCT042330-30,0.0010,0.01,yes
2026-10-05T03:29:55.567744Z,KXBTC15M-26OCT042330-30,0.0010,915.99,yes
2026-10-05T03:29:55.585243Z,KXBTC15M-26OCT042330-30,0.0010,1.70,yes
2026-10-05T03:29:56.372705Z,KXBTC15M-26OCT042330-30,0.0010,49.85,yes
2026-10-05T03:29:56.710521Z,KXBTC15M-26OCT042330-30,0.0010,10.44,yes
2026-10-05T03:29:57.271841Z,KXBTC15M-26OCT042330-30,0.0010,2.34,yes
2026-10-05T03:29:57.599094Z,KXBTC15M-26OCT042330-30,0.0010,14.28,yes
2026-10-05T03:29:57.881677Z,KXBTC15M-26OCT042330-30,0.0010,5.22,yes
2026-10-05T03:29:57.931747Z,KXBTC15M-26OCT042330-30,0.0010,10.66,yes
2026-10-05T03:29:58.002945Z,KXBTC15M-26OCT042330-30,0.0010,10.46,yes
2026-10-05T03:29:58.248963Z,KXBTC15M-26OCT042330-30,0.0010,45.85,yes
2026-10-05T03:29:58.438695Z,KXBTC15M-26OCT042330-30,0.0010,915.99,yes
2026-10-05T03:29:58.439467Z,KXBTC15M-26OCT042330-30,0.0010,10.02,yes
2026-10-05T03:29:58.878722Z,KXBTC15M-26OCT042330-30,0.0010,1.87,yes
2026-10-05T03:29:59.050748Z,KXBTC15M-26OCT042330-30,0.0010,0.82,yes
2026-10-05T03:29:59.11903Z,KXBTC15M-26OCT042330-30,0.0010,4579.77,yes
2026-10-05T03:29:59.202167Z,KXBTC15M-26OCT042330-30,0.0010,915.99,yes
2026-10-05T03:29:59.377754Z,KXBTC15M-26OCT042330-30,0.0010,8.94,yes
2026-10-05T03:29:59.785618Z,KXBTC15M-26OCT042330-30,0.0010,0.38,yes
2026-10-05T03:28:16.86722Z,KXSOL15M-26OCT042330-30,0.0200,40.00,yes
2026-10-05T03:28:16.86722Z,KXSOL15M-26OCT042330-30,0.0200,2.03,yes
2026-10-05T03:28:16.86722Z,KXSOL15M-26OCT042330-30,0.0190,21.00,yes
2026-10-05T03:28:16.86722Z,KXSOL15M-26OCT042330-30,0.0200,40.00,yes
2026-10-05T03:28:16.86722Z,KXSOL15M-26OCT042330-30,0.0200,40.00,yes
2026-10-05T03:28:16.86722Z,KXSOL15M-26OCT042330-30,0.0200,11.16,yes
2026-10-05T03:28:16.86722Z,KXSOL15M-26OCT042330-30,0.0190,11.00,yes
2026-10-05T03:28:16.86722Z,KXSOL15M-26OCT042330-30,0.0190,10.00,yes
2026-10-05T03:28:18.236494Z,KXSOL15M-26OCT042330-30,0.0220,3.00,no
2026-10-05T03:28:18.236494Z,KXSOL15M-26OCT042330-30,0.0210,3.00,no
2026-10-05T03:28:18.236494Z,KXSOL15M-26OCT042330-30,0.0250,6.00,no
2026-10-05T03:28:18.236494Z,KXSOL15M-26OCT042330-30,0.0260,15.00,no
2026-10-05T03:28:18.236494Z,KXSOL15M-26OCT042330-30,0.0270,21.00,no
2026-10-05T03:28:19.815185Z,KXSOL15M-26OCT042330-30,0.0200,30.42,no
2026-10-05T03:28:20.739117Z,KXSOL15M-26OCT042330-30,0.0190,14.40,no
2026-10-05T03:28:20.739117Z,KXSOL15M-26OCT042330-30,0.0200,8.00,no
2026-10-05T03:28:21.152739Z,KXSOL15M-26OCT042330-30,0.0210,32.00,yes
2026-10-05T03:28:21.152739Z,KXSOL15M-26OCT042330-30,0.0200,24.00,yes
2026-10-05T03:28:21.152748Z,KXSOL15M-26OCT042330-30,0.0210,6.00,yes
2026-10-05T03:28:21.36357Z,KXSOL15M-26OCT042330-30,0.0210,6.00,yes
2026-10-05T03:28:21.694438Z,KXSOL15M-26OCT042330-30,0.0300,2.00,yes
2026-10-05T03:28:21.694438Z,KXSOL15M-26OCT042330-30,0.0210,1.00,yes
2026-10-05T03:28:21.70458Z,KXSOL15M-26OCT042330-30,0.0320,3.00,yes
2026-10-05T03:28:21.70458Z,KXSOL15M-26OCT042330-30,0.0310,3.00,yes
2026-10-05T03:28:23.671Z,KXSOL15M-26OCT042330-30,0.0280,93.00,no
2026-10-05T03:28:23.671Z,KXSOL15M-26OCT042330-30,0.0300,1.00,no
2026-10-05T03:28:23.671Z,KXSOL15M-26OCT042330-30,0.0290,5.00,no
2026-10-05T03:28:27.635343Z,KXSOL15M-26OCT042330-30,0.0250,12.00,yes
2026-10-05T03:28:27.635343Z,KXSOL15M-26OCT042330-30,0.0250,1.00,yes
2026-10-05T03:28:27.635343Z,KXSOL15M-26OCT042330-30,0.0260,12.93,yes
2026-10-05T03:28:27.635343Z,KXSOL15M-26OCT042330-30,0.0250,8.00,yes
2026-10-05T03:28:29.704329Z,KXSOL15M-26OCT042330-30,0.0160,2.40,no
2026-10-05T03:28:29.704329Z,KXSOL15M-26OCT042330-30,0.0190,0.60,no
2026-10-05T03:28:29.711824Z,KXSOL15M-26OCT042330-30,0.0160,1.00,no
2026-10-05T03:28:29.804792Z,KXSOL15M-26OCT042330-30,0.0160,22.00,no
2026-10-05T03:28:30.285769Z,KXSOL15M-26OCT042330-30,0.0300,6.00,yes
2026-10-05T03:28:30.285769Z,KXSOL15M-26OCT042330-30,0.0250,6.00,yes
2026-10-05T03:28:30.285769Z,KXSOL15M-26OCT042330-30,0.0310,4.28,yes
2026-10-05T03:28:30.285769Z,KXSOL15M-26OCT042330-30,0.0210,5.00,yes
2026-10-05T03:28:30.285769Z,KXSOL15M-26OCT042330-30,0.0200,6.00,yes
2026-10-05T03:28:30.285769Z,KXSOL15M-26OCT042330-30,0.0170,22.00,yes
2026-10-05T03:28:30.285769Z,KXSOL15M-26OCT042330-30,0.0250,3.00,yes
2026-10-05T03:28:30.285769Z,KXSOL15M-26OCT042330-30,0.0220,27.07,yes
2026-10-05T03:28:30.285769Z,KXSOL15M-26OCT042330-30,0.0260,3.00,yes
2026-10-05T03:28:30.285769Z,KXSOL15M-26OCT042330-30,0.0170,2.40,yes
2026-10-05T03:28:30.285769Z,KXSOL15M-26OCT042330-30,0.0220,40.00,yes
2026-10-05T03:28:30.285769Z,KXSOL15M-26OCT042330-30,0.0180,10.00,yes
2026-10-05T03:28:30.285769Z,KXSOL15M-26OCT042330-30,0.0230,1.00,yes
2026-10-05T03:28:30.285769Z,KXSOL15M-26OCT042330-30,0.0170,1.00,yes
2026-10-05T03:28:30.285769Z,KXSOL15M-26OCT042330-30,0.0210,20.60,yes
2026-10-05T03:28:30.285769Z,KXSOL15M-26OCT042330-30,0.0210,19.40,yes
2026-10-05T03:28:30.285769Z,KXSOL15M-26OCT042330-30,0.0190,85.00,yes
2026-10-05T03:28:30.285769Z,KXSOL15M-26OCT042330-30,0.0230,45.00,yes
2026-10-05T03:28:30.285769Z,KXSOL15M-26OCT042330-30,0.0170,37.00,yes
2026-10-05T03:28:30.285769Z,KXSOL15M-26OCT042330-30,0.0300,11.00,yes
2026-10-05T03:28:31.286494Z,KXSOL15M-26OCT042330-30,0.0220,5.00,yes
2026-10-05T03:28:31.653933Z,KXSOL15M-26OCT042330-30,0.0300,6.00,yes
2026-10-05T03:28:31.653933Z,KXSOL15M-26OCT042330-30,0.0290,2.00,yes
2026-10-05T03:28:31.653933Z,KXSOL15M-26OCT042330-30,0.0270,3.00,yes
2026-10-05T03:28:31.653933Z,KXSOL15M-26OCT042330-30,0.0300,10.00,yes
2026-10-05T03:28:31.653933Z,KXSOL15M-26OCT042330-30,0.0250,5.00,yes
2026-10-05T03:28:31.653933Z,KXSOL15M-26OCT042330-30,0.0260,3.00,yes
2026-10-05T03:28:31.653933Z,KXSOL15M-26OCT042330-30,0.0310,3.11,yes
2026-10-05T03:28:31.927023Z,KXSOL15M-26OCT042330-30,0.0300,10.00,yes
2026-10-05T03:28:31.927023Z,KXSOL15M-26OCT042330-30,0.0290,1.00,yes
2026-10-05T03:28:31.927023Z,KXSOL15M-26OCT042330-30,0.0280,5.00,yes
2026-10-05T03:28:31.927023Z,KXSOL15M-26OCT042330-30,0.0310,15.07,yes
2026-10-05T03:28:31.932421Z,KXSOL15M-26OCT042330-30,0.0210,10.18,no
2026-10-05T03:28:33.393139Z,KXSOL15M-26OCT042330-30,0.0190,3.00,no
2026-10-05T03:28:33.393139Z,KXSOL15M-26OCT042330-30,0.0180,3.00,no
2026-10-05T03:28:33.393139Z,KXSOL15M-26OCT042330-30,0.0200,43.00,no
2026-10-05T03:28:33.393139Z,KXSOL15M-26OCT042330-30,0.0180,1.00,no
2026-10-05T03:28:33.393278Z,KXSOL15M-26OCT042330-30,0.0150,15.59,no
2026-10-05T03:28:33.393278Z,KXSOL15M-26OCT042330-30,0.0160,1.41,no
2026-10-05T03:28:33.393278Z,KXSOL15M-26OCT042330-30,0.0160,8.00,no
2026-10-05T03:28:33.393373Z,KXSOL15M-26OCT042330-30,0.0150,24.41,no
2026-10-05T03:28:33.393373Z,KXSOL15M-26OCT042330-30,0.0140,40.00,no
2026-10-05T03:28:33.393373Z,KXSOL15M-26OCT042330-30,0.0130,28.59,no
2026-10-05T03:28:33.393373Z,KXSOL15M-26OCT042330-30,0.0150,6.00,no
2026-10-05T03:28:35.401151Z,KXSOL15M-26OCT042330-30,0.0170,30.87,yes
2026-10-05T03:28:35.48234Z,KXSOL15M-26OCT042330-30,0.0120,8.59,no
2026-10-05T03:28:35.48234Z,KXSOL15M-26OCT042330-30,0.0130,11.41,no
2026-10-05T03:28:35.48234Z,KXSOL15M-26OCT042330-30,0.0150,2.00,no
2026-10-05T03:28:35.48234Z,KXSOL15M-26OCT042330-30,0.0160,15.00,no
2026-10-05T03:28:35.48234Z,KXSOL15M-26OCT042330-30,0.0140,3.00,no
2026-10-05T03:28:35.48234Z,KXSOL15M-26OCT042330-30,0.0130,7.00,no
2026-10-05T03:28:35.48234Z,KXSOL15M-26OCT042330-30,0.0150,3.00,no
2026-10-05T03:28:35.570718Z,KXSOL15M-26OCT042330-30,0.0140,0.80,no
2026-10-05T03:28:35.976135Z,KXSOL15M-26OCT042330-30,0.0150,5.00,yes
2026-10-05T03:28:35.984182Z,KXSOL15M-26OCT042330-30,0.0150,2.00,yes
2026-10-05T03:28:36.022542Z,KXSOL15M-26OCT042330-30,0.0140,32.20,no
2026-10-05T03:28:36.022542Z,KXSOL15M-26OCT042330-30,0.0140,3.00,no
2026-10-05T03:28:36.293279Z,KXSOL15M-26OCT042330-30,0.0140,22.00,yes
2026-10-05T03:28:36.398935Z,KXSOL15M-26OCT042330-30,0.0140,6.00,yes
2026-10-05T03:28:37.373261Z,KXSOL15M-26OCT042330-30,0.0140,9.00,yes
2026-10-05T03:28:37.373324Z,KXSOL15M-26OCT042330-30,0.0170,1.41,yes
2026-10-05T03:28:37.373324Z,KXSOL15M-26OCT042330-30,0.0140,19.59,yes
2026-10-05T03:28:37.373324Z,KXSOL15M-26OCT042330-30,0.0140,11.41,yes
2026-10-05T03:28:37.373324Z,KXSOL15M-26OCT042330-30,0.0140,8.59,yes
2026-10-05T03:28:37.373324Z,KXSOL15M-26OCT042330-30,0.0140,1.00,yes
2026-10-05T03:28:37.373324Z,KXSOL15M-26OCT042330-30,0.0160,15.59,yes
2026-10-05T03:28:37.373324Z,KXSOL15M-26OCT042330-30,0.0200,4.87,yes
2026-10-05T03:28:37.373324Z,KXSOL15M-26OCT042330-30,0.0160,24.41,yes
2026-10-05T03:28:37.373324Z,KXSOL15M-26OCT042330-30,0.0150,2.13,yes
2026-10-05T03:28:37.373324Z,KXSOL15M-26OCT042330-30,0.0200,10.00,yes
2026-10-05T03:28:37.588324Z,KXSOL15M-26OCT042330-30,0.0290,4.75,yes
2026-10-05T03:28:37.588324Z,KXSOL15M-26OCT042330-30,0.0240,3.00,yes
2026-10-05T03:28:37.588324Z,KXSOL15M-26OCT042330-30,0.0230,3.00,yes
2026-10-05T03:28:37.588324Z,KXSOL15M-26OCT042330-30,0.0270,1.00,yes
2026-10-05T03:28:37.819047Z,KXSOL15M-26OCT042330-30,0.0170,1.00,no
2026-10-05T03:28:38.531668Z,KXSOL15M-26OCT042330-30,0.0200,6.00,no
2026-10-05T03:28:38.531668Z,KXSOL15M-26OCT042330-30,0.0170,2.00,no
2026-10-05T03:28:39.08903Z,KXSOL15M-26OCT042330-30,0.0200,6.00,no
2026-10-05T03:28:40.981865Z,KXSOL15M-26OCT042330-30,0.0130,5.20,no
2026-10-05T03:28:40.981865Z,KXSOL15M-26OCT042330-30,0.0150,3.00,no
2026-10-05T03:28:40.981865Z,KXSOL15M-26OCT042330-30,0.0140,3.00,no
2026-10-05T03:28:40.981865Z,KXSOL15M-26OCT042330-30,0.0160,4.00,no
2026-10-05T03:28:42.07173Z,KXSOL15M-26OCT042330-30,0.0130,37.00,no
2026-10-05T03:28:42.07173Z,KXSOL15M-26OCT042330-30,0.0130,5.00,no
2026-10-05T03:28:42.886606Z,KXSOL15M-26OCT042330-30,0.0140,6.00,no
2026-10-05T03:28:44.075992Z,KXSOL15M-26OCT042330-30,0.0150,20.00,yes
2026-10-05T03:28:44.075992Z,KXSOL15M-26OCT042330-30,0.0150,4.00,yes
2026-10-05T03:28:44.076372Z,KXSOL15M-26OCT042330-30,0.0200,10.00,yes
2026-10-05T03:28:44.076372Z,KXSOL15M-26OCT042330-30,0.0190,10.00,yes
2026-10-05T03:28:44.325907Z,KXSOL15M-26OCT042330-30,0.0130,3.58,no
2026-10-05T03:28:44.325907Z,KXSOL15M-26OCT042330-30,0.0140,11.00,no
2026-10-05T03:28:44.325907Z,KXSOL15M-26OCT042330-30,0.0150,9.00,no
2026-10-05T03:28:44.325907Z,KXSOL15M-26OCT042330-30,0.0150,6.00,no
2026-10-05T03:28:44.325907Z,KXSOL15M-26OCT042330-30,0.0150,14.00,no
2026-10-05T03:28:44.325907Z,KXSOL15M-26OCT042330-30,0.0150,7.00,no
2026-10-05T03:28:44.750215Z,KXSOL15M-26OCT042330-30,0.0160,2.02,no
2026-10-05T03:28:45.948737Z,KXSOL15M-26OCT042330-30,0.0190,4.73,no
2026-10-05T03:28:46.033027Z,KXSOL15M-26OCT042330-30,0.0110,40.00,no
2026-10-05T03:28:46.033027Z,KXSOL15M-26OCT042330-30,0.0120,31.41,no
2026-10-05T03:28:46.033027Z,KXSOL15M-26OCT042330-30,0.0120,100.00,no
2026-10-05T03:28:46.033027Z,KXSOL15M-26OCT042330-30,0.0130,3.00,no
2026-10-05T03:28:46.033027Z,KXSOL15M-26OCT042330-30,0.0140,7.00,no
2026-10-05T03:28:46.033027Z,KXSOL15M-26OCT042330-30,0.0150,6.00,no
2026-10-05T03:28:46.033027Z,KXSOL15M-26OCT042330-30,0.0120,3.00,no
2026-10-05T03:28:46.033027Z,KXSOL15M-26OCT042330-30,0.0130,10.00,no
2026-10-05T03:28:46.033027Z,KXSOL15M-26OCT042330-30,0.0190,30.27,no
2026-10-05T03:28:46.033027Z,KXSOL15M-26OCT042330-30,0.0180,9.00,no
2026-10-05T03:28:46.033027Z,KXSOL15M-26OCT042330-30,0.0100,24.95,no
2026-10-05T03:28:46.334993Z,KXSOL15M-26OCT042330-30,0.0140,31.41,yes
2026-10-05T03:28:46.334993Z,KXSOL15M-26OCT042330-30,0.0140,5.59,yes
2026-10-05T03:28:46.436844Z,KXSOL15M-26OCT042330-30,0.0140,10.00,yes
2026-10-05T03:28:47.039322Z,KXSOL15M-26OCT042330-30,0.0100,2.61,no
2026-10-05T03:28:47.039322Z,KXSOL15M-26OCT042330-30,0.0100,4.00,no
2026-10-05T03:28:47.039322Z,KXSOL15M-26OCT042330-30,0.0100,2.00,no
2026-10-05T03:28:47.039322Z,KXSOL15M-26OCT042330-30,0.0110,31.00,no
2026-10-05T03:28:47.039322Z,KXSOL15M-26OCT042330-30,0.0100,3.00,no
2026-10-05T03:28:47.039322Z,KXSOL15M-26OCT042330-30,0.0110,10.00,no
2026-10-05T03:28:47.039322Z,KXSOL15M-26OCT042330-30,0.0130,78.00,no
2026-10-05T03:28:47.039322Z,KXSOL15M-26OCT042330-30,0.0120,22.00,no
2026-10-05T03:28:47.039322Z,KXSOL15M-26OCT042330-30,0.0100,73.33,no
2026-10-05T03:28:47.039322Z,KXSOL15M-26OCT042330-30,0.0110,3.00,no
2026-10-05T03:28:47.039322Z,KXSOL15M-26OCT042330-30,0.0110,7.00,no
2026-10-05T03:28:47.039322Z,KXSOL15M-26OCT042330-30,0.0100,4.01,no
2026-10-05T03:28:47.039322Z,KXSOL15M-26OCT042330-30,0.0100,15.05,no
2026-10-05T03:28:47.039322Z,KXSOL15M-26OCT042330-30,0.0100,25.00,no
2026-10-05T03:28:47.039322Z,KXSOL15M-26OCT042330-30,0.0100,20.00,no
2026-10-05T03:28:47.150951Z,KXSOL15M-26OCT042330-30,0.0110,5.00,no
2026-10-05T03:28:47.489817Z,KXSOL15M-26OCT042330-30,0.0100,12.00,no
2026-10-05T03:28:47.590664Z,KXSOL15M-26OCT042330-30,0.0100,13.00,no
2026-10-05T03:28:47.908391Z,KXSOL15M-26OCT042330-30,0.0090,4.00,no
2026-10-05T03:28:47.917223Z,KXSOL15M-26OCT042330-30,0.0090,4.00,no
2026-10-05T03:28:47.997028Z,KXSOL15M-26OCT042330-30,0.0120,13.00,yes
2026-10-05T03:28:47.997028Z,KXSOL15M-26OCT042330-30,0.0110,24.41,yes
2026-10-05T03:28:47.997028Z,KXSOL15M-26OCT042330-30,0.0130,4.65,yes
2026-10-05T03:28:47.997028Z,KXSOL15M-26OCT042330-30,0.0120,12.00,yes
2026-10-05T03:28:47.997028Z,KXSOL15M-26OCT042330-30,0.0100,4.00,yes
2026-10-05T03:28:47.997028Z,KXSOL15M-26OCT042330-30,0.0110,24.95,yes
2026-10-05T03:28:47.997028Z,KXSOL15M-26OCT042330-30,0.0110,15.05,yes
2026-10-05T03:28:47.997028Z,KXSOL15M-26OCT042330-30,0.0100,4.00,yes
2026-10-05T03:28:47.997028Z,KXSOL15M-26OCT042330-30,0.0110,42.00,yes
2026-10-05T03:28:48.561736Z,KXSOL15M-26OCT042330-30,0.0230,23.00,yes
2026-10-05T03:28:48.561736Z,KXSOL15M-26OCT042330-30,0.0230,10.00,yes
2026-10-05T03:28:48.561736Z,KXSOL15M-26OCT042330-30,0.0250,31.89,yes
2026-10-05T03:28:48.561736Z,KXSOL15M-26OCT042330-30,0.0130,16.00,yes
2026-10-05T03:28:48.561736Z,KXSOL15M-26OCT042330-30,0.0140,25.00,yes
2026-10-05T03:28:48.561736Z,KXSOL15M-26OCT042330-30,0.0240,18.00,yes
2026-10-05T03:28:48.561736Z,KXSOL15M-26OCT042330-30,0.0170,3.00,yes
2026-10-05T03:28:48.561736Z,KXSOL15M-26OCT042330-30,0.0150,6.00,yes
2026-10-05T03:28:48.561736Z,KXSOL15M-26OCT042330-30,0.0160,3.00,yes
2026-10-05T03:28:48.561736Z,KXSOL15M-26OCT042330-30,0.0200,9.00,yes
2026-10-05T03:28:48.561736Z,KXSOL15M-26OCT042330-30,0.0220,1.00,yes
2026-10-05T03:28:48.561736Z,KXSOL15M-26OCT042330-30,0.0200,6.00,yes
2026-10-05T03:28:48.561736Z,KXSOL15M-26OCT042330-30,0.0250,6.00,yes
2026-10-05T03:28:48.561736Z,KXSOL15M-26OCT042330-30,0.0190,5.00,yes
2026-10-05T03:28:48.897245Z,KXSOL15M-26OCT042330-30,0.0180,3.00,yes
2026-10-05T03:28:48.897245Z,KXSOL15M-26OCT042330-30,0.0190,2.00,yes
2026-10-05T03:28:48.897245Z,KXSOL15M-26OCT042330-30,0.0170,5.00,yes
2026-10-05T03:28:51.047075Z,KXSOL15M-26OCT042330-30,0.0200,6.00,yes
2026-10-05T03:28:51.047075Z,KXSOL15M-26OCT042330-30,0.0200,3.00,yes
2026-10-05T03:28:51.047075Z,KXSOL15M-26OCT042330-30,0.0210,3.00,yes
2026-10-05T03:28:51.047075Z,KXSOL15M-26OCT042330-30,0.0180,3.00,yes
2026-10-05T03:28:51.047075Z,KXSOL15M-26OCT042330-30,0.0200,10.00,yes
2026-10-05T03:28:51.047075Z,KXSOL15M-26OCT042330-30,0.0170,4.00,yes
2026-10-05T03:28:51.047075Z,KXSOL15M-26OCT042330-30,0.0150,8.00,yes
2026-10-05T03:28:51.047075Z,KXSOL15M-26OCT042330-30,0.0160,8.00,yes
2026-10-05T03:28:51.047075Z,KXSOL15M-26OCT042330-30,0.0140,10.00,yes
2026-10-05T03:28:51.047075Z,KXSOL15M-26OCT042330-30,0.0210,49.65,yes
2026-10-05T03:28:51.047075Z,KXSOL15M-26OCT042330-30,0.0130,12.00,yes
2026-10-05T03:28:51.047075Z,KXSOL15M-26OCT042330-30,0.0120,69.00,yes
2026-10-05T03:28:51.047075Z,KXSOL15M-26OCT042330-30,0.0130,1.00,yes
2026-10-05T03:28:51.047075Z,KXSOL15M-26OCT042330-30,0.0190,11.00,yes
2026-10-05T03:28:51.047075Z,KXSOL15M-26OCT042330-30,0.0140,1.00,yes
2026-10-05T03:28:51.636015Z,KXSOL15M-26OCT042330-30,0.0100,14.00,no
2026-10-05T03:28:51.636015Z,KXSOL15M-26OCT042330-30,0.0090,31.60,no
2026-10-05T03:28:51.636015Z,KXSOL15M-26OCT042330-30,0.0130,3.00,no
2026-10-05T03:28:51.636015Z,KXSOL15M-26OCT042330-30,0.0100,6.00,no
2026-10-05T03:28:51.636015Z,KXSOL15M-26OCT042330-30,0.0120,8.00,no
2026-10-05T03:28:51.636015Z,KXSOL15M-26OCT042330-30,0.0120,3.00,no
2026-10-05T03:28:51.636015Z,KXSOL15M-26OCT042330-30,0.0090,32.00,no
2026-10-05T03:28:52.2957Z,KXSOL15M-26OCT042330-30,0.0110,3.00,no
2026-10-05T03:28:52.38113Z,KXSOL15M-26OCT042330-30,0.0090,10.00,no
2026-10-05T03:28:52.38113Z,KXSOL15M-26OCT042330-30,0.0090,6.79,no
2026-10-05T03:28:52.38113Z,KXSOL15M-26OCT042330-30,0.0090,3.00,no
2026-10-05T03:28:52.499577Z,KXSOL15M-26OCT042330-30,0.0080,36.00,no
2026-10-05T03:28:52.633546Z,KXSOL15M-26OCT042330-30,0.0080,7.00,no
2026-10-05T03:28:52.633546Z,KXSOL15M-26OCT042330-30,0.0080,4.00,no
2026-10-05T03:28:53.145695Z,KXSOL15M-26OCT042330-30,0.0090,0.94,yes
2026-10-05T03:28:53.553661Z,KXSOL15M-26OCT042330-30,0.0100,24.00,yes
2026-10-05T03:28:53.553661Z,KXSOL15M-26OCT042330-30,0.0110,14.00,yes
2026-10-05T03:28:53.553661Z,KXSOL15M-26OCT042330-30,0.0200,6.00,yes
2026-10-05T03:28:53.553661Z,KXSOL15M-26OCT042330-30,0.0110,17.00,yes
2026-10-05T03:28:53.553661Z,KXSOL15M-26OCT042330-30,0.0200,6.96,yes
2026-10-05T03:28:53.553661Z,KXSOL15M-26OCT042330-30,0.0090,35.06,yes
2026-10-05T03:28:53.553661Z,KXSOL15M-26OCT042330-30,0.0100,32.00,yes
2026-10-05T03:28:53.553661Z,KXSOL15M-26OCT042330-30,0.0160,3.00,yes
2026-10-05T03:28:53.553661Z,KXSOL15M-26OCT042330-30,0.0120,350.00,yes
2026-10-05T03:28:53.553661Z,KXSOL15M-26OCT042330-30,0.0170,3.00,yes
2026-10-05T03:28:53.553661Z,KXSOL15M-26OCT042330-30,0.0150,6.00,yes
2026-10-05T03:28:53.553661Z,KXSOL15M-26OCT042330-30,0.0150,5.00,yes
2026-10-05T03:28:53.553661Z,KXSOL15M-26OCT042330-30,0.0090,4.00,yes
2026-10-05T03:28:53.553661Z,KXSOL15M-26OCT042330-30,0.0210,46.73,yes
2026-10-05T03:28:53.553661Z,KXSOL15M-26OCT042330-30,0.0170,100.00,yes
2026-10-05T03:28:54.03257Z,KXSOL15M-26OCT042330-30,0.0130,61.30,yes
2026-10-05T03:28:54.961944Z,KXSOL15M-26OCT042330-30,0.0140,32.74,yes
2026-10-05T03:28:55.793143Z,KXSOL15M-26OCT042330-30,0.0100,1.07,yes
2026-10-05T03:28:58.397316Z,KXSOL15M-26OCT042330-30,0.0080,3.00,no
2026-10-05T03:28:58.397316Z,KXSOL15M-26OCT042330-30,0.0080,3.00,no
2026-10-05T03:28:58.397316Z,KXSOL15M-26OCT042330-30,0.0070,24.00,no
2026-10-05T03:28:59.196983Z,KXSOL15M-26OCT042330-30,0.0080,5.00,yes
2026-10-05T03:28:59.556636Z,KXSOL15M-26OCT042330-30,0.0070,11.00,no
2026-10-05T03:28:59.993952Z,KXSOL15M-26OCT042330-30,0.0080,11.00,yes
2026-10-05T03:28:59.993952Z,KXSOL15M-26OCT042330-30,0.0080,16.00,yes
2026-10-05T03:28:59.993952Z,KXSOL15M-26OCT042330-30,0.0080,19.00,yes
2026-10-05T03:28:59.993952Z,KXSOL15M-26OCT042330-30,0.0100,33.88,yes
2026-10-05T03:28:59.993952Z,KXSOL15M-26OCT042330-30,0.0090,17.00,yes
2026-10-05T03:29:00.03441Z,KXSOL15M-26OCT042330-30,0.0070,1.00,no
2026-10-05T03:29:00.269216Z,KXSOL15M-26OCT042330-30,0.0070,3.00,no
2026-10-05T03:29:00.269216Z,KXSOL15M-26OCT042330-30,0.0070,11.00,no
2026-10-05T03:29:00.269216Z,KXSOL15M-26OCT042330-30,0.0070,4.00,no
2026-10-05T03:29:01.030945Z,KXSOL15M-26OCT042330-30,0.0040,1.00,no
2026-10-05T03:29:01.030945Z,KXSOL15M-26OCT042330-30,0.0030,2.00,no
2026-10-05T03:29:01.030945Z,KXSOL15M-26OCT042330-30,0.0040,1.00,no
2026-10-05T03:29:01.030945Z,KXSOL15M-26OCT042330-30,0.0030,2.00,no
2026-10-05T03:29:01.030945Z,KXSOL15M-26OCT042330-30,0.0040,1.00,no
2026-10-05T03:29:01.030945Z,KXSOL15M-26OCT042330-30,0.0030,2.00,no
2026-10-05T03:29:01.030945Z,KXSOL15M-26OCT042330-30,0.0030,2.00,no
2026-10-05T03:29:01.030945Z,KXSOL15M-26OCT042330-30,0.0040,1.00,no
2026-10-05T03:29:01.030945Z,KXSOL15M-26OCT042330-30,0.0040,1.00,no
2026-10-05T03:29:01.030945Z,KXSOL15M-26OCT042330-30,0.0030,2.00,no
2026-10-05T03:29:01.030945Z,KXSOL15M-26OCT042330-30,0.0050,11.00,no
2026-10-05T03:29:01.030945Z,KXSOL15M-26OCT042330-30,0.0040,13.00,no
2026-10-05T03:29:01.030945Z,KXSOL15M-26OCT042330-30,0.0030,18.00,no
2026-10-05T03:29:01.030945Z,KXSOL15M-26OCT042330-30,0.0060,25.00,no
2026-10-05T03:29:01.030945Z,KXSOL15M-26OCT042330-30,0.0050,3.00,no
2026-10-05T03:29:01.030945Z,KXSOL15M-26OCT042330-30,0.0060,3.00,no
2026-10-05T03:29:01.030945Z,KXSOL15M-26OCT042330-30,0.0060,11.00,no
2026-10-05T03:29:01.030945Z,KXSOL15M-26OCT042330-30,0.0060,11.00,no
2026-10-05T03:29:01.030945Z,KXSOL15M-26OCT042330-30,0.0050,20.00,no
2026-10-05T03:29:01.030945Z,KXSOL15M-26OCT042330-30,0.0050,1.00,no
2026-10-05T03:29:01.030945Z,KXSOL15M-26OCT042330-30,0.0040,81.00,no
2026-10-05T03:29:01.030945Z,KXSOL15M-26OCT042330-30,0.0020,210.00,no
2026-10-05T03:29:01.030945Z,KXSOL15M-26OCT042330-30,0.0030,40.00,no
2026-10-05T03:29:01.030945Z,KXSOL15M-26OCT042330-30,0.0040,40.00,no
2026-10-05T03:29:01.030945Z,KXSOL15M-26OCT042330-30,0.0050,40.00,no
2026-10-05T03:29:01.030945Z,KXSOL15M-26OCT042330-30,0.0060,40.00,no
2026-10-05T03:29:01.129629Z,KXSOL15M-26OCT042330-30,0.0040,1.00,no
2026-10-05T03:29:01.563627Z,KXSOL15M-26OCT042330-30,0.0050,17.00,no
2026-10-05T03:29:01.772589Z,KXSOL15M-26OCT042330-30,0.0060,13.74,yes
2026-10-05T03:29:01.930242Z,KXSOL15M-26OCT042330-30,0.0060,2.00,yes
2026-10-05T03:29:02.765617Z,KXSOL15M-26OCT042330-30,0.0050,24.26,yes
2026-10-05T03:29:02.765617Z,KXSOL15M-26OCT042330-30,0.0050,36.71,yes
2026-10-05T03:29:02.765617Z,KXSOL15M-26OCT042330-30,0.0050,26.00,yes
2026-10-05T03:29:02.765617Z,KXSOL15M-26OCT042330-30,0.0050,100.00,yes
2026-10-05T03:29:02.968666Z,KXSOL15M-26OCT042330-30,0.0040,3.00,no
2026-10-05T03:29:05.018538Z,KXSOL15M-26OCT042330-30,0.0030,3.00,no
2026-10-05T03:29:05.018538Z,KXSOL15M-26OCT042330-30,0.0030,8.00,no
2026-10-05T03:29:05.018538Z,KXSOL15M-26OCT042330-30,0.0030,10.00,no
2026-10-05T03:29:05.018538Z,KXSOL15M-26OCT042330-30,0.0030,20.00,no
2026-10-05T03:29:05.018538Z,KXSOL15M-26OCT042330-30,0.0030,101.00,no
2026-10-05T03:29:05.018538Z,KXSOL15M-26OCT042330-30,0.0020,58.00,no
2026-10-05T03:29:05.083664Z,KXSOL15M-26OCT042330-30,0.0030,10.00,no
2026-10-05T03:29:05.416513Z,KXSOL15M-26OCT042330-30,0.0030,3.00,no
2026-10-05T03:29:05.416513Z,KXSOL15M-26OCT042330-30,0.0030,10.00,no
2026-10-05T03:29:05.416513Z,KXSOL15M-26OCT042330-30,0.0030,8.00,no
2026-10-05T03:29:05.424485Z,KXSOL15M-26OCT042330-30,0.0030,6.00,no
2026-10-05T03:29:05.762589Z,KXSOL15M-26OCT042330-30,0.0030,7.00,no
2026-10-05T03:29:05.937911Z,KXSOL15M-26OCT042330-30,0.0030,20.00,no
2026-10-05T03:29:05.937911Z,KXSOL15M-26OCT042330-30,0.0030,3.00,no
2026-10-05T03:29:05.937911Z,KXSOL15M-26OCT042330-30,0.0030,8.00,no
2026-10-05T03:29:05.937911Z,KXSOL15M-26OCT042330-30,0.0020,282.00,no
2026-10-05T03:29:05.937911Z,KXSOL15M-26OCT042330-30,0.0020,41.75,no
2026-10-05T03:29:06.576041Z,KXSOL15M-26OCT042330-30,0.0020,12.00,no
2026-10-05T03:29:07.075484Z,KXSOL15M-26OCT042330-30,0.0020,0.55,no
2026-10-05T03:29:08.130517Z,KXSOL15M-26OCT042330-30,0.0030,12.25,yes
2026-10-05T03:29:08.632477Z,KXSOL15M-26OCT042330-30,0.0020,40.99,no
2026-10-05T03:29:14.0796Z,KXSOL15M-26OCT042330-30,0.0020,2.00,no
2026-10-05T03:29:14.084801Z,KXSOL15M-26OCT042330-30,0.0020,2.00,no
2026-10-05T03:29:14.092328Z,KXSOL15M-26OCT042330-30,0.0020,2.00,no
2026-10-05T03:29:14.098324Z,KXSOL15M-26OCT042330-30,0.0020,2.00,no
2026-10-05T03:29:14.103247Z,KXSOL15M-26OCT042330-30,0.0020,2.00,no
2026-10-05T03:29:14.10798Z,KXSOL15M-26OCT042330-30,0.0020,2.00,no
2026-10-05T03:29:14.895841Z,KXSOL15M-26OCT042330-30,0.0020,206.41,no
2026-10-05T03:29:15.088685Z,KXSOL15M-26OCT042330-30,0.0020,30.00,no
2026-10-05T03:29:15.098681Z,KXSOL15M-26OCT042330-30,0.0020,2.00,no
2026-10-05T03:29:15.107726Z,KXSOL15M-26OCT042330-30,0.0020,2.00,no
2026-10-05T03:29:15.113548Z,KXSOL15M-26OCT042330-30,0.0020,2.00,no
2026-10-05T03:29:15.120958Z,KXSOL15M-26OCT042330-30,0.0020,2.00,no
2026-10-05T03:29:15.377774Z,KXSOL15M-26OCT042330-30,0.0020,2.00,no
2026-10-05T03:29:15.385371Z,KXSOL15M-26OCT042330-30,0.0020,2.00,no
2026-10-05T03:29:15.391495Z,KXSOL15M-26OCT042330-30,0.0020,2.00,no
2026-10-05T03:29:15.399376Z,KXSOL15M-26OCT042330-30,0.0020,2.00,no
2026-10-05T03:29:15.407785Z,KXSOL15M-26OCT042330-30,0.0020,2.00,no
2026-10-05T03:29:15.414182Z,KXSOL15M-26OCT042330-30,0.0020,2.00,no
2026-10-05T03:29:16.787531Z,KXSOL15M-26OCT042330-30,0.0040,3.29,yes
2026-10-05T03:29:16.787531Z,KXSOL15M-26OCT042330-30,0.0050,57.97,yes
2026-10-05T03:29:16.787531Z,KXSOL15M-26OCT042330-30,0.0040,100.00,yes
2026-10-05T03:29:16.787531Z,KXSOL15M-26OCT042330-30,0.0030,31.00,yes
2026-10-05T03:29:16.787531Z,KXSOL15M-26OCT042330-30,0.0030,18.00,yes
2026-10-05T03:29:16.787531Z,KXSOL15M-26OCT042330-30,0.0030,23.75,yes
2026-10-05T03:29:19.02729Z,KXSOL15M-26OCT042330-30,0.0020,3.00,no
2026-10-05T03:29:19.02729Z,KXSOL15M-26OCT042330-30,0.0020,3.00,no
2026-10-05T03:29:19.02729Z,KXSOL15M-26OCT042330-30,0.0020,3.00,no
2026-10-05T03:29:19.02729Z,KXSOL15M-26OCT042330-30,0.0020,3.00,no
2026-10-05T03:29:19.02729Z,KXSOL15M-26OCT042330-30,0.0020,26.00,no
2026-10-05T03:29:19.02729Z,KXSOL15M-26OCT042330-30,0.0020,3.00,no
2026-10-05T03:29:19.02729Z,KXSOL15M-26OCT042330-30,0.0020,5.00,no
2026-10-05T03:29:19.02729Z,KXSOL15M-26OCT042330-30,0.0020,3.00,no
2026-10-05T03:29:19.02729Z,KXSOL15M-26OCT042330-30,0.0020,3.00,no
2026-10-05T03:29:19.02729Z,KXSOL15M-26OCT042330-30,0.0020,10.00,no
2026-10-05T03:29:19.02729Z,KXSOL15M-26OCT042330-30,0.0020,636.30,no
2026-10-05T03:29:19.02729Z,KXSOL15M-26OCT042330-30,0.0020,100.00,no
2026-10-05T03:29:19.02729Z,KXSOL15M-26OCT042330-30,0.0020,40.00,no
2026-10-05T03:29:19.807397Z,KXSOL15M-26OCT042330-30,0.0030,68.56,yes
2026-10-05T03:29:19.807397Z,KXSOL15M-26OCT042330-30,0.0020,118.00,yes
2026-10-05T03:29:19.807397Z,KXSOL15M-26OCT042330-30,0.0020,244.70,yes
2026-10-05T03:29:22.008749Z,KXSOL15M-26OCT042330-30,0.0020,48.00,yes
2026-10-05T03:29:22.008749Z,KXSOL15M-26OCT042330-30,0.0020,30.89,yes
2026-10-05T03:29:22.008749Z,KXSOL15M-26OCT042330-30,0.0020,75.00,yes
2026-10-05T03:29:22.317356Z,KXSOL15M-26OCT042330-30,0.0020,5.00,yes
2026-10-05T03:29:25.180079Z,KXSOL15M-26OCT042330-30,0.0010,1.00,no
2026-10-05T03:29:26.731816Z,KXSOL15M-26OCT042330-30,0.0010,111.10,no
2026-10-05T03:29:26.963328Z,KXSOL15M-26OCT042330-30,0.0010,312.10,no
2026-10-05T03:29:26.963328Z,KXSOL15M-26OCT042330-30,0.0010,187.90,no
2026-10-05T03:29:27.457824Z,KXSOL15M-26OCT042330-30,0.0020,108.81,yes
2026-10-05T03:29:27.457824Z,KXSOL15M-26OCT042330-30,0.0020,48.00,yes
2026-10-05T03:29:27.457824Z,KXSOL15M-26OCT042330-30,0.0020,70.00,yes
2026-10-05T03:29:28.077011Z,KXSOL15M-26OCT042330-30,0.0010,5.00,no
2026-10-05T03:29:28.200538Z,KXSOL15M-26OCT042330-30,0.0020,9.00,yes
2026-10-05T03:29:30.036785Z,KXSOL15M-26OCT042330-30,0.0010,100.00,no
2026-10-05T03:29:30.059392Z,KXSOL15M-26OCT042330-30,0.0010,2.00,no
2026-10-05T03:29:31.631795Z,KXSOL15M-26OCT042330-30,0.0010,1.00,no
2026-10-05T03:29:31.929135Z,KXSOL15M-26OCT042330-30,0.0010,31.20,no
2026-10-05T03:29:31.929135Z,KXSOL15M-26OCT042330-30,0.0010,79.90,no
2026-10-05T03:29:31.999297Z,KXSOL15M-26OCT042330-30,0.0020,25.19,yes
2026-10-05T03:29:31.999297Z,KXSOL15M-26OCT042330-30,0.0020,100.00,yes
2026-10-05T03:29:31.999297Z,KXSOL15M-26OCT042330-30,0.0020,312.10,yes
2026-10-05T03:29:31.999297Z,KXSOL15M-26OCT042330-30,0.0020,20.72,yes
2026-10-05T03:29:32.073966Z,KXSOL15M-26OCT042330-30,0.0010,40.00,no
2026-10-05T03:29:32.073966Z,KXSOL15M-26OCT042330-30,0.0010,75.00,no
2026-10-05T03:29:32.073966Z,KXSOL15M-26OCT042330-30,0.0010,1.00,no
2026-10-05T03:29:32.073966Z,KXSOL15M-26OCT042330-30,0.0010,168.80,no
2026-10-05T03:29:32.073966Z,KXSOL15M-26OCT042330-30,0.0010,1.00,no
2026-10-05T03:29:32.073966Z,KXSOL15M-26OCT042330-30,0.0010,311.20,no
2026-10-05T03:29:32.073966Z,KXSOL15M-26OCT042330-30,0.0010,10.00,no
2026-10-05T03:29:32.073966Z,KXSOL15M-26OCT042330-30,0.0010,38.00,no
2026-10-05T03:29:32.073966Z,KXSOL15M-26OCT042330-30,0.0010,3.00,no
2026-10-05T03:29:32.073966Z,KXSOL15M-26OCT042330-30,0.0010,7.00,no
2026-10-05T03:29:32.073966Z,KXSOL15M-26OCT042330-30,0.0010,1.00,no
2026-10-05T03:29:32.147505Z,KXSOL15M-26OCT042330-30,0.0010,37.10,no
2026-10-05T03:29:32.147505Z,KXSOL15M-26OCT042330-30,0.0010,0.90,no
2026-10-05T03:29:33.393182Z,KXSOL15M-26OCT042330-30,0.0010,100.00,yes
2026-10-05T03:29:33.393182Z,KXSOL15M-26OCT042330-30,0.0010,153.00,yes
2026-10-05T03:29:33.393182Z,KXSOL15M-26OCT042330-30,0.0010,71.00,yes
2026-10-05T03:29:33.393182Z,KXSOL15M-26OCT042330-30,0.0020,38.30,yes
2026-10-05T03:29:33.393182Z,KXSOL15M-26OCT042330-30,0.0020,5.00,yes
2026-10-05T03:29:33.393182Z,KXSOL15M-26OCT042330-30,0.0020,303.28,yes
2026-10-05T03:29:33.393182Z,KXSOL15M-26OCT042330-30,0.0020,189.00,yes
2026-10-05T03:29:33.411292Z,KXSOL15M-26OCT042330-30,0.0010,5.00,no
2026-10-05T03:29:33.458964Z,KXSOL15M-26OCT042330-30,0.0010,38.30,no
2026-10-05T03:29:33.458964Z,KXSOL15M-26OCT042330-30,0.0010,4.70,no
2026-10-05T03:29:35.285814Z,KXSOL15M-26OCT042330-30,0.0020,31.34,yes
2026-10-05T03:29:35.285814Z,KXSOL15M-26OCT042330-30,0.0020,168.80,yes
2026-10-05T03:29:35.285814Z,KXSOL15M-26OCT042330-30,0.0020,40.00,yes
2026-10-05T03:29:35.285814Z,KXSOL15M-26OCT042330-30,0.0010,67.00,yes
2026-10-05T03:29:35.285814Z,KXSOL15M-26OCT042330-30,0.0010,33.00,yes
2026-10-05T03:29:35.285814Z,KXSOL15M-26OCT042330-30,0.0020,61.70,yes
2026-10-05T03:29:35.285814Z,KXSOL15M-26OCT042330-30,0.0020,2.00,yes
2026-10-05T03:29:35.285814Z,KXSOL15M-26OCT042330-30,0.0020,79.90,yes
2026-10-05T03:29:35.285814Z,KXSOL15M-26OCT042330-30,0.0020,1.00,yes
2026-10-05T03:29:35.285814Z,KXSOL15M-26OCT042330-30,0.0020,31.20,yes
2026-10-05T03:29:35.303529Z,KXSOL15M-26OCT042330-30,0.0010,61.00,no
2026-10-05T03:29:35.388552Z,KXSOL15M-26OCT042330-30,0.0010,2.00,no
2026-10-05T03:29:35.388552Z,KXSOL15M-26OCT042330-30,0.0010,80.30,no
2026-10-05T03:29:35.388552Z,KXSOL15M-26OCT042330-30,0.0010,0.70,no
2026-10-05T03:29:35.388552Z,KXSOL15M-26OCT042330-30,0.0010,38.00,no
2026-10-05T03:29:35.542993Z,KXSOL15M-26OCT042330-30,0.0010,0.60,no
2026-10-05T03:29:35.542993Z,KXSOL15M-26OCT042330-30,0.0010,37.40,no
2026-10-05T03:29:37.378367Z,KXSOL15M-26OCT042330-30,0.0010,915.99,yes
2026-10-05T03:29:40.140389Z,KXSOL15M-26OCT042330-30,0.0010,15.20,yes
2026-10-05T03:29:41.242017Z,KXSOL15M-26OCT042330-30,0.0010,5.00,yes
2026-10-05T03:29:41.400873Z,KXSOL15M-26OCT042330-30,0.0010,40.00,yes
2026-10-05T03:29:41.400873Z,KXSOL15M-26OCT042330-30,0.0010,40.00,yes
2026-10-05T03:29:41.400873Z,KXSOL15M-26OCT042330-30,0.0010,40.00,yes
2026-10-05T03:29:41.400873Z,KXSOL15M-26OCT042330-30,0.0010,34.00,yes
2026-10-05T03:29:41.400873Z,KXSOL15M-26OCT042330-30,0.0010,40.00,yes
2026-10-05T03:29:41.400873Z,KXSOL15M-26OCT042330-30,0.0010,40.00,yes
2026-10-05T03:29:41.400873Z,KXSOL15M-26OCT042330-30,0.0010,314.81,yes
2026-10-05T03:29:41.400873Z,KXSOL15M-26OCT042330-30,0.0010,40.00,yes
2026-10-05T03:29:41.400873Z,KXSOL15M-26OCT042330-30,0.0010,327.18,yes
2026-10-05T03:29:45.251669Z,KXSOL15M-26OCT042330-30,0.0010,549.59,yes
2026-10-05T03:29:46.343578Z,KXSOL15M-26OCT042330-30,0.0010,915.99,yes
2026-10-05T03:29:51.988365Z,KXSOL15M-26OCT042330-30,0.0010,934.69,yes
2026-10-05T03:28:16.671091Z,KXWTI15M-26OCT042330-30,0.0200,40.00,yes
2026-10-05T03:28:17.62852Z,KXWTI15M-26OCT042330-30,0.0190,46.09,no
2026-10-05T03:28:17.62852Z,KXWTI15M-26OCT042330-30,0.0190,1.00,no
2026-10-05T03:28:18.209337Z,KXWTI15M-26OCT042330-30,0.0120,4.10,yes
2026-10-05T03:28:18.714232Z,KXWTI15M-26OCT042330-30,0.0110,100.00,no
2026-10-05T03:28:18.714232Z,KXWTI15M-26OCT042330-30,0.0110,1.00,no
2026-10-05T03:28:18.714232Z,KXWTI15M-26OCT042330-30,0.0110,81.06,no
2026-10-05T03:28:18.714232Z,KXWTI15M-26OCT042330-30,0.0110,20.00,no
2026-10-05T03:28:19.222968Z,KXWTI15M-26OCT042330-30,0.0130,45.33,yes
2026-10-05T03:28:21.564634Z,KXWTI15M-26OCT042330-30,0.0130,0.70,yes
2026-10-05T03:28:21.87536Z,KXWTI15M-26OCT042330-30,0.0110,14.00,no
2026-10-05T03:28:25.603367Z,KXWTI15M-26OCT042330-30,0.0130,10.48,yes
2026-10-05T03:28:26.198499Z,KXWTI15M-26OCT042330-30,0.0110,1.26,no
2026-10-05T03:28:26.198499Z,KXWTI15M-26OCT042330-30,0.0110,2.00,no
2026-10-05T03:28:26.198499Z,KXWTI15M-26OCT042330-30,0.0110,10.00,no
2026-10-05T03:28:26.198499Z,KXWTI15M-26OCT042330-30,0.0110,4.94,no
2026-10-05T03:28:26.198499Z,KXWTI15M-26OCT042330-30,0.0110,2.00,no
2026-10-05T03:28:26.370994Z,KXWTI15M-26OCT042330-30,0.0100,28.90,no
2026-10-05T03:28:26.370994Z,KXWTI15M-26OCT042330-30,0.0100,30.77,no
2026-10-05T03:28:26.370994Z,KXWTI15M-26OCT042330-30,0.0100,18.73,no
2026-10-05T03:28:26.370994Z,KXWTI15M-26OCT042330-30,0.0100,25.00,no
2026-10-05T03:28:26.370994Z,KXWTI15M-26OCT042330-30,0.0100,2.00,no
2026-10-05T03:28:26.370994Z,KXWTI15M-26OCT042330-30,0.0100,25.00,no
2026-10-05T03:28:26.736603Z,KXWTI15M-26OCT042330-30,0.0130,71.95,yes
2026-10-05T03:28:26.802418Z,KXWTI15M-26OCT042330-30,0.0110,98.94,yes
2026-10-05T03:28:27.535402Z,KXWTI15M-26OCT042330-30,0.0100,5.00,no
2026-10-05T03:28:27.535402Z,KXWTI15M-26OCT042330-30,0.0100,221.10,no
2026-10-05T03:28:27.535402Z,KXWTI15M-26OCT042330-30,0.0100,25.00,no
2026-10-05T03:28:27.535402Z,KXWTI15M-26OCT042330-30,0.0100,1.00,no
2026-10-05T03:28:27.535402Z,KXWTI15M-26OCT042330-30,0.0050,30.00,no
2026-10-05T03:28:27.535402Z,KXWTI15M-26OCT042330-30,0.0070,27.00,no
2026-10-05T03:28:27.535402Z,KXWTI15M-26OCT042330-30,0.0050,9.00,no
2026-10-05T03:28:27.535402Z,KXWTI15M-26OCT042330-30,0.0080,60.00,no
2026-10-05T03:28:27.535402Z,KXWTI15M-26OCT042330-30,0.0080,30.00,no
2026-10-05T03:28:27.535402Z,KXWTI15M-26OCT042330-30,0.0080,30.00,no
2026-10-05T03:28:27.535402Z,KXWTI15M-26OCT042330-30,0.0060,60.00,no
2026-10-05T03:28:27.535402Z,KXWTI15M-26OCT042330-30,0.0040,488.57,no
2026-10-05T03:28:28.485777Z,KXWTI15M-26OCT042330-30,0.0130,25.00,yes
2026-10-05T03:28:28.485777Z,KXWTI15M-26OCT042330-30,0.0110,25.00,yes
2026-10-05T03:28:28.485777Z,KXWTI15M-26OCT042330-30,0.0130,7.35,yes
2026-10-05T03:28:28.485777Z,KXWTI15M-26OCT042330-30,0.0110,9.00,yes
2026-10-05T03:28:29.421319Z,KXWTI15M-26OCT042330-30,0.0110,34.19,yes
2026-10-05T03:28:29.421319Z,KXWTI15M-26OCT042330-30,0.0110,22.00,yes
2026-10-05T03:28:29.648169Z,KXWTI15M-26OCT042330-30,0.0100,144.00,no
2026-10-05T03:28:29.659486Z,KXWTI15M-26OCT042330-30,0.0100,15.00,no
2026-10-05T03:28:30.046096Z,KXWTI15M-26OCT042330-30,0.0110,7.09,yes
2026-10-05T03:28:30.250074Z,KXWTI15M-26OCT042330-30,0.0100,5.00,no
2026-10-05T03:28:30.444233Z,KXWTI15M-26OCT042330-30,0.0100,488.57,no
2026-10-05T03:28:30.900563Z,KXWTI15M-26OCT042330-30,0.0100,1.00,no
2026-10-05T03:28:31.070856Z,KXWTI15M-26OCT042330-30,0.0100,6.00,no
2026-10-05T03:28:33.347297Z,KXWTI15M-26OCT042330-30,0.0110,8.16,yes
2026-10-05T03:28:34.59445Z,KXWTI15M-26OCT042330-30,0.0100,3.02,no
2026-10-05T03:28:37.373002Z,KXWTI15M-26OCT042330-30,0.0100,9.32,no
2026-10-05T03:28:37.941658Z,KXWTI15M-26OCT042330-30,0.0110,85.02,yes
2026-10-05T03:28:42.006346Z,KXWTI15M-26OCT042330-30,0.0100,11.40,no
2026-10-05T03:28:42.730661Z,KXWTI15M-26OCT042330-30,0.0110,10.00,yes
2026-10-05T03:28:42.730661Z,KXWTI15M-26OCT042330-30,0.0110,41.00,yes
2026-10-05T03:28:42.730661Z,KXWTI15M-26OCT042330-30,0.0110,9.02,yes
2026-10-05T03:28:42.730661Z,KXWTI15M-26OCT042330-30,0.0110,25.00,yes
2026-10-05T03:28:43.636726Z,KXWTI15M-26OCT042330-30,0.0110,20.83,yes
2026-10-05T03:28:43.785373Z,KXWTI15M-26OCT042330-30,0.0110,85.02,yes
2026-10-05T03:28:45.693509Z,KXWTI15M-26OCT042330-30,0.0100,65.23,no
2026-10-05T03:28:46.272293Z,KXWTI15M-26OCT042330-30,0.0110,200.00,yes
2026-10-05T03:28:46.272293Z,KXWTI15M-26OCT042330-30,0.0110,46.00,yes
2026-10-05T03:28:46.272293Z,KXWTI15M-26OCT042330-30,0.0110,10.00,yes
2026-10-05T03:28:47.014858Z,KXWTI15M-26OCT042330-30,0.0100,1.46,no
2026-10-05T03:28:47.014858Z,KXWTI15M-26OCT042330-30,0.0100,25.00,no
2026-10-05T03:28:47.014858Z,KXWTI15M-26OCT042330-30,0.0100,1.00,no
2026-10-05T03:28:47.188232Z,KXWTI15M-26OCT042330-30,0.0140,259.59,no
2026-10-05T03:28:48.262371Z,KXWTI15M-26OCT042330-30,0.0200,10.00,yes
2026-10-05T03:28:48.262371Z,KXWTI15M-26OCT042330-30,0.0200,83.58,yes
2026-10-05T03:28:48.291472Z,KXWTI15M-26OCT042330-30,0.0140,60.00,no
2026-10-05T03:28:48.389594Z,KXWTI15M-26OCT042330-30,0.0150,23.39,yes
2026-10-05T03:28:49.248918Z,KXWTI15M-26OCT042330-30,0.0150,62.36,yes
2026-10-05T03:28:52.152778Z,KXWTI15M-26OCT042330-30,0.0150,62.36,yes
2026-10-05T03:28:53.61892Z,KXWTI15M-26OCT042330-30,0.0140,10.00,no
2026-10-05T03:28:53.61892Z,KXWTI15M-26OCT042330-30,0.0140,10.00,no
2026-10-05T03:28:53.61892Z,KXWTI15M-26OCT042330-30,0.0140,430.41,no
2026-10-05T03:28:53.61892Z,KXWTI15M-26OCT042330-30,0.0140,1.00,no
2026-10-05T03:28:54.077691Z,KXWTI15M-26OCT042330-30,0.0120,1.00,no
2026-10-05T03:28:55.260387Z,KXWTI15M-26OCT042330-30,0.0130,108.00,yes
2026-10-05T03:28:55.924763Z,KXWTI15M-26OCT042330-30,0.0120,101.01,no
2026-10-05T03:28:56.358337Z,KXWTI15M-26OCT042330-30,0.0130,29.01,yes
2026-10-05T03:28:57.241793Z,KXWTI15M-26OCT042330-30,0.0120,300.00,no
2026-10-05T03:28:58.726587Z,KXWTI15M-26OCT042330-30,0.0100,24.01,no
2026-10-05T03:28:58.726587Z,KXWTI15M-26OCT042330-30,0.0120,1.00,no
2026-10-05T03:28:58.726587Z,KXWTI15M-26OCT042330-30,0.0120,347.99,no
2026-10-05T03:29:00.478834Z,KXWTI15M-26OCT042330-30,0.0050,100.00,yes
2026-10-05T03:29:01.85352Z,KXWTI15M-26OCT042330-30,0.0100,10.00,yes
2026-10-05T03:29:01.85352Z,KXWTI15M-26OCT042330-30,0.0130,111.00,yes
2026-10-05T03:29:01.85352Z,KXWTI15M-26OCT042330-30,0.0050,100.00,yes
2026-10-05T03:29:01.85352Z,KXWTI15M-26OCT042330-30,0.0130,24.01,yes
2026-10-05T03:29:01.85352Z,KXWTI15M-26OCT042330-30,0.0130,29.01,yes
2026-10-05T03:29:01.85352Z,KXWTI15M-26OCT042330-30,0.0140,99.55,yes
2026-10-05T03:29:01.85352Z,KXWTI15M-26OCT042330-30,0.0070,18.00,yes
2026-10-05T03:29:01.85352Z,KXWTI15M-26OCT042330-30,0.0130,5.99,yes
2026-10-05T03:29:01.85352Z,KXWTI15M-26OCT042330-30,0.0130,25.00,yes
2026-10-05T03:29:04.853724Z,KXWTI15M-26OCT042330-30,0.0130,21.59,yes
2026-10-05T03:29:04.853724Z,KXWTI15M-26OCT042330-30,0.0110,59.00,yes
2026-10-05T03:29:06.25508Z,KXWTI15M-26OCT042330-30,0.0050,40.00,yes
2026-10-05T03:29:06.25508Z,KXWTI15M-26OCT042330-30,0.0090,25.00,yes
2026-10-05T03:29:06.25508Z,KXWTI15M-26OCT042330-30,0.0070,14.00,yes
2026-10-05T03:29:06.25508Z,KXWTI15M-26OCT042330-30,0.0100,20.75,yes
2026-10-05T03:29:07.070192Z,KXWTI15M-26OCT042330-30,0.0080,11.45,yes
2026-10-05T03:29:07.644129Z,KXWTI15M-26OCT042330-30,0.0100,25.08,yes
2026-10-05T03:29:07.644Z,KXWTI15M-26OCT042330-30,0.0080,11.55,yes
2026-10-05T03:29:07.649907Z,KXWTI15M-26OCT042330-30,0.0100,17.51,yes
2026-10-05T03:29:07.661623Z,KXWTI15M-26OCT042330-30,0.0100,13.27,yes
2026-10-05T03:29:07.857015Z,KXWTI15M-26OCT042330-30,0.0100,78.69,yes
2026-10-05T03:29:08.13219Z,KXWTI15M-26OCT042330-30,0.0090,10.00,yes
2026-10-05T03:29:08.157805Z,KXWTI15M-26OCT042330-30,0.0100,66.70,yes
2026-10-05T03:29:08.666704Z,KXWTI15M-26OCT042330-30,0.0120,9.00,no
2026-10-05T03:29:09.306854Z,KXWTI15M-26OCT042330-30,0.0130,26.95,yes
2026-10-05T03:29:09.306854Z,KXWTI15M-26OCT042330-30,0.0130,45.00,yes
2026-10-05T03:29:09.50012Z,KXWTI15M-26OCT042330-30,0.0120,111.00,no
2026-10-05T03:29:10.215242Z,KXWTI15M-26OCT042330-30,0.0120,74.33,no
2026-10-05T03:29:10.230958Z,KXWTI15M-26OCT042330-30,0.0120,81.06,no
2026-10-05T03:29:10.554294Z,KXWTI15M-26OCT042330-30,0.0130,35.00,yes
2026-10-05T03:29:10.554294Z,KXWTI15M-26OCT042330-30,0.0130,36.53,yes
2026-10-05T03:29:10.759241Z,KXWTI15M-26OCT042330-30,0.0120,1.00,no
2026-10-05T03:29:11.202641Z,KXWTI15M-26OCT042330-30,0.0120,19.00,no
2026-10-05T03:29:11.371987Z,KXWTI15M-26OCT042330-30,0.0130,62.00,yes
2026-10-05T03:29:11.371987Z,KXWTI15M-26OCT042330-30,0.0130,9.95,yes
2026-10-05T03:29:11.747441Z,KXWTI15M-26OCT042330-30,0.0050,39.39,no
2026-10-05T03:29:11.747441Z,KXWTI15M-26OCT042330-30,0.0120,454.61,no
2026-10-05T03:29:11.877286Z,KXWTI15M-26OCT042330-30,0.0050,40.00,no
2026-10-05T03:29:13.898161Z,KXWTI15M-26OCT042330-30,0.0080,15.39,yes
2026-10-05T03:29:16.141889Z,KXWTI15M-26OCT042330-30,0.0040,1.00,no
2026-10-05T03:29:16.141889Z,KXWTI15M-26OCT042330-30,0.0040,61.00,no
2026-10-05T03:29:16.158635Z,KXWTI15M-26OCT042330-30,0.0030,25.00,no
2026-10-05T03:29:16.158635Z,KXWTI15M-26OCT042330-30,0.0030,108.00,no
2026-10-05T03:29:17.857912Z,KXWTI15M-26OCT042330-30,0.0040,4.73,no
2026-10-05T03:29:22.010262Z,KXWTI15M-26OCT042330-30,0.0090,163.06,yes
2026-10-05T03:29:22.010262Z,KXWTI15M-26OCT042330-30,0.0080,22.00,yes
2026-10-05T03:29:22.010262Z,KXWTI15M-26OCT042330-30,0.0090,25.00,yes
2026-10-05T03:29:23.062952Z,KXWTI15M-26OCT042330-30,0.0040,1.00,no
2026-10-05T03:29:23.062952Z,KXWTI15M-26OCT042330-30,0.0040,1.00,no
2026-10-05T03:29:23.836955Z,KXWTI15M-26OCT042330-30,0.0080,116.88,yes
2026-10-05T03:29:23.943844Z,KXWTI15M-26OCT042330-30,0.0040,5.01,no
2026-10-05T03:29:25.78967Z,KXWTI15M-26OCT042330-30,0.0030,25.00,no
2026-10-05T03:29:25.78967Z,KXWTI15M-26OCT042330-30,0.0040,56.99,no
2026-10-05T03:29:25.78967Z,KXWTI15M-26OCT042330-30,0.0040,1.00,no
2026-10-05T03:29:25.78967Z,KXWTI15M-26OCT042330-30,0.0020,107.47,no
2026-10-05T03:29:25.969921Z,KXWTI15M-26OCT042330-30,0.0100,2199.04,yes
2026-10-05T03:29:25.969921Z,KXWTI15M-26OCT042330-30,0.0100,6.99,yes
2026-10-05T03:29:25.969921Z,KXWTI15M-26OCT042330-30,0.0090,58.94,yes
2026-10-05T03:29:25.969921Z,KXWTI15M-26OCT042330-30,0.0080,105.12,yes
2026-10-05T03:29:25.969921Z,KXWTI15M-26OCT042330-30,0.0080,19.00,yes
2026-10-05T03:29:25.969921Z,KXWTI15M-26OCT042330-30,0.0090,25.00,yes
2026-10-05T03:29:25.969921Z,KXWTI15M-26OCT042330-30,0.0080,40.00,yes
2026-10-05T03:29:25.971005Z,KXWTI15M-26OCT042330-30,0.0100,0.01,yes
2026-10-05T03:29:25.971005Z,KXWTI15M-26OCT042330-30,0.0110,108.00,yes
2026-10-05T03:29:25.972152Z,KXWTI15M-26OCT042330-30,0.0300,50.00,yes
2026-10-05T03:29:25.972152Z,KXWTI15M-26OCT042330-30,0.0300,399.50,yes
2026-10-05T03:29:25.972152Z,KXWTI15M-26OCT042330-30,0.0230,30.00,yes
2026-10-05T03:29:25.972152Z,KXWTI15M-26OCT042330-30,0.0240,3.00,yes
2026-10-05T03:29:25.972152Z,KXWTI15M-26OCT042330-30,0.0220,10.00,yes
2026-10-05T03:29:25.972152Z,KXWTI15M-26OCT042330-30,0.0200,2.00,yes
2026-10-05T03:29:25.972152Z,KXWTI15M-26OCT042330-30,0.0220,30.00,yes
2026-10-05T03:29:25.972152Z,KXWTI15M-26OCT042330-30,0.0240,60.00,yes
2026-10-05T03:29:25.972152Z,KXWTI15M-26OCT042330-30,0.0200,1.00,yes
2026-10-05T03:29:25.972152Z,KXWTI15M-26OCT042330-30,0.0220,60.00,yes
2026-10-05T03:29:25.982423Z,KXWTI15M-26OCT042330-30,0.0350,3.00,yes
2026-10-05T03:29:25.982423Z,KXWTI15M-26OCT042330-30,0.0290,19.00,yes
2026-10-05T03:29:25.982423Z,KXWTI15M-26OCT042330-30,0.0210,25.00,yes
2026-10-05T03:29:25.983463Z,KXWTI15M-26OCT042330-30,0.0400,3.00,yes
2026-10-05T03:29:25.983463Z,KXWTI15M-26OCT042330-30,0.0400,20.83,yes
2026-10-05T03:29:25.994964Z,KXWTI15M-26OCT042330-30,0.0110,13.00,no
2026-10-05T03:29:26.635979Z,KXWTI15M-26OCT042330-30,0.0040,1.00,no
2026-10-05T03:29:27.052902Z,KXWTI15M-26OCT042330-30,0.0040,20.00,no
2026-10-05T03:29:27.052902Z,KXWTI15M-26OCT042330-30,0.0040,1.00,no
2026-10-05T03:29:27.09717Z,KXWTI15M-26OCT042330-30,0.0040,84.00,no
2026-10-05T03:29:27.09717Z,KXWTI15M-26OCT042330-30,0.0040,1.00,no
2026-10-05T03:29:27.189641Z,KXWTI15M-26OCT042330-30,0.0090,43.38,yes
2026-10-05T03:29:30.974316Z,KXWTI15M-26OCT042330-30,0.0090,1.00,yes
2026-10-05T03:29:30.974316Z,KXWTI15M-26OCT042330-30,0.0100,34.60,yes
2026-10-05T03:29:30.974316Z,KXWTI15M-26OCT042330-30,0.0090,64.09,yes
2026-10-05T03:29:31.737013Z,KXWTI15M-26OCT042330-30,0.0080,10.00,no
2026-10-05T03:29:31.737013Z,KXWTI15M-26OCT042330-30,0.0080,1.00,no
2026-10-05T03:29:31.737013Z,KXWTI15M-26OCT042330-30,0.0080,32.38,no
2026-10-05T03:29:31.91919Z,KXWTI15M-26OCT042330-30,0.0080,9.55,no
2026-10-05T03:29:33.62576Z,KXWTI15M-26OCT042330-30,0.0100,93.51,yes
2026-10-05T03:29:34.378645Z,KXWTI15M-26OCT042330-30,0.0100,48.00,yes
2026-10-05T03:29:34.959748Z,KXWTI15M-26OCT042330-30,0.0090,20.20,yes
2026-10-05T03:29:35.423741Z,KXWTI15M-26OCT042330-30,0.0090,5.17,yes
2026-10-05T03:29:36.331855Z,KXWTI15M-26OCT042330-30,0.0080,3.00,no
2026-10-05T03:29:38.26458Z,KXWTI15M-26OCT042330-30,0.0090,15.63,yes
2026-10-05T03:29:38.26458Z,KXWTI15M-26OCT042330-30,0.0090,30.00,yes
2026-10-05T03:29:38.26458Z,KXWTI15M-26OCT042330-30,0.0340,238.02,yes
2026-10-05T03:29:38.26458Z,KXWTI15M-26OCT042330-30,0.0100,45.89,yes
2026-10-05T03:29:38.26458Z,KXWTI15M-26OCT042330-30,0.0330,24.00,yes
2026-10-05T03:29:39.240163Z,KXWTI15M-26OCT042330-30,0.0020,108.99,no
2026-10-05T03:29:39.240163Z,KXWTI15M-26OCT042330-30,0.0080,1.00,no
2026-10-05T03:29:39.240163Z,KXWTI15M-26OCT042330-30,0.0030,68.00,no
2026-10-05T03:29:39.240163Z,KXWTI15M-26OCT042330-30,0.0080,155.07,no
2026-10-05T03:29:39.240163Z,KXWTI15M-26OCT042330-30,0.0030,25.00,no
2026-10-05T03:29:39.320973Z,KXWTI15M-26OCT042330-30,0.0020,57.26,no
2026-10-05T03:29:42.520499Z,KXWTI15M-26OCT042330-30,0.0020,38.02,no
2026-10-05T03:29:42.520499Z,KXWTI15M-26OCT042330-30,0.0030,1.00,no
2026-10-05T03:29:42.520499Z,KXWTI15M-26OCT042330-30,0.0030,46.00,no
2026-10-05T03:29:42.539704Z,KXWTI15M-26OCT042330-30,0.0020,200.00,no
2026-10-05T03:29:42.554072Z,KXWTI15M-26OCT042330-30,0.0020,200.00,no
2026-10-05T03:29:42.568532Z,KXWTI15M-26OCT042330-30,0.0020,88.26,no
2026-10-05T03:29:42.568532Z,KXWTI15M-26OCT042330-30,0.0020,9.74,no
2026-10-05T03:29:42.568532Z,KXWTI15M-26OCT042330-30,0.0020,1.00,no
2026-10-05T03:29:42.568532Z,KXWTI15M-26OCT042330-30,0.0020,1.00,no
2026-10-05T03:29:42.597551Z,KXWTI15M-26OCT042330-30,0.0040,373.95,yes
2026-10-05T03:29:42.870125Z,KXWTI15M-26OCT042330-30,0.0020,3.85,no
2026-10-05T03:29:42.870125Z,KXWTI15M-26OCT042330-30,0.0020,0.26,no
2026-10-05T03:29:44.22686Z,KXWTI15M-26OCT042330-30,0.0040,229.04,yes
2026-10-05T03:29:47.663623Z,KXWTI15M-26OCT042330-30,0.0020,9.00,no
2026-10-05T03:29:48.694392Z,KXWTI15M-26OCT042330-30,0.0030,334.52,yes
2026-10-05T03:29:49.547167Z,KXWTI15M-26OCT042330-30,0.0020,3.00,no
2026-10-05T03:29:49.896633Z,KXWTI15M-26OCT042330-30,0.0020,22.00,no
2026-10-05T03:29:50.036222Z,KXWTI15M-26OCT042330-30,0.0010,200.00,no
2026-10-05T03:29:50.05072Z,KXWTI15M-26OCT042330-30,0.0010,1.00,no
2026-10-05T03:29:50.05072Z,KXWTI15M-26OCT042330-30,0.0010,100.00,no
2026-10-05T03:29:50.05072Z,KXWTI15M-26OCT042330-30,0.0010,75.00,no
2026-10-05T03:29:50.05072Z,KXWTI15M-26OCT042330-30,0.0010,24.00,no
2026-10-05T03:29:50.065538Z,KXWTI15M-26OCT042330-30,0.0010,7.00,no
2026-10-05T03:29:50.065538Z,KXWTI15M-26OCT042330-30,0.0010,67.00,no
2026-10-05T03:29:50.065538Z,KXWTI15M-26OCT042330-30,0.0010,1.00,no
2026-10-05T03:29:50.866447Z,KXWTI15M-26OCT042330-30,0.0010,5.00,no
2026-10-05T03:29:52.650277Z,KXWTI15M-26OCT042330-30,0.0030,100.00,yes
2026-10-05T03:29:52.650277Z,KXWTI15M-26OCT042330-30,0.0030,192.89,yes
2026-10-05T03:29:52.650277Z,KXWTI15M-26OCT042330-30,0.0020,27.00,yes
2026-10-05T03:29:52.841578Z,KXWTI15M-26OCT042330-30,0.0010,8.00,no
2026-10-05T03:29:53.62573Z,KXWTI15M-26OCT042330-30,0.0010,8.00,no
2026-10-05T03:29:54.622453Z,KXWTI15M-26OCT042330-30,0.0010,8.00,no
2026-10-05T03:29:55.001896Z,KXWTI15M-26OCT042330-30,0.0010,1.00,no
2026-10-05T03:29:55.001896Z,KXWTI15M-26OCT042330-30,0.0010,8.00,no
2026-10-05T03:29:55.001896Z,KXWTI15M-26OCT042330-30,0.0010,8.00,no
2026-10-05T03:29:55.001896Z,KXWTI15M-26OCT042330-30,0.0010,8.00,no
2026-10-05T03:29:55.001896Z,KXWTI15M-26OCT042330-30,0.0010,7.00,no
2026-10-05T03:29:57.148058Z,KXWTI15M-26OCT042330-30,0.0020,4.59,yes
2026-10-05T03:29:57.381748Z,KXWTI15M-26OCT042330-30,0.0010,386.79,yes
2026-10-05T03:29:57.409027Z,KXWTI15M-26OCT042330-30,0.0010,386.79,yes
2026-10-05T03:29:57.56337Z,KXWTI15M-26OCT042330-30,0.0010,256.13,yes
2026-10-05T03:28:33.880896Z,KXUSDJPY15M-26OCT042330-30,0.0100,1.00,no
2026-10-05T03:28:40.542324Z,KXUSDJPY15M-26OCT042330-30,0.0100,11.10,no
2026-10-05T03:28:49.236034Z,KXUSDJPY15M-26OCT042330-30,0.0200,50.00,yes
2026-10-05T03:28:49.236034Z,KXUSDJPY15M-26OCT042330-30,0.0200,3.00,yes
2026-10-05T03:28:49.236034Z,KXUSDJPY15M-26OCT042330-30,0.0200,54.37,yes
2026-10-05T03:28:49.236034Z,KXUSDJPY15M-26OCT042330-30,0.0200,30.00,yes
2026-10-05T03:28:49.236034Z,KXUSDJPY15M-26OCT042330-30,0.0200,3.00,yes
2026-10-05T03:28:57.537248Z,KXUSDJPY15M-26OCT042330-30,0.0100,5.04,no
2026-10-05T03:29:21.086982Z,KXUSDJPY15M-26OCT042330-30,0.0100,16.99,no
2026-10-05T03:29:21.086982Z,KXUSDJPY15M-26OCT042330-30,0.0100,51.76,no
2026-10-05T03:29:21.086982Z,KXUSDJPY15M-26OCT042330-30,0.0100,1.00,no
2026-10-05T03:29:21.086982Z,KXUSDJPY15M-26OCT042330-30,0.0100,10.00,no
2026-10-05T03:29:21.086982Z,KXUSDJPY15M-26OCT042330-30,0.0100,1.00,no
2026-10-05T03:29:24.589967Z,KXUSDJPY15M-26OCT042330-30,0.0100,1.00,yes
2026-10-05T03:28:32.65591Z,KXETH15M-26OCT042330-30,0.1200,50.00,yes
2026-10-05T03:28:32.65591Z,KXETH15M-26OCT042330-30,0.1300,20.00,yes
2026-10-05T03:28:32.65591Z,KXETH15M-26OCT042330-30,0.1300,0.01,yes
2026-10-05T03:28:32.65591Z,KXETH15M-26OCT042330-30,0.1300,9.00,yes
2026-10-05T03:28:32.65591Z,KXETH15M-26OCT042330-30,0.1300,5.00,yes
2026-10-05T03:28:32.65591Z,KXETH15M-26OCT042330-30,0.1400,36.04,yes
2026-10-05T03:28:32.65591Z,KXETH15M-26OCT042330-30,0.1300,10.00,yes
2026-10-05T03:28:32.65591Z,KXETH15M-26OCT042330-30,0.1300,16.00,yes
2026-10-05T03:28:32.696344Z,KXETH15M-26OCT042330-30,0.1100,11.15,no
2026-10-05T03:28:32.935178Z,KXETH15M-26OCT042330-30,0.1100,11.23,no
2026-10-05T03:28:33.003902Z,KXETH15M-26OCT042330-30,0.1000,14.94,no
2026-10-05T03:28:33.003902Z,KXETH15M-26OCT042330-30,0.1100,15.62,no
2026-10-05T03:28:33.003902Z,KXETH15M-26OCT042330-30,0.1000,8.00,no
2026-10-05T03:28:33.003902Z,KXETH15M-26OCT042330-30,0.1000,12.89,no
2026-10-05T03:28:33.617751Z,KXETH15M-26OCT042330-30,0.0940,19.00,no
2026-10-05T03:28:33.617751Z,KXETH15M-26OCT042330-30,0.0880,6.00,no
2026-10-05T03:28:33.617751Z,KXETH15M-26OCT042330-30,0.0950,9.00,no
2026-10-05T03:28:33.617751Z,KXETH15M-26OCT042330-30,0.0950,9.00,no
2026-10-05T03:28:33.617751Z,KXETH15M-26OCT042330-30,0.1000,65.06,no
2026-10-05T03:28:33.617751Z,KXETH15M-26OCT042330-30,0.0870,15.94,no
2026-10-05T03:28:33.850373Z,KXETH15M-26OCT042330-30,0.0980,15.69,yes
2026-10-05T03:28:33.87834Z,KXETH15M-26OCT042330-30,0.0930,79.31,no
2026-10-05T03:28:33.915106Z,KXETH15M-26OCT042330-30,0.0980,33.68,yes
2026-10-05T03:28:33.96902Z,KXETH15M-26OCT042330-30,0.0930,1.08,no
2026-10-05T03:28:34.104635Z,KXETH15M-26OCT042330-30,0.0980,0.63,yes
2026-10-05T03:28:34.381737Z,KXETH15M-26OCT042330-30,0.0980,3.88,yes
2026-10-05T03:28:34.625844Z,KXETH15M-26OCT042330-30,0.1100,46.84,yes
2026-10-05T03:28:34.625844Z,KXETH15M-26OCT042330-30,0.1100,10.00,yes
2026-10-05T03:28:34.625844Z,KXETH15M-26OCT042330-30,0.1100,20.00,yes
2026-10-05T03:28:35.121036Z,KXETH15M-26OCT042330-30,0.1100,0.04,yes
2026-10-05T03:28:35.53139Z,KXETH15M-26OCT042330-30,0.1100,8.55,yes
2026-10-05T03:28:35.792943Z,KXETH15M-26OCT042330-30,0.1100,11.45,yes
2026-10-05T03:28:35.792943Z,KXETH15M-26OCT042330-30,0.1100,5.66,yes
2026-10-05T03:28:35.825056Z,KXETH15M-26OCT042330-30,0.1000,1.00,no
2026-10-05T03:28:35.825056Z,KXETH15M-26OCT042330-30,0.0940,41.00,no
2026-10-05T03:28:35.825056Z,KXETH15M-26OCT042330-30,0.0930,34.27,no
2026-10-05T03:28:36.290978Z,KXETH15M-26OCT042330-30,0.1100,4.34,yes
2026-10-05T03:28:36.290978Z,KXETH15M-26OCT042330-30,0.1100,50.00,yes
2026-10-05T03:28:36.290978Z,KXETH15M-26OCT042330-30,0.1100,5.66,yes
2026-10-05T03:28:36.290978Z,KXETH15M-26OCT042330-30,0.1100,20.00,yes
2026-10-05T03:28:36.290978Z,KXETH15M-26OCT042330-30,0.1100,19.00,yes
2026-10-05T03:28:36.440329Z,KXETH15M-26OCT042330-30,0.1100,5.41,no
2026-10-05T03:28:36.478222Z,KXETH15M-26OCT042330-30,0.1100,11.03,no
2026-10-05T03:28:36.614623Z,KXETH15M-26OCT042330-30,0.1100,2.00,no
2026-10-05T03:28:36.76649Z,KXETH15M-26OCT042330-30,0.1100,223.00,no
2026-10-05T03:28:36.978089Z,KXETH15M-26OCT042330-30,0.1100,45.09,no
2026-10-05T03:28:37.12901Z,KXETH15M-26OCT042330-30,0.1100,1.11,no
2026-10-05T03:28:37.340259Z,KXETH15M-26OCT042330-30,0.1100,55.74,no
2026-10-05T03:28:37.350884Z,KXETH15M-26OCT042330-30,0.1100,1.11,no
2026-10-05T03:28:37.351282Z,KXETH15M-26OCT042330-30,0.1200,5000.00,yes
2026-10-05T03:28:37.351282Z,KXETH15M-26OCT042330-30,0.1200,50.00,yes
2026-10-05T03:28:37.351282Z,KXETH15M-26OCT042330-30,0.1200,9.00,yes
2026-10-05T03:28:37.351282Z,KXETH15M-26OCT042330-30,0.1200,17.00,yes
2026-10-05T03:28:37.354996Z,KXETH15M-26OCT042330-30,0.1300,16.00,yes
2026-10-05T03:28:37.354996Z,KXETH15M-26OCT042330-30,0.1300,9.00,yes
2026-10-05T03:28:37.354996Z,KXETH15M-26OCT042330-30,0.1300,9.00,yes
2026-10-05T03:28:37.432517Z,KXETH15M-26OCT042330-30,0.1400,0.01,no
2026-10-05T03:28:37.432517Z,KXETH15M-26OCT042330-30,0.1300,158.23,no
2026-10-05T03:28:37.432517Z,KXETH15M-26OCT042330-30,0.1400,9.00,no
2026-10-05T03:28:37.642418Z,KXETH15M-26OCT042330-30,0.1300,87.38,no
2026-10-05T03:28:37.70447Z,KXETH15M-26OCT042330-30,0.1300,2.23,no
2026-10-05T03:28:37.980834Z,KXETH15M-26OCT042330-30,0.1300,27.00,no
2026-10-05T03:28:38.465146Z,KXETH15M-26OCT042330-30,0.1100,50.00,no
2026-10-05T03:28:38.52271Z,KXETH15M-26OCT042330-30,0.1200,17.00,yes
2026-10-05T03:28:38.52271Z,KXETH15M-26OCT042330-30,0.1200,50.00,yes
2026-10-05T03:28:38.545501Z,KXETH15M-26OCT042330-30,0.1200,160.73,no
2026-10-05T03:28:38.700539Z,KXETH15M-26OCT042330-30,0.1200,110.00,no
2026-10-05T03:28:38.732483Z,KXETH15M-26OCT042330-30,0.1300,5.95,yes
2026-10-05T03:28:39.291033Z,KXETH15M-26OCT042330-30,0.1200,63.00,no
2026-10-05T03:28:39.291033Z,KXETH15M-26OCT042330-30,0.1200,9.00,no
2026-10-05T03:28:39.291033Z,KXETH15M-26OCT042330-30,0.1200,9.00,no
2026-10-05T03:28:39.291033Z,KXETH15M-26OCT042330-30,0.1300,9.00,no
2026-10-05T03:28:39.291033Z,KXETH15M-26OCT042330-30,0.1300,9.00,no
2026-10-05T03:28:39.291033Z,KXETH15M-26OCT042330-30,0.1100,40.14,no
2026-10-05T03:28:39.34716Z,KXETH15M-26OCT042330-30,0.1200,9.00,no
2026-10-05T03:28:39.618727Z,KXETH15M-26OCT042330-30,0.1000,2.39,no
2026-10-05T03:28:39.777769Z,KXETH15M-26OCT042330-30,0.1000,8.00,no
2026-10-05T03:28:39.813624Z,KXETH15M-26OCT042330-30,0.0990,4.37,no
2026-10-05T03:28:39.823084Z,KXETH15M-26OCT042330-30,0.0990,0.88,no
2026-10-05T03:28:39.828443Z,KXETH15M-26OCT042330-30,0.0990,35.75,no
2026-10-05T03:28:39.828443Z,KXETH15M-26OCT042330-30,0.0990,7.00,no
2026-10-05T03:28:40.063441Z,KXETH15M-26OCT042330-30,0.1000,5.55,no
2026-10-05T03:28:40.165477Z,KXETH15M-26OCT042330-30,0.1100,8.55,yes
2026-10-05T03:28:40.575168Z,KXETH15M-26OCT042330-30,0.1100,8.55,yes
2026-10-05T03:28:40.705311Z,KXETH15M-26OCT042330-30,0.1000,6.50,no
2026-10-05T03:28:40.941903Z,KXETH15M-26OCT042330-30,0.1000,2.56,no
2026-10-05T03:28:40.941903Z,KXETH15M-26OCT042330-30,0.1000,8.00,no
2026-10-05T03:28:40.969684Z,KXETH15M-26OCT042330-30,0.1100,32.90,yes
2026-10-05T03:28:40.969684Z,KXETH15M-26OCT042330-30,0.1200,0.64,yes
2026-10-05T03:28:41.75109Z,KXETH15M-26OCT042330-30,0.1000,41.00,no
2026-10-05T03:28:41.75109Z,KXETH15M-26OCT042330-30,0.1000,8.00,no
2026-10-05T03:28:42.025935Z,KXETH15M-26OCT042330-30,0.1000,41.00,no
2026-10-05T03:28:42.025935Z,KXETH15M-26OCT042330-30,0.1000,8.00,no
2026-10-05T03:28:42.025935Z,KXETH15M-26OCT042330-30,0.0980,43.00,no
2026-10-05T03:28:42.025935Z,KXETH15M-26OCT042330-30,0.0990,41.00,no
2026-10-05T03:28:42.264266Z,KXETH15M-26OCT042330-30,0.1000,41.00,no
2026-10-05T03:28:42.264266Z,KXETH15M-26OCT042330-30,0.1000,8.00,no
2026-10-05T03:28:42.41731Z,KXETH15M-26OCT042330-30,0.0990,3.13,no
2026-10-05T03:28:42.41731Z,KXETH15M-26OCT042330-30,0.1000,41.00,no
2026-10-05T03:28:42.596612Z,KXETH15M-26OCT042330-30,0.1100,17.11,yes
2026-10-05T03:28:42.636145Z,KXETH15M-26OCT042330-30,0.1000,1.67,no
2026-10-05T03:28:42.822111Z,KXETH15M-26OCT042330-30,0.1100,0.81,yes
2026-10-05T03:28:43.51349Z,KXETH15M-26OCT042330-30,0.1100,1.91,yes
2026-10-05T03:28:43.51349Z,KXETH15M-26OCT042330-30,0.1100,32.08,yes
2026-10-05T03:28:43.803248Z,KXETH15M-26OCT042330-30,0.0990,7.00,no
2026-10-05T03:28:43.803248Z,KXETH15M-26OCT042330-30,0.0990,37.87,no
2026-10-05T03:28:44.104312Z,KXETH15M-26OCT042330-30,0.1100,8.55,yes
2026-10-05T03:28:44.120718Z,KXETH15M-26OCT042330-30,0.1100,9.21,yes
2026-10-05T03:28:44.23035Z,KXETH15M-26OCT042330-30,0.1100,12.29,yes
2026-10-05T03:28:44.23035Z,KXETH15M-26OCT042330-30,0.1100,0.33,yes
2026-10-05T03:28:44.355559Z,KXETH15M-26OCT042330-30,0.1100,0.04,yes
2026-10-05T03:28:44.736246Z,KXETH15M-26OCT042330-30,0.0990,8.00,no
2026-10-05T03:28:44.760625Z,KXETH15M-26OCT042330-30,0.0990,30.00,no
2026-10-05T03:28:44.84008Z,KXETH15M-26OCT042330-30,0.1100,17.11,yes
2026-10-05T03:28:44.865528Z,KXETH15M-26OCT042330-30,0.1100,2.13,yes
2026-10-05T03:28:44.888345Z,KXETH15M-26OCT042330-30,0.1100,22.87,yes
2026-10-05T03:28:44.888345Z,KXETH15M-26OCT042330-30,0.1100,19.00,yes
2026-10-05T03:28:44.888345Z,KXETH15M-26OCT042330-30,0.1100,68.43,yes
2026-10-05T03:28:45.204582Z,KXETH15M-26OCT042330-30,0.1100,7.61,yes
2026-10-05T03:28:45.460763Z,KXETH15M-26OCT042330-30,0.1200,9.00,yes
2026-10-05T03:28:45.460763Z,KXETH15M-26OCT042330-30,0.1200,16.36,yes
2026-10-05T03:28:45.460763Z,KXETH15M-26OCT042330-30,0.1100,10.00,yes
2026-10-05T03:28:45.460763Z,KXETH15M-26OCT042330-30,0.1200,1.51,yes
2026-10-05T03:28:45.460763Z,KXETH15M-26OCT042330-30,0.1100,1.00,yes
2026-10-05T03:28:45.460763Z,KXETH15M-26OCT042330-30,0.1100,3.74,yes
2026-10-05T03:28:45.460763Z,KXETH15M-26OCT042330-30,0.1100,19.52,yes
2026-10-05T03:28:45.460763Z,KXETH15M-26OCT042330-30,0.1100,0.01,yes
2026-10-05T03:28:45.460763Z,KXETH15M-26OCT042330-30,0.1100,19.00,yes
2026-10-05T03:28:45.574508Z,KXETH15M-26OCT042330-30,0.0990,7.00,no
2026-10-05T03:28:45.574508Z,KXETH15M-26OCT042330-30,0.0990,3.00,no
2026-10-05T03:28:45.836426Z,KXETH15M-26OCT042330-30,0.0980,41.82,no
2026-10-05T03:28:45.836426Z,KXETH15M-26OCT042330-30,0.0990,7.00,no
2026-10-05T03:28:45.836426Z,KXETH15M-26OCT042330-30,0.0980,1.18,no
2026-10-05T03:28:45.836426Z,KXETH15M-26OCT042330-30,0.0990,38.00,no
2026-10-05T03:28:45.876641Z,KXETH15M-26OCT042330-30,0.0950,15.00,no
2026-10-05T03:28:46.00416Z,KXETH15M-26OCT042330-30,0.0950,9.00,no
2026-10-05T03:28:46.06844Z,KXETH15M-26OCT042330-30,0.0950,2.00,no
2026-10-05T03:28:46.091453Z,KXETH15M-26OCT042330-30,0.0950,10.00,no
2026-10-05T03:28:46.096195Z,KXETH15M-26OCT042330-30,0.0950,5.00,no
2026-10-05T03:28:46.096195Z,KXETH15M-26OCT042330-30,0.0950,4.00,no
2026-10-05T03:28:46.959937Z,KXETH15M-26OCT042330-30,0.0980,34.56,yes
2026-10-05T03:28:46.959937Z,KXETH15M-26OCT042330-30,0.0940,16.00,yes
2026-10-05T03:28:46.959937Z,KXETH15M-26OCT042330-30,0.0970,10.00,yes
2026-10-05T03:28:46.959937Z,KXETH15M-26OCT042330-30,0.0940,13.00,yes
2026-10-05T03:28:46.959937Z,KXETH15M-26OCT042330-30,0.0970,20.00,yes
2026-10-05T03:28:46.959937Z,KXETH15M-26OCT042330-30,0.0950,3.00,yes
2026-10-05T03:28:47.03883Z,KXETH15M-26OCT042330-30,0.0970,4.85,yes
2026-10-05T03:28:47.182936Z,KXETH15M-26OCT042330-30,0.0960,7.00,yes
2026-10-05T03:28:47.182936Z,KXETH15M-26OCT042330-30,0.0970,6.15,yes
2026-10-05T03:28:47.182936Z,KXETH15M-26OCT042330-30,0.0980,7.35,yes
2026-10-05T03:28:47.656151Z,KXETH15M-26OCT042330-30,0.0830,362.82,no
2026-10-05T03:28:47.656151Z,KXETH15M-26OCT042330-30,0.0910,9.00,no
2026-10-05T03:28:47.656151Z,KXETH15M-26OCT042330-30,0.0940,9.00,no
2026-10-05T03:28:47.656151Z,KXETH15M-26OCT042330-30,0.0940,6.00,no
2026-10-05T03:28:47.656151Z,KXETH15M-26OCT042330-30,0.0930,41.00,no
2026-10-05T03:28:47.656151Z,KXETH15M-26OCT042330-30,0.0840,15.00,no
2026-10-05T03:28:47.656151Z,KXETH15M-26OCT042330-30,0.0890,1.01,no
2026-10-05T03:28:47.656151Z,KXETH15M-26OCT042330-30,0.0870,5.00,no
2026-10-05T03:28:47.656151Z,KXETH15M-26OCT042330-30,0.0850,5.00,no
2026-10-05T03:28:47.656151Z,KXETH15M-26OCT042330-30,0.0860,10.00,no
2026-10-05T03:28:47.656151Z,KXETH15M-26OCT042330-30,0.0920,41.00,no
2026-10-05T03:28:47.656151Z,KXETH15M-26OCT042330-30,0.0840,10.00,no
2026-10-05T03:28:47.656151Z,KXETH15M-26OCT042330-30,0.0900,14.00,no
2026-10-05T03:28:47.656151Z,KXETH15M-26OCT042330-30,0.0870,4.04,no
2026-10-05T03:28:47.656151Z,KXETH15M-26OCT042330-30,0.0850,4.04,no
2026-10-05T03:28:47.656151Z,KXETH15M-26OCT042330-30,0.0830,0.12,no
2026-10-05T03:28:47.656151Z,KXETH15M-26OCT042330-30,0.0830,6.00,no
2026-10-05T03:28:47.912903Z,KXETH15M-26OCT042330-30,0.0950,9.00,no
2026-10-05T03:28:47.912903Z,KXETH15M-26OCT042330-30,0.0950,3.00,no
2026-10-05T03:28:47.921716Z,KXETH15M-26OCT042330-30,0.0950,6.00,no
2026-10-05T03:28:48.261403Z,KXETH15M-26OCT042330-30,0.0900,7.00,no
2026-10-05T03:28:48.365587Z,KXETH15M-26OCT042330-30,0.0870,2.00,no
2026-10-05T03:28:48.464542Z,KXETH15M-26OCT042330-30,0.0880,8.63,yes
2026-10-05T03:28:49.018351Z,KXETH15M-26OCT042330-30,0.0870,2.27,yes
2026-10-05T03:28:49.055903Z,KXETH15M-26OCT042330-30,0.0860,6.00,no
2026-10-05T03:28:49.059558Z,KXETH15M-26OCT042330-30,0.0860,16.00,no
2026-10-05T03:28:49.065447Z,KXETH15M-26OCT042330-30,0.0860,17.00,no
2026-10-05T03:28:49.093238Z,KXETH15M-26OCT042330-30,0.0860,2.00,no
2026-10-05T03:28:49.114388Z,KXETH15M-26OCT042330-30,0.0760,5.00,no
2026-10-05T03:28:49.114388Z,KXETH15M-26OCT042330-30,0.0730,6.00,no
2026-10-05T03:28:49.114388Z,KXETH15M-26OCT042330-30,0.0770,41.00,no
2026-10-05T03:28:49.114388Z,KXETH15M-26OCT042330-30,0.0780,41.00,no
2026-10-05T03:28:49.114388Z,KXETH15M-26OCT042330-30,0.0720,1.47,no
2026-10-05T03:28:49.114388Z,KXETH15M-26OCT042330-30,0.0740,9.00,no
2026-10-05T03:28:49.680681Z,KXETH15M-26OCT042330-30,0.0810,1.81,no
2026-10-05T03:28:49.828437Z,KXETH15M-26OCT042330-30,0.0810,10.50,no
2026-10-05T03:28:50.107152Z,KXETH15M-26OCT042330-30,0.0860,10.95,yes
2026-10-05T03:28:50.634848Z,KXETH15M-26OCT042330-30,0.0810,1.11,no
2026-10-05T03:28:50.996136Z,KXETH15M-26OCT042330-30,0.0810,4.31,no
2026-10-05T03:28:51.002195Z,KXETH15M-26OCT042330-30,0.0840,6.11,yes
2026-10-05T03:28:51.43232Z,KXETH15M-26OCT042330-30,0.0740,2.92,no
2026-10-05T03:28:51.43232Z,KXETH15M-26OCT042330-30,0.0760,4.00,no
2026-10-05T03:28:51.43232Z,KXETH15M-26OCT042330-30,0.0780,41.00,no
2026-10-05T03:28:51.43232Z,KXETH15M-26OCT042330-30,0.0750,5.00,no
2026-10-05T03:28:51.511887Z,KXETH15M-26OCT042330-30,0.0750,19.00,no
2026-10-05T03:28:51.566506Z,KXETH15M-26OCT042330-30,0.0690,6.00,no
2026-10-05T03:28:51.566506Z,KXETH15M-26OCT042330-30,0.0750,22.00,no
2026-10-05T03:28:51.566506Z,KXETH15M-26OCT042330-30,0.0710,6.00,no
2026-10-05T03:28:51.566506Z,KXETH15M-26OCT042330-30,0.0740,41.00,no
2026-10-05T03:28:51.566506Z,KXETH15M-26OCT042330-30,0.0680,9.20,no
2026-10-05T03:28:51.566506Z,KXETH15M-26OCT042330-30,0.0720,5.00,no
2026-10-05T03:28:51.566506Z,KXETH15M-26OCT042330-30,0.0700,5.95,no
2026-10-05T03:28:51.63434Z,KXETH15M-26OCT042330-30,0.0720,5.00,no
2026-10-05T03:28:51.63434Z,KXETH15M-26OCT042330-30,0.0720,1.00,no
2026-10-05T03:28:51.828985Z,KXETH15M-26OCT042330-30,0.0730,16.03,no
2026-10-05T03:28:52.017139Z,KXETH15M-26OCT042330-30,0.0730,24.97,no
2026-10-05T03:28:52.017139Z,KXETH15M-26OCT042330-30,0.0720,19.03,no
2026-10-05T03:28:52.056867Z,KXETH15M-26OCT042330-30,0.0860,104.00,yes
2026-10-05T03:28:52.056867Z,KXETH15M-26OCT042330-30,0.0990,25.00,yes
2026-10-05T03:28:52.056867Z,KXETH15M-26OCT042330-30,0.0780,50.00,yes
2026-10-05T03:28:52.056867Z,KXETH15M-26OCT042330-30,0.0990,32.00,yes
2026-10-05T03:28:52.056867Z,KXETH15M-26OCT042330-30,0.0850,9.00,yes
2026-10-05T03:28:52.056867Z,KXETH15M-26OCT042330-30,0.0770,5.00,yes
2026-10-05T03:28:52.056867Z,KXETH15M-26OCT042330-30,0.0840,27.00,yes
2026-10-05T03:28:52.056867Z,KXETH15M-26OCT042330-30,0.0830,11.00,yes
2026-10-05T03:28:52.056867Z,KXETH15M-26OCT042330-30,0.0850,9.00,yes
2026-10-05T03:28:52.056867Z,KXETH15M-26OCT042330-30,0.0920,19.00,yes
2026-10-05T03:28:52.056867Z,KXETH15M-26OCT042330-30,0.0830,5.00,yes
2026-10-05T03:28:52.056867Z,KXETH15M-26OCT042330-30,0.0820,11.00,yes
2026-10-05T03:28:52.056867Z,KXETH15M-26OCT042330-30,0.0770,18.58,yes
2026-10-05T03:28:52.056867Z,KXETH15M-26OCT042330-30,0.0940,200.00,yes
2026-10-05T03:28:52.056867Z,KXETH15M-26OCT042330-30,0.0990,313.75,yes
2026-10-05T03:28:52.056867Z,KXETH15M-26OCT042330-30,0.0970,1.00,yes
2026-10-05T03:28:52.056867Z,KXETH15M-26OCT042330-30,0.0900,9.00,yes
2026-10-05T03:28:52.056867Z,KXETH15M-26OCT042330-30,0.0850,20.00,yes
2026-10-05T03:28:52.056867Z,KXETH15M-26OCT042330-30,0.0840,13.89,yes
2026-10-05T03:28:52.133149Z,KXETH15M-26OCT042330-30,0.0730,37.00,no
2026-10-05T03:28:52.133149Z,KXETH15M-26OCT042330-30,0.0730,41.00,no
2026-10-05T03:28:52.213086Z,KXETH15M-26OCT042330-30,0.0720,21.00,no
2026-10-05T03:28:52.248718Z,KXETH15M-26OCT042330-30,0.0720,0.97,no
2026-10-05T03:28:52.248718Z,KXETH15M-26OCT042330-30,0.0720,8.03,no
2026-10-05T03:28:52.290829Z,KXETH15M-26OCT042330-30,0.0720,21.03,no
2026-10-05T03:28:52.328657Z,KXETH15M-26OCT042330-30,0.0720,4.00,no
2026-10-05T03:28:52.351605Z,KXETH15M-26OCT042330-30,0.0720,1.00,no
2026-10-05T03:28:52.366892Z,KXETH15M-26OCT042330-30,0.0720,4.00,no
2026-10-05T03:28:52.385883Z,KXETH15M-26OCT042330-30,0.0720,1.94,no
2026-10-05T03:28:52.385883Z,KXETH15M-26OCT042330-30,0.0720,3.42,no
2026-10-05T03:28:52.510678Z,KXETH15M-26OCT042330-30,0.0720,3.00,no
2026-10-05T03:28:52.521944Z,KXETH15M-26OCT042330-30,0.0720,2.14,no
2026-10-05T03:28:52.55819Z,KXETH15M-26OCT042330-30,0.0720,10.72,no
2026-10-05T03:28:52.679259Z,KXETH15M-26OCT042330-30,0.0740,5.00,yes
2026-10-05T03:28:52.679259Z,KXETH15M-26OCT042330-30,0.0780,31.96,yes
2026-10-05T03:28:52.679259Z,KXETH15M-26OCT042330-30,0.0750,9.00,yes
2026-10-05T03:28:52.679259Z,KXETH15M-26OCT042330-30,0.0760,19.00,yes
2026-10-05T03:28:52.679259Z,KXETH15M-26OCT042330-30,0.0740,11.00,yes
2026-10-05T03:28:52.679259Z,KXETH15M-26OCT042330-30,0.0750,9.00,yes
2026-10-05T03:28:52.725038Z,KXETH15M-26OCT042330-30,0.0460,7.68,no
2026-10-05T03:28:52.725038Z,KXETH15M-26OCT042330-30,0.0470,9.00,no
2026-10-05T03:28:52.725038Z,KXETH15M-26OCT042330-30,0.0600,2.32,no
2026-10-05T03:28:52.725038Z,KXETH15M-26OCT042330-30,0.0600,1.00,no
2026-10-05T03:28:52.741892Z,KXETH15M-26OCT042330-30,0.0460,1.32,no
2026-10-05T03:28:52.741892Z,KXETH15M-26OCT042330-30,0.0440,8.00,no
2026-10-05T03:28:52.741892Z,KXETH15M-26OCT042330-30,0.0430,10.68,no
2026-10-05T03:28:52.744074Z,KXETH15M-26OCT042330-30,0.0430,20.00,no
2026-10-05T03:28:52.957706Z,KXETH15M-26OCT042330-30,0.0500,9.00,no
2026-10-05T03:28:52.957706Z,KXETH15M-26OCT042330-30,0.0460,18.00,no
2026-10-05T03:28:52.957706Z,KXETH15M-26OCT042330-30,0.0450,9.00,no
2026-10-05T03:28:52.957706Z,KXETH15M-26OCT042330-30,0.0510,41.00,no
2026-10-05T03:28:52.957706Z,KXETH15M-26OCT042330-30,0.0470,9.00,no
2026-10-05T03:28:52.957706Z,KXETH15M-26OCT042330-30,0.0510,59.00,no
2026-10-05T03:28:52.957706Z,KXETH15M-26OCT042330-30,0.0400,18.84,no
2026-10-05T03:28:53.102639Z,KXETH15M-26OCT042330-30,0.0640,12.69,yes
2026-10-05T03:28:53.246343Z,KXETH15M-26OCT042330-30,0.0460,0.82,no
2026-10-05T03:28:53.249089Z,KXETH15M-26OCT042330-30,0.0450,9.00,no
2026-10-05T03:28:53.249089Z,KXETH15M-26OCT042330-30,0.0460,40.18,no
2026-10-05T03:28:53.249089Z,KXETH15M-26OCT042330-30,0.0420,20.00,no
2026-10-05T03:28:53.249089Z,KXETH15M-26OCT042330-30,0.0430,8.00,no
2026-10-05T03:28:53.249089Z,KXETH15M-26OCT042330-30,0.0400,78.82,no
2026-10-05T03:28:53.314796Z,KXETH15M-26OCT042330-30,0.0410,0.80,no
2026-10-05T03:28:53.325828Z,KXETH15M-26OCT042330-30,0.0560,0.92,yes
2026-10-05T03:28:53.546933Z,KXETH15M-26OCT042330-30,0.0570,0.14,yes
2026-10-05T03:28:53.600246Z,KXETH15M-26OCT042330-30,0.0430,5.11,no
2026-10-05T03:28:53.605956Z,KXETH15M-26OCT042330-30,0.0570,8.18,yes
2026-10-05T03:28:53.657576Z,KXETH15M-26OCT042330-30,0.0430,20.46,no
2026-10-05T03:28:53.697719Z,KXETH15M-26OCT042330-30,0.0420,9.00,no
2026-10-05T03:28:53.697719Z,KXETH15M-26OCT042330-30,0.0420,13.00,no
2026-10-05T03:28:53.697719Z,KXETH15M-26OCT042330-30,0.0430,15.43,no
2026-10-05T03:28:53.740604Z,KXETH15M-26OCT042330-30,0.0430,23.50,no
2026-10-05T03:28:53.740604Z,KXETH15M-26OCT042330-30,0.0440,8.00,no
2026-10-05T03:28:53.740604Z,KXETH15M-26OCT042330-30,0.0440,41.00,no
2026-10-05T03:28:54.103537Z,KXETH15M-26OCT042330-30,0.0470,41.00,no
2026-10-05T03:28:54.103537Z,KXETH15M-26OCT042330-30,0.0470,6.02,no
2026-10-05T03:28:54.305628Z,KXETH15M-26OCT042330-30,0.0510,5.00,no
2026-10-05T03:28:54.307301Z,KXETH15M-26OCT042330-30,0.0510,2.62,no
2026-10-05T03:28:54.313392Z,KXETH15M-26OCT042330-30,0.0510,7.00,no
2026-10-05T03:28:54.364932Z,KXETH15M-26OCT042330-30,0.0680,50.00,yes
2026-10-05T03:28:54.364932Z,KXETH15M-26OCT042330-30,0.0680,24.90,yes
2026-10-05T03:28:54.364932Z,KXETH15M-26OCT042330-30,0.0600,10.00,yes
2026-10-05T03:28:54.364932Z,KXETH15M-26OCT042330-30,0.0660,20.00,yes
2026-10-05T03:28:54.364932Z,KXETH15M-26OCT042330-30,0.0670,10.00,yes
2026-10-05T03:28:54.394168Z,KXETH15M-26OCT042330-30,0.0550,9.00,no
2026-10-05T03:28:54.394168Z,KXETH15M-26OCT042330-30,0.0530,5.50,no
2026-10-05T03:28:54.39573Z,KXETH15M-26OCT042330-30,0.0530,2.50,no
2026-10-05T03:28:54.39573Z,KXETH15M-26OCT042330-30,0.0500,9.00,no
2026-10-05T03:28:54.39573Z,KXETH15M-26OCT042330-30,0.0500,83.17,no
2026-10-05T03:28:55.18807Z,KXETH15M-26OCT042330-30,0.0400,10.29,no
2026-10-05T03:28:55.372695Z,KXETH15M-26OCT042330-30,0.0460,41.00,no
2026-10-05T03:28:55.399839Z,KXETH15M-26OCT042330-30,0.0460,1.51,yes
2026-10-05T03:28:55.399839Z,KXETH15M-26OCT042330-30,0.0460,10.00,yes
2026-10-05T03:28:55.501129Z,KXETH15M-26OCT042330-30,0.0300,66.00,no
2026-10-05T03:28:55.501129Z,KXETH15M-26OCT042330-30,0.0320,10.00,no
2026-10-05T03:28:55.501129Z,KXETH15M-26OCT042330-30,0.0300,24.79,no
2026-10-05T03:28:55.501129Z,KXETH15M-26OCT042330-30,0.0400,64.16,no
2026-10-05T03:28:55.501129Z,KXETH15M-26OCT042330-30,0.0310,9.00,no
2026-10-05T03:28:55.501129Z,KXETH15M-26OCT042330-30,0.0310,18.00,no
2026-10-05T03:28:55.501129Z,KXETH15M-26OCT042330-30,0.0350,9.00,no
2026-10-05T03:28:55.501129Z,KXETH15M-26OCT042330-30,0.0400,92.05,no
2026-10-05T03:28:55.584043Z,KXETH15M-26OCT042330-30,0.0390,0.10,yes
2026-10-05T03:28:55.595434Z,KXETH15M-26OCT042330-30,0.0560,65.00,yes
2026-10-05T03:28:55.595434Z,KXETH15M-26OCT042330-30,0.0500,9.00,yes
2026-10-05T03:28:55.595434Z,KXETH15M-26OCT042330-30,0.0430,20.00,yes
2026-10-05T03:28:55.595434Z,KXETH15M-26OCT042330-30,0.0600,9.00,yes
2026-10-05T03:28:55.595434Z,KXETH15M-26OCT042330-30,0.0390,40.90,yes
2026-10-05T03:28:55.595434Z,KXETH15M-26OCT042330-30,0.0400,9.00,yes
2026-10-05T03:28:55.595434Z,KXETH15M-26OCT042330-30,0.0600,185.15,yes
2026-10-05T03:28:55.595434Z,KXETH15M-26OCT042330-30,0.0390,11.00,yes
2026-10-05T03:28:55.595434Z,KXETH15M-26OCT042330-30,0.0460,19.00,yes
2026-10-05T03:28:55.595434Z,KXETH15M-26OCT042330-30,0.0590,1.00,yes
2026-10-05T03:28:55.595434Z,KXETH15M-26OCT042330-30,0.0440,1.01,yes
2026-10-05T03:28:55.595434Z,KXETH15M-26OCT042330-30,0.0600,9.00,yes
2026-10-05T03:28:55.595434Z,KXETH15M-26OCT042330-30,0.0400,10.00,yes
2026-10-05T03:28:55.595434Z,KXETH15M-26OCT042330-30,0.0440,143.00,yes
2026-10-05T03:28:56.482562Z,KXETH15M-26OCT042330-30,0.0480,11.00,yes
2026-10-05T03:28:56.482562Z,KXETH15M-26OCT042330-30,0.0450,9.00,yes
2026-10-05T03:28:56.482562Z,KXETH15M-26OCT042330-30,0.0470,14.49,yes
2026-10-05T03:28:56.482562Z,KXETH15M-26OCT042330-30,0.0400,5.00,yes
2026-10-05T03:28:56.482562Z,KXETH15M-26OCT042330-30,0.0500,22.37,yes
2026-10-05T03:28:56.482562Z,KXETH15M-26OCT042330-30,0.0440,1.00,yes
2026-10-05T03:28:57.372544Z,KXETH15M-26OCT042330-30,0.0450,2.15,yes
2026-10-05T03:28:57.372544Z,KXETH15M-26OCT042330-30,0.0410,85.00,yes
2026-10-05T03:28:57.372544Z,KXETH15M-26OCT042330-30,0.0450,11.00,yes
2026-10-05T03:28:57.40249Z,KXETH15M-26OCT042330-30,0.0460,1.13,yes
2026-10-05T03:28:57.629377Z,KXETH15M-26OCT042330-30,0.0450,20.59,no
2026-10-05T03:28:57.708527Z,KXETH15M-26OCT042330-30,0.0460,0.40,yes
2026-10-05T03:28:57.980394Z,KXETH15M-26OCT042330-30,0.0390,4.49,no
2026-10-05T03:28:57.980394Z,KXETH15M-26OCT042330-30,0.0450,1.41,no
2026-10-05T03:28:58.651287Z,KXETH15M-26OCT042330-30,0.0360,7.96,no
2026-10-05T03:28:59.062357Z,KXETH15M-26OCT042330-30,0.0400,0.84,yes
2026-10-05T03:28:59.354967Z,KXETH15M-26OCT042330-30,0.0410,2.13,yes
2026-10-05T03:28:59.354967Z,KXETH15M-26OCT042330-30,0.0400,0.16,yes
2026-10-05T03:28:59.435609Z,KXETH15M-26OCT042330-30,0.0340,8.25,no
2026-10-05T03:28:59.486688Z,KXETH15M-26OCT042330-30,0.0410,14.00,yes
2026-10-05T03:28:59.486688Z,KXETH15M-26OCT042330-30,0.0400,1.00,yes
2026-10-05T03:28:59.486688Z,KXETH15M-26OCT042330-30,0.0400,41.00,yes
2026-10-05T03:28:59.53831Z,KXETH15M-26OCT042330-30,0.0340,32.75,no
2026-10-05T03:28:59.53831Z,KXETH15M-26OCT042330-30,0.0330,41.00,no
2026-10-05T03:28:59.53831Z,KXETH15M-26OCT042330-30,0.0340,9.00,no
2026-10-05T03:28:59.53831Z,KXETH15M-26OCT042330-30,0.0300,37.70,no
2026-10-05T03:28:59.53831Z,KXETH15M-26OCT042330-30,0.0300,0.21,no
2026-10-05T03:28:59.578312Z,KXETH15M-26OCT042330-30,0.0410,5.70,yes
2026-10-05T03:28:59.578312Z,KXETH15M-26OCT042330-30,0.0400,41.00,yes
2026-10-05T03:28:59.637768Z,KXETH15M-26OCT042330-30,0.0400,22.71,yes
2026-10-05T03:29:00.039143Z,KXETH15M-26OCT042330-30,0.0330,1.03,no
2026-10-05T03:29:00.100902Z,KXETH15M-26OCT042330-30,0.0380,16.08,yes
2026-10-05T03:29:00.100902Z,KXETH15M-26OCT042330-30,0.0380,7.00,yes
2026-10-05T03:29:00.1812Z,KXETH15M-26OCT042330-30,0.0330,18.00,no
2026-10-05T03:29:00.544254Z,KXETH15M-26OCT042330-30,0.0330,13.00,no
2026-10-05T03:29:00.544254Z,KXETH15M-26OCT042330-30,0.0330,21.97,no
2026-10-05T03:29:00.794427Z,KXETH15M-26OCT042330-30,0.0400,5.87,yes
2026-10-05T03:29:00.794427Z,KXETH15M-26OCT042330-30,0.0380,24.92,yes
2026-10-05T03:29:00.794427Z,KXETH15M-26OCT042330-30,0.0350,12.00,yes
2026-10-05T03:29:00.794427Z,KXETH15M-26OCT042330-30,0.0330,0.01,yes
2026-10-05T03:29:00.794427Z,KXETH15M-26OCT042330-30,0.0340,14.00,yes
2026-10-05T03:29:00.794427Z,KXETH15M-26OCT042330-30,0.0340,10.00,yes
2026-10-05T03:29:00.794427Z,KXETH15M-26OCT042330-30,0.0350,9.00,yes
2026-10-05T03:29:00.794427Z,KXETH15M-26OCT042330-30,0.0400,9.00,yes
2026-10-05T03:29:00.794427Z,KXETH15M-26OCT042330-30,0.0390,41.00,yes
2026-10-05T03:29:00.794427Z,KXETH15M-26OCT042330-30,0.0490,10.00,yes
2026-10-05T03:29:00.794427Z,KXETH15M-26OCT042330-30,0.0450,9.00,yes
2026-10-05T03:29:00.794427Z,KXETH15M-26OCT042330-30,0.0490,8.32,yes
2026-10-05T03:29:01.11338Z,KXETH15M-26OCT042330-30,0.0350,12.35,no
2026-10-05T03:29:01.183503Z,KXETH15M-26OCT042330-30,0.0360,2.00,no
2026-10-05T03:29:01.2232Z,KXETH15M-26OCT042330-30,0.0360,5.00,no
2026-10-05T03:29:01.347169Z,KXETH15M-26OCT042330-30,0.0370,41.00,yes
2026-10-05T03:29:01.347169Z,KXETH15M-26OCT042330-30,0.0380,21.74,yes
2026-10-05T03:29:01.433118Z,KXETH15M-26OCT042330-30,0.0360,2.58,no
2026-10-05T03:29:01.616547Z,KXETH15M-26OCT042330-30,0.0390,10.00,yes
2026-10-05T03:29:01.616547Z,KXETH15M-26OCT042330-30,0.0370,1.00,yes
2026-10-05T03:29:01.616547Z,KXETH15M-26OCT042330-30,0.0380,9.00,yes
2026-10-05T03:29:01.616547Z,KXETH15M-26OCT042330-30,0.0380,19.26,yes
2026-10-05T03:29:01.616547Z,KXETH15M-26OCT042330-30,0.0370,20.00,yes
2026-10-05T03:29:01.616547Z,KXETH15M-26OCT042330-30,0.0450,9.00,yes
2026-10-05T03:29:01.616547Z,KXETH15M-26OCT042330-30,0.0460,10.00,yes
2026-10-05T03:29:01.616547Z,KXETH15M-26OCT042330-30,0.0400,5.87,yes
2026-10-05T03:29:01.616547Z,KXETH15M-26OCT042330-30,0.0470,28.55,yes
2026-10-05T03:29:01.620851Z,KXETH15M-26OCT042330-30,0.0370,1.20,yes
2026-10-05T03:29:01.714167Z,KXETH15M-26OCT042330-30,0.0360,14.00,no
2026-10-05T03:29:01.714167Z,KXETH15M-26OCT042330-30,0.0310,9.00,no
2026-10-05T03:29:01.714167Z,KXETH15M-26OCT042330-30,0.0300,7.28,no
2026-10-05T03:29:02.077016Z,KXETH15M-26OCT042330-30,0.0220,1.00,no
2026-10-05T03:29:02.077016Z,KXETH15M-26OCT042330-30,0.0220,90.00,no
2026-10-05T03:29:02.077016Z,KXETH15M-26OCT042330-30,0.0230,20.00,no
2026-10-05T03:29:02.077016Z,KXETH15M-26OCT042330-30,0.0260,41.00,no
2026-10-05T03:29:02.077016Z,KXETH15M-26OCT042330-30,0.0250,9.00,no
2026-10-05T03:29:02.077016Z,KXETH15M-26OCT042330-30,0.0250,9.00,no
2026-10-05T03:29:02.077016Z,KXETH15M-26OCT042330-30,0.0270,9.00,no
2026-10-05T03:29:02.077016Z,KXETH15M-26OCT042330-30,0.0270,41.00,no
2026-10-05T03:29:02.103177Z,KXETH15M-26OCT042330-30,0.0350,2.44,yes
2026-10-05T03:29:02.103177Z,KXETH15M-26OCT042330-30,0.0310,17.00,yes
2026-10-05T03:29:02.103177Z,KXETH15M-26OCT042330-30,0.0310,1.00,yes
2026-10-05T03:29:02.103177Z,KXETH15M-26OCT042330-30,0.0310,41.00,yes
2026-10-05T03:29:02.103177Z,KXETH15M-26OCT042330-30,0.0320,20.00,yes
2026-10-05T03:29:02.103177Z,KXETH15M-26OCT042330-30,0.0330,50.00,yes
2026-10-05T03:29:02.670769Z,KXETH15M-26OCT042330-30,0.0270,9.00,no
2026-10-05T03:29:02.975799Z,KXETH15M-26OCT042330-30,0.0280,33.43,yes
2026-10-05T03:29:03.072709Z,KXETH15M-26OCT042330-30,0.0260,5.01,yes
2026-10-05T03:29:03.133245Z,KXETH15M-26OCT042330-30,0.0260,6.00,yes
2026-10-05T03:29:03.133245Z,KXETH15M-26OCT042330-30,0.0290,12.58,yes
2026-10-05T03:29:03.133245Z,KXETH15M-26OCT042330-30,0.0280,20.00,yes
2026-10-05T03:29:03.133245Z,KXETH15M-26OCT042330-30,0.0280,56.57,yes
2026-10-05T03:29:03.291984Z,KXETH15M-26OCT042330-30,0.0220,26.00,no
2026-10-05T03:29:03.291984Z,KXETH15M-26OCT042330-30,0.0240,41.00,no
2026-10-05T03:29:03.291984Z,KXETH15M-26OCT042330-30,0.0230,10.00,no
2026-10-05T03:29:03.436927Z,KXETH15M-26OCT042330-30,0.0260,2.00,yes
2026-10-05T03:29:03.849297Z,KXETH15M-26OCT042330-30,0.0260,4.00,yes
2026-10-05T03:29:03.849297Z,KXETH15M-26OCT042330-30,0.0270,4.00,yes
2026-10-05T03:29:03.849297Z,KXETH15M-26OCT042330-30,0.0300,9.00,yes
2026-10-05T03:29:03.849297Z,KXETH15M-26OCT042330-30,0.0260,20.00,yes
2026-10-05T03:29:03.849297Z,KXETH15M-26OCT042330-30,0.0250,4.00,yes
2026-10-05T03:29:03.849297Z,KXETH15M-26OCT042330-30,0.0300,4.00,yes
2026-10-05T03:29:03.849297Z,KXETH15M-26OCT042330-30,0.0300,9.00,yes
2026-10-05T03:29:03.849297Z,KXETH15M-26OCT042330-30,0.0350,12.00,yes
2026-10-05T03:29:03.849297Z,KXETH15M-26OCT042330-30,0.0290,4.00,yes
2026-10-05T03:29:03.849297Z,KXETH15M-26OCT042330-30,0.0310,4.00,yes
2026-10-05T03:29:03.849297Z,KXETH15M-26OCT042330-30,0.0270,20.00,yes
2026-10-05T03:29:03.849297Z,KXETH15M-26OCT042330-30,0.0250,24.00,yes
2026-10-05T03:29:03.849297Z,KXETH15M-26OCT042330-30,0.0360,12.40,yes
2026-10-05T03:29:03.849297Z,KXETH15M-26OCT042330-30,0.0330,1.00,yes
2026-10-05T03:29:03.849297Z,KXETH15M-26OCT042330-30,0.0340,20.00,yes
2026-10-05T03:29:04.042233Z,KXETH15M-26OCT042330-30,0.0250,1.00,yes
2026-10-05T03:29:04.042233Z,KXETH15M-26OCT042330-30,0.0240,4.00,yes
2026-10-05T03:29:04.12934Z,KXETH15M-26OCT042330-30,0.0210,61.14,no
2026-10-05T03:29:04.12934Z,KXETH15M-26OCT042330-30,0.0220,73.00,no
2026-10-05T03:29:04.12934Z,KXETH15M-26OCT042330-30,0.0220,10.00,no
2026-10-05T03:29:04.12934Z,KXETH15M-26OCT042330-30,0.0220,56.57,no
2026-10-05T03:29:04.12934Z,KXETH15M-26OCT042330-30,0.0220,33.43,no
2026-10-05T03:29:04.257674Z,KXETH15M-26OCT042330-30,0.0250,9.30,yes
2026-10-05T03:29:04.257674Z,KXETH15M-26OCT042330-30,0.0220,73.00,yes
2026-10-05T03:29:04.257674Z,KXETH15M-26OCT042330-30,0.0220,61.14,yes
2026-10-05T03:29:04.257674Z,KXETH15M-26OCT042330-30,0.0240,4.00,yes
2026-10-05T03:29:04.257674Z,KXETH15M-26OCT042330-30,0.0230,4.00,yes
2026-10-05T03:29:04.257674Z,KXETH15M-26OCT042330-30,0.0250,3.00,yes
2026-10-05T03:29:04.379739Z,KXETH15M-26OCT042330-30,0.0250,10.70,yes
2026-10-05T03:29:04.379739Z,KXETH15M-26OCT042330-30,0.0270,4.00,yes
2026-10-05T03:29:04.379739Z,KXETH15M-26OCT042330-30,0.0280,5.12,yes
2026-10-05T03:29:04.379739Z,KXETH15M-26OCT042330-30,0.0220,4.00,yes
2026-10-05T03:29:04.379739Z,KXETH15M-26OCT042330-30,0.0230,4.00,yes
2026-10-05T03:29:04.379739Z,KXETH15M-26OCT042330-30,0.0240,4.00,yes
2026-10-05T03:29:04.379739Z,KXETH15M-26OCT042330-30,0.0260,20.00,yes
2026-10-05T03:29:04.441429Z,KXETH15M-26OCT042330-30,0.0200,26.06,no
2026-10-05T03:29:04.441429Z,KXETH15M-26OCT042330-30,0.0210,38.86,no
2026-10-05T03:29:04.441429Z,KXETH15M-26OCT042330-30,0.0220,5.12,no
2026-10-05T03:29:04.441429Z,KXETH15M-26OCT042330-30,0.0220,10.00,no
2026-10-05T03:29:04.441429Z,KXETH15M-26OCT042330-30,0.0210,20.00,no
2026-10-05T03:29:04.663957Z,KXETH15M-26OCT042330-30,0.0200,8.19,no
2026-10-05T03:29:04.663957Z,KXETH15M-26OCT042330-30,0.0220,1.00,no
2026-10-05T03:29:04.663957Z,KXETH15M-26OCT042330-30,0.0210,1.00,no
2026-10-05T03:29:04.916879Z,KXETH15M-26OCT042330-30,0.0220,1.00,no
2026-10-05T03:29:05.383882Z,KXETH15M-26OCT042330-30,0.0230,0.80,yes
2026-10-05T03:29:05.750358Z,KXETH15M-26OCT042330-30,0.0230,38.06,yes
2026-10-05T03:29:05.750358Z,KXETH15M-26OCT042330-30,0.0230,13.39,yes
2026-10-05T03:29:05.954171Z,KXETH15M-26OCT042330-30,0.0220,10.00,no
2026-10-05T03:29:05.954171Z,KXETH15M-26OCT042330-30,0.0220,0.20,no
2026-10-05T03:29:06.088404Z,KXETH15M-26OCT042330-30,0.0220,0.43,yes
2026-10-05T03:29:06.109269Z,KXETH15M-26OCT042330-30,0.0220,4.00,yes
2026-10-05T03:29:06.109269Z,KXETH15M-26OCT042330-30,0.0220,0.98,yes
2026-10-05T03:29:06.109269Z,KXETH15M-26OCT042330-30,0.0220,3.57,yes
2026-10-05T03:29:06.166466Z,KXETH15M-26OCT042330-30,0.0200,9.99,no
2026-10-05T03:29:06.189886Z,KXETH15M-26OCT042330-30,0.0220,3.52,yes
2026-10-05T03:29:06.189886Z,KXETH15M-26OCT042330-30,0.0210,20.00,yes
2026-10-05T03:29:06.189886Z,KXETH15M-26OCT042330-30,0.0210,4.00,yes
2026-10-05T03:29:06.189886Z,KXETH15M-26OCT042330-30,0.0210,9.99,yes
2026-10-05T03:29:06.189886Z,KXETH15M-26OCT042330-30,0.0210,12.67,yes
2026-10-05T03:29:06.189886Z,KXETH15M-26OCT042330-30,0.0210,8.19,yes
2026-10-05T03:29:06.189886Z,KXETH15M-26OCT042330-30,0.0220,19.02,yes
2026-10-05T03:29:06.189886Z,KXETH15M-26OCT042330-30,0.0210,4.00,yes
2026-10-05T03:29:06.246996Z,KXETH15M-26OCT042330-30,0.0220,4.00,yes
2026-10-05T03:29:06.246996Z,KXETH15M-26OCT042330-30,0.0210,20.00,yes
2026-10-05T03:29:06.246996Z,KXETH15M-26OCT042330-30,0.0210,4.00,yes
2026-10-05T03:29:06.246996Z,KXETH15M-26OCT042330-30,0.0220,20.00,yes
2026-10-05T03:29:06.246996Z,KXETH15M-26OCT042330-30,0.0220,0.48,yes
2026-10-05T03:29:06.246996Z,KXETH15M-26OCT042330-30,0.0240,4.00,yes
2026-10-05T03:29:06.246996Z,KXETH15M-26OCT042330-30,0.0270,5.65,yes
2026-10-05T03:29:06.246996Z,KXETH15M-26OCT042330-30,0.0230,4.00,yes
2026-10-05T03:29:06.246996Z,KXETH15M-26OCT042330-30,0.0270,12.00,yes
2026-10-05T03:29:06.246996Z,KXETH15M-26OCT042330-30,0.0230,4.00,yes
2026-10-05T03:29:06.603192Z,KXETH15M-26OCT042330-30,0.0210,4.00,yes
2026-10-05T03:29:06.603192Z,KXETH15M-26OCT042330-30,0.0210,7.13,yes
2026-10-05T03:29:06.603192Z,KXETH15M-26OCT042330-30,0.0210,0.01,yes
2026-10-05T03:29:06.622457Z,KXETH15M-26OCT042330-30,0.0220,15.00,yes
2026-10-05T03:29:06.622457Z,KXETH15M-26OCT042330-30,0.0230,4.00,yes
2026-10-05T03:29:06.622457Z,KXETH15M-26OCT042330-30,0.0230,4.00,yes
2026-10-05T03:29:06.622457Z,KXETH15M-26OCT042330-30,0.0210,5.87,yes
2026-10-05T03:29:06.622457Z,KXETH15M-26OCT042330-30,0.0230,3.82,yes
2026-10-05T03:29:06.622457Z,KXETH15M-26OCT042330-30,0.0220,4.00,yes
2026-10-05T03:29:06.622457Z,KXETH15M-26OCT042330-30,0.0220,4.00,yes
2026-10-05T03:29:06.894874Z,KXETH15M-26OCT042330-30,0.0200,55.76,no
2026-10-05T03:29:06.894874Z,KXETH15M-26OCT042330-30,0.0190,27.35,no
2026-10-05T03:29:06.894874Z,KXETH15M-26OCT042330-30,0.0200,22.00,no
2026-10-05T03:29:06.894874Z,KXETH15M-26OCT042330-30,0.0200,10.00,no
2026-10-05T03:29:06.894874Z,KXETH15M-26OCT042330-30,0.0200,1.00,no
2026-10-05T03:29:06.923876Z,KXETH15M-26OCT042330-30,0.0200,27.35,yes
2026-10-05T03:29:06.979032Z,KXETH15M-26OCT042330-30,0.0200,22.65,no
2026-10-05T03:29:06.982056Z,KXETH15M-26OCT042330-30,0.0190,72.65,no
2026-10-05T03:29:06.982056Z,KXETH15M-26OCT042330-30,0.0170,100.00,no
2026-10-05T03:29:06.982056Z,KXETH15M-26OCT042330-30,0.0180,100.00,no
2026-10-05T03:29:06.982056Z,KXETH15M-26OCT042330-30,0.0160,12.00,no
2026-10-05T03:29:06.982056Z,KXETH15M-26OCT042330-30,0.0160,20.00,no
2026-10-05T03:29:06.987213Z,KXETH15M-26OCT042330-30,0.0140,66.00,no
2026-10-05T03:29:06.987213Z,KXETH15M-26OCT042330-30,0.0150,100.00,no
2026-10-05T03:29:06.987213Z,KXETH15M-26OCT042330-30,0.0150,1.00,no
2026-10-05T03:29:06.998971Z,KXETH15M-26OCT042330-30,0.0150,1.01,no
2026-10-05T03:29:07.082543Z,KXETH15M-26OCT042330-30,0.0150,20.00,yes
2026-10-05T03:29:07.129073Z,KXETH15M-26OCT042330-30,0.0150,1.00,yes
2026-10-05T03:29:07.132666Z,KXETH15M-26OCT042330-30,0.0150,65.00,yes
2026-10-05T03:29:07.132666Z,KXETH15M-26OCT042330-30,0.0150,20.00,yes
2026-10-05T03:29:07.362123Z,KXETH15M-26OCT042330-30,0.0140,3.81,no
2026-10-05T03:29:07.37299Z,KXETH15M-26OCT042330-30,0.0140,0.41,no
2026-10-05T03:29:07.629814Z,KXETH15M-26OCT042330-30,0.0150,1.09,yes
2026-10-05T03:29:07.739669Z,KXETH15M-26OCT042330-30,0.0140,27.54,no
2026-10-05T03:29:07.828502Z,KXETH15M-26OCT042330-30,0.0130,25.00,no
2026-10-05T03:29:07.828502Z,KXETH15M-26OCT042330-30,0.0110,1.00,no
2026-10-05T03:29:07.828502Z,KXETH15M-26OCT042330-30,0.0120,100.00,no
2026-10-05T03:29:07.828502Z,KXETH15M-26OCT042330-30,0.0110,100.00,no
2026-10-05T03:29:07.828502Z,KXETH15M-26OCT042330-30,0.0130,100.00,no
2026-10-05T03:29:07.828502Z,KXETH15M-26OCT042330-30,0.0140,2.24,no
2026-10-05T03:29:07.828502Z,KXETH15M-26OCT042330-30,0.0140,10.99,no
2026-10-05T03:29:07.828502Z,KXETH15M-26OCT042330-30,0.0110,50.00,no
2026-10-05T03:29:07.828502Z,KXETH15M-26OCT042330-30,0.0130,41.00,no
2026-10-05T03:29:07.828502Z,KXETH15M-26OCT042330-30,0.0120,20.00,no
2026-10-05T03:29:07.828502Z,KXETH15M-26OCT042330-30,0.0140,41.00,no
2026-10-05T03:29:07.828502Z,KXETH15M-26OCT042330-30,0.0140,1.01,no
2026-10-05T03:29:07.828502Z,KXETH15M-26OCT042330-30,0.0110,1.00,no
2026-10-05T03:29:07.828502Z,KXETH15M-26OCT042330-30,0.0110,10.00,no
2026-10-05T03:29:07.828502Z,KXETH15M-26OCT042330-30,0.0110,2.00,no
2026-10-05T03:29:07.828502Z,KXETH15M-26OCT042330-30,0.0110,100.00,no
2026-10-05T03:29:07.828502Z,KXETH15M-26OCT042330-30,0.0110,20.00,no
2026-10-05T03:29:07.828502Z,KXETH15M-26OCT042330-30,0.0110,2.00,no
2026-10-05T03:29:07.828502Z,KXETH15M-26OCT042330-30,0.0110,1.00,no
2026-10-05T03:29:07.828502Z,KXETH15M-26OCT042330-30,0.0100,3.00,no
2026-10-05T03:29:07.828502Z,KXETH15M-26OCT042330-30,0.0100,50.00,no
2026-10-05T03:29:07.828502Z,KXETH15M-26OCT042330-30,0.0110,200.00,no
2026-10-05T03:29:07.828502Z,KXETH15M-26OCT042330-30,0.0100,129.33,no
2026-10-05T03:29:07.968631Z,KXETH15M-26OCT042330-30,0.0140,49.00,yes
2026-10-05T03:29:07.978255Z,KXETH15M-26OCT042330-30,0.0140,9.00,yes
2026-10-05T03:29:07.989052Z,KXETH15M-26OCT042330-30,0.0140,3.00,yes
2026-10-05T03:29:07.995454Z,KXETH15M-26OCT042330-30,0.0140,3.00,yes
2026-10-05T03:29:08.000227Z,KXETH15M-26OCT042330-30,0.0130,22.75,no
2026-10-05T03:29:08.050506Z,KXETH15M-26OCT042330-30,0.0130,9.92,no
2026-10-05T03:29:08.058639Z,KXETH15M-26OCT042330-30,0.0140,36.00,yes
2026-10-05T03:29:08.058639Z,KXETH15M-26OCT042330-30,0.0140,7.39,yes
2026-10-05T03:29:08.127418Z,KXETH15M-26OCT042330-30,0.0140,1.00,yes
2026-10-05T03:29:08.172763Z,KXETH15M-26OCT042330-30,0.0140,1.00,yes
2026-10-05T03:29:08.22678Z,KXETH15M-26OCT042330-30,0.0140,1.00,yes
2026-10-05T03:29:08.60919Z,KXETH15M-26OCT042330-30,0.0140,13.36,yes
2026-10-05T03:29:08.630873Z,KXETH15M-26OCT042330-30,0.0140,69.00,yes
2026-10-05T03:29:08.676261Z,KXETH15M-26OCT042330-30,0.0140,7.25,yes
2026-10-05T03:29:08.676261Z,KXETH15M-26OCT042330-30,0.0140,50.84,yes
2026-10-05T03:29:09.046475Z,KXETH15M-26OCT042330-30,0.0140,3.00,yes
2026-10-05T03:29:09.643125Z,KXETH15M-26OCT042330-30,0.0140,46.16,yes
2026-10-05T03:29:09.643125Z,KXETH15M-26OCT042330-30,0.0140,20.00,yes
2026-10-05T03:29:09.646125Z,KXETH15M-26OCT042330-30,0.0180,82.00,yes
2026-10-05T03:29:09.646125Z,KXETH15M-26OCT042330-30,0.0150,2.72,yes
2026-10-05T03:29:09.646125Z,KXETH15M-26OCT042330-30,0.0150,27.54,yes
2026-10-05T03:29:09.646125Z,KXETH15M-26OCT042330-30,0.0170,4.00,yes
2026-10-05T03:29:09.646125Z,KXETH15M-26OCT042330-30,0.0170,4.00,yes
2026-10-05T03:29:09.646125Z,KXETH15M-26OCT042330-30,0.0150,2.24,yes
2026-10-05T03:29:09.646125Z,KXETH15M-26OCT042330-30,0.0150,0.41,yes
2026-10-05T03:29:09.646125Z,KXETH15M-26OCT042330-30,0.0160,100.00,yes
2026-10-05T03:29:09.646125Z,KXETH15M-26OCT042330-30,0.0180,100.00,yes
2026-10-05T03:29:09.646125Z,KXETH15M-26OCT042330-30,0.0160,4.00,yes
2026-10-05T03:29:09.646125Z,KXETH15M-26OCT042330-30,0.0160,4.00,yes
2026-10-05T03:29:09.646125Z,KXETH15M-26OCT042330-30,0.0150,4.00,yes
2026-10-05T03:29:09.646125Z,KXETH15M-26OCT042330-30,0.0150,14.00,yes
2026-10-05T03:29:09.646125Z,KXETH15M-26OCT042330-30,0.0150,17.00,yes
2026-10-05T03:29:09.646125Z,KXETH15M-26OCT042330-30,0.0150,4.00,yes
2026-10-05T03:29:09.741445Z,KXETH15M-26OCT042330-30,0.0190,76.27,yes
2026-10-05T03:29:09.893337Z,KXETH15M-26OCT042330-30,0.0250,9.00,yes
2026-10-05T03:29:09.893337Z,KXETH15M-26OCT042330-30,0.0210,55.76,yes
2026-10-05T03:29:09.893337Z,KXETH15M-26OCT042330-30,0.0190,1.00,yes
2026-10-05T03:29:09.893337Z,KXETH15M-26OCT042330-30,0.0190,23.73,yes
2026-10-05T03:29:09.893337Z,KXETH15M-26OCT042330-30,0.0200,72.65,yes
2026-10-05T03:29:09.893337Z,KXETH15M-26OCT042330-30,0.0260,8.72,yes
2026-10-05T03:29:09.960824Z,KXETH15M-26OCT042330-30,0.0180,7.91,no
2026-10-05T03:29:10.245517Z,KXETH15M-26OCT042330-30,0.0170,8.96,no
2026-10-05T03:29:10.256539Z,KXETH15M-26OCT042330-30,0.0190,20.00,yes
2026-10-05T03:29:10.256539Z,KXETH15M-26OCT042330-30,0.0200,20.00,yes
2026-10-05T03:29:10.256539Z,KXETH15M-26OCT042330-30,0.0200,9.00,yes
2026-10-05T03:29:10.256539Z,KXETH15M-26OCT042330-30,0.0230,7.34,yes
2026-10-05T03:29:10.284823Z,KXETH15M-26OCT042330-30,0.0210,15.54,yes
2026-10-05T03:29:10.762485Z,KXETH15M-26OCT042330-30,0.0120,2.00,no
2026-10-05T03:29:10.896508Z,KXETH15M-26OCT042330-30,0.0120,3.89,no
2026-10-05T03:29:11.013856Z,KXETH15M-26OCT042330-30,0.0270,20.00,yes
2026-10-05T03:29:11.013856Z,KXETH15M-26OCT042330-30,0.0250,9.00,yes
2026-10-05T03:29:11.013856Z,KXETH15M-26OCT042330-30,0.0190,20.00,yes
2026-10-05T03:29:11.013856Z,KXETH15M-26OCT042330-30,0.0200,20.00,yes
2026-10-05T03:29:11.013856Z,KXETH15M-26OCT042330-30,0.0260,12.00,yes
2026-10-05T03:29:11.013856Z,KXETH15M-26OCT042330-30,0.0200,9.00,yes
2026-10-05T03:29:11.013856Z,KXETH15M-26OCT042330-30,0.0280,28.31,yes
2026-10-05T03:29:11.013856Z,KXETH15M-26OCT042330-30,0.0280,27.54,yes
2026-10-05T03:29:11.038547Z,KXETH15M-26OCT042330-30,0.0300,9.00,yes
2026-10-05T03:29:11.038547Z,KXETH15M-26OCT042330-30,0.0290,24.00,yes
2026-10-05T03:29:11.038547Z,KXETH15M-26OCT042330-30,0.0310,28.91,yes
2026-10-05T03:29:11.038547Z,KXETH15M-26OCT042330-30,0.0270,20.00,yes
2026-10-05T03:29:11.038547Z,KXETH15M-26OCT042330-30,0.0200,20.00,yes
2026-10-05T03:29:11.038547Z,KXETH15M-26OCT042330-30,0.0190,20.00,yes
2026-10-05T03:29:11.038547Z,KXETH15M-26OCT042330-30,0.0270,12.00,yes
2026-10-05T03:29:11.038547Z,KXETH15M-26OCT042330-30,0.0250,9.00,yes
2026-10-05T03:29:11.038547Z,KXETH15M-26OCT042330-30,0.0280,29.03,yes
2026-10-05T03:29:11.038547Z,KXETH15M-26OCT042330-30,0.0280,5.12,yes
2026-10-05T03:29:11.079004Z,KXETH15M-26OCT042330-30,0.0190,1.08,yes
2026-10-05T03:29:11.098487Z,KXETH15M-26OCT042330-30,0.0190,2.26,yes
2026-10-05T03:29:11.236695Z,KXETH15M-26OCT042330-30,0.0130,3.16,no
2026-10-05T03:29:11.236695Z,KXETH15M-26OCT042330-30,0.0130,4.00,no
2026-10-05T03:29:11.236695Z,KXETH15M-26OCT042330-30,0.0130,8.00,no
2026-10-05T03:29:11.253642Z,KXETH15M-26OCT042330-30,0.0140,1.01,no
2026-10-05T03:29:11.301556Z,KXETH15M-26OCT042330-30,0.0240,14.00,yes
2026-10-05T03:29:11.301556Z,KXETH15M-26OCT042330-30,0.0300,4.19,yes
2026-10-05T03:29:11.301556Z,KXETH15M-26OCT042330-30,0.0290,4.00,yes
2026-10-05T03:29:11.301556Z,KXETH15M-26OCT042330-30,0.0240,25.00,yes
2026-10-05T03:29:11.301556Z,KXETH15M-26OCT042330-30,0.0180,25.00,yes
2026-10-05T03:29:11.301556Z,KXETH15M-26OCT042330-30,0.0290,14.35,yes
2026-10-05T03:29:11.301556Z,KXETH15M-26OCT042330-30,0.0300,0.01,yes
2026-10-05T03:29:11.370479Z,KXETH15M-26OCT042330-30,0.0210,4.00,no
2026-10-05T03:29:11.370479Z,KXETH15M-26OCT042330-30,0.0210,3.00,no
2026-10-05T03:29:11.399031Z,KXETH15M-26OCT042330-30,0.0210,1.00,no
2026-10-05T03:29:12.331231Z,KXETH15M-26OCT042330-30,0.0160,4.00,yes
2026-10-05T03:29:12.331231Z,KXETH15M-26OCT042330-30,0.0170,4.00,yes
2026-10-05T03:29:12.331231Z,KXETH15M-26OCT042330-30,0.0180,23.00,yes
2026-10-05T03:29:12.331231Z,KXETH15M-26OCT042330-30,0.0150,4.00,yes
2026-10-05T03:29:12.331231Z,KXETH15M-26OCT042330-30,0.0170,4.00,yes
2026-10-05T03:29:12.331231Z,KXETH15M-26OCT042330-30,0.0160,4.00,yes
2026-10-05T03:29:12.331231Z,KXETH15M-26OCT042330-30,0.0150,4.00,yes
2026-10-05T03:29:12.6954Z,KXETH15M-26OCT042330-30,0.0140,49.00,no
2026-10-05T03:29:12.858777Z,KXETH15M-26OCT042330-30,0.0160,4.00,yes
2026-10-05T03:29:12.858777Z,KXETH15M-26OCT042330-30,0.0140,4.00,yes
2026-10-05T03:29:12.858777Z,KXETH15M-26OCT042330-30,0.0140,4.00,yes
2026-10-05T03:29:12.858777Z,KXETH15M-26OCT042330-30,0.0160,4.00,yes
2026-10-05T03:29:12.858777Z,KXETH15M-26OCT042330-30,0.0160,20.00,yes
2026-10-05T03:29:12.858777Z,KXETH15M-26OCT042330-30,0.0150,4.00,yes
2026-10-05T03:29:12.858777Z,KXETH15M-26OCT042330-30,0.0170,10.78,yes
2026-10-05T03:29:12.858777Z,KXETH15M-26OCT042330-30,0.0150,4.00,yes
2026-10-05T03:29:12.864322Z,KXETH15M-26OCT042330-30,0.0130,12.00,no
2026-10-05T03:29:12.864322Z,KXETH15M-26OCT042330-30,0.0130,20.00,no
2026-10-05T03:29:12.864322Z,KXETH15M-26OCT042330-30,0.0130,18.00,no
2026-10-05T03:29:13.199865Z,KXETH15M-26OCT042330-30,0.0130,20.00,no
2026-10-05T03:29:13.239582Z,KXETH15M-26OCT042330-30,0.0130,52.00,no
2026-10-05T03:29:13.239582Z,KXETH15M-26OCT042330-30,0.0130,12.00,no
2026-10-05T03:29:13.239582Z,KXETH15M-26OCT042330-30,0.0130,20.00,no
2026-10-05T03:29:13.528018Z,KXETH15M-26OCT042330-30,0.0130,4.36,yes
2026-10-05T03:29:13.588741Z,KXETH15M-26OCT042330-30,0.0130,0.90,yes
2026-10-05T03:29:13.759548Z,KXETH15M-26OCT042330-30,0.0160,4.00,yes
2026-10-05T03:29:13.759548Z,KXETH15M-26OCT042330-30,0.0170,20.00,yes
2026-10-05T03:29:13.759548Z,KXETH15M-26OCT042330-30,0.0170,4.00,yes
2026-10-05T03:29:13.759548Z,KXETH15M-26OCT042330-30,0.0160,20.00,yes
2026-10-05T03:29:13.759548Z,KXETH15M-26OCT042330-30,0.0160,20.00,yes
2026-10-05T03:29:13.759548Z,KXETH15M-26OCT042330-30,0.0170,4.00,yes
2026-10-05T03:29:13.759548Z,KXETH15M-26OCT042330-30,0.0160,4.00,yes
2026-10-05T03:29:13.759548Z,KXETH15M-26OCT042330-30,0.0130,23.74,yes
2026-10-05T03:29:13.759548Z,KXETH15M-26OCT042330-30,0.0150,4.00,yes
2026-10-05T03:29:13.759548Z,KXETH15M-26OCT042330-30,0.0150,4.00,yes
2026-10-05T03:29:14.168585Z,KXETH15M-26OCT042330-30,0.0150,20.00,yes
2026-10-05T03:29:14.168585Z,KXETH15M-26OCT042330-30,0.0130,7.00,yes
2026-10-05T03:29:14.180689Z,KXETH15M-26OCT042330-30,0.0150,8.00,no
2026-10-05T03:29:14.204846Z,KXETH15M-26OCT042330-30,0.0150,4.00,no
2026-10-05T03:29:14.229966Z,KXETH15M-26OCT042330-30,0.0150,9.00,no
2026-10-05T03:29:14.288042Z,KXETH15M-26OCT042330-30,0.0140,1.00,no
2026-10-05T03:29:14.288042Z,KXETH15M-26OCT042330-30,0.0150,2.00,no
2026-10-05T03:29:14.369382Z,KXETH15M-26OCT042330-30,0.0140,3.00,no
2026-10-05T03:29:14.439027Z,KXETH15M-26OCT042330-30,0.0140,1.00,no
2026-10-05T03:29:14.461721Z,KXETH15M-26OCT042330-30,0.0140,3.00,no
2026-10-05T03:29:14.527153Z,KXETH15M-26OCT042330-30,0.0140,3.00,no
2026-10-05T03:29:14.685195Z,KXETH15M-26OCT042330-30,0.0140,0.92,no
2026-10-05T03:29:15.076849Z,KXETH15M-26OCT042330-30,0.0140,22.29,no
2026-10-05T03:29:15.077703Z,KXETH15M-26OCT042330-30,0.0140,20.00,no
2026-10-05T03:29:15.094542Z,KXETH15M-26OCT042330-30,0.0140,4.00,no
2026-10-05T03:29:15.097248Z,KXETH15M-26OCT042330-30,0.0150,14.94,yes
2026-10-05T03:29:15.097248Z,KXETH15M-26OCT042330-30,0.0150,4.00,yes
2026-10-05T03:29:15.097248Z,KXETH15M-26OCT042330-30,0.0150,19.00,yes
2026-10-05T03:29:15.106036Z,KXETH15M-26OCT042330-30,0.0140,1.00,no
2026-10-05T03:29:15.115511Z,KXETH15M-26OCT042330-30,0.0140,1.00,no
2026-10-05T03:29:15.132658Z,KXETH15M-26OCT042330-30,0.0140,1.00,no
2026-10-05T03:29:15.220137Z,KXETH15M-26OCT042330-30,0.0170,20.00,yes
2026-10-05T03:29:15.220137Z,KXETH15M-26OCT042330-30,0.0200,4.97,yes
2026-10-05T03:29:15.220137Z,KXETH15M-26OCT042330-30,0.0150,5.06,yes
2026-10-05T03:29:15.220137Z,KXETH15M-26OCT042330-30,0.0160,20.00,yes
2026-10-05T03:29:15.220137Z,KXETH15M-26OCT042330-30,0.0150,24.00,yes
2026-10-05T03:29:15.220137Z,KXETH15M-26OCT042330-30,0.0160,4.00,yes
2026-10-05T03:29:15.220137Z,KXETH15M-26OCT042330-30,0.0240,23.29,yes
2026-10-05T03:29:15.220137Z,KXETH15M-26OCT042330-30,0.0170,4.00,yes
2026-10-05T03:29:15.220137Z,KXETH15M-26OCT042330-30,0.0230,20.00,yes
2026-10-05T03:29:15.220137Z,KXETH15M-26OCT042330-30,0.0160,4.00,yes
2026-10-05T03:29:15.220137Z,KXETH15M-26OCT042330-30,0.0200,10.45,yes
2026-10-05T03:29:15.220137Z,KXETH15M-26OCT042330-30,0.0170,4.00,yes
2026-10-05T03:29:15.220137Z,KXETH15M-26OCT042330-30,0.0180,4.00,yes
2026-10-05T03:29:15.220137Z,KXETH15M-26OCT042330-30,0.0190,20.00,yes
2026-10-05T03:29:15.220137Z,KXETH15M-26OCT042330-30,0.0190,52.00,yes
2026-10-05T03:29:15.220137Z,KXETH15M-26OCT042330-30,0.0190,18.00,yes
2026-10-05T03:29:15.337002Z,KXETH15M-26OCT042330-30,0.0140,5.00,no
2026-10-05T03:29:15.397982Z,KXETH15M-26OCT042330-30,0.0150,19.00,yes
2026-10-05T03:29:15.397982Z,KXETH15M-26OCT042330-30,0.0150,0.01,yes
2026-10-05T03:29:15.432036Z,KXETH15M-26OCT042330-30,0.0140,13.79,no
2026-10-05T03:29:15.432036Z,KXETH15M-26OCT042330-30,0.0120,73.43,no
2026-10-05T03:29:15.432036Z,KXETH15M-26OCT042330-30,0.0130,12.00,no
2026-10-05T03:29:15.548883Z,KXETH15M-26OCT042330-30,0.0120,1.43,no
2026-10-05T03:29:15.548883Z,KXETH15M-26OCT042330-30,0.0120,3.57,no
2026-10-05T03:29:15.557111Z,KXETH15M-26OCT042330-30,0.0100,5.00,no
2026-10-05T03:29:15.557111Z,KXETH15M-26OCT042330-30,0.0100,63.58,no
2026-10-05T03:29:15.557111Z,KXETH15M-26OCT042330-30,0.0100,0.06,no
2026-10-05T03:29:15.557111Z,KXETH15M-26OCT042330-30,0.0100,2.55,no
2026-10-05T03:29:15.557111Z,KXETH15M-26OCT042330-30,0.0100,1.00,no
2026-10-05T03:29:15.557111Z,KXETH15M-26OCT042330-30,0.0100,2.82,no
2026-10-05T03:29:15.557111Z,KXETH15M-26OCT042330-30,0.0100,132.30,no
2026-10-05T03:29:15.557111Z,KXETH15M-26OCT042330-30,0.0120,12.00,no
2026-10-05T03:29:15.557111Z,KXETH15M-26OCT042330-30,0.0120,13.57,no
2026-10-05T03:29:15.557111Z,KXETH15M-26OCT042330-30,0.0110,20.00,no
2026-10-05T03:29:15.557111Z,KXETH15M-26OCT042330-30,0.0100,100.00,no
2026-10-05T03:29:15.557111Z,KXETH15M-26OCT042330-30,0.0100,90.67,no
2026-10-05T03:29:15.557111Z,KXETH15M-26OCT042330-30,0.0100,100.00,no
2026-10-05T03:29:15.557111Z,KXETH15M-26OCT042330-30,0.0100,2.66,no
2026-10-05T03:29:15.557111Z,KXETH15M-26OCT042330-30,0.0100,13.03,no
2026-10-05T03:29:15.557111Z,KXETH15M-26OCT042330-30,0.0100,2.45,no
2026-10-05T03:29:15.557111Z,KXETH15M-26OCT042330-30,0.0100,25.00,no
2026-10-05T03:29:15.557111Z,KXETH15M-26OCT042330-30,0.0100,7.09,no
2026-10-05T03:29:15.557111Z,KXETH15M-26OCT042330-30,0.0100,0.01,no
2026-10-05T03:29:15.744646Z,KXETH15M-26OCT042330-30,0.0110,20.00,yes
2026-10-05T03:29:15.744646Z,KXETH15M-26OCT042330-30,0.0110,39.11,yes
2026-10-05T03:29:15.987965Z,KXETH15M-26OCT042330-30,0.0110,40.33,yes
2026-10-05T03:29:15.987965Z,KXETH15M-26OCT042330-30,0.0110,60.89,yes
2026-10-05T03:29:16.441268Z,KXETH15M-26OCT042330-30,0.0180,4.00,yes
2026-10-05T03:29:16.441268Z,KXETH15M-26OCT042330-30,0.0130,18.00,yes
2026-10-05T03:29:16.441268Z,KXETH15M-26OCT042330-30,0.0200,125.08,yes
2026-10-05T03:29:16.441268Z,KXETH15M-26OCT042330-30,0.0150,20.00,yes
2026-10-05T03:29:16.441268Z,KXETH15M-26OCT042330-30,0.0110,0.67,yes
2026-10-05T03:29:16.441268Z,KXETH15M-26OCT042330-30,0.0180,4.00,yes
2026-10-05T03:29:16.441268Z,KXETH15M-26OCT042330-30,0.0190,4.00,yes
2026-10-05T03:29:16.441268Z,KXETH15M-26OCT042330-30,0.0200,10.45,yes
2026-10-05T03:29:16.441268Z,KXETH15M-26OCT042330-30,0.0150,14.00,yes
2026-10-05T03:29:16.441268Z,KXETH15M-26OCT042330-30,0.0170,20.00,yes
2026-10-05T03:29:16.441268Z,KXETH15M-26OCT042330-30,0.0110,22.00,yes
2026-10-05T03:29:16.441268Z,KXETH15M-26OCT042330-30,0.0160,20.00,yes
2026-10-05T03:29:16.441268Z,KXETH15M-26OCT042330-30,0.0170,4.00,yes
2026-10-05T03:29:16.451765Z,KXETH15M-26OCT042330-30,0.0120,20.00,yes
2026-10-05T03:29:16.539751Z,KXETH15M-26OCT042330-30,0.0200,49.04,yes
2026-10-05T03:29:16.603049Z,KXETH15M-26OCT042330-30,0.0140,50.00,no
2026-10-05T03:29:16.661167Z,KXETH15M-26OCT042330-30,0.0200,7.81,yes
2026-10-05T03:29:17.13472Z,KXETH15M-26OCT042330-30,0.0160,12.00,no
2026-10-05T03:29:17.464384Z,KXETH15M-26OCT042330-30,0.0180,2.00,yes
2026-10-05T03:29:17.471835Z,KXETH15M-26OCT042330-30,0.0180,3.00,yes
2026-10-05T03:29:17.909503Z,KXETH15M-26OCT042330-30,0.0170,0.01,no
2026-10-05T03:29:17.931605Z,KXETH15M-26OCT042330-30,0.0170,0.99,no
2026-10-05T03:29:17.931605Z,KXETH15M-26OCT042330-30,0.0170,24.41,no
2026-10-05T03:29:17.951807Z,KXETH15M-26OCT042330-30,0.0170,28.59,no
2026-10-05T03:29:17.951807Z,KXETH15M-26OCT042330-30,0.0170,12.01,no
2026-10-05T03:29:17.965419Z,KXETH15M-26OCT042330-30,0.0100,36.00,no
2026-10-05T03:29:17.965419Z,KXETH15M-26OCT042330-30,0.0110,4.00,no
2026-10-05T03:29:17.965419Z,KXETH15M-26OCT042330-30,0.0140,4.00,no
2026-10-05T03:29:17.965419Z,KXETH15M-26OCT042330-30,0.0130,4.00,no
2026-10-05T03:29:17.965419Z,KXETH15M-26OCT042330-30,0.0110,12.00,no
2026-10-05T03:29:17.965419Z,KXETH15M-26OCT042330-30,0.0120,4.00,no
2026-10-05T03:29:17.965419Z,KXETH15M-26OCT042330-30,0.0120,4.00,no
2026-10-05T03:29:17.965419Z,KXETH15M-26OCT042330-30,0.0110,20.00,no
2026-10-05T03:29:17.965419Z,KXETH15M-26OCT042330-30,0.0160,88.00,no
2026-10-05T03:29:17.965419Z,KXETH15M-26OCT042330-30,0.0130,4.00,no
2026-10-05T03:29:17.965419Z,KXETH15M-26OCT042330-30,0.0120,20.00,no
2026-10-05T03:29:18.548107Z,KXETH15M-26OCT042330-30,0.0300,158.74,yes
2026-10-05T03:29:18.548107Z,KXETH15M-26OCT042330-30,0.0290,1.00,yes
2026-10-05T03:29:18.548107Z,KXETH15M-26OCT042330-30,0.0160,20.00,yes
2026-10-05T03:29:18.548107Z,KXETH15M-26OCT042330-30,0.0170,20.00,yes
2026-10-05T03:29:18.548107Z,KXETH15M-26OCT042330-30,0.0170,20.00,yes
2026-10-05T03:29:18.548107Z,KXETH15M-26OCT042330-30,0.0170,1.00,yes
2026-10-05T03:29:18.548107Z,KXETH15M-26OCT042330-30,0.0180,4.00,yes
2026-10-05T03:29:18.548107Z,KXETH15M-26OCT042330-30,0.0180,4.00,yes
2026-10-05T03:29:18.548107Z,KXETH15M-26OCT042330-30,0.0200,318.07,yes
2026-10-05T03:29:18.548107Z,KXETH15M-26OCT042330-30,0.0240,2.71,yes
2026-10-05T03:29:18.548107Z,KXETH15M-26OCT042330-30,0.0190,4.00,yes
2026-10-05T03:29:18.548107Z,KXETH15M-26OCT042330-30,0.0190,4.00,yes
2026-10-05T03:29:18.548107Z,KXETH15M-26OCT042330-30,0.0190,20.00,yes
2026-10-05T03:29:18.548107Z,KXETH15M-26OCT042330-30,0.0200,9.00,yes
2026-10-05T03:29:18.548107Z,KXETH15M-26OCT042330-30,0.0190,12.00,yes
2026-10-05T03:29:18.548107Z,KXETH15M-26OCT042330-30,0.0150,25.00,yes
2026-10-05T03:29:19.124986Z,KXETH15M-26OCT042330-30,0.0120,20.00,yes
2026-10-05T03:29:19.124986Z,KXETH15M-26OCT042330-30,0.0130,37.85,yes
2026-10-05T03:29:19.149473Z,KXETH15M-26OCT042330-30,0.0190,12.00,yes
2026-10-05T03:29:19.149473Z,KXETH15M-26OCT042330-30,0.0200,5.04,yes
2026-10-05T03:29:19.149473Z,KXETH15M-26OCT042330-30,0.0120,32.00,yes
2026-10-05T03:29:19.436954Z,KXETH15M-26OCT042330-30,0.0190,12.00,yes
2026-10-05T03:29:19.436954Z,KXETH15M-26OCT042330-30,0.0180,20.00,yes
2026-10-05T03:29:19.436954Z,KXETH15M-26OCT042330-30,0.0140,57.00,yes
2026-10-05T03:29:19.436954Z,KXETH15M-26OCT042330-30,0.0160,20.00,yes
2026-10-05T03:29:19.436954Z,KXETH15M-26OCT042330-30,0.0200,199.08,yes
2026-10-05T03:29:19.584235Z,KXETH15M-26OCT042330-30,0.0300,10.66,yes
2026-10-05T03:29:19.584235Z,KXETH15M-26OCT042330-30,0.0280,50.00,yes
2026-10-05T03:29:19.584235Z,KXETH15M-26OCT042330-30,0.0250,5.00,yes
2026-10-05T03:29:19.584235Z,KXETH15M-26OCT042330-30,0.0160,65.00,yes
2026-10-05T03:29:19.584235Z,KXETH15M-26OCT042330-30,0.0190,12.00,yes
2026-10-05T03:29:19.584235Z,KXETH15M-26OCT042330-30,0.0160,20.00,yes
2026-10-05T03:29:19.584235Z,KXETH15M-26OCT042330-30,0.0200,295.88,yes
2026-10-05T03:29:19.914861Z,KXETH15M-26OCT042330-30,0.0140,6.23,yes
2026-10-05T03:29:20.033753Z,KXETH15M-26OCT042330-30,0.0110,8.00,no
2026-10-05T03:29:20.07408Z,KXETH15M-26OCT042330-30,0.0090,2.82,no
2026-10-05T03:29:20.07408Z,KXETH15M-26OCT042330-30,0.0100,67.70,no
2026-10-05T03:29:20.07408Z,KXETH15M-26OCT042330-30,0.0100,55.16,no
2026-10-05T03:29:20.07408Z,KXETH15M-26OCT042330-30,0.0100,75.39,no
2026-10-05T03:29:20.07408Z,KXETH15M-26OCT042330-30,0.0100,30.00,no
2026-10-05T03:29:20.07408Z,KXETH15M-26OCT042330-30,0.0100,110.00,no
2026-10-05T03:29:20.07408Z,KXETH15M-26OCT042330-30,0.0100,5.11,no
2026-10-05T03:29:20.07408Z,KXETH15M-26OCT042330-30,0.0110,20.00,no
2026-10-05T03:29:20.07408Z,KXETH15M-26OCT042330-30,0.0110,8.00,no
2026-10-05T03:29:20.07408Z,KXETH15M-26OCT042330-30,0.0110,4.00,no
2026-10-05T03:29:20.07408Z,KXETH15M-26OCT042330-30,0.0100,90.00,no
2026-10-05T03:29:20.07408Z,KXETH15M-26OCT042330-30,0.0100,5.82,no
2026-10-05T03:29:20.07408Z,KXETH15M-26OCT042330-30,0.0090,100.00,no
2026-10-05T03:29:20.292856Z,KXETH15M-26OCT042330-30,0.0090,5.00,no
2026-10-05T03:29:20.292856Z,KXETH15M-26OCT042330-30,0.0100,49.00,no
2026-10-05T03:29:20.330082Z,KXETH15M-26OCT042330-30,0.0100,41.00,yes
2026-10-05T03:29:20.330082Z,KXETH15M-26OCT042330-30,0.0100,20.00,yes
2026-10-05T03:29:20.346857Z,KXETH15M-26OCT042330-30,0.0090,0.18,no
2026-10-05T03:29:20.346857Z,KXETH15M-26OCT042330-30,0.0060,4.00,no
2026-10-05T03:29:20.346857Z,KXETH15M-26OCT042330-30,0.0080,4.00,no
2026-10-05T03:29:20.346857Z,KXETH15M-26OCT042330-30,0.0060,4.00,no
2026-10-05T03:29:20.346857Z,KXETH15M-26OCT042330-30,0.0070,4.00,no
2026-10-05T03:29:20.346857Z,KXETH15M-26OCT042330-30,0.0070,4.00,no
2026-10-05T03:29:20.346857Z,KXETH15M-26OCT042330-30,0.0080,4.00,no
2026-10-05T03:29:20.346857Z,KXETH15M-26OCT042330-30,0.0060,20.00,no
2026-10-05T03:29:20.346857Z,KXETH15M-26OCT042330-30,0.0080,12.00,no
2026-10-05T03:29:20.346857Z,KXETH15M-26OCT042330-30,0.0070,47.00,no
2026-10-05T03:29:20.346857Z,KXETH15M-26OCT042330-30,0.0070,100.00,no
2026-10-05T03:29:20.346857Z,KXETH15M-26OCT042330-30,0.0080,100.00,no
2026-10-05T03:29:20.346857Z,KXETH15M-26OCT042330-30,0.0050,100.00,no
2026-10-05T03:29:20.346857Z,KXETH15M-26OCT042330-30,0.0050,79.82,no
2026-10-05T03:29:20.346857Z,KXETH15M-26OCT042330-30,0.0060,100.00,no
2026-10-05T03:29:20.354864Z,KXETH15M-26OCT042330-30,0.0100,26.79,yes
2026-10-05T03:29:20.354864Z,KXETH15M-26OCT042330-30,0.0090,20.00,yes
2026-10-05T03:29:20.473521Z,KXETH15M-26OCT042330-30,0.0060,1.00,no
2026-10-05T03:29:20.482283Z,KXETH15M-26OCT042330-30,0.0070,19.00,yes
2026-10-05T03:29:20.49068Z,KXETH15M-26OCT042330-30,0.0070,47.00,yes
2026-10-05T03:29:20.598615Z,KXETH15M-26OCT042330-30,0.0070,34.35,yes
2026-10-05T03:29:20.598615Z,KXETH15M-26OCT042330-30,0.0070,34.00,yes
2026-10-05T03:29:20.639356Z,KXETH15M-26OCT042330-30,0.0080,100.00,yes
2026-10-05T03:29:20.639356Z,KXETH15M-26OCT042330-30,0.0080,20.00,yes
2026-10-05T03:29:20.639356Z,KXETH15M-26OCT042330-30,0.0070,45.47,yes
2026-10-05T03:29:20.639356Z,KXETH15M-26OCT042330-30,0.0090,68.67,yes
2026-10-05T03:29:20.729179Z,KXETH15M-26OCT042330-30,0.0090,1.75,yes
2026-10-05T03:29:20.729179Z,KXETH15M-26OCT042330-30,0.0080,20.00,yes
2026-10-05T03:29:20.825768Z,KXETH15M-26OCT042330-30,0.0080,11.15,yes
2026-10-05T03:29:20.843617Z,KXETH15M-26OCT042330-30,0.0070,5.00,yes
2026-10-05T03:29:21.008325Z,KXETH15M-26OCT042330-30,0.0060,3.36,no
2026-10-05T03:29:21.035212Z,KXETH15M-26OCT042330-30,0.0070,2.00,yes
2026-10-05T03:29:21.289307Z,KXETH15M-26OCT042330-30,0.0090,1.44,yes
2026-10-05T03:29:21.289307Z,KXETH15M-26OCT042330-30,0.0080,8.85,yes
2026-10-05T03:29:21.311186Z,KXETH15M-26OCT042330-30,0.0100,20.00,yes
2026-10-05T03:29:21.311186Z,KXETH15M-26OCT042330-30,0.0080,20.00,yes
2026-10-05T03:29:21.311186Z,KXETH15M-26OCT042330-30,0.0090,20.00,yes
2026-10-05T03:29:21.311186Z,KXETH15M-26OCT042330-30,0.0090,28.14,yes
2026-10-05T03:29:21.311186Z,KXETH15M-26OCT042330-30,0.0100,32.21,yes
2026-10-05T03:29:21.324359Z,KXETH15M-26OCT042330-30,0.0050,11.00,no
2026-10-05T03:29:21.324359Z,KXETH15M-26OCT042330-30,0.0050,12.00,no
2026-10-05T03:29:21.324359Z,KXETH15M-26OCT042330-30,0.0050,20.00,no
2026-10-05T03:29:21.324359Z,KXETH15M-26OCT042330-30,0.0050,56.00,no
2026-10-05T03:29:21.324359Z,KXETH15M-26OCT042330-30,0.0050,1.00,no
2026-10-05T03:29:21.324359Z,KXETH15M-26OCT042330-30,0.0050,20.18,no
2026-10-05T03:29:21.601515Z,KXETH15M-26OCT042330-30,0.0070,20.18,yes
2026-10-05T03:29:21.601515Z,KXETH15M-26OCT042330-30,0.0070,1.14,yes
2026-10-05T03:29:21.881466Z,KXETH15M-26OCT042330-30,0.0070,18.86,yes
2026-10-05T03:29:21.881466Z,KXETH15M-26OCT042330-30,0.0080,25.00,yes
2026-10-05T03:29:21.881466Z,KXETH15M-26OCT042330-30,0.0080,20.00,yes
2026-10-05T03:29:21.881466Z,KXETH15M-26OCT042330-30,0.0080,34.83,yes
2026-10-05T03:29:21.881466Z,KXETH15M-26OCT042330-30,0.0080,20.00,yes
2026-10-05T03:29:21.947364Z,KXETH15M-26OCT042330-30,0.0080,5.17,yes
2026-10-05T03:29:21.947364Z,KXETH15M-26OCT042330-30,0.0090,66.67,yes
2026-10-05T03:29:21.947364Z,KXETH15M-26OCT042330-30,0.0070,20.00,yes
2026-10-05T03:29:21.947364Z,KXETH15M-26OCT042330-30,0.0080,20.00,yes
2026-10-05T03:29:21.949618Z,KXETH15M-26OCT042330-30,0.0090,0.10,yes
2026-10-05T03:29:22.031578Z,KXETH15M-26OCT042330-30,0.0070,82.00,yes
2026-10-05T03:29:22.031578Z,KXETH15M-26OCT042330-30,0.0090,3.35,yes
2026-10-05T03:29:22.031578Z,KXETH15M-26OCT042330-30,0.0080,31.00,yes
2026-10-05T03:29:22.362243Z,KXETH15M-26OCT042330-30,0.0060,32.00,no
2026-10-05T03:29:22.643019Z,KXETH15M-26OCT042330-30,0.0080,2.00,yes
2026-10-05T03:29:23.451854Z,KXETH15M-26OCT042330-30,0.0040,40.00,no
2026-10-05T03:29:23.535061Z,KXETH15M-26OCT042330-30,0.0050,1.00,yes
2026-10-05T03:29:23.654478Z,KXETH15M-26OCT042330-30,0.0050,10.00,yes
2026-10-05T03:29:23.654478Z,KXETH15M-26OCT042330-30,0.0050,19.00,yes
2026-10-05T03:29:23.654478Z,KXETH15M-26OCT042330-30,0.0080,3.00,yes
2026-10-05T03:29:23.654478Z,KXETH15M-26OCT042330-30,0.0060,26.00,yes
2026-10-05T03:29:23.654478Z,KXETH15M-26OCT042330-30,0.0080,40.00,yes
2026-10-05T03:29:23.654478Z,KXETH15M-26OCT042330-30,0.0090,25.97,yes
2026-10-05T03:29:23.726295Z,KXETH15M-26OCT042330-30,0.0050,65.00,no
2026-10-05T03:29:23.726295Z,KXETH15M-26OCT042330-30,0.0050,12.00,no
2026-10-05T03:29:23.807301Z,KXETH15M-26OCT042330-30,0.0040,501.13,no
2026-10-05T03:29:23.812103Z,KXETH15M-26OCT042330-30,0.0050,33.43,yes
2026-10-05T03:29:23.812103Z,KXETH15M-26OCT042330-30,0.0050,4.00,yes
2026-10-05T03:29:24.121336Z,KXETH15M-26OCT042330-30,0.0060,7.88,yes
2026-10-05T03:29:24.205565Z,KXETH15M-26OCT042330-30,0.0040,1.50,no
2026-10-05T03:29:24.268919Z,KXETH15M-26OCT042330-30,0.0090,0.59,yes
2026-10-05T03:29:24.268919Z,KXETH15M-26OCT042330-30,0.0070,58.00,yes
2026-10-05T03:29:24.390441Z,KXETH15M-26OCT042330-30,0.0110,18.00,yes
2026-10-05T03:29:24.390441Z,KXETH15M-26OCT042330-30,0.0090,3.32,yes
2026-10-05T03:29:24.390441Z,KXETH15M-26OCT042330-30,0.0110,10.11,yes
2026-10-05T03:29:24.390441Z,KXETH15M-26OCT042330-30,0.0120,150.09,yes
2026-10-05T03:29:24.390441Z,KXETH15M-26OCT042330-30,0.0100,10.00,yes
2026-10-05T03:29:24.390441Z,KXETH15M-26OCT042330-30,0.0100,160.00,yes
2026-10-05T03:29:24.390441Z,KXETH15M-26OCT042330-30,0.0080,11.00,yes
2026-10-05T03:29:24.390441Z,KXETH15M-26OCT042330-30,0.0080,78.00,yes
2026-10-05T03:29:24.390441Z,KXETH15M-26OCT042330-30,0.0100,8.00,yes
2026-10-05T03:29:24.58897Z,KXETH15M-26OCT042330-30,0.0070,33.00,yes
2026-10-05T03:29:24.58897Z,KXETH15M-26OCT042330-30,0.0080,40.00,yes
2026-10-05T03:29:24.58897Z,KXETH15M-26OCT042330-30,0.0090,39.83,yes
2026-10-05T03:29:25.068015Z,KXETH15M-26OCT042330-30,0.0120,126.07,yes
2026-10-05T03:29:25.068015Z,KXETH15M-26OCT042330-30,0.0070,33.00,yes
2026-10-05T03:29:25.068015Z,KXETH15M-26OCT042330-30,0.0090,21.00,yes
2026-10-05T03:29:25.068015Z,KXETH15M-26OCT042330-30,0.0080,75.00,yes
2026-10-05T03:29:25.068015Z,KXETH15M-26OCT042330-30,0.0050,5.00,yes
2026-10-05T03:29:25.068015Z,KXETH15M-26OCT042330-30,0.0050,32.00,yes
2026-10-05T03:29:25.068015Z,KXETH15M-26OCT042330-30,0.0100,160.00,yes
2026-10-05T03:29:25.068015Z,KXETH15M-26OCT042330-30,0.0050,15.00,yes
2026-10-05T03:29:25.611168Z,KXETH15M-26OCT042330-30,0.0040,2.00,no
2026-10-05T03:29:25.623799Z,KXETH15M-26OCT042330-30,0.0040,1.00,no
2026-10-05T03:29:25.855479Z,KXETH15M-26OCT042330-30,0.0040,2.00,no
2026-10-05T03:29:25.862537Z,KXETH15M-26OCT042330-30,0.0040,1.00,no
2026-10-05T03:29:25.935079Z,KXETH15M-26OCT042330-30,0.0040,16.00,no
2026-10-05T03:29:25.942854Z,KXETH15M-26OCT042330-30,0.0040,5.63,no
2026-10-05T03:29:25.942854Z,KXETH15M-26OCT042330-30,0.0040,0.37,no
2026-10-05T03:29:25.949294Z,KXETH15M-26OCT042330-30,0.0040,2.00,no
2026-10-05T03:29:26.062214Z,KXETH15M-26OCT042330-30,0.0040,7.00,no
2026-10-05T03:29:26.071784Z,KXETH15M-26OCT042330-30,0.0040,3.00,no
2026-10-05T03:29:26.11468Z,KXETH15M-26OCT042330-30,0.0040,7.00,no
2026-10-05T03:29:26.17337Z,KXETH15M-26OCT042330-30,0.0040,10.00,no
2026-10-05T03:29:26.463978Z,KXETH15M-26OCT042330-30,0.0050,20.00,yes
2026-10-05T03:29:26.463978Z,KXETH15M-26OCT042330-30,0.0050,0.15,yes
2026-10-05T03:29:26.97563Z,KXETH15M-26OCT042330-30,0.0040,40.00,no
2026-10-05T03:29:27.012977Z,KXETH15M-26OCT042330-30,0.0040,13.00,no
2026-10-05T03:29:27.012977Z,KXETH15M-26OCT042330-30,0.0040,1.00,no
2026-10-05T03:29:27.012977Z,KXETH15M-26OCT042330-30,0.0040,1.00,no
2026-10-05T03:29:27.012977Z,KXETH15M-26OCT042330-30,0.0040,1.00,no
2026-10-05T03:29:27.012977Z,KXETH15M-26OCT042330-30,0.0040,1.00,no
2026-10-05T03:29:27.012977Z,KXETH15M-26OCT042330-30,0.0040,1.00,no
2026-10-05T03:29:27.012977Z,KXETH15M-26OCT042330-30,0.0040,10.00,no
2026-10-05T03:29:27.012977Z,KXETH15M-26OCT042330-30,0.0040,67.00,no
2026-10-05T03:29:27.012977Z,KXETH15M-26OCT042330-30,0.0040,25.37,no
2026-10-05T03:29:27.11361Z,KXETH15M-26OCT042330-30,0.0040,1.24,yes
2026-10-05T03:29:27.215801Z,KXETH15M-26OCT042330-30,0.0040,40.60,yes
2026-10-05T03:29:27.999458Z,KXETH15M-26OCT042330-30,0.0040,43.55,yes
2026-10-05T03:29:28.040295Z,KXETH15M-26OCT042330-30,0.0040,458.07,yes
2026-10-05T03:29:28.239624Z,KXETH15M-26OCT042330-30,0.0040,229.04,yes
2026-10-05T03:29:28.282504Z,KXETH15M-26OCT042330-30,0.0040,4.37,yes
2026-10-05T03:29:28.442864Z,KXETH15M-26OCT042330-30,0.0030,33.09,no
2026-10-05T03:29:28.54484Z,KXETH15M-26OCT042330-30,0.0040,229.04,yes
2026-10-05T03:29:28.545399Z,KXETH15M-26OCT042330-30,0.0030,11.00,no
2026-10-05T03:29:28.663774Z,KXETH15M-26OCT042330-30,0.0030,5.00,no
2026-10-05T03:29:28.664775Z,KXETH15M-26OCT042330-30,0.0030,2.00,no
2026-10-05T03:29:28.664775Z,KXETH15M-26OCT042330-30,0.0030,2.00,no
2026-10-05T03:29:28.664775Z,KXETH15M-26OCT042330-30,0.0030,2.00,no
2026-10-05T03:29:28.664775Z,KXETH15M-26OCT042330-30,0.0030,18.00,no
2026-10-05T03:29:28.664775Z,KXETH15M-26OCT042330-30,0.0030,2.00,no
2026-10-05T03:29:28.664775Z,KXETH15M-26OCT042330-30,0.0030,2.00,no
2026-10-05T03:29:28.664775Z,KXETH15M-26OCT042330-30,0.0030,41.00,no
2026-10-05T03:29:28.664775Z,KXETH15M-26OCT042330-30,0.0030,85.00,no
2026-10-05T03:29:28.664775Z,KXETH15M-26OCT042330-30,0.0030,150.91,no
2026-10-05T03:29:28.664775Z,KXETH15M-26OCT042330-30,0.0020,76.37,no
2026-10-05T03:29:28.664775Z,KXETH15M-26OCT042330-30,0.0030,100.00,no
2026-10-05T03:29:29.211466Z,KXETH15M-26OCT042330-30,0.0030,61.00,yes
2026-10-05T03:29:29.211466Z,KXETH15M-26OCT042330-30,0.0030,39.04,yes
2026-10-05T03:29:29.437011Z,KXETH15M-26OCT042330-30,0.0020,23.63,no
2026-10-05T03:29:29.437011Z,KXETH15M-26OCT042330-30,0.0020,24.23,no
2026-10-05T03:29:30.075336Z,KXETH15M-26OCT042330-30,0.0020,75.77,no
2026-10-05T03:29:30.075336Z,KXETH15M-26OCT042330-30,0.0020,97.00,no
2026-10-05T03:29:30.075336Z,KXETH15M-26OCT042330-30,0.0020,41.00,no
2026-10-05T03:29:30.075336Z,KXETH15M-26OCT042330-30,0.0020,99.00,no
2026-10-05T03:29:30.075336Z,KXETH15M-26OCT042330-30,0.0020,7.00,no
2026-10-05T03:29:30.075336Z,KXETH15M-26OCT042330-30,0.0020,4.00,no
2026-10-05T03:29:30.075336Z,KXETH15M-26OCT042330-30,0.0020,4.00,no
2026-10-05T03:29:30.075336Z,KXETH15M-26OCT042330-30,0.0020,5.00,no
2026-10-05T03:29:30.075336Z,KXETH15M-26OCT042330-30,0.0020,3.00,no
2026-10-05T03:29:30.075336Z,KXETH15M-26OCT042330-30,0.0020,3.00,no
2026-10-05T03:29:30.075336Z,KXETH15M-26OCT042330-30,0.0020,3.00,no
2026-10-05T03:29:30.075336Z,KXETH15M-26OCT042330-30,0.0020,3.00,no
2026-10-05T03:29:30.075336Z,KXETH15M-26OCT042330-30,0.0020,3.00,no
2026-10-05T03:29:30.075336Z,KXETH15M-26OCT042330-30,0.0020,26.00,no
2026-10-05T03:29:30.09419Z,KXETH15M-26OCT042330-30,0.0010,2.00,no
2026-10-05T03:29:30.109361Z,KXETH15M-26OCT042330-30,0.0010,2.00,no
2026-10-05T03:29:30.256021Z,KXETH15M-26OCT042330-30,0.0010,558.40,no
2026-10-05T03:29:30.28629Z,KXETH15M-26OCT042330-30,0.0020,70.00,yes
2026-10-05T03:29:30.320641Z,KXETH15M-26OCT042330-30,0.0020,171.02,yes
2026-10-05T03:29:30.374143Z,KXETH15M-26OCT042330-30,0.0010,186.54,no
2026-10-05T03:29:30.445623Z,KXETH15M-26OCT042330-30,0.0010,33.00,no
2026-10-05T03:29:31.021863Z,KXETH15M-26OCT042330-30,0.0010,20.06,no
2026-10-05T03:29:31.021863Z,KXETH15M-26OCT042330-30,0.0010,4.96,no
2026-10-05T03:29:31.236201Z,KXETH15M-26OCT042330-30,0.0020,366.41,yes
2026-10-05T03:29:31.469001Z,KXETH15M-26OCT042330-30,0.0010,33.53,no
2026-10-05T03:29:31.692685Z,KXETH15M-26OCT042330-30,0.0020,80.00,yes
2026-10-05T03:29:31.721308Z,KXETH15M-26OCT042330-30,0.0010,59.11,no
2026-10-05T03:29:32.15348Z,KXETH15M-26OCT042330-30,0.0020,12.00,yes
2026-10-05T03:29:32.500206Z,KXETH15M-26OCT042330-30,0.0020,458.01,yes
2026-10-05T03:29:32.519478Z,KXETH15M-26OCT042330-30,0.0010,90.00,no
2026-10-05T03:29:32.659375Z,KXETH15M-26OCT042330-30,0.0010,200.00,no
2026-10-05T03:29:32.955319Z,KXETH15M-26OCT042330-30,0.0020,20.00,yes
2026-10-05T03:29:32.99995Z,KXETH15M-26OCT042330-30,0.0020,156.00,yes
2026-10-05T03:29:33.476599Z,KXETH15M-26OCT042330-30,0.0020,2243.31,yes
2026-10-05T03:29:33.670297Z,KXETH15M-26OCT042330-30,0.0020,139.14,yes
2026-10-05T03:29:34.025303Z,KXETH15M-26OCT042330-30,0.0020,25.45,yes
2026-10-05T03:29:34.178982Z,KXETH15M-26OCT042330-30,0.0020,458.01,yes
2026-10-05T03:29:34.369795Z,KXETH15M-26OCT042330-30,0.0010,5.43,no
2026-10-05T03:29:34.666329Z,KXETH15M-26OCT042330-30,0.0010,12.00,no
2026-10-05T03:29:34.716232Z,KXETH15M-26OCT042330-30,0.0010,37.03,no
2026-10-05T03:29:34.962307Z,KXETH15M-26OCT042330-30,0.0020,458.01,yes
2026-10-05T03:29:35.433391Z,KXETH15M-26OCT042330-30,0.0010,1.00,no
2026-10-05T03:29:35.473093Z,KXETH15M-26OCT042330-30,0.0010,0.04,no
2026-10-05T03:29:35.584362Z,KXETH15M-26OCT042330-30,0.0020,10.03,yes
2026-10-05T03:29:35.835352Z,KXETH15M-26OCT042330-30,0.0020,27.54,yes
2026-10-05T03:29:35.89511Z,KXETH15M-26OCT042330-30,0.0020,4.59,yes
2026-10-05T03:29:35.964325Z,KXETH15M-26OCT042330-30,0.0020,458.01,yes
2026-10-05T03:29:36.075143Z,KXETH15M-26OCT042330-30,0.0020,458.01,yes
2026-10-05T03:29:36.11426Z,KXETH15M-26OCT042330-30,0.0010,500.00,no
2026-10-05T03:29:36.201971Z,KXETH15M-26OCT042330-30,0.0020,2.27,yes
2026-10-05T03:29:36.438761Z,KXETH15M-26OCT042330-30,0.0020,21.03,yes
2026-10-05T03:29:36.502031Z,KXETH15M-26OCT042330-30,0.0010,25.57,no
2026-10-05T03:29:37.042665Z,KXETH15M-26OCT042330-30,0.0020,458.01,yes
2026-10-05T03:29:37.6131Z,KXETH15M-26OCT042330-30,0.0020,748.09,yes
2026-10-05T03:29:37.721311Z,KXETH15M-26OCT042330-30,0.0020,77.12,yes
2026-10-05T03:29:37.721311Z,KXETH15M-26OCT042330-30,0.0020,59.11,yes
2026-10-05T03:29:37.721311Z,KXETH15M-26OCT042330-30,0.0020,4.96,yes
2026-10-05T03:29:37.721311Z,KXETH15M-26OCT042330-30,0.0020,33.53,yes
2026-10-05T03:29:37.721311Z,KXETH15M-26OCT042330-30,0.0020,283.29,yes
2026-10-05T03:29:38.189803Z,KXETH15M-26OCT042330-30,0.0020,23.12,yes
2026-10-05T03:29:38.189803Z,KXETH15M-26OCT042330-30,0.0020,58.88,yes
2026-10-05T03:29:38.246777Z,KXETH15M-26OCT042330-30,0.0020,136.67,yes
2026-10-05T03:29:38.246777Z,KXETH15M-26OCT042330-30,0.0020,49.03,yes
2026-10-05T03:29:38.246777Z,KXETH15M-26OCT042330-30,0.0020,5.43,yes
2026-10-05T03:29:38.246777Z,KXETH15M-26OCT042330-30,0.0020,200.00,yes
2026-10-05T03:29:38.246777Z,KXETH15M-26OCT042330-30,0.0020,66.88,yes
2026-10-05T03:29:38.311771Z,KXETH15M-26OCT042330-30,0.0010,35.03,no
2026-10-05T03:29:38.456188Z,KXETH15M-26OCT042330-30,0.0010,10.01,no
2026-10-05T03:29:38.526767Z,KXETH15M-26OCT042330-30,0.0010,88.00,no
2026-10-05T03:29:38.584624Z,KXETH15M-26OCT042330-30,0.0010,20.86,no
2026-10-05T03:29:38.737624Z,KXETH15M-26OCT042330-30,0.0020,450.64,yes
2026-10-05T03:29:38.737624Z,KXETH15M-26OCT042330-30,0.0020,6.33,yes
2026-10-05T03:29:38.737624Z,KXETH15M-26OCT042330-30,0.0020,1.04,yes
2026-10-05T03:29:38.816412Z,KXETH15M-26OCT042330-30,0.0020,158.74,yes
2026-10-05T03:29:38.816412Z,KXETH15M-26OCT042330-30,0.0020,25.57,yes
2026-10-05T03:29:38.816412Z,KXETH15M-26OCT042330-30,0.0020,49.36,yes
2026-10-05T03:29:39.38764Z,KXETH15M-26OCT042330-30,0.0010,749.65,no
2026-10-05T03:29:39.38764Z,KXETH15M-26OCT042330-30,0.0010,877.43,no
2026-10-05T03:29:39.936827Z,KXETH15M-26OCT042330-30,0.0010,1.00,no
2026-10-05T03:29:40.071058Z,KXETH15M-26OCT042330-30,0.0010,5.00,no
2026-10-05T03:29:40.366907Z,KXETH15M-26OCT042330-30,0.0020,82.00,yes
2026-10-05T03:29:40.893712Z,KXETH15M-26OCT042330-30,0.0020,5.36,yes
2026-10-05T03:29:41.181906Z,KXETH15M-26OCT042330-30,0.0010,99.00,no
2026-10-05T03:29:41.321747Z,KXETH15M-26OCT042330-30,0.0010,299.05,no
2026-10-05T03:29:41.321747Z,KXETH15M-26OCT042330-30,0.0010,145.35,no
2026-10-05T03:29:42.46352Z,KXETH15M-26OCT042330-30,0.0010,1.00,no
2026-10-05T03:29:42.46352Z,KXETH15M-26OCT042330-30,0.0010,980.00,no
2026-10-05T03:29:42.46352Z,KXETH15M-26OCT042330-30,0.0010,100.95,no
2026-10-05T03:29:42.46352Z,KXETH15M-26OCT042330-30,0.0010,1.00,no
2026-10-05T03:29:42.46352Z,KXETH15M-26OCT042330-30,0.0010,100.00,no
2026-10-05T03:29:42.46352Z,KXETH15M-26OCT042330-30,0.0010,450.64,no
2026-10-05T03:29:42.46352Z,KXETH15M-26OCT042330-30,0.0010,1.04,no
2026-10-05T03:29:42.46352Z,KXETH15M-26OCT042330-30,0.0010,49.36,no
2026-10-05T03:29:42.46352Z,KXETH15M-26OCT042330-30,0.0010,23.12,no
2026-10-05T03:29:42.46352Z,KXETH15M-26OCT042330-30,0.0010,49.03,no
2026-10-05T03:29:42.46352Z,KXETH15M-26OCT042330-30,0.0010,5.43,no
2026-10-05T03:29:42.46352Z,KXETH15M-26OCT042330-30,0.0010,66.88,no
2026-10-05T03:29:42.46352Z,KXETH15M-26OCT042330-30,0.0010,25.57,no
2026-10-05T03:29:42.46352Z,KXETH15M-26OCT042330-30,0.0010,200.00,no
2026-10-05T03:29:42.46352Z,KXETH15M-26OCT042330-30,0.0010,59.11,no
2026-10-05T03:29:42.46352Z,KXETH15M-26OCT042330-30,0.0010,33.53,no
2026-10-05T03:29:42.46352Z,KXETH15M-26OCT042330-30,0.0010,4.96,no
2026-10-05T03:29:42.46352Z,KXETH15M-26OCT042330-30,0.0010,66.00,no
2026-10-05T03:29:42.46352Z,KXETH15M-26OCT042330-30,0.0010,104.00,no
2026-10-05T03:29:42.46352Z,KXETH15M-26OCT042330-30,0.0010,4.00,no
2026-10-05T03:29:42.46352Z,KXETH15M-26OCT042330-30,0.0010,4.00,no
2026-10-05T03:29:42.46352Z,KXETH15M-26OCT042330-30,0.0010,122.00,no
2026-10-05T03:29:42.46352Z,KXETH15M-26OCT042330-30,0.0010,1.00,no
2026-10-05T03:29:43.883545Z,KXETH15M-26OCT042330-30,0.0020,204.46,yes
2026-10-05T03:29:44.114687Z,KXETH15M-26OCT042330-30,0.0020,130.44,yes
2026-10-05T03:29:44.114687Z,KXETH15M-26OCT042330-30,0.0020,631.68,yes
2026-10-05T03:29:44.114687Z,KXETH15M-26OCT042330-30,0.0020,35.03,yes
2026-10-05T03:29:44.114687Z,KXETH15M-26OCT042330-30,0.0020,88.00,yes
2026-10-05T03:29:44.114687Z,KXETH15M-26OCT042330-30,0.0020,20.86,yes
2026-10-05T03:29:44.114687Z,KXETH15M-26OCT042330-30,0.0020,10.01,yes
2026-10-05T03:29:44.252782Z,KXETH15M-26OCT042330-30,0.0020,212.26,yes
2026-10-05T03:29:44.252782Z,KXETH15M-26OCT042330-30,0.0020,245.75,yes
2026-10-05T03:29:44.27328Z,KXETH15M-26OCT042330-30,0.0010,10.01,no
2026-10-05T03:29:44.27328Z,KXETH15M-26OCT042330-30,0.0010,4.96,no
2026-10-05T03:29:44.27328Z,KXETH15M-26OCT042330-30,0.0010,35.03,no
2026-10-05T03:29:44.280331Z,KXETH15M-26OCT042330-30,0.0020,7.91,yes
2026-10-05T03:29:44.956491Z,KXETH15M-26OCT042330-30,0.0010,18.45,no
2026-10-05T03:29:44.99844Z,KXETH15M-26OCT042330-30,0.0010,2.00,no
2026-10-05T03:29:45.417916Z,KXETH15M-26OCT042330-30,0.0010,2.00,no
2026-10-05T03:29:45.417916Z,KXETH15M-26OCT042330-30,0.0010,631.68,no
2026-10-05T03:29:45.417916Z,KXETH15M-26OCT042330-30,0.0010,4.96,no
2026-10-05T03:29:45.417916Z,KXETH15M-26OCT042330-30,0.0010,40.59,no
2026-10-05T03:29:45.417916Z,KXETH15M-26OCT042330-30,0.0010,245.75,no
2026-10-05T03:29:45.417916Z,KXETH15M-26OCT042330-30,0.0010,20.86,no
2026-10-05T03:29:45.417916Z,KXETH15M-26OCT042330-30,0.0010,88.00,no
2026-10-05T03:29:45.417916Z,KXETH15M-26OCT042330-30,0.0010,18.45,no
2026-10-05T03:29:45.605447Z,KXETH15M-26OCT042330-30,0.0010,467.36,yes
2026-10-05T03:29:45.77529Z,KXETH15M-26OCT042330-30,0.0010,233.69,yes
2026-10-05T03:29:46.814789Z,KXETH15M-26OCT042330-30,0.0010,6.90,yes
2026-10-05T03:29:47.088277Z,KXETH15M-26OCT042330-30,0.0010,45.40,yes
2026-10-05T03:29:47.794432Z,KXETH15M-26OCT042330-30,0.0010,91.62,yes
2026-10-05T03:29:48.426773Z,KXETH15M-26OCT042330-30,0.0010,9159.55,yes
2026-10-05T03:29:49.03473Z,KXETH15M-26OCT042330-30,0.0010,915.99,yes
2026-10-05T03:29:49.667534Z,KXETH15M-26OCT042330-30,0.0010,183.25,yes
2026-10-05T03:29:49.763362Z,KXETH15M-26OCT042330-30,0.0010,1111.00,yes
2026-10-05T03:29:49.763362Z,KXETH15M-26OCT042330-30,0.0010,1001.00,yes
2026-10-05T03:29:49.763362Z,KXETH15M-26OCT042330-30,0.0010,65.95,yes
2026-10-05T03:29:49.763362Z,KXETH15M-26OCT042330-30,0.0010,2401.82,yes
2026-10-05T03:29:50.234648Z,KXETH15M-26OCT042330-30,0.0010,161.82,yes
2026-10-05T03:29:50.234648Z,KXETH15M-26OCT042330-30,0.0010,71.90,yes
2026-10-05T03:29:50.668223Z,KXETH15M-26OCT042330-30,0.0010,49.00,yes
2026-10-05T03:29:53.58902Z,KXETH15M-26OCT042330-30,0.0010,133.00,yes
2026-10-05T03:29:54.434587Z,KXETH15M-26OCT042330-30,0.0010,641.20,yes
2026-10-05T03:29:54.773213Z,KXETH15M-26OCT042330-30,0.0010,2336.79,yes
2026-10-05T03:29:55.830617Z,KXETH15M-26OCT042330-30,0.0010,1.13,yes
2026-10-05T03:29:55.876105Z,KXETH15M-26OCT042330-30,0.0010,298.63,yes
2026-10-05T03:29:57.376183Z,KXETH15M-26OCT042330-30,0.0010,2734.67,yes
2026-10-05T03:29:57.376183Z,KXETH15M-26OCT042330-30,0.0010,55.25,yes
2026-10-05T03:29:57.376183Z,KXETH15M-26OCT042330-30,0.0010,2584.00,yes
2026-10-05T03:29:57.376183Z,KXETH15M-26OCT042330-30,0.0010,1741.80,yes
2026-10-05T03:29:57.376183Z,KXETH15M-26OCT042330-30,0.0010,2043.83,yes
2026-10-05T03:29:57.628368Z,KXETH15M-26OCT042330-30,0.0010,283.99,yes
2026-10-05T03:29:58.928656Z,KXETH15M-26OCT042330-30,0.0010,2.00,yes
2026-10-05T03:29:59.110815Z,KXETH15M-26OCT042330-30,0.0010,8.94,yes
2026-10-05T03:28:48.182084Z,KXDOGE15M-26OCT042330-30,0.2400,32.00,yes
2026-10-05T03:28:48.182084Z,KXDOGE15M-26OCT042330-30,0.2400,26.00,yes
2026-10-05T03:28:48.182084Z,KXDOGE15M-26OCT042330-30,0.2400,0.03,yes
2026-10-05T03:28:48.185359Z,KXDOGE15M-26OCT042330-30,0.2500,10.00,yes
2026-10-05T03:28:48.185359Z,KXDOGE15M-26OCT042330-30,0.2500,0.03,yes
2026-10-05T03:28:48.185359Z,KXDOGE15M-26OCT042330-30,0.2600,0.03,yes
2026-10-05T03:28:48.303313Z,KXDOGE15M-26OCT042330-30,0.3400,69.99,yes
2026-10-05T03:28:48.303313Z,KXDOGE15M-26OCT042330-30,0.3000,0.01,yes
2026-10-05T03:28:48.792088Z,KXDOGE15M-26OCT042330-30,0.2500,5.00,no
2026-10-05T03:28:48.792088Z,KXDOGE15M-26OCT042330-30,0.2400,0.03,no
2026-10-05T03:28:48.792088Z,KXDOGE15M-26OCT042330-30,0.2100,165.99,no
2026-10-05T03:28:48.857377Z,KXDOGE15M-26OCT042330-30,0.2200,5.00,no
2026-10-05T03:28:48.857377Z,KXDOGE15M-26OCT042330-30,0.2100,7.87,no
2026-10-05T03:28:49.677352Z,KXDOGE15M-26OCT042330-30,0.3200,20.57,yes
2026-10-05T03:28:49.718132Z,KXDOGE15M-26OCT042330-30,0.3000,31.00,yes
2026-10-05T03:28:49.931797Z,KXDOGE15M-26OCT042330-30,0.3500,8.00,yes
2026-10-05T03:28:49.931797Z,KXDOGE15M-26OCT042330-30,0.3500,2.00,yes
2026-10-05T03:28:50.102583Z,KXDOGE15M-26OCT042330-30,0.3500,8.00,yes
2026-10-05T03:28:50.102583Z,KXDOGE15M-26OCT042330-30,0.3700,2.92,yes
2026-10-05T03:28:50.102583Z,KXDOGE15M-26OCT042330-30,0.3500,0.03,yes
2026-10-05T03:28:50.141735Z,KXDOGE15M-26OCT042330-30,0.3700,6.42,yes
2026-10-05T03:28:50.141735Z,KXDOGE15M-26OCT042330-30,0.3700,3.58,yes
2026-10-05T03:28:50.168002Z,KXDOGE15M-26OCT042330-30,0.3000,2.77,no
2026-10-05T03:28:50.192592Z,KXDOGE15M-26OCT042330-30,0.3600,2.67,yes
2026-10-05T03:28:50.84922Z,KXDOGE15M-26OCT042330-30,0.3600,25.00,yes
2026-10-05T03:28:51.326988Z,KXDOGE15M-26OCT042330-30,0.3400,200.00,yes
2026-10-05T03:28:51.326988Z,KXDOGE15M-26OCT042330-30,0.3800,200.00,yes
2026-10-05T03:28:51.326988Z,KXDOGE15M-26OCT042330-30,0.3600,200.00,yes
2026-10-05T03:28:51.326988Z,KXDOGE15M-26OCT042330-30,0.3500,27.00,yes
2026-10-05T03:28:51.326988Z,KXDOGE15M-26OCT042330-30,0.4000,21.08,yes
2026-10-05T03:28:51.546235Z,KXDOGE15M-26OCT042330-30,0.3500,17.04,yes
2026-10-05T03:28:51.56237Z,KXDOGE15M-26OCT042330-30,0.3100,1.00,no
2026-10-05T03:28:51.612294Z,KXDOGE15M-26OCT042330-30,0.3000,0.03,no
2026-10-05T03:28:51.612294Z,KXDOGE15M-26OCT042330-30,0.2900,0.03,no
2026-10-05T03:28:51.612294Z,KXDOGE15M-26OCT042330-30,0.3100,5.00,no
2026-10-05T03:28:51.612294Z,KXDOGE15M-26OCT042330-30,0.2800,8.10,no
2026-10-05T03:28:51.753034Z,KXDOGE15M-26OCT042330-30,0.3000,5.00,no
2026-10-05T03:28:51.753034Z,KXDOGE15M-26OCT042330-30,0.2900,24.33,no
2026-10-05T03:28:52.114963Z,KXDOGE15M-26OCT042330-30,0.3100,1.16,no
2026-10-05T03:28:53.137894Z,KXDOGE15M-26OCT042330-30,0.3500,0.43,no
2026-10-05T03:28:53.272219Z,KXDOGE15M-26OCT042330-30,0.3500,31.57,no
2026-10-05T03:28:53.422009Z,KXDOGE15M-26OCT042330-30,0.3400,30.70,yes
2026-10-05T03:28:53.427628Z,KXDOGE15M-26OCT042330-30,0.3400,10.00,yes
2026-10-05T03:28:53.550137Z,KXDOGE15M-26OCT042330-30,0.3400,5.31,yes
2026-10-05T03:28:54.006556Z,KXDOGE15M-26OCT042330-30,0.2900,2.76,no
2026-10-05T03:28:54.170812Z,KXDOGE15M-26OCT042330-30,0.2900,0.03,no
2026-10-05T03:28:54.170812Z,KXDOGE15M-26OCT042330-30,0.2800,24.77,no
2026-10-05T03:28:54.170812Z,KXDOGE15M-26OCT042330-30,0.2800,0.03,no
2026-10-05T03:28:54.170812Z,KXDOGE15M-26OCT042330-30,0.3000,5.00,no
2026-10-05T03:28:54.332163Z,KXDOGE15M-26OCT042330-30,0.3000,0.03,no
2026-10-05T03:28:54.332163Z,KXDOGE15M-26OCT042330-30,0.3100,3.58,no
2026-10-05T03:28:54.332163Z,KXDOGE15M-26OCT042330-30,0.3200,5.00,no
2026-10-05T03:28:54.332163Z,KXDOGE15M-26OCT042330-30,0.2800,2.23,no
2026-10-05T03:28:54.332163Z,KXDOGE15M-26OCT042330-30,0.2800,16.10,no
2026-10-05T03:28:54.36948Z,KXDOGE15M-26OCT042330-30,0.3000,5.00,no
2026-10-05T03:28:54.36948Z,KXDOGE15M-26OCT042330-30,0.2900,22.40,no
2026-10-05T03:28:54.88331Z,KXDOGE15M-26OCT042330-30,0.3800,2.52,yes
2026-10-05T03:28:55.862994Z,KXDOGE15M-26OCT042330-30,0.3200,13.29,yes
2026-10-05T03:28:56.115538Z,KXDOGE15M-26OCT042330-30,0.3000,33.39,yes
2026-10-05T03:28:56.148268Z,KXDOGE15M-26OCT042330-30,0.2800,2.72,no
2026-10-05T03:28:56.398196Z,KXDOGE15M-26OCT042330-30,0.3000,3.33,no
2026-10-05T03:28:56.928559Z,KXDOGE15M-26OCT042330-30,0.2700,35.19,no
2026-10-05T03:28:56.928559Z,KXDOGE15M-26OCT042330-30,0.2900,5.00,no
2026-10-05T03:28:56.928559Z,KXDOGE15M-26OCT042330-30,0.2800,27.00,no
2026-10-05T03:28:57.04748Z,KXDOGE15M-26OCT042330-30,0.3100,0.03,yes
2026-10-05T03:28:57.04748Z,KXDOGE15M-26OCT042330-30,0.3100,3.04,yes
2026-10-05T03:28:57.288796Z,KXDOGE15M-26OCT042330-30,0.3200,73.93,yes
2026-10-05T03:28:57.411943Z,KXDOGE15M-26OCT042330-30,0.3200,20.54,yes
2026-10-05T03:28:57.441422Z,KXDOGE15M-26OCT042330-30,0.2400,1.26,no
2026-10-05T03:28:57.714146Z,KXDOGE15M-26OCT042330-30,0.3200,39.51,yes
2026-10-05T03:28:58.58513Z,KXDOGE15M-26OCT042330-30,0.3500,8.33,no
2026-10-05T03:28:58.58513Z,KXDOGE15M-26OCT042330-30,0.3600,5.00,no
2026-10-05T03:28:58.891256Z,KXDOGE15M-26OCT042330-30,0.4100,10.00,yes
2026-10-05T03:28:58.926466Z,KXDOGE15M-26OCT042330-30,0.3900,7.00,no
2026-10-05T03:28:58.926466Z,KXDOGE15M-26OCT042330-30,0.4000,5.00,no
2026-10-05T03:28:58.980602Z,KXDOGE15M-26OCT042330-30,0.4000,5.00,no
2026-10-05T03:28:58.980602Z,KXDOGE15M-26OCT042330-30,0.3900,7.00,no
2026-10-05T03:28:59.718819Z,KXDOGE15M-26OCT042330-30,0.4300,30.00,yes
2026-10-05T03:28:59.718819Z,KXDOGE15M-26OCT042330-30,0.4200,1.00,yes
2026-10-05T03:28:59.738808Z,KXDOGE15M-26OCT042330-30,0.4300,30.00,yes
2026-10-05T03:28:59.908734Z,KXDOGE15M-26OCT042330-30,0.4400,7.04,no
2026-10-05T03:29:00.054475Z,KXDOGE15M-26OCT042330-30,0.4500,23.65,yes
2026-10-05T03:29:00.054475Z,KXDOGE15M-26OCT042330-30,0.4500,1.00,yes
2026-10-05T03:29:00.085866Z,KXDOGE15M-26OCT042330-30,0.4500,0.02,yes
2026-10-05T03:29:00.152978Z,KXDOGE15M-26OCT042330-30,0.4500,0.22,yes
2026-10-05T03:29:00.160832Z,KXDOGE15M-26OCT042330-30,0.4500,0.30,yes
2026-10-05T03:29:00.160832Z,KXDOGE15M-26OCT042330-30,0.4500,6.11,yes
2026-10-05T03:29:00.296729Z,KXDOGE15M-26OCT042330-30,0.4400,54.58,no
2026-10-05T03:29:00.344099Z,KXDOGE15M-26OCT042330-30,0.4500,6.41,yes
2026-10-05T03:29:00.35417Z,KXDOGE15M-26OCT042330-30,0.4400,26.31,no
2026-10-05T03:29:00.532589Z,KXDOGE15M-26OCT042330-30,0.4500,16.29,yes
2026-10-05T03:29:00.658008Z,KXDOGE15M-26OCT042330-30,0.4300,0.31,no
2026-10-05T03:29:00.658008Z,KXDOGE15M-26OCT042330-30,0.4400,5.00,no
2026-10-05T03:29:00.675658Z,KXDOGE15M-26OCT042330-30,0.4700,0.03,yes
2026-10-05T03:29:00.675658Z,KXDOGE15M-26OCT042330-30,0.4700,30.00,yes
2026-10-05T03:29:00.785116Z,KXDOGE15M-26OCT042330-30,0.4900,0.03,yes
2026-10-05T03:29:00.785116Z,KXDOGE15M-26OCT042330-30,0.4800,0.03,yes
2026-10-05T03:29:00.785116Z,KXDOGE15M-26OCT042330-30,0.4700,30.00,yes
2026-10-05T03:29:00.785116Z,KXDOGE15M-26OCT042330-30,0.4900,30.00,yes
2026-10-05T03:29:00.958198Z,KXDOGE15M-26OCT042330-30,0.4500,1.15,no
2026-10-05T03:29:00.958198Z,KXDOGE15M-26OCT042330-30,0.4600,5.00,no
2026-10-05T03:29:01.026215Z,KXDOGE15M-26OCT042330-30,0.4900,30.00,yes
2026-10-05T03:29:01.026215Z,KXDOGE15M-26OCT042330-30,0.4800,0.03,yes
2026-10-05T03:29:01.026215Z,KXDOGE15M-26OCT042330-30,0.4800,30.00,yes
2026-10-05T03:29:01.026215Z,KXDOGE15M-26OCT042330-30,0.4900,0.03,yes
2026-10-05T03:29:01.026215Z,KXDOGE15M-26OCT042330-30,0.5000,0.03,yes
2026-10-05T03:29:01.297771Z,KXDOGE15M-26OCT042330-30,0.4700,3.89,no
2026-10-05T03:29:01.297771Z,KXDOGE15M-26OCT042330-30,0.4800,5.00,no
2026-10-05T03:29:01.386658Z,KXDOGE15M-26OCT042330-30,0.5100,25.88,yes
2026-10-05T03:29:01.678444Z,KXDOGE15M-26OCT042330-30,0.5100,0.03,yes
2026-10-05T03:29:01.678444Z,KXDOGE15M-26OCT042330-30,0.5100,20.82,yes
2026-10-05T03:29:01.855562Z,KXDOGE15M-26OCT042330-30,0.5100,3.40,yes
2026-10-05T03:29:01.855562Z,KXDOGE15M-26OCT042330-30,0.5100,4.18,yes
2026-10-05T03:29:02.075738Z,KXDOGE15M-26OCT042330-30,0.4600,5.00,no
2026-10-05T03:29:02.075738Z,KXDOGE15M-26OCT042330-30,0.4500,13.00,no
2026-10-05T03:29:02.27991Z,KXDOGE15M-26OCT042330-30,0.5300,25.00,yes
2026-10-05T03:29:02.27991Z,KXDOGE15M-26OCT042330-30,0.5200,0.03,yes
2026-10-05T03:29:02.27991Z,KXDOGE15M-26OCT042330-30,0.5300,0.03,yes
2026-10-05T03:29:02.27991Z,KXDOGE15M-26OCT042330-30,0.5400,59.56,yes
2026-10-05T03:29:02.27991Z,KXDOGE15M-26OCT042330-30,0.5100,22.60,yes
2026-10-05T03:29:02.27991Z,KXDOGE15M-26OCT042330-30,0.5100,25.00,yes
2026-10-05T03:29:02.27991Z,KXDOGE15M-26OCT042330-30,0.5100,0.03,yes
2026-10-05T03:29:02.27991Z,KXDOGE15M-26OCT042330-30,0.5200,30.00,yes
2026-10-05T03:29:02.27991Z,KXDOGE15M-26OCT042330-30,0.5100,3.40,yes
2026-10-05T03:29:02.644762Z,KXDOGE15M-26OCT042330-30,0.5100,9.00,yes
2026-10-05T03:29:02.900308Z,KXDOGE15M-26OCT042330-30,0.4000,200.00,no
2026-10-05T03:29:02.900308Z,KXDOGE15M-26OCT042330-30,0.4200,200.00,no
2026-10-05T03:29:02.900308Z,KXDOGE15M-26OCT042330-30,0.3800,66.81,no
2026-10-05T03:29:02.900308Z,KXDOGE15M-26OCT042330-30,0.4700,5.00,no
2026-10-05T03:29:02.900308Z,KXDOGE15M-26OCT042330-30,0.4000,0.03,no
2026-10-05T03:29:02.900308Z,KXDOGE15M-26OCT042330-30,0.4300,25.00,no
2026-10-05T03:29:02.900308Z,KXDOGE15M-26OCT042330-30,0.4600,15.00,no
2026-10-05T03:29:02.900308Z,KXDOGE15M-26OCT042330-30,0.4500,15.00,no
2026-10-05T03:29:02.900308Z,KXDOGE15M-26OCT042330-30,0.4200,0.03,no
2026-10-05T03:29:03.123634Z,KXDOGE15M-26OCT042330-30,0.4900,18.95,yes
2026-10-05T03:29:03.186875Z,KXDOGE15M-26OCT042330-30,0.4200,0.03,no
2026-10-05T03:29:03.186875Z,KXDOGE15M-26OCT042330-30,0.4200,223.70,no
2026-10-05T03:29:03.186875Z,KXDOGE15M-26OCT042330-30,0.4300,0.03,no
2026-10-05T03:29:03.186875Z,KXDOGE15M-26OCT042330-30,0.4600,5.00,no
2026-10-05T03:29:03.186875Z,KXDOGE15M-26OCT042330-30,0.4500,15.00,no
2026-10-05T03:29:03.186875Z,KXDOGE15M-26OCT042330-30,0.4300,25.00,no
2026-10-05T03:29:03.443444Z,KXDOGE15M-26OCT042330-30,0.4900,0.03,yes
2026-10-05T03:29:03.443444Z,KXDOGE15M-26OCT042330-30,0.4900,18.00,yes
2026-10-05T03:29:03.443444Z,KXDOGE15M-26OCT042330-30,0.4800,25.00,yes
2026-10-05T03:29:03.443444Z,KXDOGE15M-26OCT042330-30,0.5000,128.80,yes
2026-10-05T03:29:03.443444Z,KXDOGE15M-26OCT042330-30,0.5000,0.03,yes
2026-10-05T03:29:03.443444Z,KXDOGE15M-26OCT042330-30,0.4800,0.01,yes
2026-10-05T03:29:03.443444Z,KXDOGE15M-26OCT042330-30,0.4800,5.08,yes
2026-10-05T03:29:03.443444Z,KXDOGE15M-26OCT042330-30,0.4900,11.05,yes
2026-10-05T03:29:03.476426Z,KXDOGE15M-26OCT042330-30,0.4800,316.15,yes
2026-10-05T03:29:03.476426Z,KXDOGE15M-26OCT042330-30,0.4700,30.00,yes
2026-10-05T03:29:03.476426Z,KXDOGE15M-26OCT042330-30,0.4700,25.00,yes
2026-10-05T03:29:03.488725Z,KXDOGE15M-26OCT042330-30,0.4800,48.87,yes
2026-10-05T03:29:03.549287Z,KXDOGE15M-26OCT042330-30,0.4800,19.70,yes
2026-10-05T03:29:03.710247Z,KXDOGE15M-26OCT042330-30,0.4800,10.50,yes
2026-10-05T03:29:03.710247Z,KXDOGE15M-26OCT042330-30,0.4800,10.30,yes
2026-10-05T03:29:03.852693Z,KXDOGE15M-26OCT042330-30,0.4500,5.00,no
2026-10-05T03:29:03.852693Z,KXDOGE15M-26OCT042330-30,0.4600,5.00,no
2026-10-05T03:29:04.031967Z,KXDOGE15M-26OCT042330-30,0.4600,0.82,no
2026-10-05T03:29:04.220377Z,KXDOGE15M-26OCT042330-30,0.4600,0.22,no
2026-10-05T03:29:04.707216Z,KXDOGE15M-26OCT042330-30,0.4700,3.35,yes
2026-10-05T03:29:04.707216Z,KXDOGE15M-26OCT042330-30,0.4800,63.12,yes
2026-10-05T03:29:04.707216Z,KXDOGE15M-26OCT042330-30,0.4700,25.00,yes
2026-10-05T03:29:04.707216Z,KXDOGE15M-26OCT042330-30,0.4700,0.03,yes
2026-10-05T03:29:04.707216Z,KXDOGE15M-26OCT042330-30,0.4800,8.50,yes
2026-10-05T03:29:04.887571Z,KXDOGE15M-26OCT042330-30,0.3800,46.11,no
2026-10-05T03:29:04.887571Z,KXDOGE15M-26OCT042330-30,0.4700,15.00,no
2026-10-05T03:29:04.887571Z,KXDOGE15M-26OCT042330-30,0.4500,10.00,no
2026-10-05T03:29:04.887571Z,KXDOGE15M-26OCT042330-30,0.3900,27.00,no
2026-10-05T03:29:04.887571Z,KXDOGE15M-26OCT042330-30,0.4700,5.00,no
2026-10-05T03:29:05.081911Z,KXDOGE15M-26OCT042330-30,0.4700,15.00,no
2026-10-05T03:29:05.081911Z,KXDOGE15M-26OCT042330-30,0.4700,2.60,no
2026-10-05T03:29:05.291886Z,KXDOGE15M-26OCT042330-30,0.4800,1.56,yes
2026-10-05T03:29:05.363195Z,KXDOGE15M-26OCT042330-30,0.4600,5.00,no
2026-10-05T03:29:05.363195Z,KXDOGE15M-26OCT042330-30,0.4500,15.00,no
2026-10-05T03:29:05.920217Z,KXDOGE15M-26OCT042330-30,0.4600,5.00,no
2026-10-05T03:29:05.920217Z,KXDOGE15M-26OCT042330-30,0.4500,15.00,no
2026-10-05T03:29:05.924851Z,KXDOGE15M-26OCT042330-30,0.4300,15.00,no
2026-10-05T03:29:06.151162Z,KXDOGE15M-26OCT042330-30,0.4400,50.25,yes
2026-10-05T03:29:06.261912Z,KXDOGE15M-26OCT042330-30,0.4300,0.08,no
2026-10-05T03:29:06.363559Z,KXDOGE15M-26OCT042330-30,0.4400,100.50,yes
2026-10-05T03:29:06.986406Z,KXDOGE15M-26OCT042330-30,0.4300,14.92,no
2026-10-05T03:29:06.986406Z,KXDOGE15M-26OCT042330-30,0.4300,5.00,no
2026-10-05T03:29:06.990991Z,KXDOGE15M-26OCT042330-30,0.4100,15.00,no
2026-10-05T03:29:07.089558Z,KXDOGE15M-26OCT042330-30,0.4100,3.35,no
2026-10-05T03:29:07.089558Z,KXDOGE15M-26OCT042330-30,0.4100,1.54,no
2026-10-05T03:29:07.456805Z,KXDOGE15M-26OCT042330-30,0.4400,0.03,yes
2026-10-05T03:29:07.456805Z,KXDOGE15M-26OCT042330-30,0.4200,0.03,yes
2026-10-05T03:29:07.456805Z,KXDOGE15M-26OCT042330-30,0.4300,0.03,yes
2026-10-05T03:29:07.52219Z,KXDOGE15M-26OCT042330-30,0.4400,1.53,no
2026-10-05T03:29:07.835386Z,KXDOGE15M-26OCT042330-30,0.4400,5.52,no
2026-10-05T03:29:07.84173Z,KXDOGE15M-26OCT042330-30,0.4400,9.48,no
2026-10-05T03:29:07.84173Z,KXDOGE15M-26OCT042330-30,0.4500,5.00,no
2026-10-05T03:29:07.892377Z,KXDOGE15M-26OCT042330-30,0.4000,5.00,no
2026-10-05T03:29:07.892377Z,KXDOGE15M-26OCT042330-30,0.3900,0.03,no
2026-10-05T03:29:07.892377Z,KXDOGE15M-26OCT042330-30,0.3300,2.63,no
2026-10-05T03:29:07.892377Z,KXDOGE15M-26OCT042330-30,0.3700,0.03,no
2026-10-05T03:29:08.03073Z,KXDOGE15M-26OCT042330-30,0.4100,0.03,no
2026-10-05T03:29:08.03073Z,KXDOGE15M-26OCT042330-30,0.4100,3.11,no
2026-10-05T03:29:08.257362Z,KXDOGE15M-26OCT042330-30,0.3900,27.00,no
2026-10-05T03:29:08.257362Z,KXDOGE15M-26OCT042330-30,0.4000,5.00,no
2026-10-05T03:29:08.257362Z,KXDOGE15M-26OCT042330-30,0.3800,112.08,no
2026-10-05T03:29:08.789601Z,KXDOGE15M-26OCT042330-30,0.3900,0.03,no
2026-10-05T03:29:08.789601Z,KXDOGE15M-26OCT042330-30,0.3800,0.03,no
2026-10-05T03:29:08.789601Z,KXDOGE15M-26OCT042330-30,0.4000,5.00,no
2026-10-05T03:29:08.789601Z,KXDOGE15M-26OCT042330-30,0.3800,26.00,no
2026-10-05T03:29:09.241431Z,KXDOGE15M-26OCT042330-30,0.4500,0.36,yes
2026-10-05T03:29:09.689913Z,KXDOGE15M-26OCT042330-30,0.4800,21.00,yes
2026-10-05T03:29:09.689913Z,KXDOGE15M-26OCT042330-30,0.4800,0.03,yes
2026-10-05T03:29:09.689913Z,KXDOGE15M-26OCT042330-30,0.4700,0.03,yes
2026-10-05T03:29:09.689913Z,KXDOGE15M-26OCT042330-30,0.4700,25.00,yes
2026-10-05T03:29:09.689913Z,KXDOGE15M-26OCT042330-30,0.4600,0.03,yes
2026-10-05T03:29:09.689913Z,KXDOGE15M-26OCT042330-30,0.4500,0.03,yes
2026-10-05T03:29:09.690202Z,KXDOGE15M-26OCT042330-30,0.5000,0.03,yes
2026-10-05T03:29:09.690202Z,KXDOGE15M-26OCT042330-30,0.4900,25.00,yes
2026-10-05T03:29:09.690202Z,KXDOGE15M-26OCT042330-30,0.4900,0.03,yes
2026-10-05T03:29:09.690202Z,KXDOGE15M-26OCT042330-30,0.4900,1.03,yes
2026-10-05T03:29:09.690951Z,KXDOGE15M-26OCT042330-30,0.5200,0.03,yes
2026-10-05T03:29:09.690951Z,KXDOGE15M-26OCT042330-30,0.5300,25.00,yes
2026-10-05T03:29:09.691027Z,KXDOGE15M-26OCT042330-30,0.5600,25.00,yes
2026-10-05T03:29:09.69765Z,KXDOGE15M-26OCT042330-30,0.5800,25.00,yes
2026-10-05T03:29:09.69765Z,KXDOGE15M-26OCT042330-30,0.5800,1.00,yes
2026-10-05T03:29:09.698283Z,KXDOGE15M-26OCT042330-30,0.5900,10.00,yes
2026-10-05T03:29:09.738921Z,KXDOGE15M-26OCT042330-30,0.6200,5.00,no
2026-10-05T03:29:09.738921Z,KXDOGE15M-26OCT042330-30,0.6100,130.81,no
2026-10-05T03:29:10.437247Z,KXDOGE15M-26OCT042330-30,0.6400,30.00,yes
2026-10-05T03:29:10.585784Z,KXDOGE15M-26OCT042330-30,0.6400,0.03,yes
2026-10-05T03:29:10.585784Z,KXDOGE15M-26OCT042330-30,0.6500,27.00,yes
2026-10-05T03:29:10.691676Z,KXDOGE15M-26OCT042330-30,0.6400,3.62,no
2026-10-05T03:29:10.691676Z,KXDOGE15M-26OCT042330-30,0.6100,25.00,no
2026-10-05T03:29:10.691676Z,KXDOGE15M-26OCT042330-30,0.5900,2.00,no
2026-10-05T03:29:10.691676Z,KXDOGE15M-26OCT042330-30,0.6300,42.00,no
2026-10-05T03:29:10.691676Z,KXDOGE15M-26OCT042330-30,0.5800,167.77,no
2026-10-05T03:29:10.691676Z,KXDOGE15M-26OCT042330-30,0.6000,600.00,no
2026-10-05T03:29:10.691676Z,KXDOGE15M-26OCT042330-30,0.6000,2.00,no
2026-10-05T03:29:10.691676Z,KXDOGE15M-26OCT042330-30,0.6500,5.00,no
2026-10-05T03:29:11.070163Z,KXDOGE15M-26OCT042330-30,0.6000,60.74,no
2026-10-05T03:29:11.070163Z,KXDOGE15M-26OCT042330-30,0.6300,10.00,no
2026-10-05T03:29:11.070163Z,KXDOGE15M-26OCT042330-30,0.6400,5.00,no
2026-10-05T03:29:11.070163Z,KXDOGE15M-26OCT042330-30,0.6100,25.00,no
2026-10-05T03:29:11.070163Z,KXDOGE15M-26OCT042330-30,0.6100,0.03,no
2026-10-05T03:29:11.070163Z,KXDOGE15M-26OCT042330-30,0.6200,0.03,no
2026-10-05T03:29:11.14846Z,KXDOGE15M-26OCT042330-30,0.6700,1.00,no
2026-10-05T03:29:11.183595Z,KXDOGE15M-26OCT042330-30,0.6700,5.00,no
2026-10-05T03:29:11.406477Z,KXDOGE15M-26OCT042330-30,0.6300,261.00,yes
2026-10-05T03:29:11.525852Z,KXDOGE15M-26OCT042330-30,0.6100,1.00,yes
2026-10-05T03:29:11.528679Z,KXDOGE15M-26OCT042330-30,0.6100,90.57,yes
2026-10-05T03:29:11.549256Z,KXDOGE15M-26OCT042330-30,0.5100,74.00,no
2026-10-05T03:29:11.549256Z,KXDOGE15M-26OCT042330-30,0.5200,5.00,no
2026-10-05T03:29:11.578682Z,KXDOGE15M-26OCT042330-30,0.5100,33.94,no
2026-10-05T03:29:11.578682Z,KXDOGE15M-26OCT042330-30,0.5400,5.00,no
2026-10-05T03:29:11.578682Z,KXDOGE15M-26OCT042330-30,0.5200,0.03,no
2026-10-05T03:29:11.578682Z,KXDOGE15M-26OCT042330-30,0.5300,0.03,no
2026-10-05T03:29:11.99153Z,KXDOGE15M-26OCT042330-30,0.6100,1.00,yes
2026-10-05T03:29:12.22134Z,KXDOGE15M-26OCT042330-30,0.5900,26.54,yes
2026-10-05T03:29:12.594872Z,KXDOGE15M-26OCT042330-30,0.5400,5.00,no
2026-10-05T03:29:12.594872Z,KXDOGE15M-26OCT042330-30,0.5200,27.00,no
2026-10-05T03:29:12.594872Z,KXDOGE15M-26OCT042330-30,0.5200,0.01,no
2026-10-05T03:29:12.594872Z,KXDOGE15M-26OCT042330-30,0.5100,192.93,no
2026-10-05T03:29:12.594872Z,KXDOGE15M-26OCT042330-30,0.5200,0.03,no
2026-10-05T03:29:12.594872Z,KXDOGE15M-26OCT042330-30,0.5300,0.03,no
2026-10-05T03:29:12.702714Z,KXDOGE15M-26OCT042330-30,0.5700,5.00,no
2026-10-05T03:29:12.702714Z,KXDOGE15M-26OCT042330-30,0.5200,0.03,no
2026-10-05T03:29:12.702714Z,KXDOGE15M-26OCT042330-30,0.5100,7.51,no
2026-10-05T03:29:12.702714Z,KXDOGE15M-26OCT042330-30,0.5200,9.00,no
2026-10-05T03:29:12.702714Z,KXDOGE15M-26OCT042330-30,0.5300,0.03,no
2026-10-05T03:29:12.702714Z,KXDOGE15M-26OCT042330-30,0.5600,10.00,no
2026-10-05T03:29:12.985123Z,KXDOGE15M-26OCT042330-30,0.6100,18.71,yes
2026-10-05T03:29:12.985123Z,KXDOGE15M-26OCT042330-30,0.6000,26.00,yes
2026-10-05T03:29:12.985123Z,KXDOGE15M-26OCT042330-30,0.6000,3.62,yes
2026-10-05T03:29:13.211392Z,KXDOGE15M-26OCT042330-30,0.5600,160.04,yes
2026-10-05T03:29:13.428484Z,KXDOGE15M-26OCT042330-30,0.5400,0.22,no
2026-10-05T03:29:13.600531Z,KXDOGE15M-26OCT042330-30,0.5600,15.00,yes
2026-10-05T03:29:13.770533Z,KXDOGE15M-26OCT042330-30,0.5600,34.64,yes
2026-10-05T03:29:13.967631Z,KXDOGE15M-26OCT042330-30,0.5600,15.18,yes
2026-10-05T03:29:14.296312Z,KXDOGE15M-26OCT042330-30,0.6100,104.00,yes
2026-10-05T03:29:14.296312Z,KXDOGE15M-26OCT042330-30,0.5800,200.00,yes
2026-10-05T03:29:14.296312Z,KXDOGE15M-26OCT042330-30,0.6000,26.00,yes
2026-10-05T03:29:14.299213Z,KXDOGE15M-26OCT042330-30,0.6500,25.00,yes
2026-10-05T03:29:14.299213Z,KXDOGE15M-26OCT042330-30,0.6200,25.00,yes
2026-10-05T03:29:14.303388Z,KXDOGE15M-26OCT042330-30,0.6200,25.00,yes
2026-10-05T03:29:14.333756Z,KXDOGE15M-26OCT042330-30,0.6800,4.10,yes
2026-10-05T03:29:14.340167Z,KXDOGE15M-26OCT042330-30,0.7500,2.98,yes
2026-10-05T03:29:14.340167Z,KXDOGE15M-26OCT042330-30,0.6900,1.00,yes
2026-10-05T03:29:14.340167Z,KXDOGE15M-26OCT042330-30,0.7400,20.38,yes
2026-10-05T03:29:14.340167Z,KXDOGE15M-26OCT042330-30,0.7400,1.00,yes
2026-10-05T03:29:14.340167Z,KXDOGE15M-26OCT042330-30,0.7500,3.28,yes
2026-10-05T03:29:14.340167Z,KXDOGE15M-26OCT042330-30,0.7300,25.00,yes
2026-10-05T03:29:14.340167Z,KXDOGE15M-26OCT042330-30,0.7100,25.00,yes
2026-10-05T03:29:14.340167Z,KXDOGE15M-26OCT042330-30,0.7500,25.00,yes
2026-10-05T03:29:14.340167Z,KXDOGE15M-26OCT042330-30,0.7500,1.76,yes
2026-10-05T03:29:14.340167Z,KXDOGE15M-26OCT042330-30,0.7500,2.98,yes
2026-10-05T03:29:14.340167Z,KXDOGE15M-26OCT042330-30,0.7500,0.18,yes
2026-10-05T03:29:14.340167Z,KXDOGE15M-26OCT042330-30,0.7200,26.00,yes
2026-10-05T03:29:14.340167Z,KXDOGE15M-26OCT042330-30,0.7000,26.00,yes
2026-10-05T03:29:14.340167Z,KXDOGE15M-26OCT042330-30,0.7600,10.00,yes
2026-10-05T03:29:14.340167Z,KXDOGE15M-26OCT042330-30,0.7100,1.00,yes
2026-10-05T03:29:14.340167Z,KXDOGE15M-26OCT042330-30,0.6800,20.90,yes
2026-10-05T03:29:14.340167Z,KXDOGE15M-26OCT042330-30,0.7500,20.85,yes
2026-10-05T03:29:14.340167Z,KXDOGE15M-26OCT042330-30,0.7500,3.07,yes
2026-10-05T03:29:14.340167Z,KXDOGE15M-26OCT042330-30,0.7600,100.00,yes
2026-10-05T03:29:14.340167Z,KXDOGE15M-26OCT042330-30,0.7600,1.00,yes
2026-10-05T03:29:14.340167Z,KXDOGE15M-26OCT042330-30,0.7500,1.00,yes
2026-10-05T03:29:14.340167Z,KXDOGE15M-26OCT042330-30,0.7200,1.00,yes
2026-10-05T03:29:14.340167Z,KXDOGE15M-26OCT042330-30,0.7400,1.00,yes
2026-10-05T03:29:14.340167Z,KXDOGE15M-26OCT042330-30,0.7300,1.00,yes
2026-10-05T03:29:14.340167Z,KXDOGE15M-26OCT042330-30,0.7500,5.92,yes
2026-10-05T03:29:14.352998Z,KXDOGE15M-26OCT042330-30,0.7200,26.00,yes
2026-10-05T03:29:14.378209Z,KXDOGE15M-26OCT042330-30,0.7700,25.00,yes
2026-10-05T03:29:14.378209Z,KXDOGE15M-26OCT042330-30,0.7700,1.00,yes
2026-10-05T03:29:14.395588Z,KXDOGE15M-26OCT042330-30,0.7800,1.00,yes
2026-10-05T03:29:14.395588Z,KXDOGE15M-26OCT042330-30,0.7900,25.00,yes
2026-10-05T03:29:14.395588Z,KXDOGE15M-26OCT042330-30,0.7800,1.00,yes
2026-10-05T03:29:14.395588Z,KXDOGE15M-26OCT042330-30,0.7900,1.00,yes
2026-10-05T03:29:14.408213Z,KXDOGE15M-26OCT042330-30,0.8100,1.00,yes
2026-10-05T03:29:14.408213Z,KXDOGE15M-26OCT042330-30,0.8100,25.00,yes
2026-10-05T03:29:14.408213Z,KXDOGE15M-26OCT042330-30,0.8000,1.00,yes
2026-10-05T03:29:14.408213Z,KXDOGE15M-26OCT042330-30,0.8100,1.00,yes
2026-10-05T03:29:14.408213Z,KXDOGE15M-26OCT042330-30,0.8000,1.00,yes
2026-10-05T03:29:14.412624Z,KXDOGE15M-26OCT042330-30,0.8300,10.00,yes
2026-10-05T03:29:14.412624Z,KXDOGE15M-26OCT042330-30,0.8300,1.00,yes
2026-10-05T03:29:14.412624Z,KXDOGE15M-26OCT042330-30,0.8200,1.00,yes
2026-10-05T03:29:14.412639Z,KXDOGE15M-26OCT042330-30,0.8400,2.00,yes
2026-10-05T03:29:14.412639Z,KXDOGE15M-26OCT042330-30,0.8300,15.00,yes
2026-10-05T03:29:14.412639Z,KXDOGE15M-26OCT042330-30,0.8500,25.00,yes
2026-10-05T03:29:14.412639Z,KXDOGE15M-26OCT042330-30,0.8400,1.00,yes
2026-10-05T03:29:14.412639Z,KXDOGE15M-26OCT042330-30,0.8300,24.00,yes
2026-10-05T03:29:14.412639Z,KXDOGE15M-26OCT042330-30,0.8500,1.00,yes
2026-10-05T03:29:14.412639Z,KXDOGE15M-26OCT042330-30,0.8500,1.00,yes
2026-10-05T03:29:14.412639Z,KXDOGE15M-26OCT042330-30,0.8400,1.00,yes
2026-10-05T03:29:14.473891Z,KXDOGE15M-26OCT042330-30,0.8600,1.00,yes
2026-10-05T03:29:14.473891Z,KXDOGE15M-26OCT042330-30,0.8600,1.00,yes
2026-10-05T03:29:14.501079Z,KXDOGE15M-26OCT042330-30,0.8300,10.00,no
2026-10-05T03:29:14.596976Z,KXDOGE15M-26OCT042330-30,0.8700,0.10,yes
2026-10-05T03:29:14.824693Z,KXDOGE15M-26OCT042330-30,0.8400,14.86,no
2026-10-05T03:29:14.824693Z,KXDOGE15M-26OCT042330-30,0.8400,5.00,no
2026-10-05T03:29:14.835652Z,KXDOGE15M-26OCT042330-30,0.8400,0.69,no
2026-10-05T03:29:14.835652Z,KXDOGE15M-26OCT042330-30,0.8500,10.00,no
2026-10-05T03:29:14.996046Z,KXDOGE15M-26OCT042330-30,0.8400,5.00,no
2026-10-05T03:29:14.996046Z,KXDOGE15M-26OCT042330-30,0.8400,0.03,no
2026-10-05T03:29:14.996046Z,KXDOGE15M-26OCT042330-30,0.7900,200.00,no
2026-10-05T03:29:14.996046Z,KXDOGE15M-26OCT042330-30,0.8400,13.45,no
2026-10-05T03:29:14.996046Z,KXDOGE15M-26OCT042330-30,0.7600,200.00,no
2026-10-05T03:29:14.996046Z,KXDOGE15M-26OCT042330-30,0.7900,0.01,no
2026-10-05T03:29:14.996046Z,KXDOGE15M-26OCT042330-30,0.7400,9.56,no
2026-10-05T03:29:14.996046Z,KXDOGE15M-26OCT042330-30,0.8400,210.00,no
2026-10-05T03:29:14.996046Z,KXDOGE15M-26OCT042330-30,0.7900,0.03,no
2026-10-05T03:29:14.996046Z,KXDOGE15M-26OCT042330-30,0.8400,10.00,no
2026-10-05T03:29:15.244261Z,KXDOGE15M-26OCT042330-30,0.8500,7.58,no
2026-10-05T03:29:15.283398Z,KXDOGE15M-26OCT042330-30,0.8400,20.57,no
2026-10-05T03:29:15.283398Z,KXDOGE15M-26OCT042330-30,0.8400,0.03,no
2026-10-05T03:29:15.283398Z,KXDOGE15M-26OCT042330-30,0.8500,5.00,no
2026-10-05T03:29:15.283398Z,KXDOGE15M-26OCT042330-30,0.8500,31.00,no
2026-10-05T03:29:15.283398Z,KXDOGE15M-26OCT042330-30,0.8500,2.42,no
2026-10-05T03:29:15.384094Z,KXDOGE15M-26OCT042330-30,0.8500,5.00,no
2026-10-05T03:29:15.384094Z,KXDOGE15M-26OCT042330-30,0.8600,10.00,no
2026-10-05T03:29:15.384094Z,KXDOGE15M-26OCT042330-30,0.8500,0.03,no
2026-10-05T03:29:15.384094Z,KXDOGE15M-26OCT042330-30,0.8400,80.13,no
2026-10-05T03:29:15.398294Z,KXDOGE15M-26OCT042330-30,0.8400,28.07,no
2026-10-05T03:29:15.460673Z,KXDOGE15M-26OCT042330-30,0.8400,1.56,no
2026-10-05T03:29:15.56568Z,KXDOGE15M-26OCT042330-30,0.8700,2.00,yes
2026-10-05T03:29:15.56568Z,KXDOGE15M-26OCT042330-30,0.8700,24.17,yes
2026-10-05T03:29:15.56568Z,KXDOGE15M-26OCT042330-30,0.8700,1.00,yes
2026-10-05T03:29:15.56568Z,KXDOGE15M-26OCT042330-30,0.8700,0.90,yes
2026-10-05T03:29:15.621459Z,KXDOGE15M-26OCT042330-30,0.8700,0.83,yes
2026-10-05T03:29:15.621459Z,KXDOGE15M-26OCT042330-30,0.8700,27.61,yes
2026-10-05T03:29:15.621459Z,KXDOGE15M-26OCT042330-30,0.8700,0.03,yes
2026-10-05T03:29:15.652822Z,KXDOGE15M-26OCT042330-30,0.8400,5.00,no
2026-10-05T03:29:15.652822Z,KXDOGE15M-26OCT042330-30,0.8000,0.03,no
2026-10-05T03:29:15.652822Z,KXDOGE15M-26OCT042330-30,0.8000,28.00,no
2026-10-05T03:29:15.652822Z,KXDOGE15M-26OCT042330-30,0.8500,10.00,no
2026-10-05T03:29:15.652822Z,KXDOGE15M-26OCT042330-30,0.7900,248.45,no
2026-10-05T03:29:15.652822Z,KXDOGE15M-26OCT042330-30,0.8400,79.67,no
2026-10-05T03:29:15.670083Z,KXDOGE15M-26OCT042330-30,0.8100,5.00,no
2026-10-05T03:29:15.670083Z,KXDOGE15M-26OCT042330-30,0.8000,28.00,no
2026-10-05T03:29:15.670083Z,KXDOGE15M-26OCT042330-30,0.7900,72.03,no
2026-10-05T03:29:15.752494Z,KXDOGE15M-26OCT042330-30,0.8400,2.45,no
2026-10-05T03:29:15.809796Z,KXDOGE15M-26OCT042330-30,0.8800,1.34,yes
2026-10-05T03:29:15.809796Z,KXDOGE15M-26OCT042330-30,0.8800,1.00,yes
2026-10-05T03:29:15.809796Z,KXDOGE15M-26OCT042330-30,0.8800,1.00,yes
2026-10-05T03:29:15.881829Z,KXDOGE15M-26OCT042330-30,0.8400,25.71,no
2026-10-05T03:29:15.889034Z,KXDOGE15M-26OCT042330-30,0.8400,1.92,no
2026-10-05T03:29:15.889034Z,KXDOGE15M-26OCT042330-30,0.8400,3.29,no
2026-10-05T03:29:15.920448Z,KXDOGE15M-26OCT042330-30,0.8800,0.01,yes
2026-10-05T03:29:15.97408Z,KXDOGE15M-26OCT042330-30,0.8500,6.41,no
2026-10-05T03:29:16.012409Z,KXDOGE15M-26OCT042330-30,0.8800,8.00,yes
2026-10-05T03:29:16.033256Z,KXDOGE15M-26OCT042330-30,0.8400,0.03,no
2026-10-05T03:29:16.033256Z,KXDOGE15M-26OCT042330-30,0.8400,34.48,no
2026-10-05T03:29:16.033256Z,KXDOGE15M-26OCT042330-30,0.8500,5.00,no
2026-10-05T03:29:16.033256Z,KXDOGE15M-26OCT042330-30,0.8500,3.59,no
2026-10-05T03:29:16.068049Z,KXDOGE15M-26OCT042330-30,0.8800,1.75,yes
2026-10-05T03:29:16.252393Z,KXDOGE15M-26OCT042330-30,0.8700,25.00,no
2026-10-05T03:29:16.252393Z,KXDOGE15M-26OCT042330-30,0.8700,7.58,no
2026-10-05T03:29:16.252393Z,KXDOGE15M-26OCT042330-30,0.8700,50.00,no
2026-10-05T03:29:16.327711Z,KXDOGE15M-26OCT042330-30,0.8700,5.91,no
2026-10-05T03:29:16.449272Z,KXDOGE15M-26OCT042330-30,0.8900,1.00,yes
2026-10-05T03:29:16.449272Z,KXDOGE15M-26OCT042330-30,0.8900,24.86,yes
2026-10-05T03:29:16.449272Z,KXDOGE15M-26OCT042330-30,0.8900,1.00,yes
2026-10-05T03:29:16.449272Z,KXDOGE15M-26OCT042330-30,0.8900,1.00,yes
2026-10-05T03:29:16.592904Z,KXDOGE15M-26OCT042330-30,0.8700,7.00,no
2026-10-05T03:29:16.592904Z,KXDOGE15M-26OCT042330-30,0.8800,33.00,no
2026-10-05T03:29:16.592904Z,KXDOGE15M-26OCT042330-30,0.8800,10.00,no
2026-10-05T03:29:16.608628Z,KXDOGE15M-26OCT042330-30,0.8700,14.50,no
2026-10-05T03:29:16.645331Z,KXDOGE15M-26OCT042330-30,0.9000,2.00,yes
2026-10-05T03:29:16.645331Z,KXDOGE15M-26OCT042330-30,0.9000,10.00,yes
2026-10-05T03:29:16.645331Z,KXDOGE15M-26OCT042330-30,0.9100,2.00,yes
2026-10-05T03:29:16.645331Z,KXDOGE15M-26OCT042330-30,0.9100,2.82,yes
2026-10-05T03:29:16.645331Z,KXDOGE15M-26OCT042330-30,0.9000,5.00,yes
2026-10-05T03:29:16.645331Z,KXDOGE15M-26OCT042330-30,0.9000,2.00,yes
2026-10-05T03:29:16.645331Z,KXDOGE15M-26OCT042330-30,0.9000,3.00,yes
2026-10-05T03:29:16.645331Z,KXDOGE15M-26OCT042330-30,0.9030,0.03,yes
2026-10-05T03:29:16.645331Z,KXDOGE15M-26OCT042330-30,0.8900,0.03,yes
2026-10-05T03:29:16.645331Z,KXDOGE15M-26OCT042330-30,0.9020,0.03,yes
2026-10-05T03:29:16.645331Z,KXDOGE15M-26OCT042330-30,0.9010,0.03,yes
2026-10-05T03:29:16.645331Z,KXDOGE15M-26OCT042330-30,0.9000,0.03,yes
2026-10-05T03:29:16.645331Z,KXDOGE15M-26OCT042330-30,0.9040,0.03,yes
2026-10-05T03:29:16.645331Z,KXDOGE15M-26OCT042330-30,0.9090,18.00,yes
2026-10-05T03:29:16.645331Z,KXDOGE15M-26OCT042330-30,0.9080,1.00,yes
2026-10-05T03:29:16.645331Z,KXDOGE15M-26OCT042330-30,0.9060,1.00,yes
2026-10-05T03:29:16.645331Z,KXDOGE15M-26OCT042330-30,0.9100,1.00,yes
2026-10-05T03:29:16.645331Z,KXDOGE15M-26OCT042330-30,0.9030,1.00,yes
2026-10-05T03:29:16.645331Z,KXDOGE15M-26OCT042330-30,0.9010,1.00,yes
2026-10-05T03:29:16.645331Z,KXDOGE15M-26OCT042330-30,0.9020,1.00,yes
2026-10-05T03:29:16.645331Z,KXDOGE15M-26OCT042330-30,0.9040,1.00,yes
2026-10-05T03:29:16.645331Z,KXDOGE15M-26OCT042330-30,0.9090,1.00,yes
2026-10-05T03:29:16.645331Z,KXDOGE15M-26OCT042330-30,0.9050,1.00,yes
2026-10-05T03:29:16.645331Z,KXDOGE15M-26OCT042330-30,0.9000,1.00,yes
2026-10-05T03:29:16.645331Z,KXDOGE15M-26OCT042330-30,0.9070,1.00,yes
2026-10-05T03:29:16.645331Z,KXDOGE15M-26OCT042330-30,0.9050,1.00,yes
2026-10-05T03:29:16.645331Z,KXDOGE15M-26OCT042330-30,0.9100,1.00,yes
2026-10-05T03:29:16.645331Z,KXDOGE15M-26OCT042330-30,0.9080,1.00,yes
2026-10-05T03:29:16.645331Z,KXDOGE15M-26OCT042330-30,0.9030,1.00,yes
2026-10-05T03:29:16.645331Z,KXDOGE15M-26OCT042330-30,0.9040,1.00,yes
2026-10-05T03:29:16.645331Z,KXDOGE15M-26OCT042330-30,0.9060,1.00,yes
2026-10-05T03:29:16.645331Z,KXDOGE15M-26OCT042330-30,0.9070,1.00,yes
2026-10-05T03:29:16.645331Z,KXDOGE15M-26OCT042330-30,0.9000,1.00,yes
2026-10-05T03:29:16.645331Z,KXDOGE15M-26OCT042330-30,0.9000,20.00,yes
2026-10-05T03:29:16.645331Z,KXDOGE15M-26OCT042330-30,0.9020,1.00,yes
2026-10-05T03:29:16.645331Z,KXDOGE15M-26OCT042330-30,0.9090,1.00,yes
2026-10-05T03:29:16.645331Z,KXDOGE15M-26OCT042330-30,0.9010,1.00,yes
2026-10-05T03:29:16.646624Z,KXDOGE15M-26OCT042330-30,0.8700,2.67,no
2026-10-05T03:29:16.844177Z,KXDOGE15M-26OCT042330-30,0.8900,4.16,yes
2026-10-05T03:29:16.844177Z,KXDOGE15M-26OCT042330-30,0.9090,5.84,yes
2026-10-05T03:29:16.914059Z,KXDOGE15M-26OCT042330-30,0.9090,12.16,yes
2026-10-05T03:29:16.914059Z,KXDOGE15M-26OCT042330-30,0.9090,15.12,yes
2026-10-05T03:29:16.994616Z,KXDOGE15M-26OCT042330-30,0.9100,5.00,yes
2026-10-05T03:29:16.994616Z,KXDOGE15M-26OCT042330-30,0.9100,18.18,yes
2026-10-05T03:29:16.994616Z,KXDOGE15M-26OCT042330-30,0.9100,1.00,yes
2026-10-05T03:29:16.994616Z,KXDOGE15M-26OCT042330-30,0.9090,5.84,yes
2026-10-05T03:29:16.994616Z,KXDOGE15M-26OCT042330-30,0.9090,9.88,yes
2026-10-05T03:29:16.994616Z,KXDOGE15M-26OCT042330-30,0.9090,12.16,yes
2026-10-05T03:29:16.994616Z,KXDOGE15M-26OCT042330-30,0.9130,1.00,yes
2026-10-05T03:29:16.994616Z,KXDOGE15M-26OCT042330-30,0.9140,1.00,yes
2026-10-05T03:29:16.994616Z,KXDOGE15M-26OCT042330-30,0.9110,1.00,yes
2026-10-05T03:29:16.994616Z,KXDOGE15M-26OCT042330-30,0.9120,1.00,yes
2026-10-05T03:29:16.994616Z,KXDOGE15M-26OCT042330-30,0.9150,25.22,yes
2026-10-05T03:29:16.994616Z,KXDOGE15M-26OCT042330-30,0.9120,1.00,yes
2026-10-05T03:29:16.994616Z,KXDOGE15M-26OCT042330-30,0.9110,1.00,yes
2026-10-05T03:29:16.994616Z,KXDOGE15M-26OCT042330-30,0.9150,1.00,yes
2026-10-05T03:29:16.994616Z,KXDOGE15M-26OCT042330-30,0.9130,1.00,yes
2026-10-05T03:29:16.994616Z,KXDOGE15M-26OCT042330-30,0.9140,1.00,yes
2026-10-05T03:29:17.000159Z,KXDOGE15M-26OCT042330-30,0.8800,10.00,no
2026-10-05T03:29:17.000159Z,KXDOGE15M-26OCT042330-30,0.8800,14.69,no
2026-10-05T03:29:17.034593Z,KXDOGE15M-26OCT042330-30,0.9130,0.03,yes
2026-10-05T03:29:17.034593Z,KXDOGE15M-26OCT042330-30,0.9120,0.03,yes
2026-10-05T03:29:17.034593Z,KXDOGE15M-26OCT042330-30,0.9090,0.03,yes
2026-10-05T03:29:17.034593Z,KXDOGE15M-26OCT042330-30,0.9110,0.03,yes
2026-10-05T03:29:17.034593Z,KXDOGE15M-26OCT042330-30,0.9100,0.03,yes
2026-10-05T03:29:17.034593Z,KXDOGE15M-26OCT042330-30,0.9140,0.03,yes
2026-10-05T03:29:17.034593Z,KXDOGE15M-26OCT042330-30,0.9150,7.82,yes
2026-10-05T03:29:17.064942Z,KXDOGE15M-26OCT042330-30,0.8900,7.25,no
2026-10-05T03:29:17.066339Z,KXDOGE15M-26OCT042330-30,0.9090,0.97,yes
2026-10-05T03:29:17.066339Z,KXDOGE15M-26OCT042330-30,0.9140,0.73,yes
2026-10-05T03:29:17.211671Z,KXDOGE15M-26OCT042330-30,0.9400,1.00,yes
2026-10-05T03:29:17.211671Z,KXDOGE15M-26OCT042330-30,0.9200,1.00,yes
2026-10-05T03:29:17.211671Z,KXDOGE15M-26OCT042330-30,0.9300,25.00,yes
2026-10-05T03:29:17.211671Z,KXDOGE15M-26OCT042330-30,0.9290,17.00,yes
2026-10-05T03:29:17.211671Z,KXDOGE15M-26OCT042330-30,0.9450,46.00,yes
2026-10-05T03:29:17.211671Z,KXDOGE15M-26OCT042330-30,0.9300,200.00,yes
2026-10-05T03:29:17.211671Z,KXDOGE15M-26OCT042330-30,0.9150,1.00,yes
2026-10-05T03:29:17.211671Z,KXDOGE15M-26OCT042330-30,0.9430,1.00,yes
2026-10-05T03:29:17.211671Z,KXDOGE15M-26OCT042330-30,0.9160,1.00,yes
2026-10-05T03:29:17.211671Z,KXDOGE15M-26OCT042330-30,0.9420,1.00,yes
2026-10-05T03:29:17.211671Z,KXDOGE15M-26OCT042330-30,0.9190,1.00,yes
2026-10-05T03:29:17.211671Z,KXDOGE15M-26OCT042330-30,0.9340,1.00,yes
2026-10-05T03:29:17.211671Z,KXDOGE15M-26OCT042330-30,0.9390,1.00,yes
2026-10-05T03:29:17.211671Z,KXDOGE15M-26OCT042330-30,0.9440,1.00,yes
2026-10-05T03:29:17.211671Z,KXDOGE15M-26OCT042330-30,0.9310,1.00,yes
2026-10-05T03:29:17.211671Z,KXDOGE15M-26OCT042330-30,0.9170,1.00,yes
2026-10-05T03:29:17.211671Z,KXDOGE15M-26OCT042330-30,0.9410,1.00,yes
2026-10-05T03:29:17.211671Z,KXDOGE15M-26OCT042330-30,0.9380,1.00,yes
2026-10-05T03:29:17.211671Z,KXDOGE15M-26OCT042330-30,0.9290,1.00,yes
2026-10-05T03:29:17.211671Z,KXDOGE15M-26OCT042330-30,0.9260,1.00,yes
2026-10-05T03:29:17.211671Z,KXDOGE15M-26OCT042330-30,0.9330,1.00,yes
2026-10-05T03:29:17.211671Z,KXDOGE15M-26OCT042330-30,0.9250,1.00,yes
2026-10-05T03:29:17.211671Z,KXDOGE15M-26OCT042330-30,0.9320,1.00,yes
2026-10-05T03:29:17.211671Z,KXDOGE15M-26OCT042330-30,0.9370,1.00,yes
2026-10-05T03:29:17.211671Z,KXDOGE15M-26OCT042330-30,0.9350,1.00,yes
2026-10-05T03:29:17.211671Z,KXDOGE15M-26OCT042330-30,0.9180,1.00,yes
2026-10-05T03:29:17.211671Z,KXDOGE15M-26OCT042330-30,0.9300,1.00,yes
2026-10-05T03:29:17.211671Z,KXDOGE15M-26OCT042330-30,0.9400,1.00,yes
2026-10-05T03:29:17.211671Z,KXDOGE15M-26OCT042330-30,0.9280,1.00,yes
2026-10-05T03:29:17.211671Z,KXDOGE15M-26OCT042330-30,0.9360,1.00,yes
2026-10-05T03:29:17.211671Z,KXDOGE15M-26OCT042330-30,0.9270,1.00,yes
2026-10-05T03:29:17.211671Z,KXDOGE15M-26OCT042330-30,0.9350,1.00,yes
2026-10-05T03:29:17.211671Z,KXDOGE15M-26OCT042330-30,0.9230,1.00,yes
2026-10-05T03:29:17.211671Z,KXDOGE15M-26OCT042330-30,0.9410,1.00,yes
2026-10-05T03:29:17.211671Z,KXDOGE15M-26OCT042330-30,0.9290,1.00,yes
2026-10-05T03:29:17.211671Z,KXDOGE15M-26OCT042330-30,0.9260,1.00,yes
2026-10-05T03:29:17.211671Z,KXDOGE15M-26OCT042330-30,0.9240,1.00,yes
2026-10-05T03:29:17.211671Z,KXDOGE15M-26OCT042330-30,0.9270,1.00,yes
2026-10-05T03:29:17.211671Z,KXDOGE15M-26OCT042330-30,0.9390,1.00,yes
2026-10-05T03:29:17.211671Z,KXDOGE15M-26OCT042330-30,0.9310,1.00,yes
2026-10-05T03:29:17.211671Z,KXDOGE15M-26OCT042330-30,0.9440,1.00,yes
2026-10-05T03:29:17.211671Z,KXDOGE15M-26OCT042330-30,0.9420,1.00,yes
2026-10-05T03:29:17.211671Z,KXDOGE15M-26OCT042330-30,0.9160,1.00,yes
2026-10-05T03:29:17.211671Z,KXDOGE15M-26OCT042330-30,0.9450,1.00,yes
2026-10-05T03:29:17.211671Z,KXDOGE15M-26OCT042330-30,0.9360,1.00,yes
2026-10-05T03:29:17.211671Z,KXDOGE15M-26OCT042330-30,0.9430,1.00,yes
2026-10-05T03:29:17.211671Z,KXDOGE15M-26OCT042330-30,0.9200,1.00,yes
2026-10-05T03:29:17.211671Z,KXDOGE15M-26OCT042330-30,0.9250,1.00,yes
2026-10-05T03:29:17.211671Z,KXDOGE15M-26OCT042330-30,0.9220,1.00,yes
2026-10-05T03:29:17.211671Z,KXDOGE15M-26OCT042330-30,0.9280,1.00,yes
2026-10-05T03:29:17.211671Z,KXDOGE15M-26OCT042330-30,0.9180,1.00,yes
2026-10-05T03:29:17.211671Z,KXDOGE15M-26OCT042330-30,0.9190,1.00,yes
2026-10-05T03:29:17.211671Z,KXDOGE15M-26OCT042330-30,0.9400,30.00,yes
2026-10-05T03:29:17.211671Z,KXDOGE15M-26OCT042330-30,0.9340,1.00,yes
2026-10-05T03:29:17.211671Z,KXDOGE15M-26OCT042330-30,0.9210,1.00,yes
2026-10-05T03:29:17.211671Z,KXDOGE15M-26OCT042330-30,0.9300,1.00,yes
2026-10-05T03:29:17.211671Z,KXDOGE15M-26OCT042330-30,0.9380,1.00,yes
2026-10-05T03:29:17.211671Z,KXDOGE15M-26OCT042330-30,0.9320,1.00,yes
2026-10-05T03:29:17.211671Z,KXDOGE15M-26OCT042330-30,0.9330,1.00,yes
2026-10-05T03:29:17.211671Z,KXDOGE15M-26OCT042330-30,0.9370,1.00,yes
2026-10-05T03:29:17.211671Z,KXDOGE15M-26OCT042330-30,0.9400,1.00,yes
2026-10-05T03:29:17.211671Z,KXDOGE15M-26OCT042330-30,0.9170,1.00,yes
2026-10-05T03:29:17.227116Z,KXDOGE15M-26OCT042330-30,0.9180,0.03,yes
2026-10-05T03:29:17.227116Z,KXDOGE15M-26OCT042330-30,0.9170,0.03,yes
2026-10-05T03:29:17.227116Z,KXDOGE15M-26OCT042330-30,0.9160,0.03,yes
2026-10-05T03:29:17.227116Z,KXDOGE15M-26OCT042330-30,0.9150,0.03,yes
2026-10-05T03:29:17.227116Z,KXDOGE15M-26OCT042330-30,0.9000,5.00,yes
2026-10-05T03:29:17.227116Z,KXDOGE15M-26OCT042330-30,0.9200,0.03,yes
2026-10-05T03:29:17.227116Z,KXDOGE15M-26OCT042330-30,0.9190,0.03,yes
2026-10-05T03:29:17.227116Z,KXDOGE15M-26OCT042330-30,0.9450,15.25,yes
2026-10-05T03:29:17.366511Z,KXDOGE15M-26OCT042330-30,0.8900,210.00,no
2026-10-05T03:29:17.366511Z,KXDOGE15M-26OCT042330-30,0.8700,0.03,no
2026-10-05T03:29:17.366511Z,KXDOGE15M-26OCT042330-30,0.8800,0.03,no
2026-10-05T03:29:17.366511Z,KXDOGE15M-26OCT042330-30,0.8900,0.03,no
2026-10-05T03:29:17.366511Z,KXDOGE15M-26OCT042330-30,0.8900,10.00,no
2026-10-05T03:29:17.366511Z,KXDOGE15M-26OCT042330-30,0.8800,5.00,no
2026-10-05T03:29:17.366511Z,KXDOGE15M-26OCT042330-30,0.8900,2.75,no
2026-10-05T03:29:17.366511Z,KXDOGE15M-26OCT042330-30,0.8700,32.34,no
2026-10-05T03:29:17.366511Z,KXDOGE15M-26OCT042330-30,0.8600,23.82,no
2026-10-05T03:29:17.366511Z,KXDOGE15M-26OCT042330-30,0.8800,10.00,no
2026-10-05T03:29:17.366511Z,KXDOGE15M-26OCT042330-30,0.8700,0.01,no
2026-10-05T03:29:17.423715Z,KXDOGE15M-26OCT042330-30,0.9450,1.00,yes
2026-10-05T03:29:17.497725Z,KXDOGE15M-26OCT042330-30,0.9450,10.00,yes
2026-10-05T03:29:17.603198Z,KXDOGE15M-26OCT042330-30,0.9450,57.07,yes
2026-10-05T03:29:17.623738Z,KXDOGE15M-26OCT042330-30,0.9450,15.00,yes
2026-10-05T03:29:17.660573Z,KXDOGE15M-26OCT042330-30,0.9010,0.03,no
2026-10-05T03:29:17.660573Z,KXDOGE15M-26OCT042330-30,0.9010,9.37,no
2026-10-05T03:29:17.660573Z,KXDOGE15M-26OCT042330-30,0.8600,8.17,no
2026-10-05T03:29:17.660573Z,KXDOGE15M-26OCT042330-30,0.9010,15.00,no
2026-10-05T03:29:17.660573Z,KXDOGE15M-26OCT042330-30,0.9000,0.03,no
2026-10-05T03:29:17.660573Z,KXDOGE15M-26OCT042330-30,0.9000,10.00,no
2026-10-05T03:29:17.660573Z,KXDOGE15M-26OCT042330-30,0.8700,0.03,no
2026-10-05T03:29:17.660573Z,KXDOGE15M-26OCT042330-30,0.8600,0.03,no
2026-10-05T03:29:17.660573Z,KXDOGE15M-26OCT042330-30,0.8700,32.00,no
2026-10-05T03:29:17.702412Z,KXDOGE15M-26OCT042330-30,0.9000,8.55,no
2026-10-05T03:29:17.835544Z,KXDOGE15M-26OCT042330-30,0.9450,2.10,yes
2026-10-05T03:29:17.853167Z,KXDOGE15M-26OCT042330-30,0.9450,1.61,yes
2026-10-05T03:29:17.879761Z,KXDOGE15M-26OCT042330-30,0.9450,3.00,yes
2026-10-05T03:29:17.931575Z,KXDOGE15M-26OCT042330-30,0.9450,4.00,yes
2026-10-05T03:29:17.95971Z,KXDOGE15M-26OCT042330-30,0.9450,23.19,yes
2026-10-05T03:29:17.982156Z,KXDOGE15M-26OCT042330-30,0.9450,7.00,yes
2026-10-05T03:29:17.989209Z,KXDOGE15M-26OCT042330-30,0.9450,1.00,yes
2026-10-05T03:29:18.067673Z,KXDOGE15M-26OCT042330-30,0.9450,0.03,yes
2026-10-05T03:29:18.067673Z,KXDOGE15M-26OCT042330-30,0.9460,0.11,yes
2026-10-05T03:29:18.067673Z,KXDOGE15M-26OCT042330-30,0.9450,1.50,yes
2026-10-05T03:29:18.116652Z,KXDOGE15M-26OCT042330-30,0.9460,0.03,yes
2026-10-05T03:29:18.116652Z,KXDOGE15M-26OCT042330-30,0.9470,0.03,yes
2026-10-05T03:29:18.116652Z,KXDOGE15M-26OCT042330-30,0.9470,1.00,yes
2026-10-05T03:29:18.116652Z,KXDOGE15M-26OCT042330-30,0.9460,0.89,yes
2026-10-05T03:29:18.116652Z,KXDOGE15M-26OCT042330-30,0.9460,1.50,yes
2026-10-05T03:29:18.116652Z,KXDOGE15M-26OCT042330-30,0.9470,1.50,yes
2026-10-05T03:29:18.187101Z,KXDOGE15M-26OCT042330-30,0.9500,1.00,yes
2026-10-05T03:29:18.187101Z,KXDOGE15M-26OCT042330-30,0.9600,4.00,yes
2026-10-05T03:29:18.187101Z,KXDOGE15M-26OCT042330-30,0.9550,20.00,yes
2026-10-05T03:29:18.187101Z,KXDOGE15M-26OCT042330-30,0.9600,10.00,yes
2026-10-05T03:29:18.187101Z,KXDOGE15M-26OCT042330-30,0.9490,0.03,yes
2026-10-05T03:29:18.187101Z,KXDOGE15M-26OCT042330-30,0.9500,0.03,yes
2026-10-05T03:29:18.187101Z,KXDOGE15M-26OCT042330-30,0.9480,0.03,yes
2026-10-05T03:29:18.187101Z,KXDOGE15M-26OCT042330-30,0.9550,1.00,yes
2026-10-05T03:29:18.187101Z,KXDOGE15M-26OCT042330-30,0.9570,1.00,yes
2026-10-05T03:29:18.187101Z,KXDOGE15M-26OCT042330-30,0.9530,1.00,yes
2026-10-05T03:29:18.187101Z,KXDOGE15M-26OCT042330-30,0.9520,1.00,yes
2026-10-05T03:29:18.187101Z,KXDOGE15M-26OCT042330-30,0.9610,1.00,yes
2026-10-05T03:29:18.187101Z,KXDOGE15M-26OCT042330-30,0.9560,1.00,yes
2026-10-05T03:29:18.187101Z,KXDOGE15M-26OCT042330-30,0.9510,1.00,yes
2026-10-05T03:29:18.187101Z,KXDOGE15M-26OCT042330-30,0.9600,1.00,yes
2026-10-05T03:29:18.187101Z,KXDOGE15M-26OCT042330-30,0.9500,1.00,yes
2026-10-05T03:29:18.187101Z,KXDOGE15M-26OCT042330-30,0.9480,1.00,yes
2026-10-05T03:29:18.187101Z,KXDOGE15M-26OCT042330-30,0.9540,1.00,yes
2026-10-05T03:29:18.187101Z,KXDOGE15M-26OCT042330-30,0.9580,1.00,yes
2026-10-05T03:29:18.187101Z,KXDOGE15M-26OCT042330-30,0.9590,1.00,yes
2026-10-05T03:29:18.187101Z,KXDOGE15M-26OCT042330-30,0.9490,1.00,yes
2026-10-05T03:29:18.187101Z,KXDOGE15M-26OCT042330-30,0.9640,3.00,yes
2026-10-05T03:29:18.187101Z,KXDOGE15M-26OCT042330-30,0.9490,1.50,yes
2026-10-05T03:29:18.187101Z,KXDOGE15M-26OCT042330-30,0.9650,9.00,yes
2026-10-05T03:29:18.187101Z,KXDOGE15M-26OCT042330-30,0.9600,3.00,yes
2026-10-05T03:29:18.187101Z,KXDOGE15M-26OCT042330-30,0.9660,9.00,yes
2026-10-05T03:29:18.187101Z,KXDOGE15M-26OCT042330-30,0.9690,3.81,yes
2026-10-05T03:29:18.187101Z,KXDOGE15M-26OCT042330-30,0.9630,3.00,yes
2026-10-05T03:29:18.187101Z,KXDOGE15M-26OCT042330-30,0.9680,9.00,yes
2026-10-05T03:29:18.187101Z,KXDOGE15M-26OCT042330-30,0.9590,3.00,yes
2026-10-05T03:29:18.187101Z,KXDOGE15M-26OCT042330-30,0.9610,3.00,yes
2026-10-05T03:29:18.187101Z,KXDOGE15M-26OCT042330-30,0.9480,1.50,yes
2026-10-05T03:29:18.187101Z,KXDOGE15M-26OCT042330-30,0.9670,9.00,yes
2026-10-05T03:29:18.187101Z,KXDOGE15M-26OCT042330-30,0.9620,3.00,yes
2026-10-05T03:29:18.187101Z,KXDOGE15M-26OCT042330-30,0.9560,3.00,yes
2026-10-05T03:29:18.187101Z,KXDOGE15M-26OCT042330-30,0.9580,3.00,yes
2026-10-05T03:29:18.187101Z,KXDOGE15M-26OCT042330-30,0.9550,3.00,yes
2026-10-05T03:29:18.187101Z,KXDOGE15M-26OCT042330-30,0.9570,3.00,yes
2026-10-05T03:29:18.187101Z,KXDOGE15M-26OCT042330-30,0.9600,200.00,yes
2026-10-05T03:29:18.187101Z,KXDOGE15M-26OCT042330-30,0.9670,1.00,yes
2026-10-05T03:29:18.187101Z,KXDOGE15M-26OCT042330-30,0.9630,1.00,yes
2026-10-05T03:29:18.187101Z,KXDOGE15M-26OCT042330-30,0.9680,1.00,yes
2026-10-05T03:29:18.187101Z,KXDOGE15M-26OCT042330-30,0.9640,1.00,yes
2026-10-05T03:29:18.187101Z,KXDOGE15M-26OCT042330-30,0.9620,1.00,yes
2026-10-05T03:29:18.187101Z,KXDOGE15M-26OCT042330-30,0.9650,1.00,yes
2026-10-05T03:29:18.187101Z,KXDOGE15M-26OCT042330-30,0.9660,1.00,yes
2026-10-05T03:29:18.187101Z,KXDOGE15M-26OCT042330-30,0.9690,1.00,yes
2026-10-05T03:29:18.187101Z,KXDOGE15M-26OCT042330-30,0.9500,3.00,yes
2026-10-05T03:29:18.187101Z,KXDOGE15M-26OCT042330-30,0.9570,1.00,yes
2026-10-05T03:29:18.187101Z,KXDOGE15M-26OCT042330-30,0.9500,1.00,yes
2026-10-05T03:29:18.344445Z,KXDOGE15M-26OCT042330-30,0.9140,0.03,no
2026-10-05T03:29:18.344445Z,KXDOGE15M-26OCT042330-30,0.9180,0.03,no
2026-10-05T03:29:18.344445Z,KXDOGE15M-26OCT042330-30,0.9110,27.00,no
2026-10-05T03:29:18.344445Z,KXDOGE15M-26OCT042330-30,0.9100,78.98,no
2026-10-05T03:29:18.344445Z,KXDOGE15M-26OCT042330-30,0.9490,54.00,no
2026-10-05T03:29:18.476123Z,KXDOGE15M-26OCT042330-30,0.9190,14.88,no
2026-10-05T03:29:18.476123Z,KXDOGE15M-26OCT042330-30,0.9480,0.03,no
2026-10-05T03:29:18.508477Z,KXDOGE15M-26OCT042330-30,0.9180,11.32,no
2026-10-05T03:29:18.556442Z,KXDOGE15M-26OCT042330-30,0.9160,24.00,no
2026-10-05T03:29:18.556442Z,KXDOGE15M-26OCT042330-30,0.9150,1.23,no
2026-10-05T03:29:18.556442Z,KXDOGE15M-26OCT042330-30,0.9180,1.73,no
2026-10-05T03:29:18.556442Z,KXDOGE15M-26OCT042330-30,0.9200,93.00,no
2026-10-05T03:29:18.556542Z,KXDOGE15M-26OCT042330-30,0.8900,10.00,no
2026-10-05T03:29:18.556542Z,KXDOGE15M-26OCT042330-30,0.9100,131.02,no
2026-10-05T03:29:18.556542Z,KXDOGE15M-26OCT042330-30,0.9150,8.77,no
2026-10-05T03:29:18.556542Z,KXDOGE15M-26OCT042330-30,0.9020,10.00,no
2026-10-05T03:29:18.556542Z,KXDOGE15M-26OCT042330-30,0.8700,27.76,no
2026-10-05T03:29:18.556542Z,KXDOGE15M-26OCT042330-30,0.8900,1.00,no
2026-10-05T03:29:18.556542Z,KXDOGE15M-26OCT042330-30,0.8900,29.83,no
2026-10-05T03:29:18.556542Z,KXDOGE15M-26OCT042330-30,0.9020,1.45,no
2026-10-05T03:29:18.677938Z,KXDOGE15M-26OCT042330-30,0.9580,1.61,yes
2026-10-05T03:29:18.809256Z,KXDOGE15M-26OCT042330-30,0.9580,0.03,yes
2026-10-05T03:29:18.809256Z,KXDOGE15M-26OCT042330-30,0.9640,24.00,yes
2026-10-05T03:29:18.809256Z,KXDOGE15M-26OCT042330-30,0.9650,30.17,yes
2026-10-05T03:29:19.009598Z,KXDOGE15M-26OCT042330-30,0.9590,0.03,yes
2026-10-05T03:29:19.077606Z,KXDOGE15M-26OCT042330-30,0.9590,1.61,yes
2026-10-05T03:29:19.133158Z,KXDOGE15M-26OCT042330-30,0.9590,79.00,yes
2026-10-05T03:29:19.143186Z,KXDOGE15M-26OCT042330-30,0.9490,4.00,no
2026-10-05T03:29:19.151057Z,KXDOGE15M-26OCT042330-30,0.9490,1.00,no
2026-10-05T03:29:19.15879Z,KXDOGE15M-26OCT042330-30,0.9490,1.00,no
2026-10-05T03:29:19.198794Z,KXDOGE15M-26OCT042330-30,0.9590,10.29,yes
2026-10-05T03:29:19.203076Z,KXDOGE15M-26OCT042330-30,0.9590,1.00,yes
2026-10-05T03:29:19.230078Z,KXDOGE15M-26OCT042330-30,0.9590,6.00,yes
2026-10-05T03:29:19.273805Z,KXDOGE15M-26OCT042330-30,0.9590,0.80,yes
2026-10-05T03:29:19.348694Z,KXDOGE15M-26OCT042330-30,0.9590,104.17,yes
2026-10-05T03:29:19.533149Z,KXDOGE15M-26OCT042330-30,0.9170,5.02,no
2026-10-05T03:29:19.533149Z,KXDOGE15M-26OCT042330-30,0.9490,1.45,no
2026-10-05T03:29:19.533149Z,KXDOGE15M-26OCT042330-30,0.9490,4.00,no
2026-10-05T03:29:19.616207Z,KXDOGE15M-26OCT042330-30,0.9590,88.38,yes
2026-10-05T03:29:19.634537Z,KXDOGE15M-26OCT042330-30,0.9590,146.11,yes
2026-10-05T03:29:19.648934Z,KXDOGE15M-26OCT042330-30,0.9590,107.00,yes
2026-10-05T03:29:19.746052Z,KXDOGE15M-26OCT042330-30,0.9590,1.00,yes
2026-10-05T03:29:19.786476Z,KXDOGE15M-26OCT042330-30,0.9130,39.17,no
2026-10-05T03:29:20.083015Z,KXDOGE15M-26OCT042330-30,0.9580,6.43,yes
2026-10-05T03:29:20.083015Z,KXDOGE15M-26OCT042330-30,0.9580,0.03,yes
2026-10-05T03:29:20.109533Z,KXDOGE15M-26OCT042330-30,0.9590,0.03,yes
2026-10-05T03:29:20.109533Z,KXDOGE15M-26OCT042330-30,0.9590,54.61,yes
2026-10-05T03:29:20.205135Z,KXDOGE15M-26OCT042330-30,0.9700,1.00,yes
2026-10-05T03:29:20.205135Z,KXDOGE15M-26OCT042330-30,0.9700,3.61,yes
2026-10-05T03:29:20.205135Z,KXDOGE15M-26OCT042330-30,0.9680,1.00,yes
2026-10-05T03:29:20.205135Z,KXDOGE15M-26OCT042330-30,0.9690,22.00,yes
2026-10-05T03:29:20.205135Z,KXDOGE15M-26OCT042330-30,0.9690,0.03,yes
2026-10-05T03:29:20.205135Z,KXDOGE15M-26OCT042330-30,0.9700,1.00,yes
2026-10-05T03:29:20.205135Z,KXDOGE15M-26OCT042330-30,0.9690,1.00,yes
2026-10-05T03:29:20.23951Z,KXDOGE15M-26OCT042330-30,0.9600,1.34,no
2026-10-05T03:29:20.257032Z,KXDOGE15M-26OCT042330-30,0.9000,6.87,no
2026-10-05T03:29:20.257032Z,KXDOGE15M-26OCT042330-30,0.9600,10.02,no
2026-10-05T03:29:20.298188Z,KXDOGE15M-26OCT042330-30,0.9670,6.61,yes
2026-10-05T03:29:20.371725Z,KXDOGE15M-26OCT042330-30,0.9700,11.97,yes
2026-10-05T03:29:20.371725Z,KXDOGE15M-26OCT042330-30,0.9680,0.03,yes
2026-10-05T03:29:20.529782Z,KXDOGE15M-26OCT042330-30,0.9700,9.42,yes
2026-10-05T03:29:20.529782Z,KXDOGE15M-26OCT042330-30,0.9730,0.03,yes
2026-10-05T03:29:20.529782Z,KXDOGE15M-26OCT042330-30,0.9740,0.03,yes
2026-10-05T03:29:20.529782Z,KXDOGE15M-26OCT042330-30,0.9710,0.03,yes
2026-10-05T03:29:20.529782Z,KXDOGE15M-26OCT042330-30,0.9720,0.03,yes
2026-10-05T03:29:20.529782Z,KXDOGE15M-26OCT042330-30,0.9700,0.03,yes
2026-10-05T03:29:20.529782Z,KXDOGE15M-26OCT042330-30,0.9700,20.00,yes
2026-10-05T03:29:20.529782Z,KXDOGE15M-26OCT042330-30,0.9750,12.34,yes
2026-10-05T03:29:20.529782Z,KXDOGE15M-26OCT042330-30,0.9710,1.00,yes
2026-10-05T03:29:20.529782Z,KXDOGE15M-26OCT042330-30,0.9720,1.00,yes
2026-10-05T03:29:20.529782Z,KXDOGE15M-26OCT042330-30,0.9730,1.00,yes
2026-10-05T03:29:20.529782Z,KXDOGE15M-26OCT042330-30,0.9740,1.00,yes
2026-10-05T03:29:20.529782Z,KXDOGE15M-26OCT042330-30,0.9750,1.00,yes
2026-10-05T03:29:21.088505Z,KXDOGE15M-26OCT042330-30,0.9740,6.40,yes
2026-10-05T03:29:21.128022Z,KXDOGE15M-26OCT042330-30,0.9680,28.87,no
2026-10-05T03:29:21.15463Z,KXDOGE15M-26OCT042330-30,0.9680,9.00,no
2026-10-05T03:29:21.578104Z,KXDOGE15M-26OCT042330-30,0.9680,6.00,no
2026-10-05T03:29:21.588489Z,KXDOGE15M-26OCT042330-30,0.9680,1.00,no
2026-10-05T03:29:21.815311Z,KXDOGE15M-26OCT042330-30,0.9740,0.03,yes
2026-10-05T03:29:21.815311Z,KXDOGE15M-26OCT042330-30,0.9740,22.00,yes
2026-10-05T03:29:21.815311Z,KXDOGE15M-26OCT042330-30,0.9750,116.46,yes
2026-10-05T03:29:21.90959Z,KXDOGE15M-26OCT042330-30,0.9680,50.00,no
2026-10-05T03:29:21.90959Z,KXDOGE15M-26OCT042330-30,0.9680,0.01,no
2026-10-05T03:29:21.90959Z,KXDOGE15M-26OCT042330-30,0.9580,2.00,no
2026-10-05T03:29:21.90959Z,KXDOGE15M-26OCT042330-30,0.9680,5.13,no
2026-10-05T03:29:22.221226Z,KXDOGE15M-26OCT042330-30,0.9740,0.03,yes
2026-10-05T03:29:22.221226Z,KXDOGE15M-26OCT042330-30,0.9740,8.97,yes
2026-10-05T03:29:22.346467Z,KXDOGE15M-26OCT042330-30,0.9750,6.40,yes
2026-10-05T03:29:22.474368Z,KXDOGE15M-26OCT042330-30,0.9740,0.03,yes
2026-10-05T03:29:22.474368Z,KXDOGE15M-26OCT042330-30,0.9740,1.94,yes
2026-10-05T03:29:22.474368Z,KXDOGE15M-26OCT042330-30,0.9730,0.03,yes
2026-10-05T03:29:22.557546Z,KXDOGE15M-26OCT042330-30,0.9750,19.80,yes
2026-10-05T03:29:22.557546Z,KXDOGE15M-26OCT042330-30,0.9750,0.03,yes
2026-10-05T03:29:22.557546Z,KXDOGE15M-26OCT042330-30,0.9750,64.80,yes
2026-10-05T03:29:22.557546Z,KXDOGE15M-26OCT042330-30,0.9750,6.00,yes
2026-10-05T03:29:22.82664Z,KXDOGE15M-26OCT042330-30,0.9420,27.86,no
2026-10-05T03:29:23.167464Z,KXDOGE15M-26OCT042330-30,0.9680,1.00,yes
2026-10-05T03:29:23.190975Z,KXDOGE15M-26OCT042330-30,0.9510,6.48,no
2026-10-05T03:29:23.190975Z,KXDOGE15M-26OCT042330-30,0.9500,28.32,no
2026-10-05T03:29:23.258307Z,KXDOGE15M-26OCT042330-30,0.9680,0.03,yes
2026-10-05T03:29:23.258307Z,KXDOGE15M-26OCT042330-30,0.9680,206.52,yes
2026-10-05T03:29:23.420362Z,KXDOGE15M-26OCT042330-30,0.9740,5.00,no
2026-10-05T03:29:23.42648Z,KXDOGE15M-26OCT042330-30,0.9740,2.00,no
2026-10-05T03:29:23.472249Z,KXDOGE15M-26OCT042330-30,0.9760,0.80,yes
2026-10-05T03:29:23.491882Z,KXDOGE15M-26OCT042330-30,0.9790,1.00,yes
2026-10-05T03:29:23.491882Z,KXDOGE15M-26OCT042330-30,0.9800,4.14,yes
2026-10-05T03:29:23.491882Z,KXDOGE15M-26OCT042330-30,0.9790,19.00,yes
2026-10-05T03:29:23.491882Z,KXDOGE15M-26OCT042330-30,0.9780,0.03,yes
2026-10-05T03:29:23.491882Z,KXDOGE15M-26OCT042330-30,0.9760,0.03,yes
2026-10-05T03:29:23.491882Z,KXDOGE15M-26OCT042330-30,0.9790,0.03,yes
2026-10-05T03:29:23.491882Z,KXDOGE15M-26OCT042330-30,0.9770,0.03,yes
2026-10-05T03:29:23.491882Z,KXDOGE15M-26OCT042330-30,0.9790,3.00,yes
2026-10-05T03:29:23.491882Z,KXDOGE15M-26OCT042330-30,0.9800,1.00,yes
2026-10-05T03:29:23.491882Z,KXDOGE15M-26OCT042330-30,0.9770,6.00,yes
2026-10-05T03:29:23.491882Z,KXDOGE15M-26OCT042330-30,0.9800,3.00,yes
2026-10-05T03:29:23.491882Z,KXDOGE15M-26OCT042330-30,0.9780,3.00,yes
2026-10-05T03:29:23.491882Z,KXDOGE15M-26OCT042330-30,0.9760,6.00,yes
2026-10-05T03:29:23.491882Z,KXDOGE15M-26OCT042330-30,0.9770,1.00,yes
2026-10-05T03:29:23.491882Z,KXDOGE15M-26OCT042330-30,0.9780,1.00,yes
2026-10-05T03:29:23.491882Z,KXDOGE15M-26OCT042330-30,0.9760,0.20,yes
2026-10-05T03:29:23.491882Z,KXDOGE15M-26OCT042330-30,0.9790,1.00,yes
2026-10-05T03:29:23.796823Z,KXDOGE15M-26OCT042330-30,0.9740,6.41,no
2026-10-05T03:29:23.841003Z,KXDOGE15M-26OCT042330-30,0.9790,0.99,yes
2026-10-05T03:29:23.981411Z,KXDOGE15M-26OCT042330-30,0.9740,36.00,no
2026-10-05T03:29:24.067655Z,KXDOGE15M-26OCT042330-30,0.9800,6.34,yes
2026-10-05T03:29:24.067655Z,KXDOGE15M-26OCT042330-30,0.9790,0.03,yes
2026-10-05T03:29:24.067655Z,KXDOGE15M-26OCT042330-30,0.9770,0.03,yes
2026-10-05T03:29:24.260444Z,KXDOGE15M-26OCT042330-30,0.9750,0.22,no
2026-10-05T03:29:24.359553Z,KXDOGE15M-26OCT042330-30,0.9750,13.42,no
2026-10-05T03:29:24.359553Z,KXDOGE15M-26OCT042330-30,0.9750,22.58,no
2026-10-05T03:29:24.445601Z,KXDOGE15M-26OCT042330-30,0.9740,36.00,no
2026-10-05T03:29:24.521052Z,KXDOGE15M-26OCT042330-30,0.9740,6.29,no
2026-10-05T03:29:24.525691Z,KXDOGE15M-26OCT042330-30,0.9740,15.38,no
2026-10-05T03:29:24.700058Z,KXDOGE15M-26OCT042330-30,0.9790,1.82,yes
2026-10-05T03:29:24.734282Z,KXDOGE15M-26OCT042330-30,0.9740,10.29,no
2026-10-05T03:29:24.746277Z,KXDOGE15M-26OCT042330-30,0.9740,12.00,no
2026-10-05T03:29:24.772904Z,KXDOGE15M-26OCT042330-30,0.9800,10.00,yes
2026-10-05T03:29:24.855799Z,KXDOGE15M-26OCT042330-30,0.9800,29.52,yes
2026-10-05T03:29:24.855799Z,KXDOGE15M-26OCT042330-30,0.9800,6.56,yes
2026-10-05T03:29:24.855799Z,KXDOGE15M-26OCT042330-30,0.9850,3.65,yes
2026-10-05T03:29:24.855799Z,KXDOGE15M-26OCT042330-30,0.9830,0.03,yes
2026-10-05T03:29:24.855799Z,KXDOGE15M-26OCT042330-30,0.9820,0.03,yes
2026-10-05T03:29:24.855799Z,KXDOGE15M-26OCT042330-30,0.9850,0.03,yes
2026-10-05T03:29:24.855799Z,KXDOGE15M-26OCT042330-30,0.9810,0.03,yes
2026-10-05T03:29:24.855799Z,KXDOGE15M-26OCT042330-30,0.9840,0.03,yes
2026-10-05T03:29:24.855799Z,KXDOGE15M-26OCT042330-30,0.9850,5.00,yes
2026-10-05T03:29:24.855799Z,KXDOGE15M-26OCT042330-30,0.9820,1.00,yes
2026-10-05T03:29:24.855799Z,KXDOGE15M-26OCT042330-30,0.9810,1.00,yes
2026-10-05T03:29:24.855799Z,KXDOGE15M-26OCT042330-30,0.9840,1.00,yes
2026-10-05T03:29:24.855799Z,KXDOGE15M-26OCT042330-30,0.9830,1.00,yes
2026-10-05T03:29:24.855799Z,KXDOGE15M-26OCT042330-30,0.9850,1.00,yes
2026-10-05T03:29:25.019812Z,KXDOGE15M-26OCT042330-30,0.9750,9.70,no
2026-10-05T03:29:25.019812Z,KXDOGE15M-26OCT042330-30,0.9750,10.00,no
2026-10-05T03:29:25.273896Z,KXDOGE15M-26OCT042330-30,0.9850,1.00,yes
2026-10-05T03:29:25.380866Z,KXDOGE15M-26OCT042330-30,0.9840,6.00,yes
2026-10-05T03:29:25.419955Z,KXDOGE15M-26OCT042330-30,0.9850,10.10,yes
2026-10-05T03:29:25.419955Z,KXDOGE15M-26OCT042330-30,0.9850,0.03,yes
2026-10-05T03:29:25.575002Z,KXDOGE15M-26OCT042330-30,0.9760,2.86,no
2026-10-05T03:29:25.656815Z,KXDOGE15M-26OCT042330-30,0.9860,4.16,yes
2026-10-05T03:29:25.656815Z,KXDOGE15M-26OCT042330-30,0.9860,3.00,yes
2026-10-05T03:29:25.656815Z,KXDOGE15M-26OCT042330-30,0.9860,5.00,yes
2026-10-05T03:29:25.656815Z,KXDOGE15M-26OCT042330-30,0.9860,1.00,yes
2026-10-05T03:29:25.743934Z,KXDOGE15M-26OCT042330-30,0.9740,24.57,no
2026-10-05T03:29:25.743934Z,KXDOGE15M-26OCT042330-30,0.9750,33.00,no
2026-10-05T03:29:25.743934Z,KXDOGE15M-26OCT042330-30,0.9760,4.14,no
2026-10-05T03:29:25.743934Z,KXDOGE15M-26OCT042330-30,0.9750,0.03,no
2026-10-05T03:29:25.743934Z,KXDOGE15M-26OCT042330-30,0.9750,3.00,no
2026-10-05T03:29:25.743934Z,KXDOGE15M-26OCT042330-30,0.9760,4.00,no
2026-10-05T03:29:25.914744Z,KXDOGE15M-26OCT042330-30,0.9740,87.18,no
2026-10-05T03:29:25.979744Z,KXDOGE15M-26OCT042330-30,0.9750,0.80,no
2026-10-05T03:29:25.979744Z,KXDOGE15M-26OCT042330-30,0.9750,9.00,no
2026-10-05T03:29:25.980534Z,KXDOGE15M-26OCT042330-30,0.9740,16.13,no
2026-10-05T03:29:25.980534Z,KXDOGE15M-26OCT042330-30,0.9750,32.20,no
2026-10-05T03:29:26.159896Z,KXDOGE15M-26OCT042330-30,0.9760,4.00,no
2026-10-05T03:29:26.159896Z,KXDOGE15M-26OCT042330-30,0.9750,0.03,no
2026-10-05T03:29:26.159896Z,KXDOGE15M-26OCT042330-30,0.9750,33.00,no
2026-10-05T03:29:26.159896Z,KXDOGE15M-26OCT042330-30,0.9740,27.97,no
2026-10-05T03:29:26.302679Z,KXDOGE15M-26OCT042330-30,0.9860,85.98,yes
2026-10-05T03:29:26.385179Z,KXDOGE15M-26OCT042330-30,0.9750,33.00,no
2026-10-05T03:29:26.385179Z,KXDOGE15M-26OCT042330-30,0.9770,69.00,no
2026-10-05T03:29:26.385179Z,KXDOGE15M-26OCT042330-30,0.9740,7.27,no
2026-10-05T03:29:26.483207Z,KXDOGE15M-26OCT042330-30,0.9770,0.03,no
2026-10-05T03:29:26.483207Z,KXDOGE15M-26OCT042330-30,0.9750,0.03,no
2026-10-05T03:29:26.483207Z,KXDOGE15M-26OCT042330-30,0.9750,17.00,no
2026-10-05T03:29:26.483207Z,KXDOGE15M-26OCT042330-30,0.9740,100.96,no
2026-10-05T03:29:26.483207Z,KXDOGE15M-26OCT042330-30,0.9740,10.98,no
2026-10-05T03:29:26.529923Z,KXDOGE15M-26OCT042330-30,0.9740,76.97,no
2026-10-05T03:29:26.744189Z,KXDOGE15M-26OCT042330-30,0.9750,26.00,no
2026-10-05T03:29:26.744189Z,KXDOGE15M-26OCT042330-30,0.9740,8.64,no
2026-10-05T03:29:26.902174Z,KXDOGE15M-26OCT042330-30,0.9750,0.03,no
2026-10-05T03:29:26.929586Z,KXDOGE15M-26OCT042330-30,0.9750,5.00,yes
2026-10-05T03:29:26.937462Z,KXDOGE15M-26OCT042330-30,0.9750,3.00,yes
2026-10-05T03:29:26.950811Z,KXDOGE15M-26OCT042330-30,0.9530,2.00,no
2026-10-05T03:29:26.950811Z,KXDOGE15M-26OCT042330-30,0.9740,0.01,no
2026-10-05T03:29:26.950811Z,KXDOGE15M-26OCT042330-30,0.9520,8.67,no
2026-10-05T03:29:26.950811Z,KXDOGE15M-26OCT042330-30,0.9740,0.03,no
2026-10-05T03:29:26.950811Z,KXDOGE15M-26OCT042330-30,0.9740,3.41,no
2026-10-05T03:29:26.950811Z,KXDOGE15M-26OCT042330-30,0.9600,1.76,no
2026-10-05T03:29:27.085309Z,KXDOGE15M-26OCT042330-30,0.9750,2.80,yes
2026-10-05T03:29:27.233842Z,KXDOGE15M-26OCT042330-30,0.9750,1.00,yes
2026-10-05T03:29:27.555795Z,KXDOGE15M-26OCT042330-30,0.9750,1.00,yes
2026-10-05T03:29:27.6328Z,KXDOGE15M-26OCT042330-30,0.9500,17.22,no
2026-10-05T03:29:27.6328Z,KXDOGE15M-26OCT042330-30,0.9700,1.74,no
2026-10-05T03:29:27.6328Z,KXDOGE15M-26OCT042330-30,0.9520,0.33,no
2026-10-05T03:29:27.6328Z,KXDOGE15M-26OCT042330-30,0.9700,0.03,no
2026-10-05T03:29:28.17101Z,KXDOGE15M-26OCT042330-30,0.9710,11.00,no
2026-10-05T03:29:28.17101Z,KXDOGE15M-26OCT042330-30,0.9700,3.16,no
2026-10-05T03:29:28.17101Z,KXDOGE15M-26OCT042330-30,0.9700,0.03,no
2026-10-05T03:29:28.17101Z,KXDOGE15M-26OCT042330-30,0.9500,5.69,no
2026-10-05T03:29:28.172371Z,KXDOGE15M-26OCT042330-30,0.9750,12.65,yes
2026-10-05T03:29:28.172371Z,KXDOGE15M-26OCT042330-30,0.9740,0.03,yes
2026-10-05T03:29:28.214312Z,KXDOGE15M-26OCT042330-30,0.9750,1.80,yes
2026-10-05T03:29:28.214312Z,KXDOGE15M-26OCT042330-30,0.9750,0.03,yes
2026-10-05T03:29:28.239953Z,KXDOGE15M-26OCT042330-30,0.9770,70.00,yes
2026-10-05T03:29:28.454859Z,KXDOGE15M-26OCT042330-30,0.9770,0.03,yes
2026-10-05T03:29:28.454859Z,KXDOGE15M-26OCT042330-30,0.9870,3.00,yes
2026-10-05T03:29:28.454859Z,KXDOGE15M-26OCT042330-30,0.9870,0.03,yes
2026-10-05T03:29:28.454859Z,KXDOGE15M-26OCT042330-30,0.9880,2.20,yes
2026-10-05T03:29:28.454859Z,KXDOGE15M-26OCT042330-30,0.9870,1.00,yes
2026-10-05T03:29:28.454859Z,KXDOGE15M-26OCT042330-30,0.9870,5.00,yes
2026-10-05T03:29:28.597321Z,KXDOGE15M-26OCT042330-30,0.9880,4.00,yes
2026-10-05T03:29:28.600254Z,KXDOGE15M-26OCT042330-30,0.9700,3.16,no
2026-10-05T03:29:28.600254Z,KXDOGE15M-26OCT042330-30,0.9710,0.03,no
2026-10-05T03:29:28.600254Z,KXDOGE15M-26OCT042330-30,0.9700,0.03,no
2026-10-05T03:29:28.600254Z,KXDOGE15M-26OCT042330-30,0.9710,10.00,no
2026-10-05T03:29:28.600254Z,KXDOGE15M-26OCT042330-30,0.9500,5.73,no
2026-10-05T03:29:28.956975Z,KXDOGE15M-26OCT042330-30,0.9870,10.00,yes
2026-10-05T03:29:29.022252Z,KXDOGE15M-26OCT042330-30,0.9870,0.03,yes
2026-10-05T03:29:29.022252Z,KXDOGE15M-26OCT042330-30,0.9870,8.00,yes
2026-10-05T03:29:29.022252Z,KXDOGE15M-26OCT042330-30,0.9870,10.00,yes
2026-10-05T03:29:29.022252Z,KXDOGE15M-26OCT042330-30,0.9880,21.97,yes
2026-10-05T03:29:29.82405Z,KXDOGE15M-26OCT042330-30,0.9880,28.47,yes
2026-10-05T03:29:30.018286Z,KXDOGE15M-26OCT042330-30,0.9880,33.00,yes
2026-10-05T03:29:30.018286Z,KXDOGE15M-26OCT042330-30,0.9870,95.00,yes
2026-10-05T03:29:30.018286Z,KXDOGE15M-26OCT042330-30,0.9870,18.00,yes
2026-10-05T03:29:30.045258Z,KXDOGE15M-26OCT042330-30,0.9880,2.00,yes
2026-10-05T03:29:30.092632Z,KXDOGE15M-26OCT042330-30,0.9880,1.00,yes
2026-10-05T03:29:30.13141Z,KXDOGE15M-26OCT042330-30,0.9880,1.97,yes
2026-10-05T03:29:30.13141Z,KXDOGE15M-26OCT042330-30,0.9870,18.00,yes
2026-10-05T03:29:30.13141Z,KXDOGE15M-26OCT042330-30,0.9870,0.03,yes
2026-10-05T03:29:30.240914Z,KXDOGE15M-26OCT042330-30,0.9810,36.36,no
2026-10-05T03:29:30.245446Z,KXDOGE15M-26OCT042330-30,0.9880,20.00,yes
2026-10-05T03:29:30.276996Z,KXDOGE15M-26OCT042330-30,0.9750,3.70,no
2026-10-05T03:29:30.276996Z,KXDOGE15M-26OCT042330-30,0.9750,0.03,no
2026-10-05T03:29:30.276996Z,KXDOGE15M-26OCT042330-30,0.9800,0.01,no
2026-10-05T03:29:30.415636Z,KXDOGE15M-26OCT042330-30,0.9880,54.27,yes
2026-10-05T03:29:30.606031Z,KXDOGE15M-26OCT042330-30,0.9750,16.30,no
2026-10-05T03:29:30.606031Z,KXDOGE15M-26OCT042330-30,0.9750,10.00,no
2026-10-05T03:29:30.606031Z,KXDOGE15M-26OCT042330-30,0.9710,1.00,no
2026-10-05T03:29:30.606031Z,KXDOGE15M-26OCT042330-30,0.9730,3.00,no
2026-10-05T03:29:30.606031Z,KXDOGE15M-26OCT042330-30,0.9730,0.03,no
2026-10-05T03:29:30.62441Z,KXDOGE15M-26OCT042330-30,0.9880,2.00,yes
2026-10-05T03:29:31.062163Z,KXDOGE15M-26OCT042330-30,0.9860,82.00,yes
2026-10-05T03:29:31.293915Z,KXDOGE15M-26OCT042330-30,0.9560,33.61,no
2026-10-05T03:29:31.434818Z,KXDOGE15M-26OCT042330-30,0.9560,19.43,no
2026-10-05T03:29:31.676491Z,KXDOGE15M-26OCT042330-30,0.9880,2.76,yes
2026-10-05T03:29:31.728825Z,KXDOGE15M-26OCT042330-30,0.9880,8.00,yes
2026-10-05T03:29:31.817816Z,KXDOGE15M-26OCT042330-30,0.9580,0.36,no
2026-10-05T03:29:31.988948Z,KXDOGE15M-26OCT042330-30,0.9600,22.31,no
2026-10-05T03:29:32.049736Z,KXDOGE15M-26OCT042330-30,0.9600,44.62,no
2026-10-05T03:29:32.075587Z,KXDOGE15M-26OCT042330-30,0.9870,6.99,yes
2026-10-05T03:29:32.353857Z,KXDOGE15M-26OCT042330-30,0.9860,0.03,yes
2026-10-05T03:29:32.353857Z,KXDOGE15M-26OCT042330-30,0.9870,0.03,yes
2026-10-05T03:29:32.353857Z,KXDOGE15M-26OCT042330-30,0.9870,4.94,yes
2026-10-05T03:29:32.462061Z,KXDOGE15M-26OCT042330-30,0.9640,5.10,no
2026-10-05T03:29:32.595918Z,KXDOGE15M-26OCT042330-30,0.9650,120.00,no
2026-10-05T03:29:32.595918Z,KXDOGE15M-26OCT042330-30,0.9630,0.03,no
2026-10-05T03:29:32.595918Z,KXDOGE15M-26OCT042330-30,0.9640,4.90,no
2026-10-05T03:29:32.603843Z,KXDOGE15M-26OCT042330-30,0.9600,48.00,yes
2026-10-05T03:29:32.609892Z,KXDOGE15M-26OCT042330-30,0.9600,32.00,yes
2026-10-05T03:29:32.618653Z,KXDOGE15M-26OCT042330-30,0.9600,20.00,yes
2026-10-05T03:29:32.634267Z,KXDOGE15M-26OCT042330-30,0.9600,0.07,yes
2026-10-05T03:29:32.635585Z,KXDOGE15M-26OCT042330-30,0.9880,5.00,yes
2026-10-05T03:29:32.635585Z,KXDOGE15M-26OCT042330-30,0.9870,3.00,yes
2026-10-05T03:29:32.635585Z,KXDOGE15M-26OCT042330-30,0.9860,18.00,yes
2026-10-05T03:29:32.829575Z,KXDOGE15M-26OCT042330-30,0.9600,2.54,no
2026-10-05T03:29:33.024773Z,KXDOGE15M-26OCT042330-30,0.9600,0.03,no
2026-10-05T03:29:33.024773Z,KXDOGE15M-26OCT042330-30,0.9510,12.80,no
2026-10-05T03:29:33.024773Z,KXDOGE15M-26OCT042330-30,0.9600,7.39,no
2026-10-05T03:29:33.024773Z,KXDOGE15M-26OCT042330-30,0.9580,0.03,no
2026-10-05T03:29:33.024773Z,KXDOGE15M-26OCT042330-30,0.9580,0.01,no
2026-10-05T03:29:33.054705Z,KXDOGE15M-26OCT042330-30,0.9880,13.36,yes
2026-10-05T03:29:33.054705Z,KXDOGE15M-26OCT042330-30,0.9880,11.17,yes
2026-10-05T03:29:33.054705Z,KXDOGE15M-26OCT042330-30,0.9880,0.03,yes
2026-10-05T03:29:33.070506Z,KXDOGE15M-26OCT042330-30,0.9890,8.88,yes
2026-10-05T03:29:33.130889Z,KXDOGE15M-26OCT042330-30,0.9880,31.00,no
2026-10-05T03:29:33.224372Z,KXDOGE15M-26OCT042330-30,0.9890,5.40,yes
2026-10-05T03:29:33.315981Z,KXDOGE15M-26OCT042330-30,0.9890,2.00,yes
2026-10-05T03:29:33.315981Z,KXDOGE15M-26OCT042330-30,0.9890,1.00,yes
2026-10-05T03:29:33.315981Z,KXDOGE15M-26OCT042330-30,0.9890,2.00,yes
2026-10-05T03:29:33.315981Z,KXDOGE15M-26OCT042330-30,0.9890,5.72,yes
2026-10-05T03:29:33.315981Z,KXDOGE15M-26OCT042330-30,0.9890,100.00,yes
2026-10-05T03:29:33.315981Z,KXDOGE15M-26OCT042330-30,0.9890,10.00,yes
2026-10-05T03:29:33.315981Z,KXDOGE15M-26OCT042330-30,0.9900,200.00,yes
2026-10-05T03:29:33.315981Z,KXDOGE15M-26OCT042330-30,0.9900,5.00,yes
2026-10-05T03:29:33.315981Z,KXDOGE15M-26OCT042330-30,0.9910,5.00,yes
2026-10-05T03:29:33.315981Z,KXDOGE15M-26OCT042330-30,0.9920,5.00,yes
2026-10-05T03:29:33.315981Z,KXDOGE15M-26OCT042330-30,0.9890,3.00,yes
2026-10-05T03:29:33.315981Z,KXDOGE15M-26OCT042330-30,0.9900,3.00,yes
2026-10-05T03:29:33.315981Z,KXDOGE15M-26OCT042330-30,0.9890,18.00,yes
2026-10-05T03:29:33.315981Z,KXDOGE15M-26OCT042330-30,0.9900,3.34,yes
2026-10-05T03:29:33.315981Z,KXDOGE15M-26OCT042330-30,0.9900,0.03,yes
2026-10-05T03:29:33.315981Z,KXDOGE15M-26OCT042330-30,0.9920,0.03,yes
2026-10-05T03:29:33.315981Z,KXDOGE15M-26OCT042330-30,0.9890,0.03,yes
2026-10-05T03:29:33.315981Z,KXDOGE15M-26OCT042330-30,0.9910,0.03,yes
2026-10-05T03:29:33.315981Z,KXDOGE15M-26OCT042330-30,0.9900,2.99,yes
2026-10-05T03:29:33.315981Z,KXDOGE15M-26OCT042330-30,0.9900,19.00,yes
2026-10-05T03:29:33.315981Z,KXDOGE15M-26OCT042330-30,0.9900,3.52,yes
2026-10-05T03:29:33.315981Z,KXDOGE15M-26OCT042330-30,0.9900,12.37,yes
2026-10-05T03:29:33.315981Z,KXDOGE15M-26OCT042330-30,0.9900,1.32,yes
2026-10-05T03:29:33.315981Z,KXDOGE15M-26OCT042330-30,0.9890,1.00,yes
2026-10-05T03:29:33.353973Z,KXDOGE15M-26OCT042330-30,0.9920,129.00,no
2026-10-05T03:29:33.360689Z,KXDOGE15M-26OCT042330-30,0.9920,52.00,no
2026-10-05T03:29:33.366884Z,KXDOGE15M-26OCT042330-30,0.9920,21.00,no
2026-10-05T03:29:33.372656Z,KXDOGE15M-26OCT042330-30,0.9920,7.00,no
2026-10-05T03:29:33.379991Z,KXDOGE15M-26OCT042330-30,0.9950,1.00,yes
2026-10-05T03:29:33.379991Z,KXDOGE15M-26OCT042330-30,0.9930,5.00,yes
2026-10-05T03:29:33.379991Z,KXDOGE15M-26OCT042330-30,0.9950,2.75,yes
2026-10-05T03:29:33.379991Z,KXDOGE15M-26OCT042330-30,0.9940,5.00,yes
2026-10-05T03:29:33.379991Z,KXDOGE15M-26OCT042330-30,0.9940,0.03,yes
2026-10-05T03:29:33.379991Z,KXDOGE15M-26OCT042330-30,0.9940,3.00,yes
2026-10-05T03:29:33.379991Z,KXDOGE15M-26OCT042330-30,0.9930,3.00,yes
2026-10-05T03:29:33.379991Z,KXDOGE15M-26OCT042330-30,0.9930,0.03,yes
2026-10-05T03:29:33.471898Z,KXDOGE15M-26OCT042330-30,0.9920,89.85,no
2026-10-05T03:29:33.50592Z,KXDOGE15M-26OCT042330-30,0.9930,3.00,yes
2026-10-05T03:29:33.50592Z,KXDOGE15M-26OCT042330-30,0.9940,33.00,yes
2026-10-05T03:29:33.543326Z,KXDOGE15M-26OCT042330-30,0.9920,36.00,no
2026-10-05T03:29:33.634344Z,KXDOGE15M-26OCT042330-30,0.9920,2.00,no
2026-10-05T03:29:33.733905Z,KXDOGE15M-26OCT042330-30,0.9920,30.70,no
2026-10-05T03:29:33.841735Z,KXDOGE15M-26OCT042330-30,0.9940,41.12,yes
2026-10-05T03:29:33.879347Z,KXDOGE15M-26OCT042330-30,0.9930,2.01,yes
2026-10-05T03:29:33.887491Z,KXDOGE15M-26OCT042330-30,0.9920,205.23,no
2026-10-05T03:29:34.158492Z,KXDOGE15M-26OCT042330-30,0.9920,4.07,no
2026-10-05T03:29:34.158492Z,KXDOGE15M-26OCT042330-30,0.9920,5.00,no
2026-10-05T03:29:34.158492Z,KXDOGE15M-26OCT042330-30,0.9920,0.03,no
2026-10-05T03:29:34.158492Z,KXDOGE15M-26OCT042330-30,0.9920,31.90,no
2026-10-05T03:29:34.180267Z,KXDOGE15M-26OCT042330-30,0.9930,14.50,yes
2026-10-05T03:29:34.235661Z,KXDOGE15M-26OCT042330-30,0.9930,0.03,yes
2026-10-05T03:29:34.235661Z,KXDOGE15M-26OCT042330-30,0.9930,24.00,yes
2026-10-05T03:29:34.235661Z,KXDOGE15M-26OCT042330-30,0.9930,23.49,yes
2026-10-05T03:29:34.370307Z,KXDOGE15M-26OCT042330-30,0.9930,0.93,no
2026-10-05T03:29:34.370307Z,KXDOGE15M-26OCT042330-30,0.9930,2.75,no
2026-10-05T03:29:34.370307Z,KXDOGE15M-26OCT042330-30,0.9790,6.72,no
2026-10-05T03:29:34.370307Z,KXDOGE15M-26OCT042330-30,0.9930,0.48,no
2026-10-05T03:29:34.370307Z,KXDOGE15M-26OCT042330-30,0.9900,5.00,no
2026-10-05T03:29:34.370307Z,KXDOGE15M-26OCT042330-30,0.9910,5.00,no
2026-10-05T03:29:34.370307Z,KXDOGE15M-26OCT042330-30,0.9920,3.00,no
2026-10-05T03:29:34.370307Z,KXDOGE15M-26OCT042330-30,0.9890,5.00,no
2026-10-05T03:29:34.403936Z,KXDOGE15M-26OCT042330-30,0.9830,0.80,no
2026-10-05T03:29:34.472876Z,KXDOGE15M-26OCT042330-30,0.9950,2.25,yes
2026-10-05T03:29:34.472876Z,KXDOGE15M-26OCT042330-30,0.9960,5.00,yes
2026-10-05T03:29:34.472876Z,KXDOGE15M-26OCT042330-30,0.9970,5.00,yes
2026-10-05T03:29:34.472876Z,KXDOGE15M-26OCT042330-30,0.9970,1.00,yes
2026-10-05T03:29:34.472876Z,KXDOGE15M-26OCT042330-30,0.9940,19.00,yes
2026-10-05T03:29:34.472876Z,KXDOGE15M-26OCT042330-30,0.9940,74.00,yes
2026-10-05T03:29:34.472876Z,KXDOGE15M-26OCT042330-30,0.9950,0.03,yes
2026-10-05T03:29:34.472876Z,KXDOGE15M-26OCT042330-30,0.9960,0.03,yes
2026-10-05T03:29:34.472876Z,KXDOGE15M-26OCT042330-30,0.9960,3.00,yes
2026-10-05T03:29:34.472876Z,KXDOGE15M-26OCT042330-30,0.9950,3.00,yes
2026-10-05T03:29:34.472876Z,KXDOGE15M-26OCT042330-30,0.9940,8.88,yes
2026-10-05T03:29:34.472876Z,KXDOGE15M-26OCT042330-30,0.9950,83.00,yes
2026-10-05T03:29:34.472876Z,KXDOGE15M-26OCT042330-30,0.9960,1.00,yes
2026-10-05T03:29:34.472876Z,KXDOGE15M-26OCT042330-30,0.9960,1.00,yes
2026-10-05T03:29:34.472876Z,KXDOGE15M-26OCT042330-30,0.9960,1.00,yes
2026-10-05T03:29:34.472876Z,KXDOGE15M-26OCT042330-30,0.9960,1.00,yes
2026-10-05T03:29:34.472876Z,KXDOGE15M-26OCT042330-30,0.9960,1.00,yes
2026-10-05T03:29:34.472876Z,KXDOGE15M-26OCT042330-30,0.9950,11.00,yes
2026-10-05T03:29:34.472876Z,KXDOGE15M-26OCT042330-30,0.9960,13.00,yes
2026-10-05T03:29:34.472876Z,KXDOGE15M-26OCT042330-30,0.9970,4.71,yes
2026-10-05T03:29:34.911592Z,KXDOGE15M-26OCT042330-30,0.9920,54.58,yes
2026-10-05T03:29:35.043703Z,KXDOGE15M-26OCT042330-30,0.9920,9.05,yes
2026-10-05T03:29:35.165455Z,KXDOGE15M-26OCT042330-30,0.9880,5.00,no
2026-10-05T03:29:35.165455Z,KXDOGE15M-26OCT042330-30,0.9880,2.25,no
2026-10-05T03:29:35.165455Z,KXDOGE15M-26OCT042330-30,0.9830,9.20,no
2026-10-05T03:29:35.165455Z,KXDOGE15M-26OCT042330-30,0.9830,0.03,no
2026-10-05T03:29:35.165455Z,KXDOGE15M-26OCT042330-30,0.9880,5.00,no
2026-10-05T03:29:35.165455Z,KXDOGE15M-26OCT042330-30,0.9790,5.81,no
2026-10-05T03:29:35.165455Z,KXDOGE15M-26OCT042330-30,0.9880,0.03,no
2026-10-05T03:29:35.228023Z,KXDOGE15M-26OCT042330-30,0.9910,5.00,yes
2026-10-05T03:29:35.853236Z,KXDOGE15M-26OCT042330-30,0.9970,12.28,yes
2026-10-05T03:29:35.853236Z,KXDOGE15M-26OCT042330-30,0.9940,0.03,yes
2026-10-05T03:29:35.853236Z,KXDOGE15M-26OCT042330-30,0.9930,24.00,yes
2026-10-05T03:29:35.853236Z,KXDOGE15M-26OCT042330-30,0.9940,83.00,yes
2026-10-05T03:29:35.853236Z,KXDOGE15M-26OCT042330-30,0.9960,83.00,yes
2026-10-05T03:29:35.853236Z,KXDOGE15M-26OCT042330-30,0.9930,0.03,yes
2026-10-05T03:29:35.853236Z,KXDOGE15M-26OCT042330-30,0.9960,0.03,yes
2026-10-05T03:29:35.853236Z,KXDOGE15M-26OCT042330-30,0.9970,10.00,yes
2026-10-05T03:29:35.853236Z,KXDOGE15M-26OCT042330-30,0.9970,2.00,yes
2026-10-05T03:29:35.853236Z,KXDOGE15M-26OCT042330-30,0.9970,2.00,yes
2026-10-05T03:29:35.853236Z,KXDOGE15M-26OCT042330-30,0.9970,2.00,yes
2026-10-05T03:29:35.853236Z,KXDOGE15M-26OCT042330-30,0.9970,2.00,yes
2026-10-05T03:29:35.853236Z,KXDOGE15M-26OCT042330-30,0.9970,2.00,yes
2026-10-05T03:29:35.853236Z,KXDOGE15M-26OCT042330-30,0.9970,13.29,yes
2026-10-05T03:29:35.910477Z,KXDOGE15M-26OCT042330-30,0.9820,49.25,no
2026-10-05T03:29:36.051951Z,KXDOGE15M-26OCT042330-30,0.9860,20.80,no
2026-10-05T03:29:36.079922Z,KXDOGE15M-26OCT042330-30,0.9920,21.00,yes
2026-10-05T03:29:36.079922Z,KXDOGE15M-26OCT042330-30,0.9920,8.34,yes
2026-10-05T03:29:36.251039Z,KXDOGE15M-26OCT042330-30,0.9930,16.00,yes
2026-10-05T03:29:36.350497Z,KXDOGE15M-26OCT042330-30,0.9930,8.05,yes
2026-10-05T03:29:36.359027Z,KXDOGE15M-26OCT042330-30,0.9980,233.33,yes
2026-10-05T03:29:36.359027Z,KXDOGE15M-26OCT042330-30,0.9940,19.00,yes
2026-10-05T03:29:36.359027Z,KXDOGE15M-26OCT042330-30,0.9950,83.00,yes
2026-10-05T03:29:36.359027Z,KXDOGE15M-26OCT042330-30,0.9930,58.95,yes
2026-10-05T03:29:36.359027Z,KXDOGE15M-26OCT042330-30,0.9970,187.72,yes
2026-10-05T03:29:36.388743Z,KXDOGE15M-26OCT042330-30,0.9910,41.00,yes
2026-10-05T03:29:36.40824Z,KXDOGE15M-26OCT042330-30,0.9880,14.04,no
2026-10-05T03:29:36.40824Z,KXDOGE15M-26OCT042330-30,0.9900,41.00,no
2026-10-05T03:29:36.460505Z,KXDOGE15M-26OCT042330-30,0.9910,1.00,yes
2026-10-05T03:29:36.601197Z,KXDOGE15M-26OCT042330-30,0.9860,37.73,no
2026-10-05T03:29:36.601197Z,KXDOGE15M-26OCT042330-30,0.9880,26.96,no
2026-10-05T03:29:36.792738Z,KXDOGE15M-26OCT042330-30,0.9880,0.76,no
2026-10-05T03:29:36.85777Z,KXDOGE15M-26OCT042330-30,0.9910,8.00,yes
2026-10-05T03:29:36.864739Z,KXDOGE15M-26OCT042330-30,0.9910,4.00,yes
2026-10-05T03:29:37.058524Z,KXDOGE15M-26OCT042330-30,0.9910,130.67,yes
2026-10-05T03:29:37.061612Z,KXDOGE15M-26OCT042330-30,0.9910,250.00,yes
2026-10-05T03:29:37.063852Z,KXDOGE15M-26OCT042330-30,0.9910,15.00,yes
2026-10-05T03:29:37.070709Z,KXDOGE15M-26OCT042330-30,0.9910,8.00,yes
2026-10-05T03:29:37.074572Z,KXDOGE15M-26OCT042330-30,0.9910,2.01,yes
2026-10-05T03:29:37.16914Z,KXDOGE15M-26OCT042330-30,0.9870,29.59,no
2026-10-05T03:29:37.16914Z,KXDOGE15M-26OCT042330-30,0.9880,40.24,no
2026-10-05T03:29:37.220321Z,KXDOGE15M-26OCT042330-30,0.9880,41.00,no
2026-10-05T03:29:37.220321Z,KXDOGE15M-26OCT042330-30,0.9870,135.72,no
2026-10-05T03:29:37.766406Z,KXDOGE15M-26OCT042330-30,0.9900,41.00,no
2026-10-05T03:29:37.766406Z,KXDOGE15M-26OCT042330-30,0.9900,0.03,no
2026-10-05T03:29:37.766406Z,KXDOGE15M-26OCT042330-30,0.9900,40.00,no
2026-10-05T03:29:37.766406Z,KXDOGE15M-26OCT042330-30,0.9900,30.00,no
2026-10-05T03:29:37.766406Z,KXDOGE15M-26OCT042330-30,0.9900,25.63,no
2026-10-05T03:29:37.810222Z,KXDOGE15M-26OCT042330-30,0.9910,40.00,yes
2026-10-05T03:29:37.832439Z,KXDOGE15M-26OCT042330-30,0.9910,68.02,yes
2026-10-05T03:29:38.149856Z,KXDOGE15M-26OCT042330-30,0.9810,100.00,no
2026-10-05T03:29:38.149856Z,KXDOGE15M-26OCT042330-30,0.9900,41.00,no
2026-10-05T03:29:38.149856Z,KXDOGE15M-26OCT042330-30,0.9900,7.33,no
2026-10-05T03:29:38.149856Z,KXDOGE15M-26OCT042330-30,0.9900,161.37,no
2026-10-05T03:29:38.149856Z,KXDOGE15M-26OCT042330-30,0.9890,0.03,no
2026-10-05T03:29:38.149856Z,KXDOGE15M-26OCT042330-30,0.9860,0.01,no
2026-10-05T03:29:38.149856Z,KXDOGE15M-26OCT042330-30,0.9890,1.00,no
2026-10-05T03:29:38.149856Z,KXDOGE15M-26OCT042330-30,0.9850,0.03,no
2026-10-05T03:29:38.149856Z,KXDOGE15M-26OCT042330-30,0.9900,2.00,no
2026-10-05T03:29:38.149856Z,KXDOGE15M-26OCT042330-30,0.9900,3.00,no
2026-10-05T03:29:38.149856Z,KXDOGE15M-26OCT042330-30,0.9900,0.03,no
2026-10-05T03:29:38.149856Z,KXDOGE15M-26OCT042330-30,0.9610,0.86,no
2026-10-05T03:29:38.149856Z,KXDOGE15M-26OCT042330-30,0.9860,0.03,no
2026-10-05T03:29:38.149856Z,KXDOGE15M-26OCT042330-30,0.9820,20.00,no
2026-10-05T03:29:38.149856Z,KXDOGE15M-26OCT042330-30,0.9850,10.00,no
2026-10-05T03:29:38.170793Z,KXDOGE15M-26OCT042330-30,0.9900,42.00,yes
2026-10-05T03:29:38.461323Z,KXDOGE15M-26OCT042330-30,0.9900,7.33,no
2026-10-05T03:29:38.791181Z,KXDOGE15M-26OCT042330-30,0.9910,0.03,yes
2026-10-05T03:29:38.791181Z,KXDOGE15M-26OCT042330-30,0.9930,19.22,yes
2026-10-05T03:29:38.791181Z,KXDOGE15M-26OCT042330-30,0.9930,24.00,yes
2026-10-05T03:29:38.791181Z,KXDOGE15M-26OCT042330-30,0.9910,32.30,yes
2026-10-05T03:29:38.841913Z,KXDOGE15M-26OCT042330-30,0.9900,20.00,yes
2026-10-05T03:29:38.861746Z,KXDOGE15M-26OCT042330-30,0.9900,450.00,yes
2026-10-05T03:29:38.863102Z,KXDOGE15M-26OCT042330-30,0.9900,2.29,yes
2026-10-05T03:29:39.110201Z,KXDOGE15M-26OCT042330-30,0.9900,7.00,yes
2026-10-05T03:29:39.117451Z,KXDOGE15M-26OCT042330-30,0.9900,3.00,yes
2026-10-05T03:29:39.120942Z,KXDOGE15M-26OCT042330-30,0.9900,25.00,yes
2026-10-05T03:29:39.124015Z,KXDOGE15M-26OCT042330-30,0.9900,2.00,yes
2026-10-05T03:29:39.129095Z,KXDOGE15M-26OCT042330-30,0.9900,1.00,yes
2026-10-05T03:29:39.134291Z,KXDOGE15M-26OCT042330-30,0.9900,1.00,yes
2026-10-05T03:29:39.173696Z,KXDOGE15M-26OCT042330-30,0.9900,88.71,yes
2026-10-05T03:29:39.456404Z,KXDOGE15M-26OCT042330-30,0.9860,72.78,no
2026-10-05T03:29:39.843958Z,KXDOGE15M-26OCT042330-30,0.9910,39.42,no
2026-10-05T03:29:40.025906Z,KXDOGE15M-26OCT042330-30,0.9940,11.00,yes
2026-10-05T03:29:40.04788Z,KXDOGE15M-26OCT042330-30,0.9940,72.00,yes
2026-10-05T03:29:40.04788Z,KXDOGE15M-26OCT042330-30,0.9940,13.00,yes
2026-10-05T03:29:40.04788Z,KXDOGE15M-26OCT042330-30,0.9940,15.00,yes
2026-10-05T03:29:40.175873Z,KXDOGE15M-26OCT042330-30,0.9930,50.00,no
2026-10-05T03:29:40.699543Z,KXDOGE15M-26OCT042330-30,0.9960,8.02,yes
2026-10-05T03:29:40.769755Z,KXDOGE15M-26OCT042330-30,0.9930,124.84,no
2026-10-05T03:29:40.963741Z,KXDOGE15M-26OCT042330-30,0.9940,68.58,no
2026-10-05T03:29:40.963741Z,KXDOGE15M-26OCT042330-30,0.9940,65.00,no
2026-10-05T03:29:41.017312Z,KXDOGE15M-26OCT042330-30,0.9950,13.35,no
2026-10-05T03:29:41.052229Z,KXDOGE15M-26OCT042330-30,0.9950,20.00,no
2026-10-05T03:29:41.052229Z,KXDOGE15M-26OCT042330-30,0.9950,9.65,no
2026-10-05T03:29:41.061258Z,KXDOGE15M-26OCT042330-30,0.9960,40.00,yes
2026-10-05T03:29:41.554126Z,KXDOGE15M-26OCT042330-30,0.9930,179.90,no
2026-10-05T03:29:41.569727Z,KXDOGE15M-26OCT042330-30,0.9930,45.26,no
2026-10-05T03:29:41.569727Z,KXDOGE15M-26OCT042330-30,0.9930,219.91,no
2026-10-05T03:29:41.947963Z,KXDOGE15M-26OCT042330-30,0.9960,20.07,yes
2026-10-05T03:29:41.983199Z,KXDOGE15M-26OCT042330-30,0.9930,0.01,no
2026-10-05T03:29:41.983199Z,KXDOGE15M-26OCT042330-30,0.9930,3.00,no
2026-10-05T03:29:41.983199Z,KXDOGE15M-26OCT042330-30,0.9930,530.09,no
2026-10-05T03:29:42.059861Z,KXDOGE15M-26OCT042330-30,0.9960,256.00,yes
2026-10-05T03:29:42.070025Z,KXDOGE15M-26OCT042330-30,0.9960,1.00,yes
2026-10-05T03:29:42.137773Z,KXDOGE15M-26OCT042330-30,0.9950,31.48,no
2026-10-05T03:29:42.333696Z,KXDOGE15M-26OCT042330-30,0.9950,33.99,no
2026-10-05T03:29:42.441006Z,KXDOGE15M-26OCT042330-30,0.9960,100.37,yes
2026-10-05T03:29:42.900705Z,KXDOGE15M-26OCT042330-30,0.9960,1.41,yes
2026-10-05T03:29:43.057372Z,KXDOGE15M-26OCT042330-30,0.9960,99.00,yes
2026-10-05T03:29:43.077607Z,KXDOGE15M-26OCT042330-30,0.9950,15.77,no
2026-10-05T03:29:43.094275Z,KXDOGE15M-26OCT042330-30,0.9960,16.00,yes
2026-10-05T03:29:43.10087Z,KXDOGE15M-26OCT042330-30,0.9960,11.00,yes
2026-10-05T03:29:43.106326Z,KXDOGE15M-26OCT042330-30,0.9960,7.00,yes
2026-10-05T03:29:43.111868Z,KXDOGE15M-26OCT042330-30,0.9960,5.00,yes
2026-10-05T03:29:43.282318Z,KXDOGE15M-26OCT042330-30,0.9950,38.00,no
2026-10-05T03:29:43.282318Z,KXDOGE15M-26OCT042330-30,0.9950,64.76,no
2026-10-05T03:29:43.408809Z,KXDOGE15M-26OCT042330-30,0.9910,44.90,no
2026-10-05T03:29:43.408809Z,KXDOGE15M-26OCT042330-30,0.9910,8.00,no
2026-10-05T03:29:43.408809Z,KXDOGE15M-26OCT042330-30,0.9920,80.00,no
2026-10-05T03:29:43.488331Z,KXDOGE15M-26OCT042330-30,0.9900,1.44,no
2026-10-05T03:29:43.488331Z,KXDOGE15M-26OCT042330-30,0.9900,1.42,no
2026-10-05T03:29:43.488331Z,KXDOGE15M-26OCT042330-30,0.9900,0.33,no
2026-10-05T03:29:43.488331Z,KXDOGE15M-26OCT042330-30,0.9900,20.00,no
2026-10-05T03:29:43.712405Z,KXDOGE15M-26OCT042330-30,0.9980,63.80,yes
2026-10-05T03:29:43.712405Z,KXDOGE15M-26OCT042330-30,0.9970,3.00,yes
2026-10-05T03:29:43.712405Z,KXDOGE15M-26OCT042330-30,0.9960,35.13,yes
2026-10-05T03:29:43.712405Z,KXDOGE15M-26OCT042330-30,0.9940,12.00,yes
2026-10-05T03:29:43.712405Z,KXDOGE15M-26OCT042330-30,0.9950,14.00,yes
2026-10-05T03:29:43.712405Z,KXDOGE15M-26OCT042330-30,0.9970,8.00,yes
2026-10-05T03:29:43.712405Z,KXDOGE15M-26OCT042330-30,0.9960,0.03,yes
2026-10-05T03:29:43.712405Z,KXDOGE15M-26OCT042330-30,0.9950,0.03,yes
2026-10-05T03:29:43.712405Z,KXDOGE15M-26OCT042330-30,0.9970,0.03,yes
2026-10-05T03:29:43.712405Z,KXDOGE15M-26OCT042330-30,0.9950,35.00,yes
2026-10-05T03:29:44.050506Z,KXDOGE15M-26OCT042330-30,0.9980,102.87,yes
2026-10-05T03:29:44.050506Z,KXDOGE15M-26OCT042330-30,0.9980,72.13,yes
2026-10-05T03:29:44.050506Z,KXDOGE15M-26OCT042330-30,0.9970,117.00,yes
2026-10-05T03:29:44.050506Z,KXDOGE15M-26OCT042330-30,0.9970,8.00,yes
2026-10-05T03:29:44.212174Z,KXDOGE15M-26OCT042330-30,0.9980,27.87,yes
2026-10-05T03:29:44.212174Z,KXDOGE15M-26OCT042330-30,0.9980,5.00,yes
2026-10-05T03:29:44.212174Z,KXDOGE15M-26OCT042330-30,0.9980,3.00,yes
2026-10-05T03:29:44.212174Z,KXDOGE15M-26OCT042330-30,0.9980,26.00,yes
2026-10-05T03:29:44.212174Z,KXDOGE15M-26OCT042330-30,0.9980,0.83,yes
2026-10-05T03:29:44.239163Z,KXDOGE15M-26OCT042330-30,0.9950,86.00,no
2026-10-05T03:29:44.239163Z,KXDOGE15M-26OCT042330-30,0.9940,89.03,no
2026-10-05T03:29:44.239163Z,KXDOGE15M-26OCT042330-30,0.9960,5.00,no
2026-10-05T03:29:44.440401Z,KXDOGE15M-26OCT042330-30,0.9960,8.53,no
2026-10-05T03:29:44.440401Z,KXDOGE15M-26OCT042330-30,0.9960,0.03,no
2026-10-05T03:29:44.685664Z,KXDOGE15M-26OCT042330-30,0.9960,66.00,no
2026-10-05T03:29:44.685664Z,KXDOGE15M-26OCT042330-30,0.9950,162.79,no
2026-10-05T03:29:45.030834Z,KXDOGE15M-26OCT042330-30,0.9980,77.00,yes
2026-10-05T03:29:45.030834Z,KXDOGE15M-26OCT042330-30,0.9980,3.00,yes
2026-10-05T03:29:45.030834Z,KXDOGE15M-26OCT042330-30,0.9970,8.00,yes
2026-10-05T03:29:45.030834Z,KXDOGE15M-26OCT042330-30,0.9970,41.00,yes
2026-10-05T03:29:45.030834Z,KXDOGE15M-26OCT042330-30,0.9980,52.18,yes
2026-10-05T03:29:45.030834Z,KXDOGE15M-26OCT042330-30,0.9980,3.00,yes
2026-10-05T03:29:45.030834Z,KXDOGE15M-26OCT042330-30,0.9980,2.17,yes
2026-10-05T03:29:45.030834Z,KXDOGE15M-26OCT042330-30,0.9980,3.00,yes
2026-10-05T03:29:45.030834Z,KXDOGE15M-26OCT042330-30,0.9980,3.00,yes
2026-10-05T03:29:45.096773Z,KXDOGE15M-26OCT042330-30,0.9960,11.00,no
2026-10-05T03:29:45.152552Z,KXDOGE15M-26OCT042330-30,0.9940,69.00,no
2026-10-05T03:29:45.152552Z,KXDOGE15M-26OCT042330-30,0.9950,0.03,no
2026-10-05T03:29:45.152552Z,KXDOGE15M-26OCT042330-30,0.9970,48.00,no
2026-10-05T03:29:45.152552Z,KXDOGE15M-26OCT042330-30,0.9930,172.43,no
2026-10-05T03:29:45.152552Z,KXDOGE15M-26OCT042330-30,0.9950,45.44,no
2026-10-05T03:29:45.180586Z,KXDOGE15M-26OCT042330-30,0.9960,24.00,no
2026-10-05T03:29:45.180586Z,KXDOGE15M-26OCT042330-30,0.9940,15.60,no
2026-10-05T03:29:45.303296Z,KXDOGE15M-26OCT042330-30,0.9980,8.55,yes
2026-10-05T03:29:45.690358Z,KXDOGE15M-26OCT042330-30,0.9980,200.20,yes
2026-10-05T03:29:45.793544Z,KXDOGE15M-26OCT042330-30,0.9980,8.01,yes
2026-10-05T03:29:46.076992Z,KXDOGE15M-26OCT042330-30,0.9970,50.71,no
2026-10-05T03:29:46.076992Z,KXDOGE15M-26OCT042330-30,0.9970,6.00,no
2026-10-05T03:29:46.157822Z,KXDOGE15M-26OCT042330-30,0.9980,12.00,yes
2026-10-05T03:29:46.963881Z,KXDOGE15M-26OCT042330-30,0.9980,26.31,yes
2026-10-05T03:29:47.043657Z,KXDOGE15M-26OCT042330-30,0.9980,6.44,yes
2026-10-05T03:29:47.101222Z,KXDOGE15M-26OCT042330-30,0.9980,14.00,yes
2026-10-05T03:29:47.310332Z,KXDOGE15M-26OCT042330-30,0.9970,0.29,no
2026-10-05T03:29:47.310332Z,KXDOGE15M-26OCT042330-30,0.9970,6.32,no
2026-10-05T03:29:48.104792Z,KXDOGE15M-26OCT042330-30,0.9970,71.00,no
2026-10-05T03:29:48.104792Z,KXDOGE15M-26OCT042330-30,0.9970,0.01,no
2026-10-05T03:29:48.104792Z,KXDOGE15M-26OCT042330-30,0.9970,3.00,no
2026-10-05T03:29:48.104792Z,KXDOGE15M-26OCT042330-30,0.9970,652.31,no
2026-10-05T03:29:48.104792Z,KXDOGE15M-26OCT042330-30,0.9970,33.68,no
2026-10-05T03:29:48.764904Z,KXDOGE15M-26OCT042330-30,0.9980,1.00,yes
2026-10-05T03:29:48.78574Z,KXDOGE15M-26OCT042330-30,0.9980,1.00,yes
2026-10-05T03:29:49.060979Z,KXDOGE15M-26OCT042330-30,0.9970,0.57,no
2026-10-05T03:29:49.884286Z,KXDOGE15M-26OCT042330-30,0.9950,65.45,no
2026-10-05T03:29:49.884286Z,KXDOGE15M-26OCT042330-30,0.9970,45.68,no
2026-10-05T03:29:50.009237Z,KXDOGE15M-26OCT042330-30,0.9990,5.00,yes
2026-10-05T03:29:50.009237Z,KXDOGE15M-26OCT042330-30,0.9990,1.00,yes
2026-10-05T03:29:50.009237Z,KXDOGE15M-26OCT042330-30,0.9990,1.00,yes
2026-10-05T03:29:50.009237Z,KXDOGE15M-26OCT042330-30,0.9980,228.00,yes
2026-10-05T03:29:50.009237Z,KXDOGE15M-26OCT042330-30,0.9990,0.03,yes
2026-10-05T03:29:50.009237Z,KXDOGE15M-26OCT042330-30,0.9980,0.03,yes
2026-10-05T03:29:50.009237Z,KXDOGE15M-26OCT042330-30,0.9990,10.00,yes
2026-10-05T03:29:50.009237Z,KXDOGE15M-26OCT042330-30,0.9990,3.00,yes
2026-10-05T03:29:50.009237Z,KXDOGE15M-26OCT042330-30,0.9980,100.00,yes
2026-10-05T03:29:50.009237Z,KXDOGE15M-26OCT042330-30,0.9990,1.00,yes
2026-10-05T03:29:50.018373Z,KXDOGE15M-26OCT042330-30,0.9980,51.09,yes
2026-10-05T03:29:50.06859Z,KXDOGE15M-26OCT042330-30,0.9960,5.00,no
2026-10-05T03:29:50.06859Z,KXDOGE15M-26OCT042330-30,0.9960,80.00,no
2026-10-05T03:29:50.06859Z,KXDOGE15M-26OCT042330-30,0.9950,79.27,no
2026-10-05T03:29:50.06859Z,KXDOGE15M-26OCT042330-30,0.9950,40.55,no
2026-10-05T03:29:50.795225Z,KXDOGE15M-26OCT042330-30,0.9990,200.00,yes
2026-10-05T03:29:50.795225Z,KXDOGE15M-26OCT042330-30,0.9990,0.03,yes
2026-10-05T03:29:50.795225Z,KXDOGE15M-26OCT042330-30,0.9990,10.00,yes
2026-10-05T03:29:52.830868Z,KXDOGE15M-26OCT042330-30,0.9990,915.99,no
2026-10-05T03:29:53.097149Z,KXDOGE15M-26OCT042330-30,0.9990,67.73,no
2026-10-05T03:29:53.944596Z,KXDOGE15M-26OCT042330-30,0.9990,915.99,no
2026-10-05T03:29:54.335296Z,KXDOGE15M-26OCT042330-30,0.9990,12.71,no
2026-10-05T03:29:57.382694Z,KXDOGE15M-26OCT042330-30,0.9990,14.91,no
2026-10-05T03:41:02.743927Z,KXEURUSD15M-26OCT042345-30,0.0200,6.79,yes
2026-10-05T03:41:02.743927Z,KXEURUSD15M-26OCT042345-30,0.0200,30.00,yes
2026-10-05T03:41:02.743927Z,KXEURUSD15M-26OCT042345-30,0.0200,10.00,yes
2026-10-05T03:41:04.950574Z,KXEURUSD15M-26OCT042345-30,0.0100,1.00,no
2026-10-05T03:41:04.950574Z,KXEURUSD15M-26OCT042345-30,0.0100,80.00,no
2026-10-05T03:41:04.950574Z,KXEURUSD15M-26OCT042345-30,0.0100,1.00,no
2026-10-05T03:41:04.950574Z,KXEURUSD15M-26OCT042345-30,0.0100,10.00,no
2026-10-05T03:41:35.015989Z,KXEURUSD15M-26OCT042345-30,0.0100,60.00,yes
2026-10-05T03:41:35.015989Z,KXEURUSD15M-26OCT042345-30,0.0100,30.00,yes
2026-10-05T03:41:35.015989Z,KXEURUSD15M-26OCT042345-30,0.0200,1.40,yes
2026-10-05T03:41:56.185421Z,KXEURUSD15M-26OCT042345-30,0.0200,1.40,yes
2026-10-05T03:41:56.185421Z,KXEURUSD15M-26OCT042345-30,0.0100,60.00,yes
2026-10-05T03:41:56.185421Z,KXEURUSD15M-26OCT042345-30,0.0100,30.00,yes
2026-10-05T03:42:02.266634Z,KXEURUSD15M-26OCT042345-30,0.0100,30.00,yes
2026-10-05T03:42:02.266634Z,KXEURUSD15M-26OCT042345-30,0.0100,4.54,yes
2026-10-05T03:44:53.828214Z,KXEURUSD15M-26OCT042345-30,0.0100,10.00,yes
2026-10-05T03:44:53.828214Z,KXEURUSD15M-26OCT042345-30,0.0200,33.04,yes
2026-10-05T03:44:53.828214Z,KXEURUSD15M-26OCT042345-30,0.0200,8.60,yes
2026-10-05T03:40:51.06085Z,KXETH15M-26OCT042345-45,0.0300,33.20,yes
2026-10-05T03:40:51.086484Z,KXETH15M-26OCT042345-45,0.0310,11.15,yes
2026-10-05T03:40:51.090854Z,KXETH15M-26OCT042345-45,0.0310,29.85,yes
2026-10-05T03:40:51.09329Z,KXETH15M-26OCT042345-45,0.0320,41.00,yes
2026-10-05T03:40:51.320548Z,KXETH15M-26OCT042345-45,0.0390,0.44,no
2026-10-05T03:40:52.379873Z,KXETH15M-26OCT042345-45,0.0480,1.00,yes
2026-10-05T03:40:52.379873Z,KXETH15M-26OCT042345-45,0.0480,22.00,yes
2026-10-05T03:40:52.379873Z,KXETH15M-26OCT042345-45,0.0480,41.00,yes
2026-10-05T03:40:52.379873Z,KXETH15M-26OCT042345-45,0.0490,12.31,yes
2026-10-05T03:40:52.539308Z,KXETH15M-26OCT042345-45,0.0490,41.00,yes
2026-10-05T03:40:52.539308Z,KXETH15M-26OCT042345-45,0.0520,10.61,yes
2026-10-05T03:40:52.539308Z,KXETH15M-26OCT042345-45,0.0480,1.00,yes
2026-10-05T03:40:52.539308Z,KXETH15M-26OCT042345-45,0.0480,41.00,yes
2026-10-05T03:40:52.539308Z,KXETH15M-26OCT042345-45,0.0510,17.00,yes
2026-10-05T03:40:52.728896Z,KXETH15M-26OCT042345-45,0.0550,7.00,yes
2026-10-05T03:40:52.728896Z,KXETH15M-26OCT042345-45,0.0540,8.00,yes
2026-10-05T03:40:52.796077Z,KXETH15M-26OCT042345-45,0.0510,0.01,no
2026-10-05T03:40:52.856372Z,KXETH15M-26OCT042345-45,0.0500,1.04,no
2026-10-05T03:40:53.793865Z,KXETH15M-26OCT042345-45,0.0520,41.00,yes
2026-10-05T03:40:53.793865Z,KXETH15M-26OCT042345-45,0.0520,0.01,yes
2026-10-05T03:40:53.793865Z,KXETH15M-26OCT042345-45,0.0530,41.00,yes
2026-10-05T03:40:53.793865Z,KXETH15M-26OCT042345-45,0.0540,8.00,yes
2026-10-05T03:40:53.793865Z,KXETH15M-26OCT042345-45,0.0520,10.00,yes
2026-10-05T03:40:53.793865Z,KXETH15M-26OCT042345-45,0.0550,40.00,yes
2026-10-05T03:40:53.839963Z,KXETH15M-26OCT042345-45,0.0450,10.00,no
2026-10-05T03:40:53.839963Z,KXETH15M-26OCT042345-45,0.0300,70.00,no
2026-10-05T03:40:53.839963Z,KXETH15M-26OCT042345-45,0.0300,4.82,no
2026-10-05T03:40:53.839963Z,KXETH15M-26OCT042345-45,0.0420,1.00,no
2026-10-05T03:40:53.839963Z,KXETH15M-26OCT042345-45,0.0320,13.00,no
2026-10-05T03:40:53.839963Z,KXETH15M-26OCT042345-45,0.0330,12.00,no
2026-10-05T03:40:53.839963Z,KXETH15M-26OCT042345-45,0.0370,9.00,no
2026-10-05T03:40:53.839963Z,KXETH15M-26OCT042345-45,0.0410,5.00,no
2026-10-05T03:40:53.839963Z,KXETH15M-26OCT042345-45,0.0450,41.00,no
2026-10-05T03:40:53.839963Z,KXETH15M-26OCT042345-45,0.0450,9.00,no
2026-10-05T03:40:53.839963Z,KXETH15M-26OCT042345-45,0.0360,20.00,no
2026-10-05T03:40:53.839963Z,KXETH15M-26OCT042345-45,0.0330,50.00,no
2026-10-05T03:40:53.839963Z,KXETH15M-26OCT042345-45,0.0460,20.00,no
2026-10-05T03:40:53.839963Z,KXETH15M-26OCT042345-45,0.0300,9.00,no
2026-10-05T03:40:53.839963Z,KXETH15M-26OCT042345-45,0.0350,9.00,no
2026-10-05T03:40:53.839963Z,KXETH15M-26OCT042345-45,0.0400,9.00,no
2026-10-05T03:40:53.839963Z,KXETH15M-26OCT042345-45,0.0400,9.00,no
2026-10-05T03:40:53.839963Z,KXETH15M-26OCT042345-45,0.0350,9.00,no
2026-10-05T03:40:54.027571Z,KXETH15M-26OCT042345-45,0.0500,1.04,no
2026-10-05T03:40:54.594993Z,KXETH15M-26OCT042345-45,0.0520,1.25,yes
2026-10-05T03:40:54.839228Z,KXETH15M-26OCT042345-45,0.0520,23.03,yes
2026-10-05T03:40:55.261236Z,KXETH15M-26OCT042345-45,0.0520,10.00,yes
2026-10-05T03:40:55.261236Z,KXETH15M-26OCT042345-45,0.0530,41.00,yes
2026-10-05T03:40:55.261236Z,KXETH15M-26OCT042345-45,0.0520,16.72,yes
2026-10-05T03:40:55.261236Z,KXETH15M-26OCT042345-45,0.0540,38.46,yes
2026-10-05T03:40:55.261236Z,KXETH15M-26OCT042345-45,0.0520,20.00,yes
2026-10-05T03:40:55.285708Z,KXETH15M-26OCT042345-45,0.0480,0.84,no
2026-10-05T03:40:55.285708Z,KXETH15M-26OCT042345-45,0.0510,4.00,no
2026-10-05T03:40:55.285708Z,KXETH15M-26OCT042345-45,0.0500,4.00,no
2026-10-05T03:40:55.285708Z,KXETH15M-26OCT042345-45,0.0500,8.00,no
2026-10-05T03:40:55.285708Z,KXETH15M-26OCT042345-45,0.0500,1.00,no
2026-10-05T03:40:55.285708Z,KXETH15M-26OCT042345-45,0.0490,9.00,no
2026-10-05T03:40:55.285708Z,KXETH15M-26OCT042345-45,0.0520,4.00,no
2026-10-05T03:40:55.799451Z,KXETH15M-26OCT042345-45,0.0480,1.27,no
2026-10-05T03:40:55.964291Z,KXETH15M-26OCT042345-45,0.0490,4.83,no
2026-10-05T03:40:56.327369Z,KXETH15M-26OCT042345-45,0.0500,7.00,no
2026-10-05T03:40:56.327369Z,KXETH15M-26OCT042345-45,0.0500,2.00,no
2026-10-05T03:40:56.330444Z,KXETH15M-26OCT042345-45,0.0490,8.00,no
2026-10-05T03:40:56.330444Z,KXETH15M-26OCT042345-45,0.0460,4.00,no
2026-10-05T03:40:56.330444Z,KXETH15M-26OCT042345-45,0.0470,9.00,no
2026-10-05T03:40:56.330444Z,KXETH15M-26OCT042345-45,0.0490,0.17,no
2026-10-05T03:40:56.330444Z,KXETH15M-26OCT042345-45,0.0480,7.73,no
2026-10-05T03:40:56.330444Z,KXETH15M-26OCT042345-45,0.0460,29.00,no
2026-10-05T03:40:56.690051Z,KXETH15M-26OCT042345-45,0.0490,8.00,yes
2026-10-05T03:40:56.690051Z,KXETH15M-26OCT042345-45,0.0480,9.00,yes
2026-10-05T03:40:56.690051Z,KXETH15M-26OCT042345-45,0.0510,13.68,yes
2026-10-05T03:40:56.690051Z,KXETH15M-26OCT042345-45,0.0470,22.00,yes
2026-10-05T03:40:56.690051Z,KXETH15M-26OCT042345-45,0.0500,11.00,yes
2026-10-05T03:40:56.690051Z,KXETH15M-26OCT042345-45,0.0500,4.00,yes
2026-10-05T03:40:56.690051Z,KXETH15M-26OCT042345-45,0.0500,4.00,yes
2026-10-05T03:40:56.739951Z,KXETH15M-26OCT042345-45,0.0450,27.00,no
2026-10-05T03:40:56.837687Z,KXETH15M-26OCT042345-45,0.0450,4.00,yes
2026-10-05T03:40:56.837687Z,KXETH15M-26OCT042345-45,0.0440,4.00,yes
2026-10-05T03:40:56.837687Z,KXETH15M-26OCT042345-45,0.0450,4.00,yes
2026-10-05T03:40:56.837687Z,KXETH15M-26OCT042345-45,0.0440,4.00,yes
2026-10-05T03:40:56.837687Z,KXETH15M-26OCT042345-45,0.0450,4.52,yes
2026-10-05T03:40:56.856953Z,KXETH15M-26OCT042345-45,0.0410,22.00,no
2026-10-05T03:40:56.856953Z,KXETH15M-26OCT042345-45,0.0400,13.86,no
2026-10-05T03:40:56.886759Z,KXETH15M-26OCT042345-45,0.0400,4.15,no
2026-10-05T03:40:56.996023Z,KXETH15M-26OCT042345-45,0.0490,15.00,yes
2026-10-05T03:40:56.996023Z,KXETH15M-26OCT042345-45,0.0460,41.00,yes
2026-10-05T03:40:56.996023Z,KXETH15M-26OCT042345-45,0.0450,10.00,yes
2026-10-05T03:40:56.996023Z,KXETH15M-26OCT042345-45,0.0450,11.00,yes
2026-10-05T03:40:56.996023Z,KXETH15M-26OCT042345-45,0.0440,4.00,yes
2026-10-05T03:40:56.996023Z,KXETH15M-26OCT042345-45,0.0470,19.00,yes
2026-10-05T03:40:56.996023Z,KXETH15M-26OCT042345-45,0.0450,4.00,yes
2026-10-05T03:40:56.996023Z,KXETH15M-26OCT042345-45,0.0460,4.00,yes
2026-10-05T03:40:56.996023Z,KXETH15M-26OCT042345-45,0.0450,41.00,yes
2026-10-05T03:40:56.996023Z,KXETH15M-26OCT042345-45,0.0470,4.00,yes
2026-10-05T03:40:56.996023Z,KXETH15M-26OCT042345-45,0.0440,9.00,yes
2026-10-05T03:40:56.996023Z,KXETH15M-26OCT042345-45,0.0450,4.00,yes
2026-10-05T03:40:56.996023Z,KXETH15M-26OCT042345-45,0.0500,4.44,yes
2026-10-05T03:40:56.996023Z,KXETH15M-26OCT042345-45,0.0460,4.00,yes
2026-10-05T03:40:57.023885Z,KXETH15M-26OCT042345-45,0.0450,29.64,yes
2026-10-05T03:40:57.023885Z,KXETH15M-26OCT042345-45,0.0450,9.00,yes
2026-10-05T03:40:57.031424Z,KXETH15M-26OCT042345-45,0.0450,11.00,yes
2026-10-05T03:40:57.031424Z,KXETH15M-26OCT042345-45,0.0450,11.36,yes
2026-10-05T03:40:57.031424Z,KXETH15M-26OCT042345-45,0.0460,21.58,yes
2026-10-05T03:40:57.176529Z,KXETH15M-26OCT042345-45,0.0500,9.00,yes
2026-10-05T03:40:57.176529Z,KXETH15M-26OCT042345-45,0.0510,278.58,yes
2026-10-05T03:40:57.176529Z,KXETH15M-26OCT042345-45,0.0500,30.00,yes
2026-10-05T03:40:57.176529Z,KXETH15M-26OCT042345-45,0.0500,30.00,yes
2026-10-05T03:40:57.176529Z,KXETH15M-26OCT042345-45,0.0500,5.00,yes
2026-10-05T03:40:57.176529Z,KXETH15M-26OCT042345-45,0.0500,9.00,yes
2026-10-05T03:40:57.176529Z,KXETH15M-26OCT042345-45,0.0490,4.00,yes
2026-10-05T03:40:57.176529Z,KXETH15M-26OCT042345-45,0.0500,5.00,yes
2026-10-05T03:40:57.176529Z,KXETH15M-26OCT042345-45,0.0500,4.00,yes
2026-10-05T03:40:57.176529Z,KXETH15M-26OCT042345-45,0.0480,4.00,yes
2026-10-05T03:40:57.176529Z,KXETH15M-26OCT042345-45,0.0480,41.00,yes
2026-10-05T03:40:57.176529Z,KXETH15M-26OCT042345-45,0.0450,22.00,yes
2026-10-05T03:40:57.176529Z,KXETH15M-26OCT042345-45,0.0490,4.00,yes
2026-10-05T03:40:57.176529Z,KXETH15M-26OCT042345-45,0.0480,4.00,yes
2026-10-05T03:40:57.176529Z,KXETH15M-26OCT042345-45,0.0500,4.00,yes
2026-10-05T03:40:57.176529Z,KXETH15M-26OCT042345-45,0.0470,11.00,yes
2026-10-05T03:40:57.176529Z,KXETH15M-26OCT042345-45,0.0500,1.01,yes
2026-10-05T03:40:57.424563Z,KXETH15M-26OCT042345-45,0.0490,14.00,yes
2026-10-05T03:40:57.424563Z,KXETH15M-26OCT042345-45,0.0480,13.00,yes
2026-10-05T03:40:57.424563Z,KXETH15M-26OCT042345-45,0.0490,4.00,yes
2026-10-05T03:40:57.424563Z,KXETH15M-26OCT042345-45,0.0490,41.00,yes
2026-10-05T03:40:57.424563Z,KXETH15M-26OCT042345-45,0.0500,0.12,yes
2026-10-05T03:40:57.63566Z,KXETH15M-26OCT042345-45,0.0490,4.00,yes
2026-10-05T03:40:57.677594Z,KXETH15M-26OCT042345-45,0.0490,5.00,yes
2026-10-05T03:40:57.925167Z,KXETH15M-26OCT042345-45,0.0490,11.00,yes
2026-10-05T03:40:57.934174Z,KXETH15M-26OCT042345-45,0.0490,3.00,yes
2026-10-05T03:40:57.96349Z,KXETH15M-26OCT042345-45,0.0490,0.28,yes
2026-10-05T03:40:58.039301Z,KXETH15M-26OCT042345-45,0.0470,0.20,no
2026-10-05T03:40:58.183528Z,KXETH15M-26OCT042345-45,0.0490,15.60,no
2026-10-05T03:40:58.449874Z,KXETH15M-26OCT042345-45,0.0490,14.40,no
2026-10-05T03:40:58.449874Z,KXETH15M-26OCT042345-45,0.0460,8.99,no
2026-10-05T03:40:58.449874Z,KXETH15M-26OCT042345-45,0.0490,11.00,no
2026-10-05T03:40:58.449874Z,KXETH15M-26OCT042345-45,0.0470,9.00,no
2026-10-05T03:40:58.449874Z,KXETH15M-26OCT042345-45,0.0460,4.00,no
2026-10-05T03:40:58.449874Z,KXETH15M-26OCT042345-45,0.0460,4.00,no
2026-10-05T03:40:58.998278Z,KXETH15M-26OCT042345-45,0.0490,9.56,yes
2026-10-05T03:41:00.00565Z,KXETH15M-26OCT042345-45,0.0460,1.44,no
2026-10-05T03:41:00.00565Z,KXETH15M-26OCT042345-45,0.0460,9.00,no
2026-10-05T03:41:00.26749Z,KXETH15M-26OCT042345-45,0.0470,1.99,yes
2026-10-05T03:41:01.834083Z,KXETH15M-26OCT042345-45,0.0450,5.00,no
2026-10-05T03:41:01.84145Z,KXETH15M-26OCT042345-45,0.0470,8.53,yes
2026-10-05T03:41:01.84145Z,KXETH15M-26OCT042345-45,0.0460,5.00,yes
2026-10-05T03:41:01.84145Z,KXETH15M-26OCT042345-45,0.0460,6.00,yes
2026-10-05T03:41:01.874532Z,KXETH15M-26OCT042345-45,0.0450,2.00,no
2026-10-05T03:41:01.973331Z,KXETH15M-26OCT042345-45,0.0440,1.00,no
2026-10-05T03:41:01.983019Z,KXETH15M-26OCT042345-45,0.0420,25.78,no
2026-10-05T03:41:02.335419Z,KXETH15M-26OCT042345-45,0.0430,17.00,yes
2026-10-05T03:41:02.335419Z,KXETH15M-26OCT042345-45,0.0430,2.95,yes
2026-10-05T03:41:04.013123Z,KXETH15M-26OCT042345-45,0.0420,21.00,no
2026-10-05T03:41:04.192151Z,KXETH15M-26OCT042345-45,0.0420,36.00,no
2026-10-05T03:41:04.193273Z,KXETH15M-26OCT042345-45,0.0320,3.61,no
2026-10-05T03:41:04.193273Z,KXETH15M-26OCT042345-45,0.0340,1.01,no
2026-10-05T03:41:04.193273Z,KXETH15M-26OCT042345-45,0.0320,1.00,no
2026-10-05T03:41:04.193273Z,KXETH15M-26OCT042345-45,0.0350,1.00,no
2026-10-05T03:41:04.201034Z,KXETH15M-26OCT042345-45,0.0310,15.00,no
2026-10-05T03:41:04.260708Z,KXETH15M-26OCT042345-45,0.0290,31.60,yes
2026-10-05T03:41:04.346034Z,KXETH15M-26OCT042345-45,0.0260,4.00,yes
2026-10-05T03:41:04.346034Z,KXETH15M-26OCT042345-45,0.0260,4.00,yes
2026-10-05T03:41:04.653645Z,KXETH15M-26OCT042345-45,0.0250,10.00,no
2026-10-05T03:41:04.653645Z,KXETH15M-26OCT042345-45,0.0260,27.00,no
2026-10-05T03:41:04.653645Z,KXETH15M-26OCT042345-45,0.0250,9.00,no
2026-10-05T03:41:04.653645Z,KXETH15M-26OCT042345-45,0.0240,17.00,no
2026-10-05T03:41:04.653645Z,KXETH15M-26OCT042345-45,0.0230,18.56,no
2026-10-05T03:41:05.634914Z,KXETH15M-26OCT042345-45,0.0340,20.00,yes
2026-10-05T03:41:05.634914Z,KXETH15M-26OCT042345-45,0.0340,4.00,yes
2026-10-05T03:41:05.634914Z,KXETH15M-26OCT042345-45,0.0330,1.01,yes
2026-10-05T03:41:05.634914Z,KXETH15M-26OCT042345-45,0.0340,5.00,yes
2026-10-05T03:41:05.634914Z,KXETH15M-26OCT042345-45,0.0330,5.00,yes
2026-10-05T03:41:05.634914Z,KXETH15M-26OCT042345-45,0.0320,12.00,yes
2026-10-05T03:41:05.634914Z,KXETH15M-26OCT042345-45,0.0350,4.04,yes
2026-10-05T03:41:05.634914Z,KXETH15M-26OCT042345-45,0.0310,19.00,yes
2026-10-05T03:41:05.634914Z,KXETH15M-26OCT042345-45,0.0300,20.00,yes
2026-10-05T03:41:05.634914Z,KXETH15M-26OCT042345-45,0.0310,20.00,yes
2026-10-05T03:41:05.634914Z,KXETH15M-26OCT042345-45,0.0330,3.00,yes
2026-10-05T03:41:05.634914Z,KXETH15M-26OCT042345-45,0.0320,2.00,yes
2026-10-05T03:41:05.634914Z,KXETH15M-26OCT042345-45,0.0350,4.00,yes
2026-10-05T03:41:05.634914Z,KXETH15M-26OCT042345-45,0.0360,6.25,yes
2026-10-05T03:41:05.634914Z,KXETH15M-26OCT042345-45,0.0350,8.00,yes
2026-10-05T03:41:05.634914Z,KXETH15M-26OCT042345-45,0.0280,7.00,yes
2026-10-05T03:41:06.197531Z,KXETH15M-26OCT042345-45,0.0330,1.00,yes
2026-10-05T03:41:06.197531Z,KXETH15M-26OCT042345-45,0.0330,9.00,yes
2026-10-05T03:41:06.197531Z,KXETH15M-26OCT042345-45,0.0340,4.00,yes
2026-10-05T03:41:06.197531Z,KXETH15M-26OCT042345-45,0.0350,5.13,yes
2026-10-05T03:41:06.197531Z,KXETH15M-26OCT042345-45,0.0340,11.00,yes
2026-10-05T03:41:06.197531Z,KXETH15M-26OCT042345-45,0.0300,20.00,yes
2026-10-05T03:41:06.197531Z,KXETH15M-26OCT042345-45,0.0340,12.00,yes
2026-10-05T03:41:06.197531Z,KXETH15M-26OCT042345-45,0.0340,1.00,yes
2026-10-05T03:41:06.197531Z,KXETH15M-26OCT042345-45,0.0300,10.00,yes
2026-10-05T03:41:06.197531Z,KXETH15M-26OCT042345-45,0.0310,20.00,yes
2026-10-05T03:41:06.387171Z,KXETH15M-26OCT042345-45,0.0310,23.00,no
2026-10-05T03:41:06.646802Z,KXETH15M-26OCT042345-45,0.0230,10.00,no
2026-10-05T03:41:06.664039Z,KXETH15M-26OCT042345-45,0.0250,10.44,yes
2026-10-05T03:41:06.720704Z,KXETH15M-26OCT042345-45,0.0250,5.58,yes
2026-10-05T03:41:06.859605Z,KXETH15M-26OCT042345-45,0.0250,16.00,yes
2026-10-05T03:41:06.859605Z,KXETH15M-26OCT042345-45,0.0250,3.98,yes
2026-10-05T03:41:06.859605Z,KXETH15M-26OCT042345-45,0.0260,8.95,yes
2026-10-05T03:41:07.042661Z,KXETH15M-26OCT042345-45,0.0260,1.05,yes
2026-10-05T03:41:07.11562Z,KXETH15M-26OCT042345-45,0.0260,0.63,no
2026-10-05T03:41:07.297253Z,KXETH15M-26OCT042345-45,0.0250,22.00,no
2026-10-05T03:41:07.297253Z,KXETH15M-26OCT042345-45,0.0250,6.00,no
2026-10-05T03:41:07.297253Z,KXETH15M-26OCT042345-45,0.0250,40.00,no
2026-10-05T03:41:07.297253Z,KXETH15M-26OCT042345-45,0.0240,23.00,no
2026-10-05T03:41:07.297253Z,KXETH15M-26OCT042345-45,0.0250,10.00,no
2026-10-05T03:41:07.333638Z,KXETH15M-26OCT042345-45,0.0240,1.04,yes
2026-10-05T03:41:07.358869Z,KXETH15M-26OCT042345-45,0.0240,18.96,yes
2026-10-05T03:41:07.509029Z,KXETH15M-26OCT042345-45,0.0240,4.00,yes
2026-10-05T03:41:07.509029Z,KXETH15M-26OCT042345-45,0.0250,12.85,yes
2026-10-05T03:41:07.509029Z,KXETH15M-26OCT042345-45,0.0240,13.00,yes
2026-10-05T03:41:07.681497Z,KXETH15M-26OCT042345-45,0.0250,13.00,yes
2026-10-05T03:41:08.171962Z,KXETH15M-26OCT042345-45,0.0270,2.00,yes
2026-10-05T03:41:08.180447Z,KXETH15M-26OCT042345-45,0.0270,1.00,yes
2026-10-05T03:41:08.399065Z,KXETH15M-26OCT042345-45,0.0260,2.81,no
2026-10-05T03:41:08.609781Z,KXETH15M-26OCT042345-45,0.0240,4.68,no
2026-10-05T03:41:08.609781Z,KXETH15M-26OCT042345-45,0.0260,22.00,no
2026-10-05T03:41:08.609781Z,KXETH15M-26OCT042345-45,0.0250,10.00,no
2026-10-05T03:41:08.609781Z,KXETH15M-26OCT042345-45,0.0260,20.19,no
2026-10-05T03:41:09.107353Z,KXETH15M-26OCT042345-45,0.0260,3.36,yes
2026-10-05T03:41:09.140472Z,KXETH15M-26OCT042345-45,0.0230,96.00,no
2026-10-05T03:41:09.140472Z,KXETH15M-26OCT042345-45,0.0230,10.00,no
2026-10-05T03:41:09.140472Z,KXETH15M-26OCT042345-45,0.0220,58.35,no
2026-10-05T03:41:09.654025Z,KXETH15M-26OCT042345-45,0.0260,2.04,no
2026-10-05T03:41:10.573584Z,KXETH15M-26OCT042345-45,0.0270,1.25,yes
2026-10-05T03:41:10.777054Z,KXETH15M-26OCT042345-45,0.0270,15.75,yes
2026-10-05T03:41:10.777054Z,KXETH15M-26OCT042345-45,0.0270,5.00,yes
2026-10-05T03:41:10.777054Z,KXETH15M-26OCT042345-45,0.0280,20.00,yes
2026-10-05T03:41:10.777054Z,KXETH15M-26OCT042345-45,0.0270,8.00,yes
2026-10-05T03:41:10.777054Z,KXETH15M-26OCT042345-45,0.0280,5.00,yes
2026-10-05T03:41:10.777054Z,KXETH15M-26OCT042345-45,0.0280,2.00,yes
2026-10-05T03:41:10.777054Z,KXETH15M-26OCT042345-45,0.0280,41.25,yes
2026-10-05T03:41:10.777054Z,KXETH15M-26OCT042345-45,0.0270,3.00,yes
2026-10-05T03:41:10.892413Z,KXETH15M-26OCT042345-45,0.0260,1.02,no
2026-10-05T03:41:11.224441Z,KXETH15M-26OCT042345-45,0.0260,1.00,no
2026-10-05T03:41:11.423134Z,KXETH15M-26OCT042345-45,0.0260,1.00,no
2026-10-05T03:41:11.654632Z,KXETH15M-26OCT042345-45,0.0270,1.91,yes
2026-10-05T03:41:11.773523Z,KXETH15M-26OCT042345-45,0.0300,5.00,yes
2026-10-05T03:41:11.773523Z,KXETH15M-26OCT042345-45,0.0300,1.01,yes
2026-10-05T03:41:11.773523Z,KXETH15M-26OCT042345-45,0.0320,4.04,yes
2026-10-05T03:41:11.773523Z,KXETH15M-26OCT042345-45,0.0320,0.26,yes
2026-10-05T03:41:11.773523Z,KXETH15M-26OCT042345-45,0.0310,1.00,yes
2026-10-05T03:41:11.773523Z,KXETH15M-26OCT042345-45,0.0280,17.10,yes
2026-10-05T03:41:11.773523Z,KXETH15M-26OCT042345-45,0.0290,11.00,yes
2026-10-05T03:41:11.773523Z,KXETH15M-26OCT042345-45,0.0270,18.09,yes
2026-10-05T03:41:11.773523Z,KXETH15M-26OCT042345-45,0.0300,22.00,yes
2026-10-05T03:41:11.773523Z,KXETH15M-26OCT042345-45,0.0300,3.00,yes
2026-10-05T03:41:11.773523Z,KXETH15M-26OCT042345-45,0.0280,20.00,yes
2026-10-05T03:41:11.773523Z,KXETH15M-26OCT042345-45,0.0280,8.00,yes
2026-10-05T03:41:11.773523Z,KXETH15M-26OCT042345-45,0.0270,5.00,yes
2026-10-05T03:41:12.798206Z,KXETH15M-26OCT042345-45,0.0280,4.00,yes
2026-10-05T03:41:12.798206Z,KXETH15M-26OCT042345-45,0.0280,13.03,yes
2026-10-05T03:41:13.346373Z,KXETH15M-26OCT042345-45,0.0270,20.49,no
2026-10-05T03:41:13.715569Z,KXETH15M-26OCT042345-45,0.0280,13.00,yes
2026-10-05T03:41:13.715569Z,KXETH15M-26OCT042345-45,0.0280,6.97,yes
2026-10-05T03:41:13.715569Z,KXETH15M-26OCT042345-45,0.0280,6.78,yes
2026-10-05T03:41:13.798964Z,KXETH15M-26OCT042345-45,0.0290,20.00,yes
2026-10-05T03:41:13.798964Z,KXETH15M-26OCT042345-45,0.0280,4.00,yes
2026-10-05T03:41:13.798964Z,KXETH15M-26OCT042345-45,0.0310,19.67,yes
2026-10-05T03:41:13.798964Z,KXETH15M-26OCT042345-45,0.0290,8.00,yes
2026-10-05T03:41:13.798964Z,KXETH15M-26OCT042345-45,0.0280,20.00,yes
2026-10-05T03:41:13.798964Z,KXETH15M-26OCT042345-45,0.0280,8.22,yes
2026-10-05T03:41:14.178189Z,KXETH15M-26OCT042345-45,0.0240,6.00,no
2026-10-05T03:41:14.178189Z,KXETH15M-26OCT042345-45,0.0240,17.00,no
2026-10-05T03:41:14.178189Z,KXETH15M-26OCT042345-45,0.0270,15.00,no
2026-10-05T03:41:14.178189Z,KXETH15M-26OCT042345-45,0.0270,13.00,no
2026-10-05T03:41:14.186887Z,KXETH15M-26OCT042345-45,0.0240,2.00,no
2026-10-05T03:41:15.552281Z,KXETH15M-26OCT042345-45,0.0300,0.83,yes
2026-10-05T03:41:15.552281Z,KXETH15M-26OCT042345-45,0.0300,6.00,yes
2026-10-05T03:41:15.552281Z,KXETH15M-26OCT042345-45,0.0290,20.00,yes
2026-10-05T03:41:15.552281Z,KXETH15M-26OCT042345-45,0.0290,5.00,yes
2026-10-05T03:41:15.902108Z,KXETH15M-26OCT042345-45,0.0280,2.05,no
2026-10-05T03:41:16.235168Z,KXETH15M-26OCT042345-45,0.0230,89.40,no
2026-10-05T03:41:16.235168Z,KXETH15M-26OCT042345-45,0.0240,10.00,no
2026-10-05T03:41:16.235168Z,KXETH15M-26OCT042345-45,0.0260,15.00,no
2026-10-05T03:41:16.235168Z,KXETH15M-26OCT042345-45,0.0230,41.00,no
2026-10-05T03:41:16.235168Z,KXETH15M-26OCT042345-45,0.0240,17.00,no
2026-10-05T03:41:16.235168Z,KXETH15M-26OCT042345-45,0.0270,1.00,no
2026-10-05T03:41:18.095957Z,KXETH15M-26OCT042345-45,0.0270,17.62,no
2026-10-05T03:41:18.095957Z,KXETH15M-26OCT042345-45,0.0270,8.00,no
2026-10-05T03:41:18.138902Z,KXETH15M-26OCT042345-45,0.0260,4.00,no
2026-10-05T03:41:18.138902Z,KXETH15M-26OCT042345-45,0.0250,4.00,no
2026-10-05T03:41:18.138902Z,KXETH15M-26OCT042345-45,0.0250,4.00,no
2026-10-05T03:41:18.138902Z,KXETH15M-26OCT042345-45,0.0270,16.00,no
2026-10-05T03:41:18.138902Z,KXETH15M-26OCT042345-45,0.0260,4.00,no
2026-10-05T03:41:18.138902Z,KXETH15M-26OCT042345-45,0.0270,4.00,no
2026-10-05T03:41:18.138902Z,KXETH15M-26OCT042345-45,0.0270,4.00,no
2026-10-05T03:41:18.705718Z,KXETH15M-26OCT042345-45,0.0240,1.03,no
2026-10-05T03:41:18.705718Z,KXETH15M-26OCT042345-45,0.0240,10.00,no
2026-10-05T03:41:18.868661Z,KXETH15M-26OCT042345-45,0.0240,15.97,no
2026-10-05T03:41:18.868661Z,KXETH15M-26OCT042345-45,0.0240,4.13,no
2026-10-05T03:41:19.210603Z,KXETH15M-26OCT042345-45,0.0230,10.68,no
2026-10-05T03:41:19.471157Z,KXETH15M-26OCT042345-45,0.0240,8.00,yes
2026-10-05T03:41:19.471157Z,KXETH15M-26OCT042345-45,0.0240,4.00,yes
2026-10-05T03:41:19.471157Z,KXETH15M-26OCT042345-45,0.0240,4.00,yes
2026-10-05T03:41:19.471157Z,KXETH15M-26OCT042345-45,0.0240,15.99,yes
2026-10-05T03:41:19.964082Z,KXETH15M-26OCT042345-45,0.0230,0.20,no
2026-10-05T03:41:20.855093Z,KXETH15M-26OCT042345-45,0.0230,10.00,no
2026-10-05T03:41:20.855093Z,KXETH15M-26OCT042345-45,0.0230,84.12,no
2026-10-05T03:41:20.855093Z,KXETH15M-26OCT042345-45,0.0230,19.31,no
2026-10-05T03:41:20.924741Z,KXETH15M-26OCT042345-45,0.0240,1.16,yes
2026-10-05T03:41:21.327345Z,KXETH15M-26OCT042345-45,0.0240,1.11,yes
2026-10-05T03:41:21.717895Z,KXETH15M-26OCT042345-45,0.0240,4.73,yes
2026-10-05T03:41:21.717895Z,KXETH15M-26OCT042345-45,0.0240,1.27,yes
2026-10-05T03:41:21.717895Z,KXETH15M-26OCT042345-45,0.0240,4.00,yes
2026-10-05T03:41:22.172485Z,KXETH15M-26OCT042345-45,0.0230,4.56,no
2026-10-05T03:41:22.172485Z,KXETH15M-26OCT042345-45,0.0230,0.69,no
2026-10-05T03:41:22.665496Z,KXETH15M-26OCT042345-45,0.0230,5.44,no
2026-10-05T03:41:22.665496Z,KXETH15M-26OCT042345-45,0.0230,49.73,no
2026-10-05T03:41:22.884961Z,KXETH15M-26OCT042345-45,0.0240,2.73,yes
2026-10-05T03:41:22.884961Z,KXETH15M-26OCT042345-45,0.0240,0.27,yes
2026-10-05T03:41:24.0875Z,KXETH15M-26OCT042345-45,0.0240,1.00,yes
2026-10-05T03:41:24.0875Z,KXETH15M-26OCT042345-45,0.0240,3.00,yes
2026-10-05T03:41:24.0875Z,KXETH15M-26OCT042345-45,0.0240,4.00,yes
2026-10-05T03:41:24.0875Z,KXETH15M-26OCT042345-45,0.0250,0.83,yes
2026-10-05T03:41:24.0875Z,KXETH15M-26OCT042345-45,0.0250,20.00,yes
2026-10-05T03:41:24.0875Z,KXETH15M-26OCT042345-45,0.0240,4.00,yes
2026-10-05T03:41:24.0875Z,KXETH15M-26OCT042345-45,0.0240,4.73,yes
2026-10-05T03:41:24.304965Z,KXETH15M-26OCT042345-45,0.0240,7.00,yes
2026-10-05T03:41:24.304965Z,KXETH15M-26OCT042345-45,0.0240,4.00,yes
2026-10-05T03:41:24.304965Z,KXETH15M-26OCT042345-45,0.0240,4.00,yes
2026-10-05T03:41:24.304965Z,KXETH15M-26OCT042345-45,0.0250,1.64,yes
2026-10-05T03:41:24.304965Z,KXETH15M-26OCT042345-45,0.0250,3.17,yes
2026-10-05T03:41:24.304965Z,KXETH15M-26OCT042345-45,0.0250,4.00,yes
2026-10-05T03:41:24.304965Z,KXETH15M-26OCT042345-45,0.0250,14.00,yes
2026-10-05T03:41:25.403001Z,KXETH15M-26OCT042345-45,0.0220,50.00,no
2026-10-05T03:41:25.403001Z,KXETH15M-26OCT042345-45,0.0230,96.00,no
2026-10-05T03:41:25.403001Z,KXETH15M-26OCT042345-45,0.0230,10.00,no
2026-10-05T03:41:25.403001Z,KXETH15M-26OCT042345-45,0.0230,20.00,no
2026-10-05T03:41:25.403001Z,KXETH15M-26OCT042345-45,0.0230,7.00,no
2026-10-05T03:41:25.403001Z,KXETH15M-26OCT042345-45,0.0220,90.00,no
2026-10-05T03:41:25.403001Z,KXETH15M-26OCT042345-45,0.0220,164.11,no
2026-10-05T03:41:25.403001Z,KXETH15M-26OCT042345-45,0.0210,62.20,no
2026-10-05T03:41:25.403001Z,KXETH15M-26OCT042345-45,0.0220,1.00,no
2026-10-05T03:41:25.843304Z,KXETH15M-26OCT042345-45,0.0220,5.00,yes
2026-10-05T03:41:25.843304Z,KXETH15M-26OCT042345-45,0.0240,4.00,yes
2026-10-05T03:41:25.843304Z,KXETH15M-26OCT042345-45,0.0240,4.00,yes
2026-10-05T03:41:25.843304Z,KXETH15M-26OCT042345-45,0.0230,17.00,yes
2026-10-05T03:41:25.843304Z,KXETH15M-26OCT042345-45,0.0230,4.00,yes
2026-10-05T03:41:25.843304Z,KXETH15M-26OCT042345-45,0.0220,4.00,yes
2026-10-05T03:41:25.843304Z,KXETH15M-26OCT042345-45,0.0240,2.00,yes
2026-10-05T03:41:25.843304Z,KXETH15M-26OCT042345-45,0.0240,3.94,yes
2026-10-05T03:41:25.843304Z,KXETH15M-26OCT042345-45,0.0220,4.00,yes
2026-10-05T03:41:25.843304Z,KXETH15M-26OCT042345-45,0.0230,4.00,yes
2026-10-05T03:41:26.539451Z,KXETH15M-26OCT042345-45,0.0220,3.00,yes
2026-10-05T03:41:26.540668Z,KXETH15M-26OCT042345-45,0.0220,1.00,yes
2026-10-05T03:41:26.540668Z,KXETH15M-26OCT042345-45,0.0220,4.00,yes
2026-10-05T03:41:26.604562Z,KXETH15M-26OCT042345-45,0.0210,27.98,no
2026-10-05T03:41:26.604562Z,KXETH15M-26OCT042345-45,0.0210,12.80,no
2026-10-05T03:41:26.731856Z,KXETH15M-26OCT042345-45,0.0210,5.00,no
2026-10-05T03:41:26.733683Z,KXETH15M-26OCT042345-45,0.0210,7.00,no
2026-10-05T03:41:26.737877Z,KXETH15M-26OCT042345-45,0.0210,2.00,no
2026-10-05T03:41:26.74813Z,KXETH15M-26OCT042345-45,0.0210,3.00,no
2026-10-05T03:41:26.753515Z,KXETH15M-26OCT042345-45,0.0210,1.00,no
2026-10-05T03:41:26.782287Z,KXETH15M-26OCT042345-45,0.0210,5.00,no
2026-10-05T03:41:26.818792Z,KXETH15M-26OCT042345-45,0.0210,8.51,no
2026-10-05T03:41:26.874233Z,KXETH15M-26OCT042345-45,0.0210,5.00,no
2026-10-05T03:41:26.899241Z,KXETH15M-26OCT042345-45,0.0210,2.00,no
2026-10-05T03:41:27.01612Z,KXETH15M-26OCT042345-45,0.0220,4.00,yes
2026-10-05T03:41:27.01612Z,KXETH15M-26OCT042345-45,0.0220,26.00,yes
2026-10-05T03:41:27.019085Z,KXETH15M-26OCT042345-45,0.0220,2.00,yes
2026-10-05T03:41:27.019085Z,KXETH15M-26OCT042345-45,0.0220,1.00,yes
2026-10-05T03:41:27.019085Z,KXETH15M-26OCT042345-45,0.0230,29.46,yes
2026-10-05T03:41:27.019085Z,KXETH15M-26OCT042345-45,0.0220,20.00,yes
2026-10-05T03:41:27.019085Z,KXETH15M-26OCT042345-45,0.0220,8.51,yes
2026-10-05T03:41:27.019085Z,KXETH15M-26OCT042345-45,0.0220,7.00,yes
2026-10-05T03:41:27.019085Z,KXETH15M-26OCT042345-45,0.0220,3.00,yes
2026-10-05T03:41:27.019085Z,KXETH15M-26OCT042345-45,0.0220,5.00,yes
2026-10-05T03:41:27.019085Z,KXETH15M-26OCT042345-45,0.0220,4.00,yes
2026-10-05T03:41:27.019085Z,KXETH15M-26OCT042345-45,0.0230,20.00,yes
2026-10-05T03:41:27.019085Z,KXETH15M-26OCT042345-45,0.0220,2.00,yes
2026-10-05T03:41:27.019085Z,KXETH15M-26OCT042345-45,0.0220,5.00,yes
2026-10-05T03:41:27.019085Z,KXETH15M-26OCT042345-45,0.0230,4.00,yes
2026-10-05T03:41:27.019085Z,KXETH15M-26OCT042345-45,0.0220,5.00,yes
2026-10-05T03:41:27.019085Z,KXETH15M-26OCT042345-45,0.0220,1.98,yes
2026-10-05T03:41:27.019085Z,KXETH15M-26OCT042345-45,0.0230,4.00,yes
2026-10-05T03:41:27.019085Z,KXETH15M-26OCT042345-45,0.0220,23.00,yes
2026-10-05T03:41:27.019085Z,KXETH15M-26OCT042345-45,0.0220,20.00,yes
2026-10-05T03:41:27.22801Z,KXETH15M-26OCT042345-45,0.0210,1.00,no
2026-10-05T03:41:27.242104Z,KXETH15M-26OCT042345-45,0.0220,20.00,yes
2026-10-05T03:41:27.242104Z,KXETH15M-26OCT042345-45,0.0220,14.54,yes
2026-10-05T03:41:27.242104Z,KXETH15M-26OCT042345-45,0.0220,4.00,yes
2026-10-05T03:41:27.242104Z,KXETH15M-26OCT042345-45,0.0220,4.00,yes
2026-10-05T03:41:27.246694Z,KXETH15M-26OCT042345-45,0.0210,10.00,no
2026-10-05T03:41:27.246694Z,KXETH15M-26OCT042345-45,0.0200,3.00,no
2026-10-05T03:41:27.246694Z,KXETH15M-26OCT042345-45,0.0210,32.51,no
2026-10-05T03:41:27.246694Z,KXETH15M-26OCT042345-45,0.0200,51.49,no
2026-10-05T03:41:27.246694Z,KXETH15M-26OCT042345-45,0.0200,11.00,no
2026-10-05T03:41:27.246694Z,KXETH15M-26OCT042345-45,0.0210,1.00,no
2026-10-05T03:41:27.246694Z,KXETH15M-26OCT042345-45,0.0210,1.00,no
2026-10-05T03:41:27.387194Z,KXETH15M-26OCT042345-45,0.0200,40.00,no
2026-10-05T03:41:27.646112Z,KXETH15M-26OCT042345-45,0.0200,8.51,no
2026-10-05T03:41:27.646112Z,KXETH15M-26OCT042345-45,0.0200,1.00,no
2026-10-05T03:41:27.646112Z,KXETH15M-26OCT042345-45,0.0200,5.49,no
2026-10-05T03:41:27.865815Z,KXETH15M-26OCT042345-45,0.0200,3.00,no
2026-10-05T03:41:27.876635Z,KXETH15M-26OCT042345-45,0.0200,1.00,no
2026-10-05T03:41:27.888719Z,KXETH15M-26OCT042345-45,0.0200,1.00,no
2026-10-05T03:41:27.899349Z,KXETH15M-26OCT042345-45,0.0200,2.00,no
2026-10-05T03:41:27.905798Z,KXETH15M-26OCT042345-45,0.0200,3.00,no
2026-10-05T03:41:27.911321Z,KXETH15M-26OCT042345-45,0.0200,1.00,no
2026-10-05T03:41:27.925983Z,KXETH15M-26OCT042345-45,0.0200,1.00,no
2026-10-05T03:41:28.039784Z,KXETH15M-26OCT042345-45,0.0210,0.20,yes
2026-10-05T03:41:28.254862Z,KXETH15M-26OCT042345-45,0.0210,32.00,yes
2026-10-05T03:41:28.254862Z,KXETH15M-26OCT042345-45,0.0210,51.49,yes
2026-10-05T03:41:28.254862Z,KXETH15M-26OCT042345-45,0.0210,4.00,yes
2026-10-05T03:41:28.254862Z,KXETH15M-26OCT042345-45,0.0210,19.80,yes
2026-10-05T03:41:28.254862Z,KXETH15M-26OCT042345-45,0.0210,10.81,yes
2026-10-05T03:41:28.254862Z,KXETH15M-26OCT042345-45,0.0210,4.00,yes
2026-10-05T03:41:28.619318Z,KXETH15M-26OCT042345-45,0.0200,8.00,no
2026-10-05T03:41:28.619318Z,KXETH15M-26OCT042345-45,0.0200,0.95,no
2026-10-05T03:41:28.619318Z,KXETH15M-26OCT042345-45,0.0190,22.54,no
2026-10-05T03:41:28.619318Z,KXETH15M-26OCT042345-45,0.0200,32.51,no
2026-10-05T03:41:28.619318Z,KXETH15M-26OCT042345-45,0.0200,10.00,no
2026-10-05T03:41:28.619318Z,KXETH15M-26OCT042345-45,0.0200,25.00,no
2026-10-05T03:41:28.619318Z,KXETH15M-26OCT042345-45,0.0200,1.00,no
2026-10-05T03:41:28.903032Z,KXETH15M-26OCT042345-45,0.0190,50.00,no
2026-10-05T03:41:28.903032Z,KXETH15M-26OCT042345-45,0.0180,71.54,no
2026-10-05T03:41:28.903032Z,KXETH15M-26OCT042345-45,0.0190,77.46,no
2026-10-05T03:41:28.903032Z,KXETH15M-26OCT042345-45,0.0190,1.00,no
2026-10-05T03:41:29.123721Z,KXETH15M-26OCT042345-45,0.0180,4.98,no
2026-10-05T03:41:29.374955Z,KXETH15M-26OCT042345-45,0.0190,4.00,yes
2026-10-05T03:41:29.374955Z,KXETH15M-26OCT042345-45,0.0190,20.00,yes
2026-10-05T03:41:29.374955Z,KXETH15M-26OCT042345-45,0.0190,18.00,yes
2026-10-05T03:41:29.374955Z,KXETH15M-26OCT042345-45,0.0190,6.26,yes
2026-10-05T03:41:29.438198Z,KXETH15M-26OCT042345-45,0.0180,1.01,no
2026-10-05T03:41:29.591687Z,KXETH15M-26OCT042345-45,0.0190,1.00,yes
2026-10-05T03:41:29.720452Z,KXETH15M-26OCT042345-45,0.0190,2.40,yes
2026-10-05T03:41:29.941255Z,KXETH15M-26OCT042345-45,0.0190,48.40,yes
2026-10-05T03:41:29.941255Z,KXETH15M-26OCT042345-45,0.0190,14.00,yes
2026-10-05T03:41:29.941255Z,KXETH15M-26OCT042345-45,0.0190,10.34,yes
2026-10-05T03:41:30.388078Z,KXETH15M-26OCT042345-45,0.0190,5.00,yes
2026-10-05T03:41:30.400909Z,KXETH15M-26OCT042345-45,0.0190,13.42,yes
2026-10-05T03:41:30.626238Z,KXETH15M-26OCT042345-45,0.0180,1.76,no
2026-10-05T03:41:30.868036Z,KXETH15M-26OCT042345-45,0.0250,1.00,yes
2026-10-05T03:41:30.868036Z,KXETH15M-26OCT042345-45,0.0230,5.00,yes
2026-10-05T03:41:30.868036Z,KXETH15M-26OCT042345-45,0.0260,166.90,yes
2026-10-05T03:41:30.868036Z,KXETH15M-26OCT042345-45,0.0250,12.00,yes
2026-10-05T03:41:30.868036Z,KXETH15M-26OCT042345-45,0.0200,4.00,yes
2026-10-05T03:41:30.868036Z,KXETH15M-26OCT042345-45,0.0200,4.00,yes
2026-10-05T03:41:30.868036Z,KXETH15M-26OCT042345-45,0.0190,4.72,yes
2026-10-05T03:41:30.868036Z,KXETH15M-26OCT042345-45,0.0210,30.64,yes
2026-10-05T03:41:30.868036Z,KXETH15M-26OCT042345-45,0.0210,30.64,yes
2026-10-05T03:41:30.868036Z,KXETH15M-26OCT042345-45,0.0200,22.54,yes
2026-10-05T03:41:30.868036Z,KXETH15M-26OCT042345-45,0.0210,4.00,yes
2026-10-05T03:41:30.868036Z,KXETH15M-26OCT042345-45,0.0210,22.00,yes
2026-10-05T03:41:30.868036Z,KXETH15M-26OCT042345-45,0.0200,20.00,yes
2026-10-05T03:41:30.868036Z,KXETH15M-26OCT042345-45,0.0250,1.01,yes
2026-10-05T03:41:30.868036Z,KXETH15M-26OCT042345-45,0.0210,4.00,yes
2026-10-05T03:41:30.868036Z,KXETH15M-26OCT042345-45,0.0250,9.00,yes
2026-10-05T03:41:30.868036Z,KXETH15M-26OCT042345-45,0.0200,77.46,yes
2026-10-05T03:41:30.868036Z,KXETH15M-26OCT042345-45,0.0220,1.00,yes
2026-10-05T03:41:30.868036Z,KXETH15M-26OCT042345-45,0.0250,9.00,yes
2026-10-05T03:41:30.868036Z,KXETH15M-26OCT042345-45,0.0250,50.00,yes
2026-10-05T03:41:30.868036Z,KXETH15M-26OCT042345-45,0.0210,8.51,yes
2026-10-05T03:41:30.868036Z,KXETH15M-26OCT042345-45,0.0210,29.19,yes
2026-10-05T03:41:30.868036Z,KXETH15M-26OCT042345-45,0.0250,145.00,yes
2026-10-05T03:41:30.868036Z,KXETH15M-26OCT042345-45,0.0220,32.51,yes
2026-10-05T03:41:30.868036Z,KXETH15M-26OCT042345-45,0.0190,1.76,yes
2026-10-05T03:41:30.868036Z,KXETH15M-26OCT042345-45,0.0190,4.98,yes
2026-10-05T03:41:30.868036Z,KXETH15M-26OCT042345-45,0.0190,18.00,yes
2026-10-05T03:41:30.868036Z,KXETH15M-26OCT042345-45,0.0190,1.01,yes
2026-10-05T03:41:30.868036Z,KXETH15M-26OCT042345-45,0.0190,20.00,yes
2026-10-05T03:41:30.868036Z,KXETH15M-26OCT042345-45,0.0190,18.00,yes
2026-10-05T03:41:30.868036Z,KXETH15M-26OCT042345-45,0.0210,10.00,yes
2026-10-05T03:41:30.868036Z,KXETH15M-26OCT042345-45,0.0200,12.00,yes
2026-10-05T03:41:30.868036Z,KXETH15M-26OCT042345-45,0.0190,4.00,yes
2026-10-05T03:41:31.38896Z,KXETH15M-26OCT042345-45,0.0180,7.01,no
2026-10-05T03:41:31.38896Z,KXETH15M-26OCT042345-45,0.0180,1.00,no
2026-10-05T03:41:31.38896Z,KXETH15M-26OCT042345-45,0.0180,20.71,no
2026-10-05T03:41:31.534694Z,KXETH15M-26OCT042345-45,0.0190,11.03,yes
2026-10-05T03:41:31.6292Z,KXETH15M-26OCT042345-45,0.0180,0.71,no
2026-10-05T03:41:31.69957Z,KXETH15M-26OCT042345-45,0.0180,0.71,no
2026-10-05T03:41:31.69957Z,KXETH15M-26OCT042345-45,0.0180,7.01,no
2026-10-05T03:41:31.69957Z,KXETH15M-26OCT042345-45,0.0180,11.00,no
2026-10-05T03:41:31.69957Z,KXETH15M-26OCT042345-45,0.0180,22.00,no
2026-10-05T03:41:31.69957Z,KXETH15M-26OCT042345-45,0.0180,2.28,no
2026-10-05T03:41:32.410108Z,KXETH15M-26OCT042345-45,0.0190,20.71,yes
2026-10-05T03:41:32.410108Z,KXETH15M-26OCT042345-45,0.0180,20.00,yes
2026-10-05T03:41:32.410108Z,KXETH15M-26OCT042345-45,0.0190,6.00,yes
2026-10-05T03:41:32.410108Z,KXETH15M-26OCT042345-45,0.0190,10.00,yes
2026-10-05T03:41:32.410108Z,KXETH15M-26OCT042345-45,0.0200,22.00,yes
2026-10-05T03:41:32.410108Z,KXETH15M-26OCT042345-45,0.0250,20.00,yes
2026-10-05T03:41:32.410108Z,KXETH15M-26OCT042345-45,0.0180,11.00,yes
2026-10-05T03:41:32.410108Z,KXETH15M-26OCT042345-45,0.0230,1.01,yes
2026-10-05T03:41:32.410108Z,KXETH15M-26OCT042345-45,0.0250,4.04,yes
2026-10-05T03:41:32.410108Z,KXETH15M-26OCT042345-45,0.0260,145.45,yes
2026-10-05T03:41:32.410108Z,KXETH15M-26OCT042345-45,0.0210,4.00,yes
2026-10-05T03:41:32.410108Z,KXETH15M-26OCT042345-45,0.0210,4.00,yes
2026-10-05T03:41:32.410108Z,KXETH15M-26OCT042345-45,0.0220,4.00,yes
2026-10-05T03:41:32.410108Z,KXETH15M-26OCT042345-45,0.0250,12.00,yes
2026-10-05T03:41:32.410108Z,KXETH15M-26OCT042345-45,0.0220,4.00,yes
2026-10-05T03:41:32.410108Z,KXETH15M-26OCT042345-45,0.0240,5.00,yes
2026-10-05T03:41:32.410108Z,KXETH15M-26OCT042345-45,0.0200,4.00,yes
2026-10-05T03:41:32.410108Z,KXETH15M-26OCT042345-45,0.0230,4.00,yes
2026-10-05T03:41:32.410108Z,KXETH15M-26OCT042345-45,0.0190,8.97,yes
2026-10-05T03:41:32.410108Z,KXETH15M-26OCT042345-45,0.0190,13.00,yes
2026-10-05T03:41:32.498Z,KXETH15M-26OCT042345-45,0.0170,2.00,no
2026-10-05T03:41:32.562687Z,KXETH15M-26OCT042345-45,0.0190,16.69,yes
2026-10-05T03:41:32.562687Z,KXETH15M-26OCT042345-45,0.0180,12.00,yes
2026-10-05T03:41:32.562687Z,KXETH15M-26OCT042345-45,0.0180,2.00,yes
2026-10-05T03:41:32.562687Z,KXETH15M-26OCT042345-45,0.0180,20.00,yes
2026-10-05T03:41:32.876228Z,KXETH15M-26OCT042345-45,0.0170,41.03,no
2026-10-05T03:41:33.05784Z,KXETH15M-26OCT042345-45,0.0170,22.00,no
2026-10-05T03:41:33.05784Z,KXETH15M-26OCT042345-45,0.0170,1.00,no
2026-10-05T03:41:33.05784Z,KXETH15M-26OCT042345-45,0.0170,56.97,no
2026-10-05T03:41:33.352084Z,KXETH15M-26OCT042345-45,0.0140,4.00,no
2026-10-05T03:41:33.352084Z,KXETH15M-26OCT042345-45,0.0150,26.00,no
2026-10-05T03:41:33.352084Z,KXETH15M-26OCT042345-45,0.0150,20.00,no
2026-10-05T03:41:33.352084Z,KXETH15M-26OCT042345-45,0.0160,2.00,no
2026-10-05T03:41:33.352084Z,KXETH15M-26OCT042345-45,0.0160,8.00,no
2026-10-05T03:41:33.352084Z,KXETH15M-26OCT042345-45,0.0160,12.00,no
2026-10-05T03:41:33.352084Z,KXETH15M-26OCT042345-45,0.0150,1.00,no
2026-10-05T03:41:33.352084Z,KXETH15M-26OCT042345-45,0.0140,1.00,no
2026-10-05T03:41:33.352084Z,KXETH15M-26OCT042345-45,0.0160,1.00,no
2026-10-05T03:41:33.352084Z,KXETH15M-26OCT042345-45,0.0150,3.00,no
2026-10-05T03:41:33.352084Z,KXETH15M-26OCT042345-45,0.0140,350.00,no
2026-10-05T03:41:33.352084Z,KXETH15M-26OCT042345-45,0.0160,100.00,no
2026-10-05T03:41:33.352084Z,KXETH15M-26OCT042345-45,0.0140,100.00,no
2026-10-05T03:41:33.352084Z,KXETH15M-26OCT042345-45,0.0150,100.00,no
2026-10-05T03:41:34.15662Z,KXETH15M-26OCT042345-45,0.0130,25.00,no
2026-10-05T03:41:34.15662Z,KXETH15M-26OCT042345-45,0.0130,5.58,no
2026-10-05T03:41:34.15662Z,KXETH15M-26OCT042345-45,0.0130,1.00,no
2026-10-05T03:41:34.15662Z,KXETH15M-26OCT042345-45,0.0130,100.00,no
2026-10-05T03:41:34.164886Z,KXETH15M-26OCT042345-45,0.0160,20.00,yes
2026-10-05T03:41:34.164886Z,KXETH15M-26OCT042345-45,0.0150,12.00,yes
2026-10-05T03:41:34.164886Z,KXETH15M-26OCT042345-45,0.0160,100.00,yes
2026-10-05T03:41:34.164886Z,KXETH15M-26OCT042345-45,0.0140,20.00,yes
2026-10-05T03:41:34.164886Z,KXETH15M-26OCT042345-45,0.0140,6.00,yes
2026-10-05T03:41:34.164886Z,KXETH15M-26OCT042345-45,0.0150,100.00,yes
2026-10-05T03:41:34.164886Z,KXETH15M-26OCT042345-45,0.0150,20.00,yes
2026-10-05T03:41:34.164886Z,KXETH15M-26OCT042345-45,0.0140,11.00,yes
2026-10-05T03:41:34.164886Z,KXETH15M-26OCT042345-45,0.0160,9.45,yes
2026-10-05T03:41:34.164886Z,KXETH15M-26OCT042345-45,0.0140,5.00,yes
2026-10-05T03:41:34.291823Z,KXETH15M-26OCT042345-45,0.0130,12.00,no
2026-10-05T03:41:34.291823Z,KXETH15M-26OCT042345-45,0.0130,15.00,no
2026-10-05T03:41:34.291823Z,KXETH15M-26OCT042345-45,0.0130,9.00,no
2026-10-05T03:41:34.291823Z,KXETH15M-26OCT042345-45,0.0120,13.61,no
2026-10-05T03:41:34.684811Z,KXETH15M-26OCT042345-45,0.0120,20.00,no
2026-10-05T03:41:34.684811Z,KXETH15M-26OCT042345-45,0.0120,12.00,no
2026-10-05T03:41:34.684811Z,KXETH15M-26OCT042345-45,0.0120,4.00,no
2026-10-05T03:41:34.684811Z,KXETH15M-26OCT042345-45,0.0120,1.00,no
2026-10-05T03:41:34.684811Z,KXETH15M-26OCT042345-45,0.0120,100.00,no
2026-10-05T03:41:34.684811Z,KXETH15M-26OCT042345-45,0.0120,5.39,no
2026-10-05T03:41:34.684811Z,KXETH15M-26OCT042345-45,0.0120,350.00,no
2026-10-05T03:41:35.010945Z,KXETH15M-26OCT042345-45,0.0130,23.38,yes
2026-10-05T03:41:35.44492Z,KXETH15M-26OCT042345-45,0.0120,12.00,no
2026-10-05T03:41:35.44492Z,KXETH15M-26OCT042345-45,0.0120,20.00,no
2026-10-05T03:41:35.44492Z,KXETH15M-26OCT042345-45,0.0120,9.00,no
2026-10-05T03:41:35.44492Z,KXETH15M-26OCT042345-45,0.0120,8.00,no
2026-10-05T03:41:35.551592Z,KXETH15M-26OCT042345-45,0.0130,19.00,yes
2026-10-05T03:41:35.551592Z,KXETH15M-26OCT042345-45,0.0130,76.62,yes
2026-10-05T03:41:35.551592Z,KXETH15M-26OCT042345-45,0.0130,6.00,yes
2026-10-05T03:41:35.551592Z,KXETH15M-26OCT042345-45,0.0130,0.01,yes
2026-10-05T03:41:35.551592Z,KXETH15M-26OCT042345-45,0.0130,4.00,yes
2026-10-05T03:41:35.551592Z,KXETH15M-26OCT042345-45,0.0140,33.78,yes
2026-10-05T03:41:35.772372Z,KXETH15M-26OCT042345-45,0.0120,9.30,no
2026-10-05T03:41:36.025179Z,KXETH15M-26OCT042345-45,0.0120,10.70,no
2026-10-05T03:41:36.025179Z,KXETH15M-26OCT042345-45,0.0120,12.00,no
2026-10-05T03:41:36.038893Z,KXETH15M-26OCT042345-45,0.0110,39.62,no
2026-10-05T03:41:36.184577Z,KXETH15M-26OCT042345-45,0.0110,4.00,no
2026-10-05T03:41:36.184577Z,KXETH15M-26OCT042345-45,0.0110,97.00,no
2026-10-05T03:41:36.184577Z,KXETH15M-26OCT042345-45,0.0110,20.00,no
2026-10-05T03:41:36.184577Z,KXETH15M-26OCT042345-45,0.0110,12.00,no
2026-10-05T03:41:36.184577Z,KXETH15M-26OCT042345-45,0.0110,50.00,no
2026-10-05T03:41:36.184577Z,KXETH15M-26OCT042345-45,0.0110,1.00,no
2026-10-05T03:41:36.184577Z,KXETH15M-26OCT042345-45,0.0110,1.00,no
2026-10-05T03:41:36.184577Z,KXETH15M-26OCT042345-45,0.0110,1.00,no
2026-10-05T03:41:36.184577Z,KXETH15M-26OCT042345-45,0.0110,10.00,no
2026-10-05T03:41:36.184577Z,KXETH15M-26OCT042345-45,0.0110,1.00,no
2026-10-05T03:41:36.184577Z,KXETH15M-26OCT042345-45,0.0110,100.00,no
2026-10-05T03:41:36.184577Z,KXETH15M-26OCT042345-45,0.0110,2.00,no
2026-10-05T03:41:36.184577Z,KXETH15M-26OCT042345-45,0.0110,20.00,no
2026-10-05T03:41:36.184577Z,KXETH15M-26OCT042345-45,0.0110,2.00,no
2026-10-05T03:41:36.184577Z,KXETH15M-26OCT042345-45,0.0110,100.00,no
2026-10-05T03:41:36.184577Z,KXETH15M-26OCT042345-45,0.0110,200.00,no
2026-10-05T03:41:36.184577Z,KXETH15M-26OCT042345-45,0.0110,11.38,no
2026-10-05T03:41:36.785712Z,KXETH15M-26OCT042345-45,0.0110,12.20,no
2026-10-05T03:41:36.883861Z,KXETH15M-26OCT042345-45,0.0120,6.11,yes
2026-10-05T03:41:36.933901Z,KXETH15M-26OCT042345-45,0.0100,6.81,no
2026-10-05T03:41:36.933901Z,KXETH15M-26OCT042345-45,0.0100,40.33,no
2026-10-05T03:41:36.933901Z,KXETH15M-26OCT042345-45,0.0090,4.00,no
2026-10-05T03:41:36.933901Z,KXETH15M-26OCT042345-45,0.0090,4.00,no
2026-10-05T03:41:36.933901Z,KXETH15M-26OCT042345-45,0.0080,4.00,no
2026-10-05T03:41:36.933901Z,KXETH15M-26OCT042345-45,0.0070,4.00,no
2026-10-05T03:41:36.933901Z,KXETH15M-26OCT042345-45,0.0060,1.01,no
2026-10-05T03:41:36.933901Z,KXETH15M-26OCT042345-45,0.0100,97.00,no
2026-10-05T03:41:36.933901Z,KXETH15M-26OCT042345-45,0.0060,13.00,no
2026-10-05T03:41:36.933901Z,KXETH15M-26OCT042345-45,0.0060,20.00,no
2026-10-05T03:41:36.933901Z,KXETH15M-26OCT042345-45,0.0070,4.00,no
2026-10-05T03:41:36.933901Z,KXETH15M-26OCT042345-45,0.0080,4.00,no
2026-10-05T03:41:36.933901Z,KXETH15M-26OCT042345-45,0.0100,10.38,no
2026-10-05T03:41:36.933901Z,KXETH15M-26OCT042345-45,0.0070,50.00,no
2026-10-05T03:41:36.933901Z,KXETH15M-26OCT042345-45,0.0070,21.00,no
2026-10-05T03:41:36.933901Z,KXETH15M-26OCT042345-45,0.0100,5.10,no
2026-10-05T03:41:36.933901Z,KXETH15M-26OCT042345-45,0.0100,2.00,no
2026-10-05T03:41:36.933901Z,KXETH15M-26OCT042345-45,0.0100,25.00,no
2026-10-05T03:41:36.933901Z,KXETH15M-26OCT042345-45,0.0100,20.27,no
2026-10-05T03:41:36.933901Z,KXETH15M-26OCT042345-45,0.0100,20.00,no
2026-10-05T03:41:36.933901Z,KXETH15M-26OCT042345-45,0.0050,716.10,no
2026-10-05T03:41:36.933901Z,KXETH15M-26OCT042345-45,0.0100,100.00,no
2026-10-05T03:41:36.933901Z,KXETH15M-26OCT042345-45,0.0100,75.00,no
2026-10-05T03:41:36.933901Z,KXETH15M-26OCT042345-45,0.0100,1.00,no
2026-10-05T03:41:36.933901Z,KXETH15M-26OCT042345-45,0.0070,1.00,no
2026-10-05T03:41:36.933901Z,KXETH15M-26OCT042345-45,0.0060,1.00,no
2026-10-05T03:41:36.933901Z,KXETH15M-26OCT042345-45,0.0050,1.00,no
2026-10-05T03:41:36.933901Z,KXETH15M-26OCT042345-45,0.0090,1.00,no
2026-10-05T03:41:36.933901Z,KXETH15M-26OCT042345-45,0.0050,100.00,no
2026-10-05T03:41:36.933901Z,KXETH15M-26OCT042345-45,0.0080,1.00,no
2026-10-05T03:41:36.933901Z,KXETH15M-26OCT042345-45,0.0090,100.00,no
2026-10-05T03:41:36.933901Z,KXETH15M-26OCT042345-45,0.0080,100.00,no
2026-10-05T03:41:36.933901Z,KXETH15M-26OCT042345-45,0.0070,100.00,no
2026-10-05T03:41:36.933901Z,KXETH15M-26OCT042345-45,0.0060,100.00,no
2026-10-05T03:41:36.933901Z,KXETH15M-26OCT042345-45,0.0050,100.00,no
2026-10-05T03:41:36.933901Z,KXETH15M-26OCT042345-45,0.0100,1.00,no
2026-10-05T03:41:36.933901Z,KXETH15M-26OCT042345-45,0.0100,220.00,no
2026-10-05T03:41:36.933901Z,KXETH15M-26OCT042345-45,0.0100,3.00,no
2026-10-05T03:41:36.933901Z,KXETH15M-26OCT042345-45,0.0100,50.00,no
2026-10-05T03:41:36.933901Z,KXETH15M-26OCT042345-45,0.0100,100.00,no
2026-10-05T03:41:37.148045Z,KXETH15M-26OCT042345-45,0.0090,11.36,no
2026-10-05T03:41:37.171671Z,KXETH15M-26OCT042345-45,0.0080,22.00,no
2026-10-05T03:41:37.171671Z,KXETH15M-26OCT042345-45,0.0070,20.00,no
2026-10-05T03:41:37.171671Z,KXETH15M-26OCT042345-45,0.0090,39.64,no
2026-10-05T03:41:37.171671Z,KXETH15M-26OCT042345-45,0.0060,1.49,no
2026-10-05T03:41:37.340504Z,KXETH15M-26OCT042345-45,0.0080,30.84,yes
2026-10-05T03:41:38.096719Z,KXETH15M-26OCT042345-45,0.0100,0.01,yes
2026-10-05T03:41:38.096719Z,KXETH15M-26OCT042345-45,0.0100,75.00,yes
2026-10-05T03:41:38.096719Z,KXETH15M-26OCT042345-45,0.0090,24.00,yes
2026-10-05T03:41:38.096719Z,KXETH15M-26OCT042345-45,0.0090,100.00,yes
2026-10-05T03:41:38.096719Z,KXETH15M-26OCT042345-45,0.0080,100.00,yes
2026-10-05T03:41:38.096719Z,KXETH15M-26OCT042345-45,0.0090,100.00,yes
2026-10-05T03:41:38.096719Z,KXETH15M-26OCT042345-45,0.0080,100.00,yes
2026-10-05T03:41:38.096719Z,KXETH15M-26OCT042345-45,0.0080,69.16,yes
2026-10-05T03:41:38.096719Z,KXETH15M-26OCT042345-45,0.0100,10.00,yes
2026-10-05T03:41:38.096719Z,KXETH15M-26OCT042345-45,0.0080,0.01,yes
2026-10-05T03:41:38.096719Z,KXETH15M-26OCT042345-45,0.0090,0.02,yes
2026-10-05T03:41:38.096719Z,KXETH15M-26OCT042345-45,0.0100,10.00,yes
2026-10-05T03:41:38.096719Z,KXETH15M-26OCT042345-45,0.0110,4.76,yes
2026-10-05T03:41:38.096719Z,KXETH15M-26OCT042345-45,0.0090,20.00,yes
2026-10-05T03:41:38.096719Z,KXETH15M-26OCT042345-45,0.0110,93.89,yes
2026-10-05T03:41:38.096719Z,KXETH15M-26OCT042345-45,0.0110,20.00,yes
2026-10-05T03:41:38.096719Z,KXETH15M-26OCT042345-45,0.0100,100.00,yes
2026-10-05T03:41:38.096719Z,KXETH15M-26OCT042345-45,0.0110,100.00,yes
2026-10-05T03:41:38.393832Z,KXETH15M-26OCT042345-45,0.0110,0.01,yes
2026-10-05T03:41:38.393832Z,KXETH15M-26OCT042345-45,0.0110,1.07,yes
2026-10-05T03:41:38.393832Z,KXETH15M-26OCT042345-45,0.0110,1.24,yes
2026-10-05T03:41:39.492123Z,KXETH15M-26OCT042345-45,0.0100,0.01,yes
2026-10-05T03:41:39.492123Z,KXETH15M-26OCT042345-45,0.0100,9.00,yes
2026-10-05T03:41:39.492123Z,KXETH15M-26OCT042345-45,0.0100,10.00,yes
2026-10-05T03:41:39.492123Z,KXETH15M-26OCT042345-45,0.0110,18.93,yes
2026-10-05T03:41:39.492123Z,KXETH15M-26OCT042345-45,0.0130,20.00,yes
2026-10-05T03:41:39.492123Z,KXETH15M-26OCT042345-45,0.0110,4.00,yes
2026-10-05T03:41:39.492123Z,KXETH15M-26OCT042345-45,0.0110,0.01,yes
2026-10-05T03:41:39.492123Z,KXETH15M-26OCT042345-45,0.0120,20.00,yes
2026-10-05T03:41:39.492123Z,KXETH15M-26OCT042345-45,0.0130,15.00,yes
2026-10-05T03:41:39.492123Z,KXETH15M-26OCT042345-45,0.0130,0.01,yes
2026-10-05T03:41:39.492123Z,KXETH15M-26OCT042345-45,0.0120,0.01,yes
2026-10-05T03:41:39.492123Z,KXETH15M-26OCT042345-45,0.0140,0.91,yes
2026-10-05T03:41:39.742463Z,KXETH15M-26OCT042345-45,0.0110,0.01,yes
2026-10-05T03:41:39.742463Z,KXETH15M-26OCT042345-45,0.0110,20.00,yes
2026-10-05T03:41:39.742463Z,KXETH15M-26OCT042345-45,0.0110,12.00,yes
2026-10-05T03:41:39.742463Z,KXETH15M-26OCT042345-45,0.0110,5.00,yes
2026-10-05T03:41:39.742463Z,KXETH15M-26OCT042345-45,0.0110,5.29,yes
2026-10-05T03:41:40.371911Z,KXETH15M-26OCT042345-45,0.0100,0.66,yes
2026-10-05T03:41:40.912361Z,KXETH15M-26OCT042345-45,0.0100,3.00,yes
2026-10-05T03:41:40.917736Z,KXETH15M-26OCT042345-45,0.0100,8.00,yes
2026-10-05T03:41:41.255059Z,KXETH15M-26OCT042345-45,0.0100,10.00,yes
2026-10-05T03:41:41.259796Z,KXETH15M-26OCT042345-45,0.0100,19.00,yes
2026-10-05T03:41:41.270688Z,KXETH15M-26OCT042345-45,0.0100,3.00,yes
2026-10-05T03:41:41.274449Z,KXETH15M-26OCT042345-45,0.0100,13.00,yes
2026-10-05T03:41:41.277953Z,KXETH15M-26OCT042345-45,0.0100,5.00,yes
2026-10-05T03:41:41.283408Z,KXETH15M-26OCT042345-45,0.0100,2.00,yes
2026-10-05T03:41:41.290169Z,KXETH15M-26OCT042345-45,0.0100,7.66,yes
2026-10-05T03:41:41.290169Z,KXETH15M-26OCT042345-45,0.0100,7.34,yes
2026-10-05T03:41:41.351583Z,KXETH15M-26OCT042345-45,0.0100,22.30,yes
2026-10-05T03:41:41.667761Z,KXETH15M-26OCT042345-45,0.0100,18.00,yes
2026-10-05T03:41:41.677579Z,KXETH15M-26OCT042345-45,0.0100,2.04,yes
2026-10-05T03:41:41.677579Z,KXETH15M-26OCT042345-45,0.0100,2.95,yes
2026-10-05T03:41:41.677579Z,KXETH15M-26OCT042345-45,0.0100,0.01,yes
2026-10-05T03:41:41.764206Z,KXETH15M-26OCT042345-45,0.0100,10.00,yes
2026-10-05T03:41:41.76755Z,KXETH15M-26OCT042345-45,0.0100,27.00,yes
2026-10-05T03:41:41.803826Z,KXETH15M-26OCT042345-45,0.0090,5.00,no
2026-10-05T03:41:41.803826Z,KXETH15M-26OCT042345-45,0.0090,4.00,no
2026-10-05T03:41:41.803826Z,KXETH15M-26OCT042345-45,0.0090,10.32,no
2026-10-05T03:41:41.930885Z,KXETH15M-26OCT042345-45,0.0090,41.00,no
2026-10-05T03:41:41.930885Z,KXETH15M-26OCT042345-45,0.0080,1.00,no
2026-10-05T03:41:41.930885Z,KXETH15M-26OCT042345-45,0.0090,19.00,no
2026-10-05T03:41:41.930885Z,KXETH15M-26OCT042345-45,0.0090,15.00,no
2026-10-05T03:41:41.930885Z,KXETH15M-26OCT042345-45,0.0090,4.00,no
2026-10-05T03:41:41.930885Z,KXETH15M-26OCT042345-45,0.0090,1.00,no
2026-10-05T03:41:41.930885Z,KXETH15M-26OCT042345-45,0.0090,4.00,no
2026-10-05T03:41:41.930885Z,KXETH15M-26OCT042345-45,0.0090,41.00,no
2026-10-05T03:41:41.930885Z,KXETH15M-26OCT042345-45,0.0080,3.77,no
2026-10-05T03:41:41.930885Z,KXETH15M-26OCT042345-45,0.0090,8.68,no
2026-10-05T03:41:41.930885Z,KXETH15M-26OCT042345-45,0.0090,41.00,no
2026-10-05T03:41:41.930885Z,KXETH15M-26OCT042345-45,0.0090,2.00,no
2026-10-05T03:41:41.948731Z,KXETH15M-26OCT042345-45,0.0090,6.00,yes
2026-10-05T03:41:41.948731Z,KXETH15M-26OCT042345-45,0.0100,14.49,yes
2026-10-05T03:41:42.019789Z,KXETH15M-26OCT042345-45,0.0100,6.00,yes
2026-10-05T03:41:42.019848Z,KXETH15M-26OCT042345-45,0.0100,6.00,yes
2026-10-05T03:41:42.036046Z,KXETH15M-26OCT042345-45,0.0100,487.00,yes
2026-10-05T03:41:42.041201Z,KXETH15M-26OCT042345-45,0.0100,6.00,yes
2026-10-05T03:41:42.077846Z,KXETH15M-26OCT042345-45,0.0100,70.00,yes
2026-10-05T03:41:42.093433Z,KXETH15M-26OCT042345-45,0.0100,19.00,yes
2026-10-05T03:41:42.093533Z,KXETH15M-26OCT042345-45,0.0100,1.00,yes
2026-10-05T03:41:42.093647Z,KXETH15M-26OCT042345-45,0.0100,1.00,yes
2026-10-05T03:41:42.0936Z,KXETH15M-26OCT042345-45,0.0100,1.00,yes
2026-10-05T03:41:42.183538Z,KXETH15M-26OCT042345-45,0.0100,64.66,yes
2026-10-05T03:41:42.283217Z,KXETH15M-26OCT042345-45,0.0100,36.56,no
2026-10-05T03:41:42.88195Z,KXETH15M-26OCT042345-45,0.0100,4.00,no
2026-10-05T03:41:42.88195Z,KXETH15M-26OCT042345-45,0.0100,4.44,no
2026-10-05T03:41:42.88195Z,KXETH15M-26OCT042345-45,0.0100,37.00,no
2026-10-05T03:41:42.88195Z,KXETH15M-26OCT042345-45,0.0100,4.00,no
2026-10-05T03:41:43.088481Z,KXETH15M-26OCT042345-45,0.0100,1.00,no
2026-10-05T03:41:43.142674Z,KXETH15M-26OCT042345-45,0.0100,4.00,no
2026-10-05T03:41:43.153755Z,KXETH15M-26OCT042345-45,0.0100,1.00,no
2026-10-05T03:41:43.180539Z,KXETH15M-26OCT042345-45,0.0100,6.00,no
2026-10-05T03:41:43.188457Z,KXETH15M-26OCT042345-45,0.0100,1.00,no
2026-10-05T03:41:43.297937Z,KXETH15M-26OCT042345-45,0.0100,4.00,no
2026-10-05T03:41:43.297937Z,KXETH15M-26OCT042345-45,0.0100,4.00,no
2026-10-05T03:41:43.297937Z,KXETH15M-26OCT042345-45,0.0100,17.00,no
2026-10-05T03:41:43.66469Z,KXETH15M-26OCT042345-45,0.0130,1.10,yes
2026-10-05T03:41:43.66469Z,KXETH15M-26OCT042345-45,0.0110,0.01,yes
2026-10-05T03:41:43.66469Z,KXETH15M-26OCT042345-45,0.0120,0.02,yes
2026-10-05T03:41:43.66469Z,KXETH15M-26OCT042345-45,0.0130,0.02,yes
2026-10-05T03:41:43.66469Z,KXETH15M-26OCT042345-45,0.0130,1.00,yes
2026-10-05T03:41:43.699168Z,KXETH15M-26OCT042345-45,0.0120,3.00,no
2026-10-05T03:41:43.699168Z,KXETH15M-26OCT042345-45,0.0120,13.00,no
2026-10-05T03:41:43.708608Z,KXETH15M-26OCT042345-45,0.0120,10.00,no
2026-10-05T03:41:43.715413Z,KXETH15M-26OCT042345-45,0.0120,3.00,no
2026-10-05T03:41:43.721883Z,KXETH15M-26OCT042345-45,0.0120,3.00,no
2026-10-05T03:41:43.729313Z,KXETH15M-26OCT042345-45,0.0130,52.00,yes
2026-10-05T03:41:43.729313Z,KXETH15M-26OCT042345-45,0.0140,15.93,yes
2026-10-05T03:41:44.444159Z,KXETH15M-26OCT042345-45,0.0140,20.71,yes
2026-10-05T03:41:45.654802Z,KXETH15M-26OCT042345-45,0.0130,0.19,yes
2026-10-05T03:41:45.654802Z,KXETH15M-26OCT042345-45,0.0130,7.00,yes
2026-10-05T03:41:46.073035Z,KXETH15M-26OCT042345-45,0.0130,0.01,yes
2026-10-05T03:41:46.092728Z,KXETH15M-26OCT042345-45,0.0140,7.00,yes
2026-10-05T03:41:46.147208Z,KXETH15M-26OCT042345-45,0.0140,21.67,yes
2026-10-05T03:41:46.147208Z,KXETH15M-26OCT042345-45,0.0150,14.00,yes
2026-10-05T03:41:46.147208Z,KXETH15M-26OCT042345-45,0.0150,11.16,yes
2026-10-05T03:41:46.261052Z,KXETH15M-26OCT042345-45,0.0150,38.42,no
2026-10-05T03:41:46.298919Z,KXETH15M-26OCT042345-45,0.0160,27.50,yes
2026-10-05T03:41:46.478612Z,KXETH15M-26OCT042345-45,0.0110,4.00,no
2026-10-05T03:41:46.478612Z,KXETH15M-26OCT042345-45,0.0110,4.00,no
2026-10-05T03:41:46.478612Z,KXETH15M-26OCT042345-45,0.0140,41.00,no
2026-10-05T03:41:46.478612Z,KXETH15M-26OCT042345-45,0.0150,41.00,no
2026-10-05T03:41:46.478612Z,KXETH15M-26OCT042345-45,0.0150,18.00,no
2026-10-05T03:41:46.478612Z,KXETH15M-26OCT042345-45,0.0130,4.00,no
2026-10-05T03:41:46.478612Z,KXETH15M-26OCT042345-45,0.0120,4.00,no
2026-10-05T03:41:46.478612Z,KXETH15M-26OCT042345-45,0.0130,4.00,no
2026-10-05T03:41:46.478612Z,KXETH15M-26OCT042345-45,0.0100,8.79,no
2026-10-05T03:41:46.478612Z,KXETH15M-26OCT042345-45,0.0150,6.00,no
2026-10-05T03:41:46.478612Z,KXETH15M-26OCT042345-45,0.0120,4.00,no
2026-10-05T03:41:46.478612Z,KXETH15M-26OCT042345-45,0.0100,30.00,no
2026-10-05T03:41:46.478612Z,KXETH15M-26OCT042345-45,0.0130,17.00,no
2026-10-05T03:41:46.761533Z,KXETH15M-26OCT042345-45,0.0120,37.54,no
2026-10-05T03:41:46.902103Z,KXETH15M-26OCT042345-45,0.0160,24.94,yes
2026-10-05T03:41:46.902103Z,KXETH15M-26OCT042345-45,0.0150,20.00,yes
2026-10-05T03:41:46.902103Z,KXETH15M-26OCT042345-45,0.0150,14.00,yes
2026-10-05T03:41:46.902103Z,KXETH15M-26OCT042345-45,0.0140,17.00,yes
2026-10-05T03:41:46.902103Z,KXETH15M-26OCT042345-45,0.0150,22.00,yes
2026-10-05T03:41:46.902103Z,KXETH15M-26OCT042345-45,0.0150,5.00,yes
2026-10-05T03:41:46.902103Z,KXETH15M-26OCT042345-45,0.0150,14.00,yes
2026-10-05T03:41:47.507788Z,KXETH15M-26OCT042345-45,0.0140,0.01,no
2026-10-05T03:41:47.545926Z,KXETH15M-26OCT042345-45,0.0130,100.00,no
2026-10-05T03:41:47.545926Z,KXETH15M-26OCT042345-45,0.0120,3.46,no
2026-10-05T03:41:47.545926Z,KXETH15M-26OCT042345-45,0.0120,33.41,no
2026-10-05T03:41:47.700106Z,KXETH15M-26OCT042345-45,0.0140,13.94,yes
2026-10-05T03:41:47.700106Z,KXETH15M-26OCT042345-45,0.0130,15.00,yes
2026-10-05T03:41:47.700106Z,KXETH15M-26OCT042345-45,0.0140,8.00,yes
2026-10-05T03:41:47.981752Z,KXETH15M-26OCT042345-45,0.0140,8.06,yes
2026-10-05T03:41:47.981752Z,KXETH15M-26OCT042345-45,0.0150,4.00,yes
2026-10-05T03:41:47.981752Z,KXETH15M-26OCT042345-45,0.0150,4.00,yes
2026-10-05T03:41:47.981752Z,KXETH15M-26OCT042345-45,0.0150,20.00,yes
2026-10-05T03:41:47.981752Z,KXETH15M-26OCT042345-45,0.0150,14.00,yes
2026-10-05T03:41:47.981752Z,KXETH15M-26OCT042345-45,0.0160,25.05,yes
2026-10-05T03:41:47.981752Z,KXETH15M-26OCT042345-45,0.0150,5.00,yes
2026-10-05T03:41:48.097669Z,KXETH15M-26OCT042345-45,0.0150,5.00,yes
2026-10-05T03:41:48.097669Z,KXETH15M-26OCT042345-45,0.0160,94.07,yes
2026-10-05T03:41:48.481252Z,KXETH15M-26OCT042345-45,0.0140,0.91,no
2026-10-05T03:41:48.578409Z,KXETH15M-26OCT042345-45,0.0140,14.09,no
2026-10-05T03:41:48.85674Z,KXETH15M-26OCT042345-45,0.0100,2.02,no
2026-10-05T03:41:48.85674Z,KXETH15M-26OCT042345-45,0.0120,37.00,no
2026-10-05T03:41:48.85674Z,KXETH15M-26OCT042345-45,0.0120,12.00,no
2026-10-05T03:41:48.85674Z,KXETH15M-26OCT042345-45,0.0120,4.59,no
2026-10-05T03:41:48.85674Z,KXETH15M-26OCT042345-45,0.0110,41.00,no
2026-10-05T03:41:49.143558Z,KXETH15M-26OCT042345-45,0.0120,10.00,yes
2026-10-05T03:41:49.151914Z,KXETH15M-26OCT042345-45,0.0120,3.00,yes
2026-10-05T03:41:49.154614Z,KXETH15M-26OCT042345-45,0.0120,7.00,yes
2026-10-05T03:41:49.16173Z,KXETH15M-26OCT042345-45,0.0120,3.00,yes
2026-10-05T03:41:49.169859Z,KXETH15M-26OCT042345-45,0.0120,3.00,yes
2026-10-05T03:41:49.211419Z,KXETH15M-26OCT042345-45,0.0120,14.00,yes
2026-10-05T03:41:49.473738Z,KXETH15M-26OCT042345-45,0.0120,1.06,yes
2026-10-05T03:41:50.737412Z,KXETH15M-26OCT042345-45,0.0130,10.00,yes
2026-10-05T03:41:50.741738Z,KXETH15M-26OCT042345-45,0.0130,4.00,yes
2026-10-05T03:41:50.744994Z,KXETH15M-26OCT042345-45,0.0130,3.00,yes
2026-10-05T03:41:50.752723Z,KXETH15M-26OCT042345-45,0.0130,3.00,yes
2026-10-05T03:41:50.752723Z,KXETH15M-26OCT042345-45,0.0130,1.00,yes
2026-10-05T03:41:50.758933Z,KXETH15M-26OCT042345-45,0.0130,5.00,yes
2026-10-05T03:41:51.415703Z,KXETH15M-26OCT042345-45,0.0140,4.00,yes
2026-10-05T03:41:51.415703Z,KXETH15M-26OCT042345-45,0.0150,5.83,yes
2026-10-05T03:41:51.415703Z,KXETH15M-26OCT042345-45,0.0140,15.00,yes
2026-10-05T03:41:51.415703Z,KXETH15M-26OCT042345-45,0.0140,20.00,yes
2026-10-05T03:41:51.415703Z,KXETH15M-26OCT042345-45,0.0150,20.00,yes
2026-10-05T03:41:51.780651Z,KXETH15M-26OCT042345-45,0.0130,6.00,no
2026-10-05T03:41:51.780651Z,KXETH15M-26OCT042345-45,0.0100,0.01,no
2026-10-05T03:41:51.780651Z,KXETH15M-26OCT042345-45,0.0130,4.00,no
2026-10-05T03:41:51.780651Z,KXETH15M-26OCT042345-45,0.0120,22.00,no
2026-10-05T03:41:51.780651Z,KXETH15M-26OCT042345-45,0.0100,75.00,no
2026-10-05T03:41:51.837964Z,KXETH15M-26OCT042345-45,0.0100,10.00,yes
2026-10-05T03:41:51.846124Z,KXETH15M-26OCT042345-45,0.0100,2.00,yes
2026-10-05T03:41:51.854062Z,KXETH15M-26OCT042345-45,0.0100,1.00,yes
2026-10-05T03:41:51.917163Z,KXETH15M-26OCT042345-45,0.0100,39.36,yes
2026-10-05T03:41:51.967403Z,KXETH15M-26OCT042345-45,0.0100,7.00,yes
2026-10-05T03:41:51.970323Z,KXETH15M-26OCT042345-45,0.0100,2.00,yes
2026-10-05T03:41:52.314648Z,KXETH15M-26OCT042345-45,0.0100,616.47,yes
2026-10-05T03:41:52.802396Z,KXETH15M-26OCT042345-45,0.0050,5.00,no
2026-10-05T03:41:52.802396Z,KXETH15M-26OCT042345-45,0.0090,12.00,no
2026-10-05T03:41:52.802396Z,KXETH15M-26OCT042345-45,0.0090,20.00,no
2026-10-05T03:41:52.802396Z,KXETH15M-26OCT042345-45,0.0050,4.00,no
2026-10-05T03:41:52.802396Z,KXETH15M-26OCT042345-45,0.0050,96.00,no
2026-10-05T03:41:52.802396Z,KXETH15M-26OCT042345-45,0.0050,12.00,no
2026-10-05T03:41:52.802396Z,KXETH15M-26OCT042345-45,0.0070,50.00,no
2026-10-05T03:41:52.802396Z,KXETH15M-26OCT042345-45,0.0060,4.00,no
2026-10-05T03:41:52.802396Z,KXETH15M-26OCT042345-45,0.0070,4.00,no
2026-10-05T03:41:52.802396Z,KXETH15M-26OCT042345-45,0.0080,22.00,no
2026-10-05T03:41:52.802396Z,KXETH15M-26OCT042345-45,0.0090,74.00,no
2026-10-05T03:41:52.802396Z,KXETH15M-26OCT042345-45,0.0060,4.00,no
2026-10-05T03:41:52.802396Z,KXETH15M-26OCT042345-45,0.0090,41.00,no
2026-10-05T03:41:52.802396Z,KXETH15M-26OCT042345-45,0.0070,4.00,no
2026-10-05T03:41:52.802396Z,KXETH15M-26OCT042345-45,0.0080,4.00,no
2026-10-05T03:41:52.802396Z,KXETH15M-26OCT042345-45,0.0080,41.00,no
2026-10-05T03:41:52.802396Z,KXETH15M-26OCT042345-45,0.0050,11.00,no
2026-10-05T03:41:52.802396Z,KXETH15M-26OCT042345-45,0.0040,557.34,no
2026-10-05T03:41:53.714532Z,KXETH15M-26OCT042345-45,0.0090,20.00,yes
2026-10-05T03:41:53.714532Z,KXETH15M-26OCT042345-45,0.0100,35.73,yes
2026-10-05T03:41:53.714532Z,KXETH15M-26OCT042345-45,0.0090,21.00,yes
2026-10-05T03:41:53.714532Z,KXETH15M-26OCT042345-45,0.0090,10.00,yes
2026-10-05T03:41:53.714532Z,KXETH15M-26OCT042345-45,0.0090,13.00,yes
2026-10-05T03:41:53.805589Z,KXETH15M-26OCT042345-45,0.0100,161.67,yes
2026-10-05T03:41:53.942692Z,KXETH15M-26OCT042345-45,0.0090,5.00,yes
2026-10-05T03:41:54.623311Z,KXETH15M-26OCT042345-45,0.0100,860.37,yes
2026-10-05T03:41:54.623311Z,KXETH15M-26OCT042345-45,0.0090,21.00,yes
2026-10-05T03:41:54.623311Z,KXETH15M-26OCT042345-45,0.0090,20.00,yes
2026-10-05T03:41:54.623311Z,KXETH15M-26OCT042345-45,0.0090,41.00,yes
2026-10-05T03:41:54.623311Z,KXETH15M-26OCT042345-45,0.0090,1.00,yes
2026-10-05T03:41:55.029349Z,KXETH15M-26OCT042345-45,0.0040,1.01,no
2026-10-05T03:41:55.029349Z,KXETH15M-26OCT042345-45,0.0080,41.00,no
2026-10-05T03:41:55.029349Z,KXETH15M-26OCT042345-45,0.0070,41.00,no
2026-10-05T03:41:55.029349Z,KXETH15M-26OCT042345-45,0.0070,20.00,no
2026-10-05T03:41:55.029349Z,KXETH15M-26OCT042345-45,0.0050,12.00,no
2026-10-05T03:41:55.029349Z,KXETH15M-26OCT042345-45,0.0050,20.00,no
2026-10-05T03:41:55.029349Z,KXETH15M-26OCT042345-45,0.0050,9.00,no
2026-10-05T03:41:55.029349Z,KXETH15M-26OCT042345-45,0.0040,64.37,no
2026-10-05T03:41:55.029349Z,KXETH15M-26OCT042345-45,0.0080,15.00,no
2026-10-05T03:41:55.029349Z,KXETH15M-26OCT042345-45,0.0060,1.00,no
2026-10-05T03:41:55.029349Z,KXETH15M-26OCT042345-45,0.0070,3.00,no
2026-10-05T03:41:55.029349Z,KXETH15M-26OCT042345-45,0.0080,24.00,no
2026-10-05T03:41:55.029349Z,KXETH15M-26OCT042345-45,0.0040,100.00,no
2026-10-05T03:41:55.029349Z,KXETH15M-26OCT042345-45,0.0040,1.00,no
2026-10-05T03:41:55.029349Z,KXETH15M-26OCT042345-45,0.0040,13.00,no
2026-10-05T03:41:55.029349Z,KXETH15M-26OCT042345-45,0.0040,1.00,no
2026-10-05T03:41:55.029349Z,KXETH15M-26OCT042345-45,0.0040,5.66,no
2026-10-05T03:41:55.029349Z,KXETH15M-26OCT042345-45,0.0040,1.00,no
2026-10-05T03:41:55.029349Z,KXETH15M-26OCT042345-45,0.0040,1.00,no
2026-10-05T03:41:55.029349Z,KXETH15M-26OCT042345-45,0.0040,1.00,no
2026-10-05T03:41:55.029349Z,KXETH15M-26OCT042345-45,0.0040,1.00,no
2026-10-05T03:41:55.077628Z,KXETH15M-26OCT042345-45,0.0080,94.19,yes
2026-10-05T03:41:55.346659Z,KXETH15M-26OCT042345-45,0.0080,5.81,yes
2026-10-05T03:41:55.346659Z,KXETH15M-26OCT042345-45,0.0080,4.58,yes
2026-10-05T03:41:55.521138Z,KXETH15M-26OCT042345-45,0.0070,20.00,no
2026-10-05T03:41:55.521138Z,KXETH15M-26OCT042345-45,0.0070,13.00,no
2026-10-05T03:41:55.521138Z,KXETH15M-26OCT042345-45,0.0070,41.00,no
2026-10-05T03:41:55.521138Z,KXETH15M-26OCT042345-45,0.0070,14.00,no
2026-10-05T03:41:55.521138Z,KXETH15M-26OCT042345-45,0.0060,12.00,no
2026-10-05T03:41:56.106835Z,KXETH15M-26OCT042345-45,0.0070,41.00,no
2026-10-05T03:41:56.106835Z,KXETH15M-26OCT042345-45,0.0060,22.55,no
2026-10-05T03:41:56.954682Z,KXETH15M-26OCT042345-45,0.0070,11.00,yes
2026-10-05T03:41:56.954682Z,KXETH15M-26OCT042345-45,0.0070,14.00,yes
2026-10-05T03:41:56.954682Z,KXETH15M-26OCT042345-45,0.0100,13.42,yes
2026-10-05T03:41:57.324757Z,KXETH15M-26OCT042345-45,0.0080,26.00,yes
2026-10-05T03:41:57.62784Z,KXETH15M-26OCT042345-45,0.0070,13.09,no
2026-10-05T03:41:57.62784Z,KXETH15M-26OCT042345-45,0.0080,2.00,no
2026-10-05T03:41:57.766405Z,KXETH15M-26OCT042345-45,0.0080,5.03,no
2026-10-05T03:41:58.352981Z,KXETH15M-26OCT042345-45,0.0100,75.00,yes
2026-10-05T03:41:58.352981Z,KXETH15M-26OCT042345-45,0.0150,9.00,yes
2026-10-05T03:41:58.352981Z,KXETH15M-26OCT042345-45,0.0100,163.97,yes
2026-10-05T03:41:58.352981Z,KXETH15M-26OCT042345-45,0.0120,4.00,yes
2026-10-05T03:41:58.352981Z,KXETH15M-26OCT042345-45,0.0120,4.00,yes
2026-10-05T03:41:58.352981Z,KXETH15M-26OCT042345-45,0.0130,4.00,yes
2026-10-05T03:41:58.352981Z,KXETH15M-26OCT042345-45,0.0150,14.00,yes
2026-10-05T03:41:58.352981Z,KXETH15M-26OCT042345-45,0.0140,1.01,yes
2026-10-05T03:41:58.352981Z,KXETH15M-26OCT042345-45,0.0110,4.00,yes
2026-10-05T03:41:58.352981Z,KXETH15M-26OCT042345-45,0.0100,4.00,yes
2026-10-05T03:41:58.352981Z,KXETH15M-26OCT042345-45,0.0100,4.00,yes
2026-10-05T03:41:58.352981Z,KXETH15M-26OCT042345-45,0.0150,9.00,yes
2026-10-05T03:41:58.352981Z,KXETH15M-26OCT042345-45,0.0110,20.00,yes
2026-10-05T03:41:58.352981Z,KXETH15M-26OCT042345-45,0.0110,4.00,yes
2026-10-05T03:41:58.352981Z,KXETH15M-26OCT042345-45,0.0100,20.00,yes
2026-10-05T03:41:58.352981Z,KXETH15M-26OCT042345-45,0.0120,22.00,yes
2026-10-05T03:41:58.352981Z,KXETH15M-26OCT042345-45,0.0080,24.00,yes
2026-10-05T03:41:58.352981Z,KXETH15M-26OCT042345-45,0.0090,20.00,yes
2026-10-05T03:41:58.352981Z,KXETH15M-26OCT042345-45,0.0160,2.31,yes
2026-10-05T03:42:00.41052Z,KXETH15M-26OCT042345-45,0.0080,5.00,no
2026-10-05T03:42:00.444066Z,KXETH15M-26OCT042345-45,0.0080,1.00,no
2026-10-05T03:42:00.586988Z,KXETH15M-26OCT042345-45,0.0080,1.00,no
2026-10-05T03:42:00.637053Z,KXETH15M-26OCT042345-45,0.0100,40.00,yes
2026-10-05T03:42:00.637053Z,KXETH15M-26OCT042345-45,0.0100,1.53,yes
2026-10-05T03:42:00.637053Z,KXETH15M-26OCT042345-45,0.0100,20.00,yes
2026-10-05T03:42:00.637053Z,KXETH15M-26OCT042345-45,0.0090,7.00,yes
2026-10-05T03:42:00.637053Z,KXETH15M-26OCT042345-45,0.0090,9.00,yes
2026-10-05T03:42:01.324257Z,KXETH15M-26OCT042345-45,0.0080,5.03,no
2026-10-05T03:42:01.415202Z,KXETH15M-26OCT042345-45,0.0090,4.00,yes
2026-10-05T03:42:01.415202Z,KXETH15M-26OCT042345-45,0.0100,18.75,yes
2026-10-05T03:42:01.415202Z,KXETH15M-26OCT042345-45,0.0090,15.00,yes
2026-10-05T03:42:01.415202Z,KXETH15M-26OCT042345-45,0.0090,9.00,yes
2026-10-05T03:42:02.111557Z,KXETH15M-26OCT042345-45,0.0100,15.56,yes
2026-10-05T03:42:02.111557Z,KXETH15M-26OCT042345-45,0.0090,21.00,yes
2026-10-05T03:42:02.111557Z,KXETH15M-26OCT042345-45,0.0090,8.00,yes
2026-10-05T03:42:02.42136Z,KXETH15M-26OCT042345-45,0.0080,6.00,no
2026-10-05T03:42:03.015659Z,KXETH15M-26OCT042345-45,0.0090,4.00,yes
2026-10-05T03:42:03.015659Z,KXETH15M-26OCT042345-45,0.0090,5.61,yes
2026-10-05T03:42:03.12287Z,KXETH15M-26OCT042345-45,0.0120,3.42,yes
2026-10-05T03:42:03.12287Z,KXETH15M-26OCT042345-45,0.0120,4.00,yes
2026-10-05T03:42:03.12287Z,KXETH15M-26OCT042345-45,0.0100,20.00,yes
2026-10-05T03:42:03.12287Z,KXETH15M-26OCT042345-45,0.0100,1.00,yes
2026-10-05T03:42:03.12287Z,KXETH15M-26OCT042345-45,0.0100,25.69,yes
2026-10-05T03:42:03.12287Z,KXETH15M-26OCT042345-45,0.0130,4.00,yes
2026-10-05T03:42:03.12287Z,KXETH15M-26OCT042345-45,0.0110,4.00,yes
2026-10-05T03:42:03.12287Z,KXETH15M-26OCT042345-45,0.0110,4.00,yes
2026-10-05T03:42:03.12287Z,KXETH15M-26OCT042345-45,0.0130,3.32,yes
2026-10-05T03:42:03.12287Z,KXETH15M-26OCT042345-45,0.0090,14.39,yes
2026-10-05T03:42:03.12287Z,KXETH15M-26OCT042345-45,0.0120,4.00,yes
2026-10-05T03:42:04.222979Z,KXETH15M-26OCT042345-45,0.0080,5.00,yes
2026-10-05T03:42:04.222979Z,KXETH15M-26OCT042345-45,0.0090,20.00,yes
2026-10-05T03:42:04.222979Z,KXETH15M-26OCT042345-45,0.0100,20.00,yes
2026-10-05T03:42:04.622987Z,KXETH15M-26OCT042345-45,0.0110,2.81,yes
2026-10-05T03:42:04.635466Z,KXETH15M-26OCT042345-45,0.0100,4.00,no
2026-10-05T03:42:04.643081Z,KXETH15M-26OCT042345-45,0.0100,1.00,no
2026-10-05T03:42:04.652143Z,KXETH15M-26OCT042345-45,0.0100,1.00,no
2026-10-05T03:42:05.069618Z,KXETH15M-26OCT042345-45,0.0110,2.90,yes
2026-10-05T03:42:05.299334Z,KXETH15M-26OCT042345-45,0.0090,27.00,no
2026-10-05T03:42:05.299334Z,KXETH15M-26OCT042345-45,0.0100,87.00,no
2026-10-05T03:42:05.299334Z,KXETH15M-26OCT042345-45,0.0060,32.46,no
2026-10-05T03:42:05.299334Z,KXETH15M-26OCT042345-45,0.0060,6.45,no
2026-10-05T03:42:05.423301Z,KXETH15M-26OCT042345-45,0.0080,14.00,yes
2026-10-05T03:42:05.423301Z,KXETH15M-26OCT042345-45,0.0090,20.00,yes
2026-10-05T03:42:05.423301Z,KXETH15M-26OCT042345-45,0.0100,17.02,yes
2026-10-05T03:42:05.423301Z,KXETH15M-26OCT042345-45,0.0080,29.00,yes
2026-10-05T03:42:05.423301Z,KXETH15M-26OCT042345-45,0.0090,5.00,yes
2026-10-05T03:42:05.523997Z,KXETH15M-26OCT042345-45,0.0090,27.00,yes
2026-10-05T03:42:05.523997Z,KXETH15M-26OCT042345-45,0.0100,17.00,yes
2026-10-05T03:42:05.523997Z,KXETH15M-26OCT042345-45,0.0100,2.98,yes
2026-10-05T03:42:05.523997Z,KXETH15M-26OCT042345-45,0.0090,20.00,yes
2026-10-05T03:42:05.527788Z,KXETH15M-26OCT042345-45,0.0100,15.14,no
2026-10-05T03:42:05.998365Z,KXETH15M-26OCT042345-45,0.0100,19.14,no
2026-10-05T03:42:06.150446Z,KXETH15M-26OCT042345-45,0.0100,1.00,no
2026-10-05T03:42:06.479952Z,KXETH15M-26OCT042345-45,0.0100,0.01,no
2026-10-05T03:42:06.843016Z,KXETH15M-26OCT042345-45,0.0100,90.64,no
2026-10-05T03:42:06.907167Z,KXETH15M-26OCT042345-45,0.0110,21.00,yes
2026-10-05T03:42:06.907167Z,KXETH15M-26OCT042345-45,0.0130,4.00,yes
2026-10-05T03:42:06.907167Z,KXETH15M-26OCT042345-45,0.0140,4.00,yes
2026-10-05T03:42:06.907167Z,KXETH15M-26OCT042345-45,0.0110,22.00,yes
2026-10-05T03:42:06.907167Z,KXETH15M-26OCT042345-45,0.0110,12.00,yes
2026-10-05T03:42:06.907167Z,KXETH15M-26OCT042345-45,0.0160,46.06,yes
2026-10-05T03:42:06.907167Z,KXETH15M-26OCT042345-45,0.0140,4.00,yes
2026-10-05T03:42:06.907167Z,KXETH15M-26OCT042345-45,0.0150,4.00,yes
2026-10-05T03:42:06.907167Z,KXETH15M-26OCT042345-45,0.0150,4.00,yes
2026-10-05T03:42:06.907167Z,KXETH15M-26OCT042345-45,0.0150,1.01,yes
2026-10-05T03:42:06.907167Z,KXETH15M-26OCT042345-45,0.0150,14.00,yes
2026-10-05T03:42:06.907167Z,KXETH15M-26OCT042345-45,0.0160,176.13,yes
2026-10-05T03:42:06.944905Z,KXETH15M-26OCT042345-45,0.0110,47.00,no
2026-10-05T03:42:06.944905Z,KXETH15M-26OCT042345-45,0.0110,3.00,no
2026-10-05T03:42:07.325012Z,KXETH15M-26OCT042345-45,0.0100,1.00,no
2026-10-05T03:42:07.419237Z,KXETH15M-26OCT042345-45,0.0110,11.93,yes
2026-10-05T03:42:07.419237Z,KXETH15M-26OCT042345-45,0.0110,20.00,yes
2026-10-05T03:42:07.637172Z,KXETH15M-26OCT042345-45,0.0110,1.07,yes
2026-10-05T03:42:07.637172Z,KXETH15M-26OCT042345-45,0.0110,15.93,yes
2026-10-05T03:42:07.77065Z,KXETH15M-26OCT042345-45,0.0100,6.00,no
2026-10-05T03:42:07.77209Z,KXETH15M-26OCT042345-45,0.0110,32.07,yes
2026-10-05T03:42:07.77209Z,KXETH15M-26OCT042345-45,0.0110,13.93,yes
2026-10-05T03:42:07.773554Z,KXETH15M-26OCT042345-45,0.0100,3.00,no
2026-10-05T03:42:07.869635Z,KXETH15M-26OCT042345-45,0.0110,2.07,yes
2026-10-05T03:42:07.869635Z,KXETH15M-26OCT042345-45,0.0110,5.12,yes
2026-10-05T03:42:07.98078Z,KXETH15M-26OCT042345-45,0.0100,40.37,no
2026-10-05T03:42:08.697585Z,KXETH15M-26OCT042345-45,0.0110,8.88,yes
2026-10-05T03:42:08.697585Z,KXETH15M-26OCT042345-45,0.0140,15.60,yes
2026-10-05T03:42:08.697585Z,KXETH15M-26OCT042345-45,0.0110,34.00,yes
2026-10-05T03:42:08.697585Z,KXETH15M-26OCT042345-45,0.0120,20.00,yes
2026-10-05T03:42:09.469837Z,KXETH15M-26OCT042345-45,0.0120,7.00,no
2026-10-05T03:42:09.956514Z,KXETH15M-26OCT042345-45,0.0110,1.00,no
2026-10-05T03:42:10.197711Z,KXETH15M-26OCT042345-45,0.0120,27.00,yes
2026-10-05T03:42:10.197711Z,KXETH15M-26OCT042345-45,0.0120,20.00,yes
2026-10-05T03:42:10.197711Z,KXETH15M-26OCT042345-45,0.0130,8.06,yes
2026-10-05T03:42:10.197711Z,KXETH15M-26OCT042345-45,0.0130,20.00,yes
2026-10-05T03:42:10.291647Z,KXETH15M-26OCT042345-45,0.0130,11.94,yes
2026-10-05T03:42:10.291647Z,KXETH15M-26OCT042345-45,0.0130,20.00,yes
2026-10-05T03:42:10.291647Z,KXETH15M-26OCT042345-45,0.0120,7.00,yes
2026-10-05T03:42:10.291647Z,KXETH15M-26OCT042345-45,0.0130,14.61,yes
2026-10-05T03:42:10.291647Z,KXETH15M-26OCT042345-45,0.0120,20.00,yes
2026-10-05T03:42:10.313217Z,KXETH15M-26OCT042345-45,0.0110,12.00,no
2026-10-05T03:42:10.313217Z,KXETH15M-26OCT042345-45,0.0100,14.49,no
2026-10-05T03:42:10.313217Z,KXETH15M-26OCT042345-45,0.0110,19.00,no
2026-10-05T03:42:10.385901Z,KXETH15M-26OCT042345-45,0.0150,4.00,yes
2026-10-05T03:42:10.385901Z,KXETH15M-26OCT042345-45,0.0160,1.01,yes
2026-10-05T03:42:10.385901Z,KXETH15M-26OCT042345-45,0.0130,20.00,yes
2026-10-05T03:42:10.385901Z,KXETH15M-26OCT042345-45,0.0130,10.39,yes
2026-10-05T03:42:10.385901Z,KXETH15M-26OCT042345-45,0.0130,4.00,yes
2026-10-05T03:42:10.385901Z,KXETH15M-26OCT042345-45,0.0160,22.00,yes
2026-10-05T03:42:10.385901Z,KXETH15M-26OCT042345-45,0.0120,20.00,yes
2026-10-05T03:42:10.385901Z,KXETH15M-26OCT042345-45,0.0160,4.00,yes
2026-10-05T03:42:10.385901Z,KXETH15M-26OCT042345-45,0.0150,4.00,yes
2026-10-05T03:42:10.385901Z,KXETH15M-26OCT042345-45,0.0150,14.00,yes
2026-10-05T03:42:10.385901Z,KXETH15M-26OCT042345-45,0.0160,4.00,yes
2026-10-05T03:42:10.385901Z,KXETH15M-26OCT042345-45,0.0140,3.00,yes
2026-10-05T03:42:10.385901Z,KXETH15M-26OCT042345-45,0.0170,31.35,yes
2026-10-05T03:42:10.385901Z,KXETH15M-26OCT042345-45,0.0160,511.28,yes
2026-10-05T03:42:10.385901Z,KXETH15M-26OCT042345-45,0.0160,5.66,yes
2026-10-05T03:42:10.385901Z,KXETH15M-26OCT042345-45,0.0150,50.00,yes
2026-10-05T03:42:11.300625Z,KXETH15M-26OCT042345-45,0.0110,15.30,no
2026-10-05T03:42:11.300625Z,KXETH15M-26OCT042345-45,0.0110,27.00,no
2026-10-05T03:42:11.549483Z,KXETH15M-26OCT042345-45,0.0130,18.04,yes
2026-10-05T03:42:11.549483Z,KXETH15M-26OCT042345-45,0.0120,20.00,yes
2026-10-05T03:42:11.549483Z,KXETH15M-26OCT042345-45,0.0130,20.00,yes
2026-10-05T03:42:11.549483Z,KXETH15M-26OCT042345-45,0.0120,15.00,yes
2026-10-05T03:42:11.560262Z,KXETH15M-26OCT042345-45,0.0120,0.76,yes
2026-10-05T03:42:12.560555Z,KXETH15M-26OCT042345-45,0.0110,5.61,no
2026-10-05T03:42:12.560555Z,KXETH15M-26OCT042345-45,0.0110,8.00,no
2026-10-05T03:42:12.560555Z,KXETH15M-26OCT042345-45,0.0110,12.00,no
2026-10-05T03:42:12.560555Z,KXETH15M-26OCT042345-45,0.0110,4.70,no
2026-10-05T03:42:13.714545Z,KXETH15M-26OCT042345-45,0.0110,15.15,no
2026-10-05T03:42:13.856493Z,KXETH15M-26OCT042345-45,0.0200,30.00,yes
2026-10-05T03:42:13.856493Z,KXETH15M-26OCT042345-45,0.0230,164.11,yes
2026-10-05T03:42:13.856493Z,KXETH15M-26OCT042345-45,0.0240,1.00,yes
2026-10-05T03:42:13.856493Z,KXETH15M-26OCT042345-45,0.0180,41.03,yes
2026-10-05T03:42:13.856493Z,KXETH15M-26OCT042345-45,0.0200,58.34,yes
2026-10-05T03:42:13.856493Z,KXETH15M-26OCT042345-45,0.0180,233.31,yes
2026-10-05T03:42:13.856493Z,KXETH15M-26OCT042345-45,0.0220,58.35,yes
2026-10-05T03:42:13.856493Z,KXETH15M-26OCT042345-45,0.0180,56.97,yes
2026-10-05T03:42:13.856493Z,KXETH15M-26OCT042345-45,0.0170,68.65,yes
2026-10-05T03:42:13.856493Z,KXETH15M-26OCT042345-45,0.0150,6.00,yes
2026-10-05T03:42:13.856493Z,KXETH15M-26OCT042345-45,0.0120,13.00,yes
2026-10-05T03:42:13.856493Z,KXETH15M-26OCT042345-45,0.0170,4.00,yes
2026-10-05T03:42:13.856493Z,KXETH15M-26OCT042345-45,0.0120,13.00,yes
2026-10-05T03:42:13.856493Z,KXETH15M-26OCT042345-45,0.0200,15.00,yes
2026-10-05T03:42:13.856493Z,KXETH15M-26OCT042345-45,0.0200,1.00,yes
2026-10-05T03:42:13.856493Z,KXETH15M-26OCT042345-45,0.0170,4.00,yes
2026-10-05T03:42:13.856493Z,KXETH15M-26OCT042345-45,0.0170,1.01,yes
2026-10-05T03:42:13.856493Z,KXETH15M-26OCT042345-45,0.0190,4.04,yes
2026-10-05T03:42:13.856493Z,KXETH15M-26OCT042345-45,0.0130,20.00,yes
2026-10-05T03:42:13.856493Z,KXETH15M-26OCT042345-45,0.0210,75.00,yes
2026-10-05T03:42:13.856493Z,KXETH15M-26OCT042345-45,0.0230,4.04,yes
2026-10-05T03:42:13.856493Z,KXETH15M-26OCT042345-45,0.0250,4.04,yes
2026-10-05T03:42:13.856493Z,KXETH15M-26OCT042345-45,0.0120,19.24,yes
2026-10-05T03:42:13.856493Z,KXETH15M-26OCT042345-45,0.0200,5.00,yes
2026-10-05T03:42:13.856493Z,KXETH15M-26OCT042345-45,0.0200,16.00,yes
2026-10-05T03:42:13.856493Z,KXETH15M-26OCT042345-45,0.0210,4.04,yes
2026-10-05T03:42:13.856493Z,KXETH15M-26OCT042345-45,0.0120,12.00,yes
2026-10-05T03:42:13.856493Z,KXETH15M-26OCT042345-45,0.0210,40.00,yes
2026-10-05T03:42:13.856493Z,KXETH15M-26OCT042345-45,0.0250,20.00,yes
2026-10-05T03:42:13.856493Z,KXETH15M-26OCT042345-45,0.0210,4.00,yes
2026-10-05T03:42:13.856493Z,KXETH15M-26OCT042345-45,0.0180,4.00,yes
2026-10-05T03:42:13.856493Z,KXETH15M-26OCT042345-45,0.0160,20.00,yes
2026-10-05T03:42:13.856493Z,KXETH15M-26OCT042345-45,0.0210,15.00,yes
2026-10-05T03:42:13.856493Z,KXETH15M-26OCT042345-45,0.0210,30.00,yes
2026-10-05T03:42:13.856493Z,KXETH15M-26OCT042345-45,0.0200,9.00,yes
2026-10-05T03:42:13.856493Z,KXETH15M-26OCT042345-45,0.0160,14.00,yes
2026-10-05T03:42:13.856493Z,KXETH15M-26OCT042345-45,0.0180,50.00,yes
2026-10-05T03:42:13.856493Z,KXETH15M-26OCT042345-45,0.0190,4.00,yes
2026-10-05T03:42:13.856493Z,KXETH15M-26OCT042345-45,0.0190,4.00,yes
2026-10-05T03:42:13.856493Z,KXETH15M-26OCT042345-45,0.0210,45.00,yes
2026-10-05T03:42:13.856493Z,KXETH15M-26OCT042345-45,0.0180,4.00,yes
2026-10-05T03:42:13.856493Z,KXETH15M-26OCT042345-45,0.0260,8.32,yes
2026-10-05T03:42:14.155176Z,KXETH15M-26OCT042345-45,0.0130,22.00,no
2026-10-05T03:42:14.155176Z,KXETH15M-26OCT042345-45,0.0120,28.00,no
2026-10-05T03:42:14.182425Z,KXETH15M-26OCT042345-45,0.0130,20.00,yes
2026-10-05T03:42:14.182425Z,KXETH15M-26OCT042345-45,0.0190,20.00,yes
2026-10-05T03:42:14.182425Z,KXETH15M-26OCT042345-45,0.0190,5.00,yes
2026-10-05T03:42:14.182425Z,KXETH15M-26OCT042345-45,0.0130,39.00,yes
2026-10-05T03:42:14.182425Z,KXETH15M-26OCT042345-45,0.0140,22.00,yes
2026-10-05T03:42:14.182425Z,KXETH15M-26OCT042345-45,0.0200,25.75,yes
2026-10-05T03:42:14.182425Z,KXETH15M-26OCT042345-45,0.0150,6.00,yes
2026-10-05T03:42:14.182425Z,KXETH15M-26OCT042345-45,0.0190,12.00,yes
2026-10-05T03:42:14.182425Z,KXETH15M-26OCT042345-45,0.0140,20.00,yes
2026-10-05T03:42:14.579305Z,KXETH15M-26OCT042345-45,0.0130,9.85,no
2026-10-05T03:42:15.387077Z,KXETH15M-26OCT042345-45,0.0140,20.00,yes
2026-10-05T03:42:15.387077Z,KXETH15M-26OCT042345-45,0.0150,24.00,yes
2026-10-05T03:42:15.387077Z,KXETH15M-26OCT042345-45,0.0150,20.00,yes
2026-10-05T03:42:15.387077Z,KXETH15M-26OCT042345-45,0.0140,20.00,yes
2026-10-05T03:42:15.387077Z,KXETH15M-26OCT042345-45,0.0140,16.00,yes
2026-10-05T03:42:15.617975Z,KXETH15M-26OCT042345-45,0.0150,11.65,no
2026-10-05T03:42:15.630076Z,KXETH15M-26OCT042345-45,0.0140,26.00,no
2026-10-05T03:42:16.541652Z,KXETH15M-26OCT042345-45,0.0110,1.76,no
2026-10-05T03:42:16.541652Z,KXETH15M-26OCT042345-45,0.0120,8.00,no
2026-10-05T03:42:16.541652Z,KXETH15M-26OCT042345-45,0.0110,0.24,no
2026-10-05T03:42:16.770068Z,KXETH15M-26OCT042345-45,0.0120,0.60,yes
2026-10-05T03:42:17.094935Z,KXETH15M-26OCT042345-45,0.0110,10.24,no
2026-10-05T03:42:17.094935Z,KXETH15M-26OCT042345-45,0.0110,20.00,no
2026-10-05T03:42:17.094935Z,KXETH15M-26OCT042345-45,0.0110,1.76,no
2026-10-05T03:42:17.183129Z,KXETH15M-26OCT042345-45,0.0110,10.00,yes
2026-10-05T03:42:17.183129Z,KXETH15M-26OCT042345-45,0.0110,20.00,yes
2026-10-05T03:42:17.191273Z,KXETH15M-26OCT042345-45,0.0120,25.40,yes
2026-10-05T03:42:17.191273Z,KXETH15M-26OCT042345-45,0.0120,20.00,yes
2026-10-05T03:42:17.191273Z,KXETH15M-26OCT042345-45,0.0120,40.00,yes
2026-10-05T03:42:17.191273Z,KXETH15M-26OCT042345-45,0.0110,20.00,yes
2026-10-05T03:42:17.194551Z,KXETH15M-26OCT042345-45,0.0120,8.00,yes
2026-10-05T03:42:17.194551Z,KXETH15M-26OCT042345-45,0.0120,12.00,yes
2026-10-05T03:42:18.237129Z,KXETH15M-26OCT042345-45,0.0120,17.13,yes
2026-10-05T03:42:18.237129Z,KXETH15M-26OCT042345-45,0.0110,23.00,yes
2026-10-05T03:42:18.237129Z,KXETH15M-26OCT042345-45,0.0110,20.00,yes
2026-10-05T03:42:18.237129Z,KXETH15M-26OCT042345-45,0.0110,14.00,yes
2026-10-05T03:42:18.237129Z,KXETH15M-26OCT042345-45,0.0110,0.01,yes
2026-10-05T03:42:18.237129Z,KXETH15M-26OCT042345-45,0.0110,9.00,yes
2026-10-05T03:42:18.718012Z,KXETH15M-26OCT042345-45,0.0110,17.00,yes
2026-10-05T03:42:18.718012Z,KXETH15M-26OCT042345-45,0.0180,12.00,yes
2026-10-05T03:42:18.718012Z,KXETH15M-26OCT042345-45,0.0200,0.03,yes
2026-10-05T03:42:18.718012Z,KXETH15M-26OCT042345-45,0.0170,0.02,yes
2026-10-05T03:42:18.718012Z,KXETH15M-26OCT042345-45,0.0150,22.00,yes
2026-10-05T03:42:18.718012Z,KXETH15M-26OCT042345-45,0.0240,4.04,yes
2026-10-05T03:42:18.718012Z,KXETH15M-26OCT042345-45,0.0240,0.05,yes
2026-10-05T03:42:18.718012Z,KXETH15M-26OCT042345-45,0.0180,0.02,yes
2026-10-05T03:42:18.718012Z,KXETH15M-26OCT042345-45,0.0210,55.00,yes
2026-10-05T03:42:18.718012Z,KXETH15M-26OCT042345-45,0.0210,0.04,yes
2026-10-05T03:42:18.718012Z,KXETH15M-26OCT042345-45,0.0110,0.01,yes
2026-10-05T03:42:18.718012Z,KXETH15M-26OCT042345-45,0.0120,17.00,yes
2026-10-05T03:42:18.718012Z,KXETH15M-26OCT042345-45,0.0110,21.00,yes
2026-10-05T03:42:18.718012Z,KXETH15M-26OCT042345-45,0.0190,0.03,yes
2026-10-05T03:42:18.718012Z,KXETH15M-26OCT042345-45,0.0230,0.05,yes
2026-10-05T03:42:18.718012Z,KXETH15M-26OCT042345-45,0.0220,0.04,yes
2026-10-05T03:42:18.718012Z,KXETH15M-26OCT042345-45,0.0110,20.00,yes
2026-10-05T03:42:18.718012Z,KXETH15M-26OCT042345-45,0.0180,4.00,yes
2026-10-05T03:42:18.718012Z,KXETH15M-26OCT042345-45,0.0170,4.00,yes
2026-10-05T03:42:18.718012Z,KXETH15M-26OCT042345-45,0.0210,1.00,yes
2026-10-05T03:42:18.718012Z,KXETH15M-26OCT042345-45,0.0200,40.00,yes
2026-10-05T03:42:18.718012Z,KXETH15M-26OCT042345-45,0.0180,4.00,yes
2026-10-05T03:42:18.718012Z,KXETH15M-26OCT042345-45,0.0130,0.02,yes
2026-10-05T03:42:18.718012Z,KXETH15M-26OCT042345-45,0.0200,4.04,yes
2026-10-05T03:42:18.718012Z,KXETH15M-26OCT042345-45,0.0220,4.04,yes
2026-10-05T03:42:18.718012Z,KXETH15M-26OCT042345-45,0.0120,0.02,yes
2026-10-05T03:42:18.718012Z,KXETH15M-26OCT042345-45,0.0190,20.00,yes
2026-10-05T03:42:18.718012Z,KXETH15M-26OCT042345-45,0.0250,18.45,yes
2026-10-05T03:42:18.718012Z,KXETH15M-26OCT042345-45,0.0160,0.02,yes
2026-10-05T03:42:18.718012Z,KXETH15M-26OCT042345-45,0.0150,0.02,yes
2026-10-05T03:42:18.718012Z,KXETH15M-26OCT042345-45,0.0180,4.04,yes
2026-10-05T03:42:18.718012Z,KXETH15M-26OCT042345-45,0.0140,0.02,yes
2026-10-05T03:42:18.718012Z,KXETH15M-26OCT042345-45,0.0160,1.01,yes
2026-10-05T03:42:18.718012Z,KXETH15M-26OCT042345-45,0.0120,2.87,yes
2026-10-05T03:42:18.718012Z,KXETH15M-26OCT042345-45,0.0180,5.00,yes
2026-10-05T03:42:18.718012Z,KXETH15M-26OCT042345-45,0.0200,50.00,yes
2026-10-05T03:42:18.718012Z,KXETH15M-26OCT042345-45,0.0190,4.00,yes
2026-10-05T03:42:18.718012Z,KXETH15M-26OCT042345-45,0.0250,6.00,yes
2026-10-05T03:42:18.718012Z,KXETH15M-26OCT042345-45,0.0210,45.00,yes
2026-10-05T03:42:18.718012Z,KXETH15M-26OCT042345-45,0.0190,4.00,yes
2026-10-05T03:42:18.718012Z,KXETH15M-26OCT042345-45,0.0200,4.00,yes
2026-10-05T03:42:18.718012Z,KXETH15M-26OCT042345-45,0.0200,4.25,yes
2026-10-05T03:42:19.095278Z,KXETH15M-26OCT042345-45,0.0100,4.00,no
2026-10-05T03:42:19.095317Z,KXETH15M-26OCT042345-45,0.0100,4.00,no
2026-10-05T03:42:19.116883Z,KXETH15M-26OCT042345-45,0.0100,17.76,no
2026-10-05T03:42:19.205529Z,KXETH15M-26OCT042345-45,0.0100,34.73,no
2026-10-05T03:42:19.391727Z,KXETH15M-26OCT042345-45,0.0100,80.00,no
2026-10-05T03:42:19.681938Z,KXETH15M-26OCT042345-45,0.0110,19.00,yes
2026-10-05T03:42:19.681938Z,KXETH15M-26OCT042345-45,0.0110,2.00,yes
2026-10-05T03:42:19.681938Z,KXETH15M-26OCT042345-45,0.0110,0.01,yes
2026-10-05T03:42:19.681938Z,KXETH15M-26OCT042345-45,0.0110,20.00,yes
2026-10-05T03:42:19.681938Z,KXETH15M-26OCT042345-45,0.0110,1.11,yes
2026-10-05T03:42:22.562567Z,KXETH15M-26OCT042345-45,0.0100,68.00,no
2026-10-05T03:42:22.563803Z,KXETH15M-26OCT042345-45,0.0100,66.00,no
2026-10-05T03:42:22.565069Z,KXETH15M-26OCT042345-45,0.0100,15.00,no
2026-10-05T03:42:22.576389Z,KXETH15M-26OCT042345-45,0.0100,19.00,no
2026-10-05T03:42:22.854286Z,KXETH15M-26OCT042345-45,0.0100,433.74,no
2026-10-05T03:42:22.854286Z,KXETH15M-26OCT042345-45,0.0100,16.26,no
2026-10-05T03:42:23.443959Z,KXETH15M-26OCT042345-45,0.0100,8.74,no
2026-10-05T03:42:23.443959Z,KXETH15M-26OCT042345-45,0.0100,1.26,no
2026-10-05T03:42:23.51164Z,KXETH15M-26OCT042345-45,0.0100,0.01,no
2026-10-05T03:42:23.706715Z,KXETH15M-26OCT042345-45,0.0100,3.00,no
2026-10-05T03:42:23.757309Z,KXETH15M-26OCT042345-45,0.0110,16.26,yes
2026-10-05T03:42:23.757309Z,KXETH15M-26OCT042345-45,0.0110,16.88,yes
2026-10-05T03:42:23.757309Z,KXETH15M-26OCT042345-45,0.0110,8.74,yes
2026-10-05T03:42:23.757309Z,KXETH15M-26OCT042345-45,0.0110,30.00,yes
2026-10-05T03:42:23.757309Z,KXETH15M-26OCT042345-45,0.0110,0.01,yes
2026-10-05T03:42:23.757309Z,KXETH15M-26OCT042345-45,0.0110,59.00,yes
2026-10-05T03:42:23.819635Z,KXETH15M-26OCT042345-45,0.0110,13.00,yes
2026-10-05T03:42:23.819635Z,KXETH15M-26OCT042345-45,0.0110,17.88,yes
2026-10-05T03:42:23.819635Z,KXETH15M-26OCT042345-45,0.0110,19.12,yes
2026-10-05T03:42:24.069829Z,KXETH15M-26OCT042345-45,0.0100,8.00,no
2026-10-05T03:42:24.473992Z,KXETH15M-26OCT042345-45,0.0100,14.00,no
2026-10-05T03:42:24.473992Z,KXETH15M-26OCT042345-45,0.0100,22.00,no
2026-10-05T03:42:24.473992Z,KXETH15M-26OCT042345-45,0.0100,17.00,no
2026-10-05T03:42:25.41913Z,KXETH15M-26OCT042345-45,0.0100,9.96,yes
2026-10-05T03:42:25.41913Z,KXETH15M-26OCT042345-45,0.0100,5.00,yes
2026-10-05T03:42:25.549161Z,KXETH15M-26OCT042345-45,0.0090,2.40,no
2026-10-05T03:42:26.549224Z,KXETH15M-26OCT042345-45,0.0090,0.18,no
2026-10-05T03:42:26.984942Z,KXETH15M-26OCT042345-45,0.0140,0.02,yes
2026-10-05T03:42:26.984942Z,KXETH15M-26OCT042345-45,0.0190,4.00,yes
2026-10-05T03:42:26.984942Z,KXETH15M-26OCT042345-45,0.0210,0.04,yes
2026-10-05T03:42:26.984942Z,KXETH15M-26OCT042345-45,0.0180,4.04,yes
2026-10-05T03:42:26.984942Z,KXETH15M-26OCT042345-45,0.0180,0.02,yes
2026-10-05T03:42:26.984942Z,KXETH15M-26OCT042345-45,0.0160,1.01,yes
2026-10-05T03:42:26.984942Z,KXETH15M-26OCT042345-45,0.0190,0.03,yes
2026-10-05T03:42:26.984942Z,KXETH15M-26OCT042345-45,0.0170,0.02,yes
2026-10-05T03:42:26.984942Z,KXETH15M-26OCT042345-45,0.0200,0.03,yes
2026-10-05T03:42:26.984942Z,KXETH15M-26OCT042345-45,0.0200,4.04,yes
2026-10-05T03:42:26.984942Z,KXETH15M-26OCT042345-45,0.0130,0.02,yes
2026-10-05T03:42:26.984942Z,KXETH15M-26OCT042345-45,0.0120,0.02,yes
2026-10-05T03:42:26.984942Z,KXETH15M-26OCT042345-45,0.0150,0.02,yes
2026-10-05T03:42:26.984942Z,KXETH15M-26OCT042345-45,0.0160,0.02,yes
2026-10-05T03:42:26.984942Z,KXETH15M-26OCT042345-45,0.0190,12.00,yes
2026-10-05T03:42:26.984942Z,KXETH15M-26OCT042345-45,0.0130,12.00,yes
2026-10-05T03:42:26.984942Z,KXETH15M-26OCT042345-45,0.0100,60.00,yes
2026-10-05T03:42:26.984942Z,KXETH15M-26OCT042345-45,0.0110,31.00,yes
2026-10-05T03:42:26.984942Z,KXETH15M-26OCT042345-45,0.0100,2.00,yes
2026-10-05T03:42:26.984942Z,KXETH15M-26OCT042345-45,0.0100,0.01,yes
2026-10-05T03:42:26.984942Z,KXETH15M-26OCT042345-45,0.0210,55.00,yes
2026-10-05T03:42:26.984942Z,KXETH15M-26OCT042345-45,0.0110,8.00,yes
2026-10-05T03:42:26.984942Z,KXETH15M-26OCT042345-45,0.0110,14.00,yes
2026-10-05T03:42:26.984942Z,KXETH15M-26OCT042345-45,0.0210,40.00,yes
2026-10-05T03:42:26.984942Z,KXETH15M-26OCT042345-45,0.0210,26.84,yes
2026-10-05T03:42:26.984942Z,KXETH15M-26OCT042345-45,0.0150,9.00,yes
2026-10-05T03:42:26.984942Z,KXETH15M-26OCT042345-45,0.0210,20.00,yes
2026-10-05T03:42:26.984942Z,KXETH15M-26OCT042345-45,0.0110,0.01,yes
2026-10-05T03:42:26.984942Z,KXETH15M-26OCT042345-45,0.0150,9.00,yes
2026-10-05T03:42:26.984942Z,KXETH15M-26OCT042345-45,0.0140,5.00,yes
2026-10-05T03:42:26.984942Z,KXETH15M-26OCT042345-45,0.0100,30.00,yes
2026-10-05T03:42:26.984942Z,KXETH15M-26OCT042345-45,0.0200,55.00,yes
2026-10-05T03:42:26.984942Z,KXETH15M-26OCT042345-45,0.0170,4.00,yes
2026-10-05T03:42:26.984942Z,KXETH15M-26OCT042345-45,0.0110,62.00,yes
2026-10-05T03:42:26.984942Z,KXETH15M-26OCT042345-45,0.0110,3.00,yes
2026-10-05T03:42:26.984942Z,KXETH15M-26OCT042345-45,0.0200,50.00,yes
2026-10-05T03:42:26.984942Z,KXETH15M-26OCT042345-45,0.0170,4.00,yes
2026-10-05T03:42:26.984942Z,KXETH15M-26OCT042345-45,0.0180,4.00,yes
2026-10-05T03:42:26.984942Z,KXETH15M-26OCT042345-45,0.0180,4.00,yes
2026-10-05T03:42:26.984942Z,KXETH15M-26OCT042345-45,0.0190,4.00,yes
2026-10-05T03:42:27.03787Z,KXETH15M-26OCT042345-45,0.0100,4.00,no
2026-10-05T03:42:27.03787Z,KXETH15M-26OCT042345-45,0.0100,4.00,no
2026-10-05T03:42:27.03787Z,KXETH15M-26OCT042345-45,0.0110,4.00,no
2026-10-05T03:42:27.03787Z,KXETH15M-26OCT042345-45,0.0110,4.00,no
2026-10-05T03:42:27.03787Z,KXETH15M-26OCT042345-45,0.0120,22.00,no
2026-10-05T03:42:27.311615Z,KXETH15M-26OCT042345-45,0.0100,20.00,no
2026-10-05T03:42:27.311615Z,KXETH15M-26OCT042345-45,0.0130,11.00,no
2026-10-05T03:42:27.311615Z,KXETH15M-26OCT042345-45,0.0120,33.00,no
2026-10-05T03:42:27.586389Z,KXETH15M-26OCT042345-45,0.0100,54.00,no
2026-10-05T03:42:28.05176Z,KXETH15M-26OCT042345-45,0.0080,4.00,no
2026-10-05T03:42:28.05176Z,KXETH15M-26OCT042345-45,0.0080,29.32,no
2026-10-05T03:42:28.05176Z,KXETH15M-26OCT042345-45,0.0080,4.00,no
2026-10-05T03:42:28.05176Z,KXETH15M-26OCT042345-45,0.0090,4.00,no
2026-10-05T03:42:28.05176Z,KXETH15M-26OCT042345-45,0.0090,4.00,no
2026-10-05T03:42:28.437177Z,KXETH15M-26OCT042345-45,0.0070,50.00,no
2026-10-05T03:42:28.437177Z,KXETH15M-26OCT042345-45,0.0060,4.00,no
2026-10-05T03:42:28.437177Z,KXETH15M-26OCT042345-45,0.0050,4.00,no
2026-10-05T03:42:28.437177Z,KXETH15M-26OCT042345-45,0.0060,4.00,no
2026-10-05T03:42:28.437177Z,KXETH15M-26OCT042345-45,0.0050,4.00,no
2026-10-05T03:42:28.437177Z,KXETH15M-26OCT042345-45,0.0050,12.00,no
2026-10-05T03:42:28.437177Z,KXETH15M-26OCT042345-45,0.0070,4.00,no
2026-10-05T03:42:28.437177Z,KXETH15M-26OCT042345-45,0.0070,4.00,no
2026-10-05T03:42:28.437177Z,KXETH15M-26OCT042345-45,0.0070,10.00,no
2026-10-05T03:42:28.437177Z,KXETH15M-26OCT042345-45,0.0060,0.86,no
2026-10-05T03:42:28.437177Z,KXETH15M-26OCT042345-45,0.0050,20.00,no
2026-10-05T03:42:28.437177Z,KXETH15M-26OCT042345-45,0.0040,177.28,no
2026-10-05T03:42:28.437177Z,KXETH15M-26OCT042345-45,0.0070,1.00,no
2026-10-05T03:42:28.602545Z,KXETH15M-26OCT042345-45,0.0190,12.00,yes
2026-10-05T03:42:28.602545Z,KXETH15M-26OCT042345-45,0.0190,0.03,yes
2026-10-05T03:42:28.602545Z,KXETH15M-26OCT042345-45,0.0190,20.00,yes
2026-10-05T03:42:28.602545Z,KXETH15M-26OCT042345-45,0.0150,4.00,yes
2026-10-05T03:42:28.602545Z,KXETH15M-26OCT042345-45,0.0140,1.01,yes
2026-10-05T03:42:28.602545Z,KXETH15M-26OCT042345-45,0.0070,65.00,yes
2026-10-05T03:42:28.602545Z,KXETH15M-26OCT042345-45,0.0170,0.02,yes
2026-10-05T03:42:28.602545Z,KXETH15M-26OCT042345-45,0.0140,4.00,yes
2026-10-05T03:42:28.602545Z,KXETH15M-26OCT042345-45,0.0200,4.04,yes
2026-10-05T03:42:28.602545Z,KXETH15M-26OCT042345-45,0.0130,4.00,yes
2026-10-05T03:42:28.602545Z,KXETH15M-26OCT042345-45,0.0100,2.00,yes
2026-10-05T03:42:28.602545Z,KXETH15M-26OCT042345-45,0.0160,4.04,yes
2026-10-05T03:42:28.602545Z,KXETH15M-26OCT042345-45,0.0090,0.01,yes
2026-10-05T03:42:28.602545Z,KXETH15M-26OCT042345-45,0.0200,50.00,yes
2026-10-05T03:42:28.602545Z,KXETH15M-26OCT042345-45,0.0150,4.00,yes
2026-10-05T03:42:28.602545Z,KXETH15M-26OCT042345-45,0.0180,4.04,yes
2026-10-05T03:42:28.602545Z,KXETH15M-26OCT042345-45,0.0140,4.00,yes
2026-10-05T03:42:28.602545Z,KXETH15M-26OCT042345-45,0.0130,4.00,yes
2026-10-05T03:42:28.602545Z,KXETH15M-26OCT042345-45,0.0080,0.01,yes
2026-10-05T03:42:28.602545Z,KXETH15M-26OCT042345-45,0.0150,0.02,yes
2026-10-05T03:42:28.602545Z,KXETH15M-26OCT042345-45,0.0120,0.02,yes
2026-10-05T03:42:28.602545Z,KXETH15M-26OCT042345-45,0.0160,0.02,yes
2026-10-05T03:42:28.602545Z,KXETH15M-26OCT042345-45,0.0140,5.00,yes
2026-10-05T03:42:28.602545Z,KXETH15M-26OCT042345-45,0.0180,0.03,yes
2026-10-05T03:42:28.602545Z,KXETH15M-26OCT042345-45,0.0110,0.01,yes
2026-10-05T03:42:28.602545Z,KXETH15M-26OCT042345-45,0.0140,0.02,yes
2026-10-05T03:42:28.602545Z,KXETH15M-26OCT042345-45,0.0200,9.00,yes
2026-10-05T03:42:28.602545Z,KXETH15M-26OCT042345-45,0.0100,22.00,yes
2026-10-05T03:42:28.602545Z,KXETH15M-26OCT042345-45,0.0100,0.01,yes
2026-10-05T03:42:28.602545Z,KXETH15M-26OCT042345-45,0.0200,0.01,yes
2026-10-05T03:42:28.602545Z,KXETH15M-26OCT042345-45,0.0130,0.02,yes
2026-10-05T03:42:28.602545Z,KXETH15M-26OCT042345-45,0.0060,12.00,yes
2026-10-05T03:42:28.602545Z,KXETH15M-26OCT042345-45,0.0210,3.22,yes
2026-10-05T03:42:28.602545Z,KXETH15M-26OCT042345-45,0.0160,6.00,yes
2026-10-05T03:42:28.751174Z,KXETH15M-26OCT042345-45,0.0100,43.00,no
2026-10-05T03:42:29.088658Z,KXETH15M-26OCT042345-45,0.0080,10.00,no
2026-10-05T03:42:30.716077Z,KXETH15M-26OCT042345-45,0.0070,50.00,no
2026-10-05T03:42:30.716077Z,KXETH15M-26OCT042345-45,0.0070,4.00,no
2026-10-05T03:42:30.716077Z,KXETH15M-26OCT042345-45,0.0070,4.00,no
2026-10-05T03:42:31.580295Z,KXETH15M-26OCT042345-45,0.0070,3.72,yes
2026-10-05T03:42:32.175231Z,KXETH15M-26OCT042345-45,0.0240,0.05,yes
2026-10-05T03:42:32.175231Z,KXETH15M-26OCT042345-45,0.0230,0.05,yes
2026-10-05T03:42:32.175231Z,KXETH15M-26OCT042345-45,0.0220,0.04,yes
2026-10-05T03:42:32.175231Z,KXETH15M-26OCT042345-45,0.0250,0.06,yes
2026-10-05T03:42:32.175231Z,KXETH15M-26OCT042345-45,0.0210,100.00,yes
2026-10-05T03:42:32.175231Z,KXETH15M-26OCT042345-45,0.0180,4.00,yes
2026-10-05T03:42:32.175231Z,KXETH15M-26OCT042345-45,0.0190,12.00,yes
2026-10-05T03:42:32.175231Z,KXETH15M-26OCT042345-45,0.0150,4.00,yes
2026-10-05T03:42:32.175231Z,KXETH15M-26OCT042345-45,0.0080,177.28,yes
2026-10-05T03:42:32.175231Z,KXETH15M-26OCT042345-45,0.0250,81.00,yes
2026-10-05T03:42:32.175231Z,KXETH15M-26OCT042345-45,0.0210,100.00,yes
2026-10-05T03:42:32.175231Z,KXETH15M-26OCT042345-45,0.0200,22.00,yes
2026-10-05T03:42:32.175231Z,KXETH15M-26OCT042345-45,0.0250,20.75,yes
2026-10-05T03:42:32.175231Z,KXETH15M-26OCT042345-45,0.0070,19.00,yes
2026-10-05T03:42:32.175231Z,KXETH15M-26OCT042345-45,0.0210,10.00,yes
2026-10-05T03:42:32.175231Z,KXETH15M-26OCT042345-45,0.0070,0.01,yes
2026-10-05T03:42:32.175231Z,KXETH15M-26OCT042345-45,0.0210,40.00,yes
2026-10-05T03:42:32.175231Z,KXETH15M-26OCT042345-45,0.0210,40.00,yes
2026-10-05T03:42:32.175231Z,KXETH15M-26OCT042345-45,0.0250,4.00,yes
2026-10-05T03:42:32.175231Z,KXETH15M-26OCT042345-45,0.0250,1.00,yes
2026-10-05T03:42:32.175231Z,KXETH15M-26OCT042345-45,0.0070,18.28,yes
2026-10-05T03:42:32.175231Z,KXETH15M-26OCT042345-45,0.0130,0.02,yes
2026-10-05T03:42:32.175231Z,KXETH15M-26OCT042345-45,0.0170,1.22,yes
2026-10-05T03:42:32.175231Z,KXETH15M-26OCT042345-45,0.0170,0.03,yes
2026-10-05T03:42:32.175231Z,KXETH15M-26OCT042345-45,0.0200,0.04,yes
2026-10-05T03:42:32.175231Z,KXETH15M-26OCT042345-45,0.0190,0.04,yes
2026-10-05T03:42:32.175231Z,KXETH15M-26OCT042345-45,0.0130,1.01,yes
2026-10-05T03:42:32.175231Z,KXETH15M-26OCT042345-45,0.0150,4.04,yes
2026-10-05T03:42:32.175231Z,KXETH15M-26OCT042345-45,0.0210,35.00,yes
2026-10-05T03:42:32.175231Z,KXETH15M-26OCT042345-45,0.0080,0.01,yes
2026-10-05T03:42:32.175231Z,KXETH15M-26OCT042345-45,0.0100,0.02,yes
2026-10-05T03:42:32.175231Z,KXETH15M-26OCT042345-45,0.0180,0.03,yes
2026-10-05T03:42:32.175231Z,KXETH15M-26OCT042345-45,0.0210,45.00,yes
2026-10-05T03:42:32.175231Z,KXETH15M-26OCT042345-45,0.0120,0.02,yes
2026-10-05T03:42:32.175231Z,KXETH15M-26OCT042345-45,0.0090,0.01,yes
2026-10-05T03:42:32.175231Z,KXETH15M-26OCT042345-45,0.0110,0.01,yes
2026-10-05T03:42:32.175231Z,KXETH15M-26OCT042345-45,0.0160,0.01,yes
2026-10-05T03:42:32.175231Z,KXETH15M-26OCT042345-45,0.0160,4.00,yes
2026-10-05T03:42:32.175231Z,KXETH15M-26OCT042345-45,0.0150,0.02,yes
2026-10-05T03:42:32.175231Z,KXETH15M-26OCT042345-45,0.0140,0.01,yes
2026-10-05T03:42:32.175231Z,KXETH15M-26OCT042345-45,0.0170,4.00,yes
2026-10-05T03:42:32.175231Z,KXETH15M-26OCT042345-45,0.0160,4.00,yes
2026-10-05T03:42:32.175231Z,KXETH15M-26OCT042345-45,0.0070,9.00,yes
2026-10-05T03:42:32.175231Z,KXETH15M-26OCT042345-45,0.0200,1.75,yes
2026-10-05T03:42:32.175231Z,KXETH15M-26OCT042345-45,0.0200,50.00,yes
2026-10-05T03:42:32.175231Z,KXETH15M-26OCT042345-45,0.0170,4.00,yes
2026-10-05T03:42:32.175231Z,KXETH15M-26OCT042345-45,0.0120,22.00,yes
2026-10-05T03:42:32.175231Z,KXETH15M-26OCT042345-45,0.0210,0.02,yes
2026-10-05T03:42:32.245272Z,KXETH15M-26OCT042345-45,0.0110,16.00,no
2026-10-05T03:42:32.531331Z,KXETH15M-26OCT042345-45,0.0100,4.00,no
2026-10-05T03:42:32.531331Z,KXETH15M-26OCT042345-45,0.0110,22.00,no
2026-10-05T03:42:32.832485Z,KXETH15M-26OCT042345-45,0.0130,7.19,yes
2026-10-05T03:42:32.857766Z,KXETH15M-26OCT042345-45,0.0110,14.00,no
2026-10-05T03:42:33.00179Z,KXETH15M-26OCT042345-45,0.0100,1.99,no
2026-10-05T03:42:33.126602Z,KXETH15M-26OCT042345-45,0.0100,7.19,yes
2026-10-05T03:42:33.182Z,KXETH15M-26OCT042345-45,0.0110,0.01,yes
2026-10-05T03:42:33.182Z,KXETH15M-26OCT042345-45,0.0110,15.00,yes
2026-10-05T03:42:33.182Z,KXETH15M-26OCT042345-45,0.0110,23.00,yes
2026-10-05T03:42:33.182Z,KXETH15M-26OCT042345-45,0.0130,0.01,yes
2026-10-05T03:42:33.182Z,KXETH15M-26OCT042345-45,0.0100,29.81,yes
2026-10-05T03:42:33.182Z,KXETH15M-26OCT042345-45,0.0160,4.12,yes
2026-10-05T03:42:33.221661Z,KXETH15M-26OCT042345-45,0.0100,68.00,no
2026-10-05T03:42:33.561201Z,KXETH15M-26OCT042345-45,0.0090,4.00,no
2026-10-05T03:42:33.561201Z,KXETH15M-26OCT042345-45,0.0090,4.00,no
2026-10-05T03:42:33.952239Z,KXETH15M-26OCT042345-45,0.0070,8.00,no
2026-10-05T03:42:33.952239Z,KXETH15M-26OCT042345-45,0.0070,0.90,no
2026-10-05T03:42:33.952239Z,KXETH15M-26OCT042345-45,0.0080,4.00,no
2026-10-05T03:42:33.952239Z,KXETH15M-26OCT042345-45,0.0070,4.00,no
2026-10-05T03:42:33.952239Z,KXETH15M-26OCT042345-45,0.0070,4.00,no
2026-10-05T03:42:33.952239Z,KXETH15M-26OCT042345-45,0.0080,4.00,no
2026-10-05T03:42:34.316969Z,KXETH15M-26OCT042345-45,0.0050,4.00,no
2026-10-05T03:42:34.316969Z,KXETH15M-26OCT042345-45,0.0060,4.00,no
2026-10-05T03:42:34.316969Z,KXETH15M-26OCT042345-45,0.0050,4.00,no
2026-10-05T03:42:34.316969Z,KXETH15M-26OCT042345-45,0.0060,4.00,no
2026-10-05T03:42:34.316969Z,KXETH15M-26OCT042345-45,0.0050,12.00,no
2026-10-05T03:42:34.316969Z,KXETH15M-26OCT042345-45,0.0070,10.00,no
2026-10-05T03:42:34.316969Z,KXETH15M-26OCT042345-45,0.0070,0.75,no
2026-10-05T03:42:34.316969Z,KXETH15M-26OCT042345-45,0.0040,39.86,no
2026-10-05T03:42:34.316969Z,KXETH15M-26OCT042345-45,0.0060,20.00,no
2026-10-05T03:42:34.43547Z,KXETH15M-26OCT042345-45,0.0050,26.66,no
2026-10-05T03:42:34.488443Z,KXETH15M-26OCT042345-45,0.0050,9.66,no
2026-10-05T03:42:35.955481Z,KXETH15M-26OCT042345-45,0.0060,1.00,yes
2026-10-05T03:42:35.955659Z,KXETH15M-26OCT042345-45,0.0060,19.00,yes
2026-10-05T03:42:35.965844Z,KXETH15M-26OCT042345-45,0.0060,0.01,yes
2026-10-05T03:42:36.014955Z,KXETH15M-26OCT042345-45,0.0070,0.01,yes
2026-10-05T03:42:36.985103Z,KXETH15M-26OCT042345-45,0.0050,20.00,no
2026-10-05T03:42:36.985103Z,KXETH15M-26OCT042345-45,0.0060,13.00,no
2026-10-05T03:42:36.985103Z,KXETH15M-26OCT042345-45,0.0050,15.12,no
2026-10-05T03:42:36.985103Z,KXETH15M-26OCT042345-45,0.0070,11.00,no
2026-10-05T03:42:36.985103Z,KXETH15M-26OCT042345-45,0.0070,24.00,no
2026-10-05T03:42:37.835516Z,KXETH15M-26OCT042345-45,0.0050,12.00,no
2026-10-05T03:42:37.835516Z,KXETH15M-26OCT042345-45,0.0060,13.00,no
2026-10-05T03:42:37.835516Z,KXETH15M-26OCT042345-45,0.0050,7.62,no
2026-10-05T03:42:37.835516Z,KXETH15M-26OCT042345-45,0.0060,24.00,no
2026-10-05T03:42:37.835516Z,KXETH15M-26OCT042345-45,0.0050,25.88,no
2026-10-05T03:42:39.356448Z,KXETH15M-26OCT042345-45,0.0060,0.01,yes
2026-10-05T03:42:39.356448Z,KXETH15M-26OCT042345-45,0.0060,1.00,yes
2026-10-05T03:42:39.356448Z,KXETH15M-26OCT042345-45,0.0060,16.00,yes
2026-10-05T03:42:39.356448Z,KXETH15M-26OCT042345-45,0.0060,20.00,yes
2026-10-05T03:42:39.365979Z,KXETH15M-26OCT042345-45,0.0070,0.01,yes
2026-10-05T03:42:39.531083Z,KXETH15M-26OCT042345-45,0.0090,38.41,yes
2026-10-05T03:42:39.531083Z,KXETH15M-26OCT042345-45,0.0090,72.00,yes
2026-10-05T03:42:39.531083Z,KXETH15M-26OCT042345-45,0.0080,0.01,yes
2026-10-05T03:42:40.060882Z,KXETH15M-26OCT042345-45,0.0080,14.00,no
2026-10-05T03:42:40.060882Z,KXETH15M-26OCT042345-45,0.0080,11.00,no
2026-10-05T03:42:40.060882Z,KXETH15M-26OCT042345-45,0.0060,12.50,no
2026-10-05T03:42:40.902152Z,KXETH15M-26OCT042345-45,0.0070,9.00,yes
2026-10-05T03:42:40.902152Z,KXETH15M-26OCT042345-45,0.0070,14.00,yes
2026-10-05T03:42:40.948039Z,KXETH15M-26OCT042345-45,0.0090,8.41,yes
2026-10-05T03:42:40.948039Z,KXETH15M-26OCT042345-45,0.0090,41.59,yes
2026-10-05T03:42:42.231121Z,KXETH15M-26OCT042345-45,0.0080,10.00,yes
2026-10-05T03:42:42.231121Z,KXETH15M-26OCT042345-45,0.0080,0.01,yes
2026-10-05T03:42:42.231121Z,KXETH15M-26OCT042345-45,0.0080,11.00,yes
2026-10-05T03:42:42.231121Z,KXETH15M-26OCT042345-45,0.0090,0.01,yes
2026-10-05T03:42:42.231121Z,KXETH15M-26OCT042345-45,0.0090,59.59,yes
2026-10-05T03:42:42.231121Z,KXETH15M-26OCT042345-45,0.0090,16.67,yes
2026-10-05T03:42:42.231121Z,KXETH15M-26OCT042345-45,0.0080,8.00,yes
2026-10-05T03:42:42.26053Z,KXETH15M-26OCT042345-45,0.0090,20.00,yes
2026-10-05T03:42:42.269033Z,KXETH15M-26OCT042345-45,0.0090,4.00,yes
2026-10-05T03:42:42.272758Z,KXETH15M-26OCT042345-45,0.0090,20.00,yes
2026-10-05T03:42:42.289986Z,KXETH15M-26OCT042345-45,0.0090,3.00,yes
2026-10-05T03:42:42.293067Z,KXETH15M-26OCT042345-45,0.0090,1.00,yes
2026-10-05T03:42:42.312334Z,KXETH15M-26OCT042345-45,0.0090,4.00,yes
2026-10-05T03:42:42.329376Z,KXETH15M-26OCT042345-45,0.0080,7.00,no
2026-10-05T03:42:42.329376Z,KXETH15M-26OCT042345-45,0.0080,12.00,no
2026-10-05T03:42:42.329376Z,KXETH15M-26OCT042345-45,0.0080,21.00,no
2026-10-05T03:42:42.329376Z,KXETH15M-26OCT042345-45,0.0080,25.00,no
2026-10-05T03:42:42.353686Z,KXETH15M-26OCT042345-45,0.0070,5.00,yes
2026-10-05T03:42:42.364995Z,KXETH15M-26OCT042345-45,0.0070,2.00,yes
2026-10-05T03:42:42.615271Z,KXETH15M-26OCT042345-45,0.0070,8.00,yes
2026-10-05T03:42:42.615271Z,KXETH15M-26OCT042345-45,0.0070,21.00,yes
2026-10-05T03:42:42.615271Z,KXETH15M-26OCT042345-45,0.0090,11.33,yes
2026-10-05T03:42:42.615271Z,KXETH15M-26OCT042345-45,0.0090,66.60,yes
2026-10-05T03:42:42.79391Z,KXETH15M-26OCT042345-45,0.0090,1.17,yes
2026-10-05T03:42:43.009022Z,KXETH15M-26OCT042345-45,0.0130,22.00,yes
2026-10-05T03:42:43.009022Z,KXETH15M-26OCT042345-45,0.0090,0.01,yes
2026-10-05T03:42:43.009022Z,KXETH15M-26OCT042345-45,0.0160,4.00,yes
2026-10-05T03:42:43.009022Z,KXETH15M-26OCT042345-45,0.0070,0.01,yes
2026-10-05T03:42:43.009022Z,KXETH15M-26OCT042345-45,0.0100,6.00,yes
2026-10-05T03:42:43.009022Z,KXETH15M-26OCT042345-45,0.0160,4.00,yes
2026-10-05T03:42:43.009022Z,KXETH15M-26OCT042345-45,0.0080,0.02,yes
2026-10-05T03:42:43.009022Z,KXETH15M-26OCT042345-45,0.0150,4.00,yes
2026-10-05T03:42:43.009022Z,KXETH15M-26OCT042345-45,0.0150,0.02,yes
2026-10-05T03:42:43.009022Z,KXETH15M-26OCT042345-45,0.0150,4.00,yes
2026-10-05T03:42:43.009022Z,KXETH15M-26OCT042345-45,0.0130,0.02,yes
2026-10-05T03:42:43.009022Z,KXETH15M-26OCT042345-45,0.0100,0.01,yes
2026-10-05T03:42:43.009022Z,KXETH15M-26OCT042345-45,0.0170,0.03,yes
2026-10-05T03:42:43.009022Z,KXETH15M-26OCT042345-45,0.0120,0.02,yes
2026-10-05T03:42:43.009022Z,KXETH15M-26OCT042345-45,0.0140,0.02,yes
2026-10-05T03:42:43.009022Z,KXETH15M-26OCT042345-45,0.0110,0.02,yes
2026-10-05T03:42:43.009022Z,KXETH15M-26OCT042345-45,0.0160,0.02,yes
2026-10-05T03:42:43.009022Z,KXETH15M-26OCT042345-45,0.0140,4.00,yes
2026-10-05T03:42:43.009022Z,KXETH15M-26OCT042345-45,0.0090,12.23,yes
2026-10-05T03:42:43.009022Z,KXETH15M-26OCT042345-45,0.0140,4.00,yes
2026-10-05T03:42:43.009022Z,KXETH15M-26OCT042345-45,0.0180,0.21,yes
2026-10-05T03:42:43.164497Z,KXETH15M-26OCT042345-45,0.0140,1.28,yes
2026-10-05T03:42:43.164497Z,KXETH15M-26OCT042345-45,0.0130,27.00,yes
2026-10-05T03:42:43.233842Z,KXETH15M-26OCT042345-45,0.0080,4.00,no
2026-10-05T03:42:43.233842Z,KXETH15M-26OCT042345-45,0.0080,4.00,no
2026-10-05T03:42:43.233842Z,KXETH15M-26OCT042345-45,0.0090,4.00,no
2026-10-05T03:42:43.233842Z,KXETH15M-26OCT042345-45,0.0070,8.96,no
2026-10-05T03:42:43.400734Z,KXETH15M-26OCT042345-45,0.0110,1.61,yes
2026-10-05T03:42:44.295567Z,KXETH15M-26OCT042345-45,0.0100,0.02,yes
2026-10-05T03:42:44.295567Z,KXETH15M-26OCT042345-45,0.0150,4.00,yes
2026-10-05T03:42:44.295567Z,KXETH15M-26OCT042345-45,0.0130,4.00,yes
2026-10-05T03:42:44.295567Z,KXETH15M-26OCT042345-45,0.0140,0.02,yes
2026-10-05T03:42:44.295567Z,KXETH15M-26OCT042345-45,0.0140,4.00,yes
2026-10-05T03:42:44.295567Z,KXETH15M-26OCT042345-45,0.0120,0.02,yes
2026-10-05T03:42:44.295567Z,KXETH15M-26OCT042345-45,0.0090,0.01,yes
2026-10-05T03:42:44.295567Z,KXETH15M-26OCT042345-45,0.0130,0.02,yes
2026-10-05T03:42:44.295567Z,KXETH15M-26OCT042345-45,0.0140,4.00,yes
2026-10-05T03:42:44.295567Z,KXETH15M-26OCT042345-45,0.0080,9.00,yes
2026-10-05T03:42:44.295567Z,KXETH15M-26OCT042345-45,0.0150,4.00,yes
2026-10-05T03:42:44.295567Z,KXETH15M-26OCT042345-45,0.0110,11.00,yes
2026-10-05T03:42:44.295567Z,KXETH15M-26OCT042345-45,0.0110,0.02,yes
2026-10-05T03:42:44.295567Z,KXETH15M-26OCT042345-45,0.0150,0.02,yes
2026-10-05T03:42:44.295567Z,KXETH15M-26OCT042345-45,0.0150,4.62,yes
2026-10-05T03:42:44.421761Z,KXETH15M-26OCT042345-45,0.0090,8.00,no
2026-10-05T03:42:44.435609Z,KXETH15M-26OCT042345-45,0.0090,14.00,no
2026-10-05T03:42:44.574915Z,KXETH15M-26OCT042345-45,0.0090,9.03,yes
2026-10-05T03:42:45.171553Z,KXETH15M-26OCT042345-45,0.0030,2.00,no
2026-10-05T03:42:45.171553Z,KXETH15M-26OCT042345-45,0.0030,2.00,no
2026-10-05T03:42:45.171553Z,KXETH15M-26OCT042345-45,0.0030,2.00,no
2026-10-05T03:42:45.171553Z,KXETH15M-26OCT042345-45,0.0030,2.00,no
2026-10-05T03:42:45.171553Z,KXETH15M-26OCT042345-45,0.0030,200.00,no
2026-10-05T03:42:45.171553Z,KXETH15M-26OCT042345-45,0.0020,1242.53,no
2026-10-05T03:42:45.171553Z,KXETH15M-26OCT042345-45,0.0030,2.00,no
2026-10-05T03:42:45.171553Z,KXETH15M-26OCT042345-45,0.0030,18.00,no
2026-10-05T03:42:45.171553Z,KXETH15M-26OCT042345-45,0.0030,40.00,no
2026-10-05T03:42:45.171553Z,KXETH15M-26OCT042345-45,0.0030,250.00,no
2026-10-05T03:42:45.171553Z,KXETH15M-26OCT042345-45,0.0030,100.00,no
2026-10-05T03:42:45.171553Z,KXETH15M-26OCT042345-45,0.0050,4.00,no
2026-10-05T03:42:45.171553Z,KXETH15M-26OCT042345-45,0.0040,20.00,no
2026-10-05T03:42:45.171553Z,KXETH15M-26OCT042345-45,0.0060,22.00,no
2026-10-05T03:42:45.171553Z,KXETH15M-26OCT042345-45,0.0060,4.00,no
2026-10-05T03:42:45.171553Z,KXETH15M-26OCT042345-45,0.0050,12.00,no
2026-10-05T03:42:45.171553Z,KXETH15M-26OCT042345-45,0.0070,4.00,no
2026-10-05T03:42:45.171553Z,KXETH15M-26OCT042345-45,0.0050,9.00,no
2026-10-05T03:42:45.171553Z,KXETH15M-26OCT042345-45,0.0070,4.00,no
2026-10-05T03:42:45.171553Z,KXETH15M-26OCT042345-45,0.0030,1.01,no
2026-10-05T03:42:45.171553Z,KXETH15M-26OCT042345-45,0.0060,4.00,no
2026-10-05T03:42:45.171553Z,KXETH15M-26OCT042345-45,0.0080,4.00,no
2026-10-05T03:42:45.171553Z,KXETH15M-26OCT042345-45,0.0040,56.00,no
2026-10-05T03:42:45.186684Z,KXETH15M-26OCT042345-45,0.0050,9.00,no
2026-10-05T03:42:45.186684Z,KXETH15M-26OCT042345-45,0.0070,35.00,no
2026-10-05T03:42:45.481259Z,KXETH15M-26OCT042345-45,0.0040,1.50,no
2026-10-05T03:42:46.205007Z,KXETH15M-26OCT042345-45,0.0050,186.97,yes
2026-10-05T03:42:46.331684Z,KXETH15M-26OCT042345-45,0.0050,373.95,yes
2026-10-05T03:42:46.403329Z,KXETH15M-26OCT042345-45,0.0050,30.31,yes
2026-10-05T03:42:46.4922Z,KXETH15M-26OCT042345-45,0.0050,186.97,yes
2026-10-05T03:42:47.20736Z,KXETH15M-26OCT042345-45,0.0050,186.97,yes
2026-10-05T03:42:47.587869Z,KXETH15M-26OCT042345-45,0.0050,186.97,yes
2026-10-05T03:42:49.287022Z,KXETH15M-26OCT042345-45,0.0070,0.02,yes
2026-10-05T03:42:49.287022Z,KXETH15M-26OCT042345-45,0.0050,82.00,yes
2026-10-05T03:42:49.287022Z,KXETH15M-26OCT042345-45,0.0060,0.02,yes
2026-10-05T03:42:49.287022Z,KXETH15M-26OCT042345-45,0.0050,0.01,yes
2026-10-05T03:42:49.287022Z,KXETH15M-26OCT042345-45,0.0060,40.00,yes
2026-10-05T03:42:49.287022Z,KXETH15M-26OCT042345-45,0.0080,22.00,yes
2026-10-05T03:42:49.287022Z,KXETH15M-26OCT042345-45,0.0090,48.21,yes
2026-10-05T03:42:49.287022Z,KXETH15M-26OCT042345-45,0.0090,250.00,yes
2026-10-05T03:42:49.287022Z,KXETH15M-26OCT042345-45,0.0050,46.39,yes
2026-10-05T03:42:49.287022Z,KXETH15M-26OCT042345-45,0.0050,100.00,yes
2026-10-05T03:42:49.287022Z,KXETH15M-26OCT042345-45,0.0080,22.00,yes
2026-10-05T03:42:49.287022Z,KXETH15M-26OCT042345-45,0.0080,0.02,yes
2026-10-05T03:42:49.287022Z,KXETH15M-26OCT042345-45,0.0070,11.00,yes
2026-10-05T03:42:49.287022Z,KXETH15M-26OCT042345-45,0.0080,20.00,yes
2026-10-05T03:42:50.833201Z,KXETH15M-26OCT042345-45,0.0060,0.02,yes
2026-10-05T03:42:50.833201Z,KXETH15M-26OCT042345-45,0.0050,0.01,yes
2026-10-05T03:42:50.833201Z,KXETH15M-26OCT042345-45,0.0050,18.00,yes
2026-10-05T03:42:50.833201Z,KXETH15M-26OCT042345-45,0.0070,0.02,yes
2026-10-05T03:42:50.833201Z,KXETH15M-26OCT042345-45,0.0070,20.00,yes
2026-10-05T03:42:50.833201Z,KXETH15M-26OCT042345-45,0.0080,22.00,yes
2026-10-05T03:42:50.833201Z,KXETH15M-26OCT042345-45,0.0050,46.00,yes
2026-10-05T03:42:50.833201Z,KXETH15M-26OCT042345-45,0.0080,10.21,yes
2026-10-05T03:42:50.833201Z,KXETH15M-26OCT042345-45,0.0070,18.00,yes
2026-10-05T03:42:51.370236Z,KXETH15M-26OCT042345-45,0.0050,49.00,no
2026-10-05T03:42:51.370236Z,KXETH15M-26OCT042345-45,0.0040,2.50,no
2026-10-05T03:42:51.370236Z,KXETH15M-26OCT042345-45,0.0040,10.00,no
2026-10-05T03:42:51.714443Z,KXETH15M-26OCT042345-45,0.0020,28.31,no
2026-10-05T03:42:51.714443Z,KXETH15M-26OCT042345-45,0.0030,17.00,no
2026-10-05T03:42:51.714443Z,KXETH15M-26OCT042345-45,0.0030,4.00,no
2026-10-05T03:42:51.714443Z,KXETH15M-26OCT042345-45,0.0030,61.00,no
2026-10-05T03:42:51.714443Z,KXETH15M-26OCT042345-45,0.0030,20.00,no
2026-10-05T03:42:51.714443Z,KXETH15M-26OCT042345-45,0.0030,250.00,no
2026-10-05T03:42:51.756904Z,KXETH15M-26OCT042345-45,0.0020,1.03,no
2026-10-05T03:42:52.149789Z,KXETH15M-26OCT042345-45,0.0030,46.74,yes
2026-10-05T03:42:52.716647Z,KXETH15M-26OCT042345-45,0.0030,37.50,yes
2026-10-05T03:42:53.824935Z,KXETH15M-26OCT042345-45,0.0020,8.24,no
2026-10-05T03:42:54.375654Z,KXETH15M-26OCT042345-45,0.0030,20.00,yes
2026-10-05T03:42:54.375654Z,KXETH15M-26OCT042345-45,0.0030,75.36,yes
2026-10-05T03:42:54.375654Z,KXETH15M-26OCT042345-45,0.0030,28.00,yes
2026-10-05T03:42:54.375654Z,KXETH15M-26OCT042345-45,0.0030,0.01,yes
2026-10-05T03:42:54.375654Z,KXETH15M-26OCT042345-45,0.0030,13.50,yes
2026-10-05T03:42:56.040245Z,KXETH15M-26OCT042345-45,0.0040,229.04,yes
2026-10-05T03:42:57.039056Z,KXETH15M-26OCT042345-45,0.0040,229.04,yes
2026-10-05T03:42:57.456672Z,KXETH15M-26OCT042345-45,0.0020,315.15,no
2026-10-05T03:42:57.456672Z,KXETH15M-26OCT042345-45,0.0030,17.00,no
2026-10-05T03:42:57.456672Z,KXETH15M-26OCT042345-45,0.0030,41.00,no
2026-10-05T03:42:57.456672Z,KXETH15M-26OCT042345-45,0.0030,64.00,no
2026-10-05T03:42:57.456672Z,KXETH15M-26OCT042345-45,0.0030,20.00,no
2026-10-05T03:42:57.456672Z,KXETH15M-26OCT042345-45,0.0030,44.00,no
2026-10-05T03:42:57.488992Z,KXETH15M-26OCT042345-45,0.0040,229.04,yes
2026-10-05T03:42:57.56531Z,KXETH15M-26OCT042345-45,0.0040,45.32,yes
2026-10-05T03:42:59.932561Z,KXETH15M-26OCT042345-45,0.0020,20.00,no
2026-10-05T03:43:00.301536Z,KXETH15M-26OCT042345-45,0.0030,0.01,yes
2026-10-05T03:43:00.301536Z,KXETH15M-26OCT042345-45,0.0030,19.00,yes
2026-10-05T03:43:00.301536Z,KXETH15M-26OCT042345-45,0.0030,44.00,yes
2026-10-05T03:43:00.990065Z,KXETH15M-26OCT042345-45,0.0040,1.00,yes
2026-10-05T03:43:01.00031Z,KXETH15M-26OCT042345-45,0.0040,17.00,yes
2026-10-05T03:43:01.004555Z,KXETH15M-26OCT042345-45,0.0040,1.00,yes
2026-10-05T03:43:01.164356Z,KXETH15M-26OCT042345-45,0.0040,100.00,yes
2026-10-05T03:43:01.505776Z,KXETH15M-26OCT042345-45,0.0040,770.58,yes
2026-10-05T03:43:01.507295Z,KXETH15M-26OCT042345-45,0.0040,1000.00,yes
2026-10-05T03:43:01.514362Z,KXETH15M-26OCT042345-45,0.0040,5.00,yes
2026-10-05T03:43:01.514976Z,KXETH15M-26OCT042345-45,0.0040,16.00,yes
2026-10-05T03:43:01.527406Z,KXETH15M-26OCT042345-45,0.0040,31.00,yes
2026-10-05T03:43:01.554642Z,KXETH15M-26OCT042345-45,0.0040,21.00,yes
2026-10-05T03:43:01.573642Z,KXETH15M-26OCT042345-45,0.0040,1.00,yes
2026-10-05T03:43:01.746645Z,KXETH15M-26OCT042345-45,0.0030,18.00,no
2026-10-05T03:43:01.746645Z,KXETH15M-26OCT042345-45,0.0030,3.19,no
2026-10-05T03:43:01.746645Z,KXETH15M-26OCT042345-45,0.0030,56.00,no
2026-10-05T03:43:01.746645Z,KXETH15M-26OCT042345-45,0.0030,17.00,no
2026-10-05T03:43:01.792472Z,KXETH15M-26OCT042345-45,0.0040,120.00,yes
2026-10-05T03:43:01.811362Z,KXETH15M-26OCT042345-45,0.0040,95.00,yes
2026-10-05T03:43:01.817483Z,KXETH15M-26OCT042345-45,0.0040,91.00,yes
2026-10-05T03:43:01.915737Z,KXETH15M-26OCT042345-45,0.0040,10.00,yes
2026-10-05T03:43:02.06858Z,KXETH15M-26OCT042345-45,0.0040,158.12,yes
2026-10-05T03:43:02.122795Z,KXETH15M-26OCT042345-45,0.0040,8.00,yes
2026-10-05T03:43:02.422506Z,KXETH15M-26OCT042345-45,0.0030,5.00,no
2026-10-05T03:43:02.785337Z,KXETH15M-26OCT042345-45,0.0040,6.00,yes
2026-10-05T03:43:02.970104Z,KXETH15M-26OCT042345-45,0.0040,57.00,yes
2026-10-05T03:43:03.45217Z,KXETH15M-26OCT042345-45,0.0040,41.25,yes
2026-10-05T03:43:03.899424Z,KXETH15M-26OCT042345-45,0.0030,34.81,no
2026-10-05T03:43:03.899424Z,KXETH15M-26OCT042345-45,0.0030,3.29,no
2026-10-05T03:43:04.166533Z,KXETH15M-26OCT042345-45,0.0030,9.00,no
2026-10-05T03:43:04.228189Z,KXETH15M-26OCT042345-45,0.0030,7.00,no
2026-10-05T03:43:04.284016Z,KXETH15M-26OCT042345-45,0.0030,0.71,no
2026-10-05T03:43:04.284016Z,KXETH15M-26OCT042345-45,0.0030,4.00,no
2026-10-05T03:43:04.284016Z,KXETH15M-26OCT042345-45,0.0030,4.00,no
2026-10-05T03:43:04.284016Z,KXETH15M-26OCT042345-45,0.0030,1.29,no
2026-10-05T03:43:04.304577Z,KXETH15M-26OCT042345-45,0.0030,10.00,no
2026-10-05T03:43:04.709648Z,KXETH15M-26OCT042345-45,0.0030,27.00,yes
2026-10-05T03:43:04.709648Z,KXETH15M-26OCT042345-45,0.0030,24.00,yes
2026-10-05T03:43:07.737261Z,KXETH15M-26OCT042345-45,0.0040,232.49,yes
2026-10-05T03:43:08.153247Z,KXETH15M-26OCT042345-45,0.0040,140.00,yes
2026-10-05T03:43:08.790209Z,KXETH15M-26OCT042345-45,0.0030,17.00,no
2026-10-05T03:43:08.790209Z,KXETH15M-26OCT042345-45,0.0030,8.00,no
2026-10-05T03:43:09.814908Z,KXETH15M-26OCT042345-45,0.0020,30.03,no
2026-10-05T03:43:10.424275Z,KXETH15M-26OCT042345-45,0.0020,3.00,no
2026-10-05T03:43:11.35201Z,KXETH15M-26OCT042345-45,0.0030,0.01,yes
2026-10-05T03:43:11.35201Z,KXETH15M-26OCT042345-45,0.0030,21.00,yes
2026-10-05T03:43:11.35201Z,KXETH15M-26OCT042345-45,0.0030,74.00,yes
2026-10-05T03:43:11.35201Z,KXETH15M-26OCT042345-45,0.0040,161.99,yes
2026-10-05T03:43:12.861258Z,KXETH15M-26OCT042345-45,0.0030,25.00,yes
2026-10-05T03:43:12.861258Z,KXETH15M-26OCT042345-45,0.0030,0.01,yes
2026-10-05T03:43:12.861258Z,KXETH15M-26OCT042345-45,0.0030,30.00,yes
2026-10-05T03:43:12.861258Z,KXETH15M-26OCT042345-45,0.0040,4.67,yes
2026-10-05T03:43:12.861258Z,KXETH15M-26OCT042345-45,0.0030,250.00,yes
2026-10-05T03:43:12.999574Z,KXETH15M-26OCT042345-45,0.0020,4.00,no
2026-10-05T03:43:13.847167Z,KXETH15M-26OCT042345-45,0.0020,926.85,no
2026-10-05T03:43:14.923458Z,KXETH15M-26OCT042345-45,0.0020,11.80,no
2026-10-05T03:43:16.169481Z,KXETH15M-26OCT042345-45,0.0030,23.00,yes
2026-10-05T03:43:16.169481Z,KXETH15M-26OCT042345-45,0.0030,18.00,yes
2026-10-05T03:43:16.169481Z,KXETH15M-26OCT042345-45,0.0030,0.01,yes
2026-10-05T03:43:16.169481Z,KXETH15M-26OCT042345-45,0.0030,20.00,yes
2026-10-05T03:43:16.419332Z,KXETH15M-26OCT042345-45,0.0040,41.25,yes
2026-10-05T03:43:17.726762Z,KXETH15M-26OCT042345-45,0.0030,1.00,no
2026-10-05T03:43:18.106515Z,KXETH15M-26OCT042345-45,0.0030,1.00,no
2026-10-05T03:43:18.398107Z,KXETH15M-26OCT042345-45,0.0040,6.87,yes
2026-10-05T03:43:19.869701Z,KXETH15M-26OCT042345-45,0.0030,17.00,no
2026-10-05T03:43:19.869701Z,KXETH15M-26OCT042345-45,0.0030,37.00,no
2026-10-05T03:43:19.869701Z,KXETH15M-26OCT042345-45,0.0030,33.00,no
2026-10-05T03:43:20.779096Z,KXETH15M-26OCT042345-45,0.0050,352.73,yes
2026-10-05T03:43:20.779096Z,KXETH15M-26OCT042345-45,0.0050,175.00,yes
2026-10-05T03:43:20.779096Z,KXETH15M-26OCT042345-45,0.0100,16.30,yes
2026-10-05T03:43:20.779096Z,KXETH15M-26OCT042345-45,0.0100,112.86,yes
2026-10-05T03:43:20.779096Z,KXETH15M-26OCT042345-45,0.0100,24.00,yes
2026-10-05T03:43:20.779096Z,KXETH15M-26OCT042345-45,0.0100,4.00,yes
2026-10-05T03:43:20.779096Z,KXETH15M-26OCT042345-45,0.0080,0.01,yes
2026-10-05T03:43:20.779096Z,KXETH15M-26OCT042345-45,0.0060,16.00,yes
2026-10-05T03:43:20.779096Z,KXETH15M-26OCT042345-45,0.0040,0.01,yes
2026-10-05T03:43:20.779096Z,KXETH15M-26OCT042345-45,0.0050,0.02,yes
2026-10-05T03:43:20.779096Z,KXETH15M-26OCT042345-45,0.0040,1440.84,yes
2026-10-05T03:43:20.779096Z,KXETH15M-26OCT042345-45,0.0080,1.01,yes
2026-10-05T03:43:20.779096Z,KXETH15M-26OCT042345-45,0.0070,0.01,yes
2026-10-05T03:43:20.779096Z,KXETH15M-26OCT042345-45,0.0060,0.02,yes
2026-10-05T03:43:20.779096Z,KXETH15M-26OCT042345-45,0.0090,151.79,yes
2026-10-05T03:43:20.779096Z,KXETH15M-26OCT042345-45,0.0100,0.02,yes
2026-10-05T03:43:20.779096Z,KXETH15M-26OCT042345-45,0.0090,0.02,yes
2026-10-05T03:43:20.779096Z,KXETH15M-26OCT042345-45,0.0050,983.88,yes
2026-10-05T03:43:20.779096Z,KXETH15M-26OCT042345-45,0.0030,20.00,yes
2026-10-05T03:43:20.779096Z,KXETH15M-26OCT042345-45,0.0060,45.00,yes
2026-10-05T03:43:20.779096Z,KXETH15M-26OCT042345-45,0.0030,26.00,yes
2026-10-05T03:43:20.779096Z,KXETH15M-26OCT042345-45,0.0030,42.00,yes
2026-10-05T03:43:20.779096Z,KXETH15M-26OCT042345-45,0.0030,0.02,yes
2026-10-05T03:43:21.532183Z,KXETH15M-26OCT042345-45,0.0030,8.52,no
2026-10-05T03:43:21.532183Z,KXETH15M-26OCT042345-45,0.0030,17.00,no
2026-10-05T03:43:22.536062Z,KXETH15M-26OCT042345-45,0.0030,9.03,no
2026-10-05T03:43:22.908164Z,KXETH15M-26OCT042345-45,0.0030,10.97,no
2026-10-05T03:43:22.908164Z,KXETH15M-26OCT042345-45,0.0030,5.94,no
2026-10-05T03:43:22.908164Z,KXETH15M-26OCT042345-45,0.0030,20.00,no
2026-10-05T03:43:23.288958Z,KXETH15M-26OCT042345-45,0.0020,189.57,no
2026-10-05T03:43:24.165056Z,KXETH15M-26OCT042345-45,0.0030,38.10,yes
2026-10-05T03:43:28.857625Z,KXETH15M-26OCT042345-45,0.0030,2.90,yes
2026-10-05T03:43:28.857625Z,KXETH15M-26OCT042345-45,0.0030,2.78,yes
2026-10-05T03:43:29.146343Z,KXETH15M-26OCT042345-45,0.0020,5.90,no
2026-10-05T03:43:29.643597Z,KXETH15M-26OCT042345-45,0.0020,100.00,no
2026-10-05T03:43:29.643597Z,KXETH15M-26OCT042345-45,0.0020,44.30,no
2026-10-05T03:43:29.643597Z,KXETH15M-26OCT042345-45,0.0020,500.00,no
2026-10-05T03:43:29.643597Z,KXETH15M-26OCT042345-45,0.0020,100.00,no
2026-10-05T03:43:29.643597Z,KXETH15M-26OCT042345-45,0.0020,213.59,no
2026-10-05T03:43:29.712399Z,KXETH15M-26OCT042345-45,0.0020,26.00,no
2026-10-05T03:43:29.712399Z,KXETH15M-26OCT042345-45,0.0020,3.00,no
2026-10-05T03:43:29.712399Z,KXETH15M-26OCT042345-45,0.0020,3.00,no
2026-10-05T03:43:29.712399Z,KXETH15M-26OCT042345-45,0.0020,455.70,no
2026-10-05T03:43:29.712399Z,KXETH15M-26OCT042345-45,0.0020,3.00,no
2026-10-05T03:43:29.712399Z,KXETH15M-26OCT042345-45,0.0020,3.00,no
2026-10-05T03:43:29.712399Z,KXETH15M-26OCT042345-45,0.0020,3.00,no
2026-10-05T03:43:29.712399Z,KXETH15M-26OCT042345-45,0.0020,334.30,no
2026-10-05T03:43:29.712399Z,KXETH15M-26OCT042345-45,0.0020,73.00,no
2026-10-05T03:43:29.712399Z,KXETH15M-26OCT042345-45,0.0020,4.00,no
2026-10-05T03:43:29.712399Z,KXETH15M-26OCT042345-45,0.0020,5.00,no
2026-10-05T03:43:29.837711Z,KXETH15M-26OCT042345-45,0.0020,153.59,no
2026-10-05T03:43:29.837711Z,KXETH15M-26OCT042345-45,0.0020,64.00,no
2026-10-05T03:43:30.104192Z,KXETH15M-26OCT042345-45,0.0020,145.00,no
2026-10-05T03:43:30.788994Z,KXETH15M-26OCT042345-45,0.0020,53.00,no
2026-10-05T03:43:31.030548Z,KXETH15M-26OCT042345-45,0.0020,44.59,no
2026-10-05T03:43:31.030548Z,KXETH15M-26OCT042345-45,0.0020,148.41,no
2026-10-05T03:43:31.59396Z,KXETH15M-26OCT042345-45,0.0020,458.01,yes
2026-10-05T03:43:32.237713Z,KXETH15M-26OCT042345-45,0.0020,10.00,yes
2026-10-05T03:43:33.102073Z,KXETH15M-26OCT042345-45,0.0020,70.24,yes
2026-10-05T03:43:34.030917Z,KXETH15M-26OCT042345-45,0.0020,458.01,yes
2026-10-05T03:43:34.294029Z,KXETH15M-26OCT042345-45,0.0010,50.00,no
2026-10-05T03:43:35.344433Z,KXETH15M-26OCT042345-45,0.0010,1.00,no
2026-10-05T03:43:35.494446Z,KXETH15M-26OCT042345-45,0.0020,229.01,yes
2026-10-05T03:43:35.531372Z,KXETH15M-26OCT042345-45,0.0020,458.01,yes
2026-10-05T03:43:36.349479Z,KXETH15M-26OCT042345-45,0.0020,27.02,yes
2026-10-05T03:43:36.982293Z,KXETH15M-26OCT042345-45,0.0010,91.00,no
2026-10-05T03:43:37.120557Z,KXETH15M-26OCT042345-45,0.0020,458.01,yes
2026-10-05T03:43:37.263499Z,KXETH15M-26OCT042345-45,0.0010,62.68,no
2026-10-05T03:43:38.909337Z,KXETH15M-26OCT042345-45,0.0010,10.00,no
2026-10-05T03:43:39.034546Z,KXETH15M-26OCT042345-45,0.0010,14.96,no
2026-10-05T03:43:39.457544Z,KXETH15M-26OCT042345-45,0.0020,458.01,yes
2026-10-05T03:43:40.582488Z,KXETH15M-26OCT042345-45,0.0010,1.00,no
2026-10-05T03:43:41.607055Z,KXETH15M-26OCT042345-45,0.0020,9.00,yes
2026-10-05T03:43:42.347323Z,KXETH15M-26OCT042345-45,0.0020,4.00,yes
2026-10-05T03:43:42.711477Z,KXETH15M-26OCT042345-45,0.0010,4.18,no
2026-10-05T03:43:44.597834Z,KXETH15M-26OCT042345-45,0.0010,165.18,no
2026-10-05T03:43:44.597834Z,KXETH15M-26OCT042345-45,0.0010,459.82,no
2026-10-05T03:43:44.597834Z,KXETH15M-26OCT042345-45,0.0010,1000.00,no
2026-10-05T03:43:50.016787Z,KXETH15M-26OCT042345-45,0.0010,444.40,no
2026-10-05T03:43:50.180663Z,KXETH15M-26OCT042345-45,0.0010,25.02,no
2026-10-05T03:43:51.282028Z,KXETH15M-26OCT042345-45,0.0020,8.16,yes
2026-10-05T03:43:52.377958Z,KXETH15M-26OCT042345-45,0.0020,116.84,yes
2026-10-05T03:43:54.921153Z,KXETH15M-26OCT042345-45,0.0010,1070.76,no
2026-10-05T03:43:54.921153Z,KXETH15M-26OCT042345-45,0.0010,41.27,no
2026-10-05T03:43:55.332258Z,KXETH15M-26OCT042345-45,0.0020,0.44,yes
2026-10-05T03:43:55.482226Z,KXETH15M-26OCT042345-45,0.0010,12.00,no
2026-10-05T03:43:56.177381Z,KXETH15M-26OCT042345-45,0.0010,765.30,no
2026-10-05T03:43:56.177381Z,KXETH15M-26OCT042345-45,0.0010,346.73,no
2026-10-05T03:43:57.116296Z,KXETH15M-26OCT042345-45,0.0010,14.44,no
2026-10-05T03:43:57.33284Z,KXETH15M-26OCT042345-45,0.0010,11.07,no
2026-10-05T03:43:58.139995Z,KXETH15M-26OCT042345-45,0.0010,11.07,no
2026-10-05T03:43:58.396789Z,KXETH15M-26OCT042345-45,0.0010,10.00,no
2026-10-05T03:43:58.878598Z,KXETH15M-26OCT042345-45,0.0010,1.89,no
2026-10-05T03:43:58.929601Z,KXETH15M-26OCT042345-45,0.0010,11.07,no
2026-10-05T03:43:59.597325Z,KXETH15M-26OCT042345-45,0.0020,916.02,yes
2026-10-05T03:43:59.696219Z,KXETH15M-26OCT042345-45,0.0010,11.09,no
2026-10-05T03:43:59.766234Z,KXETH15M-26OCT042345-45,0.0010,113.92,no
2026-10-05T03:44:00.017027Z,KXETH15M-26OCT042345-45,0.0010,1.00,no
2026-10-05T03:44:00.017027Z,KXETH15M-26OCT042345-45,0.0010,100.00,no
2026-10-05T03:44:00.017027Z,KXETH15M-26OCT042345-45,0.0010,1.00,no
2026-10-05T03:44:00.017027Z,KXETH15M-26OCT042345-45,0.0010,30.15,no
2026-10-05T03:44:00.017027Z,KXETH15M-26OCT042345-45,0.0010,1.00,no
2026-10-05T03:44:00.017027Z,KXETH15M-26OCT042345-45,0.0010,92.85,no
2026-10-05T03:44:00.017027Z,KXETH15M-26OCT042345-45,0.0010,4.00,no
2026-10-05T03:44:00.017027Z,KXETH15M-26OCT042345-45,0.0010,20.00,no
2026-10-05T03:44:00.108899Z,KXETH15M-26OCT042345-45,0.0010,1.00,no
2026-10-05T03:44:00.119419Z,KXETH15M-26OCT042345-45,0.0010,65.00,no
2026-10-05T03:44:00.119419Z,KXETH15M-26OCT042345-45,0.0010,66.00,no
2026-10-05T03:44:00.119419Z,KXETH15M-26OCT042345-45,0.0010,6.15,no
2026-10-05T03:44:00.119419Z,KXETH15M-26OCT042345-45,0.0010,161.00,no
2026-10-05T03:44:00.759243Z,KXETH15M-26OCT042345-45,0.0010,1301.23,yes
2026-10-05T03:44:00.759243Z,KXETH15M-26OCT042345-45,0.0010,0.85,yes
2026-10-05T03:44:00.759243Z,KXETH15M-26OCT042345-45,0.0010,100.00,yes
2026-10-05T03:44:01.610993Z,KXETH15M-26OCT042345-45,0.0010,53.00,yes
2026-10-05T03:44:01.610993Z,KXETH15M-26OCT042345-45,0.0010,145.00,yes
2026-10-05T03:44:01.610993Z,KXETH15M-26OCT042345-45,0.0020,0.12,yes
2026-10-05T03:44:01.610993Z,KXETH15M-26OCT042345-45,0.0010,148.41,yes
2026-10-05T03:44:01.610993Z,KXETH15M-26OCT042345-45,0.0020,1125.61,yes
2026-10-05T03:44:01.610993Z,KXETH15M-26OCT042345-45,0.0010,153.59,yes
2026-10-05T03:44:01.610993Z,KXETH15M-26OCT042345-45,0.0010,3017.77,yes
2026-10-05T03:44:01.610993Z,KXETH15M-26OCT042345-45,0.0010,6.00,yes
2026-10-05T03:44:01.610993Z,KXETH15M-26OCT042345-45,0.0010,334.30,yes
2026-10-05T03:44:01.610993Z,KXETH15M-26OCT042345-45,0.0010,1627.08,yes
2026-10-05T03:44:01.610993Z,KXETH15M-26OCT042345-45,0.0010,581.00,yes
2026-10-05T03:44:01.610993Z,KXETH15M-26OCT042345-45,0.0010,500.00,yes
2026-10-05T03:44:01.610993Z,KXETH15M-26OCT042345-45,0.0010,10.01,yes
2026-10-05T03:44:01.66131Z,KXETH15M-26OCT042345-45,0.0010,5.00,no
2026-10-05T03:44:01.675837Z,KXETH15M-26OCT042345-45,0.0010,66.00,no
2026-10-05T03:44:01.675837Z,KXETH15M-26OCT042345-45,0.0010,40.00,no
2026-10-05T03:44:03.622674Z,KXETH15M-26OCT042345-45,0.0010,10.00,yes
2026-10-05T03:44:06.360473Z,KXETH15M-26OCT042345-45,0.0010,505.73,yes
2026-10-05T03:44:06.868298Z,KXETH15M-26OCT042345-45,0.0010,9.20,yes
2026-10-05T03:44:10.104675Z,KXETH15M-26OCT042345-45,0.0010,219.00,yes
2026-10-05T03:44:10.524822Z,KXETH15M-26OCT042345-45,0.0010,257.07,yes
2026-10-05T03:44:10.524822Z,KXETH15M-26OCT042345-45,0.0010,119.39,yes
2026-10-05T03:44:10.524822Z,KXETH15M-26OCT042345-45,0.0010,146.93,yes
2026-10-05T03:44:11.479491Z,KXETH15M-26OCT042345-45,0.0010,201.57,yes
2026-10-05T03:44:15.286232Z,KXETH15M-26OCT042345-45,0.0010,94.76,yes
2026-10-05T03:44:18.123317Z,KXETH15M-26OCT042345-45,0.0010,15571.11,yes
2026-10-05T03:44:23.010919Z,KXETH15M-26OCT042345-45,0.0010,4579.77,yes
2026-10-05T03:44:23.674833Z,KXETH15M-26OCT042345-45,0.0010,39.63,yes
2026-10-05T03:44:25.846559Z,KXETH15M-26OCT042345-45,0.0010,458.04,yes
2026-10-05T03:44:26.567795Z,KXETH15M-26OCT042345-45,0.0010,35.58,yes
2026-10-05T03:44:26.567795Z,KXETH15M-26OCT042345-45,0.0010,81.00,yes
2026-10-05T03:44:26.567795Z,KXETH15M-26OCT042345-45,0.0010,4463.19,yes
2026-10-05T03:44:26.769147Z,KXETH15M-26OCT042345-45,0.0010,306.20,yes
2026-10-05T03:44:26.769147Z,KXETH15M-26OCT042345-45,0.0010,99.00,yes
2026-10-05T03:44:26.769147Z,KXETH15M-26OCT042345-45,0.0010,4174.57,yes
2026-10-05T03:44:28.336717Z,KXETH15M-26OCT042345-45,0.0010,448.83,yes
2026-10-05T03:44:29.283642Z,KXETH15M-26OCT042345-45,0.0010,980.08,yes
2026-10-05T03:44:32.521285Z,KXETH15M-26OCT042345-45,0.0010,5.00,yes
2026-10-05T03:44:42.351983Z,KXETH15M-26OCT042345-45,0.0010,915.99,yes
2026-10-05T03:44:45.24389Z,KXETH15M-26OCT042345-45,0.0010,977.53,yes
2026-10-05T03:44:45.24389Z,KXETH15M-26OCT042345-45,0.0010,160.00,yes
2026-10-05T03:44:45.24389Z,KXETH15M-26OCT042345-45,0.0010,3432.24,yes
2026-10-05T03:44:45.24389Z,KXETH15M-26OCT042345-45,0.0010,10.00,yes
2026-10-05T03:44:58.758097Z,KXETH15M-26OCT042345-45,0.0010,1831.90,yes
2026-10-05T03:44:58.982766Z,KXETH15M-26OCT042345-45,0.0010,1056.19,yes
2026-10-05T03:40:51.001396Z,KXBTC15M-26OCT042345-45,0.0290,2.05,no
2026-10-05T03:40:51.099494Z,KXBTC15M-26OCT042345-45,0.0290,100.00,no
2026-10-05T03:40:51.099494Z,KXBTC15M-26OCT042345-45,0.0290,70.00,no
2026-10-05T03:40:51.099494Z,KXBTC15M-26OCT042345-45,0.0290,44.89,no
2026-10-05T03:40:51.099494Z,KXBTC15M-26OCT042345-45,0.0290,10.00,no
2026-10-05T03:40:51.099494Z,KXBTC15M-26OCT042345-45,0.0290,0.01,no
2026-10-05T03:40:51.099494Z,KXBTC15M-26OCT042345-45,0.0290,0.10,no
2026-10-05T03:40:51.099494Z,KXBTC15M-26OCT042345-45,0.0290,72.81,no
2026-10-05T03:40:51.099494Z,KXBTC15M-26OCT042345-45,0.0290,567.00,no
2026-10-05T03:40:51.112679Z,KXBTC15M-26OCT042345-45,0.0290,9.79,no
2026-10-05T03:40:51.120557Z,KXBTC15M-26OCT042345-45,0.0290,27.79,no
2026-10-05T03:40:51.21921Z,KXBTC15M-26OCT042345-45,0.0300,7.90,yes
2026-10-05T03:40:51.232589Z,KXBTC15M-26OCT042345-45,0.0300,0.01,yes
2026-10-05T03:40:51.232589Z,KXBTC15M-26OCT042345-45,0.0300,0.01,yes
2026-10-05T03:40:51.232589Z,KXBTC15M-26OCT042345-45,0.0300,0.10,yes
2026-10-05T03:40:51.232589Z,KXBTC15M-26OCT042345-45,0.0300,50.00,yes
2026-10-05T03:40:51.232589Z,KXBTC15M-26OCT042345-45,0.0300,15.00,yes
2026-10-05T03:40:51.232589Z,KXBTC15M-26OCT042345-45,0.0300,105.42,yes
2026-10-05T03:40:51.232589Z,KXBTC15M-26OCT042345-45,0.0300,15.00,yes
2026-10-05T03:40:51.232589Z,KXBTC15M-26OCT042345-45,0.0300,0.02,yes
2026-10-05T03:40:51.232589Z,KXBTC15M-26OCT042345-45,0.0300,15.14,yes
2026-10-05T03:40:51.237626Z,KXBTC15M-26OCT042345-45,0.0290,42.30,no
2026-10-05T03:40:51.268123Z,KXBTC15M-26OCT042345-45,0.0290,72.96,no
2026-10-05T03:40:51.285999Z,KXBTC15M-26OCT042345-45,0.0290,10.92,no
2026-10-05T03:40:51.286194Z,KXBTC15M-26OCT042345-45,0.0300,17.72,yes
2026-10-05T03:40:51.298166Z,KXBTC15M-26OCT042345-45,0.0290,0.94,no
2026-10-05T03:40:51.387875Z,KXBTC15M-26OCT042345-45,0.0300,32.28,yes
2026-10-05T03:40:51.387875Z,KXBTC15M-26OCT042345-45,0.0300,15.00,yes
2026-10-05T03:40:51.387875Z,KXBTC15M-26OCT042345-45,0.0300,0.01,yes
2026-10-05T03:40:51.387875Z,KXBTC15M-26OCT042345-45,0.0300,0.01,yes
2026-10-05T03:40:51.39495Z,KXBTC15M-26OCT042345-45,0.0310,0.02,yes
2026-10-05T03:40:51.39495Z,KXBTC15M-26OCT042345-45,0.0310,40.00,yes
2026-10-05T03:40:51.39495Z,KXBTC15M-26OCT042345-45,0.0310,45.00,yes
2026-10-05T03:40:51.39495Z,KXBTC15M-26OCT042345-45,0.0310,40.00,yes
2026-10-05T03:40:51.39495Z,KXBTC15M-26OCT042345-45,0.0310,5.00,yes
2026-10-05T03:40:51.443116Z,KXBTC15M-26OCT042345-45,0.0300,6.33,no
2026-10-05T03:40:51.476604Z,KXBTC15M-26OCT042345-45,0.0300,63.67,no
2026-10-05T03:40:51.476604Z,KXBTC15M-26OCT042345-45,0.0300,293.99,no
2026-10-05T03:40:51.519129Z,KXBTC15M-26OCT042345-45,0.0300,20.51,no
2026-10-05T03:40:51.524965Z,KXBTC15M-26OCT042345-45,0.0310,0.01,yes
2026-10-05T03:40:51.524965Z,KXBTC15M-26OCT042345-45,0.0310,0.01,yes
2026-10-05T03:40:51.524965Z,KXBTC15M-26OCT042345-45,0.0310,1.04,yes
2026-10-05T03:40:51.533391Z,KXBTC15M-26OCT042345-45,0.0300,348.93,no
2026-10-05T03:40:51.533391Z,KXBTC15M-26OCT042345-45,0.0300,10.00,no
2026-10-05T03:40:51.533391Z,KXBTC15M-26OCT042345-45,0.0300,2.00,no
2026-10-05T03:40:51.533391Z,KXBTC15M-26OCT042345-45,0.0300,185.50,no
2026-10-05T03:40:51.569167Z,KXBTC15M-26OCT042345-45,0.0300,47.31,no
2026-10-05T03:40:51.588229Z,KXBTC15M-26OCT042345-45,0.0300,39.62,no
2026-10-05T03:40:51.633535Z,KXBTC15M-26OCT042345-45,0.0310,23.79,yes
2026-10-05T03:40:51.768699Z,KXBTC15M-26OCT042345-45,0.0300,11.71,no
2026-10-05T03:40:51.791203Z,KXBTC15M-26OCT042345-45,0.0300,36.77,no
2026-10-05T03:40:51.820416Z,KXBTC15M-26OCT042345-45,0.0300,17.00,no
2026-10-05T03:40:51.847447Z,KXBTC15M-26OCT042345-45,0.0310,0.01,yes
2026-10-05T03:40:51.847447Z,KXBTC15M-26OCT042345-45,0.0310,0.01,yes
2026-10-05T03:40:51.847447Z,KXBTC15M-26OCT042345-45,0.0310,25.17,yes
2026-10-05T03:40:51.847447Z,KXBTC15M-26OCT042345-45,0.0320,3.80,yes
2026-10-05T03:40:51.929823Z,KXBTC15M-26OCT042345-45,0.0310,37.21,no
2026-10-05T03:40:52.025816Z,KXBTC15M-26OCT042345-45,0.0310,32.79,no
2026-10-05T03:40:52.025816Z,KXBTC15M-26OCT042345-45,0.0310,6.47,no
2026-10-05T03:40:52.030653Z,KXBTC15M-26OCT042345-45,0.0310,185.13,no
2026-10-05T03:40:52.030653Z,KXBTC15M-26OCT042345-45,0.0310,3.53,no
2026-10-05T03:40:52.03457Z,KXBTC15M-26OCT042345-45,0.0340,15.00,yes
2026-10-05T03:40:52.03457Z,KXBTC15M-26OCT042345-45,0.0320,0.02,yes
2026-10-05T03:40:52.03457Z,KXBTC15M-26OCT042345-45,0.0320,11.20,yes
2026-10-05T03:40:52.03457Z,KXBTC15M-26OCT042345-45,0.0330,0.02,yes
2026-10-05T03:40:52.03457Z,KXBTC15M-26OCT042345-45,0.0340,0.02,yes
2026-10-05T03:40:52.03457Z,KXBTC15M-26OCT042345-45,0.0350,39.06,yes
2026-10-05T03:40:52.03457Z,KXBTC15M-26OCT042345-45,0.0350,50.00,yes
2026-10-05T03:40:52.03457Z,KXBTC15M-26OCT042345-45,0.0320,50.00,yes
2026-10-05T03:40:52.03457Z,KXBTC15M-26OCT042345-45,0.0320,15.00,yes
2026-10-05T03:40:52.03457Z,KXBTC15M-26OCT042345-45,0.0320,0.01,yes
2026-10-05T03:40:52.03457Z,KXBTC15M-26OCT042345-45,0.0320,0.01,yes
2026-10-05T03:40:52.056112Z,KXBTC15M-26OCT042345-45,0.0320,38.00,no
2026-10-05T03:40:52.056112Z,KXBTC15M-26OCT042345-45,0.0320,90.00,no
2026-10-05T03:40:52.056112Z,KXBTC15M-26OCT042345-45,0.0320,70.00,no
2026-10-05T03:40:52.064063Z,KXBTC15M-26OCT042345-45,0.0320,3.72,no
2026-10-05T03:40:52.128852Z,KXBTC15M-26OCT042345-45,0.0320,5.05,no
2026-10-05T03:40:52.142069Z,KXBTC15M-26OCT042345-45,0.0320,17.02,no
2026-10-05T03:40:52.166399Z,KXBTC15M-26OCT042345-45,0.0320,17.21,no
2026-10-05T03:40:52.166399Z,KXBTC15M-26OCT042345-45,0.0320,2.01,no
2026-10-05T03:40:52.188287Z,KXBTC15M-26OCT042345-45,0.0320,0.01,no
2026-10-05T03:40:52.188287Z,KXBTC15M-26OCT042345-45,0.0320,0.01,no
2026-10-05T03:40:52.188287Z,KXBTC15M-26OCT042345-45,0.0320,1.99,no
2026-10-05T03:40:52.188287Z,KXBTC15M-26OCT042345-45,0.0320,27.28,no
2026-10-05T03:40:52.188287Z,KXBTC15M-26OCT042345-45,0.0320,17.00,no
2026-10-05T03:40:52.207953Z,KXBTC15M-26OCT042345-45,0.0320,0.10,no
2026-10-05T03:40:52.207953Z,KXBTC15M-26OCT042345-45,0.0320,100.00,no
2026-10-05T03:40:52.207953Z,KXBTC15M-26OCT042345-45,0.0320,94.68,no
2026-10-05T03:40:52.207953Z,KXBTC15M-26OCT042345-45,0.0320,106.72,no
2026-10-05T03:40:52.209893Z,KXBTC15M-26OCT042345-45,0.0320,45.26,no
2026-10-05T03:40:52.269514Z,KXBTC15M-26OCT042345-45,0.0320,14.44,no
2026-10-05T03:40:52.291787Z,KXBTC15M-26OCT042345-45,0.0320,59.66,no
2026-10-05T03:40:52.298108Z,KXBTC15M-26OCT042345-45,0.0330,100.00,yes
2026-10-05T03:40:52.298108Z,KXBTC15M-26OCT042345-45,0.0330,0.10,yes
2026-10-05T03:40:52.298108Z,KXBTC15M-26OCT042345-45,0.0340,13.22,yes
2026-10-05T03:40:52.298108Z,KXBTC15M-26OCT042345-45,0.0330,0.01,yes
2026-10-05T03:40:52.298108Z,KXBTC15M-26OCT042345-45,0.0330,0.01,yes
2026-10-05T03:40:52.343296Z,KXBTC15M-26OCT042345-45,0.0330,70.00,no
2026-10-05T03:40:52.44872Z,KXBTC15M-26OCT042345-45,0.0330,7.20,no
2026-10-05T03:40:52.462188Z,KXBTC15M-26OCT042345-45,0.0330,47.20,no
2026-10-05T03:40:52.462188Z,KXBTC15M-26OCT042345-45,0.0330,2.80,no
2026-10-05T03:40:52.472762Z,KXBTC15M-26OCT042345-45,0.0330,40.00,no
2026-10-05T03:40:52.47999Z,KXBTC15M-26OCT042345-45,0.0330,5.00,no
2026-10-05T03:40:52.494597Z,KXBTC15M-26OCT042345-45,0.0330,7.00,no
2026-10-05T03:40:52.546514Z,KXBTC15M-26OCT042345-45,0.0330,400.80,no
2026-10-05T03:40:52.546514Z,KXBTC15M-26OCT042345-45,0.0330,0.01,no
2026-10-05T03:40:52.546514Z,KXBTC15M-26OCT042345-45,0.0330,0.10,no
2026-10-05T03:40:52.546514Z,KXBTC15M-26OCT042345-45,0.0330,4.00,no
2026-10-05T03:40:52.546514Z,KXBTC15M-26OCT042345-45,0.0330,332.00,no
2026-10-05T03:40:52.546514Z,KXBTC15M-26OCT042345-45,0.0330,400.00,no
2026-10-05T03:40:52.546514Z,KXBTC15M-26OCT042345-45,0.0330,0.01,no
2026-10-05T03:40:52.546514Z,KXBTC15M-26OCT042345-45,0.0330,100.00,no
2026-10-05T03:40:52.546514Z,KXBTC15M-26OCT042345-45,0.0330,500.00,no
2026-10-05T03:40:52.546514Z,KXBTC15M-26OCT042345-45,0.0330,6.32,no
2026-10-05T03:40:52.546514Z,KXBTC15M-26OCT042345-45,0.0330,10.00,no
2026-10-05T03:40:52.638107Z,KXBTC15M-26OCT042345-45,0.0340,0.01,yes
2026-10-05T03:40:52.638107Z,KXBTC15M-26OCT042345-45,0.0340,0.01,yes
2026-10-05T03:40:52.638107Z,KXBTC15M-26OCT042345-45,0.0340,24.00,yes
2026-10-05T03:40:52.638107Z,KXBTC15M-26OCT042345-45,0.0340,2.79,yes
2026-10-05T03:40:52.638107Z,KXBTC15M-26OCT042345-45,0.0340,1.00,yes
2026-10-05T03:40:52.641453Z,KXBTC15M-26OCT042345-45,0.0330,5.25,no
2026-10-05T03:40:52.647216Z,KXBTC15M-26OCT042345-45,0.0330,0.01,no
2026-10-05T03:40:52.647216Z,KXBTC15M-26OCT042345-45,0.0330,100.00,no
2026-10-05T03:40:52.647216Z,KXBTC15M-26OCT042345-45,0.0330,4.00,no
2026-10-05T03:40:52.647216Z,KXBTC15M-26OCT042345-45,0.0330,76.45,no
2026-10-05T03:40:52.647216Z,KXBTC15M-26OCT042345-45,0.0330,0.01,no
2026-10-05T03:40:52.647216Z,KXBTC15M-26OCT042345-45,0.0330,788.43,no
2026-10-05T03:40:52.654833Z,KXBTC15M-26OCT042345-45,0.0340,18.75,yes
2026-10-05T03:40:52.66507Z,KXBTC15M-26OCT042345-45,0.0330,150.00,no
2026-10-05T03:40:52.669802Z,KXBTC15M-26OCT042345-45,0.0330,130.66,no
2026-10-05T03:40:52.678177Z,KXBTC15M-26OCT042345-45,0.0340,136.02,yes
2026-10-05T03:40:52.7107Z,KXBTC15M-26OCT042345-45,0.0340,0.02,yes
2026-10-05T03:40:52.712176Z,KXBTC15M-26OCT042345-45,0.0340,0.02,yes
2026-10-05T03:40:52.724323Z,KXBTC15M-26OCT042345-45,0.0340,0.02,yes
2026-10-05T03:40:52.758963Z,KXBTC15M-26OCT042345-45,0.0330,42.89,no
2026-10-05T03:40:52.758963Z,KXBTC15M-26OCT042345-45,0.0330,10.00,no
2026-10-05T03:40:52.758963Z,KXBTC15M-26OCT042345-45,0.0330,47.11,no
2026-10-05T03:40:52.855091Z,KXBTC15M-26OCT042345-45,0.0350,132.74,yes
2026-10-05T03:40:52.855091Z,KXBTC15M-26OCT042345-45,0.0340,1.00,yes
2026-10-05T03:40:52.855091Z,KXBTC15M-26OCT042345-45,0.0340,0.01,yes
2026-10-05T03:40:52.855091Z,KXBTC15M-26OCT042345-45,0.0340,0.01,yes
2026-10-05T03:40:52.868618Z,KXBTC15M-26OCT042345-45,0.0330,0.01,no
2026-10-05T03:40:52.868618Z,KXBTC15M-26OCT042345-45,0.0330,0.01,no
2026-10-05T03:40:52.868618Z,KXBTC15M-26OCT042345-45,0.0330,5.13,no
2026-10-05T03:40:52.922784Z,KXBTC15M-26OCT042345-45,0.0340,0.10,no
2026-10-05T03:40:52.922784Z,KXBTC15M-26OCT042345-45,0.0340,48.38,no
2026-10-05T03:40:52.925082Z,KXBTC15M-26OCT042345-45,0.0200,6.00,no
2026-10-05T03:40:52.925082Z,KXBTC15M-26OCT042345-45,0.0200,6.00,no
2026-10-05T03:40:52.925082Z,KXBTC15M-26OCT042345-45,0.0260,1.93,no
2026-10-05T03:40:52.925082Z,KXBTC15M-26OCT042345-45,0.0210,1500.00,no
2026-10-05T03:40:52.925082Z,KXBTC15M-26OCT042345-45,0.0200,50.00,no
2026-10-05T03:40:52.925082Z,KXBTC15M-26OCT042345-45,0.0190,1500.00,no
2026-10-05T03:40:52.925082Z,KXBTC15M-26OCT042345-45,0.0200,93.75,no
2026-10-05T03:40:52.925082Z,KXBTC15M-26OCT042345-45,0.0200,64.00,no
2026-10-05T03:40:52.925082Z,KXBTC15M-26OCT042345-45,0.0200,93.75,no
2026-10-05T03:40:52.925082Z,KXBTC15M-26OCT042345-45,0.0200,15.00,no
2026-10-05T03:40:52.925082Z,KXBTC15M-26OCT042345-45,0.0200,64.00,no
2026-10-05T03:40:52.925082Z,KXBTC15M-26OCT042345-45,0.0200,15.00,no
2026-10-05T03:40:52.925082Z,KXBTC15M-26OCT042345-45,0.0210,312.73,no
2026-10-05T03:40:52.925082Z,KXBTC15M-26OCT042345-45,0.0330,0.01,no
2026-10-05T03:40:52.925082Z,KXBTC15M-26OCT042345-45,0.0340,0.01,no
2026-10-05T03:40:52.925082Z,KXBTC15M-26OCT042345-45,0.0300,15.00,no
2026-10-05T03:40:52.925082Z,KXBTC15M-26OCT042345-45,0.0280,15.00,no
2026-10-05T03:40:52.925082Z,KXBTC15M-26OCT042345-45,0.0210,1.00,no
2026-10-05T03:40:52.925082Z,KXBTC15M-26OCT042345-45,0.0340,500.00,no
2026-10-05T03:40:52.925082Z,KXBTC15M-26OCT042345-45,0.0300,15.00,no
2026-10-05T03:40:52.925082Z,KXBTC15M-26OCT042345-45,0.0180,150.00,no
2026-10-05T03:40:52.925082Z,KXBTC15M-26OCT042345-45,0.0290,90.00,no
2026-10-05T03:40:52.925082Z,KXBTC15M-26OCT042345-45,0.0340,100.00,no
2026-10-05T03:40:52.925082Z,KXBTC15M-26OCT042345-45,0.0230,500.00,no
2026-10-05T03:40:52.925082Z,KXBTC15M-26OCT042345-45,0.0170,738.64,no
2026-10-05T03:40:52.925082Z,KXBTC15M-26OCT042345-45,0.0340,112.62,no
2026-10-05T03:40:52.925082Z,KXBTC15M-26OCT042345-45,0.0200,150.00,no
2026-10-05T03:40:52.925082Z,KXBTC15M-26OCT042345-45,0.0340,16.00,no
2026-10-05T03:40:52.925082Z,KXBTC15M-26OCT042345-45,0.0280,15.00,no
2026-10-05T03:40:52.925082Z,KXBTC15M-26OCT042345-45,0.0200,580.00,no
2026-10-05T03:40:52.925082Z,KXBTC15M-26OCT042345-45,0.0320,17.00,no
2026-10-05T03:40:52.925082Z,KXBTC15M-26OCT042345-45,0.0200,150.00,no
2026-10-05T03:40:52.925082Z,KXBTC15M-26OCT042345-45,0.0330,17.00,no
2026-10-05T03:40:52.925082Z,KXBTC15M-26OCT042345-45,0.0190,150.00,no
2026-10-05T03:40:52.925082Z,KXBTC15M-26OCT042345-45,0.0290,10.00,no
2026-10-05T03:40:52.925082Z,KXBTC15M-26OCT042345-45,0.0330,0.01,no
2026-10-05T03:40:52.925082Z,KXBTC15M-26OCT042345-45,0.0340,400.00,no
2026-10-05T03:40:52.925082Z,KXBTC15M-26OCT042345-45,0.0340,0.01,no
2026-10-05T03:40:52.925082Z,KXBTC15M-26OCT042345-45,0.0330,166.00,no
2026-10-05T03:40:52.925082Z,KXBTC15M-26OCT042345-45,0.0200,30.00,no
2026-10-05T03:40:52.925082Z,KXBTC15M-26OCT042345-45,0.0280,3141.00,no
2026-10-05T03:40:52.925082Z,KXBTC15M-26OCT042345-45,0.0250,64.00,no
2026-10-05T03:40:52.925082Z,KXBTC15M-26OCT042345-45,0.0270,15.00,no
2026-10-05T03:40:52.925082Z,KXBTC15M-26OCT042345-45,0.0250,93.75,no
2026-10-05T03:40:52.925082Z,KXBTC15M-26OCT042345-45,0.0250,93.75,no
2026-10-05T03:40:52.925082Z,KXBTC15M-26OCT042345-45,0.0190,0.08,no
2026-10-05T03:40:52.925082Z,KXBTC15M-26OCT042345-45,0.0270,15.00,no
2026-10-05T03:40:52.925082Z,KXBTC15M-26OCT042345-45,0.0260,1047.00,no
2026-10-05T03:40:52.925082Z,KXBTC15M-26OCT042345-45,0.0250,15.00,no
2026-10-05T03:40:52.925082Z,KXBTC15M-26OCT042345-45,0.0250,15.00,no
2026-10-05T03:40:52.925082Z,KXBTC15M-26OCT042345-45,0.0280,15.00,no
2026-10-05T03:40:52.925082Z,KXBTC15M-26OCT042345-45,0.0270,15.00,no
2026-10-05T03:40:52.925082Z,KXBTC15M-26OCT042345-45,0.0200,200.00,no
2026-10-05T03:40:52.925082Z,KXBTC15M-26OCT042345-45,0.0290,15.00,no
2026-10-05T03:40:52.925082Z,KXBTC15M-26OCT042345-45,0.0250,64.00,no
2026-10-05T03:40:52.925082Z,KXBTC15M-26OCT042345-45,0.0300,50.00,no
2026-10-05T03:40:52.925082Z,KXBTC15M-26OCT042345-45,0.0280,15.00,no
2026-10-05T03:40:52.925082Z,KXBTC15M-26OCT042345-45,0.0290,15.00,no
2026-10-05T03:40:52.925082Z,KXBTC15M-26OCT042345-45,0.0170,150.00,no
2026-10-05T03:40:52.925082Z,KXBTC15M-26OCT042345-45,0.0210,111.00,no
2026-10-05T03:40:52.925082Z,KXBTC15M-26OCT042345-45,0.0200,1.00,no
2026-10-05T03:40:52.925082Z,KXBTC15M-26OCT042345-45,0.0200,5.00,no
2026-10-05T03:40:52.925082Z,KXBTC15M-26OCT042345-45,0.0330,10.00,no
2026-10-05T03:40:52.925082Z,KXBTC15M-26OCT042345-45,0.0300,10.00,no
2026-10-05T03:40:52.925082Z,KXBTC15M-26OCT042345-45,0.0200,1.00,no
2026-10-05T03:40:52.925082Z,KXBTC15M-26OCT042345-45,0.0200,200.00,no
2026-10-05T03:40:52.925082Z,KXBTC15M-26OCT042345-45,0.0200,88.36,no
2026-10-05T03:40:52.925082Z,KXBTC15M-26OCT042345-45,0.0200,200.00,no
2026-10-05T03:40:52.925082Z,KXBTC15M-26OCT042345-45,0.0200,5.82,no
2026-10-05T03:40:52.925082Z,KXBTC15M-26OCT042345-45,0.0200,43.07,no
2026-10-05T03:40:52.925082Z,KXBTC15M-26OCT042345-45,0.0200,3.34,no
2026-10-05T03:40:52.925082Z,KXBTC15M-26OCT042345-45,0.0200,10.00,no
2026-10-05T03:40:52.925082Z,KXBTC15M-26OCT042345-45,0.0200,0.95,no
2026-10-05T03:40:52.925082Z,KXBTC15M-26OCT042345-45,0.0220,1047.00,no
2026-10-05T03:40:52.925082Z,KXBTC15M-26OCT042345-45,0.0200,1047.00,no
2026-10-05T03:40:52.925082Z,KXBTC15M-26OCT042345-45,0.0180,1047.00,no
2026-10-05T03:40:52.925082Z,KXBTC15M-26OCT042345-45,0.0220,330.00,no
2026-10-05T03:40:52.925082Z,KXBTC15M-26OCT042345-45,0.0200,11.00,no
2026-10-05T03:40:52.925082Z,KXBTC15M-26OCT042345-45,0.0160,1208.00,no
2026-10-05T03:40:52.925082Z,KXBTC15M-26OCT042345-45,0.0160,660.00,no
2026-10-05T03:40:52.925082Z,KXBTC15M-26OCT042345-45,0.0200,44.25,no
2026-10-05T03:40:52.925082Z,KXBTC15M-26OCT042345-45,0.0240,160.00,no
2026-10-05T03:40:52.925082Z,KXBTC15M-26OCT042345-45,0.0160,56.17,no
2026-10-05T03:40:52.925082Z,KXBTC15M-26OCT042345-45,0.0200,3.00,no
2026-10-05T03:40:52.925082Z,KXBTC15M-26OCT042345-45,0.0160,384.00,no
2026-10-05T03:40:52.925082Z,KXBTC15M-26OCT042345-45,0.0200,330.00,no
2026-10-05T03:40:52.925082Z,KXBTC15M-26OCT042345-45,0.0250,200.00,no
2026-10-05T03:40:52.925082Z,KXBTC15M-26OCT042345-45,0.0250,200.00,no
2026-10-05T03:40:52.925082Z,KXBTC15M-26OCT042345-45,0.0200,25.00,no
2026-10-05T03:40:52.925082Z,KXBTC15M-26OCT042345-45,0.0200,10.00,no
2026-10-05T03:40:52.925082Z,KXBTC15M-26OCT042345-45,0.0200,50.00,no
2026-10-05T03:40:52.925082Z,KXBTC15M-26OCT042345-45,0.0210,1.00,no
2026-10-05T03:40:52.948446Z,KXBTC15M-26OCT042345-45,0.0210,0.01,no
2026-10-05T03:40:52.948446Z,KXBTC15M-26OCT042345-45,0.0200,0.01,no
2026-10-05T03:40:52.948446Z,KXBTC15M-26OCT042345-45,0.0190,289.00,no
2026-10-05T03:40:52.948446Z,KXBTC15M-26OCT042345-45,0.0210,100.00,no
2026-10-05T03:40:52.948446Z,KXBTC15M-26OCT042345-45,0.0210,783.00,no
2026-10-05T03:40:52.948446Z,KXBTC15M-26OCT042345-45,0.0200,0.01,no
2026-10-05T03:40:52.948446Z,KXBTC15M-26OCT042345-45,0.0200,30.00,no
2026-10-05T03:40:52.948446Z,KXBTC15M-26OCT042345-45,0.0210,0.01,no
2026-10-05T03:40:52.958426Z,KXBTC15M-26OCT042345-45,0.0180,0.01,no
2026-10-05T03:40:52.958426Z,KXBTC15M-26OCT042345-45,0.0180,5.00,no
2026-10-05T03:40:52.958426Z,KXBTC15M-26OCT042345-45,0.0170,12.00,no
2026-10-05T03:40:52.958426Z,KXBTC15M-26OCT042345-45,0.0170,32.00,no
2026-10-05T03:40:52.958426Z,KXBTC15M-26OCT042345-45,0.0180,100.00,no
2026-10-05T03:40:52.958426Z,KXBTC15M-26OCT042345-45,0.0160,33.35,no
2026-10-05T03:40:52.965958Z,KXBTC15M-26OCT042345-45,0.0190,523.04,yes
2026-10-05T03:40:52.965958Z,KXBTC15M-26OCT042345-45,0.0190,5.96,yes
2026-10-05T03:40:52.96717Z,KXBTC15M-26OCT042345-45,0.0190,65.00,yes
2026-10-05T03:40:52.967523Z,KXBTC15M-26OCT042345-45,0.0200,200.00,yes
2026-10-05T03:40:52.967523Z,KXBTC15M-26OCT042345-45,0.0210,13.00,yes
2026-10-05T03:40:52.967523Z,KXBTC15M-26OCT042345-45,0.0200,750.00,yes
2026-10-05T03:40:52.967523Z,KXBTC15M-26OCT042345-45,0.0200,50.00,yes
2026-10-05T03:40:52.967523Z,KXBTC15M-26OCT042345-45,0.0190,0.01,yes
2026-10-05T03:40:52.967523Z,KXBTC15M-26OCT042345-45,0.0220,564.92,yes
2026-10-05T03:40:52.967523Z,KXBTC15M-26OCT042345-45,0.0190,200.00,yes
2026-10-05T03:40:52.967523Z,KXBTC15M-26OCT042345-45,0.0210,0.10,yes
2026-10-05T03:40:52.967523Z,KXBTC15M-26OCT042345-45,0.0190,0.01,yes
2026-10-05T03:40:52.967523Z,KXBTC15M-26OCT042345-45,0.0190,2552.96,yes
2026-10-05T03:40:52.971518Z,KXBTC15M-26OCT042345-45,0.0200,93.75,yes
2026-10-05T03:40:52.971518Z,KXBTC15M-26OCT042345-45,0.0200,93.75,yes
2026-10-05T03:40:52.971518Z,KXBTC15M-26OCT042345-45,0.0220,122.50,yes
2026-10-05T03:40:52.971518Z,KXBTC15M-26OCT042345-45,0.0200,15.00,yes
2026-10-05T03:40:52.9927Z,KXBTC15M-26OCT042345-45,0.0200,1.80,no
2026-10-05T03:40:52.995049Z,KXBTC15M-26OCT042345-45,0.0200,10.10,no
2026-10-05T03:40:52.997704Z,KXBTC15M-26OCT042345-45,0.0220,311.98,yes
2026-10-05T03:40:52.997704Z,KXBTC15M-26OCT042345-45,0.0210,0.01,yes
2026-10-05T03:40:52.997704Z,KXBTC15M-26OCT042345-45,0.0210,13.00,yes
2026-10-05T03:40:52.997704Z,KXBTC15M-26OCT042345-45,0.0210,0.01,yes
2026-10-05T03:40:53.000638Z,KXBTC15M-26OCT042345-45,0.0200,100.00,no
2026-10-05T03:40:53.000638Z,KXBTC15M-26OCT042345-45,0.0200,88.17,no
2026-10-05T03:40:53.000638Z,KXBTC15M-26OCT042345-45,0.0200,38.10,no
2026-10-05T03:40:53.000638Z,KXBTC15M-26OCT042345-45,0.0200,0.01,no
2026-10-05T03:40:53.000638Z,KXBTC15M-26OCT042345-45,0.0200,150.00,no
2026-10-05T03:40:53.000638Z,KXBTC15M-26OCT042345-45,0.0200,373.72,no
2026-10-05T03:40:53.031477Z,KXBTC15M-26OCT042345-45,0.0210,35.00,no
2026-10-05T03:40:53.038332Z,KXBTC15M-26OCT042345-45,0.0210,10.00,no
2026-10-05T03:40:53.038332Z,KXBTC15M-26OCT042345-45,0.0210,465.00,no
2026-10-05T03:40:53.038332Z,KXBTC15M-26OCT042345-45,0.0210,100.00,no
2026-10-05T03:40:53.038332Z,KXBTC15M-26OCT042345-45,0.0210,174.90,no
2026-10-05T03:40:53.038332Z,KXBTC15M-26OCT042345-45,0.0210,0.10,no
2026-10-05T03:40:53.061046Z,KXBTC15M-26OCT042345-45,0.0210,44.00,no
2026-10-05T03:40:53.081989Z,KXBTC15M-26OCT042345-45,0.0220,0.01,yes
2026-10-05T03:40:53.081989Z,KXBTC15M-26OCT042345-45,0.0220,33.35,yes
2026-10-05T03:40:53.081989Z,KXBTC15M-26OCT042345-45,0.0220,0.01,yes
2026-10-05T03:40:53.081989Z,KXBTC15M-26OCT042345-45,0.0220,15.00,yes
2026-10-05T03:40:53.081989Z,KXBTC15M-26OCT042345-45,0.0220,126.00,yes
2026-10-05T03:40:53.081989Z,KXBTC15M-26OCT042345-45,0.0230,20.28,yes
2026-10-05T03:40:53.081989Z,KXBTC15M-26OCT042345-45,0.0220,606.00,yes
2026-10-05T03:40:53.081989Z,KXBTC15M-26OCT042345-45,0.0220,15.00,yes
2026-10-05T03:40:53.083169Z,KXBTC15M-26OCT042345-45,0.0230,100.00,yes
2026-10-05T03:40:53.108002Z,KXBTC15M-26OCT042345-45,0.0220,2.00,no
2026-10-05T03:40:53.108002Z,KXBTC15M-26OCT042345-45,0.0220,0.10,no
2026-10-05T03:40:53.108002Z,KXBTC15M-26OCT042345-45,0.0220,40.55,no
2026-10-05T03:40:53.108002Z,KXBTC15M-26OCT042345-45,0.0220,17.00,no
2026-10-05T03:40:53.154916Z,KXBTC15M-26OCT042345-45,0.0220,242.98,no
2026-10-05T03:40:53.154916Z,KXBTC15M-26OCT042345-45,0.0220,0.01,no
2026-10-05T03:40:53.154916Z,KXBTC15M-26OCT042345-45,0.0220,100.00,no
2026-10-05T03:40:53.154916Z,KXBTC15M-26OCT042345-45,0.0220,86.00,no
2026-10-05T03:40:53.154916Z,KXBTC15M-26OCT042345-45,0.0220,0.01,no
2026-10-05T03:40:53.166764Z,KXBTC15M-26OCT042345-45,0.0220,9.75,no
2026-10-05T03:40:53.193084Z,KXBTC15M-26OCT042345-45,0.0220,16.98,no
2026-10-05T03:40:53.279449Z,KXBTC15M-26OCT042345-45,0.0230,0.01,yes
2026-10-05T03:40:53.279449Z,KXBTC15M-26OCT042345-45,0.0230,15.00,yes
2026-10-05T03:40:53.279449Z,KXBTC15M-26OCT042345-45,0.0230,12.52,yes
2026-10-05T03:40:53.279449Z,KXBTC15M-26OCT042345-45,0.0230,0.01,yes
2026-10-05T03:40:53.280411Z,KXBTC15M-26OCT042345-45,0.0230,2.48,yes
2026-10-05T03:40:53.280411Z,KXBTC15M-26OCT042345-45,0.0230,44.53,yes
2026-10-05T03:40:53.326608Z,KXBTC15M-26OCT042345-45,0.0220,7.84,no
2026-10-05T03:40:53.457143Z,KXBTC15M-26OCT042345-45,0.0220,101.99,no
2026-10-05T03:40:53.495084Z,KXBTC15M-26OCT042345-45,0.0230,13.00,yes
2026-10-05T03:40:53.495084Z,KXBTC15M-26OCT042345-45,0.0230,12.00,yes
2026-10-05T03:40:53.495084Z,KXBTC15M-26OCT042345-45,0.0230,150.00,yes
2026-10-05T03:40:53.495084Z,KXBTC15M-26OCT042345-45,0.0230,150.00,yes
2026-10-05T03:40:53.637345Z,KXBTC15M-26OCT042345-45,0.0220,14.54,no
2026-10-05T03:40:53.637345Z,KXBTC15M-26OCT042345-45,0.0220,15.00,no
2026-10-05T03:40:53.637345Z,KXBTC15M-26OCT042345-45,0.0220,20.46,no
2026-10-05T03:40:53.645551Z,KXBTC15M-26OCT042345-45,0.0230,116.04,yes
2026-10-05T03:40:53.703435Z,KXBTC15M-26OCT042345-45,0.0220,10.00,no
2026-10-05T03:40:53.703435Z,KXBTC15M-26OCT042345-45,0.0220,10.00,no
2026-10-05T03:40:53.703435Z,KXBTC15M-26OCT042345-45,0.0220,0.01,no
2026-10-05T03:40:53.703435Z,KXBTC15M-26OCT042345-45,0.0220,0.01,no
2026-10-05T03:40:53.703435Z,KXBTC15M-26OCT042345-45,0.0220,42.30,no
2026-10-05T03:40:53.703435Z,KXBTC15M-26OCT042345-45,0.0220,100.00,no
2026-10-05T03:40:53.703435Z,KXBTC15M-26OCT042345-45,0.0220,15.00,no
2026-10-05T03:40:53.739219Z,KXBTC15M-26OCT042345-45,0.0240,15.00,yes
2026-10-05T03:40:53.739219Z,KXBTC15M-26OCT042345-45,0.0230,0.01,yes
2026-10-05T03:40:53.739219Z,KXBTC15M-26OCT042345-45,0.0230,0.10,yes
2026-10-05T03:40:53.739219Z,KXBTC15M-26OCT042345-45,0.0230,150.00,yes
2026-10-05T03:40:53.739219Z,KXBTC15M-26OCT042345-45,0.0230,0.01,yes
2026-10-05T03:40:53.739219Z,KXBTC15M-26OCT042345-45,0.0230,200.00,yes
2026-10-05T03:40:53.739219Z,KXBTC15M-26OCT042345-45,0.0240,69.58,yes
2026-10-05T03:40:53.739219Z,KXBTC15M-26OCT042345-45,0.0230,20.96,yes
2026-10-05T03:40:53.739219Z,KXBTC15M-26OCT042345-45,0.0230,15.00,yes
2026-10-05T03:40:53.739219Z,KXBTC15M-26OCT042345-45,0.0230,251.70,yes
2026-10-05T03:40:53.772543Z,KXBTC15M-26OCT042345-45,0.0220,2.00,no
2026-10-05T03:40:53.772543Z,KXBTC15M-26OCT042345-45,0.0220,2.00,no
2026-10-05T03:40:53.772543Z,KXBTC15M-26OCT042345-45,0.0210,17.00,no
2026-10-05T03:40:53.772543Z,KXBTC15M-26OCT042345-45,0.0230,2.00,no
2026-10-05T03:40:53.772543Z,KXBTC15M-26OCT042345-45,0.0230,239.00,no
2026-10-05T03:40:53.772543Z,KXBTC15M-26OCT042345-45,0.0210,4.00,no
2026-10-05T03:40:53.772543Z,KXBTC15M-26OCT042345-45,0.0210,15.00,no
2026-10-05T03:40:53.772543Z,KXBTC15M-26OCT042345-45,0.0200,0.23,no
2026-10-05T03:40:53.772543Z,KXBTC15M-26OCT042345-45,0.0230,100.00,no
2026-10-05T03:40:53.772543Z,KXBTC15M-26OCT042345-45,0.0230,0.01,no
2026-10-05T03:40:53.772543Z,KXBTC15M-26OCT042345-45,0.0210,2.00,no
2026-10-05T03:40:53.772543Z,KXBTC15M-26OCT042345-45,0.0230,0.01,no
2026-10-05T03:40:53.772543Z,KXBTC15M-26OCT042345-45,0.0220,0.01,no
2026-10-05T03:40:53.772543Z,KXBTC15M-26OCT042345-45,0.0230,2.00,no
2026-10-05T03:40:53.772543Z,KXBTC15M-26OCT042345-45,0.0220,0.01,no
2026-10-05T03:40:53.772543Z,KXBTC15M-26OCT042345-45,0.0210,10.00,no
2026-10-05T03:40:53.772543Z,KXBTC15M-26OCT042345-45,0.0220,15.00,no
2026-10-05T03:40:53.772543Z,KXBTC15M-26OCT042345-45,0.0200,50.00,no
2026-10-05T03:40:53.772543Z,KXBTC15M-26OCT042345-45,0.0210,2.00,no
2026-10-05T03:40:53.772543Z,KXBTC15M-26OCT042345-45,0.0230,17.00,no
2026-10-05T03:40:53.772543Z,KXBTC15M-26OCT042345-45,0.0200,0.06,no
2026-10-05T03:40:53.772543Z,KXBTC15M-26OCT042345-45,0.0210,15.00,no
2026-10-05T03:40:53.772543Z,KXBTC15M-26OCT042345-45,0.0210,110.00,no
2026-10-05T03:40:53.772543Z,KXBTC15M-26OCT042345-45,0.0220,15.00,no
2026-10-05T03:40:53.772543Z,KXBTC15M-26OCT042345-45,0.0230,400.00,no
2026-10-05T03:40:53.77663Z,KXBTC15M-26OCT042345-45,0.0230,40.69,yes
2026-10-05T03:40:53.808025Z,KXBTC15M-26OCT042345-45,0.0200,17.00,no
2026-10-05T03:40:53.808025Z,KXBTC15M-26OCT042345-45,0.0220,2.00,no
2026-10-05T03:40:53.808025Z,KXBTC15M-26OCT042345-45,0.0200,29.77,no
2026-10-05T03:40:53.808025Z,KXBTC15M-26OCT042345-45,0.0220,400.00,no
2026-10-05T03:40:53.808025Z,KXBTC15M-26OCT042345-45,0.0220,0.01,no
2026-10-05T03:40:53.808025Z,KXBTC15M-26OCT042345-45,0.0210,77.00,no
2026-10-05T03:40:53.808025Z,KXBTC15M-26OCT042345-45,0.0200,50.00,no
2026-10-05T03:40:53.808025Z,KXBTC15M-26OCT042345-45,0.0210,17.00,no
2026-10-05T03:40:53.808025Z,KXBTC15M-26OCT042345-45,0.0200,4.00,no
2026-10-05T03:40:53.808025Z,KXBTC15M-26OCT042345-45,0.0220,0.01,no
2026-10-05T03:40:53.811847Z,KXBTC15M-26OCT042345-45,0.0200,153.21,yes
2026-10-05T03:40:53.811847Z,KXBTC15M-26OCT042345-45,0.0230,237.70,yes
2026-10-05T03:40:53.831121Z,KXBTC15M-26OCT042345-45,0.0230,12.00,yes
2026-10-05T03:40:53.831121Z,KXBTC15M-26OCT042345-45,0.0240,12.87,yes
2026-10-05T03:40:53.831121Z,KXBTC15M-26OCT042345-45,0.0230,15.00,yes
2026-10-05T03:40:53.846457Z,KXBTC15M-26OCT042345-45,0.0230,70.00,no
2026-10-05T03:40:53.846457Z,KXBTC15M-26OCT042345-45,0.0230,38.00,no
2026-10-05T03:40:53.846457Z,KXBTC15M-26OCT042345-45,0.0230,10.00,no
2026-10-05T03:40:53.846457Z,KXBTC15M-26OCT042345-45,0.0210,17.00,no
2026-10-05T03:40:53.846457Z,KXBTC15M-26OCT042345-45,0.0220,69.00,no
2026-10-05T03:40:53.846457Z,KXBTC15M-26OCT042345-45,0.0230,0.10,no
2026-10-05T03:40:53.846457Z,KXBTC15M-26OCT042345-45,0.0210,28.88,no
2026-10-05T03:40:53.846457Z,KXBTC15M-26OCT042345-45,0.0220,17.00,no
2026-10-05T03:40:53.846457Z,KXBTC15M-26OCT042345-45,0.0220,400.00,no
2026-10-05T03:40:53.846457Z,KXBTC15M-26OCT042345-45,0.0230,100.00,no
2026-10-05T03:40:53.846457Z,KXBTC15M-26OCT042345-45,0.0220,0.01,no
2026-10-05T03:40:53.846457Z,KXBTC15M-26OCT042345-45,0.0220,0.01,no
2026-10-05T03:40:53.847846Z,KXBTC15M-26OCT042345-45,0.0240,82.55,yes
2026-10-05T03:40:53.847846Z,KXBTC15M-26OCT042345-45,0.0250,1.18,yes
2026-10-05T03:40:53.847846Z,KXBTC15M-26OCT042345-45,0.0240,0.01,yes
2026-10-05T03:40:53.847846Z,KXBTC15M-26OCT042345-45,0.0240,0.01,yes
2026-10-05T03:40:53.866277Z,KXBTC15M-26OCT042345-45,0.0230,17.00,no
2026-10-05T03:40:53.866277Z,KXBTC15M-26OCT042345-45,0.0230,100.00,no
2026-10-05T03:40:53.895567Z,KXBTC15M-26OCT042345-45,0.0240,15.00,yes
2026-10-05T03:40:53.895567Z,KXBTC15M-26OCT042345-45,0.0240,83.38,yes
2026-10-05T03:40:53.895567Z,KXBTC15M-26OCT042345-45,0.0240,0.01,yes
2026-10-05T03:40:53.895567Z,KXBTC15M-26OCT042345-45,0.0240,15.00,yes
2026-10-05T03:40:53.895567Z,KXBTC15M-26OCT042345-45,0.0240,0.01,yes
2026-10-05T03:40:53.91045Z,KXBTC15M-26OCT042345-45,0.0240,142.70,yes
2026-10-05T03:40:53.937765Z,KXBTC15M-26OCT042345-45,0.0230,17.11,no
2026-10-05T03:40:54.051233Z,KXBTC15M-26OCT042345-45,0.0230,2.04,no
2026-10-05T03:40:54.068389Z,KXBTC15M-26OCT042345-45,0.0230,10.00,no
2026-10-05T03:40:54.073375Z,KXBTC15M-26OCT042345-45,0.0230,20.85,no
2026-10-05T03:40:54.073375Z,KXBTC15M-26OCT042345-45,0.0230,17.00,no
2026-10-05T03:40:54.073375Z,KXBTC15M-26OCT042345-45,0.0230,12.15,no
2026-10-05T03:40:54.089831Z,KXBTC15M-26OCT042345-45,0.0240,18.51,yes
2026-10-05T03:40:54.098641Z,KXBTC15M-26OCT042345-45,0.0240,54.65,yes
2026-10-05T03:40:54.11151Z,KXBTC15M-26OCT042345-45,0.0230,59.90,no
2026-10-05T03:40:54.120122Z,KXBTC15M-26OCT042345-45,0.0240,55.40,yes
2026-10-05T03:40:54.166087Z,KXBTC15M-26OCT042345-45,0.0230,15.00,no
2026-10-05T03:40:54.166087Z,KXBTC15M-26OCT042345-45,0.0230,5.51,no
2026-10-05T03:40:54.166087Z,KXBTC15M-26OCT042345-45,0.0230,10.00,no
2026-10-05T03:40:54.166087Z,KXBTC15M-26OCT042345-45,0.0230,15.00,no
2026-10-05T03:40:54.166087Z,KXBTC15M-26OCT042345-45,0.0230,0.01,no
2026-10-05T03:40:54.166087Z,KXBTC15M-26OCT042345-45,0.0230,0.01,no
2026-10-05T03:40:54.166087Z,KXBTC15M-26OCT042345-45,0.0230,10.00,no
2026-10-05T03:40:54.166087Z,KXBTC15M-26OCT042345-45,0.0230,27.95,no
2026-10-05T03:40:54.166087Z,KXBTC15M-26OCT042345-45,0.0230,0.10,no
2026-10-05T03:40:54.170575Z,KXBTC15M-26OCT042345-45,0.0230,50.84,no
2026-10-05T03:40:54.189549Z,KXBTC15M-26OCT042345-45,0.0230,33.00,no
2026-10-05T03:40:54.189549Z,KXBTC15M-26OCT042345-45,0.0230,0.01,no
2026-10-05T03:40:54.189549Z,KXBTC15M-26OCT042345-45,0.0220,9.15,no
2026-10-05T03:40:54.189549Z,KXBTC15M-26OCT042345-45,0.0230,0.01,no
2026-10-05T03:40:54.189549Z,KXBTC15M-26OCT042345-45,0.0220,15.00,no
2026-10-05T03:40:54.202713Z,KXBTC15M-26OCT042345-45,0.0230,5.41,yes
2026-10-05T03:40:54.217802Z,KXBTC15M-26OCT042345-45,0.0230,70.00,yes
2026-10-05T03:40:54.217802Z,KXBTC15M-26OCT042345-45,0.0230,64.59,yes
2026-10-05T03:40:54.217802Z,KXBTC15M-26OCT042345-45,0.0230,70.00,yes
2026-10-05T03:40:54.217802Z,KXBTC15M-26OCT042345-45,0.0230,70.00,yes
2026-10-05T03:40:54.217802Z,KXBTC15M-26OCT042345-45,0.0230,70.00,yes
2026-10-05T03:40:54.217802Z,KXBTC15M-26OCT042345-45,0.0230,70.00,yes
2026-10-05T03:40:54.217802Z,KXBTC15M-26OCT042345-45,0.0230,131.85,yes
2026-10-05T03:40:54.217802Z,KXBTC15M-26OCT042345-45,0.0230,0.01,yes
2026-10-05T03:40:54.253481Z,KXBTC15M-26OCT042345-45,0.0230,15.00,yes
2026-10-05T03:40:54.253481Z,KXBTC15M-26OCT042345-45,0.0230,0.01,yes
2026-10-05T03:40:54.253481Z,KXBTC15M-26OCT042345-45,0.0230,68.15,yes
2026-10-05T03:40:54.253481Z,KXBTC15M-26OCT042345-45,0.0230,0.01,yes
2026-10-05T03:40:54.253481Z,KXBTC15M-26OCT042345-45,0.0230,1.00,yes
2026-10-05T03:40:54.253481Z,KXBTC15M-26OCT042345-45,0.0230,15.00,yes
2026-10-05T03:40:54.253481Z,KXBTC15M-26OCT042345-45,0.0230,0.10,yes
2026-10-05T03:40:54.253481Z,KXBTC15M-26OCT042345-45,0.0240,1000.00,yes
2026-10-05T03:40:54.253481Z,KXBTC15M-26OCT042345-45,0.0260,176.66,yes
2026-10-05T03:40:54.253481Z,KXBTC15M-26OCT042345-45,0.0240,0.01,yes
2026-10-05T03:40:54.253481Z,KXBTC15M-26OCT042345-45,0.0240,734.64,yes
2026-10-05T03:40:54.253481Z,KXBTC15M-26OCT042345-45,0.0230,12.00,yes
2026-10-05T03:40:54.253481Z,KXBTC15M-26OCT042345-45,0.0240,200.00,yes
2026-10-05T03:40:54.253481Z,KXBTC15M-26OCT042345-45,0.0240,216.00,yes
2026-10-05T03:40:54.253481Z,KXBTC15M-26OCT042345-45,0.0240,0.01,yes
2026-10-05T03:40:54.253481Z,KXBTC15M-26OCT042345-45,0.0230,500.00,yes
2026-10-05T03:40:54.287304Z,KXBTC15M-26OCT042345-45,0.0240,87.00,no
2026-10-05T03:40:54.299743Z,KXBTC15M-26OCT042345-45,0.0250,100.00,yes
2026-10-05T03:40:54.299743Z,KXBTC15M-26OCT042345-45,0.0250,0.01,yes
2026-10-05T03:40:54.299743Z,KXBTC15M-26OCT042345-45,0.0250,15.00,yes
2026-10-05T03:40:54.299743Z,KXBTC15M-26OCT042345-45,0.0250,0.01,yes
2026-10-05T03:40:54.299743Z,KXBTC15M-26OCT042345-45,0.0250,12.00,yes
2026-10-05T03:40:54.299743Z,KXBTC15M-26OCT042345-45,0.0260,3.37,yes
2026-10-05T03:40:54.313097Z,KXBTC15M-26OCT042345-45,0.0260,3.46,yes
2026-10-05T03:40:54.390641Z,KXBTC15M-26OCT042345-45,0.0250,0.10,no
2026-10-05T03:40:54.390641Z,KXBTC15M-26OCT042345-45,0.0250,14.42,no
2026-10-05T03:40:54.419455Z,KXBTC15M-26OCT042345-45,0.0260,10.67,yes
2026-10-05T03:40:54.478421Z,KXBTC15M-26OCT042345-45,0.0250,0.01,no
2026-10-05T03:40:54.478421Z,KXBTC15M-26OCT042345-45,0.0250,297.25,no
2026-10-05T03:40:54.478421Z,KXBTC15M-26OCT042345-45,0.0250,100.00,no
2026-10-05T03:40:54.478421Z,KXBTC15M-26OCT042345-45,0.0250,0.01,no
2026-10-05T03:40:54.478421Z,KXBTC15M-26OCT042345-45,0.0250,2.58,no
2026-10-05T03:40:54.501694Z,KXBTC15M-26OCT042345-45,0.0250,5.10,no
2026-10-05T03:40:54.554594Z,KXBTC15M-26OCT042345-45,0.0250,97.65,no
2026-10-05T03:40:54.554594Z,KXBTC15M-26OCT042345-45,0.0250,170.21,no
2026-10-05T03:40:54.623959Z,KXBTC15M-26OCT042345-45,0.0240,146.72,no
2026-10-05T03:40:54.623959Z,KXBTC15M-26OCT042345-45,0.0240,229.00,no
2026-10-05T03:40:54.623959Z,KXBTC15M-26OCT042345-45,0.0250,100.00,no
2026-10-05T03:40:54.623959Z,KXBTC15M-26OCT042345-45,0.0240,15.00,no
2026-10-05T03:40:54.623959Z,KXBTC15M-26OCT042345-45,0.0240,15.00,no
2026-10-05T03:40:54.623959Z,KXBTC15M-26OCT042345-45,0.0250,14.00,no
2026-10-05T03:40:54.623959Z,KXBTC15M-26OCT042345-45,0.0250,0.01,no
2026-10-05T03:40:54.623959Z,KXBTC15M-26OCT042345-45,0.0250,10.00,no
2026-10-05T03:40:54.623959Z,KXBTC15M-26OCT042345-45,0.0250,400.00,no
2026-10-05T03:40:54.623959Z,KXBTC15M-26OCT042345-45,0.0250,0.01,no
2026-10-05T03:40:54.678076Z,KXBTC15M-26OCT042345-45,0.0250,1.02,no
2026-10-05T03:40:54.717432Z,KXBTC15M-26OCT042345-45,0.0260,20.00,yes
2026-10-05T03:40:54.722289Z,KXBTC15M-26OCT042345-45,0.0260,21.52,yes
2026-10-05T03:40:54.762011Z,KXBTC15M-26OCT042345-45,0.0260,100.00,yes
2026-10-05T03:40:54.831607Z,KXBTC15M-26OCT042345-45,0.0250,100.00,no
2026-10-05T03:40:54.831607Z,KXBTC15M-26OCT042345-45,0.0250,0.01,no
2026-10-05T03:40:54.831607Z,KXBTC15M-26OCT042345-45,0.0250,0.01,no
2026-10-05T03:40:54.831607Z,KXBTC15M-26OCT042345-45,0.0250,15.98,no
2026-10-05T03:40:54.831607Z,KXBTC15M-26OCT042345-45,0.0250,400.00,no
2026-10-05T03:40:54.846202Z,KXBTC15M-26OCT042345-45,0.0240,72.01,yes
2026-10-05T03:40:54.874068Z,KXBTC15M-26OCT042345-45,0.0230,19.00,no
2026-10-05T03:40:54.874068Z,KXBTC15M-26OCT042345-45,0.0230,10.00,no
2026-10-05T03:40:54.874068Z,KXBTC15M-26OCT042345-45,0.0230,17.00,no
2026-10-05T03:40:54.874068Z,KXBTC15M-26OCT042345-45,0.0230,0.01,no
2026-10-05T03:40:54.874068Z,KXBTC15M-26OCT042345-45,0.0230,2.00,no
2026-10-05T03:40:54.874068Z,KXBTC15M-26OCT042345-45,0.0230,4.69,no
2026-10-05T03:40:54.920378Z,KXBTC15M-26OCT042345-45,0.0230,5.10,no
2026-10-05T03:40:54.930063Z,KXBTC15M-26OCT042345-45,0.0230,58.06,no
2026-10-05T03:40:54.978882Z,KXBTC15M-26OCT042345-45,0.0240,0.01,yes
2026-10-05T03:40:54.978882Z,KXBTC15M-26OCT042345-45,0.0240,0.01,yes
2026-10-05T03:40:54.978882Z,KXBTC15M-26OCT042345-45,0.0240,14.20,yes
2026-10-05T03:40:55.044188Z,KXBTC15M-26OCT042345-45,0.0230,0.70,no
2026-10-05T03:40:55.199514Z,KXBTC15M-26OCT042345-45,0.0230,9.40,no
2026-10-05T03:40:55.221494Z,KXBTC15M-26OCT042345-45,0.0230,6.70,no
2026-10-05T03:40:55.228064Z,KXBTC15M-26OCT042345-45,0.0240,76.20,yes
2026-10-05T03:40:55.228064Z,KXBTC15M-26OCT042345-45,0.0240,1.00,yes
2026-10-05T03:40:55.228064Z,KXBTC15M-26OCT042345-45,0.0240,0.80,yes
2026-10-05T03:40:55.287589Z,KXBTC15M-26OCT042345-45,0.0240,0.97,yes
2026-10-05T03:40:55.289358Z,KXBTC15M-26OCT042345-45,0.0230,17.66,no
2026-10-05T03:40:55.348211Z,KXBTC15M-26OCT042345-45,0.0240,86.85,yes
2026-10-05T03:40:55.381299Z,KXBTC15M-26OCT042345-45,0.0230,51.09,no
2026-10-05T03:40:55.393344Z,KXBTC15M-26OCT042345-45,0.0240,37.73,yes
2026-10-05T03:40:55.436493Z,KXBTC15M-26OCT042345-45,0.0340,10.00,yes
2026-10-05T03:40:55.436493Z,KXBTC15M-26OCT042345-45,0.0260,711.32,yes
2026-10-05T03:40:55.436493Z,KXBTC15M-26OCT042345-45,0.0350,384.00,yes
2026-10-05T03:40:55.436493Z,KXBTC15M-26OCT042345-45,0.0350,15.00,yes
2026-10-05T03:40:55.436493Z,KXBTC15M-26OCT042345-45,0.0350,93.75,yes
2026-10-05T03:40:55.436493Z,KXBTC15M-26OCT042345-45,0.0350,93.75,yes
2026-10-05T03:40:55.436493Z,KXBTC15M-26OCT042345-45,0.0350,64.00,yes
2026-10-05T03:40:55.436493Z,KXBTC15M-26OCT042345-45,0.0310,1047.00,yes
2026-10-05T03:40:55.436493Z,KXBTC15M-26OCT042345-45,0.0240,2798.25,yes
2026-10-05T03:40:55.436493Z,KXBTC15M-26OCT042345-45,0.0310,104.00,yes
2026-10-05T03:40:55.436493Z,KXBTC15M-26OCT042345-45,0.0300,50.00,yes
2026-10-05T03:40:55.436493Z,KXBTC15M-26OCT042345-45,0.0280,1047.00,yes
2026-10-05T03:40:55.436493Z,KXBTC15M-26OCT042345-45,0.0350,56.17,yes
2026-10-05T03:40:55.436493Z,KXBTC15M-26OCT042345-45,0.0350,33.00,yes
2026-10-05T03:40:55.436493Z,KXBTC15M-26OCT042345-45,0.0280,15.00,yes
2026-10-05T03:40:55.436493Z,KXBTC15M-26OCT042345-45,0.0300,64.00,yes
2026-10-05T03:40:55.436493Z,KXBTC15M-26OCT042345-45,0.0260,15.00,yes
2026-10-05T03:40:55.436493Z,KXBTC15M-26OCT042345-45,0.0290,215.00,yes
2026-10-05T03:40:55.436493Z,KXBTC15M-26OCT042345-45,0.0280,66.00,yes
2026-10-05T03:40:55.436493Z,KXBTC15M-26OCT042345-45,0.0330,82.00,yes
2026-10-05T03:40:55.436493Z,KXBTC15M-26OCT042345-45,0.0300,82.00,yes
2026-10-05T03:40:55.436493Z,KXBTC15M-26OCT042345-45,0.0250,260.65,yes
2026-10-05T03:40:55.436493Z,KXBTC15M-26OCT042345-45,0.0300,5.00,yes
2026-10-05T03:40:55.436493Z,KXBTC15M-26OCT042345-45,0.0260,215.00,yes
2026-10-05T03:40:55.436493Z,KXBTC15M-26OCT042345-45,0.0270,1.00,yes
2026-10-05T03:40:55.436493Z,KXBTC15M-26OCT042345-45,0.0330,1.00,yes
2026-10-05T03:40:55.436493Z,KXBTC15M-26OCT042345-45,0.0260,15.00,yes
2026-10-05T03:40:55.436493Z,KXBTC15M-26OCT042345-45,0.0280,1000.00,yes
2026-10-05T03:40:55.436493Z,KXBTC15M-26OCT042345-45,0.0240,0.01,yes
2026-10-05T03:40:55.436493Z,KXBTC15M-26OCT042345-45,0.0300,93.75,yes
2026-10-05T03:40:55.436493Z,KXBTC15M-26OCT042345-45,0.0300,93.75,yes
2026-10-05T03:40:55.436493Z,KXBTC15M-26OCT042345-45,0.0300,64.00,yes
2026-10-05T03:40:55.436493Z,KXBTC15M-26OCT042345-45,0.0300,15.00,yes
2026-10-05T03:40:55.436493Z,KXBTC15M-26OCT042345-45,0.0250,200.00,yes
2026-10-05T03:40:55.436493Z,KXBTC15M-26OCT042345-45,0.0310,2.00,yes
2026-10-05T03:40:55.436493Z,KXBTC15M-26OCT042345-45,0.0330,13.60,yes
2026-10-05T03:40:55.436493Z,KXBTC15M-26OCT042345-45,0.0330,2.00,yes
2026-10-05T03:40:55.436493Z,KXBTC15M-26OCT042345-45,0.0240,200.00,yes
2026-10-05T03:40:55.436493Z,KXBTC15M-26OCT042345-45,0.0240,500.00,yes
2026-10-05T03:40:55.436493Z,KXBTC15M-26OCT042345-45,0.0300,15.00,yes
2026-10-05T03:40:55.436493Z,KXBTC15M-26OCT042345-45,0.0250,1000.00,yes
2026-10-05T03:40:55.436493Z,KXBTC15M-26OCT042345-45,0.0330,5.79,yes
2026-10-05T03:40:55.436493Z,KXBTC15M-26OCT042345-45,0.0240,0.01,yes
2026-10-05T03:40:55.436493Z,KXBTC15M-26OCT042345-45,0.0320,2.00,yes
2026-10-05T03:40:55.436493Z,KXBTC15M-26OCT042345-45,0.0250,12.00,yes
2026-10-05T03:40:55.436493Z,KXBTC15M-26OCT042345-45,0.0320,1.00,yes
2026-10-05T03:40:55.436493Z,KXBTC15M-26OCT042345-45,0.0240,15.00,yes
2026-10-05T03:40:55.436493Z,KXBTC15M-26OCT042345-45,0.0300,40.00,yes
2026-10-05T03:40:55.436493Z,KXBTC15M-26OCT042345-45,0.0240,348.00,yes
2026-10-05T03:40:55.436493Z,KXBTC15M-26OCT042345-45,0.0350,1.00,yes
2026-10-05T03:40:55.436493Z,KXBTC15M-26OCT042345-45,0.0240,1.00,yes
2026-10-05T03:40:55.436493Z,KXBTC15M-26OCT042345-45,0.0300,30.00,yes
2026-10-05T03:40:55.436493Z,KXBTC15M-26OCT042345-45,0.0310,10.00,yes
2026-10-05T03:40:55.436493Z,KXBTC15M-26OCT042345-45,0.0350,0.01,yes
2026-10-05T03:40:55.436493Z,KXBTC15M-26OCT042345-45,0.0310,5.00,yes
2026-10-05T03:40:55.436493Z,KXBTC15M-26OCT042345-45,0.0350,875.20,yes
2026-10-05T03:40:55.500159Z,KXBTC15M-26OCT042345-45,0.0320,117.55,no
2026-10-05T03:40:55.515263Z,KXBTC15M-26OCT042345-45,0.0330,0.01,yes
2026-10-05T03:40:55.515263Z,KXBTC15M-26OCT042345-45,0.0330,0.01,yes
2026-10-05T03:40:55.515263Z,KXBTC15M-26OCT042345-45,0.0330,2.00,yes
2026-10-05T03:40:55.515263Z,KXBTC15M-26OCT042345-45,0.0330,1.05,yes
2026-10-05T03:40:55.581598Z,KXBTC15M-26OCT042345-45,0.0330,18.67,yes
2026-10-05T03:40:55.600759Z,KXBTC15M-26OCT042345-45,0.0320,2.04,no
2026-10-05T03:40:55.606236Z,KXBTC15M-26OCT042345-45,0.0320,6.07,no
2026-10-05T03:40:55.625967Z,KXBTC15M-26OCT042345-45,0.0320,23.98,no
2026-10-05T03:40:55.625967Z,KXBTC15M-26OCT042345-45,0.0320,0.01,no
2026-10-05T03:40:55.625967Z,KXBTC15M-26OCT042345-45,0.0320,1.89,no
2026-10-05T03:40:55.625967Z,KXBTC15M-26OCT042345-45,0.0320,0.10,no
2026-10-05T03:40:55.625967Z,KXBTC15M-26OCT042345-45,0.0320,0.01,no
2026-10-05T03:40:55.673341Z,KXBTC15M-26OCT042345-45,0.0320,0.85,no
2026-10-05T03:40:55.737589Z,KXBTC15M-26OCT042345-45,0.0330,14.81,yes
2026-10-05T03:40:55.737589Z,KXBTC15M-26OCT042345-45,0.0330,80.28,yes
2026-10-05T03:40:55.808234Z,KXBTC15M-26OCT042345-45,0.0320,72.99,no
2026-10-05T03:40:55.828384Z,KXBTC15M-26OCT042345-45,0.0320,402.18,no
2026-10-05T03:40:55.828384Z,KXBTC15M-26OCT042345-45,0.0320,2.04,no
2026-10-05T03:40:55.828384Z,KXBTC15M-26OCT042345-45,0.0320,1.89,no
2026-10-05T03:40:55.828384Z,KXBTC15M-26OCT042345-45,0.0320,0.01,no
2026-10-05T03:40:55.828384Z,KXBTC15M-26OCT042345-45,0.0320,0.01,no
2026-10-05T03:40:55.828384Z,KXBTC15M-26OCT042345-45,0.0320,2.04,no
2026-10-05T03:40:55.828384Z,KXBTC15M-26OCT042345-45,0.0310,1611.80,no
2026-10-05T03:40:55.828384Z,KXBTC15M-26OCT042345-45,0.0320,4.03,no
2026-10-05T03:40:55.832986Z,KXBTC15M-26OCT042345-45,0.0310,5.56,no
2026-10-05T03:40:55.859877Z,KXBTC15M-26OCT042345-45,0.0310,397.69,no
2026-10-05T03:40:55.859877Z,KXBTC15M-26OCT042345-45,0.0310,92.00,no
2026-10-05T03:40:55.859877Z,KXBTC15M-26OCT042345-45,0.0310,4.31,no
2026-10-05T03:40:55.911503Z,KXBTC15M-26OCT042345-45,0.0310,2.24,no
2026-10-05T03:40:55.917672Z,KXBTC15M-26OCT042345-45,0.0320,2.18,yes
2026-10-05T03:40:55.929442Z,KXBTC15M-26OCT042345-45,0.0320,1.63,yes
2026-10-05T03:40:55.935397Z,KXBTC15M-26OCT042345-45,0.0310,0.01,no
2026-10-05T03:40:55.935397Z,KXBTC15M-26OCT042345-45,0.0310,85.83,no
2026-10-05T03:40:55.935397Z,KXBTC15M-26OCT042345-45,0.0310,0.01,no
2026-10-05T03:40:55.975898Z,KXBTC15M-26OCT042345-45,0.0310,0.19,yes
2026-10-05T03:40:55.979966Z,KXBTC15M-26OCT042345-45,0.0300,10.01,no
2026-10-05T03:40:55.994045Z,KXBTC15M-26OCT042345-45,0.0300,2.01,no
2026-10-05T03:40:55.998225Z,KXBTC15M-26OCT042345-45,0.0300,17.00,no
2026-10-05T03:40:55.998225Z,KXBTC15M-26OCT042345-45,0.0300,12.42,no
2026-10-05T03:40:55.998225Z,KXBTC15M-26OCT042345-45,0.0300,37.98,no
2026-10-05T03:40:56.088417Z,KXBTC15M-26OCT042345-45,0.0300,6.73,no
2026-10-05T03:40:56.096221Z,KXBTC15M-26OCT042345-45,0.0310,1.00,yes
2026-10-05T03:40:56.115082Z,KXBTC15M-26OCT042345-45,0.0310,87.80,yes
2026-10-05T03:40:56.197327Z,KXBTC15M-26OCT042345-45,0.0310,70.00,yes
2026-10-05T03:40:56.197327Z,KXBTC15M-26OCT042345-45,0.0310,61.01,yes
2026-10-05T03:40:56.197327Z,KXBTC15M-26OCT042345-45,0.0310,0.10,yes
2026-10-05T03:40:56.197327Z,KXBTC15M-26OCT042345-45,0.0310,5.00,yes
2026-10-05T03:40:56.197327Z,KXBTC15M-26OCT042345-45,0.0310,147.69,yes
2026-10-05T03:40:56.197327Z,KXBTC15M-26OCT042345-45,0.0310,0.01,yes
2026-10-05T03:40:56.197327Z,KXBTC15M-26OCT042345-45,0.0310,0.01,yes
2026-10-05T03:40:56.21697Z,KXBTC15M-26OCT042345-45,0.0300,24.22,no
2026-10-05T03:40:56.235686Z,KXBTC15M-26OCT042345-45,0.0300,3.09,no
2026-10-05T03:40:56.244895Z,KXBTC15M-26OCT042345-45,0.0300,23.59,no
2026-10-05T03:40:56.25977Z,KXBTC15M-26OCT042345-45,0.0310,7.09,yes
2026-10-05T03:40:56.264047Z,KXBTC15M-26OCT042345-45,0.0310,71.15,yes
2026-10-05T03:40:56.264047Z,KXBTC15M-26OCT042345-45,0.0310,100.00,yes
2026-10-05T03:40:56.264047Z,KXBTC15M-26OCT042345-45,0.0310,4.00,yes
2026-10-05T03:40:56.264047Z,KXBTC15M-26OCT042345-45,0.0310,67.22,yes
2026-10-05T03:40:56.267932Z,KXBTC15M-26OCT042345-45,0.0310,29.26,yes
2026-10-05T03:40:56.313866Z,KXBTC15M-26OCT042345-45,0.0310,99.59,yes
2026-10-05T03:40:56.313866Z,KXBTC15M-26OCT042345-45,0.0310,0.01,yes
2026-10-05T03:40:56.313866Z,KXBTC15M-26OCT042345-45,0.0310,126.00,yes
2026-10-05T03:40:56.313866Z,KXBTC15M-26OCT042345-45,0.0310,60.00,yes
2026-10-05T03:40:56.313866Z,KXBTC15M-26OCT042345-45,0.0310,5.00,yes
2026-10-05T03:40:56.313866Z,KXBTC15M-26OCT042345-45,0.0320,200.00,yes
2026-10-05T03:40:56.313866Z,KXBTC15M-26OCT042345-45,0.0310,0.01,yes
2026-10-05T03:40:56.313866Z,KXBTC15M-26OCT042345-45,0.0320,846.00,yes
2026-10-05T03:40:56.313866Z,KXBTC15M-26OCT042345-45,0.0330,2.00,yes
2026-10-05T03:40:56.353728Z,KXBTC15M-26OCT042345-45,0.0330,2.00,yes
2026-10-05T03:40:56.412749Z,KXBTC15M-26OCT042345-45,0.0320,30.09,no
2026-10-05T03:40:56.52285Z,KXBTC15M-26OCT042345-45,0.0330,13.85,yes
2026-10-05T03:40:56.572989Z,KXBTC15M-26OCT042345-45,0.0320,0.01,no
2026-10-05T03:40:56.572989Z,KXBTC15M-26OCT042345-45,0.0310,144.00,no
2026-10-05T03:40:56.572989Z,KXBTC15M-26OCT042345-45,0.0320,0.01,no
2026-10-05T03:40:56.595458Z,KXBTC15M-26OCT042345-45,0.0330,4.92,yes
2026-10-05T03:40:56.595458Z,KXBTC15M-26OCT042345-45,0.0330,134.15,yes
2026-10-05T03:40:56.638431Z,KXBTC15M-26OCT042345-45,0.0310,145.18,no
2026-10-05T03:40:56.684316Z,KXBTC15M-26OCT042345-45,0.0310,4.75,no
2026-10-05T03:40:56.727442Z,KXBTC15M-26OCT042345-45,0.0310,205.75,no
2026-10-05T03:40:56.73951Z,KXBTC15M-26OCT042345-45,0.0310,0.01,no
2026-10-05T03:40:56.73951Z,KXBTC15M-26OCT042345-45,0.0310,10.00,no
2026-10-05T03:40:56.73951Z,KXBTC15M-26OCT042345-45,0.0310,0.01,no
2026-10-05T03:40:56.73951Z,KXBTC15M-26OCT042345-45,0.0310,25.05,no
2026-10-05T03:40:56.740638Z,KXBTC15M-26OCT042345-45,0.0320,5.57,yes
2026-10-05T03:40:56.740638Z,KXBTC15M-26OCT042345-45,0.0320,0.10,yes
2026-10-05T03:40:56.741464Z,KXBTC15M-26OCT042345-45,0.0320,0.01,yes
2026-10-05T03:40:56.741464Z,KXBTC15M-26OCT042345-45,0.0320,10.05,yes
2026-10-05T03:40:56.741464Z,KXBTC15M-26OCT042345-45,0.0320,0.01,yes
2026-10-05T03:40:56.741464Z,KXBTC15M-26OCT042345-45,0.0320,1.43,yes
2026-10-05T03:40:56.751702Z,KXBTC15M-26OCT042345-45,0.0310,0.01,no
2026-10-05T03:40:56.751702Z,KXBTC15M-26OCT042345-45,0.0310,2.56,no
2026-10-05T03:40:56.779748Z,KXBTC15M-26OCT042345-45,0.0300,50.00,no
2026-10-05T03:40:56.779748Z,KXBTC15M-26OCT042345-45,0.0300,0.01,no
2026-10-05T03:40:56.929926Z,KXBTC15M-26OCT042345-45,0.0290,80.00,no
2026-10-05T03:40:56.929926Z,KXBTC15M-26OCT042345-45,0.0290,17.00,no
2026-10-05T03:40:56.975518Z,KXBTC15M-26OCT042345-45,0.0290,0.10,yes
2026-10-05T03:40:56.975518Z,KXBTC15M-26OCT042345-45,0.0290,200.00,yes
2026-10-05T03:40:56.975518Z,KXBTC15M-26OCT042345-45,0.0290,100.00,yes
2026-10-05T03:40:56.975518Z,KXBTC15M-26OCT042345-45,0.0290,500.00,yes
2026-10-05T03:40:56.975518Z,KXBTC15M-26OCT042345-45,0.0290,0.01,yes
2026-10-05T03:40:56.975518Z,KXBTC15M-26OCT042345-45,0.0290,87.87,yes
2026-10-05T03:40:56.975518Z,KXBTC15M-26OCT042345-45,0.0290,12.00,yes
2026-10-05T03:40:56.975518Z,KXBTC15M-26OCT042345-45,0.0290,70.00,yes
2026-10-05T03:40:56.975518Z,KXBTC15M-26OCT042345-45,0.0290,70.00,yes
2026-10-05T03:40:56.975518Z,KXBTC15M-26OCT042345-45,0.0290,400.00,yes
2026-10-05T03:40:56.975518Z,KXBTC15M-26OCT042345-45,0.0290,0.47,yes
2026-10-05T03:40:56.975518Z,KXBTC15M-26OCT042345-45,0.0290,15.00,yes
2026-10-05T03:40:56.975518Z,KXBTC15M-26OCT042345-45,0.0290,0.01,yes
2026-10-05T03:40:57.04637Z,KXBTC15M-26OCT042345-45,0.0280,22.67,no
2026-10-05T03:40:57.064043Z,KXBTC15M-26OCT042345-45,0.0280,5.79,no
2026-10-05T03:40:57.067153Z,KXBTC15M-26OCT042345-45,0.0280,50.00,no
2026-10-05T03:40:57.090748Z,KXBTC15M-26OCT042345-45,0.0290,1.00,yes
2026-10-05T03:40:57.090748Z,KXBTC15M-26OCT042345-45,0.0290,0.16,yes
2026-10-05T03:40:57.090748Z,KXBTC15M-26OCT042345-45,0.0290,0.01,yes
2026-10-05T03:40:57.132152Z,KXBTC15M-26OCT042345-45,0.0290,58.53,yes
2026-10-05T03:40:57.234695Z,KXBTC15M-26OCT042345-45,0.0280,2.05,no
2026-10-05T03:40:57.268761Z,KXBTC15M-26OCT042345-45,0.0290,0.01,yes
2026-10-05T03:40:57.268761Z,KXBTC15M-26OCT042345-45,0.0290,2.91,yes
2026-10-05T03:40:57.313642Z,KXBTC15M-26OCT042345-45,0.0290,12.09,yes
2026-10-05T03:40:57.313642Z,KXBTC15M-26OCT042345-45,0.0290,0.01,yes
2026-10-05T03:40:57.313642Z,KXBTC15M-26OCT042345-45,0.0290,20.18,yes
2026-10-05T03:40:57.33432Z,KXBTC15M-26OCT042345-45,0.0290,58.53,yes
2026-10-05T03:40:57.337464Z,KXBTC15M-26OCT042345-45,0.0280,20.12,no
2026-10-05T03:40:57.341181Z,KXBTC15M-26OCT042345-45,0.0300,41.38,yes
2026-10-05T03:40:57.341181Z,KXBTC15M-26OCT042345-45,0.0290,0.01,yes
2026-10-05T03:40:57.341181Z,KXBTC15M-26OCT042345-45,0.0290,15.00,yes
2026-10-05T03:40:57.341181Z,KXBTC15M-26OCT042345-45,0.0290,1.00,yes
2026-10-05T03:40:57.341181Z,KXBTC15M-26OCT042345-45,0.0290,0.01,yes
2026-10-05T03:40:57.341181Z,KXBTC15M-26OCT042345-45,0.0290,21.29,yes
2026-10-05T03:40:57.345393Z,KXBTC15M-26OCT042345-45,0.0290,14.92,no
2026-10-05T03:40:57.382176Z,KXBTC15M-26OCT042345-45,0.0300,8.62,yes
2026-10-05T03:40:57.382176Z,KXBTC15M-26OCT042345-45,0.0300,13.38,yes
2026-10-05T03:40:57.513512Z,KXBTC15M-26OCT042345-45,0.0290,0.01,no
2026-10-05T03:40:57.513512Z,KXBTC15M-26OCT042345-45,0.0290,0.10,no
2026-10-05T03:40:57.513512Z,KXBTC15M-26OCT042345-45,0.0290,17.00,no
2026-10-05T03:40:57.513512Z,KXBTC15M-26OCT042345-45,0.0290,0.01,no
2026-10-05T03:40:57.513512Z,KXBTC15M-26OCT042345-45,0.0280,482.88,no
2026-10-05T03:40:57.557526Z,KXBTC15M-26OCT042345-45,0.0280,1000.00,no
2026-10-05T03:40:57.557526Z,KXBTC15M-26OCT042345-45,0.0280,15.00,no
2026-10-05T03:40:57.557526Z,KXBTC15M-26OCT042345-45,0.0280,4.57,no
2026-10-05T03:40:57.557526Z,KXBTC15M-26OCT042345-45,0.0280,15.00,no
2026-10-05T03:40:57.557526Z,KXBTC15M-26OCT042345-45,0.0280,15.00,no
2026-10-05T03:40:57.557526Z,KXBTC15M-26OCT042345-45,0.0280,129.74,no
2026-10-05T03:40:57.557526Z,KXBTC15M-26OCT042345-45,0.0280,463.49,no
2026-10-05T03:40:57.56665Z,KXBTC15M-26OCT042345-45,0.0280,1.02,no
2026-10-05T03:40:57.568393Z,KXBTC15M-26OCT042345-45,0.0290,0.02,yes
2026-10-05T03:40:57.572666Z,KXBTC15M-26OCT042345-45,0.0290,0.01,yes
2026-10-05T03:40:57.572666Z,KXBTC15M-26OCT042345-45,0.0290,15.00,yes
2026-10-05T03:40:57.572666Z,KXBTC15M-26OCT042345-45,0.0290,1.00,yes
2026-10-05T03:40:57.572666Z,KXBTC15M-26OCT042345-45,0.0290,0.08,yes
2026-10-05T03:40:57.572666Z,KXBTC15M-26OCT042345-45,0.0290,0.01,yes
2026-10-05T03:40:57.575109Z,KXBTC15M-26OCT042345-45,0.0290,81.86,no
2026-10-05T03:40:57.601243Z,KXBTC15M-26OCT042345-45,0.0290,10.00,no
2026-10-05T03:40:57.657703Z,KXBTC15M-26OCT042345-45,0.0300,50.00,yes
2026-10-05T03:40:57.657703Z,KXBTC15M-26OCT042345-45,0.0300,1.00,yes
2026-10-05T03:40:57.657703Z,KXBTC15M-26OCT042345-45,0.0300,0.01,yes
2026-10-05T03:40:57.657703Z,KXBTC15M-26OCT042345-45,0.0300,15.00,yes
2026-10-05T03:40:57.657703Z,KXBTC15M-26OCT042345-45,0.0300,0.01,yes
2026-10-05T03:40:57.70022Z,KXBTC15M-26OCT042345-45,0.0310,226.00,no
2026-10-05T03:40:57.706864Z,KXBTC15M-26OCT042345-45,0.0310,4.00,no
2026-10-05T03:40:57.766704Z,KXBTC15M-26OCT042345-45,0.0310,0.01,no
2026-10-05T03:40:57.766704Z,KXBTC15M-26OCT042345-45,0.0310,0.01,no
2026-10-05T03:40:57.766704Z,KXBTC15M-26OCT042345-45,0.0310,354.00,no
2026-10-05T03:40:57.766704Z,KXBTC15M-26OCT042345-45,0.0310,100.00,no
2026-10-05T03:40:57.766704Z,KXBTC15M-26OCT042345-45,0.0310,345.76,no
2026-10-05T03:40:57.767728Z,KXBTC15M-26OCT042345-45,0.0310,25.68,no
2026-10-05T03:40:57.812954Z,KXBTC15M-26OCT042345-45,0.0320,8.48,yes
2026-10-05T03:40:57.819492Z,KXBTC15M-26OCT042345-45,0.0310,10.82,no
2026-10-05T03:40:57.85107Z,KXBTC15M-26OCT042345-45,0.0310,3.00,no
2026-10-05T03:40:57.864843Z,KXBTC15M-26OCT042345-45,0.0310,2.03,no
2026-10-05T03:40:57.873831Z,KXBTC15M-26OCT042345-45,0.0310,10.00,no
2026-10-05T03:40:57.873831Z,KXBTC15M-26OCT042345-45,0.0310,132.71,no
2026-10-05T03:40:57.873831Z,KXBTC15M-26OCT042345-45,0.0310,4.46,no
2026-10-05T03:40:57.873831Z,KXBTC15M-26OCT042345-45,0.0310,260.83,no
2026-10-05T03:40:58.021122Z,KXBTC15M-26OCT042345-45,0.0310,0.01,no
2026-10-05T03:40:58.021122Z,KXBTC15M-26OCT042345-45,0.0310,29.98,no
2026-10-05T03:40:58.021122Z,KXBTC15M-26OCT042345-45,0.0310,0.01,no
2026-10-05T03:40:58.071271Z,KXBTC15M-26OCT042345-45,0.0310,37.62,no
2026-10-05T03:40:58.123758Z,KXBTC15M-26OCT042345-45,0.0310,100.00,no
2026-10-05T03:40:58.123758Z,KXBTC15M-26OCT042345-45,0.0310,0.01,no
2026-10-05T03:40:58.123758Z,KXBTC15M-26OCT042345-45,0.0310,0.01,no
2026-10-05T03:40:58.123758Z,KXBTC15M-26OCT042345-45,0.0310,82.00,no
2026-10-05T03:40:58.123758Z,KXBTC15M-26OCT042345-45,0.0270,17.00,no
2026-10-05T03:40:58.123758Z,KXBTC15M-26OCT042345-45,0.0290,300.00,no
2026-10-05T03:40:58.123758Z,KXBTC15M-26OCT042345-45,0.0300,4.46,no
2026-10-05T03:40:58.123758Z,KXBTC15M-26OCT042345-45,0.0290,15.00,no
2026-10-05T03:40:58.123758Z,KXBTC15M-26OCT042345-45,0.0270,10.00,no
2026-10-05T03:40:58.123758Z,KXBTC15M-26OCT042345-45,0.0300,50.00,no
2026-10-05T03:40:58.123758Z,KXBTC15M-26OCT042345-45,0.0310,332.40,no
2026-10-05T03:40:58.123758Z,KXBTC15M-26OCT042345-45,0.0300,260.00,no
2026-10-05T03:40:58.123758Z,KXBTC15M-26OCT042345-45,0.0270,2.00,no
2026-10-05T03:40:58.123758Z,KXBTC15M-26OCT042345-45,0.0280,15.00,no
2026-10-05T03:40:58.123758Z,KXBTC15M-26OCT042345-45,0.0280,10.00,no
2026-10-05T03:40:58.123758Z,KXBTC15M-26OCT042345-45,0.0270,35.41,no
2026-10-05T03:40:58.155396Z,KXBTC15M-26OCT042345-45,0.0310,0.01,no
2026-10-05T03:40:58.155396Z,KXBTC15M-26OCT042345-45,0.0310,100.00,no
2026-10-05T03:40:58.155396Z,KXBTC15M-26OCT042345-45,0.0310,0.01,no
2026-10-05T03:40:58.262744Z,KXBTC15M-26OCT042345-45,0.0310,200.00,yes
2026-10-05T03:40:58.262744Z,KXBTC15M-26OCT042345-45,0.0310,70.00,yes
2026-10-05T03:40:58.262744Z,KXBTC15M-26OCT042345-45,0.0310,70.00,yes
2026-10-05T03:40:58.262744Z,KXBTC15M-26OCT042345-45,0.0310,70.00,yes
2026-10-05T03:40:58.262744Z,KXBTC15M-26OCT042345-45,0.0310,0.01,yes
2026-10-05T03:40:58.262744Z,KXBTC15M-26OCT042345-45,0.0310,120.00,yes
2026-10-05T03:40:58.262744Z,KXBTC15M-26OCT042345-45,0.0310,70.00,yes
2026-10-05T03:40:58.262744Z,KXBTC15M-26OCT042345-45,0.0310,0.10,yes
2026-10-05T03:40:58.262744Z,KXBTC15M-26OCT042345-45,0.0310,100.00,yes
2026-10-05T03:40:58.262744Z,KXBTC15M-26OCT042345-45,0.0310,0.01,yes
2026-10-05T03:40:58.262744Z,KXBTC15M-26OCT042345-45,0.0310,70.00,yes
2026-10-05T03:40:58.262744Z,KXBTC15M-26OCT042345-45,0.0310,70.00,yes
2026-10-05T03:40:58.262744Z,KXBTC15M-26OCT042345-45,0.0320,3.00,yes
2026-10-05T03:40:58.262744Z,KXBTC15M-26OCT042345-45,0.0340,15.00,yes
2026-10-05T03:40:58.262744Z,KXBTC15M-26OCT042345-45,0.0320,1000.00,yes
2026-10-05T03:40:58.262744Z,KXBTC15M-26OCT042345-45,0.0320,0.01,yes
2026-10-05T03:40:58.262744Z,KXBTC15M-26OCT042345-45,0.0320,0.01,yes
2026-10-05T03:40:58.262744Z,KXBTC15M-26OCT042345-45,0.0320,1.00,yes
2026-10-05T03:40:58.262744Z,KXBTC15M-26OCT042345-45,0.0310,12.00,yes
2026-10-05T03:40:58.262744Z,KXBTC15M-26OCT042345-45,0.0340,200.41,yes
2026-10-05T03:40:58.262744Z,KXBTC15M-26OCT042345-45,0.0320,200.00,yes
2026-10-05T03:40:58.262744Z,KXBTC15M-26OCT042345-45,0.0330,1.00,yes
2026-10-05T03:40:58.262744Z,KXBTC15M-26OCT042345-45,0.0310,500.00,yes
2026-10-05T03:40:58.290221Z,KXBTC15M-26OCT042345-45,0.0310,147.00,no
2026-10-05T03:40:58.291176Z,KXBTC15M-26OCT042345-45,0.0310,18.81,no
2026-10-05T03:40:58.307072Z,KXBTC15M-26OCT042345-45,0.0310,2.05,no
2026-10-05T03:40:58.322597Z,KXBTC15M-26OCT042345-45,0.0330,17.12,yes
2026-10-05T03:40:58.322597Z,KXBTC15M-26OCT042345-45,0.0330,0.01,yes
2026-10-05T03:40:58.322597Z,KXBTC15M-26OCT042345-45,0.0330,0.01,yes
2026-10-05T03:40:58.322597Z,KXBTC15M-26OCT042345-45,0.0330,11.00,yes
2026-10-05T03:40:58.322597Z,KXBTC15M-26OCT042345-45,0.0320,0.10,yes
2026-10-05T03:40:58.345679Z,KXBTC15M-26OCT042345-45,0.0330,11.00,yes
2026-10-05T03:40:58.345679Z,KXBTC15M-26OCT042345-45,0.0330,0.01,yes
2026-10-05T03:40:58.345679Z,KXBTC15M-26OCT042345-45,0.0330,0.01,yes
2026-10-05T03:40:58.345679Z,KXBTC15M-26OCT042345-45,0.0340,79.91,yes
2026-10-05T03:40:58.345679Z,KXBTC15M-26OCT042345-45,0.0330,1.00,yes
2026-10-05T03:40:58.348842Z,KXBTC15M-26OCT042345-45,0.0340,7.16,yes
2026-10-05T03:40:58.401454Z,KXBTC15M-26OCT042345-45,0.0330,0.86,yes
2026-10-05T03:40:58.401454Z,KXBTC15M-26OCT042345-45,0.0330,0.01,yes
2026-10-05T03:40:58.416759Z,KXBTC15M-26OCT042345-45,0.0320,0.01,no
2026-10-05T03:40:58.416759Z,KXBTC15M-26OCT042345-45,0.0320,5.01,no
2026-10-05T03:40:58.416759Z,KXBTC15M-26OCT042345-45,0.0320,0.01,no
2026-10-05T03:40:58.554604Z,KXBTC15M-26OCT042345-45,0.0320,56.33,no
2026-10-05T03:40:58.619392Z,KXBTC15M-26OCT042345-45,0.0300,15.00,no
2026-10-05T03:40:58.619392Z,KXBTC15M-26OCT042345-45,0.0300,8.48,no
2026-10-05T03:40:58.619392Z,KXBTC15M-26OCT042345-45,0.0310,1000.00,no
2026-10-05T03:40:58.619392Z,KXBTC15M-26OCT042345-45,0.0320,0.01,no
2026-10-05T03:40:58.619392Z,KXBTC15M-26OCT042345-45,0.0300,50.00,no
2026-10-05T03:40:58.619392Z,KXBTC15M-26OCT042345-45,0.0320,100.00,no
2026-10-05T03:40:58.619392Z,KXBTC15M-26OCT042345-45,0.0280,196.00,no
2026-10-05T03:40:58.619392Z,KXBTC15M-26OCT042345-45,0.0320,0.01,no
2026-10-05T03:40:58.619392Z,KXBTC15M-26OCT042345-45,0.0290,17.26,no
2026-10-05T03:40:58.619392Z,KXBTC15M-26OCT042345-45,0.0320,500.00,no
2026-10-05T03:40:58.629402Z,KXBTC15M-26OCT042345-45,0.0280,302.09,yes
2026-10-05T03:40:58.790673Z,KXBTC15M-26OCT042345-45,0.0280,58.53,yes
2026-10-05T03:40:58.826165Z,KXBTC15M-26OCT042345-45,0.0270,100.00,no
2026-10-05T03:40:58.826165Z,KXBTC15M-26OCT042345-45,0.0270,203.00,no
2026-10-05T03:40:58.826165Z,KXBTC15M-26OCT042345-45,0.0270,229.20,no
2026-10-05T03:40:58.826165Z,KXBTC15M-26OCT042345-45,0.0270,17.00,no
2026-10-05T03:40:58.826165Z,KXBTC15M-26OCT042345-45,0.0270,10.00,no
2026-10-05T03:40:58.866424Z,KXBTC15M-26OCT042345-45,0.0270,5.04,no
2026-10-05T03:40:58.965524Z,KXBTC15M-26OCT042345-45,0.0280,55.48,yes
2026-10-05T03:40:58.988697Z,KXBTC15M-26OCT042345-45,0.0280,10.20,yes
2026-10-05T03:40:59.001884Z,KXBTC15M-26OCT042345-45,0.0270,1.81,no
2026-10-05T03:40:59.007135Z,KXBTC15M-26OCT042345-45,0.0280,50.00,yes
2026-10-05T03:40:59.007135Z,KXBTC15M-26OCT042345-45,0.0280,162.00,yes
2026-10-05T03:40:59.007135Z,KXBTC15M-26OCT042345-45,0.0280,0.01,yes
2026-10-05T03:40:59.007135Z,KXBTC15M-26OCT042345-45,0.0280,0.10,yes
2026-10-05T03:40:59.007135Z,KXBTC15M-26OCT042345-45,0.0280,186.94,yes
2026-10-05T03:40:59.007135Z,KXBTC15M-26OCT042345-45,0.0290,200.00,yes
2026-10-05T03:40:59.007135Z,KXBTC15M-26OCT042345-45,0.0280,1.00,yes
2026-10-05T03:40:59.007135Z,KXBTC15M-26OCT042345-45,0.0280,0.01,yes
2026-10-05T03:40:59.007135Z,KXBTC15M-26OCT042345-45,0.0290,50.41,yes
2026-10-05T03:40:59.014637Z,KXBTC15M-26OCT042345-45,0.0290,33.59,yes
2026-10-05T03:40:59.014637Z,KXBTC15M-26OCT042345-45,0.0290,58.34,yes
2026-10-05T03:40:59.023044Z,KXBTC15M-26OCT042345-45,0.0280,50.00,no
2026-10-05T03:40:59.067418Z,KXBTC15M-26OCT042345-45,0.0280,70.00,no
2026-10-05T03:40:59.067418Z,KXBTC15M-26OCT042345-45,0.0280,44.27,no
2026-10-05T03:40:59.067418Z,KXBTC15M-26OCT042345-45,0.0280,0.01,no
2026-10-05T03:40:59.067418Z,KXBTC15M-26OCT042345-45,0.0280,20.00,no
2026-10-05T03:40:59.067418Z,KXBTC15M-26OCT042345-45,0.0280,0.01,no
2026-10-05T03:40:59.067418Z,KXBTC15M-26OCT042345-45,0.0280,4.67,no
2026-10-05T03:40:59.067418Z,KXBTC15M-26OCT042345-45,0.0280,10.00,no
2026-10-05T03:40:59.247283Z,KXBTC15M-26OCT042345-45,0.0290,16.36,yes
2026-10-05T03:40:59.247283Z,KXBTC15M-26OCT042345-45,0.0290,0.01,yes
2026-10-05T03:40:59.247283Z,KXBTC15M-26OCT042345-45,0.0290,0.01,yes
2026-10-05T03:40:59.254492Z,KXBTC15M-26OCT042345-45,0.0280,400.00,no
2026-10-05T03:40:59.254492Z,KXBTC15M-26OCT042345-45,0.0280,0.10,no
2026-10-05T03:40:59.254492Z,KXBTC15M-26OCT042345-45,0.0280,0.10,no
2026-10-05T03:40:59.254492Z,KXBTC15M-26OCT042345-45,0.0280,55.73,no
2026-10-05T03:40:59.254492Z,KXBTC15M-26OCT042345-45,0.0280,159.55,no
2026-10-05T03:40:59.285017Z,KXBTC15M-26OCT042345-45,0.0280,100.00,no
2026-10-05T03:40:59.285017Z,KXBTC15M-26OCT042345-45,0.0280,274.35,no
2026-10-05T03:40:59.285017Z,KXBTC15M-26OCT042345-45,0.0280,4.62,no
2026-10-05T03:40:59.285017Z,KXBTC15M-26OCT042345-45,0.0280,0.01,no
2026-10-05T03:40:59.285017Z,KXBTC15M-26OCT042345-45,0.0280,0.01,no
2026-10-05T03:40:59.285017Z,KXBTC15M-26OCT042345-45,0.0280,87.00,no
2026-10-05T03:40:59.285017Z,KXBTC15M-26OCT042345-45,0.0280,340.45,no
2026-10-05T03:40:59.32341Z,KXBTC15M-26OCT042345-45,0.0280,14.37,no
2026-10-05T03:40:59.32341Z,KXBTC15M-26OCT042345-45,0.0280,0.01,no
2026-10-05T03:40:59.32341Z,KXBTC15M-26OCT042345-45,0.0280,0.01,no
2026-10-05T03:40:59.391533Z,KXBTC15M-26OCT042345-45,0.0280,18.81,no
2026-10-05T03:40:59.412961Z,KXBTC15M-26OCT042345-45,0.0280,0.40,no
2026-10-05T03:40:59.416361Z,KXBTC15M-26OCT042345-45,0.0290,0.43,yes
2026-10-05T03:40:59.4371Z,KXBTC15M-26OCT042345-45,0.0290,13.21,yes
2026-10-05T03:40:59.4371Z,KXBTC15M-26OCT042345-45,0.0290,6.99,yes
2026-10-05T03:40:59.451857Z,KXBTC15M-26OCT042345-45,0.0290,34.66,yes
2026-10-05T03:40:59.451857Z,KXBTC15M-26OCT042345-45,0.0290,60.00,yes
2026-10-05T03:40:59.451857Z,KXBTC15M-26OCT042345-45,0.0290,5.01,yes
2026-10-05T03:40:59.486137Z,KXBTC15M-26OCT042345-45,0.0290,25.36,yes
2026-10-05T03:40:59.498468Z,KXBTC15M-26OCT042345-45,0.0280,3.17,no
2026-10-05T03:40:59.540544Z,KXBTC15M-26OCT042345-45,0.0290,100.00,yes
2026-10-05T03:40:59.570884Z,KXBTC15M-26OCT042345-45,0.0290,5.01,yes
2026-10-05T03:40:59.570884Z,KXBTC15M-26OCT042345-45,0.0290,0.01,yes
2026-10-05T03:40:59.570884Z,KXBTC15M-26OCT042345-45,0.0290,0.01,yes
2026-10-05T03:40:59.570884Z,KXBTC15M-26OCT042345-45,0.0300,322.98,yes
2026-10-05T03:40:59.570884Z,KXBTC15M-26OCT042345-45,0.0290,6.99,yes
2026-10-05T03:40:59.570884Z,KXBTC15M-26OCT042345-45,0.0290,100.00,yes
2026-10-05T03:40:59.570884Z,KXBTC15M-26OCT042345-45,0.0300,50.00,yes
2026-10-05T03:40:59.570884Z,KXBTC15M-26OCT042345-45,0.0300,15.00,yes
2026-10-05T03:40:59.596155Z,KXBTC15M-26OCT042345-45,0.0290,3.08,no
2026-10-05T03:40:59.59743Z,KXBTC15M-26OCT042345-45,0.0300,18.03,yes
2026-10-05T03:40:59.608529Z,KXBTC15M-26OCT042345-45,0.0290,0.01,no
2026-10-05T03:40:59.608529Z,KXBTC15M-26OCT042345-45,0.0290,84.80,no
2026-10-05T03:40:59.608529Z,KXBTC15M-26OCT042345-45,0.0290,0.10,no
2026-10-05T03:40:59.608529Z,KXBTC15M-26OCT042345-45,0.0290,100.00,no
2026-10-05T03:40:59.608529Z,KXBTC15M-26OCT042345-45,0.0290,0.01,no
2026-10-05T03:40:59.691369Z,KXBTC15M-26OCT042345-45,0.0280,5.12,no
2026-10-05T03:40:59.691369Z,KXBTC15M-26OCT042345-45,0.0290,0.01,no
2026-10-05T03:40:59.695079Z,KXBTC15M-26OCT042345-45,0.0300,309.96,yes
2026-10-05T03:40:59.770268Z,KXBTC15M-26OCT042345-45,0.0300,0.20,yes
2026-10-05T03:40:59.890401Z,KXBTC15M-26OCT042345-45,0.0290,0.01,no
2026-10-05T03:40:59.890401Z,KXBTC15M-26OCT042345-45,0.0280,9.88,no
2026-10-05T03:40:59.890401Z,KXBTC15M-26OCT042345-45,0.0290,0.01,no
2026-10-05T03:40:59.890401Z,KXBTC15M-26OCT042345-45,0.0270,5.12,no
2026-10-05T03:40:59.893548Z,KXBTC15M-26OCT042345-45,0.0290,8.51,yes
2026-10-05T03:40:59.898442Z,KXBTC15M-26OCT042345-45,0.0290,61.49,yes
2026-10-05T03:40:59.898442Z,KXBTC15M-26OCT042345-45,0.0290,159.99,yes
2026-10-05T03:40:59.927336Z,KXBTC15M-26OCT042345-45,0.0280,63.41,yes
2026-10-05T03:40:59.953211Z,KXBTC15M-26OCT042345-45,0.0270,0.62,no
2026-10-05T03:40:59.953211Z,KXBTC15M-26OCT042345-45,0.0270,9.88,no
2026-10-05T03:41:00.005964Z,KXBTC15M-26OCT042345-45,0.0270,26.40,no
2026-10-05T03:41:00.005964Z,KXBTC15M-26OCT042345-45,0.0270,16.38,no
2026-10-05T03:41:00.041637Z,KXBTC15M-26OCT042345-45,0.0270,0.10,no
2026-10-05T03:41:00.041871Z,KXBTC15M-26OCT042345-45,0.0270,17.00,no
2026-10-05T03:41:00.041871Z,KXBTC15M-26OCT042345-45,0.0270,399.90,no
2026-10-05T03:41:00.041871Z,KXBTC15M-26OCT042345-45,0.0270,0.01,no
2026-10-05T03:41:00.041871Z,KXBTC15M-26OCT042345-45,0.0260,45.09,no
2026-10-05T03:41:00.161857Z,KXBTC15M-26OCT042345-45,0.0270,32.28,yes
2026-10-05T03:41:00.206342Z,KXBTC15M-26OCT042345-45,0.0260,31.39,no
2026-10-05T03:41:00.229658Z,KXBTC15M-26OCT042345-45,0.0270,70.00,yes
2026-10-05T03:41:00.229658Z,KXBTC15M-26OCT042345-45,0.0270,21.43,yes
2026-10-05T03:41:00.229658Z,KXBTC15M-26OCT042345-45,0.0270,37.72,yes
2026-10-05T03:41:00.30199Z,KXBTC15M-26OCT042345-45,0.0260,25.00,no
2026-10-05T03:41:00.307955Z,KXBTC15M-26OCT042345-45,0.0270,41.91,yes
2026-10-05T03:41:00.324561Z,KXBTC15M-26OCT042345-45,0.0260,20.00,no
2026-10-05T03:41:00.33847Z,KXBTC15M-26OCT042345-45,0.0270,0.01,yes
2026-10-05T03:41:00.33847Z,KXBTC15M-26OCT042345-45,0.0270,15.00,yes
2026-10-05T03:41:00.33847Z,KXBTC15M-26OCT042345-45,0.0270,0.01,yes
2026-10-05T03:41:00.33847Z,KXBTC15M-26OCT042345-45,0.0270,0.10,yes
2026-10-05T03:41:00.33847Z,KXBTC15M-26OCT042345-45,0.0270,0.10,yes
2026-10-05T03:41:00.33847Z,KXBTC15M-26OCT042345-45,0.0280,216.00,yes
2026-10-05T03:41:00.33847Z,KXBTC15M-26OCT042345-45,0.0280,15.00,yes
2026-10-05T03:41:00.33847Z,KXBTC15M-26OCT042345-45,0.0280,34.70,yes
2026-10-05T03:41:00.404081Z,KXBTC15M-26OCT042345-45,0.0270,15.00,yes
2026-10-05T03:41:00.404081Z,KXBTC15M-26OCT042345-45,0.0280,0.01,yes
2026-10-05T03:41:00.404081Z,KXBTC15M-26OCT042345-45,0.0280,0.01,yes
2026-10-05T03:41:00.404081Z,KXBTC15M-26OCT042345-45,0.0280,152.14,yes
2026-10-05T03:41:00.404081Z,KXBTC15M-26OCT042345-45,0.0270,0.01,yes
2026-10-05T03:41:00.404081Z,KXBTC15M-26OCT042345-45,0.0270,0.01,yes
2026-10-05T03:41:00.404081Z,KXBTC15M-26OCT042345-45,0.0280,0.01,yes
2026-10-05T03:41:00.413529Z,KXBTC15M-26OCT042345-45,0.0260,75.39,no
2026-10-05T03:41:00.453332Z,KXBTC15M-26OCT042345-45,0.0270,0.01,no
2026-10-05T03:41:00.453332Z,KXBTC15M-26OCT042345-45,0.0270,0.10,no
2026-10-05T03:41:00.453332Z,KXBTC15M-26OCT042345-45,0.0270,0.90,no
2026-10-05T03:41:00.453332Z,KXBTC15M-26OCT042345-45,0.0270,0.01,no
2026-10-05T03:41:00.465856Z,KXBTC15M-26OCT042345-45,0.0270,30.69,no
2026-10-05T03:41:00.485055Z,KXBTC15M-26OCT042345-45,0.0290,339.16,yes
2026-10-05T03:41:00.485055Z,KXBTC15M-26OCT042345-45,0.0280,15.00,yes
2026-10-05T03:41:00.485055Z,KXBTC15M-26OCT042345-45,0.0290,12.00,yes
2026-10-05T03:41:00.485055Z,KXBTC15M-26OCT042345-45,0.0290,0.02,yes
2026-10-05T03:41:00.485055Z,KXBTC15M-26OCT042345-45,0.0280,0.01,yes
2026-10-05T03:41:00.485055Z,KXBTC15M-26OCT042345-45,0.0280,0.01,yes
2026-10-05T03:41:00.485055Z,KXBTC15M-26OCT042345-45,0.0290,102.00,yes
2026-10-05T03:41:00.492662Z,KXBTC15M-26OCT042345-45,0.0280,1.02,no
2026-10-05T03:41:00.492873Z,KXBTC15M-26OCT042345-45,0.0280,1.02,no
2026-10-05T03:41:00.54605Z,KXBTC15M-26OCT042345-45,0.0280,50.00,no
2026-10-05T03:41:00.57967Z,KXBTC15M-26OCT042345-45,0.0280,13.00,no
2026-10-05T03:41:00.64862Z,KXBTC15M-26OCT042345-45,0.0290,0.01,yes
2026-10-05T03:41:00.64862Z,KXBTC15M-26OCT042345-45,0.0290,0.01,yes
2026-10-05T03:41:00.64862Z,KXBTC15M-26OCT042345-45,0.0290,5.46,yes
2026-10-05T03:41:00.691308Z,KXBTC15M-26OCT042345-45,0.0280,23.99,no
2026-10-05T03:41:00.728301Z,KXBTC15M-26OCT042345-45,0.0280,3.56,no
2026-10-05T03:41:00.771368Z,KXBTC15M-26OCT042345-45,0.0290,0.01,yes
2026-10-05T03:41:00.771368Z,KXBTC15M-26OCT042345-45,0.0290,100.00,yes
2026-10-05T03:41:00.771368Z,KXBTC15M-26OCT042345-45,0.0290,0.01,yes
2026-10-05T03:41:00.771368Z,KXBTC15M-26OCT042345-45,0.0290,9.54,yes
2026-10-05T03:41:00.771368Z,KXBTC15M-26OCT042345-45,0.0300,31.59,yes
2026-10-05T03:41:00.829228Z,KXBTC15M-26OCT042345-45,0.0290,0.01,no
2026-10-05T03:41:00.829228Z,KXBTC15M-26OCT042345-45,0.0280,110.45,no
2026-10-05T03:41:00.829228Z,KXBTC15M-26OCT042345-45,0.0290,0.01,no
2026-10-05T03:41:00.829228Z,KXBTC15M-26OCT042345-45,0.0290,0.10,no
2026-10-05T03:41:00.852585Z,KXBTC15M-26OCT042345-45,0.0290,0.01,no
2026-10-05T03:41:00.852585Z,KXBTC15M-26OCT042345-45,0.0290,5.10,no
2026-10-05T03:41:00.852585Z,KXBTC15M-26OCT042345-45,0.0290,0.01,no
2026-10-05T03:41:00.907058Z,KXBTC15M-26OCT042345-45,0.0290,8.20,no
2026-10-05T03:41:00.928631Z,KXBTC15M-26OCT042345-45,0.0300,20.00,yes
2026-10-05T03:41:00.934126Z,KXBTC15M-26OCT042345-45,0.0290,59.70,no
2026-10-05T03:41:00.934126Z,KXBTC15M-26OCT042345-45,0.0280,776.10,no
2026-10-05T03:41:00.934126Z,KXBTC15M-26OCT042345-45,0.0290,189.00,no
2026-10-05T03:41:00.934126Z,KXBTC15M-26OCT042345-45,0.0290,0.01,no
2026-10-05T03:41:00.934126Z,KXBTC15M-26OCT042345-45,0.0290,0.01,no
2026-10-05T03:41:00.993918Z,KXBTC15M-26OCT042345-45,0.0300,0.33,yes
2026-10-05T03:41:01.072241Z,KXBTC15M-26OCT042345-45,0.0300,3.16,yes
2026-10-05T03:41:01.100994Z,KXBTC15M-26OCT042345-45,0.0290,0.01,no
2026-10-05T03:41:01.100994Z,KXBTC15M-26OCT042345-45,0.0290,0.01,no
2026-10-05T03:41:01.119345Z,KXBTC15M-26OCT042345-45,0.0300,19.80,yes
2026-10-05T03:41:01.146676Z,KXBTC15M-26OCT042345-45,0.0300,59.00,yes
2026-10-05T03:41:01.167937Z,KXBTC15M-26OCT042345-45,0.0300,0.62,yes
2026-10-05T03:41:01.186859Z,KXBTC15M-26OCT042345-45,0.0300,120.00,yes
2026-10-05T03:41:01.21592Z,KXBTC15M-26OCT042345-45,0.0300,15.81,yes
2026-10-05T03:41:01.231186Z,KXBTC15M-26OCT042345-45,0.0300,18.16,yes
2026-10-05T03:41:01.328734Z,KXBTC15M-26OCT042345-45,0.0300,31.21,yes
2026-10-05T03:41:01.340398Z,KXBTC15M-26OCT042345-45,0.0290,0.01,no
2026-10-05T03:41:01.340398Z,KXBTC15M-26OCT042345-45,0.0290,0.01,no
2026-10-05T03:41:01.340398Z,KXBTC15M-26OCT042345-45,0.0290,0.10,no
2026-10-05T03:41:01.340398Z,KXBTC15M-26OCT042345-45,0.0280,10.08,no
2026-10-05T03:41:01.374286Z,KXBTC15M-26OCT042345-45,0.0290,2.00,yes
2026-10-05T03:41:01.396173Z,KXBTC15M-26OCT042345-45,0.0290,13.44,yes
2026-10-05T03:41:01.455731Z,KXBTC15M-26OCT042345-45,0.0290,39.08,yes
2026-10-05T03:41:01.455731Z,KXBTC15M-26OCT042345-45,0.0290,54.56,yes
2026-10-05T03:41:01.534125Z,KXBTC15M-26OCT042345-45,0.0290,120.00,yes
2026-10-05T03:41:01.55287Z,KXBTC15M-26OCT042345-45,0.0280,0.45,no
2026-10-05T03:41:01.595943Z,KXBTC15M-26OCT042345-45,0.0280,205.35,no
2026-10-05T03:41:01.644392Z,KXBTC15M-26OCT042345-45,0.0290,100.00,yes
2026-10-05T03:41:01.644392Z,KXBTC15M-26OCT042345-45,0.0290,40.92,yes
2026-10-05T03:41:01.644392Z,KXBTC15M-26OCT042345-45,0.0290,84.00,yes
2026-10-05T03:41:01.644392Z,KXBTC15M-26OCT042345-45,0.0290,0.02,yes
2026-10-05T03:41:01.644392Z,KXBTC15M-26OCT042345-45,0.0290,0.01,yes
2026-10-05T03:41:01.644392Z,KXBTC15M-26OCT042345-45,0.0290,10.00,yes
2026-10-05T03:41:01.644392Z,KXBTC15M-26OCT042345-45,0.0290,12.00,yes
2026-10-05T03:41:01.644392Z,KXBTC15M-26OCT042345-45,0.0290,100.00,yes
2026-10-05T03:41:01.644392Z,KXBTC15M-26OCT042345-45,0.0290,1.00,yes
2026-10-05T03:41:01.644392Z,KXBTC15M-26OCT042345-45,0.0290,0.10,yes
2026-10-05T03:41:01.644392Z,KXBTC15M-26OCT042345-45,0.0290,0.01,yes
2026-10-05T03:41:01.644392Z,KXBTC15M-26OCT042345-45,0.0300,1208.63,yes
2026-10-05T03:41:01.644392Z,KXBTC15M-26OCT042345-45,0.0290,4.00,yes
2026-10-05T03:41:01.648666Z,KXBTC15M-26OCT042345-45,0.0300,31.21,yes
2026-10-05T03:41:01.736471Z,KXBTC15M-26OCT042345-45,0.0290,70.00,no
2026-10-05T03:41:01.736471Z,KXBTC15M-26OCT042345-45,0.0290,0.10,no
2026-10-05T03:41:01.736471Z,KXBTC15M-26OCT042345-45,0.0280,25.88,no
2026-10-05T03:41:01.784179Z,KXBTC15M-26OCT042345-45,0.0280,93.35,no
2026-10-05T03:41:01.817069Z,KXBTC15M-26OCT042345-45,0.0290,12.09,yes
2026-10-05T03:41:01.817069Z,KXBTC15M-26OCT042345-45,0.0290,0.10,yes
2026-10-05T03:41:01.847837Z,KXBTC15M-26OCT042345-45,0.0280,23.19,no
2026-10-05T03:41:01.901153Z,KXBTC15M-26OCT042345-45,0.0290,16.14,yes
2026-10-05T03:41:01.919012Z,KXBTC15M-26OCT042345-45,0.0280,2.00,no
2026-10-05T03:41:01.956493Z,KXBTC15M-26OCT042345-45,0.0290,32.28,yes
2026-10-05T03:41:02.00568Z,KXBTC15M-26OCT042345-45,0.0290,198.75,yes
2026-10-05T03:41:02.00568Z,KXBTC15M-26OCT042345-45,0.0290,39.49,yes
2026-10-05T03:41:02.00568Z,KXBTC15M-26OCT042345-45,0.0290,0.01,yes
2026-10-05T03:41:02.00568Z,KXBTC15M-26OCT042345-45,0.0290,0.01,yes
2026-10-05T03:41:02.04371Z,KXBTC15M-26OCT042345-45,0.0290,161.44,yes
2026-10-05T03:41:02.050731Z,KXBTC15M-26OCT042345-45,0.0290,22.61,yes
2026-10-05T03:41:02.050731Z,KXBTC15M-26OCT042345-45,0.0290,39.81,yes
2026-10-05T03:41:02.134029Z,KXBTC15M-26OCT042345-45,0.0280,737.64,no
2026-10-05T03:41:02.141707Z,KXBTC15M-26OCT042345-45,0.0280,10.26,no
2026-10-05T03:41:02.186624Z,KXBTC15M-26OCT042345-45,0.0290,100.00,yes
2026-10-05T03:41:02.186624Z,KXBTC15M-26OCT042345-45,0.0290,0.01,yes
2026-10-05T03:41:02.186624Z,KXBTC15M-26OCT042345-45,0.0290,0.01,yes
2026-10-05T03:41:02.186624Z,KXBTC15M-26OCT042345-45,0.0290,56.04,yes
2026-10-05T03:41:02.209855Z,KXBTC15M-26OCT042345-45,0.0290,0.10,yes
2026-10-05T03:41:02.209855Z,KXBTC15M-26OCT042345-45,0.0290,4.17,yes
2026-10-05T03:41:02.273394Z,KXBTC15M-26OCT042345-45,0.0270,138.32,no
2026-10-05T03:41:02.273394Z,KXBTC15M-26OCT042345-45,0.0280,138.32,no
2026-10-05T03:41:02.273394Z,KXBTC15M-26OCT042345-45,0.0280,20.00,no
2026-10-05T03:41:02.273394Z,KXBTC15M-26OCT042345-45,0.0280,0.01,no
2026-10-05T03:41:02.273394Z,KXBTC15M-26OCT042345-45,0.0280,81.00,no
2026-10-05T03:41:02.273394Z,KXBTC15M-26OCT042345-45,0.0280,0.01,no
2026-10-05T03:41:02.273394Z,KXBTC15M-26OCT042345-45,0.0280,1.00,no
2026-10-05T03:41:02.273394Z,KXBTC15M-26OCT042345-45,0.0270,1000.00,no
2026-10-05T03:41:02.273394Z,KXBTC15M-26OCT042345-45,0.0270,406.00,no
2026-10-05T03:41:02.273394Z,KXBTC15M-26OCT042345-45,0.0280,4.74,no
2026-10-05T03:41:02.273394Z,KXBTC15M-26OCT042345-45,0.0270,15.00,no
2026-10-05T03:41:02.273394Z,KXBTC15M-26OCT042345-45,0.0280,500.00,no
2026-10-05T03:41:02.273394Z,KXBTC15M-26OCT042345-45,0.0260,211.10,no
2026-10-05T03:41:02.273689Z,KXBTC15M-26OCT042345-45,0.0290,1.00,yes
2026-10-05T03:41:02.273689Z,KXBTC15M-26OCT042345-45,0.0290,0.01,yes
2026-10-05T03:41:02.273689Z,KXBTC15M-26OCT042345-45,0.0290,100.00,yes
2026-10-05T03:41:02.273689Z,KXBTC15M-26OCT042345-45,0.0290,0.01,yes
2026-10-05T03:41:02.273689Z,KXBTC15M-26OCT042345-45,0.0290,269.93,yes
2026-10-05T03:41:02.273689Z,KXBTC15M-26OCT042345-45,0.0290,338.59,yes
2026-10-05T03:41:02.32766Z,KXBTC15M-26OCT042345-45,0.0260,105.94,no
2026-10-05T03:41:02.350937Z,KXBTC15M-26OCT042345-45,0.0260,5.55,no
2026-10-05T03:41:02.381584Z,KXBTC15M-26OCT042345-45,0.0270,64.57,yes
2026-10-05T03:41:02.408454Z,KXBTC15M-26OCT042345-45,0.0260,6.03,no
2026-10-05T03:41:02.450111Z,KXBTC15M-26OCT042345-45,0.0260,2.76,no
2026-10-05T03:41:02.553411Z,KXBTC15M-26OCT042345-45,0.0260,4.26,no
2026-10-05T03:41:02.553411Z,KXBTC15M-26OCT042345-45,0.0260,0.66,no
2026-10-05T03:41:02.562447Z,KXBTC15M-26OCT042345-45,0.0260,0.01,no
2026-10-05T03:41:02.562447Z,KXBTC15M-26OCT042345-45,0.0260,0.01,no
2026-10-05T03:41:02.562447Z,KXBTC15M-26OCT042345-45,0.0260,1.00,no
2026-10-05T03:41:02.562447Z,KXBTC15M-26OCT042345-45,0.0260,10.00,no
2026-10-05T03:41:02.562447Z,KXBTC15M-26OCT042345-45,0.0260,0.10,no
2026-10-05T03:41:02.562447Z,KXBTC15M-26OCT042345-45,0.0260,327.38,no
2026-10-05T03:41:02.562447Z,KXBTC15M-26OCT042345-45,0.0260,10.74,no
2026-10-05T03:41:02.562447Z,KXBTC15M-26OCT042345-45,0.0260,355.13,no
2026-10-05T03:41:02.61964Z,KXBTC15M-26OCT042345-45,0.0270,0.01,yes
2026-10-05T03:41:02.61964Z,KXBTC15M-26OCT042345-45,0.0270,3.21,yes
2026-10-05T03:41:02.61964Z,KXBTC15M-26OCT042345-45,0.0270,0.01,yes
2026-10-05T03:41:02.771188Z,KXBTC15M-26OCT042345-45,0.0270,0.01,yes
2026-10-05T03:41:02.771188Z,KXBTC15M-26OCT042345-45,0.0270,0.01,yes
2026-10-05T03:41:02.771188Z,KXBTC15M-26OCT042345-45,0.0270,11.79,yes
2026-10-05T03:41:02.771188Z,KXBTC15M-26OCT042345-45,0.0270,9.06,yes
2026-10-05T03:41:02.869086Z,KXBTC15M-26OCT042345-45,0.0270,10.00,yes
2026-10-05T03:41:02.869086Z,KXBTC15M-26OCT042345-45,0.0270,0.01,yes
2026-10-05T03:41:02.869086Z,KXBTC15M-26OCT042345-45,0.0270,200.00,yes
2026-10-05T03:41:02.869086Z,KXBTC15M-26OCT042345-45,0.0270,0.01,yes
2026-10-05T03:41:02.869086Z,KXBTC15M-26OCT042345-45,0.0270,500.00,yes
2026-10-05T03:41:02.869086Z,KXBTC15M-26OCT042345-45,0.0270,15.00,yes
2026-10-05T03:41:02.869086Z,KXBTC15M-26OCT042345-45,0.0270,90.94,yes
2026-10-05T03:41:02.869086Z,KXBTC15M-26OCT042345-45,0.0270,423.18,yes
2026-10-05T03:41:02.872998Z,KXBTC15M-26OCT042345-45,0.0260,14.01,no
2026-10-05T03:41:02.872998Z,KXBTC15M-26OCT042345-45,0.0260,15.00,no
2026-10-05T03:41:02.877876Z,KXBTC15M-26OCT042345-45,0.0270,68.31,yes
2026-10-05T03:41:03.046032Z,KXBTC15M-26OCT042345-45,0.0260,2.62,no
2026-10-05T03:41:03.097493Z,KXBTC15M-26OCT042345-45,0.0270,0.01,yes
2026-10-05T03:41:03.097493Z,KXBTC15M-26OCT042345-45,0.0280,152.28,yes
2026-10-05T03:41:03.097493Z,KXBTC15M-26OCT042345-45,0.0270,15.00,yes
2026-10-05T03:41:03.097493Z,KXBTC15M-26OCT042345-45,0.0270,0.01,yes
2026-10-05T03:41:03.106231Z,KXBTC15M-26OCT042345-45,0.0260,41.04,no
2026-10-05T03:41:03.146911Z,KXBTC15M-26OCT042345-45,0.0260,74.00,no
2026-10-05T03:41:03.166087Z,KXBTC15M-26OCT042345-45,0.0260,28.87,no
2026-10-05T03:41:03.174342Z,KXBTC15M-26OCT042345-45,0.0260,10.05,no
2026-10-05T03:41:03.210053Z,KXBTC15M-26OCT042345-45,0.0270,10.33,yes
2026-10-05T03:41:03.210053Z,KXBTC15M-26OCT042345-45,0.0270,0.01,yes
2026-10-05T03:41:03.210053Z,KXBTC15M-26OCT042345-45,0.0270,0.01,yes
2026-10-05T03:41:03.430712Z,KXBTC15M-26OCT042345-45,0.0260,5.02,no
2026-10-05T03:41:03.447489Z,KXBTC15M-26OCT042345-45,0.0270,4.67,yes
2026-10-05T03:41:03.447489Z,KXBTC15M-26OCT042345-45,0.0270,0.01,yes
2026-10-05T03:41:03.447489Z,KXBTC15M-26OCT042345-45,0.0270,0.10,yes
2026-10-05T03:41:03.447489Z,KXBTC15M-26OCT042345-45,0.0270,0.01,yes
2026-10-05T03:41:03.447489Z,KXBTC15M-26OCT042345-45,0.0280,0.30,yes
2026-10-05T03:41:03.461644Z,KXBTC15M-26OCT042345-45,0.0270,0.10,no
2026-10-05T03:41:03.461644Z,KXBTC15M-26OCT042345-45,0.0260,9.90,no
2026-10-05T03:41:03.499157Z,KXBTC15M-26OCT042345-45,0.0270,70.00,yes
2026-10-05T03:41:03.499157Z,KXBTC15M-26OCT042345-45,0.0270,70.00,yes
2026-10-05T03:41:03.499157Z,KXBTC15M-26OCT042345-45,0.0270,70.00,yes
2026-10-05T03:41:03.499157Z,KXBTC15M-26OCT042345-45,0.0270,39.79,yes
2026-10-05T03:41:03.507831Z,KXBTC15M-26OCT042345-45,0.0270,304.36,yes
2026-10-05T03:41:03.507831Z,KXBTC15M-26OCT042345-45,0.0270,0.10,yes
2026-10-05T03:41:03.507831Z,KXBTC15M-26OCT042345-45,0.0270,0.01,yes
2026-10-05T03:41:03.507831Z,KXBTC15M-26OCT042345-45,0.0270,0.01,yes
2026-10-05T03:41:03.507831Z,KXBTC15M-26OCT042345-45,0.0270,30.21,yes
2026-10-05T03:41:03.590957Z,KXBTC15M-26OCT042345-45,0.0270,35.00,yes
2026-10-05T03:41:03.590957Z,KXBTC15M-26OCT042345-45,0.0270,2.00,yes
2026-10-05T03:41:03.590957Z,KXBTC15M-26OCT042345-45,0.0270,0.01,yes
2026-10-05T03:41:03.590957Z,KXBTC15M-26OCT042345-45,0.0270,15.00,yes
2026-10-05T03:41:03.590957Z,KXBTC15M-26OCT042345-45,0.0270,0.01,yes
2026-10-05T03:41:03.590957Z,KXBTC15M-26OCT042345-45,0.0280,282.48,yes
2026-10-05T03:41:03.611066Z,KXBTC15M-26OCT042345-45,0.0260,2.04,no
2026-10-05T03:41:03.656706Z,KXBTC15M-26OCT042345-45,0.0260,15.00,no
2026-10-05T03:41:03.656706Z,KXBTC15M-26OCT042345-45,0.0260,218.48,no
2026-10-05T03:41:03.656706Z,KXBTC15M-26OCT042345-45,0.0260,15.00,no
2026-10-05T03:41:03.656706Z,KXBTC15M-26OCT042345-45,0.0260,0.01,no
2026-10-05T03:41:03.656706Z,KXBTC15M-26OCT042345-45,0.0260,312.45,no
2026-10-05T03:41:03.656706Z,KXBTC15M-26OCT042345-45,0.0260,15.00,no
2026-10-05T03:41:03.656706Z,KXBTC15M-26OCT042345-45,0.0260,0.01,no
2026-10-05T03:41:03.688342Z,KXBTC15M-26OCT042345-45,0.0260,0.24,no
2026-10-05T03:41:03.692409Z,KXBTC15M-26OCT042345-45,0.0260,0.10,no
2026-10-05T03:41:03.692409Z,KXBTC15M-26OCT042345-45,0.0260,181.28,no
2026-10-05T03:41:03.692409Z,KXBTC15M-26OCT042345-45,0.0260,15.00,no
2026-10-05T03:41:03.692409Z,KXBTC15M-26OCT042345-45,0.0260,166.40,no
2026-10-05T03:41:03.751388Z,KXBTC15M-26OCT042345-45,0.0270,0.01,yes
2026-10-05T03:41:03.751388Z,KXBTC15M-26OCT042345-45,0.0270,33.72,yes
2026-10-05T03:41:03.751388Z,KXBTC15M-26OCT042345-45,0.0270,0.01,yes
2026-10-05T03:41:03.832806Z,KXBTC15M-26OCT042345-45,0.0260,20.49,no
2026-10-05T03:41:03.866013Z,KXBTC15M-26OCT042345-45,0.0270,25.00,yes
2026-10-05T03:41:03.906917Z,KXBTC15M-26OCT042345-45,0.0270,25.00,yes
2026-10-05T03:41:03.933426Z,KXBTC15M-26OCT042345-45,0.0260,13.32,no
2026-10-05T03:41:03.951005Z,KXBTC15M-26OCT042345-45,0.0260,17.11,no
2026-10-05T03:41:04.059944Z,KXBTC15M-26OCT042345-45,0.0270,61.72,yes
2026-10-05T03:41:04.062338Z,KXBTC15M-26OCT042345-45,0.0270,5.31,yes
2026-10-05T03:41:04.068729Z,KXBTC15M-26OCT042345-45,0.0270,0.69,yes
2026-10-05T03:41:04.099475Z,KXBTC15M-26OCT042345-45,0.0270,15.00,yes
2026-10-05T03:41:04.099475Z,KXBTC15M-26OCT042345-45,0.0270,28.08,yes
2026-10-05T03:41:04.099475Z,KXBTC15M-26OCT042345-45,0.0270,124.42,yes
2026-10-05T03:41:04.138107Z,KXBTC15M-26OCT042345-45,0.0270,50.00,yes
2026-10-05T03:41:04.138107Z,KXBTC15M-26OCT042345-45,0.0270,15.00,yes
2026-10-05T03:41:04.138107Z,KXBTC15M-26OCT042345-45,0.0270,0.01,yes
2026-10-05T03:41:04.138107Z,KXBTC15M-26OCT042345-45,0.0270,0.01,yes
2026-10-05T03:41:04.138107Z,KXBTC15M-26OCT042345-45,0.0270,171.92,yes
2026-10-05T03:41:04.138107Z,KXBTC15M-26OCT042345-45,0.0270,0.01,yes
2026-10-05T03:41:04.138107Z,KXBTC15M-26OCT042345-45,0.0280,532.09,yes
2026-10-05T03:41:04.15222Z,KXBTC15M-26OCT042345-45,0.0270,0.01,yes
2026-10-05T03:41:04.15222Z,KXBTC15M-26OCT042345-45,0.0280,100.00,yes
2026-10-05T03:41:04.15222Z,KXBTC15M-26OCT042345-45,0.0280,18.99,yes
2026-10-05T03:41:04.15222Z,KXBTC15M-26OCT042345-45,0.0270,15.00,yes
2026-10-05T03:41:04.15222Z,KXBTC15M-26OCT042345-45,0.0270,0.01,yes
2026-10-05T03:41:04.15222Z,KXBTC15M-26OCT042345-45,0.0280,0.02,yes
2026-10-05T03:41:04.15222Z,KXBTC15M-26OCT042345-45,0.0280,32.85,yes
2026-10-05T03:41:04.189238Z,KXBTC15M-26OCT042345-45,0.0260,14.66,no
2026-10-05T03:41:04.193023Z,KXBTC15M-26OCT042345-45,0.0260,100.00,no
2026-10-05T03:41:04.22703Z,KXBTC15M-26OCT042345-45,0.0260,0.01,no
2026-10-05T03:41:04.22703Z,KXBTC15M-26OCT042345-45,0.0260,9.99,no
2026-10-05T03:41:04.22703Z,KXBTC15M-26OCT042345-45,0.0260,15.00,no
2026-10-05T03:41:04.246633Z,KXBTC15M-26OCT042345-45,0.0270,0.01,yes
2026-10-05T03:41:04.246633Z,KXBTC15M-26OCT042345-45,0.0270,0.01,yes
2026-10-05T03:41:04.246633Z,KXBTC15M-26OCT042345-45,0.0270,3.11,yes
2026-10-05T03:41:04.26277Z,KXBTC15M-26OCT042345-45,0.0200,2.00,no
2026-10-05T03:41:04.26277Z,KXBTC15M-26OCT042345-45,0.0250,1000.00,no
2026-10-05T03:41:04.26277Z,KXBTC15M-26OCT042345-45,0.0260,15.00,no
2026-10-05T03:41:04.26277Z,KXBTC15M-26OCT042345-45,0.0260,0.01,no
2026-10-05T03:41:04.26277Z,KXBTC15M-26OCT042345-45,0.0260,15.00,no
2026-10-05T03:41:04.26277Z,KXBTC15M-26OCT042345-45,0.0260,15.00,no
2026-10-05T03:41:04.26277Z,KXBTC15M-26OCT042345-45,0.0260,0.01,no
2026-10-05T03:41:04.26277Z,KXBTC15M-26OCT042345-45,0.0210,11.00,no
2026-10-05T03:41:04.26277Z,KXBTC15M-26OCT042345-45,0.0260,73.01,no
2026-10-05T03:41:04.26277Z,KXBTC15M-26OCT042345-45,0.0200,108.09,no
2026-10-05T03:41:04.26277Z,KXBTC15M-26OCT042345-45,0.0230,17.00,no
2026-10-05T03:41:04.26277Z,KXBTC15M-26OCT042345-45,0.0200,346.47,no
2026-10-05T03:41:04.26277Z,KXBTC15M-26OCT042345-45,0.0190,10.00,no
2026-10-05T03:41:04.26277Z,KXBTC15M-26OCT042345-45,0.0250,17.00,no
2026-10-05T03:41:04.26277Z,KXBTC15M-26OCT042345-45,0.0190,0.06,no
2026-10-05T03:41:04.26277Z,KXBTC15M-26OCT042345-45,0.0240,105.00,no
2026-10-05T03:41:04.26277Z,KXBTC15M-26OCT042345-45,0.0200,2.00,no
2026-10-05T03:41:04.26277Z,KXBTC15M-26OCT042345-45,0.0210,93.00,no
2026-10-05T03:41:04.26277Z,KXBTC15M-26OCT042345-45,0.0230,15.00,no
2026-10-05T03:41:04.26277Z,KXBTC15M-26OCT042345-45,0.0200,15.00,no
2026-10-05T03:41:04.26277Z,KXBTC15M-26OCT042345-45,0.0220,15.00,no
2026-10-05T03:41:04.26277Z,KXBTC15M-26OCT042345-45,0.0250,20.00,no
2026-10-05T03:41:04.26277Z,KXBTC15M-26OCT042345-45,0.0230,15.00,no
2026-10-05T03:41:04.26277Z,KXBTC15M-26OCT042345-45,0.0200,64.00,no
2026-10-05T03:41:04.26277Z,KXBTC15M-26OCT042345-45,0.0200,93.75,no
2026-10-05T03:41:04.26277Z,KXBTC15M-26OCT042345-45,0.0200,15.00,no
2026-10-05T03:41:04.26277Z,KXBTC15M-26OCT042345-45,0.0200,100.00,no
2026-10-05T03:41:04.26277Z,KXBTC15M-26OCT042345-45,0.0200,93.75,no
2026-10-05T03:41:04.26277Z,KXBTC15M-26OCT042345-45,0.0200,64.00,no
2026-10-05T03:41:04.26277Z,KXBTC15M-26OCT042345-45,0.0240,15.00,no
2026-10-05T03:41:04.26277Z,KXBTC15M-26OCT042345-45,0.0240,1047.00,no
2026-10-05T03:41:04.26277Z,KXBTC15M-26OCT042345-45,0.0220,15.00,no
2026-10-05T03:41:04.26277Z,KXBTC15M-26OCT042345-45,0.0200,1047.00,no
2026-10-05T03:41:04.26277Z,KXBTC15M-26OCT042345-45,0.0230,15.00,no
2026-10-05T03:41:04.26277Z,KXBTC15M-26OCT042345-45,0.0220,15.00,no
2026-10-05T03:41:04.26277Z,KXBTC15M-26OCT042345-45,0.0220,15.00,no
2026-10-05T03:41:04.26277Z,KXBTC15M-26OCT042345-45,0.0220,10.00,no
2026-10-05T03:41:04.26277Z,KXBTC15M-26OCT042345-45,0.0180,410.85,no
2026-10-05T03:41:04.26277Z,KXBTC15M-26OCT042345-45,0.0200,20.00,no
2026-10-05T03:41:04.26277Z,KXBTC15M-26OCT042345-45,0.0200,50.00,no
2026-10-05T03:41:04.277139Z,KXBTC15M-26OCT042345-45,0.0190,2.00,no
2026-10-05T03:41:04.277139Z,KXBTC15M-26OCT042345-45,0.0190,17.00,no
2026-10-05T03:41:04.277139Z,KXBTC15M-26OCT042345-45,0.0200,2.00,no
2026-10-05T03:41:04.277139Z,KXBTC15M-26OCT042345-45,0.0190,2.89,no
2026-10-05T03:41:04.277139Z,KXBTC15M-26OCT042345-45,0.0200,0.01,no
2026-10-05T03:41:04.277139Z,KXBTC15M-26OCT042345-45,0.0190,1.10,no
2026-10-05T03:41:04.301724Z,KXBTC15M-26OCT042345-45,0.0200,50.00,no
2026-10-05T03:41:04.301724Z,KXBTC15M-26OCT042345-45,0.0200,0.01,no
2026-10-05T03:41:04.301724Z,KXBTC15M-26OCT042345-45,0.0200,100.00,no
2026-10-05T03:41:04.301724Z,KXBTC15M-26OCT042345-45,0.0200,550.00,no
2026-10-05T03:41:04.301724Z,KXBTC15M-26OCT042345-45,0.0200,0.01,no
2026-10-05T03:41:04.341911Z,KXBTC15M-26OCT042345-45,0.0190,17.09,no
2026-10-05T03:41:04.341911Z,KXBTC15M-26OCT042345-45,0.0190,0.01,no
2026-10-05T03:41:04.368744Z,KXBTC15M-26OCT042345-45,0.0190,400.00,no
2026-10-05T03:41:04.368744Z,KXBTC15M-26OCT042345-45,0.0190,15.00,no
2026-10-05T03:41:04.368744Z,KXBTC15M-26OCT042345-45,0.0190,0.01,no
2026-10-05T03:41:04.368744Z,KXBTC15M-26OCT042345-45,0.0190,82.91,no
2026-10-05T03:41:04.368744Z,KXBTC15M-26OCT042345-45,0.0190,0.01,no
2026-10-05T03:41:04.381983Z,KXBTC15M-26OCT042345-45,0.0190,12.25,yes
2026-10-05T03:41:04.383137Z,KXBTC15M-26OCT042345-45,0.0190,27.38,yes
2026-10-05T03:41:04.383137Z,KXBTC15M-26OCT042345-45,0.0190,39.80,yes
2026-10-05T03:41:04.39726Z,KXBTC15M-26OCT042345-45,0.0190,8.67,yes
2026-10-05T03:41:04.398143Z,KXBTC15M-26OCT042345-45,0.0180,1.00,no
2026-10-05T03:41:04.398143Z,KXBTC15M-26OCT042345-45,0.0180,0.01,no
2026-10-05T03:41:04.398143Z,KXBTC15M-26OCT042345-45,0.0180,0.01,no
2026-10-05T03:41:04.398143Z,KXBTC15M-26OCT042345-45,0.0180,3.64,no
2026-10-05T03:41:04.406438Z,KXBTC15M-26OCT042345-45,0.0190,1.04,yes
2026-10-05T03:41:04.425554Z,KXBTC15M-26OCT042345-45,0.0180,96.36,no
2026-10-05T03:41:04.425554Z,KXBTC15M-26OCT042345-45,0.0180,3.64,no
2026-10-05T03:41:04.482296Z,KXBTC15M-26OCT042345-45,0.0190,32.91,yes
2026-10-05T03:41:04.482296Z,KXBTC15M-26OCT042345-45,0.0190,70.00,yes
2026-10-05T03:41:04.482296Z,KXBTC15M-26OCT042345-45,0.0190,25.03,yes
2026-10-05T03:41:04.487712Z,KXBTC15M-26OCT042345-45,0.0170,162.99,no
2026-10-05T03:41:04.487712Z,KXBTC15M-26OCT042345-45,0.0180,0.01,no
2026-10-05T03:41:04.487712Z,KXBTC15M-26OCT042345-45,0.0170,99.00,no
2026-10-05T03:41:04.487712Z,KXBTC15M-26OCT042345-45,0.0180,0.01,no
2026-10-05T03:41:04.487712Z,KXBTC15M-26OCT042345-45,0.0170,798.00,no
2026-10-05T03:41:04.487712Z,KXBTC15M-26OCT042345-45,0.0180,24.36,no
2026-10-05T03:41:04.487712Z,KXBTC15M-26OCT042345-45,0.0180,400.00,no
2026-10-05T03:41:04.487712Z,KXBTC15M-26OCT042345-45,0.0170,150.00,no
2026-10-05T03:41:04.487712Z,KXBTC15M-26OCT042345-45,0.0180,100.00,no
2026-10-05T03:41:04.487712Z,KXBTC15M-26OCT042345-45,0.0170,1.00,no
2026-10-05T03:41:04.487712Z,KXBTC15M-26OCT042345-45,0.0160,294.48,no
2026-10-05T03:41:04.487712Z,KXBTC15M-26OCT042345-45,0.0160,310.54,no
2026-10-05T03:41:04.511192Z,KXBTC15M-26OCT042345-45,0.0180,34.67,yes
2026-10-05T03:41:04.569475Z,KXBTC15M-26OCT042345-45,0.0180,27.74,yes
2026-10-05T03:41:04.572892Z,KXBTC15M-26OCT042345-45,0.0180,0.26,yes
2026-10-05T03:41:04.580263Z,KXBTC15M-26OCT042345-45,0.0170,100.00,no
2026-10-05T03:41:04.580552Z,KXBTC15M-26OCT042345-45,0.0160,2.25,no
2026-10-05T03:41:04.580552Z,KXBTC15M-26OCT042345-45,0.0170,0.01,no
2026-10-05T03:41:04.580552Z,KXBTC15M-26OCT042345-45,0.0170,400.00,no
2026-10-05T03:41:04.580552Z,KXBTC15M-26OCT042345-45,0.0170,0.01,no
2026-10-05T03:41:04.580552Z,KXBTC15M-26OCT042345-45,0.0170,50.00,no
2026-10-05T03:41:04.580552Z,KXBTC15M-26OCT042345-45,0.0170,100.00,no
2026-10-05T03:41:04.580552Z,KXBTC15M-26OCT042345-45,0.0160,9.00,no
2026-10-05T03:41:04.580552Z,KXBTC15M-26OCT042345-45,0.0160,15.00,no
2026-10-05T03:41:04.580552Z,KXBTC15M-26OCT042345-45,0.0160,1.00,no
2026-10-05T03:41:04.580552Z,KXBTC15M-26OCT042345-45,0.0160,384.00,no
2026-10-05T03:41:04.580552Z,KXBTC15M-26OCT042345-45,0.0160,73.46,no
2026-10-05T03:41:04.589709Z,KXBTC15M-26OCT042345-45,0.0160,4.00,no
2026-10-05T03:41:04.618152Z,KXBTC15M-26OCT042345-45,0.0170,70.00,yes
2026-10-05T03:41:04.618152Z,KXBTC15M-26OCT042345-45,0.0170,70.00,yes
2026-10-05T03:41:04.657702Z,KXBTC15M-26OCT042345-45,0.0170,70.00,yes
2026-10-05T03:41:04.657702Z,KXBTC15M-26OCT042345-45,0.0170,15.00,yes
2026-10-05T03:41:04.657702Z,KXBTC15M-26OCT042345-45,0.0170,100.00,yes
2026-10-05T03:41:04.657702Z,KXBTC15M-26OCT042345-45,0.0170,0.10,yes
2026-10-05T03:41:04.657702Z,KXBTC15M-26OCT042345-45,0.0170,0.01,yes
2026-10-05T03:41:04.657702Z,KXBTC15M-26OCT042345-45,0.0170,10.00,yes
2026-10-05T03:41:04.657702Z,KXBTC15M-26OCT042345-45,0.0170,13.00,yes
2026-10-05T03:41:04.657702Z,KXBTC15M-26OCT042345-45,0.0170,73.46,yes
2026-10-05T03:41:04.657702Z,KXBTC15M-26OCT042345-45,0.0170,833.42,yes
2026-10-05T03:41:04.657702Z,KXBTC15M-26OCT042345-45,0.0170,200.00,yes
2026-10-05T03:41:04.657702Z,KXBTC15M-26OCT042345-45,0.0170,0.01,yes
2026-10-05T03:41:04.657702Z,KXBTC15M-26OCT042345-45,0.0170,500.00,yes
2026-10-05T03:41:04.679008Z,KXBTC15M-26OCT042345-45,0.0160,15.00,no
2026-10-05T03:41:04.679008Z,KXBTC15M-26OCT042345-45,0.0160,130.39,no
2026-10-05T03:41:04.679008Z,KXBTC15M-26OCT042345-45,0.0160,35.00,no
2026-10-05T03:41:04.679008Z,KXBTC15M-26OCT042345-45,0.0160,116.38,no
2026-10-05T03:41:04.679008Z,KXBTC15M-26OCT042345-45,0.0160,1.08,no
2026-10-05T03:41:04.679008Z,KXBTC15M-26OCT042345-45,0.0160,0.01,no
2026-10-05T03:41:04.679008Z,KXBTC15M-26OCT042345-45,0.0160,400.00,no
2026-10-05T03:41:04.679008Z,KXBTC15M-26OCT042345-45,0.0160,150.00,no
2026-10-05T03:41:04.679008Z,KXBTC15M-26OCT042345-45,0.0160,100.00,no
2026-10-05T03:41:04.679008Z,KXBTC15M-26OCT042345-45,0.0160,0.01,no
2026-10-05T03:41:04.690509Z,KXBTC15M-26OCT042345-45,0.0170,3.65,yes
2026-10-05T03:41:04.690509Z,KXBTC15M-26OCT042345-45,0.0170,0.01,yes
2026-10-05T03:41:04.690509Z,KXBTC15M-26OCT042345-45,0.0170,0.01,yes
2026-10-05T03:41:04.693518Z,KXBTC15M-26OCT042345-45,0.0160,49.19,no
2026-10-05T03:41:04.696951Z,KXBTC15M-26OCT042345-45,0.0170,9.35,yes
2026-10-05T03:41:04.696951Z,KXBTC15M-26OCT042345-45,0.0170,15.00,yes
2026-10-05T03:41:04.696951Z,KXBTC15M-26OCT042345-45,0.0170,0.01,yes
2026-10-05T03:41:04.696951Z,KXBTC15M-26OCT042345-45,0.0170,0.01,yes
2026-10-05T03:41:04.698138Z,KXBTC15M-26OCT042345-45,0.0170,3.65,yes
2026-10-05T03:41:04.698138Z,KXBTC15M-26OCT042345-45,0.0180,272.09,yes
2026-10-05T03:41:04.714244Z,KXBTC15M-26OCT042345-45,0.0170,15.00,yes
2026-10-05T03:41:04.714244Z,KXBTC15M-26OCT042345-45,0.0180,166.34,yes
2026-10-05T03:41:04.714244Z,KXBTC15M-26OCT042345-45,0.0170,15.00,yes
2026-10-05T03:41:04.714244Z,KXBTC15M-26OCT042345-45,0.0170,3.65,yes
2026-10-05T03:41:04.714244Z,KXBTC15M-26OCT042345-45,0.0170,0.01,yes
2026-10-05T03:41:04.714893Z,KXBTC15M-26OCT042345-45,0.0170,3.00,yes
2026-10-05T03:41:04.738715Z,KXBTC15M-26OCT042345-45,0.0160,0.44,no
2026-10-05T03:41:04.784057Z,KXBTC15M-26OCT042345-45,0.0170,0.01,yes
2026-10-05T03:41:04.784057Z,KXBTC15M-26OCT042345-45,0.0170,3.66,yes
2026-10-05T03:41:04.789666Z,KXBTC15M-26OCT042345-45,0.0160,0.99,no
2026-10-05T03:41:04.796646Z,KXBTC15M-26OCT042345-45,0.0170,2.99,yes
2026-10-05T03:41:04.796646Z,KXBTC15M-26OCT042345-45,0.0170,0.01,yes
2026-10-05T03:41:04.796646Z,KXBTC15M-26OCT042345-45,0.0170,6.35,yes
2026-10-05T03:41:04.796646Z,KXBTC15M-26OCT042345-45,0.0170,0.01,yes
2026-10-05T03:41:04.796646Z,KXBTC15M-26OCT042345-45,0.0180,18.77,yes
2026-10-05T03:41:04.796646Z,KXBTC15M-26OCT042345-45,0.0170,15.00,yes
2026-10-05T03:41:04.796646Z,KXBTC15M-26OCT042345-45,0.0170,3.66,yes
2026-10-05T03:41:04.80834Z,KXBTC15M-26OCT042345-45,0.0160,14.62,no
2026-10-05T03:41:04.816226Z,KXBTC15M-26OCT042345-45,0.0170,8.99,yes
2026-10-05T03:41:04.816226Z,KXBTC15M-26OCT042345-45,0.0170,15.00,yes
2026-10-05T03:41:04.816226Z,KXBTC15M-26OCT042345-45,0.0170,0.01,yes
2026-10-05T03:41:04.858092Z,KXBTC15M-26OCT042345-45,0.0170,0.01,yes
2026-10-05T03:41:04.858092Z,KXBTC15M-26OCT042345-45,0.0170,15.00,yes
2026-10-05T03:41:04.858092Z,KXBTC15M-26OCT042345-45,0.0170,4.01,yes
2026-10-05T03:41:04.858092Z,KXBTC15M-26OCT042345-45,0.0170,8.99,yes
2026-10-05T03:41:04.858092Z,KXBTC15M-26OCT042345-45,0.0170,0.01,yes
2026-10-05T03:41:04.874825Z,KXBTC15M-26OCT042345-45,0.0180,3.67,yes
2026-10-05T03:41:04.970719Z,KXBTC15M-26OCT042345-45,0.0180,69.35,yes
2026-10-05T03:41:05.054645Z,KXBTC15M-26OCT042345-45,0.0180,1020.32,yes
2026-10-05T03:41:05.074072Z,KXBTC15M-26OCT042345-45,0.0180,24.71,yes
2026-10-05T03:41:05.074607Z,KXBTC15M-26OCT042345-45,0.0180,106.14,yes
2026-10-05T03:41:05.095902Z,KXBTC15M-26OCT042345-45,0.0180,66.56,yes
2026-10-05T03:41:05.095902Z,KXBTC15M-26OCT042345-45,0.0180,179.69,yes
2026-10-05T03:41:05.307215Z,KXBTC15M-26OCT042345-45,0.0180,317.44,yes
2026-10-05T03:41:05.307215Z,KXBTC15M-26OCT042345-45,0.0180,76.53,yes
2026-10-05T03:41:05.307215Z,KXBTC15M-26OCT042345-45,0.0180,0.01,yes
2026-10-05T03:41:05.307215Z,KXBTC15M-26OCT042345-45,0.0180,0.01,yes
2026-10-05T03:41:05.523027Z,KXBTC15M-26OCT042345-45,0.0180,0.01,yes
2026-10-05T03:41:05.523027Z,KXBTC15M-26OCT042345-45,0.0180,0.01,yes
2026-10-05T03:41:05.523027Z,KXBTC15M-26OCT042345-45,0.0180,0.10,yes
2026-10-05T03:41:05.523027Z,KXBTC15M-26OCT042345-45,0.0190,0.88,yes
2026-10-05T03:41:05.555309Z,KXBTC15M-26OCT042345-45,0.0190,1.07,yes
2026-10-05T03:41:05.590886Z,KXBTC15M-26OCT042345-45,0.0190,51.00,yes
2026-10-05T03:41:05.633341Z,KXBTC15M-26OCT042345-45,0.0190,15.33,yes
2026-10-05T03:41:05.634697Z,KXBTC15M-26OCT042345-45,0.0180,70.00,no
2026-10-05T03:41:05.634697Z,KXBTC15M-26OCT042345-45,0.0180,42.89,no
2026-10-05T03:41:05.634697Z,KXBTC15M-26OCT042345-45,0.0180,70.00,no
2026-10-05T03:41:05.748609Z,KXBTC15M-26OCT042345-45,0.0190,18.67,yes
2026-10-05T03:41:05.748609Z,KXBTC15M-26OCT042345-45,0.0190,1.00,yes
2026-10-05T03:41:05.748609Z,KXBTC15M-26OCT042345-45,0.0190,226.20,yes
2026-10-05T03:41:05.838664Z,KXBTC15M-26OCT042345-45,0.0190,0.01,yes
2026-10-05T03:41:05.838664Z,KXBTC15M-26OCT042345-45,0.0190,0.01,yes
2026-10-05T03:41:05.838664Z,KXBTC15M-26OCT042345-45,0.0200,34.91,yes
2026-10-05T03:41:05.886615Z,KXBTC15M-26OCT042345-45,0.0200,1.00,yes
2026-10-05T03:41:05.913721Z,KXBTC15M-26OCT042345-45,0.0170,17.00,no
2026-10-05T03:41:05.913721Z,KXBTC15M-26OCT042345-45,0.0190,0.01,no
2026-10-05T03:41:05.913721Z,KXBTC15M-26OCT042345-45,0.0180,0.01,no
2026-10-05T03:41:05.913721Z,KXBTC15M-26OCT042345-45,0.0170,0.03,no
2026-10-05T03:41:05.913721Z,KXBTC15M-26OCT042345-45,0.0190,0.01,no
2026-10-05T03:41:05.913721Z,KXBTC15M-26OCT042345-45,0.0180,26.11,no
2026-10-05T03:41:05.913721Z,KXBTC15M-26OCT042345-45,0.0190,91.00,no
2026-10-05T03:41:05.913721Z,KXBTC15M-26OCT042345-45,0.0180,305.00,no
2026-10-05T03:41:05.913721Z,KXBTC15M-26OCT042345-45,0.0180,1.00,no
2026-10-05T03:41:05.913721Z,KXBTC15M-26OCT042345-45,0.0180,0.01,no
2026-10-05T03:41:05.913721Z,KXBTC15M-26OCT042345-45,0.0180,20.00,no
2026-10-05T03:41:05.913721Z,KXBTC15M-26OCT042345-45,0.0160,15.00,no
2026-10-05T03:41:05.913721Z,KXBTC15M-26OCT042345-45,0.0160,10.00,no
2026-10-05T03:41:05.913721Z,KXBTC15M-26OCT042345-45,0.0170,16.98,no
2026-10-05T03:41:05.913721Z,KXBTC15M-26OCT042345-45,0.0160,15.00,no
2026-10-05T03:41:05.913721Z,KXBTC15M-26OCT042345-45,0.0160,15.00,no
2026-10-05T03:41:05.913721Z,KXBTC15M-26OCT042345-45,0.0160,100.00,no
2026-10-05T03:41:05.913721Z,KXBTC15M-26OCT042345-45,0.0160,13.00,no
2026-10-05T03:41:05.913721Z,KXBTC15M-26OCT042345-45,0.0160,15.00,no
2026-10-05T03:41:05.913721Z,KXBTC15M-26OCT042345-45,0.0160,150.00,no
2026-10-05T03:41:05.913721Z,KXBTC15M-26OCT042345-45,0.0160,15.00,no
2026-10-05T03:41:05.913721Z,KXBTC15M-26OCT042345-45,0.0160,15.00,no
2026-10-05T03:41:05.913721Z,KXBTC15M-26OCT042345-45,0.0150,3.00,no
2026-10-05T03:41:05.913721Z,KXBTC15M-26OCT042345-45,0.0150,41.90,no
2026-10-05T03:41:05.940461Z,KXBTC15M-26OCT042345-45,0.0170,7.11,no
2026-10-05T03:41:05.960394Z,KXBTC15M-26OCT042345-45,0.0170,9.89,no
2026-10-05T03:41:05.960394Z,KXBTC15M-26OCT042345-45,0.0170,49.90,no
2026-10-05T03:41:05.995565Z,KXBTC15M-26OCT042345-45,0.0170,0.01,no
2026-10-05T03:41:05.995565Z,KXBTC15M-26OCT042345-45,0.0170,0.01,no
2026-10-05T03:41:05.995565Z,KXBTC15M-26OCT042345-45,0.0170,11.15,no
2026-10-05T03:41:06.024766Z,KXBTC15M-26OCT042345-45,0.0180,6.97,yes
2026-10-05T03:41:06.024766Z,KXBTC15M-26OCT042345-45,0.0180,41.90,yes
2026-10-05T03:41:06.029761Z,KXBTC15M-26OCT042345-45,0.0180,38.20,yes
2026-10-05T03:41:06.029761Z,KXBTC15M-26OCT042345-45,0.0180,0.01,yes
2026-10-05T03:41:06.029761Z,KXBTC15M-26OCT042345-45,0.0180,8.03,yes
2026-10-05T03:41:06.029761Z,KXBTC15M-26OCT042345-45,0.0180,200.00,yes
2026-10-05T03:41:06.029761Z,KXBTC15M-26OCT042345-45,0.0180,0.01,yes
2026-10-05T03:41:06.047445Z,KXBTC15M-26OCT042345-45,0.0180,11.40,yes
2026-10-05T03:41:06.055441Z,KXBTC15M-26OCT042345-45,0.0180,94.89,yes
2026-10-05T03:41:06.055441Z,KXBTC15M-26OCT042345-45,0.0180,3.60,yes
2026-10-05T03:41:06.061567Z,KXBTC15M-26OCT042345-45,0.0180,0.01,yes
2026-10-05T03:41:06.061567Z,KXBTC15M-26OCT042345-45,0.0180,126.18,yes
2026-10-05T03:41:06.061567Z,KXBTC15M-26OCT042345-45,0.0180,0.01,yes
2026-10-05T03:41:06.061567Z,KXBTC15M-26OCT042345-45,0.0180,5.11,yes
2026-10-05T03:41:06.150944Z,KXBTC15M-26OCT042345-45,0.0180,73.82,yes
2026-10-05T03:41:06.150944Z,KXBTC15M-26OCT042345-45,0.0180,24.31,yes
2026-10-05T03:41:06.225358Z,KXBTC15M-26OCT042345-45,0.0190,149.53,yes
2026-10-05T03:41:06.225358Z,KXBTC15M-26OCT042345-45,0.0180,0.01,yes
2026-10-05T03:41:06.225358Z,KXBTC15M-26OCT042345-45,0.0180,0.01,yes
2026-10-05T03:41:06.225358Z,KXBTC15M-26OCT042345-45,0.0180,15.00,yes
2026-10-05T03:41:06.225358Z,KXBTC15M-26OCT042345-45,0.0180,1.00,yes
2026-10-05T03:41:06.251591Z,KXBTC15M-26OCT042345-45,0.0190,50.50,yes
2026-10-05T03:41:06.293959Z,KXBTC15M-26OCT042345-45,0.0190,3.02,yes
2026-10-05T03:41:06.304498Z,KXBTC15M-26OCT042345-45,0.0190,5.31,yes
2026-10-05T03:41:06.305697Z,KXBTC15M-26OCT042345-45,0.0190,5.00,yes
2026-10-05T03:41:06.317717Z,KXBTC15M-26OCT042345-45,0.0180,0.01,no
2026-10-05T03:41:06.317717Z,KXBTC15M-26OCT042345-45,0.0170,0.01,no
2026-10-05T03:41:06.317717Z,KXBTC15M-26OCT042345-45,0.0180,0.01,no
2026-10-05T03:41:06.317717Z,KXBTC15M-26OCT042345-45,0.0170,0.01,no
2026-10-05T03:41:06.317717Z,KXBTC15M-26OCT042345-45,0.0170,8.66,no
2026-10-05T03:41:06.317717Z,KXBTC15M-26OCT042345-45,0.0170,15.00,no
2026-10-05T03:41:06.334839Z,KXBTC15M-26OCT042345-45,0.0180,49.25,yes
2026-10-05T03:41:06.341987Z,KXBTC15M-26OCT042345-45,0.0180,221.89,yes
2026-10-05T03:41:06.341987Z,KXBTC15M-26OCT042345-45,0.0180,20.75,yes
2026-10-05T03:41:06.402419Z,KXBTC15M-26OCT042345-45,0.0170,6.34,no
2026-10-05T03:41:06.402419Z,KXBTC15M-26OCT042345-45,0.0170,2.96,no
2026-10-05T03:41:06.434328Z,KXBTC15M-26OCT042345-45,0.0180,0.10,yes
2026-10-05T03:41:06.434328Z,KXBTC15M-26OCT042345-45,0.0180,0.01,yes
2026-10-05T03:41:06.434328Z,KXBTC15M-26OCT042345-45,0.0180,0.01,yes
2026-10-05T03:41:06.434328Z,KXBTC15M-26OCT042345-45,0.0180,2.88,yes
2026-10-05T03:41:06.444861Z,KXBTC15M-26OCT042345-45,0.0180,2.96,yes
2026-10-05T03:41:06.445084Z,KXBTC15M-26OCT042345-45,0.0180,9.16,yes
2026-10-05T03:41:06.445084Z,KXBTC15M-26OCT042345-45,0.0180,210.72,yes
2026-10-05T03:41:06.504193Z,KXBTC15M-26OCT042345-45,0.0170,2.00,no
2026-10-05T03:41:06.544568Z,KXBTC15M-26OCT042345-45,0.0180,4.67,yes
2026-10-05T03:41:06.568857Z,KXBTC15M-26OCT042345-45,0.0170,10.04,no
2026-10-05T03:41:06.568857Z,KXBTC15M-26OCT042345-45,0.0170,0.01,no
2026-10-05T03:41:06.568857Z,KXBTC15M-26OCT042345-45,0.0170,15.00,no
2026-10-05T03:41:06.568857Z,KXBTC15M-26OCT042345-45,0.0170,0.01,no
2026-10-05T03:41:06.568857Z,KXBTC15M-26OCT042345-45,0.0170,55.02,no
2026-10-05T03:41:06.620959Z,KXBTC15M-26OCT042345-45,0.0180,28.76,yes
2026-10-05T03:41:06.627507Z,KXBTC15M-26OCT042345-45,0.0180,120.00,yes
2026-10-05T03:41:06.669077Z,KXBTC15M-26OCT042345-45,0.0180,9.22,yes
2026-10-05T03:41:06.768953Z,KXBTC15M-26OCT042345-45,0.0170,0.01,no
2026-10-05T03:41:06.768953Z,KXBTC15M-26OCT042345-45,0.0170,0.01,no
2026-10-05T03:41:06.768953Z,KXBTC15M-26OCT042345-45,0.0170,0.10,no
2026-10-05T03:41:06.805878Z,KXBTC15M-26OCT042345-45,0.0170,131.60,yes
2026-10-05T03:41:06.805878Z,KXBTC15M-26OCT042345-45,0.0170,0.01,yes
2026-10-05T03:41:06.805878Z,KXBTC15M-26OCT042345-45,0.0170,100.00,yes
2026-10-05T03:41:06.805878Z,KXBTC15M-26OCT042345-45,0.0170,70.00,yes
2026-10-05T03:41:06.805878Z,KXBTC15M-26OCT042345-45,0.0170,0.01,yes
2026-10-05T03:41:06.805878Z,KXBTC15M-26OCT042345-45,0.0170,268.38,yes
2026-10-05T03:41:06.832746Z,KXBTC15M-26OCT042345-45,0.0170,3.67,yes
2026-10-05T03:41:06.850898Z,KXBTC15M-26OCT042345-45,0.0170,15.00,yes
2026-10-05T03:41:06.850898Z,KXBTC15M-26OCT042345-45,0.0170,64.73,yes
2026-10-05T03:41:06.850898Z,KXBTC15M-26OCT042345-45,0.0170,0.01,yes
2026-10-05T03:41:06.850898Z,KXBTC15M-26OCT042345-45,0.0170,400.00,yes
2026-10-05T03:41:06.850898Z,KXBTC15M-26OCT042345-45,0.0170,0.01,yes
2026-10-05T03:41:06.850898Z,KXBTC15M-26OCT042345-45,0.0170,15.00,yes
2026-10-05T03:41:06.850898Z,KXBTC15M-26OCT042345-45,0.0170,0.10,yes
2026-10-05T03:41:06.850898Z,KXBTC15M-26OCT042345-45,0.0170,104.15,yes
2026-10-05T03:41:06.855321Z,KXBTC15M-26OCT042345-45,0.0170,259.91,yes
2026-10-05T03:41:06.876616Z,KXBTC15M-26OCT042345-45,0.0170,46.29,yes
2026-10-05T03:41:06.886751Z,KXBTC15M-26OCT042345-45,0.0170,0.01,yes
2026-10-05T03:41:06.886751Z,KXBTC15M-26OCT042345-45,0.0170,0.01,yes
2026-10-05T03:41:06.886751Z,KXBTC15M-26OCT042345-45,0.0170,145.33,yes
2026-10-05T03:41:06.886751Z,KXBTC15M-26OCT042345-45,0.0170,89.65,yes
2026-10-05T03:41:06.891418Z,KXBTC15M-26OCT042345-45,0.0170,49.35,yes
2026-10-05T03:41:06.898352Z,KXBTC15M-26OCT042345-45,0.0170,32.00,yes
2026-10-05T03:41:06.901641Z,KXBTC15M-26OCT042345-45,0.0170,100.00,yes
2026-10-05T03:41:06.901641Z,KXBTC15M-26OCT042345-45,0.0170,0.01,yes
2026-10-05T03:41:06.901641Z,KXBTC15M-26OCT042345-45,0.0170,15.00,yes
2026-10-05T03:41:06.901641Z,KXBTC15M-26OCT042345-45,0.0170,1.00,yes
2026-10-05T03:41:06.901641Z,KXBTC15M-26OCT042345-45,0.0170,173.32,yes
2026-10-05T03:41:06.901641Z,KXBTC15M-26OCT042345-45,0.0170,0.01,yes
2026-10-05T03:41:06.91422Z,KXBTC15M-26OCT042345-45,0.0180,3.67,yes
2026-10-05T03:41:06.926894Z,KXBTC15M-26OCT042345-45,0.0180,3.63,yes
2026-10-05T03:41:06.957531Z,KXBTC15M-26OCT042345-45,0.0180,100.00,yes
2026-10-05T03:41:06.960629Z,KXBTC15M-26OCT042345-45,0.0180,28.62,yes
2026-10-05T03:41:06.990955Z,KXBTC15M-26OCT042345-45,0.0180,79.68,yes
2026-10-05T03:41:07.016747Z,KXBTC15M-26OCT042345-45,0.0180,51.98,yes
2026-10-05T03:41:07.021134Z,KXBTC15M-26OCT042345-45,0.0180,51.98,yes
2026-10-05T03:41:07.028506Z,KXBTC15M-26OCT042345-45,0.0180,3.67,yes
2026-10-05T03:41:07.031274Z,KXBTC15M-26OCT042345-45,0.0160,89.60,no
2026-10-05T03:41:07.031274Z,KXBTC15M-26OCT042345-45,0.0170,0.10,no
2026-10-05T03:41:07.031274Z,KXBTC15M-26OCT042345-45,0.0170,0.01,no
2026-10-05T03:41:07.031274Z,KXBTC15M-26OCT042345-45,0.0170,0.01,no
2026-10-05T03:41:07.069003Z,KXBTC15M-26OCT042345-45,0.0170,0.01,yes
2026-10-05T03:41:07.069003Z,KXBTC15M-26OCT042345-45,0.0170,100.00,yes
2026-10-05T03:41:07.069003Z,KXBTC15M-26OCT042345-45,0.0170,0.01,yes
2026-10-05T03:41:07.069003Z,KXBTC15M-26OCT042345-45,0.0170,15.00,yes
2026-10-05T03:41:07.069003Z,KXBTC15M-26OCT042345-45,0.0170,0.10,yes
2026-10-05T03:41:07.094816Z,KXBTC15M-26OCT042345-45,0.0180,2.00,yes
2026-10-05T03:41:07.094816Z,KXBTC15M-26OCT042345-45,0.0180,1.00,yes
2026-10-05T03:41:07.094816Z,KXBTC15M-26OCT042345-45,0.0180,0.67,yes
2026-10-05T03:41:07.103594Z,KXBTC15M-26OCT042345-45,0.0180,14.65,yes
2026-10-05T03:41:07.103594Z,KXBTC15M-26OCT042345-45,0.0180,9.33,yes
2026-10-05T03:41:07.103594Z,KXBTC15M-26OCT042345-45,0.0180,0.01,yes
2026-10-05T03:41:07.103594Z,KXBTC15M-26OCT042345-45,0.0180,0.01,yes
2026-10-05T03:41:07.132538Z,KXBTC15M-26OCT042345-45,0.0170,0.10,no
2026-10-05T03:41:07.132538Z,KXBTC15M-26OCT042345-45,0.0170,21.57,no
2026-10-05T03:41:07.132538Z,KXBTC15M-26OCT042345-45,0.0170,44.33,no
2026-10-05T03:41:07.132538Z,KXBTC15M-26OCT042345-45,0.0170,12.00,no
2026-10-05T03:41:07.162334Z,KXBTC15M-26OCT042345-45,0.0180,0.01,yes
2026-10-05T03:41:07.162334Z,KXBTC15M-26OCT042345-45,0.0180,52.98,yes
2026-10-05T03:41:07.162334Z,KXBTC15M-26OCT042345-45,0.0180,400.00,yes
2026-10-05T03:41:07.162334Z,KXBTC15M-26OCT042345-45,0.0180,1.00,yes
2026-10-05T03:41:07.162334Z,KXBTC15M-26OCT042345-45,0.0180,0.01,yes
2026-10-05T03:41:07.162334Z,KXBTC15M-26OCT042345-45,0.0180,15.00,yes
2026-10-05T03:41:07.173754Z,KXBTC15M-26OCT042345-45,0.0180,51.44,yes
2026-10-05T03:41:07.173754Z,KXBTC15M-26OCT042345-45,0.0180,0.01,yes
2026-10-05T03:41:07.173754Z,KXBTC15M-26OCT042345-45,0.0180,0.01,yes
2026-10-05T03:41:07.183946Z,KXBTC15M-26OCT042345-45,0.0170,12.00,no
2026-10-05T03:41:07.183946Z,KXBTC15M-26OCT042345-45,0.0170,0.01,no
2026-10-05T03:41:07.183946Z,KXBTC15M-26OCT042345-45,0.0170,0.01,no
2026-10-05T03:41:07.183946Z,KXBTC15M-26OCT042345-45,0.0170,1.00,no
2026-10-05T03:41:07.183946Z,KXBTC15M-26OCT042345-45,0.0170,278.67,no
2026-10-05T03:41:07.183946Z,KXBTC15M-26OCT042345-45,0.0170,15.00,no
2026-10-05T03:41:07.183946Z,KXBTC15M-26OCT042345-45,0.0170,367.00,no
2026-10-05T03:41:07.183946Z,KXBTC15M-26OCT042345-45,0.0170,15.00,no
2026-10-05T03:41:07.183946Z,KXBTC15M-26OCT042345-45,0.0160,15.00,no
2026-10-05T03:41:07.183946Z,KXBTC15M-26OCT042345-45,0.0160,15.00,no
2026-10-05T03:41:07.183946Z,KXBTC15M-26OCT042345-45,0.0160,17.00,no
2026-10-05T03:41:07.183946Z,KXBTC15M-26OCT042345-45,0.0160,60.40,no
2026-10-05T03:41:07.183946Z,KXBTC15M-26OCT042345-45,0.0160,725.00,no
2026-10-05T03:41:07.183946Z,KXBTC15M-26OCT042345-45,0.0160,15.00,no
2026-10-05T03:41:07.183946Z,KXBTC15M-26OCT042345-45,0.0160,14.00,no
2026-10-05T03:41:07.183946Z,KXBTC15M-26OCT042345-45,0.0160,15.00,no
2026-10-05T03:41:07.183946Z,KXBTC15M-26OCT042345-45,0.0150,242.61,no
2026-10-05T03:41:07.230879Z,KXBTC15M-26OCT042345-45,0.0170,100.00,yes
2026-10-05T03:41:07.23465Z,KXBTC15M-26OCT042345-45,0.0170,129.43,yes
2026-10-05T03:41:07.236976Z,KXBTC15M-26OCT042345-45,0.0150,10.00,no
2026-10-05T03:41:07.236976Z,KXBTC15M-26OCT042345-45,0.0150,10.00,no
2026-10-05T03:41:07.236976Z,KXBTC15M-26OCT042345-45,0.0150,10.00,no
2026-10-05T03:41:07.236976Z,KXBTC15M-26OCT042345-45,0.0150,10.00,no
2026-10-05T03:41:07.236976Z,KXBTC15M-26OCT042345-45,0.0150,10.00,no
2026-10-05T03:41:07.236976Z,KXBTC15M-26OCT042345-45,0.0160,150.00,no
2026-10-05T03:41:07.236976Z,KXBTC15M-26OCT042345-45,0.0160,0.01,no
2026-10-05T03:41:07.236976Z,KXBTC15M-26OCT042345-45,0.0160,0.01,no
2026-10-05T03:41:07.236976Z,KXBTC15M-26OCT042345-45,0.0160,13.00,no
2026-10-05T03:41:07.236976Z,KXBTC15M-26OCT042345-45,0.0160,17.00,no
2026-10-05T03:41:07.236976Z,KXBTC15M-26OCT042345-45,0.0150,174.79,no
2026-10-05T03:41:07.236976Z,KXBTC15M-26OCT042345-45,0.0150,0.97,no
2026-10-05T03:41:07.236976Z,KXBTC15M-26OCT042345-45,0.0150,24.04,no
2026-10-05T03:41:07.236976Z,KXBTC15M-26OCT042345-45,0.0150,3.00,no
2026-10-05T03:41:07.236976Z,KXBTC15M-26OCT042345-45,0.0150,384.00,no
2026-10-05T03:41:07.236976Z,KXBTC15M-26OCT042345-45,0.0150,384.00,no
2026-10-05T03:41:07.236976Z,KXBTC15M-26OCT042345-45,0.0150,99.49,no
2026-10-05T03:41:07.236976Z,KXBTC15M-26OCT042345-45,0.0150,384.00,no
2026-10-05T03:41:07.262357Z,KXBTC15M-26OCT042345-45,0.0160,0.01,yes
2026-10-05T03:41:07.262357Z,KXBTC15M-26OCT042345-45,0.0160,3.65,yes
2026-10-05T03:41:07.262357Z,KXBTC15M-26OCT042345-45,0.0160,0.01,yes
2026-10-05T03:41:07.265892Z,KXBTC15M-26OCT042345-45,0.0160,11.35,yes
2026-10-05T03:41:07.265892Z,KXBTC15M-26OCT042345-45,0.0160,384.00,yes
2026-10-05T03:41:07.265892Z,KXBTC15M-26OCT042345-45,0.0170,0.01,yes
2026-10-05T03:41:07.265892Z,KXBTC15M-26OCT042345-45,0.0170,0.01,yes
2026-10-05T03:41:07.265892Z,KXBTC15M-26OCT042345-45,0.0170,237.63,yes
2026-10-05T03:41:07.26712Z,KXBTC15M-26OCT042345-45,0.0170,21.02,yes
2026-10-05T03:41:07.26712Z,KXBTC15M-26OCT042345-45,0.0170,384.00,yes
2026-10-05T03:41:07.26712Z,KXBTC15M-26OCT042345-45,0.0170,4.98,yes
2026-10-05T03:41:07.277921Z,KXBTC15M-26OCT042345-45,0.0160,0.02,no
2026-10-05T03:41:07.302507Z,KXBTC15M-26OCT042345-45,0.0170,100.00,yes
2026-10-05T03:41:07.302793Z,KXBTC15M-26OCT042345-45,0.0170,2.00,yes
2026-10-05T03:41:07.303259Z,KXBTC15M-26OCT042345-45,0.0170,300.00,yes
2026-10-05T03:41:07.303571Z,KXBTC15M-26OCT042345-45,0.0170,99.02,yes
2026-10-05T03:41:07.303571Z,KXBTC15M-26OCT042345-45,0.0170,576.98,yes
2026-10-05T03:41:07.325476Z,KXBTC15M-26OCT042345-45,0.0170,103.49,yes
2026-10-05T03:41:07.325476Z,KXBTC15M-26OCT042345-45,0.0170,0.47,yes
2026-10-05T03:41:07.325648Z,KXBTC15M-26OCT042345-45,0.0170,15.00,yes
2026-10-05T03:41:07.35855Z,KXBTC15M-26OCT042345-45,0.0170,0.01,yes
2026-10-05T03:41:07.35855Z,KXBTC15M-26OCT042345-45,0.0170,81.51,yes
2026-10-05T03:41:07.35855Z,KXBTC15M-26OCT042345-45,0.0170,178.48,yes
2026-10-05T03:41:07.359977Z,KXBTC15M-26OCT042345-45,0.0170,143.99,yes
2026-10-05T03:41:07.360756Z,KXBTC15M-26OCT042345-45,0.0170,359.47,yes
2026-10-05T03:41:07.360756Z,KXBTC15M-26OCT042345-45,0.0170,177.53,yes
2026-10-05T03:41:07.370062Z,KXBTC15M-26OCT042345-45,0.0170,1.09,yes
2026-10-05T03:41:07.404123Z,KXBTC15M-26OCT042345-45,0.0170,275.18,yes
2026-10-05T03:41:07.41947Z,KXBTC15M-26OCT042345-45,0.0160,3.04,no
2026-10-05T03:41:07.460108Z,KXBTC15M-26OCT042345-45,0.0170,2.04,yes
2026-10-05T03:41:07.469214Z,KXBTC15M-26OCT042345-45,0.0170,1.00,yes
2026-10-05T03:41:07.469214Z,KXBTC15M-26OCT042345-45,0.0170,0.01,yes
2026-10-05T03:41:07.469214Z,KXBTC15M-26OCT042345-45,0.0170,245.93,yes
2026-10-05T03:41:07.469214Z,KXBTC15M-26OCT042345-45,0.0170,0.01,yes
2026-10-05T03:41:07.469214Z,KXBTC15M-26OCT042345-45,0.0170,12.96,yes
2026-10-05T03:41:07.482478Z,KXBTC15M-26OCT042345-45,0.0160,0.01,no
2026-10-05T03:41:07.482478Z,KXBTC15M-26OCT042345-45,0.0160,0.01,no
2026-10-05T03:41:07.482478Z,KXBTC15M-26OCT042345-45,0.0160,99.00,no
2026-10-05T03:41:07.482478Z,KXBTC15M-26OCT042345-45,0.0160,146.94,no
2026-10-05T03:41:07.482478Z,KXBTC15M-26OCT042345-45,0.0160,13.00,no
2026-10-05T03:41:07.482478Z,KXBTC15M-26OCT042345-45,0.0160,17.94,no
2026-10-05T03:41:07.482478Z,KXBTC15M-26OCT042345-45,0.0160,0.10,no
2026-10-05T03:41:07.50149Z,KXBTC15M-26OCT042345-45,0.0170,100.00,yes
2026-10-05T03:41:07.50606Z,KXBTC15M-26OCT042345-45,0.0170,100.00,yes
2026-10-05T03:41:07.50606Z,KXBTC15M-26OCT042345-45,0.0170,15.00,yes
2026-10-05T03:41:07.50606Z,KXBTC15M-26OCT042345-45,0.0170,0.01,yes
2026-10-05T03:41:07.50606Z,KXBTC15M-26OCT042345-45,0.0170,0.01,yes
2026-10-05T03:41:07.50606Z,KXBTC15M-26OCT042345-45,0.0170,38.07,yes
2026-10-05T03:41:07.50606Z,KXBTC15M-26OCT042345-45,0.0170,0.12,yes
2026-10-05T03:41:07.50606Z,KXBTC15M-26OCT042345-45,0.0170,73.95,yes
2026-10-05T03:41:07.577366Z,KXBTC15M-26OCT042345-45,0.0170,0.01,yes
2026-10-05T03:41:07.577366Z,KXBTC15M-26OCT042345-45,0.0170,15.00,yes
2026-10-05T03:41:07.577366Z,KXBTC15M-26OCT042345-45,0.0180,15.00,yes
2026-10-05T03:41:07.577366Z,KXBTC15M-26OCT042345-45,0.0180,29.90,yes
2026-10-05T03:41:07.577366Z,KXBTC15M-26OCT042345-45,0.0180,84.00,yes
2026-10-05T03:41:07.577366Z,KXBTC15M-26OCT042345-45,0.0170,15.00,yes
2026-10-05T03:41:07.577366Z,KXBTC15M-26OCT042345-45,0.0170,100.00,yes
2026-10-05T03:41:07.577366Z,KXBTC15M-26OCT042345-45,0.0180,1.00,yes
2026-10-05T03:41:07.592638Z,KXBTC15M-26OCT042345-45,0.0170,2.18,no
2026-10-05T03:41:07.607431Z,KXBTC15M-26OCT042345-45,0.0170,171.97,no
2026-10-05T03:41:07.607431Z,KXBTC15M-26OCT042345-45,0.0170,67.82,no
2026-10-05T03:41:07.665362Z,KXBTC15M-26OCT042345-45,0.0180,0.01,yes
2026-10-05T03:41:07.665362Z,KXBTC15M-26OCT042345-45,0.0180,2.00,yes
2026-10-05T03:41:07.665362Z,KXBTC15M-26OCT042345-45,0.0180,3.18,yes
2026-10-05T03:41:07.69013Z,KXBTC15M-26OCT042345-45,0.0180,1.00,yes
2026-10-05T03:41:07.69013Z,KXBTC15M-26OCT042345-45,0.0180,164.33,yes
2026-10-05T03:41:07.80161Z,KXBTC15M-26OCT042345-45,0.0170,0.01,no
2026-10-05T03:41:07.80161Z,KXBTC15M-26OCT042345-45,0.0170,0.01,no
2026-10-05T03:41:07.80161Z,KXBTC15M-26OCT042345-45,0.0170,25.40,no
2026-10-05T03:41:07.80161Z,KXBTC15M-26OCT042345-45,0.0170,0.10,no
2026-10-05T03:41:07.80161Z,KXBTC15M-26OCT042345-45,0.0170,200.00,no
2026-10-05T03:41:07.80161Z,KXBTC15M-26OCT042345-45,0.0170,0.10,no
2026-10-05T03:41:07.80161Z,KXBTC15M-26OCT042345-45,0.0170,178.41,no
2026-10-05T03:41:07.80161Z,KXBTC15M-26OCT042345-45,0.0170,1.00,no
2026-10-05T03:41:07.8231Z,KXBTC15M-26OCT042345-45,0.0170,0.01,no
2026-10-05T03:41:07.8231Z,KXBTC15M-26OCT042345-45,0.0170,0.01,no
2026-10-05T03:41:07.8231Z,KXBTC15M-26OCT042345-45,0.0170,43.75,no
2026-10-05T03:41:07.840893Z,KXBTC15M-26OCT042345-45,0.0170,17.00,no
2026-10-05T03:41:08.03989Z,KXBTC15M-26OCT042345-45,0.0200,0.45,yes
2026-10-05T03:41:08.03989Z,KXBTC15M-26OCT042345-45,0.0200,0.01,yes
2026-10-05T03:41:08.03989Z,KXBTC15M-26OCT042345-45,0.0200,14.09,yes
2026-10-05T03:41:08.03989Z,KXBTC15M-26OCT042345-45,0.0200,15.00,yes
2026-10-05T03:41:08.03989Z,KXBTC15M-26OCT042345-45,0.0180,0.01,yes
2026-10-05T03:41:08.03989Z,KXBTC15M-26OCT042345-45,0.0180,15.00,yes
2026-10-05T03:41:08.03989Z,KXBTC15M-26OCT042345-45,0.0180,0.01,yes
2026-10-05T03:41:08.03989Z,KXBTC15M-26OCT042345-45,0.0190,15.00,yes
2026-10-05T03:41:08.120788Z,KXBTC15M-26OCT042345-45,0.0180,0.01,no
2026-10-05T03:41:08.120788Z,KXBTC15M-26OCT042345-45,0.0180,0.01,no
2026-10-05T03:41:08.120788Z,KXBTC15M-26OCT042345-45,0.0180,4.87,no
2026-10-05T03:41:08.220578Z,KXBTC15M-26OCT042345-45,0.0200,3.55,yes
2026-10-05T03:41:08.220578Z,KXBTC15M-26OCT042345-45,0.0190,4.00,yes
2026-10-05T03:41:08.220578Z,KXBTC15M-26OCT042345-45,0.0190,0.01,yes
2026-10-05T03:41:08.220578Z,KXBTC15M-26OCT042345-45,0.0200,200.00,yes
2026-10-05T03:41:08.220578Z,KXBTC15M-26OCT042345-45,0.0190,0.02,yes
2026-10-05T03:41:08.220578Z,KXBTC15M-26OCT042345-45,0.0190,400.00,yes
2026-10-05T03:41:08.220578Z,KXBTC15M-26OCT042345-45,0.0190,100.00,yes
2026-10-05T03:41:08.220578Z,KXBTC15M-26OCT042345-45,0.0190,0.01,yes
2026-10-05T03:41:08.220578Z,KXBTC15M-26OCT042345-45,0.0190,15.00,yes
2026-10-05T03:41:08.220578Z,KXBTC15M-26OCT042345-45,0.0190,200.00,yes
2026-10-05T03:41:08.220578Z,KXBTC15M-26OCT042345-45,0.0200,245.07,yes
2026-10-05T03:41:08.220578Z,KXBTC15M-26OCT042345-45,0.0190,0.10,yes
2026-10-05T03:41:08.220578Z,KXBTC15M-26OCT042345-45,0.0190,13.00,yes
2026-10-05T03:41:08.220578Z,KXBTC15M-26OCT042345-45,0.0190,1.00,yes
2026-10-05T03:41:08.220578Z,KXBTC15M-26OCT042345-45,0.0190,363.00,yes
2026-10-05T03:41:08.220578Z,KXBTC15M-26OCT042345-45,0.0200,24.00,yes
2026-10-05T03:41:08.220578Z,KXBTC15M-26OCT042345-45,0.0200,30.00,yes
2026-10-05T03:41:08.220578Z,KXBTC15M-26OCT042345-45,0.0200,48.00,yes
2026-10-05T03:41:08.223898Z,KXBTC15M-26OCT042345-45,0.0200,28.76,yes
2026-10-05T03:41:08.257496Z,KXBTC15M-26OCT042345-45,0.0180,32.73,no
2026-10-05T03:41:08.257496Z,KXBTC15M-26OCT042345-45,0.0180,0.01,no
2026-10-05T03:41:08.257496Z,KXBTC15M-26OCT042345-45,0.0180,0.01,no
2026-10-05T03:41:08.257496Z,KXBTC15M-26OCT042345-45,0.0180,15.00,no
2026-10-05T03:41:08.282741Z,KXBTC15M-26OCT042345-45,0.0180,1.01,no
2026-10-05T03:41:08.369885Z,KXBTC15M-26OCT042345-45,0.0190,0.01,yes
2026-10-05T03:41:08.369885Z,KXBTC15M-26OCT042345-45,0.0190,200.00,yes
2026-10-05T03:41:08.369885Z,KXBTC15M-26OCT042345-45,0.0190,1.00,yes
2026-10-05T03:41:08.369885Z,KXBTC15M-26OCT042345-45,0.0190,4.00,yes
2026-10-05T03:41:08.369885Z,KXBTC15M-26OCT042345-45,0.0190,0.01,yes
2026-10-05T03:41:08.369885Z,KXBTC15M-26OCT042345-45,0.0190,100.00,yes
2026-10-05T03:41:08.369885Z,KXBTC15M-26OCT042345-45,0.0200,215.33,yes
2026-10-05T03:41:08.369885Z,KXBTC15M-26OCT042345-45,0.0190,15.00,yes
2026-10-05T03:41:08.369885Z,KXBTC15M-26OCT042345-45,0.0190,400.00,yes
2026-10-05T03:41:08.397842Z,KXBTC15M-26OCT042345-45,0.0220,0.01,yes
2026-10-05T03:41:08.397842Z,KXBTC15M-26OCT042345-45,0.0210,0.02,yes
2026-10-05T03:41:08.397842Z,KXBTC15M-26OCT042345-45,0.0230,250.29,yes
2026-10-05T03:41:08.397842Z,KXBTC15M-26OCT042345-45,0.0210,10.00,yes
2026-10-05T03:41:08.397842Z,KXBTC15M-26OCT042345-45,0.0200,30.00,yes
2026-10-05T03:41:08.397842Z,KXBTC15M-26OCT042345-45,0.0200,510.84,yes
2026-10-05T03:41:08.397842Z,KXBTC15M-26OCT042345-45,0.0220,12.00,yes
2026-10-05T03:41:08.397842Z,KXBTC15M-26OCT042345-45,0.0190,0.01,yes
2026-10-05T03:41:08.397842Z,KXBTC15M-26OCT042345-45,0.0200,50.00,yes
2026-10-05T03:41:08.397842Z,KXBTC15M-26OCT042345-45,0.0220,474.00,yes
2026-10-05T03:41:08.397842Z,KXBTC15M-26OCT042345-45,0.0210,15.00,yes
2026-10-05T03:41:08.397842Z,KXBTC15M-26OCT042345-45,0.0200,400.00,yes
2026-10-05T03:41:08.397842Z,KXBTC15M-26OCT042345-45,0.0220,2.00,yes
2026-10-05T03:41:08.397842Z,KXBTC15M-26OCT042345-45,0.0210,15.00,yes
2026-10-05T03:41:08.397842Z,KXBTC15M-26OCT042345-45,0.0220,240.07,yes
2026-10-05T03:41:08.419892Z,KXBTC15M-26OCT042345-45,0.0200,70.00,no
2026-10-05T03:41:08.419892Z,KXBTC15M-26OCT042345-45,0.0200,70.00,no
2026-10-05T03:41:08.419892Z,KXBTC15M-26OCT042345-45,0.0200,25.00,no
2026-10-05T03:41:08.419892Z,KXBTC15M-26OCT042345-45,0.0200,70.00,no
2026-10-05T03:41:08.419892Z,KXBTC15M-26OCT042345-45,0.0200,70.00,no
2026-10-05T03:41:08.422299Z,KXBTC15M-26OCT042345-45,0.0220,616.37,yes
2026-10-05T03:41:08.670273Z,KXBTC15M-26OCT042345-45,0.0220,10.69,yes
2026-10-05T03:41:08.713346Z,KXBTC15M-26OCT042345-45,0.0210,0.01,no
2026-10-05T03:41:08.713346Z,KXBTC15M-26OCT042345-45,0.0210,70.00,no
2026-10-05T03:41:08.713346Z,KXBTC15M-26OCT042345-45,0.0210,0.01,no
2026-10-05T03:41:08.713346Z,KXBTC15M-26OCT042345-45,0.0210,69.98,no
2026-10-05T03:41:08.786723Z,KXBTC15M-26OCT042345-45,0.0220,7.64,yes
2026-10-05T03:41:08.786723Z,KXBTC15M-26OCT042345-45,0.0220,100.00,yes
2026-10-05T03:41:08.786723Z,KXBTC15M-26OCT042345-45,0.0220,4.31,yes
2026-10-05T03:41:08.851636Z,KXBTC15M-26OCT042345-45,0.0210,88.00,no
2026-10-05T03:41:08.896043Z,KXBTC15M-26OCT042345-45,0.0210,30.51,no
2026-10-05T03:41:08.979016Z,KXBTC15M-26OCT042345-45,0.0210,26.26,no
2026-10-05T03:41:09.150174Z,KXBTC15M-26OCT042345-45,0.0210,3.16,no
2026-10-05T03:41:09.152318Z,KXBTC15M-26OCT042345-45,0.0210,106.91,no
2026-10-05T03:41:09.152318Z,KXBTC15M-26OCT042345-45,0.0210,43.09,no
2026-10-05T03:41:09.179819Z,KXBTC15M-26OCT042345-45,0.0220,11.91,yes
2026-10-05T03:41:09.18806Z,KXBTC15M-26OCT042345-45,0.0220,0.42,yes
2026-10-05T03:41:09.41738Z,KXBTC15M-26OCT042345-45,0.0220,10.63,yes
2026-10-05T03:41:09.425122Z,KXBTC15M-26OCT042345-45,0.0220,85.08,yes
2026-10-05T03:41:09.552573Z,KXBTC15M-26OCT042345-45,0.0210,150.00,no
2026-10-05T03:41:09.592382Z,KXBTC15M-26OCT042345-45,0.0210,9.13,no
2026-10-05T03:41:09.611506Z,KXBTC15M-26OCT042345-45,0.0220,8.08,yes
2026-10-05T03:41:09.624804Z,KXBTC15M-26OCT042345-45,0.0220,28.33,yes
2026-10-05T03:41:09.802773Z,KXBTC15M-26OCT042345-45,0.0210,127.49,no
2026-10-05T03:41:09.838977Z,KXBTC15M-26OCT042345-45,0.0220,47.91,yes
2026-10-05T03:41:09.838977Z,KXBTC15M-26OCT042345-45,0.0220,377.51,yes
2026-10-05T03:41:09.844058Z,KXBTC15M-26OCT042345-45,0.0210,124.38,no
2026-10-05T03:41:09.844058Z,KXBTC15M-26OCT042345-45,0.0210,25.62,no
2026-10-05T03:41:09.926016Z,KXBTC15M-26OCT042345-45,0.0210,0.01,no
2026-10-05T03:41:09.926016Z,KXBTC15M-26OCT042345-45,0.0210,0.10,no
2026-10-05T03:41:09.926016Z,KXBTC15M-26OCT042345-45,0.0210,30.05,no
2026-10-05T03:41:09.926016Z,KXBTC15M-26OCT042345-45,0.0210,49.38,no
2026-10-05T03:41:09.926016Z,KXBTC15M-26OCT042345-45,0.0210,0.01,no
2026-10-05T03:41:09.992429Z,KXBTC15M-26OCT042345-45,0.0220,22.49,yes
2026-10-05T03:41:09.992429Z,KXBTC15M-26OCT042345-45,0.0220,8.05,yes
2026-10-05T03:41:09.992429Z,KXBTC15M-26OCT042345-45,0.0220,12.00,yes
2026-10-05T03:41:10.039227Z,KXBTC15M-26OCT042345-45,0.0220,100.00,yes
2026-10-05T03:41:10.039227Z,KXBTC15M-26OCT042345-45,0.0220,1.00,yes
2026-10-05T03:41:10.039227Z,KXBTC15M-26OCT042345-45,0.0220,12.00,yes
2026-10-05T03:41:10.039227Z,KXBTC15M-26OCT042345-45,0.0220,285.14,yes
2026-10-05T03:41:10.039227Z,KXBTC15M-26OCT042345-45,0.0220,50.00,yes
2026-10-05T03:41:10.039227Z,KXBTC15M-26OCT042345-45,0.0220,0.01,yes
2026-10-05T03:41:10.039227Z,KXBTC15M-26OCT042345-45,0.0220,35.00,yes
2026-10-05T03:41:10.039227Z,KXBTC15M-26OCT042345-45,0.0220,0.01,yes
2026-10-05T03:41:10.039227Z,KXBTC15M-26OCT042345-45,0.0220,30.00,yes
2026-10-05T03:41:10.039227Z,KXBTC15M-26OCT042345-45,0.0220,0.10,yes
2026-10-05T03:41:10.039227Z,KXBTC15M-26OCT042345-45,0.0220,327.43,yes
2026-10-05T03:41:10.039227Z,KXBTC15M-26OCT042345-45,0.0220,5.00,yes
2026-10-05T03:41:10.039227Z,KXBTC15M-26OCT042345-45,0.0220,203.97,yes
2026-10-05T03:41:10.039227Z,KXBTC15M-26OCT042345-45,0.0220,11.89,yes
2026-10-05T03:41:10.039227Z,KXBTC15M-26OCT042345-45,0.0220,2.00,yes
2026-10-05T03:41:10.047445Z,KXBTC15M-26OCT042345-45,0.0200,33.82,no
2026-10-05T03:41:10.047445Z,KXBTC15M-26OCT042345-45,0.0200,50.00,no
2026-10-05T03:41:10.047445Z,KXBTC15M-26OCT042345-45,0.0210,0.01,no
2026-10-05T03:41:10.047445Z,KXBTC15M-26OCT042345-45,0.0210,0.01,no
2026-10-05T03:41:10.086155Z,KXBTC15M-26OCT042345-45,0.0210,4.25,yes
2026-10-05T03:41:10.103483Z,KXBTC15M-26OCT042345-45,0.0250,10.00,yes
2026-10-05T03:41:10.103483Z,KXBTC15M-26OCT042345-45,0.0250,15.00,yes
2026-10-05T03:41:10.103483Z,KXBTC15M-26OCT042345-45,0.0250,64.00,yes
2026-10-05T03:41:10.103483Z,KXBTC15M-26OCT042345-45,0.0260,424.01,yes
2026-10-05T03:41:10.103483Z,KXBTC15M-26OCT042345-45,0.0230,796.71,yes
2026-10-05T03:41:10.103483Z,KXBTC15M-26OCT042345-45,0.0250,0.02,yes
2026-10-05T03:41:10.103483Z,KXBTC15M-26OCT042345-45,0.0230,0.02,yes
2026-10-05T03:41:10.103483Z,KXBTC15M-26OCT042345-45,0.0240,0.02,yes
2026-10-05T03:41:10.103483Z,KXBTC15M-26OCT042345-45,0.0230,15.00,yes
2026-10-05T03:41:10.103483Z,KXBTC15M-26OCT042345-45,0.0230,2.00,yes
2026-10-05T03:41:10.103483Z,KXBTC15M-26OCT042345-45,0.0240,2.00,yes
2026-10-05T03:41:10.103483Z,KXBTC15M-26OCT042345-45,0.0250,93.75,yes
2026-10-05T03:41:10.103483Z,KXBTC15M-26OCT042345-45,0.0220,548.00,yes
2026-10-05T03:41:10.103483Z,KXBTC15M-26OCT042345-45,0.0250,10.00,yes
2026-10-05T03:41:10.103483Z,KXBTC15M-26OCT042345-45,0.0240,2.00,yes
2026-10-05T03:41:10.103483Z,KXBTC15M-26OCT042345-45,0.0250,15.00,yes
2026-10-05T03:41:10.103483Z,KXBTC15M-26OCT042345-45,0.0250,93.75,yes
2026-10-05T03:41:10.103483Z,KXBTC15M-26OCT042345-45,0.0250,2.00,yes
2026-10-05T03:41:10.103483Z,KXBTC15M-26OCT042345-45,0.0220,100.00,yes
2026-10-05T03:41:10.103483Z,KXBTC15M-26OCT042345-45,0.0230,2.00,yes
2026-10-05T03:41:10.103483Z,KXBTC15M-26OCT042345-45,0.0220,200.00,yes
2026-10-05T03:41:10.103483Z,KXBTC15M-26OCT042345-45,0.0250,64.00,yes
2026-10-05T03:41:10.103483Z,KXBTC15M-26OCT042345-45,0.0220,12.00,yes
2026-10-05T03:41:10.103483Z,KXBTC15M-26OCT042345-45,0.0210,0.10,yes
2026-10-05T03:41:10.103483Z,KXBTC15M-26OCT042345-45,0.0210,400.00,yes
2026-10-05T03:41:10.103483Z,KXBTC15M-26OCT042345-45,0.0210,15.00,yes
2026-10-05T03:41:10.103483Z,KXBTC15M-26OCT042345-45,0.0210,1.00,yes
2026-10-05T03:41:10.103483Z,KXBTC15M-26OCT042345-45,0.0210,0.01,yes
2026-10-05T03:41:10.103483Z,KXBTC15M-26OCT042345-45,0.0220,295.59,yes
2026-10-05T03:41:10.103483Z,KXBTC15M-26OCT042345-45,0.0210,70.00,yes
2026-10-05T03:41:10.103483Z,KXBTC15M-26OCT042345-45,0.0210,70.00,yes
2026-10-05T03:41:10.103483Z,KXBTC15M-26OCT042345-45,0.0210,200.00,yes
2026-10-05T03:41:10.103483Z,KXBTC15M-26OCT042345-45,0.0210,0.01,yes
2026-10-05T03:41:10.103483Z,KXBTC15M-26OCT042345-45,0.0230,150.00,yes
2026-10-05T03:41:10.103483Z,KXBTC15M-26OCT042345-45,0.0220,0.01,yes
2026-10-05T03:41:10.103483Z,KXBTC15M-26OCT042345-45,0.0210,70.00,yes
2026-10-05T03:41:10.103483Z,KXBTC15M-26OCT042345-45,0.0240,102.00,yes
2026-10-05T03:41:10.103483Z,KXBTC15M-26OCT042345-45,0.0250,2.00,yes
2026-10-05T03:41:10.103483Z,KXBTC15M-26OCT042345-45,0.0210,100.00,yes
2026-10-05T03:41:10.103483Z,KXBTC15M-26OCT042345-45,0.0210,65.75,yes
2026-10-05T03:41:10.103483Z,KXBTC15M-26OCT042345-45,0.0220,0.01,yes
2026-10-05T03:41:10.129345Z,KXBTC15M-26OCT042345-45,0.0210,30.15,no
2026-10-05T03:41:10.164215Z,KXBTC15M-26OCT042345-45,0.0230,116.04,yes
2026-10-05T03:41:10.165206Z,KXBTC15M-26OCT042345-45,0.0220,0.01,no
2026-10-05T03:41:10.165206Z,KXBTC15M-26OCT042345-45,0.0220,0.89,no
2026-10-05T03:41:10.165206Z,KXBTC15M-26OCT042345-45,0.0220,0.10,no
2026-10-05T03:41:10.17257Z,KXBTC15M-26OCT042345-45,0.0220,1.00,no
2026-10-05T03:41:10.195843Z,KXBTC15M-26OCT042345-45,0.0210,500.00,no
2026-10-05T03:41:10.195843Z,KXBTC15M-26OCT042345-45,0.0210,93.00,no
2026-10-05T03:41:10.195843Z,KXBTC15M-26OCT042345-45,0.0200,15.00,no
2026-10-05T03:41:10.195843Z,KXBTC15M-26OCT042345-45,0.0190,15.00,no
2026-10-05T03:41:10.195843Z,KXBTC15M-26OCT042345-45,0.0220,369.61,no
2026-10-05T03:41:10.195843Z,KXBTC15M-26OCT042345-45,0.0210,1.00,no
2026-10-05T03:41:10.195843Z,KXBTC15M-26OCT042345-45,0.0200,15.00,no
2026-10-05T03:41:10.195843Z,KXBTC15M-26OCT042345-45,0.0220,0.01,no
2026-10-05T03:41:10.195843Z,KXBTC15M-26OCT042345-45,0.0220,8.11,no
2026-10-05T03:41:10.195843Z,KXBTC15M-26OCT042345-45,0.0200,200.00,no
2026-10-05T03:41:10.195843Z,KXBTC15M-26OCT042345-45,0.0220,0.01,no
2026-10-05T03:41:10.195843Z,KXBTC15M-26OCT042345-45,0.0210,1000.00,no
2026-10-05T03:41:10.195843Z,KXBTC15M-26OCT042345-45,0.0200,0.01,no
2026-10-05T03:41:10.195843Z,KXBTC15M-26OCT042345-45,0.0200,0.01,no
2026-10-05T03:41:10.195843Z,KXBTC15M-26OCT042345-45,0.0220,1.00,no
2026-10-05T03:41:10.195843Z,KXBTC15M-26OCT042345-45,0.0220,500.00,no
2026-10-05T03:41:10.195843Z,KXBTC15M-26OCT042345-45,0.0190,187.60,no
2026-10-05T03:41:10.195843Z,KXBTC15M-26OCT042345-45,0.0210,3141.00,no
2026-10-05T03:41:10.195843Z,KXBTC15M-26OCT042345-45,0.0220,0.89,no
2026-10-05T03:41:10.195843Z,KXBTC15M-26OCT042345-45,0.0200,50.00,no
2026-10-05T03:41:10.205106Z,KXBTC15M-26OCT042345-45,0.0210,9.41,yes
2026-10-05T03:41:10.216282Z,KXBTC15M-26OCT042345-45,0.0210,5.00,yes
2026-10-05T03:41:10.221979Z,KXBTC15M-26OCT042345-45,0.0190,1.10,no
2026-10-05T03:41:10.221979Z,KXBTC15M-26OCT042345-45,0.0190,2.00,no
2026-10-05T03:41:10.221979Z,KXBTC15M-26OCT042345-45,0.0190,2.00,no
2026-10-05T03:41:10.221979Z,KXBTC15M-26OCT042345-45,0.0190,81.86,no
2026-10-05T03:41:10.221979Z,KXBTC15M-26OCT042345-45,0.0200,0.01,no
2026-10-05T03:41:10.221979Z,KXBTC15M-26OCT042345-45,0.0190,0.01,no
2026-10-05T03:41:10.221979Z,KXBTC15M-26OCT042345-45,0.0200,50.00,no
2026-10-05T03:41:10.221979Z,KXBTC15M-26OCT042345-45,0.0190,0.01,no
2026-10-05T03:41:10.221979Z,KXBTC15M-26OCT042345-45,0.0200,0.01,no
2026-10-05T03:41:10.246288Z,KXBTC15M-26OCT042345-45,0.0180,15.00,no
2026-10-05T03:41:10.246288Z,KXBTC15M-26OCT042345-45,0.0180,32.90,no
2026-10-05T03:41:10.246288Z,KXBTC15M-26OCT042345-45,0.0190,15.00,no
2026-10-05T03:41:10.246288Z,KXBTC15M-26OCT042345-45,0.0190,0.01,no
2026-10-05T03:41:10.246288Z,KXBTC15M-26OCT042345-45,0.0190,0.01,no
2026-10-05T03:41:10.253188Z,KXBTC15M-26OCT042345-45,0.0180,14.97,no
2026-10-05T03:41:10.300822Z,KXBTC15M-26OCT042345-45,0.0190,42.54,yes
2026-10-05T03:41:10.304651Z,KXBTC15M-26OCT042345-45,0.0190,27.46,yes
2026-10-05T03:41:10.304651Z,KXBTC15M-26OCT042345-45,0.0190,15.08,yes
2026-10-05T03:41:10.308686Z,KXBTC15M-26OCT042345-45,0.0180,2.03,no
2026-10-05T03:41:10.445684Z,KXBTC15M-26OCT042345-45,0.0190,85.08,yes
2026-10-05T03:41:10.459122Z,KXBTC15M-26OCT042345-45,0.0190,42.54,yes
2026-10-05T03:41:10.47316Z,KXBTC15M-26OCT042345-45,0.0180,134.74,no
2026-10-05T03:41:10.48132Z,KXBTC15M-26OCT042345-45,0.0160,10.00,no
2026-10-05T03:41:10.48132Z,KXBTC15M-26OCT042345-45,0.0150,1.00,no
2026-10-05T03:41:10.48132Z,KXBTC15M-26OCT042345-45,0.0160,10.00,no
2026-10-05T03:41:10.48132Z,KXBTC15M-26OCT042345-45,0.0160,15.00,no
2026-10-05T03:41:10.48132Z,KXBTC15M-26OCT042345-45,0.0160,15.00,no
2026-10-05T03:41:10.48132Z,KXBTC15M-26OCT042345-45,0.0160,15.00,no
2026-10-05T03:41:10.48132Z,KXBTC15M-26OCT042345-45,0.0160,15.00,no
2026-10-05T03:41:10.48132Z,KXBTC15M-26OCT042345-45,0.0120,10.00,no
2026-10-05T03:41:10.48132Z,KXBTC15M-26OCT042345-45,0.0150,15.00,no
2026-10-05T03:41:10.48132Z,KXBTC15M-26OCT042345-45,0.0150,15.00,no
2026-10-05T03:41:10.48132Z,KXBTC15M-26OCT042345-45,0.0140,150.00,no
2026-10-05T03:41:10.48132Z,KXBTC15M-26OCT042345-45,0.0120,1817.89,no
2026-10-05T03:41:10.48132Z,KXBTC15M-26OCT042345-45,0.0170,15.00,no
2026-10-05T03:41:10.48132Z,KXBTC15M-26OCT042345-45,0.0170,15.00,no
2026-10-05T03:41:10.48132Z,KXBTC15M-26OCT042345-45,0.0170,15.00,no
2026-10-05T03:41:10.48132Z,KXBTC15M-26OCT042345-45,0.0150,15.00,no
2026-10-05T03:41:10.48132Z,KXBTC15M-26OCT042345-45,0.0180,815.36,no
2026-10-05T03:41:10.48132Z,KXBTC15M-26OCT042345-45,0.0180,305.00,no
2026-10-05T03:41:10.48132Z,KXBTC15M-26OCT042345-45,0.0160,2.00,no
2026-10-05T03:41:10.48132Z,KXBTC15M-26OCT042345-45,0.0140,150.00,no
2026-10-05T03:41:10.48132Z,KXBTC15M-26OCT042345-45,0.0180,0.01,no
2026-10-05T03:41:10.48132Z,KXBTC15M-26OCT042345-45,0.0170,2.00,no
2026-10-05T03:41:10.48132Z,KXBTC15M-26OCT042345-45,0.0170,323.00,no
2026-10-05T03:41:10.48132Z,KXBTC15M-26OCT042345-45,0.0150,2.00,no
2026-10-05T03:41:10.48132Z,KXBTC15M-26OCT042345-45,0.0180,2.00,no
2026-10-05T03:41:10.48132Z,KXBTC15M-26OCT042345-45,0.0170,15.00,no
2026-10-05T03:41:10.48132Z,KXBTC15M-26OCT042345-45,0.0150,14.00,no
2026-10-05T03:41:10.48132Z,KXBTC15M-26OCT042345-45,0.0160,100.00,no
2026-10-05T03:41:10.48132Z,KXBTC15M-26OCT042345-45,0.0170,883.00,no
2026-10-05T03:41:10.48132Z,KXBTC15M-26OCT042345-45,0.0170,2.00,no
2026-10-05T03:41:10.48132Z,KXBTC15M-26OCT042345-45,0.0180,1.08,no
2026-10-05T03:41:10.48132Z,KXBTC15M-26OCT042345-45,0.0120,1.00,no
2026-10-05T03:41:10.48132Z,KXBTC15M-26OCT042345-45,0.0120,1.00,no
2026-10-05T03:41:10.48132Z,KXBTC15M-26OCT042345-45,0.0160,2.00,no
2026-10-05T03:41:10.48132Z,KXBTC15M-26OCT042345-45,0.0180,15.00,no
2026-10-05T03:41:10.48132Z,KXBTC15M-26OCT042345-45,0.0180,0.01,no
2026-10-05T03:41:10.48132Z,KXBTC15M-26OCT042345-45,0.0180,1.09,no
2026-10-05T03:41:10.48132Z,KXBTC15M-26OCT042345-45,0.0120,150.00,no
2026-10-05T03:41:10.48132Z,KXBTC15M-26OCT042345-45,0.0130,25.00,no
2026-10-05T03:41:10.48132Z,KXBTC15M-26OCT042345-45,0.0130,150.00,no
2026-10-05T03:41:10.48132Z,KXBTC15M-26OCT042345-45,0.0120,2500.00,no
2026-10-05T03:41:10.48132Z,KXBTC15M-26OCT042345-45,0.0140,384.00,no
2026-10-05T03:41:10.48132Z,KXBTC15M-26OCT042345-45,0.0110,1760.21,no
2026-10-05T03:41:10.48132Z,KXBTC15M-26OCT042345-45,0.0130,256.00,no
2026-10-05T03:41:10.48132Z,KXBTC15M-26OCT042345-45,0.0140,384.00,no
2026-10-05T03:41:10.48132Z,KXBTC15M-26OCT042345-45,0.0120,330.00,no
2026-10-05T03:41:10.48132Z,KXBTC15M-26OCT042345-45,0.0140,327.00,no
2026-10-05T03:41:10.48132Z,KXBTC15M-26OCT042345-45,0.0120,256.00,no
2026-10-05T03:41:10.48132Z,KXBTC15M-26OCT042345-45,0.0120,256.00,no
2026-10-05T03:41:10.48132Z,KXBTC15M-26OCT042345-45,0.0130,256.00,no
2026-10-05T03:41:10.48132Z,KXBTC15M-26OCT042345-45,0.0140,384.00,no
2026-10-05T03:41:10.48132Z,KXBTC15M-26OCT042345-45,0.0120,256.00,no
2026-10-05T03:41:10.48132Z,KXBTC15M-26OCT042345-45,0.0130,256.00,no
2026-10-05T03:41:10.48132Z,KXBTC15M-26OCT042345-45,0.0140,384.00,no
2026-10-05T03:41:10.48132Z,KXBTC15M-26OCT042345-45,0.0120,256.00,no
2026-10-05T03:41:10.48132Z,KXBTC15M-26OCT042345-45,0.0130,256.00,no
2026-10-05T03:41:10.522722Z,KXBTC15M-26OCT042345-45,0.0180,0.01,no
2026-10-05T03:41:10.522722Z,KXBTC15M-26OCT042345-45,0.0150,0.97,no
2026-10-05T03:41:10.522722Z,KXBTC15M-26OCT042345-45,0.0180,0.01,no
2026-10-05T03:41:10.542036Z,KXBTC15M-26OCT042345-45,0.0150,0.01,no
2026-10-05T03:41:10.542036Z,KXBTC15M-26OCT042345-45,0.0150,0.01,no
2026-10-05T03:41:10.542036Z,KXBTC15M-26OCT042345-45,0.0150,25.20,no
2026-10-05T03:41:10.663777Z,KXBTC15M-26OCT042345-45,0.0150,41.32,no
2026-10-05T03:41:10.689797Z,KXBTC15M-26OCT042345-45,0.0160,4.44,yes
2026-10-05T03:41:10.713707Z,KXBTC15M-26OCT042345-45,0.0160,33.43,yes
2026-10-05T03:41:10.751965Z,KXBTC15M-26OCT042345-45,0.0150,94.07,no
2026-10-05T03:41:10.79814Z,KXBTC15M-26OCT042345-45,0.0150,14.22,no
2026-10-05T03:41:10.866231Z,KXBTC15M-26OCT042345-45,0.0160,58.47,yes
2026-10-05T03:41:11.04164Z,KXBTC15M-26OCT042345-45,0.0160,292.36,yes
2026-10-05T03:41:11.066739Z,KXBTC15M-26OCT042345-45,0.0160,30.00,yes
2026-10-05T03:41:11.127297Z,KXBTC15M-26OCT042345-45,0.0150,5.25,no
2026-10-05T03:41:11.226079Z,KXBTC15M-26OCT042345-45,0.0160,58.47,yes
2026-10-05T03:41:11.317919Z,KXBTC15M-26OCT042345-45,0.0150,9.59,no
2026-10-05T03:41:11.398077Z,KXBTC15M-26OCT042345-45,0.0150,43.60,no
2026-10-05T03:41:11.411212Z,KXBTC15M-26OCT042345-45,0.0160,5.27,yes
2026-10-05T03:41:11.464157Z,KXBTC15M-26OCT042345-45,0.0160,1.17,yes
2026-10-05T03:41:11.541489Z,KXBTC15M-26OCT042345-45,0.0160,292.36,yes
2026-10-05T03:41:11.542568Z,KXBTC15M-26OCT042345-45,0.0160,58.47,yes
2026-10-05T03:41:11.547771Z,KXBTC15M-26OCT042345-45,0.0160,212.71,yes
2026-10-05T03:41:11.551879Z,KXBTC15M-26OCT042345-45,0.0160,29.23,yes
2026-10-05T03:41:11.562423Z,KXBTC15M-26OCT042345-45,0.0160,11.03,yes
2026-10-05T03:41:11.565636Z,KXBTC15M-26OCT042345-45,0.0160,58.47,yes
2026-10-05T03:41:11.576995Z,KXBTC15M-26OCT042345-45,0.0160,69.58,yes
2026-10-05T03:41:11.602473Z,KXBTC15M-26OCT042345-45,0.0150,10.14,no
2026-10-05T03:41:11.64785Z,KXBTC15M-26OCT042345-45,0.0160,45.56,yes
2026-10-05T03:41:11.663423Z,KXBTC15M-26OCT042345-45,0.0160,11.02,yes
2026-10-05T03:41:11.721377Z,KXBTC15M-26OCT042345-45,0.0160,12.13,yes
2026-10-05T03:41:11.733639Z,KXBTC15M-26OCT042345-45,0.0160,15.00,yes
2026-10-05T03:41:11.733639Z,KXBTC15M-26OCT042345-45,0.0160,13.00,yes
2026-10-05T03:41:11.733639Z,KXBTC15M-26OCT042345-45,0.0160,114.49,yes
2026-10-05T03:41:11.733639Z,KXBTC15M-26OCT042345-45,0.0160,150.00,yes
2026-10-05T03:41:11.733639Z,KXBTC15M-26OCT042345-45,0.0160,292.21,yes
2026-10-05T03:41:11.733639Z,KXBTC15M-26OCT042345-45,0.0160,0.01,yes
2026-10-05T03:41:11.733639Z,KXBTC15M-26OCT042345-45,0.0160,0.01,yes
2026-10-05T03:41:11.736776Z,KXBTC15M-26OCT042345-45,0.0150,3.00,no
2026-10-05T03:41:11.758517Z,KXBTC15M-26OCT042345-45,0.0150,14.19,no
2026-10-05T03:41:11.76765Z,KXBTC15M-26OCT042345-45,0.0160,0.02,yes
2026-10-05T03:41:11.76765Z,KXBTC15M-26OCT042345-45,0.0160,0.10,yes
2026-10-05T03:41:11.76765Z,KXBTC15M-26OCT042345-45,0.0160,15.00,yes
2026-10-05T03:41:11.76765Z,KXBTC15M-26OCT042345-45,0.0160,13.00,yes
2026-10-05T03:41:11.76765Z,KXBTC15M-26OCT042345-45,0.0160,84.00,yes
2026-10-05T03:41:11.76765Z,KXBTC15M-26OCT042345-45,0.0160,0.01,yes
2026-10-05T03:41:11.76765Z,KXBTC15M-26OCT042345-45,0.0160,0.01,yes
2026-10-05T03:41:11.76765Z,KXBTC15M-26OCT042345-45,0.0160,72.00,yes
2026-10-05T03:41:11.76765Z,KXBTC15M-26OCT042345-45,0.0160,258.00,yes
2026-10-05T03:41:11.76765Z,KXBTC15M-26OCT042345-45,0.0160,1.00,yes
2026-10-05T03:41:11.76765Z,KXBTC15M-26OCT042345-45,0.0160,150.00,yes
2026-10-05T03:41:11.76765Z,KXBTC15M-26OCT042345-45,0.0160,150.00,yes
2026-10-05T03:41:11.76765Z,KXBTC15M-26OCT042345-45,0.0160,200.00,yes
2026-10-05T03:41:11.76765Z,KXBTC15M-26OCT042345-45,0.0160,120.00,yes
2026-10-05T03:41:11.76765Z,KXBTC15M-26OCT042345-45,0.0170,244.92,yes
2026-10-05T03:41:11.76765Z,KXBTC15M-26OCT042345-45,0.0160,24.00,yes
2026-10-05T03:41:11.76765Z,KXBTC15M-26OCT042345-45,0.0160,100.51,yes
2026-10-05T03:41:11.771211Z,KXBTC15M-26OCT042345-45,0.0170,26.13,yes
2026-10-05T03:41:11.822422Z,KXBTC15M-26OCT042345-45,0.0160,1.09,yes
2026-10-05T03:41:11.866002Z,KXBTC15M-26OCT042345-45,0.0160,0.01,yes
2026-10-05T03:41:11.866002Z,KXBTC15M-26OCT042345-45,0.0160,15.00,yes
2026-10-05T03:41:11.866002Z,KXBTC15M-26OCT042345-45,0.0160,13.91,yes
2026-10-05T03:41:11.866002Z,KXBTC15M-26OCT042345-45,0.0160,0.01,yes
2026-10-05T03:41:11.867058Z,KXBTC15M-26OCT042345-45,0.0150,15.00,no
2026-10-05T03:41:11.867058Z,KXBTC15M-26OCT042345-45,0.0150,15.00,no
2026-10-05T03:41:11.867058Z,KXBTC15M-26OCT042345-45,0.0150,77.00,no
2026-10-05T03:41:11.867058Z,KXBTC15M-26OCT042345-45,0.0150,15.00,no
2026-10-05T03:41:11.867058Z,KXBTC15M-26OCT042345-45,0.0150,366.00,no
2026-10-05T03:41:11.867058Z,KXBTC15M-26OCT042345-45,0.0150,100.00,no
2026-10-05T03:41:11.867058Z,KXBTC15M-26OCT042345-45,0.0150,0.10,no
2026-10-05T03:41:11.867058Z,KXBTC15M-26OCT042345-45,0.0150,164.62,no
2026-10-05T03:41:11.867058Z,KXBTC15M-26OCT042345-45,0.0150,260.81,no
2026-10-05T03:41:11.867058Z,KXBTC15M-26OCT042345-45,0.0150,0.01,no
2026-10-05T03:41:11.867058Z,KXBTC15M-26OCT042345-45,0.0150,0.01,no
2026-10-05T03:41:11.918064Z,KXBTC15M-26OCT042345-45,0.0160,0.01,yes
2026-10-05T03:41:11.918064Z,KXBTC15M-26OCT042345-45,0.0160,0.01,yes
2026-10-05T03:41:11.918064Z,KXBTC15M-26OCT042345-45,0.0160,15.00,yes
2026-10-05T03:41:11.918064Z,KXBTC15M-26OCT042345-45,0.0160,13.00,yes
2026-10-05T03:41:11.918064Z,KXBTC15M-26OCT042345-45,0.0160,3.55,yes
2026-10-05T03:41:11.962546Z,KXBTC15M-26OCT042345-45,0.0160,5.82,yes
2026-10-05T03:41:11.986153Z,KXBTC15M-26OCT042345-45,0.0160,17.25,yes
2026-10-05T03:41:11.994891Z,KXBTC15M-26OCT042345-45,0.0160,15.00,yes
2026-10-05T03:41:11.994891Z,KXBTC15M-26OCT042345-45,0.0160,593.00,yes
2026-10-05T03:41:11.994891Z,KXBTC15M-26OCT042345-45,0.0160,9.38,yes
2026-10-05T03:41:11.994891Z,KXBTC15M-26OCT042345-45,0.0160,57.23,yes
2026-10-05T03:41:11.994891Z,KXBTC15M-26OCT042345-45,0.0160,0.01,yes
2026-10-05T03:41:11.994891Z,KXBTC15M-26OCT042345-45,0.0160,13.00,yes
2026-10-05T03:41:11.994891Z,KXBTC15M-26OCT042345-45,0.0160,0.01,yes
2026-10-05T03:41:12.012512Z,KXBTC15M-26OCT042345-45,0.0150,0.01,no
2026-10-05T03:41:12.012512Z,KXBTC15M-26OCT042345-45,0.0150,2.00,no
2026-10-05T03:41:12.012512Z,KXBTC15M-26OCT042345-45,0.0150,0.01,no
2026-10-05T03:41:12.022357Z,KXBTC15M-26OCT042345-45,0.0160,45.02,yes
2026-10-05T03:41:12.08381Z,KXBTC15M-26OCT042345-45,0.0160,0.40,yes
2026-10-05T03:41:12.097335Z,KXBTC15M-26OCT042345-45,0.0170,485.23,yes
2026-10-05T03:41:12.097335Z,KXBTC15M-26OCT042345-45,0.0160,97.35,yes
2026-10-05T03:41:12.097335Z,KXBTC15M-26OCT042345-45,0.0160,0.02,yes
2026-10-05T03:41:12.097335Z,KXBTC15M-26OCT042345-45,0.0160,0.01,yes
2026-10-05T03:41:12.097335Z,KXBTC15M-26OCT042345-45,0.0160,15.00,yes
2026-10-05T03:41:12.097335Z,KXBTC15M-26OCT042345-45,0.0160,1817.88,yes
2026-10-05T03:41:12.097335Z,KXBTC15M-26OCT042345-45,0.0160,100.00,yes
2026-10-05T03:41:12.097335Z,KXBTC15M-26OCT042345-45,0.0160,0.01,yes
2026-10-05T03:41:12.153614Z,KXBTC15M-26OCT042345-45,0.0150,123.39,no
2026-10-05T03:41:12.153614Z,KXBTC15M-26OCT042345-45,0.0150,15.00,no
2026-10-05T03:41:12.153614Z,KXBTC15M-26OCT042345-45,0.0150,100.00,no
2026-10-05T03:41:12.153614Z,KXBTC15M-26OCT042345-45,0.0150,13.00,no
2026-10-05T03:41:12.153614Z,KXBTC15M-26OCT042345-45,0.0150,400.00,no
2026-10-05T03:41:12.153614Z,KXBTC15M-26OCT042345-45,0.0150,15.00,no
2026-10-05T03:41:12.153614Z,KXBTC15M-26OCT042345-45,0.0150,366.00,no
2026-10-05T03:41:12.153614Z,KXBTC15M-26OCT042345-45,0.0150,0.01,no
2026-10-05T03:41:12.153614Z,KXBTC15M-26OCT042345-45,0.0150,0.01,no
2026-10-05T03:41:12.237895Z,KXBTC15M-26OCT042345-45,0.0150,27.89,no
2026-10-05T03:41:12.291338Z,KXBTC15M-26OCT042345-45,0.0160,0.01,yes
2026-10-05T03:41:12.291338Z,KXBTC15M-26OCT042345-45,0.0160,3.16,yes
2026-10-05T03:41:12.291338Z,KXBTC15M-26OCT042345-45,0.0160,0.01,yes
2026-10-05T03:41:12.311531Z,KXBTC15M-26OCT042345-45,0.0170,9.52,yes
2026-10-05T03:41:12.311531Z,KXBTC15M-26OCT042345-45,0.0160,11.84,yes
2026-10-05T03:41:12.311531Z,KXBTC15M-26OCT042345-45,0.0160,0.02,yes
2026-10-05T03:41:12.311531Z,KXBTC15M-26OCT042345-45,0.0160,0.01,yes
2026-10-05T03:41:12.311531Z,KXBTC15M-26OCT042345-45,0.0160,0.01,yes
2026-10-05T03:41:12.396241Z,KXBTC15M-26OCT042345-45,0.0170,0.02,yes
2026-10-05T03:41:12.396241Z,KXBTC15M-26OCT042345-45,0.0170,0.01,yes
2026-10-05T03:41:12.396241Z,KXBTC15M-26OCT042345-45,0.0170,13.00,yes
2026-10-05T03:41:12.396241Z,KXBTC15M-26OCT042345-45,0.0170,0.28,yes
2026-10-05T03:41:12.396241Z,KXBTC15M-26OCT042345-45,0.0170,0.01,yes
2026-10-05T03:41:12.442585Z,KXBTC15M-26OCT042345-45,0.0160,0.01,no
2026-10-05T03:41:12.442585Z,KXBTC15M-26OCT042345-45,0.0160,16.10,no
2026-10-05T03:41:12.442585Z,KXBTC15M-26OCT042345-45,0.0160,0.10,no
2026-10-05T03:41:12.442585Z,KXBTC15M-26OCT042345-45,0.0160,0.01,no
2026-10-05T03:41:12.447921Z,KXBTC15M-26OCT042345-45,0.0180,17.82,yes
2026-10-05T03:41:12.447921Z,KXBTC15M-26OCT042345-45,0.0170,0.01,yes
2026-10-05T03:41:12.447921Z,KXBTC15M-26OCT042345-45,0.0170,0.01,yes
2026-10-05T03:41:12.447921Z,KXBTC15M-26OCT042345-45,0.0170,15.00,yes
2026-10-05T03:41:12.447921Z,KXBTC15M-26OCT042345-45,0.0170,14.72,yes
2026-10-05T03:41:12.447921Z,KXBTC15M-26OCT042345-45,0.0170,13.00,yes
2026-10-05T03:41:12.51959Z,KXBTC15M-26OCT042345-45,0.0170,14.66,yes
2026-10-05T03:41:12.51959Z,KXBTC15M-26OCT042345-45,0.0170,13.00,yes
2026-10-05T03:41:12.573203Z,KXBTC15M-26OCT042345-45,0.0160,1.63,no
2026-10-05T03:41:12.626867Z,KXBTC15M-26OCT042345-45,0.0170,0.69,yes
2026-10-05T03:41:12.626867Z,KXBTC15M-26OCT042345-45,0.0170,0.01,yes
2026-10-05T03:41:12.626867Z,KXBTC15M-26OCT042345-45,0.0170,0.01,yes
2026-10-05T03:41:12.626867Z,KXBTC15M-26OCT042345-45,0.0170,0.34,yes
2026-10-05T03:41:12.626867Z,KXBTC15M-26OCT042345-45,0.0170,1.00,yes
2026-10-05T03:41:12.826597Z,KXBTC15M-26OCT042345-45,0.0170,48.00,yes
2026-10-05T03:41:12.826597Z,KXBTC15M-26OCT042345-45,0.0170,0.01,yes
2026-10-05T03:41:12.826597Z,KXBTC15M-26OCT042345-45,0.0170,0.01,yes
2026-10-05T03:41:12.826597Z,KXBTC15M-26OCT042345-45,0.0170,12.31,yes
2026-10-05T03:41:12.826597Z,KXBTC15M-26OCT042345-45,0.0170,0.02,yes
2026-10-05T03:41:12.826597Z,KXBTC15M-26OCT042345-45,0.0170,189.65,yes
2026-10-05T03:41:12.830264Z,KXBTC15M-26OCT042345-45,0.0170,0.69,yes
2026-10-05T03:41:12.830264Z,KXBTC15M-26OCT042345-45,0.0170,10.35,yes
2026-10-05T03:41:12.830264Z,KXBTC15M-26OCT042345-45,0.0170,14.64,yes
2026-10-05T03:41:12.839309Z,KXBTC15M-26OCT042345-45,0.0170,0.36,yes
2026-10-05T03:41:12.839309Z,KXBTC15M-26OCT042345-45,0.0170,270.01,yes
2026-10-05T03:41:12.865403Z,KXBTC15M-26OCT042345-45,0.0170,52.30,yes
2026-10-05T03:41:13.052513Z,KXBTC15M-26OCT042345-45,0.0170,163.69,yes
2026-10-05T03:41:13.052513Z,KXBTC15M-26OCT042345-45,0.0170,50.00,yes
2026-10-05T03:41:13.052513Z,KXBTC15M-26OCT042345-45,0.0170,0.01,yes
2026-10-05T03:41:13.052513Z,KXBTC15M-26OCT042345-45,0.0170,1.00,yes
2026-10-05T03:41:13.052513Z,KXBTC15M-26OCT042345-45,0.0170,0.10,yes
2026-10-05T03:41:13.052513Z,KXBTC15M-26OCT042345-45,0.0170,33.12,yes
2026-10-05T03:41:13.052513Z,KXBTC15M-26OCT042345-45,0.0170,12.31,yes
2026-10-05T03:41:13.104162Z,KXBTC15M-26OCT042345-45,0.0180,33.93,yes
2026-10-05T03:41:13.133435Z,KXBTC15M-26OCT042345-45,0.0170,70.00,no
2026-10-05T03:41:13.133435Z,KXBTC15M-26OCT042345-45,0.0170,9.00,no
2026-10-05T03:41:13.133435Z,KXBTC15M-26OCT042345-45,0.0170,70.00,no
2026-10-05T03:41:13.143392Z,KXBTC15M-26OCT042345-45,0.0180,12.89,yes
2026-10-05T03:41:13.195204Z,KXBTC15M-26OCT042345-45,0.0170,3.94,no
2026-10-05T03:41:13.195204Z,KXBTC15M-26OCT042345-45,0.0170,0.01,no
2026-10-05T03:41:13.195204Z,KXBTC15M-26OCT042345-45,0.0170,0.01,no
2026-10-05T03:41:13.195204Z,KXBTC15M-26OCT042345-45,0.0170,0.10,no
2026-10-05T03:41:13.312648Z,KXBTC15M-26OCT042345-45,0.0170,5.07,no
2026-10-05T03:41:13.400881Z,KXBTC15M-26OCT042345-45,0.0170,0.96,no
2026-10-05T03:41:13.448848Z,KXBTC15M-26OCT042345-45,0.0180,102.61,yes
2026-10-05T03:41:13.542321Z,KXBTC15M-26OCT042345-45,0.0170,23.19,no
2026-10-05T03:41:13.612997Z,KXBTC15M-26OCT042345-45,0.0170,10.16,no
2026-10-05T03:41:13.675469Z,KXBTC15M-26OCT042345-45,0.0170,7.11,no
2026-10-05T03:41:13.681856Z,KXBTC15M-26OCT042345-45,0.0180,2.40,yes
2026-10-05T03:41:13.706561Z,KXBTC15M-26OCT042345-45,0.0180,42.35,yes
2026-10-05T03:41:13.706561Z,KXBTC15M-26OCT042345-45,0.0180,9.63,yes
2026-10-05T03:41:13.710439Z,KXBTC15M-26OCT042345-45,0.0180,0.02,yes
2026-10-05T03:41:13.710439Z,KXBTC15M-26OCT042345-45,0.0180,15.00,yes
2026-10-05T03:41:13.710439Z,KXBTC15M-26OCT042345-45,0.0180,412.00,yes
2026-10-05T03:41:13.710439Z,KXBTC15M-26OCT042345-45,0.0180,13.00,yes
2026-10-05T03:41:13.710439Z,KXBTC15M-26OCT042345-45,0.0180,3.26,yes
2026-10-05T03:41:13.710439Z,KXBTC15M-26OCT042345-45,0.0180,1.00,yes
2026-10-05T03:41:13.710439Z,KXBTC15M-26OCT042345-45,0.0180,0.01,yes
2026-10-05T03:41:13.710439Z,KXBTC15M-26OCT042345-45,0.0180,0.01,yes
2026-10-05T03:41:13.710439Z,KXBTC15M-26OCT042345-45,0.0180,263.06,yes
2026-10-05T03:41:13.710439Z,KXBTC15M-26OCT042345-45,0.0180,72.37,yes
2026-10-05T03:41:13.78178Z,KXBTC15M-26OCT042345-45,0.0180,159.17,yes
2026-10-05T03:41:13.78178Z,KXBTC15M-26OCT042345-45,0.0180,96.74,yes
2026-10-05T03:41:13.78178Z,KXBTC15M-26OCT042345-45,0.0180,4.00,yes
2026-10-05T03:41:13.904874Z,KXBTC15M-26OCT042345-45,0.0170,3.04,no
2026-10-05T03:41:14.033645Z,KXBTC15M-26OCT042345-45,0.0160,210.35,no
2026-10-05T03:41:14.033645Z,KXBTC15M-26OCT042345-45,0.0160,15.00,no
2026-10-05T03:41:14.033645Z,KXBTC15M-26OCT042345-45,0.0160,15.00,no
2026-10-05T03:41:14.033645Z,KXBTC15M-26OCT042345-45,0.0160,15.00,no
2026-10-05T03:41:14.033645Z,KXBTC15M-26OCT042345-45,0.0170,323.00,no
2026-10-05T03:41:14.033645Z,KXBTC15M-26OCT042345-45,0.0170,0.01,no
2026-10-05T03:41:14.033645Z,KXBTC15M-26OCT042345-45,0.0170,0.10,no
2026-10-05T03:41:14.033645Z,KXBTC15M-26OCT042345-45,0.0170,35.00,no
2026-10-05T03:41:14.033645Z,KXBTC15M-26OCT042345-45,0.0170,0.01,no
2026-10-05T03:41:14.033645Z,KXBTC15M-26OCT042345-45,0.0170,31.53,no
2026-10-05T03:41:14.075635Z,KXBTC15M-26OCT042345-45,0.0180,100.00,yes
2026-10-05T03:41:14.075635Z,KXBTC15M-26OCT042345-45,0.0180,400.00,yes
2026-10-05T03:41:14.075635Z,KXBTC15M-26OCT042345-45,0.0180,1.00,yes
2026-10-05T03:41:14.075635Z,KXBTC15M-26OCT042345-45,0.0180,13.00,yes
2026-10-05T03:41:14.075635Z,KXBTC15M-26OCT042345-45,0.0180,129.13,yes
2026-10-05T03:41:14.075635Z,KXBTC15M-26OCT042345-45,0.0180,4.00,yes
2026-10-05T03:41:14.075635Z,KXBTC15M-26OCT042345-45,0.0180,30.00,yes
2026-10-05T03:41:14.103718Z,KXBTC15M-26OCT042345-45,0.0180,259.91,yes
2026-10-05T03:41:14.127269Z,KXBTC15M-26OCT042345-45,0.0160,87.08,no
2026-10-05T03:41:14.127269Z,KXBTC15M-26OCT042345-45,0.0170,0.01,no
2026-10-05T03:41:14.127269Z,KXBTC15M-26OCT042345-45,0.0170,0.01,no
2026-10-05T03:41:14.127269Z,KXBTC15M-26OCT042345-45,0.0170,8.48,no
2026-10-05T03:41:14.159024Z,KXBTC15M-26OCT042345-45,0.0190,365.70,yes
2026-10-05T03:41:14.159024Z,KXBTC15M-26OCT042345-45,0.0180,791.00,yes
2026-10-05T03:41:14.159024Z,KXBTC15M-26OCT042345-45,0.0170,269.25,yes
2026-10-05T03:41:14.159024Z,KXBTC15M-26OCT042345-45,0.0170,0.10,yes
2026-10-05T03:41:14.159024Z,KXBTC15M-26OCT042345-45,0.0180,0.01,yes
2026-10-05T03:41:14.159024Z,KXBTC15M-26OCT042345-45,0.0170,15.00,yes
2026-10-05T03:41:14.159024Z,KXBTC15M-26OCT042345-45,0.0170,15.00,yes
2026-10-05T03:41:14.159024Z,KXBTC15M-26OCT042345-45,0.0170,35.00,yes
2026-10-05T03:41:14.159024Z,KXBTC15M-26OCT042345-45,0.0180,0.01,yes
2026-10-05T03:41:14.159024Z,KXBTC15M-26OCT042345-45,0.0170,0.01,yes
2026-10-05T03:41:14.159024Z,KXBTC15M-26OCT042345-45,0.0170,100.00,yes
2026-10-05T03:41:14.159024Z,KXBTC15M-26OCT042345-45,0.0180,13.00,yes
2026-10-05T03:41:14.159024Z,KXBTC15M-26OCT042345-45,0.0180,200.00,yes
2026-10-05T03:41:14.159024Z,KXBTC15M-26OCT042345-45,0.0180,1.00,yes
2026-10-05T03:41:14.159024Z,KXBTC15M-26OCT042345-45,0.0170,0.01,yes
2026-10-05T03:41:14.180432Z,KXBTC15M-26OCT042345-45,0.0180,59.79,yes
2026-10-05T03:41:14.198364Z,KXBTC15M-26OCT042345-45,0.0190,182.51,yes
2026-10-05T03:41:14.198364Z,KXBTC15M-26OCT042345-45,0.0190,681.30,yes
2026-10-05T03:41:14.198364Z,KXBTC15M-26OCT042345-45,0.0190,15.00,yes
2026-10-05T03:41:14.198364Z,KXBTC15M-26OCT042345-45,0.0180,400.00,yes
2026-10-05T03:41:14.198364Z,KXBTC15M-26OCT042345-45,0.0180,13.00,yes
2026-10-05T03:41:14.198364Z,KXBTC15M-26OCT042345-45,0.0180,4.00,yes
2026-10-05T03:41:14.268414Z,KXBTC15M-26OCT042345-45,0.0170,9.76,no
2026-10-05T03:41:14.336545Z,KXBTC15M-26OCT042345-45,0.0190,384.00,yes
2026-10-05T03:41:14.336545Z,KXBTC15M-26OCT042345-45,0.0190,256.00,yes
2026-10-05T03:41:14.336545Z,KXBTC15M-26OCT042345-45,0.0190,384.00,yes
2026-10-05T03:41:14.336545Z,KXBTC15M-26OCT042345-45,0.0190,256.00,yes
2026-10-05T03:41:14.336545Z,KXBTC15M-26OCT042345-45,0.0190,16.45,yes
2026-10-05T03:41:14.336545Z,KXBTC15M-26OCT042345-45,0.0190,256.00,yes
2026-10-05T03:41:14.336545Z,KXBTC15M-26OCT042345-45,0.0190,201.49,yes
2026-10-05T03:41:14.336545Z,KXBTC15M-26OCT042345-45,0.0180,100.00,yes
2026-10-05T03:41:14.336545Z,KXBTC15M-26OCT042345-45,0.0180,13.00,yes
2026-10-05T03:41:14.336545Z,KXBTC15M-26OCT042345-45,0.0180,200.00,yes
2026-10-05T03:41:14.336545Z,KXBTC15M-26OCT042345-45,0.0180,15.00,yes
2026-10-05T03:41:14.336545Z,KXBTC15M-26OCT042345-45,0.0180,400.00,yes
2026-10-05T03:41:14.412846Z,KXBTC15M-26OCT042345-45,0.0180,15.00,yes
2026-10-05T03:41:14.412846Z,KXBTC15M-26OCT042345-45,0.0180,78.04,yes
2026-10-05T03:41:14.46848Z,KXBTC15M-26OCT042345-45,0.0170,50.00,no
2026-10-05T03:41:14.517521Z,KXBTC15M-26OCT042345-45,0.0180,136.81,yes
2026-10-05T03:41:14.530415Z,KXBTC15M-26OCT042345-45,0.0190,253.23,yes
2026-10-05T03:41:14.530415Z,KXBTC15M-26OCT042345-45,0.0190,256.00,yes
2026-10-05T03:41:14.530415Z,KXBTC15M-26OCT042345-45,0.0190,239.55,yes
2026-10-05T03:41:14.530415Z,KXBTC15M-26OCT042345-45,0.0180,1.00,yes
2026-10-05T03:41:14.530415Z,KXBTC15M-26OCT042345-45,0.0180,100.00,yes
2026-10-05T03:41:14.530415Z,KXBTC15M-26OCT042345-45,0.0180,1.06,yes
2026-10-05T03:41:14.563821Z,KXBTC15M-26OCT042345-45,0.0190,2.77,yes
2026-10-05T03:41:14.563821Z,KXBTC15M-26OCT042345-45,0.0190,213.90,yes
2026-10-05T03:41:14.616592Z,KXBTC15M-26OCT042345-45,0.0180,3.93,no
2026-10-05T03:41:14.616592Z,KXBTC15M-26OCT042345-45,0.0180,0.01,no
2026-10-05T03:41:14.616592Z,KXBTC15M-26OCT042345-45,0.0180,0.01,no
2026-10-05T03:41:14.64061Z,KXBTC15M-26OCT042345-45,0.0170,99.00,no
2026-10-05T03:41:14.64061Z,KXBTC15M-26OCT042345-45,0.0170,12.00,no
2026-10-05T03:41:14.64061Z,KXBTC15M-26OCT042345-45,0.0170,1000.00,no
2026-10-05T03:41:14.64061Z,KXBTC15M-26OCT042345-45,0.0160,15.00,no
2026-10-05T03:41:14.64061Z,KXBTC15M-26OCT042345-45,0.0170,1.00,no
2026-10-05T03:41:14.64061Z,KXBTC15M-26OCT042345-45,0.0160,200.00,no
2026-10-05T03:41:14.64061Z,KXBTC15M-26OCT042345-45,0.0160,15.00,no
2026-10-05T03:41:14.64061Z,KXBTC15M-26OCT042345-45,0.0180,0.10,no
2026-10-05T03:41:14.64061Z,KXBTC15M-26OCT042345-45,0.0170,46.99,no
2026-10-05T03:41:14.64061Z,KXBTC15M-26OCT042345-45,0.0170,0.01,no
2026-10-05T03:41:14.64061Z,KXBTC15M-26OCT042345-45,0.0170,0.01,no
2026-10-05T03:41:14.64061Z,KXBTC15M-26OCT042345-45,0.0160,15.00,no
2026-10-05T03:41:14.64061Z,KXBTC15M-26OCT042345-45,0.0170,15.00,no
2026-10-05T03:41:14.64061Z,KXBTC15M-26OCT042345-45,0.0180,0.01,no
2026-10-05T03:41:14.64061Z,KXBTC15M-26OCT042345-45,0.0180,610.00,no
2026-10-05T03:41:14.64061Z,KXBTC15M-26OCT042345-45,0.0170,15.00,no
2026-10-05T03:41:14.64061Z,KXBTC15M-26OCT042345-45,0.0180,0.01,no
2026-10-05T03:41:14.64061Z,KXBTC15M-26OCT042345-45,0.0160,15.00,no
2026-10-05T03:41:14.64061Z,KXBTC15M-26OCT042345-45,0.0160,89.81,no
2026-10-05T03:41:14.642696Z,KXBTC15M-26OCT042345-45,0.0160,319.00,no
2026-10-05T03:41:14.85179Z,KXBTC15M-26OCT042345-45,0.0170,32.65,no
2026-10-05T03:41:14.85179Z,KXBTC15M-26OCT042345-45,0.0180,0.01,no
2026-10-05T03:41:14.85179Z,KXBTC15M-26OCT042345-45,0.0180,0.01,no
2026-10-05T03:41:14.891371Z,KXBTC15M-26OCT042345-45,0.0190,140.43,yes
2026-10-05T03:41:14.891371Z,KXBTC15M-26OCT042345-45,0.0190,170.10,yes
2026-10-05T03:41:14.891371Z,KXBTC15M-26OCT042345-45,0.0180,0.01,yes
2026-10-05T03:41:14.891371Z,KXBTC15M-26OCT042345-45,0.0180,400.00,yes
2026-10-05T03:41:14.891371Z,KXBTC15M-26OCT042345-45,0.0180,15.00,yes
2026-10-05T03:41:14.891371Z,KXBTC15M-26OCT042345-45,0.0180,0.01,yes
2026-10-05T03:41:14.891371Z,KXBTC15M-26OCT042345-45,0.0180,100.00,yes
2026-10-05T03:41:14.891371Z,KXBTC15M-26OCT042345-45,0.0180,0.10,yes
2026-10-05T03:41:14.891371Z,KXBTC15M-26OCT042345-45,0.0180,15.00,yes
2026-10-05T03:41:14.940539Z,KXBTC15M-26OCT042345-45,0.0170,593.84,no
2026-10-05T03:41:14.941964Z,KXBTC15M-26OCT042345-45,0.0180,0.01,yes
2026-10-05T03:41:14.941964Z,KXBTC15M-26OCT042345-45,0.0180,100.00,yes
2026-10-05T03:41:14.941964Z,KXBTC15M-26OCT042345-45,0.0180,0.01,yes
2026-10-05T03:41:14.941964Z,KXBTC15M-26OCT042345-45,0.0180,3.94,yes
2026-10-05T03:41:14.948753Z,KXBTC15M-26OCT042345-45,0.0180,3.00,yes
2026-10-05T03:41:15.008471Z,KXBTC15M-26OCT042345-45,0.0180,40.19,yes
2026-10-05T03:41:15.008471Z,KXBTC15M-26OCT042345-45,0.0180,1.00,yes
2026-10-05T03:41:15.008471Z,KXBTC15M-26OCT042345-45,0.0180,8.06,yes
2026-10-05T03:41:15.02245Z,KXBTC15M-26OCT042345-45,0.0170,13.16,no
2026-10-05T03:41:15.02245Z,KXBTC15M-26OCT042345-45,0.0170,0.01,no
2026-10-05T03:41:15.02245Z,KXBTC15M-26OCT042345-45,0.0170,0.01,no
2026-10-05T03:41:15.032042Z,KXBTC15M-26OCT042345-45,0.0180,2.00,yes
2026-10-05T03:41:15.044619Z,KXBTC15M-26OCT042345-45,0.0180,49.25,yes
2026-10-05T03:41:15.20073Z,KXBTC15M-26OCT042345-45,0.0170,1.14,no
2026-10-05T03:41:15.30674Z,KXBTC15M-26OCT042345-45,0.0180,51.98,yes
2026-10-05T03:41:15.432701Z,KXBTC15M-26OCT042345-45,0.0170,3.60,no
2026-10-05T03:41:15.432701Z,KXBTC15M-26OCT042345-45,0.0170,0.70,no
2026-10-05T03:41:15.432701Z,KXBTC15M-26OCT042345-45,0.0170,15.00,no
2026-10-05T03:41:15.462963Z,KXBTC15M-26OCT042345-45,0.0170,0.01,no
2026-10-05T03:41:15.462963Z,KXBTC15M-26OCT042345-45,0.0170,11.40,no
2026-10-05T03:41:15.462963Z,KXBTC15M-26OCT042345-45,0.0170,0.10,no
2026-10-05T03:41:15.462963Z,KXBTC15M-26OCT042345-45,0.0170,0.01,no
2026-10-05T03:41:15.462963Z,KXBTC15M-26OCT042345-45,0.0170,17.42,no
2026-10-05T03:41:15.478939Z,KXBTC15M-26OCT042345-45,0.0170,71.71,no
2026-10-05T03:41:15.478939Z,KXBTC15M-26OCT042345-45,0.0170,80.58,no
2026-10-05T03:41:15.491024Z,KXBTC15M-26OCT042345-45,0.0180,0.01,yes
2026-10-05T03:41:15.491024Z,KXBTC15M-26OCT042345-45,0.0180,0.01,yes
2026-10-05T03:41:15.491024Z,KXBTC15M-26OCT042345-45,0.0180,0.10,yes
2026-10-05T03:41:15.491024Z,KXBTC15M-26OCT042345-45,0.0180,256.58,yes
2026-10-05T03:41:15.491024Z,KXBTC15M-26OCT042345-45,0.0180,1.00,yes
2026-10-05T03:41:15.491024Z,KXBTC15M-26OCT042345-45,0.0180,100.00,yes
2026-10-05T03:41:15.491024Z,KXBTC15M-26OCT042345-45,0.0180,134.79,yes
2026-10-05T03:41:15.496414Z,KXBTC15M-26OCT042345-45,0.0170,0.01,no
2026-10-05T03:41:15.496414Z,KXBTC15M-26OCT042345-45,0.0170,0.01,no
2026-10-05T03:41:15.51416Z,KXBTC15M-26OCT042345-45,0.0170,0.10,yes
2026-10-05T03:41:15.51416Z,KXBTC15M-26OCT042345-45,0.0170,15.00,yes
2026-10-05T03:41:15.51416Z,KXBTC15M-26OCT042345-45,0.0170,0.01,yes
2026-10-05T03:41:15.737166Z,KXBTC15M-26OCT042345-45,0.0170,2.18,no
2026-10-05T03:41:15.745172Z,KXBTC15M-26OCT042345-45,0.0170,2.71,no
2026-10-05T03:41:15.745172Z,KXBTC15M-26OCT042345-45,0.0170,2.29,no
2026-10-05T03:41:15.764619Z,KXBTC15M-26OCT042345-45,0.0170,55.88,no
2026-10-05T03:41:15.807905Z,KXBTC15M-26OCT042345-45,0.0180,7.17,yes
2026-10-05T03:41:15.834703Z,KXBTC15M-26OCT042345-45,0.0180,103.96,yes
2026-10-05T03:41:15.844814Z,KXBTC15M-26OCT042345-45,0.0180,51.98,yes
2026-10-05T03:41:15.871505Z,KXBTC15M-26OCT042345-45,0.0180,20.10,yes
2026-10-05T03:41:15.871505Z,KXBTC15M-26OCT042345-45,0.0180,5.89,yes
2026-10-05T03:41:15.904021Z,KXBTC15M-26OCT042345-45,0.0180,86.49,yes
2026-10-05T03:41:15.904021Z,KXBTC15M-26OCT042345-45,0.0180,444.11,yes
2026-10-05T03:41:15.911448Z,KXBTC15M-26OCT042345-45,0.0180,15.00,yes
2026-10-05T03:41:15.911448Z,KXBTC15M-26OCT042345-45,0.0180,38.49,yes
2026-10-05T03:41:15.911448Z,KXBTC15M-26OCT042345-45,0.0180,113.51,yes
2026-10-05T03:41:15.911448Z,KXBTC15M-26OCT042345-45,0.0180,5.00,yes
2026-10-05T03:41:15.916392Z,KXBTC15M-26OCT042345-45,0.0170,4.18,no
2026-10-05T03:41:15.933218Z,KXBTC15M-26OCT042345-45,0.0170,60.27,no
2026-10-05T03:41:15.933218Z,KXBTC15M-26OCT042345-45,0.0170,7.65,no
2026-10-05T03:41:15.959176Z,KXBTC15M-26OCT042345-45,0.0170,0.02,no
2026-10-05T03:41:16.00679Z,KXBTC15M-26OCT042345-45,0.0180,25.99,yes
2026-10-05T03:41:16.217577Z,KXBTC15M-26OCT042345-45,0.0170,12.00,no
2026-10-05T03:41:16.217577Z,KXBTC15M-26OCT042345-45,0.0170,274.35,no
2026-10-05T03:41:16.217577Z,KXBTC15M-26OCT042345-45,0.0170,0.01,no
2026-10-05T03:41:16.217577Z,KXBTC15M-26OCT042345-45,0.0170,0.10,no
2026-10-05T03:41:16.217577Z,KXBTC15M-26OCT042345-45,0.0170,323.00,no
2026-10-05T03:41:16.312319Z,KXBTC15M-26OCT042345-45,0.0180,35.52,yes
2026-10-05T03:41:16.312319Z,KXBTC15M-26OCT042345-45,0.0180,0.01,yes
2026-10-05T03:41:16.312319Z,KXBTC15M-26OCT042345-45,0.0180,0.01,yes
2026-10-05T03:41:16.312319Z,KXBTC15M-26OCT042345-45,0.0180,16.42,yes
2026-10-05T03:41:16.312319Z,KXBTC15M-26OCT042345-45,0.0180,0.02,yes
2026-10-05T03:41:16.383371Z,KXBTC15M-26OCT042345-45,0.0180,49.25,yes
2026-10-05T03:41:16.397569Z,KXBTC15M-26OCT042345-45,0.0180,25.55,yes
2026-10-05T03:41:16.415735Z,KXBTC15M-26OCT042345-45,0.0160,221.96,no
2026-10-05T03:41:16.415735Z,KXBTC15M-26OCT042345-45,0.0170,0.01,no
2026-10-05T03:41:16.415735Z,KXBTC15M-26OCT042345-45,0.0170,0.01,no
2026-10-05T03:41:16.415735Z,KXBTC15M-26OCT042345-45,0.0160,100.00,no
2026-10-05T03:41:16.415735Z,KXBTC15M-26OCT042345-45,0.0160,2732.19,no
2026-10-05T03:41:16.449523Z,KXBTC15M-26OCT042345-45,0.0130,100.00,no
2026-10-05T03:41:16.449523Z,KXBTC15M-26OCT042345-45,0.0160,15.00,no
2026-10-05T03:41:16.449523Z,KXBTC15M-26OCT042345-45,0.0160,127.83,no
2026-10-05T03:41:16.449523Z,KXBTC15M-26OCT042345-45,0.0150,435.00,no
2026-10-05T03:41:16.449523Z,KXBTC15M-26OCT042345-45,0.0130,14.00,no
2026-10-05T03:41:16.449523Z,KXBTC15M-26OCT042345-45,0.0140,150.00,no
2026-10-05T03:41:16.449523Z,KXBTC15M-26OCT042345-45,0.0160,0.01,no
2026-10-05T03:41:16.449523Z,KXBTC15M-26OCT042345-45,0.0160,0.01,no
2026-10-05T03:41:16.449523Z,KXBTC15M-26OCT042345-45,0.0160,343.00,no
2026-10-05T03:41:16.449523Z,KXBTC15M-26OCT042345-45,0.0120,2.00,no
2026-10-05T03:41:16.449523Z,KXBTC15M-26OCT042345-45,0.0120,10.00,no
2026-10-05T03:41:16.449523Z,KXBTC15M-26OCT042345-45,0.0130,10.00,no
2026-10-05T03:41:16.449523Z,KXBTC15M-26OCT042345-45,0.0130,17.00,no
2026-10-05T03:41:16.449523Z,KXBTC15M-26OCT042345-45,0.0140,17.00,no
2026-10-05T03:41:16.449523Z,KXBTC15M-26OCT042345-45,0.0120,2.00,no
2026-10-05T03:41:16.449523Z,KXBTC15M-26OCT042345-45,0.0130,24.00,no
2026-10-05T03:41:16.449523Z,KXBTC15M-26OCT042345-45,0.0130,2.00,no
2026-10-05T03:41:16.449523Z,KXBTC15M-26OCT042345-45,0.0130,10.00,no
2026-10-05T03:41:16.449523Z,KXBTC15M-26OCT042345-45,0.0150,15.00,no
2026-10-05T03:41:16.449523Z,KXBTC15M-26OCT042345-45,0.0150,15.00,no
2026-10-05T03:41:16.449523Z,KXBTC15M-26OCT042345-45,0.0120,1824.90,no
2026-10-05T03:41:16.486882Z,KXBTC15M-26OCT042345-45,0.0150,96.55,no
2026-10-05T03:41:16.499406Z,KXBTC15M-26OCT042345-45,0.0160,1.29,yes
2026-10-05T03:41:16.521544Z,KXBTC15M-26OCT042345-45,0.0150,1.98,no
2026-10-05T03:41:16.552944Z,KXBTC15M-26OCT042345-45,0.0160,22.90,yes
2026-10-05T03:41:16.561691Z,KXBTC15M-26OCT042345-45,0.0160,30.65,yes
2026-10-05T03:41:16.57695Z,KXBTC15M-26OCT042345-45,0.0150,0.01,no
2026-10-05T03:41:16.583949Z,KXBTC15M-26OCT042345-45,0.0160,15.16,yes
2026-10-05T03:41:16.583949Z,KXBTC15M-26OCT042345-45,0.0160,16.71,yes
2026-10-05T03:41:16.583949Z,KXBTC15M-26OCT042345-45,0.0160,0.01,yes
2026-10-05T03:41:16.583949Z,KXBTC15M-26OCT042345-45,0.0160,70.00,yes
2026-10-05T03:41:16.583949Z,KXBTC15M-26OCT042345-45,0.0160,70.00,yes
2026-10-05T03:41:16.583949Z,KXBTC15M-26OCT042345-45,0.0160,70.00,yes
2026-10-05T03:41:16.583949Z,KXBTC15M-26OCT042345-45,0.0160,70.00,yes
2026-10-05T03:41:16.583949Z,KXBTC15M-26OCT042345-45,0.0160,0.01,yes
2026-10-05T03:41:16.587863Z,KXBTC15M-26OCT042345-45,0.0160,15.00,yes
2026-10-05T03:41:16.587863Z,KXBTC15M-26OCT042345-45,0.0160,13.00,yes
2026-10-05T03:41:16.587863Z,KXBTC15M-26OCT042345-45,0.0160,15.00,yes
2026-10-05T03:41:16.587863Z,KXBTC15M-26OCT042345-45,0.0160,0.10,yes
2026-10-05T03:41:16.587863Z,KXBTC15M-26OCT042345-45,0.0160,183.29,yes
2026-10-05T03:41:16.587863Z,KXBTC15M-26OCT042345-45,0.0160,0.10,yes
2026-10-05T03:41:16.587863Z,KXBTC15M-26OCT042345-45,0.0160,88.18,yes
2026-10-05T03:41:16.587863Z,KXBTC15M-26OCT042345-45,0.0160,273.33,yes
2026-10-05T03:41:16.66902Z,KXBTC15M-26OCT042345-45,0.0150,47.98,no
2026-10-05T03:41:16.66902Z,KXBTC15M-26OCT042345-45,0.0150,0.01,no
2026-10-05T03:41:16.736631Z,KXBTC15M-26OCT042345-45,0.0160,68.00,yes
2026-10-05T03:41:16.761094Z,KXBTC15M-26OCT042345-45,0.0160,12.99,yes
2026-10-05T03:41:16.785734Z,KXBTC15M-26OCT042345-45,0.0150,5.07,no
2026-10-05T03:41:16.856128Z,KXBTC15M-26OCT042345-45,0.0150,30.78,no
2026-10-05T03:41:16.866113Z,KXBTC15M-26OCT042345-45,0.0160,5.82,yes
2026-10-05T03:41:16.866113Z,KXBTC15M-26OCT042345-45,0.0160,0.01,yes
2026-10-05T03:41:16.866113Z,KXBTC15M-26OCT042345-45,0.0160,0.01,yes
2026-10-05T03:41:16.898297Z,KXBTC15M-26OCT042345-45,0.0150,69.69,no
2026-10-05T03:41:16.90432Z,KXBTC15M-26OCT042345-45,0.0160,1.00,yes
2026-10-05T03:41:16.90432Z,KXBTC15M-26OCT042345-45,0.0160,0.01,yes
2026-10-05T03:41:16.90432Z,KXBTC15M-26OCT042345-45,0.0160,9.18,yes
2026-10-05T03:41:16.90432Z,KXBTC15M-26OCT042345-45,0.0160,0.01,yes
2026-10-05T03:41:16.915225Z,KXBTC15M-26OCT042345-45,0.0160,24.27,no
2026-10-05T03:41:16.97688Z,KXBTC15M-26OCT042345-45,0.0170,13.24,yes
2026-10-05T03:41:17.071418Z,KXBTC15M-26OCT042345-45,0.0170,22.64,yes
2026-10-05T03:41:17.072238Z,KXBTC15M-26OCT042345-45,0.0160,4.24,no
2026-10-05T03:41:17.078738Z,KXBTC15M-26OCT042345-45,0.0160,10.14,no
2026-10-05T03:41:17.116788Z,KXBTC15M-26OCT042345-45,0.0170,456.00,yes
2026-10-05T03:41:17.191266Z,KXBTC15M-26OCT042345-45,0.0160,0.01,no
2026-10-05T03:41:17.191266Z,KXBTC15M-26OCT042345-45,0.0160,0.10,no
2026-10-05T03:41:17.191266Z,KXBTC15M-26OCT042345-45,0.0160,0.01,no
2026-10-05T03:41:17.191266Z,KXBTC15M-26OCT042345-45,0.0160,0.10,no
2026-10-05T03:41:17.191266Z,KXBTC15M-26OCT042345-45,0.0160,27.16,no
2026-10-05T03:41:17.193483Z,KXBTC15M-26OCT042345-45,0.0160,23.03,no
2026-10-05T03:41:17.24852Z,KXBTC15M-26OCT042345-45,0.0170,6.00,yes
2026-10-05T03:41:17.24852Z,KXBTC15M-26OCT042345-45,0.0170,555.12,yes
2026-10-05T03:41:17.24852Z,KXBTC15M-26OCT042345-45,0.0170,140.63,yes
2026-10-05T03:41:17.382584Z,KXBTC15M-26OCT042345-45,0.0170,43.61,yes
2026-10-05T03:41:17.382584Z,KXBTC15M-26OCT042345-45,0.0170,0.01,yes
2026-10-05T03:41:17.382584Z,KXBTC15M-26OCT042345-45,0.0170,9.37,yes
2026-10-05T03:41:17.382584Z,KXBTC15M-26OCT042345-45,0.0170,0.01,yes
2026-10-05T03:41:17.382584Z,KXBTC15M-26OCT042345-45,0.0170,15.00,yes
2026-10-05T03:41:17.444049Z,KXBTC15M-26OCT042345-45,0.0170,0.01,yes
2026-10-05T03:41:17.444049Z,KXBTC15M-26OCT042345-45,0.0170,15.00,yes
2026-10-05T03:41:17.444049Z,KXBTC15M-26OCT042345-45,0.0170,100.00,yes
2026-10-05T03:41:17.444049Z,KXBTC15M-26OCT042345-45,0.0170,0.01,yes
2026-10-05T03:41:17.444049Z,KXBTC15M-26OCT042345-45,0.0170,200.00,yes
2026-10-05T03:41:17.444049Z,KXBTC15M-26OCT042345-45,0.0170,4.00,yes
2026-10-05T03:41:17.4917Z,KXBTC15M-26OCT042345-45,0.0160,1.52,no
2026-10-05T03:41:17.523878Z,KXBTC15M-26OCT042345-45,0.0170,38.91,yes
2026-10-05T03:41:17.523878Z,KXBTC15M-26OCT042345-45,0.0170,15.00,yes
2026-10-05T03:41:17.523878Z,KXBTC15M-26OCT042345-45,0.0170,0.01,yes
2026-10-05T03:41:17.523878Z,KXBTC15M-26OCT042345-45,0.0170,0.01,yes
2026-10-05T03:41:17.528682Z,KXBTC15M-26OCT042345-45,0.0170,53.93,yes
2026-10-05T03:41:17.548395Z,KXBTC15M-26OCT042345-45,0.0170,13.24,yes
2026-10-05T03:41:17.577938Z,KXBTC15M-26OCT042345-45,0.0170,18.19,yes
2026-10-05T03:41:17.651034Z,KXBTC15M-26OCT042345-45,0.0160,555.04,no
2026-10-05T03:41:17.651034Z,KXBTC15M-26OCT042345-45,0.0160,15.00,no
2026-10-05T03:41:17.651034Z,KXBTC15M-26OCT042345-45,0.0160,198.86,no
2026-10-05T03:41:17.651034Z,KXBTC15M-26OCT042345-45,0.0160,15.00,no
2026-10-05T03:41:17.651034Z,KXBTC15M-26OCT042345-45,0.0160,0.01,no
2026-10-05T03:41:17.651034Z,KXBTC15M-26OCT042345-45,0.0160,15.00,no
2026-10-05T03:41:17.651034Z,KXBTC15M-26OCT042345-45,0.0160,33.29,no
2026-10-05T03:41:17.651034Z,KXBTC15M-26OCT042345-45,0.0160,0.01,no
2026-10-05T03:41:17.671453Z,KXBTC15M-26OCT042345-45,0.0150,7.93,no
2026-10-05T03:41:17.671453Z,KXBTC15M-26OCT042345-45,0.0160,0.01,no
2026-10-05T03:41:17.671453Z,KXBTC15M-26OCT042345-45,0.0160,0.01,no
2026-10-05T03:41:17.693517Z,KXBTC15M-26OCT042345-45,0.0160,21.93,yes
2026-10-05T03:41:17.742337Z,KXBTC15M-26OCT042345-45,0.0150,7.07,no
2026-10-05T03:41:17.742337Z,KXBTC15M-26OCT042345-45,0.0150,61.68,no
2026-10-05T03:41:17.742337Z,KXBTC15M-26OCT042345-45,0.0150,15.00,no
2026-10-05T03:41:17.773786Z,KXBTC15M-26OCT042345-45,0.0160,472.76,yes
2026-10-05T03:41:17.78324Z,KXBTC15M-26OCT042345-45,0.0150,23.17,no
2026-10-05T03:41:17.804138Z,KXBTC15M-26OCT042345-45,0.0150,17.11,no
2026-10-05T03:41:17.808773Z,KXBTC15M-26OCT042345-45,0.0150,49.73,no
2026-10-05T03:41:17.83691Z,KXBTC15M-26OCT042345-45,0.0150,4.52,no
2026-10-05T03:41:17.846073Z,KXBTC15M-26OCT042345-45,0.0160,4.69,yes
2026-10-05T03:41:17.877153Z,KXBTC15M-26OCT042345-45,0.0150,34.80,no
2026-10-05T03:41:18.007183Z,KXBTC15M-26OCT042345-45,0.0150,67.98,no
2026-10-05T03:41:18.02514Z,KXBTC15M-26OCT042345-45,0.0150,15.00,no
2026-10-05T03:41:18.02514Z,KXBTC15M-26OCT042345-45,0.0150,107.01,no
2026-10-05T03:41:18.02514Z,KXBTC15M-26OCT042345-45,0.0150,1.00,no
2026-10-05T03:41:18.02514Z,KXBTC15M-26OCT042345-45,0.0150,89.94,no
2026-10-05T03:41:18.081167Z,KXBTC15M-26OCT042345-45,0.0150,14.89,no
2026-10-05T03:41:18.109078Z,KXBTC15M-26OCT042345-45,0.0160,17.58,yes
2026-10-05T03:41:18.132152Z,KXBTC15M-26OCT042345-45,0.0150,94.07,no
2026-10-05T03:41:18.199473Z,KXBTC15M-26OCT042345-45,0.0160,5.44,yes
2026-10-05T03:41:18.22823Z,KXBTC15M-26OCT042345-45,0.0150,264.69,no
2026-10-05T03:41:18.295552Z,KXBTC15M-26OCT042345-45,0.0160,492.12,yes
2026-10-05T03:41:18.327594Z,KXBTC15M-26OCT042345-45,0.0150,30.41,no
2026-10-05T03:41:18.328599Z,KXBTC15M-26OCT042345-45,0.0160,110.07,yes
2026-10-05T03:41:18.372966Z,KXBTC15M-26OCT042345-45,0.0160,0.01,yes
2026-10-05T03:41:18.372966Z,KXBTC15M-26OCT042345-45,0.0160,360.00,yes
2026-10-05T03:41:18.372966Z,KXBTC15M-26OCT042345-45,0.0160,0.01,yes
2026-10-05T03:41:18.372966Z,KXBTC15M-26OCT042345-45,0.0170,74.13,yes
2026-10-05T03:41:18.372966Z,KXBTC15M-26OCT042345-45,0.0160,15.00,yes
2026-10-05T03:41:18.372966Z,KXBTC15M-26OCT042345-45,0.0160,48.00,yes
2026-10-05T03:41:18.372966Z,KXBTC15M-26OCT042345-45,0.0160,0.10,yes
2026-10-05T03:41:18.372966Z,KXBTC15M-26OCT042345-45,0.0160,6.00,yes
2026-10-05T03:41:18.372966Z,KXBTC15M-26OCT042345-45,0.0160,1.00,yes
2026-10-05T03:41:18.372966Z,KXBTC15M-26OCT042345-45,0.0160,0.02,yes
2026-10-05T03:41:18.372966Z,KXBTC15M-26OCT042345-45,0.0160,0.10,yes
2026-10-05T03:41:18.372966Z,KXBTC15M-26OCT042345-45,0.0160,200.00,yes
2026-10-05T03:41:18.474811Z,KXBTC15M-26OCT042345-45,0.0160,5.25,no
2026-10-05T03:41:18.524072Z,KXBTC15M-26OCT042345-45,0.0170,23.51,yes
2026-10-05T03:41:18.538875Z,KXBTC15M-26OCT042345-45,0.0170,242.00,yes
2026-10-05T03:41:18.645594Z,KXBTC15M-26OCT042345-45,0.0170,43.77,yes
2026-10-05T03:41:18.716672Z,KXBTC15M-26OCT042345-45,0.0170,16.59,yes
2026-10-05T03:41:18.716672Z,KXBTC15M-26OCT042345-45,0.0170,185.49,yes
2026-10-05T03:41:18.716672Z,KXBTC15M-26OCT042345-45,0.0170,28.49,yes
2026-10-05T03:41:18.716672Z,KXBTC15M-26OCT042345-45,0.0170,0.02,yes
2026-10-05T03:41:18.716672Z,KXBTC15M-26OCT042345-45,0.0170,29.32,yes
2026-10-05T03:41:18.756004Z,KXBTC15M-26OCT042345-45,0.0160,31.25,no
2026-10-05T03:41:18.756004Z,KXBTC15M-26OCT042345-45,0.0160,64.75,no
2026-10-05T03:41:18.812415Z,KXBTC15M-26OCT042345-45,0.0160,59.22,no
2026-10-05T03:41:18.812415Z,KXBTC15M-26OCT042345-45,0.0160,0.01,no
2026-10-05T03:41:18.812415Z,KXBTC15M-26OCT042345-45,0.0160,0.01,no
2026-10-05T03:41:18.812415Z,KXBTC15M-26OCT042345-45,0.0160,0.10,no
2026-10-05T03:41:18.824209Z,KXBTC15M-26OCT042345-45,0.0160,222.40,no
2026-10-05T03:41:18.882827Z,KXBTC15M-26OCT042345-45,0.0170,53.93,yes
2026-10-05T03:41:18.897499Z,KXBTC15M-26OCT042345-45,0.0160,10.20,no
2026-10-05T03:41:18.901294Z,KXBTC15M-26OCT042345-45,0.0160,0.01,no
2026-10-05T03:41:18.901294Z,KXBTC15M-26OCT042345-45,0.0160,83.80,no
2026-10-05T03:41:18.901294Z,KXBTC15M-26OCT042345-45,0.0160,0.01,no
2026-10-05T03:41:18.959666Z,KXBTC15M-26OCT042345-45,0.0150,1.98,no
2026-10-05T03:41:18.969131Z,KXBTC15M-26OCT042345-45,0.0160,200.00,yes
2026-10-05T03:41:18.969131Z,KXBTC15M-26OCT042345-45,0.0160,500.00,yes
2026-10-05T03:41:18.969131Z,KXBTC15M-26OCT042345-45,0.0160,2.00,yes
2026-10-05T03:41:18.969131Z,KXBTC15M-26OCT042345-45,0.0160,0.01,yes
2026-10-05T03:41:18.969131Z,KXBTC15M-26OCT042345-45,0.0160,100.00,yes
2026-10-05T03:41:18.969131Z,KXBTC15M-26OCT042345-45,0.0160,100.00,yes
2026-10-05T03:41:18.969131Z,KXBTC15M-26OCT042345-45,0.0160,0.01,yes
2026-10-05T03:41:18.969131Z,KXBTC15M-26OCT042345-45,0.0160,511.18,yes
2026-10-05T03:41:18.997986Z,KXBTC15M-26OCT042345-45,0.0160,1.00,yes
2026-10-05T03:41:19.088184Z,KXBTC15M-26OCT042345-45,0.0150,50.00,no
2026-10-05T03:41:19.101184Z,KXBTC15M-26OCT042345-45,0.0160,12.00,yes
2026-10-05T03:41:19.110211Z,KXBTC15M-26OCT042345-45,0.0160,54.76,yes
2026-10-05T03:41:19.144027Z,KXBTC15M-26OCT042345-45,0.0150,54.64,no
2026-10-05T03:41:19.153626Z,KXBTC15M-26OCT042345-45,0.0160,26.41,yes
2026-10-05T03:41:19.225836Z,KXBTC15M-26OCT042345-45,0.0160,20.49,yes
2026-10-05T03:41:19.257115Z,KXBTC15M-26OCT042345-45,0.0160,23.24,yes
2026-10-05T03:41:19.310548Z,KXBTC15M-26OCT042345-45,0.0160,200.00,yes
2026-10-05T03:41:19.357649Z,KXBTC15M-26OCT042345-45,0.0150,88.30,no
2026-10-05T03:41:19.408272Z,KXBTC15M-26OCT042345-45,0.0160,458.42,yes
2026-10-05T03:41:19.415595Z,KXBTC15M-26OCT042345-45,0.0160,0.19,yes
2026-10-05T03:41:19.433513Z,KXBTC15M-26OCT042345-45,0.0160,55.04,yes
2026-10-05T03:41:19.449945Z,KXBTC15M-26OCT042345-45,0.0150,25.35,no
2026-10-05T03:41:19.471546Z,KXBTC15M-26OCT042345-45,0.0160,58.47,yes
2026-10-05T03:41:19.500066Z,KXBTC15M-26OCT042345-45,0.0160,5.28,yes
2026-10-05T03:41:19.586513Z,KXBTC15M-26OCT042345-45,0.0160,0.02,yes
2026-10-05T03:41:19.586513Z,KXBTC15M-26OCT042345-45,0.0160,400.00,yes
2026-10-05T03:41:19.586513Z,KXBTC15M-26OCT042345-45,0.0160,200.00,yes
2026-10-05T03:41:19.586513Z,KXBTC15M-26OCT042345-45,0.0160,100.00,yes
2026-10-05T03:41:19.586513Z,KXBTC15M-26OCT042345-45,0.0160,0.10,yes
2026-10-05T03:41:19.586513Z,KXBTC15M-26OCT042345-45,0.0170,10.58,yes
2026-10-05T03:41:19.586513Z,KXBTC15M-26OCT042345-45,0.0160,0.01,yes
2026-10-05T03:41:19.586513Z,KXBTC15M-26OCT042345-45,0.0170,0.02,yes
2026-10-05T03:41:19.586513Z,KXBTC15M-26OCT042345-45,0.0170,2.00,yes
2026-10-05T03:41:19.586513Z,KXBTC15M-26OCT042345-45,0.0160,15.00,yes
2026-10-05T03:41:19.586513Z,KXBTC15M-26OCT042345-45,0.0160,0.01,yes
2026-10-05T03:41:19.586513Z,KXBTC15M-26OCT042345-45,0.0160,274.15,yes
2026-10-05T03:41:19.586513Z,KXBTC15M-26OCT042345-45,0.0160,15.00,yes
2026-10-05T03:41:19.640576Z,KXBTC15M-26OCT042345-45,0.0160,1.73,yes
2026-10-05T03:41:19.640576Z,KXBTC15M-26OCT042345-45,0.0160,0.01,yes
2026-10-05T03:41:19.640576Z,KXBTC15M-26OCT042345-45,0.0160,0.01,yes
2026-10-05T03:41:19.652571Z,KXBTC15M-26OCT042345-45,0.0150,253.54,no
2026-10-05T03:41:19.716058Z,KXBTC15M-26OCT042345-45,0.0150,17.39,no
2026-10-05T03:41:19.779491Z,KXBTC15M-26OCT042345-45,0.0150,333.27,no
2026-10-05T03:41:19.803621Z,KXBTC15M-26OCT042345-45,0.0160,98.27,yes
2026-10-05T03:41:19.803621Z,KXBTC15M-26OCT042345-45,0.0160,0.01,yes
2026-10-05T03:41:19.803621Z,KXBTC15M-26OCT042345-45,0.0160,15.00,yes
2026-10-05T03:41:19.803621Z,KXBTC15M-26OCT042345-45,0.0160,0.01,yes
2026-10-05T03:41:19.803621Z,KXBTC15M-26OCT042345-45,0.0160,200.00,yes
2026-10-05T03:41:19.803621Z,KXBTC15M-26OCT042345-45,0.0160,44.37,yes
2026-10-05T03:41:19.818953Z,KXBTC15M-26OCT042345-45,0.0160,275.18,yes
2026-10-05T03:41:19.844637Z,KXBTC15M-26OCT042345-45,0.0160,7.14,yes
2026-10-05T03:41:19.900507Z,KXBTC15M-26OCT042345-45,0.0160,206.05,yes
2026-10-05T03:41:19.900507Z,KXBTC15M-26OCT042345-45,0.0160,73.31,yes
2026-10-05T03:41:19.900507Z,KXBTC15M-26OCT042345-45,0.0160,13.00,yes
2026-10-05T03:41:19.932748Z,KXBTC15M-26OCT042345-45,0.0160,38.59,yes
2026-10-05T03:41:19.98361Z,KXBTC15M-26OCT042345-45,0.0160,7.15,yes
2026-10-05T03:41:20.008616Z,KXBTC15M-26OCT042345-45,0.0160,21.08,yes
2026-10-05T03:41:20.013456Z,KXBTC15M-26OCT042345-45,0.0150,190.95,no
2026-10-05T03:41:20.013456Z,KXBTC15M-26OCT042345-45,0.0150,181.53,no
2026-10-05T03:41:20.013456Z,KXBTC15M-26OCT042345-45,0.0150,0.01,no
2026-10-05T03:41:20.013456Z,KXBTC15M-26OCT042345-45,0.0150,0.01,no
2026-10-05T03:41:20.013456Z,KXBTC15M-26OCT042345-45,0.0150,15.00,no
2026-10-05T03:41:20.013456Z,KXBTC15M-26OCT042345-45,0.0150,50.00,no
2026-10-05T03:41:20.017097Z,KXBTC15M-26OCT042345-45,0.0160,25.27,yes
2026-10-05T03:41:20.017097Z,KXBTC15M-26OCT042345-45,0.0160,0.02,yes
2026-10-05T03:41:20.017097Z,KXBTC15M-26OCT042345-45,0.0160,33.18,yes
2026-10-05T03:41:20.104249Z,KXBTC15M-26OCT042345-45,0.0160,55.04,yes
2026-10-05T03:41:20.104277Z,KXBTC15M-26OCT042345-45,0.0160,11.64,yes
2026-10-05T03:41:20.148538Z,KXBTC15M-26OCT042345-45,0.0160,74.00,yes
2026-10-05T03:41:20.160244Z,KXBTC15M-26OCT042345-45,0.0150,61.85,no
2026-10-05T03:41:20.201821Z,KXBTC15M-26OCT042345-45,0.0150,3.00,no
2026-10-05T03:41:20.208256Z,KXBTC15M-26OCT042345-45,0.0160,29.23,yes
2026-10-05T03:41:20.238282Z,KXBTC15M-26OCT042345-45,0.0150,15.00,no
2026-10-05T03:41:20.238282Z,KXBTC15M-26OCT042345-45,0.0150,10.52,no
2026-10-05T03:41:20.238282Z,KXBTC15M-26OCT042345-45,0.0150,12.00,no
2026-10-05T03:41:20.301126Z,KXBTC15M-26OCT042345-45,0.0160,15.00,yes
2026-10-05T03:41:20.301126Z,KXBTC15M-26OCT042345-45,0.0160,9.41,yes
2026-10-05T03:41:20.301126Z,KXBTC15M-26OCT042345-45,0.0160,4.82,yes
2026-10-05T03:41:20.301329Z,KXBTC15M-26OCT042345-45,0.0150,2.02,no
2026-10-05T03:41:20.330571Z,KXBTC15M-26OCT042345-45,0.0150,2.46,no
2026-10-05T03:41:20.330571Z,KXBTC15M-26OCT042345-45,0.0150,0.01,no
2026-10-05T03:41:20.330571Z,KXBTC15M-26OCT042345-45,0.0150,5.24,no
2026-10-05T03:41:20.330571Z,KXBTC15M-26OCT042345-45,0.0150,0.01,no
2026-10-05T03:41:20.39159Z,KXBTC15M-26OCT042345-45,0.0160,3.22,yes
2026-10-05T03:41:20.44061Z,KXBTC15M-26OCT042345-45,0.0150,42.00,no
2026-10-05T03:41:20.482422Z,KXBTC15M-26OCT042345-45,0.0130,17.00,no
2026-10-05T03:41:20.482422Z,KXBTC15M-26OCT042345-45,0.0150,287.17,no
2026-10-05T03:41:20.482422Z,KXBTC15M-26OCT042345-45,0.0130,31.49,no
2026-10-05T03:41:20.482422Z,KXBTC15M-26OCT042345-45,0.0140,625.00,no
2026-10-05T03:41:20.482422Z,KXBTC15M-26OCT042345-45,0.0150,37.76,no
2026-10-05T03:41:20.482422Z,KXBTC15M-26OCT042345-45,0.0150,0.01,no
2026-10-05T03:41:20.482422Z,KXBTC15M-26OCT042345-45,0.0150,15.00,no
2026-10-05T03:41:20.482422Z,KXBTC15M-26OCT042345-45,0.0150,0.01,no
2026-10-05T03:41:20.544947Z,KXBTC15M-26OCT042345-45,0.0140,129.18,no
2026-10-05T03:41:20.544947Z,KXBTC15M-26OCT042345-45,0.0150,0.01,no
2026-10-05T03:41:20.544947Z,KXBTC15M-26OCT042345-45,0.0150,0.01,no
2026-10-05T03:41:20.589172Z,KXBTC15M-26OCT042345-45,0.0140,3.99,no
2026-10-05T03:41:20.589172Z,KXBTC15M-26OCT042345-45,0.0140,0.01,no
2026-10-05T03:41:20.609531Z,KXBTC15M-26OCT042345-45,0.0150,292.36,yes
2026-10-05T03:41:20.62669Z,KXBTC15M-26OCT042345-45,0.0150,0.10,yes
2026-10-05T03:41:20.62669Z,KXBTC15M-26OCT042345-45,0.0150,0.01,yes
2026-10-05T03:41:20.62669Z,KXBTC15M-26OCT042345-45,0.0150,5.72,yes
2026-10-05T03:41:20.62669Z,KXBTC15M-26OCT042345-45,0.0150,0.01,yes
2026-10-05T03:41:20.671699Z,KXBTC15M-26OCT042345-45,0.0160,275.79,yes
2026-10-05T03:41:20.671699Z,KXBTC15M-26OCT042345-45,0.0160,6.00,yes
2026-10-05T03:41:20.671699Z,KXBTC15M-26OCT042345-45,0.0160,70.80,yes
2026-10-05T03:41:20.671699Z,KXBTC15M-26OCT042345-45,0.0160,0.37,yes
2026-10-05T03:41:20.671699Z,KXBTC15M-26OCT042345-45,0.0160,9.41,yes
2026-10-05T03:41:20.671699Z,KXBTC15M-26OCT042345-45,0.0160,30.00,yes
2026-10-05T03:41:20.671699Z,KXBTC15M-26OCT042345-45,0.0160,636.00,yes
2026-10-05T03:41:20.671699Z,KXBTC15M-26OCT042345-45,0.0160,3.22,yes
2026-10-05T03:41:20.671699Z,KXBTC15M-26OCT042345-45,0.0160,100.00,yes
2026-10-05T03:41:20.671699Z,KXBTC15M-26OCT042345-45,0.0160,200.00,yes
2026-10-05T03:41:20.671699Z,KXBTC15M-26OCT042345-45,0.0150,0.01,yes
2026-10-05T03:41:20.671699Z,KXBTC15M-26OCT042345-45,0.0150,15.00,yes
2026-10-05T03:41:20.671699Z,KXBTC15M-26OCT042345-45,0.0150,9.28,yes
2026-10-05T03:41:20.671699Z,KXBTC15M-26OCT042345-45,0.0160,12.00,yes
2026-10-05T03:41:20.671699Z,KXBTC15M-26OCT042345-45,0.0160,0.02,yes
2026-10-05T03:41:20.671699Z,KXBTC15M-26OCT042345-45,0.0150,0.01,yes
2026-10-05T03:41:20.671699Z,KXBTC15M-26OCT042345-45,0.0150,48.00,yes
2026-10-05T03:41:21.067083Z,KXBTC15M-26OCT042345-45,0.0160,15.00,yes
2026-10-05T03:41:21.067083Z,KXBTC15M-26OCT042345-45,0.0160,35.00,yes
2026-10-05T03:41:21.067083Z,KXBTC15M-26OCT042345-45,0.0160,0.01,yes
2026-10-05T03:41:21.067083Z,KXBTC15M-26OCT042345-45,0.0160,0.01,yes
2026-10-05T03:41:21.067083Z,KXBTC15M-26OCT042345-45,0.0160,262.61,yes
2026-10-05T03:41:21.067083Z,KXBTC15M-26OCT042345-45,0.0160,5.00,yes
2026-10-05T03:41:21.067083Z,KXBTC15M-26OCT042345-45,0.0160,67.09,yes
2026-10-05T03:41:21.067083Z,KXBTC15M-26OCT042345-45,0.0160,200.00,yes
2026-10-05T03:41:21.195534Z,KXBTC15M-26OCT042345-45,0.0150,0.01,no
2026-10-05T03:41:21.195534Z,KXBTC15M-26OCT042345-45,0.0150,6.64,no
2026-10-05T03:41:21.195534Z,KXBTC15M-26OCT042345-45,0.0150,0.01,no
2026-10-05T03:41:21.202775Z,KXBTC15M-26OCT042345-45,0.0160,22.13,yes
2026-10-05T03:41:21.202775Z,KXBTC15M-26OCT042345-45,0.0160,32.91,yes
2026-10-05T03:41:21.258Z,KXBTC15M-26OCT042345-45,0.0150,434.29,no
2026-10-05T03:41:21.258Z,KXBTC15M-26OCT042345-45,0.0150,359.36,no
2026-10-05T03:41:21.258Z,KXBTC15M-26OCT042345-45,0.0150,366.00,no
2026-10-05T03:41:21.258Z,KXBTC15M-26OCT042345-45,0.0150,0.01,no
2026-10-05T03:41:21.258Z,KXBTC15M-26OCT042345-45,0.0150,0.01,no
2026-10-05T03:41:21.258Z,KXBTC15M-26OCT042345-45,0.0150,15.00,no
2026-10-05T03:41:21.506495Z,KXBTC15M-26OCT042345-45,0.0160,292.36,yes
2026-10-05T03:41:21.529007Z,KXBTC15M-26OCT042345-45,0.0160,13.00,yes
2026-10-05T03:41:21.529007Z,KXBTC15M-26OCT042345-45,0.0160,0.01,yes
2026-10-05T03:41:21.529007Z,KXBTC15M-26OCT042345-45,0.0160,200.00,yes
2026-10-05T03:41:21.529007Z,KXBTC15M-26OCT042345-45,0.0160,2.60,yes
2026-10-05T03:41:21.529007Z,KXBTC15M-26OCT042345-45,0.0160,0.01,yes
2026-10-05T03:41:21.529007Z,KXBTC15M-26OCT042345-45,0.0160,85.51,yes
2026-10-05T03:41:21.643225Z,KXBTC15M-26OCT042345-45,0.0160,1.00,yes
2026-10-05T03:41:21.697223Z,KXBTC15M-26OCT042345-45,0.0140,15.00,no
2026-10-05T03:41:21.697223Z,KXBTC15M-26OCT042345-45,0.0140,15.00,no
2026-10-05T03:41:21.697223Z,KXBTC15M-26OCT042345-45,0.0140,167.55,no
2026-10-05T03:41:21.697223Z,KXBTC15M-26OCT042345-45,0.0150,0.01,no
2026-10-05T03:41:21.697223Z,KXBTC15M-26OCT042345-45,0.0150,0.01,no
2026-10-05T03:41:21.708736Z,KXBTC15M-26OCT042345-45,0.0160,11.40,yes
2026-10-05T03:41:21.708736Z,KXBTC15M-26OCT042345-45,0.0160,5.00,yes
2026-10-05T03:41:21.708736Z,KXBTC15M-26OCT042345-45,0.0160,100.54,yes
2026-10-05T03:41:21.711322Z,KXBTC15M-26OCT042345-45,0.0160,0.58,yes
2026-10-05T03:41:21.751937Z,KXBTC15M-26OCT042345-45,0.0160,696.88,yes
2026-10-05T03:41:21.751937Z,KXBTC15M-26OCT042345-45,0.0160,0.01,yes
2026-10-05T03:41:21.751937Z,KXBTC15M-26OCT042345-45,0.0160,200.00,yes
2026-10-05T03:41:21.751937Z,KXBTC15M-26OCT042345-45,0.0160,0.01,yes
2026-10-05T03:41:21.751937Z,KXBTC15M-26OCT042345-45,0.0160,435.00,yes
2026-10-05T03:41:21.751937Z,KXBTC15M-26OCT042345-45,0.0160,13.00,yes
2026-10-05T03:41:21.751937Z,KXBTC15M-26OCT042345-45,0.0160,15.00,yes
2026-10-05T03:41:21.763807Z,KXBTC15M-26OCT042345-45,0.0150,0.01,no
2026-10-05T03:41:21.763807Z,KXBTC15M-26OCT042345-45,0.0150,11.78,no
2026-10-05T03:41:21.763807Z,KXBTC15M-26OCT042345-45,0.0150,0.01,no
2026-10-05T03:41:21.791875Z,KXBTC15M-26OCT042345-45,0.0160,15.00,yes
2026-10-05T03:41:21.791875Z,KXBTC15M-26OCT042345-45,0.0160,0.01,yes
2026-10-05T03:41:21.791875Z,KXBTC15M-26OCT042345-45,0.0160,0.01,yes
2026-10-05T03:41:21.791875Z,KXBTC15M-26OCT042345-45,0.0160,13.00,yes
2026-10-05T03:41:21.791875Z,KXBTC15M-26OCT042345-45,0.0160,15.00,yes
2026-10-05T03:41:21.812205Z,KXBTC15M-26OCT042345-45,0.0160,1.00,no
2026-10-05T03:41:21.838642Z,KXBTC15M-26OCT042345-45,0.0160,25.67,no
2026-10-05T03:41:21.907852Z,KXBTC15M-26OCT042345-45,0.0160,0.01,no
2026-10-05T03:41:21.907852Z,KXBTC15M-26OCT042345-45,0.0160,395.40,no
2026-10-05T03:41:21.907852Z,KXBTC15M-26OCT042345-45,0.0160,30.31,no
2026-10-05T03:41:21.907852Z,KXBTC15M-26OCT042345-45,0.0160,96.00,no
2026-10-05T03:41:21.907852Z,KXBTC15M-26OCT042345-45,0.0160,0.01,no
2026-10-05T03:41:21.920994Z,KXBTC15M-26OCT042345-45,0.0170,3.43,yes
2026-10-05T03:41:21.920994Z,KXBTC15M-26OCT042345-45,0.0170,0.02,yes
2026-10-05T03:41:22.15503Z,KXBTC15M-26OCT042345-45,0.0160,5.07,no
2026-10-05T03:41:22.197936Z,KXBTC15M-26OCT042345-45,0.0170,2.05,yes
2026-10-05T03:41:22.223998Z,KXBTC15M-26OCT042345-45,0.0170,9.52,yes
2026-10-05T03:41:22.223998Z,KXBTC15M-26OCT042345-45,0.0170,0.01,yes
2026-10-05T03:41:22.223998Z,KXBTC15M-26OCT042345-45,0.0170,0.01,yes
2026-10-05T03:41:22.223998Z,KXBTC15M-26OCT042345-45,0.0170,29.44,yes
2026-10-05T03:41:22.223998Z,KXBTC15M-26OCT042345-45,0.0170,13.00,yes
2026-10-05T03:41:22.252104Z,KXBTC15M-26OCT042345-45,0.0160,19.16,no
2026-10-05T03:41:22.276763Z,KXBTC15M-26OCT042345-45,0.0160,74.15,no
2026-10-05T03:41:22.376676Z,KXBTC15M-26OCT042345-45,0.0160,0.01,no
2026-10-05T03:41:22.376676Z,KXBTC15M-26OCT042345-45,0.0150,1.50,no
2026-10-05T03:41:22.376676Z,KXBTC15M-26OCT042345-45,0.0160,0.01,no
2026-10-05T03:41:22.418393Z,KXBTC15M-26OCT042345-45,0.0170,0.01,yes
2026-10-05T03:41:22.418393Z,KXBTC15M-26OCT042345-45,0.0170,0.01,yes
2026-10-05T03:41:22.418393Z,KXBTC15M-26OCT042345-45,0.0160,0.10,yes
2026-10-05T03:41:22.418393Z,KXBTC15M-26OCT042345-45,0.0160,15.00,yes
2026-10-05T03:41:22.418393Z,KXBTC15M-26OCT042345-45,0.0160,0.01,yes
2026-10-05T03:41:22.418393Z,KXBTC15M-26OCT042345-45,0.0160,70.00,yes
2026-10-05T03:41:22.418393Z,KXBTC15M-26OCT042345-45,0.0160,70.00,yes
2026-10-05T03:41:22.418393Z,KXBTC15M-26OCT042345-45,0.0160,13.00,yes
2026-10-05T03:41:22.418393Z,KXBTC15M-26OCT042345-45,0.0160,0.01,yes
2026-10-05T03:41:22.418393Z,KXBTC15M-26OCT042345-45,0.0160,200.00,yes
2026-10-05T03:41:22.418393Z,KXBTC15M-26OCT042345-45,0.0170,200.00,yes
2026-10-05T03:41:22.418393Z,KXBTC15M-26OCT042345-45,0.0160,5.00,yes
2026-10-05T03:41:22.418393Z,KXBTC15M-26OCT042345-45,0.0170,772.76,yes
2026-10-05T03:41:22.418393Z,KXBTC15M-26OCT042345-45,0.0170,720.00,yes
2026-10-05T03:41:22.418393Z,KXBTC15M-26OCT042345-45,0.0170,100.00,yes
2026-10-05T03:41:22.497121Z,KXBTC15M-26OCT042345-45,0.0170,85.68,yes
2026-10-05T03:41:22.497121Z,KXBTC15M-26OCT042345-45,0.0170,0.01,yes
2026-10-05T03:41:22.497121Z,KXBTC15M-26OCT042345-45,0.0160,0.01,yes
2026-10-05T03:41:22.497121Z,KXBTC15M-26OCT042345-45,0.0170,0.01,yes
2026-10-05T03:41:22.497121Z,KXBTC15M-26OCT042345-45,0.0160,15.00,yes
2026-10-05T03:41:22.631621Z,KXBTC15M-26OCT042345-45,0.0170,15.00,yes
2026-10-05T03:41:22.631621Z,KXBTC15M-26OCT042345-45,0.0170,81.04,yes
2026-10-05T03:41:22.631621Z,KXBTC15M-26OCT042345-45,0.0170,8.00,yes
2026-10-05T03:41:22.631621Z,KXBTC15M-26OCT042345-45,0.0170,2.00,yes
2026-10-05T03:41:22.65734Z,KXBTC15M-26OCT042345-45,0.0170,53.82,yes
2026-10-05T03:41:22.795366Z,KXBTC15M-26OCT042345-45,0.0160,70.00,no
2026-10-05T03:41:22.795366Z,KXBTC15M-26OCT042345-45,0.0160,70.00,no
2026-10-05T03:41:22.795366Z,KXBTC15M-26OCT042345-45,0.0160,70.00,no
2026-10-05T03:41:22.795366Z,KXBTC15M-26OCT042345-45,0.0160,52.69,no
2026-10-05T03:41:22.871528Z,KXBTC15M-26OCT042345-45,0.0180,2.00,yes
2026-10-05T03:41:22.871528Z,KXBTC15M-26OCT042345-45,0.0180,2.00,yes
2026-10-05T03:41:22.871528Z,KXBTC15M-26OCT042345-45,0.0180,0.02,yes
2026-10-05T03:41:22.871528Z,KXBTC15M-26OCT042345-45,0.0180,25.24,yes
2026-10-05T03:41:22.871528Z,KXBTC15M-26OCT042345-45,0.0180,15.00,yes
2026-10-05T03:41:22.871528Z,KXBTC15M-26OCT042345-45,0.0180,13.00,yes
2026-10-05T03:41:22.871528Z,KXBTC15M-26OCT042345-45,0.0170,15.00,yes
2026-10-05T03:41:22.871528Z,KXBTC15M-26OCT042345-45,0.0170,7.00,yes
2026-10-05T03:41:22.9185Z,KXBTC15M-26OCT042345-45,0.0170,37.56,no
2026-10-05T03:41:22.918912Z,KXBTC15M-26OCT042345-45,0.0180,9.16,yes
2026-10-05T03:41:22.952274Z,KXBTC15M-26OCT042345-45,0.0190,256.00,yes
2026-10-05T03:41:22.952274Z,KXBTC15M-26OCT042345-45,0.0190,0.02,yes
2026-10-05T03:41:22.952274Z,KXBTC15M-26OCT042345-45,0.0190,115.57,yes
2026-10-05T03:41:22.952274Z,KXBTC15M-26OCT042345-45,0.0190,300.00,yes
2026-10-05T03:41:22.952274Z,KXBTC15M-26OCT042345-45,0.0190,304.00,yes
2026-10-05T03:41:22.952274Z,KXBTC15M-26OCT042345-45,0.0180,100.00,yes
2026-10-05T03:41:22.952274Z,KXBTC15M-26OCT042345-45,0.0180,400.00,yes
2026-10-05T03:41:22.952274Z,KXBTC15M-26OCT042345-45,0.0180,965.60,yes
2026-10-05T03:41:22.952274Z,KXBTC15M-26OCT042345-45,0.0180,200.00,yes
2026-10-05T03:41:22.952274Z,KXBTC15M-26OCT042345-45,0.0180,13.00,yes
2026-10-05T03:41:23.122944Z,KXBTC15M-26OCT042345-45,0.0180,10.00,yes
2026-10-05T03:41:23.122944Z,KXBTC15M-26OCT042345-45,0.0180,145.89,yes
2026-10-05T03:41:23.122944Z,KXBTC15M-26OCT042345-45,0.0180,100.00,yes
2026-10-05T03:41:23.124338Z,KXBTC15M-26OCT042345-45,0.0170,2.53,no
2026-10-05T03:41:23.13921Z,KXBTC15M-26OCT042345-45,0.0170,5.07,no
2026-10-05T03:41:23.175459Z,KXBTC15M-26OCT042345-45,0.0170,54.17,no
2026-10-05T03:41:23.336754Z,KXBTC15M-26OCT042345-45,0.0180,0.42,yes
2026-10-05T03:41:23.403668Z,KXBTC15M-26OCT042345-45,0.0170,9.14,no
2026-10-05T03:41:23.427111Z,KXBTC15M-26OCT042345-45,0.0180,9.58,yes
2026-10-05T03:41:23.427111Z,KXBTC15M-26OCT042345-45,0.0180,42.40,yes
2026-10-05T03:41:23.456199Z,KXBTC15M-26OCT042345-45,0.0170,44.79,no
2026-10-05T03:41:23.573106Z,KXBTC15M-26OCT042345-45,0.0180,51.98,yes
2026-10-05T03:41:23.655258Z,KXBTC15M-26OCT042345-45,0.0170,93.47,no
2026-10-05T03:41:23.659518Z,KXBTC15M-26OCT042345-45,0.0180,83.74,yes
2026-10-05T03:41:23.663239Z,KXBTC15M-26OCT042345-45,0.0170,2.03,no
2026-10-05T03:41:23.679691Z,KXBTC15M-26OCT042345-45,0.0170,9.38,no
2026-10-05T03:41:23.783557Z,KXBTC15M-26OCT042345-45,0.0170,0.01,no
2026-10-05T03:41:23.783557Z,KXBTC15M-26OCT042345-45,0.0170,5.06,no
2026-10-05T03:41:23.783557Z,KXBTC15M-26OCT042345-45,0.0170,0.01,no
2026-10-05T03:41:23.79571Z,KXBTC15M-26OCT042345-45,0.0180,51.98,yes
2026-10-05T03:41:23.832342Z,KXBTC15M-26OCT042345-45,0.0180,51.98,yes
2026-10-05T03:41:23.934401Z,KXBTC15M-26OCT042345-45,0.0170,33.78,no
2026-10-05T03:41:23.934401Z,KXBTC15M-26OCT042345-45,0.0170,67.94,no
2026-10-05T03:41:23.955737Z,KXBTC15M-26OCT042345-45,0.0170,2.03,no
2026-10-05T03:41:24.016026Z,KXBTC15M-26OCT042345-45,0.0170,69.00,no
2026-10-05T03:41:24.048999Z,KXBTC15M-26OCT042345-45,0.0180,103.96,yes
2026-10-05T03:41:24.075454Z,KXBTC15M-26OCT042345-45,0.0170,1.09,no
2026-10-05T03:41:24.098683Z,KXBTC15M-26OCT042345-45,0.0180,13.96,yes
2026-10-05T03:41:24.098683Z,KXBTC15M-26OCT042345-45,0.0180,38.02,yes
2026-10-05T03:41:24.108261Z,KXBTC15M-26OCT042345-45,0.0170,5.00,no
2026-10-05T03:41:24.125905Z,KXBTC15M-26OCT042345-45,0.0160,185.88,no
2026-10-05T03:41:24.125905Z,KXBTC15M-26OCT042345-45,0.0170,0.01,no
2026-10-05T03:41:24.125905Z,KXBTC15M-26OCT042345-45,0.0170,0.01,no
2026-10-05T03:41:24.125905Z,KXBTC15M-26OCT042345-45,0.0160,100.00,no
2026-10-05T03:41:24.125905Z,KXBTC15M-26OCT042345-45,0.0170,489.10,no
2026-10-05T03:41:24.125905Z,KXBTC15M-26OCT042345-45,0.0160,200.00,no
2026-10-05T03:41:24.125905Z,KXBTC15M-26OCT042345-45,0.0160,15.00,no
2026-10-05T03:41:24.125905Z,KXBTC15M-26OCT042345-45,0.0160,15.00,no
2026-10-05T03:41:24.125905Z,KXBTC15M-26OCT042345-45,0.0160,15.00,no
2026-10-05T03:41:24.144429Z,KXBTC15M-26OCT042345-45,0.0170,1.73,yes
2026-10-05T03:41:24.144429Z,KXBTC15M-26OCT042345-45,0.0170,70.00,yes
2026-10-05T03:41:24.16187Z,KXBTC15M-26OCT042345-45,0.0170,66.72,yes
2026-10-05T03:41:24.16187Z,KXBTC15M-26OCT042345-45,0.0170,68.27,yes
2026-10-05T03:41:24.16187Z,KXBTC15M-26OCT042345-45,0.0170,70.00,yes
2026-10-05T03:41:24.16187Z,KXBTC15M-26OCT042345-45,0.0170,70.00,yes
2026-10-05T03:41:24.16187Z,KXBTC15M-26OCT042345-45,0.0170,70.00,yes
2026-10-05T03:41:24.16187Z,KXBTC15M-26OCT042345-45,0.0170,0.01,yes
2026-10-05T03:41:24.16187Z,KXBTC15M-26OCT042345-45,0.0170,70.00,yes
2026-10-05T03:41:24.16187Z,KXBTC15M-26OCT042345-45,0.0170,5.00,yes
2026-10-05T03:41:24.174607Z,KXBTC15M-26OCT042345-45,0.0170,400.00,yes
2026-10-05T03:41:24.174607Z,KXBTC15M-26OCT042345-45,0.0170,100.00,yes
2026-10-05T03:41:24.174607Z,KXBTC15M-26OCT042345-45,0.0170,15.00,yes
2026-10-05T03:41:24.174607Z,KXBTC15M-26OCT042345-45,0.0170,100.00,yes
2026-10-05T03:41:24.174607Z,KXBTC15M-26OCT042345-45,0.0170,0.01,yes
2026-10-05T03:41:24.174607Z,KXBTC15M-26OCT042345-45,0.0170,133.28,yes
2026-10-05T03:41:24.174607Z,KXBTC15M-26OCT042345-45,0.0170,0.10,yes
2026-10-05T03:41:24.174607Z,KXBTC15M-26OCT042345-45,0.0180,83.32,yes
2026-10-05T03:41:24.207439Z,KXBTC15M-26OCT042345-45,0.0170,3.67,yes
2026-10-05T03:41:24.207921Z,KXBTC15M-26OCT042345-45,0.0170,59.63,yes
2026-10-05T03:41:24.207921Z,KXBTC15M-26OCT042345-45,0.0170,66.33,yes
2026-10-05T03:41:24.213157Z,KXBTC15M-26OCT042345-45,0.0170,10.63,yes
2026-10-05T03:41:24.213157Z,KXBTC15M-26OCT042345-45,0.0170,10.37,yes
2026-10-05T03:41:24.222884Z,KXBTC15M-26OCT042345-45,0.0170,100.00,yes
2026-10-05T03:41:24.222884Z,KXBTC15M-26OCT042345-45,0.0170,172.63,yes
2026-10-05T03:41:24.222884Z,KXBTC15M-26OCT042345-45,0.0170,70.00,yes
2026-10-05T03:41:24.222884Z,KXBTC15M-26OCT042345-45,0.0170,70.00,yes
2026-10-05T03:41:24.222884Z,KXBTC15M-26OCT042345-45,0.0170,70.00,yes
2026-10-05T03:41:24.222884Z,KXBTC15M-26OCT042345-45,0.0170,70.00,yes
2026-10-05T03:41:24.222884Z,KXBTC15M-26OCT042345-45,0.0170,59.37,yes
2026-10-05T03:41:24.414065Z,KXBTC15M-26OCT042345-45,0.0170,15.00,yes
2026-10-05T03:41:24.414065Z,KXBTC15M-26OCT042345-45,0.0170,0.01,yes
2026-10-05T03:41:24.414065Z,KXBTC15M-26OCT042345-45,0.0170,0.01,yes
2026-10-05T03:41:24.414065Z,KXBTC15M-26OCT042345-45,0.0170,5.00,yes
2026-10-05T03:41:24.414065Z,KXBTC15M-26OCT042345-45,0.0180,0.25,yes
2026-10-05T03:41:24.43569Z,KXBTC15M-26OCT042345-45,0.0170,0.01,no
2026-10-05T03:41:24.43569Z,KXBTC15M-26OCT042345-45,0.0170,0.01,no
2026-10-05T03:41:24.43569Z,KXBTC15M-26OCT042345-45,0.0160,0.01,no
2026-10-05T03:41:24.43569Z,KXBTC15M-26OCT042345-45,0.0160,0.01,no
2026-10-05T03:41:24.43569Z,KXBTC15M-26OCT042345-45,0.0160,4.26,no
2026-10-05T03:41:24.439678Z,KXBTC15M-26OCT042345-45,0.0180,1.46,yes
2026-10-05T03:41:24.529906Z,KXBTC15M-26OCT042345-45,0.0170,0.01,no
2026-10-05T03:41:24.529906Z,KXBTC15M-26OCT042345-45,0.0170,0.01,no
2026-10-05T03:41:24.532999Z,KXBTC15M-26OCT042345-45,0.0170,6.23,yes
2026-10-05T03:41:24.681084Z,KXBTC15M-26OCT042345-45,0.0170,0.01,yes
2026-10-05T03:41:24.681084Z,KXBTC15M-26OCT042345-45,0.0170,28.75,yes
2026-10-05T03:41:24.681084Z,KXBTC15M-26OCT042345-45,0.0170,0.01,yes
2026-10-05T03:41:24.681084Z,KXBTC15M-26OCT042345-45,0.0170,5.00,yes
2026-10-05T03:41:24.681084Z,KXBTC15M-26OCT042345-45,0.0170,0.10,yes
2026-10-05T03:41:24.681084Z,KXBTC15M-26OCT042345-45,0.0180,72.00,yes
2026-10-05T03:41:24.681084Z,KXBTC15M-26OCT042345-45,0.0180,11.29,yes
2026-10-05T03:41:24.681084Z,KXBTC15M-26OCT042345-45,0.0180,12.42,yes
2026-10-05T03:41:24.823478Z,KXBTC15M-26OCT042345-45,0.0170,0.01,no
2026-10-05T03:41:24.823478Z,KXBTC15M-26OCT042345-45,0.0170,0.01,no
2026-10-05T03:41:24.823478Z,KXBTC15M-26OCT042345-45,0.0170,67.06,no
2026-10-05T03:41:24.823478Z,KXBTC15M-26OCT042345-45,0.0170,0.10,no
2026-10-05T03:41:24.898713Z,KXBTC15M-26OCT042345-45,0.0170,0.01,no
2026-10-05T03:41:24.898713Z,KXBTC15M-26OCT042345-45,0.0160,0.99,no
2026-10-05T03:41:24.898713Z,KXBTC15M-26OCT042345-45,0.0170,0.01,no
2026-10-05T03:41:24.998043Z,KXBTC15M-26OCT042345-45,0.0160,15.00,no
2026-10-05T03:41:24.998043Z,KXBTC15M-26OCT042345-45,0.0160,0.01,no
2026-10-05T03:41:24.998043Z,KXBTC15M-26OCT042345-45,0.0160,0.01,no
2026-10-05T03:41:24.998043Z,KXBTC15M-26OCT042345-45,0.0160,9.75,no
2026-10-05T03:41:24.998043Z,KXBTC15M-26OCT042345-45,0.0160,75.00,no
2026-10-05T03:41:24.998043Z,KXBTC15M-26OCT042345-45,0.0150,10.19,no
2026-10-05T03:41:24.998043Z,KXBTC15M-26OCT042345-45,0.0150,15.00,no
2026-10-05T03:41:24.998043Z,KXBTC15M-26OCT042345-45,0.0150,15.00,no
2026-10-05T03:41:24.998043Z,KXBTC15M-26OCT042345-45,0.0150,15.00,no
2026-10-05T03:41:24.998043Z,KXBTC15M-26OCT042345-45,0.0150,1.72,no
2026-10-05T03:41:25.008502Z,KXBTC15M-26OCT042345-45,0.0160,20.00,yes
2026-10-05T03:41:25.010354Z,KXBTC15M-26OCT042345-45,0.0150,2.00,no
2026-10-05T03:41:25.161647Z,KXBTC15M-26OCT042345-45,0.0170,179.45,yes
2026-10-05T03:41:25.161647Z,KXBTC15M-26OCT042345-45,0.0160,15.00,yes
2026-10-05T03:41:25.161647Z,KXBTC15M-26OCT042345-45,0.0160,0.01,yes
2026-10-05T03:41:25.161647Z,KXBTC15M-26OCT042345-45,0.0160,15.00,yes
2026-10-05T03:41:25.161647Z,KXBTC15M-26OCT042345-45,0.0160,0.10,yes
2026-10-05T03:41:25.161647Z,KXBTC15M-26OCT042345-45,0.0160,0.01,yes
2026-10-05T03:41:25.265295Z,KXBTC15M-26OCT042345-45,0.0170,20.55,yes
2026-10-05T03:41:25.265295Z,KXBTC15M-26OCT042345-45,0.0170,6.41,yes
2026-10-05T03:41:25.296048Z,KXBTC15M-26OCT042345-45,0.0190,10.00,yes
2026-10-05T03:41:25.296048Z,KXBTC15M-26OCT042345-45,0.0200,2.00,yes
2026-10-05T03:41:25.296048Z,KXBTC15M-26OCT042345-45,0.0190,15.00,yes
2026-10-05T03:41:25.296048Z,KXBTC15M-26OCT042345-45,0.0210,15.00,yes
2026-10-05T03:41:25.296048Z,KXBTC15M-26OCT042345-45,0.0240,5.00,yes
2026-10-05T03:41:25.296048Z,KXBTC15M-26OCT042345-45,0.0200,2.00,yes
2026-10-05T03:41:25.296048Z,KXBTC15M-26OCT042345-45,0.0210,2.00,yes
2026-10-05T03:41:25.296048Z,KXBTC15M-26OCT042345-45,0.0210,2.00,yes
2026-10-05T03:41:25.296048Z,KXBTC15M-26OCT042345-45,0.0200,2.00,yes
2026-10-05T03:41:25.296048Z,KXBTC15M-26OCT042345-45,0.0220,2.00,yes
2026-10-05T03:41:25.296048Z,KXBTC15M-26OCT042345-45,0.0200,220.68,yes
2026-10-05T03:41:25.296048Z,KXBTC15M-26OCT042345-45,0.0190,743.00,yes
2026-10-05T03:41:25.296048Z,KXBTC15M-26OCT042345-45,0.0190,2.00,yes
2026-10-05T03:41:25.296048Z,KXBTC15M-26OCT042345-45,0.0220,150.00,yes
2026-10-05T03:41:25.296048Z,KXBTC15M-26OCT042345-45,0.0170,7.00,yes
2026-10-05T03:41:25.296048Z,KXBTC15M-26OCT042345-45,0.0170,13.00,yes
2026-10-05T03:41:25.296048Z,KXBTC15M-26OCT042345-45,0.0210,1.00,yes
2026-10-05T03:41:25.296048Z,KXBTC15M-26OCT042345-45,0.0180,66.00,yes
2026-10-05T03:41:25.296048Z,KXBTC15M-26OCT042345-45,0.0170,195.50,yes
2026-10-05T03:41:25.296048Z,KXBTC15M-26OCT042345-45,0.0170,0.01,yes
2026-10-05T03:41:25.296048Z,KXBTC15M-26OCT042345-45,0.0170,0.01,yes
2026-10-05T03:41:25.296048Z,KXBTC15M-26OCT042345-45,0.0170,400.00,yes
2026-10-05T03:41:25.296048Z,KXBTC15M-26OCT042345-45,0.0200,93.75,yes
2026-10-05T03:41:25.296048Z,KXBTC15M-26OCT042345-45,0.0180,15.00,yes
2026-10-05T03:41:25.296048Z,KXBTC15M-26OCT042345-45,0.0200,15.00,yes
2026-10-05T03:41:25.296048Z,KXBTC15M-26OCT042345-45,0.0180,702.00,yes
2026-10-05T03:41:25.296048Z,KXBTC15M-26OCT042345-45,0.0200,93.75,yes
2026-10-05T03:41:25.296048Z,KXBTC15M-26OCT042345-45,0.0180,274.00,yes
2026-10-05T03:41:25.296048Z,KXBTC15M-26OCT042345-45,0.0180,200.00,yes
2026-10-05T03:41:25.296048Z,KXBTC15M-26OCT042345-45,0.0200,15.00,yes
2026-10-05T03:41:25.296048Z,KXBTC15M-26OCT042345-45,0.0170,100.00,yes
2026-10-05T03:41:25.296048Z,KXBTC15M-26OCT042345-45,0.0170,15.00,yes
2026-10-05T03:41:25.296048Z,KXBTC15M-26OCT042345-45,0.0210,0.02,yes
2026-10-05T03:41:25.296048Z,KXBTC15M-26OCT042345-45,0.0220,0.03,yes
2026-10-05T03:41:25.296048Z,KXBTC15M-26OCT042345-45,0.0240,0.03,yes
2026-10-05T03:41:25.296048Z,KXBTC15M-26OCT042345-45,0.0200,0.02,yes
2026-10-05T03:41:25.296048Z,KXBTC15M-26OCT042345-45,0.0230,0.03,yes
2026-10-05T03:41:25.296048Z,KXBTC15M-26OCT042345-45,0.0200,50.00,yes
2026-10-05T03:41:25.296048Z,KXBTC15M-26OCT042345-45,0.0210,10.00,yes
2026-10-05T03:41:25.296048Z,KXBTC15M-26OCT042345-45,0.0230,1.00,yes
2026-10-05T03:41:25.296048Z,KXBTC15M-26OCT042345-45,0.0210,82.00,yes
2026-10-05T03:41:25.296048Z,KXBTC15M-26OCT042345-45,0.0250,53.27,yes
2026-10-05T03:41:25.296048Z,KXBTC15M-26OCT042345-45,0.0210,33.00,yes
2026-10-05T03:41:25.296048Z,KXBTC15M-26OCT042345-45,0.0240,33.00,yes
2026-10-05T03:41:25.296048Z,KXBTC15M-26OCT042345-45,0.0230,1047.00,yes
2026-10-05T03:41:25.308223Z,KXBTC15M-26OCT042345-45,0.0160,310.97,no
2026-10-05T03:41:25.308223Z,KXBTC15M-26OCT042345-45,0.0160,0.10,no
2026-10-05T03:41:25.308223Z,KXBTC15M-26OCT042345-45,0.0160,0.01,no
2026-10-05T03:41:25.308223Z,KXBTC15M-26OCT042345-45,0.0160,1.00,no
2026-10-05T03:41:25.308223Z,KXBTC15M-26OCT042345-45,0.0160,0.01,no
2026-10-05T03:41:25.308223Z,KXBTC15M-26OCT042345-45,0.0170,500.00,no
2026-10-05T03:41:25.370971Z,KXBTC15M-26OCT042345-45,0.0180,3.04,no
2026-10-05T03:41:25.440475Z,KXBTC15M-26OCT042345-45,0.0180,11.59,no
2026-10-05T03:41:25.553755Z,KXBTC15M-26OCT042345-45,0.0180,5.07,no
2026-10-05T03:41:25.612602Z,KXBTC15M-26OCT042345-45,0.0180,4.05,no
2026-10-05T03:41:25.738545Z,KXBTC15M-26OCT042345-45,0.0180,0.41,no
2026-10-05T03:41:25.766424Z,KXBTC15M-26OCT042345-45,0.0190,98.49,yes
2026-10-05T03:41:25.815228Z,KXBTC15M-26OCT042345-45,0.0180,561.41,no
2026-10-05T03:41:25.99567Z,KXBTC15M-26OCT042345-45,0.0180,50.84,no
2026-10-05T03:41:25.999065Z,KXBTC15M-26OCT042345-45,0.0180,9.55,no
2026-10-05T03:41:26.064587Z,KXBTC15M-26OCT042345-45,0.0180,94.00,no
2026-10-05T03:41:26.093191Z,KXBTC15M-26OCT042345-45,0.0180,260.36,no
2026-10-05T03:41:26.283941Z,KXBTC15M-26OCT042345-45,0.0180,138.31,no
2026-10-05T03:41:26.329589Z,KXBTC15M-26OCT042345-45,0.0190,1.51,yes
2026-10-05T03:41:26.329589Z,KXBTC15M-26OCT042345-45,0.0190,0.01,yes
2026-10-05T03:41:26.329589Z,KXBTC15M-26OCT042345-45,0.0190,0.01,yes
2026-10-05T03:41:26.329589Z,KXBTC15M-26OCT042345-45,0.0190,8.09,yes
2026-10-05T03:41:26.329589Z,KXBTC15M-26OCT042345-45,0.0190,15.00,yes
2026-10-05T03:41:26.41417Z,KXBTC15M-26OCT042345-45,0.0190,98.49,yes
2026-10-05T03:41:26.462851Z,KXBTC15M-26OCT042345-45,0.0190,48.26,yes
2026-10-05T03:41:26.492494Z,KXBTC15M-26OCT042345-45,0.0180,195.93,no
2026-10-05T03:41:26.598805Z,KXBTC15M-26OCT042345-45,0.0180,589.08,no
2026-10-05T03:41:26.61775Z,KXBTC15M-26OCT042345-45,0.0190,1.77,yes
2026-10-05T03:41:26.719371Z,KXBTC15M-26OCT042345-45,0.0180,690.99,no
2026-10-05T03:41:26.719371Z,KXBTC15M-26OCT042345-45,0.0180,0.01,no
2026-10-05T03:41:26.72183Z,KXBTC15M-26OCT042345-45,0.0180,0.02,no
2026-10-05T03:41:26.727499Z,KXBTC15M-26OCT042345-45,0.0180,0.02,no
2026-10-05T03:41:26.751317Z,KXBTC15M-26OCT042345-45,0.0180,24.56,no
2026-10-05T03:41:26.751317Z,KXBTC15M-26OCT042345-45,0.0180,15.00,no
2026-10-05T03:41:26.804698Z,KXBTC15M-26OCT042345-45,0.0170,15.00,no
2026-10-05T03:41:26.804698Z,KXBTC15M-26OCT042345-45,0.0180,0.01,no
2026-10-05T03:41:26.804698Z,KXBTC15M-26OCT042345-45,0.0180,0.01,no
2026-10-05T03:41:26.804698Z,KXBTC15M-26OCT042345-45,0.0160,259.98,no
2026-10-05T03:41:26.804698Z,KXBTC15M-26OCT042345-45,0.0160,15.00,no
2026-10-05T03:41:26.804698Z,KXBTC15M-26OCT042345-45,0.0160,15.00,no
2026-10-05T03:41:26.845351Z,KXBTC15M-26OCT042345-45,0.0150,15.00,no
2026-10-05T03:41:26.845351Z,KXBTC15M-26OCT042345-45,0.0150,2.81,no
2026-10-05T03:41:26.845351Z,KXBTC15M-26OCT042345-45,0.0150,15.00,no
2026-10-05T03:41:26.845351Z,KXBTC15M-26OCT042345-45,0.0160,0.01,no
2026-10-05T03:41:26.845351Z,KXBTC15M-26OCT042345-45,0.0150,1.00,no
2026-10-05T03:41:26.845351Z,KXBTC15M-26OCT042345-45,0.0160,0.01,no
2026-10-05T03:41:26.845351Z,KXBTC15M-26OCT042345-45,0.0160,15.00,no
2026-10-05T03:41:26.845351Z,KXBTC15M-26OCT042345-45,0.0160,0.01,no
2026-10-05T03:41:26.845351Z,KXBTC15M-26OCT042345-45,0.0150,15.00,no
2026-10-05T03:41:26.845351Z,KXBTC15M-26OCT042345-45,0.0150,1047.00,no
2026-10-05T03:41:26.845351Z,KXBTC15M-26OCT042345-45,0.0150,15.00,no
2026-10-05T03:41:26.845351Z,KXBTC15M-26OCT042345-45,0.0150,15.00,no
2026-10-05T03:41:26.845351Z,KXBTC15M-26OCT042345-45,0.0150,15.00,no
2026-10-05T03:41:26.957937Z,KXBTC15M-26OCT042345-45,0.0140,0.01,no
2026-10-05T03:41:26.957937Z,KXBTC15M-26OCT042345-45,0.0140,19.91,no
2026-10-05T03:41:26.957937Z,KXBTC15M-26OCT042345-45,0.0140,0.01,no
2026-10-05T03:41:27.019032Z,KXBTC15M-26OCT042345-45,0.0150,10.00,yes
2026-10-05T03:41:27.019032Z,KXBTC15M-26OCT042345-45,0.0150,11.00,yes
2026-10-05T03:41:27.019032Z,KXBTC15M-26OCT042345-45,0.0150,7.28,yes
2026-10-05T03:41:27.058675Z,KXBTC15M-26OCT042345-45,0.0140,12.90,no
2026-10-05T03:41:27.061309Z,KXBTC15M-26OCT042345-45,0.0140,10.00,no
2026-10-05T03:41:27.139592Z,KXBTC15M-26OCT042345-45,0.0140,73.40,no
2026-10-05T03:41:27.168417Z,KXBTC15M-26OCT042345-45,0.0140,0.62,no
2026-10-05T03:41:27.206987Z,KXBTC15M-26OCT042345-45,0.0140,99.66,no
2026-10-05T03:41:27.207198Z,KXBTC15M-26OCT042345-45,0.0140,10.42,no
2026-10-05T03:41:27.271737Z,KXBTC15M-26OCT042345-45,0.0140,123.80,no
2026-10-05T03:41:27.275202Z,KXBTC15M-26OCT042345-45,0.0150,0.01,yes
2026-10-05T03:41:27.275202Z,KXBTC15M-26OCT042345-45,0.0150,100.00,yes
2026-10-05T03:41:27.275202Z,KXBTC15M-26OCT042345-45,0.0150,0.01,yes
2026-10-05T03:41:27.275202Z,KXBTC15M-26OCT042345-45,0.0150,392.47,yes
2026-10-05T03:41:27.316831Z,KXBTC15M-26OCT042345-45,0.0150,10.72,yes
2026-10-05T03:41:27.316831Z,KXBTC15M-26OCT042345-45,0.0150,15.00,yes
2026-10-05T03:41:27.316831Z,KXBTC15M-26OCT042345-45,0.0150,1.00,yes
2026-10-05T03:41:27.316831Z,KXBTC15M-26OCT042345-45,0.0150,15.00,yes
2026-10-05T03:41:27.316831Z,KXBTC15M-26OCT042345-45,0.0150,7.53,yes
2026-10-05T03:41:27.416313Z,KXBTC15M-26OCT042345-45,0.0140,10.11,no
2026-10-05T03:41:27.416313Z,KXBTC15M-26OCT042345-45,0.0140,0.01,no
2026-10-05T03:41:27.416313Z,KXBTC15M-26OCT042345-45,0.0140,0.01,no
2026-10-05T03:41:27.476596Z,KXBTC15M-26OCT042345-45,0.0150,101.30,yes
2026-10-05T03:41:27.476596Z,KXBTC15M-26OCT042345-45,0.0150,0.01,yes
2026-10-05T03:41:27.476596Z,KXBTC15M-26OCT042345-45,0.0150,0.01,yes
2026-10-05T03:41:27.476596Z,KXBTC15M-26OCT042345-45,0.0150,11.00,yes
2026-10-05T03:41:27.476596Z,KXBTC15M-26OCT042345-45,0.0150,89.28,yes
2026-10-05T03:41:27.476596Z,KXBTC15M-26OCT042345-45,0.0150,116.40,yes
2026-10-05T03:41:27.476596Z,KXBTC15M-26OCT042345-45,0.0150,15.00,yes
2026-10-05T03:41:27.476596Z,KXBTC15M-26OCT042345-45,0.0150,13.00,yes
2026-10-05T03:41:27.568556Z,KXBTC15M-26OCT042345-45,0.0140,2.02,no
2026-10-05T03:41:27.605531Z,KXBTC15M-26OCT042345-45,0.0150,0.01,yes
2026-10-05T03:41:27.605531Z,KXBTC15M-26OCT042345-45,0.0150,15.00,yes
2026-10-05T03:41:27.605531Z,KXBTC15M-26OCT042345-45,0.0150,127.98,yes
2026-10-05T03:41:27.605531Z,KXBTC15M-26OCT042345-45,0.0150,0.01,yes
2026-10-05T03:41:27.605531Z,KXBTC15M-26OCT042345-45,0.0150,13.00,yes
2026-10-05T03:41:27.605531Z,KXBTC15M-26OCT042345-45,0.0150,10.00,yes
2026-10-05T03:41:27.633321Z,KXBTC15M-26OCT042345-45,0.0140,2.02,no
2026-10-05T03:41:27.652125Z,KXBTC15M-26OCT042345-45,0.0140,32.83,no
2026-10-05T03:41:27.847499Z,KXBTC15M-26OCT042345-45,0.0150,62.36,yes
2026-10-05T03:41:27.894776Z,KXBTC15M-26OCT042345-45,0.0140,9.40,no
2026-10-05T03:41:27.901226Z,KXBTC15M-26OCT042345-45,0.0140,131.08,no
2026-10-05T03:41:27.993537Z,KXBTC15M-26OCT042345-45,0.0150,0.01,yes
2026-10-05T03:41:27.993537Z,KXBTC15M-26OCT042345-45,0.0150,10.00,yes
2026-10-05T03:41:27.993537Z,KXBTC15M-26OCT042345-45,0.0150,0.01,yes
2026-10-05T03:41:27.993537Z,KXBTC15M-26OCT042345-45,0.0150,0.02,yes
2026-10-05T03:41:27.993537Z,KXBTC15M-26OCT042345-45,0.0150,15.00,yes
2026-10-05T03:41:27.993537Z,KXBTC15M-26OCT042345-45,0.0150,1.00,yes
2026-10-05T03:41:27.993537Z,KXBTC15M-26OCT042345-45,0.0150,98.69,yes
2026-10-05T03:41:28.052935Z,KXBTC15M-26OCT042345-45,0.0140,15.00,no
2026-10-05T03:41:28.052935Z,KXBTC15M-26OCT042345-45,0.0140,0.01,no
2026-10-05T03:41:28.052935Z,KXBTC15M-26OCT042345-45,0.0140,15.00,no
2026-10-05T03:41:28.052935Z,KXBTC15M-26OCT042345-45,0.0140,0.01,no
2026-10-05T03:41:28.052935Z,KXBTC15M-26OCT042345-45,0.0140,0.37,no
2026-10-05T03:41:28.056698Z,KXBTC15M-26OCT042345-45,0.0160,162.00,yes
2026-10-05T03:41:28.056698Z,KXBTC15M-26OCT042345-45,0.0160,411.00,yes
2026-10-05T03:41:28.056698Z,KXBTC15M-26OCT042345-45,0.0150,93.12,yes
2026-10-05T03:41:28.056698Z,KXBTC15M-26OCT042345-45,0.0150,15.00,yes
2026-10-05T03:41:28.056698Z,KXBTC15M-26OCT042345-45,0.0150,400.00,yes
2026-10-05T03:41:28.056698Z,KXBTC15M-26OCT042345-45,0.0160,90.15,yes
2026-10-05T03:41:28.056698Z,KXBTC15M-26OCT042345-45,0.0150,0.01,yes
2026-10-05T03:41:28.056698Z,KXBTC15M-26OCT042345-45,0.0150,0.01,yes
2026-10-05T03:41:28.056698Z,KXBTC15M-26OCT042345-45,0.0150,10.00,yes
2026-10-05T03:41:28.056698Z,KXBTC15M-26OCT042345-45,0.0150,13.00,yes
2026-10-05T03:41:28.112949Z,KXBTC15M-26OCT042345-45,0.0150,0.60,yes
2026-10-05T03:41:28.112949Z,KXBTC15M-26OCT042345-45,0.0150,0.01,yes
2026-10-05T03:41:28.112949Z,KXBTC15M-26OCT042345-45,0.0150,0.01,yes
2026-10-05T03:41:28.17304Z,KXBTC15M-26OCT042345-45,0.0150,14.40,yes
2026-10-05T03:41:28.17304Z,KXBTC15M-26OCT042345-45,0.0150,15.00,yes
2026-10-05T03:41:28.17304Z,KXBTC15M-26OCT042345-45,0.0150,40.55,yes
2026-10-05T03:41:28.17304Z,KXBTC15M-26OCT042345-45,0.0150,8.00,yes
2026-10-05T03:41:28.247464Z,KXBTC15M-26OCT042345-45,0.0150,61.11,yes
2026-10-05T03:41:28.296052Z,KXBTC15M-26OCT042345-45,0.0150,100.00,yes
2026-10-05T03:41:28.324443Z,KXBTC15M-26OCT042345-45,0.0150,0.01,yes
2026-10-05T03:41:28.324443Z,KXBTC15M-26OCT042345-45,0.0150,13.00,yes
2026-10-05T03:41:28.324443Z,KXBTC15M-26OCT042345-45,0.0150,198.34,yes
2026-10-05T03:41:28.324443Z,KXBTC15M-26OCT042345-45,0.0150,93.12,yes
2026-10-05T03:41:28.324443Z,KXBTC15M-26OCT042345-45,0.0150,0.01,yes
2026-10-05T03:41:28.324443Z,KXBTC15M-26OCT042345-45,0.0150,0.02,yes
2026-10-05T03:41:28.324443Z,KXBTC15M-26OCT042345-45,0.0150,2.84,yes
2026-10-05T03:41:28.36157Z,KXBTC15M-26OCT042345-45,0.0140,15.00,no
2026-10-05T03:41:28.36157Z,KXBTC15M-26OCT042345-45,0.0140,14.63,no
2026-10-05T03:41:28.36157Z,KXBTC15M-26OCT042345-45,0.0140,30.37,no
2026-10-05T03:41:28.388117Z,KXBTC15M-26OCT042345-45,0.0140,2.01,no
2026-10-05T03:41:28.472314Z,KXBTC15M-26OCT042345-45,0.0150,4.16,yes
2026-10-05T03:41:28.472314Z,KXBTC15M-26OCT042345-45,0.0150,0.01,yes
2026-10-05T03:41:28.472314Z,KXBTC15M-26OCT042345-45,0.0150,0.01,yes
2026-10-05T03:41:28.472314Z,KXBTC15M-26OCT042345-45,0.0150,2.05,yes
2026-10-05T03:41:28.487817Z,KXBTC15M-26OCT042345-45,0.0140,19.59,no
2026-10-05T03:41:28.49632Z,KXBTC15M-26OCT042345-45,0.0140,1.00,no
2026-10-05T03:41:28.49632Z,KXBTC15M-26OCT042345-45,0.0140,69.97,no
2026-10-05T03:41:28.49632Z,KXBTC15M-26OCT042345-45,0.0140,29.03,no
2026-10-05T03:41:28.506155Z,KXBTC15M-26OCT042345-45,0.0140,100.30,no
2026-10-05T03:41:28.517666Z,KXBTC15M-26OCT042345-45,0.0150,62.36,yes
2026-10-05T03:41:28.566488Z,KXBTC15M-26OCT042345-45,0.0140,91.00,no
2026-10-05T03:41:28.599399Z,KXBTC15M-26OCT042345-45,0.0140,2.00,no
2026-10-05T03:41:28.664455Z,KXBTC15M-26OCT042345-45,0.0150,20.09,yes
2026-10-05T03:41:28.688416Z,KXBTC15M-26OCT042345-45,0.0150,108.21,yes
2026-10-05T03:41:28.726571Z,KXBTC15M-26OCT042345-45,0.0150,124.73,yes
2026-10-05T03:41:28.737189Z,KXBTC15M-26OCT042345-45,0.0150,3.50,yes
2026-10-05T03:41:28.738911Z,KXBTC15M-26OCT042345-45,0.0150,55.73,yes
2026-10-05T03:41:28.766706Z,KXBTC15M-26OCT042345-45,0.0150,23.33,yes
2026-10-05T03:41:28.766706Z,KXBTC15M-26OCT042345-45,0.0150,7.85,yes
2026-10-05T03:41:28.920001Z,KXBTC15M-26OCT042345-45,0.0150,0.36,yes
2026-10-05T03:41:28.920001Z,KXBTC15M-26OCT042345-45,0.0150,5.15,yes
2026-10-05T03:41:28.940298Z,KXBTC15M-26OCT042345-45,0.0140,32.21,no
2026-10-05T03:41:28.990812Z,KXBTC15M-26OCT042345-45,0.0150,14.64,yes
2026-10-05T03:41:28.990812Z,KXBTC15M-26OCT042345-45,0.0150,0.01,yes
2026-10-05T03:41:28.990812Z,KXBTC15M-26OCT042345-45,0.0150,0.01,yes
2026-10-05T03:41:28.990812Z,KXBTC15M-26OCT042345-45,0.0150,55.87,yes
2026-10-05T03:41:28.990812Z,KXBTC15M-26OCT042345-45,0.0150,10.52,yes
2026-10-05T03:41:29.007009Z,KXBTC15M-26OCT042345-45,0.0150,1.00,yes
2026-10-05T03:41:29.007009Z,KXBTC15M-26OCT042345-45,0.0150,5.21,yes
2026-10-05T03:41:29.007009Z,KXBTC15M-26OCT042345-45,0.0150,0.02,yes
2026-10-05T03:41:29.051075Z,KXBTC15M-26OCT042345-45,0.0150,62.36,yes
2026-10-05T03:41:29.083249Z,KXBTC15M-26OCT042345-45,0.0150,37.91,yes
2026-10-05T03:41:29.307965Z,KXBTC15M-26OCT042345-45,0.0140,58.47,no
2026-10-05T03:41:29.326973Z,KXBTC15M-26OCT042345-45,0.0150,12.00,yes
2026-10-05T03:41:29.326973Z,KXBTC15M-26OCT042345-45,0.0150,86.52,yes
2026-10-05T03:41:29.326973Z,KXBTC15M-26OCT042345-45,0.0150,3.62,yes
2026-10-05T03:41:29.326973Z,KXBTC15M-26OCT042345-45,0.0150,7.00,yes
2026-10-05T03:41:29.490979Z,KXBTC15M-26OCT042345-45,0.0150,4.23,yes
2026-10-05T03:41:29.490979Z,KXBTC15M-26OCT042345-45,0.0150,46.39,yes
2026-10-05T03:41:29.613266Z,KXBTC15M-26OCT042345-45,0.0150,115.37,yes
2026-10-05T03:41:29.626091Z,KXBTC15M-26OCT042345-45,0.0140,15.00,no
2026-10-05T03:41:29.626091Z,KXBTC15M-26OCT042345-45,0.0140,15.00,no
2026-10-05T03:41:29.626091Z,KXBTC15M-26OCT042345-45,0.0140,0.01,no
2026-10-05T03:41:29.626091Z,KXBTC15M-26OCT042345-45,0.0140,15.00,no
2026-10-05T03:41:29.626091Z,KXBTC15M-26OCT042345-45,0.0140,0.01,no
2026-10-05T03:41:29.626091Z,KXBTC15M-26OCT042345-45,0.0140,15.00,no
2026-10-05T03:41:29.626091Z,KXBTC15M-26OCT042345-45,0.0130,366.50,no
2026-10-05T03:41:29.626091Z,KXBTC15M-26OCT042345-45,0.0140,409.32,no
2026-10-05T03:41:29.626091Z,KXBTC15M-26OCT042345-45,0.0140,15.00,no
2026-10-05T03:41:29.679047Z,KXBTC15M-26OCT042345-45,0.0130,4.27,no
2026-10-05T03:41:29.707796Z,KXBTC15M-26OCT042345-45,0.0130,8.74,no
2026-10-05T03:41:29.708424Z,KXBTC15M-26OCT042345-45,0.0140,26.81,yes
2026-10-05T03:41:29.772059Z,KXBTC15M-26OCT042345-45,0.0140,5.07,yes
2026-10-05T03:41:29.79729Z,KXBTC15M-26OCT042345-45,0.0140,10.47,yes
2026-10-05T03:41:29.805649Z,KXBTC15M-26OCT042345-45,0.0130,5.06,no
2026-10-05T03:41:29.925206Z,KXBTC15M-26OCT042345-45,0.0130,1.01,no
2026-10-05T03:41:29.948407Z,KXBTC15M-26OCT042345-45,0.0130,202.45,no
2026-10-05T03:41:29.987042Z,KXBTC15M-26OCT042345-45,0.0130,73.29,no
2026-10-05T03:41:30.061241Z,KXBTC15M-26OCT042345-45,0.0120,100.00,no
2026-10-05T03:41:30.061241Z,KXBTC15M-26OCT042345-45,0.0120,15.00,no
2026-10-05T03:41:30.061241Z,KXBTC15M-26OCT042345-45,0.0120,1.00,no
2026-10-05T03:41:30.061241Z,KXBTC15M-26OCT042345-45,0.0130,87.00,no
2026-10-05T03:41:30.061241Z,KXBTC15M-26OCT042345-45,0.0130,0.01,no
2026-10-05T03:41:30.061241Z,KXBTC15M-26OCT042345-45,0.0130,0.01,no
2026-10-05T03:41:30.061241Z,KXBTC15M-26OCT042345-45,0.0110,739.79,no
2026-10-05T03:41:30.061241Z,KXBTC15M-26OCT042345-45,0.0110,512.00,no
2026-10-05T03:41:30.061241Z,KXBTC15M-26OCT042345-45,0.0110,512.00,no
2026-10-05T03:41:30.061241Z,KXBTC15M-26OCT042345-45,0.0110,133.64,no
2026-10-05T03:41:30.061241Z,KXBTC15M-26OCT042345-45,0.0110,512.00,no
2026-10-05T03:41:30.061241Z,KXBTC15M-26OCT042345-45,0.0110,232.76,no
2026-10-05T03:41:30.097866Z,KXBTC15M-26OCT042345-45,0.0120,66.82,yes
2026-10-05T03:41:30.104313Z,KXBTC15M-26OCT042345-45,0.0120,56.82,yes
2026-10-05T03:41:30.238419Z,KXBTC15M-26OCT042345-45,0.0110,3.03,no
2026-10-05T03:41:30.339754Z,KXBTC15M-26OCT042345-45,0.0120,13.36,yes
2026-10-05T03:41:30.346884Z,KXBTC15M-26OCT042345-45,0.0120,1.00,yes
2026-10-05T03:41:30.353635Z,KXBTC15M-26OCT042345-45,0.0120,5.05,yes
2026-10-05T03:41:30.376167Z,KXBTC15M-26OCT042345-45,0.0120,11.39,yes
2026-10-05T03:41:30.430483Z,KXBTC15M-26OCT042345-45,0.0110,20.00,no
2026-10-05T03:41:30.430483Z,KXBTC15M-26OCT042345-45,0.0110,1047.00,no
2026-10-05T03:41:30.430483Z,KXBTC15M-26OCT042345-45,0.0110,2.00,no
2026-10-05T03:41:30.430483Z,KXBTC15M-26OCT042345-45,0.0110,2.00,no
2026-10-05T03:41:30.430483Z,KXBTC15M-26OCT042345-45,0.0110,95.00,no
2026-10-05T03:41:30.430483Z,KXBTC15M-26OCT042345-45,0.0110,0.01,no
2026-10-05T03:41:30.430483Z,KXBTC15M-26OCT042345-45,0.0110,200.00,no
2026-10-05T03:41:30.430483Z,KXBTC15M-26OCT042345-45,0.0110,0.01,no
2026-10-05T03:41:30.430483Z,KXBTC15M-26OCT042345-45,0.0110,17.00,no
2026-10-05T03:41:30.430483Z,KXBTC15M-26OCT042345-45,0.0110,998.00,no
2026-10-05T03:41:30.430483Z,KXBTC15M-26OCT042345-45,0.0110,328.96,no
2026-10-05T03:41:30.430483Z,KXBTC15M-26OCT042345-45,0.0110,500.00,no
2026-10-05T03:41:30.430483Z,KXBTC15M-26OCT042345-45,0.0110,64.21,no
2026-10-05T03:41:30.430483Z,KXBTC15M-26OCT042345-45,0.0110,150.00,no
2026-10-05T03:41:30.430483Z,KXBTC15M-26OCT042345-45,0.0110,352.00,no
2026-10-05T03:41:30.430483Z,KXBTC15M-26OCT042345-45,0.0110,1.00,no
2026-10-05T03:41:30.430483Z,KXBTC15M-26OCT042345-45,0.0110,1.00,no
2026-10-05T03:41:30.430483Z,KXBTC15M-26OCT042345-45,0.0110,20.00,no
2026-10-05T03:41:30.430483Z,KXBTC15M-26OCT042345-45,0.0110,2.00,no
2026-10-05T03:41:30.430483Z,KXBTC15M-26OCT042345-45,0.0110,1.00,no
2026-10-05T03:41:30.430483Z,KXBTC15M-26OCT042345-45,0.0110,100.00,no
2026-10-05T03:41:30.430483Z,KXBTC15M-26OCT042345-45,0.0110,2.00,no
2026-10-05T03:41:30.430483Z,KXBTC15M-26OCT042345-45,0.0110,10.00,no
2026-10-05T03:41:30.430483Z,KXBTC15M-26OCT042345-45,0.0110,1.00,no
2026-10-05T03:41:30.532877Z,KXBTC15M-26OCT042345-45,0.0110,0.01,no
2026-10-05T03:41:30.532877Z,KXBTC15M-26OCT042345-45,0.0110,0.01,no
2026-10-05T03:41:30.532877Z,KXBTC15M-26OCT042345-45,0.0110,8.19,no
2026-10-05T03:41:30.592957Z,KXBTC15M-26OCT042345-45,0.0120,28.56,yes
2026-10-05T03:41:30.592957Z,KXBTC15M-26OCT042345-45,0.0120,78.55,yes
2026-10-05T03:41:30.686694Z,KXBTC15M-26OCT042345-45,0.0110,63.82,no
2026-10-05T03:41:30.686694Z,KXBTC15M-26OCT042345-45,0.0110,17.00,no
2026-10-05T03:41:30.765534Z,KXBTC15M-26OCT042345-45,0.0110,7.86,no
2026-10-05T03:41:30.935304Z,KXBTC15M-26OCT042345-45,0.0120,70.00,yes
2026-10-05T03:41:30.993354Z,KXBTC15M-26OCT042345-45,0.0110,5.05,no
2026-10-05T03:41:31.011844Z,KXBTC15M-26OCT042345-45,0.0120,9.81,yes
2026-10-05T03:41:31.025267Z,KXBTC15M-26OCT042345-45,0.0120,77.94,yes
2026-10-05T03:41:31.027963Z,KXBTC15M-26OCT042345-45,0.0110,0.01,no
2026-10-05T03:41:31.027963Z,KXBTC15M-26OCT042345-45,0.0110,17.00,no
2026-10-05T03:41:31.027963Z,KXBTC15M-26OCT042345-45,0.0110,73.27,no
2026-10-05T03:41:31.027963Z,KXBTC15M-26OCT042345-45,0.0110,0.01,no
2026-10-05T03:41:31.027963Z,KXBTC15M-26OCT042345-45,0.0100,42.07,no
2026-10-05T03:41:31.027963Z,KXBTC15M-26OCT042345-45,0.0100,3.00,no
2026-10-05T03:41:31.045621Z,KXBTC15M-26OCT042345-45,0.0110,37.57,yes
2026-10-05T03:41:31.078313Z,KXBTC15M-26OCT042345-45,0.0100,215.78,no
2026-10-05T03:41:31.078313Z,KXBTC15M-26OCT042345-45,0.0100,284.93,no
2026-10-05T03:41:31.082874Z,KXBTC15M-26OCT042345-45,0.0100,296.22,no
2026-10-05T03:41:31.082874Z,KXBTC15M-26OCT042345-45,0.0100,135.51,no
2026-10-05T03:41:31.107964Z,KXBTC15M-26OCT042345-45,0.0100,0.10,no
2026-10-05T03:41:31.133682Z,KXBTC15M-26OCT042345-45,0.0100,98.99,no
2026-10-05T03:41:31.189488Z,KXBTC15M-26OCT042345-45,0.0100,5.00,no
2026-10-05T03:41:31.27325Z,KXBTC15M-26OCT042345-45,0.0110,0.97,yes
2026-10-05T03:41:31.27325Z,KXBTC15M-26OCT042345-45,0.0110,0.10,yes
2026-10-05T03:41:31.27325Z,KXBTC15M-26OCT042345-45,0.0110,0.01,yes
2026-10-05T03:41:31.27325Z,KXBTC15M-26OCT042345-45,0.0110,0.01,yes
2026-10-05T03:41:31.29582Z,KXBTC15M-26OCT042345-45,0.0100,55.19,no
2026-10-05T03:41:31.300661Z,KXBTC15M-26OCT042345-45,0.0110,0.57,yes
2026-10-05T03:41:31.300661Z,KXBTC15M-26OCT042345-45,0.0110,14.03,yes
2026-10-05T03:41:31.370375Z,KXBTC15M-26OCT042345-45,0.0110,14.43,yes
2026-10-05T03:41:31.370375Z,KXBTC15M-26OCT042345-45,0.0110,100.00,yes
2026-10-05T03:41:31.370375Z,KXBTC15M-26OCT042345-45,0.0110,150.00,yes
2026-10-05T03:41:31.370375Z,KXBTC15M-26OCT042345-45,0.0110,203.22,yes
2026-10-05T03:41:31.392283Z,KXBTC15M-26OCT042345-45,0.0110,40.00,yes
2026-10-05T03:41:31.43816Z,KXBTC15M-26OCT042345-45,0.0100,4.59,no
2026-10-05T03:41:31.446159Z,KXBTC15M-26OCT042345-45,0.0110,251.52,yes
2026-10-05T03:41:31.527737Z,KXBTC15M-26OCT042345-45,0.0110,17.85,yes
2026-10-05T03:41:31.618294Z,KXBTC15M-26OCT042345-45,0.0110,100.00,yes
2026-10-05T03:41:31.71289Z,KXBTC15M-26OCT042345-45,0.0100,100.93,no
2026-10-05T03:41:31.796409Z,KXBTC15M-26OCT042345-45,0.0110,85.02,yes
2026-10-05T03:41:31.867898Z,KXBTC15M-26OCT042345-45,0.0110,4.09,yes
2026-10-05T03:41:31.937447Z,KXBTC15M-26OCT042345-45,0.0100,111.69,no
2026-10-05T03:41:31.937447Z,KXBTC15M-26OCT042345-45,0.0100,328.88,no
2026-10-05T03:41:31.972968Z,KXBTC15M-26OCT042345-45,0.0110,85.02,yes
2026-10-05T03:41:32.015585Z,KXBTC15M-26OCT042345-45,0.0110,3.56,yes
2026-10-05T03:41:32.029462Z,KXBTC15M-26OCT042345-45,0.0110,1.02,yes
2026-10-05T03:41:32.086271Z,KXBTC15M-26OCT042345-45,0.0100,0.08,no
2026-10-05T03:41:32.094178Z,KXBTC15M-26OCT042345-45,0.0110,0.55,yes
2026-10-05T03:41:32.119212Z,KXBTC15M-26OCT042345-45,0.0110,33.32,yes
2026-10-05T03:41:32.122361Z,KXBTC15M-26OCT042345-45,0.0110,26.57,yes
2026-10-05T03:41:32.16458Z,KXBTC15M-26OCT042345-45,0.0110,85.02,yes
2026-10-05T03:41:32.23387Z,KXBTC15M-26OCT042345-45,0.0100,29.27,no
2026-10-05T03:41:32.375722Z,KXBTC15M-26OCT042345-45,0.0100,1.00,no
2026-10-05T03:41:32.378736Z,KXBTC15M-26OCT042345-45,0.0100,10.69,no
2026-10-05T03:41:32.40356Z,KXBTC15M-26OCT042345-45,0.0110,95.24,yes
2026-10-05T03:41:32.40356Z,KXBTC15M-26OCT042345-45,0.0110,48.78,yes
2026-10-05T03:41:32.409211Z,KXBTC15M-26OCT042345-45,0.0110,85.02,yes
2026-10-05T03:41:32.443255Z,KXBTC15M-26OCT042345-45,0.0110,10.00,yes
2026-10-05T03:41:32.474405Z,KXBTC15M-26OCT042345-45,0.0110,71.98,yes
2026-10-05T03:41:32.474405Z,KXBTC15M-26OCT042345-45,0.0110,135.51,yes
2026-10-05T03:41:32.474405Z,KXBTC15M-26OCT042345-45,0.0110,217.62,yes
2026-10-05T03:41:32.496104Z,KXBTC15M-26OCT042345-45,0.0110,98.99,yes
2026-10-05T03:41:32.496104Z,KXBTC15M-26OCT042345-45,0.0110,15.00,yes
2026-10-05T03:41:32.496104Z,KXBTC15M-26OCT042345-45,0.0110,15.00,yes
2026-10-05T03:41:32.496104Z,KXBTC15M-26OCT042345-45,0.0110,55.19,yes
2026-10-05T03:41:32.496104Z,KXBTC15M-26OCT042345-45,0.0110,5.00,yes
2026-10-05T03:41:32.496104Z,KXBTC15M-26OCT042345-45,0.0110,1.00,yes
2026-10-05T03:41:32.496104Z,KXBTC15M-26OCT042345-45,0.0110,0.02,yes
2026-10-05T03:41:32.496104Z,KXBTC15M-26OCT042345-45,0.0110,0.10,yes
2026-10-05T03:41:32.496104Z,KXBTC15M-26OCT042345-45,0.0110,0.01,yes
2026-10-05T03:41:32.496104Z,KXBTC15M-26OCT042345-45,0.0110,100.93,yes
2026-10-05T03:41:32.496104Z,KXBTC15M-26OCT042345-45,0.0110,0.01,yes
2026-10-05T03:41:32.496104Z,KXBTC15M-26OCT042345-45,0.0110,35.67,yes
2026-10-05T03:41:32.496104Z,KXBTC15M-26OCT042345-45,0.0110,4.59,yes
2026-10-05T03:41:32.496104Z,KXBTC15M-26OCT042345-45,0.0110,15.00,yes
2026-10-05T03:41:32.496104Z,KXBTC15M-26OCT042345-45,0.0110,78.60,yes
2026-10-05T03:41:32.538352Z,KXBTC15M-26OCT042345-45,0.0110,9.59,yes
2026-10-05T03:41:32.625371Z,KXBTC15M-26OCT042345-45,0.0100,5.00,no
2026-10-05T03:41:32.773563Z,KXBTC15M-26OCT042345-45,0.0110,72.96,yes
2026-10-05T03:41:32.86263Z,KXBTC15M-26OCT042345-45,0.0100,11.39,no
2026-10-05T03:41:32.86263Z,KXBTC15M-26OCT042345-45,0.0100,5.69,no
2026-10-05T03:41:32.86263Z,KXBTC15M-26OCT042345-45,0.0100,44.48,no
2026-10-05T03:41:32.86263Z,KXBTC15M-26OCT042345-45,0.0100,3.13,no
2026-10-05T03:41:32.86263Z,KXBTC15M-26OCT042345-45,0.0100,11.39,no
2026-10-05T03:41:32.86263Z,KXBTC15M-26OCT042345-45,0.0100,4.55,no
2026-10-05T03:41:32.86263Z,KXBTC15M-26OCT042345-45,0.0100,14.16,no
2026-10-05T03:41:32.86263Z,KXBTC15M-26OCT042345-45,0.0100,1.14,no
2026-10-05T03:41:32.86263Z,KXBTC15M-26OCT042345-45,0.0100,5.95,no
2026-10-05T03:41:32.86263Z,KXBTC15M-26OCT042345-45,0.0100,0.28,no
2026-10-05T03:41:32.86263Z,KXBTC15M-26OCT042345-45,0.0100,2.32,no
2026-10-05T03:41:32.86263Z,KXBTC15M-26OCT042345-45,0.0100,2.63,no
2026-10-05T03:41:32.86263Z,KXBTC15M-26OCT042345-45,0.0100,41.67,no
2026-10-05T03:41:32.86263Z,KXBTC15M-26OCT042345-45,0.0100,0.09,no
2026-10-05T03:41:32.86263Z,KXBTC15M-26OCT042345-45,0.0100,113.06,no
2026-10-05T03:41:32.86263Z,KXBTC15M-26OCT042345-45,0.0100,0.84,no
2026-10-05T03:41:32.86263Z,KXBTC15M-26OCT042345-45,0.0100,71.43,no
2026-10-05T03:41:32.86263Z,KXBTC15M-26OCT042345-45,0.0100,6.18,no
2026-10-05T03:41:32.86263Z,KXBTC15M-26OCT042345-45,0.0100,35.25,no
2026-10-05T03:41:32.86263Z,KXBTC15M-26OCT042345-45,0.0100,6.26,no
2026-10-05T03:41:32.86263Z,KXBTC15M-26OCT042345-45,0.0100,0.65,no
2026-10-05T03:41:32.86263Z,KXBTC15M-26OCT042345-45,0.0100,1.24,no
2026-10-05T03:41:32.86263Z,KXBTC15M-26OCT042345-45,0.0100,230.00,no
2026-10-05T03:41:32.86263Z,KXBTC15M-26OCT042345-45,0.0100,61.63,no
2026-10-05T03:41:32.86263Z,KXBTC15M-26OCT042345-45,0.0100,296.71,no
2026-10-05T03:41:32.86263Z,KXBTC15M-26OCT042345-45,0.0100,6.72,no
2026-10-05T03:41:32.86263Z,KXBTC15M-26OCT042345-45,0.0100,1.33,no
2026-10-05T03:41:32.86263Z,KXBTC15M-26OCT042345-45,0.0100,6.58,no
2026-10-05T03:41:32.86263Z,KXBTC15M-26OCT042345-45,0.0100,2.68,no
2026-10-05T03:41:32.86263Z,KXBTC15M-26OCT042345-45,0.0100,2.90,no
2026-10-05T03:41:32.86263Z,KXBTC15M-26OCT042345-45,0.0100,1.29,no
2026-10-05T03:41:32.86263Z,KXBTC15M-26OCT042345-45,0.0100,2.74,no
2026-10-05T03:41:32.86263Z,KXBTC15M-26OCT042345-45,0.0100,5.52,no
2026-10-05T03:41:32.86263Z,KXBTC15M-26OCT042345-45,0.0100,105.42,no
2026-10-05T03:41:32.86263Z,KXBTC15M-26OCT042345-45,0.0100,3.59,no
2026-10-05T03:41:32.86263Z,KXBTC15M-26OCT042345-45,0.0100,8.10,no
2026-10-05T03:41:32.86263Z,KXBTC15M-26OCT042345-45,0.0100,1.58,no
2026-10-05T03:41:32.86263Z,KXBTC15M-26OCT042345-45,0.0100,131.81,no
2026-10-05T03:41:32.86263Z,KXBTC15M-26OCT042345-45,0.0100,344.68,no
2026-10-05T03:41:32.86263Z,KXBTC15M-26OCT042345-45,0.0100,8.10,no
2026-10-05T03:41:32.86263Z,KXBTC15M-26OCT042345-45,0.0100,1.62,no
2026-10-05T03:41:32.86263Z,KXBTC15M-26OCT042345-45,0.0100,16.20,no
2026-10-05T03:41:32.86263Z,KXBTC15M-26OCT042345-45,0.0100,8.06,no
2026-10-05T03:41:32.86263Z,KXBTC15M-26OCT042345-45,0.0100,15.95,no
2026-10-05T03:41:32.86263Z,KXBTC15M-26OCT042345-45,0.0100,31.27,no
2026-10-05T03:41:32.86263Z,KXBTC15M-26OCT042345-45,0.0100,1.93,no
2026-10-05T03:41:32.86263Z,KXBTC15M-26OCT042345-45,0.0100,78.19,no
2026-10-05T03:41:32.86263Z,KXBTC15M-26OCT042345-45,0.0100,9.47,no
2026-10-05T03:41:32.86263Z,KXBTC15M-26OCT042345-45,0.0100,3.58,no
2026-10-05T03:41:32.86263Z,KXBTC15M-26OCT042345-45,0.0100,9.47,no
2026-10-05T03:41:32.86263Z,KXBTC15M-26OCT042345-45,0.0100,9.47,no
2026-10-05T03:41:32.86263Z,KXBTC15M-26OCT042345-45,0.0100,1.89,no
2026-10-05T03:41:32.86263Z,KXBTC15M-26OCT042345-45,0.0100,19.32,no
2026-10-05T03:41:32.86263Z,KXBTC15M-26OCT042345-45,0.0100,9.47,no
2026-10-05T03:41:32.86263Z,KXBTC15M-26OCT042345-45,0.0100,38.91,no
2026-10-05T03:41:32.86263Z,KXBTC15M-26OCT042345-45,0.0100,3.86,no
2026-10-05T03:41:32.86263Z,KXBTC15M-26OCT042345-45,0.0100,20.00,no
2026-10-05T03:41:32.86263Z,KXBTC15M-26OCT042345-45,0.0100,8.66,no
2026-10-05T03:41:32.86263Z,KXBTC15M-26OCT042345-45,0.0100,78.81,no
2026-10-05T03:41:32.86263Z,KXBTC15M-26OCT042345-45,0.0100,0.45,no
2026-10-05T03:41:32.86263Z,KXBTC15M-26OCT042345-45,0.0100,32.09,no
2026-10-05T03:41:32.86263Z,KXBTC15M-26OCT042345-45,0.0100,7.02,no
2026-10-05T03:41:32.86263Z,KXBTC15M-26OCT042345-45,0.0100,82.38,no
2026-10-05T03:41:32.86263Z,KXBTC15M-26OCT042345-45,0.0100,43.30,no
2026-10-05T03:41:32.86263Z,KXBTC15M-26OCT042345-45,0.0100,21.08,no
2026-10-05T03:41:32.86263Z,KXBTC15M-26OCT042345-45,0.0100,173.23,no
2026-10-05T03:41:32.86263Z,KXBTC15M-26OCT042345-45,0.0100,200.00,no
2026-10-05T03:41:32.86263Z,KXBTC15M-26OCT042345-45,0.0100,100.00,no
2026-10-05T03:41:32.86263Z,KXBTC15M-26OCT042345-45,0.0100,15.45,no
2026-10-05T03:41:32.86263Z,KXBTC15M-26OCT042345-45,0.0100,5.79,no
2026-10-05T03:41:32.86263Z,KXBTC15M-26OCT042345-45,0.0100,75.00,no
2026-10-05T03:41:32.86263Z,KXBTC15M-26OCT042345-45,0.0100,60.00,no
2026-10-05T03:41:32.86263Z,KXBTC15M-26OCT042345-45,0.0100,200.00,no
2026-10-05T03:41:32.86263Z,KXBTC15M-26OCT042345-45,0.0100,352.00,no
2026-10-05T03:41:32.86263Z,KXBTC15M-26OCT042345-45,0.0100,1.00,no
2026-10-05T03:41:32.86263Z,KXBTC15M-26OCT042345-45,0.0100,137.08,no
2026-10-05T03:41:32.86263Z,KXBTC15M-26OCT042345-45,0.0100,147.00,no
2026-10-05T03:41:32.86263Z,KXBTC15M-26OCT042345-45,0.0100,73.00,no
2026-10-05T03:41:32.86263Z,KXBTC15M-26OCT042345-45,0.0100,150.00,no
2026-10-05T03:41:33.002112Z,KXBTC15M-26OCT042345-45,0.0110,37.52,yes
2026-10-05T03:41:33.079705Z,KXBTC15M-26OCT042345-45,0.0100,58.55,no
2026-10-05T03:41:33.089508Z,KXBTC15M-26OCT042345-45,0.0100,1.00,no
2026-10-05T03:41:33.098083Z,KXBTC15M-26OCT042345-45,0.0100,19.84,no
2026-10-05T03:41:33.116838Z,KXBTC15M-26OCT042345-45,0.0100,16.00,no
2026-10-05T03:41:33.12631Z,KXBTC15M-26OCT042345-45,0.0110,85.02,yes
2026-10-05T03:41:33.131855Z,KXBTC15M-26OCT042345-45,0.0100,40.00,no
2026-10-05T03:41:33.255564Z,KXBTC15M-26OCT042345-45,0.0100,14.66,no
2026-10-05T03:41:33.289708Z,KXBTC15M-26OCT042345-45,0.0110,25.50,yes
2026-10-05T03:41:33.374014Z,KXBTC15M-26OCT042345-45,0.0100,395.61,no
2026-10-05T03:41:33.44111Z,KXBTC15M-26OCT042345-45,0.0100,20.18,no
2026-10-05T03:41:33.454977Z,KXBTC15M-26OCT042345-45,0.0110,35.48,yes
2026-10-05T03:41:33.457212Z,KXBTC15M-26OCT042345-45,0.0110,10.62,yes
2026-10-05T03:41:33.464315Z,KXBTC15M-26OCT042345-45,0.0110,38.43,yes
2026-10-05T03:41:33.464315Z,KXBTC15M-26OCT042345-45,0.0110,16.52,yes
2026-10-05T03:41:33.464315Z,KXBTC15M-26OCT042345-45,0.0110,111.69,yes
2026-10-05T03:41:33.560539Z,KXBTC15M-26OCT042345-45,0.0110,7.65,yes
2026-10-05T03:41:33.782304Z,KXBTC15M-26OCT042345-45,0.0100,68.69,no
2026-10-05T03:41:33.783648Z,KXBTC15M-26OCT042345-45,0.0100,404.04,no
2026-10-05T03:41:33.940779Z,KXBTC15M-26OCT042345-45,0.0110,19.92,yes
2026-10-05T03:41:33.940779Z,KXBTC15M-26OCT042345-45,0.0110,0.91,yes
2026-10-05T03:41:33.951498Z,KXBTC15M-26OCT042345-45,0.0100,4.09,no
2026-10-05T03:41:33.951498Z,KXBTC15M-26OCT042345-45,0.0100,5.63,no
2026-10-05T03:41:33.951498Z,KXBTC15M-26OCT042345-45,0.0100,33.21,no
2026-10-05T03:41:33.96181Z,KXBTC15M-26OCT042345-45,0.0110,1.00,yes
2026-10-05T03:41:33.96181Z,KXBTC15M-26OCT042345-45,0.0110,0.08,yes
2026-10-05T03:41:33.96181Z,KXBTC15M-26OCT042345-45,0.0110,10.69,yes
2026-10-05T03:41:33.96181Z,KXBTC15M-26OCT042345-45,0.0110,12.00,yes
2026-10-05T03:41:33.96181Z,KXBTC15M-26OCT042345-45,0.0110,12.00,yes
2026-10-05T03:41:33.96181Z,KXBTC15M-26OCT042345-45,0.0110,5.00,yes
2026-10-05T03:41:33.96181Z,KXBTC15M-26OCT042345-45,0.0110,38.00,yes
2026-10-05T03:41:33.96181Z,KXBTC15M-26OCT042345-45,0.0110,0.01,yes
2026-10-05T03:41:33.96181Z,KXBTC15M-26OCT042345-45,0.0110,6.00,yes
2026-10-05T03:41:33.96181Z,KXBTC15M-26OCT042345-45,0.0110,29.27,yes
2026-10-05T03:41:33.96181Z,KXBTC15M-26OCT042345-45,0.0110,24.85,yes
2026-10-05T03:41:33.96181Z,KXBTC15M-26OCT042345-45,0.0110,3.09,yes
2026-10-05T03:41:33.96181Z,KXBTC15M-26OCT042345-45,0.0110,0.01,yes
2026-10-05T03:41:33.96181Z,KXBTC15M-26OCT042345-45,0.0110,12.00,yes
2026-10-05T03:41:33.96181Z,KXBTC15M-26OCT042345-45,0.0110,15.00,yes
2026-10-05T03:41:33.96181Z,KXBTC15M-26OCT042345-45,0.0110,1.00,yes
2026-10-05T03:41:34.105669Z,KXBTC15M-26OCT042345-45,0.0110,371.96,yes
2026-10-05T03:41:34.105669Z,KXBTC15M-26OCT042345-45,0.0110,35.15,yes
2026-10-05T03:41:34.105669Z,KXBTC15M-26OCT042345-45,0.0110,18.00,yes
2026-10-05T03:41:34.130227Z,KXBTC15M-26OCT042345-45,0.0100,8.03,no
2026-10-05T03:41:34.130227Z,KXBTC15M-26OCT042345-45,0.0100,2.00,no
2026-10-05T03:41:34.130227Z,KXBTC15M-26OCT042345-45,0.0100,1.06,no
2026-10-05T03:41:34.130227Z,KXBTC15M-26OCT042345-45,0.0100,5.91,no
2026-10-05T03:41:34.144258Z,KXBTC15M-26OCT042345-45,0.0110,28.04,yes
2026-10-05T03:41:34.144258Z,KXBTC15M-26OCT042345-45,0.0110,22.95,yes
2026-10-05T03:41:34.144258Z,KXBTC15M-26OCT042345-45,0.0110,0.02,yes
2026-10-05T03:41:34.211556Z,KXBTC15M-26OCT042345-45,0.0100,0.02,no
2026-10-05T03:41:34.211974Z,KXBTC15M-26OCT042345-45,0.0100,0.02,no
2026-10-05T03:41:34.212186Z,KXBTC15M-26OCT042345-45,0.0100,0.02,no
2026-10-05T03:41:34.277141Z,KXBTC15M-26OCT042345-45,0.0110,22.00,yes
2026-10-05T03:41:34.350589Z,KXBTC15M-26OCT042345-45,0.0110,85.02,yes
2026-10-05T03:41:34.414254Z,KXBTC15M-26OCT042345-45,0.0100,10.00,no
2026-10-05T03:41:34.445462Z,KXBTC15M-26OCT042345-45,0.0100,22.39,no
2026-10-05T03:41:34.495386Z,KXBTC15M-26OCT042345-45,0.0100,6.25,no
2026-10-05T03:41:34.495386Z,KXBTC15M-26OCT042345-45,0.0100,59.52,no
2026-10-05T03:41:34.495386Z,KXBTC15M-26OCT042345-45,0.0100,1.00,no
2026-10-05T03:41:34.495386Z,KXBTC15M-26OCT042345-45,0.0100,38.64,no
2026-10-05T03:41:34.495386Z,KXBTC15M-26OCT042345-45,0.0100,440.34,no
2026-10-05T03:41:34.495386Z,KXBTC15M-26OCT042345-45,0.0100,1.00,no
2026-10-05T03:41:34.504701Z,KXBTC15M-26OCT042345-45,0.0100,6.00,no
2026-10-05T03:41:34.504701Z,KXBTC15M-26OCT042345-45,0.0100,6.00,no
2026-10-05T03:41:34.504701Z,KXBTC15M-26OCT042345-45,0.0100,50.00,no
2026-10-05T03:41:34.504701Z,KXBTC15M-26OCT042345-45,0.0100,906.96,no
2026-10-05T03:41:34.504701Z,KXBTC15M-26OCT042345-45,0.0100,7.01,no
2026-10-05T03:41:34.504701Z,KXBTC15M-26OCT042345-45,0.0100,6.16,no
2026-10-05T03:41:34.504701Z,KXBTC15M-26OCT042345-45,0.0100,5.82,no
2026-10-05T03:41:34.504701Z,KXBTC15M-26OCT042345-45,0.0100,252.90,no
2026-10-05T03:41:34.560141Z,KXBTC15M-26OCT042345-45,0.0100,116.31,no
2026-10-05T03:41:34.628997Z,KXBTC15M-26OCT042345-45,0.0110,215.52,yes
2026-10-05T03:41:34.636368Z,KXBTC15M-26OCT042345-45,0.0110,1.25,yes
2026-10-05T03:41:34.662531Z,KXBTC15M-26OCT042345-45,0.0100,302.81,no
2026-10-05T03:41:34.712357Z,KXBTC15M-26OCT042345-45,0.0110,125.85,yes
2026-10-05T03:41:34.712357Z,KXBTC15M-26OCT042345-45,0.0110,144.00,yes
2026-10-05T03:41:34.712357Z,KXBTC15M-26OCT042345-45,0.0110,150.00,yes
2026-10-05T03:41:34.712357Z,KXBTC15M-26OCT042345-45,0.0110,5.26,yes
2026-10-05T03:41:34.753276Z,KXBTC15M-26OCT042345-45,0.0110,11.23,yes
2026-10-05T03:41:34.753276Z,KXBTC15M-26OCT042345-45,0.0110,1.00,yes
2026-10-05T03:41:34.753276Z,KXBTC15M-26OCT042345-45,0.0110,4.77,yes
2026-10-05T03:41:34.797665Z,KXBTC15M-26OCT042345-45,0.0100,6.00,no
2026-10-05T03:41:34.797665Z,KXBTC15M-26OCT042345-45,0.0100,4.00,no
2026-10-05T03:41:34.797665Z,KXBTC15M-26OCT042345-45,0.0100,300.00,no
2026-10-05T03:41:34.797665Z,KXBTC15M-26OCT042345-45,0.0100,16.00,no
2026-10-05T03:41:34.797665Z,KXBTC15M-26OCT042345-45,0.0100,89.47,no
2026-10-05T03:41:34.797665Z,KXBTC15M-26OCT042345-45,0.0100,558.00,no
2026-10-05T03:41:34.797665Z,KXBTC15M-26OCT042345-45,0.0100,6.00,no
2026-10-05T03:41:34.797665Z,KXBTC15M-26OCT042345-45,0.0100,6.00,no
2026-10-05T03:41:34.797665Z,KXBTC15M-26OCT042345-45,0.0100,23.92,no
2026-10-05T03:41:34.834493Z,KXBTC15M-26OCT042345-45,0.0110,0.01,yes
2026-10-05T03:41:34.834493Z,KXBTC15M-26OCT042345-45,0.0110,14.77,yes
2026-10-05T03:41:34.834493Z,KXBTC15M-26OCT042345-45,0.0110,0.01,yes
2026-10-05T03:41:34.834493Z,KXBTC15M-26OCT042345-45,0.0110,70.23,yes
2026-10-05T03:41:34.862419Z,KXBTC15M-26OCT042345-45,0.0110,0.23,yes
2026-10-05T03:41:34.862419Z,KXBTC15M-26OCT042345-45,0.0110,95.35,yes
2026-10-05T03:41:34.946751Z,KXBTC15M-26OCT042345-45,0.0110,546.00,yes
2026-10-05T03:41:34.946751Z,KXBTC15M-26OCT042345-45,0.0110,90.00,yes
2026-10-05T03:41:34.946751Z,KXBTC15M-26OCT042345-45,0.0110,400.00,yes
2026-10-05T03:41:34.946751Z,KXBTC15M-26OCT042345-45,0.0110,500.00,yes
2026-10-05T03:41:34.946751Z,KXBTC15M-26OCT042345-45,0.0110,15.00,yes
2026-10-05T03:41:34.946751Z,KXBTC15M-26OCT042345-45,0.0110,156.65,yes
2026-10-05T03:41:34.946751Z,KXBTC15M-26OCT042345-45,0.0110,0.01,yes
2026-10-05T03:41:34.946751Z,KXBTC15M-26OCT042345-45,0.0110,1.00,yes
2026-10-05T03:41:34.946751Z,KXBTC15M-26OCT042345-45,0.0110,89.12,yes
2026-10-05T03:41:34.946751Z,KXBTC15M-26OCT042345-45,0.0110,0.02,yes
2026-10-05T03:41:34.946751Z,KXBTC15M-26OCT042345-45,0.0110,0.01,yes
2026-10-05T03:41:34.946751Z,KXBTC15M-26OCT042345-45,0.0110,30.96,yes
2026-10-05T03:41:34.946751Z,KXBTC15M-26OCT042345-45,0.0120,275.70,yes
2026-10-05T03:41:34.946751Z,KXBTC15M-26OCT042345-45,0.0120,512.00,yes
2026-10-05T03:41:34.946751Z,KXBTC15M-26OCT042345-45,0.0120,883.14,yes
2026-10-05T03:41:34.946751Z,KXBTC15M-26OCT042345-45,0.0120,512.00,yes
2026-10-05T03:41:34.946751Z,KXBTC15M-26OCT042345-45,0.0120,0.02,yes
2026-10-05T03:41:34.946751Z,KXBTC15M-26OCT042345-45,0.0110,10.00,yes
2026-10-05T03:41:34.953475Z,KXBTC15M-26OCT042345-45,0.0100,0.07,no
2026-10-05T03:41:35.037351Z,KXBTC15M-26OCT042345-45,0.0120,107.44,yes
2026-10-05T03:41:35.056778Z,KXBTC15M-26OCT042345-45,0.0120,102.24,yes
2026-10-05T03:41:35.1042Z,KXBTC15M-26OCT042345-45,0.0120,1.00,yes
2026-10-05T03:41:35.1042Z,KXBTC15M-26OCT042345-45,0.0120,7.00,yes
2026-10-05T03:41:35.1042Z,KXBTC15M-26OCT042345-45,0.0120,352.00,yes
2026-10-05T03:41:35.1042Z,KXBTC15M-26OCT042345-45,0.0120,410.93,yes
2026-10-05T03:41:35.1042Z,KXBTC15M-26OCT042345-45,0.0120,10.00,yes
2026-10-05T03:41:35.110434Z,KXBTC15M-26OCT042345-45,0.0110,25.27,no
2026-10-05T03:41:35.110883Z,KXBTC15M-26OCT042345-45,0.0110,6.58,no
2026-10-05T03:41:35.157027Z,KXBTC15M-26OCT042345-45,0.0110,7.06,no
2026-10-05T03:41:35.163445Z,KXBTC15M-26OCT042345-45,0.0110,31.09,no
2026-10-05T03:41:35.163445Z,KXBTC15M-26OCT042345-45,0.0110,34.58,no
2026-10-05T03:41:35.206841Z,KXBTC15M-26OCT042345-45,0.0110,35.42,no
2026-10-05T03:41:35.206841Z,KXBTC15M-26OCT042345-45,0.0110,37.90,no
2026-10-05T03:41:35.342827Z,KXBTC15M-26OCT042345-45,0.0120,93.00,yes
2026-10-05T03:41:35.42623Z,KXBTC15M-26OCT042345-45,0.0120,15.42,yes
2026-10-05T03:41:35.432602Z,KXBTC15M-26OCT042345-45,0.0110,15.15,no
2026-10-05T03:41:35.497415Z,KXBTC15M-26OCT042345-45,0.0110,5.04,no
2026-10-05T03:41:35.53921Z,KXBTC15M-26OCT042345-45,0.0120,0.02,yes
2026-10-05T03:41:35.53921Z,KXBTC15M-26OCT042345-45,0.0120,6.00,yes
2026-10-05T03:41:35.53921Z,KXBTC15M-26OCT042345-45,0.0130,47.62,yes
2026-10-05T03:41:35.53921Z,KXBTC15M-26OCT042345-45,0.0130,71.30,yes
2026-10-05T03:41:35.53921Z,KXBTC15M-26OCT042345-45,0.0120,71.30,yes
2026-10-05T03:41:35.53921Z,KXBTC15M-26OCT042345-45,0.0120,1.00,yes
2026-10-05T03:41:35.53921Z,KXBTC15M-26OCT042345-45,0.0120,10.00,yes
2026-10-05T03:41:35.53921Z,KXBTC15M-26OCT042345-45,0.0120,15.00,yes
2026-10-05T03:41:35.53921Z,KXBTC15M-26OCT042345-45,0.0130,1.00,yes
2026-10-05T03:41:35.53921Z,KXBTC15M-26OCT042345-45,0.0120,291.58,yes
2026-10-05T03:41:35.53921Z,KXBTC15M-26OCT042345-45,0.0130,15.00,yes
2026-10-05T03:41:35.53921Z,KXBTC15M-26OCT042345-45,0.0130,185.93,yes
2026-10-05T03:41:35.53921Z,KXBTC15M-26OCT042345-45,0.0130,27.07,yes
2026-10-05T03:41:35.53921Z,KXBTC15M-26OCT042345-45,0.0130,0.02,yes
2026-10-05T03:41:35.557694Z,KXBTC15M-26OCT042345-45,0.0130,7.63,yes
2026-10-05T03:41:35.666129Z,KXBTC15M-26OCT042345-45,0.0130,3.35,no
2026-10-05T03:41:35.694828Z,KXBTC15M-26OCT042345-45,0.0130,57.00,no
2026-10-05T03:41:35.899484Z,KXBTC15M-26OCT042345-45,0.0140,0.02,yes
2026-10-05T03:41:35.899484Z,KXBTC15M-26OCT042345-45,0.0140,15.28,yes
2026-10-05T03:41:35.905133Z,KXBTC15M-26OCT042345-45,0.0130,0.01,no
2026-10-05T03:41:35.905133Z,KXBTC15M-26OCT042345-45,0.0130,0.10,no
2026-10-05T03:41:35.905133Z,KXBTC15M-26OCT042345-45,0.0130,50.51,no
2026-10-05T03:41:35.905133Z,KXBTC15M-26OCT042345-45,0.0130,0.01,no
2026-10-05T03:41:35.933764Z,KXBTC15M-26OCT042345-45,0.0130,65.57,no
2026-10-05T03:41:35.956041Z,KXBTC15M-26OCT042345-45,0.0130,1.00,no
2026-10-05T03:41:36.01025Z,KXBTC15M-26OCT042345-45,0.0130,2.02,no
2026-10-05T03:41:36.137138Z,KXBTC15M-26OCT042345-45,0.0130,0.06,no
2026-10-05T03:41:36.223646Z,KXBTC15M-26OCT042345-45,0.0140,4.13,yes
2026-10-05T03:41:36.314317Z,KXBTC15M-26OCT042345-45,0.0130,22.56,no
2026-10-05T03:41:36.365666Z,KXBTC15M-26OCT042345-45,0.0130,58.28,no
2026-10-05T03:41:36.365666Z,KXBTC15M-26OCT042345-45,0.0130,400.14,no
2026-10-05T03:41:36.417159Z,KXBTC15M-26OCT042345-45,0.0140,133.63,yes
2026-10-05T03:41:36.463624Z,KXBTC15M-26OCT042345-45,0.0130,0.01,no
2026-10-05T03:41:36.463624Z,KXBTC15M-26OCT042345-45,0.0130,0.01,no
2026-10-05T03:41:36.463624Z,KXBTC15M-26OCT042345-45,0.0120,19.81,no
2026-10-05T03:41:36.46801Z,KXBTC15M-26OCT042345-45,0.0130,33.75,yes
2026-10-05T03:41:36.49254Z,KXBTC15M-26OCT042345-45,0.0130,1.09,yes
2026-10-05T03:41:36.556415Z,KXBTC15M-26OCT042345-45,0.0130,7.63,yes
2026-10-05T03:41:36.570296Z,KXBTC15M-26OCT042345-45,0.0120,4.95,no
2026-10-05T03:41:36.571913Z,KXBTC15M-26OCT042345-45,0.0130,11.00,yes
2026-10-05T03:41:36.571913Z,KXBTC15M-26OCT042345-45,0.0130,14.00,yes
2026-10-05T03:41:36.571913Z,KXBTC15M-26OCT042345-45,0.0130,2.35,yes
2026-10-05T03:41:36.571913Z,KXBTC15M-26OCT042345-45,0.0130,27.53,yes
2026-10-05T03:41:36.571913Z,KXBTC15M-26OCT042345-45,0.0130,0.01,yes
2026-10-05T03:41:36.571913Z,KXBTC15M-26OCT042345-45,0.0130,97.00,yes
2026-10-05T03:41:36.571913Z,KXBTC15M-26OCT042345-45,0.0130,0.10,yes
2026-10-05T03:41:36.571913Z,KXBTC15M-26OCT042345-45,0.0130,15.00,yes
2026-10-05T03:41:36.571913Z,KXBTC15M-26OCT042345-45,0.0130,400.00,yes
2026-10-05T03:41:36.571913Z,KXBTC15M-26OCT042345-45,0.0130,1.00,yes
2026-10-05T03:41:36.571913Z,KXBTC15M-26OCT042345-45,0.0130,0.01,yes
2026-10-05T03:41:36.589381Z,KXBTC15M-26OCT042345-45,0.0130,264.00,yes
2026-10-05T03:41:36.589381Z,KXBTC15M-26OCT042345-45,0.0130,38.72,yes
2026-10-05T03:41:36.713195Z,KXBTC15M-26OCT042345-45,0.0120,215.50,no
2026-10-05T03:41:36.718436Z,KXBTC15M-26OCT042345-45,0.0130,1.34,yes
2026-10-05T03:41:36.861452Z,KXBTC15M-26OCT042345-45,0.0130,22.86,yes
2026-10-05T03:41:36.869937Z,KXBTC15M-26OCT042345-45,0.0130,19.86,yes
2026-10-05T03:41:36.869937Z,KXBTC15M-26OCT042345-45,0.0130,0.01,yes
2026-10-05T03:41:36.869937Z,KXBTC15M-26OCT042345-45,0.0130,0.01,yes
2026-10-05T03:41:36.869937Z,KXBTC15M-26OCT042345-45,0.0130,332.68,yes
2026-10-05T03:41:36.896233Z,KXBTC15M-26OCT042345-45,0.0130,66.82,yes
2026-10-05T03:41:37.079946Z,KXBTC15M-26OCT042345-45,0.0110,95.00,no
2026-10-05T03:41:37.079946Z,KXBTC15M-26OCT042345-45,0.0110,12.00,no
2026-10-05T03:41:37.079946Z,KXBTC15M-26OCT042345-45,0.0110,15.00,no
2026-10-05T03:41:37.079946Z,KXBTC15M-26OCT042345-45,0.0110,15.00,no
2026-10-05T03:41:37.079946Z,KXBTC15M-26OCT042345-45,0.0110,200.00,no
2026-10-05T03:41:37.079946Z,KXBTC15M-26OCT042345-45,0.0110,1.00,no
2026-10-05T03:41:37.079946Z,KXBTC15M-26OCT042345-45,0.0120,0.01,no
2026-10-05T03:41:37.079946Z,KXBTC15M-26OCT042345-45,0.0120,0.01,no
2026-10-05T03:41:37.079946Z,KXBTC15M-26OCT042345-45,0.0120,15.00,no
2026-10-05T03:41:37.089208Z,KXBTC15M-26OCT042345-45,0.0110,4.81,yes
2026-10-05T03:41:37.089208Z,KXBTC15M-26OCT042345-45,0.0110,146.98,yes
2026-10-05T03:41:37.162805Z,KXBTC15M-26OCT042345-45,0.0100,4.94,no
2026-10-05T03:41:37.196691Z,KXBTC15M-26OCT042345-45,0.0100,9.90,no
2026-10-05T03:41:37.219169Z,KXBTC15M-26OCT042345-45,0.0100,4.95,no
2026-10-05T03:41:37.321965Z,KXBTC15M-26OCT042345-45,0.0110,0.01,yes
2026-10-05T03:41:37.321965Z,KXBTC15M-26OCT042345-45,0.0120,294.00,yes
2026-10-05T03:41:37.321965Z,KXBTC15M-26OCT042345-45,0.0120,106.22,yes
2026-10-05T03:41:37.321965Z,KXBTC15M-26OCT042345-45,0.0110,1.00,yes
2026-10-05T03:41:37.321965Z,KXBTC15M-26OCT042345-45,0.0120,16.36,yes
2026-10-05T03:41:37.321965Z,KXBTC15M-26OCT042345-45,0.0120,220.00,yes
2026-10-05T03:41:37.321965Z,KXBTC15M-26OCT042345-45,0.0110,1.00,yes
2026-10-05T03:41:37.321965Z,KXBTC15M-26OCT042345-45,0.0110,0.01,yes
2026-10-05T03:41:37.321965Z,KXBTC15M-26OCT042345-45,0.0110,400.00,yes
2026-10-05T03:41:37.321965Z,KXBTC15M-26OCT042345-45,0.0110,97.00,yes
2026-10-05T03:41:37.321965Z,KXBTC15M-26OCT042345-45,0.0110,15.00,yes
2026-10-05T03:41:37.321965Z,KXBTC15M-26OCT042345-45,0.0110,10.00,yes
2026-10-05T03:41:37.321965Z,KXBTC15M-26OCT042345-45,0.0120,11.00,yes
2026-10-05T03:41:37.321965Z,KXBTC15M-26OCT042345-45,0.0110,267.43,yes
2026-10-05T03:41:37.383614Z,KXBTC15M-26OCT042345-45,0.0110,0.01,no
2026-10-05T03:41:37.383614Z,KXBTC15M-26OCT042345-45,0.0110,0.01,no
2026-10-05T03:41:37.383614Z,KXBTC15M-26OCT042345-45,0.0110,650.39,no
2026-10-05T03:41:37.383614Z,KXBTC15M-26OCT042345-45,0.0110,70.00,no
2026-10-05T03:41:37.383614Z,KXBTC15M-26OCT042345-45,0.0110,70.00,no
2026-10-05T03:41:37.383614Z,KXBTC15M-26OCT042345-45,0.0110,0.10,no
2026-10-05T03:41:37.383614Z,KXBTC15M-26OCT042345-45,0.0110,17.00,no
2026-10-05T03:41:37.386885Z,KXBTC15M-26OCT042345-45,0.0100,0.01,no
2026-10-05T03:41:37.386885Z,KXBTC15M-26OCT042345-45,0.0110,846.61,no
2026-10-05T03:41:37.386885Z,KXBTC15M-26OCT042345-45,0.0100,1000.00,no
2026-10-05T03:41:37.386885Z,KXBTC15M-26OCT042345-45,0.0100,0.01,no
2026-10-05T03:41:37.386885Z,KXBTC15M-26OCT042345-45,0.0100,504.56,no
2026-10-05T03:41:37.386885Z,KXBTC15M-26OCT042345-45,0.0110,200.00,no
2026-10-05T03:41:37.386885Z,KXBTC15M-26OCT042345-45,0.0100,15.00,no
2026-10-05T03:41:37.386885Z,KXBTC15M-26OCT042345-45,0.0100,3530.83,no
2026-10-05T03:41:37.386885Z,KXBTC15M-26OCT042345-45,0.0100,50.00,no
2026-10-05T03:41:37.386885Z,KXBTC15M-26OCT042345-45,0.0100,15.00,no
2026-10-05T03:41:37.386885Z,KXBTC15M-26OCT042345-45,0.0100,15.00,no
2026-10-05T03:41:37.386885Z,KXBTC15M-26OCT042345-45,0.0100,15.00,no
2026-10-05T03:41:37.386885Z,KXBTC15M-26OCT042345-45,0.0100,15.00,no
2026-10-05T03:41:37.386885Z,KXBTC15M-26OCT042345-45,0.0110,500.00,no
2026-10-05T03:41:37.386885Z,KXBTC15M-26OCT042345-45,0.0100,75.00,no
2026-10-05T03:41:37.386885Z,KXBTC15M-26OCT042345-45,0.0100,15.00,no
2026-10-05T03:41:37.386885Z,KXBTC15M-26OCT042345-45,0.0100,2500.00,no
2026-10-05T03:41:37.386885Z,KXBTC15M-26OCT042345-45,0.0100,290.67,no
2026-10-05T03:41:37.433111Z,KXBTC15M-26OCT042345-45,0.0100,1.00,no
2026-10-05T03:41:37.433111Z,KXBTC15M-26OCT042345-45,0.0100,599.00,no
2026-10-05T03:41:37.433111Z,KXBTC15M-26OCT042345-45,0.0100,15.00,no
2026-10-05T03:41:37.433111Z,KXBTC15M-26OCT042345-45,0.0100,50.00,no
2026-10-05T03:41:37.433111Z,KXBTC15M-26OCT042345-45,0.0100,0.01,no
2026-10-05T03:41:37.433111Z,KXBTC15M-26OCT042345-45,0.0110,0.01,no
2026-10-05T03:41:37.433111Z,KXBTC15M-26OCT042345-45,0.0080,17.00,no
2026-10-05T03:41:37.433111Z,KXBTC15M-26OCT042345-45,0.0100,295.44,no
2026-10-05T03:41:37.433111Z,KXBTC15M-26OCT042345-45,0.0110,0.01,no
2026-10-05T03:41:37.433111Z,KXBTC15M-26OCT042345-45,0.0080,150.00,no
2026-10-05T03:41:37.433111Z,KXBTC15M-26OCT042345-45,0.0090,10.00,no
2026-10-05T03:41:37.433111Z,KXBTC15M-26OCT042345-45,0.0080,38.00,no
2026-10-05T03:41:37.433111Z,KXBTC15M-26OCT042345-45,0.0090,1.00,no
2026-10-05T03:41:37.433111Z,KXBTC15M-26OCT042345-45,0.0080,120.00,no
2026-10-05T03:41:37.433111Z,KXBTC15M-26OCT042345-45,0.0070,1261.51,no
2026-10-05T03:41:37.433111Z,KXBTC15M-26OCT042345-45,0.0090,120.00,no
2026-10-05T03:41:37.433111Z,KXBTC15M-26OCT042345-45,0.0070,1280.00,no
2026-10-05T03:41:37.445579Z,KXBTC15M-26OCT042345-45,0.0100,800.00,no
2026-10-05T03:41:37.445579Z,KXBTC15M-26OCT042345-45,0.0090,799.00,no
2026-10-05T03:41:37.445579Z,KXBTC15M-26OCT042345-45,0.0090,18.00,no
2026-10-05T03:41:37.445579Z,KXBTC15M-26OCT042345-45,0.0080,362.57,no
2026-10-05T03:41:37.50862Z,KXBTC15M-26OCT042345-45,0.0110,0.01,yes
2026-10-05T03:41:37.50862Z,KXBTC15M-26OCT042345-45,0.0110,10.00,yes
2026-10-05T03:41:37.50862Z,KXBTC15M-26OCT042345-45,0.0110,78.60,yes
2026-10-05T03:41:37.50862Z,KXBTC15M-26OCT042345-45,0.0110,8.00,yes
2026-10-05T03:41:37.50862Z,KXBTC15M-26OCT042345-45,0.0110,0.01,yes
2026-10-05T03:41:37.548628Z,KXBTC15M-26OCT042345-45,0.0100,0.01,no
2026-10-05T03:41:37.548628Z,KXBTC15M-26OCT042345-45,0.0100,50.00,no
2026-10-05T03:41:37.548628Z,KXBTC15M-26OCT042345-45,0.0100,200.00,no
2026-10-05T03:41:37.548628Z,KXBTC15M-26OCT042345-45,0.0100,0.01,no
2026-10-05T03:41:37.548628Z,KXBTC15M-26OCT042345-45,0.0100,800.00,no
2026-10-05T03:41:37.548628Z,KXBTC15M-26OCT042345-45,0.0090,132.70,no
2026-10-05T03:41:37.548628Z,KXBTC15M-26OCT042345-45,0.0090,400.00,no
2026-10-05T03:41:37.598467Z,KXBTC15M-26OCT042345-45,0.0100,24.88,yes
2026-10-05T03:41:37.598467Z,KXBTC15M-26OCT042345-45,0.0100,0.01,yes
2026-10-05T03:41:37.598467Z,KXBTC15M-26OCT042345-45,0.0100,0.10,yes
2026-10-05T03:41:37.598467Z,KXBTC15M-26OCT042345-45,0.0100,0.01,yes
2026-10-05T03:41:37.598467Z,KXBTC15M-26OCT042345-45,0.0100,50.00,yes
2026-10-05T03:41:37.671197Z,KXBTC15M-26OCT042345-45,0.0100,3.00,yes
2026-10-05T03:41:37.75297Z,KXBTC15M-26OCT042345-45,0.0100,152.12,yes
2026-10-05T03:41:37.75297Z,KXBTC15M-26OCT042345-45,0.0100,332.88,yes
2026-10-05T03:41:37.75297Z,KXBTC15M-26OCT042345-45,0.0100,15.00,yes
2026-10-05T03:41:37.827327Z,KXBTC15M-26OCT042345-45,0.0090,9.38,no
2026-10-05T03:41:37.827327Z,KXBTC15M-26OCT042345-45,0.0090,0.01,no
2026-10-05T03:41:37.827327Z,KXBTC15M-26OCT042345-45,0.0090,0.01,no
2026-10-05T03:41:37.866862Z,KXBTC15M-26OCT042345-45,0.0100,44.85,yes
2026-10-05T03:41:37.921384Z,KXBTC15M-26OCT042345-45,0.0090,0.96,no
2026-10-05T03:41:38.006107Z,KXBTC15M-26OCT042345-45,0.0090,4.66,no
2026-10-05T03:41:38.006107Z,KXBTC15M-26OCT042345-45,0.0090,0.01,no
2026-10-05T03:41:38.006107Z,KXBTC15M-26OCT042345-45,0.0080,19.40,no
2026-10-05T03:41:38.006107Z,KXBTC15M-26OCT042345-45,0.0090,0.01,no
2026-10-05T03:41:38.264536Z,KXBTC15M-26OCT042345-45,0.0090,22.10,yes
2026-10-05T03:41:38.276321Z,KXBTC15M-26OCT042345-45,0.0090,1.00,yes
2026-10-05T03:41:38.382627Z,KXBTC15M-26OCT042345-45,0.0080,2.00,no
2026-10-05T03:41:38.382627Z,KXBTC15M-26OCT042345-45,0.0080,17.00,no
2026-10-05T03:41:38.382627Z,KXBTC15M-26OCT042345-45,0.0080,130.60,no
2026-10-05T03:41:38.382627Z,KXBTC15M-26OCT042345-45,0.0080,200.00,no
2026-10-05T03:41:38.382627Z,KXBTC15M-26OCT042345-45,0.0080,86.00,no
2026-10-05T03:41:38.382627Z,KXBTC15M-26OCT042345-45,0.0080,2.00,no
2026-10-05T03:41:38.382627Z,KXBTC15M-26OCT042345-45,0.0080,0.01,no
2026-10-05T03:41:38.382627Z,KXBTC15M-26OCT042345-45,0.0080,0.01,no
2026-10-05T03:41:38.382627Z,KXBTC15M-26OCT042345-45,0.0080,15.00,no
2026-10-05T03:41:38.382627Z,KXBTC15M-26OCT042345-45,0.0070,233.89,no
2026-10-05T03:41:38.382627Z,KXBTC15M-26OCT042345-45,0.0070,18.49,no
2026-10-05T03:41:38.457432Z,KXBTC15M-26OCT042345-45,0.0090,70.00,yes
2026-10-05T03:41:38.457432Z,KXBTC15M-26OCT042345-45,0.0090,68.10,yes
2026-10-05T03:41:38.457432Z,KXBTC15M-26OCT042345-45,0.0090,46.90,yes
2026-10-05T03:41:38.457432Z,KXBTC15M-26OCT042345-45,0.0090,70.00,yes
2026-10-05T03:41:38.523177Z,KXBTC15M-26OCT042345-45,0.0080,17.00,no
2026-10-05T03:41:38.523177Z,KXBTC15M-26OCT042345-45,0.0080,0.01,no
2026-10-05T03:41:38.523177Z,KXBTC15M-26OCT042345-45,0.0080,0.01,no
2026-10-05T03:41:38.523177Z,KXBTC15M-26OCT042345-45,0.0080,3.99,no
2026-10-05T03:41:38.534229Z,KXBTC15M-26OCT042345-45,0.0090,1.00,yes
2026-10-05T03:41:38.534229Z,KXBTC15M-26OCT042345-45,0.0090,15.00,yes
2026-10-05T03:41:38.534229Z,KXBTC15M-26OCT042345-45,0.0090,120.00,yes
2026-10-05T03:41:38.534229Z,KXBTC15M-26OCT042345-45,0.0090,1.90,yes
2026-10-05T03:41:38.534229Z,KXBTC15M-26OCT042345-45,0.0090,70.00,yes
2026-10-05T03:41:38.534229Z,KXBTC15M-26OCT042345-45,0.0090,15.00,yes
2026-10-05T03:41:38.534229Z,KXBTC15M-26OCT042345-45,0.0090,164.98,yes
2026-10-05T03:41:38.534229Z,KXBTC15M-26OCT042345-45,0.0090,0.01,yes
2026-10-05T03:41:38.534229Z,KXBTC15M-26OCT042345-45,0.0090,0.01,yes
2026-10-05T03:41:38.534229Z,KXBTC15M-26OCT042345-45,0.0090,1726.10,yes
2026-10-05T03:41:38.548019Z,KXBTC15M-26OCT042345-45,0.0070,1135.95,no
2026-10-05T03:41:38.548019Z,KXBTC15M-26OCT042345-45,0.0080,17.00,no
2026-10-05T03:41:38.548019Z,KXBTC15M-26OCT042345-45,0.0080,146.01,no
2026-10-05T03:41:38.548019Z,KXBTC15M-26OCT042345-45,0.0080,0.01,no
2026-10-05T03:41:38.548019Z,KXBTC15M-26OCT042345-45,0.0080,200.00,no
2026-10-05T03:41:38.548019Z,KXBTC15M-26OCT042345-45,0.0080,1.00,no
2026-10-05T03:41:38.548019Z,KXBTC15M-26OCT042345-45,0.0080,0.01,no
2026-10-05T03:41:38.548019Z,KXBTC15M-26OCT042345-45,0.0070,1280.00,no
2026-10-05T03:41:38.548019Z,KXBTC15M-26OCT042345-45,0.0070,120.00,no
2026-10-05T03:41:38.548019Z,KXBTC15M-26OCT042345-45,0.0070,1046.11,no
2026-10-05T03:41:38.62709Z,KXBTC15M-26OCT042345-45,0.0080,0.01,no
2026-10-05T03:41:38.672398Z,KXBTC15M-26OCT042345-45,0.0090,27.62,yes
2026-10-05T03:41:38.738183Z,KXBTC15M-26OCT042345-45,0.0090,159.57,yes
2026-10-05T03:41:39.086793Z,KXBTC15M-26OCT042345-45,0.0090,101.83,yes
2026-10-05T03:41:39.089313Z,KXBTC15M-26OCT042345-45,0.0090,42.03,yes
2026-10-05T03:41:39.184349Z,KXBTC15M-26OCT042345-45,0.0080,0.01,no
2026-10-05T03:41:39.184349Z,KXBTC15M-26OCT042345-45,0.0080,0.01,no
2026-10-05T03:41:39.184349Z,KXBTC15M-26OCT042345-45,0.0080,55.45,no
2026-10-05T03:41:39.184349Z,KXBTC15M-26OCT042345-45,0.0080,14.99,no
2026-10-05T03:41:39.196036Z,KXBTC15M-26OCT042345-45,0.0090,51.95,yes
2026-10-05T03:41:39.249416Z,KXBTC15M-26OCT042345-45,0.0080,7.00,no
2026-10-05T03:41:39.288612Z,KXBTC15M-26OCT042345-45,0.0080,7.00,no
2026-10-05T03:41:39.327104Z,KXBTC15M-26OCT042345-45,0.0090,60.66,yes
2026-10-05T03:41:39.380497Z,KXBTC15M-26OCT042345-45,0.0090,3.11,yes
2026-10-05T03:41:39.440623Z,KXBTC15M-26OCT042345-45,0.0090,409.42,yes
2026-10-05T03:41:39.478077Z,KXBTC15M-26OCT042345-45,0.0090,18.49,yes
2026-10-05T03:41:39.478077Z,KXBTC15M-26OCT042345-45,0.0090,45.21,yes
2026-10-05T03:41:39.478077Z,KXBTC15M-26OCT042345-45,0.0090,15.00,yes
2026-10-05T03:41:39.478077Z,KXBTC15M-26OCT042345-45,0.0090,0.02,yes
2026-10-05T03:41:39.478077Z,KXBTC15M-26OCT042345-45,0.0090,124.93,yes
2026-10-05T03:41:39.547555Z,KXBTC15M-26OCT042345-45,0.0080,5.03,no
2026-10-05T03:41:39.580643Z,KXBTC15M-26OCT042345-45,0.0080,33.00,no
2026-10-05T03:41:39.624317Z,KXBTC15M-26OCT042345-45,0.0090,6.48,yes
2026-10-05T03:41:39.625519Z,KXBTC15M-26OCT042345-45,0.0090,15.14,yes
2026-10-05T03:41:39.639363Z,KXBTC15M-26OCT042345-45,0.0090,29.30,yes
2026-10-05T03:41:39.686968Z,KXBTC15M-26OCT042345-45,0.0090,51.12,yes
2026-10-05T03:41:39.700303Z,KXBTC15M-26OCT042345-45,0.0080,24.14,no
2026-10-05T03:41:39.726176Z,KXBTC15M-26OCT042345-45,0.0090,171.98,yes
2026-10-05T03:41:39.726176Z,KXBTC15M-26OCT042345-45,0.0090,6.92,yes
2026-10-05T03:41:39.726176Z,KXBTC15M-26OCT042345-45,0.0090,0.01,yes
2026-10-05T03:41:39.726176Z,KXBTC15M-26OCT042345-45,0.0090,860.11,yes
2026-10-05T03:41:39.726176Z,KXBTC15M-26OCT042345-45,0.0090,0.01,yes
2026-10-05T03:41:39.990703Z,KXBTC15M-26OCT042345-45,0.0080,5.03,no
2026-10-05T03:41:40.098627Z,KXBTC15M-26OCT042345-45,0.0090,51.95,yes
2026-10-05T03:41:40.189516Z,KXBTC15M-26OCT042345-45,0.0080,4.00,no
2026-10-05T03:41:40.307103Z,KXBTC15M-26OCT042345-45,0.0090,367.94,yes
2026-10-05T03:41:40.307103Z,KXBTC15M-26OCT042345-45,0.0090,332.06,yes
2026-10-05T03:41:40.331022Z,KXBTC15M-26OCT042345-45,0.0090,10.91,yes
2026-10-05T03:41:40.408411Z,KXBTC15M-26OCT042345-45,0.0070,1364.05,no
2026-10-05T03:41:40.408411Z,KXBTC15M-26OCT042345-45,0.0080,0.01,no
2026-10-05T03:41:40.408411Z,KXBTC15M-26OCT042345-45,0.0080,0.01,no
2026-10-05T03:41:40.408411Z,KXBTC15M-26OCT042345-45,0.0080,15.00,no
2026-10-05T03:41:40.408411Z,KXBTC15M-26OCT042345-45,0.0080,200.00,no
2026-10-05T03:41:40.408411Z,KXBTC15M-26OCT042345-45,0.0080,86.00,no
2026-10-05T03:41:40.408411Z,KXBTC15M-26OCT042345-45,0.0080,9.35,no
2026-10-05T03:41:40.408411Z,KXBTC15M-26OCT042345-45,0.0080,17.00,no
2026-10-05T03:41:40.408411Z,KXBTC15M-26OCT042345-45,0.0080,1.00,no
2026-10-05T03:41:40.408411Z,KXBTC15M-26OCT042345-45,0.0070,19.69,no
2026-10-05T03:41:40.408411Z,KXBTC15M-26OCT042345-45,0.0080,301.89,no
2026-10-05T03:41:40.521897Z,KXBTC15M-26OCT042345-45,0.0090,87.46,yes
2026-10-05T03:41:40.543797Z,KXBTC15M-26OCT042345-45,0.0090,16.29,yes
2026-10-05T03:41:40.634304Z,KXBTC15M-26OCT042345-45,0.0080,10.06,no
2026-10-05T03:41:40.634304Z,KXBTC15M-26OCT042345-45,0.0080,0.01,no
2026-10-05T03:41:40.637607Z,KXBTC15M-26OCT042345-45,0.0090,25.97,yes
2026-10-05T03:41:40.708377Z,KXBTC15M-26OCT042345-45,0.0090,86.40,yes
2026-10-05T03:41:40.720014Z,KXBTC15M-26OCT042345-45,0.0090,62.84,yes
2026-10-05T03:41:40.813272Z,KXBTC15M-26OCT042345-45,0.0090,74.86,yes
2026-10-05T03:41:40.872947Z,KXBTC15M-26OCT042345-45,0.0090,0.02,yes
2026-10-05T03:41:40.894275Z,KXBTC15M-26OCT042345-45,0.0090,15.00,yes
2026-10-05T03:41:40.894275Z,KXBTC15M-26OCT042345-45,0.0090,0.01,yes
2026-10-05T03:41:40.894275Z,KXBTC15M-26OCT042345-45,0.0090,0.02,yes
2026-10-05T03:41:40.894275Z,KXBTC15M-26OCT042345-45,0.0090,1.00,yes
2026-10-05T03:41:40.894275Z,KXBTC15M-26OCT042345-45,0.0090,171.70,yes
2026-10-05T03:41:40.894275Z,KXBTC15M-26OCT042345-45,0.0090,692.27,yes
2026-10-05T03:41:40.894275Z,KXBTC15M-26OCT042345-45,0.0090,120.00,yes
2026-10-05T03:41:40.903999Z,KXBTC15M-26OCT042345-45,0.0080,48.47,no
2026-10-05T03:41:40.903999Z,KXBTC15M-26OCT042345-45,0.0080,6.94,no
2026-10-05T03:41:40.909871Z,KXBTC15M-26OCT042345-45,0.0090,5.00,yes
2026-10-05T03:41:40.931899Z,KXBTC15M-26OCT042345-45,0.0090,15.00,yes
2026-10-05T03:41:40.931899Z,KXBTC15M-26OCT042345-45,0.0090,0.01,yes
2026-10-05T03:41:40.931899Z,KXBTC15M-26OCT042345-45,0.0090,0.01,yes
2026-10-05T03:41:40.931899Z,KXBTC15M-26OCT042345-45,0.0100,9.98,yes
2026-10-05T03:41:40.953491Z,KXBTC15M-26OCT042345-45,0.0100,182.89,yes
2026-10-05T03:41:40.953713Z,KXBTC15M-26OCT042345-45,0.0090,7.97,no
2026-10-05T03:41:40.953713Z,KXBTC15M-26OCT042345-45,0.0090,70.00,no
2026-10-05T03:41:40.953713Z,KXBTC15M-26OCT042345-45,0.0090,150.00,no
2026-10-05T03:41:40.953713Z,KXBTC15M-26OCT042345-45,0.0090,70.00,no
2026-10-05T03:41:40.953713Z,KXBTC15M-26OCT042345-45,0.0090,70.00,no
2026-10-05T03:41:40.953713Z,KXBTC15M-26OCT042345-45,0.0090,70.00,no
2026-10-05T03:41:40.953713Z,KXBTC15M-26OCT042345-45,0.0090,70.00,no
2026-10-05T03:41:40.970448Z,KXBTC15M-26OCT042345-45,0.0100,5.53,yes
2026-10-05T03:41:41.120586Z,KXBTC15M-26OCT042345-45,0.0100,55.43,yes
2026-10-05T03:41:41.120586Z,KXBTC15M-26OCT042345-45,0.0100,0.10,yes
2026-10-05T03:41:41.120586Z,KXBTC15M-26OCT042345-45,0.0100,44.47,yes
2026-10-05T03:41:41.294288Z,KXBTC15M-26OCT042345-45,0.0100,50.00,yes
2026-10-05T03:41:41.294288Z,KXBTC15M-26OCT042345-45,0.0100,0.01,yes
2026-10-05T03:41:41.294288Z,KXBTC15M-26OCT042345-45,0.0100,140.00,yes
2026-10-05T03:41:41.294288Z,KXBTC15M-26OCT042345-45,0.0100,24.88,yes
2026-10-05T03:41:41.294288Z,KXBTC15M-26OCT042345-45,0.0100,0.01,yes
2026-10-05T03:41:41.294288Z,KXBTC15M-26OCT042345-45,0.0100,64.57,yes
2026-10-05T03:41:41.294288Z,KXBTC15M-26OCT042345-45,0.0100,0.02,yes
2026-10-05T03:41:41.294288Z,KXBTC15M-26OCT042345-45,0.0100,60.00,yes
2026-10-05T03:41:41.294288Z,KXBTC15M-26OCT042345-45,0.0100,50.00,yes
2026-10-05T03:41:41.294288Z,KXBTC15M-26OCT042345-45,0.0100,0.01,yes
2026-10-05T03:41:41.294288Z,KXBTC15M-26OCT042345-45,0.0100,0.01,yes
2026-10-05T03:41:41.294288Z,KXBTC15M-26OCT042345-45,0.0100,1.00,yes
2026-10-05T03:41:41.294288Z,KXBTC15M-26OCT042345-45,0.0100,15.00,yes
2026-10-05T03:41:41.294288Z,KXBTC15M-26OCT042345-45,0.0100,100.00,yes
2026-10-05T03:41:41.333674Z,KXBTC15M-26OCT042345-45,0.0100,134.12,no
2026-10-05T03:41:41.360194Z,KXBTC15M-26OCT042345-45,0.0110,270.31,yes
2026-10-05T03:41:41.360194Z,KXBTC15M-26OCT042345-45,0.0110,16.00,yes
2026-10-05T03:41:41.658948Z,KXBTC15M-26OCT042345-45,0.0110,17.43,yes
2026-10-05T03:41:41.856174Z,KXBTC15M-26OCT042345-45,0.0100,15.88,no
2026-10-05T03:41:41.856174Z,KXBTC15M-26OCT042345-45,0.0100,36.42,no
2026-10-05T03:41:42.06509Z,KXBTC15M-26OCT042345-45,0.0100,33.58,no
2026-10-05T03:41:42.06509Z,KXBTC15M-26OCT042345-45,0.0100,67.35,no
2026-10-05T03:41:42.1379Z,KXBTC15M-26OCT042345-45,0.0100,2.65,no
2026-10-05T03:41:42.1379Z,KXBTC15M-26OCT042345-45,0.0100,24.05,no
2026-10-05T03:41:42.190501Z,KXBTC15M-26OCT042345-45,0.0100,45.95,no
2026-10-05T03:41:42.190501Z,KXBTC15M-26OCT042345-45,0.0100,223.99,no
2026-10-05T03:41:42.190501Z,KXBTC15M-26OCT042345-45,0.0100,87.00,no
2026-10-05T03:41:42.258624Z,KXBTC15M-26OCT042345-45,0.0110,42.51,yes
2026-10-05T03:41:42.27257Z,KXBTC15M-26OCT042345-45,0.0100,30.34,no
2026-10-05T03:41:42.285714Z,KXBTC15M-26OCT042345-45,0.0110,85.02,yes
2026-10-05T03:41:42.286327Z,KXBTC15M-26OCT042345-45,0.0100,9.40,no
2026-10-05T03:41:42.312818Z,KXBTC15M-26OCT042345-45,0.0110,4.94,yes
2026-10-05T03:41:42.381Z,KXBTC15M-26OCT042345-45,0.0110,85.02,yes
2026-10-05T03:41:42.417293Z,KXBTC15M-26OCT042345-45,0.0110,774.77,yes
2026-10-05T03:41:42.417293Z,KXBTC15M-26OCT042345-45,0.0110,58.45,yes
2026-10-05T03:41:42.450193Z,KXBTC15M-26OCT042345-45,0.0110,85.02,yes
2026-10-05T03:41:42.491351Z,KXBTC15M-26OCT042345-45,0.0110,15.80,yes
2026-10-05T03:41:42.498745Z,KXBTC15M-26OCT042345-45,0.0110,53.07,yes
2026-10-05T03:41:42.527611Z,KXBTC15M-26OCT042345-45,0.0100,800.00,no
2026-10-05T03:41:42.527611Z,KXBTC15M-26OCT042345-45,0.0100,182.15,no
2026-10-05T03:41:42.527611Z,KXBTC15M-26OCT042345-45,0.0100,236.27,no
2026-10-05T03:41:42.527611Z,KXBTC15M-26OCT042345-45,0.0100,0.01,no
2026-10-05T03:41:42.527611Z,KXBTC15M-26OCT042345-45,0.0100,10.00,no
2026-10-05T03:41:42.558959Z,KXBTC15M-26OCT042345-45,0.0110,214.69,yes
2026-10-05T03:41:42.559613Z,KXBTC15M-26OCT042345-45,0.0110,23.80,yes
2026-10-05T03:41:42.688693Z,KXBTC15M-26OCT042345-45,0.0100,6.12,no
2026-10-05T03:41:42.693159Z,KXBTC15M-26OCT042345-45,0.0100,5.48,no
2026-10-05T03:41:42.693159Z,KXBTC15M-26OCT042345-45,0.0100,11.73,no
2026-10-05T03:41:42.748309Z,KXBTC15M-26OCT042345-45,0.0110,66.65,yes
2026-10-05T03:41:42.837573Z,KXBTC15M-26OCT042345-45,0.0110,409.81,yes
2026-10-05T03:41:42.854779Z,KXBTC15M-26OCT042345-45,0.0110,85.02,yes
2026-10-05T03:41:42.887098Z,KXBTC15M-26OCT042345-45,0.0110,166.64,yes
2026-10-05T03:41:42.925282Z,KXBTC15M-26OCT042345-45,0.0110,0.28,yes
2026-10-05T03:41:42.949157Z,KXBTC15M-26OCT042345-45,0.0100,23.61,no
2026-10-05T03:41:43.126036Z,KXBTC15M-26OCT042345-45,0.0100,266.83,no
2026-10-05T03:41:43.126036Z,KXBTC15M-26OCT042345-45,0.0100,20.91,no
2026-10-05T03:41:43.126036Z,KXBTC15M-26OCT042345-45,0.0100,0.10,no
2026-10-05T03:41:43.126036Z,KXBTC15M-26OCT042345-45,0.0100,0.01,no
2026-10-05T03:41:43.126036Z,KXBTC15M-26OCT042345-45,0.0100,100.00,no
2026-10-05T03:41:43.127644Z,KXBTC15M-26OCT042345-45,0.0100,252.56,no
2026-10-05T03:41:43.127644Z,KXBTC15M-26OCT042345-45,0.0100,133.17,no
2026-10-05T03:41:43.127644Z,KXBTC15M-26OCT042345-45,0.0100,1.00,no
2026-10-05T03:41:43.231297Z,KXBTC15M-26OCT042345-45,0.0120,1000.00,yes
2026-10-05T03:41:43.231297Z,KXBTC15M-26OCT042345-45,0.0130,234.00,yes
2026-10-05T03:41:43.231297Z,KXBTC15M-26OCT042345-45,0.0160,6.00,yes
2026-10-05T03:41:43.231297Z,KXBTC15M-26OCT042345-45,0.0160,138.00,yes
2026-10-05T03:41:43.231297Z,KXBTC15M-26OCT042345-45,0.0140,216.00,yes
2026-10-05T03:41:43.231297Z,KXBTC15M-26OCT042345-45,0.0130,138.00,yes
2026-10-05T03:41:43.231297Z,KXBTC15M-26OCT042345-45,0.0110,0.01,yes
2026-10-05T03:41:43.231297Z,KXBTC15M-26OCT042345-45,0.0110,15.00,yes
2026-10-05T03:41:43.231297Z,KXBTC15M-26OCT042345-45,0.0140,13.00,yes
2026-10-05T03:41:43.231297Z,KXBTC15M-26OCT042345-45,0.0110,0.01,yes
2026-10-05T03:41:43.231297Z,KXBTC15M-26OCT042345-45,0.0120,255.17,yes
2026-10-05T03:41:43.231297Z,KXBTC15M-26OCT042345-45,0.0110,15.00,yes
2026-10-05T03:41:43.231297Z,KXBTC15M-26OCT042345-45,0.0130,15.00,yes
2026-10-05T03:41:43.231297Z,KXBTC15M-26OCT042345-45,0.0150,15.00,yes
2026-10-05T03:41:43.231297Z,KXBTC15M-26OCT042345-45,0.0140,0.02,yes
2026-10-05T03:41:43.231297Z,KXBTC15M-26OCT042345-45,0.0130,0.02,yes
2026-10-05T03:41:43.231297Z,KXBTC15M-26OCT042345-45,0.0120,75.00,yes
2026-10-05T03:41:43.231297Z,KXBTC15M-26OCT042345-45,0.0120,0.02,yes
2026-10-05T03:41:43.231297Z,KXBTC15M-26OCT042345-45,0.0150,15.00,yes
2026-10-05T03:41:43.231297Z,KXBTC15M-26OCT042345-45,0.0110,0.02,yes
2026-10-05T03:41:43.231297Z,KXBTC15M-26OCT042345-45,0.0150,6.00,yes
2026-10-05T03:41:43.231297Z,KXBTC15M-26OCT042345-45,0.0110,82.28,yes
2026-10-05T03:41:43.231297Z,KXBTC15M-26OCT042345-45,0.0130,100.00,yes
2026-10-05T03:41:43.231297Z,KXBTC15M-26OCT042345-45,0.0140,98.00,yes
2026-10-05T03:41:43.231297Z,KXBTC15M-26OCT042345-45,0.0150,28.34,yes
2026-10-05T03:41:43.231297Z,KXBTC15M-26OCT042345-45,0.0150,11.00,yes
2026-10-05T03:41:43.231297Z,KXBTC15M-26OCT042345-45,0.0150,2000.00,yes
2026-10-05T03:41:43.231297Z,KXBTC15M-26OCT042345-45,0.0150,71.00,yes
2026-10-05T03:41:43.231297Z,KXBTC15M-26OCT042345-45,0.0140,893.96,yes
2026-10-05T03:41:43.231297Z,KXBTC15M-26OCT042345-45,0.0150,0.02,yes
2026-10-05T03:41:43.231297Z,KXBTC15M-26OCT042345-45,0.0160,0.02,yes
2026-10-05T03:41:43.231297Z,KXBTC15M-26OCT042345-45,0.0170,433.77,yes
2026-10-05T03:41:43.283893Z,KXBTC15M-26OCT042345-45,0.0150,3.20,no
2026-10-05T03:41:43.283893Z,KXBTC15M-26OCT042345-45,0.0150,14.00,no
2026-10-05T03:41:43.283893Z,KXBTC15M-26OCT042345-45,0.0150,0.01,no
2026-10-05T03:41:43.283893Z,KXBTC15M-26OCT042345-45,0.0150,0.01,no
2026-10-05T03:41:43.321743Z,KXBTC15M-26OCT042345-45,0.0160,15.00,yes
2026-10-05T03:41:43.321743Z,KXBTC15M-26OCT042345-45,0.0160,9.45,yes
2026-10-05T03:41:43.321743Z,KXBTC15M-26OCT042345-45,0.0160,0.01,yes
2026-10-05T03:41:43.321743Z,KXBTC15M-26OCT042345-45,0.0160,0.01,yes
2026-10-05T03:41:43.321743Z,KXBTC15M-26OCT042345-45,0.0160,2.00,yes
2026-10-05T03:41:43.335099Z,KXBTC15M-26OCT042345-45,0.0150,52.48,no
2026-10-05T03:41:43.445196Z,KXBTC15M-26OCT042345-45,0.0150,38.78,no
2026-10-05T03:41:43.596731Z,KXBTC15M-26OCT042345-45,0.0150,17.11,no
2026-10-05T03:41:43.690151Z,KXBTC15M-26OCT042345-45,0.0160,52.92,yes
2026-10-05T03:41:43.690151Z,KXBTC15M-26OCT042345-45,0.0160,5.55,yes
2026-10-05T03:41:43.704396Z,KXBTC15M-26OCT042345-45,0.0150,105.47,no
2026-10-05T03:41:43.754595Z,KXBTC15M-26OCT042345-45,0.0160,4.64,yes
2026-10-05T03:41:43.767918Z,KXBTC15M-26OCT042345-45,0.0150,26.26,no
2026-10-05T03:41:43.825411Z,KXBTC15M-26OCT042345-45,0.0150,10.00,no
2026-10-05T03:41:43.825411Z,KXBTC15M-26OCT042345-45,0.0150,1.00,no
2026-10-05T03:41:43.825411Z,KXBTC15M-26OCT042345-45,0.0150,122.70,no
2026-10-05T03:41:43.825411Z,KXBTC15M-26OCT042345-45,0.0150,15.00,no
2026-10-05T03:41:43.825411Z,KXBTC15M-26OCT042345-45,0.0150,321.32,no
2026-10-05T03:41:43.826208Z,KXBTC15M-26OCT042345-45,0.0150,25.35,no
2026-10-05T03:41:43.894958Z,KXBTC15M-26OCT042345-45,0.0160,116.94,yes
2026-10-05T03:41:43.996858Z,KXBTC15M-26OCT042345-45,0.0160,58.47,yes
2026-10-05T03:41:44.167656Z,KXBTC15M-26OCT042345-45,0.0150,212.50,no
2026-10-05T03:41:44.177216Z,KXBTC15M-26OCT042345-45,0.0160,58.47,yes
2026-10-05T03:41:44.284422Z,KXBTC15M-26OCT042345-45,0.0150,10.09,no
2026-10-05T03:41:44.335812Z,KXBTC15M-26OCT042345-45,0.0160,108.56,yes
2026-10-05T03:41:44.335812Z,KXBTC15M-26OCT042345-45,0.0160,8.38,yes
2026-10-05T03:41:44.360477Z,KXBTC15M-26OCT042345-45,0.0160,6.98,yes
2026-10-05T03:41:44.380613Z,KXBTC15M-26OCT042345-45,0.0160,55.27,yes
2026-10-05T03:41:44.427132Z,KXBTC15M-26OCT042345-45,0.0150,277.41,no
2026-10-05T03:41:44.427132Z,KXBTC15M-26OCT042345-45,0.0150,0.01,no
2026-10-05T03:41:44.427132Z,KXBTC15M-26OCT042345-45,0.0150,72.54,no
2026-10-05T03:41:44.427132Z,KXBTC15M-26OCT042345-45,0.0150,200.00,no
2026-10-05T03:41:44.427132Z,KXBTC15M-26OCT042345-45,0.0150,0.01,no
2026-10-05T03:41:44.427132Z,KXBTC15M-26OCT042345-45,0.0150,15.00,no
2026-10-05T03:41:44.427132Z,KXBTC15M-26OCT042345-45,0.0150,15.00,no
2026-10-05T03:41:44.520074Z,KXBTC15M-26OCT042345-45,0.0160,0.01,yes
2026-10-05T03:41:44.520074Z,KXBTC15M-26OCT042345-45,0.0160,2.90,yes
2026-10-05T03:41:44.520074Z,KXBTC15M-26OCT042345-45,0.0160,0.01,yes
2026-10-05T03:41:44.651569Z,KXBTC15M-26OCT042345-45,0.0160,15.00,yes
2026-10-05T03:41:44.651569Z,KXBTC15M-26OCT042345-45,0.0160,0.02,yes
2026-10-05T03:41:44.651569Z,KXBTC15M-26OCT042345-45,0.0160,2.00,yes
2026-10-05T03:41:44.651569Z,KXBTC15M-26OCT042345-45,0.0160,0.01,yes
2026-10-05T03:41:44.651569Z,KXBTC15M-26OCT042345-45,0.0160,0.01,yes
2026-10-05T03:41:44.651569Z,KXBTC15M-26OCT042345-45,0.0160,8.33,yes
2026-10-05T03:41:44.651569Z,KXBTC15M-26OCT042345-45,0.0160,12.10,yes
2026-10-05T03:41:44.651569Z,KXBTC15M-26OCT042345-45,0.0160,10.00,yes
2026-10-05T03:41:44.651569Z,KXBTC15M-26OCT042345-45,0.0160,11.00,yes
2026-10-05T03:41:44.656082Z,KXBTC15M-26OCT042345-45,0.0160,240.36,yes
2026-10-05T03:41:44.744972Z,KXBTC15M-26OCT042345-45,0.0150,11.61,no
2026-10-05T03:41:44.843578Z,KXBTC15M-26OCT042345-45,0.0150,0.02,no
2026-10-05T03:41:44.851764Z,KXBTC15M-26OCT042345-45,0.0150,1.85,no
2026-10-05T03:41:44.852986Z,KXBTC15M-26OCT042345-45,0.0150,8.11,no
2026-10-05T03:41:44.865678Z,KXBTC15M-26OCT042345-45,0.0160,15.00,yes
2026-10-05T03:41:44.865678Z,KXBTC15M-26OCT042345-45,0.0160,15.00,yes
2026-10-05T03:41:44.865678Z,KXBTC15M-26OCT042345-45,0.0160,12.00,yes
2026-10-05T03:41:44.865678Z,KXBTC15M-26OCT042345-45,0.0160,0.01,yes
2026-10-05T03:41:44.865678Z,KXBTC15M-26OCT042345-45,0.0160,0.01,yes
2026-10-05T03:41:44.865678Z,KXBTC15M-26OCT042345-45,0.0180,10.07,yes
2026-10-05T03:41:44.865678Z,KXBTC15M-26OCT042345-45,0.0180,4.00,yes
2026-10-05T03:41:44.865678Z,KXBTC15M-26OCT042345-45,0.0180,0.02,yes
2026-10-05T03:41:44.865678Z,KXBTC15M-26OCT042345-45,0.0170,0.02,yes
2026-10-05T03:41:44.898917Z,KXBTC15M-26OCT042345-45,0.0170,0.01,no
2026-10-05T03:41:44.898917Z,KXBTC15M-26OCT042345-45,0.0170,0.01,no
2026-10-05T03:41:44.898917Z,KXBTC15M-26OCT042345-45,0.0170,48.24,no
2026-10-05T03:41:44.898917Z,KXBTC15M-26OCT042345-45,0.0170,10.00,no
2026-10-05T03:41:44.99448Z,KXBTC15M-26OCT042345-45,0.0160,70.41,no
2026-10-05T03:41:44.99448Z,KXBTC15M-26OCT042345-45,0.0170,1.00,no
2026-10-05T03:41:44.99448Z,KXBTC15M-26OCT042345-45,0.0170,0.01,no
2026-10-05T03:41:44.99448Z,KXBTC15M-26OCT042345-45,0.0170,0.01,no
2026-10-05T03:41:45.179919Z,KXBTC15M-26OCT042345-45,0.0170,2.00,yes
2026-10-05T03:41:45.179919Z,KXBTC15M-26OCT042345-45,0.0170,2.02,yes
2026-10-05T03:41:45.233714Z,KXBTC15M-26OCT042345-45,0.0170,15.00,yes
2026-10-05T03:41:45.233714Z,KXBTC15M-26OCT042345-45,0.0170,5.81,yes
2026-10-05T03:41:45.233714Z,KXBTC15M-26OCT042345-45,0.0170,0.01,yes
2026-10-05T03:41:45.233714Z,KXBTC15M-26OCT042345-45,0.0170,0.01,yes
2026-10-05T03:41:45.233714Z,KXBTC15M-26OCT042345-45,0.0170,12.98,yes
2026-10-05T03:41:45.375722Z,KXBTC15M-26OCT042345-45,0.0160,9.79,no
2026-10-05T03:41:45.504353Z,KXBTC15M-26OCT042345-45,0.0170,0.01,yes
2026-10-05T03:41:45.504353Z,KXBTC15M-26OCT042345-45,0.0170,259.89,yes
2026-10-05T03:41:45.504353Z,KXBTC15M-26OCT042345-45,0.0170,0.01,yes
2026-10-05T03:41:45.539356Z,KXBTC15M-26OCT042345-45,0.0170,0.01,yes
2026-10-05T03:41:45.539356Z,KXBTC15M-26OCT042345-45,0.0170,20.70,yes
2026-10-05T03:41:45.539356Z,KXBTC15M-26OCT042345-45,0.0170,0.01,yes
2026-10-05T03:41:45.593938Z,KXBTC15M-26OCT042345-45,0.0130,21.00,no
2026-10-05T03:41:45.593938Z,KXBTC15M-26OCT042345-45,0.0070,1047.00,no
2026-10-05T03:41:45.593938Z,KXBTC15M-26OCT042345-45,0.0090,2.00,no
2026-10-05T03:41:45.593938Z,KXBTC15M-26OCT042345-45,0.0160,10.00,no
2026-10-05T03:41:45.593938Z,KXBTC15M-26OCT042345-45,0.0160,0.01,no
2026-10-05T03:41:45.593938Z,KXBTC15M-26OCT042345-45,0.0160,5000.00,no
2026-10-05T03:41:45.593938Z,KXBTC15M-26OCT042345-45,0.0100,4.00,no
2026-10-05T03:41:45.593938Z,KXBTC15M-26OCT042345-45,0.0130,1.00,no
2026-10-05T03:41:45.593938Z,KXBTC15M-26OCT042345-45,0.0160,15.00,no
2026-10-05T03:41:45.593938Z,KXBTC15M-26OCT042345-45,0.0150,99.00,no
2026-10-05T03:41:45.593938Z,KXBTC15M-26OCT042345-45,0.0100,2.00,no
2026-10-05T03:41:45.593938Z,KXBTC15M-26OCT042345-45,0.0160,0.01,no
2026-10-05T03:41:45.593938Z,KXBTC15M-26OCT042345-45,0.0080,17.00,no
2026-10-05T03:41:45.593938Z,KXBTC15M-26OCT042345-45,0.0090,1.00,no
2026-10-05T03:41:45.593938Z,KXBTC15M-26OCT042345-45,0.0120,1.00,no
2026-10-05T03:41:45.593938Z,KXBTC15M-26OCT042345-45,0.0160,200.00,no
2026-10-05T03:41:45.593938Z,KXBTC15M-26OCT042345-45,0.0100,1.00,no
2026-10-05T03:41:45.593938Z,KXBTC15M-26OCT042345-45,0.0160,500.00,no
2026-10-05T03:41:45.593938Z,KXBTC15M-26OCT042345-45,0.0160,1.00,no
2026-10-05T03:41:45.593938Z,KXBTC15M-26OCT042345-45,0.0090,2.00,no
2026-10-05T03:41:45.593938Z,KXBTC15M-26OCT042345-45,0.0150,366.00,no
2026-10-05T03:41:45.593938Z,KXBTC15M-26OCT042345-45,0.0150,15.00,no
2026-10-05T03:41:45.593938Z,KXBTC15M-26OCT042345-45,0.0080,1.00,no
2026-10-05T03:41:45.593938Z,KXBTC15M-26OCT042345-45,0.0080,2.00,no
2026-10-05T03:41:45.593938Z,KXBTC15M-26OCT042345-45,0.0070,3347.01,no
2026-10-05T03:41:45.593938Z,KXBTC15M-26OCT042345-45,0.0150,15.00,no
2026-10-05T03:41:45.593938Z,KXBTC15M-26OCT042345-45,0.0160,1.00,no
2026-10-05T03:41:45.593938Z,KXBTC15M-26OCT042345-45,0.0150,15.00,no
2026-10-05T03:41:45.593938Z,KXBTC15M-26OCT042345-45,0.0100,15.00,no
2026-10-05T03:41:45.593938Z,KXBTC15M-26OCT042345-45,0.0100,50.00,no
2026-10-05T03:41:45.593938Z,KXBTC15M-26OCT042345-45,0.0080,2.00,no
2026-10-05T03:41:45.593938Z,KXBTC15M-26OCT042345-45,0.0100,93.75,no
2026-10-05T03:41:45.593938Z,KXBTC15M-26OCT042345-45,0.0100,64.00,no
2026-10-05T03:41:45.593938Z,KXBTC15M-26OCT042345-45,0.0100,93.75,no
2026-10-05T03:41:45.593938Z,KXBTC15M-26OCT042345-45,0.0090,15.00,no
2026-10-05T03:41:45.593938Z,KXBTC15M-26OCT042345-45,0.0090,15.00,no
2026-10-05T03:41:45.593938Z,KXBTC15M-26OCT042345-45,0.0100,64.00,no
2026-10-05T03:41:45.593938Z,KXBTC15M-26OCT042345-45,0.0160,800.00,no
2026-10-05T03:41:45.593938Z,KXBTC15M-26OCT042345-45,0.0100,15.00,no
2026-10-05T03:41:45.593938Z,KXBTC15M-26OCT042345-45,0.0100,15.00,no
2026-10-05T03:41:45.593938Z,KXBTC15M-26OCT042345-45,0.0100,1047.00,no
2026-10-05T03:41:45.593938Z,KXBTC15M-26OCT042345-45,0.0090,15.00,no
2026-10-05T03:41:45.593938Z,KXBTC15M-26OCT042345-45,0.0100,1.08,no
2026-10-05T03:41:45.593938Z,KXBTC15M-26OCT042345-45,0.0100,1.09,no
2026-10-05T03:41:45.593938Z,KXBTC15M-26OCT042345-45,0.0090,20.00,no
2026-10-05T03:41:45.593938Z,KXBTC15M-26OCT042345-45,0.0140,3141.00,no
2026-10-05T03:41:45.593938Z,KXBTC15M-26OCT042345-45,0.0070,2.00,no
2026-10-05T03:41:45.593938Z,KXBTC15M-26OCT042345-45,0.0090,15.00,no
2026-10-05T03:41:45.593938Z,KXBTC15M-26OCT042345-45,0.0160,514.80,no
2026-10-05T03:41:45.593938Z,KXBTC15M-26OCT042345-45,0.0090,5.00,no
2026-10-05T03:41:45.593938Z,KXBTC15M-26OCT042345-45,0.0080,17.00,no
2026-10-05T03:41:45.593938Z,KXBTC15M-26OCT042345-45,0.0080,15.00,no
2026-10-05T03:41:45.593938Z,KXBTC15M-26OCT042345-45,0.0120,257.50,no
2026-10-05T03:41:45.593938Z,KXBTC15M-26OCT042345-45,0.0080,15.00,no
2026-10-05T03:41:45.593938Z,KXBTC15M-26OCT042345-45,0.0130,10.00,no
2026-10-05T03:41:45.593938Z,KXBTC15M-26OCT042345-45,0.0120,10.00,no
2026-10-05T03:41:45.599852Z,KXBTC15M-26OCT042345-45,0.0070,11.71,no
2026-10-05T03:41:45.658832Z,KXBTC15M-26OCT042345-45,0.0070,2.03,no
2026-10-05T03:41:45.665141Z,KXBTC15M-26OCT042345-45,0.0080,36.33,yes
2026-10-05T03:41:45.725928Z,KXBTC15M-26OCT042345-45,0.0080,36.33,yes
2026-10-05T03:41:45.738045Z,KXBTC15M-26OCT042345-45,0.0080,1300.00,yes
2026-10-05T03:41:45.742165Z,KXBTC15M-26OCT042345-45,0.0080,325.00,yes
2026-10-05T03:41:45.779452Z,KXBTC15M-26OCT042345-45,0.0080,15.41,yes
2026-10-05T03:41:45.819713Z,KXBTC15M-26OCT042345-45,0.0080,50.00,yes
2026-10-05T03:41:45.820025Z,KXBTC15M-26OCT042345-45,0.0080,259.41,yes
2026-10-05T03:41:45.838059Z,KXBTC15M-26OCT042345-45,0.0080,36.33,yes
2026-10-05T03:41:45.87401Z,KXBTC15M-26OCT042345-45,0.0080,1000.00,yes
2026-10-05T03:41:45.874869Z,KXBTC15M-26OCT042345-45,0.0080,82.19,yes
2026-10-05T03:41:45.874869Z,KXBTC15M-26OCT042345-45,0.0080,15.00,yes
2026-10-05T03:41:45.874869Z,KXBTC15M-26OCT042345-45,0.0080,177.97,yes
2026-10-05T03:41:45.874869Z,KXBTC15M-26OCT042345-45,0.0080,0.01,yes
2026-10-05T03:41:45.874869Z,KXBTC15M-26OCT042345-45,0.0080,0.01,yes
2026-10-05T03:41:45.8942Z,KXBTC15M-26OCT042345-45,0.0070,99.47,no
2026-10-05T03:41:45.959847Z,KXBTC15M-26OCT042345-45,0.0080,36.33,yes
2026-10-05T03:41:46.052912Z,KXBTC15M-26OCT042345-45,0.0070,19.89,no
2026-10-05T03:41:46.072206Z,KXBTC15M-26OCT042345-45,0.0080,0.01,yes
2026-10-05T03:41:46.072206Z,KXBTC15M-26OCT042345-45,0.0080,15.00,yes
2026-10-05T03:41:46.072206Z,KXBTC15M-26OCT042345-45,0.0080,37.71,yes
2026-10-05T03:41:46.072206Z,KXBTC15M-26OCT042345-45,0.0080,0.01,yes
2026-10-05T03:41:46.080321Z,KXBTC15M-26OCT042345-45,0.0090,12.78,no
2026-10-05T03:41:46.080321Z,KXBTC15M-26OCT042345-45,0.0090,10.00,no
2026-10-05T03:41:46.080321Z,KXBTC15M-26OCT042345-45,0.0090,10.00,no
2026-10-05T03:41:46.08137Z,KXBTC15M-26OCT042345-45,0.0100,0.71,yes
2026-10-05T03:41:46.141688Z,KXBTC15M-26OCT042345-45,0.0100,36.33,yes
2026-10-05T03:41:46.147228Z,KXBTC15M-26OCT042345-45,0.0090,25.65,no
2026-10-05T03:41:46.163338Z,KXBTC15M-26OCT042345-45,0.0100,131.35,yes
2026-10-05T03:41:46.413077Z,KXBTC15M-26OCT042345-45,0.0090,12.58,no
2026-10-05T03:41:46.515312Z,KXBTC15M-26OCT042345-45,0.0100,93.51,yes
2026-10-05T03:41:46.524718Z,KXBTC15M-26OCT042345-45,0.0100,13.50,yes
2026-10-05T03:41:46.524718Z,KXBTC15M-26OCT042345-45,0.0100,15.00,yes
2026-10-05T03:41:46.524718Z,KXBTC15M-26OCT042345-45,0.0100,0.01,yes
2026-10-05T03:41:46.524718Z,KXBTC15M-26OCT042345-45,0.0100,50.00,yes
2026-10-05T03:41:46.524718Z,KXBTC15M-26OCT042345-45,0.0100,15.00,yes
2026-10-05T03:41:46.557776Z,KXBTC15M-26OCT042345-45,0.0100,6.40,yes
2026-10-05T03:41:46.579219Z,KXBTC15M-26OCT042345-45,0.0100,50.00,yes
2026-10-05T03:41:46.579219Z,KXBTC15M-26OCT042345-45,0.0100,1.00,yes
2026-10-05T03:41:46.579219Z,KXBTC15M-26OCT042345-45,0.0100,15.00,yes
2026-10-05T03:41:46.579219Z,KXBTC15M-26OCT042345-45,0.0100,0.01,yes
2026-10-05T03:41:46.579219Z,KXBTC15M-26OCT042345-45,0.0110,50.41,yes
2026-10-05T03:41:46.625508Z,KXBTC15M-26OCT042345-45,0.0100,3.00,no
2026-10-05T03:41:46.654897Z,KXBTC15M-26OCT042345-45,0.0100,0.50,no
2026-10-05T03:41:46.704543Z,KXBTC15M-26OCT042345-45,0.0100,4.86,no
2026-10-05T03:41:46.795084Z,KXBTC15M-26OCT042345-45,0.0100,5.99,no
2026-10-05T03:41:46.812514Z,KXBTC15M-26OCT042345-45,0.0100,50.00,no
2026-10-05T03:41:46.812514Z,KXBTC15M-26OCT042345-45,0.0100,549.00,no
2026-10-05T03:41:46.812514Z,KXBTC15M-26OCT042345-45,0.0100,70.00,no
2026-10-05T03:41:46.812514Z,KXBTC15M-26OCT042345-45,0.0100,70.00,no
2026-10-05T03:41:46.812514Z,KXBTC15M-26OCT042345-45,0.0100,0.10,no
2026-10-05T03:41:46.812514Z,KXBTC15M-26OCT042345-45,0.0100,135.65,no
2026-10-05T03:41:46.812514Z,KXBTC15M-26OCT042345-45,0.0100,77.16,no
2026-10-05T03:41:46.812514Z,KXBTC15M-26OCT042345-45,0.0100,100.00,no
2026-10-05T03:41:46.812514Z,KXBTC15M-26OCT042345-45,0.0100,400.00,no
2026-10-05T03:41:46.812514Z,KXBTC15M-26OCT042345-45,0.0100,0.01,no
2026-10-05T03:41:46.812514Z,KXBTC15M-26OCT042345-45,0.0100,1.00,no
2026-10-05T03:41:46.812514Z,KXBTC15M-26OCT042345-45,0.0100,10.00,no
2026-10-05T03:41:46.812514Z,KXBTC15M-26OCT042345-45,0.0100,200.00,no
2026-10-05T03:41:46.812514Z,KXBTC15M-26OCT042345-45,0.0100,0.01,no
2026-10-05T03:41:46.812514Z,KXBTC15M-26OCT042345-45,0.0100,1.00,no
2026-10-05T03:41:46.844046Z,KXBTC15M-26OCT042345-45,0.0100,5.00,no
2026-10-05T03:41:46.86782Z,KXBTC15M-26OCT042345-45,0.0110,11.76,yes
2026-10-05T03:41:46.86782Z,KXBTC15M-26OCT042345-45,0.0110,0.01,yes
2026-10-05T03:41:47.006714Z,KXBTC15M-26OCT042345-45,0.0110,85.02,yes
2026-10-05T03:41:47.017301Z,KXBTC15M-26OCT042345-45,0.0100,417.84,no
2026-10-05T03:41:47.017301Z,KXBTC15M-26OCT042345-45,0.0100,42.06,no
2026-10-05T03:41:47.137124Z,KXBTC15M-26OCT042345-45,0.0110,373.00,yes
2026-10-05T03:41:47.270663Z,KXBTC15M-26OCT042345-45,0.0100,0.01,no
2026-10-05T03:41:47.270663Z,KXBTC15M-26OCT042345-45,0.0100,19.82,no
2026-10-05T03:41:47.270663Z,KXBTC15M-26OCT042345-45,0.0100,0.01,no
2026-10-05T03:41:47.293983Z,KXBTC15M-26OCT042345-45,0.0110,8.50,yes
2026-10-05T03:41:47.377573Z,KXBTC15M-26OCT042345-45,0.0110,13.75,yes
2026-10-05T03:41:47.377573Z,KXBTC15M-26OCT042345-45,0.0110,0.01,yes
2026-10-05T03:41:47.377573Z,KXBTC15M-26OCT042345-45,0.0110,0.01,yes
2026-10-05T03:41:47.377573Z,KXBTC15M-26OCT042345-45,0.0110,16.00,yes
2026-10-05T03:41:47.377573Z,KXBTC15M-26OCT042345-45,0.0110,15.00,yes
2026-10-05T03:41:47.377573Z,KXBTC15M-26OCT042345-45,0.0110,6.00,yes
2026-10-05T03:41:47.377573Z,KXBTC15M-26OCT042345-45,0.0110,21.72,yes
2026-10-05T03:41:47.383285Z,KXBTC15M-26OCT042345-45,0.0100,5.90,no
2026-10-05T03:41:47.490702Z,KXBTC15M-26OCT042345-45,0.0100,2.01,no
2026-10-05T03:41:47.49431Z,KXBTC15M-26OCT042345-45,0.0100,50.00,no
2026-10-05T03:41:47.49431Z,KXBTC15M-26OCT042345-45,0.0100,200.00,no
2026-10-05T03:41:47.49431Z,KXBTC15M-26OCT042345-45,0.0100,235.97,no
2026-10-05T03:41:47.49431Z,KXBTC15M-26OCT042345-45,0.0100,72.27,no
2026-10-05T03:41:47.608695Z,KXBTC15M-26OCT042345-45,0.0110,100.22,yes
2026-10-05T03:41:47.616276Z,KXBTC15M-26OCT042345-45,0.0110,68.18,yes
2026-10-05T03:41:47.633506Z,KXBTC15M-26OCT042345-45,0.0110,20.83,yes
2026-10-05T03:41:47.683208Z,KXBTC15M-26OCT042345-45,0.0110,8.01,yes
2026-10-05T03:41:47.771336Z,KXBTC15M-26OCT042345-45,0.0100,4.85,no
2026-10-05T03:41:47.771336Z,KXBTC15M-26OCT042345-45,0.0100,1.00,no
2026-10-05T03:41:47.771336Z,KXBTC15M-26OCT042345-45,0.0100,1.00,no
2026-10-05T03:41:48.04945Z,KXBTC15M-26OCT042345-45,0.0110,68.32,yes
2026-10-05T03:41:48.086707Z,KXBTC15M-26OCT042345-45,0.0100,800.00,no
2026-10-05T03:41:48.086707Z,KXBTC15M-26OCT042345-45,0.0100,0.01,no
2026-10-05T03:41:48.086707Z,KXBTC15M-26OCT042345-45,0.0100,1.00,no
2026-10-05T03:41:48.086707Z,KXBTC15M-26OCT042345-45,0.0100,0.01,no
2026-10-05T03:41:48.086707Z,KXBTC15M-26OCT042345-45,0.0100,50.00,no
2026-10-05T03:41:48.086707Z,KXBTC15M-26OCT042345-45,0.0100,400.00,no
2026-10-05T03:41:48.086707Z,KXBTC15M-26OCT042345-45,0.0100,5.15,no
2026-10-05T03:41:48.086707Z,KXBTC15M-26OCT042345-45,0.0100,1.00,no
2026-10-05T03:41:48.086707Z,KXBTC15M-26OCT042345-45,0.0100,100.00,no
2026-10-05T03:41:48.086707Z,KXBTC15M-26OCT042345-45,0.0090,227.00,no
2026-10-05T03:41:48.086707Z,KXBTC15M-26OCT042345-45,0.0100,15.00,no
2026-10-05T03:41:48.086707Z,KXBTC15M-26OCT042345-45,0.0080,17.00,no
2026-10-05T03:41:48.086707Z,KXBTC15M-26OCT042345-45,0.0090,15.00,no
2026-10-05T03:41:48.086707Z,KXBTC15M-26OCT042345-45,0.0090,15.00,no
2026-10-05T03:41:48.086707Z,KXBTC15M-26OCT042345-45,0.0080,15.00,no
2026-10-05T03:41:48.086707Z,KXBTC15M-26OCT042345-45,0.0090,4.42,no
2026-10-05T03:41:48.086707Z,KXBTC15M-26OCT042345-45,0.0090,12.00,no
2026-10-05T03:41:48.086707Z,KXBTC15M-26OCT042345-45,0.0090,10.00,no
2026-10-05T03:41:48.086707Z,KXBTC15M-26OCT042345-45,0.0090,1.00,no
2026-10-05T03:41:48.086707Z,KXBTC15M-26OCT042345-45,0.0080,1.00,no
2026-10-05T03:41:48.086707Z,KXBTC15M-26OCT042345-45,0.0070,757.11,no
2026-10-05T03:41:48.086707Z,KXBTC15M-26OCT042345-45,0.0100,51.00,no
2026-10-05T03:41:48.086707Z,KXBTC15M-26OCT042345-45,0.0090,84.00,no
2026-10-05T03:41:48.117982Z,KXBTC15M-26OCT042345-45,0.0100,0.01,no
2026-10-05T03:41:48.125219Z,KXBTC15M-26OCT042345-45,0.0110,7.11,yes
2026-10-05T03:41:48.26895Z,KXBTC15M-26OCT042345-45,0.0110,4.25,yes
2026-10-05T03:41:48.298926Z,KXBTC15M-26OCT042345-45,0.0100,149.99,no
2026-10-05T03:41:48.298926Z,KXBTC15M-26OCT042345-45,0.0100,0.01,no
2026-10-05T03:41:48.298926Z,KXBTC15M-26OCT042345-45,0.0100,6.75,no
2026-10-05T03:41:48.298926Z,KXBTC15M-26OCT042345-45,0.0100,0.01,no
2026-10-05T03:41:48.301326Z,KXBTC15M-26OCT042345-45,0.0110,85.02,yes
2026-10-05T03:41:48.335824Z,KXBTC15M-26OCT042345-45,0.0110,85.02,yes
2026-10-05T03:41:48.350077Z,KXBTC15M-26OCT042345-45,0.0100,3.95,no
2026-10-05T03:41:48.406366Z,KXBTC15M-26OCT042345-45,0.0100,0.01,no
2026-10-05T03:41:48.406366Z,KXBTC15M-26OCT042345-45,0.0100,34.00,no
2026-10-05T03:41:48.406366Z,KXBTC15M-26OCT042345-45,0.0100,39.30,no
2026-10-05T03:41:48.406366Z,KXBTC15M-26OCT042345-45,0.0100,0.01,no
2026-10-05T03:41:48.406366Z,KXBTC15M-26OCT042345-45,0.0100,1.00,no
2026-10-05T03:41:48.406366Z,KXBTC15M-26OCT042345-45,0.0100,23.59,no
2026-10-05T03:41:48.43981Z,KXBTC15M-26OCT042345-45,0.0110,85.02,yes
2026-10-05T03:41:48.442116Z,KXBTC15M-26OCT042345-45,0.0100,15.00,no
2026-10-05T03:41:48.479543Z,KXBTC15M-26OCT042345-45,0.0100,3.49,no
2026-10-05T03:41:48.482689Z,KXBTC15M-26OCT042345-45,0.0110,34.01,yes
2026-10-05T03:41:48.483252Z,KXBTC15M-26OCT042345-45,0.0110,85.02,yes
2026-10-05T03:41:48.582466Z,KXBTC15M-26OCT042345-45,0.0110,44.85,yes
2026-10-05T03:41:48.601359Z,KXBTC15M-26OCT042345-45,0.0110,273.00,yes
2026-10-05T03:41:48.642091Z,KXBTC15M-26OCT042345-45,0.0110,425.11,yes
2026-10-05T03:41:48.691649Z,KXBTC15M-26OCT042345-45,0.0110,425.11,yes
2026-10-05T03:41:48.714709Z,KXBTC15M-26OCT042345-45,0.0100,20.18,no
2026-10-05T03:41:48.756874Z,KXBTC15M-26OCT042345-45,0.0110,425.11,yes
2026-10-05T03:41:48.911699Z,KXBTC15M-26OCT042345-45,0.0110,96.00,yes
2026-10-05T03:41:48.976644Z,KXBTC15M-26OCT042345-45,0.0110,41.67,yes
2026-10-05T03:41:48.986483Z,KXBTC15M-26OCT042345-45,0.0110,53.82,yes
2026-10-05T03:41:49.030575Z,KXBTC15M-26OCT042345-45,0.0100,56.68,no
2026-10-05T03:41:49.051265Z,KXBTC15M-26OCT042345-45,0.0110,16.00,yes
2026-10-05T03:41:49.051265Z,KXBTC15M-26OCT042345-45,0.0110,0.01,yes
2026-10-05T03:41:49.051265Z,KXBTC15M-26OCT042345-45,0.0110,0.01,yes
2026-10-05T03:41:49.051265Z,KXBTC15M-26OCT042345-45,0.0110,6.91,yes
2026-10-05T03:41:49.051265Z,KXBTC15M-26OCT042345-45,0.0110,62.09,yes
2026-10-05T03:41:49.08771Z,KXBTC15M-26OCT042345-45,0.0100,150.00,no
2026-10-05T03:41:49.08771Z,KXBTC15M-26OCT042345-45,0.0100,50.00,no
2026-10-05T03:41:49.08771Z,KXBTC15M-26OCT042345-45,0.0100,1.00,no
2026-10-05T03:41:49.08771Z,KXBTC15M-26OCT042345-45,0.0100,21.00,no
2026-10-05T03:41:49.08771Z,KXBTC15M-26OCT042345-45,0.0100,0.01,no
2026-10-05T03:41:49.08771Z,KXBTC15M-26OCT042345-45,0.0100,0.01,no
2026-10-05T03:41:49.088805Z,KXBTC15M-26OCT042345-45,0.0090,12.67,no
2026-10-05T03:41:49.088805Z,KXBTC15M-26OCT042345-45,0.0090,1.00,no
2026-10-05T03:41:49.09028Z,KXBTC15M-26OCT042345-45,0.0090,50.00,no
2026-10-05T03:41:49.123951Z,KXBTC15M-26OCT042345-45,0.0100,6.91,yes
2026-10-05T03:41:49.207405Z,KXBTC15M-26OCT042345-45,0.0090,0.01,no
2026-10-05T03:41:49.207405Z,KXBTC15M-26OCT042345-45,0.0090,1.00,no
2026-10-05T03:41:49.207405Z,KXBTC15M-26OCT042345-45,0.0090,25.00,no
2026-10-05T03:41:49.207405Z,KXBTC15M-26OCT042345-45,0.0080,19.98,no
2026-10-05T03:41:49.207405Z,KXBTC15M-26OCT042345-45,0.0090,150.00,no
2026-10-05T03:41:49.207405Z,KXBTC15M-26OCT042345-45,0.0090,1.00,no
2026-10-05T03:41:49.207405Z,KXBTC15M-26OCT042345-45,0.0090,0.01,no
2026-10-05T03:41:49.207405Z,KXBTC15M-26OCT042345-45,0.0090,100.00,no
2026-10-05T03:41:49.207405Z,KXBTC15M-26OCT042345-45,0.0090,400.00,no
2026-10-05T03:41:49.207405Z,KXBTC15M-26OCT042345-45,0.0080,82.00,no
2026-10-05T03:41:49.207405Z,KXBTC15M-26OCT042345-45,0.0080,1.00,no
2026-10-05T03:41:49.207405Z,KXBTC15M-26OCT042345-45,0.0080,17.00,no
2026-10-05T03:41:49.207405Z,KXBTC15M-26OCT042345-45,0.0080,10.00,no
2026-10-05T03:41:49.207405Z,KXBTC15M-26OCT042345-45,0.0080,200.00,no
2026-10-05T03:41:49.211216Z,KXBTC15M-26OCT042345-45,0.0100,1000.00,yes
2026-10-05T03:41:49.325659Z,KXBTC15M-26OCT042345-45,0.0100,9.00,yes
2026-10-05T03:41:49.327967Z,KXBTC15M-26OCT042345-45,0.0100,46.00,yes
2026-10-05T03:41:49.36647Z,KXBTC15M-26OCT042345-45,0.0100,25.09,yes
2026-10-05T03:41:49.450704Z,KXBTC15M-26OCT042345-45,0.0090,2.00,no
2026-10-05T03:41:49.450704Z,KXBTC15M-26OCT042345-45,0.0090,0.01,no
2026-10-05T03:41:49.499075Z,KXBTC15M-26OCT042345-45,0.0100,85.02,yes
2026-10-05T03:41:49.597628Z,KXBTC15M-26OCT042345-45,0.0090,11.80,no
2026-10-05T03:41:49.633452Z,KXBTC15M-26OCT042345-45,0.0100,50.00,yes
2026-10-05T03:41:49.633452Z,KXBTC15M-26OCT042345-45,0.0100,307.26,yes
2026-10-05T03:41:49.633452Z,KXBTC15M-26OCT042345-45,0.0100,500.00,yes
2026-10-05T03:41:49.633452Z,KXBTC15M-26OCT042345-45,0.0100,77.93,yes
2026-10-05T03:41:49.653827Z,KXBTC15M-26OCT042345-45,0.0100,46.00,yes
2026-10-05T03:41:49.658519Z,KXBTC15M-26OCT042345-45,0.0100,0.10,yes
2026-10-05T03:41:49.658519Z,KXBTC15M-26OCT042345-45,0.0100,16.00,yes
2026-10-05T03:41:49.658519Z,KXBTC15M-26OCT042345-45,0.0100,0.01,yes
2026-10-05T03:41:49.658519Z,KXBTC15M-26OCT042345-45,0.0100,225.50,yes
2026-10-05T03:41:49.658519Z,KXBTC15M-26OCT042345-45,0.0100,183.50,yes
2026-10-05T03:41:49.68519Z,KXBTC15M-26OCT042345-45,0.0090,3.02,no
2026-10-05T03:41:49.829689Z,KXBTC15M-26OCT042345-45,0.0100,92.00,yes
2026-10-05T03:41:49.8606Z,KXBTC15M-26OCT042345-45,0.0100,8.50,yes
2026-10-05T03:41:49.8606Z,KXBTC15M-26OCT042345-45,0.0100,6.50,yes
2026-10-05T03:41:49.88386Z,KXBTC15M-26OCT042345-45,0.0100,152.80,yes
2026-10-05T03:41:49.88386Z,KXBTC15M-26OCT042345-45,0.0100,6.50,yes
2026-10-05T03:41:49.88386Z,KXBTC15M-26OCT042345-45,0.0100,2.00,yes
2026-10-05T03:41:49.88386Z,KXBTC15M-26OCT042345-45,0.0100,438.00,yes
2026-10-05T03:41:49.88386Z,KXBTC15M-26OCT042345-45,0.0100,15.00,yes
2026-10-05T03:41:49.88386Z,KXBTC15M-26OCT042345-45,0.0100,1.01,yes
2026-10-05T03:41:49.88386Z,KXBTC15M-26OCT042345-45,0.0100,1.00,yes
2026-10-05T03:41:49.88386Z,KXBTC15M-26OCT042345-45,0.0100,0.01,yes
2026-10-05T03:41:49.88386Z,KXBTC15M-26OCT042345-45,0.0100,50.00,yes
2026-10-05T03:41:49.88386Z,KXBTC15M-26OCT042345-45,0.0100,0.01,yes
2026-10-05T03:41:49.966528Z,KXBTC15M-26OCT042345-45,0.0090,0.01,no
2026-10-05T03:41:49.966528Z,KXBTC15M-26OCT042345-45,0.0090,133.18,no
2026-10-05T03:41:49.966528Z,KXBTC15M-26OCT042345-45,0.0080,27.00,no
2026-10-05T03:41:49.966528Z,KXBTC15M-26OCT042345-45,0.0090,15.00,no
2026-10-05T03:41:49.966528Z,KXBTC15M-26OCT042345-45,0.0090,0.01,no
2026-10-05T03:41:49.966528Z,KXBTC15M-26OCT042345-45,0.0090,200.00,no
2026-10-05T03:41:49.966528Z,KXBTC15M-26OCT042345-45,0.0090,1.00,no
2026-10-05T03:41:49.966528Z,KXBTC15M-26OCT042345-45,0.0080,200.00,no
2026-10-05T03:41:49.966528Z,KXBTC15M-26OCT042345-45,0.0080,41.00,no
2026-10-05T03:41:49.966528Z,KXBTC15M-26OCT042345-45,0.0090,15.00,no
2026-10-05T03:41:49.966528Z,KXBTC15M-26OCT042345-45,0.0090,1.00,no
2026-10-05T03:41:49.991689Z,KXBTC15M-26OCT042345-45,0.0070,7.56,no
2026-10-05T03:41:50.027298Z,KXBTC15M-26OCT042345-45,0.0080,193.23,yes
2026-10-05T03:41:50.076555Z,KXBTC15M-26OCT042345-45,0.0080,36.33,yes
2026-10-05T03:41:50.099525Z,KXBTC15M-26OCT042345-45,0.0070,4.93,no
2026-10-05T03:41:50.144162Z,KXBTC15M-26OCT042345-45,0.0080,36.33,yes
2026-10-05T03:41:50.219646Z,KXBTC15M-26OCT042345-45,0.0080,36.33,yes
2026-10-05T03:41:50.230741Z,KXBTC15M-26OCT042345-45,0.0080,93.51,yes
2026-10-05T03:41:50.274636Z,KXBTC15M-26OCT042345-45,0.0080,25.00,yes
2026-10-05T03:41:50.305117Z,KXBTC15M-26OCT042345-45,0.0080,36.33,yes
2026-10-05T03:41:50.353595Z,KXBTC15M-26OCT042345-45,0.0080,93.51,yes
2026-10-05T03:41:50.434063Z,KXBTC15M-26OCT042345-45,0.0080,36.33,yes
2026-10-05T03:41:50.469984Z,KXBTC15M-26OCT042345-45,0.0070,718.55,no
2026-10-05T03:41:50.469984Z,KXBTC15M-26OCT042345-45,0.0070,150.00,no
2026-10-05T03:41:50.469984Z,KXBTC15M-26OCT042345-45,0.0070,400.00,no
2026-10-05T03:41:50.469984Z,KXBTC15M-26OCT042345-45,0.0070,100.00,no
2026-10-05T03:41:50.469984Z,KXBTC15M-26OCT042345-45,0.0070,0.01,no
2026-10-05T03:41:50.469984Z,KXBTC15M-26OCT042345-45,0.0070,0.01,no
2026-10-05T03:41:50.469984Z,KXBTC15M-26OCT042345-45,0.0070,15.00,no
2026-10-05T03:41:50.469984Z,KXBTC15M-26OCT042345-45,0.0070,17.00,no
2026-10-05T03:41:50.469984Z,KXBTC15M-26OCT042345-45,0.0070,98.00,no
2026-10-05T03:41:50.469984Z,KXBTC15M-26OCT042345-45,0.0070,2.51,no
2026-10-05T03:41:50.469984Z,KXBTC15M-26OCT042345-45,0.0070,10.00,no
2026-10-05T03:41:50.469984Z,KXBTC15M-26OCT042345-45,0.0070,15.00,no
2026-10-05T03:41:50.496244Z,KXBTC15M-26OCT042345-45,0.0070,157.42,no
2026-10-05T03:41:50.518192Z,KXBTC15M-26OCT042345-45,0.0080,36.33,yes
2026-10-05T03:41:50.548771Z,KXBTC15M-26OCT042345-45,0.0070,54.23,no
2026-10-05T03:41:50.570118Z,KXBTC15M-26OCT042345-45,0.0070,5.03,no
2026-10-05T03:41:50.581264Z,KXBTC15M-26OCT042345-45,0.0080,36.33,yes
2026-10-05T03:41:50.617802Z,KXBTC15M-26OCT042345-45,0.0080,21.67,yes
2026-10-05T03:41:50.649907Z,KXBTC15M-26OCT042345-45,0.0080,36.33,yes
2026-10-05T03:41:50.683308Z,KXBTC15M-26OCT042345-45,0.0070,342.22,no
2026-10-05T03:41:50.723911Z,KXBTC15M-26OCT042345-45,0.0080,0.35,yes
2026-10-05T03:41:50.74624Z,KXBTC15M-26OCT042345-45,0.0080,36.33,yes
2026-10-05T03:41:50.81108Z,KXBTC15M-26OCT042345-45,0.0080,101.99,yes
2026-10-05T03:41:50.817317Z,KXBTC15M-26OCT042345-45,0.0080,36.33,yes
2026-10-05T03:41:50.853393Z,KXBTC15M-26OCT042345-45,0.0080,2.00,yes
2026-10-05T03:41:50.913916Z,KXBTC15M-26OCT042345-45,0.0070,10.06,no
2026-10-05T03:41:50.923224Z,KXBTC15M-26OCT042345-45,0.0080,36.33,yes
2026-10-05T03:41:50.958126Z,KXBTC15M-26OCT042345-45,0.0080,3.13,yes
2026-10-05T03:41:50.981769Z,KXBTC15M-26OCT042345-45,0.0070,8.35,no
2026-10-05T03:41:50.998599Z,KXBTC15M-26OCT042345-45,0.0080,343.64,yes
2026-10-05T03:41:51.01906Z,KXBTC15M-26OCT042345-45,0.0080,36.33,yes
2026-10-05T03:41:51.082532Z,KXBTC15M-26OCT042345-45,0.0070,290.24,no
2026-10-05T03:41:51.082532Z,KXBTC15M-26OCT042345-45,0.0070,15.00,no
2026-10-05T03:41:51.082532Z,KXBTC15M-26OCT042345-45,0.0070,27.00,no
2026-10-05T03:41:51.082532Z,KXBTC15M-26OCT042345-45,0.0070,0.01,no
2026-10-05T03:41:51.082532Z,KXBTC15M-26OCT042345-45,0.0070,100.00,no
2026-10-05T03:41:51.082532Z,KXBTC15M-26OCT042345-45,0.0070,0.01,no
2026-10-05T03:41:51.082532Z,KXBTC15M-26OCT042345-45,0.0070,400.00,no
2026-10-05T03:41:51.082532Z,KXBTC15M-26OCT042345-45,0.0070,98.00,no
2026-10-05T03:41:51.082532Z,KXBTC15M-26OCT042345-45,0.0070,1.00,no
2026-10-05T03:41:51.082532Z,KXBTC15M-26OCT042345-45,0.0070,42.38,no
2026-10-05T03:41:51.082532Z,KXBTC15M-26OCT042345-45,0.0070,200.00,no
2026-10-05T03:41:51.086769Z,KXBTC15M-26OCT042345-45,0.0080,58.44,yes
2026-10-05T03:41:51.093423Z,KXBTC15M-26OCT042345-45,0.0080,36.33,yes
2026-10-05T03:41:51.105627Z,KXBTC15M-26OCT042345-45,0.0080,1168.83,yes
2026-10-05T03:41:51.107489Z,KXBTC15M-26OCT042345-45,0.0080,36.46,yes
2026-10-05T03:41:51.139402Z,KXBTC15M-26OCT042345-45,0.0070,200.00,no
2026-10-05T03:41:51.139402Z,KXBTC15M-26OCT042345-45,0.0070,0.01,no
2026-10-05T03:41:51.139402Z,KXBTC15M-26OCT042345-45,0.0070,98.00,no
2026-10-05T03:41:51.139402Z,KXBTC15M-26OCT042345-45,0.0070,0.01,no
2026-10-05T03:41:51.139402Z,KXBTC15M-26OCT042345-45,0.0070,100.00,no
2026-10-05T03:41:51.139402Z,KXBTC15M-26OCT042345-45,0.0070,15.00,no
2026-10-05T03:41:51.139402Z,KXBTC15M-26OCT042345-45,0.0070,400.00,no
2026-10-05T03:41:51.139402Z,KXBTC15M-26OCT042345-45,0.0070,10.00,no
2026-10-05T03:41:51.139402Z,KXBTC15M-26OCT042345-45,0.0070,107.62,no
2026-10-05T03:41:51.139402Z,KXBTC15M-26OCT042345-45,0.0070,17.00,no
2026-10-05T03:41:51.139402Z,KXBTC15M-26OCT042345-45,0.0060,76.10,no
2026-10-05T03:41:51.139777Z,KXBTC15M-26OCT042345-45,0.0080,2337.67,yes
2026-10-05T03:41:51.147682Z,KXBTC15M-26OCT042345-45,0.0080,2.11,yes
2026-10-05T03:41:51.195304Z,KXBTC15M-26OCT042345-45,0.0070,2.88,no
2026-10-05T03:41:51.204275Z,KXBTC15M-26OCT042345-45,0.0080,2.89,yes
2026-10-05T03:41:51.204275Z,KXBTC15M-26OCT042345-45,0.0080,0.01,yes
2026-10-05T03:41:51.204275Z,KXBTC15M-26OCT042345-45,0.0080,15.00,yes
2026-10-05T03:41:51.204275Z,KXBTC15M-26OCT042345-45,0.0080,98.97,yes
2026-10-05T03:41:51.204275Z,KXBTC15M-26OCT042345-45,0.0080,0.01,yes
2026-10-05T03:41:51.207694Z,KXBTC15M-26OCT042345-45,0.0080,36.33,yes
2026-10-05T03:41:51.296708Z,KXBTC15M-26OCT042345-45,0.0080,36.33,yes
2026-10-05T03:41:51.318929Z,KXBTC15M-26OCT042345-45,0.0070,0.02,no
2026-10-05T03:41:51.324271Z,KXBTC15M-26OCT042345-45,0.0080,0.01,yes
2026-10-05T03:41:51.324271Z,KXBTC15M-26OCT042345-45,0.0080,0.55,yes
2026-10-05T03:41:51.324271Z,KXBTC15M-26OCT042345-45,0.0080,101.31,yes
2026-10-05T03:41:51.324271Z,KXBTC15M-26OCT042345-45,0.0080,15.00,yes
2026-10-05T03:41:51.324271Z,KXBTC15M-26OCT042345-45,0.0080,0.01,yes
2026-10-05T03:41:51.355257Z,KXBTC15M-26OCT042345-45,0.0070,8.55,no
2026-10-05T03:41:51.371014Z,KXBTC15M-26OCT042345-45,0.0080,7.25,yes
2026-10-05T03:41:51.371014Z,KXBTC15M-26OCT042345-45,0.0080,0.01,yes
2026-10-05T03:41:51.464315Z,KXBTC15M-26OCT042345-45,0.0080,1.63,yes
2026-10-05T03:41:51.49192Z,KXBTC15M-26OCT042345-45,0.0070,242.86,no
2026-10-05T03:41:51.49192Z,KXBTC15M-26OCT042345-45,0.0070,98.00,no
2026-10-05T03:41:51.49192Z,KXBTC15M-26OCT042345-45,0.0070,0.01,no
2026-10-05T03:41:51.49192Z,KXBTC15M-26OCT042345-45,0.0070,100.00,no
2026-10-05T03:41:51.49192Z,KXBTC15M-26OCT042345-45,0.0070,5.55,no
2026-10-05T03:41:51.49192Z,KXBTC15M-26OCT042345-45,0.0070,150.00,no
2026-10-05T03:41:51.49192Z,KXBTC15M-26OCT042345-45,0.0070,15.00,no
2026-10-05T03:41:51.497581Z,KXBTC15M-26OCT042345-45,0.0080,15.00,yes
2026-10-05T03:41:51.497581Z,KXBTC15M-26OCT042345-45,0.0080,0.01,yes
2026-10-05T03:41:51.497581Z,KXBTC15M-26OCT042345-45,0.0080,15.20,yes
2026-10-05T03:41:51.497581Z,KXBTC15M-26OCT042345-45,0.0080,6.12,yes
2026-10-05T03:41:51.525777Z,KXBTC15M-26OCT042345-45,0.0070,125.97,no
2026-10-05T03:41:51.565149Z,KXBTC15M-26OCT042345-45,0.0080,0.01,yes
2026-10-05T03:41:51.565149Z,KXBTC15M-26OCT042345-45,0.0080,15.00,yes
2026-10-05T03:41:51.565149Z,KXBTC15M-26OCT042345-45,0.0080,0.01,yes
2026-10-05T03:41:51.565149Z,KXBTC15M-26OCT042345-45,0.0080,4.93,yes
2026-10-05T03:41:51.568775Z,KXBTC15M-26OCT042345-45,0.0100,22.02,yes
2026-10-05T03:41:51.577983Z,KXBTC15M-26OCT042345-45,0.0100,27.98,yes
2026-10-05T03:41:51.577983Z,KXBTC15M-26OCT042345-45,0.0100,6.82,yes
2026-10-05T03:41:51.579721Z,KXBTC15M-26OCT042345-45,0.0080,0.01,no
2026-10-05T03:41:51.62091Z,KXBTC15M-26OCT042345-45,0.0100,6.00,yes
2026-10-05T03:41:51.62091Z,KXBTC15M-26OCT042345-45,0.0100,2.20,yes
2026-10-05T03:41:51.62091Z,KXBTC15M-26OCT042345-45,0.0100,8.18,yes
2026-10-05T03:41:52.041414Z,KXBTC15M-26OCT042345-45,0.0100,7.80,yes
2026-10-05T03:41:52.041414Z,KXBTC15M-26OCT042345-45,0.0100,5.99,yes
2026-10-05T03:41:52.041414Z,KXBTC15M-26OCT042345-45,0.0100,127.61,yes
2026-10-05T03:41:52.280784Z,KXBTC15M-26OCT042345-45,0.0090,0.01,no
2026-10-05T03:41:52.280784Z,KXBTC15M-26OCT042345-45,0.0090,150.00,no
2026-10-05T03:41:52.280784Z,KXBTC15M-26OCT042345-45,0.0090,0.01,no
2026-10-05T03:41:52.280784Z,KXBTC15M-26OCT042345-45,0.0090,31.50,no
2026-10-05T03:41:52.482488Z,KXBTC15M-26OCT042345-45,0.0100,25.59,yes
2026-10-05T03:41:52.531015Z,KXBTC15M-26OCT042345-45,0.0100,2.10,yes
2026-10-05T03:41:52.544284Z,KXBTC15M-26OCT042345-45,0.0100,40.21,yes
2026-10-05T03:41:52.743228Z,KXBTC15M-26OCT042345-45,0.0090,0.01,no
2026-10-05T03:41:52.743228Z,KXBTC15M-26OCT042345-45,0.0090,100.82,no
2026-10-05T03:41:52.743228Z,KXBTC15M-26OCT042345-45,0.0090,0.01,no
2026-10-05T03:41:52.814336Z,KXBTC15M-26OCT042345-45,0.0100,0.93,yes
2026-10-05T03:41:52.924849Z,KXBTC15M-26OCT042345-45,0.0100,282.44,yes
2026-10-05T03:41:52.924849Z,KXBTC15M-26OCT042345-45,0.0100,95.57,yes
2026-10-05T03:41:52.924849Z,KXBTC15M-26OCT042345-45,0.0100,1.56,yes
2026-10-05T03:41:52.924849Z,KXBTC15M-26OCT042345-45,0.0100,0.01,yes
2026-10-05T03:41:52.924849Z,KXBTC15M-26OCT042345-45,0.0100,16.00,yes
2026-10-05T03:41:52.924849Z,KXBTC15M-26OCT042345-45,0.0100,50.00,yes
2026-10-05T03:41:52.924849Z,KXBTC15M-26OCT042345-45,0.0100,0.01,yes
2026-10-05T03:41:52.924849Z,KXBTC15M-26OCT042345-45,0.0100,1.00,yes
2026-10-05T03:41:52.924849Z,KXBTC15M-26OCT042345-45,0.0100,15.00,yes
2026-10-05T03:41:52.924849Z,KXBTC15M-26OCT042345-45,0.0100,6.00,yes
2026-10-05T03:41:52.978758Z,KXBTC15M-26OCT042345-45,0.0100,42.28,yes
2026-10-05T03:41:53.007046Z,KXBTC15M-26OCT042345-45,0.0090,5.80,no
2026-10-05T03:41:53.007046Z,KXBTC15M-26OCT042345-45,0.0090,0.01,no
2026-10-05T03:41:53.007046Z,KXBTC15M-26OCT042345-45,0.0090,0.01,no
2026-10-05T03:41:53.007046Z,KXBTC15M-26OCT042345-45,0.0090,49.18,no
2026-10-05T03:41:53.012052Z,KXBTC15M-26OCT042345-45,0.0100,93.51,yes
2026-10-05T03:41:53.097538Z,KXBTC15M-26OCT042345-45,0.0100,93.51,yes
2026-10-05T03:41:53.099347Z,KXBTC15M-26OCT042345-45,0.0100,117.83,yes
2026-10-05T03:41:53.283673Z,KXBTC15M-26OCT042345-45,0.0090,2.01,no
2026-10-05T03:41:53.301038Z,KXBTC15M-26OCT042345-45,0.0100,514.35,yes
2026-10-05T03:41:53.307134Z,KXBTC15M-26OCT042345-45,0.0090,3.05,no
2026-10-05T03:41:53.330596Z,KXBTC15M-26OCT042345-45,0.0120,1047.00,yes
2026-10-05T03:41:53.330596Z,KXBTC15M-26OCT042345-45,0.0120,15.00,yes
2026-10-05T03:41:53.330596Z,KXBTC15M-26OCT042345-45,0.0120,10.00,yes
2026-10-05T03:41:53.330596Z,KXBTC15M-26OCT042345-45,0.0120,10.00,yes
2026-10-05T03:41:53.330596Z,KXBTC15M-26OCT042345-45,0.0120,2.00,yes
2026-10-05T03:41:53.330596Z,KXBTC15M-26OCT042345-45,0.0130,2.00,yes
2026-10-05T03:41:53.330596Z,KXBTC15M-26OCT042345-45,0.0120,2.00,yes
2026-10-05T03:41:53.330596Z,KXBTC15M-26OCT042345-45,0.0110,2.00,yes
2026-10-05T03:41:53.330596Z,KXBTC15M-26OCT042345-45,0.0110,2.00,yes
2026-10-05T03:41:53.330596Z,KXBTC15M-26OCT042345-45,0.0110,228.00,yes
2026-10-05T03:41:53.330596Z,KXBTC15M-26OCT042345-45,0.0110,200.00,yes
2026-10-05T03:41:53.330596Z,KXBTC15M-26OCT042345-45,0.0110,1000.00,yes
2026-10-05T03:41:53.330596Z,KXBTC15M-26OCT042345-45,0.0110,324.00,yes
2026-10-05T03:41:53.330596Z,KXBTC15M-26OCT042345-45,0.0130,121.22,yes
2026-10-05T03:41:53.330596Z,KXBTC15M-26OCT042345-45,0.0100,0.01,yes
2026-10-05T03:41:53.330596Z,KXBTC15M-26OCT042345-45,0.0100,338.81,yes
2026-10-05T03:41:53.330596Z,KXBTC15M-26OCT042345-45,0.0100,15.00,yes
2026-10-05T03:41:53.330596Z,KXBTC15M-26OCT042345-45,0.0130,10.00,yes
2026-10-05T03:41:53.330596Z,KXBTC15M-26OCT042345-45,0.0120,15.00,yes
2026-10-05T03:41:53.330596Z,KXBTC15M-26OCT042345-45,0.0100,50.00,yes
2026-10-05T03:41:53.330596Z,KXBTC15M-26OCT042345-45,0.0100,0.01,yes
2026-10-05T03:41:53.330596Z,KXBTC15M-26OCT042345-45,0.0100,200.00,yes
2026-10-05T03:41:53.330596Z,KXBTC15M-26OCT042345-45,0.0100,16.00,yes
2026-10-05T03:41:53.330596Z,KXBTC15M-26OCT042345-45,0.0100,6.00,yes
2026-10-05T03:41:53.330596Z,KXBTC15M-26OCT042345-45,0.0100,462.00,yes
2026-10-05T03:41:53.35954Z,KXBTC15M-26OCT042345-45,0.0110,118.05,no
2026-10-05T03:41:53.400986Z,KXBTC15M-26OCT042345-45,0.0110,43.36,no
2026-10-05T03:41:53.588008Z,KXBTC15M-26OCT042345-45,0.0120,0.01,yes
2026-10-05T03:41:53.588008Z,KXBTC15M-26OCT042345-45,0.0120,9.83,yes
2026-10-05T03:41:53.588008Z,KXBTC15M-26OCT042345-45,0.0120,0.01,yes
2026-10-05T03:41:53.716889Z,KXBTC15M-26OCT042345-45,0.0110,25.21,no
2026-10-05T03:41:53.743837Z,KXBTC15M-26OCT042345-45,0.0120,5.17,yes
2026-10-05T03:41:53.743837Z,KXBTC15M-26OCT042345-45,0.0120,0.01,yes
2026-10-05T03:41:53.743837Z,KXBTC15M-26OCT042345-45,0.0120,100.00,yes
2026-10-05T03:41:53.743837Z,KXBTC15M-26OCT042345-45,0.0120,0.01,yes
2026-10-05T03:41:53.743837Z,KXBTC15M-26OCT042345-45,0.0120,15.00,yes
2026-10-05T03:41:53.743837Z,KXBTC15M-26OCT042345-45,0.0120,247.33,yes
2026-10-05T03:41:53.789908Z,KXBTC15M-26OCT042345-45,0.0120,0.01,yes
2026-10-05T03:41:53.789908Z,KXBTC15M-26OCT042345-45,0.0120,0.01,yes
2026-10-05T03:41:53.789908Z,KXBTC15M-26OCT042345-45,0.0120,77.92,yes
2026-10-05T03:41:53.845216Z,KXBTC15M-26OCT042345-45,0.0110,0.01,no
2026-10-05T03:41:53.845216Z,KXBTC15M-26OCT042345-45,0.0110,282.98,no
2026-10-05T03:41:53.845216Z,KXBTC15M-26OCT042345-45,0.0110,500.00,no
2026-10-05T03:41:53.845216Z,KXBTC15M-26OCT042345-45,0.0110,17.00,no
2026-10-05T03:41:53.845216Z,KXBTC15M-26OCT042345-45,0.0110,0.01,no
2026-10-05T03:41:53.845216Z,KXBTC15M-26OCT042345-45,0.0110,200.00,no
2026-10-05T03:41:53.891049Z,KXBTC15M-26OCT042345-45,0.0110,15.15,no
2026-10-05T03:41:53.896197Z,KXBTC15M-26OCT042345-45,0.0110,15.00,no
2026-10-05T03:41:53.911712Z,KXBTC15M-26OCT042345-45,0.0120,0.01,yes
2026-10-05T03:41:53.911712Z,KXBTC15M-26OCT042345-45,0.0120,73.89,yes
2026-10-05T03:41:53.911712Z,KXBTC15M-26OCT042345-45,0.0120,0.01,yes
2026-10-05T03:41:53.95541Z,KXBTC15M-26OCT042345-45,0.0110,20.93,no
2026-10-05T03:41:54.036014Z,KXBTC15M-26OCT042345-45,0.0120,13.00,yes
2026-10-05T03:41:54.036014Z,KXBTC15M-26OCT042345-45,0.0120,64.94,yes
2026-10-05T03:41:54.123885Z,KXBTC15M-26OCT042345-45,0.0110,15.00,no
2026-10-05T03:41:54.123885Z,KXBTC15M-26OCT042345-45,0.0110,253.22,no
2026-10-05T03:41:54.123885Z,KXBTC15M-26OCT042345-45,0.0110,236.94,no
2026-10-05T03:41:54.401778Z,KXBTC15M-26OCT042345-45,0.0120,77.94,yes
2026-10-05T03:41:54.54237Z,KXBTC15M-26OCT042345-45,0.0110,0.01,no
2026-10-05T03:41:54.54237Z,KXBTC15M-26OCT042345-45,0.0110,0.01,no
2026-10-05T03:41:54.54237Z,KXBTC15M-26OCT042345-45,0.0110,17.00,no
2026-10-05T03:41:54.54237Z,KXBTC15M-26OCT042345-45,0.0110,16.41,no
2026-10-05T03:41:54.548629Z,KXBTC15M-26OCT042345-45,0.0120,30.93,yes
2026-10-05T03:41:54.588181Z,KXBTC15M-26OCT042345-45,0.0110,90.93,no
2026-10-05T03:41:54.610177Z,KXBTC15M-26OCT042345-45,0.0100,1880.88,no
2026-10-05T03:41:54.610177Z,KXBTC15M-26OCT042345-45,0.0110,654.11,no
2026-10-05T03:41:54.610177Z,KXBTC15M-26OCT042345-45,0.0110,200.00,no
2026-10-05T03:41:54.610177Z,KXBTC15M-26OCT042345-45,0.0110,1.00,no
2026-10-05T03:41:54.610177Z,KXBTC15M-26OCT042345-45,0.0110,0.01,no
2026-10-05T03:41:54.610177Z,KXBTC15M-26OCT042345-45,0.0110,17.00,no
2026-10-05T03:41:54.610177Z,KXBTC15M-26OCT042345-45,0.0110,0.01,no
2026-10-05T03:41:54.610177Z,KXBTC15M-26OCT042345-45,0.0110,95.00,no
2026-10-05T03:41:54.610177Z,KXBTC15M-26OCT042345-45,0.0110,499.00,no
2026-10-05T03:41:54.612041Z,KXBTC15M-26OCT042345-45,0.0100,11.71,no
2026-10-05T03:41:54.614437Z,KXBTC15M-26OCT042345-45,0.0100,2.03,no
2026-10-05T03:41:54.695545Z,KXBTC15M-26OCT042345-45,0.0100,10.86,no
2026-10-05T03:41:54.695545Z,KXBTC15M-26OCT042345-45,0.0110,0.01,no
2026-10-05T03:41:54.695545Z,KXBTC15M-26OCT042345-45,0.0110,0.01,no
2026-10-05T03:41:54.834534Z,KXBTC15M-26OCT042345-45,0.0110,16.00,yes
2026-10-05T03:41:54.834534Z,KXBTC15M-26OCT042345-45,0.0110,53.82,yes
2026-10-05T03:41:54.834534Z,KXBTC15M-26OCT042345-45,0.0110,0.01,yes
2026-10-05T03:41:54.834534Z,KXBTC15M-26OCT042345-45,0.0110,8.00,yes
2026-10-05T03:41:54.834534Z,KXBTC15M-26OCT042345-45,0.0110,0.01,yes
2026-10-05T03:41:54.834534Z,KXBTC15M-26OCT042345-45,0.0110,0.10,yes
2026-10-05T03:41:54.854989Z,KXBTC15M-26OCT042345-45,0.0110,15.59,yes
2026-10-05T03:41:54.876472Z,KXBTC15M-26OCT042345-45,0.0090,4.14,no
2026-10-05T03:41:54.876472Z,KXBTC15M-26OCT042345-45,0.0100,15.00,no
2026-10-05T03:41:54.876472Z,KXBTC15M-26OCT042345-45,0.0090,15.00,no
2026-10-05T03:41:54.876472Z,KXBTC15M-26OCT042345-45,0.0100,39.14,no
2026-10-05T03:41:54.876472Z,KXBTC15M-26OCT042345-45,0.0090,11.17,no
2026-10-05T03:41:54.876472Z,KXBTC15M-26OCT042345-45,0.0100,0.01,no
2026-10-05T03:41:54.876472Z,KXBTC15M-26OCT042345-45,0.0100,0.01,no
2026-10-05T03:41:54.876472Z,KXBTC15M-26OCT042345-45,0.0100,15.00,no
2026-10-05T03:41:54.877946Z,KXBTC15M-26OCT042345-45,0.0090,19.89,no
2026-10-05T03:41:54.928017Z,KXBTC15M-26OCT042345-45,0.0100,4.00,yes
2026-10-05T03:41:55.052617Z,KXBTC15M-26OCT042345-45,0.0100,28.84,yes
2026-10-05T03:41:55.060991Z,KXBTC15M-26OCT042345-45,0.0090,1.97,no
2026-10-05T03:41:55.064263Z,KXBTC15M-26OCT042345-45,0.0100,70.00,yes
2026-10-05T03:41:55.064263Z,KXBTC15M-26OCT042345-45,0.0100,0.01,yes
2026-10-05T03:41:55.064263Z,KXBTC15M-26OCT042345-45,0.0100,37.16,yes
2026-10-05T03:41:55.064263Z,KXBTC15M-26OCT042345-45,0.0100,16.00,yes
2026-10-05T03:41:55.064263Z,KXBTC15M-26OCT042345-45,0.0100,70.00,yes
2026-10-05T03:41:55.064263Z,KXBTC15M-26OCT042345-45,0.0100,70.00,yes
2026-10-05T03:41:55.064263Z,KXBTC15M-26OCT042345-45,0.0100,70.00,yes
2026-10-05T03:41:55.064263Z,KXBTC15M-26OCT042345-45,0.0100,50.00,yes
2026-10-05T03:41:55.064263Z,KXBTC15M-26OCT042345-45,0.0100,0.01,yes
2026-10-05T03:41:55.064263Z,KXBTC15M-26OCT042345-45,0.0100,126.25,yes
2026-10-05T03:41:55.064263Z,KXBTC15M-26OCT042345-45,0.0100,200.00,yes
2026-10-05T03:41:55.064263Z,KXBTC15M-26OCT042345-45,0.0100,70.00,yes
2026-10-05T03:41:55.072697Z,KXBTC15M-26OCT042345-45,0.0090,9.88,no
2026-10-05T03:41:55.092363Z,KXBTC15M-26OCT042345-45,0.0090,211.91,no
2026-10-05T03:41:55.092363Z,KXBTC15M-26OCT042345-45,0.0090,41.09,no
2026-10-05T03:41:55.092363Z,KXBTC15M-26OCT042345-45,0.0090,200.00,no
2026-10-05T03:41:55.170977Z,KXBTC15M-26OCT042345-45,0.0100,0.10,yes
2026-10-05T03:41:55.170977Z,KXBTC15M-26OCT042345-45,0.0100,11.75,yes
2026-10-05T03:41:55.170977Z,KXBTC15M-26OCT042345-45,0.0100,6.00,yes
2026-10-05T03:41:55.170977Z,KXBTC15M-26OCT042345-45,0.0100,15.00,yes
2026-10-05T03:41:55.170977Z,KXBTC15M-26OCT042345-45,0.0100,9.66,yes
2026-10-05T03:41:55.520047Z,KXBTC15M-26OCT042345-45,0.0090,0.01,no
2026-10-05T03:41:55.520047Z,KXBTC15M-26OCT042345-45,0.0090,1.99,no
2026-10-05T03:41:55.520047Z,KXBTC15M-26OCT042345-45,0.0090,0.01,no
2026-10-05T03:41:55.530969Z,KXBTC15M-26OCT042345-45,0.0100,7.79,yes
2026-10-05T03:41:55.582479Z,KXBTC15M-26OCT042345-45,0.0100,32.55,yes
2026-10-05T03:41:55.582479Z,KXBTC15M-26OCT042345-45,0.0100,154.46,yes
2026-10-05T03:41:55.582479Z,KXBTC15M-26OCT042345-45,0.0100,0.01,yes
2026-10-05T03:41:55.582479Z,KXBTC15M-26OCT042345-45,0.0100,0.01,yes
2026-10-05T03:41:55.59477Z,KXBTC15M-26OCT042345-45,0.0100,46.75,yes
2026-10-05T03:41:55.637751Z,KXBTC15M-26OCT042345-45,0.0100,46.75,yes
2026-10-05T03:41:55.716412Z,KXBTC15M-26OCT042345-45,0.0100,0.01,yes
2026-10-05T03:41:55.716412Z,KXBTC15M-26OCT042345-45,0.0100,28.49,yes
2026-10-05T03:41:55.716412Z,KXBTC15M-26OCT042345-45,0.0100,15.00,yes
2026-10-05T03:41:55.716412Z,KXBTC15M-26OCT042345-45,0.0100,50.00,yes
2026-10-05T03:41:55.716412Z,KXBTC15M-26OCT042345-45,0.0100,0.01,yes
2026-10-05T03:41:55.743765Z,KXBTC15M-26OCT042345-45,0.0100,47.51,yes
2026-10-05T03:41:55.743765Z,KXBTC15M-26OCT042345-45,0.0100,46.00,yes
2026-10-05T03:41:55.868945Z,KXBTC15M-26OCT042345-45,0.0100,23.49,yes
2026-10-05T03:41:55.868945Z,KXBTC15M-26OCT042345-45,0.0100,0.01,yes
2026-10-05T03:41:55.868945Z,KXBTC15M-26OCT042345-45,0.0100,0.01,yes
2026-10-05T03:41:55.868945Z,KXBTC15M-26OCT042345-45,0.0100,4.00,yes
2026-10-05T03:41:55.868945Z,KXBTC15M-26OCT042345-45,0.0100,66.00,yes
2026-10-05T03:41:55.878559Z,KXBTC15M-26OCT042345-45,0.0100,0.51,yes
2026-10-05T03:41:55.878559Z,KXBTC15M-26OCT042345-45,0.0100,0.01,yes
2026-10-05T03:41:55.878559Z,KXBTC15M-26OCT042345-45,0.0100,50.00,yes
2026-10-05T03:41:55.878559Z,KXBTC15M-26OCT042345-45,0.0100,0.01,yes
2026-10-05T03:41:55.995538Z,KXBTC15M-26OCT042345-45,0.0110,210.00,yes
2026-10-05T03:41:55.995538Z,KXBTC15M-26OCT042345-45,0.0110,15.00,yes
2026-10-05T03:41:55.995538Z,KXBTC15M-26OCT042345-45,0.0110,200.00,yes
2026-10-05T03:41:55.995538Z,KXBTC15M-26OCT042345-45,0.0110,2.28,yes
2026-10-05T03:41:55.995538Z,KXBTC15M-26OCT042345-45,0.0110,9.00,yes
2026-10-05T03:41:56.0565Z,KXBTC15M-26OCT042345-45,0.0110,9.16,yes
2026-10-05T03:41:56.129011Z,KXBTC15M-26OCT042345-45,0.0100,26.26,no
2026-10-05T03:41:56.150638Z,KXBTC15M-26OCT042345-45,0.0100,15.12,no
2026-10-05T03:41:56.194119Z,KXBTC15M-26OCT042345-45,0.0110,0.01,yes
2026-10-05T03:41:56.194119Z,KXBTC15M-26OCT042345-45,0.0110,100.00,yes
2026-10-05T03:41:56.194119Z,KXBTC15M-26OCT042345-45,0.0110,0.01,yes
2026-10-05T03:41:56.194119Z,KXBTC15M-26OCT042345-45,0.0110,17.26,yes
2026-10-05T03:41:56.194119Z,KXBTC15M-26OCT042345-45,0.0110,6.84,yes
2026-10-05T03:41:56.41427Z,KXBTC15M-26OCT042345-45,0.0110,27.20,yes
2026-10-05T03:41:56.465688Z,KXBTC15M-26OCT042345-45,0.0100,8.09,no
2026-10-05T03:41:56.465688Z,KXBTC15M-26OCT042345-45,0.0100,21.42,no
2026-10-05T03:41:56.744914Z,KXBTC15M-26OCT042345-45,0.0110,85.02,yes
2026-10-05T03:41:56.837174Z,KXBTC15M-26OCT042345-45,0.0110,231.00,yes
2026-10-05T03:41:56.838083Z,KXBTC15M-26OCT042345-45,0.0110,10.32,yes
2026-10-05T03:41:56.872757Z,KXBTC15M-26OCT042345-45,0.0110,20.56,yes
2026-10-05T03:41:56.872757Z,KXBTC15M-26OCT042345-45,0.0110,9.16,yes
2026-10-05T03:41:56.872757Z,KXBTC15M-26OCT042345-45,0.0110,1.00,yes
2026-10-05T03:41:56.872757Z,KXBTC15M-26OCT042345-45,0.0110,10.00,yes
2026-10-05T03:41:56.872757Z,KXBTC15M-26OCT042345-45,0.0110,15.00,yes
2026-10-05T03:41:56.872757Z,KXBTC15M-26OCT042345-45,0.0110,0.10,yes
2026-10-05T03:41:56.872757Z,KXBTC15M-26OCT042345-45,0.0110,29.20,yes
2026-10-05T03:41:56.989559Z,KXBTC15M-26OCT042345-45,0.0100,22.54,no
2026-10-05T03:41:57.126747Z,KXBTC15M-26OCT042345-45,0.0110,0.01,yes
2026-10-05T03:41:57.126747Z,KXBTC15M-26OCT042345-45,0.0110,79.44,yes
2026-10-05T03:41:57.126747Z,KXBTC15M-26OCT042345-45,0.0110,5.57,yes
2026-10-05T03:41:57.129008Z,KXBTC15M-26OCT042345-45,0.0110,1.27,yes
2026-10-05T03:41:57.129008Z,KXBTC15M-26OCT042345-45,0.0110,45.00,yes
2026-10-05T03:41:57.129008Z,KXBTC15M-26OCT042345-45,0.0110,9.16,yes
2026-10-05T03:41:57.129008Z,KXBTC15M-26OCT042345-45,0.0110,45.00,yes
2026-10-05T03:41:57.129008Z,KXBTC15M-26OCT042345-45,0.0110,45.00,yes
2026-10-05T03:41:57.129008Z,KXBTC15M-26OCT042345-45,0.0110,200.00,yes
2026-10-05T03:41:57.129008Z,KXBTC15M-26OCT042345-45,0.0110,397.05,yes
2026-10-05T03:41:57.129008Z,KXBTC15M-26OCT042345-45,0.0110,45.00,yes
2026-10-05T03:41:57.129008Z,KXBTC15M-26OCT042345-45,0.0110,45.00,yes
2026-10-05T03:41:57.185828Z,KXBTC15M-26OCT042345-45,0.0110,10.00,yes
2026-10-05T03:41:57.185828Z,KXBTC15M-26OCT042345-45,0.0110,10.83,yes
2026-10-05T03:41:57.337375Z,KXBTC15M-26OCT042345-45,0.0110,20.65,yes
2026-10-05T03:41:57.391941Z,KXBTC15M-26OCT042345-45,0.0110,5.46,yes
2026-10-05T03:41:57.45332Z,KXBTC15M-26OCT042345-45,0.0100,1.00,no
2026-10-05T03:41:57.45332Z,KXBTC15M-26OCT042345-45,0.0100,500.00,no
2026-10-05T03:41:57.45332Z,KXBTC15M-26OCT042345-45,0.0100,0.10,no
2026-10-05T03:41:57.45332Z,KXBTC15M-26OCT042345-45,0.0100,15.00,no
2026-10-05T03:41:57.45332Z,KXBTC15M-26OCT042345-45,0.0100,549.00,no
2026-10-05T03:41:57.45332Z,KXBTC15M-26OCT042345-45,0.0090,198.84,no
2026-10-05T03:41:57.45332Z,KXBTC15M-26OCT042345-45,0.0100,701.99,no
2026-10-05T03:41:57.45332Z,KXBTC15M-26OCT042345-45,0.0090,13.01,no
2026-10-05T03:41:57.45332Z,KXBTC15M-26OCT042345-45,0.0100,0.01,no
2026-10-05T03:41:57.45332Z,KXBTC15M-26OCT042345-45,0.0100,0.01,no
2026-10-05T03:41:57.45332Z,KXBTC15M-26OCT042345-45,0.0090,15.00,no
2026-10-05T03:41:57.45332Z,KXBTC15M-26OCT042345-45,0.0100,6.04,no
2026-10-05T03:41:57.575845Z,KXBTC15M-26OCT042345-45,0.0100,1.00,yes
2026-10-05T03:41:57.575845Z,KXBTC15M-26OCT042345-45,0.0100,50.00,yes
2026-10-05T03:41:57.575845Z,KXBTC15M-26OCT042345-45,0.0100,0.10,yes
2026-10-05T03:41:57.575845Z,KXBTC15M-26OCT042345-45,0.0100,0.01,yes
2026-10-05T03:41:57.575845Z,KXBTC15M-26OCT042345-45,0.0100,15.00,yes
2026-10-05T03:41:57.575845Z,KXBTC15M-26OCT042345-45,0.0100,18.91,yes
2026-10-05T03:41:57.76694Z,KXBTC15M-26OCT042345-45,0.0090,0.01,no
2026-10-05T03:41:57.76694Z,KXBTC15M-26OCT042345-45,0.0090,15.00,no
2026-10-05T03:41:57.76694Z,KXBTC15M-26OCT042345-45,0.0090,27.28,no
2026-10-05T03:41:57.807367Z,KXBTC15M-26OCT042345-45,0.0100,12.75,yes
2026-10-05T03:41:57.830082Z,KXBTC15M-26OCT042345-45,0.0100,400.00,yes
2026-10-05T03:41:57.855936Z,KXBTC15M-26OCT042345-45,0.0100,27.50,yes
2026-10-05T03:41:57.855936Z,KXBTC15M-26OCT042345-45,0.0100,15.00,yes
2026-10-05T03:41:57.855936Z,KXBTC15M-26OCT042345-45,0.0100,0.01,yes
2026-10-05T03:41:57.966256Z,KXBTC15M-26OCT042345-45,0.0110,9.00,yes
2026-10-05T03:41:57.966256Z,KXBTC15M-26OCT042345-45,0.0100,15.00,yes
2026-10-05T03:41:57.966256Z,KXBTC15M-26OCT042345-45,0.0100,1.00,yes
2026-10-05T03:41:57.966256Z,KXBTC15M-26OCT042345-45,0.0100,0.10,yes
2026-10-05T03:41:57.966256Z,KXBTC15M-26OCT042345-45,0.0100,22.50,yes
2026-10-05T03:41:57.966256Z,KXBTC15M-26OCT042345-45,0.0110,16.00,yes
2026-10-05T03:41:57.966256Z,KXBTC15M-26OCT042345-45,0.0100,0.01,yes
2026-10-05T03:41:57.966256Z,KXBTC15M-26OCT042345-45,0.0110,182.96,yes
2026-10-05T03:41:58.107212Z,KXBTC15M-26OCT042345-45,0.0100,0.99,no
2026-10-05T03:41:58.349416Z,KXBTC15M-26OCT042345-45,0.0100,28.86,no
2026-10-05T03:41:58.349416Z,KXBTC15M-26OCT042345-45,0.0100,0.01,no
2026-10-05T03:41:58.389974Z,KXBTC15M-26OCT042345-45,0.0100,5.28,no
2026-10-05T03:41:58.412233Z,KXBTC15M-26OCT042345-45,0.0100,0.01,no
2026-10-05T03:41:58.412233Z,KXBTC15M-26OCT042345-45,0.0100,15.86,no
2026-10-05T03:41:58.412233Z,KXBTC15M-26OCT042345-45,0.0100,21.34,no
2026-10-05T03:41:58.423985Z,KXBTC15M-26OCT042345-45,0.0100,3.02,no
2026-10-05T03:41:58.798463Z,KXBTC15M-26OCT042345-45,0.0100,0.01,no
2026-10-05T03:41:58.798463Z,KXBTC15M-26OCT042345-45,0.0100,25.22,no
2026-10-05T03:41:58.82682Z,KXBTC15M-26OCT042345-45,0.0100,30.28,no
2026-10-05T03:41:58.908989Z,KXBTC15M-26OCT042345-45,0.0110,0.01,yes
2026-10-05T03:41:58.908989Z,KXBTC15M-26OCT042345-45,0.0110,1.00,yes
2026-10-05T03:41:58.908989Z,KXBTC15M-26OCT042345-45,0.0110,5.38,yes
2026-10-05T03:41:58.908989Z,KXBTC15M-26OCT042345-45,0.0110,1.00,yes
2026-10-05T03:41:58.970404Z,KXBTC15M-26OCT042345-45,0.0100,55.00,no
2026-10-05T03:41:59.006137Z,KXBTC15M-26OCT042345-45,0.0090,194.69,no
2026-10-05T03:41:59.006137Z,KXBTC15M-26OCT042345-45,0.0100,0.01,no
2026-10-05T03:41:59.006137Z,KXBTC15M-26OCT042345-45,0.0100,0.01,no
2026-10-05T03:41:59.006137Z,KXBTC15M-26OCT042345-45,0.0100,22.63,no
2026-10-05T03:41:59.006137Z,KXBTC15M-26OCT042345-45,0.0100,0.10,no
2026-10-05T03:41:59.006137Z,KXBTC15M-26OCT042345-45,0.0100,50.00,no
2026-10-05T03:41:59.007658Z,KXBTC15M-26OCT042345-45,0.0100,47.61,yes
2026-10-05T03:41:59.021529Z,KXBTC15M-26OCT042345-45,0.0120,2178.81,yes
2026-10-05T03:41:59.021529Z,KXBTC15M-26OCT042345-45,0.0110,1000.00,yes
2026-10-05T03:41:59.021529Z,KXBTC15M-26OCT042345-45,0.0110,10.62,yes
2026-10-05T03:41:59.021529Z,KXBTC15M-26OCT042345-45,0.0110,0.01,yes
2026-10-05T03:41:59.021529Z,KXBTC15M-26OCT042345-45,0.0110,8.00,yes
2026-10-05T03:41:59.021529Z,KXBTC15M-26OCT042345-45,0.0110,0.01,yes
2026-10-05T03:41:59.021529Z,KXBTC15M-26OCT042345-45,0.0110,5.38,yes
2026-10-05T03:41:59.021529Z,KXBTC15M-26OCT042345-45,0.0110,200.00,yes
2026-10-05T03:41:59.021529Z,KXBTC15M-26OCT042345-45,0.0110,15.00,yes
2026-10-05T03:41:59.021529Z,KXBTC15M-26OCT042345-45,0.0110,1.00,yes
2026-10-05T03:41:59.021529Z,KXBTC15M-26OCT042345-45,0.0110,210.00,yes
2026-10-05T03:41:59.021529Z,KXBTC15M-26OCT042345-45,0.0110,1.00,yes
2026-10-05T03:41:59.021529Z,KXBTC15M-26OCT042345-45,0.0100,0.01,yes
2026-10-05T03:41:59.021529Z,KXBTC15M-26OCT042345-45,0.0100,70.00,yes
2026-10-05T03:41:59.021529Z,KXBTC15M-26OCT042345-45,0.0100,50.00,yes
2026-10-05T03:41:59.021529Z,KXBTC15M-26OCT042345-45,0.0100,70.00,yes
2026-10-05T03:41:59.021529Z,KXBTC15M-26OCT042345-45,0.0100,22.39,yes
2026-10-05T03:41:59.021529Z,KXBTC15M-26OCT042345-45,0.0100,0.10,yes
2026-10-05T03:41:59.021529Z,KXBTC15M-26OCT042345-45,0.0100,70.00,yes
2026-10-05T03:41:59.021529Z,KXBTC15M-26OCT042345-45,0.0100,70.00,yes
2026-10-05T03:41:59.021529Z,KXBTC15M-26OCT042345-45,0.0100,0.01,yes
2026-10-05T03:41:59.021529Z,KXBTC15M-26OCT042345-45,0.0100,70.00,yes
2026-10-05T03:41:59.129127Z,KXBTC15M-26OCT042345-45,0.0090,6.55,no
2026-10-05T03:41:59.129127Z,KXBTC15M-26OCT042345-45,0.0090,15.00,no
2026-10-05T03:41:59.134912Z,KXBTC15M-26OCT042345-45,0.0090,8.45,no
2026-10-05T03:41:59.134912Z,KXBTC15M-26OCT042345-45,0.0090,0.01,no
2026-10-05T03:41:59.134912Z,KXBTC15M-26OCT042345-45,0.0090,0.01,no
2026-10-05T03:41:59.134912Z,KXBTC15M-26OCT042345-45,0.0090,486.12,no
2026-10-05T03:41:59.170825Z,KXBTC15M-26OCT042345-45,0.0090,988.76,no
2026-10-05T03:41:59.171427Z,KXBTC15M-26OCT042345-45,0.0090,139.00,no
2026-10-05T03:41:59.185647Z,KXBTC15M-26OCT042345-45,0.0100,0.01,yes
2026-10-05T03:41:59.185647Z,KXBTC15M-26OCT042345-45,0.0100,15.00,yes
2026-10-05T03:41:59.185647Z,KXBTC15M-26OCT042345-45,0.0100,50.00,yes
2026-10-05T03:41:59.185647Z,KXBTC15M-26OCT042345-45,0.0100,0.01,yes
2026-10-05T03:41:59.185647Z,KXBTC15M-26OCT042345-45,0.0110,360.09,yes
2026-10-05T03:41:59.213713Z,KXBTC15M-26OCT042345-45,0.0110,1.70,yes
2026-10-05T03:41:59.215861Z,KXBTC15M-26OCT042345-45,0.0110,36.21,yes
2026-10-05T03:41:59.215861Z,KXBTC15M-26OCT042345-45,0.0110,6.30,yes
2026-10-05T03:41:59.381153Z,KXBTC15M-26OCT042345-45,0.0110,19.21,yes
2026-10-05T03:41:59.38155Z,KXBTC15M-26OCT042345-45,0.0110,0.02,yes
2026-10-05T03:41:59.386454Z,KXBTC15M-26OCT042345-45,0.0100,1.00,no
2026-10-05T03:41:59.390674Z,KXBTC15M-26OCT042345-45,0.0110,100.00,yes
2026-10-05T03:41:59.390674Z,KXBTC15M-26OCT042345-45,0.0110,15.00,yes
2026-10-05T03:41:59.390674Z,KXBTC15M-26OCT042345-45,0.0110,1.00,yes
2026-10-05T03:41:59.390674Z,KXBTC15M-26OCT042345-45,0.0110,400.00,yes
2026-10-05T03:41:59.459866Z,KXBTC15M-26OCT042345-45,0.0110,4.53,no
2026-10-05T03:41:59.663282Z,KXBTC15M-26OCT042345-45,0.0110,50.46,no
2026-10-05T03:41:59.697821Z,KXBTC15M-26OCT042345-45,0.0120,0.83,yes
2026-10-05T03:41:59.752069Z,KXBTC15M-26OCT042345-45,0.0110,50.34,no
2026-10-05T03:41:59.752069Z,KXBTC15M-26OCT042345-45,0.0110,0.01,no
2026-10-05T03:41:59.752069Z,KXBTC15M-26OCT042345-45,0.0110,0.10,no
2026-10-05T03:41:59.752069Z,KXBTC15M-26OCT042345-45,0.0110,0.01,no
2026-10-05T03:41:59.893962Z,KXBTC15M-26OCT042345-45,0.0120,14.17,yes
2026-10-05T03:41:59.893962Z,KXBTC15M-26OCT042345-45,0.0120,232.06,yes
2026-10-05T03:41:59.893962Z,KXBTC15M-26OCT042345-45,0.0120,1.00,yes
2026-10-05T03:41:59.893962Z,KXBTC15M-26OCT042345-45,0.0120,8.00,yes
2026-10-05T03:41:59.997314Z,KXBTC15M-26OCT042345-45,0.0110,6.05,no
2026-10-05T03:42:00.01726Z,KXBTC15M-26OCT042345-45,0.0110,10.00,no
2026-10-05T03:42:00.069875Z,KXBTC15M-26OCT042345-45,0.0110,11.11,no
2026-10-05T03:42:00.119743Z,KXBTC15M-26OCT042345-45,0.0110,47.98,no
2026-10-05T03:42:00.154159Z,KXBTC15M-26OCT042345-45,0.0120,77.94,yes
2026-10-05T03:42:00.176105Z,KXBTC15M-26OCT042345-45,0.0120,13.25,yes
2026-10-05T03:42:00.253066Z,KXBTC15M-26OCT042345-45,0.0110,38.26,no
2026-10-05T03:42:00.25905Z,KXBTC15M-26OCT042345-45,0.0120,152.78,yes
2026-10-05T03:42:00.331619Z,KXBTC15M-26OCT042345-45,0.0120,38.52,yes
2026-10-05T03:42:00.331619Z,KXBTC15M-26OCT042345-45,0.0120,23.97,yes
2026-10-05T03:42:00.331619Z,KXBTC15M-26OCT042345-45,0.0120,15.00,yes
2026-10-05T03:42:00.352819Z,KXBTC15M-26OCT042345-45,0.0120,77.94,yes
2026-10-05T03:42:00.390645Z,KXBTC15M-26OCT042345-45,0.0110,54.00,no
2026-10-05T03:42:00.420212Z,KXBTC15M-26OCT042345-45,0.0120,38.97,yes
2026-10-05T03:42:00.469999Z,KXBTC15M-26OCT042345-45,0.0110,0.01,no
2026-10-05T03:42:00.469999Z,KXBTC15M-26OCT042345-45,0.0110,1.00,no
2026-10-05T03:42:00.626392Z,KXBTC15M-26OCT042345-45,0.0110,0.01,no
2026-10-05T03:42:00.626392Z,KXBTC15M-26OCT042345-45,0.0110,0.01,no
2026-10-05T03:42:00.626392Z,KXBTC15M-26OCT042345-45,0.0100,50.00,no
2026-10-05T03:42:00.626392Z,KXBTC15M-26OCT042345-45,0.0100,9.98,no
2026-10-05T03:42:00.660971Z,KXBTC15M-26OCT042345-45,0.0100,4.81,no
2026-10-05T03:42:00.660971Z,KXBTC15M-26OCT042345-45,0.0100,5.02,no
2026-10-05T03:42:00.660971Z,KXBTC15M-26OCT042345-45,0.0100,15.00,no
2026-10-05T03:42:00.680635Z,KXBTC15M-26OCT042345-45,0.0110,7.94,yes
2026-10-05T03:42:00.680635Z,KXBTC15M-26OCT042345-45,0.0110,70.00,yes
2026-10-05T03:42:00.733571Z,KXBTC15M-26OCT042345-45,0.0100,0.19,no
2026-10-05T03:42:00.754101Z,KXBTC15M-26OCT042345-45,0.0100,7.81,no
2026-10-05T03:42:00.754101Z,KXBTC15M-26OCT042345-45,0.0100,10.00,no
2026-10-05T03:42:00.796524Z,KXBTC15M-26OCT042345-45,0.0110,62.06,yes
2026-10-05T03:42:00.796524Z,KXBTC15M-26OCT042345-45,0.0110,70.00,yes
2026-10-05T03:42:00.796524Z,KXBTC15M-26OCT042345-45,0.0110,13.83,yes
2026-10-05T03:42:00.796524Z,KXBTC15M-26OCT042345-45,0.0110,10.00,yes
2026-10-05T03:42:00.929086Z,KXBTC15M-26OCT042345-45,0.0100,4.69,no
2026-10-05T03:42:00.939707Z,KXBTC15M-26OCT042345-45,0.0110,15.00,yes
2026-10-05T03:42:00.939707Z,KXBTC15M-26OCT042345-45,0.0110,9.00,yes
2026-10-05T03:42:00.939707Z,KXBTC15M-26OCT042345-45,0.0120,131.87,yes
2026-10-05T03:42:00.939707Z,KXBTC15M-26OCT042345-45,0.0110,0.01,yes
2026-10-05T03:42:00.939707Z,KXBTC15M-26OCT042345-45,0.0110,0.01,yes
2026-10-05T03:42:00.965694Z,KXBTC15M-26OCT042345-45,0.0120,20.99,yes
2026-10-05T03:42:00.965694Z,KXBTC15M-26OCT042345-45,0.0120,78.00,yes
2026-10-05T03:42:00.965694Z,KXBTC15M-26OCT042345-45,0.0120,1.00,yes
2026-10-05T03:42:00.965694Z,KXBTC15M-26OCT042345-45,0.0120,0.01,yes
2026-10-05T03:42:01.022018Z,KXBTC15M-26OCT042345-45,0.0110,435.13,no
2026-10-05T03:42:01.022018Z,KXBTC15M-26OCT042345-45,0.0110,70.00,no
2026-10-05T03:42:01.022018Z,KXBTC15M-26OCT042345-45,0.0110,0.01,no
2026-10-05T03:42:01.022018Z,KXBTC15M-26OCT042345-45,0.0110,0.01,no
2026-10-05T03:42:01.035803Z,KXBTC15M-26OCT042345-45,0.0110,0.10,no
2026-10-05T03:42:01.256488Z,KXBTC15M-26OCT042345-45,0.0100,37.50,no
2026-10-05T03:42:01.256488Z,KXBTC15M-26OCT042345-45,0.0100,62.48,no
2026-10-05T03:42:01.256488Z,KXBTC15M-26OCT042345-45,0.0110,0.01,no
2026-10-05T03:42:01.256488Z,KXBTC15M-26OCT042345-45,0.0110,0.01,no
2026-10-05T03:42:01.260689Z,KXBTC15M-26OCT042345-45,0.0100,88.57,no
2026-10-05T03:42:01.3525Z,KXBTC15M-26OCT042345-45,0.0110,2.94,yes
2026-10-05T03:42:01.41133Z,KXBTC15M-26OCT042345-45,0.0100,1.04,no
2026-10-05T03:42:01.427873Z,KXBTC15M-26OCT042345-45,0.0100,13.96,no
2026-10-05T03:42:01.427873Z,KXBTC15M-26OCT042345-45,0.0100,0.01,no
2026-10-05T03:42:01.427873Z,KXBTC15M-26OCT042345-45,0.0100,14.02,no
2026-10-05T03:42:01.427873Z,KXBTC15M-26OCT042345-45,0.0100,0.01,no
2026-10-05T03:42:01.437177Z,KXBTC15M-26OCT042345-45,0.0110,0.01,yes
2026-10-05T03:42:01.437177Z,KXBTC15M-26OCT042345-45,0.0110,9.00,yes
2026-10-05T03:42:01.437177Z,KXBTC15M-26OCT042345-45,0.0110,0.01,yes
2026-10-05T03:42:01.437177Z,KXBTC15M-26OCT042345-45,0.0110,67.06,yes
2026-10-05T03:42:01.437177Z,KXBTC15M-26OCT042345-45,0.0110,1.86,yes
2026-10-05T03:42:01.476873Z,KXBTC15M-26OCT042345-45,0.0100,0.25,no
2026-10-05T03:42:01.48229Z,KXBTC15M-26OCT042345-45,0.0110,17.79,yes
2026-10-05T03:42:01.48229Z,KXBTC15M-26OCT042345-45,0.0110,14.14,yes
2026-10-05T03:42:01.504678Z,KXBTC15M-26OCT042345-45,0.0100,0.01,no
2026-10-05T03:42:01.504678Z,KXBTC15M-26OCT042345-45,0.0100,35.73,no
2026-10-05T03:42:01.504678Z,KXBTC15M-26OCT042345-45,0.0100,0.01,no
2026-10-05T03:42:01.57669Z,KXBTC15M-26OCT042345-45,0.0110,1.00,yes
2026-10-05T03:42:01.57669Z,KXBTC15M-26OCT042345-45,0.0110,61.94,yes
2026-10-05T03:42:01.57669Z,KXBTC15M-26OCT042345-45,0.0110,15.00,yes
2026-10-05T03:42:01.582421Z,KXBTC15M-26OCT042345-45,0.0090,15.00,no
2026-10-05T03:42:01.582421Z,KXBTC15M-26OCT042345-45,0.0090,0.01,no
2026-10-05T03:42:01.582421Z,KXBTC15M-26OCT042345-45,0.0100,15.00,no
2026-10-05T03:42:01.582421Z,KXBTC15M-26OCT042345-45,0.0100,50.00,no
2026-10-05T03:42:01.582421Z,KXBTC15M-26OCT042345-45,0.0100,0.01,no
2026-10-05T03:42:01.582421Z,KXBTC15M-26OCT042345-45,0.0100,0.01,no
2026-10-05T03:42:01.582421Z,KXBTC15M-26OCT042345-45,0.0090,0.01,no
2026-10-05T03:42:01.582421Z,KXBTC15M-26OCT042345-45,0.0090,1000.00,no
2026-10-05T03:42:01.582421Z,KXBTC15M-26OCT042345-45,0.0090,200.00,no
2026-10-05T03:42:01.582421Z,KXBTC15M-26OCT042345-45,0.0100,0.01,no
2026-10-05T03:42:01.582421Z,KXBTC15M-26OCT042345-45,0.0090,1.00,no
2026-10-05T03:42:01.606928Z,KXBTC15M-26OCT042345-45,0.0080,8.25,no
2026-10-05T03:42:01.652305Z,KXBTC15M-26OCT042345-45,0.0080,0.02,no
2026-10-05T03:42:01.670704Z,KXBTC15M-26OCT042345-45,0.0090,15.59,yes
2026-10-05T03:42:01.695286Z,KXBTC15M-26OCT042345-45,0.0080,6.73,no
2026-10-05T03:42:01.695286Z,KXBTC15M-26OCT042345-45,0.0080,4.19,no
2026-10-05T03:42:01.69618Z,KXBTC15M-26OCT042345-45,0.0090,155.89,yes
2026-10-05T03:42:01.752576Z,KXBTC15M-26OCT042345-45,0.0090,77.94,yes
2026-10-05T03:42:01.783884Z,KXBTC15M-26OCT042345-45,0.0090,85.02,yes
2026-10-05T03:42:01.792251Z,KXBTC15M-26OCT042345-45,0.0090,4.25,yes
2026-10-05T03:42:01.79962Z,KXBTC15M-26OCT042345-45,0.0090,88.00,yes
2026-10-05T03:42:01.807933Z,KXBTC15M-26OCT042345-45,0.0090,85.02,yes
2026-10-05T03:42:01.864249Z,KXBTC15M-26OCT042345-45,0.0080,7.01,no
2026-10-05T03:42:01.885206Z,KXBTC15M-26OCT042345-45,0.0090,425.11,yes
2026-10-05T03:42:01.886433Z,KXBTC15M-26OCT042345-45,0.0090,425.11,yes
2026-10-05T03:42:01.887041Z,KXBTC15M-26OCT042345-45,0.0090,1.37,yes
2026-10-05T03:42:01.893755Z,KXBTC15M-26OCT042345-45,0.0090,60.71,yes
2026-10-05T03:42:02.051414Z,KXBTC15M-26OCT042345-45,0.0090,125.60,yes
2026-10-05T03:42:02.051414Z,KXBTC15M-26OCT042345-45,0.0090,0.01,yes
2026-10-05T03:42:02.051414Z,KXBTC15M-26OCT042345-45,0.0090,0.01,yes
2026-10-05T03:42:02.051414Z,KXBTC15M-26OCT042345-45,0.0090,733.94,yes
2026-10-05T03:42:02.051414Z,KXBTC15M-26OCT042345-45,0.0090,1.00,yes
2026-10-05T03:42:02.170311Z,KXBTC15M-26OCT042345-45,0.0100,50.00,yes
2026-10-05T03:42:02.170311Z,KXBTC15M-26OCT042345-45,0.0100,119.03,yes
2026-10-05T03:42:02.170311Z,KXBTC15M-26OCT042345-45,0.0090,1.00,yes
2026-10-05T03:42:02.170311Z,KXBTC15M-26OCT042345-45,0.0090,0.01,yes
2026-10-05T03:42:02.170311Z,KXBTC15M-26OCT042345-45,0.0090,0.01,yes
2026-10-05T03:42:02.245522Z,KXBTC15M-26OCT042345-45,0.0080,3.80,no
2026-10-05T03:42:02.245522Z,KXBTC15M-26OCT042345-45,0.0080,150.00,no
2026-10-05T03:42:02.245522Z,KXBTC15M-26OCT042345-45,0.0080,0.01,no
2026-10-05T03:42:02.245522Z,KXBTC15M-26OCT042345-45,0.0080,513.87,no
2026-10-05T03:42:02.245522Z,KXBTC15M-26OCT042345-45,0.0080,15.00,no
2026-10-05T03:42:02.245522Z,KXBTC15M-26OCT042345-45,0.0080,0.01,no
2026-10-05T03:42:02.245522Z,KXBTC15M-26OCT042345-45,0.0090,18.00,no
2026-10-05T03:42:02.245522Z,KXBTC15M-26OCT042345-45,0.0090,0.01,no
2026-10-05T03:42:02.245522Z,KXBTC15M-26OCT042345-45,0.0090,0.01,no
2026-10-05T03:42:02.416076Z,KXBTC15M-26OCT042345-45,0.0100,26.83,yes
2026-10-05T03:42:02.497031Z,KXBTC15M-26OCT042345-45,0.0090,0.01,no
2026-10-05T03:42:02.497031Z,KXBTC15M-26OCT042345-45,0.0090,0.01,no
2026-10-05T03:42:02.502148Z,KXBTC15M-26OCT042345-45,0.0100,15.00,yes
2026-10-05T03:42:02.536375Z,KXBTC15M-26OCT042345-45,0.0090,1.01,yes
2026-10-05T03:42:02.552835Z,KXBTC15M-26OCT042345-45,0.0070,15.00,no
2026-10-05T03:42:02.552835Z,KXBTC15M-26OCT042345-45,0.0070,8.43,no
2026-10-05T03:42:02.552835Z,KXBTC15M-26OCT042345-45,0.0080,150.00,no
2026-10-05T03:42:02.552835Z,KXBTC15M-26OCT042345-45,0.0080,0.01,no
2026-10-05T03:42:02.552835Z,KXBTC15M-26OCT042345-45,0.0080,0.01,no
2026-10-05T03:42:02.659924Z,KXBTC15M-26OCT042345-45,0.0090,175.90,yes
2026-10-05T03:42:02.676376Z,KXBTC15M-26OCT042345-45,0.0080,0.01,no
2026-10-05T03:42:02.676376Z,KXBTC15M-26OCT042345-45,0.0080,63.04,no
2026-10-05T03:42:02.680902Z,KXBTC15M-26OCT042345-45,0.0090,1.01,yes
2026-10-05T03:42:02.685476Z,KXBTC15M-26OCT042345-45,0.0090,103.33,yes
2026-10-05T03:42:02.783956Z,KXBTC15M-26OCT042345-45,0.0090,3.74,yes
2026-10-05T03:42:02.93701Z,KXBTC15M-26OCT042345-45,0.0090,93.51,yes
2026-10-05T03:42:03.045072Z,KXBTC15M-26OCT042345-45,0.0090,101.83,yes
2026-10-05T03:42:03.074445Z,KXBTC15M-26OCT042345-45,0.0080,1.00,no
2026-10-05T03:42:03.085482Z,KXBTC15M-26OCT042345-45,0.0070,11.00,no
2026-10-05T03:42:03.085482Z,KXBTC15M-26OCT042345-45,0.0070,6.57,no
2026-10-05T03:42:03.085482Z,KXBTC15M-26OCT042345-45,0.0070,31.00,no
2026-10-05T03:42:03.085482Z,KXBTC15M-26OCT042345-45,0.0070,15.00,no
2026-10-05T03:42:03.085482Z,KXBTC15M-26OCT042345-45,0.0070,15.00,no
2026-10-05T03:42:03.085482Z,KXBTC15M-26OCT042345-45,0.0070,74.00,no
2026-10-05T03:42:03.085482Z,KXBTC15M-26OCT042345-45,0.0070,98.00,no
2026-10-05T03:42:03.085482Z,KXBTC15M-26OCT042345-45,0.0080,1.00,no
2026-10-05T03:42:03.085482Z,KXBTC15M-26OCT042345-45,0.0070,91.27,no
2026-10-05T03:42:03.085482Z,KXBTC15M-26OCT042345-45,0.0070,1.00,no
2026-10-05T03:42:03.085482Z,KXBTC15M-26OCT042345-45,0.0070,674.00,no
2026-10-05T03:42:03.085482Z,KXBTC15M-26OCT042345-45,0.0070,150.00,no
2026-10-05T03:42:03.085482Z,KXBTC15M-26OCT042345-45,0.0080,0.01,no
2026-10-05T03:42:03.085482Z,KXBTC15M-26OCT042345-45,0.0080,0.01,no
2026-10-05T03:42:03.085482Z,KXBTC15M-26OCT042345-45,0.0080,16.00,no
2026-10-05T03:42:03.105547Z,KXBTC15M-26OCT042345-45,0.0090,509.12,yes
2026-10-05T03:42:03.177014Z,KXBTC15M-26OCT042345-45,0.0090,134.45,yes
2026-10-05T03:42:03.177014Z,KXBTC15M-26OCT042345-45,0.0090,1.00,yes
2026-10-05T03:42:03.177014Z,KXBTC15M-26OCT042345-45,0.0090,0.01,yes
2026-10-05T03:42:03.177014Z,KXBTC15M-26OCT042345-45,0.0090,204.00,yes
2026-10-05T03:42:03.177014Z,KXBTC15M-26OCT042345-45,0.0090,0.01,yes
2026-10-05T03:42:03.177014Z,KXBTC15M-26OCT042345-45,0.0090,15.00,yes
2026-10-05T03:42:03.177014Z,KXBTC15M-26OCT042345-45,0.0090,15.00,yes
2026-10-05T03:42:03.177014Z,KXBTC15M-26OCT042345-45,0.0090,130.53,yes
2026-10-05T03:42:03.182244Z,KXBTC15M-26OCT042345-45,0.0090,4.00,yes
2026-10-05T03:42:03.213379Z,KXBTC15M-26OCT042345-45,0.0070,44.86,no
2026-10-05T03:42:03.213379Z,KXBTC15M-26OCT042345-45,0.0080,0.01,no
2026-10-05T03:42:03.213379Z,KXBTC15M-26OCT042345-45,0.0080,17.00,no
2026-10-05T03:42:03.213379Z,KXBTC15M-26OCT042345-45,0.0080,0.01,no
2026-10-05T03:42:03.243241Z,KXBTC15M-26OCT042345-45,0.0090,36.36,yes
2026-10-05T03:42:03.243241Z,KXBTC15M-26OCT042345-45,0.0090,65.47,yes
2026-10-05T03:42:03.251432Z,KXBTC15M-26OCT042345-45,0.0080,0.39,no
2026-10-05T03:42:03.291045Z,KXBTC15M-26OCT042345-45,0.0100,22.17,yes
2026-10-05T03:42:03.291045Z,KXBTC15M-26OCT042345-45,0.0090,15.00,yes
2026-10-05T03:42:03.291045Z,KXBTC15M-26OCT042345-45,0.0090,0.01,yes
2026-10-05T03:42:03.291045Z,KXBTC15M-26OCT042345-45,0.0090,0.01,yes
2026-10-05T03:42:03.291045Z,KXBTC15M-26OCT042345-45,0.0090,1.00,yes
2026-10-05T03:42:03.291045Z,KXBTC15M-26OCT042345-45,0.0090,63.64,yes
2026-10-05T03:42:03.402802Z,KXBTC15M-26OCT042345-45,0.0100,9.00,yes
2026-10-05T03:42:03.402802Z,KXBTC15M-26OCT042345-45,0.0110,1.00,yes
2026-10-05T03:42:03.402802Z,KXBTC15M-26OCT042345-45,0.0100,1.00,yes
2026-10-05T03:42:03.402802Z,KXBTC15M-26OCT042345-45,0.0100,280.83,yes
2026-10-05T03:42:03.402802Z,KXBTC15M-26OCT042345-45,0.0110,15.00,yes
2026-10-05T03:42:03.402802Z,KXBTC15M-26OCT042345-45,0.0100,0.01,yes
2026-10-05T03:42:03.402802Z,KXBTC15M-26OCT042345-45,0.0090,0.01,yes
2026-10-05T03:42:03.402802Z,KXBTC15M-26OCT042345-45,0.0100,1.00,yes
2026-10-05T03:42:03.402802Z,KXBTC15M-26OCT042345-45,0.0090,15.00,yes
2026-10-05T03:42:03.402802Z,KXBTC15M-26OCT042345-45,0.0100,0.01,yes
2026-10-05T03:42:03.402802Z,KXBTC15M-26OCT042345-45,0.0110,200.00,yes
2026-10-05T03:42:03.402802Z,KXBTC15M-26OCT042345-45,0.0090,0.01,yes
2026-10-05T03:42:03.402802Z,KXBTC15M-26OCT042345-45,0.0100,200.00,yes
2026-10-05T03:42:03.402802Z,KXBTC15M-26OCT042345-45,0.0100,1000.00,yes
2026-10-05T03:42:03.402802Z,KXBTC15M-26OCT042345-45,0.0100,50.00,yes
2026-10-05T03:42:03.402802Z,KXBTC15M-26OCT042345-45,0.0100,10.00,yes
2026-10-05T03:42:03.455469Z,KXBTC15M-26OCT042345-45,0.0110,7.07,yes
2026-10-05T03:42:03.455469Z,KXBTC15M-26OCT042345-45,0.0110,0.01,yes
2026-10-05T03:42:03.455469Z,KXBTC15M-26OCT042345-45,0.0110,0.01,yes
2026-10-05T03:42:03.488751Z,KXBTC15M-26OCT042345-45,0.0100,7.72,no
2026-10-05T03:42:03.528442Z,KXBTC15M-26OCT042345-45,0.0100,14.98,no
2026-10-05T03:42:03.609661Z,KXBTC15M-26OCT042345-45,0.0110,492.93,yes
2026-10-05T03:42:03.609661Z,KXBTC15M-26OCT042345-45,0.0110,1.66,yes
2026-10-05T03:42:03.749797Z,KXBTC15M-26OCT042345-45,0.0100,1.91,no
2026-10-05T03:42:03.749797Z,KXBTC15M-26OCT042345-45,0.0100,0.01,no
2026-10-05T03:42:03.749797Z,KXBTC15M-26OCT042345-45,0.0100,27.30,no
2026-10-05T03:42:03.749797Z,KXBTC15M-26OCT042345-45,0.0100,0.01,no
2026-10-05T03:42:03.75451Z,KXBTC15M-26OCT042345-45,0.0100,2.00,no
2026-10-05T03:42:03.756757Z,KXBTC15M-26OCT042345-45,0.0110,85.02,yes
2026-10-05T03:42:03.817912Z,KXBTC15M-26OCT042345-45,0.0100,17.91,no
2026-10-05T03:42:03.817912Z,KXBTC15M-26OCT042345-45,0.0100,11.09,no
2026-10-05T03:42:03.850887Z,KXBTC15M-26OCT042345-45,0.0110,8.74,yes
2026-10-05T03:42:03.862458Z,KXBTC15M-26OCT042345-45,0.0110,66.30,yes
2026-10-05T03:42:03.862458Z,KXBTC15M-26OCT042345-45,0.0110,4.58,yes
2026-10-05T03:42:03.882254Z,KXBTC15M-26OCT042345-45,0.0100,29.31,no
2026-10-05T03:42:03.882254Z,KXBTC15M-26OCT042345-45,0.0100,0.01,no
2026-10-05T03:42:03.882254Z,KXBTC15M-26OCT042345-45,0.0100,0.01,no
2026-10-05T03:42:03.900126Z,KXBTC15M-26OCT042345-45,0.0110,18.48,yes
2026-10-05T03:42:03.947489Z,KXBTC15M-26OCT042345-45,0.0100,20.69,no
2026-10-05T03:42:03.947489Z,KXBTC15M-26OCT042345-45,0.0100,0.01,no
2026-10-05T03:42:03.947489Z,KXBTC15M-26OCT042345-45,0.0100,0.01,no
2026-10-05T03:42:03.995767Z,KXBTC15M-26OCT042345-45,0.0100,0.01,no
2026-10-05T03:42:03.995767Z,KXBTC15M-26OCT042345-45,0.0100,32.98,no
2026-10-05T03:42:03.995767Z,KXBTC15M-26OCT042345-45,0.0100,0.01,no
2026-10-05T03:42:04.03092Z,KXBTC15M-26OCT042345-45,0.0100,0.01,no
2026-10-05T03:42:04.03092Z,KXBTC15M-26OCT042345-45,0.0100,0.01,no
2026-10-05T03:42:04.03092Z,KXBTC15M-26OCT042345-45,0.0100,17.02,no
2026-10-05T03:42:04.03092Z,KXBTC15M-26OCT042345-45,0.0090,3.11,no
2026-10-05T03:42:04.035231Z,KXBTC15M-26OCT042345-45,0.0110,249.96,yes
2026-10-05T03:42:04.051975Z,KXBTC15M-26OCT042345-45,0.0100,0.01,no
2026-10-05T03:42:04.051975Z,KXBTC15M-26OCT042345-45,0.0100,0.01,no
2026-10-05T03:42:04.051975Z,KXBTC15M-26OCT042345-45,0.0100,4.10,no
2026-10-05T03:42:04.158945Z,KXBTC15M-26OCT042345-45,0.0110,3.74,yes
2026-10-05T03:42:04.158945Z,KXBTC15M-26OCT042345-45,0.0110,65.26,yes
2026-10-05T03:42:04.158945Z,KXBTC15M-26OCT042345-45,0.0110,15.00,yes
2026-10-05T03:42:04.158945Z,KXBTC15M-26OCT042345-45,0.0110,1.00,yes
2026-10-05T03:42:04.158945Z,KXBTC15M-26OCT042345-45,0.0110,0.01,yes
2026-10-05T03:42:04.158945Z,KXBTC15M-26OCT042345-45,0.0110,0.01,yes
2026-10-05T03:42:04.240085Z,KXBTC15M-26OCT042345-45,0.0100,49.25,no
2026-10-05T03:42:04.270621Z,KXBTC15M-26OCT042345-45,0.0110,85.02,yes
2026-10-05T03:42:04.334367Z,KXBTC15M-26OCT042345-45,0.0110,51.40,yes
2026-10-05T03:42:04.334367Z,KXBTC15M-26OCT042345-45,0.0110,115.24,yes
2026-10-05T03:42:04.348352Z,KXBTC15M-26OCT042345-45,0.0110,85.02,yes
2026-10-05T03:42:04.356706Z,KXBTC15M-26OCT042345-45,0.0100,0.01,no
2026-10-05T03:42:04.356706Z,KXBTC15M-26OCT042345-45,0.0100,6.49,no
2026-10-05T03:42:04.356706Z,KXBTC15M-26OCT042345-45,0.0100,0.75,no
2026-10-05T03:42:04.356706Z,KXBTC15M-26OCT042345-45,0.0100,0.01,no
2026-10-05T03:42:04.364256Z,KXBTC15M-26OCT042345-45,0.0110,63.58,yes
2026-10-05T03:42:04.364256Z,KXBTC15M-26OCT042345-45,0.0110,14.00,yes
2026-10-05T03:42:04.364256Z,KXBTC15M-26OCT042345-45,0.0110,15.00,yes
2026-10-05T03:42:04.364256Z,KXBTC15M-26OCT042345-45,0.0110,36.00,yes
2026-10-05T03:42:04.364256Z,KXBTC15M-26OCT042345-45,0.0110,32.38,yes
2026-10-05T03:42:04.440112Z,KXBTC15M-26OCT042345-45,0.0110,13.16,yes
2026-10-05T03:42:04.480836Z,KXBTC15M-26OCT042345-45,0.0100,0.01,no
2026-10-05T03:42:04.480836Z,KXBTC15M-26OCT042345-45,0.0100,49.98,no
2026-10-05T03:42:04.480836Z,KXBTC15M-26OCT042345-45,0.0100,0.01,no
2026-10-05T03:42:04.523393Z,KXBTC15M-26OCT042345-45,0.0100,10.07,no
2026-10-05T03:42:04.523393Z,KXBTC15M-26OCT042345-45,0.0100,0.02,no
2026-10-05T03:42:04.621872Z,KXBTC15M-26OCT042345-45,0.0110,48.46,yes
2026-10-05T03:42:04.674151Z,KXBTC15M-26OCT042345-45,0.0110,0.08,yes
2026-10-05T03:42:04.75638Z,KXBTC15M-26OCT042345-45,0.0100,0.01,no
2026-10-05T03:42:04.75638Z,KXBTC15M-26OCT042345-45,0.0100,0.01,no
2026-10-05T03:42:04.75638Z,KXBTC15M-26OCT042345-45,0.0100,4.93,no
2026-10-05T03:42:04.75638Z,KXBTC15M-26OCT042345-45,0.0100,15.21,no
2026-10-05T03:42:04.777929Z,KXBTC15M-26OCT042345-45,0.0110,147.54,yes
2026-10-05T03:42:04.777929Z,KXBTC15M-26OCT042345-45,0.0110,0.01,yes
2026-10-05T03:42:04.777929Z,KXBTC15M-26OCT042345-45,0.0110,16.00,yes
2026-10-05T03:42:04.777929Z,KXBTC15M-26OCT042345-45,0.0110,0.01,yes
2026-10-05T03:42:04.777929Z,KXBTC15M-26OCT042345-45,0.0110,5.92,yes
2026-10-05T03:42:04.90236Z,KXBTC15M-26OCT042345-45,0.0100,6.33,no
2026-10-05T03:42:04.933122Z,KXBTC15M-26OCT042345-45,0.0100,60.63,no
2026-10-05T03:42:04.971737Z,KXBTC15M-26OCT042345-45,0.0110,166.64,yes
2026-10-05T03:42:05.038458Z,KXBTC15M-26OCT042345-45,0.0110,85.02,yes
2026-10-05T03:42:05.041252Z,KXBTC15M-26OCT042345-45,0.0110,1.00,yes
2026-10-05T03:42:05.041252Z,KXBTC15M-26OCT042345-45,0.0120,2.00,yes
2026-10-05T03:42:05.041252Z,KXBTC15M-26OCT042345-45,0.0110,14.00,yes
2026-10-05T03:42:05.041252Z,KXBTC15M-26OCT042345-45,0.0110,0.01,yes
2026-10-05T03:42:05.041252Z,KXBTC15M-26OCT042345-45,0.0130,2.00,yes
2026-10-05T03:42:05.041252Z,KXBTC15M-26OCT042345-45,0.0110,0.01,yes
2026-10-05T03:42:05.041252Z,KXBTC15M-26OCT042345-45,0.0110,200.00,yes
2026-10-05T03:42:05.041252Z,KXBTC15M-26OCT042345-45,0.0110,15.00,yes
2026-10-05T03:42:05.041252Z,KXBTC15M-26OCT042345-45,0.0110,16.00,yes
2026-10-05T03:42:05.041252Z,KXBTC15M-26OCT042345-45,0.0110,0.80,yes
2026-10-05T03:42:05.041252Z,KXBTC15M-26OCT042345-45,0.0110,30.00,yes
2026-10-05T03:42:05.041252Z,KXBTC15M-26OCT042345-45,0.0130,15.00,yes
2026-10-05T03:42:05.041252Z,KXBTC15M-26OCT042345-45,0.0130,2.00,yes
2026-10-05T03:42:05.041252Z,KXBTC15M-26OCT042345-45,0.0120,100.00,yes
2026-10-05T03:42:05.041252Z,KXBTC15M-26OCT042345-45,0.0130,10.00,yes
2026-10-05T03:42:05.041252Z,KXBTC15M-26OCT042345-45,0.0130,15.00,yes
2026-10-05T03:42:05.041252Z,KXBTC15M-26OCT042345-45,0.0120,200.00,yes
2026-10-05T03:42:05.041252Z,KXBTC15M-26OCT042345-45,0.0120,1000.00,yes
2026-10-05T03:42:05.041252Z,KXBTC15M-26OCT042345-45,0.0120,246.81,yes
2026-10-05T03:42:05.041252Z,KXBTC15M-26OCT042345-45,0.0120,10.00,yes
2026-10-05T03:42:05.041252Z,KXBTC15M-26OCT042345-45,0.0140,15.00,yes
2026-10-05T03:42:05.041252Z,KXBTC15M-26OCT042345-45,0.0140,29.89,yes
2026-10-05T03:42:05.068395Z,KXBTC15M-26OCT042345-45,0.0110,0.01,yes
2026-10-05T03:42:05.068395Z,KXBTC15M-26OCT042345-45,0.0110,14.99,yes
2026-10-05T03:42:05.126814Z,KXBTC15M-26OCT042345-45,0.0100,23.64,no
2026-10-05T03:42:05.126814Z,KXBTC15M-26OCT042345-45,0.0100,0.01,no
2026-10-05T03:42:05.126814Z,KXBTC15M-26OCT042345-45,0.0100,0.01,no
2026-10-05T03:42:05.126814Z,KXBTC15M-26OCT042345-45,0.0100,4.83,no
2026-10-05T03:42:05.126814Z,KXBTC15M-26OCT042345-45,0.0100,50.00,no
2026-10-05T03:42:05.204956Z,KXBTC15M-26OCT042345-45,0.0110,15.00,yes
2026-10-05T03:42:05.204956Z,KXBTC15M-26OCT042345-45,0.0110,0.01,yes
2026-10-05T03:42:05.204956Z,KXBTC15M-26OCT042345-45,0.0110,70.01,yes
2026-10-05T03:42:05.261824Z,KXBTC15M-26OCT042345-45,0.0110,42.51,yes
2026-10-05T03:42:05.313711Z,KXBTC15M-26OCT042345-45,0.0110,8.50,yes
2026-10-05T03:42:05.347823Z,KXBTC15M-26OCT042345-45,0.0100,1.34,no
2026-10-05T03:42:05.467508Z,KXBTC15M-26OCT042345-45,0.0100,15.00,no
2026-10-05T03:42:05.467508Z,KXBTC15M-26OCT042345-45,0.0100,22.31,no
2026-10-05T03:42:05.467508Z,KXBTC15M-26OCT042345-45,0.0100,13.66,no
2026-10-05T03:42:05.487646Z,KXBTC15M-26OCT042345-45,0.0100,0.01,no
2026-10-05T03:42:05.487646Z,KXBTC15M-26OCT042345-45,0.0100,0.01,no
2026-10-05T03:42:05.487646Z,KXBTC15M-26OCT042345-45,0.0100,27.69,no
2026-10-05T03:42:05.487646Z,KXBTC15M-26OCT042345-45,0.0100,7.61,no
2026-10-05T03:42:05.514787Z,KXBTC15M-26OCT042345-45,0.0100,10.33,no
2026-10-05T03:42:05.67262Z,KXBTC15M-26OCT042345-45,0.0110,85.02,yes
2026-10-05T03:42:06.022193Z,KXBTC15M-26OCT042345-45,0.0100,69.06,no
2026-10-05T03:42:06.022193Z,KXBTC15M-26OCT042345-45,0.0100,0.01,no
2026-10-05T03:42:06.022193Z,KXBTC15M-26OCT042345-45,0.0100,0.01,no
2026-10-05T03:42:06.022193Z,KXBTC15M-26OCT042345-45,0.0100,20.00,no
2026-10-05T03:42:06.022193Z,KXBTC15M-26OCT042345-45,0.0100,10.92,no
2026-10-05T03:42:06.030032Z,KXBTC15M-26OCT042345-45,0.0100,12.49,no
2026-10-05T03:42:06.067683Z,KXBTC15M-26OCT042345-45,0.0110,7.65,yes
2026-10-05T03:42:06.082181Z,KXBTC15M-26OCT042345-45,0.0110,55.04,yes
2026-10-05T03:42:06.091891Z,KXBTC15M-26OCT042345-45,0.0100,74.34,no
2026-10-05T03:42:06.091891Z,KXBTC15M-26OCT042345-45,0.0100,26.59,no
2026-10-05T03:42:06.269906Z,KXBTC15M-26OCT042345-45,0.0110,16.93,yes
2026-10-05T03:42:06.335113Z,KXBTC15M-26OCT042345-45,0.0090,15.00,no
2026-10-05T03:42:06.335113Z,KXBTC15M-26OCT042345-45,0.0100,0.01,no
2026-10-05T03:42:06.335113Z,KXBTC15M-26OCT042345-45,0.0100,50.00,no
2026-10-05T03:42:06.335113Z,KXBTC15M-26OCT042345-45,0.0090,330.48,no
2026-10-05T03:42:06.335113Z,KXBTC15M-26OCT042345-45,0.0100,1.00,no
2026-10-05T03:42:06.335113Z,KXBTC15M-26OCT042345-45,0.0100,0.01,no
2026-10-05T03:42:06.335113Z,KXBTC15M-26OCT042345-45,0.0090,15.00,no
2026-10-05T03:42:06.343906Z,KXBTC15M-26OCT042345-45,0.0100,0.85,yes
2026-10-05T03:42:06.346348Z,KXBTC15M-26OCT042345-45,0.0100,69.15,yes
2026-10-05T03:42:06.346348Z,KXBTC15M-26OCT042345-45,0.0100,30.90,yes
2026-10-05T03:42:06.346348Z,KXBTC15M-26OCT042345-45,0.0100,70.00,yes
2026-10-05T03:42:06.442339Z,KXBTC15M-26OCT042345-45,0.0090,0.01,no
2026-10-05T03:42:06.442339Z,KXBTC15M-26OCT042345-45,0.0090,7.76,no
2026-10-05T03:42:06.442339Z,KXBTC15M-26OCT042345-45,0.0090,0.01,no
2026-10-05T03:42:06.487447Z,KXBTC15M-26OCT042345-45,0.0080,15.00,no
2026-10-05T03:42:06.487447Z,KXBTC15M-26OCT042345-45,0.0090,7.24,no
2026-10-05T03:42:06.487447Z,KXBTC15M-26OCT042345-45,0.0080,200.00,no
2026-10-05T03:42:06.487447Z,KXBTC15M-26OCT042345-45,0.0080,217.28,no
2026-10-05T03:42:06.487447Z,KXBTC15M-26OCT042345-45,0.0090,0.01,no
2026-10-05T03:42:06.487447Z,KXBTC15M-26OCT042345-45,0.0090,0.01,no
2026-10-05T03:42:06.487447Z,KXBTC15M-26OCT042345-45,0.0090,18.00,no
2026-10-05T03:42:06.487447Z,KXBTC15M-26OCT042345-45,0.0080,15.00,no
2026-10-05T03:42:06.487447Z,KXBTC15M-26OCT042345-45,0.0080,14.61,no
2026-10-05T03:42:06.487447Z,KXBTC15M-26OCT042345-45,0.0080,15.00,no
2026-10-05T03:42:06.487447Z,KXBTC15M-26OCT042345-45,0.0080,15.00,no
2026-10-05T03:42:06.508387Z,KXBTC15M-26OCT042345-45,0.0100,9.00,yes
2026-10-05T03:42:06.508387Z,KXBTC15M-26OCT042345-45,0.0090,0.01,yes
2026-10-05T03:42:06.508387Z,KXBTC15M-26OCT042345-45,0.0100,50.00,yes
2026-10-05T03:42:06.508387Z,KXBTC15M-26OCT042345-45,0.0100,4.86,yes
2026-10-05T03:42:06.508387Z,KXBTC15M-26OCT042345-45,0.0090,0.01,yes
2026-10-05T03:42:06.508387Z,KXBTC15M-26OCT042345-45,0.0100,0.01,yes
2026-10-05T03:42:06.508387Z,KXBTC15M-26OCT042345-45,0.0100,0.01,yes
2026-10-05T03:42:06.517324Z,KXBTC15M-26OCT042345-45,0.0080,4.93,no
2026-10-05T03:42:06.675296Z,KXBTC15M-26OCT042345-45,0.0140,13.00,yes
2026-10-05T03:42:06.675296Z,KXBTC15M-26OCT042345-45,0.0110,744.90,yes
2026-10-05T03:42:06.675296Z,KXBTC15M-26OCT042345-45,0.0120,10.00,yes
2026-10-05T03:42:06.675296Z,KXBTC15M-26OCT042345-45,0.0090,1.00,yes
2026-10-05T03:42:06.675296Z,KXBTC15M-26OCT042345-45,0.0150,862.58,yes
2026-10-05T03:42:06.675296Z,KXBTC15M-26OCT042345-45,0.0090,0.01,yes
2026-10-05T03:42:06.675296Z,KXBTC15M-26OCT042345-45,0.0090,168.00,yes
2026-10-05T03:42:06.675296Z,KXBTC15M-26OCT042345-45,0.0140,15.00,yes
2026-10-05T03:42:06.675296Z,KXBTC15M-26OCT042345-45,0.0090,0.01,yes
2026-10-05T03:42:06.675296Z,KXBTC15M-26OCT042345-45,0.0100,200.00,yes
2026-10-05T03:42:06.675296Z,KXBTC15M-26OCT042345-45,0.0090,15.00,yes
2026-10-05T03:42:06.675296Z,KXBTC15M-26OCT042345-45,0.0100,9.00,yes
2026-10-05T03:42:06.675296Z,KXBTC15M-26OCT042345-45,0.0090,15.00,yes
2026-10-05T03:42:06.675296Z,KXBTC15M-26OCT042345-45,0.0100,687.00,yes
2026-10-05T03:42:06.675296Z,KXBTC15M-26OCT042345-45,0.0100,50.00,yes
2026-10-05T03:42:06.675296Z,KXBTC15M-26OCT042345-45,0.0100,15.00,yes
2026-10-05T03:42:06.675296Z,KXBTC15M-26OCT042345-45,0.0140,246.00,yes
2026-10-05T03:42:06.675296Z,KXBTC15M-26OCT042345-45,0.0120,15.00,yes
2026-10-05T03:42:06.675296Z,KXBTC15M-26OCT042345-45,0.0090,138.00,yes
2026-10-05T03:42:06.675296Z,KXBTC15M-26OCT042345-45,0.0100,193.00,yes
2026-10-05T03:42:06.675296Z,KXBTC15M-26OCT042345-45,0.0120,10.00,yes
2026-10-05T03:42:06.675296Z,KXBTC15M-26OCT042345-45,0.0140,2.00,yes
2026-10-05T03:42:06.675296Z,KXBTC15M-26OCT042345-45,0.0150,93.75,yes
2026-10-05T03:42:06.675296Z,KXBTC15M-26OCT042345-45,0.0150,2.00,yes
2026-10-05T03:42:06.675296Z,KXBTC15M-26OCT042345-45,0.0150,3141.00,yes
2026-10-05T03:42:06.675296Z,KXBTC15M-26OCT042345-45,0.0150,15.00,yes
2026-10-05T03:42:06.675296Z,KXBTC15M-26OCT042345-45,0.0140,170.11,yes
2026-10-05T03:42:06.695033Z,KXBTC15M-26OCT042345-45,0.0100,15.00,yes
2026-10-05T03:42:06.695938Z,KXBTC15M-26OCT042345-45,0.0100,15.00,yes
2026-10-05T03:42:06.798357Z,KXBTC15M-26OCT042345-45,0.0100,63.00,no
2026-10-05T03:42:06.862978Z,KXBTC15M-26OCT042345-45,0.0100,70.00,no
2026-10-05T03:42:06.862978Z,KXBTC15M-26OCT042345-45,0.0100,7.00,no
2026-10-05T03:42:06.862978Z,KXBTC15M-26OCT042345-45,0.0100,0.01,no
2026-10-05T03:42:06.862978Z,KXBTC15M-26OCT042345-45,0.0100,16.98,no
2026-10-05T03:42:06.862978Z,KXBTC15M-26OCT042345-45,0.0100,50.00,no
2026-10-05T03:42:06.862978Z,KXBTC15M-26OCT042345-45,0.0100,200.00,no
2026-10-05T03:42:06.862978Z,KXBTC15M-26OCT042345-45,0.0100,70.00,no
2026-10-05T03:42:06.862978Z,KXBTC15M-26OCT042345-45,0.0100,70.00,no
2026-10-05T03:42:06.862978Z,KXBTC15M-26OCT042345-45,0.0100,1.00,no
2026-10-05T03:42:06.862978Z,KXBTC15M-26OCT042345-45,0.0100,70.00,no
2026-10-05T03:42:06.862978Z,KXBTC15M-26OCT042345-45,0.0100,0.01,no
2026-10-05T03:42:06.862978Z,KXBTC15M-26OCT042345-45,0.0100,16.00,no
2026-10-05T03:42:06.862978Z,KXBTC15M-26OCT042345-45,0.0100,70.00,no
2026-10-05T03:42:06.862978Z,KXBTC15M-26OCT042345-45,0.0100,87.00,no
2026-10-05T03:42:06.974074Z,KXBTC15M-26OCT042345-45,0.0100,0.02,no
2026-10-05T03:42:06.990757Z,KXBTC15M-26OCT042345-45,0.0100,50.00,no
2026-10-05T03:42:06.990757Z,KXBTC15M-26OCT042345-45,0.0100,0.01,no
2026-10-05T03:42:06.990757Z,KXBTC15M-26OCT042345-45,0.0100,0.01,no
2026-10-05T03:42:06.990757Z,KXBTC15M-26OCT042345-45,0.0100,160.33,no
2026-10-05T03:42:06.990757Z,KXBTC15M-26OCT042345-45,0.0100,87.00,no
2026-10-05T03:42:07.037039Z,KXBTC15M-26OCT042345-45,0.0110,211.00,yes
2026-10-05T03:42:07.037039Z,KXBTC15M-26OCT042345-45,0.0110,15.00,yes
2026-10-05T03:42:07.147045Z,KXBTC15M-26OCT042345-45,0.0110,4.25,yes
2026-10-05T03:42:07.164228Z,KXBTC15M-26OCT042345-45,0.0110,17.00,yes
2026-10-05T03:42:07.164794Z,KXBTC15M-26OCT042345-45,0.0100,2.00,no
2026-10-05T03:42:07.175725Z,KXBTC15M-26OCT042345-45,0.0100,16.15,no
2026-10-05T03:42:07.288121Z,KXBTC15M-26OCT042345-45,0.0110,1.00,yes
2026-10-05T03:42:07.288121Z,KXBTC15M-26OCT042345-45,0.0110,100.00,yes
2026-10-05T03:42:07.288121Z,KXBTC15M-26OCT042345-45,0.0110,0.01,yes
2026-10-05T03:42:07.288121Z,KXBTC15M-26OCT042345-45,0.0120,218.71,yes
2026-10-05T03:42:07.288121Z,KXBTC15M-26OCT042345-45,0.0110,98.00,yes
2026-10-05T03:42:07.288121Z,KXBTC15M-26OCT042345-45,0.0110,14.00,yes
2026-10-05T03:42:07.288121Z,KXBTC15M-26OCT042345-45,0.0110,200.00,yes
2026-10-05T03:42:07.288121Z,KXBTC15M-26OCT042345-45,0.0110,1.00,yes
2026-10-05T03:42:07.288121Z,KXBTC15M-26OCT042345-45,0.0110,0.01,yes
2026-10-05T03:42:07.288121Z,KXBTC15M-26OCT042345-45,0.0110,167.75,yes
2026-10-05T03:42:07.288121Z,KXBTC15M-26OCT042345-45,0.0110,24.68,yes
2026-10-05T03:42:07.292142Z,KXBTC15M-26OCT042345-45,0.0100,25.23,no
2026-10-05T03:42:07.309909Z,KXBTC15M-26OCT042345-45,0.0100,4.37,no
2026-10-05T03:42:07.309909Z,KXBTC15M-26OCT042345-45,0.0100,6.62,no
2026-10-05T03:42:07.309909Z,KXBTC15M-26OCT042345-45,0.0100,0.01,no
2026-10-05T03:42:07.350194Z,KXBTC15M-26OCT042345-45,0.0110,249.94,yes
2026-10-05T03:42:07.350194Z,KXBTC15M-26OCT042345-45,0.0110,0.01,yes
2026-10-05T03:42:07.350194Z,KXBTC15M-26OCT042345-45,0.0110,0.01,yes
2026-10-05T03:42:07.350588Z,KXBTC15M-26OCT042345-45,0.0100,46.84,no
2026-10-05T03:42:07.356564Z,KXBTC15M-26OCT042345-45,0.0110,0.85,yes
2026-10-05T03:42:07.367711Z,KXBTC15M-26OCT042345-45,0.0110,85.02,yes
2026-10-05T03:42:07.461324Z,KXBTC15M-26OCT042345-45,0.0100,150.81,no
2026-10-05T03:42:07.526361Z,KXBTC15M-26OCT042345-45,0.0100,0.01,no
2026-10-05T03:42:07.526361Z,KXBTC15M-26OCT042345-45,0.0100,0.01,no
2026-10-05T03:42:07.526361Z,KXBTC15M-26OCT042345-45,0.0100,200.00,no
2026-10-05T03:42:07.526361Z,KXBTC15M-26OCT042345-45,0.0100,50.00,no
2026-10-05T03:42:07.526361Z,KXBTC15M-26OCT042345-45,0.0090,305.91,no
2026-10-05T03:42:07.61743Z,KXBTC15M-26OCT042345-45,0.0100,70.00,yes
2026-10-05T03:42:07.61743Z,KXBTC15M-26OCT042345-45,0.0100,15.02,yes
2026-10-05T03:42:07.652114Z,KXBTC15M-26OCT042345-45,0.0090,0.02,no
2026-10-05T03:42:07.658065Z,KXBTC15M-26OCT042345-45,0.0090,1.89,no
2026-10-05T03:42:07.76861Z,KXBTC15M-26OCT042345-45,0.0100,400.00,yes
2026-10-05T03:42:07.76861Z,KXBTC15M-26OCT042345-45,0.0100,1.00,yes
2026-10-05T03:42:07.76861Z,KXBTC15M-26OCT042345-45,0.0100,0.01,yes
2026-10-05T03:42:07.76861Z,KXBTC15M-26OCT042345-45,0.0100,0.01,yes
2026-10-05T03:42:07.76861Z,KXBTC15M-26OCT042345-45,0.0100,50.00,yes
2026-10-05T03:42:07.76861Z,KXBTC15M-26OCT042345-45,0.0100,70.00,yes
2026-10-05T03:42:07.76861Z,KXBTC15M-26OCT042345-45,0.0100,54.98,yes
2026-10-05T03:42:07.76861Z,KXBTC15M-26OCT042345-45,0.0100,70.00,yes
2026-10-05T03:42:07.76861Z,KXBTC15M-26OCT042345-45,0.0100,1.00,yes
2026-10-05T03:42:07.76861Z,KXBTC15M-26OCT042345-45,0.0100,10.00,yes
2026-10-05T03:42:07.76861Z,KXBTC15M-26OCT042345-45,0.0100,70.00,yes
2026-10-05T03:42:07.76861Z,KXBTC15M-26OCT042345-45,0.0100,222.00,yes
2026-10-05T03:42:07.77507Z,KXBTC15M-26OCT042345-45,0.0100,484.50,no
2026-10-05T03:42:07.818879Z,KXBTC15M-26OCT042345-45,0.0110,1.00,yes
2026-10-05T03:42:07.818879Z,KXBTC15M-26OCT042345-45,0.0110,417.65,yes
2026-10-05T03:42:07.827439Z,KXBTC15M-26OCT042345-45,0.0110,85.02,yes
2026-10-05T03:42:07.870977Z,KXBTC15M-26OCT042345-45,0.0100,43.00,no
2026-10-05T03:42:07.886139Z,KXBTC15M-26OCT042345-45,0.0100,44.00,no
2026-10-05T03:42:07.905061Z,KXBTC15M-26OCT042345-45,0.0100,15.85,no
2026-10-05T03:42:07.923768Z,KXBTC15M-26OCT042345-45,0.0100,4438.02,no
2026-10-05T03:42:07.923768Z,KXBTC15M-26OCT042345-45,0.0100,0.01,no
2026-10-05T03:42:07.923768Z,KXBTC15M-26OCT042345-45,0.0100,1.00,no
2026-10-05T03:42:07.923768Z,KXBTC15M-26OCT042345-45,0.0100,50.00,no
2026-10-05T03:42:07.923768Z,KXBTC15M-26OCT042345-45,0.0100,200.00,no
2026-10-05T03:42:07.923768Z,KXBTC15M-26OCT042345-45,0.0100,0.01,no
2026-10-05T03:42:07.923768Z,KXBTC15M-26OCT042345-45,0.0090,360.96,no
2026-10-05T03:42:07.980813Z,KXBTC15M-26OCT042345-45,0.0100,5.02,no
2026-10-05T03:42:07.980813Z,KXBTC15M-26OCT042345-45,0.0100,0.01,no
2026-10-05T03:42:07.980813Z,KXBTC15M-26OCT042345-45,0.0100,0.01,no
2026-10-05T03:42:08.350854Z,KXBTC15M-26OCT042345-45,0.0100,549.00,no
2026-10-05T03:42:08.350854Z,KXBTC15M-26OCT042345-45,0.0100,200.00,no
2026-10-05T03:42:08.350854Z,KXBTC15M-26OCT042345-45,0.0100,0.01,no
2026-10-05T03:42:08.350854Z,KXBTC15M-26OCT042345-45,0.0100,0.01,no
2026-10-05T03:42:08.350854Z,KXBTC15M-26OCT042345-45,0.0100,44.98,no
2026-10-05T03:42:08.430353Z,KXBTC15M-26OCT042345-45,0.0090,9.65,no
2026-10-05T03:42:08.445965Z,KXBTC15M-26OCT042345-45,0.0090,9.88,no
2026-10-05T03:42:08.473993Z,KXBTC15M-26OCT042345-45,0.0100,85.02,yes
2026-10-05T03:42:08.484012Z,KXBTC15M-26OCT042345-45,0.0100,595.16,yes
2026-10-05T03:42:08.53282Z,KXBTC15M-26OCT042345-45,0.0090,15.05,no
2026-10-05T03:42:08.542316Z,KXBTC15M-26OCT042345-45,0.0100,85.02,yes
2026-10-05T03:42:08.639181Z,KXBTC15M-26OCT042345-45,0.0100,850.23,yes
2026-10-05T03:42:08.688555Z,KXBTC15M-26OCT042345-45,0.0100,85.02,yes
2026-10-05T03:42:08.985004Z,KXBTC15M-26OCT042345-45,0.0090,25.21,no
2026-10-05T03:42:08.99561Z,KXBTC15M-26OCT042345-45,0.0100,85.02,yes
2026-10-05T03:42:09.008954Z,KXBTC15M-26OCT042345-45,0.0090,15.00,no
2026-10-05T03:42:09.008954Z,KXBTC15M-26OCT042345-45,0.0090,318.43,no
2026-10-05T03:42:09.008954Z,KXBTC15M-26OCT042345-45,0.0090,147.10,no
2026-10-05T03:42:09.008954Z,KXBTC15M-26OCT042345-45,0.0090,319.47,no
2026-10-05T03:42:09.012258Z,KXBTC15M-26OCT042345-45,0.0080,15.00,no
2026-10-05T03:42:09.012258Z,KXBTC15M-26OCT042345-45,0.0080,15.00,no
2026-10-05T03:42:09.012258Z,KXBTC15M-26OCT042345-45,0.0080,15.00,no
2026-10-05T03:42:09.012258Z,KXBTC15M-26OCT042345-45,0.0090,52.90,no
2026-10-05T03:42:09.012258Z,KXBTC15M-26OCT042345-45,0.0090,0.01,no
2026-10-05T03:42:09.012258Z,KXBTC15M-26OCT042345-45,0.0090,0.01,no
2026-10-05T03:42:09.012258Z,KXBTC15M-26OCT042345-45,0.0080,151.08,no
2026-10-05T03:42:09.012258Z,KXBTC15M-26OCT042345-45,0.0090,1.00,no
2026-10-05T03:42:09.024988Z,KXBTC15M-26OCT042345-45,0.0090,250.00,no
2026-10-05T03:42:09.02764Z,KXBTC15M-26OCT042345-45,0.0100,170.05,yes
2026-10-05T03:42:09.05227Z,KXBTC15M-26OCT042345-45,0.0090,15.00,no
2026-10-05T03:42:09.09897Z,KXBTC15M-26OCT042345-45,0.0100,467.59,yes
2026-10-05T03:42:09.146115Z,KXBTC15M-26OCT042345-45,0.0090,458.00,no
2026-10-05T03:42:09.198784Z,KXBTC15M-26OCT042345-45,0.0090,14.05,no
2026-10-05T03:42:09.204072Z,KXBTC15M-26OCT042345-45,0.0090,413.26,no
2026-10-05T03:42:09.297247Z,KXBTC15M-26OCT042345-45,0.0090,1852.00,no
2026-10-05T03:42:09.352843Z,KXBTC15M-26OCT042345-45,0.0100,93.51,yes
2026-10-05T03:42:09.388999Z,KXBTC15M-26OCT042345-45,0.0090,0.01,no
2026-10-05T03:42:09.388999Z,KXBTC15M-26OCT042345-45,0.0090,0.01,no
2026-10-05T03:42:09.388999Z,KXBTC15M-26OCT042345-45,0.0080,797.98,no
2026-10-05T03:42:09.475932Z,KXBTC15M-26OCT042345-45,0.0090,0.01,no
2026-10-05T03:42:09.475932Z,KXBTC15M-26OCT042345-45,0.0090,0.01,no
2026-10-05T03:42:09.475932Z,KXBTC15M-26OCT042345-45,0.0080,13.23,no
2026-10-05T03:42:09.492152Z,KXBTC15M-26OCT042345-45,0.0090,10.00,yes
2026-10-05T03:42:09.492152Z,KXBTC15M-26OCT042345-45,0.0090,0.01,yes
2026-10-05T03:42:09.492152Z,KXBTC15M-26OCT042345-45,0.0090,0.01,yes
2026-10-05T03:42:09.492152Z,KXBTC15M-26OCT042345-45,0.0090,15.00,yes
2026-10-05T03:42:09.492152Z,KXBTC15M-26OCT042345-45,0.0100,52.60,yes
2026-10-05T03:42:09.555821Z,KXBTC15M-26OCT042345-45,0.0090,56.11,yes
2026-10-05T03:42:09.867265Z,KXBTC15M-26OCT042345-45,0.0080,5.68,no
2026-10-05T03:42:09.891164Z,KXBTC15M-26OCT042345-45,0.0080,5.03,no
2026-10-05T03:42:09.9356Z,KXBTC15M-26OCT042345-45,0.0090,17.00,yes
2026-10-05T03:42:09.9356Z,KXBTC15M-26OCT042345-45,0.0090,0.01,yes
2026-10-05T03:42:09.9356Z,KXBTC15M-26OCT042345-45,0.0090,1.00,yes
2026-10-05T03:42:09.9356Z,KXBTC15M-26OCT042345-45,0.0090,0.01,yes
2026-10-05T03:42:09.9356Z,KXBTC15M-26OCT042345-45,0.0090,200.00,yes
2026-10-05T03:42:09.9356Z,KXBTC15M-26OCT042345-45,0.0090,15.00,yes
2026-10-05T03:42:09.9356Z,KXBTC15M-26OCT042345-45,0.0090,174.28,yes
2026-10-05T03:42:10.004095Z,KXBTC15M-26OCT042345-45,0.0090,23.37,yes
2026-10-05T03:42:10.009557Z,KXBTC15M-26OCT042345-45,0.0090,101.83,yes
2026-10-05T03:42:10.250398Z,KXBTC15M-26OCT042345-45,0.0080,4.29,no
2026-10-05T03:42:10.250398Z,KXBTC15M-26OCT042345-45,0.0080,0.01,no
2026-10-05T03:42:10.250398Z,KXBTC15M-26OCT042345-45,0.0080,15.00,no
2026-10-05T03:42:10.250398Z,KXBTC15M-26OCT042345-45,0.0080,0.01,no
2026-10-05T03:42:10.250398Z,KXBTC15M-26OCT042345-45,0.0080,34.70,no
2026-10-05T03:42:10.25616Z,KXBTC15M-26OCT042345-45,0.0090,5.05,yes
2026-10-05T03:42:10.263889Z,KXBTC15M-26OCT042345-45,0.0090,267.03,yes
2026-10-05T03:42:10.356445Z,KXBTC15M-26OCT042345-45,0.0090,101.83,yes
2026-10-05T03:42:10.379199Z,KXBTC15M-26OCT042345-45,0.0090,0.01,yes
2026-10-05T03:42:10.379199Z,KXBTC15M-26OCT042345-45,0.0090,9.37,yes
2026-10-05T03:42:10.379199Z,KXBTC15M-26OCT042345-45,0.0090,1.00,yes
2026-10-05T03:42:10.379199Z,KXBTC15M-26OCT042345-45,0.0090,0.01,yes
2026-10-05T03:42:10.410003Z,KXBTC15M-26OCT042345-45,0.0090,190.63,yes
2026-10-05T03:42:10.410003Z,KXBTC15M-26OCT042345-45,0.0090,13.02,yes
2026-10-05T03:42:10.433202Z,KXBTC15M-26OCT042345-45,0.0080,0.01,no
2026-10-05T03:42:10.433202Z,KXBTC15M-26OCT042345-45,0.0080,0.01,no
2026-10-05T03:42:10.433202Z,KXBTC15M-26OCT042345-45,0.0080,0.98,no
2026-10-05T03:42:10.472404Z,KXBTC15M-26OCT042345-45,0.0090,1.00,yes
2026-10-05T03:42:10.472404Z,KXBTC15M-26OCT042345-45,0.0090,1.98,yes
2026-10-05T03:42:10.472404Z,KXBTC15M-26OCT042345-45,0.0090,17.80,yes
2026-10-05T03:42:10.491167Z,KXBTC15M-26OCT042345-45,0.0100,3141.00,yes
2026-10-05T03:42:10.491167Z,KXBTC15M-26OCT042345-45,0.0110,15.00,yes
2026-10-05T03:42:10.491167Z,KXBTC15M-26OCT042345-45,0.0120,913.70,yes
2026-10-05T03:42:10.491167Z,KXBTC15M-26OCT042345-45,0.0100,36.78,yes
2026-10-05T03:42:10.491167Z,KXBTC15M-26OCT042345-45,0.0110,1.00,yes
2026-10-05T03:42:10.491167Z,KXBTC15M-26OCT042345-45,0.0100,50.00,yes
2026-10-05T03:42:10.491167Z,KXBTC15M-26OCT042345-45,0.0100,1.00,yes
2026-10-05T03:42:10.491167Z,KXBTC15M-26OCT042345-45,0.0090,549.98,yes
2026-10-05T03:42:10.491167Z,KXBTC15M-26OCT042345-45,0.0090,0.01,yes
2026-10-05T03:42:10.491167Z,KXBTC15M-26OCT042345-45,0.0090,17.00,yes
2026-10-05T03:42:10.491167Z,KXBTC15M-26OCT042345-45,0.0100,674.00,yes
2026-10-05T03:42:10.491167Z,KXBTC15M-26OCT042345-45,0.0090,15.00,yes
2026-10-05T03:42:10.491167Z,KXBTC15M-26OCT042345-45,0.0090,1.00,yes
2026-10-05T03:42:10.491167Z,KXBTC15M-26OCT042345-45,0.0090,0.01,yes
2026-10-05T03:42:10.491167Z,KXBTC15M-26OCT042345-45,0.0100,257.50,yes
2026-10-05T03:42:10.491167Z,KXBTC15M-26OCT042345-45,0.0120,1.00,yes
2026-10-05T03:42:10.491167Z,KXBTC15M-26OCT042345-45,0.0110,397.33,yes
2026-10-05T03:42:10.491167Z,KXBTC15M-26OCT042345-45,0.0100,12.00,yes
2026-10-05T03:42:10.491167Z,KXBTC15M-26OCT042345-45,0.0090,500.00,yes
2026-10-05T03:42:10.524705Z,KXBTC15M-26OCT042345-45,0.0090,0.01,yes
2026-10-05T03:42:10.524705Z,KXBTC15M-26OCT042345-45,0.0090,0.01,yes
2026-10-05T03:42:10.583677Z,KXBTC15M-26OCT042345-45,0.0090,1.01,yes
2026-10-05T03:42:10.628691Z,KXBTC15M-26OCT042345-45,0.0090,0.01,yes
2026-10-05T03:42:10.628691Z,KXBTC15M-26OCT042345-45,0.0090,1.00,yes
2026-10-05T03:42:10.628691Z,KXBTC15M-26OCT042345-45,0.0090,0.01,yes
2026-10-05T03:42:10.628691Z,KXBTC15M-26OCT042345-45,0.0090,15.00,yes
2026-10-05T03:42:10.628691Z,KXBTC15M-26OCT042345-45,0.0090,13.99,yes
2026-10-05T03:42:10.668414Z,KXBTC15M-26OCT042345-45,0.0100,50.00,yes
2026-10-05T03:42:10.668414Z,KXBTC15M-26OCT042345-45,0.0100,1.00,yes
2026-10-05T03:42:10.668414Z,KXBTC15M-26OCT042345-45,0.0100,11.00,yes
2026-10-05T03:42:10.668414Z,KXBTC15M-26OCT042345-45,0.0100,0.01,yes
2026-10-05T03:42:10.668414Z,KXBTC15M-26OCT042345-45,0.0100,0.01,yes
2026-10-05T03:42:10.779773Z,KXBTC15M-26OCT042345-45,0.0100,14.00,no
2026-10-05T03:42:10.7815Z,KXBTC15M-26OCT042345-45,0.0100,20.00,no
2026-10-05T03:42:10.961037Z,KXBTC15M-26OCT042345-45,0.0100,0.01,no
2026-10-05T03:42:10.961037Z,KXBTC15M-26OCT042345-45,0.0100,200.00,no
2026-10-05T03:42:10.961037Z,KXBTC15M-26OCT042345-45,0.0100,67.98,no
2026-10-05T03:42:10.961037Z,KXBTC15M-26OCT042345-45,0.0100,16.00,no
2026-10-05T03:42:10.961037Z,KXBTC15M-26OCT042345-45,0.0100,0.01,no
2026-10-05T03:42:10.961037Z,KXBTC15M-26OCT042345-45,0.0100,16.00,no
2026-10-05T03:42:11.049677Z,KXBTC15M-26OCT042345-45,0.0100,151.12,no
2026-10-05T03:42:11.055433Z,KXBTC15M-26OCT042345-45,0.0110,0.88,yes
2026-10-05T03:42:11.083825Z,KXBTC15M-26OCT042345-45,0.0100,38.35,no
2026-10-05T03:42:11.155815Z,KXBTC15M-26OCT042345-45,0.0100,5.74,no
2026-10-05T03:42:11.171576Z,KXBTC15M-26OCT042345-45,0.0100,93.02,no
2026-10-05T03:42:11.234726Z,KXBTC15M-26OCT042345-45,0.0100,105.88,no
2026-10-05T03:42:11.256806Z,KXBTC15M-26OCT042345-45,0.0100,5.04,no
2026-10-05T03:42:11.372196Z,KXBTC15M-26OCT042345-45,0.0100,55.95,no
2026-10-05T03:42:11.372196Z,KXBTC15M-26OCT042345-45,0.0100,32.87,no
2026-10-05T03:42:11.406879Z,KXBTC15M-26OCT042345-45,0.0110,0.01,yes
2026-10-05T03:42:11.406879Z,KXBTC15M-26OCT042345-45,0.0110,1.00,yes
2026-10-05T03:42:11.406879Z,KXBTC15M-26OCT042345-45,0.0110,14.12,yes
2026-10-05T03:42:11.406879Z,KXBTC15M-26OCT042345-45,0.0110,120.21,yes
2026-10-05T03:42:11.406879Z,KXBTC15M-26OCT042345-45,0.0110,0.01,yes
2026-10-05T03:42:11.40865Z,KXBTC15M-26OCT042345-45,0.0100,3.03,no
2026-10-05T03:42:11.40865Z,KXBTC15M-26OCT042345-45,0.0100,1.00,no
2026-10-05T03:42:11.515058Z,KXBTC15M-26OCT042345-45,0.0100,0.01,no
2026-10-05T03:42:11.515058Z,KXBTC15M-26OCT042345-45,0.0100,84.00,no
2026-10-05T03:42:11.515058Z,KXBTC15M-26OCT042345-45,0.0100,1.00,no
2026-10-05T03:42:11.515058Z,KXBTC15M-26OCT042345-45,0.0100,0.01,no
2026-10-05T03:42:11.528147Z,KXBTC15M-26OCT042345-45,0.0110,0.01,yes
2026-10-05T03:42:11.528147Z,KXBTC15M-26OCT042345-45,0.0110,1.00,yes
2026-10-05T03:42:11.528147Z,KXBTC15M-26OCT042345-45,0.0110,0.01,yes
2026-10-05T03:42:11.528147Z,KXBTC15M-26OCT042345-45,0.0110,16.00,yes
2026-10-05T03:42:11.528147Z,KXBTC15M-26OCT042345-45,0.0110,15.00,yes
2026-10-05T03:42:11.528147Z,KXBTC15M-26OCT042345-45,0.0110,1.00,yes
2026-10-05T03:42:11.528147Z,KXBTC15M-26OCT042345-45,0.0110,105.84,yes
2026-10-05T03:42:11.528147Z,KXBTC15M-26OCT042345-45,0.0110,279.79,yes
2026-10-05T03:42:11.648973Z,KXBTC15M-26OCT042345-45,0.0110,42.51,yes
2026-10-05T03:42:11.657306Z,KXBTC15M-26OCT042345-45,0.0100,43.77,no
2026-10-05T03:42:11.778049Z,KXBTC15M-26OCT042345-45,0.0090,98.27,no
2026-10-05T03:42:11.778049Z,KXBTC15M-26OCT042345-45,0.0100,1.00,no
2026-10-05T03:42:11.778049Z,KXBTC15M-26OCT042345-45,0.0100,0.01,no
2026-10-05T03:42:11.778049Z,KXBTC15M-26OCT042345-45,0.0100,0.01,no
2026-10-05T03:42:11.778049Z,KXBTC15M-26OCT042345-45,0.0100,15.00,no
2026-10-05T03:42:11.778049Z,KXBTC15M-26OCT042345-45,0.0100,6.23,no
2026-10-05T03:42:11.787412Z,KXBTC15M-26OCT042345-45,0.0090,15.15,no
2026-10-05T03:42:11.787412Z,KXBTC15M-26OCT042345-45,0.0100,0.01,no
2026-10-05T03:42:11.965719Z,KXBTC15M-26OCT042345-45,0.0100,0.01,no
2026-10-05T03:42:11.965719Z,KXBTC15M-26OCT042345-45,0.0100,30.13,no
2026-10-05T03:42:11.965719Z,KXBTC15M-26OCT042345-45,0.0100,0.01,no
2026-10-05T03:42:12.060505Z,KXBTC15M-26OCT042345-45,0.0110,0.01,yes
2026-10-05T03:42:12.060505Z,KXBTC15M-26OCT042345-45,0.0110,0.01,yes
2026-10-05T03:42:12.060505Z,KXBTC15M-26OCT042345-45,0.0110,15.00,yes
2026-10-05T03:42:12.060505Z,KXBTC15M-26OCT042345-45,0.0110,70.00,yes
2026-10-05T03:42:12.183065Z,KXBTC15M-26OCT042345-45,0.0100,22.58,no
2026-10-05T03:42:12.183065Z,KXBTC15M-26OCT042345-45,0.0100,15.00,no
2026-10-05T03:42:12.183065Z,KXBTC15M-26OCT042345-45,0.0100,0.01,no
2026-10-05T03:42:12.183065Z,KXBTC15M-26OCT042345-45,0.0100,1.00,no
2026-10-05T03:42:12.183065Z,KXBTC15M-26OCT042345-45,0.0100,19.87,no
2026-10-05T03:42:12.183065Z,KXBTC15M-26OCT042345-45,0.0100,0.01,no
2026-10-05T03:42:12.183478Z,KXBTC15M-26OCT042345-45,0.0100,385.58,no
2026-10-05T03:42:12.232863Z,KXBTC15M-26OCT042345-45,0.0100,100.00,no
2026-10-05T03:42:12.318085Z,KXBTC15M-26OCT042345-45,0.0100,5.02,no
2026-10-05T03:42:12.318085Z,KXBTC15M-26OCT042345-45,0.0100,0.01,no
2026-10-05T03:42:12.318085Z,KXBTC15M-26OCT042345-45,0.0100,0.01,no
2026-10-05T03:42:12.319876Z,KXBTC15M-26OCT042345-45,0.0110,15.00,yes
2026-10-05T03:42:12.319876Z,KXBTC15M-26OCT042345-45,0.0110,1.00,yes
2026-10-05T03:42:12.319876Z,KXBTC15M-26OCT042345-45,0.0110,27.87,yes
2026-10-05T03:42:12.326973Z,KXBTC15M-26OCT042345-45,0.0100,16.17,no
2026-10-05T03:42:12.418594Z,KXBTC15M-26OCT042345-45,0.0100,12.13,no
2026-10-05T03:42:12.467182Z,KXBTC15M-26OCT042345-45,0.0110,5.10,yes
2026-10-05T03:42:12.497029Z,KXBTC15M-26OCT042345-45,0.0110,2.02,yes
2026-10-05T03:42:12.555371Z,KXBTC15M-26OCT042345-45,0.0100,1.00,no
2026-10-05T03:42:12.555371Z,KXBTC15M-26OCT042345-45,0.0100,0.01,no
2026-10-05T03:42:12.555371Z,KXBTC15M-26OCT042345-45,0.0100,0.01,no
2026-10-05T03:42:12.555371Z,KXBTC15M-26OCT042345-45,0.0100,16.68,no
2026-10-05T03:42:12.555371Z,KXBTC15M-26OCT042345-45,0.0090,487.30,no
2026-10-05T03:42:12.559393Z,KXBTC15M-26OCT042345-45,0.0110,166.64,yes
2026-10-05T03:42:12.564645Z,KXBTC15M-26OCT042345-45,0.0110,21.85,yes
2026-10-05T03:42:12.702195Z,KXBTC15M-26OCT042345-45,0.0100,38.90,no
2026-10-05T03:42:12.78735Z,KXBTC15M-26OCT042345-45,0.0110,166.64,yes
2026-10-05T03:42:12.811356Z,KXBTC15M-26OCT042345-45,0.0110,9.88,yes
2026-10-05T03:42:12.811356Z,KXBTC15M-26OCT042345-45,0.0110,54.31,yes
2026-10-05T03:42:12.843205Z,KXBTC15M-26OCT042345-45,0.0110,85.02,yes
2026-10-05T03:42:12.861786Z,KXBTC15M-26OCT042345-45,0.0100,0.01,no
2026-10-05T03:42:12.861786Z,KXBTC15M-26OCT042345-45,0.0100,1.00,no
2026-10-05T03:42:12.861786Z,KXBTC15M-26OCT042345-45,0.0100,11.10,no
2026-10-05T03:42:12.861786Z,KXBTC15M-26OCT042345-45,0.0090,2.55,no
2026-10-05T03:42:13.036308Z,KXBTC15M-26OCT042345-45,0.0110,0.32,yes
2026-10-05T03:42:13.037175Z,KXBTC15M-26OCT042345-45,0.0110,252.59,yes
2026-10-05T03:42:13.037175Z,KXBTC15M-26OCT042345-45,0.0110,1.00,yes
2026-10-05T03:42:13.037175Z,KXBTC15M-26OCT042345-45,0.0110,0.01,yes
2026-10-05T03:42:13.037175Z,KXBTC15M-26OCT042345-45,0.0110,14.00,yes
2026-10-05T03:42:13.037175Z,KXBTC15M-26OCT042345-45,0.0110,0.01,yes
2026-10-05T03:42:13.037175Z,KXBTC15M-26OCT042345-45,0.0110,15.00,yes
2026-10-05T03:42:13.037175Z,KXBTC15M-26OCT042345-45,0.0110,112.68,yes
2026-10-05T03:42:13.037175Z,KXBTC15M-26OCT042345-45,0.0110,437.93,yes
2026-10-05T03:42:13.063302Z,KXBTC15M-26OCT042345-45,0.0110,363.04,yes
2026-10-05T03:42:13.063302Z,KXBTC15M-26OCT042345-45,0.0110,62.07,yes
2026-10-05T03:42:13.141733Z,KXBTC15M-26OCT042345-45,0.0110,0.01,yes
2026-10-05T03:42:13.141733Z,KXBTC15M-26OCT042345-45,0.0110,15.00,yes
2026-10-05T03:42:13.141733Z,KXBTC15M-26OCT042345-45,0.0110,366.00,yes
2026-10-05T03:42:13.141733Z,KXBTC15M-26OCT042345-45,0.0110,1.00,yes
2026-10-05T03:42:13.141733Z,KXBTC15M-26OCT042345-45,0.0110,0.01,yes
2026-10-05T03:42:13.141733Z,KXBTC15M-26OCT042345-45,0.0120,5.00,yes
2026-10-05T03:42:13.141733Z,KXBTC15M-26OCT042345-45,0.0130,214.89,yes
2026-10-05T03:42:13.141733Z,KXBTC15M-26OCT042345-45,0.0110,36.96,yes
2026-10-05T03:42:13.141733Z,KXBTC15M-26OCT042345-45,0.0130,1.00,yes
2026-10-05T03:42:13.141733Z,KXBTC15M-26OCT042345-45,0.0130,15.00,yes
2026-10-05T03:42:13.141733Z,KXBTC15M-26OCT042345-45,0.0130,15.00,yes
2026-10-05T03:42:13.141733Z,KXBTC15M-26OCT042345-45,0.0120,192.00,yes
2026-10-05T03:42:13.141733Z,KXBTC15M-26OCT042345-45,0.0130,1.00,yes
2026-10-05T03:42:13.141733Z,KXBTC15M-26OCT042345-45,0.0120,1.00,yes
2026-10-05T03:42:13.158441Z,KXBTC15M-26OCT042345-45,0.0110,0.01,yes
2026-10-05T03:42:13.158441Z,KXBTC15M-26OCT042345-45,0.0110,0.01,yes
2026-10-05T03:42:13.158441Z,KXBTC15M-26OCT042345-45,0.0110,13.00,yes
2026-10-05T03:42:13.198988Z,KXBTC15M-26OCT042345-45,0.0100,1.25,no
2026-10-05T03:42:13.198988Z,KXBTC15M-26OCT042345-45,0.0100,1.00,no
2026-10-05T03:42:13.198988Z,KXBTC15M-26OCT042345-45,0.0100,50.00,no
2026-10-05T03:42:13.298716Z,KXBTC15M-26OCT042345-45,0.0100,5.04,no
2026-10-05T03:42:13.339032Z,KXBTC15M-26OCT042345-45,0.0110,11.90,yes
2026-10-05T03:42:13.404404Z,KXBTC15M-26OCT042345-45,0.0100,1.00,no
2026-10-05T03:42:13.410754Z,KXBTC15M-26OCT042345-45,0.0110,30.22,yes
2026-10-05T03:42:13.410754Z,KXBTC15M-26OCT042345-45,0.0110,3.10,yes
2026-10-05T03:42:13.499215Z,KXBTC15M-26OCT042345-45,0.0100,21.94,no
2026-10-05T03:42:13.499215Z,KXBTC15M-26OCT042345-45,0.0100,15.00,no
2026-10-05T03:42:13.499215Z,KXBTC15M-26OCT042345-45,0.0100,79.71,no
2026-10-05T03:42:13.499215Z,KXBTC15M-26OCT042345-45,0.0100,0.01,no
2026-10-05T03:42:13.499215Z,KXBTC15M-26OCT042345-45,0.0100,0.01,no
2026-10-05T03:42:13.507649Z,KXBTC15M-26OCT042345-45,0.0100,18.61,no
2026-10-05T03:42:13.564854Z,KXBTC15M-26OCT042345-45,0.0100,51.98,no
2026-10-05T03:42:13.586323Z,KXBTC15M-26OCT042345-45,0.0110,16.91,yes
2026-10-05T03:42:13.589632Z,KXBTC15M-26OCT042345-45,0.0110,0.01,yes
2026-10-05T03:42:13.589632Z,KXBTC15M-26OCT042345-45,0.0110,13.49,yes
2026-10-05T03:42:13.589632Z,KXBTC15M-26OCT042345-45,0.0110,352.87,yes
2026-10-05T03:42:13.589632Z,KXBTC15M-26OCT042345-45,0.0110,0.01,yes
2026-10-05T03:42:13.589632Z,KXBTC15M-26OCT042345-45,0.0110,1.00,yes
2026-10-05T03:42:13.658093Z,KXBTC15M-26OCT042345-45,0.0100,15.00,no
2026-10-05T03:42:13.658093Z,KXBTC15M-26OCT042345-45,0.0100,30.95,no
2026-10-05T03:42:13.658093Z,KXBTC15M-26OCT042345-45,0.0100,107.47,no
2026-10-05T03:42:13.698902Z,KXBTC15M-26OCT042345-45,0.0110,1.00,yes
2026-10-05T03:42:13.698902Z,KXBTC15M-26OCT042345-45,0.0110,200.00,yes
2026-10-05T03:42:13.698902Z,KXBTC15M-26OCT042345-45,0.0110,457.51,yes
2026-10-05T03:42:13.698902Z,KXBTC15M-26OCT042345-45,0.0110,0.01,yes
2026-10-05T03:42:13.698902Z,KXBTC15M-26OCT042345-45,0.0110,12.00,yes
2026-10-05T03:42:13.698902Z,KXBTC15M-26OCT042345-45,0.0110,16.00,yes
2026-10-05T03:42:13.698902Z,KXBTC15M-26OCT042345-45,0.0110,0.01,yes
2026-10-05T03:42:13.698902Z,KXBTC15M-26OCT042345-45,0.0110,400.00,yes
2026-10-05T03:42:13.698902Z,KXBTC15M-26OCT042345-45,0.0110,15.00,yes
2026-10-05T03:42:13.698902Z,KXBTC15M-26OCT042345-45,0.0120,24.30,yes
2026-10-05T03:42:13.787493Z,KXBTC15M-26OCT042345-45,0.0110,10.37,no
2026-10-05T03:42:13.806547Z,KXBTC15M-26OCT042345-45,0.0110,115.29,no
2026-10-05T03:42:13.902252Z,KXBTC15M-26OCT042345-45,0.0110,15.14,no
2026-10-05T03:42:13.976291Z,KXBTC15M-26OCT042345-45,0.0110,2973.72,no
2026-10-05T03:42:14.037654Z,KXBTC15M-26OCT042345-45,0.0110,0.01,no
2026-10-05T03:42:14.037654Z,KXBTC15M-26OCT042345-45,0.0110,2.57,no
2026-10-05T03:42:14.037654Z,KXBTC15M-26OCT042345-45,0.0110,0.01,no
2026-10-05T03:42:14.136783Z,KXBTC15M-26OCT042345-45,0.0110,1.00,no
2026-10-05T03:42:14.20134Z,KXBTC15M-26OCT042345-45,0.0110,1.98,no
2026-10-05T03:42:14.20134Z,KXBTC15M-26OCT042345-45,0.0110,0.01,no
2026-10-05T03:42:14.20134Z,KXBTC15M-26OCT042345-45,0.0110,0.01,no
2026-10-05T03:42:14.20134Z,KXBTC15M-26OCT042345-45,0.0100,19.05,no
2026-10-05T03:42:14.20134Z,KXBTC15M-26OCT042345-45,0.0110,11.43,no
2026-10-05T03:42:14.20134Z,KXBTC15M-26OCT042345-45,0.0100,1.15,no
2026-10-05T03:42:14.20134Z,KXBTC15M-26OCT042345-45,0.0100,15.00,no
2026-10-05T03:42:14.290347Z,KXBTC15M-26OCT042345-45,0.0100,14.84,no
2026-10-05T03:42:14.409431Z,KXBTC15M-26OCT042345-45,0.0110,70.00,yes
2026-10-05T03:42:14.409431Z,KXBTC15M-26OCT042345-45,0.0110,0.01,yes
2026-10-05T03:42:14.409431Z,KXBTC15M-26OCT042345-45,0.0110,70.00,yes
2026-10-05T03:42:14.409431Z,KXBTC15M-26OCT042345-45,0.0110,3.88,yes
2026-10-05T03:42:14.409431Z,KXBTC15M-26OCT042345-45,0.0110,12.00,yes
2026-10-05T03:42:14.737719Z,KXBTC15M-26OCT042345-45,0.0100,8.55,no
2026-10-05T03:42:14.821458Z,KXBTC15M-26OCT042345-45,0.0100,227.25,no
2026-10-05T03:42:14.821458Z,KXBTC15M-26OCT042345-45,0.0100,15.00,no
2026-10-05T03:42:14.91602Z,KXBTC15M-26OCT042345-45,0.0110,5.10,yes
2026-10-05T03:42:14.929062Z,KXBTC15M-26OCT042345-45,0.0090,14.98,no
2026-10-05T03:42:14.929062Z,KXBTC15M-26OCT042345-45,0.0090,15.00,no
2026-10-05T03:42:14.929062Z,KXBTC15M-26OCT042345-45,0.0100,15.00,no
2026-10-05T03:42:14.929062Z,KXBTC15M-26OCT042345-45,0.0090,26.64,no
2026-10-05T03:42:14.929062Z,KXBTC15M-26OCT042345-45,0.0100,0.01,no
2026-10-05T03:42:14.929062Z,KXBTC15M-26OCT042345-45,0.0100,50.00,no
2026-10-05T03:42:14.929062Z,KXBTC15M-26OCT042345-45,0.0100,0.01,no
2026-10-05T03:42:14.929062Z,KXBTC15M-26OCT042345-45,0.0090,15.00,no
2026-10-05T03:42:14.935743Z,KXBTC15M-26OCT042345-45,0.0090,565.82,no
2026-10-05T03:42:15.017765Z,KXBTC15M-26OCT042345-45,0.0100,15.02,yes
2026-10-05T03:42:15.017765Z,KXBTC15M-26OCT042345-45,0.0100,70.00,yes
2026-10-05T03:42:15.184406Z,KXBTC15M-26OCT042345-45,0.0080,248.86,no
2026-10-05T03:42:15.184406Z,KXBTC15M-26OCT042345-45,0.0090,302.13,no
2026-10-05T03:42:15.184406Z,KXBTC15M-26OCT042345-45,0.0090,1.00,no
2026-10-05T03:42:15.184406Z,KXBTC15M-26OCT042345-45,0.0090,84.00,no
2026-10-05T03:42:15.184406Z,KXBTC15M-26OCT042345-45,0.0090,0.01,no
2026-10-05T03:42:15.184406Z,KXBTC15M-26OCT042345-45,0.0090,15.00,no
2026-10-05T03:42:15.184406Z,KXBTC15M-26OCT042345-45,0.0090,0.01,no
2026-10-05T03:42:15.184406Z,KXBTC15M-26OCT042345-45,0.0090,400.00,no
2026-10-05T03:42:15.193555Z,KXBTC15M-26OCT042345-45,0.0080,15.00,no
2026-10-05T03:42:15.193555Z,KXBTC15M-26OCT042345-45,0.0080,15.00,no
2026-10-05T03:42:15.193555Z,KXBTC15M-26OCT042345-45,0.0080,15.00,no
2026-10-05T03:42:15.193555Z,KXBTC15M-26OCT042345-45,0.0080,15.00,no
2026-10-05T03:42:15.193555Z,KXBTC15M-26OCT042345-45,0.0080,1.53,no
2026-10-05T03:42:15.193555Z,KXBTC15M-26OCT042345-45,0.0090,0.01,no
2026-10-05T03:42:15.23896Z,KXBTC15M-26OCT042345-45,0.0080,6.91,no
2026-10-05T03:42:15.299327Z,KXBTC15M-26OCT042345-45,0.0080,23.61,no
2026-10-05T03:42:15.315364Z,KXBTC15M-26OCT042345-45,0.0090,16.89,yes
2026-10-05T03:42:15.37926Z,KXBTC15M-26OCT042345-45,0.0090,53.11,yes
2026-10-05T03:42:15.37926Z,KXBTC15M-26OCT042345-45,0.0090,0.01,yes
2026-10-05T03:42:15.37926Z,KXBTC15M-26OCT042345-45,0.0090,0.01,yes
2026-10-05T03:42:15.37926Z,KXBTC15M-26OCT042345-45,0.0090,133.90,yes
2026-10-05T03:42:15.382818Z,KXBTC15M-26OCT042345-45,0.0090,66.10,yes
2026-10-05T03:42:15.382818Z,KXBTC15M-26OCT042345-45,0.0090,450.79,yes
2026-10-05T03:42:15.576669Z,KXBTC15M-26OCT042345-45,0.0080,9.88,no
2026-10-05T03:42:15.773556Z,KXBTC15M-26OCT042345-45,0.0080,10.07,no
2026-10-05T03:42:15.896918Z,KXBTC15M-26OCT042345-45,0.0080,23.26,no
2026-10-05T03:42:16.043516Z,KXBTC15M-26OCT042345-45,0.0090,203.65,yes
2026-10-05T03:42:16.052669Z,KXBTC15M-26OCT042345-45,0.0090,101.83,yes
2026-10-05T03:42:16.113052Z,KXBTC15M-26OCT042345-45,0.0100,680.70,yes
2026-10-05T03:42:16.113052Z,KXBTC15M-26OCT042345-45,0.0100,34.98,yes
2026-10-05T03:42:16.113052Z,KXBTC15M-26OCT042345-45,0.0090,0.01,yes
2026-10-05T03:42:16.113052Z,KXBTC15M-26OCT042345-45,0.0090,15.00,yes
2026-10-05T03:42:16.113052Z,KXBTC15M-26OCT042345-45,0.0090,15.00,yes
2026-10-05T03:42:16.113052Z,KXBTC15M-26OCT042345-45,0.0090,1241.71,yes
2026-10-05T03:42:16.113052Z,KXBTC15M-26OCT042345-45,0.0090,0.01,yes
2026-10-05T03:42:16.247841Z,KXBTC15M-26OCT042345-45,0.0090,0.01,yes
2026-10-05T03:42:16.247841Z,KXBTC15M-26OCT042345-45,0.0090,0.01,yes
2026-10-05T03:42:16.247841Z,KXBTC15M-26OCT042345-45,0.0110,18.34,yes
2026-10-05T03:42:16.247841Z,KXBTC15M-26OCT042345-45,0.0100,50.00,yes
2026-10-05T03:42:16.247841Z,KXBTC15M-26OCT042345-45,0.0090,15.00,yes
2026-10-05T03:42:16.247841Z,KXBTC15M-26OCT042345-45,0.0100,11.00,yes
2026-10-05T03:42:16.247841Z,KXBTC15M-26OCT042345-45,0.0110,100.00,yes
2026-10-05T03:42:16.247841Z,KXBTC15M-26OCT042345-45,0.0100,15.00,yes
2026-10-05T03:42:16.247841Z,KXBTC15M-26OCT042345-45,0.0110,15.00,yes
2026-10-05T03:42:16.247841Z,KXBTC15M-26OCT042345-45,0.0110,15.00,yes
2026-10-05T03:42:16.318374Z,KXBTC15M-26OCT042345-45,0.0090,70.00,no
2026-10-05T03:42:16.318374Z,KXBTC15M-26OCT042345-45,0.0090,70.00,no
2026-10-05T03:42:16.318374Z,KXBTC15M-26OCT042345-45,0.0090,70.00,no
2026-10-05T03:42:16.318374Z,KXBTC15M-26OCT042345-45,0.0090,26.11,no
2026-10-05T03:42:16.462582Z,KXBTC15M-26OCT042345-45,0.0090,200.00,no
2026-10-05T03:42:16.462582Z,KXBTC15M-26OCT042345-45,0.0090,0.01,no
2026-10-05T03:42:16.462582Z,KXBTC15M-26OCT042345-45,0.0090,0.01,no
2026-10-05T03:42:16.462582Z,KXBTC15M-26OCT042345-45,0.0090,70.00,no
2026-10-05T03:42:16.462582Z,KXBTC15M-26OCT042345-45,0.0090,43.89,no
2026-10-05T03:42:16.462582Z,KXBTC15M-26OCT042345-45,0.0090,18.00,no
2026-10-05T03:42:16.462582Z,KXBTC15M-26OCT042345-45,0.0090,668.09,no
2026-10-05T03:42:16.464066Z,KXBTC15M-26OCT042345-45,0.0090,0.02,no
2026-10-05T03:42:16.465077Z,KXBTC15M-26OCT042345-45,0.0090,0.02,no
2026-10-05T03:42:16.465713Z,KXBTC15M-26OCT042345-45,0.0090,0.02,no
2026-10-05T03:42:16.613594Z,KXBTC15M-26OCT042345-45,0.0100,0.01,yes
2026-10-05T03:42:16.613594Z,KXBTC15M-26OCT042345-45,0.0100,50.00,yes
2026-10-05T03:42:16.613594Z,KXBTC15M-26OCT042345-45,0.0100,10.00,yes
2026-10-05T03:42:16.613594Z,KXBTC15M-26OCT042345-45,0.0100,0.01,yes
2026-10-05T03:42:16.613594Z,KXBTC15M-26OCT042345-45,0.0100,15.00,yes
2026-10-05T03:42:16.613594Z,KXBTC15M-26OCT042345-45,0.0100,24.98,yes
2026-10-05T03:42:16.662385Z,KXBTC15M-26OCT042345-45,0.0100,187.44,yes
2026-10-05T03:42:16.680425Z,KXBTC15M-26OCT042345-45,0.0090,1.00,no
2026-10-05T03:42:16.680425Z,KXBTC15M-26OCT042345-45,0.0090,0.01,no
2026-10-05T03:42:16.680425Z,KXBTC15M-26OCT042345-45,0.0090,15.00,no
2026-10-05T03:42:16.680425Z,KXBTC15M-26OCT042345-45,0.0090,15.00,no
2026-10-05T03:42:16.680425Z,KXBTC15M-26OCT042345-45,0.0080,15.00,no
2026-10-05T03:42:16.680425Z,KXBTC15M-26OCT042345-45,0.0080,241.98,no
2026-10-05T03:42:16.680425Z,KXBTC15M-26OCT042345-45,0.0090,0.01,no
2026-10-05T03:42:16.680425Z,KXBTC15M-26OCT042345-45,0.0080,15.00,no
2026-10-05T03:42:16.680425Z,KXBTC15M-26OCT042345-45,0.0080,15.00,no
2026-10-05T03:42:16.833668Z,KXBTC15M-26OCT042345-45,0.0090,0.01,no
2026-10-05T03:42:16.833668Z,KXBTC15M-26OCT042345-45,0.0090,0.01,no
2026-10-05T03:42:16.833668Z,KXBTC15M-26OCT042345-45,0.0080,4.98,no
2026-10-05T03:42:16.862139Z,KXBTC15M-26OCT042345-45,0.0090,0.01,no
2026-10-05T03:42:16.862139Z,KXBTC15M-26OCT042345-45,0.0090,0.01,no
2026-10-05T03:42:16.862139Z,KXBTC15M-26OCT042345-45,0.0080,70.72,no
2026-10-05T03:42:17.145797Z,KXBTC15M-26OCT042345-45,0.0070,98.00,no
2026-10-05T03:42:17.145797Z,KXBTC15M-26OCT042345-45,0.0080,17.00,no
2026-10-05T03:42:17.145797Z,KXBTC15M-26OCT042345-45,0.0070,200.00,no
2026-10-05T03:42:17.145797Z,KXBTC15M-26OCT042345-45,0.0080,15.00,no
2026-10-05T03:42:17.145797Z,KXBTC15M-26OCT042345-45,0.0070,552.00,no
2026-10-05T03:42:17.145797Z,KXBTC15M-26OCT042345-45,0.0080,0.01,no
2026-10-05T03:42:17.145797Z,KXBTC15M-26OCT042345-45,0.0070,1.00,no
2026-10-05T03:42:17.145797Z,KXBTC15M-26OCT042345-45,0.0080,0.01,no
2026-10-05T03:42:17.145797Z,KXBTC15M-26OCT042345-45,0.0060,214.95,no
2026-10-05T03:42:17.272372Z,KXBTC15M-26OCT042345-45,0.0090,14.26,yes
2026-10-05T03:42:17.347191Z,KXBTC15M-26OCT042345-45,0.0070,150.00,no
2026-10-05T03:42:17.355316Z,KXBTC15M-26OCT042345-45,0.0070,26.67,no
2026-10-05T03:42:17.355316Z,KXBTC15M-26OCT042345-45,0.0070,467.00,no
2026-10-05T03:42:17.422656Z,KXBTC15M-26OCT042345-45,0.0070,71.33,no
2026-10-05T03:42:17.422656Z,KXBTC15M-26OCT042345-45,0.0070,16.00,no
2026-10-05T03:42:17.42978Z,KXBTC15M-26OCT042345-45,0.0070,20.00,no
2026-10-05T03:42:17.432019Z,KXBTC15M-26OCT042345-45,0.0070,86.87,no
2026-10-05T03:42:17.468998Z,KXBTC15M-26OCT042345-45,0.0090,9.26,yes
2026-10-05T03:42:17.468998Z,KXBTC15M-26OCT042345-45,0.0090,0.74,yes
2026-10-05T03:42:17.513702Z,KXBTC15M-26OCT042345-45,0.0120,100.00,yes
2026-10-05T03:42:17.513702Z,KXBTC15M-26OCT042345-45,0.0130,15.00,yes
2026-10-05T03:42:17.513702Z,KXBTC15M-26OCT042345-45,0.0130,241.05,yes
2026-10-05T03:42:17.513702Z,KXBTC15M-26OCT042345-45,0.0120,15.00,yes
2026-10-05T03:42:17.513702Z,KXBTC15M-26OCT042345-45,0.0150,119.90,yes
2026-10-05T03:42:17.513702Z,KXBTC15M-26OCT042345-45,0.0150,64.00,yes
2026-10-05T03:42:17.513702Z,KXBTC15M-26OCT042345-45,0.0140,13.00,yes
2026-10-05T03:42:17.513702Z,KXBTC15M-26OCT042345-45,0.0090,0.01,yes
2026-10-05T03:42:17.513702Z,KXBTC15M-26OCT042345-45,0.0110,3395.00,yes
2026-10-05T03:42:17.513702Z,KXBTC15M-26OCT042345-45,0.0130,2.00,yes
2026-10-05T03:42:17.513702Z,KXBTC15M-26OCT042345-45,0.0090,14.85,yes
2026-10-05T03:42:17.513702Z,KXBTC15M-26OCT042345-45,0.0090,1.74,yes
2026-10-05T03:42:17.513702Z,KXBTC15M-26OCT042345-45,0.0100,50.00,yes
2026-10-05T03:42:17.513702Z,KXBTC15M-26OCT042345-45,0.0090,0.01,yes
2026-10-05T03:42:17.513702Z,KXBTC15M-26OCT042345-45,0.0090,15.00,yes
2026-10-05T03:42:17.513702Z,KXBTC15M-26OCT042345-45,0.0090,123.00,yes
2026-10-05T03:42:17.513702Z,KXBTC15M-26OCT042345-45,0.0090,1.00,yes
2026-10-05T03:42:17.513702Z,KXBTC15M-26OCT042345-45,0.0090,156.00,yes
2026-10-05T03:42:17.513702Z,KXBTC15M-26OCT042345-45,0.0110,1.00,yes
2026-10-05T03:42:17.513702Z,KXBTC15M-26OCT042345-45,0.0110,15.00,yes
2026-10-05T03:42:17.513702Z,KXBTC15M-26OCT042345-45,0.0100,216.00,yes
2026-10-05T03:42:17.513702Z,KXBTC15M-26OCT042345-45,0.0100,1000.00,yes
2026-10-05T03:42:17.513702Z,KXBTC15M-26OCT042345-45,0.0140,1.00,yes
2026-10-05T03:42:17.513702Z,KXBTC15M-26OCT042345-45,0.0100,200.00,yes
2026-10-05T03:42:17.513702Z,KXBTC15M-26OCT042345-45,0.0090,214.95,yes
2026-10-05T03:42:17.513702Z,KXBTC15M-26OCT042345-45,0.0130,1.00,yes
2026-10-05T03:42:17.513702Z,KXBTC15M-26OCT042345-45,0.0090,200.00,yes
2026-10-05T03:42:17.513702Z,KXBTC15M-26OCT042345-45,0.0100,1.00,yes
2026-10-05T03:42:17.513702Z,KXBTC15M-26OCT042345-45,0.0120,1.00,yes
2026-10-05T03:42:17.513702Z,KXBTC15M-26OCT042345-45,0.0090,1.00,yes
2026-10-05T03:42:17.513702Z,KXBTC15M-26OCT042345-45,0.0140,708.00,yes
2026-10-05T03:42:17.513702Z,KXBTC15M-26OCT042345-45,0.0090,15.00,yes
2026-10-05T03:42:17.513702Z,KXBTC15M-26OCT042345-45,0.0140,10.00,yes
2026-10-05T03:42:17.513702Z,KXBTC15M-26OCT042345-45,0.0150,15.00,yes
2026-10-05T03:42:17.513702Z,KXBTC15M-26OCT042345-45,0.0140,97.00,yes
2026-10-05T03:42:17.513702Z,KXBTC15M-26OCT042345-45,0.0150,1.00,yes
2026-10-05T03:42:17.513702Z,KXBTC15M-26OCT042345-45,0.0140,2.00,yes
2026-10-05T03:42:17.513702Z,KXBTC15M-26OCT042345-45,0.0150,1000.00,yes
2026-10-05T03:42:17.513702Z,KXBTC15M-26OCT042345-45,0.0150,2.00,yes
2026-10-05T03:42:17.513702Z,KXBTC15M-26OCT042345-45,0.0150,15.00,yes
2026-10-05T03:42:17.543569Z,KXBTC15M-26OCT042345-45,0.0090,0.01,yes
2026-10-05T03:42:17.543569Z,KXBTC15M-26OCT042345-45,0.0090,0.01,yes
2026-10-05T03:42:17.62908Z,KXBTC15M-26OCT042345-45,0.0080,50.24,no
2026-10-05T03:42:17.62908Z,KXBTC15M-26OCT042345-45,0.0080,17.00,no
2026-10-05T03:42:17.62908Z,KXBTC15M-26OCT042345-45,0.0080,2.00,no
2026-10-05T03:42:17.62908Z,KXBTC15M-26OCT042345-45,0.0080,15.00,no
2026-10-05T03:42:17.62908Z,KXBTC15M-26OCT042345-45,0.0080,1.00,no
2026-10-05T03:42:17.62908Z,KXBTC15M-26OCT042345-45,0.0080,15.00,no
2026-10-05T03:42:17.645323Z,KXBTC15M-26OCT042345-45,0.0080,78.99,no
2026-10-05T03:42:17.83589Z,KXBTC15M-26OCT042345-45,0.0090,15.00,yes
2026-10-05T03:42:17.83589Z,KXBTC15M-26OCT042345-45,0.0090,0.01,yes
2026-10-05T03:42:17.83589Z,KXBTC15M-26OCT042345-45,0.0090,1.00,yes
2026-10-05T03:42:17.83589Z,KXBTC15M-26OCT042345-45,0.0090,0.01,yes
2026-10-05T03:42:17.83589Z,KXBTC15M-26OCT042345-45,0.0090,10.00,yes
2026-10-05T03:42:18.026832Z,KXBTC15M-26OCT042345-45,0.0100,50.00,yes
2026-10-05T03:42:18.026832Z,KXBTC15M-26OCT042345-45,0.0100,42.61,yes
2026-10-05T03:42:18.196649Z,KXBTC15M-26OCT042345-45,0.0100,7.50,yes
2026-10-05T03:42:18.200681Z,KXBTC15M-26OCT042345-45,0.0100,47.49,yes
2026-10-05T03:42:18.281019Z,KXBTC15M-26OCT042345-45,0.0100,90.95,yes
2026-10-05T03:42:18.298899Z,KXBTC15M-26OCT042345-45,0.0100,58.66,yes
2026-10-05T03:42:18.298899Z,KXBTC15M-26OCT042345-45,0.0100,0.01,yes
2026-10-05T03:42:18.298899Z,KXBTC15M-26OCT042345-45,0.0100,11.45,yes
2026-10-05T03:42:18.298899Z,KXBTC15M-26OCT042345-45,0.0100,0.01,yes
2026-10-05T03:42:18.50005Z,KXBTC15M-26OCT042345-45,0.0100,1.00,yes
2026-10-05T03:42:18.50005Z,KXBTC15M-26OCT042345-45,0.0100,49.76,yes
2026-10-05T03:42:18.50005Z,KXBTC15M-26OCT042345-45,0.0100,15.00,yes
2026-10-05T03:42:18.589754Z,KXBTC15M-26OCT042345-45,0.0100,186.12,yes
2026-10-05T03:42:18.689273Z,KXBTC15M-26OCT042345-45,0.0090,70.00,no
2026-10-05T03:42:18.689273Z,KXBTC15M-26OCT042345-45,0.0090,70.00,no
2026-10-05T03:42:18.689273Z,KXBTC15M-26OCT042345-45,0.0090,70.00,no
2026-10-05T03:42:18.689273Z,KXBTC15M-26OCT042345-45,0.0090,53.37,no
2026-10-05T03:42:18.689273Z,KXBTC15M-26OCT042345-45,0.0090,70.00,no
2026-10-05T03:42:18.689273Z,KXBTC15M-26OCT042345-45,0.0090,70.00,no
2026-10-05T03:42:18.859813Z,KXBTC15M-26OCT042345-45,0.0100,0.93,yes
2026-10-05T03:42:18.869066Z,KXBTC15M-26OCT042345-45,0.0100,50.00,yes
2026-10-05T03:42:19.17568Z,KXBTC15M-26OCT042345-45,0.0100,15.00,yes
2026-10-05T03:42:19.17568Z,KXBTC15M-26OCT042345-45,0.0100,0.01,yes
2026-10-05T03:42:19.17568Z,KXBTC15M-26OCT042345-45,0.0100,0.01,yes
2026-10-05T03:42:19.17568Z,KXBTC15M-26OCT042345-45,0.0100,50.00,yes
2026-10-05T03:42:19.17568Z,KXBTC15M-26OCT042345-45,0.0100,1.00,yes
2026-10-05T03:42:19.17568Z,KXBTC15M-26OCT042345-45,0.0100,584.22,yes
2026-10-05T03:42:19.17568Z,KXBTC15M-26OCT042345-45,0.0110,477.91,yes
2026-10-05T03:42:19.17568Z,KXBTC15M-26OCT042345-45,0.0100,1.00,yes
2026-10-05T03:42:19.17568Z,KXBTC15M-26OCT042345-45,0.0110,15.00,yes
2026-10-05T03:42:19.17568Z,KXBTC15M-26OCT042345-45,0.0100,18.00,yes
2026-10-05T03:42:19.17568Z,KXBTC15M-26OCT042345-45,0.0100,113.19,yes
2026-10-05T03:42:19.311048Z,KXBTC15M-26OCT042345-45,0.0110,15.00,yes
2026-10-05T03:42:19.311048Z,KXBTC15M-26OCT042345-45,0.0110,82.99,yes
2026-10-05T03:42:19.311048Z,KXBTC15M-26OCT042345-45,0.0110,0.01,yes
2026-10-05T03:42:19.311048Z,KXBTC15M-26OCT042345-45,0.0110,0.01,yes
2026-10-05T03:42:19.332381Z,KXBTC15M-26OCT042345-45,0.0100,0.01,no
2026-10-05T03:42:19.332381Z,KXBTC15M-26OCT042345-45,0.0100,16.00,no
2026-10-05T03:42:19.332381Z,KXBTC15M-26OCT042345-45,0.0100,0.01,no
2026-10-05T03:42:19.332381Z,KXBTC15M-26OCT042345-45,0.0100,13.98,no
2026-10-05T03:42:19.332381Z,KXBTC15M-26OCT042345-45,0.0100,50.00,no
2026-10-05T03:42:19.35755Z,KXBTC15M-26OCT042345-45,0.0100,112.94,no
2026-10-05T03:42:19.360903Z,KXBTC15M-26OCT042345-45,0.0110,0.01,yes
2026-10-05T03:42:19.360903Z,KXBTC15M-26OCT042345-45,0.0110,0.01,yes
2026-10-05T03:42:19.360903Z,KXBTC15M-26OCT042345-45,0.0120,820.85,yes
2026-10-05T03:42:19.360903Z,KXBTC15M-26OCT042345-45,0.0110,15.00,yes
2026-10-05T03:42:19.360903Z,KXBTC15M-26OCT042345-45,0.0110,25.00,yes
2026-10-05T03:42:19.360903Z,KXBTC15M-26OCT042345-45,0.0110,400.00,yes
2026-10-05T03:42:19.69845Z,KXBTC15M-26OCT042345-45,0.0110,0.20,no
2026-10-05T03:42:19.763887Z,KXBTC15M-26OCT042345-45,0.0120,0.01,yes
2026-10-05T03:42:19.763887Z,KXBTC15M-26OCT042345-45,0.0120,0.01,yes
2026-10-05T03:42:19.763887Z,KXBTC15M-26OCT042345-45,0.0120,25.39,yes
2026-10-05T03:42:19.872891Z,KXBTC15M-26OCT042345-45,0.0120,2.81,yes
2026-10-05T03:42:19.981538Z,KXBTC15M-26OCT042345-45,0.0110,305.18,no
2026-10-05T03:42:19.981538Z,KXBTC15M-26OCT042345-45,0.0110,198.77,no
2026-10-05T03:42:19.981538Z,KXBTC15M-26OCT042345-45,0.0110,0.01,no
2026-10-05T03:42:19.981538Z,KXBTC15M-26OCT042345-45,0.0110,0.01,no
2026-10-05T03:42:19.981538Z,KXBTC15M-26OCT042345-45,0.0110,1.00,no
2026-10-05T03:42:19.986336Z,KXBTC15M-26OCT042345-45,0.0110,9.19,no
2026-10-05T03:42:20.101477Z,KXBTC15M-26OCT042345-45,0.0110,58.44,no
2026-10-05T03:42:20.238492Z,KXBTC15M-26OCT042345-45,0.0110,3.03,no
2026-10-05T03:42:20.240282Z,KXBTC15M-26OCT042345-45,0.0110,227.16,no
2026-10-05T03:42:20.257076Z,KXBTC15M-26OCT042345-45,0.0110,73.90,no
2026-10-05T03:42:20.3736Z,KXBTC15M-26OCT042345-45,0.0110,1.96,no
2026-10-05T03:42:20.416672Z,KXBTC15M-26OCT042345-45,0.0120,13.25,yes
2026-10-05T03:42:20.46135Z,KXBTC15M-26OCT042345-45,0.0110,20.20,no
2026-10-05T03:42:20.496372Z,KXBTC15M-26OCT042345-45,0.0110,12.00,no
2026-10-05T03:42:20.531895Z,KXBTC15M-26OCT042345-45,0.0110,112.80,no
2026-10-05T03:42:20.540698Z,KXBTC15M-26OCT042345-45,0.0110,100.93,no
2026-10-05T03:42:20.653974Z,KXBTC15M-26OCT042345-45,0.0110,8.08,no
2026-10-05T03:42:20.770664Z,KXBTC15M-26OCT042345-45,0.0110,85.02,no
2026-10-05T03:42:20.877887Z,KXBTC15M-26OCT042345-45,0.0110,86.52,no
2026-10-05T03:42:20.877887Z,KXBTC15M-26OCT042345-45,0.0110,0.01,no
2026-10-05T03:42:20.877887Z,KXBTC15M-26OCT042345-45,0.0100,12.46,no
2026-10-05T03:42:20.877887Z,KXBTC15M-26OCT042345-45,0.0110,0.01,no
2026-10-05T03:42:21.129013Z,KXBTC15M-26OCT042345-45,0.0110,7.79,yes
2026-10-05T03:42:21.181506Z,KXBTC15M-26OCT042345-45,0.0100,15.00,no
2026-10-05T03:42:21.181506Z,KXBTC15M-26OCT042345-45,0.0100,47.29,no
2026-10-05T03:42:21.402927Z,KXBTC15M-26OCT042345-45,0.0110,54.56,yes
2026-10-05T03:42:21.458389Z,KXBTC15M-26OCT042345-45,0.0110,7.65,yes
2026-10-05T03:42:21.458389Z,KXBTC15M-26OCT042345-45,0.0110,70.00,yes
2026-10-05T03:42:21.458389Z,KXBTC15M-26OCT042345-45,0.0110,7.37,yes
2026-10-05T03:42:21.539312Z,KXBTC15M-26OCT042345-45,0.0110,0.01,yes
2026-10-05T03:42:21.539312Z,KXBTC15M-26OCT042345-45,0.0110,0.01,yes
2026-10-05T03:42:21.539312Z,KXBTC15M-26OCT042345-45,0.0110,10.53,yes
2026-10-05T03:42:21.539312Z,KXBTC15M-26OCT042345-45,0.0110,20.63,yes
2026-10-05T03:42:21.747114Z,KXBTC15M-26OCT042345-45,0.0100,15.00,no
2026-10-05T03:42:21.747114Z,KXBTC15M-26OCT042345-45,0.0100,0.01,no
2026-10-05T03:42:21.747114Z,KXBTC15M-26OCT042345-45,0.0100,0.01,no
2026-10-05T03:42:21.747114Z,KXBTC15M-26OCT042345-45,0.0100,151.73,no
2026-10-05T03:42:21.747114Z,KXBTC15M-26OCT042345-45,0.0100,15.00,no
2026-10-05T03:42:21.747114Z,KXBTC15M-26OCT042345-45,0.0100,2.71,no
2026-10-05T03:42:21.750693Z,KXBTC15M-26OCT042345-45,0.0100,397.27,no
2026-10-05T03:42:21.750693Z,KXBTC15M-26OCT042345-45,0.0090,625.07,no
2026-10-05T03:42:21.750693Z,KXBTC15M-26OCT042345-45,0.0100,1.00,no
2026-10-05T03:42:21.750693Z,KXBTC15M-26OCT042345-45,0.0090,14.98,no
2026-10-05T03:42:21.750693Z,KXBTC15M-26OCT042345-45,0.0090,15.00,no
2026-10-05T03:42:21.750693Z,KXBTC15M-26OCT042345-45,0.0090,15.00,no
2026-10-05T03:42:21.750693Z,KXBTC15M-26OCT042345-45,0.0090,15.00,no
2026-10-05T03:42:21.750693Z,KXBTC15M-26OCT042345-45,0.0090,15.00,no
2026-10-05T03:42:21.750693Z,KXBTC15M-26OCT042345-45,0.0090,15.00,no
2026-10-05T03:42:21.762338Z,KXBTC15M-26OCT042345-45,0.0090,0.36,no
2026-10-05T03:42:21.812491Z,KXBTC15M-26OCT042345-45,0.0100,10.53,yes
2026-10-05T03:42:22.349645Z,KXBTC15M-26OCT042345-45,0.0090,0.01,no
2026-10-05T03:42:22.349645Z,KXBTC15M-26OCT042345-45,0.0080,8.37,no
2026-10-05T03:42:22.349645Z,KXBTC15M-26OCT042345-45,0.0090,0.01,no
2026-10-05T03:42:22.349645Z,KXBTC15M-26OCT042345-45,0.0090,15.00,no
2026-10-05T03:42:22.349645Z,KXBTC15M-26OCT042345-45,0.0080,15.00,no
2026-10-05T03:42:22.498058Z,KXBTC15M-26OCT042345-45,0.0080,9.88,no
2026-10-05T03:42:22.551464Z,KXBTC15M-26OCT042345-45,0.0090,10.21,yes
2026-10-05T03:42:22.551464Z,KXBTC15M-26OCT042345-45,0.0090,15.00,yes
2026-10-05T03:42:22.551464Z,KXBTC15M-26OCT042345-45,0.0090,0.01,yes
2026-10-05T03:42:22.551464Z,KXBTC15M-26OCT042345-45,0.0090,0.01,yes
2026-10-05T03:42:22.560449Z,KXBTC15M-26OCT042345-45,0.0080,0.02,no
2026-10-05T03:42:22.565911Z,KXBTC15M-26OCT042345-45,0.0080,0.02,no
2026-10-05T03:42:22.628216Z,KXBTC15M-26OCT042345-45,0.0090,420.32,yes
2026-10-05T03:42:22.628216Z,KXBTC15M-26OCT042345-45,0.0090,4.79,yes
2026-10-05T03:42:22.729233Z,KXBTC15M-26OCT042345-45,0.0080,15.00,no
2026-10-05T03:42:22.729233Z,KXBTC15M-26OCT042345-45,0.0080,0.01,no
2026-10-05T03:42:22.729233Z,KXBTC15M-26OCT042345-45,0.0080,0.01,no
2026-10-05T03:42:22.729233Z,KXBTC15M-26OCT042345-45,0.0080,15.00,no
2026-10-05T03:42:22.729233Z,KXBTC15M-26OCT042345-45,0.0070,0.89,no
2026-10-05T03:42:22.739658Z,KXBTC15M-26OCT042345-45,0.0070,2.89,no
2026-10-05T03:42:22.739658Z,KXBTC15M-26OCT042345-45,0.0070,97.11,no
2026-10-05T03:42:22.802999Z,KXBTC15M-26OCT042345-45,0.0080,36.33,yes
2026-10-05T03:42:22.846314Z,KXBTC15M-26OCT042345-45,0.0080,70.00,yes
2026-10-05T03:42:22.846314Z,KXBTC15M-26OCT042345-45,0.0080,70.00,yes
2026-10-05T03:42:22.846314Z,KXBTC15M-26OCT042345-45,0.0080,70.00,yes
2026-10-05T03:42:22.846314Z,KXBTC15M-26OCT042345-45,0.0080,146.80,yes
2026-10-05T03:42:22.846314Z,KXBTC15M-26OCT042345-45,0.0080,70.00,yes
2026-10-05T03:42:22.846314Z,KXBTC15M-26OCT042345-45,0.0080,33.67,yes
2026-10-05T03:42:22.846314Z,KXBTC15M-26OCT042345-45,0.0080,0.01,yes
2026-10-05T03:42:22.846314Z,KXBTC15M-26OCT042345-45,0.0080,0.01,yes
2026-10-05T03:42:22.846314Z,KXBTC15M-26OCT042345-45,0.0080,10.00,yes
2026-10-05T03:42:22.906783Z,KXBTC15M-26OCT042345-45,0.0080,9.35,yes
2026-10-05T03:42:22.954873Z,KXBTC15M-26OCT042345-45,0.0080,36.33,yes
2026-10-05T03:42:22.957922Z,KXBTC15M-26OCT042345-45,0.0070,11.85,no
2026-10-05T03:42:23.033157Z,KXBTC15M-26OCT042345-45,0.0080,36.33,yes
2026-10-05T03:42:23.092701Z,KXBTC15M-26OCT042345-45,0.0070,11.85,no
2026-10-05T03:42:23.092701Z,KXBTC15M-26OCT042345-45,0.0070,0.01,no
2026-10-05T03:42:23.092701Z,KXBTC15M-26OCT042345-45,0.0070,20.67,no
2026-10-05T03:42:23.092701Z,KXBTC15M-26OCT042345-45,0.0070,0.01,no
2026-10-05T03:42:23.092701Z,KXBTC15M-26OCT042345-45,0.0070,2.89,no
2026-10-05T03:42:23.092701Z,KXBTC15M-26OCT042345-45,0.0070,15.00,no
2026-10-05T03:42:23.092701Z,KXBTC15M-26OCT042345-45,0.0070,36.19,no
2026-10-05T03:42:23.092701Z,KXBTC15M-26OCT042345-45,0.0070,0.26,no
2026-10-05T03:42:23.101483Z,KXBTC15M-26OCT042345-45,0.0080,36.33,yes
2026-10-05T03:42:23.174757Z,KXBTC15M-26OCT042345-45,0.0070,0.01,no
2026-10-05T03:42:23.174757Z,KXBTC15M-26OCT042345-45,0.0070,15.00,no
2026-10-05T03:42:23.174757Z,KXBTC15M-26OCT042345-45,0.0070,0.01,no
2026-10-05T03:42:23.174757Z,KXBTC15M-26OCT042345-45,0.0060,22.24,no
2026-10-05T03:42:23.179476Z,KXBTC15M-26OCT042345-45,0.0080,13.06,yes
2026-10-05T03:42:23.186823Z,KXBTC15M-26OCT042345-45,0.0080,26.32,yes
2026-10-05T03:42:23.186823Z,KXBTC15M-26OCT042345-45,0.0070,10.00,yes
2026-10-05T03:42:23.186823Z,KXBTC15M-26OCT042345-45,0.0070,0.01,yes
2026-10-05T03:42:23.284177Z,KXBTC15M-26OCT042345-45,0.0070,0.01,yes
2026-10-05T03:42:23.284177Z,KXBTC15M-26OCT042345-45,0.0070,0.01,yes
2026-10-05T03:42:23.284177Z,KXBTC15M-26OCT042345-45,0.0070,14.97,yes
2026-10-05T03:42:23.284177Z,KXBTC15M-26OCT042345-45,0.0070,0.01,yes
2026-10-05T03:42:23.319215Z,KXBTC15M-26OCT042345-45,0.0060,1.01,no
2026-10-05T03:42:23.319215Z,KXBTC15M-26OCT042345-45,0.0060,1.00,no
2026-10-05T03:42:23.319215Z,KXBTC15M-26OCT042345-45,0.0060,1830.00,no
2026-10-05T03:42:23.319215Z,KXBTC15M-26OCT042345-45,0.0060,500.00,no
2026-10-05T03:42:23.319215Z,KXBTC15M-26OCT042345-45,0.0060,20.00,no
2026-10-05T03:42:23.319215Z,KXBTC15M-26OCT042345-45,0.0060,15.00,no
2026-10-05T03:42:23.319215Z,KXBTC15M-26OCT042345-45,0.0060,500.00,no
2026-10-05T03:42:23.319215Z,KXBTC15M-26OCT042345-45,0.0060,0.01,no
2026-10-05T03:42:23.319215Z,KXBTC15M-26OCT042345-45,0.0060,0.01,no
2026-10-05T03:42:23.319215Z,KXBTC15M-26OCT042345-45,0.0060,1047.00,no
2026-10-05T03:42:23.319215Z,KXBTC15M-26OCT042345-45,0.0060,10.00,no
2026-10-05T03:42:23.319215Z,KXBTC15M-26OCT042345-45,0.0060,1280.00,no
2026-10-05T03:42:23.319215Z,KXBTC15M-26OCT042345-45,0.0060,120.00,no
2026-10-05T03:42:23.319215Z,KXBTC15M-26OCT042345-45,0.0060,1280.00,no
2026-10-05T03:42:23.319215Z,KXBTC15M-26OCT042345-45,0.0060,966.71,no
2026-10-05T03:42:23.319215Z,KXBTC15M-26OCT042345-45,0.0060,1230.00,no
2026-10-05T03:42:23.319215Z,KXBTC15M-26OCT042345-45,0.0050,1203.30,no
2026-10-05T03:42:23.319215Z,KXBTC15M-26OCT042345-45,0.0060,50.00,no
2026-10-05T03:42:23.330656Z,KXBTC15M-26OCT042345-45,0.0070,1.82,yes
2026-10-05T03:42:23.330656Z,KXBTC15M-26OCT042345-45,0.0070,0.03,yes
2026-10-05T03:42:23.353483Z,KXBTC15M-26OCT042345-45,0.0050,17.93,no
2026-10-05T03:42:23.353883Z,KXBTC15M-26OCT042345-45,0.0060,88.88,yes
2026-10-05T03:42:23.353883Z,KXBTC15M-26OCT042345-45,0.0060,0.01,yes
2026-10-05T03:42:23.353883Z,KXBTC15M-26OCT042345-45,0.0060,15.00,yes
2026-10-05T03:42:23.353883Z,KXBTC15M-26OCT042345-45,0.0060,0.01,yes
2026-10-05T03:42:23.353883Z,KXBTC15M-26OCT042345-45,0.0060,0.01,yes
2026-10-05T03:42:23.440394Z,KXBTC15M-26OCT042345-45,0.0060,58.44,yes
2026-10-05T03:42:23.445925Z,KXBTC15M-26OCT042345-45,0.0060,116.88,yes
2026-10-05T03:42:23.490124Z,KXBTC15M-26OCT042345-45,0.0060,0.01,yes
2026-10-05T03:42:23.490124Z,KXBTC15M-26OCT042345-45,0.0060,48.18,yes
2026-10-05T03:42:23.490124Z,KXBTC15M-26OCT042345-45,0.0060,15.00,yes
2026-10-05T03:42:23.490124Z,KXBTC15M-26OCT042345-45,0.0060,401.80,yes
2026-10-05T03:42:23.490124Z,KXBTC15M-26OCT042345-45,0.0060,0.01,yes
2026-10-05T03:42:23.490124Z,KXBTC15M-26OCT042345-45,0.0060,1.00,yes
2026-10-05T03:42:23.503099Z,KXBTC15M-26OCT042345-45,0.0060,5.00,yes
2026-10-05T03:42:23.5794Z,KXBTC15M-26OCT042345-45,0.0060,116.88,yes
2026-10-05T03:42:23.611465Z,KXBTC15M-26OCT042345-45,0.0060,38.35,yes
2026-10-05T03:42:23.638574Z,KXBTC15M-26OCT042345-45,0.0060,108.00,yes
2026-10-05T03:42:23.717756Z,KXBTC15M-26OCT042345-45,0.0060,92.01,yes
2026-10-05T03:42:23.765116Z,KXBTC15M-26OCT042345-45,0.0050,18.91,no
2026-10-05T03:42:23.834455Z,KXBTC15M-26OCT042345-45,0.0060,300.00,yes
2026-10-05T03:42:23.88285Z,KXBTC15M-26OCT042345-45,0.0050,0.02,no
2026-10-05T03:42:23.953006Z,KXBTC15M-26OCT042345-45,0.0060,152.71,yes
2026-10-05T03:42:24.038185Z,KXBTC15M-26OCT042345-45,0.0050,5.00,no
2026-10-05T03:42:24.052056Z,KXBTC15M-26OCT042345-45,0.0060,35.12,yes
2026-10-05T03:42:24.090484Z,KXBTC15M-26OCT042345-45,0.0060,0.02,yes
2026-10-05T03:42:24.090484Z,KXBTC15M-26OCT042345-45,0.0060,10.00,yes
2026-10-05T03:42:24.090484Z,KXBTC15M-26OCT042345-45,0.0070,1280.00,yes
2026-10-05T03:42:24.090484Z,KXBTC15M-26OCT042345-45,0.0070,200.00,yes
2026-10-05T03:42:24.090484Z,KXBTC15M-26OCT042345-45,0.0060,18.91,yes
2026-10-05T03:42:24.090484Z,KXBTC15M-26OCT042345-45,0.0070,120.00,yes
2026-10-05T03:42:24.090484Z,KXBTC15M-26OCT042345-45,0.0060,15.00,yes
2026-10-05T03:42:24.090484Z,KXBTC15M-26OCT042345-45,0.0060,17.93,yes
2026-10-05T03:42:24.090484Z,KXBTC15M-26OCT042345-45,0.0070,162.00,yes
2026-10-05T03:42:24.090484Z,KXBTC15M-26OCT042345-45,0.0070,213.71,yes
2026-10-05T03:42:24.090484Z,KXBTC15M-26OCT042345-45,0.0060,0.01,yes
2026-10-05T03:42:24.090484Z,KXBTC15M-26OCT042345-45,0.0060,1.00,yes
2026-10-05T03:42:24.090484Z,KXBTC15M-26OCT042345-45,0.0060,200.00,yes
2026-10-05T03:42:24.090484Z,KXBTC15M-26OCT042345-45,0.0060,1.00,yes
2026-10-05T03:42:24.090484Z,KXBTC15M-26OCT042345-45,0.0060,0.02,yes
2026-10-05T03:42:24.090484Z,KXBTC15M-26OCT042345-45,0.0060,307.05,yes
2026-10-05T03:42:24.090484Z,KXBTC15M-26OCT042345-45,0.0060,89.00,yes
2026-10-05T03:42:24.090484Z,KXBTC15M-26OCT042345-45,0.0060,0.01,yes
2026-10-05T03:42:24.090484Z,KXBTC15M-26OCT042345-45,0.0060,582.00,yes
2026-10-05T03:42:24.094596Z,KXBTC15M-26OCT042345-45,0.0060,5.00,no
2026-10-05T03:42:24.10076Z,KXBTC15M-26OCT042345-45,0.0060,2.23,no
2026-10-05T03:42:24.101633Z,KXBTC15M-26OCT042345-45,0.0070,58.44,yes
2026-10-05T03:42:24.168599Z,KXBTC15M-26OCT042345-45,0.0070,191.71,yes
2026-10-05T03:42:24.208773Z,KXBTC15M-26OCT042345-45,0.0070,178.81,yes
2026-10-05T03:42:24.329218Z,KXBTC15M-26OCT042345-45,0.0060,0.01,no
2026-10-05T03:42:24.329218Z,KXBTC15M-26OCT042345-45,0.0060,0.01,no
2026-10-05T03:42:24.329218Z,KXBTC15M-26OCT042345-45,0.0060,20.00,no
2026-10-05T03:42:24.329218Z,KXBTC15M-26OCT042345-45,0.0050,451.87,no
2026-10-05T03:42:24.329218Z,KXBTC15M-26OCT042345-45,0.0050,754.84,no
2026-10-05T03:42:24.408736Z,KXBTC15M-26OCT042345-45,0.0060,15.00,yes
2026-10-05T03:42:24.408736Z,KXBTC15M-26OCT042345-45,0.0060,0.01,yes
2026-10-05T03:42:24.408736Z,KXBTC15M-26OCT042345-45,0.0060,13.44,yes
2026-10-05T03:42:24.408736Z,KXBTC15M-26OCT042345-45,0.0060,0.01,yes
2026-10-05T03:42:24.429455Z,KXBTC15M-26OCT042345-45,0.0060,59.98,yes
2026-10-05T03:42:24.442368Z,KXBTC15M-26OCT042345-45,0.0060,116.88,yes
2026-10-05T03:42:24.480392Z,KXBTC15M-26OCT042345-45,0.0060,152.71,yes
2026-10-05T03:42:24.669978Z,KXBTC15M-26OCT042345-45,0.0060,15.00,yes
2026-10-05T03:42:24.669978Z,KXBTC15M-26OCT042345-45,0.0060,0.01,yes
2026-10-05T03:42:24.669978Z,KXBTC15M-26OCT042345-45,0.0060,108.86,yes
2026-10-05T03:42:24.669978Z,KXBTC15M-26OCT042345-45,0.0060,754.84,yes
2026-10-05T03:42:24.669978Z,KXBTC15M-26OCT042345-45,0.0060,5000.00,yes
2026-10-05T03:42:24.669978Z,KXBTC15M-26OCT042345-45,0.0060,0.02,yes
2026-10-05T03:42:24.669978Z,KXBTC15M-26OCT042345-45,0.0060,0.01,yes
2026-10-05T03:42:24.669978Z,KXBTC15M-26OCT042345-45,0.0060,426.00,yes
2026-10-05T03:42:24.669978Z,KXBTC15M-26OCT042345-45,0.0060,200.00,yes
2026-10-05T03:42:24.669978Z,KXBTC15M-26OCT042345-45,0.0070,50.00,yes
2026-10-05T03:42:24.669978Z,KXBTC15M-26OCT042345-45,0.0070,769.17,yes
2026-10-05T03:42:24.669978Z,KXBTC15M-26OCT042345-45,0.0070,324.04,yes
2026-10-05T03:42:24.686423Z,KXBTC15M-26OCT042345-45,0.0070,128.23,yes
2026-10-05T03:42:24.799307Z,KXBTC15M-26OCT042345-45,0.0060,5.01,no
2026-10-05T03:42:24.799307Z,KXBTC15M-26OCT042345-45,0.0060,0.01,no
2026-10-05T03:42:24.937966Z,KXBTC15M-26OCT042345-45,0.0070,36.66,yes
2026-10-05T03:42:24.968496Z,KXBTC15M-26OCT042345-45,0.0070,6.54,yes
2026-10-05T03:42:25.02018Z,KXBTC15M-26OCT042345-45,0.0060,0.01,no
2026-10-05T03:42:25.02018Z,KXBTC15M-26OCT042345-45,0.0060,14.99,no
2026-10-05T03:42:25.02018Z,KXBTC15M-26OCT042345-45,0.0060,5.00,no
2026-10-05T03:42:25.20782Z,KXBTC15M-26OCT042345-45,0.0070,128.19,yes
2026-10-05T03:42:25.20782Z,KXBTC15M-26OCT042345-45,0.0070,339.40,yes
2026-10-05T03:42:25.303678Z,KXBTC15M-26OCT042345-45,0.0060,471.63,no
2026-10-05T03:42:25.381815Z,KXBTC15M-26OCT042345-45,0.0070,10.64,yes
2026-10-05T03:42:25.409509Z,KXBTC15M-26OCT042345-45,0.0060,14.99,no
2026-10-05T03:42:25.409509Z,KXBTC15M-26OCT042345-45,0.0060,0.01,no
2026-10-05T03:42:25.409509Z,KXBTC15M-26OCT042345-45,0.0060,0.01,no
2026-10-05T03:42:25.409509Z,KXBTC15M-26OCT042345-45,0.0060,5.01,no
2026-10-05T03:42:25.409509Z,KXBTC15M-26OCT042345-45,0.0050,690.85,no
2026-10-05T03:42:25.409509Z,KXBTC15M-26OCT042345-45,0.0050,1548.13,no
2026-10-05T03:42:25.409509Z,KXBTC15M-26OCT042345-45,0.0050,2000.00,no
2026-10-05T03:42:25.424719Z,KXBTC15M-26OCT042345-45,0.0060,2.01,yes
2026-10-05T03:42:25.447553Z,KXBTC15M-26OCT042345-45,0.0050,0.19,no
2026-10-05T03:42:25.473832Z,KXBTC15M-26OCT042345-45,0.0060,2.51,yes
2026-10-05T03:42:25.473832Z,KXBTC15M-26OCT042345-45,0.0060,0.01,yes
2026-10-05T03:42:25.473832Z,KXBTC15M-26OCT042345-45,0.0060,0.01,yes
2026-10-05T03:42:25.508553Z,KXBTC15M-26OCT042345-45,0.0060,106.00,yes
2026-10-05T03:42:25.667591Z,KXBTC15M-26OCT042345-45,0.0060,10.62,yes
2026-10-05T03:42:25.716815Z,KXBTC15M-26OCT042345-45,0.0050,18.81,no
2026-10-05T03:42:25.741736Z,KXBTC15M-26OCT042345-45,0.0060,0.31,yes
2026-10-05T03:42:25.800785Z,KXBTC15M-26OCT042345-45,0.0060,33.39,yes
2026-10-05T03:42:25.940238Z,KXBTC15M-26OCT042345-45,0.0060,0.38,yes
2026-10-05T03:42:26.049171Z,KXBTC15M-26OCT042345-45,0.0060,133.58,yes
2026-10-05T03:42:26.098041Z,KXBTC15M-26OCT042345-45,0.0050,161.13,no
2026-10-05T03:42:26.098041Z,KXBTC15M-26OCT042345-45,0.0050,180.00,no
2026-10-05T03:42:26.098041Z,KXBTC15M-26OCT042345-45,0.0050,270.00,no
2026-10-05T03:42:26.098041Z,KXBTC15M-26OCT042345-45,0.0050,50.00,no
2026-10-05T03:42:26.098041Z,KXBTC15M-26OCT042345-45,0.0050,180.00,no
2026-10-05T03:42:26.098041Z,KXBTC15M-26OCT042345-45,0.0050,120.00,no
2026-10-05T03:42:26.098041Z,KXBTC15M-26OCT042345-45,0.0050,1024.00,no
2026-10-05T03:42:26.098041Z,KXBTC15M-26OCT042345-45,0.0050,1290.15,no
2026-10-05T03:42:26.098041Z,KXBTC15M-26OCT042345-45,0.0050,11.00,no
2026-10-05T03:42:26.135957Z,KXBTC15M-26OCT042345-45,0.0060,763.54,yes
2026-10-05T03:42:26.367321Z,KXBTC15M-26OCT042345-45,0.0060,2.00,yes
2026-10-05T03:42:26.40509Z,KXBTC15M-26OCT042345-45,0.0060,15.58,yes
2026-10-05T03:42:27.219705Z,KXBTC15M-26OCT042345-45,0.0060,125.97,yes
2026-10-05T03:42:27.249746Z,KXBTC15M-26OCT042345-45,0.0060,152.71,yes
2026-10-05T03:42:27.268833Z,KXBTC15M-26OCT042345-45,0.0060,85.02,yes
2026-10-05T03:42:27.286185Z,KXBTC15M-26OCT042345-45,0.0060,35.32,yes
2026-10-05T03:42:27.322028Z,KXBTC15M-26OCT042345-45,0.0060,1.49,yes
2026-10-05T03:42:27.531138Z,KXBTC15M-26OCT042345-45,0.0060,79.71,yes
2026-10-05T03:42:27.531138Z,KXBTC15M-26OCT042345-45,0.0060,73.00,yes
2026-10-05T03:42:27.590921Z,KXBTC15M-26OCT042345-45,0.0060,13.35,yes
2026-10-05T03:42:27.716494Z,KXBTC15M-26OCT042345-45,0.0060,100.93,yes
2026-10-05T03:42:27.741916Z,KXBTC15M-26OCT042345-45,0.0060,30.29,yes
2026-10-05T03:42:27.76975Z,KXBTC15M-26OCT042345-45,0.0050,198.87,no
2026-10-05T03:42:27.76975Z,KXBTC15M-26OCT042345-45,0.0050,36.38,no
2026-10-05T03:42:27.76975Z,KXBTC15M-26OCT042345-45,0.0050,100.00,no
2026-10-05T03:42:27.76975Z,KXBTC15M-26OCT042345-45,0.0050,150.00,no
2026-10-05T03:42:27.772464Z,KXBTC15M-26OCT042345-45,0.0060,122.16,yes
2026-10-05T03:42:27.786474Z,KXBTC15M-26OCT042345-45,0.0050,17.00,no
2026-10-05T03:42:27.788207Z,KXBTC15M-26OCT042345-45,0.0060,152.71,yes
2026-10-05T03:42:27.793317Z,KXBTC15M-26OCT042345-45,0.0050,200.00,no
2026-10-05T03:42:27.793317Z,KXBTC15M-26OCT042345-45,0.0050,150.00,no
2026-10-05T03:42:27.793317Z,KXBTC15M-26OCT042345-45,0.0050,270.00,no
2026-10-05T03:42:27.793317Z,KXBTC15M-26OCT042345-45,0.0050,100.00,no
2026-10-05T03:42:27.793317Z,KXBTC15M-26OCT042345-45,0.0050,300.00,no
2026-10-05T03:42:27.793317Z,KXBTC15M-26OCT042345-45,0.0050,100.00,no
2026-10-05T03:42:27.793317Z,KXBTC15M-26OCT042345-45,0.0050,23.43,no
2026-10-05T03:42:27.793317Z,KXBTC15M-26OCT042345-45,0.0050,246.62,no
2026-10-05T03:42:27.793317Z,KXBTC15M-26OCT042345-45,0.0050,270.00,no
2026-10-05T03:42:27.795783Z,KXBTC15M-26OCT042345-45,0.0050,8.03,no
2026-10-05T03:42:27.845713Z,KXBTC15M-26OCT042345-45,0.0050,23.08,no
2026-10-05T03:42:27.925141Z,KXBTC15M-26OCT042345-45,0.0050,10.04,no
2026-10-05T03:42:27.939987Z,KXBTC15M-26OCT042345-45,0.0060,311.64,yes
2026-10-05T03:42:27.952177Z,KXBTC15M-26OCT042345-45,0.0050,0.50,no
2026-10-05T03:42:28.029143Z,KXBTC15M-26OCT042345-45,0.0060,60.00,yes
2026-10-05T03:42:28.038704Z,KXBTC15M-26OCT042345-45,0.0060,176.59,yes
2026-10-05T03:42:28.085839Z,KXBTC15M-26OCT042345-45,0.0060,149.59,yes
2026-10-05T03:42:28.110476Z,KXBTC15M-26OCT042345-45,0.0060,690.85,yes
2026-10-05T03:42:28.110476Z,KXBTC15M-26OCT042345-45,0.0060,0.01,yes
2026-10-05T03:42:28.110476Z,KXBTC15M-26OCT042345-45,0.0060,0.01,yes
2026-10-05T03:42:28.110476Z,KXBTC15M-26OCT042345-45,0.0060,57.44,yes
2026-10-05T03:42:28.110476Z,KXBTC15M-26OCT042345-45,0.0060,0.19,yes
2026-10-05T03:42:28.110476Z,KXBTC15M-26OCT042345-45,0.0060,809.74,yes
2026-10-05T03:42:28.127905Z,KXBTC15M-26OCT042345-45,0.0060,4.03,yes
2026-10-05T03:42:28.159442Z,KXBTC15M-26OCT042345-45,0.0050,51.08,no
2026-10-05T03:42:28.159442Z,KXBTC15M-26OCT042345-45,0.0050,270.00,no
2026-10-05T03:42:28.159442Z,KXBTC15M-26OCT042345-45,0.0050,48.92,no
2026-10-05T03:42:28.159442Z,KXBTC15M-26OCT042345-45,0.0050,114.00,no
2026-10-05T03:42:28.159442Z,KXBTC15M-26OCT042345-45,0.0050,114.00,no
2026-10-05T03:42:28.181017Z,KXBTC15M-26OCT042345-45,0.0050,27.61,no
2026-10-05T03:42:28.197815Z,KXBTC15M-26OCT042345-45,0.0060,2.20,yes
2026-10-05T03:42:28.213372Z,KXBTC15M-26OCT042345-45,0.0060,2.72,yes
2026-10-05T03:42:28.259092Z,KXBTC15M-26OCT042345-45,0.0060,4.21,yes
2026-10-05T03:42:28.281074Z,KXBTC15M-26OCT042345-45,0.0060,389.31,yes
2026-10-05T03:42:28.281074Z,KXBTC15M-26OCT042345-45,0.0060,0.02,yes
2026-10-05T03:42:28.281074Z,KXBTC15M-26OCT042345-45,0.0060,18.81,yes
2026-10-05T03:42:28.281074Z,KXBTC15M-26OCT042345-45,0.0060,355.40,yes
2026-10-05T03:42:28.310913Z,KXBTC15M-26OCT042345-45,0.0050,55.25,no
2026-10-05T03:42:28.323788Z,KXBTC15M-26OCT042345-45,0.0050,60.28,no
2026-10-05T03:42:28.329573Z,KXBTC15M-26OCT042345-45,0.0050,5.73,no
2026-10-05T03:42:28.347573Z,KXBTC15M-26OCT042345-45,0.0060,311.64,yes
2026-10-05T03:42:28.360658Z,KXBTC15M-26OCT042345-45,0.0060,52.25,yes
2026-10-05T03:42:28.376116Z,KXBTC15M-26OCT042345-45,0.0050,0.05,no
2026-10-05T03:42:28.376116Z,KXBTC15M-26OCT042345-45,0.0050,71.69,no
2026-10-05T03:42:28.376116Z,KXBTC15M-26OCT042345-45,0.0050,114.00,no
2026-10-05T03:42:28.376116Z,KXBTC15M-26OCT042345-45,0.0050,50.00,no
2026-10-05T03:42:28.395635Z,KXBTC15M-26OCT042345-45,0.0060,32.00,yes
2026-10-05T03:42:28.418779Z,KXBTC15M-26OCT042345-45,0.0050,630.00,no
2026-10-05T03:42:28.418779Z,KXBTC15M-26OCT042345-45,0.0050,250.00,no
2026-10-05T03:42:28.418779Z,KXBTC15M-26OCT042345-45,0.0050,540.00,no
2026-10-05T03:42:28.418779Z,KXBTC15M-26OCT042345-45,0.0050,700.00,no
2026-10-05T03:42:28.418779Z,KXBTC15M-26OCT042345-45,0.0050,225.71,no
2026-10-05T03:42:28.418779Z,KXBTC15M-26OCT042345-45,0.0050,300.00,no
2026-10-05T03:42:28.418779Z,KXBTC15M-26OCT042345-45,0.0050,128.31,no
2026-10-05T03:42:28.418779Z,KXBTC15M-26OCT042345-45,0.0050,50.00,no
2026-10-05T03:42:28.418779Z,KXBTC15M-26OCT042345-45,0.0050,35.00,no
2026-10-05T03:42:28.418779Z,KXBTC15M-26OCT042345-45,0.0050,35.00,no
2026-10-05T03:42:28.418779Z,KXBTC15M-26OCT042345-45,0.0050,43.00,no
2026-10-05T03:42:28.418779Z,KXBTC15M-26OCT042345-45,0.0050,34.00,no
2026-10-05T03:42:28.418779Z,KXBTC15M-26OCT042345-45,0.0050,43.00,no
2026-10-05T03:42:28.441279Z,KXBTC15M-26OCT042345-45,0.0060,25.21,yes
2026-10-05T03:42:28.468157Z,KXBTC15M-26OCT042345-45,0.0060,2.00,yes
2026-10-05T03:42:28.471452Z,KXBTC15M-26OCT042345-45,0.0060,3.00,yes
2026-10-05T03:42:28.482238Z,KXBTC15M-26OCT042345-45,0.0050,360.00,no
2026-10-05T03:42:28.482238Z,KXBTC15M-26OCT042345-45,0.0050,404.29,no
2026-10-05T03:42:28.482238Z,KXBTC15M-26OCT042345-45,0.0050,350.00,no
2026-10-05T03:42:28.482238Z,KXBTC15M-26OCT042345-45,0.0050,50.00,no
2026-10-05T03:42:28.482238Z,KXBTC15M-26OCT042345-45,0.0050,50.00,no
2026-10-05T03:42:28.482238Z,KXBTC15M-26OCT042345-45,0.0050,180.00,no
2026-10-05T03:42:28.482238Z,KXBTC15M-26OCT042345-45,0.0050,180.00,no
2026-10-05T03:42:28.482238Z,KXBTC15M-26OCT042345-45,0.0050,100.00,no
2026-10-05T03:42:28.482238Z,KXBTC15M-26OCT042345-45,0.0050,200.00,no
2026-10-05T03:42:28.482238Z,KXBTC15M-26OCT042345-45,0.0050,150.00,no
2026-10-05T03:42:28.482238Z,KXBTC15M-26OCT042345-45,0.0050,4.07,no
2026-10-05T03:42:28.482238Z,KXBTC15M-26OCT042345-45,0.0050,105.00,no
2026-10-05T03:42:28.482238Z,KXBTC15M-26OCT042345-45,0.0050,150.00,no
2026-10-05T03:42:28.482238Z,KXBTC15M-26OCT042345-45,0.0050,270.00,no
2026-10-05T03:42:28.482238Z,KXBTC15M-26OCT042345-45,0.0050,400.00,no
2026-10-05T03:42:28.482238Z,KXBTC15M-26OCT042345-45,0.0050,150.00,no
2026-10-05T03:42:28.482238Z,KXBTC15M-26OCT042345-45,0.0050,50.00,no
2026-10-05T03:42:28.482238Z,KXBTC15M-26OCT042345-45,0.0050,90.00,no
2026-10-05T03:42:28.482238Z,KXBTC15M-26OCT042345-45,0.0050,35.00,no
2026-10-05T03:42:28.482238Z,KXBTC15M-26OCT042345-45,0.0050,50.00,no
2026-10-05T03:42:28.482238Z,KXBTC15M-26OCT042345-45,0.0050,180.00,no
2026-10-05T03:42:28.482238Z,KXBTC15M-26OCT042345-45,0.0050,90.00,no
2026-10-05T03:42:28.482238Z,KXBTC15M-26OCT042345-45,0.0050,100.00,no
2026-10-05T03:42:28.482238Z,KXBTC15M-26OCT042345-45,0.0050,35.00,no
2026-10-05T03:42:28.482238Z,KXBTC15M-26OCT042345-45,0.0050,90.00,no
2026-10-05T03:42:28.482238Z,KXBTC15M-26OCT042345-45,0.0050,50.00,no
2026-10-05T03:42:28.482238Z,KXBTC15M-26OCT042345-45,0.0050,50.00,no
2026-10-05T03:42:28.482238Z,KXBTC15M-26OCT042345-45,0.0050,50.00,no
2026-10-05T03:42:28.482238Z,KXBTC15M-26OCT042345-45,0.0050,50.00,no
2026-10-05T03:42:28.482238Z,KXBTC15M-26OCT042345-45,0.0050,100.00,no
2026-10-05T03:42:28.482238Z,KXBTC15M-26OCT042345-45,0.0050,90.00,no
2026-10-05T03:42:28.482238Z,KXBTC15M-26OCT042345-45,0.0050,90.00,no
2026-10-05T03:42:28.482238Z,KXBTC15M-26OCT042345-45,0.0050,200.00,no
2026-10-05T03:42:28.482238Z,KXBTC15M-26OCT042345-45,0.0050,100.00,no
2026-10-05T03:42:28.482238Z,KXBTC15M-26OCT042345-45,0.0050,100.00,no
2026-10-05T03:42:28.482238Z,KXBTC15M-26OCT042345-45,0.0050,180.00,no
2026-10-05T03:42:28.482238Z,KXBTC15M-26OCT042345-45,0.0050,50.00,no
2026-10-05T03:42:28.482238Z,KXBTC15M-26OCT042345-45,0.0050,90.00,no
2026-10-05T03:42:28.493047Z,KXBTC15M-26OCT042345-45,0.0050,7.79,no
2026-10-05T03:42:28.541005Z,KXBTC15M-26OCT042345-45,0.0060,311.64,yes
2026-10-05T03:42:28.543456Z,KXBTC15M-26OCT042345-45,0.0060,20.18,yes
2026-10-05T03:42:28.554221Z,KXBTC15M-26OCT042345-45,0.0060,152.71,yes
2026-10-05T03:42:28.585939Z,KXBTC15M-26OCT042345-45,0.0060,2.00,yes
2026-10-05T03:42:28.612417Z,KXBTC15M-26OCT042345-45,0.0060,152.71,yes
2026-10-05T03:42:28.695914Z,KXBTC15M-26OCT042345-45,0.0060,152.71,yes
2026-10-05T03:42:28.828465Z,KXBTC15M-26OCT042345-45,0.0060,108.12,yes
2026-10-05T03:42:28.82993Z,KXBTC15M-26OCT042345-45,0.0050,39.26,no
2026-10-05T03:42:28.939348Z,KXBTC15M-26OCT042345-45,0.0060,31.00,yes
2026-10-05T03:42:28.955911Z,KXBTC15M-26OCT042345-45,0.0050,88.88,no
2026-10-05T03:42:28.955911Z,KXBTC15M-26OCT042345-45,0.0050,180.00,no
2026-10-05T03:42:28.955911Z,KXBTC15M-26OCT042345-45,0.0050,35.00,no
2026-10-05T03:42:28.955911Z,KXBTC15M-26OCT042345-45,0.0050,100.00,no
2026-10-05T03:42:28.955911Z,KXBTC15M-26OCT042345-45,0.0050,100.00,no
2026-10-05T03:42:28.955911Z,KXBTC15M-26OCT042345-45,0.0050,5.00,no
2026-10-05T03:42:28.955911Z,KXBTC15M-26OCT042345-45,0.0050,270.00,no
2026-10-05T03:42:28.955911Z,KXBTC15M-26OCT042345-45,0.0050,28.74,no
2026-10-05T03:42:28.955911Z,KXBTC15M-26OCT042345-45,0.0050,70.00,no
2026-10-05T03:42:28.955911Z,KXBTC15M-26OCT042345-45,0.0050,50.00,no
2026-10-05T03:42:28.955911Z,KXBTC15M-26OCT042345-45,0.0050,50.00,no
2026-10-05T03:42:28.955911Z,KXBTC15M-26OCT042345-45,0.0050,50.00,no
2026-10-05T03:42:28.955911Z,KXBTC15M-26OCT042345-45,0.0050,35.00,no
2026-10-05T03:42:28.955911Z,KXBTC15M-26OCT042345-45,0.0050,180.00,no
2026-10-05T03:42:28.955911Z,KXBTC15M-26OCT042345-45,0.0050,100.00,no
2026-10-05T03:42:28.955911Z,KXBTC15M-26OCT042345-45,0.0050,90.00,no
2026-10-05T03:42:28.955911Z,KXBTC15M-26OCT042345-45,0.0050,200.00,no
2026-10-05T03:42:28.955911Z,KXBTC15M-26OCT042345-45,0.0050,180.00,no
2026-10-05T03:42:29.086367Z,KXBTC15M-26OCT042345-45,0.0060,152.71,yes
2026-10-05T03:42:29.096427Z,KXBTC15M-26OCT042345-45,0.0050,93.51,no
2026-10-05T03:42:29.307773Z,KXBTC15M-26OCT042345-45,0.0060,70.46,yes
2026-10-05T03:42:29.356752Z,KXBTC15M-26OCT042345-45,0.0050,20.09,no
2026-10-05T03:42:29.491852Z,KXBTC15M-26OCT042345-45,0.0060,152.71,yes
2026-10-05T03:42:29.599462Z,KXBTC15M-26OCT042345-45,0.0060,152.71,yes
2026-10-05T03:42:29.612356Z,KXBTC15M-26OCT042345-45,0.0060,311.64,yes
2026-10-05T03:42:29.704601Z,KXBTC15M-26OCT042345-45,0.0050,150.00,no
2026-10-05T03:42:29.704601Z,KXBTC15M-26OCT042345-45,0.0050,150.00,no
2026-10-05T03:42:29.704601Z,KXBTC15M-26OCT042345-45,0.0050,37.66,no
2026-10-05T03:42:29.704601Z,KXBTC15M-26OCT042345-45,0.0050,300.00,no
2026-10-05T03:42:29.704601Z,KXBTC15M-26OCT042345-45,0.0050,100.00,no
2026-10-05T03:42:29.704601Z,KXBTC15M-26OCT042345-45,0.0050,180.00,no
2026-10-05T03:42:29.704601Z,KXBTC15M-26OCT042345-45,0.0050,100.00,no
2026-10-05T03:42:29.704601Z,KXBTC15M-26OCT042345-45,0.0050,100.00,no
2026-10-05T03:42:29.704601Z,KXBTC15M-26OCT042345-45,0.0050,180.00,no
2026-10-05T03:42:29.704601Z,KXBTC15M-26OCT042345-45,0.0050,100.00,no
2026-10-05T03:42:29.704601Z,KXBTC15M-26OCT042345-45,0.0050,35.00,no
2026-10-05T03:42:29.704601Z,KXBTC15M-26OCT042345-45,0.0050,50.00,no
2026-10-05T03:42:29.704601Z,KXBTC15M-26OCT042345-45,0.0050,90.00,no
2026-10-05T03:42:29.704601Z,KXBTC15M-26OCT042345-45,0.0050,50.00,no
2026-10-05T03:42:29.704601Z,KXBTC15M-26OCT042345-45,0.0050,100.00,no
2026-10-05T03:42:29.704601Z,KXBTC15M-26OCT042345-45,0.0050,90.00,no
2026-10-05T03:42:29.704601Z,KXBTC15M-26OCT042345-45,0.0050,200.00,no
2026-10-05T03:42:29.704601Z,KXBTC15M-26OCT042345-45,0.0050,35.00,no
2026-10-05T03:42:29.704601Z,KXBTC15M-26OCT042345-45,0.0050,100.00,no
2026-10-05T03:42:29.704601Z,KXBTC15M-26OCT042345-45,0.0050,100.00,no
2026-10-05T03:42:29.704601Z,KXBTC15M-26OCT042345-45,0.0050,90.00,no
2026-10-05T03:42:29.704601Z,KXBTC15M-26OCT042345-45,0.0050,50.00,no
2026-10-05T03:42:29.704601Z,KXBTC15M-26OCT042345-45,0.0050,50.00,no
2026-10-05T03:42:29.704601Z,KXBTC15M-26OCT042345-45,0.0050,180.00,no
2026-10-05T03:42:29.704601Z,KXBTC15M-26OCT042345-45,0.0050,50.00,no
2026-10-05T03:42:29.704601Z,KXBTC15M-26OCT042345-45,0.0050,180.00,no
2026-10-05T03:42:29.704601Z,KXBTC15M-26OCT042345-45,0.0050,100.00,no
2026-10-05T03:42:29.704601Z,KXBTC15M-26OCT042345-45,0.0050,90.00,no
2026-10-05T03:42:29.704601Z,KXBTC15M-26OCT042345-45,0.0050,70.00,no
2026-10-05T03:42:29.704601Z,KXBTC15M-26OCT042345-45,0.0050,180.00,no
2026-10-05T03:42:29.704601Z,KXBTC15M-26OCT042345-45,0.0050,69.79,no
2026-10-05T03:42:29.704601Z,KXBTC15M-26OCT042345-45,0.0050,100.00,no
2026-10-05T03:42:29.704601Z,KXBTC15M-26OCT042345-45,0.0050,50.00,no
2026-10-05T03:42:29.704601Z,KXBTC15M-26OCT042345-45,0.0050,90.00,no
2026-10-05T03:42:29.704601Z,KXBTC15M-26OCT042345-45,0.0050,50.00,no
2026-10-05T03:42:29.704601Z,KXBTC15M-26OCT042345-45,0.0050,90.00,no
2026-10-05T03:42:29.704601Z,KXBTC15M-26OCT042345-45,0.0050,90.00,no
2026-10-05T03:42:29.704601Z,KXBTC15M-26OCT042345-45,0.0050,50.00,no
2026-10-05T03:42:29.704601Z,KXBTC15M-26OCT042345-45,0.0050,50.00,no
2026-10-05T03:42:29.704601Z,KXBTC15M-26OCT042345-45,0.0050,50.00,no
2026-10-05T03:42:29.704601Z,KXBTC15M-26OCT042345-45,0.0050,100.00,no
2026-10-05T03:42:29.704601Z,KXBTC15M-26OCT042345-45,0.0050,50.00,no
2026-10-05T03:42:29.704601Z,KXBTC15M-26OCT042345-45,0.0050,90.00,no
2026-10-05T03:42:29.704601Z,KXBTC15M-26OCT042345-45,0.0050,90.00,no
2026-10-05T03:42:29.704601Z,KXBTC15M-26OCT042345-45,0.0050,35.00,no
2026-10-05T03:42:29.704601Z,KXBTC15M-26OCT042345-45,0.0050,90.00,no
2026-10-05T03:42:29.704601Z,KXBTC15M-26OCT042345-45,0.0050,50.00,no
2026-10-05T03:42:29.704601Z,KXBTC15M-26OCT042345-45,0.0050,50.00,no
2026-10-05T03:42:29.704601Z,KXBTC15M-26OCT042345-45,0.0050,100.00,no
2026-10-05T03:42:29.704601Z,KXBTC15M-26OCT042345-45,0.0050,35.00,no
2026-10-05T03:42:29.735801Z,KXBTC15M-26OCT042345-45,0.0050,35.57,no
2026-10-05T03:42:29.735801Z,KXBTC15M-26OCT042345-45,0.0050,20.21,no
2026-10-05T03:42:29.833212Z,KXBTC15M-26OCT042345-45,0.0050,49.72,no
2026-10-05T03:42:29.899098Z,KXBTC15M-26OCT042345-45,0.0050,9.04,no
2026-10-05T03:42:29.959665Z,KXBTC15M-26OCT042345-45,0.0050,5.02,no
2026-10-05T03:42:29.96315Z,KXBTC15M-26OCT042345-45,0.0050,0.65,no
2026-10-05T03:42:29.96315Z,KXBTC15M-26OCT042345-45,0.0050,200.00,no
2026-10-05T03:42:29.96315Z,KXBTC15M-26OCT042345-45,0.0050,100.00,no
2026-10-05T03:42:29.96315Z,KXBTC15M-26OCT042345-45,0.0050,50.00,no
2026-10-05T03:42:29.96315Z,KXBTC15M-26OCT042345-45,0.0050,90.00,no
2026-10-05T03:42:29.96315Z,KXBTC15M-26OCT042345-45,0.0050,35.00,no
2026-10-05T03:42:29.96315Z,KXBTC15M-26OCT042345-45,0.0050,100.00,no
2026-10-05T03:42:29.96315Z,KXBTC15M-26OCT042345-45,0.0050,14.02,no
2026-10-05T03:42:29.96315Z,KXBTC15M-26OCT042345-45,0.0050,50.00,no
2026-10-05T03:42:29.96315Z,KXBTC15M-26OCT042345-45,0.0050,90.00,no
2026-10-05T03:42:29.96315Z,KXBTC15M-26OCT042345-45,0.0050,50.00,no
2026-10-05T03:42:29.96315Z,KXBTC15M-26OCT042345-45,0.0050,90.00,no
2026-10-05T03:42:29.96315Z,KXBTC15M-26OCT042345-45,0.0050,100.00,no
2026-10-05T03:42:29.96315Z,KXBTC15M-26OCT042345-45,0.0050,35.00,no
2026-10-05T03:42:30.042923Z,KXBTC15M-26OCT042345-45,0.0060,65.44,yes
2026-10-05T03:42:30.163715Z,KXBTC15M-26OCT042345-45,0.0060,38.96,yes
2026-10-05T03:42:30.247459Z,KXBTC15M-26OCT042345-45,0.0060,152.71,yes
2026-10-05T03:42:30.264257Z,KXBTC15M-26OCT042345-45,0.0050,27.12,no
2026-10-05T03:42:30.385694Z,KXBTC15M-26OCT042345-45,0.0060,152.71,yes
2026-10-05T03:42:30.389419Z,KXBTC15M-26OCT042345-45,0.0060,152.71,yes
2026-10-05T03:42:30.40927Z,KXBTC15M-26OCT042345-45,0.0060,2.02,yes
2026-10-05T03:42:30.523Z,KXBTC15M-26OCT042345-45,0.0050,5.64,no
2026-10-05T03:42:30.523Z,KXBTC15M-26OCT042345-45,0.0050,8.86,no
2026-10-05T03:42:30.577576Z,KXBTC15M-26OCT042345-45,0.0060,41.23,yes
2026-10-05T03:42:30.592814Z,KXBTC15M-26OCT042345-45,0.0060,14.05,yes
2026-10-05T03:42:30.68354Z,KXBTC15M-26OCT042345-45,0.0060,83.99,yes
2026-10-05T03:42:30.756941Z,KXBTC15M-26OCT042345-45,0.0050,48.48,no
2026-10-05T03:42:30.796038Z,KXBTC15M-26OCT042345-45,0.0050,72.99,no
2026-10-05T03:42:30.796038Z,KXBTC15M-26OCT042345-45,0.0050,35.00,no
2026-10-05T03:42:30.796038Z,KXBTC15M-26OCT042345-45,0.0050,35.00,no
2026-10-05T03:42:30.796038Z,KXBTC15M-26OCT042345-45,0.0050,45.88,no
2026-10-05T03:42:30.834747Z,KXBTC15M-26OCT042345-45,0.0050,70.00,no
2026-10-05T03:42:30.834747Z,KXBTC15M-26OCT042345-45,0.0050,200.00,no
2026-10-05T03:42:30.834747Z,KXBTC15M-26OCT042345-45,0.0050,17.01,no
2026-10-05T03:42:30.834747Z,KXBTC15M-26OCT042345-45,0.0050,100.00,no
2026-10-05T03:42:30.834747Z,KXBTC15M-26OCT042345-45,0.0050,50.00,no
2026-10-05T03:42:30.834747Z,KXBTC15M-26OCT042345-45,0.0050,90.00,no
2026-10-05T03:42:30.834747Z,KXBTC15M-26OCT042345-45,0.0050,50.00,no
2026-10-05T03:42:30.834747Z,KXBTC15M-26OCT042345-45,0.0050,100.00,no
2026-10-05T03:42:30.834747Z,KXBTC15M-26OCT042345-45,0.0050,100.00,no
2026-10-05T03:42:30.834747Z,KXBTC15M-26OCT042345-45,0.0050,35.00,no
2026-10-05T03:42:30.834747Z,KXBTC15M-26OCT042345-45,0.0050,50.00,no
2026-10-05T03:42:30.834747Z,KXBTC15M-26OCT042345-45,0.0050,50.00,no
2026-10-05T03:42:30.834747Z,KXBTC15M-26OCT042345-45,0.0050,90.00,no
2026-10-05T03:42:30.834747Z,KXBTC15M-26OCT042345-45,0.0050,35.00,no
2026-10-05T03:42:30.834747Z,KXBTC15M-26OCT042345-45,0.0050,50.00,no
2026-10-05T03:42:30.834747Z,KXBTC15M-26OCT042345-45,0.0050,50.00,no
2026-10-05T03:42:30.834747Z,KXBTC15M-26OCT042345-45,0.0050,50.00,no
2026-10-05T03:42:30.834747Z,KXBTC15M-26OCT042345-45,0.0050,100.00,no
2026-10-05T03:42:30.834747Z,KXBTC15M-26OCT042345-45,0.0050,19.06,no
2026-10-05T03:42:30.851265Z,KXBTC15M-26OCT042345-45,0.0060,152.71,yes
2026-10-05T03:42:30.866075Z,KXBTC15M-26OCT042345-45,0.0050,79.73,no
2026-10-05T03:42:30.866075Z,KXBTC15M-26OCT042345-45,0.0050,15.94,no
2026-10-05T03:42:30.98636Z,KXBTC15M-26OCT042345-45,0.0050,39.64,no
2026-10-05T03:42:30.98636Z,KXBTC15M-26OCT042345-45,0.0050,70.27,no
2026-10-05T03:42:30.98636Z,KXBTC15M-26OCT042345-45,0.0050,50.00,no
2026-10-05T03:42:30.98636Z,KXBTC15M-26OCT042345-45,0.0050,50.00,no
2026-10-05T03:42:30.98636Z,KXBTC15M-26OCT042345-45,0.0050,50.00,no
2026-10-05T03:42:30.999185Z,KXBTC15M-26OCT042345-45,0.0060,22.91,yes
2026-10-05T03:42:31.013166Z,KXBTC15M-26OCT042345-45,0.0050,1.00,no
2026-10-05T03:42:31.030231Z,KXBTC15M-26OCT042345-45,0.0060,152.71,yes
2026-10-05T03:42:31.092506Z,KXBTC15M-26OCT042345-45,0.0060,152.71,yes
2026-10-05T03:42:31.114453Z,KXBTC15M-26OCT042345-45,0.0050,5.64,no
2026-10-05T03:42:31.114453Z,KXBTC15M-26OCT042345-45,0.0050,109.36,no
2026-10-05T03:42:31.114453Z,KXBTC15M-26OCT042345-45,0.0050,50.00,no
2026-10-05T03:42:31.114453Z,KXBTC15M-26OCT042345-45,0.0050,50.00,no
2026-10-05T03:42:31.210957Z,KXBTC15M-26OCT042345-45,0.0050,18.30,no
2026-10-05T03:42:31.249598Z,KXBTC15M-26OCT042345-45,0.0060,15.58,yes
2026-10-05T03:42:31.296731Z,KXBTC15M-26OCT042345-45,0.0050,12.47,no
2026-10-05T03:42:31.30637Z,KXBTC15M-26OCT042345-45,0.0060,31.16,yes
2026-10-05T03:42:31.330133Z,KXBTC15M-26OCT042345-45,0.0050,11.41,no
2026-10-05T03:42:31.330133Z,KXBTC15M-26OCT042345-45,0.0050,63.59,no
2026-10-05T03:42:31.33601Z,KXBTC15M-26OCT042345-45,0.0060,500.00,yes
2026-10-05T03:42:31.354071Z,KXBTC15M-26OCT042345-45,0.0050,1.00,no
2026-10-05T03:42:31.463543Z,KXBTC15M-26OCT042345-45,0.0050,87.59,no
2026-10-05T03:42:31.463543Z,KXBTC15M-26OCT042345-45,0.0050,7.42,no
2026-10-05T03:42:31.471765Z,KXBTC15M-26OCT042345-45,0.0060,21.81,yes
2026-10-05T03:42:31.547763Z,KXBTC15M-26OCT042345-45,0.0050,0.25,no
2026-10-05T03:42:31.625536Z,KXBTC15M-26OCT042345-45,0.0050,30.00,no
2026-10-05T03:42:31.667737Z,KXBTC15M-26OCT042345-45,0.0060,152.71,yes
2026-10-05T03:42:31.682672Z,KXBTC15M-26OCT042345-45,0.0060,507.17,yes
2026-10-05T03:42:31.682672Z,KXBTC15M-26OCT042345-45,0.0060,256.37,yes
2026-10-05T03:42:31.726972Z,KXBTC15M-26OCT042345-45,0.0060,38.07,yes
2026-10-05T03:42:31.833693Z,KXBTC15M-26OCT042345-45,0.0050,5.02,no
2026-10-05T03:42:31.997737Z,KXBTC15M-26OCT042345-45,0.0050,6.32,no
2026-10-05T03:42:32.058101Z,KXBTC15M-26OCT042345-45,0.0050,5.36,no
2026-10-05T03:42:32.058101Z,KXBTC15M-26OCT042345-45,0.0050,0.99,no
2026-10-05T03:42:32.066707Z,KXBTC15M-26OCT042345-45,0.0060,66.35,yes
2026-10-05T03:42:32.088431Z,KXBTC15M-26OCT042345-45,0.0060,100.33,yes
2026-10-05T03:42:32.088431Z,KXBTC15M-26OCT042345-45,0.0060,663.21,yes
2026-10-05T03:42:32.188774Z,KXBTC15M-26OCT042345-45,0.0050,94.64,no
2026-10-05T03:42:32.188774Z,KXBTC15M-26OCT042345-45,0.0050,100.00,no
2026-10-05T03:42:32.188774Z,KXBTC15M-26OCT042345-45,0.0050,50.00,no
2026-10-05T03:42:32.188774Z,KXBTC15M-26OCT042345-45,0.0050,50.00,no
2026-10-05T03:42:32.188774Z,KXBTC15M-26OCT042345-45,0.0050,50.00,no
2026-10-05T03:42:32.188774Z,KXBTC15M-26OCT042345-45,0.0050,50.00,no
2026-10-05T03:42:32.188774Z,KXBTC15M-26OCT042345-45,0.0050,50.00,no
2026-10-05T03:42:32.188774Z,KXBTC15M-26OCT042345-45,0.0050,50.00,no
2026-10-05T03:42:32.188774Z,KXBTC15M-26OCT042345-45,0.0050,50.00,no
2026-10-05T03:42:32.188774Z,KXBTC15M-26OCT042345-45,0.0050,50.00,no
2026-10-05T03:42:32.188774Z,KXBTC15M-26OCT042345-45,0.0050,100.00,no
2026-10-05T03:42:32.188774Z,KXBTC15M-26OCT042345-45,0.0050,50.00,no
2026-10-05T03:42:32.188774Z,KXBTC15M-26OCT042345-45,0.0050,50.00,no
2026-10-05T03:42:32.188774Z,KXBTC15M-26OCT042345-45,0.0050,50.00,no
2026-10-05T03:42:32.188774Z,KXBTC15M-26OCT042345-45,0.0050,50.00,no
2026-10-05T03:42:32.188774Z,KXBTC15M-26OCT042345-45,0.0050,50.00,no
2026-10-05T03:42:32.188774Z,KXBTC15M-26OCT042345-45,0.0050,66.00,no
2026-10-05T03:42:32.188774Z,KXBTC15M-26OCT042345-45,0.0050,954.00,no
2026-10-05T03:42:32.188774Z,KXBTC15M-26OCT042345-45,0.0050,10.00,no
2026-10-05T03:42:32.188774Z,KXBTC15M-26OCT042345-45,0.0050,282.06,no
2026-10-05T03:42:32.188774Z,KXBTC15M-26OCT042345-45,0.0050,50.00,no
2026-10-05T03:42:32.188774Z,KXBTC15M-26OCT042345-45,0.0050,2.00,no
2026-10-05T03:42:32.188774Z,KXBTC15M-26OCT042345-45,0.0050,100.00,no
2026-10-05T03:42:32.188774Z,KXBTC15M-26OCT042345-45,0.0050,500.00,no
2026-10-05T03:42:32.188774Z,KXBTC15M-26OCT042345-45,0.0050,20.00,no
2026-10-05T03:42:32.188774Z,KXBTC15M-26OCT042345-45,0.0050,500.00,no
2026-10-05T03:42:32.188774Z,KXBTC15M-26OCT042345-45,0.0050,400.00,no
2026-10-05T03:42:32.188774Z,KXBTC15M-26OCT042345-45,0.0050,1000.00,no
2026-10-05T03:42:32.188774Z,KXBTC15M-26OCT042345-45,0.0050,1098.00,no
2026-10-05T03:42:32.188774Z,KXBTC15M-26OCT042345-45,0.0050,200.00,no
2026-10-05T03:42:32.188774Z,KXBTC15M-26OCT042345-45,0.0050,1.00,no
2026-10-05T03:42:32.188774Z,KXBTC15M-26OCT042345-45,0.0050,22.00,no
2026-10-05T03:42:32.188774Z,KXBTC15M-26OCT042345-45,0.0050,0.01,no
2026-10-05T03:42:32.188774Z,KXBTC15M-26OCT042345-45,0.0050,0.01,no
2026-10-05T03:42:32.188774Z,KXBTC15M-26OCT042345-45,0.0050,15.00,no
2026-10-05T03:42:32.188774Z,KXBTC15M-26OCT042345-45,0.0050,15.00,no
2026-10-05T03:42:32.188774Z,KXBTC15M-26OCT042345-45,0.0050,15.00,no
2026-10-05T03:42:32.188774Z,KXBTC15M-26OCT042345-45,0.0050,15.00,no
2026-10-05T03:42:32.188774Z,KXBTC15M-26OCT042345-45,0.0050,15.00,no
2026-10-05T03:42:32.188774Z,KXBTC15M-26OCT042345-45,0.0050,150.00,no
2026-10-05T03:42:32.226671Z,KXBTC15M-26OCT042345-45,0.0040,200.00,no
2026-10-05T03:42:32.2415Z,KXBTC15M-26OCT042345-45,0.0040,200.00,no
2026-10-05T03:42:32.255187Z,KXBTC15M-26OCT042345-45,0.0040,200.00,no
2026-10-05T03:42:32.258035Z,KXBTC15M-26OCT042345-45,0.0050,23.92,yes
2026-10-05T03:42:32.279462Z,KXBTC15M-26OCT042345-45,0.0050,56.68,yes
2026-10-05T03:42:32.297344Z,KXBTC15M-26OCT042345-45,0.0040,200.00,no
2026-10-05T03:42:32.329482Z,KXBTC15M-26OCT042345-45,0.0040,13.20,no
2026-10-05T03:42:32.351182Z,KXBTC15M-26OCT042345-45,0.0040,10.00,no
2026-10-05T03:42:32.351182Z,KXBTC15M-26OCT042345-45,0.0040,2.00,no
2026-10-05T03:42:32.351182Z,KXBTC15M-26OCT042345-45,0.0040,20.00,no
2026-10-05T03:42:32.351182Z,KXBTC15M-26OCT042345-45,0.0040,0.01,no
2026-10-05T03:42:32.351182Z,KXBTC15M-26OCT042345-45,0.0040,400.00,no
2026-10-05T03:42:32.351182Z,KXBTC15M-26OCT042345-45,0.0040,49.67,no
2026-10-05T03:42:32.351182Z,KXBTC15M-26OCT042345-45,0.0040,1.00,no
2026-10-05T03:42:32.351182Z,KXBTC15M-26OCT042345-45,0.0040,0.01,no
2026-10-05T03:42:32.351182Z,KXBTC15M-26OCT042345-45,0.0040,100.00,no
2026-10-05T03:42:32.351182Z,KXBTC15M-26OCT042345-45,0.0040,150.00,no
2026-10-05T03:42:32.351182Z,KXBTC15M-26OCT042345-45,0.0040,200.00,no
2026-10-05T03:42:32.351182Z,KXBTC15M-26OCT042345-45,0.0040,986.80,no
2026-10-05T03:42:32.351182Z,KXBTC15M-26OCT042345-45,0.0040,1800.00,no
2026-10-05T03:42:32.351182Z,KXBTC15M-26OCT042345-45,0.0040,1800.00,no
2026-10-05T03:42:32.351182Z,KXBTC15M-26OCT042345-45,0.0040,512.00,no
2026-10-05T03:42:32.351182Z,KXBTC15M-26OCT042345-45,0.0040,120.00,no
2026-10-05T03:42:32.351182Z,KXBTC15M-26OCT042345-45,0.0040,1.00,no
2026-10-05T03:42:32.351182Z,KXBTC15M-26OCT042345-45,0.0040,1.00,no
2026-10-05T03:42:32.351182Z,KXBTC15M-26OCT042345-45,0.0040,1.00,no
2026-10-05T03:42:32.351182Z,KXBTC15M-26OCT042345-45,0.0040,1.00,no
2026-10-05T03:42:32.351182Z,KXBTC15M-26OCT042345-45,0.0040,13.00,no
2026-10-05T03:42:32.351182Z,KXBTC15M-26OCT042345-45,0.0040,1.00,no
2026-10-05T03:42:32.371128Z,KXBTC15M-26OCT042345-45,0.0040,18.81,no
2026-10-05T03:42:32.378869Z,KXBTC15M-26OCT042345-45,0.0040,200.00,no
2026-10-05T03:42:32.414028Z,KXBTC15M-26OCT042345-45,0.0050,7.79,yes
2026-10-05T03:42:32.435653Z,KXBTC15M-26OCT042345-45,0.0050,155.83,yes
2026-10-05T03:42:32.590416Z,KXBTC15M-26OCT042345-45,0.0040,78.76,no
2026-10-05T03:42:32.683539Z,KXBTC15M-26OCT042345-45,0.0040,2.44,no
2026-10-05T03:42:32.729146Z,KXBTC15M-26OCT042345-45,0.0050,2.00,yes
2026-10-05T03:42:32.769298Z,KXBTC15M-26OCT042345-45,0.0050,275.00,yes
2026-10-05T03:42:32.817165Z,KXBTC15M-26OCT042345-45,0.0050,1.00,yes
2026-10-05T03:42:32.999755Z,KXBTC15M-26OCT042345-45,0.0050,4.53,yes
2026-10-05T03:42:33.007674Z,KXBTC15M-26OCT042345-45,0.0050,26.04,yes
2026-10-05T03:42:33.028713Z,KXBTC15M-26OCT042345-45,0.0040,0.01,no
2026-10-05T03:42:33.028713Z,KXBTC15M-26OCT042345-45,0.0040,18.80,no
2026-10-05T03:42:33.028713Z,KXBTC15M-26OCT042345-45,0.0040,6.18,no
2026-10-05T03:42:33.028713Z,KXBTC15M-26OCT042345-45,0.0040,55.00,no
2026-10-05T03:42:33.028713Z,KXBTC15M-26OCT042345-45,0.0040,20.00,no
2026-10-05T03:42:33.028713Z,KXBTC15M-26OCT042345-45,0.0040,0.01,no
2026-10-05T03:42:33.085569Z,KXBTC15M-26OCT042345-45,0.0050,186.97,yes
2026-10-05T03:42:33.087687Z,KXBTC15M-26OCT042345-45,0.0050,897.49,yes
2026-10-05T03:42:33.226826Z,KXBTC15M-26OCT042345-45,0.0050,117.79,yes
2026-10-05T03:42:33.292244Z,KXBTC15M-26OCT042345-45,0.0050,6.73,yes
2026-10-05T03:42:33.300673Z,KXBTC15M-26OCT042345-45,0.0040,54.17,no
2026-10-05T03:42:33.40314Z,KXBTC15M-26OCT042345-45,0.0050,373.95,yes
2026-10-05T03:42:33.497095Z,KXBTC15M-26OCT042345-45,0.0040,0.01,no
2026-10-05T03:42:33.497095Z,KXBTC15M-26OCT042345-45,0.0040,21.48,no
2026-10-05T03:42:33.497095Z,KXBTC15M-26OCT042345-45,0.0040,100.00,no
2026-10-05T03:42:33.497095Z,KXBTC15M-26OCT042345-45,0.0040,0.01,no
2026-10-05T03:42:33.497095Z,KXBTC15M-26OCT042345-45,0.0040,20.00,no
2026-10-05T03:42:33.497095Z,KXBTC15M-26OCT042345-45,0.0040,10.00,no
2026-10-05T03:42:33.497095Z,KXBTC15M-26OCT042345-45,0.0040,339.65,no
2026-10-05T03:42:33.497095Z,KXBTC15M-26OCT042345-45,0.0040,150.00,no
2026-10-05T03:42:33.497095Z,KXBTC15M-26OCT042345-45,0.0040,10.00,no
2026-10-05T03:42:33.518455Z,KXBTC15M-26OCT042345-45,0.0040,27.79,no
2026-10-05T03:42:33.590196Z,KXBTC15M-26OCT042345-45,0.0040,62.24,no
2026-10-05T03:42:33.590196Z,KXBTC15M-26OCT042345-45,0.0040,72.21,no
2026-10-05T03:42:33.590196Z,KXBTC15M-26OCT042345-45,0.0040,20.00,no
2026-10-05T03:42:33.590196Z,KXBTC15M-26OCT042345-45,0.0040,0.01,no
2026-10-05T03:42:33.590196Z,KXBTC15M-26OCT042345-45,0.0040,0.01,no
2026-10-05T03:42:33.770959Z,KXBTC15M-26OCT042345-45,0.0040,18.60,no
2026-10-05T03:42:33.771843Z,KXBTC15M-26OCT042345-45,0.0040,20.07,no
2026-10-05T03:42:33.925434Z,KXBTC15M-26OCT042345-45,0.0040,12.45,no
2026-10-05T03:42:33.925434Z,KXBTC15M-26OCT042345-45,0.0040,49.09,no
2026-10-05T03:42:33.936441Z,KXBTC15M-26OCT042345-45,0.0040,98.67,no
2026-10-05T03:42:33.936441Z,KXBTC15M-26OCT042345-45,0.0040,387.55,no
2026-10-05T03:42:33.936441Z,KXBTC15M-26OCT042345-45,0.0040,1.00,no
2026-10-05T03:42:34.065417Z,KXBTC15M-26OCT042345-45,0.0040,1.66,no
2026-10-05T03:42:34.065417Z,KXBTC15M-26OCT042345-45,0.0040,1.33,no
2026-10-05T03:42:34.065417Z,KXBTC15M-26OCT042345-45,0.0040,0.01,no
2026-10-05T03:42:34.065417Z,KXBTC15M-26OCT042345-45,0.0040,0.01,no
2026-10-05T03:42:34.197694Z,KXBTC15M-26OCT042345-45,0.0040,44.23,no
2026-10-05T03:42:34.197694Z,KXBTC15M-26OCT042345-45,0.0040,10.00,no
2026-10-05T03:42:34.197694Z,KXBTC15M-26OCT042345-45,0.0040,18.34,no
2026-10-05T03:42:34.197694Z,KXBTC15M-26OCT042345-45,0.0040,10.00,no
2026-10-05T03:42:34.197694Z,KXBTC15M-26OCT042345-45,0.0040,150.00,no
2026-10-05T03:42:34.329298Z,KXBTC15M-26OCT042345-45,0.0050,0.01,yes
2026-10-05T03:42:34.329298Z,KXBTC15M-26OCT042345-45,0.0050,200.00,yes
2026-10-05T03:42:34.329298Z,KXBTC15M-26OCT042345-45,0.0050,13.20,yes
2026-10-05T03:42:34.329298Z,KXBTC15M-26OCT042345-45,0.0050,989.56,yes
2026-10-05T03:42:34.329298Z,KXBTC15M-26OCT042345-45,0.0050,200.00,yes
2026-10-05T03:42:34.329298Z,KXBTC15M-26OCT042345-45,0.0050,15.00,yes
2026-10-05T03:42:34.329298Z,KXBTC15M-26OCT042345-45,0.0050,200.00,yes
2026-10-05T03:42:34.329298Z,KXBTC15M-26OCT042345-45,0.0050,0.01,yes
2026-10-05T03:42:34.329298Z,KXBTC15M-26OCT042345-45,0.0050,200.00,yes
2026-10-05T03:42:34.329298Z,KXBTC15M-26OCT042345-45,0.0050,512.00,yes
2026-10-05T03:42:34.329298Z,KXBTC15M-26OCT042345-45,0.0050,1133.22,yes
2026-10-05T03:42:34.329298Z,KXBTC15M-26OCT042345-45,0.0050,15.00,yes
2026-10-05T03:42:34.329298Z,KXBTC15M-26OCT042345-45,0.0050,120.00,yes
2026-10-05T03:42:34.333209Z,KXBTC15M-26OCT042345-45,0.0040,6.29,no
2026-10-05T03:42:34.426343Z,KXBTC15M-26OCT042345-45,0.0050,99.47,yes
2026-10-05T03:42:34.57327Z,KXBTC15M-26OCT042345-45,0.0050,1.83,yes
2026-10-05T03:42:34.587117Z,KXBTC15M-26OCT042345-45,0.0040,8.55,no
2026-10-05T03:42:34.599612Z,KXBTC15M-26OCT042345-45,0.0050,233.44,yes
2026-10-05T03:42:34.642288Z,KXBTC15M-26OCT042345-45,0.0050,41.91,yes
2026-10-05T03:42:34.642288Z,KXBTC15M-26OCT042345-45,0.0050,332.04,yes
2026-10-05T03:42:34.65103Z,KXBTC15M-26OCT042345-45,0.0050,458.09,yes
2026-10-05T03:42:34.65103Z,KXBTC15M-26OCT042345-45,0.0050,196.91,yes
2026-10-05T03:42:34.743992Z,KXBTC15M-26OCT042345-45,0.0040,44.26,no
2026-10-05T03:42:34.873503Z,KXBTC15M-26OCT042345-45,0.0050,0.02,yes
2026-10-05T03:42:34.882134Z,KXBTC15M-26OCT042345-45,0.0050,2.01,yes
2026-10-05T03:42:34.90686Z,KXBTC15M-26OCT042345-45,0.0040,3.00,no
2026-10-05T03:42:34.957749Z,KXBTC15M-26OCT042345-45,0.0040,203.91,no
2026-10-05T03:42:34.968142Z,KXBTC15M-26OCT042345-45,0.0050,300.00,yes
2026-10-05T03:42:34.997719Z,KXBTC15M-26OCT042345-45,0.0050,186.97,yes
2026-10-05T03:42:35.085179Z,KXBTC15M-26OCT042345-45,0.0050,138.31,yes
2026-10-05T03:42:35.139343Z,KXBTC15M-26OCT042345-45,0.0050,186.97,yes
2026-10-05T03:42:35.17465Z,KXBTC15M-26OCT042345-45,0.0040,74.94,no
2026-10-05T03:42:35.175805Z,KXBTC15M-26OCT042345-45,0.0050,3.00,yes
2026-10-05T03:42:35.248373Z,KXBTC15M-26OCT042345-45,0.0050,37.39,yes
2026-10-05T03:42:35.335239Z,KXBTC15M-26OCT042345-45,0.0040,1.00,no
2026-10-05T03:42:35.335239Z,KXBTC15M-26OCT042345-45,0.0040,14.82,no
2026-10-05T03:42:35.335239Z,KXBTC15M-26OCT042345-45,0.0040,18.34,no
2026-10-05T03:42:35.335239Z,KXBTC15M-26OCT042345-45,0.0040,100.00,no
2026-10-05T03:42:35.335239Z,KXBTC15M-26OCT042345-45,0.0040,1.66,no
2026-10-05T03:42:35.335239Z,KXBTC15M-26OCT042345-45,0.0040,16.25,no
2026-10-05T03:42:35.335239Z,KXBTC15M-26OCT042345-45,0.0040,0.01,no
2026-10-05T03:42:35.335239Z,KXBTC15M-26OCT042345-45,0.0040,0.01,no
2026-10-05T03:42:35.335239Z,KXBTC15M-26OCT042345-45,0.0040,150.00,no
2026-10-05T03:42:35.355403Z,KXBTC15M-26OCT042345-45,0.0040,15.00,no
2026-10-05T03:42:35.355403Z,KXBTC15M-26OCT042345-45,0.0040,15.00,no
2026-10-05T03:42:35.355403Z,KXBTC15M-26OCT042345-45,0.0040,10.00,no
2026-10-05T03:42:35.355403Z,KXBTC15M-26OCT042345-45,0.0040,400.00,no
2026-10-05T03:42:35.355403Z,KXBTC15M-26OCT042345-45,0.0040,121.52,no
2026-10-05T03:42:35.355403Z,KXBTC15M-26OCT042345-45,0.0040,0.01,no
2026-10-05T03:42:35.355403Z,KXBTC15M-26OCT042345-45,0.0040,100.00,no
2026-10-05T03:42:35.355403Z,KXBTC15M-26OCT042345-45,0.0040,20.00,no
2026-10-05T03:42:35.362692Z,KXBTC15M-26OCT042345-45,0.0050,186.97,yes
2026-10-05T03:42:35.369063Z,KXBTC15M-26OCT042345-45,0.0050,354.74,yes
2026-10-05T03:42:35.369063Z,KXBTC15M-26OCT042345-45,0.0050,561.45,yes
2026-10-05T03:42:35.468824Z,KXBTC15M-26OCT042345-45,0.0040,16.05,no
2026-10-05T03:42:35.474782Z,KXBTC15M-26OCT042345-45,0.0040,12.43,no
2026-10-05T03:42:35.474782Z,KXBTC15M-26OCT042345-45,0.0040,3.11,no
2026-10-05T03:42:35.494707Z,KXBTC15M-26OCT042345-45,0.0050,242.25,yes
2026-10-05T03:42:35.62237Z,KXBTC15M-26OCT042345-45,0.0050,44.19,yes
2026-10-05T03:42:35.67795Z,KXBTC15M-26OCT042345-45,0.0040,16.89,no
2026-10-05T03:42:35.67795Z,KXBTC15M-26OCT042345-45,0.0040,344.11,no
2026-10-05T03:42:35.890748Z,KXBTC15M-26OCT042345-45,0.0040,22.91,no
2026-10-05T03:42:35.890748Z,KXBTC15M-26OCT042345-45,0.0040,55.89,no
2026-10-05T03:42:35.947045Z,KXBTC15M-26OCT042345-45,0.0050,500.00,yes
2026-10-05T03:42:35.947045Z,KXBTC15M-26OCT042345-45,0.0050,54.00,yes
2026-10-05T03:42:35.947045Z,KXBTC15M-26OCT042345-45,0.0050,18.00,yes
2026-10-05T03:42:35.947045Z,KXBTC15M-26OCT042345-45,0.0050,345.62,yes
2026-10-05T03:42:35.947045Z,KXBTC15M-26OCT042345-45,0.0050,576.00,yes
2026-10-05T03:42:35.947045Z,KXBTC15M-26OCT042345-45,0.0050,488.47,yes
2026-10-05T03:42:35.947045Z,KXBTC15M-26OCT042345-45,0.0050,0.02,yes
2026-10-05T03:42:35.947045Z,KXBTC15M-26OCT042345-45,0.0050,15.00,yes
2026-10-05T03:42:35.947045Z,KXBTC15M-26OCT042345-45,0.0050,0.01,yes
2026-10-05T03:42:35.947045Z,KXBTC15M-26OCT042345-45,0.0050,2.88,yes
2026-10-05T03:42:36.011639Z,KXBTC15M-26OCT042345-45,0.0050,1.00,yes
2026-10-05T03:42:36.011639Z,KXBTC15M-26OCT042345-45,0.0050,0.01,yes
2026-10-05T03:42:36.081886Z,KXBTC15M-26OCT042345-45,0.0040,1.00,no
2026-10-05T03:42:36.081886Z,KXBTC15M-26OCT042345-45,0.0040,77.09,no
2026-10-05T03:42:36.081886Z,KXBTC15M-26OCT042345-45,0.0040,121.91,no
2026-10-05T03:42:36.097029Z,KXBTC15M-26OCT042345-45,0.0040,78.09,no
2026-10-05T03:42:36.097029Z,KXBTC15M-26OCT042345-45,0.0040,3.11,no
2026-10-05T03:42:36.097029Z,KXBTC15M-26OCT042345-45,0.0040,92.80,no
2026-10-05T03:42:36.111843Z,KXBTC15M-26OCT042345-45,0.0040,57.20,no
2026-10-05T03:42:36.111843Z,KXBTC15M-26OCT042345-45,0.0040,115.91,no
2026-10-05T03:42:36.111843Z,KXBTC15M-26OCT042345-45,0.0040,10.00,no
2026-10-05T03:42:36.111843Z,KXBTC15M-26OCT042345-45,0.0040,16.89,no
2026-10-05T03:42:36.134856Z,KXBTC15M-26OCT042345-45,0.0050,10.58,yes
2026-10-05T03:42:36.16848Z,KXBTC15M-26OCT042345-45,0.0040,195.00,no
2026-10-05T03:42:36.173048Z,KXBTC15M-26OCT042345-45,0.0040,32.00,no
2026-10-05T03:42:36.288059Z,KXBTC15M-26OCT042345-45,0.0050,1.68,yes
2026-10-05T03:42:36.288059Z,KXBTC15M-26OCT042345-45,0.0050,3.42,yes
2026-10-05T03:42:36.346985Z,KXBTC15M-26OCT042345-45,0.0050,0.01,yes
2026-10-05T03:42:36.346985Z,KXBTC15M-26OCT042345-45,0.0050,13.32,yes
2026-10-05T03:42:36.346985Z,KXBTC15M-26OCT042345-45,0.0050,764.23,yes
2026-10-05T03:42:36.346985Z,KXBTC15M-26OCT042345-45,0.0050,0.01,yes
2026-10-05T03:42:36.377971Z,KXBTC15M-26OCT042345-45,0.0050,262.76,yes
2026-10-05T03:42:36.384931Z,KXBTC15M-26OCT042345-45,0.0040,15.00,no
2026-10-05T03:42:36.384931Z,KXBTC15M-26OCT042345-45,0.0040,57.09,no
2026-10-05T03:42:36.384931Z,KXBTC15M-26OCT042345-45,0.0040,0.01,no
2026-10-05T03:42:36.384931Z,KXBTC15M-26OCT042345-45,0.0040,127.90,no
2026-10-05T03:42:36.38931Z,KXBTC15M-26OCT042345-45,0.0040,80.00,no
2026-10-05T03:42:36.405361Z,KXBTC15M-26OCT042345-45,0.0040,200.00,no
2026-10-05T03:42:36.420661Z,KXBTC15M-26OCT042345-45,0.0040,68.00,no
2026-10-05T03:42:36.423884Z,KXBTC15M-26OCT042345-45,0.0040,3.11,no
2026-10-05T03:42:36.423884Z,KXBTC15M-26OCT042345-45,0.0040,72.79,no
2026-10-05T03:42:36.423884Z,KXBTC15M-26OCT042345-45,0.0040,100.00,no
2026-10-05T03:42:36.423884Z,KXBTC15M-26OCT042345-45,0.0040,24.10,no
2026-10-05T03:42:36.424061Z,KXBTC15M-26OCT042345-45,0.0040,80.00,no
2026-10-05T03:42:36.430781Z,KXBTC15M-26OCT042345-45,0.0050,26.17,yes
2026-10-05T03:42:36.467358Z,KXBTC15M-26OCT042345-45,0.0050,1.83,yes
2026-10-05T03:42:36.541991Z,KXBTC15M-26OCT042345-45,0.0040,47.21,no
2026-10-05T03:42:36.541991Z,KXBTC15M-26OCT042345-45,0.0040,135.90,no
2026-10-05T03:42:36.541991Z,KXBTC15M-26OCT042345-45,0.0040,16.89,no
2026-10-05T03:42:36.572992Z,KXBTC15M-26OCT042345-45,0.0050,18.44,yes
2026-10-05T03:42:36.589873Z,KXBTC15M-26OCT042345-45,0.0040,140.89,no
2026-10-05T03:42:36.589873Z,KXBTC15M-26OCT042345-45,0.0040,14.10,no
2026-10-05T03:42:36.589873Z,KXBTC15M-26OCT042345-45,0.0040,15.00,no
2026-10-05T03:42:36.589873Z,KXBTC15M-26OCT042345-45,0.0040,0.01,no
2026-10-05T03:42:36.589873Z,KXBTC15M-26OCT042345-45,0.0040,15.00,no
2026-10-05T03:42:36.589873Z,KXBTC15M-26OCT042345-45,0.0040,15.00,no
2026-10-05T03:42:36.644425Z,KXBTC15M-26OCT042345-45,0.0040,80.00,no
2026-10-05T03:42:36.665878Z,KXBTC15M-26OCT042345-45,0.0040,200.00,no
2026-10-05T03:42:36.76552Z,KXBTC15M-26OCT042345-45,0.0040,200.00,no
2026-10-05T03:42:36.835846Z,KXBTC15M-26OCT042345-45,0.0070,10.00,yes
2026-10-05T03:42:36.835846Z,KXBTC15M-26OCT042345-45,0.0070,15.00,yes
2026-10-05T03:42:36.835846Z,KXBTC15M-26OCT042345-45,0.0090,1282.05,yes
2026-10-05T03:42:36.835846Z,KXBTC15M-26OCT042345-45,0.0080,22.24,yes
2026-10-05T03:42:36.835846Z,KXBTC15M-26OCT042345-45,0.0070,1091.17,yes
2026-10-05T03:42:36.835846Z,KXBTC15M-26OCT042345-45,0.0070,0.02,yes
2026-10-05T03:42:36.835846Z,KXBTC15M-26OCT042345-45,0.0080,0.02,yes
2026-10-05T03:42:36.835846Z,KXBTC15M-26OCT042345-45,0.0060,15.00,yes
2026-10-05T03:42:36.835846Z,KXBTC15M-26OCT042345-45,0.0060,19.67,yes
2026-10-05T03:42:36.835846Z,KXBTC15M-26OCT042345-45,0.0060,1290.15,yes
2026-10-05T03:42:36.835846Z,KXBTC15M-26OCT042345-45,0.0060,15.00,yes
2026-10-05T03:42:36.835846Z,KXBTC15M-26OCT042345-45,0.0060,15.00,yes
2026-10-05T03:42:36.835846Z,KXBTC15M-26OCT042345-45,0.0060,0.02,yes
2026-10-05T03:42:36.835846Z,KXBTC15M-26OCT042345-45,0.0060,2246.00,yes
2026-10-05T03:42:36.835846Z,KXBTC15M-26OCT042345-45,0.0070,15.00,yes
2026-10-05T03:42:36.835846Z,KXBTC15M-26OCT042345-45,0.0060,4341.00,yes
2026-10-05T03:42:36.835846Z,KXBTC15M-26OCT042345-45,0.0080,14.00,yes
2026-10-05T03:42:36.835846Z,KXBTC15M-26OCT042345-45,0.0050,0.02,yes
2026-10-05T03:42:36.835846Z,KXBTC15M-26OCT042345-45,0.0050,0.01,yes
2026-10-05T03:42:36.835846Z,KXBTC15M-26OCT042345-45,0.0060,1000.00,yes
2026-10-05T03:42:36.835846Z,KXBTC15M-26OCT042345-45,0.0050,0.01,yes
2026-10-05T03:42:36.835846Z,KXBTC15M-26OCT042345-45,0.0050,260.80,yes
2026-10-05T03:42:36.835846Z,KXBTC15M-26OCT042345-45,0.0070,648.00,yes
2026-10-05T03:42:36.835846Z,KXBTC15M-26OCT042345-45,0.0050,310.00,yes
2026-10-05T03:42:36.835846Z,KXBTC15M-26OCT042345-45,0.0050,15.00,yes
2026-10-05T03:42:36.835846Z,KXBTC15M-26OCT042345-45,0.0050,15.00,yes
2026-10-05T03:42:36.835846Z,KXBTC15M-26OCT042345-45,0.0050,500.00,yes
2026-10-05T03:42:36.854268Z,KXBTC15M-26OCT042345-45,0.0060,70.00,no
2026-10-05T03:42:36.854268Z,KXBTC15M-26OCT042345-45,0.0060,70.00,no
2026-10-05T03:42:36.854268Z,KXBTC15M-26OCT042345-45,0.0060,60.00,no
2026-10-05T03:42:36.90189Z,KXBTC15M-26OCT042345-45,0.0060,5.00,no
2026-10-05T03:42:37.101133Z,KXBTC15M-26OCT042345-45,0.0060,5.00,no
2026-10-05T03:42:37.101133Z,KXBTC15M-26OCT042345-45,0.0060,5.02,no
2026-10-05T03:42:37.122103Z,KXBTC15M-26OCT042345-45,0.0070,10.57,yes
2026-10-05T03:42:37.122103Z,KXBTC15M-26OCT042345-45,0.0070,0.01,yes
2026-10-05T03:42:37.122103Z,KXBTC15M-26OCT042345-45,0.0070,289.41,yes
2026-10-05T03:42:37.122103Z,KXBTC15M-26OCT042345-45,0.0070,0.01,yes
2026-10-05T03:42:37.246445Z,KXBTC15M-26OCT042345-45,0.0070,7.43,yes
2026-10-05T03:42:37.246445Z,KXBTC15M-26OCT042345-45,0.0070,92.57,yes
2026-10-05T03:42:37.246445Z,KXBTC15M-26OCT042345-45,0.0070,200.00,yes
2026-10-05T03:42:37.298791Z,KXBTC15M-26OCT042345-45,0.0060,230.87,no
2026-10-05T03:42:37.298791Z,KXBTC15M-26OCT042345-45,0.0060,0.01,no
2026-10-05T03:42:37.298791Z,KXBTC15M-26OCT042345-45,0.0060,20.00,no
2026-10-05T03:42:37.298791Z,KXBTC15M-26OCT042345-45,0.0060,70.00,no
2026-10-05T03:42:37.298791Z,KXBTC15M-26OCT042345-45,0.0060,0.01,no
2026-10-05T03:42:37.298791Z,KXBTC15M-26OCT042345-45,0.0060,64.98,no
2026-10-05T03:42:37.298791Z,KXBTC15M-26OCT042345-45,0.0060,200.00,no
2026-10-05T03:42:37.437589Z,KXBTC15M-26OCT042345-45,0.0070,23.47,yes
2026-10-05T03:42:37.437589Z,KXBTC15M-26OCT042345-45,0.0070,107.43,yes
2026-10-05T03:42:37.539159Z,KXBTC15M-26OCT042345-45,0.0070,145.00,yes
2026-10-05T03:42:37.57816Z,KXBTC15M-26OCT042345-45,0.0070,0.02,yes
2026-10-05T03:42:37.722186Z,KXBTC15M-26OCT042345-45,0.0070,447.00,yes
2026-10-05T03:42:37.814331Z,KXBTC15M-26OCT042345-45,0.0060,10.00,no
2026-10-05T03:42:37.833289Z,KXBTC15M-26OCT042345-45,0.0070,19.63,yes
2026-10-05T03:42:37.837411Z,KXBTC15M-26OCT042345-45,0.0070,150.00,yes
2026-10-05T03:42:37.921959Z,KXBTC15M-26OCT042345-45,0.0060,37.21,no
2026-10-05T03:42:37.95829Z,KXBTC15M-26OCT042345-45,0.0070,525.00,yes
2026-10-05T03:42:38.018414Z,KXBTC15M-26OCT042345-45,0.0070,22.18,yes
2026-10-05T03:42:38.06322Z,KXBTC15M-26OCT042345-45,0.0060,20.11,no
2026-10-05T03:42:38.081257Z,KXBTC15M-26OCT042345-45,0.0070,500.00,yes
2026-10-05T03:42:38.09388Z,KXBTC15M-26OCT042345-45,0.0070,16.00,yes
2026-10-05T03:42:38.09388Z,KXBTC15M-26OCT042345-45,0.0070,0.01,yes
2026-10-05T03:42:38.09388Z,KXBTC15M-26OCT042345-45,0.0070,104.54,yes
2026-10-05T03:42:38.09388Z,KXBTC15M-26OCT042345-45,0.0070,0.01,yes
2026-10-05T03:42:38.09388Z,KXBTC15M-26OCT042345-45,0.0080,249.01,yes
2026-10-05T03:42:38.09388Z,KXBTC15M-26OCT042345-45,0.0070,0.02,yes
2026-10-05T03:42:38.09388Z,KXBTC15M-26OCT042345-45,0.0070,120.38,yes
2026-10-05T03:42:38.09388Z,KXBTC15M-26OCT042345-45,0.0080,15.00,yes
2026-10-05T03:42:38.338016Z,KXBTC15M-26OCT042345-45,0.0080,0.02,yes
2026-10-05T03:42:38.338016Z,KXBTC15M-26OCT042345-45,0.0080,12.77,yes
2026-10-05T03:42:38.338016Z,KXBTC15M-26OCT042345-45,0.0080,0.01,yes
2026-10-05T03:42:38.338016Z,KXBTC15M-26OCT042345-45,0.0080,0.01,yes
2026-10-05T03:42:38.398567Z,KXBTC15M-26OCT042345-45,0.0070,0.01,no
2026-10-05T03:42:38.514772Z,KXBTC15M-26OCT042345-45,0.0090,248.43,yes
2026-10-05T03:42:38.514772Z,KXBTC15M-26OCT042345-45,0.0080,11.23,yes
2026-10-05T03:42:38.514772Z,KXBTC15M-26OCT042345-45,0.0080,0.01,yes
2026-10-05T03:42:38.514772Z,KXBTC15M-26OCT042345-45,0.0080,0.01,yes
2026-10-05T03:42:38.514772Z,KXBTC15M-26OCT042345-45,0.0090,95.89,yes
2026-10-05T03:42:38.514772Z,KXBTC15M-26OCT042345-45,0.0090,15.00,yes
2026-10-05T03:42:38.514772Z,KXBTC15M-26OCT042345-45,0.0090,80.00,yes
2026-10-05T03:42:38.514772Z,KXBTC15M-26OCT042345-45,0.0090,17.00,yes
2026-10-05T03:42:38.514772Z,KXBTC15M-26OCT042345-45,0.0090,0.02,yes
2026-10-05T03:42:38.561627Z,KXBTC15M-26OCT042345-45,0.0080,0.01,no
2026-10-05T03:42:38.561627Z,KXBTC15M-26OCT042345-45,0.0070,0.01,no
2026-10-05T03:42:38.561627Z,KXBTC15M-26OCT042345-45,0.0080,0.01,no
2026-10-05T03:42:38.561627Z,KXBTC15M-26OCT042345-45,0.0070,0.01,no
2026-10-05T03:42:38.561627Z,KXBTC15M-26OCT042345-45,0.0070,104.77,no
2026-10-05T03:42:38.583547Z,KXBTC15M-26OCT042345-45,0.0080,7.26,yes
2026-10-05T03:42:38.653695Z,KXBTC15M-26OCT042345-45,0.0080,7.26,yes
2026-10-05T03:42:38.734152Z,KXBTC15M-26OCT042345-45,0.0080,0.48,yes
2026-10-05T03:42:38.734152Z,KXBTC15M-26OCT042345-45,0.0080,6.78,yes
2026-10-05T03:42:38.737698Z,KXBTC15M-26OCT042345-45,0.0070,0.01,no
2026-10-05T03:42:38.737698Z,KXBTC15M-26OCT042345-45,0.0070,301.94,no
2026-10-05T03:42:38.737698Z,KXBTC15M-26OCT042345-45,0.0070,0.01,no
2026-10-05T03:42:38.760489Z,KXBTC15M-26OCT042345-45,0.0090,89.51,yes
2026-10-05T03:42:38.760489Z,KXBTC15M-26OCT042345-45,0.0080,15.22,yes
2026-10-05T03:42:38.760489Z,KXBTC15M-26OCT042345-45,0.0080,0.02,yes
2026-10-05T03:42:38.760489Z,KXBTC15M-26OCT042345-45,0.0080,0.01,yes
2026-10-05T03:42:38.760489Z,KXBTC15M-26OCT042345-45,0.0080,0.01,yes
2026-10-05T03:42:38.77556Z,KXBTC15M-26OCT042345-45,0.0080,0.01,no
2026-10-05T03:42:38.77556Z,KXBTC15M-26OCT042345-45,0.0060,15.00,no
2026-10-05T03:42:38.77556Z,KXBTC15M-26OCT042345-45,0.0070,0.01,no
2026-10-05T03:42:38.77556Z,KXBTC15M-26OCT042345-45,0.0070,959.00,no
2026-10-05T03:42:38.77556Z,KXBTC15M-26OCT042345-45,0.0070,0.01,no
2026-10-05T03:42:38.77556Z,KXBTC15M-26OCT042345-45,0.0070,784.00,no
2026-10-05T03:42:38.77556Z,KXBTC15M-26OCT042345-45,0.0070,15.00,no
2026-10-05T03:42:38.77556Z,KXBTC15M-26OCT042345-45,0.0070,200.00,no
2026-10-05T03:42:38.77556Z,KXBTC15M-26OCT042345-45,0.0060,100.00,no
2026-10-05T03:42:38.77556Z,KXBTC15M-26OCT042345-45,0.0080,0.01,no
2026-10-05T03:42:38.77556Z,KXBTC15M-26OCT042345-45,0.0080,686.00,no
2026-10-05T03:42:38.909196Z,KXBTC15M-26OCT042345-45,0.0060,7.26,yes
2026-10-05T03:42:38.909435Z,KXBTC15M-26OCT042345-45,0.0060,360.96,yes
2026-10-05T03:42:38.937351Z,KXBTC15M-26OCT042345-45,0.0050,5.02,no
2026-10-05T03:42:38.963109Z,KXBTC15M-26OCT042345-45,0.0060,104.77,yes
2026-10-05T03:42:39.012727Z,KXBTC15M-26OCT042345-45,0.0060,5.00,yes
2026-10-05T03:42:39.074668Z,KXBTC15M-26OCT042345-45,0.0060,2.55,yes
2026-10-05T03:42:39.110913Z,KXBTC15M-26OCT042345-45,0.0050,152.01,no
2026-10-05T03:42:39.110913Z,KXBTC15M-26OCT042345-45,0.0050,9.98,no
2026-10-05T03:42:39.14899Z,KXBTC15M-26OCT042345-45,0.0050,0.12,no
2026-10-05T03:42:39.213901Z,KXBTC15M-26OCT042345-45,0.0050,1.00,no
2026-10-05T03:42:39.25054Z,KXBTC15M-26OCT042345-45,0.0060,295.00,yes
2026-10-05T03:42:39.26087Z,KXBTC15M-26OCT042345-45,0.0050,80.00,no
2026-10-05T03:42:39.287613Z,KXBTC15M-26OCT042345-45,0.0060,5.00,yes
2026-10-05T03:42:39.356223Z,KXBTC15M-26OCT042345-45,0.0060,0.02,yes
2026-10-05T03:42:39.356223Z,KXBTC15M-26OCT042345-45,0.0060,0.01,yes
2026-10-05T03:42:39.356223Z,KXBTC15M-26OCT042345-45,0.0060,0.01,yes
2026-10-05T03:42:39.356223Z,KXBTC15M-26OCT042345-45,0.0060,15.51,yes
2026-10-05T03:42:39.356223Z,KXBTC15M-26OCT042345-45,0.0060,984.45,yes
2026-10-05T03:42:39.400188Z,KXBTC15M-26OCT042345-45,0.0060,0.01,yes
2026-10-05T03:42:39.400188Z,KXBTC15M-26OCT042345-45,0.0060,0.01,yes
2026-10-05T03:42:39.417018Z,KXBTC15M-26OCT042345-45,0.0060,10.00,no
2026-10-05T03:42:39.417018Z,KXBTC15M-26OCT042345-45,0.0060,70.00,no
2026-10-05T03:42:39.452341Z,KXBTC15M-26OCT042345-45,0.0060,3.01,no
2026-10-05T03:42:39.473577Z,KXBTC15M-26OCT042345-45,0.0080,1.48,yes
2026-10-05T03:42:39.473577Z,KXBTC15M-26OCT042345-45,0.0070,0.02,yes
2026-10-05T03:42:39.473577Z,KXBTC15M-26OCT042345-45,0.0070,0.01,yes
2026-10-05T03:42:39.473577Z,KXBTC15M-26OCT042345-45,0.0070,0.01,yes
2026-10-05T03:42:39.643231Z,KXBTC15M-26OCT042345-45,0.0080,17.50,yes
2026-10-05T03:42:39.736337Z,KXBTC15M-26OCT042345-45,0.0080,1.02,yes
2026-10-05T03:42:39.736337Z,KXBTC15M-26OCT042345-45,0.0080,11.63,yes
2026-10-05T03:42:39.736337Z,KXBTC15M-26OCT042345-45,0.0080,0.02,yes
2026-10-05T03:42:39.916943Z,KXBTC15M-26OCT042345-45,0.0080,462.27,yes
2026-10-05T03:42:39.916943Z,KXBTC15M-26OCT042345-45,0.0080,0.01,yes
2026-10-05T03:42:39.916943Z,KXBTC15M-26OCT042345-45,0.0080,0.01,yes
2026-10-05T03:42:39.916943Z,KXBTC15M-26OCT042345-45,0.0080,3.37,yes
2026-10-05T03:42:39.967132Z,KXBTC15M-26OCT042345-45,0.0080,105.42,yes
2026-10-05T03:42:39.995873Z,KXBTC15M-26OCT042345-45,0.0080,96.54,yes
2026-10-05T03:42:40.04153Z,KXBTC15M-26OCT042345-45,0.0080,12.57,yes
2026-10-05T03:42:40.109758Z,KXBTC15M-26OCT042345-45,0.0090,0.02,yes
2026-10-05T03:42:40.109758Z,KXBTC15M-26OCT042345-45,0.0090,70.00,yes
2026-10-05T03:42:40.109758Z,KXBTC15M-26OCT042345-45,0.0080,16.00,yes
2026-10-05T03:42:40.109758Z,KXBTC15M-26OCT042345-45,0.0080,323.20,yes
2026-10-05T03:42:40.109758Z,KXBTC15M-26OCT042345-45,0.0090,94.79,yes
2026-10-05T03:42:40.109758Z,KXBTC15M-26OCT042345-45,0.0080,0.01,yes
2026-10-05T03:42:40.109758Z,KXBTC15M-26OCT042345-45,0.0090,17.00,yes
2026-10-05T03:42:40.109758Z,KXBTC15M-26OCT042345-45,0.0080,0.01,yes
2026-10-05T03:42:40.355475Z,KXBTC15M-26OCT042345-45,0.0080,17.18,no
2026-10-05T03:42:40.47526Z,KXBTC15M-26OCT042345-45,0.0080,7.64,no
2026-10-05T03:42:40.502766Z,KXBTC15M-26OCT042345-45,0.0080,34.39,no
2026-10-05T03:42:40.502766Z,KXBTC15M-26OCT042345-45,0.0080,0.01,no
2026-10-05T03:42:40.502766Z,KXBTC15M-26OCT042345-45,0.0080,0.01,no
2026-10-05T03:42:40.502766Z,KXBTC15M-26OCT042345-45,0.0080,45.18,no
2026-10-05T03:42:40.502766Z,KXBTC15M-26OCT042345-45,0.0080,70.00,no
2026-10-05T03:42:40.531751Z,KXBTC15M-26OCT042345-45,0.0090,0.01,yes
2026-10-05T03:42:40.531751Z,KXBTC15M-26OCT042345-45,0.0090,0.01,yes
2026-10-05T03:42:40.531751Z,KXBTC15M-26OCT042345-45,0.0090,11.20,yes
2026-10-05T03:42:40.626912Z,KXBTC15M-26OCT042345-45,0.0090,5.80,yes
2026-10-05T03:42:40.626912Z,KXBTC15M-26OCT042345-45,0.0090,22.00,yes
2026-10-05T03:42:40.626912Z,KXBTC15M-26OCT042345-45,0.0090,0.01,yes
2026-10-05T03:42:40.626912Z,KXBTC15M-26OCT042345-45,0.0090,11.20,yes
2026-10-05T03:42:40.626912Z,KXBTC15M-26OCT042345-45,0.0090,0.01,yes
2026-10-05T03:42:40.626912Z,KXBTC15M-26OCT042345-45,0.0090,400.00,yes
2026-10-05T03:42:40.626912Z,KXBTC15M-26OCT042345-45,0.0100,50.00,yes
2026-10-05T03:42:40.626912Z,KXBTC15M-26OCT042345-45,0.0100,56.00,yes
2026-10-05T03:42:40.626912Z,KXBTC15M-26OCT042345-45,0.0100,5.99,yes
2026-10-05T03:42:40.626912Z,KXBTC15M-26OCT042345-45,0.0100,0.03,yes
2026-10-05T03:42:40.626912Z,KXBTC15M-26OCT042345-45,0.0100,5.99,yes
2026-10-05T03:42:40.626912Z,KXBTC15M-26OCT042345-45,0.0100,2730.00,yes
2026-10-05T03:42:40.626912Z,KXBTC15M-26OCT042345-45,0.0100,100.00,yes
2026-10-05T03:42:40.626912Z,KXBTC15M-26OCT042345-45,0.0100,8680.60,yes
2026-10-05T03:42:40.643084Z,KXBTC15M-26OCT042345-45,0.0090,9.45,no
2026-10-05T03:42:40.705589Z,KXBTC15M-26OCT042345-45,0.0090,0.01,no
2026-10-05T03:42:40.705589Z,KXBTC15M-26OCT042345-45,0.0090,23.50,no
2026-10-05T03:42:40.705589Z,KXBTC15M-26OCT042345-45,0.0090,70.00,no
2026-10-05T03:42:40.705589Z,KXBTC15M-26OCT042345-45,0.0090,0.01,no
2026-10-05T03:42:40.705589Z,KXBTC15M-26OCT042345-45,0.0090,0.55,no
2026-10-05T03:42:40.72188Z,KXBTC15M-26OCT042345-45,0.0100,8.40,yes
2026-10-05T03:42:40.72188Z,KXBTC15M-26OCT042345-45,0.0100,182.88,yes
2026-10-05T03:42:40.741388Z,KXBTC15M-26OCT042345-45,0.0090,0.01,no
2026-10-05T03:42:40.741388Z,KXBTC15M-26OCT042345-45,0.0090,0.01,no
2026-10-05T03:42:40.813413Z,KXBTC15M-26OCT042345-45,0.0100,92.74,yes
2026-10-05T03:42:40.861711Z,KXBTC15M-26OCT042345-45,0.0050,337.11,no
2026-10-05T03:42:40.861711Z,KXBTC15M-26OCT042345-45,0.0080,339.00,no
2026-10-05T03:42:40.861711Z,KXBTC15M-26OCT042345-45,0.0060,15.00,no
2026-10-05T03:42:40.861711Z,KXBTC15M-26OCT042345-45,0.0090,0.01,no
2026-10-05T03:42:40.861711Z,KXBTC15M-26OCT042345-45,0.0080,0.01,no
2026-10-05T03:42:40.861711Z,KXBTC15M-26OCT042345-45,0.0080,200.00,no
2026-10-05T03:42:40.861711Z,KXBTC15M-26OCT042345-45,0.0060,200.00,no
2026-10-05T03:42:40.861711Z,KXBTC15M-26OCT042345-45,0.0080,686.00,no
2026-10-05T03:42:40.861711Z,KXBTC15M-26OCT042345-45,0.0090,10.00,no
2026-10-05T03:42:40.861711Z,KXBTC15M-26OCT042345-45,0.0080,0.01,no
2026-10-05T03:42:40.861711Z,KXBTC15M-26OCT042345-45,0.0090,0.01,no
2026-10-05T03:42:40.924276Z,KXBTC15M-26OCT042345-45,0.0090,366.00,yes
2026-10-05T03:42:40.924276Z,KXBTC15M-26OCT042345-45,0.0090,17.00,yes
2026-10-05T03:42:40.924276Z,KXBTC15M-26OCT042345-45,0.0090,0.01,yes
2026-10-05T03:42:40.924276Z,KXBTC15M-26OCT042345-45,0.0090,15.00,yes
2026-10-05T03:42:40.924276Z,KXBTC15M-26OCT042345-45,0.0090,0.01,yes
2026-10-05T03:42:40.924276Z,KXBTC15M-26OCT042345-45,0.0090,91.00,yes
2026-10-05T03:42:40.924276Z,KXBTC15M-26OCT042345-45,0.0090,22.00,yes
2026-10-05T03:42:40.932915Z,KXBTC15M-26OCT042345-45,0.0090,400.00,yes
2026-10-05T03:42:40.932915Z,KXBTC15M-26OCT042345-45,0.0090,0.01,yes
2026-10-05T03:42:40.932915Z,KXBTC15M-26OCT042345-45,0.0090,0.01,yes
2026-10-05T03:42:40.932915Z,KXBTC15M-26OCT042345-45,0.0090,450.00,yes
2026-10-05T03:42:40.932915Z,KXBTC15M-26OCT042345-45,0.0100,365.72,yes
2026-10-05T03:42:40.937856Z,KXBTC15M-26OCT042345-45,0.0090,0.01,yes
2026-10-05T03:42:40.937856Z,KXBTC15M-26OCT042345-45,0.0090,17.00,yes
2026-10-05T03:42:40.937856Z,KXBTC15M-26OCT042345-45,0.0090,100.00,yes
2026-10-05T03:42:40.937856Z,KXBTC15M-26OCT042345-45,0.0090,0.01,yes
2026-10-05T03:42:40.937856Z,KXBTC15M-26OCT042345-45,0.0100,122.13,yes
2026-10-05T03:42:40.954475Z,KXBTC15M-26OCT042345-45,0.0090,70.00,no
2026-10-05T03:42:40.954475Z,KXBTC15M-26OCT042345-45,0.0090,70.00,no
2026-10-05T03:42:40.954475Z,KXBTC15M-26OCT042345-45,0.0090,70.00,no
2026-10-05T03:42:40.954475Z,KXBTC15M-26OCT042345-45,0.0090,101.64,no
2026-10-05T03:42:41.198343Z,KXBTC15M-26OCT042345-45,0.0090,87.94,no
2026-10-05T03:42:41.7962Z,KXBTC15M-26OCT042345-45,0.0100,374.07,yes
2026-10-05T03:42:41.895429Z,KXBTC15M-26OCT042345-45,0.0090,11.59,no
2026-10-05T03:42:41.959111Z,KXBTC15M-26OCT042345-45,0.0100,43.95,yes
2026-10-05T03:42:41.980052Z,KXBTC15M-26OCT042345-45,0.0100,467.00,yes
2026-10-05T03:42:41.983195Z,KXBTC15M-26OCT042345-45,0.0100,14.33,yes
2026-10-05T03:42:42.039454Z,KXBTC15M-26OCT042345-45,0.0090,5.04,no
2026-10-05T03:42:42.069502Z,KXBTC15M-26OCT042345-45,0.0090,13.40,no
2026-10-05T03:42:42.145702Z,KXBTC15M-26OCT042345-45,0.0090,1.55,no
2026-10-05T03:42:42.221547Z,KXBTC15M-26OCT042345-45,0.0100,93.51,yes
2026-10-05T03:42:42.26893Z,KXBTC15M-26OCT042345-45,0.0100,0.02,yes
2026-10-05T03:42:42.273974Z,KXBTC15M-26OCT042345-45,0.0100,0.02,yes
2026-10-05T03:42:42.30943Z,KXBTC15M-26OCT042345-45,0.0090,20.00,no
2026-10-05T03:42:42.324112Z,KXBTC15M-26OCT042345-45,0.0090,138.43,no
2026-10-05T03:42:42.367606Z,KXBTC15M-26OCT042345-45,0.0100,1.04,yes
2026-10-05T03:42:42.491065Z,KXBTC15M-26OCT042345-45,0.0090,10.00,no
2026-10-05T03:42:42.491065Z,KXBTC15M-26OCT042345-45,0.0090,0.01,no
2026-10-05T03:42:42.491065Z,KXBTC15M-26OCT042345-45,0.0090,0.01,no
2026-10-05T03:42:42.491065Z,KXBTC15M-26OCT042345-45,0.0090,40.40,no
2026-10-05T03:42:42.904044Z,KXBTC15M-26OCT042345-45,0.0100,2.01,yes
2026-10-05T03:42:43.037371Z,KXBTC15M-26OCT042345-45,0.0100,93.51,yes
2026-10-05T03:42:43.090318Z,KXBTC15M-26OCT042345-45,0.0100,0.02,yes
2026-10-05T03:42:43.286775Z,KXBTC15M-26OCT042345-45,0.0100,29.00,yes
2026-10-05T03:42:43.286775Z,KXBTC15M-26OCT042345-45,0.0100,0.02,yes
2026-10-05T03:42:43.286775Z,KXBTC15M-26OCT042345-45,0.0100,0.01,yes
2026-10-05T03:42:43.286775Z,KXBTC15M-26OCT042345-45,0.0100,15.00,yes
2026-10-05T03:42:43.286775Z,KXBTC15M-26OCT042345-45,0.0100,30.00,yes
2026-10-05T03:42:43.286775Z,KXBTC15M-26OCT042345-45,0.0100,0.01,yes
2026-10-05T03:42:43.286775Z,KXBTC15M-26OCT042345-45,0.0100,16.00,yes
2026-10-05T03:42:43.286775Z,KXBTC15M-26OCT042345-45,0.0100,50.00,yes
2026-10-05T03:42:43.286775Z,KXBTC15M-26OCT042345-45,0.0110,51.34,yes
2026-10-05T03:42:43.286775Z,KXBTC15M-26OCT042345-45,0.0100,1.00,yes
2026-10-05T03:42:43.286775Z,KXBTC15M-26OCT042345-45,0.0100,9.00,yes
2026-10-05T03:42:43.286775Z,KXBTC15M-26OCT042345-45,0.0100,10.00,yes
2026-10-05T03:42:43.286775Z,KXBTC15M-26OCT042345-45,0.0100,24.18,yes
2026-10-05T03:42:43.286775Z,KXBTC15M-26OCT042345-45,0.0100,222.67,yes
2026-10-05T03:42:43.430772Z,KXBTC15M-26OCT042345-45,0.0110,31.93,yes
2026-10-05T03:42:43.490854Z,KXBTC15M-26OCT042345-45,0.0100,10.00,no
2026-10-05T03:42:43.490854Z,KXBTC15M-26OCT042345-45,0.0100,20.70,no
2026-10-05T03:42:43.566425Z,KXBTC15M-26OCT042345-45,0.0100,0.16,no
2026-10-05T03:42:43.590312Z,KXBTC15M-26OCT042345-45,0.0100,29.14,no
2026-10-05T03:42:43.590312Z,KXBTC15M-26OCT042345-45,0.0060,15.00,no
2026-10-05T03:42:43.590312Z,KXBTC15M-26OCT042345-45,0.0100,0.01,no
2026-10-05T03:42:43.590312Z,KXBTC15M-26OCT042345-45,0.0090,65.00,no
2026-10-05T03:42:43.590312Z,KXBTC15M-26OCT042345-45,0.0100,0.01,no
2026-10-05T03:42:43.590312Z,KXBTC15M-26OCT042345-45,0.0050,839.60,no
2026-10-05T03:42:43.590312Z,KXBTC15M-26OCT042345-45,0.0080,15.00,no
2026-10-05T03:42:43.590312Z,KXBTC15M-26OCT042345-45,0.0060,10.00,no
2026-10-05T03:42:43.658805Z,KXBTC15M-26OCT042345-45,0.0070,4.93,no
2026-10-05T03:42:43.702862Z,KXBTC15M-26OCT042345-45,0.0090,0.01,yes
2026-10-05T03:42:43.702862Z,KXBTC15M-26OCT042345-45,0.0080,15.00,yes
2026-10-05T03:42:43.702862Z,KXBTC15M-26OCT042345-45,0.0090,13.00,yes
2026-10-05T03:42:43.702862Z,KXBTC15M-26OCT042345-45,0.0090,0.01,yes
2026-10-05T03:42:43.702862Z,KXBTC15M-26OCT042345-45,0.0090,19.96,yes
2026-10-05T03:42:43.702862Z,KXBTC15M-26OCT042345-45,0.0080,0.01,yes
2026-10-05T03:42:43.702862Z,KXBTC15M-26OCT042345-45,0.0080,0.01,yes
2026-10-05T03:42:43.722052Z,KXBTC15M-26OCT042345-45,0.0080,0.01,yes
2026-10-05T03:42:43.722052Z,KXBTC15M-26OCT042345-45,0.0080,0.01,yes
2026-10-05T03:42:43.778048Z,KXBTC15M-26OCT042345-45,0.0100,7.21,yes
2026-10-05T03:42:43.778048Z,KXBTC15M-26OCT042345-45,0.0080,0.01,yes
2026-10-05T03:42:43.778048Z,KXBTC15M-26OCT042345-45,0.0080,0.01,yes
2026-10-05T03:42:43.778048Z,KXBTC15M-26OCT042345-45,0.0090,0.01,yes
2026-10-05T03:42:43.797285Z,KXBTC15M-26OCT042345-45,0.0080,0.01,yes
2026-10-05T03:42:43.797285Z,KXBTC15M-26OCT042345-45,0.0080,0.01,yes
2026-10-05T03:42:43.797285Z,KXBTC15M-26OCT042345-45,0.0100,42.21,yes
2026-10-05T03:42:43.797285Z,KXBTC15M-26OCT042345-45,0.0100,42.79,yes
2026-10-05T03:42:43.830177Z,KXBTC15M-26OCT042345-45,0.0080,3.02,no
2026-10-05T03:42:43.895232Z,KXBTC15M-26OCT042345-45,0.0080,57.31,no
2026-10-05T03:42:43.899416Z,KXBTC15M-26OCT042345-45,0.0090,0.01,yes
2026-10-05T03:42:43.899796Z,KXBTC15M-26OCT042345-45,0.0080,5.30,no
2026-10-05T03:42:43.928495Z,KXBTC15M-26OCT042345-45,0.0100,1.00,yes
2026-10-05T03:42:43.928495Z,KXBTC15M-26OCT042345-45,0.0090,0.01,yes
2026-10-05T03:42:43.928495Z,KXBTC15M-26OCT042345-45,0.0100,15.00,yes
2026-10-05T03:42:43.928495Z,KXBTC15M-26OCT042345-45,0.0090,0.01,yes
2026-10-05T03:42:43.928495Z,KXBTC15M-26OCT042345-45,0.0100,10.71,yes
2026-10-05T03:42:43.928495Z,KXBTC15M-26OCT042345-45,0.0090,11.99,yes
2026-10-05T03:42:44.154392Z,KXBTC15M-26OCT042345-45,0.0080,1.00,no
2026-10-05T03:42:44.154392Z,KXBTC15M-26OCT042345-45,0.0080,0.01,no
2026-10-05T03:42:44.154392Z,KXBTC15M-26OCT042345-45,0.0080,0.01,no
2026-10-05T03:42:44.154392Z,KXBTC15M-26OCT042345-45,0.0080,0.21,no
2026-10-05T03:42:44.217255Z,KXBTC15M-26OCT042345-45,0.0100,42.13,yes
2026-10-05T03:42:44.217255Z,KXBTC15M-26OCT042345-45,0.0090,0.01,yes
2026-10-05T03:42:44.217255Z,KXBTC15M-26OCT042345-45,0.0090,0.01,yes
2026-10-05T03:42:44.217255Z,KXBTC15M-26OCT042345-45,0.0090,11.00,yes
2026-10-05T03:42:44.217255Z,KXBTC15M-26OCT042345-45,0.0090,17.00,yes
2026-10-05T03:42:44.254509Z,KXBTC15M-26OCT042345-45,0.0080,14.79,no
2026-10-05T03:42:44.254509Z,KXBTC15M-26OCT042345-45,0.0080,0.01,no
2026-10-05T03:42:44.254509Z,KXBTC15M-26OCT042345-45,0.0080,0.01,no
2026-10-05T03:42:44.346175Z,KXBTC15M-26OCT042345-45,0.0080,36.33,yes
2026-10-05T03:42:44.405651Z,KXBTC15M-26OCT042345-45,0.0080,1.00,yes
2026-10-05T03:42:44.405651Z,KXBTC15M-26OCT042345-45,0.0080,500.00,yes
2026-10-05T03:42:44.405651Z,KXBTC15M-26OCT042345-45,0.0080,33.67,yes
2026-10-05T03:42:44.405651Z,KXBTC15M-26OCT042345-45,0.0080,70.00,yes
2026-10-05T03:42:44.405651Z,KXBTC15M-26OCT042345-45,0.0080,0.02,yes
2026-10-05T03:42:44.405651Z,KXBTC15M-26OCT042345-45,0.0080,0.01,yes
2026-10-05T03:42:44.405651Z,KXBTC15M-26OCT042345-45,0.0080,70.00,yes
2026-10-05T03:42:44.405651Z,KXBTC15M-26OCT042345-45,0.0080,8.25,yes
2026-10-05T03:42:44.405651Z,KXBTC15M-26OCT042345-45,0.0080,100.00,yes
2026-10-05T03:42:44.405651Z,KXBTC15M-26OCT042345-45,0.0080,70.00,yes
2026-10-05T03:42:44.405651Z,KXBTC15M-26OCT042345-45,0.0080,70.00,yes
2026-10-05T03:42:44.405651Z,KXBTC15M-26OCT042345-45,0.0080,200.00,yes
2026-10-05T03:42:44.405651Z,KXBTC15M-26OCT042345-45,0.0080,0.01,yes
2026-10-05T03:42:44.413269Z,KXBTC15M-26OCT042345-45,0.0080,35.35,yes
2026-10-05T03:42:44.577541Z,KXBTC15M-26OCT042345-45,0.0050,90.16,no
2026-10-05T03:42:44.577541Z,KXBTC15M-26OCT042345-45,0.0050,15.00,no
2026-10-05T03:42:44.577541Z,KXBTC15M-26OCT042345-45,0.0050,1.00,no
2026-10-05T03:42:44.577541Z,KXBTC15M-26OCT042345-45,0.0070,15.00,no
2026-10-05T03:42:44.577541Z,KXBTC15M-26OCT042345-45,0.0070,15.00,no
2026-10-05T03:42:44.577541Z,KXBTC15M-26OCT042345-45,0.0050,53.48,no
2026-10-05T03:42:44.577541Z,KXBTC15M-26OCT042345-45,0.0070,0.01,no
2026-10-05T03:42:44.577541Z,KXBTC15M-26OCT042345-45,0.0060,66.00,no
2026-10-05T03:42:44.577541Z,KXBTC15M-26OCT042345-45,0.0070,0.01,no
2026-10-05T03:42:44.577541Z,KXBTC15M-26OCT042345-45,0.0060,40.00,no
2026-10-05T03:42:44.686105Z,KXBTC15M-26OCT042345-45,0.0090,0.02,yes
2026-10-05T03:42:44.686105Z,KXBTC15M-26OCT042345-45,0.0090,11.00,yes
2026-10-05T03:42:44.686105Z,KXBTC15M-26OCT042345-45,0.0080,0.01,yes
2026-10-05T03:42:44.686105Z,KXBTC15M-26OCT042345-45,0.0090,188.45,yes
2026-10-05T03:42:44.686105Z,KXBTC15M-26OCT042345-45,0.0080,0.01,yes
2026-10-05T03:42:44.712674Z,KXBTC15M-26OCT042345-45,0.0070,0.01,no
2026-10-05T03:42:44.712674Z,KXBTC15M-26OCT042345-45,0.0080,0.01,no
2026-10-05T03:42:44.712674Z,KXBTC15M-26OCT042345-45,0.0070,13.50,no
2026-10-05T03:42:44.712674Z,KXBTC15M-26OCT042345-45,0.0070,0.01,no
2026-10-05T03:42:44.712674Z,KXBTC15M-26OCT042345-45,0.0080,0.01,no
2026-10-05T03:42:44.73864Z,KXBTC15M-26OCT042345-45,0.0070,382.10,no
2026-10-05T03:42:44.739775Z,KXBTC15M-26OCT042345-45,0.0070,388.40,no
2026-10-05T03:42:44.739775Z,KXBTC15M-26OCT042345-45,0.0070,104.27,no
2026-10-05T03:42:44.739775Z,KXBTC15M-26OCT042345-45,0.0070,1.00,no
2026-10-05T03:42:44.8118Z,KXBTC15M-26OCT042345-45,0.0080,21.33,yes
2026-10-05T03:42:44.8118Z,KXBTC15M-26OCT042345-45,0.0080,15.00,yes
2026-10-05T03:42:44.878108Z,KXBTC15M-26OCT042345-45,0.0070,15.00,no
2026-10-05T03:42:44.878108Z,KXBTC15M-26OCT042345-45,0.0070,0.01,no
2026-10-05T03:42:44.878108Z,KXBTC15M-26OCT042345-45,0.0070,0.01,no
2026-10-05T03:42:44.878108Z,KXBTC15M-26OCT042345-45,0.0070,15.00,no
2026-10-05T03:42:44.878108Z,KXBTC15M-26OCT042345-45,0.0060,43.30,no
2026-10-05T03:42:44.884683Z,KXBTC15M-26OCT042345-45,0.0070,36.33,yes
2026-10-05T03:42:44.985857Z,KXBTC15M-26OCT042345-45,0.0070,1.17,yes
2026-10-05T03:42:44.99493Z,KXBTC15M-26OCT042345-45,0.0060,7.25,no
2026-10-05T03:42:45.108785Z,KXBTC15M-26OCT042345-45,0.0070,0.01,yes
2026-10-05T03:42:45.108785Z,KXBTC15M-26OCT042345-45,0.0070,7.24,yes
2026-10-05T03:42:45.108785Z,KXBTC15M-26OCT042345-45,0.0070,0.01,yes
2026-10-05T03:42:45.151771Z,KXBTC15M-26OCT042345-45,0.0070,0.01,yes
2026-10-05T03:42:45.151771Z,KXBTC15M-26OCT042345-45,0.0070,0.01,yes
2026-10-05T03:42:45.151771Z,KXBTC15M-26OCT042345-45,0.0070,7.76,yes
2026-10-05T03:42:45.175122Z,KXBTC15M-26OCT042345-45,0.0080,7.26,yes
2026-10-05T03:42:45.285249Z,KXBTC15M-26OCT042345-45,0.0080,7.22,yes
2026-10-05T03:42:45.43617Z,KXBTC15M-26OCT042345-45,0.0070,0.01,no
2026-10-05T03:42:45.43617Z,KXBTC15M-26OCT042345-45,0.0070,0.01,no
2026-10-05T03:42:45.43617Z,KXBTC15M-26OCT042345-45,0.0070,1.00,no
2026-10-05T03:42:45.43617Z,KXBTC15M-26OCT042345-45,0.0060,15.00,no
2026-10-05T03:42:45.43617Z,KXBTC15M-26OCT042345-45,0.0060,55.19,no
2026-10-05T03:42:45.43617Z,KXBTC15M-26OCT042345-45,0.0060,20.00,no
2026-10-05T03:42:45.511404Z,KXBTC15M-26OCT042345-45,0.0070,0.01,no
2026-10-05T03:42:45.511404Z,KXBTC15M-26OCT042345-45,0.0070,0.01,no
2026-10-05T03:42:45.511404Z,KXBTC15M-26OCT042345-45,0.0070,0.98,no
2026-10-05T03:42:45.533487Z,KXBTC15M-26OCT042345-45,0.0070,0.01,no
2026-10-05T03:42:45.533487Z,KXBTC15M-26OCT042345-45,0.0070,0.02,no
2026-10-05T03:42:45.533487Z,KXBTC15M-26OCT042345-45,0.0070,0.01,no
2026-10-05T03:42:45.533487Z,KXBTC15M-26OCT042345-45,0.0060,0.96,no
2026-10-05T03:42:45.546885Z,KXBTC15M-26OCT042345-45,0.0060,1.00,no
2026-10-05T03:42:45.546885Z,KXBTC15M-26OCT042345-45,0.0070,0.01,no
2026-10-05T03:42:45.546885Z,KXBTC15M-26OCT042345-45,0.0070,0.01,no
2026-10-05T03:42:45.546885Z,KXBTC15M-26OCT042345-45,0.0060,30.85,no
2026-10-05T03:42:45.546885Z,KXBTC15M-26OCT042345-45,0.0060,19.47,no
2026-10-05T03:42:45.601065Z,KXBTC15M-26OCT042345-45,0.0070,11.65,yes
2026-10-05T03:42:45.601065Z,KXBTC15M-26OCT042345-45,0.0070,0.01,yes
2026-10-05T03:42:45.601065Z,KXBTC15M-26OCT042345-45,0.0070,0.02,yes
2026-10-05T03:42:45.601065Z,KXBTC15M-26OCT042345-45,0.0070,0.01,yes
2026-10-05T03:42:45.615749Z,KXBTC15M-26OCT042345-45,0.0070,0.01,yes
2026-10-05T03:42:45.615749Z,KXBTC15M-26OCT042345-45,0.0070,0.01,yes
2026-10-05T03:42:45.615749Z,KXBTC15M-26OCT042345-45,0.0070,18.00,yes
2026-10-05T03:42:45.615749Z,KXBTC15M-26OCT042345-45,0.0070,3.35,yes
2026-10-05T03:42:45.615749Z,KXBTC15M-26OCT042345-45,0.0080,39.31,yes
2026-10-05T03:42:45.673796Z,KXBTC15M-26OCT042345-45,0.0080,11.45,yes
2026-10-05T03:42:45.687844Z,KXBTC15M-26OCT042345-45,0.0070,11.05,no
2026-10-05T03:42:45.714505Z,KXBTC15M-26OCT042345-45,0.0070,0.02,no
2026-10-05T03:42:45.844497Z,KXBTC15M-26OCT042345-45,0.0080,229.09,yes
2026-10-05T03:42:45.91164Z,KXBTC15M-26OCT042345-45,0.0080,38.34,yes
2026-10-05T03:42:45.91164Z,KXBTC15M-26OCT042345-45,0.0080,78.54,yes
2026-10-05T03:42:46.02622Z,KXBTC15M-26OCT042345-45,0.0080,94.63,yes
2026-10-05T03:42:46.02622Z,KXBTC15M-26OCT042345-45,0.0080,121.46,yes
2026-10-05T03:42:46.02622Z,KXBTC15M-26OCT042345-45,0.0080,12.00,yes
2026-10-05T03:42:46.02622Z,KXBTC15M-26OCT042345-45,0.0080,1.00,yes
2026-10-05T03:42:46.104756Z,KXBTC15M-26OCT042345-45,0.0080,29.22,yes
2026-10-05T03:42:46.105406Z,KXBTC15M-26OCT042345-45,0.0070,8.93,no
2026-10-05T03:42:46.140915Z,KXBTC15M-26OCT042345-45,0.0080,116.88,yes
2026-10-05T03:42:46.153438Z,KXBTC15M-26OCT042345-45,0.0080,178.21,yes
2026-10-05T03:42:46.263141Z,KXBTC15M-26OCT042345-45,0.0070,0.01,no
2026-10-05T03:42:46.263141Z,KXBTC15M-26OCT042345-45,0.0070,32.88,no
2026-10-05T03:42:46.263141Z,KXBTC15M-26OCT042345-45,0.0070,0.01,no
2026-10-05T03:42:46.319345Z,KXBTC15M-26OCT042345-45,0.0070,0.01,no
2026-10-05T03:42:46.319345Z,KXBTC15M-26OCT042345-45,0.0070,0.01,no
2026-10-05T03:42:46.319345Z,KXBTC15M-26OCT042345-45,0.0070,1.00,no
2026-10-05T03:42:46.319345Z,KXBTC15M-26OCT042345-45,0.0060,200.00,no
2026-10-05T03:42:46.319345Z,KXBTC15M-26OCT042345-45,0.0070,751.12,no
2026-10-05T03:42:46.319345Z,KXBTC15M-26OCT042345-45,0.0060,15.00,no
2026-10-05T03:42:46.319345Z,KXBTC15M-26OCT042345-45,0.0060,1.00,no
2026-10-05T03:42:46.319345Z,KXBTC15M-26OCT042345-45,0.0050,1.00,no
2026-10-05T03:42:46.319345Z,KXBTC15M-26OCT042345-45,0.0060,121.00,no
2026-10-05T03:42:46.319345Z,KXBTC15M-26OCT042345-45,0.0070,1.00,no
2026-10-05T03:42:46.319345Z,KXBTC15M-26OCT042345-45,0.0050,60.00,no
2026-10-05T03:42:46.319345Z,KXBTC15M-26OCT042345-45,0.0050,46.52,no
2026-10-05T03:42:46.343325Z,KXBTC15M-26OCT042345-45,0.0050,233.77,yes
2026-10-05T03:42:46.349922Z,KXBTC15M-26OCT042345-45,0.0040,1.00,no
2026-10-05T03:42:46.349922Z,KXBTC15M-26OCT042345-45,0.0040,147.00,no
2026-10-05T03:42:46.349922Z,KXBTC15M-26OCT042345-45,0.0040,15.00,no
2026-10-05T03:42:46.349922Z,KXBTC15M-26OCT042345-45,0.0040,15.00,no
2026-10-05T03:42:46.349922Z,KXBTC15M-26OCT042345-45,0.0040,10.00,no
2026-10-05T03:42:46.363107Z,KXBTC15M-26OCT042345-45,0.0040,3.00,no
2026-10-05T03:42:46.363107Z,KXBTC15M-26OCT042345-45,0.0040,197.00,no
2026-10-05T03:42:46.377893Z,KXBTC15M-26OCT042345-45,0.0040,113.85,no
2026-10-05T03:42:46.377893Z,KXBTC15M-26OCT042345-45,0.0040,86.15,no
2026-10-05T03:42:46.41096Z,KXBTC15M-26OCT042345-45,0.0050,568.57,yes
2026-10-05T03:42:46.41096Z,KXBTC15M-26OCT042345-45,0.0050,210.56,yes
2026-10-05T03:42:46.438055Z,KXBTC15M-26OCT042345-45,0.0040,17.00,no
2026-10-05T03:42:46.438055Z,KXBTC15M-26OCT042345-45,0.0040,86.15,no
2026-10-05T03:42:46.438055Z,KXBTC15M-26OCT042345-45,0.0040,76.85,no
2026-10-05T03:42:46.438055Z,KXBTC15M-26OCT042345-45,0.0040,20.00,no
2026-10-05T03:42:46.517784Z,KXBTC15M-26OCT042345-45,0.0040,0.01,no
2026-10-05T03:42:46.517784Z,KXBTC15M-26OCT042345-45,0.0040,176.83,no
2026-10-05T03:42:46.517784Z,KXBTC15M-26OCT042345-45,0.0040,0.01,no
2026-10-05T03:42:46.517784Z,KXBTC15M-26OCT042345-45,0.0040,23.15,no
2026-10-05T03:42:46.531977Z,KXBTC15M-26OCT042345-45,0.0050,0.43,yes
2026-10-05T03:42:46.531977Z,KXBTC15M-26OCT042345-45,0.0050,0.01,yes
2026-10-05T03:42:46.531977Z,KXBTC15M-26OCT042345-45,0.0050,0.01,yes
2026-10-05T03:42:46.531977Z,KXBTC15M-26OCT042345-45,0.0050,15.00,yes
2026-10-05T03:42:46.600007Z,KXBTC15M-26OCT042345-45,0.0040,0.02,no
2026-10-05T03:42:46.823931Z,KXBTC15M-26OCT042345-45,0.0050,1.83,yes
2026-10-05T03:42:46.832745Z,KXBTC15M-26OCT042345-45,0.0050,1.17,yes
2026-10-05T03:42:46.87777Z,KXBTC15M-26OCT042345-45,0.0050,0.01,yes
2026-10-05T03:42:46.87777Z,KXBTC15M-26OCT042345-45,0.0050,15.00,yes
2026-10-05T03:42:46.87777Z,KXBTC15M-26OCT042345-45,0.0050,1.00,yes
2026-10-05T03:42:46.87777Z,KXBTC15M-26OCT042345-45,0.0050,11.57,yes
2026-10-05T03:42:46.87777Z,KXBTC15M-26OCT042345-45,0.0050,0.01,yes
2026-10-05T03:42:46.87777Z,KXBTC15M-26OCT042345-45,0.0050,47.28,yes
2026-10-05T03:42:46.98591Z,KXBTC15M-26OCT042345-45,0.0050,85.42,yes
2026-10-05T03:42:46.988779Z,KXBTC15M-26OCT042345-45,0.0050,19.14,yes
2026-10-05T03:42:46.990022Z,KXBTC15M-26OCT042345-45,0.0050,116.88,yes
2026-10-05T03:42:47.016967Z,KXBTC15M-26OCT042345-45,0.0050,0.01,yes
2026-10-05T03:42:47.016967Z,KXBTC15M-26OCT042345-45,0.0050,0.48,yes
2026-10-05T03:42:47.016967Z,KXBTC15M-26OCT042345-45,0.0050,0.01,yes
2026-10-05T03:42:47.092251Z,KXBTC15M-26OCT042345-45,0.0050,14.52,yes
2026-10-05T03:42:47.092251Z,KXBTC15M-26OCT042345-45,0.0060,12.75,yes
2026-10-05T03:42:47.092251Z,KXBTC15M-26OCT042345-45,0.0050,0.01,yes
2026-10-05T03:42:47.092251Z,KXBTC15M-26OCT042345-45,0.0050,0.01,yes
2026-10-05T03:42:47.092251Z,KXBTC15M-26OCT042345-45,0.0050,15.00,yes
2026-10-05T03:42:47.122673Z,KXBTC15M-26OCT042345-45,0.0050,0.01,no
2026-10-05T03:42:47.122673Z,KXBTC15M-26OCT042345-45,0.0050,0.01,no
2026-10-05T03:42:47.131105Z,KXBTC15M-26OCT042345-45,0.0040,1.00,no
2026-10-05T03:42:47.161318Z,KXBTC15M-26OCT042345-45,0.0040,77.00,no
2026-10-05T03:42:47.161318Z,KXBTC15M-26OCT042345-45,0.0040,15.00,no
2026-10-05T03:42:47.161318Z,KXBTC15M-26OCT042345-45,0.0040,20.00,no
2026-10-05T03:42:47.161318Z,KXBTC15M-26OCT042345-45,0.0040,63.36,no
2026-10-05T03:42:47.161318Z,KXBTC15M-26OCT042345-45,0.0040,149.00,no
2026-10-05T03:42:47.161318Z,KXBTC15M-26OCT042345-45,0.0040,0.01,no
2026-10-05T03:42:47.161318Z,KXBTC15M-26OCT042345-45,0.0040,0.01,no
2026-10-05T03:42:47.482499Z,KXBTC15M-26OCT042345-45,0.0040,0.01,no
2026-10-05T03:42:47.52521Z,KXBTC15M-26OCT042345-45,0.0050,0.40,yes
2026-10-05T03:42:47.549703Z,KXBTC15M-26OCT042345-45,0.0040,14.99,no
2026-10-05T03:42:47.549703Z,KXBTC15M-26OCT042345-45,0.0040,15.00,no
2026-10-05T03:42:47.549703Z,KXBTC15M-26OCT042345-45,0.0040,0.01,no
2026-10-05T03:42:47.549703Z,KXBTC15M-26OCT042345-45,0.0040,5.16,no
2026-10-05T03:42:47.549703Z,KXBTC15M-26OCT042345-45,0.0040,0.01,no
2026-10-05T03:42:47.549703Z,KXBTC15M-26OCT042345-45,0.0040,15.00,no
2026-10-05T03:42:47.549703Z,KXBTC15M-26OCT042345-45,0.0040,15.00,no
2026-10-05T03:42:47.549703Z,KXBTC15M-26OCT042345-45,0.0040,500.00,no
2026-10-05T03:42:47.549703Z,KXBTC15M-26OCT042345-45,0.0040,20.00,no
2026-10-05T03:42:47.551093Z,KXBTC15M-26OCT042345-45,0.0050,50.00,yes
2026-10-05T03:42:47.554212Z,KXBTC15M-26OCT042345-45,0.0050,36.33,yes
2026-10-05T03:42:47.597538Z,KXBTC15M-26OCT042345-45,0.0050,11.51,yes
2026-10-05T03:42:47.618785Z,KXBTC15M-26OCT042345-45,0.0060,181.59,yes
2026-10-05T03:42:47.618785Z,KXBTC15M-26OCT042345-45,0.0060,1.00,yes
2026-10-05T03:42:47.618785Z,KXBTC15M-26OCT042345-45,0.0060,119.25,yes
2026-10-05T03:42:47.618785Z,KXBTC15M-26OCT042345-45,0.0050,0.01,yes
2026-10-05T03:42:47.618785Z,KXBTC15M-26OCT042345-45,0.0050,0.01,yes
2026-10-05T03:42:47.618785Z,KXBTC15M-26OCT042345-45,0.0050,1.74,yes
2026-10-05T03:42:47.618785Z,KXBTC15M-26OCT042345-45,0.0050,15.00,yes
2026-10-05T03:42:47.618785Z,KXBTC15M-26OCT042345-45,0.0050,15.00,yes
2026-10-05T03:42:47.625548Z,KXBTC15M-26OCT042345-45,0.0060,0.36,yes
2026-10-05T03:42:47.645196Z,KXBTC15M-26OCT042345-45,0.0050,5.00,yes
2026-10-05T03:42:47.645196Z,KXBTC15M-26OCT042345-45,0.0050,15.00,yes
2026-10-05T03:42:47.702996Z,KXBTC15M-26OCT042345-45,0.0050,186.97,yes
2026-10-05T03:42:47.709973Z,KXBTC15M-26OCT042345-45,0.0060,10.05,yes
2026-10-05T03:42:47.709973Z,KXBTC15M-26OCT042345-45,0.0060,13.66,yes
2026-10-05T03:42:47.709973Z,KXBTC15M-26OCT042345-45,0.0050,0.01,yes
2026-10-05T03:42:47.709973Z,KXBTC15M-26OCT042345-45,0.0050,480.03,yes
2026-10-05T03:42:47.709973Z,KXBTC15M-26OCT042345-45,0.0050,0.01,yes
2026-10-05T03:42:47.709973Z,KXBTC15M-26OCT042345-45,0.0060,1.00,yes
2026-10-05T03:42:47.709973Z,KXBTC15M-26OCT042345-45,0.0050,15.00,yes
2026-10-05T03:42:47.709973Z,KXBTC15M-26OCT042345-45,0.0060,10.00,yes
2026-10-05T03:42:47.77455Z,KXBTC15M-26OCT042345-45,0.0060,115.00,yes
2026-10-05T03:42:47.826974Z,KXBTC15M-26OCT042345-45,0.0060,50.46,yes
2026-10-05T03:42:47.878382Z,KXBTC15M-26OCT042345-45,0.0050,8.25,no
2026-10-05T03:42:48.028188Z,KXBTC15M-26OCT042345-45,0.0050,0.01,no
2026-10-05T03:42:48.028188Z,KXBTC15M-26OCT042345-45,0.0050,0.01,no
2026-10-05T03:42:48.028188Z,KXBTC15M-26OCT042345-45,0.0050,38.60,no
2026-10-05T03:42:48.028188Z,KXBTC15M-26OCT042345-45,0.0050,61.75,no
2026-10-05T03:42:48.069579Z,KXBTC15M-26OCT042345-45,0.0050,116.60,no
2026-10-05T03:42:48.069579Z,KXBTC15M-26OCT042345-45,0.0050,22.00,no
2026-10-05T03:42:48.069579Z,KXBTC15M-26OCT042345-45,0.0050,161.40,no
2026-10-05T03:42:48.074033Z,KXBTC15M-26OCT042345-45,0.0060,20.88,yes
2026-10-05T03:42:48.074033Z,KXBTC15M-26OCT042345-45,0.0060,0.01,yes
2026-10-05T03:42:48.074033Z,KXBTC15M-26OCT042345-45,0.0060,73.09,yes
2026-10-05T03:42:48.074033Z,KXBTC15M-26OCT042345-45,0.0060,0.01,yes
2026-10-05T03:42:48.118294Z,KXBTC15M-26OCT042345-45,0.0050,250.00,no
2026-10-05T03:42:48.119785Z,KXBTC15M-26OCT042345-45,0.0050,250.00,no
2026-10-05T03:42:48.122834Z,KXBTC15M-26OCT042345-45,0.0050,17.60,no
2026-10-05T03:42:48.122834Z,KXBTC15M-26OCT042345-45,0.0050,500.00,no
2026-10-05T03:42:48.122834Z,KXBTC15M-26OCT042345-45,0.0050,1.00,no
2026-10-05T03:42:48.122834Z,KXBTC15M-26OCT042345-45,0.0050,481.40,no
2026-10-05T03:42:48.149553Z,KXBTC15M-26OCT042345-45,0.0050,1.00,no
2026-10-05T03:42:48.158506Z,KXBTC15M-26OCT042345-45,0.0050,50.09,no
2026-10-05T03:42:48.248938Z,KXBTC15M-26OCT042345-45,0.0060,9.63,yes
2026-10-05T03:42:48.248938Z,KXBTC15M-26OCT042345-45,0.0060,45.91,yes
2026-10-05T03:42:48.248938Z,KXBTC15M-26OCT042345-45,0.0060,15.00,yes
2026-10-05T03:42:48.256027Z,KXBTC15M-26OCT042345-45,0.0060,0.01,yes
2026-10-05T03:42:48.256027Z,KXBTC15M-26OCT042345-45,0.0060,0.01,yes
2026-10-05T03:42:48.256027Z,KXBTC15M-26OCT042345-45,0.0060,4.90,yes
2026-10-05T03:42:48.256027Z,KXBTC15M-26OCT042345-45,0.0060,0.37,yes
2026-10-05T03:42:48.426986Z,KXBTC15M-26OCT042345-45,0.0060,15.87,yes
2026-10-05T03:42:48.426986Z,KXBTC15M-26OCT042345-45,0.0060,0.02,yes
2026-10-05T03:42:48.426986Z,KXBTC15M-26OCT042345-45,0.0060,78.10,yes
2026-10-05T03:42:48.453041Z,KXBTC15M-26OCT042345-45,0.0050,0.01,no
2026-10-05T03:42:48.453041Z,KXBTC15M-26OCT042345-45,0.0050,9.56,no
2026-10-05T03:42:48.453041Z,KXBTC15M-26OCT042345-45,0.0050,0.01,no
2026-10-05T03:42:48.711644Z,KXBTC15M-26OCT042345-45,0.0060,12.02,yes
2026-10-05T03:42:48.783139Z,KXBTC15M-26OCT042345-45,0.0060,36.53,yes
2026-10-05T03:42:48.783139Z,KXBTC15M-26OCT042345-45,0.0060,48.00,yes
2026-10-05T03:42:48.783139Z,KXBTC15M-26OCT042345-45,0.0060,227.11,yes
2026-10-05T03:42:48.801125Z,KXBTC15M-26OCT042345-45,0.0060,149.65,yes
2026-10-05T03:42:48.863739Z,KXBTC15M-26OCT042345-45,0.0060,152.71,yes
2026-10-05T03:42:49.109076Z,KXBTC15M-26OCT042345-45,0.0050,0.13,no
2026-10-05T03:42:49.41442Z,KXBTC15M-26OCT042345-45,0.0060,113.21,yes
2026-10-05T03:42:49.41442Z,KXBTC15M-26OCT042345-45,0.0060,0.02,yes
2026-10-05T03:42:49.41442Z,KXBTC15M-26OCT042345-45,0.0060,0.01,yes
2026-10-05T03:42:49.41442Z,KXBTC15M-26OCT042345-45,0.0060,15.00,yes
2026-10-05T03:42:49.41442Z,KXBTC15M-26OCT042345-45,0.0060,0.01,yes
2026-10-05T03:42:49.631712Z,KXBTC15M-26OCT042345-45,0.0060,134.92,yes
2026-10-05T03:42:49.750374Z,KXBTC15M-26OCT042345-45,0.0060,46.74,yes
2026-10-05T03:42:49.751845Z,KXBTC15M-26OCT042345-45,0.0060,5.00,yes
2026-10-05T03:42:49.94436Z,KXBTC15M-26OCT042345-45,0.0060,253.50,yes
2026-10-05T03:42:49.982998Z,KXBTC15M-26OCT042345-45,0.0060,200.00,yes
2026-10-05T03:42:49.982998Z,KXBTC15M-26OCT042345-45,0.0060,357.84,yes
2026-10-05T03:42:49.982998Z,KXBTC15M-26OCT042345-45,0.0060,225.95,yes
2026-10-05T03:42:50.055754Z,KXBTC15M-26OCT042345-45,0.0060,0.01,yes
2026-10-05T03:42:50.055754Z,KXBTC15M-26OCT042345-45,0.0060,7.12,yes
2026-10-05T03:42:50.055754Z,KXBTC15M-26OCT042345-45,0.0060,0.01,yes
2026-10-05T03:42:50.155361Z,KXBTC15M-26OCT042345-45,0.0060,0.01,yes
2026-10-05T03:42:50.155361Z,KXBTC15M-26OCT042345-45,0.0060,0.01,yes
2026-10-05T03:42:50.155361Z,KXBTC15M-26OCT042345-45,0.0060,7.88,yes
2026-10-05T03:42:50.155361Z,KXBTC15M-26OCT042345-45,0.0060,0.02,yes
2026-10-05T03:42:50.509445Z,KXBTC15M-26OCT042345-45,0.0060,15.00,yes
2026-10-05T03:42:50.509445Z,KXBTC15M-26OCT042345-45,0.0060,134.57,yes
2026-10-05T03:42:50.509445Z,KXBTC15M-26OCT042345-45,0.0060,0.01,yes
2026-10-05T03:42:50.509445Z,KXBTC15M-26OCT042345-45,0.0060,0.01,yes
2026-10-05T03:42:50.726468Z,KXBTC15M-26OCT042345-45,0.0050,12.31,no
2026-10-05T03:42:50.726468Z,KXBTC15M-26OCT042345-45,0.0050,15.00,no
2026-10-05T03:42:50.726468Z,KXBTC15M-26OCT042345-45,0.0050,0.01,no
2026-10-05T03:42:50.726468Z,KXBTC15M-26OCT042345-45,0.0050,0.01,no
2026-10-05T03:42:50.726468Z,KXBTC15M-26OCT042345-45,0.0050,9.56,no
2026-10-05T03:42:50.726468Z,KXBTC15M-26OCT042345-45,0.0050,15.00,no
2026-10-05T03:42:50.726468Z,KXBTC15M-26OCT042345-45,0.0050,15.00,no
2026-10-05T03:42:50.726468Z,KXBTC15M-26OCT042345-45,0.0050,15.00,no
2026-10-05T03:42:50.726468Z,KXBTC15M-26OCT042345-45,0.0050,0.13,no
2026-10-05T03:42:50.763764Z,KXBTC15M-26OCT042345-45,0.0040,138.00,no
2026-10-05T03:42:50.777716Z,KXBTC15M-26OCT042345-45,0.0040,15.00,no
2026-10-05T03:42:50.796744Z,KXBTC15M-26OCT042345-45,0.0050,19.76,yes
2026-10-05T03:42:50.987092Z,KXBTC15M-26OCT042345-45,0.0050,70.00,yes
2026-10-05T03:42:50.987092Z,KXBTC15M-26OCT042345-45,0.0050,23.34,yes
2026-10-05T03:42:50.987092Z,KXBTC15M-26OCT042345-45,0.0050,62.49,yes
2026-10-05T03:42:51.015972Z,KXBTC15M-26OCT042345-45,0.0030,14.25,no
2026-10-05T03:42:51.015972Z,KXBTC15M-26OCT042345-45,0.0040,20.00,no
2026-10-05T03:42:51.015972Z,KXBTC15M-26OCT042345-45,0.0040,15.00,no
2026-10-05T03:42:51.015972Z,KXBTC15M-26OCT042345-45,0.0040,400.00,no
2026-10-05T03:42:51.015972Z,KXBTC15M-26OCT042345-45,0.0040,100.00,no
2026-10-05T03:42:51.015972Z,KXBTC15M-26OCT042345-45,0.0040,0.01,no
2026-10-05T03:42:51.015972Z,KXBTC15M-26OCT042345-45,0.0040,0.01,no
2026-10-05T03:42:51.015972Z,KXBTC15M-26OCT042345-45,0.0040,1373.00,no
2026-10-05T03:42:51.015972Z,KXBTC15M-26OCT042345-45,0.0040,15.00,no
2026-10-05T03:42:51.015972Z,KXBTC15M-26OCT042345-45,0.0040,15.00,no
2026-10-05T03:42:51.015972Z,KXBTC15M-26OCT042345-45,0.0040,15.00,no
2026-10-05T03:42:51.037077Z,KXBTC15M-26OCT042345-45,0.0030,200.00,no
2026-10-05T03:42:51.049664Z,KXBTC15M-26OCT042345-45,0.0030,200.00,no
2026-10-05T03:42:51.062981Z,KXBTC15M-26OCT042345-45,0.0030,90.00,no
2026-10-05T03:42:51.130171Z,KXBTC15M-26OCT042345-45,0.0030,88.77,no
2026-10-05T03:42:51.181313Z,KXBTC15M-26OCT042345-45,0.0040,271.00,yes
2026-10-05T03:42:51.181313Z,KXBTC15M-26OCT042345-45,0.0040,4.00,yes
2026-10-05T03:42:51.252722Z,KXBTC15M-26OCT042345-45,0.0040,0.23,yes
2026-10-05T03:42:51.252722Z,KXBTC15M-26OCT042345-45,0.0040,0.01,yes
2026-10-05T03:42:51.252722Z,KXBTC15M-26OCT042345-45,0.0040,0.01,yes
2026-10-05T03:42:51.255501Z,KXBTC15M-26OCT042345-45,0.0040,14.77,yes
2026-10-05T03:42:51.255501Z,KXBTC15M-26OCT042345-45,0.0040,15.00,yes
2026-10-05T03:42:51.255501Z,KXBTC15M-26OCT042345-45,0.0040,157.20,yes
2026-10-05T03:42:51.262407Z,KXBTC15M-26OCT042345-45,0.0040,9.35,yes
2026-10-05T03:42:51.308071Z,KXBTC15M-26OCT042345-45,0.0030,49.27,no
2026-10-05T03:42:51.310388Z,KXBTC15M-26OCT042345-45,0.0040,33.45,yes
2026-10-05T03:42:51.310388Z,KXBTC15M-26OCT042345-45,0.0040,79.92,yes
2026-10-05T03:42:51.310388Z,KXBTC15M-26OCT042345-45,0.0040,90.00,yes
2026-10-05T03:42:51.310388Z,KXBTC15M-26OCT042345-45,0.0040,200.00,yes
2026-10-05T03:42:51.325614Z,KXBTC15M-26OCT042345-45,0.0030,166.64,no
2026-10-05T03:42:51.326925Z,KXBTC15M-26OCT042345-45,0.0050,126.90,yes
2026-10-05T03:42:51.326925Z,KXBTC15M-26OCT042345-45,0.0040,49.00,yes
2026-10-05T03:42:51.326925Z,KXBTC15M-26OCT042345-45,0.0040,0.01,yes
2026-10-05T03:42:51.326925Z,KXBTC15M-26OCT042345-45,0.0040,9.08,yes
2026-10-05T03:42:51.326925Z,KXBTC15M-26OCT042345-45,0.0040,15.00,yes
2026-10-05T03:42:51.326925Z,KXBTC15M-26OCT042345-45,0.0040,0.01,yes
2026-10-05T03:42:51.534918Z,KXBTC15M-26OCT042345-45,0.0030,24.58,no
2026-10-05T03:42:51.562909Z,KXBTC15M-26OCT042345-45,0.0050,22.02,yes
2026-10-05T03:42:51.562909Z,KXBTC15M-26OCT042345-45,0.0040,0.01,yes
2026-10-05T03:42:51.562909Z,KXBTC15M-26OCT042345-45,0.0040,15.00,yes
2026-10-05T03:42:51.562909Z,KXBTC15M-26OCT042345-45,0.0040,25.00,yes
2026-10-05T03:42:51.562909Z,KXBTC15M-26OCT042345-45,0.0040,167.00,yes
2026-10-05T03:42:51.562909Z,KXBTC15M-26OCT042345-45,0.0040,0.01,yes
2026-10-05T03:42:51.645341Z,KXBTC15M-26OCT042345-45,0.0050,373.99,yes
2026-10-05T03:42:51.645341Z,KXBTC15M-26OCT042345-45,0.0050,51.08,yes
2026-10-05T03:42:51.645341Z,KXBTC15M-26OCT042345-45,0.0040,0.02,yes
2026-10-05T03:42:51.645341Z,KXBTC15M-26OCT042345-45,0.0040,0.01,yes
2026-10-05T03:42:51.645341Z,KXBTC15M-26OCT042345-45,0.0040,0.01,yes
2026-10-05T03:42:52.084342Z,KXBTC15M-26OCT042345-45,0.0030,31.81,no
2026-10-05T03:42:52.240384Z,KXBTC15M-26OCT042345-45,0.0030,414.94,no
2026-10-05T03:42:52.336348Z,KXBTC15M-26OCT042345-45,0.0040,141.89,yes
2026-10-05T03:42:52.336348Z,KXBTC15M-26OCT042345-45,0.0040,32.00,yes
2026-10-05T03:42:52.336348Z,KXBTC15M-26OCT042345-45,0.0040,15.00,yes
2026-10-05T03:42:52.336348Z,KXBTC15M-26OCT042345-45,0.0040,0.01,yes
2026-10-05T03:42:52.336348Z,KXBTC15M-26OCT042345-45,0.0040,0.02,yes
2026-10-05T03:42:52.336348Z,KXBTC15M-26OCT042345-45,0.0040,0.01,yes
2026-10-05T03:42:52.454561Z,KXBTC15M-26OCT042345-45,0.0040,0.01,yes
2026-10-05T03:42:52.454561Z,KXBTC15M-26OCT042345-45,0.0040,0.16,yes
2026-10-05T03:42:52.454561Z,KXBTC15M-26OCT042345-45,0.0040,2.11,yes
2026-10-05T03:42:52.454561Z,KXBTC15M-26OCT042345-45,0.0040,0.01,yes
2026-10-05T03:42:52.537422Z,KXBTC15M-26OCT042345-45,0.0040,14.84,yes
2026-10-05T03:42:52.537422Z,KXBTC15M-26OCT042345-45,0.0040,86.09,yes
2026-10-05T03:42:52.569582Z,KXBTC15M-26OCT042345-45,0.0040,112.94,yes
2026-10-05T03:42:52.606998Z,KXBTC15M-26OCT042345-45,0.0050,16.01,yes
2026-10-05T03:42:52.606998Z,KXBTC15M-26OCT042345-45,0.0050,0.02,yes
2026-10-05T03:42:52.606998Z,KXBTC15M-26OCT042345-45,0.0050,1.00,yes
2026-10-05T03:42:52.606998Z,KXBTC15M-26OCT042345-45,0.0040,0.01,yes
2026-10-05T03:42:52.606998Z,KXBTC15M-26OCT042345-45,0.0040,466.97,yes
2026-10-05T03:42:52.606998Z,KXBTC15M-26OCT042345-45,0.0040,15.00,yes
2026-10-05T03:42:52.606998Z,KXBTC15M-26OCT042345-45,0.0040,0.01,yes
2026-10-05T03:42:52.606998Z,KXBTC15M-26OCT042345-45,0.0050,80.64,yes
2026-10-05T03:42:52.606998Z,KXBTC15M-26OCT042345-45,0.0050,15.00,yes
2026-10-05T03:42:52.606998Z,KXBTC15M-26OCT042345-45,0.0050,348.00,yes
2026-10-05T03:42:52.609082Z,KXBTC15M-26OCT042345-45,0.0030,386.65,no
2026-10-05T03:42:52.609082Z,KXBTC15M-26OCT042345-45,0.0030,114.74,no
2026-10-05T03:42:52.630343Z,KXBTC15M-26OCT042345-45,0.0030,74.18,no
2026-10-05T03:42:52.721427Z,KXBTC15M-26OCT042345-45,0.0030,5.01,no
2026-10-05T03:42:52.794494Z,KXBTC15M-26OCT042345-45,0.0040,386.65,yes
2026-10-05T03:42:52.794494Z,KXBTC15M-26OCT042345-45,0.0040,74.18,yes
2026-10-05T03:42:52.794494Z,KXBTC15M-26OCT042345-45,0.0050,370.83,yes
2026-10-05T03:42:52.794494Z,KXBTC15M-26OCT042345-45,0.0040,15.00,yes
2026-10-05T03:42:52.794494Z,KXBTC15M-26OCT042345-45,0.0040,0.01,yes
2026-10-05T03:42:52.794494Z,KXBTC15M-26OCT042345-45,0.0040,5.01,yes
2026-10-05T03:42:52.794494Z,KXBTC15M-26OCT042345-45,0.0040,0.02,yes
2026-10-05T03:42:52.794494Z,KXBTC15M-26OCT042345-45,0.0040,0.01,yes
2026-10-05T03:42:52.794494Z,KXBTC15M-26OCT042345-45,0.0050,119.36,yes
2026-10-05T03:42:53.234193Z,KXBTC15M-26OCT042345-45,0.0050,186.97,yes
2026-10-05T03:42:53.398941Z,KXBTC15M-26OCT042345-45,0.0070,984.00,yes
2026-10-05T03:42:53.398941Z,KXBTC15M-26OCT042345-45,0.0060,200.00,yes
2026-10-05T03:42:53.398941Z,KXBTC15M-26OCT042345-45,0.0060,1000.00,yes
2026-10-05T03:42:53.398941Z,KXBTC15M-26OCT042345-45,0.0060,24.00,yes
2026-10-05T03:42:53.398941Z,KXBTC15M-26OCT042345-45,0.0100,15.00,yes
2026-10-05T03:42:53.398941Z,KXBTC15M-26OCT042345-45,0.0100,93.75,yes
2026-10-05T03:42:53.398941Z,KXBTC15M-26OCT042345-45,0.0100,2.00,yes
2026-10-05T03:42:53.398941Z,KXBTC15M-26OCT042345-45,0.0060,0.02,yes
2026-10-05T03:42:53.398941Z,KXBTC15M-26OCT042345-45,0.0050,0.02,yes
2026-10-05T03:42:53.398941Z,KXBTC15M-26OCT042345-45,0.0050,79.03,yes
2026-10-05T03:42:53.398941Z,KXBTC15M-26OCT042345-45,0.0050,0.01,yes
2026-10-05T03:42:53.398941Z,KXBTC15M-26OCT042345-45,0.0100,64.00,yes
2026-10-05T03:42:53.398941Z,KXBTC15M-26OCT042345-45,0.0050,114.00,yes
2026-10-05T03:42:53.398941Z,KXBTC15M-26OCT042345-45,0.0100,64.00,yes
2026-10-05T03:42:53.398941Z,KXBTC15M-26OCT042345-45,0.0100,15.00,yes
2026-10-05T03:42:53.398941Z,KXBTC15M-26OCT042345-45,0.0070,480.00,yes
2026-10-05T03:42:53.398941Z,KXBTC15M-26OCT042345-45,0.0060,15.00,yes
2026-10-05T03:42:53.398941Z,KXBTC15M-26OCT042345-45,0.0080,15.00,yes
2026-10-05T03:42:53.398941Z,KXBTC15M-26OCT042345-45,0.0070,396.00,yes
2026-10-05T03:42:53.398941Z,KXBTC15M-26OCT042345-45,0.0100,22.00,yes
2026-10-05T03:42:53.398941Z,KXBTC15M-26OCT042345-45,0.0100,15.00,yes
2026-10-05T03:42:53.398941Z,KXBTC15M-26OCT042345-45,0.0080,0.02,yes
2026-10-05T03:42:53.398941Z,KXBTC15M-26OCT042345-45,0.0090,0.02,yes
2026-10-05T03:42:53.398941Z,KXBTC15M-26OCT042345-45,0.0060,10.00,yes
2026-10-05T03:42:53.398941Z,KXBTC15M-26OCT042345-45,0.0070,0.02,yes
2026-10-05T03:42:53.398941Z,KXBTC15M-26OCT042345-45,0.0100,554.00,yes
2026-10-05T03:42:53.398941Z,KXBTC15M-26OCT042345-45,0.0050,500.00,yes
2026-10-05T03:42:53.398941Z,KXBTC15M-26OCT042345-45,0.0110,2.00,yes
2026-10-05T03:42:53.398941Z,KXBTC15M-26OCT042345-45,0.0070,13.00,yes
2026-10-05T03:42:53.398941Z,KXBTC15M-26OCT042345-45,0.0100,16.00,yes
2026-10-05T03:42:53.398941Z,KXBTC15M-26OCT042345-45,0.0110,2.00,yes
2026-10-05T03:42:53.398941Z,KXBTC15M-26OCT042345-45,0.0080,749.45,yes
2026-10-05T03:42:53.398941Z,KXBTC15M-26OCT042345-45,0.0100,0.02,yes
2026-10-05T03:42:53.398941Z,KXBTC15M-26OCT042345-45,0.0130,1.00,yes
2026-10-05T03:42:53.398941Z,KXBTC15M-26OCT042345-45,0.0110,187.50,yes
2026-10-05T03:42:53.398941Z,KXBTC15M-26OCT042345-45,0.0100,50.00,yes
2026-10-05T03:42:53.398941Z,KXBTC15M-26OCT042345-45,0.0070,10.00,yes
2026-10-05T03:42:53.398941Z,KXBTC15M-26OCT042345-45,0.0120,500.00,yes
2026-10-05T03:42:53.398941Z,KXBTC15M-26OCT042345-45,0.0120,2.00,yes
2026-10-05T03:42:53.398941Z,KXBTC15M-26OCT042345-45,0.0130,2.00,yes
2026-10-05T03:42:53.398941Z,KXBTC15M-26OCT042345-45,0.0120,2.00,yes
2026-10-05T03:42:53.398941Z,KXBTC15M-26OCT042345-45,0.0140,0.05,yes
2026-10-05T03:42:53.398941Z,KXBTC15M-26OCT042345-45,0.0120,0.03,yes
2026-10-05T03:42:53.398941Z,KXBTC15M-26OCT042345-45,0.0130,0.04,yes
2026-10-05T03:42:53.398941Z,KXBTC15M-26OCT042345-45,0.0110,0.03,yes
2026-10-05T03:42:53.398941Z,KXBTC15M-26OCT042345-45,0.0120,999.54,yes
2026-10-05T03:42:53.398941Z,KXBTC15M-26OCT042345-45,0.0110,963.73,yes
2026-10-05T03:42:53.398941Z,KXBTC15M-26OCT042345-45,0.0130,10.00,yes
2026-10-05T03:42:53.398941Z,KXBTC15M-26OCT042345-45,0.0140,5.00,yes
2026-10-05T03:42:53.398941Z,KXBTC15M-26OCT042345-45,0.0150,773.27,yes
2026-10-05T03:42:53.463738Z,KXBTC15M-26OCT042345-45,0.0090,3.01,no
2026-10-05T03:42:53.485475Z,KXBTC15M-26OCT042345-45,0.0090,1.00,no
2026-10-05T03:42:53.552567Z,KXBTC15M-26OCT042345-45,0.0100,0.52,yes
2026-10-05T03:42:53.552567Z,KXBTC15M-26OCT042345-45,0.0100,1.00,yes
2026-10-05T03:42:53.973224Z,KXBTC15M-26OCT042345-45,0.0100,6.23,yes
2026-10-05T03:42:54.094379Z,KXBTC15M-26OCT042345-45,0.0090,26.21,no
2026-10-05T03:42:54.115545Z,KXBTC15M-26OCT042345-45,0.0090,10.08,no
2026-10-05T03:42:54.118359Z,KXBTC15M-26OCT042345-45,0.0030,250.00,no
2026-10-05T03:42:54.118359Z,KXBTC15M-26OCT042345-45,0.0030,120.00,no
2026-10-05T03:42:54.118359Z,KXBTC15M-26OCT042345-45,0.0030,1334.16,no
2026-10-05T03:42:54.118359Z,KXBTC15M-26OCT042345-45,0.0030,1800.00,no
2026-10-05T03:42:54.118359Z,KXBTC15M-26OCT042345-45,0.0030,1800.00,no
2026-10-05T03:42:54.118359Z,KXBTC15M-26OCT042345-45,0.0030,2.00,no
2026-10-05T03:42:54.118359Z,KXBTC15M-26OCT042345-45,0.0030,2.00,no
2026-10-05T03:42:54.118359Z,KXBTC15M-26OCT042345-45,0.0030,2.00,no
2026-10-05T03:42:54.118359Z,KXBTC15M-26OCT042345-45,0.0030,2.00,no
2026-10-05T03:42:54.118359Z,KXBTC15M-26OCT042345-45,0.0030,2.00,no
2026-10-05T03:42:54.118359Z,KXBTC15M-26OCT042345-45,0.0030,18.00,no
2026-10-05T03:42:54.118359Z,KXBTC15M-26OCT042345-45,0.0070,1.00,no
2026-10-05T03:42:54.118359Z,KXBTC15M-26OCT042345-45,0.0090,200.00,no
2026-10-05T03:42:54.118359Z,KXBTC15M-26OCT042345-45,0.0090,1.00,no
2026-10-05T03:42:54.118359Z,KXBTC15M-26OCT042345-45,0.0060,1.00,no
2026-10-05T03:42:54.118359Z,KXBTC15M-26OCT042345-45,0.0080,1.00,no
2026-10-05T03:42:54.118359Z,KXBTC15M-26OCT042345-45,0.0040,1.00,no
2026-10-05T03:42:54.118359Z,KXBTC15M-26OCT042345-45,0.0050,1.00,no
2026-10-05T03:42:54.118359Z,KXBTC15M-26OCT042345-45,0.0050,93.75,no
2026-10-05T03:42:54.118359Z,KXBTC15M-26OCT042345-45,0.0080,758.00,no
2026-10-05T03:42:54.118359Z,KXBTC15M-26OCT042345-45,0.0060,1047.00,no
2026-10-05T03:42:54.118359Z,KXBTC15M-26OCT042345-45,0.0040,20.00,no
2026-10-05T03:42:54.118359Z,KXBTC15M-26OCT042345-45,0.0040,2.00,no
2026-10-05T03:42:54.118359Z,KXBTC15M-26OCT042345-45,0.0060,2.00,no
2026-10-05T03:42:54.118359Z,KXBTC15M-26OCT042345-45,0.0040,2.00,no
2026-10-05T03:42:54.118359Z,KXBTC15M-26OCT042345-45,0.0050,64.00,no
2026-10-05T03:42:54.118359Z,KXBTC15M-26OCT042345-45,0.0050,2.00,no
2026-10-05T03:42:54.118359Z,KXBTC15M-26OCT042345-45,0.0060,2.00,no
2026-10-05T03:42:54.118359Z,KXBTC15M-26OCT042345-45,0.0080,200.00,no
2026-10-05T03:42:54.118359Z,KXBTC15M-26OCT042345-45,0.0090,0.01,no
2026-10-05T03:42:54.118359Z,KXBTC15M-26OCT042345-45,0.0040,15.00,no
2026-10-05T03:42:54.118359Z,KXBTC15M-26OCT042345-45,0.0050,15.00,no
2026-10-05T03:42:54.118359Z,KXBTC15M-26OCT042345-45,0.0050,15.00,no
2026-10-05T03:42:54.118359Z,KXBTC15M-26OCT042345-45,0.0040,15.00,no
2026-10-05T03:42:54.118359Z,KXBTC15M-26OCT042345-45,0.0090,1.00,no
2026-10-05T03:42:54.118359Z,KXBTC15M-26OCT042345-45,0.0050,64.00,no
2026-10-05T03:42:54.118359Z,KXBTC15M-26OCT042345-45,0.0050,93.75,no
2026-10-05T03:42:54.118359Z,KXBTC15M-26OCT042345-45,0.0090,0.01,no
2026-10-05T03:42:54.118359Z,KXBTC15M-26OCT042345-45,0.0090,500.00,no
2026-10-05T03:42:54.118359Z,KXBTC15M-26OCT042345-45,0.0090,1830.00,no
2026-10-05T03:42:54.118359Z,KXBTC15M-26OCT042345-45,0.0050,2.00,no
2026-10-05T03:42:54.118359Z,KXBTC15M-26OCT042345-45,0.0090,1006.70,no
2026-10-05T03:42:54.118359Z,KXBTC15M-26OCT042345-45,0.0040,15.00,no
2026-10-05T03:42:54.118359Z,KXBTC15M-26OCT042345-45,0.0030,920.81,no
2026-10-05T03:42:54.118359Z,KXBTC15M-26OCT042345-45,0.0030,2500.00,no
2026-10-05T03:42:54.156669Z,KXBTC15M-26OCT042345-45,0.0080,14.00,yes
2026-10-05T03:42:54.156669Z,KXBTC15M-26OCT042345-45,0.0080,43.50,yes
2026-10-05T03:42:54.156669Z,KXBTC15M-26OCT042345-45,0.0080,0.01,yes
2026-10-05T03:42:54.156669Z,KXBTC15M-26OCT042345-45,0.0080,26.00,yes
2026-10-05T03:42:54.156669Z,KXBTC15M-26OCT042345-45,0.0080,10.00,yes
2026-10-05T03:42:54.219926Z,KXBTC15M-26OCT042345-45,0.0080,14.00,yes
2026-10-05T03:42:54.219926Z,KXBTC15M-26OCT042345-45,0.0080,3.50,yes
2026-10-05T03:42:54.414731Z,KXBTC15M-26OCT042345-45,0.0070,0.01,no
2026-10-05T03:42:54.414731Z,KXBTC15M-26OCT042345-45,0.0060,236.10,no
2026-10-05T03:42:54.414731Z,KXBTC15M-26OCT042345-45,0.0070,0.01,no
2026-10-05T03:42:54.446371Z,KXBTC15M-26OCT042345-45,0.0070,0.01,no
2026-10-05T03:42:54.446371Z,KXBTC15M-26OCT042345-45,0.0070,0.01,no
2026-10-05T03:42:54.446371Z,KXBTC15M-26OCT042345-45,0.0060,9.85,no
2026-10-05T03:42:54.617137Z,KXBTC15M-26OCT042345-45,0.0080,9.35,yes
2026-10-05T03:42:54.694358Z,KXBTC15M-26OCT042345-45,0.0080,30.88,yes
2026-10-05T03:42:54.710307Z,KXBTC15M-26OCT042345-45,0.0080,3.14,yes
2026-10-05T03:42:54.762537Z,KXBTC15M-26OCT042345-45,0.0060,79.54,no
2026-10-05T03:42:54.762537Z,KXBTC15M-26OCT042345-45,0.0070,0.01,no
2026-10-05T03:42:54.762537Z,KXBTC15M-26OCT042345-45,0.0070,0.01,no
2026-10-05T03:42:54.762537Z,KXBTC15M-26OCT042345-45,0.0060,200.00,no
2026-10-05T03:42:55.12627Z,KXBTC15M-26OCT042345-45,0.0070,70.00,yes
2026-10-05T03:42:55.12627Z,KXBTC15M-26OCT042345-45,0.0070,16.82,yes
2026-10-05T03:42:55.133372Z,KXBTC15M-26OCT042345-45,0.0060,53.46,no
2026-10-05T03:42:55.145745Z,KXBTC15M-26OCT042345-45,0.0070,0.02,yes
2026-10-05T03:42:55.145745Z,KXBTC15M-26OCT042345-45,0.0070,120.00,yes
2026-10-05T03:42:55.145745Z,KXBTC15M-26OCT042345-45,0.0070,0.01,yes
2026-10-05T03:42:55.145745Z,KXBTC15M-26OCT042345-45,0.0070,13.00,yes
2026-10-05T03:42:55.145745Z,KXBTC15M-26OCT042345-45,0.0070,474.00,yes
2026-10-05T03:42:55.145745Z,KXBTC15M-26OCT042345-45,0.0070,70.00,yes
2026-10-05T03:42:55.145745Z,KXBTC15M-26OCT042345-45,0.0070,70.00,yes
2026-10-05T03:42:55.145745Z,KXBTC15M-26OCT042345-45,0.0070,53.18,yes
2026-10-05T03:42:55.145745Z,KXBTC15M-26OCT042345-45,0.0070,0.01,yes
2026-10-05T03:42:55.145745Z,KXBTC15M-26OCT042345-45,0.0070,70.00,yes
2026-10-05T03:42:55.145745Z,KXBTC15M-26OCT042345-45,0.0070,200.00,yes
2026-10-05T03:42:55.145745Z,KXBTC15M-26OCT042345-45,0.0070,1.00,yes
2026-10-05T03:42:55.145745Z,KXBTC15M-26OCT042345-45,0.0070,129.17,yes
2026-10-05T03:42:55.27948Z,KXBTC15M-26OCT042345-45,0.0070,0.01,yes
2026-10-05T03:42:55.27948Z,KXBTC15M-26OCT042345-45,0.0070,1.00,yes
2026-10-05T03:42:55.27948Z,KXBTC15M-26OCT042345-45,0.0070,0.01,yes
2026-10-05T03:42:55.27948Z,KXBTC15M-26OCT042345-45,0.0070,12.33,yes
2026-10-05T03:42:55.338434Z,KXBTC15M-26OCT042345-45,0.0060,20.00,no
2026-10-05T03:42:55.338434Z,KXBTC15M-26OCT042345-45,0.0050,128.00,no
2026-10-05T03:42:55.338434Z,KXBTC15M-26OCT042345-45,0.0060,0.01,no
2026-10-05T03:42:55.338434Z,KXBTC15M-26OCT042345-45,0.0060,0.01,no
2026-10-05T03:42:55.338434Z,KXBTC15M-26OCT042345-45,0.0040,12.99,no
2026-10-05T03:42:55.338434Z,KXBTC15M-26OCT042345-45,0.0040,40.00,no
2026-10-05T03:42:55.514819Z,KXBTC15M-26OCT042345-45,0.0070,0.01,yes
2026-10-05T03:42:55.514819Z,KXBTC15M-26OCT042345-45,0.0070,10.70,yes
2026-10-05T03:42:55.514819Z,KXBTC15M-26OCT042345-45,0.0070,0.67,yes
2026-10-05T03:42:55.514819Z,KXBTC15M-26OCT042345-45,0.0070,0.01,yes
2026-10-05T03:42:55.574045Z,KXBTC15M-26OCT042345-45,0.0070,256.46,yes
2026-10-05T03:42:55.635058Z,KXBTC15M-26OCT042345-45,0.0060,1.00,no
2026-10-05T03:42:55.635058Z,KXBTC15M-26OCT042345-45,0.0060,20.00,no
2026-10-05T03:42:55.635058Z,KXBTC15M-26OCT042345-45,0.0060,0.01,no
2026-10-05T03:42:55.635058Z,KXBTC15M-26OCT042345-45,0.0050,79.54,no
2026-10-05T03:42:55.635058Z,KXBTC15M-26OCT042345-45,0.0060,0.01,no
2026-10-05T03:42:55.693347Z,KXBTC15M-26OCT042345-45,0.0060,1831.00,no
2026-10-05T03:42:55.693347Z,KXBTC15M-26OCT042345-45,0.0060,500.00,no
2026-10-05T03:42:55.693347Z,KXBTC15M-26OCT042345-45,0.0050,129.82,no
2026-10-05T03:42:55.693347Z,KXBTC15M-26OCT042345-45,0.0060,0.01,no
2026-10-05T03:42:55.693347Z,KXBTC15M-26OCT042345-45,0.0060,0.01,no
2026-10-05T03:42:55.693347Z,KXBTC15M-26OCT042345-45,0.0050,200.00,no
2026-10-05T03:42:55.752251Z,KXBTC15M-26OCT042345-45,0.0070,116.41,yes
2026-10-05T03:42:55.884162Z,KXBTC15M-26OCT042345-45,0.0070,147.26,yes
2026-10-05T03:42:55.884162Z,KXBTC15M-26OCT042345-45,0.0070,86.02,yes
2026-10-05T03:42:55.992871Z,KXBTC15M-26OCT042345-45,0.0060,18.09,no
2026-10-05T03:42:55.992871Z,KXBTC15M-26OCT042345-45,0.0060,0.01,no
2026-10-05T03:42:56.000993Z,KXBTC15M-26OCT042345-45,0.0070,52.74,yes
2026-10-05T03:42:56.000993Z,KXBTC15M-26OCT042345-45,0.0070,16.00,yes
2026-10-05T03:42:56.000993Z,KXBTC15M-26OCT042345-45,0.0070,0.02,yes
2026-10-05T03:42:56.000993Z,KXBTC15M-26OCT042345-45,0.0070,0.01,yes
2026-10-05T03:42:56.000993Z,KXBTC15M-26OCT042345-45,0.0070,1.00,yes
2026-10-05T03:42:56.000993Z,KXBTC15M-26OCT042345-45,0.0070,1.00,yes
2026-10-05T03:42:56.000993Z,KXBTC15M-26OCT042345-45,0.0070,0.01,yes
2026-10-05T03:42:56.000993Z,KXBTC15M-26OCT042345-45,0.0070,74.81,yes
2026-10-05T03:42:56.058277Z,KXBTC15M-26OCT042345-45,0.0060,0.01,no
2026-10-05T03:42:56.058277Z,KXBTC15M-26OCT042345-45,0.0060,18.09,no
2026-10-05T03:42:56.058277Z,KXBTC15M-26OCT042345-45,0.0060,0.01,no
2026-10-05T03:42:56.058277Z,KXBTC15M-26OCT042345-45,0.0050,80.04,no
2026-10-05T03:42:56.058277Z,KXBTC15M-26OCT042345-45,0.0060,1.91,no
2026-10-05T03:42:56.091633Z,KXBTC15M-26OCT042345-45,0.0080,250.00,yes
2026-10-05T03:42:56.091633Z,KXBTC15M-26OCT042345-45,0.0080,588.00,yes
2026-10-05T03:42:56.091633Z,KXBTC15M-26OCT042345-45,0.0080,1800.00,yes
2026-10-05T03:42:56.091633Z,KXBTC15M-26OCT042345-45,0.0080,0.02,yes
2026-10-05T03:42:56.091633Z,KXBTC15M-26OCT042345-45,0.0070,1.00,yes
2026-10-05T03:42:56.091633Z,KXBTC15M-26OCT042345-45,0.0070,0.01,yes
2026-10-05T03:42:56.091633Z,KXBTC15M-26OCT042345-45,0.0070,0.01,yes
2026-10-05T03:42:56.091633Z,KXBTC15M-26OCT042345-45,0.0080,172.87,yes
2026-10-05T03:42:56.091633Z,KXBTC15M-26OCT042345-45,0.0080,1.00,yes
2026-10-05T03:42:56.107429Z,KXBTC15M-26OCT042345-45,0.0070,2.01,no
2026-10-05T03:42:56.136732Z,KXBTC15M-26OCT042345-45,0.0070,0.01,no
2026-10-05T03:42:56.136732Z,KXBTC15M-26OCT042345-45,0.0070,0.01,no
2026-10-05T03:42:56.136732Z,KXBTC15M-26OCT042345-45,0.0070,70.00,no
2026-10-05T03:42:56.136732Z,KXBTC15M-26OCT042345-45,0.0050,1.00,no
2026-10-05T03:42:56.136732Z,KXBTC15M-26OCT042345-45,0.0060,0.01,no
2026-10-05T03:42:56.136732Z,KXBTC15M-26OCT042345-45,0.0070,67.99,no
2026-10-05T03:42:56.136732Z,KXBTC15M-26OCT042345-45,0.0070,70.00,no
2026-10-05T03:42:56.136732Z,KXBTC15M-26OCT042345-45,0.0040,20.00,no
2026-10-05T03:42:56.136732Z,KXBTC15M-26OCT042345-45,0.0070,70.00,no
2026-10-05T03:42:56.136732Z,KXBTC15M-26OCT042345-45,0.0070,70.00,no
2026-10-05T03:42:56.136732Z,KXBTC15M-26OCT042345-45,0.0060,0.01,no
2026-10-05T03:42:56.136732Z,KXBTC15M-26OCT042345-45,0.0050,0.01,no
2026-10-05T03:42:56.136732Z,KXBTC15M-26OCT042345-45,0.0040,36.00,no
2026-10-05T03:42:56.136732Z,KXBTC15M-26OCT042345-45,0.0060,260.14,no
2026-10-05T03:42:56.136732Z,KXBTC15M-26OCT042345-45,0.0040,50.00,no
2026-10-05T03:42:56.136732Z,KXBTC15M-26OCT042345-45,0.0050,200.00,no
2026-10-05T03:42:56.136732Z,KXBTC15M-26OCT042345-45,0.0030,44.54,no
2026-10-05T03:42:56.268206Z,KXBTC15M-26OCT042345-45,0.0080,184.46,yes
2026-10-05T03:42:56.376139Z,KXBTC15M-26OCT042345-45,0.0040,5.01,no
2026-10-05T03:42:56.376139Z,KXBTC15M-26OCT042345-45,0.0070,0.01,no
2026-10-05T03:42:56.376139Z,KXBTC15M-26OCT042345-45,0.0070,0.01,no
2026-10-05T03:42:56.490009Z,KXBTC15M-26OCT042345-45,0.0040,0.06,no
2026-10-05T03:42:56.490009Z,KXBTC15M-26OCT042345-45,0.0040,14.99,no
2026-10-05T03:42:56.584854Z,KXBTC15M-26OCT042345-45,0.0070,255.71,yes
2026-10-05T03:42:56.590365Z,KXBTC15M-26OCT042345-45,0.0070,506.29,yes
2026-10-05T03:42:56.590365Z,KXBTC15M-26OCT042345-45,0.0070,18.00,yes
2026-10-05T03:42:56.590365Z,KXBTC15M-26OCT042345-45,0.0070,60.13,yes
2026-10-05T03:42:56.74017Z,KXBTC15M-26OCT042345-45,0.0070,129.88,yes
2026-10-05T03:42:56.74017Z,KXBTC15M-26OCT042345-45,0.0070,1.00,yes
2026-10-05T03:42:56.74017Z,KXBTC15M-26OCT042345-45,0.0070,0.01,yes
2026-10-05T03:42:56.74017Z,KXBTC15M-26OCT042345-45,0.0070,0.01,yes
2026-10-05T03:42:56.90876Z,KXBTC15M-26OCT042345-45,0.0070,1.00,yes
2026-10-05T03:42:56.90876Z,KXBTC15M-26OCT042345-45,0.0070,16.00,yes
2026-10-05T03:42:56.90876Z,KXBTC15M-26OCT042345-45,0.0070,0.01,yes
2026-10-05T03:42:56.90876Z,KXBTC15M-26OCT042345-45,0.0070,0.01,yes
2026-10-05T03:42:56.90876Z,KXBTC15M-26OCT042345-45,0.0080,12.20,yes
2026-10-05T03:42:57.167284Z,KXBTC15M-26OCT042345-45,0.0070,5.00,no
2026-10-05T03:42:57.210035Z,KXBTC15M-26OCT042345-45,0.0080,2.00,yes
2026-10-05T03:42:57.301339Z,KXBTC15M-26OCT042345-45,0.0030,15.00,no
2026-10-05T03:42:57.301339Z,KXBTC15M-26OCT042345-45,0.0030,15.00,no
2026-10-05T03:42:57.301339Z,KXBTC15M-26OCT042345-45,0.0030,15.00,no
2026-10-05T03:42:57.301339Z,KXBTC15M-26OCT042345-45,0.0030,15.00,no
2026-10-05T03:42:57.301339Z,KXBTC15M-26OCT042345-45,0.0030,15.00,no
2026-10-05T03:42:57.301339Z,KXBTC15M-26OCT042345-45,0.0030,15.00,no
2026-10-05T03:42:57.301339Z,KXBTC15M-26OCT042345-45,0.0030,15.00,no
2026-10-05T03:42:57.301339Z,KXBTC15M-26OCT042345-45,0.0030,15.00,no
2026-10-05T03:42:57.301339Z,KXBTC15M-26OCT042345-45,0.0030,150.00,no
2026-10-05T03:42:57.301339Z,KXBTC15M-26OCT042345-45,0.0030,10.00,no
2026-10-05T03:42:57.301339Z,KXBTC15M-26OCT042345-45,0.0070,784.00,no
2026-10-05T03:42:57.301339Z,KXBTC15M-26OCT042345-45,0.0040,34.00,no
2026-10-05T03:42:57.301339Z,KXBTC15M-26OCT042345-45,0.0070,0.01,no
2026-10-05T03:42:57.301339Z,KXBTC15M-26OCT042345-45,0.0050,1.00,no
2026-10-05T03:42:57.301339Z,KXBTC15M-26OCT042345-45,0.0040,1.00,no
2026-10-05T03:42:57.301339Z,KXBTC15M-26OCT042345-45,0.0060,1.00,no
2026-10-05T03:42:57.301339Z,KXBTC15M-26OCT042345-45,0.0040,20.00,no
2026-10-05T03:42:57.301339Z,KXBTC15M-26OCT042345-45,0.0070,0.01,no
2026-10-05T03:42:57.301339Z,KXBTC15M-26OCT042345-45,0.0070,1.00,no
2026-10-05T03:42:57.301339Z,KXBTC15M-26OCT042345-45,0.0060,200.00,no
2026-10-05T03:42:57.301339Z,KXBTC15M-26OCT042345-45,0.0030,1231.61,no
2026-10-05T03:42:57.301339Z,KXBTC15M-26OCT042345-45,0.0030,250.00,no
2026-10-05T03:42:57.301339Z,KXBTC15M-26OCT042345-45,0.0030,81.65,no
2026-10-05T03:42:57.345684Z,KXBTC15M-26OCT042345-45,0.0080,22.91,yes
2026-10-05T03:42:57.448908Z,KXBTC15M-26OCT042345-45,0.0070,0.01,no
2026-10-05T03:42:57.448908Z,KXBTC15M-26OCT042345-45,0.0040,200.00,no
2026-10-05T03:42:57.448908Z,KXBTC15M-26OCT042345-45,0.0070,0.01,no
2026-10-05T03:42:57.448908Z,KXBTC15M-26OCT042345-45,0.0040,1373.00,no
2026-10-05T03:42:57.448908Z,KXBTC15M-26OCT042345-45,0.0040,20.00,no
2026-10-05T03:42:57.448908Z,KXBTC15M-26OCT042345-45,0.0030,37.70,no
2026-10-05T03:42:57.737253Z,KXBTC15M-26OCT042345-45,0.0070,0.01,no
2026-10-05T03:42:57.737253Z,KXBTC15M-26OCT042345-45,0.0070,0.01,no
2026-10-05T03:42:57.750722Z,KXBTC15M-26OCT042345-45,0.0050,18.97,no
2026-10-05T03:42:57.878442Z,KXBTC15M-26OCT042345-45,0.0060,15.00,yes
2026-10-05T03:42:57.878442Z,KXBTC15M-26OCT042345-45,0.0060,200.00,yes
2026-10-05T03:42:57.9235Z,KXBTC15M-26OCT042345-45,0.0060,148.44,yes
2026-10-05T03:42:57.974761Z,KXBTC15M-26OCT042345-45,0.0060,15.00,yes
2026-10-05T03:42:57.974761Z,KXBTC15M-26OCT042345-45,0.0060,273.84,yes
2026-10-05T03:42:57.974761Z,KXBTC15M-26OCT042345-45,0.0060,200.00,yes
2026-10-05T03:42:57.974761Z,KXBTC15M-26OCT042345-45,0.0060,0.01,yes
2026-10-05T03:42:57.974761Z,KXBTC15M-26OCT042345-45,0.0060,0.01,yes
2026-10-05T03:42:57.974761Z,KXBTC15M-26OCT042345-45,0.0060,95.56,yes
2026-10-05T03:42:57.991586Z,KXBTC15M-26OCT042345-45,0.0060,35.00,yes
2026-10-05T03:42:58.008077Z,KXBTC15M-26OCT042345-45,0.0060,399.36,yes
2026-10-05T03:42:58.008077Z,KXBTC15M-26OCT042345-45,0.0060,265.65,yes
2026-10-05T03:42:58.039282Z,KXBTC15M-26OCT042345-45,0.0060,14.03,yes
2026-10-05T03:42:58.050732Z,KXBTC15M-26OCT042345-45,0.0050,0.01,no
2026-10-05T03:42:58.050732Z,KXBTC15M-26OCT042345-45,0.0050,22.00,no
2026-10-05T03:42:58.050732Z,KXBTC15M-26OCT042345-45,0.0050,0.01,no
2026-10-05T03:42:58.050732Z,KXBTC15M-26OCT042345-45,0.0050,70.23,no
2026-10-05T03:42:58.166253Z,KXBTC15M-26OCT042345-45,0.0060,28.35,yes
2026-10-05T03:42:58.218968Z,KXBTC15M-26OCT042345-45,0.0060,135.22,yes
2026-10-05T03:42:58.288818Z,KXBTC15M-26OCT042345-45,0.0060,29.76,yes
2026-10-05T03:42:58.510135Z,KXBTC15M-26OCT042345-45,0.0050,29.77,no
2026-10-05T03:42:58.510135Z,KXBTC15M-26OCT042345-45,0.0050,28.50,no
2026-10-05T03:42:58.586803Z,KXBTC15M-26OCT042345-45,0.0050,30.14,no
2026-10-05T03:42:58.59368Z,KXBTC15M-26OCT042345-45,0.0050,5.02,no
2026-10-05T03:42:58.680161Z,KXBTC15M-26OCT042345-45,0.0050,10.04,no
2026-10-05T03:42:58.89727Z,KXBTC15M-26OCT042345-45,0.0050,2.19,no
2026-10-05T03:42:58.969017Z,KXBTC15M-26OCT042345-45,0.0060,152.71,yes
2026-10-05T03:42:59.044192Z,KXBTC15M-26OCT042345-45,0.0060,126.28,yes
2026-10-05T03:42:59.044192Z,KXBTC15M-26OCT042345-45,0.0060,26.43,yes
2026-10-05T03:42:59.171038Z,KXBTC15M-26OCT042345-45,0.0060,86.86,yes
2026-10-05T03:42:59.171038Z,KXBTC15M-26OCT042345-45,0.0060,0.01,yes
2026-10-05T03:42:59.171038Z,KXBTC15M-26OCT042345-45,0.0060,0.01,yes
2026-10-05T03:42:59.171038Z,KXBTC15M-26OCT042345-45,0.0060,15.00,yes
2026-10-05T03:42:59.171038Z,KXBTC15M-26OCT042345-45,0.0060,200.00,yes
2026-10-05T03:42:59.171038Z,KXBTC15M-26OCT042345-45,0.0060,9.76,yes
2026-10-05T03:42:59.181763Z,KXBTC15M-26OCT042345-45,0.0060,1.02,yes
2026-10-05T03:42:59.223452Z,KXBTC15M-26OCT042345-45,0.0050,24.71,no
2026-10-05T03:42:59.260428Z,KXBTC15M-26OCT042345-45,0.0050,281.02,no
2026-10-05T03:42:59.260428Z,KXBTC15M-26OCT042345-45,0.0050,200.00,no
2026-10-05T03:42:59.260428Z,KXBTC15M-26OCT042345-45,0.0050,15.00,no
2026-10-05T03:42:59.260428Z,KXBTC15M-26OCT042345-45,0.0040,200.00,no
2026-10-05T03:42:59.260428Z,KXBTC15M-26OCT042345-45,0.0030,250.00,no
2026-10-05T03:42:59.260428Z,KXBTC15M-26OCT042345-45,0.0050,15.00,no
2026-10-05T03:42:59.260428Z,KXBTC15M-26OCT042345-45,0.0030,150.00,no
2026-10-05T03:42:59.260428Z,KXBTC15M-26OCT042345-45,0.0050,15.00,no
2026-10-05T03:42:59.260428Z,KXBTC15M-26OCT042345-45,0.0050,299.40,no
2026-10-05T03:42:59.260428Z,KXBTC15M-26OCT042345-45,0.0030,57.00,no
2026-10-05T03:42:59.260428Z,KXBTC15M-26OCT042345-45,0.0030,10.00,no
2026-10-05T03:42:59.260428Z,KXBTC15M-26OCT042345-45,0.0040,20.00,no
2026-10-05T03:42:59.260428Z,KXBTC15M-26OCT042345-45,0.0050,100.00,no
2026-10-05T03:42:59.260428Z,KXBTC15M-26OCT042345-45,0.0050,0.01,no
2026-10-05T03:42:59.260428Z,KXBTC15M-26OCT042345-45,0.0050,0.01,no
2026-10-05T03:42:59.260428Z,KXBTC15M-26OCT042345-45,0.0030,17.00,no
2026-10-05T03:42:59.260428Z,KXBTC15M-26OCT042345-45,0.0030,2828.41,no
2026-10-05T03:42:59.472262Z,KXBTC15M-26OCT042345-45,0.0050,89.98,no
2026-10-05T03:42:59.472262Z,KXBTC15M-26OCT042345-45,0.0050,0.01,no
2026-10-05T03:42:59.472262Z,KXBTC15M-26OCT042345-45,0.0050,0.01,no
2026-10-05T03:42:59.482669Z,KXBTC15M-26OCT042345-45,0.0060,77.91,yes
2026-10-05T03:42:59.620201Z,KXBTC15M-26OCT042345-45,0.0050,0.01,no
2026-10-05T03:42:59.620201Z,KXBTC15M-26OCT042345-45,0.0050,310.02,no
2026-10-05T03:42:59.620201Z,KXBTC15M-26OCT042345-45,0.0050,200.00,no
2026-10-05T03:42:59.620201Z,KXBTC15M-26OCT042345-45,0.0050,1098.00,no
2026-10-05T03:42:59.620201Z,KXBTC15M-26OCT042345-45,0.0050,100.00,no
2026-10-05T03:42:59.620201Z,KXBTC15M-26OCT042345-45,0.0050,0.01,no
2026-10-05T03:42:59.769682Z,KXBTC15M-26OCT042345-45,0.0040,20.00,no
2026-10-05T03:42:59.769682Z,KXBTC15M-26OCT042345-45,0.0040,80.46,no
2026-10-05T03:42:59.854899Z,KXBTC15M-26OCT042345-45,0.0050,111.00,yes
2026-10-05T03:42:59.876351Z,KXBTC15M-26OCT042345-45,0.0050,3.02,yes
2026-10-05T03:42:59.885091Z,KXBTC15M-26OCT042345-45,0.0050,677.94,yes
2026-10-05T03:42:59.885091Z,KXBTC15M-26OCT042345-45,0.0050,55.48,yes
2026-10-05T03:42:59.900624Z,KXBTC15M-26OCT042345-45,0.0040,20.00,no
2026-10-05T03:42:59.900624Z,KXBTC15M-26OCT042345-45,0.0040,0.01,no
2026-10-05T03:42:59.900624Z,KXBTC15M-26OCT042345-45,0.0040,400.00,no
2026-10-05T03:42:59.900624Z,KXBTC15M-26OCT042345-45,0.0040,0.01,no
2026-10-05T03:42:59.900624Z,KXBTC15M-26OCT042345-45,0.0040,19.54,no
2026-10-05T03:42:59.900624Z,KXBTC15M-26OCT042345-45,0.0040,200.00,no
2026-10-05T03:42:59.900624Z,KXBTC15M-26OCT042345-45,0.0030,582.44,no
2026-10-05T03:42:59.953787Z,KXBTC15M-26OCT042345-45,0.0050,15.00,yes
2026-10-05T03:42:59.953787Z,KXBTC15M-26OCT042345-45,0.0050,0.01,yes
2026-10-05T03:42:59.953787Z,KXBTC15M-26OCT042345-45,0.0050,749.11,yes
2026-10-05T03:42:59.953787Z,KXBTC15M-26OCT042345-45,0.0050,0.01,yes
2026-10-05T03:42:59.953787Z,KXBTC15M-26OCT042345-45,0.0050,15.00,yes
2026-10-05T03:43:00.008083Z,KXBTC15M-26OCT042345-45,0.0050,14.39,yes
2026-10-05T03:43:00.07737Z,KXBTC15M-26OCT042345-45,0.0040,200.00,no
2026-10-05T03:43:00.07737Z,KXBTC15M-26OCT042345-45,0.0040,15.00,no
2026-10-05T03:43:00.07737Z,KXBTC15M-26OCT042345-45,0.0040,400.00,no
2026-10-05T03:43:00.07737Z,KXBTC15M-26OCT042345-45,0.0030,150.00,no
2026-10-05T03:43:00.07737Z,KXBTC15M-26OCT042345-45,0.0030,39.00,no
2026-10-05T03:43:00.07737Z,KXBTC15M-26OCT042345-45,0.0030,47.44,no
2026-10-05T03:43:00.07737Z,KXBTC15M-26OCT042345-45,0.0030,17.00,no
2026-10-05T03:43:00.07737Z,KXBTC15M-26OCT042345-45,0.0040,100.00,no
2026-10-05T03:43:00.07737Z,KXBTC15M-26OCT042345-45,0.0040,15.00,no
2026-10-05T03:43:00.07737Z,KXBTC15M-26OCT042345-45,0.0040,0.01,no
2026-10-05T03:43:00.07737Z,KXBTC15M-26OCT042345-45,0.0040,20.00,no
2026-10-05T03:43:00.07737Z,KXBTC15M-26OCT042345-45,0.0040,0.01,no
2026-10-05T03:43:00.283034Z,KXBTC15M-26OCT042345-45,0.0050,185.61,yes
2026-10-05T03:43:00.285784Z,KXBTC15M-26OCT042345-45,0.0040,0.01,no
2026-10-05T03:43:00.285784Z,KXBTC15M-26OCT042345-45,0.0040,0.01,no
2026-10-05T03:43:00.285784Z,KXBTC15M-26OCT042345-45,0.0040,0.09,no
2026-10-05T03:43:00.299524Z,KXBTC15M-26OCT042345-45,0.0050,155.83,yes
2026-10-05T03:43:00.308639Z,KXBTC15M-26OCT042345-45,0.0050,31.16,yes
2026-10-05T03:43:00.326862Z,KXBTC15M-26OCT042345-45,0.0040,39.09,no
2026-10-05T03:43:00.326862Z,KXBTC15M-26OCT042345-45,0.0040,19.91,no
2026-10-05T03:43:00.326862Z,KXBTC15M-26OCT042345-45,0.0040,100.00,no
2026-10-05T03:43:00.379105Z,KXBTC15M-26OCT042345-45,0.0040,27.20,no
2026-10-05T03:43:00.46239Z,KXBTC15M-26OCT042345-45,0.0030,146.27,no
2026-10-05T03:43:00.46239Z,KXBTC15M-26OCT042345-45,0.0040,0.09,no
2026-10-05T03:43:00.46239Z,KXBTC15M-26OCT042345-45,0.0040,19.91,no
2026-10-05T03:43:00.46239Z,KXBTC15M-26OCT042345-45,0.0040,333.71,no
2026-10-05T03:43:00.46239Z,KXBTC15M-26OCT042345-45,0.0040,0.01,no
2026-10-05T03:43:00.46239Z,KXBTC15M-26OCT042345-45,0.0040,200.00,no
2026-10-05T03:43:00.46239Z,KXBTC15M-26OCT042345-45,0.0040,0.01,no
2026-10-05T03:43:00.46239Z,KXBTC15M-26OCT042345-45,0.0040,100.00,no
2026-10-05T03:43:00.466129Z,KXBTC15M-26OCT042345-45,0.0030,0.58,no
2026-10-05T03:43:00.481143Z,KXBTC15M-26OCT042345-45,0.0040,6.06,no
2026-10-05T03:43:00.481143Z,KXBTC15M-26OCT042345-45,0.0040,0.01,no
2026-10-05T03:43:00.481143Z,KXBTC15M-26OCT042345-45,0.0040,20.00,no
2026-10-05T03:43:00.481143Z,KXBTC15M-26OCT042345-45,0.0040,0.01,no
2026-10-05T03:43:00.558975Z,KXBTC15M-26OCT042345-45,0.0050,140.23,yes
2026-10-05T03:43:00.63905Z,KXBTC15M-26OCT042345-45,0.0040,0.01,no
2026-10-05T03:43:00.63905Z,KXBTC15M-26OCT042345-45,0.0040,79.98,no
2026-10-05T03:43:00.63905Z,KXBTC15M-26OCT042345-45,0.0040,20.00,no
2026-10-05T03:43:00.63905Z,KXBTC15M-26OCT042345-45,0.0040,0.01,no
2026-10-05T03:43:00.641941Z,KXBTC15M-26OCT042345-45,0.0040,20.02,no
2026-10-05T03:43:00.641941Z,KXBTC15M-26OCT042345-45,0.0040,1.32,no
2026-10-05T03:43:00.868195Z,KXBTC15M-26OCT042345-45,0.0050,4.86,yes
2026-10-05T03:43:00.906152Z,KXBTC15M-26OCT042345-45,0.0050,189.57,yes
2026-10-05T03:43:00.95867Z,KXBTC15M-26OCT042345-45,0.0040,48.64,no
2026-10-05T03:43:01.053618Z,KXBTC15M-26OCT042345-45,0.0050,19.60,yes
2026-10-05T03:43:01.153985Z,KXBTC15M-26OCT042345-45,0.0040,17.00,no
2026-10-05T03:43:01.383814Z,KXBTC15M-26OCT042345-45,0.0050,139.37,yes
2026-10-05T03:43:01.383814Z,KXBTC15M-26OCT042345-45,0.0050,24.98,yes
2026-10-05T03:43:01.383814Z,KXBTC15M-26OCT042345-45,0.0050,22.62,yes
2026-10-05T03:43:01.450286Z,KXBTC15M-26OCT042345-45,0.0050,98.00,yes
2026-10-05T03:43:01.489083Z,KXBTC15M-26OCT042345-45,0.0050,186.97,yes
2026-10-05T03:43:01.506002Z,KXBTC15M-26OCT042345-45,0.0050,14.09,yes
2026-10-05T03:43:01.506002Z,KXBTC15M-26OCT042345-45,0.0050,358.91,yes
2026-10-05T03:43:01.506002Z,KXBTC15M-26OCT042345-45,0.0050,0.01,yes
2026-10-05T03:43:01.506002Z,KXBTC15M-26OCT042345-45,0.0050,241.66,yes
2026-10-05T03:43:01.506002Z,KXBTC15M-26OCT042345-45,0.0050,15.00,yes
2026-10-05T03:43:01.506002Z,KXBTC15M-26OCT042345-45,0.0050,0.02,yes
2026-10-05T03:43:01.506002Z,KXBTC15M-26OCT042345-45,0.0050,0.58,yes
2026-10-05T03:43:01.506002Z,KXBTC15M-26OCT042345-45,0.0050,47.44,yes
2026-10-05T03:43:01.506002Z,KXBTC15M-26OCT042345-45,0.0050,175.00,yes
2026-10-05T03:43:01.506002Z,KXBTC15M-26OCT042345-45,0.0050,1.00,yes
2026-10-05T03:43:01.506002Z,KXBTC15M-26OCT042345-45,0.0050,0.01,yes
2026-10-05T03:43:01.506002Z,KXBTC15M-26OCT042345-45,0.0050,0.01,yes
2026-10-05T03:43:01.506002Z,KXBTC15M-26OCT042345-45,0.0050,146.27,yes
2026-10-05T03:43:01.510924Z,KXBTC15M-26OCT042345-45,0.0050,500.00,yes
2026-10-05T03:43:01.510924Z,KXBTC15M-26OCT042345-45,0.0050,26.09,yes
2026-10-05T03:43:01.511538Z,KXBTC15M-26OCT042345-45,0.0060,0.02,yes
2026-10-05T03:43:01.511574Z,KXBTC15M-26OCT042345-45,0.0060,177.03,yes
2026-10-05T03:43:01.511574Z,KXBTC15M-26OCT042345-45,0.0060,250.00,yes
2026-10-05T03:43:01.511574Z,KXBTC15M-26OCT042345-45,0.0060,524.33,yes
2026-10-05T03:43:01.511574Z,KXBTC15M-26OCT042345-45,0.0060,1.00,yes
2026-10-05T03:43:01.511574Z,KXBTC15M-26OCT042345-45,0.0060,14.00,yes
2026-10-05T03:43:01.511574Z,KXBTC15M-26OCT042345-45,0.0060,0.02,yes
2026-10-05T03:43:01.511574Z,KXBTC15M-26OCT042345-45,0.0060,166.98,yes
2026-10-05T03:43:01.512571Z,KXBTC15M-26OCT042345-45,0.0070,533.99,yes
2026-10-05T03:43:01.512571Z,KXBTC15M-26OCT042345-45,0.0050,0.01,yes
2026-10-05T03:43:01.512571Z,KXBTC15M-26OCT042345-45,0.0070,15.00,yes
2026-10-05T03:43:01.512571Z,KXBTC15M-26OCT042345-45,0.0070,1.00,yes
2026-10-05T03:43:01.512571Z,KXBTC15M-26OCT042345-45,0.0070,50.00,yes
2026-10-05T03:43:01.512571Z,KXBTC15M-26OCT042345-45,0.0070,0.02,yes
2026-10-05T03:43:01.51373Z,KXBTC15M-26OCT042345-45,0.0070,0.01,yes
2026-10-05T03:43:01.51373Z,KXBTC15M-26OCT042345-45,0.0080,0.01,yes
2026-10-05T03:43:01.513894Z,KXBTC15M-26OCT042345-45,0.0080,0.01,yes
2026-10-05T03:43:01.513894Z,KXBTC15M-26OCT042345-45,0.0080,0.01,yes
2026-10-05T03:43:01.514991Z,KXBTC15M-26OCT042345-45,0.0080,0.02,yes
2026-10-05T03:43:01.517424Z,KXBTC15M-26OCT042345-45,0.0080,2.55,yes
2026-10-05T03:43:01.521496Z,KXBTC15M-26OCT042345-45,0.0080,0.01,yes
2026-10-05T03:43:01.521496Z,KXBTC15M-26OCT042345-45,0.0090,456.33,yes
2026-10-05T03:43:01.521496Z,KXBTC15M-26OCT042345-45,0.0080,24.00,yes
2026-10-05T03:43:01.521496Z,KXBTC15M-26OCT042345-45,0.0080,180.00,yes
2026-10-05T03:43:01.521496Z,KXBTC15M-26OCT042345-45,0.0090,15.00,yes
2026-10-05T03:43:01.521496Z,KXBTC15M-26OCT042345-45,0.0080,1.00,yes
2026-10-05T03:43:01.521496Z,KXBTC15M-26OCT042345-45,0.0090,1.00,yes
2026-10-05T03:43:01.521496Z,KXBTC15M-26OCT042345-45,0.0090,10.00,yes
2026-10-05T03:43:01.521496Z,KXBTC15M-26OCT042345-45,0.0080,14.00,yes
2026-10-05T03:43:01.521496Z,KXBTC15M-26OCT042345-45,0.0080,247.42,yes
2026-10-05T03:43:01.521496Z,KXBTC15M-26OCT042345-45,0.0090,276.00,yes
2026-10-05T03:43:01.521496Z,KXBTC15M-26OCT042345-45,0.0090,0.02,yes
2026-10-05T03:43:01.521496Z,KXBTC15M-26OCT042345-45,0.0090,3141.00,yes
2026-10-05T03:43:01.522408Z,KXBTC15M-26OCT042345-45,0.0090,6.57,yes
2026-10-05T03:43:01.526279Z,KXBTC15M-26OCT042345-45,0.0090,499.99,yes
2026-10-05T03:43:01.526279Z,KXBTC15M-26OCT042345-45,0.0080,0.01,yes
2026-10-05T03:43:01.527742Z,KXBTC15M-26OCT042345-45,0.0090,3674.53,yes
2026-10-05T03:43:01.527742Z,KXBTC15M-26OCT042345-45,0.0100,0.02,yes
2026-10-05T03:43:01.527742Z,KXBTC15M-26OCT042345-45,0.0100,43.77,yes
2026-10-05T03:43:01.527742Z,KXBTC15M-26OCT042345-45,0.0100,481.68,yes
2026-10-05T03:43:01.527742Z,KXBTC15M-26OCT042345-45,0.0100,1800.00,yes
2026-10-05T03:43:01.533831Z,KXBTC15M-26OCT042345-45,0.0090,0.01,yes
2026-10-05T03:43:01.533831Z,KXBTC15M-26OCT042345-45,0.0100,44.65,yes
2026-10-05T03:43:01.537725Z,KXBTC15M-26OCT042345-45,0.0090,9.36,yes
2026-10-05T03:43:01.538693Z,KXBTC15M-26OCT042345-45,0.0090,44.66,yes
2026-10-05T03:43:01.568559Z,KXBTC15M-26OCT042345-45,0.0090,0.01,yes
2026-10-05T03:43:01.568559Z,KXBTC15M-26OCT042345-45,0.0090,0.01,yes
2026-10-05T03:43:01.568559Z,KXBTC15M-26OCT042345-45,0.0100,3.24,yes
2026-10-05T03:43:01.647002Z,KXBTC15M-26OCT042345-45,0.0090,1.00,no
2026-10-05T03:43:01.649908Z,KXBTC15M-26OCT042345-45,0.0090,0.01,no
2026-10-05T03:43:01.649908Z,KXBTC15M-26OCT042345-45,0.0090,535.63,no
2026-10-05T03:43:01.649908Z,KXBTC15M-26OCT042345-45,0.0090,100.00,no
2026-10-05T03:43:01.649908Z,KXBTC15M-26OCT042345-45,0.0090,0.01,no
2026-10-05T03:43:01.649908Z,KXBTC15M-26OCT042345-45,0.0090,355.35,no
2026-10-05T03:43:01.649908Z,KXBTC15M-26OCT042345-45,0.0090,9.00,no
2026-10-05T03:43:01.653072Z,KXBTC15M-26OCT042345-45,0.0090,150.56,no
2026-10-05T03:43:01.669795Z,KXBTC15M-26OCT042345-45,0.0090,25.11,no
2026-10-05T03:43:01.677158Z,KXBTC15M-26OCT042345-45,0.0090,5.90,no
2026-10-05T03:43:01.85927Z,KXBTC15M-26OCT042345-45,0.0090,0.03,no
2026-10-05T03:43:01.915129Z,KXBTC15M-26OCT042345-45,0.0090,0.01,no
2026-10-05T03:43:01.915129Z,KXBTC15M-26OCT042345-45,0.0090,399.97,no
2026-10-05T03:43:01.915129Z,KXBTC15M-26OCT042345-45,0.0090,2143.08,no
2026-10-05T03:43:01.915129Z,KXBTC15M-26OCT042345-45,0.0090,100.00,no
2026-10-05T03:43:01.915129Z,KXBTC15M-26OCT042345-45,0.0090,10.00,no
2026-10-05T03:43:01.92598Z,KXBTC15M-26OCT042345-45,0.0090,7.25,no
2026-10-05T03:43:01.959684Z,KXBTC15M-26OCT042345-45,0.0100,28.17,yes
2026-10-05T03:43:02.010103Z,KXBTC15M-26OCT042345-45,0.0090,346.49,no
2026-10-05T03:43:02.046868Z,KXBTC15M-26OCT042345-45,0.0100,0.02,yes
2026-10-05T03:43:02.112859Z,KXBTC15M-26OCT042345-45,0.0090,1000.00,no
2026-10-05T03:43:02.160374Z,KXBTC15M-26OCT042345-45,0.0090,90.83,no
2026-10-05T03:43:02.160374Z,KXBTC15M-26OCT042345-45,0.0090,0.01,no
2026-10-05T03:43:02.160374Z,KXBTC15M-26OCT042345-45,0.0090,10.00,no
2026-10-05T03:43:02.22554Z,KXBTC15M-26OCT042345-45,0.0090,5.00,no
2026-10-05T03:43:02.30429Z,KXBTC15M-26OCT042345-45,0.0090,0.01,no
2026-10-05T03:43:02.30429Z,KXBTC15M-26OCT042345-45,0.0090,2.82,no
2026-10-05T03:43:02.30429Z,KXBTC15M-26OCT042345-45,0.0090,4.17,no
2026-10-05T03:43:02.318077Z,KXBTC15M-26OCT042345-45,0.0090,88.74,no
2026-10-05T03:43:02.372574Z,KXBTC15M-26OCT042345-45,0.0100,77.62,yes
2026-10-05T03:43:02.445683Z,KXBTC15M-26OCT042345-45,0.0090,25.18,no
2026-10-05T03:43:02.518408Z,KXBTC15M-26OCT042345-45,0.0090,186.97,no
2026-10-05T03:43:02.544836Z,KXBTC15M-26OCT042345-45,0.0090,96.29,no
2026-10-05T03:43:02.544836Z,KXBTC15M-26OCT042345-45,0.0090,10.00,no
2026-10-05T03:43:02.544836Z,KXBTC15M-26OCT042345-45,0.0090,297.08,no
2026-10-05T03:43:02.577828Z,KXBTC15M-26OCT042345-45,0.0090,46.38,no
2026-10-05T03:43:02.619277Z,KXBTC15M-26OCT042345-45,0.0100,93.51,yes
2026-10-05T03:43:02.664015Z,KXBTC15M-26OCT042345-45,0.0100,93.51,yes
2026-10-05T03:43:02.670477Z,KXBTC15M-26OCT042345-45,0.0090,17.00,no
2026-10-05T03:43:02.686752Z,KXBTC15M-26OCT042345-45,0.0090,610.25,no
2026-10-05T03:43:02.686752Z,KXBTC15M-26OCT042345-45,0.0090,173.54,no
2026-10-05T03:43:02.760233Z,KXBTC15M-26OCT042345-45,0.0090,198.00,no
2026-10-05T03:43:02.835761Z,KXBTC15M-26OCT042345-45,0.0100,47.75,yes
2026-10-05T03:43:02.845291Z,KXBTC15M-26OCT042345-45,0.0100,464.01,yes
2026-10-05T03:43:02.845291Z,KXBTC15M-26OCT042345-45,0.0100,139.18,yes
2026-10-05T03:43:02.87508Z,KXBTC15M-26OCT042345-45,0.0090,149.65,no
2026-10-05T03:43:02.921463Z,KXBTC15M-26OCT042345-45,0.0090,36.47,no
2026-10-05T03:43:02.934303Z,KXBTC15M-26OCT042345-45,0.0100,187.03,yes
2026-10-05T03:43:02.937968Z,KXBTC15M-26OCT042345-45,0.0100,9.35,yes
2026-10-05T03:43:03.01315Z,KXBTC15M-26OCT042345-45,0.0090,122.51,no
2026-10-05T03:43:03.020835Z,KXBTC15M-26OCT042345-45,0.0090,53.93,no
2026-10-05T03:43:03.07681Z,KXBTC15M-26OCT042345-45,0.0100,33.00,yes
2026-10-05T03:43:03.08069Z,KXBTC15M-26OCT042345-45,0.0100,93.51,yes
2026-10-05T03:43:03.122772Z,KXBTC15M-26OCT042345-45,0.0090,16.46,no
2026-10-05T03:43:03.185933Z,KXBTC15M-26OCT042345-45,0.0090,0.01,no
2026-10-05T03:43:03.185933Z,KXBTC15M-26OCT042345-45,0.0080,897.82,no
2026-10-05T03:43:03.185933Z,KXBTC15M-26OCT042345-45,0.0090,0.01,no
2026-10-05T03:43:03.185933Z,KXBTC15M-26OCT042345-45,0.0090,83.54,no
2026-10-05T03:43:03.185933Z,KXBTC15M-26OCT042345-45,0.0090,10.00,no
2026-10-05T03:43:03.185933Z,KXBTC15M-26OCT042345-45,0.0090,400.00,no
2026-10-05T03:43:03.193348Z,KXBTC15M-26OCT042345-45,0.0100,31.79,yes
2026-10-05T03:43:03.207066Z,KXBTC15M-26OCT042345-45,0.0090,85.00,no
2026-10-05T03:43:03.207066Z,KXBTC15M-26OCT042345-45,0.0090,0.01,no
2026-10-05T03:43:03.207066Z,KXBTC15M-26OCT042345-45,0.0090,0.01,no
2026-10-05T03:43:03.244559Z,KXBTC15M-26OCT042345-45,0.0090,0.01,no
2026-10-05T03:43:03.244559Z,KXBTC15M-26OCT042345-45,0.0090,76.98,no
2026-10-05T03:43:03.244559Z,KXBTC15M-26OCT042345-45,0.0090,0.01,no
2026-10-05T03:43:03.244559Z,KXBTC15M-26OCT042345-45,0.0090,100.00,no
2026-10-05T03:43:03.272465Z,KXBTC15M-26OCT042345-45,0.0090,8.79,no
2026-10-05T03:43:03.272465Z,KXBTC15M-26OCT042345-45,0.0090,0.01,no
2026-10-05T03:43:03.272465Z,KXBTC15M-26OCT042345-45,0.0090,0.01,no
2026-10-05T03:43:03.301832Z,KXBTC15M-26OCT042345-45,0.0100,506.14,yes
2026-10-05T03:43:03.301832Z,KXBTC15M-26OCT042345-45,0.0100,16.30,yes
2026-10-05T03:43:03.301832Z,KXBTC15M-26OCT042345-45,0.0100,1.00,yes
2026-10-05T03:43:03.301832Z,KXBTC15M-26OCT042345-45,0.0100,40.00,yes
2026-10-05T03:43:03.301832Z,KXBTC15M-26OCT042345-45,0.0100,24.00,yes
2026-10-05T03:43:03.301832Z,KXBTC15M-26OCT042345-45,0.0100,50.00,yes
2026-10-05T03:43:03.301832Z,KXBTC15M-26OCT042345-45,0.0100,0.01,yes
2026-10-05T03:43:03.301832Z,KXBTC15M-26OCT042345-45,0.0100,15.00,yes
2026-10-05T03:43:03.301832Z,KXBTC15M-26OCT042345-45,0.0100,282.71,yes
2026-10-05T03:43:03.301832Z,KXBTC15M-26OCT042345-45,0.0100,0.02,yes
2026-10-05T03:43:03.301832Z,KXBTC15M-26OCT042345-45,0.0100,0.01,yes
2026-10-05T03:43:03.302876Z,KXBTC15M-26OCT042345-45,0.0090,0.01,no
2026-10-05T03:43:03.302876Z,KXBTC15M-26OCT042345-45,0.0090,400.00,no
2026-10-05T03:43:03.302876Z,KXBTC15M-26OCT042345-45,0.0090,100.00,no
2026-10-05T03:43:03.302876Z,KXBTC15M-26OCT042345-45,0.0090,0.01,no
2026-10-05T03:43:03.302876Z,KXBTC15M-26OCT042345-45,0.0080,84.40,no
2026-10-05T03:43:03.403075Z,KXBTC15M-26OCT042345-45,0.0090,100.00,no
2026-10-05T03:43:03.403075Z,KXBTC15M-26OCT042345-45,0.0090,15.00,no
2026-10-05T03:43:03.403075Z,KXBTC15M-26OCT042345-45,0.0090,400.00,no
2026-10-05T03:43:03.403075Z,KXBTC15M-26OCT042345-45,0.0090,0.01,no
2026-10-05T03:43:03.403075Z,KXBTC15M-26OCT042345-45,0.0080,1397.03,no
2026-10-05T03:43:03.504195Z,KXBTC15M-26OCT042345-45,0.0100,71.07,yes
2026-10-05T03:43:03.53844Z,KXBTC15M-26OCT042345-45,0.0090,10.00,no
2026-10-05T03:43:03.53844Z,KXBTC15M-26OCT042345-45,0.0090,44.28,no
2026-10-05T03:43:03.53844Z,KXBTC15M-26OCT042345-45,0.0090,0.01,no
2026-10-05T03:43:03.53844Z,KXBTC15M-26OCT042345-45,0.0090,100.00,no
2026-10-05T03:43:03.593017Z,KXBTC15M-26OCT042345-45,0.0090,0.01,no
2026-10-05T03:43:03.593017Z,KXBTC15M-26OCT042345-45,0.0090,0.01,no
2026-10-05T03:43:03.593017Z,KXBTC15M-26OCT042345-45,0.0090,355.72,no
2026-10-05T03:43:03.593017Z,KXBTC15M-26OCT042345-45,0.0090,100.00,no
2026-10-05T03:43:03.681243Z,KXBTC15M-26OCT042345-45,0.0080,55.90,no
2026-10-05T03:43:03.79777Z,KXBTC15M-26OCT042345-45,0.0080,100.00,no
2026-10-05T03:43:03.79777Z,KXBTC15M-26OCT042345-45,0.0080,323.55,no
2026-10-05T03:43:03.79777Z,KXBTC15M-26OCT042345-45,0.0080,400.00,no
2026-10-05T03:43:03.79777Z,KXBTC15M-26OCT042345-45,0.0080,144.10,no
2026-10-05T03:43:03.994848Z,KXBTC15M-26OCT042345-45,0.0080,176.45,no
2026-10-05T03:43:03.994848Z,KXBTC15M-26OCT042345-45,0.0080,10.00,no
2026-10-05T03:43:03.994848Z,KXBTC15M-26OCT042345-45,0.0080,7.07,no
2026-10-05T03:43:04.037437Z,KXBTC15M-26OCT042345-45,0.0080,55.34,no
2026-10-05T03:43:04.095407Z,KXBTC15M-26OCT042345-45,0.0080,156.46,no
2026-10-05T03:43:04.095407Z,KXBTC15M-26OCT042345-45,0.0080,37.59,no
2026-10-05T03:43:04.216746Z,KXBTC15M-26OCT042345-45,0.0100,200.00,yes
2026-10-05T03:43:04.216746Z,KXBTC15M-26OCT042345-45,0.0090,35.00,yes
2026-10-05T03:43:04.216746Z,KXBTC15M-26OCT042345-45,0.0090,0.01,yes
2026-10-05T03:43:04.216746Z,KXBTC15M-26OCT042345-45,0.0090,0.01,yes
2026-10-05T03:43:04.216746Z,KXBTC15M-26OCT042345-45,0.0090,15.00,yes
2026-10-05T03:43:04.216746Z,KXBTC15M-26OCT042345-45,0.0100,2.00,yes
2026-10-05T03:43:04.216746Z,KXBTC15M-26OCT042345-45,0.0090,15.00,yes
2026-10-05T03:43:04.216746Z,KXBTC15M-26OCT042345-45,0.0090,72.00,yes
2026-10-05T03:43:04.216746Z,KXBTC15M-26OCT042345-45,0.0090,378.00,yes
2026-10-05T03:43:04.216746Z,KXBTC15M-26OCT042345-45,0.0100,296.53,yes
2026-10-05T03:43:04.245695Z,KXBTC15M-26OCT042345-45,0.0080,8.90,no
2026-10-05T03:43:04.335128Z,KXBTC15M-26OCT042345-45,0.0090,16.89,yes
2026-10-05T03:43:04.335128Z,KXBTC15M-26OCT042345-45,0.0090,0.01,yes
2026-10-05T03:43:04.335128Z,KXBTC15M-26OCT042345-45,0.0090,15.00,yes
2026-10-05T03:43:04.335128Z,KXBTC15M-26OCT042345-45,0.0090,72.00,yes
2026-10-05T03:43:04.335128Z,KXBTC15M-26OCT042345-45,0.0090,0.01,yes
2026-10-05T03:43:04.484683Z,KXBTC15M-26OCT042345-45,0.0080,186.97,no
2026-10-05T03:43:04.484888Z,KXBTC15M-26OCT042345-45,0.0080,116.88,no
2026-10-05T03:43:04.564975Z,KXBTC15M-26OCT042345-45,0.0080,200.00,no
2026-10-05T03:43:04.564975Z,KXBTC15M-26OCT042345-45,0.0080,187.25,no
2026-10-05T03:43:04.564975Z,KXBTC15M-26OCT042345-45,0.0080,212.75,no
2026-10-05T03:43:04.59543Z,KXBTC15M-26OCT042345-45,0.0090,54.81,yes
2026-10-05T03:43:04.59543Z,KXBTC15M-26OCT042345-45,0.0090,0.01,yes
2026-10-05T03:43:04.59543Z,KXBTC15M-26OCT042345-45,0.0090,32.00,yes
2026-10-05T03:43:04.59543Z,KXBTC15M-26OCT042345-45,0.0090,0.01,yes
2026-10-05T03:43:04.59543Z,KXBTC15M-26OCT042345-45,0.0090,15.00,yes
2026-10-05T03:43:04.634629Z,KXBTC15M-26OCT042345-45,0.0070,15.00,no
2026-10-05T03:43:04.634629Z,KXBTC15M-26OCT042345-45,0.0070,200.00,no
2026-10-05T03:43:04.634629Z,KXBTC15M-26OCT042345-45,0.0080,15.00,no
2026-10-05T03:43:04.634629Z,KXBTC15M-26OCT042345-45,0.0080,200.00,no
2026-10-05T03:43:04.634629Z,KXBTC15M-26OCT042345-45,0.0080,0.01,no
2026-10-05T03:43:04.634629Z,KXBTC15M-26OCT042345-45,0.0080,287.25,no
2026-10-05T03:43:04.634629Z,KXBTC15M-26OCT042345-45,0.0080,100.00,no
2026-10-05T03:43:04.634629Z,KXBTC15M-26OCT042345-45,0.0080,15.00,no
2026-10-05T03:43:04.634629Z,KXBTC15M-26OCT042345-45,0.0080,15.00,no
2026-10-05T03:43:04.634629Z,KXBTC15M-26OCT042345-45,0.0080,0.01,no
2026-10-05T03:43:04.634629Z,KXBTC15M-26OCT042345-45,0.0080,400.00,no
2026-10-05T03:43:04.634629Z,KXBTC15M-26OCT042345-45,0.0080,15.00,no
2026-10-05T03:43:04.634629Z,KXBTC15M-26OCT042345-45,0.0050,64.00,no
2026-10-05T03:43:04.634629Z,KXBTC15M-26OCT042345-45,0.0050,15.00,no
2026-10-05T03:43:04.634629Z,KXBTC15M-26OCT042345-45,0.0050,15.00,no
2026-10-05T03:43:04.634629Z,KXBTC15M-26OCT042345-45,0.0060,1047.00,no
2026-10-05T03:43:04.634629Z,KXBTC15M-26OCT042345-45,0.0050,15.00,no
2026-10-05T03:43:04.634629Z,KXBTC15M-26OCT042345-45,0.0050,374.64,no
2026-10-05T03:43:04.634629Z,KXBTC15M-26OCT042345-45,0.0060,10.00,no
2026-10-05T03:43:04.634629Z,KXBTC15M-26OCT042345-45,0.0070,10.00,no
2026-10-05T03:43:04.674783Z,KXBTC15M-26OCT042345-45,0.0090,153.00,yes
2026-10-05T03:43:04.678141Z,KXBTC15M-26OCT042345-45,0.0080,47.01,no
2026-10-05T03:43:04.678141Z,KXBTC15M-26OCT042345-45,0.0080,0.01,no
2026-10-05T03:43:04.678141Z,KXBTC15M-26OCT042345-45,0.0080,0.01,no
2026-10-05T03:43:04.699662Z,KXBTC15M-26OCT042345-45,0.0090,31.17,yes
2026-10-05T03:43:04.710057Z,KXBTC15M-26OCT042345-45,0.0080,0.01,yes
2026-10-05T03:43:04.710057Z,KXBTC15M-26OCT042345-45,0.0080,18.00,yes
2026-10-05T03:43:04.710057Z,KXBTC15M-26OCT042345-45,0.0080,85.90,yes
2026-10-05T03:43:04.774077Z,KXBTC15M-26OCT042345-45,0.0070,7.26,yes
2026-10-05T03:43:04.784043Z,KXBTC15M-26OCT042345-45,0.0070,7.74,yes
2026-10-05T03:43:04.784043Z,KXBTC15M-26OCT042345-45,0.0070,94.24,yes
2026-10-05T03:43:04.806737Z,KXBTC15M-26OCT042345-45,0.0070,37.41,yes
2026-10-05T03:43:04.815701Z,KXBTC15M-26OCT042345-45,0.0070,15.00,yes
2026-10-05T03:43:04.862523Z,KXBTC15M-26OCT042345-45,0.0070,21.31,yes
2026-10-05T03:43:04.862523Z,KXBTC15M-26OCT042345-45,0.0070,0.01,yes
2026-10-05T03:43:04.862523Z,KXBTC15M-26OCT042345-45,0.0070,0.01,yes
2026-10-05T03:43:04.862523Z,KXBTC15M-26OCT042345-45,0.0070,15.00,yes
2026-10-05T03:43:04.884866Z,KXBTC15M-26OCT042345-45,0.0060,73.67,no
2026-10-05T03:43:04.884866Z,KXBTC15M-26OCT042345-45,0.0060,400.00,no
2026-10-05T03:43:04.884866Z,KXBTC15M-26OCT042345-45,0.0060,20.00,no
2026-10-05T03:43:04.952016Z,KXBTC15M-26OCT042345-45,0.0080,145.53,yes
2026-10-05T03:43:04.952016Z,KXBTC15M-26OCT042345-45,0.0080,570.00,yes
2026-10-05T03:43:04.952016Z,KXBTC15M-26OCT042345-45,0.0080,115.00,yes
2026-10-05T03:43:04.952016Z,KXBTC15M-26OCT042345-45,0.0090,779.45,yes
2026-10-05T03:43:04.952016Z,KXBTC15M-26OCT042345-45,0.0080,17.00,yes
2026-10-05T03:43:04.952016Z,KXBTC15M-26OCT042345-45,0.0070,15.00,yes
2026-10-05T03:43:04.952016Z,KXBTC15M-26OCT042345-45,0.0090,93.71,yes
2026-10-05T03:43:04.952016Z,KXBTC15M-26OCT042345-45,0.0070,131.37,yes
2026-10-05T03:43:04.952016Z,KXBTC15M-26OCT042345-45,0.0070,0.01,yes
2026-10-05T03:43:04.952016Z,KXBTC15M-26OCT042345-45,0.0080,200.00,yes
2026-10-05T03:43:04.952016Z,KXBTC15M-26OCT042345-45,0.0070,0.01,yes
2026-10-05T03:43:05.005634Z,KXBTC15M-26OCT042345-45,0.0070,0.01,yes
2026-10-05T03:43:05.005634Z,KXBTC15M-26OCT042345-45,0.0070,15.00,yes
2026-10-05T03:43:05.005634Z,KXBTC15M-26OCT042345-45,0.0070,0.01,yes
2026-10-05T03:43:05.007581Z,KXBTC15M-26OCT042345-45,0.0090,36.33,yes
2026-10-05T03:43:05.01572Z,KXBTC15M-26OCT042345-45,0.0060,1.00,no
2026-10-05T03:43:05.044084Z,KXBTC15M-26OCT042345-45,0.0070,0.01,yes
2026-10-05T03:43:05.044084Z,KXBTC15M-26OCT042345-45,0.0070,15.00,yes
2026-10-05T03:43:05.044084Z,KXBTC15M-26OCT042345-45,0.0070,0.01,yes
2026-10-05T03:43:05.044084Z,KXBTC15M-26OCT042345-45,0.0090,88.89,yes
2026-10-05T03:43:05.048651Z,KXBTC15M-26OCT042345-45,0.0060,15.00,no
2026-10-05T03:43:05.048651Z,KXBTC15M-26OCT042345-45,0.0060,0.01,no
2026-10-05T03:43:05.048651Z,KXBTC15M-26OCT042345-45,0.0060,25.33,no
2026-10-05T03:43:05.048651Z,KXBTC15M-26OCT042345-45,0.0060,9.66,no
2026-10-05T03:43:05.049517Z,KXBTC15M-26OCT042345-45,0.0070,0.01,yes
2026-10-05T03:43:05.049517Z,KXBTC15M-26OCT042345-45,0.0070,0.01,yes
2026-10-05T03:43:05.049517Z,KXBTC15M-26OCT042345-45,0.0080,36.31,yes
2026-10-05T03:43:05.090816Z,KXBTC15M-26OCT042345-45,0.0060,9.86,no
2026-10-05T03:43:05.119851Z,KXBTC15M-26OCT042345-45,0.0060,15.00,no
2026-10-05T03:43:05.119851Z,KXBTC15M-26OCT042345-45,0.0060,292.31,no
2026-10-05T03:43:05.119851Z,KXBTC15M-26OCT042345-45,0.0060,15.00,no
2026-10-05T03:43:05.119851Z,KXBTC15M-26OCT042345-45,0.0060,180.48,no
2026-10-05T03:43:05.119851Z,KXBTC15M-26OCT042345-45,0.0060,0.01,no
2026-10-05T03:43:05.136698Z,KXBTC15M-26OCT042345-45,0.0070,15.00,yes
2026-10-05T03:43:05.136698Z,KXBTC15M-26OCT042345-45,0.0080,0.01,yes
2026-10-05T03:43:05.136698Z,KXBTC15M-26OCT042345-45,0.0070,0.01,yes
2026-10-05T03:43:05.136698Z,KXBTC15M-26OCT042345-45,0.0070,0.01,yes
2026-10-05T03:43:05.136698Z,KXBTC15M-26OCT042345-45,0.0080,0.01,yes
2026-10-05T03:43:05.136698Z,KXBTC15M-26OCT042345-45,0.0080,95.36,yes
2026-10-05T03:43:05.136698Z,KXBTC15M-26OCT042345-45,0.0090,41.58,yes
2026-10-05T03:43:05.195522Z,KXBTC15M-26OCT042345-45,0.0070,15.00,yes
2026-10-05T03:43:05.195522Z,KXBTC15M-26OCT042345-45,0.0070,0.01,yes
2026-10-05T03:43:05.195522Z,KXBTC15M-26OCT042345-45,0.0080,0.01,yes
2026-10-05T03:43:05.195522Z,KXBTC15M-26OCT042345-45,0.0070,15.00,yes
2026-10-05T03:43:05.195522Z,KXBTC15M-26OCT042345-45,0.0070,0.01,yes
2026-10-05T03:43:05.195522Z,KXBTC15M-26OCT042345-45,0.0080,0.01,yes
2026-10-05T03:43:05.195522Z,KXBTC15M-26OCT042345-45,0.0090,6.29,yes
2026-10-05T03:43:05.385333Z,KXBTC15M-26OCT042345-45,0.0090,30.00,yes
2026-10-05T03:43:05.446027Z,KXBTC15M-26OCT042345-45,0.0080,0.01,no
2026-10-05T03:43:05.446027Z,KXBTC15M-26OCT042345-45,0.0080,400.00,no
2026-10-05T03:43:05.446027Z,KXBTC15M-26OCT042345-45,0.0060,15.00,no
2026-10-05T03:43:05.446027Z,KXBTC15M-26OCT042345-45,0.0080,100.00,no
2026-10-05T03:43:05.446027Z,KXBTC15M-26OCT042345-45,0.0050,93.75,no
2026-10-05T03:43:05.446027Z,KXBTC15M-26OCT042345-45,0.0060,15.00,no
2026-10-05T03:43:05.446027Z,KXBTC15M-26OCT042345-45,0.0050,64.00,no
2026-10-05T03:43:05.446027Z,KXBTC15M-26OCT042345-45,0.0050,15.00,no
2026-10-05T03:43:05.446027Z,KXBTC15M-26OCT042345-45,0.0060,15.00,no
2026-10-05T03:43:05.446027Z,KXBTC15M-26OCT042345-45,0.0050,64.00,no
2026-10-05T03:43:05.446027Z,KXBTC15M-26OCT042345-45,0.0050,93.75,no
2026-10-05T03:43:05.446027Z,KXBTC15M-26OCT042345-45,0.0050,150.00,no
2026-10-05T03:43:05.446027Z,KXBTC15M-26OCT042345-45,0.0080,0.01,no
2026-10-05T03:43:05.446027Z,KXBTC15M-26OCT042345-45,0.0060,15.00,no
2026-10-05T03:43:05.446027Z,KXBTC15M-26OCT042345-45,0.0080,10.00,no
2026-10-05T03:43:05.446027Z,KXBTC15M-26OCT042345-45,0.0030,10.00,no
2026-10-05T03:43:05.446027Z,KXBTC15M-26OCT042345-45,0.0040,20.00,no
2026-10-05T03:43:05.446027Z,KXBTC15M-26OCT042345-45,0.0040,10.00,no
2026-10-05T03:43:05.446027Z,KXBTC15M-26OCT042345-45,0.0060,15.00,no
2026-10-05T03:43:05.446027Z,KXBTC15M-26OCT042345-45,0.0040,15.00,no
2026-10-05T03:43:05.446027Z,KXBTC15M-26OCT042345-45,0.0030,55.71,no
2026-10-05T03:43:05.446027Z,KXBTC15M-26OCT042345-45,0.0030,578.33,no
2026-10-05T03:43:05.446027Z,KXBTC15M-26OCT042345-45,0.0080,42.00,no
2026-10-05T03:43:05.457328Z,KXBTC15M-26OCT042345-45,0.0090,699.59,yes
2026-10-05T03:43:05.460657Z,KXBTC15M-26OCT042345-45,0.0050,93.75,no
2026-10-05T03:43:05.460657Z,KXBTC15M-26OCT042345-45,0.0050,100.00,no
2026-10-05T03:43:05.460657Z,KXBTC15M-26OCT042345-45,0.0080,0.01,no
2026-10-05T03:43:05.460657Z,KXBTC15M-26OCT042345-45,0.0040,17.00,no
2026-10-05T03:43:05.460657Z,KXBTC15M-26OCT042345-45,0.0050,150.00,no
2026-10-05T03:43:05.460657Z,KXBTC15M-26OCT042345-45,0.0040,20.00,no
2026-10-05T03:43:05.460657Z,KXBTC15M-26OCT042345-45,0.0050,0.01,no
2026-10-05T03:43:05.460657Z,KXBTC15M-26OCT042345-45,0.0030,1339.83,no
2026-10-05T03:43:05.529469Z,KXBTC15M-26OCT042345-45,0.0060,20.00,no
2026-10-05T03:43:05.529469Z,KXBTC15M-26OCT042345-45,0.0080,100.00,no
2026-10-05T03:43:05.529469Z,KXBTC15M-26OCT042345-45,0.0080,200.00,no
2026-10-05T03:43:05.529469Z,KXBTC15M-26OCT042345-45,0.0050,1091.20,no
2026-10-05T03:43:05.529469Z,KXBTC15M-26OCT042345-45,0.0070,200.00,no
2026-10-05T03:43:05.529469Z,KXBTC15M-26OCT042345-45,0.0080,0.01,no
2026-10-05T03:43:05.529469Z,KXBTC15M-26OCT042345-45,0.0080,400.00,no
2026-10-05T03:43:05.529469Z,KXBTC15M-26OCT042345-45,0.0080,0.01,no
2026-10-05T03:43:05.625999Z,KXBTC15M-26OCT042345-45,0.0080,0.01,no
2026-10-05T03:43:05.625999Z,KXBTC15M-26OCT042345-45,0.0080,267.02,no
2026-10-05T03:43:05.625999Z,KXBTC15M-26OCT042345-45,0.0080,100.00,no
2026-10-05T03:43:05.625999Z,KXBTC15M-26OCT042345-45,0.0080,0.01,no
2026-10-05T03:43:05.6277Z,KXBTC15M-26OCT042345-45,0.0080,2.43,no
2026-10-05T03:43:05.853341Z,KXBTC15M-26OCT042345-45,0.0080,20.00,no
2026-10-05T03:43:05.911154Z,KXBTC15M-26OCT042345-45,0.0090,0.01,yes
2026-10-05T03:43:05.911154Z,KXBTC15M-26OCT042345-45,0.0090,0.01,yes
2026-10-05T03:43:05.911154Z,KXBTC15M-26OCT042345-45,0.0090,15.00,yes
2026-10-05T03:43:05.911154Z,KXBTC15M-26OCT042345-45,0.0090,86.81,yes
2026-10-05T03:43:05.956073Z,KXBTC15M-26OCT042345-45,0.0090,2.61,yes
2026-10-05T03:43:06.100294Z,KXBTC15M-26OCT042345-45,0.0090,6.36,yes
2026-10-05T03:43:06.459017Z,KXBTC15M-26OCT042345-45,0.0090,203.65,yes
2026-10-05T03:43:06.529901Z,KXBTC15M-26OCT042345-45,0.0090,16.29,yes
2026-10-05T03:43:06.696579Z,KXBTC15M-26OCT042345-45,0.0050,1.00,no
2026-10-05T03:43:06.696579Z,KXBTC15M-26OCT042345-45,0.0050,64.00,no
2026-10-05T03:43:06.696579Z,KXBTC15M-26OCT042345-45,0.0070,15.00,no
2026-10-05T03:43:06.696579Z,KXBTC15M-26OCT042345-45,0.0080,1.00,no
2026-10-05T03:43:06.696579Z,KXBTC15M-26OCT042345-45,0.0080,0.01,no
2026-10-05T03:43:06.696579Z,KXBTC15M-26OCT042345-45,0.0070,1.00,no
2026-10-05T03:43:06.696579Z,KXBTC15M-26OCT042345-45,0.0060,1.00,no
2026-10-05T03:43:06.696579Z,KXBTC15M-26OCT042345-45,0.0080,100.00,no
2026-10-05T03:43:06.696579Z,KXBTC15M-26OCT042345-45,0.0080,0.01,no
2026-10-05T03:43:06.696579Z,KXBTC15M-26OCT042345-45,0.0080,400.00,no
2026-10-05T03:43:06.696579Z,KXBTC15M-26OCT042345-45,0.0080,24.00,no
2026-10-05T03:43:06.696579Z,KXBTC15M-26OCT042345-45,0.0050,64.00,no
2026-10-05T03:43:06.696579Z,KXBTC15M-26OCT042345-45,0.0060,10.00,no
2026-10-05T03:43:06.696579Z,KXBTC15M-26OCT042345-45,0.0050,325.15,no
2026-10-05T03:43:06.766603Z,KXBTC15M-26OCT042345-45,0.0080,0.01,no
2026-10-05T03:43:06.766603Z,KXBTC15M-26OCT042345-45,0.0080,0.01,no
2026-10-05T03:43:06.766603Z,KXBTC15M-26OCT042345-45,0.0080,1.98,no
2026-10-05T03:43:06.952732Z,KXBTC15M-26OCT042345-45,0.0080,150.06,no
2026-10-05T03:43:06.98113Z,KXBTC15M-26OCT042345-45,0.0080,0.01,no
2026-10-05T03:43:06.98113Z,KXBTC15M-26OCT042345-45,0.0080,1.00,no
2026-10-05T03:43:06.98113Z,KXBTC15M-26OCT042345-45,0.0080,249.94,no
2026-10-05T03:43:06.98113Z,KXBTC15M-26OCT042345-45,0.0080,0.01,no
2026-10-05T03:43:06.98113Z,KXBTC15M-26OCT042345-45,0.0080,100.00,no
2026-10-05T03:43:07.133652Z,KXBTC15M-26OCT042345-45,0.0070,1.00,no
2026-10-05T03:43:07.133652Z,KXBTC15M-26OCT042345-45,0.0070,46.00,no
2026-10-05T03:43:07.133652Z,KXBTC15M-26OCT042345-45,0.0070,198.50,no
2026-10-05T03:43:07.163038Z,KXBTC15M-26OCT042345-45,0.0080,51.95,yes
2026-10-05T03:43:07.248457Z,KXBTC15M-26OCT042345-45,0.0070,3.94,no
2026-10-05T03:43:07.331783Z,KXBTC15M-26OCT042345-45,0.0070,1.17,no
2026-10-05T03:43:07.480507Z,KXBTC15M-26OCT042345-45,0.0070,400.00,no
2026-10-05T03:43:07.480507Z,KXBTC15M-26OCT042345-45,0.0060,44.00,no
2026-10-05T03:43:07.480507Z,KXBTC15M-26OCT042345-45,0.0070,1.00,no
2026-10-05T03:43:07.480507Z,KXBTC15M-26OCT042345-45,0.0070,296.39,no
2026-10-05T03:43:07.480507Z,KXBTC15M-26OCT042345-45,0.0070,500.00,no
2026-10-05T03:43:07.480507Z,KXBTC15M-26OCT042345-45,0.0060,1.00,no
2026-10-05T03:43:07.480507Z,KXBTC15M-26OCT042345-45,0.0040,150.00,no
2026-10-05T03:43:07.480507Z,KXBTC15M-26OCT042345-45,0.0070,0.01,no
2026-10-05T03:43:07.480507Z,KXBTC15M-26OCT042345-45,0.0050,1.00,no
2026-10-05T03:43:07.480507Z,KXBTC15M-26OCT042345-45,0.0060,915.00,no
2026-10-05T03:43:07.480507Z,KXBTC15M-26OCT042345-45,0.0070,100.00,no
2026-10-05T03:43:07.480507Z,KXBTC15M-26OCT042345-45,0.0070,0.01,no
2026-10-05T03:43:07.480507Z,KXBTC15M-26OCT042345-45,0.0040,20.00,no
2026-10-05T03:43:07.480507Z,KXBTC15M-26OCT042345-45,0.0070,15.00,no
2026-10-05T03:43:07.480507Z,KXBTC15M-26OCT042345-45,0.0040,1.00,no
2026-10-05T03:43:07.480507Z,KXBTC15M-26OCT042345-45,0.0040,10.00,no
2026-10-05T03:43:07.480507Z,KXBTC15M-26OCT042345-45,0.0030,2467.11,no
2026-10-05T03:43:07.480507Z,KXBTC15M-26OCT042345-45,0.0030,17.00,no
2026-10-05T03:43:07.493202Z,KXBTC15M-26OCT042345-45,0.0050,22.00,no
2026-10-05T03:43:07.493202Z,KXBTC15M-26OCT042345-45,0.0070,0.01,no
2026-10-05T03:43:07.493202Z,KXBTC15M-26OCT042345-45,0.0060,0.01,no
2026-10-05T03:43:07.493202Z,KXBTC15M-26OCT042345-45,0.0040,17.00,no
2026-10-05T03:43:07.493202Z,KXBTC15M-26OCT042345-45,0.0030,15.16,no
2026-10-05T03:43:07.506187Z,KXBTC15M-26OCT042345-45,0.0040,7.70,no
2026-10-05T03:43:07.506187Z,KXBTC15M-26OCT042345-45,0.0070,0.01,no
2026-10-05T03:43:07.506187Z,KXBTC15M-26OCT042345-45,0.0070,0.01,no
2026-10-05T03:43:07.646941Z,KXBTC15M-26OCT042345-45,0.0080,36.33,yes
2026-10-05T03:43:07.648469Z,KXBTC15M-26OCT042345-45,0.0080,0.01,yes
2026-10-05T03:43:07.648469Z,KXBTC15M-26OCT042345-45,0.0080,61.67,yes
2026-10-05T03:43:07.648469Z,KXBTC15M-26OCT042345-45,0.0080,0.01,yes
2026-10-05T03:43:07.648469Z,KXBTC15M-26OCT042345-45,0.0080,55.19,yes
2026-10-05T03:43:07.745462Z,KXBTC15M-26OCT042345-45,0.0080,116.88,yes
2026-10-05T03:43:07.792929Z,KXBTC15M-26OCT042345-45,0.0070,9.28,no
2026-10-05T03:43:07.792929Z,KXBTC15M-26OCT042345-45,0.0070,0.01,no
2026-10-05T03:43:07.793011Z,KXBTC15M-26OCT042345-45,0.0080,14.88,yes
2026-10-05T03:43:07.793011Z,KXBTC15M-26OCT042345-45,0.0080,21.45,yes
2026-10-05T03:43:07.858347Z,KXBTC15M-26OCT042345-45,0.0070,3.77,no
2026-10-05T03:43:07.858347Z,KXBTC15M-26OCT042345-45,0.0070,0.01,no
2026-10-05T03:43:07.858347Z,KXBTC15M-26OCT042345-45,0.0070,0.01,no
2026-10-05T03:43:07.878787Z,KXBTC15M-26OCT042345-45,0.0080,1.00,yes
2026-10-05T03:43:07.878787Z,KXBTC15M-26OCT042345-45,0.0080,20.21,yes
2026-10-05T03:43:07.878787Z,KXBTC15M-26OCT042345-45,0.0080,15.00,yes
2026-10-05T03:43:07.878787Z,KXBTC15M-26OCT042345-45,0.0080,0.12,yes
2026-10-05T03:43:07.954108Z,KXBTC15M-26OCT042345-45,0.0080,36.33,yes
2026-10-05T03:43:08.027003Z,KXBTC15M-26OCT042345-45,0.0080,28.10,yes
2026-10-05T03:43:08.027003Z,KXBTC15M-26OCT042345-45,0.0080,8.23,yes
2026-10-05T03:43:08.036187Z,KXBTC15M-26OCT042345-45,0.0070,1.00,no
2026-10-05T03:43:08.036187Z,KXBTC15M-26OCT042345-45,0.0070,15.00,no
2026-10-05T03:43:08.083118Z,KXBTC15M-26OCT042345-45,0.0060,12.38,no
2026-10-05T03:43:08.145723Z,KXBTC15M-26OCT042345-45,0.0070,36.33,yes
2026-10-05T03:43:08.181606Z,KXBTC15M-26OCT042345-45,0.0070,190.93,yes
2026-10-05T03:43:08.223899Z,KXBTC15M-26OCT042345-45,0.0070,36.33,yes
2026-10-05T03:43:08.234807Z,KXBTC15M-26OCT042345-45,0.0060,159.04,no
2026-10-05T03:43:08.307092Z,KXBTC15M-26OCT042345-45,0.0070,44.22,yes
2026-10-05T03:43:08.307092Z,KXBTC15M-26OCT042345-45,0.0070,64.78,yes
2026-10-05T03:43:08.475041Z,KXBTC15M-26OCT042345-45,0.0070,3.07,yes
2026-10-05T03:43:08.563966Z,KXBTC15M-26OCT042345-45,0.0070,424.61,yes
2026-10-05T03:43:08.563966Z,KXBTC15M-26OCT042345-45,0.0070,229.89,yes
2026-10-05T03:43:08.563966Z,KXBTC15M-26OCT042345-45,0.0070,0.01,yes
2026-10-05T03:43:08.64739Z,KXBTC15M-26OCT042345-45,0.0070,60.00,yes
2026-10-05T03:43:08.64739Z,KXBTC15M-26OCT042345-45,0.0070,69.88,yes
2026-10-05T03:43:08.64739Z,KXBTC15M-26OCT042345-45,0.0070,1.00,yes
2026-10-05T03:43:08.64739Z,KXBTC15M-26OCT042345-45,0.0070,0.01,yes
2026-10-05T03:43:08.64739Z,KXBTC15M-26OCT042345-45,0.0070,0.01,yes
2026-10-05T03:43:08.734389Z,KXBTC15M-26OCT042345-45,0.0060,45.33,no
2026-10-05T03:43:08.734389Z,KXBTC15M-26OCT042345-45,0.0060,15.00,no
2026-10-05T03:43:08.770069Z,KXBTC15M-26OCT042345-45,0.0070,0.01,yes
2026-10-05T03:43:08.770069Z,KXBTC15M-26OCT042345-45,0.0070,15.00,yes
2026-10-05T03:43:08.770069Z,KXBTC15M-26OCT042345-45,0.0070,15.00,yes
2026-10-05T03:43:08.770069Z,KXBTC15M-26OCT042345-45,0.0070,1.00,yes
2026-10-05T03:43:08.770069Z,KXBTC15M-26OCT042345-45,0.0070,0.01,yes
2026-10-05T03:43:08.770069Z,KXBTC15M-26OCT042345-45,0.0070,15.00,yes
2026-10-05T03:43:08.770069Z,KXBTC15M-26OCT042345-45,0.0080,70.86,yes
2026-10-05T03:43:08.801745Z,KXBTC15M-26OCT042345-45,0.0040,20.00,no
2026-10-05T03:43:08.801745Z,KXBTC15M-26OCT042345-45,0.0060,15.00,no
2026-10-05T03:43:08.801745Z,KXBTC15M-26OCT042345-45,0.0050,200.00,no
2026-10-05T03:43:08.801745Z,KXBTC15M-26OCT042345-45,0.0060,15.00,no
2026-10-05T03:43:08.801745Z,KXBTC15M-26OCT042345-45,0.0060,0.01,no
2026-10-05T03:43:08.801745Z,KXBTC15M-26OCT042345-45,0.0030,8444.35,no
2026-10-05T03:43:08.801745Z,KXBTC15M-26OCT042345-45,0.0060,354.67,no
2026-10-05T03:43:08.801745Z,KXBTC15M-26OCT042345-45,0.0060,0.01,no
2026-10-05T03:43:08.801745Z,KXBTC15M-26OCT042345-45,0.0040,10.00,no
2026-10-05T03:43:08.801745Z,KXBTC15M-26OCT042345-45,0.0030,2500.00,no
2026-10-05T03:43:08.801745Z,KXBTC15M-26OCT042345-45,0.0050,47.00,no
2026-10-05T03:43:08.801745Z,KXBTC15M-26OCT042345-45,0.0030,17.00,no
2026-10-05T03:43:08.801745Z,KXBTC15M-26OCT042345-45,0.0040,142.30,no
2026-10-05T03:43:08.801745Z,KXBTC15M-26OCT042345-45,0.0030,10.00,no
2026-10-05T03:43:08.801745Z,KXBTC15M-26OCT042345-45,0.0030,10.00,no
2026-10-05T03:43:08.801745Z,KXBTC15M-26OCT042345-45,0.0030,250.00,no
2026-10-05T03:43:08.82362Z,KXBTC15M-26OCT042345-45,0.0070,5.00,yes
2026-10-05T03:43:08.868659Z,KXBTC15M-26OCT042345-45,0.0060,0.01,no
2026-10-05T03:43:08.868659Z,KXBTC15M-26OCT042345-45,0.0060,15.00,no
2026-10-05T03:43:08.868659Z,KXBTC15M-26OCT042345-45,0.0060,400.00,no
2026-10-05T03:43:08.868659Z,KXBTC15M-26OCT042345-45,0.0060,20.00,no
2026-10-05T03:43:08.868659Z,KXBTC15M-26OCT042345-45,0.0060,0.01,no
2026-10-05T03:43:09.042585Z,KXBTC15M-26OCT042345-45,0.0050,0.01,yes
2026-10-05T03:43:09.042585Z,KXBTC15M-26OCT042345-45,0.0050,15.00,yes
2026-10-05T03:43:09.042585Z,KXBTC15M-26OCT042345-45,0.0050,15.00,yes
2026-10-05T03:43:09.042585Z,KXBTC15M-26OCT042345-45,0.0060,6.00,yes
2026-10-05T03:43:09.042585Z,KXBTC15M-26OCT042345-45,0.0050,0.01,yes
2026-10-05T03:43:09.042585Z,KXBTC15M-26OCT042345-45,0.0070,156.52,yes
2026-10-05T03:43:09.042585Z,KXBTC15M-26OCT042345-45,0.0070,61.00,yes
2026-10-05T03:43:09.125463Z,KXBTC15M-26OCT042345-45,0.0060,0.01,yes
2026-10-05T03:43:09.125463Z,KXBTC15M-26OCT042345-45,0.0050,0.01,yes
2026-10-05T03:43:09.125463Z,KXBTC15M-26OCT042345-45,0.0050,0.01,yes
2026-10-05T03:43:09.125463Z,KXBTC15M-26OCT042345-45,0.0050,15.00,yes
2026-10-05T03:43:09.125463Z,KXBTC15M-26OCT042345-45,0.0060,0.01,yes
2026-10-05T03:43:09.125463Z,KXBTC15M-26OCT042345-45,0.0070,16.41,yes
2026-10-05T03:43:09.125463Z,KXBTC15M-26OCT042345-45,0.0060,88.40,yes
2026-10-05T03:43:09.226444Z,KXBTC15M-26OCT042345-45,0.0040,108.21,no
2026-10-05T03:43:09.241488Z,KXBTC15M-26OCT042345-45,0.0040,0.02,no
2026-10-05T03:43:09.272488Z,KXBTC15M-26OCT042345-45,0.0050,0.01,yes
2026-10-05T03:43:09.272488Z,KXBTC15M-26OCT042345-45,0.0050,1.00,yes
2026-10-05T03:43:09.272488Z,KXBTC15M-26OCT042345-45,0.0060,60.00,yes
2026-10-05T03:43:09.272488Z,KXBTC15M-26OCT042345-45,0.0050,0.01,yes
2026-10-05T03:43:09.272488Z,KXBTC15M-26OCT042345-45,0.0060,1.00,yes
2026-10-05T03:43:09.272488Z,KXBTC15M-26OCT042345-45,0.0050,15.00,yes
2026-10-05T03:43:09.272488Z,KXBTC15M-26OCT042345-45,0.0060,6.00,yes
2026-10-05T03:43:09.272488Z,KXBTC15M-26OCT042345-45,0.0070,60.00,yes
2026-10-05T03:43:09.272488Z,KXBTC15M-26OCT042345-45,0.0070,15.00,yes
2026-10-05T03:43:09.272488Z,KXBTC15M-26OCT042345-45,0.0070,242.70,yes
2026-10-05T03:43:09.296831Z,KXBTC15M-26OCT042345-45,0.0050,38.57,yes
2026-10-05T03:43:09.310429Z,KXBTC15M-26OCT042345-45,0.0050,198.00,yes
2026-10-05T03:43:09.316644Z,KXBTC15M-26OCT042345-45,0.0050,53.00,yes
2026-10-05T03:43:09.32444Z,KXBTC15M-26OCT042345-45,0.0040,9.30,no
2026-10-05T03:43:09.459858Z,KXBTC15M-26OCT042345-45,0.0050,358.04,yes
2026-10-05T03:43:09.595353Z,KXBTC15M-26OCT042345-45,0.0040,10.70,no
2026-10-05T03:43:09.595353Z,KXBTC15M-26OCT042345-45,0.0040,190.04,no
2026-10-05T03:43:09.597956Z,KXBTC15M-26OCT042345-45,0.0050,141.56,yes
2026-10-05T03:43:09.696765Z,KXBTC15M-26OCT042345-45,0.0050,120.87,yes
2026-10-05T03:43:09.798286Z,KXBTC15M-26OCT042345-45,0.0050,15.00,yes
2026-10-05T03:43:09.798286Z,KXBTC15M-26OCT042345-45,0.0050,237.06,yes
2026-10-05T03:43:09.798286Z,KXBTC15M-26OCT042345-45,0.0050,0.01,yes
2026-10-05T03:43:09.798286Z,KXBTC15M-26OCT042345-45,0.0050,72.00,yes
2026-10-05T03:43:09.798286Z,KXBTC15M-26OCT042345-45,0.0050,0.01,yes
2026-10-05T03:43:09.798286Z,KXBTC15M-26OCT042345-45,0.0050,63.41,yes
2026-10-05T03:43:09.798286Z,KXBTC15M-26OCT042345-45,0.0050,500.00,yes
2026-10-05T03:43:09.798286Z,KXBTC15M-26OCT042345-45,0.0050,10.00,yes
2026-10-05T03:43:09.852255Z,KXBTC15M-26OCT042345-45,0.0050,10.10,yes
2026-10-05T03:43:10.071111Z,KXBTC15M-26OCT042345-45,0.0040,29.97,no
2026-10-05T03:43:10.071111Z,KXBTC15M-26OCT042345-45,0.0040,15.00,no
2026-10-05T03:43:10.071111Z,KXBTC15M-26OCT042345-45,0.0040,15.00,no
2026-10-05T03:43:10.071111Z,KXBTC15M-26OCT042345-45,0.0040,0.01,no
2026-10-05T03:43:10.071111Z,KXBTC15M-26OCT042345-45,0.0040,15.00,no
2026-10-05T03:43:10.071111Z,KXBTC15M-26OCT042345-45,0.0040,0.01,no
2026-10-05T03:43:10.071111Z,KXBTC15M-26OCT042345-45,0.0040,9.30,no
2026-10-05T03:43:10.071111Z,KXBTC15M-26OCT042345-45,0.0040,15.00,no
2026-10-05T03:43:10.071111Z,KXBTC15M-26OCT042345-45,0.0040,209.96,no
2026-10-05T03:43:10.071111Z,KXBTC15M-26OCT042345-45,0.0040,15.00,no
2026-10-05T03:43:10.112026Z,KXBTC15M-26OCT042345-45,0.0050,186.97,yes
2026-10-05T03:43:10.172338Z,KXBTC15M-26OCT042345-45,0.0050,37.53,yes
2026-10-05T03:43:10.172338Z,KXBTC15M-26OCT042345-45,0.0050,878.66,yes
2026-10-05T03:43:10.293259Z,KXBTC15M-26OCT042345-45,0.0050,0.01,yes
2026-10-05T03:43:10.293259Z,KXBTC15M-26OCT042345-45,0.0050,0.01,yes
2026-10-05T03:43:10.293259Z,KXBTC15M-26OCT042345-45,0.0050,5.89,yes
2026-10-05T03:43:10.301191Z,KXBTC15M-26OCT042345-45,0.0050,1.89,yes
2026-10-05T03:43:10.301191Z,KXBTC15M-26OCT042345-45,0.0050,9.11,yes
2026-10-05T03:43:10.355454Z,KXBTC15M-26OCT042345-45,0.0040,9.30,no
2026-10-05T03:43:10.355454Z,KXBTC15M-26OCT042345-45,0.0040,0.01,no
2026-10-05T03:43:10.355454Z,KXBTC15M-26OCT042345-45,0.0040,220.87,no
2026-10-05T03:43:10.355454Z,KXBTC15M-26OCT042345-45,0.0040,0.01,no
2026-10-05T03:43:10.355454Z,KXBTC15M-26OCT042345-45,0.0040,10.70,no
2026-10-05T03:43:10.360555Z,KXBTC15M-26OCT042345-45,0.0050,0.01,yes
2026-10-05T03:43:10.360555Z,KXBTC15M-26OCT042345-45,0.0050,1.43,yes
2026-10-05T03:43:10.360555Z,KXBTC15M-26OCT042345-45,0.0050,0.01,yes
2026-10-05T03:43:10.375224Z,KXBTC15M-26OCT042345-45,0.0050,13.57,yes
2026-10-05T03:43:10.375224Z,KXBTC15M-26OCT042345-45,0.0050,15.00,yes
2026-10-05T03:43:10.375224Z,KXBTC15M-26OCT042345-45,0.0050,0.01,yes
2026-10-05T03:43:10.375224Z,KXBTC15M-26OCT042345-45,0.0050,0.01,yes
2026-10-05T03:43:10.375224Z,KXBTC15M-26OCT042345-45,0.0060,54.00,yes
2026-10-05T03:43:10.375224Z,KXBTC15M-26OCT042345-45,0.0060,54.55,yes
2026-10-05T03:43:10.375224Z,KXBTC15M-26OCT042345-45,0.0060,10.00,yes
2026-10-05T03:43:10.377672Z,KXBTC15M-26OCT042345-45,0.0040,100.37,no
2026-10-05T03:43:10.446981Z,KXBTC15M-26OCT042345-45,0.0050,0.01,yes
2026-10-05T03:43:10.446981Z,KXBTC15M-26OCT042345-45,0.0050,0.01,yes
2026-10-05T03:43:10.446981Z,KXBTC15M-26OCT042345-45,0.0050,6.78,yes
2026-10-05T03:43:10.446981Z,KXBTC15M-26OCT042345-45,0.0050,15.00,yes
2026-10-05T03:43:10.47395Z,KXBTC15M-26OCT042345-45,0.0050,15.00,yes
2026-10-05T03:43:10.478722Z,KXBTC15M-26OCT042345-45,0.0050,15.00,yes
2026-10-05T03:43:10.478722Z,KXBTC15M-26OCT042345-45,0.0050,5.00,yes
2026-10-05T03:43:10.478722Z,KXBTC15M-26OCT042345-45,0.0050,0.01,yes
2026-10-05T03:43:10.478722Z,KXBTC15M-26OCT042345-45,0.0050,0.01,yes
2026-10-05T03:43:10.478722Z,KXBTC15M-26OCT042345-45,0.0050,32.22,yes
2026-10-05T03:43:10.478722Z,KXBTC15M-26OCT042345-45,0.0060,4.76,yes
2026-10-05T03:43:10.705175Z,KXBTC15M-26OCT042345-45,0.0050,8.06,yes
2026-10-05T03:43:10.71576Z,KXBTC15M-26OCT042345-45,0.0050,0.01,yes
2026-10-05T03:43:10.71576Z,KXBTC15M-26OCT042345-45,0.0050,6.94,yes
2026-10-05T03:43:10.71576Z,KXBTC15M-26OCT042345-45,0.0050,0.01,yes
2026-10-05T03:43:10.71576Z,KXBTC15M-26OCT042345-45,0.0060,45.04,yes
2026-10-05T03:43:10.7735Z,KXBTC15M-26OCT042345-45,0.0040,19.19,no
2026-10-05T03:43:10.816369Z,KXBTC15M-26OCT042345-45,0.0050,15.00,yes
2026-10-05T03:43:10.816369Z,KXBTC15M-26OCT042345-45,0.0050,0.01,yes
2026-10-05T03:43:10.816369Z,KXBTC15M-26OCT042345-45,0.0050,0.01,yes
2026-10-05T03:43:10.816369Z,KXBTC15M-26OCT042345-45,0.0060,72.31,yes
2026-10-05T03:43:10.889323Z,KXBTC15M-26OCT042345-45,0.0040,128.47,no
2026-10-05T03:43:10.927727Z,KXBTC15M-26OCT042345-45,0.0040,1.00,no
2026-10-05T03:43:11.049679Z,KXBTC15M-26OCT042345-45,0.0040,400.00,no
2026-10-05T03:43:11.049679Z,KXBTC15M-26OCT042345-45,0.0040,15.00,no
2026-10-05T03:43:11.049679Z,KXBTC15M-26OCT042345-45,0.0040,15.00,no
2026-10-05T03:43:11.049679Z,KXBTC15M-26OCT042345-45,0.0040,15.00,no
2026-10-05T03:43:11.049679Z,KXBTC15M-26OCT042345-45,0.0040,0.01,no
2026-10-05T03:43:11.049679Z,KXBTC15M-26OCT042345-45,0.0040,500.00,no
2026-10-05T03:43:11.049679Z,KXBTC15M-26OCT042345-45,0.0040,0.01,no
2026-10-05T03:43:11.049679Z,KXBTC15M-26OCT042345-45,0.0040,15.00,no
2026-10-05T03:43:11.049679Z,KXBTC15M-26OCT042345-45,0.0040,20.00,no
2026-10-05T03:43:11.049679Z,KXBTC15M-26OCT042345-45,0.0040,15.00,no
2026-10-05T03:43:11.049679Z,KXBTC15M-26OCT042345-45,0.0040,15.00,no
2026-10-05T03:43:11.049679Z,KXBTC15M-26OCT042345-45,0.0040,500.00,no
2026-10-05T03:43:11.049679Z,KXBTC15M-26OCT042345-45,0.0040,15.00,no
2026-10-05T03:43:11.049679Z,KXBTC15M-26OCT042345-45,0.0040,15.00,no
2026-10-05T03:43:11.049679Z,KXBTC15M-26OCT042345-45,0.0040,1.00,no
2026-10-05T03:43:11.049679Z,KXBTC15M-26OCT042345-45,0.0040,51.34,no
2026-10-05T03:43:11.049679Z,KXBTC15M-26OCT042345-45,0.0030,102.31,no
2026-10-05T03:43:11.049679Z,KXBTC15M-26OCT042345-45,0.0040,272.62,no
2026-10-05T03:43:11.095766Z,KXBTC15M-26OCT042345-45,0.0050,0.01,yes
2026-10-05T03:43:11.095766Z,KXBTC15M-26OCT042345-45,0.0050,15.00,yes
2026-10-05T03:43:11.095766Z,KXBTC15M-26OCT042345-45,0.0060,69.17,yes
2026-10-05T03:43:11.095766Z,KXBTC15M-26OCT042345-45,0.0050,0.01,yes
2026-10-05T03:43:11.095766Z,KXBTC15M-26OCT042345-45,0.0060,72.00,yes
2026-10-05T03:43:11.095766Z,KXBTC15M-26OCT042345-45,0.0060,0.63,yes
2026-10-05T03:43:11.132244Z,KXBTC15M-26OCT042345-45,0.0040,5.14,no
2026-10-05T03:43:11.132244Z,KXBTC15M-26OCT042345-45,0.0040,20.00,no
2026-10-05T03:43:11.132244Z,KXBTC15M-26OCT042345-45,0.0040,0.01,no
2026-10-05T03:43:11.132244Z,KXBTC15M-26OCT042345-45,0.0040,0.01,no
2026-10-05T03:43:11.246715Z,KXBTC15M-26OCT042345-45,0.0050,5.03,yes
2026-10-05T03:43:11.246715Z,KXBTC15M-26OCT042345-45,0.0050,0.01,yes
2026-10-05T03:43:11.430649Z,KXBTC15M-26OCT042345-45,0.0040,10.03,no
2026-10-05T03:43:11.433685Z,KXBTC15M-26OCT042345-45,0.0040,384.83,no
2026-10-05T03:43:11.433685Z,KXBTC15M-26OCT042345-45,0.0040,373.32,no
2026-10-05T03:43:11.433685Z,KXBTC15M-26OCT042345-45,0.0040,500.00,no
2026-10-05T03:43:11.433685Z,KXBTC15M-26OCT042345-45,0.0040,200.00,no
2026-10-05T03:43:11.433685Z,KXBTC15M-26OCT042345-45,0.0040,20.00,no
2026-10-05T03:43:11.433685Z,KXBTC15M-26OCT042345-45,0.0040,0.01,no
2026-10-05T03:43:11.433685Z,KXBTC15M-26OCT042345-45,0.0040,15.00,no
2026-10-05T03:43:11.433685Z,KXBTC15M-26OCT042345-45,0.0040,1.00,no
2026-10-05T03:43:11.433685Z,KXBTC15M-26OCT042345-45,0.0040,0.01,no
2026-10-05T03:43:11.456471Z,KXBTC15M-26OCT042345-45,0.0050,7.47,yes
2026-10-05T03:43:11.506671Z,KXBTC15M-26OCT042345-45,0.0050,2.20,yes
2026-10-05T03:43:11.616848Z,KXBTC15M-26OCT042345-45,0.0050,10.90,yes
2026-10-05T03:43:11.616848Z,KXBTC15M-26OCT042345-45,0.0050,0.30,yes
2026-10-05T03:43:11.616848Z,KXBTC15M-26OCT042345-45,0.0050,0.01,yes
2026-10-05T03:43:11.696982Z,KXBTC15M-26OCT042345-45,0.0050,15.00,yes
2026-10-05T03:43:11.696982Z,KXBTC15M-26OCT042345-45,0.0050,67.00,yes
2026-10-05T03:43:11.696982Z,KXBTC15M-26OCT042345-45,0.0050,336.00,yes
2026-10-05T03:43:11.696982Z,KXBTC15M-26OCT042345-45,0.0050,0.01,yes
2026-10-05T03:43:11.696982Z,KXBTC15M-26OCT042345-45,0.0050,102.31,yes
2026-10-05T03:43:11.696982Z,KXBTC15M-26OCT042345-45,0.0050,4.10,yes
2026-10-05T03:43:11.696982Z,KXBTC15M-26OCT042345-45,0.0050,60.00,yes
2026-10-05T03:43:11.707573Z,KXBTC15M-26OCT042345-45,0.0050,0.01,yes
2026-10-05T03:43:11.707573Z,KXBTC15M-26OCT042345-45,0.0050,0.01,yes
2026-10-05T03:43:11.707573Z,KXBTC15M-26OCT042345-45,0.0060,3.63,yes
2026-10-05T03:43:11.770786Z,KXBTC15M-26OCT042345-45,0.0040,0.01,no
2026-10-05T03:43:11.770786Z,KXBTC15M-26OCT042345-45,0.0040,3.66,no
2026-10-05T03:43:12.075634Z,KXBTC15M-26OCT042345-45,0.0050,1.00,yes
2026-10-05T03:43:12.075634Z,KXBTC15M-26OCT042345-45,0.0050,15.00,yes
2026-10-05T03:43:12.075634Z,KXBTC15M-26OCT042345-45,0.0050,0.01,yes
2026-10-05T03:43:12.075634Z,KXBTC15M-26OCT042345-45,0.0050,0.01,yes
2026-10-05T03:43:12.075634Z,KXBTC15M-26OCT042345-45,0.0060,41.29,yes
2026-10-05T03:43:12.11289Z,KXBTC15M-26OCT042345-45,0.0050,15.00,yes
2026-10-05T03:43:12.11289Z,KXBTC15M-26OCT042345-45,0.0050,0.01,yes
2026-10-05T03:43:12.11289Z,KXBTC15M-26OCT042345-45,0.0050,0.01,yes
2026-10-05T03:43:12.11289Z,KXBTC15M-26OCT042345-45,0.0060,35.40,yes
2026-10-05T03:43:12.230748Z,KXBTC15M-26OCT042345-45,0.0050,0.01,yes
2026-10-05T03:43:12.230748Z,KXBTC15M-26OCT042345-45,0.0050,15.00,yes
2026-10-05T03:43:12.230748Z,KXBTC15M-26OCT042345-45,0.0050,0.01,yes
2026-10-05T03:43:12.230748Z,KXBTC15M-26OCT042345-45,0.0060,142.80,yes
2026-10-05T03:43:12.249724Z,KXBTC15M-26OCT042345-45,0.0050,0.01,yes
2026-10-05T03:43:12.249724Z,KXBTC15M-26OCT042345-45,0.0050,15.00,yes
2026-10-05T03:43:12.249724Z,KXBTC15M-26OCT042345-45,0.0050,0.01,yes
2026-10-05T03:43:12.249724Z,KXBTC15M-26OCT042345-45,0.0060,298.63,yes
2026-10-05T03:43:12.255149Z,KXBTC15M-26OCT042345-45,0.0060,156.17,yes
2026-10-05T03:43:12.279653Z,KXBTC15M-26OCT042345-45,0.0050,0.01,yes
2026-10-05T03:43:12.279653Z,KXBTC15M-26OCT042345-45,0.0050,0.01,yes
2026-10-05T03:43:12.279653Z,KXBTC15M-26OCT042345-45,0.0050,4.53,yes
2026-10-05T03:43:12.335695Z,KXBTC15M-26OCT042345-45,0.0050,0.01,yes
2026-10-05T03:43:12.335695Z,KXBTC15M-26OCT042345-45,0.0050,0.01,yes
2026-10-05T03:43:12.335695Z,KXBTC15M-26OCT042345-45,0.0050,10.47,yes
2026-10-05T03:43:12.335695Z,KXBTC15M-26OCT042345-45,0.0060,6.73,yes
2026-10-05T03:43:12.355539Z,KXBTC15M-26OCT042345-45,0.0050,91.80,yes
2026-10-05T03:43:12.355539Z,KXBTC15M-26OCT042345-45,0.0050,0.01,yes
2026-10-05T03:43:12.355539Z,KXBTC15M-26OCT042345-45,0.0050,0.01,yes
2026-10-05T03:43:12.355539Z,KXBTC15M-26OCT042345-45,0.0050,66.00,yes
2026-10-05T03:43:12.518614Z,KXBTC15M-26OCT042345-45,0.0050,15.00,yes
2026-10-05T03:43:12.518614Z,KXBTC15M-26OCT042345-45,0.0050,124.98,yes
2026-10-05T03:43:12.518614Z,KXBTC15M-26OCT042345-45,0.0050,60.00,yes
2026-10-05T03:43:12.518614Z,KXBTC15M-26OCT042345-45,0.0050,0.01,yes
2026-10-05T03:43:12.518614Z,KXBTC15M-26OCT042345-45,0.0050,0.01,yes
2026-10-05T03:43:12.570049Z,KXBTC15M-26OCT042345-45,0.0050,36.33,yes
2026-10-05T03:43:12.59185Z,KXBTC15M-26OCT042345-45,0.0050,50.00,yes
2026-10-05T03:43:12.598233Z,KXBTC15M-26OCT042345-45,0.0050,113.67,yes
2026-10-05T03:43:12.598233Z,KXBTC15M-26OCT042345-45,0.0050,66.00,yes
2026-10-05T03:43:12.598233Z,KXBTC15M-26OCT042345-45,0.0050,495.00,yes
2026-10-05T03:43:12.721554Z,KXBTC15M-26OCT042345-45,0.0050,0.01,yes
2026-10-05T03:43:12.721554Z,KXBTC15M-26OCT042345-45,0.0050,0.01,yes
2026-10-05T03:43:12.721554Z,KXBTC15M-26OCT042345-45,0.0060,3.27,yes
2026-10-05T03:43:12.721554Z,KXBTC15M-26OCT042345-45,0.0060,96.71,yes
2026-10-05T03:43:12.865595Z,KXBTC15M-26OCT042345-45,0.0050,373.95,yes
2026-10-05T03:43:12.904629Z,KXBTC15M-26OCT042345-45,0.0060,0.01,yes
2026-10-05T03:43:12.904629Z,KXBTC15M-26OCT042345-45,0.0060,34.83,yes
2026-10-05T03:43:12.904629Z,KXBTC15M-26OCT042345-45,0.0050,301.35,yes
2026-10-05T03:43:12.904629Z,KXBTC15M-26OCT042345-45,0.0060,0.01,yes
2026-10-05T03:43:12.904629Z,KXBTC15M-26OCT042345-45,0.0060,21.18,yes
2026-10-05T03:43:12.981115Z,KXBTC15M-26OCT042345-45,0.0060,30.94,yes
2026-10-05T03:43:13.023299Z,KXBTC15M-26OCT042345-45,0.0030,200.00,no
2026-10-05T03:43:13.023299Z,KXBTC15M-26OCT042345-45,0.0040,15.00,no
2026-10-05T03:43:13.023299Z,KXBTC15M-26OCT042345-45,0.0040,15.00,no
2026-10-05T03:43:13.023299Z,KXBTC15M-26OCT042345-45,0.0040,500.00,no
2026-10-05T03:43:13.023299Z,KXBTC15M-26OCT042345-45,0.0040,15.00,no
2026-10-05T03:43:13.023299Z,KXBTC15M-26OCT042345-45,0.0040,15.00,no
2026-10-05T03:43:13.023299Z,KXBTC15M-26OCT042345-45,0.0040,15.00,no
2026-10-05T03:43:13.023299Z,KXBTC15M-26OCT042345-45,0.0040,500.00,no
2026-10-05T03:43:13.023299Z,KXBTC15M-26OCT042345-45,0.0040,15.00,no
2026-10-05T03:43:13.023299Z,KXBTC15M-26OCT042345-45,0.0040,15.00,no
2026-10-05T03:43:13.023299Z,KXBTC15M-26OCT042345-45,0.0040,0.01,no
2026-10-05T03:43:13.023299Z,KXBTC15M-26OCT042345-45,0.0040,200.00,no
2026-10-05T03:43:13.023299Z,KXBTC15M-26OCT042345-45,0.0030,17.00,no
2026-10-05T03:43:13.023299Z,KXBTC15M-26OCT042345-45,0.0040,3.66,no
2026-10-05T03:43:13.023299Z,KXBTC15M-26OCT042345-45,0.0040,16.34,no
2026-10-05T03:43:13.023299Z,KXBTC15M-26OCT042345-45,0.0040,400.00,no
2026-10-05T03:43:13.023299Z,KXBTC15M-26OCT042345-45,0.0040,0.01,no
2026-10-05T03:43:13.023299Z,KXBTC15M-26OCT042345-45,0.0040,1.00,no
2026-10-05T03:43:13.023299Z,KXBTC15M-26OCT042345-45,0.0030,880.95,no
2026-10-05T03:43:13.023299Z,KXBTC15M-26OCT042345-45,0.0040,15.00,no
2026-10-05T03:43:13.023299Z,KXBTC15M-26OCT042345-45,0.0030,1.00,no
2026-10-05T03:43:13.023299Z,KXBTC15M-26OCT042345-45,0.0030,150.00,no
2026-10-05T03:43:13.023299Z,KXBTC15M-26OCT042345-45,0.0030,10.00,no
2026-10-05T03:43:13.023299Z,KXBTC15M-26OCT042345-45,0.0030,10.00,no
2026-10-05T03:43:13.023299Z,KXBTC15M-26OCT042345-45,0.0030,60.00,no
2026-10-05T03:43:13.023299Z,KXBTC15M-26OCT042345-45,0.0030,147.69,no
2026-10-05T03:43:13.02473Z,KXBTC15M-26OCT042345-45,0.0060,35.86,yes
2026-10-05T03:43:13.176994Z,KXBTC15M-26OCT042345-45,0.0050,0.01,yes
2026-10-05T03:43:13.176994Z,KXBTC15M-26OCT042345-45,0.0060,83.70,yes
2026-10-05T03:43:13.176994Z,KXBTC15M-26OCT042345-45,0.0050,15.00,yes
2026-10-05T03:43:13.176994Z,KXBTC15M-26OCT042345-45,0.0060,18.00,yes
2026-10-05T03:43:13.176994Z,KXBTC15M-26OCT042345-45,0.0060,6.37,yes
2026-10-05T03:43:13.176994Z,KXBTC15M-26OCT042345-45,0.0060,13.00,yes
2026-10-05T03:43:13.219646Z,KXBTC15M-26OCT042345-45,0.0050,15.00,yes
2026-10-05T03:43:13.279171Z,KXBTC15M-26OCT042345-45,0.0050,0.02,yes
2026-10-05T03:43:13.279171Z,KXBTC15M-26OCT042345-45,0.0050,15.00,yes
2026-10-05T03:43:13.360876Z,KXBTC15M-26OCT042345-45,0.0040,0.01,no
2026-10-05T03:43:13.360876Z,KXBTC15M-26OCT042345-45,0.0040,0.01,no
2026-10-05T03:43:13.360876Z,KXBTC15M-26OCT042345-45,0.0040,14.03,no
2026-10-05T03:43:13.471668Z,KXBTC15M-26OCT042345-45,0.0040,400.00,no
2026-10-05T03:43:13.471668Z,KXBTC15M-26OCT042345-45,0.0040,5.97,no
2026-10-05T03:43:13.471668Z,KXBTC15M-26OCT042345-45,0.0040,95.89,no
2026-10-05T03:43:13.51475Z,KXBTC15M-26OCT042345-45,0.0040,100.37,no
2026-10-05T03:43:13.687691Z,KXBTC15M-26OCT042345-45,0.0040,7.55,no
2026-10-05T03:43:13.687691Z,KXBTC15M-26OCT042345-45,0.0040,1.00,no
2026-10-05T03:43:13.99571Z,KXBTC15M-26OCT042345-45,0.0050,15.00,yes
2026-10-05T03:43:13.99571Z,KXBTC15M-26OCT042345-45,0.0050,840.84,yes
2026-10-05T03:43:13.99571Z,KXBTC15M-26OCT042345-45,0.0050,0.01,yes
2026-10-05T03:43:13.99571Z,KXBTC15M-26OCT042345-45,0.0050,0.01,yes
2026-10-05T03:43:14.107329Z,KXBTC15M-26OCT042345-45,0.0040,254.51,no
2026-10-05T03:43:14.107329Z,KXBTC15M-26OCT042345-45,0.0040,15.00,no
2026-10-05T03:43:14.107329Z,KXBTC15M-26OCT042345-45,0.0040,0.01,no
2026-10-05T03:43:14.107329Z,KXBTC15M-26OCT042345-45,0.0040,5.97,no
2026-10-05T03:43:14.107329Z,KXBTC15M-26OCT042345-45,0.0040,14.03,no
2026-10-05T03:43:14.107329Z,KXBTC15M-26OCT042345-45,0.0040,15.00,no
2026-10-05T03:43:14.107329Z,KXBTC15M-26OCT042345-45,0.0040,15.00,no
2026-10-05T03:43:14.107329Z,KXBTC15M-26OCT042345-45,0.0040,0.01,no
2026-10-05T03:43:14.107329Z,KXBTC15M-26OCT042345-45,0.0040,7.45,no
2026-10-05T03:43:14.172855Z,KXBTC15M-26OCT042345-45,0.0050,15.12,yes
2026-10-05T03:43:14.224291Z,KXBTC15M-26OCT042345-45,0.0050,29.00,yes
2026-10-05T03:43:14.436474Z,KXBTC15M-26OCT042345-45,0.0050,916.19,yes
2026-10-05T03:43:14.447122Z,KXBTC15M-26OCT042345-45,0.0050,91.61,yes
2026-10-05T03:43:14.487519Z,KXBTC15M-26OCT042345-45,0.0050,53.83,yes
2026-10-05T03:43:14.487519Z,KXBTC15M-26OCT042345-45,0.0050,133.14,yes
2026-10-05T03:43:14.55557Z,KXBTC15M-26OCT042345-45,0.0050,5.02,yes
2026-10-05T03:43:14.571066Z,KXBTC15M-26OCT042345-45,0.0050,441.15,yes
2026-10-05T03:43:14.571066Z,KXBTC15M-26OCT042345-45,0.0050,1.00,yes
2026-10-05T03:43:14.571066Z,KXBTC15M-26OCT042345-45,0.0050,359.47,yes
2026-10-05T03:43:14.571066Z,KXBTC15M-26OCT042345-45,0.0050,0.01,yes
2026-10-05T03:43:14.571066Z,KXBTC15M-26OCT042345-45,0.0050,0.01,yes
2026-10-05T03:43:14.571066Z,KXBTC15M-26OCT042345-45,0.0050,15.00,yes
2026-10-05T03:43:14.571066Z,KXBTC15M-26OCT042345-45,0.0050,60.00,yes
2026-10-05T03:43:14.571066Z,KXBTC15M-26OCT042345-45,0.0050,66.00,yes
2026-10-05T03:43:14.571066Z,KXBTC15M-26OCT042345-45,0.0050,200.00,yes
2026-10-05T03:43:14.571066Z,KXBTC15M-26OCT042345-45,0.0050,297.46,yes
2026-10-05T03:43:14.571066Z,KXBTC15M-26OCT042345-45,0.0050,55.71,yes
2026-10-05T03:43:14.625957Z,KXBTC15M-26OCT042345-45,0.0050,186.97,yes
2026-10-05T03:43:14.660584Z,KXBTC15M-26OCT042345-45,0.0050,500.24,yes
2026-10-05T03:43:14.714125Z,KXBTC15M-26OCT042345-45,0.0050,186.97,yes
2026-10-05T03:43:14.756943Z,KXBTC15M-26OCT042345-45,0.0050,916.19,yes
2026-10-05T03:43:14.767692Z,KXBTC15M-26OCT042345-45,0.0050,163.08,yes
2026-10-05T03:43:14.798582Z,KXBTC15M-26OCT042345-45,0.0040,12.37,no
2026-10-05T03:43:14.800417Z,KXBTC15M-26OCT042345-45,0.0040,88.32,no
2026-10-05T03:43:14.804981Z,KXBTC15M-26OCT042345-45,0.0050,0.02,yes
2026-10-05T03:43:14.857739Z,KXBTC15M-26OCT042345-45,0.0050,1.83,yes
2026-10-05T03:43:14.906224Z,KXBTC15M-26OCT042345-45,0.0050,134.37,yes
2026-10-05T03:43:14.927092Z,KXBTC15M-26OCT042345-45,0.0050,1.87,yes
2026-10-05T03:43:15.097564Z,KXBTC15M-26OCT042345-45,0.0050,1.07,yes
2026-10-05T03:43:15.163955Z,KXBTC15M-26OCT042345-45,0.0050,82.83,yes
2026-10-05T03:43:15.163955Z,KXBTC15M-26OCT042345-45,0.0050,275.12,yes
2026-10-05T03:43:15.163955Z,KXBTC15M-26OCT042345-45,0.0050,1.00,yes
2026-10-05T03:43:15.163955Z,KXBTC15M-26OCT042345-45,0.0050,15.00,yes
2026-10-05T03:43:15.283984Z,KXBTC15M-26OCT042345-45,0.0050,0.01,no
2026-10-05T03:43:15.283984Z,KXBTC15M-26OCT042345-45,0.0050,1.00,no
2026-10-05T03:43:15.283984Z,KXBTC15M-26OCT042345-45,0.0050,0.01,no
2026-10-05T03:43:15.283984Z,KXBTC15M-26OCT042345-45,0.0040,2.97,no
2026-10-05T03:43:15.283984Z,KXBTC15M-26OCT042345-45,0.0040,0.01,no
2026-10-05T03:43:15.283984Z,KXBTC15M-26OCT042345-45,0.0040,0.01,no
2026-10-05T03:43:15.283984Z,KXBTC15M-26OCT042345-45,0.0040,1.00,no
2026-10-05T03:43:15.294731Z,KXBTC15M-26OCT042345-45,0.0040,3.00,no
2026-10-05T03:43:15.436691Z,KXBTC15M-26OCT042345-45,0.0040,2.97,no
2026-10-05T03:43:15.436691Z,KXBTC15M-26OCT042345-45,0.0040,15.00,no
2026-10-05T03:43:15.436691Z,KXBTC15M-26OCT042345-45,0.0040,53.37,no
2026-10-05T03:43:15.436691Z,KXBTC15M-26OCT042345-45,0.0040,15.00,no
2026-10-05T03:43:15.436691Z,KXBTC15M-26OCT042345-45,0.0040,14.03,no
2026-10-05T03:43:15.507538Z,KXBTC15M-26OCT042345-45,0.0040,213.79,no
2026-10-05T03:43:15.532504Z,KXBTC15M-26OCT042345-45,0.0050,9.60,yes
2026-10-05T03:43:15.58314Z,KXBTC15M-26OCT042345-45,0.0040,186.05,no
2026-10-05T03:43:15.674087Z,KXBTC15M-26OCT042345-45,0.0040,0.27,no
2026-10-05T03:43:15.721255Z,KXBTC15M-26OCT042345-45,0.0050,15.00,yes
2026-10-05T03:43:15.721255Z,KXBTC15M-26OCT042345-45,0.0050,0.01,yes
2026-10-05T03:43:15.721255Z,KXBTC15M-26OCT042345-45,0.0050,0.01,yes
2026-10-05T03:43:15.721255Z,KXBTC15M-26OCT042345-45,0.0050,15.00,yes
2026-10-05T03:43:15.731992Z,KXBTC15M-26OCT042345-45,0.0050,0.01,yes
2026-10-05T03:43:15.731992Z,KXBTC15M-26OCT042345-45,0.0050,0.01,yes
2026-10-05T03:43:15.731992Z,KXBTC15M-26OCT042345-45,0.0060,39.99,yes
2026-10-05T03:43:15.738786Z,KXBTC15M-26OCT042345-45,0.0060,200.00,yes
2026-10-05T03:43:15.738786Z,KXBTC15M-26OCT042345-45,0.0060,117.43,yes
2026-10-05T03:43:15.738786Z,KXBTC15M-26OCT042345-45,0.0060,107.70,yes
2026-10-05T03:43:15.738786Z,KXBTC15M-26OCT042345-45,0.0060,13.00,yes
2026-10-05T03:43:15.738786Z,KXBTC15M-26OCT042345-45,0.0060,10.00,yes
2026-10-05T03:43:15.738786Z,KXBTC15M-26OCT042345-45,0.0060,10.00,yes
2026-10-05T03:43:15.775718Z,KXBTC15M-26OCT042345-45,0.0040,0.01,no
2026-10-05T03:43:15.775718Z,KXBTC15M-26OCT042345-45,0.0040,0.01,no
2026-10-05T03:43:15.775718Z,KXBTC15M-26OCT042345-45,0.0040,3.00,no
2026-10-05T03:43:15.775718Z,KXBTC15M-26OCT042345-45,0.0040,24.52,no
2026-10-05T03:43:15.780475Z,KXBTC15M-26OCT042345-45,0.0050,15.00,yes
2026-10-05T03:43:15.780475Z,KXBTC15M-26OCT042345-45,0.0050,0.01,yes
2026-10-05T03:43:15.780475Z,KXBTC15M-26OCT042345-45,0.0060,140.82,yes
2026-10-05T03:43:15.852158Z,KXBTC15M-26OCT042345-45,0.0040,14.75,no
2026-10-05T03:43:15.853275Z,KXBTC15M-26OCT042345-45,0.0060,769.16,yes
2026-10-05T03:43:15.937716Z,KXBTC15M-26OCT042345-45,0.0040,5.10,no
2026-10-05T03:43:15.960658Z,KXBTC15M-26OCT042345-45,0.0060,19.00,yes
2026-10-05T03:43:15.960658Z,KXBTC15M-26OCT042345-45,0.0060,0.01,yes
2026-10-05T03:43:15.960658Z,KXBTC15M-26OCT042345-45,0.0060,0.01,yes
2026-10-05T03:43:15.960658Z,KXBTC15M-26OCT042345-45,0.0060,200.00,yes
2026-10-05T03:43:15.960658Z,KXBTC15M-26OCT042345-45,0.0060,28.18,yes
2026-10-05T03:43:15.960658Z,KXBTC15M-26OCT042345-45,0.0060,355.32,yes
2026-10-05T03:43:16.034858Z,KXBTC15M-26OCT042345-45,0.0070,140.70,yes
2026-10-05T03:43:16.034858Z,KXBTC15M-26OCT042345-45,0.0070,17.00,yes
2026-10-05T03:43:16.034858Z,KXBTC15M-26OCT042345-45,0.0070,15.00,yes
2026-10-05T03:43:16.034858Z,KXBTC15M-26OCT042345-45,0.0060,10.00,yes
2026-10-05T03:43:16.034858Z,KXBTC15M-26OCT042345-45,0.0060,10.00,yes
2026-10-05T03:43:16.034858Z,KXBTC15M-26OCT042345-45,0.0070,7.30,yes
2026-10-05T03:43:16.044412Z,KXBTC15M-26OCT042345-45,0.0070,11.44,yes
2026-10-05T03:43:16.476845Z,KXBTC15M-26OCT042345-45,0.0050,1.00,no
2026-10-05T03:43:16.476845Z,KXBTC15M-26OCT042345-45,0.0050,0.01,no
2026-10-05T03:43:16.476845Z,KXBTC15M-26OCT042345-45,0.0050,15.00,no
2026-10-05T03:43:16.476845Z,KXBTC15M-26OCT042345-45,0.0050,0.01,no
2026-10-05T03:43:16.476845Z,KXBTC15M-26OCT042345-45,0.0040,30.77,no
2026-10-05T03:43:16.482462Z,KXBTC15M-26OCT042345-45,0.0060,5.75,yes
2026-10-05T03:43:16.654548Z,KXBTC15M-26OCT042345-45,0.0060,0.57,yes
2026-10-05T03:43:16.661788Z,KXBTC15M-26OCT042345-45,0.0060,10.68,yes
2026-10-05T03:43:16.661788Z,KXBTC15M-26OCT042345-45,0.0060,144.32,yes
2026-10-05T03:43:16.698922Z,KXBTC15M-26OCT042345-45,0.0060,113.03,yes
2026-10-05T03:43:16.698922Z,KXBTC15M-26OCT042345-45,0.0060,15.00,yes
2026-10-05T03:43:16.698922Z,KXBTC15M-26OCT042345-45,0.0060,24.68,yes
2026-10-05T03:43:16.71464Z,KXBTC15M-26OCT042345-45,0.0070,20.45,yes
2026-10-05T03:43:16.71464Z,KXBTC15M-26OCT042345-45,0.0060,500.00,yes
2026-10-05T03:43:16.71464Z,KXBTC15M-26OCT042345-45,0.0060,86.97,yes
2026-10-05T03:43:16.71464Z,KXBTC15M-26OCT042345-45,0.0060,126.00,yes
2026-10-05T03:43:16.71464Z,KXBTC15M-26OCT042345-45,0.0060,0.01,yes
2026-10-05T03:43:16.71464Z,KXBTC15M-26OCT042345-45,0.0060,15.00,yes
2026-10-05T03:43:16.71464Z,KXBTC15M-26OCT042345-45,0.0060,10.00,yes
2026-10-05T03:43:16.922843Z,KXBTC15M-26OCT042345-45,0.0060,15.00,yes
2026-10-05T03:43:16.922843Z,KXBTC15M-26OCT042345-45,0.0060,16.00,yes
2026-10-05T03:43:16.922843Z,KXBTC15M-26OCT042345-45,0.0060,7.18,yes
2026-10-05T03:43:17.042147Z,KXBTC15M-26OCT042345-45,0.0060,14.00,yes
2026-10-05T03:43:17.042147Z,KXBTC15M-26OCT042345-45,0.0060,15.00,yes
2026-10-05T03:43:17.042147Z,KXBTC15M-26OCT042345-45,0.0070,1082.29,yes
2026-10-05T03:43:17.336942Z,KXBTC15M-26OCT042345-45,0.0060,0.38,yes
2026-10-05T03:43:17.347574Z,KXBTC15M-26OCT042345-45,0.0060,1.00,yes
2026-10-05T03:43:17.347574Z,KXBTC15M-26OCT042345-45,0.0060,12.62,yes
2026-10-05T03:43:17.347574Z,KXBTC15M-26OCT042345-45,0.0060,15.00,yes
2026-10-05T03:43:17.347574Z,KXBTC15M-26OCT042345-45,0.0070,334.16,yes
2026-10-05T03:43:17.56119Z,KXBTC15M-26OCT042345-45,0.0060,8.19,yes
2026-10-05T03:43:17.705103Z,KXBTC15M-26OCT042345-45,0.0060,200.00,yes
2026-10-05T03:43:17.705103Z,KXBTC15M-26OCT042345-45,0.0060,126.00,yes
2026-10-05T03:43:17.705103Z,KXBTC15M-26OCT042345-45,0.0060,1.00,yes
2026-10-05T03:43:17.705103Z,KXBTC15M-26OCT042345-45,0.0060,3.81,yes
2026-10-05T03:43:17.705103Z,KXBTC15M-26OCT042345-45,0.0070,340.67,yes
2026-10-05T03:43:17.716236Z,KXBTC15M-26OCT042345-45,0.0070,130.90,yes
2026-10-05T03:43:17.734443Z,KXBTC15M-26OCT042345-45,0.0070,5.00,yes
2026-10-05T03:43:17.84344Z,KXBTC15M-26OCT042345-45,0.0050,15.00,no
2026-10-05T03:43:17.84344Z,KXBTC15M-26OCT042345-45,0.0050,200.00,no
2026-10-05T03:43:17.84344Z,KXBTC15M-26OCT042345-45,0.0050,15.00,no
2026-10-05T03:43:17.84344Z,KXBTC15M-26OCT042345-45,0.0050,25.00,no
2026-10-05T03:43:17.84344Z,KXBTC15M-26OCT042345-45,0.0040,160.05,no
2026-10-05T03:43:17.84344Z,KXBTC15M-26OCT042345-45,0.0050,15.00,no
2026-10-05T03:43:17.84344Z,KXBTC15M-26OCT042345-45,0.0050,0.01,no
2026-10-05T03:43:17.84344Z,KXBTC15M-26OCT042345-45,0.0050,15.00,no
2026-10-05T03:43:17.84344Z,KXBTC15M-26OCT042345-45,0.0050,15.00,no
2026-10-05T03:43:17.84344Z,KXBTC15M-26OCT042345-45,0.0050,0.01,no
2026-10-05T03:43:17.84344Z,KXBTC15M-26OCT042345-45,0.0040,17.00,no
2026-10-05T03:43:17.84344Z,KXBTC15M-26OCT042345-45,0.0040,164.13,no
2026-10-05T03:43:17.84344Z,KXBTC15M-26OCT042345-45,0.0040,15.00,no
2026-10-05T03:43:17.84344Z,KXBTC15M-26OCT042345-45,0.0040,3.00,no
2026-10-05T03:43:17.84344Z,KXBTC15M-26OCT042345-45,0.0040,15.00,no
2026-10-05T03:43:17.84344Z,KXBTC15M-26OCT042345-45,0.0040,15.00,no
2026-10-05T03:43:17.995895Z,KXBTC15M-26OCT042345-45,0.0060,8.10,yes
2026-10-05T03:43:18.156304Z,KXBTC15M-26OCT042345-45,0.0060,0.01,yes
2026-10-05T03:43:18.156304Z,KXBTC15M-26OCT042345-45,0.0060,15.00,yes
2026-10-05T03:43:18.156304Z,KXBTC15M-26OCT042345-45,0.0060,1.00,yes
2026-10-05T03:43:18.156304Z,KXBTC15M-26OCT042345-45,0.0060,0.01,yes
2026-10-05T03:43:18.156304Z,KXBTC15M-26OCT042345-45,0.0060,117.56,yes
2026-10-05T03:43:18.194646Z,KXBTC15M-26OCT042345-45,0.0060,38.07,yes
2026-10-05T03:43:18.198128Z,KXBTC15M-26OCT042345-45,0.0060,4.42,yes
2026-10-05T03:43:18.198128Z,KXBTC15M-26OCT042345-45,0.0060,8.93,yes
2026-10-05T03:43:18.204164Z,KXBTC15M-26OCT042345-45,0.0060,152.71,yes
2026-10-05T03:43:18.25397Z,KXBTC15M-26OCT042345-45,0.0050,0.01,no
2026-10-05T03:43:18.25397Z,KXBTC15M-26OCT042345-45,0.0050,85.44,no
2026-10-05T03:43:18.25397Z,KXBTC15M-26OCT042345-45,0.0050,0.01,no
2026-10-05T03:43:18.25397Z,KXBTC15M-26OCT042345-45,0.0050,15.00,no
2026-10-05T03:43:18.398321Z,KXBTC15M-26OCT042345-45,0.0060,152.71,yes
2026-10-05T03:43:18.488032Z,KXBTC15M-26OCT042345-45,0.0060,200.00,yes
2026-10-05T03:43:18.488032Z,KXBTC15M-26OCT042345-45,0.0060,0.01,yes
2026-10-05T03:43:18.488032Z,KXBTC15M-26OCT042345-45,0.0060,1.00,yes
2026-10-05T03:43:18.488032Z,KXBTC15M-26OCT042345-45,0.0060,15.00,yes
2026-10-05T03:43:18.488032Z,KXBTC15M-26OCT042345-45,0.0060,0.01,yes
2026-10-05T03:43:18.488032Z,KXBTC15M-26OCT042345-45,0.0060,185.65,yes
2026-10-05T03:43:18.488032Z,KXBTC15M-26OCT042345-45,0.0070,6264.95,yes
2026-10-05T03:43:18.553895Z,KXBTC15M-26OCT042345-45,0.0050,139.99,no
2026-10-05T03:43:18.60266Z,KXBTC15M-26OCT042345-45,0.0060,11.00,yes
2026-10-05T03:43:18.60266Z,KXBTC15M-26OCT042345-45,0.0060,15.00,yes
2026-10-05T03:43:18.60266Z,KXBTC15M-26OCT042345-45,0.0060,15.00,yes
2026-10-05T03:43:18.60266Z,KXBTC15M-26OCT042345-45,0.0060,1.00,yes
2026-10-05T03:43:18.60266Z,KXBTC15M-26OCT042345-45,0.0060,107.59,yes
2026-10-05T03:43:18.669809Z,KXBTC15M-26OCT042345-45,0.0100,1631.52,yes
2026-10-05T03:43:18.669809Z,KXBTC15M-26OCT042345-45,0.0090,0.02,yes
2026-10-05T03:43:18.669809Z,KXBTC15M-26OCT042345-45,0.0090,180.00,yes
2026-10-05T03:43:18.669809Z,KXBTC15M-26OCT042345-45,0.0090,324.00,yes
2026-10-05T03:43:18.669809Z,KXBTC15M-26OCT042345-45,0.0090,48.00,yes
2026-10-05T03:43:18.669809Z,KXBTC15M-26OCT042345-45,0.0080,444.00,yes
2026-10-05T03:43:18.669809Z,KXBTC15M-26OCT042345-45,0.0080,115.14,yes
2026-10-05T03:43:18.669809Z,KXBTC15M-26OCT042345-45,0.0090,15.00,yes
2026-10-05T03:43:18.669809Z,KXBTC15M-26OCT042345-45,0.0080,4800.00,yes
2026-10-05T03:43:18.669809Z,KXBTC15M-26OCT042345-45,0.0100,50.00,yes
2026-10-05T03:43:18.669809Z,KXBTC15M-26OCT042345-45,0.0090,17.00,yes
2026-10-05T03:43:18.669809Z,KXBTC15M-26OCT042345-45,0.0060,15.00,yes
2026-10-05T03:43:18.669809Z,KXBTC15M-26OCT042345-45,0.0060,18.41,yes
2026-10-05T03:43:18.669809Z,KXBTC15M-26OCT042345-45,0.0070,200.00,yes
2026-10-05T03:43:18.669809Z,KXBTC15M-26OCT042345-45,0.0080,200.00,yes
2026-10-05T03:43:18.669809Z,KXBTC15M-26OCT042345-45,0.0070,301.41,yes
2026-10-05T03:43:18.669809Z,KXBTC15M-26OCT042345-45,0.0080,15.00,yes
2026-10-05T03:43:18.669809Z,KXBTC15M-26OCT042345-45,0.0090,10.00,yes
2026-10-05T03:43:18.669809Z,KXBTC15M-26OCT042345-45,0.0080,10.00,yes
2026-10-05T03:43:18.669809Z,KXBTC15M-26OCT042345-45,0.0070,1669.44,yes
2026-10-05T03:43:18.776767Z,KXBTC15M-26OCT042345-45,0.0080,1.83,yes
2026-10-05T03:43:18.903498Z,KXBTC15M-26OCT042345-45,0.0070,34.14,no
2026-10-05T03:43:18.917929Z,KXBTC15M-26OCT042345-45,0.0080,13.50,yes
2026-10-05T03:43:18.917929Z,KXBTC15M-26OCT042345-45,0.0080,28.17,yes
2026-10-05T03:43:19.086534Z,KXBTC15M-26OCT042345-45,0.0080,36.33,yes
2026-10-05T03:43:19.154626Z,KXBTC15M-26OCT042345-45,0.0080,36.33,yes
2026-10-05T03:43:19.244383Z,KXBTC15M-26OCT042345-45,0.0080,22.49,yes
2026-10-05T03:43:19.244383Z,KXBTC15M-26OCT042345-45,0.0080,13.84,yes
2026-10-05T03:43:19.291435Z,KXBTC15M-26OCT042345-45,0.0080,58.44,yes
2026-10-05T03:43:19.304006Z,KXBTC15M-26OCT042345-45,0.0070,40.18,no
2026-10-05T03:43:19.320995Z,KXBTC15M-26OCT042345-45,0.0080,36.33,yes
2026-10-05T03:43:19.454456Z,KXBTC15M-26OCT042345-45,0.0080,58.44,yes
2026-10-05T03:43:19.459962Z,KXBTC15M-26OCT042345-45,0.0080,51.27,yes
2026-10-05T03:43:19.624206Z,KXBTC15M-26OCT042345-45,0.0080,56.95,yes
2026-10-05T03:43:19.675328Z,KXBTC15M-26OCT042345-45,0.0080,15.00,yes
2026-10-05T03:43:19.675328Z,KXBTC15M-26OCT042345-45,0.0080,116.08,yes
2026-10-05T03:43:19.675328Z,KXBTC15M-26OCT042345-45,0.0080,858.00,yes
2026-10-05T03:43:19.675328Z,KXBTC15M-26OCT042345-45,0.0080,27.00,yes
2026-10-05T03:43:19.675328Z,KXBTC15M-26OCT042345-45,0.0080,1.00,yes
2026-10-05T03:43:19.675328Z,KXBTC15M-26OCT042345-45,0.0080,100.00,yes
2026-10-05T03:43:19.675328Z,KXBTC15M-26OCT042345-45,0.0080,51.75,yes
2026-10-05T03:43:19.719407Z,KXBTC15M-26OCT042345-45,0.0080,36.33,yes
2026-10-05T03:43:19.720624Z,KXBTC15M-26OCT042345-45,0.0080,229.09,yes
2026-10-05T03:43:19.731772Z,KXBTC15M-26OCT042345-45,0.0080,56.33,yes
2026-10-05T03:43:19.743396Z,KXBTC15M-26OCT042345-45,0.0070,0.50,no
2026-10-05T03:43:19.794344Z,KXBTC15M-26OCT042345-45,0.0080,11.45,yes
2026-10-05T03:43:19.841866Z,KXBTC15M-26OCT042345-45,0.0070,905.90,no
2026-10-05T03:43:20.000349Z,KXBTC15M-26OCT042345-45,0.0080,88.55,yes
2026-10-05T03:43:20.000349Z,KXBTC15M-26OCT042345-45,0.0080,29.95,yes
2026-10-05T03:43:20.107925Z,KXBTC15M-26OCT042345-45,0.0080,149.61,yes
2026-10-05T03:43:20.153418Z,KXBTC15M-26OCT042345-45,0.0070,46.55,no
2026-10-05T03:43:20.155761Z,KXBTC15M-26OCT042345-45,0.0080,58.44,yes
2026-10-05T03:43:20.158591Z,KXBTC15M-26OCT042345-45,0.0080,3.43,yes
2026-10-05T03:43:20.278799Z,KXBTC15M-26OCT042345-45,0.0070,78.80,no
2026-10-05T03:43:20.282695Z,KXBTC15M-26OCT042345-45,0.0070,2034.93,no
2026-10-05T03:43:20.282695Z,KXBTC15M-26OCT042345-45,0.0070,32.15,no
2026-10-05T03:43:20.371948Z,KXBTC15M-26OCT042345-45,0.0080,116.88,yes
2026-10-05T03:43:20.393863Z,KXBTC15M-26OCT042345-45,0.0080,35.35,yes
2026-10-05T03:43:20.540845Z,KXBTC15M-26OCT042345-45,0.0080,2.89,yes
2026-10-05T03:43:20.540845Z,KXBTC15M-26OCT042345-45,0.0080,1.00,yes
2026-10-05T03:43:20.540845Z,KXBTC15M-26OCT042345-45,0.0080,6.34,yes
2026-10-05T03:43:20.540845Z,KXBTC15M-26OCT042345-45,0.0080,15.00,yes
2026-10-05T03:43:20.582001Z,KXBTC15M-26OCT042345-45,0.0070,0.01,no
2026-10-05T03:43:20.582001Z,KXBTC15M-26OCT042345-45,0.0070,15.00,no
2026-10-05T03:43:20.582001Z,KXBTC15M-26OCT042345-45,0.0070,0.01,no
2026-10-05T03:43:20.582001Z,KXBTC15M-26OCT042345-45,0.0070,3.98,no
2026-10-05T03:43:20.619078Z,KXBTC15M-26OCT042345-45,0.0070,83.17,no
2026-10-05T03:43:20.740697Z,KXBTC15M-26OCT042345-45,0.0080,21.11,yes
2026-10-05T03:43:20.740697Z,KXBTC15M-26OCT042345-45,0.0080,100.00,yes
2026-10-05T03:43:20.740697Z,KXBTC15M-26OCT042345-45,0.0080,451.62,yes
2026-10-05T03:43:20.818158Z,KXBTC15M-26OCT042345-45,0.0080,572.73,yes
2026-10-05T03:43:20.874116Z,KXBTC15M-26OCT042345-45,0.0080,3.21,yes
2026-10-05T03:43:20.912815Z,KXBTC15M-26OCT042345-45,0.0060,15.00,no
2026-10-05T03:43:20.912815Z,KXBTC15M-26OCT042345-45,0.0060,572.50,no
2026-10-05T03:43:20.912815Z,KXBTC15M-26OCT042345-45,0.0070,0.01,no
2026-10-05T03:43:20.912815Z,KXBTC15M-26OCT042345-45,0.0070,0.01,no
2026-10-05T03:43:20.912815Z,KXBTC15M-26OCT042345-45,0.0070,15.00,no
2026-10-05T03:43:20.924023Z,KXBTC15M-26OCT042345-45,0.0060,234.76,no
2026-10-05T03:43:20.971559Z,KXBTC15M-26OCT042345-45,0.0080,1.14,yes
2026-10-05T03:43:21.069643Z,KXBTC15M-26OCT042345-45,0.0080,10.00,yes
2026-10-05T03:43:21.095641Z,KXBTC15M-26OCT042345-45,0.0070,36.07,yes
2026-10-05T03:43:21.218684Z,KXBTC15M-26OCT042345-45,0.0070,2.71,yes
2026-10-05T03:43:21.218684Z,KXBTC15M-26OCT042345-45,0.0070,0.01,yes
2026-10-05T03:43:21.218684Z,KXBTC15M-26OCT042345-45,0.0070,0.01,yes
2026-10-05T03:43:21.218684Z,KXBTC15M-26OCT042345-45,0.0070,347.93,yes
2026-10-05T03:43:21.246807Z,KXBTC15M-26OCT042345-45,0.0070,1.11,yes
2026-10-05T03:43:21.328633Z,KXBTC15M-26OCT042345-45,0.0060,0.60,no
2026-10-05T03:43:21.482087Z,KXBTC15M-26OCT042345-45,0.0070,11.18,yes
2026-10-05T03:43:21.482087Z,KXBTC15M-26OCT042345-45,0.0070,0.51,yes
2026-10-05T03:43:21.490037Z,KXBTC15M-26OCT042345-45,0.0060,30.58,no
2026-10-05T03:43:21.510057Z,KXBTC15M-26OCT042345-45,0.0070,213.65,yes
2026-10-05T03:43:21.510057Z,KXBTC15M-26OCT042345-45,0.0070,32.15,yes
2026-10-05T03:43:21.510057Z,KXBTC15M-26OCT042345-45,0.0070,1.00,yes
2026-10-05T03:43:21.510057Z,KXBTC15M-26OCT042345-45,0.0070,15.00,yes
2026-10-05T03:43:21.551624Z,KXBTC15M-26OCT042345-45,0.0080,100.86,yes
2026-10-05T03:43:21.551624Z,KXBTC15M-26OCT042345-45,0.0070,15.00,yes
2026-10-05T03:43:21.551624Z,KXBTC15M-26OCT042345-45,0.0070,1.00,yes
2026-10-05T03:43:21.551624Z,KXBTC15M-26OCT042345-45,0.0070,0.01,yes
2026-10-05T03:43:21.551624Z,KXBTC15M-26OCT042345-45,0.0070,0.01,yes
2026-10-05T03:43:21.626135Z,KXBTC15M-26OCT042345-45,0.0080,321.66,yes
2026-10-05T03:43:21.626135Z,KXBTC15M-26OCT042345-45,0.0070,1.00,yes
2026-10-05T03:43:21.626135Z,KXBTC15M-26OCT042345-45,0.0070,13.00,yes
2026-10-05T03:43:21.626135Z,KXBTC15M-26OCT042345-45,0.0070,15.00,yes
2026-10-05T03:43:21.626248Z,KXBTC15M-26OCT042345-45,0.0060,30.16,no
2026-10-05T03:43:21.678191Z,KXBTC15M-26OCT042345-45,0.0070,50.45,yes
2026-10-05T03:43:21.678191Z,KXBTC15M-26OCT042345-45,0.0070,15.00,yes
2026-10-05T03:43:21.751594Z,KXBTC15M-26OCT042345-45,0.0070,13.35,yes
2026-10-05T03:43:21.778401Z,KXBTC15M-26OCT042345-45,0.0060,14.00,no
2026-10-05T03:43:21.813282Z,KXBTC15M-26OCT042345-45,0.0080,0.35,yes
2026-10-05T03:43:21.813282Z,KXBTC15M-26OCT042345-45,0.0070,12.00,yes
2026-10-05T03:43:21.813282Z,KXBTC15M-26OCT042345-45,0.0070,1.00,yes
2026-10-05T03:43:21.900709Z,KXBTC15M-26OCT042345-45,0.0060,157.09,no
2026-10-05T03:43:21.900709Z,KXBTC15M-26OCT042345-45,0.0060,0.01,no
2026-10-05T03:43:21.900709Z,KXBTC15M-26OCT042345-45,0.0060,200.00,no
2026-10-05T03:43:21.900709Z,KXBTC15M-26OCT042345-45,0.0060,0.01,no
2026-10-05T03:43:21.900709Z,KXBTC15M-26OCT042345-45,0.0060,203.22,no
2026-10-05T03:43:21.900709Z,KXBTC15M-26OCT042345-45,0.0060,15.00,no
2026-10-05T03:43:21.900709Z,KXBTC15M-26OCT042345-45,0.0060,15.00,no
2026-10-05T03:43:21.900709Z,KXBTC15M-26OCT042345-45,0.0060,15.00,no
2026-10-05T03:43:21.937641Z,KXBTC15M-26OCT042345-45,0.0060,1.00,no
2026-10-05T03:43:21.960669Z,KXBTC15M-26OCT042345-45,0.0070,22.39,yes
2026-10-05T03:43:21.960669Z,KXBTC15M-26OCT042345-45,0.0070,11.00,yes
2026-10-05T03:43:21.980183Z,KXBTC15M-26OCT042345-45,0.0080,100.88,yes
2026-10-05T03:43:21.980183Z,KXBTC15M-26OCT042345-45,0.0070,1.00,yes
2026-10-05T03:43:21.980183Z,KXBTC15M-26OCT042345-45,0.0070,15.00,yes
2026-10-05T03:43:22.157966Z,KXBTC15M-26OCT042345-45,0.0060,15.00,no
2026-10-05T03:43:22.157966Z,KXBTC15M-26OCT042345-45,0.0060,0.01,no
2026-10-05T03:43:22.157966Z,KXBTC15M-26OCT042345-45,0.0060,14.24,no
2026-10-05T03:43:22.157966Z,KXBTC15M-26OCT042345-45,0.0060,0.01,no
2026-10-05T03:43:22.193651Z,KXBTC15M-26OCT042345-45,0.0070,7.26,yes
2026-10-05T03:43:22.366553Z,KXBTC15M-26OCT042345-45,0.0070,7.26,yes
2026-10-05T03:43:22.444253Z,KXBTC15M-26OCT042345-45,0.0070,0.01,yes
2026-10-05T03:43:22.444253Z,KXBTC15M-26OCT042345-45,0.0070,0.01,yes
2026-10-05T03:43:22.444253Z,KXBTC15M-26OCT042345-45,0.0070,1.00,yes
2026-10-05T03:43:22.444253Z,KXBTC15M-26OCT042345-45,0.0070,0.48,yes
2026-10-05T03:43:22.561919Z,KXBTC15M-26OCT042345-45,0.0070,117.53,yes
2026-10-05T03:43:22.570153Z,KXBTC15M-26OCT042345-45,0.0070,36.33,yes
2026-10-05T03:43:22.593962Z,KXBTC15M-26OCT042345-45,0.0070,0.01,yes
2026-10-05T03:43:22.593962Z,KXBTC15M-26OCT042345-45,0.0070,15.00,yes
2026-10-05T03:43:22.593962Z,KXBTC15M-26OCT042345-45,0.0070,0.01,yes
2026-10-05T03:43:22.593962Z,KXBTC15M-26OCT042345-45,0.0070,0.98,yes
2026-10-05T03:43:22.593962Z,KXBTC15M-26OCT042345-45,0.0080,1153.42,yes
2026-10-05T03:43:22.730134Z,KXBTC15M-26OCT042345-45,0.0070,15.00,yes
2026-10-05T03:43:22.730134Z,KXBTC15M-26OCT042345-45,0.0070,21.33,yes
2026-10-05T03:43:22.732129Z,KXBTC15M-26OCT042345-45,0.0070,39.15,yes
2026-10-05T03:43:22.769997Z,KXBTC15M-26OCT042345-45,0.0070,5.00,yes
2026-10-05T03:43:22.794537Z,KXBTC15M-26OCT042345-45,0.0070,36.33,yes
2026-10-05T03:43:22.866391Z,KXBTC15M-26OCT042345-45,0.0070,36.33,yes
2026-10-05T03:43:22.920809Z,KXBTC15M-26OCT042345-45,0.0060,500.00,no
2026-10-05T03:43:22.920809Z,KXBTC15M-26OCT042345-45,0.0060,180.43,no
2026-10-05T03:43:22.920809Z,KXBTC15M-26OCT042345-45,0.0060,200.00,no
2026-10-05T03:43:22.920809Z,KXBTC15M-26OCT042345-45,0.0060,20.00,no
2026-10-05T03:43:22.920809Z,KXBTC15M-26OCT042345-45,0.0060,15.00,no
2026-10-05T03:43:22.920809Z,KXBTC15M-26OCT042345-45,0.0060,0.76,no
2026-10-05T03:43:22.995386Z,KXBTC15M-26OCT042345-45,0.0070,36.33,yes
2026-10-05T03:43:23.007118Z,KXBTC15M-26OCT042345-45,0.0070,65.45,yes
2026-10-05T03:43:23.046636Z,KXBTC15M-26OCT042345-45,0.0070,12.02,yes
2026-10-05T03:43:23.066517Z,KXBTC15M-26OCT042345-45,0.0070,18.14,yes
2026-10-05T03:43:23.071257Z,KXBTC15M-26OCT042345-45,0.0070,18.45,yes
2026-10-05T03:43:23.071257Z,KXBTC15M-26OCT042345-45,0.0070,10.00,yes
2026-10-05T03:43:23.071257Z,KXBTC15M-26OCT042345-45,0.0070,7.88,yes
2026-10-05T03:43:23.141711Z,KXBTC15M-26OCT042345-45,0.0070,7.12,yes
2026-10-05T03:43:23.141711Z,KXBTC15M-26OCT042345-45,0.0080,14.68,yes
2026-10-05T03:43:23.158628Z,KXBTC15M-26OCT042345-45,0.0080,62.32,yes
2026-10-05T03:43:23.158628Z,KXBTC15M-26OCT042345-45,0.0070,15.00,yes
2026-10-05T03:43:23.158628Z,KXBTC15M-26OCT042345-45,0.0080,400.00,yes
2026-10-05T03:43:23.158628Z,KXBTC15M-26OCT042345-45,0.0080,100.00,yes
2026-10-05T03:43:23.158628Z,KXBTC15M-26OCT042345-45,0.0080,489.85,yes
2026-10-05T03:43:23.185487Z,KXBTC15M-26OCT042345-45,0.0080,104.85,yes
2026-10-05T03:43:23.20572Z,KXBTC15M-26OCT042345-45,0.0080,36.33,yes
2026-10-05T03:43:23.26889Z,KXBTC15M-26OCT042345-45,0.0070,36.33,yes
2026-10-05T03:43:23.332726Z,KXBTC15M-26OCT042345-45,0.0070,86.67,yes
2026-10-05T03:43:23.375982Z,KXBTC15M-26OCT042345-45,0.0070,67.00,yes
2026-10-05T03:43:23.375982Z,KXBTC15M-26OCT042345-45,0.0080,200.00,yes
2026-10-05T03:43:23.375982Z,KXBTC15M-26OCT042345-45,0.0080,271.75,yes
2026-10-05T03:43:23.375982Z,KXBTC15M-26OCT042345-45,0.0080,19.00,yes
2026-10-05T03:43:23.470835Z,KXBTC15M-26OCT042345-45,0.0060,0.01,no
2026-10-05T03:43:23.470835Z,KXBTC15M-26OCT042345-45,0.0060,0.01,no
2026-10-05T03:43:23.470835Z,KXBTC15M-26OCT042345-45,0.0060,0.80,no
2026-10-05T03:43:23.592686Z,KXBTC15M-26OCT042345-45,0.0080,18.33,yes
2026-10-05T03:43:23.592686Z,KXBTC15M-26OCT042345-45,0.0080,18.00,yes
2026-10-05T03:43:23.605709Z,KXBTC15M-26OCT042345-45,0.0060,15.00,no
2026-10-05T03:43:23.605709Z,KXBTC15M-26OCT042345-45,0.0060,2.19,no
2026-10-05T03:43:23.605709Z,KXBTC15M-26OCT042345-45,0.0060,200.00,no
2026-10-05T03:43:23.605709Z,KXBTC15M-26OCT042345-45,0.0060,20.00,no
2026-10-05T03:43:23.605709Z,KXBTC15M-26OCT042345-45,0.0060,14.20,no
2026-10-05T03:43:23.678539Z,KXBTC15M-26OCT042345-45,0.0080,36.33,yes
2026-10-05T03:43:23.790038Z,KXBTC15M-26OCT042345-45,0.0060,12.81,no
2026-10-05T03:43:23.790038Z,KXBTC15M-26OCT042345-45,0.0060,0.01,no
2026-10-05T03:43:23.790038Z,KXBTC15M-26OCT042345-45,0.0060,15.00,no
2026-10-05T03:43:23.790038Z,KXBTC15M-26OCT042345-45,0.0060,500.00,no
2026-10-05T03:43:23.790038Z,KXBTC15M-26OCT042345-45,0.0060,75.23,no
2026-10-05T03:43:23.790038Z,KXBTC15M-26OCT042345-45,0.0060,0.01,no
2026-10-05T03:43:24.02536Z,KXBTC15M-26OCT042345-45,0.0080,45.34,yes
2026-10-05T03:43:24.02536Z,KXBTC15M-26OCT042345-45,0.0080,183.75,yes
2026-10-05T03:43:24.080467Z,KXBTC15M-26OCT042345-45,0.0070,2.01,no
2026-10-05T03:43:24.094775Z,KXBTC15M-26OCT042345-45,0.0080,16.00,yes
2026-10-05T03:43:24.094775Z,KXBTC15M-26OCT042345-45,0.0080,0.01,yes
2026-10-05T03:43:24.094775Z,KXBTC15M-26OCT042345-45,0.0080,0.01,yes
2026-10-05T03:43:24.094775Z,KXBTC15M-26OCT042345-45,0.0080,20.31,yes
2026-10-05T03:43:24.141821Z,KXBTC15M-26OCT042345-45,0.0080,596.92,yes
2026-10-05T03:43:24.141821Z,KXBTC15M-26OCT042345-45,0.0080,400.00,yes
2026-10-05T03:43:24.141821Z,KXBTC15M-26OCT042345-45,0.0080,79.69,yes
2026-10-05T03:43:24.141821Z,KXBTC15M-26OCT042345-45,0.0080,15.00,yes
2026-10-05T03:43:24.142287Z,KXBTC15M-26OCT042345-45,0.0070,35.19,no
2026-10-05T03:43:24.167272Z,KXBTC15M-26OCT042345-45,0.0080,116.88,yes
2026-10-05T03:43:24.188493Z,KXBTC15M-26OCT042345-45,0.0080,36.33,yes
2026-10-05T03:43:24.302934Z,KXBTC15M-26OCT042345-45,0.0080,36.33,yes
2026-10-05T03:43:24.347898Z,KXBTC15M-26OCT042345-45,0.0080,15.00,yes
2026-10-05T03:43:24.347898Z,KXBTC15M-26OCT042345-45,0.0080,100.00,yes
2026-10-05T03:43:24.347898Z,KXBTC15M-26OCT042345-45,0.0080,0.01,yes
2026-10-05T03:43:24.347898Z,KXBTC15M-26OCT042345-45,0.0080,40.07,yes
2026-10-05T03:43:24.347898Z,KXBTC15M-26OCT042345-45,0.0080,0.01,yes
2026-10-05T03:43:24.347898Z,KXBTC15M-26OCT042345-45,0.0080,74.00,yes
2026-10-05T03:43:24.367273Z,KXBTC15M-26OCT042345-45,0.0080,36.33,yes
2026-10-05T03:43:24.417377Z,KXBTC15M-26OCT042345-45,0.0070,26.14,no
2026-10-05T03:43:24.483829Z,KXBTC15M-26OCT042345-45,0.0080,36.33,yes
2026-10-05T03:43:24.565043Z,KXBTC15M-26OCT042345-45,0.0080,36.33,yes
2026-10-05T03:43:24.575814Z,KXBTC15M-26OCT042345-45,0.0080,15.00,yes
2026-10-05T03:43:24.575814Z,KXBTC15M-26OCT042345-45,0.0080,100.00,yes
2026-10-05T03:43:24.575814Z,KXBTC15M-26OCT042345-45,0.0080,250.94,yes
2026-10-05T03:43:24.575814Z,KXBTC15M-26OCT042345-45,0.0080,15.00,yes
2026-10-05T03:43:24.575814Z,KXBTC15M-26OCT042345-45,0.0090,0.02,yes
2026-10-05T03:43:24.575814Z,KXBTC15M-26OCT042345-45,0.0090,162.94,yes
2026-10-05T03:43:24.575814Z,KXBTC15M-26OCT042345-45,0.0090,15.00,yes
2026-10-05T03:43:24.82286Z,KXBTC15M-26OCT042345-45,0.0080,1.88,yes
2026-10-05T03:43:24.82286Z,KXBTC15M-26OCT042345-45,0.0080,15.00,yes
2026-10-05T03:43:24.82286Z,KXBTC15M-26OCT042345-45,0.0080,100.00,yes
2026-10-05T03:43:24.848581Z,KXBTC15M-26OCT042345-45,0.0080,29.22,yes
2026-10-05T03:43:24.863747Z,KXBTC15M-26OCT042345-45,0.0080,116.88,yes
2026-10-05T03:43:24.886886Z,KXBTC15M-26OCT042345-45,0.0070,0.01,no
2026-10-05T03:43:24.886886Z,KXBTC15M-26OCT042345-45,0.0070,0.01,no
2026-10-05T03:43:24.886886Z,KXBTC15M-26OCT042345-45,0.0070,3.39,no
2026-10-05T03:43:24.919897Z,KXBTC15M-26OCT042345-45,0.0070,13.39,no
2026-10-05T03:43:24.919897Z,KXBTC15M-26OCT042345-45,0.0070,11.61,no
2026-10-05T03:43:24.925826Z,KXBTC15M-26OCT042345-45,0.0080,338.22,yes
2026-10-05T03:43:24.925826Z,KXBTC15M-26OCT042345-45,0.0080,13.00,yes
2026-10-05T03:43:24.925826Z,KXBTC15M-26OCT042345-45,0.0080,52.02,yes
2026-10-05T03:43:24.977436Z,KXBTC15M-26OCT042345-45,0.0080,36.33,yes
2026-10-05T03:43:25.038071Z,KXBTC15M-26OCT042345-45,0.0070,1.00,no
2026-10-05T03:43:25.038071Z,KXBTC15M-26OCT042345-45,0.0070,15.00,no
2026-10-05T03:43:25.038071Z,KXBTC15M-26OCT042345-45,0.0070,0.01,no
2026-10-05T03:43:25.038071Z,KXBTC15M-26OCT042345-45,0.0070,0.01,no
2026-10-05T03:43:25.038071Z,KXBTC15M-26OCT042345-45,0.0070,15.00,no
2026-10-05T03:43:25.038071Z,KXBTC15M-26OCT042345-45,0.0070,1.61,no
2026-10-05T03:43:25.038071Z,KXBTC15M-26OCT042345-45,0.0070,15.00,no
2026-10-05T03:43:25.038071Z,KXBTC15M-26OCT042345-45,0.0070,317.74,no
2026-10-05T03:43:25.040866Z,KXBTC15M-26OCT042345-45,0.0080,36.33,yes
2026-10-05T03:43:25.079495Z,KXBTC15M-26OCT042345-45,0.0080,127.88,yes
2026-10-05T03:43:25.079495Z,KXBTC15M-26OCT042345-45,0.0080,89.12,yes
2026-10-05T03:43:25.117307Z,KXBTC15M-26OCT042345-45,0.0080,36.33,yes
2026-10-05T03:43:25.118425Z,KXBTC15M-26OCT042345-45,0.0060,2.98,no
2026-10-05T03:43:25.118425Z,KXBTC15M-26OCT042345-45,0.0070,0.01,no
2026-10-05T03:43:25.118425Z,KXBTC15M-26OCT042345-45,0.0070,0.01,no
2026-10-05T03:43:25.13156Z,KXBTC15M-26OCT042345-45,0.0080,50.40,yes
2026-10-05T03:43:25.294652Z,KXBTC15M-26OCT042345-45,0.0080,0.01,yes
2026-10-05T03:43:25.294652Z,KXBTC15M-26OCT042345-45,0.0080,0.01,yes
2026-10-05T03:43:25.294652Z,KXBTC15M-26OCT042345-45,0.0080,15.00,yes
2026-10-05T03:43:25.294652Z,KXBTC15M-26OCT042345-45,0.0080,100.00,yes
2026-10-05T03:43:25.294652Z,KXBTC15M-26OCT042345-45,0.0080,45.71,yes
2026-10-05T03:43:25.294652Z,KXBTC15M-26OCT042345-45,0.0080,12.00,yes
2026-10-05T03:43:25.294652Z,KXBTC15M-26OCT042345-45,0.0080,400.00,yes
2026-10-05T03:43:25.304239Z,KXBTC15M-26OCT042345-45,0.0070,0.01,no
2026-10-05T03:43:25.308861Z,KXBTC15M-26OCT042345-45,0.0070,0.01,no
2026-10-05T03:43:25.335715Z,KXBTC15M-26OCT042345-45,0.0050,15.00,no
2026-10-05T03:43:25.335715Z,KXBTC15M-26OCT042345-45,0.0050,15.00,no
2026-10-05T03:43:25.335715Z,KXBTC15M-26OCT042345-45,0.0050,15.00,no
2026-10-05T03:43:25.335715Z,KXBTC15M-26OCT042345-45,0.0050,15.00,no
2026-10-05T03:43:25.335715Z,KXBTC15M-26OCT042345-45,0.0050,15.00,no
2026-10-05T03:43:25.335715Z,KXBTC15M-26OCT042345-45,0.0050,274.57,no
2026-10-05T03:43:25.335715Z,KXBTC15M-26OCT042345-45,0.0050,138.94,no
2026-10-05T03:43:25.335715Z,KXBTC15M-26OCT042345-45,0.0060,20.00,no
2026-10-05T03:43:25.335715Z,KXBTC15M-26OCT042345-45,0.0070,15.00,no
2026-10-05T03:43:25.335715Z,KXBTC15M-26OCT042345-45,0.0070,0.01,no
2026-10-05T03:43:25.335715Z,KXBTC15M-26OCT042345-45,0.0070,0.01,no
2026-10-05T03:43:25.385929Z,KXBTC15M-26OCT042345-45,0.0070,0.01,no
2026-10-05T03:43:25.385929Z,KXBTC15M-26OCT042345-45,0.0070,0.01,no
2026-10-05T03:43:25.430828Z,KXBTC15M-26OCT042345-45,0.0050,121.80,no
2026-10-05T03:43:25.430828Z,KXBTC15M-26OCT042345-45,0.0060,15.00,no
2026-10-05T03:43:25.430828Z,KXBTC15M-26OCT042345-45,0.0060,0.01,no
2026-10-05T03:43:25.430828Z,KXBTC15M-26OCT042345-45,0.0060,20.00,no
2026-10-05T03:43:25.430828Z,KXBTC15M-26OCT042345-45,0.0060,0.01,no
2026-10-05T03:43:25.547155Z,KXBTC15M-26OCT042345-45,0.0070,101.86,yes
2026-10-05T03:43:25.547155Z,KXBTC15M-26OCT042345-45,0.0070,0.01,yes
2026-10-05T03:43:25.547155Z,KXBTC15M-26OCT042345-45,0.0070,15.00,yes
2026-10-05T03:43:25.547155Z,KXBTC15M-26OCT042345-45,0.0070,0.01,yes
2026-10-05T03:43:25.58193Z,KXBTC15M-26OCT042345-45,0.0070,3.74,yes
2026-10-05T03:43:25.58193Z,KXBTC15M-26OCT042345-45,0.0070,98.14,yes
2026-10-05T03:43:25.58193Z,KXBTC15M-26OCT042345-45,0.0070,15.00,yes
2026-10-05T03:43:25.588772Z,KXBTC15M-26OCT042345-45,0.0070,6.26,yes
2026-10-05T03:43:25.588772Z,KXBTC15M-26OCT042345-45,0.0070,10.00,yes
2026-10-05T03:43:25.588772Z,KXBTC15M-26OCT042345-45,0.0070,210.68,yes
2026-10-05T03:43:25.588772Z,KXBTC15M-26OCT042345-45,0.0070,336.00,yes
2026-10-05T03:43:25.588772Z,KXBTC15M-26OCT042345-45,0.0070,15.00,yes
2026-10-05T03:43:25.727873Z,KXBTC15M-26OCT042345-45,0.0070,2.44,yes
2026-10-05T03:43:25.854484Z,KXBTC15M-26OCT042345-45,0.0070,116.88,yes
2026-10-05T03:43:25.889851Z,KXBTC15M-26OCT042345-45,0.0070,116.88,yes
2026-10-05T03:43:25.942913Z,KXBTC15M-26OCT042345-45,0.0070,40.07,yes
2026-10-05T03:43:25.954857Z,KXBTC15M-26OCT042345-45,0.0070,13.05,yes
2026-10-05T03:43:25.954857Z,KXBTC15M-26OCT042345-45,0.0070,100.00,yes
2026-10-05T03:43:25.954857Z,KXBTC15M-26OCT042345-45,0.0070,228.25,yes
2026-10-05T03:43:25.954857Z,KXBTC15M-26OCT042345-45,0.0070,236.64,yes
2026-10-05T03:43:26.105018Z,KXBTC15M-26OCT042345-45,0.0070,33.39,yes
2026-10-05T03:43:26.163387Z,KXBTC15M-26OCT042345-45,0.0070,130.90,yes
2026-10-05T03:43:26.223348Z,KXBTC15M-26OCT042345-45,0.0060,16.23,no
2026-10-05T03:43:26.223348Z,KXBTC15M-26OCT042345-45,0.0060,15.00,no
2026-10-05T03:43:26.223348Z,KXBTC15M-26OCT042345-45,0.0060,0.01,no
2026-10-05T03:43:26.223348Z,KXBTC15M-26OCT042345-45,0.0060,0.01,no
2026-10-05T03:43:26.223348Z,KXBTC15M-26OCT042345-45,0.0060,15.00,no
2026-10-05T03:43:26.300479Z,KXBTC15M-26OCT042345-45,0.0070,130.90,yes
2026-10-05T03:43:26.318127Z,KXBTC15M-26OCT042345-45,0.0070,654.51,yes
2026-10-05T03:43:26.343653Z,KXBTC15M-26OCT042345-45,0.0060,17.80,no
2026-10-05T03:43:26.346255Z,KXBTC15M-26OCT042345-45,0.0060,25.14,no
2026-10-05T03:43:26.364552Z,KXBTC15M-26OCT042345-45,0.0060,0.01,no
2026-10-05T03:43:26.364552Z,KXBTC15M-26OCT042345-45,0.0060,1065.83,no
2026-10-05T03:43:26.364552Z,KXBTC15M-26OCT042345-45,0.0060,0.01,no
2026-10-05T03:43:26.364552Z,KXBTC15M-26OCT042345-45,0.0050,2880.26,no
2026-10-05T03:43:26.364552Z,KXBTC15M-26OCT042345-45,0.0050,276.00,no
2026-10-05T03:43:26.364552Z,KXBTC15M-26OCT042345-45,0.0040,20.00,no
2026-10-05T03:43:26.364552Z,KXBTC15M-26OCT042345-45,0.0030,150.00,no
2026-10-05T03:43:26.364552Z,KXBTC15M-26OCT042345-45,0.0040,66.00,no
2026-10-05T03:43:26.364552Z,KXBTC15M-26OCT042345-45,0.0030,10.00,no
2026-10-05T03:43:26.364552Z,KXBTC15M-26OCT042345-45,0.0030,250.00,no
2026-10-05T03:43:26.364552Z,KXBTC15M-26OCT042345-45,0.0030,302.33,no
2026-10-05T03:43:26.410595Z,KXBTC15M-26OCT042345-45,0.0060,66.79,yes
2026-10-05T03:43:26.436755Z,KXBTC15M-26OCT042345-45,0.0060,208.38,yes
2026-10-05T03:43:26.624205Z,KXBTC15M-26OCT042345-45,0.0050,200.00,yes
2026-10-05T03:43:26.624205Z,KXBTC15M-26OCT042345-45,0.0050,0.01,yes
2026-10-05T03:43:26.624205Z,KXBTC15M-26OCT042345-45,0.0050,0.01,yes
2026-10-05T03:43:26.624205Z,KXBTC15M-26OCT042345-45,0.0050,60.45,yes
2026-10-05T03:43:26.624205Z,KXBTC15M-26OCT042345-45,0.0060,1060.25,yes
2026-10-05T03:43:26.624205Z,KXBTC15M-26OCT042345-45,0.0050,15.00,yes
2026-10-05T03:43:26.625288Z,KXBTC15M-26OCT042345-45,0.0060,133.58,yes
2026-10-05T03:43:26.709075Z,KXBTC15M-26OCT042345-45,0.0040,20.00,no
2026-10-05T03:43:26.709075Z,KXBTC15M-26OCT042345-45,0.0040,42.00,no
2026-10-05T03:43:26.709075Z,KXBTC15M-26OCT042345-45,0.0040,0.01,no
2026-10-05T03:43:26.709075Z,KXBTC15M-26OCT042345-45,0.0040,0.01,no
2026-10-05T03:43:26.709075Z,KXBTC15M-26OCT042345-45,0.0040,36.61,no
2026-10-05T03:43:26.811679Z,KXBTC15M-26OCT042345-45,0.0040,246.37,no
2026-10-05T03:43:26.812204Z,KXBTC15M-26OCT042345-45,0.0050,133.58,yes
2026-10-05T03:43:26.831553Z,KXBTC15M-26OCT042345-45,0.0050,33.63,yes
2026-10-05T03:43:26.942244Z,KXBTC15M-26OCT042345-45,0.0050,133.58,yes
2026-10-05T03:43:26.949173Z,KXBTC15M-26OCT042345-45,0.0050,20.18,yes
2026-10-05T03:43:26.958823Z,KXBTC15M-26OCT042345-45,0.0050,186.97,yes
2026-10-05T03:43:26.988781Z,KXBTC15M-26OCT042345-45,0.0050,97.91,yes
2026-10-05T03:43:27.022199Z,KXBTC15M-26OCT042345-45,0.0050,2337.36,yes
2026-10-05T03:43:27.093825Z,KXBTC15M-26OCT042345-45,0.0050,186.97,yes
2026-10-05T03:43:27.114085Z,KXBTC15M-26OCT042345-45,0.0050,186.97,yes
2026-10-05T03:43:27.129475Z,KXBTC15M-26OCT042345-45,0.0050,311.64,yes
2026-10-05T03:43:27.195938Z,KXBTC15M-26OCT042345-45,0.0050,186.97,yes
2026-10-05T03:43:27.219922Z,KXBTC15M-26OCT042345-45,0.0050,14.84,yes
2026-10-05T03:43:27.360165Z,KXBTC15M-26OCT042345-45,0.0050,7.99,yes
2026-10-05T03:43:27.458339Z,KXBTC15M-26OCT042345-45,0.0050,20.14,yes
2026-10-05T03:43:27.488995Z,KXBTC15M-26OCT042345-45,0.0050,1032.41,yes
2026-10-05T03:43:27.533686Z,KXBTC15M-26OCT042345-45,0.0040,0.01,no
2026-10-05T03:43:27.533686Z,KXBTC15M-26OCT042345-45,0.0040,20.00,no
2026-10-05T03:43:27.533686Z,KXBTC15M-26OCT042345-45,0.0040,15.00,no
2026-10-05T03:43:27.533686Z,KXBTC15M-26OCT042345-45,0.0040,15.00,no
2026-10-05T03:43:27.533686Z,KXBTC15M-26OCT042345-45,0.0040,0.01,no
2026-10-05T03:43:27.533686Z,KXBTC15M-26OCT042345-45,0.0040,50.55,no
2026-10-05T03:43:27.551611Z,KXBTC15M-26OCT042345-45,0.0050,18.69,yes
2026-10-05T03:43:27.583094Z,KXBTC15M-26OCT042345-45,0.0050,110.29,yes
2026-10-05T03:43:27.609677Z,KXBTC15M-26OCT042345-45,0.0050,186.97,yes
2026-10-05T03:43:27.69198Z,KXBTC15M-26OCT042345-45,0.0050,18.69,yes
2026-10-05T03:43:27.700447Z,KXBTC15M-26OCT042345-45,0.0050,373.95,yes
2026-10-05T03:43:27.7381Z,KXBTC15M-26OCT042345-45,0.0050,15.85,yes
2026-10-05T03:43:27.776705Z,KXBTC15M-26OCT042345-45,0.0040,0.21,no
2026-10-05T03:43:27.848359Z,KXBTC15M-26OCT042345-45,0.0040,20.07,no
2026-10-05T03:43:27.882148Z,KXBTC15M-26OCT042345-45,0.0050,91.62,yes
2026-10-05T03:43:28.071905Z,KXBTC15M-26OCT042345-45,0.0050,560.93,yes
2026-10-05T03:43:28.075173Z,KXBTC15M-26OCT042345-45,0.0050,186.97,yes
2026-10-05T03:43:28.152325Z,KXBTC15M-26OCT042345-45,0.0050,897.49,yes
2026-10-05T03:43:28.189665Z,KXBTC15M-26OCT042345-45,0.0050,186.97,yes
2026-10-05T03:43:28.274488Z,KXBTC15M-26OCT042345-45,0.0050,560.93,yes
2026-10-05T03:43:28.275727Z,KXBTC15M-26OCT042345-45,0.0050,10.42,yes
2026-10-05T03:43:28.291415Z,KXBTC15M-26OCT042345-45,0.0050,186.97,yes
2026-10-05T03:43:28.304416Z,KXBTC15M-26OCT042345-45,0.0050,3664.75,yes
2026-10-05T03:43:28.330244Z,KXBTC15M-26OCT042345-45,0.0050,26.21,yes
2026-10-05T03:43:28.404001Z,KXBTC15M-26OCT042345-45,0.0050,1.87,yes
2026-10-05T03:43:28.418438Z,KXBTC15M-26OCT042345-45,0.0050,91.62,yes
2026-10-05T03:43:28.572592Z,KXBTC15M-26OCT042345-45,0.0030,1833.70,no
2026-10-05T03:43:28.572592Z,KXBTC15M-26OCT042345-45,0.0030,150.00,no
2026-10-05T03:43:28.572592Z,KXBTC15M-26OCT042345-45,0.0040,0.01,no
2026-10-05T03:43:28.572592Z,KXBTC15M-26OCT042345-45,0.0040,0.01,no
2026-10-05T03:43:28.572592Z,KXBTC15M-26OCT042345-45,0.0040,20.00,no
2026-10-05T03:43:28.598073Z,KXBTC15M-26OCT042345-45,0.0040,19.98,no
2026-10-05T03:43:28.598073Z,KXBTC15M-26OCT042345-45,0.0040,0.01,no
2026-10-05T03:43:28.598073Z,KXBTC15M-26OCT042345-45,0.0040,0.01,no
2026-10-05T03:43:28.598073Z,KXBTC15M-26OCT042345-45,0.0040,100.00,no
2026-10-05T03:43:28.602795Z,KXBTC15M-26OCT042345-45,0.0040,200.00,no
2026-10-05T03:43:28.602795Z,KXBTC15M-26OCT042345-45,0.0040,0.02,no
2026-10-05T03:43:28.602795Z,KXBTC15M-26OCT042345-45,0.0040,100.00,no
2026-10-05T03:43:28.616629Z,KXBTC15M-26OCT042345-45,0.0040,7.09,yes
2026-10-05T03:43:28.623624Z,KXBTC15M-26OCT042345-45,0.0040,3000.00,yes
2026-10-05T03:43:28.715037Z,KXBTC15M-26OCT042345-45,0.0040,3.94,yes
2026-10-05T03:43:28.730598Z,KXBTC15M-26OCT042345-45,0.0040,186.97,yes
2026-10-05T03:43:28.780444Z,KXBTC15M-26OCT042345-45,0.0040,96.68,yes
2026-10-05T03:43:28.798859Z,KXBTC15M-26OCT042345-45,0.0040,186.97,yes
2026-10-05T03:43:28.837004Z,KXBTC15M-26OCT042345-45,0.0040,784.54,yes
2026-10-05T03:43:28.837004Z,KXBTC15M-26OCT042345-45,0.0040,0.01,yes
2026-10-05T03:43:28.837004Z,KXBTC15M-26OCT042345-45,0.0040,0.01,yes
2026-10-05T03:43:28.837004Z,KXBTC15M-26OCT042345-45,0.0040,135.33,yes
2026-10-05T03:43:28.837004Z,KXBTC15M-26OCT042345-45,0.0040,15.00,yes
2026-10-05T03:43:28.87258Z,KXBTC15M-26OCT042345-45,0.0040,134.94,yes
2026-10-05T03:43:28.872922Z,KXBTC15M-26OCT042345-45,0.0040,186.97,yes
2026-10-05T03:43:28.95885Z,KXBTC15M-26OCT042345-45,0.0040,66.45,yes
2026-10-05T03:43:28.95885Z,KXBTC15M-26OCT042345-45,0.0040,120.52,yes
2026-10-05T03:43:29.177771Z,KXBTC15M-26OCT042345-45,0.0040,91.95,yes
2026-10-05T03:43:29.177771Z,KXBTC15M-26OCT042345-45,0.0040,35.13,yes
2026-10-05T03:43:29.177771Z,KXBTC15M-26OCT042345-45,0.0040,15.00,yes
2026-10-05T03:43:29.177771Z,KXBTC15M-26OCT042345-45,0.0040,0.01,yes
2026-10-05T03:43:29.177771Z,KXBTC15M-26OCT042345-45,0.0040,0.01,yes
2026-10-05T03:43:29.177771Z,KXBTC15M-26OCT042345-45,0.0040,889.06,yes
2026-10-05T03:43:29.918824Z,KXBTC15M-26OCT042345-45,0.0050,14.51,yes
2026-10-05T03:43:29.918824Z,KXBTC15M-26OCT042345-45,0.0050,33.84,yes
2026-10-05T03:43:29.918824Z,KXBTC15M-26OCT042345-45,0.0050,15.00,yes
2026-10-05T03:43:29.918824Z,KXBTC15M-26OCT042345-45,0.0050,200.00,yes
2026-10-05T03:43:29.918824Z,KXBTC15M-26OCT042345-45,0.0040,15.00,yes
2026-10-05T03:43:29.918824Z,KXBTC15M-26OCT042345-45,0.0040,0.01,yes
2026-10-05T03:43:29.918824Z,KXBTC15M-26OCT042345-45,0.0040,0.01,yes
2026-10-05T03:43:29.918824Z,KXBTC15M-26OCT042345-45,0.0050,540.96,yes
2026-10-05T03:43:29.918824Z,KXBTC15M-26OCT042345-45,0.0040,200.00,yes
2026-10-05T03:43:30.095667Z,KXBTC15M-26OCT042345-45,0.0030,666.30,no
2026-10-05T03:43:30.095667Z,KXBTC15M-26OCT042345-45,0.0030,63.00,no
2026-10-05T03:43:30.095667Z,KXBTC15M-26OCT042345-45,0.0030,250.00,no
2026-10-05T03:43:30.095667Z,KXBTC15M-26OCT042345-45,0.0030,2250.00,no
2026-10-05T03:43:30.095667Z,KXBTC15M-26OCT042345-45,0.0030,15.00,no
2026-10-05T03:43:30.095667Z,KXBTC15M-26OCT042345-45,0.0030,15.00,no
2026-10-05T03:43:30.095667Z,KXBTC15M-26OCT042345-45,0.0030,150.00,no
2026-10-05T03:43:30.095667Z,KXBTC15M-26OCT042345-45,0.0030,2164.68,no
2026-10-05T03:43:30.095667Z,KXBTC15M-26OCT042345-45,0.0030,0.01,no
2026-10-05T03:43:30.095667Z,KXBTC15M-26OCT042345-45,0.0030,15.00,no
2026-10-05T03:43:30.095667Z,KXBTC15M-26OCT042345-45,0.0030,0.01,no
2026-10-05T03:43:30.095667Z,KXBTC15M-26OCT042345-45,0.0030,25.00,no
2026-10-05T03:43:30.095667Z,KXBTC15M-26OCT042345-45,0.0030,15.00,no
2026-10-05T03:43:30.146691Z,KXBTC15M-26OCT042345-45,0.0040,144.00,yes
2026-10-05T03:43:30.146691Z,KXBTC15M-26OCT042345-45,0.0040,757.00,yes
2026-10-05T03:43:30.146691Z,KXBTC15M-26OCT042345-45,0.0040,214.14,yes
2026-10-05T03:43:30.146691Z,KXBTC15M-26OCT042345-45,0.0040,15.00,yes
2026-10-05T03:43:30.146691Z,KXBTC15M-26OCT042345-45,0.0040,0.01,yes
2026-10-05T03:43:30.146691Z,KXBTC15M-26OCT042345-45,0.0040,15.00,yes
2026-10-05T03:43:30.146691Z,KXBTC15M-26OCT042345-45,0.0040,0.01,yes
2026-10-05T03:43:30.180376Z,KXBTC15M-26OCT042345-45,0.0030,15.00,no
2026-10-05T03:43:30.180376Z,KXBTC15M-26OCT042345-45,0.0030,150.00,no
2026-10-05T03:43:30.180376Z,KXBTC15M-26OCT042345-45,0.0030,0.01,no
2026-10-05T03:43:30.180376Z,KXBTC15M-26OCT042345-45,0.0030,200.00,no
2026-10-05T03:43:30.180376Z,KXBTC15M-26OCT042345-45,0.0030,15.00,no
2026-10-05T03:43:30.180376Z,KXBTC15M-26OCT042345-45,0.0030,25.00,no
2026-10-05T03:43:30.180376Z,KXBTC15M-26OCT042345-45,0.0030,0.01,no
2026-10-05T03:43:30.233086Z,KXBTC15M-26OCT042345-45,0.0040,15.00,yes
2026-10-05T03:43:30.233086Z,KXBTC15M-26OCT042345-45,0.0040,0.01,yes
2026-10-05T03:43:30.233086Z,KXBTC15M-26OCT042345-45,0.0040,2.16,yes
2026-10-05T03:43:30.233086Z,KXBTC15M-26OCT042345-45,0.0040,0.01,yes
2026-10-05T03:43:30.237221Z,KXBTC15M-26OCT042345-45,0.0030,0.01,no
2026-10-05T03:43:30.237221Z,KXBTC15M-26OCT042345-45,0.0030,166.39,no
2026-10-05T03:43:30.237221Z,KXBTC15M-26OCT042345-45,0.0030,0.01,no
2026-10-05T03:43:30.241327Z,KXBTC15M-26OCT042345-45,0.0030,400.00,no
2026-10-05T03:43:30.241327Z,KXBTC15M-26OCT042345-45,0.0030,83.61,no
2026-10-05T03:43:30.241327Z,KXBTC15M-26OCT042345-45,0.0030,43.00,no
2026-10-05T03:43:30.241327Z,KXBTC15M-26OCT042345-45,0.0030,25.00,no
2026-10-05T03:43:30.281693Z,KXBTC15M-26OCT042345-45,0.0030,0.01,no
2026-10-05T03:43:30.281693Z,KXBTC15M-26OCT042345-45,0.0030,25.00,no
2026-10-05T03:43:30.281693Z,KXBTC15M-26OCT042345-45,0.0030,0.01,no
2026-10-05T03:43:30.281693Z,KXBTC15M-26OCT042345-45,0.0030,30.46,no
2026-10-05T03:43:30.308157Z,KXBTC15M-26OCT042345-45,0.0040,1145.16,yes
2026-10-05T03:43:30.309291Z,KXBTC15M-26OCT042345-45,0.0030,200.00,no
2026-10-05T03:43:30.410092Z,KXBTC15M-26OCT042345-45,0.0040,23.37,yes
2026-10-05T03:43:30.447607Z,KXBTC15M-26OCT042345-45,0.0030,92.79,no
2026-10-05T03:43:30.458226Z,KXBTC15M-26OCT042345-45,0.0040,192.69,yes
2026-10-05T03:43:30.524002Z,KXBTC15M-26OCT042345-45,0.0040,753.63,yes
2026-10-05T03:43:30.536431Z,KXBTC15M-26OCT042345-45,0.0040,229.04,yes
2026-10-05T03:43:30.5971Z,KXBTC15M-26OCT042345-45,0.0030,100.00,no
2026-10-05T03:43:30.5971Z,KXBTC15M-26OCT042345-45,0.0030,29.57,no
2026-10-05T03:43:30.5971Z,KXBTC15M-26OCT042345-45,0.0030,107.21,no
2026-10-05T03:43:30.5971Z,KXBTC15M-26OCT042345-45,0.0030,0.01,no
2026-10-05T03:43:30.5971Z,KXBTC15M-26OCT042345-45,0.0030,25.00,no
2026-10-05T03:43:30.5971Z,KXBTC15M-26OCT042345-45,0.0030,0.01,no
2026-10-05T03:43:30.654926Z,KXBTC15M-26OCT042345-45,0.0040,229.04,yes
2026-10-05T03:43:30.690266Z,KXBTC15M-26OCT042345-45,0.0030,53.00,no
2026-10-05T03:43:30.772173Z,KXBTC15M-26OCT042345-45,0.0040,23.37,yes
2026-10-05T03:43:30.781574Z,KXBTC15M-26OCT042345-45,0.0030,30.00,no
2026-10-05T03:43:30.854548Z,KXBTC15M-26OCT042345-45,0.0040,15.00,yes
2026-10-05T03:43:30.854548Z,KXBTC15M-26OCT042345-45,0.0040,1806.78,yes
2026-10-05T03:43:30.854548Z,KXBTC15M-26OCT042345-45,0.0040,250.00,yes
2026-10-05T03:43:30.854548Z,KXBTC15M-26OCT042345-45,0.0040,218.54,yes
2026-10-05T03:43:30.859572Z,KXBTC15M-26OCT042345-45,0.0030,25.04,no
2026-10-05T03:43:30.879294Z,KXBTC15M-26OCT042345-45,0.0030,40.11,no
2026-10-05T03:43:30.979099Z,KXBTC15M-26OCT042345-45,0.0030,200.00,no
2026-10-05T03:43:31.047572Z,KXBTC15M-26OCT042345-45,0.0030,4.00,no
2026-10-05T03:43:31.094826Z,KXBTC15M-26OCT042345-45,0.0040,23.37,yes
2026-10-05T03:43:31.112951Z,KXBTC15M-26OCT042345-45,0.0030,15.00,no
2026-10-05T03:43:31.112951Z,KXBTC15M-26OCT042345-45,0.0030,0.01,no
2026-10-05T03:43:31.112951Z,KXBTC15M-26OCT042345-45,0.0030,500.00,no
2026-10-05T03:43:31.112951Z,KXBTC15M-26OCT042345-45,0.0030,100.00,no
2026-10-05T03:43:31.112951Z,KXBTC15M-26OCT042345-45,0.0030,25.00,no
2026-10-05T03:43:31.112951Z,KXBTC15M-26OCT042345-45,0.0030,239.70,no
2026-10-05T03:43:31.112951Z,KXBTC15M-26OCT042345-45,0.0030,500.00,no
2026-10-05T03:43:31.112951Z,KXBTC15M-26OCT042345-45,0.0030,17.00,no
2026-10-05T03:43:31.112951Z,KXBTC15M-26OCT042345-45,0.0030,18.28,no
2026-10-05T03:43:31.112951Z,KXBTC15M-26OCT042345-45,0.0030,0.01,no
2026-10-05T03:43:31.119149Z,KXBTC15M-26OCT042345-45,0.0040,229.04,yes
2026-10-05T03:43:31.127933Z,KXBTC15M-26OCT042345-45,0.0030,579.00,no
2026-10-05T03:43:31.139475Z,KXBTC15M-26OCT042345-45,0.0030,23.06,no
2026-10-05T03:43:31.185759Z,KXBTC15M-26OCT042345-45,0.0040,0.01,yes
2026-10-05T03:43:31.185759Z,KXBTC15M-26OCT042345-45,0.0040,8.13,yes
2026-10-05T03:43:31.185759Z,KXBTC15M-26OCT042345-45,0.0040,105.49,yes
2026-10-05T03:43:31.185759Z,KXBTC15M-26OCT042345-45,0.0040,0.01,yes
2026-10-05T03:43:31.249394Z,KXBTC15M-26OCT042345-45,0.0030,40.00,no
2026-10-05T03:43:31.465839Z,KXBTC15M-26OCT042345-45,0.0030,230.50,no
2026-10-05T03:43:31.465839Z,KXBTC15M-26OCT042345-45,0.0030,200.00,no
2026-10-05T03:43:31.465839Z,KXBTC15M-26OCT042345-45,0.0030,0.01,no
2026-10-05T03:43:31.465839Z,KXBTC15M-26OCT042345-45,0.0030,0.01,no
2026-10-05T03:43:31.465839Z,KXBTC15M-26OCT042345-45,0.0030,152.48,no
2026-10-05T03:43:31.465839Z,KXBTC15M-26OCT042345-45,0.0030,100.00,no
2026-10-05T03:43:31.465839Z,KXBTC15M-26OCT042345-45,0.0030,25.00,no
2026-10-05T03:43:31.61654Z,KXBTC15M-26OCT042345-45,0.0040,0.01,yes
2026-10-05T03:43:31.61654Z,KXBTC15M-26OCT042345-45,0.0040,7.47,yes
2026-10-05T03:43:31.61654Z,KXBTC15M-26OCT042345-45,0.0040,0.01,yes
2026-10-05T03:43:31.61654Z,KXBTC15M-26OCT042345-45,0.0040,200.00,yes
2026-10-05T03:43:31.61654Z,KXBTC15M-26OCT042345-45,0.0040,158.26,yes
2026-10-05T03:43:31.61654Z,KXBTC15M-26OCT042345-45,0.0040,15.00,yes
2026-10-05T03:43:31.61654Z,KXBTC15M-26OCT042345-45,0.0040,83.61,yes
2026-10-05T03:43:31.701852Z,KXBTC15M-26OCT042345-45,0.0030,50.00,no
2026-10-05T03:43:31.712061Z,KXBTC15M-26OCT042345-45,0.0040,458.07,yes
2026-10-05T03:43:31.758741Z,KXBTC15M-26OCT042345-45,0.0030,101.98,no
2026-10-05T03:43:31.779238Z,KXBTC15M-26OCT042345-45,0.0020,118.44,no
2026-10-05T03:43:31.779238Z,KXBTC15M-26OCT042345-45,0.0030,100.00,no
2026-10-05T03:43:31.779238Z,KXBTC15M-26OCT042345-45,0.0030,15.00,no
2026-10-05T03:43:31.779238Z,KXBTC15M-26OCT042345-45,0.0030,25.00,no
2026-10-05T03:43:31.779238Z,KXBTC15M-26OCT042345-45,0.0030,0.01,no
2026-10-05T03:43:31.779238Z,KXBTC15M-26OCT042345-45,0.0030,0.01,no
2026-10-05T03:43:31.779238Z,KXBTC15M-26OCT042345-45,0.0030,95.54,no
2026-10-05T03:43:31.786876Z,KXBTC15M-26OCT042345-45,0.0030,13.00,no
2026-10-05T03:43:31.786952Z,KXBTC15M-26OCT042345-45,0.0030,87.00,no
2026-10-05T03:43:31.805375Z,KXBTC15M-26OCT042345-45,0.0020,24.00,no
2026-10-05T03:43:31.839556Z,KXBTC15M-26OCT042345-45,0.0030,31.44,yes
2026-10-05T03:43:31.839556Z,KXBTC15M-26OCT042345-45,0.0030,24.00,yes
2026-10-05T03:43:31.839556Z,KXBTC15M-26OCT042345-45,0.0030,0.01,yes
2026-10-05T03:43:31.839556Z,KXBTC15M-26OCT042345-45,0.0030,15.00,yes
2026-10-05T03:43:31.839556Z,KXBTC15M-26OCT042345-45,0.0030,0.01,yes
2026-10-05T03:43:31.839556Z,KXBTC15M-26OCT042345-45,0.0030,84.00,yes
2026-10-05T03:43:31.839556Z,KXBTC15M-26OCT042345-45,0.0040,132.50,yes
2026-10-05T03:43:31.839556Z,KXBTC15M-26OCT042345-45,0.0030,15.00,yes
2026-10-05T03:43:31.852349Z,KXBTC15M-26OCT042345-45,0.0020,491.36,no
2026-10-05T03:43:31.886467Z,KXBTC15M-26OCT042345-45,0.0030,233.72,yes
2026-10-05T03:43:31.95795Z,KXBTC15M-26OCT042345-45,0.0030,0.01,yes
2026-10-05T03:43:31.95795Z,KXBTC15M-26OCT042345-45,0.0030,0.01,yes
2026-10-05T03:43:31.95795Z,KXBTC15M-26OCT042345-45,0.0030,228.28,yes
2026-10-05T03:43:31.95795Z,KXBTC15M-26OCT042345-45,0.0030,5.42,yes
2026-10-05T03:43:32.056295Z,KXBTC15M-26OCT042345-45,0.0030,100.00,yes
2026-10-05T03:43:32.081035Z,KXBTC15M-26OCT042345-45,0.0020,177.00,no
2026-10-05T03:43:32.165306Z,KXBTC15M-26OCT042345-45,0.0030,40.18,yes
2026-10-05T03:43:32.187179Z,KXBTC15M-26OCT042345-45,0.0020,10.00,no
2026-10-05T03:43:32.242004Z,KXBTC15M-26OCT042345-45,0.0020,1.00,no
2026-10-05T03:43:32.271976Z,KXBTC15M-26OCT042345-45,0.0030,15.00,yes
2026-10-05T03:43:32.271976Z,KXBTC15M-26OCT042345-45,0.0030,807.78,yes
2026-10-05T03:43:32.271976Z,KXBTC15M-26OCT042345-45,0.0030,345.76,yes
2026-10-05T03:43:32.338605Z,KXBTC15M-26OCT042345-45,0.0020,1753.00,no
2026-10-05T03:43:32.344439Z,KXBTC15M-26OCT042345-45,0.0020,1.00,no
2026-10-05T03:43:32.383914Z,KXBTC15M-26OCT042345-45,0.0020,88.00,no
2026-10-05T03:43:32.397049Z,KXBTC15M-26OCT042345-45,0.0020,756.00,no
2026-10-05T03:43:32.46155Z,KXBTC15M-26OCT042345-45,0.0030,49.22,yes
2026-10-05T03:43:32.46155Z,KXBTC15M-26OCT042345-45,0.0030,239.70,yes
2026-10-05T03:43:32.46155Z,KXBTC15M-26OCT042345-45,0.0030,0.01,yes
2026-10-05T03:43:32.46155Z,KXBTC15M-26OCT042345-45,0.0030,4.02,yes
2026-10-05T03:43:32.46155Z,KXBTC15M-26OCT042345-45,0.0030,0.01,yes
2026-10-05T03:43:32.46155Z,KXBTC15M-26OCT042345-45,0.0030,200.00,yes
2026-10-05T03:43:32.46155Z,KXBTC15M-26OCT042345-45,0.0030,177.00,yes
2026-10-05T03:43:32.46155Z,KXBTC15M-26OCT042345-45,0.0030,3.38,yes
2026-10-05T03:43:32.537605Z,KXBTC15M-26OCT042345-45,0.0030,6.62,yes
2026-10-05T03:43:32.537605Z,KXBTC15M-26OCT042345-45,0.0030,282.73,yes
2026-10-05T03:43:32.537605Z,KXBTC15M-26OCT042345-45,0.0030,1.00,yes
2026-10-05T03:43:32.537605Z,KXBTC15M-26OCT042345-45,0.0030,15.00,yes
2026-10-05T03:43:32.738307Z,KXBTC15M-26OCT042345-45,0.0030,305.35,yes
2026-10-05T03:43:32.753034Z,KXBTC15M-26OCT042345-45,0.0030,88.82,yes
2026-10-05T03:43:32.755455Z,KXBTC15M-26OCT042345-45,0.0020,44.00,no
2026-10-05T03:43:32.897118Z,KXBTC15M-26OCT042345-45,0.0020,1001.86,no
2026-10-05T03:43:33.0167Z,KXBTC15M-26OCT042345-45,0.0030,1.00,yes
2026-10-05T03:43:33.025652Z,KXBTC15M-26OCT042345-45,0.0030,88.00,yes
2026-10-05T03:43:33.025652Z,KXBTC15M-26OCT042345-45,0.0030,1075.10,yes
2026-10-05T03:43:33.025652Z,KXBTC15M-26OCT042345-45,0.0030,362.70,yes
2026-10-05T03:43:33.025652Z,KXBTC15M-26OCT042345-45,0.0030,1.00,yes
2026-10-05T03:43:33.150033Z,KXBTC15M-26OCT042345-45,0.0030,0.01,yes
2026-10-05T03:43:33.150033Z,KXBTC15M-26OCT042345-45,0.0030,47.68,yes
2026-10-05T03:43:33.150033Z,KXBTC15M-26OCT042345-45,0.0030,393.30,yes
2026-10-05T03:43:33.150033Z,KXBTC15M-26OCT042345-45,0.0030,44.00,yes
2026-10-05T03:43:33.150033Z,KXBTC15M-26OCT042345-45,0.0030,0.01,yes
2026-10-05T03:43:33.150033Z,KXBTC15M-26OCT042345-45,0.0030,15.00,yes
2026-10-05T03:43:33.197464Z,KXBTC15M-26OCT042345-45,0.0030,69.29,yes
2026-10-05T03:43:33.305186Z,KXBTC15M-26OCT042345-45,0.0030,305.35,yes
2026-10-05T03:43:33.398368Z,KXBTC15M-26OCT042345-45,0.0030,15.00,yes
2026-10-05T03:43:33.398368Z,KXBTC15M-26OCT042345-45,0.0030,0.01,yes
2026-10-05T03:43:33.398368Z,KXBTC15M-26OCT042345-45,0.0030,0.01,yes
2026-10-05T03:43:33.398368Z,KXBTC15M-26OCT042345-45,0.0030,579.54,yes
2026-10-05T03:43:33.398368Z,KXBTC15M-26OCT042345-45,0.0040,16.16,yes
2026-10-05T03:43:33.436034Z,KXBTC15M-26OCT042345-45,0.0020,21.52,no
2026-10-05T03:43:33.48864Z,KXBTC15M-26OCT042345-45,0.0030,15.00,yes
2026-10-05T03:43:33.48864Z,KXBTC15M-26OCT042345-45,0.0030,0.01,yes
2026-10-05T03:43:33.48864Z,KXBTC15M-26OCT042345-45,0.0030,21.52,yes
2026-10-05T03:43:33.48864Z,KXBTC15M-26OCT042345-45,0.0030,0.01,yes
2026-10-05T03:43:33.48864Z,KXBTC15M-26OCT042345-45,0.0040,197.18,yes
2026-10-05T03:43:33.635892Z,KXBTC15M-26OCT042345-45,0.0030,0.01,yes
2026-10-05T03:43:33.635892Z,KXBTC15M-26OCT042345-45,0.0030,7.89,yes
2026-10-05T03:43:33.635892Z,KXBTC15M-26OCT042345-45,0.0030,70.00,yes
2026-10-05T03:43:33.635892Z,KXBTC15M-26OCT042345-45,0.0030,0.01,yes
2026-10-05T03:43:33.65138Z,KXBTC15M-26OCT042345-45,0.0020,1964.51,no
2026-10-05T03:43:33.800645Z,KXBTC15M-26OCT042345-45,0.0030,226.59,yes
2026-10-05T03:43:33.800645Z,KXBTC15M-26OCT042345-45,0.0030,0.01,yes
2026-10-05T03:43:33.800645Z,KXBTC15M-26OCT042345-45,0.0030,7.11,yes
2026-10-05T03:43:33.800645Z,KXBTC15M-26OCT042345-45,0.0030,0.01,yes
2026-10-05T03:43:33.97671Z,KXBTC15M-26OCT042345-45,0.0020,10.01,no
2026-10-05T03:43:34.091863Z,KXBTC15M-26OCT042345-45,0.0020,9.53,no
2026-10-05T03:43:34.744871Z,KXBTC15M-26OCT042345-45,0.0030,5.14,yes
2026-10-05T03:43:34.763126Z,KXBTC15M-26OCT042345-45,0.0020,5.00,no
2026-10-05T03:43:34.765088Z,KXBTC15M-26OCT042345-45,0.0030,949.36,yes
2026-10-05T03:43:34.765088Z,KXBTC15M-26OCT042345-45,0.0030,0.01,yes
2026-10-05T03:43:34.765088Z,KXBTC15M-26OCT042345-45,0.0030,0.01,yes
2026-10-05T03:43:34.765088Z,KXBTC15M-26OCT042345-45,0.0030,18.27,yes
2026-10-05T03:43:34.859854Z,KXBTC15M-26OCT042345-45,0.0030,3.06,yes
2026-10-05T03:43:34.871038Z,KXBTC15M-26OCT042345-45,0.0030,305.35,yes
2026-10-05T03:43:34.897639Z,KXBTC15M-26OCT042345-45,0.0030,71.20,yes
2026-10-05T03:43:34.91115Z,KXBTC15M-26OCT042345-45,0.0030,289.34,yes
2026-10-05T03:43:34.91115Z,KXBTC15M-26OCT042345-45,0.0030,635.54,yes
2026-10-05T03:43:34.91115Z,KXBTC15M-26OCT042345-45,0.0030,10.01,yes
2026-10-05T03:43:34.970329Z,KXBTC15M-26OCT042345-45,0.0030,194.01,yes
2026-10-05T03:43:34.996371Z,KXBTC15M-26OCT042345-45,0.0020,3.00,no
2026-10-05T03:43:35.023702Z,KXBTC15M-26OCT042345-45,0.0020,2506.66,no
2026-10-05T03:43:35.144Z,KXBTC15M-26OCT042345-45,0.0030,4.27,yes
2026-10-05T03:43:35.144Z,KXBTC15M-26OCT042345-45,0.0030,9.53,yes
2026-10-05T03:43:35.157777Z,KXBTC15M-26OCT042345-45,0.0020,19035.41,no
2026-10-05T03:43:35.206662Z,KXBTC15M-26OCT042345-45,0.0030,3.00,yes
2026-10-05T03:43:35.206662Z,KXBTC15M-26OCT042345-45,0.0030,606.97,yes
2026-10-05T03:43:35.206662Z,KXBTC15M-26OCT042345-45,0.0030,0.01,yes
2026-10-05T03:43:35.206662Z,KXBTC15M-26OCT042345-45,0.0030,0.73,yes
2026-10-05T03:43:35.206662Z,KXBTC15M-26OCT042345-45,0.0030,0.01,yes
2026-10-05T03:43:35.216452Z,KXBTC15M-26OCT042345-45,0.0030,1221.43,yes
2026-10-05T03:43:35.279309Z,KXBTC15M-26OCT042345-45,0.0030,35.19,yes
2026-10-05T03:43:35.440254Z,KXBTC15M-26OCT042345-45,0.0020,1387.00,no
2026-10-05T03:43:35.472829Z,KXBTC15M-26OCT042345-45,0.0030,3.06,yes
2026-10-05T03:43:35.507854Z,KXBTC15M-26OCT042345-45,0.0020,901.67,no
2026-10-05T03:43:35.536114Z,KXBTC15M-26OCT042345-45,0.0030,234.76,yes
2026-10-05T03:43:35.55624Z,KXBTC15M-26OCT042345-45,0.0030,305.35,yes
2026-10-05T03:43:35.607016Z,KXBTC15M-26OCT042345-45,0.0030,11.10,yes
2026-10-05T03:43:35.607016Z,KXBTC15M-26OCT042345-45,0.0030,99.90,yes
2026-10-05T03:43:35.701996Z,KXBTC15M-26OCT042345-45,0.0030,305.35,yes
2026-10-05T03:43:35.78667Z,KXBTC15M-26OCT042345-45,0.0030,131.31,yes
2026-10-05T03:43:35.839701Z,KXBTC15M-26OCT042345-45,0.0030,73.32,yes
2026-10-05T03:43:35.848931Z,KXBTC15M-26OCT042345-45,0.0030,18.97,yes
2026-10-05T03:43:35.871424Z,KXBTC15M-26OCT042345-45,0.0020,30.05,no
2026-10-05T03:43:35.876305Z,KXBTC15M-26OCT042345-45,0.0020,5009.31,no
2026-10-05T03:43:35.9126Z,KXBTC15M-26OCT042345-45,0.0030,77.89,yes
2026-10-05T03:43:36.048183Z,KXBTC15M-26OCT042345-45,0.0030,299.12,yes
2026-10-05T03:43:36.073003Z,KXBTC15M-26OCT042345-45,0.0030,244.30,yes
2026-10-05T03:43:36.122276Z,KXBTC15M-26OCT042345-45,0.0030,305.35,yes
2026-10-05T03:43:36.15353Z,KXBTC15M-26OCT042345-45,0.0020,891.00,no
2026-10-05T03:43:36.303217Z,KXBTC15M-26OCT042345-45,0.0020,1000.00,no
2026-10-05T03:43:36.303217Z,KXBTC15M-26OCT042345-45,0.0020,1300.00,no
2026-10-05T03:43:36.303217Z,KXBTC15M-26OCT042345-45,0.0020,1000.00,no
2026-10-05T03:43:36.303217Z,KXBTC15M-26OCT042345-45,0.0020,1000.00,no
2026-10-05T03:43:36.303217Z,KXBTC15M-26OCT042345-45,0.0020,12652.67,no
2026-10-05T03:43:36.303217Z,KXBTC15M-26OCT042345-45,0.0020,100.00,no
2026-10-05T03:43:36.303217Z,KXBTC15M-26OCT042345-45,0.0020,20000.00,no
2026-10-05T03:43:36.303217Z,KXBTC15M-26OCT042345-45,0.0020,20000.00,no
2026-10-05T03:43:36.303217Z,KXBTC15M-26OCT042345-45,0.0020,200.00,no
2026-10-05T03:43:36.303217Z,KXBTC15M-26OCT042345-45,0.0020,120.00,no
2026-10-05T03:43:36.303217Z,KXBTC15M-26OCT042345-45,0.0020,200.00,no
2026-10-05T03:43:36.303217Z,KXBTC15M-26OCT042345-45,0.0020,500.00,no
2026-10-05T03:43:36.303217Z,KXBTC15M-26OCT042345-45,0.0020,26.00,no
2026-10-05T03:43:36.303217Z,KXBTC15M-26OCT042345-45,0.0020,3.00,no
2026-10-05T03:43:36.303217Z,KXBTC15M-26OCT042345-45,0.0020,3.00,no
2026-10-05T03:43:36.303217Z,KXBTC15M-26OCT042345-45,0.0020,3.00,no
2026-10-05T03:43:36.303217Z,KXBTC15M-26OCT042345-45,0.0020,3.00,no
2026-10-05T03:43:36.303217Z,KXBTC15M-26OCT042345-45,0.0020,3.00,no
2026-10-05T03:43:36.303217Z,KXBTC15M-26OCT042345-45,0.0020,2.00,no
2026-10-05T03:43:36.303217Z,KXBTC15M-26OCT042345-45,0.0020,2.00,no
2026-10-05T03:43:36.303217Z,KXBTC15M-26OCT042345-45,0.0020,15.00,no
2026-10-05T03:43:36.303217Z,KXBTC15M-26OCT042345-45,0.0020,0.01,no
2026-10-05T03:43:36.303217Z,KXBTC15M-26OCT042345-45,0.0020,28.00,no
2026-10-05T03:43:36.303217Z,KXBTC15M-26OCT042345-45,0.0020,500.00,no
2026-10-05T03:43:36.303217Z,KXBTC15M-26OCT042345-45,0.0020,0.01,no
2026-10-05T03:43:36.303217Z,KXBTC15M-26OCT042345-45,0.0020,15.00,no
2026-10-05T03:43:36.303217Z,KXBTC15M-26OCT042345-45,0.0020,15.00,no
2026-10-05T03:43:36.303217Z,KXBTC15M-26OCT042345-45,0.0020,500.00,no
2026-10-05T03:43:36.303217Z,KXBTC15M-26OCT042345-45,0.0020,400.00,no
2026-10-05T03:43:36.303217Z,KXBTC15M-26OCT042345-45,0.0020,100.00,no
2026-10-05T03:43:36.303217Z,KXBTC15M-26OCT042345-45,0.0020,17.00,no
2026-10-05T03:43:36.303217Z,KXBTC15M-26OCT042345-45,0.0020,1875.00,no
2026-10-05T03:43:36.303217Z,KXBTC15M-26OCT042345-45,0.0020,63.00,no
2026-10-05T03:43:36.303217Z,KXBTC15M-26OCT042345-45,0.0020,15.00,no
2026-10-05T03:43:36.303217Z,KXBTC15M-26OCT042345-45,0.0020,15.00,no
2026-10-05T03:43:36.303217Z,KXBTC15M-26OCT042345-45,0.0020,15.00,no
2026-10-05T03:43:36.303217Z,KXBTC15M-26OCT042345-45,0.0020,15.00,no
2026-10-05T03:43:36.303217Z,KXBTC15M-26OCT042345-45,0.0020,15.00,no
2026-10-05T03:43:36.303217Z,KXBTC15M-26OCT042345-45,0.0020,2500.00,no
2026-10-05T03:43:36.303217Z,KXBTC15M-26OCT042345-45,0.0020,531.63,no
2026-10-05T03:43:36.303217Z,KXBTC15M-26OCT042345-45,0.0020,14.62,no
2026-10-05T03:43:36.303217Z,KXBTC15M-26OCT042345-45,0.0020,5.00,no
2026-10-05T03:43:36.314199Z,KXBTC15M-26OCT042345-45,0.0020,311.59,yes
2026-10-05T03:43:36.33173Z,KXBTC15M-26OCT042345-45,0.0020,200.00,yes
2026-10-05T03:43:36.333302Z,KXBTC15M-26OCT042345-45,0.0020,623.19,yes
2026-10-05T03:43:36.344432Z,KXBTC15M-26OCT042345-45,0.0020,15.59,yes
2026-10-05T03:43:36.35035Z,KXBTC15M-26OCT042345-45,0.0020,59.22,yes
2026-10-05T03:43:36.419283Z,KXBTC15M-26OCT042345-45,0.0020,623.19,yes
2026-10-05T03:43:36.43159Z,KXBTC15M-26OCT042345-45,0.0020,101.16,yes
2026-10-05T03:43:36.57231Z,KXBTC15M-26OCT042345-45,0.0010,40.25,no
2026-10-05T03:43:36.635112Z,KXBTC15M-26OCT042345-45,0.0020,2000.00,yes
2026-10-05T03:43:36.791491Z,KXBTC15M-26OCT042345-45,0.0010,241.51,no
2026-10-05T03:43:36.813356Z,KXBTC15M-26OCT042345-45,0.0020,2492.71,yes
2026-10-05T03:43:36.909592Z,KXBTC15M-26OCT042345-45,0.0010,10.39,no
2026-10-05T03:43:36.938392Z,KXBTC15M-26OCT042345-45,0.0020,1719.00,yes
2026-10-05T03:43:37.007239Z,KXBTC15M-26OCT042345-45,0.0020,4580.06,yes
2026-10-05T03:43:37.047161Z,KXBTC15M-26OCT042345-45,0.0010,91.00,no
2026-10-05T03:43:37.082343Z,KXBTC15M-26OCT042345-45,0.0020,458.01,yes
2026-10-05T03:43:37.144049Z,KXBTC15M-26OCT042345-45,0.0020,6.00,yes
2026-10-05T03:43:37.152688Z,KXBTC15M-26OCT042345-45,0.0020,458.01,yes
2026-10-05T03:43:37.27556Z,KXBTC15M-26OCT042345-45,0.0020,2290.05,yes
2026-10-05T03:43:37.281104Z,KXBTC15M-26OCT042345-45,0.0020,458.01,yes
2026-10-05T03:43:37.343422Z,KXBTC15M-26OCT042345-45,0.0020,2243.31,yes
2026-10-05T03:43:37.356192Z,KXBTC15M-26OCT042345-45,0.0020,458.01,yes
2026-10-05T03:43:37.413657Z,KXBTC15M-26OCT042345-45,0.0020,10.88,yes
2026-10-05T03:43:37.413657Z,KXBTC15M-26OCT042345-45,0.0020,0.01,yes
2026-10-05T03:43:37.413657Z,KXBTC15M-26OCT042345-45,0.0020,0.01,yes
2026-10-05T03:43:37.491123Z,KXBTC15M-26OCT042345-45,0.0010,2223.00,no
2026-10-05T03:43:37.49666Z,KXBTC15M-26OCT042345-45,0.0020,21.20,yes
2026-10-05T03:43:37.50758Z,KXBTC15M-26OCT042345-45,0.0020,458.01,yes
2026-10-05T03:43:37.551045Z,KXBTC15M-26OCT042345-45,0.0020,411.58,yes
2026-10-05T03:43:37.551045Z,KXBTC15M-26OCT042345-45,0.0020,962.45,yes
2026-10-05T03:43:37.671381Z,KXBTC15M-26OCT042345-45,0.0020,213.79,yes
2026-10-05T03:43:37.699826Z,KXBTC15M-26OCT042345-45,0.0020,173.45,yes
2026-10-05T03:43:37.734827Z,KXBTC15M-26OCT042345-45,0.0020,2334.99,yes
2026-10-05T03:43:37.814703Z,KXBTC15M-26OCT042345-45,0.0020,667.87,yes
2026-10-05T03:43:37.850985Z,KXBTC15M-26OCT042345-45,0.0020,10.00,yes
2026-10-05T03:43:37.866044Z,KXBTC15M-26OCT042345-45,0.0020,458.01,yes
2026-10-05T03:43:37.917574Z,KXBTC15M-26OCT042345-45,0.0020,188.75,yes
2026-10-05T03:43:37.917574Z,KXBTC15M-26OCT042345-45,0.0020,28.35,yes
2026-10-05T03:43:37.917574Z,KXBTC15M-26OCT042345-45,0.0020,891.00,yes
2026-10-05T03:43:37.923076Z,KXBTC15M-26OCT042345-45,0.0020,30.05,yes
2026-10-05T03:43:37.923076Z,KXBTC15M-26OCT042345-45,0.0020,3285.73,yes
2026-10-05T03:43:37.923076Z,KXBTC15M-26OCT042345-45,0.0020,1358.65,yes
2026-10-05T03:43:38.01297Z,KXBTC15M-26OCT042345-45,0.0020,116.88,yes
2026-10-05T03:43:38.102374Z,KXBTC15M-26OCT042345-45,0.0010,2606.15,no
2026-10-05T03:43:38.165795Z,KXBTC15M-26OCT042345-45,0.0010,12.81,no
2026-10-05T03:43:38.199212Z,KXBTC15M-26OCT042345-45,0.0020,89.75,yes
2026-10-05T03:43:38.217007Z,KXBTC15M-26OCT042345-45,0.0020,458.01,yes
2026-10-05T03:43:38.219665Z,KXBTC15M-26OCT042345-45,0.0020,1.00,yes
2026-10-05T03:43:38.301509Z,KXBTC15M-26OCT042345-45,0.0020,916.02,yes
2026-10-05T03:43:38.664078Z,KXBTC15M-26OCT042345-45,0.0020,439.71,yes
2026-10-05T03:43:38.725912Z,KXBTC15M-26OCT042345-45,0.0010,0.02,no
2026-10-05T03:43:38.737084Z,KXBTC15M-26OCT042345-45,0.0010,13.87,no
2026-10-05T03:43:38.932904Z,KXBTC15M-26OCT042345-45,0.0020,11.05,yes
2026-10-05T03:43:38.980073Z,KXBTC15M-26OCT042345-45,0.0020,100.30,yes
2026-10-05T03:43:39.024768Z,KXBTC15M-26OCT042345-45,0.0010,93.51,no
2026-10-05T03:43:39.060818Z,KXBTC15M-26OCT042345-45,0.0020,116.41,yes
2026-10-05T03:43:39.084804Z,KXBTC15M-26OCT042345-45,0.0010,41.28,no
2026-10-05T03:43:39.161841Z,KXBTC15M-26OCT042345-45,0.0010,8.26,no
2026-10-05T03:43:39.197298Z,KXBTC15M-26OCT042345-45,0.0020,458.01,yes
2026-10-05T03:43:39.213389Z,KXBTC15M-26OCT042345-45,0.0020,3664.06,yes
2026-10-05T03:43:39.228019Z,KXBTC15M-26OCT042345-45,0.0010,20.01,no
2026-10-05T03:43:39.260392Z,KXBTC15M-26OCT042345-45,0.0010,0.79,no
2026-10-05T03:43:39.275797Z,KXBTC15M-26OCT042345-45,0.0020,100.00,yes
2026-10-05T03:43:39.325946Z,KXBTC15M-26OCT042345-45,0.0010,14.75,no
2026-10-05T03:43:39.35964Z,KXBTC15M-26OCT042345-45,0.0020,458.01,yes
2026-10-05T03:43:39.430579Z,KXBTC15M-26OCT042345-45,0.0020,229.01,yes
2026-10-05T03:43:39.530963Z,KXBTC15M-26OCT042345-45,0.0020,600.00,yes
2026-10-05T03:43:39.575617Z,KXBTC15M-26OCT042345-45,0.0010,214.56,no
2026-10-05T03:43:39.595703Z,KXBTC15M-26OCT042345-45,0.0020,157.00,yes
2026-10-05T03:43:39.620638Z,KXBTC15M-26OCT042345-45,0.0020,458.01,yes
2026-10-05T03:43:39.64393Z,KXBTC15M-26OCT042345-45,0.0020,9.00,yes
2026-10-05T03:43:39.774323Z,KXBTC15M-26OCT042345-45,0.0020,2290.05,yes
2026-10-05T03:43:39.788853Z,KXBTC15M-26OCT042345-45,0.0020,603.06,yes
2026-10-05T03:43:39.799392Z,KXBTC15M-26OCT042345-45,0.0020,8.31,yes
2026-10-05T03:43:39.814847Z,KXBTC15M-26OCT042345-45,0.0020,458.01,yes
2026-10-05T03:43:39.821746Z,KXBTC15M-26OCT042345-45,0.0020,229.01,yes
2026-10-05T03:43:39.893736Z,KXBTC15M-26OCT042345-45,0.0020,170.36,yes
2026-10-05T03:43:39.895841Z,KXBTC15M-26OCT042345-45,0.0020,45.00,yes
2026-10-05T03:43:39.940149Z,KXBTC15M-26OCT042345-45,0.0010,2.92,no
2026-10-05T03:43:40.008058Z,KXBTC15M-26OCT042345-45,0.0020,32.08,yes
2026-10-05T03:43:40.050642Z,KXBTC15M-26OCT042345-45,0.0020,458.01,yes
2026-10-05T03:43:40.198341Z,KXBTC15M-26OCT042345-45,0.0020,683.20,yes
2026-10-05T03:43:40.198341Z,KXBTC15M-26OCT042345-45,0.0020,1606.85,yes
2026-10-05T03:43:40.251809Z,KXBTC15M-26OCT042345-45,0.0020,561.41,yes
2026-10-05T03:43:40.258191Z,KXBTC15M-26OCT042345-45,0.0020,458.01,yes
2026-10-05T03:43:40.272752Z,KXBTC15M-26OCT042345-45,0.0020,10.04,yes
2026-10-05T03:43:40.309867Z,KXBTC15M-26OCT042345-45,0.0010,45.04,no
2026-10-05T03:43:40.340269Z,KXBTC15M-26OCT042345-45,0.0010,20.01,no
2026-10-05T03:43:40.369128Z,KXBTC15M-26OCT042345-45,0.0010,312.29,no
2026-10-05T03:43:40.401542Z,KXBTC15M-26OCT042345-45,0.0010,444.40,no
2026-10-05T03:43:40.506899Z,KXBTC15M-26OCT042345-45,0.0010,31.00,no
2026-10-05T03:43:40.58261Z,KXBTC15M-26OCT042345-45,0.0010,58.24,no
2026-10-05T03:43:40.701079Z,KXBTC15M-26OCT042345-45,0.0020,2290.05,yes
2026-10-05T03:43:40.702324Z,KXBTC15M-26OCT042345-45,0.0010,393.99,no
2026-10-05T03:43:40.810922Z,KXBTC15M-26OCT042345-45,0.0010,3190.28,no
2026-10-05T03:43:40.980432Z,KXBTC15M-26OCT042345-45,0.0010,1.00,no
2026-10-05T03:43:41.04912Z,KXBTC15M-26OCT042345-45,0.0010,65.00,no
2026-10-05T03:43:41.111135Z,KXBTC15M-26OCT042345-45,0.0010,747.78,no
2026-10-05T03:43:41.146194Z,KXBTC15M-26OCT042345-45,0.0020,584.99,yes
2026-10-05T03:43:41.200394Z,KXBTC15M-26OCT042345-45,0.0010,21.01,no
2026-10-05T03:43:41.263173Z,KXBTC15M-26OCT042345-45,0.0020,3.41,yes
2026-10-05T03:43:41.266266Z,KXBTC15M-26OCT042345-45,0.0010,676.39,no
2026-10-05T03:43:41.307119Z,KXBTC15M-26OCT042345-45,0.0020,88.27,yes
2026-10-05T03:43:41.348284Z,KXBTC15M-26OCT042345-45,0.0010,88.55,no
2026-10-05T03:43:41.360869Z,KXBTC15M-26OCT042345-45,0.0020,1.04,yes
2026-10-05T03:43:41.36321Z,KXBTC15M-26OCT042345-45,0.0020,25.04,yes
2026-10-05T03:43:41.396056Z,KXBTC15M-26OCT042345-45,0.0020,10.26,yes
2026-10-05T03:43:41.461562Z,KXBTC15M-26OCT042345-45,0.0020,458.01,yes
2026-10-05T03:43:41.480841Z,KXBTC15M-26OCT042345-45,0.0010,25.00,no
2026-10-05T03:43:41.504812Z,KXBTC15M-26OCT042345-45,0.0020,14.05,yes
2026-10-05T03:43:41.523727Z,KXBTC15M-26OCT042345-45,0.0010,2001.86,no
2026-10-05T03:43:41.617698Z,KXBTC15M-26OCT042345-45,0.0020,2290.05,yes
2026-10-05T03:43:41.7107Z,KXBTC15M-26OCT042345-45,0.0010,50.04,no
2026-10-05T03:43:41.794371Z,KXBTC15M-26OCT042345-45,0.0020,4.59,yes
2026-10-05T03:43:42.183434Z,KXBTC15M-26OCT042345-45,0.0020,458.01,yes
2026-10-05T03:43:42.196952Z,KXBTC15M-26OCT042345-45,0.0020,4580.06,yes
2026-10-05T03:43:42.241362Z,KXBTC15M-26OCT042345-45,0.0020,55.00,yes
2026-10-05T03:43:42.241362Z,KXBTC15M-26OCT042345-45,0.0020,132.18,yes
2026-10-05T03:43:42.241362Z,KXBTC15M-26OCT042345-45,0.0020,1875.00,yes
2026-10-05T03:43:42.241362Z,KXBTC15M-26OCT042345-45,0.0020,15.00,yes
2026-10-05T03:43:42.241362Z,KXBTC15M-26OCT042345-45,0.0020,15.00,yes
2026-10-05T03:43:42.241362Z,KXBTC15M-26OCT042345-45,0.0020,500.00,yes
2026-10-05T03:43:42.241362Z,KXBTC15M-26OCT042345-45,0.0020,30.00,yes
2026-10-05T03:43:42.241362Z,KXBTC15M-26OCT042345-45,0.0020,1957.88,yes
2026-10-05T03:43:42.243328Z,KXBTC15M-26OCT042345-45,0.0010,1.04,no
2026-10-05T03:43:42.308767Z,KXBTC15M-26OCT042345-45,0.0010,400.00,no
2026-10-05T03:43:42.40465Z,KXBTC15M-26OCT042345-45,0.0020,825.00,yes
2026-10-05T03:43:42.507163Z,KXBTC15M-26OCT042345-45,0.0020,162.06,yes
2026-10-05T03:43:42.527206Z,KXBTC15M-26OCT042345-45,0.0020,27.18,yes
2026-10-05T03:43:42.572188Z,KXBTC15M-26OCT042345-45,0.0020,458.01,yes
2026-10-05T03:43:42.60113Z,KXBTC15M-26OCT042345-45,0.0020,600.00,yes
2026-10-05T03:43:42.613478Z,KXBTC15M-26OCT042345-45,0.0020,220.78,yes
2026-10-05T03:43:42.636242Z,KXBTC15M-26OCT042345-45,0.0010,300.27,no
2026-10-05T03:43:42.67062Z,KXBTC15M-26OCT042345-45,0.0020,79.78,yes
2026-10-05T03:43:42.711746Z,KXBTC15M-26OCT042345-45,0.0020,280.44,yes
2026-10-05T03:43:42.909668Z,KXBTC15M-26OCT042345-45,0.0020,210.69,yes
2026-10-05T03:43:42.97996Z,KXBTC15M-26OCT042345-45,0.0010,13.74,no
2026-10-05T03:43:43.014236Z,KXBTC15M-26OCT042345-45,0.0020,458.01,yes
2026-10-05T03:43:43.065035Z,KXBTC15M-26OCT042345-45,0.0010,29.22,no
2026-10-05T03:43:43.223406Z,KXBTC15M-26OCT042345-45,0.0020,458.01,yes
2026-10-05T03:43:43.269133Z,KXBTC15M-26OCT042345-45,0.0020,1000.00,yes
2026-10-05T03:43:43.411486Z,KXBTC15M-26OCT042345-45,0.0010,900.83,no
2026-10-05T03:43:43.436653Z,KXBTC15M-26OCT042345-45,0.0010,129.00,no
2026-10-05T03:43:43.544148Z,KXBTC15M-26OCT042345-45,0.0020,1658.00,yes
2026-10-05T03:43:43.575344Z,KXBTC15M-26OCT042345-45,0.0020,458.01,yes
2026-10-05T03:43:43.745592Z,KXBTC15M-26OCT042345-45,0.0020,25.14,yes
2026-10-05T03:43:43.793617Z,KXBTC15M-26OCT042345-45,0.0020,233.82,yes
2026-10-05T03:43:43.93478Z,KXBTC15M-26OCT042345-45,0.0020,458.01,yes
2026-10-05T03:43:44.009753Z,KXBTC15M-26OCT042345-45,0.0020,2337.07,yes
2026-10-05T03:43:44.012192Z,KXBTC15M-26OCT042345-45,0.0020,45.80,yes
2026-10-05T03:43:44.016649Z,KXBTC15M-26OCT042345-45,0.0020,833.20,yes
2026-10-05T03:43:44.090547Z,KXBTC15M-26OCT042345-45,0.0020,4.59,yes
2026-10-05T03:43:44.157717Z,KXBTC15M-26OCT042345-45,0.0020,2290.05,yes
2026-10-05T03:43:44.230816Z,KXBTC15M-26OCT042345-45,0.0010,83.97,no
2026-10-05T03:43:44.322228Z,KXBTC15M-26OCT042345-45,0.0020,82.00,yes
2026-10-05T03:43:44.339359Z,KXBTC15M-26OCT042345-45,0.0010,42.78,no
2026-10-05T03:43:44.35336Z,KXBTC15M-26OCT042345-45,0.0020,458.01,yes
2026-10-05T03:43:44.356958Z,KXBTC15M-26OCT042345-45,0.0020,458.01,yes
2026-10-05T03:43:44.376846Z,KXBTC15M-26OCT042345-45,0.0020,45.80,yes
2026-10-05T03:43:44.497725Z,KXBTC15M-26OCT042345-45,0.0010,88.08,no
2026-10-05T03:43:44.545802Z,KXBTC15M-26OCT042345-45,0.0010,1.00,no
2026-10-05T03:43:44.545802Z,KXBTC15M-26OCT042345-45,0.0010,120.00,no
2026-10-05T03:43:44.545802Z,KXBTC15M-26OCT042345-45,0.0010,1.00,no
2026-10-05T03:43:44.545802Z,KXBTC15M-26OCT042345-45,0.0010,200.00,no
2026-10-05T03:43:44.545802Z,KXBTC15M-26OCT042345-45,0.0010,100.00,no
2026-10-05T03:43:44.545802Z,KXBTC15M-26OCT042345-45,0.0010,200.00,no
2026-10-05T03:43:44.545802Z,KXBTC15M-26OCT042345-45,0.0010,2000.00,no
2026-10-05T03:43:44.545802Z,KXBTC15M-26OCT042345-45,0.0010,146680.26,no
2026-10-05T03:43:44.545802Z,KXBTC15M-26OCT042345-45,0.0010,7503.00,no
2026-10-05T03:43:44.545802Z,KXBTC15M-26OCT042345-45,0.0010,1.00,no
2026-10-05T03:43:44.545802Z,KXBTC15M-26OCT042345-45,0.0010,200.00,no
2026-10-05T03:43:44.545802Z,KXBTC15M-26OCT042345-45,0.0010,1000.00,no
2026-10-05T03:43:44.545802Z,KXBTC15M-26OCT042345-45,0.0010,1177.50,no
2026-10-05T03:43:44.545802Z,KXBTC15M-26OCT042345-45,0.0010,150.00,no
2026-10-05T03:43:44.545802Z,KXBTC15M-26OCT042345-45,0.0010,75.00,no
2026-10-05T03:43:44.545802Z,KXBTC15M-26OCT042345-45,0.0010,35.00,no
2026-10-05T03:43:44.545802Z,KXBTC15M-26OCT042345-45,0.0010,35.00,no
2026-10-05T03:43:44.545802Z,KXBTC15M-26OCT042345-45,0.0010,150.00,no
2026-10-05T03:43:44.545802Z,KXBTC15M-26OCT042345-45,0.0010,70.00,no
2026-10-05T03:43:44.545802Z,KXBTC15M-26OCT042345-45,0.0010,35.00,no
2026-10-05T03:43:44.545802Z,KXBTC15M-26OCT042345-45,0.0010,75.00,no
2026-10-05T03:43:44.545802Z,KXBTC15M-26OCT042345-45,0.0010,75.00,no
2026-10-05T03:43:44.545802Z,KXBTC15M-26OCT042345-45,0.0010,35.00,no
2026-10-05T03:43:44.545802Z,KXBTC15M-26OCT042345-45,0.0010,75.00,no
2026-10-05T03:43:44.545802Z,KXBTC15M-26OCT042345-45,0.0010,150.00,no
2026-10-05T03:43:44.545802Z,KXBTC15M-26OCT042345-45,0.0010,35.00,no
2026-10-05T03:43:44.545802Z,KXBTC15M-26OCT042345-45,0.0010,35.00,no
2026-10-05T03:43:44.545802Z,KXBTC15M-26OCT042345-45,0.0010,35.00,no
2026-10-05T03:43:44.545802Z,KXBTC15M-26OCT042345-45,0.0010,75.00,no
2026-10-05T03:43:44.545802Z,KXBTC15M-26OCT042345-45,0.0010,70.00,no
2026-10-05T03:43:44.545802Z,KXBTC15M-26OCT042345-45,0.0010,75.00,no
2026-10-05T03:43:44.545802Z,KXBTC15M-26OCT042345-45,0.0010,140.00,no
2026-10-05T03:43:44.545802Z,KXBTC15M-26OCT042345-45,0.0010,150.00,no
2026-10-05T03:43:44.545802Z,KXBTC15M-26OCT042345-45,0.0010,450.00,no
2026-10-05T03:43:44.545802Z,KXBTC15M-26OCT042345-45,0.0010,5382.24,no
2026-10-05T03:43:44.545802Z,KXBTC15M-26OCT042345-45,0.0010,75.00,no
2026-10-05T03:43:44.555938Z,KXBTC15M-26OCT042345-45,0.0010,89.21,no
2026-10-05T03:43:44.555995Z,KXBTC15M-26OCT042345-45,0.0010,20.01,no
2026-10-05T03:43:44.556144Z,KXBTC15M-26OCT042345-45,0.0010,58.24,no
2026-10-05T03:43:44.556222Z,KXBTC15M-26OCT042345-45,0.0010,21.01,no
2026-10-05T03:43:44.55644Z,KXBTC15M-26OCT042345-45,0.0010,42.78,no
2026-10-05T03:43:44.556595Z,KXBTC15M-26OCT042345-45,0.0010,88.55,no
2026-10-05T03:43:44.556798Z,KXBTC15M-26OCT042345-45,0.0010,50.04,no
2026-10-05T03:43:44.556839Z,KXBTC15M-26OCT042345-45,0.0010,31.00,no
2026-10-05T03:43:44.556961Z,KXBTC15M-26OCT042345-45,0.0010,41.28,no
2026-10-05T03:43:44.557013Z,KXBTC15M-26OCT042345-45,0.0010,65.00,no
2026-10-05T03:43:44.557013Z,KXBTC15M-26OCT042345-45,0.0010,83.97,no
2026-10-05T03:43:44.557046Z,KXBTC15M-26OCT042345-45,0.0010,444.40,no
2026-10-05T03:43:44.557052Z,KXBTC15M-26OCT042345-45,0.0010,25.00,no
2026-10-05T03:43:44.557164Z,KXBTC15M-26OCT042345-45,0.0010,45.04,no
2026-10-05T03:43:44.557194Z,KXBTC15M-26OCT042345-45,0.0010,393.99,no
2026-10-05T03:43:44.557213Z,KXBTC15M-26OCT042345-45,0.0010,300.27,no
2026-10-05T03:43:44.557243Z,KXBTC15M-26OCT042345-45,0.0010,3190.28,no
2026-10-05T03:43:44.55725Z,KXBTC15M-26OCT042345-45,0.0010,312.29,no
2026-10-05T03:43:44.557294Z,KXBTC15M-26OCT042345-45,0.0010,400.00,no
2026-10-05T03:43:44.55738Z,KXBTC15M-26OCT042345-45,0.0010,214.56,no
2026-10-05T03:43:44.55739Z,KXBTC15M-26OCT042345-45,0.0010,676.39,no
2026-10-05T03:43:44.557438Z,KXBTC15M-26OCT042345-45,0.0010,2001.86,no
2026-10-05T03:43:44.557446Z,KXBTC15M-26OCT042345-45,0.0010,88.08,no
2026-10-05T03:43:44.55749Z,KXBTC15M-26OCT042345-45,0.0010,900.83,no
2026-10-05T03:43:44.557581Z,KXBTC15M-26OCT042345-45,0.0010,129.00,no
2026-10-05T03:43:44.557598Z,KXBTC15M-26OCT042345-45,0.0010,93.51,no
2026-10-05T03:43:44.557897Z,KXBTC15M-26OCT042345-45,0.0010,747.78,no
2026-10-05T03:43:44.557898Z,KXBTC15M-26OCT042345-45,0.0010,29.22,no
2026-10-05T03:43:44.559572Z,KXBTC15M-26OCT042345-45,0.0010,274.49,no
2026-10-05T03:43:44.559572Z,KXBTC15M-26OCT042345-45,0.0010,225.00,no
2026-10-05T03:43:44.559572Z,KXBTC15M-26OCT042345-45,0.0010,150.00,no
2026-10-05T03:43:44.559572Z,KXBTC15M-26OCT042345-45,0.0010,225.00,no
2026-10-05T03:43:44.559572Z,KXBTC15M-26OCT042345-45,0.0010,150.00,no
2026-10-05T03:43:44.559572Z,KXBTC15M-26OCT042345-45,0.0010,10.00,no
2026-10-05T03:43:44.559572Z,KXBTC15M-26OCT042345-45,0.0010,45.00,no
2026-10-05T03:43:44.559572Z,KXBTC15M-26OCT042345-45,0.0010,45.00,no
2026-10-05T03:43:44.559572Z,KXBTC15M-26OCT042345-45,0.0010,45.00,no
2026-10-05T03:43:44.559572Z,KXBTC15M-26OCT042345-45,0.0010,45.00,no
2026-10-05T03:43:44.559572Z,KXBTC15M-26OCT042345-45,0.0010,45.00,no
2026-10-05T03:43:44.559572Z,KXBTC15M-26OCT042345-45,0.0010,70.00,no
2026-10-05T03:43:44.559572Z,KXBTC15M-26OCT042345-45,0.0010,11.17,no
2026-10-05T03:43:44.559572Z,KXBTC15M-26OCT042345-45,0.0010,23.17,no
2026-10-05T03:43:44.559572Z,KXBTC15M-26OCT042345-45,0.0010,10.00,no
2026-10-05T03:43:44.559572Z,KXBTC15M-26OCT042345-45,0.0010,500.00,no
2026-10-05T03:43:44.559572Z,KXBTC15M-26OCT042345-45,0.0010,35.00,no
2026-10-05T03:43:44.559572Z,KXBTC15M-26OCT042345-45,0.0010,70.00,no
2026-10-05T03:43:44.559572Z,KXBTC15M-26OCT042345-45,0.0010,75.00,no
2026-10-05T03:43:44.559572Z,KXBTC15M-26OCT042345-45,0.0010,75.00,no
2026-10-05T03:43:44.559572Z,KXBTC15M-26OCT042345-45,0.0010,35.00,no
2026-10-05T03:43:44.559572Z,KXBTC15M-26OCT042345-45,0.0010,75.00,no
2026-10-05T03:43:44.559572Z,KXBTC15M-26OCT042345-45,0.0010,75.00,no
2026-10-05T03:43:44.559572Z,KXBTC15M-26OCT042345-45,0.0010,75.00,no
2026-10-05T03:43:44.559572Z,KXBTC15M-26OCT042345-45,0.0010,75.00,no
2026-10-05T03:43:44.559572Z,KXBTC15M-26OCT042345-45,0.0010,75.00,no
2026-10-05T03:43:44.559572Z,KXBTC15M-26OCT042345-45,0.0010,150.00,no
2026-10-05T03:43:44.559572Z,KXBTC15M-26OCT042345-45,0.0010,75.00,no
2026-10-05T03:43:44.559572Z,KXBTC15M-26OCT042345-45,0.0010,150.00,no
2026-10-05T03:43:44.559572Z,KXBTC15M-26OCT042345-45,0.0010,75.00,no
2026-10-05T03:43:44.559572Z,KXBTC15M-26OCT042345-45,0.0010,30.00,no
2026-10-05T03:43:44.559572Z,KXBTC15M-26OCT042345-45,0.0010,75.00,no
2026-10-05T03:43:44.559572Z,KXBTC15M-26OCT042345-45,0.0010,75.00,no
2026-10-05T03:43:44.559572Z,KXBTC15M-26OCT042345-45,0.0010,75.00,no
2026-10-05T03:43:44.559572Z,KXBTC15M-26OCT042345-45,0.0010,75.00,no
2026-10-05T03:43:44.559572Z,KXBTC15M-26OCT042345-45,0.0010,75.00,no
2026-10-05T03:43:44.559572Z,KXBTC15M-26OCT042345-45,0.0010,4034.17,no
2026-10-05T03:43:44.559572Z,KXBTC15M-26OCT042345-45,0.0010,75.00,no
2026-10-05T03:43:44.560794Z,KXBTC15M-26OCT042345-45,0.0010,2225.51,no
2026-10-05T03:43:44.560794Z,KXBTC15M-26OCT042345-45,0.0010,10.00,no
2026-10-05T03:43:44.560794Z,KXBTC15M-26OCT042345-45,0.0010,370.64,no
2026-10-05T03:43:44.563858Z,KXBTC15M-26OCT042345-45,0.0010,4.99,no
2026-10-05T03:43:44.564279Z,KXBTC15M-26OCT042345-45,0.0010,15.00,no
2026-10-05T03:43:44.564279Z,KXBTC15M-26OCT042345-45,0.0010,30.16,no
2026-10-05T03:43:44.564279Z,KXBTC15M-26OCT042345-45,0.0010,230.72,no
2026-10-05T03:43:44.564279Z,KXBTC15M-26OCT042345-45,0.0010,2340.39,no
2026-10-05T03:43:44.564279Z,KXBTC15M-26OCT042345-45,0.0010,10.00,no
2026-10-05T03:43:44.564279Z,KXBTC15M-26OCT042345-45,0.0010,0.01,no
2026-10-05T03:43:44.564279Z,KXBTC15M-26OCT042345-45,0.0010,0.01,no
2026-10-05T03:43:44.564279Z,KXBTC15M-26OCT042345-45,0.0010,15.00,no
2026-10-05T03:43:44.564279Z,KXBTC15M-26OCT042345-45,0.0010,69.00,no
2026-10-05T03:43:44.564279Z,KXBTC15M-26OCT042345-45,0.0010,40.00,no
2026-10-05T03:43:44.564279Z,KXBTC15M-26OCT042345-45,0.0010,10.00,no
2026-10-05T03:43:44.564279Z,KXBTC15M-26OCT042345-45,0.0010,4624.37,no
2026-10-05T03:43:44.57729Z,KXBTC15M-26OCT042345-45,0.0010,4131.00,yes
2026-10-05T03:43:44.705118Z,KXBTC15M-26OCT042345-45,0.0010,520.00,yes
2026-10-05T03:43:44.752686Z,KXBTC15M-26OCT042345-45,0.0010,373.89,yes
2026-10-05T03:43:44.806085Z,KXBTC15M-26OCT042345-45,0.0010,233.69,yes
2026-10-05T03:43:44.812862Z,KXBTC15M-26OCT042345-45,0.0010,10.00,yes
2026-10-05T03:43:44.886231Z,KXBTC15M-26OCT042345-45,0.0010,2336.79,yes
2026-10-05T03:43:45.007727Z,KXBTC15M-26OCT042345-45,0.0010,40.19,yes
2026-10-05T03:43:45.060561Z,KXBTC15M-26OCT042345-45,0.0010,6.38,yes
2026-10-05T03:43:45.066702Z,KXBTC15M-26OCT042345-45,0.0010,1531.48,yes
2026-10-05T03:43:45.121764Z,KXBTC15M-26OCT042345-45,0.0010,233.69,yes
2026-10-05T03:43:45.134079Z,KXBTC15M-26OCT042345-45,0.0010,12.85,yes
2026-10-05T03:43:45.151511Z,KXBTC15M-26OCT042345-45,0.0010,70.14,yes
2026-10-05T03:43:45.24928Z,KXBTC15M-26OCT042345-45,0.0010,100.00,yes
2026-10-05T03:43:45.328492Z,KXBTC15M-26OCT042345-45,0.0010,915.99,yes
2026-10-05T03:43:45.537904Z,KXBTC15M-26OCT042345-45,0.0010,1.00,yes
2026-10-05T03:43:45.543691Z,KXBTC15M-26OCT042345-45,0.0010,184.16,yes
2026-10-05T03:43:45.801055Z,KXBTC15M-26OCT042345-45,0.0010,3.01,yes
2026-10-05T03:43:45.926484Z,KXBTC15M-26OCT042345-45,0.0010,915.99,yes
2026-10-05T03:43:46.012556Z,KXBTC15M-26OCT042345-45,0.0010,4579.77,yes
2026-10-05T03:43:46.062962Z,KXBTC15M-26OCT042345-45,0.0010,540.00,yes
2026-10-05T03:43:46.116662Z,KXBTC15M-26OCT042345-45,0.0010,2.62,yes
2026-10-05T03:43:46.135403Z,KXBTC15M-26OCT042345-45,0.0010,166.78,yes
2026-10-05T03:43:46.182116Z,KXBTC15M-26OCT042345-45,0.0010,915.99,yes
2026-10-05T03:43:46.261987Z,KXBTC15M-26OCT042345-45,0.0010,11.10,yes
2026-10-05T03:43:46.262658Z,KXBTC15M-26OCT042345-45,0.0010,1831.90,yes
2026-10-05T03:43:46.352546Z,KXBTC15M-26OCT042345-45,0.0010,915.99,yes
2026-10-05T03:43:46.372204Z,KXBTC15M-26OCT042345-45,0.0010,60.17,yes
2026-10-05T03:43:46.39359Z,KXBTC15M-26OCT042345-45,0.0010,201.57,yes
2026-10-05T03:43:46.5724Z,KXBTC15M-26OCT042345-45,0.0010,34.00,yes
2026-10-05T03:43:46.719481Z,KXBTC15M-26OCT042345-45,0.0010,915.99,yes
2026-10-05T03:43:46.787745Z,KXBTC15M-26OCT042345-45,0.0010,540.00,yes
2026-10-05T03:43:46.899312Z,KXBTC15M-26OCT042345-45,0.0010,0.02,yes
2026-10-05T03:43:46.979998Z,KXBTC15M-26OCT042345-45,0.0010,52.96,yes
2026-10-05T03:43:47.07728Z,KXBTC15M-26OCT042345-45,0.0010,915.99,yes
2026-10-05T03:43:47.098077Z,KXBTC15M-26OCT042345-45,0.0010,399.85,yes
2026-10-05T03:43:47.205772Z,KXBTC15M-26OCT042345-45,0.0010,1831.90,yes
2026-10-05T03:43:47.282558Z,KXBTC15M-26OCT042345-45,0.0010,80.82,yes
2026-10-05T03:43:47.404409Z,KXBTC15M-26OCT042345-45,0.0010,0.02,yes
2026-10-05T03:43:47.42434Z,KXBTC15M-26OCT042345-45,0.0010,0.12,yes
2026-10-05T03:43:47.599353Z,KXBTC15M-26OCT042345-45,0.0010,21.77,yes
2026-10-05T03:43:47.707721Z,KXBTC15M-26OCT042345-45,0.0010,560.79,yes
2026-10-05T03:43:47.848271Z,KXBTC15M-26OCT042345-45,0.0010,1831.90,yes
2026-10-05T03:43:47.901832Z,KXBTC15M-26OCT042345-45,0.0010,4579.77,yes
2026-10-05T03:43:47.949033Z,KXBTC15M-26OCT042345-45,0.0010,235.74,yes
2026-10-05T03:43:48.39048Z,KXBTC15M-26OCT042345-45,0.0010,10.47,yes
2026-10-05T03:43:48.426859Z,KXBTC15M-26OCT042345-45,0.0010,1.00,yes
2026-10-05T03:43:48.669344Z,KXBTC15M-26OCT042345-45,0.0010,100.37,yes
2026-10-05T03:43:48.741031Z,KXBTC15M-26OCT042345-45,0.0010,17.32,yes
2026-10-05T03:43:48.903033Z,KXBTC15M-26OCT042345-45,0.0010,4579.77,yes
2026-10-05T03:43:48.943056Z,KXBTC15M-26OCT042345-45,0.0010,1794.51,yes
2026-10-05T03:43:48.98403Z,KXBTC15M-26OCT042345-45,0.0010,2336.79,yes
2026-10-05T03:43:49.063164Z,KXBTC15M-26OCT042345-45,0.0010,1831.90,yes
2026-10-05T03:43:49.14032Z,KXBTC15M-26OCT042345-45,0.0010,4579.77,yes
2026-10-05T03:43:49.250415Z,KXBTC15M-26OCT042345-45,0.0010,373.89,yes
2026-10-05T03:43:49.4436Z,KXBTC15M-26OCT042345-45,0.0010,9.39,yes
2026-10-05T03:43:49.626639Z,KXBTC15M-26OCT042345-45,0.0010,22.00,yes
2026-10-05T03:43:49.63728Z,KXBTC15M-26OCT042345-45,0.0010,9587.69,yes
2026-10-05T03:43:49.663336Z,KXBTC15M-26OCT042345-45,0.0010,155.71,yes
2026-10-05T03:43:49.680889Z,KXBTC15M-26OCT042345-45,0.0010,154.29,yes
2026-10-05T03:43:49.69069Z,KXBTC15M-26OCT042345-45,0.0010,633.73,yes
2026-10-05T03:43:49.793718Z,KXBTC15M-26OCT042345-45,0.0010,91.62,yes
2026-10-05T03:43:49.812022Z,KXBTC15M-26OCT042345-45,0.0010,2.06,yes
2026-10-05T03:43:49.837334Z,KXBTC15M-26OCT042345-45,0.0010,3946.09,yes
2026-10-05T03:43:49.876358Z,KXBTC15M-26OCT042345-45,0.0010,10.06,yes
2026-10-05T03:43:49.963677Z,KXBTC15M-26OCT042345-45,0.0010,915.99,yes
2026-10-05T03:43:50.349637Z,KXBTC15M-26OCT042345-45,0.0010,29.45,yes
2026-10-05T03:43:50.455492Z,KXBTC15M-26OCT042345-45,0.0010,5.03,yes
2026-10-05T03:43:50.511744Z,KXBTC15M-26OCT042345-45,0.0010,3.15,yes
2026-10-05T03:43:50.974021Z,KXBTC15M-26OCT042345-45,0.0010,9159.55,yes
2026-10-05T03:43:50.974748Z,KXBTC15M-26OCT042345-45,0.0010,5.88,yes
2026-10-05T03:43:51.020729Z,KXBTC15M-26OCT042345-45,0.0010,31.05,yes
2026-10-05T03:43:51.118645Z,KXBTC15M-26OCT042345-45,0.0010,16.00,yes
2026-10-05T03:43:51.193476Z,KXBTC15M-26OCT042345-45,0.0010,20.10,yes
2026-10-05T03:43:51.232082Z,KXBTC15M-26OCT042345-45,0.0010,5.29,yes
2026-10-05T03:43:51.353092Z,KXBTC15M-26OCT042345-45,0.0010,3.18,yes
2026-10-05T03:43:51.476198Z,KXBTC15M-26OCT042345-45,0.0010,214.12,yes
2026-10-05T03:43:51.492432Z,KXBTC15M-26OCT042345-45,0.0010,1831.90,yes
2026-10-05T03:43:51.603942Z,KXBTC15M-26OCT042345-45,0.0010,567.90,yes
2026-10-05T03:43:51.612973Z,KXBTC15M-26OCT042345-45,0.0010,0.25,yes
2026-10-05T03:43:51.656566Z,KXBTC15M-26OCT042345-45,0.0010,915.99,yes
2026-10-05T03:43:51.732545Z,KXBTC15M-26OCT042345-45,0.0010,56.00,yes
2026-10-05T03:43:51.830414Z,KXBTC15M-26OCT042345-45,0.0010,300.00,yes
2026-10-05T03:43:51.833557Z,KXBTC15M-26OCT042345-45,0.0010,375.57,yes
2026-10-05T03:43:52.052401Z,KXBTC15M-26OCT042345-45,0.0010,30.14,yes
2026-10-05T03:43:52.220201Z,KXBTC15M-26OCT042345-45,0.0010,30.28,yes
2026-10-05T03:43:52.444708Z,KXBTC15M-26OCT042345-45,0.0010,10.61,yes
2026-10-05T03:43:52.488224Z,KXBTC15M-26OCT042345-45,0.0010,9.20,yes
2026-10-05T03:43:52.549191Z,KXBTC15M-26OCT042345-45,0.0010,300.02,yes
2026-10-05T03:43:52.807599Z,KXBTC15M-26OCT042345-45,0.0010,4579.77,yes
2026-10-05T03:43:52.948674Z,KXBTC15M-26OCT042345-45,0.0010,320.64,yes
2026-10-05T03:43:52.969787Z,KXBTC15M-26OCT042345-45,0.0010,4.93,yes
2026-10-05T03:43:53.114829Z,KXBTC15M-26OCT042345-45,0.0010,43.10,yes
2026-10-05T03:43:53.343033Z,KXBTC15M-26OCT042345-45,0.0010,0.40,yes
2026-10-05T03:43:53.363528Z,KXBTC15M-26OCT042345-45,0.0010,897.30,yes
2026-10-05T03:43:53.693678Z,KXBTC15M-26OCT042345-45,0.0010,91.62,yes
2026-10-05T03:43:53.7643Z,KXBTC15M-26OCT042345-45,0.0010,49.83,yes
2026-10-05T03:43:53.780377Z,KXBTC15M-26OCT042345-45,0.0010,915.99,yes
2026-10-05T03:43:53.800563Z,KXBTC15M-26OCT042345-45,0.0010,540.00,yes
2026-10-05T03:43:53.988749Z,KXBTC15M-26OCT042345-45,0.0010,34.53,yes
2026-10-05T03:43:54.224686Z,KXBTC15M-26OCT042345-45,0.0010,460.00,yes
2026-10-05T03:43:54.235867Z,KXBTC15M-26OCT042345-45,0.0010,1006.17,yes
2026-10-05T03:43:54.387759Z,KXBTC15M-26OCT042345-45,0.0010,4579.77,yes
2026-10-05T03:43:54.782092Z,KXBTC15M-26OCT042345-45,0.0010,22.39,yes
2026-10-05T03:43:55.466733Z,KXBTC15M-26OCT042345-45,0.0010,3.41,yes
2026-10-05T03:43:55.469303Z,KXBTC15M-26OCT042345-45,0.0010,4579.77,yes
2026-10-05T03:43:56.369878Z,KXBTC15M-26OCT042345-45,0.0010,934.89,yes
2026-10-05T03:43:56.409273Z,KXBTC15M-26OCT042345-45,0.0010,28.14,yes
2026-10-05T03:43:56.418863Z,KXBTC15M-26OCT042345-45,0.0010,2843.17,yes
2026-10-05T03:43:56.528839Z,KXBTC15M-26OCT042345-45,0.0010,915.99,yes
2026-10-05T03:43:56.659715Z,KXBTC15M-26OCT042345-45,0.0010,112.19,yes
2026-10-05T03:43:56.702839Z,KXBTC15M-26OCT042345-45,0.0010,915.99,yes
2026-10-05T03:43:56.994412Z,KXBTC15M-26OCT042345-45,0.0010,392.00,yes
2026-10-05T03:43:57.100342Z,KXBTC15M-26OCT042345-45,0.0010,21.88,yes
2026-10-05T03:43:57.166145Z,KXBTC15M-26OCT042345-45,0.0010,1831.90,yes
2026-10-05T03:43:57.204638Z,KXBTC15M-26OCT042345-45,0.0010,183.25,yes
2026-10-05T03:43:57.260997Z,KXBTC15M-26OCT042345-45,0.0010,915.99,yes
2026-10-05T03:43:57.587969Z,KXBTC15M-26OCT042345-45,0.0010,6.43,yes
2026-10-05T03:43:57.692476Z,KXBTC15M-26OCT042345-45,0.0010,27.69,yes
2026-10-05T03:43:57.747764Z,KXBTC15M-26OCT042345-45,0.0010,659.53,yes
2026-10-05T03:43:57.766997Z,KXBTC15M-26OCT042345-45,0.0010,915.99,yes
2026-10-05T03:43:57.770602Z,KXBTC15M-26OCT042345-45,0.0010,482.02,yes
2026-10-05T03:43:57.83036Z,KXBTC15M-26OCT042345-45,0.0010,915.99,yes
2026-10-05T03:43:57.913364Z,KXBTC15M-26OCT042345-45,0.0010,9159.55,yes
2026-10-05T03:43:58.109433Z,KXBTC15M-26OCT042345-45,0.0010,915.99,yes
2026-10-05T03:43:58.138614Z,KXBTC15M-26OCT042345-45,0.0010,6.03,yes
2026-10-05T03:43:58.190932Z,KXBTC15M-26OCT042345-45,0.0010,177.09,yes
2026-10-05T03:43:58.234133Z,KXBTC15M-26OCT042345-45,0.0010,915.99,yes
2026-10-05T03:43:58.264681Z,KXBTC15M-26OCT042345-45,0.0010,915.99,yes
2026-10-05T03:43:58.292796Z,KXBTC15M-26OCT042345-45,0.0010,4579.77,yes
2026-10-05T03:43:58.339132Z,KXBTC15M-26OCT042345-45,0.0010,8.06,yes
2026-10-05T03:43:59.0946Z,KXBTC15M-26OCT042345-45,0.0010,94.76,yes
2026-10-05T03:43:59.271611Z,KXBTC15M-26OCT042345-45,0.0010,91.62,yes
2026-10-05T03:43:59.298149Z,KXBTC15M-26OCT042345-45,0.0010,1024.82,yes
2026-10-05T03:43:59.346114Z,KXBTC15M-26OCT042345-45,0.0010,815.25,yes
2026-10-05T03:43:59.368971Z,KXBTC15M-26OCT042345-45,0.0010,9.20,yes
2026-10-05T03:43:59.427062Z,KXBTC15M-26OCT042345-45,0.0010,0.70,yes
2026-10-05T03:43:59.567316Z,KXBTC15M-26OCT042345-45,0.0010,915.99,yes
2026-10-05T03:43:59.758325Z,KXBTC15M-26OCT042345-45,0.0010,10.61,yes
2026-10-05T03:43:59.838844Z,KXBTC15M-26OCT042345-45,0.0010,5.27,yes
2026-10-05T03:43:59.951293Z,KXBTC15M-26OCT042345-45,0.0010,458.04,yes
2026-10-05T03:44:00.077722Z,KXBTC15M-26OCT042345-45,0.0010,458.04,yes
2026-10-05T03:44:00.189575Z,KXBTC15M-26OCT042345-45,0.0010,915.99,yes
2026-10-05T03:44:00.227399Z,KXBTC15M-26OCT042345-45,0.0010,1860.00,yes
2026-10-05T03:44:00.483586Z,KXBTC15M-26OCT042345-45,0.0010,448.69,yes
2026-10-05T03:44:00.589056Z,KXBTC15M-26OCT042345-45,0.0010,915.99,yes
2026-10-05T03:44:00.590712Z,KXBTC15M-26OCT042345-45,0.0010,1.00,yes
2026-10-05T03:44:00.712014Z,KXBTC15M-26OCT042345-45,0.0010,4579.77,yes
2026-10-05T03:44:00.802262Z,KXBTC15M-26OCT042345-45,0.0010,401.89,yes
2026-10-05T03:44:00.853484Z,KXBTC15M-26OCT042345-45,0.0010,0.31,yes
2026-10-05T03:44:00.990129Z,KXBTC15M-26OCT042345-45,0.0010,7.01,yes
2026-10-05T03:44:01.077217Z,KXBTC15M-26OCT042345-45,0.0010,2.01,yes
2026-10-05T03:44:01.233347Z,KXBTC15M-26OCT042345-45,0.0010,915.99,yes
2026-10-05T03:44:01.410535Z,KXBTC15M-26OCT042345-45,0.0010,53.15,yes
2026-10-05T03:44:01.570081Z,KXBTC15M-26OCT042345-45,0.0010,440.48,yes
2026-10-05T03:44:01.570081Z,KXBTC15M-26OCT042345-45,0.0010,475.51,yes
2026-10-05T03:44:01.846037Z,KXBTC15M-26OCT042345-45,0.0010,2.02,yes
2026-10-05T03:44:01.932172Z,KXBTC15M-26OCT042345-45,0.0010,915.99,yes
2026-10-05T03:44:01.972286Z,KXBTC15M-26OCT042345-45,0.0010,1831.90,yes
2026-10-05T03:44:02.416127Z,KXBTC15M-26OCT042345-45,0.0010,174.03,yes
2026-10-05T03:44:02.443589Z,KXBTC15M-26OCT042345-45,0.0010,20.07,yes
2026-10-05T03:44:02.624702Z,KXBTC15M-26OCT042345-45,0.0010,4579.77,yes
2026-10-05T03:44:02.681216Z,KXBTC15M-26OCT042345-45,0.0010,4.86,yes
2026-10-05T03:44:02.776374Z,KXBTC15M-26OCT042345-45,0.0010,91.62,yes
2026-10-05T03:44:03.162829Z,KXBTC15M-26OCT042345-45,0.0010,21.60,yes
2026-10-05T03:44:03.267451Z,KXBTC15M-26OCT042345-45,0.0010,915.99,yes
2026-10-05T03:44:03.43935Z,KXBTC15M-26OCT042345-45,0.0010,91.62,yes
2026-10-05T03:44:03.537373Z,KXBTC15M-26OCT042345-45,0.0010,94.76,yes
2026-10-05T03:44:03.556446Z,KXBTC15M-26OCT042345-45,0.0010,915.99,yes
2026-10-05T03:44:03.566338Z,KXBTC15M-26OCT042345-45,0.0010,91.62,yes
2026-10-05T03:44:03.618742Z,KXBTC15M-26OCT042345-45,0.0010,41.90,yes
2026-10-05T03:44:03.999856Z,KXBTC15M-26OCT042345-45,0.0010,91.62,yes
2026-10-05T03:44:04.136223Z,KXBTC15M-26OCT042345-45,0.0010,915.99,yes
2026-10-05T03:44:04.149835Z,KXBTC15M-26OCT042345-45,0.0010,2.62,yes
2026-10-05T03:44:04.209422Z,KXBTC15M-26OCT042345-45,0.0010,1.00,yes
2026-10-05T03:44:04.227067Z,KXBTC15M-26OCT042345-45,0.0010,915.99,yes
2026-10-05T03:44:04.408522Z,KXBTC15M-26OCT042345-45,0.0010,15.00,yes
2026-10-05T03:44:04.408522Z,KXBTC15M-26OCT042345-45,0.0010,133.32,yes
2026-10-05T03:44:04.408522Z,KXBTC15M-26OCT042345-45,0.0010,58.07,yes
2026-10-05T03:44:04.493834Z,KXBTC15M-26OCT042345-45,0.0010,2803.99,yes
2026-10-05T03:44:04.498354Z,KXBTC15M-26OCT042345-45,0.0010,91.62,yes
2026-10-05T03:44:04.537234Z,KXBTC15M-26OCT042345-45,0.0010,4579.77,yes
2026-10-05T03:44:04.612758Z,KXBTC15M-26OCT042345-45,0.0010,9.20,yes
2026-10-05T03:44:04.696625Z,KXBTC15M-26OCT042345-45,0.0010,17.80,yes
2026-10-05T03:44:04.761178Z,KXBTC15M-26OCT042345-45,0.0010,915.99,yes
2026-10-05T03:44:04.977362Z,KXBTC15M-26OCT042345-45,0.0010,915.99,yes
2026-10-05T03:44:05.073446Z,KXBTC15M-26OCT042345-45,0.0010,54.04,yes
2026-10-05T03:44:05.534052Z,KXBTC15M-26OCT042345-45,0.0010,4579.77,yes
2026-10-05T03:44:05.591314Z,KXBTC15M-26OCT042345-45,0.0010,523.39,yes
2026-10-05T03:44:05.621099Z,KXBTC15M-26OCT042345-45,0.0010,915.99,yes
2026-10-05T03:44:05.649455Z,KXBTC15M-26OCT042345-45,0.0010,17.46,yes
2026-10-05T03:44:05.709041Z,KXBTC15M-26OCT042345-45,0.0010,18.69,yes
2026-10-05T03:44:05.90956Z,KXBTC15M-26OCT042345-45,0.0010,12.37,yes
2026-10-05T03:44:06.126535Z,KXBTC15M-26OCT042345-45,0.0010,4485.86,yes
2026-10-05T03:44:06.126535Z,KXBTC15M-26OCT042345-45,0.0010,93.91,yes
2026-10-05T03:44:06.185774Z,KXBTC15M-26OCT042345-45,0.0010,91.62,yes
2026-10-05T03:44:06.221125Z,KXBTC15M-26OCT042345-45,0.0010,30.97,yes
2026-10-05T03:44:06.297216Z,KXBTC15M-26OCT042345-45,0.0010,8626.05,yes
2026-10-05T03:44:06.297216Z,KXBTC15M-26OCT042345-45,0.0010,533.50,yes
2026-10-05T03:44:06.638456Z,KXBTC15M-26OCT042345-45,0.0010,55.83,yes
2026-10-05T03:44:06.72165Z,KXBTC15M-26OCT042345-45,0.0010,915.99,yes
2026-10-05T03:44:06.900823Z,KXBTC15M-26OCT042345-45,0.0010,12.31,yes
2026-10-05T03:44:06.907219Z,KXBTC15M-26OCT042345-45,0.0010,915.99,yes
2026-10-05T03:44:06.980018Z,KXBTC15M-26OCT042345-45,0.0010,1046.71,yes
2026-10-05T03:44:07.057731Z,KXBTC15M-26OCT042345-45,0.0010,83.74,yes
2026-10-05T03:44:07.297453Z,KXBTC15M-26OCT042345-45,0.0010,35.16,yes
2026-10-05T03:44:07.470673Z,KXBTC15M-26OCT042345-45,0.0010,915.99,yes
2026-10-05T03:44:07.518551Z,KXBTC15M-26OCT042345-45,0.0010,4579.77,yes
2026-10-05T03:44:07.835632Z,KXBTC15M-26OCT042345-45,0.0010,915.99,yes
2026-10-05T03:44:07.966032Z,KXBTC15M-26OCT042345-45,0.0010,458.04,yes
2026-10-05T03:44:08.030236Z,KXBTC15M-26OCT042345-45,0.0010,915.99,yes
2026-10-05T03:44:08.09981Z,KXBTC15M-26OCT042345-45,0.0010,39.30,yes
2026-10-05T03:44:08.115146Z,KXBTC15M-26OCT042345-45,0.0010,432.85,yes
2026-10-05T03:44:08.115146Z,KXBTC15M-26OCT042345-45,0.0010,483.14,yes
2026-10-05T03:44:08.245743Z,KXBTC15M-26OCT042345-45,0.0010,450.14,yes
2026-10-05T03:44:08.298099Z,KXBTC15M-26OCT042345-45,0.0010,91.62,yes
2026-10-05T03:44:08.33736Z,KXBTC15M-26OCT042345-45,0.0010,915.99,yes
2026-10-05T03:44:08.367556Z,KXBTC15M-26OCT042345-45,0.0010,2680.42,yes
2026-10-05T03:44:08.367556Z,KXBTC15M-26OCT042345-45,0.0010,1984.05,yes
2026-10-05T03:44:08.367556Z,KXBTC15M-26OCT042345-45,0.0010,100.00,yes
2026-10-05T03:44:08.367556Z,KXBTC15M-26OCT042345-45,0.0010,200.00,yes
2026-10-05T03:44:08.671808Z,KXBTC15M-26OCT042345-45,0.0010,7.20,yes
2026-10-05T03:44:08.695714Z,KXBTC15M-26OCT042345-45,0.0010,391.90,yes
2026-10-05T03:44:08.695714Z,KXBTC15M-26OCT042345-45,0.0010,524.09,yes
2026-10-05T03:44:08.768274Z,KXBTC15M-26OCT042345-45,0.0010,9159.55,yes
2026-10-05T03:44:08.785615Z,KXBTC15M-26OCT042345-45,0.0010,45.85,yes
2026-10-05T03:44:08.824695Z,KXBTC15M-26OCT042345-45,0.0010,21.25,yes
2026-10-05T03:44:08.876592Z,KXBTC15M-26OCT042345-45,0.0010,4579.77,yes
2026-10-05T03:44:08.929445Z,KXBTC15M-26OCT042345-45,0.0010,265.66,yes
2026-10-05T03:44:09.034442Z,KXBTC15M-26OCT042345-45,0.0010,6.50,yes
2026-10-05T03:44:09.218473Z,KXBTC15M-26OCT042345-45,0.0010,915.99,yes
2026-10-05T03:44:09.288117Z,KXBTC15M-26OCT042345-45,0.0010,1831.90,yes
2026-10-05T03:44:09.464983Z,KXBTC15M-26OCT042345-45,0.0010,915.99,yes
2026-10-05T03:44:09.609588Z,KXBTC15M-26OCT042345-45,0.0010,915.99,yes
2026-10-05T03:44:09.896532Z,KXBTC15M-26OCT042345-45,0.0010,15.05,yes
2026-10-05T03:44:09.98523Z,KXBTC15M-26OCT042345-45,0.0010,915.99,yes
2026-10-05T03:44:10.123356Z,KXBTC15M-26OCT042345-45,0.0010,302.32,yes
2026-10-05T03:44:10.367906Z,KXBTC15M-26OCT042345-45,0.0010,497.85,yes
2026-10-05T03:44:10.390393Z,KXBTC15M-26OCT042345-45,0.0010,1181.57,yes
2026-10-05T03:44:10.446835Z,KXBTC15M-26OCT042345-45,0.0010,91.62,yes
2026-10-05T03:44:10.657358Z,KXBTC15M-26OCT042345-45,0.0010,91.62,yes
2026-10-05T03:44:10.86952Z,KXBTC15M-26OCT042345-45,0.0010,4579.77,yes
2026-10-05T03:44:10.882069Z,KXBTC15M-26OCT042345-45,0.0010,9159.55,yes
2026-10-05T03:44:10.891995Z,KXBTC15M-26OCT042345-45,0.0010,23.33,yes
2026-10-05T03:44:11.135951Z,KXBTC15M-26OCT042345-45,0.0010,549.57,yes
2026-10-05T03:44:11.864017Z,KXBTC15M-26OCT042345-45,0.0010,915.99,yes
2026-10-05T03:44:12.149078Z,KXBTC15M-26OCT042345-45,0.0010,102.89,yes
2026-10-05T03:44:12.276834Z,KXBTC15M-26OCT042345-45,0.0010,915.99,yes
2026-10-05T03:44:12.554203Z,KXBTC15M-26OCT042345-45,0.0010,915.99,yes
2026-10-05T03:44:12.72953Z,KXBTC15M-26OCT042345-45,0.0010,0.17,yes
2026-10-05T03:44:12.730402Z,KXBTC15M-26OCT042345-45,0.0010,0.28,yes
2026-10-05T03:44:12.754123Z,KXBTC15M-26OCT042345-45,0.0010,112.19,yes
2026-10-05T03:44:12.795437Z,KXBTC15M-26OCT042345-45,0.0010,7.85,yes
2026-10-05T03:44:12.93696Z,KXBTC15M-26OCT042345-45,0.0010,5.21,yes
2026-10-05T03:44:13.015641Z,KXBTC15M-26OCT042345-45,0.0010,15.14,yes
2026-10-05T03:44:13.065845Z,KXBTC15M-26OCT042345-45,0.0010,448.69,yes
2026-10-05T03:44:13.095189Z,KXBTC15M-26OCT042345-45,0.0010,9.20,yes
2026-10-05T03:44:13.109403Z,KXBTC15M-26OCT042345-45,0.0010,2380.47,yes
2026-10-05T03:44:13.142643Z,KXBTC15M-26OCT042345-45,0.0010,4579.77,yes
2026-10-05T03:44:13.239672Z,KXBTC15M-26OCT042345-45,0.0010,79.55,yes
2026-10-05T03:44:13.391771Z,KXBTC15M-26OCT042345-45,0.0010,915.99,yes
2026-10-05T03:44:13.465395Z,KXBTC15M-26OCT042345-45,0.0010,662.14,yes
2026-10-05T03:44:13.465395Z,KXBTC15M-26OCT042345-45,0.0010,253.85,yes
2026-10-05T03:44:13.905983Z,KXBTC15M-26OCT042345-45,0.0010,45.04,yes
2026-10-05T03:44:13.929624Z,KXBTC15M-26OCT042345-45,0.0010,915.99,yes
2026-10-05T03:44:14.204231Z,KXBTC15M-26OCT042345-45,0.0010,8.10,yes
2026-10-05T03:44:15.196014Z,KXBTC15M-26OCT042345-45,0.0010,702.26,yes
2026-10-05T03:44:15.196014Z,KXBTC15M-26OCT042345-45,0.0010,213.73,yes
2026-10-05T03:44:15.316631Z,KXBTC15M-26OCT042345-45,0.0010,91.62,yes
2026-10-05T03:44:15.327514Z,KXBTC15M-26OCT042345-45,0.0010,7.11,yes
2026-10-05T03:44:15.706878Z,KXBTC15M-26OCT042345-45,0.0010,14264.08,yes
2026-10-05T03:44:15.706878Z,KXBTC15M-26OCT042345-45,0.0010,100.00,yes
2026-10-05T03:44:15.706878Z,KXBTC15M-26OCT042345-45,0.0010,1.00,yes
2026-10-05T03:44:15.706878Z,KXBTC15M-26OCT042345-45,0.0010,300.00,yes
2026-10-05T03:44:15.706878Z,KXBTC15M-26OCT042345-45,0.0010,5000.00,yes
2026-10-05T03:44:15.706878Z,KXBTC15M-26OCT042345-45,0.0010,200.00,yes
2026-10-05T03:44:15.706878Z,KXBTC15M-26OCT042345-45,0.0010,80.00,yes
2026-10-05T03:44:15.706878Z,KXBTC15M-26OCT042345-45,0.0010,255.00,yes
2026-10-05T03:44:15.706878Z,KXBTC15M-26OCT042345-45,0.0010,1044.01,yes
2026-10-05T03:44:15.706878Z,KXBTC15M-26OCT042345-45,0.0010,1845.00,yes
2026-10-05T03:44:15.706878Z,KXBTC15M-26OCT042345-45,0.0010,277.00,yes
2026-10-05T03:44:15.716649Z,KXBTC15M-26OCT042345-45,0.0010,4579.77,yes
2026-10-05T03:44:15.863497Z,KXBTC15M-26OCT042345-45,0.0010,197.04,yes
2026-10-05T03:44:15.967276Z,KXBTC15M-26OCT042345-45,0.0010,91.62,yes
2026-10-05T03:44:16.05727Z,KXBTC15M-26OCT042345-45,0.0010,9.20,yes
2026-10-05T03:44:16.349599Z,KXBTC15M-26OCT042345-45,0.0010,6.03,yes
2026-10-05T03:44:16.478519Z,KXBTC15M-26OCT042345-45,0.0010,367.56,yes
2026-10-05T03:44:17.625671Z,KXBTC15M-26OCT042345-45,0.0010,234.70,yes
2026-10-05T03:44:17.625671Z,KXBTC15M-26OCT042345-45,0.0010,100.00,yes
2026-10-05T03:44:17.625671Z,KXBTC15M-26OCT042345-45,0.0010,997.20,yes
2026-10-05T03:44:17.625671Z,KXBTC15M-26OCT042345-45,0.0010,500.00,yes
2026-10-05T03:44:17.674746Z,KXBTC15M-26OCT042345-45,0.0010,894.50,yes
2026-10-05T03:44:17.674746Z,KXBTC15M-26OCT042345-45,0.0010,2.80,yes
2026-10-05T03:44:18.086482Z,KXBTC15M-26OCT042345-45,0.0010,91.62,yes
2026-10-05T03:44:18.122909Z,KXBTC15M-26OCT042345-45,0.0010,638.88,yes
2026-10-05T03:44:18.122909Z,KXBTC15M-26OCT042345-45,0.0010,277.11,yes
2026-10-05T03:44:18.442326Z,KXBTC15M-26OCT042345-45,0.0010,122.55,yes
2026-10-05T03:44:18.442326Z,KXBTC15M-26OCT042345-45,0.0010,222.89,yes
2026-10-05T03:44:18.666372Z,KXBTC15M-26OCT042345-45,0.0010,1000.00,yes
2026-10-05T03:44:18.666372Z,KXBTC15M-26OCT042345-45,0.0010,100.00,yes
2026-10-05T03:44:18.666372Z,KXBTC15M-26OCT042345-45,0.0010,2102.32,yes
2026-10-05T03:44:18.666372Z,KXBTC15M-26OCT042345-45,0.0010,1377.45,yes
2026-10-05T03:44:18.72165Z,KXBTC15M-26OCT042345-45,0.0010,19.69,yes
2026-10-05T03:44:18.884115Z,KXBTC15M-26OCT042345-45,0.0010,1.10,yes
2026-10-05T03:44:18.884473Z,KXBTC15M-26OCT042345-45,0.0010,50.00,yes
2026-10-05T03:44:19.416878Z,KXBTC15M-26OCT042345-45,0.0010,632.48,yes
2026-10-05T03:44:20.674122Z,KXBTC15M-26OCT042345-45,0.0010,260.36,yes
2026-10-05T03:44:21.067959Z,KXBTC15M-26OCT042345-45,0.0010,0.02,yes
2026-10-05T03:44:21.372727Z,KXBTC15M-26OCT042345-45,0.0010,2.00,yes
2026-10-05T03:44:21.558986Z,KXBTC15M-26OCT042345-45,0.0010,5.25,yes
2026-10-05T03:44:21.804777Z,KXBTC15M-26OCT042345-45,0.0010,915.99,yes
2026-10-05T03:44:21.88271Z,KXBTC15M-26OCT042345-45,0.0010,168.59,yes
2026-10-05T03:44:22.5312Z,KXBTC15M-26OCT042345-45,0.0010,915.99,yes
2026-10-05T03:44:23.004221Z,KXBTC15M-26OCT042345-45,0.0010,9159.55,yes
2026-10-05T03:44:23.260421Z,KXBTC15M-26OCT042345-45,0.0010,4579.77,yes
2026-10-05T03:44:23.981371Z,KXBTC15M-26OCT042345-45,0.0010,28.28,yes
2026-10-05T03:44:24.47785Z,KXBTC15M-26OCT042345-45,0.0010,915.99,yes
2026-10-05T03:44:24.498213Z,KXBTC15M-26OCT042345-45,0.0010,600.00,yes
2026-10-05T03:44:24.552146Z,KXBTC15M-26OCT042345-45,0.0010,9159.55,yes
2026-10-05T03:44:25.030462Z,KXBTC15M-26OCT042345-45,0.0010,2.05,yes
2026-10-05T03:44:25.21874Z,KXBTC15M-26OCT042345-45,0.0010,1831.90,yes
2026-10-05T03:44:25.486578Z,KXBTC15M-26OCT042345-45,0.0010,29.43,yes
2026-10-05T03:44:26.924381Z,KXBTC15M-26OCT042345-45,0.0010,3.00,yes
2026-10-05T03:44:27.018041Z,KXBTC15M-26OCT042345-45,0.0010,280.39,yes
2026-10-05T03:44:27.074184Z,KXBTC15M-26OCT042345-45,0.0010,915.99,yes
2026-10-05T03:44:27.200572Z,KXBTC15M-26OCT042345-45,0.0010,851.90,yes
2026-10-05T03:44:27.23529Z,KXBTC15M-26OCT042345-45,0.0010,237.61,yes
2026-10-05T03:44:27.375169Z,KXBTC15M-26OCT042345-45,0.0010,9.20,yes
2026-10-05T03:44:27.533843Z,KXBTC15M-26OCT042345-45,0.0010,1831.90,yes
2026-10-05T03:44:27.630642Z,KXBTC15M-26OCT042345-45,0.0010,18319.03,yes
2026-10-05T03:44:27.807883Z,KXBTC15M-26OCT042345-45,0.0010,5.99,yes
2026-10-05T03:44:28.041868Z,KXBTC15M-26OCT042345-45,0.0010,4673.24,yes
2026-10-05T03:44:28.080957Z,KXBTC15M-26OCT042345-45,0.0010,58.26,yes
2026-10-05T03:44:28.198443Z,KXBTC15M-26OCT042345-45,0.0010,915.99,yes
2026-10-05T03:44:28.572231Z,KXBTC15M-26OCT042345-45,0.0010,897.30,yes
2026-10-05T03:44:29.382352Z,KXBTC15M-26OCT042345-45,0.0010,0.27,yes
2026-10-05T03:44:29.761704Z,KXBTC15M-26OCT042345-45,0.0010,915.99,yes
2026-10-05T03:44:30.208823Z,KXBTC15M-26OCT042345-45,0.0010,1.00,yes
2026-10-05T03:44:30.243269Z,KXBTC15M-26OCT042345-45,0.0010,5.12,yes
2026-10-05T03:44:30.24353Z,KXBTC15M-26OCT042345-45,0.0010,915.99,yes
2026-10-05T03:44:30.2435Z,KXBTC15M-26OCT042345-45,0.0010,17.56,yes
2026-10-05T03:44:30.24462Z,KXBTC15M-26OCT042345-45,0.0010,5.72,yes
2026-10-05T03:44:30.87558Z,KXBTC15M-26OCT042345-45,0.0010,777.00,yes
2026-10-05T03:44:31.088709Z,KXBTC15M-26OCT042345-45,0.0010,1831.90,yes
2026-10-05T03:44:31.769536Z,KXBTC15M-26OCT042345-45,0.0010,915.99,yes
2026-10-05T03:44:34.001282Z,KXBTC15M-26OCT042345-45,0.0010,348.08,yes
2026-10-05T03:44:34.105345Z,KXBTC15M-26OCT042345-45,0.0010,108.00,yes
2026-10-05T03:44:34.254201Z,KXBTC15M-26OCT042345-45,0.0010,4579.77,yes
2026-10-05T03:44:34.26136Z,KXBTC15M-26OCT042345-45,0.0010,1831.90,yes
2026-10-05T03:44:35.254056Z,KXBTC15M-26OCT042345-45,0.0010,915.99,yes
2026-10-05T03:44:35.29349Z,KXBTC15M-26OCT042345-45,0.0010,5.35,yes
2026-10-05T03:44:36.542437Z,KXBTC15M-26OCT042345-45,0.0010,13.88,yes
2026-10-05T03:44:36.630417Z,KXBTC15M-26OCT042345-45,0.0010,1831.90,yes
2026-10-05T03:44:36.722285Z,KXBTC15M-26OCT042345-45,0.0010,18.95,yes
2026-10-05T03:44:37.897417Z,KXBTC15M-26OCT042345-45,0.0010,540.45,yes
2026-10-05T03:44:38.10857Z,KXBTC15M-26OCT042345-45,0.0010,1.02,yes
2026-10-05T03:44:38.127106Z,KXBTC15M-26OCT042345-45,0.0010,6.67,yes
2026-10-05T03:44:38.198372Z,KXBTC15M-26OCT042345-45,0.0010,229.01,yes
2026-10-05T03:44:38.853054Z,KXBTC15M-26OCT042345-45,0.0010,5.42,yes
2026-10-05T03:44:39.545079Z,KXBTC15M-26OCT042345-45,0.0010,1831.90,yes
2026-10-05T03:44:39.768863Z,KXBTC15M-26OCT042345-45,0.0010,6.47,yes
2026-10-05T03:44:39.827461Z,KXBTC15M-26OCT042345-45,0.0010,52.06,yes
2026-10-05T03:44:40.224103Z,KXBTC15M-26OCT042345-45,0.0010,0.02,yes
2026-10-05T03:44:40.355085Z,KXBTC15M-26OCT042345-45,0.0010,2.27,yes
2026-10-05T03:44:40.888855Z,KXBTC15M-26OCT042345-45,0.0010,3.03,yes
2026-10-05T03:44:41.072084Z,KXBTC15M-26OCT042345-45,0.0010,186.05,yes
2026-10-05T03:44:41.388832Z,KXBTC15M-26OCT042345-45,0.0010,45.85,yes
2026-10-05T03:44:41.73625Z,KXBTC15M-26OCT042345-45,0.0010,9.86,yes
2026-10-05T03:44:41.772095Z,KXBTC15M-26OCT042345-45,0.0010,10.00,yes
2026-10-05T03:44:42.125408Z,KXBTC15M-26OCT042345-45,0.0010,915.99,yes
2026-10-05T03:44:42.194087Z,KXBTC15M-26OCT042345-45,0.0010,1.00,yes
2026-10-05T03:44:42.354739Z,KXBTC15M-26OCT042345-45,0.0010,20.00,yes
2026-10-05T03:44:44.023232Z,KXBTC15M-26OCT042345-45,0.0010,9.39,yes
2026-10-05T03:44:44.51722Z,KXBTC15M-26OCT042345-45,0.0010,934.69,yes
2026-10-05T03:44:44.632097Z,KXBTC15M-26OCT042345-45,0.0010,9.66,yes
2026-10-05T03:44:44.834019Z,KXBTC15M-26OCT042345-45,0.0010,0.01,yes
2026-10-05T03:44:45.665231Z,KXBTC15M-26OCT042345-45,0.0010,915.99,yes
2026-10-05T03:44:45.916469Z,KXBTC15M-26OCT042345-45,0.0010,934.69,yes
2026-10-05T03:44:48.710417Z,KXBTC15M-26OCT042345-45,0.0010,4579.77,yes
2026-10-05T03:44:48.940101Z,KXBTC15M-26OCT042345-45,0.0010,9.20,yes
2026-10-05T03:44:49.37923Z,KXBTC15M-26OCT042345-45,0.0010,8.48,yes
2026-10-05T03:44:49.545559Z,KXBTC15M-26OCT042345-45,0.0010,1.00,yes
2026-10-05T03:44:50.364412Z,KXBTC15M-26OCT042345-45,0.0010,4.02,yes
2026-10-05T03:44:50.4489Z,KXBTC15M-26OCT042345-45,0.0010,915.99,yes
2026-10-05T03:44:50.510785Z,KXBTC15M-26OCT042345-45,0.0010,8.81,yes
2026-10-05T03:44:50.572491Z,KXBTC15M-26OCT042345-45,0.0010,400.00,yes
2026-10-05T03:44:50.79912Z,KXBTC15M-26OCT042345-45,0.0010,915.99,yes
2026-10-05T03:44:50.925621Z,KXBTC15M-26OCT042345-45,0.0010,1831.90,yes
2026-10-05T03:44:51.323695Z,KXBTC15M-26OCT042345-45,0.0010,27.52,yes
2026-10-05T03:44:51.56582Z,KXBTC15M-26OCT042345-45,0.0010,1831.90,yes
2026-10-05T03:44:51.866102Z,KXBTC15M-26OCT042345-45,0.0010,4579.77,yes
2026-10-05T03:44:52.117236Z,KXBTC15M-26OCT042345-45,0.0010,0.87,yes
2026-10-05T03:44:54.051996Z,KXBTC15M-26OCT042345-45,0.0010,4579.77,yes
2026-10-05T03:44:56.315879Z,KXBTC15M-26OCT042345-45,0.0010,467.36,yes
2026-10-05T03:44:56.410985Z,KXBTC15M-26OCT042345-45,0.0010,98.09,yes
2026-10-05T03:44:56.590206Z,KXBTC15M-26OCT042345-45,0.0010,16.21,yes
2026-10-05T03:44:56.861304Z,KXBTC15M-26OCT042345-45,0.0010,0.02,yes
2026-10-05T03:44:57.25189Z,KXBTC15M-26OCT042345-45,0.0010,0.02,yes
2026-10-05T03:44:58.216441Z,KXBTC15M-26OCT042345-45,0.0010,785.09,yes
2026-10-05T03:44:58.775895Z,KXBTC15M-26OCT042345-45,0.0010,10.05,yes
2026-10-05T03:44:58.876001Z,KXBTC15M-26OCT042345-45,0.0010,0.02,yes
2026-10-05T03:44:59.824732Z,KXBTC15M-26OCT042345-45,0.0010,9159.55,yes
2026-10-05T03:41:40.450451Z,KXBNB15M-26OCT042345-45,0.0130,1.00,no
2026-10-05T03:41:40.450451Z,KXBNB15M-26OCT042345-45,0.0120,10.00,no
2026-10-05T03:41:40.450451Z,KXBNB15M-26OCT042345-45,0.0110,5.00,no
2026-10-05T03:41:40.450451Z,KXBNB15M-26OCT042345-45,0.0110,10.00,no
2026-10-05T03:41:40.450451Z,KXBNB15M-26OCT042345-45,0.0120,20.00,no
2026-10-05T03:41:40.450451Z,KXBNB15M-26OCT042345-45,0.0110,9.00,no
2026-10-05T03:41:40.450451Z,KXBNB15M-26OCT042345-45,0.0140,20.00,no
2026-10-05T03:41:40.450451Z,KXBNB15M-26OCT042345-45,0.0130,20.00,no
2026-10-05T03:41:41.218107Z,KXBNB15M-26OCT042345-45,0.0130,16.00,yes
2026-10-05T03:41:41.218235Z,KXBNB15M-26OCT042345-45,0.0170,5.94,yes
2026-10-05T03:41:41.218235Z,KXBNB15M-26OCT042345-45,0.0130,0.01,yes
2026-10-05T03:41:41.218235Z,KXBNB15M-26OCT042345-45,0.0160,11.95,yes
2026-10-05T03:41:41.218235Z,KXBNB15M-26OCT042345-45,0.0150,10.00,yes
2026-10-05T03:41:41.218235Z,KXBNB15M-26OCT042345-45,0.0140,0.02,yes
2026-10-05T03:41:41.218235Z,KXBNB15M-26OCT042345-45,0.0130,4.00,yes
2026-10-05T03:41:41.218235Z,KXBNB15M-26OCT042345-45,0.0160,8.05,yes
2026-10-05T03:41:41.218235Z,KXBNB15M-26OCT042345-45,0.0150,20.00,yes
2026-10-05T03:41:41.218235Z,KXBNB15M-26OCT042345-45,0.0150,10.00,yes
2026-10-05T03:41:41.218235Z,KXBNB15M-26OCT042345-45,0.0140,20.00,yes
2026-10-05T03:41:41.218235Z,KXBNB15M-26OCT042345-45,0.0130,9.00,yes
2026-10-05T03:41:41.218235Z,KXBNB15M-26OCT042345-45,0.0150,0.01,yes
2026-10-05T03:41:41.218235Z,KXBNB15M-26OCT042345-45,0.0160,0.02,yes
2026-10-05T03:41:41.402246Z,KXBNB15M-26OCT042345-45,0.0180,2.92,yes
2026-10-05T03:41:41.402246Z,KXBNB15M-26OCT042345-45,0.0170,14.06,yes
2026-10-05T03:41:41.402246Z,KXBNB15M-26OCT042345-45,0.0170,0.02,yes
2026-10-05T03:41:42.285893Z,KXBNB15M-26OCT042345-45,0.0200,15.00,yes
2026-10-05T03:41:42.285893Z,KXBNB15M-26OCT042345-45,0.0190,15.00,yes
2026-10-05T03:41:42.285893Z,KXBNB15M-26OCT042345-45,0.0200,6.00,yes
2026-10-05T03:41:42.285893Z,KXBNB15M-26OCT042345-45,0.0180,17.08,yes
2026-10-05T03:41:42.285893Z,KXBNB15M-26OCT042345-45,0.0180,0.02,yes
2026-10-05T03:41:42.285893Z,KXBNB15M-26OCT042345-45,0.0200,0.02,yes
2026-10-05T03:41:42.285893Z,KXBNB15M-26OCT042345-45,0.0190,0.02,yes
2026-10-05T03:41:42.285893Z,KXBNB15M-26OCT042345-45,0.0200,0.86,yes
2026-10-05T03:41:51.540377Z,KXBNB15M-26OCT042345-45,0.0110,17.00,no
2026-10-05T03:41:51.540377Z,KXBNB15M-26OCT042345-45,0.0120,2.00,no
2026-10-05T03:41:51.540377Z,KXBNB15M-26OCT042345-45,0.0110,11.00,no
2026-10-05T03:41:51.540377Z,KXBNB15M-26OCT042345-45,0.0110,1.00,no
2026-10-05T03:41:51.540377Z,KXBNB15M-26OCT042345-45,0.0110,1.00,no
2026-10-05T03:41:51.540377Z,KXBNB15M-26OCT042345-45,0.0110,1.00,no
2026-10-05T03:41:51.540504Z,KXBNB15M-26OCT042345-45,0.0100,69.00,no
2026-10-05T03:41:51.540504Z,KXBNB15M-26OCT042345-45,0.0100,20.00,no
2026-10-05T03:41:51.540504Z,KXBNB15M-26OCT042345-45,0.0100,10.00,no
2026-10-05T03:41:51.792937Z,KXBNB15M-26OCT042345-45,0.0110,1.97,no
2026-10-05T03:41:53.474352Z,KXBNB15M-26OCT042345-45,0.0140,11.00,yes
2026-10-05T03:41:53.474352Z,KXBNB15M-26OCT042345-45,0.0140,0.61,yes
2026-10-05T03:41:57.722258Z,KXBNB15M-26OCT042345-45,0.0120,0.01,yes
2026-10-05T03:41:57.722258Z,KXBNB15M-26OCT042345-45,0.0120,19.39,yes
2026-10-05T03:41:58.656774Z,KXBNB15M-26OCT042345-45,0.0130,10.00,yes
2026-10-05T03:41:58.656774Z,KXBNB15M-26OCT042345-45,0.0140,0.01,yes
2026-10-05T03:41:58.656774Z,KXBNB15M-26OCT042345-45,0.0130,0.01,yes
2026-10-05T03:41:58.662688Z,KXBNB15M-26OCT042345-45,0.0150,0.01,yes
2026-10-05T03:41:58.662688Z,KXBNB15M-26OCT042345-45,0.0170,0.02,yes
2026-10-05T03:41:58.662688Z,KXBNB15M-26OCT042345-45,0.0160,0.02,yes
2026-10-05T03:41:58.662688Z,KXBNB15M-26OCT042345-45,0.0150,69.00,yes
2026-10-05T03:41:58.662688Z,KXBNB15M-26OCT042345-45,0.0180,0.01,yes
2026-10-05T03:42:00.409088Z,KXBNB15M-26OCT042345-45,0.0110,5.00,no
2026-10-05T03:42:01.505429Z,KXBNB15M-26OCT042345-45,0.0110,12.00,no
2026-10-05T03:42:01.505429Z,KXBNB15M-26OCT042345-45,0.0110,2.00,no
2026-10-05T03:42:01.505429Z,KXBNB15M-26OCT042345-45,0.0100,6.00,no
2026-10-05T03:42:01.505429Z,KXBNB15M-26OCT042345-45,0.0100,30.00,no
2026-10-05T03:42:01.752364Z,KXBNB15M-26OCT042345-45,0.0130,1.01,no
2026-10-05T03:42:02.321939Z,KXBNB15M-26OCT042345-45,0.0190,1.00,yes
2026-10-05T03:42:02.321939Z,KXBNB15M-26OCT042345-45,0.0190,0.02,yes
2026-10-05T03:42:02.321939Z,KXBNB15M-26OCT042345-45,0.0190,3.90,yes
2026-10-05T03:42:02.509487Z,KXBNB15M-26OCT042345-45,0.0110,17.00,no
2026-10-05T03:42:02.509487Z,KXBNB15M-26OCT042345-45,0.0130,9.99,no
2026-10-05T03:42:02.509487Z,KXBNB15M-26OCT042345-45,0.0100,33.01,no
2026-10-05T03:42:02.768474Z,KXBNB15M-26OCT042345-45,0.0100,2.00,no
2026-10-05T03:42:08.203836Z,KXBNB15M-26OCT042345-45,0.0100,25.00,no
2026-10-05T03:42:11.786032Z,KXBNB15M-26OCT042345-45,0.0100,1.00,no
2026-10-05T03:42:13.184774Z,KXBNB15M-26OCT042345-45,0.0130,0.65,yes
2026-10-05T03:42:13.337186Z,KXBNB15M-26OCT042345-45,0.0200,36.67,yes
2026-10-05T03:42:13.337186Z,KXBNB15M-26OCT042345-45,0.0190,6.00,yes
2026-10-05T03:42:13.337186Z,KXBNB15M-26OCT042345-45,0.0160,2.00,yes
2026-10-05T03:42:13.337186Z,KXBNB15M-26OCT042345-45,0.0170,2.00,yes
2026-10-05T03:42:13.337186Z,KXBNB15M-26OCT042345-45,0.0130,0.35,yes
2026-10-05T03:42:14.92065Z,KXBNB15M-26OCT042345-45,0.0180,3.19,yes
2026-10-05T03:42:14.92065Z,KXBNB15M-26OCT042345-45,0.0180,2.00,yes
2026-10-05T03:42:15.131587Z,KXBNB15M-26OCT042345-45,0.0100,3.00,no
2026-10-05T03:42:15.131587Z,KXBNB15M-26OCT042345-45,0.0100,5.51,no
2026-10-05T03:42:15.131587Z,KXBNB15M-26OCT042345-45,0.0100,20.00,no
2026-10-05T03:42:15.131587Z,KXBNB15M-26OCT042345-45,0.0100,2.00,no
2026-10-05T03:42:15.131587Z,KXBNB15M-26OCT042345-45,0.0100,8.99,no
2026-10-05T03:42:16.915976Z,KXBNB15M-26OCT042345-45,0.0100,4.00,no
2026-10-05T03:42:17.451445Z,KXBNB15M-26OCT042345-45,0.0100,9.00,no
2026-10-05T03:42:17.451875Z,KXBNB15M-26OCT042345-45,0.0100,6.49,no
2026-10-05T03:42:19.738636Z,KXBNB15M-26OCT042345-45,0.0090,6.00,no
2026-10-05T03:42:19.862385Z,KXBNB15M-26OCT042345-45,0.0100,10.00,yes
2026-10-05T03:42:21.048811Z,KXBNB15M-26OCT042345-45,0.0060,4.00,no
2026-10-05T03:42:21.048811Z,KXBNB15M-26OCT042345-45,0.0070,3.90,no
2026-10-05T03:42:21.048811Z,KXBNB15M-26OCT042345-45,0.0060,0.25,no
2026-10-05T03:42:21.048811Z,KXBNB15M-26OCT042345-45,0.0080,20.00,no
2026-10-05T03:42:21.048811Z,KXBNB15M-26OCT042345-45,0.0090,14.00,no
2026-10-05T03:42:21.048811Z,KXBNB15M-26OCT042345-45,0.0070,20.00,no
2026-10-05T03:42:21.048811Z,KXBNB15M-26OCT042345-45,0.0060,20.00,no
2026-10-05T03:42:21.048811Z,KXBNB15M-26OCT042345-45,0.0050,4.57,no
2026-10-05T03:42:21.74606Z,KXBNB15M-26OCT042345-45,0.0090,5.00,yes
2026-10-05T03:42:23.709636Z,KXBNB15M-26OCT042345-45,0.0050,15.51,no
2026-10-05T03:42:23.709636Z,KXBNB15M-26OCT042345-45,0.0050,25.43,no
2026-10-05T03:42:24.850556Z,KXBNB15M-26OCT042345-45,0.0050,1.00,no
2026-10-05T03:42:24.850556Z,KXBNB15M-26OCT042345-45,0.0030,250.00,no
2026-10-05T03:42:24.850556Z,KXBNB15M-26OCT042345-45,0.0040,20.00,no
2026-10-05T03:42:24.850556Z,KXBNB15M-26OCT042345-45,0.0030,20.00,no
2026-10-05T03:42:24.850556Z,KXBNB15M-26OCT042345-45,0.0050,4.49,no
2026-10-05T03:42:24.850556Z,KXBNB15M-26OCT042345-45,0.0020,200.00,no
2026-10-05T03:42:24.850556Z,KXBNB15M-26OCT042345-45,0.0030,100.00,no
2026-10-05T03:42:24.850556Z,KXBNB15M-26OCT042345-45,0.0020,95.37,no
2026-10-05T03:42:24.850556Z,KXBNB15M-26OCT042345-45,0.0040,1.00,no
2026-10-05T03:42:24.850556Z,KXBNB15M-26OCT042345-45,0.0030,2.00,no
2026-10-05T03:42:24.850556Z,KXBNB15M-26OCT042345-45,0.0040,1.00,no
2026-10-05T03:42:24.850556Z,KXBNB15M-26OCT042345-45,0.0040,1.00,no
2026-10-05T03:42:24.850556Z,KXBNB15M-26OCT042345-45,0.0030,2.00,no
2026-10-05T03:42:24.850556Z,KXBNB15M-26OCT042345-45,0.0040,1.00,no
2026-10-05T03:42:24.850556Z,KXBNB15M-26OCT042345-45,0.0030,2.00,no
2026-10-05T03:42:24.850556Z,KXBNB15M-26OCT042345-45,0.0030,2.00,no
2026-10-05T03:42:24.850556Z,KXBNB15M-26OCT042345-45,0.0030,2.00,no
2026-10-05T03:42:24.850556Z,KXBNB15M-26OCT042345-45,0.0040,1.00,no
2026-10-05T03:42:24.850556Z,KXBNB15M-26OCT042345-45,0.0040,13.00,no
2026-10-05T03:42:24.850556Z,KXBNB15M-26OCT042345-45,0.0050,11.00,no
2026-10-05T03:42:24.850556Z,KXBNB15M-26OCT042345-45,0.0030,18.00,no
2026-10-05T03:42:29.502196Z,KXBNB15M-26OCT042345-45,0.0050,49.75,yes
2026-10-05T03:42:29.502196Z,KXBNB15M-26OCT042345-45,0.0050,20.00,yes
2026-10-05T03:42:29.502196Z,KXBNB15M-26OCT042345-45,0.0050,20.00,yes
2026-10-05T03:42:31.20075Z,KXBNB15M-26OCT042345-45,0.0020,0.47,no
2026-10-05T03:42:36.364838Z,KXBNB15M-26OCT042345-45,0.0030,5.51,yes
2026-10-05T03:42:36.364838Z,KXBNB15M-26OCT042345-45,0.0050,65.45,yes
2026-10-05T03:42:36.364838Z,KXBNB15M-26OCT042345-45,0.0040,0.01,yes
2026-10-05T03:42:36.364838Z,KXBNB15M-26OCT042345-45,0.0040,20.00,yes
2026-10-05T03:42:36.364838Z,KXBNB15M-26OCT042345-45,0.0040,20.00,yes
2026-10-05T03:42:36.364838Z,KXBNB15M-26OCT042345-45,0.0040,20.00,yes
2026-10-05T03:42:36.364838Z,KXBNB15M-26OCT042345-45,0.0040,20.00,yes
2026-10-05T03:42:36.364838Z,KXBNB15M-26OCT042345-45,0.0040,20.00,yes
2026-10-05T03:42:36.364838Z,KXBNB15M-26OCT042345-45,0.0040,17.00,yes
2026-10-05T03:42:36.364838Z,KXBNB15M-26OCT042345-45,0.0040,8.00,yes
2026-10-05T03:42:36.364838Z,KXBNB15M-26OCT042345-45,0.0040,20.00,yes
2026-10-05T03:42:36.364838Z,KXBNB15M-26OCT042345-45,0.0030,0.01,yes
2026-10-05T03:42:36.983134Z,KXBNB15M-26OCT042345-45,0.0020,20.00,no
2026-10-05T03:42:38.573306Z,KXBNB15M-26OCT042345-45,0.0030,0.01,yes
2026-10-05T03:42:38.573306Z,KXBNB15M-26OCT042345-45,0.0030,1.50,yes
2026-10-05T03:42:38.573306Z,KXBNB15M-26OCT042345-45,0.0030,9.00,yes
2026-10-05T03:42:38.573306Z,KXBNB15M-26OCT042345-45,0.0030,6.49,yes
2026-10-05T03:42:39.069195Z,KXBNB15M-26OCT042345-45,0.0040,0.01,yes
2026-10-05T03:42:39.069195Z,KXBNB15M-26OCT042345-45,0.0040,74.00,yes
2026-10-05T03:42:39.069195Z,KXBNB15M-26OCT042345-45,0.0030,0.01,yes
2026-10-05T03:42:39.069195Z,KXBNB15M-26OCT042345-45,0.0050,31.78,yes
2026-10-05T03:42:39.069195Z,KXBNB15M-26OCT042345-45,0.0030,2.50,yes
2026-10-05T03:42:43.765791Z,KXBNB15M-26OCT042345-45,0.0050,3.40,yes
2026-10-05T03:42:43.765791Z,KXBNB15M-26OCT042345-45,0.0050,0.01,yes
2026-10-05T03:42:45.646571Z,KXBNB15M-26OCT042345-45,0.0100,343.61,yes
2026-10-05T03:42:45.646571Z,KXBNB15M-26OCT042345-45,0.0100,100.00,yes
2026-10-05T03:42:45.646571Z,KXBNB15M-26OCT042345-45,0.0080,2.00,yes
2026-10-05T03:42:45.646571Z,KXBNB15M-26OCT042345-45,0.0070,2.00,yes
2026-10-05T03:42:45.646571Z,KXBNB15M-26OCT042345-45,0.0100,19.00,yes
2026-10-05T03:42:45.646571Z,KXBNB15M-26OCT042345-45,0.0050,0.01,yes
2026-10-05T03:42:45.646571Z,KXBNB15M-26OCT042345-45,0.0100,70.00,yes
2026-10-05T03:42:45.646571Z,KXBNB15M-26OCT042345-45,0.0100,1.00,yes
2026-10-05T03:42:45.646571Z,KXBNB15M-26OCT042345-45,0.0070,20.47,yes
2026-10-05T03:42:45.646571Z,KXBNB15M-26OCT042345-45,0.0060,0.02,yes
2026-10-05T03:42:45.646571Z,KXBNB15M-26OCT042345-45,0.0080,0.02,yes
2026-10-05T03:42:45.646571Z,KXBNB15M-26OCT042345-45,0.0100,0.02,yes
2026-10-05T03:42:45.646571Z,KXBNB15M-26OCT042345-45,0.0070,0.02,yes
2026-10-05T03:42:45.646571Z,KXBNB15M-26OCT042345-45,0.0090,0.02,yes
2026-10-05T03:42:45.646571Z,KXBNB15M-26OCT042345-45,0.0050,246.60,yes
2026-10-05T03:42:45.646571Z,KXBNB15M-26OCT042345-45,0.0070,95.37,yes
2026-10-05T03:42:45.646571Z,KXBNB15M-26OCT042345-45,0.0060,4.49,yes
2026-10-05T03:42:45.646571Z,KXBNB15M-26OCT042345-45,0.0070,53.02,yes
2026-10-05T03:42:45.646571Z,KXBNB15M-26OCT042345-45,0.0080,100.00,yes
2026-10-05T03:42:45.646571Z,KXBNB15M-26OCT042345-45,0.0090,15.00,yes
2026-10-05T03:42:45.646571Z,KXBNB15M-26OCT042345-45,0.0100,14.00,yes
2026-10-05T03:42:45.646571Z,KXBNB15M-26OCT042345-45,0.0060,15.51,yes
2026-10-05T03:42:45.646571Z,KXBNB15M-26OCT042345-45,0.0080,20.00,yes
2026-10-05T03:42:45.646571Z,KXBNB15M-26OCT042345-45,0.0070,20.00,yes
2026-10-05T03:42:45.646571Z,KXBNB15M-26OCT042345-45,0.0100,6.00,yes
2026-10-05T03:42:54.994807Z,KXBNB15M-26OCT042345-45,0.0020,4.92,no
2026-10-05T03:43:01.534645Z,KXBNB15M-26OCT042345-45,0.0070,2.00,yes
2026-10-05T03:43:01.534645Z,KXBNB15M-26OCT042345-45,0.0100,75.02,yes
2026-10-05T03:43:01.534645Z,KXBNB15M-26OCT042345-45,0.0070,4.92,yes
2026-10-05T03:43:01.534645Z,KXBNB15M-26OCT042345-45,0.0080,0.02,yes
2026-10-05T03:43:01.534645Z,KXBNB15M-26OCT042345-45,0.0070,0.02,yes
2026-10-05T03:43:01.534645Z,KXBNB15M-26OCT042345-45,0.0090,0.01,yes
2026-10-05T03:43:01.534645Z,KXBNB15M-26OCT042345-45,0.0100,0.01,yes
2026-10-05T03:43:01.534645Z,KXBNB15M-26OCT042345-45,0.0090,7.00,yes
2026-10-05T03:43:02.053899Z,KXBNB15M-26OCT042345-45,0.0020,5.00,no
2026-10-05T03:43:08.017031Z,KXBNB15M-26OCT042345-45,0.0090,0.02,yes
2026-10-05T03:43:08.017031Z,KXBNB15M-26OCT042345-45,0.0080,0.02,yes
2026-10-05T03:43:08.017031Z,KXBNB15M-26OCT042345-45,0.0070,0.02,yes
2026-10-05T03:43:08.017031Z,KXBNB15M-26OCT042345-45,0.0070,5.00,yes
2026-10-05T03:43:08.017031Z,KXBNB15M-26OCT042345-45,0.0100,0.02,yes
2026-10-05T03:43:08.017031Z,KXBNB15M-26OCT042345-45,0.0100,2.00,yes
2026-10-05T03:43:08.017031Z,KXBNB15M-26OCT042345-45,0.0110,1.61,yes
2026-10-05T03:43:08.017031Z,KXBNB15M-26OCT042345-45,0.0100,10.00,yes
2026-10-05T03:43:08.017031Z,KXBNB15M-26OCT042345-45,0.0100,10.00,yes
2026-10-05T03:43:08.017031Z,KXBNB15M-26OCT042345-45,0.0100,1.63,yes
2026-10-05T03:43:08.017031Z,KXBNB15M-26OCT042345-45,0.0070,2.00,yes
2026-10-05T03:43:08.017031Z,KXBNB15M-26OCT042345-45,0.0110,0.02,yes
2026-10-05T03:43:09.894984Z,KXBNB15M-26OCT042345-45,0.0020,128.00,no
2026-10-05T03:43:09.894984Z,KXBNB15M-26OCT042345-45,0.0020,15.00,no
2026-10-05T03:43:10.613484Z,KXBNB15M-26OCT042345-45,0.0020,30.03,no
2026-10-05T03:43:13.340912Z,KXBNB15M-26OCT042345-45,0.0020,212.00,no
2026-10-05T03:43:20.839087Z,KXBNB15M-26OCT042345-45,0.0020,100.20,no
2026-10-05T03:43:27.401691Z,KXBNB15M-26OCT042345-45,0.0020,29.77,no
2026-10-05T03:43:27.401691Z,KXBNB15M-26OCT042345-45,0.0020,3.00,no
2026-10-05T03:43:27.401691Z,KXBNB15M-26OCT042345-45,0.0020,3.00,no
2026-10-05T03:43:27.401691Z,KXBNB15M-26OCT042345-45,0.0020,3.00,no
2026-10-05T03:43:27.401691Z,KXBNB15M-26OCT042345-45,0.0020,26.00,no
2026-10-05T03:43:27.401691Z,KXBNB15M-26OCT042345-45,0.0020,3.00,no
2026-10-05T03:43:27.401691Z,KXBNB15M-26OCT042345-45,0.0020,3.00,no
2026-10-05T03:43:27.401691Z,KXBNB15M-26OCT042345-45,0.0020,15.63,no
2026-10-05T03:43:27.401691Z,KXBNB15M-26OCT042345-45,0.0020,1.00,no
2026-10-05T03:43:29.421405Z,KXBNB15M-26OCT042345-45,0.0060,7.79,yes
2026-10-05T03:43:29.664084Z,KXBNB15M-26OCT042345-45,0.0020,10.00,no
2026-10-05T03:43:29.664084Z,KXBNB15M-26OCT042345-45,0.0020,20.00,no
2026-10-05T03:43:30.713382Z,KXBNB15M-26OCT042345-45,0.0020,53.00,no
2026-10-05T03:43:30.960451Z,KXBNB15M-26OCT042345-45,0.0030,2.00,yes
2026-10-05T03:43:31.017064Z,KXBNB15M-26OCT042345-45,0.0020,20.00,no
2026-10-05T03:43:31.017064Z,KXBNB15M-26OCT042345-45,0.0020,2.00,no
2026-10-05T03:43:31.017064Z,KXBNB15M-26OCT042345-45,0.0020,137.00,no
2026-10-05T03:43:32.560767Z,KXBNB15M-26OCT042345-45,0.0010,20.00,no
2026-10-05T03:43:32.560767Z,KXBNB15M-26OCT042345-45,0.0010,6.00,no
2026-10-05T03:43:32.560767Z,KXBNB15M-26OCT042345-45,0.0010,197.00,no
2026-10-05T03:43:32.560767Z,KXBNB15M-26OCT042345-45,0.0010,75.00,no
2026-10-05T03:43:32.560767Z,KXBNB15M-26OCT042345-45,0.0010,100.00,no
2026-10-05T03:43:32.560767Z,KXBNB15M-26OCT042345-45,0.0010,1.00,no
2026-10-05T03:43:32.560767Z,KXBNB15M-26OCT042345-45,0.0010,1.00,no
2026-10-05T03:43:32.718229Z,KXBNB15M-26OCT042345-45,0.0010,1.00,no
2026-10-05T03:43:37.308531Z,KXBNB15M-26OCT042345-45,0.0010,1.00,no
2026-10-05T03:43:42.875952Z,KXBNB15M-26OCT042345-45,0.0010,426.00,no
2026-10-05T03:43:43.017675Z,KXBNB15M-26OCT042345-45,0.0010,200.00,no
2026-10-05T03:43:43.033301Z,KXBNB15M-26OCT042345-45,0.0010,200.00,no
2026-10-05T03:43:43.049717Z,KXBNB15M-26OCT042345-45,0.0010,200.00,no
2026-10-05T03:43:43.104774Z,KXBNB15M-26OCT042345-45,0.0010,200.00,no
2026-10-05T03:43:43.183305Z,KXBNB15M-26OCT042345-45,0.0010,200.00,no
2026-10-05T03:43:43.297954Z,KXBNB15M-26OCT042345-45,0.0010,875.00,no
2026-10-05T03:43:43.297954Z,KXBNB15M-26OCT042345-45,0.0010,1.00,no
2026-10-05T03:43:43.297954Z,KXBNB15M-26OCT042345-45,0.0010,100.00,no
2026-10-05T03:43:43.297954Z,KXBNB15M-26OCT042345-45,0.0010,17.00,no
2026-10-05T03:44:07.925284Z,KXBNB15M-26OCT042345-45,0.0010,3.00,yes
2026-10-05T03:44:35.720246Z,KXBNB15M-26OCT042345-45,0.0010,140.00,yes
2026-10-05T03:44:35.720246Z,KXBNB15M-26OCT042345-45,0.0010,775.99,yes
2026-10-05T03:44:38.972201Z,KXBNB15M-26OCT042345-45,0.0010,41.00,yes
2026-10-05T03:41:56.930519Z,KXSOL15M-26OCT042345-45,0.0170,1.15,yes
2026-10-05T03:41:57.081378Z,KXSOL15M-26OCT042345-45,0.0190,17.84,yes
2026-10-05T03:41:57.081378Z,KXSOL15M-26OCT042345-45,0.0170,7.00,yes
2026-10-05T03:41:57.081378Z,KXSOL15M-26OCT042345-45,0.0170,3.85,yes
2026-10-05T03:41:57.081378Z,KXSOL15M-26OCT042345-45,0.0180,5.00,yes
2026-10-05T03:41:57.081378Z,KXSOL15M-26OCT042345-45,0.0180,8.00,yes
2026-10-05T03:41:57.081378Z,KXSOL15M-26OCT042345-45,0.0180,9.00,yes
2026-10-05T03:41:57.516225Z,KXSOL15M-26OCT042345-45,0.0190,2.23,yes
2026-10-05T03:41:59.363493Z,KXSOL15M-26OCT042345-45,0.0210,2.07,yes
2026-10-05T03:41:59.363493Z,KXSOL15M-26OCT042345-45,0.0200,10.00,yes
2026-10-05T03:41:59.363493Z,KXSOL15M-26OCT042345-45,0.0190,1.93,yes
2026-10-05T03:41:59.363493Z,KXSOL15M-26OCT042345-45,0.0200,28.00,yes
2026-10-05T03:41:59.363493Z,KXSOL15M-26OCT042345-45,0.0190,9.00,yes
2026-10-05T03:41:59.363493Z,KXSOL15M-26OCT042345-45,0.0190,4.00,yes
2026-10-05T03:41:59.363493Z,KXSOL15M-26OCT042345-45,0.0180,18.00,yes
2026-10-05T03:41:59.363493Z,KXSOL15M-26OCT042345-45,0.0180,4.00,yes
2026-10-05T03:41:59.373115Z,KXSOL15M-26OCT042345-45,0.0210,3.00,yes
2026-10-05T03:41:59.373115Z,KXSOL15M-26OCT042345-45,0.0210,1.00,yes
2026-10-05T03:41:59.373115Z,KXSOL15M-26OCT042345-45,0.0210,0.98,yes
2026-10-05T03:41:59.373115Z,KXSOL15M-26OCT042345-45,0.0210,12.00,yes
2026-10-05T03:41:59.373115Z,KXSOL15M-26OCT042345-45,0.0210,2.00,yes
2026-10-05T03:41:59.373115Z,KXSOL15M-26OCT042345-45,0.0210,18.95,yes
2026-10-05T03:41:59.373115Z,KXSOL15M-26OCT042345-45,0.0210,37.07,yes
2026-10-05T03:42:00.217502Z,KXSOL15M-26OCT042345-45,0.0210,43.00,yes
2026-10-05T03:42:00.863092Z,KXSOL15M-26OCT042345-45,0.0210,5.00,yes
2026-10-05T03:42:00.937971Z,KXSOL15M-26OCT042345-45,0.0210,24.14,yes
2026-10-05T03:42:01.293458Z,KXSOL15M-26OCT042345-45,0.0210,2.00,yes
2026-10-05T03:42:01.507372Z,KXSOL15M-26OCT042345-45,0.0210,2.00,yes
2026-10-05T03:42:01.892232Z,KXSOL15M-26OCT042345-45,0.0210,44.56,yes
2026-10-05T03:42:02.626402Z,KXSOL15M-26OCT042345-45,0.0190,2.00,no
2026-10-05T03:42:03.223798Z,KXSOL15M-26OCT042345-45,0.0190,5.00,no
2026-10-05T03:42:03.618808Z,KXSOL15M-26OCT042345-45,0.0190,5.00,no
2026-10-05T03:42:03.792281Z,KXSOL15M-26OCT042345-45,0.0190,1.00,no
2026-10-05T03:42:04.814586Z,KXSOL15M-26OCT042345-45,0.0180,0.99,no
2026-10-05T03:42:04.871373Z,KXSOL15M-26OCT042345-45,0.0180,1.01,no
2026-10-05T03:42:05.032679Z,KXSOL15M-26OCT042345-45,0.0190,12.00,no
2026-10-05T03:42:05.032679Z,KXSOL15M-26OCT042345-45,0.0180,28.00,no
2026-10-05T03:42:05.444137Z,KXSOL15M-26OCT042345-45,0.0170,17.00,no
2026-10-05T03:42:05.444137Z,KXSOL15M-26OCT042345-45,0.0170,1.00,no
2026-10-05T03:42:07.133646Z,KXSOL15M-26OCT042345-45,0.0160,15.00,no
2026-10-05T03:42:07.133646Z,KXSOL15M-26OCT042345-45,0.0170,8.00,no
2026-10-05T03:42:07.133646Z,KXSOL15M-26OCT042345-45,0.0170,5.00,no
2026-10-05T03:42:07.133646Z,KXSOL15M-26OCT042345-45,0.0160,20.00,no
2026-10-05T03:42:07.133646Z,KXSOL15M-26OCT042345-45,0.0160,3.00,no
2026-10-05T03:42:10.6277Z,KXSOL15M-26OCT042345-45,0.0170,2.00,yes
2026-10-05T03:42:10.6277Z,KXSOL15M-26OCT042345-45,0.0150,10.00,yes
2026-10-05T03:42:10.6277Z,KXSOL15M-26OCT042345-45,0.0160,41.00,yes
2026-10-05T03:42:10.6277Z,KXSOL15M-26OCT042345-45,0.0170,27.00,yes
2026-10-05T03:42:10.638952Z,KXSOL15M-26OCT042345-45,0.0150,10.00,no
2026-10-05T03:42:10.638952Z,KXSOL15M-26OCT042345-45,0.0150,3.00,no
2026-10-05T03:42:10.638952Z,KXSOL15M-26OCT042345-45,0.0140,2.19,no
2026-10-05T03:42:11.751342Z,KXSOL15M-26OCT042345-45,0.0180,1.00,yes
2026-10-05T03:42:12.19638Z,KXSOL15M-26OCT042345-45,0.0190,18.00,no
2026-10-05T03:42:12.19638Z,KXSOL15M-26OCT042345-45,0.0180,1.00,no
2026-10-05T03:42:12.19638Z,KXSOL15M-26OCT042345-45,0.0180,11.36,no
2026-10-05T03:42:14.670295Z,KXSOL15M-26OCT042345-45,0.0160,5.00,no
2026-10-05T03:42:14.670295Z,KXSOL15M-26OCT042345-45,0.0150,5.00,no
2026-10-05T03:42:14.670295Z,KXSOL15M-26OCT042345-45,0.0150,10.91,no
2026-10-05T03:42:14.670295Z,KXSOL15M-26OCT042345-45,0.0160,1.00,no
2026-10-05T03:42:14.670295Z,KXSOL15M-26OCT042345-45,0.0160,18.00,no
2026-10-05T03:42:14.670295Z,KXSOL15M-26OCT042345-45,0.0150,2.00,no
2026-10-05T03:42:14.733595Z,KXSOL15M-26OCT042345-45,0.0200,10.00,yes
2026-10-05T03:42:14.733595Z,KXSOL15M-26OCT042345-45,0.0210,27.23,yes
2026-10-05T03:42:14.733595Z,KXSOL15M-26OCT042345-45,0.0210,107.25,yes
2026-10-05T03:42:14.733595Z,KXSOL15M-26OCT042345-45,0.0160,22.00,yes
2026-10-05T03:42:14.733595Z,KXSOL15M-26OCT042345-45,0.0170,4.00,yes
2026-10-05T03:42:14.733595Z,KXSOL15M-26OCT042345-45,0.0190,3.00,yes
2026-10-05T03:42:14.733595Z,KXSOL15M-26OCT042345-45,0.0200,3.00,yes
2026-10-05T03:42:14.733595Z,KXSOL15M-26OCT042345-45,0.0200,6.00,yes
2026-10-05T03:42:14.733595Z,KXSOL15M-26OCT042345-45,0.0170,8.00,yes
2026-10-05T03:42:14.733595Z,KXSOL15M-26OCT042345-45,0.0170,17.00,yes
2026-10-05T03:42:14.733595Z,KXSOL15M-26OCT042345-45,0.0180,11.00,yes
2026-10-05T03:42:14.733595Z,KXSOL15M-26OCT042345-45,0.0190,24.00,yes
2026-10-05T03:42:14.733595Z,KXSOL15M-26OCT042345-45,0.0180,10.00,yes
2026-10-05T03:42:16.775966Z,KXSOL15M-26OCT042345-45,0.0200,1.58,yes
2026-10-05T03:42:16.775966Z,KXSOL15M-26OCT042345-45,0.0190,3.00,yes
2026-10-05T03:42:16.775966Z,KXSOL15M-26OCT042345-45,0.0170,70.00,yes
2026-10-05T03:42:16.775966Z,KXSOL15M-26OCT042345-45,0.0200,15.00,yes
2026-10-05T03:42:16.775966Z,KXSOL15M-26OCT042345-45,0.0180,20.00,yes
2026-10-05T03:42:16.775966Z,KXSOL15M-26OCT042345-45,0.0190,15.00,yes
2026-10-05T03:42:17.411787Z,KXSOL15M-26OCT042345-45,0.0190,7.17,yes
2026-10-05T03:42:17.620744Z,KXSOL15M-26OCT042345-45,0.0200,20.55,yes
2026-10-05T03:42:17.620744Z,KXSOL15M-26OCT042345-45,0.0200,1.00,yes
2026-10-05T03:42:17.620744Z,KXSOL15M-26OCT042345-45,0.0200,1.42,yes
2026-10-05T03:42:17.620744Z,KXSOL15M-26OCT042345-45,0.0200,2.00,yes
2026-10-05T03:42:17.620744Z,KXSOL15M-26OCT042345-45,0.0190,17.83,yes
2026-10-05T03:42:17.620744Z,KXSOL15M-26OCT042345-45,0.0190,3.00,yes
2026-10-05T03:42:18.54164Z,KXSOL15M-26OCT042345-45,0.0210,41.10,yes
2026-10-05T03:42:18.54164Z,KXSOL15M-26OCT042345-45,0.0200,3.45,yes
2026-10-05T03:42:21.231364Z,KXSOL15M-26OCT042345-45,0.0170,26.25,no
2026-10-05T03:42:21.231364Z,KXSOL15M-26OCT042345-45,0.0180,9.00,no
2026-10-05T03:42:21.315932Z,KXSOL15M-26OCT042345-45,0.0190,6.00,yes
2026-10-05T03:42:21.315932Z,KXSOL15M-26OCT042345-45,0.0190,6.00,yes
2026-10-05T03:42:21.315932Z,KXSOL15M-26OCT042345-45,0.0180,32.00,yes
2026-10-05T03:42:21.315932Z,KXSOL15M-26OCT042345-45,0.0190,0.24,yes
2026-10-05T03:42:21.315932Z,KXSOL15M-26OCT042345-45,0.0190,3.00,yes
2026-10-05T03:42:22.470228Z,KXSOL15M-26OCT042345-45,0.0150,38.00,no
2026-10-05T03:42:22.782009Z,KXSOL15M-26OCT042345-45,0.0140,3.00,no
2026-10-05T03:42:22.798769Z,KXSOL15M-26OCT042345-45,0.0130,4.00,no
2026-10-05T03:42:22.798769Z,KXSOL15M-26OCT042345-45,0.0130,26.00,no
2026-10-05T03:42:22.805751Z,KXSOL15M-26OCT042345-45,0.0130,3.00,no
2026-10-05T03:42:23.022809Z,KXSOL15M-26OCT042345-45,0.0130,15.00,no
2026-10-05T03:42:23.135895Z,KXSOL15M-26OCT042345-45,0.0130,10.00,no
2026-10-05T03:42:23.135895Z,KXSOL15M-26OCT042345-45,0.0130,7.00,no
2026-10-05T03:42:23.135895Z,KXSOL15M-26OCT042345-45,0.0120,82.00,no
2026-10-05T03:42:23.136032Z,KXSOL15M-26OCT042345-45,0.0120,1.00,no
2026-10-05T03:42:23.136032Z,KXSOL15M-26OCT042345-45,0.0120,40.00,no
2026-10-05T03:42:23.136032Z,KXSOL15M-26OCT042345-45,0.0120,50.04,no
2026-10-05T03:42:23.136032Z,KXSOL15M-26OCT042345-45,0.0110,7.96,no
2026-10-05T03:42:23.912149Z,KXSOL15M-26OCT042345-45,0.0110,11.00,no
2026-10-05T03:42:23.966966Z,KXSOL15M-26OCT042345-45,0.0110,1.96,no
2026-10-05T03:42:23.966966Z,KXSOL15M-26OCT042345-45,0.0110,0.04,no
2026-10-05T03:42:23.974532Z,KXSOL15M-26OCT042345-45,0.0110,1.00,no
2026-10-05T03:42:24.089462Z,KXSOL15M-26OCT042345-45,0.0120,35.00,yes
2026-10-05T03:42:24.089462Z,KXSOL15M-26OCT042345-45,0.0120,1.96,yes
2026-10-05T03:42:24.089462Z,KXSOL15M-26OCT042345-45,0.0120,27.00,yes
2026-10-05T03:42:24.089462Z,KXSOL15M-26OCT042345-45,0.0130,2.00,yes
2026-10-05T03:42:24.089462Z,KXSOL15M-26OCT042345-45,0.0130,1.73,yes
2026-10-05T03:42:24.089462Z,KXSOL15M-26OCT042345-45,0.0120,3.00,yes
2026-10-05T03:42:24.089462Z,KXSOL15M-26OCT042345-45,0.0120,1.00,yes
2026-10-05T03:42:24.089462Z,KXSOL15M-26OCT042345-45,0.0130,3.00,yes
2026-10-05T03:42:24.09577Z,KXSOL15M-26OCT042345-45,0.0110,1.00,no
2026-10-05T03:42:24.09577Z,KXSOL15M-26OCT042345-45,0.0110,10.00,no
2026-10-05T03:42:24.09577Z,KXSOL15M-26OCT042345-45,0.0110,31.96,no
2026-10-05T03:42:24.09577Z,KXSOL15M-26OCT042345-45,0.0110,37.04,no
2026-10-05T03:42:24.402933Z,KXSOL15M-26OCT042345-45,0.0110,45.00,no
2026-10-05T03:42:24.402933Z,KXSOL15M-26OCT042345-45,0.0110,7.00,no
2026-10-05T03:42:24.402933Z,KXSOL15M-26OCT042345-45,0.0110,1.00,no
2026-10-05T03:42:24.402933Z,KXSOL15M-26OCT042345-45,0.0110,68.04,no
2026-10-05T03:42:24.402933Z,KXSOL15M-26OCT042345-45,0.0110,2.00,no
2026-10-05T03:42:24.402933Z,KXSOL15M-26OCT042345-45,0.0110,2.00,no
2026-10-05T03:42:24.402933Z,KXSOL15M-26OCT042345-45,0.0110,20.00,no
2026-10-05T03:42:24.402933Z,KXSOL15M-26OCT042345-45,0.0110,1.00,no
2026-10-05T03:42:24.881238Z,KXSOL15M-26OCT042345-45,0.0100,5.00,no
2026-10-05T03:42:24.881238Z,KXSOL15M-26OCT042345-45,0.0100,10.00,no
2026-10-05T03:42:24.940043Z,KXSOL15M-26OCT042345-45,0.0100,5.00,no
2026-10-05T03:42:25.500322Z,KXSOL15M-26OCT042345-45,0.0100,23.00,no
2026-10-05T03:42:25.507234Z,KXSOL15M-26OCT042345-45,0.0100,2.00,no
2026-10-05T03:42:25.512627Z,KXSOL15M-26OCT042345-45,0.0100,4.00,no
2026-10-05T03:42:25.512627Z,KXSOL15M-26OCT042345-45,0.0100,1.00,no
2026-10-05T03:42:25.512627Z,KXSOL15M-26OCT042345-45,0.0100,5.00,no
2026-10-05T03:42:26.026892Z,KXSOL15M-26OCT042345-45,0.0100,4.00,no
2026-10-05T03:42:26.131213Z,KXSOL15M-26OCT042345-45,0.0100,2.00,no
2026-10-05T03:42:26.211724Z,KXSOL15M-26OCT042345-45,0.0100,15.00,no
2026-10-05T03:42:26.211724Z,KXSOL15M-26OCT042345-45,0.0100,15.33,no
2026-10-05T03:42:26.321264Z,KXSOL15M-26OCT042345-45,0.0100,12.12,no
2026-10-05T03:42:26.321264Z,KXSOL15M-26OCT042345-45,0.0100,2.00,no
2026-10-05T03:42:26.321264Z,KXSOL15M-26OCT042345-45,0.0100,4.67,no
2026-10-05T03:42:26.591726Z,KXSOL15M-26OCT042345-45,0.0110,4.00,yes
2026-10-05T03:42:26.591726Z,KXSOL15M-26OCT042345-45,0.0110,16.02,yes
2026-10-05T03:42:26.591726Z,KXSOL15M-26OCT042345-45,0.0110,2.00,yes
2026-10-05T03:42:26.591726Z,KXSOL15M-26OCT042345-45,0.0110,15.00,yes
2026-10-05T03:42:26.591726Z,KXSOL15M-26OCT042345-45,0.0110,4.00,yes
2026-10-05T03:42:26.591726Z,KXSOL15M-26OCT042345-45,0.0110,41.00,yes
2026-10-05T03:42:26.591726Z,KXSOL15M-26OCT042345-45,0.0110,3.00,yes
2026-10-05T03:42:28.295073Z,KXSOL15M-26OCT042345-45,0.0110,21.02,yes
2026-10-05T03:42:28.295073Z,KXSOL15M-26OCT042345-45,0.0110,5.00,yes
2026-10-05T03:42:28.295073Z,KXSOL15M-26OCT042345-45,0.0110,5.00,yes
2026-10-05T03:42:28.295073Z,KXSOL15M-26OCT042345-45,0.0120,29.00,yes
2026-10-05T03:42:28.295073Z,KXSOL15M-26OCT042345-45,0.0110,23.00,yes
2026-10-05T03:42:28.295073Z,KXSOL15M-26OCT042345-45,0.0110,3.00,yes
2026-10-05T03:42:28.295073Z,KXSOL15M-26OCT042345-45,0.0110,5.00,yes
2026-10-05T03:42:28.295073Z,KXSOL15M-26OCT042345-45,0.0130,38.27,yes
2026-10-05T03:42:28.295073Z,KXSOL15M-26OCT042345-45,0.0110,2.00,yes
2026-10-05T03:42:28.295073Z,KXSOL15M-26OCT042345-45,0.0110,14.00,yes
2026-10-05T03:42:28.295073Z,KXSOL15M-26OCT042345-45,0.0140,122.61,yes
2026-10-05T03:42:28.295073Z,KXSOL15M-26OCT042345-45,0.0120,3.00,yes
2026-10-05T03:42:28.295073Z,KXSOL15M-26OCT042345-45,0.0140,1.00,yes
2026-10-05T03:42:28.295073Z,KXSOL15M-26OCT042345-45,0.0130,20.00,yes
2026-10-05T03:42:28.331421Z,KXSOL15M-26OCT042345-45,0.0130,25.00,yes
2026-10-05T03:42:28.331421Z,KXSOL15M-26OCT042345-45,0.0130,3.00,yes
2026-10-05T03:42:28.331421Z,KXSOL15M-26OCT042345-45,0.0140,3.00,yes
2026-10-05T03:42:28.331421Z,KXSOL15M-26OCT042345-45,0.0150,6.00,yes
2026-10-05T03:42:28.331421Z,KXSOL15M-26OCT042345-45,0.0140,9.43,yes
2026-10-05T03:42:28.331421Z,KXSOL15M-26OCT042345-45,0.0200,15.00,yes
2026-10-05T03:42:28.331421Z,KXSOL15M-26OCT042345-45,0.0200,10.00,yes
2026-10-05T03:42:28.331421Z,KXSOL15M-26OCT042345-45,0.0200,15.00,yes
2026-10-05T03:42:28.331421Z,KXSOL15M-26OCT042345-45,0.0200,7.96,yes
2026-10-05T03:42:28.331421Z,KXSOL15M-26OCT042345-45,0.0200,11.00,yes
2026-10-05T03:42:28.331421Z,KXSOL15M-26OCT042345-45,0.0200,0.04,yes
2026-10-05T03:42:28.331421Z,KXSOL15M-26OCT042345-45,0.0190,11.00,yes
2026-10-05T03:42:28.331421Z,KXSOL15M-26OCT042345-45,0.0180,5.00,yes
2026-10-05T03:42:28.331421Z,KXSOL15M-26OCT042345-45,0.0200,64.16,yes
2026-10-05T03:42:28.557406Z,KXSOL15M-26OCT042345-45,0.0130,1.38,no
2026-10-05T03:42:28.628576Z,KXSOL15M-26OCT042345-45,0.0130,1.00,no
2026-10-05T03:42:28.636867Z,KXSOL15M-26OCT042345-45,0.0130,1.00,no
2026-10-05T03:42:28.916185Z,KXSOL15M-26OCT042345-45,0.0140,4.00,yes
2026-10-05T03:42:28.916185Z,KXSOL15M-26OCT042345-45,0.0170,20.00,yes
2026-10-05T03:42:28.916185Z,KXSOL15M-26OCT042345-45,0.0180,1.00,yes
2026-10-05T03:42:28.916185Z,KXSOL15M-26OCT042345-45,0.0160,3.00,yes
2026-10-05T03:42:28.916185Z,KXSOL15M-26OCT042345-45,0.0140,1.00,yes
2026-10-05T03:42:28.916185Z,KXSOL15M-26OCT042345-45,0.0180,5.00,yes
2026-10-05T03:42:28.916185Z,KXSOL15M-26OCT042345-45,0.0200,4.37,yes
2026-10-05T03:42:28.916185Z,KXSOL15M-26OCT042345-45,0.0150,1.00,yes
2026-10-05T03:42:28.916185Z,KXSOL15M-26OCT042345-45,0.0140,11.00,yes
2026-10-05T03:42:28.916185Z,KXSOL15M-26OCT042345-45,0.0170,1.00,yes
2026-10-05T03:42:28.916185Z,KXSOL15M-26OCT042345-45,0.0150,19.00,yes
2026-10-05T03:42:28.916185Z,KXSOL15M-26OCT042345-45,0.0160,1.00,yes
2026-10-05T03:42:28.916185Z,KXSOL15M-26OCT042345-45,0.0150,3.00,yes
2026-10-05T03:42:28.916185Z,KXSOL15M-26OCT042345-45,0.0190,1.00,yes
2026-10-05T03:42:29.809694Z,KXSOL15M-26OCT042345-45,0.0130,3.00,no
2026-10-05T03:42:30.319133Z,KXSOL15M-26OCT042345-45,0.0140,2.00,no
2026-10-05T03:42:30.458227Z,KXSOL15M-26OCT042345-45,0.0170,10.00,yes
2026-10-05T03:42:30.458227Z,KXSOL15M-26OCT042345-45,0.0180,77.00,yes
2026-10-05T03:42:30.458227Z,KXSOL15M-26OCT042345-45,0.0170,12.00,yes
2026-10-05T03:42:30.458329Z,KXSOL15M-26OCT042345-45,0.0180,19.00,yes
2026-10-05T03:42:30.458329Z,KXSOL15M-26OCT042345-45,0.0180,23.00,yes
2026-10-05T03:42:30.484648Z,KXSOL15M-26OCT042345-45,0.0200,41.00,yes
2026-10-05T03:42:30.484648Z,KXSOL15M-26OCT042345-45,0.0190,16.00,yes
2026-10-05T03:42:30.517925Z,KXSOL15M-26OCT042345-45,0.0190,24.00,yes
2026-10-05T03:42:31.215863Z,KXSOL15M-26OCT042345-45,0.0200,18.18,yes
2026-10-05T03:42:31.215863Z,KXSOL15M-26OCT042345-45,0.0200,1.00,yes
2026-10-05T03:42:33.519273Z,KXSOL15M-26OCT042345-45,0.0180,1.30,no
2026-10-05T03:42:33.987858Z,KXSOL15M-26OCT042345-45,0.0180,18.00,yes
2026-10-05T03:42:33.987858Z,KXSOL15M-26OCT042345-45,0.0190,2.00,yes
2026-10-05T03:42:33.987858Z,KXSOL15M-26OCT042345-45,0.0190,6.67,yes
2026-10-05T03:42:34.101999Z,KXSOL15M-26OCT042345-45,0.0140,1.30,no
2026-10-05T03:42:34.115118Z,KXSOL15M-26OCT042345-45,0.0150,0.01,no
2026-10-05T03:42:34.401608Z,KXSOL15M-26OCT042345-45,0.0100,4.09,no
2026-10-05T03:42:34.401608Z,KXSOL15M-26OCT042345-45,0.0100,25.00,no
2026-10-05T03:42:34.401608Z,KXSOL15M-26OCT042345-45,0.0170,12.00,no
2026-10-05T03:42:34.401608Z,KXSOL15M-26OCT042345-45,0.0130,1.00,no
2026-10-05T03:42:34.401608Z,KXSOL15M-26OCT042345-45,0.0160,34.00,no
2026-10-05T03:42:34.401608Z,KXSOL15M-26OCT042345-45,0.0100,6.00,no
2026-10-05T03:42:34.401608Z,KXSOL15M-26OCT042345-45,0.0100,3.00,no
2026-10-05T03:42:34.401608Z,KXSOL15M-26OCT042345-45,0.0100,1.00,no
2026-10-05T03:42:34.465045Z,KXSOL15M-26OCT042345-45,0.0100,92.00,yes
2026-10-05T03:42:34.749419Z,KXSOL15M-26OCT042345-45,0.0090,36.00,no
2026-10-05T03:42:34.749419Z,KXSOL15M-26OCT042345-45,0.0090,3.00,no
2026-10-05T03:42:34.749419Z,KXSOL15M-26OCT042345-45,0.0090,1.00,no
2026-10-05T03:42:34.756753Z,KXSOL15M-26OCT042345-45,0.0090,29.00,no
2026-10-05T03:42:36.81363Z,KXSOL15M-26OCT042345-45,0.0090,11.00,yes
2026-10-05T03:42:36.81363Z,KXSOL15M-26OCT042345-45,0.0090,0.95,yes
2026-10-05T03:42:36.81363Z,KXSOL15M-26OCT042345-45,0.0090,40.00,yes
2026-10-05T03:42:37.117725Z,KXSOL15M-26OCT042345-45,0.0090,33.05,yes
2026-10-05T03:42:37.117725Z,KXSOL15M-26OCT042345-45,0.0090,4.00,yes
2026-10-05T03:42:37.117725Z,KXSOL15M-26OCT042345-45,0.0090,24.78,yes
2026-10-05T03:42:37.117725Z,KXSOL15M-26OCT042345-45,0.0090,40.00,yes
2026-10-05T03:42:37.563582Z,KXSOL15M-26OCT042345-45,0.0080,1.00,no
2026-10-05T03:42:37.798287Z,KXSOL15M-26OCT042345-45,0.0090,15.22,yes
2026-10-05T03:42:37.798287Z,KXSOL15M-26OCT042345-45,0.0090,20.73,yes
2026-10-05T03:42:37.798287Z,KXSOL15M-26OCT042345-45,0.0090,16.00,yes
2026-10-05T03:42:38.129981Z,KXSOL15M-26OCT042345-45,0.0090,5.08,yes
2026-10-05T03:42:38.131656Z,KXSOL15M-26OCT042345-45,0.0050,11.00,no
2026-10-05T03:42:38.131656Z,KXSOL15M-26OCT042345-45,0.0050,1.00,no
2026-10-05T03:42:38.131656Z,KXSOL15M-26OCT042345-45,0.0060,1.00,no
2026-10-05T03:42:38.131656Z,KXSOL15M-26OCT042345-45,0.0070,1.00,no
2026-10-05T03:42:38.131656Z,KXSOL15M-26OCT042345-45,0.0050,1.00,no
2026-10-05T03:42:38.131656Z,KXSOL15M-26OCT042345-45,0.0040,48.45,no
2026-10-05T03:42:38.131656Z,KXSOL15M-26OCT042345-45,0.0040,78.00,no
2026-10-05T03:42:38.131656Z,KXSOL15M-26OCT042345-45,0.0080,3.00,no
2026-10-05T03:42:38.131656Z,KXSOL15M-26OCT042345-45,0.0080,5.00,no
2026-10-05T03:42:38.131656Z,KXSOL15M-26OCT042345-45,0.0080,16.00,no
2026-10-05T03:42:38.131656Z,KXSOL15M-26OCT042345-45,0.0070,20.00,no
2026-10-05T03:42:38.131656Z,KXSOL15M-26OCT042345-45,0.0070,3.00,no
2026-10-05T03:42:38.131656Z,KXSOL15M-26OCT042345-45,0.0050,9.00,no
2026-10-05T03:42:38.131656Z,KXSOL15M-26OCT042345-45,0.0070,22.00,no
2026-10-05T03:42:38.131656Z,KXSOL15M-26OCT042345-45,0.0060,30.00,no
2026-10-05T03:42:38.131656Z,KXSOL15M-26OCT042345-45,0.0050,41.00,no
2026-10-05T03:42:38.131656Z,KXSOL15M-26OCT042345-45,0.0050,5.00,no
2026-10-05T03:42:38.389677Z,KXSOL15M-26OCT042345-45,0.0090,4.00,yes
2026-10-05T03:42:38.435461Z,KXSOL15M-26OCT042345-45,0.0090,3.00,no
2026-10-05T03:42:38.43876Z,KXSOL15M-26OCT042345-45,0.0100,12.00,yes
2026-10-05T03:42:38.607924Z,KXSOL15M-26OCT042345-45,0.0090,3.00,no
2026-10-05T03:42:38.715633Z,KXSOL15M-26OCT042345-45,0.0090,32.00,no
2026-10-05T03:42:38.77165Z,KXSOL15M-26OCT042345-45,0.0090,1.00,no
2026-10-05T03:42:38.946794Z,KXSOL15M-26OCT042345-45,0.0080,9.45,no
2026-10-05T03:42:39.394182Z,KXSOL15M-26OCT042345-45,0.0100,3.00,yes
2026-10-05T03:42:39.403566Z,KXSOL15M-26OCT042345-45,0.0100,3.00,yes
2026-10-05T03:42:39.497742Z,KXSOL15M-26OCT042345-45,0.0100,12.00,yes
2026-10-05T03:42:39.559135Z,KXSOL15M-26OCT042345-45,0.0090,13.50,no
2026-10-05T03:42:39.559135Z,KXSOL15M-26OCT042345-45,0.0090,1.00,no
2026-10-05T03:42:40.079769Z,KXSOL15M-26OCT042345-45,0.0100,80.00,yes
2026-10-05T03:42:40.0863Z,KXSOL15M-26OCT042345-45,0.0100,1.00,yes
2026-10-05T03:42:42.276408Z,KXSOL15M-26OCT042345-45,0.0100,140.00,yes
2026-10-05T03:42:42.283625Z,KXSOL15M-26OCT042345-45,0.0100,127.00,yes
2026-10-05T03:42:42.289992Z,KXSOL15M-26OCT042345-45,0.0100,84.00,yes
2026-10-05T03:42:42.293056Z,KXSOL15M-26OCT042345-45,0.0100,2.00,yes
2026-10-05T03:42:42.298004Z,KXSOL15M-26OCT042345-45,0.0100,6.00,yes
2026-10-05T03:42:42.310946Z,KXSOL15M-26OCT042345-45,0.0100,21.00,yes
2026-10-05T03:42:42.3872Z,KXSOL15M-26OCT042345-45,0.0100,88.00,yes
2026-10-05T03:42:42.407801Z,KXSOL15M-26OCT042345-45,0.0100,54.00,yes
2026-10-05T03:42:42.4161Z,KXSOL15M-26OCT042345-45,0.0100,2.00,yes
2026-10-05T03:42:42.419249Z,KXSOL15M-26OCT042345-45,0.0100,25.00,yes
2026-10-05T03:42:42.419249Z,KXSOL15M-26OCT042345-45,0.0100,86.91,yes
2026-10-05T03:42:42.500009Z,KXSOL15M-26OCT042345-45,0.0100,3.00,no
2026-10-05T03:42:42.500009Z,KXSOL15M-26OCT042345-45,0.0100,6.00,no
2026-10-05T03:42:42.500009Z,KXSOL15M-26OCT042345-45,0.0110,3.00,no
2026-10-05T03:42:42.500009Z,KXSOL15M-26OCT042345-45,0.0110,100.00,no
2026-10-05T03:42:43.066929Z,KXSOL15M-26OCT042345-45,0.0110,8.50,yes
2026-10-05T03:42:43.557434Z,KXSOL15M-26OCT042345-45,0.0090,3.00,no
2026-10-05T03:42:43.557434Z,KXSOL15M-26OCT042345-45,0.0090,14.00,no
2026-10-05T03:42:44.633531Z,KXSOL15M-26OCT042345-45,0.0110,76.52,yes
2026-10-05T03:42:44.633531Z,KXSOL15M-26OCT042345-45,0.0100,6.00,yes
2026-10-05T03:42:44.633531Z,KXSOL15M-26OCT042345-45,0.0100,3.00,yes
2026-10-05T03:42:44.701505Z,KXSOL15M-26OCT042345-45,0.0070,88.00,no
2026-10-05T03:42:44.711474Z,KXSOL15M-26OCT042345-45,0.0070,12.00,no
2026-10-05T03:42:45.872532Z,KXSOL15M-26OCT042345-45,0.0070,1.00,no
2026-10-05T03:42:45.998725Z,KXSOL15M-26OCT042345-45,0.0110,3.00,yes
2026-10-05T03:42:45.998725Z,KXSOL15M-26OCT042345-45,0.0110,11.98,yes
2026-10-05T03:42:45.998725Z,KXSOL15M-26OCT042345-45,0.0120,41.05,yes
2026-10-05T03:42:46.456894Z,KXSOL15M-26OCT042345-45,0.0140,3.00,yes
2026-10-05T03:42:46.456894Z,KXSOL15M-26OCT042345-45,0.0130,3.00,yes
2026-10-05T03:42:46.456894Z,KXSOL15M-26OCT042345-45,0.0150,74.00,yes
2026-10-05T03:42:46.456894Z,KXSOL15M-26OCT042345-45,0.0200,5.44,yes
2026-10-05T03:42:46.456894Z,KXSOL15M-26OCT042345-45,0.0120,36.95,yes
2026-10-05T03:42:46.456894Z,KXSOL15M-26OCT042345-45,0.0170,42.00,yes
2026-10-05T03:42:46.456894Z,KXSOL15M-26OCT042345-45,0.0160,43.00,yes
2026-10-05T03:42:46.456894Z,KXSOL15M-26OCT042345-45,0.0200,10.00,yes
2026-10-05T03:42:46.456894Z,KXSOL15M-26OCT042345-45,0.0140,62.00,yes
2026-10-05T03:42:46.456894Z,KXSOL15M-26OCT042345-45,0.0130,33.00,yes
2026-10-05T03:42:46.710071Z,KXSOL15M-26OCT042345-45,0.0080,22.00,no
2026-10-05T03:42:46.710071Z,KXSOL15M-26OCT042345-45,0.0080,8.00,no
2026-10-05T03:42:47.481694Z,KXSOL15M-26OCT042345-45,0.0050,1.00,no
2026-10-05T03:42:47.481694Z,KXSOL15M-26OCT042345-45,0.0050,9.00,no
2026-10-05T03:42:47.835581Z,KXSOL15M-26OCT042345-45,0.0130,8.63,yes
2026-10-05T03:42:47.835581Z,KXSOL15M-26OCT042345-45,0.0090,3.00,yes
2026-10-05T03:42:47.835581Z,KXSOL15M-26OCT042345-45,0.0100,3.00,yes
2026-10-05T03:42:47.835581Z,KXSOL15M-26OCT042345-45,0.0080,1.00,yes
2026-10-05T03:42:48.087355Z,KXSOL15M-26OCT042345-45,0.0050,6.00,no
2026-10-05T03:42:48.162998Z,KXSOL15M-26OCT042345-45,0.0140,23.08,yes
2026-10-05T03:42:48.162998Z,KXSOL15M-26OCT042345-45,0.0110,3.00,yes
2026-10-05T03:42:48.162998Z,KXSOL15M-26OCT042345-45,0.0130,100.00,yes
2026-10-05T03:42:48.271201Z,KXSOL15M-26OCT042345-45,0.0140,14.19,yes
2026-10-05T03:42:48.271201Z,KXSOL15M-26OCT042345-45,0.0130,13.00,yes
2026-10-05T03:42:48.271201Z,KXSOL15M-26OCT042345-45,0.0090,23.00,yes
2026-10-05T03:42:48.271201Z,KXSOL15M-26OCT042345-45,0.0130,23.00,yes
2026-10-05T03:42:49.263555Z,KXSOL15M-26OCT042345-45,0.0130,0.02,yes
2026-10-05T03:42:49.263555Z,KXSOL15M-26OCT042345-45,0.0130,100.00,yes
2026-10-05T03:42:49.263555Z,KXSOL15M-26OCT042345-45,0.0140,10.71,yes
2026-10-05T03:42:49.263555Z,KXSOL15M-26OCT042345-45,0.0120,23.00,yes
2026-10-05T03:42:49.263555Z,KXSOL15M-26OCT042345-45,0.0110,0.02,yes
2026-10-05T03:42:49.263555Z,KXSOL15M-26OCT042345-45,0.0120,0.02,yes
2026-10-05T03:42:49.263555Z,KXSOL15M-26OCT042345-45,0.0130,14.00,yes
2026-10-05T03:42:49.550531Z,KXSOL15M-26OCT042345-45,0.0130,48.00,yes
2026-10-05T03:42:49.550531Z,KXSOL15M-26OCT042345-45,0.0140,0.02,yes
2026-10-05T03:42:49.550531Z,KXSOL15M-26OCT042345-45,0.0150,3.88,yes
2026-10-05T03:42:49.550531Z,KXSOL15M-26OCT042345-45,0.0140,80.02,yes
2026-10-05T03:42:49.550531Z,KXSOL15M-26OCT042345-45,0.0150,4.00,yes
2026-10-05T03:42:49.992176Z,KXSOL15M-26OCT042345-45,0.0120,35.97,yes
2026-10-05T03:42:51.100818Z,KXSOL15M-26OCT042345-45,0.0070,20.00,no
2026-10-05T03:42:51.353447Z,KXSOL15M-26OCT042345-45,0.0080,10.46,yes
2026-10-05T03:42:52.157836Z,KXSOL15M-26OCT042345-45,0.0090,3.00,yes
2026-10-05T03:42:53.027141Z,KXSOL15M-26OCT042345-45,0.0110,0.01,yes
2026-10-05T03:42:53.027141Z,KXSOL15M-26OCT042345-45,0.0120,32.05,yes
2026-10-05T03:42:53.027141Z,KXSOL15M-26OCT042345-45,0.0120,0.02,yes
2026-10-05T03:42:53.027141Z,KXSOL15M-26OCT042345-45,0.0100,16.00,yes
2026-10-05T03:42:53.027141Z,KXSOL15M-26OCT042345-45,0.0110,3.00,yes
2026-10-05T03:42:53.027141Z,KXSOL15M-26OCT042345-45,0.0090,0.01,yes
2026-10-05T03:42:53.027141Z,KXSOL15M-26OCT042345-45,0.0090,37.00,yes
2026-10-05T03:42:53.099013Z,KXSOL15M-26OCT042345-45,0.0100,1.30,no
2026-10-05T03:42:53.865096Z,KXSOL15M-26OCT042345-45,0.0100,60.00,yes
2026-10-05T03:42:53.865096Z,KXSOL15M-26OCT042345-45,0.0080,29.00,yes
2026-10-05T03:42:54.64839Z,KXSOL15M-26OCT042345-45,0.0070,15.00,no
2026-10-05T03:42:55.716125Z,KXSOL15M-26OCT042345-45,0.0080,0.01,yes
2026-10-05T03:42:55.716125Z,KXSOL15M-26OCT042345-45,0.0080,1.00,yes
2026-10-05T03:42:56.426274Z,KXSOL15M-26OCT042345-45,0.0090,85.21,yes
2026-10-05T03:42:56.426274Z,KXSOL15M-26OCT042345-45,0.0080,10.00,yes
2026-10-05T03:42:56.426274Z,KXSOL15M-26OCT042345-45,0.0080,0.01,yes
2026-10-05T03:42:56.426274Z,KXSOL15M-26OCT042345-45,0.0080,10.00,yes
2026-10-05T03:42:58.011413Z,KXSOL15M-26OCT042345-45,0.0080,11.00,yes
2026-10-05T03:42:58.011413Z,KXSOL15M-26OCT042345-45,0.0080,0.01,yes
2026-10-05T03:42:59.564177Z,KXSOL15M-26OCT042345-45,0.0090,30.70,yes
2026-10-05T03:42:59.564177Z,KXSOL15M-26OCT042345-45,0.0080,9.00,yes
2026-10-05T03:42:59.564177Z,KXSOL15M-26OCT042345-45,0.0080,0.01,yes
2026-10-05T03:42:59.564177Z,KXSOL15M-26OCT042345-45,0.0080,14.00,yes
2026-10-05T03:42:59.564177Z,KXSOL15M-26OCT042345-45,0.0090,0.02,yes
2026-10-05T03:42:59.669982Z,KXSOL15M-26OCT042345-45,0.0080,40.00,no
2026-10-05T03:42:59.669982Z,KXSOL15M-26OCT042345-45,0.0070,10.32,no
2026-10-05T03:43:00.037317Z,KXSOL15M-26OCT042345-45,0.0070,2.01,no
2026-10-05T03:43:00.055951Z,KXSOL15M-26OCT042345-45,0.0070,22.83,no
2026-10-05T03:43:00.07825Z,KXSOL15M-26OCT042345-45,0.0070,1.00,no
2026-10-05T03:43:00.61748Z,KXSOL15M-26OCT042345-45,0.0080,10.32,yes
2026-10-05T03:43:00.61748Z,KXSOL15M-26OCT042345-45,0.0080,0.01,yes
2026-10-05T03:43:00.61748Z,KXSOL15M-26OCT042345-45,0.0080,0.83,yes
2026-10-05T03:43:00.61748Z,KXSOL15M-26OCT042345-45,0.0080,2.01,yes
2026-10-05T03:43:00.61748Z,KXSOL15M-26OCT042345-45,0.0080,22.83,yes
2026-10-05T03:43:00.624689Z,KXSOL15M-26OCT042345-45,0.0080,9.83,yes
2026-10-05T03:43:00.624689Z,KXSOL15M-26OCT042345-45,0.0080,0.17,yes
2026-10-05T03:43:00.631371Z,KXSOL15M-26OCT042345-45,0.0080,3.00,yes
2026-10-05T03:43:00.691454Z,KXSOL15M-26OCT042345-45,0.0090,4.00,yes
2026-10-05T03:43:00.707631Z,KXSOL15M-26OCT042345-45,0.0090,20.00,yes
2026-10-05T03:43:00.716857Z,KXSOL15M-26OCT042345-45,0.0090,8.00,yes
2026-10-05T03:43:00.725724Z,KXSOL15M-26OCT042345-45,0.0090,4.00,yes
2026-10-05T03:43:00.742743Z,KXSOL15M-26OCT042345-45,0.0090,4.00,yes
2026-10-05T03:43:00.748917Z,KXSOL15M-26OCT042345-45,0.0090,0.01,yes
2026-10-05T03:43:00.808326Z,KXSOL15M-26OCT042345-45,0.0100,9.99,yes
2026-10-05T03:43:00.808326Z,KXSOL15M-26OCT042345-45,0.0100,0.01,yes
2026-10-05T03:43:00.817943Z,KXSOL15M-26OCT042345-45,0.0100,1.00,yes
2026-10-05T03:43:00.98763Z,KXSOL15M-26OCT042345-45,0.0130,0.02,yes
2026-10-05T03:43:00.98763Z,KXSOL15M-26OCT042345-45,0.0140,0.01,yes
2026-10-05T03:43:00.98763Z,KXSOL15M-26OCT042345-45,0.0130,3.00,yes
2026-10-05T03:43:00.98763Z,KXSOL15M-26OCT042345-45,0.0120,0.02,yes
2026-10-05T03:43:00.98763Z,KXSOL15M-26OCT042345-45,0.0110,0.02,yes
2026-10-05T03:43:00.98763Z,KXSOL15M-26OCT042345-45,0.0140,2.62,yes
2026-10-05T03:43:00.98763Z,KXSOL15M-26OCT042345-45,0.0100,5.31,yes
2026-10-05T03:43:01.251818Z,KXSOL15M-26OCT042345-45,0.0100,6.00,no
2026-10-05T03:43:01.251818Z,KXSOL15M-26OCT042345-45,0.0100,6.00,no
2026-10-05T03:43:01.282347Z,KXSOL15M-26OCT042345-45,0.0090,7.00,no
2026-10-05T03:43:01.514372Z,KXSOL15M-26OCT042345-45,0.0160,1.96,yes
2026-10-05T03:43:01.514372Z,KXSOL15M-26OCT042345-45,0.0140,7.00,yes
2026-10-05T03:43:01.514372Z,KXSOL15M-26OCT042345-45,0.0150,3.00,yes
2026-10-05T03:43:01.514372Z,KXSOL15M-26OCT042345-45,0.0160,0.02,yes
2026-10-05T03:43:01.514372Z,KXSOL15M-26OCT042345-45,0.0150,0.02,yes
2026-10-05T03:43:01.534236Z,KXSOL15M-26OCT042345-45,0.0170,15.98,yes
2026-10-05T03:43:01.534236Z,KXSOL15M-26OCT042345-45,0.0170,0.02,yes
2026-10-05T03:43:01.541286Z,KXSOL15M-26OCT042345-45,0.0170,30.02,yes
2026-10-05T03:43:01.541286Z,KXSOL15M-26OCT042345-45,0.0170,12.00,yes
2026-10-05T03:43:01.547745Z,KXSOL15M-26OCT042345-45,0.0180,0.02,yes
2026-10-05T03:43:01.547745Z,KXSOL15M-26OCT042345-45,0.0180,3.98,yes
2026-10-05T03:43:01.547863Z,KXSOL15M-26OCT042345-45,0.0190,0.02,yes
2026-10-05T03:43:01.547863Z,KXSOL15M-26OCT042345-45,0.0200,10.00,yes
2026-10-05T03:43:01.547863Z,KXSOL15M-26OCT042345-45,0.0200,5.96,yes
2026-10-05T03:43:01.547863Z,KXSOL15M-26OCT042345-45,0.0180,13.02,yes
2026-10-05T03:43:01.54796Z,KXSOL15M-26OCT042345-45,0.0200,0.94,yes
2026-10-05T03:43:01.54796Z,KXSOL15M-26OCT042345-45,0.0200,0.02,yes
2026-10-05T03:43:01.54796Z,KXSOL15M-26OCT042345-45,0.0200,3.04,yes
2026-10-05T03:43:01.567468Z,KXSOL15M-26OCT042345-45,0.0190,10.00,yes
2026-10-05T03:43:01.567531Z,KXSOL15M-26OCT042345-45,0.0190,1.00,yes
2026-10-05T03:43:01.567626Z,KXSOL15M-26OCT042345-45,0.0200,4.00,yes
2026-10-05T03:43:01.757188Z,KXSOL15M-26OCT042345-45,0.0180,3.00,no
2026-10-05T03:43:01.757188Z,KXSOL15M-26OCT042345-45,0.0170,0.02,no
2026-10-05T03:43:01.872035Z,KXSOL15M-26OCT042345-45,0.0200,6.00,yes
2026-10-05T03:43:01.872035Z,KXSOL15M-26OCT042345-45,0.0200,2.97,yes
2026-10-05T03:43:01.872035Z,KXSOL15M-26OCT042345-45,0.0200,8.00,yes
2026-10-05T03:43:01.872035Z,KXSOL15M-26OCT042345-45,0.0210,53.00,yes
2026-10-05T03:43:01.872035Z,KXSOL15M-26OCT042345-45,0.0210,15.00,yes
2026-10-05T03:43:01.872035Z,KXSOL15M-26OCT042345-45,0.0210,6.00,yes
2026-10-05T03:43:01.872035Z,KXSOL15M-26OCT042345-45,0.0210,4.00,yes
2026-10-05T03:43:01.872035Z,KXSOL15M-26OCT042345-45,0.0210,10.00,yes
2026-10-05T03:43:01.872035Z,KXSOL15M-26OCT042345-45,0.0210,45.00,yes
2026-10-05T03:43:01.872035Z,KXSOL15M-26OCT042345-45,0.0210,0.02,yes
2026-10-05T03:43:01.872035Z,KXSOL15M-26OCT042345-45,0.0210,5.00,yes
2026-10-05T03:43:01.872035Z,KXSOL15M-26OCT042345-45,0.0210,1.00,yes
2026-10-05T03:43:01.872035Z,KXSOL15M-26OCT042345-45,0.0220,0.01,yes
2026-10-05T03:43:01.90333Z,KXSOL15M-26OCT042345-45,0.0150,10.00,no
2026-10-05T03:43:01.90333Z,KXSOL15M-26OCT042345-45,0.0150,5.00,no
2026-10-05T03:43:01.90333Z,KXSOL15M-26OCT042345-45,0.0110,2.00,no
2026-10-05T03:43:01.978476Z,KXSOL15M-26OCT042345-45,0.0110,4.00,no
2026-10-05T03:43:01.978476Z,KXSOL15M-26OCT042345-45,0.0110,1.00,no
2026-10-05T03:43:02.091701Z,KXSOL15M-26OCT042345-45,0.0190,1.00,yes
2026-10-05T03:43:02.091701Z,KXSOL15M-26OCT042345-45,0.0250,7.00,yes
2026-10-05T03:43:02.091701Z,KXSOL15M-26OCT042345-45,0.0200,3.00,yes
2026-10-05T03:43:02.091701Z,KXSOL15M-26OCT042345-45,0.0250,43.38,yes
2026-10-05T03:43:02.091701Z,KXSOL15M-26OCT042345-45,0.0240,2.00,yes
2026-10-05T03:43:02.091701Z,KXSOL15M-26OCT042345-45,0.0250,20.00,yes
2026-10-05T03:43:02.091701Z,KXSOL15M-26OCT042345-45,0.0250,8.00,yes
2026-10-05T03:43:02.091701Z,KXSOL15M-26OCT042345-45,0.0250,4.00,yes
2026-10-05T03:43:02.091701Z,KXSOL15M-26OCT042345-45,0.0250,0.06,yes
2026-10-05T03:43:02.091701Z,KXSOL15M-26OCT042345-45,0.0240,0.05,yes
2026-10-05T03:43:02.091701Z,KXSOL15M-26OCT042345-45,0.0230,0.05,yes
2026-10-05T03:43:02.091701Z,KXSOL15M-26OCT042345-45,0.0220,0.03,yes
2026-10-05T03:43:02.091701Z,KXSOL15M-26OCT042345-45,0.0250,1.00,yes
2026-10-05T03:43:02.091701Z,KXSOL15M-26OCT042345-45,0.0220,1.00,yes
2026-10-05T03:43:02.091701Z,KXSOL15M-26OCT042345-45,0.0220,15.98,yes
2026-10-05T03:43:02.091701Z,KXSOL15M-26OCT042345-45,0.0220,1.02,yes
2026-10-05T03:43:02.091701Z,KXSOL15M-26OCT042345-45,0.0220,18.00,yes
2026-10-05T03:43:02.091701Z,KXSOL15M-26OCT042345-45,0.0220,2.00,yes
2026-10-05T03:43:02.091701Z,KXSOL15M-26OCT042345-45,0.0220,3.00,yes
2026-10-05T03:43:02.091701Z,KXSOL15M-26OCT042345-45,0.0220,21.97,yes
2026-10-05T03:43:02.091701Z,KXSOL15M-26OCT042345-45,0.0220,3.00,yes
2026-10-05T03:43:02.091701Z,KXSOL15M-26OCT042345-45,0.0220,0.02,yes
2026-10-05T03:43:02.091701Z,KXSOL15M-26OCT042345-45,0.0220,10.00,yes
2026-10-05T03:43:02.091701Z,KXSOL15M-26OCT042345-45,0.0220,4.00,yes
2026-10-05T03:43:02.102198Z,KXSOL15M-26OCT042345-45,0.0250,6.00,yes
2026-10-05T03:43:02.102198Z,KXSOL15M-26OCT042345-45,0.0250,156.62,yes
2026-10-05T03:43:02.102198Z,KXSOL15M-26OCT042345-45,0.0290,1.00,yes
2026-10-05T03:43:02.102198Z,KXSOL15M-26OCT042345-45,0.0200,6.00,yes
2026-10-05T03:43:02.102198Z,KXSOL15M-26OCT042345-45,0.0250,10.00,yes
2026-10-05T03:43:02.102198Z,KXSOL15M-26OCT042345-45,0.0240,1.00,yes
2026-10-05T03:43:02.102198Z,KXSOL15M-26OCT042345-45,0.0290,0.20,yes
2026-10-05T03:43:02.102198Z,KXSOL15M-26OCT042345-45,0.0280,0.16,yes
2026-10-05T03:43:02.102198Z,KXSOL15M-26OCT042345-45,0.0270,0.14,yes
2026-10-05T03:43:02.102198Z,KXSOL15M-26OCT042345-45,0.0260,0.12,yes
2026-10-05T03:43:02.102198Z,KXSOL15M-26OCT042345-45,0.0300,50.00,yes
2026-10-05T03:43:02.102198Z,KXSOL15M-26OCT042345-45,0.0300,4.00,yes
2026-10-05T03:43:02.102198Z,KXSOL15M-26OCT042345-45,0.0300,4.00,yes
2026-10-05T03:43:02.102198Z,KXSOL15M-26OCT042345-45,0.0300,5.00,yes
2026-10-05T03:43:02.102198Z,KXSOL15M-26OCT042345-45,0.0300,3.00,yes
2026-10-05T03:43:02.102198Z,KXSOL15M-26OCT042345-45,0.0300,1.00,yes
2026-10-05T03:43:02.102198Z,KXSOL15M-26OCT042345-45,0.0300,57.00,yes
2026-10-05T03:43:02.102198Z,KXSOL15M-26OCT042345-45,0.0300,4.00,yes
2026-10-05T03:43:02.102198Z,KXSOL15M-26OCT042345-45,0.0300,5.00,yes
2026-10-05T03:43:02.102198Z,KXSOL15M-26OCT042345-45,0.0300,4.00,yes
2026-10-05T03:43:02.102198Z,KXSOL15M-26OCT042345-45,0.0300,0.80,yes
2026-10-05T03:43:02.102198Z,KXSOL15M-26OCT042345-45,0.0300,1.00,yes
2026-10-05T03:43:02.254629Z,KXSOL15M-26OCT042345-45,0.0160,29.00,no
2026-10-05T03:43:04.388835Z,KXSOL15M-26OCT042345-45,0.0120,1.00,no
2026-10-05T03:43:04.544913Z,KXSOL15M-26OCT042345-45,0.0120,5.77,no
2026-10-05T03:43:04.544913Z,KXSOL15M-26OCT042345-45,0.0120,0.23,no
2026-10-05T03:43:06.131152Z,KXSOL15M-26OCT042345-45,0.0130,10.00,yes
2026-10-05T03:43:06.389383Z,KXSOL15M-26OCT042345-45,0.0140,1.00,yes
2026-10-05T03:43:06.389383Z,KXSOL15M-26OCT042345-45,0.0130,9.00,yes
2026-10-05T03:43:06.63938Z,KXSOL15M-26OCT042345-45,0.0140,5.00,yes
2026-10-05T03:43:08.869375Z,KXSOL15M-26OCT042345-45,0.0120,7.00,no
2026-10-05T03:43:08.869535Z,KXSOL15M-26OCT042345-45,0.0110,14.00,no
2026-10-05T03:43:08.869535Z,KXSOL15M-26OCT042345-45,0.0110,12.00,no
2026-10-05T03:43:08.869535Z,KXSOL15M-26OCT042345-45,0.0110,28.00,no
2026-10-05T03:43:08.869535Z,KXSOL15M-26OCT042345-45,0.0100,25.00,no
2026-10-05T03:43:08.869535Z,KXSOL15M-26OCT042345-45,0.0100,6.00,no
2026-10-05T03:43:09.235982Z,KXSOL15M-26OCT042345-45,0.0090,2.00,no
2026-10-05T03:43:09.235982Z,KXSOL15M-26OCT042345-45,0.0090,33.00,no
2026-10-05T03:43:17.164438Z,KXSOL15M-26OCT042345-45,0.0100,24.23,yes
2026-10-05T03:43:17.164438Z,KXSOL15M-26OCT042345-45,0.0100,4.00,yes
2026-10-05T03:43:17.164438Z,KXSOL15M-26OCT042345-45,0.0100,8.00,yes
2026-10-05T03:43:17.164438Z,KXSOL15M-26OCT042345-45,0.0100,24.00,yes
2026-10-05T03:43:17.164438Z,KXSOL15M-26OCT042345-45,0.0100,0.02,yes
2026-10-05T03:43:17.164438Z,KXSOL15M-26OCT042345-45,0.0090,0.01,yes
2026-10-05T03:43:17.164438Z,KXSOL15M-26OCT042345-45,0.0100,33.00,yes
2026-10-05T03:43:18.522061Z,KXSOL15M-26OCT042345-45,0.0080,8.00,no
2026-10-05T03:43:18.533143Z,KXSOL15M-26OCT042345-45,0.0070,3.84,no
2026-10-05T03:43:18.533143Z,KXSOL15M-26OCT042345-45,0.0070,10.00,no
2026-10-05T03:43:18.623991Z,KXSOL15M-26OCT042345-45,0.0060,18.00,no
2026-10-05T03:43:18.63011Z,KXSOL15M-26OCT042345-45,0.0060,7.00,no
2026-10-05T03:43:18.692469Z,KXSOL15M-26OCT042345-45,0.0060,11.00,no
2026-10-05T03:43:18.700354Z,KXSOL15M-26OCT042345-45,0.0060,4.00,no
2026-10-05T03:43:18.700354Z,KXSOL15M-26OCT042345-45,0.0060,1.00,no
2026-10-05T03:43:18.827539Z,KXSOL15M-26OCT042345-45,0.0050,10.00,no
2026-10-05T03:43:18.83354Z,KXSOL15M-26OCT042345-45,0.0050,2.00,no
2026-10-05T03:43:18.839544Z,KXSOL15M-26OCT042345-45,0.0050,2.00,no
2026-10-05T03:43:18.914875Z,KXSOL15M-26OCT042345-45,0.0050,2.00,no
2026-10-05T03:43:18.921581Z,KXSOL15M-26OCT042345-45,0.0050,2.00,no
2026-10-05T03:43:19.452907Z,KXSOL15M-26OCT042345-45,0.0060,2.00,yes
2026-10-05T03:43:19.452907Z,KXSOL15M-26OCT042345-45,0.0060,10.00,yes
2026-10-05T03:43:19.452907Z,KXSOL15M-26OCT042345-45,0.0060,2.00,yes
2026-10-05T03:43:19.452907Z,KXSOL15M-26OCT042345-45,0.0060,2.00,yes
2026-10-05T03:43:19.452907Z,KXSOL15M-26OCT042345-45,0.0060,2.00,yes
2026-10-05T03:43:19.452907Z,KXSOL15M-26OCT042345-45,0.0060,0.01,yes
2026-10-05T03:43:19.452907Z,KXSOL15M-26OCT042345-45,0.0060,0.99,yes
2026-10-05T03:43:19.46085Z,KXSOL15M-26OCT042345-45,0.0060,0.01,yes
2026-10-05T03:43:19.490137Z,KXSOL15M-26OCT042345-45,0.0040,26.54,no
2026-10-05T03:43:19.490137Z,KXSOL15M-26OCT042345-45,0.0050,22.00,no
2026-10-05T03:43:19.490137Z,KXSOL15M-26OCT042345-45,0.0050,9.00,no
2026-10-05T03:43:19.490137Z,KXSOL15M-26OCT042345-45,0.0050,83.00,no
2026-10-05T03:43:20.770304Z,KXSOL15M-26OCT042345-45,0.0070,50.54,yes
2026-10-05T03:43:20.770304Z,KXSOL15M-26OCT042345-45,0.0070,11.00,yes
2026-10-05T03:43:20.770304Z,KXSOL15M-26OCT042345-45,0.0070,18.00,yes
2026-10-05T03:43:20.770304Z,KXSOL15M-26OCT042345-45,0.0070,4.00,yes
2026-10-05T03:43:20.770304Z,KXSOL15M-26OCT042345-45,0.0070,7.00,yes
2026-10-05T03:43:20.770304Z,KXSOL15M-26OCT042345-45,0.0060,22.00,yes
2026-10-05T03:43:20.770304Z,KXSOL15M-26OCT042345-45,0.0060,0.01,yes
2026-10-05T03:43:20.770304Z,KXSOL15M-26OCT042345-45,0.0060,23.00,yes
2026-10-05T03:43:21.067646Z,KXSOL15M-26OCT042345-45,0.0080,0.01,yes
2026-10-05T03:43:21.067646Z,KXSOL15M-26OCT042345-45,0.0080,3.84,yes
2026-10-05T03:43:21.067646Z,KXSOL15M-26OCT042345-45,0.0070,0.01,yes
2026-10-05T03:43:21.067646Z,KXSOL15M-26OCT042345-45,0.0080,24.52,yes
2026-10-05T03:43:21.067646Z,KXSOL15M-26OCT042345-45,0.0060,10.00,yes
2026-10-05T03:43:21.067646Z,KXSOL15M-26OCT042345-45,0.0060,29.00,yes
2026-10-05T03:43:24.244298Z,KXSOL15M-26OCT042345-45,0.0050,15.00,no
2026-10-05T03:43:24.252577Z,KXSOL15M-26OCT042345-45,0.0050,9.00,no
2026-10-05T03:43:25.245016Z,KXSOL15M-26OCT042345-45,0.0040,27.00,no
2026-10-05T03:43:25.364781Z,KXSOL15M-26OCT042345-45,0.0040,40.95,no
2026-10-05T03:43:25.531573Z,KXSOL15M-26OCT042345-45,0.0040,135.00,no
2026-10-05T03:43:25.536673Z,KXSOL15M-26OCT042345-45,0.0040,21.00,no
2026-10-05T03:43:25.542625Z,KXSOL15M-26OCT042345-45,0.0040,6.00,no
2026-10-05T03:43:25.548014Z,KXSOL15M-26OCT042345-45,0.0040,2.00,no
2026-10-05T03:43:25.555852Z,KXSOL15M-26OCT042345-45,0.0040,1.00,no
2026-10-05T03:43:25.951993Z,KXSOL15M-26OCT042345-45,0.0040,15.00,no
2026-10-05T03:43:25.959658Z,KXSOL15M-26OCT042345-45,0.0040,3.00,no
2026-10-05T03:43:25.965975Z,KXSOL15M-26OCT042345-45,0.0040,1.00,no
2026-10-05T03:43:25.971867Z,KXSOL15M-26OCT042345-45,0.0040,1.00,no
2026-10-05T03:43:25.977632Z,KXSOL15M-26OCT042345-45,0.0040,1.00,no
2026-10-05T03:43:26.08718Z,KXSOL15M-26OCT042345-45,0.0040,21.06,no
2026-10-05T03:43:26.08718Z,KXSOL15M-26OCT042345-45,0.0040,1.00,no
2026-10-05T03:43:26.08718Z,KXSOL15M-26OCT042345-45,0.0040,1.00,no
2026-10-05T03:43:26.08718Z,KXSOL15M-26OCT042345-45,0.0040,1.00,no
2026-10-05T03:43:26.08718Z,KXSOL15M-26OCT042345-45,0.0040,1.00,no
2026-10-05T03:43:26.08718Z,KXSOL15M-26OCT042345-45,0.0040,1.00,no
2026-10-05T03:43:26.08718Z,KXSOL15M-26OCT042345-45,0.0040,13.00,no
2026-10-05T03:43:26.08718Z,KXSOL15M-26OCT042345-45,0.0040,7.00,no
2026-10-05T03:43:26.08718Z,KXSOL15M-26OCT042345-45,0.0040,3.00,no
2026-10-05T03:43:26.08718Z,KXSOL15M-26OCT042345-45,0.0040,40.00,no
2026-10-05T03:43:26.261564Z,KXSOL15M-26OCT042345-45,0.0050,22.23,yes
2026-10-05T03:43:26.261564Z,KXSOL15M-26OCT042345-45,0.0050,0.01,yes
2026-10-05T03:43:26.261564Z,KXSOL15M-26OCT042345-45,0.0050,4.00,yes
2026-10-05T03:43:26.261564Z,KXSOL15M-26OCT042345-45,0.0050,42.00,yes
2026-10-05T03:43:26.261564Z,KXSOL15M-26OCT042345-45,0.0050,100.00,yes
2026-10-05T03:43:26.406974Z,KXSOL15M-26OCT042345-45,0.0050,17.77,yes
2026-10-05T03:43:26.406974Z,KXSOL15M-26OCT042345-45,0.0060,19.22,yes
2026-10-05T03:43:26.406974Z,KXSOL15M-26OCT042345-45,0.0060,0.01,yes
2026-10-05T03:43:26.414615Z,KXSOL15M-26OCT042345-45,0.0060,18.00,yes
2026-10-05T03:43:26.458774Z,KXSOL15M-26OCT042345-45,0.0050,5.00,no
2026-10-05T03:43:26.465948Z,KXSOL15M-26OCT042345-45,0.0060,5.00,yes
2026-10-05T03:43:26.637052Z,KXSOL15M-26OCT042345-45,0.0050,9.03,no
2026-10-05T03:43:26.67859Z,KXSOL15M-26OCT042345-45,0.0050,6.73,no
2026-10-05T03:43:26.755924Z,KXSOL15M-26OCT042345-45,0.0030,67.81,no
2026-10-05T03:43:26.755924Z,KXSOL15M-26OCT042345-45,0.0060,15.00,no
2026-10-05T03:43:26.755924Z,KXSOL15M-26OCT042345-45,0.0040,7.00,no
2026-10-05T03:43:26.755924Z,KXSOL15M-26OCT042345-45,0.0060,11.00,no
2026-10-05T03:43:27.353009Z,KXSOL15M-26OCT042345-45,0.0040,25.00,yes
2026-10-05T03:43:27.359752Z,KXSOL15M-26OCT042345-45,0.0040,3.00,yes
2026-10-05T03:43:27.570934Z,KXSOL15M-26OCT042345-45,0.0050,42.00,yes
2026-10-05T03:43:27.655055Z,KXSOL15M-26OCT042345-45,0.0040,7.00,no
2026-10-05T03:43:27.655055Z,KXSOL15M-26OCT042345-45,0.0040,1.00,no
2026-10-05T03:43:27.655055Z,KXSOL15M-26OCT042345-45,0.0040,42.00,no
2026-10-05T03:43:27.824283Z,KXSOL15M-26OCT042345-45,0.0030,150.81,no
2026-10-05T03:43:27.824283Z,KXSOL15M-26OCT042345-45,0.0040,7.00,no
2026-10-05T03:43:27.824283Z,KXSOL15M-26OCT042345-45,0.0040,27.00,no
2026-10-05T03:43:29.099485Z,KXSOL15M-26OCT042345-45,0.0040,6.00,no
2026-10-05T03:43:29.099485Z,KXSOL15M-26OCT042345-45,0.0040,7.00,no
2026-10-05T03:43:29.099485Z,KXSOL15M-26OCT042345-45,0.0040,19.00,no
2026-10-05T03:43:30.532435Z,KXSOL15M-26OCT042345-45,0.0030,19.18,no
2026-10-05T03:43:32.652801Z,KXSOL15M-26OCT042345-45,0.0030,9.00,no
2026-10-05T03:43:32.773174Z,KXSOL15M-26OCT042345-45,0.0030,3.20,no
2026-10-05T03:43:32.773174Z,KXSOL15M-26OCT042345-45,0.0030,2.00,no
2026-10-05T03:43:32.773174Z,KXSOL15M-26OCT042345-45,0.0030,0.70,no
2026-10-05T03:43:32.773174Z,KXSOL15M-26OCT042345-45,0.0030,18.00,no
2026-10-05T03:43:34.408281Z,KXSOL15M-26OCT042345-45,0.0030,2.00,no
2026-10-05T03:43:34.408281Z,KXSOL15M-26OCT042345-45,0.0030,2.00,no
2026-10-05T03:43:34.408281Z,KXSOL15M-26OCT042345-45,0.0030,2.00,no
2026-10-05T03:43:34.408281Z,KXSOL15M-26OCT042345-45,0.0030,1.30,no
2026-10-05T03:43:34.408281Z,KXSOL15M-26OCT042345-45,0.0030,1.70,no
2026-10-05T03:43:34.566255Z,KXSOL15M-26OCT042345-45,0.0030,21.00,no
2026-10-05T03:43:34.575517Z,KXSOL15M-26OCT042345-45,0.0030,10.00,no
2026-10-05T03:43:34.675465Z,KXSOL15M-26OCT042345-45,0.0030,7.30,no
2026-10-05T03:43:34.675465Z,KXSOL15M-26OCT042345-45,0.0030,1.70,no
2026-10-05T03:43:34.777739Z,KXSOL15M-26OCT042345-45,0.0030,3.70,no
2026-10-05T03:43:34.777739Z,KXSOL15M-26OCT042345-45,0.0030,6.30,no
2026-10-05T03:43:34.782157Z,KXSOL15M-26OCT042345-45,0.0030,21.00,no
2026-10-05T03:43:36.394215Z,KXSOL15M-26OCT042345-45,0.0030,1.14,no
2026-10-05T03:43:37.338182Z,KXSOL15M-26OCT042345-45,0.0030,10.00,no
2026-10-05T03:43:37.344985Z,KXSOL15M-26OCT042345-45,0.0030,5.00,no
2026-10-05T03:43:38.286258Z,KXSOL15M-26OCT042345-45,0.0030,42.00,no
2026-10-05T03:43:38.292079Z,KXSOL15M-26OCT042345-45,0.0030,10.00,no
2026-10-05T03:43:38.296977Z,KXSOL15M-26OCT042345-45,0.0030,8.00,no
2026-10-05T03:43:38.419578Z,KXSOL15M-26OCT042345-45,0.0030,10.00,no
2026-10-05T03:43:38.425861Z,KXSOL15M-26OCT042345-45,0.0030,5.00,no
2026-10-05T03:43:38.493109Z,KXSOL15M-26OCT042345-45,0.0030,32.00,no
2026-10-05T03:43:38.499223Z,KXSOL15M-26OCT042345-45,0.0030,10.00,no
2026-10-05T03:43:38.759471Z,KXSOL15M-26OCT042345-45,0.0030,21.00,no
2026-10-05T03:43:38.766305Z,KXSOL15M-26OCT042345-45,0.0030,10.00,no
2026-10-05T03:43:40.406209Z,KXSOL15M-26OCT042345-45,0.0030,1.00,no
2026-10-05T03:43:40.929743Z,KXSOL15M-26OCT042345-45,0.0030,53.00,no
2026-10-05T03:43:41.03858Z,KXSOL15M-26OCT042345-45,0.0030,7.16,no
2026-10-05T03:43:41.03858Z,KXSOL15M-26OCT042345-45,0.0030,1.14,no
2026-10-05T03:43:41.03858Z,KXSOL15M-26OCT042345-45,0.0030,1.70,no
2026-10-05T03:43:41.045278Z,KXSOL15M-26OCT042345-45,0.0030,2.00,no
2026-10-05T03:43:41.375081Z,KXSOL15M-26OCT042345-45,0.0020,1.00,no
2026-10-05T03:43:44.22744Z,KXSOL15M-26OCT042345-45,0.0020,50.00,no
2026-10-05T03:43:44.480662Z,KXSOL15M-26OCT042345-45,0.0020,2.00,no
2026-10-05T03:43:44.4878Z,KXSOL15M-26OCT042345-45,0.0020,2.00,no
2026-10-05T03:43:44.494581Z,KXSOL15M-26OCT042345-45,0.0020,2.00,no
2026-10-05T03:43:44.501936Z,KXSOL15M-26OCT042345-45,0.0020,2.00,no
2026-10-05T03:43:45.375517Z,KXSOL15M-26OCT042345-45,0.0020,312.39,no
2026-10-05T03:43:45.85866Z,KXSOL15M-26OCT042345-45,0.0020,5.00,no
2026-10-05T03:43:45.865756Z,KXSOL15M-26OCT042345-45,0.0020,2.00,no
2026-10-05T03:43:45.870746Z,KXSOL15M-26OCT042345-45,0.0020,2.00,no
2026-10-05T03:43:45.878757Z,KXSOL15M-26OCT042345-45,0.0020,2.00,no
2026-10-05T03:43:46.407377Z,KXSOL15M-26OCT042345-45,0.0020,5.00,no
2026-10-05T03:43:46.414943Z,KXSOL15M-26OCT042345-45,0.0020,2.00,no
2026-10-05T03:43:46.421572Z,KXSOL15M-26OCT042345-45,0.0020,2.00,no
2026-10-05T03:43:46.619029Z,KXSOL15M-26OCT042345-45,0.0020,2.00,no
2026-10-05T03:43:46.627601Z,KXSOL15M-26OCT042345-45,0.0020,2.00,no
2026-10-05T03:43:46.635009Z,KXSOL15M-26OCT042345-45,0.0020,2.00,no
2026-10-05T03:43:48.500638Z,KXSOL15M-26OCT042345-45,0.0020,1.89,no
2026-10-05T03:43:49.280179Z,KXSOL15M-26OCT042345-45,0.0020,15.00,no
2026-10-05T03:43:49.2872Z,KXSOL15M-26OCT042345-45,0.0020,7.00,no
2026-10-05T03:43:49.293594Z,KXSOL15M-26OCT042345-45,0.0020,5.00,no
2026-10-05T03:43:49.297998Z,KXSOL15M-26OCT042345-45,0.0020,2.00,no
2026-10-05T03:43:49.302782Z,KXSOL15M-26OCT042345-45,0.0020,2.00,no
2026-10-05T03:43:49.56472Z,KXSOL15M-26OCT042345-45,0.0020,64.16,no
2026-10-05T03:43:49.80305Z,KXSOL15M-26OCT042345-45,0.0020,2.00,no
2026-10-05T03:43:49.810862Z,KXSOL15M-26OCT042345-45,0.0020,2.00,no
2026-10-05T03:43:50.050621Z,KXSOL15M-26OCT042345-45,0.0020,2.00,no
2026-10-05T03:43:50.055381Z,KXSOL15M-26OCT042345-45,0.0020,2.00,no
2026-10-05T03:43:50.061619Z,KXSOL15M-26OCT042345-45,0.0020,2.00,no
2026-10-05T03:43:50.067379Z,KXSOL15M-26OCT042345-45,0.0020,2.00,no
2026-10-05T03:43:50.270255Z,KXSOL15M-26OCT042345-45,0.0020,43.56,no
2026-10-05T03:43:50.270255Z,KXSOL15M-26OCT042345-45,0.0020,109.44,no
2026-10-05T03:43:50.3482Z,KXSOL15M-26OCT042345-45,0.0020,2.00,no
2026-10-05T03:43:50.35486Z,KXSOL15M-26OCT042345-45,0.0020,2.00,no
2026-10-05T03:43:50.361127Z,KXSOL15M-26OCT042345-45,0.0020,2.00,no
2026-10-05T03:43:50.367675Z,KXSOL15M-26OCT042345-45,0.0020,2.00,no
2026-10-05T03:43:51.075364Z,KXSOL15M-26OCT042345-45,0.0020,207.70,no
2026-10-05T03:43:51.179523Z,KXSOL15M-26OCT042345-45,0.0020,5.00,no
2026-10-05T03:43:51.187651Z,KXSOL15M-26OCT042345-45,0.0020,2.00,no
2026-10-05T03:43:51.193677Z,KXSOL15M-26OCT042345-45,0.0020,2.00,no
2026-10-05T03:43:51.19984Z,KXSOL15M-26OCT042345-45,0.0020,2.00,no
2026-10-05T03:43:51.206535Z,KXSOL15M-26OCT042345-45,0.0020,2.00,no
2026-10-05T03:43:51.214813Z,KXSOL15M-26OCT042345-45,0.0020,2.00,no
2026-10-05T03:43:51.222278Z,KXSOL15M-26OCT042345-45,0.0020,2.00,no
2026-10-05T03:43:51.228768Z,KXSOL15M-26OCT042345-45,0.0020,2.00,no
2026-10-05T03:43:51.234992Z,KXSOL15M-26OCT042345-45,0.0020,2.00,no
2026-10-05T03:43:51.241436Z,KXSOL15M-26OCT042345-45,0.0020,2.00,no
2026-10-05T03:43:51.248281Z,KXSOL15M-26OCT042345-45,0.0020,2.00,no
2026-10-05T03:43:51.694908Z,KXSOL15M-26OCT042345-45,0.0020,5.00,no
2026-10-05T03:43:51.703629Z,KXSOL15M-26OCT042345-45,0.0020,5.00,no
2026-10-05T03:43:51.709851Z,KXSOL15M-26OCT042345-45,0.0020,2.00,no
2026-10-05T03:43:51.71495Z,KXSOL15M-26OCT042345-45,0.0020,2.00,no
2026-10-05T03:43:51.721475Z,KXSOL15M-26OCT042345-45,0.0020,2.00,no
2026-10-05T03:43:51.729282Z,KXSOL15M-26OCT042345-45,0.0020,2.00,no
2026-10-05T03:43:51.734344Z,KXSOL15M-26OCT042345-45,0.0020,2.00,no
2026-10-05T03:43:51.741016Z,KXSOL15M-26OCT042345-45,0.0020,2.00,no
2026-10-05T03:43:51.793631Z,KXSOL15M-26OCT042345-45,0.0020,2.00,no
2026-10-05T03:43:51.798916Z,KXSOL15M-26OCT042345-45,0.0020,2.00,no
2026-10-05T03:43:51.805508Z,KXSOL15M-26OCT042345-45,0.0020,2.00,no
2026-10-05T03:43:51.810857Z,KXSOL15M-26OCT042345-45,0.0020,5.00,no
2026-10-05T03:43:52.290448Z,KXSOL15M-26OCT042345-45,0.0020,91.09,no
2026-10-05T03:43:52.774027Z,KXSOL15M-26OCT042345-45,0.0020,0.77,no
2026-10-05T03:43:53.31217Z,KXSOL15M-26OCT042345-45,0.0020,2.00,no
2026-10-05T03:43:53.318548Z,KXSOL15M-26OCT042345-45,0.0020,2.00,no
2026-10-05T03:43:53.325362Z,KXSOL15M-26OCT042345-45,0.0020,2.00,no
2026-10-05T03:43:53.331284Z,KXSOL15M-26OCT042345-45,0.0020,2.00,no
2026-10-05T03:43:53.338013Z,KXSOL15M-26OCT042345-45,0.0020,2.00,no
2026-10-05T03:43:53.342836Z,KXSOL15M-26OCT042345-45,0.0020,5.00,no
2026-10-05T03:43:53.816506Z,KXSOL15M-26OCT042345-45,0.0020,2.00,no
2026-10-05T03:43:53.823269Z,KXSOL15M-26OCT042345-45,0.0020,2.00,no
2026-10-05T03:43:54.066255Z,KXSOL15M-26OCT042345-45,0.0020,57.11,no
2026-10-05T03:43:54.355914Z,KXSOL15M-26OCT042345-45,0.0020,2.00,no
2026-10-05T03:43:54.575345Z,KXSOL15M-26OCT042345-45,0.0020,2.00,no
2026-10-05T03:43:54.580344Z,KXSOL15M-26OCT042345-45,0.0020,2.00,no
2026-10-05T03:43:54.58725Z,KXSOL15M-26OCT042345-45,0.0020,2.00,no
2026-10-05T03:43:54.593699Z,KXSOL15M-26OCT042345-45,0.0020,2.00,no
2026-10-05T03:43:54.896176Z,KXSOL15M-26OCT042345-45,0.0020,2.00,no
2026-10-05T03:43:55.018025Z,KXSOL15M-26OCT042345-45,0.0020,200.00,no
2026-10-05T03:43:55.030837Z,KXSOL15M-26OCT042345-45,0.0020,200.00,no
2026-10-05T03:43:55.043914Z,KXSOL15M-26OCT042345-45,0.0020,100.00,no
2026-10-05T03:43:55.043914Z,KXSOL15M-26OCT042345-45,0.0020,36.89,no
2026-10-05T03:43:55.043914Z,KXSOL15M-26OCT042345-45,0.0020,63.11,no
2026-10-05T03:43:55.250891Z,KXSOL15M-26OCT042345-45,0.0030,13.23,yes
2026-10-05T03:43:55.250891Z,KXSOL15M-26OCT042345-45,0.0030,5.00,yes
2026-10-05T03:43:55.250891Z,KXSOL15M-26OCT042345-45,0.0030,144.00,yes
2026-10-05T03:43:55.250891Z,KXSOL15M-26OCT042345-45,0.0030,43.00,yes
2026-10-05T03:43:55.250891Z,KXSOL15M-26OCT042345-45,0.0030,0.12,yes
2026-10-05T03:43:55.250891Z,KXSOL15M-26OCT042345-45,0.0030,100.00,yes
2026-10-05T03:43:56.498536Z,KXSOL15M-26OCT042345-45,0.0020,2.00,no
2026-10-05T03:43:56.503814Z,KXSOL15M-26OCT042345-45,0.0020,2.00,no
2026-10-05T03:43:57.002489Z,KXSOL15M-26OCT042345-45,0.0020,2.00,no
2026-10-05T03:43:57.010273Z,KXSOL15M-26OCT042345-45,0.0020,2.00,no
2026-10-05T03:43:57.015377Z,KXSOL15M-26OCT042345-45,0.0020,2.00,no
2026-10-05T03:43:57.336923Z,KXSOL15M-26OCT042345-45,0.0020,26.00,no
2026-10-05T03:43:57.336923Z,KXSOL15M-26OCT042345-45,0.0020,3.00,no
2026-10-05T03:43:57.336923Z,KXSOL15M-26OCT042345-45,0.0020,3.00,no
2026-10-05T03:43:57.336923Z,KXSOL15M-26OCT042345-45,0.0020,3.00,no
2026-10-05T03:43:57.336923Z,KXSOL15M-26OCT042345-45,0.0020,3.00,no
2026-10-05T03:43:57.336923Z,KXSOL15M-26OCT042345-45,0.0020,3.00,no
2026-10-05T03:43:57.336923Z,KXSOL15M-26OCT042345-45,0.0020,426.89,no
2026-10-05T03:43:57.336923Z,KXSOL15M-26OCT042345-45,0.0020,40.00,no
2026-10-05T03:43:57.336923Z,KXSOL15M-26OCT042345-45,0.0020,3.00,no
2026-10-05T03:43:57.336923Z,KXSOL15M-26OCT042345-45,0.0020,3.00,no
2026-10-05T03:43:57.336923Z,KXSOL15M-26OCT042345-45,0.0020,5.00,no
2026-10-05T03:43:58.096782Z,KXSOL15M-26OCT042345-45,0.0020,10.00,yes
2026-10-05T03:43:58.784357Z,KXSOL15M-26OCT042345-45,0.0020,819.00,yes
2026-10-05T03:43:59.570109Z,KXSOL15M-26OCT042345-45,0.0010,11.00,no
2026-10-05T03:43:59.609581Z,KXSOL15M-26OCT042345-45,0.0020,9.00,yes
2026-10-05T03:43:59.731987Z,KXSOL15M-26OCT042345-45,0.0010,269.00,no
2026-10-05T03:44:00.010024Z,KXSOL15M-26OCT042345-45,0.0010,1.00,no
2026-10-05T03:44:00.010024Z,KXSOL15M-26OCT042345-45,0.0010,300.00,no
2026-10-05T03:44:00.010024Z,KXSOL15M-26OCT042345-45,0.0010,75.00,no
2026-10-05T03:44:00.010024Z,KXSOL15M-26OCT042345-45,0.0010,1.00,no
2026-10-05T03:44:00.010024Z,KXSOL15M-26OCT042345-45,0.0010,200.00,no
2026-10-05T03:44:00.010024Z,KXSOL15M-26OCT042345-45,0.0010,220.00,no
2026-10-05T03:44:00.010024Z,KXSOL15M-26OCT042345-45,0.0010,1.00,no
2026-10-05T03:44:00.010024Z,KXSOL15M-26OCT042345-45,0.0010,29.00,no
2026-10-05T03:44:00.103093Z,KXSOL15M-26OCT042345-45,0.0010,1.00,no
2026-10-05T03:44:00.238578Z,KXSOL15M-26OCT042345-45,0.0010,25.00,no
2026-10-05T03:44:00.238578Z,KXSOL15M-26OCT042345-45,0.0010,10.00,no
2026-10-05T03:44:00.652368Z,KXSOL15M-26OCT042345-45,0.0010,5.00,no
2026-10-05T03:44:00.947753Z,KXSOL15M-26OCT042345-45,0.0010,14.71,no
2026-10-05T03:44:00.947753Z,KXSOL15M-26OCT042345-45,0.0010,3.00,no
2026-10-05T03:44:00.947753Z,KXSOL15M-26OCT042345-45,0.0010,20.32,no
2026-10-05T03:44:01.441183Z,KXSOL15M-26OCT042345-45,0.0010,26.45,yes
2026-10-05T03:44:02.438506Z,KXSOL15M-26OCT042345-45,0.0010,41.36,yes
2026-10-05T03:44:02.438506Z,KXSOL15M-26OCT042345-45,0.0010,150.81,yes
2026-10-05T03:44:02.438506Z,KXSOL15M-26OCT042345-45,0.0010,19.18,yes
2026-10-05T03:44:02.438506Z,KXSOL15M-26OCT042345-45,0.0010,3.20,yes
2026-10-05T03:44:02.438506Z,KXSOL15M-26OCT042345-45,0.0010,9.00,yes
2026-10-05T03:44:02.438506Z,KXSOL15M-26OCT042345-45,0.0010,21.00,yes
2026-10-05T03:44:02.438506Z,KXSOL15M-26OCT042345-45,0.0010,3.70,yes
2026-10-05T03:44:02.438506Z,KXSOL15M-26OCT042345-45,0.0010,1.14,yes
2026-10-05T03:44:02.438506Z,KXSOL15M-26OCT042345-45,0.0010,5.00,yes
2026-10-05T03:44:02.438506Z,KXSOL15M-26OCT042345-45,0.0010,10.00,yes
2026-10-05T03:44:02.438506Z,KXSOL15M-26OCT042345-45,0.0010,10.00,yes
2026-10-05T03:44:02.438506Z,KXSOL15M-26OCT042345-45,0.0010,10.00,yes
2026-10-05T03:44:02.438506Z,KXSOL15M-26OCT042345-45,0.0010,21.00,yes
2026-10-05T03:44:02.438506Z,KXSOL15M-26OCT042345-45,0.0010,8.00,yes
2026-10-05T03:44:02.438506Z,KXSOL15M-26OCT042345-45,0.0010,32.00,yes
2026-10-05T03:44:02.438506Z,KXSOL15M-26OCT042345-45,0.0010,42.00,yes
2026-10-05T03:44:02.438506Z,KXSOL15M-26OCT042345-45,0.0010,10.00,yes
2026-10-05T03:44:02.438506Z,KXSOL15M-26OCT042345-45,0.0010,5.00,yes
2026-10-05T03:44:02.438506Z,KXSOL15M-26OCT042345-45,0.0010,10.00,yes
2026-10-05T03:44:02.438506Z,KXSOL15M-26OCT042345-45,0.0010,53.00,yes
2026-10-05T03:44:02.438506Z,KXSOL15M-26OCT042345-45,0.0010,1.00,yes
2026-10-05T03:44:02.438506Z,KXSOL15M-26OCT042345-45,0.0010,7.16,yes
2026-10-05T03:44:02.438506Z,KXSOL15M-26OCT042345-45,0.0010,153.00,yes
2026-10-05T03:44:02.438506Z,KXSOL15M-26OCT042345-45,0.0010,303.45,yes
2026-10-05T03:44:05.934511Z,KXSOL15M-26OCT042345-45,0.0010,63.11,yes
2026-10-05T03:44:05.934511Z,KXSOL15M-26OCT042345-45,0.0010,2.00,yes
2026-10-05T03:44:05.934511Z,KXSOL15M-26OCT042345-45,0.0010,2.00,yes
2026-10-05T03:44:05.934511Z,KXSOL15M-26OCT042345-45,0.0010,2.00,yes
2026-10-05T03:44:05.934511Z,KXSOL15M-26OCT042345-45,0.0010,2.00,yes
2026-10-05T03:44:05.934511Z,KXSOL15M-26OCT042345-45,0.0010,2.00,yes
2026-10-05T03:44:05.934511Z,KXSOL15M-26OCT042345-45,0.0020,137.98,yes
2026-10-05T03:44:05.934511Z,KXSOL15M-26OCT042345-45,0.0010,3.00,yes
2026-10-05T03:44:05.934511Z,KXSOL15M-26OCT042345-45,0.0010,71.00,yes
2026-10-05T03:44:05.934511Z,KXSOL15M-26OCT042345-45,0.0010,296.55,yes
2026-10-05T03:44:16.046627Z,KXSOL15M-26OCT042345-45,0.0010,458.04,yes
2026-10-05T03:44:21.962562Z,KXSOL15M-26OCT042345-45,0.0010,1.00,yes
2026-10-05T03:44:27.156781Z,KXSOL15M-26OCT042345-45,0.0010,18.92,yes
2026-10-05T03:44:33.855193Z,KXSOL15M-26OCT042345-45,0.0010,229.01,yes
2026-10-05T03:44:49.984497Z,KXSOL15M-26OCT042345-45,0.0010,5.00,yes
2026-10-05T03:42:18.468683Z,KXNATGAS15M-26OCT042345-45,0.0600,2.32,yes
2026-10-05T03:42:18.468683Z,KXNATGAS15M-26OCT042345-45,0.0400,1.00,yes
2026-10-05T03:42:18.468683Z,KXNATGAS15M-26OCT042345-45,0.0300,2.00,yes
2026-10-05T03:42:18.468683Z,KXNATGAS15M-26OCT042345-45,0.0200,41.00,yes
2026-10-05T03:42:18.468683Z,KXNATGAS15M-26OCT042345-45,0.0200,1.00,yes
2026-10-05T03:42:18.468683Z,KXNATGAS15M-26OCT042345-45,0.0500,13.00,yes
2026-10-05T03:42:27.589548Z,KXNATGAS15M-26OCT042345-45,0.0200,7.84,no
2026-10-05T03:42:28.06816Z,KXNATGAS15M-26OCT042345-45,0.0300,15.60,yes
2026-10-05T03:42:29.562552Z,KXNATGAS15M-26OCT042345-45,0.0200,6.00,no
2026-10-05T03:42:29.562552Z,KXNATGAS15M-26OCT042345-45,0.0200,4.16,no
2026-10-05T03:42:29.562552Z,KXNATGAS15M-26OCT042345-45,0.0200,1.00,no
2026-10-05T03:42:29.562552Z,KXNATGAS15M-26OCT042345-45,0.0200,7.84,no
2026-10-05T03:42:29.562552Z,KXNATGAS15M-26OCT042345-45,0.0200,5.00,no
2026-10-05T03:42:29.562552Z,KXNATGAS15M-26OCT042345-45,0.0100,238.07,no
2026-10-05T03:42:32.088988Z,KXNATGAS15M-26OCT042345-45,0.0100,1028.06,no
2026-10-05T03:42:32.088988Z,KXNATGAS15M-26OCT042345-45,0.0100,917.00,no
2026-10-05T03:42:32.099199Z,KXNATGAS15M-26OCT042345-45,0.0100,15.00,no
2026-10-05T03:42:37.097117Z,KXNATGAS15M-26OCT042345-45,0.0100,10.00,no
2026-10-05T03:42:37.097117Z,KXNATGAS15M-26OCT042345-45,0.0100,6.00,no
2026-10-05T03:42:37.097117Z,KXNATGAS15M-26OCT042345-45,0.0100,317.43,no
2026-10-05T03:42:37.097117Z,KXNATGAS15M-26OCT042345-45,0.0100,30.00,no
2026-10-05T03:42:37.097117Z,KXNATGAS15M-26OCT042345-45,0.0100,60.00,no
2026-10-05T03:42:37.097117Z,KXNATGAS15M-26OCT042345-45,0.0100,1.00,no
2026-10-05T03:42:37.097117Z,KXNATGAS15M-26OCT042345-45,0.0100,3.00,no
2026-10-05T03:42:37.097117Z,KXNATGAS15M-26OCT042345-45,0.0100,300.00,no
2026-10-05T03:42:37.097117Z,KXNATGAS15M-26OCT042345-45,0.0100,100.00,no
2026-10-05T03:42:37.097117Z,KXNATGAS15M-26OCT042345-45,0.0100,20.00,no
2026-10-05T03:42:37.097117Z,KXNATGAS15M-26OCT042345-45,0.0100,2.00,no
2026-10-05T03:42:37.097117Z,KXNATGAS15M-26OCT042345-45,0.0100,1.00,no
2026-10-05T03:42:37.097117Z,KXNATGAS15M-26OCT042345-45,0.0100,10.00,no
2026-10-05T03:42:37.097117Z,KXNATGAS15M-26OCT042345-45,0.0100,2.00,no
2026-10-05T03:42:37.097117Z,KXNATGAS15M-26OCT042345-45,0.0100,20.00,no
2026-10-05T03:42:37.097117Z,KXNATGAS15M-26OCT042345-45,0.0100,25.00,no
2026-10-05T03:42:37.097117Z,KXNATGAS15M-26OCT042345-45,0.0100,2.00,no
2026-10-05T03:42:37.097117Z,KXNATGAS15M-26OCT042345-45,0.0100,2.00,no
2026-10-05T03:42:37.097117Z,KXNATGAS15M-26OCT042345-45,0.0100,5.57,no
2026-10-05T03:42:37.099579Z,KXNATGAS15M-26OCT042345-45,0.0100,238.07,no
2026-10-05T03:42:50.409781Z,KXNATGAS15M-26OCT042345-45,0.0100,2.00,no
2026-10-05T03:42:50.409781Z,KXNATGAS15M-26OCT042345-45,0.0100,5.18,no
2026-10-05T03:42:50.409781Z,KXNATGAS15M-26OCT042345-45,0.0100,13.00,no
2026-10-05T03:43:05.058878Z,KXNATGAS15M-26OCT042345-45,0.0100,5.04,no
2026-10-05T03:43:06.336594Z,KXNATGAS15M-26OCT042345-45,0.0100,13.00,no
2026-10-05T03:43:06.336594Z,KXNATGAS15M-26OCT042345-45,0.0100,2.00,no
2026-10-05T03:43:06.336594Z,KXNATGAS15M-26OCT042345-45,0.0100,14.96,no
2026-10-05T03:43:06.336594Z,KXNATGAS15M-26OCT042345-45,0.0100,45.00,no
2026-10-05T03:43:07.201811Z,KXNATGAS15M-26OCT042345-45,0.0200,41.00,yes
2026-10-05T03:43:07.201811Z,KXNATGAS15M-26OCT042345-45,0.0200,5.00,yes
2026-10-05T03:43:07.201811Z,KXNATGAS15M-26OCT042345-45,0.0100,20.00,yes
2026-10-05T03:43:07.201811Z,KXNATGAS15M-26OCT042345-45,0.0300,19.25,yes
2026-10-05T03:43:07.201811Z,KXNATGAS15M-26OCT042345-45,0.0100,68.00,yes
2026-10-05T03:43:07.201811Z,KXNATGAS15M-26OCT042345-45,0.0300,25.32,yes
2026-10-05T03:43:07.201811Z,KXNATGAS15M-26OCT042345-45,0.0200,14.96,yes
2026-10-05T03:43:07.201811Z,KXNATGAS15M-26OCT042345-45,0.0100,100.00,yes
2026-10-05T03:43:07.201811Z,KXNATGAS15M-26OCT042345-45,0.0200,5.04,yes
2026-10-05T03:43:07.201811Z,KXNATGAS15M-26OCT042345-45,0.0200,2.00,yes
2026-10-05T03:43:07.201811Z,KXNATGAS15M-26OCT042345-45,0.0200,3.00,yes
2026-10-05T03:43:07.201811Z,KXNATGAS15M-26OCT042345-45,0.0300,1.00,yes
2026-10-05T03:43:07.238847Z,KXNATGAS15M-26OCT042345-45,0.0100,2.00,no
2026-10-05T03:43:07.238847Z,KXNATGAS15M-26OCT042345-45,0.0100,31.00,no
2026-10-05T03:43:07.238847Z,KXNATGAS15M-26OCT042345-45,0.0100,13.00,no
2026-10-05T03:43:07.238847Z,KXNATGAS15M-26OCT042345-45,0.0100,1.00,no
2026-10-05T03:43:15.815985Z,KXNATGAS15M-26OCT042345-45,0.0100,12.00,no
2026-10-05T03:43:15.815985Z,KXNATGAS15M-26OCT042345-45,0.0100,2.00,no
2026-10-05T03:43:15.815985Z,KXNATGAS15M-26OCT042345-45,0.0100,10.00,no
2026-10-05T03:43:17.991866Z,KXNATGAS15M-26OCT042345-45,0.0100,5.00,no
2026-10-05T03:43:17.991866Z,KXNATGAS15M-26OCT042345-45,0.0100,20.00,no
2026-10-05T03:43:17.991866Z,KXNATGAS15M-26OCT042345-45,0.0100,10.00,no
2026-10-05T03:43:17.991866Z,KXNATGAS15M-26OCT042345-45,0.0100,3.00,no
2026-10-05T03:43:17.991866Z,KXNATGAS15M-26OCT042345-45,0.0100,2.00,no
2026-10-05T03:43:18.393785Z,KXNATGAS15M-26OCT042345-45,0.0100,46.79,yes
2026-10-05T03:43:31.135981Z,KXNATGAS15M-26OCT042345-45,0.0100,163.21,yes
2026-10-05T03:43:31.135981Z,KXNATGAS15M-26OCT042345-45,0.0100,23.82,yes
2026-10-05T03:43:44.928899Z,KXNATGAS15M-26OCT042345-45,0.0100,74.81,yes
2026-10-05T03:43:49.622798Z,KXNATGAS15M-26OCT042345-45,0.0100,5.00,yes
2026-10-05T03:43:49.622798Z,KXNATGAS15M-26OCT042345-45,0.0100,20.00,yes
2026-10-05T03:43:49.622798Z,KXNATGAS15M-26OCT042345-45,0.0100,1.37,yes
2026-10-05T03:43:49.622798Z,KXNATGAS15M-26OCT042345-45,0.0100,119.66,yes
2026-10-05T03:43:49.622798Z,KXNATGAS15M-26OCT042345-45,0.0100,41.00,yes
2026-10-05T03:44:21.48496Z,KXNATGAS15M-26OCT042345-45,0.0100,23.00,yes
2026-10-05T03:44:21.48496Z,KXNATGAS15M-26OCT042345-45,0.0100,5.51,yes
2026-10-05T03:44:21.48496Z,KXNATGAS15M-26OCT042345-45,0.0100,1.00,yes
2026-10-05T03:44:21.48496Z,KXNATGAS15M-26OCT042345-45,0.0100,64.00,yes
2026-10-05T03:42:11.563889Z,KXZEC15M-26OCT042345-45,0.0180,52.00,yes
2026-10-05T03:42:11.563889Z,KXZEC15M-26OCT042345-45,0.0180,20.00,yes
2026-10-05T03:42:11.563889Z,KXZEC15M-26OCT042345-45,0.0180,20.00,yes
2026-10-05T03:42:11.563889Z,KXZEC15M-26OCT042345-45,0.0180,8.00,yes
2026-10-05T03:42:11.563933Z,KXZEC15M-26OCT042345-45,0.0180,12.00,yes
2026-10-05T03:42:14.244747Z,KXZEC15M-26OCT042345-45,0.0140,5.00,no
2026-10-05T03:42:14.244747Z,KXZEC15M-26OCT042345-45,0.0130,5.00,no
2026-10-05T03:42:14.244747Z,KXZEC15M-26OCT042345-45,0.0140,20.00,no
2026-10-05T03:42:14.244747Z,KXZEC15M-26OCT042345-45,0.0130,20.00,no
2026-10-05T03:42:14.608635Z,KXZEC15M-26OCT042345-45,0.0140,1.49,yes
2026-10-05T03:42:14.820572Z,KXZEC15M-26OCT042345-45,0.0120,80.00,no
2026-10-05T03:42:14.820572Z,KXZEC15M-26OCT042345-45,0.0120,20.00,no
2026-10-05T03:42:14.867652Z,KXZEC15M-26OCT042345-45,0.0130,17.00,yes
2026-10-05T03:42:14.867652Z,KXZEC15M-26OCT042345-45,0.0120,52.00,yes
2026-10-05T03:42:17.877873Z,KXZEC15M-26OCT042345-45,0.0110,12.00,no
2026-10-05T03:42:19.8964Z,KXZEC15M-26OCT042345-45,0.0110,4.00,no
2026-10-05T03:42:26.820646Z,KXZEC15M-26OCT042345-45,0.0110,16.00,no
2026-10-05T03:42:26.820646Z,KXZEC15M-26OCT042345-45,0.0110,5.00,no
2026-10-05T03:42:26.820646Z,KXZEC15M-26OCT042345-45,0.0110,4.00,no
2026-10-05T03:42:26.820646Z,KXZEC15M-26OCT042345-45,0.0110,1.00,no
2026-10-05T03:42:26.820646Z,KXZEC15M-26OCT042345-45,0.0110,1.00,no
2026-10-05T03:42:27.933135Z,KXZEC15M-26OCT042345-45,0.0110,12.00,yes
2026-10-05T03:42:27.933135Z,KXZEC15M-26OCT042345-45,0.0110,4.00,yes
2026-10-05T03:42:27.933135Z,KXZEC15M-26OCT042345-45,0.0110,84.00,yes
2026-10-05T03:42:30.563178Z,KXZEC15M-26OCT042345-45,0.0100,27.00,no
2026-10-05T03:42:30.563178Z,KXZEC15M-26OCT042345-45,0.0100,20.00,no
2026-10-05T03:42:30.563178Z,KXZEC15M-26OCT042345-45,0.0100,3.00,no
2026-10-05T03:42:37.678009Z,KXZEC15M-26OCT042345-45,0.0110,20.00,yes
2026-10-05T03:42:37.678009Z,KXZEC15M-26OCT042345-45,0.0110,3.00,yes
2026-10-05T03:42:37.678009Z,KXZEC15M-26OCT042345-45,0.0110,4.00,yes
2026-10-05T03:42:37.678009Z,KXZEC15M-26OCT042345-45,0.0130,3.00,yes
2026-10-05T03:42:37.678009Z,KXZEC15M-26OCT042345-45,0.0140,18.00,yes
2026-10-05T03:42:37.678009Z,KXZEC15M-26OCT042345-45,0.0130,52.00,yes
2026-10-05T03:42:42.803821Z,KXZEC15M-26OCT042345-45,0.0160,34.42,yes
2026-10-05T03:42:42.803821Z,KXZEC15M-26OCT042345-45,0.0140,3.00,yes
2026-10-05T03:42:42.803821Z,KXZEC15M-26OCT042345-45,0.0140,2.00,yes
2026-10-05T03:42:42.803821Z,KXZEC15M-26OCT042345-45,0.0150,20.00,yes
2026-10-05T03:42:44.475149Z,KXZEC15M-26OCT042345-45,0.0180,23.33,yes
2026-10-05T03:42:44.662824Z,KXZEC15M-26OCT042345-45,0.0100,25.00,no
2026-10-05T03:42:44.662824Z,KXZEC15M-26OCT042345-45,0.0100,20.00,no
2026-10-05T03:42:44.662824Z,KXZEC15M-26OCT042345-45,0.0100,22.00,no
2026-10-05T03:42:44.662824Z,KXZEC15M-26OCT042345-45,0.0100,1.00,no
2026-10-05T03:42:44.662824Z,KXZEC15M-26OCT042345-45,0.0100,1.00,no
2026-10-05T03:42:46.885055Z,KXZEC15M-26OCT042345-45,0.0100,2.02,no
2026-10-05T03:42:49.348844Z,KXZEC15M-26OCT042345-45,0.0090,5.00,no
2026-10-05T03:42:49.84719Z,KXZEC15M-26OCT042345-45,0.0090,1.00,no
2026-10-05T03:42:49.991539Z,KXZEC15M-26OCT042345-45,0.0090,10.08,no
2026-10-05T03:42:55.448898Z,KXZEC15M-26OCT042345-45,0.0100,34.00,yes
2026-10-05T03:42:55.448898Z,KXZEC15M-26OCT042345-45,0.0100,52.00,yes
2026-10-05T03:42:55.448898Z,KXZEC15M-26OCT042345-45,0.0100,7.51,yes
2026-10-05T03:43:00.010874Z,KXZEC15M-26OCT042345-45,0.0090,1.00,no
2026-10-05T03:43:01.515186Z,KXZEC15M-26OCT042345-45,0.0100,1.00,yes
2026-10-05T03:43:01.515186Z,KXZEC15M-26OCT042345-45,0.0100,5.00,yes
2026-10-05T03:43:01.515645Z,KXZEC15M-26OCT042345-45,0.0100,34.91,yes
2026-10-05T03:43:01.515645Z,KXZEC15M-26OCT042345-45,0.0100,2.00,yes
2026-10-05T03:43:01.515645Z,KXZEC15M-26OCT042345-45,0.0100,10.08,yes
2026-10-05T03:43:01.515645Z,KXZEC15M-26OCT042345-45,0.0100,0.01,yes
2026-10-05T03:43:01.515645Z,KXZEC15M-26OCT042345-45,0.0100,22.00,yes
2026-10-05T03:43:01.521319Z,KXZEC15M-26OCT042345-45,0.0100,9.00,yes
2026-10-05T03:43:01.523179Z,KXZEC15M-26OCT042345-45,0.0100,2.00,yes
2026-10-05T03:43:01.544866Z,KXZEC15M-26OCT042345-45,0.0100,3.26,yes
2026-10-05T03:43:01.544866Z,KXZEC15M-26OCT042345-45,0.0100,7.74,yes
2026-10-05T03:43:01.544866Z,KXZEC15M-26OCT042345-45,0.0100,1.00,yes
2026-10-05T03:43:01.547322Z,KXZEC15M-26OCT042345-45,0.0100,2.00,yes
2026-10-05T03:43:01.547952Z,KXZEC15M-26OCT042345-45,0.0100,1.00,yes
2026-10-05T03:43:01.560584Z,KXZEC15M-26OCT042345-45,0.0100,1.00,yes
2026-10-05T03:43:01.779792Z,KXZEC15M-26OCT042345-45,0.0100,100.00,yes
2026-10-05T03:43:01.779792Z,KXZEC15M-26OCT042345-45,0.0100,68.26,yes
2026-10-05T03:43:01.779792Z,KXZEC15M-26OCT042345-45,0.0120,0.02,yes
2026-10-05T03:43:01.779792Z,KXZEC15M-26OCT042345-45,0.0110,0.02,yes
2026-10-05T03:43:01.805437Z,KXZEC15M-26OCT042345-45,0.0090,1.00,no
2026-10-05T03:43:01.848635Z,KXZEC15M-26OCT042345-45,0.0120,1.00,yes
2026-10-05T03:43:01.955237Z,KXZEC15M-26OCT042345-45,0.0140,52.00,yes
2026-10-05T03:43:01.955237Z,KXZEC15M-26OCT042345-45,0.0140,44.00,yes
2026-10-05T03:43:01.955237Z,KXZEC15M-26OCT042345-45,0.0140,0.02,yes
2026-10-05T03:43:01.955237Z,KXZEC15M-26OCT042345-45,0.0130,0.02,yes
2026-10-05T03:43:01.990095Z,KXZEC15M-26OCT042345-45,0.0100,0.01,yes
2026-10-05T03:43:02.002173Z,KXZEC15M-26OCT042345-45,0.0120,16.00,no
2026-10-05T03:43:02.357492Z,KXZEC15M-26OCT042345-45,0.0140,0.46,no
2026-10-05T03:43:02.357492Z,KXZEC15M-26OCT042345-45,0.0110,4.54,no
2026-10-05T03:43:10.086033Z,KXZEC15M-26OCT042345-45,0.0070,20.00,no
2026-10-05T03:43:10.086033Z,KXZEC15M-26OCT042345-45,0.0090,1.92,no
2026-10-05T03:43:10.086033Z,KXZEC15M-26OCT042345-45,0.0080,20.00,no
2026-10-05T03:43:11.528029Z,KXZEC15M-26OCT042345-45,0.0060,20.00,no
2026-10-05T03:43:12.087533Z,KXZEC15M-26OCT042345-45,0.0050,2.00,no
2026-10-05T03:43:15.369939Z,KXZEC15M-26OCT042345-45,0.0050,2.02,no
2026-10-05T03:43:15.495379Z,KXZEC15M-26OCT042345-45,0.0050,1.00,no
2026-10-05T03:43:15.495379Z,KXZEC15M-26OCT042345-45,0.0040,2.05,no
2026-10-05T03:43:15.495379Z,KXZEC15M-26OCT042345-45,0.0050,15.98,no
2026-10-05T03:43:15.495379Z,KXZEC15M-26OCT042345-45,0.0050,11.00,no
2026-10-05T03:43:15.958001Z,KXZEC15M-26OCT042345-45,0.0040,11.04,no
2026-10-05T03:43:16.084876Z,KXZEC15M-26OCT042345-45,0.0040,13.00,no
2026-10-05T03:43:16.084876Z,KXZEC15M-26OCT042345-45,0.0040,6.91,no
2026-10-05T03:43:16.084876Z,KXZEC15M-26OCT042345-45,0.0030,20.00,no
2026-10-05T03:43:16.084876Z,KXZEC15M-26OCT042345-45,0.0030,83.04,no
2026-10-05T03:43:16.084876Z,KXZEC15M-26OCT042345-45,0.0040,1.00,no
2026-10-05T03:43:16.084876Z,KXZEC15M-26OCT042345-45,0.0040,1.00,no
2026-10-05T03:43:16.084876Z,KXZEC15M-26OCT042345-45,0.0040,1.00,no
2026-10-05T03:43:16.084876Z,KXZEC15M-26OCT042345-45,0.0040,1.00,no
2026-10-05T03:43:16.084876Z,KXZEC15M-26OCT042345-45,0.0040,1.00,no
2026-10-05T03:43:16.084876Z,KXZEC15M-26OCT042345-45,0.0040,3.00,no
2026-10-05T03:43:16.084876Z,KXZEC15M-26OCT042345-45,0.0040,20.00,no
2026-10-05T03:43:16.084876Z,KXZEC15M-26OCT042345-45,0.0040,5.00,no
2026-10-05T03:43:20.217172Z,KXZEC15M-26OCT042345-45,0.0030,11.03,no
2026-10-05T03:43:24.879519Z,KXZEC15M-26OCT042345-45,0.0030,11.03,no
2026-10-05T03:43:29.703417Z,KXZEC15M-26OCT042345-45,0.0030,2.00,no
2026-10-05T03:43:33.159419Z,KXZEC15M-26OCT042345-45,0.0030,111.31,no
2026-10-05T03:43:33.579615Z,KXZEC15M-26OCT042345-45,0.0030,3.55,no
2026-10-05T03:43:37.388789Z,KXZEC15M-26OCT042345-45,0.0030,28.04,no
2026-10-05T03:43:37.388789Z,KXZEC15M-26OCT042345-45,0.0030,18.00,no
2026-10-05T03:43:37.388789Z,KXZEC15M-26OCT042345-45,0.0030,2.00,no
2026-10-05T03:43:37.388789Z,KXZEC15M-26OCT042345-45,0.0030,2.00,no
2026-10-05T03:43:37.388789Z,KXZEC15M-26OCT042345-45,0.0030,2.00,no
2026-10-05T03:43:37.388789Z,KXZEC15M-26OCT042345-45,0.0030,0.96,no
2026-10-05T03:43:37.468909Z,KXZEC15M-26OCT042345-45,0.0030,1.00,no
2026-10-05T03:43:37.85093Z,KXZEC15M-26OCT042345-45,0.0030,0.04,no
2026-10-05T03:43:37.85093Z,KXZEC15M-26OCT042345-45,0.0030,2.00,no
2026-10-05T03:43:37.85093Z,KXZEC15M-26OCT042345-45,0.0030,72.27,no
2026-10-05T03:43:37.85093Z,KXZEC15M-26OCT042345-45,0.0030,32.00,no
2026-10-05T03:43:37.85093Z,KXZEC15M-26OCT042345-45,0.0030,5.00,no
2026-10-05T03:43:40.833989Z,KXZEC15M-26OCT042345-45,0.0030,177.73,no
2026-10-05T03:43:40.833989Z,KXZEC15M-26OCT042345-45,0.0030,29.00,no
2026-10-05T03:43:40.833989Z,KXZEC15M-26OCT042345-45,0.0030,1.18,no
2026-10-05T03:43:41.988661Z,KXZEC15M-26OCT042345-45,0.0020,22.04,no
2026-10-05T03:43:42.874186Z,KXZEC15M-26OCT042345-45,0.0020,1.04,no
2026-10-05T03:43:46.364841Z,KXZEC15M-26OCT042345-45,0.0020,1.00,no
2026-10-05T03:43:48.224868Z,KXZEC15M-26OCT042345-45,0.0030,30.53,yes
2026-10-05T03:43:48.683604Z,KXZEC15M-26OCT042345-45,0.0020,20.76,no
2026-10-05T03:43:49.450735Z,KXZEC15M-26OCT042345-45,0.0020,20.76,no
2026-10-05T03:43:49.51279Z,KXZEC15M-26OCT042345-45,0.0020,1.00,no
2026-10-05T03:43:50.23797Z,KXZEC15M-26OCT042345-45,0.0020,20.76,no
2026-10-05T03:43:50.412292Z,KXZEC15M-26OCT042345-45,0.0020,14.36,no
2026-10-05T03:43:50.412292Z,KXZEC15M-26OCT042345-45,0.0020,12.64,no
2026-10-05T03:43:50.412292Z,KXZEC15M-26OCT042345-45,0.0020,200.00,no
2026-10-05T03:43:50.412292Z,KXZEC15M-26OCT042345-45,0.0020,500.00,no
2026-10-05T03:43:50.412292Z,KXZEC15M-26OCT042345-45,0.0020,20.00,no
2026-10-05T03:43:51.061567Z,KXZEC15M-26OCT042345-45,0.0020,3.00,no
2026-10-05T03:43:51.061567Z,KXZEC15M-26OCT042345-45,0.0020,3.00,no
2026-10-05T03:43:51.061567Z,KXZEC15M-26OCT042345-45,0.0020,0.12,no
2026-10-05T03:43:51.061567Z,KXZEC15M-26OCT042345-45,0.0020,3.00,no
2026-10-05T03:43:51.061567Z,KXZEC15M-26OCT042345-45,0.0020,11.64,no
2026-10-05T03:43:51.117587Z,KXZEC15M-26OCT042345-45,0.0020,3.00,no
2026-10-05T03:43:51.117587Z,KXZEC15M-26OCT042345-45,0.0020,2.88,no
2026-10-05T03:43:51.117587Z,KXZEC15M-26OCT042345-45,0.0020,5.00,no
2026-10-05T03:43:51.117587Z,KXZEC15M-26OCT042345-45,0.0020,58.20,no
2026-10-05T03:43:51.117587Z,KXZEC15M-26OCT042345-45,0.0020,1.00,no
2026-10-05T03:43:51.117587Z,KXZEC15M-26OCT042345-45,0.0020,0.10,no
2026-10-05T03:43:51.117587Z,KXZEC15M-26OCT042345-45,0.0020,3.82,no
2026-10-05T03:43:51.117587Z,KXZEC15M-26OCT042345-45,0.0020,1.00,no
2026-10-05T03:43:53.124872Z,KXZEC15M-26OCT042345-45,0.0020,3.00,no
2026-10-05T03:43:53.124872Z,KXZEC15M-26OCT042345-45,0.0020,5.00,no
2026-10-05T03:43:53.124872Z,KXZEC15M-26OCT042345-45,0.0020,441.80,no
2026-10-05T03:43:53.592221Z,KXZEC15M-26OCT042345-45,0.0010,3.68,no
2026-10-05T03:43:53.64942Z,KXZEC15M-26OCT042345-45,0.0010,11.01,no
2026-10-05T03:43:54.353422Z,KXZEC15M-26OCT042345-45,0.0010,3.68,no
2026-10-05T03:43:55.188167Z,KXZEC15M-26OCT042345-45,0.0010,3.67,no
2026-10-05T03:43:55.381629Z,KXZEC15M-26OCT042345-45,0.0010,3.68,no
2026-10-05T03:43:56.161644Z,KXZEC15M-26OCT042345-45,0.0010,3.68,no
2026-10-05T03:43:56.733214Z,KXZEC15M-26OCT042345-45,0.0010,11.01,no
2026-10-05T03:43:56.935226Z,KXZEC15M-26OCT042345-45,0.0010,3.67,no
2026-10-05T03:43:59.617012Z,KXZEC15M-26OCT042345-45,0.0010,2.00,no
2026-10-05T03:44:00.975398Z,KXZEC15M-26OCT042345-45,0.0010,35.00,no
2026-10-05T03:44:01.039259Z,KXZEC15M-26OCT042345-45,0.0010,14.00,no
2026-10-05T03:44:01.377545Z,KXZEC15M-26OCT042345-45,0.0010,13.08,no
2026-10-05T03:44:01.377545Z,KXZEC15M-26OCT042345-45,0.0010,80.00,no
2026-10-05T03:44:01.377545Z,KXZEC15M-26OCT042345-45,0.0010,1.00,no
2026-10-05T03:44:01.377545Z,KXZEC15M-26OCT042345-45,0.0010,104.92,no
2026-10-05T03:44:01.377545Z,KXZEC15M-26OCT042345-45,0.0010,1.00,no
2026-10-05T03:44:02.662191Z,KXZEC15M-26OCT042345-45,0.0010,5.00,no
2026-10-05T03:44:03.20779Z,KXZEC15M-26OCT042345-45,0.0010,1.92,no
2026-10-05T03:44:03.20779Z,KXZEC15M-26OCT042345-45,0.0010,1.00,no
2026-10-05T03:44:03.20779Z,KXZEC15M-26OCT042345-45,0.0010,4.00,no
2026-10-05T03:44:03.20779Z,KXZEC15M-26OCT042345-45,0.0010,2.00,no
2026-10-05T03:44:03.20779Z,KXZEC15M-26OCT042345-45,0.0010,100.00,no
2026-10-05T03:44:41.334342Z,KXZEC15M-26OCT042345-45,0.0010,111.31,yes
2026-10-05T03:44:41.334342Z,KXZEC15M-26OCT042345-45,0.0010,3.55,yes
2026-10-05T03:44:41.334342Z,KXZEC15M-26OCT042345-45,0.0010,143.00,yes
2026-10-05T03:44:41.334342Z,KXZEC15M-26OCT042345-45,0.0010,2.00,yes
2026-10-05T03:44:41.334342Z,KXZEC15M-26OCT042345-45,0.0010,177.73,yes
2026-10-05T03:44:41.334342Z,KXZEC15M-26OCT042345-45,0.0010,28.04,yes
2026-10-05T03:44:41.334342Z,KXZEC15M-26OCT042345-45,0.0010,72.27,yes
2026-10-05T03:44:41.334342Z,KXZEC15M-26OCT042345-45,0.0010,71.00,yes
2026-10-05T03:44:41.334342Z,KXZEC15M-26OCT042345-45,0.0010,1066.08,yes
2026-10-05T03:44:41.334342Z,KXZEC15M-26OCT042345-45,0.0010,441.80,yes
2026-10-05T03:44:41.334342Z,KXZEC15M-26OCT042345-45,0.0010,58.20,yes
2026-10-05T03:44:41.334342Z,KXZEC15M-26OCT042345-45,0.0010,500.00,yes
2026-10-05T03:44:41.334342Z,KXZEC15M-26OCT042345-45,0.0010,66.04,yes
2026-10-05T03:44:41.334342Z,KXZEC15M-26OCT042345-45,0.0010,6418.53,yes
2026-10-05T03:42:30.390875Z,KXGBPUSD15M-26OCT042345-30,0.0400,18.74,yes
2026-10-05T03:42:45.704495Z,KXGBPUSD15M-26OCT042345-30,0.0100,2.82,no
2026-10-05T03:43:04.948501Z,KXGBPUSD15M-26OCT042345-30,0.0100,1.00,no
2026-10-05T03:43:04.948501Z,KXGBPUSD15M-26OCT042345-30,0.0100,10.00,no
2026-10-05T03:43:04.948501Z,KXGBPUSD15M-26OCT042345-30,0.0100,77.18,no
2026-10-05T03:43:04.948501Z,KXGBPUSD15M-26OCT042345-30,0.0100,1.00,no
2026-10-05T03:43:04.948501Z,KXGBPUSD15M-26OCT042345-30,0.0100,99.10,no
2026-10-05T03:43:04.948501Z,KXGBPUSD15M-26OCT042345-30,0.0100,1.72,no
2026-10-05T03:43:36.15197Z,KXGBPUSD15M-26OCT042345-30,0.0100,10.00,yes
2026-10-05T03:43:36.15197Z,KXGBPUSD15M-26OCT042345-30,0.0100,10.00,yes
2026-10-05T03:43:36.15197Z,KXGBPUSD15M-26OCT042345-30,0.0100,30.00,yes
2026-10-05T03:43:36.15197Z,KXGBPUSD15M-26OCT042345-30,0.0100,60.00,yes
2026-10-05T03:43:36.15197Z,KXGBPUSD15M-26OCT042345-30,0.0200,10.00,yes
2026-10-05T03:43:36.15197Z,KXGBPUSD15M-26OCT042345-30,0.0300,80.00,yes
2026-10-05T03:43:36.15197Z,KXGBPUSD15M-26OCT042345-30,0.0800,49.00,yes
2026-10-05T03:43:36.15197Z,KXGBPUSD15M-26OCT042345-30,0.1100,4.96,yes
2026-10-05T03:43:36.15197Z,KXGBPUSD15M-26OCT042345-30,0.0400,3.00,yes
2026-10-05T03:43:36.15197Z,KXGBPUSD15M-26OCT042345-30,0.0400,3.00,yes
2026-10-05T03:43:36.15197Z,KXGBPUSD15M-26OCT042345-30,0.0700,61.59,yes
2026-10-05T03:43:36.15197Z,KXGBPUSD15M-26OCT042345-30,0.0200,300.00,yes
2026-10-05T03:43:38.010913Z,KXGBPUSD15M-26OCT042345-30,0.0100,8.00,no
2026-10-05T03:43:38.021497Z,KXGBPUSD15M-26OCT042345-30,0.0100,15.00,no
2026-10-05T03:43:49.964356Z,KXGBPUSD15M-26OCT042345-30,0.0100,57.00,no
2026-10-05T03:44:59.847707Z,KXGBPUSD15M-26OCT042345-30,0.0100,93.51,yes
2026-10-05T03:42:31.478072Z,KXUSDJPY15M-26OCT042345-30,0.9900,15.14,yes
2026-10-05T03:42:34.040512Z,KXUSDJPY15M-26OCT042345-30,0.9900,9.08,yes
2026-10-05T03:42:52.996089Z,KXUSDJPY15M-26OCT042345-30,0.9800,60.00,no
2026-10-05T03:42:52.996089Z,KXUSDJPY15M-26OCT042345-30,0.9800,30.00,no
2026-10-05T03:42:52.996089Z,KXUSDJPY15M-26OCT042345-30,0.9800,3.58,no
2026-10-05T03:42:58.124997Z,KXUSDJPY15M-26OCT042345-30,0.9800,15.14,no
2026-10-05T03:43:02.036451Z,KXUSDJPY15M-26OCT042345-30,0.9900,2.01,yes
2026-10-05T03:43:07.699484Z,KXUSDJPY15M-26OCT042345-30,0.9900,5.62,yes
2026-10-05T03:43:07.699484Z,KXUSDJPY15M-26OCT042345-30,0.9900,5.48,yes
2026-10-05T03:43:20.137073Z,KXUSDJPY15M-26OCT042345-30,0.9900,60.00,no
2026-10-05T03:43:20.137073Z,KXUSDJPY15M-26OCT042345-30,0.9900,30.00,no
2026-10-05T03:43:20.137073Z,KXUSDJPY15M-26OCT042345-30,0.9900,3.51,no
2026-10-05T03:44:11.044387Z,KXUSDJPY15M-26OCT042345-30,0.9900,1.00,no
2026-10-05T03:44:18.020928Z,KXUSDJPY15M-26OCT042345-30,0.9900,1.98,no
2026-10-05T03:42:51.93293Z,KXCOPPER15M-26OCT042345-45,0.9700,100.00,no
2026-10-05T03:42:51.93293Z,KXCOPPER15M-26OCT042345-45,0.9800,41.00,no
2026-10-05T03:42:51.93293Z,KXCOPPER15M-26OCT042345-45,0.9800,30.00,no
2026-10-05T03:42:51.93293Z,KXCOPPER15M-26OCT042345-45,0.9800,60.00,no
2026-10-05T03:42:51.93293Z,KXCOPPER15M-26OCT042345-45,0.9800,30.00,no
2026-10-05T03:42:51.93293Z,KXCOPPER15M-26OCT042345-45,0.9800,60.00,no
2026-10-05T03:42:51.93293Z,KXCOPPER15M-26OCT042345-45,0.9700,23.20,no
2026-10-05T03:42:51.93293Z,KXCOPPER15M-26OCT042345-45,0.9700,15.28,no
2026-10-05T03:42:51.93293Z,KXCOPPER15M-26OCT042345-45,0.9800,2.00,no
2026-10-05T03:42:51.93293Z,KXCOPPER15M-26OCT042345-45,0.9800,1.00,no
2026-10-05T03:42:51.93293Z,KXCOPPER15M-26OCT042345-45,0.9700,0.10,no
2026-10-05T03:42:51.93293Z,KXCOPPER15M-26OCT042345-45,0.9800,36.00,no
2026-10-05T03:42:59.696477Z,KXCOPPER15M-26OCT042345-45,0.9800,4.67,no
2026-10-05T03:43:00.246774Z,KXCOPPER15M-26OCT042345-45,0.9900,20.18,yes
2026-10-05T03:43:01.568002Z,KXCOPPER15M-26OCT042345-45,0.9900,1010.00,yes
2026-10-05T03:43:04.093159Z,KXCOPPER15M-26OCT042345-45,0.9900,52.22,yes
2026-10-05T03:43:04.101939Z,KXCOPPER15M-26OCT042345-45,0.9800,16.79,no
2026-10-05T03:43:04.101939Z,KXCOPPER15M-26OCT042345-45,0.9800,30.00,no
2026-10-05T03:43:05.934247Z,KXCOPPER15M-26OCT042345-45,0.9800,5.79,no
2026-10-05T03:43:05.934247Z,KXCOPPER15M-26OCT042345-45,0.9800,41.00,no
2026-10-05T03:43:07.165016Z,KXCOPPER15M-26OCT042345-45,0.9900,24.22,yes
2026-10-05T03:43:27.565619Z,KXCOPPER15M-26OCT042345-45,0.9900,5.70,yes
2026-10-05T03:43:28.072304Z,KXCOPPER15M-26OCT042345-45,0.9900,41.78,yes
2026-10-05T03:43:28.67264Z,KXCOPPER15M-26OCT042345-45,0.9800,30.00,no
2026-10-05T03:43:28.67264Z,KXCOPPER15M-26OCT042345-45,0.9800,16.79,no
2026-10-05T03:43:29.129677Z,KXCOPPER15M-26OCT042345-45,0.9900,1.00,yes
2026-10-05T03:43:29.344244Z,KXCOPPER15M-26OCT042345-45,0.9900,5.00,yes
2026-10-05T03:43:29.959282Z,KXCOPPER15M-26OCT042345-45,0.9900,51.75,yes
2026-10-05T03:43:30.118871Z,KXCOPPER15M-26OCT042345-45,0.9900,46.85,yes
2026-10-05T03:43:30.412231Z,KXCOPPER15M-26OCT042345-45,0.9900,46.00,yes
2026-10-05T03:43:33.13711Z,KXCOPPER15M-26OCT042345-45,0.9900,20.00,yes
2026-10-05T03:43:33.13711Z,KXCOPPER15M-26OCT042345-45,0.9900,100.00,yes
2026-10-05T03:43:33.13711Z,KXCOPPER15M-26OCT042345-45,0.9900,10.00,yes
2026-10-05T03:43:33.13711Z,KXCOPPER15M-26OCT042345-45,0.9900,20.00,yes
2026-10-05T03:43:33.13711Z,KXCOPPER15M-26OCT042345-45,0.9900,2.00,yes
2026-10-05T03:43:33.13711Z,KXCOPPER15M-26OCT042345-45,0.9900,1.00,yes
2026-10-05T03:43:33.13711Z,KXCOPPER15M-26OCT042345-45,0.9900,2.00,yes
2026-10-05T03:43:33.13711Z,KXCOPPER15M-26OCT042345-45,0.9900,20.70,yes
2026-10-05T03:43:33.13711Z,KXCOPPER15M-26OCT042345-45,0.9900,3.00,yes
2026-10-05T03:43:33.13711Z,KXCOPPER15M-26OCT042345-45,0.9900,1.00,yes
2026-10-05T03:43:33.13711Z,KXCOPPER15M-26OCT042345-45,0.9900,22.17,yes
2026-10-05T03:43:34.210255Z,KXCOPPER15M-26OCT042345-45,0.9900,5.00,yes
2026-10-05T03:43:37.999366Z,KXCOPPER15M-26OCT042345-45,0.9900,72.83,yes
2026-10-05T03:43:37.999366Z,KXCOPPER15M-26OCT042345-45,0.9900,2.00,yes
2026-10-05T03:43:37.999366Z,KXCOPPER15M-26OCT042345-45,0.9900,1.00,yes
2026-10-05T03:43:37.999366Z,KXCOPPER15M-26OCT042345-45,0.9900,19.02,yes
2026-10-05T03:43:37.999366Z,KXCOPPER15M-26OCT042345-45,0.9900,100.00,yes
2026-10-05T03:43:37.999366Z,KXCOPPER15M-26OCT042345-45,0.9900,7.00,yes
2026-10-05T03:43:37.999366Z,KXCOPPER15M-26OCT042345-45,0.9900,1.15,yes
2026-10-05T03:43:38.146966Z,KXCOPPER15M-26OCT042345-45,0.9900,0.98,yes
2026-10-05T03:43:38.146966Z,KXCOPPER15M-26OCT042345-45,0.9900,43.77,yes
2026-10-05T03:43:38.146966Z,KXCOPPER15M-26OCT042345-45,0.9900,7.00,yes
2026-10-05T03:43:38.147017Z,KXCOPPER15M-26OCT042345-45,0.9900,46.00,yes
2026-10-05T03:43:38.14708Z,KXCOPPER15M-26OCT042345-45,0.9900,10.23,yes
2026-10-05T03:43:52.045775Z,KXCOPPER15M-26OCT042345-45,0.9900,5.34,no
2026-10-05T03:43:52.045775Z,KXCOPPER15M-26OCT042345-45,0.9900,88.17,no
2026-10-05T03:44:06.47228Z,KXCOPPER15M-26OCT042345-45,0.9900,0.93,no
2026-10-05T03:44:12.975377Z,KXCOPPER15M-26OCT042345-45,0.9900,9.00,no
2026-10-05T03:44:12.975377Z,KXCOPPER15M-26OCT042345-45,0.9900,43.93,no
2026-10-05T03:44:12.975377Z,KXCOPPER15M-26OCT042345-45,0.9900,40.58,no
2026-10-05T03:44:33.491533Z,KXCOPPER15M-26OCT042345-45,0.9900,10.21,no
2026-10-05T03:44:33.505027Z,KXCOPPER15M-26OCT042345-45,0.9900,9.35,no
2026-10-05T03:44:37.293873Z,KXCOPPER15M-26OCT042345-45,0.9900,0.01,no
2026-10-05T03:42:44.196357Z,KXXRP15M-26OCT042345-45,0.0600,7.50,no
2026-10-05T03:42:44.196357Z,KXXRP15M-26OCT042345-45,0.0750,7.50,no
2026-10-05T03:42:44.196357Z,KXXRP15M-26OCT042345-45,0.0700,55.00,no
2026-10-05T03:42:44.196357Z,KXXRP15M-26OCT042345-45,0.0640,32.00,no
2026-10-05T03:42:44.196357Z,KXXRP15M-26OCT042345-45,0.0730,5.00,no
2026-10-05T03:42:44.196357Z,KXXRP15M-26OCT042345-45,0.0850,0.10,no
2026-10-05T03:42:44.196357Z,KXXRP15M-26OCT042345-45,0.0720,34.00,no
2026-10-05T03:42:44.196357Z,KXXRP15M-26OCT042345-45,0.0590,40.00,no
2026-10-05T03:42:44.222702Z,KXXRP15M-26OCT042345-45,0.0780,5.00,no
2026-10-05T03:42:44.332191Z,KXXRP15M-26OCT042345-45,0.0580,5.00,yes
2026-10-05T03:42:44.332191Z,KXXRP15M-26OCT042345-45,0.0580,5.00,yes
2026-10-05T03:42:44.381257Z,KXXRP15M-26OCT042345-45,0.0570,64.69,no
2026-10-05T03:42:44.426074Z,KXXRP15M-26OCT042345-45,0.0580,4.59,yes
2026-10-05T03:42:44.586499Z,KXXRP15M-26OCT042345-45,0.0600,0.74,yes
2026-10-05T03:42:44.586499Z,KXXRP15M-26OCT042345-45,0.0580,5.00,yes
2026-10-05T03:42:44.586499Z,KXXRP15M-26OCT042345-45,0.0590,5.00,yes
2026-10-05T03:42:44.969809Z,KXXRP15M-26OCT042345-45,0.0570,0.72,no
2026-10-05T03:42:45.953602Z,KXXRP15M-26OCT042345-45,0.0630,5.00,yes
2026-10-05T03:42:46.042255Z,KXXRP15M-26OCT042345-45,0.0680,8.00,yes
2026-10-05T03:42:46.042255Z,KXXRP15M-26OCT042345-45,0.0690,10.00,yes
2026-10-05T03:42:46.042255Z,KXXRP15M-26OCT042345-45,0.0700,5.00,yes
2026-10-05T03:42:46.042255Z,KXXRP15M-26OCT042345-45,0.0630,5.00,yes
2026-10-05T03:42:46.042255Z,KXXRP15M-26OCT042345-45,0.0690,5.00,yes
2026-10-05T03:42:46.042255Z,KXXRP15M-26OCT042345-45,0.0700,7.50,yes
2026-10-05T03:42:46.042255Z,KXXRP15M-26OCT042345-45,0.0750,7.50,yes
2026-10-05T03:42:46.042255Z,KXXRP15M-26OCT042345-45,0.0780,167.42,yes
2026-10-05T03:42:46.042255Z,KXXRP15M-26OCT042345-45,0.0640,1.00,yes
2026-10-05T03:42:46.042255Z,KXXRP15M-26OCT042345-45,0.0740,1.00,yes
2026-10-05T03:42:46.602504Z,KXXRP15M-26OCT042345-45,0.0590,5.00,no
2026-10-05T03:42:46.602504Z,KXXRP15M-26OCT042345-45,0.0610,0.10,no
2026-10-05T03:42:46.635529Z,KXXRP15M-26OCT042345-45,0.0430,7.00,no
2026-10-05T03:42:46.635529Z,KXXRP15M-26OCT042345-45,0.0440,6.00,no
2026-10-05T03:42:46.635529Z,KXXRP15M-26OCT042345-45,0.0420,28.00,no
2026-10-05T03:42:46.742729Z,KXXRP15M-26OCT042345-45,0.0420,33.00,no
2026-10-05T03:42:46.742763Z,KXXRP15M-26OCT042345-45,0.0420,1.00,no
2026-10-05T03:42:47.52475Z,KXXRP15M-26OCT042345-45,0.0420,4.00,no
2026-10-05T03:42:47.667751Z,KXXRP15M-26OCT042345-45,0.0430,5.00,yes
2026-10-05T03:42:47.667751Z,KXXRP15M-26OCT042345-45,0.0450,5.00,yes
2026-10-05T03:42:47.667751Z,KXXRP15M-26OCT042345-45,0.0590,2.73,yes
2026-10-05T03:42:47.667751Z,KXXRP15M-26OCT042345-45,0.0580,9.00,yes
2026-10-05T03:42:47.667751Z,KXXRP15M-26OCT042345-45,0.0570,8.00,yes
2026-10-05T03:42:47.667751Z,KXXRP15M-26OCT042345-45,0.0440,5.00,yes
2026-10-05T03:42:47.667751Z,KXXRP15M-26OCT042345-45,0.0430,48.00,yes
2026-10-05T03:42:47.667751Z,KXXRP15M-26OCT042345-45,0.0480,15.00,yes
2026-10-05T03:42:47.97526Z,KXXRP15M-26OCT042345-45,0.0420,99.00,no
2026-10-05T03:42:48.212976Z,KXXRP15M-26OCT042345-45,0.0320,5.41,no
2026-10-05T03:42:48.212976Z,KXXRP15M-26OCT042345-45,0.0320,0.82,no
2026-10-05T03:42:48.212976Z,KXXRP15M-26OCT042345-45,0.0320,3.77,no
2026-10-05T03:42:48.282429Z,KXXRP15M-26OCT042345-45,0.0320,3.00,no
2026-10-05T03:42:48.284153Z,KXXRP15M-26OCT042345-45,0.0340,60.04,yes
2026-10-05T03:42:48.284153Z,KXXRP15M-26OCT042345-45,0.0330,5.00,yes
2026-10-05T03:42:48.307809Z,KXXRP15M-26OCT042345-45,0.0320,4.00,no
2026-10-05T03:42:48.678539Z,KXXRP15M-26OCT042345-45,0.0330,5.00,yes
2026-10-05T03:42:48.751865Z,KXXRP15M-26OCT042345-45,0.0320,4.00,no
2026-10-05T03:42:48.818732Z,KXXRP15M-26OCT042345-45,0.0330,10.00,yes
2026-10-05T03:42:48.818732Z,KXXRP15M-26OCT042345-45,0.0330,5.00,yes
2026-10-05T03:42:48.818732Z,KXXRP15M-26OCT042345-45,0.0340,5.00,yes
2026-10-05T03:42:48.970828Z,KXXRP15M-26OCT042345-45,0.0360,0.10,yes
2026-10-05T03:42:48.970828Z,KXXRP15M-26OCT042345-45,0.0400,4.00,yes
2026-10-05T03:42:48.970828Z,KXXRP15M-26OCT042345-45,0.0490,8.00,yes
2026-10-05T03:42:48.970828Z,KXXRP15M-26OCT042345-45,0.0400,0.82,yes
2026-10-05T03:42:48.970828Z,KXXRP15M-26OCT042345-45,0.0400,4.00,yes
2026-10-05T03:42:48.970828Z,KXXRP15M-26OCT042345-45,0.0400,5.41,yes
2026-10-05T03:42:48.970828Z,KXXRP15M-26OCT042345-45,0.0500,40.88,yes
2026-10-05T03:42:48.970828Z,KXXRP15M-26OCT042345-45,0.0420,1.00,yes
2026-10-05T03:42:48.970828Z,KXXRP15M-26OCT042345-45,0.0340,5.00,yes
2026-10-05T03:42:48.970828Z,KXXRP15M-26OCT042345-45,0.0400,3.00,yes
2026-10-05T03:42:48.970828Z,KXXRP15M-26OCT042345-45,0.0470,1.00,yes
2026-10-05T03:42:48.970828Z,KXXRP15M-26OCT042345-45,0.0400,7.50,yes
2026-10-05T03:42:48.970828Z,KXXRP15M-26OCT042345-45,0.0480,1.00,yes
2026-10-05T03:42:48.970828Z,KXXRP15M-26OCT042345-45,0.0350,5.00,yes
2026-10-05T03:42:48.970828Z,KXXRP15M-26OCT042345-45,0.0400,3.77,yes
2026-10-05T03:42:48.970828Z,KXXRP15M-26OCT042345-45,0.0360,5.00,yes
2026-10-05T03:42:48.970828Z,KXXRP15M-26OCT042345-45,0.0470,1.00,yes
2026-10-05T03:42:48.970828Z,KXXRP15M-26OCT042345-45,0.0500,7.50,yes
2026-10-05T03:42:49.32811Z,KXXRP15M-26OCT042345-45,0.0350,10.00,yes
2026-10-05T03:42:49.32811Z,KXXRP15M-26OCT042345-45,0.0370,5.00,yes
2026-10-05T03:42:49.32811Z,KXXRP15M-26OCT042345-45,0.0380,4.93,yes
2026-10-05T03:42:49.32811Z,KXXRP15M-26OCT042345-45,0.0340,5.00,yes
2026-10-05T03:42:49.385716Z,KXXRP15M-26OCT042345-45,0.0320,2.00,no
2026-10-05T03:42:49.425334Z,KXXRP15M-26OCT042345-45,0.0320,1.00,no
2026-10-05T03:42:49.615027Z,KXXRP15M-26OCT042345-45,0.0380,1.04,yes
2026-10-05T03:42:49.615027Z,KXXRP15M-26OCT042345-45,0.0400,7.50,yes
2026-10-05T03:42:49.615027Z,KXXRP15M-26OCT042345-45,0.0590,1.00,yes
2026-10-05T03:42:49.615027Z,KXXRP15M-26OCT042345-45,0.0400,1.00,yes
2026-10-05T03:42:49.615027Z,KXXRP15M-26OCT042345-45,0.0600,248.13,yes
2026-10-05T03:42:49.615027Z,KXXRP15M-26OCT042345-45,0.0520,2.00,yes
2026-10-05T03:42:49.615027Z,KXXRP15M-26OCT042345-45,0.0350,10.00,yes
2026-10-05T03:42:49.615027Z,KXXRP15M-26OCT042345-45,0.0390,5.00,yes
2026-10-05T03:42:49.615027Z,KXXRP15M-26OCT042345-45,0.0530,8.00,yes
2026-10-05T03:42:49.615027Z,KXXRP15M-26OCT042345-45,0.0580,7.00,yes
2026-10-05T03:42:49.615027Z,KXXRP15M-26OCT042345-45,0.0340,5.00,yes
2026-10-05T03:42:49.615027Z,KXXRP15M-26OCT042345-45,0.0520,7.00,yes
2026-10-05T03:42:49.615027Z,KXXRP15M-26OCT042345-45,0.0400,2.00,yes
2026-10-05T03:42:49.615027Z,KXXRP15M-26OCT042345-45,0.0400,5.00,yes
2026-10-05T03:42:49.615027Z,KXXRP15M-26OCT042345-45,0.0600,1.00,yes
2026-10-05T03:42:49.615027Z,KXXRP15M-26OCT042345-45,0.0580,1.00,yes
2026-10-05T03:42:49.615027Z,KXXRP15M-26OCT042345-45,0.0490,1.00,yes
2026-10-05T03:42:49.615027Z,KXXRP15M-26OCT042345-45,0.0540,1.00,yes
2026-10-05T03:42:49.615027Z,KXXRP15M-26OCT042345-45,0.0500,4.12,yes
2026-10-05T03:42:49.615027Z,KXXRP15M-26OCT042345-45,0.0570,1.00,yes
2026-10-05T03:42:49.615027Z,KXXRP15M-26OCT042345-45,0.0590,5.27,yes
2026-10-05T03:42:49.623358Z,KXXRP15M-26OCT042345-45,0.0320,1.00,no
2026-10-05T03:42:49.633559Z,KXXRP15M-26OCT042345-45,0.0320,16.55,no
2026-10-05T03:42:49.633559Z,KXXRP15M-26OCT042345-45,0.0320,3.70,no
2026-10-05T03:42:49.721907Z,KXXRP15M-26OCT042345-45,0.0320,1.00,no
2026-10-05T03:42:49.721907Z,KXXRP15M-26OCT042345-45,0.0310,0.25,no
2026-10-05T03:42:49.721907Z,KXXRP15M-26OCT042345-45,0.0320,5.00,no
2026-10-05T03:42:49.721907Z,KXXRP15M-26OCT042345-45,0.0320,0.82,no
2026-10-05T03:42:49.721907Z,KXXRP15M-26OCT042345-45,0.0320,3.00,no
2026-10-05T03:42:49.721907Z,KXXRP15M-26OCT042345-45,0.0320,5.41,no
2026-10-05T03:42:49.721907Z,KXXRP15M-26OCT042345-45,0.0320,4.00,no
2026-10-05T03:42:49.721907Z,KXXRP15M-26OCT042345-45,0.0320,4.00,no
2026-10-05T03:42:49.721907Z,KXXRP15M-26OCT042345-45,0.0320,3.77,no
2026-10-05T03:42:49.721907Z,KXXRP15M-26OCT042345-45,0.0320,2.00,no
2026-10-05T03:42:49.721907Z,KXXRP15M-26OCT042345-45,0.0320,14.75,no
2026-10-05T03:42:49.823639Z,KXXRP15M-26OCT042345-45,0.0300,5.00,no
2026-10-05T03:42:50.122992Z,KXXRP15M-26OCT042345-45,0.0220,21.00,no
2026-10-05T03:42:50.122992Z,KXXRP15M-26OCT042345-45,0.0280,5.00,no
2026-10-05T03:42:50.122992Z,KXXRP15M-26OCT042345-45,0.0230,7.00,no
2026-10-05T03:42:50.122992Z,KXXRP15M-26OCT042345-45,0.0270,5.00,no
2026-10-05T03:42:50.122992Z,KXXRP15M-26OCT042345-45,0.0230,1.00,no
2026-10-05T03:42:50.122992Z,KXXRP15M-26OCT042345-45,0.0230,1.00,no
2026-10-05T03:42:50.181009Z,KXXRP15M-26OCT042345-45,0.0220,3.00,no
2026-10-05T03:42:50.181009Z,KXXRP15M-26OCT042345-45,0.0250,5.00,no
2026-10-05T03:42:50.181009Z,KXXRP15M-26OCT042345-45,0.0230,7.00,no
2026-10-05T03:42:50.181009Z,KXXRP15M-26OCT042345-45,0.0260,5.00,no
2026-10-05T03:42:50.191693Z,KXXRP15M-26OCT042345-45,0.0220,20.00,no
2026-10-05T03:42:50.242693Z,KXXRP15M-26OCT042345-45,0.0240,5.00,no
2026-10-05T03:42:50.242693Z,KXXRP15M-26OCT042345-45,0.0230,5.00,no
2026-10-05T03:42:50.242693Z,KXXRP15M-26OCT042345-45,0.0230,5.00,no
2026-10-05T03:42:50.247564Z,KXXRP15M-26OCT042345-45,0.0280,16.00,yes
2026-10-05T03:42:50.247564Z,KXXRP15M-26OCT042345-45,0.0280,3.00,yes
2026-10-05T03:42:50.247564Z,KXXRP15M-26OCT042345-45,0.0280,21.00,yes
2026-10-05T03:42:50.299247Z,KXXRP15M-26OCT042345-45,0.0220,110.00,no
2026-10-05T03:42:50.3275Z,KXXRP15M-26OCT042345-45,0.0280,1.00,yes
2026-10-05T03:42:50.416259Z,KXXRP15M-26OCT042345-45,0.0280,7.60,yes
2026-10-05T03:42:50.416259Z,KXXRP15M-26OCT042345-45,0.0280,3.00,yes
2026-10-05T03:42:50.488422Z,KXXRP15M-26OCT042345-45,0.0310,5.00,yes
2026-10-05T03:42:50.488422Z,KXXRP15M-26OCT042345-45,0.0320,5.00,yes
2026-10-05T03:42:50.488422Z,KXXRP15M-26OCT042345-45,0.0310,5.00,yes
2026-10-05T03:42:50.488422Z,KXXRP15M-26OCT042345-45,0.0400,4.00,yes
2026-10-05T03:42:50.488422Z,KXXRP15M-26OCT042345-45,0.0350,46.00,yes
2026-10-05T03:42:50.488422Z,KXXRP15M-26OCT042345-45,0.0560,8.00,yes
2026-10-05T03:42:50.488422Z,KXXRP15M-26OCT042345-45,0.0560,3.00,yes
2026-10-05T03:42:50.488422Z,KXXRP15M-26OCT042345-45,0.0400,2.00,yes
2026-10-05T03:42:50.488422Z,KXXRP15M-26OCT042345-45,0.0280,102.40,yes
2026-10-05T03:42:50.488422Z,KXXRP15M-26OCT042345-45,0.0400,1.00,yes
2026-10-05T03:42:50.488422Z,KXXRP15M-26OCT042345-45,0.0560,1.00,yes
2026-10-05T03:42:50.488422Z,KXXRP15M-26OCT042345-45,0.0400,4.00,yes
2026-10-05T03:42:50.488422Z,KXXRP15M-26OCT042345-45,0.0400,14.75,yes
2026-10-05T03:42:50.488422Z,KXXRP15M-26OCT042345-45,0.0400,16.55,yes
2026-10-05T03:42:50.488422Z,KXXRP15M-26OCT042345-45,0.0400,5.41,yes
2026-10-05T03:42:50.488422Z,KXXRP15M-26OCT042345-45,0.0300,100.00,yes
2026-10-05T03:42:50.488422Z,KXXRP15M-26OCT042345-45,0.0550,1.00,yes
2026-10-05T03:42:50.488422Z,KXXRP15M-26OCT042345-45,0.0600,46.41,yes
2026-10-05T03:42:50.488422Z,KXXRP15M-26OCT042345-45,0.0580,6.00,yes
2026-10-05T03:42:50.488422Z,KXXRP15M-26OCT042345-45,0.0400,3.70,yes
2026-10-05T03:42:50.488422Z,KXXRP15M-26OCT042345-45,0.0400,3.77,yes
2026-10-05T03:42:50.488422Z,KXXRP15M-26OCT042345-45,0.0400,0.82,yes
2026-10-05T03:42:50.488422Z,KXXRP15M-26OCT042345-45,0.0400,3.00,yes
2026-10-05T03:42:50.488422Z,KXXRP15M-26OCT042345-45,0.0400,1.00,yes
2026-10-05T03:42:50.488422Z,KXXRP15M-26OCT042345-45,0.0300,100.00,yes
2026-10-05T03:42:50.488422Z,KXXRP15M-26OCT042345-45,0.0560,4.00,yes
2026-10-05T03:42:50.488422Z,KXXRP15M-26OCT042345-45,0.0570,40.00,yes
2026-10-05T03:42:51.389031Z,KXXRP15M-26OCT042345-45,0.0310,1.96,yes
2026-10-05T03:42:51.656671Z,KXXRP15M-26OCT042345-45,0.0300,3.21,yes
2026-10-05T03:42:51.836363Z,KXXRP15M-26OCT042345-45,0.0480,1.00,yes
2026-10-05T03:42:51.836363Z,KXXRP15M-26OCT042345-45,0.0550,1.00,yes
2026-10-05T03:42:51.836363Z,KXXRP15M-26OCT042345-45,0.0300,5.00,yes
2026-10-05T03:42:51.836363Z,KXXRP15M-26OCT042345-45,0.0540,6.00,yes
2026-10-05T03:42:51.836363Z,KXXRP15M-26OCT042345-45,0.0530,7.00,yes
2026-10-05T03:42:51.836363Z,KXXRP15M-26OCT042345-45,0.0490,8.00,yes
2026-10-05T03:42:51.836363Z,KXXRP15M-26OCT042345-45,0.0360,10.00,yes
2026-10-05T03:42:51.836363Z,KXXRP15M-26OCT042345-45,0.0510,8.00,yes
2026-10-05T03:42:51.836363Z,KXXRP15M-26OCT042345-45,0.0590,1.00,yes
2026-10-05T03:42:51.836363Z,KXXRP15M-26OCT042345-45,0.0350,7.50,yes
2026-10-05T03:42:51.836363Z,KXXRP15M-26OCT042345-45,0.0600,71.61,yes
2026-10-05T03:42:51.836363Z,KXXRP15M-26OCT042345-45,0.0500,27.00,yes
2026-10-05T03:42:51.836363Z,KXXRP15M-26OCT042345-45,0.0460,1.00,yes
2026-10-05T03:42:51.836363Z,KXXRP15M-26OCT042345-45,0.0310,5.00,yes
2026-10-05T03:42:51.836363Z,KXXRP15M-26OCT042345-45,0.0320,5.00,yes
2026-10-05T03:42:51.836363Z,KXXRP15M-26OCT042345-45,0.0410,1.00,yes
2026-10-05T03:42:52.637883Z,KXXRP15M-26OCT042345-45,0.0250,5.00,no
2026-10-05T03:42:52.790658Z,KXXRP15M-26OCT042345-45,0.0220,132.00,no
2026-10-05T03:42:52.790658Z,KXXRP15M-26OCT042345-45,0.0230,7.00,no
2026-10-05T03:42:52.790658Z,KXXRP15M-26OCT042345-45,0.0240,1.00,no
2026-10-05T03:42:52.790658Z,KXXRP15M-26OCT042345-45,0.0230,5.00,no
2026-10-05T03:42:52.790658Z,KXXRP15M-26OCT042345-45,0.0250,55.00,no
2026-10-05T03:42:52.800558Z,KXXRP15M-26OCT042345-45,0.0300,5.00,yes
2026-10-05T03:42:52.800558Z,KXXRP15M-26OCT042345-45,0.0310,0.10,yes
2026-10-05T03:42:52.800558Z,KXXRP15M-26OCT042345-45,0.0300,5.00,yes
2026-10-05T03:42:52.94665Z,KXXRP15M-26OCT042345-45,0.0220,1.00,no
2026-10-05T03:42:52.94665Z,KXXRP15M-26OCT042345-45,0.0240,92.00,no
2026-10-05T03:42:52.94665Z,KXXRP15M-26OCT042345-45,0.0230,7.00,no
2026-10-05T03:42:52.985529Z,KXXRP15M-26OCT042345-45,0.0220,3.32,no
2026-10-05T03:42:52.985529Z,KXXRP15M-26OCT042345-45,0.0220,1.00,no
2026-10-05T03:42:52.985529Z,KXXRP15M-26OCT042345-45,0.0220,5.68,no
2026-10-05T03:42:53.04178Z,KXXRP15M-26OCT042345-45,0.0270,5.68,yes
2026-10-05T03:42:53.04178Z,KXXRP15M-26OCT042345-45,0.0280,16.32,yes
2026-10-05T03:42:54.011194Z,KXXRP15M-26OCT042345-45,0.0260,15.00,yes
2026-10-05T03:42:54.011194Z,KXXRP15M-26OCT042345-45,0.0290,5.00,yes
2026-10-05T03:42:54.011194Z,KXXRP15M-26OCT042345-45,0.0300,51.43,yes
2026-10-05T03:42:54.011194Z,KXXRP15M-26OCT042345-45,0.0290,10.00,yes
2026-10-05T03:42:54.011194Z,KXXRP15M-26OCT042345-45,0.0280,3.31,yes
2026-10-05T03:42:54.496301Z,KXXRP15M-26OCT042345-45,0.0300,1.11,yes
2026-10-05T03:42:54.496301Z,KXXRP15M-26OCT042345-45,0.0300,5.00,yes
2026-10-05T03:42:54.496301Z,KXXRP15M-26OCT042345-45,0.0300,6.91,yes
2026-10-05T03:42:55.401032Z,KXXRP15M-26OCT042345-45,0.0300,5.00,yes
2026-10-05T03:42:55.402069Z,KXXRP15M-26OCT042345-45,0.0300,1.00,no
2026-10-05T03:42:55.565684Z,KXXRP15M-26OCT042345-45,0.0300,44.00,no
2026-10-05T03:42:55.667329Z,KXXRP15M-26OCT042345-45,0.0330,33.00,yes
2026-10-05T03:42:55.667329Z,KXXRP15M-26OCT042345-45,0.0310,20.00,yes
2026-10-05T03:42:55.667329Z,KXXRP15M-26OCT042345-45,0.0320,3.32,yes
2026-10-05T03:42:55.667329Z,KXXRP15M-26OCT042345-45,0.0320,1.00,yes
2026-10-05T03:42:55.667329Z,KXXRP15M-26OCT042345-45,0.0290,5.00,yes
2026-10-05T03:42:55.667329Z,KXXRP15M-26OCT042345-45,0.0300,9.00,yes
2026-10-05T03:42:55.667329Z,KXXRP15M-26OCT042345-45,0.0400,1.00,yes
2026-10-05T03:42:55.667329Z,KXXRP15M-26OCT042345-45,0.0430,9.27,yes
2026-10-05T03:42:55.667329Z,KXXRP15M-26OCT042345-45,0.0350,1.00,yes
2026-10-05T03:42:55.667329Z,KXXRP15M-26OCT042345-45,0.0290,50.00,yes
2026-10-05T03:42:55.667329Z,KXXRP15M-26OCT042345-45,0.0320,10.03,yes
2026-10-05T03:42:55.667329Z,KXXRP15M-26OCT042345-45,0.0350,6.99,yes
2026-10-05T03:42:55.667329Z,KXXRP15M-26OCT042345-45,0.0330,5.00,yes
2026-10-05T03:42:55.667329Z,KXXRP15M-26OCT042345-45,0.0320,5.00,yes
2026-10-05T03:42:55.667329Z,KXXRP15M-26OCT042345-45,0.0310,5.00,yes
2026-10-05T03:42:55.667329Z,KXXRP15M-26OCT042345-45,0.0330,55.00,yes
2026-10-05T03:42:55.963215Z,KXXRP15M-26OCT042345-45,0.0330,5.00,yes
2026-10-05T03:42:55.963215Z,KXXRP15M-26OCT042345-45,0.0330,9.03,yes
2026-10-05T03:42:55.963215Z,KXXRP15M-26OCT042345-45,0.0320,5.00,yes
2026-10-05T03:42:56.704128Z,KXXRP15M-26OCT042345-45,0.0300,10.61,yes
2026-10-05T03:42:56.704128Z,KXXRP15M-26OCT042345-45,0.0290,5.00,yes
2026-10-05T03:42:56.857656Z,KXXRP15M-26OCT042345-45,0.0270,23.00,no
2026-10-05T03:42:56.857656Z,KXXRP15M-26OCT042345-45,0.0260,27.41,no
2026-10-05T03:42:56.857656Z,KXXRP15M-26OCT042345-45,0.0270,7.00,no
2026-10-05T03:42:56.865392Z,KXXRP15M-26OCT042345-45,0.0260,4.59,no
2026-10-05T03:42:57.167539Z,KXXRP15M-26OCT042345-45,0.0210,1.00,no
2026-10-05T03:42:57.167539Z,KXXRP15M-26OCT042345-45,0.0200,1.00,no
2026-10-05T03:42:57.167539Z,KXXRP15M-26OCT042345-45,0.0200,66.08,no
2026-10-05T03:42:57.167539Z,KXXRP15M-26OCT042345-45,0.0210,10.00,no
2026-10-05T03:42:57.167539Z,KXXRP15M-26OCT042345-45,0.0220,1.00,no
2026-10-05T03:42:57.167539Z,KXXRP15M-26OCT042345-45,0.0220,40.00,no
2026-10-05T03:42:57.167539Z,KXXRP15M-26OCT042345-45,0.0250,5.00,no
2026-10-05T03:42:57.167539Z,KXXRP15M-26OCT042345-45,0.0240,5.00,no
2026-10-05T03:42:57.167539Z,KXXRP15M-26OCT042345-45,0.0260,60.00,no
2026-10-05T03:42:57.167539Z,KXXRP15M-26OCT042345-45,0.0230,7.00,no
2026-10-05T03:42:57.167539Z,KXXRP15M-26OCT042345-45,0.0240,0.10,no
2026-10-05T03:42:57.167539Z,KXXRP15M-26OCT042345-45,0.0220,34.32,no
2026-10-05T03:42:57.167539Z,KXXRP15M-26OCT042345-45,0.0210,40.00,no
2026-10-05T03:42:57.257753Z,KXXRP15M-26OCT042345-45,0.0200,48.04,no
2026-10-05T03:42:57.257753Z,KXXRP15M-26OCT042345-45,0.0220,5.00,no
2026-10-05T03:42:57.257753Z,KXXRP15M-26OCT042345-45,0.0210,7.00,no
2026-10-05T03:42:57.257753Z,KXXRP15M-26OCT042345-45,0.0230,5.00,no
2026-10-05T03:42:58.537577Z,KXXRP15M-26OCT042345-45,0.0280,5.00,yes
2026-10-05T03:42:58.537577Z,KXXRP15M-26OCT042345-45,0.0300,41.00,yes
2026-10-05T03:42:58.537577Z,KXXRP15M-26OCT042345-45,0.0250,34.32,yes
2026-10-05T03:42:58.537577Z,KXXRP15M-26OCT042345-45,0.0290,10.00,yes
2026-10-05T03:42:58.537577Z,KXXRP15M-26OCT042345-45,0.0310,5.00,yes
2026-10-05T03:42:58.537577Z,KXXRP15M-26OCT042345-45,0.0300,5.00,yes
2026-10-05T03:42:58.537577Z,KXXRP15M-26OCT042345-45,0.0330,9.00,yes
2026-10-05T03:42:58.537577Z,KXXRP15M-26OCT042345-45,0.0340,32.76,yes
2026-10-05T03:42:58.537577Z,KXXRP15M-26OCT042345-45,0.0250,40.00,yes
2026-10-05T03:42:58.537577Z,KXXRP15M-26OCT042345-45,0.0260,13.00,yes
2026-10-05T03:42:59.449689Z,KXXRP15M-26OCT042345-45,0.0290,6.00,yes
2026-10-05T03:42:59.449689Z,KXXRP15M-26OCT042345-45,0.0280,5.00,yes
2026-10-05T03:42:59.449689Z,KXXRP15M-26OCT042345-45,0.0310,51.01,yes
2026-10-05T03:42:59.449689Z,KXXRP15M-26OCT042345-45,0.0310,5.00,yes
2026-10-05T03:42:59.664342Z,KXXRP15M-26OCT042345-45,0.0240,1.02,no
2026-10-05T03:42:59.688173Z,KXXRP15M-26OCT042345-45,0.0200,5.04,no
2026-10-05T03:42:59.688173Z,KXXRP15M-26OCT042345-45,0.0230,32.76,no
2026-10-05T03:42:59.688173Z,KXXRP15M-26OCT042345-45,0.0230,5.00,no
2026-10-05T03:42:59.688173Z,KXXRP15M-26OCT042345-45,0.0240,3.98,no
2026-10-05T03:42:59.688173Z,KXXRP15M-26OCT042345-45,0.0240,7.00,no
2026-10-05T03:42:59.688173Z,KXXRP15M-26OCT042345-45,0.0220,24.00,no
2026-10-05T03:42:59.7433Z,KXXRP15M-26OCT042345-45,0.0300,5.00,yes
2026-10-05T03:42:59.7433Z,KXXRP15M-26OCT042345-45,0.0280,5.00,yes
2026-10-05T03:42:59.7433Z,KXXRP15M-26OCT042345-45,0.0290,18.00,yes
2026-10-05T03:42:59.7433Z,KXXRP15M-26OCT042345-45,0.0310,3.60,yes
2026-10-05T03:43:00.139981Z,KXXRP15M-26OCT042345-45,0.0210,5.00,no
2026-10-05T03:43:00.139981Z,KXXRP15M-26OCT042345-45,0.0220,5.00,no
2026-10-05T03:43:00.139981Z,KXXRP15M-26OCT042345-45,0.0210,7.00,no
2026-10-05T03:43:00.139981Z,KXXRP15M-26OCT042345-45,0.0230,0.10,no
2026-10-05T03:43:00.318067Z,KXXRP15M-26OCT042345-45,0.0200,80.00,no
2026-10-05T03:43:00.497107Z,KXXRP15M-26OCT042345-45,0.0210,10.00,yes
2026-10-05T03:43:00.504141Z,KXXRP15M-26OCT042345-45,0.0200,50.00,no
2026-10-05T03:43:00.654958Z,KXXRP15M-26OCT042345-45,0.0200,5.00,no
2026-10-05T03:43:00.693619Z,KXXRP15M-26OCT042345-45,0.0210,3.00,yes
2026-10-05T03:43:00.881988Z,KXXRP15M-26OCT042345-45,0.0210,44.90,yes
2026-10-05T03:43:00.881988Z,KXXRP15M-26OCT042345-45,0.0210,45.00,yes
2026-10-05T03:43:00.881988Z,KXXRP15M-26OCT042345-45,0.0210,30.00,yes
2026-10-05T03:43:00.881988Z,KXXRP15M-26OCT042345-45,0.0210,4.10,yes
2026-10-05T03:43:00.882789Z,KXXRP15M-26OCT042345-45,0.0210,0.08,yes
2026-10-05T03:43:00.914282Z,KXXRP15M-26OCT042345-45,0.0220,35.65,no
2026-10-05T03:43:01.356459Z,KXXRP15M-26OCT042345-45,0.0250,4.86,yes
2026-10-05T03:43:01.511719Z,KXXRP15M-26OCT042345-45,0.0250,20.00,yes
2026-10-05T03:43:01.511719Z,KXXRP15M-26OCT042345-45,0.0250,6.86,yes
2026-10-05T03:43:01.511719Z,KXXRP15M-26OCT042345-45,0.0250,3.14,yes
2026-10-05T03:43:01.512136Z,KXXRP15M-26OCT042345-45,0.0250,20.00,yes
2026-10-05T03:43:01.512136Z,KXXRP15M-26OCT042345-45,0.0250,3.14,yes
2026-10-05T03:43:01.512136Z,KXXRP15M-26OCT042345-45,0.0250,13.00,yes
2026-10-05T03:43:01.51238Z,KXXRP15M-26OCT042345-45,0.0300,12.00,yes
2026-10-05T03:43:01.51238Z,KXXRP15M-26OCT042345-45,0.0290,30.00,yes
2026-10-05T03:43:01.51238Z,KXXRP15M-26OCT042345-45,0.0310,32.76,yes
2026-10-05T03:43:01.51238Z,KXXRP15M-26OCT042345-45,0.0300,2.00,yes
2026-10-05T03:43:01.51238Z,KXXRP15M-26OCT042345-45,0.0310,28.51,yes
2026-10-05T03:43:01.51238Z,KXXRP15M-26OCT042345-45,0.0300,9.00,yes
2026-10-05T03:43:01.51238Z,KXXRP15M-26OCT042345-45,0.0310,5.39,yes
2026-10-05T03:43:01.516632Z,KXXRP15M-26OCT042345-45,0.0310,2.00,yes
2026-10-05T03:43:01.516675Z,KXXRP15M-26OCT042345-45,0.0310,29.49,yes
2026-10-05T03:43:01.516675Z,KXXRP15M-26OCT042345-45,0.0310,64.51,yes
2026-10-05T03:43:01.516675Z,KXXRP15M-26OCT042345-45,0.0310,5.00,yes
2026-10-05T03:43:01.516996Z,KXXRP15M-26OCT042345-45,0.0310,10.49,yes
2026-10-05T03:43:01.516996Z,KXXRP15M-26OCT042345-45,0.0340,27.24,yes
2026-10-05T03:43:01.523875Z,KXXRP15M-26OCT042345-45,0.0280,10.00,yes
2026-10-05T03:43:01.523875Z,KXXRP15M-26OCT042345-45,0.0430,30.00,yes
2026-10-05T03:43:01.523875Z,KXXRP15M-26OCT042345-45,0.0410,60.00,yes
2026-10-05T03:43:01.523875Z,KXXRP15M-26OCT042345-45,0.0440,8.00,yes
2026-10-05T03:43:01.523875Z,KXXRP15M-26OCT042345-45,0.0410,60.00,yes
2026-10-05T03:43:01.523875Z,KXXRP15M-26OCT042345-45,0.0450,2.00,yes
2026-10-05T03:43:01.52422Z,KXXRP15M-26OCT042345-45,0.0460,1.00,yes
2026-10-05T03:43:01.52422Z,KXXRP15M-26OCT042345-45,0.0470,18.00,yes
2026-10-05T03:43:01.52422Z,KXXRP15M-26OCT042345-45,0.0450,8.00,yes
2026-10-05T03:43:01.52422Z,KXXRP15M-26OCT042345-45,0.0480,10.00,yes
2026-10-05T03:43:01.52422Z,KXXRP15M-26OCT042345-45,0.0460,1.00,yes
2026-10-05T03:43:01.524292Z,KXXRP15M-26OCT042345-45,0.0300,9.00,yes
2026-10-05T03:43:01.525815Z,KXXRP15M-26OCT042345-45,0.0400,8.00,yes
2026-10-05T03:43:01.5266Z,KXXRP15M-26OCT042345-45,0.0500,5.00,yes
2026-10-05T03:43:01.5266Z,KXXRP15M-26OCT042345-45,0.0710,40.00,yes
2026-10-05T03:43:01.5266Z,KXXRP15M-26OCT042345-45,0.0530,1.00,yes
2026-10-05T03:43:01.5266Z,KXXRP15M-26OCT042345-45,0.0590,1.00,yes
2026-10-05T03:43:01.5266Z,KXXRP15M-26OCT042345-45,0.0570,40.00,yes
2026-10-05T03:43:01.5266Z,KXXRP15M-26OCT042345-45,0.0770,1.00,yes
2026-10-05T03:43:01.53901Z,KXXRP15M-26OCT042345-45,0.0610,5.00,yes
2026-10-05T03:43:01.552697Z,KXXRP15M-26OCT042345-45,0.0690,100.00,no
2026-10-05T03:43:01.559596Z,KXXRP15M-26OCT042345-45,0.0800,2.00,yes
2026-10-05T03:43:01.559596Z,KXXRP15M-26OCT042345-45,0.0800,3.00,yes
2026-10-05T03:43:01.566694Z,KXXRP15M-26OCT042345-45,0.0910,7.00,yes
2026-10-05T03:43:01.566694Z,KXXRP15M-26OCT042345-45,0.0920,20.00,yes
2026-10-05T03:43:01.566694Z,KXXRP15M-26OCT042345-45,0.0930,12.00,yes
2026-10-05T03:43:01.594599Z,KXXRP15M-26OCT042345-45,0.0930,2.00,yes
2026-10-05T03:43:01.62896Z,KXXRP15M-26OCT042345-45,0.0850,5.00,no
2026-10-05T03:43:01.62896Z,KXXRP15M-26OCT042345-45,0.0850,7.50,no
2026-10-05T03:43:01.62896Z,KXXRP15M-26OCT042345-45,0.0850,5.00,no
2026-10-05T03:43:01.62896Z,KXXRP15M-26OCT042345-45,0.0840,5.00,no
2026-10-05T03:43:01.62896Z,KXXRP15M-26OCT042345-45,0.0840,22.50,no
2026-10-05T03:43:01.639152Z,KXXRP15M-26OCT042345-45,0.0900,1.00,yes
2026-10-05T03:43:01.639152Z,KXXRP15M-26OCT042345-45,0.0930,6.00,yes
2026-10-05T03:43:01.639152Z,KXXRP15M-26OCT042345-45,0.0950,6.00,yes
2026-10-05T03:43:01.654607Z,KXXRP15M-26OCT042345-45,0.0900,1.00,yes
2026-10-05T03:43:01.654607Z,KXXRP15M-26OCT042345-45,0.0950,13.00,yes
2026-10-05T03:43:01.660663Z,KXXRP15M-26OCT042345-45,0.0940,1.00,yes
2026-10-05T03:43:01.660663Z,KXXRP15M-26OCT042345-45,0.0940,4.00,yes
2026-10-05T03:43:01.709248Z,KXXRP15M-26OCT042345-45,0.0930,5.00,no
2026-10-05T03:43:01.709248Z,KXXRP15M-26OCT042345-45,0.0920,5.00,no
2026-10-05T03:43:02.052672Z,KXXRP15M-26OCT042345-45,0.0570,4.00,no
2026-10-05T03:43:02.052672Z,KXXRP15M-26OCT042345-45,0.0580,1.00,no
2026-10-05T03:43:02.080041Z,KXXRP15M-26OCT042345-45,0.0740,149.90,yes
2026-10-05T03:43:02.080041Z,KXXRP15M-26OCT042345-45,0.0690,0.10,yes
2026-10-05T03:43:02.080041Z,KXXRP15M-26OCT042345-45,0.0730,7.00,yes
2026-10-05T03:43:02.098026Z,KXXRP15M-26OCT042345-45,0.0740,188.45,yes
2026-10-05T03:43:02.287854Z,KXXRP15M-26OCT042345-45,0.0550,4.00,no
2026-10-05T03:43:02.287854Z,KXXRP15M-26OCT042345-45,0.0580,1.00,no
2026-10-05T03:43:02.337869Z,KXXRP15M-26OCT042345-45,0.0700,1.00,no
2026-10-05T03:43:02.461329Z,KXXRP15M-26OCT042345-45,0.0690,0.85,no
2026-10-05T03:43:02.470728Z,KXXRP15M-26OCT042345-45,0.0680,5.00,no
2026-10-05T03:43:02.470728Z,KXXRP15M-26OCT042345-45,0.0690,4.15,no
2026-10-05T03:43:02.651828Z,KXXRP15M-26OCT042345-45,0.0670,1.27,no
2026-10-05T03:43:02.8237Z,KXXRP15M-26OCT042345-45,0.0680,0.47,yes
2026-10-05T03:43:03.090898Z,KXXRP15M-26OCT042345-45,0.0670,18.23,no
2026-10-05T03:43:03.090898Z,KXXRP15M-26OCT042345-45,0.0670,0.73,no
2026-10-05T03:43:03.10385Z,KXXRP15M-26OCT042345-45,0.0670,6.00,no
2026-10-05T03:43:03.104449Z,KXXRP15M-26OCT042345-45,0.0670,7.00,no
2026-10-05T03:43:03.149962Z,KXXRP15M-26OCT042345-45,0.0670,21.00,no
2026-10-05T03:43:03.328652Z,KXXRP15M-26OCT042345-45,0.0530,5.00,yes
2026-10-05T03:43:03.328652Z,KXXRP15M-26OCT042345-45,0.0520,17.00,yes
2026-10-05T03:43:03.328652Z,KXXRP15M-26OCT042345-45,0.0740,6.51,yes
2026-10-05T03:43:03.328652Z,KXXRP15M-26OCT042345-45,0.0530,5.14,yes
2026-10-05T03:43:03.328652Z,KXXRP15M-26OCT042345-45,0.0520,5.00,yes
2026-10-05T03:43:03.328652Z,KXXRP15M-26OCT042345-45,0.0730,7.00,yes
2026-10-05T03:43:03.328652Z,KXXRP15M-26OCT042345-45,0.0680,2.00,yes
2026-10-05T03:43:03.328652Z,KXXRP15M-26OCT042345-45,0.0700,7.50,yes
2026-10-05T03:43:03.328652Z,KXXRP15M-26OCT042345-45,0.0670,1.00,yes
2026-10-05T03:43:03.553036Z,KXXRP15M-26OCT042345-45,0.0440,5.00,yes
2026-10-05T03:43:03.553036Z,KXXRP15M-26OCT042345-45,0.0450,5.00,yes
2026-10-05T03:43:03.658406Z,KXXRP15M-26OCT042345-45,0.0450,2.00,no
2026-10-05T03:43:03.818307Z,KXXRP15M-26OCT042345-45,0.0450,5.50,no
2026-10-05T03:43:03.818307Z,KXXRP15M-26OCT042345-45,0.0440,6.00,no
2026-10-05T03:43:03.818307Z,KXXRP15M-26OCT042345-45,0.0440,20.35,no
2026-10-05T03:43:03.911653Z,KXXRP15M-26OCT042345-45,0.0460,5.00,yes
2026-10-05T03:43:03.911653Z,KXXRP15M-26OCT042345-45,0.0470,5.00,yes
2026-10-05T03:43:03.986455Z,KXXRP15M-26OCT042345-45,0.0490,5.00,yes
2026-10-05T03:43:03.986455Z,KXXRP15M-26OCT042345-45,0.0480,5.00,yes
2026-10-05T03:43:04.109295Z,KXXRP15M-26OCT042345-45,0.0430,1.00,no
2026-10-05T03:43:04.109295Z,KXXRP15M-26OCT042345-45,0.0430,1.00,no
2026-10-05T03:43:04.452679Z,KXXRP15M-26OCT042345-45,0.0730,1.59,yes
2026-10-05T03:43:04.452679Z,KXXRP15M-26OCT042345-45,0.0530,5.00,yes
2026-10-05T03:43:04.452679Z,KXXRP15M-26OCT042345-45,0.0490,0.10,yes
2026-10-05T03:43:04.452679Z,KXXRP15M-26OCT042345-45,0.0730,1.00,yes
2026-10-05T03:43:04.452679Z,KXXRP15M-26OCT042345-45,0.0520,5.00,yes
2026-10-05T03:43:04.492621Z,KXXRP15M-26OCT042345-45,0.0450,2.00,no
2026-10-05T03:43:04.752538Z,KXXRP15M-26OCT042345-45,0.0340,0.26,no
2026-10-05T03:43:05.89124Z,KXXRP15M-26OCT042345-45,0.0710,6.00,yes
2026-10-05T03:43:05.89124Z,KXXRP15M-26OCT042345-45,0.0700,7.00,yes
2026-10-05T03:43:05.89124Z,KXXRP15M-26OCT042345-45,0.0480,5.00,yes
2026-10-05T03:43:05.89124Z,KXXRP15M-26OCT042345-45,0.0490,5.00,yes
2026-10-05T03:43:05.89124Z,KXXRP15M-26OCT042345-45,0.0690,1.00,yes
2026-10-05T03:43:05.89124Z,KXXRP15M-26OCT042345-45,0.0740,1.36,yes
2026-10-05T03:43:06.427637Z,KXXRP15M-26OCT042345-45,0.0450,1.00,no
2026-10-05T03:43:06.427637Z,KXXRP15M-26OCT042345-45,0.0410,2.01,no
2026-10-05T03:43:06.427637Z,KXXRP15M-26OCT042345-45,0.0440,0.10,no
2026-10-05T03:43:06.8458Z,KXXRP15M-26OCT042345-45,0.0400,0.01,no
2026-10-05T03:43:06.852904Z,KXXRP15M-26OCT042345-45,0.0480,5.00,yes
2026-10-05T03:43:06.852904Z,KXXRP15M-26OCT042345-45,0.0550,4.00,yes
2026-10-05T03:43:06.852904Z,KXXRP15M-26OCT042345-45,0.0650,2.21,yes
2026-10-05T03:43:06.852904Z,KXXRP15M-26OCT042345-45,0.0490,5.00,yes
2026-10-05T03:43:07.492408Z,KXXRP15M-26OCT042345-45,0.0390,1.99,yes
2026-10-05T03:43:07.953257Z,KXXRP15M-26OCT042345-45,0.0330,2.25,no
2026-10-05T03:43:08.019751Z,KXXRP15M-26OCT042345-45,0.0410,12.29,yes
2026-10-05T03:43:08.019751Z,KXXRP15M-26OCT042345-45,0.0390,5.00,yes
2026-10-05T03:43:08.019751Z,KXXRP15M-26OCT042345-45,0.0400,5.00,yes
2026-10-05T03:43:08.775873Z,KXXRP15M-26OCT042345-45,0.0320,1.00,no
2026-10-05T03:43:08.881961Z,KXXRP15M-26OCT042345-45,0.0320,5.24,no
2026-10-05T03:43:08.881961Z,KXXRP15M-26OCT042345-45,0.0320,31.76,no
2026-10-05T03:43:08.882015Z,KXXRP15M-26OCT042345-45,0.0320,22.00,no
2026-10-05T03:43:08.882584Z,KXXRP15M-26OCT042345-45,0.0260,40.00,no
2026-10-05T03:43:08.882584Z,KXXRP15M-26OCT042345-45,0.0280,19.00,no
2026-10-05T03:43:08.882584Z,KXXRP15M-26OCT042345-45,0.0290,6.00,no
2026-10-05T03:43:08.882584Z,KXXRP15M-26OCT042345-45,0.0300,5.00,no
2026-10-05T03:43:08.933107Z,KXXRP15M-26OCT042345-45,0.0200,4.35,no
2026-10-05T03:43:08.933107Z,KXXRP15M-26OCT042345-45,0.0210,16.65,no
2026-10-05T03:43:08.933107Z,KXXRP15M-26OCT042345-45,0.0220,7.00,no
2026-10-05T03:43:08.933107Z,KXXRP15M-26OCT042345-45,0.0210,1.00,no
2026-10-05T03:43:08.978715Z,KXXRP15M-26OCT042345-45,0.0740,126.84,yes
2026-10-05T03:43:08.978715Z,KXXRP15M-26OCT042345-45,0.0660,40.00,yes
2026-10-05T03:43:08.978715Z,KXXRP15M-26OCT042345-45,0.0320,5.00,yes
2026-10-05T03:43:08.978715Z,KXXRP15M-26OCT042345-45,0.0380,0.10,yes
2026-10-05T03:43:08.978715Z,KXXRP15M-26OCT042345-45,0.0390,10.00,yes
2026-10-05T03:43:08.978715Z,KXXRP15M-26OCT042345-45,0.0540,8.00,yes
2026-10-05T03:43:08.978715Z,KXXRP15M-26OCT042345-45,0.0400,1.00,yes
2026-10-05T03:43:08.978715Z,KXXRP15M-26OCT042345-45,0.0400,31.76,yes
2026-10-05T03:43:08.978715Z,KXXRP15M-26OCT042345-45,0.0330,5.00,yes
2026-10-05T03:43:08.978715Z,KXXRP15M-26OCT042345-45,0.0310,5.00,yes
2026-10-05T03:43:08.978715Z,KXXRP15M-26OCT042345-45,0.0700,32.00,yes
2026-10-05T03:43:08.978715Z,KXXRP15M-26OCT042345-45,0.0400,7.50,yes
2026-10-05T03:43:08.978715Z,KXXRP15M-26OCT042345-45,0.0520,8.00,yes
2026-10-05T03:43:08.978715Z,KXXRP15M-26OCT042345-45,0.0410,27.71,yes
2026-10-05T03:43:08.978715Z,KXXRP15M-26OCT042345-45,0.0510,1.00,yes
2026-10-05T03:43:09.021028Z,KXXRP15M-26OCT042345-45,0.0220,4.00,no
2026-10-05T03:43:09.021028Z,KXXRP15M-26OCT042345-45,0.0240,5.00,no
2026-10-05T03:43:09.021028Z,KXXRP15M-26OCT042345-45,0.0250,5.00,no
2026-10-05T03:43:09.021028Z,KXXRP15M-26OCT042345-45,0.0260,1.00,no
2026-10-05T03:43:09.094986Z,KXXRP15M-26OCT042345-45,0.0250,5.00,no
2026-10-05T03:43:09.094986Z,KXXRP15M-26OCT042345-45,0.0320,31.76,no
2026-10-05T03:43:09.222176Z,KXXRP15M-26OCT042345-45,0.0210,12.00,no
2026-10-05T03:43:09.223178Z,KXXRP15M-26OCT042345-45,0.0210,4.00,no
2026-10-05T03:43:09.231205Z,KXXRP15M-26OCT042345-45,0.0210,5.00,no
2026-10-05T03:43:09.231205Z,KXXRP15M-26OCT042345-45,0.0210,7.00,no
2026-10-05T03:43:09.231205Z,KXXRP15M-26OCT042345-45,0.0210,3.00,no
2026-10-05T03:43:09.234398Z,KXXRP15M-26OCT042345-45,0.0250,6.00,yes
2026-10-05T03:43:09.242333Z,KXXRP15M-26OCT042345-45,0.0200,39.42,no
2026-10-05T03:43:09.35172Z,KXXRP15M-26OCT042345-45,0.0210,5.00,no
2026-10-05T03:43:09.35172Z,KXXRP15M-26OCT042345-45,0.0210,15.00,no
2026-10-05T03:43:09.37897Z,KXXRP15M-26OCT042345-45,0.0210,5.01,no
2026-10-05T03:43:09.99257Z,KXXRP15M-26OCT042345-45,0.0250,4.70,yes
2026-10-05T03:43:10.731898Z,KXXRP15M-26OCT042345-45,0.0250,21.49,yes
2026-10-05T03:43:10.765382Z,KXXRP15M-26OCT042345-45,0.0230,1.13,no
2026-10-05T03:43:11.702419Z,KXXRP15M-26OCT042345-45,0.0250,3.23,yes
2026-10-05T03:43:12.326406Z,KXXRP15M-26OCT042345-45,0.0290,5.80,yes
2026-10-05T03:43:12.550489Z,KXXRP15M-26OCT042345-45,0.0200,2.00,no
2026-10-05T03:43:12.550489Z,KXXRP15M-26OCT042345-45,0.0200,10.00,no
2026-10-05T03:43:12.550489Z,KXXRP15M-26OCT042345-45,0.0200,50.00,no
2026-10-05T03:43:12.550489Z,KXXRP15M-26OCT042345-45,0.0200,102.07,no
2026-10-05T03:43:12.550489Z,KXXRP15M-26OCT042345-45,0.0250,38.00,no
2026-10-05T03:43:12.550489Z,KXXRP15M-26OCT042345-45,0.0230,5.00,no
2026-10-05T03:43:12.550489Z,KXXRP15M-26OCT042345-45,0.0220,5.00,no
2026-10-05T03:43:12.550489Z,KXXRP15M-26OCT042345-45,0.0220,1.00,no
2026-10-05T03:43:12.550489Z,KXXRP15M-26OCT042345-45,0.0200,3.98,no
2026-10-05T03:43:12.550489Z,KXXRP15M-26OCT042345-45,0.0200,40.00,no
2026-10-05T03:43:12.550489Z,KXXRP15M-26OCT042345-45,0.0210,7.00,no
2026-10-05T03:43:12.550489Z,KXXRP15M-26OCT042345-45,0.0200,200.00,no
2026-10-05T03:43:12.550489Z,KXXRP15M-26OCT042345-45,0.0200,40.00,no
2026-10-05T03:43:12.550489Z,KXXRP15M-26OCT042345-45,0.0200,0.95,no
2026-10-05T03:43:13.247238Z,KXXRP15M-26OCT042345-45,0.0260,40.00,yes
2026-10-05T03:43:13.247238Z,KXXRP15M-26OCT042345-45,0.0310,5.00,yes
2026-10-05T03:43:13.247238Z,KXXRP15M-26OCT042345-45,0.0300,5.00,yes
2026-10-05T03:43:13.247238Z,KXXRP15M-26OCT042345-45,0.0300,1.00,yes
2026-10-05T03:43:13.247238Z,KXXRP15M-26OCT042345-45,0.0290,5.00,yes
2026-10-05T03:43:13.247238Z,KXXRP15M-26OCT042345-45,0.0370,6.48,yes
2026-10-05T03:43:14.0684Z,KXXRP15M-26OCT042345-45,0.0400,14.15,yes
2026-10-05T03:43:14.0684Z,KXXRP15M-26OCT042345-45,0.0270,1.00,yes
2026-10-05T03:43:14.0684Z,KXXRP15M-26OCT042345-45,0.0280,5.00,yes
2026-10-05T03:43:14.0684Z,KXXRP15M-26OCT042345-45,0.0390,10.00,yes
2026-10-05T03:43:14.0684Z,KXXRP15M-26OCT042345-45,0.0310,5.00,yes
2026-10-05T03:43:14.0684Z,KXXRP15M-26OCT042345-45,0.0320,5.00,yes
2026-10-05T03:43:14.0684Z,KXXRP15M-26OCT042345-45,0.0400,5.24,yes
2026-10-05T03:43:15.056674Z,KXXRP15M-26OCT042345-45,0.0250,0.01,no
2026-10-05T03:43:15.129532Z,KXXRP15M-26OCT042345-45,0.0330,5.00,yes
2026-10-05T03:43:15.129532Z,KXXRP15M-26OCT042345-45,0.0310,5.00,yes
2026-10-05T03:43:15.129532Z,KXXRP15M-26OCT042345-45,0.0390,10.00,yes
2026-10-05T03:43:15.129532Z,KXXRP15M-26OCT042345-45,0.0350,3.99,yes
2026-10-05T03:43:15.129532Z,KXXRP15M-26OCT042345-45,0.0320,5.00,yes
2026-10-05T03:43:15.129532Z,KXXRP15M-26OCT042345-45,0.0400,7.85,yes
2026-10-05T03:43:15.129532Z,KXXRP15M-26OCT042345-45,0.0400,13.23,yes
2026-10-05T03:43:15.194064Z,KXXRP15M-26OCT042345-45,0.0320,7.00,no
2026-10-05T03:43:15.20532Z,KXXRP15M-26OCT042345-45,0.0320,6.15,no
2026-10-05T03:43:15.20532Z,KXXRP15M-26OCT042345-45,0.0320,0.85,no
2026-10-05T03:43:15.226397Z,KXXRP15M-26OCT042345-45,0.0320,7.08,no
2026-10-05T03:43:15.395009Z,KXXRP15M-26OCT042345-45,0.0350,5.00,yes
2026-10-05T03:43:15.395009Z,KXXRP15M-26OCT042345-45,0.0620,7.00,yes
2026-10-05T03:43:15.395009Z,KXXRP15M-26OCT042345-45,0.0360,5.00,yes
2026-10-05T03:43:15.395009Z,KXXRP15M-26OCT042345-45,0.0400,0.85,yes
2026-10-05T03:43:15.395009Z,KXXRP15M-26OCT042345-45,0.0400,7.00,yes
2026-10-05T03:43:15.395009Z,KXXRP15M-26OCT042345-45,0.0400,6.15,yes
2026-10-05T03:43:15.395009Z,KXXRP15M-26OCT042345-45,0.0400,7.08,yes
2026-10-05T03:43:15.395009Z,KXXRP15M-26OCT042345-45,0.0340,5.00,yes
2026-10-05T03:43:15.395009Z,KXXRP15M-26OCT042345-45,0.0560,1.00,yes
2026-10-05T03:43:15.395009Z,KXXRP15M-26OCT042345-45,0.0540,6.00,yes
2026-10-05T03:43:15.395009Z,KXXRP15M-26OCT042345-45,0.0470,8.00,yes
2026-10-05T03:43:15.395009Z,KXXRP15M-26OCT042345-45,0.0490,8.00,yes
2026-10-05T03:43:15.395009Z,KXXRP15M-26OCT042345-45,0.0510,7.00,yes
2026-10-05T03:43:15.395009Z,KXXRP15M-26OCT042345-45,0.0400,18.53,yes
2026-10-05T03:43:15.395009Z,KXXRP15M-26OCT042345-45,0.0630,40.00,yes
2026-10-05T03:43:15.395009Z,KXXRP15M-26OCT042345-45,0.0530,1.00,yes
2026-10-05T03:43:15.395009Z,KXXRP15M-26OCT042345-45,0.0470,1.00,yes
2026-10-05T03:43:15.395009Z,KXXRP15M-26OCT042345-45,0.0650,7.64,yes
2026-10-05T03:43:15.53333Z,KXXRP15M-26OCT042345-45,0.0270,5.00,no
2026-10-05T03:43:15.53333Z,KXXRP15M-26OCT042345-45,0.0280,5.00,no
2026-10-05T03:43:15.53333Z,KXXRP15M-26OCT042345-45,0.0250,7.50,no
2026-10-05T03:43:15.53333Z,KXXRP15M-26OCT042345-45,0.0250,0.09,no
2026-10-05T03:43:15.53333Z,KXXRP15M-26OCT042345-45,0.0250,1.00,no
2026-10-05T03:43:16.843884Z,KXXRP15M-26OCT042345-45,0.0250,3.74,yes
2026-10-05T03:43:16.993385Z,KXXRP15M-26OCT042345-45,0.0250,0.44,yes
2026-10-05T03:43:17.010251Z,KXXRP15M-26OCT042345-45,0.0240,59.00,no
2026-10-05T03:43:17.010251Z,KXXRP15M-26OCT042345-45,0.0240,5.00,no
2026-10-05T03:43:17.010251Z,KXXRP15M-26OCT042345-45,0.0230,5.00,no
2026-10-05T03:43:17.010251Z,KXXRP15M-26OCT042345-45,0.0210,7.00,no
2026-10-05T03:43:17.010251Z,KXXRP15M-26OCT042345-45,0.0220,18.00,no
2026-10-05T03:43:17.010251Z,KXXRP15M-26OCT042345-45,0.0240,1.00,no
2026-10-05T03:43:17.010251Z,KXXRP15M-26OCT042345-45,0.0200,68.92,no
2026-10-05T03:43:17.010251Z,KXXRP15M-26OCT042345-45,0.0200,0.01,no
2026-10-05T03:43:17.021319Z,KXXRP15M-26OCT042345-45,0.0230,2.04,no
2026-10-05T03:43:17.061131Z,KXXRP15M-26OCT042345-45,0.0220,5.00,no
2026-10-05T03:43:17.061131Z,KXXRP15M-26OCT042345-45,0.0210,5.00,no
2026-10-05T03:43:17.061131Z,KXXRP15M-26OCT042345-45,0.0210,7.00,no
2026-10-05T03:43:17.061131Z,KXXRP15M-26OCT042345-45,0.0200,85.45,no
2026-10-05T03:43:17.601568Z,KXXRP15M-26OCT042345-45,0.0250,0.72,yes
2026-10-05T03:43:18.620618Z,KXXRP15M-26OCT042345-45,0.0230,3.06,no
2026-10-05T03:43:19.113154Z,KXXRP15M-26OCT042345-45,0.0200,18.02,no
2026-10-05T03:43:19.802151Z,KXXRP15M-26OCT042345-45,0.0200,1.00,no
2026-10-05T03:43:20.071525Z,KXXRP15M-26OCT042345-45,0.0200,4.00,no
2026-10-05T03:43:20.248131Z,KXXRP15M-26OCT042345-45,0.0200,1.00,no
2026-10-05T03:43:20.253726Z,KXXRP15M-26OCT042345-45,0.0200,100.00,no
2026-10-05T03:43:20.507426Z,KXXRP15M-26OCT042345-45,0.0210,22.28,yes
2026-10-05T03:43:20.850891Z,KXXRP15M-26OCT042345-45,0.0200,41.77,no
2026-10-05T03:43:20.864406Z,KXXRP15M-26OCT042345-45,0.0300,31.52,yes
2026-10-05T03:43:20.864406Z,KXXRP15M-26OCT042345-45,0.0290,10.00,yes
2026-10-05T03:43:20.864406Z,KXXRP15M-26OCT042345-45,0.0240,5.00,yes
2026-10-05T03:43:20.864406Z,KXXRP15M-26OCT042345-45,0.0250,3.00,yes
2026-10-05T03:43:20.864406Z,KXXRP15M-26OCT042345-45,0.0240,41.00,yes
2026-10-05T03:43:20.864406Z,KXXRP15M-26OCT042345-45,0.0210,4.72,yes
2026-10-05T03:43:20.864406Z,KXXRP15M-26OCT042345-45,0.0260,5.00,yes
2026-10-05T03:43:20.864406Z,KXXRP15M-26OCT042345-45,0.0250,5.00,yes
2026-10-05T03:43:21.347393Z,KXXRP15M-26OCT042345-45,0.0200,0.71,no
2026-10-05T03:43:22.15321Z,KXXRP15M-26OCT042345-45,0.0290,7.96,yes
2026-10-05T03:43:22.15321Z,KXXRP15M-26OCT042345-45,0.0230,11.00,yes
2026-10-05T03:43:22.246581Z,KXXRP15M-26OCT042345-45,0.0220,0.10,no
2026-10-05T03:43:22.246581Z,KXXRP15M-26OCT042345-45,0.0220,7.00,no
2026-10-05T03:43:22.63041Z,KXXRP15M-26OCT042345-45,0.0210,1.44,no
2026-10-05T03:43:22.63041Z,KXXRP15M-26OCT042345-45,0.0210,8.00,no
2026-10-05T03:43:22.646451Z,KXXRP15M-26OCT042345-45,0.0210,12.56,no
2026-10-05T03:43:22.646451Z,KXXRP15M-26OCT042345-45,0.0210,7.00,no
2026-10-05T03:43:22.756745Z,KXXRP15M-26OCT042345-45,0.0200,1.00,no
2026-10-05T03:43:23.394657Z,KXXRP15M-26OCT042345-45,0.0310,17.30,yes
2026-10-05T03:43:23.394657Z,KXXRP15M-26OCT042345-45,0.0300,14.00,yes
2026-10-05T03:43:23.394657Z,KXXRP15M-26OCT042345-45,0.0270,5.00,yes
2026-10-05T03:43:23.394657Z,KXXRP15M-26OCT042345-45,0.0280,5.00,yes
2026-10-05T03:43:23.394657Z,KXXRP15M-26OCT042345-45,0.0240,5.00,yes
2026-10-05T03:43:23.394657Z,KXXRP15M-26OCT042345-45,0.0300,7.50,yes
2026-10-05T03:43:23.394657Z,KXXRP15M-26OCT042345-45,0.0290,10.00,yes
2026-10-05T03:43:23.394657Z,KXXRP15M-26OCT042345-45,0.0250,12.00,yes
2026-10-05T03:43:23.394657Z,KXXRP15M-26OCT042345-45,0.0300,18.48,yes
2026-10-05T03:43:23.509067Z,KXXRP15M-26OCT042345-45,0.0220,58.00,yes
2026-10-05T03:43:23.625911Z,KXXRP15M-26OCT042345-45,0.0190,6.75,no
2026-10-05T03:43:23.625911Z,KXXRP15M-26OCT042345-45,0.0200,7.00,no
2026-10-05T03:43:23.625911Z,KXXRP15M-26OCT042345-45,0.0200,5.00,no
2026-10-05T03:43:23.625911Z,KXXRP15M-26OCT042345-45,0.0200,78.13,no
2026-10-05T03:43:23.625911Z,KXXRP15M-26OCT042345-45,0.0200,5.00,no
2026-10-05T03:43:24.079028Z,KXXRP15M-26OCT042345-45,0.0210,6.31,yes
2026-10-05T03:43:24.829059Z,KXXRP15M-26OCT042345-45,0.0310,5.00,yes
2026-10-05T03:43:24.829059Z,KXXRP15M-26OCT042345-45,0.0290,5.00,yes
2026-10-05T03:43:24.829059Z,KXXRP15M-26OCT042345-45,0.0230,5.00,yes
2026-10-05T03:43:24.829059Z,KXXRP15M-26OCT042345-45,0.0210,0.44,yes
2026-10-05T03:43:24.829059Z,KXXRP15M-26OCT042345-45,0.0280,5.00,yes
2026-10-05T03:43:24.829059Z,KXXRP15M-26OCT042345-45,0.0310,9.00,yes
2026-10-05T03:43:24.829059Z,KXXRP15M-26OCT042345-45,0.0320,1.00,yes
2026-10-05T03:43:24.829059Z,KXXRP15M-26OCT042345-45,0.0320,1.34,yes
2026-10-05T03:43:25.013895Z,KXXRP15M-26OCT042345-45,0.0170,4.50,no
2026-10-05T03:43:25.013895Z,KXXRP15M-26OCT042345-45,0.0190,14.00,no
2026-10-05T03:43:25.013895Z,KXXRP15M-26OCT042345-45,0.0210,5.00,no
2026-10-05T03:43:25.013895Z,KXXRP15M-26OCT042345-45,0.0200,5.00,no
2026-10-05T03:43:25.013895Z,KXXRP15M-26OCT042345-45,0.0200,7.50,no
2026-10-05T03:43:25.013895Z,KXXRP15M-26OCT042345-45,0.0180,7.00,no
2026-10-05T03:43:25.078239Z,KXXRP15M-26OCT042345-45,0.0180,2.02,no
2026-10-05T03:43:25.221834Z,KXXRP15M-26OCT042345-45,0.0230,5.00,yes
2026-10-05T03:43:25.221834Z,KXXRP15M-26OCT042345-45,0.0280,5.00,yes
2026-10-05T03:43:25.221834Z,KXXRP15M-26OCT042345-45,0.0270,5.00,yes
2026-10-05T03:43:25.221834Z,KXXRP15M-26OCT042345-45,0.0310,4.78,yes
2026-10-05T03:43:25.221834Z,KXXRP15M-26OCT042345-45,0.0230,4.50,yes
2026-10-05T03:43:25.221834Z,KXXRP15M-26OCT042345-45,0.0300,7.50,yes
2026-10-05T03:43:25.238901Z,KXXRP15M-26OCT042345-45,0.0170,35.50,no
2026-10-05T03:43:25.238901Z,KXXRP15M-26OCT042345-45,0.0160,40.00,no
2026-10-05T03:43:25.238901Z,KXXRP15M-26OCT042345-45,0.0160,1.52,no
2026-10-05T03:43:25.238901Z,KXXRP15M-26OCT042345-45,0.0190,5.00,no
2026-10-05T03:43:25.238901Z,KXXRP15M-26OCT042345-45,0.0170,7.00,no
2026-10-05T03:43:25.238901Z,KXXRP15M-26OCT042345-45,0.0180,2.98,no
2026-10-05T03:43:25.242956Z,KXXRP15M-26OCT042345-45,0.0160,17.00,no
2026-10-05T03:43:25.329632Z,KXXRP15M-26OCT042345-45,0.0150,4.00,no
2026-10-05T03:43:25.425505Z,KXXRP15M-26OCT042345-45,0.0150,7.00,no
2026-10-05T03:43:25.425505Z,KXXRP15M-26OCT042345-45,0.0150,7.00,no
2026-10-05T03:43:25.425505Z,KXXRP15M-26OCT042345-45,0.0150,1.00,no
2026-10-05T03:43:25.443247Z,KXXRP15M-26OCT042345-45,0.0150,33.00,no
2026-10-05T03:43:25.466998Z,KXXRP15M-26OCT042345-45,0.0130,40.00,no
2026-10-05T03:43:25.466998Z,KXXRP15M-26OCT042345-45,0.0130,188.00,no
2026-10-05T03:43:25.466998Z,KXXRP15M-26OCT042345-45,0.0140,40.00,no
2026-10-05T03:43:25.466998Z,KXXRP15M-26OCT042345-45,0.0120,65.00,no
2026-10-05T03:43:25.466998Z,KXXRP15M-26OCT042345-45,0.0140,7.00,no
2026-10-05T03:43:25.466998Z,KXXRP15M-26OCT042345-45,0.0140,5.00,no
2026-10-05T03:43:25.466998Z,KXXRP15M-26OCT042345-45,0.0130,5.00,no
2026-10-05T03:43:25.513182Z,KXXRP15M-26OCT042345-45,0.0120,11.00,no
2026-10-05T03:43:25.552639Z,KXXRP15M-26OCT042345-45,0.0120,222.00,no
2026-10-05T03:43:25.552639Z,KXXRP15M-26OCT042345-45,0.0130,74.00,no
2026-10-05T03:43:25.552639Z,KXXRP15M-26OCT042345-45,0.0130,7.00,no
2026-10-05T03:43:25.578885Z,KXXRP15M-26OCT042345-45,0.0120,29.00,no
2026-10-05T03:43:25.587431Z,KXXRP15M-26OCT042345-45,0.0120,23.00,no
2026-10-05T03:43:25.587431Z,KXXRP15M-26OCT042345-45,0.0120,6.00,no
2026-10-05T03:43:25.639791Z,KXXRP15M-26OCT042345-45,0.0110,10.00,no
2026-10-05T03:43:25.639791Z,KXXRP15M-26OCT042345-45,0.0120,34.00,no
2026-10-05T03:43:25.639791Z,KXXRP15M-26OCT042345-45,0.0120,7.00,no
2026-10-05T03:43:25.66261Z,KXXRP15M-26OCT042345-45,0.0110,10.00,no
2026-10-05T03:43:25.674257Z,KXXRP15M-26OCT042345-45,0.0110,10.00,no
2026-10-05T03:43:25.849409Z,KXXRP15M-26OCT042345-45,0.0110,7.00,no
2026-10-05T03:43:26.104015Z,KXXRP15M-26OCT042345-45,0.0170,13.00,yes
2026-10-05T03:43:26.104015Z,KXXRP15M-26OCT042345-45,0.0130,9.00,yes
2026-10-05T03:43:26.104015Z,KXXRP15M-26OCT042345-45,0.0140,40.00,yes
2026-10-05T03:43:26.104015Z,KXXRP15M-26OCT042345-45,0.0180,40.28,yes
2026-10-05T03:43:26.104015Z,KXXRP15M-26OCT042345-45,0.0140,6.00,yes
2026-10-05T03:43:26.104015Z,KXXRP15M-26OCT042345-45,0.0120,9.80,yes
2026-10-05T03:43:26.219346Z,KXXRP15M-26OCT042345-45,0.0140,54.94,yes
2026-10-05T03:43:26.219346Z,KXXRP15M-26OCT042345-45,0.0130,34.00,yes
2026-10-05T03:43:26.224943Z,KXXRP15M-26OCT042345-45,0.0120,5.00,no
2026-10-05T03:43:26.224943Z,KXXRP15M-26OCT042345-45,0.0120,4.34,no
2026-10-05T03:43:26.506282Z,KXXRP15M-26OCT042345-45,0.0110,3.00,no
2026-10-05T03:43:26.506282Z,KXXRP15M-26OCT042345-45,0.0110,9.62,no
2026-10-05T03:43:26.922002Z,KXXRP15M-26OCT042345-45,0.0120,27.00,yes
2026-10-05T03:43:26.922002Z,KXXRP15M-26OCT042345-45,0.0120,10.00,yes
2026-10-05T03:43:26.965523Z,KXXRP15M-26OCT042345-45,0.0140,0.01,yes
2026-10-05T03:43:26.990968Z,KXXRP15M-26OCT042345-45,0.0140,20.00,no
2026-10-05T03:43:27.090963Z,KXXRP15M-26OCT042345-45,0.0140,48.99,no
2026-10-05T03:43:27.22522Z,KXXRP15M-26OCT042345-45,0.0140,2.34,no
2026-10-05T03:43:27.424126Z,KXXRP15M-26OCT042345-45,0.0120,5.76,no
2026-10-05T03:43:27.424126Z,KXXRP15M-26OCT042345-45,0.0120,7.00,no
2026-10-05T03:43:27.768935Z,KXXRP15M-26OCT042345-45,0.0210,0.02,yes
2026-10-05T03:43:27.768935Z,KXXRP15M-26OCT042345-45,0.0180,35.50,yes
2026-10-05T03:43:27.768935Z,KXXRP15M-26OCT042345-45,0.0410,6.00,yes
2026-10-05T03:43:27.768935Z,KXXRP15M-26OCT042345-45,0.0160,33.00,yes
2026-10-05T03:43:27.768935Z,KXXRP15M-26OCT042345-45,0.0180,0.02,yes
2026-10-05T03:43:27.768935Z,KXXRP15M-26OCT042345-45,0.0160,7.00,yes
2026-10-05T03:43:27.768935Z,KXXRP15M-26OCT042345-45,0.0390,4.00,yes
2026-10-05T03:43:27.768935Z,KXXRP15M-26OCT042345-45,0.0260,10.00,yes
2026-10-05T03:43:27.768935Z,KXXRP15M-26OCT042345-45,0.0210,17.00,yes
2026-10-05T03:43:27.768935Z,KXXRP15M-26OCT042345-45,0.0310,45.00,yes
2026-10-05T03:43:27.768935Z,KXXRP15M-26OCT042345-45,0.0160,0.02,yes
2026-10-05T03:43:27.768935Z,KXXRP15M-26OCT042345-45,0.0220,0.03,yes
2026-10-05T03:43:27.768935Z,KXXRP15M-26OCT042345-45,0.0150,0.01,yes
2026-10-05T03:43:27.768935Z,KXXRP15M-26OCT042345-45,0.0230,0.03,yes
2026-10-05T03:43:27.768935Z,KXXRP15M-26OCT042345-45,0.0310,40.00,yes
2026-10-05T03:43:27.768935Z,KXXRP15M-26OCT042345-45,0.0190,0.02,yes
2026-10-05T03:43:27.768935Z,KXXRP15M-26OCT042345-45,0.0400,6.00,yes
2026-10-05T03:43:27.768935Z,KXXRP15M-26OCT042345-45,0.0240,0.04,yes
2026-10-05T03:43:27.768935Z,KXXRP15M-26OCT042345-45,0.0250,0.04,yes
2026-10-05T03:43:27.768935Z,KXXRP15M-26OCT042345-45,0.0310,40.00,yes
2026-10-05T03:43:27.768935Z,KXXRP15M-26OCT042345-45,0.0200,5.00,yes
2026-10-05T03:43:27.768935Z,KXXRP15M-26OCT042345-45,0.0170,0.02,yes
2026-10-05T03:43:27.768935Z,KXXRP15M-26OCT042345-45,0.0200,0.02,yes
2026-10-05T03:43:27.768935Z,KXXRP15M-26OCT042345-45,0.0150,40.00,yes
2026-10-05T03:43:27.768935Z,KXXRP15M-26OCT042345-45,0.0170,40.00,yes
2026-10-05T03:43:27.768935Z,KXXRP15M-26OCT042345-45,0.0410,25.00,yes
2026-10-05T03:43:27.768935Z,KXXRP15M-26OCT042345-45,0.0220,2.34,yes
2026-10-05T03:43:27.768935Z,KXXRP15M-26OCT042345-45,0.0380,5.00,yes
2026-10-05T03:43:27.768935Z,KXXRP15M-26OCT042345-45,0.0410,9.41,yes
2026-10-05T03:43:27.768935Z,KXXRP15M-26OCT042345-45,0.0260,0.04,yes
2026-10-05T03:43:27.768935Z,KXXRP15M-26OCT042345-45,0.0310,5.00,yes
2026-10-05T03:43:27.768935Z,KXXRP15M-26OCT042345-45,0.0410,40.00,yes
2026-10-05T03:43:27.768935Z,KXXRP15M-26OCT042345-45,0.0280,0.75,yes
2026-10-05T03:43:27.768935Z,KXXRP15M-26OCT042345-45,0.0290,27.00,yes
2026-10-05T03:43:27.768935Z,KXXRP15M-26OCT042345-45,0.0370,72.00,yes
2026-10-05T03:43:27.768935Z,KXXRP15M-26OCT042345-45,0.0270,0.75,yes
2026-10-05T03:43:27.768935Z,KXXRP15M-26OCT042345-45,0.0320,57.66,yes
2026-10-05T03:43:27.768935Z,KXXRP15M-26OCT042345-45,0.0190,10.00,yes
2026-10-05T03:43:27.768935Z,KXXRP15M-26OCT042345-45,0.0280,1.00,yes
2026-10-05T03:43:27.768935Z,KXXRP15M-26OCT042345-45,0.0210,55.00,yes
2026-10-05T03:43:27.768935Z,KXXRP15M-26OCT042345-45,0.0210,20.00,yes
2026-10-05T03:43:27.768935Z,KXXRP15M-26OCT042345-45,0.0210,5.00,yes
2026-10-05T03:43:27.768935Z,KXXRP15M-26OCT042345-45,0.0410,25.00,yes
2026-10-05T03:43:27.768935Z,KXXRP15M-26OCT042345-45,0.0310,7.00,yes
2026-10-05T03:43:27.768935Z,KXXRP15M-26OCT042345-45,0.0410,25.00,yes
2026-10-05T03:43:27.768935Z,KXXRP15M-26OCT042345-45,0.0190,5.00,yes
2026-10-05T03:43:27.768935Z,KXXRP15M-26OCT042345-45,0.0270,188.00,yes
2026-10-05T03:43:27.768935Z,KXXRP15M-26OCT042345-45,0.0190,10.00,yes
2026-10-05T03:43:27.768935Z,KXXRP15M-26OCT042345-45,0.0300,105.00,yes
2026-10-05T03:43:27.768935Z,KXXRP15M-26OCT042345-45,0.0270,1.00,yes
2026-10-05T03:43:27.77644Z,KXXRP15M-26OCT042345-45,0.0260,10.00,yes
2026-10-05T03:43:27.77644Z,KXXRP15M-26OCT042345-45,0.0300,9.00,yes
2026-10-05T03:43:27.77644Z,KXXRP15M-26OCT042345-45,0.0300,94.33,yes
2026-10-05T03:43:27.829837Z,KXXRP15M-26OCT042345-45,0.0130,5.00,no
2026-10-05T03:43:28.564998Z,KXXRP15M-26OCT042345-45,0.0160,1.82,no
2026-10-05T03:43:28.790541Z,KXXRP15M-26OCT042345-45,0.0120,5.00,no
2026-10-05T03:43:28.790541Z,KXXRP15M-26OCT042345-45,0.0120,7.00,no
2026-10-05T03:43:29.141556Z,KXXRP15M-26OCT042345-45,0.0110,0.80,no
2026-10-05T03:43:29.293971Z,KXXRP15M-26OCT042345-45,0.0120,7.00,no
2026-10-05T03:43:29.462161Z,KXXRP15M-26OCT042345-45,0.0110,2.00,no
2026-10-05T03:43:29.462161Z,KXXRP15M-26OCT042345-45,0.0110,89.58,no
2026-10-05T03:43:29.462161Z,KXXRP15M-26OCT042345-45,0.0110,20.00,no
2026-10-05T03:43:29.462161Z,KXXRP15M-26OCT042345-45,0.0110,2.00,no
2026-10-05T03:43:29.462161Z,KXXRP15M-26OCT042345-45,0.0110,1.00,no
2026-10-05T03:43:29.462161Z,KXXRP15M-26OCT042345-45,0.0110,1.00,no
2026-10-05T03:43:29.462161Z,KXXRP15M-26OCT042345-45,0.0110,1.00,no
2026-10-05T03:43:29.462161Z,KXXRP15M-26OCT042345-45,0.0110,1.00,no
2026-10-05T03:43:29.462161Z,KXXRP15M-26OCT042345-45,0.0110,76.95,no
2026-10-05T03:43:29.462161Z,KXXRP15M-26OCT042345-45,0.0110,1.04,no
2026-10-05T03:43:29.462161Z,KXXRP15M-26OCT042345-45,0.0110,1.11,no
2026-10-05T03:43:29.462161Z,KXXRP15M-26OCT042345-45,0.0110,1.07,no
2026-10-05T03:43:29.462161Z,KXXRP15M-26OCT042345-45,0.0110,1.18,no
2026-10-05T03:43:29.462161Z,KXXRP15M-26OCT042345-45,0.0110,1.07,no
2026-10-05T03:43:30.600415Z,KXXRP15M-26OCT042345-45,0.0110,303.00,no
2026-10-05T03:43:30.605505Z,KXXRP15M-26OCT042345-45,0.0110,20.05,no
2026-10-05T03:43:30.605505Z,KXXRP15M-26OCT042345-45,0.0110,5.00,no
2026-10-05T03:43:30.605505Z,KXXRP15M-26OCT042345-45,0.0110,8.00,no
2026-10-05T03:43:30.758557Z,KXXRP15M-26OCT042345-45,0.0100,55.85,no
2026-10-05T03:43:31.286968Z,KXXRP15M-26OCT042345-45,0.0100,100.00,no
2026-10-05T03:43:31.286968Z,KXXRP15M-26OCT042345-45,0.0100,25.00,no
2026-10-05T03:43:31.286968Z,KXXRP15M-26OCT042345-45,0.0100,244.15,no
2026-10-05T03:43:31.286968Z,KXXRP15M-26OCT042345-45,0.0100,2.00,no
2026-10-05T03:43:31.286968Z,KXXRP15M-26OCT042345-45,0.0100,20.00,no
2026-10-05T03:43:31.286968Z,KXXRP15M-26OCT042345-45,0.0100,31.76,no
2026-10-05T03:43:31.286968Z,KXXRP15M-26OCT042345-45,0.0100,5.95,no
2026-10-05T03:43:31.422983Z,KXXRP15M-26OCT042345-45,0.0090,21.82,no
2026-10-05T03:43:31.422983Z,KXXRP15M-26OCT042345-45,0.0090,5.00,no
2026-10-05T03:43:31.615929Z,KXXRP15M-26OCT042345-45,0.0090,12.00,no
2026-10-05T03:43:31.632003Z,KXXRP15M-26OCT042345-45,0.0090,30.00,no
2026-10-05T03:43:31.889841Z,KXXRP15M-26OCT042345-45,0.0090,20.00,yes
2026-10-05T03:43:32.191737Z,KXXRP15M-26OCT042345-45,0.0090,10.00,yes
2026-10-05T03:43:32.191737Z,KXXRP15M-26OCT042345-45,0.0090,3.10,yes
2026-10-05T03:43:32.22884Z,KXXRP15M-26OCT042345-45,0.0090,9.35,yes
2026-10-05T03:43:32.775927Z,KXXRP15M-26OCT042345-45,0.0090,1.00,yes
2026-10-05T03:43:32.970791Z,KXXRP15M-26OCT042345-45,0.0080,40.00,no
2026-10-05T03:43:32.970791Z,KXXRP15M-26OCT042345-45,0.0080,5.00,no
2026-10-05T03:43:32.970791Z,KXXRP15M-26OCT042345-45,0.0080,21.00,no
2026-10-05T03:43:33.472555Z,KXXRP15M-26OCT042345-45,0.0090,16.55,yes
2026-10-05T03:43:33.472555Z,KXXRP15M-26OCT042345-45,0.0100,25.00,yes
2026-10-05T03:43:33.472555Z,KXXRP15M-26OCT042345-45,0.0100,0.08,yes
2026-10-05T03:43:33.472555Z,KXXRP15M-26OCT042345-45,0.0090,0.08,yes
2026-10-05T03:43:33.472555Z,KXXRP15M-26OCT042345-45,0.0100,71.14,yes
2026-10-05T03:43:33.472555Z,KXXRP15M-26OCT042345-45,0.0080,22.00,yes
2026-10-05T03:43:33.472555Z,KXXRP15M-26OCT042345-45,0.0080,0.08,yes
2026-10-05T03:43:33.472555Z,KXXRP15M-26OCT042345-45,0.0080,16.00,yes
2026-10-05T03:43:33.472555Z,KXXRP15M-26OCT042345-45,0.0100,11.17,yes
2026-10-05T03:43:34.087693Z,KXXRP15M-26OCT042345-45,0.0090,9.00,yes
2026-10-05T03:43:34.087693Z,KXXRP15M-26OCT042345-45,0.0090,2.00,yes
2026-10-05T03:43:34.087693Z,KXXRP15M-26OCT042345-45,0.0090,0.08,yes
2026-10-05T03:43:36.402661Z,KXXRP15M-26OCT042345-45,0.0100,0.08,yes
2026-10-05T03:43:36.402661Z,KXXRP15M-26OCT042345-45,0.0100,12.83,yes
2026-10-05T03:43:36.402661Z,KXXRP15M-26OCT042345-45,0.0100,16.72,yes
2026-10-05T03:43:36.402661Z,KXXRP15M-26OCT042345-45,0.0100,25.00,yes
2026-10-05T03:43:36.402661Z,KXXRP15M-26OCT042345-45,0.0100,5.00,yes
2026-10-05T03:43:36.633025Z,KXXRP15M-26OCT042345-45,0.0080,9.00,no
2026-10-05T03:43:36.633025Z,KXXRP15M-26OCT042345-45,0.0090,0.10,no
2026-10-05T03:43:36.633025Z,KXXRP15M-26OCT042345-45,0.0080,7.00,no
2026-10-05T03:43:36.633025Z,KXXRP15M-26OCT042345-45,0.0080,3.90,no
2026-10-05T03:43:37.114318Z,KXXRP15M-26OCT042345-45,0.0070,3.43,no
2026-10-05T03:43:37.742764Z,KXXRP15M-26OCT042345-45,0.0070,6.92,yes
2026-10-05T03:43:37.767481Z,KXXRP15M-26OCT042345-45,0.0050,11.00,no
2026-10-05T03:43:37.767481Z,KXXRP15M-26OCT042345-45,0.0060,10.00,no
2026-10-05T03:43:37.767481Z,KXXRP15M-26OCT042345-45,0.0060,5.00,no
2026-10-05T03:43:37.767481Z,KXXRP15M-26OCT042345-45,0.0060,32.00,no
2026-10-05T03:43:37.767481Z,KXXRP15M-26OCT042345-45,0.0050,1.12,no
2026-10-05T03:43:38.014454Z,KXXRP15M-26OCT042345-45,0.0050,40.00,no
2026-10-05T03:43:38.014454Z,KXXRP15M-26OCT042345-45,0.0060,10.00,no
2026-10-05T03:43:38.014454Z,KXXRP15M-26OCT042345-45,0.0050,0.33,no
2026-10-05T03:43:38.014454Z,KXXRP15M-26OCT042345-45,0.0060,1.00,no
2026-10-05T03:43:38.014454Z,KXXRP15M-26OCT042345-45,0.0050,3.88,no
2026-10-05T03:43:38.980597Z,KXXRP15M-26OCT042345-45,0.0050,6.33,no
2026-10-05T03:43:38.980597Z,KXXRP15M-26OCT042345-45,0.0050,4.67,no
2026-10-05T03:43:39.056655Z,KXXRP15M-26OCT042345-45,0.0050,6.33,no
2026-10-05T03:43:39.056655Z,KXXRP15M-26OCT042345-45,0.0050,32.00,no
2026-10-05T03:43:39.056655Z,KXXRP15M-26OCT042345-45,0.0050,1.67,no
2026-10-05T03:43:39.64698Z,KXXRP15M-26OCT042345-45,0.0060,0.08,yes
2026-10-05T03:43:39.64698Z,KXXRP15M-26OCT042345-45,0.0060,0.10,yes
2026-10-05T03:43:39.64698Z,KXXRP15M-26OCT042345-45,0.0060,12.39,yes
2026-10-05T03:43:39.64698Z,KXXRP15M-26OCT042345-45,0.0060,13.00,yes
2026-10-05T03:43:39.668326Z,KXXRP15M-26OCT042345-45,0.0060,19.00,yes
2026-10-05T03:43:39.668326Z,KXXRP15M-26OCT042345-45,0.0060,26.61,yes
2026-10-05T03:43:39.861976Z,KXXRP15M-26OCT042345-45,0.0070,0.08,yes
2026-10-05T03:43:39.861976Z,KXXRP15M-26OCT042345-45,0.0070,9.92,yes
2026-10-05T03:43:39.921992Z,KXXRP15M-26OCT042345-45,0.0070,0.01,yes
2026-10-05T03:43:40.669859Z,KXXRP15M-26OCT042345-45,0.0060,5.00,yes
2026-10-05T03:43:40.669859Z,KXXRP15M-26OCT042345-45,0.0060,12.70,yes
2026-10-05T03:43:41.66972Z,KXXRP15M-26OCT042345-45,0.0050,18.00,no
2026-10-05T03:43:41.66972Z,KXXRP15M-26OCT042345-45,0.0050,8.00,no
2026-10-05T03:43:41.66972Z,KXXRP15M-26OCT042345-45,0.0050,1.00,no
2026-10-05T03:43:42.036888Z,KXXRP15M-26OCT042345-45,0.0050,38.85,yes
2026-10-05T03:43:42.553207Z,KXXRP15M-26OCT042345-45,0.0050,10.70,yes
2026-10-05T03:43:42.553207Z,KXXRP15M-26OCT042345-45,0.0050,0.08,yes
2026-10-05T03:43:42.553207Z,KXXRP15M-26OCT042345-45,0.0050,14.15,yes
2026-10-05T03:43:42.553207Z,KXXRP15M-26OCT042345-45,0.0050,27.00,yes
2026-10-05T03:43:43.726458Z,KXXRP15M-26OCT042345-45,0.0040,1.00,no
2026-10-05T03:43:43.726458Z,KXXRP15M-26OCT042345-45,0.0040,1.00,no
2026-10-05T03:43:43.726458Z,KXXRP15M-26OCT042345-45,0.0040,13.00,no
2026-10-05T03:43:43.726458Z,KXXRP15M-26OCT042345-45,0.0040,1.00,no
2026-10-05T03:43:43.726458Z,KXXRP15M-26OCT042345-45,0.0040,1.00,no
2026-10-05T03:43:43.726458Z,KXXRP15M-26OCT042345-45,0.0040,1.00,no
2026-10-05T03:43:43.726458Z,KXXRP15M-26OCT042345-45,0.0040,82.37,no
2026-10-05T03:43:44.179612Z,KXXRP15M-26OCT042345-45,0.0040,5.00,no
2026-10-05T03:43:44.179829Z,KXXRP15M-26OCT042345-45,0.0040,41.00,no
2026-10-05T03:43:44.183233Z,KXXRP15M-26OCT042345-45,0.0040,8.00,no
2026-10-05T03:43:44.190693Z,KXXRP15M-26OCT042345-45,0.0040,2.00,no
2026-10-05T03:43:44.197205Z,KXXRP15M-26OCT042345-45,0.0040,5.00,no
2026-10-05T03:43:44.2063Z,KXXRP15M-26OCT042345-45,0.0040,5.00,no
2026-10-05T03:43:44.224133Z,KXXRP15M-26OCT042345-45,0.0040,7.00,no
2026-10-05T03:43:44.231242Z,KXXRP15M-26OCT042345-45,0.0040,3.00,no
2026-10-05T03:43:44.241036Z,KXXRP15M-26OCT042345-45,0.0040,1.00,no
2026-10-05T03:43:44.348335Z,KXXRP15M-26OCT042345-45,0.0040,1.00,no
2026-10-05T03:43:44.512875Z,KXXRP15M-26OCT042345-45,0.0050,0.08,yes
2026-10-05T03:43:44.512875Z,KXXRP15M-26OCT042345-45,0.0050,15.60,yes
2026-10-05T03:43:44.512875Z,KXXRP15M-26OCT042345-45,0.0050,6.00,yes
2026-10-05T03:43:45.026425Z,KXXRP15M-26OCT042345-45,0.0040,2.09,no
2026-10-05T03:43:45.220433Z,KXXRP15M-26OCT042345-45,0.0050,0.10,yes
2026-10-05T03:43:45.220433Z,KXXRP15M-26OCT042345-45,0.0050,32.40,yes
2026-10-05T03:43:45.679148Z,KXXRP15M-26OCT042345-45,0.0040,27.00,no
2026-10-05T03:43:47.021295Z,KXXRP15M-26OCT042345-45,0.0040,200.00,no
2026-10-05T03:43:47.037718Z,KXXRP15M-26OCT042345-45,0.0040,80.46,no
2026-10-05T03:43:47.037718Z,KXXRP15M-26OCT042345-45,0.0040,5.00,no
2026-10-05T03:43:47.037718Z,KXXRP15M-26OCT042345-45,0.0040,7.00,no
2026-10-05T03:43:47.037718Z,KXXRP15M-26OCT042345-45,0.0040,10.54,no
2026-10-05T03:43:47.099352Z,KXXRP15M-26OCT042345-45,0.0030,129.46,no
2026-10-05T03:43:47.099352Z,KXXRP15M-26OCT042345-45,0.0030,400.00,no
2026-10-05T03:43:47.099352Z,KXXRP15M-26OCT042345-45,0.0040,0.54,no
2026-10-05T03:43:47.099352Z,KXXRP15M-26OCT042345-45,0.0040,7.00,no
2026-10-05T03:43:47.099352Z,KXXRP15M-26OCT042345-45,0.0040,1.00,no
2026-10-05T03:43:47.099352Z,KXXRP15M-26OCT042345-45,0.0040,64.00,no
2026-10-05T03:43:47.105906Z,KXXRP15M-26OCT042345-45,0.0030,2.00,no
2026-10-05T03:43:47.105906Z,KXXRP15M-26OCT042345-45,0.0030,2.00,no
2026-10-05T03:43:47.105906Z,KXXRP15M-26OCT042345-45,0.0030,2.00,no
2026-10-05T03:43:47.105906Z,KXXRP15M-26OCT042345-45,0.0030,2.00,no
2026-10-05T03:43:47.105906Z,KXXRP15M-26OCT042345-45,0.0030,18.00,no
2026-10-05T03:43:47.105906Z,KXXRP15M-26OCT042345-45,0.0030,2.00,no
2026-10-05T03:43:47.105906Z,KXXRP15M-26OCT042345-45,0.0030,120.54,no
2026-10-05T03:43:47.105906Z,KXXRP15M-26OCT042345-45,0.0020,224.46,no
2026-10-05T03:43:47.105906Z,KXXRP15M-26OCT042345-45,0.0030,5.00,no
2026-10-05T03:43:47.321928Z,KXXRP15M-26OCT042345-45,0.0050,0.10,yes
2026-10-05T03:43:47.321928Z,KXXRP15M-26OCT042345-45,0.0050,29.00,yes
2026-10-05T03:43:47.321928Z,KXXRP15M-26OCT042345-45,0.0050,38.00,yes
2026-10-05T03:43:47.321928Z,KXXRP15M-26OCT042345-45,0.0050,146.29,yes
2026-10-05T03:43:47.504314Z,KXXRP15M-26OCT042345-45,0.0040,80.00,no
2026-10-05T03:43:47.504314Z,KXXRP15M-26OCT042345-45,0.0040,1.00,no
2026-10-05T03:43:47.504314Z,KXXRP15M-26OCT042345-45,0.0040,16.00,no
2026-10-05T03:43:47.504314Z,KXXRP15M-26OCT042345-45,0.0030,191.91,no
2026-10-05T03:43:47.504314Z,KXXRP15M-26OCT042345-45,0.0040,13.00,no
2026-10-05T03:43:47.504314Z,KXXRP15M-26OCT042345-45,0.0040,7.00,no
2026-10-05T03:43:47.842592Z,KXXRP15M-26OCT042345-45,0.0040,40.99,yes
2026-10-05T03:43:49.30382Z,KXXRP15M-26OCT042345-45,0.0040,6.87,yes
2026-10-05T03:43:49.861621Z,KXXRP15M-26OCT042345-45,0.0080,58.08,yes
2026-10-05T03:43:49.861621Z,KXXRP15M-26OCT042345-45,0.0080,20.00,yes
2026-10-05T03:43:49.861621Z,KXXRP15M-26OCT042345-45,0.0050,0.10,yes
2026-10-05T03:43:49.861621Z,KXXRP15M-26OCT042345-45,0.0040,66.00,yes
2026-10-05T03:43:49.861621Z,KXXRP15M-26OCT042345-45,0.0040,9.14,yes
2026-10-05T03:43:49.861621Z,KXXRP15M-26OCT042345-45,0.0040,0.10,yes
2026-10-05T03:43:49.861621Z,KXXRP15M-26OCT042345-45,0.0080,0.08,yes
2026-10-05T03:43:49.861621Z,KXXRP15M-26OCT042345-45,0.0070,0.08,yes
2026-10-05T03:43:49.861621Z,KXXRP15M-26OCT042345-45,0.0060,0.08,yes
2026-10-05T03:43:50.689287Z,KXXRP15M-26OCT042345-45,0.0030,8.00,no
2026-10-05T03:43:50.7483Z,KXXRP15M-26OCT042345-45,0.0040,36.00,yes
2026-10-05T03:43:50.7483Z,KXXRP15M-26OCT042345-45,0.0050,131.85,yes
2026-10-05T03:43:50.7483Z,KXXRP15M-26OCT042345-45,0.0040,8.00,yes
2026-10-05T03:43:50.761275Z,KXXRP15M-26OCT042345-45,0.0030,25.00,no
2026-10-05T03:43:51.298026Z,KXXRP15M-26OCT042345-45,0.0040,3.00,yes
2026-10-05T03:43:51.298026Z,KXXRP15M-26OCT042345-45,0.0050,183.97,yes
2026-10-05T03:43:51.737645Z,KXXRP15M-26OCT042345-45,0.0030,0.20,no
2026-10-05T03:43:51.825923Z,KXXRP15M-26OCT042345-45,0.0030,3.28,no
2026-10-05T03:43:51.872857Z,KXXRP15M-26OCT042345-45,0.0040,47.00,yes
2026-10-05T03:43:51.872857Z,KXXRP15M-26OCT042345-45,0.0040,0.20,yes
2026-10-05T03:43:51.872857Z,KXXRP15M-26OCT042345-45,0.0040,3.28,yes
2026-10-05T03:43:51.872857Z,KXXRP15M-26OCT042345-45,0.0050,136.49,yes
2026-10-05T03:43:52.513358Z,KXXRP15M-26OCT042345-45,0.0030,21.61,no
2026-10-05T03:43:52.513358Z,KXXRP15M-26OCT042345-45,0.0030,10.00,no
2026-10-05T03:43:52.513358Z,KXXRP15M-26OCT042345-45,0.0030,0.53,no
2026-10-05T03:43:53.564064Z,KXXRP15M-26OCT042345-45,0.0030,30.00,no
2026-10-05T03:43:53.595698Z,KXXRP15M-26OCT042345-45,0.0030,2.00,no
2026-10-05T03:43:53.595698Z,KXXRP15M-26OCT042345-45,0.0030,28.00,no
2026-10-05T03:43:53.828645Z,KXXRP15M-26OCT042345-45,0.0030,24.78,yes
2026-10-05T03:43:53.883942Z,KXXRP15M-26OCT042345-45,0.0020,1.04,no
2026-10-05T03:43:56.080613Z,KXXRP15M-26OCT042345-45,0.0020,53.00,no
2026-10-05T03:43:57.25884Z,KXXRP15M-26OCT042345-45,0.0030,7.22,yes
2026-10-05T03:43:57.25884Z,KXXRP15M-26OCT042345-45,0.0030,34.55,yes
2026-10-05T03:43:58.703502Z,KXXRP15M-26OCT042345-45,0.0090,0.08,yes
2026-10-05T03:43:58.703502Z,KXXRP15M-26OCT042345-45,0.0100,0.08,yes
2026-10-05T03:43:58.703502Z,KXXRP15M-26OCT042345-45,0.0110,0.08,yes
2026-10-05T03:43:58.703502Z,KXXRP15M-26OCT042345-45,0.0120,0.08,yes
2026-10-05T03:43:58.703502Z,KXXRP15M-26OCT042345-45,0.0160,0.08,yes
2026-10-05T03:43:58.703502Z,KXXRP15M-26OCT042345-45,0.0130,0.08,yes
2026-10-05T03:43:58.703502Z,KXXRP15M-26OCT042345-45,0.0170,0.08,yes
2026-10-05T03:43:58.703502Z,KXXRP15M-26OCT042345-45,0.0140,0.08,yes
2026-10-05T03:43:58.703502Z,KXXRP15M-26OCT042345-45,0.0150,0.09,yes
2026-10-05T03:43:58.703502Z,KXXRP15M-26OCT042345-45,0.0200,0.09,yes
2026-10-05T03:43:58.703502Z,KXXRP15M-26OCT042345-45,0.0180,0.08,yes
2026-10-05T03:43:58.703502Z,KXXRP15M-26OCT042345-45,0.0190,0.08,yes
2026-10-05T03:43:58.703502Z,KXXRP15M-26OCT042345-45,0.0190,12.36,yes
2026-10-05T03:43:58.703502Z,KXXRP15M-26OCT042345-45,0.0100,10.00,yes
2026-10-05T03:43:58.703502Z,KXXRP15M-26OCT042345-45,0.0100,10.00,yes
2026-10-05T03:43:58.703502Z,KXXRP15M-26OCT042345-45,0.0100,25.00,yes
2026-10-05T03:43:58.703502Z,KXXRP15M-26OCT042345-45,0.0100,20.00,yes
2026-10-05T03:43:58.703502Z,KXXRP15M-26OCT042345-45,0.0100,4.00,yes
2026-10-05T03:43:58.703502Z,KXXRP15M-26OCT042345-45,0.0030,149.00,yes
2026-10-05T03:43:58.703502Z,KXXRP15M-26OCT042345-45,0.0050,7.00,yes
2026-10-05T03:43:58.703502Z,KXXRP15M-26OCT042345-45,0.0080,53.00,yes
2026-10-05T03:43:58.703502Z,KXXRP15M-26OCT042345-45,0.0080,40.00,yes
2026-10-05T03:43:58.703502Z,KXXRP15M-26OCT042345-45,0.0080,100.00,yes
2026-10-05T03:43:58.703502Z,KXXRP15M-26OCT042345-45,0.0070,3.00,yes
2026-10-05T03:43:58.703502Z,KXXRP15M-26OCT042345-45,0.0140,45.00,yes
2026-10-05T03:43:58.703502Z,KXXRP15M-26OCT042345-45,0.0030,16.45,yes
2026-10-05T03:43:58.703502Z,KXXRP15M-26OCT042345-45,0.0080,1.00,yes
2026-10-05T03:43:58.703502Z,KXXRP15M-26OCT042345-45,0.0100,30.00,yes
2026-10-05T03:43:58.703502Z,KXXRP15M-26OCT042345-45,0.0070,45.00,yes
2026-10-05T03:43:58.703502Z,KXXRP15M-26OCT042345-45,0.0050,21.61,yes
2026-10-05T03:43:58.703502Z,KXXRP15M-26OCT042345-45,0.0040,0.10,yes
2026-10-05T03:43:58.703502Z,KXXRP15M-26OCT042345-45,0.0080,0.10,yes
2026-10-05T03:43:58.703502Z,KXXRP15M-26OCT042345-45,0.0070,30.00,yes
2026-10-05T03:43:58.703502Z,KXXRP15M-26OCT042345-45,0.0050,113.69,yes
2026-10-05T03:43:58.703502Z,KXXRP15M-26OCT042345-45,0.0120,5.00,yes
2026-10-05T03:43:58.703502Z,KXXRP15M-26OCT042345-45,0.0050,25.00,yes
2026-10-05T03:43:58.703502Z,KXXRP15M-26OCT042345-45,0.0070,23.00,yes
2026-10-05T03:43:58.703502Z,KXXRP15M-26OCT042345-45,0.0100,1.00,yes
2026-10-05T03:43:58.703502Z,KXXRP15M-26OCT042345-45,0.0080,165.92,yes
2026-10-05T03:43:58.703502Z,KXXRP15M-26OCT042345-45,0.0090,400.00,yes
2026-10-05T03:43:58.703502Z,KXXRP15M-26OCT042345-45,0.0120,5.00,yes
2026-10-05T03:43:58.703502Z,KXXRP15M-26OCT042345-45,0.0030,191.91,yes
2026-10-05T03:43:58.703502Z,KXXRP15M-26OCT042345-45,0.0200,53.29,yes
2026-10-05T03:43:58.703502Z,KXXRP15M-26OCT042345-45,0.0030,129.46,yes
2026-10-05T03:43:58.703502Z,KXXRP15M-26OCT042345-45,0.0110,5.00,yes
2026-10-05T03:43:58.703502Z,KXXRP15M-26OCT042345-45,0.0030,120.54,yes
2026-10-05T03:43:58.753423Z,KXXRP15M-26OCT042345-45,0.0100,40.00,no
2026-10-05T03:43:58.762296Z,KXXRP15M-26OCT042345-45,0.0090,5.00,no
2026-10-05T03:43:58.823136Z,KXXRP15M-26OCT042345-45,0.0090,24.78,no
2026-10-05T03:43:58.854184Z,KXXRP15M-26OCT042345-45,0.0070,20.78,no
2026-10-05T03:43:58.854184Z,KXXRP15M-26OCT042345-45,0.0080,40.00,no
2026-10-05T03:43:58.854184Z,KXXRP15M-26OCT042345-45,0.0090,10.22,no
2026-10-05T03:43:58.856063Z,KXXRP15M-26OCT042345-45,0.0070,10.00,no
2026-10-05T03:43:59.146386Z,KXXRP15M-26OCT042345-45,0.0080,65.52,yes
2026-10-05T03:43:59.146386Z,KXXRP15M-26OCT042345-45,0.0080,50.00,yes
2026-10-05T03:43:59.226143Z,KXXRP15M-26OCT042345-45,0.0060,39.78,no
2026-10-05T03:43:59.226143Z,KXXRP15M-26OCT042345-45,0.0070,9.22,no
2026-10-05T03:43:59.245186Z,KXXRP15M-26OCT042345-45,0.0070,57.41,yes
2026-10-05T03:43:59.665003Z,KXXRP15M-26OCT042345-45,0.0060,0.22,no
2026-10-05T03:43:59.665003Z,KXXRP15M-26OCT042345-45,0.0050,0.78,no
2026-10-05T03:43:59.924112Z,KXXRP15M-26OCT042345-45,0.0050,2.00,no
2026-10-05T03:43:59.931738Z,KXXRP15M-26OCT042345-45,0.0050,2.00,no
2026-10-05T03:43:59.939688Z,KXXRP15M-26OCT042345-45,0.0050,2.00,no
2026-10-05T03:43:59.945276Z,KXXRP15M-26OCT042345-45,0.0050,2.00,no
2026-10-05T03:43:59.952793Z,KXXRP15M-26OCT042345-45,0.0050,2.00,no
2026-10-05T03:44:00.00778Z,KXXRP15M-26OCT042345-45,0.0050,7.00,no
2026-10-05T03:44:00.0173Z,KXXRP15M-26OCT042345-45,0.0050,3.00,no
2026-10-05T03:44:00.025105Z,KXXRP15M-26OCT042345-45,0.0050,0.78,no
2026-10-05T03:44:00.025105Z,KXXRP15M-26OCT042345-45,0.0050,19.22,no
2026-10-05T03:44:00.032563Z,KXXRP15M-26OCT042345-45,0.0050,7.22,no
2026-10-05T03:44:00.118447Z,KXXRP15M-26OCT042345-45,0.0040,1.00,no
2026-10-05T03:44:00.401086Z,KXXRP15M-26OCT042345-45,0.0060,3.00,yes
2026-10-05T03:44:00.401086Z,KXXRP15M-26OCT042345-45,0.0050,100.00,yes
2026-10-05T03:44:00.401086Z,KXXRP15M-26OCT042345-45,0.0050,115.00,yes
2026-10-05T03:44:00.401086Z,KXXRP15M-26OCT042345-45,0.0060,19.22,yes
2026-10-05T03:44:00.401086Z,KXXRP15M-26OCT042345-45,0.0050,1.00,yes
2026-10-05T03:44:00.401086Z,KXXRP15M-26OCT042345-45,0.0060,7.00,yes
2026-10-05T03:44:00.401086Z,KXXRP15M-26OCT042345-45,0.0060,2.00,yes
2026-10-05T03:44:00.401086Z,KXXRP15M-26OCT042345-45,0.0060,0.78,yes
2026-10-05T03:44:00.401086Z,KXXRP15M-26OCT042345-45,0.0060,2.00,yes
2026-10-05T03:44:00.401086Z,KXXRP15M-26OCT042345-45,0.0060,2.00,yes
2026-10-05T03:44:00.401086Z,KXXRP15M-26OCT042345-45,0.0070,0.22,yes
2026-10-05T03:44:00.401086Z,KXXRP15M-26OCT042345-45,0.0060,2.00,yes
2026-10-05T03:44:00.401086Z,KXXRP15M-26OCT042345-45,0.0080,84.10,yes
2026-10-05T03:44:00.401086Z,KXXRP15M-26OCT042345-45,0.0060,2.00,yes
2026-10-05T03:44:00.401086Z,KXXRP15M-26OCT042345-45,0.0070,39.78,yes
2026-10-05T03:44:00.408068Z,KXXRP15M-26OCT042345-45,0.0040,19.00,no
2026-10-05T03:44:00.804865Z,KXXRP15M-26OCT042345-45,0.0040,7.00,no
2026-10-05T03:44:00.804865Z,KXXRP15M-26OCT042345-45,0.0040,8.00,no
2026-10-05T03:44:00.804865Z,KXXRP15M-26OCT042345-45,0.0040,20.00,no
2026-10-05T03:44:01.028642Z,KXXRP15M-26OCT042345-45,0.0020,260.50,no
2026-10-05T03:44:01.028642Z,KXXRP15M-26OCT042345-45,0.0020,121.50,no
2026-10-05T03:44:01.028642Z,KXXRP15M-26OCT042345-45,0.0030,5.00,no
2026-10-05T03:44:01.028642Z,KXXRP15M-26OCT042345-45,0.0030,40.00,no
2026-10-05T03:44:01.028642Z,KXXRP15M-26OCT042345-45,0.0030,3.00,no
2026-10-05T03:44:01.028642Z,KXXRP15M-26OCT042345-45,0.0030,144.00,no
2026-10-05T03:44:01.028642Z,KXXRP15M-26OCT042345-45,0.0030,10.00,no
2026-10-05T03:44:01.065015Z,KXXRP15M-26OCT042345-45,0.0030,24.78,yes
2026-10-05T03:44:01.11172Z,KXXRP15M-26OCT042345-45,0.0020,226.34,no
2026-10-05T03:44:02.018701Z,KXXRP15M-26OCT042345-45,0.0020,186.84,no
2026-10-05T03:44:02.018701Z,KXXRP15M-26OCT042345-45,0.0020,13.16,no
2026-10-05T03:44:02.033058Z,KXXRP15M-26OCT042345-45,0.0020,200.00,no
2026-10-05T03:44:02.046235Z,KXXRP15M-26OCT042345-45,0.0020,200.00,no
2026-10-05T03:44:02.104168Z,KXXRP15M-26OCT042345-45,0.0020,200.00,no
2026-10-05T03:44:02.198988Z,KXXRP15M-26OCT042345-45,0.0020,200.00,no
2026-10-05T03:44:02.382484Z,KXXRP15M-26OCT042345-45,0.0020,200.00,no
2026-10-05T03:44:02.398462Z,KXXRP15M-26OCT042345-45,0.0020,200.00,no
2026-10-05T03:44:02.456845Z,KXXRP15M-26OCT042345-45,0.0020,200.00,no
2026-10-05T03:44:02.508816Z,KXXRP15M-26OCT042345-45,0.0030,5.65,yes
2026-10-05T03:44:02.529231Z,KXXRP15M-26OCT042345-45,0.0020,200.00,no
2026-10-05T03:44:02.613403Z,KXXRP15M-26OCT042345-45,0.0020,200.00,no
2026-10-05T03:44:02.705129Z,KXXRP15M-26OCT042345-45,0.0020,200.00,no
2026-10-05T03:44:02.795044Z,KXXRP15M-26OCT042345-45,0.0020,350.00,no
2026-10-05T03:44:02.823723Z,KXXRP15M-26OCT042345-45,0.0020,604.00,no
2026-10-05T03:44:03.033623Z,KXXRP15M-26OCT042345-45,0.0030,31.00,yes
2026-10-05T03:44:03.033623Z,KXXRP15M-26OCT042345-45,0.0030,0.01,yes
2026-10-05T03:44:03.033623Z,KXXRP15M-26OCT042345-45,0.0040,6.24,yes
2026-10-05T03:44:03.145152Z,KXXRP15M-26OCT042345-45,0.0030,97.00,no
2026-10-05T03:44:03.239301Z,KXXRP15M-26OCT042345-45,0.0030,1.00,no
2026-10-05T03:44:03.239301Z,KXXRP15M-26OCT042345-45,0.0030,30.00,no
2026-10-05T03:44:03.293313Z,KXXRP15M-26OCT042345-45,0.0020,3.18,no
2026-10-05T03:44:03.293313Z,KXXRP15M-26OCT042345-45,0.0030,97.00,no
2026-10-05T03:44:03.781581Z,KXXRP15M-26OCT042345-45,0.0040,100.00,yes
2026-10-05T03:44:03.781581Z,KXXRP15M-26OCT042345-45,0.0040,5.00,yes
2026-10-05T03:44:03.781581Z,KXXRP15M-26OCT042345-45,0.0050,19.00,yes
2026-10-05T03:44:03.781581Z,KXXRP15M-26OCT042345-45,0.0050,18.87,yes
2026-10-05T03:44:03.781581Z,KXXRP15M-26OCT042345-45,0.0050,175.00,yes
2026-10-05T03:44:03.781581Z,KXXRP15M-26OCT042345-45,0.0040,33.76,yes
2026-10-05T03:44:03.781581Z,KXXRP15M-26OCT042345-45,0.0040,35.00,yes
2026-10-05T03:44:03.921298Z,KXXRP15M-26OCT042345-45,0.0020,0.42,no
2026-10-05T03:44:04.626847Z,KXXRP15M-26OCT042345-45,0.0030,5.69,no
2026-10-05T03:44:04.920389Z,KXXRP15M-26OCT042345-45,0.0020,70.69,no
2026-10-05T03:44:04.920389Z,KXXRP15M-26OCT042345-45,0.0030,34.31,no
2026-10-05T03:44:04.920389Z,KXXRP15M-26OCT042345-45,0.0030,44.00,no
2026-10-05T03:44:05.023817Z,KXXRP15M-26OCT042345-45,0.0020,97.73,no
2026-10-05T03:44:05.307541Z,KXXRP15M-26OCT042345-45,0.0040,35.00,yes
2026-10-05T03:44:05.307541Z,KXXRP15M-26OCT042345-45,0.0030,34.00,yes
2026-10-05T03:44:05.307541Z,KXXRP15M-26OCT042345-45,0.0030,73.00,yes
2026-10-05T03:44:05.307541Z,KXXRP15M-26OCT042345-45,0.0050,1.13,yes
2026-10-05T03:44:05.307541Z,KXXRP15M-26OCT042345-45,0.0050,64.24,yes
2026-10-05T03:44:06.365457Z,KXXRP15M-26OCT042345-45,0.0030,1.00,no
2026-10-05T03:44:06.436996Z,KXXRP15M-26OCT042345-45,0.0020,102.00,no
2026-10-05T03:44:06.436996Z,KXXRP15M-26OCT042345-45,0.0030,98.00,no
2026-10-05T03:44:06.471968Z,KXXRP15M-26OCT042345-45,0.0040,18.69,yes
2026-10-05T03:44:06.484483Z,KXXRP15M-26OCT042345-45,0.0050,58.18,yes
2026-10-05T03:44:06.484483Z,KXXRP15M-26OCT042345-45,0.0040,35.00,yes
2026-10-05T03:44:06.484483Z,KXXRP15M-26OCT042345-45,0.0040,0.31,yes
2026-10-05T03:44:06.71334Z,KXXRP15M-26OCT042345-45,0.0020,444.81,no
2026-10-05T03:44:07.624277Z,KXXRP15M-26OCT042345-45,0.0030,17.50,yes
2026-10-05T03:44:08.0997Z,KXXRP15M-26OCT042345-45,0.0020,2.00,no
2026-10-05T03:44:08.855414Z,KXXRP15M-26OCT042345-45,0.0030,27.87,yes
2026-10-05T03:44:09.177974Z,KXXRP15M-26OCT042345-45,0.0020,30.03,no
2026-10-05T03:44:10.075739Z,KXXRP15M-26OCT042345-45,0.0020,3.00,no
2026-10-05T03:44:10.075739Z,KXXRP15M-26OCT042345-45,0.0020,26.00,no
2026-10-05T03:44:10.075739Z,KXXRP15M-26OCT042345-45,0.0020,3.00,no
2026-10-05T03:44:10.075739Z,KXXRP15M-26OCT042345-45,0.0020,3.00,no
2026-10-05T03:44:10.075739Z,KXXRP15M-26OCT042345-45,0.0020,3.00,no
2026-10-05T03:44:10.075739Z,KXXRP15M-26OCT042345-45,0.0020,3.00,no
2026-10-05T03:44:10.075739Z,KXXRP15M-26OCT042345-45,0.0020,40.00,no
2026-10-05T03:44:10.075739Z,KXXRP15M-26OCT042345-45,0.0020,5.00,no
2026-10-05T03:44:10.075739Z,KXXRP15M-26OCT042345-45,0.0020,48.42,no
2026-10-05T03:44:10.075739Z,KXXRP15M-26OCT042345-45,0.0020,5.00,no
2026-10-05T03:44:10.075739Z,KXXRP15M-26OCT042345-45,0.0020,40.00,no
2026-10-05T03:44:10.075739Z,KXXRP15M-26OCT042345-45,0.0020,80.00,no
2026-10-05T03:44:10.075739Z,KXXRP15M-26OCT042345-45,0.0020,5.00,no
2026-10-05T03:44:10.102677Z,KXXRP15M-26OCT042345-45,0.0020,92.58,no
2026-10-05T03:44:10.102677Z,KXXRP15M-26OCT042345-45,0.0020,5.00,no
2026-10-05T03:44:10.228284Z,KXXRP15M-26OCT042345-45,0.0020,73.64,yes
2026-10-05T03:44:10.965784Z,KXXRP15M-26OCT042345-45,0.0020,46.22,yes
2026-10-05T03:44:10.965784Z,KXXRP15M-26OCT042345-45,0.0020,28.78,yes
2026-10-05T03:44:11.156008Z,KXXRP15M-26OCT042345-45,0.0020,151.00,yes
2026-10-05T03:44:12.246943Z,KXXRP15M-26OCT042345-45,0.0020,200.00,yes
2026-10-05T03:44:12.246943Z,KXXRP15M-26OCT042345-45,0.0020,55.23,yes
2026-10-05T03:44:12.246943Z,KXXRP15M-26OCT042345-45,0.0020,2.78,yes
2026-10-05T03:44:12.246943Z,KXXRP15M-26OCT042345-45,0.0020,200.00,yes
2026-10-05T03:44:13.091219Z,KXXRP15M-26OCT042345-45,0.0010,100.00,no
2026-10-05T03:44:13.925012Z,KXXRP15M-26OCT042345-45,0.0010,500.00,no
2026-10-05T03:44:13.925012Z,KXXRP15M-26OCT042345-45,0.0010,300.00,no
2026-10-05T03:44:13.925012Z,KXXRP15M-26OCT042345-45,0.0010,312.03,no
2026-10-05T03:44:15.365088Z,KXXRP15M-26OCT042345-45,0.0020,10.00,yes
2026-10-05T03:44:15.84709Z,KXXRP15M-26OCT042345-45,0.0010,188.03,no
2026-10-05T03:44:15.84709Z,KXXRP15M-26OCT042345-45,0.0010,187.97,no
2026-10-05T03:44:16.171818Z,KXXRP15M-26OCT042345-45,0.0020,0.20,yes
2026-10-05T03:44:16.874813Z,KXXRP15M-26OCT042345-45,0.0010,350.00,no
2026-10-05T03:44:16.874813Z,KXXRP15M-26OCT042345-45,0.0010,1.00,no
2026-10-05T03:44:16.874813Z,KXXRP15M-26OCT042345-45,0.0010,311.97,no
2026-10-05T03:44:16.874813Z,KXXRP15M-26OCT042345-45,0.0010,1.00,no
2026-10-05T03:44:16.874813Z,KXXRP15M-26OCT042345-45,0.0010,1.00,no
2026-10-05T03:44:16.874813Z,KXXRP15M-26OCT042345-45,0.0010,43.00,no
2026-10-05T03:44:16.874813Z,KXXRP15M-26OCT042345-45,0.0010,40.00,no
2026-10-05T03:44:16.874813Z,KXXRP15M-26OCT042345-45,0.0010,200.00,no
2026-10-05T03:44:16.874813Z,KXXRP15M-26OCT042345-45,0.0010,5.00,no
2026-10-05T03:44:16.874813Z,KXXRP15M-26OCT042345-45,0.0010,40.00,no
2026-10-05T03:44:16.874813Z,KXXRP15M-26OCT042345-45,0.0010,34.00,no
2026-10-05T03:44:16.874813Z,KXXRP15M-26OCT042345-45,0.0010,52.98,no
2026-10-05T03:44:16.874813Z,KXXRP15M-26OCT042345-45,0.0010,20.00,no
2026-10-05T03:44:22.723032Z,KXXRP15M-26OCT042345-45,0.0010,1190.00,yes
2026-10-05T03:44:24.076776Z,KXXRP15M-26OCT042345-45,0.0010,44.32,yes
2026-10-05T03:44:25.180133Z,KXXRP15M-26OCT042345-45,0.0010,915.99,yes
2026-10-05T03:44:27.097068Z,KXXRP15M-26OCT042345-45,0.0010,47.14,yes
2026-10-05T03:44:27.108673Z,KXXRP15M-26OCT042345-45,0.0010,1.00,yes
2026-10-05T03:44:36.734656Z,KXXRP15M-26OCT042345-45,0.0010,86.02,yes
2026-10-05T03:44:37.091419Z,KXXRP15M-26OCT042345-45,0.0010,915.99,yes
2026-10-05T03:44:37.25762Z,KXXRP15M-26OCT042345-45,0.0010,458.04,yes
2026-10-05T03:44:40.648551Z,KXXRP15M-26OCT042345-45,0.0010,47.14,yes
2026-10-05T03:44:44.417343Z,KXXRP15M-26OCT042345-45,0.0010,18319.03,yes
2026-10-05T03:44:48.904854Z,KXXRP15M-26OCT042345-45,0.0010,28.17,yes
2026-10-05T03:44:50.256198Z,KXXRP15M-26OCT042345-45,0.0010,30.00,yes
2026-10-05T03:44:52.562177Z,KXXRP15M-26OCT042345-45,0.0010,971.75,yes
2026-10-05T03:44:52.562177Z,KXXRP15M-26OCT042345-45,0.0010,12.00,yes
2026-10-05T03:44:52.562177Z,KXXRP15M-26OCT042345-45,0.0010,139.16,yes
2026-10-05T03:44:52.562177Z,KXXRP15M-26OCT042345-45,0.0010,1625.00,yes
2026-10-05T03:43:36.428395Z,KXPLATINUM15M-26OCT042345-45,0.9900,1.00,yes
2026-10-05T03:43:36.642371Z,KXPLATINUM15M-26OCT042345-45,0.9900,350.00,yes
2026-10-05T03:43:37.963788Z,KXPLATINUM15M-26OCT042345-45,0.9800,16.39,no
2026-10-05T03:43:38.080776Z,KXPLATINUM15M-26OCT042345-45,0.9800,3.56,no
2026-10-05T03:43:38.212542Z,KXPLATINUM15M-26OCT042345-45,0.9800,15.36,no
2026-10-05T03:43:38.697254Z,KXPLATINUM15M-26OCT042345-45,0.9900,20.18,yes
2026-10-05T03:43:38.789905Z,KXPLATINUM15M-26OCT042345-45,0.9900,1.00,yes
2026-10-05T03:43:39.929042Z,KXPLATINUM15M-26OCT042345-45,0.9800,11.69,no
2026-10-05T03:43:45.804986Z,KXPLATINUM15M-26OCT042345-45,0.9900,13.57,yes
2026-10-05T03:43:45.811347Z,KXPLATINUM15M-26OCT042345-45,0.9900,13.46,yes
2026-10-05T03:43:46.44581Z,KXPLATINUM15M-26OCT042345-45,0.9800,46.79,no
2026-10-05T03:43:48.389906Z,KXPLATINUM15M-26OCT042345-45,0.9900,6.46,yes
2026-10-05T03:43:52.15912Z,KXPLATINUM15M-26OCT042345-45,0.9900,252.34,yes
2026-10-05T03:43:52.929952Z,KXPLATINUM15M-26OCT042345-45,0.9900,0.50,yes
2026-10-05T03:43:52.998132Z,KXPLATINUM15M-26OCT042345-45,0.9900,8.99,yes
2026-10-05T03:43:53.074325Z,KXPLATINUM15M-26OCT042345-45,0.9900,12.72,yes
2026-10-05T03:43:54.941731Z,KXPLATINUM15M-26OCT042345-45,0.9800,2.03,no
2026-10-05T03:44:01.332742Z,KXPLATINUM15M-26OCT042345-45,0.9900,9.00,yes
2026-10-05T03:44:01.522699Z,KXPLATINUM15M-26OCT042345-45,0.9900,0.01,yes
2026-10-05T03:44:04.272664Z,KXPLATINUM15M-26OCT042345-45,0.9900,13.89,yes
2026-10-05T03:44:04.27844Z,KXPLATINUM15M-26OCT042345-45,0.9900,14.27,yes
2026-10-05T03:44:06.033297Z,KXPLATINUM15M-26OCT042345-45,0.9900,1.00,yes
2026-10-05T03:44:06.033297Z,KXPLATINUM15M-26OCT042345-45,0.9900,4.05,yes
2026-10-05T03:44:08.956434Z,KXPLATINUM15M-26OCT042345-45,0.9900,3.95,yes
2026-10-05T03:44:08.956434Z,KXPLATINUM15M-26OCT042345-45,0.9900,15.23,yes
2026-10-05T03:44:08.956434Z,KXPLATINUM15M-26OCT042345-45,0.9900,1.00,yes
2026-10-05T03:44:09.895625Z,KXPLATINUM15M-26OCT042345-45,0.9900,5.05,yes
2026-10-05T03:44:10.464179Z,KXPLATINUM15M-26OCT042345-45,0.9900,11.10,yes
2026-10-05T03:44:12.429668Z,KXPLATINUM15M-26OCT042345-45,0.9900,20.00,yes
2026-10-05T03:44:12.429668Z,KXPLATINUM15M-26OCT042345-45,0.9900,68.62,yes
2026-10-05T03:44:12.429668Z,KXPLATINUM15M-26OCT042345-45,0.9900,10.00,yes
2026-10-05T03:44:12.429668Z,KXPLATINUM15M-26OCT042345-45,0.9900,2.00,yes
2026-10-05T03:44:12.429668Z,KXPLATINUM15M-26OCT042345-45,0.9900,2.00,yes
2026-10-05T03:44:12.429668Z,KXPLATINUM15M-26OCT042345-45,0.9900,99.25,yes
2026-10-05T03:44:13.646595Z,KXPLATINUM15M-26OCT042345-45,0.9800,6.69,no
2026-10-05T03:44:14.340436Z,KXPLATINUM15M-26OCT042345-45,0.9900,5.59,yes
2026-10-05T03:44:14.346077Z,KXPLATINUM15M-26OCT042345-45,0.9900,7.91,yes
2026-10-05T03:44:14.357563Z,KXPLATINUM15M-26OCT042345-45,0.9900,9.14,yes
2026-10-05T03:44:14.368267Z,KXPLATINUM15M-26OCT042345-45,0.9900,6.52,yes
2026-10-05T03:44:15.964758Z,KXPLATINUM15M-26OCT042345-45,0.9900,1.00,yes
2026-10-05T03:44:16.713614Z,KXPLATINUM15M-26OCT042345-45,0.9900,11.10,yes
2026-10-05T03:44:17.425136Z,KXPLATINUM15M-26OCT042345-45,0.9900,5.80,yes
2026-10-05T03:44:17.880176Z,KXPLATINUM15M-26OCT042345-45,0.9900,201.87,yes
2026-10-05T03:44:18.729502Z,KXPLATINUM15M-26OCT042345-45,0.9900,252.34,yes
2026-10-05T03:44:20.428792Z,KXPLATINUM15M-26OCT042345-45,0.9900,11.10,yes
2026-10-05T03:44:21.916515Z,KXPLATINUM15M-26OCT042345-45,0.9900,5.33,yes
2026-10-05T03:44:21.920936Z,KXPLATINUM15M-26OCT042345-45,0.9900,98.00,yes
2026-10-05T03:44:22.151716Z,KXPLATINUM15M-26OCT042345-45,0.9900,72.00,yes
2026-10-05T03:44:24.654582Z,KXPLATINUM15M-26OCT042345-45,0.9900,54.00,yes
2026-10-05T03:44:24.742653Z,KXPLATINUM15M-26OCT042345-45,0.9900,4.95,yes
2026-10-05T03:44:24.742653Z,KXPLATINUM15M-26OCT042345-45,0.9900,159.05,yes
2026-10-05T03:44:46.086967Z,KXPLATINUM15M-26OCT042345-45,0.9900,2.91,no
2026-10-05T03:43:33.757093Z,KXPALLADIUM15M-26OCT042345-45,0.8800,7.84,no
2026-10-05T03:43:42.642035Z,KXPALLADIUM15M-26OCT042345-45,0.9200,30.00,no
2026-10-05T03:43:43.684533Z,KXPALLADIUM15M-26OCT042345-45,0.9500,0.62,yes
2026-10-05T03:43:50.081774Z,KXPALLADIUM15M-26OCT042345-45,0.9600,8.00,yes
2026-10-05T03:43:50.081774Z,KXPALLADIUM15M-26OCT042345-45,0.9600,10.00,yes
2026-10-05T03:43:50.081774Z,KXPALLADIUM15M-26OCT042345-45,0.9600,12.37,yes
2026-10-05T03:43:50.081774Z,KXPALLADIUM15M-26OCT042345-45,0.9500,20.00,yes
2026-10-05T03:43:50.081774Z,KXPALLADIUM15M-26OCT042345-45,0.9500,22.00,yes
2026-10-05T03:43:50.081774Z,KXPALLADIUM15M-26OCT042345-45,0.9500,1.00,yes
2026-10-05T03:43:50.081774Z,KXPALLADIUM15M-26OCT042345-45,0.9500,5.00,yes
2026-10-05T03:43:52.739771Z,KXPALLADIUM15M-26OCT042345-45,0.9600,2.31,yes
2026-10-05T03:43:52.739771Z,KXPALLADIUM15M-26OCT042345-45,0.9600,1.00,yes
2026-10-05T03:43:52.739771Z,KXPALLADIUM15M-26OCT042345-45,0.9600,5.00,yes
2026-10-05T03:43:57.108672Z,KXPALLADIUM15M-26OCT042345-45,0.9100,1.04,no
2026-10-05T03:43:59.173944Z,KXPALLADIUM15M-26OCT042345-45,0.9400,5.00,yes
2026-10-05T03:43:59.173944Z,KXPALLADIUM15M-26OCT042345-45,0.9500,16.02,yes
2026-10-05T03:44:05.387016Z,KXPALLADIUM15M-26OCT042345-45,0.9700,8.00,yes
2026-10-05T03:44:05.387016Z,KXPALLADIUM15M-26OCT042345-45,0.9600,5.00,yes
2026-10-05T03:44:05.387016Z,KXPALLADIUM15M-26OCT042345-45,0.9700,13.78,yes
2026-10-05T03:44:05.755239Z,KXPALLADIUM15M-26OCT042345-45,0.9700,4.90,yes
2026-10-05T03:44:05.755239Z,KXPALLADIUM15M-26OCT042345-45,0.9700,1.08,yes
2026-10-05T03:44:05.755239Z,KXPALLADIUM15M-26OCT042345-45,0.9700,3.02,yes
2026-10-05T03:44:12.199334Z,KXPALLADIUM15M-26OCT042345-45,0.9800,0.90,yes
2026-10-05T03:44:12.199334Z,KXPALLADIUM15M-26OCT042345-45,0.9700,0.10,yes
2026-10-05T03:44:12.301154Z,KXPALLADIUM15M-26OCT042345-45,0.9800,14.10,yes
2026-10-05T03:44:12.301154Z,KXPALLADIUM15M-26OCT042345-45,0.9900,138.90,yes
2026-10-05T03:44:12.301154Z,KXPALLADIUM15M-26OCT042345-45,0.9800,8.00,yes
2026-10-05T03:44:12.301154Z,KXPALLADIUM15M-26OCT042345-45,0.9800,1.00,yes
2026-10-05T03:44:12.301154Z,KXPALLADIUM15M-26OCT042345-45,0.9800,30.00,yes
2026-10-05T03:44:12.301154Z,KXPALLADIUM15M-26OCT042345-45,0.9800,3.00,yes
2026-10-05T03:44:12.301154Z,KXPALLADIUM15M-26OCT042345-45,0.9800,5.00,yes
2026-10-05T03:44:12.301154Z,KXPALLADIUM15M-26OCT042345-45,0.9800,30.00,yes
2026-10-05T03:44:12.301154Z,KXPALLADIUM15M-26OCT042345-45,0.9800,60.00,yes
2026-10-05T03:44:12.301154Z,KXPALLADIUM15M-26OCT042345-45,0.9800,60.00,yes
2026-10-05T03:44:14.356314Z,KXPALLADIUM15M-26OCT042345-45,0.9800,6.35,yes
2026-10-05T03:44:15.49884Z,KXPALLADIUM15M-26OCT042345-45,0.9800,3.10,yes
2026-10-05T03:44:15.49884Z,KXPALLADIUM15M-26OCT042345-45,0.9800,2.00,yes
2026-10-05T03:44:15.938785Z,KXPALLADIUM15M-26OCT042345-45,0.9800,1.00,yes
2026-10-05T03:44:16.02848Z,KXPALLADIUM15M-26OCT042345-45,0.9800,0.90,yes
2026-10-05T03:44:16.774998Z,KXPALLADIUM15M-26OCT042345-45,0.9900,1.00,yes
2026-10-05T03:44:16.774998Z,KXPALLADIUM15M-26OCT042345-45,0.9900,3.01,yes
2026-10-05T03:44:16.774998Z,KXPALLADIUM15M-26OCT042345-45,0.9900,1.00,yes
2026-10-05T03:44:17.096908Z,KXPALLADIUM15M-26OCT042345-45,0.9900,5.70,yes
2026-10-05T03:44:17.492881Z,KXPALLADIUM15M-26OCT042345-45,0.9900,5.76,yes
2026-10-05T03:44:17.978602Z,KXPALLADIUM15M-26OCT042345-45,0.9900,0.09,yes
2026-10-05T03:44:17.978602Z,KXPALLADIUM15M-26OCT042345-45,0.9900,5.53,yes
2026-10-05T03:44:18.515606Z,KXPALLADIUM15M-26OCT042345-45,0.9900,5.03,yes
2026-10-05T03:44:19.199664Z,KXPALLADIUM15M-26OCT042345-45,0.9900,5.02,yes
2026-10-05T03:44:20.533148Z,KXPALLADIUM15M-26OCT042345-45,0.9900,0.01,yes
2026-10-05T03:44:22.259062Z,KXPALLADIUM15M-26OCT042345-45,0.9900,5.75,yes
2026-10-05T03:44:23.201427Z,KXPALLADIUM15M-26OCT042345-45,0.9900,5.39,yes
2026-10-05T03:44:23.743831Z,KXPALLADIUM15M-26OCT042345-45,0.9700,0.52,no
2026-10-05T03:44:23.743831Z,KXPALLADIUM15M-26OCT042345-45,0.9800,0.01,no
2026-10-05T03:44:24.268665Z,KXPALLADIUM15M-26OCT042345-45,0.9900,5.25,yes
2026-10-05T03:44:25.590474Z,KXPALLADIUM15M-26OCT042345-45,0.9900,5.20,yes
2026-10-05T03:44:26.334551Z,KXPALLADIUM15M-26OCT042345-45,0.9900,6.05,yes
2026-10-05T03:44:26.610894Z,KXPALLADIUM15M-26OCT042345-45,0.9900,62.21,yes
2026-10-05T03:44:26.610894Z,KXPALLADIUM15M-26OCT042345-45,0.9900,10.00,yes
2026-10-05T03:44:26.610894Z,KXPALLADIUM15M-26OCT042345-45,0.9900,2.00,yes
2026-10-05T03:44:26.610894Z,KXPALLADIUM15M-26OCT042345-45,0.9900,2.00,yes
2026-10-05T03:44:26.610894Z,KXPALLADIUM15M-26OCT042345-45,0.9900,1.94,yes
2026-10-05T03:44:26.610894Z,KXPALLADIUM15M-26OCT042345-45,0.9900,4.00,yes
2026-10-05T03:44:27.385343Z,KXPALLADIUM15M-26OCT042345-45,0.9900,15.46,no
2026-10-05T03:44:33.481148Z,KXPALLADIUM15M-26OCT042345-45,0.9900,21.00,no
2026-10-05T03:44:35.725459Z,KXPALLADIUM15M-26OCT042345-45,0.9900,8.31,no
2026-10-05T03:44:50.539952Z,KXPALLADIUM15M-26OCT042345-45,0.9900,93.51,no
2026-10-05T03:43:50.095602Z,KXSILVER15M-26OCT042345-45,0.7300,12.61,no
2026-10-05T03:43:50.095602Z,KXSILVER15M-26OCT042345-45,0.7300,5.00,no
2026-10-05T03:43:50.25625Z,KXSILVER15M-26OCT042345-45,0.7400,144.79,yes
2026-10-05T03:43:50.314356Z,KXSILVER15M-26OCT042345-45,0.7300,5.00,no
2026-10-05T03:43:50.314356Z,KXSILVER15M-26OCT042345-45,0.7300,106.00,no
2026-10-05T03:43:51.513921Z,KXSILVER15M-26OCT042345-45,0.7500,7.55,yes
2026-10-05T03:43:53.080584Z,KXSILVER15M-26OCT042345-45,0.8000,10.00,no
2026-10-05T03:43:53.08684Z,KXSILVER15M-26OCT042345-45,0.8000,5.85,no
2026-10-05T03:43:53.099189Z,KXSILVER15M-26OCT042345-45,0.8000,1000.00,no
2026-10-05T03:43:54.093031Z,KXSILVER15M-26OCT042345-45,0.7800,25.25,yes
2026-10-05T03:43:54.255877Z,KXSILVER15M-26OCT042345-45,0.7700,2.35,no
2026-10-05T03:43:54.327795Z,KXSILVER15M-26OCT042345-45,0.7700,61.88,no
2026-10-05T03:43:54.370205Z,KXSILVER15M-26OCT042345-45,0.7700,20.62,no
2026-10-05T03:43:54.434759Z,KXSILVER15M-26OCT042345-45,0.7700,13.11,no
2026-10-05T03:43:54.436043Z,KXSILVER15M-26OCT042345-45,0.7700,10.00,no
2026-10-05T03:43:54.436745Z,KXSILVER15M-26OCT042345-45,0.7500,100.00,no
2026-10-05T03:43:54.437368Z,KXSILVER15M-26OCT042345-45,0.7300,3.00,no
2026-10-05T03:43:54.437368Z,KXSILVER15M-26OCT042345-45,0.7300,5.00,no
2026-10-05T03:43:54.789189Z,KXSILVER15M-26OCT042345-45,0.7600,13.21,yes
2026-10-05T03:43:54.883576Z,KXSILVER15M-26OCT042345-45,0.7300,17.61,no
2026-10-05T03:43:54.898094Z,KXSILVER15M-26OCT042345-45,0.7300,811.90,no
2026-10-05T03:43:54.900271Z,KXSILVER15M-26OCT042345-45,0.7300,7.86,no
2026-10-05T03:43:54.907829Z,KXSILVER15M-26OCT042345-45,0.7100,60.00,no
2026-10-05T03:43:54.907829Z,KXSILVER15M-26OCT042345-45,0.7100,30.00,no
2026-10-05T03:43:55.119019Z,KXSILVER15M-26OCT042345-45,0.6400,586.84,yes
2026-10-05T03:43:55.233289Z,KXSILVER15M-26OCT042345-45,0.6400,3.88,yes
2026-10-05T03:43:55.242406Z,KXSILVER15M-26OCT042345-45,0.6400,1000.00,yes
2026-10-05T03:43:56.065955Z,KXSILVER15M-26OCT042345-45,0.7000,15.00,yes
2026-10-05T03:43:56.065955Z,KXSILVER15M-26OCT042345-45,0.7000,19.97,yes
2026-10-05T03:43:56.200608Z,KXSILVER15M-26OCT042345-45,0.7100,52.00,yes
2026-10-05T03:43:56.200608Z,KXSILVER15M-26OCT042345-45,0.7000,60.00,yes
2026-10-05T03:43:56.200608Z,KXSILVER15M-26OCT042345-45,0.7000,30.00,yes
2026-10-05T03:43:56.200608Z,KXSILVER15M-26OCT042345-45,0.7000,3.00,yes
2026-10-05T03:43:56.200608Z,KXSILVER15M-26OCT042345-45,0.7000,10.00,yes
2026-10-05T03:43:56.460999Z,KXSILVER15M-26OCT042345-45,0.7300,16.74,yes
2026-10-05T03:43:56.575994Z,KXSILVER15M-26OCT042345-45,0.6800,1.00,no
2026-10-05T03:43:57.435849Z,KXSILVER15M-26OCT042345-45,0.6900,3.00,yes
2026-10-05T03:43:57.435849Z,KXSILVER15M-26OCT042345-45,0.6900,8.00,yes
2026-10-05T03:43:57.467265Z,KXSILVER15M-26OCT042345-45,0.7100,5.89,no
2026-10-05T03:43:57.812421Z,KXSILVER15M-26OCT042345-45,0.7300,6.72,yes
2026-10-05T03:43:58.441284Z,KXSILVER15M-26OCT042345-45,0.7400,10.00,no
2026-10-05T03:43:58.441284Z,KXSILVER15M-26OCT042345-45,0.7400,87.00,no
2026-10-05T03:43:58.544906Z,KXSILVER15M-26OCT042345-45,0.7300,13.00,yes
2026-10-05T03:43:58.707651Z,KXSILVER15M-26OCT042345-45,0.6900,191.00,no
2026-10-05T03:43:58.707651Z,KXSILVER15M-26OCT042345-45,0.6900,3.00,no
2026-10-05T03:43:59.061047Z,KXSILVER15M-26OCT042345-45,0.6800,14.28,yes
2026-10-05T03:43:59.150606Z,KXSILVER15M-26OCT042345-45,0.6500,49.18,no
2026-10-05T03:43:59.853421Z,KXSILVER15M-26OCT042345-45,0.6800,9.96,yes
2026-10-05T03:44:00.051613Z,KXSILVER15M-26OCT042345-45,0.6900,13.66,yes
2026-10-05T03:44:00.061794Z,KXSILVER15M-26OCT042345-45,0.6900,10.00,yes
2026-10-05T03:44:00.061794Z,KXSILVER15M-26OCT042345-45,0.6900,3.00,yes
2026-10-05T03:44:00.061794Z,KXSILVER15M-26OCT042345-45,0.6900,48.00,yes
2026-10-05T03:44:00.630587Z,KXSILVER15M-26OCT042345-45,0.7500,34.15,yes
2026-10-05T03:44:00.681967Z,KXSILVER15M-26OCT042345-45,0.7400,0.01,no
2026-10-05T03:44:00.681967Z,KXSILVER15M-26OCT042345-45,0.7400,10.00,no
2026-10-05T03:44:00.780248Z,KXSILVER15M-26OCT042345-45,0.7500,2.52,yes
2026-10-05T03:44:03.239479Z,KXSILVER15M-26OCT042345-45,0.7300,30.23,no
2026-10-05T03:44:03.239479Z,KXSILVER15M-26OCT042345-45,0.7300,2.00,no
2026-10-05T03:44:03.239479Z,KXSILVER15M-26OCT042345-45,0.7300,3.00,no
2026-10-05T03:44:03.599493Z,KXSILVER15M-26OCT042345-45,0.7600,5.00,yes
2026-10-05T03:44:03.599493Z,KXSILVER15M-26OCT042345-45,0.7500,2.00,yes
2026-10-05T03:44:03.599493Z,KXSILVER15M-26OCT042345-45,0.7600,0.31,yes
2026-10-05T03:44:03.599493Z,KXSILVER15M-26OCT042345-45,0.7600,3.00,yes
2026-10-05T03:44:04.214981Z,KXSILVER15M-26OCT042345-45,0.7600,3.52,no
2026-10-05T03:44:04.2738Z,KXSILVER15M-26OCT042345-45,0.7900,63.00,yes
2026-10-05T03:44:04.301134Z,KXSILVER15M-26OCT042345-45,0.7800,6.00,no
2026-10-05T03:44:04.331439Z,KXSILVER15M-26OCT042345-45,0.7800,0.91,no
2026-10-05T03:44:04.436585Z,KXSILVER15M-26OCT042345-45,0.7800,7.00,no
2026-10-05T03:44:04.436585Z,KXSILVER15M-26OCT042345-45,0.7300,56.12,no
2026-10-05T03:44:04.436585Z,KXSILVER15M-26OCT042345-45,0.7400,3.00,no
2026-10-05T03:44:04.436585Z,KXSILVER15M-26OCT042345-45,0.7600,60.00,no
2026-10-05T03:44:05.353093Z,KXSILVER15M-26OCT042345-45,0.7800,0.32,yes
2026-10-05T03:44:06.113163Z,KXSILVER15M-26OCT042345-45,0.7700,2.31,no
2026-10-05T03:44:06.113163Z,KXSILVER15M-26OCT042345-45,0.8000,2.00,no
2026-10-05T03:44:06.484362Z,KXSILVER15M-26OCT042345-45,0.7800,0.46,no
2026-10-05T03:44:06.54462Z,KXSILVER15M-26OCT042345-45,0.8100,29.24,yes
2026-10-05T03:44:07.007045Z,KXSILVER15M-26OCT042345-45,0.8200,3.57,yes
2026-10-05T03:44:07.770957Z,KXSILVER15M-26OCT042345-45,0.8300,2.38,yes
2026-10-05T03:44:08.186014Z,KXSILVER15M-26OCT042345-45,0.8100,7.29,no
2026-10-05T03:44:08.718121Z,KXSILVER15M-26OCT042345-45,0.8100,49.80,no
2026-10-05T03:44:09.295203Z,KXSILVER15M-26OCT042345-45,0.8200,1.43,yes
2026-10-05T03:44:09.526823Z,KXSILVER15M-26OCT042345-45,0.8000,2.00,no
2026-10-05T03:44:09.526823Z,KXSILVER15M-26OCT042345-45,0.8000,21.67,no
2026-10-05T03:44:09.972258Z,KXSILVER15M-26OCT042345-45,0.8100,6.02,yes
2026-10-05T03:44:10.479762Z,KXSILVER15M-26OCT042345-45,0.8100,0.54,yes
2026-10-05T03:44:11.128052Z,KXSILVER15M-26OCT042345-45,0.8100,17.61,yes
2026-10-05T03:44:11.13349Z,KXSILVER15M-26OCT042345-45,0.8100,17.05,yes
2026-10-05T03:44:11.323442Z,KXSILVER15M-26OCT042345-45,0.8100,33.64,yes
2026-10-05T03:44:11.323442Z,KXSILVER15M-26OCT042345-45,0.8100,3.00,yes
2026-10-05T03:44:11.323442Z,KXSILVER15M-26OCT042345-45,0.8100,6.00,yes
2026-10-05T03:44:11.491832Z,KXSILVER15M-26OCT042345-45,0.8000,0.01,no
2026-10-05T03:44:11.491832Z,KXSILVER15M-26OCT042345-45,0.8000,2.00,no
2026-10-05T03:44:11.491832Z,KXSILVER15M-26OCT042345-45,0.7600,2.16,no
2026-10-05T03:44:11.61065Z,KXSILVER15M-26OCT042345-45,0.8100,5.85,yes
2026-10-05T03:44:11.959535Z,KXSILVER15M-26OCT042345-45,0.8100,6.09,yes
2026-10-05T03:44:12.699522Z,KXSILVER15M-26OCT042345-45,0.8000,2.00,yes
2026-10-05T03:44:12.699522Z,KXSILVER15M-26OCT042345-45,0.8000,17.50,yes
2026-10-05T03:44:12.706304Z,KXSILVER15M-26OCT042345-45,0.8000,12.32,yes
2026-10-05T03:44:12.726121Z,KXSILVER15M-26OCT042345-45,0.7700,2.00,no
2026-10-05T03:44:12.726121Z,KXSILVER15M-26OCT042345-45,0.7700,2.12,no
2026-10-05T03:44:13.223149Z,KXSILVER15M-26OCT042345-45,0.8000,33.18,yes
2026-10-05T03:44:13.223149Z,KXSILVER15M-26OCT042345-45,0.8100,37.58,yes
2026-10-05T03:44:13.223149Z,KXSILVER15M-26OCT042345-45,0.8100,3.00,yes
2026-10-05T03:44:13.223149Z,KXSILVER15M-26OCT042345-45,0.8100,5.00,yes
2026-10-05T03:44:13.320422Z,KXSILVER15M-26OCT042345-45,0.7600,6.00,no
2026-10-05T03:44:13.320422Z,KXSILVER15M-26OCT042345-45,0.7600,20.00,no
2026-10-05T03:44:13.437339Z,KXSILVER15M-26OCT042345-45,0.8000,24.65,yes
2026-10-05T03:44:14.335807Z,KXSILVER15M-26OCT042345-45,0.8000,5.00,yes
2026-10-05T03:44:14.335807Z,KXSILVER15M-26OCT042345-45,0.8000,3.00,yes
2026-10-05T03:44:14.335807Z,KXSILVER15M-26OCT042345-45,0.8100,39.00,yes
2026-10-05T03:44:14.35741Z,KXSILVER15M-26OCT042345-45,0.8300,1.00,yes
2026-10-05T03:44:14.357911Z,KXSILVER15M-26OCT042345-45,0.8800,3.00,yes
2026-10-05T03:44:14.357911Z,KXSILVER15M-26OCT042345-45,0.8900,14.35,yes
2026-10-05T03:44:14.360845Z,KXSILVER15M-26OCT042345-45,0.8900,61.92,yes
2026-10-05T03:44:14.361597Z,KXSILVER15M-26OCT042345-45,0.8900,13.73,yes
2026-10-05T03:44:14.361669Z,KXSILVER15M-26OCT042345-45,0.9000,47.66,yes
2026-10-05T03:44:14.362076Z,KXSILVER15M-26OCT042345-45,0.9000,2.34,yes
2026-10-05T03:44:14.362076Z,KXSILVER15M-26OCT042345-45,0.8900,3.00,yes
2026-10-05T03:44:14.362076Z,KXSILVER15M-26OCT042345-45,0.9000,53.66,yes
2026-10-05T03:44:14.362087Z,KXSILVER15M-26OCT042345-45,0.9000,11.35,yes
2026-10-05T03:44:14.362306Z,KXSILVER15M-26OCT042345-45,0.9000,23.18,yes
2026-10-05T03:44:14.362816Z,KXSILVER15M-26OCT042345-45,0.9100,0.02,yes
2026-10-05T03:44:14.362816Z,KXSILVER15M-26OCT042345-45,0.9100,9.52,yes
2026-10-05T03:44:14.362816Z,KXSILVER15M-26OCT042345-45,0.9000,1.81,yes
2026-10-05T03:44:14.364541Z,KXSILVER15M-26OCT042345-45,0.8800,3.00,yes
2026-10-05T03:44:14.368395Z,KXSILVER15M-26OCT042345-45,0.9100,15.73,yes
2026-10-05T03:44:14.368395Z,KXSILVER15M-26OCT042345-45,0.9090,2.00,yes
2026-10-05T03:44:14.368395Z,KXSILVER15M-26OCT042345-45,0.9100,39.32,yes
2026-10-05T03:44:14.368583Z,KXSILVER15M-26OCT042345-45,0.9100,17.35,yes
2026-10-05T03:44:14.369035Z,KXSILVER15M-26OCT042345-45,0.9100,33.33,yes
2026-10-05T03:44:14.369973Z,KXSILVER15M-26OCT042345-45,0.9180,78.50,yes
2026-10-05T03:44:14.369973Z,KXSILVER15M-26OCT042345-45,0.9170,3.00,yes
2026-10-05T03:44:14.370448Z,KXSILVER15M-26OCT042345-45,0.9180,23.59,yes
2026-10-05T03:44:14.376109Z,KXSILVER15M-26OCT042345-45,0.9180,47.00,yes
2026-10-05T03:44:14.376712Z,KXSILVER15M-26OCT042345-45,0.9180,44.00,yes
2026-10-05T03:44:14.376712Z,KXSILVER15M-26OCT042345-45,0.9170,3.00,yes
2026-10-05T03:44:14.37742Z,KXSILVER15M-26OCT042345-45,0.9180,31.91,yes
2026-10-05T03:44:14.37742Z,KXSILVER15M-26OCT042345-45,0.9180,3.00,yes
2026-10-05T03:44:14.465876Z,KXSILVER15M-26OCT042345-45,0.9290,42.00,no
2026-10-05T03:44:14.465876Z,KXSILVER15M-26OCT042345-45,0.9290,6.00,no
2026-10-05T03:44:14.465876Z,KXSILVER15M-26OCT042345-45,0.9280,110.15,no
2026-10-05T03:44:14.650034Z,KXSILVER15M-26OCT042345-45,0.9280,133.00,no
2026-10-05T03:44:15.303269Z,KXSILVER15M-26OCT042345-45,0.9300,9.06,yes
2026-10-05T03:44:15.303269Z,KXSILVER15M-26OCT042345-45,0.9300,0.67,yes
2026-10-05T03:44:15.303269Z,KXSILVER15M-26OCT042345-45,0.9300,4.81,yes
2026-10-05T03:44:15.659729Z,KXSILVER15M-26OCT042345-45,0.9290,60.00,no
2026-10-05T03:44:15.659729Z,KXSILVER15M-26OCT042345-45,0.9290,30.00,no
2026-10-05T03:44:15.659729Z,KXSILVER15M-26OCT042345-45,0.9290,1.00,no
2026-10-05T03:44:15.798631Z,KXSILVER15M-26OCT042345-45,0.9300,1.07,yes
2026-10-05T03:44:15.884127Z,KXSILVER15M-26OCT042345-45,0.9500,2.00,yes
2026-10-05T03:44:15.884127Z,KXSILVER15M-26OCT042345-45,0.9500,3.00,yes
2026-10-05T03:44:15.884127Z,KXSILVER15M-26OCT042345-45,0.9500,5.00,yes
2026-10-05T03:44:15.884127Z,KXSILVER15M-26OCT042345-45,0.9500,1.00,yes
2026-10-05T03:44:15.884127Z,KXSILVER15M-26OCT042345-45,0.9500,17.24,yes
2026-10-05T03:44:15.884127Z,KXSILVER15M-26OCT042345-45,0.9300,7.83,yes
2026-10-05T03:44:15.884127Z,KXSILVER15M-26OCT042345-45,0.9400,7.48,yes
2026-10-05T03:44:15.884127Z,KXSILVER15M-26OCT042345-45,0.9500,5.63,yes
2026-10-05T03:44:15.963614Z,KXSILVER15M-26OCT042345-45,0.9290,4.13,no
2026-10-05T03:44:16.112585Z,KXSILVER15M-26OCT042345-45,0.9370,3.41,no
2026-10-05T03:44:16.207833Z,KXSILVER15M-26OCT042345-45,0.9580,2.09,yes
2026-10-05T03:44:16.355631Z,KXSILVER15M-26OCT042345-45,0.9370,1.04,yes
2026-10-05T03:44:16.365496Z,KXSILVER15M-26OCT042345-45,0.9370,11.50,yes
2026-10-05T03:44:16.400135Z,KXSILVER15M-26OCT042345-45,0.9370,52.00,yes
2026-10-05T03:44:16.98636Z,KXSILVER15M-26OCT042345-45,0.9530,5.16,yes
2026-10-05T03:44:17.006459Z,KXSILVER15M-26OCT042345-45,0.9530,5.16,yes
2026-10-05T03:44:17.284542Z,KXSILVER15M-26OCT042345-45,0.9380,1.00,no
2026-10-05T03:44:17.284542Z,KXSILVER15M-26OCT042345-45,0.9380,2.85,no
2026-10-05T03:44:17.30458Z,KXSILVER15M-26OCT042345-45,0.9380,7.22,no
2026-10-05T03:44:17.580513Z,KXSILVER15M-26OCT042345-45,0.9380,2.72,no
2026-10-05T03:44:17.580513Z,KXSILVER15M-26OCT042345-45,0.9380,10.93,no
2026-10-05T03:44:17.59704Z,KXSILVER15M-26OCT042345-45,0.9380,6.02,no
2026-10-05T03:44:17.79208Z,KXSILVER15M-26OCT042345-45,0.9580,15.00,yes
2026-10-05T03:44:17.83373Z,KXSILVER15M-26OCT042345-45,0.9320,60.00,no
2026-10-05T03:44:17.83373Z,KXSILVER15M-26OCT042345-45,0.9320,30.00,no
2026-10-05T03:44:17.83373Z,KXSILVER15M-26OCT042345-45,0.9320,30.00,no
2026-10-05T03:44:17.83373Z,KXSILVER15M-26OCT042345-45,0.9320,24.79,no
2026-10-05T03:44:18.513738Z,KXSILVER15M-26OCT042345-45,0.9580,5.30,yes
2026-10-05T03:44:18.713129Z,KXSILVER15M-26OCT042345-45,0.9580,1.00,yes
2026-10-05T03:44:18.964079Z,KXSILVER15M-26OCT042345-45,0.9310,3.67,no
2026-10-05T03:44:20.047756Z,KXSILVER15M-26OCT042345-45,0.9380,26.44,no
2026-10-05T03:44:20.140852Z,KXSILVER15M-26OCT042345-45,0.9380,34.50,no
2026-10-05T03:44:20.923526Z,KXSILVER15M-26OCT042345-45,0.9580,30.00,yes
2026-10-05T03:44:21.883114Z,KXSILVER15M-26OCT042345-45,0.9570,19.50,no
2026-10-05T03:44:21.963339Z,KXSILVER15M-26OCT042345-45,0.9700,1.00,yes
2026-10-05T03:44:21.963339Z,KXSILVER15M-26OCT042345-45,0.9600,1.00,yes
2026-10-05T03:44:21.963339Z,KXSILVER15M-26OCT042345-45,0.9690,4.00,yes
2026-10-05T03:44:21.963339Z,KXSILVER15M-26OCT042345-45,0.9600,1.11,yes
2026-10-05T03:44:21.963339Z,KXSILVER15M-26OCT042345-45,0.9610,2.00,yes
2026-10-05T03:44:21.963339Z,KXSILVER15M-26OCT042345-45,0.9700,10.68,yes
2026-10-05T03:44:21.987038Z,KXSILVER15M-26OCT042345-45,0.9690,10.89,no
2026-10-05T03:44:22.929748Z,KXSILVER15M-26OCT042345-45,0.9700,5.00,yes
2026-10-05T03:44:23.004629Z,KXSILVER15M-26OCT042345-45,0.9690,44.73,no
2026-10-05T03:44:23.801945Z,KXSILVER15M-26OCT042345-45,0.9670,78.76,no
2026-10-05T03:44:23.848935Z,KXSILVER15M-26OCT042345-45,0.9700,9.00,yes
2026-10-05T03:44:24.374804Z,KXSILVER15M-26OCT042345-45,0.9680,2.52,no
2026-10-05T03:44:25.575049Z,KXSILVER15M-26OCT042345-45,0.9680,7.15,no
2026-10-05T03:44:25.847587Z,KXSILVER15M-26OCT042345-45,0.9700,6.71,yes
2026-10-05T03:44:25.847587Z,KXSILVER15M-26OCT042345-45,0.9700,75.00,yes
2026-10-05T03:44:25.847587Z,KXSILVER15M-26OCT042345-45,0.9700,0.32,yes
2026-10-05T03:44:26.424245Z,KXSILVER15M-26OCT042345-45,0.9680,50.15,no
2026-10-05T03:44:26.424245Z,KXSILVER15M-26OCT042345-45,0.9680,5.00,no
2026-10-05T03:44:26.424245Z,KXSILVER15M-26OCT042345-45,0.9680,7.85,no
2026-10-05T03:44:26.61509Z,KXSILVER15M-26OCT042345-45,0.9680,29.24,no
2026-10-05T03:44:26.774966Z,KXSILVER15M-26OCT042345-45,0.9730,21.00,yes
2026-10-05T03:44:26.774966Z,KXSILVER15M-26OCT042345-45,0.9700,0.01,yes
2026-10-05T03:44:27.308765Z,KXSILVER15M-26OCT042345-45,0.9770,146.33,no
2026-10-05T03:44:27.364454Z,KXSILVER15M-26OCT042345-45,0.9780,1.00,yes
2026-10-05T03:44:27.364454Z,KXSILVER15M-26OCT042345-45,0.9780,36.00,yes
2026-10-05T03:44:27.554049Z,KXSILVER15M-26OCT042345-45,0.9800,1.00,yes
2026-10-05T03:44:27.554049Z,KXSILVER15M-26OCT042345-45,0.9790,34.00,yes
2026-10-05T03:44:27.554049Z,KXSILVER15M-26OCT042345-45,0.9800,50.00,yes
2026-10-05T03:44:27.662279Z,KXSILVER15M-26OCT042345-45,0.9770,203.47,no
2026-10-05T03:44:27.696977Z,KXSILVER15M-26OCT042345-45,0.9770,81.39,no
2026-10-05T03:44:28.450758Z,KXSILVER15M-26OCT042345-45,0.9870,1.00,yes
2026-10-05T03:44:28.472948Z,KXSILVER15M-26OCT042345-45,0.9770,40.69,no
2026-10-05T03:44:28.856652Z,KXSILVER15M-26OCT042345-45,0.9870,5.06,yes
2026-10-05T03:44:28.953857Z,KXSILVER15M-26OCT042345-45,0.9770,0.32,no
2026-10-05T03:44:28.98066Z,KXSILVER15M-26OCT042345-45,0.9870,10.12,yes
2026-10-05T03:44:29.908081Z,KXSILVER15M-26OCT042345-45,0.9870,1.01,yes
2026-10-05T03:44:29.998245Z,KXSILVER15M-26OCT042345-45,0.9870,65.18,yes
2026-10-05T03:44:30.91918Z,KXSILVER15M-26OCT042345-45,0.9780,7.77,no
2026-10-05T03:44:30.91918Z,KXSILVER15M-26OCT042345-45,0.9780,8.00,no
2026-10-05T03:44:30.91918Z,KXSILVER15M-26OCT042345-45,0.9780,1.00,no
2026-10-05T03:44:30.998649Z,KXSILVER15M-26OCT042345-45,0.9870,64.00,yes
2026-10-05T03:44:31.075373Z,KXSILVER15M-26OCT042345-45,0.9870,11.50,no
2026-10-05T03:44:32.153339Z,KXSILVER15M-26OCT042345-45,0.9880,3.03,yes
2026-10-05T03:44:33.024972Z,KXSILVER15M-26OCT042345-45,0.9890,10.00,yes
2026-10-05T03:44:33.024972Z,KXSILVER15M-26OCT042345-45,0.9890,1.00,yes
2026-10-05T03:44:33.024972Z,KXSILVER15M-26OCT042345-45,0.9890,20.00,yes
2026-10-05T03:44:33.024972Z,KXSILVER15M-26OCT042345-45,0.9890,2.69,yes
2026-10-05T03:44:33.248231Z,KXSILVER15M-26OCT042345-45,0.9870,7.19,no
2026-10-05T03:44:33.564381Z,KXSILVER15M-26OCT042345-45,0.9890,97.31,yes
2026-10-05T03:44:33.564381Z,KXSILVER15M-26OCT042345-45,0.9890,1.99,yes
2026-10-05T03:44:33.564381Z,KXSILVER15M-26OCT042345-45,0.9890,2.00,yes
2026-10-05T03:44:33.569111Z,KXSILVER15M-26OCT042345-45,0.9890,0.01,yes
2026-10-05T03:44:33.574688Z,KXSILVER15M-26OCT042345-45,0.9900,200.00,yes
2026-10-05T03:44:33.574688Z,KXSILVER15M-26OCT042345-45,0.9900,2.00,yes
2026-10-05T03:44:33.574688Z,KXSILVER15M-26OCT042345-45,0.9900,100.00,yes
2026-10-05T03:44:33.574688Z,KXSILVER15M-26OCT042345-45,0.9900,7.97,yes
2026-10-05T03:44:33.574688Z,KXSILVER15M-26OCT042345-45,0.9900,7.97,yes
2026-10-05T03:44:33.574688Z,KXSILVER15M-26OCT042345-45,0.9900,12.50,yes
2026-10-05T03:44:33.574688Z,KXSILVER15M-26OCT042345-45,0.9900,12.32,yes
2026-10-05T03:44:33.574688Z,KXSILVER15M-26OCT042345-45,0.9900,43.99,yes
2026-10-05T03:44:33.574688Z,KXSILVER15M-26OCT042345-45,0.9900,24.65,yes
2026-10-05T03:44:33.574688Z,KXSILVER15M-26OCT042345-45,0.9900,2.42,yes
2026-10-05T03:44:33.574688Z,KXSILVER15M-26OCT042345-45,0.9900,25.88,yes
2026-10-05T03:44:33.574688Z,KXSILVER15M-26OCT042345-45,0.9900,1.45,yes
2026-10-05T03:44:33.574688Z,KXSILVER15M-26OCT042345-45,0.9900,6.38,yes
2026-10-05T03:44:33.574688Z,KXSILVER15M-26OCT042345-45,0.9900,2.46,yes
2026-10-05T03:44:33.574688Z,KXSILVER15M-26OCT042345-45,0.9900,17.24,yes
2026-10-05T03:44:33.574688Z,KXSILVER15M-26OCT042345-45,0.9900,1.16,yes
2026-10-05T03:44:33.574688Z,KXSILVER15M-26OCT042345-45,0.9900,8.33,yes
2026-10-05T03:44:34.415597Z,KXSILVER15M-26OCT042345-45,0.9880,7.00,no
2026-10-05T03:44:34.415597Z,KXSILVER15M-26OCT042345-45,0.9880,89.00,no
2026-10-05T03:44:34.716238Z,KXSILVER15M-26OCT042345-45,0.9940,4.12,yes
2026-10-05T03:44:36.296095Z,KXSILVER15M-26OCT042345-45,0.9880,112.05,no
2026-10-05T03:44:36.296095Z,KXSILVER15M-26OCT042345-45,0.9880,277.66,no
2026-10-05T03:44:36.32654Z,KXSILVER15M-26OCT042345-45,0.9950,3.00,yes
2026-10-05T03:44:36.3359Z,KXSILVER15M-26OCT042345-45,0.9950,15.00,yes
2026-10-05T03:44:37.112161Z,KXSILVER15M-26OCT042345-45,0.9880,86.21,no
2026-10-05T03:44:37.759516Z,KXSILVER15M-26OCT042345-45,0.9950,50.23,yes
2026-10-05T03:44:38.258206Z,KXSILVER15M-26OCT042345-45,0.9980,294.85,yes
2026-10-05T03:44:38.258206Z,KXSILVER15M-26OCT042345-45,0.9950,131.77,yes
2026-10-05T03:44:38.258206Z,KXSILVER15M-26OCT042345-45,0.9970,6.00,yes
2026-10-05T03:44:38.258206Z,KXSILVER15M-26OCT042345-45,0.9950,48.00,yes
2026-10-05T03:44:38.258206Z,KXSILVER15M-26OCT042345-45,0.9970,0.88,yes
2026-10-05T03:44:38.394686Z,KXSILVER15M-26OCT042345-45,0.9980,23.67,yes
2026-10-05T03:44:38.536147Z,KXSILVER15M-26OCT042345-45,0.9980,237.07,yes
2026-10-05T03:44:39.517148Z,KXSILVER15M-26OCT042345-45,0.9970,30.53,no
2026-10-05T03:44:39.987555Z,KXSILVER15M-26OCT042345-45,0.9970,305.35,no
2026-10-05T03:44:41.630471Z,KXSILVER15M-26OCT042345-45,0.9980,26.87,yes
2026-10-05T03:44:42.256859Z,KXSILVER15M-26OCT042345-45,0.9970,305.35,no
2026-10-05T03:44:42.761711Z,KXSILVER15M-26OCT042345-45,0.9970,97.02,no
2026-10-05T03:44:42.761711Z,KXSILVER15M-26OCT042345-45,0.9970,58.77,no
2026-10-05T03:44:44.070061Z,KXSILVER15M-26OCT042345-45,0.9980,17.54,yes
2026-10-05T03:44:44.070061Z,KXSILVER15M-26OCT042345-45,0.9980,1.00,yes
2026-10-05T03:44:44.070061Z,KXSILVER15M-26OCT042345-45,0.9980,1.00,yes
2026-10-05T03:44:44.070061Z,KXSILVER15M-26OCT042345-45,0.9980,30.46,yes
2026-10-05T03:44:44.949738Z,KXSILVER15M-26OCT042345-45,0.9990,500.00,yes
2026-10-05T03:44:46.747321Z,KXSILVER15M-26OCT042345-45,0.9980,327.14,no
2026-10-05T03:44:47.201933Z,KXSILVER15M-26OCT042345-45,0.9990,1.00,yes
2026-10-05T03:44:47.201933Z,KXSILVER15M-26OCT042345-45,0.9990,10.00,yes
2026-10-05T03:44:47.201933Z,KXSILVER15M-26OCT042345-45,0.9990,5.00,yes
2026-10-05T03:44:47.201933Z,KXSILVER15M-26OCT042345-45,0.9990,72.00,yes
2026-10-05T03:44:47.235105Z,KXSILVER15M-26OCT042345-45,0.9990,2.00,yes
2026-10-05T03:44:48.607499Z,KXSILVER15M-26OCT042345-45,0.9990,33.00,yes
2026-10-05T03:44:48.81418Z,KXSILVER15M-26OCT042345-45,0.9980,114.50,no
2026-10-05T03:44:49.519255Z,KXSILVER15M-26OCT042345-45,0.9990,25.00,yes
2026-10-05T03:44:50.141628Z,KXSILVER15M-26OCT042345-45,0.9990,10.00,yes
2026-10-05T03:44:50.141628Z,KXSILVER15M-26OCT042345-45,0.9990,1.00,yes
2026-10-05T03:44:50.966387Z,KXSILVER15M-26OCT042345-45,0.9980,33.00,no
2026-10-05T03:44:50.966387Z,KXSILVER15M-26OCT042345-45,0.9980,25.00,no
2026-10-05T03:44:50.966387Z,KXSILVER15M-26OCT042345-45,0.9980,39.00,no
2026-10-05T03:44:50.966387Z,KXSILVER15M-26OCT042345-45,0.9980,58.36,no
2026-10-05T03:44:50.966387Z,KXSILVER15M-26OCT042345-45,0.9980,0.01,no
2026-10-05T03:44:50.966387Z,KXSILVER15M-26OCT042345-45,0.9980,2.00,no
2026-10-05T03:44:50.966387Z,KXSILVER15M-26OCT042345-45,0.9980,72.00,no
2026-10-05T03:44:50.966387Z,KXSILVER15M-26OCT042345-45,0.9970,108.96,no
2026-10-05T03:44:50.966387Z,KXSILVER15M-26OCT042345-45,0.9980,73.00,no
2026-10-05T03:44:52.912969Z,KXSILVER15M-26OCT042345-45,0.9970,143.00,no
2026-10-05T03:44:52.912969Z,KXSILVER15M-26OCT042345-45,0.9970,105.00,no
2026-10-05T03:44:52.912969Z,KXSILVER15M-26OCT042345-45,0.9970,24.04,no
2026-10-05T03:44:52.912969Z,KXSILVER15M-26OCT042345-45,0.9960,439.37,no
2026-10-05T03:44:52.912969Z,KXSILVER15M-26OCT042345-45,0.9970,700.00,no
2026-10-05T03:44:53.138197Z,KXSILVER15M-26OCT042345-45,0.9970,1.07,no
2026-10-05T03:44:53.470871Z,KXSILVER15M-26OCT042345-45,0.9970,3.06,no
2026-10-05T03:44:57.618824Z,KXSILVER15M-26OCT042345-45,0.9990,99.09,no
2026-10-05T03:44:59.146835Z,KXSILVER15M-26OCT042345-45,0.9990,915.99,no
2026-10-05T03:44:59.682667Z,KXSILVER15M-26OCT042345-45,0.9990,34.97,no
2026-10-05T03:43:49.0105Z,KXHYPE15M-26OCT042345-45,0.3200,5.75,no
2026-10-05T03:43:49.305414Z,KXHYPE15M-26OCT042345-45,0.3600,71.91,no
2026-10-05T03:43:50.354692Z,KXHYPE15M-26OCT042345-45,0.3600,22.86,no
2026-10-05T03:43:50.388337Z,KXHYPE15M-26OCT042345-45,0.4000,19.34,yes
2026-10-05T03:43:50.388337Z,KXHYPE15M-26OCT042345-45,0.3900,5.00,yes
2026-10-05T03:43:50.533059Z,KXHYPE15M-26OCT042345-45,0.3900,5.00,yes
2026-10-05T03:43:51.20887Z,KXHYPE15M-26OCT042345-45,0.3900,4.83,yes
2026-10-05T03:43:51.20887Z,KXHYPE15M-26OCT042345-45,0.3800,5.00,yes
2026-10-05T03:43:51.571155Z,KXHYPE15M-26OCT042345-45,0.3700,51.98,yes
2026-10-05T03:43:51.796836Z,KXHYPE15M-26OCT042345-45,0.3700,1.87,yes
2026-10-05T03:43:52.084376Z,KXHYPE15M-26OCT042345-45,0.3700,7.24,yes
2026-10-05T03:43:52.174392Z,KXHYPE15M-26OCT042345-45,0.3600,1.00,no
2026-10-05T03:43:52.646828Z,KXHYPE15M-26OCT042345-45,0.3600,4.14,yes
2026-10-05T03:43:52.784569Z,KXHYPE15M-26OCT042345-45,0.3200,0.79,no
2026-10-05T03:43:52.784569Z,KXHYPE15M-26OCT042345-45,0.3200,1.00,no
2026-10-05T03:43:52.795811Z,KXHYPE15M-26OCT042345-45,0.3600,5.00,yes
2026-10-05T03:43:52.796289Z,KXHYPE15M-26OCT042345-45,0.3900,24.00,yes
2026-10-05T03:43:52.796289Z,KXHYPE15M-26OCT042345-45,0.3900,7.99,yes
2026-10-05T03:43:52.809752Z,KXHYPE15M-26OCT042345-45,0.3900,5.00,yes
2026-10-05T03:43:52.809752Z,KXHYPE15M-26OCT042345-45,0.4300,15.00,yes
2026-10-05T03:43:52.809752Z,KXHYPE15M-26OCT042345-45,0.4100,0.01,yes
2026-10-05T03:43:52.810303Z,KXHYPE15M-26OCT042345-45,0.4300,2.00,yes
2026-10-05T03:43:52.810303Z,KXHYPE15M-26OCT042345-45,0.4500,1.00,yes
2026-10-05T03:43:52.821306Z,KXHYPE15M-26OCT042345-45,0.4500,21.00,yes
2026-10-05T03:43:52.821306Z,KXHYPE15M-26OCT042345-45,0.4400,5.00,yes
2026-10-05T03:43:53.040484Z,KXHYPE15M-26OCT042345-45,0.4400,23.00,no
2026-10-05T03:43:53.30906Z,KXHYPE15M-26OCT042345-45,0.4200,14.00,no
2026-10-05T03:43:53.992717Z,KXHYPE15M-26OCT042345-45,0.3900,0.29,yes
2026-10-05T03:43:54.997721Z,KXHYPE15M-26OCT042345-45,0.3900,1.00,yes
2026-10-05T03:43:54.997721Z,KXHYPE15M-26OCT042345-45,0.3800,5.00,yes
2026-10-05T03:43:55.017593Z,KXHYPE15M-26OCT042345-45,0.3400,225.00,no
2026-10-05T03:43:55.267138Z,KXHYPE15M-26OCT042345-45,0.3900,8.00,yes
2026-10-05T03:43:55.267138Z,KXHYPE15M-26OCT042345-45,0.3600,5.00,yes
2026-10-05T03:43:55.267138Z,KXHYPE15M-26OCT042345-45,0.3700,25.00,yes
2026-10-05T03:43:55.279861Z,KXHYPE15M-26OCT042345-45,0.3800,5.00,yes
2026-10-05T03:43:55.915327Z,KXHYPE15M-26OCT042345-45,0.3900,5.00,yes
2026-10-05T03:43:55.915327Z,KXHYPE15M-26OCT042345-45,0.3900,20.92,yes
2026-10-05T03:43:56.284658Z,KXHYPE15M-26OCT042345-45,0.3800,1.00,no
2026-10-05T03:43:56.393624Z,KXHYPE15M-26OCT042345-45,0.3900,24.00,yes
2026-10-05T03:43:56.393624Z,KXHYPE15M-26OCT042345-45,0.3800,5.00,yes
2026-10-05T03:43:56.393624Z,KXHYPE15M-26OCT042345-45,0.4000,24.62,yes
2026-10-05T03:43:56.426038Z,KXHYPE15M-26OCT042345-45,0.3500,1.00,no
2026-10-05T03:43:57.254203Z,KXHYPE15M-26OCT042345-45,0.3700,1.00,no
2026-10-05T03:43:57.254203Z,KXHYPE15M-26OCT042345-45,0.3500,6.20,no
2026-10-05T03:43:57.319653Z,KXHYPE15M-26OCT042345-45,0.3400,6.99,no
2026-10-05T03:43:57.684336Z,KXHYPE15M-26OCT042345-45,0.3400,218.01,no
2026-10-05T03:43:58.106736Z,KXHYPE15M-26OCT042345-45,0.3800,60.00,yes
2026-10-05T03:43:58.870979Z,KXHYPE15M-26OCT042345-45,0.3600,37.71,yes
2026-10-05T03:43:59.096597Z,KXHYPE15M-26OCT042345-45,0.3100,28.00,no
2026-10-05T03:43:59.096597Z,KXHYPE15M-26OCT042345-45,0.3200,1.00,no
2026-10-05T03:44:00.018199Z,KXHYPE15M-26OCT042345-45,0.2500,0.22,no
2026-10-05T03:44:00.018199Z,KXHYPE15M-26OCT042345-45,0.2500,1.78,no
2026-10-05T03:44:00.208154Z,KXHYPE15M-26OCT042345-45,0.2500,1.05,no
2026-10-05T03:44:00.262173Z,KXHYPE15M-26OCT042345-45,0.2500,13.01,no
2026-10-05T03:44:00.262173Z,KXHYPE15M-26OCT042345-45,0.2500,0.21,no
2026-10-05T03:44:00.262173Z,KXHYPE15M-26OCT042345-45,0.2500,1.19,no
2026-10-05T03:44:00.272876Z,KXHYPE15M-26OCT042345-45,0.3000,9.99,yes
2026-10-05T03:44:00.272876Z,KXHYPE15M-26OCT042345-45,0.2600,0.01,yes
2026-10-05T03:44:00.294367Z,KXHYPE15M-26OCT042345-45,0.3100,27.00,yes
2026-10-05T03:44:00.295258Z,KXHYPE15M-26OCT042345-45,0.3700,1.00,yes
2026-10-05T03:44:00.295258Z,KXHYPE15M-26OCT042345-45,0.3800,1.00,yes
2026-10-05T03:44:00.297569Z,KXHYPE15M-26OCT042345-45,0.4600,13.00,yes
2026-10-05T03:44:00.297658Z,KXHYPE15M-26OCT042345-45,0.4600,7.00,yes
2026-10-05T03:44:00.298171Z,KXHYPE15M-26OCT042345-45,0.4800,1.00,yes
2026-10-05T03:44:00.298301Z,KXHYPE15M-26OCT042345-45,0.4800,2.00,yes
2026-10-05T03:44:00.300798Z,KXHYPE15M-26OCT042345-45,0.4500,5.00,yes
2026-10-05T03:44:00.300798Z,KXHYPE15M-26OCT042345-45,0.4100,24.00,yes
2026-10-05T03:44:00.306508Z,KXHYPE15M-26OCT042345-45,0.4900,17.00,yes
2026-10-05T03:44:00.307551Z,KXHYPE15M-26OCT042345-45,0.4900,8.00,yes
2026-10-05T03:44:00.310004Z,KXHYPE15M-26OCT042345-45,0.5400,100.00,yes
2026-10-05T03:44:00.310004Z,KXHYPE15M-26OCT042345-45,0.5200,16.00,yes
2026-10-05T03:44:00.387227Z,KXHYPE15M-26OCT042345-45,0.5400,26.00,no
2026-10-05T03:44:00.387227Z,KXHYPE15M-26OCT042345-45,0.5400,27.00,no
2026-10-05T03:44:00.409142Z,KXHYPE15M-26OCT042345-45,0.4400,4.00,no
2026-10-05T03:44:00.409142Z,KXHYPE15M-26OCT042345-45,0.4900,1.00,no
2026-10-05T03:44:00.505994Z,KXHYPE15M-26OCT042345-45,0.4900,1.48,no
2026-10-05T03:44:00.555737Z,KXHYPE15M-26OCT042345-45,0.5300,1.00,no
2026-10-05T03:44:00.600803Z,KXHYPE15M-26OCT042345-45,0.5200,25.00,no
2026-10-05T03:44:00.600803Z,KXHYPE15M-26OCT042345-45,0.5200,1.00,no
2026-10-05T03:44:00.600803Z,KXHYPE15M-26OCT042345-45,0.5100,49.00,no
2026-10-05T03:44:00.864175Z,KXHYPE15M-26OCT042345-45,0.4900,1.00,no
2026-10-05T03:44:01.624551Z,KXHYPE15M-26OCT042345-45,0.5000,12.30,yes
2026-10-05T03:44:01.645673Z,KXHYPE15M-26OCT042345-45,0.5000,74.61,yes
2026-10-05T03:44:02.71461Z,KXHYPE15M-26OCT042345-45,0.5000,6.53,yes
2026-10-05T03:44:02.71461Z,KXHYPE15M-26OCT042345-45,0.5000,3.13,yes
2026-10-05T03:44:02.897244Z,KXHYPE15M-26OCT042345-45,0.4500,153.28,no
2026-10-05T03:44:03.633112Z,KXHYPE15M-26OCT042345-45,0.4300,0.34,no
2026-10-05T03:44:03.69374Z,KXHYPE15M-26OCT042345-45,0.4200,0.34,no
2026-10-05T03:44:03.69374Z,KXHYPE15M-26OCT042345-45,0.4300,0.66,no
2026-10-05T03:44:03.899903Z,KXHYPE15M-26OCT042345-45,0.4900,47.38,yes
2026-10-05T03:44:03.986409Z,KXHYPE15M-26OCT042345-45,0.4900,44.00,yes
2026-10-05T03:44:04.525867Z,KXHYPE15M-26OCT042345-45,0.4500,1.78,no
2026-10-05T03:44:06.076216Z,KXHYPE15M-26OCT042345-45,0.4700,6.00,yes
2026-10-05T03:44:06.076216Z,KXHYPE15M-26OCT042345-45,0.4700,25.00,yes
2026-10-05T03:44:06.442653Z,KXHYPE15M-26OCT042345-45,0.5000,20.10,no
2026-10-05T03:44:07.750618Z,KXHYPE15M-26OCT042345-45,0.5300,8.00,yes
2026-10-05T03:44:07.754919Z,KXHYPE15M-26OCT042345-45,0.6800,21.00,yes
2026-10-05T03:44:07.811319Z,KXHYPE15M-26OCT042345-45,0.5600,25.00,no
2026-10-05T03:44:07.818617Z,KXHYPE15M-26OCT042345-45,0.5600,11.00,no
2026-10-05T03:44:07.834241Z,KXHYPE15M-26OCT042345-45,0.5400,48.00,yes
2026-10-05T03:44:07.839834Z,KXHYPE15M-26OCT042345-45,0.5000,43.00,yes
2026-10-05T03:44:07.84466Z,KXHYPE15M-26OCT042345-45,0.5000,108.00,yes
2026-10-05T03:44:07.859582Z,KXHYPE15M-26OCT042345-45,0.5200,54.00,yes
2026-10-05T03:44:07.859582Z,KXHYPE15M-26OCT042345-45,0.5100,25.00,yes
2026-10-05T03:44:07.864022Z,KXHYPE15M-26OCT042345-45,0.5200,54.00,yes
2026-10-05T03:44:07.968799Z,KXHYPE15M-26OCT042345-45,0.4900,27.00,no
2026-10-05T03:44:07.968799Z,KXHYPE15M-26OCT042345-45,0.4900,3.13,no
2026-10-05T03:44:08.280098Z,KXHYPE15M-26OCT042345-45,0.4900,1.00,no
2026-10-05T03:44:08.280708Z,KXHYPE15M-26OCT042345-45,0.4300,27.00,no
2026-10-05T03:44:08.289769Z,KXHYPE15M-26OCT042345-45,0.4000,14.41,no
2026-10-05T03:44:08.299891Z,KXHYPE15M-26OCT042345-45,0.3600,27.00,no
2026-10-05T03:44:09.082109Z,KXHYPE15M-26OCT042345-45,0.2900,6.90,no
2026-10-05T03:44:09.531952Z,KXHYPE15M-26OCT042345-45,0.3800,12.92,yes
2026-10-05T03:44:09.591125Z,KXHYPE15M-26OCT042345-45,0.3100,0.96,no
2026-10-05T03:44:09.693007Z,KXHYPE15M-26OCT042345-45,0.3300,0.10,no
2026-10-05T03:44:09.734091Z,KXHYPE15M-26OCT042345-45,0.3800,212.08,yes
2026-10-05T03:44:09.734091Z,KXHYPE15M-26OCT042345-45,0.4400,115.92,yes
2026-10-05T03:44:09.734091Z,KXHYPE15M-26OCT042345-45,0.4100,225.00,yes
2026-10-05T03:44:09.734091Z,KXHYPE15M-26OCT042345-45,0.4000,25.00,yes
2026-10-05T03:44:09.796165Z,KXHYPE15M-26OCT042345-45,0.4000,168.33,yes
2026-10-05T03:44:10.120182Z,KXHYPE15M-26OCT042345-45,0.4200,31.32,yes
2026-10-05T03:44:10.267734Z,KXHYPE15M-26OCT042345-45,0.4200,0.56,yes
2026-10-05T03:44:10.267734Z,KXHYPE15M-26OCT042345-45,0.4000,0.01,yes
2026-10-05T03:44:10.864223Z,KXHYPE15M-26OCT042345-45,0.3300,0.73,no
2026-10-05T03:44:12.029612Z,KXHYPE15M-26OCT042345-45,0.4200,3.72,yes
2026-10-05T03:44:12.060645Z,KXHYPE15M-26OCT042345-45,0.3500,16.00,no
2026-10-05T03:44:12.088264Z,KXHYPE15M-26OCT042345-45,0.3500,16.00,no
2026-10-05T03:44:12.171462Z,KXHYPE15M-26OCT042345-45,0.4200,75.16,yes
2026-10-05T03:44:12.464484Z,KXHYPE15M-26OCT042345-45,0.3600,25.85,yes
2026-10-05T03:44:12.921824Z,KXHYPE15M-26OCT042345-45,0.3300,21.00,no
2026-10-05T03:44:13.165406Z,KXHYPE15M-26OCT042345-45,0.3100,2.00,no
2026-10-05T03:44:13.849878Z,KXHYPE15M-26OCT042345-45,0.3400,2.55,yes
2026-10-05T03:44:14.509561Z,KXHYPE15M-26OCT042345-45,0.3600,5.00,yes
2026-10-05T03:44:14.509561Z,KXHYPE15M-26OCT042345-45,0.3900,23.00,yes
2026-10-05T03:44:14.542275Z,KXHYPE15M-26OCT042345-45,0.3300,14.00,no
2026-10-05T03:44:14.835221Z,KXHYPE15M-26OCT042345-45,0.3800,4.94,yes
2026-10-05T03:44:14.840353Z,KXHYPE15M-26OCT042345-45,0.3500,28.75,no
2026-10-05T03:44:15.172194Z,KXHYPE15M-26OCT042345-45,0.3900,29.17,no
2026-10-05T03:44:15.580109Z,KXHYPE15M-26OCT042345-45,0.3500,21.00,no
2026-10-05T03:44:16.578971Z,KXHYPE15M-26OCT042345-45,0.3800,225.00,no
2026-10-05T03:44:17.223169Z,KXHYPE15M-26OCT042345-45,0.3300,1.00,no
2026-10-05T03:44:17.4498Z,KXHYPE15M-26OCT042345-45,0.3700,1.99,yes
2026-10-05T03:44:17.4498Z,KXHYPE15M-26OCT042345-45,0.3600,0.01,yes
2026-10-05T03:44:18.149904Z,KXHYPE15M-26OCT042345-45,0.3300,72.94,no
2026-10-05T03:44:18.169719Z,KXHYPE15M-26OCT042345-45,0.3300,1.00,no
2026-10-05T03:44:19.136334Z,KXHYPE15M-26OCT042345-45,0.2400,1.00,no
2026-10-05T03:44:19.196589Z,KXHYPE15M-26OCT042345-45,0.2400,2.03,no
2026-10-05T03:44:19.337988Z,KXHYPE15M-26OCT042345-45,0.3300,5.00,yes
2026-10-05T03:44:19.337988Z,KXHYPE15M-26OCT042345-45,0.3300,8.00,yes
2026-10-05T03:44:19.339571Z,KXHYPE15M-26OCT042345-45,0.3200,5.00,yes
2026-10-05T03:44:19.339571Z,KXHYPE15M-26OCT042345-45,0.3300,16.99,yes
2026-10-05T03:44:19.466273Z,KXHYPE15M-26OCT042345-45,0.3800,32.35,no
2026-10-05T03:44:19.602847Z,KXHYPE15M-26OCT042345-45,0.3800,14.23,no
2026-10-05T03:44:20.0915Z,KXHYPE15M-26OCT042345-45,0.3400,180.00,no
2026-10-05T03:44:20.600712Z,KXHYPE15M-26OCT042345-45,0.3400,2.95,no
2026-10-05T03:44:20.970907Z,KXHYPE15M-26OCT042345-45,0.3400,7.39,no
2026-10-05T03:44:21.112814Z,KXHYPE15M-26OCT042345-45,0.3200,81.34,no
2026-10-05T03:44:21.112814Z,KXHYPE15M-26OCT042345-45,0.3300,28.00,no
2026-10-05T03:44:21.112814Z,KXHYPE15M-26OCT042345-45,0.3400,34.66,no
2026-10-05T03:44:22.071065Z,KXHYPE15M-26OCT042345-45,0.3400,154.00,no
2026-10-05T03:44:22.401282Z,KXHYPE15M-26OCT042345-45,0.3300,28.00,no
2026-10-05T03:44:22.401282Z,KXHYPE15M-26OCT042345-45,0.3000,2.00,no
2026-10-05T03:44:22.401282Z,KXHYPE15M-26OCT042345-45,0.2900,213.00,no
2026-10-05T03:44:23.09504Z,KXHYPE15M-26OCT042345-45,0.3100,28.00,no
2026-10-05T03:44:23.09504Z,KXHYPE15M-26OCT042345-45,0.3200,225.00,no
2026-10-05T03:44:23.09504Z,KXHYPE15M-26OCT042345-45,0.3000,54.00,no
2026-10-05T03:44:23.581539Z,KXHYPE15M-26OCT042345-45,0.3200,71.37,yes
2026-10-05T03:44:23.935586Z,KXHYPE15M-26OCT042345-45,0.2600,1.59,no
2026-10-05T03:44:24.139664Z,KXHYPE15M-26OCT042345-45,0.2900,27.00,no
2026-10-05T03:44:24.139664Z,KXHYPE15M-26OCT042345-45,0.3000,225.00,no
2026-10-05T03:44:24.139664Z,KXHYPE15M-26OCT042345-45,0.2800,55.00,no
2026-10-05T03:44:24.352334Z,KXHYPE15M-26OCT042345-45,0.2800,13.27,no
2026-10-05T03:44:24.398828Z,KXHYPE15M-26OCT042345-45,0.2800,1.32,no
2026-10-05T03:44:24.522536Z,KXHYPE15M-26OCT042345-45,0.2800,13.00,no
2026-10-05T03:44:25.120834Z,KXHYPE15M-26OCT042345-45,0.2300,17.79,no
2026-10-05T03:44:25.120834Z,KXHYPE15M-26OCT042345-45,0.2400,221.97,no
2026-10-05T03:44:25.120834Z,KXHYPE15M-26OCT042345-45,0.2400,28.00,no
2026-10-05T03:44:25.120834Z,KXHYPE15M-26OCT042345-45,0.2200,39.24,no
2026-10-05T03:44:26.093464Z,KXHYPE15M-26OCT042345-45,0.2200,178.75,no
2026-10-05T03:44:26.093464Z,KXHYPE15M-26OCT042345-45,0.2200,55.25,no
2026-10-05T03:44:26.280963Z,KXHYPE15M-26OCT042345-45,0.2200,1.26,no
2026-10-05T03:44:26.502077Z,KXHYPE15M-26OCT042345-45,0.2000,5.00,no
2026-10-05T03:44:26.914665Z,KXHYPE15M-26OCT042345-45,0.2800,42.59,yes
2026-10-05T03:44:27.042134Z,KXHYPE15M-26OCT042345-45,0.2000,1.00,no
2026-10-05T03:44:27.073804Z,KXHYPE15M-26OCT042345-45,0.2000,1.00,no
2026-10-05T03:44:27.073804Z,KXHYPE15M-26OCT042345-45,0.2000,219.00,no
2026-10-05T03:44:27.073804Z,KXHYPE15M-26OCT042345-45,0.1900,6.00,no
2026-10-05T03:44:27.073804Z,KXHYPE15M-26OCT042345-45,0.2000,68.00,no
2026-10-05T03:44:27.525208Z,KXHYPE15M-26OCT042345-45,0.2600,1.49,yes
2026-10-05T03:44:28.05959Z,KXHYPE15M-26OCT042345-45,0.1800,225.00,no
2026-10-05T03:44:28.05959Z,KXHYPE15M-26OCT042345-45,0.1600,57.00,no
2026-10-05T03:44:28.05959Z,KXHYPE15M-26OCT042345-45,0.1700,25.00,no
2026-10-05T03:44:28.147095Z,KXHYPE15M-26OCT042345-45,0.2400,7.31,yes
2026-10-05T03:44:28.192453Z,KXHYPE15M-26OCT042345-45,0.2400,22.13,yes
2026-10-05T03:44:28.956004Z,KXHYPE15M-26OCT042345-45,0.1400,21.04,yes
2026-10-05T03:44:29.242422Z,KXHYPE15M-26OCT042345-45,0.1100,2.00,no
2026-10-05T03:44:29.242422Z,KXHYPE15M-26OCT042345-45,0.1100,9.00,no
2026-10-05T03:44:29.242422Z,KXHYPE15M-26OCT042345-45,0.1100,22.00,no
2026-10-05T03:44:29.436543Z,KXHYPE15M-26OCT042345-45,0.1000,2.00,no
2026-10-05T03:44:29.918617Z,KXHYPE15M-26OCT042345-45,0.1300,0.10,yes
2026-10-05T03:44:30.024918Z,KXHYPE15M-26OCT042345-45,0.1100,0.10,no
2026-10-05T03:44:30.071318Z,KXHYPE15M-26OCT042345-45,0.1100,10.00,no
2026-10-05T03:44:30.200258Z,KXHYPE15M-26OCT042345-45,0.1100,65.00,no
2026-10-05T03:44:30.356653Z,KXHYPE15M-26OCT042345-45,0.1600,5.00,yes
2026-10-05T03:44:30.356653Z,KXHYPE15M-26OCT042345-45,0.1300,0.90,yes
2026-10-05T03:44:30.356653Z,KXHYPE15M-26OCT042345-45,0.1700,8.33,yes
2026-10-05T03:44:30.397476Z,KXHYPE15M-26OCT042345-45,0.1700,47.00,yes
2026-10-05T03:44:31.065653Z,KXHYPE15M-26OCT042345-45,0.1000,27.58,no
2026-10-05T03:44:31.155744Z,KXHYPE15M-26OCT042345-45,0.1000,20.42,no
2026-10-05T03:44:31.155744Z,KXHYPE15M-26OCT042345-45,0.1000,33.58,no
2026-10-05T03:44:31.547792Z,KXHYPE15M-26OCT042345-45,0.1000,6.00,no
2026-10-05T03:44:32.082415Z,KXHYPE15M-26OCT042345-45,0.1000,17.61,no
2026-10-05T03:44:32.082415Z,KXHYPE15M-26OCT042345-45,0.1000,54.39,no
2026-10-05T03:44:32.15687Z,KXHYPE15M-26OCT042345-45,0.1100,64.00,yes
2026-10-05T03:44:32.308628Z,KXHYPE15M-26OCT042345-45,0.1100,22.86,yes
2026-10-05T03:44:32.546592Z,KXHYPE15M-26OCT042345-45,0.1000,7.39,no
2026-10-05T03:44:33.106287Z,KXHYPE15M-26OCT042345-45,0.0610,7.00,no
2026-10-05T03:44:33.106287Z,KXHYPE15M-26OCT042345-45,0.0810,20.00,no
2026-10-05T03:44:33.106287Z,KXHYPE15M-26OCT042345-45,0.0900,55.00,no
2026-10-05T03:44:33.106287Z,KXHYPE15M-26OCT042345-45,0.0700,71.00,no
2026-10-05T03:44:33.106287Z,KXHYPE15M-26OCT042345-45,0.0600,83.00,no
2026-10-05T03:44:33.106287Z,KXHYPE15M-26OCT042345-45,0.0800,62.00,no
2026-10-05T03:44:33.280139Z,KXHYPE15M-26OCT042345-45,0.1000,17.61,yes
2026-10-05T03:44:33.280139Z,KXHYPE15M-26OCT042345-45,0.1100,18.00,yes
2026-10-05T03:44:33.280139Z,KXHYPE15M-26OCT042345-45,0.1200,24.00,yes
2026-10-05T03:44:33.280139Z,KXHYPE15M-26OCT042345-45,0.1200,5.68,yes
2026-10-05T03:44:33.280139Z,KXHYPE15M-26OCT042345-45,0.1200,7.71,yes
2026-10-05T03:44:33.685401Z,KXHYPE15M-26OCT042345-45,0.1200,7.42,yes
2026-10-05T03:44:33.685401Z,KXHYPE15M-26OCT042345-45,0.1200,17.29,yes
2026-10-05T03:44:33.685401Z,KXHYPE15M-26OCT042345-45,0.1200,0.29,yes
2026-10-05T03:44:34.132966Z,KXHYPE15M-26OCT042345-45,0.1300,225.00,yes
2026-10-05T03:44:34.132966Z,KXHYPE15M-26OCT042345-45,0.1200,34.00,yes
2026-10-05T03:44:34.132966Z,KXHYPE15M-26OCT042345-45,0.1100,225.00,yes
2026-10-05T03:44:34.132966Z,KXHYPE15M-26OCT042345-45,0.1500,78.89,yes
2026-10-05T03:44:34.132966Z,KXHYPE15M-26OCT042345-45,0.1300,0.01,yes
2026-10-05T03:44:34.455444Z,KXHYPE15M-26OCT042345-45,0.1100,29.17,yes
2026-10-05T03:44:35.204024Z,KXHYPE15M-26OCT042345-45,0.0500,1.00,no
2026-10-05T03:44:35.204024Z,KXHYPE15M-26OCT042345-45,0.0500,3.00,no
2026-10-05T03:44:35.204024Z,KXHYPE15M-26OCT042345-45,0.0520,7.00,no
2026-10-05T03:44:35.204024Z,KXHYPE15M-26OCT042345-45,0.0510,18.00,no
2026-10-05T03:44:35.204024Z,KXHYPE15M-26OCT042345-45,0.0500,21.00,no
2026-10-05T03:44:35.319033Z,KXHYPE15M-26OCT042345-45,0.0500,18.06,no
2026-10-05T03:44:35.319033Z,KXHYPE15M-26OCT042345-45,0.0500,56.94,no
2026-10-05T03:44:35.469731Z,KXHYPE15M-26OCT042345-45,0.0930,55.00,yes
2026-10-05T03:44:35.482084Z,KXHYPE15M-26OCT042345-45,0.0930,8.55,yes
2026-10-05T03:44:35.909114Z,KXHYPE15M-26OCT042345-45,0.0720,0.34,yes
2026-10-05T03:44:35.965342Z,KXHYPE15M-26OCT042345-45,0.0920,2.00,yes
2026-10-05T03:44:35.965367Z,KXHYPE15M-26OCT042345-45,0.1100,0.01,yes
2026-10-05T03:44:35.965367Z,KXHYPE15M-26OCT042345-45,0.0920,26.00,yes
2026-10-05T03:44:35.965367Z,KXHYPE15M-26OCT042345-45,0.1500,21.99,yes
2026-10-05T03:44:35.983955Z,KXHYPE15M-26OCT042345-45,0.0920,1.97,yes
2026-10-05T03:44:36.036493Z,KXHYPE15M-26OCT042345-45,0.1500,134.00,no
2026-10-05T03:44:36.067983Z,KXHYPE15M-26OCT042345-45,0.1200,22.00,no
2026-10-05T03:44:36.067983Z,KXHYPE15M-26OCT042345-45,0.1300,225.00,no
2026-10-05T03:44:36.081833Z,KXHYPE15M-26OCT042345-45,0.1100,10.00,no
2026-10-05T03:44:36.394335Z,KXHYPE15M-26OCT042345-45,0.0500,0.51,no
2026-10-05T03:44:37.950598Z,KXHYPE15M-26OCT042345-45,0.0500,1.43,no
2026-10-05T03:44:37.950598Z,KXHYPE15M-26OCT042345-45,0.0500,0.66,no
2026-10-05T03:44:38.078799Z,KXHYPE15M-26OCT042345-45,0.0440,1.00,no
2026-10-05T03:44:38.078799Z,KXHYPE15M-26OCT042345-45,0.0400,0.66,no
2026-10-05T03:44:38.078799Z,KXHYPE15M-26OCT042345-45,0.0500,0.34,no
2026-10-05T03:44:38.143439Z,KXHYPE15M-26OCT042345-45,0.0750,15.00,yes
2026-10-05T03:44:38.159905Z,KXHYPE15M-26OCT042345-45,0.0310,1.00,no
2026-10-05T03:44:38.159905Z,KXHYPE15M-26OCT042345-45,0.0250,6.00,no
2026-10-05T03:44:38.159905Z,KXHYPE15M-26OCT042345-45,0.0240,0.03,no
2026-10-05T03:44:38.159905Z,KXHYPE15M-26OCT042345-45,0.0300,1.00,no
2026-10-05T03:44:38.159905Z,KXHYPE15M-26OCT042345-45,0.0400,0.34,no
2026-10-05T03:44:38.159905Z,KXHYPE15M-26OCT042345-45,0.0300,12.00,no
2026-10-05T03:44:38.159905Z,KXHYPE15M-26OCT042345-45,0.0300,25.00,no
2026-10-05T03:44:38.159905Z,KXHYPE15M-26OCT042345-45,0.0320,26.00,no
2026-10-05T03:44:38.235724Z,KXHYPE15M-26OCT042345-45,0.0750,2.25,yes
2026-10-05T03:44:38.771481Z,KXHYPE15M-26OCT042345-45,0.0240,5.97,no
2026-10-05T03:44:38.771481Z,KXHYPE15M-26OCT042345-45,0.0240,3.03,no
2026-10-05T03:44:38.882704Z,KXHYPE15M-26OCT042345-45,0.0750,71.91,yes
2026-10-05T03:44:39.209191Z,KXHYPE15M-26OCT042345-45,0.0220,5.00,no
2026-10-05T03:44:39.209191Z,KXHYPE15M-26OCT042345-45,0.0220,3.00,no
2026-10-05T03:44:39.506897Z,KXHYPE15M-26OCT042345-45,0.0220,3.73,no
2026-10-05T03:44:39.776801Z,KXHYPE15M-26OCT042345-45,0.0550,5.45,yes
2026-10-05T03:44:39.776801Z,KXHYPE15M-26OCT042345-45,0.0550,0.25,yes
2026-10-05T03:44:39.776801Z,KXHYPE15M-26OCT042345-45,0.0580,10.00,yes
2026-10-05T03:44:39.776801Z,KXHYPE15M-26OCT042345-45,0.0550,3.73,yes
2026-10-05T03:44:39.776801Z,KXHYPE15M-26OCT042345-45,0.0550,5.00,yes
2026-10-05T03:44:39.776801Z,KXHYPE15M-26OCT042345-45,0.0730,22.57,yes
2026-10-05T03:44:39.7774Z,KXHYPE15M-26OCT042345-45,0.0730,3.00,yes
2026-10-05T03:44:39.777617Z,KXHYPE15M-26OCT042345-45,0.0730,6.00,yes
2026-10-05T03:44:39.784181Z,KXHYPE15M-26OCT042345-45,0.0920,6.00,yes
2026-10-05T03:44:39.784243Z,KXHYPE15M-26OCT042345-45,0.0920,10.00,yes
2026-10-05T03:44:39.784406Z,KXHYPE15M-26OCT042345-45,0.0920,1.00,yes
2026-10-05T03:44:39.784406Z,KXHYPE15M-26OCT042345-45,0.0920,12.00,yes
2026-10-05T03:44:39.785602Z,KXHYPE15M-26OCT042345-45,0.0920,3.00,yes
2026-10-05T03:44:39.785622Z,KXHYPE15M-26OCT042345-45,0.0920,2.00,yes
2026-10-05T03:44:39.786024Z,KXHYPE15M-26OCT042345-45,0.1300,6.00,yes
2026-10-05T03:44:39.913184Z,KXHYPE15M-26OCT042345-45,0.1500,181.84,no
2026-10-05T03:44:39.919583Z,KXHYPE15M-26OCT042345-45,0.1500,4.00,no
2026-10-05T03:44:39.954993Z,KXHYPE15M-26OCT042345-45,0.1400,10.00,no
2026-10-05T03:44:40.180424Z,KXHYPE15M-26OCT042345-45,0.0680,15.11,yes
2026-10-05T03:44:40.48877Z,KXHYPE15M-26OCT042345-45,0.0300,0.55,no
2026-10-05T03:44:40.73362Z,KXHYPE15M-26OCT042345-45,0.0210,5.43,no
2026-10-05T03:44:40.73362Z,KXHYPE15M-26OCT042345-45,0.0220,11.27,no
2026-10-05T03:44:40.73362Z,KXHYPE15M-26OCT042345-45,0.0300,6.45,no
2026-10-05T03:44:40.73362Z,KXHYPE15M-26OCT042345-45,0.0230,30.00,no
2026-10-05T03:44:40.917879Z,KXHYPE15M-26OCT042345-45,0.0420,1.78,yes
2026-10-05T03:44:40.952678Z,KXHYPE15M-26OCT042345-45,0.0260,20.00,yes
2026-10-05T03:44:40.952678Z,KXHYPE15M-26OCT042345-45,0.0410,13.96,yes
2026-10-05T03:44:40.995364Z,KXHYPE15M-26OCT042345-45,0.0210,2.30,no
2026-10-05T03:44:41.129255Z,KXHYPE15M-26OCT042345-45,0.0250,35.00,yes
2026-10-05T03:44:41.209693Z,KXHYPE15M-26OCT042345-45,0.0200,20.00,no
2026-10-05T03:44:41.209693Z,KXHYPE15M-26OCT042345-45,0.0210,12.27,no
2026-10-05T03:44:41.209693Z,KXHYPE15M-26OCT042345-45,0.0210,47.00,no
2026-10-05T03:44:41.209693Z,KXHYPE15M-26OCT042345-45,0.0200,1.00,no
2026-10-05T03:44:41.209693Z,KXHYPE15M-26OCT042345-45,0.0200,250.00,no
2026-10-05T03:44:41.209693Z,KXHYPE15M-26OCT042345-45,0.0200,49.99,no
2026-10-05T03:44:41.209693Z,KXHYPE15M-26OCT042345-45,0.0210,34.00,no
2026-10-05T03:44:41.209693Z,KXHYPE15M-26OCT042345-45,0.0200,15.20,no
2026-10-05T03:44:41.209693Z,KXHYPE15M-26OCT042345-45,0.0210,22.00,no
2026-10-05T03:44:41.282017Z,KXHYPE15M-26OCT042345-45,0.0190,5.43,no
2026-10-05T03:44:41.282017Z,KXHYPE15M-26OCT042345-45,0.0200,0.01,no
2026-10-05T03:44:41.443762Z,KXHYPE15M-26OCT042345-45,0.0250,27.58,yes
2026-10-05T03:44:41.5691Z,KXHYPE15M-26OCT042345-45,0.0290,2.30,yes
2026-10-05T03:44:41.5691Z,KXHYPE15M-26OCT042345-45,0.0290,12.27,yes
2026-10-05T03:44:41.5691Z,KXHYPE15M-26OCT042345-45,0.0290,5.43,yes
2026-10-05T03:44:41.5691Z,KXHYPE15M-26OCT042345-45,0.0250,162.42,yes
2026-10-05T03:44:41.5691Z,KXHYPE15M-26OCT042345-45,0.0290,5.43,yes
2026-10-05T03:44:41.5691Z,KXHYPE15M-26OCT042345-45,0.0290,11.27,yes
2026-10-05T03:44:41.5691Z,KXHYPE15M-26OCT042345-45,0.0290,20.00,yes
2026-10-05T03:44:41.5691Z,KXHYPE15M-26OCT042345-45,0.0410,23.00,yes
2026-10-05T03:44:41.5691Z,KXHYPE15M-26OCT042345-45,0.0420,146.54,yes
2026-10-05T03:44:41.843771Z,KXHYPE15M-26OCT042345-45,0.0200,11.98,yes
2026-10-05T03:44:41.973933Z,KXHYPE15M-26OCT042345-45,0.0190,5.00,no
2026-10-05T03:44:42.067366Z,KXHYPE15M-26OCT042345-45,0.0130,20.00,no
2026-10-05T03:44:42.067366Z,KXHYPE15M-26OCT042345-45,0.0120,20.00,no
2026-10-05T03:44:42.067366Z,KXHYPE15M-26OCT042345-45,0.0110,11.43,no
2026-10-05T03:44:42.067366Z,KXHYPE15M-26OCT042345-45,0.0150,20.00,no
2026-10-05T03:44:42.067366Z,KXHYPE15M-26OCT042345-45,0.0140,20.00,no
2026-10-05T03:44:42.067366Z,KXHYPE15M-26OCT042345-45,0.0170,20.00,no
2026-10-05T03:44:42.067366Z,KXHYPE15M-26OCT042345-45,0.0160,20.00,no
2026-10-05T03:44:42.067366Z,KXHYPE15M-26OCT042345-45,0.0190,9.57,no
2026-10-05T03:44:42.067366Z,KXHYPE15M-26OCT042345-45,0.0180,20.00,no
2026-10-05T03:44:42.067366Z,KXHYPE15M-26OCT042345-45,0.0120,37.00,no
2026-10-05T03:44:42.067366Z,KXHYPE15M-26OCT042345-45,0.0150,23.00,no
2026-10-05T03:44:42.324288Z,KXHYPE15M-26OCT042345-45,0.0200,153.07,yes
2026-10-05T03:44:42.405582Z,KXHYPE15M-26OCT042345-45,0.0190,1.00,no
2026-10-05T03:44:42.464515Z,KXHYPE15M-26OCT042345-45,0.0110,1.00,no
2026-10-05T03:44:42.464515Z,KXHYPE15M-26OCT042345-45,0.0110,8.57,no
2026-10-05T03:44:42.464515Z,KXHYPE15M-26OCT042345-45,0.0100,20.00,no
2026-10-05T03:44:42.464515Z,KXHYPE15M-26OCT042345-45,0.0110,51.00,no
2026-10-05T03:44:42.464515Z,KXHYPE15M-26OCT042345-45,0.0100,2.00,no
2026-10-05T03:44:42.464515Z,KXHYPE15M-26OCT042345-45,0.0180,2.00,no
2026-10-05T03:44:42.464515Z,KXHYPE15M-26OCT042345-45,0.0120,37.00,no
2026-10-05T03:44:42.464515Z,KXHYPE15M-26OCT042345-45,0.0190,1.00,no
2026-10-05T03:44:42.464515Z,KXHYPE15M-26OCT042345-45,0.0100,1.00,no
2026-10-05T03:44:42.464515Z,KXHYPE15M-26OCT042345-45,0.0100,8.43,no
2026-10-05T03:44:42.65632Z,KXHYPE15M-26OCT042345-45,0.0090,20.00,no
2026-10-05T03:44:42.65632Z,KXHYPE15M-26OCT042345-45,0.0100,41.00,no
2026-10-05T03:44:42.65632Z,KXHYPE15M-26OCT042345-45,0.0190,2.00,no
2026-10-05T03:44:42.65632Z,KXHYPE15M-26OCT042345-45,0.0180,2.00,no
2026-10-05T03:44:44.042202Z,KXHYPE15M-26OCT042345-45,0.0170,10.69,yes
2026-10-05T03:44:44.623432Z,KXHYPE15M-26OCT042345-45,0.0200,59.95,yes
2026-10-05T03:44:44.623432Z,KXHYPE15M-26OCT042345-45,0.0200,8.36,yes
2026-10-05T03:44:44.623432Z,KXHYPE15M-26OCT042345-45,0.0170,9.31,yes
2026-10-05T03:44:44.623432Z,KXHYPE15M-26OCT042345-45,0.0170,20.00,yes
2026-10-05T03:44:44.623432Z,KXHYPE15M-26OCT042345-45,0.0170,20.00,yes
2026-10-05T03:44:44.623432Z,KXHYPE15M-26OCT042345-45,0.0170,20.00,yes
2026-10-05T03:44:44.623432Z,KXHYPE15M-26OCT042345-45,0.0180,20.00,yes
2026-10-05T03:44:44.623432Z,KXHYPE15M-26OCT042345-45,0.0170,20.00,yes
2026-10-05T03:44:44.623432Z,KXHYPE15M-26OCT042345-45,0.0190,20.00,yes
2026-10-05T03:44:44.623432Z,KXHYPE15M-26OCT042345-45,0.0170,20.00,yes
2026-10-05T03:44:44.623432Z,KXHYPE15M-26OCT042345-45,0.0170,8.57,yes
2026-10-05T03:44:44.623432Z,KXHYPE15M-26OCT042345-45,0.0170,20.00,yes
2026-10-05T03:44:44.623432Z,KXHYPE15M-26OCT042345-45,0.0170,11.43,yes
2026-10-05T03:44:44.623432Z,KXHYPE15M-26OCT042345-45,0.0180,1.00,yes
2026-10-05T03:44:44.952155Z,KXHYPE15M-26OCT042345-45,0.0080,20.00,no
2026-10-05T03:44:44.952155Z,KXHYPE15M-26OCT042345-45,0.0070,20.00,no
2026-10-05T03:44:44.952155Z,KXHYPE15M-26OCT042345-45,0.0060,20.00,no
2026-10-05T03:44:44.952155Z,KXHYPE15M-26OCT042345-45,0.0100,2.00,no
2026-10-05T03:44:44.952155Z,KXHYPE15M-26OCT042345-45,0.0090,2.00,no
2026-10-05T03:44:44.952155Z,KXHYPE15M-26OCT042345-45,0.0060,46.85,no
2026-10-05T03:44:45.013739Z,KXHYPE15M-26OCT042345-45,0.0150,20.00,yes
2026-10-05T03:44:45.013739Z,KXHYPE15M-26OCT042345-45,0.0150,29.25,yes
2026-10-05T03:44:46.067228Z,KXHYPE15M-26OCT042345-45,0.0100,20.00,yes
2026-10-05T03:44:46.067228Z,KXHYPE15M-26OCT042345-45,0.0100,15.00,yes
2026-10-05T03:44:46.097271Z,KXHYPE15M-26OCT042345-45,0.0050,110.74,no
2026-10-05T03:44:46.124936Z,KXHYPE15M-26OCT042345-45,0.0050,2.00,no
2026-10-05T03:44:46.575882Z,KXHYPE15M-26OCT042345-45,0.0050,49.30,no
2026-10-05T03:44:46.625304Z,KXHYPE15M-26OCT042345-45,0.0050,1.00,no
2026-10-05T03:44:47.011323Z,KXHYPE15M-26OCT042345-45,0.0100,4.67,yes
2026-10-05T03:44:47.195211Z,KXHYPE15M-26OCT042345-45,0.0020,100.00,no
2026-10-05T03:44:47.195211Z,KXHYPE15M-26OCT042345-45,0.0020,400.00,no
2026-10-05T03:44:47.195211Z,KXHYPE15M-26OCT042345-45,0.0050,13.96,no
2026-10-05T03:44:47.195211Z,KXHYPE15M-26OCT042345-45,0.0050,20.00,no
2026-10-05T03:44:47.195211Z,KXHYPE15M-26OCT042345-45,0.0040,20.00,no
2026-10-05T03:44:47.195211Z,KXHYPE15M-26OCT042345-45,0.0020,20.00,no
2026-10-05T03:44:47.195211Z,KXHYPE15M-26OCT042345-45,0.0030,20.00,no
2026-10-05T03:44:47.195211Z,KXHYPE15M-26OCT042345-45,0.0020,26.00,no
2026-10-05T03:44:47.195211Z,KXHYPE15M-26OCT042345-45,0.0040,13.00,no
2026-10-05T03:44:47.195211Z,KXHYPE15M-26OCT042345-45,0.0030,18.00,no
2026-10-05T03:44:47.195211Z,KXHYPE15M-26OCT042345-45,0.0050,11.00,no
2026-10-05T03:44:47.195211Z,KXHYPE15M-26OCT042345-45,0.0020,3.00,no
2026-10-05T03:44:47.195211Z,KXHYPE15M-26OCT042345-45,0.0030,2.00,no
2026-10-05T03:44:47.195211Z,KXHYPE15M-26OCT042345-45,0.0040,1.00,no
2026-10-05T03:44:47.195211Z,KXHYPE15M-26OCT042345-45,0.0020,3.00,no
2026-10-05T03:44:47.195211Z,KXHYPE15M-26OCT042345-45,0.0040,1.00,no
2026-10-05T03:44:47.195211Z,KXHYPE15M-26OCT042345-45,0.0030,2.00,no
2026-10-05T03:44:47.195211Z,KXHYPE15M-26OCT042345-45,0.0030,2.00,no
2026-10-05T03:44:47.195211Z,KXHYPE15M-26OCT042345-45,0.0020,3.00,no
2026-10-05T03:44:47.195211Z,KXHYPE15M-26OCT042345-45,0.0040,1.00,no
2026-10-05T03:44:47.195211Z,KXHYPE15M-26OCT042345-45,0.0020,3.00,no
2026-10-05T03:44:47.195211Z,KXHYPE15M-26OCT042345-45,0.0040,1.00,no
2026-10-05T03:44:47.195211Z,KXHYPE15M-26OCT042345-45,0.0030,2.00,no
2026-10-05T03:44:47.195211Z,KXHYPE15M-26OCT042345-45,0.0030,2.00,no
2026-10-05T03:44:47.195211Z,KXHYPE15M-26OCT042345-45,0.0020,2.04,no
2026-10-05T03:44:47.195211Z,KXHYPE15M-26OCT042345-45,0.0040,1.00,no
2026-10-05T03:44:47.195211Z,KXHYPE15M-26OCT042345-45,0.0030,64.00,no
2026-10-05T03:44:47.280205Z,KXHYPE15M-26OCT042345-45,0.0090,9.15,yes
2026-10-05T03:44:47.29105Z,KXHYPE15M-26OCT042345-45,0.0090,8.40,yes
2026-10-05T03:44:47.321385Z,KXHYPE15M-26OCT042345-45,0.0020,0.96,no
2026-10-05T03:44:47.321385Z,KXHYPE15M-26OCT042345-45,0.0020,58.04,no
2026-10-05T03:44:48.030787Z,KXHYPE15M-26OCT042345-45,0.0080,13.27,yes
2026-10-05T03:44:48.735739Z,KXHYPE15M-26OCT042345-45,0.0010,1.00,no
2026-10-05T03:44:49.229489Z,KXHYPE15M-26OCT042345-45,0.0010,20.01,no
2026-10-05T03:44:50.346091Z,KXHYPE15M-26OCT042345-45,0.0010,1.00,no
2026-10-05T03:44:50.346091Z,KXHYPE15M-26OCT042345-45,0.0010,20.00,no
2026-10-05T03:44:50.346091Z,KXHYPE15M-26OCT042345-45,0.0010,1.00,no
2026-10-05T03:44:50.346091Z,KXHYPE15M-26OCT042345-45,0.0010,280.00,no
2026-10-05T03:44:50.346091Z,KXHYPE15M-26OCT042345-45,0.0010,1.00,no
2026-10-05T03:44:50.346091Z,KXHYPE15M-26OCT042345-45,0.0010,194.00,no
2026-10-05T03:44:50.52619Z,KXHYPE15M-26OCT042345-45,0.0020,15.59,yes
2026-10-05T03:44:51.21294Z,KXHYPE15M-26OCT042345-45,0.0050,1.00,yes
2026-10-05T03:44:51.21294Z,KXHYPE15M-26OCT042345-45,0.0040,20.00,yes
2026-10-05T03:44:51.21294Z,KXHYPE15M-26OCT042345-45,0.0050,3.22,yes
2026-10-05T03:44:51.21294Z,KXHYPE15M-26OCT042345-45,0.0030,20.00,yes
2026-10-05T03:44:51.21294Z,KXHYPE15M-26OCT042345-45,0.0030,20.01,yes
2026-10-05T03:44:51.21294Z,KXHYPE15M-26OCT042345-45,0.0030,100.00,yes
2026-10-05T03:44:51.21294Z,KXHYPE15M-26OCT042345-45,0.0020,4.41,yes
2026-10-05T03:44:51.21294Z,KXHYPE15M-26OCT042345-45,0.0030,0.01,yes
2026-10-05T03:44:51.21294Z,KXHYPE15M-26OCT042345-45,0.0040,100.00,yes
2026-10-05T03:44:51.509049Z,KXHYPE15M-26OCT042345-45,0.0060,6.73,yes
2026-10-05T03:44:51.509049Z,KXHYPE15M-26OCT042345-45,0.0050,16.78,yes
2026-10-05T03:44:51.509049Z,KXHYPE15M-26OCT042345-45,0.0050,99.00,yes
2026-10-05T03:44:51.509049Z,KXHYPE15M-26OCT042345-45,0.0060,77.49,yes
2026-10-05T03:44:51.908877Z,KXHYPE15M-26OCT042345-45,0.0060,1.32,yes
2026-10-05T03:44:53.420781Z,KXHYPE15M-26OCT042345-45,0.0050,9.98,yes
2026-10-05T03:44:55.622632Z,KXHYPE15M-26OCT042345-45,0.0060,51.75,yes
2026-10-05T03:44:55.622632Z,KXHYPE15M-26OCT042345-45,0.0060,21.19,yes
2026-10-05T03:44:56.74278Z,KXHYPE15M-26OCT042345-45,0.0020,45.00,yes
2026-10-05T03:56:13.099725Z,KXHYPE15M-26OCT050000-00,0.0300,2.00,no
2026-10-05T03:56:13.099725Z,KXHYPE15M-26OCT050000-00,0.0300,10.00,no
2026-10-05T03:56:13.492953Z,KXHYPE15M-26OCT050000-00,0.0520,8.00,yes
2026-10-05T03:56:13.492953Z,KXHYPE15M-26OCT050000-00,0.0510,21.00,yes
2026-10-05T03:56:13.492953Z,KXHYPE15M-26OCT050000-00,0.0410,2.00,yes
2026-10-05T03:56:13.492953Z,KXHYPE15M-26OCT050000-00,0.0400,2.00,yes
2026-10-05T03:56:13.492953Z,KXHYPE15M-26OCT050000-00,0.0410,10.00,yes
2026-10-05T03:56:13.492953Z,KXHYPE15M-26OCT050000-00,0.0530,2.61,yes
2026-10-05T03:56:13.492953Z,KXHYPE15M-26OCT050000-00,0.0520,4.83,yes
2026-10-05T03:56:13.991518Z,KXHYPE15M-26OCT050000-00,0.0310,21.00,no
2026-10-05T03:56:13.991518Z,KXHYPE15M-26OCT050000-00,0.0310,2.00,no
2026-10-05T03:56:15.099443Z,KXHYPE15M-26OCT050000-00,0.0400,2.00,yes
2026-10-05T03:56:15.099443Z,KXHYPE15M-26OCT050000-00,0.0390,2.00,yes
2026-10-05T03:56:16.161706Z,KXHYPE15M-26OCT050000-00,0.0450,2.00,yes
2026-10-05T03:56:16.161706Z,KXHYPE15M-26OCT050000-00,0.0460,2.00,yes
2026-10-05T03:56:16.161706Z,KXHYPE15M-26OCT050000-00,0.0560,8.00,yes
2026-10-05T03:56:16.161706Z,KXHYPE15M-26OCT050000-00,0.0520,21.00,yes
2026-10-05T03:56:16.161706Z,KXHYPE15M-26OCT050000-00,0.0430,8.62,yes
2026-10-05T03:56:16.161706Z,KXHYPE15M-26OCT050000-00,0.0580,8.00,yes
2026-10-05T03:56:16.161706Z,KXHYPE15M-26OCT050000-00,0.0570,8.00,yes
2026-10-05T03:56:16.161706Z,KXHYPE15M-26OCT050000-00,0.0530,8.71,yes
2026-10-05T03:56:16.161706Z,KXHYPE15M-26OCT050000-00,0.0600,246.79,yes
2026-10-05T03:56:16.161706Z,KXHYPE15M-26OCT050000-00,0.0530,6.10,yes
2026-10-05T03:56:17.062342Z,KXHYPE15M-26OCT050000-00,0.0470,0.29,yes
2026-10-05T03:56:17.594628Z,KXHYPE15M-26OCT050000-00,0.0410,4.96,no
2026-10-05T03:56:18.003924Z,KXHYPE15M-26OCT050000-00,0.0450,0.10,yes
2026-10-05T03:56:18.003924Z,KXHYPE15M-26OCT050000-00,0.0440,2.00,yes
2026-10-05T03:56:18.953467Z,KXHYPE15M-26OCT050000-00,0.0410,0.04,no
2026-10-05T03:56:18.953467Z,KXHYPE15M-26OCT050000-00,0.0370,2.00,no
2026-10-05T03:56:18.953467Z,KXHYPE15M-26OCT050000-00,0.0360,2.00,no
2026-10-05T03:56:19.80698Z,KXHYPE15M-26OCT050000-00,0.0550,2.00,yes
2026-10-05T03:56:19.80698Z,KXHYPE15M-26OCT050000-00,0.0470,8.66,yes
2026-10-05T03:56:19.80698Z,KXHYPE15M-26OCT050000-00,0.0560,1.22,yes
2026-10-05T03:56:19.80698Z,KXHYPE15M-26OCT050000-00,0.0440,2.00,yes
2026-10-05T03:56:19.80698Z,KXHYPE15M-26OCT050000-00,0.0450,2.00,yes
2026-10-05T03:56:25.405699Z,KXHYPE15M-26OCT050000-00,0.0360,2.00,no
2026-10-05T03:56:26.402551Z,KXHYPE15M-26OCT050000-00,0.0290,23.86,no
2026-10-05T03:56:26.402551Z,KXHYPE15M-26OCT050000-00,0.0300,1.00,no
2026-10-05T03:56:26.402551Z,KXHYPE15M-26OCT050000-00,0.0340,10.00,no
2026-10-05T03:56:26.402551Z,KXHYPE15M-26OCT050000-00,0.0320,2.00,no
2026-10-05T03:56:26.402551Z,KXHYPE15M-26OCT050000-00,0.0330,2.00,no
2026-10-05T03:56:26.62831Z,KXHYPE15M-26OCT050000-00,0.0200,1.00,no
2026-10-05T03:56:26.62831Z,KXHYPE15M-26OCT050000-00,0.0250,225.00,no
2026-10-05T03:56:26.62831Z,KXHYPE15M-26OCT050000-00,0.0130,20.00,no
2026-10-05T03:56:26.62831Z,KXHYPE15M-26OCT050000-00,0.0120,16.44,no
2026-10-05T03:56:26.62831Z,KXHYPE15M-26OCT050000-00,0.0150,23.00,no
2026-10-05T03:56:26.62831Z,KXHYPE15M-26OCT050000-00,0.0120,10.00,no
2026-10-05T03:56:26.62831Z,KXHYPE15M-26OCT050000-00,0.0200,50.00,no
2026-10-05T03:56:26.62831Z,KXHYPE15M-26OCT050000-00,0.0200,10.00,no
2026-10-05T03:56:26.62831Z,KXHYPE15M-26OCT050000-00,0.0210,47.00,no
2026-10-05T03:56:26.62831Z,KXHYPE15M-26OCT050000-00,0.0200,1.00,no
2026-10-05T03:56:26.62831Z,KXHYPE15M-26OCT050000-00,0.0220,3.00,no
2026-10-05T03:56:26.62831Z,KXHYPE15M-26OCT050000-00,0.0280,41.00,no
2026-10-05T03:56:26.62831Z,KXHYPE15M-26OCT050000-00,0.0200,35.00,no
2026-10-05T03:56:26.62831Z,KXHYPE15M-26OCT050000-00,0.0140,128.00,no
2026-10-05T03:56:26.62831Z,KXHYPE15M-26OCT050000-00,0.0300,1.00,no
2026-10-05T03:56:26.62831Z,KXHYPE15M-26OCT050000-00,0.0320,10.00,no
2026-10-05T03:56:26.62831Z,KXHYPE15M-26OCT050000-00,0.0310,21.00,no
2026-10-05T03:56:26.62831Z,KXHYPE15M-26OCT050000-00,0.0200,195.00,no
2026-10-05T03:56:26.62831Z,KXHYPE15M-26OCT050000-00,0.0290,2.00,no
2026-10-05T03:56:26.62831Z,KXHYPE15M-26OCT050000-00,0.0300,2.00,no
2026-10-05T03:56:26.62831Z,KXHYPE15M-26OCT050000-00,0.0150,2.00,no
2026-10-05T03:56:26.62831Z,KXHYPE15M-26OCT050000-00,0.0150,2.00,no
2026-10-05T03:56:26.637975Z,KXHYPE15M-26OCT050000-00,0.0300,10.00,no
2026-10-05T03:56:29.067178Z,KXHYPE15M-26OCT050000-00,0.0290,8.07,yes
2026-10-05T03:56:29.130231Z,KXHYPE15M-26OCT050000-00,0.0120,3.56,no
2026-10-05T03:56:29.130231Z,KXHYPE15M-26OCT050000-00,0.0140,1.00,no
2026-10-05T03:56:29.130231Z,KXHYPE15M-26OCT050000-00,0.0120,1.00,no
2026-10-05T03:56:29.130231Z,KXHYPE15M-26OCT050000-00,0.0220,1.00,no
2026-10-05T03:56:29.130231Z,KXHYPE15M-26OCT050000-00,0.0120,8.44,no
2026-10-05T03:56:29.130231Z,KXHYPE15M-26OCT050000-00,0.0230,2.00,no
2026-10-05T03:56:29.130231Z,KXHYPE15M-26OCT050000-00,0.0220,2.00,no
2026-10-05T03:56:29.130231Z,KXHYPE15M-26OCT050000-00,0.0200,1.00,no
2026-10-05T03:56:31.048063Z,KXHYPE15M-26OCT050000-00,0.0200,1.00,no
2026-10-05T03:56:31.048063Z,KXHYPE15M-26OCT050000-00,0.0120,5.00,no
2026-10-05T03:56:31.048063Z,KXHYPE15M-26OCT050000-00,0.0200,2.00,no
2026-10-05T03:56:31.048063Z,KXHYPE15M-26OCT050000-00,0.0210,2.00,no
2026-10-05T03:56:31.185506Z,KXHYPE15M-26OCT050000-00,0.0180,2.00,no
2026-10-05T03:56:31.185506Z,KXHYPE15M-26OCT050000-00,0.0190,2.00,no
2026-10-05T03:56:31.185506Z,KXHYPE15M-26OCT050000-00,0.0120,16.00,no
2026-10-05T03:56:31.676202Z,KXHYPE15M-26OCT050000-00,0.0220,1.44,yes
2026-10-05T03:56:31.676202Z,KXHYPE15M-26OCT050000-00,0.0220,3.56,yes
2026-10-05T03:56:33.741621Z,KXHYPE15M-26OCT050000-00,0.0110,10.00,no
2026-10-05T03:56:33.741621Z,KXHYPE15M-26OCT050000-00,0.0110,10.37,no
2026-10-05T03:56:33.741621Z,KXHYPE15M-26OCT050000-00,0.0150,1.44,no
2026-10-05T03:56:33.741621Z,KXHYPE15M-26OCT050000-00,0.0160,2.00,no
2026-10-05T03:56:33.741621Z,KXHYPE15M-26OCT050000-00,0.0150,2.00,no
2026-10-05T03:56:33.741621Z,KXHYPE15M-26OCT050000-00,0.0120,37.00,no
2026-10-05T03:56:33.828907Z,KXHYPE15M-26OCT050000-00,0.0140,2.00,no
2026-10-05T03:56:33.828907Z,KXHYPE15M-26OCT050000-00,0.0130,2.00,no
2026-10-05T03:56:33.828907Z,KXHYPE15M-26OCT050000-00,0.0120,1.98,no
2026-10-05T03:56:34.785554Z,KXHYPE15M-26OCT050000-00,0.0150,4.00,yes
2026-10-05T03:56:34.785554Z,KXHYPE15M-26OCT050000-00,0.0150,11.93,yes
2026-10-05T03:56:34.785554Z,KXHYPE15M-26OCT050000-00,0.0150,10.00,yes
2026-10-05T03:56:34.785554Z,KXHYPE15M-26OCT050000-00,0.0150,16.44,yes
2026-10-05T03:56:34.785554Z,KXHYPE15M-26OCT050000-00,0.0220,20.61,yes
2026-10-05T03:56:36.424264Z,KXHYPE15M-26OCT050000-00,0.0110,38.76,no
2026-10-05T03:56:36.424264Z,KXHYPE15M-26OCT050000-00,0.0110,12.63,no
2026-10-05T03:56:36.424264Z,KXHYPE15M-26OCT050000-00,0.0110,180.00,no
2026-10-05T03:56:36.424264Z,KXHYPE15M-26OCT050000-00,0.0110,1.00,no
2026-10-05T03:56:36.424264Z,KXHYPE15M-26OCT050000-00,0.0160,10.00,no
2026-10-05T03:56:36.424264Z,KXHYPE15M-26OCT050000-00,0.0150,20.61,no
2026-10-05T03:56:36.424264Z,KXHYPE15M-26OCT050000-00,0.0120,37.00,no
2026-10-05T03:56:37.626702Z,KXHYPE15M-26OCT050000-00,0.0160,58.47,yes
2026-10-05T03:56:38.15126Z,KXHYPE15M-26OCT050000-00,0.0160,11.69,yes
2026-10-05T03:56:38.889224Z,KXHYPE15M-26OCT050000-00,0.0160,99.00,yes
2026-10-05T03:56:42.07615Z,KXHYPE15M-26OCT050000-00,0.0160,10.84,yes
2026-10-05T03:56:42.242942Z,KXHYPE15M-26OCT050000-00,0.0160,10.00,no
2026-10-05T03:56:42.242942Z,KXHYPE15M-26OCT050000-00,0.0150,1.00,no
2026-10-05T03:56:44.640216Z,KXHYPE15M-26OCT050000-00,0.0190,10.00,no
2026-10-05T03:56:44.641784Z,KXHYPE15M-26OCT050000-00,0.0190,1.00,no
2026-10-05T03:56:46.805514Z,KXHYPE15M-26OCT050000-00,0.0110,0.95,no
2026-10-05T03:56:48.09811Z,KXHYPE15M-26OCT050000-00,0.0110,1.00,no
2026-10-05T03:56:48.09811Z,KXHYPE15M-26OCT050000-00,0.0110,11.29,no
2026-10-05T03:56:48.09811Z,KXHYPE15M-26OCT050000-00,0.0110,40.00,no
2026-10-05T03:56:48.09811Z,KXHYPE15M-26OCT050000-00,0.0110,10.84,no
2026-10-05T03:56:48.09811Z,KXHYPE15M-26OCT050000-00,0.0110,11.69,no
2026-10-05T03:56:48.09811Z,KXHYPE15M-26OCT050000-00,0.0110,99.00,no
2026-10-05T03:56:48.09811Z,KXHYPE15M-26OCT050000-00,0.0110,58.47,no
2026-10-05T03:56:48.773472Z,KXHYPE15M-26OCT050000-00,0.0100,90.00,no
2026-10-05T03:56:48.773472Z,KXHYPE15M-26OCT050000-00,0.0100,10.00,no
2026-10-05T03:56:48.824065Z,KXHYPE15M-26OCT050000-00,0.0100,5.00,no
2026-10-05T03:56:52.660172Z,KXHYPE15M-26OCT050000-00,0.0150,10.00,yes
2026-10-05T03:56:52.660172Z,KXHYPE15M-26OCT050000-00,0.0150,4.36,yes
2026-10-05T03:56:52.660172Z,KXHYPE15M-26OCT050000-00,0.0150,48.00,yes
2026-10-05T03:56:53.841367Z,KXHYPE15M-26OCT050000-00,0.0100,1.00,no
2026-10-05T03:56:54.271132Z,KXHYPE15M-26OCT050000-00,0.0150,35.64,yes
2026-10-05T03:56:54.271132Z,KXHYPE15M-26OCT050000-00,0.0150,26.72,yes
2026-10-05T03:56:55.562586Z,KXHYPE15M-26OCT050000-00,0.0100,100.00,no
2026-10-05T03:57:00.218383Z,KXHYPE15M-26OCT050000-00,0.0150,48.00,yes
2026-10-05T03:57:00.218383Z,KXHYPE15M-26OCT050000-00,0.0150,14.36,yes
2026-10-05T03:57:00.273474Z,KXHYPE15M-26OCT050000-00,0.0150,12.47,yes
2026-10-05T03:57:01.198415Z,KXHYPE15M-26OCT050000-00,0.0150,83.00,yes
2026-10-05T03:57:01.198415Z,KXHYPE15M-26OCT050000-00,0.0150,48.00,yes
2026-10-05T03:57:01.198415Z,KXHYPE15M-26OCT050000-00,0.0150,200.00,yes
2026-10-05T03:57:01.198415Z,KXHYPE15M-26OCT050000-00,0.0160,58.47,yes
2026-10-05T03:57:01.198415Z,KXHYPE15M-26OCT050000-00,0.0160,44.73,yes
2026-10-05T03:57:01.198415Z,KXHYPE15M-26OCT050000-00,0.0160,11.69,yes
2026-10-05T03:57:01.198415Z,KXHYPE15M-26OCT050000-00,0.0150,101.17,yes
2026-10-05T03:57:01.507369Z,KXHYPE15M-26OCT050000-00,0.0110,50.00,no
2026-10-05T03:57:02.367859Z,KXHYPE15M-26OCT050000-00,0.0110,2.00,no
2026-10-05T03:57:04.696452Z,KXHYPE15M-26OCT050000-00,0.0110,5.05,no
2026-10-05T03:57:04.729234Z,KXHYPE15M-26OCT050000-00,0.0110,40.00,no
2026-10-05T03:57:04.729234Z,KXHYPE15M-26OCT050000-00,0.0110,11.69,no
2026-10-05T03:57:04.729234Z,KXHYPE15M-26OCT050000-00,0.0110,1.42,no
2026-10-05T03:57:04.729234Z,KXHYPE15M-26OCT050000-00,0.0110,44.73,no
2026-10-05T03:57:04.896384Z,KXHYPE15M-26OCT050000-00,0.0100,10.00,no
2026-10-05T03:57:04.900131Z,KXHYPE15M-26OCT050000-00,0.0100,10.00,no
2026-10-05T03:57:05.284871Z,KXHYPE15M-26OCT050000-00,0.0100,1.00,no
2026-10-05T03:57:05.597424Z,KXHYPE15M-26OCT050000-00,0.0100,25.00,no
2026-10-05T03:57:05.597424Z,KXHYPE15M-26OCT050000-00,0.0100,8.00,no
2026-10-05T03:57:05.597424Z,KXHYPE15M-26OCT050000-00,0.0100,20.00,no
2026-10-05T03:57:05.597424Z,KXHYPE15M-26OCT050000-00,0.0100,9.23,no
2026-10-05T03:57:05.597424Z,KXHYPE15M-26OCT050000-00,0.0100,2.00,no
2026-10-05T03:57:05.597424Z,KXHYPE15M-26OCT050000-00,0.0100,20.00,no
2026-10-05T03:57:05.597424Z,KXHYPE15M-26OCT050000-00,0.0100,4.12,no
2026-10-05T03:57:07.025483Z,KXHYPE15M-26OCT050000-00,0.0130,2.00,yes
2026-10-05T03:57:07.025483Z,KXHYPE15M-26OCT050000-00,0.0120,2.00,yes
2026-10-05T03:57:07.025483Z,KXHYPE15M-26OCT050000-00,0.0110,20.00,yes
2026-10-05T03:57:07.025483Z,KXHYPE15M-26OCT050000-00,0.0150,43.65,yes
2026-10-05T03:57:07.141767Z,KXHYPE15M-26OCT050000-00,0.0090,20.00,no
2026-10-05T03:57:07.825077Z,KXHYPE15M-26OCT050000-00,0.0100,7.19,yes
2026-10-05T03:57:09.281151Z,KXHYPE15M-26OCT050000-00,0.0100,4.00,yes
2026-10-05T03:57:11.104177Z,KXHYPE15M-26OCT050000-00,0.0100,11.64,yes
2026-10-05T03:57:11.459561Z,KXHYPE15M-26OCT050000-00,0.0090,4.03,no
2026-10-05T03:57:13.026468Z,KXHYPE15M-26OCT050000-00,0.0090,50.00,no
2026-10-05T03:57:13.514699Z,KXHYPE15M-26OCT050000-00,0.0100,60.00,yes
2026-10-05T03:57:13.514699Z,KXHYPE15M-26OCT050000-00,0.0100,4.36,yes
2026-10-05T03:57:13.514699Z,KXHYPE15M-26OCT050000-00,0.0150,14.98,yes
2026-10-05T03:57:13.514699Z,KXHYPE15M-26OCT050000-00,0.0150,4.35,yes
2026-10-05T03:57:18.038125Z,KXHYPE15M-26OCT050000-00,0.0090,1.00,no
2026-10-05T03:57:18.088932Z,KXHYPE15M-26OCT050000-00,0.0090,51.00,no
2026-10-05T03:57:20.586893Z,KXHYPE15M-26OCT050000-00,0.0100,80.00,yes
2026-10-05T03:57:24.914365Z,KXHYPE15M-26OCT050000-00,0.0050,11.00,no
2026-10-05T03:57:24.914365Z,KXHYPE15M-26OCT050000-00,0.0080,20.00,no
2026-10-05T03:57:24.914365Z,KXHYPE15M-26OCT050000-00,0.0070,20.00,no
2026-10-05T03:57:24.914365Z,KXHYPE15M-26OCT050000-00,0.0060,20.00,no
2026-10-05T03:57:24.914365Z,KXHYPE15M-26OCT050000-00,0.0050,100.00,no
2026-10-05T03:57:24.914365Z,KXHYPE15M-26OCT050000-00,0.0040,20.00,no
2026-10-05T03:57:24.914365Z,KXHYPE15M-26OCT050000-00,0.0050,20.00,no
2026-10-05T03:57:24.914365Z,KXHYPE15M-26OCT050000-00,0.0040,199.03,no
2026-10-05T03:57:24.914365Z,KXHYPE15M-26OCT050000-00,0.0050,177.00,no
2026-10-05T03:57:24.914365Z,KXHYPE15M-26OCT050000-00,0.0080,49.00,no
2026-10-05T03:57:24.914365Z,KXHYPE15M-26OCT050000-00,0.0090,118.97,no
2026-10-05T03:57:24.914365Z,KXHYPE15M-26OCT050000-00,0.0060,4.00,no
2026-10-05T03:57:26.256838Z,KXHYPE15M-26OCT050000-00,0.0090,20.00,yes
2026-10-05T03:57:26.256838Z,KXHYPE15M-26OCT050000-00,0.0090,20.00,yes
2026-10-05T03:57:26.256838Z,KXHYPE15M-26OCT050000-00,0.0090,20.00,yes
2026-10-05T03:57:26.256838Z,KXHYPE15M-26OCT050000-00,0.0090,20.00,yes
2026-10-05T03:57:26.256838Z,KXHYPE15M-26OCT050000-00,0.0090,20.00,yes
2026-10-05T03:57:26.256838Z,KXHYPE15M-26OCT050000-00,0.0100,1.00,yes
2026-10-05T03:57:26.256838Z,KXHYPE15M-26OCT050000-00,0.0130,0.72,yes
2026-10-05T03:57:29.64452Z,KXHYPE15M-26OCT050000-00,0.0080,1.14,yes
2026-10-05T03:57:33.897741Z,KXHYPE15M-26OCT050000-00,0.0030,20.00,no
2026-10-05T03:57:33.897741Z,KXHYPE15M-26OCT050000-00,0.0030,111.89,no
2026-10-05T03:57:33.897741Z,KXHYPE15M-26OCT050000-00,0.0040,1.00,no
2026-10-05T03:57:33.897741Z,KXHYPE15M-26OCT050000-00,0.0040,1.00,no
2026-10-05T03:57:33.897741Z,KXHYPE15M-26OCT050000-00,0.0040,1.00,no
2026-10-05T03:57:33.897741Z,KXHYPE15M-26OCT050000-00,0.0040,1.00,no
2026-10-05T03:57:33.897741Z,KXHYPE15M-26OCT050000-00,0.0040,13.00,no
2026-10-05T03:57:33.897741Z,KXHYPE15M-26OCT050000-00,0.0040,1.00,no
2026-10-05T03:57:33.897741Z,KXHYPE15M-26OCT050000-00,0.0040,48.00,no
2026-10-05T03:57:40.706622Z,KXHYPE15M-26OCT050000-00,0.0040,20.00,yes
2026-10-05T03:57:40.706622Z,KXHYPE15M-26OCT050000-00,0.0040,10.02,yes
2026-10-05T03:57:40.706622Z,KXHYPE15M-26OCT050000-00,0.0090,71.70,yes
2026-10-05T03:57:41.460739Z,KXHYPE15M-26OCT050000-00,0.0100,780.00,yes
2026-10-05T03:57:41.460739Z,KXHYPE15M-26OCT050000-00,0.0110,2.00,yes
2026-10-05T03:57:41.460739Z,KXHYPE15M-26OCT050000-00,0.0100,111.89,yes
2026-10-05T03:57:41.460739Z,KXHYPE15M-26OCT050000-00,0.0120,2.00,yes
2026-10-05T03:57:41.460739Z,KXHYPE15M-26OCT050000-00,0.0130,10.79,yes
2026-10-05T03:57:47.532432Z,KXHYPE15M-26OCT050000-00,0.0090,13.44,yes
2026-10-05T03:57:55.093002Z,KXHYPE15M-26OCT050000-00,0.0030,2.00,no
2026-10-05T03:57:55.093002Z,KXHYPE15M-26OCT050000-00,0.0030,2.00,no
2026-10-05T03:57:55.093002Z,KXHYPE15M-26OCT050000-00,0.0030,2.00,no
2026-10-05T03:57:55.093002Z,KXHYPE15M-26OCT050000-00,0.0030,2.00,no
2026-10-05T03:57:55.093002Z,KXHYPE15M-26OCT050000-00,0.0030,2.00,no
2026-10-05T03:57:55.093002Z,KXHYPE15M-26OCT050000-00,0.0030,18.00,no
2026-10-05T03:57:55.093002Z,KXHYPE15M-26OCT050000-00,0.0030,138.11,no
2026-10-05T03:57:55.093002Z,KXHYPE15M-26OCT050000-00,0.0040,2.00,no
2026-10-05T03:57:55.093002Z,KXHYPE15M-26OCT050000-00,0.0030,2.00,no
2026-10-05T03:57:55.093002Z,KXHYPE15M-26OCT050000-00,0.0040,48.00,no
2026-10-05T03:57:56.189734Z,KXHYPE15M-26OCT050000-00,0.0020,10.07,no
2026-10-05T03:57:59.942154Z,KXHYPE15M-26OCT050000-00,0.0020,189.93,no
2026-10-05T03:57:59.942154Z,KXHYPE15M-26OCT050000-00,0.0020,110.07,no
2026-10-05T03:58:00.210349Z,KXHYPE15M-26OCT050000-00,0.0020,1.00,no
2026-10-05T03:58:01.229638Z,KXHYPE15M-26OCT050000-00,0.0020,288.93,no
2026-10-05T03:58:01.229638Z,KXHYPE15M-26OCT050000-00,0.0020,20.00,no
2026-10-05T03:58:01.229638Z,KXHYPE15M-26OCT050000-00,0.0020,117.07,no
2026-10-05T03:58:01.550423Z,KXHYPE15M-26OCT050000-00,0.0020,376.00,no
2026-10-05T03:58:01.967533Z,KXHYPE15M-26OCT050000-00,0.0030,305.35,yes
2026-10-05T03:58:02.008025Z,KXHYPE15M-26OCT050000-00,0.0020,5.00,no
2026-10-05T03:58:05.189485Z,KXHYPE15M-26OCT050000-00,0.0020,1.93,no
2026-10-05T03:58:05.189485Z,KXHYPE15M-26OCT050000-00,0.0020,16.95,no
2026-10-05T03:58:06.069605Z,KXHYPE15M-26OCT050000-00,0.0020,50.00,no
2026-10-05T03:58:06.069605Z,KXHYPE15M-26OCT050000-00,0.0010,141.57,no
2026-10-05T03:58:06.069605Z,KXHYPE15M-26OCT050000-00,0.0020,3.00,no
2026-10-05T03:58:06.069605Z,KXHYPE15M-26OCT050000-00,0.0020,9.05,no
2026-10-05T03:58:06.069605Z,KXHYPE15M-26OCT050000-00,0.0020,3.00,no
2026-10-05T03:58:06.069605Z,KXHYPE15M-26OCT050000-00,0.0020,3.00,no
2026-10-05T03:58:06.069605Z,KXHYPE15M-26OCT050000-00,0.0020,3.00,no
2026-10-05T03:58:06.069605Z,KXHYPE15M-26OCT050000-00,0.0020,3.00,no
2026-10-05T03:58:06.069605Z,KXHYPE15M-26OCT050000-00,0.0020,4.61,no
2026-10-05T03:58:06.069605Z,KXHYPE15M-26OCT050000-00,0.0020,59.00,no
2026-10-05T03:58:06.069605Z,KXHYPE15M-26OCT050000-00,0.0020,1.00,no
2026-10-05T03:58:07.10236Z,KXHYPE15M-26OCT050000-00,0.0010,5.00,no
2026-10-05T03:58:11.948286Z,KXHYPE15M-26OCT050000-00,0.0020,454.09,yes
2026-10-05T03:58:13.09645Z,KXHYPE15M-26OCT050000-00,0.0030,15.51,yes
2026-10-05T03:58:13.09645Z,KXHYPE15M-26OCT050000-00,0.0030,0.08,yes
2026-10-05T03:58:13.09645Z,KXHYPE15M-26OCT050000-00,0.0020,0.10,yes
2026-10-05T03:58:13.09645Z,KXHYPE15M-26OCT050000-00,0.0020,439.91,yes
2026-10-05T03:58:17.228272Z,KXHYPE15M-26OCT050000-00,0.0010,1355.00,no
2026-10-05T03:58:17.985722Z,KXHYPE15M-26OCT050000-00,0.0010,395.00,no
2026-10-05T03:58:17.985722Z,KXHYPE15M-26OCT050000-00,0.0010,5.00,no
2026-10-05T03:58:20.997901Z,KXHYPE15M-26OCT050000-00,0.0010,5.00,no
2026-10-05T03:58:20.99838Z,KXHYPE15M-26OCT050000-00,0.0010,395.00,no
2026-10-05T03:58:20.99864Z,KXHYPE15M-26OCT050000-00,0.0010,46.57,no
2026-10-05T03:58:20.99864Z,KXHYPE15M-26OCT050000-00,0.0010,95.00,no
2026-10-05T03:58:20.999123Z,KXHYPE15M-26OCT050000-00,0.0010,1.00,no
2026-10-05T03:58:20.999123Z,KXHYPE15M-26OCT050000-00,0.0010,233.43,no
2026-10-05T03:58:20.999123Z,KXHYPE15M-26OCT050000-00,0.0010,1.00,no
2026-10-05T03:58:20.999123Z,KXHYPE15M-26OCT050000-00,0.0010,20.00,no
2026-10-05T03:58:20.999123Z,KXHYPE15M-26OCT050000-00,0.0010,8.00,no
2026-10-05T03:58:20.999123Z,KXHYPE15M-26OCT050000-00,0.0010,1091.57,no
2026-10-05T03:58:21.228564Z,KXHYPE15M-26OCT050000-00,0.0020,0.10,yes
2026-10-05T03:58:21.228564Z,KXHYPE15M-26OCT050000-00,0.0020,4.90,yes
2026-10-05T03:58:21.352229Z,KXHYPE15M-26OCT050000-00,0.0020,5.00,yes
2026-10-05T03:58:21.352229Z,KXHYPE15M-26OCT050000-00,0.0020,5.00,yes
2026-10-05T03:58:21.352229Z,KXHYPE15M-26OCT050000-00,0.0020,20.00,yes
2026-10-05T03:58:21.352229Z,KXHYPE15M-26OCT050000-00,0.0020,45.10,yes
2026-10-05T03:58:21.352229Z,KXHYPE15M-26OCT050000-00,0.0020,395.00,yes
2026-10-05T03:58:21.352229Z,KXHYPE15M-26OCT050000-00,0.0020,95.00,yes
2026-10-05T03:58:21.352229Z,KXHYPE15M-26OCT050000-00,0.0020,376.00,yes
2026-10-05T03:58:21.352229Z,KXHYPE15M-26OCT050000-00,0.0020,117.07,yes
2026-10-05T03:58:21.352229Z,KXHYPE15M-26OCT050000-00,0.0020,133.21,yes
2026-10-05T03:58:21.352229Z,KXHYPE15M-26OCT050000-00,0.0020,5.00,yes
2026-10-05T03:58:21.352229Z,KXHYPE15M-26OCT050000-00,0.0020,1.93,yes
2026-10-05T03:58:25.080962Z,KXHYPE15M-26OCT050000-00,0.0020,375.57,yes
2026-10-05T03:58:26.949922Z,KXHYPE15M-26OCT050000-00,0.0020,112.16,yes
2026-10-05T03:58:30.384073Z,KXHYPE15M-26OCT050000-00,0.0010,53.00,no
2026-10-05T03:58:30.531724Z,KXHYPE15M-26OCT050000-00,0.0010,271.00,no
2026-10-05T03:58:41.463479Z,KXHYPE15M-26OCT050000-00,0.0020,1.86,yes
2026-10-05T03:58:41.805599Z,KXHYPE15M-26OCT050000-00,0.0010,24.99,no
2026-10-05T03:58:48.689212Z,KXHYPE15M-26OCT050000-00,0.0010,4.00,no
2026-10-05T03:58:48.689212Z,KXHYPE15M-26OCT050000-00,0.0010,1.00,no
2026-10-05T03:58:48.689212Z,KXHYPE15M-26OCT050000-00,0.0010,1059.44,no
2026-10-05T03:58:48.689212Z,KXHYPE15M-26OCT050000-00,0.0010,225.00,no
2026-10-05T03:58:48.689212Z,KXHYPE15M-26OCT050000-00,0.0010,51.00,no
2026-10-05T03:58:48.689212Z,KXHYPE15M-26OCT050000-00,0.0010,19.00,no
2026-10-05T03:58:48.689212Z,KXHYPE15M-26OCT050000-00,0.0010,5.00,no
2026-10-05T03:58:48.689212Z,KXHYPE15M-26OCT050000-00,0.0010,5.00,no
2026-10-05T03:58:48.689212Z,KXHYPE15M-26OCT050000-00,0.0010,5.00,no
2026-10-05T03:58:48.689212Z,KXHYPE15M-26OCT050000-00,0.0010,95.00,no
2026-10-05T03:58:48.689212Z,KXHYPE15M-26OCT050000-00,0.0010,395.00,no
2026-10-05T03:58:48.689212Z,KXHYPE15M-26OCT050000-00,0.0010,4.00,no
2026-10-05T03:58:48.689212Z,KXHYPE15M-26OCT050000-00,0.0010,2.00,no
2026-10-05T03:58:48.689212Z,KXHYPE15M-26OCT050000-00,0.0010,13.00,no
2026-10-05T03:58:48.689212Z,KXHYPE15M-26OCT050000-00,0.0010,3.00,no
2026-10-05T03:59:00.537846Z,KXHYPE15M-26OCT050000-00,0.0010,845.44,yes
2026-10-05T03:59:02.836415Z,KXHYPE15M-26OCT050000-00,0.0010,68.78,yes
2026-10-05T03:59:02.836415Z,KXHYPE15M-26OCT050000-00,0.0010,155.56,yes
2026-10-05T03:59:03.197551Z,KXHYPE15M-26OCT050000-00,0.0010,518.22,yes
2026-10-05T03:59:03.197551Z,KXHYPE15M-26OCT050000-00,0.0010,1.00,yes
2026-10-05T03:59:03.197551Z,KXHYPE15M-26OCT050000-00,0.0010,53.00,yes
2026-10-05T03:59:03.197551Z,KXHYPE15M-26OCT050000-00,0.0010,271.00,yes
2026-10-05T03:59:03.197551Z,KXHYPE15M-26OCT050000-00,0.0010,72.77,yes
2026-10-05T03:59:17.118273Z,KXHYPE15M-26OCT050000-00,0.0010,458.04,yes
2026-10-05T03:59:24.183216Z,KXHYPE15M-26OCT050000-00,0.0010,26.07,yes
2026-10-05T03:59:24.183216Z,KXHYPE15M-26OCT050000-00,0.0020,0.10,yes
2026-10-05T03:59:24.183216Z,KXHYPE15M-26OCT050000-00,0.0010,1059.44,yes
2026-10-05T03:59:24.183216Z,KXHYPE15M-26OCT050000-00,0.0020,5.00,yes
2026-10-05T03:59:24.183216Z,KXHYPE15M-26OCT050000-00,0.0020,5.00,yes
2026-10-05T03:59:24.183216Z,KXHYPE15M-26OCT050000-00,0.0020,395.00,yes
2026-10-05T03:59:24.183216Z,KXHYPE15M-26OCT050000-00,0.0020,90.29,yes
2026-10-05T03:59:24.183216Z,KXHYPE15M-26OCT050000-00,0.0010,24.99,yes
2026-10-05T03:59:24.183216Z,KXHYPE15M-26OCT050000-00,0.0010,2271.41,yes
2026-10-05T03:59:24.183216Z,KXHYPE15M-26OCT050000-00,0.0010,300.00,yes
2026-10-05T03:59:24.338901Z,KXHYPE15M-26OCT050000-00,0.0010,495.00,no
2026-10-05T03:59:24.343171Z,KXHYPE15M-26OCT050000-00,0.0010,66.00,no
2026-10-05T03:59:24.343171Z,KXHYPE15M-26OCT050000-00,0.0010,0.29,no
2026-10-05T03:59:30.994862Z,KXHYPE15M-26OCT050000-00,0.0020,4.71,yes
2026-10-05T03:59:30.994862Z,KXHYPE15M-26OCT050000-00,0.0020,878.00,yes
2026-10-05T03:59:30.994862Z,KXHYPE15M-26OCT050000-00,0.0020,0.58,yes
2026-10-05T03:59:30.994862Z,KXHYPE15M-26OCT050000-00,0.0010,1.00,yes
2026-10-05T03:59:30.994862Z,KXHYPE15M-26OCT050000-00,0.0010,100.00,yes
2026-10-05T03:59:38.317815Z,KXHYPE15M-26OCT050000-00,0.0010,247.82,yes
2026-10-05T03:59:38.859523Z,KXHYPE15M-26OCT050000-00,0.0010,224.34,yes
2026-10-05T03:59:39.813175Z,KXHYPE15M-26OCT050000-00,0.0030,40.00,yes
2026-10-05T03:59:39.813175Z,KXHYPE15M-26OCT050000-00,0.0030,40.00,yes
2026-10-05T03:59:39.813175Z,KXHYPE15M-26OCT050000-00,0.0040,100.00,yes
2026-10-05T03:59:39.813175Z,KXHYPE15M-26OCT050000-00,0.0050,395.41,yes
2026-10-05T03:59:39.813175Z,KXHYPE15M-26OCT050000-00,0.0020,378.42,yes
2026-10-05T03:59:39.813175Z,KXHYPE15M-26OCT050000-00,0.0010,1241.89,yes
2026-10-05T03:59:39.813175Z,KXHYPE15M-26OCT050000-00,0.0020,1.00,yes
2026-10-05T03:59:39.813175Z,KXHYPE15M-26OCT050000-00,0.0020,495.29,yes
2026-10-05T03:59:39.813175Z,KXHYPE15M-26OCT050000-00,0.0050,0.08,yes
2026-10-05T03:59:39.813175Z,KXHYPE15M-26OCT050000-00,0.0040,0.08,yes
2026-10-05T03:59:39.813175Z,KXHYPE15M-26OCT050000-00,0.0030,4.49,yes
2026-10-05T03:59:39.813175Z,KXHYPE15M-26OCT050000-00,0.0040,200.00,yes
2026-10-05T03:59:39.813175Z,KXHYPE15M-26OCT050000-00,0.0030,0.10,yes
2026-10-05T03:59:40.057172Z,KXHYPE15M-26OCT050000-00,0.0010,200.00,no
2026-10-05T03:59:40.057227Z,KXHYPE15M-26OCT050000-00,0.0010,50.00,no
2026-10-05T03:59:40.537448Z,KXHYPE15M-26OCT050000-00,0.0010,500.00,no
2026-10-05T03:59:42.724621Z,KXHYPE15M-26OCT050000-00,0.0050,583.37,yes
2026-10-05T03:59:42.724621Z,KXHYPE15M-26OCT050000-00,0.0040,13.00,yes
2026-10-05T03:59:42.724621Z,KXHYPE15M-26OCT050000-00,0.0040,2310.53,yes
2026-10-05T03:59:42.724621Z,KXHYPE15M-26OCT050000-00,0.0030,100.00,yes
2026-10-05T03:59:42.724621Z,KXHYPE15M-26OCT050000-00,0.0030,500.00,yes
2026-10-05T03:59:42.724621Z,KXHYPE15M-26OCT050000-00,0.0040,0.19,yes
2026-10-05T03:59:42.938867Z,KXHYPE15M-26OCT050000-00,0.0010,500.00,no
2026-10-05T03:59:43.510964Z,KXHYPE15M-26OCT050000-00,0.0010,100.00,yes
2026-10-05T03:59:43.510964Z,KXHYPE15M-26OCT050000-00,0.0020,125.81,yes
2026-10-05T03:59:43.510964Z,KXHYPE15M-26OCT050000-00,0.0010,7.91,yes
2026-10-05T03:59:43.738479Z,KXHYPE15M-26OCT050000-00,0.0010,125.00,no
2026-10-05T03:59:43.786694Z,KXHYPE15M-26OCT050000-00,0.0010,0.81,no
2026-10-05T03:59:43.786694Z,KXHYPE15M-26OCT050000-00,0.0010,256.19,no
2026-10-05T03:59:46.149711Z,KXHYPE15M-26OCT050000-00,0.0020,12.79,yes
2026-10-05T03:59:46.237568Z,KXHYPE15M-26OCT050000-00,0.0010,12.00,no
2026-10-05T03:59:46.295198Z,KXHYPE15M-26OCT050000-00,0.0010,0.21,no
2026-10-05T03:59:46.295198Z,KXHYPE15M-26OCT050000-00,0.0010,0.79,no
2026-10-05T03:59:57.787291Z,KXHYPE15M-26OCT050000-00,0.0030,100.00,yes
2026-10-05T03:59:57.787291Z,KXHYPE15M-26OCT050000-00,0.0010,1746.00,yes
2026-10-05T03:59:57.787291Z,KXHYPE15M-26OCT050000-00,0.0010,70.00,yes
2026-10-05T03:59:57.787291Z,KXHYPE15M-26OCT050000-00,0.0010,512.00,yes
2026-10-05T03:59:57.787291Z,KXHYPE15M-26OCT050000-00,0.0030,12.79,yes
2026-10-05T03:59:57.787291Z,KXHYPE15M-26OCT050000-00,0.0040,222.02,yes
2026-10-05T03:59:57.787291Z,KXHYPE15M-26OCT050000-00,0.0030,125.81,yes
2026-10-05T03:59:57.787291Z,KXHYPE15M-26OCT050000-00,0.0020,361.40,yes
2026-10-05T03:59:57.787291Z,KXHYPE15M-26OCT050000-00,0.0030,0.23,yes
2026-10-05T03:59:57.787291Z,KXHYPE15M-26OCT050000-00,0.0020,0.21,yes
2026-10-05T03:56:16.349945Z,KXDOGE15M-26OCT050000-00,0.0300,5.00,yes
2026-10-05T03:56:16.349945Z,KXDOGE15M-26OCT050000-00,0.0300,5.00,yes
2026-10-05T03:56:16.349945Z,KXDOGE15M-26OCT050000-00,0.0300,5.00,yes
2026-10-05T03:56:16.349945Z,KXDOGE15M-26OCT050000-00,0.0300,39.30,yes
2026-10-05T03:56:18.027304Z,KXDOGE15M-26OCT050000-00,0.0270,3.00,no
2026-10-05T03:56:18.442867Z,KXDOGE15M-26OCT050000-00,0.0260,3.00,no
2026-10-05T03:56:18.442867Z,KXDOGE15M-26OCT050000-00,0.0230,3.00,no
2026-10-05T03:56:18.442867Z,KXDOGE15M-26OCT050000-00,0.0250,3.00,no
2026-10-05T03:56:18.442867Z,KXDOGE15M-26OCT050000-00,0.0210,10.00,no
2026-10-05T03:56:18.442867Z,KXDOGE15M-26OCT050000-00,0.0200,1.00,no
2026-10-05T03:56:18.442867Z,KXDOGE15M-26OCT050000-00,0.0210,1.00,no
2026-10-05T03:56:18.442867Z,KXDOGE15M-26OCT050000-00,0.0220,5.00,no
2026-10-05T03:56:18.442867Z,KXDOGE15M-26OCT050000-00,0.0190,5.00,no
2026-10-05T03:56:18.442867Z,KXDOGE15M-26OCT050000-00,0.0180,4.00,no
2026-10-05T03:56:18.442867Z,KXDOGE15M-26OCT050000-00,0.0200,5.00,no
2026-10-05T03:56:18.52204Z,KXDOGE15M-26OCT050000-00,0.0240,1.00,no
2026-10-05T03:56:19.778157Z,KXDOGE15M-26OCT050000-00,0.0240,2.00,yes
2026-10-05T03:56:19.778157Z,KXDOGE15M-26OCT050000-00,0.0240,4.00,yes
2026-10-05T03:56:19.778157Z,KXDOGE15M-26OCT050000-00,0.0290,32.00,yes
2026-10-05T03:56:19.778157Z,KXDOGE15M-26OCT050000-00,0.0240,5.00,yes
2026-10-05T03:56:19.778157Z,KXDOGE15M-26OCT050000-00,0.0240,13.00,yes
2026-10-05T03:56:19.778157Z,KXDOGE15M-26OCT050000-00,0.0240,5.00,yes
2026-10-05T03:56:19.778157Z,KXDOGE15M-26OCT050000-00,0.0280,6.00,yes
2026-10-05T03:56:19.778157Z,KXDOGE15M-26OCT050000-00,0.0300,60.70,yes
2026-10-05T03:56:19.778157Z,KXDOGE15M-26OCT050000-00,0.0300,34.81,yes
2026-10-05T03:56:20.146972Z,KXDOGE15M-26OCT050000-00,0.0210,3.00,no
2026-10-05T03:56:20.146972Z,KXDOGE15M-26OCT050000-00,0.0220,1.00,no
2026-10-05T03:56:20.157933Z,KXDOGE15M-26OCT050000-00,0.0210,14.00,yes
2026-10-05T03:56:20.449644Z,KXDOGE15M-26OCT050000-00,0.0210,10.00,yes
2026-10-05T03:56:20.736006Z,KXDOGE15M-26OCT050000-00,0.0210,45.00,yes
2026-10-05T03:56:22.731961Z,KXDOGE15M-26OCT050000-00,0.0210,2.00,yes
2026-10-05T03:56:22.731961Z,KXDOGE15M-26OCT050000-00,0.0210,2.00,yes
2026-10-05T03:56:22.731961Z,KXDOGE15M-26OCT050000-00,0.0220,5.86,yes
2026-10-05T03:56:26.015166Z,KXDOGE15M-26OCT050000-00,0.0130,160.00,no
2026-10-05T03:56:26.015166Z,KXDOGE15M-26OCT050000-00,0.0120,38.85,no
2026-10-05T03:56:26.015166Z,KXDOGE15M-26OCT050000-00,0.0150,1.00,no
2026-10-05T03:56:26.015166Z,KXDOGE15M-26OCT050000-00,0.0140,1.00,no
2026-10-05T03:56:26.015166Z,KXDOGE15M-26OCT050000-00,0.0130,1.00,no
2026-10-05T03:56:26.015166Z,KXDOGE15M-26OCT050000-00,0.0150,21.00,no
2026-10-05T03:56:26.015166Z,KXDOGE15M-26OCT050000-00,0.0160,1.00,no
2026-10-05T03:56:26.015166Z,KXDOGE15M-26OCT050000-00,0.0140,6.00,no
2026-10-05T03:56:26.015166Z,KXDOGE15M-26OCT050000-00,0.0190,1.00,no
2026-10-05T03:56:26.015166Z,KXDOGE15M-26OCT050000-00,0.0150,10.00,no
2026-10-05T03:56:26.015166Z,KXDOGE15M-26OCT050000-00,0.0190,3.00,no
2026-10-05T03:56:26.015166Z,KXDOGE15M-26OCT050000-00,0.0190,10.00,no
2026-10-05T03:56:26.015166Z,KXDOGE15M-26OCT050000-00,0.0130,2.00,no
2026-10-05T03:56:26.015166Z,KXDOGE15M-26OCT050000-00,0.0130,11.00,no
2026-10-05T03:56:26.015166Z,KXDOGE15M-26OCT050000-00,0.0200,10.00,no
2026-10-05T03:56:26.015166Z,KXDOGE15M-26OCT050000-00,0.0170,3.00,no
2026-10-05T03:56:26.015166Z,KXDOGE15M-26OCT050000-00,0.0200,3.00,no
2026-10-05T03:56:26.015166Z,KXDOGE15M-26OCT050000-00,0.0170,5.00,no
2026-10-05T03:56:26.015166Z,KXDOGE15M-26OCT050000-00,0.0150,5.00,no
2026-10-05T03:56:26.015166Z,KXDOGE15M-26OCT050000-00,0.0180,1.00,no
2026-10-05T03:56:26.015166Z,KXDOGE15M-26OCT050000-00,0.0140,5.00,no
2026-10-05T03:56:26.015166Z,KXDOGE15M-26OCT050000-00,0.0130,5.00,no
2026-10-05T03:56:26.147545Z,KXDOGE15M-26OCT050000-00,0.0150,32.00,yes
2026-10-05T03:56:26.35385Z,KXDOGE15M-26OCT050000-00,0.0150,6.00,yes
2026-10-05T03:56:26.931497Z,KXDOGE15M-26OCT050000-00,0.0150,5.00,yes
2026-10-05T03:56:26.931497Z,KXDOGE15M-26OCT050000-00,0.0160,5.00,yes
2026-10-05T03:56:26.931497Z,KXDOGE15M-26OCT050000-00,0.0150,5.00,yes
2026-10-05T03:56:26.931497Z,KXDOGE15M-26OCT050000-00,0.0150,0.85,yes
2026-10-05T03:56:26.931497Z,KXDOGE15M-26OCT050000-00,0.0160,3.92,yes
2026-10-05T03:56:27.033857Z,KXDOGE15M-26OCT050000-00,0.0160,1.20,yes
2026-10-05T03:56:27.140307Z,KXDOGE15M-26OCT050000-00,0.0140,4.00,no
2026-10-05T03:56:27.140307Z,KXDOGE15M-26OCT050000-00,0.0150,3.00,no
2026-10-05T03:56:27.140307Z,KXDOGE15M-26OCT050000-00,0.0140,3.00,no
2026-10-05T03:56:27.141118Z,KXDOGE15M-26OCT050000-00,0.0140,10.00,no
2026-10-05T03:56:27.452218Z,KXDOGE15M-26OCT050000-00,0.0170,22.00,yes
2026-10-05T03:56:27.452218Z,KXDOGE15M-26OCT050000-00,0.0180,4.92,yes
2026-10-05T03:56:29.706829Z,KXDOGE15M-26OCT050000-00,0.0150,2.58,no
2026-10-05T03:56:30.431944Z,KXDOGE15M-26OCT050000-00,0.0120,10.00,no
2026-10-05T03:56:30.431944Z,KXDOGE15M-26OCT050000-00,0.0130,5.00,no
2026-10-05T03:56:30.431944Z,KXDOGE15M-26OCT050000-00,0.0140,8.00,no
2026-10-05T03:56:30.431944Z,KXDOGE15M-26OCT050000-00,0.0130,22.00,no
2026-10-05T03:56:30.432157Z,KXDOGE15M-26OCT050000-00,0.0120,1.00,no
2026-10-05T03:56:30.432157Z,KXDOGE15M-26OCT050000-00,0.0120,15.15,no
2026-10-05T03:56:30.432157Z,KXDOGE15M-26OCT050000-00,0.0120,5.00,no
2026-10-05T03:56:30.432157Z,KXDOGE15M-26OCT050000-00,0.0120,3.00,no
2026-10-05T03:56:30.432157Z,KXDOGE15M-26OCT050000-00,0.0120,1.00,no
2026-10-05T03:56:30.432157Z,KXDOGE15M-26OCT050000-00,0.0120,10.00,no
2026-10-05T03:56:30.448327Z,KXDOGE15M-26OCT050000-00,0.0110,52.00,no
2026-10-05T03:56:30.680788Z,KXDOGE15M-26OCT050000-00,0.0110,22.00,no
2026-10-05T03:56:30.680788Z,KXDOGE15M-26OCT050000-00,0.0110,18.00,no
2026-10-05T03:56:30.695511Z,KXDOGE15M-26OCT050000-00,0.0110,1.00,no
2026-10-05T03:56:30.695511Z,KXDOGE15M-26OCT050000-00,0.0110,33.00,no
2026-10-05T03:56:30.695511Z,KXDOGE15M-26OCT050000-00,0.0110,5.00,no
2026-10-05T03:56:30.695511Z,KXDOGE15M-26OCT050000-00,0.0110,1.00,no
2026-10-05T03:56:30.695511Z,KXDOGE15M-26OCT050000-00,0.0110,1.00,no
2026-10-05T03:56:30.720264Z,KXDOGE15M-26OCT050000-00,0.0130,5.00,yes
2026-10-05T03:56:30.720264Z,KXDOGE15M-26OCT050000-00,0.0120,5.00,yes
2026-10-05T03:56:30.720264Z,KXDOGE15M-26OCT050000-00,0.0130,46.00,yes
2026-10-05T03:56:30.720264Z,KXDOGE15M-26OCT050000-00,0.0140,1.00,yes
2026-10-05T03:56:33.70177Z,KXDOGE15M-26OCT050000-00,0.0140,12.00,no
2026-10-05T03:56:35.492412Z,KXDOGE15M-26OCT050000-00,0.0120,2.58,yes
2026-10-05T03:56:35.663602Z,KXDOGE15M-26OCT050000-00,0.0110,8.00,no
2026-10-05T03:56:35.694943Z,KXDOGE15M-26OCT050000-00,0.0110,8.15,no
2026-10-05T03:56:35.694943Z,KXDOGE15M-26OCT050000-00,0.0110,91.00,no
2026-10-05T03:56:35.867893Z,KXDOGE15M-26OCT050000-00,0.0110,3.00,no
2026-10-05T03:56:35.932073Z,KXDOGE15M-26OCT050000-00,0.0110,1.00,no
2026-10-05T03:56:35.985324Z,KXDOGE15M-26OCT050000-00,0.0110,1.00,no
2026-10-05T03:56:36.747403Z,KXDOGE15M-26OCT050000-00,0.0110,6.85,no
2026-10-05T03:56:36.747403Z,KXDOGE15M-26OCT050000-00,0.0110,2.00,no
2026-10-05T03:56:36.747403Z,KXDOGE15M-26OCT050000-00,0.0110,1.15,no
2026-10-05T03:56:37.734328Z,KXDOGE15M-26OCT050000-00,0.0170,41.82,yes
2026-10-05T03:56:37.734328Z,KXDOGE15M-26OCT050000-00,0.0120,2.00,yes
2026-10-05T03:56:37.734328Z,KXDOGE15M-26OCT050000-00,0.0120,4.00,yes
2026-10-05T03:56:37.734328Z,KXDOGE15M-26OCT050000-00,0.0120,1.00,yes
2026-10-05T03:56:37.734328Z,KXDOGE15M-26OCT050000-00,0.0130,2.00,yes
2026-10-05T03:56:37.734328Z,KXDOGE15M-26OCT050000-00,0.0140,1.00,yes
2026-10-05T03:56:37.734328Z,KXDOGE15M-26OCT050000-00,0.0120,7.42,yes
2026-10-05T03:56:39.140828Z,KXDOGE15M-26OCT050000-00,0.0110,7.00,no
2026-10-05T03:56:40.414559Z,KXDOGE15M-26OCT050000-00,0.0100,66.00,no
2026-10-05T03:56:40.414559Z,KXDOGE15M-26OCT050000-00,0.0100,12.14,no
2026-10-05T03:56:40.414559Z,KXDOGE15M-26OCT050000-00,0.0110,1.00,no
2026-10-05T03:56:40.414559Z,KXDOGE15M-26OCT050000-00,0.0110,1.85,no
2026-10-05T03:56:40.414559Z,KXDOGE15M-26OCT050000-00,0.0110,2.00,no
2026-10-05T03:56:40.414559Z,KXDOGE15M-26OCT050000-00,0.0110,1.00,no
2026-10-05T03:56:40.414559Z,KXDOGE15M-26OCT050000-00,0.0110,22.00,no
2026-10-05T03:56:40.414559Z,KXDOGE15M-26OCT050000-00,0.0110,8.00,no
2026-10-05T03:56:40.713758Z,KXDOGE15M-26OCT050000-00,0.0100,5.00,no
2026-10-05T03:56:41.840155Z,KXDOGE15M-26OCT050000-00,0.0110,2.00,yes
2026-10-05T03:56:41.840155Z,KXDOGE15M-26OCT050000-00,0.0110,8.00,yes
2026-10-05T03:56:41.840155Z,KXDOGE15M-26OCT050000-00,0.0110,14.00,yes
2026-10-05T03:56:41.840155Z,KXDOGE15M-26OCT050000-00,0.0150,1.87,yes
2026-10-05T03:56:41.840155Z,KXDOGE15M-26OCT050000-00,0.0150,1.00,yes
2026-10-05T03:56:41.840155Z,KXDOGE15M-26OCT050000-00,0.0140,44.00,yes
2026-10-05T03:56:43.582222Z,KXDOGE15M-26OCT050000-00,0.0110,2.00,yes
2026-10-05T03:56:43.582222Z,KXDOGE15M-26OCT050000-00,0.0130,0.08,yes
2026-10-05T03:56:43.582222Z,KXDOGE15M-26OCT050000-00,0.0140,0.09,yes
2026-10-05T03:56:43.582222Z,KXDOGE15M-26OCT050000-00,0.0110,0.08,yes
2026-10-05T03:56:43.582222Z,KXDOGE15M-26OCT050000-00,0.0110,20.00,yes
2026-10-05T03:56:43.582222Z,KXDOGE15M-26OCT050000-00,0.0120,0.08,yes
2026-10-05T03:56:43.582222Z,KXDOGE15M-26OCT050000-00,0.0150,34.30,yes
2026-10-05T03:56:43.582222Z,KXDOGE15M-26OCT050000-00,0.0140,10.00,yes
2026-10-05T03:56:43.585043Z,KXDOGE15M-26OCT050000-00,0.0100,2.62,no
2026-10-05T03:56:43.791057Z,KXDOGE15M-26OCT050000-00,0.0110,8.00,no
2026-10-05T03:56:43.791057Z,KXDOGE15M-26OCT050000-00,0.0110,12.00,no
2026-10-05T03:56:44.554893Z,KXDOGE15M-26OCT050000-00,0.0100,80.24,no
2026-10-05T03:56:44.554893Z,KXDOGE15M-26OCT050000-00,0.0100,75.00,no
2026-10-05T03:56:44.554893Z,KXDOGE15M-26OCT050000-00,0.0100,5.00,no
2026-10-05T03:56:44.554893Z,KXDOGE15M-26OCT050000-00,0.0100,20.00,no
2026-10-05T03:56:44.554893Z,KXDOGE15M-26OCT050000-00,0.0100,18.42,no
2026-10-05T03:56:44.554893Z,KXDOGE15M-26OCT050000-00,0.0100,103.34,no
2026-10-05T03:56:44.662424Z,KXDOGE15M-26OCT050000-00,0.0080,1.00,no
2026-10-05T03:56:44.662424Z,KXDOGE15M-26OCT050000-00,0.0090,5.00,no
2026-10-05T03:56:44.662424Z,KXDOGE15M-26OCT050000-00,0.0080,5.00,no
2026-10-05T03:56:44.662424Z,KXDOGE15M-26OCT050000-00,0.0100,2.00,no
2026-10-05T03:56:44.662424Z,KXDOGE15M-26OCT050000-00,0.0100,196.66,no
2026-10-05T03:56:44.662424Z,KXDOGE15M-26OCT050000-00,0.0080,110.50,no
2026-10-05T03:56:44.662424Z,KXDOGE15M-26OCT050000-00,0.0090,24.00,no
2026-10-05T03:56:44.902305Z,KXDOGE15M-26OCT050000-00,0.0100,1.00,yes
2026-10-05T03:56:44.930649Z,KXDOGE15M-26OCT050000-00,0.0100,3.00,yes
2026-10-05T03:56:45.414861Z,KXDOGE15M-26OCT050000-00,0.0100,1.00,yes
2026-10-05T03:56:45.414861Z,KXDOGE15M-26OCT050000-00,0.0100,4.00,yes
2026-10-05T03:56:45.42298Z,KXDOGE15M-26OCT050000-00,0.0100,1.00,yes
2026-10-05T03:56:45.813813Z,KXDOGE15M-26OCT050000-00,0.0100,0.08,yes
2026-10-05T03:56:45.847524Z,KXDOGE15M-26OCT050000-00,0.0110,0.08,yes
2026-10-05T03:56:45.847524Z,KXDOGE15M-26OCT050000-00,0.0110,75.00,yes
2026-10-05T03:56:45.847524Z,KXDOGE15M-26OCT050000-00,0.0110,5.00,yes
2026-10-05T03:56:45.933666Z,KXDOGE15M-26OCT050000-00,0.0120,0.08,yes
2026-10-05T03:56:46.206452Z,KXDOGE15M-26OCT050000-00,0.0150,29.83,yes
2026-10-05T03:56:46.899186Z,KXDOGE15M-26OCT050000-00,0.0120,10.00,no
2026-10-05T03:56:46.899186Z,KXDOGE15M-26OCT050000-00,0.0150,16.00,no
2026-10-05T03:56:46.907769Z,KXDOGE15M-26OCT050000-00,0.0120,1.00,yes
2026-10-05T03:56:46.917445Z,KXDOGE15M-26OCT050000-00,0.0130,8.00,yes
2026-10-05T03:56:47.146412Z,KXDOGE15M-26OCT050000-00,0.0130,12.00,yes
2026-10-05T03:56:47.155989Z,KXDOGE15M-26OCT050000-00,0.0130,2.00,yes
2026-10-05T03:56:47.16331Z,KXDOGE15M-26OCT050000-00,0.0130,2.00,yes
2026-10-05T03:56:47.41974Z,KXDOGE15M-26OCT050000-00,0.0110,3.00,no
2026-10-05T03:56:47.41974Z,KXDOGE15M-26OCT050000-00,0.0120,36.00,no
2026-10-05T03:56:47.41974Z,KXDOGE15M-26OCT050000-00,0.0110,11.00,no
2026-10-05T03:56:48.32198Z,KXDOGE15M-26OCT050000-00,0.0110,11.69,yes
2026-10-05T03:56:48.744197Z,KXDOGE15M-26OCT050000-00,0.0100,80.00,no
2026-10-05T03:56:48.744287Z,KXDOGE15M-26OCT050000-00,0.0100,31.00,no
2026-10-05T03:56:48.744287Z,KXDOGE15M-26OCT050000-00,0.0100,13.00,no
2026-10-05T03:56:48.744287Z,KXDOGE15M-26OCT050000-00,0.0100,19.92,no
2026-10-05T03:56:48.895507Z,KXDOGE15M-26OCT050000-00,0.0090,10.00,no
2026-10-05T03:56:49.159291Z,KXDOGE15M-26OCT050000-00,0.0170,19.00,yes
2026-10-05T03:56:49.159291Z,KXDOGE15M-26OCT050000-00,0.0140,1.00,yes
2026-10-05T03:56:49.159291Z,KXDOGE15M-26OCT050000-00,0.0160,1.00,yes
2026-10-05T03:56:49.159291Z,KXDOGE15M-26OCT050000-00,0.0130,2.00,yes
2026-10-05T03:56:49.159291Z,KXDOGE15M-26OCT050000-00,0.0130,3.00,yes
2026-10-05T03:56:49.159291Z,KXDOGE15M-26OCT050000-00,0.0170,3.00,yes
2026-10-05T03:56:49.159291Z,KXDOGE15M-26OCT050000-00,0.0150,1.00,yes
2026-10-05T03:56:49.159291Z,KXDOGE15M-26OCT050000-00,0.0100,3.00,yes
2026-10-05T03:56:49.159291Z,KXDOGE15M-26OCT050000-00,0.0110,0.08,yes
2026-10-05T03:56:49.159291Z,KXDOGE15M-26OCT050000-00,0.0080,21.00,yes
2026-10-05T03:56:49.159291Z,KXDOGE15M-26OCT050000-00,0.0090,4.00,yes
2026-10-05T03:56:49.159291Z,KXDOGE15M-26OCT050000-00,0.0160,3.00,yes
2026-10-05T03:56:49.159291Z,KXDOGE15M-26OCT050000-00,0.0140,3.00,yes
2026-10-05T03:56:49.159291Z,KXDOGE15M-26OCT050000-00,0.0100,0.08,yes
2026-10-05T03:56:49.159291Z,KXDOGE15M-26OCT050000-00,0.0090,0.08,yes
2026-10-05T03:56:49.159291Z,KXDOGE15M-26OCT050000-00,0.0150,27.00,yes
2026-10-05T03:56:49.159291Z,KXDOGE15M-26OCT050000-00,0.0130,3.00,yes
2026-10-05T03:56:49.159291Z,KXDOGE15M-26OCT050000-00,0.0140,27.00,yes
2026-10-05T03:56:49.159291Z,KXDOGE15M-26OCT050000-00,0.0160,29.00,yes
2026-10-05T03:56:49.159291Z,KXDOGE15M-26OCT050000-00,0.0170,29.00,yes
2026-10-05T03:56:49.159291Z,KXDOGE15M-26OCT050000-00,0.0140,0.08,yes
2026-10-05T03:56:49.159291Z,KXDOGE15M-26OCT050000-00,0.0160,0.08,yes
2026-10-05T03:56:49.159291Z,KXDOGE15M-26OCT050000-00,0.0130,0.08,yes
2026-10-05T03:56:49.159291Z,KXDOGE15M-26OCT050000-00,0.0150,0.09,yes
2026-10-05T03:56:49.159291Z,KXDOGE15M-26OCT050000-00,0.0120,0.08,yes
2026-10-05T03:56:49.159291Z,KXDOGE15M-26OCT050000-00,0.0120,1.00,yes
2026-10-05T03:56:49.159291Z,KXDOGE15M-26OCT050000-00,0.0170,0.08,yes
2026-10-05T03:56:49.159291Z,KXDOGE15M-26OCT050000-00,0.0130,1.00,yes
2026-10-05T03:56:49.159291Z,KXDOGE15M-26OCT050000-00,0.0140,10.00,yes
2026-10-05T03:56:49.159291Z,KXDOGE15M-26OCT050000-00,0.0130,46.00,yes
2026-10-05T03:56:49.159291Z,KXDOGE15M-26OCT050000-00,0.0180,18.00,yes
2026-10-05T03:56:49.159291Z,KXDOGE15M-26OCT050000-00,0.0180,30.39,yes
2026-10-05T03:56:49.159291Z,KXDOGE15M-26OCT050000-00,0.0180,0.08,yes
2026-10-05T03:56:49.159291Z,KXDOGE15M-26OCT050000-00,0.0120,1.00,yes
2026-10-05T03:56:49.604671Z,KXDOGE15M-26OCT050000-00,0.0100,2.62,yes
2026-10-05T03:56:50.037843Z,KXDOGE15M-26OCT050000-00,0.0100,37.38,yes
2026-10-05T03:56:50.037843Z,KXDOGE15M-26OCT050000-00,0.0100,54.62,yes
2026-10-05T03:56:52.096098Z,KXDOGE15M-26OCT050000-00,0.0100,0.33,yes
2026-10-05T03:56:52.325618Z,KXDOGE15M-26OCT050000-00,0.0050,11.00,no
2026-10-05T03:56:52.325618Z,KXDOGE15M-26OCT050000-00,0.0050,350.00,no
2026-10-05T03:56:52.325618Z,KXDOGE15M-26OCT050000-00,0.0050,1.00,no
2026-10-05T03:56:52.325618Z,KXDOGE15M-26OCT050000-00,0.0040,97.22,no
2026-10-05T03:56:52.325618Z,KXDOGE15M-26OCT050000-00,0.0070,5.00,no
2026-10-05T03:56:52.325618Z,KXDOGE15M-26OCT050000-00,0.0060,5.00,no
2026-10-05T03:56:52.325618Z,KXDOGE15M-26OCT050000-00,0.0050,5.00,no
2026-10-05T03:56:52.325618Z,KXDOGE15M-26OCT050000-00,0.0050,8.00,no
2026-10-05T03:56:52.325618Z,KXDOGE15M-26OCT050000-00,0.0070,1.00,no
2026-10-05T03:56:52.325618Z,KXDOGE15M-26OCT050000-00,0.0040,1.00,no
2026-10-05T03:56:52.325618Z,KXDOGE15M-26OCT050000-00,0.0060,1.00,no
2026-10-05T03:56:52.325618Z,KXDOGE15M-26OCT050000-00,0.0050,1.00,no
2026-10-05T03:56:52.325618Z,KXDOGE15M-26OCT050000-00,0.0050,6.00,no
2026-10-05T03:56:52.325618Z,KXDOGE15M-26OCT050000-00,0.0060,10.00,no
2026-10-05T03:56:52.325618Z,KXDOGE15M-26OCT050000-00,0.0080,21.00,no
2026-10-05T03:56:52.325618Z,KXDOGE15M-26OCT050000-00,0.0090,20.00,no
2026-10-05T03:56:52.325618Z,KXDOGE15M-26OCT050000-00,0.0080,10.00,no
2026-10-05T03:56:52.325618Z,KXDOGE15M-26OCT050000-00,0.0080,25.00,no
2026-10-05T03:56:52.325618Z,KXDOGE15M-26OCT050000-00,0.0050,5.00,no
2026-10-05T03:56:52.325618Z,KXDOGE15M-26OCT050000-00,0.0060,500.00,no
2026-10-05T03:56:52.325618Z,KXDOGE15M-26OCT050000-00,0.0050,600.00,no
2026-10-05T03:56:52.325618Z,KXDOGE15M-26OCT050000-00,0.0070,428.00,no
2026-10-05T03:56:52.677404Z,KXDOGE15M-26OCT050000-00,0.0070,5.00,yes
2026-10-05T03:56:53.348482Z,KXDOGE15M-26OCT050000-00,0.0070,15.00,yes
2026-10-05T03:56:53.348482Z,KXDOGE15M-26OCT050000-00,0.0100,26.05,yes
2026-10-05T03:56:53.348482Z,KXDOGE15M-26OCT050000-00,0.0150,3.00,yes
2026-10-05T03:56:53.348482Z,KXDOGE15M-26OCT050000-00,0.0130,10.00,yes
2026-10-05T03:56:53.348482Z,KXDOGE15M-26OCT050000-00,0.0160,0.09,yes
2026-10-05T03:56:53.348482Z,KXDOGE15M-26OCT050000-00,0.0160,44.00,yes
2026-10-05T03:56:53.348482Z,KXDOGE15M-26OCT050000-00,0.0170,9.80,yes
2026-10-05T03:56:53.348482Z,KXDOGE15M-26OCT050000-00,0.0150,0.08,yes
2026-10-05T03:56:53.348482Z,KXDOGE15M-26OCT050000-00,0.0140,0.08,yes
2026-10-05T03:56:53.348482Z,KXDOGE15M-26OCT050000-00,0.0090,4.00,yes
2026-10-05T03:56:53.348482Z,KXDOGE15M-26OCT050000-00,0.0100,1.00,yes
2026-10-05T03:56:53.348482Z,KXDOGE15M-26OCT050000-00,0.0070,5.00,yes
2026-10-05T03:56:53.348482Z,KXDOGE15M-26OCT050000-00,0.0080,15.00,yes
2026-10-05T03:56:53.348482Z,KXDOGE15M-26OCT050000-00,0.0080,5.00,yes
2026-10-05T03:56:53.348482Z,KXDOGE15M-26OCT050000-00,0.0110,2.00,yes
2026-10-05T03:56:53.348482Z,KXDOGE15M-26OCT050000-00,0.0130,12.00,yes
2026-10-05T03:56:54.037129Z,KXDOGE15M-26OCT050000-00,0.0090,4.00,no
2026-10-05T03:56:54.21702Z,KXDOGE15M-26OCT050000-00,0.0090,3.00,no
2026-10-05T03:56:54.696164Z,KXDOGE15M-26OCT050000-00,0.0080,16.00,no
2026-10-05T03:56:54.725799Z,KXDOGE15M-26OCT050000-00,0.0080,4.00,no
2026-10-05T03:56:54.728434Z,KXDOGE15M-26OCT050000-00,0.0070,10.00,no
2026-10-05T03:56:54.728434Z,KXDOGE15M-26OCT050000-00,0.0070,23.00,no
2026-10-05T03:56:54.973575Z,KXDOGE15M-26OCT050000-00,0.0070,96.00,yes
2026-10-05T03:56:54.973575Z,KXDOGE15M-26OCT050000-00,0.0070,37.00,yes
2026-10-05T03:56:55.12273Z,KXDOGE15M-26OCT050000-00,0.0060,6.38,no
2026-10-05T03:56:55.717849Z,KXDOGE15M-26OCT050000-00,0.0050,25.00,no
2026-10-05T03:56:55.717849Z,KXDOGE15M-26OCT050000-00,0.0060,26.00,no
2026-10-05T03:56:55.717849Z,KXDOGE15M-26OCT050000-00,0.0060,3.62,no
2026-10-05T03:56:55.717849Z,KXDOGE15M-26OCT050000-00,0.0050,9.00,no
2026-10-05T03:56:56.233351Z,KXDOGE15M-26OCT050000-00,0.0060,5.00,no
2026-10-05T03:56:56.667969Z,KXDOGE15M-26OCT050000-00,0.0050,21.38,no
2026-10-05T03:56:56.667969Z,KXDOGE15M-26OCT050000-00,0.0060,15.00,no
2026-10-05T03:56:56.969926Z,KXDOGE15M-26OCT050000-00,0.0080,102.56,yes
2026-10-05T03:56:56.969926Z,KXDOGE15M-26OCT050000-00,0.0070,2.00,yes
2026-10-05T03:56:56.969926Z,KXDOGE15M-26OCT050000-00,0.0070,1.00,yes
2026-10-05T03:56:56.969926Z,KXDOGE15M-26OCT050000-00,0.0060,8.00,yes
2026-10-05T03:56:56.969926Z,KXDOGE15M-26OCT050000-00,0.0060,5.00,yes
2026-10-05T03:56:58.185429Z,KXDOGE15M-26OCT050000-00,0.0050,2.61,no
2026-10-05T03:57:00.211535Z,KXDOGE15M-26OCT050000-00,0.0080,146.44,yes
2026-10-05T03:57:00.211535Z,KXDOGE15M-26OCT050000-00,0.0090,50.38,yes
2026-10-05T03:57:00.211535Z,KXDOGE15M-26OCT050000-00,0.0090,13.00,yes
2026-10-05T03:57:00.211535Z,KXDOGE15M-26OCT050000-00,0.0060,16.00,yes
2026-10-05T03:57:00.211535Z,KXDOGE15M-26OCT050000-00,0.0060,3.00,yes
2026-10-05T03:57:00.485065Z,KXDOGE15M-26OCT050000-00,0.0050,21.38,no
2026-10-05T03:57:00.485065Z,KXDOGE15M-26OCT050000-00,0.0050,1.01,no
2026-10-05T03:57:00.485065Z,KXDOGE15M-26OCT050000-00,0.0050,2.61,no
2026-10-05T03:57:03.663153Z,KXDOGE15M-26OCT050000-00,0.0060,2.61,yes
2026-10-05T03:57:04.300431Z,KXDOGE15M-26OCT050000-00,0.0050,10.75,yes
2026-10-05T03:57:05.475603Z,KXDOGE15M-26OCT050000-00,0.0060,15.58,yes
2026-10-05T03:57:06.070212Z,KXDOGE15M-26OCT050000-00,0.0050,5.94,no
2026-10-05T03:57:06.917596Z,KXDOGE15M-26OCT050000-00,0.0040,13.00,no
2026-10-05T03:57:06.917596Z,KXDOGE15M-26OCT050000-00,0.0040,1.00,no
2026-10-05T03:57:06.917596Z,KXDOGE15M-26OCT050000-00,0.0040,1.00,no
2026-10-05T03:57:06.917596Z,KXDOGE15M-26OCT050000-00,0.0040,1.00,no
2026-10-05T03:57:06.917596Z,KXDOGE15M-26OCT050000-00,0.0040,5.00,no
2026-10-05T03:57:06.917596Z,KXDOGE15M-26OCT050000-00,0.0040,1.00,no
2026-10-05T03:57:06.917596Z,KXDOGE15M-26OCT050000-00,0.0040,1.00,no
2026-10-05T03:57:06.917596Z,KXDOGE15M-26OCT050000-00,0.0050,5.94,no
2026-10-05T03:57:06.917596Z,KXDOGE15M-26OCT050000-00,0.0060,15.00,no
2026-10-05T03:57:06.917596Z,KXDOGE15M-26OCT050000-00,0.0050,19.06,no
2026-10-05T03:57:07.062572Z,KXDOGE15M-26OCT050000-00,0.0030,30.03,no
2026-10-05T03:57:07.341548Z,KXDOGE15M-26OCT050000-00,0.0050,5.00,yes
2026-10-05T03:57:09.381785Z,KXDOGE15M-26OCT050000-00,0.0050,4.00,no
2026-10-05T03:57:10.121887Z,KXDOGE15M-26OCT050000-00,0.0050,1.00,no
2026-10-05T03:57:11.11377Z,KXDOGE15M-26OCT050000-00,0.0060,10.00,yes
2026-10-05T03:57:11.11377Z,KXDOGE15M-26OCT050000-00,0.0060,13.00,yes
2026-10-05T03:57:11.11377Z,KXDOGE15M-26OCT050000-00,0.0060,1.00,yes
2026-10-05T03:57:11.11377Z,KXDOGE15M-26OCT050000-00,0.0060,4.00,yes
2026-10-05T03:57:13.234523Z,KXDOGE15M-26OCT050000-00,0.0100,19.00,yes
2026-10-05T03:57:13.234523Z,KXDOGE15M-26OCT050000-00,0.0060,2.00,yes
2026-10-05T03:57:13.234523Z,KXDOGE15M-26OCT050000-00,0.0060,6.00,yes
2026-10-05T03:57:13.234523Z,KXDOGE15M-26OCT050000-00,0.0090,10.00,yes
2026-10-05T03:57:13.234523Z,KXDOGE15M-26OCT050000-00,0.0100,1.00,yes
2026-10-05T03:57:13.234523Z,KXDOGE15M-26OCT050000-00,0.0080,5.00,yes
2026-10-05T03:57:13.234523Z,KXDOGE15M-26OCT050000-00,0.0100,60.00,yes
2026-10-05T03:57:13.234523Z,KXDOGE15M-26OCT050000-00,0.0100,3.00,yes
2026-10-05T03:57:13.234523Z,KXDOGE15M-26OCT050000-00,0.0100,1.00,yes
2026-10-05T03:57:13.234523Z,KXDOGE15M-26OCT050000-00,0.0120,1.00,yes
2026-10-05T03:57:13.234523Z,KXDOGE15M-26OCT050000-00,0.0070,4.00,yes
2026-10-05T03:57:13.234523Z,KXDOGE15M-26OCT050000-00,0.0090,5.00,yes
2026-10-05T03:57:13.234523Z,KXDOGE15M-26OCT050000-00,0.0110,3.00,yes
2026-10-05T03:57:13.234523Z,KXDOGE15M-26OCT050000-00,0.0090,1.00,yes
2026-10-05T03:57:13.234523Z,KXDOGE15M-26OCT050000-00,0.0080,2.00,yes
2026-10-05T03:57:13.234523Z,KXDOGE15M-26OCT050000-00,0.0070,2.00,yes
2026-10-05T03:57:13.234523Z,KXDOGE15M-26OCT050000-00,0.0100,414.00,yes
2026-10-05T03:57:13.234523Z,KXDOGE15M-26OCT050000-00,0.0110,1.00,yes
2026-10-05T03:57:13.234523Z,KXDOGE15M-26OCT050000-00,0.0090,363.62,yes
2026-10-05T03:57:13.234523Z,KXDOGE15M-26OCT050000-00,0.0120,27.00,yes
2026-10-05T03:57:13.234523Z,KXDOGE15M-26OCT050000-00,0.0130,28.78,yes
2026-10-05T03:57:13.62924Z,KXDOGE15M-26OCT050000-00,0.0070,24.00,yes
2026-10-05T03:57:14.093093Z,KXDOGE15M-26OCT050000-00,0.0070,29.50,no
2026-10-05T03:57:14.287282Z,KXDOGE15M-26OCT050000-00,0.0070,12.00,no
2026-10-05T03:57:14.294582Z,KXDOGE15M-26OCT050000-00,0.0070,4.00,no
2026-10-05T03:57:14.302932Z,KXDOGE15M-26OCT050000-00,0.0070,1.00,no
2026-10-05T03:57:14.897829Z,KXDOGE15M-26OCT050000-00,0.0070,2.00,no
2026-10-05T03:57:14.904475Z,KXDOGE15M-26OCT050000-00,0.0070,1.00,no
2026-10-05T03:57:15.599405Z,KXDOGE15M-26OCT050000-00,0.0070,5.00,no
2026-10-05T03:57:15.608277Z,KXDOGE15M-26OCT050000-00,0.0070,2.00,no
2026-10-05T03:57:15.711286Z,KXDOGE15M-26OCT050000-00,0.0070,3.00,no
2026-10-05T03:57:15.932413Z,KXDOGE15M-26OCT050000-00,0.0070,2.00,no
2026-10-05T03:57:15.93832Z,KXDOGE15M-26OCT050000-00,0.0070,1.00,no
2026-10-05T03:57:18.126205Z,KXDOGE15M-26OCT050000-00,0.0080,0.13,yes
2026-10-05T03:57:19.237134Z,KXDOGE15M-26OCT050000-00,0.0030,5.00,no
2026-10-05T03:57:19.237134Z,KXDOGE15M-26OCT050000-00,0.0030,250.00,no
2026-10-05T03:57:19.237134Z,KXDOGE15M-26OCT050000-00,0.0030,30.00,no
2026-10-05T03:57:19.237134Z,KXDOGE15M-26OCT050000-00,0.0030,2.00,no
2026-10-05T03:57:19.237134Z,KXDOGE15M-26OCT050000-00,0.0030,2.00,no
2026-10-05T03:57:19.237134Z,KXDOGE15M-26OCT050000-00,0.0030,2.00,no
2026-10-05T03:57:19.237134Z,KXDOGE15M-26OCT050000-00,0.0030,18.00,no
2026-10-05T03:57:19.237134Z,KXDOGE15M-26OCT050000-00,0.0030,2.00,no
2026-10-05T03:57:19.237134Z,KXDOGE15M-26OCT050000-00,0.0030,2.00,no
2026-10-05T03:57:19.237134Z,KXDOGE15M-26OCT050000-00,0.0030,10.00,no
2026-10-05T03:57:19.237134Z,KXDOGE15M-26OCT050000-00,0.0060,25.00,no
2026-10-05T03:57:19.237134Z,KXDOGE15M-26OCT050000-00,0.0030,62.50,no
2026-10-05T03:57:19.237134Z,KXDOGE15M-26OCT050000-00,0.0070,13.50,no
2026-10-05T03:57:19.237134Z,KXDOGE15M-26OCT050000-00,0.0040,27.00,no
2026-10-05T03:57:19.296896Z,KXDOGE15M-26OCT050000-00,0.0060,10.12,no
2026-10-05T03:57:19.774664Z,KXDOGE15M-26OCT050000-00,0.0050,2.00,yes
2026-10-05T03:57:19.782089Z,KXDOGE15M-26OCT050000-00,0.0050,2.00,yes
2026-10-05T03:57:20.183423Z,KXDOGE15M-26OCT050000-00,0.0050,1.00,yes
2026-10-05T03:57:20.301723Z,KXDOGE15M-26OCT050000-00,0.0060,6.45,yes
2026-10-05T03:57:20.301723Z,KXDOGE15M-26OCT050000-00,0.0060,11.00,yes
2026-10-05T03:57:22.068649Z,KXDOGE15M-26OCT050000-00,0.0060,7.00,no
2026-10-05T03:57:22.068649Z,KXDOGE15M-26OCT050000-00,0.0060,14.00,no
2026-10-05T03:57:23.087426Z,KXDOGE15M-26OCT050000-00,0.0050,23.09,no
2026-10-05T03:57:25.377739Z,KXDOGE15M-26OCT050000-00,0.0050,13.00,yes
2026-10-05T03:57:25.377739Z,KXDOGE15M-26OCT050000-00,0.0060,24.34,yes
2026-10-05T03:57:26.703654Z,KXDOGE15M-26OCT050000-00,0.0050,17.61,yes
2026-10-05T03:57:26.703654Z,KXDOGE15M-26OCT050000-00,0.0050,8.00,yes
2026-10-05T03:57:28.419766Z,KXDOGE15M-26OCT050000-00,0.0040,25.00,no
2026-10-05T03:57:28.419766Z,KXDOGE15M-26OCT050000-00,0.0040,13.16,no
2026-10-05T03:57:29.659686Z,KXDOGE15M-26OCT050000-00,0.0050,31.00,yes
2026-10-05T03:57:29.666727Z,KXDOGE15M-26OCT050000-00,0.0050,12.00,yes
2026-10-05T03:57:30.042244Z,KXDOGE15M-26OCT050000-00,0.0050,56.91,yes
2026-10-05T03:57:30.05739Z,KXDOGE15M-26OCT050000-00,0.0050,20.00,yes
2026-10-05T03:57:30.065138Z,KXDOGE15M-26OCT050000-00,0.0050,2.00,yes
2026-10-05T03:57:30.489112Z,KXDOGE15M-26OCT050000-00,0.0050,19.68,yes
2026-10-05T03:57:30.539515Z,KXDOGE15M-26OCT050000-00,0.0050,31.00,yes
2026-10-05T03:57:30.555274Z,KXDOGE15M-26OCT050000-00,0.0050,2.00,yes
2026-10-05T03:57:33.568125Z,KXDOGE15M-26OCT050000-00,0.0040,13.84,no
2026-10-05T03:57:33.568125Z,KXDOGE15M-26OCT050000-00,0.0040,2.16,no
2026-10-05T03:57:33.57463Z,KXDOGE15M-26OCT050000-00,0.0040,27.84,no
2026-10-05T03:57:33.57463Z,KXDOGE15M-26OCT050000-00,0.0040,6.16,no
2026-10-05T03:57:33.577458Z,KXDOGE15M-26OCT050000-00,0.0040,7.00,no
2026-10-05T03:57:33.577458Z,KXDOGE15M-26OCT050000-00,0.0040,5.00,no
2026-10-05T03:57:33.577458Z,KXDOGE15M-26OCT050000-00,0.0040,13.84,no
2026-10-05T03:57:35.831312Z,KXDOGE15M-26OCT050000-00,0.0030,10.00,no
2026-10-05T03:57:35.838558Z,KXDOGE15M-26OCT050000-00,0.0030,10.00,no
2026-10-05T03:57:35.850495Z,KXDOGE15M-26OCT050000-00,0.0030,10.00,no
2026-10-05T03:57:37.594821Z,KXDOGE15M-26OCT050000-00,0.0040,41.00,yes
2026-10-05T03:57:37.594821Z,KXDOGE15M-26OCT050000-00,0.0040,40.00,yes
2026-10-05T03:57:37.594821Z,KXDOGE15M-26OCT050000-00,0.0040,40.00,yes
2026-10-05T03:57:37.594821Z,KXDOGE15M-26OCT050000-00,0.0040,40.00,yes
2026-10-05T03:57:37.594821Z,KXDOGE15M-26OCT050000-00,0.0040,2.18,yes
2026-10-05T03:57:37.594821Z,KXDOGE15M-26OCT050000-00,0.0040,14.16,yes
2026-10-05T03:57:37.594821Z,KXDOGE15M-26OCT050000-00,0.0040,40.00,yes
2026-10-05T03:57:41.081721Z,KXDOGE15M-26OCT050000-00,0.0040,21.00,yes
2026-10-05T03:57:41.081721Z,KXDOGE15M-26OCT050000-00,0.0040,37.82,yes
2026-10-05T03:57:41.081721Z,KXDOGE15M-26OCT050000-00,0.0040,10.00,yes
2026-10-05T03:57:41.081721Z,KXDOGE15M-26OCT050000-00,0.0040,18.00,yes
2026-10-05T03:57:41.081721Z,KXDOGE15M-26OCT050000-00,0.0040,10.00,yes
2026-10-05T03:57:41.081721Z,KXDOGE15M-26OCT050000-00,0.0040,132.22,yes
2026-10-05T03:57:43.572828Z,KXDOGE15M-26OCT050000-00,0.0020,41.69,no
2026-10-05T03:57:43.572828Z,KXDOGE15M-26OCT050000-00,0.0020,400.00,no
2026-10-05T03:57:43.572828Z,KXDOGE15M-26OCT050000-00,0.0030,40.00,no
2026-10-05T03:57:43.572828Z,KXDOGE15M-26OCT050000-00,0.0030,35.00,no
2026-10-05T03:57:43.572828Z,KXDOGE15M-26OCT050000-00,0.0030,10.00,no
2026-10-05T03:57:43.572828Z,KXDOGE15M-26OCT050000-00,0.0030,230.00,no
2026-10-05T03:57:44.345329Z,KXDOGE15M-26OCT050000-00,0.0040,340.29,yes
2026-10-05T03:57:44.345329Z,KXDOGE15M-26OCT050000-00,0.0040,117.78,yes
2026-10-05T03:57:45.931831Z,KXDOGE15M-26OCT050000-00,0.0030,5.00,no
2026-10-05T03:57:46.139337Z,KXDOGE15M-26OCT050000-00,0.0030,8.00,no
2026-10-05T03:57:46.681288Z,KXDOGE15M-26OCT050000-00,0.0180,0.09,yes
2026-10-05T03:57:46.681288Z,KXDOGE15M-26OCT050000-00,0.0180,29.00,yes
2026-10-05T03:57:46.681288Z,KXDOGE15M-26OCT050000-00,0.0180,2.61,yes
2026-10-05T03:57:46.681288Z,KXDOGE15M-26OCT050000-00,0.0100,160.00,yes
2026-10-05T03:57:46.681288Z,KXDOGE15M-26OCT050000-00,0.0100,30.00,yes
2026-10-05T03:57:46.681288Z,KXDOGE15M-26OCT050000-00,0.0040,10.00,yes
2026-10-05T03:57:46.681288Z,KXDOGE15M-26OCT050000-00,0.0100,100.00,yes
2026-10-05T03:57:46.681288Z,KXDOGE15M-26OCT050000-00,0.0180,0.44,yes
2026-10-05T03:57:46.681288Z,KXDOGE15M-26OCT050000-00,0.0150,1.00,yes
2026-10-05T03:57:46.681288Z,KXDOGE15M-26OCT050000-00,0.0150,41.00,yes
2026-10-05T03:57:46.681288Z,KXDOGE15M-26OCT050000-00,0.0140,41.00,yes
2026-10-05T03:57:46.681288Z,KXDOGE15M-26OCT050000-00,0.0170,41.00,yes
2026-10-05T03:57:46.681288Z,KXDOGE15M-26OCT050000-00,0.0160,41.00,yes
2026-10-05T03:57:46.681288Z,KXDOGE15M-26OCT050000-00,0.0180,40.00,yes
2026-10-05T03:57:46.681288Z,KXDOGE15M-26OCT050000-00,0.0130,13.22,yes
2026-10-05T03:57:46.681288Z,KXDOGE15M-26OCT050000-00,0.0150,0.11,yes
2026-10-05T03:57:46.681288Z,KXDOGE15M-26OCT050000-00,0.0140,0.10,yes
2026-10-05T03:57:46.681288Z,KXDOGE15M-26OCT050000-00,0.0160,0.12,yes
2026-10-05T03:57:46.681288Z,KXDOGE15M-26OCT050000-00,0.0180,4.00,yes
2026-10-05T03:57:46.681288Z,KXDOGE15M-26OCT050000-00,0.0170,0.10,yes
2026-10-05T03:57:46.681288Z,KXDOGE15M-26OCT050000-00,0.0130,10.00,yes
2026-10-05T03:57:46.681288Z,KXDOGE15M-26OCT050000-00,0.0060,1.00,yes
2026-10-05T03:57:46.681288Z,KXDOGE15M-26OCT050000-00,0.0040,230.00,yes
2026-10-05T03:57:46.681288Z,KXDOGE15M-26OCT050000-00,0.0040,663.71,yes
2026-10-05T03:57:46.681288Z,KXDOGE15M-26OCT050000-00,0.0080,2.00,yes
2026-10-05T03:57:46.681288Z,KXDOGE15M-26OCT050000-00,0.0070,1.00,yes
2026-10-05T03:57:46.681288Z,KXDOGE15M-26OCT050000-00,0.0050,400.00,yes
2026-10-05T03:57:46.681288Z,KXDOGE15M-26OCT050000-00,0.0100,60.00,yes
2026-10-05T03:57:46.681288Z,KXDOGE15M-26OCT050000-00,0.0110,3.00,yes
2026-10-05T03:57:46.681288Z,KXDOGE15M-26OCT050000-00,0.0170,8.00,yes
2026-10-05T03:57:46.681288Z,KXDOGE15M-26OCT050000-00,0.0050,30.00,yes
2026-10-05T03:57:46.681288Z,KXDOGE15M-26OCT050000-00,0.0120,3.00,yes
2026-10-05T03:57:46.681288Z,KXDOGE15M-26OCT050000-00,0.0050,825.41,yes
2026-10-05T03:57:46.681288Z,KXDOGE15M-26OCT050000-00,0.0160,1.00,yes
2026-10-05T03:57:46.681288Z,KXDOGE15M-26OCT050000-00,0.0140,46.00,yes
2026-10-05T03:57:47.634574Z,KXDOGE15M-26OCT050000-00,0.0030,4.00,no
2026-10-05T03:57:47.643447Z,KXDOGE15M-26OCT050000-00,0.0030,9.00,no
2026-10-05T03:57:48.010651Z,KXDOGE15M-26OCT050000-00,0.0030,10.00,no
2026-10-05T03:57:48.075598Z,KXDOGE15M-26OCT050000-00,0.0030,5.00,no
2026-10-05T03:57:48.075598Z,KXDOGE15M-26OCT050000-00,0.0030,4.00,no
2026-10-05T03:57:48.173839Z,KXDOGE15M-26OCT050000-00,0.0030,5.00,no
2026-10-05T03:57:48.173839Z,KXDOGE15M-26OCT050000-00,0.0030,2.00,no
2026-10-05T03:57:48.419822Z,KXDOGE15M-26OCT050000-00,0.0040,1.64,yes
2026-10-05T03:57:48.801205Z,KXDOGE15M-26OCT050000-00,0.0030,3.00,no
2026-10-05T03:57:48.801205Z,KXDOGE15M-26OCT050000-00,0.0030,2.00,no
2026-10-05T03:57:48.930965Z,KXDOGE15M-26OCT050000-00,0.0030,6.00,no
2026-10-05T03:57:49.457582Z,KXDOGE15M-26OCT050000-00,0.0040,50.39,yes
2026-10-05T03:57:51.78454Z,KXDOGE15M-26OCT050000-00,0.0030,2.07,no
2026-10-05T03:57:51.78454Z,KXDOGE15M-26OCT050000-00,0.0030,4.00,no
2026-10-05T03:57:51.78454Z,KXDOGE15M-26OCT050000-00,0.0030,0.93,no
2026-10-05T03:57:51.78454Z,KXDOGE15M-26OCT050000-00,0.0030,3.00,no
2026-10-05T03:57:51.79458Z,KXDOGE15M-26OCT050000-00,0.0030,8.07,no
2026-10-05T03:57:51.79458Z,KXDOGE15M-26OCT050000-00,0.0030,0.93,no
2026-10-05T03:57:52.114968Z,KXDOGE15M-26OCT050000-00,0.0110,2.76,yes
2026-10-05T03:57:52.114968Z,KXDOGE15M-26OCT050000-00,0.0060,0.12,yes
2026-10-05T03:57:52.114968Z,KXDOGE15M-26OCT050000-00,0.0040,11.97,yes
2026-10-05T03:57:52.114968Z,KXDOGE15M-26OCT050000-00,0.0050,10.00,yes
2026-10-05T03:57:52.114968Z,KXDOGE15M-26OCT050000-00,0.0040,23.00,yes
2026-10-05T03:57:52.4798Z,KXDOGE15M-26OCT050000-00,0.0040,0.10,yes
2026-10-05T03:57:52.4798Z,KXDOGE15M-26OCT050000-00,0.0060,0.11,yes
2026-10-05T03:57:52.4798Z,KXDOGE15M-26OCT050000-00,0.0050,0.11,yes
2026-10-05T03:57:52.4798Z,KXDOGE15M-26OCT050000-00,0.0040,13.00,yes
2026-10-05T03:57:52.4798Z,KXDOGE15M-26OCT050000-00,0.0090,0.47,yes
2026-10-05T03:57:52.4798Z,KXDOGE15M-26OCT050000-00,0.0040,39.00,yes
2026-10-05T03:57:52.4798Z,KXDOGE15M-26OCT050000-00,0.0080,1.00,yes
2026-10-05T03:57:52.4798Z,KXDOGE15M-26OCT050000-00,0.0080,0.14,yes
2026-10-05T03:57:52.4798Z,KXDOGE15M-26OCT050000-00,0.0060,10.00,yes
2026-10-05T03:57:52.835082Z,KXDOGE15M-26OCT050000-00,0.0040,2.00,no
2026-10-05T03:57:52.884864Z,KXDOGE15M-26OCT050000-00,0.0040,20.00,no
2026-10-05T03:57:54.323075Z,KXDOGE15M-26OCT050000-00,0.0030,0.93,no
2026-10-05T03:57:54.323075Z,KXDOGE15M-26OCT050000-00,0.0030,9.07,no
2026-10-05T03:57:54.331208Z,KXDOGE15M-26OCT050000-00,0.0030,4.93,no
2026-10-05T03:57:54.331208Z,KXDOGE15M-26OCT050000-00,0.0030,2.00,no
2026-10-05T03:57:54.331208Z,KXDOGE15M-26OCT050000-00,0.0030,3.07,no
2026-10-05T03:57:54.339214Z,KXDOGE15M-26OCT050000-00,0.0030,5.07,no
2026-10-05T03:57:54.339214Z,KXDOGE15M-26OCT050000-00,0.0030,4.93,no
2026-10-05T03:57:54.347557Z,KXDOGE15M-26OCT050000-00,0.0030,0.07,no
2026-10-05T03:57:54.347557Z,KXDOGE15M-26OCT050000-00,0.0030,6.00,no
2026-10-05T03:57:54.347557Z,KXDOGE15M-26OCT050000-00,0.0030,3.93,no
2026-10-05T03:57:54.355955Z,KXDOGE15M-26OCT050000-00,0.0030,1.00,no
2026-10-05T03:57:54.355955Z,KXDOGE15M-26OCT050000-00,0.0030,4.93,no
2026-10-05T03:57:54.355955Z,KXDOGE15M-26OCT050000-00,0.0030,4.07,no
2026-10-05T03:57:54.358071Z,KXDOGE15M-26OCT050000-00,0.0030,5.00,no
2026-10-05T03:57:54.380586Z,KXDOGE15M-26OCT050000-00,0.0030,3.00,no
2026-10-05T03:57:54.380586Z,KXDOGE15M-26OCT050000-00,0.0030,3.00,no
2026-10-05T03:57:54.421234Z,KXDOGE15M-26OCT050000-00,0.0020,41.12,no
2026-10-05T03:57:54.489007Z,KXDOGE15M-26OCT050000-00,0.0020,15.00,no
2026-10-05T03:57:54.590549Z,KXDOGE15M-26OCT050000-00,0.0020,2.00,no
2026-10-05T03:57:54.598922Z,KXDOGE15M-26OCT050000-00,0.0020,2.00,no
2026-10-05T03:57:56.388972Z,KXDOGE15M-26OCT050000-00,0.0020,17.00,no
2026-10-05T03:57:56.39868Z,KXDOGE15M-26OCT050000-00,0.0020,10.00,no
2026-10-05T03:57:56.405451Z,KXDOGE15M-26OCT050000-00,0.0020,5.00,no
2026-10-05T03:57:56.411534Z,KXDOGE15M-26OCT050000-00,0.0020,5.00,no
2026-10-05T03:57:56.417519Z,KXDOGE15M-26OCT050000-00,0.0020,2.00,no
2026-10-05T03:57:56.424274Z,KXDOGE15M-26OCT050000-00,0.0020,2.00,no
2026-10-05T03:57:56.430585Z,KXDOGE15M-26OCT050000-00,0.0020,2.00,no
2026-10-05T03:57:56.437443Z,KXDOGE15M-26OCT050000-00,0.0020,2.00,no
2026-10-05T03:57:56.444469Z,KXDOGE15M-26OCT050000-00,0.0020,2.00,no
2026-10-05T03:57:56.451546Z,KXDOGE15M-26OCT050000-00,0.0020,2.00,no
2026-10-05T03:57:56.458583Z,KXDOGE15M-26OCT050000-00,0.0020,2.00,no
2026-10-05T03:57:58.874672Z,KXDOGE15M-26OCT050000-00,0.0020,160.00,no
2026-10-05T03:57:58.932896Z,KXDOGE15M-26OCT050000-00,0.0020,2.00,no
2026-10-05T03:57:58.942309Z,KXDOGE15M-26OCT050000-00,0.0020,2.00,no
2026-10-05T03:57:58.95007Z,KXDOGE15M-26OCT050000-00,0.0020,2.00,no
2026-10-05T03:57:59.26433Z,KXDOGE15M-26OCT050000-00,0.0020,1.00,no
2026-10-05T03:57:59.468314Z,KXDOGE15M-26OCT050000-00,0.0020,2.00,no
2026-10-05T03:57:59.478132Z,KXDOGE15M-26OCT050000-00,0.0020,2.00,no
2026-10-05T03:57:59.485658Z,KXDOGE15M-26OCT050000-00,0.0020,2.00,no
2026-10-05T03:57:59.493789Z,KXDOGE15M-26OCT050000-00,0.0020,2.00,no
2026-10-05T03:58:00.122611Z,KXDOGE15M-26OCT050000-00,0.0020,1.00,no
2026-10-05T03:58:01.486909Z,KXDOGE15M-26OCT050000-00,0.0040,0.10,yes
2026-10-05T03:58:01.486909Z,KXDOGE15M-26OCT050000-00,0.0050,101.81,yes
2026-10-05T03:58:01.486909Z,KXDOGE15M-26OCT050000-00,0.0030,0.12,yes
2026-10-05T03:58:01.486909Z,KXDOGE15M-26OCT050000-00,0.0050,3.00,yes
2026-10-05T03:58:01.486909Z,KXDOGE15M-26OCT050000-00,0.0040,82.00,yes
2026-10-05T03:58:01.486909Z,KXDOGE15M-26OCT050000-00,0.0050,211.00,yes
2026-10-05T03:58:01.486909Z,KXDOGE15M-26OCT050000-00,0.0060,4.48,yes
2026-10-05T03:58:01.486909Z,KXDOGE15M-26OCT050000-00,0.0050,0.10,yes
2026-10-05T03:58:01.486909Z,KXDOGE15M-26OCT050000-00,0.0060,0.10,yes
2026-10-05T03:58:01.965112Z,KXDOGE15M-26OCT050000-00,0.0040,5.00,no
2026-10-05T03:58:02.092755Z,KXDOGE15M-26OCT050000-00,0.0040,0.45,no
2026-10-05T03:58:02.092755Z,KXDOGE15M-26OCT050000-00,0.0040,27.00,no
2026-10-05T03:58:02.315091Z,KXDOGE15M-26OCT050000-00,0.0020,1155.45,no
2026-10-05T03:58:02.315091Z,KXDOGE15M-26OCT050000-00,0.0040,16.55,no
2026-10-05T03:58:02.315091Z,KXDOGE15M-26OCT050000-00,0.0040,13.00,no
2026-10-05T03:58:02.315091Z,KXDOGE15M-26OCT050000-00,0.0030,40.00,no
2026-10-05T03:58:02.489025Z,KXDOGE15M-26OCT050000-00,0.0050,0.21,yes
2026-10-05T03:58:02.489025Z,KXDOGE15M-26OCT050000-00,0.0050,0.19,yes
2026-10-05T03:58:03.45238Z,KXDOGE15M-26OCT050000-00,0.0050,14.00,yes
2026-10-05T03:58:03.46013Z,KXDOGE15M-26OCT050000-00,0.0050,8.00,yes
2026-10-05T03:58:03.466917Z,KXDOGE15M-26OCT050000-00,0.0050,4.00,yes
2026-10-05T03:58:03.468613Z,KXDOGE15M-26OCT050000-00,0.0050,6.00,yes
2026-10-05T03:58:03.475667Z,KXDOGE15M-26OCT050000-00,0.0050,6.00,yes
2026-10-05T03:58:03.484015Z,KXDOGE15M-26OCT050000-00,0.0050,2.00,yes
2026-10-05T03:58:03.489946Z,KXDOGE15M-26OCT050000-00,0.0050,2.00,yes
2026-10-05T03:58:03.497041Z,KXDOGE15M-26OCT050000-00,0.0050,2.00,yes
2026-10-05T03:58:03.686623Z,KXDOGE15M-26OCT050000-00,0.0050,8.00,yes
2026-10-05T03:58:03.69372Z,KXDOGE15M-26OCT050000-00,0.0050,4.00,yes
2026-10-05T03:58:03.70126Z,KXDOGE15M-26OCT050000-00,0.0050,2.00,yes
2026-10-05T03:58:03.708557Z,KXDOGE15M-26OCT050000-00,0.0050,2.00,yes
2026-10-05T03:58:03.846965Z,KXDOGE15M-26OCT050000-00,0.0050,4.00,yes
2026-10-05T03:58:03.854708Z,KXDOGE15M-26OCT050000-00,0.0050,2.00,yes
2026-10-05T03:58:03.861255Z,KXDOGE15M-26OCT050000-00,0.0050,2.00,yes
2026-10-05T03:58:03.869152Z,KXDOGE15M-26OCT050000-00,0.0050,2.00,yes
2026-10-05T03:58:04.497602Z,KXDOGE15M-26OCT050000-00,0.0050,35.00,yes
2026-10-05T03:58:04.506352Z,KXDOGE15M-26OCT050000-00,0.0050,14.00,yes
2026-10-05T03:58:04.513449Z,KXDOGE15M-26OCT050000-00,0.0050,6.00,yes
2026-10-05T03:58:04.521358Z,KXDOGE15M-26OCT050000-00,0.0050,2.00,yes
2026-10-05T03:58:04.67178Z,KXDOGE15M-26OCT050000-00,0.0040,37.17,no
2026-10-05T03:58:05.1034Z,KXDOGE15M-26OCT050000-00,0.0050,186.97,yes
2026-10-05T03:58:05.693526Z,KXDOGE15M-26OCT050000-00,0.0050,6.00,yes
2026-10-05T03:58:05.702179Z,KXDOGE15M-26OCT050000-00,0.0050,2.00,yes
2026-10-05T03:58:05.708562Z,KXDOGE15M-26OCT050000-00,0.0050,2.00,yes
2026-10-05T03:58:05.714305Z,KXDOGE15M-26OCT050000-00,0.0050,2.00,yes
2026-10-05T03:58:05.754665Z,KXDOGE15M-26OCT050000-00,0.0050,2.00,yes
2026-10-05T03:58:05.761174Z,KXDOGE15M-26OCT050000-00,0.0050,2.00,yes
2026-10-05T03:58:05.961279Z,KXDOGE15M-26OCT050000-00,0.0040,5.00,no
2026-10-05T03:58:05.961279Z,KXDOGE15M-26OCT050000-00,0.0040,12.17,no
2026-10-05T03:58:05.961279Z,KXDOGE15M-26OCT050000-00,0.0040,3.00,no
2026-10-05T03:58:05.961279Z,KXDOGE15M-26OCT050000-00,0.0040,9.83,no
2026-10-05T03:58:06.034335Z,KXDOGE15M-26OCT050000-00,0.0050,27.45,yes
2026-10-05T03:58:11.810211Z,KXDOGE15M-26OCT050000-00,0.0020,3.27,no
2026-10-05T03:58:11.810211Z,KXDOGE15M-26OCT050000-00,0.0030,11.00,no
2026-10-05T03:58:11.810211Z,KXDOGE15M-26OCT050000-00,0.0030,46.00,no
2026-10-05T03:58:11.810211Z,KXDOGE15M-26OCT050000-00,0.0030,40.00,no
2026-10-05T03:58:15.072168Z,KXDOGE15M-26OCT050000-00,0.0040,0.19,yes
2026-10-05T03:58:15.365007Z,KXDOGE15M-26OCT050000-00,0.0050,0.21,yes
2026-10-05T03:58:15.447205Z,KXDOGE15M-26OCT050000-00,0.0050,2.00,yes
2026-10-05T03:58:15.849376Z,KXDOGE15M-26OCT050000-00,0.0050,6.09,yes
2026-10-05T03:58:15.871383Z,KXDOGE15M-26OCT050000-00,0.0050,210.00,yes
2026-10-05T03:58:15.881749Z,KXDOGE15M-26OCT050000-00,0.0050,210.00,yes
2026-10-05T03:58:15.908423Z,KXDOGE15M-26OCT050000-00,0.0050,2.00,yes
2026-10-05T03:58:15.941789Z,KXDOGE15M-26OCT050000-00,0.0050,2.00,yes
2026-10-05T03:58:16.071159Z,KXDOGE15M-26OCT050000-00,0.0050,14.13,yes
2026-10-05T03:58:16.110182Z,KXDOGE15M-26OCT050000-00,0.0050,8.00,yes
2026-10-05T03:58:16.423327Z,KXDOGE15M-26OCT050000-00,0.0050,2.00,yes
2026-10-05T03:58:16.786841Z,KXDOGE15M-26OCT050000-00,0.0050,56.09,yes
2026-10-05T03:58:19.314237Z,KXDOGE15M-26OCT050000-00,0.0050,44.88,yes
2026-10-05T03:58:20.468539Z,KXDOGE15M-26OCT050000-00,0.0030,10.00,no
2026-10-05T03:58:21.411373Z,KXDOGE15M-26OCT050000-00,0.0020,14.00,no
2026-10-05T03:58:21.420487Z,KXDOGE15M-26OCT050000-00,0.0020,1.00,no
2026-10-05T03:58:21.425964Z,KXDOGE15M-26OCT050000-00,0.0020,1.00,no
2026-10-05T03:58:21.431583Z,KXDOGE15M-26OCT050000-00,0.0020,1.00,no
2026-10-05T03:58:21.835771Z,KXDOGE15M-26OCT050000-00,0.0020,1.00,no
2026-10-05T03:58:21.842249Z,KXDOGE15M-26OCT050000-00,0.0020,1.00,no
2026-10-05T03:58:22.60795Z,KXDOGE15M-26OCT050000-00,0.0020,4.00,no
2026-10-05T03:58:23.450436Z,KXDOGE15M-26OCT050000-00,0.0020,14.00,no
2026-10-05T03:58:23.458393Z,KXDOGE15M-26OCT050000-00,0.0020,4.00,no
2026-10-05T03:58:23.464227Z,KXDOGE15M-26OCT050000-00,0.0020,1.00,no
2026-10-05T03:58:23.81006Z,KXDOGE15M-26OCT050000-00,0.0020,1.00,no
2026-10-05T03:58:23.81865Z,KXDOGE15M-26OCT050000-00,0.0020,1.00,no
2026-10-05T03:58:24.172096Z,KXDOGE15M-26OCT050000-00,0.0020,22.00,no
2026-10-05T03:58:24.337774Z,KXDOGE15M-26OCT050000-00,0.0020,4.00,no
2026-10-05T03:58:24.344258Z,KXDOGE15M-26OCT050000-00,0.0020,1.00,no
2026-10-05T03:58:25.536016Z,KXDOGE15M-26OCT050000-00,0.0020,40.61,no
2026-10-05T03:58:26.328459Z,KXDOGE15M-26OCT050000-00,0.0100,300.00,yes
2026-10-05T03:58:26.328459Z,KXDOGE15M-26OCT050000-00,0.0100,24.00,yes
2026-10-05T03:58:26.328459Z,KXDOGE15M-26OCT050000-00,0.0040,82.00,yes
2026-10-05T03:58:26.328459Z,KXDOGE15M-26OCT050000-00,0.0100,4.88,yes
2026-10-05T03:58:26.328459Z,KXDOGE15M-26OCT050000-00,0.0050,0.19,yes
2026-10-05T03:58:26.328459Z,KXDOGE15M-26OCT050000-00,0.0050,256.42,yes
2026-10-05T03:58:26.328459Z,KXDOGE15M-26OCT050000-00,0.0060,0.19,yes
2026-10-05T03:58:26.328459Z,KXDOGE15M-26OCT050000-00,0.0070,30.00,yes
2026-10-05T03:58:26.328459Z,KXDOGE15M-26OCT050000-00,0.0100,18.00,yes
2026-10-05T03:58:26.328459Z,KXDOGE15M-26OCT050000-00,0.0030,21.00,yes
2026-10-05T03:58:26.328459Z,KXDOGE15M-26OCT050000-00,0.0100,317.87,yes
2026-10-05T03:58:26.328459Z,KXDOGE15M-26OCT050000-00,0.0040,0.19,yes
2026-10-05T03:58:26.328459Z,KXDOGE15M-26OCT050000-00,0.0030,35.00,yes
2026-10-05T03:58:26.328459Z,KXDOGE15M-26OCT050000-00,0.0030,1.00,yes
2026-10-05T03:58:26.328459Z,KXDOGE15M-26OCT050000-00,0.0030,0.19,yes
2026-10-05T03:58:26.328459Z,KXDOGE15M-26OCT050000-00,0.0070,1.00,yes
2026-10-05T03:58:26.328459Z,KXDOGE15M-26OCT050000-00,0.0050,114.88,yes
2026-10-05T03:58:26.328459Z,KXDOGE15M-26OCT050000-00,0.0080,0.11,yes
2026-10-05T03:58:26.328459Z,KXDOGE15M-26OCT050000-00,0.0070,0.13,yes
2026-10-05T03:58:26.328459Z,KXDOGE15M-26OCT050000-00,0.0090,0.15,yes
2026-10-05T03:58:26.328459Z,KXDOGE15M-26OCT050000-00,0.0100,0.17,yes
2026-10-05T03:58:26.328459Z,KXDOGE15M-26OCT050000-00,0.0090,10.00,yes
2026-10-05T03:58:26.834229Z,KXDOGE15M-26OCT050000-00,0.0020,2.00,no
2026-10-05T03:58:26.841309Z,KXDOGE15M-26OCT050000-00,0.0020,2.00,no
2026-10-05T03:58:26.848631Z,KXDOGE15M-26OCT050000-00,0.0020,2.00,no
2026-10-05T03:58:27.052422Z,KXDOGE15M-26OCT050000-00,0.0020,5.00,no
2026-10-05T03:58:27.059196Z,KXDOGE15M-26OCT050000-00,0.0020,2.00,no
2026-10-05T03:58:27.086331Z,KXDOGE15M-26OCT050000-00,0.0020,2.00,no
2026-10-05T03:58:27.094663Z,KXDOGE15M-26OCT050000-00,0.0020,2.00,no
2026-10-05T03:58:27.102227Z,KXDOGE15M-26OCT050000-00,0.0020,2.00,no
2026-10-05T03:58:27.207729Z,KXDOGE15M-26OCT050000-00,0.0020,5.00,no
2026-10-05T03:58:27.21516Z,KXDOGE15M-26OCT050000-00,0.0020,2.00,no
2026-10-05T03:58:27.22604Z,KXDOGE15M-26OCT050000-00,0.0020,2.00,no
2026-10-05T03:58:27.234699Z,KXDOGE15M-26OCT050000-00,0.0020,2.00,no
2026-10-05T03:58:27.241751Z,KXDOGE15M-26OCT050000-00,0.0020,2.00,no
2026-10-05T03:58:27.248156Z,KXDOGE15M-26OCT050000-00,0.0020,2.00,no
2026-10-05T03:58:27.789777Z,KXDOGE15M-26OCT050000-00,0.0020,68.67,no
2026-10-05T03:58:32.231047Z,KXDOGE15M-26OCT050000-00,0.0020,2.00,no
2026-10-05T03:58:32.240245Z,KXDOGE15M-26OCT050000-00,0.0020,2.00,no
2026-10-05T03:58:32.247475Z,KXDOGE15M-26OCT050000-00,0.0020,2.00,no
2026-10-05T03:58:32.253752Z,KXDOGE15M-26OCT050000-00,0.0020,2.00,no
2026-10-05T03:58:32.743797Z,KXDOGE15M-26OCT050000-00,0.0020,33.06,no
2026-10-05T03:58:34.126408Z,KXDOGE15M-26OCT050000-00,0.0020,252.00,no
2026-10-05T03:58:34.126443Z,KXDOGE15M-26OCT050000-00,0.0020,5.13,no
2026-10-05T03:58:34.126443Z,KXDOGE15M-26OCT050000-00,0.0020,100.00,no
2026-10-05T03:58:34.126443Z,KXDOGE15M-26OCT050000-00,0.0020,5.00,no
2026-10-05T03:58:34.126443Z,KXDOGE15M-26OCT050000-00,0.0020,474.87,no
2026-10-05T03:58:34.875414Z,KXDOGE15M-26OCT050000-00,0.0020,3.00,no
2026-10-05T03:58:34.875414Z,KXDOGE15M-26OCT050000-00,0.0020,26.00,no
2026-10-05T03:58:34.875414Z,KXDOGE15M-26OCT050000-00,0.0020,3.00,no
2026-10-05T03:58:34.875414Z,KXDOGE15M-26OCT050000-00,0.0020,3.00,no
2026-10-05T03:58:34.875414Z,KXDOGE15M-26OCT050000-00,0.0020,3.00,no
2026-10-05T03:58:34.875414Z,KXDOGE15M-26OCT050000-00,0.0020,3.00,no
2026-10-05T03:58:34.875414Z,KXDOGE15M-26OCT050000-00,0.0020,25.13,no
2026-10-05T03:58:34.875414Z,KXDOGE15M-26OCT050000-00,0.0020,400.00,no
2026-10-05T03:58:34.875414Z,KXDOGE15M-26OCT050000-00,0.0020,3.00,no
2026-10-05T03:58:34.875414Z,KXDOGE15M-26OCT050000-00,0.0020,98.00,no
2026-10-05T03:58:34.875414Z,KXDOGE15M-26OCT050000-00,0.0020,15.00,no
2026-10-05T03:58:34.875414Z,KXDOGE15M-26OCT050000-00,0.0020,1.00,no
2026-10-05T03:58:34.95991Z,KXDOGE15M-26OCT050000-00,0.0010,5.85,no
2026-10-05T03:58:35.027485Z,KXDOGE15M-26OCT050000-00,0.0030,0.19,yes
2026-10-05T03:58:35.027485Z,KXDOGE15M-26OCT050000-00,0.0020,144.00,yes
2026-10-05T03:58:35.027485Z,KXDOGE15M-26OCT050000-00,0.0030,5.00,yes
2026-10-05T03:58:35.027485Z,KXDOGE15M-26OCT050000-00,0.0030,156.55,yes
2026-10-05T03:58:35.027485Z,KXDOGE15M-26OCT050000-00,0.0020,5.85,yes
2026-10-05T03:58:35.858979Z,KXDOGE15M-26OCT050000-00,0.0020,0.19,yes
2026-10-05T03:58:35.858979Z,KXDOGE15M-26OCT050000-00,0.0020,27.00,yes
2026-10-05T03:58:35.858979Z,KXDOGE15M-26OCT050000-00,0.0030,292.89,yes
2026-10-05T03:58:36.755223Z,KXDOGE15M-26OCT050000-00,0.0030,17.61,yes
2026-10-05T03:58:36.755223Z,KXDOGE15M-26OCT050000-00,0.0030,25.43,yes
2026-10-05T03:58:36.984391Z,KXDOGE15M-26OCT050000-00,0.0030,0.43,yes
2026-10-05T03:58:37.008221Z,KXDOGE15M-26OCT050000-00,0.0020,1.00,no
2026-10-05T03:58:38.003287Z,KXDOGE15M-26OCT050000-00,0.0010,11.09,no
2026-10-05T03:58:38.003287Z,KXDOGE15M-26OCT050000-00,0.0010,494.15,no
2026-10-05T03:58:39.617301Z,KXDOGE15M-26OCT050000-00,0.0020,23.00,yes
2026-10-05T03:58:39.617301Z,KXDOGE15M-26OCT050000-00,0.0020,0.19,yes
2026-10-05T03:58:39.617301Z,KXDOGE15M-26OCT050000-00,0.0020,434.82,yes
2026-10-05T03:58:40.274869Z,KXDOGE15M-26OCT050000-00,0.0020,44.00,yes
2026-10-05T03:58:43.125235Z,KXDOGE15M-26OCT050000-00,0.0010,1.00,no
2026-10-05T03:58:44.704566Z,KXDOGE15M-26OCT050000-00,0.0030,0.19,yes
2026-10-05T03:58:44.704566Z,KXDOGE15M-26OCT050000-00,0.0020,15.33,yes
2026-10-05T03:58:44.704566Z,KXDOGE15M-26OCT050000-00,0.0020,38.00,yes
2026-10-05T03:58:44.704566Z,KXDOGE15M-26OCT050000-00,0.0020,0.19,yes
2026-10-05T03:58:44.704566Z,KXDOGE15M-26OCT050000-00,0.0020,38.00,yes
2026-10-05T03:58:44.704566Z,KXDOGE15M-26OCT050000-00,0.0040,0.21,yes
2026-10-05T03:58:44.704566Z,KXDOGE15M-26OCT050000-00,0.0020,7.09,yes
2026-10-05T03:58:44.704566Z,KXDOGE15M-26OCT050000-00,0.0040,4.46,yes
2026-10-05T03:58:47.185231Z,KXDOGE15M-26OCT050000-00,0.0010,18.66,no
2026-10-05T03:58:50.560877Z,KXDOGE15M-26OCT050000-00,0.0010,53.00,no
2026-10-05T03:58:52.085141Z,KXDOGE15M-26OCT050000-00,0.0010,1.01,no
2026-10-05T03:58:54.739357Z,KXDOGE15M-26OCT050000-00,0.0040,82.00,yes
2026-10-05T03:58:54.739357Z,KXDOGE15M-26OCT050000-00,0.0040,0.21,yes
2026-10-05T03:58:54.739357Z,KXDOGE15M-26OCT050000-00,0.0030,0.23,yes
2026-10-05T03:58:54.739357Z,KXDOGE15M-26OCT050000-00,0.0020,0.23,yes
2026-10-05T03:58:54.739357Z,KXDOGE15M-26OCT050000-00,0.0020,85.00,yes
2026-10-05T03:58:54.739357Z,KXDOGE15M-26OCT050000-00,0.0020,32.00,yes
2026-10-05T03:58:54.739357Z,KXDOGE15M-26OCT050000-00,0.0040,88.41,yes
2026-10-05T03:58:55.957811Z,KXDOGE15M-26OCT050000-00,0.0010,2.00,no
2026-10-05T03:58:56.998426Z,KXDOGE15M-26OCT050000-00,0.0040,2.11,yes
2026-10-05T03:58:56.998426Z,KXDOGE15M-26OCT050000-00,0.0020,0.23,yes
2026-10-05T03:58:56.998426Z,KXDOGE15M-26OCT050000-00,0.0020,105.00,yes
2026-10-05T03:58:56.998426Z,KXDOGE15M-26OCT050000-00,0.0040,0.23,yes
2026-10-05T03:58:56.998426Z,KXDOGE15M-26OCT050000-00,0.0030,0.23,yes
2026-10-05T03:58:58.334047Z,KXDOGE15M-26OCT050000-00,0.0020,31.00,yes
2026-10-05T03:58:58.334047Z,KXDOGE15M-26OCT050000-00,0.0020,86.00,yes
2026-10-05T03:58:59.115953Z,KXDOGE15M-26OCT050000-00,0.0010,263.24,no
2026-10-05T03:58:59.115953Z,KXDOGE15M-26OCT050000-00,0.0010,1.00,no
2026-10-05T03:58:59.115953Z,KXDOGE15M-26OCT050000-00,0.0010,1.00,no
2026-10-05T03:58:59.115953Z,KXDOGE15M-26OCT050000-00,0.0010,5.00,no
2026-10-05T03:58:59.115953Z,KXDOGE15M-26OCT050000-00,0.0010,1.00,no
2026-10-05T03:58:59.115953Z,KXDOGE15M-26OCT050000-00,0.0010,10.00,no
2026-10-05T03:58:59.115953Z,KXDOGE15M-26OCT050000-00,0.0010,209.00,no
2026-10-05T03:58:59.115953Z,KXDOGE15M-26OCT050000-00,0.0010,5.85,no
2026-10-05T03:58:59.115953Z,KXDOGE15M-26OCT050000-00,0.0010,434.82,no
2026-10-05T03:58:59.115953Z,KXDOGE15M-26OCT050000-00,0.0010,44.00,no
2026-10-05T03:58:59.115953Z,KXDOGE15M-26OCT050000-00,0.0010,15.33,no
2026-10-05T03:58:59.115953Z,KXDOGE15M-26OCT050000-00,0.0010,88.41,no
2026-10-05T03:59:00.068912Z,KXDOGE15M-26OCT050000-00,0.0010,8.49,yes
2026-10-05T03:59:08.260781Z,KXDOGE15M-26OCT050000-00,0.0010,377.13,yes
2026-10-05T03:59:08.260781Z,KXDOGE15M-26OCT050000-00,0.0010,538.86,yes
2026-10-05T03:59:08.289069Z,KXDOGE15M-26OCT050000-00,0.0010,1.00,yes
2026-10-05T03:59:11.949862Z,KXDOGE15M-26OCT050000-00,0.0010,458.04,yes
2026-10-05T03:59:11.968963Z,KXDOGE15M-26OCT050000-00,0.0010,200.00,yes
2026-10-05T03:59:11.968963Z,KXDOGE15M-26OCT050000-00,0.0010,71.00,yes
2026-10-05T03:59:11.968963Z,KXDOGE15M-26OCT050000-00,0.0010,750.00,yes
2026-10-05T03:59:11.968963Z,KXDOGE15M-26OCT050000-00,0.0010,164.83,yes
2026-10-05T03:59:29.502516Z,KXDOGE15M-26OCT050000-00,0.0010,439.71,yes
2026-10-05T03:59:31.115321Z,KXDOGE15M-26OCT050000-00,0.0010,732.83,yes
2026-10-05T03:59:35.050397Z,KXDOGE15M-26OCT050000-00,0.0010,0.10,yes
2026-10-05T03:59:35.740756Z,KXDOGE15M-26OCT050000-00,0.0010,90.00,yes
2026-10-05T03:59:35.818876Z,KXDOGE15M-26OCT050000-00,0.0010,9.13,yes
2026-10-05T03:59:43.055846Z,KXDOGE15M-26OCT050000-00,0.0010,4579.77,yes
2026-10-05T03:59:50.353893Z,KXDOGE15M-26OCT050000-00,0.0010,2.00,yes
2026-10-05T03:57:15.52528Z,KXEURUSD15M-26OCT050000-30,0.0200,5.00,yes
2026-10-05T03:57:15.52528Z,KXEURUSD15M-26OCT050000-30,0.0300,9.00,yes
2026-10-05T03:57:15.52528Z,KXEURUSD15M-26OCT050000-30,0.0200,30.00,yes
2026-10-05T03:57:15.52528Z,KXEURUSD15M-26OCT050000-30,0.0400,62.54,yes
2026-10-05T03:57:15.52528Z,KXEURUSD15M-26OCT050000-30,0.0200,60.00,yes
2026-10-05T03:57:27.124333Z,KXEURUSD15M-26OCT050000-30,0.0200,60.00,yes
2026-10-05T03:57:27.124333Z,KXEURUSD15M-26OCT050000-30,0.0200,30.00,yes
2026-10-05T03:57:27.124333Z,KXEURUSD15M-26OCT050000-30,0.0400,1.63,yes
2026-10-05T03:57:28.62237Z,KXEURUSD15M-26OCT050000-30,0.0100,10.09,no
2026-10-05T03:57:30.784585Z,KXEURUSD15M-26OCT050000-30,0.0400,35.83,yes
2026-10-05T03:57:30.784585Z,KXEURUSD15M-26OCT050000-30,0.0200,30.00,yes
2026-10-05T03:57:30.784585Z,KXEURUSD15M-26OCT050000-30,0.0200,60.00,yes
2026-10-05T03:57:30.784585Z,KXEURUSD15M-26OCT050000-30,0.0300,10.09,yes
2026-10-05T03:57:30.784585Z,KXEURUSD15M-26OCT050000-30,0.0400,28.35,yes
2026-10-05T03:57:39.947087Z,KXEURUSD15M-26OCT050000-30,0.0100,80.00,no
2026-10-05T03:57:40.878967Z,KXEURUSD15M-26OCT050000-30,0.0200,16.79,yes
2026-10-05T03:57:40.878967Z,KXEURUSD15M-26OCT050000-30,0.0200,30.00,yes
2026-10-05T03:58:01.358468Z,KXEURUSD15M-26OCT050000-30,0.0200,0.46,yes
2026-10-05T03:58:01.358468Z,KXEURUSD15M-26OCT050000-30,0.0100,30.00,yes
2026-10-05T03:58:01.358468Z,KXEURUSD15M-26OCT050000-30,0.0100,1.00,yes
2026-10-05T03:58:01.358468Z,KXEURUSD15M-26OCT050000-30,0.0100,1.00,yes
2026-10-05T03:58:01.358468Z,KXEURUSD15M-26OCT050000-30,0.0100,60.00,yes
2026-10-05T03:58:47.637915Z,KXEURUSD15M-26OCT050000-30,0.0100,46.75,yes
2026-10-05T03:59:16.301225Z,KXEURUSD15M-26OCT050000-30,0.0100,9.35,yes
2026-10-05T03:59:21.642826Z,KXEURUSD15M-26OCT050000-30,0.0100,11.22,yes
2026-10-05T03:57:01.19022Z,KXXRP15M-26OCT050000-00,0.0320,12.07,no
2026-10-05T03:57:01.322344Z,KXXRP15M-26OCT050000-00,0.0320,7.00,no
2026-10-05T03:57:01.353428Z,KXXRP15M-26OCT050000-00,0.0320,0.93,no
2026-10-05T03:57:01.353428Z,KXXRP15M-26OCT050000-00,0.0310,12.07,no
2026-10-05T03:57:01.625855Z,KXXRP15M-26OCT050000-00,0.0380,1.00,yes
2026-10-05T03:57:01.625855Z,KXXRP15M-26OCT050000-00,0.0360,1.00,yes
2026-10-05T03:57:01.625855Z,KXXRP15M-26OCT050000-00,0.0320,5.00,yes
2026-10-05T03:57:01.625855Z,KXXRP15M-26OCT050000-00,0.0330,5.00,yes
2026-10-05T03:57:01.625855Z,KXXRP15M-26OCT050000-00,0.0330,5.00,yes
2026-10-05T03:57:01.625855Z,KXXRP15M-26OCT050000-00,0.0390,0.86,yes
2026-10-05T03:57:01.625855Z,KXXRP15M-26OCT050000-00,0.0380,10.00,yes
2026-10-05T03:57:01.625855Z,KXXRP15M-26OCT050000-00,0.0390,41.00,yes
2026-10-05T03:57:01.625855Z,KXXRP15M-26OCT050000-00,0.0390,1.00,yes
2026-10-05T03:57:01.83775Z,KXXRP15M-26OCT050000-00,0.0310,50.00,no
2026-10-05T03:57:01.991561Z,KXXRP15M-26OCT050000-00,0.0340,3.23,yes
2026-10-05T03:57:01.991561Z,KXXRP15M-26OCT050000-00,0.0340,5.00,yes
2026-10-05T03:57:02.013659Z,KXXRP15M-26OCT050000-00,0.0310,15.00,no
2026-10-05T03:57:02.292817Z,KXXRP15M-26OCT050000-00,0.0320,0.10,no
2026-10-05T03:57:02.292817Z,KXXRP15M-26OCT050000-00,0.0310,9.90,no
2026-10-05T03:57:02.339752Z,KXXRP15M-26OCT050000-00,0.0320,20.00,no
2026-10-05T03:57:02.339752Z,KXXRP15M-26OCT050000-00,0.0310,12.83,no
2026-10-05T03:57:03.65295Z,KXXRP15M-26OCT050000-00,0.0300,0.24,no
2026-10-05T03:57:03.65295Z,KXXRP15M-26OCT050000-00,0.0300,0.76,no
2026-10-05T03:57:04.082392Z,KXXRP15M-26OCT050000-00,0.0300,0.76,no
2026-10-05T03:57:04.082392Z,KXXRP15M-26OCT050000-00,0.0260,0.34,no
2026-10-05T03:57:04.082392Z,KXXRP15M-26OCT050000-00,0.0300,1.90,no
2026-10-05T03:57:04.082392Z,KXXRP15M-26OCT050000-00,0.0280,1.00,no
2026-10-05T03:57:04.082392Z,KXXRP15M-26OCT050000-00,0.0280,18.00,no
2026-10-05T03:57:04.082392Z,KXXRP15M-26OCT050000-00,0.0300,12.00,no
2026-10-05T03:57:04.082392Z,KXXRP15M-26OCT050000-00,0.0290,11.00,no
2026-10-05T03:57:04.358576Z,KXXRP15M-26OCT050000-00,0.0250,1.00,no
2026-10-05T03:57:04.358576Z,KXXRP15M-26OCT050000-00,0.0270,7.00,no
2026-10-05T03:57:04.358576Z,KXXRP15M-26OCT050000-00,0.0300,20.00,no
2026-10-05T03:57:04.358576Z,KXXRP15M-26OCT050000-00,0.0250,7.50,no
2026-10-05T03:57:04.358576Z,KXXRP15M-26OCT050000-00,0.0260,69.00,no
2026-10-05T03:57:04.65059Z,KXXRP15M-26OCT050000-00,0.0250,25.00,yes
2026-10-05T03:57:04.989517Z,KXXRP15M-26OCT050000-00,0.0240,1.00,no
2026-10-05T03:57:04.989517Z,KXXRP15M-26OCT050000-00,0.0230,1.00,no
2026-10-05T03:57:04.989517Z,KXXRP15M-26OCT050000-00,0.0230,7.00,no
2026-10-05T03:57:04.989517Z,KXXRP15M-26OCT050000-00,0.0230,10.00,no
2026-10-05T03:57:05.346436Z,KXXRP15M-26OCT050000-00,0.0240,20.00,no
2026-10-05T03:57:05.360537Z,KXXRP15M-26OCT050000-00,0.0220,13.00,no
2026-10-05T03:57:05.557001Z,KXXRP15M-26OCT050000-00,0.0240,3.71,yes
2026-10-05T03:57:05.557001Z,KXXRP15M-26OCT050000-00,0.0230,49.00,yes
2026-10-05T03:57:06.697689Z,KXXRP15M-26OCT050000-00,0.0240,18.00,no
2026-10-05T03:57:06.697689Z,KXXRP15M-26OCT050000-00,0.0240,28.00,no
2026-10-05T03:57:06.697689Z,KXXRP15M-26OCT050000-00,0.0230,5.00,no
2026-10-05T03:57:07.37614Z,KXXRP15M-26OCT050000-00,0.0250,73.39,yes
2026-10-05T03:57:07.858069Z,KXXRP15M-26OCT050000-00,0.0240,1.11,yes
2026-10-05T03:57:08.435861Z,KXXRP15M-26OCT050000-00,0.0240,1.11,yes
2026-10-05T03:57:08.435861Z,KXXRP15M-26OCT050000-00,0.0240,6.00,yes
2026-10-05T03:57:08.435861Z,KXXRP15M-26OCT050000-00,0.0240,0.89,yes
2026-10-05T03:57:09.038047Z,KXXRP15M-26OCT050000-00,0.0220,52.00,no
2026-10-05T03:57:09.038047Z,KXXRP15M-26OCT050000-00,0.0230,1.00,no
2026-10-05T03:57:09.038047Z,KXXRP15M-26OCT050000-00,0.0230,7.00,no
2026-10-05T03:57:09.763643Z,KXXRP15M-26OCT050000-00,0.0220,1.02,no
2026-10-05T03:57:09.977138Z,KXXRP15M-26OCT050000-00,0.0220,3.00,no
2026-10-05T03:57:09.993763Z,KXXRP15M-26OCT050000-00,0.0230,31.00,yes
2026-10-05T03:57:09.993763Z,KXXRP15M-26OCT050000-00,0.0230,20.00,yes
2026-10-05T03:57:09.993763Z,KXXRP15M-26OCT050000-00,0.0240,2.00,yes
2026-10-05T03:57:09.993763Z,KXXRP15M-26OCT050000-00,0.0270,10.00,yes
2026-10-05T03:57:09.993763Z,KXXRP15M-26OCT050000-00,0.0280,11.59,yes
2026-10-05T03:57:09.993763Z,KXXRP15M-26OCT050000-00,0.0250,1.00,yes
2026-10-05T03:57:13.859698Z,KXXRP15M-26OCT050000-00,0.0250,16.72,yes
2026-10-05T03:57:13.859698Z,KXXRP15M-26OCT050000-00,0.0240,2.00,yes
2026-10-05T03:57:16.175994Z,KXXRP15M-26OCT050000-00,0.0220,9.00,no
2026-10-05T03:57:16.200412Z,KXXRP15M-26OCT050000-00,0.0230,1.16,yes
2026-10-05T03:57:16.257906Z,KXXRP15M-26OCT050000-00,0.0280,1.41,yes
2026-10-05T03:57:16.257906Z,KXXRP15M-26OCT050000-00,0.0280,23.49,yes
2026-10-05T03:57:16.257906Z,KXXRP15M-26OCT050000-00,0.0240,5.00,yes
2026-10-05T03:57:16.257906Z,KXXRP15M-26OCT050000-00,0.0250,5.00,yes
2026-10-05T03:57:16.257906Z,KXXRP15M-26OCT050000-00,0.0230,7.84,yes
2026-10-05T03:57:16.257906Z,KXXRP15M-26OCT050000-00,0.0230,6.00,yes
2026-10-05T03:57:16.257906Z,KXXRP15M-26OCT050000-00,0.0240,2.00,yes
2026-10-05T03:57:16.257906Z,KXXRP15M-26OCT050000-00,0.0230,22.00,yes
2026-10-05T03:57:16.257906Z,KXXRP15M-26OCT050000-00,0.0270,1.00,yes
2026-10-05T03:57:16.257906Z,KXXRP15M-26OCT050000-00,0.0260,1.00,yes
2026-10-05T03:57:16.725411Z,KXXRP15M-26OCT050000-00,0.0220,10.00,no
2026-10-05T03:57:17.227924Z,KXXRP15M-26OCT050000-00,0.0230,2.00,yes
2026-10-05T03:57:17.942099Z,KXXRP15M-26OCT050000-00,0.0220,221.11,no
2026-10-05T03:57:18.793655Z,KXXRP15M-26OCT050000-00,0.0160,1.00,no
2026-10-05T03:57:18.793655Z,KXXRP15M-26OCT050000-00,0.0140,1.00,no
2026-10-05T03:57:18.793655Z,KXXRP15M-26OCT050000-00,0.0130,1.00,no
2026-10-05T03:57:18.793655Z,KXXRP15M-26OCT050000-00,0.0150,1.00,no
2026-10-05T03:57:18.793655Z,KXXRP15M-26OCT050000-00,0.0170,1.00,no
2026-10-05T03:57:18.793655Z,KXXRP15M-26OCT050000-00,0.0130,40.00,no
2026-10-05T03:57:18.793655Z,KXXRP15M-26OCT050000-00,0.0130,188.00,no
2026-10-05T03:57:18.793655Z,KXXRP15M-26OCT050000-00,0.0120,18.43,no
2026-10-05T03:57:18.793655Z,KXXRP15M-26OCT050000-00,0.0220,40.87,no
2026-10-05T03:57:18.793655Z,KXXRP15M-26OCT050000-00,0.0210,10.00,no
2026-10-05T03:57:18.793655Z,KXXRP15M-26OCT050000-00,0.0200,10.00,no
2026-10-05T03:57:18.793655Z,KXXRP15M-26OCT050000-00,0.0200,50.00,no
2026-10-05T03:57:18.793655Z,KXXRP15M-26OCT050000-00,0.0200,1.00,no
2026-10-05T03:57:18.793655Z,KXXRP15M-26OCT050000-00,0.0200,0.95,no
2026-10-05T03:57:18.793655Z,KXXRP15M-26OCT050000-00,0.0210,1.00,no
2026-10-05T03:57:18.793655Z,KXXRP15M-26OCT050000-00,0.0200,9.08,no
2026-10-05T03:57:18.793655Z,KXXRP15M-26OCT050000-00,0.0200,16.06,no
2026-10-05T03:57:18.793655Z,KXXRP15M-26OCT050000-00,0.0160,40.00,no
2026-10-05T03:57:18.793655Z,KXXRP15M-26OCT050000-00,0.0130,3.00,no
2026-10-05T03:57:18.793655Z,KXXRP15M-26OCT050000-00,0.0210,7.00,no
2026-10-05T03:57:18.793655Z,KXXRP15M-26OCT050000-00,0.0130,5.00,no
2026-10-05T03:57:18.793655Z,KXXRP15M-26OCT050000-00,0.0140,40.00,no
2026-10-05T03:57:18.793655Z,KXXRP15M-26OCT050000-00,0.0130,5.00,no
2026-10-05T03:57:18.793655Z,KXXRP15M-26OCT050000-00,0.0210,12.00,no
2026-10-05T03:57:18.793655Z,KXXRP15M-26OCT050000-00,0.0140,5.00,no
2026-10-05T03:57:18.810101Z,KXXRP15M-26OCT050000-00,0.0270,6.27,yes
2026-10-05T03:57:18.810101Z,KXXRP15M-26OCT050000-00,0.0210,5.00,yes
2026-10-05T03:57:18.810101Z,KXXRP15M-26OCT050000-00,0.0250,7.50,yes
2026-10-05T03:57:18.810101Z,KXXRP15M-26OCT050000-00,0.0260,1.00,yes
2026-10-05T03:57:18.810101Z,KXXRP15M-26OCT050000-00,0.0240,0.10,yes
2026-10-05T03:57:18.810101Z,KXXRP15M-26OCT050000-00,0.0220,5.00,yes
2026-10-05T03:57:18.810101Z,KXXRP15M-26OCT050000-00,0.0230,14.00,yes
2026-10-05T03:57:18.945502Z,KXXRP15M-26OCT050000-00,0.0170,10.00,yes
2026-10-05T03:57:18.945502Z,KXXRP15M-26OCT050000-00,0.0170,40.00,yes
2026-10-05T03:57:19.18328Z,KXXRP15M-26OCT050000-00,0.0170,30.00,yes
2026-10-05T03:57:19.18328Z,KXXRP15M-26OCT050000-00,0.0180,3.00,yes
2026-10-05T03:57:19.576728Z,KXXRP15M-26OCT050000-00,0.0180,0.58,yes
2026-10-05T03:57:19.641617Z,KXXRP15M-26OCT050000-00,0.0180,14.85,yes
2026-10-05T03:57:19.680478Z,KXXRP15M-26OCT050000-00,0.0170,42.85,no
2026-10-05T03:57:19.680478Z,KXXRP15M-26OCT050000-00,0.0180,7.00,no
2026-10-05T03:57:19.680478Z,KXXRP15M-26OCT050000-00,0.0180,30.15,no
2026-10-05T03:57:20.541009Z,KXXRP15M-26OCT050000-00,0.0200,5.00,yes
2026-10-05T03:57:20.541009Z,KXXRP15M-26OCT050000-00,0.0200,14.00,yes
2026-10-05T03:57:20.541009Z,KXXRP15M-26OCT050000-00,0.0210,1.00,yes
2026-10-05T03:57:20.541009Z,KXXRP15M-26OCT050000-00,0.0200,2.00,yes
2026-10-05T03:57:20.541009Z,KXXRP15M-26OCT050000-00,0.0240,10.00,yes
2026-10-05T03:57:20.541009Z,KXXRP15M-26OCT050000-00,0.0220,5.00,yes
2026-10-05T03:57:20.541009Z,KXXRP15M-26OCT050000-00,0.0230,5.00,yes
2026-10-05T03:57:20.541009Z,KXXRP15M-26OCT050000-00,0.0190,6.00,yes
2026-10-05T03:57:20.541009Z,KXXRP15M-26OCT050000-00,0.0180,16.00,yes
2026-10-05T03:57:20.541009Z,KXXRP15M-26OCT050000-00,0.0190,25.00,yes
2026-10-05T03:57:20.541009Z,KXXRP15M-26OCT050000-00,0.0190,0.10,yes
2026-10-05T03:57:20.541009Z,KXXRP15M-26OCT050000-00,0.0180,11.00,yes
2026-10-05T03:57:20.541009Z,KXXRP15M-26OCT050000-00,0.0250,5.09,yes
2026-10-05T03:57:20.541009Z,KXXRP15M-26OCT050000-00,0.0230,5.00,yes
2026-10-05T03:57:20.541009Z,KXXRP15M-26OCT050000-00,0.0240,1.00,yes
2026-10-05T03:57:20.604043Z,KXXRP15M-26OCT050000-00,0.0150,1.00,no
2026-10-05T03:57:20.604043Z,KXXRP15M-26OCT050000-00,0.0170,7.00,no
2026-10-05T03:57:20.604043Z,KXXRP15M-26OCT050000-00,0.0150,1.60,no
2026-10-05T03:57:20.604043Z,KXXRP15M-26OCT050000-00,0.0160,40.00,no
2026-10-05T03:57:20.604043Z,KXXRP15M-26OCT050000-00,0.0160,34.00,no
2026-10-05T03:57:20.604043Z,KXXRP15M-26OCT050000-00,0.0180,2.00,no
2026-10-05T03:57:20.674706Z,KXXRP15M-26OCT050000-00,0.0150,1.01,no
2026-10-05T03:57:21.24186Z,KXXRP15M-26OCT050000-00,0.0190,24.00,yes
2026-10-05T03:57:21.24186Z,KXXRP15M-26OCT050000-00,0.0190,40.00,yes
2026-10-05T03:57:22.13046Z,KXXRP15M-26OCT050000-00,0.0230,28.00,yes
2026-10-05T03:57:22.242868Z,KXXRP15M-26OCT050000-00,0.0200,2.00,no
2026-10-05T03:57:22.242928Z,KXXRP15M-26OCT050000-00,0.0200,9.00,no
2026-10-05T03:57:22.242965Z,KXXRP15M-26OCT050000-00,0.0200,6.00,no
2026-10-05T03:57:22.243485Z,KXXRP15M-26OCT050000-00,0.0160,8.00,no
2026-10-05T03:57:22.243485Z,KXXRP15M-26OCT050000-00,0.0150,17.00,no
2026-10-05T03:57:22.243544Z,KXXRP15M-26OCT050000-00,0.0150,13.00,no
2026-10-05T03:57:22.243625Z,KXXRP15M-26OCT050000-00,0.0120,9.86,no
2026-10-05T03:57:22.243625Z,KXXRP15M-26OCT050000-00,0.0150,7.50,no
2026-10-05T03:57:22.243625Z,KXXRP15M-26OCT050000-00,0.0130,7.64,no
2026-10-05T03:57:22.243625Z,KXXRP15M-26OCT050000-00,0.0150,10.00,no
2026-10-05T03:57:22.255747Z,KXXRP15M-26OCT050000-00,0.0240,0.10,yes
2026-10-05T03:57:22.255747Z,KXXRP15M-26OCT050000-00,0.0160,5.00,yes
2026-10-05T03:57:22.66841Z,KXXRP15M-26OCT050000-00,0.0150,10.00,no
2026-10-05T03:57:22.668835Z,KXXRP15M-26OCT050000-00,0.0150,10.00,no
2026-10-05T03:57:22.863355Z,KXXRP15M-26OCT050000-00,0.0170,9.86,no
2026-10-05T03:57:23.197969Z,KXXRP15M-26OCT050000-00,0.0200,52.00,yes
2026-10-05T03:57:23.197969Z,KXXRP15M-26OCT050000-00,0.0200,5.00,yes
2026-10-05T03:57:23.197969Z,KXXRP15M-26OCT050000-00,0.0220,0.08,yes
2026-10-05T03:57:23.197969Z,KXXRP15M-26OCT050000-00,0.0250,7.50,yes
2026-10-05T03:57:23.197969Z,KXXRP15M-26OCT050000-00,0.0210,5.00,yes
2026-10-05T03:57:23.197969Z,KXXRP15M-26OCT050000-00,0.0210,55.00,yes
2026-10-05T03:57:23.197969Z,KXXRP15M-26OCT050000-00,0.0250,1.00,yes
2026-10-05T03:57:23.197969Z,KXXRP15M-26OCT050000-00,0.0250,13.00,yes
2026-10-05T03:57:23.197969Z,KXXRP15M-26OCT050000-00,0.0240,1.00,yes
2026-10-05T03:57:23.197969Z,KXXRP15M-26OCT050000-00,0.0240,0.08,yes
2026-10-05T03:57:23.197969Z,KXXRP15M-26OCT050000-00,0.0230,9.00,yes
2026-10-05T03:57:23.197969Z,KXXRP15M-26OCT050000-00,0.0210,0.08,yes
2026-10-05T03:57:23.197969Z,KXXRP15M-26OCT050000-00,0.0230,0.08,yes
2026-10-05T03:57:23.197969Z,KXXRP15M-26OCT050000-00,0.0250,10.00,yes
2026-10-05T03:57:23.197969Z,KXXRP15M-26OCT050000-00,0.0250,0.09,yes
2026-10-05T03:57:23.197969Z,KXXRP15M-26OCT050000-00,0.0260,0.12,yes
2026-10-05T03:57:23.197969Z,KXXRP15M-26OCT050000-00,0.0270,172.84,yes
2026-10-05T03:57:23.197969Z,KXXRP15M-26OCT050000-00,0.0260,19.00,yes
2026-10-05T03:57:24.26915Z,KXXRP15M-26OCT050000-00,0.0210,55.00,no
2026-10-05T03:57:25.42956Z,KXXRP15M-26OCT050000-00,0.0220,5.00,yes
2026-10-05T03:57:26.221062Z,KXXRP15M-26OCT050000-00,0.0190,4.00,no
2026-10-05T03:57:26.221062Z,KXXRP15M-26OCT050000-00,0.0180,1.00,no
2026-10-05T03:57:26.221062Z,KXXRP15M-26OCT050000-00,0.0160,8.00,no
2026-10-05T03:57:26.221062Z,KXXRP15M-26OCT050000-00,0.0200,2.00,no
2026-10-05T03:57:27.683929Z,KXXRP15M-26OCT050000-00,0.0200,27.00,no
2026-10-05T03:57:27.695075Z,KXXRP15M-26OCT050000-00,0.0170,57.00,yes
2026-10-05T03:57:28.754854Z,KXXRP15M-26OCT050000-00,0.0170,15.24,yes
2026-10-05T03:57:28.795614Z,KXXRP15M-26OCT050000-00,0.0160,1.01,no
2026-10-05T03:57:29.3193Z,KXXRP15M-26OCT050000-00,0.0170,99.00,yes
2026-10-05T03:57:29.319634Z,KXXRP15M-26OCT050000-00,0.0170,99.00,yes
2026-10-05T03:57:29.32323Z,KXXRP15M-26OCT050000-00,0.0170,87.00,yes
2026-10-05T03:57:29.323427Z,KXXRP15M-26OCT050000-00,0.0170,65.00,yes
2026-10-05T03:57:29.328388Z,KXXRP15M-26OCT050000-00,0.0180,54.00,yes
2026-10-05T03:57:29.328388Z,KXXRP15M-26OCT050000-00,0.0170,77.85,yes
2026-10-05T03:57:29.335833Z,KXXRP15M-26OCT050000-00,0.0210,1.00,yes
2026-10-05T03:57:29.335833Z,KXXRP15M-26OCT050000-00,0.0190,65.00,yes
2026-10-05T03:57:29.501987Z,KXXRP15M-26OCT050000-00,0.0280,145.29,yes
2026-10-05T03:57:29.501987Z,KXXRP15M-26OCT050000-00,0.0300,58.34,yes
2026-10-05T03:57:29.501987Z,KXXRP15M-26OCT050000-00,0.0270,15.16,yes
2026-10-05T03:57:29.501987Z,KXXRP15M-26OCT050000-00,0.0290,10.00,yes
2026-10-05T03:57:29.501987Z,KXXRP15M-26OCT050000-00,0.0280,9.00,yes
2026-10-05T03:57:29.501987Z,KXXRP15M-26OCT050000-00,0.0280,10.00,yes
2026-10-05T03:57:29.501987Z,KXXRP15M-26OCT050000-00,0.0280,3.00,yes
2026-10-05T03:57:29.501987Z,KXXRP15M-26OCT050000-00,0.0280,1.02,yes
2026-10-05T03:57:29.501987Z,KXXRP15M-26OCT050000-00,0.0300,1.00,yes
2026-10-05T03:57:29.501987Z,KXXRP15M-26OCT050000-00,0.0280,28.51,yes
2026-10-05T03:57:29.501987Z,KXXRP15M-26OCT050000-00,0.0270,10.00,yes
2026-10-05T03:57:29.501987Z,KXXRP15M-26OCT050000-00,0.0270,15.00,yes
2026-10-05T03:57:29.501987Z,KXXRP15M-26OCT050000-00,0.0300,48.40,yes
2026-10-05T03:57:29.653522Z,KXXRP15M-26OCT050000-00,0.0300,4.40,yes
2026-10-05T03:57:29.653522Z,KXXRP15M-26OCT050000-00,0.0300,16.00,yes
2026-10-05T03:57:29.653522Z,KXXRP15M-26OCT050000-00,0.0300,7.00,yes
2026-10-05T03:57:29.653522Z,KXXRP15M-26OCT050000-00,0.0300,1.60,yes
2026-10-05T03:57:30.037262Z,KXXRP15M-26OCT050000-00,0.0310,5.00,no
2026-10-05T03:57:30.21301Z,KXXRP15M-26OCT050000-00,0.0270,5.00,no
2026-10-05T03:57:30.271401Z,KXXRP15M-26OCT050000-00,0.0270,2.00,no
2026-10-05T03:57:30.271401Z,KXXRP15M-26OCT050000-00,0.0270,2.00,no
2026-10-05T03:57:30.388355Z,KXXRP15M-26OCT050000-00,0.0270,3.00,no
2026-10-05T03:57:30.623661Z,KXXRP15M-26OCT050000-00,0.0240,2.00,no
2026-10-05T03:57:30.853608Z,KXXRP15M-26OCT050000-00,0.0240,1.02,no
2026-10-05T03:57:32.281828Z,KXXRP15M-26OCT050000-00,0.0280,0.10,yes
2026-10-05T03:57:32.281828Z,KXXRP15M-26OCT050000-00,0.0250,1.00,yes
2026-10-05T03:57:32.281828Z,KXXRP15M-26OCT050000-00,0.0270,2.00,yes
2026-10-05T03:57:32.281828Z,KXXRP15M-26OCT050000-00,0.0270,18.00,yes
2026-10-05T03:57:32.60459Z,KXXRP15M-26OCT050000-00,0.0280,17.90,yes
2026-10-05T03:57:32.60459Z,KXXRP15M-26OCT050000-00,0.0280,2.10,yes
2026-10-05T03:57:32.611601Z,KXXRP15M-26OCT050000-00,0.0290,7.10,yes
2026-10-05T03:57:32.611601Z,KXXRP15M-26OCT050000-00,0.0290,10.00,yes
2026-10-05T03:57:32.611601Z,KXXRP15M-26OCT050000-00,0.0280,2.90,yes
2026-10-05T03:57:32.705429Z,KXXRP15M-26OCT050000-00,0.0250,1.00,no
2026-10-05T03:57:32.982823Z,KXXRP15M-26OCT050000-00,0.0280,2.90,yes
2026-10-05T03:57:33.476621Z,KXXRP15M-26OCT050000-00,0.0270,2.89,yes
2026-10-05T03:57:33.559098Z,KXXRP15M-26OCT050000-00,0.0250,20.00,no
2026-10-05T03:57:33.559098Z,KXXRP15M-26OCT050000-00,0.0240,5.08,no
2026-10-05T03:57:33.692846Z,KXXRP15M-26OCT050000-00,0.0280,10.00,yes
2026-10-05T03:57:33.692846Z,KXXRP15M-26OCT050000-00,0.0290,28.09,yes
2026-10-05T03:57:33.692846Z,KXXRP15M-26OCT050000-00,0.0280,2.10,yes
2026-10-05T03:57:33.692846Z,KXXRP15M-26OCT050000-00,0.0270,8.11,yes
2026-10-05T03:57:33.692846Z,KXXRP15M-26OCT050000-00,0.0280,17.00,yes
2026-10-05T03:57:33.945271Z,KXXRP15M-26OCT050000-00,0.0270,20.00,no
2026-10-05T03:57:33.967683Z,KXXRP15M-26OCT050000-00,0.0290,1.83,yes
2026-10-05T03:57:34.076366Z,KXXRP15M-26OCT050000-00,0.0270,11.00,no
2026-10-05T03:57:35.268147Z,KXXRP15M-26OCT050000-00,0.0210,10.00,no
2026-10-05T03:57:36.560408Z,KXXRP15M-26OCT050000-00,0.0120,166.87,no
2026-10-05T03:57:36.560408Z,KXXRP15M-26OCT050000-00,0.0170,40.00,no
2026-10-05T03:57:36.560408Z,KXXRP15M-26OCT050000-00,0.0130,0.53,no
2026-10-05T03:57:36.560408Z,KXXRP15M-26OCT050000-00,0.0180,14.00,no
2026-10-05T03:57:36.560408Z,KXXRP15M-26OCT050000-00,0.0150,7.50,no
2026-10-05T03:57:36.560408Z,KXXRP15M-26OCT050000-00,0.0130,5.00,no
2026-10-05T03:57:36.560408Z,KXXRP15M-26OCT050000-00,0.0210,24.00,no
2026-10-05T03:57:36.560408Z,KXXRP15M-26OCT050000-00,0.0140,5.00,no
2026-10-05T03:57:36.560408Z,KXXRP15M-26OCT050000-00,0.0220,29.00,no
2026-10-05T03:57:36.560408Z,KXXRP15M-26OCT050000-00,0.0220,5.00,no
2026-10-05T03:57:36.560408Z,KXXRP15M-26OCT050000-00,0.0200,0.01,no
2026-10-05T03:57:36.560408Z,KXXRP15M-26OCT050000-00,0.0180,7.00,no
2026-10-05T03:57:37.677441Z,KXXRP15M-26OCT050000-00,0.0180,33.00,no
2026-10-05T03:57:38.480362Z,KXXRP15M-26OCT050000-00,0.0180,21.00,yes
2026-10-05T03:57:38.522358Z,KXXRP15M-26OCT050000-00,0.0180,6.00,yes
2026-10-05T03:57:38.656313Z,KXXRP15M-26OCT050000-00,0.0170,27.00,no
2026-10-05T03:57:38.832657Z,KXXRP15M-26OCT050000-00,0.0170,16.00,no
2026-10-05T03:57:39.15421Z,KXXRP15M-26OCT050000-00,0.0170,52.00,no
2026-10-05T03:57:39.910349Z,KXXRP15M-26OCT050000-00,0.0180,11.87,yes
2026-10-05T03:57:39.910349Z,KXXRP15M-26OCT050000-00,0.0190,0.93,yes
2026-10-05T03:57:40.834752Z,KXXRP15M-26OCT050000-00,0.0170,21.00,yes
2026-10-05T03:57:40.834752Z,KXXRP15M-26OCT050000-00,0.0170,5.00,yes
2026-10-05T03:57:40.834752Z,KXXRP15M-26OCT050000-00,0.0180,25.98,yes
2026-10-05T03:57:41.155588Z,KXXRP15M-26OCT050000-00,0.0160,8.11,no
2026-10-05T03:57:41.489424Z,KXXRP15M-26OCT050000-00,0.0160,36.89,no
2026-10-05T03:57:41.489424Z,KXXRP15M-26OCT050000-00,0.0130,6.18,no
2026-10-05T03:57:42.323692Z,KXXRP15M-26OCT050000-00,0.0180,2.17,yes
2026-10-05T03:57:42.323692Z,KXXRP15M-26OCT050000-00,0.0180,3.02,yes
2026-10-05T03:57:42.743587Z,KXXRP15M-26OCT050000-00,0.0130,1.83,no
2026-10-05T03:57:42.743587Z,KXXRP15M-26OCT050000-00,0.0150,28.00,no
2026-10-05T03:57:42.743587Z,KXXRP15M-26OCT050000-00,0.0140,28.00,no
2026-10-05T03:57:43.14102Z,KXXRP15M-26OCT050000-00,0.0140,83.00,yes
2026-10-05T03:57:44.181135Z,KXXRP15M-26OCT050000-00,0.0260,40.00,yes
2026-10-05T03:57:44.181135Z,KXXRP15M-26OCT050000-00,0.0300,7.50,yes
2026-10-05T03:57:44.181135Z,KXXRP15M-26OCT050000-00,0.0200,11.00,yes
2026-10-05T03:57:44.181135Z,KXXRP15M-26OCT050000-00,0.0220,1.00,yes
2026-10-05T03:57:44.181135Z,KXXRP15M-26OCT050000-00,0.0250,7.50,yes
2026-10-05T03:57:44.181135Z,KXXRP15M-26OCT050000-00,0.0280,20.00,yes
2026-10-05T03:57:44.181135Z,KXXRP15M-26OCT050000-00,0.0170,5.00,yes
2026-10-05T03:57:44.181135Z,KXXRP15M-26OCT050000-00,0.0270,1.00,yes
2026-10-05T03:57:44.181135Z,KXXRP15M-26OCT050000-00,0.0280,1.00,yes
2026-10-05T03:57:44.181135Z,KXXRP15M-26OCT050000-00,0.0160,37.00,yes
2026-10-05T03:57:44.181135Z,KXXRP15M-26OCT050000-00,0.0210,40.00,yes
2026-10-05T03:57:44.181135Z,KXXRP15M-26OCT050000-00,0.0260,45.00,yes
2026-10-05T03:57:44.181135Z,KXXRP15M-26OCT050000-00,0.0180,5.00,yes
2026-10-05T03:57:44.181135Z,KXXRP15M-26OCT050000-00,0.0270,20.00,yes
2026-10-05T03:57:44.181135Z,KXXRP15M-26OCT050000-00,0.0210,40.00,yes
2026-10-05T03:57:44.181135Z,KXXRP15M-26OCT050000-00,0.0300,12.19,yes
2026-10-05T03:57:44.181135Z,KXXRP15M-26OCT050000-00,0.0200,7.50,yes
2026-10-05T03:57:44.181135Z,KXXRP15M-26OCT050000-00,0.0150,23.00,yes
2026-10-05T03:57:44.181135Z,KXXRP15M-26OCT050000-00,0.0280,34.00,yes
2026-10-05T03:57:44.181135Z,KXXRP15M-26OCT050000-00,0.0290,20.00,yes
2026-10-05T03:57:44.181135Z,KXXRP15M-26OCT050000-00,0.0270,1.00,yes
2026-10-05T03:57:44.346818Z,KXXRP15M-26OCT050000-00,0.0150,2.15,no
2026-10-05T03:57:44.346818Z,KXXRP15M-26OCT050000-00,0.0160,4.00,no
2026-10-05T03:57:44.352955Z,KXXRP15M-26OCT050000-00,0.0180,1.00,yes
2026-10-05T03:57:44.513135Z,KXXRP15M-26OCT050000-00,0.0270,7.35,yes
2026-10-05T03:57:44.513135Z,KXXRP15M-26OCT050000-00,0.0180,4.00,yes
2026-10-05T03:57:44.513135Z,KXXRP15M-26OCT050000-00,0.0190,5.00,yes
2026-10-05T03:57:44.513135Z,KXXRP15M-26OCT050000-00,0.0270,1.00,yes
2026-10-05T03:57:44.942628Z,KXXRP15M-26OCT050000-00,0.0160,1.00,no
2026-10-05T03:57:44.942628Z,KXXRP15M-26OCT050000-00,0.0150,14.21,no
2026-10-05T03:57:45.133012Z,KXXRP15M-26OCT050000-00,0.0170,0.90,no
2026-10-05T03:57:45.312705Z,KXXRP15M-26OCT050000-00,0.0120,3.74,no
2026-10-05T03:57:45.312705Z,KXXRP15M-26OCT050000-00,0.0130,3.00,no
2026-10-05T03:57:45.312705Z,KXXRP15M-26OCT050000-00,0.0170,1.10,no
2026-10-05T03:57:45.312705Z,KXXRP15M-26OCT050000-00,0.0160,1.00,no
2026-10-05T03:57:45.312705Z,KXXRP15M-26OCT050000-00,0.0130,7.00,no
2026-10-05T03:57:45.512963Z,KXXRP15M-26OCT050000-00,0.0170,3.00,no
2026-10-05T03:57:46.441638Z,KXXRP15M-26OCT050000-00,0.0170,0.10,no
2026-10-05T03:57:46.441638Z,KXXRP15M-26OCT050000-00,0.0160,1.00,no
2026-10-05T03:57:46.441829Z,KXXRP15M-26OCT050000-00,0.0130,33.00,no
2026-10-05T03:57:46.441829Z,KXXRP15M-26OCT050000-00,0.0150,7.00,no
2026-10-05T03:57:46.441829Z,KXXRP15M-26OCT050000-00,0.0140,6.00,no
2026-10-05T03:57:46.630768Z,KXXRP15M-26OCT050000-00,0.0160,10.60,no
2026-10-05T03:57:47.175556Z,KXXRP15M-26OCT050000-00,0.0160,1.13,no
2026-10-05T03:57:48.723863Z,KXXRP15M-26OCT050000-00,0.0210,20.00,yes
2026-10-05T03:57:48.723863Z,KXXRP15M-26OCT050000-00,0.0230,1.00,yes
2026-10-05T03:57:48.723863Z,KXXRP15M-26OCT050000-00,0.0150,5.00,yes
2026-10-05T03:57:48.723863Z,KXXRP15M-26OCT050000-00,0.0220,10.00,yes
2026-10-05T03:57:48.723863Z,KXXRP15M-26OCT050000-00,0.0210,40.00,yes
2026-10-05T03:57:48.723863Z,KXXRP15M-26OCT050000-00,0.0230,26.70,yes
2026-10-05T03:57:48.723863Z,KXXRP15M-26OCT050000-00,0.0200,15.00,yes
2026-10-05T03:57:48.723863Z,KXXRP15M-26OCT050000-00,0.0210,40.00,yes
2026-10-05T03:57:48.723863Z,KXXRP15M-26OCT050000-00,0.0160,5.00,yes
2026-10-05T03:57:48.723863Z,KXXRP15M-26OCT050000-00,0.0150,11.00,yes
2026-10-05T03:57:48.723863Z,KXXRP15M-26OCT050000-00,0.0150,22.00,yes
2026-10-05T03:57:48.723863Z,KXXRP15M-26OCT050000-00,0.0190,12.00,yes
2026-10-05T03:57:48.723863Z,KXXRP15M-26OCT050000-00,0.0210,40.00,yes
2026-10-05T03:57:48.723863Z,KXXRP15M-26OCT050000-00,0.0150,0.74,yes
2026-10-05T03:57:48.9195Z,KXXRP15M-26OCT050000-00,0.0300,15.00,yes
2026-10-05T03:57:48.9195Z,KXXRP15M-26OCT050000-00,0.0290,18.00,yes
2026-10-05T03:57:48.9195Z,KXXRP15M-26OCT050000-00,0.0250,10.00,yes
2026-10-05T03:57:48.9195Z,KXXRP15M-26OCT050000-00,0.0160,0.09,yes
2026-10-05T03:57:48.9195Z,KXXRP15M-26OCT050000-00,0.0220,10.00,yes
2026-10-05T03:57:48.9195Z,KXXRP15M-26OCT050000-00,0.0180,5.00,yes
2026-10-05T03:57:48.9195Z,KXXRP15M-26OCT050000-00,0.0160,14.00,yes
2026-10-05T03:57:48.9195Z,KXXRP15M-26OCT050000-00,0.0150,0.08,yes
2026-10-05T03:57:48.9195Z,KXXRP15M-26OCT050000-00,0.0220,40.00,yes
2026-10-05T03:57:48.9195Z,KXXRP15M-26OCT050000-00,0.0210,10.00,yes
2026-10-05T03:57:48.9195Z,KXXRP15M-26OCT050000-00,0.0170,5.00,yes
2026-10-05T03:57:48.9195Z,KXXRP15M-26OCT050000-00,0.0250,7.50,yes
2026-10-05T03:57:48.9195Z,KXXRP15M-26OCT050000-00,0.0300,75.36,yes
2026-10-05T03:57:48.9195Z,KXXRP15M-26OCT050000-00,0.0170,11.00,yes
2026-10-05T03:57:49.225885Z,KXXRP15M-26OCT050000-00,0.0150,9.14,no
2026-10-05T03:57:49.934815Z,KXXRP15M-26OCT050000-00,0.0160,1.11,yes
2026-10-05T03:57:50.07049Z,KXXRP15M-26OCT050000-00,0.0150,0.28,yes
2026-10-05T03:57:50.395469Z,KXXRP15M-26OCT050000-00,0.0140,11.00,no
2026-10-05T03:57:50.395469Z,KXXRP15M-26OCT050000-00,0.0140,7.00,no
2026-10-05T03:57:50.395469Z,KXXRP15M-26OCT050000-00,0.0140,69.00,no
2026-10-05T03:57:52.372759Z,KXXRP15M-26OCT050000-00,0.0130,5.00,yes
2026-10-05T03:57:52.372759Z,KXXRP15M-26OCT050000-00,0.0200,0.14,yes
2026-10-05T03:57:52.372759Z,KXXRP15M-26OCT050000-00,0.0150,0.09,yes
2026-10-05T03:57:52.372759Z,KXXRP15M-26OCT050000-00,0.0130,0.08,yes
2026-10-05T03:57:52.372759Z,KXXRP15M-26OCT050000-00,0.0140,0.08,yes
2026-10-05T03:57:52.372759Z,KXXRP15M-26OCT050000-00,0.0170,0.11,yes
2026-10-05T03:57:52.372759Z,KXXRP15M-26OCT050000-00,0.0180,0.12,yes
2026-10-05T03:57:52.372759Z,KXXRP15M-26OCT050000-00,0.0160,0.10,yes
2026-10-05T03:57:52.372759Z,KXXRP15M-26OCT050000-00,0.0210,10.00,yes
2026-10-05T03:57:52.372759Z,KXXRP15M-26OCT050000-00,0.0140,22.00,yes
2026-10-05T03:57:52.372759Z,KXXRP15M-26OCT050000-00,0.0140,8.00,yes
2026-10-05T03:57:52.372759Z,KXXRP15M-26OCT050000-00,0.0170,29.00,yes
2026-10-05T03:57:52.372759Z,KXXRP15M-26OCT050000-00,0.0190,0.13,yes
2026-10-05T03:57:52.372759Z,KXXRP15M-26OCT050000-00,0.0230,0.18,yes
2026-10-05T03:57:52.372759Z,KXXRP15M-26OCT050000-00,0.0180,5.00,yes
2026-10-05T03:57:52.372759Z,KXXRP15M-26OCT050000-00,0.0210,0.15,yes
2026-10-05T03:57:52.372759Z,KXXRP15M-26OCT050000-00,0.0220,0.17,yes
2026-10-05T03:57:52.372759Z,KXXRP15M-26OCT050000-00,0.0170,5.00,yes
2026-10-05T03:57:52.372759Z,KXXRP15M-26OCT050000-00,0.0130,13.00,yes
2026-10-05T03:57:52.372759Z,KXXRP15M-26OCT050000-00,0.0210,45.00,yes
2026-10-05T03:57:52.372759Z,KXXRP15M-26OCT050000-00,0.0210,35.00,yes
2026-10-05T03:57:52.372759Z,KXXRP15M-26OCT050000-00,0.0200,10.00,yes
2026-10-05T03:57:52.372759Z,KXXRP15M-26OCT050000-00,0.0240,33.22,yes
2026-10-05T03:57:52.372759Z,KXXRP15M-26OCT050000-00,0.0200,11.00,yes
2026-10-05T03:57:53.136691Z,KXXRP15M-26OCT050000-00,0.0120,3.00,no
2026-10-05T03:57:53.136691Z,KXXRP15M-26OCT050000-00,0.0130,40.00,no
2026-10-05T03:57:53.136691Z,KXXRP15M-26OCT050000-00,0.0130,7.00,no
2026-10-05T03:57:54.241844Z,KXXRP15M-26OCT050000-00,0.0120,12.00,no
2026-10-05T03:57:54.241941Z,KXXRP15M-26OCT050000-00,0.0120,20.00,no
2026-10-05T03:57:54.248445Z,KXXRP15M-26OCT050000-00,0.0110,19.90,no
2026-10-05T03:57:54.248445Z,KXXRP15M-26OCT050000-00,0.0110,1.00,no
2026-10-05T03:57:54.248445Z,KXXRP15M-26OCT050000-00,0.0110,1.00,no
2026-10-05T03:57:54.248445Z,KXXRP15M-26OCT050000-00,0.0120,116.10,no
2026-10-05T03:57:54.248445Z,KXXRP15M-26OCT050000-00,0.0110,20.00,no
2026-10-05T03:57:54.248445Z,KXXRP15M-26OCT050000-00,0.0110,125.00,no
2026-10-05T03:57:54.248445Z,KXXRP15M-26OCT050000-00,0.0120,7.00,no
2026-10-05T03:57:54.248445Z,KXXRP15M-26OCT050000-00,0.0120,60.00,no
2026-10-05T03:57:54.273031Z,KXXRP15M-26OCT050000-00,0.0110,80.10,no
2026-10-05T03:57:54.273031Z,KXXRP15M-26OCT050000-00,0.0110,16.90,no
2026-10-05T03:57:54.572184Z,KXXRP15M-26OCT050000-00,0.0110,85.90,no
2026-10-05T03:57:54.572184Z,KXXRP15M-26OCT050000-00,0.0110,1.00,no
2026-10-05T03:57:54.572184Z,KXXRP15M-26OCT050000-00,0.0110,1.00,no
2026-10-05T03:57:54.572184Z,KXXRP15M-26OCT050000-00,0.0110,2.00,no
2026-10-05T03:57:54.572184Z,KXXRP15M-26OCT050000-00,0.0110,3.10,no
2026-10-05T03:57:54.572184Z,KXXRP15M-26OCT050000-00,0.0110,2.00,no
2026-10-05T03:57:54.572184Z,KXXRP15M-26OCT050000-00,0.0110,10.00,no
2026-10-05T03:57:54.633313Z,KXXRP15M-26OCT050000-00,0.0110,27.00,no
2026-10-05T03:57:54.675927Z,KXXRP15M-26OCT050000-00,0.0110,60.00,no
2026-10-05T03:57:54.986282Z,KXXRP15M-26OCT050000-00,0.0140,52.06,yes
2026-10-05T03:57:54.986282Z,KXXRP15M-26OCT050000-00,0.0130,20.00,yes
2026-10-05T03:57:54.986282Z,KXXRP15M-26OCT050000-00,0.0130,5.00,yes
2026-10-05T03:57:54.986282Z,KXXRP15M-26OCT050000-00,0.0120,5.00,yes
2026-10-05T03:57:54.986282Z,KXXRP15M-26OCT050000-00,0.0120,19.00,yes
2026-10-05T03:57:54.986282Z,KXXRP15M-26OCT050000-00,0.0120,49.00,yes
2026-10-05T03:57:54.986282Z,KXXRP15M-26OCT050000-00,0.0140,3.00,yes
2026-10-05T03:57:54.98933Z,KXXRP15M-26OCT050000-00,0.0110,303.00,no
2026-10-05T03:57:55.092127Z,KXXRP15M-26OCT050000-00,0.0110,45.00,no
2026-10-05T03:57:55.33791Z,KXXRP15M-26OCT050000-00,0.0120,5.00,yes
2026-10-05T03:57:55.429263Z,KXXRP15M-26OCT050000-00,0.0120,71.00,no
2026-10-05T03:57:55.625654Z,KXXRP15M-26OCT050000-00,0.0120,5.00,yes
2026-10-05T03:57:55.874408Z,KXXRP15M-26OCT050000-00,0.0110,3.00,no
2026-10-05T03:57:55.93066Z,KXXRP15M-26OCT050000-00,0.0110,13.00,no
2026-10-05T03:57:56.013868Z,KXXRP15M-26OCT050000-00,0.0110,10.00,no
2026-10-05T03:57:56.056201Z,KXXRP15M-26OCT050000-00,0.0120,5.00,yes
2026-10-05T03:57:56.056201Z,KXXRP15M-26OCT050000-00,0.0120,10.00,yes
2026-10-05T03:57:56.101818Z,KXXRP15M-26OCT050000-00,0.0110,241.10,no
2026-10-05T03:57:56.101818Z,KXXRP15M-26OCT050000-00,0.0100,250.90,no
2026-10-05T03:57:56.101818Z,KXXRP15M-26OCT050000-00,0.0110,8.00,no
2026-10-05T03:57:56.135813Z,KXXRP15M-26OCT050000-00,0.0100,15.00,no
2026-10-05T03:57:56.209712Z,KXXRP15M-26OCT050000-00,0.0100,31.00,no
2026-10-05T03:57:56.247155Z,KXXRP15M-26OCT050000-00,0.0110,5.00,yes
2026-10-05T03:57:56.247155Z,KXXRP15M-26OCT050000-00,0.0120,10.00,yes
2026-10-05T03:57:56.247155Z,KXXRP15M-26OCT050000-00,0.0120,5.00,yes
2026-10-05T03:57:56.247155Z,KXXRP15M-26OCT050000-00,0.0130,51.91,yes
2026-10-05T03:57:56.306531Z,KXXRP15M-26OCT050000-00,0.0100,3.10,no
2026-10-05T03:57:56.306531Z,KXXRP15M-26OCT050000-00,0.0100,1.90,no
2026-10-05T03:57:56.377786Z,KXXRP15M-26OCT050000-00,0.0100,0.10,no
2026-10-05T03:57:56.377786Z,KXXRP15M-26OCT050000-00,0.0100,39.90,no
2026-10-05T03:57:56.398014Z,KXXRP15M-26OCT050000-00,0.0100,40.90,no
2026-10-05T03:57:56.398014Z,KXXRP15M-26OCT050000-00,0.0100,0.10,no
2026-10-05T03:57:56.40281Z,KXXRP15M-26OCT050000-00,0.0110,6.02,yes
2026-10-05T03:57:56.651182Z,KXXRP15M-26OCT050000-00,0.0110,20.00,yes
2026-10-05T03:57:57.104387Z,KXXRP15M-26OCT050000-00,0.0100,20.00,no
2026-10-05T03:57:57.117786Z,KXXRP15M-26OCT050000-00,0.0100,23.00,no
2026-10-05T03:57:57.126018Z,KXXRP15M-26OCT050000-00,0.0100,15.00,no
2026-10-05T03:57:57.136325Z,KXXRP15M-26OCT050000-00,0.0100,6.00,no
2026-10-05T03:57:57.143346Z,KXXRP15M-26OCT050000-00,0.0100,19.00,no
2026-10-05T03:57:57.151359Z,KXXRP15M-26OCT050000-00,0.0100,14.00,no
2026-10-05T03:57:57.154801Z,KXXRP15M-26OCT050000-00,0.0100,9.00,no
2026-10-05T03:57:57.80485Z,KXXRP15M-26OCT050000-00,0.0100,41.41,no
2026-10-05T03:57:57.963697Z,KXXRP15M-26OCT050000-00,0.0100,11.71,no
2026-10-05T03:57:57.963697Z,KXXRP15M-26OCT050000-00,0.0100,20.00,no
2026-10-05T03:57:57.963697Z,KXXRP15M-26OCT050000-00,0.0100,100.00,no
2026-10-05T03:57:57.963697Z,KXXRP15M-26OCT050000-00,0.0100,25.00,no
2026-10-05T03:57:57.963697Z,KXXRP15M-26OCT050000-00,0.0100,211.69,no
2026-10-05T03:57:57.963697Z,KXXRP15M-26OCT050000-00,0.0100,56.76,no
2026-10-05T03:57:57.963697Z,KXXRP15M-26OCT050000-00,0.0100,18.27,no
2026-10-05T03:57:57.963697Z,KXXRP15M-26OCT050000-00,0.0100,7.57,no
2026-10-05T03:57:58.305719Z,KXXRP15M-26OCT050000-00,0.0100,8.76,no
2026-10-05T03:57:58.305719Z,KXXRP15M-26OCT050000-00,0.0100,10.00,no
2026-10-05T03:57:58.305719Z,KXXRP15M-26OCT050000-00,0.0100,27.63,no
2026-10-05T03:57:58.305719Z,KXXRP15M-26OCT050000-00,0.0100,3.77,no
2026-10-05T03:57:58.305719Z,KXXRP15M-26OCT050000-00,0.0100,4.46,no
2026-10-05T03:57:58.305719Z,KXXRP15M-26OCT050000-00,0.0100,10.38,no
2026-10-05T03:57:58.315283Z,KXXRP15M-26OCT050000-00,0.0100,89.95,no
2026-10-05T03:57:58.315283Z,KXXRP15M-26OCT050000-00,0.0100,5.00,no
2026-10-05T03:57:58.315283Z,KXXRP15M-26OCT050000-00,0.0100,1.24,no
2026-10-05T03:57:58.356193Z,KXXRP15M-26OCT050000-00,0.0100,21.00,no
2026-10-05T03:57:58.665167Z,KXXRP15M-26OCT050000-00,0.0060,40.00,no
2026-10-05T03:57:58.665167Z,KXXRP15M-26OCT050000-00,0.0070,40.00,no
2026-10-05T03:57:58.665167Z,KXXRP15M-26OCT050000-00,0.0050,2.92,no
2026-10-05T03:57:58.665167Z,KXXRP15M-26OCT050000-00,0.0090,40.00,no
2026-10-05T03:57:58.665167Z,KXXRP15M-26OCT050000-00,0.0080,40.00,no
2026-10-05T03:57:58.665167Z,KXXRP15M-26OCT050000-00,0.0100,25.00,no
2026-10-05T03:57:58.665167Z,KXXRP15M-26OCT050000-00,0.0100,289.05,no
2026-10-05T03:57:58.665167Z,KXXRP15M-26OCT050000-00,0.0060,6.00,no
2026-10-05T03:57:58.665167Z,KXXRP15M-26OCT050000-00,0.0080,1.52,no
2026-10-05T03:57:58.924935Z,KXXRP15M-26OCT050000-00,0.0050,11.00,no
2026-10-05T03:57:58.924935Z,KXXRP15M-26OCT050000-00,0.0050,37.08,no
2026-10-05T03:57:58.924935Z,KXXRP15M-26OCT050000-00,0.0040,80.92,no
2026-10-05T03:57:58.924935Z,KXXRP15M-26OCT050000-00,0.0060,400.00,no
2026-10-05T03:57:58.924935Z,KXXRP15M-26OCT050000-00,0.0050,8.00,no
2026-10-05T03:57:58.956893Z,KXXRP15M-26OCT050000-00,0.0060,37.08,yes
2026-10-05T03:57:58.956893Z,KXXRP15M-26OCT050000-00,0.0070,7.94,yes
2026-10-05T03:57:58.956893Z,KXXRP15M-26OCT050000-00,0.0070,40.00,yes
2026-10-05T03:57:59.038459Z,KXXRP15M-26OCT050000-00,0.0040,40.00,no
2026-10-05T03:57:59.038459Z,KXXRP15M-26OCT050000-00,0.0040,160.00,no
2026-10-05T03:57:59.054193Z,KXXRP15M-26OCT050000-00,0.0040,200.00,no
2026-10-05T03:57:59.075177Z,KXXRP15M-26OCT050000-00,0.0040,200.00,no
2026-10-05T03:57:59.089525Z,KXXRP15M-26OCT050000-00,0.0040,1.13,no
2026-10-05T03:57:59.102445Z,KXXRP15M-26OCT050000-00,0.0040,200.00,no
2026-10-05T03:57:59.195145Z,KXXRP15M-26OCT050000-00,0.0040,200.00,no
2026-10-05T03:57:59.274234Z,KXXRP15M-26OCT050000-00,0.0040,1.00,no
2026-10-05T03:57:59.274234Z,KXXRP15M-26OCT050000-00,0.0040,1.00,no
2026-10-05T03:57:59.274234Z,KXXRP15M-26OCT050000-00,0.0040,1.00,no
2026-10-05T03:57:59.274234Z,KXXRP15M-26OCT050000-00,0.0040,1.00,no
2026-10-05T03:57:59.274234Z,KXXRP15M-26OCT050000-00,0.0040,13.00,no
2026-10-05T03:57:59.274234Z,KXXRP15M-26OCT050000-00,0.0040,1.00,no
2026-10-05T03:57:59.274234Z,KXXRP15M-26OCT050000-00,0.0040,7.00,no
2026-10-05T03:57:59.354088Z,KXXRP15M-26OCT050000-00,0.0030,200.00,no
2026-10-05T03:57:59.490394Z,KXXRP15M-26OCT050000-00,0.0030,25.80,no
2026-10-05T03:57:59.493937Z,KXXRP15M-26OCT050000-00,0.0030,174.20,no
2026-10-05T03:57:59.493937Z,KXXRP15M-26OCT050000-00,0.0030,25.80,no
2026-10-05T03:57:59.613703Z,KXXRP15M-26OCT050000-00,0.0080,40.00,yes
2026-10-05T03:57:59.613703Z,KXXRP15M-26OCT050000-00,0.0080,80.92,yes
2026-10-05T03:57:59.613703Z,KXXRP15M-26OCT050000-00,0.0060,2.92,yes
2026-10-05T03:57:59.613703Z,KXXRP15M-26OCT050000-00,0.0040,25.80,yes
2026-10-05T03:57:59.613703Z,KXXRP15M-26OCT050000-00,0.0070,23.00,yes
2026-10-05T03:57:59.613703Z,KXXRP15M-26OCT050000-00,0.0040,129.00,yes
2026-10-05T03:57:59.613703Z,KXXRP15M-26OCT050000-00,0.0080,38.51,yes
2026-10-05T03:57:59.613703Z,KXXRP15M-26OCT050000-00,0.0050,40.00,yes
2026-10-05T03:57:59.938872Z,KXXRP15M-26OCT050000-00,0.0080,2.00,yes
2026-10-05T03:58:01.389663Z,KXXRP15M-26OCT050000-00,0.0080,23.00,no
2026-10-05T03:58:01.430653Z,KXXRP15M-26OCT050000-00,0.0070,50.00,no
2026-10-05T03:58:01.482067Z,KXXRP15M-26OCT050000-00,0.0050,4.00,no
2026-10-05T03:58:02.26696Z,KXXRP15M-26OCT050000-00,0.0070,0.10,yes
2026-10-05T03:58:02.423449Z,KXXRP15M-26OCT050000-00,0.0070,23.00,yes
2026-10-05T03:58:02.423449Z,KXXRP15M-26OCT050000-00,0.0070,30.00,yes
2026-10-05T03:58:02.545933Z,KXXRP15M-26OCT050000-00,0.0030,16.10,no
2026-10-05T03:58:02.545933Z,KXXRP15M-26OCT050000-00,0.0030,14.20,no
2026-10-05T03:58:02.545933Z,KXXRP15M-26OCT050000-00,0.0040,7.00,no
2026-10-05T03:58:02.545933Z,KXXRP15M-26OCT050000-00,0.0060,194.00,no
2026-10-05T03:58:03.231502Z,KXXRP15M-26OCT050000-00,0.0060,15.00,yes
2026-10-05T03:58:03.239461Z,KXXRP15M-26OCT050000-00,0.0060,10.00,yes
2026-10-05T03:58:03.24873Z,KXXRP15M-26OCT050000-00,0.0070,8.80,yes
2026-10-05T03:58:03.24873Z,KXXRP15M-26OCT050000-00,0.0070,14.20,yes
2026-10-05T03:58:03.256966Z,KXXRP15M-26OCT050000-00,0.0070,4.00,yes
2026-10-05T03:58:03.263865Z,KXXRP15M-26OCT050000-00,0.0070,1.00,yes
2026-10-05T03:58:03.387159Z,KXXRP15M-26OCT050000-00,0.0070,27.70,yes
2026-10-05T03:58:03.387159Z,KXXRP15M-26OCT050000-00,0.0070,2.30,yes
2026-10-05T03:58:03.395557Z,KXXRP15M-26OCT050000-00,0.0070,5.00,yes
2026-10-05T03:58:03.41156Z,KXXRP15M-26OCT050000-00,0.0070,1.00,yes
2026-10-05T03:58:03.667488Z,KXXRP15M-26OCT050000-00,0.0070,11.30,yes
2026-10-05T03:58:03.667488Z,KXXRP15M-26OCT050000-00,0.0070,22.70,yes
2026-10-05T03:58:04.200917Z,KXXRP15M-26OCT050000-00,0.0080,68.00,yes
2026-10-05T03:58:04.322385Z,KXXRP15M-26OCT050000-00,0.0080,9.00,yes
2026-10-05T03:58:04.322385Z,KXXRP15M-26OCT050000-00,0.0080,9.00,yes
2026-10-05T03:58:04.59888Z,KXXRP15M-26OCT050000-00,0.0070,9.00,yes
2026-10-05T03:58:04.781058Z,KXXRP15M-26OCT050000-00,0.0060,0.10,no
2026-10-05T03:58:04.810277Z,KXXRP15M-26OCT050000-00,0.0060,10.00,yes
2026-10-05T03:58:04.824404Z,KXXRP15M-26OCT050000-00,0.0060,19.90,yes
2026-10-05T03:58:04.824404Z,KXXRP15M-26OCT050000-00,0.0060,30.00,yes
2026-10-05T03:58:05.109438Z,KXXRP15M-26OCT050000-00,0.0060,3.00,no
2026-10-05T03:58:05.30163Z,KXXRP15M-26OCT050000-00,0.0070,21.00,yes
2026-10-05T03:58:05.30163Z,KXXRP15M-26OCT050000-00,0.0070,16.96,yes
2026-10-05T03:58:05.350596Z,KXXRP15M-26OCT050000-00,0.0060,3.00,no
2026-10-05T03:58:05.425306Z,KXXRP15M-26OCT050000-00,0.0060,30.00,no
2026-10-05T03:58:05.438582Z,KXXRP15M-26OCT050000-00,0.0070,16.96,yes
2026-10-05T03:58:05.438582Z,KXXRP15M-26OCT050000-00,0.0070,0.12,yes
2026-10-05T03:58:05.438582Z,KXXRP15M-26OCT050000-00,0.0070,6.04,yes
2026-10-05T03:58:05.493692Z,KXXRP15M-26OCT050000-00,0.0060,30.00,no
2026-10-05T03:58:05.500353Z,KXXRP15M-26OCT050000-00,0.0080,2.00,yes
2026-10-05T03:58:05.508295Z,KXXRP15M-26OCT050000-00,0.0080,35.35,yes
2026-10-05T03:58:05.597571Z,KXXRP15M-26OCT050000-00,0.0060,12.00,no
2026-10-05T03:58:05.718055Z,KXXRP15M-26OCT050000-00,0.0080,29.00,yes
2026-10-05T03:58:06.306679Z,KXXRP15M-26OCT050000-00,0.0050,5.00,no
2026-10-05T03:58:06.394496Z,KXXRP15M-26OCT050000-00,0.0050,8.00,no
2026-10-05T03:58:06.394496Z,KXXRP15M-26OCT050000-00,0.0050,31.00,no
2026-10-05T03:58:06.394496Z,KXXRP15M-26OCT050000-00,0.0050,41.00,no
2026-10-05T03:58:06.696416Z,KXXRP15M-26OCT050000-00,0.0060,10.05,yes
2026-10-05T03:58:07.041766Z,KXXRP15M-26OCT050000-00,0.0060,28.94,yes
2026-10-05T03:58:07.218752Z,KXXRP15M-26OCT050000-00,0.0060,15.58,yes
2026-10-05T03:58:08.022861Z,KXXRP15M-26OCT050000-00,0.0050,117.00,no
2026-10-05T03:58:08.022861Z,KXXRP15M-26OCT050000-00,0.0050,7.50,no
2026-10-05T03:58:08.022861Z,KXXRP15M-26OCT050000-00,0.0050,8.00,no
2026-10-05T03:58:08.022861Z,KXXRP15M-26OCT050000-00,0.0040,16.50,no
2026-10-05T03:58:08.022861Z,KXXRP15M-26OCT050000-00,0.0040,11.00,no
2026-10-05T03:58:08.024491Z,KXXRP15M-26OCT050000-00,0.0040,200.00,no
2026-10-05T03:58:08.025741Z,KXXRP15M-26OCT050000-00,0.0030,93.42,no
2026-10-05T03:58:08.025741Z,KXXRP15M-26OCT050000-00,0.0040,54.00,no
2026-10-05T03:58:08.025741Z,KXXRP15M-26OCT050000-00,0.0040,52.58,no
2026-10-05T03:58:08.02663Z,KXXRP15M-26OCT050000-00,0.0030,1.13,no
2026-10-05T03:58:08.027932Z,KXXRP15M-26OCT050000-00,0.0030,0.65,no
2026-10-05T03:58:08.027932Z,KXXRP15M-26OCT050000-00,0.0030,2.00,no
2026-10-05T03:58:08.027932Z,KXXRP15M-26OCT050000-00,0.0030,18.00,no
2026-10-05T03:58:08.027932Z,KXXRP15M-26OCT050000-00,0.0030,40.00,no
2026-10-05T03:58:08.027932Z,KXXRP15M-26OCT050000-00,0.0030,139.35,no
2026-10-05T03:58:08.029498Z,KXXRP15M-26OCT050000-00,0.0030,1.35,no
2026-10-05T03:58:08.029498Z,KXXRP15M-26OCT050000-00,0.0030,2.00,no
2026-10-05T03:58:08.029498Z,KXXRP15M-26OCT050000-00,0.0030,2.00,no
2026-10-05T03:58:08.029498Z,KXXRP15M-26OCT050000-00,0.0030,2.00,no
2026-10-05T03:58:08.029498Z,KXXRP15M-26OCT050000-00,0.0020,140.15,no
2026-10-05T03:58:08.029498Z,KXXRP15M-26OCT050000-00,0.0030,5.00,no
2026-10-05T03:58:08.029498Z,KXXRP15M-26OCT050000-00,0.0050,7.50,no
2026-10-05T03:58:08.029498Z,KXXRP15M-26OCT050000-00,0.0030,40.00,no
2026-10-05T03:58:08.308642Z,KXXRP15M-26OCT050000-00,0.0040,7.00,no
2026-10-05T03:58:08.308642Z,KXXRP15M-26OCT050000-00,0.0030,165.66,no
2026-10-05T03:58:08.308642Z,KXXRP15M-26OCT050000-00,0.0040,0.10,no
2026-10-05T03:58:08.624721Z,KXXRP15M-26OCT050000-00,0.0050,18.36,yes
2026-10-05T03:58:08.624721Z,KXXRP15M-26OCT050000-00,0.0050,0.10,yes
2026-10-05T03:58:08.975493Z,KXXRP15M-26OCT050000-00,0.0040,16.98,no
2026-10-05T03:58:09.011357Z,KXXRP15M-26OCT050000-00,0.0050,0.12,yes
2026-10-05T03:58:09.011357Z,KXXRP15M-26OCT050000-00,0.0060,71.34,yes
2026-10-05T03:58:09.011357Z,KXXRP15M-26OCT050000-00,0.0060,45.00,yes
2026-10-05T03:58:09.011357Z,KXXRP15M-26OCT050000-00,0.0060,93.42,yes
2026-10-05T03:58:09.011357Z,KXXRP15M-26OCT050000-00,0.0060,0.12,yes
2026-10-05T03:58:09.020847Z,KXXRP15M-26OCT050000-00,0.0060,5.00,yes
2026-10-05T03:58:09.043791Z,KXXRP15M-26OCT050000-00,0.0040,1.05,no
2026-10-05T03:58:09.12586Z,KXXRP15M-26OCT050000-00,0.0060,6.00,yes
2026-10-05T03:58:09.22478Z,KXXRP15M-26OCT050000-00,0.0060,3.68,yes
2026-10-05T03:58:09.423792Z,KXXRP15M-26OCT050000-00,0.0060,14.78,yes
2026-10-05T03:58:09.487324Z,KXXRP15M-26OCT050000-00,0.0060,25.75,yes
2026-10-05T03:58:10.201497Z,KXXRP15M-26OCT050000-00,0.0050,3.14,no
2026-10-05T03:58:10.255757Z,KXXRP15M-26OCT050000-00,0.0060,0.12,yes
2026-10-05T03:58:10.255757Z,KXXRP15M-26OCT050000-00,0.0060,40.00,yes
2026-10-05T03:58:10.255757Z,KXXRP15M-26OCT050000-00,0.0060,1.13,yes
2026-10-05T03:58:10.255757Z,KXXRP15M-26OCT050000-00,0.0060,12.80,yes
2026-10-05T03:58:10.255757Z,KXXRP15M-26OCT050000-00,0.0070,0.13,yes
2026-10-05T03:58:10.255757Z,KXXRP15M-26OCT050000-00,0.0080,74.81,yes
2026-10-05T03:58:11.905381Z,KXXRP15M-26OCT050000-00,0.0080,90.94,yes
2026-10-05T03:58:11.905381Z,KXXRP15M-26OCT050000-00,0.0080,85.90,yes
2026-10-05T03:58:11.905381Z,KXXRP15M-26OCT050000-00,0.0080,1.16,yes
2026-10-05T03:58:11.98123Z,KXXRP15M-26OCT050000-00,0.0080,150.00,yes
2026-10-05T03:58:12.053162Z,KXXRP15M-26OCT050000-00,0.0080,145.00,yes
2026-10-05T03:58:12.053429Z,KXXRP15M-26OCT050000-00,0.0080,25.00,yes
2026-10-05T03:58:12.053429Z,KXXRP15M-26OCT050000-00,0.0080,25.00,yes
2026-10-05T03:58:12.053429Z,KXXRP15M-26OCT050000-00,0.0080,6.84,yes
2026-10-05T03:58:12.053429Z,KXXRP15M-26OCT050000-00,0.0080,72.94,yes
2026-10-05T03:58:12.053429Z,KXXRP15M-26OCT050000-00,0.0080,60.00,yes
2026-10-05T03:58:12.053429Z,KXXRP15M-26OCT050000-00,0.0080,3.60,yes
2026-10-05T03:58:12.053429Z,KXXRP15M-26OCT050000-00,0.0080,16.50,yes
2026-10-05T03:58:12.053429Z,KXXRP15M-26OCT050000-00,0.0080,0.12,yes
2026-10-05T03:58:12.055896Z,KXXRP15M-26OCT050000-00,0.0080,108.71,yes
2026-10-05T03:58:12.055896Z,KXXRP15M-26OCT050000-00,0.0080,132.29,yes
2026-10-05T03:58:12.06453Z,KXXRP15M-26OCT050000-00,0.0080,31.29,yes
2026-10-05T03:58:12.407102Z,KXXRP15M-26OCT050000-00,0.0070,30.06,no
2026-10-05T03:58:12.433479Z,KXXRP15M-26OCT050000-00,0.0080,35.00,yes
2026-10-05T03:58:12.439899Z,KXXRP15M-26OCT050000-00,0.0080,20.00,yes
2026-10-05T03:58:12.523422Z,KXXRP15M-26OCT050000-00,0.0090,65.00,yes
2026-10-05T03:58:12.523422Z,KXXRP15M-26OCT050000-00,0.0090,40.00,yes
2026-10-05T03:58:12.52378Z,KXXRP15M-26OCT050000-00,0.0090,52.00,yes
2026-10-05T03:58:12.664524Z,KXXRP15M-26OCT050000-00,0.0070,0.08,no
2026-10-05T03:58:12.701522Z,KXXRP15M-26OCT050000-00,0.0090,268.00,yes
2026-10-05T03:58:12.717442Z,KXXRP15M-26OCT050000-00,0.0090,15.00,yes
2026-10-05T03:58:12.882952Z,KXXRP15M-26OCT050000-00,0.0100,14.87,yes
2026-10-05T03:58:12.882952Z,KXXRP15M-26OCT050000-00,0.0090,0.13,yes
2026-10-05T03:58:13.001551Z,KXXRP15M-26OCT050000-00,0.0100,54.87,yes
2026-10-05T03:58:13.001551Z,KXXRP15M-26OCT050000-00,0.0100,25.13,yes
2026-10-05T03:58:13.073676Z,KXXRP15M-26OCT050000-00,0.0100,13.25,yes
2026-10-05T03:58:13.148784Z,KXXRP15M-26OCT050000-00,0.0080,8.00,no
2026-10-05T03:58:14.230909Z,KXXRP15M-26OCT050000-00,0.0070,3.90,no
2026-10-05T03:58:14.230909Z,KXXRP15M-26OCT050000-00,0.0070,0.10,no
2026-10-05T03:58:14.256188Z,KXXRP15M-26OCT050000-00,0.0090,17.00,yes
2026-10-05T03:58:14.256188Z,KXXRP15M-26OCT050000-00,0.0090,0.08,yes
2026-10-05T03:58:14.256188Z,KXXRP15M-26OCT050000-00,0.0080,0.10,yes
2026-10-05T03:58:14.256188Z,KXXRP15M-26OCT050000-00,0.0100,1.00,yes
2026-10-05T03:58:14.256188Z,KXXRP15M-26OCT050000-00,0.0100,0.16,yes
2026-10-05T03:58:14.256188Z,KXXRP15M-26OCT050000-00,0.0100,6.22,yes
2026-10-05T03:58:15.125184Z,KXXRP15M-26OCT050000-00,0.0070,80.00,no
2026-10-05T03:58:15.226843Z,KXXRP15M-26OCT050000-00,0.0100,5.00,yes
2026-10-05T03:58:15.323894Z,KXXRP15M-26OCT050000-00,0.0100,47.12,yes
2026-10-05T03:58:15.323894Z,KXXRP15M-26OCT050000-00,0.0100,1.00,yes
2026-10-05T03:58:15.323894Z,KXXRP15M-26OCT050000-00,0.0100,0.10,yes
2026-10-05T03:58:15.328726Z,KXXRP15M-26OCT050000-00,0.0120,47.64,yes
2026-10-05T03:58:15.328726Z,KXXRP15M-26OCT050000-00,0.0110,0.17,yes
2026-10-05T03:58:15.328726Z,KXXRP15M-26OCT050000-00,0.0120,0.19,yes
2026-10-05T03:58:15.328726Z,KXXRP15M-26OCT050000-00,0.0110,0.10,yes
2026-10-05T03:58:15.328726Z,KXXRP15M-26OCT050000-00,0.0110,39.90,yes
2026-10-05T03:58:15.372429Z,KXXRP15M-26OCT050000-00,0.0110,35.00,no
2026-10-05T03:58:15.56309Z,KXXRP15M-26OCT050000-00,0.0110,5.00,no
2026-10-05T03:58:15.597686Z,KXXRP15M-26OCT050000-00,0.0110,5.00,yes
2026-10-05T03:58:15.597686Z,KXXRP15M-26OCT050000-00,0.0120,7.00,yes
2026-10-05T03:58:15.759802Z,KXXRP15M-26OCT050000-00,0.0110,5.00,yes
2026-10-05T03:58:15.839378Z,KXXRP15M-26OCT050000-00,0.0110,5.96,yes
2026-10-05T03:58:15.855208Z,KXXRP15M-26OCT050000-00,0.0100,3.71,no
2026-10-05T03:58:15.855208Z,KXXRP15M-26OCT050000-00,0.0100,2.00,no
2026-10-05T03:58:15.874657Z,KXXRP15M-26OCT050000-00,0.0110,5.00,yes
2026-10-05T03:58:15.89005Z,KXXRP15M-26OCT050000-00,0.0140,44.65,yes
2026-10-05T03:58:15.89005Z,KXXRP15M-26OCT050000-00,0.0130,0.21,yes
2026-10-05T03:58:15.89005Z,KXXRP15M-26OCT050000-00,0.0110,19.04,yes
2026-10-05T03:58:15.89005Z,KXXRP15M-26OCT050000-00,0.0120,9.00,yes
2026-10-05T03:58:15.89005Z,KXXRP15M-26OCT050000-00,0.0120,0.10,yes
2026-10-05T03:58:15.89005Z,KXXRP15M-26OCT050000-00,0.0130,8.00,yes
2026-10-05T03:58:15.89005Z,KXXRP15M-26OCT050000-00,0.0130,20.00,yes
2026-10-05T03:58:16.062957Z,KXXRP15M-26OCT050000-00,0.0140,0.35,yes
2026-10-05T03:58:16.062957Z,KXXRP15M-26OCT050000-00,0.0140,0.23,yes
2026-10-05T03:58:16.062957Z,KXXRP15M-26OCT050000-00,0.0150,0.25,yes
2026-10-05T03:58:16.062957Z,KXXRP15M-26OCT050000-00,0.0150,4.17,yes
2026-10-05T03:58:16.102779Z,KXXRP15M-26OCT050000-00,0.0170,0.30,yes
2026-10-05T03:58:16.102779Z,KXXRP15M-26OCT050000-00,0.0160,0.27,yes
2026-10-05T03:58:16.102779Z,KXXRP15M-26OCT050000-00,0.0170,1.08,yes
2026-10-05T03:58:16.102779Z,KXXRP15M-26OCT050000-00,0.0150,25.83,yes
2026-10-05T03:58:16.102779Z,KXXRP15M-26OCT050000-00,0.0160,28.00,yes
2026-10-05T03:58:16.102779Z,KXXRP15M-26OCT050000-00,0.0160,5.00,yes
2026-10-05T03:58:16.102779Z,KXXRP15M-26OCT050000-00,0.0150,5.00,yes
2026-10-05T03:58:16.116836Z,KXXRP15M-26OCT050000-00,0.0180,0.24,yes
2026-10-05T03:58:16.116836Z,KXXRP15M-26OCT050000-00,0.0170,24.92,yes
2026-10-05T03:58:16.116836Z,KXXRP15M-26OCT050000-00,0.0180,9.84,yes
2026-10-05T03:58:16.159116Z,KXXRP15M-26OCT050000-00,0.0160,5.00,yes
2026-10-05T03:58:16.170965Z,KXXRP15M-26OCT050000-00,0.0160,12.00,yes
2026-10-05T03:58:16.407041Z,KXXRP15M-26OCT050000-00,0.0150,40.00,no
2026-10-05T03:58:17.401201Z,KXXRP15M-26OCT050000-00,0.0150,11.98,yes
2026-10-05T03:58:17.401201Z,KXXRP15M-26OCT050000-00,0.0140,5.00,yes
2026-10-05T03:58:18.54319Z,KXXRP15M-26OCT050000-00,0.0120,33.00,no
2026-10-05T03:58:18.551316Z,KXXRP15M-26OCT050000-00,0.0090,27.00,no
2026-10-05T03:58:18.551316Z,KXXRP15M-26OCT050000-00,0.0120,7.00,no
2026-10-05T03:58:18.556604Z,KXXRP15M-26OCT050000-00,0.0100,1.00,no
2026-10-05T03:58:19.203792Z,KXXRP15M-26OCT050000-00,0.0150,5.59,yes
2026-10-05T03:58:19.203792Z,KXXRP15M-26OCT050000-00,0.0140,12.00,yes
2026-10-05T03:58:19.203792Z,KXXRP15M-26OCT050000-00,0.0130,7.00,yes
2026-10-05T03:58:19.203792Z,KXXRP15M-26OCT050000-00,0.0140,10.00,yes
2026-10-05T03:58:19.203792Z,KXXRP15M-26OCT050000-00,0.0130,1.00,yes
2026-10-05T03:58:19.203792Z,KXXRP15M-26OCT050000-00,0.0130,33.00,yes
2026-10-05T03:58:19.358931Z,KXXRP15M-26OCT050000-00,0.0140,10.00,yes
2026-10-05T03:58:19.358931Z,KXXRP15M-26OCT050000-00,0.0140,2.00,yes
2026-10-05T03:58:19.743194Z,KXXRP15M-26OCT050000-00,0.0060,11.18,no
2026-10-05T03:58:19.743194Z,KXXRP15M-26OCT050000-00,0.0060,22.00,no
2026-10-05T03:58:20.373358Z,KXXRP15M-26OCT050000-00,0.0080,8.00,no
2026-10-05T03:58:20.507435Z,KXXRP15M-26OCT050000-00,0.0060,3.00,no
2026-10-05T03:58:20.507435Z,KXXRP15M-26OCT050000-00,0.0060,5.00,no
2026-10-05T03:58:20.507435Z,KXXRP15M-26OCT050000-00,0.0060,40.00,no
2026-10-05T03:58:20.593916Z,KXXRP15M-26OCT050000-00,0.0140,0.10,yes
2026-10-05T03:58:20.593916Z,KXXRP15M-26OCT050000-00,0.0130,10.00,yes
2026-10-05T03:58:20.593916Z,KXXRP15M-26OCT050000-00,0.0140,15.00,yes
2026-10-05T03:58:20.593916Z,KXXRP15M-26OCT050000-00,0.0130,1.00,yes
2026-10-05T03:58:20.593916Z,KXXRP15M-26OCT050000-00,0.0120,16.00,yes
2026-10-05T03:58:20.593916Z,KXXRP15M-26OCT050000-00,0.0080,7.00,yes
2026-10-05T03:58:20.593916Z,KXXRP15M-26OCT050000-00,0.0130,5.00,yes
2026-10-05T03:58:20.593916Z,KXXRP15M-26OCT050000-00,0.0120,1.00,yes
2026-10-05T03:58:20.593916Z,KXXRP15M-26OCT050000-00,0.0140,5.00,yes
2026-10-05T03:58:20.593916Z,KXXRP15M-26OCT050000-00,0.0150,1.43,yes
2026-10-05T03:58:20.687219Z,KXXRP15M-26OCT050000-00,0.0060,5.00,no
2026-10-05T03:58:20.687219Z,KXXRP15M-26OCT050000-00,0.0060,10.00,no
2026-10-05T03:58:22.163966Z,KXXRP15M-26OCT050000-00,0.0060,5.00,no
2026-10-05T03:58:22.338115Z,KXXRP15M-26OCT050000-00,0.0050,8.00,no
2026-10-05T03:58:22.338115Z,KXXRP15M-26OCT050000-00,0.0060,35.00,no
2026-10-05T03:58:22.338115Z,KXXRP15M-26OCT050000-00,0.0050,5.00,no
2026-10-05T03:58:22.338115Z,KXXRP15M-26OCT050000-00,0.0040,1.27,no
2026-10-05T03:58:23.011484Z,KXXRP15M-26OCT050000-00,0.0140,19.00,yes
2026-10-05T03:58:23.011484Z,KXXRP15M-26OCT050000-00,0.0140,5.00,yes
2026-10-05T03:58:23.011484Z,KXXRP15M-26OCT050000-00,0.0140,14.00,yes
2026-10-05T03:58:23.011484Z,KXXRP15M-26OCT050000-00,0.0130,10.00,yes
2026-10-05T03:58:23.011484Z,KXXRP15M-26OCT050000-00,0.0120,6.00,yes
2026-10-05T03:58:23.011484Z,KXXRP15M-26OCT050000-00,0.0150,0.13,yes
2026-10-05T03:58:23.011484Z,KXXRP15M-26OCT050000-00,0.0110,0.10,yes
2026-10-05T03:58:23.011484Z,KXXRP15M-26OCT050000-00,0.0130,5.00,yes
2026-10-05T03:58:23.011484Z,KXXRP15M-26OCT050000-00,0.0150,2.00,yes
2026-10-05T03:58:23.011484Z,KXXRP15M-26OCT050000-00,0.0100,4.13,yes
2026-10-05T03:58:23.011484Z,KXXRP15M-26OCT050000-00,0.0150,0.11,yes
2026-10-05T03:58:23.062507Z,KXXRP15M-26OCT050000-00,0.0060,5.00,no
2026-10-05T03:58:23.062507Z,KXXRP15M-26OCT050000-00,0.0060,10.00,no
2026-10-05T03:58:23.233751Z,KXXRP15M-26OCT050000-00,0.0050,8.00,no
2026-10-05T03:58:23.233751Z,KXXRP15M-26OCT050000-00,0.0050,5.00,no
2026-10-05T03:58:24.490787Z,KXXRP15M-26OCT050000-00,0.0040,1.00,no
2026-10-05T03:58:24.583247Z,KXXRP15M-26OCT050000-00,0.0060,15.00,yes
2026-10-05T03:58:24.583247Z,KXXRP15M-26OCT050000-00,0.0090,17.00,yes
2026-10-05T03:58:25.030059Z,KXXRP15M-26OCT050000-00,0.0050,5.00,no
2026-10-05T03:58:25.068247Z,KXXRP15M-26OCT050000-00,0.0050,13.15,no
2026-10-05T03:58:25.175332Z,KXXRP15M-26OCT050000-00,0.0100,0.08,yes
2026-10-05T03:58:26.787607Z,KXXRP15M-26OCT050000-00,0.0100,82.89,yes
2026-10-05T03:58:26.787607Z,KXXRP15M-26OCT050000-00,0.0100,9.69,yes
2026-10-05T03:58:26.787607Z,KXXRP15M-26OCT050000-00,0.0090,0.10,yes
2026-10-05T03:58:27.196614Z,KXXRP15M-26OCT050000-00,0.0040,5.00,no
2026-10-05T03:58:27.196614Z,KXXRP15M-26OCT050000-00,0.0040,6.00,no
2026-10-05T03:58:27.196614Z,KXXRP15M-26OCT050000-00,0.0040,7.00,no
2026-10-05T03:58:27.675902Z,KXXRP15M-26OCT050000-00,0.0090,1.04,yes
2026-10-05T03:58:27.675902Z,KXXRP15M-26OCT050000-00,0.0040,7.00,yes
2026-10-05T03:58:27.763206Z,KXXRP15M-26OCT050000-00,0.0050,7.00,no
2026-10-05T03:58:28.127159Z,KXXRP15M-26OCT050000-00,0.0030,1.34,no
2026-10-05T03:58:28.127159Z,KXXRP15M-26OCT050000-00,0.0030,77.39,no
2026-10-05T03:58:28.293522Z,KXXRP15M-26OCT050000-00,0.0050,7.00,no
2026-10-05T03:58:28.896455Z,KXXRP15M-26OCT050000-00,0.0050,7.00,no
2026-10-05T03:58:29.582101Z,KXXRP15M-26OCT050000-00,0.0030,17.22,no
2026-10-05T03:58:29.582101Z,KXXRP15M-26OCT050000-00,0.0030,18.61,no
2026-10-05T03:58:29.772163Z,KXXRP15M-26OCT050000-00,0.0050,7.50,no
2026-10-05T03:58:29.772163Z,KXXRP15M-26OCT050000-00,0.0050,7.50,no
2026-10-05T03:58:29.852941Z,KXXRP15M-26OCT050000-00,0.0050,7.00,no
2026-10-05T03:58:30.224517Z,KXXRP15M-26OCT050000-00,0.0050,0.10,no
2026-10-05T03:58:30.224517Z,KXXRP15M-26OCT050000-00,0.0050,7.90,no
2026-10-05T03:58:30.55962Z,KXXRP15M-26OCT050000-00,0.0040,25.93,no
2026-10-05T03:58:31.83912Z,KXXRP15M-26OCT050000-00,0.0030,5.01,no
2026-10-05T03:58:32.179631Z,KXXRP15M-26OCT050000-00,0.0050,7.90,no
2026-10-05T03:58:32.179631Z,KXXRP15M-26OCT050000-00,0.0050,0.10,no
2026-10-05T03:58:33.872813Z,KXXRP15M-26OCT050000-00,0.0080,35.54,yes
2026-10-05T03:58:34.366212Z,KXXRP15M-26OCT050000-00,0.0040,6.90,no
2026-10-05T03:58:34.366212Z,KXXRP15M-26OCT050000-00,0.0040,0.10,no
2026-10-05T03:58:34.640445Z,KXXRP15M-26OCT050000-00,0.0140,40.00,yes
2026-10-05T03:58:34.640445Z,KXXRP15M-26OCT050000-00,0.0150,7.50,yes
2026-10-05T03:58:34.640445Z,KXXRP15M-26OCT050000-00,0.0120,5.00,yes
2026-10-05T03:58:34.640445Z,KXXRP15M-26OCT050000-00,0.0110,17.22,yes
2026-10-05T03:58:34.640445Z,KXXRP15M-26OCT050000-00,0.0150,15.00,yes
2026-10-05T03:58:34.640445Z,KXXRP15M-26OCT050000-00,0.0130,14.00,yes
2026-10-05T03:58:34.640445Z,KXXRP15M-26OCT050000-00,0.0080,40.00,yes
2026-10-05T03:58:34.640445Z,KXXRP15M-26OCT050000-00,0.0080,5.01,yes
2026-10-05T03:58:34.640445Z,KXXRP15M-26OCT050000-00,0.0070,0.10,yes
2026-10-05T03:58:34.640445Z,KXXRP15M-26OCT050000-00,0.0080,64.00,yes
2026-10-05T03:58:34.640445Z,KXXRP15M-26OCT050000-00,0.0160,1.58,yes
2026-10-05T03:58:34.640445Z,KXXRP15M-26OCT050000-00,0.0160,48.00,yes
2026-10-05T03:58:34.640445Z,KXXRP15M-26OCT050000-00,0.0160,43.00,yes
2026-10-05T03:58:34.640445Z,KXXRP15M-26OCT050000-00,0.0100,3.11,yes
2026-10-05T03:58:34.640445Z,KXXRP15M-26OCT050000-00,0.0110,2.00,yes
2026-10-05T03:58:34.640445Z,KXXRP15M-26OCT050000-00,0.0140,21.00,yes
2026-10-05T03:58:34.640445Z,KXXRP15M-26OCT050000-00,0.0130,5.00,yes
2026-10-05T03:58:34.640445Z,KXXRP15M-26OCT050000-00,0.0120,21.00,yes
2026-10-05T03:58:34.640445Z,KXXRP15M-26OCT050000-00,0.0140,0.12,yes
2026-10-05T03:58:34.640445Z,KXXRP15M-26OCT050000-00,0.0150,0.13,yes
2026-10-05T03:58:34.880453Z,KXXRP15M-26OCT050000-00,0.0050,5.00,no
2026-10-05T03:58:34.880453Z,KXXRP15M-26OCT050000-00,0.0050,7.00,no
2026-10-05T03:58:34.890539Z,KXXRP15M-26OCT050000-00,0.0050,11.00,no
2026-10-05T03:58:34.890539Z,KXXRP15M-26OCT050000-00,0.0050,1.00,no
2026-10-05T03:58:34.900894Z,KXXRP15M-26OCT050000-00,0.0050,10.00,no
2026-10-05T03:58:34.908151Z,KXXRP15M-26OCT050000-00,0.0050,1.00,no
2026-10-05T03:58:35.087742Z,KXXRP15M-26OCT050000-00,0.0120,5.72,yes
2026-10-05T03:58:35.823268Z,KXXRP15M-26OCT050000-00,0.0030,23.60,no
2026-10-05T03:58:35.823268Z,KXXRP15M-26OCT050000-00,0.0040,5.00,no
2026-10-05T03:58:35.823268Z,KXXRP15M-26OCT050000-00,0.0040,7.00,no
2026-10-05T03:58:35.823268Z,KXXRP15M-26OCT050000-00,0.0040,65.00,no
2026-10-05T03:58:36.225033Z,KXXRP15M-26OCT050000-00,0.0040,6.90,no
2026-10-05T03:58:36.225033Z,KXXRP15M-26OCT050000-00,0.0040,0.10,no
2026-10-05T03:58:36.528448Z,KXXRP15M-26OCT050000-00,0.0030,73.85,no
2026-10-05T03:58:38.206269Z,KXXRP15M-26OCT050000-00,0.0030,130.32,no
2026-10-05T03:58:38.206269Z,KXXRP15M-26OCT050000-00,0.0030,12.58,no
2026-10-05T03:58:38.206269Z,KXXRP15M-26OCT050000-00,0.0040,0.10,no
2026-10-05T03:58:38.206269Z,KXXRP15M-26OCT050000-00,0.0040,7.00,no
2026-10-05T03:58:38.212365Z,KXXRP15M-26OCT050000-00,0.0030,21.00,no
2026-10-05T03:58:38.216744Z,KXXRP15M-26OCT050000-00,0.0030,6.42,no
2026-10-05T03:58:38.216744Z,KXXRP15M-26OCT050000-00,0.0030,4.58,no
2026-10-05T03:58:38.425073Z,KXXRP15M-26OCT050000-00,0.0030,29.42,no
2026-10-05T03:58:38.425073Z,KXXRP15M-26OCT050000-00,0.0030,5.00,no
2026-10-05T03:58:38.425073Z,KXXRP15M-26OCT050000-00,0.0030,40.00,no
2026-10-05T03:58:38.425073Z,KXXRP15M-26OCT050000-00,0.0030,10.00,no
2026-10-05T03:58:38.838185Z,KXXRP15M-26OCT050000-00,0.0040,2.00,no
2026-10-05T03:58:39.051132Z,KXXRP15M-26OCT050000-00,0.0030,1.00,no
2026-10-05T03:58:39.298127Z,KXXRP15M-26OCT050000-00,0.0030,37.86,no
2026-10-05T03:58:41.073788Z,KXXRP15M-26OCT050000-00,0.0090,14.17,yes
2026-10-05T03:58:41.073788Z,KXXRP15M-26OCT050000-00,0.0090,17.00,yes
2026-10-05T03:58:41.993001Z,KXXRP15M-26OCT050000-00,0.0030,7.86,no
2026-10-05T03:58:41.993001Z,KXXRP15M-26OCT050000-00,0.0030,1.14,no
2026-10-05T03:58:42.01972Z,KXXRP15M-26OCT050000-00,0.0020,190.00,no
2026-10-05T03:58:42.01972Z,KXXRP15M-26OCT050000-00,0.0030,10.00,no
2026-10-05T03:58:42.03272Z,KXXRP15M-26OCT050000-00,0.0020,130.15,no
2026-10-05T03:58:42.03272Z,KXXRP15M-26OCT050000-00,0.0020,69.85,no
2026-10-05T03:58:42.052378Z,KXXRP15M-26OCT050000-00,0.0020,200.00,no
2026-10-05T03:58:42.124226Z,KXXRP15M-26OCT050000-00,0.0020,200.00,no
2026-10-05T03:58:42.19696Z,KXXRP15M-26OCT050000-00,0.0020,200.00,no
2026-10-05T03:58:42.294635Z,KXXRP15M-26OCT050000-00,0.0020,200.00,no
2026-10-05T03:58:42.372491Z,KXXRP15M-26OCT050000-00,0.0020,200.00,no
2026-10-05T03:58:42.447799Z,KXXRP15M-26OCT050000-00,0.0020,200.00,no
2026-10-05T03:58:42.537142Z,KXXRP15M-26OCT050000-00,0.0020,200.00,no
2026-10-05T03:58:42.623454Z,KXXRP15M-26OCT050000-00,0.0020,200.00,no
2026-10-05T03:58:42.762595Z,KXXRP15M-26OCT050000-00,0.0020,200.00,no
2026-10-05T03:58:42.775137Z,KXXRP15M-26OCT050000-00,0.0020,200.00,no
2026-10-05T03:58:42.864255Z,KXXRP15M-26OCT050000-00,0.0020,200.00,no
2026-10-05T03:58:43.017105Z,KXXRP15M-26OCT050000-00,0.0020,200.00,no
2026-10-05T03:58:43.036133Z,KXXRP15M-26OCT050000-00,0.0020,83.00,no
2026-10-05T03:58:44.138662Z,KXXRP15M-26OCT050000-00,0.0020,2.00,no
2026-10-05T03:58:44.147369Z,KXXRP15M-26OCT050000-00,0.0020,2.00,no
2026-10-05T03:58:44.15411Z,KXXRP15M-26OCT050000-00,0.0020,2.00,no
2026-10-05T03:58:44.161843Z,KXXRP15M-26OCT050000-00,0.0020,2.00,no
2026-10-05T03:58:44.171187Z,KXXRP15M-26OCT050000-00,0.0020,2.00,no
2026-10-05T03:58:44.178491Z,KXXRP15M-26OCT050000-00,0.0020,2.00,no
2026-10-05T03:58:44.185851Z,KXXRP15M-26OCT050000-00,0.0020,2.00,no
2026-10-05T03:58:44.19593Z,KXXRP15M-26OCT050000-00,0.0020,5.00,no
2026-10-05T03:58:44.432871Z,KXXRP15M-26OCT050000-00,0.0020,2.00,no
2026-10-05T03:58:44.439242Z,KXXRP15M-26OCT050000-00,0.0020,2.00,no
2026-10-05T03:58:44.44561Z,KXXRP15M-26OCT050000-00,0.0020,2.00,no
2026-10-05T03:58:44.451053Z,KXXRP15M-26OCT050000-00,0.0020,2.00,no
2026-10-05T03:58:44.470407Z,KXXRP15M-26OCT050000-00,0.0020,2.00,no
2026-10-05T03:58:44.476481Z,KXXRP15M-26OCT050000-00,0.0020,2.00,no
2026-10-05T03:58:44.483374Z,KXXRP15M-26OCT050000-00,0.0020,2.00,no
2026-10-05T03:58:44.490747Z,KXXRP15M-26OCT050000-00,0.0020,2.00,no
2026-10-05T03:58:44.496352Z,KXXRP15M-26OCT050000-00,0.0020,2.00,no
2026-10-05T03:58:44.502233Z,KXXRP15M-26OCT050000-00,0.0020,2.00,no
2026-10-05T03:58:44.509863Z,KXXRP15M-26OCT050000-00,0.0020,2.00,no
2026-10-05T03:58:44.51631Z,KXXRP15M-26OCT050000-00,0.0020,2.00,no
2026-10-05T03:58:44.522612Z,KXXRP15M-26OCT050000-00,0.0020,2.00,no
2026-10-05T03:58:44.526895Z,KXXRP15M-26OCT050000-00,0.0020,5.00,no
2026-10-05T03:58:44.730896Z,KXXRP15M-26OCT050000-00,0.0030,5.00,yes
2026-10-05T03:58:44.730896Z,KXXRP15M-26OCT050000-00,0.0030,5.00,yes
2026-10-05T03:58:44.921961Z,KXXRP15M-26OCT050000-00,0.0020,2.00,no
2026-10-05T03:58:44.928946Z,KXXRP15M-26OCT050000-00,0.0020,2.00,no
2026-10-05T03:58:44.936934Z,KXXRP15M-26OCT050000-00,0.0020,2.00,no
2026-10-05T03:58:44.943773Z,KXXRP15M-26OCT050000-00,0.0020,2.00,no
2026-10-05T03:58:45.096043Z,KXXRP15M-26OCT050000-00,0.0020,2.00,no
2026-10-05T03:58:45.105805Z,KXXRP15M-26OCT050000-00,0.0020,2.00,no
2026-10-05T03:58:45.11122Z,KXXRP15M-26OCT050000-00,0.0020,2.00,no
2026-10-05T03:58:45.117634Z,KXXRP15M-26OCT050000-00,0.0020,2.00,no
2026-10-05T03:58:45.124294Z,KXXRP15M-26OCT050000-00,0.0020,2.00,no
2026-10-05T03:58:45.129559Z,KXXRP15M-26OCT050000-00,0.0020,2.00,no
2026-10-05T03:58:45.135145Z,KXXRP15M-26OCT050000-00,0.0030,3.00,yes
2026-10-05T03:58:45.136213Z,KXXRP15M-26OCT050000-00,0.0020,2.00,no
2026-10-05T03:58:45.917473Z,KXXRP15M-26OCT050000-00,0.0030,3.53,yes
2026-10-05T03:58:46.60016Z,KXXRP15M-26OCT050000-00,0.0020,98.00,no
2026-10-05T03:58:46.607724Z,KXXRP15M-26OCT050000-00,0.0020,2.00,no
2026-10-05T03:58:46.613064Z,KXXRP15M-26OCT050000-00,0.0020,2.00,no
2026-10-05T03:58:46.619875Z,KXXRP15M-26OCT050000-00,0.0020,2.00,no
2026-10-05T03:58:46.626254Z,KXXRP15M-26OCT050000-00,0.0020,2.00,no
2026-10-05T03:58:46.632381Z,KXXRP15M-26OCT050000-00,0.0020,2.00,no
2026-10-05T03:58:46.636909Z,KXXRP15M-26OCT050000-00,0.0020,2.00,no
2026-10-05T03:58:46.778024Z,KXXRP15M-26OCT050000-00,0.0030,5.82,yes
2026-10-05T03:58:47.033404Z,KXXRP15M-26OCT050000-00,0.0020,2.00,no
2026-10-05T03:58:47.040838Z,KXXRP15M-26OCT050000-00,0.0020,2.00,no
2026-10-05T03:58:47.048117Z,KXXRP15M-26OCT050000-00,0.0020,2.00,no
2026-10-05T03:58:47.05677Z,KXXRP15M-26OCT050000-00,0.0020,2.00,no
2026-10-05T03:58:47.06409Z,KXXRP15M-26OCT050000-00,0.0020,2.00,no
2026-10-05T03:58:47.06969Z,KXXRP15M-26OCT050000-00,0.0020,2.00,no
2026-10-05T03:58:47.076014Z,KXXRP15M-26OCT050000-00,0.0020,2.00,no
2026-10-05T03:58:47.082007Z,KXXRP15M-26OCT050000-00,0.0020,2.00,no
2026-10-05T03:58:47.093976Z,KXXRP15M-26OCT050000-00,0.0020,2.00,no
2026-10-05T03:58:47.101208Z,KXXRP15M-26OCT050000-00,0.0020,5.00,no
2026-10-05T03:58:47.739212Z,KXXRP15M-26OCT050000-00,0.0020,2.00,no
2026-10-05T03:58:47.757922Z,KXXRP15M-26OCT050000-00,0.0020,12.00,no
2026-10-05T03:58:47.763119Z,KXXRP15M-26OCT050000-00,0.0020,2.00,no
2026-10-05T03:58:47.767764Z,KXXRP15M-26OCT050000-00,0.0020,2.00,no
2026-10-05T03:58:47.774871Z,KXXRP15M-26OCT050000-00,0.0020,2.00,no
2026-10-05T03:58:47.78016Z,KXXRP15M-26OCT050000-00,0.0020,2.00,no
2026-10-05T03:58:47.783274Z,KXXRP15M-26OCT050000-00,0.0020,30.00,no
2026-10-05T03:58:47.786751Z,KXXRP15M-26OCT050000-00,0.0020,27.00,no
2026-10-05T03:58:47.88099Z,KXXRP15M-26OCT050000-00,0.0020,2.00,no
2026-10-05T03:58:48.069167Z,KXXRP15M-26OCT050000-00,0.0020,2.00,no
2026-10-05T03:58:48.077174Z,KXXRP15M-26OCT050000-00,0.0020,2.00,no
2026-10-05T03:58:48.22457Z,KXXRP15M-26OCT050000-00,0.0020,2.00,no
2026-10-05T03:58:48.515543Z,KXXRP15M-26OCT050000-00,0.0020,2.00,no
2026-10-05T03:58:48.538672Z,KXXRP15M-26OCT050000-00,0.0020,47.00,no
2026-10-05T03:58:48.595603Z,KXXRP15M-26OCT050000-00,0.0030,130.32,yes
2026-10-05T03:58:48.595603Z,KXXRP15M-26OCT050000-00,0.0030,73.85,yes
2026-10-05T03:58:48.595603Z,KXXRP15M-26OCT050000-00,0.0030,6.25,yes
2026-10-05T03:58:48.595603Z,KXXRP15M-26OCT050000-00,0.0050,59.83,yes
2026-10-05T03:58:48.665914Z,KXXRP15M-26OCT050000-00,0.0050,17.00,yes
2026-10-05T03:58:48.665914Z,KXXRP15M-26OCT050000-00,0.0050,197.17,yes
2026-10-05T03:58:48.665914Z,KXXRP15M-26OCT050000-00,0.0050,270.32,yes
2026-10-05T03:58:48.882205Z,KXXRP15M-26OCT050000-00,0.0020,2.00,no
2026-10-05T03:58:48.887879Z,KXXRP15M-26OCT050000-00,0.0020,8.00,no
2026-10-05T03:58:48.895645Z,KXXRP15M-26OCT050000-00,0.0020,2.00,no
2026-10-05T03:58:48.90049Z,KXXRP15M-26OCT050000-00,0.0020,45.00,no
2026-10-05T03:58:49.018487Z,KXXRP15M-26OCT050000-00,0.0020,25.00,no
2026-10-05T03:58:49.028262Z,KXXRP15M-26OCT050000-00,0.0020,5.00,no
2026-10-05T03:58:49.629158Z,KXXRP15M-26OCT050000-00,0.0020,53.00,no
2026-10-05T03:58:50.73488Z,KXXRP15M-26OCT050000-00,0.0020,5.00,no
2026-10-05T03:58:50.962123Z,KXXRP15M-26OCT050000-00,0.0020,11.00,no
2026-10-05T03:58:51.038786Z,KXXRP15M-26OCT050000-00,0.0020,207.00,no
2026-10-05T03:58:51.164156Z,KXXRP15M-26OCT050000-00,0.0020,2.00,no
2026-10-05T03:58:51.363144Z,KXXRP15M-26OCT050000-00,0.0030,1.00,yes
2026-10-05T03:58:51.363144Z,KXXRP15M-26OCT050000-00,0.0030,167.00,yes
2026-10-05T03:58:51.363144Z,KXXRP15M-26OCT050000-00,0.0050,58.88,yes
2026-10-05T03:58:51.363144Z,KXXRP15M-26OCT050000-00,0.0050,2.83,yes
2026-10-05T03:58:51.363144Z,KXXRP15M-26OCT050000-00,0.0030,40.00,yes
2026-10-05T03:58:52.258941Z,KXXRP15M-26OCT050000-00,0.0020,10.01,no
2026-10-05T03:58:52.495305Z,KXXRP15M-26OCT050000-00,0.0020,12.00,no
2026-10-05T03:58:52.502691Z,KXXRP15M-26OCT050000-00,0.0020,5.00,no
2026-10-05T03:58:52.509891Z,KXXRP15M-26OCT050000-00,0.0020,2.00,no
2026-10-05T03:58:52.517759Z,KXXRP15M-26OCT050000-00,0.0020,2.00,no
2026-10-05T03:58:52.524565Z,KXXRP15M-26OCT050000-00,0.0020,2.00,no
2026-10-05T03:58:52.530688Z,KXXRP15M-26OCT050000-00,0.0020,2.00,no
2026-10-05T03:58:52.537156Z,KXXRP15M-26OCT050000-00,0.0020,2.00,no
2026-10-05T03:58:52.543961Z,KXXRP15M-26OCT050000-00,0.0020,2.00,no
2026-10-05T03:58:52.552143Z,KXXRP15M-26OCT050000-00,0.0020,2.00,no
2026-10-05T03:58:52.649625Z,KXXRP15M-26OCT050000-00,0.0020,17.00,no
2026-10-05T03:58:52.656604Z,KXXRP15M-26OCT050000-00,0.0020,7.00,no
2026-10-05T03:58:52.662583Z,KXXRP15M-26OCT050000-00,0.0020,2.00,no
2026-10-05T03:58:52.669111Z,KXXRP15M-26OCT050000-00,0.0020,2.00,no
2026-10-05T03:58:52.674526Z,KXXRP15M-26OCT050000-00,0.0020,2.00,no
2026-10-05T03:58:52.680857Z,KXXRP15M-26OCT050000-00,0.0020,2.00,no
2026-10-05T03:58:52.686735Z,KXXRP15M-26OCT050000-00,0.0020,2.00,no
2026-10-05T03:58:52.693378Z,KXXRP15M-26OCT050000-00,0.0020,2.00,no
2026-10-05T03:58:52.702422Z,KXXRP15M-26OCT050000-00,0.0020,23.00,no
2026-10-05T03:58:52.708391Z,KXXRP15M-26OCT050000-00,0.0020,10.00,no
2026-10-05T03:58:52.717277Z,KXXRP15M-26OCT050000-00,0.0020,2.00,no
2026-10-05T03:58:52.724753Z,KXXRP15M-26OCT050000-00,0.0020,2.00,no
2026-10-05T03:58:52.732427Z,KXXRP15M-26OCT050000-00,0.0020,2.00,no
2026-10-05T03:58:52.738469Z,KXXRP15M-26OCT050000-00,0.0020,2.00,no
2026-10-05T03:58:52.743768Z,KXXRP15M-26OCT050000-00,0.0020,2.00,no
2026-10-05T03:58:53.002926Z,KXXRP15M-26OCT050000-00,0.0020,444.81,no
2026-10-05T03:58:56.339249Z,KXXRP15M-26OCT050000-00,0.0020,22.00,no
2026-10-05T03:58:56.347984Z,KXXRP15M-26OCT050000-00,0.0020,10.00,no
2026-10-05T03:58:56.356153Z,KXXRP15M-26OCT050000-00,0.0020,5.00,no
2026-10-05T03:58:56.362679Z,KXXRP15M-26OCT050000-00,0.0020,2.00,no
2026-10-05T03:58:56.369337Z,KXXRP15M-26OCT050000-00,0.0020,2.00,no
2026-10-05T03:58:56.378917Z,KXXRP15M-26OCT050000-00,0.0020,2.00,no
2026-10-05T03:58:56.387595Z,KXXRP15M-26OCT050000-00,0.0020,2.00,no
2026-10-05T03:58:56.513331Z,KXXRP15M-26OCT050000-00,0.0020,25.00,no
2026-10-05T03:58:56.522181Z,KXXRP15M-26OCT050000-00,0.0020,10.00,no
2026-10-05T03:58:56.529791Z,KXXRP15M-26OCT050000-00,0.0020,5.00,no
2026-10-05T03:58:56.536734Z,KXXRP15M-26OCT050000-00,0.0020,2.00,no
2026-10-05T03:58:56.548447Z,KXXRP15M-26OCT050000-00,0.0020,2.00,no
2026-10-05T03:58:56.557259Z,KXXRP15M-26OCT050000-00,0.0020,2.00,no
2026-10-05T03:58:56.564359Z,KXXRP15M-26OCT050000-00,0.0020,2.00,no
2026-10-05T03:58:56.572101Z,KXXRP15M-26OCT050000-00,0.0020,2.00,no
2026-10-05T03:58:56.58166Z,KXXRP15M-26OCT050000-00,0.0020,2.00,no
2026-10-05T03:58:56.589426Z,KXXRP15M-26OCT050000-00,0.0020,2.00,no
2026-10-05T03:58:56.597829Z,KXXRP15M-26OCT050000-00,0.0020,2.00,no
2026-10-05T03:58:56.607191Z,KXXRP15M-26OCT050000-00,0.0020,2.00,no
2026-10-05T03:58:56.613934Z,KXXRP15M-26OCT050000-00,0.0020,2.00,no
2026-10-05T03:58:56.620929Z,KXXRP15M-26OCT050000-00,0.0020,2.00,no
2026-10-05T03:58:56.931518Z,KXXRP15M-26OCT050000-00,0.0020,2.00,no
2026-10-05T03:58:56.940913Z,KXXRP15M-26OCT050000-00,0.0020,2.00,no
2026-10-05T03:58:56.949465Z,KXXRP15M-26OCT050000-00,0.0020,2.00,no
2026-10-05T03:58:56.956729Z,KXXRP15M-26OCT050000-00,0.0020,1.97,no
2026-10-05T03:58:56.956729Z,KXXRP15M-26OCT050000-00,0.0020,3.03,no
2026-10-05T03:58:57.027147Z,KXXRP15M-26OCT050000-00,0.0020,85.00,no
2026-10-05T03:58:57.037036Z,KXXRP15M-26OCT050000-00,0.0020,47.00,no
2026-10-05T03:58:57.043077Z,KXXRP15M-26OCT050000-00,0.0020,27.00,no
2026-10-05T03:58:57.048588Z,KXXRP15M-26OCT050000-00,0.0020,15.00,no
2026-10-05T03:58:57.054869Z,KXXRP15M-26OCT050000-00,0.0020,10.00,no
2026-10-05T03:58:57.061651Z,KXXRP15M-26OCT050000-00,0.0020,5.00,no
2026-10-05T03:58:57.069051Z,KXXRP15M-26OCT050000-00,0.0020,2.00,no
2026-10-05T03:58:57.076463Z,KXXRP15M-26OCT050000-00,0.0020,2.00,no
2026-10-05T03:58:57.343725Z,KXXRP15M-26OCT050000-00,0.0020,43.00,no
2026-10-05T03:58:57.349444Z,KXXRP15M-26OCT050000-00,0.0020,2.00,no
2026-10-05T03:58:57.484968Z,KXXRP15M-26OCT050000-00,0.0050,200.00,yes
2026-10-05T03:58:57.484968Z,KXXRP15M-26OCT050000-00,0.0050,141.12,yes
2026-10-05T03:58:57.484968Z,KXXRP15M-26OCT050000-00,0.0050,137.55,yes
2026-10-05T03:58:57.484968Z,KXXRP15M-26OCT050000-00,0.0030,40.00,yes
2026-10-05T03:58:57.484968Z,KXXRP15M-26OCT050000-00,0.0030,54.00,yes
2026-10-05T03:58:57.484968Z,KXXRP15M-26OCT050000-00,0.0030,42.00,yes
2026-10-05T03:58:58.771264Z,KXXRP15M-26OCT050000-00,0.0030,26.00,no
2026-10-05T03:58:59.716027Z,KXXRP15M-26OCT050000-00,0.0020,200.00,no
2026-10-05T03:59:00.119348Z,KXXRP15M-26OCT050000-00,0.0020,1.00,no
2026-10-05T03:59:00.159215Z,KXXRP15M-26OCT050000-00,0.0020,40.00,no
2026-10-05T03:59:00.159215Z,KXXRP15M-26OCT050000-00,0.0020,59.03,no
2026-10-05T03:59:00.159215Z,KXXRP15M-26OCT050000-00,0.0020,0.97,no
2026-10-05T03:59:00.272166Z,KXXRP15M-26OCT050000-00,0.0020,3.00,no
2026-10-05T03:59:00.272166Z,KXXRP15M-26OCT050000-00,0.0020,0.97,no
2026-10-05T03:59:00.272166Z,KXXRP15M-26OCT050000-00,0.0020,3.00,no
2026-10-05T03:59:00.272166Z,KXXRP15M-26OCT050000-00,0.0020,3.00,no
2026-10-05T03:59:00.272166Z,KXXRP15M-26OCT050000-00,0.0020,25.03,no
2026-10-05T03:59:00.676267Z,KXXRP15M-26OCT050000-00,0.0020,2.00,no
2026-10-05T03:59:00.684584Z,KXXRP15M-26OCT050000-00,0.0020,0.03,no
2026-10-05T03:59:00.684584Z,KXXRP15M-26OCT050000-00,0.0020,1.97,no
2026-10-05T03:59:00.693804Z,KXXRP15M-26OCT050000-00,0.0020,1.03,no
2026-10-05T03:59:00.693804Z,KXXRP15M-26OCT050000-00,0.0020,0.97,no
2026-10-05T03:59:00.700834Z,KXXRP15M-26OCT050000-00,0.0020,2.00,no
2026-10-05T03:59:00.708813Z,KXXRP15M-26OCT050000-00,0.0020,2.00,no
2026-10-05T03:59:01.031302Z,KXXRP15M-26OCT050000-00,0.0010,400.00,no
2026-10-05T03:59:01.031302Z,KXXRP15M-26OCT050000-00,0.0010,90.35,no
2026-10-05T03:59:01.031302Z,KXXRP15M-26OCT050000-00,0.0020,0.03,no
2026-10-05T03:59:01.031302Z,KXXRP15M-26OCT050000-00,0.0020,5.00,no
2026-10-05T03:59:01.031302Z,KXXRP15M-26OCT050000-00,0.0020,5.00,no
2026-10-05T03:59:01.031302Z,KXXRP15M-26OCT050000-00,0.0020,80.00,no
2026-10-05T03:59:01.031302Z,KXXRP15M-26OCT050000-00,0.0020,3.62,no
2026-10-05T03:59:01.047685Z,KXXRP15M-26OCT050000-00,0.0010,90.35,no
2026-10-05T03:59:01.056292Z,KXXRP15M-26OCT050000-00,0.0010,200.00,no
2026-10-05T03:59:01.069495Z,KXXRP15M-26OCT050000-00,0.0010,200.00,no
2026-10-05T03:59:01.082846Z,KXXRP15M-26OCT050000-00,0.0010,9.65,no
2026-10-05T03:59:01.082846Z,KXXRP15M-26OCT050000-00,0.0010,190.35,no
2026-10-05T03:59:01.142009Z,KXXRP15M-26OCT050000-00,0.0010,92.00,no
2026-10-05T03:59:02.365476Z,KXXRP15M-26OCT050000-00,0.0010,40.00,no
2026-10-05T03:59:02.365476Z,KXXRP15M-26OCT050000-00,0.0010,350.00,no
2026-10-05T03:59:02.365476Z,KXXRP15M-26OCT050000-00,0.0010,500.00,no
2026-10-05T03:59:02.365476Z,KXXRP15M-26OCT050000-00,0.0010,217.65,no
2026-10-05T03:59:02.365476Z,KXXRP15M-26OCT050000-00,0.0010,1.00,no
2026-10-05T03:59:02.365476Z,KXXRP15M-26OCT050000-00,0.0010,1.00,no
2026-10-05T03:59:02.365476Z,KXXRP15M-26OCT050000-00,0.0010,1.00,no
2026-10-05T03:59:02.365476Z,KXXRP15M-26OCT050000-00,0.0010,43.00,no
2026-10-05T03:59:02.365476Z,KXXRP15M-26OCT050000-00,0.0010,40.00,no
2026-10-05T03:59:02.365476Z,KXXRP15M-26OCT050000-00,0.0010,5.00,no
2026-10-05T03:59:02.365476Z,KXXRP15M-26OCT050000-00,0.0010,200.00,no
2026-10-05T03:59:02.365476Z,KXXRP15M-26OCT050000-00,0.0010,400.00,no
2026-10-05T03:59:02.365476Z,KXXRP15M-26OCT050000-00,0.0010,700.00,no
2026-10-05T03:59:02.56545Z,KXXRP15M-26OCT050000-00,0.0020,141.99,yes
2026-10-05T03:59:02.56545Z,KXXRP15M-26OCT050000-00,0.0020,90.35,yes
2026-10-05T03:59:02.56545Z,KXXRP15M-26OCT050000-00,0.0010,1.35,yes
2026-10-05T03:59:02.855781Z,KXXRP15M-26OCT050000-00,0.0010,12.76,no
2026-10-05T03:59:03.956362Z,KXXRP15M-26OCT050000-00,0.0010,141.99,no
2026-10-05T03:59:03.956362Z,KXXRP15M-26OCT050000-00,0.0010,40.00,no
2026-10-05T03:59:03.956362Z,KXXRP15M-26OCT050000-00,0.0010,43.00,no
2026-10-05T03:59:03.956362Z,KXXRP15M-26OCT050000-00,0.0010,77.59,no
2026-10-05T03:59:04.735407Z,KXXRP15M-26OCT050000-00,0.0020,200.00,yes
2026-10-05T03:59:04.735407Z,KXXRP15M-26OCT050000-00,0.0020,58.01,yes
2026-10-05T03:59:04.735407Z,KXXRP15M-26OCT050000-00,0.0020,0.23,yes
2026-10-05T03:59:04.735407Z,KXXRP15M-26OCT050000-00,0.0020,9.65,yes
2026-10-05T03:59:04.735407Z,KXXRP15M-26OCT050000-00,0.0020,131.45,yes
2026-10-05T03:59:04.735407Z,KXXRP15M-26OCT050000-00,0.0020,40.00,yes
2026-10-05T03:59:04.735407Z,KXXRP15M-26OCT050000-00,0.0010,47.42,yes
2026-10-05T03:59:06.396279Z,KXXRP15M-26OCT050000-00,0.0010,141.99,no
2026-10-05T03:59:06.396279Z,KXXRP15M-26OCT050000-00,0.0010,58.01,no
2026-10-05T03:59:06.812136Z,KXXRP15M-26OCT050000-00,0.0010,9.65,no
2026-10-05T03:59:06.812136Z,KXXRP15M-26OCT050000-00,0.0010,58.01,no
2026-10-05T03:59:06.812136Z,KXXRP15M-26OCT050000-00,0.0010,43.00,no
2026-10-05T03:59:06.812136Z,KXXRP15M-26OCT050000-00,0.0010,40.00,no
2026-10-05T03:59:06.88393Z,KXXRP15M-26OCT050000-00,0.0020,229.01,yes
2026-10-05T03:59:09.007335Z,KXXRP15M-26OCT050000-00,0.0010,1626.00,yes
2026-10-05T03:59:09.007335Z,KXXRP15M-26OCT050000-00,0.0020,141.99,yes
2026-10-05T03:59:09.007335Z,KXXRP15M-26OCT050000-00,0.0020,77.59,yes
2026-10-05T03:59:09.007335Z,KXXRP15M-26OCT050000-00,0.0020,139.54,yes
2026-10-05T03:59:09.007335Z,KXXRP15M-26OCT050000-00,0.0020,12.76,yes
2026-10-05T03:59:09.007335Z,KXXRP15M-26OCT050000-00,0.0020,0.23,yes
2026-10-05T03:59:09.007335Z,KXXRP15M-26OCT050000-00,0.0020,273.48,yes
2026-10-05T03:59:09.007335Z,KXXRP15M-26OCT050000-00,0.0020,878.00,yes
2026-10-05T03:59:09.858981Z,KXXRP15M-26OCT050000-00,0.0010,43.00,no
2026-10-05T03:59:09.858981Z,KXXRP15M-26OCT050000-00,0.0010,141.99,no
2026-10-05T03:59:09.858981Z,KXXRP15M-26OCT050000-00,0.0010,40.00,no
2026-10-05T03:59:09.858981Z,KXXRP15M-26OCT050000-00,0.0010,77.59,no
2026-10-05T03:59:09.858981Z,KXXRP15M-26OCT050000-00,0.0010,12.76,no
2026-10-05T03:59:17.217809Z,KXXRP15M-26OCT050000-00,0.0020,0.23,yes
2026-10-05T03:59:17.217809Z,KXXRP15M-26OCT050000-00,0.0020,71.84,yes
2026-10-05T03:59:17.217809Z,KXXRP15M-26OCT050000-00,0.0020,12.76,yes
2026-10-05T03:59:17.217809Z,KXXRP15M-26OCT050000-00,0.0020,105.52,yes
2026-10-05T03:59:17.217809Z,KXXRP15M-26OCT050000-00,0.0020,141.99,yes
2026-10-05T03:59:17.217809Z,KXXRP15M-26OCT050000-00,0.0020,9.65,yes
2026-10-05T03:59:17.217809Z,KXXRP15M-26OCT050000-00,0.0020,58.01,yes
2026-10-05T03:59:17.217809Z,KXXRP15M-26OCT050000-00,0.0020,58.01,yes
2026-10-05T03:59:17.239275Z,KXXRP15M-26OCT050000-00,0.0010,58.00,no
2026-10-05T03:59:17.34119Z,KXXRP15M-26OCT050000-00,0.0010,71.44,no
2026-10-05T03:59:17.34119Z,KXXRP15M-26OCT050000-00,0.0010,141.99,no
2026-10-05T03:59:17.34119Z,KXXRP15M-26OCT050000-00,0.0010,12.76,no
2026-10-05T03:59:17.34119Z,KXXRP15M-26OCT050000-00,0.0010,9.65,no
2026-10-05T03:59:17.34119Z,KXXRP15M-26OCT050000-00,0.0010,0.01,no
2026-10-05T03:59:17.34119Z,KXXRP15M-26OCT050000-00,0.0010,43.00,no
2026-10-05T03:59:17.34119Z,KXXRP15M-26OCT050000-00,0.0010,58.01,no
2026-10-05T03:59:17.34119Z,KXXRP15M-26OCT050000-00,0.0010,27.14,no
2026-10-05T03:59:17.440792Z,KXXRP15M-26OCT050000-00,0.0010,0.40,no
2026-10-05T03:59:17.440792Z,KXXRP15M-26OCT050000-00,0.0010,42.60,no
2026-10-05T03:59:17.729103Z,KXXRP15M-26OCT050000-00,0.0050,500.00,yes
2026-10-05T03:59:17.729103Z,KXXRP15M-26OCT050000-00,0.0020,100.00,yes
2026-10-05T03:59:17.729103Z,KXXRP15M-26OCT050000-00,0.0020,142.00,yes
2026-10-05T03:59:17.729103Z,KXXRP15M-26OCT050000-00,0.0020,58.00,yes
2026-10-05T03:59:17.729103Z,KXXRP15M-26OCT050000-00,0.0020,0.40,yes
2026-10-05T03:59:17.729103Z,KXXRP15M-26OCT050000-00,0.0020,9.65,yes
2026-10-05T03:59:17.729103Z,KXXRP15M-26OCT050000-00,0.0020,0.23,yes
2026-10-05T03:59:17.729103Z,KXXRP15M-26OCT050000-00,0.0020,71.44,yes
2026-10-05T03:59:17.729103Z,KXXRP15M-26OCT050000-00,0.0020,12.76,yes
2026-10-05T03:59:17.729103Z,KXXRP15M-26OCT050000-00,0.0020,58.01,yes
2026-10-05T03:59:17.729103Z,KXXRP15M-26OCT050000-00,0.0020,141.99,yes
2026-10-05T03:59:17.729103Z,KXXRP15M-26OCT050000-00,0.0020,5.75,yes
2026-10-05T03:59:17.729103Z,KXXRP15M-26OCT050000-00,0.0020,62.45,yes
2026-10-05T03:59:17.729103Z,KXXRP15M-26OCT050000-00,0.0020,116.03,yes
2026-10-05T03:59:17.729103Z,KXXRP15M-26OCT050000-00,0.0020,200.00,yes
2026-10-05T03:59:17.729103Z,KXXRP15M-26OCT050000-00,0.0020,200.00,yes
2026-10-05T03:59:17.729103Z,KXXRP15M-26OCT050000-00,0.0020,200.00,yes
2026-10-05T03:59:17.729103Z,KXXRP15M-26OCT050000-00,0.0020,306.00,yes
2026-10-05T03:59:17.729103Z,KXXRP15M-26OCT050000-00,0.0020,200.00,yes
2026-10-05T03:59:17.729103Z,KXXRP15M-26OCT050000-00,0.0020,200.00,yes
2026-10-05T03:59:17.729103Z,KXXRP15M-26OCT050000-00,0.0020,566.82,yes
2026-10-05T03:59:17.729103Z,KXXRP15M-26OCT050000-00,0.0020,253.00,yes
2026-10-05T03:59:17.729103Z,KXXRP15M-26OCT050000-00,0.0020,200.00,yes
2026-10-05T03:59:17.729103Z,KXXRP15M-26OCT050000-00,0.0020,200.00,yes
2026-10-05T03:59:17.729103Z,KXXRP15M-26OCT050000-00,0.0020,228.00,yes
2026-10-05T03:59:17.729103Z,KXXRP15M-26OCT050000-00,0.0050,92.00,yes
2026-10-05T03:59:17.729103Z,KXXRP15M-26OCT050000-00,0.0040,0.26,yes
2026-10-05T03:59:17.729103Z,KXXRP15M-26OCT050000-00,0.0030,0.23,yes
2026-10-05T03:59:17.729103Z,KXXRP15M-26OCT050000-00,0.0050,190.35,yes
2026-10-05T03:59:17.729103Z,KXXRP15M-26OCT050000-00,0.0050,400.00,yes
2026-10-05T03:59:17.729103Z,KXXRP15M-26OCT050000-00,0.0050,175.00,yes
2026-10-05T03:59:17.729103Z,KXXRP15M-26OCT050000-00,0.0050,0.28,yes
2026-10-05T03:59:17.729103Z,KXXRP15M-26OCT050000-00,0.0030,40.00,yes
2026-10-05T03:59:17.729103Z,KXXRP15M-26OCT050000-00,0.0050,217.65,yes
2026-10-05T03:59:17.729103Z,KXXRP15M-26OCT050000-00,0.0050,595.27,yes
2026-10-05T03:59:17.729103Z,KXXRP15M-26OCT050000-00,0.0050,103.00,yes
2026-10-05T03:59:17.729103Z,KXXRP15M-26OCT050000-00,0.0040,35.00,yes
2026-10-05T03:59:17.751089Z,KXXRP15M-26OCT050000-00,0.0010,5.00,no
2026-10-05T03:59:17.835044Z,KXXRP15M-26OCT050000-00,0.0010,42.25,no
2026-10-05T03:59:17.835044Z,KXXRP15M-26OCT050000-00,0.0010,0.75,no
2026-10-05T03:59:17.910232Z,KXXRP15M-26OCT050000-00,0.0010,42.00,no
2026-10-05T03:59:17.910232Z,KXXRP15M-26OCT050000-00,0.0010,0.75,no
2026-10-05T03:59:17.910232Z,KXXRP15M-26OCT050000-00,0.0010,494.25,no
2026-10-05T03:59:17.986103Z,KXXRP15M-26OCT050000-00,0.0010,400.00,no
2026-10-05T03:59:17.986103Z,KXXRP15M-26OCT050000-00,0.0010,43.00,no
2026-10-05T03:59:17.986103Z,KXXRP15M-26OCT050000-00,0.0010,500.00,no
2026-10-05T03:59:18.048568Z,KXXRP15M-26OCT050000-00,0.0040,92.00,yes
2026-10-05T03:59:18.40223Z,KXXRP15M-26OCT050000-00,0.0030,43.04,yes
2026-10-05T03:59:18.422374Z,KXXRP15M-26OCT050000-00,0.0010,43.00,no
2026-10-05T03:59:18.530846Z,KXXRP15M-26OCT050000-00,0.0010,42.96,no
2026-10-05T03:59:18.530846Z,KXXRP15M-26OCT050000-00,0.0010,0.04,no
2026-10-05T03:59:21.355236Z,KXXRP15M-26OCT050000-00,0.0010,229.01,yes
2026-10-05T03:59:29.900853Z,KXXRP15M-26OCT050000-00,0.0010,5.01,yes
2026-10-05T03:59:31.560338Z,KXXRP15M-26OCT050000-00,0.0010,458.04,yes
2026-10-05T03:59:34.994583Z,KXXRP15M-26OCT050000-00,0.0010,3.00,yes
2026-10-05T03:59:35.058928Z,KXXRP15M-26OCT050000-00,0.0010,237.61,yes
2026-10-05T03:59:35.085289Z,KXXRP15M-26OCT050000-00,0.0010,24.35,yes
2026-10-05T03:59:45.922988Z,KXXRP15M-26OCT050000-00,0.0010,2.04,yes
2026-10-05T03:59:52.894631Z,KXXRP15M-26OCT050000-00,0.0010,897.67,yes
2026-10-05T03:59:57.591181Z,KXXRP15M-26OCT050000-00,0.0010,1831.90,yes
2026-10-05T03:57:17.781209Z,KXETH15M-26OCT050000-00,0.0160,2.73,yes
2026-10-05T03:57:18.442965Z,KXETH15M-26OCT050000-00,0.0160,2.00,yes
2026-10-05T03:57:18.442965Z,KXETH15M-26OCT050000-00,0.0170,25.00,yes
2026-10-05T03:57:18.442965Z,KXETH15M-26OCT050000-00,0.0170,41.00,yes
2026-10-05T03:57:18.442965Z,KXETH15M-26OCT050000-00,0.0200,100.69,yes
2026-10-05T03:57:18.442965Z,KXETH15M-26OCT050000-00,0.0160,5.00,yes
2026-10-05T03:57:18.442965Z,KXETH15M-26OCT050000-00,0.0180,1.00,yes
2026-10-05T03:57:18.442965Z,KXETH15M-26OCT050000-00,0.0180,12.00,yes
2026-10-05T03:57:18.442965Z,KXETH15M-26OCT050000-00,0.0160,38.27,yes
2026-10-05T03:57:18.442965Z,KXETH15M-26OCT050000-00,0.0160,3.00,yes
2026-10-05T03:57:18.442965Z,KXETH15M-26OCT050000-00,0.0190,12.00,yes
2026-10-05T03:57:18.442965Z,KXETH15M-26OCT050000-00,0.0200,1.01,yes
2026-10-05T03:57:18.442965Z,KXETH15M-26OCT050000-00,0.0190,20.00,yes
2026-10-05T03:57:19.210099Z,KXETH15M-26OCT050000-00,0.0160,6.45,no
2026-10-05T03:57:19.210099Z,KXETH15M-26OCT050000-00,0.0170,18.00,no
2026-10-05T03:57:19.210099Z,KXETH15M-26OCT050000-00,0.0160,5.00,no
2026-10-05T03:57:20.317823Z,KXETH15M-26OCT050000-00,0.0140,11.00,no
2026-10-05T03:57:20.317823Z,KXETH15M-26OCT050000-00,0.0150,12.00,no
2026-10-05T03:57:20.317823Z,KXETH15M-26OCT050000-00,0.0150,20.00,no
2026-10-05T03:57:20.317823Z,KXETH15M-26OCT050000-00,0.0150,4.00,no
2026-10-05T03:57:20.317823Z,KXETH15M-26OCT050000-00,0.0150,11.00,no
2026-10-05T03:57:20.317823Z,KXETH15M-26OCT050000-00,0.0160,13.00,no
2026-10-05T03:57:20.317823Z,KXETH15M-26OCT050000-00,0.0160,9.00,no
2026-10-05T03:57:20.769053Z,KXETH15M-26OCT050000-00,0.0140,16.90,no
2026-10-05T03:57:20.769053Z,KXETH15M-26OCT050000-00,0.0140,80.43,no
2026-10-05T03:57:21.380938Z,KXETH15M-26OCT050000-00,0.0150,62.00,yes
2026-10-05T03:57:21.856787Z,KXETH15M-26OCT050000-00,0.0160,1.57,yes
2026-10-05T03:57:21.856787Z,KXETH15M-26OCT050000-00,0.0150,18.43,yes
2026-10-05T03:57:22.004552Z,KXETH15M-26OCT050000-00,0.0170,14.00,yes
2026-10-05T03:57:22.004552Z,KXETH15M-26OCT050000-00,0.0170,6.00,yes
2026-10-05T03:57:22.325023Z,KXETH15M-26OCT050000-00,0.0190,4.00,yes
2026-10-05T03:57:22.333192Z,KXETH15M-26OCT050000-00,0.0200,1.00,yes
2026-10-05T03:57:22.350404Z,KXETH15M-26OCT050000-00,0.0210,14.48,no
2026-10-05T03:57:22.353924Z,KXETH15M-26OCT050000-00,0.0220,2.00,yes
2026-10-05T03:57:22.360229Z,KXETH15M-26OCT050000-00,0.0220,7.00,yes
2026-10-05T03:57:22.364888Z,KXETH15M-26OCT050000-00,0.0220,5.00,yes
2026-10-05T03:57:22.37414Z,KXETH15M-26OCT050000-00,0.0210,10.52,no
2026-10-05T03:57:22.377728Z,KXETH15M-26OCT050000-00,0.0220,2.00,yes
2026-10-05T03:57:22.385535Z,KXETH15M-26OCT050000-00,0.0220,14.00,yes
2026-10-05T03:57:22.391566Z,KXETH15M-26OCT050000-00,0.0220,11.00,yes
2026-10-05T03:57:22.401825Z,KXETH15M-26OCT050000-00,0.0220,7.00,yes
2026-10-05T03:57:22.553986Z,KXETH15M-26OCT050000-00,0.0210,56.14,no
2026-10-05T03:57:22.554828Z,KXETH15M-26OCT050000-00,0.0210,43.86,no
2026-10-05T03:57:22.564878Z,KXETH15M-26OCT050000-00,0.0210,10.00,no
2026-10-05T03:57:22.58554Z,KXETH15M-26OCT050000-00,0.0210,2.00,no
2026-10-05T03:57:22.753265Z,KXETH15M-26OCT050000-00,0.0210,2.21,no
2026-10-05T03:57:22.789593Z,KXETH15M-26OCT050000-00,0.0210,25.00,no
2026-10-05T03:57:22.923527Z,KXETH15M-26OCT050000-00,0.0210,7.00,no
2026-10-05T03:57:22.933352Z,KXETH15M-26OCT050000-00,0.0210,2.00,no
2026-10-05T03:57:22.972132Z,KXETH15M-26OCT050000-00,0.0210,2.00,no
2026-10-05T03:57:23.039427Z,KXETH15M-26OCT050000-00,0.0210,5.00,no
2026-10-05T03:57:23.05611Z,KXETH15M-26OCT050000-00,0.0210,2.00,no
2026-10-05T03:57:23.110159Z,KXETH15M-26OCT050000-00,0.0210,5.00,no
2026-10-05T03:57:23.288087Z,KXETH15M-26OCT050000-00,0.0210,168.29,no
2026-10-05T03:57:23.756588Z,KXETH15M-26OCT050000-00,0.0220,2.00,yes
2026-10-05T03:57:23.820139Z,KXETH15M-26OCT050000-00,0.0210,5.00,no
2026-10-05T03:57:23.829725Z,KXETH15M-26OCT050000-00,0.0210,7.00,no
2026-10-05T03:57:23.832329Z,KXETH15M-26OCT050000-00,0.0210,2.00,no
2026-10-05T03:57:24.003333Z,KXETH15M-26OCT050000-00,0.0210,7.05,no
2026-10-05T03:57:24.003333Z,KXETH15M-26OCT050000-00,0.0210,4.00,no
2026-10-05T03:57:24.003333Z,KXETH15M-26OCT050000-00,0.0210,4.00,no
2026-10-05T03:57:24.516235Z,KXETH15M-26OCT050000-00,0.0210,14.00,no
2026-10-05T03:57:24.952481Z,KXETH15M-26OCT050000-00,0.0220,4.25,yes
2026-10-05T03:57:24.978716Z,KXETH15M-26OCT050000-00,0.0220,11.93,yes
2026-10-05T03:57:24.978716Z,KXETH15M-26OCT050000-00,0.0220,12.00,yes
2026-10-05T03:57:24.978716Z,KXETH15M-26OCT050000-00,0.0220,18.15,yes
2026-10-05T03:57:25.420918Z,KXETH15M-26OCT050000-00,0.0220,11.00,yes
2026-10-05T03:57:25.420918Z,KXETH15M-26OCT050000-00,0.0230,16.91,yes
2026-10-05T03:57:25.420918Z,KXETH15M-26OCT050000-00,0.0230,1.00,yes
2026-10-05T03:57:25.420918Z,KXETH15M-26OCT050000-00,0.0220,9.07,yes
2026-10-05T03:57:25.420918Z,KXETH15M-26OCT050000-00,0.0220,3.00,yes
2026-10-05T03:57:26.056046Z,KXETH15M-26OCT050000-00,0.0140,1.00,no
2026-10-05T03:57:26.056046Z,KXETH15M-26OCT050000-00,0.0130,15.49,no
2026-10-05T03:57:26.056046Z,KXETH15M-26OCT050000-00,0.0130,50.00,no
2026-10-05T03:57:26.056046Z,KXETH15M-26OCT050000-00,0.0140,19.57,no
2026-10-05T03:57:26.056046Z,KXETH15M-26OCT050000-00,0.0180,1.00,no
2026-10-05T03:57:26.056046Z,KXETH15M-26OCT050000-00,0.0170,1.00,no
2026-10-05T03:57:26.056046Z,KXETH15M-26OCT050000-00,0.0210,26.95,no
2026-10-05T03:57:26.056046Z,KXETH15M-26OCT050000-00,0.0160,1.01,no
2026-10-05T03:57:26.056046Z,KXETH15M-26OCT050000-00,0.0200,4.00,no
2026-10-05T03:57:26.056046Z,KXETH15M-26OCT050000-00,0.0200,41.00,no
2026-10-05T03:57:26.056046Z,KXETH15M-26OCT050000-00,0.0140,4.04,no
2026-10-05T03:57:26.056046Z,KXETH15M-26OCT050000-00,0.0150,9.00,no
2026-10-05T03:57:26.056046Z,KXETH15M-26OCT050000-00,0.0190,4.00,no
2026-10-05T03:57:26.056046Z,KXETH15M-26OCT050000-00,0.0170,4.00,no
2026-10-05T03:57:26.056046Z,KXETH15M-26OCT050000-00,0.0150,12.00,no
2026-10-05T03:57:26.056046Z,KXETH15M-26OCT050000-00,0.0190,4.00,no
2026-10-05T03:57:26.056046Z,KXETH15M-26OCT050000-00,0.0180,4.00,no
2026-10-05T03:57:26.056046Z,KXETH15M-26OCT050000-00,0.0210,24.40,no
2026-10-05T03:57:26.056046Z,KXETH15M-26OCT050000-00,0.0180,4.00,no
2026-10-05T03:57:26.056046Z,KXETH15M-26OCT050000-00,0.0190,22.00,no
2026-10-05T03:57:26.056046Z,KXETH15M-26OCT050000-00,0.0150,13.00,no
2026-10-05T03:57:26.056046Z,KXETH15M-26OCT050000-00,0.0140,20.00,no
2026-10-05T03:57:26.091137Z,KXETH15M-26OCT050000-00,0.0170,4.99,no
2026-10-05T03:57:26.189964Z,KXETH15M-26OCT050000-00,0.0190,5.00,yes
2026-10-05T03:57:26.220809Z,KXETH15M-26OCT050000-00,0.0190,3.00,yes
2026-10-05T03:57:26.287442Z,KXETH15M-26OCT050000-00,0.0190,3.00,yes
2026-10-05T03:57:26.511982Z,KXETH15M-26OCT050000-00,0.0190,4.00,yes
2026-10-05T03:57:26.553902Z,KXETH15M-26OCT050000-00,0.0190,2.00,yes
2026-10-05T03:57:26.739811Z,KXETH15M-26OCT050000-00,0.0180,12.30,no
2026-10-05T03:57:26.809281Z,KXETH15M-26OCT050000-00,0.0180,16.27,no
2026-10-05T03:57:27.174495Z,KXETH15M-26OCT050000-00,0.0190,2.57,yes
2026-10-05T03:57:27.174495Z,KXETH15M-26OCT050000-00,0.0190,15.49,yes
2026-10-05T03:57:27.174495Z,KXETH15M-26OCT050000-00,0.0190,22.00,yes
2026-10-05T03:57:27.174495Z,KXETH15M-26OCT050000-00,0.0200,8.42,yes
2026-10-05T03:57:27.462267Z,KXETH15M-26OCT050000-00,0.0200,4.00,yes
2026-10-05T03:57:28.202313Z,KXETH15M-26OCT050000-00,0.0210,2.00,yes
2026-10-05T03:57:28.202313Z,KXETH15M-26OCT050000-00,0.0210,3.00,yes
2026-10-05T03:57:28.253611Z,KXETH15M-26OCT050000-00,0.0210,6.00,yes
2026-10-05T03:57:28.451566Z,KXETH15M-26OCT050000-00,0.0210,3.00,yes
2026-10-05T03:57:29.021796Z,KXETH15M-26OCT050000-00,0.0250,22.00,yes
2026-10-05T03:57:29.021796Z,KXETH15M-26OCT050000-00,0.0260,20.00,yes
2026-10-05T03:57:29.021796Z,KXETH15M-26OCT050000-00,0.0260,9.00,yes
2026-10-05T03:57:29.021796Z,KXETH15M-26OCT050000-00,0.0250,7.00,yes
2026-10-05T03:57:29.021796Z,KXETH15M-26OCT050000-00,0.0260,12.00,yes
2026-10-05T03:57:29.021796Z,KXETH15M-26OCT050000-00,0.0270,17.22,yes
2026-10-05T03:57:29.021796Z,KXETH15M-26OCT050000-00,0.0270,7.05,yes
2026-10-05T03:57:29.021796Z,KXETH15M-26OCT050000-00,0.0270,14.00,yes
2026-10-05T03:57:29.171283Z,KXETH15M-26OCT050000-00,0.0250,6.00,yes
2026-10-05T03:57:29.201861Z,KXETH15M-26OCT050000-00,0.0270,24.40,yes
2026-10-05T03:57:29.201861Z,KXETH15M-26OCT050000-00,0.0270,9.73,yes
2026-10-05T03:57:29.3066Z,KXETH15M-26OCT050000-00,0.0270,9.63,no
2026-10-05T03:57:29.504929Z,KXETH15M-26OCT050000-00,0.0280,1.00,yes
2026-10-05T03:57:29.504929Z,KXETH15M-26OCT050000-00,0.0280,13.47,yes
2026-10-05T03:57:29.504929Z,KXETH15M-26OCT050000-00,0.0280,4.13,yes
2026-10-05T03:57:29.965318Z,KXETH15M-26OCT050000-00,0.0300,26.00,no
2026-10-05T03:57:29.965318Z,KXETH15M-26OCT050000-00,0.0300,0.28,no
2026-10-05T03:57:29.965318Z,KXETH15M-26OCT050000-00,0.0300,20.00,no
2026-10-05T03:57:30.274046Z,KXETH15M-26OCT050000-00,0.0300,4.00,no
2026-10-05T03:57:30.306604Z,KXETH15M-26OCT050000-00,0.0300,4.00,no
2026-10-05T03:57:30.306604Z,KXETH15M-26OCT050000-00,0.0300,17.72,no
2026-10-05T03:57:30.306604Z,KXETH15M-26OCT050000-00,0.0290,4.00,no
2026-10-05T03:57:30.306604Z,KXETH15M-26OCT050000-00,0.0300,4.00,no
2026-10-05T03:57:30.306604Z,KXETH15M-26OCT050000-00,0.0290,16.28,no
2026-10-05T03:57:30.306604Z,KXETH15M-26OCT050000-00,0.0290,4.00,no
2026-10-05T03:57:30.536283Z,KXETH15M-26OCT050000-00,0.0300,2.00,no
2026-10-05T03:57:30.547232Z,KXETH15M-26OCT050000-00,0.0300,5.00,no
2026-10-05T03:57:30.568518Z,KXETH15M-26OCT050000-00,0.0300,2.00,no
2026-10-05T03:57:30.640141Z,KXETH15M-26OCT050000-00,0.0300,11.00,no
2026-10-05T03:57:30.640141Z,KXETH15M-26OCT050000-00,0.0300,1.00,no
2026-10-05T03:57:30.640141Z,KXETH15M-26OCT050000-00,0.0300,4.00,no
2026-10-05T03:57:30.644921Z,KXETH15M-26OCT050000-00,0.0300,3.00,no
2026-10-05T03:57:30.650555Z,KXETH15M-26OCT050000-00,0.0290,4.00,no
2026-10-05T03:57:30.650555Z,KXETH15M-26OCT050000-00,0.0290,4.00,no
2026-10-05T03:57:30.650555Z,KXETH15M-26OCT050000-00,0.0290,17.00,no
2026-10-05T03:57:30.650555Z,KXETH15M-26OCT050000-00,0.0290,3.72,no
2026-10-05T03:57:30.654792Z,KXETH15M-26OCT050000-00,0.0300,3.00,no
2026-10-05T03:57:30.66469Z,KXETH15M-26OCT050000-00,0.0300,5.00,no
2026-10-05T03:57:30.827417Z,KXETH15M-26OCT050000-00,0.0310,12.49,yes
2026-10-05T03:57:30.827417Z,KXETH15M-26OCT050000-00,0.0310,7.00,yes
2026-10-05T03:57:30.927687Z,KXETH15M-26OCT050000-00,0.0300,12.00,no
2026-10-05T03:57:30.927687Z,KXETH15M-26OCT050000-00,0.0250,9.00,no
2026-10-05T03:57:30.927687Z,KXETH15M-26OCT050000-00,0.0270,4.00,no
2026-10-05T03:57:30.927687Z,KXETH15M-26OCT050000-00,0.0260,4.00,no
2026-10-05T03:57:30.927687Z,KXETH15M-26OCT050000-00,0.0270,4.00,no
2026-10-05T03:57:30.927687Z,KXETH15M-26OCT050000-00,0.0260,5.00,no
2026-10-05T03:57:30.927687Z,KXETH15M-26OCT050000-00,0.0260,4.00,no
2026-10-05T03:57:30.927687Z,KXETH15M-26OCT050000-00,0.0290,20.00,no
2026-10-05T03:57:30.927687Z,KXETH15M-26OCT050000-00,0.0200,4.04,no
2026-10-05T03:57:30.927687Z,KXETH15M-26OCT050000-00,0.0220,13.47,no
2026-10-05T03:57:30.927687Z,KXETH15M-26OCT050000-00,0.0220,24.40,no
2026-10-05T03:57:30.927687Z,KXETH15M-26OCT050000-00,0.0280,4.00,no
2026-10-05T03:57:30.927687Z,KXETH15M-26OCT050000-00,0.0200,37.70,no
2026-10-05T03:57:30.927687Z,KXETH15M-26OCT050000-00,0.0240,10.00,no
2026-10-05T03:57:30.927687Z,KXETH15M-26OCT050000-00,0.0220,1.01,no
2026-10-05T03:57:30.927687Z,KXETH15M-26OCT050000-00,0.0220,14.00,no
2026-10-05T03:57:30.927687Z,KXETH15M-26OCT050000-00,0.0280,4.00,no
2026-10-05T03:57:30.927687Z,KXETH15M-26OCT050000-00,0.0220,7.05,no
2026-10-05T03:57:30.927687Z,KXETH15M-26OCT050000-00,0.0220,4.13,no
2026-10-05T03:57:30.927687Z,KXETH15M-26OCT050000-00,0.0220,9.73,no
2026-10-05T03:57:30.927687Z,KXETH15M-26OCT050000-00,0.0220,50.00,no
2026-10-05T03:57:30.927687Z,KXETH15M-26OCT050000-00,0.0230,1.00,no
2026-10-05T03:57:30.927687Z,KXETH15M-26OCT050000-00,0.0220,17.22,no
2026-10-05T03:57:30.927687Z,KXETH15M-26OCT050000-00,0.0200,9.00,no
2026-10-05T03:57:30.927687Z,KXETH15M-26OCT050000-00,0.0200,9.00,no
2026-10-05T03:57:30.927687Z,KXETH15M-26OCT050000-00,0.0240,13.00,no
2026-10-05T03:57:30.927687Z,KXETH15M-26OCT050000-00,0.0230,20.00,no
2026-10-05T03:57:30.968551Z,KXETH15M-26OCT050000-00,0.0300,7.05,no
2026-10-05T03:57:31.00466Z,KXETH15M-26OCT050000-00,0.0300,1.05,no
2026-10-05T03:57:31.00466Z,KXETH15M-26OCT050000-00,0.0300,12.95,no
2026-10-05T03:57:31.03959Z,KXETH15M-26OCT050000-00,0.0300,17.22,no
2026-10-05T03:57:31.069743Z,KXETH15M-26OCT050000-00,0.0300,50.00,no
2026-10-05T03:57:31.071446Z,KXETH15M-26OCT050000-00,0.0300,9.73,no
2026-10-05T03:57:31.105994Z,KXETH15M-26OCT050000-00,0.0300,24.40,no
2026-10-05T03:57:31.141478Z,KXETH15M-26OCT050000-00,0.0300,4.13,no
2026-10-05T03:57:31.172287Z,KXETH15M-26OCT050000-00,0.0300,13.47,no
2026-10-05T03:57:31.241291Z,KXETH15M-26OCT050000-00,0.0320,4.00,yes
2026-10-05T03:57:31.241291Z,KXETH15M-26OCT050000-00,0.0320,13.00,yes
2026-10-05T03:57:31.307187Z,KXETH15M-26OCT050000-00,0.0360,1.01,yes
2026-10-05T03:57:31.307187Z,KXETH15M-26OCT050000-00,0.0350,20.00,yes
2026-10-05T03:57:31.307187Z,KXETH15M-26OCT050000-00,0.0360,7.00,yes
2026-10-05T03:57:31.307187Z,KXETH15M-26OCT050000-00,0.0330,13.00,yes
2026-10-05T03:57:31.307187Z,KXETH15M-26OCT050000-00,0.0370,1.99,yes
2026-10-05T03:57:31.307187Z,KXETH15M-26OCT050000-00,0.0360,4.00,yes
2026-10-05T03:57:31.492076Z,KXETH15M-26OCT050000-00,0.0470,20.00,yes
2026-10-05T03:57:31.492076Z,KXETH15M-26OCT050000-00,0.0390,50.00,yes
2026-10-05T03:57:31.492076Z,KXETH15M-26OCT050000-00,0.0410,60.00,yes
2026-10-05T03:57:31.492076Z,KXETH15M-26OCT050000-00,0.0380,11.00,yes
2026-10-05T03:57:31.492076Z,KXETH15M-26OCT050000-00,0.0480,342.13,yes
2026-10-05T03:57:31.492076Z,KXETH15M-26OCT050000-00,0.0370,2.01,yes
2026-10-05T03:57:31.492076Z,KXETH15M-26OCT050000-00,0.0350,4.00,yes
2026-10-05T03:57:31.492076Z,KXETH15M-26OCT050000-00,0.0360,4.00,yes
2026-10-05T03:57:31.492076Z,KXETH15M-26OCT050000-00,0.0380,22.00,yes
2026-10-05T03:57:31.492076Z,KXETH15M-26OCT050000-00,0.0370,4.00,yes
2026-10-05T03:57:31.492076Z,KXETH15M-26OCT050000-00,0.0340,41.00,yes
2026-10-05T03:57:31.492076Z,KXETH15M-26OCT050000-00,0.0350,41.00,yes
2026-10-05T03:57:31.492076Z,KXETH15M-26OCT050000-00,0.0340,5.00,yes
2026-10-05T03:57:31.492076Z,KXETH15M-26OCT050000-00,0.0380,4.00,yes
2026-10-05T03:57:31.847827Z,KXETH15M-26OCT050000-00,0.0340,13.78,yes
2026-10-05T03:57:32.331218Z,KXETH15M-26OCT050000-00,0.0330,5.67,no
2026-10-05T03:57:32.492073Z,KXETH15M-26OCT050000-00,0.0330,0.67,no
2026-10-05T03:57:32.492073Z,KXETH15M-26OCT050000-00,0.0330,9.33,no
2026-10-05T03:57:32.587294Z,KXETH15M-26OCT050000-00,0.0340,27.22,yes
2026-10-05T03:57:32.587294Z,KXETH15M-26OCT050000-00,0.0340,0.32,yes
2026-10-05T03:57:32.603658Z,KXETH15M-26OCT050000-00,0.0340,2.68,yes
2026-10-05T03:57:32.603658Z,KXETH15M-26OCT050000-00,0.0350,41.00,yes
2026-10-05T03:57:32.603658Z,KXETH15M-26OCT050000-00,0.0350,5.17,yes
2026-10-05T03:57:32.603658Z,KXETH15M-26OCT050000-00,0.0340,1.00,yes
2026-10-05T03:57:32.603658Z,KXETH15M-26OCT050000-00,0.0350,4.00,yes
2026-10-05T03:57:32.639028Z,KXETH15M-26OCT050000-00,0.0340,41.00,yes
2026-10-05T03:57:32.639028Z,KXETH15M-26OCT050000-00,0.0340,4.00,yes
2026-10-05T03:57:32.639028Z,KXETH15M-26OCT050000-00,0.0340,4.00,yes
2026-10-05T03:57:33.059944Z,KXETH15M-26OCT050000-00,0.0320,10.75,yes
2026-10-05T03:57:33.13172Z,KXETH15M-26OCT050000-00,0.0280,20.00,no
2026-10-05T03:57:33.253567Z,KXETH15M-26OCT050000-00,0.0200,1.13,no
2026-10-05T03:57:33.253567Z,KXETH15M-26OCT050000-00,0.0220,7.05,no
2026-10-05T03:57:33.253567Z,KXETH15M-26OCT050000-00,0.0220,1.05,no
2026-10-05T03:57:33.253567Z,KXETH15M-26OCT050000-00,0.0220,12.95,no
2026-10-05T03:57:33.253567Z,KXETH15M-26OCT050000-00,0.0220,9.73,no
2026-10-05T03:57:33.253567Z,KXETH15M-26OCT050000-00,0.0220,50.00,no
2026-10-05T03:57:33.253567Z,KXETH15M-26OCT050000-00,0.0220,17.22,no
2026-10-05T03:57:33.253567Z,KXETH15M-26OCT050000-00,0.0220,24.40,no
2026-10-05T03:57:33.253567Z,KXETH15M-26OCT050000-00,0.0220,13.47,no
2026-10-05T03:57:33.253567Z,KXETH15M-26OCT050000-00,0.0220,4.13,no
2026-10-05T03:57:33.253567Z,KXETH15M-26OCT050000-00,0.0240,17.00,no
2026-10-05T03:57:33.253567Z,KXETH15M-26OCT050000-00,0.0280,20.00,no
2026-10-05T03:57:33.253567Z,KXETH15M-26OCT050000-00,0.0270,15.00,no
2026-10-05T03:57:33.253567Z,KXETH15M-26OCT050000-00,0.0220,1.01,no
2026-10-05T03:57:33.253567Z,KXETH15M-26OCT050000-00,0.0270,20.00,no
2026-10-05T03:57:33.253567Z,KXETH15M-26OCT050000-00,0.0230,10.00,no
2026-10-05T03:57:33.253567Z,KXETH15M-26OCT050000-00,0.0250,9.00,no
2026-10-05T03:57:33.253567Z,KXETH15M-26OCT050000-00,0.0260,31.00,no
2026-10-05T03:57:33.276406Z,KXETH15M-26OCT050000-00,0.0150,9.00,no
2026-10-05T03:57:33.276406Z,KXETH15M-26OCT050000-00,0.0150,9.00,no
2026-10-05T03:57:33.276406Z,KXETH15M-26OCT050000-00,0.0200,9.00,no
2026-10-05T03:57:33.276406Z,KXETH15M-26OCT050000-00,0.0150,27.92,no
2026-10-05T03:57:33.276406Z,KXETH15M-26OCT050000-00,0.0190,13.00,no
2026-10-05T03:57:33.276406Z,KXETH15M-26OCT050000-00,0.0220,80.00,no
2026-10-05T03:57:33.276406Z,KXETH15M-26OCT050000-00,0.0160,20.00,no
2026-10-05T03:57:33.276406Z,KXETH15M-26OCT050000-00,0.0220,20.00,no
2026-10-05T03:57:33.276406Z,KXETH15M-26OCT050000-00,0.0210,10.00,no
2026-10-05T03:57:33.276406Z,KXETH15M-26OCT050000-00,0.0200,9.00,no
2026-10-05T03:57:33.276406Z,KXETH15M-26OCT050000-00,0.0210,20.00,no
2026-10-05T03:57:33.329766Z,KXETH15M-26OCT050000-00,0.0230,2.00,no
2026-10-05T03:57:33.372766Z,KXETH15M-26OCT050000-00,0.0230,1.00,no
2026-10-05T03:57:33.821743Z,KXETH15M-26OCT050000-00,0.0230,8.00,no
2026-10-05T03:57:33.933614Z,KXETH15M-26OCT050000-00,0.0230,4.00,no
2026-10-05T03:57:33.933614Z,KXETH15M-26OCT050000-00,0.0230,12.00,no
2026-10-05T03:57:34.885039Z,KXETH15M-26OCT050000-00,0.0210,4.00,yes
2026-10-05T03:57:34.885039Z,KXETH15M-26OCT050000-00,0.0200,4.00,yes
2026-10-05T03:57:35.150466Z,KXETH15M-26OCT050000-00,0.0180,4.00,yes
2026-10-05T03:57:35.423337Z,KXETH15M-26OCT050000-00,0.0190,4.00,yes
2026-10-05T03:57:35.423337Z,KXETH15M-26OCT050000-00,0.0190,4.00,yes
2026-10-05T03:57:35.423337Z,KXETH15M-26OCT050000-00,0.0200,11.03,yes
2026-10-05T03:57:35.423337Z,KXETH15M-26OCT050000-00,0.0200,4.00,yes
2026-10-05T03:57:35.552379Z,KXETH15M-26OCT050000-00,0.0180,4.00,yes
2026-10-05T03:57:35.77208Z,KXETH15M-26OCT050000-00,0.0190,0.43,yes
2026-10-05T03:57:35.77208Z,KXETH15M-26OCT050000-00,0.0190,4.00,yes
2026-10-05T03:57:36.26125Z,KXETH15M-26OCT050000-00,0.0190,3.38,yes
2026-10-05T03:57:37.136377Z,KXETH15M-26OCT050000-00,0.0200,9.15,no
2026-10-05T03:57:37.220881Z,KXETH15M-26OCT050000-00,0.0210,3.00,yes
2026-10-05T03:57:37.220881Z,KXETH15M-26OCT050000-00,0.0210,10.00,yes
2026-10-05T03:57:37.220881Z,KXETH15M-26OCT050000-00,0.0210,4.00,yes
2026-10-05T03:57:37.220881Z,KXETH15M-26OCT050000-00,0.0220,4.00,yes
2026-10-05T03:57:37.220881Z,KXETH15M-26OCT050000-00,0.0220,7.92,yes
2026-10-05T03:57:37.220881Z,KXETH15M-26OCT050000-00,0.0210,15.00,yes
2026-10-05T03:57:37.440546Z,KXETH15M-26OCT050000-00,0.0270,20.00,yes
2026-10-05T03:57:37.440546Z,KXETH15M-26OCT050000-00,0.0240,1.00,yes
2026-10-05T03:57:37.440546Z,KXETH15M-26OCT050000-00,0.0280,1.05,yes
2026-10-05T03:57:37.440546Z,KXETH15M-26OCT050000-00,0.0280,12.95,yes
2026-10-05T03:57:37.440546Z,KXETH15M-26OCT050000-00,0.0280,2.09,yes
2026-10-05T03:57:37.440546Z,KXETH15M-26OCT050000-00,0.0280,7.05,yes
2026-10-05T03:57:37.440546Z,KXETH15M-26OCT050000-00,0.0280,17.22,yes
2026-10-05T03:57:37.440546Z,KXETH15M-26OCT050000-00,0.0250,9.00,yes
2026-10-05T03:57:37.440546Z,KXETH15M-26OCT050000-00,0.0230,4.00,yes
2026-10-05T03:57:37.440546Z,KXETH15M-26OCT050000-00,0.0220,4.00,yes
2026-10-05T03:57:37.440546Z,KXETH15M-26OCT050000-00,0.0230,4.00,yes
2026-10-05T03:57:37.440546Z,KXETH15M-26OCT050000-00,0.0250,9.00,yes
2026-10-05T03:57:37.440546Z,KXETH15M-26OCT050000-00,0.0240,4.00,yes
2026-10-05T03:57:37.440546Z,KXETH15M-26OCT050000-00,0.0250,4.00,yes
2026-10-05T03:57:37.440546Z,KXETH15M-26OCT050000-00,0.0220,5.00,yes
2026-10-05T03:57:37.440546Z,KXETH15M-26OCT050000-00,0.0270,12.00,yes
2026-10-05T03:57:37.440546Z,KXETH15M-26OCT050000-00,0.0240,4.00,yes
2026-10-05T03:57:37.57596Z,KXETH15M-26OCT050000-00,0.0220,20.00,no
2026-10-05T03:57:37.57596Z,KXETH15M-26OCT050000-00,0.0220,1.00,no
2026-10-05T03:57:37.763242Z,KXETH15M-26OCT050000-00,0.0230,6.00,yes
2026-10-05T03:57:37.763242Z,KXETH15M-26OCT050000-00,0.0230,4.01,yes
2026-10-05T03:57:37.791967Z,KXETH15M-26OCT050000-00,0.0220,17.22,no
2026-10-05T03:57:37.791967Z,KXETH15M-26OCT050000-00,0.0220,6.05,no
2026-10-05T03:57:37.791967Z,KXETH15M-26OCT050000-00,0.0220,1.05,no
2026-10-05T03:57:37.791967Z,KXETH15M-26OCT050000-00,0.0220,12.95,no
2026-10-05T03:57:37.791967Z,KXETH15M-26OCT050000-00,0.0220,2.09,no
2026-10-05T03:57:37.791967Z,KXETH15M-26OCT050000-00,0.0200,22.00,no
2026-10-05T03:57:37.872261Z,KXETH15M-26OCT050000-00,0.0140,41.00,yes
2026-10-05T03:57:37.892375Z,KXETH15M-26OCT050000-00,0.0140,24.41,yes
2026-10-05T03:57:37.980167Z,KXETH15M-26OCT050000-00,0.0140,23.84,yes
2026-10-05T03:57:37.980167Z,KXETH15M-26OCT050000-00,0.0140,16.59,yes
2026-10-05T03:57:38.025825Z,KXETH15M-26OCT050000-00,0.0140,1.84,yes
2026-10-05T03:57:38.025825Z,KXETH15M-26OCT050000-00,0.0140,1.16,yes
2026-10-05T03:57:38.029286Z,KXETH15M-26OCT050000-00,0.0140,6.00,yes
2026-10-05T03:57:38.089756Z,KXETH15M-26OCT050000-00,0.0140,3.00,yes
2026-10-05T03:57:38.168167Z,KXETH15M-26OCT050000-00,0.0140,15.00,yes
2026-10-05T03:57:38.175916Z,KXETH15M-26OCT050000-00,0.0140,14.16,yes
2026-10-05T03:57:38.175916Z,KXETH15M-26OCT050000-00,0.0140,4.00,yes
2026-10-05T03:57:38.27567Z,KXETH15M-26OCT050000-00,0.0150,41.00,yes
2026-10-05T03:57:38.457169Z,KXETH15M-26OCT050000-00,0.0140,3.00,yes
2026-10-05T03:57:38.457169Z,KXETH15M-26OCT050000-00,0.0150,40.14,yes
2026-10-05T03:57:38.704265Z,KXETH15M-26OCT050000-00,0.0150,3.03,no
2026-10-05T03:57:38.713481Z,KXETH15M-26OCT050000-00,0.0140,20.00,no
2026-10-05T03:57:38.713481Z,KXETH15M-26OCT050000-00,0.0140,8.03,no
2026-10-05T03:57:38.713481Z,KXETH15M-26OCT050000-00,0.0150,18.97,no
2026-10-05T03:57:38.713481Z,KXETH15M-26OCT050000-00,0.0140,3.00,no
2026-10-05T03:57:39.500041Z,KXETH15M-26OCT050000-00,0.0150,31.18,yes
2026-10-05T03:57:39.600063Z,KXETH15M-26OCT050000-00,0.0140,12.00,no
2026-10-05T03:57:39.600063Z,KXETH15M-26OCT050000-00,0.0140,38.00,no
2026-10-05T03:57:39.605244Z,KXETH15M-26OCT050000-00,0.0140,1.00,no
2026-10-05T03:57:39.723663Z,KXETH15M-26OCT050000-00,0.0150,9.82,yes
2026-10-05T03:57:39.723663Z,KXETH15M-26OCT050000-00,0.0150,5.00,yes
2026-10-05T03:57:39.723663Z,KXETH15M-26OCT050000-00,0.0150,2.00,yes
2026-10-05T03:57:39.723663Z,KXETH15M-26OCT050000-00,0.0150,4.54,yes
2026-10-05T03:57:39.723663Z,KXETH15M-26OCT050000-00,0.0150,41.00,yes
2026-10-05T03:57:40.567938Z,KXETH15M-26OCT050000-00,0.0140,31.00,no
2026-10-05T03:57:40.567938Z,KXETH15M-26OCT050000-00,0.0140,7.50,no
2026-10-05T03:57:41.44965Z,KXETH15M-26OCT050000-00,0.0140,11.60,yes
2026-10-05T03:57:41.565227Z,KXETH15M-26OCT050000-00,0.0140,13.36,yes
2026-10-05T03:57:41.75746Z,KXETH15M-26OCT050000-00,0.0140,1.25,yes
2026-10-05T03:57:41.852117Z,KXETH15M-26OCT050000-00,0.0140,0.38,yes
2026-10-05T03:57:41.852117Z,KXETH15M-26OCT050000-00,0.0140,4.00,yes
2026-10-05T03:57:41.852117Z,KXETH15M-26OCT050000-00,0.0140,14.79,yes
2026-10-05T03:57:41.974183Z,KXETH15M-26OCT050000-00,0.0200,9.00,yes
2026-10-05T03:57:41.974183Z,KXETH15M-26OCT050000-00,0.0200,9.00,yes
2026-10-05T03:57:41.974183Z,KXETH15M-26OCT050000-00,0.0160,22.00,yes
2026-10-05T03:57:41.974183Z,KXETH15M-26OCT050000-00,0.0260,1.00,yes
2026-10-05T03:57:41.974183Z,KXETH15M-26OCT050000-00,0.0200,1.01,yes
2026-10-05T03:57:41.974183Z,KXETH15M-26OCT050000-00,0.0240,10.00,yes
2026-10-05T03:57:41.974183Z,KXETH15M-26OCT050000-00,0.0220,4.04,yes
2026-10-05T03:57:41.974183Z,KXETH15M-26OCT050000-00,0.0260,4.04,yes
2026-10-05T03:57:41.974183Z,KXETH15M-26OCT050000-00,0.0240,4.04,yes
2026-10-05T03:57:41.974183Z,KXETH15M-26OCT050000-00,0.0270,15.00,yes
2026-10-05T03:57:41.974183Z,KXETH15M-26OCT050000-00,0.0140,5.62,yes
2026-10-05T03:57:41.974183Z,KXETH15M-26OCT050000-00,0.0150,26.46,yes
2026-10-05T03:57:41.974183Z,KXETH15M-26OCT050000-00,0.0150,4.00,yes
2026-10-05T03:57:41.974183Z,KXETH15M-26OCT050000-00,0.0160,4.00,yes
2026-10-05T03:57:41.974183Z,KXETH15M-26OCT050000-00,0.0160,4.00,yes
2026-10-05T03:57:41.974183Z,KXETH15M-26OCT050000-00,0.0150,4.00,yes
2026-10-05T03:57:41.974183Z,KXETH15M-26OCT050000-00,0.0150,12.00,yes
2026-10-05T03:57:41.974183Z,KXETH15M-26OCT050000-00,0.0140,25.00,yes
2026-10-05T03:57:41.974183Z,KXETH15M-26OCT050000-00,0.0210,18.00,yes
2026-10-05T03:57:41.974183Z,KXETH15M-26OCT050000-00,0.0260,50.00,yes
2026-10-05T03:57:41.974183Z,KXETH15M-26OCT050000-00,0.0140,8.00,yes
2026-10-05T03:57:41.974183Z,KXETH15M-26OCT050000-00,0.0150,18.00,yes
2026-10-05T03:57:41.974183Z,KXETH15M-26OCT050000-00,0.0240,14.00,yes
2026-10-05T03:57:41.974183Z,KXETH15M-26OCT050000-00,0.0260,14.00,yes
2026-10-05T03:57:41.974183Z,KXETH15M-26OCT050000-00,0.0170,4.00,yes
2026-10-05T03:57:41.974183Z,KXETH15M-26OCT050000-00,0.0170,4.00,yes
2026-10-05T03:57:41.974183Z,KXETH15M-26OCT050000-00,0.0280,13.47,yes
2026-10-05T03:57:41.974183Z,KXETH15M-26OCT050000-00,0.0280,24.40,yes
2026-10-05T03:57:41.974183Z,KXETH15M-26OCT050000-00,0.0280,4.13,yes
2026-10-05T03:57:41.974183Z,KXETH15M-26OCT050000-00,0.0280,7.64,yes
2026-10-05T03:57:41.974183Z,KXETH15M-26OCT050000-00,0.0280,22.42,yes
2026-10-05T03:57:41.974183Z,KXETH15M-26OCT050000-00,0.0200,30.00,yes
2026-10-05T03:57:41.974183Z,KXETH15M-26OCT050000-00,0.0230,20.00,yes
2026-10-05T03:57:41.974183Z,KXETH15M-26OCT050000-00,0.0250,9.00,yes
2026-10-05T03:57:41.974183Z,KXETH15M-26OCT050000-00,0.0210,1.00,yes
2026-10-05T03:57:41.985054Z,KXETH15M-26OCT050000-00,0.0140,31.00,yes
2026-10-05T03:57:42.09749Z,KXETH15M-26OCT050000-00,0.0140,3.00,yes
2026-10-05T03:57:42.166381Z,KXETH15M-26OCT050000-00,0.0280,9.39,yes
2026-10-05T03:57:42.166381Z,KXETH15M-26OCT050000-00,0.0140,31.00,yes
2026-10-05T03:57:42.166381Z,KXETH15M-26OCT050000-00,0.0160,22.00,yes
2026-10-05T03:57:42.166381Z,KXETH15M-26OCT050000-00,0.0200,22.00,yes
2026-10-05T03:57:42.166381Z,KXETH15M-26OCT050000-00,0.0270,20.00,yes
2026-10-05T03:57:42.166381Z,KXETH15M-26OCT050000-00,0.0170,16.00,yes
2026-10-05T03:57:42.166381Z,KXETH15M-26OCT050000-00,0.0140,5.00,yes
2026-10-05T03:57:42.166381Z,KXETH15M-26OCT050000-00,0.0160,2.00,yes
2026-10-05T03:57:42.166381Z,KXETH15M-26OCT050000-00,0.0180,4.00,yes
2026-10-05T03:57:42.166381Z,KXETH15M-26OCT050000-00,0.0200,4.00,yes
2026-10-05T03:57:42.166381Z,KXETH15M-26OCT050000-00,0.0190,4.00,yes
2026-10-05T03:57:42.166381Z,KXETH15M-26OCT050000-00,0.0190,4.00,yes
2026-10-05T03:57:42.166381Z,KXETH15M-26OCT050000-00,0.0140,7.00,yes
2026-10-05T03:57:42.166381Z,KXETH15M-26OCT050000-00,0.0200,30.00,yes
2026-10-05T03:57:42.166381Z,KXETH15M-26OCT050000-00,0.0180,4.00,yes
2026-10-05T03:57:42.166381Z,KXETH15M-26OCT050000-00,0.0230,10.00,yes
2026-10-05T03:57:42.166381Z,KXETH15M-26OCT050000-00,0.0270,12.00,yes
2026-10-05T03:57:42.166381Z,KXETH15M-26OCT050000-00,0.0200,4.00,yes
2026-10-05T03:57:42.166381Z,KXETH15M-26OCT050000-00,0.0200,1.00,yes
2026-10-05T03:57:42.166381Z,KXETH15M-26OCT050000-00,0.0150,41.00,yes
2026-10-05T03:57:42.298784Z,KXETH15M-26OCT050000-00,0.0160,7.00,yes
2026-10-05T03:57:42.539791Z,KXETH15M-26OCT050000-00,0.0160,7.00,yes
2026-10-05T03:57:42.539791Z,KXETH15M-26OCT050000-00,0.0160,41.00,yes
2026-10-05T03:57:42.777463Z,KXETH15M-26OCT050000-00,0.0130,84.51,no
2026-10-05T03:57:42.777463Z,KXETH15M-26OCT050000-00,0.0120,100.00,no
2026-10-05T03:57:42.777463Z,KXETH15M-26OCT050000-00,0.0110,12.00,no
2026-10-05T03:57:42.777463Z,KXETH15M-26OCT050000-00,0.0120,13.00,no
2026-10-05T03:57:42.777463Z,KXETH15M-26OCT050000-00,0.0120,350.00,no
2026-10-05T03:57:42.777463Z,KXETH15M-26OCT050000-00,0.0110,32.85,no
2026-10-05T03:57:42.777463Z,KXETH15M-26OCT050000-00,0.0130,1.00,no
2026-10-05T03:57:42.777463Z,KXETH15M-26OCT050000-00,0.0120,1.00,no
2026-10-05T03:57:42.777463Z,KXETH15M-26OCT050000-00,0.0130,25.00,no
2026-10-05T03:57:42.777463Z,KXETH15M-26OCT050000-00,0.0140,1.00,no
2026-10-05T03:57:42.777463Z,KXETH15M-26OCT050000-00,0.0130,49.64,no
2026-10-05T03:57:42.777463Z,KXETH15M-26OCT050000-00,0.0140,12.00,no
2026-10-05T03:57:42.777463Z,KXETH15M-26OCT050000-00,0.0160,26.00,no
2026-10-05T03:57:42.777463Z,KXETH15M-26OCT050000-00,0.0160,22.00,no
2026-10-05T03:57:42.777463Z,KXETH15M-26OCT050000-00,0.0140,20.00,no
2026-10-05T03:57:43.215094Z,KXETH15M-26OCT050000-00,0.0130,52.00,yes
2026-10-05T03:57:43.215094Z,KXETH15M-26OCT050000-00,0.0120,8.00,yes
2026-10-05T03:57:43.215094Z,KXETH15M-26OCT050000-00,0.0120,20.00,yes
2026-10-05T03:57:43.215094Z,KXETH15M-26OCT050000-00,0.0130,20.00,yes
2026-10-05T03:57:43.472471Z,KXETH15M-26OCT050000-00,0.0130,30.00,yes
2026-10-05T03:57:43.530873Z,KXETH15M-26OCT050000-00,0.0130,11.00,yes
2026-10-05T03:57:43.536836Z,KXETH15M-26OCT050000-00,0.0130,3.00,yes
2026-10-05T03:57:43.536836Z,KXETH15M-26OCT050000-00,0.0130,7.00,yes
2026-10-05T03:57:43.820622Z,KXETH15M-26OCT050000-00,0.0130,6.06,yes
2026-10-05T03:57:43.855959Z,KXETH15M-26OCT050000-00,0.0130,10.03,yes
2026-10-05T03:57:43.917344Z,KXETH15M-26OCT050000-00,0.0150,38.00,yes
2026-10-05T03:57:43.917344Z,KXETH15M-26OCT050000-00,0.0130,0.91,yes
2026-10-05T03:57:43.917344Z,KXETH15M-26OCT050000-00,0.0160,5.00,yes
2026-10-05T03:57:43.917344Z,KXETH15M-26OCT050000-00,0.0130,12.00,yes
2026-10-05T03:57:43.917344Z,KXETH15M-26OCT050000-00,0.0140,84.51,yes
2026-10-05T03:57:43.917344Z,KXETH15M-26OCT050000-00,0.0180,216.41,yes
2026-10-05T03:57:43.917344Z,KXETH15M-26OCT050000-00,0.0170,13.00,yes
2026-10-05T03:57:43.917344Z,KXETH15M-26OCT050000-00,0.0170,20.00,yes
2026-10-05T03:57:43.92636Z,KXETH15M-26OCT050000-00,0.0130,8.00,yes
2026-10-05T03:57:43.937238Z,KXETH15M-26OCT050000-00,0.0130,7.00,yes
2026-10-05T03:57:43.946377Z,KXETH15M-26OCT050000-00,0.0130,5.00,yes
2026-10-05T03:57:44.168652Z,KXETH15M-26OCT050000-00,0.0140,8.00,yes
2026-10-05T03:57:44.172457Z,KXETH15M-26OCT050000-00,0.0140,10.00,yes
2026-10-05T03:57:44.723965Z,KXETH15M-26OCT050000-00,0.0130,14.28,no
2026-10-05T03:57:44.93872Z,KXETH15M-26OCT050000-00,0.0140,2.00,yes
2026-10-05T03:57:44.93872Z,KXETH15M-26OCT050000-00,0.0140,12.00,yes
2026-10-05T03:57:44.93872Z,KXETH15M-26OCT050000-00,0.0150,13.00,yes
2026-10-05T03:57:44.93872Z,KXETH15M-26OCT050000-00,0.0140,18.00,yes
2026-10-05T03:57:44.93872Z,KXETH15M-26OCT050000-00,0.0150,12.73,yes
2026-10-05T03:57:44.948541Z,KXETH15M-26OCT050000-00,0.0180,20.00,yes
2026-10-05T03:57:44.948541Z,KXETH15M-26OCT050000-00,0.0200,30.00,yes
2026-10-05T03:57:44.948541Z,KXETH15M-26OCT050000-00,0.0200,6.00,yes
2026-10-05T03:57:44.948541Z,KXETH15M-26OCT050000-00,0.0200,54.54,yes
2026-10-05T03:57:44.948541Z,KXETH15M-26OCT050000-00,0.0190,49.64,yes
2026-10-05T03:57:44.948541Z,KXETH15M-26OCT050000-00,0.0180,16.90,yes
2026-10-05T03:57:44.948541Z,KXETH15M-26OCT050000-00,0.0140,20.00,yes
2026-10-05T03:57:44.948541Z,KXETH15M-26OCT050000-00,0.0190,1.01,yes
2026-10-05T03:57:44.948541Z,KXETH15M-26OCT050000-00,0.0160,14.00,yes
2026-10-05T03:57:44.948541Z,KXETH15M-26OCT050000-00,0.0170,22.00,yes
2026-10-05T03:57:44.948541Z,KXETH15M-26OCT050000-00,0.0150,20.00,yes
2026-10-05T03:57:45.247781Z,KXETH15M-26OCT050000-00,0.0140,2.00,yes
2026-10-05T03:57:45.257748Z,KXETH15M-26OCT050000-00,0.0140,1.00,yes
2026-10-05T03:57:45.321832Z,KXETH15M-26OCT050000-00,0.0140,11.79,yes
2026-10-05T03:57:45.468795Z,KXETH15M-26OCT050000-00,0.0140,3.00,yes
2026-10-05T03:57:45.553625Z,KXETH15M-26OCT050000-00,0.0140,10.00,yes
2026-10-05T03:57:45.553625Z,KXETH15M-26OCT050000-00,0.0140,5.79,yes
2026-10-05T03:57:45.553625Z,KXETH15M-26OCT050000-00,0.0140,1.00,yes
2026-10-05T03:57:45.553625Z,KXETH15M-26OCT050000-00,0.0140,2.21,yes
2026-10-05T03:57:45.57422Z,KXETH15M-26OCT050000-00,0.0130,12.00,no
2026-10-05T03:57:45.57422Z,KXETH15M-26OCT050000-00,0.0130,16.36,no
2026-10-05T03:57:45.971068Z,KXETH15M-26OCT050000-00,0.0130,3.00,no
2026-10-05T03:57:45.995354Z,KXETH15M-26OCT050000-00,0.0140,4.32,yes
2026-10-05T03:57:46.243974Z,KXETH15M-26OCT050000-00,0.0110,99.54,no
2026-10-05T03:57:46.243974Z,KXETH15M-26OCT050000-00,0.0120,6.00,no
2026-10-05T03:57:46.243974Z,KXETH15M-26OCT050000-00,0.0120,20.00,no
2026-10-05T03:57:46.243974Z,KXETH15M-26OCT050000-00,0.0130,49.64,no
2026-10-05T03:57:46.243974Z,KXETH15M-26OCT050000-00,0.0130,22.00,no
2026-10-05T03:57:46.243974Z,KXETH15M-26OCT050000-00,0.0120,12.00,no
2026-10-05T03:57:46.243974Z,KXETH15M-26OCT050000-00,0.0130,33.00,no
2026-10-05T03:57:46.243974Z,KXETH15M-26OCT050000-00,0.0130,10.64,no
2026-10-05T03:57:46.594202Z,KXETH15M-26OCT050000-00,0.0120,20.00,yes
2026-10-05T03:57:46.594202Z,KXETH15M-26OCT050000-00,0.0120,52.00,yes
2026-10-05T03:57:46.594202Z,KXETH15M-26OCT050000-00,0.0120,6.00,yes
2026-10-05T03:57:46.692885Z,KXETH15M-26OCT050000-00,0.0170,4.00,yes
2026-10-05T03:57:46.692885Z,KXETH15M-26OCT050000-00,0.0140,20.00,yes
2026-10-05T03:57:46.692885Z,KXETH15M-26OCT050000-00,0.0170,4.00,yes
2026-10-05T03:57:46.692885Z,KXETH15M-26OCT050000-00,0.0130,20.00,yes
2026-10-05T03:57:46.692885Z,KXETH15M-26OCT050000-00,0.0170,15.64,yes
2026-10-05T03:57:46.896686Z,KXETH15M-26OCT050000-00,0.0110,32.00,no
2026-10-05T03:57:47.664051Z,KXETH15M-26OCT050000-00,0.0140,19.54,yes
2026-10-05T03:57:47.664051Z,KXETH15M-26OCT050000-00,0.0130,20.00,yes
2026-10-05T03:57:47.664051Z,KXETH15M-26OCT050000-00,0.0120,10.00,yes
2026-10-05T03:57:47.664051Z,KXETH15M-26OCT050000-00,0.0120,20.00,yes
2026-10-05T03:57:47.790868Z,KXETH15M-26OCT050000-00,0.0120,25.00,no
2026-10-05T03:57:48.00114Z,KXETH15M-26OCT050000-00,0.0110,3.03,no
2026-10-05T03:57:48.886962Z,KXETH15M-26OCT050000-00,0.0120,7.97,yes
2026-10-05T03:57:48.886962Z,KXETH15M-26OCT050000-00,0.0120,11.00,yes
2026-10-05T03:57:48.886962Z,KXETH15M-26OCT050000-00,0.0120,20.00,yes
2026-10-05T03:57:48.927271Z,KXETH15M-26OCT050000-00,0.0120,0.69,yes
2026-10-05T03:57:49.418222Z,KXETH15M-26OCT050000-00,0.0110,20.20,no
2026-10-05T03:57:49.447602Z,KXETH15M-26OCT050000-00,0.0110,2.00,no
2026-10-05T03:57:49.472769Z,KXETH15M-26OCT050000-00,0.0140,0.09,yes
2026-10-05T03:57:49.472769Z,KXETH15M-26OCT050000-00,0.0150,5.08,yes
2026-10-05T03:57:49.472769Z,KXETH15M-26OCT050000-00,0.0130,1.00,yes
2026-10-05T03:57:49.472769Z,KXETH15M-26OCT050000-00,0.0130,20.00,yes
2026-10-05T03:57:49.472769Z,KXETH15M-26OCT050000-00,0.0130,0.08,yes
2026-10-05T03:57:49.472769Z,KXETH15M-26OCT050000-00,0.0130,28.00,yes
2026-10-05T03:57:49.472769Z,KXETH15M-26OCT050000-00,0.0120,14.00,yes
2026-10-05T03:57:49.472769Z,KXETH15M-26OCT050000-00,0.0140,2.00,yes
2026-10-05T03:57:49.534036Z,KXETH15M-26OCT050000-00,0.0120,13.00,yes
2026-10-05T03:57:49.987838Z,KXETH15M-26OCT050000-00,0.0150,0.26,yes
2026-10-05T03:57:49.987838Z,KXETH15M-26OCT050000-00,0.0120,7.00,yes
2026-10-05T03:57:49.987838Z,KXETH15M-26OCT050000-00,0.0130,20.00,yes
2026-10-05T03:57:49.987838Z,KXETH15M-26OCT050000-00,0.0120,13.00,yes
2026-10-05T03:57:49.987838Z,KXETH15M-26OCT050000-00,0.0120,12.00,yes
2026-10-05T03:57:50.702227Z,KXETH15M-26OCT050000-00,0.0130,20.00,yes
2026-10-05T03:57:50.702227Z,KXETH15M-26OCT050000-00,0.0120,12.00,yes
2026-10-05T03:57:50.702227Z,KXETH15M-26OCT050000-00,0.0150,0.09,yes
2026-10-05T03:57:50.702227Z,KXETH15M-26OCT050000-00,0.0140,0.09,yes
2026-10-05T03:57:50.702227Z,KXETH15M-26OCT050000-00,0.0120,20.00,yes
2026-10-05T03:57:50.702227Z,KXETH15M-26OCT050000-00,0.0130,0.08,yes
2026-10-05T03:57:50.702227Z,KXETH15M-26OCT050000-00,0.0150,9.26,yes
2026-10-05T03:57:50.702227Z,KXETH15M-26OCT050000-00,0.0150,3.74,yes
2026-10-05T03:57:50.702227Z,KXETH15M-26OCT050000-00,0.0150,4.00,yes
2026-10-05T03:57:52.120554Z,KXETH15M-26OCT050000-00,0.0130,14.00,yes
2026-10-05T03:57:52.120554Z,KXETH15M-26OCT050000-00,0.0130,20.00,yes
2026-10-05T03:57:52.120554Z,KXETH15M-26OCT050000-00,0.0120,20.00,yes
2026-10-05T03:57:52.120554Z,KXETH15M-26OCT050000-00,0.0120,16.00,yes
2026-10-05T03:57:52.120554Z,KXETH15M-26OCT050000-00,0.0130,0.84,yes
2026-10-05T03:57:52.146303Z,KXETH15M-26OCT050000-00,0.0120,16.00,yes
2026-10-05T03:57:52.183316Z,KXETH15M-26OCT050000-00,0.0120,3.00,yes
2026-10-05T03:57:52.1907Z,KXETH15M-26OCT050000-00,0.0120,1.00,yes
2026-10-05T03:57:52.202195Z,KXETH15M-26OCT050000-00,0.0130,12.00,yes
2026-10-05T03:57:52.355807Z,KXETH15M-26OCT050000-00,0.0130,1.00,yes
2026-10-05T03:57:52.784124Z,KXETH15M-26OCT050000-00,0.0120,20.56,no
2026-10-05T03:57:52.784124Z,KXETH15M-26OCT050000-00,0.0120,18.00,no
2026-10-05T03:57:52.784124Z,KXETH15M-26OCT050000-00,0.0120,12.00,no
2026-10-05T03:57:54.230891Z,KXETH15M-26OCT050000-00,0.0110,50.00,no
2026-10-05T03:57:54.230891Z,KXETH15M-26OCT050000-00,0.0110,1.00,no
2026-10-05T03:57:54.230891Z,KXETH15M-26OCT050000-00,0.0110,100.00,no
2026-10-05T03:57:54.230891Z,KXETH15M-26OCT050000-00,0.0110,20.00,no
2026-10-05T03:57:54.230891Z,KXETH15M-26OCT050000-00,0.0110,1.00,no
2026-10-05T03:57:54.230891Z,KXETH15M-26OCT050000-00,0.0110,2.00,no
2026-10-05T03:57:54.230891Z,KXETH15M-26OCT050000-00,0.0110,2.00,no
2026-10-05T03:57:54.230891Z,KXETH15M-26OCT050000-00,0.0110,10.00,no
2026-10-05T03:57:54.230891Z,KXETH15M-26OCT050000-00,0.0110,1.00,no
2026-10-05T03:57:54.230891Z,KXETH15M-26OCT050000-00,0.0110,100.00,no
2026-10-05T03:57:54.230891Z,KXETH15M-26OCT050000-00,0.0110,10.38,no
2026-10-05T03:57:54.230891Z,KXETH15M-26OCT050000-00,0.0110,12.00,no
2026-10-05T03:57:54.231983Z,KXETH15M-26OCT050000-00,0.0110,20.00,no
2026-10-05T03:57:54.241743Z,KXETH15M-26OCT050000-00,0.0110,12.00,no
2026-10-05T03:57:54.254017Z,KXETH15M-26OCT050000-00,0.0100,10.00,no
2026-10-05T03:57:54.288664Z,KXETH15M-26OCT050000-00,0.0100,53.15,no
2026-10-05T03:57:54.288664Z,KXETH15M-26OCT050000-00,0.0100,2.00,no
2026-10-05T03:57:54.288664Z,KXETH15M-26OCT050000-00,0.0100,20.00,no
2026-10-05T03:57:54.288664Z,KXETH15M-26OCT050000-00,0.0100,25.00,no
2026-10-05T03:57:54.288664Z,KXETH15M-26OCT050000-00,0.0100,25.00,no
2026-10-05T03:57:54.288664Z,KXETH15M-26OCT050000-00,0.0100,100.00,no
2026-10-05T03:57:54.288664Z,KXETH15M-26OCT050000-00,0.0100,1.00,no
2026-10-05T03:57:54.288664Z,KXETH15M-26OCT050000-00,0.0100,100.00,no
2026-10-05T03:57:54.288664Z,KXETH15M-26OCT050000-00,0.0100,220.00,no
2026-10-05T03:57:54.288664Z,KXETH15M-26OCT050000-00,0.0100,3.00,no
2026-10-05T03:57:54.288664Z,KXETH15M-26OCT050000-00,0.0100,40.00,no
2026-10-05T03:57:54.288664Z,KXETH15M-26OCT050000-00,0.0100,8.52,no
2026-10-05T03:57:54.288664Z,KXETH15M-26OCT050000-00,0.0100,10.00,no
2026-10-05T03:57:54.288664Z,KXETH15M-26OCT050000-00,0.0100,2.23,no
2026-10-05T03:57:54.288664Z,KXETH15M-26OCT050000-00,0.0100,4.98,no
2026-10-05T03:57:54.288664Z,KXETH15M-26OCT050000-00,0.0100,1.17,no
2026-10-05T03:57:54.288664Z,KXETH15M-26OCT050000-00,0.0100,3.02,no
2026-10-05T03:57:54.288664Z,KXETH15M-26OCT050000-00,0.0100,6.00,no
2026-10-05T03:57:54.33095Z,KXETH15M-26OCT050000-00,0.0090,19.78,no
2026-10-05T03:57:54.50758Z,KXETH15M-26OCT050000-00,0.0090,65.00,no
2026-10-05T03:57:54.513797Z,KXETH15M-26OCT050000-00,0.0090,15.22,no
2026-10-05T03:57:54.571811Z,KXETH15M-26OCT050000-00,0.0080,9.00,no
2026-10-05T03:57:54.617415Z,KXETH15M-26OCT050000-00,0.0090,9.00,yes
2026-10-05T03:57:54.617415Z,KXETH15M-26OCT050000-00,0.0090,99.00,yes
2026-10-05T03:57:54.617415Z,KXETH15M-26OCT050000-00,0.0090,20.00,yes
2026-10-05T03:57:54.754316Z,KXETH15M-26OCT050000-00,0.0090,43.00,yes
2026-10-05T03:57:54.754316Z,KXETH15M-26OCT050000-00,0.0090,20.00,yes
2026-10-05T03:57:54.754316Z,KXETH15M-26OCT050000-00,0.0090,10.00,yes
2026-10-05T03:57:54.754316Z,KXETH15M-26OCT050000-00,0.0100,27.00,yes
2026-10-05T03:57:54.772972Z,KXETH15M-26OCT050000-00,0.0090,1.00,yes
2026-10-05T03:57:54.772972Z,KXETH15M-26OCT050000-00,0.0090,20.00,yes
2026-10-05T03:57:54.999952Z,KXETH15M-26OCT050000-00,0.0090,68.00,yes
2026-10-05T03:57:54.999952Z,KXETH15M-26OCT050000-00,0.0090,20.00,yes
2026-10-05T03:57:55.014004Z,KXETH15M-26OCT050000-00,0.0090,20.00,yes
2026-10-05T03:57:55.24129Z,KXETH15M-26OCT050000-00,0.0080,91.00,no
2026-10-05T03:57:55.24129Z,KXETH15M-26OCT050000-00,0.0080,12.00,no
2026-10-05T03:57:55.482749Z,KXETH15M-26OCT050000-00,0.0080,14.00,yes
2026-10-05T03:57:55.50555Z,KXETH15M-26OCT050000-00,0.0040,1.00,no
2026-10-05T03:57:55.50555Z,KXETH15M-26OCT050000-00,0.0040,1.00,no
2026-10-05T03:57:55.50555Z,KXETH15M-26OCT050000-00,0.0040,1.00,no
2026-10-05T03:57:55.50555Z,KXETH15M-26OCT050000-00,0.0040,1.00,no
2026-10-05T03:57:55.50555Z,KXETH15M-26OCT050000-00,0.0040,1.00,no
2026-10-05T03:57:55.50555Z,KXETH15M-26OCT050000-00,0.0050,11.00,no
2026-10-05T03:57:55.50555Z,KXETH15M-26OCT050000-00,0.0040,13.00,no
2026-10-05T03:57:55.50555Z,KXETH15M-26OCT050000-00,0.0060,100.00,no
2026-10-05T03:57:55.50555Z,KXETH15M-26OCT050000-00,0.0050,100.00,no
2026-10-05T03:57:55.50555Z,KXETH15M-26OCT050000-00,0.0040,100.00,no
2026-10-05T03:57:55.50555Z,KXETH15M-26OCT050000-00,0.0050,100.00,no
2026-10-05T03:57:55.50555Z,KXETH15M-26OCT050000-00,0.0040,563.00,no
2026-10-05T03:57:55.50555Z,KXETH15M-26OCT050000-00,0.0070,100.00,no
2026-10-05T03:57:55.50555Z,KXETH15M-26OCT050000-00,0.0060,20.00,no
2026-10-05T03:57:55.50555Z,KXETH15M-26OCT050000-00,0.0070,18.00,no
2026-10-05T03:57:55.50555Z,KXETH15M-26OCT050000-00,0.0070,3.00,no
2026-10-05T03:57:55.50555Z,KXETH15M-26OCT050000-00,0.0070,13.00,no
2026-10-05T03:57:55.50555Z,KXETH15M-26OCT050000-00,0.0050,5.00,no
2026-10-05T03:57:55.849189Z,KXETH15M-26OCT050000-00,0.0040,10.00,no
2026-10-05T03:57:55.849189Z,KXETH15M-26OCT050000-00,0.0040,20.00,no
2026-10-05T03:57:55.849189Z,KXETH15M-26OCT050000-00,0.0050,154.00,no
2026-10-05T03:57:55.849189Z,KXETH15M-26OCT050000-00,0.0040,303.00,no
2026-10-05T03:57:55.926053Z,KXETH15M-26OCT050000-00,0.0050,2.00,yes
2026-10-05T03:57:55.972008Z,KXETH15M-26OCT050000-00,0.0030,12.50,no
2026-10-05T03:57:56.089699Z,KXETH15M-26OCT050000-00,0.0030,8.00,no
2026-10-05T03:57:56.092151Z,KXETH15M-26OCT050000-00,0.0050,19.39,yes
2026-10-05T03:57:56.092151Z,KXETH15M-26OCT050000-00,0.0050,161.00,yes
2026-10-05T03:57:56.092151Z,KXETH15M-26OCT050000-00,0.0050,14.00,yes
2026-10-05T03:57:56.098926Z,KXETH15M-26OCT050000-00,0.0030,29.00,no
2026-10-05T03:57:56.143886Z,KXETH15M-26OCT050000-00,0.0030,18.00,no
2026-10-05T03:57:56.276552Z,KXETH15M-26OCT050000-00,0.0030,18.00,no
2026-10-05T03:57:56.276552Z,KXETH15M-26OCT050000-00,0.0030,100.00,no
2026-10-05T03:57:56.276552Z,KXETH15M-26OCT050000-00,0.0030,2.00,no
2026-10-05T03:57:56.276552Z,KXETH15M-26OCT050000-00,0.0030,48.66,no
2026-10-05T03:57:56.276552Z,KXETH15M-26OCT050000-00,0.0030,332.50,no
2026-10-05T03:57:56.420675Z,KXETH15M-26OCT050000-00,0.0040,38.50,yes
2026-10-05T03:57:56.431739Z,KXETH15M-26OCT050000-00,0.0040,30.71,yes
2026-10-05T03:57:57.020224Z,KXETH15M-26OCT050000-00,0.0030,7.04,no
2026-10-05T03:57:57.552776Z,KXETH15M-26OCT050000-00,0.0040,100.00,yes
2026-10-05T03:57:57.552776Z,KXETH15M-26OCT050000-00,0.0040,0.14,yes
2026-10-05T03:57:57.552776Z,KXETH15M-26OCT050000-00,0.0040,48.66,yes
2026-10-05T03:57:57.552776Z,KXETH15M-26OCT050000-00,0.0040,7.04,yes
2026-10-05T03:57:57.552776Z,KXETH15M-26OCT050000-00,0.0040,47.00,yes
2026-10-05T03:57:57.552776Z,KXETH15M-26OCT050000-00,0.0050,26.20,yes
2026-10-05T03:57:57.725158Z,KXETH15M-26OCT050000-00,0.0040,3.50,no
2026-10-05T03:57:57.97491Z,KXETH15M-26OCT050000-00,0.0050,1.43,yes
2026-10-05T03:57:58.076332Z,KXETH15M-26OCT050000-00,0.0040,5.75,no
2026-10-05T03:57:58.223491Z,KXETH15M-26OCT050000-00,0.0040,9.25,no
2026-10-05T03:57:58.223491Z,KXETH15M-26OCT050000-00,0.0040,10.00,no
2026-10-05T03:57:58.223491Z,KXETH15M-26OCT050000-00,0.0040,17.00,no
2026-10-05T03:57:58.223491Z,KXETH15M-26OCT050000-00,0.0040,13.75,no
2026-10-05T03:57:58.69708Z,KXETH15M-26OCT050000-00,0.0040,2.00,no
2026-10-05T03:57:58.69708Z,KXETH15M-26OCT050000-00,0.0040,13.00,no
2026-10-05T03:57:58.836703Z,KXETH15M-26OCT050000-00,0.0030,20.00,no
2026-10-05T03:57:58.862553Z,KXETH15M-26OCT050000-00,0.0030,10.00,no
2026-10-05T03:57:58.995891Z,KXETH15M-26OCT050000-00,0.0040,20.00,yes
2026-10-05T03:57:58.995891Z,KXETH15M-26OCT050000-00,0.0040,39.00,yes
2026-10-05T03:57:58.995891Z,KXETH15M-26OCT050000-00,0.0040,75.00,yes
2026-10-05T03:57:59.275035Z,KXETH15M-26OCT050000-00,0.0030,134.00,no
2026-10-05T03:57:59.298834Z,KXETH15M-26OCT050000-00,0.0030,2.00,no
2026-10-05T03:57:59.298834Z,KXETH15M-26OCT050000-00,0.0030,2.00,no
2026-10-05T03:57:59.298834Z,KXETH15M-26OCT050000-00,0.0030,30.30,no
2026-10-05T03:57:59.298834Z,KXETH15M-26OCT050000-00,0.0030,2.00,no
2026-10-05T03:57:59.298834Z,KXETH15M-26OCT050000-00,0.0030,2.00,no
2026-10-05T03:57:59.298834Z,KXETH15M-26OCT050000-00,0.0030,12.70,no
2026-10-05T03:57:59.416387Z,KXETH15M-26OCT050000-00,0.0020,58.60,no
2026-10-05T03:57:59.416387Z,KXETH15M-26OCT050000-00,0.0030,51.00,no
2026-10-05T03:57:59.416387Z,KXETH15M-26OCT050000-00,0.0030,45.00,no
2026-10-05T03:57:59.699358Z,KXETH15M-26OCT050000-00,0.0040,161.91,yes
2026-10-05T03:57:59.699358Z,KXETH15M-26OCT050000-00,0.0040,10.00,yes
2026-10-05T03:57:59.921445Z,KXETH15M-26OCT050000-00,0.0040,24.00,yes
2026-10-05T03:57:59.932586Z,KXETH15M-26OCT050000-00,0.0040,5.00,yes
2026-10-05T03:57:59.967251Z,KXETH15M-26OCT050000-00,0.0040,13.00,yes
2026-10-05T03:58:00.015442Z,KXETH15M-26OCT050000-00,0.0030,67.00,no
2026-10-05T03:58:00.015442Z,KXETH15M-26OCT050000-00,0.0030,8.00,no
2026-10-05T03:58:00.015442Z,KXETH15M-26OCT050000-00,0.0030,1.00,no
2026-10-05T03:58:00.015442Z,KXETH15M-26OCT050000-00,0.0030,20.00,no
2026-10-05T03:58:00.046912Z,KXETH15M-26OCT050000-00,0.0030,10.00,no
2026-10-05T03:58:00.065488Z,KXETH15M-26OCT050000-00,0.0030,21.00,no
2026-10-05T03:58:00.132711Z,KXETH15M-26OCT050000-00,0.0040,5.00,yes
2026-10-05T03:58:00.144898Z,KXETH15M-26OCT050000-00,0.0030,9.00,no
2026-10-05T03:58:00.144898Z,KXETH15M-26OCT050000-00,0.0030,22.00,no
2026-10-05T03:58:00.146475Z,KXETH15M-26OCT050000-00,0.0040,56.10,yes
2026-10-05T03:58:00.200762Z,KXETH15M-26OCT050000-00,0.0030,17.00,no
2026-10-05T03:58:00.67703Z,KXETH15M-26OCT050000-00,0.0040,22.00,yes
2026-10-05T03:58:00.681294Z,KXETH15M-26OCT050000-00,0.0040,15.00,yes
2026-10-05T03:58:00.77746Z,KXETH15M-26OCT050000-00,0.0040,157.93,yes
2026-10-05T03:58:00.77746Z,KXETH15M-26OCT050000-00,0.0040,0.23,yes
2026-10-05T03:58:00.77746Z,KXETH15M-26OCT050000-00,0.0040,97.00,yes
2026-10-05T03:58:00.77746Z,KXETH15M-26OCT050000-00,0.0040,30.30,yes
2026-10-05T03:58:01.150638Z,KXETH15M-26OCT050000-00,0.0030,8.00,no
2026-10-05T03:58:01.150638Z,KXETH15M-26OCT050000-00,0.0030,15.00,no
2026-10-05T03:58:01.150638Z,KXETH15M-26OCT050000-00,0.0030,66.00,no
2026-10-05T03:58:01.150638Z,KXETH15M-26OCT050000-00,0.0030,17.00,no
2026-10-05T03:58:01.150638Z,KXETH15M-26OCT050000-00,0.0030,20.00,no
2026-10-05T03:58:01.150638Z,KXETH15M-26OCT050000-00,0.0030,14.00,no
2026-10-05T03:58:01.222814Z,KXETH15M-26OCT050000-00,0.0040,9.07,yes
2026-10-05T03:58:01.22559Z,KXETH15M-26OCT050000-00,0.0030,1.00,no
2026-10-05T03:58:01.22559Z,KXETH15M-26OCT050000-00,0.0030,14.00,no
2026-10-05T03:58:01.247994Z,KXETH15M-26OCT050000-00,0.0040,89.00,no
2026-10-05T03:58:01.26436Z,KXETH15M-26OCT050000-00,0.0040,17.00,no
2026-10-05T03:58:01.456493Z,KXETH15M-26OCT050000-00,0.0030,1.00,no
2026-10-05T03:58:01.573248Z,KXETH15M-26OCT050000-00,0.0040,130.00,no
2026-10-05T03:58:01.573248Z,KXETH15M-26OCT050000-00,0.0040,70.00,no
2026-10-05T03:58:01.698766Z,KXETH15M-26OCT050000-00,0.0050,10.00,yes
2026-10-05T03:58:01.757818Z,KXETH15M-26OCT050000-00,0.0030,1.00,no
2026-10-05T03:58:02.178394Z,KXETH15M-26OCT050000-00,0.0030,5.00,no
2026-10-05T03:58:02.39611Z,KXETH15M-26OCT050000-00,0.0050,20.00,yes
2026-10-05T03:58:02.39611Z,KXETH15M-26OCT050000-00,0.0050,5.00,yes
2026-10-05T03:58:02.39611Z,KXETH15M-26OCT050000-00,0.0060,37.00,yes
2026-10-05T03:58:02.39611Z,KXETH15M-26OCT050000-00,0.0070,24.00,yes
2026-10-05T03:58:02.39611Z,KXETH15M-26OCT050000-00,0.0070,41.00,yes
2026-10-05T03:58:02.39611Z,KXETH15M-26OCT050000-00,0.0050,56.00,yes
2026-10-05T03:58:02.39611Z,KXETH15M-26OCT050000-00,0.0060,68.00,yes
2026-10-05T03:58:02.39611Z,KXETH15M-26OCT050000-00,0.0050,175.00,yes
2026-10-05T03:58:02.39611Z,KXETH15M-26OCT050000-00,0.0050,0.14,yes
2026-10-05T03:58:02.39611Z,KXETH15M-26OCT050000-00,0.0050,12.00,yes
2026-10-05T03:58:02.39611Z,KXETH15M-26OCT050000-00,0.0050,32.00,yes
2026-10-05T03:58:02.39611Z,KXETH15M-26OCT050000-00,0.0070,0.17,yes
2026-10-05T03:58:02.39611Z,KXETH15M-26OCT050000-00,0.0050,25.00,yes
2026-10-05T03:58:02.39611Z,KXETH15M-26OCT050000-00,0.0080,35.32,yes
2026-10-05T03:58:02.39611Z,KXETH15M-26OCT050000-00,0.0050,42.98,yes
2026-10-05T03:58:02.39611Z,KXETH15M-26OCT050000-00,0.0070,100.00,yes
2026-10-05T03:58:02.39611Z,KXETH15M-26OCT050000-00,0.0060,0.14,yes
2026-10-05T03:58:02.39611Z,KXETH15M-26OCT050000-00,0.0060,100.00,yes
2026-10-05T03:58:02.545679Z,KXETH15M-26OCT050000-00,0.0030,20.00,no
2026-10-05T03:58:02.545679Z,KXETH15M-26OCT050000-00,0.0030,13.09,no
2026-10-05T03:58:02.709823Z,KXETH15M-26OCT050000-00,0.0040,20.00,no
2026-10-05T03:58:02.714387Z,KXETH15M-26OCT050000-00,0.0040,6.00,no
2026-10-05T03:58:02.740966Z,KXETH15M-26OCT050000-00,0.0040,22.00,no
2026-10-05T03:58:02.743871Z,KXETH15M-26OCT050000-00,0.0040,12.00,no
2026-10-05T03:58:02.782985Z,KXETH15M-26OCT050000-00,0.0040,5.00,no
2026-10-05T03:58:02.788035Z,KXETH15M-26OCT050000-00,0.0040,10.00,no
2026-10-05T03:58:02.790636Z,KXETH15M-26OCT050000-00,0.0040,5.00,no
2026-10-05T03:58:02.810717Z,KXETH15M-26OCT050000-00,0.0040,5.00,no
2026-10-05T03:58:02.812852Z,KXETH15M-26OCT050000-00,0.0040,2.00,no
2026-10-05T03:58:02.814114Z,KXETH15M-26OCT050000-00,0.0040,12.00,no
2026-10-05T03:58:02.816604Z,KXETH15M-26OCT050000-00,0.0040,10.00,no
2026-10-05T03:58:02.835449Z,KXETH15M-26OCT050000-00,0.0030,20.00,no
2026-10-05T03:58:02.835449Z,KXETH15M-26OCT050000-00,0.0030,58.00,no
2026-10-05T03:58:02.835449Z,KXETH15M-26OCT050000-00,0.0040,41.00,no
2026-10-05T03:58:02.835449Z,KXETH15M-26OCT050000-00,0.0030,13.09,no
2026-10-05T03:58:02.835449Z,KXETH15M-26OCT050000-00,0.0030,65.00,no
2026-10-05T03:58:02.835449Z,KXETH15M-26OCT050000-00,0.0030,3.91,no
2026-10-05T03:58:03.047788Z,KXETH15M-26OCT050000-00,0.0060,7.79,yes
2026-10-05T03:58:03.047788Z,KXETH15M-26OCT050000-00,0.0050,11.00,yes
2026-10-05T03:58:03.259889Z,KXETH15M-26OCT050000-00,0.0030,4.00,no
2026-10-05T03:58:03.268737Z,KXETH15M-26OCT050000-00,0.0050,10.00,yes
2026-10-05T03:58:03.268737Z,KXETH15M-26OCT050000-00,0.0060,20.00,yes
2026-10-05T03:58:03.268737Z,KXETH15M-26OCT050000-00,0.0070,109.19,yes
2026-10-05T03:58:03.273841Z,KXETH15M-26OCT050000-00,0.0040,20.00,no
2026-10-05T03:58:03.289658Z,KXETH15M-26OCT050000-00,0.0040,8.00,no
2026-10-05T03:58:03.289658Z,KXETH15M-26OCT050000-00,0.0040,4.00,no
2026-10-05T03:58:03.388862Z,KXETH15M-26OCT050000-00,0.0050,1.03,no
2026-10-05T03:58:03.840985Z,KXETH15M-26OCT050000-00,0.0040,5.01,no
2026-10-05T03:58:04.440247Z,KXETH15M-26OCT050000-00,0.0050,12.00,no
2026-10-05T03:58:04.440247Z,KXETH15M-26OCT050000-00,0.0050,34.00,no
2026-10-05T03:58:04.440247Z,KXETH15M-26OCT050000-00,0.0040,30.00,no
2026-10-05T03:58:04.440247Z,KXETH15M-26OCT050000-00,0.0040,64.99,no
2026-10-05T03:58:04.490443Z,KXETH15M-26OCT050000-00,0.0060,9.35,yes
2026-10-05T03:58:04.590943Z,KXETH15M-26OCT050000-00,0.0040,33.68,no
2026-10-05T03:58:05.026454Z,KXETH15M-26OCT050000-00,0.0050,6.03,yes
2026-10-05T03:58:05.108797Z,KXETH15M-26OCT050000-00,0.0050,5.00,yes
2026-10-05T03:58:05.108797Z,KXETH15M-26OCT050000-00,0.0050,0.21,yes
2026-10-05T03:58:05.108797Z,KXETH15M-26OCT050000-00,0.0050,3.97,yes
2026-10-05T03:58:05.502614Z,KXETH15M-26OCT050000-00,0.0040,121.00,no
2026-10-05T03:58:05.502614Z,KXETH15M-26OCT050000-00,0.0040,10.00,no
2026-10-05T03:58:05.519257Z,KXETH15M-26OCT050000-00,0.0030,12.00,no
2026-10-05T03:58:05.536825Z,KXETH15M-26OCT050000-00,0.0030,5.00,no
2026-10-05T03:58:05.563557Z,KXETH15M-26OCT050000-00,0.0050,68.00,yes
2026-10-05T03:58:05.563557Z,KXETH15M-26OCT050000-00,0.0060,2.87,yes
2026-10-05T03:58:05.563557Z,KXETH15M-26OCT050000-00,0.0060,0.21,yes
2026-10-05T03:58:05.563557Z,KXETH15M-26OCT050000-00,0.0060,57.65,yes
2026-10-05T03:58:05.563557Z,KXETH15M-26OCT050000-00,0.0060,19.00,yes
2026-10-05T03:58:05.634017Z,KXETH15M-26OCT050000-00,0.0060,4.13,yes
2026-10-05T03:58:05.634017Z,KXETH15M-26OCT050000-00,0.0060,2.98,yes
2026-10-05T03:58:05.728121Z,KXETH15M-26OCT050000-00,0.0030,27.79,no
2026-10-05T03:58:06.30478Z,KXETH15M-26OCT050000-00,0.0030,10.00,no
2026-10-05T03:58:06.311971Z,KXETH15M-26OCT050000-00,0.0030,10.00,no
2026-10-05T03:58:06.32169Z,KXETH15M-26OCT050000-00,0.0030,10.00,no
2026-10-05T03:58:07.486523Z,KXETH15M-26OCT050000-00,0.0060,15.00,yes
2026-10-05T03:58:07.486523Z,KXETH15M-26OCT050000-00,0.0060,28.00,yes
2026-10-05T03:58:07.486523Z,KXETH15M-26OCT050000-00,0.0060,8.02,yes
2026-10-05T03:58:07.486523Z,KXETH15M-26OCT050000-00,0.0070,0.23,yes
2026-10-05T03:58:07.486523Z,KXETH15M-26OCT050000-00,0.0060,20.00,yes
2026-10-05T03:58:07.486523Z,KXETH15M-26OCT050000-00,0.0070,76.81,yes
2026-10-05T03:58:07.486523Z,KXETH15M-26OCT050000-00,0.0050,80.00,yes
2026-10-05T03:58:07.486523Z,KXETH15M-26OCT050000-00,0.0060,0.26,yes
2026-10-05T03:58:07.486523Z,KXETH15M-26OCT050000-00,0.0050,0.21,yes
2026-10-05T03:58:07.486523Z,KXETH15M-26OCT050000-00,0.0040,2.00,yes
2026-10-05T03:58:07.486523Z,KXETH15M-26OCT050000-00,0.0040,0.21,yes
2026-10-05T03:58:07.486523Z,KXETH15M-26OCT050000-00,0.0040,15.00,yes
2026-10-05T03:58:07.486523Z,KXETH15M-26OCT050000-00,0.0050,15.00,yes
2026-10-05T03:58:07.486523Z,KXETH15M-26OCT050000-00,0.0080,12.08,yes
2026-10-05T03:58:07.872516Z,KXETH15M-26OCT050000-00,0.0030,32.26,no
2026-10-05T03:58:07.872516Z,KXETH15M-26OCT050000-00,0.0030,20.00,no
2026-10-05T03:58:07.872516Z,KXETH15M-26OCT050000-00,0.0030,17.00,no
2026-10-05T03:58:08.077368Z,KXETH15M-26OCT050000-00,0.0050,79.60,yes
2026-10-05T03:58:08.692602Z,KXETH15M-26OCT050000-00,0.0050,80.00,yes
2026-10-05T03:58:08.692602Z,KXETH15M-26OCT050000-00,0.0050,50.92,yes
2026-10-05T03:58:08.692602Z,KXETH15M-26OCT050000-00,0.0050,0.40,yes
2026-10-05T03:58:08.795732Z,KXETH15M-26OCT050000-00,0.0050,29.08,yes
2026-10-05T03:58:08.795732Z,KXETH15M-26OCT050000-00,0.0050,62.54,yes
2026-10-05T03:58:09.059351Z,KXETH15M-26OCT050000-00,0.0040,5.00,no
2026-10-05T03:58:09.069652Z,KXETH15M-26OCT050000-00,0.0040,8.42,no
2026-10-05T03:58:09.407626Z,KXETH15M-26OCT050000-00,0.0040,2.00,no
2026-10-05T03:58:09.46468Z,KXETH15M-26OCT050000-00,0.0040,5.00,no
2026-10-05T03:58:09.5209Z,KXETH15M-26OCT050000-00,0.0040,39.01,no
2026-10-05T03:58:10.263551Z,KXETH15M-26OCT050000-00,0.0050,1.00,yes
2026-10-05T03:58:10.263551Z,KXETH15M-26OCT050000-00,0.0050,80.00,yes
2026-10-05T03:58:10.263551Z,KXETH15M-26OCT050000-00,0.0060,0.21,yes
2026-10-05T03:58:10.263551Z,KXETH15M-26OCT050000-00,0.0050,0.21,yes
2026-10-05T03:58:10.263551Z,KXETH15M-26OCT050000-00,0.0070,41.85,yes
2026-10-05T03:58:10.263551Z,KXETH15M-26OCT050000-00,0.0050,17.46,yes
2026-10-05T03:58:10.523751Z,KXETH15M-26OCT050000-00,0.0050,9.00,no
2026-10-05T03:58:10.605318Z,KXETH15M-26OCT050000-00,0.0040,16.00,no
2026-10-05T03:58:10.889623Z,KXETH15M-26OCT050000-00,0.0040,5.00,no
2026-10-05T03:58:10.898731Z,KXETH15M-26OCT050000-00,0.0040,5.00,no
2026-10-05T03:58:10.9335Z,KXETH15M-26OCT050000-00,0.0040,5.00,no
2026-10-05T03:58:10.988048Z,KXETH15M-26OCT050000-00,0.0050,30.03,no
2026-10-05T03:58:11.251186Z,KXETH15M-26OCT050000-00,0.0040,17.00,no
2026-10-05T03:58:11.256657Z,KXETH15M-26OCT050000-00,0.0040,33.00,no
2026-10-05T03:58:11.48402Z,KXETH15M-26OCT050000-00,0.0050,1.00,yes
2026-10-05T03:58:11.48402Z,KXETH15M-26OCT050000-00,0.0050,1.00,yes
2026-10-05T03:58:11.48402Z,KXETH15M-26OCT050000-00,0.0060,41.00,yes
2026-10-05T03:58:11.48402Z,KXETH15M-26OCT050000-00,0.0050,20.00,yes
2026-10-05T03:58:11.48402Z,KXETH15M-26OCT050000-00,0.0060,0.21,yes
2026-10-05T03:58:11.48402Z,KXETH15M-26OCT050000-00,0.0060,7.00,yes
2026-10-05T03:58:11.48402Z,KXETH15M-26OCT050000-00,0.0070,69.30,yes
2026-10-05T03:58:11.5593Z,KXETH15M-26OCT050000-00,0.0060,1.00,yes
2026-10-05T03:58:11.5593Z,KXETH15M-26OCT050000-00,0.0060,111.00,yes
2026-10-05T03:58:11.5593Z,KXETH15M-26OCT050000-00,0.0080,22.00,yes
2026-10-05T03:58:11.5593Z,KXETH15M-26OCT050000-00,0.0080,41.00,yes
2026-10-05T03:58:11.5593Z,KXETH15M-26OCT050000-00,0.0070,33.85,yes
2026-10-05T03:58:11.5593Z,KXETH15M-26OCT050000-00,0.0070,0.21,yes
2026-10-05T03:58:11.5593Z,KXETH15M-26OCT050000-00,0.0090,218.05,yes
2026-10-05T03:58:11.5593Z,KXETH15M-26OCT050000-00,0.0080,0.14,yes
2026-10-05T03:58:11.5593Z,KXETH15M-26OCT050000-00,0.0090,4.00,yes
2026-10-05T03:58:11.5593Z,KXETH15M-26OCT050000-00,0.0090,1.00,yes
2026-10-05T03:58:11.5593Z,KXETH15M-26OCT050000-00,0.0090,0.12,yes
2026-10-05T03:58:11.5593Z,KXETH15M-26OCT050000-00,0.0090,91.00,yes
2026-10-05T03:58:11.5593Z,KXETH15M-26OCT050000-00,0.0080,52.60,yes
2026-10-05T03:58:11.590993Z,KXETH15M-26OCT050000-00,0.0050,86.00,no
2026-10-05T03:58:11.590993Z,KXETH15M-26OCT050000-00,0.0050,97.00,no
2026-10-05T03:58:11.590993Z,KXETH15M-26OCT050000-00,0.0040,17.00,no
2026-10-05T03:58:11.607499Z,KXETH15M-26OCT050000-00,0.0040,64.00,no
2026-10-05T03:58:11.621152Z,KXETH15M-26OCT050000-00,0.0040,10.00,no
2026-10-05T03:58:11.950404Z,KXETH15M-26OCT050000-00,0.0050,0.21,yes
2026-10-05T03:58:12.133229Z,KXETH15M-26OCT050000-00,0.0050,40.00,no
2026-10-05T03:58:12.133229Z,KXETH15M-26OCT050000-00,0.0050,12.00,no
2026-10-05T03:58:12.133229Z,KXETH15M-26OCT050000-00,0.0050,27.00,no
2026-10-05T03:58:12.470438Z,KXETH15M-26OCT050000-00,0.0020,28.90,no
2026-10-05T03:58:12.470438Z,KXETH15M-26OCT050000-00,0.0040,10.00,no
2026-10-05T03:58:12.470438Z,KXETH15M-26OCT050000-00,0.0050,30.00,no
2026-10-05T03:58:12.470438Z,KXETH15M-26OCT050000-00,0.0050,9.00,no
2026-10-05T03:58:12.470438Z,KXETH15M-26OCT050000-00,0.0030,26.00,no
2026-10-05T03:58:12.470438Z,KXETH15M-26OCT050000-00,0.0030,96.00,no
2026-10-05T03:58:12.470438Z,KXETH15M-26OCT050000-00,0.0030,35.00,no
2026-10-05T03:58:12.470438Z,KXETH15M-26OCT050000-00,0.0030,20.00,no
2026-10-05T03:58:12.481064Z,KXETH15M-26OCT050000-00,0.0050,9.00,no
2026-10-05T03:58:12.708349Z,KXETH15M-26OCT050000-00,0.0050,18.00,yes
2026-10-05T03:58:13.0731Z,KXETH15M-26OCT050000-00,0.0050,1.00,no
2026-10-05T03:58:13.079578Z,KXETH15M-26OCT050000-00,0.0050,8.00,no
2026-10-05T03:58:13.084984Z,KXETH15M-26OCT050000-00,0.0050,11.00,no
2026-10-05T03:58:13.084984Z,KXETH15M-26OCT050000-00,0.0050,7.00,no
2026-10-05T03:58:13.090147Z,KXETH15M-26OCT050000-00,0.0050,10.00,no
2026-10-05T03:58:13.092461Z,KXETH15M-26OCT050000-00,0.0060,0.23,yes
2026-10-05T03:58:13.092461Z,KXETH15M-26OCT050000-00,0.0060,20.00,yes
2026-10-05T03:58:13.113386Z,KXETH15M-26OCT050000-00,0.0050,2.00,no
2026-10-05T03:58:13.229358Z,KXETH15M-26OCT050000-00,0.0070,34.00,yes
2026-10-05T03:58:13.229358Z,KXETH15M-26OCT050000-00,0.0070,0.26,yes
2026-10-05T03:58:13.229358Z,KXETH15M-26OCT050000-00,0.0070,5.00,yes
2026-10-05T03:58:13.229358Z,KXETH15M-26OCT050000-00,0.0070,8.00,yes
2026-10-05T03:58:13.229358Z,KXETH15M-26OCT050000-00,0.0070,21.00,yes
2026-10-05T03:58:13.45818Z,KXETH15M-26OCT050000-00,0.0050,25.11,no
2026-10-05T03:58:13.660721Z,KXETH15M-26OCT050000-00,0.0070,110.00,yes
2026-10-05T03:58:13.660721Z,KXETH15M-26OCT050000-00,0.0080,20.00,yes
2026-10-05T03:58:13.660721Z,KXETH15M-26OCT050000-00,0.0060,34.00,yes
2026-10-05T03:58:13.660721Z,KXETH15M-26OCT050000-00,0.0070,76.00,yes
2026-10-05T03:58:13.660721Z,KXETH15M-26OCT050000-00,0.0070,8.00,yes
2026-10-05T03:58:13.660721Z,KXETH15M-26OCT050000-00,0.0080,0.28,yes
2026-10-05T03:58:13.660721Z,KXETH15M-26OCT050000-00,0.0080,48.00,yes
2026-10-05T03:58:13.660721Z,KXETH15M-26OCT050000-00,0.0090,136.40,yes
2026-10-05T03:58:13.816765Z,KXETH15M-26OCT050000-00,0.0060,8.14,no
2026-10-05T03:58:13.816765Z,KXETH15M-26OCT050000-00,0.0060,31.00,no
2026-10-05T03:58:13.83055Z,KXETH15M-26OCT050000-00,0.0060,4.86,no
2026-10-05T03:58:13.83055Z,KXETH15M-26OCT050000-00,0.0060,2.25,no
2026-10-05T03:58:13.918437Z,KXETH15M-26OCT050000-00,0.0060,20.00,no
2026-10-05T03:58:14.42083Z,KXETH15M-26OCT050000-00,0.0080,17.00,yes
2026-10-05T03:58:14.42083Z,KXETH15M-26OCT050000-00,0.0080,20.00,yes
2026-10-05T03:58:14.42083Z,KXETH15M-26OCT050000-00,0.0080,38.00,yes
2026-10-05T03:58:14.42083Z,KXETH15M-26OCT050000-00,0.0080,10.00,yes
2026-10-05T03:58:14.42083Z,KXETH15M-26OCT050000-00,0.0090,28.05,yes
2026-10-05T03:58:14.728152Z,KXETH15M-26OCT050000-00,0.0060,2.01,no
2026-10-05T03:58:14.886656Z,KXETH15M-26OCT050000-00,0.0060,4.00,no
2026-10-05T03:58:14.971907Z,KXETH15M-26OCT050000-00,0.0070,7.00,yes
2026-10-05T03:58:15.013402Z,KXETH15M-26OCT050000-00,0.0090,17.50,yes
2026-10-05T03:58:15.013402Z,KXETH15M-26OCT050000-00,0.0090,20.50,yes
2026-10-05T03:58:15.021068Z,KXETH15M-26OCT050000-00,0.0090,1.00,yes
2026-10-05T03:58:15.023966Z,KXETH15M-26OCT050000-00,0.0090,17.00,yes
2026-10-05T03:58:15.030382Z,KXETH15M-26OCT050000-00,0.0090,5.00,yes
2026-10-05T03:58:15.065066Z,KXETH15M-26OCT050000-00,0.0090,9.00,yes
2026-10-05T03:58:15.415333Z,KXETH15M-26OCT050000-00,0.0090,4.99,yes
2026-10-05T03:58:15.453557Z,KXETH15M-26OCT050000-00,0.0080,17.25,no
2026-10-05T03:58:15.453557Z,KXETH15M-26OCT050000-00,0.0080,19.00,no
2026-10-05T03:58:15.735527Z,KXETH15M-26OCT050000-00,0.0090,1.00,yes
2026-10-05T03:58:15.736168Z,KXETH15M-26OCT050000-00,0.0090,4.00,yes
2026-10-05T03:58:15.74624Z,KXETH15M-26OCT050000-00,0.0090,21.00,yes
2026-10-05T03:58:15.880648Z,KXETH15M-26OCT050000-00,0.0090,9.00,yes
2026-10-05T03:58:15.892536Z,KXETH15M-26OCT050000-00,0.0090,7.51,yes
2026-10-05T03:58:15.892536Z,KXETH15M-26OCT050000-00,0.0090,13.23,yes
2026-10-05T03:58:15.892536Z,KXETH15M-26OCT050000-00,0.0090,0.26,yes
2026-10-05T03:58:16.395089Z,KXETH15M-26OCT050000-00,0.0080,12.00,no
2026-10-05T03:58:16.396711Z,KXETH15M-26OCT050000-00,0.0080,18.00,no
2026-10-05T03:58:16.401642Z,KXETH15M-26OCT050000-00,0.0080,15.00,no
2026-10-05T03:58:16.756444Z,KXETH15M-26OCT050000-00,0.0100,19.78,yes
2026-10-05T03:58:16.756444Z,KXETH15M-26OCT050000-00,0.0100,4.00,yes
2026-10-05T03:58:16.756444Z,KXETH15M-26OCT050000-00,0.0100,42.61,yes
2026-10-05T03:58:16.756444Z,KXETH15M-26OCT050000-00,0.0090,20.00,yes
2026-10-05T03:58:16.756444Z,KXETH15M-26OCT050000-00,0.0090,9.00,yes
2026-10-05T03:58:16.801313Z,KXETH15M-26OCT050000-00,0.0080,9.00,yes
2026-10-05T03:58:17.21189Z,KXETH15M-26OCT050000-00,0.0070,20.13,no
2026-10-05T03:58:17.455328Z,KXETH15M-26OCT050000-00,0.0070,9.00,no
2026-10-05T03:58:17.473821Z,KXETH15M-26OCT050000-00,0.0070,8.00,no
2026-10-05T03:58:17.528184Z,KXETH15M-26OCT050000-00,0.0060,6.00,no
2026-10-05T03:58:17.717266Z,KXETH15M-26OCT050000-00,0.0090,1.89,yes
2026-10-05T03:58:17.717266Z,KXETH15M-26OCT050000-00,0.0090,0.21,yes
2026-10-05T03:58:18.113193Z,KXETH15M-26OCT050000-00,0.0080,1.03,yes
2026-10-05T03:58:18.113193Z,KXETH15M-26OCT050000-00,0.0080,2.00,yes
2026-10-05T03:58:18.146223Z,KXETH15M-26OCT050000-00,0.0060,5.00,no
2026-10-05T03:58:18.156309Z,KXETH15M-26OCT050000-00,0.0060,4.01,no
2026-10-05T03:58:18.156309Z,KXETH15M-26OCT050000-00,0.0060,0.99,no
2026-10-05T03:58:18.172941Z,KXETH15M-26OCT050000-00,0.0060,15.99,no
2026-10-05T03:58:18.172941Z,KXETH15M-26OCT050000-00,0.0060,5.00,no
2026-10-05T03:58:18.172941Z,KXETH15M-26OCT050000-00,0.0060,1.01,no
2026-10-05T03:58:18.669625Z,KXETH15M-26OCT050000-00,0.0110,2.50,yes
2026-10-05T03:58:18.669625Z,KXETH15M-26OCT050000-00,0.0100,4.00,yes
2026-10-05T03:58:18.669625Z,KXETH15M-26OCT050000-00,0.0100,0.14,yes
2026-10-05T03:58:18.669625Z,KXETH15M-26OCT050000-00,0.0100,15.22,yes
2026-10-05T03:58:18.669625Z,KXETH15M-26OCT050000-00,0.0100,22.39,yes
2026-10-05T03:58:18.669625Z,KXETH15M-26OCT050000-00,0.0100,24.00,yes
2026-10-05T03:58:18.669625Z,KXETH15M-26OCT050000-00,0.0100,1.00,yes
2026-10-05T03:58:18.669625Z,KXETH15M-26OCT050000-00,0.0100,1.00,yes
2026-10-05T03:58:18.669625Z,KXETH15M-26OCT050000-00,0.0100,65.00,yes
2026-10-05T03:58:18.669625Z,KXETH15M-26OCT050000-00,0.0100,1.00,yes
2026-10-05T03:58:18.669625Z,KXETH15M-26OCT050000-00,0.0070,6.00,yes
2026-10-05T03:58:18.669625Z,KXETH15M-26OCT050000-00,0.0100,10.00,yes
2026-10-05T03:58:18.669625Z,KXETH15M-26OCT050000-00,0.0090,7.11,yes
2026-10-05T03:58:18.669625Z,KXETH15M-26OCT050000-00,0.0090,20.00,yes
2026-10-05T03:58:18.669625Z,KXETH15M-26OCT050000-00,0.0070,1.00,yes
2026-10-05T03:58:18.669625Z,KXETH15M-26OCT050000-00,0.0100,9.00,yes
2026-10-05T03:58:18.842431Z,KXETH15M-26OCT050000-00,0.0110,25.69,yes
2026-10-05T03:58:18.842431Z,KXETH15M-26OCT050000-00,0.0090,20.00,yes
2026-10-05T03:58:18.842431Z,KXETH15M-26OCT050000-00,0.0100,9.00,yes
2026-10-05T03:58:18.842431Z,KXETH15M-26OCT050000-00,0.0080,10.00,yes
2026-10-05T03:58:18.842431Z,KXETH15M-26OCT050000-00,0.0100,10.00,yes
2026-10-05T03:58:20.021222Z,KXETH15M-26OCT050000-00,0.0100,0.71,yes
2026-10-05T03:58:20.021222Z,KXETH15M-26OCT050000-00,0.0100,17.00,yes
2026-10-05T03:58:20.021222Z,KXETH15M-26OCT050000-00,0.0100,20.00,yes
2026-10-05T03:58:20.021222Z,KXETH15M-26OCT050000-00,0.0080,2.00,yes
2026-10-05T03:58:20.021222Z,KXETH15M-26OCT050000-00,0.0070,6.00,yes
2026-10-05T03:58:20.021222Z,KXETH15M-26OCT050000-00,0.0070,8.00,yes
2026-10-05T03:58:20.021222Z,KXETH15M-26OCT050000-00,0.0090,1.00,yes
2026-10-05T03:58:20.353199Z,KXETH15M-26OCT050000-00,0.0050,12.00,no
2026-10-05T03:58:20.353199Z,KXETH15M-26OCT050000-00,0.0050,2.00,no
2026-10-05T03:58:20.981919Z,KXETH15M-26OCT050000-00,0.0070,0.21,yes
2026-10-05T03:58:20.981919Z,KXETH15M-26OCT050000-00,0.0070,25.63,yes
2026-10-05T03:58:22.155069Z,KXETH15M-26OCT050000-00,0.0040,2.00,no
2026-10-05T03:58:22.208036Z,KXETH15M-26OCT050000-00,0.0080,0.23,yes
2026-10-05T03:58:22.208036Z,KXETH15M-26OCT050000-00,0.0080,9.00,yes
2026-10-05T03:58:22.208036Z,KXETH15M-26OCT050000-00,0.0070,34.00,yes
2026-10-05T03:58:22.208036Z,KXETH15M-26OCT050000-00,0.0070,0.21,yes
2026-10-05T03:58:22.406271Z,KXETH15M-26OCT050000-00,0.0040,10.00,no
2026-10-05T03:58:22.406271Z,KXETH15M-26OCT050000-00,0.0040,18.00,no
2026-10-05T03:58:22.593312Z,KXETH15M-26OCT050000-00,0.0030,34.15,no
2026-10-05T03:58:23.164113Z,KXETH15M-26OCT050000-00,0.0030,17.00,no
2026-10-05T03:58:23.164113Z,KXETH15M-26OCT050000-00,0.0030,20.00,no
2026-10-05T03:58:23.164113Z,KXETH15M-26OCT050000-00,0.0030,215.85,no
2026-10-05T03:58:23.5832Z,KXETH15M-26OCT050000-00,0.0030,53.03,yes
2026-10-05T03:58:23.868104Z,KXETH15M-26OCT050000-00,0.0030,115.51,yes
2026-10-05T03:58:24.108227Z,KXETH15M-26OCT050000-00,0.0030,155.79,yes
2026-10-05T03:58:24.35288Z,KXETH15M-26OCT050000-00,0.0020,1.00,no
2026-10-05T03:58:24.555554Z,KXETH15M-26OCT050000-00,0.0030,1000.00,yes
2026-10-05T03:58:24.626179Z,KXETH15M-26OCT050000-00,0.0030,155.79,yes
2026-10-05T03:58:24.747112Z,KXETH15M-26OCT050000-00,0.0030,172.27,yes
2026-10-05T03:58:24.887812Z,KXETH15M-26OCT050000-00,0.0020,756.40,no
2026-10-05T03:58:24.893632Z,KXETH15M-26OCT050000-00,0.0030,305.35,yes
2026-10-05T03:58:24.988637Z,KXETH15M-26OCT050000-00,0.0030,15.70,yes
2026-10-05T03:58:25.10215Z,KXETH15M-26OCT050000-00,0.0030,139.73,yes
2026-10-05T03:58:25.718836Z,KXETH15M-26OCT050000-00,0.0030,10.00,yes
2026-10-05T03:58:25.721174Z,KXETH15M-26OCT050000-00,0.0030,11.00,yes
2026-10-05T03:58:25.727862Z,KXETH15M-26OCT050000-00,0.0030,10.00,yes
2026-10-05T03:58:25.731253Z,KXETH15M-26OCT050000-00,0.0030,21.00,yes
2026-10-05T03:58:25.736209Z,KXETH15M-26OCT050000-00,0.0030,21.00,yes
2026-10-05T03:58:25.903068Z,KXETH15M-26OCT050000-00,0.0030,10.00,yes
2026-10-05T03:58:25.95132Z,KXETH15M-26OCT050000-00,0.0030,21.00,yes
2026-10-05T03:58:26.054893Z,KXETH15M-26OCT050000-00,0.0030,274.19,yes
2026-10-05T03:58:26.280201Z,KXETH15M-26OCT050000-00,0.0030,610.72,yes
2026-10-05T03:58:26.646091Z,KXETH15M-26OCT050000-00,0.0030,155.79,yes
2026-10-05T03:58:27.364174Z,KXETH15M-26OCT050000-00,0.0020,18.91,no
2026-10-05T03:58:27.464029Z,KXETH15M-26OCT050000-00,0.0020,30.05,no
2026-10-05T03:58:28.065357Z,KXETH15M-26OCT050000-00,0.0030,24.98,yes
2026-10-05T03:58:29.149293Z,KXETH15M-26OCT050000-00,0.0030,610.72,yes
2026-10-05T03:58:29.914207Z,KXETH15M-26OCT050000-00,0.0020,7.00,no
2026-10-05T03:58:29.959527Z,KXETH15M-26OCT050000-00,0.0020,2.00,no
2026-10-05T03:58:29.969805Z,KXETH15M-26OCT050000-00,0.0020,2.00,no
2026-10-05T03:58:29.976246Z,KXETH15M-26OCT050000-00,0.0020,7.00,no
2026-10-05T03:58:30.001496Z,KXETH15M-26OCT050000-00,0.0020,12.00,no
2026-10-05T03:58:30.029652Z,KXETH15M-26OCT050000-00,0.0020,2.00,no
2026-10-05T03:58:30.504279Z,KXETH15M-26OCT050000-00,0.0020,17.00,no
2026-10-05T03:58:30.506808Z,KXETH15M-26OCT050000-00,0.0020,10.00,no
2026-10-05T03:58:30.511285Z,KXETH15M-26OCT050000-00,0.0020,9.00,no
2026-10-05T03:58:30.643777Z,KXETH15M-26OCT050000-00,0.0020,7.00,no
2026-10-05T03:58:30.930399Z,KXETH15M-26OCT050000-00,0.0020,22.00,no
2026-10-05T03:58:30.937637Z,KXETH15M-26OCT050000-00,0.0020,2.00,no
2026-10-05T03:58:31.283047Z,KXETH15M-26OCT050000-00,0.0030,10.05,yes
2026-10-05T03:58:31.48532Z,KXETH15M-26OCT050000-00,0.0020,2.00,no
2026-10-05T03:58:31.629737Z,KXETH15M-26OCT050000-00,0.0020,12.00,no
2026-10-05T03:58:31.64573Z,KXETH15M-26OCT050000-00,0.0020,2.00,no
2026-10-05T03:58:31.744246Z,KXETH15M-26OCT050000-00,0.0020,14.00,no
2026-10-05T03:58:32.24329Z,KXETH15M-26OCT050000-00,0.0020,7.00,no
2026-10-05T03:58:32.626751Z,KXETH15M-26OCT050000-00,0.0020,2.50,no
2026-10-05T03:58:32.777223Z,KXETH15M-26OCT050000-00,0.0030,620.91,yes
2026-10-05T03:58:33.483362Z,KXETH15M-26OCT050000-00,0.0020,240.44,no
2026-10-05T03:58:34.071468Z,KXETH15M-26OCT050000-00,0.0020,7.00,no
2026-10-05T03:58:34.479049Z,KXETH15M-26OCT050000-00,0.0020,4.00,no
2026-10-05T03:58:34.488511Z,KXETH15M-26OCT050000-00,0.0020,2.00,no
2026-10-05T03:58:34.614112Z,KXETH15M-26OCT050000-00,0.0020,7.00,no
2026-10-05T03:58:34.622172Z,KXETH15M-26OCT050000-00,0.0020,2.00,no
2026-10-05T03:58:34.668463Z,KXETH15M-26OCT050000-00,0.0020,7.00,no
2026-10-05T03:58:34.674827Z,KXETH15M-26OCT050000-00,0.0020,2.00,no
2026-10-05T03:58:34.939211Z,KXETH15M-26OCT050000-00,0.0020,7.00,no
2026-10-05T03:58:35.123642Z,KXETH15M-26OCT050000-00,0.0020,17.00,no
2026-10-05T03:58:35.42452Z,KXETH15M-26OCT050000-00,0.0020,45.00,no
2026-10-05T03:58:35.655383Z,KXETH15M-26OCT050000-00,0.0020,7.00,no
2026-10-05T03:58:35.944929Z,KXETH15M-26OCT050000-00,0.0020,4.00,no
2026-10-05T03:58:36.231521Z,KXETH15M-26OCT050000-00,0.0020,32.00,no
2026-10-05T03:58:36.234403Z,KXETH15M-26OCT050000-00,0.0030,155.79,yes
2026-10-05T03:58:36.405774Z,KXETH15M-26OCT050000-00,0.0020,400.00,no
2026-10-05T03:58:36.4069Z,KXETH15M-26OCT050000-00,0.0020,7.00,no
2026-10-05T03:58:36.478742Z,KXETH15M-26OCT050000-00,0.0020,12.00,no
2026-10-05T03:58:36.708357Z,KXETH15M-26OCT050000-00,0.0020,62.00,no
2026-10-05T03:58:36.877615Z,KXETH15M-26OCT050000-00,0.0020,22.00,no
2026-10-05T03:58:37.017362Z,KXETH15M-26OCT050000-00,0.0020,200.00,no
2026-10-05T03:58:37.030393Z,KXETH15M-26OCT050000-00,0.0020,200.00,no
2026-10-05T03:58:37.047759Z,KXETH15M-26OCT050000-00,0.0020,200.00,no
2026-10-05T03:58:37.111999Z,KXETH15M-26OCT050000-00,0.0030,20.20,yes
2026-10-05T03:58:37.138493Z,KXETH15M-26OCT050000-00,0.0020,200.00,no
2026-10-05T03:58:37.202637Z,KXETH15M-26OCT050000-00,0.0020,200.00,no
2026-10-05T03:58:37.267758Z,KXETH15M-26OCT050000-00,0.0020,9.80,no
2026-10-05T03:58:37.267758Z,KXETH15M-26OCT050000-00,0.0020,81.20,no
2026-10-05T03:58:37.283154Z,KXETH15M-26OCT050000-00,0.0020,200.00,no
2026-10-05T03:58:37.352086Z,KXETH15M-26OCT050000-00,0.0020,200.00,no
2026-10-05T03:58:37.374483Z,KXETH15M-26OCT050000-00,0.0020,4.00,no
2026-10-05T03:58:37.38187Z,KXETH15M-26OCT050000-00,0.0020,2.00,no
2026-10-05T03:58:37.390431Z,KXETH15M-26OCT050000-00,0.0020,4.00,no
2026-10-05T03:58:37.396907Z,KXETH15M-26OCT050000-00,0.0020,2.00,no
2026-10-05T03:58:37.441363Z,KXETH15M-26OCT050000-00,0.0020,7.00,no
2026-10-05T03:58:37.456804Z,KXETH15M-26OCT050000-00,0.0020,28.80,no
2026-10-05T03:58:37.456804Z,KXETH15M-26OCT050000-00,0.0020,100.00,no
2026-10-05T03:58:37.456804Z,KXETH15M-26OCT050000-00,0.0020,71.20,no
2026-10-05T03:58:37.548614Z,KXETH15M-26OCT050000-00,0.0020,24.00,no
2026-10-05T03:58:37.558655Z,KXETH15M-26OCT050000-00,0.0020,27.00,no
2026-10-05T03:58:37.560632Z,KXETH15M-26OCT050000-00,0.0020,26.00,no
2026-10-05T03:58:37.560632Z,KXETH15M-26OCT050000-00,0.0020,20.20,no
2026-10-05T03:58:37.560632Z,KXETH15M-26OCT050000-00,0.0020,3.00,no
2026-10-05T03:58:37.560632Z,KXETH15M-26OCT050000-00,0.0020,150.80,no
2026-10-05T03:58:37.568123Z,KXETH15M-26OCT050000-00,0.0020,2.00,no
2026-10-05T03:58:37.580063Z,KXETH15M-26OCT050000-00,0.0020,2.00,no
2026-10-05T03:58:37.587109Z,KXETH15M-26OCT050000-00,0.0020,2.00,no
2026-10-05T03:58:37.595714Z,KXETH15M-26OCT050000-00,0.0020,2.00,no
2026-10-05T03:58:37.602511Z,KXETH15M-26OCT050000-00,0.0020,200.00,no
2026-10-05T03:58:37.6029Z,KXETH15M-26OCT050000-00,0.0020,2.00,no
2026-10-05T03:58:37.612643Z,KXETH15M-26OCT050000-00,0.0020,2.00,no
2026-10-05T03:58:37.723847Z,KXETH15M-26OCT050000-00,0.0020,5.00,no
2026-10-05T03:58:37.85144Z,KXETH15M-26OCT050000-00,0.0020,2.00,no
2026-10-05T03:58:37.859624Z,KXETH15M-26OCT050000-00,0.0020,5.00,no
2026-10-05T03:58:38.279584Z,KXETH15M-26OCT050000-00,0.0030,305.35,yes
2026-10-05T03:58:38.392225Z,KXETH15M-26OCT050000-00,0.0020,78.68,no
2026-10-05T03:58:38.531093Z,KXETH15M-26OCT050000-00,0.0030,3.78,yes
2026-10-05T03:58:38.704952Z,KXETH15M-26OCT050000-00,0.0020,3.00,no
2026-10-05T03:58:38.704952Z,KXETH15M-26OCT050000-00,0.0020,46.52,no
2026-10-05T03:58:38.704952Z,KXETH15M-26OCT050000-00,0.0020,3.00,no
2026-10-05T03:58:38.704952Z,KXETH15M-26OCT050000-00,0.0020,3.00,no
2026-10-05T03:58:38.704952Z,KXETH15M-26OCT050000-00,0.0020,3.00,no
2026-10-05T03:58:38.704952Z,KXETH15M-26OCT050000-00,0.0020,5.00,no
2026-10-05T03:58:38.704952Z,KXETH15M-26OCT050000-00,0.0020,4.00,no
2026-10-05T03:58:38.704952Z,KXETH15M-26OCT050000-00,0.0020,54.00,no
2026-10-05T03:58:38.704952Z,KXETH15M-26OCT050000-00,0.0020,7.00,no
2026-10-05T03:58:38.704952Z,KXETH15M-26OCT050000-00,0.0020,14.59,no
2026-10-05T03:58:38.842571Z,KXETH15M-26OCT050000-00,0.0010,36.25,no
2026-10-05T03:58:39.637127Z,KXETH15M-26OCT050000-00,0.0020,35.53,yes
2026-10-05T03:58:39.637127Z,KXETH15M-26OCT050000-00,0.0020,86.00,yes
2026-10-05T03:58:39.784104Z,KXETH15M-26OCT050000-00,0.0010,25.00,no
2026-10-05T03:58:40.877023Z,KXETH15M-26OCT050000-00,0.0020,0.72,yes
2026-10-05T03:58:40.877023Z,KXETH15M-26OCT050000-00,0.0020,0.23,yes
2026-10-05T03:58:40.877023Z,KXETH15M-26OCT050000-00,0.0020,194.61,yes
2026-10-05T03:58:41.30123Z,KXETH15M-26OCT050000-00,0.0020,10.00,yes
2026-10-05T03:58:41.303327Z,KXETH15M-26OCT050000-00,0.0010,2902.69,no
2026-10-05T03:58:42.02799Z,KXETH15M-26OCT050000-00,0.0010,1000.00,no
2026-10-05T03:58:42.125385Z,KXETH15M-26OCT050000-00,0.0020,154.00,yes
2026-10-05T03:58:42.99181Z,KXETH15M-26OCT050000-00,0.0020,0.23,yes
2026-10-05T03:58:42.99181Z,KXETH15M-26OCT050000-00,0.0020,145.39,yes
2026-10-05T03:58:42.99181Z,KXETH15M-26OCT050000-00,0.0020,21.00,yes
2026-10-05T03:58:42.99181Z,KXETH15M-26OCT050000-00,0.0020,25.00,yes
2026-10-05T03:58:42.99181Z,KXETH15M-26OCT050000-00,0.0020,222.39,yes
2026-10-05T03:58:42.99181Z,KXETH15M-26OCT050000-00,0.0020,44.00,yes
2026-10-05T03:58:43.983799Z,KXETH15M-26OCT050000-00,0.0020,7.11,yes
2026-10-05T03:58:44.45533Z,KXETH15M-26OCT050000-00,0.0020,916.02,yes
2026-10-05T03:58:44.513587Z,KXETH15M-26OCT050000-00,0.0010,53.00,no
2026-10-05T03:58:45.518173Z,KXETH15M-26OCT050000-00,0.0020,510.66,yes
2026-10-05T03:58:46.861703Z,KXETH15M-26OCT050000-00,0.0020,890.54,yes
2026-10-05T03:58:46.861703Z,KXETH15M-26OCT050000-00,0.0020,76.00,yes
2026-10-05T03:58:46.861703Z,KXETH15M-26OCT050000-00,0.0020,1323.51,yes
2026-10-05T03:58:47.54194Z,KXETH15M-26OCT050000-00,0.0020,0.12,yes
2026-10-05T03:58:47.675976Z,KXETH15M-26OCT050000-00,0.0010,1112.03,no
2026-10-05T03:58:48.301286Z,KXETH15M-26OCT050000-00,0.0010,73.25,no
2026-10-05T03:58:48.717804Z,KXETH15M-26OCT050000-00,0.0020,5.23,yes
2026-10-05T03:58:49.182109Z,KXETH15M-26OCT050000-00,0.0010,1.00,no
2026-10-05T03:58:50.017708Z,KXETH15M-26OCT050000-00,0.0010,200.00,no
2026-10-05T03:58:50.037977Z,KXETH15M-26OCT050000-00,0.0010,200.00,no
2026-10-05T03:58:50.051849Z,KXETH15M-26OCT050000-00,0.0010,200.00,no
2026-10-05T03:58:50.102193Z,KXETH15M-26OCT050000-00,0.0010,200.00,no
2026-10-05T03:58:50.153654Z,KXETH15M-26OCT050000-00,0.0020,4.09,yes
2026-10-05T03:58:50.188126Z,KXETH15M-26OCT050000-00,0.0010,200.00,no
2026-10-05T03:58:50.337451Z,KXETH15M-26OCT050000-00,0.0010,20.10,no
2026-10-05T03:58:50.437258Z,KXETH15M-26OCT050000-00,0.0010,200.00,no
2026-10-05T03:58:50.520212Z,KXETH15M-26OCT050000-00,0.0010,200.00,no
2026-10-05T03:58:50.586836Z,KXETH15M-26OCT050000-00,0.0020,144.00,yes
2026-10-05T03:58:50.586836Z,KXETH15M-26OCT050000-00,0.0020,100.02,yes
2026-10-05T03:58:50.586836Z,KXETH15M-26OCT050000-00,0.0020,0.23,yes
2026-10-05T03:58:50.586836Z,KXETH15M-26OCT050000-00,0.0020,34.15,yes
2026-10-05T03:58:50.586836Z,KXETH15M-26OCT050000-00,0.0020,83.00,yes
2026-10-05T03:58:50.603481Z,KXETH15M-26OCT050000-00,0.0010,200.00,no
2026-10-05T03:58:50.687238Z,KXETH15M-26OCT050000-00,0.0010,200.00,no
2026-10-05T03:58:50.966224Z,KXETH15M-26OCT050000-00,0.0010,200.00,no
2026-10-05T03:58:50.986886Z,KXETH15M-26OCT050000-00,0.0020,1.00,yes
2026-10-05T03:58:51.145677Z,KXETH15M-26OCT050000-00,0.0010,9.13,no
2026-10-05T03:58:51.291575Z,KXETH15M-26OCT050000-00,0.0010,172.00,no
2026-10-05T03:58:51.749818Z,KXETH15M-26OCT050000-00,0.0020,10.14,yes
2026-10-05T03:58:52.046257Z,KXETH15M-26OCT050000-00,0.0020,11.65,yes
2026-10-05T03:58:52.251831Z,KXETH15M-26OCT050000-00,0.0020,110.06,yes
2026-10-05T03:58:52.251831Z,KXETH15M-26OCT050000-00,0.0020,142.00,yes
2026-10-05T03:58:52.251831Z,KXETH15M-26OCT050000-00,0.0020,53.00,yes
2026-10-05T03:58:52.251831Z,KXETH15M-26OCT050000-00,0.0020,2121.72,yes
2026-10-05T03:58:52.251831Z,KXETH15M-26OCT050000-00,0.0020,73.25,yes
2026-10-05T03:58:52.251831Z,KXETH15M-26OCT050000-00,0.0020,1112.03,yes
2026-10-05T03:58:52.251831Z,KXETH15M-26OCT050000-00,0.0020,10.00,yes
2026-10-05T03:58:52.251831Z,KXETH15M-26OCT050000-00,0.0020,78.68,yes
2026-10-05T03:58:52.251831Z,KXETH15M-26OCT050000-00,0.0020,46.52,yes
2026-10-05T03:58:52.251831Z,KXETH15M-26OCT050000-00,0.0020,2.00,yes
2026-10-05T03:58:52.251831Z,KXETH15M-26OCT050000-00,0.0020,2.00,yes
2026-10-05T03:58:52.251831Z,KXETH15M-26OCT050000-00,0.0020,200.00,yes
2026-10-05T03:58:52.251831Z,KXETH15M-26OCT050000-00,0.0020,2.00,yes
2026-10-05T03:58:52.251831Z,KXETH15M-26OCT050000-00,0.0020,5.00,yes
2026-10-05T03:58:52.251831Z,KXETH15M-26OCT050000-00,0.0020,5.00,yes
2026-10-05T03:58:52.251831Z,KXETH15M-26OCT050000-00,0.0020,2.00,yes
2026-10-05T03:58:52.251831Z,KXETH15M-26OCT050000-00,0.0020,2.00,yes
2026-10-05T03:58:52.251831Z,KXETH15M-26OCT050000-00,0.0020,2.00,yes
2026-10-05T03:58:52.251831Z,KXETH15M-26OCT050000-00,0.0020,150.80,yes
2026-10-05T03:58:52.251831Z,KXETH15M-26OCT050000-00,0.0020,2.00,yes
2026-10-05T03:58:53.058387Z,KXETH15M-26OCT050000-00,0.0020,1374.03,yes
2026-10-05T03:58:53.497758Z,KXETH15M-26OCT050000-00,0.0020,334.36,yes
2026-10-05T03:58:53.547136Z,KXETH15M-26OCT050000-00,0.0020,644.94,yes
2026-10-05T03:58:55.043699Z,KXETH15M-26OCT050000-00,0.0010,100.09,no
2026-10-05T03:58:56.554767Z,KXETH15M-26OCT050000-00,0.0010,244.89,no
2026-10-05T03:58:56.705618Z,KXETH15M-26OCT050000-00,0.0010,4703.00,no
2026-10-05T03:58:57.294967Z,KXETH15M-26OCT050000-00,0.0010,432.43,no
2026-10-05T03:58:57.294967Z,KXETH15M-26OCT050000-00,0.0010,400.00,no
2026-10-05T03:58:57.294967Z,KXETH15M-26OCT050000-00,0.0010,1518.57,no
2026-10-05T03:58:57.326814Z,KXETH15M-26OCT050000-00,0.0020,458.01,yes
2026-10-05T03:58:57.660126Z,KXETH15M-26OCT050000-00,0.0010,608.43,no
2026-10-05T03:58:57.660126Z,KXETH15M-26OCT050000-00,0.0010,567.57,no
2026-10-05T03:58:57.857893Z,KXETH15M-26OCT050000-00,0.0010,200.00,no
2026-10-05T03:58:57.857991Z,KXETH15M-26OCT050000-00,0.0010,200.00,no
2026-10-05T03:58:57.85806Z,KXETH15M-26OCT050000-00,0.0010,200.00,no
2026-10-05T03:58:57.858181Z,KXETH15M-26OCT050000-00,0.0010,200.00,no
2026-10-05T03:58:57.858245Z,KXETH15M-26OCT050000-00,0.0010,200.00,no
2026-10-05T03:58:57.858383Z,KXETH15M-26OCT050000-00,0.0010,30.23,no
2026-10-05T03:58:57.858439Z,KXETH15M-26OCT050000-00,0.0010,200.00,no
2026-10-05T03:58:57.858461Z,KXETH15M-26OCT050000-00,0.0010,38.66,no
2026-10-05T03:58:57.858461Z,KXETH15M-26OCT050000-00,0.0010,161.34,no
2026-10-05T03:58:57.858519Z,KXETH15M-26OCT050000-00,0.0010,200.00,no
2026-10-05T03:58:57.858586Z,KXETH15M-26OCT050000-00,0.0010,161.34,no
2026-10-05T03:58:57.858586Z,KXETH15M-26OCT050000-00,0.0010,38.66,no
2026-10-05T03:58:57.858615Z,KXETH15M-26OCT050000-00,0.0010,1.00,no
2026-10-05T03:58:57.858615Z,KXETH15M-26OCT050000-00,0.0010,941.34,no
2026-10-05T03:58:57.858615Z,KXETH15M-26OCT050000-00,0.0010,1.00,no
2026-10-05T03:58:57.858615Z,KXETH15M-26OCT050000-00,0.0010,471.23,no
2026-10-05T03:58:57.858615Z,KXETH15M-26OCT050000-00,0.0010,100.00,no
2026-10-05T03:58:57.858615Z,KXETH15M-26OCT050000-00,0.0010,3.00,no
2026-10-05T03:58:57.858615Z,KXETH15M-26OCT050000-00,0.0010,1.00,no
2026-10-05T03:58:57.858648Z,KXETH15M-26OCT050000-00,0.0010,172.00,no
2026-10-05T03:58:57.858745Z,KXETH15M-26OCT050000-00,0.0010,100.09,no
2026-10-05T03:58:57.858756Z,KXETH15M-26OCT050000-00,0.0010,244.89,no
2026-10-05T03:58:57.858913Z,KXETH15M-26OCT050000-00,0.0010,200.00,no
2026-10-05T03:58:57.859019Z,KXETH15M-26OCT050000-00,0.0010,1311.79,no
2026-10-05T03:58:57.859019Z,KXETH15M-26OCT050000-00,0.0010,4.00,no
2026-10-05T03:58:57.859019Z,KXETH15M-26OCT050000-00,0.0010,200.00,no
2026-10-05T03:58:57.859019Z,KXETH15M-26OCT050000-00,0.0010,4.00,no
2026-10-05T03:58:57.859019Z,KXETH15M-26OCT050000-00,0.0010,66.00,no
2026-10-05T03:58:57.859019Z,KXETH15M-26OCT050000-00,0.0010,65.00,no
2026-10-05T03:58:57.859019Z,KXETH15M-26OCT050000-00,0.0010,4.00,no
2026-10-05T03:58:58.000589Z,KXETH15M-26OCT050000-00,0.0010,4.10,yes
2026-10-05T03:59:01.969377Z,KXETH15M-26OCT050000-00,0.0010,229.01,yes
2026-10-05T03:59:02.182041Z,KXETH15M-26OCT050000-00,0.0010,430.73,yes
2026-10-05T03:59:02.390593Z,KXETH15M-26OCT050000-00,0.0010,467.36,yes
2026-10-05T03:59:03.939229Z,KXETH15M-26OCT050000-00,0.0010,100.83,yes
2026-10-05T03:59:05.012168Z,KXETH15M-26OCT050000-00,0.0010,15.72,yes
2026-10-05T03:59:05.012168Z,KXETH15M-26OCT050000-00,0.0010,1816.18,yes
2026-10-05T03:59:05.911379Z,KXETH15M-26OCT050000-00,0.0010,1.00,yes
2026-10-05T03:59:06.366492Z,KXETH15M-26OCT050000-00,0.0010,2.13,yes
2026-10-05T03:59:07.129686Z,KXETH15M-26OCT050000-00,0.0010,1627.08,yes
2026-10-05T03:59:07.129686Z,KXETH15M-26OCT050000-00,0.0010,10.01,yes
2026-10-05T03:59:07.129686Z,KXETH15M-26OCT050000-00,0.0010,320.31,yes
2026-10-05T03:59:07.129686Z,KXETH15M-26OCT050000-00,0.0010,172.00,yes
2026-10-05T03:59:07.129686Z,KXETH15M-26OCT050000-00,0.0010,1626.00,yes
2026-10-05T03:59:07.129686Z,KXETH15M-26OCT050000-00,0.0010,471.23,yes
2026-10-05T03:59:07.129686Z,KXETH15M-26OCT050000-00,0.0010,244.89,yes
2026-10-05T03:59:07.129686Z,KXETH15M-26OCT050000-00,0.0010,294.00,yes
2026-10-05T03:59:07.129686Z,KXETH15M-26OCT050000-00,0.0010,2782.15,yes
2026-10-05T03:59:07.129686Z,KXETH15M-26OCT050000-00,0.0010,100.09,yes
2026-10-05T03:59:07.129686Z,KXETH15M-26OCT050000-00,0.0010,200.00,yes
2026-10-05T03:59:07.129686Z,KXETH15M-26OCT050000-00,0.0010,1311.79,yes
2026-10-05T03:59:10.423196Z,KXETH15M-26OCT050000-00,0.0010,915.99,yes
2026-10-05T03:59:11.215963Z,KXETH15M-26OCT050000-00,0.0010,237.61,yes
2026-10-05T03:59:12.66808Z,KXETH15M-26OCT050000-00,0.0010,458.04,yes
2026-10-05T03:59:14.811568Z,KXETH15M-26OCT050000-00,0.0010,897.30,yes
2026-10-05T03:59:16.272701Z,KXETH15M-26OCT050000-00,0.0010,915.99,yes
2026-10-05T03:59:17.370648Z,KXETH15M-26OCT050000-00,0.0010,5.11,yes
2026-10-05T03:59:18.186295Z,KXETH15M-26OCT050000-00,0.0010,1831.90,yes
2026-10-05T03:59:18.404823Z,KXETH15M-26OCT050000-00,0.0010,458.04,yes
2026-10-05T03:59:19.9077Z,KXETH15M-26OCT050000-00,0.0010,2.00,yes
2026-10-05T03:59:20.606343Z,KXETH15M-26OCT050000-00,0.0010,0.09,yes
2026-10-05T03:59:24.261494Z,KXETH15M-26OCT050000-00,0.0010,1.13,yes
2026-10-05T03:59:24.88616Z,KXETH15M-26OCT050000-00,0.0010,4579.77,yes
2026-10-05T03:59:25.179821Z,KXETH15M-26OCT050000-00,0.0010,915.99,yes
2026-10-05T03:59:31.218654Z,KXETH15M-26OCT050000-00,0.0010,915.99,yes
2026-10-05T03:59:32.766033Z,KXETH15M-26OCT050000-00,0.0010,24.28,yes
2026-10-05T03:59:33.1343Z,KXETH15M-26OCT050000-00,0.0010,270.48,yes
2026-10-05T03:59:36.604989Z,KXETH15M-26OCT050000-00,0.0010,45.23,yes
2026-10-05T03:59:38.925002Z,KXETH15M-26OCT050000-00,0.0010,915.99,yes
2026-10-05T03:59:39.779451Z,KXETH15M-26OCT050000-00,0.0010,0.04,yes
2026-10-05T03:59:42.159718Z,KXETH15M-26OCT050000-00,0.0010,43.00,yes
2026-10-05T03:59:47.598103Z,KXETH15M-26OCT050000-00,0.0010,91.62,yes
2026-10-05T03:59:49.12476Z,KXETH15M-26OCT050000-00,0.0010,1.00,yes
2026-10-05T03:59:53.432833Z,KXETH15M-26OCT050000-00,0.0010,4579.77,yes
2026-10-05T03:59:53.534652Z,KXETH15M-26OCT050000-00,0.0010,10.47,yes
2026-10-05T03:59:53.82469Z,KXETH15M-26OCT050000-00,0.0010,915.99,yes
2026-10-05T03:59:57.329293Z,KXETH15M-26OCT050000-00,0.0010,9.20,yes
2026-10-05T03:59:59.701593Z,KXETH15M-26OCT050000-00,0.0010,229.01,yes
2026-10-05T03:57:17.466468Z,KXBNB15M-26OCT050000-00,0.0300,50.00,yes
2026-10-05T03:57:17.466468Z,KXBNB15M-26OCT050000-00,0.0210,2.00,yes
2026-10-05T03:57:17.466468Z,KXBNB15M-26OCT050000-00,0.0300,1.00,yes
2026-10-05T03:57:17.466468Z,KXBNB15M-26OCT050000-00,0.0210,4.00,yes
2026-10-05T03:57:17.466468Z,KXBNB15M-26OCT050000-00,0.0200,22.15,yes
2026-10-05T03:57:17.466468Z,KXBNB15M-26OCT050000-00,0.0250,100.00,yes
2026-10-05T03:57:17.466468Z,KXBNB15M-26OCT050000-00,0.0300,5.00,yes
2026-10-05T03:57:17.466468Z,KXBNB15M-26OCT050000-00,0.0210,10.00,yes
2026-10-05T03:57:17.466468Z,KXBNB15M-26OCT050000-00,0.0310,22.00,yes
2026-10-05T03:57:17.466468Z,KXBNB15M-26OCT050000-00,0.0210,15.00,yes
2026-10-05T03:57:17.466468Z,KXBNB15M-26OCT050000-00,0.0310,60.00,yes
2026-10-05T03:57:17.466468Z,KXBNB15M-26OCT050000-00,0.0210,40.00,yes
2026-10-05T03:57:17.466468Z,KXBNB15M-26OCT050000-00,0.0310,38.52,yes
2026-10-05T03:57:17.466468Z,KXBNB15M-26OCT050000-00,0.0200,2.00,yes
2026-10-05T03:57:17.466468Z,KXBNB15M-26OCT050000-00,0.0310,5.00,yes
2026-10-05T03:57:17.466468Z,KXBNB15M-26OCT050000-00,0.0210,45.00,yes
2026-10-05T03:57:17.466468Z,KXBNB15M-26OCT050000-00,0.0210,30.00,yes
2026-10-05T03:57:17.466468Z,KXBNB15M-26OCT050000-00,0.0210,4.00,yes
2026-10-05T03:57:17.466468Z,KXBNB15M-26OCT050000-00,0.0310,15.00,yes
2026-10-05T03:57:17.466468Z,KXBNB15M-26OCT050000-00,0.0210,45.00,yes
2026-10-05T03:57:17.466468Z,KXBNB15M-26OCT050000-00,0.0210,2.00,yes
2026-10-05T03:57:17.466468Z,KXBNB15M-26OCT050000-00,0.0200,37.00,yes
2026-10-05T03:57:17.862456Z,KXBNB15M-26OCT050000-00,0.0300,25.03,yes
2026-10-05T03:57:17.862456Z,KXBNB15M-26OCT050000-00,0.0220,2.00,yes
2026-10-05T03:57:17.862456Z,KXBNB15M-26OCT050000-00,0.0200,2.00,yes
2026-10-05T03:57:17.862456Z,KXBNB15M-26OCT050000-00,0.0230,2.00,yes
2026-10-05T03:57:19.470002Z,KXBNB15M-26OCT050000-00,0.0240,2.00,yes
2026-10-05T03:57:19.63303Z,KXBNB15M-26OCT050000-00,0.0100,16.85,no
2026-10-05T03:57:19.63303Z,KXBNB15M-26OCT050000-00,0.0110,19.00,no
2026-10-05T03:57:19.63303Z,KXBNB15M-26OCT050000-00,0.0150,2.00,no
2026-10-05T03:57:19.63303Z,KXBNB15M-26OCT050000-00,0.0150,22.15,no
2026-10-05T03:57:19.63303Z,KXBNB15M-26OCT050000-00,0.0110,18.00,no
2026-10-05T03:57:19.63303Z,KXBNB15M-26OCT050000-00,0.0140,2.00,no
2026-10-05T03:57:23.067096Z,KXBNB15M-26OCT050000-00,0.0120,1.00,yes
2026-10-05T03:57:23.067096Z,KXBNB15M-26OCT050000-00,0.0190,3.94,yes
2026-10-05T03:57:26.506018Z,KXBNB15M-26OCT050000-00,0.0100,4.00,no
2026-10-05T03:57:28.050393Z,KXBNB15M-26OCT050000-00,0.0300,12.17,yes
2026-10-05T03:57:28.050393Z,KXBNB15M-26OCT050000-00,0.0200,22.16,yes
2026-10-05T03:57:28.050393Z,KXBNB15M-26OCT050000-00,0.0180,2.00,yes
2026-10-05T03:57:28.050393Z,KXBNB15M-26OCT050000-00,0.0190,2.00,yes
2026-10-05T03:57:28.050393Z,KXBNB15M-26OCT050000-00,0.0290,1.00,yes
2026-10-05T03:57:29.031015Z,KXBNB15M-26OCT050000-00,0.0150,6.00,no
2026-10-05T03:57:29.548406Z,KXBNB15M-26OCT050000-00,0.0300,2.00,yes
2026-10-05T03:57:29.549024Z,KXBNB15M-26OCT050000-00,0.0300,3.00,yes
2026-10-05T03:57:29.606502Z,KXBNB15M-26OCT050000-00,0.0150,16.16,no
2026-10-05T03:57:29.900962Z,KXBNB15M-26OCT050000-00,0.0150,0.43,yes
2026-10-05T03:57:30.319327Z,KXBNB15M-26OCT050000-00,0.0100,6.05,no
2026-10-05T03:57:30.419251Z,KXBNB15M-26OCT050000-00,0.0150,4.00,yes
2026-10-05T03:57:30.422877Z,KXBNB15M-26OCT050000-00,0.0150,140.00,yes
2026-10-05T03:57:30.425616Z,KXBNB15M-26OCT050000-00,0.0100,20.00,no
2026-10-05T03:57:30.425616Z,KXBNB15M-26OCT050000-00,0.0100,41.20,no
2026-10-05T03:57:30.425616Z,KXBNB15M-26OCT050000-00,0.0100,8.00,no
2026-10-05T03:57:30.425616Z,KXBNB15M-26OCT050000-00,0.0100,25.00,no
2026-10-05T03:57:31.409013Z,KXBNB15M-26OCT050000-00,0.0100,5.80,yes
2026-10-05T03:57:31.409013Z,KXBNB15M-26OCT050000-00,0.0100,9.20,yes
2026-10-05T03:57:31.855751Z,KXBNB15M-26OCT050000-00,0.0100,4.00,yes
2026-10-05T03:57:33.384807Z,KXBNB15M-26OCT050000-00,0.0100,11.80,yes
2026-10-05T03:57:35.526268Z,KXBNB15M-26OCT050000-00,0.0100,23.00,no
2026-10-05T03:57:35.526268Z,KXBNB15M-26OCT050000-00,0.0100,57.00,no
2026-10-05T03:57:35.526268Z,KXBNB15M-26OCT050000-00,0.0100,8.00,no
2026-10-05T03:57:41.160411Z,KXBNB15M-26OCT050000-00,0.0200,17.25,yes
2026-10-05T03:57:41.160411Z,KXBNB15M-26OCT050000-00,0.0170,2.00,yes
2026-10-05T03:57:41.160411Z,KXBNB15M-26OCT050000-00,0.0180,2.00,yes
2026-10-05T03:57:43.82455Z,KXBNB15M-26OCT050000-00,0.0100,23.00,no
2026-10-05T03:57:43.82455Z,KXBNB15M-26OCT050000-00,0.0100,2.00,no
2026-10-05T03:57:43.82455Z,KXBNB15M-26OCT050000-00,0.0100,26.00,no
2026-10-05T03:57:45.011863Z,KXBNB15M-26OCT050000-00,0.0210,5.76,yes
2026-10-05T03:57:45.011863Z,KXBNB15M-26OCT050000-00,0.0210,2.00,yes
2026-10-05T03:57:45.011863Z,KXBNB15M-26OCT050000-00,0.0200,2.00,yes
2026-10-05T03:57:45.466142Z,KXBNB15M-26OCT050000-00,0.0150,2.03,no
2026-10-05T03:57:45.677997Z,KXBNB15M-26OCT050000-00,0.0300,52.72,yes
2026-10-05T03:57:45.677997Z,KXBNB15M-26OCT050000-00,0.0250,1.00,yes
2026-10-05T03:57:45.677997Z,KXBNB15M-26OCT050000-00,0.0250,4.00,yes
2026-10-05T03:57:45.677997Z,KXBNB15M-26OCT050000-00,0.0220,19.00,yes
2026-10-05T03:57:45.677997Z,KXBNB15M-26OCT050000-00,0.0290,30.00,yes
2026-10-05T03:57:45.677997Z,KXBNB15M-26OCT050000-00,0.0240,2.00,yes
2026-10-05T03:57:45.677997Z,KXBNB15M-26OCT050000-00,0.0210,10.00,yes
2026-10-05T03:57:45.677997Z,KXBNB15M-26OCT050000-00,0.0210,10.00,yes
2026-10-05T03:57:45.677997Z,KXBNB15M-26OCT050000-00,0.0230,2.00,yes
2026-10-05T03:57:45.677997Z,KXBNB15M-26OCT050000-00,0.0210,55.00,yes
2026-10-05T03:57:50.196923Z,KXBNB15M-26OCT050000-00,0.0150,3.73,no
2026-10-05T03:57:55.058772Z,KXBNB15M-26OCT050000-00,0.0090,17.93,no
2026-10-05T03:57:55.058772Z,KXBNB15M-26OCT050000-00,0.0100,0.01,no
2026-10-05T03:57:55.058772Z,KXBNB15M-26OCT050000-00,0.0100,23.00,no
2026-10-05T03:57:57.027188Z,KXBNB15M-26OCT050000-00,0.0090,2.07,no
2026-10-05T03:57:57.027188Z,KXBNB15M-26OCT050000-00,0.0080,17.93,no
2026-10-05T03:57:59.776503Z,KXBNB15M-26OCT050000-00,0.0090,17.93,yes
2026-10-05T03:57:59.776503Z,KXBNB15M-26OCT050000-00,0.0090,50.00,yes
2026-10-05T03:57:59.776503Z,KXBNB15M-26OCT050000-00,0.0090,0.08,yes
2026-10-05T03:58:00.088541Z,KXBNB15M-26OCT050000-00,0.0050,60.00,no
2026-10-05T03:58:00.088541Z,KXBNB15M-26OCT050000-00,0.0040,1.00,no
2026-10-05T03:58:00.088541Z,KXBNB15M-26OCT050000-00,0.0050,11.00,no
2026-10-05T03:58:00.088541Z,KXBNB15M-26OCT050000-00,0.0040,13.00,no
2026-10-05T03:58:00.088541Z,KXBNB15M-26OCT050000-00,0.0040,1.00,no
2026-10-05T03:58:00.088541Z,KXBNB15M-26OCT050000-00,0.0040,1.00,no
2026-10-05T03:58:00.088541Z,KXBNB15M-26OCT050000-00,0.0040,1.00,no
2026-10-05T03:58:00.088541Z,KXBNB15M-26OCT050000-00,0.0040,1.00,no
2026-10-05T03:58:00.088541Z,KXBNB15M-26OCT050000-00,0.0050,30.00,no
2026-10-05T03:58:00.088541Z,KXBNB15M-26OCT050000-00,0.0030,100.00,no
2026-10-05T03:58:00.088541Z,KXBNB15M-26OCT050000-00,0.0030,93.93,no
2026-10-05T03:58:00.088541Z,KXBNB15M-26OCT050000-00,0.0060,20.00,no
2026-10-05T03:58:00.088541Z,KXBNB15M-26OCT050000-00,0.0050,20.00,no
2026-10-05T03:58:00.088541Z,KXBNB15M-26OCT050000-00,0.0070,20.00,no
2026-10-05T03:58:00.088541Z,KXBNB15M-26OCT050000-00,0.0040,20.00,no
2026-10-05T03:58:00.088541Z,KXBNB15M-26OCT050000-00,0.0030,20.00,no
2026-10-05T03:58:00.088541Z,KXBNB15M-26OCT050000-00,0.0080,2.07,no
2026-10-05T03:58:00.088541Z,KXBNB15M-26OCT050000-00,0.0040,30.00,no
2026-10-05T03:58:00.088541Z,KXBNB15M-26OCT050000-00,0.0040,2.00,no
2026-10-05T03:58:00.088541Z,KXBNB15M-26OCT050000-00,0.0070,4.00,no
2026-10-05T03:58:00.345266Z,KXBNB15M-26OCT050000-00,0.0090,20.00,yes
2026-10-05T03:58:00.345266Z,KXBNB15M-26OCT050000-00,0.0090,20.00,yes
2026-10-05T03:58:00.345266Z,KXBNB15M-26OCT050000-00,0.0090,20.00,yes
2026-10-05T03:58:00.345266Z,KXBNB15M-26OCT050000-00,0.0090,2.07,yes
2026-10-05T03:58:00.345266Z,KXBNB15M-26OCT050000-00,0.0090,20.00,yes
2026-10-05T03:58:00.345266Z,KXBNB15M-26OCT050000-00,0.0090,20.00,yes
2026-10-05T03:58:00.345266Z,KXBNB15M-26OCT050000-00,0.0100,500.00,yes
2026-10-05T03:58:00.345266Z,KXBNB15M-26OCT050000-00,0.0100,65.00,yes
2026-10-05T03:58:00.345266Z,KXBNB15M-26OCT050000-00,0.0100,0.08,yes
2026-10-05T03:58:00.345266Z,KXBNB15M-26OCT050000-00,0.0100,53.71,yes
2026-10-05T03:58:00.345266Z,KXBNB15M-26OCT050000-00,0.0100,2.07,yes
2026-10-05T03:58:00.345266Z,KXBNB15M-26OCT050000-00,0.0100,17.93,yes
2026-10-05T03:58:01.014292Z,KXBNB15M-26OCT050000-00,0.0040,30.00,no
2026-10-05T03:58:01.014292Z,KXBNB15M-26OCT050000-00,0.0040,60.00,no
2026-10-05T03:58:01.329548Z,KXBNB15M-26OCT050000-00,0.0030,18.00,no
2026-10-05T03:58:01.329548Z,KXBNB15M-26OCT050000-00,0.0030,2.00,no
2026-10-05T03:58:01.329548Z,KXBNB15M-26OCT050000-00,0.0030,2.00,no
2026-10-05T03:58:01.329548Z,KXBNB15M-26OCT050000-00,0.0030,2.00,no
2026-10-05T03:58:01.329548Z,KXBNB15M-26OCT050000-00,0.0030,2.00,no
2026-10-05T03:58:01.329548Z,KXBNB15M-26OCT050000-00,0.0030,2.00,no
2026-10-05T03:58:01.329548Z,KXBNB15M-26OCT050000-00,0.0030,250.00,no
2026-10-05T03:58:01.329548Z,KXBNB15M-26OCT050000-00,0.0030,2.00,no
2026-10-05T03:58:01.329548Z,KXBNB15M-26OCT050000-00,0.0030,17.00,no
2026-10-05T03:58:01.329548Z,KXBNB15M-26OCT050000-00,0.0030,10.00,no
2026-10-05T03:58:01.84192Z,KXBNB15M-26OCT050000-00,0.0020,2.00,no
2026-10-05T03:58:03.809017Z,KXBNB15M-26OCT050000-00,0.0020,2.00,no
2026-10-05T03:58:05.907802Z,KXBNB15M-26OCT050000-00,0.0060,8.05,yes
2026-10-05T03:58:08.972698Z,KXBNB15M-26OCT050000-00,0.0050,0.10,yes
2026-10-05T03:58:08.972698Z,KXBNB15M-26OCT050000-00,0.0040,8.00,yes
2026-10-05T03:58:08.972698Z,KXBNB15M-26OCT050000-00,0.0040,0.10,yes
2026-10-05T03:58:08.972698Z,KXBNB15M-26OCT050000-00,0.0050,17.00,yes
2026-10-05T03:58:09.054793Z,KXBNB15M-26OCT050000-00,0.0020,85.88,no
2026-10-05T03:58:09.186487Z,KXBNB15M-26OCT050000-00,0.0030,20.00,yes
2026-10-05T03:58:10.53007Z,KXBNB15M-26OCT050000-00,0.0040,0.11,yes
2026-10-05T03:58:10.53007Z,KXBNB15M-26OCT050000-00,0.0030,0.10,yes
2026-10-05T03:58:10.53007Z,KXBNB15M-26OCT050000-00,0.0050,9.79,yes
2026-10-05T03:58:10.538567Z,KXBNB15M-26OCT050000-00,0.0050,10.00,yes
2026-10-05T03:58:10.542752Z,KXBNB15M-26OCT050000-00,0.0050,0.10,yes
2026-10-05T03:58:10.542752Z,KXBNB15M-26OCT050000-00,0.0050,0.21,yes
2026-10-05T03:58:10.542752Z,KXBNB15M-26OCT050000-00,0.0060,9.88,yes
2026-10-05T03:58:10.542752Z,KXBNB15M-26OCT050000-00,0.0060,0.12,yes
2026-10-05T03:58:10.545609Z,KXBNB15M-26OCT050000-00,0.0060,10.31,yes
2026-10-05T03:58:12.08388Z,KXBNB15M-26OCT050000-00,0.0020,33.06,no
2026-10-05T03:58:13.05967Z,KXBNB15M-26OCT050000-00,0.0020,18.61,no
2026-10-05T03:58:13.326715Z,KXBNB15M-26OCT050000-00,0.0020,30.03,no
2026-10-05T03:58:17.672956Z,KXBNB15M-26OCT050000-00,0.0050,56.81,yes
2026-10-05T03:58:18.848564Z,KXBNB15M-26OCT050000-00,0.0020,28.42,no
2026-10-05T03:58:18.848564Z,KXBNB15M-26OCT050000-00,0.0020,26.68,no
2026-10-05T03:58:23.046093Z,KXBNB15M-26OCT050000-00,0.0020,100.20,no
2026-10-05T03:58:25.571542Z,KXBNB15M-26OCT050000-00,0.0020,8.37,no
2026-10-05T03:58:28.697982Z,KXBNB15M-26OCT050000-00,0.0020,20.00,no
2026-10-05T03:58:28.876558Z,KXBNB15M-26OCT050000-00,0.0040,20.00,yes
2026-10-05T03:58:28.876558Z,KXBNB15M-26OCT050000-00,0.0040,20.00,yes
2026-10-05T03:58:28.876558Z,KXBNB15M-26OCT050000-00,0.0040,0.10,yes
2026-10-05T03:58:28.876558Z,KXBNB15M-26OCT050000-00,0.0040,8.37,yes
2026-10-05T03:58:30.493425Z,KXBNB15M-26OCT050000-00,0.0020,20.00,no
2026-10-05T03:58:32.82956Z,KXBNB15M-26OCT050000-00,0.0050,44.88,yes
2026-10-05T03:58:33.017853Z,KXBNB15M-26OCT050000-00,0.0020,200.00,no
2026-10-05T03:58:33.033818Z,KXBNB15M-26OCT050000-00,0.0020,3.00,no
2026-10-05T03:58:33.033818Z,KXBNB15M-26OCT050000-00,0.0020,26.00,no
2026-10-05T03:58:33.033818Z,KXBNB15M-26OCT050000-00,0.0020,3.00,no
2026-10-05T03:58:33.033818Z,KXBNB15M-26OCT050000-00,0.0020,3.00,no
2026-10-05T03:58:33.033818Z,KXBNB15M-26OCT050000-00,0.0020,3.00,no
2026-10-05T03:58:33.033818Z,KXBNB15M-26OCT050000-00,0.0020,3.00,no
2026-10-05T03:58:33.033818Z,KXBNB15M-26OCT050000-00,0.0020,124.75,no
2026-10-05T03:58:33.033818Z,KXBNB15M-26OCT050000-00,0.0020,13.25,no
2026-10-05T03:58:33.033818Z,KXBNB15M-26OCT050000-00,0.0020,20.00,no
2026-10-05T03:58:33.033818Z,KXBNB15M-26OCT050000-00,0.0020,1.00,no
2026-10-05T03:58:33.048161Z,KXBNB15M-26OCT050000-00,0.0020,6.00,no
2026-10-05T03:58:33.13152Z,KXBNB15M-26OCT050000-00,0.0020,20.00,no
2026-10-05T03:58:33.13152Z,KXBNB15M-26OCT050000-00,0.0020,93.25,no
2026-10-05T03:58:33.13152Z,KXBNB15M-26OCT050000-00,0.0020,0.75,no
2026-10-05T03:58:33.877417Z,KXBNB15M-26OCT050000-00,0.0020,293.01,no
2026-10-05T03:58:37.200639Z,KXBNB15M-26OCT050000-00,0.0020,1.00,no
2026-10-05T03:58:38.988588Z,KXBNB15M-26OCT050000-00,0.0020,16.02,no
2026-10-05T03:58:44.620262Z,KXBNB15M-26OCT050000-00,0.0030,1.00,yes
2026-10-05T03:58:44.620262Z,KXBNB15M-26OCT050000-00,0.0030,16.02,yes
2026-10-05T03:58:44.620262Z,KXBNB15M-26OCT050000-00,0.0030,144.00,yes
2026-10-05T03:58:44.620262Z,KXBNB15M-26OCT050000-00,0.0030,20.00,yes
2026-10-05T03:58:44.620262Z,KXBNB15M-26OCT050000-00,0.0030,124.75,yes
2026-10-05T03:58:44.620262Z,KXBNB15M-26OCT050000-00,0.0040,0.12,yes
2026-10-05T03:58:44.620262Z,KXBNB15M-26OCT050000-00,0.0030,293.01,yes
2026-10-05T03:58:44.620262Z,KXBNB15M-26OCT050000-00,0.0030,13.25,yes
2026-10-05T03:58:44.620262Z,KXBNB15M-26OCT050000-00,0.0030,93.25,yes
2026-10-05T03:58:44.620262Z,KXBNB15M-26OCT050000-00,0.0030,0.75,yes
2026-10-05T03:58:44.620262Z,KXBNB15M-26OCT050000-00,0.0030,0.12,yes
2026-10-05T03:58:44.620262Z,KXBNB15M-26OCT050000-00,0.0030,6.00,yes
2026-10-05T03:58:44.620262Z,KXBNB15M-26OCT050000-00,0.0030,200.00,yes
2026-10-05T03:58:44.620262Z,KXBNB15M-26OCT050000-00,0.0030,100.20,yes
2026-10-05T03:58:44.620262Z,KXBNB15M-26OCT050000-00,0.0050,0.10,yes
2026-10-05T03:58:44.620262Z,KXBNB15M-26OCT050000-00,0.0060,0.11,yes
2026-10-05T03:58:44.620262Z,KXBNB15M-26OCT050000-00,0.0030,26.68,yes
2026-10-05T03:58:44.620262Z,KXBNB15M-26OCT050000-00,0.0060,24.81,yes
2026-10-05T03:58:44.620262Z,KXBNB15M-26OCT050000-00,0.0070,0.12,yes
2026-10-05T03:58:44.620262Z,KXBNB15M-26OCT050000-00,0.0050,200.00,yes
2026-10-05T03:58:44.620262Z,KXBNB15M-26OCT050000-00,0.0030,1000.00,yes
2026-10-05T03:58:44.620262Z,KXBNB15M-26OCT050000-00,0.0030,148.31,yes
2026-10-05T03:58:44.620262Z,KXBNB15M-26OCT050000-00,0.0080,36.57,yes
2026-10-05T03:58:45.137854Z,KXBNB15M-26OCT050000-00,0.0020,1.00,no
2026-10-05T03:58:49.58225Z,KXBNB15M-26OCT050000-00,0.0020,53.00,no
2026-10-05T03:58:50.112263Z,KXBNB15M-26OCT050000-00,0.0020,42.72,no
2026-10-05T03:58:50.112263Z,KXBNB15M-26OCT050000-00,0.0020,200.00,no
2026-10-05T03:58:50.273249Z,KXBNB15M-26OCT050000-00,0.0010,3.00,no
2026-10-05T03:58:50.273249Z,KXBNB15M-26OCT050000-00,0.0010,1.00,no
2026-10-05T03:58:50.273249Z,KXBNB15M-26OCT050000-00,0.0010,75.00,no
2026-10-05T03:58:50.273249Z,KXBNB15M-26OCT050000-00,0.0010,1.00,no
2026-10-05T03:58:50.273249Z,KXBNB15M-26OCT050000-00,0.0010,100.00,no
2026-10-05T03:58:50.273249Z,KXBNB15M-26OCT050000-00,0.0010,1.00,no
2026-10-05T03:58:50.273249Z,KXBNB15M-26OCT050000-00,0.0010,19.00,no
2026-10-05T03:58:50.354148Z,KXBNB15M-26OCT050000-00,0.0010,200.00,no
2026-10-05T03:58:50.791318Z,KXBNB15M-26OCT050000-00,0.0010,200.00,no
2026-10-05T03:58:50.852812Z,KXBNB15M-26OCT050000-00,0.0010,200.00,no
2026-10-05T03:58:51.020734Z,KXBNB15M-26OCT050000-00,0.0010,200.00,no
2026-10-05T03:58:51.116052Z,KXBNB15M-26OCT050000-00,0.0010,200.00,no
2026-10-05T03:58:51.192665Z,KXBNB15M-26OCT050000-00,0.0010,200.00,no
2026-10-05T03:58:59.887254Z,KXBNB15M-26OCT050000-00,0.0010,1.00,no
2026-10-05T03:58:59.887254Z,KXBNB15M-26OCT050000-00,0.0010,2.00,no
2026-10-05T03:58:59.887254Z,KXBNB15M-26OCT050000-00,0.0010,2.00,no
2026-10-05T03:58:59.887254Z,KXBNB15M-26OCT050000-00,0.0010,30.00,no
2026-10-05T03:59:00.123761Z,KXBNB15M-26OCT050000-00,0.0010,3.00,no
2026-10-05T03:59:00.52736Z,KXBNB15M-26OCT050000-00,0.0010,2.00,no
2026-10-05T03:59:00.52736Z,KXBNB15M-26OCT050000-00,0.0010,2.00,no
2026-10-05T03:59:00.52736Z,KXBNB15M-26OCT050000-00,0.0010,2.00,no
2026-10-05T03:59:00.52736Z,KXBNB15M-26OCT050000-00,0.0010,2.00,no
2026-10-05T03:59:00.52736Z,KXBNB15M-26OCT050000-00,0.0010,2.00,no
2026-10-05T03:59:00.52736Z,KXBNB15M-26OCT050000-00,0.0010,2.00,no
2026-10-05T03:59:00.52736Z,KXBNB15M-26OCT050000-00,0.0010,2.00,no
2026-10-05T03:59:00.52736Z,KXBNB15M-26OCT050000-00,0.0010,27.00,no
2026-10-05T03:59:00.52736Z,KXBNB15M-26OCT050000-00,0.0010,15.00,no
2026-10-05T03:59:01.007456Z,KXBNB15M-26OCT050000-00,0.0010,458.04,yes
2026-10-05T03:59:10.824591Z,KXBNB15M-26OCT050000-00,0.0010,504.59,yes
2026-10-05T03:59:22.966773Z,KXBNB15M-26OCT050000-00,0.0010,224.34,yes
2026-10-05T03:57:33.02034Z,KXBTC15M-26OCT050000-00,0.1200,0.41,yes
2026-10-05T03:57:33.026716Z,KXBTC15M-26OCT050000-00,0.1200,0.83,yes
2026-10-05T03:57:33.03157Z,KXBTC15M-26OCT050000-00,0.1100,5.51,no
2026-10-05T03:57:33.074947Z,KXBTC15M-26OCT050000-00,0.1200,7.93,yes
2026-10-05T03:57:33.129283Z,KXBTC15M-26OCT050000-00,0.1200,104.46,yes
2026-10-05T03:57:33.131339Z,KXBTC15M-26OCT050000-00,0.1100,10.00,no
2026-10-05T03:57:33.131339Z,KXBTC15M-26OCT050000-00,0.1100,194.49,no
2026-10-05T03:57:33.131339Z,KXBTC15M-26OCT050000-00,0.1100,0.01,no
2026-10-05T03:57:33.131339Z,KXBTC15M-26OCT050000-00,0.1100,0.01,no
2026-10-05T03:57:33.131339Z,KXBTC15M-26OCT050000-00,0.1100,6.00,no
2026-10-05T03:57:33.131339Z,KXBTC15M-26OCT050000-00,0.1100,150.00,no
2026-10-05T03:57:33.132242Z,KXBTC15M-26OCT050000-00,0.1100,15.14,yes
2026-10-05T03:57:33.139137Z,KXBTC15M-26OCT050000-00,0.1100,23.80,yes
2026-10-05T03:57:33.139669Z,KXBTC15M-26OCT050000-00,0.1000,1.00,no
2026-10-05T03:57:33.139669Z,KXBTC15M-26OCT050000-00,0.1000,15.00,no
2026-10-05T03:57:33.139669Z,KXBTC15M-26OCT050000-00,0.1000,15.00,no
2026-10-05T03:57:33.139669Z,KXBTC15M-26OCT050000-00,0.1000,24.16,no
2026-10-05T03:57:33.143012Z,KXBTC15M-26OCT050000-00,0.1100,1.54,yes
2026-10-05T03:57:33.143875Z,KXBTC15M-26OCT050000-00,0.1100,23.79,yes
2026-10-05T03:57:33.149238Z,KXBTC15M-26OCT050000-00,0.1100,5.73,yes
2026-10-05T03:57:33.149238Z,KXBTC15M-26OCT050000-00,0.1100,18.06,yes
2026-10-05T03:57:33.155188Z,KXBTC15M-26OCT050000-00,0.1100,5.72,yes
2026-10-05T03:57:33.155218Z,KXBTC15M-26OCT050000-00,0.1100,3.41,yes
2026-10-05T03:57:33.197717Z,KXBTC15M-26OCT050000-00,0.1000,5.51,no
2026-10-05T03:57:33.21472Z,KXBTC15M-26OCT050000-00,0.1100,33.32,yes
2026-10-05T03:57:33.21472Z,KXBTC15M-26OCT050000-00,0.1100,42.81,yes
2026-10-05T03:57:33.2391Z,KXBTC15M-26OCT050000-00,0.1100,7.25,yes
2026-10-05T03:57:33.251262Z,KXBTC15M-26OCT050000-00,0.1000,1.00,no
2026-10-05T03:57:33.251262Z,KXBTC15M-26OCT050000-00,0.1000,56.00,no
2026-10-05T03:57:33.251262Z,KXBTC15M-26OCT050000-00,0.1000,10.00,no
2026-10-05T03:57:33.251262Z,KXBTC15M-26OCT050000-00,0.1000,225.78,no
2026-10-05T03:57:33.251262Z,KXBTC15M-26OCT050000-00,0.1000,100.00,no
2026-10-05T03:57:33.251262Z,KXBTC15M-26OCT050000-00,0.1000,0.01,no
2026-10-05T03:57:33.251262Z,KXBTC15M-26OCT050000-00,0.1000,0.01,no
2026-10-05T03:57:33.257451Z,KXBTC15M-26OCT050000-00,0.1100,50.35,yes
2026-10-05T03:57:33.257451Z,KXBTC15M-26OCT050000-00,0.1100,29.43,yes
2026-10-05T03:57:33.292357Z,KXBTC15M-26OCT050000-00,0.1100,24.85,yes
2026-10-05T03:57:33.292357Z,KXBTC15M-26OCT050000-00,0.1100,19.65,yes
2026-10-05T03:57:33.327955Z,KXBTC15M-26OCT050000-00,0.1000,0.37,no
2026-10-05T03:57:33.333964Z,KXBTC15M-26OCT050000-00,0.1100,12.28,yes
2026-10-05T03:57:33.348891Z,KXBTC15M-26OCT050000-00,0.1100,1.88,yes
2026-10-05T03:57:33.395189Z,KXBTC15M-26OCT050000-00,0.1000,1.09,no
2026-10-05T03:57:33.449934Z,KXBTC15M-26OCT050000-00,0.1000,5.45,no
2026-10-05T03:57:33.472189Z,KXBTC15M-26OCT050000-00,0.1000,2.36,no
2026-10-05T03:57:33.472189Z,KXBTC15M-26OCT050000-00,0.1000,3.09,no
2026-10-05T03:57:33.50025Z,KXBTC15M-26OCT050000-00,0.1000,164.45,no
2026-10-05T03:57:33.50025Z,KXBTC15M-26OCT050000-00,0.1000,0.01,no
2026-10-05T03:57:33.50025Z,KXBTC15M-26OCT050000-00,0.1000,0.01,no
2026-10-05T03:57:33.50025Z,KXBTC15M-26OCT050000-00,0.1000,1.05,no
2026-10-05T03:57:33.526275Z,KXBTC15M-26OCT050000-00,0.1100,334.78,yes
2026-10-05T03:57:33.526275Z,KXBTC15M-26OCT050000-00,0.1100,30.99,yes
2026-10-05T03:57:33.536296Z,KXBTC15M-26OCT050000-00,0.1000,1.00,no
2026-10-05T03:57:33.536296Z,KXBTC15M-26OCT050000-00,0.0960,7.00,no
2026-10-05T03:57:33.536296Z,KXBTC15M-26OCT050000-00,0.1000,0.01,no
2026-10-05T03:57:33.536296Z,KXBTC15M-26OCT050000-00,0.1000,35.55,no
2026-10-05T03:57:33.536296Z,KXBTC15M-26OCT050000-00,0.1000,1.04,no
2026-10-05T03:57:33.536296Z,KXBTC15M-26OCT050000-00,0.0960,177.38,no
2026-10-05T03:57:33.536296Z,KXBTC15M-26OCT050000-00,0.1000,10.00,no
2026-10-05T03:57:33.536296Z,KXBTC15M-26OCT050000-00,0.1000,0.01,no
2026-10-05T03:57:33.542689Z,KXBTC15M-26OCT050000-00,0.0980,13.99,yes
2026-10-05T03:57:33.545825Z,KXBTC15M-26OCT050000-00,0.0980,7.84,yes
2026-10-05T03:57:33.548892Z,KXBTC15M-26OCT050000-00,0.0980,2.99,yes
2026-10-05T03:57:33.549476Z,KXBTC15M-26OCT050000-00,0.0980,39.24,yes
2026-10-05T03:57:33.566063Z,KXBTC15M-26OCT050000-00,0.0980,50.00,yes
2026-10-05T03:57:33.566451Z,KXBTC15M-26OCT050000-00,0.0970,0.84,no
2026-10-05T03:57:33.601549Z,KXBTC15M-26OCT050000-00,0.0980,84.66,yes
2026-10-05T03:57:33.623199Z,KXBTC15M-26OCT050000-00,0.0970,18.56,no
2026-10-05T03:57:33.623199Z,KXBTC15M-26OCT050000-00,0.0970,0.01,no
2026-10-05T03:57:33.63563Z,KXBTC15M-26OCT050000-00,0.0970,1.07,no
2026-10-05T03:57:33.63759Z,KXBTC15M-26OCT050000-00,0.0980,5.00,yes
2026-10-05T03:57:33.639231Z,KXBTC15M-26OCT050000-00,0.0980,21.39,yes
2026-10-05T03:57:33.641091Z,KXBTC15M-26OCT050000-00,0.0980,8.55,yes
2026-10-05T03:57:33.692018Z,KXBTC15M-26OCT050000-00,0.0980,11.46,yes
2026-10-05T03:57:33.706386Z,KXBTC15M-26OCT050000-00,0.0980,22.76,yes
2026-10-05T03:57:33.71845Z,KXBTC15M-26OCT050000-00,0.0970,2.39,no
2026-10-05T03:57:33.729414Z,KXBTC15M-26OCT050000-00,0.0970,30.03,no
2026-10-05T03:57:33.771819Z,KXBTC15M-26OCT050000-00,0.0980,7.86,yes
2026-10-05T03:57:33.80623Z,KXBTC15M-26OCT050000-00,0.0980,250.00,yes
2026-10-05T03:57:33.834694Z,KXBTC15M-26OCT050000-00,0.0980,0.04,yes
2026-10-05T03:57:33.897683Z,KXBTC15M-26OCT050000-00,0.0970,1.06,no
2026-10-05T03:57:33.897683Z,KXBTC15M-26OCT050000-00,0.0970,0.01,no
2026-10-05T03:57:33.90842Z,KXBTC15M-26OCT050000-00,0.0980,42.78,yes
2026-10-05T03:57:33.937004Z,KXBTC15M-26OCT050000-00,0.0980,17.11,yes
2026-10-05T03:57:33.946881Z,KXBTC15M-26OCT050000-00,0.0980,46.64,yes
2026-10-05T03:57:34.017755Z,KXBTC15M-26OCT050000-00,0.0970,10.00,no
2026-10-05T03:57:34.017755Z,KXBTC15M-26OCT050000-00,0.0970,150.00,no
2026-10-05T03:57:34.017755Z,KXBTC15M-26OCT050000-00,0.0970,0.01,no
2026-10-05T03:57:34.017755Z,KXBTC15M-26OCT050000-00,0.0970,10.00,no
2026-10-05T03:57:34.017755Z,KXBTC15M-26OCT050000-00,0.0970,138.00,no
2026-10-05T03:57:34.017755Z,KXBTC15M-26OCT050000-00,0.0970,0.01,no
2026-10-05T03:57:34.017755Z,KXBTC15M-26OCT050000-00,0.0970,323.91,no
2026-10-05T03:57:34.037211Z,KXBTC15M-26OCT050000-00,0.0990,24.65,yes
2026-10-05T03:57:34.037211Z,KXBTC15M-26OCT050000-00,0.0980,0.01,yes
2026-10-05T03:57:34.037211Z,KXBTC15M-26OCT050000-00,0.0980,0.01,yes
2026-10-05T03:57:34.037211Z,KXBTC15M-26OCT050000-00,0.0980,1.00,yes
2026-10-05T03:57:34.044195Z,KXBTC15M-26OCT050000-00,0.1000,8.55,yes
2026-10-05T03:57:34.079017Z,KXBTC15M-26OCT050000-00,0.1000,9.39,yes
2026-10-05T03:57:34.083038Z,KXBTC15M-26OCT050000-00,0.1000,47.03,yes
2026-10-05T03:57:34.089563Z,KXBTC15M-26OCT050000-00,0.1000,470.30,yes
2026-10-05T03:57:34.108229Z,KXBTC15M-26OCT050000-00,0.0990,2.00,no
2026-10-05T03:57:34.183181Z,KXBTC15M-26OCT050000-00,0.0990,89.45,no
2026-10-05T03:57:34.226346Z,KXBTC15M-26OCT050000-00,0.0990,25.78,no
2026-10-05T03:57:34.254091Z,KXBTC15M-26OCT050000-00,0.0990,18.69,no
2026-10-05T03:57:34.261827Z,KXBTC15M-26OCT050000-00,0.0990,21.09,no
2026-10-05T03:57:34.261827Z,KXBTC15M-26OCT050000-00,0.0990,0.01,no
2026-10-05T03:57:34.261827Z,KXBTC15M-26OCT050000-00,0.0990,0.01,no
2026-10-05T03:57:34.261827Z,KXBTC15M-26OCT050000-00,0.0990,14.08,no
2026-10-05T03:57:34.282493Z,KXBTC15M-26OCT050000-00,0.1000,0.01,yes
2026-10-05T03:57:34.282493Z,KXBTC15M-26OCT050000-00,0.1000,0.01,yes
2026-10-05T03:57:34.282493Z,KXBTC15M-26OCT050000-00,0.1000,8.12,yes
2026-10-05T03:57:34.282493Z,KXBTC15M-26OCT050000-00,0.1000,1.01,yes
2026-10-05T03:57:34.306606Z,KXBTC15M-26OCT050000-00,0.1000,41.58,yes
2026-10-05T03:57:34.410598Z,KXBTC15M-26OCT050000-00,0.1000,15.00,yes
2026-10-05T03:57:34.468748Z,KXBTC15M-26OCT050000-00,0.1000,9.39,yes
2026-10-05T03:57:34.474061Z,KXBTC15M-26OCT050000-00,0.0990,0.01,no
2026-10-05T03:57:34.474061Z,KXBTC15M-26OCT050000-00,0.0990,10.00,no
2026-10-05T03:57:34.474061Z,KXBTC15M-26OCT050000-00,0.0990,400.00,no
2026-10-05T03:57:34.474061Z,KXBTC15M-26OCT050000-00,0.0990,100.00,no
2026-10-05T03:57:34.474061Z,KXBTC15M-26OCT050000-00,0.0990,0.01,no
2026-10-05T03:57:34.474357Z,KXBTC15M-26OCT050000-00,0.0990,54.77,yes
2026-10-05T03:57:34.476615Z,KXBTC15M-26OCT050000-00,0.0960,55.20,no
2026-10-05T03:57:34.478411Z,KXBTC15M-26OCT050000-00,0.0960,45.67,no
2026-10-05T03:57:34.480848Z,KXBTC15M-26OCT050000-00,0.0960,100.00,no
2026-10-05T03:57:34.4808Z,KXBTC15M-26OCT050000-00,0.0960,312.00,no
2026-10-05T03:57:34.481923Z,KXBTC15M-26OCT050000-00,0.0910,7.00,no
2026-10-05T03:57:34.481923Z,KXBTC15M-26OCT050000-00,0.0910,148.00,no
2026-10-05T03:57:34.482591Z,KXBTC15M-26OCT050000-00,0.0900,0.02,no
2026-10-05T03:57:34.483171Z,KXBTC15M-26OCT050000-00,0.0900,74.98,no
2026-10-05T03:57:34.483972Z,KXBTC15M-26OCT050000-00,0.0890,0.02,no
2026-10-05T03:57:34.484912Z,KXBTC15M-26OCT050000-00,0.0850,10.00,no
2026-10-05T03:57:34.484912Z,KXBTC15M-26OCT050000-00,0.0960,100.00,no
2026-10-05T03:57:34.484912Z,KXBTC15M-26OCT050000-00,0.0840,80.00,no
2026-10-05T03:57:34.484912Z,KXBTC15M-26OCT050000-00,0.0840,80.00,no
2026-10-05T03:57:34.484912Z,KXBTC15M-26OCT050000-00,0.0890,46.98,no
2026-10-05T03:57:34.494395Z,KXBTC15M-26OCT050000-00,0.0810,20.70,no
2026-10-05T03:57:34.497325Z,KXBTC15M-26OCT050000-00,0.0810,0.01,no
2026-10-05T03:57:34.497325Z,KXBTC15M-26OCT050000-00,0.0810,38.43,no
2026-10-05T03:57:34.497325Z,KXBTC15M-26OCT050000-00,0.0810,0.01,no
2026-10-05T03:57:34.497951Z,KXBTC15M-26OCT050000-00,0.0810,3.39,no
2026-10-05T03:57:34.498568Z,KXBTC15M-26OCT050000-00,0.0810,1.17,no
2026-10-05T03:57:34.499157Z,KXBTC15M-26OCT050000-00,0.0810,1.22,no
2026-10-05T03:57:34.503147Z,KXBTC15M-26OCT050000-00,0.0800,20.00,no
2026-10-05T03:57:34.510693Z,KXBTC15M-26OCT050000-00,0.0760,44.57,no
2026-10-05T03:57:34.510693Z,KXBTC15M-26OCT050000-00,0.0800,0.01,no
2026-10-05T03:57:34.510693Z,KXBTC15M-26OCT050000-00,0.0800,0.01,no
2026-10-05T03:57:34.515295Z,KXBTC15M-26OCT050000-00,0.0800,13.11,yes
2026-10-05T03:57:34.537403Z,KXBTC15M-26OCT050000-00,0.0760,47.00,yes
2026-10-05T03:57:34.54253Z,KXBTC15M-26OCT050000-00,0.0750,0.03,no
2026-10-05T03:57:34.547157Z,KXBTC15M-26OCT050000-00,0.0760,140.00,yes
2026-10-05T03:57:34.547284Z,KXBTC15M-26OCT050000-00,0.0750,0.01,no
2026-10-05T03:57:34.547284Z,KXBTC15M-26OCT050000-00,0.0750,0.01,no
2026-10-05T03:57:34.547284Z,KXBTC15M-26OCT050000-00,0.0740,1.00,no
2026-10-05T03:57:34.547284Z,KXBTC15M-26OCT050000-00,0.0750,0.97,no
2026-10-05T03:57:34.547284Z,KXBTC15M-26OCT050000-00,0.0740,5.00,no
2026-10-05T03:57:34.547284Z,KXBTC15M-26OCT050000-00,0.0740,3.00,no
2026-10-05T03:57:34.547284Z,KXBTC15M-26OCT050000-00,0.0740,25.99,no
2026-10-05T03:57:34.559597Z,KXBTC15M-26OCT050000-00,0.0760,60.12,yes
2026-10-05T03:57:34.560596Z,KXBTC15M-26OCT050000-00,0.0750,23.70,yes
2026-10-05T03:57:34.583391Z,KXBTC15M-26OCT050000-00,0.0750,24.98,yes
2026-10-05T03:57:34.583391Z,KXBTC15M-26OCT050000-00,0.0750,0.01,yes
2026-10-05T03:57:34.583391Z,KXBTC15M-26OCT050000-00,0.0750,100.00,yes
2026-10-05T03:57:34.583391Z,KXBTC15M-26OCT050000-00,0.0750,25.00,yes
2026-10-05T03:57:34.583391Z,KXBTC15M-26OCT050000-00,0.0750,0.01,yes
2026-10-05T03:57:34.594404Z,KXBTC15M-26OCT050000-00,0.0750,6.93,yes
2026-10-05T03:57:34.598921Z,KXBTC15M-26OCT050000-00,0.0750,50.00,yes
2026-10-05T03:57:34.61503Z,KXBTC15M-26OCT050000-00,0.0740,1.43,no
2026-10-05T03:57:34.629502Z,KXBTC15M-26OCT050000-00,0.0750,2.00,yes
2026-10-05T03:57:34.629502Z,KXBTC15M-26OCT050000-00,0.0750,8.00,yes
2026-10-05T03:57:34.637361Z,KXBTC15M-26OCT050000-00,0.0750,9.01,yes
2026-10-05T03:57:34.64566Z,KXBTC15M-26OCT050000-00,0.0750,7.05,yes
2026-10-05T03:57:34.720478Z,KXBTC15M-26OCT050000-00,0.0740,10.56,no
2026-10-05T03:57:34.722461Z,KXBTC15M-26OCT050000-00,0.0750,0.01,yes
2026-10-05T03:57:34.722461Z,KXBTC15M-26OCT050000-00,0.0750,1.16,yes
2026-10-05T03:57:34.722461Z,KXBTC15M-26OCT050000-00,0.0750,0.01,yes
2026-10-05T03:57:34.770273Z,KXBTC15M-26OCT050000-00,0.0750,0.01,yes
2026-10-05T03:57:34.770273Z,KXBTC15M-26OCT050000-00,0.0750,28.12,yes
2026-10-05T03:57:34.770273Z,KXBTC15M-26OCT050000-00,0.0750,0.01,yes
2026-10-05T03:57:34.770808Z,KXBTC15M-26OCT050000-00,0.0740,22.67,no
2026-10-05T03:57:34.825702Z,KXBTC15M-26OCT050000-00,0.0750,7.19,yes
2026-10-05T03:57:34.843157Z,KXBTC15M-26OCT050000-00,0.0750,2.25,yes
2026-10-05T03:57:34.919893Z,KXBTC15M-26OCT050000-00,0.0750,57.44,yes
2026-10-05T03:57:34.928083Z,KXBTC15M-26OCT050000-00,0.0750,1.00,yes
2026-10-05T03:57:34.961228Z,KXBTC15M-26OCT050000-00,0.0750,31.00,yes
2026-10-05T03:57:34.968858Z,KXBTC15M-26OCT050000-00,0.0750,11.59,yes
2026-10-05T03:57:35.007113Z,KXBTC15M-26OCT050000-00,0.0740,1.07,no
2026-10-05T03:57:35.06708Z,KXBTC15M-26OCT050000-00,0.0750,2.82,yes
2026-10-05T03:57:35.103295Z,KXBTC15M-26OCT050000-00,0.0750,57.99,yes
2026-10-05T03:57:35.125935Z,KXBTC15M-26OCT050000-00,0.0750,8.00,yes
2026-10-05T03:57:35.159637Z,KXBTC15M-26OCT050000-00,0.0750,1.16,yes
2026-10-05T03:57:35.166687Z,KXBTC15M-26OCT050000-00,0.0750,75.25,yes
2026-10-05T03:57:35.197576Z,KXBTC15M-26OCT050000-00,0.0750,17.72,yes
2026-10-05T03:57:35.218144Z,KXBTC15M-26OCT050000-00,0.0750,62.61,yes
2026-10-05T03:57:35.242251Z,KXBTC15M-26OCT050000-00,0.0740,27.93,no
2026-10-05T03:57:35.252093Z,KXBTC15M-26OCT050000-00,0.0740,107.43,no
2026-10-05T03:57:35.283443Z,KXBTC15M-26OCT050000-00,0.0750,16.21,yes
2026-10-05T03:57:35.310181Z,KXBTC15M-26OCT050000-00,0.0750,10.00,yes
2026-10-05T03:57:35.310181Z,KXBTC15M-26OCT050000-00,0.0750,284.24,yes
2026-10-05T03:57:35.310181Z,KXBTC15M-26OCT050000-00,0.0750,19.65,yes
2026-10-05T03:57:35.310181Z,KXBTC15M-26OCT050000-00,0.0750,0.01,yes
2026-10-05T03:57:35.310181Z,KXBTC15M-26OCT050000-00,0.0750,100.00,yes
2026-10-05T03:57:35.310181Z,KXBTC15M-26OCT050000-00,0.0750,0.01,yes
2026-10-05T03:57:35.310181Z,KXBTC15M-26OCT050000-00,0.0750,98.55,yes
2026-10-05T03:57:35.316453Z,KXBTC15M-26OCT050000-00,0.0750,50.09,yes
2026-10-05T03:57:35.331946Z,KXBTC15M-26OCT050000-00,0.0740,102.92,no
2026-10-05T03:57:35.331946Z,KXBTC15M-26OCT050000-00,0.0740,0.01,no
2026-10-05T03:57:35.331946Z,KXBTC15M-26OCT050000-00,0.0740,0.01,no
2026-10-05T03:57:35.335265Z,KXBTC15M-26OCT050000-00,0.0740,70.00,yes
2026-10-05T03:57:35.335265Z,KXBTC15M-26OCT050000-00,0.0740,20.03,yes
2026-10-05T03:57:35.339763Z,KXBTC15M-26OCT050000-00,0.0740,0.55,yes
2026-10-05T03:57:35.341459Z,KXBTC15M-26OCT050000-00,0.0740,6.63,yes
2026-10-05T03:57:35.357694Z,KXBTC15M-26OCT050000-00,0.0740,70.00,yes
2026-10-05T03:57:35.357694Z,KXBTC15M-26OCT050000-00,0.0740,70.00,yes
2026-10-05T03:57:35.357694Z,KXBTC15M-26OCT050000-00,0.0740,70.00,yes
2026-10-05T03:57:35.357694Z,KXBTC15M-26OCT050000-00,0.0740,70.00,yes
2026-10-05T03:57:35.357694Z,KXBTC15M-26OCT050000-00,0.0740,326.28,yes
2026-10-05T03:57:35.357694Z,KXBTC15M-26OCT050000-00,0.0740,42.79,yes
2026-10-05T03:57:35.390776Z,KXBTC15M-26OCT050000-00,0.0730,1.00,no
2026-10-05T03:57:35.390776Z,KXBTC15M-26OCT050000-00,0.0730,0.01,no
2026-10-05T03:57:35.390776Z,KXBTC15M-26OCT050000-00,0.0730,0.01,no
2026-10-05T03:57:35.390776Z,KXBTC15M-26OCT050000-00,0.0730,6.03,no
2026-10-05T03:57:35.428413Z,KXBTC15M-26OCT050000-00,0.0730,5.26,no
2026-10-05T03:57:35.429831Z,KXBTC15M-26OCT050000-00,0.0740,12.52,yes
2026-10-05T03:57:35.438247Z,KXBTC15M-26OCT050000-00,0.0740,125.22,yes
2026-10-05T03:57:35.4951Z,KXBTC15M-26OCT050000-00,0.0740,12.52,yes
2026-10-05T03:57:35.510474Z,KXBTC15M-26OCT050000-00,0.0740,17.00,yes
2026-10-05T03:57:35.534714Z,KXBTC15M-26OCT050000-00,0.0730,5.26,no
2026-10-05T03:57:35.537916Z,KXBTC15M-26OCT050000-00,0.0740,100.50,yes
2026-10-05T03:57:35.548699Z,KXBTC15M-26OCT050000-00,0.0730,26.53,no
2026-10-05T03:57:35.552997Z,KXBTC15M-26OCT050000-00,0.0740,86.06,yes
2026-10-05T03:57:35.562303Z,KXBTC15M-26OCT050000-00,0.0730,10.52,no
2026-10-05T03:57:35.564987Z,KXBTC15M-26OCT050000-00,0.0740,500.00,yes
2026-10-05T03:57:35.564987Z,KXBTC15M-26OCT050000-00,0.0800,50.00,yes
2026-10-05T03:57:35.564987Z,KXBTC15M-26OCT050000-00,0.0740,7.00,yes
2026-10-05T03:57:35.564987Z,KXBTC15M-26OCT050000-00,0.0820,548.79,yes
2026-10-05T03:57:35.564987Z,KXBTC15M-26OCT050000-00,0.0770,1047.00,yes
2026-10-05T03:57:35.564987Z,KXBTC15M-26OCT050000-00,0.0800,1.00,yes
2026-10-05T03:57:35.564987Z,KXBTC15M-26OCT050000-00,0.0790,1047.00,yes
2026-10-05T03:57:35.564987Z,KXBTC15M-26OCT050000-00,0.0750,1000.00,yes
2026-10-05T03:57:35.564987Z,KXBTC15M-26OCT050000-00,0.0740,10.00,yes
2026-10-05T03:57:35.564987Z,KXBTC15M-26OCT050000-00,0.0740,2460.90,yes
2026-10-05T03:57:35.564987Z,KXBTC15M-26OCT050000-00,0.0740,0.01,yes
2026-10-05T03:57:35.564987Z,KXBTC15M-26OCT050000-00,0.0800,93.75,yes
2026-10-05T03:57:35.564987Z,KXBTC15M-26OCT050000-00,0.0800,93.75,yes
2026-10-05T03:57:35.564987Z,KXBTC15M-26OCT050000-00,0.0800,64.00,yes
2026-10-05T03:57:35.564987Z,KXBTC15M-26OCT050000-00,0.0800,15.00,yes
2026-10-05T03:57:35.564987Z,KXBTC15M-26OCT050000-00,0.0740,154.00,yes
2026-10-05T03:57:35.564987Z,KXBTC15M-26OCT050000-00,0.0800,15.00,yes
2026-10-05T03:57:35.564987Z,KXBTC15M-26OCT050000-00,0.0750,286.24,yes
2026-10-05T03:57:35.564987Z,KXBTC15M-26OCT050000-00,0.0740,400.00,yes
2026-10-05T03:57:35.564987Z,KXBTC15M-26OCT050000-00,0.0740,600.00,yes
2026-10-05T03:57:35.564987Z,KXBTC15M-26OCT050000-00,0.0740,100.00,yes
2026-10-05T03:57:35.564987Z,KXBTC15M-26OCT050000-00,0.0740,0.01,yes
2026-10-05T03:57:35.564987Z,KXBTC15M-26OCT050000-00,0.0810,24.00,yes
2026-10-05T03:57:35.585863Z,KXBTC15M-26OCT050000-00,0.0810,25.00,yes
2026-10-05T03:57:35.610288Z,KXBTC15M-26OCT050000-00,0.0810,22.88,yes
2026-10-05T03:57:35.626229Z,KXBTC15M-26OCT050000-00,0.0810,21.77,yes
2026-10-05T03:57:35.687516Z,KXBTC15M-26OCT050000-00,0.0810,55.35,yes
2026-10-05T03:57:35.687516Z,KXBTC15M-26OCT050000-00,0.0810,270.45,yes
2026-10-05T03:57:35.687516Z,KXBTC15M-26OCT050000-00,0.0810,0.01,yes
2026-10-05T03:57:35.687516Z,KXBTC15M-26OCT050000-00,0.0810,0.01,yes
2026-10-05T03:57:35.693255Z,KXBTC15M-26OCT050000-00,0.0900,200.00,yes
2026-10-05T03:57:35.693255Z,KXBTC15M-26OCT050000-00,0.0900,15.00,yes
2026-10-05T03:57:35.693255Z,KXBTC15M-26OCT050000-00,0.0900,93.75,yes
2026-10-05T03:57:35.693255Z,KXBTC15M-26OCT050000-00,0.0880,100.00,yes
2026-10-05T03:57:35.693255Z,KXBTC15M-26OCT050000-00,0.0900,15.00,yes
2026-10-05T03:57:35.693255Z,KXBTC15M-26OCT050000-00,0.0900,50.00,yes
2026-10-05T03:57:35.693255Z,KXBTC15M-26OCT050000-00,0.0850,162.00,yes
2026-10-05T03:57:35.693255Z,KXBTC15M-26OCT050000-00,0.0900,93.75,yes
2026-10-05T03:57:35.693255Z,KXBTC15M-26OCT050000-00,0.0870,49.00,yes
2026-10-05T03:57:35.693255Z,KXBTC15M-26OCT050000-00,0.0870,2.00,yes
2026-10-05T03:57:35.693255Z,KXBTC15M-26OCT050000-00,0.0810,1.00,yes
2026-10-05T03:57:35.693255Z,KXBTC15M-26OCT050000-00,0.0880,2.00,yes
2026-10-05T03:57:35.693255Z,KXBTC15M-26OCT050000-00,0.0880,150.00,yes
2026-10-05T03:57:35.693255Z,KXBTC15M-26OCT050000-00,0.0810,10.00,yes
2026-10-05T03:57:35.693255Z,KXBTC15M-26OCT050000-00,0.0830,26.00,yes
2026-10-05T03:57:35.693255Z,KXBTC15M-26OCT050000-00,0.0860,2.00,yes
2026-10-05T03:57:35.693255Z,KXBTC15M-26OCT050000-00,0.0920,435.04,yes
2026-10-05T03:57:35.693255Z,KXBTC15M-26OCT050000-00,0.0860,7.00,yes
2026-10-05T03:57:35.693255Z,KXBTC15M-26OCT050000-00,0.0810,129.55,yes
2026-10-05T03:57:35.693255Z,KXBTC15M-26OCT050000-00,0.0870,133.00,yes
2026-10-05T03:57:35.695898Z,KXBTC15M-26OCT050000-00,0.0800,32.23,no
2026-10-05T03:57:35.758435Z,KXBTC15M-26OCT050000-00,0.0810,0.01,yes
2026-10-05T03:57:35.758435Z,KXBTC15M-26OCT050000-00,0.0810,66.45,yes
2026-10-05T03:57:35.788216Z,KXBTC15M-26OCT050000-00,0.0810,34.54,yes
2026-10-05T03:57:35.788216Z,KXBTC15M-26OCT050000-00,0.0810,0.01,yes
2026-10-05T03:57:35.788216Z,KXBTC15M-26OCT050000-00,0.0810,33.55,yes
2026-10-05T03:57:35.792779Z,KXBTC15M-26OCT050000-00,0.0800,5.37,no
2026-10-05T03:57:35.811308Z,KXBTC15M-26OCT050000-00,0.0800,0.53,no
2026-10-05T03:57:35.828155Z,KXBTC15M-26OCT050000-00,0.0800,0.42,no
2026-10-05T03:57:35.870151Z,KXBTC15M-26OCT050000-00,0.0820,200.00,yes
2026-10-05T03:57:35.870151Z,KXBTC15M-26OCT050000-00,0.0810,1.00,yes
2026-10-05T03:57:35.870151Z,KXBTC15M-26OCT050000-00,0.0810,100.00,yes
2026-10-05T03:57:35.870151Z,KXBTC15M-26OCT050000-00,0.0820,122.79,yes
2026-10-05T03:57:35.870151Z,KXBTC15M-26OCT050000-00,0.0810,400.00,yes
2026-10-05T03:57:35.870151Z,KXBTC15M-26OCT050000-00,0.0810,0.01,yes
2026-10-05T03:57:35.870151Z,KXBTC15M-26OCT050000-00,0.0810,0.01,yes
2026-10-05T03:57:35.89139Z,KXBTC15M-26OCT050000-00,0.0820,0.01,yes
2026-10-05T03:57:35.89139Z,KXBTC15M-26OCT050000-00,0.0820,0.01,yes
2026-10-05T03:57:35.89139Z,KXBTC15M-26OCT050000-00,0.0820,11.09,yes
2026-10-05T03:57:35.896953Z,KXBTC15M-26OCT050000-00,0.0810,0.01,no
2026-10-05T03:57:35.896953Z,KXBTC15M-26OCT050000-00,0.0810,0.01,no
2026-10-05T03:57:35.896953Z,KXBTC15M-26OCT050000-00,0.0800,535.31,no
2026-10-05T03:57:35.914932Z,KXBTC15M-26OCT050000-00,0.0820,10.39,yes
2026-10-05T03:57:35.935378Z,KXBTC15M-26OCT050000-00,0.0820,100.49,yes
2026-10-05T03:57:35.958978Z,KXBTC15M-26OCT050000-00,0.0800,162.42,no
2026-10-05T03:57:35.958978Z,KXBTC15M-26OCT050000-00,0.0810,0.01,no
2026-10-05T03:57:35.958978Z,KXBTC15M-26OCT050000-00,0.0810,0.01,no
2026-10-05T03:57:35.962794Z,KXBTC15M-26OCT050000-00,0.0820,11.11,yes
2026-10-05T03:57:35.963181Z,KXBTC15M-26OCT050000-00,0.0800,7.51,no
2026-10-05T03:57:35.99823Z,KXBTC15M-26OCT050000-00,0.0800,21.59,no
2026-10-05T03:57:35.99823Z,KXBTC15M-26OCT050000-00,0.0810,0.01,no
2026-10-05T03:57:35.99823Z,KXBTC15M-26OCT050000-00,0.0810,0.01,no
2026-10-05T03:57:35.999262Z,KXBTC15M-26OCT050000-00,0.0820,11.11,yes
2026-10-05T03:57:36.000201Z,KXBTC15M-26OCT050000-00,0.0820,11.11,yes
2026-10-05T03:57:36.015111Z,KXBTC15M-26OCT050000-00,0.0800,183.73,no
2026-10-05T03:57:36.015111Z,KXBTC15M-26OCT050000-00,0.0810,0.01,no
2026-10-05T03:57:36.015111Z,KXBTC15M-26OCT050000-00,0.0810,0.01,no
2026-10-05T03:57:36.020281Z,KXBTC15M-26OCT050000-00,0.0820,79.12,yes
2026-10-05T03:57:36.022868Z,KXBTC15M-26OCT050000-00,0.0820,11.45,yes
2026-10-05T03:57:36.034266Z,KXBTC15M-26OCT050000-00,0.0820,113.67,yes
2026-10-05T03:57:36.036975Z,KXBTC15M-26OCT050000-00,0.0820,3.82,yes
2026-10-05T03:57:36.064385Z,KXBTC15M-26OCT050000-00,0.0820,0.01,yes
2026-10-05T03:57:36.064385Z,KXBTC15M-26OCT050000-00,0.0820,29.54,yes
2026-10-05T03:57:36.064385Z,KXBTC15M-26OCT050000-00,0.0820,47.73,yes
2026-10-05T03:57:36.064385Z,KXBTC15M-26OCT050000-00,0.0820,0.01,yes
2026-10-05T03:57:36.073871Z,KXBTC15M-26OCT050000-00,0.0820,2.97,yes
2026-10-05T03:57:36.091826Z,KXBTC15M-26OCT050000-00,0.0800,0.01,no
2026-10-05T03:57:36.091826Z,KXBTC15M-26OCT050000-00,0.0800,97.89,no
2026-10-05T03:57:36.091826Z,KXBTC15M-26OCT050000-00,0.0800,0.01,no
2026-10-05T03:57:36.091826Z,KXBTC15M-26OCT050000-00,0.0810,0.01,no
2026-10-05T03:57:36.091826Z,KXBTC15M-26OCT050000-00,0.0810,0.01,no
2026-10-05T03:57:36.091826Z,KXBTC15M-26OCT050000-00,0.0800,226.34,no
2026-10-05T03:57:36.092034Z,KXBTC15M-26OCT050000-00,0.0820,10.99,yes
2026-10-05T03:57:36.099914Z,KXBTC15M-26OCT050000-00,0.0810,55.21,yes
2026-10-05T03:57:36.104036Z,KXBTC15M-26OCT050000-00,0.0810,9.88,yes
2026-10-05T03:57:36.105196Z,KXBTC15M-26OCT050000-00,0.0800,26.95,no
2026-10-05T03:57:36.105966Z,KXBTC15M-26OCT050000-00,0.0800,79.77,no
2026-10-05T03:57:36.125386Z,KXBTC15M-26OCT050000-00,0.0800,500.00,no
2026-10-05T03:57:36.125386Z,KXBTC15M-26OCT050000-00,0.0800,1.00,no
2026-10-05T03:57:36.125386Z,KXBTC15M-26OCT050000-00,0.0790,85.00,no
2026-10-05T03:57:36.125386Z,KXBTC15M-26OCT050000-00,0.0790,9.00,no
2026-10-05T03:57:36.125386Z,KXBTC15M-26OCT050000-00,0.0790,483.68,no
2026-10-05T03:57:36.125386Z,KXBTC15M-26OCT050000-00,0.0800,0.01,no
2026-10-05T03:57:36.125386Z,KXBTC15M-26OCT050000-00,0.0800,0.01,no
2026-10-05T03:57:36.131679Z,KXBTC15M-26OCT050000-00,0.0780,883.98,no
2026-10-05T03:57:36.131679Z,KXBTC15M-26OCT050000-00,0.0800,0.01,no
2026-10-05T03:57:36.131679Z,KXBTC15M-26OCT050000-00,0.0790,107.32,no
2026-10-05T03:57:36.131679Z,KXBTC15M-26OCT050000-00,0.0790,9.00,no
2026-10-05T03:57:36.149299Z,KXBTC15M-26OCT050000-00,0.0780,3.32,no
2026-10-05T03:57:36.149299Z,KXBTC15M-26OCT050000-00,0.0800,0.01,no
2026-10-05T03:57:36.149299Z,KXBTC15M-26OCT050000-00,0.0790,0.01,no
2026-10-05T03:57:36.17978Z,KXBTC15M-26OCT050000-00,0.0790,19.76,yes
2026-10-05T03:57:36.17978Z,KXBTC15M-26OCT050000-00,0.0790,0.01,yes
2026-10-05T03:57:36.17978Z,KXBTC15M-26OCT050000-00,0.0790,0.01,yes
2026-10-05T03:57:36.190974Z,KXBTC15M-26OCT050000-00,0.0790,80.24,yes
2026-10-05T03:57:36.190974Z,KXBTC15M-26OCT050000-00,0.0790,7.00,yes
2026-10-05T03:57:36.190974Z,KXBTC15M-26OCT050000-00,0.0800,200.00,yes
2026-10-05T03:57:36.190974Z,KXBTC15M-26OCT050000-00,0.0790,0.01,yes
2026-10-05T03:57:36.190974Z,KXBTC15M-26OCT050000-00,0.0790,400.00,yes
2026-10-05T03:57:36.190974Z,KXBTC15M-26OCT050000-00,0.0790,0.01,yes
2026-10-05T03:57:36.190974Z,KXBTC15M-26OCT050000-00,0.0800,135.81,yes
2026-10-05T03:57:36.194213Z,KXBTC15M-26OCT050000-00,0.0800,57.99,yes
2026-10-05T03:57:36.229129Z,KXBTC15M-26OCT050000-00,0.0780,10.58,no
2026-10-05T03:57:36.247269Z,KXBTC15M-26OCT050000-00,0.0790,7.00,yes
2026-10-05T03:57:36.247269Z,KXBTC15M-26OCT050000-00,0.0790,0.01,yes
2026-10-05T03:57:36.247269Z,KXBTC15M-26OCT050000-00,0.0790,0.01,yes
2026-10-05T03:57:36.247269Z,KXBTC15M-26OCT050000-00,0.0790,69.28,yes
2026-10-05T03:57:36.252393Z,KXBTC15M-26OCT050000-00,0.0790,11.59,yes
2026-10-05T03:57:36.252553Z,KXBTC15M-26OCT050000-00,0.0790,115.78,yes
2026-10-05T03:57:36.252553Z,KXBTC15M-26OCT050000-00,0.0790,84.00,yes
2026-10-05T03:57:36.252553Z,KXBTC15M-26OCT050000-00,0.0790,19.13,yes
2026-10-05T03:57:36.252553Z,KXBTC15M-26OCT050000-00,0.0790,28.00,yes
2026-10-05T03:57:36.275198Z,KXBTC15M-26OCT050000-00,0.0790,7.42,yes
2026-10-05T03:57:36.275198Z,KXBTC15M-26OCT050000-00,0.0790,0.01,yes
2026-10-05T03:57:36.275198Z,KXBTC15M-26OCT050000-00,0.0790,0.01,yes
2026-10-05T03:57:36.292974Z,KXBTC15M-26OCT050000-00,0.0790,2.23,yes
2026-10-05T03:57:36.332226Z,KXBTC15M-26OCT050000-00,0.0790,143.85,yes
2026-10-05T03:57:36.332226Z,KXBTC15M-26OCT050000-00,0.0790,0.01,yes
2026-10-05T03:57:36.332226Z,KXBTC15M-26OCT050000-00,0.0790,0.01,yes
2026-10-05T03:57:36.332226Z,KXBTC15M-26OCT050000-00,0.0790,90.35,yes
2026-10-05T03:57:36.343203Z,KXBTC15M-26OCT050000-00,0.0780,0.21,no
2026-10-05T03:57:36.383314Z,KXBTC15M-26OCT050000-00,0.0790,4.89,yes
2026-10-05T03:57:36.383314Z,KXBTC15M-26OCT050000-00,0.0790,0.01,yes
2026-10-05T03:57:36.383314Z,KXBTC15M-26OCT050000-00,0.0790,0.01,yes
2026-10-05T03:57:36.460615Z,KXBTC15M-26OCT050000-00,0.0790,59.15,yes
2026-10-05T03:57:36.467214Z,KXBTC15M-26OCT050000-00,0.0790,6.55,yes
2026-10-05T03:57:36.47873Z,KXBTC15M-26OCT050000-00,0.0790,6.14,yes
2026-10-05T03:57:36.481Z,KXBTC15M-26OCT050000-00,0.0780,148.91,no
2026-10-05T03:57:36.481Z,KXBTC15M-26OCT050000-00,0.0780,168.80,no
2026-10-05T03:57:36.481Z,KXBTC15M-26OCT050000-00,0.0780,0.01,no
2026-10-05T03:57:36.481Z,KXBTC15M-26OCT050000-00,0.0780,0.01,no
2026-10-05T03:57:36.491798Z,KXBTC15M-26OCT050000-00,0.0790,30.57,yes
2026-10-05T03:57:36.499705Z,KXBTC15M-26OCT050000-00,0.0790,100.90,yes
2026-10-05T03:57:36.549855Z,KXBTC15M-26OCT050000-00,0.0790,2.00,yes
2026-10-05T03:57:36.552986Z,KXBTC15M-26OCT050000-00,0.0770,2.09,no
2026-10-05T03:57:36.552986Z,KXBTC15M-26OCT050000-00,0.0780,0.01,no
2026-10-05T03:57:36.552986Z,KXBTC15M-26OCT050000-00,0.0780,0.01,no
2026-10-05T03:57:36.553176Z,KXBTC15M-26OCT050000-00,0.0790,10.00,yes
2026-10-05T03:57:36.613219Z,KXBTC15M-26OCT050000-00,0.0790,5.87,yes
2026-10-05T03:57:36.652747Z,KXBTC15M-26OCT050000-00,0.0790,52.00,yes
2026-10-05T03:57:36.683485Z,KXBTC15M-26OCT050000-00,0.0790,120.90,yes
2026-10-05T03:57:36.697064Z,KXBTC15M-26OCT050000-00,0.0780,9.00,no
2026-10-05T03:57:36.697064Z,KXBTC15M-26OCT050000-00,0.0770,12.59,no
2026-10-05T03:57:36.697064Z,KXBTC15M-26OCT050000-00,0.0780,0.01,no
2026-10-05T03:57:36.697064Z,KXBTC15M-26OCT050000-00,0.0780,0.01,no
2026-10-05T03:57:36.703661Z,KXBTC15M-26OCT050000-00,0.0770,2.11,no
2026-10-05T03:57:36.717312Z,KXBTC15M-26OCT050000-00,0.0780,0.01,no
2026-10-05T03:57:36.717312Z,KXBTC15M-26OCT050000-00,0.0780,2.09,no
2026-10-05T03:57:36.717312Z,KXBTC15M-26OCT050000-00,0.0780,0.01,no
2026-10-05T03:57:36.746147Z,KXBTC15M-26OCT050000-00,0.0790,5.95,yes
2026-10-05T03:57:36.746147Z,KXBTC15M-26OCT050000-00,0.0790,0.01,yes
2026-10-05T03:57:36.746147Z,KXBTC15M-26OCT050000-00,0.0790,5.92,yes
2026-10-05T03:57:36.746147Z,KXBTC15M-26OCT050000-00,0.0790,0.01,yes
2026-10-05T03:57:36.751192Z,KXBTC15M-26OCT050000-00,0.0780,0.15,no
2026-10-05T03:57:36.751192Z,KXBTC15M-26OCT050000-00,0.0780,0.01,no
2026-10-05T03:57:36.751192Z,KXBTC15M-26OCT050000-00,0.0780,0.01,no
2026-10-05T03:57:36.751192Z,KXBTC15M-26OCT050000-00,0.0780,2.09,no
2026-10-05T03:57:36.751192Z,KXBTC15M-26OCT050000-00,0.0780,6.91,no
2026-10-05T03:57:36.754512Z,KXBTC15M-26OCT050000-00,0.0780,0.85,no
2026-10-05T03:57:36.754512Z,KXBTC15M-26OCT050000-00,0.0770,53.99,no
2026-10-05T03:57:36.754512Z,KXBTC15M-26OCT050000-00,0.0770,131.21,no
2026-10-05T03:57:36.756787Z,KXBTC15M-26OCT050000-00,0.0790,5.87,yes
2026-10-05T03:57:36.761171Z,KXBTC15M-26OCT050000-00,0.0790,14.36,yes
2026-10-05T03:57:36.768557Z,KXBTC15M-26OCT050000-00,0.0790,12.94,yes
2026-10-05T03:57:36.779307Z,KXBTC15M-26OCT050000-00,0.0790,59.45,yes
2026-10-05T03:57:36.851954Z,KXBTC15M-26OCT050000-00,0.0790,1.43,yes
2026-10-05T03:57:36.851954Z,KXBTC15M-26OCT050000-00,0.0790,6.57,yes
2026-10-05T03:57:36.86124Z,KXBTC15M-26OCT050000-00,0.0790,11.89,yes
2026-10-05T03:57:36.887449Z,KXBTC15M-26OCT050000-00,0.0780,0.01,no
2026-10-05T03:57:36.887449Z,KXBTC15M-26OCT050000-00,0.0770,47.64,no
2026-10-05T03:57:36.887449Z,KXBTC15M-26OCT050000-00,0.0780,0.01,no
2026-10-05T03:57:36.892032Z,KXBTC15M-26OCT050000-00,0.0770,0.75,no
2026-10-05T03:57:36.893069Z,KXBTC15M-26OCT050000-00,0.0790,24.59,yes
2026-10-05T03:57:36.897507Z,KXBTC15M-26OCT050000-00,0.0780,0.01,no
2026-10-05T03:57:36.897507Z,KXBTC15M-26OCT050000-00,0.0770,21.99,no
2026-10-05T03:57:36.925996Z,KXBTC15M-26OCT050000-00,0.0790,11.89,yes
2026-10-05T03:57:36.933782Z,KXBTC15M-26OCT050000-00,0.0790,7.00,yes
2026-10-05T03:57:36.933782Z,KXBTC15M-26OCT050000-00,0.0790,185.72,yes
2026-10-05T03:57:36.933782Z,KXBTC15M-26OCT050000-00,0.0790,0.01,yes
2026-10-05T03:57:36.933782Z,KXBTC15M-26OCT050000-00,0.0790,7.00,yes
2026-10-05T03:57:36.933782Z,KXBTC15M-26OCT050000-00,0.0790,29.06,yes
2026-10-05T03:57:36.933782Z,KXBTC15M-26OCT050000-00,0.0790,0.01,yes
2026-10-05T03:57:36.960413Z,KXBTC15M-26OCT050000-00,0.0790,11.76,yes
2026-10-05T03:57:36.960413Z,KXBTC15M-26OCT050000-00,0.0790,0.01,yes
2026-10-05T03:57:36.960413Z,KXBTC15M-26OCT050000-00,0.0790,0.01,yes
2026-10-05T03:57:37.004754Z,KXBTC15M-26OCT050000-00,0.0780,0.01,no
2026-10-05T03:57:37.004754Z,KXBTC15M-26OCT050000-00,0.0780,0.01,no
2026-10-05T03:57:37.004754Z,KXBTC15M-26OCT050000-00,0.0770,2.13,no
2026-10-05T03:57:37.025299Z,KXBTC15M-26OCT050000-00,0.0790,24.69,yes
2026-10-05T03:57:37.025299Z,KXBTC15M-26OCT050000-00,0.0790,0.01,yes
2026-10-05T03:57:37.025299Z,KXBTC15M-26OCT050000-00,0.0790,0.01,yes
2026-10-05T03:57:37.041152Z,KXBTC15M-26OCT050000-00,0.0790,154.59,yes
2026-10-05T03:57:37.060786Z,KXBTC15M-26OCT050000-00,0.0790,38.89,yes
2026-10-05T03:57:37.069584Z,KXBTC15M-26OCT050000-00,0.0790,181.83,yes
2026-10-05T03:57:37.069584Z,KXBTC15M-26OCT050000-00,0.0790,0.01,yes
2026-10-05T03:57:37.069584Z,KXBTC15M-26OCT050000-00,0.0790,0.01,yes
2026-10-05T03:57:37.069584Z,KXBTC15M-26OCT050000-00,0.0790,63.62,yes
2026-10-05T03:57:37.094345Z,KXBTC15M-26OCT050000-00,0.0790,64.50,yes
2026-10-05T03:57:37.094345Z,KXBTC15M-26OCT050000-00,0.0790,36.38,yes
2026-10-05T03:57:37.094345Z,KXBTC15M-26OCT050000-00,0.0790,0.01,yes
2026-10-05T03:57:37.094345Z,KXBTC15M-26OCT050000-00,0.0790,0.01,yes
2026-10-05T03:57:37.137364Z,KXBTC15M-26OCT050000-00,0.0780,0.01,no
2026-10-05T03:57:37.137364Z,KXBTC15M-26OCT050000-00,0.0780,0.01,no
2026-10-05T03:57:37.137364Z,KXBTC15M-26OCT050000-00,0.0780,9.98,no
2026-10-05T03:57:37.142961Z,KXBTC15M-26OCT050000-00,0.0780,51.91,no
2026-10-05T03:57:37.166777Z,KXBTC15M-26OCT050000-00,0.0790,7.62,yes
2026-10-05T03:57:37.204412Z,KXBTC15M-26OCT050000-00,0.0760,310.74,no
2026-10-05T03:57:37.204412Z,KXBTC15M-26OCT050000-00,0.0770,245.49,no
2026-10-05T03:57:37.204412Z,KXBTC15M-26OCT050000-00,0.0770,200.00,no
2026-10-05T03:57:37.204412Z,KXBTC15M-26OCT050000-00,0.0770,88.00,no
2026-10-05T03:57:37.204412Z,KXBTC15M-26OCT050000-00,0.0770,88.00,no
2026-10-05T03:57:37.204412Z,KXBTC15M-26OCT050000-00,0.0780,0.01,no
2026-10-05T03:57:37.204412Z,KXBTC15M-26OCT050000-00,0.0770,150.00,no
2026-10-05T03:57:37.204412Z,KXBTC15M-26OCT050000-00,0.0780,0.01,no
2026-10-05T03:57:37.212123Z,KXBTC15M-26OCT050000-00,0.0790,7.70,yes
2026-10-05T03:57:37.213052Z,KXBTC15M-26OCT050000-00,0.0790,43.76,yes
2026-10-05T03:57:37.235472Z,KXBTC15M-26OCT050000-00,0.0790,6.33,yes
2026-10-05T03:57:37.310643Z,KXBTC15M-26OCT050000-00,0.0780,0.01,no
2026-10-05T03:57:37.310643Z,KXBTC15M-26OCT050000-00,0.0770,63.55,no
2026-10-05T03:57:37.310643Z,KXBTC15M-26OCT050000-00,0.0780,0.01,no
2026-10-05T03:57:37.33876Z,KXBTC15M-26OCT050000-00,0.0780,0.01,yes
2026-10-05T03:57:37.33876Z,KXBTC15M-26OCT050000-00,0.0790,11.87,yes
2026-10-05T03:57:37.33876Z,KXBTC15M-26OCT050000-00,0.0780,0.01,yes
2026-10-05T03:57:37.369648Z,KXBTC15M-26OCT050000-00,0.0780,0.01,yes
2026-10-05T03:57:37.369648Z,KXBTC15M-26OCT050000-00,0.0780,6.56,yes
2026-10-05T03:57:37.369648Z,KXBTC15M-26OCT050000-00,0.0780,0.01,yes
2026-10-05T03:57:37.369648Z,KXBTC15M-26OCT050000-00,0.0780,21.00,yes
2026-10-05T03:57:37.376959Z,KXBTC15M-26OCT050000-00,0.0780,11.89,yes
2026-10-05T03:57:37.394593Z,KXBTC15M-26OCT050000-00,0.0770,1.05,no
2026-10-05T03:57:37.394593Z,KXBTC15M-26OCT050000-00,0.0770,0.01,no
2026-10-05T03:57:37.394593Z,KXBTC15M-26OCT050000-00,0.0770,0.01,no
2026-10-05T03:57:37.397943Z,KXBTC15M-26OCT050000-00,0.0780,127.27,yes
2026-10-05T03:57:37.397943Z,KXBTC15M-26OCT050000-00,0.0780,0.01,yes
2026-10-05T03:57:37.397943Z,KXBTC15M-26OCT050000-00,0.0780,0.01,yes
2026-10-05T03:57:37.400143Z,KXBTC15M-26OCT050000-00,0.0760,8.97,no
2026-10-05T03:57:37.400143Z,KXBTC15M-26OCT050000-00,0.0770,8.00,no
2026-10-05T03:57:37.400143Z,KXBTC15M-26OCT050000-00,0.0770,0.01,no
2026-10-05T03:57:37.462736Z,KXBTC15M-26OCT050000-00,0.0780,11.89,yes
2026-10-05T03:57:37.481408Z,KXBTC15M-26OCT050000-00,0.0780,10.00,yes
2026-10-05T03:57:37.492227Z,KXBTC15M-26OCT050000-00,0.0780,0.01,yes
2026-10-05T03:57:37.492227Z,KXBTC15M-26OCT050000-00,0.0780,1.10,yes
2026-10-05T03:57:37.492227Z,KXBTC15M-26OCT050000-00,0.0780,0.01,yes
2026-10-05T03:57:37.533897Z,KXBTC15M-26OCT050000-00,0.0760,211.18,no
2026-10-05T03:57:37.533897Z,KXBTC15M-26OCT050000-00,0.0770,0.01,no
2026-10-05T03:57:37.533897Z,KXBTC15M-26OCT050000-00,0.0770,0.01,no
2026-10-05T03:57:37.541483Z,KXBTC15M-26OCT050000-00,0.0780,5.90,yes
2026-10-05T03:57:37.541483Z,KXBTC15M-26OCT050000-00,0.0780,28.58,yes
2026-10-05T03:57:37.551775Z,KXBTC15M-26OCT050000-00,0.0770,5.37,no
2026-10-05T03:57:37.551775Z,KXBTC15M-26OCT050000-00,0.0770,0.01,no
2026-10-05T03:57:37.572287Z,KXBTC15M-26OCT050000-00,0.0780,15.47,yes
2026-10-05T03:57:37.574697Z,KXBTC15M-26OCT050000-00,0.0780,118.91,yes
2026-10-05T03:57:37.57956Z,KXBTC15M-26OCT050000-00,0.0760,5.36,no
2026-10-05T03:57:37.57956Z,KXBTC15M-26OCT050000-00,0.0770,0.01,no
2026-10-05T03:57:37.57956Z,KXBTC15M-26OCT050000-00,0.0770,0.01,no
2026-10-05T03:57:37.612522Z,KXBTC15M-26OCT050000-00,0.0770,1.01,yes
2026-10-05T03:57:37.612522Z,KXBTC15M-26OCT050000-00,0.0770,1.00,yes
2026-10-05T03:57:37.612522Z,KXBTC15M-26OCT050000-00,0.0770,0.01,yes
2026-10-05T03:57:37.612522Z,KXBTC15M-26OCT050000-00,0.0770,0.01,yes
2026-10-05T03:57:37.612522Z,KXBTC15M-26OCT050000-00,0.0770,3.91,yes
2026-10-05T03:57:37.617855Z,KXBTC15M-26OCT050000-00,0.0770,16.47,yes
2026-10-05T03:57:37.677397Z,KXBTC15M-26OCT050000-00,0.0770,7.85,yes
2026-10-05T03:57:37.678293Z,KXBTC15M-26OCT050000-00,0.0770,23.93,yes
2026-10-05T03:57:37.793003Z,KXBTC15M-26OCT050000-00,0.0760,0.01,no
2026-10-05T03:57:37.793003Z,KXBTC15M-26OCT050000-00,0.0760,150.00,no
2026-10-05T03:57:37.793003Z,KXBTC15M-26OCT050000-00,0.0760,0.01,no
2026-10-05T03:57:37.796821Z,KXBTC15M-26OCT050000-00,0.0770,1.00,yes
2026-10-05T03:57:37.796821Z,KXBTC15M-26OCT050000-00,0.0770,368.22,yes
2026-10-05T03:57:37.796821Z,KXBTC15M-26OCT050000-00,0.0770,200.00,yes
2026-10-05T03:57:37.796821Z,KXBTC15M-26OCT050000-00,0.0770,56.00,yes
2026-10-05T03:57:37.796821Z,KXBTC15M-26OCT050000-00,0.0770,55.05,yes
2026-10-05T03:57:37.796821Z,KXBTC15M-26OCT050000-00,0.0770,0.01,yes
2026-10-05T03:57:37.796821Z,KXBTC15M-26OCT050000-00,0.0770,0.01,yes
2026-10-05T03:57:37.796821Z,KXBTC15M-26OCT050000-00,0.0760,70.00,yes
2026-10-05T03:57:37.796821Z,KXBTC15M-26OCT050000-00,0.0770,100.00,yes
2026-10-05T03:57:37.801736Z,KXBTC15M-26OCT050000-00,0.0770,0.95,yes
2026-10-05T03:57:37.801736Z,KXBTC15M-26OCT050000-00,0.0770,7.00,yes
2026-10-05T03:57:37.801736Z,KXBTC15M-26OCT050000-00,0.0770,319.65,yes
2026-10-05T03:57:37.809333Z,KXBTC15M-26OCT050000-00,0.0760,60.21,yes
2026-10-05T03:57:37.814371Z,KXBTC15M-26OCT050000-00,0.0760,50.42,yes
2026-10-05T03:57:37.814371Z,KXBTC15M-26OCT050000-00,0.0760,9.79,yes
2026-10-05T03:57:37.833662Z,KXBTC15M-26OCT050000-00,0.0760,0.35,yes
2026-10-05T03:57:37.863178Z,KXBTC15M-26OCT050000-00,0.0750,0.01,no
2026-10-05T03:57:37.863178Z,KXBTC15M-26OCT050000-00,0.0750,0.01,no
2026-10-05T03:57:37.863178Z,KXBTC15M-26OCT050000-00,0.0750,32.00,no
2026-10-05T03:57:37.879275Z,KXBTC15M-26OCT050000-00,0.0730,10.00,yes
2026-10-05T03:57:37.879275Z,KXBTC15M-26OCT050000-00,0.0730,1.64,yes
2026-10-05T03:57:37.893249Z,KXBTC15M-26OCT050000-00,0.0730,10.00,yes
2026-10-05T03:57:37.897971Z,KXBTC15M-26OCT050000-00,0.0730,10.00,yes
2026-10-05T03:57:37.983233Z,KXBTC15M-26OCT050000-00,0.0730,24.39,yes
2026-10-05T03:57:38.038116Z,KXBTC15M-26OCT050000-00,0.0730,12.04,yes
2026-10-05T03:57:38.057626Z,KXBTC15M-26OCT050000-00,0.0730,20.00,yes
2026-10-05T03:57:38.082752Z,KXBTC15M-26OCT050000-00,0.0730,10.64,yes
2026-10-05T03:57:38.106009Z,KXBTC15M-26OCT050000-00,0.0730,24.08,yes
2026-10-05T03:57:38.112825Z,KXBTC15M-26OCT050000-00,0.0720,0.01,no
2026-10-05T03:57:38.112825Z,KXBTC15M-26OCT050000-00,0.0720,0.77,no
2026-10-05T03:57:38.112825Z,KXBTC15M-26OCT050000-00,0.0720,0.01,no
2026-10-05T03:57:38.112825Z,KXBTC15M-26OCT050000-00,0.0720,1.00,no
2026-10-05T03:57:38.134808Z,KXBTC15M-26OCT050000-00,0.0730,107.41,yes
2026-10-05T03:57:38.140215Z,KXBTC15M-26OCT050000-00,0.0730,10.00,yes
2026-10-05T03:57:38.140215Z,KXBTC15M-26OCT050000-00,0.0760,2.00,yes
2026-10-05T03:57:38.140215Z,KXBTC15M-26OCT050000-00,0.0740,2.00,yes
2026-10-05T03:57:38.140215Z,KXBTC15M-26OCT050000-00,0.0730,2.00,yes
2026-10-05T03:57:38.140215Z,KXBTC15M-26OCT050000-00,0.0730,500.00,yes
2026-10-05T03:57:38.140215Z,KXBTC15M-26OCT050000-00,0.0760,1.00,yes
2026-10-05T03:57:38.140215Z,KXBTC15M-26OCT050000-00,0.0730,2920.80,yes
2026-10-05T03:57:38.140215Z,KXBTC15M-26OCT050000-00,0.0730,100.00,yes
2026-10-05T03:57:38.140215Z,KXBTC15M-26OCT050000-00,0.0790,1047.00,yes
2026-10-05T03:57:38.140215Z,KXBTC15M-26OCT050000-00,0.0770,1.00,yes
2026-10-05T03:57:38.140215Z,KXBTC15M-26OCT050000-00,0.0730,1000.00,yes
2026-10-05T03:57:38.140215Z,KXBTC15M-26OCT050000-00,0.0730,400.00,yes
2026-10-05T03:57:38.140215Z,KXBTC15M-26OCT050000-00,0.0730,600.00,yes
2026-10-05T03:57:38.140215Z,KXBTC15M-26OCT050000-00,0.0730,0.01,yes
2026-10-05T03:57:38.140215Z,KXBTC15M-26OCT050000-00,0.0780,1.00,yes
2026-10-05T03:57:38.140215Z,KXBTC15M-26OCT050000-00,0.0740,261.32,yes
2026-10-05T03:57:38.140215Z,KXBTC15M-26OCT050000-00,0.0730,200.00,yes
2026-10-05T03:57:38.140215Z,KXBTC15M-26OCT050000-00,0.0750,2.00,yes
2026-10-05T03:57:38.140215Z,KXBTC15M-26OCT050000-00,0.0780,2.00,yes
2026-10-05T03:57:38.140215Z,KXBTC15M-26OCT050000-00,0.0760,1047.00,yes
2026-10-05T03:57:38.140215Z,KXBTC15M-26OCT050000-00,0.0770,2.00,yes
2026-10-05T03:57:38.140215Z,KXBTC15M-26OCT050000-00,0.0730,0.01,yes
2026-10-05T03:57:38.149669Z,KXBTC15M-26OCT050000-00,0.0740,0.83,yes
2026-10-05T03:57:38.149669Z,KXBTC15M-26OCT050000-00,0.0730,0.01,yes
2026-10-05T03:57:38.149669Z,KXBTC15M-26OCT050000-00,0.0730,0.01,yes
2026-10-05T03:57:38.151599Z,KXBTC15M-26OCT050000-00,0.0740,59.66,yes
2026-10-05T03:57:38.15788Z,KXBTC15M-26OCT050000-00,0.0730,3.29,yes
2026-10-05T03:57:38.164252Z,KXBTC15M-26OCT050000-00,0.0780,7.00,yes
2026-10-05T03:57:38.164252Z,KXBTC15M-26OCT050000-00,0.0790,7.00,yes
2026-10-05T03:57:38.164252Z,KXBTC15M-26OCT050000-00,0.0790,2.00,yes
2026-10-05T03:57:38.164252Z,KXBTC15M-26OCT050000-00,0.0730,0.01,yes
2026-10-05T03:57:38.164252Z,KXBTC15M-26OCT050000-00,0.0780,2.00,yes
2026-10-05T03:57:38.164252Z,KXBTC15M-26OCT050000-00,0.0770,2.00,yes
2026-10-05T03:57:38.164252Z,KXBTC15M-26OCT050000-00,0.0730,0.01,yes
2026-10-05T03:57:38.164252Z,KXBTC15M-26OCT050000-00,0.0800,11.89,yes
2026-10-05T03:57:38.237296Z,KXBTC15M-26OCT050000-00,0.0770,0.01,yes
2026-10-05T03:57:38.237296Z,KXBTC15M-26OCT050000-00,0.0770,0.01,yes
2026-10-05T03:57:38.237296Z,KXBTC15M-26OCT050000-00,0.0770,9.32,yes
2026-10-05T03:57:38.319422Z,KXBTC15M-26OCT050000-00,0.0770,19.32,yes
2026-10-05T03:57:38.319422Z,KXBTC15M-26OCT050000-00,0.0770,90.68,yes
2026-10-05T03:57:38.341259Z,KXBTC15M-26OCT050000-00,0.0770,0.01,yes
2026-10-05T03:57:38.341259Z,KXBTC15M-26OCT050000-00,0.0770,11.48,yes
2026-10-05T03:57:38.341259Z,KXBTC15M-26OCT050000-00,0.0770,0.01,yes
2026-10-05T03:57:38.36558Z,KXBTC15M-26OCT050000-00,0.0770,20.51,yes
2026-10-05T03:57:38.381809Z,KXBTC15M-26OCT050000-00,0.0760,82.38,no
2026-10-05T03:57:38.413865Z,KXBTC15M-26OCT050000-00,0.0760,4.98,no
2026-10-05T03:57:38.450153Z,KXBTC15M-26OCT050000-00,0.0760,52.22,no
2026-10-05T03:57:38.454221Z,KXBTC15M-26OCT050000-00,0.0760,468.76,no
2026-10-05T03:57:38.520493Z,KXBTC15M-26OCT050000-00,0.0760,63.47,no
2026-10-05T03:57:38.52888Z,KXBTC15M-26OCT050000-00,0.0770,379.49,yes
2026-10-05T03:57:38.52888Z,KXBTC15M-26OCT050000-00,0.0770,0.01,yes
2026-10-05T03:57:38.52888Z,KXBTC15M-26OCT050000-00,0.0770,0.01,yes
2026-10-05T03:57:38.52888Z,KXBTC15M-26OCT050000-00,0.0770,2.00,yes
2026-10-05T03:57:38.52888Z,KXBTC15M-26OCT050000-00,0.0770,100.00,yes
2026-10-05T03:57:38.52888Z,KXBTC15M-26OCT050000-00,0.0770,65.43,yes
2026-10-05T03:57:38.52888Z,KXBTC15M-26OCT050000-00,0.0770,63.00,yes
2026-10-05T03:57:38.553957Z,KXBTC15M-26OCT050000-00,0.0760,878.64,no
2026-10-05T03:57:38.585028Z,KXBTC15M-26OCT050000-00,0.0770,64.42,yes
2026-10-05T03:57:38.599981Z,KXBTC15M-26OCT050000-00,0.0760,5.38,no
2026-10-05T03:57:38.61424Z,KXBTC15M-26OCT050000-00,0.0770,8.10,yes
2026-10-05T03:57:38.659726Z,KXBTC15M-26OCT050000-00,0.0770,198.05,yes
2026-10-05T03:57:38.659726Z,KXBTC15M-26OCT050000-00,0.0780,192.35,yes
2026-10-05T03:57:38.659726Z,KXBTC15M-26OCT050000-00,0.0770,400.00,yes
2026-10-05T03:57:38.659726Z,KXBTC15M-26OCT050000-00,0.0770,187.58,yes
2026-10-05T03:57:38.659726Z,KXBTC15M-26OCT050000-00,0.0780,325.00,yes
2026-10-05T03:57:38.659726Z,KXBTC15M-26OCT050000-00,0.0770,2.00,yes
2026-10-05T03:57:38.659726Z,KXBTC15M-26OCT050000-00,0.0770,28.00,yes
2026-10-05T03:57:38.659726Z,KXBTC15M-26OCT050000-00,0.0780,2.00,yes
2026-10-05T03:57:38.659726Z,KXBTC15M-26OCT050000-00,0.0770,100.00,yes
2026-10-05T03:57:38.659726Z,KXBTC15M-26OCT050000-00,0.0770,0.01,yes
2026-10-05T03:57:38.659726Z,KXBTC15M-26OCT050000-00,0.0770,0.01,yes
2026-10-05T03:57:38.659726Z,KXBTC15M-26OCT050000-00,0.0770,200.00,yes
2026-10-05T03:57:38.691817Z,KXBTC15M-26OCT050000-00,0.0770,100.00,yes
2026-10-05T03:57:38.691817Z,KXBTC15M-26OCT050000-00,0.0770,0.01,yes
2026-10-05T03:57:38.691817Z,KXBTC15M-26OCT050000-00,0.0770,0.01,yes
2026-10-05T03:57:38.691817Z,KXBTC15M-26OCT050000-00,0.0780,732.21,yes
2026-10-05T03:57:38.851388Z,KXBTC15M-26OCT050000-00,0.0780,58.53,yes
2026-10-05T03:57:38.851388Z,KXBTC15M-26OCT050000-00,0.0780,0.01,yes
2026-10-05T03:57:38.851388Z,KXBTC15M-26OCT050000-00,0.0780,0.01,yes
2026-10-05T03:57:38.86354Z,KXBTC15M-26OCT050000-00,0.0770,0.01,no
2026-10-05T03:57:38.86354Z,KXBTC15M-26OCT050000-00,0.0770,2.13,no
2026-10-05T03:57:38.86354Z,KXBTC15M-26OCT050000-00,0.0770,0.01,no
2026-10-05T03:57:38.887689Z,KXBTC15M-26OCT050000-00,0.0780,11.18,yes
2026-10-05T03:57:38.939593Z,KXBTC15M-26OCT050000-00,0.0780,23.90,yes
2026-10-05T03:57:38.941299Z,KXBTC15M-26OCT050000-00,0.0770,0.01,no
2026-10-05T03:57:38.941299Z,KXBTC15M-26OCT050000-00,0.0770,0.01,no
2026-10-05T03:57:38.941299Z,KXBTC15M-26OCT050000-00,0.0770,1.00,no
2026-10-05T03:57:38.941299Z,KXBTC15M-26OCT050000-00,0.0770,261.87,no
2026-10-05T03:57:38.941742Z,KXBTC15M-26OCT050000-00,0.0760,55.85,no
2026-10-05T03:57:38.941846Z,KXBTC15M-26OCT050000-00,0.0760,73.02,no
2026-10-05T03:57:38.971516Z,KXBTC15M-26OCT050000-00,0.0770,19.70,yes
2026-10-05T03:57:38.99922Z,KXBTC15M-26OCT050000-00,0.0770,50.00,yes
2026-10-05T03:57:39.028655Z,KXBTC15M-26OCT050000-00,0.0760,16.14,no
2026-10-05T03:57:39.033543Z,KXBTC15M-26OCT050000-00,0.0760,134.56,no
2026-10-05T03:57:39.063198Z,KXBTC15M-26OCT050000-00,0.0770,11.87,yes
2026-10-05T03:57:39.063198Z,KXBTC15M-26OCT050000-00,0.0770,0.01,yes
2026-10-05T03:57:39.063198Z,KXBTC15M-26OCT050000-00,0.0770,0.30,yes
2026-10-05T03:57:39.063198Z,KXBTC15M-26OCT050000-00,0.0770,0.01,yes
2026-10-05T03:57:39.064413Z,KXBTC15M-26OCT050000-00,0.0770,60.21,yes
2026-10-05T03:57:39.116863Z,KXBTC15M-26OCT050000-00,0.0770,200.00,yes
2026-10-05T03:57:39.116863Z,KXBTC15M-26OCT050000-00,0.0770,400.00,yes
2026-10-05T03:57:39.116863Z,KXBTC15M-26OCT050000-00,0.0770,27.92,yes
2026-10-05T03:57:39.116863Z,KXBTC15M-26OCT050000-00,0.0770,100.00,yes
2026-10-05T03:57:39.116863Z,KXBTC15M-26OCT050000-00,0.0770,10.00,yes
2026-10-05T03:57:39.116863Z,KXBTC15M-26OCT050000-00,0.0780,720.93,yes
2026-10-05T03:57:39.116863Z,KXBTC15M-26OCT050000-00,0.0780,200.00,yes
2026-10-05T03:57:39.116863Z,KXBTC15M-26OCT050000-00,0.0770,0.01,yes
2026-10-05T03:57:39.116863Z,KXBTC15M-26OCT050000-00,0.0770,150.00,yes
2026-10-05T03:57:39.116863Z,KXBTC15M-26OCT050000-00,0.0770,0.01,yes
2026-10-05T03:57:39.155757Z,KXBTC15M-26OCT050000-00,0.0760,2.00,no
2026-10-05T03:57:39.15797Z,KXBTC15M-26OCT050000-00,0.0760,106.00,no
2026-10-05T03:57:39.185187Z,KXBTC15M-26OCT050000-00,0.0770,1.30,yes
2026-10-05T03:57:39.252464Z,KXBTC15M-26OCT050000-00,0.0760,319.00,no
2026-10-05T03:57:39.271385Z,KXBTC15M-26OCT050000-00,0.0770,79.96,yes
2026-10-05T03:57:39.271385Z,KXBTC15M-26OCT050000-00,0.0770,0.01,yes
2026-10-05T03:57:39.271385Z,KXBTC15M-26OCT050000-00,0.0770,100.00,yes
2026-10-05T03:57:39.271385Z,KXBTC15M-26OCT050000-00,0.0770,400.00,yes
2026-10-05T03:57:39.271385Z,KXBTC15M-26OCT050000-00,0.0770,148.70,yes
2026-10-05T03:57:39.271385Z,KXBTC15M-26OCT050000-00,0.0770,0.01,yes
2026-10-05T03:57:39.330019Z,KXBTC15M-26OCT050000-00,0.0770,13.99,yes
2026-10-05T03:57:39.330019Z,KXBTC15M-26OCT050000-00,0.0770,2.00,yes
2026-10-05T03:57:39.330019Z,KXBTC15M-26OCT050000-00,0.0770,0.01,yes
2026-10-05T03:57:39.334893Z,KXBTC15M-26OCT050000-00,0.0760,0.01,no
2026-10-05T03:57:39.334893Z,KXBTC15M-26OCT050000-00,0.0760,0.01,no
2026-10-05T03:57:39.334893Z,KXBTC15M-26OCT050000-00,0.0760,26.38,no
2026-10-05T03:57:39.357347Z,KXBTC15M-26OCT050000-00,0.0770,538.80,yes
2026-10-05T03:57:39.357347Z,KXBTC15M-26OCT050000-00,0.0770,0.01,yes
2026-10-05T03:57:39.357347Z,KXBTC15M-26OCT050000-00,0.0770,400.00,yes
2026-10-05T03:57:39.357347Z,KXBTC15M-26OCT050000-00,0.0770,86.01,yes
2026-10-05T03:57:39.363125Z,KXBTC15M-26OCT050000-00,0.0770,10.00,yes
2026-10-05T03:57:39.363125Z,KXBTC15M-26OCT050000-00,0.0770,61.20,yes
2026-10-05T03:57:39.363125Z,KXBTC15M-26OCT050000-00,0.0770,7.00,yes
2026-10-05T03:57:39.363125Z,KXBTC15M-26OCT050000-00,0.0770,31.80,yes
2026-10-05T03:57:39.364246Z,KXBTC15M-26OCT050000-00,0.0770,12.19,yes
2026-10-05T03:57:39.369186Z,KXBTC15M-26OCT050000-00,0.0720,36.36,no
2026-10-05T03:57:39.369186Z,KXBTC15M-26OCT050000-00,0.0760,0.01,no
2026-10-05T03:57:39.369186Z,KXBTC15M-26OCT050000-00,0.0730,92.00,no
2026-10-05T03:57:39.369186Z,KXBTC15M-26OCT050000-00,0.0760,43.62,no
2026-10-05T03:57:39.369186Z,KXBTC15M-26OCT050000-00,0.0760,0.01,no
2026-10-05T03:57:39.369186Z,KXBTC15M-26OCT050000-00,0.0730,92.00,no
2026-10-05T03:57:39.383824Z,KXBTC15M-26OCT050000-00,0.0760,16.47,yes
2026-10-05T03:57:39.396804Z,KXBTC15M-26OCT050000-00,0.0720,43.85,no
2026-10-05T03:57:39.396804Z,KXBTC15M-26OCT050000-00,0.0730,1.00,no
2026-10-05T03:57:39.396804Z,KXBTC15M-26OCT050000-00,0.0730,0.01,no
2026-10-05T03:57:39.396804Z,KXBTC15M-26OCT050000-00,0.0730,8.00,no
2026-10-05T03:57:39.396804Z,KXBTC15M-26OCT050000-00,0.0730,0.01,no
2026-10-05T03:57:39.409053Z,KXBTC15M-26OCT050000-00,0.0740,2.44,yes
2026-10-05T03:57:39.433272Z,KXBTC15M-26OCT050000-00,0.0730,0.01,yes
2026-10-05T03:57:39.433272Z,KXBTC15M-26OCT050000-00,0.0730,7.00,yes
2026-10-05T03:57:39.433272Z,KXBTC15M-26OCT050000-00,0.0730,0.01,yes
2026-10-05T03:57:39.433272Z,KXBTC15M-26OCT050000-00,0.0730,62.93,yes
2026-10-05T03:57:39.436326Z,KXBTC15M-26OCT050000-00,0.0720,31.64,no
2026-10-05T03:57:39.458793Z,KXBTC15M-26OCT050000-00,0.0720,166.85,no
2026-10-05T03:57:39.475511Z,KXBTC15M-26OCT050000-00,0.0730,0.01,yes
2026-10-05T03:57:39.475511Z,KXBTC15M-26OCT050000-00,0.0730,0.21,yes
2026-10-05T03:57:39.497072Z,KXBTC15M-26OCT050000-00,0.0730,2.00,yes
2026-10-05T03:57:39.505782Z,KXBTC15M-26OCT050000-00,0.0720,48.52,no
2026-10-05T03:57:39.514868Z,KXBTC15M-26OCT050000-00,0.0730,62.00,yes
2026-10-05T03:57:39.520723Z,KXBTC15M-26OCT050000-00,0.0730,3.00,yes
2026-10-05T03:57:39.556313Z,KXBTC15M-26OCT050000-00,0.0730,7.09,yes
2026-10-05T03:57:39.55885Z,KXBTC15M-26OCT050000-00,0.0720,78.19,no
2026-10-05T03:57:39.632591Z,KXBTC15M-26OCT050000-00,0.0720,1.29,no
2026-10-05T03:57:39.676185Z,KXBTC15M-26OCT050000-00,0.0720,0.83,no
2026-10-05T03:57:39.739532Z,KXBTC15M-26OCT050000-00,0.0720,0.01,no
2026-10-05T03:57:39.739532Z,KXBTC15M-26OCT050000-00,0.0720,0.01,no
2026-10-05T03:57:39.739532Z,KXBTC15M-26OCT050000-00,0.0710,1.00,no
2026-10-05T03:57:39.739532Z,KXBTC15M-26OCT050000-00,0.0700,1.00,no
2026-10-05T03:57:39.739532Z,KXBTC15M-26OCT050000-00,0.0700,7.98,no
2026-10-05T03:57:39.740383Z,KXBTC15M-26OCT050000-00,0.0700,7.00,no
2026-10-05T03:57:39.785531Z,KXBTC15M-26OCT050000-00,0.0700,21.01,no
2026-10-05T03:57:39.805519Z,KXBTC15M-26OCT050000-00,0.0710,10.87,yes
2026-10-05T03:57:39.820554Z,KXBTC15M-26OCT050000-00,0.0710,12.19,yes
2026-10-05T03:57:39.875096Z,KXBTC15M-26OCT050000-00,0.0710,60.97,yes
2026-10-05T03:57:39.875096Z,KXBTC15M-26OCT050000-00,0.0710,0.01,yes
2026-10-05T03:57:39.875096Z,KXBTC15M-26OCT050000-00,0.0710,0.01,yes
2026-10-05T03:57:39.911246Z,KXBTC15M-26OCT050000-00,0.0710,21.00,yes
2026-10-05T03:57:39.935563Z,KXBTC15M-26OCT050000-00,0.0660,1.00,no
2026-10-05T03:57:39.935563Z,KXBTC15M-26OCT050000-00,0.0660,1.00,no
2026-10-05T03:57:39.935563Z,KXBTC15M-26OCT050000-00,0.0660,178.53,no
2026-10-05T03:57:39.935563Z,KXBTC15M-26OCT050000-00,0.0700,50.00,no
2026-10-05T03:57:39.935563Z,KXBTC15M-26OCT050000-00,0.0690,1000.00,no
2026-10-05T03:57:39.935563Z,KXBTC15M-26OCT050000-00,0.0670,9.00,no
2026-10-05T03:57:39.935563Z,KXBTC15M-26OCT050000-00,0.0700,0.01,no
2026-10-05T03:57:39.935563Z,KXBTC15M-26OCT050000-00,0.0700,0.01,no
2026-10-05T03:57:39.935563Z,KXBTC15M-26OCT050000-00,0.0690,1.00,no
2026-10-05T03:57:39.935563Z,KXBTC15M-26OCT050000-00,0.0700,164.01,no
2026-10-05T03:57:39.935563Z,KXBTC15M-26OCT050000-00,0.0700,70.00,no
2026-10-05T03:57:39.935563Z,KXBTC15M-26OCT050000-00,0.0700,500.00,no
2026-10-05T03:57:39.935563Z,KXBTC15M-26OCT050000-00,0.0660,1.00,no
2026-10-05T03:57:39.935563Z,KXBTC15M-26OCT050000-00,0.0670,1.00,no
2026-10-05T03:57:39.935563Z,KXBTC15M-26OCT050000-00,0.0680,1.00,no
2026-10-05T03:57:39.987077Z,KXBTC15M-26OCT050000-00,0.0680,0.01,yes
2026-10-05T03:57:39.987077Z,KXBTC15M-26OCT050000-00,0.0690,8.06,yes
2026-10-05T03:57:39.987077Z,KXBTC15M-26OCT050000-00,0.0690,7.00,yes
2026-10-05T03:57:39.987077Z,KXBTC15M-26OCT050000-00,0.0680,0.01,yes
2026-10-05T03:57:39.987077Z,KXBTC15M-26OCT050000-00,0.0690,0.01,yes
2026-10-05T03:57:39.987077Z,KXBTC15M-26OCT050000-00,0.0690,0.01,yes
2026-10-05T03:57:39.987077Z,KXBTC15M-26OCT050000-00,0.0680,91.00,yes
2026-10-05T03:57:40.002967Z,KXBTC15M-26OCT050000-00,0.0680,7.04,yes
2026-10-05T03:57:40.003774Z,KXBTC15M-26OCT050000-00,0.0680,13.00,yes
2026-10-05T03:57:40.008367Z,KXBTC15M-26OCT050000-00,0.0680,34.42,yes
2026-10-05T03:57:40.02207Z,KXBTC15M-26OCT050000-00,0.0670,0.01,no
2026-10-05T03:57:40.02207Z,KXBTC15M-26OCT050000-00,0.0670,0.01,no
2026-10-05T03:57:40.02207Z,KXBTC15M-26OCT050000-00,0.0670,0.98,no
2026-10-05T03:57:40.045728Z,KXBTC15M-26OCT050000-00,0.0680,60.99,yes
2026-10-05T03:57:40.047198Z,KXBTC15M-26OCT050000-00,0.0680,11.99,yes
2026-10-05T03:57:40.070638Z,KXBTC15M-26OCT050000-00,0.0670,5.27,no
2026-10-05T03:57:40.150387Z,KXBTC15M-26OCT050000-00,0.0680,10.00,yes
2026-10-05T03:57:40.150387Z,KXBTC15M-26OCT050000-00,0.0690,16.42,yes
2026-10-05T03:57:40.150387Z,KXBTC15M-26OCT050000-00,0.0680,0.01,yes
2026-10-05T03:57:40.150387Z,KXBTC15M-26OCT050000-00,0.0680,0.01,yes
2026-10-05T03:57:40.185001Z,KXBTC15M-26OCT050000-00,0.0670,1.98,no
2026-10-05T03:57:40.185001Z,KXBTC15M-26OCT050000-00,0.0670,0.01,no
2026-10-05T03:57:40.185001Z,KXBTC15M-26OCT050000-00,0.0670,0.01,no
2026-10-05T03:57:40.188758Z,KXBTC15M-26OCT050000-00,0.0670,2.13,no
2026-10-05T03:57:40.212729Z,KXBTC15M-26OCT050000-00,0.0670,4.89,no
2026-10-05T03:57:40.212729Z,KXBTC15M-26OCT050000-00,0.0670,0.01,no
2026-10-05T03:57:40.212729Z,KXBTC15M-26OCT050000-00,0.0670,169.98,no
2026-10-05T03:57:40.212729Z,KXBTC15M-26OCT050000-00,0.0670,0.01,no
2026-10-05T03:57:40.212729Z,KXBTC15M-26OCT050000-00,0.0670,4.11,no
2026-10-05T03:57:40.221531Z,KXBTC15M-26OCT050000-00,0.0670,230.02,no
2026-10-05T03:57:40.221531Z,KXBTC15M-26OCT050000-00,0.0670,131.74,no
2026-10-05T03:57:40.239493Z,KXBTC15M-26OCT050000-00,0.0690,34.37,yes
2026-10-05T03:57:40.239493Z,KXBTC15M-26OCT050000-00,0.0680,0.01,yes
2026-10-05T03:57:40.239493Z,KXBTC15M-26OCT050000-00,0.0680,0.01,yes
2026-10-05T03:57:40.239493Z,KXBTC15M-26OCT050000-00,0.0680,8.00,yes
2026-10-05T03:57:40.242988Z,KXBTC15M-26OCT050000-00,0.0690,11.90,yes
2026-10-05T03:57:40.260578Z,KXBTC15M-26OCT050000-00,0.0690,18.62,yes
2026-10-05T03:57:40.260578Z,KXBTC15M-26OCT050000-00,0.0680,0.01,yes
2026-10-05T03:57:40.260578Z,KXBTC15M-26OCT050000-00,0.0680,0.01,yes
2026-10-05T03:57:40.298957Z,KXBTC15M-26OCT050000-00,0.0670,6.29,no
2026-10-05T03:57:40.319485Z,KXBTC15M-26OCT050000-00,0.0670,0.01,no
2026-10-05T03:57:40.319485Z,KXBTC15M-26OCT050000-00,0.0670,0.01,no
2026-10-05T03:57:40.319485Z,KXBTC15M-26OCT050000-00,0.0670,9.00,no
2026-10-05T03:57:40.319485Z,KXBTC15M-26OCT050000-00,0.0670,100.00,no
2026-10-05T03:57:40.319485Z,KXBTC15M-26OCT050000-00,0.0670,101.00,no
2026-10-05T03:57:40.319485Z,KXBTC15M-26OCT050000-00,0.0670,63.71,no
2026-10-05T03:57:40.324067Z,KXBTC15M-26OCT050000-00,0.0670,273.73,no
2026-10-05T03:57:40.324672Z,KXBTC15M-26OCT050000-00,0.0670,2.00,no
2026-10-05T03:57:40.324676Z,KXBTC15M-26OCT050000-00,0.0670,26.97,no
2026-10-05T03:57:40.324736Z,KXBTC15M-26OCT050000-00,0.0670,3.00,no
2026-10-05T03:57:40.3247Z,KXBTC15M-26OCT050000-00,0.0670,26.97,no
2026-10-05T03:57:40.324814Z,KXBTC15M-26OCT050000-00,0.0670,29.02,no
2026-10-05T03:57:40.324903Z,KXBTC15M-26OCT050000-00,0.0670,18.96,no
2026-10-05T03:57:40.324913Z,KXBTC15M-26OCT050000-00,0.0670,19.35,no
2026-10-05T03:57:40.324913Z,KXBTC15M-26OCT050000-00,0.0660,9.67,no
2026-10-05T03:57:40.326001Z,KXBTC15M-26OCT050000-00,0.0650,1.00,no
2026-10-05T03:57:40.326001Z,KXBTC15M-26OCT050000-00,0.0650,1.00,no
2026-10-05T03:57:40.326001Z,KXBTC15M-26OCT050000-00,0.0650,60.00,no
2026-10-05T03:57:40.326001Z,KXBTC15M-26OCT050000-00,0.0650,1.00,no
2026-10-05T03:57:40.326755Z,KXBTC15M-26OCT050000-00,0.0650,63.00,no
2026-10-05T03:57:40.327371Z,KXBTC15M-26OCT050000-00,0.0600,10.93,no
2026-10-05T03:57:40.327371Z,KXBTC15M-26OCT050000-00,0.0610,1.00,no
2026-10-05T03:57:40.327371Z,KXBTC15M-26OCT050000-00,0.0620,1.00,no
2026-10-05T03:57:40.327371Z,KXBTC15M-26OCT050000-00,0.0630,1.00,no
2026-10-05T03:57:40.327371Z,KXBTC15M-26OCT050000-00,0.0600,1.00,no
2026-10-05T03:57:40.327371Z,KXBTC15M-26OCT050000-00,0.0600,1.00,no
2026-10-05T03:57:40.327371Z,KXBTC15M-26OCT050000-00,0.0630,1.00,no
2026-10-05T03:57:40.327371Z,KXBTC15M-26OCT050000-00,0.0640,1.00,no
2026-10-05T03:57:40.327371Z,KXBTC15M-26OCT050000-00,0.0610,1.00,no
2026-10-05T03:57:40.327371Z,KXBTC15M-26OCT050000-00,0.0620,1.00,no
2026-10-05T03:57:40.327371Z,KXBTC15M-26OCT050000-00,0.0640,1.00,no
2026-10-05T03:57:40.327371Z,KXBTC15M-26OCT050000-00,0.0600,5.07,no
2026-10-05T03:57:40.327371Z,KXBTC15M-26OCT050000-00,0.0650,27.00,no
2026-10-05T03:57:40.327371Z,KXBTC15M-26OCT050000-00,0.0640,1.00,no
2026-10-05T03:57:40.327371Z,KXBTC15M-26OCT050000-00,0.0610,1.00,no
2026-10-05T03:57:40.327371Z,KXBTC15M-26OCT050000-00,0.0630,1.00,no
2026-10-05T03:57:40.327371Z,KXBTC15M-26OCT050000-00,0.0620,6.00,no
2026-10-05T03:57:40.327371Z,KXBTC15M-26OCT050000-00,0.0620,1.00,no
2026-10-05T03:57:40.328374Z,KXBTC15M-26OCT050000-00,0.0600,0.02,no
2026-10-05T03:57:40.330705Z,KXBTC15M-26OCT050000-00,0.0660,0.01,no
2026-10-05T03:57:40.330705Z,KXBTC15M-26OCT050000-00,0.0660,100.00,no
2026-10-05T03:57:40.333903Z,KXBTC15M-26OCT050000-00,0.0640,79.34,yes
2026-10-05T03:57:40.350257Z,KXBTC15M-26OCT050000-00,0.0600,19.91,no
2026-10-05T03:57:40.350257Z,KXBTC15M-26OCT050000-00,0.0600,5.09,no
2026-10-05T03:57:40.35739Z,KXBTC15M-26OCT050000-00,0.0600,11.71,no
2026-10-05T03:57:40.389373Z,KXBTC15M-26OCT050000-00,0.0610,0.17,yes
2026-10-05T03:57:40.389373Z,KXBTC15M-26OCT050000-00,0.0610,2.00,yes
2026-10-05T03:57:40.407222Z,KXBTC15M-26OCT050000-00,0.0610,1.83,yes
2026-10-05T03:57:40.407222Z,KXBTC15M-26OCT050000-00,0.0610,0.01,yes
2026-10-05T03:57:40.407222Z,KXBTC15M-26OCT050000-00,0.0610,1.45,yes
2026-10-05T03:57:40.407222Z,KXBTC15M-26OCT050000-00,0.0610,0.01,yes
2026-10-05T03:57:40.442425Z,KXBTC15M-26OCT050000-00,0.0610,2.18,yes
2026-10-05T03:57:40.448255Z,KXBTC15M-26OCT050000-00,0.0600,0.49,no
2026-10-05T03:57:40.460696Z,KXBTC15M-26OCT050000-00,0.0610,13.80,yes
2026-10-05T03:57:40.467832Z,KXBTC15M-26OCT050000-00,0.0610,203.04,yes
2026-10-05T03:57:40.467832Z,KXBTC15M-26OCT050000-00,0.0610,82.57,yes
2026-10-05T03:57:40.468284Z,KXBTC15M-26OCT050000-00,0.0600,1.03,no
2026-10-05T03:57:40.504377Z,KXBTC15M-26OCT050000-00,0.0610,14.24,yes
2026-10-05T03:57:40.504377Z,KXBTC15M-26OCT050000-00,0.0610,8.00,yes
2026-10-05T03:57:40.510231Z,KXBTC15M-26OCT050000-00,0.0600,6.00,no
2026-10-05T03:57:40.537118Z,KXBTC15M-26OCT050000-00,0.0610,0.54,yes
2026-10-05T03:57:40.585632Z,KXBTC15M-26OCT050000-00,0.0610,4.37,yes
2026-10-05T03:57:40.637453Z,KXBTC15M-26OCT050000-00,0.0600,11.18,no
2026-10-05T03:57:40.644492Z,KXBTC15M-26OCT050000-00,0.0600,94.08,no
2026-10-05T03:57:40.655763Z,KXBTC15M-26OCT050000-00,0.0600,1.00,no
2026-10-05T03:57:40.662418Z,KXBTC15M-26OCT050000-00,0.0610,1.41,yes
2026-10-05T03:57:40.670768Z,KXBTC15M-26OCT050000-00,0.0610,2.00,yes
2026-10-05T03:57:40.670768Z,KXBTC15M-26OCT050000-00,0.0610,0.01,yes
2026-10-05T03:57:40.670768Z,KXBTC15M-26OCT050000-00,0.0610,100.00,yes
2026-10-05T03:57:40.670768Z,KXBTC15M-26OCT050000-00,0.0610,2.00,yes
2026-10-05T03:57:40.670768Z,KXBTC15M-26OCT050000-00,0.0610,42.44,yes
2026-10-05T03:57:40.670768Z,KXBTC15M-26OCT050000-00,0.0610,0.01,yes
2026-10-05T03:57:40.670768Z,KXBTC15M-26OCT050000-00,0.0610,60.04,yes
2026-10-05T03:57:40.670768Z,KXBTC15M-26OCT050000-00,0.0610,84.00,yes
2026-10-05T03:57:40.724977Z,KXBTC15M-26OCT050000-00,0.0610,1.26,yes
2026-10-05T03:57:40.753322Z,KXBTC15M-26OCT050000-00,0.0610,59.50,yes
2026-10-05T03:57:40.781198Z,KXBTC15M-26OCT050000-00,0.0610,6.10,yes
2026-10-05T03:57:40.781936Z,KXBTC15M-26OCT050000-00,0.0610,500.00,yes
2026-10-05T03:57:40.781936Z,KXBTC15M-26OCT050000-00,0.0610,8.00,yes
2026-10-05T03:57:40.781936Z,KXBTC15M-26OCT050000-00,0.0610,273.10,yes
2026-10-05T03:57:40.781936Z,KXBTC15M-26OCT050000-00,0.0610,127.25,yes
2026-10-05T03:57:40.802473Z,KXBTC15M-26OCT050000-00,0.0610,14.00,yes
2026-10-05T03:57:40.803636Z,KXBTC15M-26OCT050000-00,0.0610,67.90,yes
2026-10-05T03:57:40.814698Z,KXBTC15M-26OCT050000-00,0.0590,1.00,no
2026-10-05T03:57:40.814698Z,KXBTC15M-26OCT050000-00,0.0590,1.00,no
2026-10-05T03:57:40.814698Z,KXBTC15M-26OCT050000-00,0.0570,1.00,no
2026-10-05T03:57:40.814698Z,KXBTC15M-26OCT050000-00,0.0580,1.00,no
2026-10-05T03:57:40.814698Z,KXBTC15M-26OCT050000-00,0.0580,1.00,no
2026-10-05T03:57:40.814698Z,KXBTC15M-26OCT050000-00,0.0570,1.00,no
2026-10-05T03:57:40.814698Z,KXBTC15M-26OCT050000-00,0.0600,32.51,no
2026-10-05T03:57:40.814698Z,KXBTC15M-26OCT050000-00,0.0600,8.51,no
2026-10-05T03:57:40.814698Z,KXBTC15M-26OCT050000-00,0.0600,21.74,no
2026-10-05T03:57:40.814698Z,KXBTC15M-26OCT050000-00,0.0570,8.43,no
2026-10-05T03:57:40.814698Z,KXBTC15M-26OCT050000-00,0.0600,0.01,no
2026-10-05T03:57:40.814698Z,KXBTC15M-26OCT050000-00,0.0600,69.00,no
2026-10-05T03:57:40.814698Z,KXBTC15M-26OCT050000-00,0.0600,0.01,no
2026-10-05T03:57:40.814698Z,KXBTC15M-26OCT050000-00,0.0600,1.00,no
2026-10-05T03:57:40.814698Z,KXBTC15M-26OCT050000-00,0.0570,1.00,no
2026-10-05T03:57:40.814698Z,KXBTC15M-26OCT050000-00,0.0590,1.00,no
2026-10-05T03:57:40.814698Z,KXBTC15M-26OCT050000-00,0.0580,1.00,no
2026-10-05T03:57:40.814698Z,KXBTC15M-26OCT050000-00,0.0600,3.93,no
2026-10-05T03:57:40.814698Z,KXBTC15M-26OCT050000-00,0.0600,53.49,no
2026-10-05T03:57:40.828064Z,KXBTC15M-26OCT050000-00,0.0600,65.90,yes
2026-10-05T03:57:40.828064Z,KXBTC15M-26OCT050000-00,0.0590,2.00,yes
2026-10-05T03:57:40.8292Z,KXBTC15M-26OCT050000-00,0.0580,1.00,no
2026-10-05T03:57:40.8292Z,KXBTC15M-26OCT050000-00,0.0580,3.10,no
2026-10-05T03:57:40.84626Z,KXBTC15M-26OCT050000-00,0.0560,1.00,no
2026-10-05T03:57:40.84626Z,KXBTC15M-26OCT050000-00,0.0560,1.00,no
2026-10-05T03:57:40.84626Z,KXBTC15M-26OCT050000-00,0.0560,49.23,no
2026-10-05T03:57:40.84626Z,KXBTC15M-26OCT050000-00,0.0580,0.01,no
2026-10-05T03:57:40.84626Z,KXBTC15M-26OCT050000-00,0.0570,0.01,no
2026-10-05T03:57:40.84626Z,KXBTC15M-26OCT050000-00,0.0580,0.01,no
2026-10-05T03:57:40.84626Z,KXBTC15M-26OCT050000-00,0.0570,0.01,no
2026-10-05T03:57:40.84626Z,KXBTC15M-26OCT050000-00,0.0560,1.00,no
2026-10-05T03:57:40.849763Z,KXBTC15M-26OCT050000-00,0.0590,0.01,yes
2026-10-05T03:57:40.849763Z,KXBTC15M-26OCT050000-00,0.0590,2.00,yes
2026-10-05T03:57:40.849763Z,KXBTC15M-26OCT050000-00,0.0580,70.00,yes
2026-10-05T03:57:40.849763Z,KXBTC15M-26OCT050000-00,0.0590,28.03,yes
2026-10-05T03:57:40.849763Z,KXBTC15M-26OCT050000-00,0.0590,5.00,yes
2026-10-05T03:57:40.851702Z,KXBTC15M-26OCT050000-00,0.0590,10.00,yes
2026-10-05T03:57:40.857973Z,KXBTC15M-26OCT050000-00,0.0580,21.65,yes
2026-10-05T03:57:40.893446Z,KXBTC15M-26OCT050000-00,0.0570,100.00,yes
2026-10-05T03:57:40.893446Z,KXBTC15M-26OCT050000-00,0.0570,2.00,yes
2026-10-05T03:57:40.893446Z,KXBTC15M-26OCT050000-00,0.0570,2.00,yes
2026-10-05T03:57:40.893446Z,KXBTC15M-26OCT050000-00,0.0570,26.42,yes
2026-10-05T03:57:40.893446Z,KXBTC15M-26OCT050000-00,0.0570,0.01,yes
2026-10-05T03:57:40.893446Z,KXBTC15M-26OCT050000-00,0.0570,0.01,yes
2026-10-05T03:57:40.893446Z,KXBTC15M-26OCT050000-00,0.0570,8.00,yes
2026-10-05T03:57:40.924237Z,KXBTC15M-26OCT050000-00,0.0570,2.00,yes
2026-10-05T03:57:40.924237Z,KXBTC15M-26OCT050000-00,0.0570,2.00,yes
2026-10-05T03:57:40.924237Z,KXBTC15M-26OCT050000-00,0.0570,3.68,yes
2026-10-05T03:57:40.924237Z,KXBTC15M-26OCT050000-00,0.0570,0.01,yes
2026-10-05T03:57:40.933291Z,KXBTC15M-26OCT050000-00,0.0560,9.48,no
2026-10-05T03:57:40.944164Z,KXBTC15M-26OCT050000-00,0.0560,10.37,no
2026-10-05T03:57:40.998757Z,KXBTC15M-26OCT050000-00,0.0570,0.01,yes
2026-10-05T03:57:40.998757Z,KXBTC15M-26OCT050000-00,0.0570,0.22,yes
2026-10-05T03:57:40.998757Z,KXBTC15M-26OCT050000-00,0.0570,0.01,yes
2026-10-05T03:57:41.032625Z,KXBTC15M-26OCT050000-00,0.0580,0.01,yes
2026-10-05T03:57:41.032625Z,KXBTC15M-26OCT050000-00,0.0580,110.98,yes
2026-10-05T03:57:41.032625Z,KXBTC15M-26OCT050000-00,0.0580,2.00,yes
2026-10-05T03:57:41.032625Z,KXBTC15M-26OCT050000-00,0.0580,0.01,yes
2026-10-05T03:57:41.032625Z,KXBTC15M-26OCT050000-00,0.0580,2.00,yes
2026-10-05T03:57:41.050501Z,KXBTC15M-26OCT050000-00,0.0570,2.00,yes
2026-10-05T03:57:41.050501Z,KXBTC15M-26OCT050000-00,0.0570,74.91,yes
2026-10-05T03:57:41.063915Z,KXBTC15M-26OCT050000-00,0.0570,0.30,yes
2026-10-05T03:57:41.073707Z,KXBTC15M-26OCT050000-00,0.0580,23.49,yes
2026-10-05T03:57:41.073707Z,KXBTC15M-26OCT050000-00,0.0570,2.00,yes
2026-10-05T03:57:41.102873Z,KXBTC15M-26OCT050000-00,0.0560,5.00,no
2026-10-05T03:57:41.12267Z,KXBTC15M-26OCT050000-00,0.0560,52.00,no
2026-10-05T03:57:41.135916Z,KXBTC15M-26OCT050000-00,0.0570,20.36,yes
2026-10-05T03:57:41.135916Z,KXBTC15M-26OCT050000-00,0.0570,2.00,yes
2026-10-05T03:57:41.152769Z,KXBTC15M-26OCT050000-00,0.0570,16.47,yes
2026-10-05T03:57:41.154023Z,KXBTC15M-26OCT050000-00,0.0570,1.09,yes
2026-10-05T03:57:41.162184Z,KXBTC15M-26OCT050000-00,0.0560,15.00,no
2026-10-05T03:57:41.197503Z,KXBTC15M-26OCT050000-00,0.0580,0.07,yes
2026-10-05T03:57:41.253041Z,KXBTC15M-26OCT050000-00,0.0580,32.09,yes
2026-10-05T03:57:41.363779Z,KXBTC15M-26OCT050000-00,0.0560,0.01,no
2026-10-05T03:57:41.363779Z,KXBTC15M-26OCT050000-00,0.0560,2.87,no
2026-10-05T03:57:41.363779Z,KXBTC15M-26OCT050000-00,0.0560,0.01,no
2026-10-05T03:57:41.363779Z,KXBTC15M-26OCT050000-00,0.0560,100.92,no
2026-10-05T03:57:41.373903Z,KXBTC15M-26OCT050000-00,0.0580,11.00,yes
2026-10-05T03:57:41.386872Z,KXBTC15M-26OCT050000-00,0.0580,108.11,yes
2026-10-05T03:57:41.388749Z,KXBTC15M-26OCT050000-00,0.0580,312.66,yes
2026-10-05T03:57:41.395441Z,KXBTC15M-26OCT050000-00,0.0580,12.74,yes
2026-10-05T03:57:41.455082Z,KXBTC15M-26OCT050000-00,0.0580,108.31,yes
2026-10-05T03:57:41.456989Z,KXBTC15M-26OCT050000-00,0.0600,1.00,yes
2026-10-05T03:57:41.456989Z,KXBTC15M-26OCT050000-00,0.0610,1223.30,yes
2026-10-05T03:57:41.456989Z,KXBTC15M-26OCT050000-00,0.0600,1.00,yes
2026-10-05T03:57:41.456989Z,KXBTC15M-26OCT050000-00,0.0600,50.00,yes
2026-10-05T03:57:41.456989Z,KXBTC15M-26OCT050000-00,0.0600,8.00,yes
2026-10-05T03:57:41.456989Z,KXBTC15M-26OCT050000-00,0.0590,5.00,yes
2026-10-05T03:57:41.456989Z,KXBTC15M-26OCT050000-00,0.0580,67.55,yes
2026-10-05T03:57:41.456989Z,KXBTC15M-26OCT050000-00,0.0580,500.00,yes
2026-10-05T03:57:41.456989Z,KXBTC15M-26OCT050000-00,0.0580,400.00,yes
2026-10-05T03:57:41.456989Z,KXBTC15M-26OCT050000-00,0.0600,35.00,yes
2026-10-05T03:57:41.456989Z,KXBTC15M-26OCT050000-00,0.0580,0.01,yes
2026-10-05T03:57:41.456989Z,KXBTC15M-26OCT050000-00,0.0600,28.00,yes
2026-10-05T03:57:41.456989Z,KXBTC15M-26OCT050000-00,0.0580,0.01,yes
2026-10-05T03:57:41.456989Z,KXBTC15M-26OCT050000-00,0.0600,136.00,yes
2026-10-05T03:57:41.456989Z,KXBTC15M-26OCT050000-00,0.0580,150.00,yes
2026-10-05T03:57:41.456989Z,KXBTC15M-26OCT050000-00,0.0580,100.00,yes
2026-10-05T03:57:41.456989Z,KXBTC15M-26OCT050000-00,0.0600,105.00,yes
2026-10-05T03:57:41.481871Z,KXBTC15M-26OCT050000-00,0.0590,0.01,yes
2026-10-05T03:57:41.481871Z,KXBTC15M-26OCT050000-00,0.0590,150.00,yes
2026-10-05T03:57:41.481871Z,KXBTC15M-26OCT050000-00,0.0590,393.00,yes
2026-10-05T03:57:41.481871Z,KXBTC15M-26OCT050000-00,0.0590,0.01,yes
2026-10-05T03:57:41.481871Z,KXBTC15M-26OCT050000-00,0.0590,1.00,yes
2026-10-05T03:57:41.481871Z,KXBTC15M-26OCT050000-00,0.0590,1.01,yes
2026-10-05T03:57:41.497013Z,KXBTC15M-26OCT050000-00,0.0580,2.09,no
2026-10-05T03:57:41.497013Z,KXBTC15M-26OCT050000-00,0.0580,0.01,no
2026-10-05T03:57:41.497013Z,KXBTC15M-26OCT050000-00,0.0580,0.01,no
2026-10-05T03:57:41.514337Z,KXBTC15M-26OCT050000-00,0.0590,2.28,yes
2026-10-05T03:57:41.520766Z,KXBTC15M-26OCT050000-00,0.0590,2.13,yes
2026-10-05T03:57:41.536319Z,KXBTC15M-26OCT050000-00,0.0590,115.00,yes
2026-10-05T03:57:41.600507Z,KXBTC15M-26OCT050000-00,0.0590,0.21,yes
2026-10-05T03:57:41.656113Z,KXBTC15M-26OCT050000-00,0.0580,27.90,no
2026-10-05T03:57:41.691546Z,KXBTC15M-26OCT050000-00,0.0590,100.00,yes
2026-10-05T03:57:41.691546Z,KXBTC15M-26OCT050000-00,0.0590,3.60,yes
2026-10-05T03:57:41.691546Z,KXBTC15M-26OCT050000-00,0.0590,30.38,yes
2026-10-05T03:57:41.693436Z,KXBTC15M-26OCT050000-00,0.0590,15.38,yes
2026-10-05T03:57:41.703153Z,KXBTC15M-26OCT050000-00,0.0600,13.31,yes
2026-10-05T03:57:41.703153Z,KXBTC15M-26OCT050000-00,0.0590,381.02,yes
2026-10-05T03:57:41.721639Z,KXBTC15M-26OCT050000-00,0.0590,10.16,yes
2026-10-05T03:57:41.753089Z,KXBTC15M-26OCT050000-00,0.0590,62.24,yes
2026-10-05T03:57:41.784572Z,KXBTC15M-26OCT050000-00,0.0590,30.00,yes
2026-10-05T03:57:41.803276Z,KXBTC15M-26OCT050000-00,0.0580,0.01,no
2026-10-05T03:57:41.803276Z,KXBTC15M-26OCT050000-00,0.0580,24.98,no
2026-10-05T03:57:41.803276Z,KXBTC15M-26OCT050000-00,0.0580,0.01,no
2026-10-05T03:57:41.846542Z,KXBTC15M-26OCT050000-00,0.0590,52.40,yes
2026-10-05T03:57:41.846542Z,KXBTC15M-26OCT050000-00,0.0590,47.60,yes
2026-10-05T03:57:41.878059Z,KXBTC15M-26OCT050000-00,0.0590,20.00,yes
2026-10-05T03:57:41.903152Z,KXBTC15M-26OCT050000-00,0.0580,41.87,no
2026-10-05T03:57:41.945216Z,KXBTC15M-26OCT050000-00,0.0590,10.82,yes
2026-10-05T03:57:41.966498Z,KXBTC15M-26OCT050000-00,0.0580,21.14,no
2026-10-05T03:57:42.022175Z,KXBTC15M-26OCT050000-00,0.0580,9.00,no
2026-10-05T03:57:42.022175Z,KXBTC15M-26OCT050000-00,0.0580,28.01,no
2026-10-05T03:57:42.022175Z,KXBTC15M-26OCT050000-00,0.0580,116.00,no
2026-10-05T03:57:42.022175Z,KXBTC15M-26OCT050000-00,0.0580,177.87,no
2026-10-05T03:57:42.023645Z,KXBTC15M-26OCT050000-00,0.0580,13.32,no
2026-10-05T03:57:42.03829Z,KXBTC15M-26OCT050000-00,0.0590,0.33,yes
2026-10-05T03:57:42.05576Z,KXBTC15M-26OCT050000-00,0.0590,124.49,yes
2026-10-05T03:57:42.059131Z,KXBTC15M-26OCT050000-00,0.0590,2.67,yes
2026-10-05T03:57:42.075372Z,KXBTC15M-26OCT050000-00,0.0590,2.20,yes
2026-10-05T03:57:42.1101Z,KXBTC15M-26OCT050000-00,0.0580,0.56,no
2026-10-05T03:57:42.1101Z,KXBTC15M-26OCT050000-00,0.0580,0.01,no
2026-10-05T03:57:42.1101Z,KXBTC15M-26OCT050000-00,0.0580,1.00,no
2026-10-05T03:57:42.1101Z,KXBTC15M-26OCT050000-00,0.0580,0.01,no
2026-10-05T03:57:42.123031Z,KXBTC15M-26OCT050000-00,0.0570,1000.00,no
2026-10-05T03:57:42.123031Z,KXBTC15M-26OCT050000-00,0.0570,1.00,no
2026-10-05T03:57:42.123031Z,KXBTC15M-26OCT050000-00,0.0580,0.01,no
2026-10-05T03:57:42.123031Z,KXBTC15M-26OCT050000-00,0.0580,0.01,no
2026-10-05T03:57:42.123031Z,KXBTC15M-26OCT050000-00,0.0580,8.44,no
2026-10-05T03:57:42.123031Z,KXBTC15M-26OCT050000-00,0.0570,118.00,no
2026-10-05T03:57:42.123031Z,KXBTC15M-26OCT050000-00,0.0570,200.00,no
2026-10-05T03:57:42.123031Z,KXBTC15M-26OCT050000-00,0.0570,42.00,no
2026-10-05T03:57:42.183629Z,KXBTC15M-26OCT050000-00,0.0590,5.45,yes
2026-10-05T03:57:42.197069Z,KXBTC15M-26OCT050000-00,0.0580,0.01,no
2026-10-05T03:57:42.197069Z,KXBTC15M-26OCT050000-00,0.0570,9.00,no
2026-10-05T03:57:42.197069Z,KXBTC15M-26OCT050000-00,0.0580,0.01,no
2026-10-05T03:57:42.197069Z,KXBTC15M-26OCT050000-00,0.0560,230.90,no
2026-10-05T03:57:42.245499Z,KXBTC15M-26OCT050000-00,0.0590,73.52,yes
2026-10-05T03:57:42.250485Z,KXBTC15M-26OCT050000-00,0.0590,6.20,yes
2026-10-05T03:57:42.259033Z,KXBTC15M-26OCT050000-00,0.0580,0.01,no
2026-10-05T03:57:42.259033Z,KXBTC15M-26OCT050000-00,0.0570,6.19,no
2026-10-05T03:57:42.259033Z,KXBTC15M-26OCT050000-00,0.0580,0.01,no
2026-10-05T03:57:42.266814Z,KXBTC15M-26OCT050000-00,0.0590,101.92,yes
2026-10-05T03:57:42.266814Z,KXBTC15M-26OCT050000-00,0.0590,16.75,yes
2026-10-05T03:57:42.267188Z,KXBTC15M-26OCT050000-00,0.0590,37.05,yes
2026-10-05T03:57:42.276406Z,KXBTC15M-26OCT050000-00,0.0570,0.85,no
2026-10-05T03:57:42.276406Z,KXBTC15M-26OCT050000-00,0.0570,0.01,no
2026-10-05T03:57:42.276406Z,KXBTC15M-26OCT050000-00,0.0570,0.01,no
2026-10-05T03:57:42.308159Z,KXBTC15M-26OCT050000-00,0.0570,1.00,no
2026-10-05T03:57:42.308159Z,KXBTC15M-26OCT050000-00,0.0570,0.01,no
2026-10-05T03:57:42.308159Z,KXBTC15M-26OCT050000-00,0.0570,9.00,no
2026-10-05T03:57:42.308159Z,KXBTC15M-26OCT050000-00,0.0570,0.01,no
2026-10-05T03:57:42.308159Z,KXBTC15M-26OCT050000-00,0.0560,71.18,no
2026-10-05T03:57:42.308315Z,KXBTC15M-26OCT050000-00,0.0580,2.15,yes
2026-10-05T03:57:42.323928Z,KXBTC15M-26OCT050000-00,0.0560,5.52,no
2026-10-05T03:57:42.353187Z,KXBTC15M-26OCT050000-00,0.0560,0.45,no
2026-10-05T03:57:42.353608Z,KXBTC15M-26OCT050000-00,0.0570,0.01,yes
2026-10-05T03:57:42.353608Z,KXBTC15M-26OCT050000-00,0.0570,0.01,yes
2026-10-05T03:57:42.353608Z,KXBTC15M-26OCT050000-00,0.0570,6.53,yes
2026-10-05T03:57:42.357099Z,KXBTC15M-26OCT050000-00,0.0570,131.90,yes
2026-10-05T03:57:42.357099Z,KXBTC15M-26OCT050000-00,0.0570,93.47,yes
2026-10-05T03:57:42.440391Z,KXBTC15M-26OCT050000-00,0.0560,2.01,no
2026-10-05T03:57:42.494879Z,KXBTC15M-26OCT050000-00,0.0570,0.01,yes
2026-10-05T03:57:42.494879Z,KXBTC15M-26OCT050000-00,0.0570,0.01,yes
2026-10-05T03:57:42.494879Z,KXBTC15M-26OCT050000-00,0.0580,1.00,yes
2026-10-05T03:57:42.494879Z,KXBTC15M-26OCT050000-00,0.0570,0.01,yes
2026-10-05T03:57:42.494879Z,KXBTC15M-26OCT050000-00,0.0610,1.97,yes
2026-10-05T03:57:42.517274Z,KXBTC15M-26OCT050000-00,0.0610,53.69,yes
2026-10-05T03:57:42.518527Z,KXBTC15M-26OCT050000-00,0.0600,0.01,no
2026-10-05T03:57:42.538406Z,KXBTC15M-26OCT050000-00,0.0600,17.03,no
2026-10-05T03:57:42.539595Z,KXBTC15M-26OCT050000-00,0.0610,0.01,yes
2026-10-05T03:57:42.539595Z,KXBTC15M-26OCT050000-00,0.0610,94.34,yes
2026-10-05T03:57:42.539595Z,KXBTC15M-26OCT050000-00,0.0610,0.01,yes
2026-10-05T03:57:42.539901Z,KXBTC15M-26OCT050000-00,0.0610,45.83,yes
2026-10-05T03:57:42.540531Z,KXBTC15M-26OCT050000-00,0.0610,1.48,yes
2026-10-05T03:57:42.544082Z,KXBTC15M-26OCT050000-00,0.0610,45.83,yes
2026-10-05T03:57:42.544802Z,KXBTC15M-26OCT050000-00,0.0610,6.86,yes
2026-10-05T03:57:42.544802Z,KXBTC15M-26OCT050000-00,0.0610,26.74,yes
2026-10-05T03:57:42.544802Z,KXBTC15M-26OCT050000-00,0.0610,1.01,yes
2026-10-05T03:57:42.548867Z,KXBTC15M-26OCT050000-00,0.0610,373.26,yes
2026-10-05T03:57:42.548867Z,KXBTC15M-26OCT050000-00,0.0610,0.01,yes
2026-10-05T03:57:42.548867Z,KXBTC15M-26OCT050000-00,0.0610,0.01,yes
2026-10-05T03:57:42.580636Z,KXBTC15M-26OCT050000-00,0.0620,0.01,yes
2026-10-05T03:57:42.580636Z,KXBTC15M-26OCT050000-00,0.0630,49.00,yes
2026-10-05T03:57:42.580636Z,KXBTC15M-26OCT050000-00,0.0650,35.00,yes
2026-10-05T03:57:42.580636Z,KXBTC15M-26OCT050000-00,0.0620,0.01,yes
2026-10-05T03:57:42.580636Z,KXBTC15M-26OCT050000-00,0.0620,14.00,yes
2026-10-05T03:57:42.580636Z,KXBTC15M-26OCT050000-00,0.0620,7.00,yes
2026-10-05T03:57:42.580636Z,KXBTC15M-26OCT050000-00,0.0640,150.00,yes
2026-10-05T03:57:42.580636Z,KXBTC15M-26OCT050000-00,0.0620,5.00,yes
2026-10-05T03:57:42.580636Z,KXBTC15M-26OCT050000-00,0.0660,70.40,yes
2026-10-05T03:57:42.582947Z,KXBTC15M-26OCT050000-00,0.0620,2.11,no
2026-10-05T03:57:42.584515Z,KXBTC15M-26OCT050000-00,0.0620,6.00,no
2026-10-05T03:57:42.584917Z,KXBTC15M-26OCT050000-00,0.0620,1.05,no
2026-10-05T03:57:42.625503Z,KXBTC15M-26OCT050000-00,0.0650,0.77,no
2026-10-05T03:57:42.666256Z,KXBTC15M-26OCT050000-00,0.0660,0.01,yes
2026-10-05T03:57:42.666256Z,KXBTC15M-26OCT050000-00,0.0660,5.31,yes
2026-10-05T03:57:42.666256Z,KXBTC15M-26OCT050000-00,0.0660,0.01,yes
2026-10-05T03:57:42.69709Z,KXBTC15M-26OCT050000-00,0.0660,53.93,yes
2026-10-05T03:57:42.69918Z,KXBTC15M-26OCT050000-00,0.0650,43.15,no
2026-10-05T03:57:42.716378Z,KXBTC15M-26OCT050000-00,0.0660,15.00,yes
2026-10-05T03:57:42.735472Z,KXBTC15M-26OCT050000-00,0.0660,44.48,yes
2026-10-05T03:57:42.753161Z,KXBTC15M-26OCT050000-00,0.0650,8.93,no
2026-10-05T03:57:42.753596Z,KXBTC15M-26OCT050000-00,0.0650,4.00,no
2026-10-05T03:57:42.775114Z,KXBTC15M-26OCT050000-00,0.0660,2.14,yes
2026-10-05T03:57:42.811262Z,KXBTC15M-26OCT050000-00,0.0650,5.00,no
2026-10-05T03:57:42.817435Z,KXBTC15M-26OCT050000-00,0.0650,0.01,no
2026-10-05T03:57:42.817435Z,KXBTC15M-26OCT050000-00,0.0650,0.01,no
2026-10-05T03:57:42.846512Z,KXBTC15M-26OCT050000-00,0.0650,126.00,yes
2026-10-05T03:57:42.846512Z,KXBTC15M-26OCT050000-00,0.0610,100.00,yes
2026-10-05T03:57:42.846512Z,KXBTC15M-26OCT050000-00,0.0650,64.00,yes
2026-10-05T03:57:42.846512Z,KXBTC15M-26OCT050000-00,0.0650,200.00,yes
2026-10-05T03:57:42.846512Z,KXBTC15M-26OCT050000-00,0.0660,1.52,yes
2026-10-05T03:57:42.846512Z,KXBTC15M-26OCT050000-00,0.0600,884.00,yes
2026-10-05T03:57:42.846512Z,KXBTC15M-26OCT050000-00,0.0610,70.00,yes
2026-10-05T03:57:42.846512Z,KXBTC15M-26OCT050000-00,0.0650,198.41,yes
2026-10-05T03:57:42.846512Z,KXBTC15M-26OCT050000-00,0.0650,64.00,yes
2026-10-05T03:57:42.846512Z,KXBTC15M-26OCT050000-00,0.0650,14.00,yes
2026-10-05T03:57:42.846512Z,KXBTC15M-26OCT050000-00,0.0610,150.00,yes
2026-10-05T03:57:42.846512Z,KXBTC15M-26OCT050000-00,0.0650,10.00,yes
2026-10-05T03:57:42.846512Z,KXBTC15M-26OCT050000-00,0.0650,15.00,yes
2026-10-05T03:57:42.846512Z,KXBTC15M-26OCT050000-00,0.0640,7.00,yes
2026-10-05T03:57:42.846512Z,KXBTC15M-26OCT050000-00,0.0610,0.01,yes
2026-10-05T03:57:42.846512Z,KXBTC15M-26OCT050000-00,0.0610,0.01,yes
2026-10-05T03:57:42.855712Z,KXBTC15M-26OCT050000-00,0.0650,21.00,yes
2026-10-05T03:57:42.855712Z,KXBTC15M-26OCT050000-00,0.0600,100.00,yes
2026-10-05T03:57:42.855712Z,KXBTC15M-26OCT050000-00,0.0660,84.42,yes
2026-10-05T03:57:42.855712Z,KXBTC15M-26OCT050000-00,0.0640,7.00,yes
2026-10-05T03:57:42.855712Z,KXBTC15M-26OCT050000-00,0.0600,0.01,yes
2026-10-05T03:57:42.855712Z,KXBTC15M-26OCT050000-00,0.0600,0.01,yes
2026-10-05T03:57:42.855712Z,KXBTC15M-26OCT050000-00,0.0650,10.00,yes
2026-10-05T03:57:42.855712Z,KXBTC15M-26OCT050000-00,0.0620,10.00,yes
2026-10-05T03:57:42.867262Z,KXBTC15M-26OCT050000-00,0.0600,10.00,yes
2026-10-05T03:57:42.896427Z,KXBTC15M-26OCT050000-00,0.0600,21.44,yes
2026-10-05T03:57:42.8984Z,KXBTC15M-26OCT050000-00,0.0610,8.46,yes
2026-10-05T03:57:42.916043Z,KXBTC15M-26OCT050000-00,0.0610,23.45,yes
2026-10-05T03:57:42.916043Z,KXBTC15M-26OCT050000-00,0.0610,141.54,yes
2026-10-05T03:57:42.935856Z,KXBTC15M-26OCT050000-00,0.0660,3.68,yes
2026-10-05T03:57:42.953005Z,KXBTC15M-26OCT050000-00,0.0610,70.00,no
2026-10-05T03:57:42.953005Z,KXBTC15M-26OCT050000-00,0.0610,14.49,no
2026-10-05T03:57:42.95944Z,KXBTC15M-26OCT050000-00,0.0620,10.93,yes
2026-10-05T03:57:42.970889Z,KXBTC15M-26OCT050000-00,0.0620,48.07,yes
2026-10-05T03:57:43.040852Z,KXBTC15M-26OCT050000-00,0.0610,1.00,no
2026-10-05T03:57:43.040852Z,KXBTC15M-26OCT050000-00,0.0600,113.00,no
2026-10-05T03:57:43.040852Z,KXBTC15M-26OCT050000-00,0.0600,301.88,no
2026-10-05T03:57:43.040852Z,KXBTC15M-26OCT050000-00,0.0610,0.01,no
2026-10-05T03:57:43.040852Z,KXBTC15M-26OCT050000-00,0.0600,50.00,no
2026-10-05T03:57:43.040852Z,KXBTC15M-26OCT050000-00,0.0600,113.00,no
2026-10-05T03:57:43.040852Z,KXBTC15M-26OCT050000-00,0.0610,0.01,no
2026-10-05T03:57:43.061807Z,KXBTC15M-26OCT050000-00,0.0610,23.20,yes
2026-10-05T03:57:43.090859Z,KXBTC15M-26OCT050000-00,0.0600,1.03,no
2026-10-05T03:57:43.095891Z,KXBTC15M-26OCT050000-00,0.0610,194.79,yes
2026-10-05T03:57:43.140604Z,KXBTC15M-26OCT050000-00,0.0620,271.28,yes
2026-10-05T03:57:43.140604Z,KXBTC15M-26OCT050000-00,0.0620,0.01,yes
2026-10-05T03:57:43.140604Z,KXBTC15M-26OCT050000-00,0.0620,0.01,yes
2026-10-05T03:57:43.140604Z,KXBTC15M-26OCT050000-00,0.0620,91.00,yes
2026-10-05T03:57:43.154505Z,KXBTC15M-26OCT050000-00,0.0600,21.23,no
2026-10-05T03:57:43.183934Z,KXBTC15M-26OCT050000-00,0.0620,10.36,yes
2026-10-05T03:57:43.183934Z,KXBTC15M-26OCT050000-00,0.0610,14.00,yes
2026-10-05T03:57:43.185754Z,KXBTC15M-26OCT050000-00,0.0600,0.01,no
2026-10-05T03:57:43.185754Z,KXBTC15M-26OCT050000-00,0.0600,0.01,no
2026-10-05T03:57:43.185754Z,KXBTC15M-26OCT050000-00,0.0600,101.93,no
2026-10-05T03:57:43.185903Z,KXBTC15M-26OCT050000-00,0.0600,44.17,no
2026-10-05T03:57:43.19265Z,KXBTC15M-26OCT050000-00,0.0600,9.00,no
2026-10-05T03:57:43.19265Z,KXBTC15M-26OCT050000-00,0.0600,18.09,no
2026-10-05T03:57:43.205432Z,KXBTC15M-26OCT050000-00,0.0610,133.00,yes
2026-10-05T03:57:43.205432Z,KXBTC15M-26OCT050000-00,0.0610,9.21,yes
2026-10-05T03:57:43.273193Z,KXBTC15M-26OCT050000-00,0.0600,0.01,no
2026-10-05T03:57:43.273193Z,KXBTC15M-26OCT050000-00,0.0600,0.01,no
2026-10-05T03:57:43.273193Z,KXBTC15M-26OCT050000-00,0.0590,92.37,no
2026-10-05T03:57:43.411483Z,KXBTC15M-26OCT050000-00,0.0600,15.38,yes
2026-10-05T03:57:43.431832Z,KXBTC15M-26OCT050000-00,0.0590,50.00,no
2026-10-05T03:57:43.498472Z,KXBTC15M-26OCT050000-00,0.0590,5.29,no
2026-10-05T03:57:43.49855Z,KXBTC15M-26OCT050000-00,0.0600,24.59,yes
2026-10-05T03:57:43.503143Z,KXBTC15M-26OCT050000-00,0.0600,16.20,yes
2026-10-05T03:57:43.527405Z,KXBTC15M-26OCT050000-00,0.0600,59.99,yes
2026-10-05T03:57:43.527405Z,KXBTC15M-26OCT050000-00,0.0600,93.83,yes
2026-10-05T03:57:43.541747Z,KXBTC15M-26OCT050000-00,0.0600,0.01,yes
2026-10-05T03:57:43.541747Z,KXBTC15M-26OCT050000-00,0.0600,0.01,yes
2026-10-05T03:57:43.541747Z,KXBTC15M-26OCT050000-00,0.0600,389.97,yes
2026-10-05T03:57:43.541747Z,KXBTC15M-26OCT050000-00,0.0600,50.00,yes
2026-10-05T03:57:43.541747Z,KXBTC15M-26OCT050000-00,0.0600,10.01,yes
2026-10-05T03:57:43.541747Z,KXBTC15M-26OCT050000-00,0.0600,100.00,yes
2026-10-05T03:57:43.544456Z,KXBTC15M-26OCT050000-00,0.0610,5.04,yes
2026-10-05T03:57:43.544456Z,KXBTC15M-26OCT050000-00,0.0600,10.03,yes
2026-10-05T03:57:43.556524Z,KXBTC15M-26OCT050000-00,0.0600,8.50,yes
2026-10-05T03:57:43.638166Z,KXBTC15M-26OCT050000-00,0.0600,0.45,yes
2026-10-05T03:57:43.666585Z,KXBTC15M-26OCT050000-00,0.0590,5.69,no
2026-10-05T03:57:43.66944Z,KXBTC15M-26OCT050000-00,0.0590,105.83,no
2026-10-05T03:57:43.692344Z,KXBTC15M-26OCT050000-00,0.0600,0.01,yes
2026-10-05T03:57:43.692344Z,KXBTC15M-26OCT050000-00,0.0600,258.07,yes
2026-10-05T03:57:43.692344Z,KXBTC15M-26OCT050000-00,0.0600,0.01,yes
2026-10-05T03:57:43.692344Z,KXBTC15M-26OCT050000-00,0.0600,49.55,yes
2026-10-05T03:57:43.757088Z,KXBTC15M-26OCT050000-00,0.0610,261.50,yes
2026-10-05T03:57:43.880692Z,KXBTC15M-26OCT050000-00,0.0600,0.01,no
2026-10-05T03:57:43.880692Z,KXBTC15M-26OCT050000-00,0.0600,0.01,no
2026-10-05T03:57:43.880692Z,KXBTC15M-26OCT050000-00,0.0590,42.31,no
2026-10-05T03:57:43.881355Z,KXBTC15M-26OCT050000-00,0.0600,42.57,yes
2026-10-05T03:57:43.902687Z,KXBTC15M-26OCT050000-00,0.0600,3.22,yes
2026-10-05T03:57:43.904637Z,KXBTC15M-26OCT050000-00,0.0600,24.21,yes
2026-10-05T03:57:43.904637Z,KXBTC15M-26OCT050000-00,0.0600,21.04,yes
2026-10-05T03:57:43.904637Z,KXBTC15M-26OCT050000-00,0.0600,70.00,yes
2026-10-05T03:57:43.904637Z,KXBTC15M-26OCT050000-00,0.0600,70.00,yes
2026-10-05T03:57:43.923141Z,KXBTC15M-26OCT050000-00,0.0600,46.91,yes
2026-10-05T03:57:43.95152Z,KXBTC15M-26OCT050000-00,0.0590,74.08,no
2026-10-05T03:57:43.957804Z,KXBTC15M-26OCT050000-00,0.0610,1.00,yes
2026-10-05T03:57:43.957804Z,KXBTC15M-26OCT050000-00,0.0610,0.01,yes
2026-10-05T03:57:43.957804Z,KXBTC15M-26OCT050000-00,0.0610,0.01,yes
2026-10-05T03:57:43.957804Z,KXBTC15M-26OCT050000-00,0.0610,24.09,yes
2026-10-05T03:57:43.957804Z,KXBTC15M-26OCT050000-00,0.0610,51.50,yes
2026-10-05T03:57:43.958733Z,KXBTC15M-26OCT050000-00,0.0590,602.08,no
2026-10-05T03:57:43.968601Z,KXBTC15M-26OCT050000-00,0.0590,0.26,no
2026-10-05T03:57:43.976971Z,KXBTC15M-26OCT050000-00,0.0600,15.63,yes
2026-10-05T03:57:44.021537Z,KXBTC15M-26OCT050000-00,0.0610,9.00,yes
2026-10-05T03:57:44.04824Z,KXBTC15M-26OCT050000-00,0.0600,1.56,yes
2026-10-05T03:57:44.076911Z,KXBTC15M-26OCT050000-00,0.0600,7.81,yes
2026-10-05T03:57:44.120907Z,KXBTC15M-26OCT050000-00,0.0600,12.00,yes
2026-10-05T03:57:44.121451Z,KXBTC15M-26OCT050000-00,0.0600,7.75,yes
2026-10-05T03:57:44.140514Z,KXBTC15M-26OCT050000-00,0.0590,4.84,no
2026-10-05T03:57:44.16428Z,KXBTC15M-26OCT050000-00,0.0600,1.88,yes
2026-10-05T03:57:44.221497Z,KXBTC15M-26OCT050000-00,0.0600,29.00,yes
2026-10-05T03:57:44.221497Z,KXBTC15M-26OCT050000-00,0.0600,205.56,yes
2026-10-05T03:57:44.245117Z,KXBTC15M-26OCT050000-00,0.0590,7.19,no
2026-10-05T03:57:44.245623Z,KXBTC15M-26OCT050000-00,0.0600,194.44,yes
2026-10-05T03:57:44.245623Z,KXBTC15M-26OCT050000-00,0.0600,267.13,yes
2026-10-05T03:57:44.248798Z,KXBTC15M-26OCT050000-00,0.0590,7.97,no
2026-10-05T03:57:44.248798Z,KXBTC15M-26OCT050000-00,0.0590,0.01,no
2026-10-05T03:57:44.248798Z,KXBTC15M-26OCT050000-00,0.0590,0.01,no
2026-10-05T03:57:44.248798Z,KXBTC15M-26OCT050000-00,0.0590,97.84,no
2026-10-05T03:57:44.251908Z,KXBTC15M-26OCT050000-00,0.0590,6.00,no
2026-10-05T03:57:44.259128Z,KXBTC15M-26OCT050000-00,0.0600,14.49,yes
2026-10-05T03:57:44.259128Z,KXBTC15M-26OCT050000-00,0.0600,1.14,yes
2026-10-05T03:57:44.264286Z,KXBTC15M-26OCT050000-00,0.0600,0.01,yes
2026-10-05T03:57:44.264286Z,KXBTC15M-26OCT050000-00,0.0600,12.35,yes
2026-10-05T03:57:44.264286Z,KXBTC15M-26OCT050000-00,0.0600,0.01,yes
2026-10-05T03:57:44.281391Z,KXBTC15M-26OCT050000-00,0.0600,0.01,no
2026-10-05T03:57:44.284202Z,KXBTC15M-26OCT050000-00,0.0600,2.00,no
2026-10-05T03:57:44.301402Z,KXBTC15M-26OCT050000-00,0.0610,15.38,yes
2026-10-05T03:57:44.302103Z,KXBTC15M-26OCT050000-00,0.0610,134.62,yes
2026-10-05T03:57:44.302103Z,KXBTC15M-26OCT050000-00,0.0610,220.23,yes
2026-10-05T03:57:44.333733Z,KXBTC15M-26OCT050000-00,0.0610,32.25,yes
2026-10-05T03:57:44.333733Z,KXBTC15M-26OCT050000-00,0.0610,4.00,yes
2026-10-05T03:57:44.354369Z,KXBTC15M-26OCT050000-00,0.0610,76.61,yes
2026-10-05T03:57:44.392355Z,KXBTC15M-26OCT050000-00,0.0610,229.86,yes
2026-10-05T03:57:44.410699Z,KXBTC15M-26OCT050000-00,0.0610,55.00,yes
2026-10-05T03:57:44.484671Z,KXBTC15M-26OCT050000-00,0.0610,6.38,yes
2026-10-05T03:57:44.49353Z,KXBTC15M-26OCT050000-00,0.0600,1.00,no
2026-10-05T03:57:44.49353Z,KXBTC15M-26OCT050000-00,0.0600,0.01,no
2026-10-05T03:57:44.49353Z,KXBTC15M-26OCT050000-00,0.0600,0.01,no
2026-10-05T03:57:44.507961Z,KXBTC15M-26OCT050000-00,0.0600,4.36,yes
2026-10-05T03:57:44.525123Z,KXBTC15M-26OCT050000-00,0.0590,2.00,no
2026-10-05T03:57:44.52614Z,KXBTC15M-26OCT050000-00,0.0600,0.76,yes
2026-10-05T03:57:44.537474Z,KXBTC15M-26OCT050000-00,0.0600,0.01,yes
2026-10-05T03:57:44.537474Z,KXBTC15M-26OCT050000-00,0.0600,0.01,yes
2026-10-05T03:57:44.537474Z,KXBTC15M-26OCT050000-00,0.0600,6.63,yes
2026-10-05T03:57:44.539313Z,KXBTC15M-26OCT050000-00,0.0610,5.00,yes
2026-10-05T03:57:44.539313Z,KXBTC15M-26OCT050000-00,0.0610,1.41,yes
2026-10-05T03:57:44.558248Z,KXBTC15M-26OCT050000-00,0.0600,19.03,no
2026-10-05T03:57:44.584835Z,KXBTC15M-26OCT050000-00,0.0610,15.31,yes
2026-10-05T03:57:44.605158Z,KXBTC15M-26OCT050000-00,0.0600,0.74,no
2026-10-05T03:57:44.631157Z,KXBTC15M-26OCT050000-00,0.0600,2.64,no
2026-10-05T03:57:44.638331Z,KXBTC15M-26OCT050000-00,0.0610,0.76,yes
2026-10-05T03:57:44.6385Z,KXBTC15M-26OCT050000-00,0.0610,32.59,yes
2026-10-05T03:57:44.65303Z,KXBTC15M-26OCT050000-00,0.0610,76.91,yes
2026-10-05T03:57:44.678919Z,KXBTC15M-26OCT050000-00,0.0600,23.40,no
2026-10-05T03:57:44.699451Z,KXBTC15M-26OCT050000-00,0.0600,1.72,no
2026-10-05T03:57:44.709615Z,KXBTC15M-26OCT050000-00,0.0620,5.10,yes
2026-10-05T03:57:44.713372Z,KXBTC15M-26OCT050000-00,0.0610,30.00,no
2026-10-05T03:57:44.714149Z,KXBTC15M-26OCT050000-00,0.0620,75.37,yes
2026-10-05T03:57:44.779522Z,KXBTC15M-26OCT050000-00,0.0620,95.60,yes
2026-10-05T03:57:44.815777Z,KXBTC15M-26OCT050000-00,0.0610,0.01,no
2026-10-05T03:57:44.815777Z,KXBTC15M-26OCT050000-00,0.0610,0.01,no
2026-10-05T03:57:44.815777Z,KXBTC15M-26OCT050000-00,0.0600,44.72,no
2026-10-05T03:57:44.878867Z,KXBTC15M-26OCT050000-00,0.0590,500.00,no
2026-10-05T03:57:44.878867Z,KXBTC15M-26OCT050000-00,0.0600,0.01,no
2026-10-05T03:57:44.878867Z,KXBTC15M-26OCT050000-00,0.0600,0.01,no
2026-10-05T03:57:44.878867Z,KXBTC15M-26OCT050000-00,0.0590,29.00,no
2026-10-05T03:57:44.923388Z,KXBTC15M-26OCT050000-00,0.0570,10.56,no
2026-10-05T03:57:44.923405Z,KXBTC15M-26OCT050000-00,0.0580,38.09,yes
2026-10-05T03:57:44.923405Z,KXBTC15M-26OCT050000-00,0.0580,70.00,yes
2026-10-05T03:57:44.931539Z,KXBTC15M-26OCT050000-00,0.0580,31.91,yes
2026-10-05T03:57:44.931539Z,KXBTC15M-26OCT050000-00,0.0580,0.01,yes
2026-10-05T03:57:44.931539Z,KXBTC15M-26OCT050000-00,0.0580,0.01,yes
2026-10-05T03:57:44.931539Z,KXBTC15M-26OCT050000-00,0.0580,200.12,yes
2026-10-05T03:57:44.936974Z,KXBTC15M-26OCT050000-00,0.0570,51.85,no
2026-10-05T03:57:44.938509Z,KXBTC15M-26OCT050000-00,0.0580,106.99,yes
2026-10-05T03:57:44.957841Z,KXBTC15M-26OCT050000-00,0.0590,7.51,yes
2026-10-05T03:57:44.957841Z,KXBTC15M-26OCT050000-00,0.0580,0.01,yes
2026-10-05T03:57:44.957841Z,KXBTC15M-26OCT050000-00,0.0580,0.01,yes
2026-10-05T03:57:44.966243Z,KXBTC15M-26OCT050000-00,0.0580,45.11,yes
2026-10-05T03:57:45.05981Z,KXBTC15M-26OCT050000-00,0.0590,62.98,yes
2026-10-05T03:57:45.05981Z,KXBTC15M-26OCT050000-00,0.0590,0.01,yes
2026-10-05T03:57:45.05981Z,KXBTC15M-26OCT050000-00,0.0590,0.01,yes
2026-10-05T03:57:45.065487Z,KXBTC15M-26OCT050000-00,0.0590,153.82,yes
2026-10-05T03:57:45.0918Z,KXBTC15M-26OCT050000-00,0.0590,17.00,no
2026-10-05T03:57:45.101999Z,KXBTC15M-26OCT050000-00,0.0600,3.24,yes
2026-10-05T03:57:45.103422Z,KXBTC15M-26OCT050000-00,0.0590,1.05,no
2026-10-05T03:57:45.130061Z,KXBTC15M-26OCT050000-00,0.0600,15.63,yes
2026-10-05T03:57:45.139994Z,KXBTC15M-26OCT050000-00,0.0600,15.88,yes
2026-10-05T03:57:45.156219Z,KXBTC15M-26OCT050000-00,0.0600,7.00,yes
2026-10-05T03:57:45.156219Z,KXBTC15M-26OCT050000-00,0.0600,0.92,yes
2026-10-05T03:57:45.156219Z,KXBTC15M-26OCT050000-00,0.0600,21.25,yes
2026-10-05T03:57:45.161488Z,KXBTC15M-26OCT050000-00,0.0600,62.37,yes
2026-10-05T03:57:45.191954Z,KXBTC15M-26OCT050000-00,0.0590,0.01,no
2026-10-05T03:57:45.191954Z,KXBTC15M-26OCT050000-00,0.0590,0.01,no
2026-10-05T03:57:45.191954Z,KXBTC15M-26OCT050000-00,0.0590,1.00,no
2026-10-05T03:57:45.191954Z,KXBTC15M-26OCT050000-00,0.0580,12.36,no
2026-10-05T03:57:45.191954Z,KXBTC15M-26OCT050000-00,0.0580,9.00,no
2026-10-05T03:57:45.196614Z,KXBTC15M-26OCT050000-00,0.0590,9.00,yes
2026-10-05T03:57:45.205707Z,KXBTC15M-26OCT050000-00,0.0560,255.85,no
2026-10-05T03:57:45.205707Z,KXBTC15M-26OCT050000-00,0.0570,0.01,no
2026-10-05T03:57:45.205707Z,KXBTC15M-26OCT050000-00,0.0570,55.59,no
2026-10-05T03:57:45.220999Z,KXBTC15M-26OCT050000-00,0.0580,1.00,yes
2026-10-05T03:57:45.227578Z,KXBTC15M-26OCT050000-00,0.0540,1.00,no
2026-10-05T03:57:45.227578Z,KXBTC15M-26OCT050000-00,0.0540,1.50,no
2026-10-05T03:57:45.227578Z,KXBTC15M-26OCT050000-00,0.0550,1.00,no
2026-10-05T03:57:45.227578Z,KXBTC15M-26OCT050000-00,0.0550,1.50,no
2026-10-05T03:57:45.227578Z,KXBTC15M-26OCT050000-00,0.0550,1.00,no
2026-10-05T03:57:45.227578Z,KXBTC15M-26OCT050000-00,0.0540,1.00,no
2026-10-05T03:57:45.227578Z,KXBTC15M-26OCT050000-00,0.0540,16.83,no
2026-10-05T03:57:45.227578Z,KXBTC15M-26OCT050000-00,0.0560,1.00,no
2026-10-05T03:57:45.227578Z,KXBTC15M-26OCT050000-00,0.0570,0.01,no
2026-10-05T03:57:45.227578Z,KXBTC15M-26OCT050000-00,0.0550,9.00,no
2026-10-05T03:57:45.227578Z,KXBTC15M-26OCT050000-00,0.0560,0.01,no
2026-10-05T03:57:45.227578Z,KXBTC15M-26OCT050000-00,0.0570,0.01,no
2026-10-05T03:57:45.227578Z,KXBTC15M-26OCT050000-00,0.0550,17.00,no
2026-10-05T03:57:45.239217Z,KXBTC15M-26OCT050000-00,0.0580,140.48,yes
2026-10-05T03:57:45.239217Z,KXBTC15M-26OCT050000-00,0.0570,70.00,yes
2026-10-05T03:57:45.239217Z,KXBTC15M-26OCT050000-00,0.0570,8.00,yes
2026-10-05T03:57:45.239217Z,KXBTC15M-26OCT050000-00,0.0570,70.00,yes
2026-10-05T03:57:45.239217Z,KXBTC15M-26OCT050000-00,0.0570,70.00,yes
2026-10-05T03:57:45.239217Z,KXBTC15M-26OCT050000-00,0.0570,70.00,yes
2026-10-05T03:57:45.239217Z,KXBTC15M-26OCT050000-00,0.0580,40.94,yes
2026-10-05T03:57:45.239217Z,KXBTC15M-26OCT050000-00,0.0570,70.00,yes
2026-10-05T03:57:45.247503Z,KXBTC15M-26OCT050000-00,0.0570,0.14,yes
2026-10-05T03:57:45.267217Z,KXBTC15M-26OCT050000-00,0.0540,5.18,no
2026-10-05T03:57:45.300356Z,KXBTC15M-26OCT050000-00,0.0540,9.00,no
2026-10-05T03:57:45.354434Z,KXBTC15M-26OCT050000-00,0.0540,93.99,no
2026-10-05T03:57:45.354434Z,KXBTC15M-26OCT050000-00,0.0540,0.01,no
2026-10-05T03:57:45.354434Z,KXBTC15M-26OCT050000-00,0.0540,156.01,no
2026-10-05T03:57:45.354434Z,KXBTC15M-26OCT050000-00,0.0540,9.00,no
2026-10-05T03:57:45.354434Z,KXBTC15M-26OCT050000-00,0.0540,0.01,no
2026-10-05T03:57:45.368958Z,KXBTC15M-26OCT050000-00,0.0560,36.99,yes
2026-10-05T03:57:45.384051Z,KXBTC15M-26OCT050000-00,0.0540,63.32,no
2026-10-05T03:57:45.391856Z,KXBTC15M-26OCT050000-00,0.0560,12.13,yes
2026-10-05T03:57:45.404055Z,KXBTC15M-26OCT050000-00,0.0550,123.00,no
2026-10-05T03:57:45.404055Z,KXBTC15M-26OCT050000-00,0.0550,0.01,no
2026-10-05T03:57:45.404055Z,KXBTC15M-26OCT050000-00,0.0540,0.01,no
2026-10-05T03:57:45.404055Z,KXBTC15M-26OCT050000-00,0.0540,8.86,no
2026-10-05T03:57:45.404055Z,KXBTC15M-26OCT050000-00,0.0540,0.01,no
2026-10-05T03:57:45.404055Z,KXBTC15M-26OCT050000-00,0.0550,0.01,no
2026-10-05T03:57:45.404055Z,KXBTC15M-26OCT050000-00,0.0540,780.67,no
2026-10-05T03:57:45.436418Z,KXBTC15M-26OCT050000-00,0.0550,1.25,yes
2026-10-05T03:57:45.436418Z,KXBTC15M-26OCT050000-00,0.0550,0.01,yes
2026-10-05T03:57:45.436418Z,KXBTC15M-26OCT050000-00,0.0550,0.01,yes
2026-10-05T03:57:45.440674Z,KXBTC15M-26OCT050000-00,0.0550,19.22,yes
2026-10-05T03:57:45.494965Z,KXBTC15M-26OCT050000-00,0.0540,5.18,no
2026-10-05T03:57:45.499544Z,KXBTC15M-26OCT050000-00,0.0550,1.27,yes
2026-10-05T03:57:45.556829Z,KXBTC15M-26OCT050000-00,0.0540,3.34,no
2026-10-05T03:57:45.564458Z,KXBTC15M-26OCT050000-00,0.0550,1.27,yes
2026-10-05T03:57:45.567644Z,KXBTC15M-26OCT050000-00,0.0550,15.38,yes
2026-10-05T03:57:45.58363Z,KXBTC15M-26OCT050000-00,0.0550,15.63,yes
2026-10-05T03:57:45.58539Z,KXBTC15M-26OCT050000-00,0.0540,4.62,no
2026-10-05T03:57:45.58539Z,KXBTC15M-26OCT050000-00,0.0540,0.56,no
2026-10-05T03:57:45.598902Z,KXBTC15M-26OCT050000-00,0.0550,0.01,yes
2026-10-05T03:57:45.598902Z,KXBTC15M-26OCT050000-00,0.0550,26.00,yes
2026-10-05T03:57:45.598902Z,KXBTC15M-26OCT050000-00,0.0550,0.01,yes
2026-10-05T03:57:45.598902Z,KXBTC15M-26OCT050000-00,0.0560,248.88,yes
2026-10-05T03:57:45.63025Z,KXBTC15M-26OCT050000-00,0.0570,4.37,yes
2026-10-05T03:57:45.662746Z,KXBTC15M-26OCT050000-00,0.0560,3.63,yes
2026-10-05T03:57:45.662746Z,KXBTC15M-26OCT050000-00,0.0560,0.01,yes
2026-10-05T03:57:45.662746Z,KXBTC15M-26OCT050000-00,0.0560,0.01,yes
2026-10-05T03:57:45.67581Z,KXBTC15M-26OCT050000-00,0.0560,8.90,yes
2026-10-05T03:57:45.692205Z,KXBTC15M-26OCT050000-00,0.0570,1.27,yes
2026-10-05T03:57:45.700273Z,KXBTC15M-26OCT050000-00,0.0570,158.87,yes
2026-10-05T03:57:45.702684Z,KXBTC15M-26OCT050000-00,0.0560,0.01,no
2026-10-05T03:57:45.702684Z,KXBTC15M-26OCT050000-00,0.0550,0.01,no
2026-10-05T03:57:45.702684Z,KXBTC15M-26OCT050000-00,0.0560,0.01,no
2026-10-05T03:57:45.702684Z,KXBTC15M-26OCT050000-00,0.0550,4.27,no
2026-10-05T03:57:45.702684Z,KXBTC15M-26OCT050000-00,0.0550,0.01,no
2026-10-05T03:57:45.736112Z,KXBTC15M-26OCT050000-00,0.0560,0.01,no
2026-10-05T03:57:45.736112Z,KXBTC15M-26OCT050000-00,0.0560,0.79,no
2026-10-05T03:57:45.736112Z,KXBTC15M-26OCT050000-00,0.0560,0.01,no
2026-10-05T03:57:45.746505Z,KXBTC15M-26OCT050000-00,0.0570,32.91,yes
2026-10-05T03:57:45.799997Z,KXBTC15M-26OCT050000-00,0.0560,20.69,no
2026-10-05T03:57:45.820082Z,KXBTC15M-26OCT050000-00,0.0560,5.26,no
2026-10-05T03:57:45.834556Z,KXBTC15M-26OCT050000-00,0.0560,5.26,no
2026-10-05T03:57:45.848905Z,KXBTC15M-26OCT050000-00,0.0570,1.25,yes
2026-10-05T03:57:45.848905Z,KXBTC15M-26OCT050000-00,0.0570,0.01,yes
2026-10-05T03:57:45.848905Z,KXBTC15M-26OCT050000-00,0.0570,0.01,yes
2026-10-05T03:57:45.866935Z,KXBTC15M-26OCT050000-00,0.0580,121.98,yes
2026-10-05T03:57:45.866935Z,KXBTC15M-26OCT050000-00,0.0570,0.01,yes
2026-10-05T03:57:45.866935Z,KXBTC15M-26OCT050000-00,0.0570,0.01,yes
2026-10-05T03:57:45.903261Z,KXBTC15M-26OCT050000-00,0.0570,5.00,yes
2026-10-05T03:57:45.936861Z,KXBTC15M-26OCT050000-00,0.0570,0.01,yes
2026-10-05T03:57:45.936861Z,KXBTC15M-26OCT050000-00,0.0570,182.00,yes
2026-10-05T03:57:45.936861Z,KXBTC15M-26OCT050000-00,0.0570,58.00,yes
2026-10-05T03:57:45.936861Z,KXBTC15M-26OCT050000-00,0.0570,200.00,yes
2026-10-05T03:57:45.936861Z,KXBTC15M-26OCT050000-00,0.0570,204.82,yes
2026-10-05T03:57:45.936861Z,KXBTC15M-26OCT050000-00,0.0570,0.01,yes
2026-10-05T03:57:45.968946Z,KXBTC15M-26OCT050000-00,0.0570,92.60,yes
2026-10-05T03:57:45.980464Z,KXBTC15M-26OCT050000-00,0.0570,82.28,yes
2026-10-05T03:57:45.991383Z,KXBTC15M-26OCT050000-00,0.0530,1.00,no
2026-10-05T03:57:45.991383Z,KXBTC15M-26OCT050000-00,0.0530,1.50,no
2026-10-05T03:57:45.991383Z,KXBTC15M-26OCT050000-00,0.0560,0.01,no
2026-10-05T03:57:45.991383Z,KXBTC15M-26OCT050000-00,0.0530,17.11,no
2026-10-05T03:57:45.991383Z,KXBTC15M-26OCT050000-00,0.0560,0.01,no
2026-10-05T03:57:45.991383Z,KXBTC15M-26OCT050000-00,0.0560,1.00,no
2026-10-05T03:57:45.999432Z,KXBTC15M-26OCT050000-00,0.0560,27.00,yes
2026-10-05T03:57:46.040987Z,KXBTC15M-26OCT050000-00,0.0560,5.58,yes
2026-10-05T03:57:46.04609Z,KXBTC15M-26OCT050000-00,0.0560,23.18,yes
2026-10-05T03:57:46.052562Z,KXBTC15M-26OCT050000-00,0.0560,0.01,yes
2026-10-05T03:57:46.052562Z,KXBTC15M-26OCT050000-00,0.0560,0.01,yes
2026-10-05T03:57:46.052562Z,KXBTC15M-26OCT050000-00,0.0560,14.24,yes
2026-10-05T03:57:46.052562Z,KXBTC15M-26OCT050000-00,0.0570,0.01,yes
2026-10-05T03:57:46.052562Z,KXBTC15M-26OCT050000-00,0.0570,149.87,yes
2026-10-05T03:57:46.052562Z,KXBTC15M-26OCT050000-00,0.0570,0.01,yes
2026-10-05T03:57:46.070117Z,KXBTC15M-26OCT050000-00,0.0570,13.48,yes
2026-10-05T03:57:46.070117Z,KXBTC15M-26OCT050000-00,0.0560,0.01,yes
2026-10-05T03:57:46.139919Z,KXBTC15M-26OCT050000-00,0.0560,54.86,no
2026-10-05T03:57:46.148938Z,KXBTC15M-26OCT050000-00,0.0560,0.62,no
2026-10-05T03:57:46.15651Z,KXBTC15M-26OCT050000-00,0.0570,0.01,yes
2026-10-05T03:57:46.15651Z,KXBTC15M-26OCT050000-00,0.0570,0.01,yes
2026-10-05T03:57:46.15651Z,KXBTC15M-26OCT050000-00,0.0570,8.37,yes
2026-10-05T03:57:46.180012Z,KXBTC15M-26OCT050000-00,0.0580,55.14,yes
2026-10-05T03:57:46.180012Z,KXBTC15M-26OCT050000-00,0.0580,150.00,yes
2026-10-05T03:57:46.180012Z,KXBTC15M-26OCT050000-00,0.0580,8.00,yes
2026-10-05T03:57:46.230389Z,KXBTC15M-26OCT050000-00,0.0580,15.63,yes
2026-10-05T03:57:46.243165Z,KXBTC15M-26OCT050000-00,0.0520,1.00,no
2026-10-05T03:57:46.243165Z,KXBTC15M-26OCT050000-00,0.0520,1.50,no
2026-10-05T03:57:46.243165Z,KXBTC15M-26OCT050000-00,0.0570,0.01,no
2026-10-05T03:57:46.243165Z,KXBTC15M-26OCT050000-00,0.0520,69.30,no
2026-10-05T03:57:46.243165Z,KXBTC15M-26OCT050000-00,0.0560,0.01,no
2026-10-05T03:57:46.243165Z,KXBTC15M-26OCT050000-00,0.0560,0.01,no
2026-10-05T03:57:46.243165Z,KXBTC15M-26OCT050000-00,0.0570,0.01,no
2026-10-05T03:57:46.243165Z,KXBTC15M-26OCT050000-00,0.0520,42.00,no
2026-10-05T03:57:46.243165Z,KXBTC15M-26OCT050000-00,0.0520,9.00,no
2026-10-05T03:57:46.309441Z,KXBTC15M-26OCT050000-00,0.0570,204.14,yes
2026-10-05T03:57:46.309441Z,KXBTC15M-26OCT050000-00,0.0570,8.00,yes
2026-10-05T03:57:46.309441Z,KXBTC15M-26OCT050000-00,0.0570,0.01,yes
2026-10-05T03:57:46.309441Z,KXBTC15M-26OCT050000-00,0.0560,1.08,yes
2026-10-05T03:57:46.316337Z,KXBTC15M-26OCT050000-00,0.0580,1.00,yes
2026-10-05T03:57:46.323252Z,KXBTC15M-26OCT050000-00,0.0550,27.77,no
2026-10-05T03:57:46.334282Z,KXBTC15M-26OCT050000-00,0.0550,5.27,no
2026-10-05T03:57:46.344088Z,KXBTC15M-26OCT050000-00,0.0580,3.19,yes
2026-10-05T03:57:46.352146Z,KXBTC15M-26OCT050000-00,0.0580,135.00,yes
2026-10-05T03:57:46.358572Z,KXBTC15M-26OCT050000-00,0.0580,20.00,yes
2026-10-05T03:57:46.433594Z,KXBTC15M-26OCT050000-00,0.0570,0.01,no
2026-10-05T03:57:46.433594Z,KXBTC15M-26OCT050000-00,0.0570,0.01,no
2026-10-05T03:57:46.439481Z,KXBTC15M-26OCT050000-00,0.0550,0.01,no
2026-10-05T03:57:46.442224Z,KXBTC15M-26OCT050000-00,0.0520,0.02,no
2026-10-05T03:57:46.443701Z,KXBTC15M-26OCT050000-00,0.0510,0.02,no
2026-10-05T03:57:46.444296Z,KXBTC15M-26OCT050000-00,0.0510,0.02,no
2026-10-05T03:57:46.446588Z,KXBTC15M-26OCT050000-00,0.0520,198.00,no
2026-10-05T03:57:46.447232Z,KXBTC15M-26OCT050000-00,0.0520,6.60,no
2026-10-05T03:57:46.449429Z,KXBTC15M-26OCT050000-00,0.0520,2.96,no
2026-10-05T03:57:46.44992Z,KXBTC15M-26OCT050000-00,0.0520,1.39,no
2026-10-05T03:57:46.453418Z,KXBTC15M-26OCT050000-00,0.0530,244.39,yes
2026-10-05T03:57:46.453418Z,KXBTC15M-26OCT050000-00,0.0530,2.00,yes
2026-10-05T03:57:46.453697Z,KXBTC15M-26OCT050000-00,0.0520,0.01,no
2026-10-05T03:57:46.461916Z,KXBTC15M-26OCT050000-00,0.0510,1.00,no
2026-10-05T03:57:46.461916Z,KXBTC15M-26OCT050000-00,0.0510,1.46,no
2026-10-05T03:57:46.466145Z,KXBTC15M-26OCT050000-00,0.0500,14.09,no
2026-10-05T03:57:46.466145Z,KXBTC15M-26OCT050000-00,0.0500,1.00,no
2026-10-05T03:57:46.466145Z,KXBTC15M-26OCT050000-00,0.0500,3.00,no
2026-10-05T03:57:46.46788Z,KXBTC15M-26OCT050000-00,0.0500,185.91,no
2026-10-05T03:57:46.46788Z,KXBTC15M-26OCT050000-00,0.0500,5.09,no
2026-10-05T03:57:46.46788Z,KXBTC15M-26OCT050000-00,0.0500,1.00,no
2026-10-05T03:57:46.46788Z,KXBTC15M-26OCT050000-00,0.0500,3.00,no
2026-10-05T03:57:46.468001Z,KXBTC15M-26OCT050000-00,0.0490,1.00,no
2026-10-05T03:57:46.468001Z,KXBTC15M-26OCT050000-00,0.0500,0.91,no
2026-10-05T03:57:46.468001Z,KXBTC15M-26OCT050000-00,0.0500,14.47,no
2026-10-05T03:57:46.468001Z,KXBTC15M-26OCT050000-00,0.0500,0.31,no
2026-10-05T03:57:46.468001Z,KXBTC15M-26OCT050000-00,0.0500,1.51,no
2026-10-05T03:57:46.468001Z,KXBTC15M-26OCT050000-00,0.0500,33.53,no
2026-10-05T03:57:46.468001Z,KXBTC15M-26OCT050000-00,0.0500,1.25,no
2026-10-05T03:57:46.468001Z,KXBTC15M-26OCT050000-00,0.0500,20.00,no
2026-10-05T03:57:46.468001Z,KXBTC15M-26OCT050000-00,0.0500,50.00,no
2026-10-05T03:57:46.468001Z,KXBTC15M-26OCT050000-00,0.0500,10.00,no
2026-10-05T03:57:46.468001Z,KXBTC15M-26OCT050000-00,0.0500,200.00,no
2026-10-05T03:57:46.468001Z,KXBTC15M-26OCT050000-00,0.0500,100.00,no
2026-10-05T03:57:46.468001Z,KXBTC15M-26OCT050000-00,0.0500,11.18,no
2026-10-05T03:57:46.468001Z,KXBTC15M-26OCT050000-00,0.0500,9.68,no
2026-10-05T03:57:46.468001Z,KXBTC15M-26OCT050000-00,0.0500,15.00,no
2026-10-05T03:57:46.468001Z,KXBTC15M-26OCT050000-00,0.0500,32.00,no
2026-10-05T03:57:46.468001Z,KXBTC15M-26OCT050000-00,0.0500,2.00,no
2026-10-05T03:57:46.469259Z,KXBTC15M-26OCT050000-00,0.0510,29.83,yes
2026-10-05T03:57:46.470087Z,KXBTC15M-26OCT050000-00,0.0460,1.00,no
2026-10-05T03:57:46.470087Z,KXBTC15M-26OCT050000-00,0.0430,1.00,no
2026-10-05T03:57:46.470087Z,KXBTC15M-26OCT050000-00,0.0440,1.00,no
2026-10-05T03:57:46.470087Z,KXBTC15M-26OCT050000-00,0.0480,1.00,no
2026-10-05T03:57:46.470087Z,KXBTC15M-26OCT050000-00,0.0450,1.00,no
2026-10-05T03:57:46.470087Z,KXBTC15M-26OCT050000-00,0.0470,1.00,no
2026-10-05T03:57:46.470087Z,KXBTC15M-26OCT050000-00,0.0430,3.00,no
2026-10-05T03:57:46.470087Z,KXBTC15M-26OCT050000-00,0.0440,3.00,no
2026-10-05T03:57:46.470087Z,KXBTC15M-26OCT050000-00,0.0450,3.00,no
2026-10-05T03:57:46.470087Z,KXBTC15M-26OCT050000-00,0.0430,82.67,no
2026-10-05T03:57:46.470087Z,KXBTC15M-26OCT050000-00,0.0450,200.00,no
2026-10-05T03:57:46.470087Z,KXBTC15M-26OCT050000-00,0.0500,0.01,no
2026-10-05T03:57:46.524904Z,KXBTC15M-26OCT050000-00,0.0490,0.70,yes
2026-10-05T03:57:46.551187Z,KXBTC15M-26OCT050000-00,0.0490,9.00,yes
2026-10-05T03:57:46.551187Z,KXBTC15M-26OCT050000-00,0.0490,2.00,yes
2026-10-05T03:57:46.551187Z,KXBTC15M-26OCT050000-00,0.0490,116.00,yes
2026-10-05T03:57:46.551187Z,KXBTC15M-26OCT050000-00,0.0490,2.00,yes
2026-10-05T03:57:46.551187Z,KXBTC15M-26OCT050000-00,0.0490,0.01,yes
2026-10-05T03:57:46.551187Z,KXBTC15M-26OCT050000-00,0.0490,45.00,yes
2026-10-05T03:57:46.551187Z,KXBTC15M-26OCT050000-00,0.0490,0.01,yes
2026-10-05T03:57:46.551187Z,KXBTC15M-26OCT050000-00,0.0490,52.19,yes
2026-10-05T03:57:46.566698Z,KXBTC15M-26OCT050000-00,0.0490,8.22,yes
2026-10-05T03:57:46.581709Z,KXBTC15M-26OCT050000-00,0.0420,1.01,no
2026-10-05T03:57:46.581709Z,KXBTC15M-26OCT050000-00,0.0480,0.01,no
2026-10-05T03:57:46.622556Z,KXBTC15M-26OCT050000-00,0.0430,714.00,yes
2026-10-05T03:57:46.625519Z,KXBTC15M-26OCT050000-00,0.0430,32.91,yes
2026-10-05T03:57:46.706574Z,KXBTC15M-26OCT050000-00,0.0430,12.15,yes
2026-10-05T03:57:46.706574Z,KXBTC15M-26OCT050000-00,0.0430,2.00,yes
2026-10-05T03:57:46.706574Z,KXBTC15M-26OCT050000-00,0.0430,0.01,yes
2026-10-05T03:57:46.706574Z,KXBTC15M-26OCT050000-00,0.0430,0.01,yes
2026-10-05T03:57:46.706574Z,KXBTC15M-26OCT050000-00,0.0430,2.00,yes
2026-10-05T03:57:46.720567Z,KXBTC15M-26OCT050000-00,0.0430,32.34,yes
2026-10-05T03:57:46.731196Z,KXBTC15M-26OCT050000-00,0.0420,1.16,no
2026-10-05T03:57:46.739874Z,KXBTC15M-26OCT050000-00,0.0420,1.00,no
2026-10-05T03:57:46.739874Z,KXBTC15M-26OCT050000-00,0.0420,0.83,no
2026-10-05T03:57:46.739874Z,KXBTC15M-26OCT050000-00,0.0420,322.00,no
2026-10-05T03:57:46.739874Z,KXBTC15M-26OCT050000-00,0.0420,278.46,no
2026-10-05T03:57:46.739874Z,KXBTC15M-26OCT050000-00,0.0420,1.05,no
2026-10-05T03:57:46.739874Z,KXBTC15M-26OCT050000-00,0.0420,9.00,no
2026-10-05T03:57:46.739874Z,KXBTC15M-26OCT050000-00,0.0420,0.01,no
2026-10-05T03:57:46.739874Z,KXBTC15M-26OCT050000-00,0.0420,198.02,no
2026-10-05T03:57:46.739874Z,KXBTC15M-26OCT050000-00,0.0420,0.01,no
2026-10-05T03:57:46.775685Z,KXBTC15M-26OCT050000-00,0.0430,2.00,yes
2026-10-05T03:57:46.775685Z,KXBTC15M-26OCT050000-00,0.0430,2.00,yes
2026-10-05T03:57:46.775685Z,KXBTC15M-26OCT050000-00,0.0430,3.32,yes
2026-10-05T03:57:46.775685Z,KXBTC15M-26OCT050000-00,0.0430,0.01,yes
2026-10-05T03:57:46.775685Z,KXBTC15M-26OCT050000-00,0.0430,0.01,yes
2026-10-05T03:57:46.775685Z,KXBTC15M-26OCT050000-00,0.0430,10.00,yes
2026-10-05T03:57:46.816111Z,KXBTC15M-26OCT050000-00,0.0410,1.00,no
2026-10-05T03:57:46.816111Z,KXBTC15M-26OCT050000-00,0.0410,3.00,no
2026-10-05T03:57:46.816111Z,KXBTC15M-26OCT050000-00,0.0420,0.01,no
2026-10-05T03:57:46.816111Z,KXBTC15M-26OCT050000-00,0.0420,25.00,no
2026-10-05T03:57:46.816111Z,KXBTC15M-26OCT050000-00,0.0410,17.48,no
2026-10-05T03:57:46.816111Z,KXBTC15M-26OCT050000-00,0.0420,0.01,no
2026-10-05T03:57:46.816111Z,KXBTC15M-26OCT050000-00,0.0420,1.05,no
2026-10-05T03:57:46.816111Z,KXBTC15M-26OCT050000-00,0.0420,9.00,no
2026-10-05T03:57:46.816111Z,KXBTC15M-26OCT050000-00,0.0420,189.35,no
2026-10-05T03:57:46.816111Z,KXBTC15M-26OCT050000-00,0.0420,1.00,no
2026-10-05T03:57:46.845431Z,KXBTC15M-26OCT050000-00,0.0420,32.34,yes
2026-10-05T03:57:46.85276Z,KXBTC15M-26OCT050000-00,0.0420,96.61,yes
2026-10-05T03:57:46.853239Z,KXBTC15M-26OCT050000-00,0.0430,2.00,yes
2026-10-05T03:57:46.853239Z,KXBTC15M-26OCT050000-00,0.0440,0.32,yes
2026-10-05T03:57:46.853239Z,KXBTC15M-26OCT050000-00,0.0430,0.01,yes
2026-10-05T03:57:46.853239Z,KXBTC15M-26OCT050000-00,0.0420,0.01,yes
2026-10-05T03:57:46.853239Z,KXBTC15M-26OCT050000-00,0.0420,21.05,yes
2026-10-05T03:57:46.853239Z,KXBTC15M-26OCT050000-00,0.0430,0.01,yes
2026-10-05T03:57:46.853239Z,KXBTC15M-26OCT050000-00,0.0420,2.00,yes
2026-10-05T03:57:46.853239Z,KXBTC15M-26OCT050000-00,0.0420,0.01,yes
2026-10-05T03:57:46.873377Z,KXBTC15M-26OCT050000-00,0.0430,64.69,yes
2026-10-05T03:57:46.949827Z,KXBTC15M-26OCT050000-00,0.0410,137.50,no
2026-10-05T03:57:46.963732Z,KXBTC15M-26OCT050000-00,0.0420,42.00,yes
2026-10-05T03:57:46.963732Z,KXBTC15M-26OCT050000-00,0.0420,400.00,yes
2026-10-05T03:57:46.964156Z,KXBTC15M-26OCT050000-00,0.0430,19.13,yes
2026-10-05T03:57:46.971907Z,KXBTC15M-26OCT050000-00,0.0420,4.00,no
2026-10-05T03:57:46.98985Z,KXBTC15M-26OCT050000-00,0.0420,10.00,no
2026-10-05T03:57:46.998923Z,KXBTC15M-26OCT050000-00,0.0420,24.94,no
2026-10-05T03:57:47.005948Z,KXBTC15M-26OCT050000-00,0.0420,10.00,no
2026-10-05T03:57:47.010876Z,KXBTC15M-26OCT050000-00,0.0430,43.39,yes
2026-10-05T03:57:47.010876Z,KXBTC15M-26OCT050000-00,0.0430,66.18,yes
2026-10-05T03:57:47.010876Z,KXBTC15M-26OCT050000-00,0.0430,0.01,yes
2026-10-05T03:57:47.012132Z,KXBTC15M-26OCT050000-00,0.0430,40.26,yes
2026-10-05T03:57:47.012132Z,KXBTC15M-26OCT050000-00,0.0430,40.61,yes
2026-10-05T03:57:47.031685Z,KXBTC15M-26OCT050000-00,0.0430,0.01,yes
2026-10-05T03:57:47.031685Z,KXBTC15M-26OCT050000-00,0.0430,106.66,yes
2026-10-05T03:57:47.047091Z,KXBTC15M-26OCT050000-00,0.0420,10.95,no
2026-10-05T03:57:47.068828Z,KXBTC15M-26OCT050000-00,0.0430,2.82,yes
2026-10-05T03:57:47.142836Z,KXBTC15M-26OCT050000-00,0.0430,20.93,yes
2026-10-05T03:57:47.188411Z,KXBTC15M-26OCT050000-00,0.0430,21.79,yes
2026-10-05T03:57:47.19076Z,KXBTC15M-26OCT050000-00,0.0430,5.92,yes
2026-10-05T03:57:47.216524Z,KXBTC15M-26OCT050000-00,0.0420,2.00,no
2026-10-05T03:57:47.226518Z,KXBTC15M-26OCT050000-00,0.0420,28.68,no
2026-10-05T03:57:47.226518Z,KXBTC15M-26OCT050000-00,0.0420,9.00,no
2026-10-05T03:57:47.226518Z,KXBTC15M-26OCT050000-00,0.0420,8.11,no
2026-10-05T03:57:47.25542Z,KXBTC15M-26OCT050000-00,0.0430,0.72,yes
2026-10-05T03:57:47.269644Z,KXBTC15M-26OCT050000-00,0.0430,108.97,yes
2026-10-05T03:57:47.28277Z,KXBTC15M-26OCT050000-00,0.0420,52.03,no
2026-10-05T03:57:47.323988Z,KXBTC15M-26OCT050000-00,0.0430,59.69,yes
2026-10-05T03:57:47.323988Z,KXBTC15M-26OCT050000-00,0.0430,40.31,yes
2026-10-05T03:57:47.343582Z,KXBTC15M-26OCT050000-00,0.0420,2.00,no
2026-10-05T03:57:47.343582Z,KXBTC15M-26OCT050000-00,0.0420,2.00,no
2026-10-05T03:57:47.343582Z,KXBTC15M-26OCT050000-00,0.0420,9.00,no
2026-10-05T03:57:47.343582Z,KXBTC15M-26OCT050000-00,0.0410,12.98,no
2026-10-05T03:57:47.343582Z,KXBTC15M-26OCT050000-00,0.0420,0.01,no
2026-10-05T03:57:47.343582Z,KXBTC15M-26OCT050000-00,0.0420,0.01,no
2026-10-05T03:57:47.390673Z,KXBTC15M-26OCT050000-00,0.0430,400.00,yes
2026-10-05T03:57:47.390673Z,KXBTC15M-26OCT050000-00,0.0430,0.01,yes
2026-10-05T03:57:47.390673Z,KXBTC15M-26OCT050000-00,0.0460,10.00,yes
2026-10-05T03:57:47.390673Z,KXBTC15M-26OCT050000-00,0.0440,92.00,yes
2026-10-05T03:57:47.390673Z,KXBTC15M-26OCT050000-00,0.0430,0.01,yes
2026-10-05T03:57:47.390673Z,KXBTC15M-26OCT050000-00,0.0460,9.00,yes
2026-10-05T03:57:47.390673Z,KXBTC15M-26OCT050000-00,0.0470,573.32,yes
2026-10-05T03:57:47.390673Z,KXBTC15M-26OCT050000-00,0.0450,20.00,yes
2026-10-05T03:57:47.401568Z,KXBTC15M-26OCT050000-00,0.0420,0.01,no
2026-10-05T03:57:47.401568Z,KXBTC15M-26OCT050000-00,0.0420,0.01,no
2026-10-05T03:57:47.401568Z,KXBTC15M-26OCT050000-00,0.0420,9.00,no
2026-10-05T03:57:47.401568Z,KXBTC15M-26OCT050000-00,0.0410,210.95,no
2026-10-05T03:57:47.410506Z,KXBTC15M-26OCT050000-00,0.0430,150.00,yes
2026-10-05T03:57:47.410506Z,KXBTC15M-26OCT050000-00,0.0430,49.00,yes
2026-10-05T03:57:47.410506Z,KXBTC15M-26OCT050000-00,0.0430,484.51,yes
2026-10-05T03:57:47.435783Z,KXBTC15M-26OCT050000-00,0.0430,25.00,yes
2026-10-05T03:57:47.451172Z,KXBTC15M-26OCT050000-00,0.0420,2.00,no
2026-10-05T03:57:47.451172Z,KXBTC15M-26OCT050000-00,0.0420,0.01,no
2026-10-05T03:57:47.451172Z,KXBTC15M-26OCT050000-00,0.0420,0.01,no
2026-10-05T03:57:47.451172Z,KXBTC15M-26OCT050000-00,0.0420,9.00,no
2026-10-05T03:57:47.451835Z,KXBTC15M-26OCT050000-00,0.0430,14.82,yes
2026-10-05T03:57:47.535987Z,KXBTC15M-26OCT050000-00,0.0420,0.01,yes
2026-10-05T03:57:47.535987Z,KXBTC15M-26OCT050000-00,0.0420,0.72,yes
2026-10-05T03:57:47.535987Z,KXBTC15M-26OCT050000-00,0.0420,0.01,yes
2026-10-05T03:57:47.55913Z,KXBTC15M-26OCT050000-00,0.0430,150.00,yes
2026-10-05T03:57:47.55913Z,KXBTC15M-26OCT050000-00,0.0430,237.00,yes
2026-10-05T03:57:47.55913Z,KXBTC15M-26OCT050000-00,0.0430,12.99,yes
2026-10-05T03:57:47.55913Z,KXBTC15M-26OCT050000-00,0.0430,0.01,yes
2026-10-05T03:57:47.574642Z,KXBTC15M-26OCT050000-00,0.0420,0.01,yes
2026-10-05T03:57:47.574642Z,KXBTC15M-26OCT050000-00,0.0420,21.78,yes
2026-10-05T03:57:47.591699Z,KXBTC15M-26OCT050000-00,0.0420,7.97,yes
2026-10-05T03:57:47.614616Z,KXBTC15M-26OCT050000-00,0.0420,362.75,yes
2026-10-05T03:57:47.614616Z,KXBTC15M-26OCT050000-00,0.0420,120.25,yes
2026-10-05T03:57:47.646892Z,KXBTC15M-26OCT050000-00,0.0420,1.03,yes
2026-10-05T03:57:47.675702Z,KXBTC15M-26OCT050000-00,0.0410,0.50,no
2026-10-05T03:57:47.675892Z,KXBTC15M-26OCT050000-00,0.0410,5.09,no
2026-10-05T03:57:47.68829Z,KXBTC15M-26OCT050000-00,0.0420,81.56,yes
2026-10-05T03:57:47.688904Z,KXBTC15M-26OCT050000-00,0.0420,1.23,yes
2026-10-05T03:57:47.723495Z,KXBTC15M-26OCT050000-00,0.0410,4.07,no
2026-10-05T03:57:47.742412Z,KXBTC15M-26OCT050000-00,0.0420,21.64,yes
2026-10-05T03:57:47.752842Z,KXBTC15M-26OCT050000-00,0.0410,25.48,no
2026-10-05T03:57:47.780384Z,KXBTC15M-26OCT050000-00,0.0420,44.54,yes
2026-10-05T03:57:47.780384Z,KXBTC15M-26OCT050000-00,0.0420,400.00,yes
2026-10-05T03:57:47.780384Z,KXBTC15M-26OCT050000-00,0.0420,200.00,yes
2026-10-05T03:57:47.780384Z,KXBTC15M-26OCT050000-00,0.0420,432.14,yes
2026-10-05T03:57:47.780384Z,KXBTC15M-26OCT050000-00,0.0420,1.00,yes
2026-10-05T03:57:47.780384Z,KXBTC15M-26OCT050000-00,0.0420,1.02,yes
2026-10-05T03:57:47.784552Z,KXBTC15M-26OCT050000-00,0.0420,54.49,yes
2026-10-05T03:57:47.797576Z,KXBTC15M-26OCT050000-00,0.0420,10.89,yes
2026-10-05T03:57:47.828763Z,KXBTC15M-26OCT050000-00,0.0420,15.95,yes
2026-10-05T03:57:47.851987Z,KXBTC15M-26OCT050000-00,0.0410,49.00,no
2026-10-05T03:57:47.852316Z,KXBTC15M-26OCT050000-00,0.0410,99.00,no
2026-10-05T03:57:47.857443Z,KXBTC15M-26OCT050000-00,0.0410,0.02,no
2026-10-05T03:57:47.860382Z,KXBTC15M-26OCT050000-00,0.0410,10.00,no
2026-10-05T03:57:47.860382Z,KXBTC15M-26OCT050000-00,0.0410,0.01,no
2026-10-05T03:57:47.860382Z,KXBTC15M-26OCT050000-00,0.0410,0.01,no
2026-10-05T03:57:47.860382Z,KXBTC15M-26OCT050000-00,0.0410,215.85,no
2026-10-05T03:57:47.863071Z,KXBTC15M-26OCT050000-00,0.0400,1.00,no
2026-10-05T03:57:47.863071Z,KXBTC15M-26OCT050000-00,0.0400,3.00,no
2026-10-05T03:57:47.863071Z,KXBTC15M-26OCT050000-00,0.0400,10.00,no
2026-10-05T03:57:47.863071Z,KXBTC15M-26OCT050000-00,0.0400,4.37,no
2026-10-05T03:57:47.863071Z,KXBTC15M-26OCT050000-00,0.0400,16.47,no
2026-10-05T03:57:47.863071Z,KXBTC15M-26OCT050000-00,0.0400,16.47,no
2026-10-05T03:57:47.863071Z,KXBTC15M-26OCT050000-00,0.0400,0.73,no
2026-10-05T03:57:47.863071Z,KXBTC15M-26OCT050000-00,0.0400,1.62,no
2026-10-05T03:57:47.863071Z,KXBTC15M-26OCT050000-00,0.0400,145.98,no
2026-10-05T03:57:47.863071Z,KXBTC15M-26OCT050000-00,0.0400,20.29,no
2026-10-05T03:57:47.863071Z,KXBTC15M-26OCT050000-00,0.0400,5.07,no
2026-10-05T03:57:47.864126Z,KXBTC15M-26OCT050000-00,0.0400,23.00,no
2026-10-05T03:57:47.86899Z,KXBTC15M-26OCT050000-00,0.0410,10.05,yes
2026-10-05T03:57:47.872782Z,KXBTC15M-26OCT050000-00,0.0400,195.00,no
2026-10-05T03:57:47.874544Z,KXBTC15M-26OCT050000-00,0.0400,0.02,no
2026-10-05T03:57:47.898392Z,KXBTC15M-26OCT050000-00,0.0410,2.00,yes
2026-10-05T03:57:47.898392Z,KXBTC15M-26OCT050000-00,0.0410,2.00,yes
2026-10-05T03:57:47.898392Z,KXBTC15M-26OCT050000-00,0.0410,139.95,yes
2026-10-05T03:57:47.898392Z,KXBTC15M-26OCT050000-00,0.0410,2493.78,yes
2026-10-05T03:57:47.898392Z,KXBTC15M-26OCT050000-00,0.0410,70.00,yes
2026-10-05T03:57:47.898392Z,KXBTC15M-26OCT050000-00,0.0410,70.00,yes
2026-10-05T03:57:47.900634Z,KXBTC15M-26OCT050000-00,0.0410,3.19,yes
2026-10-05T03:57:47.915661Z,KXBTC15M-26OCT050000-00,0.0400,50.00,no
2026-10-05T03:57:47.928383Z,KXBTC15M-26OCT050000-00,0.0410,2.23,yes
2026-10-05T03:57:47.931264Z,KXBTC15M-26OCT050000-00,0.0410,100.00,yes
2026-10-05T03:57:47.931264Z,KXBTC15M-26OCT050000-00,0.0410,234.94,yes
2026-10-05T03:57:47.931264Z,KXBTC15M-26OCT050000-00,0.0410,10.00,yes
2026-10-05T03:57:47.931264Z,KXBTC15M-26OCT050000-00,0.0410,182.00,yes
2026-10-05T03:57:47.931264Z,KXBTC15M-26OCT050000-00,0.0410,84.00,yes
2026-10-05T03:57:47.931264Z,KXBTC15M-26OCT050000-00,0.0410,106.93,yes
2026-10-05T03:57:47.931264Z,KXBTC15M-26OCT050000-00,0.0410,77.00,yes
2026-10-05T03:57:47.977001Z,KXBTC15M-26OCT050000-00,0.0410,11.71,yes
2026-10-05T03:57:47.977128Z,KXBTC15M-26OCT050000-00,0.0400,463.00,no
2026-10-05T03:57:48.011582Z,KXBTC15M-26OCT050000-00,0.0400,2.00,no
2026-10-05T03:57:48.016618Z,KXBTC15M-26OCT050000-00,0.0410,14.91,yes
2026-10-05T03:57:48.022941Z,KXBTC15M-26OCT050000-00,0.0400,24.96,no
2026-10-05T03:57:48.025369Z,KXBTC15M-26OCT050000-00,0.0400,12.97,no
2026-10-05T03:57:48.052884Z,KXBTC15M-26OCT050000-00,0.0410,0.59,yes
2026-10-05T03:57:48.08609Z,KXBTC15M-26OCT050000-00,0.0410,22.31,yes
2026-10-05T03:57:48.114577Z,KXBTC15M-26OCT050000-00,0.0400,48.00,no
2026-10-05T03:57:48.163391Z,KXBTC15M-26OCT050000-00,0.0400,2.15,no
2026-10-05T03:57:48.193864Z,KXBTC15M-26OCT050000-00,0.0400,4.07,no
2026-10-05T03:57:48.214634Z,KXBTC15M-26OCT050000-00,0.0410,22.31,yes
2026-10-05T03:57:48.220165Z,KXBTC15M-26OCT050000-00,0.0400,529.74,no
2026-10-05T03:57:48.222824Z,KXBTC15M-26OCT050000-00,0.0410,40.16,yes
2026-10-05T03:57:48.233593Z,KXBTC15M-26OCT050000-00,0.0410,105.40,yes
2026-10-05T03:57:48.241444Z,KXBTC15M-26OCT050000-00,0.0410,10.00,yes
2026-10-05T03:57:48.241444Z,KXBTC15M-26OCT050000-00,0.0410,75.68,yes
2026-10-05T03:57:48.241444Z,KXBTC15M-26OCT050000-00,0.0410,1.00,yes
2026-10-05T03:57:48.241444Z,KXBTC15M-26OCT050000-00,0.0410,1.01,yes
2026-10-05T03:57:48.241444Z,KXBTC15M-26OCT050000-00,0.0410,73.00,yes
2026-10-05T03:57:48.241444Z,KXBTC15M-26OCT050000-00,0.0410,0.01,yes
2026-10-05T03:57:48.241444Z,KXBTC15M-26OCT050000-00,0.0410,0.01,yes
2026-10-05T03:57:48.241444Z,KXBTC15M-26OCT050000-00,0.0410,30.00,yes
2026-10-05T03:57:48.241444Z,KXBTC15M-26OCT050000-00,0.0410,104.00,yes
2026-10-05T03:57:48.249996Z,KXBTC15M-26OCT050000-00,0.0420,2.00,yes
2026-10-05T03:57:48.249996Z,KXBTC15M-26OCT050000-00,0.0420,1.00,yes
2026-10-05T03:57:48.249996Z,KXBTC15M-26OCT050000-00,0.0420,10.00,yes
2026-10-05T03:57:48.261649Z,KXBTC15M-26OCT050000-00,0.0430,2.00,yes
2026-10-05T03:57:48.261649Z,KXBTC15M-26OCT050000-00,0.0430,10.00,yes
2026-10-05T03:57:48.276514Z,KXBTC15M-26OCT050000-00,0.0440,21.35,yes
2026-10-05T03:57:48.289981Z,KXBTC15M-26OCT050000-00,0.0440,11.08,yes
2026-10-05T03:57:48.351134Z,KXBTC15M-26OCT050000-00,0.0440,1.08,yes
2026-10-05T03:57:48.439649Z,KXBTC15M-26OCT050000-00,0.0420,47.05,no
2026-10-05T03:57:48.439649Z,KXBTC15M-26OCT050000-00,0.0430,0.01,no
2026-10-05T03:57:48.439649Z,KXBTC15M-26OCT050000-00,0.0430,0.01,no
2026-10-05T03:57:48.485499Z,KXBTC15M-26OCT050000-00,0.0420,40.00,no
2026-10-05T03:57:48.487271Z,KXBTC15M-26OCT050000-00,0.0420,100.00,no
2026-10-05T03:57:48.500443Z,KXBTC15M-26OCT050000-00,0.0430,3.19,yes
2026-10-05T03:57:48.507788Z,KXBTC15M-26OCT050000-00,0.0430,14.77,yes
2026-10-05T03:57:48.542057Z,KXBTC15M-26OCT050000-00,0.0420,188.16,no
2026-10-05T03:57:48.542057Z,KXBTC15M-26OCT050000-00,0.0420,10.84,no
2026-10-05T03:57:48.542057Z,KXBTC15M-26OCT050000-00,0.0420,1.00,no
2026-10-05T03:57:48.542312Z,KXBTC15M-26OCT050000-00,0.0430,106.43,yes
2026-10-05T03:57:48.549461Z,KXBTC15M-26OCT050000-00,0.0430,13.29,yes
2026-10-05T03:57:48.618218Z,KXBTC15M-26OCT050000-00,0.0420,0.01,no
2026-10-05T03:57:48.618218Z,KXBTC15M-26OCT050000-00,0.0420,0.01,no
2026-10-05T03:57:48.618218Z,KXBTC15M-26OCT050000-00,0.0420,3.09,no
2026-10-05T03:57:48.639919Z,KXBTC15M-26OCT050000-00,0.0430,1.07,yes
2026-10-05T03:57:48.698353Z,KXBTC15M-26OCT050000-00,0.0430,1.36,yes
2026-10-05T03:57:48.698353Z,KXBTC15M-26OCT050000-00,0.0430,11.25,yes
2026-10-05T03:57:48.715536Z,KXBTC15M-26OCT050000-00,0.0420,51.93,no
2026-10-05T03:57:48.719066Z,KXBTC15M-26OCT050000-00,0.0430,2.00,yes
2026-10-05T03:57:48.719066Z,KXBTC15M-26OCT050000-00,0.0430,79.29,yes
2026-10-05T03:57:48.719066Z,KXBTC15M-26OCT050000-00,0.0430,2.00,yes
2026-10-05T03:57:48.72844Z,KXBTC15M-26OCT050000-00,0.0430,21.93,yes
2026-10-05T03:57:48.737131Z,KXBTC15M-26OCT050000-00,0.0420,155.70,no
2026-10-05T03:57:48.747837Z,KXBTC15M-26OCT050000-00,0.0430,107.65,yes
2026-10-05T03:57:48.75894Z,KXBTC15M-26OCT050000-00,0.0430,1.00,yes
2026-10-05T03:57:48.762064Z,KXBTC15M-26OCT050000-00,0.0430,99.59,yes
2026-10-05T03:57:48.773581Z,KXBTC15M-26OCT050000-00,0.0420,103.87,no
2026-10-05T03:57:48.790372Z,KXBTC15M-26OCT050000-00,0.0420,161.00,no
2026-10-05T03:57:48.790372Z,KXBTC15M-26OCT050000-00,0.0420,5.20,no
2026-10-05T03:57:48.860072Z,KXBTC15M-26OCT050000-00,0.0430,22.92,yes
2026-10-05T03:57:48.883523Z,KXBTC15M-26OCT050000-00,0.0420,34.00,no
2026-10-05T03:57:48.886354Z,KXBTC15M-26OCT050000-00,0.0420,30.00,no
2026-10-05T03:57:48.886395Z,KXBTC15M-26OCT050000-00,0.0430,13.13,yes
2026-10-05T03:57:48.924169Z,KXBTC15M-26OCT050000-00,0.0420,4.00,no
2026-10-05T03:57:48.936817Z,KXBTC15M-26OCT050000-00,0.0420,182.98,no
2026-10-05T03:57:49.011942Z,KXBTC15M-26OCT050000-00,0.0420,1.00,no
2026-10-05T03:57:49.012299Z,KXBTC15M-26OCT050000-00,0.0430,21.79,yes
2026-10-05T03:57:49.01291Z,KXBTC15M-26OCT050000-00,0.0420,202.61,no
2026-10-05T03:57:49.015919Z,KXBTC15M-26OCT050000-00,0.0420,37.46,no
2026-10-05T03:57:49.021727Z,KXBTC15M-26OCT050000-00,0.0410,10.00,no
2026-10-05T03:57:49.021727Z,KXBTC15M-26OCT050000-00,0.0420,90.00,no
2026-10-05T03:57:49.021727Z,KXBTC15M-26OCT050000-00,0.0420,200.00,no
2026-10-05T03:57:49.021727Z,KXBTC15M-26OCT050000-00,0.0420,0.01,no
2026-10-05T03:57:49.021727Z,KXBTC15M-26OCT050000-00,0.0410,213.98,no
2026-10-05T03:57:49.021727Z,KXBTC15M-26OCT050000-00,0.0420,0.01,no
2026-10-05T03:57:49.049328Z,KXBTC15M-26OCT050000-00,0.0410,22.82,no
2026-10-05T03:57:49.057051Z,KXBTC15M-26OCT050000-00,0.0420,17.85,yes
2026-10-05T03:57:49.079318Z,KXBTC15M-26OCT050000-00,0.0410,10.00,no
2026-10-05T03:57:49.079318Z,KXBTC15M-26OCT050000-00,0.0410,0.01,no
2026-10-05T03:57:49.079318Z,KXBTC15M-26OCT050000-00,0.0410,0.01,no
2026-10-05T03:57:49.079318Z,KXBTC15M-26OCT050000-00,0.0410,165.00,no
2026-10-05T03:57:49.12775Z,KXBTC15M-26OCT050000-00,0.0400,23.86,no
2026-10-05T03:57:49.143338Z,KXBTC15M-26OCT050000-00,0.0410,6.65,yes
2026-10-05T03:57:49.143338Z,KXBTC15M-26OCT050000-00,0.0410,10.00,yes
2026-10-05T03:57:49.167323Z,KXBTC15M-26OCT050000-00,0.0410,65.38,yes
2026-10-05T03:57:49.193966Z,KXBTC15M-26OCT050000-00,0.0400,1.00,no
2026-10-05T03:57:49.200799Z,KXBTC15M-26OCT050000-00,0.0410,43.59,yes
2026-10-05T03:57:49.232161Z,KXBTC15M-26OCT050000-00,0.0410,217.58,yes
2026-10-05T03:57:49.23705Z,KXBTC15M-26OCT050000-00,0.0400,0.74,no
2026-10-05T03:57:49.296442Z,KXBTC15M-26OCT050000-00,0.0410,0.01,yes
2026-10-05T03:57:49.296442Z,KXBTC15M-26OCT050000-00,0.0410,0.01,yes
2026-10-05T03:57:49.296442Z,KXBTC15M-26OCT050000-00,0.0410,2.00,yes
2026-10-05T03:57:49.296442Z,KXBTC15M-26OCT050000-00,0.0410,2.00,yes
2026-10-05T03:57:49.296442Z,KXBTC15M-26OCT050000-00,0.0410,5.98,yes
2026-10-05T03:57:49.360177Z,KXBTC15M-26OCT050000-00,0.0410,21.79,yes
2026-10-05T03:57:49.360789Z,KXBTC15M-26OCT050000-00,0.0400,690.21,no
2026-10-05T03:57:49.3635Z,KXBTC15M-26OCT050000-00,0.0410,43.48,yes
2026-10-05T03:57:49.383064Z,KXBTC15M-26OCT050000-00,0.0400,6.11,no
2026-10-05T03:57:49.390741Z,KXBTC15M-26OCT050000-00,0.0410,73.99,yes
2026-10-05T03:57:49.39303Z,KXBTC15M-26OCT050000-00,0.0400,167.48,no
2026-10-05T03:57:49.408201Z,KXBTC15M-26OCT050000-00,0.0410,0.43,yes
2026-10-05T03:57:49.41244Z,KXBTC15M-26OCT050000-00,0.0400,20.00,no
2026-10-05T03:57:49.412843Z,KXBTC15M-26OCT050000-00,0.0410,29.33,yes
2026-10-05T03:57:49.412843Z,KXBTC15M-26OCT050000-00,0.0410,213.67,yes
2026-10-05T03:57:49.412843Z,KXBTC15M-26OCT050000-00,0.0410,42.00,yes
2026-10-05T03:57:49.439979Z,KXBTC15M-26OCT050000-00,0.0400,20.00,no
2026-10-05T03:57:49.445032Z,KXBTC15M-26OCT050000-00,0.0400,61.00,no
2026-10-05T03:57:49.445032Z,KXBTC15M-26OCT050000-00,0.0400,5.60,no
2026-10-05T03:57:49.445032Z,KXBTC15M-26OCT050000-00,0.0400,11.86,no
2026-10-05T03:57:49.445032Z,KXBTC15M-26OCT050000-00,0.0370,87.90,no
2026-10-05T03:57:49.445032Z,KXBTC15M-26OCT050000-00,0.0400,50.00,no
2026-10-05T03:57:49.445032Z,KXBTC15M-26OCT050000-00,0.0380,10.00,no
2026-10-05T03:57:49.445032Z,KXBTC15M-26OCT050000-00,0.0400,0.01,no
2026-10-05T03:57:49.445032Z,KXBTC15M-26OCT050000-00,0.0400,0.01,no
2026-10-05T03:57:49.45535Z,KXBTC15M-26OCT050000-00,0.0380,0.02,no
2026-10-05T03:57:49.472503Z,KXBTC15M-26OCT050000-00,0.0380,0.01,no
2026-10-05T03:57:49.472503Z,KXBTC15M-26OCT050000-00,0.0380,177.98,no
2026-10-05T03:57:49.472503Z,KXBTC15M-26OCT050000-00,0.0380,0.01,no
2026-10-05T03:57:49.491655Z,KXBTC15M-26OCT050000-00,0.0380,0.01,no
2026-10-05T03:57:49.491655Z,KXBTC15M-26OCT050000-00,0.0370,1.01,no
2026-10-05T03:57:49.491655Z,KXBTC15M-26OCT050000-00,0.0380,0.01,no
2026-10-05T03:57:49.49237Z,KXBTC15M-26OCT050000-00,0.0370,2.14,no
2026-10-05T03:57:49.511596Z,KXBTC15M-26OCT050000-00,0.0390,3.45,yes
2026-10-05T03:57:49.511596Z,KXBTC15M-26OCT050000-00,0.0390,2.00,yes
2026-10-05T03:57:49.559279Z,KXBTC15M-26OCT050000-00,0.0380,75.00,no
2026-10-05T03:57:49.578847Z,KXBTC15M-26OCT050000-00,0.0380,75.00,no
2026-10-05T03:57:49.591375Z,KXBTC15M-26OCT050000-00,0.0390,2.28,yes
2026-10-05T03:57:49.606607Z,KXBTC15M-26OCT050000-00,0.0390,1.62,yes
2026-10-05T03:57:49.62336Z,KXBTC15M-26OCT050000-00,0.0390,72.94,yes
2026-10-05T03:57:49.628382Z,KXBTC15M-26OCT050000-00,0.0390,22.85,yes
2026-10-05T03:57:49.638041Z,KXBTC15M-26OCT050000-00,0.0380,15.36,no
2026-10-05T03:57:49.638041Z,KXBTC15M-26OCT050000-00,0.0380,0.01,no
2026-10-05T03:57:49.638041Z,KXBTC15M-26OCT050000-00,0.0380,0.01,no
2026-10-05T03:57:49.642869Z,KXBTC15M-26OCT050000-00,0.0340,68.95,no
2026-10-05T03:57:49.642869Z,KXBTC15M-26OCT050000-00,0.0380,134.64,no
2026-10-05T03:57:49.645849Z,KXBTC15M-26OCT050000-00,0.0390,1.12,yes
2026-10-05T03:57:49.654972Z,KXBTC15M-26OCT050000-00,0.0340,9.15,no
2026-10-05T03:57:49.654972Z,KXBTC15M-26OCT050000-00,0.0380,0.01,no
2026-10-05T03:57:49.654972Z,KXBTC15M-26OCT050000-00,0.0380,0.01,no
2026-10-05T03:57:49.67424Z,KXBTC15M-26OCT050000-00,0.0390,22.85,yes
2026-10-05T03:57:49.678504Z,KXBTC15M-26OCT050000-00,0.0390,4.87,yes
2026-10-05T03:57:49.683553Z,KXBTC15M-26OCT050000-00,0.0380,40.79,no
2026-10-05T03:57:49.728799Z,KXBTC15M-26OCT050000-00,0.0380,5.08,no
2026-10-05T03:57:49.730816Z,KXBTC15M-26OCT050000-00,0.0390,3.24,yes
2026-10-05T03:57:49.75458Z,KXBTC15M-26OCT050000-00,0.0310,14.76,no
2026-10-05T03:57:49.75458Z,KXBTC15M-26OCT050000-00,0.0310,1.00,no
2026-10-05T03:57:49.75458Z,KXBTC15M-26OCT050000-00,0.0320,1.00,no
2026-10-05T03:57:49.75458Z,KXBTC15M-26OCT050000-00,0.0330,1.00,no
2026-10-05T03:57:49.75458Z,KXBTC15M-26OCT050000-00,0.0320,15.00,no
2026-10-05T03:57:49.75458Z,KXBTC15M-26OCT050000-00,0.0330,1047.00,no
2026-10-05T03:57:49.75458Z,KXBTC15M-26OCT050000-00,0.0310,173.35,no
2026-10-05T03:57:49.75458Z,KXBTC15M-26OCT050000-00,0.0340,1.00,no
2026-10-05T03:57:49.75458Z,KXBTC15M-26OCT050000-00,0.0350,10.00,no
2026-10-05T03:57:49.75458Z,KXBTC15M-26OCT050000-00,0.0380,104.13,no
2026-10-05T03:57:49.75458Z,KXBTC15M-26OCT050000-00,0.0380,0.01,no
2026-10-05T03:57:49.75458Z,KXBTC15M-26OCT050000-00,0.0340,120.90,no
2026-10-05T03:57:49.75458Z,KXBTC15M-26OCT050000-00,0.0340,199.00,no
2026-10-05T03:57:49.75458Z,KXBTC15M-26OCT050000-00,0.0380,0.01,no
2026-10-05T03:57:49.761365Z,KXBTC15M-26OCT050000-00,0.0340,21.01,yes
2026-10-05T03:57:49.770597Z,KXBTC15M-26OCT050000-00,0.0340,89.45,yes
2026-10-05T03:57:49.796119Z,KXBTC15M-26OCT050000-00,0.0340,401.00,yes
2026-10-05T03:57:49.803339Z,KXBTC15M-26OCT050000-00,0.0330,11.09,yes
2026-10-05T03:57:49.818691Z,KXBTC15M-26OCT050000-00,0.0330,36.00,yes
2026-10-05T03:57:49.845877Z,KXBTC15M-26OCT050000-00,0.0330,29.07,yes
2026-10-05T03:57:49.845877Z,KXBTC15M-26OCT050000-00,0.0330,11.00,yes
2026-10-05T03:57:49.845877Z,KXBTC15M-26OCT050000-00,0.0330,0.01,yes
2026-10-05T03:57:49.845877Z,KXBTC15M-26OCT050000-00,0.0330,113.91,yes
2026-10-05T03:57:49.845877Z,KXBTC15M-26OCT050000-00,0.0330,97.00,yes
2026-10-05T03:57:49.845877Z,KXBTC15M-26OCT050000-00,0.0330,0.01,yes
2026-10-05T03:57:49.850986Z,KXBTC15M-26OCT050000-00,0.0320,0.38,no
2026-10-05T03:57:49.850986Z,KXBTC15M-26OCT050000-00,0.0320,0.01,no
2026-10-05T03:57:49.850986Z,KXBTC15M-26OCT050000-00,0.0320,0.01,no
2026-10-05T03:57:49.851089Z,KXBTC15M-26OCT050000-00,0.0330,13.11,yes
2026-10-05T03:57:49.861976Z,KXBTC15M-26OCT050000-00,0.0330,263.80,yes
2026-10-05T03:57:49.861976Z,KXBTC15M-26OCT050000-00,0.0330,193.31,yes
2026-10-05T03:57:49.8802Z,KXBTC15M-26OCT050000-00,0.0320,1.38,no
2026-10-05T03:57:49.884798Z,KXBTC15M-26OCT050000-00,0.0330,24.02,yes
2026-10-05T03:57:49.888101Z,KXBTC15M-26OCT050000-00,0.0330,75.08,yes
2026-10-05T03:57:49.907747Z,KXBTC15M-26OCT050000-00,0.0330,236.89,yes
2026-10-05T03:57:49.907747Z,KXBTC15M-26OCT050000-00,0.0330,11.00,yes
2026-10-05T03:57:49.907747Z,KXBTC15M-26OCT050000-00,0.0330,0.01,yes
2026-10-05T03:57:49.907747Z,KXBTC15M-26OCT050000-00,0.0330,0.01,yes
2026-10-05T03:57:49.907747Z,KXBTC15M-26OCT050000-00,0.0330,107.59,yes
2026-10-05T03:57:49.907747Z,KXBTC15M-26OCT050000-00,0.0340,28.89,yes
2026-10-05T03:57:49.962457Z,KXBTC15M-26OCT050000-00,0.0340,16.21,yes
2026-10-05T03:57:49.97508Z,KXBTC15M-26OCT050000-00,0.0340,6.00,yes
2026-10-05T03:57:50.049475Z,KXBTC15M-26OCT050000-00,0.0340,16.21,yes
2026-10-05T03:57:50.067516Z,KXBTC15M-26OCT050000-00,0.0300,33.00,no
2026-10-05T03:57:50.067516Z,KXBTC15M-26OCT050000-00,0.0300,3.00,no
2026-10-05T03:57:50.067516Z,KXBTC15M-26OCT050000-00,0.0300,260.00,no
2026-10-05T03:57:50.067516Z,KXBTC15M-26OCT050000-00,0.0300,13.75,no
2026-10-05T03:57:50.067516Z,KXBTC15M-26OCT050000-00,0.0300,1.00,no
2026-10-05T03:57:50.067516Z,KXBTC15M-26OCT050000-00,0.0300,200.00,no
2026-10-05T03:57:50.067516Z,KXBTC15M-26OCT050000-00,0.0300,200.00,no
2026-10-05T03:57:50.067516Z,KXBTC15M-26OCT050000-00,0.0300,6.66,no
2026-10-05T03:57:50.067516Z,KXBTC15M-26OCT050000-00,0.0300,4.47,no
2026-10-05T03:57:50.067516Z,KXBTC15M-26OCT050000-00,0.0300,25.00,no
2026-10-05T03:57:50.067516Z,KXBTC15M-26OCT050000-00,0.0300,20.00,no
2026-10-05T03:57:50.067516Z,KXBTC15M-26OCT050000-00,0.0300,5.78,no
2026-10-05T03:57:50.067516Z,KXBTC15M-26OCT050000-00,0.0300,2.58,no
2026-10-05T03:57:50.067516Z,KXBTC15M-26OCT050000-00,0.0300,3.29,no
2026-10-05T03:57:50.067516Z,KXBTC15M-26OCT050000-00,0.0300,4.24,no
2026-10-05T03:57:50.067516Z,KXBTC15M-26OCT050000-00,0.0300,33.00,no
2026-10-05T03:57:50.067516Z,KXBTC15M-26OCT050000-00,0.0300,28.06,no
2026-10-05T03:57:50.067516Z,KXBTC15M-26OCT050000-00,0.0300,400.00,no
2026-10-05T03:57:50.067516Z,KXBTC15M-26OCT050000-00,0.0300,33.76,no
2026-10-05T03:57:50.067516Z,KXBTC15M-26OCT050000-00,0.0300,1.00,no
2026-10-05T03:57:50.067516Z,KXBTC15M-26OCT050000-00,0.0300,1.15,no
2026-10-05T03:57:50.067516Z,KXBTC15M-26OCT050000-00,0.0300,116.27,no
2026-10-05T03:57:50.067516Z,KXBTC15M-26OCT050000-00,0.0330,9.00,no
2026-10-05T03:57:50.067516Z,KXBTC15M-26OCT050000-00,0.0330,50.00,no
2026-10-05T03:57:50.067516Z,KXBTC15M-26OCT050000-00,0.0330,150.00,no
2026-10-05T03:57:50.067516Z,KXBTC15M-26OCT050000-00,0.0320,211.00,no
2026-10-05T03:57:50.067516Z,KXBTC15M-26OCT050000-00,0.0330,0.01,no
2026-10-05T03:57:50.067516Z,KXBTC15M-26OCT050000-00,0.0320,1000.00,no
2026-10-05T03:57:50.067516Z,KXBTC15M-26OCT050000-00,0.0310,10.00,no
2026-10-05T03:57:50.067516Z,KXBTC15M-26OCT050000-00,0.0330,0.01,no
2026-10-05T03:57:50.067516Z,KXBTC15M-26OCT050000-00,0.0330,205.00,no
2026-10-05T03:57:50.121197Z,KXBTC15M-26OCT050000-00,0.0320,0.01,yes
2026-10-05T03:57:50.121197Z,KXBTC15M-26OCT050000-00,0.0330,189.00,yes
2026-10-05T03:57:50.121197Z,KXBTC15M-26OCT050000-00,0.0330,0.01,yes
2026-10-05T03:57:50.121197Z,KXBTC15M-26OCT050000-00,0.0320,0.01,yes
2026-10-05T03:57:50.121197Z,KXBTC15M-26OCT050000-00,0.0320,280.00,yes
2026-10-05T03:57:50.121197Z,KXBTC15M-26OCT050000-00,0.0330,0.01,yes
2026-10-05T03:57:50.162487Z,KXBTC15M-26OCT050000-00,0.0330,4.23,yes
2026-10-05T03:57:50.187617Z,KXBTC15M-26OCT050000-00,0.0330,49.16,yes
2026-10-05T03:57:50.187617Z,KXBTC15M-26OCT050000-00,0.0330,0.01,yes
2026-10-05T03:57:50.187617Z,KXBTC15M-26OCT050000-00,0.0330,0.01,yes
2026-10-05T03:57:50.213198Z,KXBTC15M-26OCT050000-00,0.0320,1.00,no
2026-10-05T03:57:50.219429Z,KXBTC15M-26OCT050000-00,0.0350,8.37,yes
2026-10-05T03:57:50.219429Z,KXBTC15M-26OCT050000-00,0.0330,0.01,yes
2026-10-05T03:57:50.219429Z,KXBTC15M-26OCT050000-00,0.0330,0.01,yes
2026-10-05T03:57:50.233304Z,KXBTC15M-26OCT050000-00,0.0350,24.02,yes
2026-10-05T03:57:50.234202Z,KXBTC15M-26OCT050000-00,0.0360,7.00,yes
2026-10-05T03:57:50.234202Z,KXBTC15M-26OCT050000-00,0.0360,10.00,yes
2026-10-05T03:57:50.234202Z,KXBTC15M-26OCT050000-00,0.0370,47.80,yes
2026-10-05T03:57:50.234202Z,KXBTC15M-26OCT050000-00,0.0350,75.98,yes
2026-10-05T03:57:50.234202Z,KXBTC15M-26OCT050000-00,0.0360,10.00,yes
2026-10-05T03:57:50.266362Z,KXBTC15M-26OCT050000-00,0.0340,142.10,no
2026-10-05T03:57:50.28097Z,KXBTC15M-26OCT050000-00,0.0340,0.01,no
2026-10-05T03:57:50.28097Z,KXBTC15M-26OCT050000-00,0.0340,0.01,no
2026-10-05T03:57:50.28097Z,KXBTC15M-26OCT050000-00,0.0340,6.19,no
2026-10-05T03:57:50.282944Z,KXBTC15M-26OCT050000-00,0.0350,0.01,yes
2026-10-05T03:57:50.282944Z,KXBTC15M-26OCT050000-00,0.0350,10.00,yes
2026-10-05T03:57:50.282944Z,KXBTC15M-26OCT050000-00,0.0350,0.01,yes
2026-10-05T03:57:50.282944Z,KXBTC15M-26OCT050000-00,0.0350,26.16,yes
2026-10-05T03:57:50.290585Z,KXBTC15M-26OCT050000-00,0.0350,9.54,yes
2026-10-05T03:57:50.301242Z,KXBTC15M-26OCT050000-00,0.0330,0.01,no
2026-10-05T03:57:50.301242Z,KXBTC15M-26OCT050000-00,0.0330,3.61,no
2026-10-05T03:57:50.301242Z,KXBTC15M-26OCT050000-00,0.0330,0.01,no
2026-10-05T03:57:50.301242Z,KXBTC15M-26OCT050000-00,0.0340,0.01,no
2026-10-05T03:57:50.301242Z,KXBTC15M-26OCT050000-00,0.0340,0.01,no
2026-10-05T03:57:50.30255Z,KXBTC15M-26OCT050000-00,0.0330,1.47,no
2026-10-05T03:57:50.341035Z,KXBTC15M-26OCT050000-00,0.0340,35.52,yes
2026-10-05T03:57:50.38284Z,KXBTC15M-26OCT050000-00,0.0320,0.01,no
2026-10-05T03:57:50.38284Z,KXBTC15M-26OCT050000-00,0.0330,0.01,no
2026-10-05T03:57:50.38284Z,KXBTC15M-26OCT050000-00,0.0320,20.00,no
2026-10-05T03:57:50.38284Z,KXBTC15M-26OCT050000-00,0.0320,39.00,no
2026-10-05T03:57:50.38284Z,KXBTC15M-26OCT050000-00,0.0320,0.01,no
2026-10-05T03:57:50.38284Z,KXBTC15M-26OCT050000-00,0.0330,0.01,no
2026-10-05T03:57:50.390475Z,KXBTC15M-26OCT050000-00,0.0330,0.01,no
2026-10-05T03:57:50.390475Z,KXBTC15M-26OCT050000-00,0.0320,103.51,no
2026-10-05T03:57:50.390475Z,KXBTC15M-26OCT050000-00,0.0330,0.01,no
2026-10-05T03:57:50.39232Z,KXBTC15M-26OCT050000-00,0.0320,11.11,no
2026-10-05T03:57:50.491547Z,KXBTC15M-26OCT050000-00,0.0310,591.05,no
2026-10-05T03:57:50.491547Z,KXBTC15M-26OCT050000-00,0.0320,0.01,no
2026-10-05T03:57:50.491547Z,KXBTC15M-26OCT050000-00,0.0320,0.01,no
2026-10-05T03:57:50.491547Z,KXBTC15M-26OCT050000-00,0.0320,10.00,no
2026-10-05T03:57:50.499449Z,KXBTC15M-26OCT050000-00,0.0330,0.01,yes
2026-10-05T03:57:50.499449Z,KXBTC15M-26OCT050000-00,0.0330,187.93,yes
2026-10-05T03:57:50.499449Z,KXBTC15M-26OCT050000-00,0.0330,0.01,yes
2026-10-05T03:57:50.511775Z,KXBTC15M-26OCT050000-00,0.0310,75.96,no
2026-10-05T03:57:50.527005Z,KXBTC15M-26OCT050000-00,0.0310,5.07,no
2026-10-05T03:57:50.583887Z,KXBTC15M-26OCT050000-00,0.0320,16.45,yes
2026-10-05T03:57:50.609976Z,KXBTC15M-26OCT050000-00,0.0320,0.01,yes
2026-10-05T03:57:50.609976Z,KXBTC15M-26OCT050000-00,0.0320,108.34,yes
2026-10-05T03:57:50.609976Z,KXBTC15M-26OCT050000-00,0.0320,33.55,yes
2026-10-05T03:57:50.609976Z,KXBTC15M-26OCT050000-00,0.0320,0.01,yes
2026-10-05T03:57:50.640154Z,KXBTC15M-26OCT050000-00,0.0320,234.22,yes
2026-10-05T03:57:50.767417Z,KXBTC15M-26OCT050000-00,0.0320,26.74,yes
2026-10-05T03:57:50.767417Z,KXBTC15M-26OCT050000-00,0.0320,0.01,yes
2026-10-05T03:57:50.767417Z,KXBTC15M-26OCT050000-00,0.0320,0.01,yes
2026-10-05T03:57:50.774667Z,KXBTC15M-26OCT050000-00,0.0320,72.94,yes
2026-10-05T03:57:50.79156Z,KXBTC15M-26OCT050000-00,0.0300,3.55,no
2026-10-05T03:57:50.79156Z,KXBTC15M-26OCT050000-00,0.0300,502.68,no
2026-10-05T03:57:50.79156Z,KXBTC15M-26OCT050000-00,0.0310,0.01,no
2026-10-05T03:57:50.79156Z,KXBTC15M-26OCT050000-00,0.0310,0.01,no
2026-10-05T03:57:50.79156Z,KXBTC15M-26OCT050000-00,0.0300,325.98,no
2026-10-05T03:57:50.800057Z,KXBTC15M-26OCT050000-00,0.0310,0.01,no
2026-10-05T03:57:50.800057Z,KXBTC15M-26OCT050000-00,0.0310,0.01,no
2026-10-05T03:57:50.800057Z,KXBTC15M-26OCT050000-00,0.0300,8.31,no
2026-10-05T03:57:50.800057Z,KXBTC15M-26OCT050000-00,0.0300,99.55,no
2026-10-05T03:57:50.800057Z,KXBTC15M-26OCT050000-00,0.0300,3.23,no
2026-10-05T03:57:50.803255Z,KXBTC15M-26OCT050000-00,0.0300,12.92,no
2026-10-05T03:57:50.810061Z,KXBTC15M-26OCT050000-00,0.0310,1.07,yes
2026-10-05T03:57:50.823211Z,KXBTC15M-26OCT050000-00,0.0300,9.47,no
2026-10-05T03:57:50.82973Z,KXBTC15M-26OCT050000-00,0.0320,0.01,yes
2026-10-05T03:57:50.82973Z,KXBTC15M-26OCT050000-00,0.0320,0.01,yes
2026-10-05T03:57:50.82973Z,KXBTC15M-26OCT050000-00,0.0320,7.25,yes
2026-10-05T03:57:50.82973Z,KXBTC15M-26OCT050000-00,0.0310,0.01,yes
2026-10-05T03:57:50.82973Z,KXBTC15M-26OCT050000-00,0.0310,0.01,yes
2026-10-05T03:57:50.867474Z,KXBTC15M-26OCT050000-00,0.0320,0.01,yes
2026-10-05T03:57:50.867474Z,KXBTC15M-26OCT050000-00,0.0320,111.52,yes
2026-10-05T03:57:50.881315Z,KXBTC15M-26OCT050000-00,0.0320,22.87,yes
2026-10-05T03:57:50.892239Z,KXBTC15M-26OCT050000-00,0.0320,28.38,yes
2026-10-05T03:57:50.909734Z,KXBTC15M-26OCT050000-00,0.0320,200.00,yes
2026-10-05T03:57:50.909734Z,KXBTC15M-26OCT050000-00,0.0320,0.01,yes
2026-10-05T03:57:50.909734Z,KXBTC15M-26OCT050000-00,0.0320,11.00,yes
2026-10-05T03:57:50.909734Z,KXBTC15M-26OCT050000-00,0.0330,150.75,yes
2026-10-05T03:57:50.909734Z,KXBTC15M-26OCT050000-00,0.0320,237.23,yes
2026-10-05T03:57:50.909734Z,KXBTC15M-26OCT050000-00,0.0320,0.01,yes
2026-10-05T03:57:50.909734Z,KXBTC15M-26OCT050000-00,0.0320,1.00,yes
2026-10-05T03:57:50.946646Z,KXBTC15M-26OCT050000-00,0.0330,0.01,yes
2026-10-05T03:57:50.946646Z,KXBTC15M-26OCT050000-00,0.0330,0.01,yes
2026-10-05T03:57:50.946646Z,KXBTC15M-26OCT050000-00,0.0330,193.42,yes
2026-10-05T03:57:50.952088Z,KXBTC15M-26OCT050000-00,0.0330,177.05,yes
2026-10-05T03:57:51.008288Z,KXBTC15M-26OCT050000-00,0.0320,3.89,no
2026-10-05T03:57:51.022448Z,KXBTC15M-26OCT050000-00,0.0310,0.01,no
2026-10-05T03:57:51.022448Z,KXBTC15M-26OCT050000-00,0.0310,863.76,no
2026-10-05T03:57:51.022448Z,KXBTC15M-26OCT050000-00,0.0310,10.00,no
2026-10-05T03:57:51.022448Z,KXBTC15M-26OCT050000-00,0.0320,0.01,no
2026-10-05T03:57:51.022448Z,KXBTC15M-26OCT050000-00,0.0320,0.01,no
2026-10-05T03:57:51.022448Z,KXBTC15M-26OCT050000-00,0.0310,0.01,no
2026-10-05T03:57:51.022448Z,KXBTC15M-26OCT050000-00,0.0320,146.11,no
2026-10-05T03:57:51.034013Z,KXBTC15M-26OCT050000-00,0.0310,5.04,no
2026-10-05T03:57:51.067409Z,KXBTC15M-26OCT050000-00,0.0320,29.26,yes
2026-10-05T03:57:51.087987Z,KXBTC15M-26OCT050000-00,0.0320,38.08,yes
2026-10-05T03:57:51.116238Z,KXBTC15M-26OCT050000-00,0.0300,1.98,no
2026-10-05T03:57:51.116238Z,KXBTC15M-26OCT050000-00,0.0310,0.01,no
2026-10-05T03:57:51.116238Z,KXBTC15M-26OCT050000-00,0.0310,0.01,no
2026-10-05T03:57:51.119904Z,KXBTC15M-26OCT050000-00,0.0320,0.01,yes
2026-10-05T03:57:51.119904Z,KXBTC15M-26OCT050000-00,0.0320,2.66,yes
2026-10-05T03:57:51.119904Z,KXBTC15M-26OCT050000-00,0.0320,3.32,yes
2026-10-05T03:57:51.119904Z,KXBTC15M-26OCT050000-00,0.0320,0.01,yes
2026-10-05T03:57:51.176372Z,KXBTC15M-26OCT050000-00,0.0320,15.53,yes
2026-10-05T03:57:51.176372Z,KXBTC15M-26OCT050000-00,0.0320,7.68,yes
2026-10-05T03:57:51.20002Z,KXBTC15M-26OCT050000-00,0.0320,69.02,yes
2026-10-05T03:57:51.219223Z,KXBTC15M-26OCT050000-00,0.0320,9.47,yes
2026-10-05T03:57:51.286679Z,KXBTC15M-26OCT050000-00,0.0320,29.26,yes
2026-10-05T03:57:51.337352Z,KXBTC15M-26OCT050000-00,0.0320,92.31,yes
2026-10-05T03:57:51.343073Z,KXBTC15M-26OCT050000-00,0.0300,17.32,no
2026-10-05T03:57:51.343073Z,KXBTC15M-26OCT050000-00,0.0300,7.51,no
2026-10-05T03:57:51.343073Z,KXBTC15M-26OCT050000-00,0.0310,0.01,no
2026-10-05T03:57:51.343073Z,KXBTC15M-26OCT050000-00,0.0310,78.00,no
2026-10-05T03:57:51.343073Z,KXBTC15M-26OCT050000-00,0.0310,150.00,no
2026-10-05T03:57:51.343073Z,KXBTC15M-26OCT050000-00,0.0310,0.01,no
2026-10-05T03:57:51.343073Z,KXBTC15M-26OCT050000-00,0.0300,133.34,no
2026-10-05T03:57:51.349626Z,KXBTC15M-26OCT050000-00,0.0310,9.17,yes
2026-10-05T03:57:51.349963Z,KXBTC15M-26OCT050000-00,0.0300,15.45,no
2026-10-05T03:57:51.369394Z,KXBTC15M-26OCT050000-00,0.0300,1.00,no
2026-10-05T03:57:51.379247Z,KXBTC15M-26OCT050000-00,0.0310,12.00,yes
2026-10-05T03:57:51.379247Z,KXBTC15M-26OCT050000-00,0.0310,60.83,yes
2026-10-05T03:57:51.379247Z,KXBTC15M-26OCT050000-00,0.0310,3.48,yes
2026-10-05T03:57:51.379247Z,KXBTC15M-26OCT050000-00,0.0310,0.01,yes
2026-10-05T03:57:51.379247Z,KXBTC15M-26OCT050000-00,0.0310,70.00,yes
2026-10-05T03:57:51.379247Z,KXBTC15M-26OCT050000-00,0.0310,0.01,yes
2026-10-05T03:57:51.403642Z,KXBTC15M-26OCT050000-00,0.0310,59.19,yes
2026-10-05T03:57:51.452908Z,KXBTC15M-26OCT050000-00,0.0310,93.12,yes
2026-10-05T03:57:51.452908Z,KXBTC15M-26OCT050000-00,0.0310,400.00,yes
2026-10-05T03:57:51.452908Z,KXBTC15M-26OCT050000-00,0.0310,137.33,yes
2026-10-05T03:57:51.50269Z,KXBTC15M-26OCT050000-00,0.0300,20.36,no
2026-10-05T03:57:51.541732Z,KXBTC15M-26OCT050000-00,0.0300,28.64,no
2026-10-05T03:57:51.541732Z,KXBTC15M-26OCT050000-00,0.0300,9.65,no
2026-10-05T03:57:51.541732Z,KXBTC15M-26OCT050000-00,0.0300,0.01,no
2026-10-05T03:57:51.541732Z,KXBTC15M-26OCT050000-00,0.0300,0.01,no
2026-10-05T03:57:51.553209Z,KXBTC15M-26OCT050000-00,0.0310,151.58,yes
2026-10-05T03:57:51.554556Z,KXBTC15M-26OCT050000-00,0.0310,7.00,yes
2026-10-05T03:57:51.585829Z,KXBTC15M-26OCT050000-00,0.0310,8.55,yes
2026-10-05T03:57:51.597271Z,KXBTC15M-26OCT050000-00,0.0310,739.75,yes
2026-10-05T03:57:51.597271Z,KXBTC15M-26OCT050000-00,0.0310,436.52,yes
2026-10-05T03:57:51.694169Z,KXBTC15M-26OCT050000-00,0.0310,12.00,yes
2026-10-05T03:57:51.694169Z,KXBTC15M-26OCT050000-00,0.0310,0.01,yes
2026-10-05T03:57:51.694169Z,KXBTC15M-26OCT050000-00,0.0310,3.93,yes
2026-10-05T03:57:51.694169Z,KXBTC15M-26OCT050000-00,0.0310,0.01,yes
2026-10-05T03:57:51.694169Z,KXBTC15M-26OCT050000-00,0.0310,63.48,yes
2026-10-05T03:57:51.695666Z,KXBTC15M-26OCT050000-00,0.0300,0.01,no
2026-10-05T03:57:51.695666Z,KXBTC15M-26OCT050000-00,0.0300,140.35,no
2026-10-05T03:57:51.695666Z,KXBTC15M-26OCT050000-00,0.0300,18.83,no
2026-10-05T03:57:51.695666Z,KXBTC15M-26OCT050000-00,0.0300,0.01,no
2026-10-05T03:57:51.722873Z,KXBTC15M-26OCT050000-00,0.0310,3.80,yes
2026-10-05T03:57:51.728539Z,KXBTC15M-26OCT050000-00,0.0310,90.62,yes
2026-10-05T03:57:51.745497Z,KXBTC15M-26OCT050000-00,0.0300,2.04,no
2026-10-05T03:57:51.793563Z,KXBTC15M-26OCT050000-00,0.0310,0.19,yes
2026-10-05T03:57:51.797279Z,KXBTC15M-26OCT050000-00,0.0270,1.00,no
2026-10-05T03:57:51.797279Z,KXBTC15M-26OCT050000-00,0.0290,1.00,no
2026-10-05T03:57:51.797279Z,KXBTC15M-26OCT050000-00,0.0280,1.00,no
2026-10-05T03:57:51.797279Z,KXBTC15M-26OCT050000-00,0.0300,0.01,no
2026-10-05T03:57:51.797279Z,KXBTC15M-26OCT050000-00,0.0270,11.81,no
2026-10-05T03:57:51.797279Z,KXBTC15M-26OCT050000-00,0.0270,10.00,no
2026-10-05T03:57:51.797279Z,KXBTC15M-26OCT050000-00,0.0300,0.01,no
2026-10-05T03:57:51.797279Z,KXBTC15M-26OCT050000-00,0.0300,29.13,no
2026-10-05T03:57:51.797279Z,KXBTC15M-26OCT050000-00,0.0300,150.00,no
2026-10-05T03:57:51.797279Z,KXBTC15M-26OCT050000-00,0.0290,38.00,no
2026-10-05T03:57:51.805224Z,KXBTC15M-26OCT050000-00,0.0300,44.85,yes
2026-10-05T03:57:51.840659Z,KXBTC15M-26OCT050000-00,0.0280,408.83,no
2026-10-05T03:57:51.845852Z,KXBTC15M-26OCT050000-00,0.0280,13.66,no
2026-10-05T03:57:51.845852Z,KXBTC15M-26OCT050000-00,0.0280,5.73,no
2026-10-05T03:57:51.93573Z,KXBTC15M-26OCT050000-00,0.0290,172.21,yes
2026-10-05T03:57:51.93573Z,KXBTC15M-26OCT050000-00,0.0290,35.00,yes
2026-10-05T03:57:51.93573Z,KXBTC15M-26OCT050000-00,0.0290,0.01,yes
2026-10-05T03:57:51.93573Z,KXBTC15M-26OCT050000-00,0.0290,0.01,yes
2026-10-05T03:57:51.939727Z,KXBTC15M-26OCT050000-00,0.0290,5.45,yes
2026-10-05T03:57:51.957398Z,KXBTC15M-26OCT050000-00,0.0220,1018.89,no
2026-10-05T03:57:51.957398Z,KXBTC15M-26OCT050000-00,0.0240,1047.00,no
2026-10-05T03:57:51.957398Z,KXBTC15M-26OCT050000-00,0.0260,1047.00,no
2026-10-05T03:57:51.957398Z,KXBTC15M-26OCT050000-00,0.0240,6.00,no
2026-10-05T03:57:51.957398Z,KXBTC15M-26OCT050000-00,0.0240,160.00,no
2026-10-05T03:57:51.957398Z,KXBTC15M-26OCT050000-00,0.0220,10.00,no
2026-10-05T03:57:51.957398Z,KXBTC15M-26OCT050000-00,0.0220,3.00,no
2026-10-05T03:57:51.957398Z,KXBTC15M-26OCT050000-00,0.0230,6.00,no
2026-10-05T03:57:51.957398Z,KXBTC15M-26OCT050000-00,0.0220,330.00,no
2026-10-05T03:57:51.957398Z,KXBTC15M-26OCT050000-00,0.0250,6.00,no
2026-10-05T03:57:51.957398Z,KXBTC15M-26OCT050000-00,0.0230,1.00,no
2026-10-05T03:57:51.957398Z,KXBTC15M-26OCT050000-00,0.0240,1.00,no
2026-10-05T03:57:51.957398Z,KXBTC15M-26OCT050000-00,0.0260,1.00,no
2026-10-05T03:57:51.957398Z,KXBTC15M-26OCT050000-00,0.0250,1.00,no
2026-10-05T03:57:51.957398Z,KXBTC15M-26OCT050000-00,0.0250,200.00,no
2026-10-05T03:57:51.957398Z,KXBTC15M-26OCT050000-00,0.0250,200.00,no
2026-10-05T03:57:51.957398Z,KXBTC15M-26OCT050000-00,0.0250,400.00,no
2026-10-05T03:57:51.957398Z,KXBTC15M-26OCT050000-00,0.0280,385.68,no
2026-10-05T03:57:51.957398Z,KXBTC15M-26OCT050000-00,0.0280,0.01,no
2026-10-05T03:57:51.957398Z,KXBTC15M-26OCT050000-00,0.0280,1.00,no
2026-10-05T03:57:51.957398Z,KXBTC15M-26OCT050000-00,0.0280,0.01,no
2026-10-05T03:57:51.957398Z,KXBTC15M-26OCT050000-00,0.0230,2.00,no
2026-10-05T03:57:51.957398Z,KXBTC15M-26OCT050000-00,0.0270,238.19,no
2026-10-05T03:57:51.957398Z,KXBTC15M-26OCT050000-00,0.0270,39.00,no
2026-10-05T03:57:51.957398Z,KXBTC15M-26OCT050000-00,0.0270,1000.00,no
2026-10-05T03:57:51.957398Z,KXBTC15M-26OCT050000-00,0.0270,10.00,no
2026-10-05T03:57:51.957398Z,KXBTC15M-26OCT050000-00,0.0250,15.00,no
2026-10-05T03:57:51.957398Z,KXBTC15M-26OCT050000-00,0.0240,2.00,no
2026-10-05T03:57:51.957398Z,KXBTC15M-26OCT050000-00,0.0250,2.00,no
2026-10-05T03:57:51.957398Z,KXBTC15M-26OCT050000-00,0.0230,2.00,no
2026-10-05T03:57:51.957398Z,KXBTC15M-26OCT050000-00,0.0240,2.00,no
2026-10-05T03:57:51.961015Z,KXBTC15M-26OCT050000-00,0.0290,151.04,yes
2026-10-05T03:57:51.977008Z,KXBTC15M-26OCT050000-00,0.0230,1103.38,yes
2026-10-05T03:57:51.992665Z,KXBTC15M-26OCT050000-00,0.0230,83.00,yes
2026-10-05T03:57:52.027947Z,KXBTC15M-26OCT050000-00,0.0230,12.36,yes
2026-10-05T03:57:52.028359Z,KXBTC15M-26OCT050000-00,0.0230,50.00,yes
2026-10-05T03:57:52.030905Z,KXBTC15M-26OCT050000-00,0.0230,93.80,yes
2026-10-05T03:57:52.04429Z,KXBTC15M-26OCT050000-00,0.0230,122.00,yes
2026-10-05T03:57:52.049253Z,KXBTC15M-26OCT050000-00,0.0230,88.00,yes
2026-10-05T03:57:52.079043Z,KXBTC15M-26OCT050000-00,0.0230,0.39,yes
2026-10-05T03:57:52.110744Z,KXBTC15M-26OCT050000-00,0.0230,151.04,yes
2026-10-05T03:57:52.167348Z,KXBTC15M-26OCT050000-00,0.0220,1.00,no
2026-10-05T03:57:52.167348Z,KXBTC15M-26OCT050000-00,0.0220,0.01,no
2026-10-05T03:57:52.167348Z,KXBTC15M-26OCT050000-00,0.0220,22.53,no
2026-10-05T03:57:52.167348Z,KXBTC15M-26OCT050000-00,0.0220,0.01,no
2026-10-05T03:57:52.167538Z,KXBTC15M-26OCT050000-00,0.0230,23.99,yes
2026-10-05T03:57:52.1701Z,KXBTC15M-26OCT050000-00,0.0230,306.45,yes
2026-10-05T03:57:52.203822Z,KXBTC15M-26OCT050000-00,0.0230,0.01,yes
2026-10-05T03:57:52.203822Z,KXBTC15M-26OCT050000-00,0.0230,1106.59,yes
2026-10-05T03:57:52.203822Z,KXBTC15M-26OCT050000-00,0.0230,0.01,yes
2026-10-05T03:57:52.203822Z,KXBTC15M-26OCT050000-00,0.0240,627.78,yes
2026-10-05T03:57:52.203822Z,KXBTC15M-26OCT050000-00,0.0230,265.61,yes
2026-10-05T03:57:52.256783Z,KXBTC15M-26OCT050000-00,0.0280,0.98,yes
2026-10-05T03:57:52.256783Z,KXBTC15M-26OCT050000-00,0.0260,0.01,yes
2026-10-05T03:57:52.256783Z,KXBTC15M-26OCT050000-00,0.0260,0.01,yes
2026-10-05T03:57:52.261864Z,KXBTC15M-26OCT050000-00,0.0200,150.00,no
2026-10-05T03:57:52.261864Z,KXBTC15M-26OCT050000-00,0.0200,330.00,no
2026-10-05T03:57:52.261864Z,KXBTC15M-26OCT050000-00,0.0200,260.00,no
2026-10-05T03:57:52.261864Z,KXBTC15M-26OCT050000-00,0.0210,3.00,no
2026-10-05T03:57:52.261864Z,KXBTC15M-26OCT050000-00,0.0180,150.00,no
2026-10-05T03:57:52.261864Z,KXBTC15M-26OCT050000-00,0.0170,150.00,no
2026-10-05T03:57:52.261864Z,KXBTC15M-26OCT050000-00,0.0200,44.25,no
2026-10-05T03:57:52.261864Z,KXBTC15M-26OCT050000-00,0.0200,11.00,no
2026-10-05T03:57:52.261864Z,KXBTC15M-26OCT050000-00,0.0200,3.00,no
2026-10-05T03:57:52.261864Z,KXBTC15M-26OCT050000-00,0.0200,3.00,no
2026-10-05T03:57:52.261864Z,KXBTC15M-26OCT050000-00,0.0190,150.00,no
2026-10-05T03:57:52.261864Z,KXBTC15M-26OCT050000-00,0.0160,242.56,no
2026-10-05T03:57:52.261864Z,KXBTC15M-26OCT050000-00,0.0180,1.00,no
2026-10-05T03:57:52.261864Z,KXBTC15M-26OCT050000-00,0.0170,1.00,no
2026-10-05T03:57:52.261864Z,KXBTC15M-26OCT050000-00,0.0190,1.00,no
2026-10-05T03:57:52.261864Z,KXBTC15M-26OCT050000-00,0.0200,1.00,no
2026-10-05T03:57:52.261864Z,KXBTC15M-26OCT050000-00,0.0210,1.00,no
2026-10-05T03:57:52.261864Z,KXBTC15M-26OCT050000-00,0.0210,1.00,no
2026-10-05T03:57:52.261864Z,KXBTC15M-26OCT050000-00,0.0200,25.00,no
2026-10-05T03:57:52.261864Z,KXBTC15M-26OCT050000-00,0.0200,50.00,no
2026-10-05T03:57:52.261864Z,KXBTC15M-26OCT050000-00,0.0200,10.00,no
2026-10-05T03:57:52.261864Z,KXBTC15M-26OCT050000-00,0.0200,4.94,no
2026-10-05T03:57:52.261864Z,KXBTC15M-26OCT050000-00,0.0200,0.04,no
2026-10-05T03:57:52.261864Z,KXBTC15M-26OCT050000-00,0.0200,14.79,no
2026-10-05T03:57:52.261864Z,KXBTC15M-26OCT050000-00,0.0200,14.58,no
2026-10-05T03:57:52.261864Z,KXBTC15M-26OCT050000-00,0.0200,0.17,no
2026-10-05T03:57:52.261864Z,KXBTC15M-26OCT050000-00,0.0200,3.93,no
2026-10-05T03:57:52.261864Z,KXBTC15M-26OCT050000-00,0.0200,0.63,no
2026-10-05T03:57:52.261864Z,KXBTC15M-26OCT050000-00,0.0200,1.00,no
2026-10-05T03:57:52.261864Z,KXBTC15M-26OCT050000-00,0.0210,50.00,no
2026-10-05T03:57:52.261864Z,KXBTC15M-26OCT050000-00,0.0190,10.00,no
2026-10-05T03:57:52.261864Z,KXBTC15M-26OCT050000-00,0.0200,54.36,no
2026-10-05T03:57:52.261864Z,KXBTC15M-26OCT050000-00,0.0190,10.00,no
2026-10-05T03:57:52.261864Z,KXBTC15M-26OCT050000-00,0.0190,10.00,no
2026-10-05T03:57:52.261864Z,KXBTC15M-26OCT050000-00,0.0250,1000.00,no
2026-10-05T03:57:52.261864Z,KXBTC15M-26OCT050000-00,0.0200,2.00,no
2026-10-05T03:57:52.261864Z,KXBTC15M-26OCT050000-00,0.0220,368.83,no
2026-10-05T03:57:52.261864Z,KXBTC15M-26OCT050000-00,0.0200,2.00,no
2026-10-05T03:57:52.261864Z,KXBTC15M-26OCT050000-00,0.0190,2.00,no
2026-10-05T03:57:52.261864Z,KXBTC15M-26OCT050000-00,0.0210,2.00,no
2026-10-05T03:57:52.261864Z,KXBTC15M-26OCT050000-00,0.0190,2.00,no
2026-10-05T03:57:52.261864Z,KXBTC15M-26OCT050000-00,0.0180,2.00,no
2026-10-05T03:57:52.261864Z,KXBTC15M-26OCT050000-00,0.0240,200.00,no
2026-10-05T03:57:52.261864Z,KXBTC15M-26OCT050000-00,0.0250,70.00,no
2026-10-05T03:57:52.261864Z,KXBTC15M-26OCT050000-00,0.0230,10.00,no
2026-10-05T03:57:52.261864Z,KXBTC15M-26OCT050000-00,0.0250,70.00,no
2026-10-05T03:57:52.261864Z,KXBTC15M-26OCT050000-00,0.0200,64.00,no
2026-10-05T03:57:52.261864Z,KXBTC15M-26OCT050000-00,0.0250,400.00,no
2026-10-05T03:57:52.261864Z,KXBTC15M-26OCT050000-00,0.0200,93.75,no
2026-10-05T03:57:52.261864Z,KXBTC15M-26OCT050000-00,0.0260,150.00,no
2026-10-05T03:57:52.261864Z,KXBTC15M-26OCT050000-00,0.0250,150.00,no
2026-10-05T03:57:52.261864Z,KXBTC15M-26OCT050000-00,0.0250,0.01,no
2026-10-05T03:57:52.261864Z,KXBTC15M-26OCT050000-00,0.0260,150.00,no
2026-10-05T03:57:52.261864Z,KXBTC15M-26OCT050000-00,0.0230,0.01,no
2026-10-05T03:57:52.261864Z,KXBTC15M-26OCT050000-00,0.0200,1047.00,no
2026-10-05T03:57:52.261864Z,KXBTC15M-26OCT050000-00,0.0250,3141.00,no
2026-10-05T03:57:52.261864Z,KXBTC15M-26OCT050000-00,0.0260,70.00,no
2026-10-05T03:57:52.261864Z,KXBTC15M-26OCT050000-00,0.0180,1.00,no
2026-10-05T03:57:52.261864Z,KXBTC15M-26OCT050000-00,0.0250,1.00,no
2026-10-05T03:57:52.261864Z,KXBTC15M-26OCT050000-00,0.0200,15.00,no
2026-10-05T03:57:52.261864Z,KXBTC15M-26OCT050000-00,0.0250,70.00,no
2026-10-05T03:57:52.261864Z,KXBTC15M-26OCT050000-00,0.0200,15.00,no
2026-10-05T03:57:52.261864Z,KXBTC15M-26OCT050000-00,0.0260,150.00,no
2026-10-05T03:57:52.261864Z,KXBTC15M-26OCT050000-00,0.0230,586.00,no
2026-10-05T03:57:52.261864Z,KXBTC15M-26OCT050000-00,0.0220,1047.00,no
2026-10-05T03:57:52.261864Z,KXBTC15M-26OCT050000-00,0.0260,150.00,no
2026-10-05T03:57:52.261864Z,KXBTC15M-26OCT050000-00,0.0200,93.75,no
2026-10-05T03:57:52.261864Z,KXBTC15M-26OCT050000-00,0.0240,54.00,no
2026-10-05T03:57:52.261864Z,KXBTC15M-26OCT050000-00,0.0250,0.01,no
2026-10-05T03:57:52.261864Z,KXBTC15M-26OCT050000-00,0.0170,1.00,no
2026-10-05T03:57:52.261864Z,KXBTC15M-26OCT050000-00,0.0260,150.00,no
2026-10-05T03:57:52.261864Z,KXBTC15M-26OCT050000-00,0.0250,200.00,no
2026-10-05T03:57:52.261864Z,KXBTC15M-26OCT050000-00,0.0250,100.00,no
2026-10-05T03:57:52.261864Z,KXBTC15M-26OCT050000-00,0.0260,150.00,no
2026-10-05T03:57:52.261864Z,KXBTC15M-26OCT050000-00,0.0220,307.00,no
2026-10-05T03:57:52.261864Z,KXBTC15M-26OCT050000-00,0.0230,0.01,no
2026-10-05T03:57:52.261864Z,KXBTC15M-26OCT050000-00,0.0200,64.00,no
2026-10-05T03:57:52.261864Z,KXBTC15M-26OCT050000-00,0.0200,50.00,no
2026-10-05T03:57:52.261864Z,KXBTC15M-26OCT050000-00,0.0210,136.00,no
2026-10-05T03:57:52.261864Z,KXBTC15M-26OCT050000-00,0.0180,150.00,no
2026-10-05T03:57:52.282194Z,KXBTC15M-26OCT050000-00,0.0210,0.01,no
2026-10-05T03:57:52.282194Z,KXBTC15M-26OCT050000-00,0.0210,92.54,no
2026-10-05T03:57:52.282194Z,KXBTC15M-26OCT050000-00,0.0210,150.00,no
2026-10-05T03:57:52.282194Z,KXBTC15M-26OCT050000-00,0.0210,0.01,no
2026-10-05T03:57:52.336414Z,KXBTC15M-26OCT050000-00,0.0220,20.96,yes
2026-10-05T03:57:52.348309Z,KXBTC15M-26OCT050000-00,0.0210,0.01,no
2026-10-05T03:57:52.348309Z,KXBTC15M-26OCT050000-00,0.0210,150.00,no
2026-10-05T03:57:52.348309Z,KXBTC15M-26OCT050000-00,0.0210,0.01,no
2026-10-05T03:57:52.348309Z,KXBTC15M-26OCT050000-00,0.0210,353.09,no
2026-10-05T03:57:52.40685Z,KXBTC15M-26OCT050000-00,0.0220,35.86,yes
2026-10-05T03:57:52.408312Z,KXBTC15M-26OCT050000-00,0.0220,59.60,yes
2026-10-05T03:57:52.417764Z,KXBTC15M-26OCT050000-00,0.0220,32.28,yes
2026-10-05T03:57:52.422803Z,KXBTC15M-26OCT050000-00,0.0210,46.91,no
2026-10-05T03:57:52.422803Z,KXBTC15M-26OCT050000-00,0.0210,64.90,no
2026-10-05T03:57:52.444128Z,KXBTC15M-26OCT050000-00,0.0220,16.21,yes
2026-10-05T03:57:52.445502Z,KXBTC15M-26OCT050000-00,0.0210,144.09,no
2026-10-05T03:57:52.445502Z,KXBTC15M-26OCT050000-00,0.0210,0.01,no
2026-10-05T03:57:52.445502Z,KXBTC15M-26OCT050000-00,0.0210,96.00,no
2026-10-05T03:57:52.445502Z,KXBTC15M-26OCT050000-00,0.0210,0.01,no
2026-10-05T03:57:52.486396Z,KXBTC15M-26OCT050000-00,0.0210,92.70,no
2026-10-05T03:57:52.490285Z,KXBTC15M-26OCT050000-00,0.0220,75.81,yes
2026-10-05T03:57:52.546091Z,KXBTC15M-26OCT050000-00,0.0220,30.20,yes
2026-10-05T03:57:52.551475Z,KXBTC15M-26OCT050000-00,0.0160,956.31,no
2026-10-05T03:57:52.551475Z,KXBTC15M-26OCT050000-00,0.0200,305.00,no
2026-10-05T03:57:52.551475Z,KXBTC15M-26OCT050000-00,0.0190,17.00,no
2026-10-05T03:57:52.551475Z,KXBTC15M-26OCT050000-00,0.0170,12.00,no
2026-10-05T03:57:52.551475Z,KXBTC15M-26OCT050000-00,0.0210,0.01,no
2026-10-05T03:57:52.551475Z,KXBTC15M-26OCT050000-00,0.0210,0.01,no
2026-10-05T03:57:52.551475Z,KXBTC15M-26OCT050000-00,0.0170,150.00,no
2026-10-05T03:57:52.551475Z,KXBTC15M-26OCT050000-00,0.0210,400.00,no
2026-10-05T03:57:52.551475Z,KXBTC15M-26OCT050000-00,0.0200,17.00,no
2026-10-05T03:57:52.551475Z,KXBTC15M-26OCT050000-00,0.0170,397.00,no
2026-10-05T03:57:52.551475Z,KXBTC15M-26OCT050000-00,0.0200,50.00,no
2026-10-05T03:57:52.551475Z,KXBTC15M-26OCT050000-00,0.0210,100.00,no
2026-10-05T03:57:52.570671Z,KXBTC15M-26OCT050000-00,0.0200,412.30,no
2026-10-05T03:57:52.570671Z,KXBTC15M-26OCT050000-00,0.0200,100.00,no
2026-10-05T03:57:52.570671Z,KXBTC15M-26OCT050000-00,0.0200,400.00,no
2026-10-05T03:57:52.570671Z,KXBTC15M-26OCT050000-00,0.0200,44.00,no
2026-10-05T03:57:52.570671Z,KXBTC15M-26OCT050000-00,0.0200,0.01,no
2026-10-05T03:57:52.582887Z,KXBTC15M-26OCT050000-00,0.0210,0.01,yes
2026-10-05T03:57:52.582887Z,KXBTC15M-26OCT050000-00,0.0210,0.25,yes
2026-10-05T03:57:52.582887Z,KXBTC15M-26OCT050000-00,0.0210,0.01,yes
2026-10-05T03:57:52.634229Z,KXBTC15M-26OCT050000-00,0.0210,0.25,yes
2026-10-05T03:57:52.634229Z,KXBTC15M-26OCT050000-00,0.0210,31.64,yes
2026-10-05T03:57:52.634229Z,KXBTC15M-26OCT050000-00,0.0210,0.01,yes
2026-10-05T03:57:52.634229Z,KXBTC15M-26OCT050000-00,0.0210,0.01,yes
2026-10-05T03:57:52.700379Z,KXBTC15M-26OCT050000-00,0.0210,41.41,yes
2026-10-05T03:57:52.702072Z,KXBTC15M-26OCT050000-00,0.0210,12.75,yes
2026-10-05T03:57:52.702072Z,KXBTC15M-26OCT050000-00,0.0210,76.95,yes
2026-10-05T03:57:52.702072Z,KXBTC15M-26OCT050000-00,0.0210,113.77,yes
2026-10-05T03:57:52.788985Z,KXBTC15M-26OCT050000-00,0.0200,12.25,no
2026-10-05T03:57:52.788985Z,KXBTC15M-26OCT050000-00,0.0200,87.70,no
2026-10-05T03:57:52.797489Z,KXBTC15M-26OCT050000-00,0.0210,20.59,yes
2026-10-05T03:57:52.804865Z,KXBTC15M-26OCT050000-00,0.0210,15.64,yes
2026-10-05T03:57:52.804865Z,KXBTC15M-26OCT050000-00,0.0210,18.85,yes
2026-10-05T03:57:52.838103Z,KXBTC15M-26OCT050000-00,0.0210,131.15,yes
2026-10-05T03:57:52.838103Z,KXBTC15M-26OCT050000-00,0.0210,200.00,yes
2026-10-05T03:57:52.838103Z,KXBTC15M-26OCT050000-00,0.0210,0.25,yes
2026-10-05T03:57:52.838103Z,KXBTC15M-26OCT050000-00,0.0220,776.08,yes
2026-10-05T03:57:52.838103Z,KXBTC15M-26OCT050000-00,0.0210,12.75,yes
2026-10-05T03:57:52.838103Z,KXBTC15M-26OCT050000-00,0.0220,3.73,yes
2026-10-05T03:57:52.838103Z,KXBTC15M-26OCT050000-00,0.0210,0.01,yes
2026-10-05T03:57:52.838103Z,KXBTC15M-26OCT050000-00,0.0210,150.00,yes
2026-10-05T03:57:52.838103Z,KXBTC15M-26OCT050000-00,0.0210,0.01,yes
2026-10-05T03:57:52.838103Z,KXBTC15M-26OCT050000-00,0.0210,1.00,yes
2026-10-05T03:57:52.838103Z,KXBTC15M-26OCT050000-00,0.0220,287.00,yes
2026-10-05T03:57:52.840581Z,KXBTC15M-26OCT050000-00,0.0210,110.00,no
2026-10-05T03:57:52.856834Z,KXBTC15M-26OCT050000-00,0.0220,5.00,yes
2026-10-05T03:57:52.85726Z,KXBTC15M-26OCT050000-00,0.0220,138.27,yes
2026-10-05T03:57:52.85726Z,KXBTC15M-26OCT050000-00,0.0220,59.73,yes
2026-10-05T03:57:52.85726Z,KXBTC15M-26OCT050000-00,0.0220,2.00,yes
2026-10-05T03:57:52.877968Z,KXBTC15M-26OCT050000-00,0.0220,70.00,yes
2026-10-05T03:57:52.887614Z,KXBTC15M-26OCT050000-00,0.0220,407.92,yes
2026-10-05T03:57:52.887614Z,KXBTC15M-26OCT050000-00,0.0220,114.19,yes
2026-10-05T03:57:52.911249Z,KXBTC15M-26OCT050000-00,0.0210,31.77,no
2026-10-05T03:57:52.92328Z,KXBTC15M-26OCT050000-00,0.0220,54.67,yes
2026-10-05T03:57:52.931944Z,KXBTC15M-26OCT050000-00,0.0210,8.23,no
2026-10-05T03:57:52.931944Z,KXBTC15M-26OCT050000-00,0.0210,0.01,no
2026-10-05T03:57:52.931944Z,KXBTC15M-26OCT050000-00,0.0210,0.01,no
2026-10-05T03:57:52.931944Z,KXBTC15M-26OCT050000-00,0.0210,31.64,no
2026-10-05T03:57:52.951613Z,KXBTC15M-26OCT050000-00,0.0210,4.00,no
2026-10-05T03:57:52.962651Z,KXBTC15M-26OCT050000-00,0.0210,139.43,no
2026-10-05T03:57:52.962651Z,KXBTC15M-26OCT050000-00,0.0210,64.36,no
2026-10-05T03:57:52.988865Z,KXBTC15M-26OCT050000-00,0.0220,233.00,yes
2026-10-05T03:57:53.000921Z,KXBTC15M-26OCT050000-00,0.0200,314.59,no
2026-10-05T03:57:53.000921Z,KXBTC15M-26OCT050000-00,0.0210,260.57,no
2026-10-05T03:57:53.000921Z,KXBTC15M-26OCT050000-00,0.0210,150.00,no
2026-10-05T03:57:53.000921Z,KXBTC15M-26OCT050000-00,0.0210,0.01,no
2026-10-05T03:57:53.000921Z,KXBTC15M-26OCT050000-00,0.0210,0.01,no
2026-10-05T03:57:53.000921Z,KXBTC15M-26OCT050000-00,0.0200,37.75,no
2026-10-05T03:57:53.000921Z,KXBTC15M-26OCT050000-00,0.0200,91.81,no
2026-10-05T03:57:53.000921Z,KXBTC15M-26OCT050000-00,0.0210,1.00,no
2026-10-05T03:57:53.000921Z,KXBTC15M-26OCT050000-00,0.0210,100.00,no
2026-10-05T03:57:53.06768Z,KXBTC15M-26OCT050000-00,0.0200,22.97,no
2026-10-05T03:57:53.06768Z,KXBTC15M-26OCT050000-00,0.0200,0.01,no
2026-10-05T03:57:53.074186Z,KXBTC15M-26OCT050000-00,0.0210,2.18,yes
2026-10-05T03:57:53.078615Z,KXBTC15M-26OCT050000-00,0.0210,264.79,yes
2026-10-05T03:57:53.078615Z,KXBTC15M-26OCT050000-00,0.0210,70.00,yes
2026-10-05T03:57:53.078615Z,KXBTC15M-26OCT050000-00,0.0210,67.82,yes
2026-10-05T03:57:53.100673Z,KXBTC15M-26OCT050000-00,0.0210,0.01,yes
2026-10-05T03:57:53.100673Z,KXBTC15M-26OCT050000-00,0.0210,42.52,yes
2026-10-05T03:57:53.100673Z,KXBTC15M-26OCT050000-00,0.0210,0.01,yes
2026-10-05T03:57:53.102488Z,KXBTC15M-26OCT050000-00,0.0210,500.00,yes
2026-10-05T03:57:53.102488Z,KXBTC15M-26OCT050000-00,0.0220,476.58,yes
2026-10-05T03:57:53.102488Z,KXBTC15M-26OCT050000-00,0.0210,13.00,yes
2026-10-05T03:57:53.102488Z,KXBTC15M-26OCT050000-00,0.0210,77.00,yes
2026-10-05T03:57:53.102488Z,KXBTC15M-26OCT050000-00,0.0210,157.48,yes
2026-10-05T03:57:53.102488Z,KXBTC15M-26OCT050000-00,0.0210,1.00,yes
2026-10-05T03:57:53.102488Z,KXBTC15M-26OCT050000-00,0.0210,56.00,yes
2026-10-05T03:57:53.127057Z,KXBTC15M-26OCT050000-00,0.0220,839.66,yes
2026-10-05T03:57:53.127057Z,KXBTC15M-26OCT050000-00,0.0210,0.01,yes
2026-10-05T03:57:53.127057Z,KXBTC15M-26OCT050000-00,0.0210,0.01,yes
2026-10-05T03:57:53.130774Z,KXBTC15M-26OCT050000-00,0.0220,57.00,yes
2026-10-05T03:57:53.130774Z,KXBTC15M-26OCT050000-00,0.0210,13.00,yes
2026-10-05T03:57:53.149799Z,KXBTC15M-26OCT050000-00,0.0220,1.00,yes
2026-10-05T03:57:53.149799Z,KXBTC15M-26OCT050000-00,0.0210,0.01,yes
2026-10-05T03:57:53.149799Z,KXBTC15M-26OCT050000-00,0.0210,0.01,yes
2026-10-05T03:57:53.193867Z,KXBTC15M-26OCT050000-00,0.0220,0.14,yes
2026-10-05T03:57:53.195528Z,KXBTC15M-26OCT050000-00,0.0210,0.01,no
2026-10-05T03:57:53.195528Z,KXBTC15M-26OCT050000-00,0.0210,74.98,no
2026-10-05T03:57:53.195528Z,KXBTC15M-26OCT050000-00,0.0210,0.01,no
2026-10-05T03:57:53.197434Z,KXBTC15M-26OCT050000-00,0.0220,21.14,yes
2026-10-05T03:57:53.199748Z,KXBTC15M-26OCT050000-00,0.0210,15.00,no
2026-10-05T03:57:53.200514Z,KXBTC15M-26OCT050000-00,0.0220,15.24,yes
2026-10-05T03:57:53.243499Z,KXBTC15M-26OCT050000-00,0.0220,602.08,yes
2026-10-05T03:57:53.272532Z,KXBTC15M-26OCT050000-00,0.0220,432.57,yes
2026-10-05T03:57:53.272532Z,KXBTC15M-26OCT050000-00,0.0220,0.01,yes
2026-10-05T03:57:53.272532Z,KXBTC15M-26OCT050000-00,0.0220,0.01,yes
2026-10-05T03:57:53.272532Z,KXBTC15M-26OCT050000-00,0.0220,14.68,yes
2026-10-05T03:57:53.340373Z,KXBTC15M-26OCT050000-00,0.0160,1.00,no
2026-10-05T03:57:53.340373Z,KXBTC15M-26OCT050000-00,0.0130,1.00,no
2026-10-05T03:57:53.340373Z,KXBTC15M-26OCT050000-00,0.0150,1.00,no
2026-10-05T03:57:53.340373Z,KXBTC15M-26OCT050000-00,0.0140,1.00,no
2026-10-05T03:57:53.340373Z,KXBTC15M-26OCT050000-00,0.0160,660.00,no
2026-10-05T03:57:53.340373Z,KXBTC15M-26OCT050000-00,0.0150,3.00,no
2026-10-05T03:57:53.340373Z,KXBTC15M-26OCT050000-00,0.0160,150.00,no
2026-10-05T03:57:53.340373Z,KXBTC15M-26OCT050000-00,0.0150,384.00,no
2026-10-05T03:57:53.340373Z,KXBTC15M-26OCT050000-00,0.0120,2500.00,no
2026-10-05T03:57:53.340373Z,KXBTC15M-26OCT050000-00,0.0140,150.00,no
2026-10-05T03:57:53.340373Z,KXBTC15M-26OCT050000-00,0.0130,256.00,no
2026-10-05T03:57:53.340373Z,KXBTC15M-26OCT050000-00,0.0130,256.00,no
2026-10-05T03:57:53.340373Z,KXBTC15M-26OCT050000-00,0.0130,256.00,no
2026-10-05T03:57:53.340373Z,KXBTC15M-26OCT050000-00,0.0160,384.00,no
2026-10-05T03:57:53.340373Z,KXBTC15M-26OCT050000-00,0.0120,67.21,no
2026-10-05T03:57:53.340373Z,KXBTC15M-26OCT050000-00,0.0140,327.00,no
2026-10-05T03:57:53.340373Z,KXBTC15M-26OCT050000-00,0.0160,384.00,no
2026-10-05T03:57:53.340373Z,KXBTC15M-26OCT050000-00,0.0130,150.00,no
2026-10-05T03:57:53.340373Z,KXBTC15M-26OCT050000-00,0.0150,150.00,no
2026-10-05T03:57:53.340373Z,KXBTC15M-26OCT050000-00,0.0140,384.00,no
2026-10-05T03:57:53.340373Z,KXBTC15M-26OCT050000-00,0.0160,9.13,no
2026-10-05T03:57:53.340373Z,KXBTC15M-26OCT050000-00,0.0140,384.00,no
2026-10-05T03:57:53.340373Z,KXBTC15M-26OCT050000-00,0.0150,384.00,no
2026-10-05T03:57:53.340373Z,KXBTC15M-26OCT050000-00,0.0150,384.00,no
2026-10-05T03:57:53.340373Z,KXBTC15M-26OCT050000-00,0.0140,384.00,no
2026-10-05T03:57:53.340373Z,KXBTC15M-26OCT050000-00,0.0160,384.00,no
2026-10-05T03:57:53.340373Z,KXBTC15M-26OCT050000-00,0.0120,330.00,no
2026-10-05T03:57:53.340373Z,KXBTC15M-26OCT050000-00,0.0130,5.00,no
2026-10-05T03:57:53.340373Z,KXBTC15M-26OCT050000-00,0.0140,384.00,no
2026-10-05T03:57:53.340373Z,KXBTC15M-26OCT050000-00,0.0130,256.00,no
2026-10-05T03:57:53.340373Z,KXBTC15M-26OCT050000-00,0.0150,384.00,no
2026-10-05T03:57:53.340373Z,KXBTC15M-26OCT050000-00,0.0160,384.00,no
2026-10-05T03:57:53.340373Z,KXBTC15M-26OCT050000-00,0.0140,5.00,no
2026-10-05T03:57:53.340373Z,KXBTC15M-26OCT050000-00,0.0150,5.00,no
2026-10-05T03:57:53.340373Z,KXBTC15M-26OCT050000-00,0.0140,120.00,no
2026-10-05T03:57:53.340373Z,KXBTC15M-26OCT050000-00,0.0130,120.00,no
2026-10-05T03:57:53.340373Z,KXBTC15M-26OCT050000-00,0.0130,25.00,no
2026-10-05T03:57:53.340373Z,KXBTC15M-26OCT050000-00,0.0130,10.00,no
2026-10-05T03:57:53.340373Z,KXBTC15M-26OCT050000-00,0.0170,17.00,no
2026-10-05T03:57:53.340373Z,KXBTC15M-26OCT050000-00,0.0190,47.00,no
2026-10-05T03:57:53.340373Z,KXBTC15M-26OCT050000-00,0.0190,17.00,no
2026-10-05T03:57:53.340373Z,KXBTC15M-26OCT050000-00,0.0150,15.00,no
2026-10-05T03:57:53.340373Z,KXBTC15M-26OCT050000-00,0.0150,93.75,no
2026-10-05T03:57:53.340373Z,KXBTC15M-26OCT050000-00,0.0210,500.00,no
2026-10-05T03:57:53.340373Z,KXBTC15M-26OCT050000-00,0.0140,118.90,no
2026-10-05T03:57:53.340373Z,KXBTC15M-26OCT050000-00,0.0150,64.00,no
2026-10-05T03:57:53.340373Z,KXBTC15M-26OCT050000-00,0.0130,10.00,no
2026-10-05T03:57:53.340373Z,KXBTC15M-26OCT050000-00,0.0160,10.00,no
2026-10-05T03:57:53.340373Z,KXBTC15M-26OCT050000-00,0.0150,150.00,no
2026-10-05T03:57:53.340373Z,KXBTC15M-26OCT050000-00,0.0210,10.02,no
2026-10-05T03:57:53.340373Z,KXBTC15M-26OCT050000-00,0.0150,93.75,no
2026-10-05T03:57:53.340373Z,KXBTC15M-26OCT050000-00,0.0170,12.00,no
2026-10-05T03:57:53.340373Z,KXBTC15M-26OCT050000-00,0.0150,15.00,no
2026-10-05T03:57:53.340373Z,KXBTC15M-26OCT050000-00,0.0200,343.13,no
2026-10-05T03:57:53.340373Z,KXBTC15M-26OCT050000-00,0.0140,2.00,no
2026-10-05T03:57:53.340373Z,KXBTC15M-26OCT050000-00,0.0200,482.00,no
2026-10-05T03:57:53.340373Z,KXBTC15M-26OCT050000-00,0.0210,0.01,no
2026-10-05T03:57:53.340373Z,KXBTC15M-26OCT050000-00,0.0150,64.00,no
2026-10-05T03:57:53.340373Z,KXBTC15M-26OCT050000-00,0.0130,2.00,no
2026-10-05T03:57:53.340373Z,KXBTC15M-26OCT050000-00,0.0200,50.00,no
2026-10-05T03:57:53.340373Z,KXBTC15M-26OCT050000-00,0.0210,1.00,no
2026-10-05T03:57:53.340373Z,KXBTC15M-26OCT050000-00,0.0130,2.00,no
2026-10-05T03:57:53.340373Z,KXBTC15M-26OCT050000-00,0.0210,150.00,no
2026-10-05T03:57:53.340373Z,KXBTC15M-26OCT050000-00,0.0140,964.00,no
2026-10-05T03:57:53.340373Z,KXBTC15M-26OCT050000-00,0.0210,0.01,no
2026-10-05T03:57:53.340373Z,KXBTC15M-26OCT050000-00,0.0140,2.00,no
2026-10-05T03:57:53.340373Z,KXBTC15M-26OCT050000-00,0.0210,400.00,no
2026-10-05T03:57:53.340373Z,KXBTC15M-26OCT050000-00,0.0150,2.00,no
2026-10-05T03:57:53.346398Z,KXBTC15M-26OCT050000-00,0.0230,2.10,yes
2026-10-05T03:57:53.346398Z,KXBTC15M-26OCT050000-00,0.0220,0.01,yes
2026-10-05T03:57:53.346398Z,KXBTC15M-26OCT050000-00,0.0220,0.01,yes
2026-10-05T03:57:53.347824Z,KXBTC15M-26OCT050000-00,0.0220,25.49,no
2026-10-05T03:57:53.352314Z,KXBTC15M-26OCT050000-00,0.0220,44.51,no
2026-10-05T03:57:53.352314Z,KXBTC15M-26OCT050000-00,0.0220,5.49,no
2026-10-05T03:57:53.352314Z,KXBTC15M-26OCT050000-00,0.0220,150.00,no
2026-10-05T03:57:53.358971Z,KXBTC15M-26OCT050000-00,0.0220,9.13,no
2026-10-05T03:57:53.37012Z,KXBTC15M-26OCT050000-00,0.0220,60.87,no
2026-10-05T03:57:53.37012Z,KXBTC15M-26OCT050000-00,0.0220,58.11,no
2026-10-05T03:57:53.37012Z,KXBTC15M-26OCT050000-00,0.0220,70.00,no
2026-10-05T03:57:53.37012Z,KXBTC15M-26OCT050000-00,0.0220,70.00,no
2026-10-05T03:57:53.37012Z,KXBTC15M-26OCT050000-00,0.0220,0.01,no
2026-10-05T03:57:53.37012Z,KXBTC15M-26OCT050000-00,0.0220,70.00,no
2026-10-05T03:57:53.37012Z,KXBTC15M-26OCT050000-00,0.0220,0.01,no
2026-10-05T03:57:53.37012Z,KXBTC15M-26OCT050000-00,0.0220,100.00,no
2026-10-05T03:57:53.37492Z,KXBTC15M-26OCT050000-00,0.0230,116.90,yes
2026-10-05T03:57:53.37492Z,KXBTC15M-26OCT050000-00,0.0230,2.00,yes
2026-10-05T03:57:53.37492Z,KXBTC15M-26OCT050000-00,0.0230,0.01,yes
2026-10-05T03:57:53.37492Z,KXBTC15M-26OCT050000-00,0.0230,35.00,yes
2026-10-05T03:57:53.37492Z,KXBTC15M-26OCT050000-00,0.0230,0.01,yes
2026-10-05T03:57:53.37492Z,KXBTC15M-26OCT050000-00,0.0230,12.00,yes
2026-10-05T03:57:53.37492Z,KXBTC15M-26OCT050000-00,0.0230,91.08,yes
2026-10-05T03:57:53.37492Z,KXBTC15M-26OCT050000-00,0.0230,2.00,yes
2026-10-05T03:57:53.37492Z,KXBTC15M-26OCT050000-00,0.0230,5.00,yes
2026-10-05T03:57:53.375594Z,KXBTC15M-26OCT050000-00,0.0230,19.70,yes
2026-10-05T03:57:53.399216Z,KXBTC15M-26OCT050000-00,0.0230,0.83,yes
2026-10-05T03:57:53.413966Z,KXBTC15M-26OCT050000-00,0.0220,24.98,no
2026-10-05T03:57:53.413966Z,KXBTC15M-26OCT050000-00,0.0220,0.01,no
2026-10-05T03:57:53.413966Z,KXBTC15M-26OCT050000-00,0.0220,0.01,no
2026-10-05T03:57:53.424925Z,KXBTC15M-26OCT050000-00,0.0210,211.98,no
2026-10-05T03:57:53.424925Z,KXBTC15M-26OCT050000-00,0.0220,0.01,no
2026-10-05T03:57:53.424925Z,KXBTC15M-26OCT050000-00,0.0220,0.01,no
2026-10-05T03:57:53.44412Z,KXBTC15M-26OCT050000-00,0.0220,81.99,no
2026-10-05T03:57:53.44412Z,KXBTC15M-26OCT050000-00,0.0220,0.01,no
2026-10-05T03:57:53.462014Z,KXBTC15M-26OCT050000-00,0.0230,75.80,yes
2026-10-05T03:57:53.462014Z,KXBTC15M-26OCT050000-00,0.0230,58.39,yes
2026-10-05T03:57:53.467944Z,KXBTC15M-26OCT050000-00,0.0230,6.00,yes
2026-10-05T03:57:53.474713Z,KXBTC15M-26OCT050000-00,0.0230,104.80,yes
2026-10-05T03:57:53.474713Z,KXBTC15M-26OCT050000-00,0.0230,118.20,yes
2026-10-05T03:57:53.474713Z,KXBTC15M-26OCT050000-00,0.0230,25.00,yes
2026-10-05T03:57:53.475721Z,KXBTC15M-26OCT050000-00,0.0220,0.01,no
2026-10-05T03:57:53.475721Z,KXBTC15M-26OCT050000-00,0.0220,68.01,no
2026-10-05T03:57:53.475721Z,KXBTC15M-26OCT050000-00,0.0190,96.97,no
2026-10-05T03:57:53.475721Z,KXBTC15M-26OCT050000-00,0.0220,0.01,no
2026-10-05T03:57:53.475721Z,KXBTC15M-26OCT050000-00,0.0200,50.00,no
2026-10-05T03:57:53.485475Z,KXBTC15M-26OCT050000-00,0.0210,208.71,yes
2026-10-05T03:57:53.485475Z,KXBTC15M-26OCT050000-00,0.0210,2.00,yes
2026-10-05T03:57:53.485475Z,KXBTC15M-26OCT050000-00,0.0210,2.00,yes
2026-10-05T03:57:53.492042Z,KXBTC15M-26OCT050000-00,0.0200,17.00,no
2026-10-05T03:57:53.492042Z,KXBTC15M-26OCT050000-00,0.0200,83.00,no
2026-10-05T03:57:53.493613Z,KXBTC15M-26OCT050000-00,0.0200,67.00,no
2026-10-05T03:57:53.493613Z,KXBTC15M-26OCT050000-00,0.0200,15.00,no
2026-10-05T03:57:53.530895Z,KXBTC15M-26OCT050000-00,0.0210,68.20,yes
2026-10-05T03:57:53.530895Z,KXBTC15M-26OCT050000-00,0.0210,0.01,yes
2026-10-05T03:57:53.530895Z,KXBTC15M-26OCT050000-00,0.0210,805.80,yes
2026-10-05T03:57:53.530895Z,KXBTC15M-26OCT050000-00,0.0210,13.00,yes
2026-10-05T03:57:53.542242Z,KXBTC15M-26OCT050000-00,0.0210,0.01,yes
2026-10-05T03:57:53.542242Z,KXBTC15M-26OCT050000-00,0.0210,2.00,yes
2026-10-05T03:57:53.542242Z,KXBTC15M-26OCT050000-00,0.0210,40.53,yes
2026-10-05T03:57:53.557249Z,KXBTC15M-26OCT050000-00,0.0210,6.00,yes
2026-10-05T03:57:53.557249Z,KXBTC15M-26OCT050000-00,0.0210,33.00,yes
2026-10-05T03:57:53.557249Z,KXBTC15M-26OCT050000-00,0.0210,140.00,yes
2026-10-05T03:57:53.557249Z,KXBTC15M-26OCT050000-00,0.0210,75.00,yes
2026-10-05T03:57:53.564944Z,KXBTC15M-26OCT050000-00,0.0200,119.84,no
2026-10-05T03:57:53.564944Z,KXBTC15M-26OCT050000-00,0.0200,0.01,no
2026-10-05T03:57:53.564944Z,KXBTC15M-26OCT050000-00,0.0200,35.00,no
2026-10-05T03:57:53.567278Z,KXBTC15M-26OCT050000-00,0.0210,42.54,yes
2026-10-05T03:57:53.577723Z,KXBTC15M-26OCT050000-00,0.0210,146.09,yes
2026-10-05T03:57:53.652451Z,KXBTC15M-26OCT050000-00,0.0210,3.83,yes
2026-10-05T03:57:53.695159Z,KXBTC15M-26OCT050000-00,0.0210,74.06,yes
2026-10-05T03:57:53.695159Z,KXBTC15M-26OCT050000-00,0.0210,53.54,yes
2026-10-05T03:57:53.695159Z,KXBTC15M-26OCT050000-00,0.0210,0.01,yes
2026-10-05T03:57:53.695159Z,KXBTC15M-26OCT050000-00,0.0210,0.01,yes
2026-10-05T03:57:53.719246Z,KXBTC15M-26OCT050000-00,0.0210,14.47,yes
2026-10-05T03:57:53.730669Z,KXBTC15M-26OCT050000-00,0.0210,16.47,yes
2026-10-05T03:57:53.730669Z,KXBTC15M-26OCT050000-00,0.0210,63.98,yes
2026-10-05T03:57:53.730669Z,KXBTC15M-26OCT050000-00,0.0210,150.00,yes
2026-10-05T03:57:53.738155Z,KXBTC15M-26OCT050000-00,0.0200,43.84,no
2026-10-05T03:57:53.741712Z,KXBTC15M-26OCT050000-00,0.0200,1.72,no
2026-10-05T03:57:53.744784Z,KXBTC15M-26OCT050000-00,0.0210,52.27,yes
2026-10-05T03:57:53.78519Z,KXBTC15M-26OCT050000-00,0.0210,33.75,yes
2026-10-05T03:57:53.78519Z,KXBTC15M-26OCT050000-00,0.0210,114.97,yes
2026-10-05T03:57:53.823758Z,KXBTC15M-26OCT050000-00,0.0200,1.00,no
2026-10-05T03:57:53.884773Z,KXBTC15M-26OCT050000-00,0.0210,8.10,yes
2026-10-05T03:57:53.888072Z,KXBTC15M-26OCT050000-00,0.0210,6.30,yes
2026-10-05T03:57:53.923748Z,KXBTC15M-26OCT050000-00,0.0210,20.63,yes
2026-10-05T03:57:53.923748Z,KXBTC15M-26OCT050000-00,0.0210,150.00,yes
2026-10-05T03:57:53.923748Z,KXBTC15M-26OCT050000-00,0.0210,1.00,yes
2026-10-05T03:57:53.923748Z,KXBTC15M-26OCT050000-00,0.0210,200.00,yes
2026-10-05T03:57:53.923748Z,KXBTC15M-26OCT050000-00,0.0210,104.56,yes
2026-10-05T03:57:53.927029Z,KXBTC15M-26OCT050000-00,0.0200,2.99,no
2026-10-05T03:57:53.930469Z,KXBTC15M-26OCT050000-00,0.0210,15.65,yes
2026-10-05T03:57:53.933893Z,KXBTC15M-26OCT050000-00,0.0210,11.14,yes
2026-10-05T03:57:53.940704Z,KXBTC15M-26OCT050000-00,0.0210,44.56,yes
2026-10-05T03:57:53.968757Z,KXBTC15M-26OCT050000-00,0.0210,432.00,yes
2026-10-05T03:57:53.968757Z,KXBTC15M-26OCT050000-00,0.0210,49.00,yes
2026-10-05T03:57:53.968757Z,KXBTC15M-26OCT050000-00,0.0210,0.01,yes
2026-10-05T03:57:53.968757Z,KXBTC15M-26OCT050000-00,0.0210,58.98,yes
2026-10-05T03:57:53.968757Z,KXBTC15M-26OCT050000-00,0.0210,0.01,yes
2026-10-05T03:57:54.003082Z,KXBTC15M-26OCT050000-00,0.0210,8.98,yes
2026-10-05T03:57:54.014501Z,KXBTC15M-26OCT050000-00,0.0210,272.27,yes
2026-10-05T03:57:54.014501Z,KXBTC15M-26OCT050000-00,0.0210,2.00,yes
2026-10-05T03:57:54.014501Z,KXBTC15M-26OCT050000-00,0.0210,200.00,yes
2026-10-05T03:57:54.014501Z,KXBTC15M-26OCT050000-00,0.0210,58.04,yes
2026-10-05T03:57:54.014501Z,KXBTC15M-26OCT050000-00,0.0210,1.00,yes
2026-10-05T03:57:54.014501Z,KXBTC15M-26OCT050000-00,0.0210,0.01,yes
2026-10-05T03:57:54.014501Z,KXBTC15M-26OCT050000-00,0.0210,0.01,yes
2026-10-05T03:57:54.014501Z,KXBTC15M-26OCT050000-00,0.0210,2.00,yes
2026-10-05T03:57:54.014746Z,KXBTC15M-26OCT050000-00,0.0210,307.73,yes
2026-10-05T03:57:54.014746Z,KXBTC15M-26OCT050000-00,0.0220,183.44,yes
2026-10-05T03:57:54.076405Z,KXBTC15M-26OCT050000-00,0.0220,0.43,yes
2026-10-05T03:57:54.078331Z,KXBTC15M-26OCT050000-00,0.0210,4.07,no
2026-10-05T03:57:54.084769Z,KXBTC15M-26OCT050000-00,0.0210,5.09,no
2026-10-05T03:57:54.09564Z,KXBTC15M-26OCT050000-00,0.0210,0.01,no
2026-10-05T03:57:54.09564Z,KXBTC15M-26OCT050000-00,0.0210,53.68,no
2026-10-05T03:57:54.09564Z,KXBTC15M-26OCT050000-00,0.0210,0.01,no
2026-10-05T03:57:54.09564Z,KXBTC15M-26OCT050000-00,0.0210,140.84,no
2026-10-05T03:57:54.09564Z,KXBTC15M-26OCT050000-00,0.0210,321.00,no
2026-10-05T03:57:54.09564Z,KXBTC15M-26OCT050000-00,0.0210,334.55,no
2026-10-05T03:57:54.09564Z,KXBTC15M-26OCT050000-00,0.0210,1.00,no
2026-10-05T03:57:54.133257Z,KXBTC15M-26OCT050000-00,0.0210,0.01,no
2026-10-05T03:57:54.133257Z,KXBTC15M-26OCT050000-00,0.0210,0.01,no
2026-10-05T03:57:54.133257Z,KXBTC15M-26OCT050000-00,0.0210,400.00,no
2026-10-05T03:57:54.133257Z,KXBTC15M-26OCT050000-00,0.0210,500.00,no
2026-10-05T03:57:54.134584Z,KXBTC15M-26OCT050000-00,0.0200,9.92,no
2026-10-05T03:57:54.137759Z,KXBTC15M-26OCT050000-00,0.0200,3.55,no
2026-10-05T03:57:54.141109Z,KXBTC15M-26OCT050000-00,0.0210,0.01,no
2026-10-05T03:57:54.141109Z,KXBTC15M-26OCT050000-00,0.0200,36.53,no
2026-10-05T03:57:54.143413Z,KXBTC15M-26OCT050000-00,0.0190,0.02,no
2026-10-05T03:57:54.168894Z,KXBTC15M-26OCT050000-00,0.0190,1.41,no
2026-10-05T03:57:54.173397Z,KXBTC15M-26OCT050000-00,0.0190,0.01,no
2026-10-05T03:57:54.173397Z,KXBTC15M-26OCT050000-00,0.0190,150.00,no
2026-10-05T03:57:54.173397Z,KXBTC15M-26OCT050000-00,0.0190,0.01,no
2026-10-05T03:57:54.173397Z,KXBTC15M-26OCT050000-00,0.0190,15.57,no
2026-10-05T03:57:54.185802Z,KXBTC15M-26OCT050000-00,0.0170,15.51,no
2026-10-05T03:57:54.187009Z,KXBTC15M-26OCT050000-00,0.0190,34.22,yes
2026-10-05T03:57:54.187009Z,KXBTC15M-26OCT050000-00,0.0190,70.00,yes
2026-10-05T03:57:54.187009Z,KXBTC15M-26OCT050000-00,0.0190,70.00,yes
2026-10-05T03:57:54.187009Z,KXBTC15M-26OCT050000-00,0.0190,70.00,yes
2026-10-05T03:57:54.187009Z,KXBTC15M-26OCT050000-00,0.0190,70.00,yes
2026-10-05T03:57:54.195045Z,KXBTC15M-26OCT050000-00,0.0170,15.25,no
2026-10-05T03:57:54.195045Z,KXBTC15M-26OCT050000-00,0.0170,1.49,no
2026-10-05T03:57:54.216874Z,KXBTC15M-26OCT050000-00,0.0170,0.02,no
2026-10-05T03:57:54.221657Z,KXBTC15M-26OCT050000-00,0.0180,0.01,yes
2026-10-05T03:57:54.221657Z,KXBTC15M-26OCT050000-00,0.0180,0.01,yes
2026-10-05T03:57:54.221657Z,KXBTC15M-26OCT050000-00,0.0180,321.70,yes
2026-10-05T03:57:54.223184Z,KXBTC15M-26OCT050000-00,0.0180,41.67,no
2026-10-05T03:57:54.227333Z,KXBTC15M-26OCT050000-00,0.0180,28.33,no
2026-10-05T03:57:54.227333Z,KXBTC15M-26OCT050000-00,0.0180,70.00,no
2026-10-05T03:57:54.227333Z,KXBTC15M-26OCT050000-00,0.0180,150.00,no
2026-10-05T03:57:54.227333Z,KXBTC15M-26OCT050000-00,0.0180,73.39,no
2026-10-05T03:57:54.228128Z,KXBTC15M-26OCT050000-00,0.0180,0.02,no
2026-10-05T03:57:54.228973Z,KXBTC15M-26OCT050000-00,0.0180,3.00,no
2026-10-05T03:57:54.230418Z,KXBTC15M-26OCT050000-00,0.0170,0.01,no
2026-10-05T03:57:54.230418Z,KXBTC15M-26OCT050000-00,0.0170,3.16,no
2026-10-05T03:57:54.230418Z,KXBTC15M-26OCT050000-00,0.0180,0.01,no
2026-10-05T03:57:54.230453Z,KXBTC15M-26OCT050000-00,0.0170,12.00,no
2026-10-05T03:57:54.230653Z,KXBTC15M-26OCT050000-00,0.0170,93.00,no
2026-10-05T03:57:54.231039Z,KXBTC15M-26OCT050000-00,0.0170,1.73,no
2026-10-05T03:57:54.231055Z,KXBTC15M-26OCT050000-00,0.0190,31.55,yes
2026-10-05T03:57:54.231055Z,KXBTC15M-26OCT050000-00,0.0190,0.01,yes
2026-10-05T03:57:54.231055Z,KXBTC15M-26OCT050000-00,0.0190,13.00,yes
2026-10-05T03:57:54.231285Z,KXBTC15M-26OCT050000-00,0.0170,11.00,no
2026-10-05T03:57:54.231672Z,KXBTC15M-26OCT050000-00,0.0170,2.14,no
2026-10-05T03:57:54.233479Z,KXBTC15M-26OCT050000-00,0.0180,69.98,no
2026-10-05T03:57:54.233717Z,KXBTC15M-26OCT050000-00,0.0170,0.02,no
2026-10-05T03:57:54.234817Z,KXBTC15M-26OCT050000-00,0.0190,22.69,yes
2026-10-05T03:57:54.236878Z,KXBTC15M-26OCT050000-00,0.0180,0.01,no
2026-10-05T03:57:54.236878Z,KXBTC15M-26OCT050000-00,0.0170,2.18,no
2026-10-05T03:57:54.236878Z,KXBTC15M-26OCT050000-00,0.0180,0.01,no
2026-10-05T03:57:54.237512Z,KXBTC15M-26OCT050000-00,0.0170,1.00,no
2026-10-05T03:57:54.237512Z,KXBTC15M-26OCT050000-00,0.0170,4.57,no
2026-10-05T03:57:54.248958Z,KXBTC15M-26OCT050000-00,0.0180,304.00,yes
2026-10-05T03:57:54.248958Z,KXBTC15M-26OCT050000-00,0.0180,141.23,yes
2026-10-05T03:57:54.251777Z,KXBTC15M-26OCT050000-00,0.0170,0.01,no
2026-10-05T03:57:54.251777Z,KXBTC15M-26OCT050000-00,0.0170,17.00,no
2026-10-05T03:57:54.251777Z,KXBTC15M-26OCT050000-00,0.0170,12.00,no
2026-10-05T03:57:54.251777Z,KXBTC15M-26OCT050000-00,0.0170,0.01,no
2026-10-05T03:57:54.255806Z,KXBTC15M-26OCT050000-00,0.0170,70.00,yes
2026-10-05T03:57:54.255806Z,KXBTC15M-26OCT050000-00,0.0180,2.00,yes
2026-10-05T03:57:54.255806Z,KXBTC15M-26OCT050000-00,0.0180,2.00,yes
2026-10-05T03:57:54.255806Z,KXBTC15M-26OCT050000-00,0.0180,100.00,yes
2026-10-05T03:57:54.255806Z,KXBTC15M-26OCT050000-00,0.0180,100.00,yes
2026-10-05T03:57:54.255806Z,KXBTC15M-26OCT050000-00,0.0180,500.00,yes
2026-10-05T03:57:54.255806Z,KXBTC15M-26OCT050000-00,0.0180,1.00,yes
2026-10-05T03:57:54.255806Z,KXBTC15M-26OCT050000-00,0.0180,1.02,yes
2026-10-05T03:57:54.263102Z,KXBTC15M-26OCT050000-00,0.0200,50.00,yes
2026-10-05T03:57:54.263102Z,KXBTC15M-26OCT050000-00,0.0200,93.75,yes
2026-10-05T03:57:54.263102Z,KXBTC15M-26OCT050000-00,0.0190,2.00,yes
2026-10-05T03:57:54.263102Z,KXBTC15M-26OCT050000-00,0.0200,82.19,yes
2026-10-05T03:57:54.263102Z,KXBTC15M-26OCT050000-00,0.0200,15.00,yes
2026-10-05T03:57:54.263102Z,KXBTC15M-26OCT050000-00,0.0190,0.01,yes
2026-10-05T03:57:54.263102Z,KXBTC15M-26OCT050000-00,0.0200,93.75,yes
2026-10-05T03:57:54.263102Z,KXBTC15M-26OCT050000-00,0.0200,15.00,yes
2026-10-05T03:57:54.263102Z,KXBTC15M-26OCT050000-00,0.0190,2.00,yes
2026-10-05T03:57:54.263102Z,KXBTC15M-26OCT050000-00,0.0190,100.00,yes
2026-10-05T03:57:54.263102Z,KXBTC15M-26OCT050000-00,0.0190,400.00,yes
2026-10-05T03:57:54.272161Z,KXBTC15M-26OCT050000-00,0.0170,12.00,no
2026-10-05T03:57:54.272161Z,KXBTC15M-26OCT050000-00,0.0160,962.99,no
2026-10-05T03:57:54.272161Z,KXBTC15M-26OCT050000-00,0.0170,0.01,no
2026-10-05T03:57:54.272161Z,KXBTC15M-26OCT050000-00,0.0180,25.00,no
2026-10-05T03:57:54.280588Z,KXBTC15M-26OCT050000-00,0.0170,0.01,no
2026-10-05T03:57:54.280588Z,KXBTC15M-26OCT050000-00,0.0170,0.01,no
2026-10-05T03:57:54.294213Z,KXBTC15M-26OCT050000-00,0.0160,0.01,no
2026-10-05T03:57:54.294213Z,KXBTC15M-26OCT050000-00,0.0160,84.01,no
2026-10-05T03:57:54.302984Z,KXBTC15M-26OCT050000-00,0.0150,99.99,no
2026-10-05T03:57:54.302984Z,KXBTC15M-26OCT050000-00,0.0160,0.01,no
2026-10-05T03:57:54.307581Z,KXBTC15M-26OCT050000-00,0.0170,7.71,yes
2026-10-05T03:57:54.307581Z,KXBTC15M-26OCT050000-00,0.0170,2.00,yes
2026-10-05T03:57:54.307581Z,KXBTC15M-26OCT050000-00,0.0170,2.00,yes
2026-10-05T03:57:54.314278Z,KXBTC15M-26OCT050000-00,0.0170,44.56,yes
2026-10-05T03:57:54.325342Z,KXBTC15M-26OCT050000-00,0.0170,2.00,yes
2026-10-05T03:57:54.325342Z,KXBTC15M-26OCT050000-00,0.0170,2.00,yes
2026-10-05T03:57:54.325342Z,KXBTC15M-26OCT050000-00,0.0160,10.00,yes
2026-10-05T03:57:54.325342Z,KXBTC15M-26OCT050000-00,0.0170,11.00,yes
2026-10-05T03:57:54.333866Z,KXBTC15M-26OCT050000-00,0.0160,150.00,no
2026-10-05T03:57:54.334903Z,KXBTC15M-26OCT050000-00,0.0160,220.00,no
2026-10-05T03:57:54.337391Z,KXBTC15M-26OCT050000-00,0.0170,3.67,yes
2026-10-05T03:57:54.339232Z,KXBTC15M-26OCT050000-00,0.0170,104.00,yes
2026-10-05T03:57:54.356516Z,KXBTC15M-26OCT050000-00,0.0160,21.12,no
2026-10-05T03:57:54.364213Z,KXBTC15M-26OCT050000-00,0.0170,83.00,yes
2026-10-05T03:57:54.364213Z,KXBTC15M-26OCT050000-00,0.0170,1.01,yes
2026-10-05T03:57:54.364213Z,KXBTC15M-26OCT050000-00,0.0170,2.00,yes
2026-10-05T03:57:54.364213Z,KXBTC15M-26OCT050000-00,0.0170,2.00,yes
2026-10-05T03:57:54.369039Z,KXBTC15M-26OCT050000-00,0.0170,3.67,yes
2026-10-05T03:57:54.376493Z,KXBTC15M-26OCT050000-00,0.0170,3.98,yes
2026-10-05T03:57:54.376493Z,KXBTC15M-26OCT050000-00,0.0170,0.01,yes
2026-10-05T03:57:54.376493Z,KXBTC15M-26OCT050000-00,0.0170,0.01,yes
2026-10-05T03:57:54.376493Z,KXBTC15M-26OCT050000-00,0.0170,100.00,yes
2026-10-05T03:57:54.382424Z,KXBTC15M-26OCT050000-00,0.0170,136.02,yes
2026-10-05T03:57:54.383593Z,KXBTC15M-26OCT050000-00,0.0170,3.27,yes
2026-10-05T03:57:54.389075Z,KXBTC15M-26OCT050000-00,0.0170,0.01,yes
2026-10-05T03:57:54.389075Z,KXBTC15M-26OCT050000-00,0.0170,0.01,yes
2026-10-05T03:57:54.389075Z,KXBTC15M-26OCT050000-00,0.0170,0.01,yes
2026-10-05T03:57:54.389075Z,KXBTC15M-26OCT050000-00,0.0170,96.73,yes
2026-10-05T03:57:54.389075Z,KXBTC15M-26OCT050000-00,0.0170,2.00,yes
2026-10-05T03:57:54.394467Z,KXBTC15M-26OCT050000-00,0.0170,96.75,yes
2026-10-05T03:57:54.394467Z,KXBTC15M-26OCT050000-00,0.0170,2.00,yes
2026-10-05T03:57:54.407546Z,KXBTC15M-26OCT050000-00,0.0170,29.59,yes
2026-10-05T03:57:54.425988Z,KXBTC15M-26OCT050000-00,0.0170,98.00,yes
2026-10-05T03:57:54.439017Z,KXBTC15M-26OCT050000-00,0.0170,0.01,yes
2026-10-05T03:57:54.439017Z,KXBTC15M-26OCT050000-00,0.0170,175.66,yes
2026-10-05T03:57:54.439017Z,KXBTC15M-26OCT050000-00,0.0170,0.01,yes
2026-10-05T03:57:54.439017Z,KXBTC15M-26OCT050000-00,0.0170,2.00,yes
2026-10-05T03:57:54.439017Z,KXBTC15M-26OCT050000-00,0.0170,100.00,yes
2026-10-05T03:57:54.439017Z,KXBTC15M-26OCT050000-00,0.0170,2.00,yes
2026-10-05T03:57:54.439017Z,KXBTC15M-26OCT050000-00,0.0170,568.20,yes
2026-10-05T03:57:54.439453Z,KXBTC15M-26OCT050000-00,0.0160,3.00,no
2026-10-05T03:57:54.44752Z,KXBTC15M-26OCT050000-00,0.0160,21.86,no
2026-10-05T03:57:54.460194Z,KXBTC15M-26OCT050000-00,0.0160,100.00,no
2026-10-05T03:57:54.463634Z,KXBTC15M-26OCT050000-00,0.0170,6.60,yes
2026-10-05T03:57:54.463634Z,KXBTC15M-26OCT050000-00,0.0170,10.00,yes
2026-10-05T03:57:54.463634Z,KXBTC15M-26OCT050000-00,0.0170,2.00,yes
2026-10-05T03:57:54.463634Z,KXBTC15M-26OCT050000-00,0.0170,0.01,yes
2026-10-05T03:57:54.463634Z,KXBTC15M-26OCT050000-00,0.0170,1.00,yes
2026-10-05T03:57:54.463634Z,KXBTC15M-26OCT050000-00,0.0170,2.00,yes
2026-10-05T03:57:54.469322Z,KXBTC15M-26OCT050000-00,0.0160,100.00,no
2026-10-05T03:57:54.469798Z,KXBTC15M-26OCT050000-00,0.0170,0.01,yes
2026-10-05T03:57:54.469798Z,KXBTC15M-26OCT050000-00,0.0170,0.01,yes
2026-10-05T03:57:54.469798Z,KXBTC15M-26OCT050000-00,0.0170,93.40,yes
2026-10-05T03:57:54.478209Z,KXBTC15M-26OCT050000-00,0.0170,2.00,yes
2026-10-05T03:57:54.478209Z,KXBTC15M-26OCT050000-00,0.0170,8.63,yes
2026-10-05T03:57:54.487591Z,KXBTC15M-26OCT050000-00,0.0180,2.00,yes
2026-10-05T03:57:54.487591Z,KXBTC15M-26OCT050000-00,0.0170,100.00,yes
2026-10-05T03:57:54.487591Z,KXBTC15M-26OCT050000-00,0.0170,0.01,yes
2026-10-05T03:57:54.487591Z,KXBTC15M-26OCT050000-00,0.0180,0.01,yes
2026-10-05T03:57:54.487591Z,KXBTC15M-26OCT050000-00,0.0190,257.60,yes
2026-10-05T03:57:54.487591Z,KXBTC15M-26OCT050000-00,0.0170,391.37,yes
2026-10-05T03:57:54.487591Z,KXBTC15M-26OCT050000-00,0.0180,2.00,yes
2026-10-05T03:57:54.487591Z,KXBTC15M-26OCT050000-00,0.0170,0.01,yes
2026-10-05T03:57:54.494001Z,KXBTC15M-26OCT050000-00,0.0170,35.00,yes
2026-10-05T03:57:54.494001Z,KXBTC15M-26OCT050000-00,0.0190,9.56,yes
2026-10-05T03:57:54.497336Z,KXBTC15M-26OCT050000-00,0.0170,11.01,yes
2026-10-05T03:57:54.503028Z,KXBTC15M-26OCT050000-00,0.0170,0.01,yes
2026-10-05T03:57:54.503028Z,KXBTC15M-26OCT050000-00,0.0170,0.01,yes
2026-10-05T03:57:54.515879Z,KXBTC15M-26OCT050000-00,0.0170,70.00,no
2026-10-05T03:57:54.5164Z,KXBTC15M-26OCT050000-00,0.0170,12.00,no
2026-10-05T03:57:54.5164Z,KXBTC15M-26OCT050000-00,0.0170,0.01,no
2026-10-05T03:57:54.5164Z,KXBTC15M-26OCT050000-00,0.0170,0.01,no
2026-10-05T03:57:54.5164Z,KXBTC15M-26OCT050000-00,0.0160,784.58,no
2026-10-05T03:57:54.518645Z,KXBTC15M-26OCT050000-00,0.0160,30.00,no
2026-10-05T03:57:54.521013Z,KXBTC15M-26OCT050000-00,0.0170,30.00,yes
2026-10-05T03:57:54.521013Z,KXBTC15M-26OCT050000-00,0.0170,70.00,yes
2026-10-05T03:57:54.525954Z,KXBTC15M-26OCT050000-00,0.0160,467.00,no
2026-10-05T03:57:54.525954Z,KXBTC15M-26OCT050000-00,0.0160,0.01,no
2026-10-05T03:57:54.534415Z,KXBTC15M-26OCT050000-00,0.0160,8.76,yes
2026-10-05T03:57:54.53896Z,KXBTC15M-26OCT050000-00,0.0130,303.99,no
2026-10-05T03:57:54.53896Z,KXBTC15M-26OCT050000-00,0.0140,0.01,no
2026-10-05T03:57:54.555231Z,KXBTC15M-26OCT050000-00,0.0150,9.85,yes
2026-10-05T03:57:54.558346Z,KXBTC15M-26OCT050000-00,0.0140,11.08,no
2026-10-05T03:57:54.558346Z,KXBTC15M-26OCT050000-00,0.0140,0.01,no
2026-10-05T03:57:54.561185Z,KXBTC15M-26OCT050000-00,0.0150,10.98,yes
2026-10-05T03:57:54.561185Z,KXBTC15M-26OCT050000-00,0.0150,0.01,yes
2026-10-05T03:57:54.56805Z,KXBTC15M-26OCT050000-00,0.0140,0.01,no
2026-10-05T03:57:54.56805Z,KXBTC15M-26OCT050000-00,0.0140,0.01,no
2026-10-05T03:57:54.568387Z,KXBTC15M-26OCT050000-00,0.0150,0.01,yes
2026-10-05T03:57:54.568387Z,KXBTC15M-26OCT050000-00,0.0150,13.00,yes
2026-10-05T03:57:54.568387Z,KXBTC15M-26OCT050000-00,0.0150,0.01,yes
2026-10-05T03:57:54.568387Z,KXBTC15M-26OCT050000-00,0.0150,1.00,yes
2026-10-05T03:57:54.568387Z,KXBTC15M-26OCT050000-00,0.0140,999.98,yes
2026-10-05T03:57:54.568387Z,KXBTC15M-26OCT050000-00,0.0150,15.00,yes
2026-10-05T03:57:54.568387Z,KXBTC15M-26OCT050000-00,0.0150,89.02,yes
2026-10-05T03:57:54.568387Z,KXBTC15M-26OCT050000-00,0.0160,151.48,yes
2026-10-05T03:57:54.568387Z,KXBTC15M-26OCT050000-00,0.0150,93.75,yes
2026-10-05T03:57:54.568387Z,KXBTC15M-26OCT050000-00,0.0150,93.75,yes
2026-10-05T03:57:54.568498Z,KXBTC15M-26OCT050000-00,0.0160,12.71,yes
2026-10-05T03:57:54.577595Z,KXBTC15M-26OCT050000-00,0.0140,500.00,yes
2026-10-05T03:57:54.577595Z,KXBTC15M-26OCT050000-00,0.0160,360.04,yes
2026-10-05T03:57:54.577595Z,KXBTC15M-26OCT050000-00,0.0180,10.00,yes
2026-10-05T03:57:54.577595Z,KXBTC15M-26OCT050000-00,0.0170,13.00,yes
2026-10-05T03:57:54.577595Z,KXBTC15M-26OCT050000-00,0.0140,100.00,yes
2026-10-05T03:57:54.577595Z,KXBTC15M-26OCT050000-00,0.0160,250.00,yes
2026-10-05T03:57:54.577595Z,KXBTC15M-26OCT050000-00,0.0160,0.01,yes
2026-10-05T03:57:54.577595Z,KXBTC15M-26OCT050000-00,0.0150,13.00,yes
2026-10-05T03:57:54.577595Z,KXBTC15M-26OCT050000-00,0.0180,2.00,yes
2026-10-05T03:57:54.577595Z,KXBTC15M-26OCT050000-00,0.0180,2.00,yes
2026-10-05T03:57:54.577595Z,KXBTC15M-26OCT050000-00,0.0190,17.82,yes
2026-10-05T03:57:54.577595Z,KXBTC15M-26OCT050000-00,0.0140,0.01,yes
2026-10-05T03:57:54.577595Z,KXBTC15M-26OCT050000-00,0.0160,1.00,yes
2026-10-05T03:57:54.577595Z,KXBTC15M-26OCT050000-00,0.0160,0.01,yes
2026-10-05T03:57:54.577595Z,KXBTC15M-26OCT050000-00,0.0170,2.00,yes
2026-10-05T03:57:54.577595Z,KXBTC15M-26OCT050000-00,0.0180,3141.00,yes
2026-10-05T03:57:54.577595Z,KXBTC15M-26OCT050000-00,0.0170,1.00,yes
2026-10-05T03:57:54.577595Z,KXBTC15M-26OCT050000-00,0.0180,10.00,yes
2026-10-05T03:57:54.585465Z,KXBTC15M-26OCT050000-00,0.0150,0.01,yes
2026-10-05T03:57:54.585465Z,KXBTC15M-26OCT050000-00,0.0190,2.00,yes
2026-10-05T03:57:54.585465Z,KXBTC15M-26OCT050000-00,0.0180,150.00,yes
2026-10-05T03:57:54.585465Z,KXBTC15M-26OCT050000-00,0.0190,1.00,yes
2026-10-05T03:57:54.585465Z,KXBTC15M-26OCT050000-00,0.0190,13.00,yes
2026-10-05T03:57:54.585465Z,KXBTC15M-26OCT050000-00,0.0170,13.00,yes
2026-10-05T03:57:54.585465Z,KXBTC15M-26OCT050000-00,0.0190,2.00,yes
2026-10-05T03:57:54.585465Z,KXBTC15M-26OCT050000-00,0.0140,0.01,yes
2026-10-05T03:57:54.585465Z,KXBTC15M-26OCT050000-00,0.0160,200.00,yes
2026-10-05T03:57:54.595825Z,KXBTC15M-26OCT050000-00,0.0190,618.00,no
2026-10-05T03:57:54.605374Z,KXBTC15M-26OCT050000-00,0.0200,40.00,yes
2026-10-05T03:57:54.605374Z,KXBTC15M-26OCT050000-00,0.0200,50.00,yes
2026-10-05T03:57:54.605374Z,KXBTC15M-26OCT050000-00,0.0200,100.00,yes
2026-10-05T03:57:54.605374Z,KXBTC15M-26OCT050000-00,0.0200,137.00,yes
2026-10-05T03:57:54.605374Z,KXBTC15M-26OCT050000-00,0.0200,0.01,yes
2026-10-05T03:57:54.605374Z,KXBTC15M-26OCT050000-00,0.0200,0.01,yes
2026-10-05T03:57:54.605374Z,KXBTC15M-26OCT050000-00,0.0200,30.00,yes
2026-10-05T03:57:54.607347Z,KXBTC15M-26OCT050000-00,0.0200,10.00,no
2026-10-05T03:57:54.626293Z,KXBTC15M-26OCT050000-00,0.0200,10.00,no
2026-10-05T03:57:54.644872Z,KXBTC15M-26OCT050000-00,0.0190,0.01,no
2026-10-05T03:57:54.644872Z,KXBTC15M-26OCT050000-00,0.0200,50.00,no
2026-10-05T03:57:54.644872Z,KXBTC15M-26OCT050000-00,0.0190,2523.00,no
2026-10-05T03:57:54.644872Z,KXBTC15M-26OCT050000-00,0.0200,0.01,no
2026-10-05T03:57:54.644872Z,KXBTC15M-26OCT050000-00,0.0200,0.01,no
2026-10-05T03:57:54.648886Z,KXBTC15M-26OCT050000-00,0.0180,32.18,no
2026-10-05T03:57:54.654712Z,KXBTC15M-26OCT050000-00,0.0200,13.47,yes
2026-10-05T03:57:54.654712Z,KXBTC15M-26OCT050000-00,0.0190,1.00,yes
2026-10-05T03:57:54.658831Z,KXBTC15M-26OCT050000-00,0.0180,0.01,no
2026-10-05T03:57:54.658831Z,KXBTC15M-26OCT050000-00,0.0180,500.82,no
2026-10-05T03:57:54.661506Z,KXBTC15M-26OCT050000-00,0.0190,0.01,yes
2026-10-05T03:57:54.661506Z,KXBTC15M-26OCT050000-00,0.0200,49.98,yes
2026-10-05T03:57:54.661506Z,KXBTC15M-26OCT050000-00,0.0190,0.01,yes
2026-10-05T03:57:54.670326Z,KXBTC15M-26OCT050000-00,0.0120,39.47,no
2026-10-05T03:57:54.670326Z,KXBTC15M-26OCT050000-00,0.0180,0.01,no
2026-10-05T03:57:54.670326Z,KXBTC15M-26OCT050000-00,0.0130,2.00,no
2026-10-05T03:57:54.670326Z,KXBTC15M-26OCT050000-00,0.0130,2.00,no
2026-10-05T03:57:54.670326Z,KXBTC15M-26OCT050000-00,0.0130,14.00,no
2026-10-05T03:57:54.670326Z,KXBTC15M-26OCT050000-00,0.0180,0.01,no
2026-10-05T03:57:54.670326Z,KXBTC15M-26OCT050000-00,0.0140,2.00,no
2026-10-05T03:57:54.670326Z,KXBTC15M-26OCT050000-00,0.0130,60.00,no
2026-10-05T03:57:54.679417Z,KXBTC15M-26OCT050000-00,0.0180,17.11,yes
2026-10-05T03:57:54.67987Z,KXBTC15M-26OCT050000-00,0.0170,11.94,no
2026-10-05T03:57:54.698828Z,KXBTC15M-26OCT050000-00,0.0170,20.00,yes
2026-10-05T03:57:54.699758Z,KXBTC15M-26OCT050000-00,0.0150,450.00,no
2026-10-05T03:57:54.703345Z,KXBTC15M-26OCT050000-00,0.0170,42.54,yes
2026-10-05T03:57:54.704489Z,KXBTC15M-26OCT050000-00,0.0180,388.90,yes
2026-10-05T03:57:54.704489Z,KXBTC15M-26OCT050000-00,0.0180,132.89,yes
2026-10-05T03:57:54.704489Z,KXBTC15M-26OCT050000-00,0.0170,553.00,yes
2026-10-05T03:57:54.704489Z,KXBTC15M-26OCT050000-00,0.0170,7.46,yes
2026-10-05T03:57:54.719173Z,KXBTC15M-26OCT050000-00,0.0180,2037.48,yes
2026-10-05T03:57:54.719173Z,KXBTC15M-26OCT050000-00,0.0170,13.00,yes
2026-10-05T03:57:54.719173Z,KXBTC15M-26OCT050000-00,0.0170,0.01,yes
2026-10-05T03:57:54.719173Z,KXBTC15M-26OCT050000-00,0.0170,400.00,yes
2026-10-05T03:57:54.719173Z,KXBTC15M-26OCT050000-00,0.0170,0.01,yes
2026-10-05T03:57:54.719173Z,KXBTC15M-26OCT050000-00,0.0170,58.00,yes
2026-10-05T03:57:54.720856Z,KXBTC15M-26OCT050000-00,0.0180,85.08,yes
2026-10-05T03:57:54.764008Z,KXBTC15M-26OCT050000-00,0.0150,60.00,no
2026-10-05T03:57:54.773186Z,KXBTC15M-26OCT050000-00,0.0160,532.00,yes
2026-10-05T03:57:54.773186Z,KXBTC15M-26OCT050000-00,0.0160,175.00,yes
2026-10-05T03:57:54.773186Z,KXBTC15M-26OCT050000-00,0.0160,272.39,yes
2026-10-05T03:57:54.785136Z,KXBTC15M-26OCT050000-00,0.0160,205.66,yes
2026-10-05T03:57:54.813174Z,KXBTC15M-26OCT050000-00,0.0160,45.76,yes
2026-10-05T03:57:54.824925Z,KXBTC15M-26OCT050000-00,0.0150,987.00,no
2026-10-05T03:57:54.824925Z,KXBTC15M-26OCT050000-00,0.0150,0.01,no
2026-10-05T03:57:54.824925Z,KXBTC15M-26OCT050000-00,0.0140,0.01,no
2026-10-05T03:57:54.824925Z,KXBTC15M-26OCT050000-00,0.0140,200.00,no
2026-10-05T03:57:54.824925Z,KXBTC15M-26OCT050000-00,0.0150,1.00,no
2026-10-05T03:57:54.824925Z,KXBTC15M-26OCT050000-00,0.0140,0.01,no
2026-10-05T03:57:54.824925Z,KXBTC15M-26OCT050000-00,0.0140,296.00,no
2026-10-05T03:57:54.824925Z,KXBTC15M-26OCT050000-00,0.0150,0.01,no
2026-10-05T03:57:54.829755Z,KXBTC15M-26OCT050000-00,0.0160,24.46,yes
2026-10-05T03:57:54.833853Z,KXBTC15M-26OCT050000-00,0.0160,250.00,yes
2026-10-05T03:57:54.890917Z,KXBTC15M-26OCT050000-00,0.0160,0.02,yes
2026-10-05T03:57:54.912257Z,KXBTC15M-26OCT050000-00,0.0160,0.01,yes
2026-10-05T03:57:54.912257Z,KXBTC15M-26OCT050000-00,0.0160,29.04,yes
2026-10-05T03:57:54.912257Z,KXBTC15M-26OCT050000-00,0.0160,216.71,yes
2026-10-05T03:57:54.929981Z,KXBTC15M-26OCT050000-00,0.0150,0.01,no
2026-10-05T03:57:54.929981Z,KXBTC15M-26OCT050000-00,0.0150,0.01,no
2026-10-05T03:57:54.929981Z,KXBTC15M-26OCT050000-00,0.0140,2.54,no
2026-10-05T03:57:54.955611Z,KXBTC15M-26OCT050000-00,0.0140,231.46,no
2026-10-05T03:57:54.955611Z,KXBTC15M-26OCT050000-00,0.0140,2.00,no
2026-10-05T03:57:54.955611Z,KXBTC15M-26OCT050000-00,0.0140,766.54,no
2026-10-05T03:57:54.958001Z,KXBTC15M-26OCT050000-00,0.0160,7.09,yes
2026-10-05T03:57:54.958001Z,KXBTC15M-26OCT050000-00,0.0150,0.01,yes
2026-10-05T03:57:54.958001Z,KXBTC15M-26OCT050000-00,0.0150,0.01,yes
2026-10-05T03:57:54.959471Z,KXBTC15M-26OCT050000-00,0.0140,0.02,no
2026-10-05T03:57:54.960707Z,KXBTC15M-26OCT050000-00,0.0140,0.02,no
2026-10-05T03:57:54.961147Z,KXBTC15M-26OCT050000-00,0.0140,0.02,no
2026-10-05T03:57:54.964217Z,KXBTC15M-26OCT050000-00,0.0140,0.02,no
2026-10-05T03:57:54.966288Z,KXBTC15M-26OCT050000-00,0.0150,281.00,yes
2026-10-05T03:57:54.972605Z,KXBTC15M-26OCT050000-00,0.0140,8.08,no
2026-10-05T03:57:54.976435Z,KXBTC15M-26OCT050000-00,0.0140,0.01,no
2026-10-05T03:57:54.976435Z,KXBTC15M-26OCT050000-00,0.0140,0.01,no
2026-10-05T03:57:55.00462Z,KXBTC15M-26OCT050000-00,0.0120,256.00,no
2026-10-05T03:57:55.00462Z,KXBTC15M-26OCT050000-00,0.0110,2267.66,no
2026-10-05T03:57:55.00462Z,KXBTC15M-26OCT050000-00,0.0120,149.32,no
2026-10-05T03:57:55.00462Z,KXBTC15M-26OCT050000-00,0.0120,256.00,no
2026-10-05T03:57:55.00462Z,KXBTC15M-26OCT050000-00,0.0110,512.00,no
2026-10-05T03:57:55.00462Z,KXBTC15M-26OCT050000-00,0.0120,4.00,no
2026-10-05T03:57:55.00462Z,KXBTC15M-26OCT050000-00,0.0120,256.00,no
2026-10-05T03:57:55.00462Z,KXBTC15M-26OCT050000-00,0.0130,0.01,no
2026-10-05T03:57:55.00462Z,KXBTC15M-26OCT050000-00,0.0130,0.01,no
2026-10-05T03:57:55.00462Z,KXBTC15M-26OCT050000-00,0.0130,117.00,no
2026-10-05T03:57:55.00462Z,KXBTC15M-26OCT050000-00,0.0130,1047.00,no
2026-10-05T03:57:55.00462Z,KXBTC15M-26OCT050000-00,0.0120,15.00,no
2026-10-05T03:57:55.00462Z,KXBTC15M-26OCT050000-00,0.0120,120.00,no
2026-10-05T03:57:55.013987Z,KXBTC15M-26OCT050000-00,0.0140,40.00,yes
2026-10-05T03:57:55.013987Z,KXBTC15M-26OCT050000-00,0.0140,150.00,yes
2026-10-05T03:57:55.013987Z,KXBTC15M-26OCT050000-00,0.0140,0.01,yes
2026-10-05T03:57:55.013987Z,KXBTC15M-26OCT050000-00,0.0140,809.99,yes
2026-10-05T03:57:55.021804Z,KXBTC15M-26OCT050000-00,0.0140,0.02,yes
2026-10-05T03:57:55.022589Z,KXBTC15M-26OCT050000-00,0.0140,33.30,yes
2026-10-05T03:57:55.034245Z,KXBTC15M-26OCT050000-00,0.0140,0.02,yes
2026-10-05T03:57:55.044497Z,KXBTC15M-26OCT050000-00,0.0130,750.00,no
2026-10-05T03:57:55.050887Z,KXBTC15M-26OCT050000-00,0.0140,5.00,yes
2026-10-05T03:57:55.084729Z,KXBTC15M-26OCT050000-00,0.0130,191.00,no
2026-10-05T03:57:55.084729Z,KXBTC15M-26OCT050000-00,0.0130,59.00,no
2026-10-05T03:57:55.084729Z,KXBTC15M-26OCT050000-00,0.0130,0.01,no
2026-10-05T03:57:55.084729Z,KXBTC15M-26OCT050000-00,0.0130,499.99,no
2026-10-05T03:57:55.092528Z,KXBTC15M-26OCT050000-00,0.0130,88.45,no
2026-10-05T03:57:55.099041Z,KXBTC15M-26OCT050000-00,0.0130,182.04,no
2026-10-05T03:57:55.099375Z,KXBTC15M-26OCT050000-00,0.0140,30.29,yes
2026-10-05T03:57:55.135667Z,KXBTC15M-26OCT050000-00,0.0130,750.00,no
2026-10-05T03:57:55.142052Z,KXBTC15M-26OCT050000-00,0.0130,1.00,no
2026-10-05T03:57:55.14684Z,KXBTC15M-26OCT050000-00,0.0140,1.00,yes
2026-10-05T03:57:55.170576Z,KXBTC15M-26OCT050000-00,0.0130,750.00,no
2026-10-05T03:57:55.182379Z,KXBTC15M-26OCT050000-00,0.0140,1.00,yes
2026-10-05T03:57:55.20141Z,KXBTC15M-26OCT050000-00,0.0140,158.82,yes
2026-10-05T03:57:55.204518Z,KXBTC15M-26OCT050000-00,0.0140,133.69,yes
2026-10-05T03:57:55.20705Z,KXBTC15M-26OCT050000-00,0.0140,256.00,yes
2026-10-05T03:57:55.20705Z,KXBTC15M-26OCT050000-00,0.0140,0.01,yes
2026-10-05T03:57:55.20705Z,KXBTC15M-26OCT050000-00,0.0140,75.20,yes
2026-10-05T03:57:55.20705Z,KXBTC15M-26OCT050000-00,0.0140,103.55,yes
2026-10-05T03:57:55.216441Z,KXBTC15M-26OCT050000-00,0.0130,437.50,no
2026-10-05T03:57:55.218624Z,KXBTC15M-26OCT050000-00,0.0130,5.00,no
2026-10-05T03:57:55.228749Z,KXBTC15M-26OCT050000-00,0.0130,400.02,no
2026-10-05T03:57:55.228749Z,KXBTC15M-26OCT050000-00,0.0130,349.98,no
2026-10-05T03:57:55.240715Z,KXBTC15M-26OCT050000-00,0.0130,0.01,no
2026-10-05T03:57:55.240715Z,KXBTC15M-26OCT050000-00,0.0120,15.00,no
2026-10-05T03:57:55.240715Z,KXBTC15M-26OCT050000-00,0.0120,150.00,no
2026-10-05T03:57:55.240715Z,KXBTC15M-26OCT050000-00,0.0130,102.00,no
2026-10-05T03:57:55.240715Z,KXBTC15M-26OCT050000-00,0.0120,200.00,no
2026-10-05T03:57:55.240715Z,KXBTC15M-26OCT050000-00,0.0120,29.00,no
2026-10-05T03:57:55.240715Z,KXBTC15M-26OCT050000-00,0.0130,688.02,no
2026-10-05T03:57:55.240715Z,KXBTC15M-26OCT050000-00,0.0130,0.01,no
2026-10-05T03:57:55.248486Z,KXBTC15M-26OCT050000-00,0.0130,15.33,yes
2026-10-05T03:57:55.260544Z,KXBTC15M-26OCT050000-00,0.0130,54.67,yes
2026-10-05T03:57:55.260544Z,KXBTC15M-26OCT050000-00,0.0130,200.00,yes
2026-10-05T03:57:55.260544Z,KXBTC15M-26OCT050000-00,0.0130,70.00,yes
2026-10-05T03:57:55.260544Z,KXBTC15M-26OCT050000-00,0.0130,142.09,yes
2026-10-05T03:57:55.260544Z,KXBTC15M-26OCT050000-00,0.0130,0.01,yes
2026-10-05T03:57:55.260544Z,KXBTC15M-26OCT050000-00,0.0130,1.00,yes
2026-10-05T03:57:55.260544Z,KXBTC15M-26OCT050000-00,0.0130,0.01,yes
2026-10-05T03:57:55.277698Z,KXBTC15M-26OCT050000-00,0.0110,232.34,no
2026-10-05T03:57:55.277698Z,KXBTC15M-26OCT050000-00,0.0110,17.64,no
2026-10-05T03:57:55.277698Z,KXBTC15M-26OCT050000-00,0.0120,0.01,no
2026-10-05T03:57:55.277698Z,KXBTC15M-26OCT050000-00,0.0120,0.01,no
2026-10-05T03:57:55.285086Z,KXBTC15M-26OCT050000-00,0.0130,14.00,yes
2026-10-05T03:57:55.285086Z,KXBTC15M-26OCT050000-00,0.0130,77.00,yes
2026-10-05T03:57:55.295779Z,KXBTC15M-26OCT050000-00,0.0130,58.47,yes
2026-10-05T03:57:55.302009Z,KXBTC15M-26OCT050000-00,0.0130,24.59,yes
2026-10-05T03:57:55.307619Z,KXBTC15M-26OCT050000-00,0.0130,37.40,yes
2026-10-05T03:57:55.307619Z,KXBTC15M-26OCT050000-00,0.0120,17.64,yes
2026-10-05T03:57:55.310911Z,KXBTC15M-26OCT050000-00,0.0110,90.15,no
2026-10-05T03:57:55.310911Z,KXBTC15M-26OCT050000-00,0.0120,70.00,no
2026-10-05T03:57:55.310911Z,KXBTC15M-26OCT050000-00,0.0120,70.00,no
2026-10-05T03:57:55.313634Z,KXBTC15M-26OCT050000-00,0.0130,4.67,yes
2026-10-05T03:57:55.314423Z,KXBTC15M-26OCT050000-00,0.0130,60.38,yes
2026-10-05T03:57:55.316356Z,KXBTC15M-26OCT050000-00,0.0130,116.94,yes
2026-10-05T03:57:55.317937Z,KXBTC15M-26OCT050000-00,0.0110,404.21,no
2026-10-05T03:57:55.317937Z,KXBTC15M-26OCT050000-00,0.0110,345.77,no
2026-10-05T03:57:55.317937Z,KXBTC15M-26OCT050000-00,0.0120,0.01,no
2026-10-05T03:57:55.317937Z,KXBTC15M-26OCT050000-00,0.0120,0.01,no
2026-10-05T03:57:55.323627Z,KXBTC15M-26OCT050000-00,0.0130,14.03,yes
2026-10-05T03:57:55.336646Z,KXBTC15M-26OCT050000-00,0.0110,4.00,no
2026-10-05T03:57:55.336646Z,KXBTC15M-26OCT050000-00,0.0110,196.13,no
2026-10-05T03:57:55.336646Z,KXBTC15M-26OCT050000-00,0.0110,166.23,no
2026-10-05T03:57:55.336646Z,KXBTC15M-26OCT050000-00,0.0110,133.64,no
2026-10-05T03:57:55.350045Z,KXBTC15M-26OCT050000-00,0.0110,287.58,no
2026-10-05T03:57:55.350045Z,KXBTC15M-26OCT050000-00,0.0110,103.87,no
2026-10-05T03:57:55.390085Z,KXBTC15M-26OCT050000-00,0.0120,66.82,yes
2026-10-05T03:57:55.401456Z,KXBTC15M-26OCT050000-00,0.0120,3.50,yes
2026-10-05T03:57:55.401456Z,KXBTC15M-26OCT050000-00,0.0120,3.18,yes
2026-10-05T03:57:55.411204Z,KXBTC15M-26OCT050000-00,0.0110,4.95,no
2026-10-05T03:57:55.419789Z,KXBTC15M-26OCT050000-00,0.0110,6.61,no
2026-10-05T03:57:55.426596Z,KXBTC15M-26OCT050000-00,0.0110,21.00,no
2026-10-05T03:57:55.432627Z,KXBTC15M-26OCT050000-00,0.0120,44.72,yes
2026-10-05T03:57:55.438691Z,KXBTC15M-26OCT050000-00,0.0110,2.00,no
2026-10-05T03:57:55.438691Z,KXBTC15M-26OCT050000-00,0.0110,1.00,no
2026-10-05T03:57:55.438691Z,KXBTC15M-26OCT050000-00,0.0110,2.00,no
2026-10-05T03:57:55.438691Z,KXBTC15M-26OCT050000-00,0.0110,100.00,no
2026-10-05T03:57:55.438691Z,KXBTC15M-26OCT050000-00,0.0110,20.00,no
2026-10-05T03:57:55.438691Z,KXBTC15M-26OCT050000-00,0.0110,1.00,no
2026-10-05T03:57:55.438691Z,KXBTC15M-26OCT050000-00,0.0110,10.00,no
2026-10-05T03:57:55.438691Z,KXBTC15M-26OCT050000-00,0.0110,1.00,no
2026-10-05T03:57:55.438691Z,KXBTC15M-26OCT050000-00,0.0110,1.00,no
2026-10-05T03:57:55.438691Z,KXBTC15M-26OCT050000-00,0.0110,31.86,no
2026-10-05T03:57:55.438691Z,KXBTC15M-26OCT050000-00,0.0100,58.12,no
2026-10-05T03:57:55.438691Z,KXBTC15M-26OCT050000-00,0.0100,327.00,no
2026-10-05T03:57:55.438691Z,KXBTC15M-26OCT050000-00,0.0100,3.00,no
2026-10-05T03:57:55.438691Z,KXBTC15M-26OCT050000-00,0.0110,200.00,no
2026-10-05T03:57:55.438691Z,KXBTC15M-26OCT050000-00,0.0110,17.00,no
2026-10-05T03:57:55.438691Z,KXBTC15M-26OCT050000-00,0.0110,0.01,no
2026-10-05T03:57:55.438691Z,KXBTC15M-26OCT050000-00,0.0110,105.00,no
2026-10-05T03:57:55.438691Z,KXBTC15M-26OCT050000-00,0.0110,0.01,no
2026-10-05T03:57:55.438691Z,KXBTC15M-26OCT050000-00,0.0110,120.00,no
2026-10-05T03:57:55.442875Z,KXBTC15M-26OCT050000-00,0.0100,12.29,no
2026-10-05T03:57:55.442875Z,KXBTC15M-26OCT050000-00,0.0100,71.97,no
2026-10-05T03:57:55.442875Z,KXBTC15M-26OCT050000-00,0.0100,3.78,no
2026-10-05T03:57:55.442875Z,KXBTC15M-26OCT050000-00,0.0100,10.93,no
2026-10-05T03:57:55.442875Z,KXBTC15M-26OCT050000-00,0.0100,29.83,no
2026-10-05T03:57:55.442875Z,KXBTC15M-26OCT050000-00,0.0100,14.47,no
2026-10-05T03:57:55.442875Z,KXBTC15M-26OCT050000-00,0.0100,3.28,no
2026-10-05T03:57:55.442875Z,KXBTC15M-26OCT050000-00,0.0100,16.42,no
2026-10-05T03:57:55.442875Z,KXBTC15M-26OCT050000-00,0.0100,32.85,no
2026-10-05T03:57:55.442875Z,KXBTC15M-26OCT050000-00,0.0100,30.77,no
2026-10-05T03:57:55.442875Z,KXBTC15M-26OCT050000-00,0.0100,11.18,no
2026-10-05T03:57:55.442875Z,KXBTC15M-26OCT050000-00,0.0100,3.00,no
2026-10-05T03:57:55.442875Z,KXBTC15M-26OCT050000-00,0.0100,8.19,no
2026-10-05T03:57:55.442875Z,KXBTC15M-26OCT050000-00,0.0100,9.63,no
2026-10-05T03:57:55.442875Z,KXBTC15M-26OCT050000-00,0.0100,72.36,no
2026-10-05T03:57:55.442875Z,KXBTC15M-26OCT050000-00,0.0100,2.39,no
2026-10-05T03:57:55.442875Z,KXBTC15M-26OCT050000-00,0.0100,29.83,no
2026-10-05T03:57:55.442875Z,KXBTC15M-26OCT050000-00,0.0100,2.52,no
2026-10-05T03:57:55.442875Z,KXBTC15M-26OCT050000-00,0.0100,0.74,no
2026-10-05T03:57:55.442875Z,KXBTC15M-26OCT050000-00,0.0100,14.91,no
2026-10-05T03:57:55.442875Z,KXBTC15M-26OCT050000-00,0.0100,46.84,no
2026-10-05T03:57:55.442875Z,KXBTC15M-26OCT050000-00,0.0100,23.99,no
2026-10-05T03:57:55.442875Z,KXBTC15M-26OCT050000-00,0.0100,11.71,no
2026-10-05T03:57:55.442875Z,KXBTC15M-26OCT050000-00,0.0100,0.65,no
2026-10-05T03:57:55.442875Z,KXBTC15M-26OCT050000-00,0.0100,24.01,no
2026-10-05T03:57:55.442875Z,KXBTC15M-26OCT050000-00,0.0100,12.61,no
2026-10-05T03:57:55.442875Z,KXBTC15M-26OCT050000-00,0.0100,0.57,no
2026-10-05T03:57:55.442875Z,KXBTC15M-26OCT050000-00,0.0100,0.61,no
2026-10-05T03:57:55.442875Z,KXBTC15M-26OCT050000-00,0.0100,47.25,no
2026-10-05T03:57:55.442875Z,KXBTC15M-26OCT050000-00,0.0100,1.29,no
2026-10-05T03:57:55.442875Z,KXBTC15M-26OCT050000-00,0.0100,13.29,no
2026-10-05T03:57:55.442875Z,KXBTC15M-26OCT050000-00,0.0100,10.50,no
2026-10-05T03:57:55.442875Z,KXBTC15M-26OCT050000-00,0.0100,14.47,no
2026-10-05T03:57:55.442875Z,KXBTC15M-26OCT050000-00,0.0100,43.73,no
2026-10-05T03:57:55.442875Z,KXBTC15M-26OCT050000-00,0.0100,14.47,no
2026-10-05T03:57:55.442875Z,KXBTC15M-26OCT050000-00,0.0100,21.86,no
2026-10-05T03:57:55.442875Z,KXBTC15M-26OCT050000-00,0.0100,8.74,no
2026-10-05T03:57:55.442875Z,KXBTC15M-26OCT050000-00,0.0100,43.73,no
2026-10-05T03:57:55.442875Z,KXBTC15M-26OCT050000-00,0.0100,44.72,no
2026-10-05T03:57:55.442875Z,KXBTC15M-26OCT050000-00,0.0100,10.71,no
2026-10-05T03:57:55.442875Z,KXBTC15M-26OCT050000-00,0.0100,11.18,no
2026-10-05T03:57:55.442875Z,KXBTC15M-26OCT050000-00,0.0100,11.44,no
2026-10-05T03:57:55.442875Z,KXBTC15M-26OCT050000-00,0.0100,0.45,no
2026-10-05T03:57:55.442875Z,KXBTC15M-26OCT050000-00,0.0100,11.44,no
2026-10-05T03:57:55.442875Z,KXBTC15M-26OCT050000-00,0.0100,20.00,no
2026-10-05T03:57:55.442875Z,KXBTC15M-26OCT050000-00,0.0100,18.30,no
2026-10-05T03:57:55.442875Z,KXBTC15M-26OCT050000-00,0.0100,2.28,no
2026-10-05T03:57:55.442875Z,KXBTC15M-26OCT050000-00,0.0100,12.29,no
2026-10-05T03:57:55.442875Z,KXBTC15M-26OCT050000-00,0.0100,2.21,no
2026-10-05T03:57:55.442875Z,KXBTC15M-26OCT050000-00,0.0100,1.00,no
2026-10-05T03:57:55.442875Z,KXBTC15M-26OCT050000-00,0.0100,17.49,no
2026-10-05T03:57:55.442875Z,KXBTC15M-26OCT050000-00,0.0100,1.00,no
2026-10-05T03:57:55.442875Z,KXBTC15M-26OCT050000-00,0.0100,100.00,no
2026-10-05T03:57:55.442875Z,KXBTC15M-26OCT050000-00,0.0100,200.00,no
2026-10-05T03:57:55.442875Z,KXBTC15M-26OCT050000-00,0.0100,80.40,no
2026-10-05T03:57:55.442875Z,KXBTC15M-26OCT050000-00,0.0100,25.00,no
2026-10-05T03:57:55.442875Z,KXBTC15M-26OCT050000-00,0.0100,200.00,no
2026-10-05T03:57:55.442875Z,KXBTC15M-26OCT050000-00,0.0100,352.00,no
2026-10-05T03:57:55.442875Z,KXBTC15M-26OCT050000-00,0.0100,60.00,no
2026-10-05T03:57:55.442875Z,KXBTC15M-26OCT050000-00,0.0100,98.52,no
2026-10-05T03:57:55.442875Z,KXBTC15M-26OCT050000-00,0.0100,453.88,no
2026-10-05T03:57:55.442875Z,KXBTC15M-26OCT050000-00,0.0100,25.00,no
2026-10-05T03:57:55.442875Z,KXBTC15M-26OCT050000-00,0.0100,150.00,no
2026-10-05T03:57:55.442875Z,KXBTC15M-26OCT050000-00,0.0100,512.00,no
2026-10-05T03:57:55.442875Z,KXBTC15M-26OCT050000-00,0.0100,512.00,no
2026-10-05T03:57:55.442875Z,KXBTC15M-26OCT050000-00,0.0100,4.00,no
2026-10-05T03:57:55.442875Z,KXBTC15M-26OCT050000-00,0.0100,147.00,no
2026-10-05T03:57:55.442875Z,KXBTC15M-26OCT050000-00,0.0100,73.00,no
2026-10-05T03:57:55.442875Z,KXBTC15M-26OCT050000-00,0.0100,0.94,no
2026-10-05T03:57:55.442875Z,KXBTC15M-26OCT050000-00,0.0100,5.67,no
2026-10-05T03:57:55.442875Z,KXBTC15M-26OCT050000-00,0.0100,16.14,no
2026-10-05T03:57:55.442875Z,KXBTC15M-26OCT050000-00,0.0100,118.18,no
2026-10-05T03:57:55.442875Z,KXBTC15M-26OCT050000-00,0.0100,40.53,no
2026-10-05T03:57:55.442875Z,KXBTC15M-26OCT050000-00,0.0100,8.06,no
2026-10-05T03:57:55.442875Z,KXBTC15M-26OCT050000-00,0.0100,32.95,no
2026-10-05T03:57:55.442875Z,KXBTC15M-26OCT050000-00,0.0100,8.23,no
2026-10-05T03:57:55.442875Z,KXBTC15M-26OCT050000-00,0.0100,38.68,no
2026-10-05T03:57:55.442875Z,KXBTC15M-26OCT050000-00,0.0100,39.89,no
2026-10-05T03:57:55.442875Z,KXBTC15M-26OCT050000-00,0.0100,1.59,no
2026-10-05T03:57:55.442875Z,KXBTC15M-26OCT050000-00,0.0100,4.57,no
2026-10-05T03:57:55.442875Z,KXBTC15M-26OCT050000-00,0.0100,27.58,no
2026-10-05T03:57:55.442875Z,KXBTC15M-26OCT050000-00,0.0100,10.05,no
2026-10-05T03:57:55.442875Z,KXBTC15M-26OCT050000-00,0.0100,1.00,no
2026-10-05T03:57:55.442875Z,KXBTC15M-26OCT050000-00,0.0100,59.11,no
2026-10-05T03:57:55.442875Z,KXBTC15M-26OCT050000-00,0.0100,30.73,no
2026-10-05T03:57:55.442875Z,KXBTC15M-26OCT050000-00,0.0100,4.19,no
2026-10-05T03:57:55.442875Z,KXBTC15M-26OCT050000-00,0.0100,53.49,no
2026-10-05T03:57:55.442875Z,KXBTC15M-26OCT050000-00,0.0100,3.94,no
2026-10-05T03:57:55.442875Z,KXBTC15M-26OCT050000-00,0.0100,0.98,no
2026-10-05T03:57:55.442875Z,KXBTC15M-26OCT050000-00,0.0100,5.91,no
2026-10-05T03:57:55.442875Z,KXBTC15M-26OCT050000-00,0.0100,0.58,no
2026-10-05T03:57:55.442875Z,KXBTC15M-26OCT050000-00,0.0100,42.57,no
2026-10-05T03:57:55.442875Z,KXBTC15M-26OCT050000-00,0.0100,10.05,no
2026-10-05T03:57:55.442875Z,KXBTC15M-26OCT050000-00,0.0100,7.97,no
2026-10-05T03:57:55.442875Z,KXBTC15M-26OCT050000-00,0.0100,1.19,no
2026-10-05T03:57:55.442875Z,KXBTC15M-26OCT050000-00,0.0100,0.82,no
2026-10-05T03:57:55.442875Z,KXBTC15M-26OCT050000-00,0.0100,95.74,no
2026-10-05T03:57:55.442875Z,KXBTC15M-26OCT050000-00,0.0100,12.56,no
2026-10-05T03:57:55.442875Z,KXBTC15M-26OCT050000-00,0.0100,3.58,no
2026-10-05T03:57:55.442875Z,KXBTC15M-26OCT050000-00,0.0100,120.00,no
2026-10-05T03:57:55.442875Z,KXBTC15M-26OCT050000-00,0.0100,10.93,no
2026-10-05T03:57:55.442875Z,KXBTC15M-26OCT050000-00,0.0100,2.52,no
2026-10-05T03:57:55.442875Z,KXBTC15M-26OCT050000-00,0.0100,3.19,no
2026-10-05T03:57:55.442875Z,KXBTC15M-26OCT050000-00,0.0100,25.22,no
2026-10-05T03:57:55.442875Z,KXBTC15M-26OCT050000-00,0.0100,5.31,no
2026-10-05T03:57:55.442875Z,KXBTC15M-26OCT050000-00,0.0100,13.29,no
2026-10-05T03:57:55.442875Z,KXBTC15M-26OCT050000-00,0.0100,11.99,no
2026-10-05T03:57:55.456076Z,KXBTC15M-26OCT050000-00,0.0110,13.10,yes
2026-10-05T03:57:55.497753Z,KXBTC15M-26OCT050000-00,0.0100,21.38,no
2026-10-05T03:57:55.497753Z,KXBTC15M-26OCT050000-00,0.0100,17.03,no
2026-10-05T03:57:55.497753Z,KXBTC15M-26OCT050000-00,0.0100,3.72,no
2026-10-05T03:57:55.497753Z,KXBTC15M-26OCT050000-00,0.0100,1.30,no
2026-10-05T03:57:55.497753Z,KXBTC15M-26OCT050000-00,0.0100,32.37,no
2026-10-05T03:57:55.497753Z,KXBTC15M-26OCT050000-00,0.0100,2.56,no
2026-10-05T03:57:55.513359Z,KXBTC15M-26OCT050000-00,0.0110,133.63,yes
2026-10-05T03:57:55.518755Z,KXBTC15M-26OCT050000-00,0.0110,75.37,yes
2026-10-05T03:57:55.526441Z,KXBTC15M-26OCT050000-00,0.0110,24.59,yes
2026-10-05T03:57:55.533036Z,KXBTC15M-26OCT050000-00,0.0100,0.98,no
2026-10-05T03:57:55.58197Z,KXBTC15M-26OCT050000-00,0.0110,2.16,yes
2026-10-05T03:57:55.590916Z,KXBTC15M-26OCT050000-00,0.0110,376.97,yes
2026-10-05T03:57:55.590916Z,KXBTC15M-26OCT050000-00,0.0110,103.15,yes
2026-10-05T03:57:55.590916Z,KXBTC15M-26OCT050000-00,0.0110,58.12,yes
2026-10-05T03:57:55.590916Z,KXBTC15M-26OCT050000-00,0.0110,0.01,yes
2026-10-05T03:57:55.590916Z,KXBTC15M-26OCT050000-00,0.0110,0.01,yes
2026-10-05T03:57:55.597332Z,KXBTC15M-26OCT050000-00,0.0110,1.00,yes
2026-10-05T03:57:55.598638Z,KXBTC15M-26OCT050000-00,0.0110,100.00,yes
2026-10-05T03:57:55.61346Z,KXBTC15M-26OCT050000-00,0.0100,5.25,no
2026-10-05T03:57:55.61346Z,KXBTC15M-26OCT050000-00,0.0100,28.69,no
2026-10-05T03:57:55.61346Z,KXBTC15M-26OCT050000-00,0.0100,29.16,no
2026-10-05T03:57:55.652025Z,KXBTC15M-26OCT050000-00,0.0100,42.00,no
2026-10-05T03:57:55.659404Z,KXBTC15M-26OCT050000-00,0.0100,7.39,no
2026-10-05T03:57:55.659404Z,KXBTC15M-26OCT050000-00,0.0100,11.86,no
2026-10-05T03:57:55.659404Z,KXBTC15M-26OCT050000-00,0.0100,0.58,no
2026-10-05T03:57:55.708563Z,KXBTC15M-26OCT050000-00,0.0110,128.09,yes
2026-10-05T03:57:55.708563Z,KXBTC15M-26OCT050000-00,0.0110,34.03,yes
2026-10-05T03:57:55.762848Z,KXBTC15M-26OCT050000-00,0.0100,6.78,no
2026-10-05T03:57:55.786237Z,KXBTC15M-26OCT050000-00,0.0100,7.27,no
2026-10-05T03:57:55.786237Z,KXBTC15M-26OCT050000-00,0.0100,13.31,no
2026-10-05T03:57:55.786237Z,KXBTC15M-26OCT050000-00,0.0100,5.00,no
2026-10-05T03:57:55.786237Z,KXBTC15M-26OCT050000-00,0.0100,7.43,no
2026-10-05T03:57:55.800081Z,KXBTC15M-26OCT050000-00,0.0110,32.74,yes
2026-10-05T03:57:55.801524Z,KXBTC15M-26OCT050000-00,0.0100,242.02,no
2026-10-05T03:57:55.842261Z,KXBTC15M-26OCT050000-00,0.0110,5.29,yes
2026-10-05T03:57:55.847606Z,KXBTC15M-26OCT050000-00,0.0110,105.83,yes
2026-10-05T03:57:55.90279Z,KXBTC15M-26OCT050000-00,0.0100,0.02,no
2026-10-05T03:57:55.906588Z,KXBTC15M-26OCT050000-00,0.0100,119.00,no
2026-10-05T03:57:55.916653Z,KXBTC15M-26OCT050000-00,0.0100,57.99,no
2026-10-05T03:57:55.91861Z,KXBTC15M-26OCT050000-00,0.0110,181.93,yes
2026-10-05T03:57:55.91861Z,KXBTC15M-26OCT050000-00,0.0110,207.78,yes
2026-10-05T03:57:55.937765Z,KXBTC15M-26OCT050000-00,0.0110,150.00,yes
2026-10-05T03:57:55.937765Z,KXBTC15M-26OCT050000-00,0.0110,25.00,yes
2026-10-05T03:57:55.937765Z,KXBTC15M-26OCT050000-00,0.0110,512.00,yes
2026-10-05T03:57:55.937765Z,KXBTC15M-26OCT050000-00,0.0110,12.00,yes
2026-10-05T03:57:55.937765Z,KXBTC15M-26OCT050000-00,0.0110,445.82,yes
2026-10-05T03:57:55.937765Z,KXBTC15M-26OCT050000-00,0.0110,0.01,yes
2026-10-05T03:57:55.937765Z,KXBTC15M-26OCT050000-00,0.0110,192.22,yes
2026-10-05T03:57:55.937765Z,KXBTC15M-26OCT050000-00,0.0110,600.00,yes
2026-10-05T03:57:55.937765Z,KXBTC15M-26OCT050000-00,0.0110,0.01,yes
2026-10-05T03:57:55.948455Z,KXBTC15M-26OCT050000-00,0.0110,833.22,yes
2026-10-05T03:57:55.988912Z,KXBTC15M-26OCT050000-00,0.0110,93.69,yes
2026-10-05T03:57:56.001566Z,KXBTC15M-26OCT050000-00,0.0100,0.02,no
2026-10-05T03:57:56.029117Z,KXBTC15M-26OCT050000-00,0.0110,57.66,yes
2026-10-05T03:57:56.044561Z,KXBTC15M-26OCT050000-00,0.0100,1000.00,no
2026-10-05T03:57:56.046886Z,KXBTC15M-26OCT050000-00,0.0100,0.02,no
2026-10-05T03:57:56.046932Z,KXBTC15M-26OCT050000-00,0.0100,0.02,no
2026-10-05T03:57:56.048913Z,KXBTC15M-26OCT050000-00,0.0100,5.04,no
2026-10-05T03:57:56.050178Z,KXBTC15M-26OCT050000-00,0.0100,0.02,no
2026-10-05T03:57:56.05451Z,KXBTC15M-26OCT050000-00,0.0100,1000.00,no
2026-10-05T03:57:56.0551Z,KXBTC15M-26OCT050000-00,0.0100,1.00,no
2026-10-05T03:57:56.059954Z,KXBTC15M-26OCT050000-00,0.0110,166.64,yes
2026-10-05T03:57:56.060988Z,KXBTC15M-26OCT050000-00,0.0100,0.02,no
2026-10-05T03:57:56.071744Z,KXBTC15M-26OCT050000-00,0.0100,10.00,no
2026-10-05T03:57:56.075094Z,KXBTC15M-26OCT050000-00,0.0100,4.03,no
2026-10-05T03:57:56.079899Z,KXBTC15M-26OCT050000-00,0.0100,11.10,no
2026-10-05T03:57:56.09004Z,KXBTC15M-26OCT050000-00,0.0110,1688.16,yes
2026-10-05T03:57:56.093789Z,KXBTC15M-26OCT050000-00,0.0110,66.04,yes
2026-10-05T03:57:56.093789Z,KXBTC15M-26OCT050000-00,0.0110,500.00,yes
2026-10-05T03:57:56.093789Z,KXBTC15M-26OCT050000-00,0.0110,433.81,yes
2026-10-05T03:57:56.093789Z,KXBTC15M-26OCT050000-00,0.0110,0.14,yes
2026-10-05T03:57:56.093789Z,KXBTC15M-26OCT050000-00,0.0110,0.01,yes
2026-10-05T03:57:56.115933Z,KXBTC15M-26OCT050000-00,0.0100,68.64,no
2026-10-05T03:57:56.116516Z,KXBTC15M-26OCT050000-00,0.0110,0.02,yes
2026-10-05T03:57:56.13194Z,KXBTC15M-26OCT050000-00,0.0110,22.05,yes
2026-10-05T03:57:56.133543Z,KXBTC15M-26OCT050000-00,0.0110,373.08,yes
2026-10-05T03:57:56.133543Z,KXBTC15M-26OCT050000-00,0.0110,311.89,yes
2026-10-05T03:57:56.147394Z,KXBTC15M-26OCT050000-00,0.0110,3.31,yes
2026-10-05T03:57:56.188321Z,KXBTC15M-26OCT050000-00,0.0100,13.00,no
2026-10-05T03:57:56.199659Z,KXBTC15M-26OCT050000-00,0.0110,186.50,yes
2026-10-05T03:57:56.199659Z,KXBTC15M-26OCT050000-00,0.0110,15.00,yes
2026-10-05T03:57:56.199659Z,KXBTC15M-26OCT050000-00,0.0110,223.61,yes
2026-10-05T03:57:56.21549Z,KXBTC15M-26OCT050000-00,0.0110,42.70,yes
2026-10-05T03:57:56.231155Z,KXBTC15M-26OCT050000-00,0.0110,11.18,yes
2026-10-05T03:57:56.23443Z,KXBTC15M-26OCT050000-00,0.0110,308.88,yes
2026-10-05T03:57:56.247578Z,KXBTC15M-26OCT050000-00,0.0100,60.00,no
2026-10-05T03:57:56.266401Z,KXBTC15M-26OCT050000-00,0.0110,20.08,yes
2026-10-05T03:57:56.270421Z,KXBTC15M-26OCT050000-00,0.0100,5.00,no
2026-10-05T03:57:56.282716Z,KXBTC15M-26OCT050000-00,0.0110,692.99,yes
2026-10-05T03:57:56.282716Z,KXBTC15M-26OCT050000-00,0.0110,72.20,yes
2026-10-05T03:57:56.282716Z,KXBTC15M-26OCT050000-00,0.0110,0.01,yes
2026-10-05T03:57:56.299051Z,KXBTC15M-26OCT050000-00,0.0110,9.07,yes
2026-10-05T03:57:56.305026Z,KXBTC15M-26OCT050000-00,0.0110,21.35,yes
2026-10-05T03:57:56.314234Z,KXBTC15M-26OCT050000-00,0.0110,1.00,yes
2026-10-05T03:57:56.314234Z,KXBTC15M-26OCT050000-00,0.0110,297.38,yes
2026-10-05T03:57:56.314234Z,KXBTC15M-26OCT050000-00,0.0110,63.38,yes
2026-10-05T03:57:56.323015Z,KXBTC15M-26OCT050000-00,0.0100,150.00,no
2026-10-05T03:57:56.323015Z,KXBTC15M-26OCT050000-00,0.0100,12.67,no
2026-10-05T03:57:56.323015Z,KXBTC15M-26OCT050000-00,0.0100,4.81,no
2026-10-05T03:57:56.323015Z,KXBTC15M-26OCT050000-00,0.0100,200.00,no
2026-10-05T03:57:56.323015Z,KXBTC15M-26OCT050000-00,0.0100,14.43,no
2026-10-05T03:57:56.323015Z,KXBTC15M-26OCT050000-00,0.0100,20.00,no
2026-10-05T03:57:56.323015Z,KXBTC15M-26OCT050000-00,0.0100,5.63,no
2026-10-05T03:57:56.323015Z,KXBTC15M-26OCT050000-00,0.0100,2.71,no
2026-10-05T03:57:56.323015Z,KXBTC15M-26OCT050000-00,0.0100,10.93,no
2026-10-05T03:57:56.323015Z,KXBTC15M-26OCT050000-00,0.0100,59.19,no
2026-10-05T03:57:56.323015Z,KXBTC15M-26OCT050000-00,0.0100,32.76,no
2026-10-05T03:57:56.323015Z,KXBTC15M-26OCT050000-00,0.0100,13.10,no
2026-10-05T03:57:56.323015Z,KXBTC15M-26OCT050000-00,0.0100,6.55,no
2026-10-05T03:57:56.323015Z,KXBTC15M-26OCT050000-00,0.0100,2620.80,no
2026-10-05T03:57:56.323015Z,KXBTC15M-26OCT050000-00,0.0100,14.58,no
2026-10-05T03:57:56.323015Z,KXBTC15M-26OCT050000-00,0.0100,400.00,no
2026-10-05T03:57:56.323015Z,KXBTC15M-26OCT050000-00,0.0100,64.40,no
2026-10-05T03:57:56.323015Z,KXBTC15M-26OCT050000-00,0.0100,1.00,no
2026-10-05T03:57:56.323015Z,KXBTC15M-26OCT050000-00,0.0100,13.80,no
2026-10-05T03:57:56.323015Z,KXBTC15M-26OCT050000-00,0.0100,0.25,no
2026-10-05T03:57:56.323015Z,KXBTC15M-26OCT050000-00,0.0100,2.09,no
2026-10-05T03:57:56.323015Z,KXBTC15M-26OCT050000-00,0.0100,14.18,no
2026-10-05T03:57:56.323015Z,KXBTC15M-26OCT050000-00,0.0100,14.38,no
2026-10-05T03:57:56.323015Z,KXBTC15M-26OCT050000-00,0.0100,1.47,no
2026-10-05T03:57:56.323015Z,KXBTC15M-26OCT050000-00,0.0100,27.42,no
2026-10-05T03:57:56.323015Z,KXBTC15M-26OCT050000-00,0.0100,6.93,no
2026-10-05T03:57:56.323015Z,KXBTC15M-26OCT050000-00,0.0100,14.79,no
2026-10-05T03:57:56.323015Z,KXBTC15M-26OCT050000-00,0.0100,36.99,no
2026-10-05T03:57:56.323015Z,KXBTC15M-26OCT050000-00,0.0100,21.84,no
2026-10-05T03:57:56.323015Z,KXBTC15M-26OCT050000-00,0.0100,10.09,no
2026-10-05T03:57:56.323015Z,KXBTC15M-26OCT050000-00,0.0100,14.38,no
2026-10-05T03:57:56.323015Z,KXBTC15M-26OCT050000-00,0.0100,22.86,no
2026-10-05T03:57:56.323015Z,KXBTC15M-26OCT050000-00,0.0100,114.30,no
2026-10-05T03:57:56.323015Z,KXBTC15M-26OCT050000-00,0.0100,1.29,no
2026-10-05T03:57:56.323015Z,KXBTC15M-26OCT050000-00,0.0100,7.62,no
2026-10-05T03:57:56.323015Z,KXBTC15M-26OCT050000-00,0.0100,26.70,no
2026-10-05T03:57:56.323015Z,KXBTC15M-26OCT050000-00,0.0100,29.59,no
2026-10-05T03:57:56.323015Z,KXBTC15M-26OCT050000-00,0.0100,300.33,no
2026-10-05T03:57:56.323015Z,KXBTC15M-26OCT050000-00,0.0100,0.15,no
2026-10-05T03:57:56.323015Z,KXBTC15M-26OCT050000-00,0.0100,6.00,no
2026-10-05T03:57:56.323015Z,KXBTC15M-26OCT050000-00,0.0100,2.77,no
2026-10-05T03:57:56.323015Z,KXBTC15M-26OCT050000-00,0.0100,3.24,no
2026-10-05T03:57:56.323015Z,KXBTC15M-26OCT050000-00,0.0100,18.58,no
2026-10-05T03:57:56.323015Z,KXBTC15M-26OCT050000-00,0.0100,59.11,no
2026-10-05T03:57:56.323015Z,KXBTC15M-26OCT050000-00,0.0100,0.90,no
2026-10-05T03:57:56.323015Z,KXBTC15M-26OCT050000-00,0.0100,8.25,no
2026-10-05T03:57:56.323015Z,KXBTC15M-26OCT050000-00,0.0100,3.34,no
2026-10-05T03:57:56.323015Z,KXBTC15M-26OCT050000-00,0.0100,75.37,no
2026-10-05T03:57:56.323015Z,KXBTC15M-26OCT050000-00,0.0100,32.95,no
2026-10-05T03:57:56.323015Z,KXBTC15M-26OCT050000-00,0.0100,0.13,no
2026-10-05T03:57:56.323015Z,KXBTC15M-26OCT050000-00,0.0100,9.57,no
2026-10-05T03:57:56.323015Z,KXBTC15M-26OCT050000-00,0.0100,33.49,no
2026-10-05T03:57:56.323015Z,KXBTC15M-26OCT050000-00,0.0100,1.05,no
2026-10-05T03:57:56.323015Z,KXBTC15M-26OCT050000-00,0.0100,25.02,no
2026-10-05T03:57:56.323015Z,KXBTC15M-26OCT050000-00,0.0100,3.01,no
2026-10-05T03:57:56.323015Z,KXBTC15M-26OCT050000-00,0.0100,1.64,no
2026-10-05T03:57:56.323015Z,KXBTC15M-26OCT050000-00,0.0100,9.30,no
2026-10-05T03:57:56.323015Z,KXBTC15M-26OCT050000-00,0.0100,34.06,no
2026-10-05T03:57:56.323015Z,KXBTC15M-26OCT050000-00,0.0100,0.40,no
2026-10-05T03:57:56.323015Z,KXBTC15M-26OCT050000-00,0.0100,11.34,no
2026-10-05T03:57:56.323015Z,KXBTC15M-26OCT050000-00,0.0100,60.96,no
2026-10-05T03:57:56.323015Z,KXBTC15M-26OCT050000-00,0.0100,16.47,no
2026-10-05T03:57:56.323015Z,KXBTC15M-26OCT050000-00,0.0100,17.55,no
2026-10-05T03:57:56.323015Z,KXBTC15M-26OCT050000-00,0.0100,255.10,no
2026-10-05T03:57:56.323015Z,KXBTC15M-26OCT050000-00,0.0100,45.39,no
2026-10-05T03:57:56.327862Z,KXBTC15M-26OCT050000-00,0.0110,0.88,yes
2026-10-05T03:57:56.344645Z,KXBTC15M-26OCT050000-00,0.0110,0.01,yes
2026-10-05T03:57:56.344645Z,KXBTC15M-26OCT050000-00,0.0110,52.02,yes
2026-10-05T03:57:56.34527Z,KXBTC15M-26OCT050000-00,0.0100,0.01,no
2026-10-05T03:57:56.34527Z,KXBTC15M-26OCT050000-00,0.0100,15.00,no
2026-10-05T03:57:56.34527Z,KXBTC15M-26OCT050000-00,0.0100,3.00,no
2026-10-05T03:57:56.34527Z,KXBTC15M-26OCT050000-00,0.0100,6.00,no
2026-10-05T03:57:56.34527Z,KXBTC15M-26OCT050000-00,0.0100,100.00,no
2026-10-05T03:57:56.34527Z,KXBTC15M-26OCT050000-00,0.0100,0.01,no
2026-10-05T03:57:56.34527Z,KXBTC15M-26OCT050000-00,0.0100,25.00,no
2026-10-05T03:57:56.34527Z,KXBTC15M-26OCT050000-00,0.0100,4.62,no
2026-10-05T03:57:56.34527Z,KXBTC15M-26OCT050000-00,0.0100,45.19,no
2026-10-05T03:57:56.370262Z,KXBTC15M-26OCT050000-00,0.0110,233.96,yes
2026-10-05T03:57:56.370262Z,KXBTC15M-26OCT050000-00,0.0110,16.00,yes
2026-10-05T03:57:56.379505Z,KXBTC15M-26OCT050000-00,0.0100,50.00,no
2026-10-05T03:57:56.379505Z,KXBTC15M-26OCT050000-00,0.0100,0.01,no
2026-10-05T03:57:56.379505Z,KXBTC15M-26OCT050000-00,0.0100,655.35,no
2026-10-05T03:57:56.379505Z,KXBTC15M-26OCT050000-00,0.0100,0.01,no
2026-10-05T03:57:56.379935Z,KXBTC15M-26OCT050000-00,0.0110,35.66,yes
2026-10-05T03:57:56.446401Z,KXBTC15M-26OCT050000-00,0.0100,5.31,yes
2026-10-05T03:57:56.459104Z,KXBTC15M-26OCT050000-00,0.0100,14.76,yes
2026-10-05T03:57:56.460775Z,KXBTC15M-26OCT050000-00,0.0100,10.25,yes
2026-10-05T03:57:56.460775Z,KXBTC15M-26OCT050000-00,0.0100,0.01,yes
2026-10-05T03:57:56.460775Z,KXBTC15M-26OCT050000-00,0.0100,0.01,yes
2026-10-05T03:57:56.460775Z,KXBTC15M-26OCT050000-00,0.0100,29.93,yes
2026-10-05T03:57:56.479046Z,KXBTC15M-26OCT050000-00,0.0100,134.30,yes
2026-10-05T03:57:56.479046Z,KXBTC15M-26OCT050000-00,0.0100,5.75,yes
2026-10-05T03:57:56.479046Z,KXBTC15M-26OCT050000-00,0.0100,15.00,yes
2026-10-05T03:57:56.479046Z,KXBTC15M-26OCT050000-00,0.0100,15.00,yes
2026-10-05T03:57:56.488122Z,KXBTC15M-26OCT050000-00,0.0100,196.40,yes
2026-10-05T03:57:56.492872Z,KXBTC15M-26OCT050000-00,0.0100,25.00,yes
2026-10-05T03:57:56.510902Z,KXBTC15M-26OCT050000-00,0.0100,42.79,yes
2026-10-05T03:57:56.534476Z,KXBTC15M-26OCT050000-00,0.0100,0.01,yes
2026-10-05T03:57:56.534476Z,KXBTC15M-26OCT050000-00,0.0100,0.01,yes
2026-10-05T03:57:56.534476Z,KXBTC15M-26OCT050000-00,0.0100,5.75,yes
2026-10-05T03:57:56.534476Z,KXBTC15M-26OCT050000-00,0.0100,54.47,yes
2026-10-05T03:57:56.534476Z,KXBTC15M-26OCT050000-00,0.0100,10.25,yes
2026-10-05T03:57:56.534476Z,KXBTC15M-26OCT050000-00,0.0100,200.00,yes
2026-10-05T03:57:56.534476Z,KXBTC15M-26OCT050000-00,0.0100,50.00,yes
2026-10-05T03:57:56.534476Z,KXBTC15M-26OCT050000-00,0.0100,1.51,yes
2026-10-05T03:57:56.534485Z,KXBTC15M-26OCT050000-00,0.0100,72.56,yes
2026-10-05T03:57:56.540248Z,KXBTC15M-26OCT050000-00,0.0100,34.00,yes
2026-10-05T03:57:56.554282Z,KXBTC15M-26OCT050000-00,0.0100,50.00,yes
2026-10-05T03:57:56.554282Z,KXBTC15M-26OCT050000-00,0.0100,16.00,yes
2026-10-05T03:57:56.554282Z,KXBTC15M-26OCT050000-00,0.0100,0.01,yes
2026-10-05T03:57:56.554282Z,KXBTC15M-26OCT050000-00,0.0110,314.09,yes
2026-10-05T03:57:56.554282Z,KXBTC15M-26OCT050000-00,0.0100,0.01,yes
2026-10-05T03:57:56.554282Z,KXBTC15M-26OCT050000-00,0.0110,45.00,yes
2026-10-05T03:57:56.560795Z,KXBTC15M-26OCT050000-00,0.0100,50.00,no
2026-10-05T03:57:56.565113Z,KXBTC15M-26OCT050000-00,0.0110,50.00,yes
2026-10-05T03:57:56.579815Z,KXBTC15M-26OCT050000-00,0.0110,191.10,yes
2026-10-05T03:57:56.579815Z,KXBTC15M-26OCT050000-00,0.0110,16.00,yes
2026-10-05T03:57:56.579815Z,KXBTC15M-26OCT050000-00,0.0110,235.91,yes
2026-10-05T03:57:56.579815Z,KXBTC15M-26OCT050000-00,0.0110,0.01,yes
2026-10-05T03:57:56.579815Z,KXBTC15M-26OCT050000-00,0.0110,25.00,yes
2026-10-05T03:57:56.579815Z,KXBTC15M-26OCT050000-00,0.0110,0.01,yes
2026-10-05T03:57:56.583244Z,KXBTC15M-26OCT050000-00,0.0110,249.96,yes
2026-10-05T03:57:56.60036Z,KXBTC15M-26OCT050000-00,0.0100,0.02,no
2026-10-05T03:57:56.607531Z,KXBTC15M-26OCT050000-00,0.0110,16.00,yes
2026-10-05T03:57:56.607531Z,KXBTC15M-26OCT050000-00,0.0110,400.00,yes
2026-10-05T03:57:56.607531Z,KXBTC15M-26OCT050000-00,0.0110,0.01,yes
2026-10-05T03:57:56.607531Z,KXBTC15M-26OCT050000-00,0.0110,1.00,yes
2026-10-05T03:57:56.607531Z,KXBTC15M-26OCT050000-00,0.0110,558.94,yes
2026-10-05T03:57:56.607531Z,KXBTC15M-26OCT050000-00,0.0110,0.01,yes
2026-10-05T03:57:56.607531Z,KXBTC15M-26OCT050000-00,0.0110,1.00,yes
2026-10-05T03:57:56.607531Z,KXBTC15M-26OCT050000-00,0.0120,41.93,yes
2026-10-05T03:57:56.607531Z,KXBTC15M-26OCT050000-00,0.0120,69.11,yes
2026-10-05T03:57:56.607531Z,KXBTC15M-26OCT050000-00,0.0120,345.77,yes
2026-10-05T03:57:56.607531Z,KXBTC15M-26OCT050000-00,0.0120,166.23,yes
2026-10-05T03:57:56.613928Z,KXBTC15M-26OCT050000-00,0.0110,17.30,yes
2026-10-05T03:57:56.619063Z,KXBTC15M-26OCT050000-00,0.0100,25.00,no
2026-10-05T03:57:56.623711Z,KXBTC15M-26OCT050000-00,0.0110,0.02,yes
2026-10-05T03:57:56.626274Z,KXBTC15M-26OCT050000-00,0.0110,101.65,yes
2026-10-05T03:57:56.630535Z,KXBTC15M-26OCT050000-00,0.0090,12.15,no
2026-10-05T03:57:56.630535Z,KXBTC15M-26OCT050000-00,0.0100,24.98,no
2026-10-05T03:57:56.630535Z,KXBTC15M-26OCT050000-00,0.0100,0.01,no
2026-10-05T03:57:56.630535Z,KXBTC15M-26OCT050000-00,0.0100,0.01,no
2026-10-05T03:57:56.645597Z,KXBTC15M-26OCT050000-00,0.0100,1.00,no
2026-10-05T03:57:56.674525Z,KXBTC15M-26OCT050000-00,0.0070,1280.00,no
2026-10-05T03:57:56.674525Z,KXBTC15M-26OCT050000-00,0.0070,21.80,no
2026-10-05T03:57:56.674525Z,KXBTC15M-26OCT050000-00,0.0070,1280.00,no
2026-10-05T03:57:56.674525Z,KXBTC15M-26OCT050000-00,0.0090,107.85,no
2026-10-05T03:57:56.674525Z,KXBTC15M-26OCT050000-00,0.0080,120.00,no
2026-10-05T03:57:56.674525Z,KXBTC15M-26OCT050000-00,0.0090,200.00,no
2026-10-05T03:57:56.674525Z,KXBTC15M-26OCT050000-00,0.0100,0.01,no
2026-10-05T03:57:56.674525Z,KXBTC15M-26OCT050000-00,0.0090,15.00,no
2026-10-05T03:57:56.674525Z,KXBTC15M-26OCT050000-00,0.0080,200.00,no
2026-10-05T03:57:56.674525Z,KXBTC15M-26OCT050000-00,0.0080,2.00,no
2026-10-05T03:57:56.674525Z,KXBTC15M-26OCT050000-00,0.0090,0.01,no
2026-10-05T03:57:56.674525Z,KXBTC15M-26OCT050000-00,0.0100,50.00,no
2026-10-05T03:57:56.674525Z,KXBTC15M-26OCT050000-00,0.0090,750.00,no
2026-10-05T03:57:56.674525Z,KXBTC15M-26OCT050000-00,0.0080,17.00,no
2026-10-05T03:57:56.674525Z,KXBTC15M-26OCT050000-00,0.0100,0.01,no
2026-10-05T03:57:56.674525Z,KXBTC15M-26OCT050000-00,0.0100,674.00,no
2026-10-05T03:57:56.674525Z,KXBTC15M-26OCT050000-00,0.0090,15.00,no
2026-10-05T03:57:56.674525Z,KXBTC15M-26OCT050000-00,0.0100,1.00,no
2026-10-05T03:57:56.674525Z,KXBTC15M-26OCT050000-00,0.0090,245.00,no
2026-10-05T03:57:56.674525Z,KXBTC15M-26OCT050000-00,0.0080,2.00,no
2026-10-05T03:57:56.674525Z,KXBTC15M-26OCT050000-00,0.0080,53.00,no
2026-10-05T03:57:56.691862Z,KXBTC15M-26OCT050000-00,0.0110,0.01,yes
2026-10-05T03:57:56.691862Z,KXBTC15M-26OCT050000-00,0.0110,12.15,yes
2026-10-05T03:57:56.691862Z,KXBTC15M-26OCT050000-00,0.0110,16.00,yes
2026-10-05T03:57:56.691862Z,KXBTC15M-26OCT050000-00,0.0110,107.85,yes
2026-10-05T03:57:56.691862Z,KXBTC15M-26OCT050000-00,0.0110,40.00,yes
2026-10-05T03:57:56.691862Z,KXBTC15M-26OCT050000-00,0.0110,0.01,yes
2026-10-05T03:57:56.691862Z,KXBTC15M-26OCT050000-00,0.0110,1.00,yes
2026-10-05T03:57:56.691862Z,KXBTC15M-26OCT050000-00,0.0120,27.05,yes
2026-10-05T03:57:56.718944Z,KXBTC15M-26OCT050000-00,0.0110,159.57,yes
2026-10-05T03:57:56.721702Z,KXBTC15M-26OCT050000-00,0.0110,425.11,yes
2026-10-05T03:57:56.729442Z,KXBTC15M-26OCT050000-00,0.0110,102.11,yes
2026-10-05T03:57:56.73444Z,KXBTC15M-26OCT050000-00,0.0100,0.01,no
2026-10-05T03:57:56.73444Z,KXBTC15M-26OCT050000-00,0.0100,50.00,no
2026-10-05T03:57:56.73444Z,KXBTC15M-26OCT050000-00,0.0100,201.99,no
2026-10-05T03:57:56.74654Z,KXBTC15M-26OCT050000-00,0.0110,11.23,yes
2026-10-05T03:57:56.763868Z,KXBTC15M-26OCT050000-00,0.0090,22.95,no
2026-10-05T03:57:56.763868Z,KXBTC15M-26OCT050000-00,0.0100,50.00,no
2026-10-05T03:57:56.763868Z,KXBTC15M-26OCT050000-00,0.0100,0.01,no
2026-10-05T03:57:56.763868Z,KXBTC15M-26OCT050000-00,0.0100,0.01,no
2026-10-05T03:57:56.763868Z,KXBTC15M-26OCT050000-00,0.0100,130.67,no
2026-10-05T03:57:56.767884Z,KXBTC15M-26OCT050000-00,0.0110,0.85,yes
2026-10-05T03:57:56.776727Z,KXBTC15M-26OCT050000-00,0.0110,40.19,yes
2026-10-05T03:57:56.839916Z,KXBTC15M-26OCT050000-00,0.0100,70.00,yes
2026-10-05T03:57:56.839916Z,KXBTC15M-26OCT050000-00,0.0100,50.00,yes
2026-10-05T03:57:56.839916Z,KXBTC15M-26OCT050000-00,0.0100,131.71,yes
2026-10-05T03:57:56.839916Z,KXBTC15M-26OCT050000-00,0.0100,70.00,yes
2026-10-05T03:57:56.839916Z,KXBTC15M-26OCT050000-00,0.0100,70.00,yes
2026-10-05T03:57:56.839916Z,KXBTC15M-26OCT050000-00,0.0100,0.01,yes
2026-10-05T03:57:56.839916Z,KXBTC15M-26OCT050000-00,0.0100,70.00,yes
2026-10-05T03:57:56.839916Z,KXBTC15M-26OCT050000-00,0.0100,70.00,yes
2026-10-05T03:57:56.839916Z,KXBTC15M-26OCT050000-00,0.0100,0.01,yes
2026-10-05T03:57:56.847733Z,KXBTC15M-26OCT050000-00,0.0100,22.77,yes
2026-10-05T03:57:56.875464Z,KXBTC15M-26OCT050000-00,0.0090,0.01,no
2026-10-05T03:57:56.875464Z,KXBTC15M-26OCT050000-00,0.0080,0.14,no
2026-10-05T03:57:56.908394Z,KXBTC15M-26OCT050000-00,0.0080,8.10,no
2026-10-05T03:57:56.94313Z,KXBTC15M-26OCT050000-00,0.0080,0.01,no
2026-10-05T03:57:56.94313Z,KXBTC15M-26OCT050000-00,0.0080,15.00,no
2026-10-05T03:57:56.946228Z,KXBTC15M-26OCT050000-00,0.0080,0.01,no
2026-10-05T03:57:56.961711Z,KXBTC15M-26OCT050000-00,0.0090,0.01,yes
2026-10-05T03:57:56.961711Z,KXBTC15M-26OCT050000-00,0.0080,0.01,yes
2026-10-05T03:57:56.961711Z,KXBTC15M-26OCT050000-00,0.0080,0.01,yes
2026-10-05T03:57:56.961711Z,KXBTC15M-26OCT050000-00,0.0090,84.99,yes
2026-10-05T03:57:56.96335Z,KXBTC15M-26OCT050000-00,0.0070,104.00,no
2026-10-05T03:57:56.970262Z,KXBTC15M-26OCT050000-00,0.0080,7.40,yes
2026-10-05T03:57:56.976761Z,KXBTC15M-26OCT050000-00,0.0070,16.00,no
2026-10-05T03:57:56.978275Z,KXBTC15M-26OCT050000-00,0.0080,50.68,yes
2026-10-05T03:57:56.986817Z,KXBTC15M-26OCT050000-00,0.0080,6.07,yes
2026-10-05T03:57:56.986817Z,KXBTC15M-26OCT050000-00,0.0080,0.01,yes
2026-10-05T03:57:56.986817Z,KXBTC15M-26OCT050000-00,0.0080,0.01,yes
2026-10-05T03:57:56.992067Z,KXBTC15M-26OCT050000-00,0.0070,40.00,no
2026-10-05T03:57:56.99265Z,KXBTC15M-26OCT050000-00,0.0080,8.93,yes
2026-10-05T03:57:56.99265Z,KXBTC15M-26OCT050000-00,0.0080,0.01,yes
2026-10-05T03:57:56.99265Z,KXBTC15M-26OCT050000-00,0.0080,104.00,yes
2026-10-05T03:57:56.99265Z,KXBTC15M-26OCT050000-00,0.0080,0.01,yes
2026-10-05T03:57:56.99265Z,KXBTC15M-26OCT050000-00,0.0090,14.58,yes
2026-10-05T03:57:57.008222Z,KXBTC15M-26OCT050000-00,0.0070,215.00,no
2026-10-05T03:57:57.021137Z,KXBTC15M-26OCT050000-00,0.0090,23.24,yes
2026-10-05T03:57:57.021137Z,KXBTC15M-26OCT050000-00,0.0080,16.00,yes
2026-10-05T03:57:57.021137Z,KXBTC15M-26OCT050000-00,0.0080,40.00,yes
2026-10-05T03:57:57.021137Z,KXBTC15M-26OCT050000-00,0.0080,0.01,yes
2026-10-05T03:57:57.021137Z,KXBTC15M-26OCT050000-00,0.0080,15.00,yes
2026-10-05T03:57:57.021137Z,KXBTC15M-26OCT050000-00,0.0080,0.01,yes
2026-10-05T03:57:57.028695Z,KXBTC15M-26OCT050000-00,0.0070,82.00,no
2026-10-05T03:57:57.045148Z,KXBTC15M-26OCT050000-00,0.0070,33.00,no
2026-10-05T03:57:57.062302Z,KXBTC15M-26OCT050000-00,0.0070,33.00,no
2026-10-05T03:57:57.077606Z,KXBTC15M-26OCT050000-00,0.0070,82.00,no
2026-10-05T03:57:57.084325Z,KXBTC15M-26OCT050000-00,0.0080,0.01,yes
2026-10-05T03:57:57.084325Z,KXBTC15M-26OCT050000-00,0.0080,0.01,yes
2026-10-05T03:57:57.084325Z,KXBTC15M-26OCT050000-00,0.0080,12.17,yes
2026-10-05T03:57:57.087396Z,KXBTC15M-26OCT050000-00,0.0070,4.08,no
2026-10-05T03:57:57.096115Z,KXBTC15M-26OCT050000-00,0.0070,215.00,no
2026-10-05T03:57:57.106235Z,KXBTC15M-26OCT050000-00,0.0080,2.83,yes
2026-10-05T03:57:57.106235Z,KXBTC15M-26OCT050000-00,0.0080,4.43,yes
2026-10-05T03:57:57.11258Z,KXBTC15M-26OCT050000-00,0.0070,165.00,no
2026-10-05T03:57:57.117357Z,KXBTC15M-26OCT050000-00,0.0070,80.79,no
2026-10-05T03:57:57.123267Z,KXBTC15M-26OCT050000-00,0.0070,0.02,no
2026-10-05T03:57:57.123301Z,KXBTC15M-26OCT050000-00,0.0070,0.02,no
2026-10-05T03:57:57.129867Z,KXBTC15M-26OCT050000-00,0.0070,66.00,no
2026-10-05T03:57:57.145622Z,KXBTC15M-26OCT050000-00,0.0070,33.00,no
2026-10-05T03:57:57.164974Z,KXBTC15M-26OCT050000-00,0.0070,841.81,no
2026-10-05T03:57:57.164974Z,KXBTC15M-26OCT050000-00,0.0070,89.29,no
2026-10-05T03:57:57.164974Z,KXBTC15M-26OCT050000-00,0.0070,120.00,no
2026-10-05T03:57:57.182211Z,KXBTC15M-26OCT050000-00,0.0080,50.00,yes
2026-10-05T03:57:57.197712Z,KXBTC15M-26OCT050000-00,0.0080,20.90,yes
2026-10-05T03:57:57.1983Z,KXBTC15M-26OCT050000-00,0.0070,47.68,no
2026-10-05T03:57:57.222509Z,KXBTC15M-26OCT050000-00,0.0080,16.20,yes
2026-10-05T03:57:57.243059Z,KXBTC15M-26OCT050000-00,0.0070,7.19,no
2026-10-05T03:57:57.24457Z,KXBTC15M-26OCT050000-00,0.0080,36.33,yes
2026-10-05T03:57:57.279003Z,KXBTC15M-26OCT050000-00,0.0080,0.01,yes
2026-10-05T03:57:57.279003Z,KXBTC15M-26OCT050000-00,0.0080,87.14,yes
2026-10-05T03:57:57.279003Z,KXBTC15M-26OCT050000-00,0.0080,0.01,yes
2026-10-05T03:57:57.279003Z,KXBTC15M-26OCT050000-00,0.0080,555.88,yes
2026-10-05T03:57:57.279003Z,KXBTC15M-26OCT050000-00,0.0080,82.00,yes
2026-10-05T03:57:57.279003Z,KXBTC15M-26OCT050000-00,0.0080,33.00,yes
2026-10-05T03:57:57.279003Z,KXBTC15M-26OCT050000-00,0.0080,15.00,yes
2026-10-05T03:57:57.279003Z,KXBTC15M-26OCT050000-00,0.0080,400.00,yes
2026-10-05T03:57:57.279003Z,KXBTC15M-26OCT050000-00,0.0080,82.00,yes
2026-10-05T03:57:57.279003Z,KXBTC15M-26OCT050000-00,0.0080,33.00,yes
2026-10-05T03:57:57.279003Z,KXBTC15M-26OCT050000-00,0.0080,1.00,yes
2026-10-05T03:57:57.286675Z,KXBTC15M-26OCT050000-00,0.0070,91.52,no
2026-10-05T03:57:57.291686Z,KXBTC15M-26OCT050000-00,0.0070,11.71,no
2026-10-05T03:57:57.327901Z,KXBTC15M-26OCT050000-00,0.0080,74.08,yes
2026-10-05T03:57:57.340569Z,KXBTC15M-26OCT050000-00,0.0080,36.08,yes
2026-10-05T03:57:57.340711Z,KXBTC15M-26OCT050000-00,0.0080,11.66,yes
2026-10-05T03:57:57.341932Z,KXBTC15M-26OCT050000-00,0.0070,34.79,no
2026-10-05T03:57:57.35638Z,KXBTC15M-26OCT050000-00,0.0080,4.08,yes
2026-10-05T03:57:57.35638Z,KXBTC15M-26OCT050000-00,0.0080,164.11,yes
2026-10-05T03:57:57.35638Z,KXBTC15M-26OCT050000-00,0.0080,60.90,yes
2026-10-05T03:57:57.368512Z,KXBTC15M-26OCT050000-00,0.0080,10.00,yes
2026-10-05T03:57:57.373689Z,KXBTC15M-26OCT050000-00,0.0080,36.33,yes
2026-10-05T03:57:57.380393Z,KXBTC15M-26OCT050000-00,0.0080,5.00,yes
2026-10-05T03:57:57.38494Z,KXBTC15M-26OCT050000-00,0.0080,3.05,yes
2026-10-05T03:57:57.395136Z,KXBTC15M-26OCT050000-00,0.0080,16.87,yes
2026-10-05T03:57:57.395136Z,KXBTC15M-26OCT050000-00,0.0080,4.72,yes
2026-10-05T03:57:57.397888Z,KXBTC15M-26OCT050000-00,0.0080,3.21,yes
2026-10-05T03:57:57.440509Z,KXBTC15M-26OCT050000-00,0.0080,0.02,yes
2026-10-05T03:57:57.447092Z,KXBTC15M-26OCT050000-00,0.0080,36.33,yes
2026-10-05T03:57:57.459538Z,KXBTC15M-26OCT050000-00,0.0080,19.00,yes
2026-10-05T03:57:57.465045Z,KXBTC15M-26OCT050000-00,0.0070,8.05,no
2026-10-05T03:57:57.48514Z,KXBTC15M-26OCT050000-00,0.0080,116.88,yes
2026-10-05T03:57:57.488642Z,KXBTC15M-26OCT050000-00,0.0080,22.69,yes
2026-10-05T03:57:57.488642Z,KXBTC15M-26OCT050000-00,0.0080,27.31,yes
2026-10-05T03:57:57.48987Z,KXBTC15M-26OCT050000-00,0.0080,113.50,yes
2026-10-05T03:57:57.49957Z,KXBTC15M-26OCT050000-00,0.0080,9.83,yes
2026-10-05T03:57:57.520022Z,KXBTC15M-26OCT050000-00,0.0070,3.01,no
2026-10-05T03:57:57.523182Z,KXBTC15M-26OCT050000-00,0.0070,2.26,no
2026-10-05T03:57:57.550683Z,KXBTC15M-26OCT050000-00,0.0080,14.36,yes
2026-10-05T03:57:57.550683Z,KXBTC15M-26OCT050000-00,0.0080,21.72,yes
2026-10-05T03:57:57.558796Z,KXBTC15M-26OCT050000-00,0.0080,89.29,yes
2026-10-05T03:57:57.558796Z,KXBTC15M-26OCT050000-00,0.0080,0.02,yes
2026-10-05T03:57:57.558796Z,KXBTC15M-26OCT050000-00,0.0080,66.00,yes
2026-10-05T03:57:57.558796Z,KXBTC15M-26OCT050000-00,0.0080,200.00,yes
2026-10-05T03:57:57.558796Z,KXBTC15M-26OCT050000-00,0.0080,54.45,yes
2026-10-05T03:57:57.558796Z,KXBTC15M-26OCT050000-00,0.0080,80.79,yes
2026-10-05T03:57:57.558796Z,KXBTC15M-26OCT050000-00,0.0080,25.96,yes
2026-10-05T03:57:57.558796Z,KXBTC15M-26OCT050000-00,0.0080,0.01,yes
2026-10-05T03:57:57.558796Z,KXBTC15M-26OCT050000-00,0.0080,1.00,yes
2026-10-05T03:57:57.558796Z,KXBTC15M-26OCT050000-00,0.0080,7.19,yes
2026-10-05T03:57:57.558796Z,KXBTC15M-26OCT050000-00,0.0080,15.00,yes
2026-10-05T03:57:57.558796Z,KXBTC15M-26OCT050000-00,0.0080,33.00,yes
2026-10-05T03:57:57.558796Z,KXBTC15M-26OCT050000-00,0.0080,0.02,yes
2026-10-05T03:57:57.564461Z,KXBTC15M-26OCT050000-00,0.0080,71.01,yes
2026-10-05T03:57:57.564461Z,KXBTC15M-26OCT050000-00,0.0080,37.07,yes
2026-10-05T03:57:57.575388Z,KXBTC15M-26OCT050000-00,0.0080,6.12,yes
2026-10-05T03:57:57.583757Z,KXBTC15M-26OCT050000-00,0.0070,1.00,no
2026-10-05T03:57:57.586674Z,KXBTC15M-26OCT050000-00,0.0080,49.42,yes
2026-10-05T03:57:57.604306Z,KXBTC15M-26OCT050000-00,0.0080,224.22,yes
2026-10-05T03:57:57.615019Z,KXBTC15M-26OCT050000-00,0.0080,49.23,yes
2026-10-05T03:57:57.615019Z,KXBTC15M-26OCT050000-00,0.0080,0.17,yes
2026-10-05T03:57:57.615019Z,KXBTC15M-26OCT050000-00,0.0080,14.94,yes
2026-10-05T03:57:57.615019Z,KXBTC15M-26OCT050000-00,0.0080,11.71,yes
2026-10-05T03:57:57.616049Z,KXBTC15M-26OCT050000-00,0.0080,16.48,yes
2026-10-05T03:57:57.616049Z,KXBTC15M-26OCT050000-00,0.0080,19.85,yes
2026-10-05T03:57:57.629162Z,KXBTC15M-26OCT050000-00,0.0080,15.00,yes
2026-10-05T03:57:57.640222Z,KXBTC15M-26OCT050000-00,0.0080,10.00,yes
2026-10-05T03:57:57.64863Z,KXBTC15M-26OCT050000-00,0.0080,10.00,yes
2026-10-05T03:57:57.653519Z,KXBTC15M-26OCT050000-00,0.0080,179.40,yes
2026-10-05T03:57:57.655766Z,KXBTC15M-26OCT050000-00,0.0070,0.02,no
2026-10-05T03:57:57.670376Z,KXBTC15M-26OCT050000-00,0.0080,29.59,yes
2026-10-05T03:57:57.682924Z,KXBTC15M-26OCT050000-00,0.0080,59.43,yes
2026-10-05T03:57:57.711283Z,KXBTC15M-26OCT050000-00,0.0080,180.10,yes
2026-10-05T03:57:57.711283Z,KXBTC15M-26OCT050000-00,0.0080,23.69,yes
2026-10-05T03:57:57.716496Z,KXBTC15M-26OCT050000-00,0.0080,11.03,yes
2026-10-05T03:57:57.731749Z,KXBTC15M-26OCT050000-00,0.0080,130.42,yes
2026-10-05T03:57:57.748811Z,KXBTC15M-26OCT050000-00,0.0080,18.00,yes
2026-10-05T03:57:57.758485Z,KXBTC15M-26OCT050000-00,0.0080,36.33,yes
2026-10-05T03:57:57.761124Z,KXBTC15M-26OCT050000-00,0.0080,116.88,yes
2026-10-05T03:57:57.76196Z,KXBTC15M-26OCT050000-00,0.0080,2.77,yes
2026-10-05T03:57:57.765814Z,KXBTC15M-26OCT050000-00,0.0080,82.08,yes
2026-10-05T03:57:57.772446Z,KXBTC15M-26OCT050000-00,0.0080,8.10,yes
2026-10-05T03:57:57.78191Z,KXBTC15M-26OCT050000-00,0.0080,116.88,yes
2026-10-05T03:57:57.802915Z,KXBTC15M-26OCT050000-00,0.0080,1.00,yes
2026-10-05T03:57:57.809235Z,KXBTC15M-26OCT050000-00,0.0080,1.93,yes
2026-10-05T03:57:57.811997Z,KXBTC15M-26OCT050000-00,0.0070,230.96,no
2026-10-05T03:57:57.811997Z,KXBTC15M-26OCT050000-00,0.0060,458.06,no
2026-10-05T03:57:57.811997Z,KXBTC15M-26OCT050000-00,0.0060,1280.00,no
2026-10-05T03:57:57.811997Z,KXBTC15M-26OCT050000-00,0.0060,50.00,no
2026-10-05T03:57:57.811997Z,KXBTC15M-26OCT050000-00,0.0070,0.01,no
2026-10-05T03:57:57.811997Z,KXBTC15M-26OCT050000-00,0.0070,15.00,no
2026-10-05T03:57:57.811997Z,KXBTC15M-26OCT050000-00,0.0070,15.00,no
2026-10-05T03:57:57.811997Z,KXBTC15M-26OCT050000-00,0.0070,1.00,no
2026-10-05T03:57:57.811997Z,KXBTC15M-26OCT050000-00,0.0070,15.00,no
2026-10-05T03:57:57.811997Z,KXBTC15M-26OCT050000-00,0.0070,0.01,no
2026-10-05T03:57:57.811997Z,KXBTC15M-26OCT050000-00,0.0070,15.00,no
2026-10-05T03:57:57.811997Z,KXBTC15M-26OCT050000-00,0.0070,15.00,no
2026-10-05T03:57:57.811997Z,KXBTC15M-26OCT050000-00,0.0070,15.00,no
2026-10-05T03:57:57.826876Z,KXBTC15M-26OCT050000-00,0.0070,36.08,yes
2026-10-05T03:57:57.843103Z,KXBTC15M-26OCT050000-00,0.0060,98.63,no
2026-10-05T03:57:57.863074Z,KXBTC15M-26OCT050000-00,0.0060,189.11,no
2026-10-05T03:57:57.863243Z,KXBTC15M-26OCT050000-00,0.0070,58.44,yes
2026-10-05T03:57:57.8736Z,KXBTC15M-26OCT050000-00,0.0060,1280.00,no
2026-10-05T03:57:57.8736Z,KXBTC15M-26OCT050000-00,0.0060,120.00,no
2026-10-05T03:57:57.8736Z,KXBTC15M-26OCT050000-00,0.0060,534.20,no
2026-10-05T03:57:57.8736Z,KXBTC15M-26OCT050000-00,0.0050,578.83,no
2026-10-05T03:57:57.8736Z,KXBTC15M-26OCT050000-00,0.0060,1230.00,no
2026-10-05T03:57:57.8736Z,KXBTC15M-26OCT050000-00,0.0060,2.00,no
2026-10-05T03:57:57.8736Z,KXBTC15M-26OCT050000-00,0.0060,0.01,no
2026-10-05T03:57:57.8736Z,KXBTC15M-26OCT050000-00,0.0060,15.00,no
2026-10-05T03:57:57.8736Z,KXBTC15M-26OCT050000-00,0.0060,20.00,no
2026-10-05T03:57:57.8736Z,KXBTC15M-26OCT050000-00,0.0060,0.01,no
2026-10-05T03:57:57.8736Z,KXBTC15M-26OCT050000-00,0.0060,1.00,no
2026-10-05T03:57:57.8736Z,KXBTC15M-26OCT050000-00,0.0060,1125.00,no
2026-10-05T03:57:57.8736Z,KXBTC15M-26OCT050000-00,0.0060,2.00,no
2026-10-05T03:57:57.877999Z,KXBTC15M-26OCT050000-00,0.0070,660.51,yes
2026-10-05T03:57:57.877999Z,KXBTC15M-26OCT050000-00,0.0070,34.00,yes
2026-10-05T03:57:57.877999Z,KXBTC15M-26OCT050000-00,0.0070,50.00,yes
2026-10-05T03:57:57.877999Z,KXBTC15M-26OCT050000-00,0.0070,255.48,yes
2026-10-05T03:57:57.877999Z,KXBTC15M-26OCT050000-00,0.0070,0.01,yes
2026-10-05T03:57:57.883195Z,KXBTC15M-26OCT050000-00,0.0070,36.33,yes
2026-10-05T03:57:57.890057Z,KXBTC15M-26OCT050000-00,0.0070,0.01,yes
2026-10-05T03:57:57.890057Z,KXBTC15M-26OCT050000-00,0.0070,15.00,yes
2026-10-05T03:57:57.890057Z,KXBTC15M-26OCT050000-00,0.0070,458.06,yes
2026-10-05T03:57:57.890057Z,KXBTC15M-26OCT050000-00,0.0070,15.00,yes
2026-10-05T03:57:57.890057Z,KXBTC15M-26OCT050000-00,0.0070,189.11,yes
2026-10-05T03:57:57.890057Z,KXBTC15M-26OCT050000-00,0.0080,341.04,yes
2026-10-05T03:57:57.890057Z,KXBTC15M-26OCT050000-00,0.0070,583.16,yes
2026-10-05T03:57:57.890057Z,KXBTC15M-26OCT050000-00,0.0070,15.00,yes
2026-10-05T03:57:57.890057Z,KXBTC15M-26OCT050000-00,0.0070,0.01,yes
2026-10-05T03:57:57.890057Z,KXBTC15M-26OCT050000-00,0.0070,1.00,yes
2026-10-05T03:57:57.890057Z,KXBTC15M-26OCT050000-00,0.0070,400.00,yes
2026-10-05T03:57:57.890057Z,KXBTC15M-26OCT050000-00,0.0070,120.00,yes
2026-10-05T03:57:57.890057Z,KXBTC15M-26OCT050000-00,0.0070,98.63,yes
2026-10-05T03:57:57.897289Z,KXBTC15M-26OCT050000-00,0.0070,0.01,yes
2026-10-05T03:57:57.897289Z,KXBTC15M-26OCT050000-00,0.0080,41.03,yes
2026-10-05T03:57:57.89772Z,KXBTC15M-26OCT050000-00,0.0080,115.94,yes
2026-10-05T03:57:57.89979Z,KXBTC15M-26OCT050000-00,0.0070,0.01,yes
2026-10-05T03:57:57.89979Z,KXBTC15M-26OCT050000-00,0.0080,299.05,yes
2026-10-05T03:57:57.901617Z,KXBTC15M-26OCT050000-00,0.0080,116.88,yes
2026-10-05T03:57:57.922252Z,KXBTC15M-26OCT050000-00,0.0070,10.00,yes
2026-10-05T03:57:57.925758Z,KXBTC15M-26OCT050000-00,0.0050,568.15,no
2026-10-05T03:57:57.925758Z,KXBTC15M-26OCT050000-00,0.0060,0.01,no
2026-10-05T03:57:57.925758Z,KXBTC15M-26OCT050000-00,0.0060,15.00,no
2026-10-05T03:57:57.925758Z,KXBTC15M-26OCT050000-00,0.0060,20.00,no
2026-10-05T03:57:57.925758Z,KXBTC15M-26OCT050000-00,0.0060,15.00,no
2026-10-05T03:57:57.925758Z,KXBTC15M-26OCT050000-00,0.0060,0.01,no
2026-10-05T03:57:57.933745Z,KXBTC15M-26OCT050000-00,0.0060,2.00,yes
2026-10-05T03:57:57.936998Z,KXBTC15M-26OCT050000-00,0.0060,11.18,yes
2026-10-05T03:57:57.944732Z,KXBTC15M-26OCT050000-00,0.0060,2.15,yes
2026-10-05T03:57:57.950364Z,KXBTC15M-26OCT050000-00,0.0050,33.00,no
2026-10-05T03:57:57.952003Z,KXBTC15M-26OCT050000-00,0.0060,36.08,yes
2026-10-05T03:57:57.952195Z,KXBTC15M-26OCT050000-00,0.0060,266.66,yes
2026-10-05T03:57:57.95459Z,KXBTC15M-26OCT050000-00,0.0060,62.85,yes
2026-10-05T03:57:57.95459Z,KXBTC15M-26OCT050000-00,0.0060,260.76,yes
2026-10-05T03:57:57.966993Z,KXBTC15M-26OCT050000-00,0.0050,82.00,no
2026-10-05T03:57:57.984696Z,KXBTC15M-26OCT050000-00,0.0050,212.00,no
2026-10-05T03:57:57.992087Z,KXBTC15M-26OCT050000-00,0.0060,2.87,yes
2026-10-05T03:57:57.99817Z,KXBTC15M-26OCT050000-00,0.0060,313.00,yes
2026-10-05T03:57:57.999657Z,KXBTC15M-26OCT050000-00,0.0060,584.42,yes
2026-10-05T03:57:57.999861Z,KXBTC15M-26OCT050000-00,0.0060,15.51,yes
2026-10-05T03:57:58.020483Z,KXBTC15M-26OCT050000-00,0.0060,36.33,yes
2026-10-05T03:57:58.03445Z,KXBTC15M-26OCT050000-00,0.0060,1.78,yes
2026-10-05T03:57:58.053801Z,KXBTC15M-26OCT050000-00,0.0060,7.55,yes
2026-10-05T03:57:58.055115Z,KXBTC15M-26OCT050000-00,0.0060,5.00,yes
2026-10-05T03:57:58.05859Z,KXBTC15M-26OCT050000-00,0.0060,7.29,yes
2026-10-05T03:57:58.062972Z,KXBTC15M-26OCT050000-00,0.0060,1168.83,yes
2026-10-05T03:57:58.077999Z,KXBTC15M-26OCT050000-00,0.0060,36.08,yes
2026-10-05T03:57:58.08312Z,KXBTC15M-26OCT050000-00,0.0050,703.52,no
2026-10-05T03:57:58.08312Z,KXBTC15M-26OCT050000-00,0.0050,526.02,no
2026-10-05T03:57:58.112176Z,KXBTC15M-26OCT050000-00,0.0050,0.02,no
2026-10-05T03:57:58.112699Z,KXBTC15M-26OCT050000-00,0.0060,0.02,yes
2026-10-05T03:57:58.113818Z,KXBTC15M-26OCT050000-00,0.0060,0.02,yes
2026-10-05T03:57:58.131028Z,KXBTC15M-26OCT050000-00,0.0060,5.00,yes
2026-10-05T03:57:58.157827Z,KXBTC15M-26OCT050000-00,0.0050,402.01,no
2026-10-05T03:57:58.162182Z,KXBTC15M-26OCT050000-00,0.0060,117.53,yes
2026-10-05T03:57:58.169277Z,KXBTC15M-26OCT050000-00,0.0060,9.85,yes
2026-10-05T03:57:58.174411Z,KXBTC15M-26OCT050000-00,0.0060,40.30,yes
2026-10-05T03:57:58.176067Z,KXBTC15M-26OCT050000-00,0.0050,0.02,no
2026-10-05T03:57:58.212317Z,KXBTC15M-26OCT050000-00,0.0060,247.95,yes
2026-10-05T03:57:58.216342Z,KXBTC15M-26OCT050000-00,0.0050,11.99,no
2026-10-05T03:57:58.224817Z,KXBTC15M-26OCT050000-00,0.0060,41.19,yes
2026-10-05T03:57:58.235072Z,KXBTC15M-26OCT050000-00,0.0060,343.36,yes
2026-10-05T03:57:58.239751Z,KXBTC15M-26OCT050000-00,0.0060,10.19,yes
2026-10-05T03:57:58.24693Z,KXBTC15M-26OCT050000-00,0.0050,151.62,no
2026-10-05T03:57:58.252571Z,KXBTC15M-26OCT050000-00,0.0060,38.07,yes
2026-10-05T03:57:58.255343Z,KXBTC15M-26OCT050000-00,0.0060,0.01,yes
2026-10-05T03:57:58.255343Z,KXBTC15M-26OCT050000-00,0.0060,184.68,yes
2026-10-05T03:57:58.255343Z,KXBTC15M-26OCT050000-00,0.0060,46.01,yes
2026-10-05T03:57:58.259243Z,KXBTC15M-26OCT050000-00,0.0060,81.28,yes
2026-10-05T03:57:58.265235Z,KXBTC15M-26OCT050000-00,0.0050,33.15,no
2026-10-05T03:57:58.288997Z,KXBTC15M-26OCT050000-00,0.0060,28.04,yes
2026-10-05T03:57:58.288997Z,KXBTC15M-26OCT050000-00,0.0060,78.94,yes
2026-10-05T03:57:58.337219Z,KXBTC15M-26OCT050000-00,0.0050,4.46,no
2026-10-05T03:57:58.365472Z,KXBTC15M-26OCT050000-00,0.0060,78.62,yes
2026-10-05T03:57:58.365472Z,KXBTC15M-26OCT050000-00,0.0060,33.00,yes
2026-10-05T03:57:58.365472Z,KXBTC15M-26OCT050000-00,0.0060,82.00,yes
2026-10-05T03:57:58.365472Z,KXBTC15M-26OCT050000-00,0.0060,15.00,yes
2026-10-05T03:57:58.365472Z,KXBTC15M-26OCT050000-00,0.0060,568.15,yes
2026-10-05T03:57:58.365472Z,KXBTC15M-26OCT050000-00,0.0060,321.06,yes
2026-10-05T03:57:58.365472Z,KXBTC15M-26OCT050000-00,0.0060,15.00,yes
2026-10-05T03:57:58.365472Z,KXBTC15M-26OCT050000-00,0.0060,56.00,yes
2026-10-05T03:57:58.383048Z,KXBTC15M-26OCT050000-00,0.0060,1.25,yes
2026-10-05T03:57:58.390441Z,KXBTC15M-26OCT050000-00,0.0060,132.13,yes
2026-10-05T03:57:58.390441Z,KXBTC15M-26OCT050000-00,0.0060,268.59,yes
2026-10-05T03:57:58.393864Z,KXBTC15M-26OCT050000-00,0.0050,469.34,no
2026-10-05T03:57:58.432687Z,KXBTC15M-26OCT050000-00,0.0060,5.00,yes
2026-10-05T03:57:58.433391Z,KXBTC15M-26OCT050000-00,0.0060,10.00,yes
2026-10-05T03:57:58.435184Z,KXBTC15M-26OCT050000-00,0.0060,21.40,yes
2026-10-05T03:57:58.50535Z,KXBTC15M-26OCT050000-00,0.0060,77.91,yes
2026-10-05T03:57:58.509278Z,KXBTC15M-26OCT050000-00,0.0060,320.62,yes
2026-10-05T03:57:58.509278Z,KXBTC15M-26OCT050000-00,0.0060,213.67,yes
2026-10-05T03:57:58.555345Z,KXBTC15M-26OCT050000-00,0.0060,311.64,yes
2026-10-05T03:57:58.557106Z,KXBTC15M-26OCT050000-00,0.0050,4.00,no
2026-10-05T03:57:58.572727Z,KXBTC15M-26OCT050000-00,0.0060,0.02,yes
2026-10-05T03:57:58.572727Z,KXBTC15M-26OCT050000-00,0.0060,263.44,yes
2026-10-05T03:57:58.572727Z,KXBTC15M-26OCT050000-00,0.0060,0.01,yes
2026-10-05T03:57:58.572727Z,KXBTC15M-26OCT050000-00,0.0060,0.71,yes
2026-10-05T03:57:58.604152Z,KXBTC15M-26OCT050000-00,0.0050,1.95,no
2026-10-05T03:57:58.613317Z,KXBTC15M-26OCT050000-00,0.0060,0.02,yes
2026-10-05T03:57:58.617647Z,KXBTC15M-26OCT050000-00,0.0050,2.24,no
2026-10-05T03:57:58.643524Z,KXBTC15M-26OCT050000-00,0.0060,5.32,yes
2026-10-05T03:57:58.665074Z,KXBTC15M-26OCT050000-00,0.0060,0.01,yes
2026-10-05T03:57:58.665074Z,KXBTC15M-26OCT050000-00,0.0060,1.00,yes
2026-10-05T03:57:58.665074Z,KXBTC15M-26OCT050000-00,0.0060,11.99,yes
2026-10-05T03:57:58.665074Z,KXBTC15M-26OCT050000-00,0.0060,0.02,yes
2026-10-05T03:57:58.665074Z,KXBTC15M-26OCT050000-00,0.0060,133.23,yes
2026-10-05T03:57:58.665074Z,KXBTC15M-26OCT050000-00,0.0060,13.13,yes
2026-10-05T03:57:58.665074Z,KXBTC15M-26OCT050000-00,0.0060,0.19,yes
2026-10-05T03:57:58.666563Z,KXBTC15M-26OCT050000-00,0.0060,8.00,yes
2026-10-05T03:57:58.687699Z,KXBTC15M-26OCT050000-00,0.0060,31.31,yes
2026-10-05T03:57:58.687699Z,KXBTC15M-26OCT050000-00,0.0060,130.49,yes
2026-10-05T03:57:58.695193Z,KXBTC15M-26OCT050000-00,0.0050,197.92,no
2026-10-05T03:57:58.697693Z,KXBTC15M-26OCT050000-00,0.0060,21.38,yes
2026-10-05T03:57:58.755873Z,KXBTC15M-26OCT050000-00,0.0050,17.76,no
2026-10-05T03:57:58.755873Z,KXBTC15M-26OCT050000-00,0.0050,982.24,no
2026-10-05T03:57:58.761532Z,KXBTC15M-26OCT050000-00,0.0060,52.86,yes
2026-10-05T03:57:58.761532Z,KXBTC15M-26OCT050000-00,0.0060,33.15,yes
2026-10-05T03:57:58.761532Z,KXBTC15M-26OCT050000-00,0.0060,72.31,yes
2026-10-05T03:57:58.761532Z,KXBTC15M-26OCT050000-00,0.0060,4.46,yes
2026-10-05T03:57:58.771836Z,KXBTC15M-26OCT050000-00,0.0050,150.00,no
2026-10-05T03:57:58.772504Z,KXBTC15M-26OCT050000-00,0.0060,128.53,yes
2026-10-05T03:57:58.786474Z,KXBTC15M-26OCT050000-00,0.0060,0.51,yes
2026-10-05T03:57:58.807429Z,KXBTC15M-26OCT050000-00,0.0050,0.02,no
2026-10-05T03:57:58.847724Z,KXBTC15M-26OCT050000-00,0.0060,41.97,yes
2026-10-05T03:57:58.851842Z,KXBTC15M-26OCT050000-00,0.0060,0.13,yes
2026-10-05T03:57:58.851842Z,KXBTC15M-26OCT050000-00,0.0060,1.39,yes
2026-10-05T03:57:58.868463Z,KXBTC15M-26OCT050000-00,0.0050,50.00,no
2026-10-05T03:57:58.941767Z,KXBTC15M-26OCT050000-00,0.0060,71.95,yes
2026-10-05T03:57:58.950486Z,KXBTC15M-26OCT050000-00,0.0060,12.21,yes
2026-10-05T03:57:58.954297Z,KXBTC15M-26OCT050000-00,0.0060,314.45,yes
2026-10-05T03:57:58.954297Z,KXBTC15M-26OCT050000-00,0.0060,11.13,yes
2026-10-05T03:57:58.981071Z,KXBTC15M-26OCT050000-00,0.0060,0.02,yes
2026-10-05T03:57:59.012555Z,KXBTC15M-26OCT050000-00,0.0060,3.85,yes
2026-10-05T03:57:59.012555Z,KXBTC15M-26OCT050000-00,0.0060,113.03,yes
2026-10-05T03:57:59.02747Z,KXBTC15M-26OCT050000-00,0.0060,31.42,yes
2026-10-05T03:57:59.035205Z,KXBTC15M-26OCT050000-00,0.0060,100.00,yes
2026-10-05T03:57:59.039689Z,KXBTC15M-26OCT050000-00,0.0060,74.83,yes
2026-10-05T03:57:59.0586Z,KXBTC15M-26OCT050000-00,0.0060,40.00,yes
2026-10-05T03:57:59.077455Z,KXBTC15M-26OCT050000-00,0.0060,1.00,yes
2026-10-05T03:57:59.077455Z,KXBTC15M-26OCT050000-00,0.0060,2.24,yes
2026-10-05T03:57:59.077455Z,KXBTC15M-26OCT050000-00,0.0060,4.00,yes
2026-10-05T03:57:59.077455Z,KXBTC15M-26OCT050000-00,0.0060,0.01,yes
2026-10-05T03:57:59.077455Z,KXBTC15M-26OCT050000-00,0.0060,254.60,yes
2026-10-05T03:57:59.077455Z,KXBTC15M-26OCT050000-00,0.0060,1.95,yes
2026-10-05T03:57:59.077455Z,KXBTC15M-26OCT050000-00,0.0060,110.06,yes
2026-10-05T03:57:59.077455Z,KXBTC15M-26OCT050000-00,0.0060,17.76,yes
2026-10-05T03:57:59.077455Z,KXBTC15M-26OCT050000-00,0.0060,197.92,yes
2026-10-05T03:57:59.077455Z,KXBTC15M-26OCT050000-00,0.0060,174.00,yes
2026-10-05T03:57:59.111403Z,KXBTC15M-26OCT050000-00,0.0060,31.16,yes
2026-10-05T03:57:59.130719Z,KXBTC15M-26OCT050000-00,0.0060,118.00,yes
2026-10-05T03:57:59.167057Z,KXBTC15M-26OCT050000-00,0.0060,117.59,yes
2026-10-05T03:57:59.176671Z,KXBTC15M-26OCT050000-00,0.0060,350.04,yes
2026-10-05T03:57:59.180613Z,KXBTC15M-26OCT050000-00,0.0060,9.34,yes
2026-10-05T03:57:59.204859Z,KXBTC15M-26OCT050000-00,0.0060,51.35,yes
2026-10-05T03:57:59.237127Z,KXBTC15M-26OCT050000-00,0.0060,400.00,yes
2026-10-05T03:57:59.237127Z,KXBTC15M-26OCT050000-00,0.0060,810.06,yes
2026-10-05T03:57:59.237127Z,KXBTC15M-26OCT050000-00,0.0060,98.00,yes
2026-10-05T03:57:59.237127Z,KXBTC15M-26OCT050000-00,0.0060,50.16,yes
2026-10-05T03:57:59.237127Z,KXBTC15M-26OCT050000-00,0.0060,150.00,yes
2026-10-05T03:57:59.237127Z,KXBTC15M-26OCT050000-00,0.0060,50.00,yes
2026-10-05T03:57:59.237127Z,KXBTC15M-26OCT050000-00,0.0060,0.02,yes
2026-10-05T03:57:59.254851Z,KXBTC15M-26OCT050000-00,0.0060,17.47,yes
2026-10-05T03:57:59.257377Z,KXBTC15M-26OCT050000-00,0.0050,1.00,no
2026-10-05T03:57:59.257894Z,KXBTC15M-26OCT050000-00,0.0060,7.36,yes
2026-10-05T03:57:59.26433Z,KXBTC15M-26OCT050000-00,0.0050,25.86,no
2026-10-05T03:57:59.265075Z,KXBTC15M-26OCT050000-00,0.0060,247.14,yes
2026-10-05T03:57:59.267617Z,KXBTC15M-26OCT050000-00,0.0060,34.28,yes
2026-10-05T03:57:59.273034Z,KXBTC15M-26OCT050000-00,0.0050,3.00,no
2026-10-05T03:57:59.279603Z,KXBTC15M-26OCT050000-00,0.0060,30.27,yes
2026-10-05T03:57:59.29187Z,KXBTC15M-26OCT050000-00,0.0050,0.02,no
2026-10-05T03:57:59.299015Z,KXBTC15M-26OCT050000-00,0.0060,65.52,yes
2026-10-05T03:57:59.316117Z,KXBTC15M-26OCT050000-00,0.0060,311.64,yes
2026-10-05T03:57:59.345847Z,KXBTC15M-26OCT050000-00,0.0060,3.46,yes
2026-10-05T03:57:59.367025Z,KXBTC15M-26OCT050000-00,0.0050,239.61,no
2026-10-05T03:57:59.372216Z,KXBTC15M-26OCT050000-00,0.0060,35.46,yes
2026-10-05T03:57:59.3749Z,KXBTC15M-26OCT050000-00,0.0060,119.68,yes
2026-10-05T03:57:59.407794Z,KXBTC15M-26OCT050000-00,0.0060,2325.55,yes
2026-10-05T03:57:59.413691Z,KXBTC15M-26OCT050000-00,0.0050,90.00,no
2026-10-05T03:57:59.416454Z,KXBTC15M-26OCT050000-00,0.0050,41.97,no
2026-10-05T03:57:59.42436Z,KXBTC15M-26OCT050000-00,0.0060,126.10,yes
2026-10-05T03:57:59.425269Z,KXBTC15M-26OCT050000-00,0.0050,416.28,no
2026-10-05T03:57:59.425269Z,KXBTC15M-26OCT050000-00,0.0050,43.72,no
2026-10-05T03:57:59.447022Z,KXBTC15M-26OCT050000-00,0.0060,16.72,yes
2026-10-05T03:57:59.478625Z,KXBTC15M-26OCT050000-00,0.0060,8.10,yes
2026-10-05T03:57:59.496365Z,KXBTC15M-26OCT050000-00,0.0070,1199.68,yes
2026-10-05T03:57:59.496365Z,KXBTC15M-26OCT050000-00,0.0060,841.19,yes
2026-10-05T03:57:59.496365Z,KXBTC15M-26OCT050000-00,0.0060,0.02,yes
2026-10-05T03:57:59.496365Z,KXBTC15M-26OCT050000-00,0.0060,0.01,yes
2026-10-05T03:57:59.496365Z,KXBTC15M-26OCT050000-00,0.0060,15.00,yes
2026-10-05T03:57:59.496365Z,KXBTC15M-26OCT050000-00,0.0060,98.00,yes
2026-10-05T03:57:59.496365Z,KXBTC15M-26OCT050000-00,0.0060,400.00,yes
2026-10-05T03:57:59.496365Z,KXBTC15M-26OCT050000-00,0.0060,416.28,yes
2026-10-05T03:57:59.496365Z,KXBTC15M-26OCT050000-00,0.0060,90.00,yes
2026-10-05T03:57:59.496365Z,KXBTC15M-26OCT050000-00,0.0060,25.86,yes
2026-10-05T03:57:59.496365Z,KXBTC15M-26OCT050000-00,0.0060,1.00,yes
2026-10-05T03:57:59.496365Z,KXBTC15M-26OCT050000-00,0.0060,239.61,yes
2026-10-05T03:57:59.496365Z,KXBTC15M-26OCT050000-00,0.0060,43.72,yes
2026-10-05T03:57:59.496365Z,KXBTC15M-26OCT050000-00,0.0060,0.01,yes
2026-10-05T03:57:59.496365Z,KXBTC15M-26OCT050000-00,0.0060,0.21,yes
2026-10-05T03:57:59.496365Z,KXBTC15M-26OCT050000-00,0.0060,1.00,yes
2026-10-05T03:57:59.496365Z,KXBTC15M-26OCT050000-00,0.0060,3.00,yes
2026-10-05T03:57:59.496365Z,KXBTC15M-26OCT050000-00,0.0060,41.97,yes
2026-10-05T03:57:59.496365Z,KXBTC15M-26OCT050000-00,0.0060,175.00,yes
2026-10-05T03:57:59.51755Z,KXBTC15M-26OCT050000-00,0.0070,20.32,yes
2026-10-05T03:57:59.51755Z,KXBTC15M-26OCT050000-00,0.0070,14.60,yes
2026-10-05T03:57:59.518007Z,KXBTC15M-26OCT050000-00,0.0050,584.17,no
2026-10-05T03:57:59.518007Z,KXBTC15M-26OCT050000-00,0.0060,0.01,no
2026-10-05T03:57:59.518007Z,KXBTC15M-26OCT050000-00,0.0060,0.01,no
2026-10-05T03:57:59.518007Z,KXBTC15M-26OCT050000-00,0.0060,70.00,no
2026-10-05T03:57:59.533438Z,KXBTC15M-26OCT050000-00,0.0070,21.03,yes
2026-10-05T03:57:59.533438Z,KXBTC15M-26OCT050000-00,0.0060,15.00,yes
2026-10-05T03:57:59.585763Z,KXBTC15M-26OCT050000-00,0.0050,362.33,no
2026-10-05T03:57:59.585763Z,KXBTC15M-26OCT050000-00,0.0060,70.00,no
2026-10-05T03:57:59.585763Z,KXBTC15M-26OCT050000-00,0.0060,70.00,no
2026-10-05T03:57:59.656823Z,KXBTC15M-26OCT050000-00,0.0060,4.68,yes
2026-10-05T03:57:59.6634Z,KXBTC15M-26OCT050000-00,0.0050,75.37,no
2026-10-05T03:57:59.67344Z,KXBTC15M-26OCT050000-00,0.0050,74.34,no
2026-10-05T03:57:59.674096Z,KXBTC15M-26OCT050000-00,0.0060,1.00,yes
2026-10-05T03:57:59.710866Z,KXBTC15M-26OCT050000-00,0.0050,12.05,no
2026-10-05T03:57:59.741016Z,KXBTC15M-26OCT050000-00,0.0060,6.38,yes
2026-10-05T03:57:59.778489Z,KXBTC15M-26OCT050000-00,0.0070,498.57,yes
2026-10-05T03:57:59.778489Z,KXBTC15M-26OCT050000-00,0.0070,0.19,yes
2026-10-05T03:57:59.778489Z,KXBTC15M-26OCT050000-00,0.0070,311.34,yes
2026-10-05T03:57:59.778489Z,KXBTC15M-26OCT050000-00,0.0060,0.01,yes
2026-10-05T03:57:59.778489Z,KXBTC15M-26OCT050000-00,0.0060,0.01,yes
2026-10-05T03:57:59.778489Z,KXBTC15M-26OCT050000-00,0.0060,74.34,yes
2026-10-05T03:57:59.778489Z,KXBTC15M-26OCT050000-00,0.0060,75.37,yes
2026-10-05T03:57:59.778489Z,KXBTC15M-26OCT050000-00,0.0060,1.00,yes
2026-10-05T03:57:59.778489Z,KXBTC15M-26OCT050000-00,0.0060,350.27,yes
2026-10-05T03:57:59.778489Z,KXBTC15M-26OCT050000-00,0.0060,400.00,yes
2026-10-05T03:57:59.778489Z,KXBTC15M-26OCT050000-00,0.0060,15.00,yes
2026-10-05T03:57:59.795264Z,KXBTC15M-26OCT050000-00,0.0050,0.02,no
2026-10-05T03:57:59.79602Z,KXBTC15M-26OCT050000-00,0.0070,93.19,yes
2026-10-05T03:57:59.79602Z,KXBTC15M-26OCT050000-00,0.0060,15.00,yes
2026-10-05T03:57:59.800221Z,KXBTC15M-26OCT050000-00,0.0050,242.53,no
2026-10-05T03:57:59.841695Z,KXBTC15M-26OCT050000-00,0.0070,53.00,yes
2026-10-05T03:57:59.841695Z,KXBTC15M-26OCT050000-00,0.0070,875.47,yes
2026-10-05T03:57:59.841695Z,KXBTC15M-26OCT050000-00,0.0070,50.00,yes
2026-10-05T03:57:59.841695Z,KXBTC15M-26OCT050000-00,0.0060,0.01,yes
2026-10-05T03:57:59.841695Z,KXBTC15M-26OCT050000-00,0.0060,12.05,yes
2026-10-05T03:57:59.841695Z,KXBTC15M-26OCT050000-00,0.0060,0.01,yes
2026-10-05T03:57:59.841695Z,KXBTC15M-26OCT050000-00,0.0070,33.61,yes
2026-10-05T03:57:59.842108Z,KXBTC15M-26OCT050000-00,0.0050,8.81,no
2026-10-05T03:57:59.870405Z,KXBTC15M-26OCT050000-00,0.0070,88.29,yes
2026-10-05T03:57:59.88855Z,KXBTC15M-26OCT050000-00,0.0070,0.02,yes
2026-10-05T03:57:59.890123Z,KXBTC15M-26OCT050000-00,0.0070,0.02,yes
2026-10-05T03:57:59.892449Z,KXBTC15M-26OCT050000-00,0.0070,12.14,yes
2026-10-05T03:57:59.900587Z,KXBTC15M-26OCT050000-00,0.0070,55.46,yes
2026-10-05T03:57:59.900587Z,KXBTC15M-26OCT050000-00,0.0070,131.92,yes
2026-10-05T03:57:59.904387Z,KXBTC15M-26OCT050000-00,0.0070,0.02,yes
2026-10-05T03:57:59.916576Z,KXBTC15M-26OCT050000-00,0.0070,50.38,yes
2026-10-05T03:57:59.93985Z,KXBTC15M-26OCT050000-00,0.0070,9.48,yes
2026-10-05T03:57:59.944991Z,KXBTC15M-26OCT050000-00,0.0050,411.29,no
2026-10-05T03:57:59.944991Z,KXBTC15M-26OCT050000-00,0.0060,0.01,no
2026-10-05T03:57:59.944991Z,KXBTC15M-26OCT050000-00,0.0060,2.00,no
2026-10-05T03:57:59.944991Z,KXBTC15M-26OCT050000-00,0.0060,2.00,no
2026-10-05T03:57:59.944991Z,KXBTC15M-26OCT050000-00,0.0060,200.00,no
2026-10-05T03:57:59.944991Z,KXBTC15M-26OCT050000-00,0.0060,70.00,no
2026-10-05T03:57:59.944991Z,KXBTC15M-26OCT050000-00,0.0060,0.01,no
2026-10-05T03:57:59.962054Z,KXBTC15M-26OCT050000-00,0.0070,117.16,yes
2026-10-05T03:57:59.962054Z,KXBTC15M-26OCT050000-00,0.0070,1.00,yes
2026-10-05T03:57:59.962054Z,KXBTC15M-26OCT050000-00,0.0070,400.00,yes
2026-10-05T03:57:59.962054Z,KXBTC15M-26OCT050000-00,0.0070,13.00,yes
2026-10-05T03:57:59.962054Z,KXBTC15M-26OCT050000-00,0.0070,0.01,yes
2026-10-05T03:57:59.962054Z,KXBTC15M-26OCT050000-00,0.0070,468.83,yes
2026-10-05T03:57:59.96912Z,KXBTC15M-26OCT050000-00,0.0070,15.72,yes
2026-10-05T03:57:59.985884Z,KXBTC15M-26OCT050000-00,0.0060,0.02,no
2026-10-05T03:57:59.986428Z,KXBTC15M-26OCT050000-00,0.0060,0.89,no
2026-10-05T03:58:00.013132Z,KXBTC15M-26OCT050000-00,0.0070,109.65,yes
2026-10-05T03:58:00.013132Z,KXBTC15M-26OCT050000-00,0.0070,10.31,yes
2026-10-05T03:58:00.023765Z,KXBTC15M-26OCT050000-00,0.0070,168.32,yes
2026-10-05T03:58:00.03047Z,KXBTC15M-26OCT050000-00,0.0070,50.00,yes
2026-10-05T03:58:00.044583Z,KXBTC15M-26OCT050000-00,0.0060,11.59,no
2026-10-05T03:58:00.055741Z,KXBTC15M-26OCT050000-00,0.0070,2.05,yes
2026-10-05T03:58:00.055741Z,KXBTC15M-26OCT050000-00,0.0070,30.37,yes
2026-10-05T03:58:00.063242Z,KXBTC15M-26OCT050000-00,0.0070,5.00,yes
2026-10-05T03:58:00.068533Z,KXBTC15M-26OCT050000-00,0.0050,9.98,no
2026-10-05T03:58:00.068533Z,KXBTC15M-26OCT050000-00,0.0060,0.01,no
2026-10-05T03:58:00.068533Z,KXBTC15M-26OCT050000-00,0.0060,0.01,no
2026-10-05T03:58:00.074777Z,KXBTC15M-26OCT050000-00,0.0070,0.02,yes
2026-10-05T03:58:00.074777Z,KXBTC15M-26OCT050000-00,0.0070,1.76,yes
2026-10-05T03:58:00.074777Z,KXBTC15M-26OCT050000-00,0.0070,6.41,yes
2026-10-05T03:58:00.086613Z,KXBTC15M-26OCT050000-00,0.0070,7.59,yes
2026-10-05T03:58:00.086613Z,KXBTC15M-26OCT050000-00,0.0070,0.01,yes
2026-10-05T03:58:00.086613Z,KXBTC15M-26OCT050000-00,0.0070,111.40,yes
2026-10-05T03:58:00.086613Z,KXBTC15M-26OCT050000-00,0.0070,1.00,yes
2026-10-05T03:58:00.087198Z,KXBTC15M-26OCT050000-00,0.0070,118.00,yes
2026-10-05T03:58:00.087827Z,KXBTC15M-26OCT050000-00,0.0070,118.00,yes
2026-10-05T03:58:00.090918Z,KXBTC15M-26OCT050000-00,0.0060,10.25,no
2026-10-05T03:58:00.133737Z,KXBTC15M-26OCT050000-00,0.0070,19.43,yes
2026-10-05T03:58:00.153476Z,KXBTC15M-26OCT050000-00,0.0060,0.02,no
2026-10-05T03:58:00.163027Z,KXBTC15M-26OCT050000-00,0.0070,7.33,yes
2026-10-05T03:58:00.163027Z,KXBTC15M-26OCT050000-00,0.0070,33.17,yes
2026-10-05T03:58:00.165768Z,KXBTC15M-26OCT050000-00,0.0070,130.90,yes
2026-10-05T03:58:00.209238Z,KXBTC15M-26OCT050000-00,0.0060,0.01,no
2026-10-05T03:58:00.209238Z,KXBTC15M-26OCT050000-00,0.0060,0.01,no
2026-10-05T03:58:00.209238Z,KXBTC15M-26OCT050000-00,0.0060,1.00,no
2026-10-05T03:58:00.209238Z,KXBTC15M-26OCT050000-00,0.0060,55.00,no
2026-10-05T03:58:00.209238Z,KXBTC15M-26OCT050000-00,0.0060,281.90,no
2026-10-05T03:58:00.209238Z,KXBTC15M-26OCT050000-00,0.0060,340.73,no
2026-10-05T03:58:00.211086Z,KXBTC15M-26OCT050000-00,0.0070,25.22,yes
2026-10-05T03:58:00.227884Z,KXBTC15M-26OCT050000-00,0.0070,259.00,yes
2026-10-05T03:58:00.227884Z,KXBTC15M-26OCT050000-00,0.0070,836.55,yes
2026-10-05T03:58:00.227884Z,KXBTC15M-26OCT050000-00,0.0070,95.10,yes
2026-10-05T03:58:00.24872Z,KXBTC15M-26OCT050000-00,0.0070,307.70,yes
2026-10-05T03:58:00.276558Z,KXBTC15M-26OCT050000-00,0.0050,120.00,no
2026-10-05T03:58:00.276558Z,KXBTC15M-26OCT050000-00,0.0050,175.39,no
2026-10-05T03:58:00.276558Z,KXBTC15M-26OCT050000-00,0.0050,504.59,no
2026-10-05T03:58:00.276558Z,KXBTC15M-26OCT050000-00,0.0060,0.01,no
2026-10-05T03:58:00.276558Z,KXBTC15M-26OCT050000-00,0.0060,0.01,no
2026-10-05T03:58:00.288808Z,KXBTC15M-26OCT050000-00,0.0070,0.01,yes
2026-10-05T03:58:00.288808Z,KXBTC15M-26OCT050000-00,0.0070,1.00,yes
2026-10-05T03:58:00.288808Z,KXBTC15M-26OCT050000-00,0.0070,2.44,yes
2026-10-05T03:58:00.288808Z,KXBTC15M-26OCT050000-00,0.0070,8.49,yes
2026-10-05T03:58:00.305532Z,KXBTC15M-26OCT050000-00,0.0070,1.97,yes
2026-10-05T03:58:00.330317Z,KXBTC15M-26OCT050000-00,0.0070,5.57,yes
2026-10-05T03:58:00.330317Z,KXBTC15M-26OCT050000-00,0.0070,0.01,yes
2026-10-05T03:58:00.330317Z,KXBTC15M-26OCT050000-00,0.0070,2.52,yes
2026-10-05T03:58:00.336453Z,KXBTC15M-26OCT050000-00,0.0070,152.00,yes
2026-10-05T03:58:00.339947Z,KXBTC15M-26OCT050000-00,0.0070,25.00,yes
2026-10-05T03:58:00.359308Z,KXBTC15M-26OCT050000-00,0.0070,130.90,yes
2026-10-05T03:58:00.386033Z,KXBTC15M-26OCT050000-00,0.0070,92.30,yes
2026-10-05T03:58:00.386033Z,KXBTC15M-26OCT050000-00,0.0070,89.58,yes
2026-10-05T03:58:00.386454Z,KXBTC15M-26OCT050000-00,0.0060,108.00,no
2026-10-05T03:58:00.386454Z,KXBTC15M-26OCT050000-00,0.0060,0.01,no
2026-10-05T03:58:00.386454Z,KXBTC15M-26OCT050000-00,0.0060,213.34,no
2026-10-05T03:58:00.39122Z,KXBTC15M-26OCT050000-00,0.0070,14.16,yes
2026-10-05T03:58:00.439625Z,KXBTC15M-26OCT050000-00,0.0070,54.67,yes
2026-10-05T03:58:00.442246Z,KXBTC15M-26OCT050000-00,0.0070,27.24,yes
2026-10-05T03:58:00.45158Z,KXBTC15M-26OCT050000-00,0.0070,6.15,yes
2026-10-05T03:58:00.455081Z,KXBTC15M-26OCT050000-00,0.0070,0.01,yes
2026-10-05T03:58:00.455081Z,KXBTC15M-26OCT050000-00,0.0070,504.59,yes
2026-10-05T03:58:00.455081Z,KXBTC15M-26OCT050000-00,0.0070,313.53,yes
2026-10-05T03:58:00.455081Z,KXBTC15M-26OCT050000-00,0.0070,175.39,yes
2026-10-05T03:58:00.455081Z,KXBTC15M-26OCT050000-00,0.0070,1.00,yes
2026-10-05T03:58:00.455081Z,KXBTC15M-26OCT050000-00,0.0070,5.48,yes
2026-10-05T03:58:00.458234Z,KXBTC15M-26OCT050000-00,0.0070,0.02,yes
2026-10-05T03:58:00.507224Z,KXBTC15M-26OCT050000-00,0.0070,0.01,yes
2026-10-05T03:58:00.507224Z,KXBTC15M-26OCT050000-00,0.0070,2.89,yes
2026-10-05T03:58:00.507224Z,KXBTC15M-26OCT050000-00,0.0070,0.01,yes
2026-10-05T03:58:00.515114Z,KXBTC15M-26OCT050000-00,0.0070,22.36,yes
2026-10-05T03:58:00.518041Z,KXBTC15M-26OCT050000-00,0.0070,1.59,yes
2026-10-05T03:58:00.519394Z,KXBTC15M-26OCT050000-00,0.0060,20.00,no
2026-10-05T03:58:00.535426Z,KXBTC15M-26OCT050000-00,0.0070,73.07,yes
2026-10-05T03:58:00.545302Z,KXBTC15M-26OCT050000-00,0.0070,20.09,yes
2026-10-05T03:58:00.545302Z,KXBTC15M-26OCT050000-00,0.0070,17.60,yes
2026-10-05T03:58:00.545302Z,KXBTC15M-26OCT050000-00,0.0070,0.01,yes
2026-10-05T03:58:00.60079Z,KXBTC15M-26OCT050000-00,0.0070,8.97,yes
2026-10-05T03:58:00.611613Z,KXBTC15M-26OCT050000-00,0.0070,4.01,yes
2026-10-05T03:58:00.637428Z,KXBTC15M-26OCT050000-00,0.0060,120.54,no
2026-10-05T03:58:00.637428Z,KXBTC15M-26OCT050000-00,0.0060,0.01,no
2026-10-05T03:58:00.637428Z,KXBTC15M-26OCT050000-00,0.0060,0.01,no
2026-10-05T03:58:00.645874Z,KXBTC15M-26OCT050000-00,0.0070,8.72,yes
2026-10-05T03:58:00.705917Z,KXBTC15M-26OCT050000-00,0.0070,110.28,yes
2026-10-05T03:58:00.759056Z,KXBTC15M-26OCT050000-00,0.0060,5.02,no
2026-10-05T03:58:00.781721Z,KXBTC15M-26OCT050000-00,0.0060,74.44,no
2026-10-05T03:58:00.781721Z,KXBTC15M-26OCT050000-00,0.0060,48.10,no
2026-10-05T03:58:00.793649Z,KXBTC15M-26OCT050000-00,0.0070,10.63,yes
2026-10-05T03:58:00.813998Z,KXBTC15M-26OCT050000-00,0.0060,150.00,no
2026-10-05T03:58:00.813998Z,KXBTC15M-26OCT050000-00,0.0060,200.00,no
2026-10-05T03:58:00.813998Z,KXBTC15M-26OCT050000-00,0.0060,0.01,no
2026-10-05T03:58:00.813998Z,KXBTC15M-26OCT050000-00,0.0060,66.00,no
2026-10-05T03:58:00.813998Z,KXBTC15M-26OCT050000-00,0.0060,0.01,no
2026-10-05T03:58:00.822253Z,KXBTC15M-26OCT050000-00,0.0070,59.45,yes
2026-10-05T03:58:00.82983Z,KXBTC15M-26OCT050000-00,0.0060,0.01,no
2026-10-05T03:58:00.832308Z,KXBTC15M-26OCT050000-00,0.0070,144.34,yes
2026-10-05T03:58:00.833848Z,KXBTC15M-26OCT050000-00,0.0050,47.03,no
2026-10-05T03:58:00.866268Z,KXBTC15M-26OCT050000-00,0.0070,14.93,yes
2026-10-05T03:58:00.879462Z,KXBTC15M-26OCT050000-00,0.0070,2.51,yes
2026-10-05T03:58:00.879462Z,KXBTC15M-26OCT050000-00,0.0070,0.01,yes
2026-10-05T03:58:00.879462Z,KXBTC15M-26OCT050000-00,0.0070,0.01,yes
2026-10-05T03:58:00.879462Z,KXBTC15M-26OCT050000-00,0.0070,500.00,yes
2026-10-05T03:58:00.879462Z,KXBTC15M-26OCT050000-00,0.0070,21.07,yes
2026-10-05T03:58:00.903033Z,KXBTC15M-26OCT050000-00,0.0070,42.79,yes
2026-10-05T03:58:00.911671Z,KXBTC15M-26OCT050000-00,0.0070,0.01,yes
2026-10-05T03:58:00.911671Z,KXBTC15M-26OCT050000-00,0.0070,0.01,yes
2026-10-05T03:58:00.911671Z,KXBTC15M-26OCT050000-00,0.0070,126.64,yes
2026-10-05T03:58:00.911671Z,KXBTC15M-26OCT050000-00,0.0070,4.24,yes
2026-10-05T03:58:00.916027Z,KXBTC15M-26OCT050000-00,0.0060,0.01,no
2026-10-05T03:58:00.916027Z,KXBTC15M-26OCT050000-00,0.0060,0.01,no
2026-10-05T03:58:00.919285Z,KXBTC15M-26OCT050000-00,0.0050,136.98,no
2026-10-05T03:58:00.925385Z,KXBTC15M-26OCT050000-00,0.0050,249.98,no
2026-10-05T03:58:00.925385Z,KXBTC15M-26OCT050000-00,0.0060,0.01,no
2026-10-05T03:58:00.925385Z,KXBTC15M-26OCT050000-00,0.0060,0.01,no
2026-10-05T03:58:00.926511Z,KXBTC15M-26OCT050000-00,0.0050,11.00,no
2026-10-05T03:58:00.926511Z,KXBTC15M-26OCT050000-00,0.0050,85.42,no
2026-10-05T03:58:00.926511Z,KXBTC15M-26OCT050000-00,0.0050,15.00,no
2026-10-05T03:58:00.926511Z,KXBTC15M-26OCT050000-00,0.0050,15.00,no
2026-10-05T03:58:00.926511Z,KXBTC15M-26OCT050000-00,0.0050,422.58,no
2026-10-05T03:58:00.926511Z,KXBTC15M-26OCT050000-00,0.0050,15.00,no
2026-10-05T03:58:00.926511Z,KXBTC15M-26OCT050000-00,0.0050,15.00,no
2026-10-05T03:58:00.926511Z,KXBTC15M-26OCT050000-00,0.0050,15.00,no
2026-10-05T03:58:00.926511Z,KXBTC15M-26OCT050000-00,0.0050,15.00,no
2026-10-05T03:58:00.926511Z,KXBTC15M-26OCT050000-00,0.0050,22.00,no
2026-10-05T03:58:00.926511Z,KXBTC15M-26OCT050000-00,0.0050,15.00,no
2026-10-05T03:58:00.926511Z,KXBTC15M-26OCT050000-00,0.0050,154.00,no
2026-10-05T03:58:00.926676Z,KXBTC15M-26OCT050000-00,0.0070,44.72,yes
2026-10-05T03:58:00.935019Z,KXBTC15M-26OCT050000-00,0.0060,20.00,no
2026-10-05T03:58:00.935019Z,KXBTC15M-26OCT050000-00,0.0060,0.01,no
2026-10-05T03:58:00.935019Z,KXBTC15M-26OCT050000-00,0.0050,229.99,no
2026-10-05T03:58:00.935738Z,KXBTC15M-26OCT050000-00,0.0070,267.15,yes
2026-10-05T03:58:00.939657Z,KXBTC15M-26OCT050000-00,0.0060,0.01,no
2026-10-05T03:58:00.950993Z,KXBTC15M-26OCT050000-00,0.0070,21.21,yes
2026-10-05T03:58:00.961377Z,KXBTC15M-26OCT050000-00,0.0060,0.01,no
2026-10-05T03:58:00.961377Z,KXBTC15M-26OCT050000-00,0.0060,20.00,no
2026-10-05T03:58:00.961377Z,KXBTC15M-26OCT050000-00,0.0060,0.01,no
2026-10-05T03:58:00.967267Z,KXBTC15M-26OCT050000-00,0.0070,4.54,yes
2026-10-05T03:58:00.978562Z,KXBTC15M-26OCT050000-00,0.0070,62.38,yes
2026-10-05T03:58:00.978562Z,KXBTC15M-26OCT050000-00,0.0070,68.50,yes
2026-10-05T03:58:00.978562Z,KXBTC15M-26OCT050000-00,0.0070,0.01,yes
2026-10-05T03:58:00.978562Z,KXBTC15M-26OCT050000-00,0.0070,0.01,yes
2026-10-05T03:58:00.988949Z,KXBTC15M-26OCT050000-00,0.0070,6.03,yes
2026-10-05T03:58:00.993711Z,KXBTC15M-26OCT050000-00,0.0070,9.57,yes
2026-10-05T03:58:00.9987Z,KXBTC15M-26OCT050000-00,0.0070,6.21,yes
2026-10-05T03:58:01.014289Z,KXBTC15M-26OCT050000-00,0.0060,20.00,no
2026-10-05T03:58:01.014289Z,KXBTC15M-26OCT050000-00,0.0060,0.01,no
2026-10-05T03:58:01.014289Z,KXBTC15M-26OCT050000-00,0.0060,0.01,no
2026-10-05T03:58:01.024013Z,KXBTC15M-26OCT050000-00,0.0070,175.31,yes
2026-10-05T03:58:01.024013Z,KXBTC15M-26OCT050000-00,0.0070,46.67,yes
2026-10-05T03:58:01.029026Z,KXBTC15M-26OCT050000-00,0.0070,9.37,yes
2026-10-05T03:58:01.029026Z,KXBTC15M-26OCT050000-00,0.0070,0.01,yes
2026-10-05T03:58:01.029026Z,KXBTC15M-26OCT050000-00,0.0070,85.42,yes
2026-10-05T03:58:01.029026Z,KXBTC15M-26OCT050000-00,0.0070,0.01,yes
2026-10-05T03:58:01.029026Z,KXBTC15M-26OCT050000-00,0.0070,15.00,yes
2026-10-05T03:58:01.029026Z,KXBTC15M-26OCT050000-00,0.0070,74.67,yes
2026-10-05T03:58:01.029057Z,KXBTC15M-26OCT050000-00,0.0060,0.01,no
2026-10-05T03:58:01.029057Z,KXBTC15M-26OCT050000-00,0.0060,12.00,no
2026-10-05T03:58:01.029057Z,KXBTC15M-26OCT050000-00,0.0060,0.01,no
2026-10-05T03:58:01.029057Z,KXBTC15M-26OCT050000-00,0.0050,40.70,no
2026-10-05T03:58:01.043665Z,KXBTC15M-26OCT050000-00,0.0070,0.64,yes
2026-10-05T03:58:01.049698Z,KXBTC15M-26OCT050000-00,0.0060,20.00,no
2026-10-05T03:58:01.049698Z,KXBTC15M-26OCT050000-00,0.0060,0.01,no
2026-10-05T03:58:01.049698Z,KXBTC15M-26OCT050000-00,0.0060,15.00,no
2026-10-05T03:58:01.049698Z,KXBTC15M-26OCT050000-00,0.0060,0.01,no
2026-10-05T03:58:01.049698Z,KXBTC15M-26OCT050000-00,0.0050,232.98,no
2026-10-05T03:58:01.068229Z,KXBTC15M-26OCT050000-00,0.0070,389.99,yes
2026-10-05T03:58:01.068229Z,KXBTC15M-26OCT050000-00,0.0070,190.14,yes
2026-10-05T03:58:01.069863Z,KXBTC15M-26OCT050000-00,0.0050,100.56,no
2026-10-05T03:58:01.170124Z,KXBTC15M-26OCT050000-00,0.0080,2.26,yes
2026-10-05T03:58:01.170124Z,KXBTC15M-26OCT050000-00,0.0080,224.52,yes
2026-10-05T03:58:01.170124Z,KXBTC15M-26OCT050000-00,0.0080,8.05,yes
2026-10-05T03:58:01.170124Z,KXBTC15M-26OCT050000-00,0.0080,3.01,yes
2026-10-05T03:58:01.170124Z,KXBTC15M-26OCT050000-00,0.0070,0.01,yes
2026-10-05T03:58:01.170124Z,KXBTC15M-26OCT050000-00,0.0060,15.00,yes
2026-10-05T03:58:01.170124Z,KXBTC15M-26OCT050000-00,0.0060,15.00,yes
2026-10-05T03:58:01.170124Z,KXBTC15M-26OCT050000-00,0.0060,400.00,yes
2026-10-05T03:58:01.170124Z,KXBTC15M-26OCT050000-00,0.0060,0.01,yes
2026-10-05T03:58:01.170124Z,KXBTC15M-26OCT050000-00,0.0060,0.01,yes
2026-10-05T03:58:01.174215Z,KXBTC15M-26OCT050000-00,0.0080,226.13,yes
2026-10-05T03:58:01.188518Z,KXBTC15M-26OCT050000-00,0.0080,0.02,yes
2026-10-05T03:58:01.213956Z,KXBTC15M-26OCT050000-00,0.0080,0.02,yes
2026-10-05T03:58:01.221711Z,KXBTC15M-26OCT050000-00,0.0080,549.31,yes
2026-10-05T03:58:01.221711Z,KXBTC15M-26OCT050000-00,0.0080,0.19,yes
2026-10-05T03:58:01.221711Z,KXBTC15M-26OCT050000-00,0.0080,0.01,yes
2026-10-05T03:58:01.221711Z,KXBTC15M-26OCT050000-00,0.0080,400.00,yes
2026-10-05T03:58:01.221711Z,KXBTC15M-26OCT050000-00,0.0080,0.02,yes
2026-10-05T03:58:01.221711Z,KXBTC15M-26OCT050000-00,0.0080,230.96,yes
2026-10-05T03:58:01.221711Z,KXBTC15M-26OCT050000-00,0.0080,1.00,yes
2026-10-05T03:58:01.221711Z,KXBTC15M-26OCT050000-00,0.0080,15.00,yes
2026-10-05T03:58:01.230853Z,KXBTC15M-26OCT050000-00,0.0090,42.77,yes
2026-10-05T03:58:01.230853Z,KXBTC15M-26OCT050000-00,0.0080,0.01,yes
2026-10-05T03:58:01.230853Z,KXBTC15M-26OCT050000-00,0.0080,0.01,yes
2026-10-05T03:58:01.238978Z,KXBTC15M-26OCT050000-00,0.0070,760.41,no
2026-10-05T03:58:01.238978Z,KXBTC15M-26OCT050000-00,0.0070,0.01,no
2026-10-05T03:58:01.246025Z,KXBTC15M-26OCT050000-00,0.0090,17.21,yes
2026-10-05T03:58:01.246025Z,KXBTC15M-26OCT050000-00,0.0080,0.01,yes
2026-10-05T03:58:01.246025Z,KXBTC15M-26OCT050000-00,0.0080,0.01,yes
2026-10-05T03:58:01.248317Z,KXBTC15M-26OCT050000-00,0.0090,14.47,yes
2026-10-05T03:58:01.261644Z,KXBTC15M-26OCT050000-00,0.0080,15.00,yes
2026-10-05T03:58:01.269497Z,KXBTC15M-26OCT050000-00,0.0090,115.77,yes
2026-10-05T03:58:01.269497Z,KXBTC15M-26OCT050000-00,0.0080,0.01,yes
2026-10-05T03:58:01.295095Z,KXBTC15M-26OCT050000-00,0.0070,7.04,no
2026-10-05T03:58:01.359014Z,KXBTC15M-26OCT050000-00,0.0080,0.01,yes
2026-10-05T03:58:01.359014Z,KXBTC15M-26OCT050000-00,0.0080,15.00,yes
2026-10-05T03:58:01.359014Z,KXBTC15M-26OCT050000-00,0.0080,85.89,yes
2026-10-05T03:58:01.368298Z,KXBTC15M-26OCT050000-00,0.0080,25.53,yes
2026-10-05T03:58:01.370554Z,KXBTC15M-26OCT050000-00,0.0040,1800.00,no
2026-10-05T03:58:01.370554Z,KXBTC15M-26OCT050000-00,0.0040,225.55,no
2026-10-05T03:58:01.370554Z,KXBTC15M-26OCT050000-00,0.0070,45.00,no
2026-10-05T03:58:01.370554Z,KXBTC15M-26OCT050000-00,0.0060,200.00,no
2026-10-05T03:58:01.370554Z,KXBTC15M-26OCT050000-00,0.0070,500.00,no
2026-10-05T03:58:01.370554Z,KXBTC15M-26OCT050000-00,0.0070,295.03,no
2026-10-05T03:58:01.370554Z,KXBTC15M-26OCT050000-00,0.0070,15.00,no
2026-10-05T03:58:01.370554Z,KXBTC15M-26OCT050000-00,0.0050,8.00,no
2026-10-05T03:58:01.370554Z,KXBTC15M-26OCT050000-00,0.0050,15.00,no
2026-10-05T03:58:01.370554Z,KXBTC15M-26OCT050000-00,0.0050,93.75,no
2026-10-05T03:58:01.370554Z,KXBTC15M-26OCT050000-00,0.0070,200.00,no
2026-10-05T03:58:01.370554Z,KXBTC15M-26OCT050000-00,0.0050,64.00,no
2026-10-05T03:58:01.370554Z,KXBTC15M-26OCT050000-00,0.0070,0.01,no
2026-10-05T03:58:01.370554Z,KXBTC15M-26OCT050000-00,0.0070,150.00,no
2026-10-05T03:58:01.370554Z,KXBTC15M-26OCT050000-00,0.0070,963.00,no
2026-10-05T03:58:01.370554Z,KXBTC15M-26OCT050000-00,0.0050,15.00,no
2026-10-05T03:58:01.370554Z,KXBTC15M-26OCT050000-00,0.0050,93.75,no
2026-10-05T03:58:01.370554Z,KXBTC15M-26OCT050000-00,0.0050,15.00,no
2026-10-05T03:58:01.370554Z,KXBTC15M-26OCT050000-00,0.0070,0.01,no
2026-10-05T03:58:01.370554Z,KXBTC15M-26OCT050000-00,0.0060,15.00,no
2026-10-05T03:58:01.370554Z,KXBTC15M-26OCT050000-00,0.0070,15.00,no
2026-10-05T03:58:01.370554Z,KXBTC15M-26OCT050000-00,0.0050,22.00,no
2026-10-05T03:58:01.370554Z,KXBTC15M-26OCT050000-00,0.0070,196.55,no
2026-10-05T03:58:01.370554Z,KXBTC15M-26OCT050000-00,0.0070,500.00,no
2026-10-05T03:58:01.370554Z,KXBTC15M-26OCT050000-00,0.0070,10.00,no
2026-10-05T03:58:01.376726Z,KXBTC15M-26OCT050000-00,0.0040,290.22,no
2026-10-05T03:58:01.376726Z,KXBTC15M-26OCT050000-00,0.0050,93.75,no
2026-10-05T03:58:01.376726Z,KXBTC15M-26OCT050000-00,0.0050,93.75,no
2026-10-05T03:58:01.376726Z,KXBTC15M-26OCT050000-00,0.0050,15.00,no
2026-10-05T03:58:01.388815Z,KXBTC15M-26OCT050000-00,0.0050,22.00,no
2026-10-05T03:58:01.388815Z,KXBTC15M-26OCT050000-00,0.0070,15.00,no
2026-10-05T03:58:01.388815Z,KXBTC15M-26OCT050000-00,0.0070,0.01,no
2026-10-05T03:58:01.388815Z,KXBTC15M-26OCT050000-00,0.0070,150.00,no
2026-10-05T03:58:01.388815Z,KXBTC15M-26OCT050000-00,0.0050,12.99,no
2026-10-05T03:58:01.390374Z,KXBTC15M-26OCT050000-00,0.0090,468.86,yes
2026-10-05T03:58:01.390374Z,KXBTC15M-26OCT050000-00,0.0080,15.00,yes
2026-10-05T03:58:01.390374Z,KXBTC15M-26OCT050000-00,0.0080,0.01,yes
2026-10-05T03:58:01.390374Z,KXBTC15M-26OCT050000-00,0.0080,0.01,yes
2026-10-05T03:58:01.397962Z,KXBTC15M-26OCT050000-00,0.0090,65.41,yes
2026-10-05T03:58:01.397962Z,KXBTC15M-26OCT050000-00,0.0080,0.01,yes
2026-10-05T03:58:01.397962Z,KXBTC15M-26OCT050000-00,0.0080,0.01,yes
2026-10-05T03:58:01.398575Z,KXBTC15M-26OCT050000-00,0.0040,14.63,no
2026-10-05T03:58:01.398575Z,KXBTC15M-26OCT050000-00,0.0050,0.01,no
2026-10-05T03:58:01.398575Z,KXBTC15M-26OCT050000-00,0.0070,0.01,no
2026-10-05T03:58:01.402952Z,KXBTC15M-26OCT050000-00,0.0050,30.00,no
2026-10-05T03:58:01.402952Z,KXBTC15M-26OCT050000-00,0.0060,20.00,no
2026-10-05T03:58:01.402952Z,KXBTC15M-26OCT050000-00,0.0070,150.00,no
2026-10-05T03:58:01.430437Z,KXBTC15M-26OCT050000-00,0.0070,7.00,no
2026-10-05T03:58:01.430437Z,KXBTC15M-26OCT050000-00,0.0070,132.90,no
2026-10-05T03:58:01.430437Z,KXBTC15M-26OCT050000-00,0.0070,0.01,no
2026-10-05T03:58:01.433393Z,KXBTC15M-26OCT050000-00,0.0080,2.01,yes
2026-10-05T03:58:01.443579Z,KXBTC15M-26OCT050000-00,0.0070,0.01,no
2026-10-05T03:58:01.443579Z,KXBTC15M-26OCT050000-00,0.0070,17.10,no
2026-10-05T03:58:01.443579Z,KXBTC15M-26OCT050000-00,0.0070,0.01,no
2026-10-05T03:58:01.444804Z,KXBTC15M-26OCT050000-00,0.0080,11.18,yes
2026-10-05T03:58:01.461263Z,KXBTC15M-26OCT050000-00,0.0070,100.00,no
2026-10-05T03:58:01.465024Z,KXBTC15M-26OCT050000-00,0.0040,1269.60,no
2026-10-05T03:58:01.465024Z,KXBTC15M-26OCT050000-00,0.0040,1130.46,no
2026-10-05T03:58:01.465024Z,KXBTC15M-26OCT050000-00,0.0060,0.01,no
2026-10-05T03:58:01.465024Z,KXBTC15M-26OCT050000-00,0.0050,22.00,no
2026-10-05T03:58:01.465024Z,KXBTC15M-26OCT050000-00,0.0070,0.01,no
2026-10-05T03:58:01.465024Z,KXBTC15M-26OCT050000-00,0.0070,0.01,no
2026-10-05T03:58:01.465024Z,KXBTC15M-26OCT050000-00,0.0070,50.00,no
2026-10-05T03:58:01.465024Z,KXBTC15M-26OCT050000-00,0.0060,71.00,no
2026-10-05T03:58:01.465024Z,KXBTC15M-26OCT050000-00,0.0060,0.01,no
2026-10-05T03:58:01.474669Z,KXBTC15M-26OCT050000-00,0.0070,0.01,no
2026-10-05T03:58:01.474669Z,KXBTC15M-26OCT050000-00,0.0070,25.09,no
2026-10-05T03:58:01.474669Z,KXBTC15M-26OCT050000-00,0.0070,0.01,no
2026-10-05T03:58:01.493377Z,KXBTC15M-26OCT050000-00,0.0070,0.01,no
2026-10-05T03:58:01.493377Z,KXBTC15M-26OCT050000-00,0.0070,75.07,no
2026-10-05T03:58:01.493377Z,KXBTC15M-26OCT050000-00,0.0070,124.91,no
2026-10-05T03:58:01.493377Z,KXBTC15M-26OCT050000-00,0.0070,0.01,no
2026-10-05T03:58:01.498824Z,KXBTC15M-26OCT050000-00,0.0040,120.00,no
2026-10-05T03:58:01.498824Z,KXBTC15M-26OCT050000-00,0.0040,669.54,no
2026-10-05T03:58:01.498824Z,KXBTC15M-26OCT050000-00,0.0040,428.56,no
2026-10-05T03:58:01.498824Z,KXBTC15M-26OCT050000-00,0.0070,43.00,no
2026-10-05T03:58:01.498824Z,KXBTC15M-26OCT050000-00,0.0050,22.00,no
2026-10-05T03:58:01.498824Z,KXBTC15M-26OCT050000-00,0.0060,200.00,no
2026-10-05T03:58:01.498824Z,KXBTC15M-26OCT050000-00,0.0070,124.93,no
2026-10-05T03:58:01.519846Z,KXBTC15M-26OCT050000-00,0.0070,0.01,no
2026-10-05T03:58:01.519846Z,KXBTC15M-26OCT050000-00,0.0070,0.01,no
2026-10-05T03:58:01.519846Z,KXBTC15M-26OCT050000-00,0.0070,150.00,no
2026-10-05T03:58:01.532128Z,KXBTC15M-26OCT050000-00,0.0040,13.00,no
2026-10-05T03:58:01.532128Z,KXBTC15M-26OCT050000-00,0.0040,1.00,no
2026-10-05T03:58:01.532128Z,KXBTC15M-26OCT050000-00,0.0040,1.00,no
2026-10-05T03:58:01.532128Z,KXBTC15M-26OCT050000-00,0.0040,1.00,no
2026-10-05T03:58:01.532128Z,KXBTC15M-26OCT050000-00,0.0040,1.00,no
2026-10-05T03:58:01.532128Z,KXBTC15M-26OCT050000-00,0.0040,1.00,no
2026-10-05T03:58:01.532128Z,KXBTC15M-26OCT050000-00,0.0040,83.44,no
2026-10-05T03:58:01.532128Z,KXBTC15M-26OCT050000-00,0.0040,1688.00,no
2026-10-05T03:58:01.532128Z,KXBTC15M-26OCT050000-00,0.0070,0.01,no
2026-10-05T03:58:01.532128Z,KXBTC15M-26OCT050000-00,0.0040,1688.00,no
2026-10-05T03:58:01.532128Z,KXBTC15M-26OCT050000-00,0.0060,293.60,no
2026-10-05T03:58:01.532128Z,KXBTC15M-26OCT050000-00,0.0070,15.00,no
2026-10-05T03:58:01.532128Z,KXBTC15M-26OCT050000-00,0.0040,2.00,no
2026-10-05T03:58:01.532128Z,KXBTC15M-26OCT050000-00,0.0040,1111.57,no
2026-10-05T03:58:01.532128Z,KXBTC15M-26OCT050000-00,0.0040,10.00,no
2026-10-05T03:58:01.532128Z,KXBTC15M-26OCT050000-00,0.0040,10.00,no
2026-10-05T03:58:01.536979Z,KXBTC15M-26OCT050000-00,0.0080,46.43,yes
2026-10-05T03:58:01.541102Z,KXBTC15M-26OCT050000-00,0.0070,150.00,no
2026-10-05T03:58:01.544309Z,KXBTC15M-26OCT050000-00,0.0080,46.15,yes
2026-10-05T03:58:01.545639Z,KXBTC15M-26OCT050000-00,0.0070,0.01,no
2026-10-05T03:58:01.545639Z,KXBTC15M-26OCT050000-00,0.0070,0.01,no
2026-10-05T03:58:01.560631Z,KXBTC15M-26OCT050000-00,0.0080,184.45,yes
2026-10-05T03:58:01.560631Z,KXBTC15M-26OCT050000-00,0.0080,0.01,yes
2026-10-05T03:58:01.560631Z,KXBTC15M-26OCT050000-00,0.0080,49.75,yes
2026-10-05T03:58:01.560631Z,KXBTC15M-26OCT050000-00,0.0080,0.01,yes
2026-10-05T03:58:01.565026Z,KXBTC15M-26OCT050000-00,0.0080,2.31,yes
2026-10-05T03:58:01.584834Z,KXBTC15M-26OCT050000-00,0.0080,16.88,yes
2026-10-05T03:58:01.614767Z,KXBTC15M-26OCT050000-00,0.0080,5.35,yes
2026-10-05T03:58:01.661301Z,KXBTC15M-26OCT050000-00,0.0080,287.67,yes
2026-10-05T03:58:01.680437Z,KXBTC15M-26OCT050000-00,0.0080,229.09,yes
2026-10-05T03:58:01.698809Z,KXBTC15M-26OCT050000-00,0.0080,30.26,yes
2026-10-05T03:58:01.703853Z,KXBTC15M-26OCT050000-00,0.0070,0.01,no
2026-10-05T03:58:01.703853Z,KXBTC15M-26OCT050000-00,0.0070,10.00,no
2026-10-05T03:58:01.703853Z,KXBTC15M-26OCT050000-00,0.0070,0.01,no
2026-10-05T03:58:01.703853Z,KXBTC15M-26OCT050000-00,0.0070,150.00,no
2026-10-05T03:58:01.766911Z,KXBTC15M-26OCT050000-00,0.0080,58.44,yes
2026-10-05T03:58:01.792289Z,KXBTC15M-26OCT050000-00,0.0030,1119.57,no
2026-10-05T03:58:01.792289Z,KXBTC15M-26OCT050000-00,0.0040,10.00,no
2026-10-05T03:58:01.792289Z,KXBTC15M-26OCT050000-00,0.0050,62.00,no
2026-10-05T03:58:01.792289Z,KXBTC15M-26OCT050000-00,0.0070,0.01,no
2026-10-05T03:58:01.792289Z,KXBTC15M-26OCT050000-00,0.0070,150.00,no
2026-10-05T03:58:01.792289Z,KXBTC15M-26OCT050000-00,0.0060,200.00,no
2026-10-05T03:58:01.792289Z,KXBTC15M-26OCT050000-00,0.0040,10.00,no
2026-10-05T03:58:01.792289Z,KXBTC15M-26OCT050000-00,0.0050,0.01,no
2026-10-05T03:58:01.792289Z,KXBTC15M-26OCT050000-00,0.0070,0.01,no
2026-10-05T03:58:01.792289Z,KXBTC15M-26OCT050000-00,0.0040,20.00,no
2026-10-05T03:58:01.792289Z,KXBTC15M-26OCT050000-00,0.0050,0.01,no
2026-10-05T03:58:01.792289Z,KXBTC15M-26OCT050000-00,0.0040,200.00,no
2026-10-05T03:58:01.806628Z,KXBTC15M-26OCT050000-00,0.0030,47.07,no
2026-10-05T03:58:01.806628Z,KXBTC15M-26OCT050000-00,0.0070,150.00,no
2026-10-05T03:58:01.806628Z,KXBTC15M-26OCT050000-00,0.0070,0.01,no
2026-10-05T03:58:01.806628Z,KXBTC15M-26OCT050000-00,0.0070,0.01,no
2026-10-05T03:58:01.810475Z,KXBTC15M-26OCT050000-00,0.0030,200.00,no
2026-10-05T03:58:01.827797Z,KXBTC15M-26OCT050000-00,0.0030,171.64,no
2026-10-05T03:58:01.827797Z,KXBTC15M-26OCT050000-00,0.0030,28.36,no
2026-10-05T03:58:01.844614Z,KXBTC15M-26OCT050000-00,0.0030,200.00,no
2026-10-05T03:58:01.869715Z,KXBTC15M-26OCT050000-00,0.0040,4.53,yes
2026-10-05T03:58:01.885115Z,KXBTC15M-26OCT050000-00,0.0040,116.88,yes
2026-10-05T03:58:01.90098Z,KXBTC15M-26OCT050000-00,0.0040,18.90,yes
2026-10-05T03:58:01.90098Z,KXBTC15M-26OCT050000-00,0.0040,0.01,yes
2026-10-05T03:58:01.90098Z,KXBTC15M-26OCT050000-00,0.0040,878.59,yes
2026-10-05T03:58:01.90098Z,KXBTC15M-26OCT050000-00,0.0040,0.01,yes
2026-10-05T03:58:01.90098Z,KXBTC15M-26OCT050000-00,0.0040,171.64,yes
2026-10-05T03:58:01.90098Z,KXBTC15M-26OCT050000-00,0.0040,15.00,yes
2026-10-05T03:58:01.900997Z,KXBTC15M-26OCT050000-00,0.0030,200.00,no
2026-10-05T03:58:01.914038Z,KXBTC15M-26OCT050000-00,0.0040,116.88,yes
2026-10-05T03:58:01.916208Z,KXBTC15M-26OCT050000-00,0.0040,0.01,yes
2026-10-05T03:58:01.916208Z,KXBTC15M-26OCT050000-00,0.0050,52.64,yes
2026-10-05T03:58:01.916208Z,KXBTC15M-26OCT050000-00,0.0040,64.22,yes
2026-10-05T03:58:01.916208Z,KXBTC15M-26OCT050000-00,0.0040,0.01,yes
2026-10-05T03:58:01.947661Z,KXBTC15M-26OCT050000-00,0.0050,46.68,yes
2026-10-05T03:58:01.978734Z,KXBTC15M-26OCT050000-00,0.0050,5.27,yes
2026-10-05T03:58:01.983884Z,KXBTC15M-26OCT050000-00,0.0040,39.98,no
2026-10-05T03:58:01.983884Z,KXBTC15M-26OCT050000-00,0.0040,150.00,no
2026-10-05T03:58:01.983884Z,KXBTC15M-26OCT050000-00,0.0040,0.01,no
2026-10-05T03:58:01.983884Z,KXBTC15M-26OCT050000-00,0.0040,10.00,no
2026-10-05T03:58:01.983884Z,KXBTC15M-26OCT050000-00,0.0040,0.01,no
2026-10-05T03:58:02.005357Z,KXBTC15M-26OCT050000-00,0.0050,28.00,yes
2026-10-05T03:58:02.005357Z,KXBTC15M-26OCT050000-00,0.0050,0.01,yes
2026-10-05T03:58:02.005357Z,KXBTC15M-26OCT050000-00,0.0050,188.99,yes
2026-10-05T03:58:02.005357Z,KXBTC15M-26OCT050000-00,0.0050,0.41,yes
2026-10-05T03:58:02.005357Z,KXBTC15M-26OCT050000-00,0.0050,120.00,yes
2026-10-05T03:58:02.005357Z,KXBTC15M-26OCT050000-00,0.0050,200.00,yes
2026-10-05T03:58:02.005357Z,KXBTC15M-26OCT050000-00,0.0050,0.01,yes
2026-10-05T03:58:02.005357Z,KXBTC15M-26OCT050000-00,0.0050,47.00,yes
2026-10-05T03:58:02.016091Z,KXBTC15M-26OCT050000-00,0.0040,65.00,no
2026-10-05T03:58:02.054585Z,KXBTC15M-26OCT050000-00,0.0050,4.47,yes
2026-10-05T03:58:02.060468Z,KXBTC15M-26OCT050000-00,0.0040,200.00,no
2026-10-05T03:58:02.066917Z,KXBTC15M-26OCT050000-00,0.0050,0.01,yes
2026-10-05T03:58:02.066917Z,KXBTC15M-26OCT050000-00,0.0060,200.00,yes
2026-10-05T03:58:02.066917Z,KXBTC15M-26OCT050000-00,0.0060,308.00,yes
2026-10-05T03:58:02.066917Z,KXBTC15M-26OCT050000-00,0.0070,19.86,yes
2026-10-05T03:58:02.066917Z,KXBTC15M-26OCT050000-00,0.0050,7.00,yes
2026-10-05T03:58:02.066917Z,KXBTC15M-26OCT050000-00,0.0050,15.00,yes
2026-10-05T03:58:02.066917Z,KXBTC15M-26OCT050000-00,0.0060,28.00,yes
2026-10-05T03:58:02.066917Z,KXBTC15M-26OCT050000-00,0.0050,0.01,yes
2026-10-05T03:58:02.066917Z,KXBTC15M-26OCT050000-00,0.0050,6.54,yes
2026-10-05T03:58:02.097116Z,KXBTC15M-26OCT050000-00,0.0050,5.00,no
2026-10-05T03:58:02.106272Z,KXBTC15M-26OCT050000-00,0.0060,90.00,yes
2026-10-05T03:58:02.11367Z,KXBTC15M-26OCT050000-00,0.0060,116.88,yes
2026-10-05T03:58:02.125448Z,KXBTC15M-26OCT050000-00,0.0060,14.58,yes
2026-10-05T03:58:02.134639Z,KXBTC15M-26OCT050000-00,0.0060,0.01,yes
2026-10-05T03:58:02.134639Z,KXBTC15M-26OCT050000-00,0.0060,0.01,yes
2026-10-05T03:58:02.134639Z,KXBTC15M-26OCT050000-00,0.0060,7.27,yes
2026-10-05T03:58:02.13906Z,KXBTC15M-26OCT050000-00,0.0060,41.73,yes
2026-10-05T03:58:02.13906Z,KXBTC15M-26OCT050000-00,0.0060,76.27,yes
2026-10-05T03:58:02.141116Z,KXBTC15M-26OCT050000-00,0.0060,259.73,yes
2026-10-05T03:58:02.141116Z,KXBTC15M-26OCT050000-00,0.0060,193.08,yes
2026-10-05T03:58:02.163782Z,KXBTC15M-26OCT050000-00,0.0060,11.69,yes
2026-10-05T03:58:02.191235Z,KXBTC15M-26OCT050000-00,0.0060,4.03,yes
2026-10-05T03:58:02.217004Z,KXBTC15M-26OCT050000-00,0.0050,0.01,no
2026-10-05T03:58:02.217004Z,KXBTC15M-26OCT050000-00,0.0050,6.68,no
2026-10-05T03:58:02.224339Z,KXBTC15M-26OCT050000-00,0.0050,6.89,no
2026-10-05T03:58:02.246837Z,KXBTC15M-26OCT050000-00,0.0060,291.20,yes
2026-10-05T03:58:02.246837Z,KXBTC15M-26OCT050000-00,0.0060,176.33,yes
2026-10-05T03:58:02.273598Z,KXBTC15M-26OCT050000-00,0.0050,1.97,no
2026-10-05T03:58:02.285402Z,KXBTC15M-26OCT050000-00,0.0060,11.71,yes
2026-10-05T03:58:02.302342Z,KXBTC15M-26OCT050000-00,0.0060,9.00,yes
2026-10-05T03:58:02.344139Z,KXBTC15M-26OCT050000-00,0.0060,116.88,yes
2026-10-05T03:58:02.348094Z,KXBTC15M-26OCT050000-00,0.0050,5.01,no
2026-10-05T03:58:02.374319Z,KXBTC15M-26OCT050000-00,0.0060,39.40,yes
2026-10-05T03:58:02.38564Z,KXBTC15M-26OCT050000-00,0.0060,320.91,yes
2026-10-05T03:58:02.38564Z,KXBTC15M-26OCT050000-00,0.0060,146.68,yes
2026-10-05T03:58:02.397171Z,KXBTC15M-26OCT050000-00,0.0060,243.00,yes
2026-10-05T03:58:02.42648Z,KXBTC15M-26OCT050000-00,0.0050,0.10,no
2026-10-05T03:58:02.434907Z,KXBTC15M-26OCT050000-00,0.0050,3.63,no
2026-10-05T03:58:02.434907Z,KXBTC15M-26OCT050000-00,0.0050,0.01,no
2026-10-05T03:58:02.434907Z,KXBTC15M-26OCT050000-00,0.0050,0.01,no
2026-10-05T03:58:02.434907Z,KXBTC15M-26OCT050000-00,0.0050,1.35,no
2026-10-05T03:58:02.44794Z,KXBTC15M-26OCT050000-00,0.0060,235.66,yes
2026-10-05T03:58:02.461018Z,KXBTC15M-26OCT050000-00,0.0050,0.01,no
2026-10-05T03:58:02.461018Z,KXBTC15M-26OCT050000-00,0.0050,0.01,no
2026-10-05T03:58:02.461018Z,KXBTC15M-26OCT050000-00,0.0040,245.65,no
2026-10-05T03:58:02.461018Z,KXBTC15M-26OCT050000-00,0.0040,10.00,no
2026-10-05T03:58:02.461018Z,KXBTC15M-26OCT050000-00,0.0050,22.00,no
2026-10-05T03:58:02.461018Z,KXBTC15M-26OCT050000-00,0.0040,10.00,no
2026-10-05T03:58:02.482526Z,KXBTC15M-26OCT050000-00,0.0040,200.00,no
2026-10-05T03:58:02.49776Z,KXBTC15M-26OCT050000-00,0.0040,190.00,no
2026-10-05T03:58:02.49776Z,KXBTC15M-26OCT050000-00,0.0040,10.00,no
2026-10-05T03:58:02.506328Z,KXBTC15M-26OCT050000-00,0.0050,6.91,yes
2026-10-05T03:58:02.512865Z,KXBTC15M-26OCT050000-00,0.0040,10.00,no
2026-10-05T03:58:02.512865Z,KXBTC15M-26OCT050000-00,0.0040,0.01,no
2026-10-05T03:58:02.512865Z,KXBTC15M-26OCT050000-00,0.0040,150.00,no
2026-10-05T03:58:02.512865Z,KXBTC15M-26OCT050000-00,0.0040,0.01,no
2026-10-05T03:58:02.512865Z,KXBTC15M-26OCT050000-00,0.0040,39.98,no
2026-10-05T03:58:02.546612Z,KXBTC15M-26OCT050000-00,0.0050,100.00,yes
2026-10-05T03:58:02.627071Z,KXBTC15M-26OCT050000-00,0.0050,155.83,yes
2026-10-05T03:58:02.654994Z,KXBTC15M-26OCT050000-00,0.0050,115.26,yes
2026-10-05T03:58:02.654994Z,KXBTC15M-26OCT050000-00,0.0050,196.38,yes
2026-10-05T03:58:02.655421Z,KXBTC15M-26OCT050000-00,0.0050,108.53,yes
2026-10-05T03:58:02.714479Z,KXBTC15M-26OCT050000-00,0.0040,0.02,no
2026-10-05T03:58:02.716433Z,KXBTC15M-26OCT050000-00,0.0050,50.00,yes
2026-10-05T03:58:02.726234Z,KXBTC15M-26OCT050000-00,0.0050,0.01,yes
2026-10-05T03:58:02.726234Z,KXBTC15M-26OCT050000-00,0.0050,15.00,yes
2026-10-05T03:58:02.726234Z,KXBTC15M-26OCT050000-00,0.0050,0.01,yes
2026-10-05T03:58:02.726234Z,KXBTC15M-26OCT050000-00,0.0050,110.72,yes
2026-10-05T03:58:02.726234Z,KXBTC15M-26OCT050000-00,0.0050,30.09,yes
2026-10-05T03:58:02.738421Z,KXBTC15M-26OCT050000-00,0.0030,1213.67,no
2026-10-05T03:58:02.738421Z,KXBTC15M-26OCT050000-00,0.0040,10.00,no
2026-10-05T03:58:02.738421Z,KXBTC15M-26OCT050000-00,0.0040,0.02,no
2026-10-05T03:58:02.738421Z,KXBTC15M-26OCT050000-00,0.0040,19.98,no
2026-10-05T03:58:02.738421Z,KXBTC15M-26OCT050000-00,0.0040,10.00,no
2026-10-05T03:58:02.738421Z,KXBTC15M-26OCT050000-00,0.0040,0.01,no
2026-10-05T03:58:02.738421Z,KXBTC15M-26OCT050000-00,0.0040,0.01,no
2026-10-05T03:58:02.738421Z,KXBTC15M-26OCT050000-00,0.0040,10.00,no
2026-10-05T03:58:02.762901Z,KXBTC15M-26OCT050000-00,0.0030,14.69,no
2026-10-05T03:58:02.762901Z,KXBTC15M-26OCT050000-00,0.0030,150.29,no
2026-10-05T03:58:02.762901Z,KXBTC15M-26OCT050000-00,0.0040,20.00,no
2026-10-05T03:58:02.762901Z,KXBTC15M-26OCT050000-00,0.0040,15.00,no
2026-10-05T03:58:02.762901Z,KXBTC15M-26OCT050000-00,0.0040,0.01,no
2026-10-05T03:58:02.762901Z,KXBTC15M-26OCT050000-00,0.0040,0.01,no
2026-10-05T03:58:02.770434Z,KXBTC15M-26OCT050000-00,0.0050,0.01,yes
2026-10-05T03:58:02.770434Z,KXBTC15M-26OCT050000-00,0.0050,189.00,yes
2026-10-05T03:58:02.770434Z,KXBTC15M-26OCT050000-00,0.0050,500.00,yes
2026-10-05T03:58:02.770434Z,KXBTC15M-26OCT050000-00,0.0060,2341.43,yes
2026-10-05T03:58:02.770434Z,KXBTC15M-26OCT050000-00,0.0060,200.00,yes
2026-10-05T03:58:02.770434Z,KXBTC15M-26OCT050000-00,0.0060,0.23,yes
2026-10-05T03:58:02.770434Z,KXBTC15M-26OCT050000-00,0.0050,0.21,yes
2026-10-05T03:58:02.770434Z,KXBTC15M-26OCT050000-00,0.0050,0.01,yes
2026-10-05T03:58:02.770434Z,KXBTC15M-26OCT050000-00,0.0050,195.00,yes
2026-10-05T03:58:02.770434Z,KXBTC15M-26OCT050000-00,0.0070,0.23,yes
2026-10-05T03:58:02.770434Z,KXBTC15M-26OCT050000-00,0.0070,17.00,yes
2026-10-05T03:58:02.770434Z,KXBTC15M-26OCT050000-00,0.0050,89.28,yes
2026-10-05T03:58:02.770434Z,KXBTC15M-26OCT050000-00,0.0080,1120.25,yes
2026-10-05T03:58:02.770434Z,KXBTC15M-26OCT050000-00,0.0080,225.55,yes
2026-10-05T03:58:02.770434Z,KXBTC15M-26OCT050000-00,0.0080,1269.60,yes
2026-10-05T03:58:02.770434Z,KXBTC15M-26OCT050000-00,0.0080,185.38,yes
2026-10-05T03:58:02.770434Z,KXBTC15M-26OCT050000-00,0.0080,14.63,yes
2026-10-05T03:58:02.770434Z,KXBTC15M-26OCT050000-00,0.0080,1130.46,yes
2026-10-05T03:58:02.770434Z,KXBTC15M-26OCT050000-00,0.0060,10.00,yes
2026-10-05T03:58:02.77525Z,KXBTC15M-26OCT050000-00,0.0030,18.71,no
2026-10-05T03:58:02.777271Z,KXBTC15M-26OCT050000-00,0.0050,200.00,no
2026-10-05T03:58:02.792218Z,KXBTC15M-26OCT050000-00,0.0050,200.00,no
2026-10-05T03:58:02.800742Z,KXBTC15M-26OCT050000-00,0.0080,24.53,yes
2026-10-05T03:58:02.803448Z,KXBTC15M-26OCT050000-00,0.0060,152.71,yes
2026-10-05T03:58:02.810309Z,KXBTC15M-26OCT050000-00,0.0060,190.83,yes
2026-10-05T03:58:02.810309Z,KXBTC15M-26OCT050000-00,0.0070,238.06,yes
2026-10-05T03:58:02.832902Z,KXBTC15M-26OCT050000-00,0.0060,18.71,yes
2026-10-05T03:58:02.832902Z,KXBTC15M-26OCT050000-00,0.0060,0.01,yes
2026-10-05T03:58:02.832902Z,KXBTC15M-26OCT050000-00,0.0060,17.27,yes
2026-10-05T03:58:02.832902Z,KXBTC15M-26OCT050000-00,0.0060,15.00,yes
2026-10-05T03:58:02.832902Z,KXBTC15M-26OCT050000-00,0.0060,0.01,yes
2026-10-05T03:58:02.855768Z,KXBTC15M-26OCT050000-00,0.0060,152.71,yes
2026-10-05T03:58:02.883654Z,KXBTC15M-26OCT050000-00,0.0050,4.36,no
2026-10-05T03:58:02.886557Z,KXBTC15M-26OCT050000-00,0.0060,144.86,yes
2026-10-05T03:58:02.900148Z,KXBTC15M-26OCT050000-00,0.0060,0.02,yes
2026-10-05T03:58:02.912686Z,KXBTC15M-26OCT050000-00,0.0060,898.81,yes
2026-10-05T03:58:02.912686Z,KXBTC15M-26OCT050000-00,0.0060,36.13,yes
2026-10-05T03:58:02.919591Z,KXBTC15M-26OCT050000-00,0.0060,103.05,yes
2026-10-05T03:58:02.920406Z,KXBTC15M-26OCT050000-00,0.0050,62.22,no
2026-10-05T03:58:02.949172Z,KXBTC15M-26OCT050000-00,0.0060,1.00,yes
2026-10-05T03:58:02.956429Z,KXBTC15M-26OCT050000-00,0.0060,7.19,yes
2026-10-05T03:58:02.96101Z,KXBTC15M-26OCT050000-00,0.0070,76.49,yes
2026-10-05T03:58:02.96101Z,KXBTC15M-26OCT050000-00,0.0060,14.69,yes
2026-10-05T03:58:02.96101Z,KXBTC15M-26OCT050000-00,0.0060,0.01,yes
2026-10-05T03:58:02.96101Z,KXBTC15M-26OCT050000-00,0.0060,2.92,yes
2026-10-05T03:58:02.96101Z,KXBTC15M-26OCT050000-00,0.0060,0.01,yes
2026-10-05T03:58:02.970488Z,KXBTC15M-26OCT050000-00,0.0060,0.01,yes
2026-10-05T03:58:02.970488Z,KXBTC15M-26OCT050000-00,0.0060,152.69,yes
2026-10-05T03:58:02.970488Z,KXBTC15M-26OCT050000-00,0.0060,0.01,yes
2026-10-05T03:58:02.989707Z,KXBTC15M-26OCT050000-00,0.0060,0.01,yes
2026-10-05T03:58:02.989707Z,KXBTC15M-26OCT050000-00,0.0060,0.01,yes
2026-10-05T03:58:02.989707Z,KXBTC15M-26OCT050000-00,0.0070,104.00,yes
2026-10-05T03:58:02.989707Z,KXBTC15M-26OCT050000-00,0.0070,70.45,yes
2026-10-05T03:58:02.997033Z,KXBTC15M-26OCT050000-00,0.0080,12.93,yes
2026-10-05T03:58:03.000866Z,KXBTC15M-26OCT050000-00,0.0070,60.23,no
2026-10-05T03:58:03.012384Z,KXBTC15M-26OCT050000-00,0.0070,50.18,no
2026-10-05T03:58:03.014047Z,KXBTC15M-26OCT050000-00,0.0080,20.41,yes
2026-10-05T03:58:03.030617Z,KXBTC15M-26OCT050000-00,0.0080,5.00,yes
2026-10-05T03:58:03.037353Z,KXBTC15M-26OCT050000-00,0.0080,0.02,yes
2026-10-05T03:58:03.046713Z,KXBTC15M-26OCT050000-00,0.0080,180.29,yes
2026-10-05T03:58:03.046713Z,KXBTC15M-26OCT050000-00,0.0080,66.61,yes
2026-10-05T03:58:03.103706Z,KXBTC15M-26OCT050000-00,0.0080,36.33,yes
2026-10-05T03:58:03.124619Z,KXBTC15M-26OCT050000-00,0.0080,162.13,yes
2026-10-05T03:58:03.129073Z,KXBTC15M-26OCT050000-00,0.0080,26.94,yes
2026-10-05T03:58:03.13742Z,KXBTC15M-26OCT050000-00,0.0070,5.01,no
2026-10-05T03:58:03.154795Z,KXBTC15M-26OCT050000-00,0.0070,10.03,no
2026-10-05T03:58:03.182359Z,KXBTC15M-26OCT050000-00,0.0070,315.90,no
2026-10-05T03:58:03.183533Z,KXBTC15M-26OCT050000-00,0.0080,36.08,yes
2026-10-05T03:58:03.201653Z,KXBTC15M-26OCT050000-00,0.0080,174.00,yes
2026-10-05T03:58:03.202399Z,KXBTC15M-26OCT050000-00,0.0080,30.15,yes
2026-10-05T03:58:03.232302Z,KXBTC15M-26OCT050000-00,0.0080,0.01,yes
2026-10-05T03:58:03.232302Z,KXBTC15M-26OCT050000-00,0.0090,21.00,yes
2026-10-05T03:58:03.232302Z,KXBTC15M-26OCT050000-00,0.0080,0.01,yes
2026-10-05T03:58:03.232302Z,KXBTC15M-26OCT050000-00,0.0080,400.00,yes
2026-10-05T03:58:03.232302Z,KXBTC15M-26OCT050000-00,0.0080,0.26,yes
2026-10-05T03:58:03.232302Z,KXBTC15M-26OCT050000-00,0.0100,16.00,yes
2026-10-05T03:58:03.232302Z,KXBTC15M-26OCT050000-00,0.0090,10.00,yes
2026-10-05T03:58:03.232302Z,KXBTC15M-26OCT050000-00,0.0080,15.00,yes
2026-10-05T03:58:03.232302Z,KXBTC15M-26OCT050000-00,0.0100,96.00,yes
2026-10-05T03:58:03.232302Z,KXBTC15M-26OCT050000-00,0.0100,0.95,yes
2026-10-05T03:58:03.232302Z,KXBTC15M-26OCT050000-00,0.0090,0.17,yes
2026-10-05T03:58:03.232302Z,KXBTC15M-26OCT050000-00,0.0100,0.20,yes
2026-10-05T03:58:03.232302Z,KXBTC15M-26OCT050000-00,0.0100,140.00,yes
2026-10-05T03:58:03.232302Z,KXBTC15M-26OCT050000-00,0.0090,120.00,yes
2026-10-05T03:58:03.232302Z,KXBTC15M-26OCT050000-00,0.0110,199.08,yes
2026-10-05T03:58:03.232302Z,KXBTC15M-26OCT050000-00,0.0110,540.94,yes
2026-10-05T03:58:03.232302Z,KXBTC15M-26OCT050000-00,0.0090,10.00,yes
2026-10-05T03:58:03.232302Z,KXBTC15M-26OCT050000-00,0.0080,15.00,yes
2026-10-05T03:58:03.232302Z,KXBTC15M-26OCT050000-00,0.0100,112.00,yes
2026-10-05T03:58:03.232302Z,KXBTC15M-26OCT050000-00,0.0080,15.00,yes
2026-10-05T03:58:03.232302Z,KXBTC15M-26OCT050000-00,0.0080,83.44,yes
2026-10-05T03:58:03.232302Z,KXBTC15M-26OCT050000-00,0.0100,154.00,yes
2026-10-05T03:58:03.232302Z,KXBTC15M-26OCT050000-00,0.0080,137.30,yes
2026-10-05T03:58:03.232302Z,KXBTC15M-26OCT050000-00,0.0100,15.00,yes
2026-10-05T03:58:03.232302Z,KXBTC15M-26OCT050000-00,0.0100,16.28,yes
2026-10-05T03:58:03.232302Z,KXBTC15M-26OCT050000-00,0.0100,30.00,yes
2026-10-05T03:58:03.249341Z,KXBTC15M-26OCT050000-00,0.0080,0.01,yes
2026-10-05T03:58:03.249341Z,KXBTC15M-26OCT050000-00,0.0080,0.01,yes
2026-10-05T03:58:03.249341Z,KXBTC15M-26OCT050000-00,0.0080,50.56,yes
2026-10-05T03:58:03.256227Z,KXBTC15M-26OCT050000-00,0.0080,0.01,yes
2026-10-05T03:58:03.256227Z,KXBTC15M-26OCT050000-00,0.0080,0.01,yes
2026-10-05T03:58:03.264931Z,KXBTC15M-26OCT050000-00,0.0070,850.74,no
2026-10-05T03:58:03.264931Z,KXBTC15M-26OCT050000-00,0.0070,200.00,no
2026-10-05T03:58:03.264931Z,KXBTC15M-26OCT050000-00,0.0070,284.18,no
2026-10-05T03:58:03.264931Z,KXBTC15M-26OCT050000-00,0.0070,0.01,no
2026-10-05T03:58:03.264931Z,KXBTC15M-26OCT050000-00,0.0070,0.01,no
2026-10-05T03:58:03.276052Z,KXBTC15M-26OCT050000-00,0.0070,199.00,no
2026-10-05T03:58:03.301188Z,KXBTC15M-26OCT050000-00,0.0100,0.98,yes
2026-10-05T03:58:03.301188Z,KXBTC15M-26OCT050000-00,0.0080,0.01,yes
2026-10-05T03:58:03.301188Z,KXBTC15M-26OCT050000-00,0.0080,0.01,yes
2026-10-05T03:58:03.312749Z,KXBTC15M-26OCT050000-00,0.0080,0.01,yes
2026-10-05T03:58:03.312749Z,KXBTC15M-26OCT050000-00,0.0080,0.01,yes
2026-10-05T03:58:03.312749Z,KXBTC15M-26OCT050000-00,0.0100,36.29,yes
2026-10-05T03:58:03.348546Z,KXBTC15M-26OCT050000-00,0.0090,41.27,no
2026-10-05T03:58:03.358704Z,KXBTC15M-26OCT050000-00,0.0100,100.00,yes
2026-10-05T03:58:03.364182Z,KXBTC15M-26OCT050000-00,0.0100,1.97,yes
2026-10-05T03:58:03.365701Z,KXBTC15M-26OCT050000-00,0.0100,1.50,yes
2026-10-05T03:58:03.374267Z,KXBTC15M-26OCT050000-00,0.0100,7.97,yes
2026-10-05T03:58:03.389539Z,KXBTC15M-26OCT050000-00,0.0100,7.16,yes
2026-10-05T03:58:03.404533Z,KXBTC15M-26OCT050000-00,0.0100,90.57,yes
2026-10-05T03:58:03.407295Z,KXBTC15M-26OCT050000-00,0.0100,0.02,yes
2026-10-05T03:58:03.439654Z,KXBTC15M-26OCT050000-00,0.0100,0.01,yes
2026-10-05T03:58:03.46149Z,KXBTC15M-26OCT050000-00,0.0100,15.65,yes
2026-10-05T03:58:03.487871Z,KXBTC15M-26OCT050000-00,0.0100,14.74,yes
2026-10-05T03:58:03.487871Z,KXBTC15M-26OCT050000-00,0.0100,6.89,yes
2026-10-05T03:58:03.487871Z,KXBTC15M-26OCT050000-00,0.0100,24.88,yes
2026-10-05T03:58:03.547031Z,KXBTC15M-26OCT050000-00,0.0100,7.74,yes
2026-10-05T03:58:03.547031Z,KXBTC15M-26OCT050000-00,0.0100,0.01,yes
2026-10-05T03:58:03.547031Z,KXBTC15M-26OCT050000-00,0.0100,15.26,yes
2026-10-05T03:58:03.591797Z,KXBTC15M-26OCT050000-00,0.0090,1000.00,no
2026-10-05T03:58:03.593694Z,KXBTC15M-26OCT050000-00,0.0100,1.87,yes
2026-10-05T03:58:03.618138Z,KXBTC15M-26OCT050000-00,0.0090,4.27,no
2026-10-05T03:58:03.637222Z,KXBTC15M-26OCT050000-00,0.0090,11.07,no
2026-10-05T03:58:03.722804Z,KXBTC15M-26OCT050000-00,0.0100,123.61,yes
2026-10-05T03:58:03.722804Z,KXBTC15M-26OCT050000-00,0.0100,5.39,yes
2026-10-05T03:58:03.722804Z,KXBTC15M-26OCT050000-00,0.0100,27.00,yes
2026-10-05T03:58:03.750969Z,KXBTC15M-26OCT050000-00,0.0100,25.39,yes
2026-10-05T03:58:03.750969Z,KXBTC15M-26OCT050000-00,0.0100,33.41,yes
2026-10-05T03:58:03.756728Z,KXBTC15M-26OCT050000-00,0.0090,2084.39,no
2026-10-05T03:58:03.756728Z,KXBTC15M-26OCT050000-00,0.0090,415.61,no
2026-10-05T03:58:03.758963Z,KXBTC15M-26OCT050000-00,0.0100,37.86,yes
2026-10-05T03:58:03.780609Z,KXBTC15M-26OCT050000-00,0.0100,8.23,yes
2026-10-05T03:58:03.815724Z,KXBTC15M-26OCT050000-00,0.0100,88.46,yes
2026-10-05T03:58:03.815724Z,KXBTC15M-26OCT050000-00,0.0100,69.50,yes
2026-10-05T03:58:03.815724Z,KXBTC15M-26OCT050000-00,0.0100,0.01,yes
2026-10-05T03:58:03.815724Z,KXBTC15M-26OCT050000-00,0.0100,0.01,yes
2026-10-05T03:58:03.81947Z,KXBTC15M-26OCT050000-00,0.0100,50.54,yes
2026-10-05T03:58:03.81947Z,KXBTC15M-26OCT050000-00,0.0100,42.97,yes
2026-10-05T03:58:03.845883Z,KXBTC15M-26OCT050000-00,0.0060,15.00,no
2026-10-05T03:58:03.845883Z,KXBTC15M-26OCT050000-00,0.0060,58.80,no
2026-10-05T03:58:03.845883Z,KXBTC15M-26OCT050000-00,0.0090,0.01,no
2026-10-05T03:58:03.845883Z,KXBTC15M-26OCT050000-00,0.0080,15.00,no
2026-10-05T03:58:03.845883Z,KXBTC15M-26OCT050000-00,0.0090,0.01,no
2026-10-05T03:58:03.845883Z,KXBTC15M-26OCT050000-00,0.0070,10.00,no
2026-10-05T03:58:03.865666Z,KXBTC15M-26OCT050000-00,0.0100,56.11,yes
2026-10-05T03:58:03.867067Z,KXBTC15M-26OCT050000-00,0.0090,0.01,no
2026-10-05T03:58:03.867067Z,KXBTC15M-26OCT050000-00,0.0090,400.00,no
2026-10-05T03:58:03.905862Z,KXBTC15M-26OCT050000-00,0.0100,12.76,yes
2026-10-05T03:58:03.91586Z,KXBTC15M-26OCT050000-00,0.0100,560.00,yes
2026-10-05T03:58:03.919706Z,KXBTC15M-26OCT050000-00,0.0100,394.11,yes
2026-10-05T03:58:03.92003Z,KXBTC15M-26OCT050000-00,0.0100,67.79,yes
2026-10-05T03:58:03.930062Z,KXBTC15M-26OCT050000-00,0.0090,0.01,no
2026-10-05T03:58:03.930062Z,KXBTC15M-26OCT050000-00,0.0060,311.62,no
2026-10-05T03:58:03.930062Z,KXBTC15M-26OCT050000-00,0.0090,0.01,no
2026-10-05T03:58:03.936501Z,KXBTC15M-26OCT050000-00,0.0060,1.99,no
2026-10-05T03:58:03.936501Z,KXBTC15M-26OCT050000-00,0.0090,0.01,no
2026-10-05T03:58:03.947845Z,KXBTC15M-26OCT050000-00,0.0100,46.75,yes
2026-10-05T03:58:03.975386Z,KXBTC15M-26OCT050000-00,0.0060,2.48,no
2026-10-05T03:58:03.975386Z,KXBTC15M-26OCT050000-00,0.0090,0.01,no
2026-10-05T03:58:03.975386Z,KXBTC15M-26OCT050000-00,0.0090,0.01,no
2026-10-05T03:58:04.026939Z,KXBTC15M-26OCT050000-00,0.0100,3.94,yes
2026-10-05T03:58:04.03711Z,KXBTC15M-26OCT050000-00,0.0090,400.00,no
2026-10-05T03:58:04.03711Z,KXBTC15M-26OCT050000-00,0.0090,0.01,no
2026-10-05T03:58:04.03711Z,KXBTC15M-26OCT050000-00,0.0090,0.01,no
2026-10-05T03:58:04.03711Z,KXBTC15M-26OCT050000-00,0.0060,33.61,no
2026-10-05T03:58:04.087776Z,KXBTC15M-26OCT050000-00,0.0100,93.51,yes
2026-10-05T03:58:04.165183Z,KXBTC15M-26OCT050000-00,0.0100,280.00,yes
2026-10-05T03:58:04.195716Z,KXBTC15M-26OCT050000-00,0.0100,0.02,yes
2026-10-05T03:58:04.196018Z,KXBTC15M-26OCT050000-00,0.0100,0.02,yes
2026-10-05T03:58:04.199704Z,KXBTC15M-26OCT050000-00,0.0100,0.01,yes
2026-10-05T03:58:04.199704Z,KXBTC15M-26OCT050000-00,0.0100,67.77,yes
2026-10-05T03:58:04.199704Z,KXBTC15M-26OCT050000-00,0.0100,15.96,yes
2026-10-05T03:58:04.209147Z,KXBTC15M-26OCT050000-00,0.0120,2.00,yes
2026-10-05T03:58:04.209147Z,KXBTC15M-26OCT050000-00,0.0130,2.00,yes
2026-10-05T03:58:04.209147Z,KXBTC15M-26OCT050000-00,0.0110,2.00,yes
2026-10-05T03:58:04.209147Z,KXBTC15M-26OCT050000-00,0.0130,4.77,yes
2026-10-05T03:58:04.209147Z,KXBTC15M-26OCT050000-00,0.0120,35.50,yes
2026-10-05T03:58:04.209147Z,KXBTC15M-26OCT050000-00,0.0110,0.19,yes
2026-10-05T03:58:04.209147Z,KXBTC15M-26OCT050000-00,0.0110,216.87,yes
2026-10-05T03:58:04.209147Z,KXBTC15M-26OCT050000-00,0.0110,1080.92,yes
2026-10-05T03:58:04.209147Z,KXBTC15M-26OCT050000-00,0.0110,21.80,yes
2026-10-05T03:58:04.209147Z,KXBTC15M-26OCT050000-00,0.0140,149.32,yes
2026-10-05T03:58:04.209147Z,KXBTC15M-26OCT050000-00,0.0130,0.16,yes
2026-10-05T03:58:04.209147Z,KXBTC15M-26OCT050000-00,0.0120,31.86,yes
2026-10-05T03:58:04.209147Z,KXBTC15M-26OCT050000-00,0.0140,256.00,yes
2026-10-05T03:58:04.209147Z,KXBTC15M-26OCT050000-00,0.0140,85.76,yes
2026-10-05T03:58:04.209147Z,KXBTC15M-26OCT050000-00,0.0130,404.21,yes
2026-10-05T03:58:04.209147Z,KXBTC15M-26OCT050000-00,0.0120,21.00,yes
2026-10-05T03:58:04.209147Z,KXBTC15M-26OCT050000-00,0.0140,152.45,yes
2026-10-05T03:58:04.209147Z,KXBTC15M-26OCT050000-00,0.0130,150.00,yes
2026-10-05T03:58:04.209147Z,KXBTC15M-26OCT050000-00,0.0120,4.95,yes
2026-10-05T03:58:04.209147Z,KXBTC15M-26OCT050000-00,0.0120,0.14,yes
2026-10-05T03:58:04.209147Z,KXBTC15M-26OCT050000-00,0.0120,6.61,yes
2026-10-05T03:58:04.209147Z,KXBTC15M-26OCT050000-00,0.0120,191.42,yes
2026-10-05T03:58:04.209147Z,KXBTC15M-26OCT050000-00,0.0100,0.01,yes
2026-10-05T03:58:04.209147Z,KXBTC15M-26OCT050000-00,0.0100,0.01,yes
2026-10-05T03:58:04.209147Z,KXBTC15M-26OCT050000-00,0.0100,98.00,yes
2026-10-05T03:58:04.209147Z,KXBTC15M-26OCT050000-00,0.0120,10.00,yes
2026-10-05T03:58:04.209147Z,KXBTC15M-26OCT050000-00,0.0100,129.23,yes
2026-10-05T03:58:04.209147Z,KXBTC15M-26OCT050000-00,0.0120,15.00,yes
2026-10-05T03:58:04.209147Z,KXBTC15M-26OCT050000-00,0.0120,15.00,yes
2026-10-05T03:58:04.209147Z,KXBTC15M-26OCT050000-00,0.0120,10.00,yes
2026-10-05T03:58:04.209147Z,KXBTC15M-26OCT050000-00,0.0130,2.00,yes
2026-10-05T03:58:04.22791Z,KXBTC15M-26OCT050000-00,0.0100,0.01,yes
2026-10-05T03:58:04.22791Z,KXBTC15M-26OCT050000-00,0.0100,0.01,yes
2026-10-05T03:58:04.22791Z,KXBTC15M-26OCT050000-00,0.0110,9.14,yes
2026-10-05T03:58:04.236649Z,KXBTC15M-26OCT050000-00,0.0110,11.86,yes
2026-10-05T03:58:04.236649Z,KXBTC15M-26OCT050000-00,0.0130,98.00,yes
2026-10-05T03:58:04.236649Z,KXBTC15M-26OCT050000-00,0.0130,38.16,yes
2026-10-05T03:58:04.236649Z,KXBTC15M-26OCT050000-00,0.0120,7.00,yes
2026-10-05T03:58:04.236649Z,KXBTC15M-26OCT050000-00,0.0110,84.00,yes
2026-10-05T03:58:04.236649Z,KXBTC15M-26OCT050000-00,0.0130,70.00,yes
2026-10-05T03:58:04.236649Z,KXBTC15M-26OCT050000-00,0.0130,21.00,yes
2026-10-05T03:58:04.237081Z,KXBTC15M-26OCT050000-00,0.0140,14.39,yes
2026-10-05T03:58:04.237081Z,KXBTC15M-26OCT050000-00,0.0130,178.84,yes
2026-10-05T03:58:04.243153Z,KXBTC15M-26OCT050000-00,0.0140,15.93,yes
2026-10-05T03:58:04.243153Z,KXBTC15M-26OCT050000-00,0.0110,0.01,yes
2026-10-05T03:58:04.243153Z,KXBTC15M-26OCT050000-00,0.0110,0.01,yes
2026-10-05T03:58:04.266644Z,KXBTC15M-26OCT050000-00,0.0100,236.98,no
2026-10-05T03:58:04.266644Z,KXBTC15M-26OCT050000-00,0.0100,0.01,no
2026-10-05T03:58:04.266644Z,KXBTC15M-26OCT050000-00,0.0100,50.00,no
2026-10-05T03:58:04.266644Z,KXBTC15M-26OCT050000-00,0.0100,15.00,no
2026-10-05T03:58:04.266644Z,KXBTC15M-26OCT050000-00,0.0100,0.01,no
2026-10-05T03:58:04.27132Z,KXBTC15M-26OCT050000-00,0.0140,338.06,yes
2026-10-05T03:58:04.282397Z,KXBTC15M-26OCT050000-00,0.0100,10.64,no
2026-10-05T03:58:04.282397Z,KXBTC15M-26OCT050000-00,0.0100,189.36,no
2026-10-05T03:58:04.29494Z,KXBTC15M-26OCT050000-00,0.0130,1.00,no
2026-10-05T03:58:04.29822Z,KXBTC15M-26OCT050000-00,0.0140,24.70,yes
2026-10-05T03:58:04.302741Z,KXBTC15M-26OCT050000-00,0.0140,21.17,yes
2026-10-05T03:58:04.313766Z,KXBTC15M-26OCT050000-00,0.0150,1.00,yes
2026-10-05T03:58:04.313766Z,KXBTC15M-26OCT050000-00,0.0150,13.70,yes
2026-10-05T03:58:04.313766Z,KXBTC15M-26OCT050000-00,0.0140,11.99,yes
2026-10-05T03:58:04.313766Z,KXBTC15M-26OCT050000-00,0.0140,0.14,yes
2026-10-05T03:58:04.313766Z,KXBTC15M-26OCT050000-00,0.0150,0.16,yes
2026-10-05T03:58:04.313766Z,KXBTC15M-26OCT050000-00,0.0140,2.00,yes
2026-10-05T03:58:04.313766Z,KXBTC15M-26OCT050000-00,0.0140,49.00,yes
2026-10-05T03:58:04.313766Z,KXBTC15M-26OCT050000-00,0.0140,0.01,yes
2026-10-05T03:58:04.313766Z,KXBTC15M-26OCT050000-00,0.0140,56.00,yes
2026-10-05T03:58:04.313766Z,KXBTC15M-26OCT050000-00,0.0140,14.00,yes
2026-10-05T03:58:04.313766Z,KXBTC15M-26OCT050000-00,0.0150,2.00,yes
2026-10-05T03:58:04.320102Z,KXBTC15M-26OCT050000-00,0.0130,522.82,no
2026-10-05T03:58:04.321168Z,KXBTC15M-26OCT050000-00,0.0160,53.95,yes
2026-10-05T03:58:04.321168Z,KXBTC15M-26OCT050000-00,0.0160,0.10,yes
2026-10-05T03:58:04.321168Z,KXBTC15M-26OCT050000-00,0.0160,39.47,yes
2026-10-05T03:58:04.321168Z,KXBTC15M-26OCT050000-00,0.0160,2.00,yes
2026-10-05T03:58:04.321168Z,KXBTC15M-26OCT050000-00,0.0160,13.00,yes
2026-10-05T03:58:04.321168Z,KXBTC15M-26OCT050000-00,0.0160,2.00,yes
2026-10-05T03:58:04.321168Z,KXBTC15M-26OCT050000-00,0.0160,15.00,yes
2026-10-05T03:58:04.321168Z,KXBTC15M-26OCT050000-00,0.0140,0.01,yes
2026-10-05T03:58:04.321168Z,KXBTC15M-26OCT050000-00,0.0160,15.00,yes
2026-10-05T03:58:04.347426Z,KXBTC15M-26OCT050000-00,0.0140,15.00,yes
2026-10-05T03:58:04.363903Z,KXBTC15M-26OCT050000-00,0.0150,5.97,yes
2026-10-05T03:58:04.363903Z,KXBTC15M-26OCT050000-00,0.0140,0.01,yes
2026-10-05T03:58:04.363903Z,KXBTC15M-26OCT050000-00,0.0140,0.01,yes
2026-10-05T03:58:04.363903Z,KXBTC15M-26OCT050000-00,0.0140,34.00,yes
2026-10-05T03:58:04.363903Z,KXBTC15M-26OCT050000-00,0.0150,0.01,yes
2026-10-05T03:58:04.363903Z,KXBTC15M-26OCT050000-00,0.0140,21.00,yes
2026-10-05T03:58:04.365391Z,KXBTC15M-26OCT050000-00,0.0150,1.00,yes
2026-10-05T03:58:04.376144Z,KXBTC15M-26OCT050000-00,0.0150,3.77,yes
2026-10-05T03:58:04.376144Z,KXBTC15M-26OCT050000-00,0.0140,0.01,yes
2026-10-05T03:58:04.383162Z,KXBTC15M-26OCT050000-00,0.0150,1.01,yes
2026-10-05T03:58:04.383162Z,KXBTC15M-26OCT050000-00,0.0150,0.01,yes
2026-10-05T03:58:04.383162Z,KXBTC15M-26OCT050000-00,0.0160,15.77,yes
2026-10-05T03:58:04.383162Z,KXBTC15M-26OCT050000-00,0.0150,0.01,yes
2026-10-05T03:58:04.39964Z,KXBTC15M-26OCT050000-00,0.0130,0.01,no
2026-10-05T03:58:04.39964Z,KXBTC15M-26OCT050000-00,0.0130,26.98,no
2026-10-05T03:58:04.39964Z,KXBTC15M-26OCT050000-00,0.0130,0.01,no
2026-10-05T03:58:04.406862Z,KXBTC15M-26OCT050000-00,0.0130,26.00,no
2026-10-05T03:58:04.411747Z,KXBTC15M-26OCT050000-00,0.0150,84.00,yes
2026-10-05T03:58:04.411747Z,KXBTC15M-26OCT050000-00,0.0150,0.01,yes
2026-10-05T03:58:04.411747Z,KXBTC15M-26OCT050000-00,0.0150,0.01,yes
2026-10-05T03:58:04.411747Z,KXBTC15M-26OCT050000-00,0.0150,77.00,yes
2026-10-05T03:58:04.411747Z,KXBTC15M-26OCT050000-00,0.0150,84.00,yes
2026-10-05T03:58:04.411747Z,KXBTC15M-26OCT050000-00,0.0150,131.98,yes
2026-10-05T03:58:04.417318Z,KXBTC15M-26OCT050000-00,0.0110,17.00,no
2026-10-05T03:58:04.417318Z,KXBTC15M-26OCT050000-00,0.0130,0.01,no
2026-10-05T03:58:04.417318Z,KXBTC15M-26OCT050000-00,0.0100,93.75,no
2026-10-05T03:58:04.417318Z,KXBTC15M-26OCT050000-00,0.0130,0.01,no
2026-10-05T03:58:04.417318Z,KXBTC15M-26OCT050000-00,0.0100,780.48,no
2026-10-05T03:58:04.417318Z,KXBTC15M-26OCT050000-00,0.0100,15.00,no
2026-10-05T03:58:04.417318Z,KXBTC15M-26OCT050000-00,0.0100,93.75,no
2026-10-05T03:58:04.445421Z,KXBTC15M-26OCT050000-00,0.0130,0.01,no
2026-10-05T03:58:04.445421Z,KXBTC15M-26OCT050000-00,0.0130,0.01,no
2026-10-05T03:58:04.445421Z,KXBTC15M-26OCT050000-00,0.0130,14.98,no
2026-10-05T03:58:04.494853Z,KXBTC15M-26OCT050000-00,0.0130,0.01,no
2026-10-05T03:58:04.494853Z,KXBTC15M-26OCT050000-00,0.0130,0.01,no
2026-10-05T03:58:04.494853Z,KXBTC15M-26OCT050000-00,0.0100,11.04,no
2026-10-05T03:58:04.529933Z,KXBTC15M-26OCT050000-00,0.0100,15.00,no
2026-10-05T03:58:04.529933Z,KXBTC15M-26OCT050000-00,0.0090,200.00,no
2026-10-05T03:58:04.529933Z,KXBTC15M-26OCT050000-00,0.0100,0.01,no
2026-10-05T03:58:04.529933Z,KXBTC15M-26OCT050000-00,0.0070,499.55,no
2026-10-05T03:58:04.529933Z,KXBTC15M-26OCT050000-00,0.0100,800.00,no
2026-10-05T03:58:04.529933Z,KXBTC15M-26OCT050000-00,0.0090,2.00,no
2026-10-05T03:58:04.529933Z,KXBTC15M-26OCT050000-00,0.0130,400.00,no
2026-10-05T03:58:04.529933Z,KXBTC15M-26OCT050000-00,0.0130,0.01,no
2026-10-05T03:58:04.529933Z,KXBTC15M-26OCT050000-00,0.0100,1.00,no
2026-10-05T03:58:04.529933Z,KXBTC15M-26OCT050000-00,0.0080,2.00,no
2026-10-05T03:58:04.529933Z,KXBTC15M-26OCT050000-00,0.0080,150.00,no
2026-10-05T03:58:04.529933Z,KXBTC15M-26OCT050000-00,0.0080,2.00,no
2026-10-05T03:58:04.529933Z,KXBTC15M-26OCT050000-00,0.0080,15.00,no
2026-10-05T03:58:04.529933Z,KXBTC15M-26OCT050000-00,0.0130,0.01,no
2026-10-05T03:58:04.529933Z,KXBTC15M-26OCT050000-00,0.0100,200.00,no
2026-10-05T03:58:04.529933Z,KXBTC15M-26OCT050000-00,0.0100,0.01,no
2026-10-05T03:58:04.529933Z,KXBTC15M-26OCT050000-00,0.0100,38.96,no
2026-10-05T03:58:04.529933Z,KXBTC15M-26OCT050000-00,0.0100,10.00,no
2026-10-05T03:58:04.537037Z,KXBTC15M-26OCT050000-00,0.0070,54.00,no
2026-10-05T03:58:04.537037Z,KXBTC15M-26OCT050000-00,0.0050,64.00,no
2026-10-05T03:58:04.537037Z,KXBTC15M-26OCT050000-00,0.0070,2.00,no
2026-10-05T03:58:04.537037Z,KXBTC15M-26OCT050000-00,0.0070,547.45,no
2026-10-05T03:58:04.537037Z,KXBTC15M-26OCT050000-00,0.0050,93.75,no
2026-10-05T03:58:04.537037Z,KXBTC15M-26OCT050000-00,0.0070,2.00,no
2026-10-05T03:58:04.537037Z,KXBTC15M-26OCT050000-00,0.0060,2.00,no
2026-10-05T03:58:04.537037Z,KXBTC15M-26OCT050000-00,0.0050,15.00,no
2026-10-05T03:58:04.537037Z,KXBTC15M-26OCT050000-00,0.0050,3.78,no
2026-10-05T03:58:04.537037Z,KXBTC15M-26OCT050000-00,0.0130,100.00,no
2026-10-05T03:58:04.537037Z,KXBTC15M-26OCT050000-00,0.0050,64.00,no
2026-10-05T03:58:04.537037Z,KXBTC15M-26OCT050000-00,0.0090,150.00,no
2026-10-05T03:58:04.537037Z,KXBTC15M-26OCT050000-00,0.0050,93.75,no
2026-10-05T03:58:04.537037Z,KXBTC15M-26OCT050000-00,0.0050,15.00,no
2026-10-05T03:58:04.565946Z,KXBTC15M-26OCT050000-00,0.0140,2.00,yes
2026-10-05T03:58:04.565946Z,KXBTC15M-26OCT050000-00,0.0140,1.34,yes
2026-10-05T03:58:04.591026Z,KXBTC15M-26OCT050000-00,0.0130,0.01,no
2026-10-05T03:58:04.591026Z,KXBTC15M-26OCT050000-00,0.0130,500.00,no
2026-10-05T03:58:04.591026Z,KXBTC15M-26OCT050000-00,0.0120,106.12,no
2026-10-05T03:58:04.591026Z,KXBTC15M-26OCT050000-00,0.0130,200.00,no
2026-10-05T03:58:04.591026Z,KXBTC15M-26OCT050000-00,0.0130,400.00,no
2026-10-05T03:58:04.591026Z,KXBTC15M-26OCT050000-00,0.0130,0.01,no
2026-10-05T03:58:04.591286Z,KXBTC15M-26OCT050000-00,0.0160,2.73,yes
2026-10-05T03:58:04.591286Z,KXBTC15M-26OCT050000-00,0.0150,84.00,yes
2026-10-05T03:58:04.591286Z,KXBTC15M-26OCT050000-00,0.0150,1047.00,yes
2026-10-05T03:58:04.591286Z,KXBTC15M-26OCT050000-00,0.0150,2.00,yes
2026-10-05T03:58:04.591286Z,KXBTC15M-26OCT050000-00,0.0140,0.01,yes
2026-10-05T03:58:04.591286Z,KXBTC15M-26OCT050000-00,0.0160,2.00,yes
2026-10-05T03:58:04.591286Z,KXBTC15M-26OCT050000-00,0.0150,0.01,yes
2026-10-05T03:58:04.591286Z,KXBTC15M-26OCT050000-00,0.0140,15.00,yes
2026-10-05T03:58:04.591286Z,KXBTC15M-26OCT050000-00,0.0160,15.00,yes
2026-10-05T03:58:04.591286Z,KXBTC15M-26OCT050000-00,0.0150,7.00,yes
2026-10-05T03:58:04.591286Z,KXBTC15M-26OCT050000-00,0.0150,200.00,yes
2026-10-05T03:58:04.591286Z,KXBTC15M-26OCT050000-00,0.0150,2.00,yes
2026-10-05T03:58:04.591286Z,KXBTC15M-26OCT050000-00,0.0140,0.01,yes
2026-10-05T03:58:04.591286Z,KXBTC15M-26OCT050000-00,0.0160,96.00,yes
2026-10-05T03:58:04.591286Z,KXBTC15M-26OCT050000-00,0.0150,0.01,yes
2026-10-05T03:58:04.591286Z,KXBTC15M-26OCT050000-00,0.0160,187.23,yes
2026-10-05T03:58:04.591286Z,KXBTC15M-26OCT050000-00,0.0160,14.00,yes
2026-10-05T03:58:04.591286Z,KXBTC15M-26OCT050000-00,0.0160,2.00,yes
2026-10-05T03:58:04.591286Z,KXBTC15M-26OCT050000-00,0.0140,2.00,yes
2026-10-05T03:58:04.591286Z,KXBTC15M-26OCT050000-00,0.0160,322.00,yes
2026-10-05T03:58:04.612619Z,KXBTC15M-26OCT050000-00,0.0130,15.00,no
2026-10-05T03:58:04.612619Z,KXBTC15M-26OCT050000-00,0.0130,0.01,no
2026-10-05T03:58:04.612619Z,KXBTC15M-26OCT050000-00,0.0130,0.01,no
2026-10-05T03:58:04.612619Z,KXBTC15M-26OCT050000-00,0.0120,294.98,no
2026-10-05T03:58:04.632754Z,KXBTC15M-26OCT050000-00,0.0130,0.01,no
2026-10-05T03:58:04.632754Z,KXBTC15M-26OCT050000-00,0.0130,0.01,no
2026-10-05T03:58:04.632754Z,KXBTC15M-26OCT050000-00,0.0100,24.98,no
2026-10-05T03:58:04.636844Z,KXBTC15M-26OCT050000-00,0.0140,0.01,yes
2026-10-05T03:58:04.636844Z,KXBTC15M-26OCT050000-00,0.0140,65.46,yes
2026-10-05T03:58:04.636844Z,KXBTC15M-26OCT050000-00,0.0140,0.01,yes
2026-10-05T03:58:04.679769Z,KXBTC15M-26OCT050000-00,0.0130,15.00,yes
2026-10-05T03:58:04.679769Z,KXBTC15M-26OCT050000-00,0.0130,14.00,yes
2026-10-05T03:58:04.679769Z,KXBTC15M-26OCT050000-00,0.0140,0.53,yes
2026-10-05T03:58:04.679769Z,KXBTC15M-26OCT050000-00,0.0130,0.01,yes
2026-10-05T03:58:04.679769Z,KXBTC15M-26OCT050000-00,0.0130,0.01,yes
2026-10-05T03:58:04.690746Z,KXBTC15M-26OCT050000-00,0.0070,10.00,no
2026-10-05T03:58:04.690746Z,KXBTC15M-26OCT050000-00,0.0100,0.01,no
2026-10-05T03:58:04.690746Z,KXBTC15M-26OCT050000-00,0.0060,1433.06,no
2026-10-05T03:58:04.690746Z,KXBTC15M-26OCT050000-00,0.0120,400.00,no
2026-10-05T03:58:04.690746Z,KXBTC15M-26OCT050000-00,0.0080,2.00,no
2026-10-05T03:58:04.690746Z,KXBTC15M-26OCT050000-00,0.0070,200.00,no
2026-10-05T03:58:04.690746Z,KXBTC15M-26OCT050000-00,0.0100,0.01,no
2026-10-05T03:58:04.690746Z,KXBTC15M-26OCT050000-00,0.0120,0.01,no
2026-10-05T03:58:04.690746Z,KXBTC15M-26OCT050000-00,0.0060,1.00,no
2026-10-05T03:58:04.690746Z,KXBTC15M-26OCT050000-00,0.0110,43.00,no
2026-10-05T03:58:04.690746Z,KXBTC15M-26OCT050000-00,0.0080,150.00,no
2026-10-05T03:58:04.690746Z,KXBTC15M-26OCT050000-00,0.0120,0.01,no
2026-10-05T03:58:04.690746Z,KXBTC15M-26OCT050000-00,0.0080,200.00,no
2026-10-05T03:58:04.690746Z,KXBTC15M-26OCT050000-00,0.0120,100.00,no
2026-10-05T03:58:04.690746Z,KXBTC15M-26OCT050000-00,0.0100,61.77,no
2026-10-05T03:58:04.690746Z,KXBTC15M-26OCT050000-00,0.0090,2.00,no
2026-10-05T03:58:04.690746Z,KXBTC15M-26OCT050000-00,0.0070,15.00,no
2026-10-05T03:58:04.690746Z,KXBTC15M-26OCT050000-00,0.0080,2.00,no
2026-10-05T03:58:04.690746Z,KXBTC15M-26OCT050000-00,0.0090,2.00,no
2026-10-05T03:58:04.690746Z,KXBTC15M-26OCT050000-00,0.0100,64.00,no
2026-10-05T03:58:04.690746Z,KXBTC15M-26OCT050000-00,0.0100,25.02,no
2026-10-05T03:58:04.690746Z,KXBTC15M-26OCT050000-00,0.0100,2.00,no
2026-10-05T03:58:04.690746Z,KXBTC15M-26OCT050000-00,0.0070,2.00,no
2026-10-05T03:58:04.72143Z,KXBTC15M-26OCT050000-00,0.0140,49.60,yes
2026-10-05T03:58:04.72143Z,KXBTC15M-26OCT050000-00,0.0130,0.01,yes
2026-10-05T03:58:04.72143Z,KXBTC15M-26OCT050000-00,0.0130,2.00,yes
2026-10-05T03:58:04.72143Z,KXBTC15M-26OCT050000-00,0.0130,0.01,yes
2026-10-05T03:58:04.72143Z,KXBTC15M-26OCT050000-00,0.0130,14.00,yes
2026-10-05T03:58:04.739571Z,KXBTC15M-26OCT050000-00,0.0130,0.01,yes
2026-10-05T03:58:04.739571Z,KXBTC15M-26OCT050000-00,0.0130,6.67,yes
2026-10-05T03:58:04.755305Z,KXBTC15M-26OCT050000-00,0.0120,243.32,no
2026-10-05T03:58:04.755305Z,KXBTC15M-26OCT050000-00,0.0120,0.01,no
2026-10-05T03:58:04.755305Z,KXBTC15M-26OCT050000-00,0.0120,0.01,no
2026-10-05T03:58:04.755305Z,KXBTC15M-26OCT050000-00,0.0120,15.00,no
2026-10-05T03:58:04.774199Z,KXBTC15M-26OCT050000-00,0.0110,25.12,no
2026-10-05T03:58:04.774199Z,KXBTC15M-26OCT050000-00,0.0120,0.01,no
2026-10-05T03:58:04.774199Z,KXBTC15M-26OCT050000-00,0.0120,0.01,no
2026-10-05T03:58:04.774749Z,KXBTC15M-26OCT050000-00,0.0110,1.00,no
2026-10-05T03:58:04.775765Z,KXBTC15M-26OCT050000-00,0.0130,0.01,yes
2026-10-05T03:58:04.775765Z,KXBTC15M-26OCT050000-00,0.0130,4.86,yes
2026-10-05T03:58:04.789666Z,KXBTC15M-26OCT050000-00,0.0110,86.63,no
2026-10-05T03:58:04.789666Z,KXBTC15M-26OCT050000-00,0.0120,15.00,no
2026-10-05T03:58:04.789666Z,KXBTC15M-26OCT050000-00,0.0120,0.01,no
2026-10-05T03:58:04.789666Z,KXBTC15M-26OCT050000-00,0.0120,0.01,no
2026-10-05T03:58:04.790683Z,KXBTC15M-26OCT050000-00,0.0140,48.34,yes
2026-10-05T03:58:04.790683Z,KXBTC15M-26OCT050000-00,0.0130,0.01,yes
2026-10-05T03:58:04.790683Z,KXBTC15M-26OCT050000-00,0.0130,0.01,yes
2026-10-05T03:58:04.790683Z,KXBTC15M-26OCT050000-00,0.0130,4.86,yes
2026-10-05T03:58:04.790683Z,KXBTC15M-26OCT050000-00,0.0130,9.14,yes
2026-10-05T03:58:04.81776Z,KXBTC15M-26OCT050000-00,0.0120,2.00,no
2026-10-05T03:58:04.829224Z,KXBTC15M-26OCT050000-00,0.0120,0.98,no
2026-10-05T03:58:04.829224Z,KXBTC15M-26OCT050000-00,0.0120,0.01,no
2026-10-05T03:58:04.829224Z,KXBTC15M-26OCT050000-00,0.0120,0.01,no
2026-10-05T03:58:04.842973Z,KXBTC15M-26OCT050000-00,0.0130,0.01,yes
2026-10-05T03:58:04.842973Z,KXBTC15M-26OCT050000-00,0.0130,14.00,yes
2026-10-05T03:58:04.842973Z,KXBTC15M-26OCT050000-00,0.0130,0.01,yes
2026-10-05T03:58:04.842973Z,KXBTC15M-26OCT050000-00,0.0140,48.34,yes
2026-10-05T03:58:04.848967Z,KXBTC15M-26OCT050000-00,0.0140,37.38,yes
2026-10-05T03:58:04.848967Z,KXBTC15M-26OCT050000-00,0.0130,14.00,yes
2026-10-05T03:58:04.863169Z,KXBTC15M-26OCT050000-00,0.0130,0.01,yes
2026-10-05T03:58:04.863169Z,KXBTC15M-26OCT050000-00,0.0130,0.01,yes
2026-10-05T03:58:04.863169Z,KXBTC15M-26OCT050000-00,0.0140,6.66,yes
2026-10-05T03:58:04.912098Z,KXBTC15M-26OCT050000-00,0.0120,0.01,no
2026-10-05T03:58:04.912098Z,KXBTC15M-26OCT050000-00,0.0120,10.90,no
2026-10-05T03:58:04.912098Z,KXBTC15M-26OCT050000-00,0.0120,0.01,no
2026-10-05T03:58:04.963506Z,KXBTC15M-26OCT050000-00,0.0150,2.00,yes
2026-10-05T03:58:04.963506Z,KXBTC15M-26OCT050000-00,0.0150,93.75,yes
2026-10-05T03:58:04.963506Z,KXBTC15M-26OCT050000-00,0.0130,0.01,yes
2026-10-05T03:58:04.963506Z,KXBTC15M-26OCT050000-00,0.0140,6.00,yes
2026-10-05T03:58:04.963506Z,KXBTC15M-26OCT050000-00,0.0140,37.69,yes
2026-10-05T03:58:04.963506Z,KXBTC15M-26OCT050000-00,0.0130,15.00,yes
2026-10-05T03:58:04.963506Z,KXBTC15M-26OCT050000-00,0.0150,1047.00,yes
2026-10-05T03:58:04.963506Z,KXBTC15M-26OCT050000-00,0.0150,2.00,yes
2026-10-05T03:58:04.963506Z,KXBTC15M-26OCT050000-00,0.0140,2.00,yes
2026-10-05T03:58:04.963506Z,KXBTC15M-26OCT050000-00,0.0150,15.00,yes
2026-10-05T03:58:04.963506Z,KXBTC15M-26OCT050000-00,0.0140,0.01,yes
2026-10-05T03:58:04.963506Z,KXBTC15M-26OCT050000-00,0.0150,65.29,yes
2026-10-05T03:58:04.963506Z,KXBTC15M-26OCT050000-00,0.0140,291.23,yes
2026-10-05T03:58:04.963506Z,KXBTC15M-26OCT050000-00,0.0140,0.01,yes
2026-10-05T03:58:04.963506Z,KXBTC15M-26OCT050000-00,0.0130,14.00,yes
2026-10-05T03:58:04.963506Z,KXBTC15M-26OCT050000-00,0.0130,0.01,yes
2026-10-05T03:58:04.963506Z,KXBTC15M-26OCT050000-00,0.0150,28.00,yes
2026-10-05T03:58:04.963506Z,KXBTC15M-26OCT050000-00,0.0130,100.00,yes
2026-10-05T03:58:04.967481Z,KXBTC15M-26OCT050000-00,0.0110,0.01,no
2026-10-05T03:58:04.967481Z,KXBTC15M-26OCT050000-00,0.0110,0.01,no
2026-10-05T03:58:04.967481Z,KXBTC15M-26OCT050000-00,0.0120,0.01,no
2026-10-05T03:58:04.967481Z,KXBTC15M-26OCT050000-00,0.0120,0.01,no
2026-10-05T03:58:04.967481Z,KXBTC15M-26OCT050000-00,0.0110,5.68,no
2026-10-05T03:58:05.022772Z,KXBTC15M-26OCT050000-00,0.0120,2.52,no
2026-10-05T03:58:05.033968Z,KXBTC15M-26OCT050000-00,0.0130,0.01,yes
2026-10-05T03:58:05.033968Z,KXBTC15M-26OCT050000-00,0.0130,0.01,yes
2026-10-05T03:58:05.058955Z,KXBTC15M-26OCT050000-00,0.0120,13.82,no
2026-10-05T03:58:05.058955Z,KXBTC15M-26OCT050000-00,0.0120,279.07,no
2026-10-05T03:58:05.069041Z,KXBTC15M-26OCT050000-00,0.0170,0.11,yes
2026-10-05T03:58:05.069041Z,KXBTC15M-26OCT050000-00,0.0170,5.29,yes
2026-10-05T03:58:05.069041Z,KXBTC15M-26OCT050000-00,0.0130,0.01,yes
2026-10-05T03:58:05.069041Z,KXBTC15M-26OCT050000-00,0.0130,0.01,yes
2026-10-05T03:58:05.069041Z,KXBTC15M-26OCT050000-00,0.0130,100.00,yes
2026-10-05T03:58:05.069041Z,KXBTC15M-26OCT050000-00,0.0160,0.01,yes
2026-10-05T03:58:05.069041Z,KXBTC15M-26OCT050000-00,0.0160,2.00,yes
2026-10-05T03:58:05.07369Z,KXBTC15M-26OCT050000-00,0.0120,1.18,no
2026-10-05T03:58:05.07369Z,KXBTC15M-26OCT050000-00,0.0120,14.12,no
2026-10-05T03:58:05.07369Z,KXBTC15M-26OCT050000-00,0.0120,0.01,no
2026-10-05T03:58:05.07369Z,KXBTC15M-26OCT050000-00,0.0120,0.01,no
2026-10-05T03:58:05.108133Z,KXBTC15M-26OCT050000-00,0.0130,0.01,yes
2026-10-05T03:58:05.108796Z,KXBTC15M-26OCT050000-00,0.0130,0.01,yes
2026-10-05T03:58:05.12742Z,KXBTC15M-26OCT050000-00,0.0130,0.01,yes
2026-10-05T03:58:05.12742Z,KXBTC15M-26OCT050000-00,0.0150,0.26,yes
2026-10-05T03:58:05.132079Z,KXBTC15M-26OCT050000-00,0.0170,151.57,yes
2026-10-05T03:58:05.132079Z,KXBTC15M-26OCT050000-00,0.0150,7.00,yes
2026-10-05T03:58:05.132079Z,KXBTC15M-26OCT050000-00,0.0150,111.74,yes
2026-10-05T03:58:05.132079Z,KXBTC15M-26OCT050000-00,0.0150,0.01,yes
2026-10-05T03:58:05.132079Z,KXBTC15M-26OCT050000-00,0.0160,0.01,yes
2026-10-05T03:58:05.132079Z,KXBTC15M-26OCT050000-00,0.0150,0.01,yes
2026-10-05T03:58:05.132079Z,KXBTC15M-26OCT050000-00,0.0130,0.01,yes
2026-10-05T03:58:05.16464Z,KXBTC15M-26OCT050000-00,0.0160,28.00,yes
2026-10-05T03:58:05.16464Z,KXBTC15M-26OCT050000-00,0.0160,157.80,yes
2026-10-05T03:58:05.16464Z,KXBTC15M-26OCT050000-00,0.0130,0.01,yes
2026-10-05T03:58:05.24152Z,KXBTC15M-26OCT050000-00,0.0160,71.30,yes
2026-10-05T03:58:05.24152Z,KXBTC15M-26OCT050000-00,0.0130,0.01,yes
2026-10-05T03:58:05.286644Z,KXBTC15M-26OCT050000-00,0.0160,0.02,yes
2026-10-05T03:58:05.288245Z,KXBTC15M-26OCT050000-00,0.0120,0.02,no
2026-10-05T03:58:05.288824Z,KXBTC15M-26OCT050000-00,0.0120,0.01,no
2026-10-05T03:58:05.288824Z,KXBTC15M-26OCT050000-00,0.0120,400.00,no
2026-10-05T03:58:05.288824Z,KXBTC15M-26OCT050000-00,0.0120,100.00,no
2026-10-05T03:58:05.288824Z,KXBTC15M-26OCT050000-00,0.0120,53.00,no
2026-10-05T03:58:05.288824Z,KXBTC15M-26OCT050000-00,0.0120,386.45,no
2026-10-05T03:58:05.288824Z,KXBTC15M-26OCT050000-00,0.0120,199.98,no
2026-10-05T03:58:05.301728Z,KXBTC15M-26OCT050000-00,0.0160,1.88,yes
2026-10-05T03:58:05.301728Z,KXBTC15M-26OCT050000-00,0.0160,4.60,yes
2026-10-05T03:58:05.312357Z,KXBTC15M-26OCT050000-00,0.0130,73.18,no
2026-10-05T03:58:05.312357Z,KXBTC15M-26OCT050000-00,0.0140,204.82,no
2026-10-05T03:58:05.342715Z,KXBTC15M-26OCT050000-00,0.0140,40.41,no
2026-10-05T03:58:05.443523Z,KXBTC15M-26OCT050000-00,0.0150,2.57,yes
2026-10-05T03:58:05.475641Z,KXBTC15M-26OCT050000-00,0.0140,0.01,no
2026-10-05T03:58:05.546607Z,KXBTC15M-26OCT050000-00,0.0150,7.39,yes
2026-10-05T03:58:05.549901Z,KXBTC15M-26OCT050000-00,0.0150,4.80,yes
2026-10-05T03:58:05.549901Z,KXBTC15M-26OCT050000-00,0.0150,0.01,yes
2026-10-05T03:58:05.549901Z,KXBTC15M-26OCT050000-00,0.0150,5.04,yes
2026-10-05T03:58:05.563142Z,KXBTC15M-26OCT050000-00,0.0140,32.95,no
2026-10-05T03:58:05.601199Z,KXBTC15M-26OCT050000-00,0.0150,0.02,yes
2026-10-05T03:58:05.609241Z,KXBTC15M-26OCT050000-00,0.0160,19.49,yes
2026-10-05T03:58:05.609241Z,KXBTC15M-26OCT050000-00,0.0150,0.01,yes
2026-10-05T03:58:05.609241Z,KXBTC15M-26OCT050000-00,0.0150,0.26,yes
2026-10-05T03:58:05.609241Z,KXBTC15M-26OCT050000-00,0.0150,9.18,yes
2026-10-05T03:58:05.657287Z,KXBTC15M-26OCT050000-00,0.0150,25.00,no
2026-10-05T03:58:05.663631Z,KXBTC15M-26OCT050000-00,0.0150,13.14,no
2026-10-05T03:58:05.702713Z,KXBTC15M-26OCT050000-00,0.0160,10.78,yes
2026-10-05T03:58:05.710727Z,KXBTC15M-26OCT050000-00,0.0160,286.89,yes
2026-10-05T03:58:05.714702Z,KXBTC15M-26OCT050000-00,0.0150,10.00,no
2026-10-05T03:58:05.796726Z,KXBTC15M-26OCT050000-00,0.0150,20.00,no
2026-10-05T03:58:05.797326Z,KXBTC15M-26OCT050000-00,0.0220,0.39,yes
2026-10-05T03:58:05.797326Z,KXBTC15M-26OCT050000-00,0.0210,0.36,yes
2026-10-05T03:58:05.797326Z,KXBTC15M-26OCT050000-00,0.0220,322.00,yes
2026-10-05T03:58:05.797326Z,KXBTC15M-26OCT050000-00,0.0180,0.08,yes
2026-10-05T03:58:05.797326Z,KXBTC15M-26OCT050000-00,0.0180,5.00,yes
2026-10-05T03:58:05.797326Z,KXBTC15M-26OCT050000-00,0.0200,1047.00,yes
2026-10-05T03:58:05.797326Z,KXBTC15M-26OCT050000-00,0.0170,385.00,yes
2026-10-05T03:58:05.797326Z,KXBTC15M-26OCT050000-00,0.0170,53.14,yes
2026-10-05T03:58:05.797326Z,KXBTC15M-26OCT050000-00,0.0220,189.00,yes
2026-10-05T03:58:05.797326Z,KXBTC15M-26OCT050000-00,0.0200,15.00,yes
2026-10-05T03:58:05.797326Z,KXBTC15M-26OCT050000-00,0.0190,0.08,yes
2026-10-05T03:58:05.797326Z,KXBTC15M-26OCT050000-00,0.0200,0.08,yes
2026-10-05T03:58:05.797326Z,KXBTC15M-26OCT050000-00,0.0210,70.00,yes
2026-10-05T03:58:05.797326Z,KXBTC15M-26OCT050000-00,0.0210,98.00,yes
2026-10-05T03:58:05.797326Z,KXBTC15M-26OCT050000-00,0.0200,1.00,yes
2026-10-05T03:58:05.797326Z,KXBTC15M-26OCT050000-00,0.0200,24.47,yes
2026-10-05T03:58:05.797326Z,KXBTC15M-26OCT050000-00,0.0210,53.00,yes
2026-10-05T03:58:05.797326Z,KXBTC15M-26OCT050000-00,0.0180,2.00,yes
2026-10-05T03:58:05.797326Z,KXBTC15M-26OCT050000-00,0.0190,13.00,yes
2026-10-05T03:58:05.797326Z,KXBTC15M-26OCT050000-00,0.0200,2.00,yes
2026-10-05T03:58:05.797326Z,KXBTC15M-26OCT050000-00,0.0160,0.01,yes
2026-10-05T03:58:05.797326Z,KXBTC15M-26OCT050000-00,0.0170,200.00,yes
2026-10-05T03:58:05.797326Z,KXBTC15M-26OCT050000-00,0.0200,64.00,yes
2026-10-05T03:58:05.797326Z,KXBTC15M-26OCT050000-00,0.0210,30.00,yes
2026-10-05T03:58:05.797326Z,KXBTC15M-26OCT050000-00,0.0220,52.00,yes
2026-10-05T03:58:05.797326Z,KXBTC15M-26OCT050000-00,0.0160,13.00,yes
2026-10-05T03:58:05.797326Z,KXBTC15M-26OCT050000-00,0.0200,2.00,yes
2026-10-05T03:58:05.797326Z,KXBTC15M-26OCT050000-00,0.0210,5.00,yes
2026-10-05T03:58:05.797326Z,KXBTC15M-26OCT050000-00,0.0210,75.00,yes
2026-10-05T03:58:05.797326Z,KXBTC15M-26OCT050000-00,0.0160,41.24,yes
2026-10-05T03:58:05.797326Z,KXBTC15M-26OCT050000-00,0.0200,15.00,yes
2026-10-05T03:58:05.797326Z,KXBTC15M-26OCT050000-00,0.0190,2.00,yes
2026-10-05T03:58:05.797326Z,KXBTC15M-26OCT050000-00,0.0210,40.00,yes
2026-10-05T03:58:05.797326Z,KXBTC15M-26OCT050000-00,0.0210,60.00,yes
2026-10-05T03:58:05.797326Z,KXBTC15M-26OCT050000-00,0.0180,2.00,yes
2026-10-05T03:58:05.797326Z,KXBTC15M-26OCT050000-00,0.0210,10.00,yes
2026-10-05T03:58:05.797326Z,KXBTC15M-26OCT050000-00,0.0210,15.00,yes
2026-10-05T03:58:05.797326Z,KXBTC15M-26OCT050000-00,0.0210,40.00,yes
2026-10-05T03:58:05.797326Z,KXBTC15M-26OCT050000-00,0.0180,15.00,yes
2026-10-05T03:58:05.797326Z,KXBTC15M-26OCT050000-00,0.0210,45.00,yes
2026-10-05T03:58:05.797326Z,KXBTC15M-26OCT050000-00,0.0210,10.00,yes
2026-10-05T03:58:05.797326Z,KXBTC15M-26OCT050000-00,0.0210,8.00,yes
2026-10-05T03:58:05.797326Z,KXBTC15M-26OCT050000-00,0.0200,15.00,yes
2026-10-05T03:58:05.797326Z,KXBTC15M-26OCT050000-00,0.0210,10.00,yes
2026-10-05T03:58:05.797326Z,KXBTC15M-26OCT050000-00,0.0210,30.00,yes
2026-10-05T03:58:05.797326Z,KXBTC15M-26OCT050000-00,0.0190,2.00,yes
2026-10-05T03:58:05.797326Z,KXBTC15M-26OCT050000-00,0.0210,55.00,yes
2026-10-05T03:58:05.797326Z,KXBTC15M-26OCT050000-00,0.0210,35.00,yes
2026-10-05T03:58:05.797326Z,KXBTC15M-26OCT050000-00,0.0200,5.00,yes
2026-10-05T03:58:05.797326Z,KXBTC15M-26OCT050000-00,0.0210,40.00,yes
2026-10-05T03:58:05.797326Z,KXBTC15M-26OCT050000-00,0.0210,40.00,yes
2026-10-05T03:58:05.797326Z,KXBTC15M-26OCT050000-00,0.0190,357.00,yes
2026-10-05T03:58:05.797326Z,KXBTC15M-26OCT050000-00,0.0190,14.00,yes
2026-10-05T03:58:05.797326Z,KXBTC15M-26OCT050000-00,0.0230,384.00,yes
2026-10-05T03:58:05.797326Z,KXBTC15M-26OCT050000-00,0.0230,327.93,yes
2026-10-05T03:58:05.797326Z,KXBTC15M-26OCT050000-00,0.0220,5.00,yes
2026-10-05T03:58:05.797326Z,KXBTC15M-26OCT050000-00,0.0230,256.00,yes
2026-10-05T03:58:05.797326Z,KXBTC15M-26OCT050000-00,0.0230,384.00,yes
2026-10-05T03:58:05.797326Z,KXBTC15M-26OCT050000-00,0.0230,384.00,yes
2026-10-05T03:58:05.797326Z,KXBTC15M-26OCT050000-00,0.0230,384.00,yes
2026-10-05T03:58:05.797326Z,KXBTC15M-26OCT050000-00,0.0230,384.00,yes
2026-10-05T03:58:05.844262Z,KXBTC15M-26OCT050000-00,0.0150,0.01,no
2026-10-05T03:58:05.844262Z,KXBTC15M-26OCT050000-00,0.0150,27.99,no
2026-10-05T03:58:05.849589Z,KXBTC15M-26OCT050000-00,0.0170,5.34,yes
2026-10-05T03:58:05.862838Z,KXBTC15M-26OCT050000-00,0.0150,100.00,no
2026-10-05T03:58:05.862838Z,KXBTC15M-26OCT050000-00,0.0140,87.91,no
2026-10-05T03:58:05.862838Z,KXBTC15M-26OCT050000-00,0.0150,0.01,no
2026-10-05T03:58:05.862838Z,KXBTC15M-26OCT050000-00,0.0140,200.00,no
2026-10-05T03:58:05.862838Z,KXBTC15M-26OCT050000-00,0.0140,15.00,no
2026-10-05T03:58:05.862838Z,KXBTC15M-26OCT050000-00,0.0140,15.00,no
2026-10-05T03:58:05.862838Z,KXBTC15M-26OCT050000-00,0.0140,2.00,no
2026-10-05T03:58:05.862838Z,KXBTC15M-26OCT050000-00,0.0140,482.00,no
2026-10-05T03:58:05.862838Z,KXBTC15M-26OCT050000-00,0.0140,15.00,no
2026-10-05T03:58:05.862838Z,KXBTC15M-26OCT050000-00,0.0150,172.01,no
2026-10-05T03:58:05.862838Z,KXBTC15M-26OCT050000-00,0.0150,0.01,no
2026-10-05T03:58:05.862838Z,KXBTC15M-26OCT050000-00,0.0140,15.00,no
2026-10-05T03:58:05.862838Z,KXBTC15M-26OCT050000-00,0.0140,13.00,no
2026-10-05T03:58:05.862838Z,KXBTC15M-26OCT050000-00,0.0150,400.00,no
2026-10-05T03:58:05.862838Z,KXBTC15M-26OCT050000-00,0.0150,500.00,no
2026-10-05T03:58:05.884427Z,KXBTC15M-26OCT050000-00,0.0150,0.30,no
2026-10-05T03:58:05.88829Z,KXBTC15M-26OCT050000-00,0.0140,0.01,no
2026-10-05T03:58:05.88829Z,KXBTC15M-26OCT050000-00,0.0140,0.01,no
2026-10-05T03:58:05.88829Z,KXBTC15M-26OCT050000-00,0.0150,0.01,no
2026-10-05T03:58:05.88829Z,KXBTC15M-26OCT050000-00,0.0150,13.70,no
2026-10-05T03:58:05.88829Z,KXBTC15M-26OCT050000-00,0.0150,100.00,no
2026-10-05T03:58:05.88829Z,KXBTC15M-26OCT050000-00,0.0130,299.46,no
2026-10-05T03:58:05.88829Z,KXBTC15M-26OCT050000-00,0.0140,200.00,no
2026-10-05T03:58:05.88829Z,KXBTC15M-26OCT050000-00,0.0150,400.00,no
2026-10-05T03:58:05.88829Z,KXBTC15M-26OCT050000-00,0.0150,0.01,no
2026-10-05T03:58:05.962837Z,KXBTC15M-26OCT050000-00,0.0150,0.01,no
2026-10-05T03:58:05.962837Z,KXBTC15M-26OCT050000-00,0.0150,7.98,no
2026-10-05T03:58:05.962837Z,KXBTC15M-26OCT050000-00,0.0150,0.01,no
2026-10-05T03:58:05.968065Z,KXBTC15M-26OCT050000-00,0.0150,0.02,no
2026-10-05T03:58:05.977833Z,KXBTC15M-26OCT050000-00,0.0150,0.02,no
2026-10-05T03:58:05.979219Z,KXBTC15M-26OCT050000-00,0.0150,38.37,no
2026-10-05T03:58:05.998547Z,KXBTC15M-26OCT050000-00,0.0130,348.99,no
2026-10-05T03:58:05.998547Z,KXBTC15M-26OCT050000-00,0.0140,13.00,no
2026-10-05T03:58:05.998547Z,KXBTC15M-26OCT050000-00,0.0150,0.01,no
2026-10-05T03:58:06.013088Z,KXBTC15M-26OCT050000-00,0.0150,96.67,yes
2026-10-05T03:58:06.054983Z,KXBTC15M-26OCT050000-00,0.0150,53.33,yes
2026-10-05T03:58:06.054983Z,KXBTC15M-26OCT050000-00,0.0150,92.45,yes
2026-10-05T03:58:06.054983Z,KXBTC15M-26OCT050000-00,0.0150,189.36,yes
2026-10-05T03:58:06.059629Z,KXBTC15M-26OCT050000-00,0.0150,0.73,yes
2026-10-05T03:58:06.059629Z,KXBTC15M-26OCT050000-00,0.0150,1.30,yes
2026-10-05T03:58:06.064422Z,KXBTC15M-26OCT050000-00,0.0140,0.01,no
2026-10-05T03:58:06.064422Z,KXBTC15M-26OCT050000-00,0.0140,0.01,no
2026-10-05T03:58:06.098476Z,KXBTC15M-26OCT050000-00,0.0130,15.00,yes
2026-10-05T03:58:06.098476Z,KXBTC15M-26OCT050000-00,0.0140,0.01,yes
2026-10-05T03:58:06.098476Z,KXBTC15M-26OCT050000-00,0.0140,43.36,yes
2026-10-05T03:58:06.098476Z,KXBTC15M-26OCT050000-00,0.0140,0.01,yes
2026-10-05T03:58:06.098476Z,KXBTC15M-26OCT050000-00,0.0140,1.01,yes
2026-10-05T03:58:06.103996Z,KXBTC15M-26OCT050000-00,0.0130,0.01,yes
2026-10-05T03:58:06.103996Z,KXBTC15M-26OCT050000-00,0.0130,80.17,yes
2026-10-05T03:58:06.103996Z,KXBTC15M-26OCT050000-00,0.0130,0.01,yes
2026-10-05T03:58:06.109274Z,KXBTC15M-26OCT050000-00,0.0130,14.00,yes
2026-10-05T03:58:06.109274Z,KXBTC15M-26OCT050000-00,0.0140,2.73,yes
2026-10-05T03:58:06.109274Z,KXBTC15M-26OCT050000-00,0.0130,19.83,yes
2026-10-05T03:58:06.134656Z,KXBTC15M-26OCT050000-00,0.0130,0.01,yes
2026-10-05T03:58:06.134656Z,KXBTC15M-26OCT050000-00,0.0130,3.97,yes
2026-10-05T03:58:06.134656Z,KXBTC15M-26OCT050000-00,0.0130,0.01,yes
2026-10-05T03:58:06.163739Z,KXBTC15M-26OCT050000-00,0.0120,0.01,no
2026-10-05T03:58:06.163739Z,KXBTC15M-26OCT050000-00,0.0120,0.01,no
2026-10-05T03:58:06.163739Z,KXBTC15M-26OCT050000-00,0.0120,15.00,no
2026-10-05T03:58:06.163739Z,KXBTC15M-26OCT050000-00,0.0120,2.00,no
2026-10-05T03:58:06.163739Z,KXBTC15M-26OCT050000-00,0.0110,2.00,no
2026-10-05T03:58:06.163739Z,KXBTC15M-26OCT050000-00,0.0110,2.00,no
2026-10-05T03:58:06.163739Z,KXBTC15M-26OCT050000-00,0.0100,28.98,no
2026-10-05T03:58:06.163739Z,KXBTC15M-26OCT050000-00,0.0100,50.00,no
2026-10-05T03:58:06.170381Z,KXBTC15M-26OCT050000-00,0.0120,0.01,no
2026-10-05T03:58:06.170381Z,KXBTC15M-26OCT050000-00,0.0120,0.01,no
2026-10-05T03:58:06.170381Z,KXBTC15M-26OCT050000-00,0.0100,286.13,no
2026-10-05T03:58:06.170381Z,KXBTC15M-26OCT050000-00,0.0100,111.02,no
2026-10-05T03:58:06.172962Z,KXBTC15M-26OCT050000-00,0.0120,55.35,yes
2026-10-05T03:58:06.181505Z,KXBTC15M-26OCT050000-00,0.0120,35.97,yes
2026-10-05T03:58:06.185344Z,KXBTC15M-26OCT050000-00,0.0100,6.13,no
2026-10-05T03:58:06.192716Z,KXBTC15M-26OCT050000-00,0.0100,5.00,no
2026-10-05T03:58:06.266982Z,KXBTC15M-26OCT050000-00,0.0120,104.45,yes
2026-10-05T03:58:06.286246Z,KXBTC15M-26OCT050000-00,0.0110,0.01,no
2026-10-05T03:58:06.286246Z,KXBTC15M-26OCT050000-00,0.0110,0.01,no
2026-10-05T03:58:06.286246Z,KXBTC15M-26OCT050000-00,0.0100,4.94,no
2026-10-05T03:58:06.320702Z,KXBTC15M-26OCT050000-00,0.0120,400.00,yes
2026-10-05T03:58:06.320702Z,KXBTC15M-26OCT050000-00,0.0120,204.89,yes
2026-10-05T03:58:06.320702Z,KXBTC15M-26OCT050000-00,0.0150,64.00,yes
2026-10-05T03:58:06.320702Z,KXBTC15M-26OCT050000-00,0.0150,93.75,yes
2026-10-05T03:58:06.320702Z,KXBTC15M-26OCT050000-00,0.0160,0.23,yes
2026-10-05T03:58:06.320702Z,KXBTC15M-26OCT050000-00,0.0150,14.27,yes
2026-10-05T03:58:06.320702Z,KXBTC15M-26OCT050000-00,0.0130,150.00,yes
2026-10-05T03:58:06.320702Z,KXBTC15M-26OCT050000-00,0.0120,100.00,yes
2026-10-05T03:58:06.320702Z,KXBTC15M-26OCT050000-00,0.0150,64.00,yes
2026-10-05T03:58:06.320702Z,KXBTC15M-26OCT050000-00,0.0120,200.00,yes
2026-10-05T03:58:06.320702Z,KXBTC15M-26OCT050000-00,0.0120,15.00,yes
2026-10-05T03:58:06.320702Z,KXBTC15M-26OCT050000-00,0.0120,0.01,yes
2026-10-05T03:58:06.320702Z,KXBTC15M-26OCT050000-00,0.0120,150.10,yes
2026-10-05T03:58:06.320702Z,KXBTC15M-26OCT050000-00,0.0120,0.01,yes
2026-10-05T03:58:06.320702Z,KXBTC15M-26OCT050000-00,0.0150,93.75,yes
2026-10-05T03:58:06.320702Z,KXBTC15M-26OCT050000-00,0.0120,500.00,yes
2026-10-05T03:58:06.320702Z,KXBTC15M-26OCT050000-00,0.0150,103.00,yes
2026-10-05T03:58:06.330772Z,KXBTC15M-26OCT050000-00,0.0120,0.01,yes
2026-10-05T03:58:06.330772Z,KXBTC15M-26OCT050000-00,0.0120,33.79,yes
2026-10-05T03:58:06.330772Z,KXBTC15M-26OCT050000-00,0.0120,0.01,yes
2026-10-05T03:58:06.338772Z,KXBTC15M-26OCT050000-00,0.0120,0.60,yes
2026-10-05T03:58:06.342785Z,KXBTC15M-26OCT050000-00,0.0110,0.01,no
2026-10-05T03:58:06.342785Z,KXBTC15M-26OCT050000-00,0.0110,17.00,no
2026-10-05T03:58:06.342785Z,KXBTC15M-26OCT050000-00,0.0110,0.01,no
2026-10-05T03:58:06.342785Z,KXBTC15M-26OCT050000-00,0.0110,15.00,no
2026-10-05T03:58:06.342785Z,KXBTC15M-26OCT050000-00,0.0100,152.96,no
2026-10-05T03:58:06.346565Z,KXBTC15M-26OCT050000-00,0.0120,42.16,yes
2026-10-05T03:58:06.36296Z,KXBTC15M-26OCT050000-00,0.0110,0.01,no
2026-10-05T03:58:06.36296Z,KXBTC15M-26OCT050000-00,0.0110,17.00,no
2026-10-05T03:58:06.36296Z,KXBTC15M-26OCT050000-00,0.0110,0.01,no
2026-10-05T03:58:06.36296Z,KXBTC15M-26OCT050000-00,0.0100,18.97,no
2026-10-05T03:58:06.385998Z,KXBTC15M-26OCT050000-00,0.0110,0.01,yes
2026-10-05T03:58:06.385998Z,KXBTC15M-26OCT050000-00,0.0110,0.01,yes
2026-10-05T03:58:06.385998Z,KXBTC15M-26OCT050000-00,0.0110,15.00,yes
2026-10-05T03:58:06.385998Z,KXBTC15M-26OCT050000-00,0.0120,177.34,yes
2026-10-05T03:58:06.385998Z,KXBTC15M-26OCT050000-00,0.0110,100.00,yes
2026-10-05T03:58:06.393084Z,KXBTC15M-26OCT050000-00,0.0100,0.89,no
2026-10-05T03:58:06.454247Z,KXBTC15M-26OCT050000-00,0.0110,100.00,yes
2026-10-05T03:58:06.454247Z,KXBTC15M-26OCT050000-00,0.0110,43.88,yes
2026-10-05T03:58:06.454247Z,KXBTC15M-26OCT050000-00,0.0110,0.01,yes
2026-10-05T03:58:06.454247Z,KXBTC15M-26OCT050000-00,0.0110,0.01,yes
2026-10-05T03:58:06.459083Z,KXBTC15M-26OCT050000-00,0.0110,20.63,yes
2026-10-05T03:58:06.46086Z,KXBTC15M-26OCT050000-00,0.0100,0.01,no
2026-10-05T03:58:06.46086Z,KXBTC15M-26OCT050000-00,0.0100,152.49,no
2026-10-05T03:58:06.46086Z,KXBTC15M-26OCT050000-00,0.0100,16.00,no
2026-10-05T03:58:06.46086Z,KXBTC15M-26OCT050000-00,0.0100,15.00,no
2026-10-05T03:58:06.46086Z,KXBTC15M-26OCT050000-00,0.0100,0.01,no
2026-10-05T03:58:06.46086Z,KXBTC15M-26OCT050000-00,0.0100,50.00,no
2026-10-05T03:58:06.46086Z,KXBTC15M-26OCT050000-00,0.0100,6.14,no
2026-10-05T03:58:06.46086Z,KXBTC15M-26OCT050000-00,0.0100,20.85,no
2026-10-05T03:58:06.46086Z,KXBTC15M-26OCT050000-00,0.0100,2.00,no
2026-10-05T03:58:06.463474Z,KXBTC15M-26OCT050000-00,0.0150,93.75,yes
2026-10-05T03:58:06.463474Z,KXBTC15M-26OCT050000-00,0.0130,200.00,yes
2026-10-05T03:58:06.463474Z,KXBTC15M-26OCT050000-00,0.0150,170.26,yes
2026-10-05T03:58:06.463474Z,KXBTC15M-26OCT050000-00,0.0110,0.01,yes
2026-10-05T03:58:06.463474Z,KXBTC15M-26OCT050000-00,0.0150,64.00,yes
2026-10-05T03:58:06.463474Z,KXBTC15M-26OCT050000-00,0.0120,0.01,yes
2026-10-05T03:58:06.463474Z,KXBTC15M-26OCT050000-00,0.0140,13.00,yes
2026-10-05T03:58:06.463474Z,KXBTC15M-26OCT050000-00,0.0140,200.00,yes
2026-10-05T03:58:06.463474Z,KXBTC15M-26OCT050000-00,0.0120,0.01,yes
2026-10-05T03:58:06.463474Z,KXBTC15M-26OCT050000-00,0.0130,150.00,yes
2026-10-05T03:58:06.463474Z,KXBTC15M-26OCT050000-00,0.0150,15.00,yes
2026-10-05T03:58:06.463474Z,KXBTC15M-26OCT050000-00,0.0150,93.75,yes
2026-10-05T03:58:06.463474Z,KXBTC15M-26OCT050000-00,0.0110,0.01,yes
2026-10-05T03:58:06.463474Z,KXBTC15M-26OCT050000-00,0.0110,335.49,yes
2026-10-05T03:58:06.463474Z,KXBTC15M-26OCT050000-00,0.0150,64.00,yes
2026-10-05T03:58:06.468171Z,KXBTC15M-26OCT050000-00,0.0150,1.93,yes
2026-10-05T03:58:06.468171Z,KXBTC15M-26OCT050000-00,0.0110,30.00,yes
2026-10-05T03:58:06.536541Z,KXBTC15M-26OCT050000-00,0.0110,0.01,yes
2026-10-05T03:58:06.536541Z,KXBTC15M-26OCT050000-00,0.0110,47.34,yes
2026-10-05T03:58:06.536541Z,KXBTC15M-26OCT050000-00,0.0110,0.01,yes
2026-10-05T03:58:06.536541Z,KXBTC15M-26OCT050000-00,0.0110,15.00,yes
2026-10-05T03:58:06.540276Z,KXBTC15M-26OCT050000-00,0.0100,0.01,no
2026-10-05T03:58:06.540276Z,KXBTC15M-26OCT050000-00,0.0100,4.98,no
2026-10-05T03:58:06.540276Z,KXBTC15M-26OCT050000-00,0.0100,0.01,no
2026-10-05T03:58:06.544912Z,KXBTC15M-26OCT050000-00,0.0100,45.02,no
2026-10-05T03:58:06.544912Z,KXBTC15M-26OCT050000-00,0.0100,93.12,no
2026-10-05T03:58:06.557135Z,KXBTC15M-26OCT050000-00,0.0110,22.72,yes
2026-10-05T03:58:06.648625Z,KXBTC15M-26OCT050000-00,0.0100,0.01,no
2026-10-05T03:58:06.648625Z,KXBTC15M-26OCT050000-00,0.0100,200.00,no
2026-10-05T03:58:06.648625Z,KXBTC15M-26OCT050000-00,0.0100,15.00,no
2026-10-05T03:58:06.648625Z,KXBTC15M-26OCT050000-00,0.0100,50.00,no
2026-10-05T03:58:06.648625Z,KXBTC15M-26OCT050000-00,0.0100,0.01,no
2026-10-05T03:58:06.648625Z,KXBTC15M-26OCT050000-00,0.0090,10.28,no
2026-10-05T03:58:06.707831Z,KXBTC15M-26OCT050000-00,0.0110,30.77,yes
2026-10-05T03:58:06.78921Z,KXBTC15M-26OCT050000-00,0.0110,14.66,yes
2026-10-05T03:58:06.840798Z,KXBTC15M-26OCT050000-00,0.0110,155.89,yes
2026-10-05T03:58:06.876856Z,KXBTC15M-26OCT050000-00,0.0110,0.01,yes
2026-10-05T03:58:06.876856Z,KXBTC15M-26OCT050000-00,0.0110,0.01,yes
2026-10-05T03:58:06.876856Z,KXBTC15M-26OCT050000-00,0.0110,11.52,yes
2026-10-05T03:58:06.954131Z,KXBTC15M-26OCT050000-00,0.0110,0.01,yes
2026-10-05T03:58:06.954131Z,KXBTC15M-26OCT050000-00,0.0110,310.33,yes
2026-10-05T03:58:06.954131Z,KXBTC15M-26OCT050000-00,0.0110,0.01,yes
2026-10-05T03:58:06.996397Z,KXBTC15M-26OCT050000-00,0.0110,85.00,yes
2026-10-05T03:58:06.996397Z,KXBTC15M-26OCT050000-00,0.0110,0.01,yes
2026-10-05T03:58:06.996397Z,KXBTC15M-26OCT050000-00,0.0110,0.01,yes
2026-10-05T03:58:07.044786Z,KXBTC15M-26OCT050000-00,0.0110,0.01,yes
2026-10-05T03:58:07.044786Z,KXBTC15M-26OCT050000-00,0.0110,0.01,yes
2026-10-05T03:58:07.044786Z,KXBTC15M-26OCT050000-00,0.0120,46.70,yes
2026-10-05T03:58:07.079187Z,KXBTC15M-26OCT050000-00,0.0100,14.98,no
2026-10-05T03:58:07.079187Z,KXBTC15M-26OCT050000-00,0.0100,0.01,no
2026-10-05T03:58:07.079187Z,KXBTC15M-26OCT050000-00,0.0100,0.01,no
2026-10-05T03:58:07.079187Z,KXBTC15M-26OCT050000-00,0.0100,50.00,no
2026-10-05T03:58:07.079881Z,KXBTC15M-26OCT050000-00,0.0110,85.02,yes
2026-10-05T03:58:07.080778Z,KXBTC15M-26OCT050000-00,0.0110,8.50,yes
2026-10-05T03:58:07.0895Z,KXBTC15M-26OCT050000-00,0.0110,85.02,yes
2026-10-05T03:58:07.091325Z,KXBTC15M-26OCT050000-00,0.0110,0.78,yes
2026-10-05T03:58:07.116074Z,KXBTC15M-26OCT050000-00,0.0110,4.24,yes
2026-10-05T03:58:07.137795Z,KXBTC15M-26OCT050000-00,0.0110,8.50,yes
2026-10-05T03:58:07.163627Z,KXBTC15M-26OCT050000-00,0.0110,14.45,yes
2026-10-05T03:58:07.167086Z,KXBTC15M-26OCT050000-00,0.0110,0.01,yes
2026-10-05T03:58:07.167086Z,KXBTC15M-26OCT050000-00,0.0110,60.17,yes
2026-10-05T03:58:07.167086Z,KXBTC15M-26OCT050000-00,0.0110,15.00,yes
2026-10-05T03:58:07.167086Z,KXBTC15M-26OCT050000-00,0.0110,0.01,yes
2026-10-05T03:58:07.167086Z,KXBTC15M-26OCT050000-00,0.0110,2.81,yes
2026-10-05T03:58:07.209693Z,KXBTC15M-26OCT050000-00,0.0110,0.01,yes
2026-10-05T03:58:07.209693Z,KXBTC15M-26OCT050000-00,0.0110,65.81,yes
2026-10-05T03:58:07.213179Z,KXBTC15M-26OCT050000-00,0.0110,91.82,yes
2026-10-05T03:58:07.240272Z,KXBTC15M-26OCT050000-00,0.0100,3.07,no
2026-10-05T03:58:07.26767Z,KXBTC15M-26OCT050000-00,0.0100,8.07,no
2026-10-05T03:58:07.267846Z,KXBTC15M-26OCT050000-00,0.0110,1.51,yes
2026-10-05T03:58:07.267846Z,KXBTC15M-26OCT050000-00,0.0110,0.01,yes
2026-10-05T03:58:07.269047Z,KXBTC15M-26OCT050000-00,0.0100,500.00,no
2026-10-05T03:58:07.269047Z,KXBTC15M-26OCT050000-00,0.0100,0.01,no
2026-10-05T03:58:07.269047Z,KXBTC15M-26OCT050000-00,0.0100,0.01,no
2026-10-05T03:58:07.269047Z,KXBTC15M-26OCT050000-00,0.0100,50.00,no
2026-10-05T03:58:07.269047Z,KXBTC15M-26OCT050000-00,0.0100,15.00,no
2026-10-05T03:58:07.269047Z,KXBTC15M-26OCT050000-00,0.0100,763.50,no
2026-10-05T03:58:07.269047Z,KXBTC15M-26OCT050000-00,0.0100,500.00,no
2026-10-05T03:58:07.269047Z,KXBTC15M-26OCT050000-00,0.0100,173.88,no
2026-10-05T03:58:07.299872Z,KXBTC15M-26OCT050000-00,0.0090,0.03,no
2026-10-05T03:58:07.348332Z,KXBTC15M-26OCT050000-00,0.0100,33.00,yes
2026-10-05T03:58:07.353154Z,KXBTC15M-26OCT050000-00,0.0100,0.01,yes
2026-10-05T03:58:07.353154Z,KXBTC15M-26OCT050000-00,0.0100,93.75,yes
2026-10-05T03:58:07.353154Z,KXBTC15M-26OCT050000-00,0.0110,0.01,yes
2026-10-05T03:58:07.353154Z,KXBTC15M-26OCT050000-00,0.0100,50.00,yes
2026-10-05T03:58:07.353154Z,KXBTC15M-26OCT050000-00,0.0140,27.90,yes
2026-10-05T03:58:07.353154Z,KXBTC15M-26OCT050000-00,0.0100,6688.60,yes
2026-10-05T03:58:07.353154Z,KXBTC15M-26OCT050000-00,0.0100,400.00,yes
2026-10-05T03:58:07.353154Z,KXBTC15M-26OCT050000-00,0.0100,0.01,yes
2026-10-05T03:58:07.353154Z,KXBTC15M-26OCT050000-00,0.0110,200.00,yes
2026-10-05T03:58:07.353154Z,KXBTC15M-26OCT050000-00,0.0100,15.00,yes
2026-10-05T03:58:07.353154Z,KXBTC15M-26OCT050000-00,0.0140,7.00,yes
2026-10-05T03:58:07.353154Z,KXBTC15M-26OCT050000-00,0.0130,15.00,yes
2026-10-05T03:58:07.353154Z,KXBTC15M-26OCT050000-00,0.0130,150.00,yes
2026-10-05T03:58:07.374128Z,KXBTC15M-26OCT050000-00,0.0100,14.99,yes
2026-10-05T03:58:07.374128Z,KXBTC15M-26OCT050000-00,0.0100,0.01,yes
2026-10-05T03:58:07.449263Z,KXBTC15M-26OCT050000-00,0.0100,32.60,yes
2026-10-05T03:58:07.456807Z,KXBTC15M-26OCT050000-00,0.0100,2.41,yes
2026-10-05T03:58:07.456807Z,KXBTC15M-26OCT050000-00,0.0100,5.32,yes
2026-10-05T03:58:07.500378Z,KXBTC15M-26OCT050000-00,0.0090,0.10,no
2026-10-05T03:58:07.513185Z,KXBTC15M-26OCT050000-00,0.0080,5.99,no
2026-10-05T03:58:07.513185Z,KXBTC15M-26OCT050000-00,0.0090,1.87,no
2026-10-05T03:58:07.513185Z,KXBTC15M-26OCT050000-00,0.0090,0.01,no
2026-10-05T03:58:07.513185Z,KXBTC15M-26OCT050000-00,0.0090,0.01,no
2026-10-05T03:58:07.513185Z,KXBTC15M-26OCT050000-00,0.0090,2.00,no
2026-10-05T03:58:07.536472Z,KXBTC15M-26OCT050000-00,0.0100,75.33,yes
2026-10-05T03:58:07.536472Z,KXBTC15M-26OCT050000-00,0.0100,9.68,yes
2026-10-05T03:58:07.536472Z,KXBTC15M-26OCT050000-00,0.0100,0.01,yes
2026-10-05T03:58:07.548821Z,KXBTC15M-26OCT050000-00,0.0080,24.72,no
2026-10-05T03:58:07.548957Z,KXBTC15M-26OCT050000-00,0.0090,14.00,yes
2026-10-05T03:58:07.548957Z,KXBTC15M-26OCT050000-00,0.0100,71.02,yes
2026-10-05T03:58:07.570711Z,KXBTC15M-26OCT050000-00,0.0100,49.99,yes
2026-10-05T03:58:07.570711Z,KXBTC15M-26OCT050000-00,0.0100,50.00,yes
2026-10-05T03:58:07.570711Z,KXBTC15M-26OCT050000-00,0.0100,0.01,yes
2026-10-05T03:58:07.580435Z,KXBTC15M-26OCT050000-00,0.0040,2245.10,no
2026-10-05T03:58:07.580435Z,KXBTC15M-26OCT050000-00,0.0080,109.85,no
2026-10-05T03:58:07.580435Z,KXBTC15M-26OCT050000-00,0.0070,1047.00,no
2026-10-05T03:58:07.580435Z,KXBTC15M-26OCT050000-00,0.0090,43.00,no
2026-10-05T03:58:07.580435Z,KXBTC15M-26OCT050000-00,0.0080,250.00,no
2026-10-05T03:58:07.580435Z,KXBTC15M-26OCT050000-00,0.0070,800.00,no
2026-10-05T03:58:07.580435Z,KXBTC15M-26OCT050000-00,0.0060,298.26,no
2026-10-05T03:58:07.580435Z,KXBTC15M-26OCT050000-00,0.0080,389.82,no
2026-10-05T03:58:07.580435Z,KXBTC15M-26OCT050000-00,0.0050,26.00,no
2026-10-05T03:58:07.580435Z,KXBTC15M-26OCT050000-00,0.0040,250.00,no
2026-10-05T03:58:07.580435Z,KXBTC15M-26OCT050000-00,0.0050,11.22,no
2026-10-05T03:58:07.580435Z,KXBTC15M-26OCT050000-00,0.0070,10.00,no
2026-10-05T03:58:07.580435Z,KXBTC15M-26OCT050000-00,0.0040,1047.00,no
2026-10-05T03:58:07.580435Z,KXBTC15M-26OCT050000-00,0.0040,15.00,no
2026-10-05T03:58:07.580435Z,KXBTC15M-26OCT050000-00,0.0040,15.00,no
2026-10-05T03:58:07.580435Z,KXBTC15M-26OCT050000-00,0.0080,0.01,no
2026-10-05T03:58:07.580435Z,KXBTC15M-26OCT050000-00,0.0060,2.00,no
2026-10-05T03:58:07.580435Z,KXBTC15M-26OCT050000-00,0.0060,2.00,no
2026-10-05T03:58:07.580435Z,KXBTC15M-26OCT050000-00,0.0050,2.00,no
2026-10-05T03:58:07.580435Z,KXBTC15M-26OCT050000-00,0.0090,200.00,no
2026-10-05T03:58:07.580435Z,KXBTC15M-26OCT050000-00,0.0090,15.00,no
2026-10-05T03:58:07.580435Z,KXBTC15M-26OCT050000-00,0.0090,0.01,no
2026-10-05T03:58:07.580435Z,KXBTC15M-26OCT050000-00,0.0050,2.00,no
2026-10-05T03:58:07.580435Z,KXBTC15M-26OCT050000-00,0.0080,0.01,no
2026-10-05T03:58:07.580435Z,KXBTC15M-26OCT050000-00,0.0080,200.00,no
2026-10-05T03:58:07.580435Z,KXBTC15M-26OCT050000-00,0.0090,0.01,no
2026-10-05T03:58:07.580435Z,KXBTC15M-26OCT050000-00,0.0080,17.00,no
2026-10-05T03:58:07.580435Z,KXBTC15M-26OCT050000-00,0.0070,964.00,no
2026-10-05T03:58:07.580435Z,KXBTC15M-26OCT050000-00,0.0060,2.71,no
2026-10-05T03:58:07.580435Z,KXBTC15M-26OCT050000-00,0.0080,32.00,no
2026-10-05T03:58:07.580435Z,KXBTC15M-26OCT050000-00,0.0070,2.00,no
2026-10-05T03:58:07.580435Z,KXBTC15M-26OCT050000-00,0.0070,2.00,no
2026-10-05T03:58:07.599438Z,KXBTC15M-26OCT050000-00,0.0050,100.00,no
2026-10-05T03:58:07.599438Z,KXBTC15M-26OCT050000-00,0.0050,0.01,no
2026-10-05T03:58:07.599438Z,KXBTC15M-26OCT050000-00,0.0050,0.01,no
2026-10-05T03:58:07.599438Z,KXBTC15M-26OCT050000-00,0.0050,99.98,no
2026-10-05T03:58:07.614032Z,KXBTC15M-26OCT050000-00,0.0070,0.01,no
2026-10-05T03:58:07.614032Z,KXBTC15M-26OCT050000-00,0.0060,20.00,no
2026-10-05T03:58:07.614032Z,KXBTC15M-26OCT050000-00,0.0070,0.01,no
2026-10-05T03:58:07.614032Z,KXBTC15M-26OCT050000-00,0.0050,179.98,no
2026-10-05T03:58:07.622076Z,KXBTC15M-26OCT050000-00,0.0080,7.26,yes
2026-10-05T03:58:07.630685Z,KXBTC15M-26OCT050000-00,0.0040,57.96,no
2026-10-05T03:58:07.630685Z,KXBTC15M-26OCT050000-00,0.0050,0.01,no
2026-10-05T03:58:07.630685Z,KXBTC15M-26OCT050000-00,0.0060,20.00,no
2026-10-05T03:58:07.630685Z,KXBTC15M-26OCT050000-00,0.0060,0.01,no
2026-10-05T03:58:07.630685Z,KXBTC15M-26OCT050000-00,0.0050,0.01,no
2026-10-05T03:58:07.630685Z,KXBTC15M-26OCT050000-00,0.0050,22.00,no
2026-10-05T03:58:07.630685Z,KXBTC15M-26OCT050000-00,0.0060,100.00,no
2026-10-05T03:58:07.630685Z,KXBTC15M-26OCT050000-00,0.0060,0.01,no
2026-10-05T03:58:07.643931Z,KXBTC15M-26OCT050000-00,0.0060,42.53,no
2026-10-05T03:58:07.648445Z,KXBTC15M-26OCT050000-00,0.0060,225.46,no
2026-10-05T03:58:07.680889Z,KXBTC15M-26OCT050000-00,0.0070,36.33,yes
2026-10-05T03:58:07.685562Z,KXBTC15M-26OCT050000-00,0.0070,6.29,yes
2026-10-05T03:58:07.702952Z,KXBTC15M-26OCT050000-00,0.0070,15.00,yes
2026-10-05T03:58:07.702952Z,KXBTC15M-26OCT050000-00,0.0080,62.35,yes
2026-10-05T03:58:07.702952Z,KXBTC15M-26OCT050000-00,0.0070,0.01,yes
2026-10-05T03:58:07.702952Z,KXBTC15M-26OCT050000-00,0.0070,0.01,yes
2026-10-05T03:58:07.716554Z,KXBTC15M-26OCT050000-00,0.0080,112.15,yes
2026-10-05T03:58:07.743718Z,KXBTC15M-26OCT050000-00,0.0070,0.01,yes
2026-10-05T03:58:07.743718Z,KXBTC15M-26OCT050000-00,0.0070,0.01,yes
2026-10-05T03:58:07.744558Z,KXBTC15M-26OCT050000-00,0.0080,425.11,yes
2026-10-05T03:58:07.75346Z,KXBTC15M-26OCT050000-00,0.0080,36.33,yes
2026-10-05T03:58:07.756371Z,KXBTC15M-26OCT050000-00,0.0070,0.01,yes
2026-10-05T03:58:07.756371Z,KXBTC15M-26OCT050000-00,0.0070,0.01,yes
2026-10-05T03:58:07.756371Z,KXBTC15M-26OCT050000-00,0.0080,71.22,yes
2026-10-05T03:58:07.770069Z,KXBTC15M-26OCT050000-00,0.0060,0.01,no
2026-10-05T03:58:07.770069Z,KXBTC15M-26OCT050000-00,0.0060,4.91,no
2026-10-05T03:58:07.770069Z,KXBTC15M-26OCT050000-00,0.0060,0.01,no
2026-10-05T03:58:07.780469Z,KXBTC15M-26OCT050000-00,0.0070,0.01,yes
2026-10-05T03:58:07.780469Z,KXBTC15M-26OCT050000-00,0.0080,173.30,yes
2026-10-05T03:58:07.780469Z,KXBTC15M-26OCT050000-00,0.0070,0.01,yes
2026-10-05T03:58:07.797443Z,KXBTC15M-26OCT050000-00,0.0070,0.01,yes
2026-10-05T03:58:07.797443Z,KXBTC15M-26OCT050000-00,0.0070,0.01,yes
2026-10-05T03:58:07.797443Z,KXBTC15M-26OCT050000-00,0.0080,58.89,yes
2026-10-05T03:58:07.807486Z,KXBTC15M-26OCT050000-00,0.0080,24.29,yes
2026-10-05T03:58:07.807486Z,KXBTC15M-26OCT050000-00,0.0070,0.01,yes
2026-10-05T03:58:07.807486Z,KXBTC15M-26OCT050000-00,0.0070,0.01,yes
2026-10-05T03:58:07.818498Z,KXBTC15M-26OCT050000-00,0.0070,0.01,yes
2026-10-05T03:58:07.818498Z,KXBTC15M-26OCT050000-00,0.0080,200.00,yes
2026-10-05T03:58:07.818498Z,KXBTC15M-26OCT050000-00,0.0090,191.46,yes
2026-10-05T03:58:07.818498Z,KXBTC15M-26OCT050000-00,0.0080,0.01,yes
2026-10-05T03:58:07.818498Z,KXBTC15M-26OCT050000-00,0.0080,0.01,yes
2026-10-05T03:58:07.818498Z,KXBTC15M-26OCT050000-00,0.0080,76.10,yes
2026-10-05T03:58:07.819536Z,KXBTC15M-26OCT050000-00,0.0090,0.01,yes
2026-10-05T03:58:07.82082Z,KXBTC15M-26OCT050000-00,0.0100,329.06,yes
2026-10-05T03:58:07.82082Z,KXBTC15M-26OCT050000-00,0.0090,80.00,yes
2026-10-05T03:58:07.82082Z,KXBTC15M-26OCT050000-00,0.0100,50.00,yes
2026-10-05T03:58:07.82082Z,KXBTC15M-26OCT050000-00,0.0090,8.53,yes
2026-10-05T03:58:07.828927Z,KXBTC15M-26OCT050000-00,0.0070,0.01,yes
2026-10-05T03:58:07.828927Z,KXBTC15M-26OCT050000-00,0.0100,44.87,yes
2026-10-05T03:58:07.878082Z,KXBTC15M-26OCT050000-00,0.0100,174.97,yes
2026-10-05T03:58:07.878082Z,KXBTC15M-26OCT050000-00,0.0090,0.01,yes
2026-10-05T03:58:07.878082Z,KXBTC15M-26OCT050000-00,0.0090,100.00,yes
2026-10-05T03:58:07.892425Z,KXBTC15M-26OCT050000-00,0.0090,35.06,yes
2026-10-05T03:58:07.942418Z,KXBTC15M-26OCT050000-00,0.0100,0.02,yes
2026-10-05T03:58:07.943067Z,KXBTC15M-26OCT050000-00,0.0100,155.57,yes
2026-10-05T03:58:07.956555Z,KXBTC15M-26OCT050000-00,0.0090,0.02,yes
2026-10-05T03:58:07.957375Z,KXBTC15M-26OCT050000-00,0.0090,7.26,yes
2026-10-05T03:58:07.995467Z,KXBTC15M-26OCT050000-00,0.0100,12.61,yes
2026-10-05T03:58:08.00901Z,KXBTC15M-26OCT050000-00,0.0100,153.00,yes
2026-10-05T03:58:08.016368Z,KXBTC15M-26OCT050000-00,0.0100,93.51,yes
2026-10-05T03:58:08.023875Z,KXBTC15M-26OCT050000-00,0.0100,19.41,yes
2026-10-05T03:58:08.023875Z,KXBTC15M-26OCT050000-00,0.0100,83.39,yes
2026-10-05T03:58:08.031421Z,KXBTC15M-26OCT050000-00,0.0100,30.59,yes
2026-10-05T03:58:08.031421Z,KXBTC15M-26OCT050000-00,0.0110,10.64,yes
2026-10-05T03:58:08.03579Z,KXBTC15M-26OCT050000-00,0.0110,6.80,yes
2026-10-05T03:58:08.112237Z,KXBTC15M-26OCT050000-00,0.0110,22.44,yes
2026-10-05T03:58:08.112237Z,KXBTC15M-26OCT050000-00,0.0110,27.56,yes
2026-10-05T03:58:08.134899Z,KXBTC15M-26OCT050000-00,0.0060,4.92,no
2026-10-05T03:58:08.173926Z,KXBTC15M-26OCT050000-00,0.0110,7.50,yes
2026-10-05T03:58:08.182521Z,KXBTC15M-26OCT050000-00,0.0110,15.06,yes
2026-10-05T03:58:08.182521Z,KXBTC15M-26OCT050000-00,0.0110,2.26,yes
2026-10-05T03:58:08.182726Z,KXBTC15M-26OCT050000-00,0.0060,53.69,no
2026-10-05T03:58:08.182726Z,KXBTC15M-26OCT050000-00,0.0060,75.00,no
2026-10-05T03:58:08.182726Z,KXBTC15M-26OCT050000-00,0.0060,0.01,no
2026-10-05T03:58:08.182726Z,KXBTC15M-26OCT050000-00,0.0060,0.01,no
2026-10-05T03:58:08.182726Z,KXBTC15M-26OCT050000-00,0.0060,15.00,no
2026-10-05T03:58:08.182726Z,KXBTC15M-26OCT050000-00,0.0060,200.00,no
2026-10-05T03:58:08.286051Z,KXBTC15M-26OCT050000-00,0.0030,1631.00,no
2026-10-05T03:58:08.286051Z,KXBTC15M-26OCT050000-00,0.0030,402.37,no
2026-10-05T03:58:08.286051Z,KXBTC15M-26OCT050000-00,0.0060,200.00,no
2026-10-05T03:58:08.286051Z,KXBTC15M-26OCT050000-00,0.0060,0.01,no
2026-10-05T03:58:08.286051Z,KXBTC15M-26OCT050000-00,0.0060,0.01,no
2026-10-05T03:58:08.286051Z,KXBTC15M-26OCT050000-00,0.0050,200.00,no
2026-10-05T03:58:08.286051Z,KXBTC15M-26OCT050000-00,0.0060,400.00,no
2026-10-05T03:58:08.286051Z,KXBTC15M-26OCT050000-00,0.0050,1350.00,no
2026-10-05T03:58:08.286051Z,KXBTC15M-26OCT050000-00,0.0060,100.00,no
2026-10-05T03:58:08.286051Z,KXBTC15M-26OCT050000-00,0.0060,6.00,no
2026-10-05T03:58:08.286051Z,KXBTC15M-26OCT050000-00,0.0040,10.00,no
2026-10-05T03:58:08.286051Z,KXBTC15M-26OCT050000-00,0.0050,22.00,no
2026-10-05T03:58:08.286051Z,KXBTC15M-26OCT050000-00,0.0040,150.00,no
2026-10-05T03:58:08.286051Z,KXBTC15M-26OCT050000-00,0.0040,1072.94,no
2026-10-05T03:58:08.286051Z,KXBTC15M-26OCT050000-00,0.0040,10.00,no
2026-10-05T03:58:08.286051Z,KXBTC15M-26OCT050000-00,0.0040,10.00,no
2026-10-05T03:58:08.333291Z,KXBTC15M-26OCT050000-00,0.0070,15.00,yes
2026-10-05T03:58:08.333291Z,KXBTC15M-26OCT050000-00,0.0080,147.44,yes
2026-10-05T03:58:08.357214Z,KXBTC15M-26OCT050000-00,0.0070,46.75,yes
2026-10-05T03:58:08.37143Z,KXBTC15M-26OCT050000-00,0.0070,93.51,yes
2026-10-05T03:58:08.423221Z,KXBTC15M-26OCT050000-00,0.0070,15.00,yes
2026-10-05T03:58:08.437179Z,KXBTC15M-26OCT050000-00,0.0070,14.58,yes
2026-10-05T03:58:08.448021Z,KXBTC15M-26OCT050000-00,0.0070,4.00,yes
2026-10-05T03:58:08.455383Z,KXBTC15M-26OCT050000-00,0.0060,0.01,no
2026-10-05T03:58:08.455383Z,KXBTC15M-26OCT050000-00,0.0060,45.00,no
2026-10-05T03:58:08.455383Z,KXBTC15M-26OCT050000-00,0.0060,0.01,no
2026-10-05T03:58:08.455383Z,KXBTC15M-26OCT050000-00,0.0060,7.27,no
2026-10-05T03:58:08.465087Z,KXBTC15M-26OCT050000-00,0.0070,46.75,yes
2026-10-05T03:58:08.539224Z,KXBTC15M-26OCT050000-00,0.0070,32.42,yes
2026-10-05T03:58:08.546093Z,KXBTC15M-26OCT050000-00,0.0070,149.36,yes
2026-10-05T03:58:08.546093Z,KXBTC15M-26OCT050000-00,0.0070,649.64,yes
2026-10-05T03:58:08.548005Z,KXBTC15M-26OCT050000-00,0.0070,0.02,yes
2026-10-05T03:58:08.594651Z,KXBTC15M-26OCT050000-00,0.0070,373.00,yes
2026-10-05T03:58:08.622635Z,KXBTC15M-26OCT050000-00,0.0070,51.95,yes
2026-10-05T03:58:08.668445Z,KXBTC15M-26OCT050000-00,0.0070,44.72,yes
2026-10-05T03:58:08.690196Z,KXBTC15M-26OCT050000-00,0.0070,35.13,yes
2026-10-05T03:58:08.702315Z,KXBTC15M-26OCT050000-00,0.0070,150.00,yes
2026-10-05T03:58:08.708889Z,KXBTC15M-26OCT050000-00,0.0070,11.11,yes
2026-10-05T03:58:08.712781Z,KXBTC15M-26OCT050000-00,0.0070,129.24,yes
2026-10-05T03:58:08.750517Z,KXBTC15M-26OCT050000-00,0.0060,19.96,no
2026-10-05T03:58:08.750517Z,KXBTC15M-26OCT050000-00,0.0060,15.00,no
2026-10-05T03:58:08.825298Z,KXBTC15M-26OCT050000-00,0.0070,0.01,yes
2026-10-05T03:58:08.825298Z,KXBTC15M-26OCT050000-00,0.0070,186.19,yes
2026-10-05T03:58:08.825298Z,KXBTC15M-26OCT050000-00,0.0070,0.01,yes
2026-10-05T03:58:08.825298Z,KXBTC15M-26OCT050000-00,0.0070,119.79,yes
2026-10-05T03:58:08.829627Z,KXBTC15M-26OCT050000-00,0.0090,15.00,yes
2026-10-05T03:58:08.829627Z,KXBTC15M-26OCT050000-00,0.0090,55.23,yes
2026-10-05T03:58:08.829627Z,KXBTC15M-26OCT050000-00,0.0090,80.00,yes
2026-10-05T03:58:08.829627Z,KXBTC15M-26OCT050000-00,0.0080,200.00,yes
2026-10-05T03:58:08.829627Z,KXBTC15M-26OCT050000-00,0.0070,500.00,yes
2026-10-05T03:58:08.841072Z,KXBTC15M-26OCT050000-00,0.0070,0.01,yes
2026-10-05T03:58:08.841072Z,KXBTC15M-26OCT050000-00,0.0070,0.01,yes
2026-10-05T03:58:08.841072Z,KXBTC15M-26OCT050000-00,0.0070,13.33,yes
2026-10-05T03:58:08.860397Z,KXBTC15M-26OCT050000-00,0.0110,107.56,yes
2026-10-05T03:58:08.860397Z,KXBTC15M-26OCT050000-00,0.0110,15.00,yes
2026-10-05T03:58:08.860397Z,KXBTC15M-26OCT050000-00,0.0090,15.00,yes
2026-10-05T03:58:08.860397Z,KXBTC15M-26OCT050000-00,0.0090,0.01,yes
2026-10-05T03:58:08.860397Z,KXBTC15M-26OCT050000-00,0.0110,2.00,yes
2026-10-05T03:58:08.918057Z,KXBTC15M-26OCT050000-00,0.0100,352.00,yes
2026-10-05T03:58:08.918057Z,KXBTC15M-26OCT050000-00,0.0100,100.00,yes
2026-10-05T03:58:08.948456Z,KXBTC15M-26OCT050000-00,0.0100,2.28,no
2026-10-05T03:58:08.951456Z,KXBTC15M-26OCT050000-00,0.0110,0.01,yes
2026-10-05T03:58:08.951456Z,KXBTC15M-26OCT050000-00,0.0110,99.99,yes
2026-10-05T03:58:08.952471Z,KXBTC15M-26OCT050000-00,0.0110,0.02,yes
2026-10-05T03:58:08.998144Z,KXBTC15M-26OCT050000-00,0.0110,8.50,yes
2026-10-05T03:58:09.071993Z,KXBTC15M-26OCT050000-00,0.0120,58.78,yes
2026-10-05T03:58:09.160073Z,KXBTC15M-26OCT050000-00,0.0120,0.41,yes
2026-10-05T03:58:09.173797Z,KXBTC15M-26OCT050000-00,0.0110,11.32,no
2026-10-05T03:58:09.212235Z,KXBTC15M-26OCT050000-00,0.0180,86.70,yes
2026-10-05T03:58:09.212235Z,KXBTC15M-26OCT050000-00,0.0170,8.66,yes
2026-10-05T03:58:09.212235Z,KXBTC15M-26OCT050000-00,0.0170,10.00,yes
2026-10-05T03:58:09.212235Z,KXBTC15M-26OCT050000-00,0.0170,10.00,yes
2026-10-05T03:58:09.212235Z,KXBTC15M-26OCT050000-00,0.0120,2.00,yes
2026-10-05T03:58:09.212235Z,KXBTC15M-26OCT050000-00,0.0130,2.00,yes
2026-10-05T03:58:09.212235Z,KXBTC15M-26OCT050000-00,0.0170,13.00,yes
2026-10-05T03:58:09.212235Z,KXBTC15M-26OCT050000-00,0.0170,150.00,yes
2026-10-05T03:58:09.212235Z,KXBTC15M-26OCT050000-00,0.0150,0.23,yes
2026-10-05T03:58:09.212235Z,KXBTC15M-26OCT050000-00,0.0140,0.21,yes
2026-10-05T03:58:09.212235Z,KXBTC15M-26OCT050000-00,0.0150,2.00,yes
2026-10-05T03:58:09.212235Z,KXBTC15M-26OCT050000-00,0.0130,15.00,yes
2026-10-05T03:58:09.212235Z,KXBTC15M-26OCT050000-00,0.0160,0.26,yes
2026-10-05T03:58:09.212235Z,KXBTC15M-26OCT050000-00,0.0120,14.59,yes
2026-10-05T03:58:09.212235Z,KXBTC15M-26OCT050000-00,0.0170,0.28,yes
2026-10-05T03:58:09.212235Z,KXBTC15M-26OCT050000-00,0.0140,2.00,yes
2026-10-05T03:58:09.212235Z,KXBTC15M-26OCT050000-00,0.0140,2.00,yes
2026-10-05T03:58:09.212235Z,KXBTC15M-26OCT050000-00,0.0130,2.00,yes
2026-10-05T03:58:09.212235Z,KXBTC15M-26OCT050000-00,0.0150,1047.00,yes
2026-10-05T03:58:09.212235Z,KXBTC15M-26OCT050000-00,0.0150,15.00,yes
2026-10-05T03:58:09.219456Z,KXBTC15M-26OCT050000-00,0.0150,34.51,yes
2026-10-05T03:58:09.287369Z,KXBTC15M-26OCT050000-00,0.0110,200.00,no
2026-10-05T03:58:09.287369Z,KXBTC15M-26OCT050000-00,0.0110,0.01,no
2026-10-05T03:58:09.287369Z,KXBTC15M-26OCT050000-00,0.0110,102.99,no
2026-10-05T03:58:09.379035Z,KXBTC15M-26OCT050000-00,0.0160,10.43,yes
2026-10-05T03:58:09.379035Z,KXBTC15M-26OCT050000-00,0.0160,13.00,yes
2026-10-05T03:58:09.446507Z,KXBTC15M-26OCT050000-00,0.0120,0.01,no
2026-10-05T03:58:09.446507Z,KXBTC15M-26OCT050000-00,0.0120,0.01,no
2026-10-05T03:58:09.446507Z,KXBTC15M-26OCT050000-00,0.0120,50.26,no
2026-10-05T03:58:09.469073Z,KXBTC15M-26OCT050000-00,0.0170,2.22,yes
2026-10-05T03:58:09.469073Z,KXBTC15M-26OCT050000-00,0.0160,13.00,yes
2026-10-05T03:58:09.469073Z,KXBTC15M-26OCT050000-00,0.0160,0.01,yes
2026-10-05T03:58:09.469073Z,KXBTC15M-26OCT050000-00,0.0160,0.01,yes
2026-10-05T03:58:09.469073Z,KXBTC15M-26OCT050000-00,0.0160,1.00,yes
2026-10-05T03:58:09.469073Z,KXBTC15M-26OCT050000-00,0.0160,1.01,yes
2026-10-05T03:58:09.487089Z,KXBTC15M-26OCT050000-00,0.0080,17.00,no
2026-10-05T03:58:09.487089Z,KXBTC15M-26OCT050000-00,0.0120,15.00,no
2026-10-05T03:58:09.487089Z,KXBTC15M-26OCT050000-00,0.0100,93.75,no
2026-10-05T03:58:09.487089Z,KXBTC15M-26OCT050000-00,0.0100,20.04,no
2026-10-05T03:58:09.487089Z,KXBTC15M-26OCT050000-00,0.0110,10.00,no
2026-10-05T03:58:09.487089Z,KXBTC15M-26OCT050000-00,0.0080,150.00,no
2026-10-05T03:58:09.487089Z,KXBTC15M-26OCT050000-00,0.0100,15.00,no
2026-10-05T03:58:09.487089Z,KXBTC15M-26OCT050000-00,0.0100,64.00,no
2026-10-05T03:58:09.487089Z,KXBTC15M-26OCT050000-00,0.0080,2.00,no
2026-10-05T03:58:09.487089Z,KXBTC15M-26OCT050000-00,0.0100,15.00,no
2026-10-05T03:58:09.487089Z,KXBTC15M-26OCT050000-00,0.0100,15.00,no
2026-10-05T03:58:09.487089Z,KXBTC15M-26OCT050000-00,0.0100,64.00,no
2026-10-05T03:58:09.487089Z,KXBTC15M-26OCT050000-00,0.0090,2.00,no
2026-10-05T03:58:09.487089Z,KXBTC15M-26OCT050000-00,0.0080,2.00,no
2026-10-05T03:58:09.487089Z,KXBTC15M-26OCT050000-00,0.0100,93.75,no
2026-10-05T03:58:09.487089Z,KXBTC15M-26OCT050000-00,0.0150,0.01,no
2026-10-05T03:58:09.487089Z,KXBTC15M-26OCT050000-00,0.0150,0.01,no
2026-10-05T03:58:09.487089Z,KXBTC15M-26OCT050000-00,0.0100,50.00,no
2026-10-05T03:58:09.487089Z,KXBTC15M-26OCT050000-00,0.0070,5.15,no
2026-10-05T03:58:09.487089Z,KXBTC15M-26OCT050000-00,0.0120,267.94,no
2026-10-05T03:58:09.518592Z,KXBTC15M-26OCT050000-00,0.0160,2.00,yes
2026-10-05T03:58:09.518592Z,KXBTC15M-26OCT050000-00,0.0160,5.34,yes
2026-10-05T03:58:09.518592Z,KXBTC15M-26OCT050000-00,0.0160,0.01,yes
2026-10-05T03:58:09.617774Z,KXBTC15M-26OCT050000-00,0.0030,120.00,no
2026-10-05T03:58:09.617774Z,KXBTC15M-26OCT050000-00,0.0030,1397.63,no
2026-10-05T03:58:09.617774Z,KXBTC15M-26OCT050000-00,0.0030,250.00,no
2026-10-05T03:58:09.617774Z,KXBTC15M-26OCT050000-00,0.0030,18.00,no
2026-10-05T03:58:09.617774Z,KXBTC15M-26OCT050000-00,0.0030,2.00,no
2026-10-05T03:58:09.617774Z,KXBTC15M-26OCT050000-00,0.0030,2.00,no
2026-10-05T03:58:09.617774Z,KXBTC15M-26OCT050000-00,0.0030,2.00,no
2026-10-05T03:58:09.617774Z,KXBTC15M-26OCT050000-00,0.0030,2.00,no
2026-10-05T03:58:09.617774Z,KXBTC15M-26OCT050000-00,0.0030,2.00,no
2026-10-05T03:58:09.617774Z,KXBTC15M-26OCT050000-00,0.0030,15.00,no
2026-10-05T03:58:09.617774Z,KXBTC15M-26OCT050000-00,0.0030,4500.00,no
2026-10-05T03:58:09.617774Z,KXBTC15M-26OCT050000-00,0.0030,15.00,no
2026-10-05T03:58:09.617774Z,KXBTC15M-26OCT050000-00,0.0060,2.00,no
2026-10-05T03:58:09.617774Z,KXBTC15M-26OCT050000-00,0.0050,2.00,no
2026-10-05T03:58:09.617774Z,KXBTC15M-26OCT050000-00,0.0070,3141.00,no
2026-10-05T03:58:09.617774Z,KXBTC15M-26OCT050000-00,0.0070,15.00,no
2026-10-05T03:58:09.617774Z,KXBTC15M-26OCT050000-00,0.0150,0.01,no
2026-10-05T03:58:09.617774Z,KXBTC15M-26OCT050000-00,0.0100,64.00,no
2026-10-05T03:58:09.617774Z,KXBTC15M-26OCT050000-00,0.0100,50.00,no
2026-10-05T03:58:09.617774Z,KXBTC15M-26OCT050000-00,0.0060,2.00,no
2026-10-05T03:58:09.617774Z,KXBTC15M-26OCT050000-00,0.0040,1047.00,no
2026-10-05T03:58:09.617774Z,KXBTC15M-26OCT050000-00,0.0070,2.00,no
2026-10-05T03:58:09.617774Z,KXBTC15M-26OCT050000-00,0.0100,93.75,no
2026-10-05T03:58:09.617774Z,KXBTC15M-26OCT050000-00,0.0150,0.01,no
2026-10-05T03:58:09.617774Z,KXBTC15M-26OCT050000-00,0.0100,15.00,no
2026-10-05T03:58:09.617774Z,KXBTC15M-26OCT050000-00,0.0040,2.00,no
2026-10-05T03:58:09.617774Z,KXBTC15M-26OCT050000-00,0.0050,2.00,no
2026-10-05T03:58:09.617774Z,KXBTC15M-26OCT050000-00,0.0110,200.00,no
2026-10-05T03:58:09.617774Z,KXBTC15M-26OCT050000-00,0.0070,289.00,no
2026-10-05T03:58:09.617774Z,KXBTC15M-26OCT050000-00,0.0100,93.75,no
2026-10-05T03:58:09.617774Z,KXBTC15M-26OCT050000-00,0.0080,150.00,no
2026-10-05T03:58:09.617774Z,KXBTC15M-26OCT050000-00,0.0080,17.00,no
2026-10-05T03:58:09.617774Z,KXBTC15M-26OCT050000-00,0.0100,200.00,no
2026-10-05T03:58:09.617774Z,KXBTC15M-26OCT050000-00,0.0100,64.00,no
2026-10-05T03:58:09.617774Z,KXBTC15M-26OCT050000-00,0.0060,13.33,no
2026-10-05T03:58:09.617774Z,KXBTC15M-26OCT050000-00,0.0070,47.00,no
2026-10-05T03:58:09.617774Z,KXBTC15M-26OCT050000-00,0.0070,10.00,no
2026-10-05T03:58:09.617774Z,KXBTC15M-26OCT050000-00,0.0050,93.75,no
2026-10-05T03:58:09.617774Z,KXBTC15M-26OCT050000-00,0.0120,500.00,no
2026-10-05T03:58:09.617774Z,KXBTC15M-26OCT050000-00,0.0070,15.00,no
2026-10-05T03:58:09.617774Z,KXBTC15M-26OCT050000-00,0.0050,93.75,no
2026-10-05T03:58:09.617774Z,KXBTC15M-26OCT050000-00,0.0070,10.00,no
2026-10-05T03:58:09.617774Z,KXBTC15M-26OCT050000-00,0.0050,15.00,no
2026-10-05T03:58:09.617774Z,KXBTC15M-26OCT050000-00,0.0050,15.00,no
2026-10-05T03:58:09.617774Z,KXBTC15M-26OCT050000-00,0.0040,10.00,no
2026-10-05T03:58:09.617774Z,KXBTC15M-26OCT050000-00,0.0030,4493.85,no
2026-10-05T03:58:09.617774Z,KXBTC15M-26OCT050000-00,0.0070,15.00,no
2026-10-05T03:58:09.617774Z,KXBTC15M-26OCT050000-00,0.0070,9.85,no
2026-10-05T03:58:09.617774Z,KXBTC15M-26OCT050000-00,0.0050,64.00,no
2026-10-05T03:58:09.617774Z,KXBTC15M-26OCT050000-00,0.0030,2502.92,no
2026-10-05T03:58:09.637706Z,KXBTC15M-26OCT050000-00,0.0040,200.00,no
2026-10-05T03:58:09.656117Z,KXBTC15M-26OCT050000-00,0.0040,200.00,no
2026-10-05T03:58:09.664312Z,KXBTC15M-26OCT050000-00,0.0040,31.44,no
2026-10-05T03:58:09.664312Z,KXBTC15M-26OCT050000-00,0.0040,14.17,no
2026-10-05T03:58:09.664312Z,KXBTC15M-26OCT050000-00,0.0040,0.01,no
2026-10-05T03:58:09.664312Z,KXBTC15M-26OCT050000-00,0.0040,0.01,no
2026-10-05T03:58:09.666679Z,KXBTC15M-26OCT050000-00,0.0040,15.00,no
2026-10-05T03:58:09.669902Z,KXBTC15M-26OCT050000-00,0.0040,53.56,no
2026-10-05T03:58:09.669902Z,KXBTC15M-26OCT050000-00,0.0040,126.44,no
2026-10-05T03:58:09.669902Z,KXBTC15M-26OCT050000-00,0.0040,20.00,no
2026-10-05T03:58:09.68012Z,KXBTC15M-26OCT050000-00,0.0050,31.92,yes
2026-10-05T03:58:09.686431Z,KXBTC15M-26OCT050000-00,0.0050,30.00,yes
2026-10-05T03:58:09.699597Z,KXBTC15M-26OCT050000-00,0.0050,2288.05,yes
2026-10-05T03:58:09.744716Z,KXBTC15M-26OCT050000-00,0.0050,73.95,yes
2026-10-05T03:58:09.744716Z,KXBTC15M-26OCT050000-00,0.0050,15.00,yes
2026-10-05T03:58:09.744716Z,KXBTC15M-26OCT050000-00,0.0050,0.01,yes
2026-10-05T03:58:09.744716Z,KXBTC15M-26OCT050000-00,0.0050,120.00,yes
2026-10-05T03:58:09.744716Z,KXBTC15M-26OCT050000-00,0.0050,0.01,yes
2026-10-05T03:58:09.744716Z,KXBTC15M-26OCT050000-00,0.0050,791.03,yes
2026-10-05T03:58:09.800327Z,KXBTC15M-26OCT050000-00,0.0050,133.58,yes
2026-10-05T03:58:09.808577Z,KXBTC15M-26OCT050000-00,0.0050,11.01,yes
2026-10-05T03:58:09.809788Z,KXBTC15M-26OCT050000-00,0.0040,198.76,no
2026-10-05T03:58:09.81317Z,KXBTC15M-26OCT050000-00,0.0040,70.47,no
2026-10-05T03:58:09.877815Z,KXBTC15M-26OCT050000-00,0.0050,31.46,yes
2026-10-05T03:58:09.877815Z,KXBTC15M-26OCT050000-00,0.0080,48.01,yes
2026-10-05T03:58:09.877815Z,KXBTC15M-26OCT050000-00,0.0050,0.01,yes
2026-10-05T03:58:09.877815Z,KXBTC15M-26OCT050000-00,0.0050,0.01,yes
2026-10-05T03:58:09.877815Z,KXBTC15M-26OCT050000-00,0.0050,15.00,yes
2026-10-05T03:58:09.89755Z,KXBTC15M-26OCT050000-00,0.0060,20.00,no
2026-10-05T03:58:09.89755Z,KXBTC15M-26OCT050000-00,0.0060,0.01,no
2026-10-05T03:58:09.89755Z,KXBTC15M-26OCT050000-00,0.0060,0.01,no
2026-10-05T03:58:09.89755Z,KXBTC15M-26OCT050000-00,0.0060,70.60,no
2026-10-05T03:58:09.89755Z,KXBTC15M-26OCT050000-00,0.0060,47.00,no
2026-10-05T03:58:09.903957Z,KXBTC15M-26OCT050000-00,0.0060,15.36,no
2026-10-05T03:58:09.929147Z,KXBTC15M-26OCT050000-00,0.0060,0.01,no
2026-10-05T03:58:09.929147Z,KXBTC15M-26OCT050000-00,0.0060,0.01,no
2026-10-05T03:58:09.929147Z,KXBTC15M-26OCT050000-00,0.0060,140.66,no
2026-10-05T03:58:09.934758Z,KXBTC15M-26OCT050000-00,0.0070,292.36,yes
2026-10-05T03:58:09.990656Z,KXBTC15M-26OCT050000-00,0.0060,61.60,no
2026-10-05T03:58:09.990656Z,KXBTC15M-26OCT050000-00,0.0060,0.01,no
2026-10-05T03:58:09.990656Z,KXBTC15M-26OCT050000-00,0.0060,0.01,no
2026-10-05T03:58:10.019772Z,KXBTC15M-26OCT050000-00,0.0060,28.76,no
2026-10-05T03:58:10.045344Z,KXBTC15M-26OCT050000-00,0.0070,49.00,yes
2026-10-05T03:58:10.045344Z,KXBTC15M-26OCT050000-00,0.0070,6.58,yes
2026-10-05T03:58:10.054083Z,KXBTC15M-26OCT050000-00,0.0070,8.42,yes
2026-10-05T03:58:10.054083Z,KXBTC15M-26OCT050000-00,0.0070,15.00,yes
2026-10-05T03:58:10.054083Z,KXBTC15M-26OCT050000-00,0.0070,0.01,yes
2026-10-05T03:58:10.054083Z,KXBTC15M-26OCT050000-00,0.0070,0.01,yes
2026-10-05T03:58:10.054083Z,KXBTC15M-26OCT050000-00,0.0070,52.76,yes
2026-10-05T03:58:10.140801Z,KXBTC15M-26OCT050000-00,0.0070,10.50,no
2026-10-05T03:58:10.140801Z,KXBTC15M-26OCT050000-00,0.0070,150.00,no
2026-10-05T03:58:10.140801Z,KXBTC15M-26OCT050000-00,0.0070,0.01,no
2026-10-05T03:58:10.151435Z,KXBTC15M-26OCT050000-00,0.0080,3.32,yes
2026-10-05T03:58:10.152081Z,KXBTC15M-26OCT050000-00,0.0080,200.00,yes
2026-10-05T03:58:10.152081Z,KXBTC15M-26OCT050000-00,0.0080,4.67,yes
2026-10-05T03:58:10.152081Z,KXBTC15M-26OCT050000-00,0.0080,487.30,yes
2026-10-05T03:58:10.177555Z,KXBTC15M-26OCT050000-00,0.0040,45.00,no
2026-10-05T03:58:10.177555Z,KXBTC15M-26OCT050000-00,0.0070,150.00,no
2026-10-05T03:58:10.177555Z,KXBTC15M-26OCT050000-00,0.0070,89.50,no
2026-10-05T03:58:10.177555Z,KXBTC15M-26OCT050000-00,0.0070,0.01,no
2026-10-05T03:58:10.177555Z,KXBTC15M-26OCT050000-00,0.0060,15.00,no
2026-10-05T03:58:10.177555Z,KXBTC15M-26OCT050000-00,0.0070,400.00,no
2026-10-05T03:58:10.177555Z,KXBTC15M-26OCT050000-00,0.0070,0.01,no
2026-10-05T03:58:10.177555Z,KXBTC15M-26OCT050000-00,0.0060,15.00,no
2026-10-05T03:58:10.177555Z,KXBTC15M-26OCT050000-00,0.0030,17.00,no
2026-10-05T03:58:10.177555Z,KXBTC15M-26OCT050000-00,0.0040,10.00,no
2026-10-05T03:58:10.177555Z,KXBTC15M-26OCT050000-00,0.0060,200.00,no
2026-10-05T03:58:10.177555Z,KXBTC15M-26OCT050000-00,0.0030,1897.49,no
2026-10-05T03:58:10.177555Z,KXBTC15M-26OCT050000-00,0.0040,15.00,no
2026-10-05T03:58:10.177555Z,KXBTC15M-26OCT050000-00,0.0040,15.00,no
2026-10-05T03:58:10.177555Z,KXBTC15M-26OCT050000-00,0.0040,10.00,no
2026-10-05T03:58:10.177555Z,KXBTC15M-26OCT050000-00,0.0030,250.00,no
2026-10-05T03:58:10.177555Z,KXBTC15M-26OCT050000-00,0.0040,20.00,no
2026-10-05T03:58:10.177555Z,KXBTC15M-26OCT050000-00,0.0040,10.00,no
2026-10-05T03:58:10.197579Z,KXBTC15M-26OCT050000-00,0.0070,150.00,no
2026-10-05T03:58:10.197579Z,KXBTC15M-26OCT050000-00,0.0060,50.00,no
2026-10-05T03:58:10.20844Z,KXBTC15M-26OCT050000-00,0.0060,79.97,no
2026-10-05T03:58:10.20844Z,KXBTC15M-26OCT050000-00,0.0060,0.01,no
2026-10-05T03:58:10.20844Z,KXBTC15M-26OCT050000-00,0.0070,0.01,no
2026-10-05T03:58:10.20844Z,KXBTC15M-26OCT050000-00,0.0060,0.01,no
2026-10-05T03:58:10.212974Z,KXBTC15M-26OCT050000-00,0.0070,100.00,no
2026-10-05T03:58:10.212974Z,KXBTC15M-26OCT050000-00,0.0060,100.00,no
2026-10-05T03:58:10.229797Z,KXBTC15M-26OCT050000-00,0.0060,0.01,no
2026-10-05T03:58:10.229797Z,KXBTC15M-26OCT050000-00,0.0060,0.01,no
2026-10-05T03:58:10.229797Z,KXBTC15M-26OCT050000-00,0.0060,199.98,no
2026-10-05T03:58:10.244112Z,KXBTC15M-26OCT050000-00,0.0070,0.01,yes
2026-10-05T03:58:10.244112Z,KXBTC15M-26OCT050000-00,0.0070,15.00,yes
2026-10-05T03:58:10.244112Z,KXBTC15M-26OCT050000-00,0.0070,0.01,yes
2026-10-05T03:58:10.244112Z,KXBTC15M-26OCT050000-00,0.0070,15.00,yes
2026-10-05T03:58:10.244112Z,KXBTC15M-26OCT050000-00,0.0080,2.70,yes
2026-10-05T03:58:10.36678Z,KXBTC15M-26OCT050000-00,0.0070,2.01,no
2026-10-05T03:58:10.443701Z,KXBTC15M-26OCT050000-00,0.0080,27.00,yes
2026-10-05T03:58:10.443701Z,KXBTC15M-26OCT050000-00,0.0080,0.01,yes
2026-10-05T03:58:10.443701Z,KXBTC15M-26OCT050000-00,0.0080,174.07,yes
2026-10-05T03:58:10.443701Z,KXBTC15M-26OCT050000-00,0.0080,0.01,yes
2026-10-05T03:58:10.443701Z,KXBTC15M-26OCT050000-00,0.0080,28.00,yes
2026-10-05T03:58:10.47127Z,KXBTC15M-26OCT050000-00,0.0070,26.06,no
2026-10-05T03:58:10.518611Z,KXBTC15M-26OCT050000-00,0.0080,140.26,yes
2026-10-05T03:58:10.526644Z,KXBTC15M-26OCT050000-00,0.0080,0.01,yes
2026-10-05T03:58:10.526644Z,KXBTC15M-26OCT050000-00,0.0080,250.00,yes
2026-10-05T03:58:10.526644Z,KXBTC15M-26OCT050000-00,0.0080,15.00,yes
2026-10-05T03:58:10.526644Z,KXBTC15M-26OCT050000-00,0.0080,0.01,yes
2026-10-05T03:58:10.526644Z,KXBTC15M-26OCT050000-00,0.0080,14.00,yes
2026-10-05T03:58:10.526644Z,KXBTC15M-26OCT050000-00,0.0080,311.61,yes
2026-10-05T03:58:10.526644Z,KXBTC15M-26OCT050000-00,0.0090,344.56,yes
2026-10-05T03:58:10.557592Z,KXBTC15M-26OCT050000-00,0.0090,18.28,yes
2026-10-05T03:58:10.571202Z,KXBTC15M-26OCT050000-00,0.0090,19.31,yes
2026-10-05T03:58:10.585764Z,KXBTC15M-26OCT050000-00,0.0090,68.62,yes
2026-10-05T03:58:10.615031Z,KXBTC15M-26OCT050000-00,0.0090,10.34,yes
2026-10-05T03:58:10.61519Z,KXBTC15M-26OCT050000-00,0.0080,27.70,no
2026-10-05T03:58:10.683928Z,KXBTC15M-26OCT050000-00,0.0090,0.01,yes
2026-10-05T03:58:10.683928Z,KXBTC15M-26OCT050000-00,0.0100,150.57,yes
2026-10-05T03:58:10.683928Z,KXBTC15M-26OCT050000-00,0.0090,0.01,yes
2026-10-05T03:58:10.683928Z,KXBTC15M-26OCT050000-00,0.0090,15.00,yes
2026-10-05T03:58:10.683928Z,KXBTC15M-26OCT050000-00,0.0090,200.00,yes
2026-10-05T03:58:10.683928Z,KXBTC15M-26OCT050000-00,0.0100,15.00,yes
2026-10-05T03:58:10.683928Z,KXBTC15M-26OCT050000-00,0.0100,16.00,yes
2026-10-05T03:58:10.683928Z,KXBTC15M-26OCT050000-00,0.0090,56.00,yes
2026-10-05T03:58:10.683928Z,KXBTC15M-26OCT050000-00,0.0090,585.89,yes
2026-10-05T03:58:10.683928Z,KXBTC15M-26OCT050000-00,0.0100,2.00,yes
2026-10-05T03:58:10.683928Z,KXBTC15M-26OCT050000-00,0.0090,15.00,yes
2026-10-05T03:58:10.683928Z,KXBTC15M-26OCT050000-00,0.0100,50.00,yes
2026-10-05T03:58:10.712897Z,KXBTC15M-26OCT050000-00,0.0090,15.00,yes
2026-10-05T03:58:10.712897Z,KXBTC15M-26OCT050000-00,0.0090,0.01,yes
2026-10-05T03:58:10.712897Z,KXBTC15M-26OCT050000-00,0.0090,0.01,yes
2026-10-05T03:58:10.712897Z,KXBTC15M-26OCT050000-00,0.0100,1.45,yes
2026-10-05T03:58:10.734336Z,KXBTC15M-26OCT050000-00,0.0080,79.98,no
2026-10-05T03:58:10.734336Z,KXBTC15M-26OCT050000-00,0.0080,0.01,no
2026-10-05T03:58:10.734336Z,KXBTC15M-26OCT050000-00,0.0080,0.01,no
2026-10-05T03:58:10.881838Z,KXBTC15M-26OCT050000-00,0.0080,0.02,no
2026-10-05T03:58:10.898796Z,KXBTC15M-26OCT050000-00,0.0090,0.01,yes
2026-10-05T03:58:10.898796Z,KXBTC15M-26OCT050000-00,0.0090,7.25,yes
2026-10-05T03:58:10.905486Z,KXBTC15M-26OCT050000-00,0.0080,0.10,no
2026-10-05T03:58:10.92236Z,KXBTC15M-26OCT050000-00,0.0090,7.75,yes
2026-10-05T03:58:10.92236Z,KXBTC15M-26OCT050000-00,0.0090,0.01,yes
2026-10-05T03:58:10.92236Z,KXBTC15M-26OCT050000-00,0.0090,0.01,yes
2026-10-05T03:58:10.92236Z,KXBTC15M-26OCT050000-00,0.0100,12.59,yes
2026-10-05T03:58:10.92586Z,KXBTC15M-26OCT050000-00,0.0100,1.47,yes
2026-10-05T03:58:10.925911Z,KXBTC15M-26OCT050000-00,0.0080,5.03,no
2026-10-05T03:58:10.926269Z,KXBTC15M-26OCT050000-00,0.0080,1.00,no
2026-10-05T03:58:10.970996Z,KXBTC15M-26OCT050000-00,0.0090,7.26,yes
2026-10-05T03:58:11.038276Z,KXBTC15M-26OCT050000-00,0.0090,7.26,yes
2026-10-05T03:58:11.041262Z,KXBTC15M-26OCT050000-00,0.0090,0.01,yes
2026-10-05T03:58:11.041262Z,KXBTC15M-26OCT050000-00,0.0090,0.01,yes
2026-10-05T03:58:11.041262Z,KXBTC15M-26OCT050000-00,0.0090,0.48,yes
2026-10-05T03:58:11.041262Z,KXBTC15M-26OCT050000-00,0.0100,151.90,yes
2026-10-05T03:58:11.042674Z,KXBTC15M-26OCT050000-00,0.0100,66.95,yes
2026-10-05T03:58:11.052179Z,KXBTC15M-26OCT050000-00,0.0080,131.13,no
2026-10-05T03:58:11.052179Z,KXBTC15M-26OCT050000-00,0.0080,15.00,no
2026-10-05T03:58:11.052179Z,KXBTC15M-26OCT050000-00,0.0080,0.01,no
2026-10-05T03:58:11.052179Z,KXBTC15M-26OCT050000-00,0.0080,0.01,no
2026-10-05T03:58:11.052179Z,KXBTC15M-26OCT050000-00,0.0080,500.00,no
2026-10-05T03:58:11.052179Z,KXBTC15M-26OCT050000-00,0.0080,100.00,no
2026-10-05T03:58:11.052179Z,KXBTC15M-26OCT050000-00,0.0080,15.00,no
2026-10-05T03:58:11.052179Z,KXBTC15M-26OCT050000-00,0.0080,15.00,no
2026-10-05T03:58:11.052179Z,KXBTC15M-26OCT050000-00,0.0080,8.85,no
2026-10-05T03:58:11.052179Z,KXBTC15M-26OCT050000-00,0.0080,15.00,no
2026-10-05T03:58:11.052179Z,KXBTC15M-26OCT050000-00,0.0080,200.00,no
2026-10-05T03:58:11.102479Z,KXBTC15M-26OCT050000-00,0.0090,7.26,yes
2026-10-05T03:58:11.111435Z,KXBTC15M-26OCT050000-00,0.0050,200.00,no
2026-10-05T03:58:11.111435Z,KXBTC15M-26OCT050000-00,0.0070,400.00,no
2026-10-05T03:58:11.111435Z,KXBTC15M-26OCT050000-00,0.0060,150.00,no
2026-10-05T03:58:11.111435Z,KXBTC15M-26OCT050000-00,0.0080,0.01,no
2026-10-05T03:58:11.111435Z,KXBTC15M-26OCT050000-00,0.0080,15.00,no
2026-10-05T03:58:11.111435Z,KXBTC15M-26OCT050000-00,0.0080,0.01,no
2026-10-05T03:58:11.111435Z,KXBTC15M-26OCT050000-00,0.0060,200.00,no
2026-10-05T03:58:11.111435Z,KXBTC15M-26OCT050000-00,0.0030,2.00,no
2026-10-05T03:58:11.111435Z,KXBTC15M-26OCT050000-00,0.0040,10.00,no
2026-10-05T03:58:11.111435Z,KXBTC15M-26OCT050000-00,0.0050,2.00,no
2026-10-05T03:58:11.111435Z,KXBTC15M-26OCT050000-00,0.0030,49.00,no
2026-10-05T03:58:11.111435Z,KXBTC15M-26OCT050000-00,0.0070,15.00,no
2026-10-05T03:58:11.111435Z,KXBTC15M-26OCT050000-00,0.0030,250.00,no
2026-10-05T03:58:11.111435Z,KXBTC15M-26OCT050000-00,0.0050,8.00,no
2026-10-05T03:58:11.111435Z,KXBTC15M-26OCT050000-00,0.0040,10.00,no
2026-10-05T03:58:11.111435Z,KXBTC15M-26OCT050000-00,0.0060,15.00,no
2026-10-05T03:58:11.111435Z,KXBTC15M-26OCT050000-00,0.0050,15.00,no
2026-10-05T03:58:11.111435Z,KXBTC15M-26OCT050000-00,0.0030,1466.54,no
2026-10-05T03:58:11.111435Z,KXBTC15M-26OCT050000-00,0.0040,10.00,no
2026-10-05T03:58:11.111435Z,KXBTC15M-26OCT050000-00,0.0060,15.00,no
2026-10-05T03:58:11.111435Z,KXBTC15M-26OCT050000-00,0.0030,25.00,no
2026-10-05T03:58:11.116069Z,KXBTC15M-26OCT050000-00,0.0090,0.01,yes
2026-10-05T03:58:11.116069Z,KXBTC15M-26OCT050000-00,0.0090,7.74,yes
2026-10-05T03:58:11.116069Z,KXBTC15M-26OCT050000-00,0.0090,0.01,yes
2026-10-05T03:58:11.116069Z,KXBTC15M-26OCT050000-00,0.0090,77.07,yes
2026-10-05T03:58:11.116069Z,KXBTC15M-26OCT050000-00,0.0090,17.00,yes
2026-10-05T03:58:11.145777Z,KXBTC15M-26OCT050000-00,0.0090,8.15,yes
2026-10-05T03:58:11.15825Z,KXBTC15M-26OCT050000-00,0.0090,85.41,yes
2026-10-05T03:58:11.169576Z,KXBTC15M-26OCT050000-00,0.0090,5.84,yes
2026-10-05T03:58:11.195585Z,KXBTC15M-26OCT050000-00,0.0090,7.26,yes
2026-10-05T03:58:11.251494Z,KXBTC15M-26OCT050000-00,0.0090,7.26,yes
2026-10-05T03:58:11.251955Z,KXBTC15M-26OCT050000-00,0.0090,115.85,yes
2026-10-05T03:58:11.255833Z,KXBTC15M-26OCT050000-00,0.0100,93.75,yes
2026-10-05T03:58:11.255833Z,KXBTC15M-26OCT050000-00,0.0090,200.00,yes
2026-10-05T03:58:11.255833Z,KXBTC15M-26OCT050000-00,0.0090,500.00,yes
2026-10-05T03:58:11.255833Z,KXBTC15M-26OCT050000-00,0.0100,100.00,yes
2026-10-05T03:58:11.255833Z,KXBTC15M-26OCT050000-00,0.0100,15.00,yes
2026-10-05T03:58:11.255833Z,KXBTC15M-26OCT050000-00,0.0090,0.01,yes
2026-10-05T03:58:11.255833Z,KXBTC15M-26OCT050000-00,0.0100,93.75,yes
2026-10-05T03:58:11.255833Z,KXBTC15M-26OCT050000-00,0.0090,15.00,yes
2026-10-05T03:58:11.255833Z,KXBTC15M-26OCT050000-00,0.0090,24.27,yes
2026-10-05T03:58:11.255833Z,KXBTC15M-26OCT050000-00,0.0090,17.00,yes
2026-10-05T03:58:11.255833Z,KXBTC15M-26OCT050000-00,0.0090,0.01,yes
2026-10-05T03:58:11.255833Z,KXBTC15M-26OCT050000-00,0.0100,2.00,yes
2026-10-05T03:58:11.255833Z,KXBTC15M-26OCT050000-00,0.0100,200.00,yes
2026-10-05T03:58:11.255833Z,KXBTC15M-26OCT050000-00,0.0090,265.79,yes
2026-10-05T03:58:11.255833Z,KXBTC15M-26OCT050000-00,0.0100,50.00,yes
2026-10-05T03:58:11.255833Z,KXBTC15M-26OCT050000-00,0.0100,10.00,yes
2026-10-05T03:58:11.255833Z,KXBTC15M-26OCT050000-00,0.0110,549.31,yes
2026-10-05T03:58:11.255833Z,KXBTC15M-26OCT050000-00,0.0100,10.00,yes
2026-10-05T03:58:11.255833Z,KXBTC15M-26OCT050000-00,0.0100,90.00,yes
2026-10-05T03:58:11.255833Z,KXBTC15M-26OCT050000-00,0.0090,10.00,yes
2026-10-05T03:58:11.303862Z,KXBTC15M-26OCT050000-00,0.0080,15.00,no
2026-10-05T03:58:11.303862Z,KXBTC15M-26OCT050000-00,0.0040,10.00,no
2026-10-05T03:58:11.303862Z,KXBTC15M-26OCT050000-00,0.0060,150.00,no
2026-10-05T03:58:11.303862Z,KXBTC15M-26OCT050000-00,0.0040,20.00,no
2026-10-05T03:58:11.303862Z,KXBTC15M-26OCT050000-00,0.0040,10.00,no
2026-10-05T03:58:11.303862Z,KXBTC15M-26OCT050000-00,0.0060,200.00,no
2026-10-05T03:58:11.303862Z,KXBTC15M-26OCT050000-00,0.0080,0.01,no
2026-10-05T03:58:11.303862Z,KXBTC15M-26OCT050000-00,0.0040,10.00,no
2026-10-05T03:58:11.303862Z,KXBTC15M-26OCT050000-00,0.0050,200.00,no
2026-10-05T03:58:11.303862Z,KXBTC15M-26OCT050000-00,0.0080,0.01,no
2026-10-05T03:58:11.303862Z,KXBTC15M-26OCT050000-00,0.0030,3184.98,no
2026-10-05T03:58:11.318536Z,KXBTC15M-26OCT050000-00,0.0080,0.01,no
2026-10-05T03:58:11.318536Z,KXBTC15M-26OCT050000-00,0.0080,0.01,no
2026-10-05T03:58:11.327949Z,KXBTC15M-26OCT050000-00,0.0080,0.01,yes
2026-10-05T03:58:11.327949Z,KXBTC15M-26OCT050000-00,0.0080,0.01,yes
2026-10-05T03:58:11.327Z,KXBTC15M-26OCT050000-00,0.0080,79.98,yes
2026-10-05T03:58:11.331717Z,KXBTC15M-26OCT050000-00,0.0090,15.00,yes
2026-10-05T03:58:11.362246Z,KXBTC15M-26OCT050000-00,0.0090,7.26,yes
2026-10-05T03:58:11.36812Z,KXBTC15M-26OCT050000-00,0.0090,51.97,yes
2026-10-05T03:58:11.385363Z,KXBTC15M-26OCT050000-00,0.0090,93.79,yes
2026-10-05T03:58:11.387355Z,KXBTC15M-26OCT050000-00,0.0080,21.99,no
2026-10-05T03:58:11.427081Z,KXBTC15M-26OCT050000-00,0.0090,10.61,yes
2026-10-05T03:58:11.427081Z,KXBTC15M-26OCT050000-00,0.0090,81.98,yes
2026-10-05T03:58:11.42983Z,KXBTC15M-26OCT050000-00,0.0090,94.51,yes
2026-10-05T03:58:11.432647Z,KXBTC15M-26OCT050000-00,0.0090,7.26,yes
2026-10-05T03:58:11.436628Z,KXBTC15M-26OCT050000-00,0.0090,94.42,yes
2026-10-05T03:58:11.489088Z,KXBTC15M-26OCT050000-00,0.0090,7.26,yes
2026-10-05T03:58:11.496268Z,KXBTC15M-26OCT050000-00,0.0080,2.69,no
2026-10-05T03:58:11.527221Z,KXBTC15M-26OCT050000-00,0.0090,92.59,yes
2026-10-05T03:58:11.529837Z,KXBTC15M-26OCT050000-00,0.0090,92.59,yes
2026-10-05T03:58:11.531773Z,KXBTC15M-26OCT050000-00,0.0090,21.44,yes
2026-10-05T03:58:11.548874Z,KXBTC15M-26OCT050000-00,0.0090,101.83,yes
2026-10-05T03:58:11.550332Z,KXBTC15M-26OCT050000-00,0.0090,7.81,yes
2026-10-05T03:58:11.555214Z,KXBTC15M-26OCT050000-00,0.0090,7.26,yes
2026-10-05T03:58:11.593464Z,KXBTC15M-26OCT050000-00,0.0080,54.32,no
2026-10-05T03:58:11.593464Z,KXBTC15M-26OCT050000-00,0.0080,0.01,no
2026-10-05T03:58:11.593464Z,KXBTC15M-26OCT050000-00,0.0070,86.58,no
2026-10-05T03:58:11.593464Z,KXBTC15M-26OCT050000-00,0.0080,0.01,no
2026-10-05T03:58:11.599204Z,KXBTC15M-26OCT050000-00,0.0090,0.01,yes
2026-10-05T03:58:11.599204Z,KXBTC15M-26OCT050000-00,0.0090,0.01,yes
2026-10-05T03:58:11.599204Z,KXBTC15M-26OCT050000-00,0.0090,164.03,yes
2026-10-05T03:58:11.599204Z,KXBTC15M-26OCT050000-00,0.0090,24.60,yes
2026-10-05T03:58:11.599204Z,KXBTC15M-26OCT050000-00,0.0090,15.00,yes
2026-10-05T03:58:11.608975Z,KXBTC15M-26OCT050000-00,0.0080,10.00,yes
2026-10-05T03:58:11.613021Z,KXBTC15M-26OCT050000-00,0.0080,5.00,yes
2026-10-05T03:58:11.613021Z,KXBTC15M-26OCT050000-00,0.0080,5.00,yes
2026-10-05T03:58:11.614807Z,KXBTC15M-26OCT050000-00,0.0080,0.01,yes
2026-10-05T03:58:11.618875Z,KXBTC15M-26OCT050000-00,0.0080,1.00,yes
2026-10-05T03:58:11.620567Z,KXBTC15M-26OCT050000-00,0.0080,14.00,yes
2026-10-05T03:58:11.620567Z,KXBTC15M-26OCT050000-00,0.0090,1.00,yes
2026-10-05T03:58:11.626572Z,KXBTC15M-26OCT050000-00,0.0090,7.26,yes
2026-10-05T03:58:11.627663Z,KXBTC15M-26OCT050000-00,0.0090,1.74,yes
2026-10-05T03:58:11.627663Z,KXBTC15M-26OCT050000-00,0.0090,0.01,yes
2026-10-05T03:58:11.627663Z,KXBTC15M-26OCT050000-00,0.0090,0.01,yes
2026-10-05T03:58:11.631509Z,KXBTC15M-26OCT050000-00,0.0100,0.02,yes
2026-10-05T03:58:11.659102Z,KXBTC15M-26OCT050000-00,0.0100,6.98,yes
2026-10-05T03:58:11.659102Z,KXBTC15M-26OCT050000-00,0.0100,49.00,yes
2026-10-05T03:58:11.659102Z,KXBTC15M-26OCT050000-00,0.0100,9.92,yes
2026-10-05T03:58:11.682263Z,KXBTC15M-26OCT050000-00,0.0100,186.11,yes
2026-10-05T03:58:11.724615Z,KXBTC15M-26OCT050000-00,0.0090,13.24,no
2026-10-05T03:58:11.724615Z,KXBTC15M-26OCT050000-00,0.0090,9.86,no
2026-10-05T03:58:11.724615Z,KXBTC15M-26OCT050000-00,0.0090,0.01,no
2026-10-05T03:58:11.724615Z,KXBTC15M-26OCT050000-00,0.0090,0.01,no
2026-10-05T03:58:11.746867Z,KXBTC15M-26OCT050000-00,0.0100,7.26,yes
2026-10-05T03:58:11.759268Z,KXBTC15M-26OCT050000-00,0.0100,92.61,yes
2026-10-05T03:58:11.856319Z,KXBTC15M-26OCT050000-00,0.0090,6.90,no
2026-10-05T03:58:11.926587Z,KXBTC15M-26OCT050000-00,0.0100,0.06,yes
2026-10-05T03:58:11.926587Z,KXBTC15M-26OCT050000-00,0.0100,15.00,yes
2026-10-05T03:58:11.926587Z,KXBTC15M-26OCT050000-00,0.0100,0.01,yes
2026-10-05T03:58:11.926587Z,KXBTC15M-26OCT050000-00,0.0100,0.01,yes
2026-10-05T03:58:11.926587Z,KXBTC15M-26OCT050000-00,0.0110,48.05,yes
2026-10-05T03:58:11.943386Z,KXBTC15M-26OCT050000-00,0.0110,11.20,yes
2026-10-05T03:58:11.94926Z,KXBTC15M-26OCT050000-00,0.0110,22.00,yes
2026-10-05T03:58:11.962906Z,KXBTC15M-26OCT050000-00,0.0100,250.00,no
2026-10-05T03:58:12.047171Z,KXBTC15M-26OCT050000-00,0.0110,14.65,yes
2026-10-05T03:58:12.047171Z,KXBTC15M-26OCT050000-00,0.0110,15.00,yes
2026-10-05T03:58:12.053013Z,KXBTC15M-26OCT050000-00,0.0100,260.00,no
2026-10-05T03:58:12.058734Z,KXBTC15M-26OCT050000-00,0.0110,5.88,yes
2026-10-05T03:58:12.058734Z,KXBTC15M-26OCT050000-00,0.0110,0.35,yes
2026-10-05T03:58:12.064947Z,KXBTC15M-26OCT050000-00,0.0110,1.87,yes
2026-10-05T03:58:12.075303Z,KXBTC15M-26OCT050000-00,0.0100,0.66,no
2026-10-05T03:58:12.109272Z,KXBTC15M-26OCT050000-00,0.0100,4.07,no
2026-10-05T03:58:12.112951Z,KXBTC15M-26OCT050000-00,0.0110,2.00,yes
2026-10-05T03:58:12.112951Z,KXBTC15M-26OCT050000-00,0.0110,48.25,yes
2026-10-05T03:58:12.112951Z,KXBTC15M-26OCT050000-00,0.0110,15.00,yes
2026-10-05T03:58:12.112951Z,KXBTC15M-26OCT050000-00,0.0120,16.04,yes
2026-10-05T03:58:12.112951Z,KXBTC15M-26OCT050000-00,0.0120,2.00,yes
2026-10-05T03:58:12.112951Z,KXBTC15M-26OCT050000-00,0.0120,2.00,yes
2026-10-05T03:58:12.119984Z,KXBTC15M-26OCT050000-00,0.0100,10.46,no
2026-10-05T03:58:12.125033Z,KXBTC15M-26OCT050000-00,0.0120,39.96,yes
2026-10-05T03:58:12.125033Z,KXBTC15M-26OCT050000-00,0.0120,424.60,yes
2026-10-05T03:58:12.158886Z,KXBTC15M-26OCT050000-00,0.0120,1.99,yes
2026-10-05T03:58:12.197753Z,KXBTC15M-26OCT050000-00,0.0120,9.65,yes
2026-10-05T03:58:12.219996Z,KXBTC15M-26OCT050000-00,0.0120,14.19,yes
2026-10-05T03:58:12.231437Z,KXBTC15M-26OCT050000-00,0.0140,8.54,yes
2026-10-05T03:58:12.231437Z,KXBTC15M-26OCT050000-00,0.0140,2.00,yes
2026-10-05T03:58:12.231437Z,KXBTC15M-26OCT050000-00,0.0120,0.81,yes
2026-10-05T03:58:12.231437Z,KXBTC15M-26OCT050000-00,0.0140,2.00,yes
2026-10-05T03:58:12.231437Z,KXBTC15M-26OCT050000-00,0.0130,2.00,yes
2026-10-05T03:58:12.231437Z,KXBTC15M-26OCT050000-00,0.0140,0.21,yes
2026-10-05T03:58:12.231437Z,KXBTC15M-26OCT050000-00,0.0130,15.00,yes
2026-10-05T03:58:12.238395Z,KXBTC15M-26OCT050000-00,0.0100,93.75,no
2026-10-05T03:58:12.238395Z,KXBTC15M-26OCT050000-00,0.0110,0.01,no
2026-10-05T03:58:12.238395Z,KXBTC15M-26OCT050000-00,0.0110,200.00,no
2026-10-05T03:58:12.238395Z,KXBTC15M-26OCT050000-00,0.0100,64.00,no
2026-10-05T03:58:12.238395Z,KXBTC15M-26OCT050000-00,0.0050,15.00,no
2026-10-05T03:58:12.238395Z,KXBTC15M-26OCT050000-00,0.0050,2.00,no
2026-10-05T03:58:12.238395Z,KXBTC15M-26OCT050000-00,0.0070,3141.00,no
2026-10-05T03:58:12.238395Z,KXBTC15M-26OCT050000-00,0.0090,15.00,no
2026-10-05T03:58:12.238395Z,KXBTC15M-26OCT050000-00,0.0110,0.01,no
2026-10-05T03:58:12.238395Z,KXBTC15M-26OCT050000-00,0.0100,15.00,no
2026-10-05T03:58:12.238395Z,KXBTC15M-26OCT050000-00,0.0100,15.00,no
2026-10-05T03:58:12.238395Z,KXBTC15M-26OCT050000-00,0.0050,15.00,no
2026-10-05T03:58:12.238395Z,KXBTC15M-26OCT050000-00,0.0040,2.00,no
2026-10-05T03:58:12.238395Z,KXBTC15M-26OCT050000-00,0.0100,93.75,no
2026-10-05T03:58:12.238395Z,KXBTC15M-26OCT050000-00,0.0060,2.00,no
2026-10-05T03:58:12.238395Z,KXBTC15M-26OCT050000-00,0.0110,17.00,no
2026-10-05T03:58:12.238395Z,KXBTC15M-26OCT050000-00,0.0080,150.00,no
2026-10-05T03:58:12.238395Z,KXBTC15M-26OCT050000-00,0.0050,42.00,no
2026-10-05T03:58:12.238395Z,KXBTC15M-26OCT050000-00,0.0050,64.00,no
2026-10-05T03:58:12.238395Z,KXBTC15M-26OCT050000-00,0.0050,14.00,no
2026-10-05T03:58:12.238395Z,KXBTC15M-26OCT050000-00,0.0040,10.00,no
2026-10-05T03:58:12.238395Z,KXBTC15M-26OCT050000-00,0.0050,64.00,no
2026-10-05T03:58:12.238395Z,KXBTC15M-26OCT050000-00,0.0040,10.00,no
2026-10-05T03:58:12.238395Z,KXBTC15M-26OCT050000-00,0.0100,0.01,no
2026-10-05T03:58:12.238395Z,KXBTC15M-26OCT050000-00,0.0030,1732.03,no
2026-10-05T03:58:12.238395Z,KXBTC15M-26OCT050000-00,0.0050,93.75,no
2026-10-05T03:58:12.238395Z,KXBTC15M-26OCT050000-00,0.0030,250.00,no
2026-10-05T03:58:12.238395Z,KXBTC15M-26OCT050000-00,0.0040,10.00,no
2026-10-05T03:58:12.238395Z,KXBTC15M-26OCT050000-00,0.0110,500.00,no
2026-10-05T03:58:12.238395Z,KXBTC15M-26OCT050000-00,0.0090,15.00,no
2026-10-05T03:58:12.238395Z,KXBTC15M-26OCT050000-00,0.0100,0.01,no
2026-10-05T03:58:12.238395Z,KXBTC15M-26OCT050000-00,0.0070,15.00,no
2026-10-05T03:58:12.238395Z,KXBTC15M-26OCT050000-00,0.0100,200.00,no
2026-10-05T03:58:12.238395Z,KXBTC15M-26OCT050000-00,0.0040,1047.00,no
2026-10-05T03:58:12.238395Z,KXBTC15M-26OCT050000-00,0.0110,500.00,no
2026-10-05T03:58:12.238395Z,KXBTC15M-26OCT050000-00,0.0050,93.75,no
2026-10-05T03:58:12.238395Z,KXBTC15M-26OCT050000-00,0.0050,15.00,no
2026-10-05T03:58:12.238395Z,KXBTC15M-26OCT050000-00,0.0100,39.54,no
2026-10-05T03:58:12.238395Z,KXBTC15M-26OCT050000-00,0.0070,15.00,no
2026-10-05T03:58:12.238395Z,KXBTC15M-26OCT050000-00,0.0100,300.39,no
2026-10-05T03:58:12.279123Z,KXBTC15M-26OCT050000-00,0.0110,1.00,no
2026-10-05T03:58:12.28932Z,KXBTC15M-26OCT050000-00,0.0110,69.95,no
2026-10-05T03:58:12.294813Z,KXBTC15M-26OCT050000-00,0.0120,0.01,yes
2026-10-05T03:58:12.294813Z,KXBTC15M-26OCT050000-00,0.0120,8.53,yes
2026-10-05T03:58:12.32917Z,KXBTC15M-26OCT050000-00,0.0120,12.48,yes
2026-10-05T03:58:12.42567Z,KXBTC15M-26OCT050000-00,0.0120,2287.42,yes
2026-10-05T03:58:12.449165Z,KXBTC15M-26OCT050000-00,0.0110,15.00,no
2026-10-05T03:58:12.449165Z,KXBTC15M-26OCT050000-00,0.0110,15.00,no
2026-10-05T03:58:12.449165Z,KXBTC15M-26OCT050000-00,0.0110,0.04,no
2026-10-05T03:58:12.449165Z,KXBTC15M-26OCT050000-00,0.0110,0.01,no
2026-10-05T03:58:12.449165Z,KXBTC15M-26OCT050000-00,0.0110,0.01,no
2026-10-05T03:58:12.45793Z,KXBTC15M-26OCT050000-00,0.0110,352.95,no
2026-10-05T03:58:12.458359Z,KXBTC15M-26OCT050000-00,0.0110,4.01,no
2026-10-05T03:58:12.541778Z,KXBTC15M-26OCT050000-00,0.0120,30.93,yes
2026-10-05T03:58:12.584687Z,KXBTC15M-26OCT050000-00,0.0120,33.07,yes
2026-10-05T03:58:12.647492Z,KXBTC15M-26OCT050000-00,0.0120,152.77,yes
2026-10-05T03:58:12.709469Z,KXBTC15M-26OCT050000-00,0.0120,7.79,yes
2026-10-05T03:58:12.721179Z,KXBTC15M-26OCT050000-00,0.0120,152.77,yes
2026-10-05T03:58:12.738781Z,KXBTC15M-26OCT050000-00,0.0110,0.01,no
2026-10-05T03:58:12.738781Z,KXBTC15M-26OCT050000-00,0.0110,0.01,no
2026-10-05T03:58:12.738781Z,KXBTC15M-26OCT050000-00,0.0110,9.26,no
2026-10-05T03:58:12.75469Z,KXBTC15M-26OCT050000-00,0.0110,90.74,no
2026-10-05T03:58:12.75469Z,KXBTC15M-26OCT050000-00,0.0110,400.00,no
2026-10-05T03:58:12.75469Z,KXBTC15M-26OCT050000-00,0.0110,15.58,no
2026-10-05T03:58:12.78235Z,KXBTC15M-26OCT050000-00,0.0120,26.47,yes
2026-10-05T03:58:12.792609Z,KXBTC15M-26OCT050000-00,0.0120,389.71,yes
2026-10-05T03:58:12.82718Z,KXBTC15M-26OCT050000-00,0.0110,184.42,no
2026-10-05T03:58:12.82718Z,KXBTC15M-26OCT050000-00,0.0110,16.63,no
2026-10-05T03:58:12.848486Z,KXBTC15M-26OCT050000-00,0.0120,30.77,yes
2026-10-05T03:58:12.909634Z,KXBTC15M-26OCT050000-00,0.0120,8.29,yes
2026-10-05T03:58:12.909634Z,KXBTC15M-26OCT050000-00,0.0120,1.77,yes
2026-10-05T03:58:12.960151Z,KXBTC15M-26OCT050000-00,0.0110,5.04,no
2026-10-05T03:58:12.972156Z,KXBTC15M-26OCT050000-00,0.0120,0.47,yes
2026-10-05T03:58:12.98074Z,KXBTC15M-26OCT050000-00,0.0110,140.43,no
2026-10-05T03:58:12.991206Z,KXBTC15M-26OCT050000-00,0.0120,15.00,yes
2026-10-05T03:58:12.991206Z,KXBTC15M-26OCT050000-00,0.0120,45.00,yes
2026-10-05T03:58:12.991206Z,KXBTC15M-26OCT050000-00,0.0120,0.01,yes
2026-10-05T03:58:12.991206Z,KXBTC15M-26OCT050000-00,0.0120,0.01,yes
2026-10-05T03:58:12.991206Z,KXBTC15M-26OCT050000-00,0.0120,12.76,yes
2026-10-05T03:58:12.991206Z,KXBTC15M-26OCT050000-00,0.0120,45.00,yes
2026-10-05T03:58:12.991206Z,KXBTC15M-26OCT050000-00,0.0120,21.93,yes
2026-10-05T03:58:12.991206Z,KXBTC15M-26OCT050000-00,0.0120,250.00,yes
2026-10-05T03:58:13.007459Z,KXBTC15M-26OCT050000-00,0.0120,578.07,yes
2026-10-05T03:58:13.007459Z,KXBTC15M-26OCT050000-00,0.0120,2452.96,yes
2026-10-05T03:58:13.066431Z,KXBTC15M-26OCT050000-00,0.0120,15.00,yes
2026-10-05T03:58:13.066431Z,KXBTC15M-26OCT050000-00,0.0120,40.96,yes
2026-10-05T03:58:13.066431Z,KXBTC15M-26OCT050000-00,0.0120,0.01,yes
2026-10-05T03:58:13.066431Z,KXBTC15M-26OCT050000-00,0.0120,0.01,yes
2026-10-05T03:58:13.068565Z,KXBTC15M-26OCT050000-00,0.0120,77.94,yes
2026-10-05T03:58:13.10571Z,KXBTC15M-26OCT050000-00,0.0120,15.00,yes
2026-10-05T03:58:13.10571Z,KXBTC15M-26OCT050000-00,0.0120,0.01,yes
2026-10-05T03:58:13.105724Z,KXBTC15M-26OCT050000-00,0.0130,2.00,yes
2026-10-05T03:58:13.105724Z,KXBTC15M-26OCT050000-00,0.0130,27.00,yes
2026-10-05T03:58:13.105724Z,KXBTC15M-26OCT050000-00,0.0130,10.00,yes
2026-10-05T03:58:13.105724Z,KXBTC15M-26OCT050000-00,0.0130,7.00,yes
2026-10-05T03:58:13.10631Z,KXBTC15M-26OCT050000-00,0.0120,0.01,yes
2026-10-05T03:58:13.10631Z,KXBTC15M-26OCT050000-00,0.0130,2.99,yes
2026-10-05T03:58:13.130575Z,KXBTC15M-26OCT050000-00,0.0110,17.29,no
2026-10-05T03:58:13.136304Z,KXBTC15M-26OCT050000-00,0.0110,320.61,no
2026-10-05T03:58:13.136304Z,KXBTC15M-26OCT050000-00,0.0110,0.39,no
2026-10-05T03:58:13.149805Z,KXBTC15M-26OCT050000-00,0.0110,0.02,no
2026-10-05T03:58:13.18113Z,KXBTC15M-26OCT050000-00,0.0120,47.94,yes
2026-10-05T03:58:13.18113Z,KXBTC15M-26OCT050000-00,0.0120,15.00,yes
2026-10-05T03:58:13.18113Z,KXBTC15M-26OCT050000-00,0.0120,15.00,yes
2026-10-05T03:58:13.18794Z,KXBTC15M-26OCT050000-00,0.0120,301.90,yes
2026-10-05T03:58:13.203495Z,KXBTC15M-26OCT050000-00,0.0120,100.00,yes
2026-10-05T03:58:13.207437Z,KXBTC15M-26OCT050000-00,0.0110,82.04,no
2026-10-05T03:58:13.227154Z,KXBTC15M-26OCT050000-00,0.0110,38.61,no
2026-10-05T03:58:13.252153Z,KXBTC15M-26OCT050000-00,0.0110,149.89,no
2026-10-05T03:58:13.252153Z,KXBTC15M-26OCT050000-00,0.0110,0.01,no
2026-10-05T03:58:13.265493Z,KXBTC15M-26OCT050000-00,0.0110,0.50,no
2026-10-05T03:58:13.277219Z,KXBTC15M-26OCT050000-00,0.0110,7.96,no
2026-10-05T03:58:13.291142Z,KXBTC15M-26OCT050000-00,0.0120,15.00,yes
2026-10-05T03:58:13.291142Z,KXBTC15M-26OCT050000-00,0.0120,0.01,yes
2026-10-05T03:58:13.291142Z,KXBTC15M-26OCT050000-00,0.0120,13.50,yes
2026-10-05T03:58:13.330868Z,KXBTC15M-26OCT050000-00,0.0110,7.09,no
2026-10-05T03:58:13.377577Z,KXBTC15M-26OCT050000-00,0.0110,20.20,no
2026-10-05T03:58:13.396673Z,KXBTC15M-26OCT050000-00,0.0120,114.05,yes
2026-10-05T03:58:13.413835Z,KXBTC15M-26OCT050000-00,0.0110,10.10,no
2026-10-05T03:58:13.451219Z,KXBTC15M-26OCT050000-00,0.0110,0.01,no
2026-10-05T03:58:13.451219Z,KXBTC15M-26OCT050000-00,0.0110,15.00,no
2026-10-05T03:58:13.451219Z,KXBTC15M-26OCT050000-00,0.0110,0.01,no
2026-10-05T03:58:13.451219Z,KXBTC15M-26OCT050000-00,0.0110,15.00,no
2026-10-05T03:58:13.451219Z,KXBTC15M-26OCT050000-00,0.0110,15.00,no
2026-10-05T03:58:13.451219Z,KXBTC15M-26OCT050000-00,0.0110,15.00,no
2026-10-05T03:58:13.451219Z,KXBTC15M-26OCT050000-00,0.0110,15.00,no
2026-10-05T03:58:13.451219Z,KXBTC15M-26OCT050000-00,0.0110,15.00,no
2026-10-05T03:58:13.451219Z,KXBTC15M-26OCT050000-00,0.0110,44.44,no
2026-10-05T03:58:13.451219Z,KXBTC15M-26OCT050000-00,0.0100,24.42,no
2026-10-05T03:58:13.461672Z,KXBTC15M-26OCT050000-00,0.0120,472.45,yes
2026-10-05T03:58:13.461672Z,KXBTC15M-26OCT050000-00,0.0120,0.01,yes
2026-10-05T03:58:13.461672Z,KXBTC15M-26OCT050000-00,0.0120,225.94,yes
2026-10-05T03:58:13.478636Z,KXBTC15M-26OCT050000-00,0.0120,20.69,yes
2026-10-05T03:58:13.500305Z,KXBTC15M-26OCT050000-00,0.0120,0.01,yes
2026-10-05T03:58:13.500305Z,KXBTC15M-26OCT050000-00,0.0120,536.52,yes
2026-10-05T03:58:13.500305Z,KXBTC15M-26OCT050000-00,0.0120,253.37,yes
2026-10-05T03:58:13.500305Z,KXBTC15M-26OCT050000-00,0.0120,0.01,yes
2026-10-05T03:58:13.500305Z,KXBTC15M-26OCT050000-00,0.0120,15.00,yes
2026-10-05T03:58:13.500305Z,KXBTC15M-26OCT050000-00,0.0120,200.00,yes
2026-10-05T03:58:13.500305Z,KXBTC15M-26OCT050000-00,0.0110,15.00,yes
2026-10-05T03:58:13.507019Z,KXBTC15M-26OCT050000-00,0.0120,31.95,yes
2026-10-05T03:58:13.536113Z,KXBTC15M-26OCT050000-00,0.0110,15.00,yes
2026-10-05T03:58:13.594165Z,KXBTC15M-26OCT050000-00,0.0110,15.00,yes
2026-10-05T03:58:13.594165Z,KXBTC15M-26OCT050000-00,0.0110,62.94,yes
2026-10-05T03:58:13.602444Z,KXBTC15M-26OCT050000-00,0.0110,77.94,yes
2026-10-05T03:58:13.615952Z,KXBTC15M-26OCT050000-00,0.0100,189.33,no
2026-10-05T03:58:13.615952Z,KXBTC15M-26OCT050000-00,0.0100,0.01,no
2026-10-05T03:58:13.615952Z,KXBTC15M-26OCT050000-00,0.0100,16.00,no
2026-10-05T03:58:13.615952Z,KXBTC15M-26OCT050000-00,0.0100,200.00,no
2026-10-05T03:58:13.615952Z,KXBTC15M-26OCT050000-00,0.0100,758.11,no
2026-10-05T03:58:13.615952Z,KXBTC15M-26OCT050000-00,0.0100,0.01,no
2026-10-05T03:58:13.615952Z,KXBTC15M-26OCT050000-00,0.0100,100.00,no
2026-10-05T03:58:13.615952Z,KXBTC15M-26OCT050000-00,0.0100,25.58,no
2026-10-05T03:58:13.649384Z,KXBTC15M-26OCT050000-00,0.0120,63.10,yes
2026-10-05T03:58:13.649384Z,KXBTC15M-26OCT050000-00,0.0110,0.01,yes
2026-10-05T03:58:13.649384Z,KXBTC15M-26OCT050000-00,0.0110,0.01,yes
2026-10-05T03:58:13.649384Z,KXBTC15M-26OCT050000-00,0.0110,15.00,yes
2026-10-05T03:58:13.675202Z,KXBTC15M-26OCT050000-00,0.0110,15.00,yes
2026-10-05T03:58:13.675202Z,KXBTC15M-26OCT050000-00,0.0120,23.97,yes
2026-10-05T03:58:13.675406Z,KXBTC15M-26OCT050000-00,0.0120,121.06,yes
2026-10-05T03:58:13.675406Z,KXBTC15M-26OCT050000-00,0.0120,112.93,yes
2026-10-05T03:58:13.675406Z,KXBTC15M-26OCT050000-00,0.0120,464.41,yes
2026-10-05T03:58:13.714979Z,KXBTC15M-26OCT050000-00,0.0110,15.00,yes
2026-10-05T03:58:13.714979Z,KXBTC15M-26OCT050000-00,0.0120,5.51,yes
2026-10-05T03:58:13.779226Z,KXBTC15M-26OCT050000-00,0.0100,15.81,no
2026-10-05T03:58:13.779226Z,KXBTC15M-26OCT050000-00,0.0100,16.00,no
2026-10-05T03:58:13.779226Z,KXBTC15M-26OCT050000-00,0.0100,15.00,no
2026-10-05T03:58:13.779226Z,KXBTC15M-26OCT050000-00,0.0100,0.01,no
2026-10-05T03:58:13.779226Z,KXBTC15M-26OCT050000-00,0.0100,0.01,no
2026-10-05T03:58:13.779226Z,KXBTC15M-26OCT050000-00,0.0100,15.00,no
2026-10-05T03:58:13.779226Z,KXBTC15M-26OCT050000-00,0.0100,15.00,no
2026-10-05T03:58:13.838208Z,KXBTC15M-26OCT050000-00,0.0120,359.76,yes
2026-10-05T03:58:13.859766Z,KXBTC15M-26OCT050000-00,0.0120,3.07,yes
2026-10-05T03:58:13.894527Z,KXBTC15M-26OCT050000-00,0.0110,0.01,no
2026-10-05T03:58:13.894527Z,KXBTC15M-26OCT050000-00,0.0110,0.01,no
2026-10-05T03:58:13.905691Z,KXBTC15M-26OCT050000-00,0.0120,0.01,yes
2026-10-05T03:58:13.905691Z,KXBTC15M-26OCT050000-00,0.0120,0.01,yes
2026-10-05T03:58:13.905691Z,KXBTC15M-26OCT050000-00,0.0120,29.44,yes
2026-10-05T03:58:13.930378Z,KXBTC15M-26OCT050000-00,0.0100,50.00,no
2026-10-05T03:58:13.930378Z,KXBTC15M-26OCT050000-00,0.0100,0.01,no
2026-10-05T03:58:13.930378Z,KXBTC15M-26OCT050000-00,0.0100,15.00,no
2026-10-05T03:58:13.930378Z,KXBTC15M-26OCT050000-00,0.0100,15.00,no
2026-10-05T03:58:13.930378Z,KXBTC15M-26OCT050000-00,0.0100,0.01,no
2026-10-05T03:58:13.930378Z,KXBTC15M-26OCT050000-00,0.0100,15.00,no
2026-10-05T03:58:13.930378Z,KXBTC15M-26OCT050000-00,0.0100,16.00,no
2026-10-05T03:58:13.941149Z,KXBTC15M-26OCT050000-00,0.0110,8.87,yes
2026-10-05T03:58:13.941149Z,KXBTC15M-26OCT050000-00,0.0100,307.64,yes
2026-10-05T03:58:13.965715Z,KXBTC15M-26OCT050000-00,0.0090,909.75,no
2026-10-05T03:58:13.965715Z,KXBTC15M-26OCT050000-00,0.0090,15.00,no
2026-10-05T03:58:13.980799Z,KXBTC15M-26OCT050000-00,0.0100,0.02,yes
2026-10-05T03:58:13.994639Z,KXBTC15M-26OCT050000-00,0.0090,34.86,no
2026-10-05T03:58:13.995606Z,KXBTC15M-26OCT050000-00,0.0100,8.87,yes
2026-10-05T03:58:14.014713Z,KXBTC15M-26OCT050000-00,0.0100,18.14,yes
2026-10-05T03:58:14.049744Z,KXBTC15M-26OCT050000-00,0.0100,78.93,yes
2026-10-05T03:58:14.054204Z,KXBTC15M-26OCT050000-00,0.0100,10.37,yes
2026-10-05T03:58:14.065984Z,KXBTC15M-26OCT050000-00,0.0090,41.82,no
2026-10-05T03:58:14.107119Z,KXBTC15M-26OCT050000-00,0.0100,39.96,yes
2026-10-05T03:58:14.12388Z,KXBTC15M-26OCT050000-00,0.0100,43.71,yes
2026-10-05T03:58:14.12388Z,KXBTC15M-26OCT050000-00,0.0100,50.00,yes
2026-10-05T03:58:14.12388Z,KXBTC15M-26OCT050000-00,0.0100,16.00,yes
2026-10-05T03:58:14.12388Z,KXBTC15M-26OCT050000-00,0.0100,155.11,yes
2026-10-05T03:58:14.12388Z,KXBTC15M-26OCT050000-00,0.0100,0.01,yes
2026-10-05T03:58:14.12388Z,KXBTC15M-26OCT050000-00,0.0100,68.16,yes
2026-10-05T03:58:14.12388Z,KXBTC15M-26OCT050000-00,0.0100,0.01,yes
2026-10-05T03:58:14.13147Z,KXBTC15M-26OCT050000-00,0.0090,1.61,no
2026-10-05T03:58:14.138324Z,KXBTC15M-26OCT050000-00,0.0090,2.23,no
2026-10-05T03:58:14.139378Z,KXBTC15M-26OCT050000-00,0.0100,113.86,yes
2026-10-05T03:58:14.139378Z,KXBTC15M-26OCT050000-00,0.0100,31.84,yes
2026-10-05T03:58:14.151064Z,KXBTC15M-26OCT050000-00,0.0100,0.78,yes
2026-10-05T03:58:14.187181Z,KXBTC15M-26OCT050000-00,0.0100,26.05,yes
2026-10-05T03:58:14.201151Z,KXBTC15M-26OCT050000-00,0.0100,59.73,yes
2026-10-05T03:58:14.207074Z,KXBTC15M-26OCT050000-00,0.0100,27.06,yes
2026-10-05T03:58:14.261526Z,KXBTC15M-26OCT050000-00,0.0080,15.00,no
2026-10-05T03:58:14.261526Z,KXBTC15M-26OCT050000-00,0.0090,13.48,no
2026-10-05T03:58:14.261526Z,KXBTC15M-26OCT050000-00,0.0070,760.93,no
2026-10-05T03:58:14.261526Z,KXBTC15M-26OCT050000-00,0.0090,0.01,no
2026-10-05T03:58:14.261526Z,KXBTC15M-26OCT050000-00,0.0090,0.01,no
2026-10-05T03:58:14.318387Z,KXBTC15M-26OCT050000-00,0.0100,0.01,yes
2026-10-05T03:58:14.318387Z,KXBTC15M-26OCT050000-00,0.0100,50.00,yes
2026-10-05T03:58:14.318387Z,KXBTC15M-26OCT050000-00,0.0100,0.01,yes
2026-10-05T03:58:14.318387Z,KXBTC15M-26OCT050000-00,0.0100,192.98,yes
2026-10-05T03:58:14.323472Z,KXBTC15M-26OCT050000-00,0.0100,467.00,yes
2026-10-05T03:58:14.364732Z,KXBTC15M-26OCT050000-00,0.0040,2.00,no
2026-10-05T03:58:14.364732Z,KXBTC15M-26OCT050000-00,0.0030,344.91,no
2026-10-05T03:58:14.364732Z,KXBTC15M-26OCT050000-00,0.0040,10.00,no
2026-10-05T03:58:14.364732Z,KXBTC15M-26OCT050000-00,0.0040,10.00,no
2026-10-05T03:58:14.364732Z,KXBTC15M-26OCT050000-00,0.0040,2.00,no
2026-10-05T03:58:14.364732Z,KXBTC15M-26OCT050000-00,0.0050,2.00,no
2026-10-05T03:58:14.364732Z,KXBTC15M-26OCT050000-00,0.0040,10.00,no
2026-10-05T03:58:14.364732Z,KXBTC15M-26OCT050000-00,0.0060,2.00,no
2026-10-05T03:58:14.364732Z,KXBTC15M-26OCT050000-00,0.0050,2.00,no
2026-10-05T03:58:14.364732Z,KXBTC15M-26OCT050000-00,0.0050,150.00,no
2026-10-05T03:58:14.364732Z,KXBTC15M-26OCT050000-00,0.0090,0.01,no
2026-10-05T03:58:14.364732Z,KXBTC15M-26OCT050000-00,0.0090,0.01,no
2026-10-05T03:58:14.364732Z,KXBTC15M-26OCT050000-00,0.0070,0.01,no
2026-10-05T03:58:14.364732Z,KXBTC15M-26OCT050000-00,0.0040,200.00,no
2026-10-05T03:58:14.364732Z,KXBTC15M-26OCT050000-00,0.0050,200.00,no
2026-10-05T03:58:14.375449Z,KXBTC15M-26OCT050000-00,0.0080,155.89,yes
2026-10-05T03:58:14.431706Z,KXBTC15M-26OCT050000-00,0.0050,247.04,no
2026-10-05T03:58:14.431706Z,KXBTC15M-26OCT050000-00,0.0050,0.01,no
2026-10-05T03:58:14.431706Z,KXBTC15M-26OCT050000-00,0.0050,0.01,no
2026-10-05T03:58:14.452729Z,KXBTC15M-26OCT050000-00,0.0070,15.00,yes
2026-10-05T03:58:14.452729Z,KXBTC15M-26OCT050000-00,0.0080,21.33,yes
2026-10-05T03:58:14.470103Z,KXBTC15M-26OCT050000-00,0.0070,0.01,yes
2026-10-05T03:58:14.470103Z,KXBTC15M-26OCT050000-00,0.0070,0.01,yes
2026-10-05T03:58:14.483935Z,KXBTC15M-26OCT050000-00,0.0060,8.02,no
2026-10-05T03:58:14.518813Z,KXBTC15M-26OCT050000-00,0.0060,70.83,no
2026-10-05T03:58:14.531666Z,KXBTC15M-26OCT050000-00,0.0080,187.01,yes
2026-10-05T03:58:14.531666Z,KXBTC15M-26OCT050000-00,0.0070,0.01,yes
2026-10-05T03:58:14.531666Z,KXBTC15M-26OCT050000-00,0.0070,0.01,yes
2026-10-05T03:58:14.534085Z,KXBTC15M-26OCT050000-00,0.0080,21.80,yes
2026-10-05T03:58:14.566154Z,KXBTC15M-26OCT050000-00,0.0080,242.99,yes
2026-10-05T03:58:14.566154Z,KXBTC15M-26OCT050000-00,0.0070,0.01,yes
2026-10-05T03:58:14.580694Z,KXBTC15M-26OCT050000-00,0.0070,0.02,no
2026-10-05T03:58:14.603264Z,KXBTC15M-26OCT050000-00,0.0080,0.01,yes
2026-10-05T03:58:14.611939Z,KXBTC15M-26OCT050000-00,0.0070,0.01,no
2026-10-05T03:58:14.611939Z,KXBTC15M-26OCT050000-00,0.0060,0.01,no
2026-10-05T03:58:14.611939Z,KXBTC15M-26OCT050000-00,0.0060,15.00,no
2026-10-05T03:58:14.611939Z,KXBTC15M-26OCT050000-00,0.0070,0.01,no
2026-10-05T03:58:14.611939Z,KXBTC15M-26OCT050000-00,0.0060,0.01,no
2026-10-05T03:58:14.611939Z,KXBTC15M-26OCT050000-00,0.0070,309.06,no
2026-10-05T03:58:14.611939Z,KXBTC15M-26OCT050000-00,0.0070,100.00,no
2026-10-05T03:58:14.6242Z,KXBTC15M-26OCT050000-00,0.0060,467.59,yes
2026-10-05T03:58:14.635784Z,KXBTC15M-26OCT050000-00,0.0060,47.87,yes
2026-10-05T03:58:14.643949Z,KXBTC15M-26OCT050000-00,0.0060,500.00,yes
2026-10-05T03:58:14.643949Z,KXBTC15M-26OCT050000-00,0.0060,2245.42,yes
2026-10-05T03:58:14.643949Z,KXBTC15M-26OCT050000-00,0.0060,0.01,yes
2026-10-05T03:58:14.643949Z,KXBTC15M-26OCT050000-00,0.0060,0.01,yes
2026-10-05T03:58:14.66717Z,KXBTC15M-26OCT050000-00,0.0070,0.01,yes
2026-10-05T03:58:14.66717Z,KXBTC15M-26OCT050000-00,0.0070,0.01,yes
2026-10-05T03:58:14.681285Z,KXBTC15M-26OCT050000-00,0.0070,15.00,yes
2026-10-05T03:58:14.681285Z,KXBTC15M-26OCT050000-00,0.0080,21.32,yes
2026-10-05T03:58:14.681285Z,KXBTC15M-26OCT050000-00,0.0070,0.01,yes
2026-10-05T03:58:14.69467Z,KXBTC15M-26OCT050000-00,0.0080,93.51,yes
2026-10-05T03:58:14.718504Z,KXBTC15M-26OCT050000-00,0.0080,0.37,yes
2026-10-05T03:58:14.763437Z,KXBTC15M-26OCT050000-00,0.0080,45.82,yes
2026-10-05T03:58:14.764662Z,KXBTC15M-26OCT050000-00,0.0080,10.00,yes
2026-10-05T03:58:14.764662Z,KXBTC15M-26OCT050000-00,0.0080,10.00,yes
2026-10-05T03:58:14.764662Z,KXBTC15M-26OCT050000-00,0.0080,200.00,yes
2026-10-05T03:58:14.764662Z,KXBTC15M-26OCT050000-00,0.0080,0.01,yes
2026-10-05T03:58:14.764662Z,KXBTC15M-26OCT050000-00,0.0080,0.01,yes
2026-10-05T03:58:14.764662Z,KXBTC15M-26OCT050000-00,0.0100,1467.91,yes
2026-10-05T03:58:14.764662Z,KXBTC15M-26OCT050000-00,0.0080,209.95,yes
2026-10-05T03:58:14.764662Z,KXBTC15M-26OCT050000-00,0.0090,200.00,yes
2026-10-05T03:58:14.842449Z,KXBTC15M-26OCT050000-00,0.0090,502.80,no
2026-10-05T03:58:14.842558Z,KXBTC15M-26OCT050000-00,0.0090,5.02,no
2026-10-05T03:58:14.86391Z,KXBTC15M-26OCT050000-00,0.0090,8.10,no
2026-10-05T03:58:14.881812Z,KXBTC15M-26OCT050000-00,0.0100,46.75,yes
2026-10-05T03:58:14.90093Z,KXBTC15M-26OCT050000-00,0.0090,80.73,no
2026-10-05T03:58:14.920097Z,KXBTC15M-26OCT050000-00,0.0100,7.11,yes
2026-10-05T03:58:14.920097Z,KXBTC15M-26OCT050000-00,0.0100,2.00,yes
2026-10-05T03:58:14.943242Z,KXBTC15M-26OCT050000-00,0.0090,31.17,no
2026-10-05T03:58:14.950304Z,KXBTC15M-26OCT050000-00,0.0100,0.53,yes
2026-10-05T03:58:14.966882Z,KXBTC15M-26OCT050000-00,0.0100,10.00,yes
2026-10-05T03:58:14.966882Z,KXBTC15M-26OCT050000-00,0.0100,52.36,yes
2026-10-05T03:58:14.966882Z,KXBTC15M-26OCT050000-00,0.0100,31.15,yes
2026-10-05T03:58:14.979595Z,KXBTC15M-26OCT050000-00,0.0100,0.02,yes
2026-10-05T03:58:15.00668Z,KXBTC15M-26OCT050000-00,0.0100,215.90,yes
2026-10-05T03:58:15.030912Z,KXBTC15M-26OCT050000-00,0.0090,11.98,no
2026-10-05T03:58:15.078737Z,KXBTC15M-26OCT050000-00,0.0090,400.00,no
2026-10-05T03:58:15.078737Z,KXBTC15M-26OCT050000-00,0.0090,290.40,no
2026-10-05T03:58:15.078737Z,KXBTC15M-26OCT050000-00,0.0090,0.01,no
2026-10-05T03:58:15.078737Z,KXBTC15M-26OCT050000-00,0.0080,117.48,no
2026-10-05T03:58:15.078737Z,KXBTC15M-26OCT050000-00,0.0090,2501.20,no
2026-10-05T03:58:15.078737Z,KXBTC15M-26OCT050000-00,0.0090,100.00,no
2026-10-05T03:58:15.078737Z,KXBTC15M-26OCT050000-00,0.0090,200.00,no
2026-10-05T03:58:15.078737Z,KXBTC15M-26OCT050000-00,0.0090,0.01,no
2026-10-05T03:58:15.089472Z,KXBTC15M-26OCT050000-00,0.0100,5019.33,yes
2026-10-05T03:58:15.090505Z,KXBTC15M-26OCT050000-00,0.0100,92.00,yes
2026-10-05T03:58:15.17313Z,KXBTC15M-26OCT050000-00,0.0090,10.04,no
2026-10-05T03:58:15.17313Z,KXBTC15M-26OCT050000-00,0.0090,0.01,no
2026-10-05T03:58:15.175742Z,KXBTC15M-26OCT050000-00,0.0100,98.96,yes
2026-10-05T03:58:15.20121Z,KXBTC15M-26OCT050000-00,0.0100,97.58,yes
2026-10-05T03:58:15.24286Z,KXBTC15M-26OCT050000-00,0.0090,14.39,no
2026-10-05T03:58:15.248284Z,KXBTC15M-26OCT050000-00,0.0100,93.51,yes
2026-10-05T03:58:15.261297Z,KXBTC15M-26OCT050000-00,0.0100,71.00,yes
2026-10-05T03:58:15.265329Z,KXBTC15M-26OCT050000-00,0.0100,32.00,yes
2026-10-05T03:58:15.280207Z,KXBTC15M-26OCT050000-00,0.0100,0.01,yes
2026-10-05T03:58:15.280207Z,KXBTC15M-26OCT050000-00,0.0100,874.59,yes
2026-10-05T03:58:15.280207Z,KXBTC15M-26OCT050000-00,0.0100,15.00,yes
2026-10-05T03:58:15.280207Z,KXBTC15M-26OCT050000-00,0.0100,3141.00,yes
2026-10-05T03:58:15.280207Z,KXBTC15M-26OCT050000-00,0.0100,279.72,yes
2026-10-05T03:58:15.292742Z,KXBTC15M-26OCT050000-00,0.0100,12.29,yes
2026-10-05T03:58:15.314003Z,KXBTC15M-26OCT050000-00,0.0100,16.21,yes
2026-10-05T03:58:15.323941Z,KXBTC15M-26OCT050000-00,0.0100,435.73,yes
2026-10-05T03:58:15.346371Z,KXBTC15M-26OCT050000-00,0.0100,93.51,yes
2026-10-05T03:58:15.373658Z,KXBTC15M-26OCT050000-00,0.0100,28.55,yes
2026-10-05T03:58:15.396529Z,KXBTC15M-26OCT050000-00,0.0100,33.00,yes
2026-10-05T03:58:15.4054Z,KXBTC15M-26OCT050000-00,0.0100,48.62,yes
2026-10-05T03:58:15.436313Z,KXBTC15M-26OCT050000-00,0.0100,22.06,yes
2026-10-05T03:58:15.452799Z,KXBTC15M-26OCT050000-00,0.0100,280.55,yes
2026-10-05T03:58:15.498125Z,KXBTC15M-26OCT050000-00,0.0090,242.00,no
2026-10-05T03:58:15.498125Z,KXBTC15M-26OCT050000-00,0.0090,0.01,no
2026-10-05T03:58:15.498125Z,KXBTC15M-26OCT050000-00,0.0090,0.01,no
2026-10-05T03:58:15.498787Z,KXBTC15M-26OCT050000-00,0.0090,4.33,no
2026-10-05T03:58:15.501412Z,KXBTC15M-26OCT050000-00,0.0090,142.79,no
2026-10-05T03:58:15.510855Z,KXBTC15M-26OCT050000-00,0.0090,1114.25,no
2026-10-05T03:58:15.528428Z,KXBTC15M-26OCT050000-00,0.0100,1.02,yes
2026-10-05T03:58:15.528428Z,KXBTC15M-26OCT050000-00,0.0100,10.00,yes
2026-10-05T03:58:15.528428Z,KXBTC15M-26OCT050000-00,0.0100,0.01,yes
2026-10-05T03:58:15.56855Z,KXBTC15M-26OCT050000-00,0.0100,1.00,yes
2026-10-05T03:58:15.56855Z,KXBTC15M-26OCT050000-00,0.0100,13.98,yes
2026-10-05T03:58:15.56855Z,KXBTC15M-26OCT050000-00,0.0100,0.01,yes
2026-10-05T03:58:15.56855Z,KXBTC15M-26OCT050000-00,0.0100,0.01,yes
2026-10-05T03:58:15.56855Z,KXBTC15M-26OCT050000-00,0.0110,117.93,yes
2026-10-05T03:58:15.577208Z,KXBTC15M-26OCT050000-00,0.0090,488.70,no
2026-10-05T03:58:15.598025Z,KXBTC15M-26OCT050000-00,0.0090,13.66,no
2026-10-05T03:58:15.609437Z,KXBTC15M-26OCT050000-00,0.0100,15.00,yes
2026-10-05T03:58:15.609437Z,KXBTC15M-26OCT050000-00,0.0110,14.18,yes
2026-10-05T03:58:15.618601Z,KXBTC15M-26OCT050000-00,0.0090,43.38,no
2026-10-05T03:58:15.618601Z,KXBTC15M-26OCT050000-00,0.0090,1.34,no
2026-10-05T03:58:15.625712Z,KXBTC15M-26OCT050000-00,0.0090,28.59,no
2026-10-05T03:58:15.703685Z,KXBTC15M-26OCT050000-00,0.0110,62.00,yes
2026-10-05T03:58:15.7038Z,KXBTC15M-26OCT050000-00,0.0110,3.00,yes
2026-10-05T03:58:15.734517Z,KXBTC15M-26OCT050000-00,0.0100,691.12,no
2026-10-05T03:58:15.734517Z,KXBTC15M-26OCT050000-00,0.0090,186.22,no
2026-10-05T03:58:15.751646Z,KXBTC15M-26OCT050000-00,0.0110,1.42,yes
2026-10-05T03:58:15.774313Z,KXBTC15M-26OCT050000-00,0.0110,214.30,yes
2026-10-05T03:58:15.774313Z,KXBTC15M-26OCT050000-00,0.0110,8.58,yes
2026-10-05T03:58:15.813524Z,KXBTC15M-26OCT050000-00,0.0110,2.00,yes
2026-10-05T03:58:15.813527Z,KXBTC15M-26OCT050000-00,0.0110,10.00,yes
2026-10-05T03:58:15.836296Z,KXBTC15M-26OCT050000-00,0.0100,0.01,no
2026-10-05T03:58:15.836296Z,KXBTC15M-26OCT050000-00,0.0100,1.98,no
2026-10-05T03:58:15.836296Z,KXBTC15M-26OCT050000-00,0.0100,0.01,no
2026-10-05T03:58:15.860962Z,KXBTC15M-26OCT050000-00,0.0110,0.01,yes
2026-10-05T03:58:15.860962Z,KXBTC15M-26OCT050000-00,0.0110,351.43,yes
2026-10-05T03:58:15.860962Z,KXBTC15M-26OCT050000-00,0.0110,0.01,yes
2026-10-05T03:58:15.860962Z,KXBTC15M-26OCT050000-00,0.0110,373.70,yes
2026-10-05T03:58:15.860962Z,KXBTC15M-26OCT050000-00,0.0110,15.00,yes
2026-10-05T03:58:15.867421Z,KXBTC15M-26OCT050000-00,0.0120,15.00,yes
2026-10-05T03:58:15.867421Z,KXBTC15M-26OCT050000-00,0.0120,0.01,yes
2026-10-05T03:58:15.867421Z,KXBTC15M-26OCT050000-00,0.0140,3.16,yes
2026-10-05T03:58:15.867421Z,KXBTC15M-26OCT050000-00,0.0120,191.30,yes
2026-10-05T03:58:15.867421Z,KXBTC15M-26OCT050000-00,0.0130,2.00,yes
2026-10-05T03:58:15.867421Z,KXBTC15M-26OCT050000-00,0.0130,5.00,yes
2026-10-05T03:58:15.867421Z,KXBTC15M-26OCT050000-00,0.0130,2.00,yes
2026-10-05T03:58:15.867421Z,KXBTC15M-26OCT050000-00,0.0120,2.00,yes
2026-10-05T03:58:15.867421Z,KXBTC15M-26OCT050000-00,0.0120,2.00,yes
2026-10-05T03:58:15.870512Z,KXBTC15M-26OCT050000-00,0.0120,0.01,yes
2026-10-05T03:58:15.870512Z,KXBTC15M-26OCT050000-00,0.0140,3.99,yes
2026-10-05T03:58:15.870724Z,KXBTC15M-26OCT050000-00,0.0140,4.00,yes
2026-10-05T03:58:15.870944Z,KXBTC15M-26OCT050000-00,0.0140,0.02,yes
2026-10-05T03:58:15.942037Z,KXBTC15M-26OCT050000-00,0.0110,15.00,yes
2026-10-05T03:58:15.991887Z,KXBTC15M-26OCT050000-00,0.0100,2.00,no
2026-10-05T03:58:16.079602Z,KXBTC15M-26OCT050000-00,0.0110,600.00,yes
2026-10-05T03:58:16.079602Z,KXBTC15M-26OCT050000-00,0.0110,15.00,yes
2026-10-05T03:58:16.132609Z,KXBTC15M-26OCT050000-00,0.0120,13.12,no
2026-10-05T03:58:16.225866Z,KXBTC15M-26OCT050000-00,0.0120,49.27,no
2026-10-05T03:58:16.229116Z,KXBTC15M-26OCT050000-00,0.0120,62.61,no
2026-10-05T03:58:16.290854Z,KXBTC15M-26OCT050000-00,0.0120,440.48,no
2026-10-05T03:58:16.290854Z,KXBTC15M-26OCT050000-00,0.0120,63.77,no
2026-10-05T03:58:16.334566Z,KXBTC15M-26OCT050000-00,0.0120,29.51,no
2026-10-05T03:58:16.340947Z,KXBTC15M-26OCT050000-00,0.0130,4.50,yes
2026-10-05T03:58:16.362052Z,KXBTC15M-26OCT050000-00,0.0130,9.50,yes
2026-10-05T03:58:16.362052Z,KXBTC15M-26OCT050000-00,0.0130,2.40,yes
2026-10-05T03:58:16.37073Z,KXBTC15M-26OCT050000-00,0.0130,12.60,yes
2026-10-05T03:58:16.37073Z,KXBTC15M-26OCT050000-00,0.0130,225.72,yes
2026-10-05T03:58:16.386013Z,KXBTC15M-26OCT050000-00,0.0130,4.16,yes
2026-10-05T03:58:16.386019Z,KXBTC15M-26OCT050000-00,0.0120,500.00,no
2026-10-05T03:58:16.386019Z,KXBTC15M-26OCT050000-00,0.0120,125.15,no
2026-10-05T03:58:16.386019Z,KXBTC15M-26OCT050000-00,0.0120,0.01,no
2026-10-05T03:58:16.386019Z,KXBTC15M-26OCT050000-00,0.0120,0.01,no
2026-10-05T03:58:16.386019Z,KXBTC15M-26OCT050000-00,0.0120,15.00,no
2026-10-05T03:58:16.386019Z,KXBTC15M-26OCT050000-00,0.0120,100.00,no
2026-10-05T03:58:16.430513Z,KXBTC15M-26OCT050000-00,0.0130,15.00,yes
2026-10-05T03:58:16.430513Z,KXBTC15M-26OCT050000-00,0.0130,15.00,yes
2026-10-05T03:58:16.465132Z,KXBTC15M-26OCT050000-00,0.0130,16.32,yes
2026-10-05T03:58:16.485864Z,KXBTC15M-26OCT050000-00,0.0120,0.01,no
2026-10-05T03:58:16.485864Z,KXBTC15M-26OCT050000-00,0.0120,0.01,no
2026-10-05T03:58:16.485864Z,KXBTC15M-26OCT050000-00,0.0120,35.15,no
2026-10-05T03:58:16.491814Z,KXBTC15M-26OCT050000-00,0.0130,22.13,yes
2026-10-05T03:58:16.570825Z,KXBTC15M-26OCT050000-00,0.0120,0.01,no
2026-10-05T03:58:16.570825Z,KXBTC15M-26OCT050000-00,0.0120,0.01,no
2026-10-05T03:58:16.570825Z,KXBTC15M-26OCT050000-00,0.0120,34.95,no
2026-10-05T03:58:16.604556Z,KXBTC15M-26OCT050000-00,0.0120,20.22,no
2026-10-05T03:58:16.640467Z,KXBTC15M-26OCT050000-00,0.0130,287.80,yes
2026-10-05T03:58:16.661348Z,KXBTC15M-26OCT050000-00,0.0120,167.48,no
2026-10-05T03:58:16.787966Z,KXBTC15M-26OCT050000-00,0.0120,5.03,no
2026-10-05T03:58:16.787966Z,KXBTC15M-26OCT050000-00,0.0120,0.01,no
2026-10-05T03:58:16.787966Z,KXBTC15M-26OCT050000-00,0.0120,0.01,no
2026-10-05T03:58:16.824208Z,KXBTC15M-26OCT050000-00,0.0130,21.39,yes
2026-10-05T03:58:16.82689Z,KXBTC15M-26OCT050000-00,0.0130,143.90,yes
2026-10-05T03:58:16.842794Z,KXBTC15M-26OCT050000-00,0.0120,1.01,no
2026-10-05T03:58:16.85493Z,KXBTC15M-26OCT050000-00,0.0110,5.99,no
2026-10-05T03:58:16.85493Z,KXBTC15M-26OCT050000-00,0.0120,398.99,no
2026-10-05T03:58:16.85493Z,KXBTC15M-26OCT050000-00,0.0120,0.01,no
2026-10-05T03:58:16.85493Z,KXBTC15M-26OCT050000-00,0.0120,0.01,no
2026-10-05T03:58:16.85493Z,KXBTC15M-26OCT050000-00,0.0120,100.00,no
2026-10-05T03:58:16.859079Z,KXBTC15M-26OCT050000-00,0.0130,30.00,yes
2026-10-05T03:58:16.899325Z,KXBTC15M-26OCT050000-00,0.0130,5.09,yes
2026-10-05T03:58:16.959026Z,KXBTC15M-26OCT050000-00,0.0130,15.00,yes
2026-10-05T03:58:16.959026Z,KXBTC15M-26OCT050000-00,0.0130,464.90,yes
2026-10-05T03:58:16.959026Z,KXBTC15M-26OCT050000-00,0.0130,225.22,yes
2026-10-05T03:58:17.056975Z,KXBTC15M-26OCT050000-00,0.0120,0.01,no
2026-10-05T03:58:17.056975Z,KXBTC15M-26OCT050000-00,0.0120,0.99,no
2026-10-05T03:58:17.149364Z,KXBTC15M-26OCT050000-00,0.0120,20.22,no
2026-10-05T03:58:17.185333Z,KXBTC15M-26OCT050000-00,0.0120,15.01,no
2026-10-05T03:58:17.2635Z,KXBTC15M-26OCT050000-00,0.0120,4.18,no
2026-10-05T03:58:17.2635Z,KXBTC15M-26OCT050000-00,0.0120,0.01,no
2026-10-05T03:58:17.303043Z,KXBTC15M-26OCT050000-00,0.0130,1.00,yes
2026-10-05T03:58:17.303043Z,KXBTC15M-26OCT050000-00,0.0130,0.01,yes
2026-10-05T03:58:17.303043Z,KXBTC15M-26OCT050000-00,0.0130,0.01,yes
2026-10-05T03:58:17.303043Z,KXBTC15M-26OCT050000-00,0.0130,14.00,yes
2026-10-05T03:58:17.303043Z,KXBTC15M-26OCT050000-00,0.0130,1.00,yes
2026-10-05T03:58:17.303043Z,KXBTC15M-26OCT050000-00,0.0140,13.00,yes
2026-10-05T03:58:17.303043Z,KXBTC15M-26OCT050000-00,0.0130,5.99,yes
2026-10-05T03:58:17.303043Z,KXBTC15M-26OCT050000-00,0.0140,54.24,yes
2026-10-05T03:58:17.303043Z,KXBTC15M-26OCT050000-00,0.0140,37.83,yes
2026-10-05T03:58:17.303043Z,KXBTC15M-26OCT050000-00,0.0140,7.00,yes
2026-10-05T03:58:17.303043Z,KXBTC15M-26OCT050000-00,0.0140,0.21,yes
2026-10-05T03:58:17.343102Z,KXBTC15M-26OCT050000-00,0.0130,0.01,yes
2026-10-05T03:58:17.343102Z,KXBTC15M-26OCT050000-00,0.0140,126.58,yes
2026-10-05T03:58:17.343102Z,KXBTC15M-26OCT050000-00,0.0130,42.00,yes
2026-10-05T03:58:17.343102Z,KXBTC15M-26OCT050000-00,0.0130,0.01,yes
2026-10-05T03:58:17.346303Z,KXBTC15M-26OCT050000-00,0.0140,46.94,yes
2026-10-05T03:58:17.346303Z,KXBTC15M-26OCT050000-00,0.0140,19.18,yes
2026-10-05T03:58:17.370349Z,KXBTC15M-26OCT050000-00,0.0120,495.82,no
2026-10-05T03:58:17.370349Z,KXBTC15M-26OCT050000-00,0.0120,45.97,no
2026-10-05T03:58:17.370349Z,KXBTC15M-26OCT050000-00,0.0120,15.00,no
2026-10-05T03:58:17.370349Z,KXBTC15M-26OCT050000-00,0.0120,0.01,no
2026-10-05T03:58:17.370349Z,KXBTC15M-26OCT050000-00,0.0120,15.00,no
2026-10-05T03:58:17.370349Z,KXBTC15M-26OCT050000-00,0.0120,15.00,no
2026-10-05T03:58:17.395066Z,KXBTC15M-26OCT050000-00,0.0110,12.78,no
2026-10-05T03:58:17.395066Z,KXBTC15M-26OCT050000-00,0.0120,454.03,no
2026-10-05T03:58:17.395066Z,KXBTC15M-26OCT050000-00,0.0120,0.01,no
2026-10-05T03:58:17.395066Z,KXBTC15M-26OCT050000-00,0.0120,100.00,no
2026-10-05T03:58:17.395066Z,KXBTC15M-26OCT050000-00,0.0120,0.01,no
2026-10-05T03:58:17.395066Z,KXBTC15M-26OCT050000-00,0.0120,202.00,no
2026-10-05T03:58:17.395066Z,KXBTC15M-26OCT050000-00,0.0120,400.00,no
2026-10-05T03:58:17.402842Z,KXBTC15M-26OCT050000-00,0.0120,50.25,yes
2026-10-05T03:58:17.440656Z,KXBTC15M-26OCT050000-00,0.0100,15.00,no
2026-10-05T03:58:17.440656Z,KXBTC15M-26OCT050000-00,0.0090,15.00,no
2026-10-05T03:58:17.440656Z,KXBTC15M-26OCT050000-00,0.0100,50.00,no
2026-10-05T03:58:17.440656Z,KXBTC15M-26OCT050000-00,0.0100,15.00,no
2026-10-05T03:58:17.440656Z,KXBTC15M-26OCT050000-00,0.0090,15.00,no
2026-10-05T03:58:17.440656Z,KXBTC15M-26OCT050000-00,0.0100,15.00,no
2026-10-05T03:58:17.440656Z,KXBTC15M-26OCT050000-00,0.0110,131.23,no
2026-10-05T03:58:17.440656Z,KXBTC15M-26OCT050000-00,0.0080,150.00,no
2026-10-05T03:58:17.440656Z,KXBTC15M-26OCT050000-00,0.0110,0.01,no
2026-10-05T03:58:17.440656Z,KXBTC15M-26OCT050000-00,0.0110,100.00,no
2026-10-05T03:58:17.440656Z,KXBTC15M-26OCT050000-00,0.0110,400.00,no
2026-10-05T03:58:17.440656Z,KXBTC15M-26OCT050000-00,0.0110,0.01,no
2026-10-05T03:58:17.440656Z,KXBTC15M-26OCT050000-00,0.0060,11.48,no
2026-10-05T03:58:17.448615Z,KXBTC15M-26OCT050000-00,0.0070,2.75,no
2026-10-05T03:58:17.451955Z,KXBTC15M-26OCT050000-00,0.0070,251.85,no
2026-10-05T03:58:17.451955Z,KXBTC15M-26OCT050000-00,0.0050,2.00,no
2026-10-05T03:58:17.451955Z,KXBTC15M-26OCT050000-00,0.0060,2.00,no
2026-10-05T03:58:17.451955Z,KXBTC15M-26OCT050000-00,0.0050,2.00,no
2026-10-05T03:58:17.451955Z,KXBTC15M-26OCT050000-00,0.0060,20.00,no
2026-10-05T03:58:17.451955Z,KXBTC15M-26OCT050000-00,0.0060,100.00,no
2026-10-05T03:58:17.451955Z,KXBTC15M-26OCT050000-00,0.0050,1368.63,no
2026-10-05T03:58:17.451955Z,KXBTC15M-26OCT050000-00,0.0060,3.52,no
2026-10-05T03:58:17.455707Z,KXBTC15M-26OCT050000-00,0.0060,0.01,no
2026-10-05T03:58:17.455707Z,KXBTC15M-26OCT050000-00,0.0050,99.07,no
2026-10-05T03:58:17.455707Z,KXBTC15M-26OCT050000-00,0.0060,0.01,no
2026-10-05T03:58:17.457265Z,KXBTC15M-26OCT050000-00,0.0100,5.76,yes
2026-10-05T03:58:17.45794Z,KXBTC15M-26OCT050000-00,0.0090,134.93,yes
2026-10-05T03:58:17.466179Z,KXBTC15M-26OCT050000-00,0.0060,0.01,no
2026-10-05T03:58:17.466179Z,KXBTC15M-26OCT050000-00,0.0060,0.01,no
2026-10-05T03:58:17.466179Z,KXBTC15M-26OCT050000-00,0.0050,705.83,no
2026-10-05T03:58:17.466179Z,KXBTC15M-26OCT050000-00,0.0060,20.00,no
2026-10-05T03:58:17.466179Z,KXBTC15M-26OCT050000-00,0.0060,400.00,no
2026-10-05T03:58:17.469995Z,KXBTC15M-26OCT050000-00,0.0090,41.19,yes
2026-10-05T03:58:17.528231Z,KXBTC15M-26OCT050000-00,0.0090,7.26,yes
2026-10-05T03:58:17.596798Z,KXBTC15M-26OCT050000-00,0.0090,7.26,yes
2026-10-05T03:58:17.622991Z,KXBTC15M-26OCT050000-00,0.0060,4.93,no
2026-10-05T03:58:17.622991Z,KXBTC15M-26OCT050000-00,0.0060,0.01,no
2026-10-05T03:58:17.659179Z,KXBTC15M-26OCT050000-00,0.0090,7.26,yes
2026-10-05T03:58:17.684146Z,KXBTC15M-26OCT050000-00,0.0060,0.01,no
2026-10-05T03:58:17.684146Z,KXBTC15M-26OCT050000-00,0.0060,4.93,no
2026-10-05T03:58:17.684146Z,KXBTC15M-26OCT050000-00,0.0060,0.01,no
2026-10-05T03:58:17.684146Z,KXBTC15M-26OCT050000-00,0.0060,8.71,no
2026-10-05T03:58:17.684146Z,KXBTC15M-26OCT050000-00,0.0060,15.07,no
2026-10-05T03:58:17.693449Z,KXBTC15M-26OCT050000-00,0.0090,93.51,yes
2026-10-05T03:58:17.733378Z,KXBTC15M-26OCT050000-00,0.0090,15.00,yes
2026-10-05T03:58:17.744368Z,KXBTC15M-26OCT050000-00,0.0090,6.42,yes
2026-10-05T03:58:17.744368Z,KXBTC15M-26OCT050000-00,0.0090,500.00,yes
2026-10-05T03:58:17.744368Z,KXBTC15M-26OCT050000-00,0.0090,15.00,yes
2026-10-05T03:58:17.744368Z,KXBTC15M-26OCT050000-00,0.0090,0.01,yes
2026-10-05T03:58:17.744368Z,KXBTC15M-26OCT050000-00,0.0090,0.01,yes
2026-10-05T03:58:17.744368Z,KXBTC15M-26OCT050000-00,0.0090,194.42,yes
2026-10-05T03:58:17.745531Z,KXBTC15M-26OCT050000-00,0.0090,260.68,yes
2026-10-05T03:58:17.75684Z,KXBTC15M-26OCT050000-00,0.0090,93.51,yes
2026-10-05T03:58:17.760776Z,KXBTC15M-26OCT050000-00,0.0090,15.00,yes
2026-10-05T03:58:17.765949Z,KXBTC15M-26OCT050000-00,0.0080,1.27,no
2026-10-05T03:58:17.782251Z,KXBTC15M-26OCT050000-00,0.0060,200.00,no
2026-10-05T03:58:17.782251Z,KXBTC15M-26OCT050000-00,0.0080,0.01,no
2026-10-05T03:58:17.782251Z,KXBTC15M-26OCT050000-00,0.0050,77.87,no
2026-10-05T03:58:17.782251Z,KXBTC15M-26OCT050000-00,0.0060,0.01,no
2026-10-05T03:58:17.782251Z,KXBTC15M-26OCT050000-00,0.0080,0.01,no
2026-10-05T03:58:17.782251Z,KXBTC15M-26OCT050000-00,0.0080,13.73,no
2026-10-05T03:58:17.782251Z,KXBTC15M-26OCT050000-00,0.0060,0.01,no
2026-10-05T03:58:17.782251Z,KXBTC15M-26OCT050000-00,0.0060,20.00,no
2026-10-05T03:58:17.794049Z,KXBTC15M-26OCT050000-00,0.0090,31.53,yes
2026-10-05T03:58:17.803622Z,KXBTC15M-26OCT050000-00,0.0090,59.96,yes
2026-10-05T03:58:17.803622Z,KXBTC15M-26OCT050000-00,0.0090,83.99,yes
2026-10-05T03:58:17.80791Z,KXBTC15M-26OCT050000-00,0.0090,32.73,yes
2026-10-05T03:58:17.811506Z,KXBTC15M-26OCT050000-00,0.0060,20.00,no
2026-10-05T03:58:17.811506Z,KXBTC15M-26OCT050000-00,0.0060,62.45,no
2026-10-05T03:58:17.811506Z,KXBTC15M-26OCT050000-00,0.0060,0.01,no
2026-10-05T03:58:17.811506Z,KXBTC15M-26OCT050000-00,0.0060,100.00,no
2026-10-05T03:58:17.811506Z,KXBTC15M-26OCT050000-00,0.0060,0.01,no
2026-10-05T03:58:17.883423Z,KXBTC15M-26OCT050000-00,0.0090,0.01,yes
2026-10-05T03:58:17.883423Z,KXBTC15M-26OCT050000-00,0.0090,0.01,yes
2026-10-05T03:58:17.883423Z,KXBTC15M-26OCT050000-00,0.0090,55.88,yes
2026-10-05T03:58:17.900931Z,KXBTC15M-26OCT050000-00,0.0070,6.00,yes
2026-10-05T03:58:17.900931Z,KXBTC15M-26OCT050000-00,0.0070,0.01,yes
2026-10-05T03:58:17.900931Z,KXBTC15M-26OCT050000-00,0.0070,0.01,yes
2026-10-05T03:58:17.900931Z,KXBTC15M-26OCT050000-00,0.0090,0.01,yes
2026-10-05T03:58:17.900931Z,KXBTC15M-26OCT050000-00,0.0090,0.01,yes
2026-10-05T03:58:17.900931Z,KXBTC15M-26OCT050000-00,0.0100,41.96,yes
2026-10-05T03:58:17.964611Z,KXBTC15M-26OCT050000-00,0.0060,0.01,no
2026-10-05T03:58:17.964611Z,KXBTC15M-26OCT050000-00,0.0060,9.79,no
2026-10-05T03:58:17.964611Z,KXBTC15M-26OCT050000-00,0.0060,0.01,no
2026-10-05T03:58:17.996729Z,KXBTC15M-26OCT050000-00,0.0070,0.01,yes
2026-10-05T03:58:17.996729Z,KXBTC15M-26OCT050000-00,0.0070,0.01,yes
2026-10-05T03:58:18.016203Z,KXBTC15M-26OCT050000-00,0.0070,9.66,yes
2026-10-05T03:58:18.027097Z,KXBTC15M-26OCT050000-00,0.0080,10.00,yes
2026-10-05T03:58:18.027097Z,KXBTC15M-26OCT050000-00,0.0100,10.00,yes
2026-10-05T03:58:18.027097Z,KXBTC15M-26OCT050000-00,0.0110,10.00,yes
2026-10-05T03:58:18.027097Z,KXBTC15M-26OCT050000-00,0.0120,1454.61,yes
2026-10-05T03:58:18.027097Z,KXBTC15M-26OCT050000-00,0.0110,600.00,yes
2026-10-05T03:58:18.027097Z,KXBTC15M-26OCT050000-00,0.0110,131.23,yes
2026-10-05T03:58:18.027097Z,KXBTC15M-26OCT050000-00,0.0110,12.78,yes
2026-10-05T03:58:18.027097Z,KXBTC15M-26OCT050000-00,0.0110,2.00,yes
2026-10-05T03:58:18.027097Z,KXBTC15M-26OCT050000-00,0.0080,0.01,yes
2026-10-05T03:58:18.027097Z,KXBTC15M-26OCT050000-00,0.0070,5.34,yes
2026-10-05T03:58:18.027097Z,KXBTC15M-26OCT050000-00,0.0070,0.01,yes
2026-10-05T03:58:18.027097Z,KXBTC15M-26OCT050000-00,0.0070,0.01,yes
2026-10-05T03:58:18.027097Z,KXBTC15M-26OCT050000-00,0.0080,0.01,yes
2026-10-05T03:58:18.027097Z,KXBTC15M-26OCT050000-00,0.0100,64.00,yes
2026-10-05T03:58:18.03011Z,KXBTC15M-26OCT050000-00,0.0060,3.64,no
2026-10-05T03:58:18.064463Z,KXBTC15M-26OCT050000-00,0.0100,0.01,yes
2026-10-05T03:58:18.064463Z,KXBTC15M-26OCT050000-00,0.0100,47.45,yes
2026-10-05T03:58:18.064463Z,KXBTC15M-26OCT050000-00,0.0100,0.01,yes
2026-10-05T03:58:18.085114Z,KXBTC15M-26OCT050000-00,0.0070,5.04,no
2026-10-05T03:58:18.114233Z,KXBTC15M-26OCT050000-00,0.0070,90.81,no
2026-10-05T03:58:18.114442Z,KXBTC15M-26OCT050000-00,0.0090,71.95,yes
2026-10-05T03:58:18.128211Z,KXBTC15M-26OCT050000-00,0.0080,5.98,yes
2026-10-05T03:58:18.162741Z,KXBTC15M-26OCT050000-00,0.0090,194.88,yes
2026-10-05T03:58:18.162741Z,KXBTC15M-26OCT050000-00,0.0080,0.02,yes
2026-10-05T03:58:18.162741Z,KXBTC15M-26OCT050000-00,0.0100,8.69,yes
2026-10-05T03:58:18.162741Z,KXBTC15M-26OCT050000-00,0.0080,0.01,yes
2026-10-05T03:58:18.162741Z,KXBTC15M-26OCT050000-00,0.0100,0.01,yes
2026-10-05T03:58:18.162741Z,KXBTC15M-26OCT050000-00,0.0080,0.01,yes
2026-10-05T03:58:18.162741Z,KXBTC15M-26OCT050000-00,0.0090,0.01,yes
2026-10-05T03:58:18.162741Z,KXBTC15M-26OCT050000-00,0.0090,0.01,yes
2026-10-05T03:58:18.162741Z,KXBTC15M-26OCT050000-00,0.0100,0.01,yes
2026-10-05T03:58:18.26734Z,KXBTC15M-26OCT050000-00,0.0070,13.74,no
2026-10-05T03:58:18.269267Z,KXBTC15M-26OCT050000-00,0.0070,50.00,no
2026-10-05T03:58:18.271128Z,KXBTC15M-26OCT050000-00,0.0080,0.01,yes
2026-10-05T03:58:18.271128Z,KXBTC15M-26OCT050000-00,0.0100,0.01,yes
2026-10-05T03:58:18.271128Z,KXBTC15M-26OCT050000-00,0.0100,0.01,yes
2026-10-05T03:58:18.271128Z,KXBTC15M-26OCT050000-00,0.0100,5.99,yes
2026-10-05T03:58:18.271128Z,KXBTC15M-26OCT050000-00,0.0110,31.71,yes
2026-10-05T03:58:18.271128Z,KXBTC15M-26OCT050000-00,0.0080,0.01,yes
2026-10-05T03:58:18.283703Z,KXBTC15M-26OCT050000-00,0.0110,41.99,yes
2026-10-05T03:58:18.283703Z,KXBTC15M-26OCT050000-00,0.0080,0.01,yes
2026-10-05T03:58:18.3415Z,KXBTC15M-26OCT050000-00,0.0110,158.90,yes
2026-10-05T03:58:18.35341Z,KXBTC15M-26OCT050000-00,0.0070,25.14,no
2026-10-05T03:58:18.371061Z,KXBTC15M-26OCT050000-00,0.0110,5.00,yes
2026-10-05T03:58:18.382134Z,KXBTC15M-26OCT050000-00,0.0110,169.21,yes
2026-10-05T03:58:18.387837Z,KXBTC15M-26OCT050000-00,0.0110,3.00,yes
2026-10-05T03:58:18.415126Z,KXBTC15M-26OCT050000-00,0.0110,0.01,yes
2026-10-05T03:58:18.431691Z,KXBTC15M-26OCT050000-00,0.0070,50.09,no
2026-10-05T03:58:18.436774Z,KXBTC15M-26OCT050000-00,0.0110,10.52,yes
2026-10-05T03:58:18.436774Z,KXBTC15M-26OCT050000-00,0.0110,190.18,yes
2026-10-05T03:58:18.436774Z,KXBTC15M-26OCT050000-00,0.0110,10.00,yes
2026-10-05T03:58:18.436774Z,KXBTC15M-26OCT050000-00,0.0110,200.00,yes
2026-10-05T03:58:18.457491Z,KXBTC15M-26OCT050000-00,0.0110,0.01,yes
2026-10-05T03:58:18.457491Z,KXBTC15M-26OCT050000-00,0.0110,104.99,yes
2026-10-05T03:58:18.457491Z,KXBTC15M-26OCT050000-00,0.0110,100.00,yes
2026-10-05T03:58:18.526118Z,KXBTC15M-26OCT050000-00,0.0080,6.02,no
2026-10-05T03:58:18.526118Z,KXBTC15M-26OCT050000-00,0.0080,0.01,no
2026-10-05T03:58:18.592469Z,KXBTC15M-26OCT050000-00,0.0110,84.19,yes
2026-10-05T03:58:18.684654Z,KXBTC15M-26OCT050000-00,0.0110,22.88,yes
2026-10-05T03:58:18.699554Z,KXBTC15M-26OCT050000-00,0.0110,35.97,yes
2026-10-05T03:58:18.725127Z,KXBTC15M-26OCT050000-00,0.0110,268.15,yes
2026-10-05T03:58:18.725127Z,KXBTC15M-26OCT050000-00,0.0110,100.00,yes
2026-10-05T03:58:18.725127Z,KXBTC15M-26OCT050000-00,0.0110,56.96,yes
2026-10-05T03:58:18.764503Z,KXBTC15M-26OCT050000-00,0.0100,0.01,no
2026-10-05T03:58:18.764503Z,KXBTC15M-26OCT050000-00,0.0100,323.95,no
2026-10-05T03:58:18.764503Z,KXBTC15M-26OCT050000-00,0.0070,1120.17,no
2026-10-05T03:58:18.764503Z,KXBTC15M-26OCT050000-00,0.0100,0.01,no
2026-10-05T03:58:18.764503Z,KXBTC15M-26OCT050000-00,0.0090,200.00,no
2026-10-05T03:58:18.764503Z,KXBTC15M-26OCT050000-00,0.0100,50.00,no
2026-10-05T03:58:18.764503Z,KXBTC15M-26OCT050000-00,0.0080,17.00,no
2026-10-05T03:58:18.774589Z,KXBTC15M-26OCT050000-00,0.0110,143.27,yes
2026-10-05T03:58:18.785266Z,KXBTC15M-26OCT050000-00,0.0110,50.00,yes
2026-10-05T03:58:18.78788Z,KXBTC15M-26OCT050000-00,0.0060,1.96,no
2026-10-05T03:58:18.78788Z,KXBTC15M-26OCT050000-00,0.0060,15.00,no
2026-10-05T03:58:18.78788Z,KXBTC15M-26OCT050000-00,0.0080,0.01,no
2026-10-05T03:58:18.78788Z,KXBTC15M-26OCT050000-00,0.0080,0.01,no
2026-10-05T03:58:18.78788Z,KXBTC15M-26OCT050000-00,0.0100,0.01,no
2026-10-05T03:58:18.78788Z,KXBTC15M-26OCT050000-00,0.0100,0.01,no
2026-10-05T03:58:18.78957Z,KXBTC15M-26OCT050000-00,0.0060,1.00,no
2026-10-05T03:58:18.794599Z,KXBTC15M-26OCT050000-00,0.0060,0.51,no
2026-10-05T03:58:18.835184Z,KXBTC15M-26OCT050000-00,0.0090,10.00,yes
2026-10-05T03:58:18.835184Z,KXBTC15M-26OCT050000-00,0.0090,0.01,yes
2026-10-05T03:58:18.835184Z,KXBTC15M-26OCT050000-00,0.0090,0.01,yes
2026-10-05T03:58:18.835184Z,KXBTC15M-26OCT050000-00,0.0090,400.00,yes
2026-10-05T03:58:18.870545Z,KXBTC15M-26OCT050000-00,0.0100,200.00,yes
2026-10-05T03:58:18.870545Z,KXBTC15M-26OCT050000-00,0.0100,0.01,yes
2026-10-05T03:58:18.870545Z,KXBTC15M-26OCT050000-00,0.0100,0.01,yes
2026-10-05T03:58:18.870545Z,KXBTC15M-26OCT050000-00,0.0100,50.00,yes
2026-10-05T03:58:18.870545Z,KXBTC15M-26OCT050000-00,0.0100,100.00,yes
2026-10-05T03:58:18.870545Z,KXBTC15M-26OCT050000-00,0.0110,75.09,yes
2026-10-05T03:58:18.895505Z,KXBTC15M-26OCT050000-00,0.0060,0.01,no
2026-10-05T03:58:18.895505Z,KXBTC15M-26OCT050000-00,0.0060,0.01,no
2026-10-05T03:58:18.895505Z,KXBTC15M-26OCT050000-00,0.0060,16.13,no
2026-10-05T03:58:18.910037Z,KXBTC15M-26OCT050000-00,0.0060,4.68,no
2026-10-05T03:58:18.920873Z,KXBTC15M-26OCT050000-00,0.0100,0.01,yes
2026-10-05T03:58:18.920873Z,KXBTC15M-26OCT050000-00,0.0100,85.00,yes
2026-10-05T03:58:18.920873Z,KXBTC15M-26OCT050000-00,0.0100,0.01,yes
2026-10-05T03:58:18.936307Z,KXBTC15M-26OCT050000-00,0.0100,7.26,yes
2026-10-05T03:58:18.948945Z,KXBTC15M-26OCT050000-00,0.0100,72.74,yes
2026-10-05T03:58:18.948945Z,KXBTC15M-26OCT050000-00,0.0100,96.93,yes
2026-10-05T03:58:18.9747Z,KXBTC15M-26OCT050000-00,0.0100,85.02,yes
2026-10-05T03:58:19.077944Z,KXBTC15M-26OCT050000-00,0.0100,5.00,yes
2026-10-05T03:58:19.077944Z,KXBTC15M-26OCT050000-00,0.0100,10.00,yes
2026-10-05T03:58:19.181905Z,KXBTC15M-26OCT050000-00,0.0100,7.19,yes
2026-10-05T03:58:19.185923Z,KXBTC15M-26OCT050000-00,0.0100,321.30,yes
2026-10-05T03:58:19.185923Z,KXBTC15M-26OCT050000-00,0.0100,100.00,yes
2026-10-05T03:58:19.185923Z,KXBTC15M-26OCT050000-00,0.0100,3.81,yes
2026-10-05T03:58:19.195607Z,KXBTC15M-26OCT050000-00,0.0100,6.32,yes
2026-10-05T03:58:19.195607Z,KXBTC15M-26OCT050000-00,0.0100,78.70,yes
2026-10-05T03:58:19.244612Z,KXBTC15M-26OCT050000-00,0.0100,133.19,yes
2026-10-05T03:58:19.283007Z,KXBTC15M-26OCT050000-00,0.0060,21.85,no
2026-10-05T03:58:19.283007Z,KXBTC15M-26OCT050000-00,0.0060,0.01,no
2026-10-05T03:58:19.283007Z,KXBTC15M-26OCT050000-00,0.0060,0.01,no
2026-10-05T03:58:19.283007Z,KXBTC15M-26OCT050000-00,0.0060,20.00,no
2026-10-05T03:58:19.322574Z,KXBTC15M-26OCT050000-00,0.0100,25.17,yes
2026-10-05T03:58:19.367096Z,KXBTC15M-26OCT050000-00,0.0100,35.32,yes
2026-10-05T03:58:19.367096Z,KXBTC15M-26OCT050000-00,0.0100,64.00,yes
2026-10-05T03:58:19.367096Z,KXBTC15M-26OCT050000-00,0.0100,0.01,yes
2026-10-05T03:58:19.367096Z,KXBTC15M-26OCT050000-00,0.0100,0.01,yes
2026-10-05T03:58:19.367096Z,KXBTC15M-26OCT050000-00,0.0100,3.81,yes
2026-10-05T03:58:19.367096Z,KXBTC15M-26OCT050000-00,0.0100,93.75,yes
2026-10-05T03:58:19.367096Z,KXBTC15M-26OCT050000-00,0.0100,64.00,yes
2026-10-05T03:58:19.367096Z,KXBTC15M-26OCT050000-00,0.0100,7.19,yes
2026-10-05T03:58:19.367096Z,KXBTC15M-26OCT050000-00,0.0100,5.00,yes
2026-10-05T03:58:19.367096Z,KXBTC15M-26OCT050000-00,0.0100,15.00,yes
2026-10-05T03:58:19.367096Z,KXBTC15M-26OCT050000-00,0.0100,150.75,yes
2026-10-05T03:58:19.367096Z,KXBTC15M-26OCT050000-00,0.0100,93.75,yes
2026-10-05T03:58:19.367096Z,KXBTC15M-26OCT050000-00,0.0100,1.00,yes
2026-10-05T03:58:19.367096Z,KXBTC15M-26OCT050000-00,0.0100,1.00,yes
2026-10-05T03:58:19.367096Z,KXBTC15M-26OCT050000-00,0.0100,500.00,yes
2026-10-05T03:58:19.367096Z,KXBTC15M-26OCT050000-00,0.0100,45.41,yes
2026-10-05T03:58:19.367096Z,KXBTC15M-26OCT050000-00,0.0100,120.00,yes
2026-10-05T03:58:19.425526Z,KXBTC15M-26OCT050000-00,0.0060,0.01,no
2026-10-05T03:58:19.425526Z,KXBTC15M-26OCT050000-00,0.0050,22.00,no
2026-10-05T03:58:19.425526Z,KXBTC15M-26OCT050000-00,0.0060,0.01,no
2026-10-05T03:58:19.425526Z,KXBTC15M-26OCT050000-00,0.0040,2.00,no
2026-10-05T03:58:19.425526Z,KXBTC15M-26OCT050000-00,0.0040,51.38,no
2026-10-05T03:58:19.425526Z,KXBTC15M-26OCT050000-00,0.0040,10.00,no
2026-10-05T03:58:19.425526Z,KXBTC15M-26OCT050000-00,0.0040,9.85,no
2026-10-05T03:58:19.425526Z,KXBTC15M-26OCT050000-00,0.0040,10.00,no
2026-10-05T03:58:19.474899Z,KXBTC15M-26OCT050000-00,0.0080,0.01,yes
2026-10-05T03:58:19.474899Z,KXBTC15M-26OCT050000-00,0.0080,0.01,yes
2026-10-05T03:58:19.474899Z,KXBTC15M-26OCT050000-00,0.0070,15.00,yes
2026-10-05T03:58:19.474899Z,KXBTC15M-26OCT050000-00,0.0070,0.01,yes
2026-10-05T03:58:19.474899Z,KXBTC15M-26OCT050000-00,0.0080,84.36,yes
2026-10-05T03:58:19.474899Z,KXBTC15M-26OCT050000-00,0.0070,15.00,yes
2026-10-05T03:58:19.474899Z,KXBTC15M-26OCT050000-00,0.0070,0.01,yes
2026-10-05T03:58:19.499628Z,KXBTC15M-26OCT050000-00,0.0080,7.26,yes
2026-10-05T03:58:19.522928Z,KXBTC15M-26OCT050000-00,0.0080,108.38,yes
2026-10-05T03:58:19.522928Z,KXBTC15M-26OCT050000-00,0.0080,61.33,yes
2026-10-05T03:58:19.617942Z,KXBTC15M-26OCT050000-00,0.0080,79.63,yes
2026-10-05T03:58:19.64651Z,KXBTC15M-26OCT050000-00,0.0090,15.00,yes
2026-10-05T03:58:19.64651Z,KXBTC15M-26OCT050000-00,0.0090,100.00,yes
2026-10-05T03:58:19.64651Z,KXBTC15M-26OCT050000-00,0.0100,1.00,yes
2026-10-05T03:58:19.64651Z,KXBTC15M-26OCT050000-00,0.0100,1549.25,yes
2026-10-05T03:58:19.64651Z,KXBTC15M-26OCT050000-00,0.0110,372.26,yes
2026-10-05T03:58:19.64651Z,KXBTC15M-26OCT050000-00,0.0110,63.49,yes
2026-10-05T03:58:19.64651Z,KXBTC15M-26OCT050000-00,0.0100,10.00,yes
2026-10-05T03:58:19.64651Z,KXBTC15M-26OCT050000-00,0.0090,10.00,yes
2026-10-05T03:58:19.649245Z,KXBTC15M-26OCT050000-00,0.0060,15.00,no
2026-10-05T03:58:19.649245Z,KXBTC15M-26OCT050000-00,0.0060,15.00,no
2026-10-05T03:58:19.649245Z,KXBTC15M-26OCT050000-00,0.0060,100.00,no
2026-10-05T03:58:19.649245Z,KXBTC15M-26OCT050000-00,0.0060,76.99,no
2026-10-05T03:58:19.649245Z,KXBTC15M-26OCT050000-00,0.0060,0.01,no
2026-10-05T03:58:19.649245Z,KXBTC15M-26OCT050000-00,0.0060,0.01,no
2026-10-05T03:58:19.681108Z,KXBTC15M-26OCT050000-00,0.0070,5.02,no
2026-10-05T03:58:19.71157Z,KXBTC15M-26OCT050000-00,0.0080,0.01,yes
2026-10-05T03:58:19.71157Z,KXBTC15M-26OCT050000-00,0.0080,0.01,yes
2026-10-05T03:58:19.71157Z,KXBTC15M-26OCT050000-00,0.0080,6.31,yes
2026-10-05T03:58:19.71157Z,KXBTC15M-26OCT050000-00,0.0080,15.00,yes
2026-10-05T03:58:19.71157Z,KXBTC15M-26OCT050000-00,0.0080,15.00,yes
2026-10-05T03:58:19.713614Z,KXBTC15M-26OCT050000-00,0.0080,84.16,yes
2026-10-05T03:58:19.723541Z,KXBTC15M-26OCT050000-00,0.0080,415.84,yes
2026-10-05T03:58:19.738374Z,KXBTC15M-26OCT050000-00,0.0080,15.00,yes
2026-10-05T03:58:19.738374Z,KXBTC15M-26OCT050000-00,0.0100,15.00,yes
2026-10-05T03:58:19.738374Z,KXBTC15M-26OCT050000-00,0.0100,1.00,yes
2026-10-05T03:58:19.738374Z,KXBTC15M-26OCT050000-00,0.0110,363.09,yes
2026-10-05T03:58:19.750903Z,KXBTC15M-26OCT050000-00,0.0080,3.14,yes
2026-10-05T03:58:19.771257Z,KXBTC15M-26OCT050000-00,0.0100,15.00,yes
2026-10-05T03:58:19.771257Z,KXBTC15M-26OCT050000-00,0.0100,200.00,yes
2026-10-05T03:58:19.771257Z,KXBTC15M-26OCT050000-00,0.0100,39.30,yes
2026-10-05T03:58:19.776108Z,KXBTC15M-26OCT050000-00,0.0100,7.48,yes
2026-10-05T03:58:19.813022Z,KXBTC15M-26OCT050000-00,0.0100,100.00,yes
2026-10-05T03:58:19.813022Z,KXBTC15M-26OCT050000-00,0.0100,367.59,yes
2026-10-05T03:58:19.838182Z,KXBTC15M-26OCT050000-00,0.0090,11.26,yes
2026-10-05T03:58:19.893715Z,KXBTC15M-26OCT050000-00,0.0100,16.00,yes
2026-10-05T03:58:19.893715Z,KXBTC15M-26OCT050000-00,0.0100,77.51,yes
2026-10-05T03:58:19.913403Z,KXBTC15M-26OCT050000-00,0.0100,30.00,yes
2026-10-05T03:58:19.928907Z,KXBTC15M-26OCT050000-00,0.0100,30.00,yes
2026-10-05T03:58:19.930625Z,KXBTC15M-26OCT050000-00,0.0100,30.00,yes
2026-10-05T03:58:19.932851Z,KXBTC15M-26OCT050000-00,0.0100,92.51,yes
2026-10-05T03:58:19.932851Z,KXBTC15M-26OCT050000-00,0.0100,32.49,yes
2026-10-05T03:58:19.953908Z,KXBTC15M-26OCT050000-00,0.0040,150.00,no
2026-10-05T03:58:19.953908Z,KXBTC15M-26OCT050000-00,0.0080,0.01,no
2026-10-05T03:58:19.953908Z,KXBTC15M-26OCT050000-00,0.0040,20.00,no
2026-10-05T03:58:19.953908Z,KXBTC15M-26OCT050000-00,0.0090,0.01,no
2026-10-05T03:58:19.953908Z,KXBTC15M-26OCT050000-00,0.0070,15.00,no
2026-10-05T03:58:19.953908Z,KXBTC15M-26OCT050000-00,0.0070,15.00,no
2026-10-05T03:58:19.953908Z,KXBTC15M-26OCT050000-00,0.0070,15.00,no
2026-10-05T03:58:19.953908Z,KXBTC15M-26OCT050000-00,0.0080,15.00,no
2026-10-05T03:58:19.953908Z,KXBTC15M-26OCT050000-00,0.0080,0.01,no
2026-10-05T03:58:19.953908Z,KXBTC15M-26OCT050000-00,0.0040,10.00,no
2026-10-05T03:58:19.953908Z,KXBTC15M-26OCT050000-00,0.0090,0.01,no
2026-10-05T03:58:19.953908Z,KXBTC15M-26OCT050000-00,0.0080,15.00,no
2026-10-05T03:58:19.953908Z,KXBTC15M-26OCT050000-00,0.0040,10.00,no
2026-10-05T03:58:19.953908Z,KXBTC15M-26OCT050000-00,0.0090,359.76,no
2026-10-05T03:58:19.953908Z,KXBTC15M-26OCT050000-00,0.0040,10.00,no
2026-10-05T03:58:19.953908Z,KXBTC15M-26OCT050000-00,0.0070,9.98,no
2026-10-05T03:58:19.953908Z,KXBTC15M-26OCT050000-00,0.0040,448.62,no
2026-10-05T03:58:19.953908Z,KXBTC15M-26OCT050000-00,0.0030,250.00,no
2026-10-05T03:58:19.953908Z,KXBTC15M-26OCT050000-00,0.0030,663.58,no
2026-10-05T03:58:19.967002Z,KXBTC15M-26OCT050000-00,0.0090,0.01,no
2026-10-05T03:58:19.967002Z,KXBTC15M-26OCT050000-00,0.0080,3.00,no
2026-10-05T03:58:19.978628Z,KXBTC15M-26OCT050000-00,0.0100,7.26,yes
2026-10-05T03:58:20.086632Z,KXBTC15M-26OCT050000-00,0.0090,0.01,no
2026-10-05T03:58:20.086632Z,KXBTC15M-26OCT050000-00,0.0040,6.88,no
2026-10-05T03:58:20.086632Z,KXBTC15M-26OCT050000-00,0.0090,0.01,no
2026-10-05T03:58:20.206994Z,KXBTC15M-26OCT050000-00,0.0100,93.51,yes
2026-10-05T03:58:20.211091Z,KXBTC15M-26OCT050000-00,0.0100,66.33,yes
2026-10-05T03:58:20.222274Z,KXBTC15M-26OCT050000-00,0.0100,150.00,yes
2026-10-05T03:58:20.332656Z,KXBTC15M-26OCT050000-00,0.0040,2.93,no
2026-10-05T03:58:20.332656Z,KXBTC15M-26OCT050000-00,0.0090,0.01,no
2026-10-05T03:58:20.332656Z,KXBTC15M-26OCT050000-00,0.0090,0.01,no
2026-10-05T03:58:20.374628Z,KXBTC15M-26OCT050000-00,0.0090,0.01,no
2026-10-05T03:58:20.374628Z,KXBTC15M-26OCT050000-00,0.0050,14.90,no
2026-10-05T03:58:20.398333Z,KXBTC15M-26OCT050000-00,0.0040,0.01,no
2026-10-05T03:58:20.398333Z,KXBTC15M-26OCT050000-00,0.0050,0.01,no
2026-10-05T03:58:20.398333Z,KXBTC15M-26OCT050000-00,0.0040,5.85,no
2026-10-05T03:58:20.411636Z,KXBTC15M-26OCT050000-00,0.0060,0.01,yes
2026-10-05T03:58:20.411636Z,KXBTC15M-26OCT050000-00,0.0060,0.01,yes
2026-10-05T03:58:20.411636Z,KXBTC15M-26OCT050000-00,0.0060,1.86,yes
2026-10-05T03:58:20.411636Z,KXBTC15M-26OCT050000-00,0.0060,15.00,yes
2026-10-05T03:58:20.411636Z,KXBTC15M-26OCT050000-00,0.0060,100.00,yes
2026-10-05T03:58:20.419123Z,KXBTC15M-26OCT050000-00,0.0060,100.00,yes
2026-10-05T03:58:20.419123Z,KXBTC15M-26OCT050000-00,0.0070,10.00,yes
2026-10-05T03:58:20.419123Z,KXBTC15M-26OCT050000-00,0.0060,0.01,yes
2026-10-05T03:58:20.419123Z,KXBTC15M-26OCT050000-00,0.0060,13.14,yes
2026-10-05T03:58:20.419123Z,KXBTC15M-26OCT050000-00,0.0060,0.01,yes
2026-10-05T03:58:20.419123Z,KXBTC15M-26OCT050000-00,0.0070,2.67,yes
2026-10-05T03:58:20.429961Z,KXBTC15M-26OCT050000-00,0.0060,295.48,yes
2026-10-05T03:58:20.455214Z,KXBTC15M-26OCT050000-00,0.0060,7.24,yes
2026-10-05T03:58:20.455214Z,KXBTC15M-26OCT050000-00,0.0060,0.01,yes
2026-10-05T03:58:20.455214Z,KXBTC15M-26OCT050000-00,0.0060,0.01,yes
2026-10-05T03:58:20.515533Z,KXBTC15M-26OCT050000-00,0.0060,15.00,yes
2026-10-05T03:58:20.515533Z,KXBTC15M-26OCT050000-00,0.0060,92.76,yes
2026-10-05T03:58:20.515533Z,KXBTC15M-26OCT050000-00,0.0060,172.79,yes
2026-10-05T03:58:20.516835Z,KXBTC15M-26OCT050000-00,0.0060,7.00,yes
2026-10-05T03:58:20.523015Z,KXBTC15M-26OCT050000-00,0.0060,93.51,yes
2026-10-05T03:58:20.539218Z,KXBTC15M-26OCT050000-00,0.0060,93.51,yes
2026-10-05T03:58:20.570265Z,KXBTC15M-26OCT050000-00,0.0060,60.32,yes
2026-10-05T03:58:20.570265Z,KXBTC15M-26OCT050000-00,0.0060,33.19,yes
2026-10-05T03:58:20.571681Z,KXBTC15M-26OCT050000-00,0.0060,439.68,yes
2026-10-05T03:58:20.571681Z,KXBTC15M-26OCT050000-00,0.0060,27.91,yes
2026-10-05T03:58:20.582516Z,KXBTC15M-26OCT050000-00,0.0040,8.30,no
2026-10-05T03:58:20.582516Z,KXBTC15M-26OCT050000-00,0.0050,0.01,no
2026-10-05T03:58:20.582516Z,KXBTC15M-26OCT050000-00,0.0050,15.00,no
2026-10-05T03:58:20.582516Z,KXBTC15M-26OCT050000-00,0.0050,15.00,no
2026-10-05T03:58:20.582516Z,KXBTC15M-26OCT050000-00,0.0040,5.85,no
2026-10-05T03:58:20.582516Z,KXBTC15M-26OCT050000-00,0.0050,15.00,no
2026-10-05T03:58:20.582516Z,KXBTC15M-26OCT050000-00,0.0050,0.01,no
2026-10-05T03:58:20.582516Z,KXBTC15M-26OCT050000-00,0.0040,5.85,no
2026-10-05T03:58:20.582516Z,KXBTC15M-26OCT050000-00,0.0030,8.96,no
2026-10-05T03:58:20.587242Z,KXBTC15M-26OCT050000-00,0.0060,36.33,yes
2026-10-05T03:58:20.593694Z,KXBTC15M-26OCT050000-00,0.0060,5.00,yes
2026-10-05T03:58:20.595322Z,KXBTC15M-26OCT050000-00,0.0060,0.01,yes
2026-10-05T03:58:20.595322Z,KXBTC15M-26OCT050000-00,0.0060,0.01,yes
2026-10-05T03:58:20.595322Z,KXBTC15M-26OCT050000-00,0.0060,15.00,yes
2026-10-05T03:58:20.595322Z,KXBTC15M-26OCT050000-00,0.0060,217.22,yes
2026-10-05T03:58:20.595322Z,KXBTC15M-26OCT050000-00,0.0060,100.00,yes
2026-10-05T03:58:20.595322Z,KXBTC15M-26OCT050000-00,0.0060,130.76,yes
2026-10-05T03:58:20.607443Z,KXBTC15M-26OCT050000-00,0.0060,10.95,yes
2026-10-05T03:58:20.616772Z,KXBTC15M-26OCT050000-00,0.0060,0.01,yes
2026-10-05T03:58:20.616772Z,KXBTC15M-26OCT050000-00,0.0060,102.78,yes
2026-10-05T03:58:20.616772Z,KXBTC15M-26OCT050000-00,0.0060,0.01,yes
2026-10-05T03:58:20.6212Z,KXBTC15M-26OCT050000-00,0.0060,97.22,yes
2026-10-05T03:58:20.6212Z,KXBTC15M-26OCT050000-00,0.0060,52.78,yes
2026-10-05T03:58:20.649479Z,KXBTC15M-26OCT050000-00,0.0060,36.08,yes
2026-10-05T03:58:20.659693Z,KXBTC15M-26OCT050000-00,0.0060,0.01,yes
2026-10-05T03:58:20.659693Z,KXBTC15M-26OCT050000-00,0.0060,11.14,yes
2026-10-05T03:58:20.659693Z,KXBTC15M-26OCT050000-00,0.0060,160.85,yes
2026-10-05T03:58:20.659693Z,KXBTC15M-26OCT050000-00,0.0060,15.00,yes
2026-10-05T03:58:20.663134Z,KXBTC15M-26OCT050000-00,0.0060,196.32,yes
2026-10-05T03:58:20.669353Z,KXBTC15M-26OCT050000-00,0.0070,10.00,yes
2026-10-05T03:58:20.669353Z,KXBTC15M-26OCT050000-00,0.0060,42.83,yes
2026-10-05T03:58:20.669353Z,KXBTC15M-26OCT050000-00,0.0070,7.33,yes
2026-10-05T03:58:20.669353Z,KXBTC15M-26OCT050000-00,0.0060,0.01,yes
2026-10-05T03:58:20.669353Z,KXBTC15M-26OCT050000-00,0.0070,136.00,yes
2026-10-05T03:58:20.682217Z,KXBTC15M-26OCT050000-00,0.0070,15.00,yes
2026-10-05T03:58:20.682217Z,KXBTC15M-26OCT050000-00,0.0060,15.00,yes
2026-10-05T03:58:20.700865Z,KXBTC15M-26OCT050000-00,0.0060,15.00,yes
2026-10-05T03:58:20.700865Z,KXBTC15M-26OCT050000-00,0.0060,0.01,yes
2026-10-05T03:58:20.700865Z,KXBTC15M-26OCT050000-00,0.0060,14.99,yes
2026-10-05T03:58:20.701673Z,KXBTC15M-26OCT050000-00,0.0060,30.00,yes
2026-10-05T03:58:20.713459Z,KXBTC15M-26OCT050000-00,0.0060,15.00,yes
2026-10-05T03:58:20.713459Z,KXBTC15M-26OCT050000-00,0.0060,172.03,yes
2026-10-05T03:58:20.73622Z,KXBTC15M-26OCT050000-00,0.0060,31.00,yes
2026-10-05T03:58:20.73622Z,KXBTC15M-26OCT050000-00,0.0060,6.00,yes
2026-10-05T03:58:20.73622Z,KXBTC15M-26OCT050000-00,0.0060,15.00,yes
2026-10-05T03:58:20.744605Z,KXBTC15M-26OCT050000-00,0.0050,0.01,no
2026-10-05T03:58:20.744605Z,KXBTC15M-26OCT050000-00,0.0050,15.00,no
2026-10-05T03:58:20.744605Z,KXBTC15M-26OCT050000-00,0.0050,0.01,no
2026-10-05T03:58:20.744605Z,KXBTC15M-26OCT050000-00,0.0050,262.26,no
2026-10-05T03:58:20.768457Z,KXBTC15M-26OCT050000-00,0.0050,5.02,no
2026-10-05T03:58:20.775567Z,KXBTC15M-26OCT050000-00,0.0060,9.35,yes
2026-10-05T03:58:20.775822Z,KXBTC15M-26OCT050000-00,0.0060,2.21,yes
2026-10-05T03:58:20.801322Z,KXBTC15M-26OCT050000-00,0.0060,3.44,yes
2026-10-05T03:58:20.801322Z,KXBTC15M-26OCT050000-00,0.0060,100.00,yes
2026-10-05T03:58:20.801322Z,KXBTC15M-26OCT050000-00,0.0060,0.01,yes
2026-10-05T03:58:20.801322Z,KXBTC15M-26OCT050000-00,0.0060,326.38,yes
2026-10-05T03:58:20.82387Z,KXBTC15M-26OCT050000-00,0.0060,21.33,yes
2026-10-05T03:58:20.82387Z,KXBTC15M-26OCT050000-00,0.0060,15.00,yes
2026-10-05T03:58:20.835562Z,KXBTC15M-26OCT050000-00,0.0050,200.00,no
2026-10-05T03:58:20.835562Z,KXBTC15M-26OCT050000-00,0.0050,15.00,no
2026-10-05T03:58:20.835562Z,KXBTC15M-26OCT050000-00,0.0050,0.01,no
2026-10-05T03:58:20.835562Z,KXBTC15M-26OCT050000-00,0.0050,9.98,no
2026-10-05T03:58:20.835562Z,KXBTC15M-26OCT050000-00,0.0050,15.00,no
2026-10-05T03:58:20.835562Z,KXBTC15M-26OCT050000-00,0.0050,15.00,no
2026-10-05T03:58:20.835562Z,KXBTC15M-26OCT050000-00,0.0050,15.00,no
2026-10-05T03:58:20.835562Z,KXBTC15M-26OCT050000-00,0.0050,15.00,no
2026-10-05T03:58:20.835562Z,KXBTC15M-26OCT050000-00,0.0050,0.01,no
2026-10-05T03:58:20.870704Z,KXBTC15M-26OCT050000-00,0.0060,0.01,yes
2026-10-05T03:58:20.870704Z,KXBTC15M-26OCT050000-00,0.0060,0.01,yes
2026-10-05T03:58:20.870704Z,KXBTC15M-26OCT050000-00,0.0060,67.57,yes
2026-10-05T03:58:20.870704Z,KXBTC15M-26OCT050000-00,0.0060,400.00,yes
2026-10-05T03:58:20.881408Z,KXBTC15M-26OCT050000-00,0.0060,7.26,yes
2026-10-05T03:58:20.895581Z,KXBTC15M-26OCT050000-00,0.0060,6.57,yes
2026-10-05T03:58:20.904104Z,KXBTC15M-26OCT050000-00,0.0060,96.40,yes
2026-10-05T03:58:20.904104Z,KXBTC15M-26OCT050000-00,0.0060,18.60,yes
2026-10-05T03:58:20.916662Z,KXBTC15M-26OCT050000-00,0.0060,0.01,yes
2026-10-05T03:58:20.916662Z,KXBTC15M-26OCT050000-00,0.0060,15.00,yes
2026-10-05T03:58:20.916662Z,KXBTC15M-26OCT050000-00,0.0060,81.38,yes
2026-10-05T03:58:20.916662Z,KXBTC15M-26OCT050000-00,0.0060,403.60,yes
2026-10-05T03:58:20.916662Z,KXBTC15M-26OCT050000-00,0.0060,0.01,yes
2026-10-05T03:58:20.920633Z,KXBTC15M-26OCT050000-00,0.0060,0.93,yes
2026-10-05T03:58:20.935177Z,KXBTC15M-26OCT050000-00,0.0060,244.00,yes
2026-10-05T03:58:20.939662Z,KXBTC15M-26OCT050000-00,0.0060,36.33,yes
2026-10-05T03:58:20.944975Z,KXBTC15M-26OCT050000-00,0.0060,7.79,yes
2026-10-05T03:58:20.972664Z,KXBTC15M-26OCT050000-00,0.0060,5.00,yes
2026-10-05T03:58:20.979608Z,KXBTC15M-26OCT050000-00,0.0060,10.00,yes
2026-10-05T03:58:20.979608Z,KXBTC15M-26OCT050000-00,0.0060,20.00,yes
2026-10-05T03:58:20.995932Z,KXBTC15M-26OCT050000-00,0.0060,36.33,yes
2026-10-05T03:58:20.99634Z,KXBTC15M-26OCT050000-00,0.0060,30.00,yes
2026-10-05T03:58:21.000985Z,KXBTC15M-26OCT050000-00,0.0060,30.00,yes
2026-10-05T03:58:21.002063Z,KXBTC15M-26OCT050000-00,0.0080,268.79,yes
2026-10-05T03:58:21.002063Z,KXBTC15M-26OCT050000-00,0.0110,287.83,yes
2026-10-05T03:58:21.002063Z,KXBTC15M-26OCT050000-00,0.0100,15.00,yes
2026-10-05T03:58:21.002063Z,KXBTC15M-26OCT050000-00,0.0100,99.07,yes
2026-10-05T03:58:21.002063Z,KXBTC15M-26OCT050000-00,0.0080,10.00,yes
2026-10-05T03:58:21.002063Z,KXBTC15M-26OCT050000-00,0.0070,10.00,yes
2026-10-05T03:58:21.002063Z,KXBTC15M-26OCT050000-00,0.0100,15.00,yes
2026-10-05T03:58:21.002063Z,KXBTC15M-26OCT050000-00,0.0060,15.00,yes
2026-10-05T03:58:21.002063Z,KXBTC15M-26OCT050000-00,0.0070,200.00,yes
2026-10-05T03:58:21.002063Z,KXBTC15M-26OCT050000-00,0.0100,705.83,yes
2026-10-05T03:58:21.002063Z,KXBTC15M-26OCT050000-00,0.0100,93.75,yes
2026-10-05T03:58:21.002063Z,KXBTC15M-26OCT050000-00,0.0100,150.00,yes
2026-10-05T03:58:21.002063Z,KXBTC15M-26OCT050000-00,0.0100,93.75,yes
2026-10-05T03:58:21.002063Z,KXBTC15M-26OCT050000-00,0.0070,10.00,yes
2026-10-05T03:58:21.002063Z,KXBTC15M-26OCT050000-00,0.0060,200.00,yes
2026-10-05T03:58:21.002063Z,KXBTC15M-26OCT050000-00,0.0100,64.00,yes
2026-10-05T03:58:21.002063Z,KXBTC15M-26OCT050000-00,0.0060,303.67,yes
2026-10-05T03:58:21.002063Z,KXBTC15M-26OCT050000-00,0.0100,15.00,yes
2026-10-05T03:58:21.002063Z,KXBTC15M-26OCT050000-00,0.0100,250.00,yes
2026-10-05T03:58:21.002063Z,KXBTC15M-26OCT050000-00,0.0100,64.00,yes
2026-10-05T03:58:21.002063Z,KXBTC15M-26OCT050000-00,0.0080,15.00,yes
2026-10-05T03:58:21.002063Z,KXBTC15M-26OCT050000-00,0.0080,121.00,yes
2026-10-05T03:58:21.002063Z,KXBTC15M-26OCT050000-00,0.0100,1368.63,yes
2026-10-05T03:58:21.002063Z,KXBTC15M-26OCT050000-00,0.0090,17.00,yes
2026-10-05T03:58:21.022501Z,KXBTC15M-26OCT050000-00,0.0050,0.01,no
2026-10-05T03:58:21.022501Z,KXBTC15M-26OCT050000-00,0.0050,15.00,no
2026-10-05T03:58:21.022501Z,KXBTC15M-26OCT050000-00,0.0050,15.00,no
2026-10-05T03:58:21.022501Z,KXBTC15M-26OCT050000-00,0.0050,5.23,no
2026-10-05T03:58:21.022501Z,KXBTC15M-26OCT050000-00,0.0060,15.00,no
2026-10-05T03:58:21.058705Z,KXBTC15M-26OCT050000-00,0.0070,400.00,yes
2026-10-05T03:58:21.058705Z,KXBTC15M-26OCT050000-00,0.0070,100.00,yes
2026-10-05T03:58:21.068381Z,KXBTC15M-26OCT050000-00,0.0070,36.33,yes
2026-10-05T03:58:21.077495Z,KXBTC15M-26OCT050000-00,0.0070,86.88,yes
2026-10-05T03:58:21.077495Z,KXBTC15M-26OCT050000-00,0.0070,15.00,yes
2026-10-05T03:58:21.077495Z,KXBTC15M-26OCT050000-00,0.0070,15.00,yes
2026-10-05T03:58:21.086108Z,KXBTC15M-26OCT050000-00,0.0110,1793.87,yes
2026-10-05T03:58:21.086108Z,KXBTC15M-26OCT050000-00,0.0100,1.00,yes
2026-10-05T03:58:21.086108Z,KXBTC15M-26OCT050000-00,0.0100,1.00,yes
2026-10-05T03:58:21.086108Z,KXBTC15M-26OCT050000-00,0.0100,15.00,yes
2026-10-05T03:58:21.086108Z,KXBTC15M-26OCT050000-00,0.0100,16.00,yes
2026-10-05T03:58:21.086108Z,KXBTC15M-26OCT050000-00,0.0080,15.00,yes
2026-10-05T03:58:21.086108Z,KXBTC15M-26OCT050000-00,0.0100,15.00,yes
2026-10-05T03:58:21.086108Z,KXBTC15M-26OCT050000-00,0.0100,150.00,yes
2026-10-05T03:58:21.086108Z,KXBTC15M-26OCT050000-00,0.0070,313.12,yes
2026-10-05T03:58:21.086108Z,KXBTC15M-26OCT050000-00,0.0080,0.01,yes
2026-10-05T03:58:21.100887Z,KXBTC15M-26OCT050000-00,0.0070,15.00,yes
2026-10-05T03:58:21.100887Z,KXBTC15M-26OCT050000-00,0.0070,85.00,yes
2026-10-05T03:58:21.105637Z,KXBTC15M-26OCT050000-00,0.0080,5.00,yes
2026-10-05T03:58:21.105637Z,KXBTC15M-26OCT050000-00,0.0070,15.00,yes
2026-10-05T03:58:21.132226Z,KXBTC15M-26OCT050000-00,0.0070,15.00,yes
2026-10-05T03:58:21.187398Z,KXBTC15M-26OCT050000-00,0.0070,6.08,yes
2026-10-05T03:58:21.187398Z,KXBTC15M-26OCT050000-00,0.0070,15.00,yes
2026-10-05T03:58:21.19577Z,KXBTC15M-26OCT050000-00,0.0070,116.88,yes
2026-10-05T03:58:21.196366Z,KXBTC15M-26OCT050000-00,0.0070,15.00,yes
2026-10-05T03:58:21.235331Z,KXBTC15M-26OCT050000-00,0.0050,9.77,no
2026-10-05T03:58:21.235331Z,KXBTC15M-26OCT050000-00,0.0060,15.00,no
2026-10-05T03:58:21.235331Z,KXBTC15M-26OCT050000-00,0.0060,20.00,no
2026-10-05T03:58:21.235331Z,KXBTC15M-26OCT050000-00,0.0060,15.00,no
2026-10-05T03:58:21.235331Z,KXBTC15M-26OCT050000-00,0.0050,200.00,no
2026-10-05T03:58:21.235331Z,KXBTC15M-26OCT050000-00,0.0060,0.01,no
2026-10-05T03:58:21.235331Z,KXBTC15M-26OCT050000-00,0.0060,0.01,no
2026-10-05T03:58:21.235331Z,KXBTC15M-26OCT050000-00,0.0060,15.00,no
2026-10-05T03:58:21.235331Z,KXBTC15M-26OCT050000-00,0.0050,15.00,no
2026-10-05T03:58:21.235331Z,KXBTC15M-26OCT050000-00,0.0060,15.00,no
2026-10-05T03:58:21.235331Z,KXBTC15M-26OCT050000-00,0.0060,15.00,no
2026-10-05T03:58:21.235331Z,KXBTC15M-26OCT050000-00,0.0060,15.00,no
2026-10-05T03:58:21.235331Z,KXBTC15M-26OCT050000-00,0.0060,15.00,no
2026-10-05T03:58:21.235331Z,KXBTC15M-26OCT050000-00,0.0060,1047.00,no
2026-10-05T03:58:21.235331Z,KXBTC15M-26OCT050000-00,0.0060,15.00,no
2026-10-05T03:58:21.255448Z,KXBTC15M-26OCT050000-00,0.0070,7.26,yes
2026-10-05T03:58:21.260287Z,KXBTC15M-26OCT050000-00,0.0070,68.24,yes
2026-10-05T03:58:21.260287Z,KXBTC15M-26OCT050000-00,0.0070,38.62,yes
2026-10-05T03:58:21.260287Z,KXBTC15M-26OCT050000-00,0.0070,0.01,yes
2026-10-05T03:58:21.260287Z,KXBTC15M-26OCT050000-00,0.0070,10.00,yes
2026-10-05T03:58:21.260287Z,KXBTC15M-26OCT050000-00,0.0070,0.01,yes
2026-10-05T03:58:21.336706Z,KXBTC15M-26OCT050000-00,0.0030,0.05,no
2026-10-05T03:58:21.336706Z,KXBTC15M-26OCT050000-00,0.0060,0.01,no
2026-10-05T03:58:21.336706Z,KXBTC15M-26OCT050000-00,0.0060,0.01,no
2026-10-05T03:58:21.336706Z,KXBTC15M-26OCT050000-00,0.0040,20.00,no
2026-10-05T03:58:21.341258Z,KXBTC15M-26OCT050000-00,0.0070,45.00,yes
2026-10-05T03:58:21.344051Z,KXBTC15M-26OCT050000-00,0.0070,7.03,yes
2026-10-05T03:58:21.366671Z,KXBTC15M-26OCT050000-00,0.0070,105.40,yes
2026-10-05T03:58:21.39717Z,KXBTC15M-26OCT050000-00,0.0040,19.70,no
2026-10-05T03:58:21.398682Z,KXBTC15M-26OCT050000-00,0.0040,5.40,no
2026-10-05T03:58:21.459347Z,KXBTC15M-26OCT050000-00,0.0070,0.02,yes
2026-10-05T03:58:21.536019Z,KXBTC15M-26OCT050000-00,0.0050,252.21,no
2026-10-05T03:58:21.553955Z,KXBTC15M-26OCT050000-00,0.0050,4.18,no
2026-10-05T03:58:21.572096Z,KXBTC15M-26OCT050000-00,0.0060,15.00,yes
2026-10-05T03:58:21.572096Z,KXBTC15M-26OCT050000-00,0.0060,90.40,yes
2026-10-05T03:58:21.578337Z,KXBTC15M-26OCT050000-00,0.0060,152.71,yes
2026-10-05T03:58:21.589895Z,KXBTC15M-26OCT050000-00,0.0060,15.00,yes
2026-10-05T03:58:21.589895Z,KXBTC15M-26OCT050000-00,0.0060,0.01,yes
2026-10-05T03:58:21.589895Z,KXBTC15M-26OCT050000-00,0.0060,156.89,yes
2026-10-05T03:58:21.589895Z,KXBTC15M-26OCT050000-00,0.0060,0.01,yes
2026-10-05T03:58:21.612336Z,KXBTC15M-26OCT050000-00,0.0090,5.00,yes
2026-10-05T03:58:21.617514Z,KXBTC15M-26OCT050000-00,0.0090,83.51,yes
2026-10-05T03:58:21.617514Z,KXBTC15M-26OCT050000-00,0.0090,10.00,yes
2026-10-05T03:58:21.641442Z,KXBTC15M-26OCT050000-00,0.0050,200.00,no
2026-10-05T03:58:21.641442Z,KXBTC15M-26OCT050000-00,0.0060,20.00,no
2026-10-05T03:58:21.641442Z,KXBTC15M-26OCT050000-00,0.0050,0.01,no
2026-10-05T03:58:21.641442Z,KXBTC15M-26OCT050000-00,0.0050,0.01,no
2026-10-05T03:58:21.641442Z,KXBTC15M-26OCT050000-00,0.0070,0.01,no
2026-10-05T03:58:21.641442Z,KXBTC15M-26OCT050000-00,0.0070,0.01,no
2026-10-05T03:58:21.641442Z,KXBTC15M-26OCT050000-00,0.0070,15.00,no
2026-10-05T03:58:21.641442Z,KXBTC15M-26OCT050000-00,0.0050,15.00,no
2026-10-05T03:58:21.641442Z,KXBTC15M-26OCT050000-00,0.0050,15.00,no
2026-10-05T03:58:21.691401Z,KXBTC15M-26OCT050000-00,0.0080,36.08,yes
2026-10-05T03:58:21.69343Z,KXBTC15M-26OCT050000-00,0.0080,101.30,yes
2026-10-05T03:58:21.74318Z,KXBTC15M-26OCT050000-00,0.0070,0.01,no
2026-10-05T03:58:21.74318Z,KXBTC15M-26OCT050000-00,0.0070,0.01,no
2026-10-05T03:58:21.74318Z,KXBTC15M-26OCT050000-00,0.0040,12.83,no
2026-10-05T03:58:21.74318Z,KXBTC15M-26OCT050000-00,0.0050,22.00,no
2026-10-05T03:58:21.760555Z,KXBTC15M-26OCT050000-00,0.0080,36.08,yes
2026-10-05T03:58:21.767743Z,KXBTC15M-26OCT050000-00,0.0080,18.89,yes
2026-10-05T03:58:21.768826Z,KXBTC15M-26OCT050000-00,0.0080,4.23,yes
2026-10-05T03:58:21.770167Z,KXBTC15M-26OCT050000-00,0.0050,0.01,no
2026-10-05T03:58:21.770167Z,KXBTC15M-26OCT050000-00,0.0050,22.00,no
2026-10-05T03:58:21.770167Z,KXBTC15M-26OCT050000-00,0.0050,0.01,no
2026-10-05T03:58:21.770167Z,KXBTC15M-26OCT050000-00,0.0040,68.31,no
2026-10-05T03:58:21.777054Z,KXBTC15M-26OCT050000-00,0.0040,178.00,no
2026-10-05T03:58:21.777054Z,KXBTC15M-26OCT050000-00,0.0050,22.00,no
2026-10-05T03:58:21.823183Z,KXBTC15M-26OCT050000-00,0.0080,15.00,yes
2026-10-05T03:58:21.823183Z,KXBTC15M-26OCT050000-00,0.0080,0.01,yes
2026-10-05T03:58:21.823183Z,KXBTC15M-26OCT050000-00,0.0080,174.58,yes
2026-10-05T03:58:21.823183Z,KXBTC15M-26OCT050000-00,0.0080,3.42,yes
2026-10-05T03:58:21.823183Z,KXBTC15M-26OCT050000-00,0.0070,15.00,yes
2026-10-05T03:58:21.823183Z,KXBTC15M-26OCT050000-00,0.0080,0.01,yes
2026-10-05T03:58:21.82335Z,KXBTC15M-26OCT050000-00,0.0080,36.08,yes
2026-10-05T03:58:21.841225Z,KXBTC15M-26OCT050000-00,0.0060,268.05,no
2026-10-05T03:58:21.841225Z,KXBTC15M-26OCT050000-00,0.0060,0.01,no
2026-10-05T03:58:21.841225Z,KXBTC15M-26OCT050000-00,0.0060,0.01,no
2026-10-05T03:58:21.841225Z,KXBTC15M-26OCT050000-00,0.0060,200.00,no
2026-10-05T03:58:21.841225Z,KXBTC15M-26OCT050000-00,0.0060,222.02,no
2026-10-05T03:58:21.843536Z,KXBTC15M-26OCT050000-00,0.0070,0.01,yes
2026-10-05T03:58:21.843536Z,KXBTC15M-26OCT050000-00,0.0070,0.01,yes
2026-10-05T03:58:21.843536Z,KXBTC15M-26OCT050000-00,0.0070,14.98,yes
2026-10-05T03:58:21.850555Z,KXBTC15M-26OCT050000-00,0.0070,130.90,yes
2026-10-05T03:58:21.888318Z,KXBTC15M-26OCT050000-00,0.0070,0.01,yes
2026-10-05T03:58:21.888318Z,KXBTC15M-26OCT050000-00,0.0070,15.00,yes
2026-10-05T03:58:21.888318Z,KXBTC15M-26OCT050000-00,0.0070,0.01,yes
2026-10-05T03:58:21.888318Z,KXBTC15M-26OCT050000-00,0.0080,4.98,yes
2026-10-05T03:58:21.889294Z,KXBTC15M-26OCT050000-00,0.0080,7.26,yes
2026-10-05T03:58:21.935535Z,KXBTC15M-26OCT050000-00,0.0070,15.15,yes
2026-10-05T03:58:22.014118Z,KXBTC15M-26OCT050000-00,0.0070,5.00,yes
2026-10-05T03:58:22.016445Z,KXBTC15M-26OCT050000-00,0.0070,63.00,yes
2026-10-05T03:58:22.019759Z,KXBTC15M-26OCT050000-00,0.0070,20.00,yes
2026-10-05T03:58:22.023921Z,KXBTC15M-26OCT050000-00,0.0060,0.01,no
2026-10-05T03:58:22.023921Z,KXBTC15M-26OCT050000-00,0.0050,22.00,no
2026-10-05T03:58:22.023921Z,KXBTC15M-26OCT050000-00,0.0060,15.00,no
2026-10-05T03:58:22.023921Z,KXBTC15M-26OCT050000-00,0.0060,0.01,no
2026-10-05T03:58:22.023921Z,KXBTC15M-26OCT050000-00,0.0060,15.00,no
2026-10-05T03:58:22.023921Z,KXBTC15M-26OCT050000-00,0.0050,52.37,no
2026-10-05T03:58:22.030276Z,KXBTC15M-26OCT050000-00,0.0070,17.97,yes
2026-10-05T03:58:22.051671Z,KXBTC15M-26OCT050000-00,0.0060,0.01,no
2026-10-05T03:58:22.051671Z,KXBTC15M-26OCT050000-00,0.0060,0.01,no
2026-10-05T03:58:22.08625Z,KXBTC15M-26OCT050000-00,0.0060,0.01,yes
2026-10-05T03:58:22.08625Z,KXBTC15M-26OCT050000-00,0.0060,0.01,yes
2026-10-05T03:58:22.08625Z,KXBTC15M-26OCT050000-00,0.0060,1.15,yes
2026-10-05T03:58:22.095485Z,KXBTC15M-26OCT050000-00,0.0050,208.51,no
2026-10-05T03:58:22.095485Z,KXBTC15M-26OCT050000-00,0.0050,500.00,no
2026-10-05T03:58:22.095485Z,KXBTC15M-26OCT050000-00,0.0050,0.01,no
2026-10-05T03:58:22.172812Z,KXBTC15M-26OCT050000-00,0.0060,1.15,yes
2026-10-05T03:58:22.172812Z,KXBTC15M-26OCT050000-00,0.0060,13.85,yes
2026-10-05T03:58:22.183385Z,KXBTC15M-26OCT050000-00,0.0060,253.27,yes
2026-10-05T03:58:22.183385Z,KXBTC15M-26OCT050000-00,0.0060,0.01,yes
2026-10-05T03:58:22.183385Z,KXBTC15M-26OCT050000-00,0.0060,0.01,yes
2026-10-05T03:58:22.183385Z,KXBTC15M-26OCT050000-00,0.0060,13.85,yes
2026-10-05T03:58:22.183385Z,KXBTC15M-26OCT050000-00,0.0060,0.01,yes
2026-10-05T03:58:22.188482Z,KXBTC15M-26OCT050000-00,0.0060,103.00,yes
2026-10-05T03:58:22.192861Z,KXBTC15M-26OCT050000-00,0.0060,3.13,yes
2026-10-05T03:58:22.193271Z,KXBTC15M-26OCT050000-00,0.0060,30.00,yes
2026-10-05T03:58:22.209558Z,KXBTC15M-26OCT050000-00,0.0060,19.40,yes
2026-10-05T03:58:22.209558Z,KXBTC15M-26OCT050000-00,0.0060,10.60,yes
2026-10-05T03:58:22.211193Z,KXBTC15M-26OCT050000-00,0.0060,30.00,yes
2026-10-05T03:58:22.220572Z,KXBTC15M-26OCT050000-00,0.0060,2.85,yes
2026-10-05T03:58:22.23445Z,KXBTC15M-26OCT050000-00,0.0050,15.00,no
2026-10-05T03:58:22.23445Z,KXBTC15M-26OCT050000-00,0.0040,0.11,no
2026-10-05T03:58:22.23445Z,KXBTC15M-26OCT050000-00,0.0050,0.01,no
2026-10-05T03:58:22.23445Z,KXBTC15M-26OCT050000-00,0.0050,15.00,no
2026-10-05T03:58:22.23445Z,KXBTC15M-26OCT050000-00,0.0050,0.01,no
2026-10-05T03:58:22.23745Z,KXBTC15M-26OCT050000-00,0.0060,37.46,yes
2026-10-05T03:58:22.254285Z,KXBTC15M-26OCT050000-00,0.0060,12.86,yes
2026-10-05T03:58:22.259674Z,KXBTC15M-26OCT050000-00,0.0050,0.01,no
2026-10-05T03:58:22.259674Z,KXBTC15M-26OCT050000-00,0.0050,7.96,no
2026-10-05T03:58:22.277547Z,KXBTC15M-26OCT050000-00,0.0060,34.81,yes
2026-10-05T03:58:22.277547Z,KXBTC15M-26OCT050000-00,0.0060,97.43,yes
2026-10-05T03:58:22.281124Z,KXBTC15M-26OCT050000-00,0.0060,4.05,yes
2026-10-05T03:58:22.287704Z,KXBTC15M-26OCT050000-00,0.0060,87.09,yes
2026-10-05T03:58:22.305515Z,KXBTC15M-26OCT050000-00,0.0060,83.00,yes
2026-10-05T03:58:22.318729Z,KXBTC15M-26OCT050000-00,0.0060,107.00,yes
2026-10-05T03:58:22.319697Z,KXBTC15M-26OCT050000-00,0.0060,76.74,yes
2026-10-05T03:58:22.408341Z,KXBTC15M-26OCT050000-00,0.0060,25.25,yes
2026-10-05T03:58:22.432579Z,KXBTC15M-26OCT050000-00,0.0060,82.06,yes
2026-10-05T03:58:22.432579Z,KXBTC15M-26OCT050000-00,0.0060,36.51,yes
2026-10-05T03:58:22.432579Z,KXBTC15M-26OCT050000-00,0.0060,15.00,yes
2026-10-05T03:58:22.432579Z,KXBTC15M-26OCT050000-00,0.0060,0.01,yes
2026-10-05T03:58:22.435747Z,KXBTC15M-26OCT050000-00,0.0060,80.15,yes
2026-10-05T03:58:22.438387Z,KXBTC15M-26OCT050000-00,0.0060,108.50,yes
2026-10-05T03:58:22.450095Z,KXBTC15M-26OCT050000-00,0.0060,287.96,yes
2026-10-05T03:58:22.450095Z,KXBTC15M-26OCT050000-00,0.0060,274.84,yes
2026-10-05T03:58:22.450095Z,KXBTC15M-26OCT050000-00,0.0060,200.74,yes
2026-10-05T03:58:22.466092Z,KXBTC15M-26OCT050000-00,0.0060,135.71,yes
2026-10-05T03:58:22.466092Z,KXBTC15M-26OCT050000-00,0.0060,199.26,yes
2026-10-05T03:58:22.5007Z,KXBTC15M-26OCT050000-00,0.0080,10.00,yes
2026-10-05T03:58:22.5007Z,KXBTC15M-26OCT050000-00,0.0100,15.00,yes
2026-10-05T03:58:22.5007Z,KXBTC15M-26OCT050000-00,0.0100,77.87,yes
2026-10-05T03:58:22.5007Z,KXBTC15M-26OCT050000-00,0.0070,145.00,yes
2026-10-05T03:58:22.5007Z,KXBTC15M-26OCT050000-00,0.0090,10.00,yes
2026-10-05T03:58:22.5007Z,KXBTC15M-26OCT050000-00,0.0100,51.76,yes
2026-10-05T03:58:22.5007Z,KXBTC15M-26OCT050000-00,0.0090,10.00,yes
2026-10-05T03:58:22.5007Z,KXBTC15M-26OCT050000-00,0.0090,150.00,yes
2026-10-05T03:58:22.5007Z,KXBTC15M-26OCT050000-00,0.0060,15.00,yes
2026-10-05T03:58:22.5007Z,KXBTC15M-26OCT050000-00,0.0090,17.00,yes
2026-10-05T03:58:22.5007Z,KXBTC15M-26OCT050000-00,0.0060,400.00,yes
2026-10-05T03:58:22.5007Z,KXBTC15M-26OCT050000-00,0.0060,0.01,yes
2026-10-05T03:58:22.5007Z,KXBTC15M-26OCT050000-00,0.0060,0.01,yes
2026-10-05T03:58:22.611834Z,KXBTC15M-26OCT050000-00,0.0090,150.00,yes
2026-10-05T03:58:22.611834Z,KXBTC15M-26OCT050000-00,0.0090,23.60,yes
2026-10-05T03:58:22.744655Z,KXBTC15M-26OCT050000-00,0.0090,11.06,yes
2026-10-05T03:58:22.752397Z,KXBTC15M-26OCT050000-00,0.0090,13.99,yes
2026-10-05T03:58:22.849799Z,KXBTC15M-26OCT050000-00,0.0090,21.39,yes
2026-10-05T03:58:22.875616Z,KXBTC15M-26OCT050000-00,0.0090,101.83,yes
2026-10-05T03:58:22.897914Z,KXBTC15M-26OCT050000-00,0.0080,10.04,no
2026-10-05T03:58:22.932934Z,KXBTC15M-26OCT050000-00,0.0090,0.01,yes
2026-10-05T03:58:22.932934Z,KXBTC15M-26OCT050000-00,0.0090,0.01,yes
2026-10-05T03:58:22.932934Z,KXBTC15M-26OCT050000-00,0.0090,28.13,yes
2026-10-05T03:58:22.932934Z,KXBTC15M-26OCT050000-00,0.0090,58.68,yes
2026-10-05T03:58:22.932934Z,KXBTC15M-26OCT050000-00,0.0090,15.00,yes
2026-10-05T03:58:22.937634Z,KXBTC15M-26OCT050000-00,0.0090,62.34,yes
2026-10-05T03:58:22.961971Z,KXBTC15M-26OCT050000-00,0.0080,4.96,no
2026-10-05T03:58:22.961971Z,KXBTC15M-26OCT050000-00,0.0080,0.01,no
2026-10-05T03:58:22.961971Z,KXBTC15M-26OCT050000-00,0.0080,0.01,no
2026-10-05T03:58:22.998722Z,KXBTC15M-26OCT050000-00,0.0080,0.01,no
2026-10-05T03:58:22.998722Z,KXBTC15M-26OCT050000-00,0.0060,20.00,no
2026-10-05T03:58:22.998722Z,KXBTC15M-26OCT050000-00,0.0080,0.01,no
2026-10-05T03:58:22.998722Z,KXBTC15M-26OCT050000-00,0.0080,15.00,no
2026-10-05T03:58:23.000573Z,KXBTC15M-26OCT050000-00,0.0060,51.95,yes
2026-10-05T03:58:23.004533Z,KXBTC15M-26OCT050000-00,0.0060,79.11,yes
2026-10-05T03:58:23.050306Z,KXBTC15M-26OCT050000-00,0.0060,62.22,yes
2026-10-05T03:58:23.091064Z,KXBTC15M-26OCT050000-00,0.0050,0.02,no
2026-10-05T03:58:23.091787Z,KXBTC15M-26OCT050000-00,0.0050,0.02,no
2026-10-05T03:58:23.092591Z,KXBTC15M-26OCT050000-00,0.0050,15.00,no
2026-10-05T03:58:23.092591Z,KXBTC15M-26OCT050000-00,0.0050,94.00,no
2026-10-05T03:58:23.092591Z,KXBTC15M-26OCT050000-00,0.0050,8.70,no
2026-10-05T03:58:23.139325Z,KXBTC15M-26OCT050000-00,0.0060,4.07,yes
2026-10-05T03:58:23.139325Z,KXBTC15M-26OCT050000-00,0.0060,0.01,yes
2026-10-05T03:58:23.139325Z,KXBTC15M-26OCT050000-00,0.0060,21.70,yes
2026-10-05T03:58:23.149483Z,KXBTC15M-26OCT050000-00,0.0060,103.91,yes
2026-10-05T03:58:23.150033Z,KXBTC15M-26OCT050000-00,0.0040,20.00,no
2026-10-05T03:58:23.150033Z,KXBTC15M-26OCT050000-00,0.0050,0.01,no
2026-10-05T03:58:23.150033Z,KXBTC15M-26OCT050000-00,0.0050,0.01,no
2026-10-05T03:58:23.150033Z,KXBTC15M-26OCT050000-00,0.0050,6.30,no
2026-10-05T03:58:23.150033Z,KXBTC15M-26OCT050000-00,0.0030,28.17,no
2026-10-05T03:58:23.166563Z,KXBTC15M-26OCT050000-00,0.0050,0.01,no
2026-10-05T03:58:23.169399Z,KXBTC15M-26OCT050000-00,0.0060,103.91,yes
2026-10-05T03:58:23.186212Z,KXBTC15M-26OCT050000-00,0.0060,6.00,yes
2026-10-05T03:58:23.18856Z,KXBTC15M-26OCT050000-00,0.0060,6.00,yes
2026-10-05T03:58:23.232257Z,KXBTC15M-26OCT050000-00,0.0060,118.82,yes
2026-10-05T03:58:23.233472Z,KXBTC15M-26OCT050000-00,0.0060,266.03,yes
2026-10-05T03:58:23.233472Z,KXBTC15M-26OCT050000-00,0.0060,0.01,yes
2026-10-05T03:58:23.233472Z,KXBTC15M-26OCT050000-00,0.0060,181.19,yes
2026-10-05T03:58:23.233472Z,KXBTC15M-26OCT050000-00,0.0060,15.00,yes
2026-10-05T03:58:23.233472Z,KXBTC15M-26OCT050000-00,0.0060,57.29,yes
2026-10-05T03:58:23.246972Z,KXBTC15M-26OCT050000-00,0.0050,0.01,no
2026-10-05T03:58:23.246972Z,KXBTC15M-26OCT050000-00,0.0040,20.00,no
2026-10-05T03:58:23.246972Z,KXBTC15M-26OCT050000-00,0.0050,0.01,no
2026-10-05T03:58:23.246972Z,KXBTC15M-26OCT050000-00,0.0040,0.01,no
2026-10-05T03:58:23.246972Z,KXBTC15M-26OCT050000-00,0.0040,0.01,no
2026-10-05T03:58:23.246972Z,KXBTC15M-26OCT050000-00,0.0030,250.00,no
2026-10-05T03:58:23.246972Z,KXBTC15M-26OCT050000-00,0.0030,374.20,no
2026-10-05T03:58:23.246972Z,KXBTC15M-26OCT050000-00,0.0030,2.00,no
2026-10-05T03:58:23.246972Z,KXBTC15M-26OCT050000-00,0.0030,346.24,no
2026-10-05T03:58:23.275154Z,KXBTC15M-26OCT050000-00,0.0050,0.01,no
2026-10-05T03:58:23.301858Z,KXBTC15M-26OCT050000-00,0.0060,0.01,yes
2026-10-05T03:58:23.301858Z,KXBTC15M-26OCT050000-00,0.0060,0.01,yes
2026-10-05T03:58:23.301858Z,KXBTC15M-26OCT050000-00,0.0060,18.81,yes
2026-10-05T03:58:23.301858Z,KXBTC15M-26OCT050000-00,0.0060,33.12,yes
2026-10-05T03:58:23.307464Z,KXBTC15M-26OCT050000-00,0.0060,5.44,yes
2026-10-05T03:58:23.333447Z,KXBTC15M-26OCT050000-00,0.0060,4.01,yes
2026-10-05T03:58:23.334258Z,KXBTC15M-26OCT050000-00,0.0050,14.99,no
2026-10-05T03:58:23.334258Z,KXBTC15M-26OCT050000-00,0.0050,0.01,no
2026-10-05T03:58:23.334258Z,KXBTC15M-26OCT050000-00,0.0050,0.01,no
2026-10-05T03:58:23.368779Z,KXBTC15M-26OCT050000-00,0.0050,59.82,yes
2026-10-05T03:58:23.368779Z,KXBTC15M-26OCT050000-00,0.0050,0.01,yes
2026-10-05T03:58:23.368779Z,KXBTC15M-26OCT050000-00,0.0050,18.07,yes
2026-10-05T03:58:23.368779Z,KXBTC15M-26OCT050000-00,0.0050,0.01,yes
2026-10-05T03:58:23.391452Z,KXBTC15M-26OCT050000-00,0.0050,39.60,yes
2026-10-05T03:58:23.434149Z,KXBTC15M-26OCT050000-00,0.0050,155.83,yes
2026-10-05T03:58:23.440837Z,KXBTC15M-26OCT050000-00,0.0050,62.50,yes
2026-10-05T03:58:23.440837Z,KXBTC15M-26OCT050000-00,0.0050,186.50,yes
2026-10-05T03:58:23.467932Z,KXBTC15M-26OCT050000-00,0.0050,15.00,yes
2026-10-05T03:58:23.467932Z,KXBTC15M-26OCT050000-00,0.0050,15.00,yes
2026-10-05T03:58:23.467932Z,KXBTC15M-26OCT050000-00,0.0050,137.50,yes
2026-10-05T03:58:23.467932Z,KXBTC15M-26OCT050000-00,0.0050,140.03,yes
2026-10-05T03:58:23.467932Z,KXBTC15M-26OCT050000-00,0.0050,4.18,yes
2026-10-05T03:58:23.507221Z,KXBTC15M-26OCT050000-00,0.0050,150.00,yes
2026-10-05T03:58:23.5624Z,KXBTC15M-26OCT050000-00,0.0050,14.91,yes
2026-10-05T03:58:23.592232Z,KXBTC15M-26OCT050000-00,0.0050,89.70,yes
2026-10-05T03:58:23.626298Z,KXBTC15M-26OCT050000-00,0.0050,0.01,yes
2026-10-05T03:58:23.626298Z,KXBTC15M-26OCT050000-00,0.0050,0.01,yes
2026-10-05T03:58:23.626298Z,KXBTC15M-26OCT050000-00,0.0050,15.00,yes
2026-10-05T03:58:23.626298Z,KXBTC15M-26OCT050000-00,0.0060,250.00,yes
2026-10-05T03:58:23.626298Z,KXBTC15M-26OCT050000-00,0.0050,400.00,yes
2026-10-05T03:58:23.626298Z,KXBTC15M-26OCT050000-00,0.0050,105.36,yes
2026-10-05T03:58:23.626298Z,KXBTC15M-26OCT050000-00,0.0060,35.14,yes
2026-10-05T03:58:23.650949Z,KXBTC15M-26OCT050000-00,0.0040,20.00,no
2026-10-05T03:58:23.650949Z,KXBTC15M-26OCT050000-00,0.0040,200.00,no
2026-10-05T03:58:23.650949Z,KXBTC15M-26OCT050000-00,0.0040,15.00,no
2026-10-05T03:58:23.650949Z,KXBTC15M-26OCT050000-00,0.0040,15.00,no
2026-10-05T03:58:23.650949Z,KXBTC15M-26OCT050000-00,0.0030,250.00,no
2026-10-05T03:58:23.650949Z,KXBTC15M-26OCT050000-00,0.0040,0.01,no
2026-10-05T03:58:23.650949Z,KXBTC15M-26OCT050000-00,0.0040,15.00,no
2026-10-05T03:58:23.650949Z,KXBTC15M-26OCT050000-00,0.0040,15.00,no
2026-10-05T03:58:23.650949Z,KXBTC15M-26OCT050000-00,0.0040,0.01,no
2026-10-05T03:58:23.650949Z,KXBTC15M-26OCT050000-00,0.0030,725.49,no
2026-10-05T03:58:23.690249Z,KXBTC15M-26OCT050000-00,0.0050,15.00,yes
2026-10-05T03:58:23.690249Z,KXBTC15M-26OCT050000-00,0.0050,0.01,yes
2026-10-05T03:58:23.690249Z,KXBTC15M-26OCT050000-00,0.0050,15.00,yes
2026-10-05T03:58:23.690249Z,KXBTC15M-26OCT050000-00,0.0050,0.01,yes
2026-10-05T03:58:23.690249Z,KXBTC15M-26OCT050000-00,0.0050,400.00,yes
2026-10-05T03:58:23.690249Z,KXBTC15M-26OCT050000-00,0.0060,37.46,yes
2026-10-05T03:58:23.745814Z,KXBTC15M-26OCT050000-00,0.0050,0.01,yes
2026-10-05T03:58:23.745814Z,KXBTC15M-26OCT050000-00,0.0050,0.98,yes
2026-10-05T03:58:23.745814Z,KXBTC15M-26OCT050000-00,0.0050,0.01,yes
2026-10-05T03:58:23.791823Z,KXBTC15M-26OCT050000-00,0.0050,14.02,yes
2026-10-05T03:58:23.791823Z,KXBTC15M-26OCT050000-00,0.0050,15.00,yes
2026-10-05T03:58:23.791823Z,KXBTC15M-26OCT050000-00,0.0050,157.95,yes
2026-10-05T03:58:23.79548Z,KXBTC15M-26OCT050000-00,0.0040,15.00,no
2026-10-05T03:58:23.79548Z,KXBTC15M-26OCT050000-00,0.0040,20.00,no
2026-10-05T03:58:23.79548Z,KXBTC15M-26OCT050000-00,0.0040,0.01,no
2026-10-05T03:58:23.79548Z,KXBTC15M-26OCT050000-00,0.0040,15.00,no
2026-10-05T03:58:23.79548Z,KXBTC15M-26OCT050000-00,0.0040,0.01,no
2026-10-05T03:58:23.79548Z,KXBTC15M-26OCT050000-00,0.0040,8.53,no
2026-10-05T03:58:23.800708Z,KXBTC15M-26OCT050000-00,0.0050,200.00,yes
2026-10-05T03:58:23.800708Z,KXBTC15M-26OCT050000-00,0.0050,250.00,yes
2026-10-05T03:58:23.800708Z,KXBTC15M-26OCT050000-00,0.0050,242.05,yes
2026-10-05T03:58:23.800708Z,KXBTC15M-26OCT050000-00,0.0050,87.06,yes
2026-10-05T03:58:23.800708Z,KXBTC15M-26OCT050000-00,0.0050,0.01,yes
2026-10-05T03:58:23.800708Z,KXBTC15M-26OCT050000-00,0.0050,0.01,yes
2026-10-05T03:58:23.827676Z,KXBTC15M-26OCT050000-00,0.0050,0.01,yes
2026-10-05T03:58:23.827676Z,KXBTC15M-26OCT050000-00,0.0050,0.01,yes
2026-10-05T03:58:23.827676Z,KXBTC15M-26OCT050000-00,0.0050,53.57,yes
2026-10-05T03:58:23.827676Z,KXBTC15M-26OCT050000-00,0.0050,15.00,yes
2026-10-05T03:58:23.827676Z,KXBTC15M-26OCT050000-00,0.0050,145.09,yes
2026-10-05T03:58:23.891988Z,KXBTC15M-26OCT050000-00,0.0050,38.55,yes
2026-10-05T03:58:23.891988Z,KXBTC15M-26OCT050000-00,0.0050,146.43,yes
2026-10-05T03:58:23.925592Z,KXBTC15M-26OCT050000-00,0.0050,107.00,yes
2026-10-05T03:58:23.948185Z,KXBTC15M-26OCT050000-00,0.0050,186.97,yes
2026-10-05T03:58:23.952144Z,KXBTC15M-26OCT050000-00,0.0050,39.60,yes
2026-10-05T03:58:24.034477Z,KXBTC15M-26OCT050000-00,0.0050,0.01,yes
2026-10-05T03:58:24.034477Z,KXBTC15M-26OCT050000-00,0.0050,0.01,yes
2026-10-05T03:58:24.034477Z,KXBTC15M-26OCT050000-00,0.0050,41.91,yes
2026-10-05T03:58:24.034477Z,KXBTC15M-26OCT050000-00,0.0050,27.88,yes
2026-10-05T03:58:24.034477Z,KXBTC15M-26OCT050000-00,0.0050,15.00,yes
2026-10-05T03:58:24.034477Z,KXBTC15M-26OCT050000-00,0.0050,38.19,yes
2026-10-05T03:58:24.046724Z,KXBTC15M-26OCT050000-00,0.0050,202.90,yes
2026-10-05T03:58:24.046724Z,KXBTC15M-26OCT050000-00,0.0050,161.81,yes
2026-10-05T03:58:24.055016Z,KXBTC15M-26OCT050000-00,0.0040,0.48,no
2026-10-05T03:58:24.055016Z,KXBTC15M-26OCT050000-00,0.0040,0.01,no
2026-10-05T03:58:24.055016Z,KXBTC15M-26OCT050000-00,0.0040,0.01,no
2026-10-05T03:58:24.08609Z,KXBTC15M-26OCT050000-00,0.0050,75.52,yes
2026-10-05T03:58:24.101628Z,KXBTC15M-26OCT050000-00,0.0040,7.69,no
2026-10-05T03:58:24.10204Z,KXBTC15M-26OCT050000-00,0.0050,186.97,yes
2026-10-05T03:58:24.111259Z,KXBTC15M-26OCT050000-00,0.0050,1.14,yes
2026-10-05T03:58:24.113544Z,KXBTC15M-26OCT050000-00,0.0040,5.01,no
2026-10-05T03:58:24.131329Z,KXBTC15M-26OCT050000-00,0.0050,33.47,yes
2026-10-05T03:58:24.131329Z,KXBTC15M-26OCT050000-00,0.0050,0.01,yes
2026-10-05T03:58:24.131329Z,KXBTC15M-26OCT050000-00,0.0050,133.37,yes
2026-10-05T03:58:24.13279Z,KXBTC15M-26OCT050000-00,0.0050,7.09,yes
2026-10-05T03:58:24.157414Z,KXBTC15M-26OCT050000-00,0.0060,21.45,yes
2026-10-05T03:58:24.157414Z,KXBTC15M-26OCT050000-00,0.0050,0.01,yes
2026-10-05T03:58:24.157414Z,KXBTC15M-26OCT050000-00,0.0050,0.01,yes
2026-10-05T03:58:24.157414Z,KXBTC15M-26OCT050000-00,0.0050,15.00,yes
2026-10-05T03:58:24.186902Z,KXBTC15M-26OCT050000-00,0.0040,15.00,no
2026-10-05T03:58:24.186902Z,KXBTC15M-26OCT050000-00,0.0040,6.82,no
2026-10-05T03:58:24.186902Z,KXBTC15M-26OCT050000-00,0.0040,15.00,no
2026-10-05T03:58:24.186902Z,KXBTC15M-26OCT050000-00,0.0040,35.48,no
2026-10-05T03:58:24.186902Z,KXBTC15M-26OCT050000-00,0.0040,15.00,no
2026-10-05T03:58:24.186902Z,KXBTC15M-26OCT050000-00,0.0040,5.01,no
2026-10-05T03:58:24.186902Z,KXBTC15M-26OCT050000-00,0.0040,0.48,no
2026-10-05T03:58:24.186902Z,KXBTC15M-26OCT050000-00,0.0040,0.01,no
2026-10-05T03:58:24.186902Z,KXBTC15M-26OCT050000-00,0.0040,7.69,no
2026-10-05T03:58:24.186902Z,KXBTC15M-26OCT050000-00,0.0040,0.01,no
2026-10-05T03:58:24.187315Z,KXBTC15M-26OCT050000-00,0.0070,15.00,yes
2026-10-05T03:58:24.187315Z,KXBTC15M-26OCT050000-00,0.0060,0.01,yes
2026-10-05T03:58:24.187315Z,KXBTC15M-26OCT050000-00,0.0060,0.01,yes
2026-10-05T03:58:24.187315Z,KXBTC15M-26OCT050000-00,0.0070,47.58,yes
2026-10-05T03:58:24.206486Z,KXBTC15M-26OCT050000-00,0.0040,1.25,no
2026-10-05T03:58:24.217004Z,KXBTC15M-26OCT050000-00,0.0060,58.20,yes
2026-10-05T03:58:24.25437Z,KXBTC15M-26OCT050000-00,0.0060,4.79,yes
2026-10-05T03:58:24.328851Z,KXBTC15M-26OCT050000-00,0.0060,12.72,yes
2026-10-05T03:58:24.354661Z,KXBTC15M-26OCT050000-00,0.0050,0.02,no
2026-10-05T03:58:24.402501Z,KXBTC15M-26OCT050000-00,0.0030,484.23,no
2026-10-05T03:58:24.402501Z,KXBTC15M-26OCT050000-00,0.0030,250.00,no
2026-10-05T03:58:24.402501Z,KXBTC15M-26OCT050000-00,0.0040,13.75,no
2026-10-05T03:58:24.402501Z,KXBTC15M-26OCT050000-00,0.0050,0.01,no
2026-10-05T03:58:24.402501Z,KXBTC15M-26OCT050000-00,0.0030,200.00,no
2026-10-05T03:58:24.402501Z,KXBTC15M-26OCT050000-00,0.0050,0.01,no
2026-10-05T03:58:24.402501Z,KXBTC15M-26OCT050000-00,0.0040,20.00,no
2026-10-05T03:58:24.402501Z,KXBTC15M-26OCT050000-00,0.0050,14.98,no
2026-10-05T03:58:24.409514Z,KXBTC15M-26OCT050000-00,0.0060,147.15,yes
2026-10-05T03:58:24.469885Z,KXBTC15M-26OCT050000-00,0.0060,13.41,yes
2026-10-05T03:58:24.472347Z,KXBTC15M-26OCT050000-00,0.0050,20.05,no
2026-10-05T03:58:24.472347Z,KXBTC15M-26OCT050000-00,0.0050,0.01,no
2026-10-05T03:58:24.472347Z,KXBTC15M-26OCT050000-00,0.0050,0.01,no
2026-10-05T03:58:24.474607Z,KXBTC15M-26OCT050000-00,0.0040,7.77,no
2026-10-05T03:58:24.474607Z,KXBTC15M-26OCT050000-00,0.0050,1.95,no
2026-10-05T03:58:24.503869Z,KXBTC15M-26OCT050000-00,0.0040,11.64,no
2026-10-05T03:58:24.503869Z,KXBTC15M-26OCT050000-00,0.0050,0.01,no
2026-10-05T03:58:24.503869Z,KXBTC15M-26OCT050000-00,0.0050,0.01,no
2026-10-05T03:58:24.554114Z,KXBTC15M-26OCT050000-00,0.0050,0.01,yes
2026-10-05T03:58:24.554114Z,KXBTC15M-26OCT050000-00,0.0050,15.00,yes
2026-10-05T03:58:24.554114Z,KXBTC15M-26OCT050000-00,0.0050,984.98,yes
2026-10-05T03:58:24.554114Z,KXBTC15M-26OCT050000-00,0.0050,0.01,yes
2026-10-05T03:58:24.557003Z,KXBTC15M-26OCT050000-00,0.0050,0.02,yes
2026-10-05T03:58:24.560649Z,KXBTC15M-26OCT050000-00,0.0050,681.80,yes
2026-10-05T03:58:24.563775Z,KXBTC15M-26OCT050000-00,0.0050,13.41,yes
2026-10-05T03:58:24.57823Z,KXBTC15M-26OCT050000-00,0.0050,0.02,yes
2026-10-05T03:58:24.578927Z,KXBTC15M-26OCT050000-00,0.0040,0.02,no
2026-10-05T03:58:24.589554Z,KXBTC15M-26OCT050000-00,0.0040,2.00,no
2026-10-05T03:58:24.6212Z,KXBTC15M-26OCT050000-00,0.0050,0.01,yes
2026-10-05T03:58:24.6212Z,KXBTC15M-26OCT050000-00,0.0050,15.00,yes
2026-10-05T03:58:24.6212Z,KXBTC15M-26OCT050000-00,0.0050,0.01,yes
2026-10-05T03:58:24.6212Z,KXBTC15M-26OCT050000-00,0.0060,0.01,yes
2026-10-05T03:58:24.6212Z,KXBTC15M-26OCT050000-00,0.0060,80.32,yes
2026-10-05T03:58:24.622679Z,KXBTC15M-26OCT050000-00,0.0050,292.89,yes
2026-10-05T03:58:24.62903Z,KXBTC15M-26OCT050000-00,0.0050,1.00,yes
2026-10-05T03:58:24.63193Z,KXBTC15M-26OCT050000-00,0.0050,28.00,yes
2026-10-05T03:58:24.658418Z,KXBTC15M-26OCT050000-00,0.0080,127.00,yes
2026-10-05T03:58:24.658418Z,KXBTC15M-26OCT050000-00,0.0090,8.01,yes
2026-10-05T03:58:24.658418Z,KXBTC15M-26OCT050000-00,0.0050,15.00,yes
2026-10-05T03:58:24.658418Z,KXBTC15M-26OCT050000-00,0.0050,0.01,yes
2026-10-05T03:58:24.658418Z,KXBTC15M-26OCT050000-00,0.0050,78.11,yes
2026-10-05T03:58:24.658418Z,KXBTC15M-26OCT050000-00,0.0060,61.56,yes
2026-10-05T03:58:24.658418Z,KXBTC15M-26OCT050000-00,0.0050,0.01,yes
2026-10-05T03:58:24.658418Z,KXBTC15M-26OCT050000-00,0.0060,169.68,yes
2026-10-05T03:58:24.658418Z,KXBTC15M-26OCT050000-00,0.0080,15.00,yes
2026-10-05T03:58:24.658418Z,KXBTC15M-26OCT050000-00,0.0070,61.56,yes
2026-10-05T03:58:24.728314Z,KXBTC15M-26OCT050000-00,0.0050,24.41,no
2026-10-05T03:58:24.728314Z,KXBTC15M-26OCT050000-00,0.0060,0.01,no
2026-10-05T03:58:24.728314Z,KXBTC15M-26OCT050000-00,0.0060,0.01,no
2026-10-05T03:58:24.728314Z,KXBTC15M-26OCT050000-00,0.0060,15.00,no
2026-10-05T03:58:24.728314Z,KXBTC15M-26OCT050000-00,0.0060,20.00,no
2026-10-05T03:58:24.744869Z,KXBTC15M-26OCT050000-00,0.0050,32.45,no
2026-10-05T03:58:24.744869Z,KXBTC15M-26OCT050000-00,0.0060,0.01,no
2026-10-05T03:58:24.744869Z,KXBTC15M-26OCT050000-00,0.0060,0.01,no
2026-10-05T03:58:24.797038Z,KXBTC15M-26OCT050000-00,0.0090,1.09,yes
2026-10-05T03:58:24.800243Z,KXBTC15M-26OCT050000-00,0.0090,5.90,yes
2026-10-05T03:58:24.800243Z,KXBTC15M-26OCT050000-00,0.0090,4.10,yes
2026-10-05T03:58:24.834924Z,KXBTC15M-26OCT050000-00,0.0090,138.14,yes
2026-10-05T03:58:24.848518Z,KXBTC15M-26OCT050000-00,0.0090,6.42,yes
2026-10-05T03:58:24.848518Z,KXBTC15M-26OCT050000-00,0.0090,7.76,yes
2026-10-05T03:58:24.904679Z,KXBTC15M-26OCT050000-00,0.0090,20.00,yes
2026-10-05T03:58:24.908657Z,KXBTC15M-26OCT050000-00,0.0090,131.00,yes
2026-10-05T03:58:24.941063Z,KXBTC15M-26OCT050000-00,0.0050,73.00,no
2026-10-05T03:58:24.941063Z,KXBTC15M-26OCT050000-00,0.0050,167.55,no
2026-10-05T03:58:24.941063Z,KXBTC15M-26OCT050000-00,0.0050,15.00,no
2026-10-05T03:58:24.941063Z,KXBTC15M-26OCT050000-00,0.0040,15.00,no
2026-10-05T03:58:24.941063Z,KXBTC15M-26OCT050000-00,0.0060,0.01,no
2026-10-05T03:58:24.941063Z,KXBTC15M-26OCT050000-00,0.0030,217.45,no
2026-10-05T03:58:24.941063Z,KXBTC15M-26OCT050000-00,0.0040,14.98,no
2026-10-05T03:58:24.941063Z,KXBTC15M-26OCT050000-00,0.0030,250.00,no
2026-10-05T03:58:24.941063Z,KXBTC15M-26OCT050000-00,0.0060,20.00,no
2026-10-05T03:58:24.941063Z,KXBTC15M-26OCT050000-00,0.0040,15.00,no
2026-10-05T03:58:24.941063Z,KXBTC15M-26OCT050000-00,0.0060,0.01,no
2026-10-05T03:58:24.941063Z,KXBTC15M-26OCT050000-00,0.0040,15.00,no
2026-10-05T03:58:24.941063Z,KXBTC15M-26OCT050000-00,0.0040,200.00,no
2026-10-05T03:58:25.018915Z,KXBTC15M-26OCT050000-00,0.0090,166.20,yes
2026-10-05T03:58:25.037278Z,KXBTC15M-26OCT050000-00,0.0090,33.29,yes
2026-10-05T03:58:25.037278Z,KXBTC15M-26OCT050000-00,0.0090,76.38,yes
2026-10-05T03:58:25.037278Z,KXBTC15M-26OCT050000-00,0.0090,0.01,yes
2026-10-05T03:58:25.037278Z,KXBTC15M-26OCT050000-00,0.0090,0.01,yes
2026-10-05T03:58:25.047311Z,KXBTC15M-26OCT050000-00,0.0090,139.91,yes
2026-10-05T03:58:25.063582Z,KXBTC15M-26OCT050000-00,0.0050,0.01,no
2026-10-05T03:58:25.063582Z,KXBTC15M-26OCT050000-00,0.0060,0.01,no
2026-10-05T03:58:25.063582Z,KXBTC15M-26OCT050000-00,0.0050,9.88,no
2026-10-05T03:58:25.063582Z,KXBTC15M-26OCT050000-00,0.0060,0.01,no
2026-10-05T03:58:25.067758Z,KXBTC15M-26OCT050000-00,0.0090,20.59,yes
2026-10-05T03:58:25.255739Z,KXBTC15M-26OCT050000-00,0.0080,33.65,yes
2026-10-05T03:58:25.255739Z,KXBTC15M-26OCT050000-00,0.0080,0.01,yes
2026-10-05T03:58:25.255739Z,KXBTC15M-26OCT050000-00,0.0080,15.00,yes
2026-10-05T03:58:25.255739Z,KXBTC15M-26OCT050000-00,0.0080,0.01,yes
2026-10-05T03:58:25.27197Z,KXBTC15M-26OCT050000-00,0.0070,87.40,no
2026-10-05T03:58:25.27197Z,KXBTC15M-26OCT050000-00,0.0070,0.01,no
2026-10-05T03:58:25.27197Z,KXBTC15M-26OCT050000-00,0.0070,0.01,no
2026-10-05T03:58:25.27197Z,KXBTC15M-26OCT050000-00,0.0070,280.79,no
2026-10-05T03:58:25.30463Z,KXBTC15M-26OCT050000-00,0.0070,8.20,no
2026-10-05T03:58:25.32133Z,KXBTC15M-26OCT050000-00,0.0080,14.79,yes
2026-10-05T03:58:25.359272Z,KXBTC15M-26OCT050000-00,0.0070,6.80,no
2026-10-05T03:58:25.359272Z,KXBTC15M-26OCT050000-00,0.0060,52.17,no
2026-10-05T03:58:25.359272Z,KXBTC15M-26OCT050000-00,0.0070,15.00,no
2026-10-05T03:58:25.359272Z,KXBTC15M-26OCT050000-00,0.0070,0.01,no
2026-10-05T03:58:25.359272Z,KXBTC15M-26OCT050000-00,0.0070,0.01,no
2026-10-05T03:58:25.430317Z,KXBTC15M-26OCT050000-00,0.0030,250.00,no
2026-10-05T03:58:25.430317Z,KXBTC15M-26OCT050000-00,0.0060,20.00,no
2026-10-05T03:58:25.430317Z,KXBTC15M-26OCT050000-00,0.0040,17.00,no
2026-10-05T03:58:25.430317Z,KXBTC15M-26OCT050000-00,0.0030,4237.73,no
2026-10-05T03:58:25.430317Z,KXBTC15M-26OCT050000-00,0.0060,0.01,no
2026-10-05T03:58:25.430317Z,KXBTC15M-26OCT050000-00,0.0060,0.01,no
2026-10-05T03:58:25.430317Z,KXBTC15M-26OCT050000-00,0.0050,75.00,no
2026-10-05T03:58:25.430317Z,KXBTC15M-26OCT050000-00,0.0040,200.00,no
2026-10-05T03:58:25.430317Z,KXBTC15M-26OCT050000-00,0.0050,0.01,no
2026-10-05T03:58:25.430317Z,KXBTC15M-26OCT050000-00,0.0050,0.01,no
2026-10-05T03:58:25.430317Z,KXBTC15M-26OCT050000-00,0.0050,200.00,no
2026-10-05T03:58:25.430317Z,KXBTC15M-26OCT050000-00,0.0040,10.00,no
2026-10-05T03:58:25.43572Z,KXBTC15M-26OCT050000-00,0.0070,1.09,yes
2026-10-05T03:58:25.446093Z,KXBTC15M-26OCT050000-00,0.0060,3.00,no
2026-10-05T03:58:25.504313Z,KXBTC15M-26OCT050000-00,0.0050,4.54,no
2026-10-05T03:58:25.504313Z,KXBTC15M-26OCT050000-00,0.0050,0.01,no
2026-10-05T03:58:25.504313Z,KXBTC15M-26OCT050000-00,0.0060,0.01,no
2026-10-05T03:58:25.504313Z,KXBTC15M-26OCT050000-00,0.0060,0.01,no
2026-10-05T03:58:25.52353Z,KXBTC15M-26OCT050000-00,0.0070,0.01,yes
2026-10-05T03:58:25.52353Z,KXBTC15M-26OCT050000-00,0.0070,13.91,yes
2026-10-05T03:58:25.52353Z,KXBTC15M-26OCT050000-00,0.0070,193.88,yes
2026-10-05T03:58:25.52353Z,KXBTC15M-26OCT050000-00,0.0070,0.01,yes
2026-10-05T03:58:25.542857Z,KXBTC15M-26OCT050000-00,0.0070,36.08,yes
2026-10-05T03:58:25.546703Z,KXBTC15M-26OCT050000-00,0.0070,13.92,yes
2026-10-05T03:58:25.573851Z,KXBTC15M-26OCT050000-00,0.0070,5.48,yes
2026-10-05T03:58:25.591398Z,KXBTC15M-26OCT050000-00,0.0060,0.01,no
2026-10-05T03:58:25.591398Z,KXBTC15M-26OCT050000-00,0.0060,0.01,no
2026-10-05T03:58:25.591398Z,KXBTC15M-26OCT050000-00,0.0060,5.00,no
2026-10-05T03:58:25.61152Z,KXBTC15M-26OCT050000-00,0.0050,0.01,no
2026-10-05T03:58:25.61152Z,KXBTC15M-26OCT050000-00,0.0050,100.75,no
2026-10-05T03:58:25.61152Z,KXBTC15M-26OCT050000-00,0.0060,0.01,no
2026-10-05T03:58:25.61152Z,KXBTC15M-26OCT050000-00,0.0050,70.00,no
2026-10-05T03:58:25.61152Z,KXBTC15M-26OCT050000-00,0.0060,10.00,no
2026-10-05T03:58:25.61152Z,KXBTC15M-26OCT050000-00,0.0060,20.00,no
2026-10-05T03:58:25.61152Z,KXBTC15M-26OCT050000-00,0.0060,0.01,no
2026-10-05T03:58:25.61152Z,KXBTC15M-26OCT050000-00,0.0050,0.01,no
2026-10-05T03:58:25.611957Z,KXBTC15M-26OCT050000-00,0.0050,0.56,no
2026-10-05T03:58:25.640712Z,KXBTC15M-26OCT050000-00,0.0060,15.00,yes
2026-10-05T03:58:25.640712Z,KXBTC15M-26OCT050000-00,0.0060,0.01,yes
2026-10-05T03:58:25.640712Z,KXBTC15M-26OCT050000-00,0.0070,27.15,yes
2026-10-05T03:58:25.640712Z,KXBTC15M-26OCT050000-00,0.0060,0.01,yes
2026-10-05T03:58:25.640712Z,KXBTC15M-26OCT050000-00,0.0070,15.00,yes
2026-10-05T03:58:25.640712Z,KXBTC15M-26OCT050000-00,0.0070,150.64,yes
2026-10-05T03:58:25.655601Z,KXBTC15M-26OCT050000-00,0.0060,15.00,yes
2026-10-05T03:58:25.681089Z,KXBTC15M-26OCT050000-00,0.0060,0.01,yes
2026-10-05T03:58:25.681089Z,KXBTC15M-26OCT050000-00,0.0070,121.98,yes
2026-10-05T03:58:25.681089Z,KXBTC15M-26OCT050000-00,0.0060,15.00,yes
2026-10-05T03:58:25.681089Z,KXBTC15M-26OCT050000-00,0.0060,0.01,yes
2026-10-05T03:58:25.695875Z,KXBTC15M-26OCT050000-00,0.0060,0.02,yes
2026-10-05T03:58:25.744056Z,KXBTC15M-26OCT050000-00,0.0060,0.01,yes
2026-10-05T03:58:25.744056Z,KXBTC15M-26OCT050000-00,0.0070,98.14,yes
2026-10-05T03:58:25.744056Z,KXBTC15M-26OCT050000-00,0.0070,100.87,yes
2026-10-05T03:58:25.744056Z,KXBTC15M-26OCT050000-00,0.0060,87.40,yes
2026-10-05T03:58:25.744056Z,KXBTC15M-26OCT050000-00,0.0060,15.00,yes
2026-10-05T03:58:25.744056Z,KXBTC15M-26OCT050000-00,0.0060,0.01,yes
2026-10-05T03:58:25.744056Z,KXBTC15M-26OCT050000-00,0.0070,0.01,yes
2026-10-05T03:58:25.744056Z,KXBTC15M-26OCT050000-00,0.0060,500.00,yes
2026-10-05T03:58:25.820859Z,KXBTC15M-26OCT050000-00,0.0060,13.35,yes
2026-10-05T03:58:25.845565Z,KXBTC15M-26OCT050000-00,0.0090,246.32,yes
2026-10-05T03:58:25.845565Z,KXBTC15M-26OCT050000-00,0.0090,242.18,yes
2026-10-05T03:58:25.845565Z,KXBTC15M-26OCT050000-00,0.0060,1.65,yes
2026-10-05T03:58:25.845565Z,KXBTC15M-26OCT050000-00,0.0060,0.01,yes
2026-10-05T03:58:25.845565Z,KXBTC15M-26OCT050000-00,0.0070,0.01,yes
2026-10-05T03:58:25.845565Z,KXBTC15M-26OCT050000-00,0.0060,0.01,yes
2026-10-05T03:58:25.845565Z,KXBTC15M-26OCT050000-00,0.0080,285.66,yes
2026-10-05T03:58:25.845565Z,KXBTC15M-26OCT050000-00,0.0080,15.00,yes
2026-10-05T03:58:25.845565Z,KXBTC15M-26OCT050000-00,0.0080,200.00,yes
2026-10-05T03:58:25.845565Z,KXBTC15M-26OCT050000-00,0.0070,0.01,yes
2026-10-05T03:58:25.906593Z,KXBTC15M-26OCT050000-00,0.0060,0.01,yes
2026-10-05T03:58:25.906593Z,KXBTC15M-26OCT050000-00,0.0060,0.01,yes
2026-10-05T03:58:25.906593Z,KXBTC15M-26OCT050000-00,0.0060,15.00,yes
2026-10-05T03:58:25.906593Z,KXBTC15M-26OCT050000-00,0.0060,7.89,yes
2026-10-05T03:58:25.922018Z,KXBTC15M-26OCT050000-00,0.0060,103.91,yes
2026-10-05T03:58:25.926553Z,KXBTC15M-26OCT050000-00,0.0050,4.05,no
2026-10-05T03:58:25.93596Z,KXBTC15M-26OCT050000-00,0.0050,3.01,no
2026-10-05T03:58:25.940171Z,KXBTC15M-26OCT050000-00,0.0090,1.60,yes
2026-10-05T03:58:25.940171Z,KXBTC15M-26OCT050000-00,0.0060,0.01,yes
2026-10-05T03:58:25.940171Z,KXBTC15M-26OCT050000-00,0.0060,15.00,yes
2026-10-05T03:58:25.940171Z,KXBTC15M-26OCT050000-00,0.0060,0.01,yes
2026-10-05T03:58:25.947263Z,KXBTC15M-26OCT050000-00,0.0090,6.22,yes
2026-10-05T03:58:25.947263Z,KXBTC15M-26OCT050000-00,0.0090,0.01,yes
2026-10-05T03:58:25.947263Z,KXBTC15M-26OCT050000-00,0.0090,0.01,yes
2026-10-05T03:58:25.991197Z,KXBTC15M-26OCT050000-00,0.0050,0.20,no
2026-10-05T03:58:26.002805Z,KXBTC15M-26OCT050000-00,0.0060,0.01,yes
2026-10-05T03:58:26.002805Z,KXBTC15M-26OCT050000-00,0.0060,1.01,yes
2026-10-05T03:58:26.015946Z,KXBTC15M-26OCT050000-00,0.0060,7.26,yes
2026-10-05T03:58:26.0506Z,KXBTC15M-26OCT050000-00,0.0050,0.02,no
2026-10-05T03:58:26.10955Z,KXBTC15M-26OCT050000-00,0.0060,6.73,yes
2026-10-05T03:58:26.10955Z,KXBTC15M-26OCT050000-00,0.0060,142.86,yes
2026-10-05T03:58:26.13986Z,KXBTC15M-26OCT050000-00,0.0050,0.01,no
2026-10-05T03:58:26.13986Z,KXBTC15M-26OCT050000-00,0.0050,15.00,no
2026-10-05T03:58:26.13986Z,KXBTC15M-26OCT050000-00,0.0050,15.00,no
2026-10-05T03:58:26.13986Z,KXBTC15M-26OCT050000-00,0.0050,15.00,no
2026-10-05T03:58:26.13986Z,KXBTC15M-26OCT050000-00,0.0050,15.00,no
2026-10-05T03:58:26.13986Z,KXBTC15M-26OCT050000-00,0.0050,14.72,no
2026-10-05T03:58:26.13986Z,KXBTC15M-26OCT050000-00,0.0050,0.01,no
2026-10-05T03:58:26.13986Z,KXBTC15M-26OCT050000-00,0.0050,40.53,no
2026-10-05T03:58:26.13986Z,KXBTC15M-26OCT050000-00,0.0050,15.00,no
2026-10-05T03:58:26.13986Z,KXBTC15M-26OCT050000-00,0.0050,15.00,no
2026-10-05T03:58:26.13986Z,KXBTC15M-26OCT050000-00,0.0050,15.00,no
2026-10-05T03:58:26.142186Z,KXBTC15M-26OCT050000-00,0.0040,200.00,no
2026-10-05T03:58:26.142186Z,KXBTC15M-26OCT050000-00,0.0040,17.00,no
2026-10-05T03:58:26.142186Z,KXBTC15M-26OCT050000-00,0.0040,79.00,no
2026-10-05T03:58:26.142186Z,KXBTC15M-26OCT050000-00,0.0040,10.00,no
2026-10-05T03:58:26.264566Z,KXBTC15M-26OCT050000-00,0.0050,1.05,no
2026-10-05T03:58:26.299372Z,KXBTC15M-26OCT050000-00,0.0050,3.95,no
2026-10-05T03:58:26.299372Z,KXBTC15M-26OCT050000-00,0.0050,0.01,no
2026-10-05T03:58:26.299372Z,KXBTC15M-26OCT050000-00,0.0050,0.01,no
2026-10-05T03:58:26.34856Z,KXBTC15M-26OCT050000-00,0.0060,0.93,yes
2026-10-05T03:58:26.425735Z,KXBTC15M-26OCT050000-00,0.0050,0.01,no
2026-10-05T03:58:26.425735Z,KXBTC15M-26OCT050000-00,0.0050,0.01,no
2026-10-05T03:58:26.426684Z,KXBTC15M-26OCT050000-00,0.0060,648.26,yes
2026-10-05T03:58:26.426684Z,KXBTC15M-26OCT050000-00,0.0060,0.01,yes
2026-10-05T03:58:26.426684Z,KXBTC15M-26OCT050000-00,0.0060,256.21,yes
2026-10-05T03:58:26.426684Z,KXBTC15M-26OCT050000-00,0.0060,474.09,yes
2026-10-05T03:58:26.454441Z,KXBTC15M-26OCT050000-00,0.0060,180.37,yes
2026-10-05T03:58:26.454441Z,KXBTC15M-26OCT050000-00,0.0050,200.00,yes
2026-10-05T03:58:26.454441Z,KXBTC15M-26OCT050000-00,0.0050,0.01,yes
2026-10-05T03:58:26.454441Z,KXBTC15M-26OCT050000-00,0.0050,0.01,yes
2026-10-05T03:58:26.454441Z,KXBTC15M-26OCT050000-00,0.0060,0.01,yes
2026-10-05T03:58:26.454441Z,KXBTC15M-26OCT050000-00,0.0050,93.75,yes
2026-10-05T03:58:26.454441Z,KXBTC15M-26OCT050000-00,0.0050,15.00,yes
2026-10-05T03:58:26.454441Z,KXBTC15M-26OCT050000-00,0.0060,200.00,yes
2026-10-05T03:58:26.454441Z,KXBTC15M-26OCT050000-00,0.0050,93.75,yes
2026-10-05T03:58:26.454441Z,KXBTC15M-26OCT050000-00,0.0060,245.34,yes
2026-10-05T03:58:26.454441Z,KXBTC15M-26OCT050000-00,0.0050,15.00,yes
2026-10-05T03:58:26.454441Z,KXBTC15M-26OCT050000-00,0.0050,15.00,yes
2026-10-05T03:58:26.454441Z,KXBTC15M-26OCT050000-00,0.0050,500.00,yes
2026-10-05T03:58:26.45898Z,KXBTC15M-26OCT050000-00,0.0040,0.01,no
2026-10-05T03:58:26.45898Z,KXBTC15M-26OCT050000-00,0.0040,1.03,no
2026-10-05T03:58:26.45898Z,KXBTC15M-26OCT050000-00,0.0040,0.01,no
2026-10-05T03:58:26.522972Z,KXBTC15M-26OCT050000-00,0.0050,93.75,yes
2026-10-05T03:58:26.522972Z,KXBTC15M-26OCT050000-00,0.0050,15.00,yes
2026-10-05T03:58:26.522972Z,KXBTC15M-26OCT050000-00,0.0050,400.00,yes
2026-10-05T03:58:26.522972Z,KXBTC15M-26OCT050000-00,0.0050,46.25,yes
2026-10-05T03:58:26.536799Z,KXBTC15M-26OCT050000-00,0.0050,78.49,yes
2026-10-05T03:58:26.536799Z,KXBTC15M-26OCT050000-00,0.0050,0.01,yes
2026-10-05T03:58:26.536799Z,KXBTC15M-26OCT050000-00,0.0050,0.01,yes
2026-10-05T03:58:26.536799Z,KXBTC15M-26OCT050000-00,0.0050,15.00,yes
2026-10-05T03:58:26.550441Z,KXBTC15M-26OCT050000-00,0.0050,22.00,yes
2026-10-05T03:58:26.593946Z,KXBTC15M-26OCT050000-00,0.0040,15.00,no
2026-10-05T03:58:26.593946Z,KXBTC15M-26OCT050000-00,0.0040,0.01,no
2026-10-05T03:58:26.593946Z,KXBTC15M-26OCT050000-00,0.0040,1.89,no
2026-10-05T03:58:26.593946Z,KXBTC15M-26OCT050000-00,0.0040,0.01,no
2026-10-05T03:58:26.593946Z,KXBTC15M-26OCT050000-00,0.0040,15.00,no
2026-10-05T03:58:26.596531Z,KXBTC15M-26OCT050000-00,0.0050,0.01,yes
2026-10-05T03:58:26.596531Z,KXBTC15M-26OCT050000-00,0.0050,15.00,yes
2026-10-05T03:58:26.596531Z,KXBTC15M-26OCT050000-00,0.0050,296.62,yes
2026-10-05T03:58:26.596531Z,KXBTC15M-26OCT050000-00,0.0050,0.01,yes
2026-10-05T03:58:26.638721Z,KXBTC15M-26OCT050000-00,0.0040,15.00,no
2026-10-05T03:58:26.638721Z,KXBTC15M-26OCT050000-00,0.0040,18.11,no
2026-10-05T03:58:26.638721Z,KXBTC15M-26OCT050000-00,0.0040,0.01,no
2026-10-05T03:58:26.638721Z,KXBTC15M-26OCT050000-00,0.0040,0.01,no
2026-10-05T03:58:26.638721Z,KXBTC15M-26OCT050000-00,0.0040,15.00,no
2026-10-05T03:58:26.638721Z,KXBTC15M-26OCT050000-00,0.0040,1.89,no
2026-10-05T03:58:26.638721Z,KXBTC15M-26OCT050000-00,0.0030,1454.20,no
2026-10-05T03:58:26.670521Z,KXBTC15M-26OCT050000-00,0.0040,0.01,yes
2026-10-05T03:58:26.670521Z,KXBTC15M-26OCT050000-00,0.0050,0.57,yes
2026-10-05T03:58:26.670521Z,KXBTC15M-26OCT050000-00,0.0040,15.00,yes
2026-10-05T03:58:26.694099Z,KXBTC15M-26OCT050000-00,0.0040,0.01,yes
2026-10-05T03:58:26.694099Z,KXBTC15M-26OCT050000-00,0.0040,15.00,yes
2026-10-05T03:58:26.694099Z,KXBTC15M-26OCT050000-00,0.0040,0.01,yes
2026-10-05T03:58:26.694099Z,KXBTC15M-26OCT050000-00,0.0040,101.86,yes
2026-10-05T03:58:26.720621Z,KXBTC15M-26OCT050000-00,0.0040,0.01,yes
2026-10-05T03:58:26.720621Z,KXBTC15M-26OCT050000-00,0.0040,9.99,yes
2026-10-05T03:58:26.721514Z,KXBTC15M-26OCT050000-00,0.0050,0.01,yes
2026-10-05T03:58:26.721514Z,KXBTC15M-26OCT050000-00,0.0050,182.00,yes
2026-10-05T03:58:26.721514Z,KXBTC15M-26OCT050000-00,0.0050,0.01,yes
2026-10-05T03:58:26.721514Z,KXBTC15M-26OCT050000-00,0.0040,5.01,yes
2026-10-05T03:58:26.74619Z,KXBTC15M-26OCT050000-00,0.0040,7.23,yes
2026-10-05T03:58:26.7653Z,KXBTC15M-26OCT050000-00,0.0040,5.00,yes
2026-10-05T03:58:26.785981Z,KXBTC15M-26OCT050000-00,0.0040,2.77,yes
2026-10-05T03:58:26.785981Z,KXBTC15M-26OCT050000-00,0.0040,153.06,yes
2026-10-05T03:58:26.787783Z,KXBTC15M-26OCT050000-00,0.0060,149.66,yes
2026-10-05T03:58:26.787783Z,KXBTC15M-26OCT050000-00,0.0040,246.94,yes
2026-10-05T03:58:26.787783Z,KXBTC15M-26OCT050000-00,0.0050,200.00,yes
2026-10-05T03:58:26.807057Z,KXBTC15M-26OCT050000-00,0.0030,2.00,no
2026-10-05T03:58:26.828874Z,KXBTC15M-26OCT050000-00,0.0040,358.95,yes
2026-10-05T03:58:26.828874Z,KXBTC15M-26OCT050000-00,0.0040,15.00,yes
2026-10-05T03:58:26.844586Z,KXBTC15M-26OCT050000-00,0.0040,25.64,yes
2026-10-05T03:58:26.858666Z,KXBTC15M-26OCT050000-00,0.0040,5.00,yes
2026-10-05T03:58:26.858666Z,KXBTC15M-26OCT050000-00,0.0040,15.00,yes
2026-10-05T03:58:26.869686Z,KXBTC15M-26OCT050000-00,0.0030,9.82,no
2026-10-05T03:58:26.880268Z,KXBTC15M-26OCT050000-00,0.0040,186.97,yes
2026-10-05T03:58:26.883565Z,KXBTC15M-26OCT050000-00,0.0020,201.61,no
2026-10-05T03:58:26.883565Z,KXBTC15M-26OCT050000-00,0.0030,15.00,no
2026-10-05T03:58:26.883565Z,KXBTC15M-26OCT050000-00,0.0030,25.00,no
2026-10-05T03:58:26.883565Z,KXBTC15M-26OCT050000-00,0.0030,0.01,no
2026-10-05T03:58:26.883565Z,KXBTC15M-26OCT050000-00,0.0030,15.00,no
2026-10-05T03:58:26.883565Z,KXBTC15M-26OCT050000-00,0.0030,15.00,no
2026-10-05T03:58:26.883565Z,KXBTC15M-26OCT050000-00,0.0030,15.00,no
2026-10-05T03:58:26.883565Z,KXBTC15M-26OCT050000-00,0.0030,0.01,no
2026-10-05T03:58:26.883565Z,KXBTC15M-26OCT050000-00,0.0030,15.00,no
2026-10-05T03:58:26.883565Z,KXBTC15M-26OCT050000-00,0.0030,15.00,no
2026-10-05T03:58:26.883565Z,KXBTC15M-26OCT050000-00,0.0030,238.18,no
2026-10-05T03:58:26.887345Z,KXBTC15M-26OCT050000-00,0.0040,10.00,yes
2026-10-05T03:58:26.89068Z,KXBTC15M-26OCT050000-00,0.0040,5.00,yes
2026-10-05T03:58:26.894261Z,KXBTC15M-26OCT050000-00,0.0030,0.01,no
2026-10-05T03:58:26.894261Z,KXBTC15M-26OCT050000-00,0.0030,0.01,no
2026-10-05T03:58:26.898185Z,KXBTC15M-26OCT050000-00,0.0030,7.77,yes
2026-10-05T03:58:26.904492Z,KXBTC15M-26OCT050000-00,0.0030,33.79,yes
2026-10-05T03:58:26.908098Z,KXBTC15M-26OCT050000-00,0.0020,24.00,no
2026-10-05T03:58:26.928108Z,KXBTC15M-26OCT050000-00,0.0020,9.82,no
2026-10-05T03:58:26.932603Z,KXBTC15M-26OCT050000-00,0.0030,24.00,yes
2026-10-05T03:58:26.932603Z,KXBTC15M-26OCT050000-00,0.0030,0.01,yes
2026-10-05T03:58:26.932603Z,KXBTC15M-26OCT050000-00,0.0040,0.92,yes
2026-10-05T03:58:26.932603Z,KXBTC15M-26OCT050000-00,0.0040,2.00,yes
2026-10-05T03:58:26.932603Z,KXBTC15M-26OCT050000-00,0.0030,0.01,yes
2026-10-05T03:58:26.932603Z,KXBTC15M-26OCT050000-00,0.0030,160.03,yes
2026-10-05T03:58:26.933864Z,KXBTC15M-26OCT050000-00,0.0020,6.92,no
2026-10-05T03:58:26.942189Z,KXBTC15M-26OCT050000-00,0.0030,6.00,yes
2026-10-05T03:58:26.971895Z,KXBTC15M-26OCT050000-00,0.0030,0.92,yes
2026-10-05T03:58:26.997404Z,KXBTC15M-26OCT050000-00,0.0040,0.01,yes
2026-10-05T03:58:26.997404Z,KXBTC15M-26OCT050000-00,0.0040,0.01,yes
2026-10-05T03:58:26.997404Z,KXBTC15M-26OCT050000-00,0.0030,15.00,yes
2026-10-05T03:58:26.997404Z,KXBTC15M-26OCT050000-00,0.0030,7.00,yes
2026-10-05T03:58:26.997404Z,KXBTC15M-26OCT050000-00,0.0040,151.00,yes
2026-10-05T03:58:26.997404Z,KXBTC15M-26OCT050000-00,0.0030,15.00,yes
2026-10-05T03:58:26.997404Z,KXBTC15M-26OCT050000-00,0.0030,0.08,yes
2026-10-05T03:58:26.997404Z,KXBTC15M-26OCT050000-00,0.0030,9.82,yes
2026-10-05T03:58:26.997404Z,KXBTC15M-26OCT050000-00,0.0030,6.92,yes
2026-10-05T03:58:27.030852Z,KXBTC15M-26OCT050000-00,0.0030,209.41,yes
2026-10-05T03:58:27.042655Z,KXBTC15M-26OCT050000-00,0.0030,3.99,yes
2026-10-05T03:58:27.047845Z,KXBTC15M-26OCT050000-00,0.0030,0.02,yes
2026-10-05T03:58:27.051306Z,KXBTC15M-26OCT050000-00,0.0030,36.33,yes
2026-10-05T03:58:27.052674Z,KXBTC15M-26OCT050000-00,0.0030,0.02,yes
2026-10-05T03:58:27.077588Z,KXBTC15M-26OCT050000-00,0.0030,0.02,yes
2026-10-05T03:58:27.081821Z,KXBTC15M-26OCT050000-00,0.0030,25.82,yes
2026-10-05T03:58:27.117293Z,KXBTC15M-26OCT050000-00,0.0030,27.80,yes
2026-10-05T03:58:27.121413Z,KXBTC15M-26OCT050000-00,0.0030,210.38,yes
2026-10-05T03:58:27.121413Z,KXBTC15M-26OCT050000-00,0.0030,15.00,yes
2026-10-05T03:58:27.121413Z,KXBTC15M-26OCT050000-00,0.0030,1.36,yes
2026-10-05T03:58:27.161692Z,KXBTC15M-26OCT050000-00,0.0030,10.00,yes
2026-10-05T03:58:27.193519Z,KXBTC15M-26OCT050000-00,0.0030,38.55,yes
2026-10-05T03:58:27.198033Z,KXBTC15M-26OCT050000-00,0.0030,83.09,yes
2026-10-05T03:58:27.198033Z,KXBTC15M-26OCT050000-00,0.0030,15.00,yes
2026-10-05T03:58:27.198033Z,KXBTC15M-26OCT050000-00,0.0030,30.76,yes
2026-10-05T03:58:27.233186Z,KXBTC15M-26OCT050000-00,0.0030,186.97,yes
2026-10-05T03:58:27.257551Z,KXBTC15M-26OCT050000-00,0.0030,363.27,yes
2026-10-05T03:58:27.257551Z,KXBTC15M-26OCT050000-00,0.0030,15.00,yes
2026-10-05T03:58:27.257551Z,KXBTC15M-26OCT050000-00,0.0040,14.00,yes
2026-10-05T03:58:27.257551Z,KXBTC15M-26OCT050000-00,0.0040,147.00,yes
2026-10-05T03:58:27.257551Z,KXBTC15M-26OCT050000-00,0.0040,9.82,yes
2026-10-05T03:58:27.257551Z,KXBTC15M-26OCT050000-00,0.0040,115.00,yes
2026-10-05T03:58:27.257551Z,KXBTC15M-26OCT050000-00,0.0030,2104.40,yes
2026-10-05T03:58:27.257551Z,KXBTC15M-26OCT050000-00,0.0050,208.51,yes
2026-10-05T03:58:27.257551Z,KXBTC15M-26OCT050000-00,0.0040,23.00,yes
2026-10-05T03:58:27.27654Z,KXBTC15M-26OCT050000-00,0.0050,111.00,yes
2026-10-05T03:58:27.281243Z,KXBTC15M-26OCT050000-00,0.0050,141.78,yes
2026-10-05T03:58:27.299555Z,KXBTC15M-26OCT050000-00,0.0050,10.64,yes
2026-10-05T03:58:27.325913Z,KXBTC15M-26OCT050000-00,0.0050,45.15,yes
2026-10-05T03:58:27.417714Z,KXBTC15M-26OCT050000-00,0.0040,0.01,no
2026-10-05T03:58:27.417714Z,KXBTC15M-26OCT050000-00,0.0030,200.00,no
2026-10-05T03:58:27.417714Z,KXBTC15M-26OCT050000-00,0.0040,400.00,no
2026-10-05T03:58:27.417714Z,KXBTC15M-26OCT050000-00,0.0040,200.00,no
2026-10-05T03:58:27.417714Z,KXBTC15M-26OCT050000-00,0.0040,0.01,no
2026-10-05T03:58:27.417714Z,KXBTC15M-26OCT050000-00,0.0030,17.00,no
2026-10-05T03:58:27.417714Z,KXBTC15M-26OCT050000-00,0.0030,25.00,no
2026-10-05T03:58:27.417714Z,KXBTC15M-26OCT050000-00,0.0040,335.22,no
2026-10-05T03:58:27.435046Z,KXBTC15M-26OCT050000-00,0.0020,21.88,no
2026-10-05T03:58:27.444871Z,KXBTC15M-26OCT050000-00,0.0020,11.75,no
2026-10-05T03:58:27.501405Z,KXBTC15M-26OCT050000-00,0.0030,170.00,yes
2026-10-05T03:58:27.503529Z,KXBTC15M-26OCT050000-00,0.0030,268.18,yes
2026-10-05T03:58:27.536092Z,KXBTC15M-26OCT050000-00,0.0030,31.91,yes
2026-10-05T03:58:27.53773Z,KXBTC15M-26OCT050000-00,0.0030,194.60,yes
2026-10-05T03:58:27.587984Z,KXBTC15M-26OCT050000-00,0.0020,19035.41,no
2026-10-05T03:58:27.587985Z,KXBTC15M-26OCT050000-00,0.0030,137.78,yes
2026-10-05T03:58:27.58798Z,KXBTC15M-26OCT050000-00,0.0030,23.37,yes
2026-10-05T03:58:27.623862Z,KXBTC15M-26OCT050000-00,0.0030,108.00,yes
2026-10-05T03:58:27.674651Z,KXBTC15M-26OCT050000-00,0.0030,3.26,yes
2026-10-05T03:58:27.676037Z,KXBTC15M-26OCT050000-00,0.0030,102.83,yes
2026-10-05T03:58:27.721968Z,KXBTC15M-26OCT050000-00,0.0030,93.98,yes
2026-10-05T03:58:27.774722Z,KXBTC15M-26OCT050000-00,0.0030,16.90,yes
2026-10-05T03:58:27.779882Z,KXBTC15M-26OCT050000-00,0.0020,102.73,no
2026-10-05T03:58:27.7809Z,KXBTC15M-26OCT050000-00,0.0020,17.48,no
2026-10-05T03:58:27.78372Z,KXBTC15M-26OCT050000-00,0.0030,15.00,yes
2026-10-05T03:58:27.78372Z,KXBTC15M-26OCT050000-00,0.0030,343.04,yes
2026-10-05T03:58:27.78372Z,KXBTC15M-26OCT050000-00,0.0030,11.75,yes
2026-10-05T03:58:27.78372Z,KXBTC15M-26OCT050000-00,0.0030,0.01,yes
2026-10-05T03:58:27.78372Z,KXBTC15M-26OCT050000-00,0.0030,1103.95,yes
2026-10-05T03:58:27.78372Z,KXBTC15M-26OCT050000-00,0.0030,0.01,yes
2026-10-05T03:58:27.78372Z,KXBTC15M-26OCT050000-00,0.0030,21.88,yes
2026-10-05T03:58:27.848296Z,KXBTC15M-26OCT050000-00,0.0030,130.23,yes
2026-10-05T03:58:27.853507Z,KXBTC15M-26OCT050000-00,0.0030,1207.33,yes
2026-10-05T03:58:27.855669Z,KXBTC15M-26OCT050000-00,0.0030,37.39,yes
2026-10-05T03:58:27.875945Z,KXBTC15M-26OCT050000-00,0.0030,65.00,yes
2026-10-05T03:58:27.926268Z,KXBTC15M-26OCT050000-00,0.0030,85.51,yes
2026-10-05T03:58:27.931812Z,KXBTC15M-26OCT050000-00,0.0030,216.95,yes
2026-10-05T03:58:27.951785Z,KXBTC15M-26OCT050000-00,0.0020,0.35,no
2026-10-05T03:58:27.971523Z,KXBTC15M-26OCT050000-00,0.0030,41.93,yes
2026-10-05T03:58:28.133097Z,KXBTC15M-26OCT050000-00,0.0030,35.91,yes
2026-10-05T03:58:28.169155Z,KXBTC15M-26OCT050000-00,0.0020,240.00,no
2026-10-05T03:58:28.18154Z,KXBTC15M-26OCT050000-00,0.0030,47.86,yes
2026-10-05T03:58:28.22969Z,KXBTC15M-26OCT050000-00,0.0030,31.16,yes
2026-10-05T03:58:28.234401Z,KXBTC15M-26OCT050000-00,0.0030,20.10,yes
2026-10-05T03:58:28.260503Z,KXBTC15M-26OCT050000-00,0.0030,345.86,yes
2026-10-05T03:58:28.260644Z,KXBTC15M-26OCT050000-00,0.0030,79.40,yes
2026-10-05T03:58:28.304236Z,KXBTC15M-26OCT050000-00,0.0030,305.35,yes
2026-10-05T03:58:28.308302Z,KXBTC15M-26OCT050000-00,0.0030,30.53,yes
2026-10-05T03:58:28.319946Z,KXBTC15M-26OCT050000-00,0.0030,159.57,yes
2026-10-05T03:58:28.353462Z,KXBTC15M-26OCT050000-00,0.0030,9.65,yes
2026-10-05T03:58:28.403718Z,KXBTC15M-26OCT050000-00,0.0020,1.00,no
2026-10-05T03:58:28.431999Z,KXBTC15M-26OCT050000-00,0.0030,19.26,yes
2026-10-05T03:58:28.46464Z,KXBTC15M-26OCT050000-00,0.0030,1126.07,yes
2026-10-05T03:58:28.482909Z,KXBTC15M-26OCT050000-00,0.0020,674.81,no
2026-10-05T03:58:28.482909Z,KXBTC15M-26OCT050000-00,0.0020,327.05,no
2026-10-05T03:58:28.484317Z,KXBTC15M-26OCT050000-00,0.0030,35.98,yes
2026-10-05T03:58:28.493342Z,KXBTC15M-26OCT050000-00,0.0030,1.00,yes
2026-10-05T03:58:28.493342Z,KXBTC15M-26OCT050000-00,0.0030,240.00,yes
2026-10-05T03:58:28.493342Z,KXBTC15M-26OCT050000-00,0.0030,674.81,yes
2026-10-05T03:58:28.493342Z,KXBTC15M-26OCT050000-00,0.0030,14661.33,yes
2026-10-05T03:58:28.493342Z,KXBTC15M-26OCT050000-00,0.0030,15.00,yes
2026-10-05T03:58:28.493342Z,KXBTC15M-26OCT050000-00,0.0030,997.96,yes
2026-10-05T03:58:28.493342Z,KXBTC15M-26OCT050000-00,0.0030,0.35,yes
2026-10-05T03:58:28.493342Z,KXBTC15M-26OCT050000-00,0.0030,17.48,yes
2026-10-05T03:58:28.493342Z,KXBTC15M-26OCT050000-00,0.0030,2736.58,yes
2026-10-05T03:58:28.493342Z,KXBTC15M-26OCT050000-00,0.0030,102.73,yes
2026-10-05T03:58:28.493342Z,KXBTC15M-26OCT050000-00,0.0050,8818.71,yes
2026-10-05T03:58:28.493342Z,KXBTC15M-26OCT050000-00,0.0030,162.06,yes
2026-10-05T03:58:28.501504Z,KXBTC15M-26OCT050000-00,0.0040,25.40,yes
2026-10-05T03:58:28.504569Z,KXBTC15M-26OCT050000-00,0.0020,133.24,no
2026-10-05T03:58:28.506876Z,KXBTC15M-26OCT050000-00,0.0020,1.00,no
2026-10-05T03:58:28.52833Z,KXBTC15M-26OCT050000-00,0.0020,2003.72,no
2026-10-05T03:58:28.542306Z,KXBTC15M-26OCT050000-00,0.0030,133.24,yes
2026-10-05T03:58:28.542306Z,KXBTC15M-26OCT050000-00,0.0030,327.05,yes
2026-10-05T03:58:28.542306Z,KXBTC15M-26OCT050000-00,0.0030,32.99,yes
2026-10-05T03:58:28.542306Z,KXBTC15M-26OCT050000-00,0.0030,1.00,yes
2026-10-05T03:58:28.547023Z,KXBTC15M-26OCT050000-00,0.0020,90.67,no
2026-10-05T03:58:28.547024Z,KXBTC15M-26OCT050000-00,0.0020,15.47,no
2026-10-05T03:58:28.550556Z,KXBTC15M-26OCT050000-00,0.0030,305.35,yes
2026-10-05T03:58:28.551786Z,KXBTC15M-26OCT050000-00,0.0030,6.55,yes
2026-10-05T03:58:28.552871Z,KXBTC15M-26OCT050000-00,0.0030,28.36,yes
2026-10-05T03:58:28.555479Z,KXBTC15M-26OCT050000-00,0.0030,305.35,yes
2026-10-05T03:58:28.561501Z,KXBTC15M-26OCT050000-00,0.0030,28.94,yes
2026-10-05T03:58:28.571104Z,KXBTC15M-26OCT050000-00,0.0030,1155.48,yes
2026-10-05T03:58:28.576487Z,KXBTC15M-26OCT050000-00,0.0030,128.00,yes
2026-10-05T03:58:28.62006Z,KXBTC15M-26OCT050000-00,0.0020,29.59,no
2026-10-05T03:58:28.647521Z,KXBTC15M-26OCT050000-00,0.0020,901.67,no
2026-10-05T03:58:28.693441Z,KXBTC15M-26OCT050000-00,0.0030,12.70,yes
2026-10-05T03:58:28.693441Z,KXBTC15M-26OCT050000-00,0.0030,15.47,yes
2026-10-05T03:58:28.693441Z,KXBTC15M-26OCT050000-00,0.0030,1.00,yes
2026-10-05T03:58:28.712169Z,KXBTC15M-26OCT050000-00,0.0030,89.67,yes
2026-10-05T03:58:28.712169Z,KXBTC15M-26OCT050000-00,0.0030,29.59,yes
2026-10-05T03:58:28.712169Z,KXBTC15M-26OCT050000-00,0.0030,250.22,yes
2026-10-05T03:58:28.718137Z,KXBTC15M-26OCT050000-00,0.0020,82.77,no
2026-10-05T03:58:28.734445Z,KXBTC15M-26OCT050000-00,0.0030,77.04,yes
2026-10-05T03:58:28.773315Z,KXBTC15M-26OCT050000-00,0.0030,30.77,yes
2026-10-05T03:58:28.806376Z,KXBTC15M-26OCT050000-00,0.0020,4.00,no
2026-10-05T03:58:28.811672Z,KXBTC15M-26OCT050000-00,0.0020,6570.73,no
2026-10-05T03:58:28.815051Z,KXBTC15M-26OCT050000-00,0.0030,60.22,yes
2026-10-05T03:58:28.83358Z,KXBTC15M-26OCT050000-00,0.0030,1535.56,yes
2026-10-05T03:58:28.83358Z,KXBTC15M-26OCT050000-00,0.0030,82.77,yes
2026-10-05T03:58:28.83358Z,KXBTC15M-26OCT050000-00,0.0030,483.42,yes
2026-10-05T03:58:28.83358Z,KXBTC15M-26OCT050000-00,0.0030,894.25,yes
2026-10-05T03:58:28.83358Z,KXBTC15M-26OCT050000-00,0.0030,4.00,yes
2026-10-05T03:58:28.87927Z,KXBTC15M-26OCT050000-00,0.0020,4.57,no
2026-10-05T03:58:28.904333Z,KXBTC15M-26OCT050000-00,0.0030,30.53,yes
2026-10-05T03:58:28.92286Z,KXBTC15M-26OCT050000-00,0.0030,28.59,yes
2026-10-05T03:58:28.94353Z,KXBTC15M-26OCT050000-00,0.0030,305.35,yes
2026-10-05T03:58:28.971736Z,KXBTC15M-26OCT050000-00,0.0030,20.20,yes
2026-10-05T03:58:28.993892Z,KXBTC15M-26OCT050000-00,0.0030,26.54,yes
2026-10-05T03:58:29.05483Z,KXBTC15M-26OCT050000-00,0.0030,610.72,yes
2026-10-05T03:58:29.072587Z,KXBTC15M-26OCT050000-00,0.0020,5.00,no
2026-10-05T03:58:29.074573Z,KXBTC15M-26OCT050000-00,0.0020,223.10,no
2026-10-05T03:58:29.075622Z,KXBTC15M-26OCT050000-00,0.0020,150.27,no
2026-10-05T03:58:29.111286Z,KXBTC15M-26OCT050000-00,0.0030,69.57,yes
2026-10-05T03:58:29.126227Z,KXBTC15M-26OCT050000-00,0.0020,33.31,no
2026-10-05T03:58:29.133067Z,KXBTC15M-26OCT050000-00,0.0030,310.00,yes
2026-10-05T03:58:29.140925Z,KXBTC15M-26OCT050000-00,0.0020,2005.00,no
2026-10-05T03:58:29.142175Z,KXBTC15M-26OCT050000-00,0.0030,52.29,yes
2026-10-05T03:58:29.150931Z,KXBTC15M-26OCT050000-00,0.0020,20.03,no
2026-10-05T03:58:29.172173Z,KXBTC15M-26OCT050000-00,0.0030,54.48,yes
2026-10-05T03:58:29.180219Z,KXBTC15M-26OCT050000-00,0.0030,32.11,yes
2026-10-05T03:58:29.186887Z,KXBTC15M-26OCT050000-00,0.0030,797.43,yes
2026-10-05T03:58:29.245598Z,KXBTC15M-26OCT050000-00,0.0030,7.97,yes
2026-10-05T03:58:29.28706Z,KXBTC15M-26OCT050000-00,0.0030,11.03,yes
2026-10-05T03:58:29.290982Z,KXBTC15M-26OCT050000-00,0.0030,58.25,yes
2026-10-05T03:58:29.313138Z,KXBTC15M-26OCT050000-00,0.0030,60.04,yes
2026-10-05T03:58:29.338075Z,KXBTC15M-26OCT050000-00,0.0030,30.16,yes
2026-10-05T03:58:29.374986Z,KXBTC15M-26OCT050000-00,0.0030,1059.18,yes
2026-10-05T03:58:29.404835Z,KXBTC15M-26OCT050000-00,0.0030,1.99,yes
2026-10-05T03:58:29.411276Z,KXBTC15M-26OCT050000-00,0.0030,113.24,yes
2026-10-05T03:58:29.431396Z,KXBTC15M-26OCT050000-00,0.0030,1355.50,yes
2026-10-05T03:58:29.431396Z,KXBTC15M-26OCT050000-00,0.0030,4.57,yes
2026-10-05T03:58:29.431396Z,KXBTC15M-26OCT050000-00,0.0030,161.73,yes
2026-10-05T03:58:29.431396Z,KXBTC15M-26OCT050000-00,0.0030,5.00,yes
2026-10-05T03:58:29.487906Z,KXBTC15M-26OCT050000-00,0.0030,15.95,yes
2026-10-05T03:58:29.516665Z,KXBTC15M-26OCT050000-00,0.0020,10.01,no
2026-10-05T03:58:29.522046Z,KXBTC15M-26OCT050000-00,0.0020,10.93,no
2026-10-05T03:58:29.562783Z,KXBTC15M-26OCT050000-00,0.0030,20.10,yes
2026-10-05T03:58:29.602292Z,KXBTC15M-26OCT050000-00,0.0020,6.70,no
2026-10-05T03:58:29.637873Z,KXBTC15M-26OCT050000-00,0.0030,33.31,yes
2026-10-05T03:58:29.637873Z,KXBTC15M-26OCT050000-00,0.0030,96.45,yes
2026-10-05T03:58:29.637873Z,KXBTC15M-26OCT050000-00,0.0030,150.27,yes
2026-10-05T03:58:29.637873Z,KXBTC15M-26OCT050000-00,0.0030,25.32,yes
2026-10-05T03:58:29.685682Z,KXBTC15M-26OCT050000-00,0.0030,155.79,yes
2026-10-05T03:58:29.715409Z,KXBTC15M-26OCT050000-00,0.0030,311.64,yes
2026-10-05T03:58:29.719626Z,KXBTC15M-26OCT050000-00,0.0030,468.98,yes
2026-10-05T03:58:29.738098Z,KXBTC15M-26OCT050000-00,0.0030,305.35,yes
2026-10-05T03:58:29.778737Z,KXBTC15M-26OCT050000-00,0.0030,27.49,yes
2026-10-05T03:58:29.852381Z,KXBTC15M-26OCT050000-00,0.0050,273.00,yes
2026-10-05T03:58:29.852381Z,KXBTC15M-26OCT050000-00,0.0050,15.00,yes
2026-10-05T03:58:29.852381Z,KXBTC15M-26OCT050000-00,0.0030,10.01,yes
2026-10-05T03:58:29.852381Z,KXBTC15M-26OCT050000-00,0.0030,20.03,yes
2026-10-05T03:58:29.852381Z,KXBTC15M-26OCT050000-00,0.0030,639.30,yes
2026-10-05T03:58:29.852381Z,KXBTC15M-26OCT050000-00,0.0030,6.70,yes
2026-10-05T03:58:29.852381Z,KXBTC15M-26OCT050000-00,0.0050,19.00,yes
2026-10-05T03:58:29.852381Z,KXBTC15M-26OCT050000-00,0.0060,599.43,yes
2026-10-05T03:58:29.852381Z,KXBTC15M-26OCT050000-00,0.0030,10.93,yes
2026-10-05T03:58:29.852381Z,KXBTC15M-26OCT050000-00,0.0050,178.21,yes
2026-10-05T03:58:29.858315Z,KXBTC15M-26OCT050000-00,0.0060,300.00,yes
2026-10-05T03:58:29.938629Z,KXBTC15M-26OCT050000-00,0.0050,106.61,yes
2026-10-05T03:58:29.947239Z,KXBTC15M-26OCT050000-00,0.0050,108.42,yes
2026-10-05T03:58:29.990228Z,KXBTC15M-26OCT050000-00,0.0050,4.47,yes
2026-10-05T03:58:30.024996Z,KXBTC15M-26OCT050000-00,0.0030,25.00,no
2026-10-05T03:58:30.024996Z,KXBTC15M-26OCT050000-00,0.0030,58.00,no
2026-10-05T03:58:30.024996Z,KXBTC15M-26OCT050000-00,0.0040,0.01,no
2026-10-05T03:58:30.024996Z,KXBTC15M-26OCT050000-00,0.0040,0.01,no
2026-10-05T03:58:30.024996Z,KXBTC15M-26OCT050000-00,0.0030,101.98,no
2026-10-05T03:58:30.024996Z,KXBTC15M-26OCT050000-00,0.0030,15.00,no
2026-10-05T03:58:30.029209Z,KXBTC15M-26OCT050000-00,0.0030,25.52,no
2026-10-05T03:58:30.072766Z,KXBTC15M-26OCT050000-00,0.0040,52.53,no
2026-10-05T03:58:30.072766Z,KXBTC15M-26OCT050000-00,0.0040,0.01,no
2026-10-05T03:58:30.072766Z,KXBTC15M-26OCT050000-00,0.0040,0.01,no
2026-10-05T03:58:30.073387Z,KXBTC15M-26OCT050000-00,0.0020,76.40,no
2026-10-05T03:58:30.073387Z,KXBTC15M-26OCT050000-00,0.0040,226.51,no
2026-10-05T03:58:30.073387Z,KXBTC15M-26OCT050000-00,0.0040,20.00,no
2026-10-05T03:58:30.073387Z,KXBTC15M-26OCT050000-00,0.0030,372.50,no
2026-10-05T03:58:30.073387Z,KXBTC15M-26OCT050000-00,0.0030,200.00,no
2026-10-05T03:58:30.083399Z,KXBTC15M-26OCT050000-00,0.0040,0.01,no
2026-10-05T03:58:30.083399Z,KXBTC15M-26OCT050000-00,0.0030,0.01,no
2026-10-05T03:58:30.083399Z,KXBTC15M-26OCT050000-00,0.0040,20.00,no
2026-10-05T03:58:30.096492Z,KXBTC15M-26OCT050000-00,0.0040,191.69,yes
2026-10-05T03:58:30.096492Z,KXBTC15M-26OCT050000-00,0.0030,56.38,yes
2026-10-05T03:58:30.096492Z,KXBTC15M-26OCT050000-00,0.0030,0.01,yes
2026-10-05T03:58:30.096492Z,KXBTC15M-26OCT050000-00,0.0030,0.01,yes
2026-10-05T03:58:30.143839Z,KXBTC15M-26OCT050000-00,0.0020,11.79,no
2026-10-05T03:58:30.176289Z,KXBTC15M-26OCT050000-00,0.0050,200.00,yes
2026-10-05T03:58:30.176289Z,KXBTC15M-26OCT050000-00,0.0050,145.11,yes
2026-10-05T03:58:30.176289Z,KXBTC15M-26OCT050000-00,0.0040,0.01,yes
2026-10-05T03:58:30.176289Z,KXBTC15M-26OCT050000-00,0.0050,0.01,yes
2026-10-05T03:58:30.176289Z,KXBTC15M-26OCT050000-00,0.0040,0.01,yes
2026-10-05T03:58:30.176289Z,KXBTC15M-26OCT050000-00,0.0040,23.00,yes
2026-10-05T03:58:30.176289Z,KXBTC15M-26OCT050000-00,0.0050,0.01,yes
2026-10-05T03:58:30.176289Z,KXBTC15M-26OCT050000-00,0.0030,11.79,yes
2026-10-05T03:58:30.176289Z,KXBTC15M-26OCT050000-00,0.0050,213.00,yes
2026-10-05T03:58:30.176289Z,KXBTC15M-26OCT050000-00,0.0060,1414.98,yes
2026-10-05T03:58:30.176289Z,KXBTC15M-26OCT050000-00,0.0050,53.50,yes
2026-10-05T03:58:30.176289Z,KXBTC15M-26OCT050000-00,0.0050,97.00,yes
2026-10-05T03:58:30.214776Z,KXBTC15M-26OCT050000-00,0.0020,1.00,no
2026-10-05T03:58:30.230628Z,KXBTC15M-26OCT050000-00,0.0030,0.10,yes
2026-10-05T03:58:30.237131Z,KXBTC15M-26OCT050000-00,0.0030,0.90,yes
2026-10-05T03:58:30.237131Z,KXBTC15M-26OCT050000-00,0.0040,4.56,yes
2026-10-05T03:58:30.308999Z,KXBTC15M-26OCT050000-00,0.0020,30.00,no
2026-10-05T03:58:30.315047Z,KXBTC15M-26OCT050000-00,0.0020,373.97,no
2026-10-05T03:58:30.329831Z,KXBTC15M-26OCT050000-00,0.0030,7.37,yes
2026-10-05T03:58:30.340688Z,KXBTC15M-26OCT050000-00,0.0030,30.00,yes
2026-10-05T03:58:30.340688Z,KXBTC15M-26OCT050000-00,0.0030,4.23,yes
2026-10-05T03:58:30.340688Z,KXBTC15M-26OCT050000-00,0.0030,132.63,yes
2026-10-05T03:58:30.355411Z,KXBTC15M-26OCT050000-00,0.0030,154.85,yes
2026-10-05T03:58:30.378772Z,KXBTC15M-26OCT050000-00,0.0020,25.04,no
2026-10-05T03:58:30.383586Z,KXBTC15M-26OCT050000-00,0.0020,1.00,no
2026-10-05T03:58:30.399015Z,KXBTC15M-26OCT050000-00,0.0020,1.55,no
2026-10-05T03:58:30.405931Z,KXBTC15M-26OCT050000-00,0.0020,7.44,no
2026-10-05T03:58:30.42822Z,KXBTC15M-26OCT050000-00,0.0030,5.38,yes
2026-10-05T03:58:30.478855Z,KXBTC15M-26OCT050000-00,0.0020,0.02,no
2026-10-05T03:58:30.478907Z,KXBTC15M-26OCT050000-00,0.0020,0.02,no
2026-10-05T03:58:30.478911Z,KXBTC15M-26OCT050000-00,0.0020,0.02,no
2026-10-05T03:58:30.480304Z,KXBTC15M-26OCT050000-00,0.0020,0.02,no
2026-10-05T03:58:30.480532Z,KXBTC15M-26OCT050000-00,0.0020,0.02,no
2026-10-05T03:58:30.483231Z,KXBTC15M-26OCT050000-00,0.0020,0.02,no
2026-10-05T03:58:30.502409Z,KXBTC15M-26OCT050000-00,0.0030,1.55,yes
2026-10-05T03:58:30.502409Z,KXBTC15M-26OCT050000-00,0.0030,7.44,yes
2026-10-05T03:58:30.502409Z,KXBTC15M-26OCT050000-00,0.0030,209.51,yes
2026-10-05T03:58:30.502409Z,KXBTC15M-26OCT050000-00,0.0030,25.04,yes
2026-10-05T03:58:30.502409Z,KXBTC15M-26OCT050000-00,0.0030,1.00,yes
2026-10-05T03:58:30.502409Z,KXBTC15M-26OCT050000-00,0.0030,129.41,yes
2026-10-05T03:58:30.526466Z,KXBTC15M-26OCT050000-00,0.0020,18.60,no
2026-10-05T03:58:30.688506Z,KXBTC15M-26OCT050000-00,0.0030,0.02,yes
2026-10-05T03:58:30.688506Z,KXBTC15M-26OCT050000-00,0.0030,18.60,yes
2026-10-05T03:58:30.688506Z,KXBTC15M-26OCT050000-00,0.0030,0.02,yes
2026-10-05T03:58:30.688506Z,KXBTC15M-26OCT050000-00,0.0030,0.02,yes
2026-10-05T03:58:30.688506Z,KXBTC15M-26OCT050000-00,0.0030,0.02,yes
2026-10-05T03:58:30.688506Z,KXBTC15M-26OCT050000-00,0.0030,0.02,yes
2026-10-05T03:58:30.688506Z,KXBTC15M-26OCT050000-00,0.0030,0.02,yes
2026-10-05T03:58:30.688506Z,KXBTC15M-26OCT050000-00,0.0030,220.98,yes
2026-10-05T03:58:30.694061Z,KXBTC15M-26OCT050000-00,0.0020,12.56,no
2026-10-05T03:58:30.698849Z,KXBTC15M-26OCT050000-00,0.0020,100.00,no
2026-10-05T03:58:30.784831Z,KXBTC15M-26OCT050000-00,0.0030,12.00,yes
2026-10-05T03:58:30.862416Z,KXBTC15M-26OCT050000-00,0.0030,51.80,yes
2026-10-05T03:58:30.862416Z,KXBTC15M-26OCT050000-00,0.0030,0.56,yes
2026-10-05T03:58:30.981418Z,KXBTC15M-26OCT050000-00,0.0030,25.14,yes
2026-10-05T03:58:31.028605Z,KXBTC15M-26OCT050000-00,0.0020,101.23,no
2026-10-05T03:58:31.053947Z,KXBTC15M-26OCT050000-00,0.0020,15.88,no
2026-10-05T03:58:31.059488Z,KXBTC15M-26OCT050000-00,0.0020,20.00,no
2026-10-05T03:58:31.103143Z,KXBTC15M-26OCT050000-00,0.0020,581.00,no
2026-10-05T03:58:31.106087Z,KXBTC15M-26OCT050000-00,0.0030,17.28,yes
2026-10-05T03:58:31.230564Z,KXBTC15M-26OCT050000-00,0.0020,23.42,no
2026-10-05T03:58:31.235494Z,KXBTC15M-26OCT050000-00,0.0020,11.44,no
2026-10-05T03:58:31.284813Z,KXBTC15M-26OCT050000-00,0.0020,6.00,no
2026-10-05T03:58:31.321693Z,KXBTC15M-26OCT050000-00,0.0030,72.11,yes
2026-10-05T03:58:31.321693Z,KXBTC15M-26OCT050000-00,0.0030,5.78,yes
2026-10-05T03:58:31.337619Z,KXBTC15M-26OCT050000-00,0.0030,3.45,yes
2026-10-05T03:58:31.36852Z,KXBTC15M-26OCT050000-00,0.0030,0.65,yes
2026-10-05T03:58:31.36852Z,KXBTC15M-26OCT050000-00,0.0030,25.67,yes
2026-10-05T03:58:31.403807Z,KXBTC15M-26OCT050000-00,0.0030,6.03,yes
2026-10-05T03:58:31.428604Z,KXBTC15M-26OCT050000-00,0.0030,25.07,yes
2026-10-05T03:58:31.428604Z,KXBTC15M-26OCT050000-00,0.0030,20.00,yes
2026-10-05T03:58:31.428604Z,KXBTC15M-26OCT050000-00,0.0030,9.20,yes
2026-10-05T03:58:31.456298Z,KXBTC15M-26OCT050000-00,0.0030,33.88,yes
2026-10-05T03:58:31.469659Z,KXBTC15M-26OCT050000-00,0.0030,244.52,yes
2026-10-05T03:58:31.470962Z,KXBTC15M-26OCT050000-00,0.0040,200.00,yes
2026-10-05T03:58:31.470962Z,KXBTC15M-26OCT050000-00,0.0030,11.44,yes
2026-10-05T03:58:31.470962Z,KXBTC15M-26OCT050000-00,0.0030,23.42,yes
2026-10-05T03:58:31.470962Z,KXBTC15M-26OCT050000-00,0.0030,277.53,yes
2026-10-05T03:58:31.470962Z,KXBTC15M-26OCT050000-00,0.0030,6.00,yes
2026-10-05T03:58:31.470962Z,KXBTC15M-26OCT050000-00,0.0050,15.00,yes
2026-10-05T03:58:31.470962Z,KXBTC15M-26OCT050000-00,0.0040,82.00,yes
2026-10-05T03:58:31.470962Z,KXBTC15M-26OCT050000-00,0.0050,19.00,yes
2026-10-05T03:58:31.470962Z,KXBTC15M-26OCT050000-00,0.0040,273.00,yes
2026-10-05T03:58:31.470962Z,KXBTC15M-26OCT050000-00,0.0060,210.78,yes
2026-10-05T03:58:31.480244Z,KXBTC15M-26OCT050000-00,0.0030,15.02,no
2026-10-05T03:58:31.555975Z,KXBTC15M-26OCT050000-00,0.0040,7.02,yes
2026-10-05T03:58:31.574341Z,KXBTC15M-26OCT050000-00,0.0030,1.98,no
2026-10-05T03:58:31.574341Z,KXBTC15M-26OCT050000-00,0.0030,0.02,no
2026-10-05T03:58:31.609196Z,KXBTC15M-26OCT050000-00,0.0040,78.36,yes
2026-10-05T03:58:31.639456Z,KXBTC15M-26OCT050000-00,0.0040,34.52,yes
2026-10-05T03:58:31.669581Z,KXBTC15M-26OCT050000-00,0.0040,65.90,yes
2026-10-05T03:58:31.673968Z,KXBTC15M-26OCT050000-00,0.0040,44.72,yes
2026-10-05T03:58:31.697224Z,KXBTC15M-26OCT050000-00,0.0030,14.98,no
2026-10-05T03:58:31.697224Z,KXBTC15M-26OCT050000-00,0.0030,0.01,no
2026-10-05T03:58:31.697224Z,KXBTC15M-26OCT050000-00,0.0030,15.00,no
2026-10-05T03:58:31.697224Z,KXBTC15M-26OCT050000-00,0.0030,0.01,no
2026-10-05T03:58:31.697224Z,KXBTC15M-26OCT050000-00,0.0030,125.33,no
2026-10-05T03:58:31.697224Z,KXBTC15M-26OCT050000-00,0.0030,25.00,no
2026-10-05T03:58:31.734349Z,KXBTC15M-26OCT050000-00,0.0020,3429.62,no
2026-10-05T03:58:31.734349Z,KXBTC15M-26OCT050000-00,0.0030,0.01,no
2026-10-05T03:58:31.734349Z,KXBTC15M-26OCT050000-00,0.0030,500.00,no
2026-10-05T03:58:31.734349Z,KXBTC15M-26OCT050000-00,0.0030,0.01,no
2026-10-05T03:58:31.734349Z,KXBTC15M-26OCT050000-00,0.0030,500.00,no
2026-10-05T03:58:31.734349Z,KXBTC15M-26OCT050000-00,0.0030,25.00,no
2026-10-05T03:58:31.734349Z,KXBTC15M-26OCT050000-00,0.0030,74.67,no
2026-10-05T03:58:31.734349Z,KXBTC15M-26OCT050000-00,0.0030,480.00,no
2026-10-05T03:58:31.735714Z,KXBTC15M-26OCT050000-00,0.0020,1.00,no
2026-10-05T03:58:31.745717Z,KXBTC15M-26OCT050000-00,0.0030,0.01,no
2026-10-05T03:58:31.745717Z,KXBTC15M-26OCT050000-00,0.0030,0.01,no
2026-10-05T03:58:31.80546Z,KXBTC15M-26OCT050000-00,0.0030,0.98,yes
2026-10-05T03:58:31.80546Z,KXBTC15M-26OCT050000-00,0.0030,6.41,yes
2026-10-05T03:58:31.814277Z,KXBTC15M-26OCT050000-00,0.0030,198.09,yes
2026-10-05T03:58:31.82796Z,KXBTC15M-26OCT050000-00,0.0020,8.10,no
2026-10-05T03:58:31.840651Z,KXBTC15M-26OCT050000-00,0.0030,46.83,yes
2026-10-05T03:58:31.852016Z,KXBTC15M-26OCT050000-00,0.0020,139.25,no
2026-10-05T03:58:31.895828Z,KXBTC15M-26OCT050000-00,0.0020,1.00,no
2026-10-05T03:58:31.953134Z,KXBTC15M-26OCT050000-00,0.0030,13.14,yes
2026-10-05T03:58:31.996109Z,KXBTC15M-26OCT050000-00,0.0030,305.35,yes
2026-10-05T03:58:32.001829Z,KXBTC15M-26OCT050000-00,0.0030,467.42,yes
2026-10-05T03:58:32.017665Z,KXBTC15M-26OCT050000-00,0.0020,38.68,no
2026-10-05T03:58:32.037303Z,KXBTC15M-26OCT050000-00,0.0030,615.48,yes
2026-10-05T03:58:32.046419Z,KXBTC15M-26OCT050000-00,0.0030,11.14,yes
2026-10-05T03:58:32.050156Z,KXBTC15M-26OCT050000-00,0.0020,59.39,no
2026-10-05T03:58:32.09075Z,KXBTC15M-26OCT050000-00,0.0020,38.00,no
2026-10-05T03:58:32.09269Z,KXBTC15M-26OCT050000-00,0.0030,2.08,yes
2026-10-05T03:58:32.099052Z,KXBTC15M-26OCT050000-00,0.0030,305.35,yes
2026-10-05T03:58:32.108059Z,KXBTC15M-26OCT050000-00,0.0030,14.00,yes
2026-10-05T03:58:32.13266Z,KXBTC15M-26OCT050000-00,0.0030,70.47,yes
2026-10-05T03:58:32.208522Z,KXBTC15M-26OCT050000-00,0.0020,0.02,no
2026-10-05T03:58:32.20914Z,KXBTC15M-26OCT050000-00,0.0020,0.02,no
2026-10-05T03:58:32.290995Z,KXBTC15M-26OCT050000-00,0.0030,3.00,yes
2026-10-05T03:58:32.300023Z,KXBTC15M-26OCT050000-00,0.0030,305.35,yes
2026-10-05T03:58:32.311958Z,KXBTC15M-26OCT050000-00,0.0030,86.52,yes
2026-10-05T03:58:32.315963Z,KXBTC15M-26OCT050000-00,0.0030,38.68,yes
2026-10-05T03:58:32.315963Z,KXBTC15M-26OCT050000-00,0.0030,643.72,yes
2026-10-05T03:58:32.315963Z,KXBTC15M-26OCT050000-00,0.0030,59.39,yes
2026-10-05T03:58:32.315963Z,KXBTC15M-26OCT050000-00,0.0030,0.01,yes
2026-10-05T03:58:32.315963Z,KXBTC15M-26OCT050000-00,0.0030,1.00,yes
2026-10-05T03:58:32.315963Z,KXBTC15M-26OCT050000-00,0.0030,0.01,yes
2026-10-05T03:58:32.315963Z,KXBTC15M-26OCT050000-00,0.0030,139.25,yes
2026-10-05T03:58:32.315963Z,KXBTC15M-26OCT050000-00,0.0030,978.99,yes
2026-10-05T03:58:32.315963Z,KXBTC15M-26OCT050000-00,0.0030,8.10,yes
2026-10-05T03:58:32.315963Z,KXBTC15M-26OCT050000-00,0.0030,10.03,yes
2026-10-05T03:58:32.316525Z,KXBTC15M-26OCT050000-00,0.0030,305.35,yes
2026-10-05T03:58:32.392807Z,KXBTC15M-26OCT050000-00,0.0020,80.00,no
2026-10-05T03:58:32.413119Z,KXBTC15M-26OCT050000-00,0.0020,1.06,no
2026-10-05T03:58:32.513582Z,KXBTC15M-26OCT050000-00,0.0030,293.09,yes
2026-10-05T03:58:32.553048Z,KXBTC15M-26OCT050000-00,0.0030,305.35,yes
2026-10-05T03:58:32.558241Z,KXBTC15M-26OCT050000-00,0.0030,887.03,yes
2026-10-05T03:58:32.615465Z,KXBTC15M-26OCT050000-00,0.0030,186.97,yes
2026-10-05T03:58:32.651943Z,KXBTC15M-26OCT050000-00,0.0030,151.62,yes
2026-10-05T03:58:32.665991Z,KXBTC15M-26OCT050000-00,0.0030,425.99,yes
2026-10-05T03:58:32.668653Z,KXBTC15M-26OCT050000-00,0.0020,0.93,no
2026-10-05T03:58:32.668881Z,KXBTC15M-26OCT050000-00,0.0020,100.18,no
2026-10-05T03:58:32.680783Z,KXBTC15M-26OCT050000-00,0.0030,305.35,yes
2026-10-05T03:58:32.729Z,KXBTC15M-26OCT050000-00,0.0060,166.67,yes
2026-10-05T03:58:32.729Z,KXBTC15M-26OCT050000-00,0.0030,100.18,yes
2026-10-05T03:58:32.729Z,KXBTC15M-26OCT050000-00,0.0030,0.01,yes
2026-10-05T03:58:32.729Z,KXBTC15M-26OCT050000-00,0.0030,128.64,yes
2026-10-05T03:58:32.729Z,KXBTC15M-26OCT050000-00,0.0050,15.00,yes
2026-10-05T03:58:32.729Z,KXBTC15M-26OCT050000-00,0.0030,0.01,yes
2026-10-05T03:58:32.729Z,KXBTC15M-26OCT050000-00,0.0050,19.00,yes
2026-10-05T03:58:32.729Z,KXBTC15M-26OCT050000-00,0.0030,38.00,yes
2026-10-05T03:58:32.729Z,KXBTC15M-26OCT050000-00,0.0030,80.00,yes
2026-10-05T03:58:32.729Z,KXBTC15M-26OCT050000-00,0.0030,0.02,yes
2026-10-05T03:58:32.729Z,KXBTC15M-26OCT050000-00,0.0030,1.06,yes
2026-10-05T03:58:32.729Z,KXBTC15M-26OCT050000-00,0.0030,0.93,yes
2026-10-05T03:58:32.729Z,KXBTC15M-26OCT050000-00,0.0030,0.02,yes
2026-10-05T03:58:32.729Z,KXBTC15M-26OCT050000-00,0.0050,105.00,yes
2026-10-05T03:58:32.729Z,KXBTC15M-26OCT050000-00,0.0050,273.00,yes
2026-10-05T03:58:32.776344Z,KXBTC15M-26OCT050000-00,0.0050,39.42,yes
2026-10-05T03:58:32.797385Z,KXBTC15M-26OCT050000-00,0.0030,20.59,no
2026-10-05T03:58:32.803999Z,KXBTC15M-26OCT050000-00,0.0050,331.42,yes
2026-10-05T03:58:32.803999Z,KXBTC15M-26OCT050000-00,0.0050,233.58,yes
2026-10-05T03:58:32.803999Z,KXBTC15M-26OCT050000-00,0.0040,35.00,yes
2026-10-05T03:58:32.807893Z,KXBTC15M-26OCT050000-00,0.0050,19.60,yes
2026-10-05T03:58:32.811832Z,KXBTC15M-26OCT050000-00,0.0040,287.67,yes
2026-10-05T03:58:32.868513Z,KXBTC15M-26OCT050000-00,0.0060,832.32,yes
2026-10-05T03:58:32.922354Z,KXBTC15M-26OCT050000-00,0.0030,11.99,no
2026-10-05T03:58:32.935917Z,KXBTC15M-26OCT050000-00,0.0060,5.04,yes
2026-10-05T03:58:32.972508Z,KXBTC15M-26OCT050000-00,0.0030,83.74,no
2026-10-05T03:58:32.989781Z,KXBTC15M-26OCT050000-00,0.0060,8.23,yes
2026-10-05T03:58:32.999486Z,KXBTC15M-26OCT050000-00,0.0020,3.00,no
2026-10-05T03:58:32.999486Z,KXBTC15M-26OCT050000-00,0.0020,3.00,no
2026-10-05T03:58:32.999486Z,KXBTC15M-26OCT050000-00,0.0020,26.00,no
2026-10-05T03:58:32.999486Z,KXBTC15M-26OCT050000-00,0.0020,3.00,no
2026-10-05T03:58:32.999486Z,KXBTC15M-26OCT050000-00,0.0020,3.00,no
2026-10-05T03:58:32.999486Z,KXBTC15M-26OCT050000-00,0.0020,3.00,no
2026-10-05T03:58:32.999486Z,KXBTC15M-26OCT050000-00,0.0020,1000.00,no
2026-10-05T03:58:32.999486Z,KXBTC15M-26OCT050000-00,0.0020,1000.00,no
2026-10-05T03:58:32.999486Z,KXBTC15M-26OCT050000-00,0.0020,100.00,no
2026-10-05T03:58:32.999486Z,KXBTC15M-26OCT050000-00,0.0020,1707.72,no
2026-10-05T03:58:32.999486Z,KXBTC15M-26OCT050000-00,0.0020,1300.00,no
2026-10-05T03:58:32.999486Z,KXBTC15M-26OCT050000-00,0.0020,1000.00,no
2026-10-05T03:58:32.999486Z,KXBTC15M-26OCT050000-00,0.0020,500.00,no
2026-10-05T03:58:32.999486Z,KXBTC15M-26OCT050000-00,0.0020,200.00,no
2026-10-05T03:58:32.999486Z,KXBTC15M-26OCT050000-00,0.0020,200.00,no
2026-10-05T03:58:32.999486Z,KXBTC15M-26OCT050000-00,0.0020,120.00,no
2026-10-05T03:58:32.999486Z,KXBTC15M-26OCT050000-00,0.0020,400.00,no
2026-10-05T03:58:32.999486Z,KXBTC15M-26OCT050000-00,0.0020,15.00,no
2026-10-05T03:58:32.999486Z,KXBTC15M-26OCT050000-00,0.0020,2224.97,no
2026-10-05T03:58:32.999486Z,KXBTC15M-26OCT050000-00,0.0020,15.00,no
2026-10-05T03:58:32.999486Z,KXBTC15M-26OCT050000-00,0.0020,15.00,no
2026-10-05T03:58:32.999486Z,KXBTC15M-26OCT050000-00,0.0030,0.01,no
2026-10-05T03:58:32.999486Z,KXBTC15M-26OCT050000-00,0.0030,15.00,no
2026-10-05T03:58:32.999486Z,KXBTC15M-26OCT050000-00,0.0030,0.01,no
2026-10-05T03:58:32.999486Z,KXBTC15M-26OCT050000-00,0.0030,25.00,no
2026-10-05T03:58:32.999486Z,KXBTC15M-26OCT050000-00,0.0020,14.65,no
2026-10-05T03:58:32.999486Z,KXBTC15M-26OCT050000-00,0.0020,6.27,no
2026-10-05T03:58:32.999486Z,KXBTC15M-26OCT050000-00,0.0020,15.00,no
2026-10-05T03:58:32.999486Z,KXBTC15M-26OCT050000-00,0.0020,2.00,no
2026-10-05T03:58:32.999486Z,KXBTC15M-26OCT050000-00,0.0020,2.00,no
2026-10-05T03:58:32.999486Z,KXBTC15M-26OCT050000-00,0.0020,100.00,no
2026-10-05T03:58:33.046257Z,KXBTC15M-26OCT050000-00,0.0020,1.00,no
2026-10-05T03:58:33.07174Z,KXBTC15M-26OCT050000-00,0.0030,91.62,yes
2026-10-05T03:58:33.122758Z,KXBTC15M-26OCT050000-00,0.0030,73.23,yes
2026-10-05T03:58:33.140482Z,KXBTC15M-26OCT050000-00,0.0030,4.47,yes
2026-10-05T03:58:33.163179Z,KXBTC15M-26OCT050000-00,0.0030,623.74,yes
2026-10-05T03:58:33.199577Z,KXBTC15M-26OCT050000-00,0.0030,458.04,yes
2026-10-05T03:58:33.208564Z,KXBTC15M-26OCT050000-00,0.0030,7.14,yes
2026-10-05T03:58:33.250179Z,KXBTC15M-26OCT050000-00,0.0020,13.00,no
2026-10-05T03:58:33.254527Z,KXBTC15M-26OCT050000-00,0.0030,109.00,yes
2026-10-05T03:58:33.319223Z,KXBTC15M-26OCT050000-00,0.0020,161.89,no
2026-10-05T03:58:33.371799Z,KXBTC15M-26OCT050000-00,0.0030,0.01,yes
2026-10-05T03:58:33.371799Z,KXBTC15M-26OCT050000-00,0.0030,15.00,yes
2026-10-05T03:58:33.371799Z,KXBTC15M-26OCT050000-00,0.0030,266.00,yes
2026-10-05T03:58:33.371799Z,KXBTC15M-26OCT050000-00,0.0030,0.01,yes
2026-10-05T03:58:33.371799Z,KXBTC15M-26OCT050000-00,0.0030,120.00,yes
2026-10-05T03:58:33.371799Z,KXBTC15M-26OCT050000-00,0.0040,373.69,yes
2026-10-05T03:58:33.371799Z,KXBTC15M-26OCT050000-00,0.0030,340.48,yes
2026-10-05T03:58:33.419053Z,KXBTC15M-26OCT050000-00,0.0030,5.04,yes
2026-10-05T03:58:33.447079Z,KXBTC15M-26OCT050000-00,0.0030,9.96,yes
2026-10-05T03:58:33.447079Z,KXBTC15M-26OCT050000-00,0.0040,130.87,yes
2026-10-05T03:58:33.447079Z,KXBTC15M-26OCT050000-00,0.0030,15.00,yes
2026-10-05T03:58:33.52481Z,KXBTC15M-26OCT050000-00,0.0040,140.60,yes
2026-10-05T03:58:33.52481Z,KXBTC15M-26OCT050000-00,0.0030,0.23,yes
2026-10-05T03:58:33.52481Z,KXBTC15M-26OCT050000-00,0.0030,15.00,yes
2026-10-05T03:58:33.545633Z,KXBTC15M-26OCT050000-00,0.0020,600.00,no
2026-10-05T03:58:33.559862Z,KXBTC15M-26OCT050000-00,0.0040,424.29,yes
2026-10-05T03:58:33.559862Z,KXBTC15M-26OCT050000-00,0.0040,354.84,yes
2026-10-05T03:58:33.686582Z,KXBTC15M-26OCT050000-00,0.0020,0.81,no
2026-10-05T03:58:33.743373Z,KXBTC15M-26OCT050000-00,0.0020,200.37,no
2026-10-05T03:58:33.749491Z,KXBTC15M-26OCT050000-00,0.0040,416.25,yes
2026-10-05T03:58:33.769156Z,KXBTC15M-26OCT050000-00,0.0040,8.00,yes
2026-10-05T03:58:33.769288Z,KXBTC15M-26OCT050000-00,0.0020,53.00,no
2026-10-05T03:58:33.769288Z,KXBTC15M-26OCT050000-00,0.0020,17.00,no
2026-10-05T03:58:33.769288Z,KXBTC15M-26OCT050000-00,0.0020,15.00,no
2026-10-05T03:58:33.769288Z,KXBTC15M-26OCT050000-00,0.0020,100.00,no
2026-10-05T03:58:33.769288Z,KXBTC15M-26OCT050000-00,0.0020,0.01,no
2026-10-05T03:58:33.769288Z,KXBTC15M-26OCT050000-00,0.0020,15.00,no
2026-10-05T03:58:33.769288Z,KXBTC15M-26OCT050000-00,0.0020,500.00,no
2026-10-05T03:58:33.769288Z,KXBTC15M-26OCT050000-00,0.0020,400.00,no
2026-10-05T03:58:33.769288Z,KXBTC15M-26OCT050000-00,0.0020,15.00,no
2026-10-05T03:58:33.769288Z,KXBTC15M-26OCT050000-00,0.0020,200.00,no
2026-10-05T03:58:33.769288Z,KXBTC15M-26OCT050000-00,0.0020,500.00,no
2026-10-05T03:58:33.769288Z,KXBTC15M-26OCT050000-00,0.0020,28.00,no
2026-10-05T03:58:33.769288Z,KXBTC15M-26OCT050000-00,0.0020,15.00,no
2026-10-05T03:58:33.769288Z,KXBTC15M-26OCT050000-00,0.0020,500.00,no
2026-10-05T03:58:33.769288Z,KXBTC15M-26OCT050000-00,0.0020,0.01,no
2026-10-05T03:58:33.769288Z,KXBTC15M-26OCT050000-00,0.0020,15.00,no
2026-10-05T03:58:33.769288Z,KXBTC15M-26OCT050000-00,0.0020,15.00,no
2026-10-05T03:58:33.769288Z,KXBTC15M-26OCT050000-00,0.0020,15.00,no
2026-10-05T03:58:33.769288Z,KXBTC15M-26OCT050000-00,0.0020,2797.96,no
2026-10-05T03:58:33.771523Z,KXBTC15M-26OCT050000-00,0.0020,311.59,yes
2026-10-05T03:58:33.794519Z,KXBTC15M-26OCT050000-00,0.0010,2.23,no
2026-10-05T03:58:33.837935Z,KXBTC15M-26OCT050000-00,0.0020,101.16,yes
2026-10-05T03:58:33.860216Z,KXBTC15M-26OCT050000-00,0.0010,15.95,no
2026-10-05T03:58:33.865634Z,KXBTC15M-26OCT050000-00,0.0010,230.72,no
2026-10-05T03:58:33.914182Z,KXBTC15M-26OCT050000-00,0.0020,42.08,yes
2026-10-05T03:58:33.996511Z,KXBTC15M-26OCT050000-00,0.0020,0.82,yes
2026-10-05T03:58:34.068575Z,KXBTC15M-26OCT050000-00,0.0020,3825.62,yes
2026-10-05T03:58:34.072149Z,KXBTC15M-26OCT050000-00,0.0010,24.59,no
2026-10-05T03:58:34.08233Z,KXBTC15M-26OCT050000-00,0.0020,147.99,yes
2026-10-05T03:58:34.091085Z,KXBTC15M-26OCT050000-00,0.0010,145.00,no
2026-10-05T03:58:34.117355Z,KXBTC15M-26OCT050000-00,0.0020,454.09,yes
2026-10-05T03:58:34.118037Z,KXBTC15M-26OCT050000-00,0.0020,6.00,yes
2026-10-05T03:58:34.188493Z,KXBTC15M-26OCT050000-00,0.0020,1168.54,yes
2026-10-05T03:58:34.189306Z,KXBTC15M-26OCT050000-00,0.0020,45.80,yes
2026-10-05T03:58:34.219796Z,KXBTC15M-26OCT050000-00,0.0020,1954.30,yes
2026-10-05T03:58:34.249038Z,KXBTC15M-26OCT050000-00,0.0020,15.84,yes
2026-10-05T03:58:34.262419Z,KXBTC15M-26OCT050000-00,0.0010,180.16,no
2026-10-05T03:58:34.491994Z,KXBTC15M-26OCT050000-00,0.0020,5.00,yes
2026-10-05T03:58:34.573785Z,KXBTC15M-26OCT050000-00,0.0020,20.00,yes
2026-10-05T03:58:34.59313Z,KXBTC15M-26OCT050000-00,0.0010,7.19,no
2026-10-05T03:58:34.637693Z,KXBTC15M-26OCT050000-00,0.0020,796.60,yes
2026-10-05T03:58:34.722284Z,KXBTC15M-26OCT050000-00,0.0020,351.92,yes
2026-10-05T03:58:34.758765Z,KXBTC15M-26OCT050000-00,0.0020,1408.00,yes
2026-10-05T03:58:34.763886Z,KXBTC15M-26OCT050000-00,0.0020,6.45,yes
2026-10-05T03:58:34.811545Z,KXBTC15M-26OCT050000-00,0.0010,4904.56,no
2026-10-05T03:58:34.897227Z,KXBTC15M-26OCT050000-00,0.0010,5.00,no
2026-10-05T03:58:34.897815Z,KXBTC15M-26OCT050000-00,0.0020,5.17,yes
2026-10-05T03:58:35.025899Z,KXBTC15M-26OCT050000-00,0.0020,4580.06,yes
2026-10-05T03:58:35.075277Z,KXBTC15M-26OCT050000-00,0.0020,521.12,yes
2026-10-05T03:58:35.119851Z,KXBTC15M-26OCT050000-00,0.0020,458.01,yes
2026-10-05T03:58:35.144103Z,KXBTC15M-26OCT050000-00,0.0020,355.33,yes
2026-10-05T03:58:35.168823Z,KXBTC15M-26OCT050000-00,0.0020,25.00,yes
2026-10-05T03:58:35.215026Z,KXBTC15M-26OCT050000-00,0.0020,458.01,yes
2026-10-05T03:58:35.248684Z,KXBTC15M-26OCT050000-00,0.0020,16.25,yes
2026-10-05T03:58:35.258393Z,KXBTC15M-26OCT050000-00,0.0020,39.27,yes
2026-10-05T03:58:35.28581Z,KXBTC15M-26OCT050000-00,0.0020,229.01,yes
2026-10-05T03:58:35.306325Z,KXBTC15M-26OCT050000-00,0.0020,2290.05,yes
2026-10-05T03:58:35.396098Z,KXBTC15M-26OCT050000-00,0.0020,330.88,yes
2026-10-05T03:58:35.41646Z,KXBTC15M-26OCT050000-00,0.0020,40.41,yes
2026-10-05T03:58:35.416636Z,KXBTC15M-26OCT050000-00,0.0010,44.50,no
2026-10-05T03:58:35.490227Z,KXBTC15M-26OCT050000-00,0.0020,2290.05,yes
2026-10-05T03:58:35.499392Z,KXBTC15M-26OCT050000-00,0.0020,120.56,yes
2026-10-05T03:58:35.525064Z,KXBTC15M-26OCT050000-00,0.0010,95.08,no
2026-10-05T03:58:35.539921Z,KXBTC15M-26OCT050000-00,0.0020,28.73,yes
2026-10-05T03:58:35.609809Z,KXBTC15M-26OCT050000-00,0.0020,79.34,yes
2026-10-05T03:58:35.65759Z,KXBTC15M-26OCT050000-00,0.0020,15.71,yes
2026-10-05T03:58:35.669406Z,KXBTC15M-26OCT050000-00,0.0020,69.42,yes
2026-10-05T03:58:35.71503Z,KXBTC15M-26OCT050000-00,0.0020,14.18,yes
2026-10-05T03:58:35.741598Z,KXBTC15M-26OCT050000-00,0.0020,16.20,yes
2026-10-05T03:58:35.76697Z,KXBTC15M-26OCT050000-00,0.0020,2.19,yes
2026-10-05T03:58:35.772415Z,KXBTC15M-26OCT050000-00,0.0020,628.44,yes
2026-10-05T03:58:35.778812Z,KXBTC15M-26OCT050000-00,0.0020,10.04,yes
2026-10-05T03:58:35.804001Z,KXBTC15M-26OCT050000-00,0.0020,29.55,yes
2026-10-05T03:58:35.830553Z,KXBTC15M-26OCT050000-00,0.0020,448.66,yes
2026-10-05T03:58:35.850986Z,KXBTC15M-26OCT050000-00,0.0020,4580.06,yes
2026-10-05T03:58:35.89599Z,KXBTC15M-26OCT050000-00,0.0020,9.23,yes
2026-10-05T03:58:35.901935Z,KXBTC15M-26OCT050000-00,0.0020,916.02,yes
2026-10-05T03:58:35.949047Z,KXBTC15M-26OCT050000-00,0.0010,157.62,no
2026-10-05T03:58:35.967694Z,KXBTC15M-26OCT050000-00,0.0010,1388.00,no
2026-10-05T03:58:35.972748Z,KXBTC15M-26OCT050000-00,0.0020,30.00,yes
2026-10-05T03:58:35.977721Z,KXBTC15M-26OCT050000-00,0.0010,8.57,no
2026-10-05T03:58:36.015436Z,KXBTC15M-26OCT050000-00,0.0020,4.59,yes
2026-10-05T03:58:36.083897Z,KXBTC15M-26OCT050000-00,0.0020,11.92,yes
2026-10-05T03:58:36.10842Z,KXBTC15M-26OCT050000-00,0.0020,14.47,yes
2026-10-05T03:58:36.108616Z,KXBTC15M-26OCT050000-00,0.0020,4580.06,yes
2026-10-05T03:58:36.178352Z,KXBTC15M-26OCT050000-00,0.0020,6.13,yes
2026-10-05T03:58:36.233641Z,KXBTC15M-26OCT050000-00,0.0020,115.23,yes
2026-10-05T03:58:36.24572Z,KXBTC15M-26OCT050000-00,0.0020,4.07,yes
2026-10-05T03:58:36.45362Z,KXBTC15M-26OCT050000-00,0.0020,20.12,yes
2026-10-05T03:58:36.460204Z,KXBTC15M-26OCT050000-00,0.0010,0.02,no
2026-10-05T03:58:36.464202Z,KXBTC15M-26OCT050000-00,0.0020,458.01,yes
2026-10-05T03:58:36.524388Z,KXBTC15M-26OCT050000-00,0.0020,45.80,yes
2026-10-05T03:58:36.541887Z,KXBTC15M-26OCT050000-00,0.0010,0.10,no
2026-10-05T03:58:36.571959Z,KXBTC15M-26OCT050000-00,0.0020,38.57,yes
2026-10-05T03:58:36.60678Z,KXBTC15M-26OCT050000-00,0.0020,11.07,yes
2026-10-05T03:58:36.791153Z,KXBTC15M-26OCT050000-00,0.0020,24.17,yes
2026-10-05T03:58:36.796437Z,KXBTC15M-26OCT050000-00,0.0010,421.89,no
2026-10-05T03:58:36.912991Z,KXBTC15M-26OCT050000-00,0.0020,762.04,yes
2026-10-05T03:58:36.960543Z,KXBTC15M-26OCT050000-00,0.0020,21.86,yes
2026-10-05T03:58:36.963566Z,KXBTC15M-26OCT050000-00,0.0020,458.01,yes
2026-10-05T03:58:36.979057Z,KXBTC15M-26OCT050000-00,0.0020,458.01,yes
2026-10-05T03:58:36.996043Z,KXBTC15M-26OCT050000-00,0.0020,4796.33,yes
2026-10-05T03:58:36.997968Z,KXBTC15M-26OCT050000-00,0.0020,45.00,yes
2026-10-05T03:58:37.061008Z,KXBTC15M-26OCT050000-00,0.0020,5564.33,yes
2026-10-05T03:58:37.065545Z,KXBTC15M-26OCT050000-00,0.0020,13.71,yes
2026-10-05T03:58:37.073937Z,KXBTC15M-26OCT050000-00,0.0020,59.57,yes
2026-10-05T03:58:37.108552Z,KXBTC15M-26OCT050000-00,0.0020,2290.05,yes
2026-10-05T03:58:37.162536Z,KXBTC15M-26OCT050000-00,0.0010,91.00,no
2026-10-05T03:58:37.168819Z,KXBTC15M-26OCT050000-00,0.0010,82.07,no
2026-10-05T03:58:37.204794Z,KXBTC15M-26OCT050000-00,0.0010,413.63,no
2026-10-05T03:58:37.212544Z,KXBTC15M-26OCT050000-00,0.0020,17.25,yes
2026-10-05T03:58:37.235172Z,KXBTC15M-26OCT050000-00,0.0020,412.00,yes
2026-10-05T03:58:37.242241Z,KXBTC15M-26OCT050000-00,0.0020,458.01,yes
2026-10-05T03:58:37.264495Z,KXBTC15M-26OCT050000-00,0.0010,3002.79,no
2026-10-05T03:58:37.276766Z,KXBTC15M-26OCT050000-00,0.0020,2.11,yes
2026-10-05T03:58:37.278263Z,KXBTC15M-26OCT050000-00,0.0020,458.01,yes
2026-10-05T03:58:37.31048Z,KXBTC15M-26OCT050000-00,0.0020,20.00,yes
2026-10-05T03:58:37.370052Z,KXBTC15M-26OCT050000-00,0.0010,400.00,no
2026-10-05T03:58:37.374885Z,KXBTC15M-26OCT050000-00,0.0020,35.95,yes
2026-10-05T03:58:37.399121Z,KXBTC15M-26OCT050000-00,0.0020,8.63,yes
2026-10-05T03:58:37.434305Z,KXBTC15M-26OCT050000-00,0.0020,301.97,yes
2026-10-05T03:58:37.435092Z,KXBTC15M-26OCT050000-00,0.0010,11.71,no
2026-10-05T03:58:37.514996Z,KXBTC15M-26OCT050000-00,0.0020,36.14,yes
2026-10-05T03:58:37.524311Z,KXBTC15M-26OCT050000-00,0.0020,104.97,yes
2026-10-05T03:58:37.539774Z,KXBTC15M-26OCT050000-00,0.0010,3.15,no
2026-10-05T03:58:37.613597Z,KXBTC15M-26OCT050000-00,0.0010,7.09,no
2026-10-05T03:58:37.636466Z,KXBTC15M-26OCT050000-00,0.0010,19.32,no
2026-10-05T03:58:37.654227Z,KXBTC15M-26OCT050000-00,0.0020,45.80,yes
2026-10-05T03:58:37.767034Z,KXBTC15M-26OCT050000-00,0.0020,1.26,yes
2026-10-05T03:58:37.809591Z,KXBTC15M-26OCT050000-00,0.0020,57.53,yes
2026-10-05T03:58:37.835651Z,KXBTC15M-26OCT050000-00,0.0020,755.71,yes
2026-10-05T03:58:37.836061Z,KXBTC15M-26OCT050000-00,0.0010,5.00,no
2026-10-05T03:58:37.945731Z,KXBTC15M-26OCT050000-00,0.0020,2290.05,yes
2026-10-05T03:58:38.017641Z,KXBTC15M-26OCT050000-00,0.0020,4.69,yes
2026-10-05T03:58:38.033826Z,KXBTC15M-26OCT050000-00,0.0010,239.64,no
2026-10-05T03:58:38.075912Z,KXBTC15M-26OCT050000-00,0.0010,0.90,no
2026-10-05T03:58:38.1765Z,KXBTC15M-26OCT050000-00,0.0020,458.01,yes
2026-10-05T03:58:38.31413Z,KXBTC15M-26OCT050000-00,0.0020,140.92,yes
2026-10-05T03:58:38.342018Z,KXBTC15M-26OCT050000-00,0.0010,5.00,no
2026-10-05T03:58:38.391904Z,KXBTC15M-26OCT050000-00,0.0010,3.97,no
2026-10-05T03:58:38.437469Z,KXBTC15M-26OCT050000-00,0.0020,122.00,yes
2026-10-05T03:58:38.44726Z,KXBTC15M-26OCT050000-00,0.0020,458.01,yes
2026-10-05T03:58:38.503684Z,KXBTC15M-26OCT050000-00,0.0010,425.53,no
2026-10-05T03:58:38.588527Z,KXBTC15M-26OCT050000-00,0.0020,76.74,yes
2026-10-05T03:58:38.679269Z,KXBTC15M-26OCT050000-00,0.0020,1374.03,yes
2026-10-05T03:58:38.734474Z,KXBTC15M-26OCT050000-00,0.0010,32.42,no
2026-10-05T03:58:38.768409Z,KXBTC15M-26OCT050000-00,0.0020,13.99,yes
2026-10-05T03:58:38.782647Z,KXBTC15M-26OCT050000-00,0.0020,6.86,yes
2026-10-05T03:58:38.784531Z,KXBTC15M-26OCT050000-00,0.0010,87.08,no
2026-10-05T03:58:38.852716Z,KXBTC15M-26OCT050000-00,0.0010,500.46,no
2026-10-05T03:58:38.946996Z,KXBTC15M-26OCT050000-00,0.0020,10.93,yes
2026-10-05T03:58:38.963868Z,KXBTC15M-26OCT050000-00,0.0020,458.01,yes
2026-10-05T03:58:39.014401Z,KXBTC15M-26OCT050000-00,0.0020,10.00,yes
2026-10-05T03:58:39.110402Z,KXBTC15M-26OCT050000-00,0.0020,9160.09,yes
2026-10-05T03:58:39.241709Z,KXBTC15M-26OCT050000-00,0.0020,27.70,yes
2026-10-05T03:58:39.246867Z,KXBTC15M-26OCT050000-00,0.0010,18.42,no
2026-10-05T03:58:39.286161Z,KXBTC15M-26OCT050000-00,0.0020,1.07,yes
2026-10-05T03:58:39.393009Z,KXBTC15M-26OCT050000-00,0.0010,900.83,no
2026-10-05T03:58:39.395649Z,KXBTC15M-26OCT050000-00,0.0020,93.51,yes
2026-10-05T03:58:39.436264Z,KXBTC15M-26OCT050000-00,0.0010,2.00,no
2026-10-05T03:58:39.436952Z,KXBTC15M-26OCT050000-00,0.0020,2612.49,yes
2026-10-05T03:58:39.503474Z,KXBTC15M-26OCT050000-00,0.0020,916.02,yes
2026-10-05T03:58:39.55001Z,KXBTC15M-26OCT050000-00,0.0020,311.59,yes
2026-10-05T03:58:39.684463Z,KXBTC15M-26OCT050000-00,0.0010,20.93,no
2026-10-05T03:58:39.829327Z,KXBTC15M-26OCT050000-00,0.0020,40.19,yes
2026-10-05T03:58:39.893497Z,KXBTC15M-26OCT050000-00,0.0010,12.32,no
2026-10-05T03:58:39.901186Z,KXBTC15M-26OCT050000-00,0.0010,1501.39,no
2026-10-05T03:58:39.916214Z,KXBTC15M-26OCT050000-00,0.0020,136.98,yes
2026-10-05T03:58:39.920493Z,KXBTC15M-26OCT050000-00,0.0020,40.00,yes
2026-10-05T03:58:40.043256Z,KXBTC15M-26OCT050000-00,0.0020,0.02,yes
2026-10-05T03:58:40.113996Z,KXBTC15M-26OCT050000-00,0.0010,0.15,no
2026-10-05T03:58:40.133374Z,KXBTC15M-26OCT050000-00,0.0020,77.19,yes
2026-10-05T03:58:40.141599Z,KXBTC15M-26OCT050000-00,0.0010,1.00,no
2026-10-05T03:58:40.147364Z,KXBTC15M-26OCT050000-00,0.0020,9.34,yes
2026-10-05T03:58:40.168656Z,KXBTC15M-26OCT050000-00,0.0020,1.00,yes
2026-10-05T03:58:40.277709Z,KXBTC15M-26OCT050000-00,0.0020,134.56,yes
2026-10-05T03:58:40.283349Z,KXBTC15M-26OCT050000-00,0.0020,109.34,yes
2026-10-05T03:58:40.372245Z,KXBTC15M-26OCT050000-00,0.0010,2.34,no
2026-10-05T03:58:40.384919Z,KXBTC15M-26OCT050000-00,0.0020,193.80,yes
2026-10-05T03:58:40.397476Z,KXBTC15M-26OCT050000-00,0.0020,1.03,yes
2026-10-05T03:58:40.420036Z,KXBTC15M-26OCT050000-00,0.0020,8.17,yes
2026-10-05T03:58:40.448067Z,KXBTC15M-26OCT050000-00,0.0020,0.66,yes
2026-10-05T03:58:40.449418Z,KXBTC15M-26OCT050000-00,0.0010,20.01,no
2026-10-05T03:58:40.494129Z,KXBTC15M-26OCT050000-00,0.0020,458.01,yes
2026-10-05T03:58:40.609448Z,KXBTC15M-26OCT050000-00,0.0020,79.43,yes
2026-10-05T03:58:40.610974Z,KXBTC15M-26OCT050000-00,0.0010,4694.00,no
2026-10-05T03:58:40.686942Z,KXBTC15M-26OCT050000-00,0.0020,137.62,yes
2026-10-05T03:58:40.695808Z,KXBTC15M-26OCT050000-00,0.0020,36.99,yes
2026-10-05T03:58:40.816241Z,KXBTC15M-26OCT050000-00,0.0020,24.71,yes
2026-10-05T03:58:40.857453Z,KXBTC15M-26OCT050000-00,0.0020,8.44,yes
2026-10-05T03:58:40.862941Z,KXBTC15M-26OCT050000-00,0.0020,4.09,yes
2026-10-05T03:58:40.961556Z,KXBTC15M-26OCT050000-00,0.0020,458.01,yes
2026-10-05T03:58:40.979831Z,KXBTC15M-26OCT050000-00,0.0010,12.58,no
2026-10-05T03:58:41.149959Z,KXBTC15M-26OCT050000-00,0.0020,458.01,yes
2026-10-05T03:58:41.15267Z,KXBTC15M-26OCT050000-00,0.0010,50.04,no
2026-10-05T03:58:41.17429Z,KXBTC15M-26OCT050000-00,0.0020,2.00,yes
2026-10-05T03:58:41.17578Z,KXBTC15M-26OCT050000-00,0.0020,73.29,yes
2026-10-05T03:58:41.338141Z,KXBTC15M-26OCT050000-00,0.0020,52.22,yes
2026-10-05T03:58:41.344516Z,KXBTC15M-26OCT050000-00,0.0020,916.02,yes
2026-10-05T03:58:41.461024Z,KXBTC15M-26OCT050000-00,0.0020,45.80,yes
2026-10-05T03:58:41.542058Z,KXBTC15M-26OCT050000-00,0.0020,1.58,yes
2026-10-05T03:58:41.638717Z,KXBTC15M-26OCT050000-00,0.0020,165.00,yes
2026-10-05T03:58:41.697242Z,KXBTC15M-26OCT050000-00,0.0010,20.01,no
2026-10-05T03:58:41.705687Z,KXBTC15M-26OCT050000-00,0.0020,916.02,yes
2026-10-05T03:58:41.820834Z,KXBTC15M-26OCT050000-00,0.0020,149.35,yes
2026-10-05T03:58:41.831465Z,KXBTC15M-26OCT050000-00,0.0020,50.86,yes
2026-10-05T03:58:41.852619Z,KXBTC15M-26OCT050000-00,0.0020,8000.00,yes
2026-10-05T03:58:41.890775Z,KXBTC15M-26OCT050000-00,0.0020,458.01,yes
2026-10-05T03:58:41.983928Z,KXBTC15M-26OCT050000-00,0.0010,7.69,no
2026-10-05T03:58:41.996703Z,KXBTC15M-26OCT050000-00,0.0010,10.58,no
2026-10-05T03:58:42.014707Z,KXBTC15M-26OCT050000-00,0.0010,75.08,no
2026-10-05T03:58:42.055069Z,KXBTC15M-26OCT050000-00,0.0010,0.02,no
2026-10-05T03:58:42.056854Z,KXBTC15M-26OCT050000-00,0.0010,0.02,no
2026-10-05T03:58:42.084417Z,KXBTC15M-26OCT050000-00,0.0020,458.01,yes
2026-10-05T03:58:42.169947Z,KXBTC15M-26OCT050000-00,0.0020,30.15,yes
2026-10-05T03:58:42.207824Z,KXBTC15M-26OCT050000-00,0.0020,897.33,yes
2026-10-05T03:58:42.357559Z,KXBTC15M-26OCT050000-00,0.0020,30.77,yes
2026-10-05T03:58:42.382769Z,KXBTC15M-26OCT050000-00,0.0020,14.58,yes
2026-10-05T03:58:42.406708Z,KXBTC15M-26OCT050000-00,0.0020,458.01,yes
2026-10-05T03:58:42.416799Z,KXBTC15M-26OCT050000-00,0.0020,458.01,yes
2026-10-05T03:58:42.47256Z,KXBTC15M-26OCT050000-00,0.0010,11.71,no
2026-10-05T03:58:42.503515Z,KXBTC15M-26OCT050000-00,0.0010,1.00,no
2026-10-05T03:58:42.542439Z,KXBTC15M-26OCT050000-00,0.0010,157.38,no
2026-10-05T03:58:42.598153Z,KXBTC15M-26OCT050000-00,0.0010,282.00,no
2026-10-05T03:58:42.614463Z,KXBTC15M-26OCT050000-00,0.0020,18.69,yes
2026-10-05T03:58:42.672971Z,KXBTC15M-26OCT050000-00,0.0020,4580.06,yes
2026-10-05T03:58:42.691825Z,KXBTC15M-26OCT050000-00,0.0010,760.26,no
2026-10-05T03:58:42.703276Z,KXBTC15M-26OCT050000-00,0.0010,23.71,no
2026-10-05T03:58:42.739685Z,KXBTC15M-26OCT050000-00,0.0020,22.69,yes
2026-10-05T03:58:42.805974Z,KXBTC15M-26OCT050000-00,0.0020,10.00,yes
2026-10-05T03:58:42.805974Z,KXBTC15M-26OCT050000-00,0.0020,0.23,yes
2026-10-05T03:58:42.805974Z,KXBTC15M-26OCT050000-00,0.0020,230.72,yes
2026-10-05T03:58:42.805974Z,KXBTC15M-26OCT050000-00,0.0020,500.00,yes
2026-10-05T03:58:42.805974Z,KXBTC15M-26OCT050000-00,0.0020,500.00,yes
2026-10-05T03:58:42.805974Z,KXBTC15M-26OCT050000-00,0.0020,0.01,yes
2026-10-05T03:58:42.805974Z,KXBTC15M-26OCT050000-00,0.0020,4218.06,yes
2026-10-05T03:58:42.805974Z,KXBTC15M-26OCT050000-00,0.0020,15.00,yes
2026-10-05T03:58:42.805974Z,KXBTC15M-26OCT050000-00,0.0020,1739.84,yes
2026-10-05T03:58:42.805974Z,KXBTC15M-26OCT050000-00,0.0020,4642.22,yes
2026-10-05T03:58:42.805974Z,KXBTC15M-26OCT050000-00,0.0020,100.00,yes
2026-10-05T03:58:42.805974Z,KXBTC15M-26OCT050000-00,0.0020,89.00,yes
2026-10-05T03:58:42.805974Z,KXBTC15M-26OCT050000-00,0.0020,91.00,yes
2026-10-05T03:58:42.805974Z,KXBTC15M-26OCT050000-00,0.0020,4367.00,yes
2026-10-05T03:58:42.805974Z,KXBTC15M-26OCT050000-00,0.0020,99.46,yes
2026-10-05T03:58:42.805974Z,KXBTC15M-26OCT050000-00,0.0020,750.00,yes
2026-10-05T03:58:42.805974Z,KXBTC15M-26OCT050000-00,0.0020,93.37,yes
2026-10-05T03:58:42.805974Z,KXBTC15M-26OCT050000-00,0.0020,760.26,yes
2026-10-05T03:58:42.805974Z,KXBTC15M-26OCT050000-00,0.0020,0.01,yes
2026-10-05T03:58:42.805974Z,KXBTC15M-26OCT050000-00,0.0020,4694.00,yes
2026-10-05T03:58:42.844245Z,KXBTC15M-26OCT050000-00,0.0020,2.90,yes
2026-10-05T03:58:42.9889Z,KXBTC15M-26OCT050000-00,0.0020,9.00,yes
2026-10-05T03:58:43.272354Z,KXBTC15M-26OCT050000-00,0.0010,155555.00,no
2026-10-05T03:58:43.312356Z,KXBTC15M-26OCT050000-00,0.0010,0.02,no
2026-10-05T03:58:43.313172Z,KXBTC15M-26OCT050000-00,0.0010,0.02,no
2026-10-05T03:58:43.317621Z,KXBTC15M-26OCT050000-00,0.0010,0.02,no
2026-10-05T03:58:43.321118Z,KXBTC15M-26OCT050000-00,0.0020,458.01,yes
2026-10-05T03:58:43.471578Z,KXBTC15M-26OCT050000-00,0.0020,916.02,yes
2026-10-05T03:58:43.499415Z,KXBTC15M-26OCT050000-00,0.0010,53.00,no
2026-10-05T03:58:43.51051Z,KXBTC15M-26OCT050000-00,0.0020,458.01,yes
2026-10-05T03:58:43.530191Z,KXBTC15M-26OCT050000-00,0.0020,0.23,yes
2026-10-05T03:58:43.530191Z,KXBTC15M-26OCT050000-00,0.0020,100.00,yes
2026-10-05T03:58:43.530191Z,KXBTC15M-26OCT050000-00,0.0020,97.21,yes
2026-10-05T03:58:43.530191Z,KXBTC15M-26OCT050000-00,0.0020,0.01,yes
2026-10-05T03:58:43.530191Z,KXBTC15M-26OCT050000-00,0.0020,15.00,yes
2026-10-05T03:58:43.530191Z,KXBTC15M-26OCT050000-00,0.0020,23.71,yes
2026-10-05T03:58:43.530191Z,KXBTC15M-26OCT050000-00,0.0020,10.00,yes
2026-10-05T03:58:43.530191Z,KXBTC15M-26OCT050000-00,0.0020,75.08,yes
2026-10-05T03:58:43.530191Z,KXBTC15M-26OCT050000-00,0.0020,0.01,yes
2026-10-05T03:58:43.530191Z,KXBTC15M-26OCT050000-00,0.0020,88.80,yes
2026-10-05T03:58:43.530191Z,KXBTC15M-26OCT050000-00,0.0020,157.38,yes
2026-10-05T03:58:43.530191Z,KXBTC15M-26OCT050000-00,0.0020,400.00,yes
2026-10-05T03:58:43.530191Z,KXBTC15M-26OCT050000-00,0.0020,282.00,yes
2026-10-05T03:58:43.530191Z,KXBTC15M-26OCT050000-00,0.0020,900.83,yes
2026-10-05T03:58:43.530191Z,KXBTC15M-26OCT050000-00,0.0020,1501.39,yes
2026-10-05T03:58:43.530191Z,KXBTC15M-26OCT050000-00,0.0020,3002.79,yes
2026-10-05T03:58:43.530191Z,KXBTC15M-26OCT050000-00,0.0020,400.00,yes
2026-10-05T03:58:43.530191Z,KXBTC15M-26OCT050000-00,0.0020,413.63,yes
2026-10-05T03:58:43.530191Z,KXBTC15M-26OCT050000-00,0.0020,90.76,yes
2026-10-05T03:58:43.530191Z,KXBTC15M-26OCT050000-00,0.0020,239.64,yes
2026-10-05T03:58:43.530191Z,KXBTC15M-26OCT050000-00,0.0020,500.46,yes
2026-10-05T03:58:43.530191Z,KXBTC15M-26OCT050000-00,0.0020,87.08,yes
2026-10-05T03:58:43.530191Z,KXBTC15M-26OCT050000-00,0.0020,425.53,yes
2026-10-05T03:58:43.530191Z,KXBTC15M-26OCT050000-00,0.0020,95.08,yes
2026-10-05T03:58:43.530191Z,KXBTC15M-26OCT050000-00,0.0020,157.62,yes
2026-10-05T03:58:43.530191Z,KXBTC15M-26OCT050000-00,0.0020,1388.00,yes
2026-10-05T03:58:43.530191Z,KXBTC15M-26OCT050000-00,0.0020,421.89,yes
2026-10-05T03:58:43.530191Z,KXBTC15M-26OCT050000-00,0.0020,180.16,yes
2026-10-05T03:58:43.530191Z,KXBTC15M-26OCT050000-00,0.0020,145.00,yes
2026-10-05T03:58:43.530191Z,KXBTC15M-26OCT050000-00,0.0020,1320.78,yes
2026-10-05T03:58:43.530191Z,KXBTC15M-26OCT050000-00,0.0020,239.91,yes
2026-10-05T03:58:43.58247Z,KXBTC15M-26OCT050000-00,0.0020,0.99,yes
2026-10-05T03:58:43.634444Z,KXBTC15M-26OCT050000-00,0.0020,0.02,yes
2026-10-05T03:58:43.634444Z,KXBTC15M-26OCT050000-00,0.0020,0.02,yes
2026-10-05T03:58:43.634444Z,KXBTC15M-26OCT050000-00,0.0020,457.95,yes
2026-10-05T03:58:43.634444Z,KXBTC15M-26OCT050000-00,0.0020,0.02,yes
2026-10-05T03:58:43.635735Z,KXBTC15M-26OCT050000-00,0.0020,572.00,yes
2026-10-05T03:58:43.6626Z,KXBTC15M-26OCT050000-00,0.0010,183.00,no
2026-10-05T03:58:43.666945Z,KXBTC15M-26OCT050000-00,0.0020,458.01,yes
2026-10-05T03:58:43.67039Z,KXBTC15M-26OCT050000-00,0.0020,144.00,yes
2026-10-05T03:58:43.676662Z,KXBTC15M-26OCT050000-00,0.0020,23.39,yes
2026-10-05T03:58:43.733208Z,KXBTC15M-26OCT050000-00,0.0020,10.93,yes
2026-10-05T03:58:43.733682Z,KXBTC15M-26OCT050000-00,0.0020,3115.89,yes
2026-10-05T03:58:43.734182Z,KXBTC15M-26OCT050000-00,0.0020,467.36,yes
2026-10-05T03:58:43.73709Z,KXBTC15M-26OCT050000-00,0.0020,12.00,yes
2026-10-05T03:58:43.740553Z,KXBTC15M-26OCT050000-00,0.0020,218.69,yes
2026-10-05T03:58:43.781889Z,KXBTC15M-26OCT050000-00,0.0020,33.54,yes
2026-10-05T03:58:43.846169Z,KXBTC15M-26OCT050000-00,0.0010,1.00,no
2026-10-05T03:58:43.903828Z,KXBTC15M-26OCT050000-00,0.0020,50.81,yes
2026-10-05T03:58:43.948644Z,KXBTC15M-26OCT050000-00,0.0010,892.00,no
2026-10-05T03:58:43.95382Z,KXBTC15M-26OCT050000-00,0.0020,18.44,yes
2026-10-05T03:58:44.119166Z,KXBTC15M-26OCT050000-00,0.0010,100.00,no
2026-10-05T03:58:44.119166Z,KXBTC15M-26OCT050000-00,0.0010,1.00,no
2026-10-05T03:58:44.119166Z,KXBTC15M-26OCT050000-00,0.0010,120.00,no
2026-10-05T03:58:44.119166Z,KXBTC15M-26OCT050000-00,0.0010,100.00,no
2026-10-05T03:58:44.119166Z,KXBTC15M-26OCT050000-00,0.0010,15584.71,no
2026-10-05T03:58:44.119166Z,KXBTC15M-26OCT050000-00,0.0010,200.00,no
2026-10-05T03:58:44.119166Z,KXBTC15M-26OCT050000-00,0.0010,2000.00,no
2026-10-05T03:58:44.119166Z,KXBTC15M-26OCT050000-00,0.0010,200.00,no
2026-10-05T03:58:44.119166Z,KXBTC15M-26OCT050000-00,0.0010,200.00,no
2026-10-05T03:58:44.119166Z,KXBTC15M-26OCT050000-00,0.0010,1.00,no
2026-10-05T03:58:44.119166Z,KXBTC15M-26OCT050000-00,0.0010,1177.50,no
2026-10-05T03:58:44.119166Z,KXBTC15M-26OCT050000-00,0.0010,1000.00,no
2026-10-05T03:58:44.119166Z,KXBTC15M-26OCT050000-00,0.0010,20000.00,no
2026-10-05T03:58:44.119166Z,KXBTC15M-26OCT050000-00,0.0010,1.00,no
2026-10-05T03:58:44.119166Z,KXBTC15M-26OCT050000-00,0.0010,75.00,no
2026-10-05T03:58:44.119166Z,KXBTC15M-26OCT050000-00,0.0010,38.65,no
2026-10-05T03:58:44.119166Z,KXBTC15M-26OCT050000-00,0.0010,231.79,no
2026-10-05T03:58:44.119166Z,KXBTC15M-26OCT050000-00,0.0010,0.01,no
2026-10-05T03:58:44.119166Z,KXBTC15M-26OCT050000-00,0.0010,40.00,no
2026-10-05T03:58:44.119166Z,KXBTC15M-26OCT050000-00,0.0010,2335.55,no
2026-10-05T03:58:44.119166Z,KXBTC15M-26OCT050000-00,0.0010,10.00,no
2026-10-05T03:58:44.119166Z,KXBTC15M-26OCT050000-00,0.0010,10.00,no
2026-10-05T03:58:44.119166Z,KXBTC15M-26OCT050000-00,0.0010,1794.16,no
2026-10-05T03:58:44.119166Z,KXBTC15M-26OCT050000-00,0.0010,10.00,no
2026-10-05T03:58:44.119166Z,KXBTC15M-26OCT050000-00,0.0010,45.00,no
2026-10-05T03:58:44.119166Z,KXBTC15M-26OCT050000-00,0.0010,1047.00,no
2026-10-05T03:58:44.119166Z,KXBTC15M-26OCT050000-00,0.0010,45.00,no
2026-10-05T03:58:44.119166Z,KXBTC15M-26OCT050000-00,0.0010,25.00,no
2026-10-05T03:58:44.119166Z,KXBTC15M-26OCT050000-00,0.0010,45.00,no
2026-10-05T03:58:44.119166Z,KXBTC15M-26OCT050000-00,0.0010,45.00,no
2026-10-05T03:58:44.119166Z,KXBTC15M-26OCT050000-00,0.0010,2.26,no
2026-10-05T03:58:44.119166Z,KXBTC15M-26OCT050000-00,0.0010,9.85,no
2026-10-05T03:58:44.119166Z,KXBTC15M-26OCT050000-00,0.0010,75.00,no
2026-10-05T03:58:44.119166Z,KXBTC15M-26OCT050000-00,0.0010,3430.52,no
2026-10-05T03:58:44.131213Z,KXBTC15M-26OCT050000-00,0.0010,183.00,no
2026-10-05T03:58:44.131264Z,KXBTC15M-26OCT050000-00,0.0010,613.65,no
2026-10-05T03:58:44.131264Z,KXBTC15M-26OCT050000-00,0.0010,278.35,no
2026-10-05T03:58:44.131348Z,KXBTC15M-26OCT050000-00,0.0010,17.00,no
2026-10-05T03:58:44.131348Z,KXBTC15M-26OCT050000-00,0.0010,2178.00,no
2026-10-05T03:58:44.131348Z,KXBTC15M-26OCT050000-00,0.0010,0.01,no
2026-10-05T03:58:44.131348Z,KXBTC15M-26OCT050000-00,0.0010,40.00,no
2026-10-05T03:58:44.131348Z,KXBTC15M-26OCT050000-00,0.0010,232.52,no
2026-10-05T03:58:44.131348Z,KXBTC15M-26OCT050000-00,0.0010,0.01,no
2026-10-05T03:58:44.131348Z,KXBTC15M-26OCT050000-00,0.0010,386.35,no
2026-10-05T03:58:44.131348Z,KXBTC15M-26OCT050000-00,0.0010,15.00,no
2026-10-05T03:58:44.131348Z,KXBTC15M-26OCT050000-00,0.0010,15.00,no
2026-10-05T03:58:44.152882Z,KXBTC15M-26OCT050000-00,0.0010,10.74,yes
2026-10-05T03:58:44.325699Z,KXBTC15M-26OCT050000-00,0.0010,825.00,yes
2026-10-05T03:58:44.337062Z,KXBTC15M-26OCT050000-00,0.0010,25.49,yes
2026-10-05T03:58:44.36921Z,KXBTC15M-26OCT050000-00,0.0010,307.71,yes
2026-10-05T03:58:44.455685Z,KXBTC15M-26OCT050000-00,0.0010,11.98,yes
2026-10-05T03:58:44.668151Z,KXBTC15M-26OCT050000-00,0.0010,4.18,yes
2026-10-05T03:58:44.77422Z,KXBTC15M-26OCT050000-00,0.0010,2336.79,yes
2026-10-05T03:58:44.897336Z,KXBTC15M-26OCT050000-00,0.0010,46.48,yes
2026-10-05T03:58:44.914386Z,KXBTC15M-26OCT050000-00,0.0010,2.15,yes
2026-10-05T03:58:44.948163Z,KXBTC15M-26OCT050000-00,0.0010,9.20,yes
2026-10-05T03:58:44.948399Z,KXBTC15M-26OCT050000-00,0.0010,7.90,yes
2026-10-05T03:58:44.969035Z,KXBTC15M-26OCT050000-00,0.0010,0.02,yes
2026-10-05T03:58:44.996542Z,KXBTC15M-26OCT050000-00,0.0010,4486.31,yes
2026-10-05T03:58:44.997391Z,KXBTC15M-26OCT050000-00,0.0010,0.02,yes
2026-10-05T03:58:44.99967Z,KXBTC15M-26OCT050000-00,0.0010,50.05,yes
2026-10-05T03:58:45.009095Z,KXBTC15M-26OCT050000-00,0.0010,4579.77,yes
2026-10-05T03:58:45.208593Z,KXBTC15M-26OCT050000-00,0.0010,15.02,yes
2026-10-05T03:58:45.211479Z,KXBTC15M-26OCT050000-00,0.0010,3.00,yes
2026-10-05T03:58:45.241727Z,KXBTC15M-26OCT050000-00,0.0010,915.99,yes
2026-10-05T03:58:45.266012Z,KXBTC15M-26OCT050000-00,0.0010,452.64,yes
2026-10-05T03:58:45.367864Z,KXBTC15M-26OCT050000-00,0.0010,0.14,yes
2026-10-05T03:58:45.369539Z,KXBTC15M-26OCT050000-00,0.0010,4.37,yes
2026-10-05T03:58:45.392346Z,KXBTC15M-26OCT050000-00,0.0010,34.90,yes
2026-10-05T03:58:45.476116Z,KXBTC15M-26OCT050000-00,0.0010,11.08,yes
2026-10-05T03:58:45.51048Z,KXBTC15M-26OCT050000-00,0.0010,91.62,yes
2026-10-05T03:58:45.524399Z,KXBTC15M-26OCT050000-00,0.0010,51.06,yes
2026-10-05T03:58:45.660683Z,KXBTC15M-26OCT050000-00,0.0010,18319.03,yes
2026-10-05T03:58:45.742587Z,KXBTC15M-26OCT050000-00,0.0010,26.63,yes
2026-10-05T03:58:45.831181Z,KXBTC15M-26OCT050000-00,0.0010,7.97,yes
2026-10-05T03:58:45.970847Z,KXBTC15M-26OCT050000-00,0.0010,12.20,yes
2026-10-05T03:58:45.978122Z,KXBTC15M-26OCT050000-00,0.0010,0.02,yes
2026-10-05T03:58:45.980981Z,KXBTC15M-26OCT050000-00,0.0010,183.25,yes
2026-10-05T03:58:46.057145Z,KXBTC15M-26OCT050000-00,0.0010,10.05,yes
2026-10-05T03:58:46.068273Z,KXBTC15M-26OCT050000-00,0.0010,458.04,yes
2026-10-05T03:58:46.15303Z,KXBTC15M-26OCT050000-00,0.0010,8.10,yes
2026-10-05T03:58:46.246119Z,KXBTC15M-26OCT050000-00,0.0010,467.36,yes
2026-10-05T03:58:46.269531Z,KXBTC15M-26OCT050000-00,0.0010,915.99,yes
2026-10-05T03:58:46.404319Z,KXBTC15M-26OCT050000-00,0.0010,79.78,yes
2026-10-05T03:58:46.453472Z,KXBTC15M-26OCT050000-00,0.0010,85.00,yes
2026-10-05T03:58:46.638453Z,KXBTC15M-26OCT050000-00,0.0010,3.00,yes
2026-10-05T03:58:46.657642Z,KXBTC15M-26OCT050000-00,0.0010,21.64,yes
2026-10-05T03:58:46.668434Z,KXBTC15M-26OCT050000-00,0.0010,183.25,yes
2026-10-05T03:58:46.698457Z,KXBTC15M-26OCT050000-00,0.0010,306.00,yes
2026-10-05T03:58:46.707778Z,KXBTC15M-26OCT050000-00,0.0010,6.03,yes
2026-10-05T03:58:46.917779Z,KXBTC15M-26OCT050000-00,0.0010,19.32,yes
2026-10-05T03:58:46.924952Z,KXBTC15M-26OCT050000-00,0.0010,35.48,yes
2026-10-05T03:58:47.002475Z,KXBTC15M-26OCT050000-00,0.0010,28.09,yes
2026-10-05T03:58:47.009642Z,KXBTC15M-26OCT050000-00,0.0010,7126.11,yes
2026-10-05T03:58:47.091381Z,KXBTC15M-26OCT050000-00,0.0010,915.99,yes
2026-10-05T03:58:47.176131Z,KXBTC15M-26OCT050000-00,0.0010,915.99,yes
2026-10-05T03:58:47.183969Z,KXBTC15M-26OCT050000-00,0.0010,91.62,yes
2026-10-05T03:58:47.289224Z,KXBTC15M-26OCT050000-00,0.0010,3432.00,yes
2026-10-05T03:58:47.569141Z,KXBTC15M-26OCT050000-00,0.0010,41.16,yes
2026-10-05T03:58:47.64692Z,KXBTC15M-26OCT050000-00,0.0010,22.36,yes
2026-10-05T03:58:47.651127Z,KXBTC15M-26OCT050000-00,0.0010,23.20,yes
2026-10-05T03:58:47.845238Z,KXBTC15M-26OCT050000-00,0.0010,16.41,yes
2026-10-05T03:58:47.946079Z,KXBTC15M-26OCT050000-00,0.0010,5608.24,yes
2026-10-05T03:58:48.002722Z,KXBTC15M-26OCT050000-00,0.0010,375.57,yes
2026-10-05T03:58:48.010643Z,KXBTC15M-26OCT050000-00,0.0010,4678.09,yes
2026-10-05T03:58:48.028308Z,KXBTC15M-26OCT050000-00,0.0010,110.15,yes
2026-10-05T03:58:48.032289Z,KXBTC15M-26OCT050000-00,0.0010,100.00,yes
2026-10-05T03:58:48.039694Z,KXBTC15M-26OCT050000-00,0.0010,14.47,yes
2026-10-05T03:58:48.071696Z,KXBTC15M-26OCT050000-00,0.0010,22.83,yes
2026-10-05T03:58:48.087976Z,KXBTC15M-26OCT050000-00,0.0010,38.10,yes
2026-10-05T03:58:48.249797Z,KXBTC15M-26OCT050000-00,0.0010,1.05,yes
2026-10-05T03:58:48.277056Z,KXBTC15M-26OCT050000-00,0.0010,1831.90,yes
2026-10-05T03:58:48.342228Z,KXBTC15M-26OCT050000-00,0.0010,102.00,yes
2026-10-05T03:58:48.381248Z,KXBTC15M-26OCT050000-00,0.0010,934.69,yes
2026-10-05T03:58:48.507474Z,KXBTC15M-26OCT050000-00,0.0010,149.25,yes
2026-10-05T03:58:48.760292Z,KXBTC15M-26OCT050000-00,0.0010,4579.77,yes
2026-10-05T03:58:48.771889Z,KXBTC15M-26OCT050000-00,0.0010,19.72,yes
2026-10-05T03:58:48.772371Z,KXBTC15M-26OCT050000-00,0.0010,2.20,yes
2026-10-05T03:58:48.780678Z,KXBTC15M-26OCT050000-00,0.0010,2.45,yes
2026-10-05T03:58:48.87303Z,KXBTC15M-26OCT050000-00,0.0010,0.02,yes
2026-10-05T03:58:48.894254Z,KXBTC15M-26OCT050000-00,0.0010,21.28,yes
2026-10-05T03:58:48.949226Z,KXBTC15M-26OCT050000-00,0.0010,8.51,yes
2026-10-05T03:58:48.966747Z,KXBTC15M-26OCT050000-00,0.0010,0.02,yes
2026-10-05T03:58:48.976212Z,KXBTC15M-26OCT050000-00,0.0010,5.91,yes
2026-10-05T03:58:49.157374Z,KXBTC15M-26OCT050000-00,0.0010,915.99,yes
2026-10-05T03:58:49.254479Z,KXBTC15M-26OCT050000-00,0.0010,915.99,yes
2026-10-05T03:58:49.331358Z,KXBTC15M-26OCT050000-00,0.0010,91.62,yes
2026-10-05T03:58:49.468203Z,KXBTC15M-26OCT050000-00,0.0010,85.15,yes
2026-10-05T03:58:49.477052Z,KXBTC15M-26OCT050000-00,0.0010,0.02,yes
2026-10-05T03:58:49.481128Z,KXBTC15M-26OCT050000-00,0.0010,20.10,yes
2026-10-05T03:58:49.481737Z,KXBTC15M-26OCT050000-00,0.0010,1831.90,yes
2026-10-05T03:58:49.542161Z,KXBTC15M-26OCT050000-00,0.0010,330.00,yes
2026-10-05T03:58:49.592697Z,KXBTC15M-26OCT050000-00,0.0010,0.02,yes
2026-10-05T03:58:49.626805Z,KXBTC15M-26OCT050000-00,0.0010,4579.77,yes
2026-10-05T03:58:49.635661Z,KXBTC15M-26OCT050000-00,0.0010,15.76,yes
2026-10-05T03:58:50.140127Z,KXBTC15M-26OCT050000-00,0.0010,26.05,yes
2026-10-05T03:58:50.298812Z,KXBTC15M-26OCT050000-00,0.0010,12.29,yes
2026-10-05T03:58:50.363401Z,KXBTC15M-26OCT050000-00,0.0010,11.18,yes
2026-10-05T03:58:50.396264Z,KXBTC15M-26OCT050000-00,0.0010,30.77,yes
2026-10-05T03:58:50.50493Z,KXBTC15M-26OCT050000-00,0.0010,4579.77,yes
2026-10-05T03:58:50.551859Z,KXBTC15M-26OCT050000-00,0.0010,9.20,yes
2026-10-05T03:58:50.571743Z,KXBTC15M-26OCT050000-00,0.0010,4579.77,yes
2026-10-05T03:58:50.585278Z,KXBTC15M-26OCT050000-00,0.0010,915.99,yes
2026-10-05T03:58:50.590094Z,KXBTC15M-26OCT050000-00,0.0010,2336.79,yes
2026-10-05T03:58:50.646334Z,KXBTC15M-26OCT050000-00,0.0010,9.20,yes
2026-10-05T03:58:50.673582Z,KXBTC15M-26OCT050000-00,0.0010,3.46,yes
2026-10-05T03:58:50.818961Z,KXBTC15M-26OCT050000-00,0.0010,50.00,yes
2026-10-05T03:58:50.879952Z,KXBTC15M-26OCT050000-00,0.0010,277.95,yes
2026-10-05T03:58:50.948311Z,KXBTC15M-26OCT050000-00,0.0010,5.01,yes
2026-10-05T03:58:51.021573Z,KXBTC15M-26OCT050000-00,0.0010,0.02,yes
2026-10-05T03:58:51.064909Z,KXBTC15M-26OCT050000-00,0.0010,13.12,yes
2026-10-05T03:58:51.125206Z,KXBTC15M-26OCT050000-00,0.0010,915.99,yes
2026-10-05T03:58:51.183253Z,KXBTC15M-26OCT050000-00,0.0010,915.99,yes
2026-10-05T03:58:51.300992Z,KXBTC15M-26OCT050000-00,0.0010,9.27,yes
2026-10-05T03:58:51.477869Z,KXBTC15M-26OCT050000-00,0.0010,7.56,yes
2026-10-05T03:58:51.536215Z,KXBTC15M-26OCT050000-00,0.0010,76.20,yes
2026-10-05T03:58:51.652258Z,KXBTC15M-26OCT050000-00,0.0010,20.00,yes
2026-10-05T03:58:51.769531Z,KXBTC15M-26OCT050000-00,0.0010,98.74,yes
2026-10-05T03:58:51.946797Z,KXBTC15M-26OCT050000-00,0.0010,229.01,yes
2026-10-05T03:58:51.981426Z,KXBTC15M-26OCT050000-00,0.0010,915.99,yes
2026-10-05T03:58:51.992627Z,KXBTC15M-26OCT050000-00,0.0010,91.62,yes
2026-10-05T03:58:52.047079Z,KXBTC15M-26OCT050000-00,0.0010,915.99,yes
2026-10-05T03:58:52.108466Z,KXBTC15M-26OCT050000-00,0.0010,14.91,yes
2026-10-05T03:58:52.115138Z,KXBTC15M-26OCT050000-00,0.0010,0.02,yes
2026-10-05T03:58:52.143212Z,KXBTC15M-26OCT050000-00,0.0010,33.54,yes
2026-10-05T03:58:52.156797Z,KXBTC15M-26OCT050000-00,0.0010,292.00,yes
2026-10-05T03:58:52.188262Z,KXBTC15M-26OCT050000-00,0.0010,5.38,yes
2026-10-05T03:58:52.208265Z,KXBTC15M-26OCT050000-00,0.0010,88.45,yes
2026-10-05T03:58:52.210413Z,KXBTC15M-26OCT050000-00,0.0010,4.47,yes
2026-10-05T03:58:52.334534Z,KXBTC15M-26OCT050000-00,0.0010,11.99,yes
2026-10-05T03:58:52.359826Z,KXBTC15M-26OCT050000-00,0.0010,4.27,yes
2026-10-05T03:58:52.482386Z,KXBTC15M-26OCT050000-00,0.0010,503.11,yes
2026-10-05T03:58:52.494257Z,KXBTC15M-26OCT050000-00,0.0010,24.97,yes
2026-10-05T03:58:52.533147Z,KXBTC15M-26OCT050000-00,0.0010,1831.90,yes
2026-10-05T03:58:52.568589Z,KXBTC15M-26OCT050000-00,0.0010,915.99,yes
2026-10-05T03:58:52.708382Z,KXBTC15M-26OCT050000-00,0.0010,47.17,yes
2026-10-05T03:58:52.716545Z,KXBTC15M-26OCT050000-00,0.0010,1.58,yes
2026-10-05T03:58:52.788605Z,KXBTC15M-26OCT050000-00,0.0010,51.17,yes
2026-10-05T03:58:53.042827Z,KXBTC15M-26OCT050000-00,0.0010,3.94,yes
2026-10-05T03:58:53.058402Z,KXBTC15M-26OCT050000-00,0.0010,518.64,yes
2026-10-05T03:58:53.072862Z,KXBTC15M-26OCT050000-00,0.0010,915.99,yes
2026-10-05T03:58:53.07467Z,KXBTC15M-26OCT050000-00,0.0010,7.39,yes
2026-10-05T03:58:53.203093Z,KXBTC15M-26OCT050000-00,0.0010,3.62,yes
2026-10-05T03:58:53.472121Z,KXBTC15M-26OCT050000-00,0.0010,9159.55,yes
2026-10-05T03:58:53.546006Z,KXBTC15M-26OCT050000-00,0.0010,10.00,yes
2026-10-05T03:58:53.6135Z,KXBTC15M-26OCT050000-00,0.0010,23.68,yes
2026-10-05T03:58:53.641485Z,KXBTC15M-26OCT050000-00,0.0010,15.59,yes
2026-10-05T03:58:53.652156Z,KXBTC15M-26OCT050000-00,0.0010,0.02,yes
2026-10-05T03:58:53.669908Z,KXBTC15M-26OCT050000-00,0.0010,0.02,yes
2026-10-05T03:58:53.724076Z,KXBTC15M-26OCT050000-00,0.0010,200.00,yes
2026-10-05T03:58:53.72985Z,KXBTC15M-26OCT050000-00,0.0010,15.00,yes
2026-10-05T03:58:53.756755Z,KXBTC15M-26OCT050000-00,0.0010,915.99,yes
2026-10-05T03:58:53.880444Z,KXBTC15M-26OCT050000-00,0.0010,2.00,yes
2026-10-05T03:58:53.902128Z,KXBTC15M-26OCT050000-00,0.0010,904.00,yes
2026-10-05T03:58:54.166371Z,KXBTC15M-26OCT050000-00,0.0010,47.98,yes
2026-10-05T03:58:54.261324Z,KXBTC15M-26OCT050000-00,0.0010,915.99,yes
2026-10-05T03:58:54.43005Z,KXBTC15M-26OCT050000-00,0.0010,9.20,yes
2026-10-05T03:58:54.465906Z,KXBTC15M-26OCT050000-00,0.0010,57.89,yes
2026-10-05T03:58:54.481817Z,KXBTC15M-26OCT050000-00,0.0010,0.02,yes
2026-10-05T03:58:54.49831Z,KXBTC15M-26OCT050000-00,0.0010,0.02,yes
2026-10-05T03:58:54.513461Z,KXBTC15M-26OCT050000-00,0.0010,915.99,yes
2026-10-05T03:58:54.599495Z,KXBTC15M-26OCT050000-00,0.0010,229.01,yes
2026-10-05T03:58:54.609771Z,KXBTC15M-26OCT050000-00,0.0010,24.84,yes
2026-10-05T03:58:54.646507Z,KXBTC15M-26OCT050000-00,0.0010,915.99,yes
2026-10-05T03:58:54.665259Z,KXBTC15M-26OCT050000-00,0.0010,1831.90,yes
2026-10-05T03:58:54.665932Z,KXBTC15M-26OCT050000-00,0.0010,53.35,yes
2026-10-05T03:58:54.766362Z,KXBTC15M-26OCT050000-00,0.0010,180.33,yes
2026-10-05T03:58:54.833939Z,KXBTC15M-26OCT050000-00,0.0010,530.00,yes
2026-10-05T03:58:54.859851Z,KXBTC15M-26OCT050000-00,0.0010,12.94,yes
2026-10-05T03:58:54.883022Z,KXBTC15M-26OCT050000-00,0.0010,915.99,yes
2026-10-05T03:58:55.033973Z,KXBTC15M-26OCT050000-00,0.0010,319.00,yes
2026-10-05T03:58:55.073506Z,KXBTC15M-26OCT050000-00,0.0010,50.00,yes
2026-10-05T03:58:55.076428Z,KXBTC15M-26OCT050000-00,0.0010,8.29,yes
2026-10-05T03:58:55.162384Z,KXBTC15M-26OCT050000-00,0.0010,34.21,yes
2026-10-05T03:58:55.23427Z,KXBTC15M-26OCT050000-00,0.0010,100.00,yes
2026-10-05T03:58:55.246245Z,KXBTC15M-26OCT050000-00,0.0010,4579.77,yes
2026-10-05T03:58:55.420394Z,KXBTC15M-26OCT050000-00,0.0010,4.47,yes
2026-10-05T03:58:55.601956Z,KXBTC15M-26OCT050000-00,0.0010,45.85,yes
2026-10-05T03:58:55.616493Z,KXBTC15M-26OCT050000-00,0.0010,228.61,yes
2026-10-05T03:58:55.693199Z,KXBTC15M-26OCT050000-00,0.0010,16.52,yes
2026-10-05T03:58:55.743277Z,KXBTC15M-26OCT050000-00,0.0010,2.00,yes
2026-10-05T03:58:56.110043Z,KXBTC15M-26OCT050000-00,0.0010,1.00,yes
2026-10-05T03:58:56.11615Z,KXBTC15M-26OCT050000-00,0.0010,9.52,yes
2026-10-05T03:58:56.257073Z,KXBTC15M-26OCT050000-00,0.0010,0.02,yes
2026-10-05T03:58:56.276708Z,KXBTC15M-26OCT050000-00,0.0010,32.07,yes
2026-10-05T03:58:56.389007Z,KXBTC15M-26OCT050000-00,0.0010,3.99,yes
2026-10-05T03:58:56.410219Z,KXBTC15M-26OCT050000-00,0.0010,58.14,yes
2026-10-05T03:58:56.428508Z,KXBTC15M-26OCT050000-00,0.0010,0.15,yes
2026-10-05T03:58:56.467748Z,KXBTC15M-26OCT050000-00,0.0010,39.40,yes
2026-10-05T03:58:56.487907Z,KXBTC15M-26OCT050000-00,0.0010,23.23,yes
2026-10-05T03:58:56.604756Z,KXBTC15M-26OCT050000-00,0.0010,159.20,yes
2026-10-05T03:58:56.61188Z,KXBTC15M-26OCT050000-00,0.0010,16.98,yes
2026-10-05T03:58:56.759382Z,KXBTC15M-26OCT050000-00,0.0010,28.56,yes
2026-10-05T03:58:57.158401Z,KXBTC15M-26OCT050000-00,0.0010,0.63,yes
2026-10-05T03:58:57.313345Z,KXBTC15M-26OCT050000-00,0.0010,10.00,yes
2026-10-05T03:58:57.345537Z,KXBTC15M-26OCT050000-00,0.0010,335.00,yes
2026-10-05T03:58:57.366354Z,KXBTC15M-26OCT050000-00,0.0010,60.37,yes
2026-10-05T03:58:57.431618Z,KXBTC15M-26OCT050000-00,0.0010,85.15,yes
2026-10-05T03:58:57.509199Z,KXBTC15M-26OCT050000-00,0.0010,915.99,yes
2026-10-05T03:58:57.742687Z,KXBTC15M-26OCT050000-00,0.0010,4.28,yes
2026-10-05T03:58:57.762195Z,KXBTC15M-26OCT050000-00,0.0010,1146.00,yes
2026-10-05T03:58:57.904026Z,KXBTC15M-26OCT050000-00,0.0010,36.23,yes
2026-10-05T03:58:57.929057Z,KXBTC15M-26OCT050000-00,0.0010,96.61,yes
2026-10-05T03:58:57.992752Z,KXBTC15M-26OCT050000-00,0.0010,270.09,yes
2026-10-05T03:58:58.161112Z,KXBTC15M-26OCT050000-00,0.0010,5.59,yes
2026-10-05T03:58:58.326241Z,KXBTC15M-26OCT050000-00,0.0010,5.27,yes
2026-10-05T03:58:58.477903Z,KXBTC15M-26OCT050000-00,0.0010,16.18,yes
2026-10-05T03:58:58.661315Z,KXBTC15M-26OCT050000-00,0.0010,915.99,yes
2026-10-05T03:58:58.758992Z,KXBTC15M-26OCT050000-00,0.0010,38.08,yes
2026-10-05T03:58:58.942991Z,KXBTC15M-26OCT050000-00,0.0010,10.01,yes
2026-10-05T03:58:59.027233Z,KXBTC15M-26OCT050000-00,0.0010,20.00,yes
2026-10-05T03:58:59.033432Z,KXBTC15M-26OCT050000-00,0.0010,84.32,yes
2026-10-05T03:58:59.102449Z,KXBTC15M-26OCT050000-00,0.0010,22.62,yes
2026-10-05T03:58:59.140636Z,KXBTC15M-26OCT050000-00,0.0010,22.73,yes
2026-10-05T03:58:59.835331Z,KXBTC15M-26OCT050000-00,0.0010,915.99,yes
2026-10-05T03:58:59.896583Z,KXBTC15M-26OCT050000-00,0.0010,13.29,yes
2026-10-05T03:59:00.024356Z,KXBTC15M-26OCT050000-00,0.0010,60.33,yes
2026-10-05T03:59:00.233559Z,KXBTC15M-26OCT050000-00,0.0010,229.01,yes
2026-10-05T03:59:00.369409Z,KXBTC15M-26OCT050000-00,0.0010,6.91,yes
2026-10-05T03:59:00.562259Z,KXBTC15M-26OCT050000-00,0.0010,458.04,yes
2026-10-05T03:59:00.725957Z,KXBTC15M-26OCT050000-00,0.0010,43.00,yes
2026-10-05T03:59:00.769013Z,KXBTC15M-26OCT050000-00,0.0010,915.99,yes
2026-10-05T03:59:00.867455Z,KXBTC15M-26OCT050000-00,0.0010,112.61,yes
2026-10-05T03:59:01.093147Z,KXBTC15M-26OCT050000-00,0.0010,117.56,yes
2026-10-05T03:59:01.341195Z,KXBTC15M-26OCT050000-00,0.0010,915.99,yes
2026-10-05T03:59:01.397621Z,KXBTC15M-26OCT050000-00,0.0010,314.84,yes
2026-10-05T03:59:01.429304Z,KXBTC15M-26OCT050000-00,0.0010,11.71,yes
2026-10-05T03:59:01.619497Z,KXBTC15M-26OCT050000-00,0.0010,412.17,yes
2026-10-05T03:59:01.628491Z,KXBTC15M-26OCT050000-00,0.0010,55.11,yes
2026-10-05T03:59:01.748306Z,KXBTC15M-26OCT050000-00,0.0010,91.62,yes
2026-10-05T03:59:01.852912Z,KXBTC15M-26OCT050000-00,0.0010,27.52,yes
2026-10-05T03:59:01.858043Z,KXBTC15M-26OCT050000-00,0.0010,0.76,yes
2026-10-05T03:59:02.045439Z,KXBTC15M-26OCT050000-00,0.0010,105.38,yes
2026-10-05T03:59:02.125443Z,KXBTC15M-26OCT050000-00,0.0010,91.62,yes
2026-10-05T03:59:02.165739Z,KXBTC15M-26OCT050000-00,0.0010,10.04,yes
2026-10-05T03:59:02.245176Z,KXBTC15M-26OCT050000-00,0.0010,4579.77,yes
2026-10-05T03:59:02.370475Z,KXBTC15M-26OCT050000-00,0.0010,81.06,yes
2026-10-05T03:59:02.461613Z,KXBTC15M-26OCT050000-00,0.0010,1831.90,yes
2026-10-05T03:59:02.472795Z,KXBTC15M-26OCT050000-00,0.0010,12.97,yes
2026-10-05T03:59:02.950741Z,KXBTC15M-26OCT050000-00,0.0010,117.37,yes
2026-10-05T03:59:03.17007Z,KXBTC15M-26OCT050000-00,0.0010,38.10,yes
2026-10-05T03:59:03.276445Z,KXBTC15M-26OCT050000-00,0.0010,622.87,yes
2026-10-05T03:59:03.456539Z,KXBTC15M-26OCT050000-00,0.0010,3.00,yes
2026-10-05T03:59:03.637578Z,KXBTC15M-26OCT050000-00,0.0010,11.25,yes
2026-10-05T03:59:03.966475Z,KXBTC15M-26OCT050000-00,0.0010,0.44,yes
2026-10-05T03:59:04.348728Z,KXBTC15M-26OCT050000-00,0.0010,159.30,yes
2026-10-05T03:59:04.442961Z,KXBTC15M-26OCT050000-00,0.0010,1000.00,yes
2026-10-05T03:59:04.521728Z,KXBTC15M-26OCT050000-00,0.0010,915.99,yes
2026-10-05T03:59:05.415429Z,KXBTC15M-26OCT050000-00,0.0010,915.99,yes
2026-10-05T03:59:05.584289Z,KXBTC15M-26OCT050000-00,0.0010,2.34,yes
2026-10-05T03:59:05.60665Z,KXBTC15M-26OCT050000-00,0.0010,915.99,yes
2026-10-05T03:59:05.763298Z,KXBTC15M-26OCT050000-00,0.0010,1744.06,yes
2026-10-05T03:59:05.777977Z,KXBTC15M-26OCT050000-00,0.0010,71.36,yes
2026-10-05T03:59:05.81431Z,KXBTC15M-26OCT050000-00,0.0010,317.73,yes
2026-10-05T03:59:06.262085Z,KXBTC15M-26OCT050000-00,0.0010,122.95,yes
2026-10-05T03:59:06.347604Z,KXBTC15M-26OCT050000-00,0.0010,3.52,yes
2026-10-05T03:59:06.482688Z,KXBTC15M-26OCT050000-00,0.0010,10.28,yes
2026-10-05T03:59:06.649458Z,KXBTC15M-26OCT050000-00,0.0010,143.12,yes
2026-10-05T03:59:06.815323Z,KXBTC15M-26OCT050000-00,0.0010,2.00,yes
2026-10-05T03:59:06.965117Z,KXBTC15M-26OCT050000-00,0.0010,15.30,yes
2026-10-05T03:59:06.986582Z,KXBTC15M-26OCT050000-00,0.0010,19.57,yes
2026-10-05T03:59:06.992866Z,KXBTC15M-26OCT050000-00,0.0010,10.00,yes
2026-10-05T03:59:07.040286Z,KXBTC15M-26OCT050000-00,0.0010,91.62,yes
2026-10-05T03:59:07.286305Z,KXBTC15M-26OCT050000-00,0.0010,1408.00,yes
2026-10-05T03:59:07.392794Z,KXBTC15M-26OCT050000-00,0.0010,18.36,yes
2026-10-05T03:59:07.44709Z,KXBTC15M-26OCT050000-00,0.0010,49.26,yes
2026-10-05T03:59:07.458001Z,KXBTC15M-26OCT050000-00,0.0010,17.94,yes
2026-10-05T03:59:07.476084Z,KXBTC15M-26OCT050000-00,0.0010,9.01,yes
2026-10-05T03:59:07.503894Z,KXBTC15M-26OCT050000-00,0.0010,91.62,yes
2026-10-05T03:59:07.748835Z,KXBTC15M-26OCT050000-00,0.0010,0.15,yes
2026-10-05T03:59:07.797594Z,KXBTC15M-26OCT050000-00,0.0010,0.02,yes
2026-10-05T03:59:07.79829Z,KXBTC15M-26OCT050000-00,0.0010,0.02,yes
2026-10-05T03:59:07.867626Z,KXBTC15M-26OCT050000-00,0.0010,54.00,yes
2026-10-05T03:59:07.867626Z,KXBTC15M-26OCT050000-00,0.0010,3131.99,yes
2026-10-05T03:59:07.867626Z,KXBTC15M-26OCT050000-00,0.0010,1300.32,yes
2026-10-05T03:59:08.063705Z,KXBTC15M-26OCT050000-00,0.0010,15.00,yes
2026-10-05T03:59:08.066997Z,KXBTC15M-26OCT050000-00,0.0010,400.00,yes
2026-10-05T03:59:08.06843Z,KXBTC15M-26OCT050000-00,0.0010,1.00,yes
2026-10-05T03:59:08.070182Z,KXBTC15M-26OCT050000-00,0.0010,15.00,yes
2026-10-05T03:59:08.363147Z,KXBTC15M-26OCT050000-00,0.0010,915.99,yes
2026-10-05T03:59:08.422783Z,KXBTC15M-26OCT050000-00,0.0010,89.66,yes
2026-10-05T03:59:08.564346Z,KXBTC15M-26OCT050000-00,0.0010,2879.04,yes
2026-10-05T03:59:08.580008Z,KXBTC15M-26OCT050000-00,0.0010,7.19,yes
2026-10-05T03:59:08.675859Z,KXBTC15M-26OCT050000-00,0.0010,915.99,yes
2026-10-05T03:59:08.716762Z,KXBTC15M-26OCT050000-00,0.0010,5.36,yes
2026-10-05T03:59:09.0229Z,KXBTC15M-26OCT050000-00,0.0010,1.63,yes
2026-10-05T03:59:09.117505Z,KXBTC15M-26OCT050000-00,0.0010,2.18,yes
2026-10-05T03:59:09.153307Z,KXBTC15M-26OCT050000-00,0.0010,201.09,yes
2026-10-05T03:59:09.219509Z,KXBTC15M-26OCT050000-00,0.0010,85.29,yes
2026-10-05T03:59:09.400354Z,KXBTC15M-26OCT050000-00,0.0010,0.87,yes
2026-10-05T03:59:09.660856Z,KXBTC15M-26OCT050000-00,0.0010,9.20,yes
2026-10-05T03:59:09.753764Z,KXBTC15M-26OCT050000-00,0.0010,240.11,yes
2026-10-05T03:59:09.769796Z,KXBTC15M-26OCT050000-00,0.0010,0.02,yes
2026-10-05T03:59:09.770262Z,KXBTC15M-26OCT050000-00,0.0010,0.02,yes
2026-10-05T03:59:09.771461Z,KXBTC15M-26OCT050000-00,0.0010,0.02,yes
2026-10-05T03:59:09.944591Z,KXBTC15M-26OCT050000-00,0.0010,7.29,yes
2026-10-05T03:59:10.301647Z,KXBTC15M-26OCT050000-00,0.0010,4579.77,yes
2026-10-05T03:59:10.465289Z,KXBTC15M-26OCT050000-00,0.0010,9.68,yes
2026-10-05T03:59:10.780318Z,KXBTC15M-26OCT050000-00,0.0010,19.27,yes
2026-10-05T03:59:10.808934Z,KXBTC15M-26OCT050000-00,0.0010,2.87,yes
2026-10-05T03:59:10.814675Z,KXBTC15M-26OCT050000-00,0.0010,60.00,yes
2026-10-05T03:59:11.001871Z,KXBTC15M-26OCT050000-00,0.0010,7.97,yes
2026-10-05T03:59:11.174151Z,KXBTC15M-26OCT050000-00,0.0010,242.00,yes
2026-10-05T03:59:11.263931Z,KXBTC15M-26OCT050000-00,0.0010,106.99,yes
2026-10-05T03:59:11.377924Z,KXBTC15M-26OCT050000-00,0.0010,934.69,yes
2026-10-05T03:59:11.387879Z,KXBTC15M-26OCT050000-00,0.0010,0.02,yes
2026-10-05T03:59:11.388084Z,KXBTC15M-26OCT050000-00,0.0010,0.02,yes
2026-10-05T03:59:11.482632Z,KXBTC15M-26OCT050000-00,0.0010,218.50,yes
2026-10-05T03:59:11.482632Z,KXBTC15M-26OCT050000-00,0.0010,697.49,yes
2026-10-05T03:59:11.626286Z,KXBTC15M-26OCT050000-00,0.0010,3663.81,yes
2026-10-05T03:59:11.91891Z,KXBTC15M-26OCT050000-00,0.0010,455.20,yes
2026-10-05T03:59:11.995163Z,KXBTC15M-26OCT050000-00,0.0010,35.32,yes
2026-10-05T03:59:12.425689Z,KXBTC15M-26OCT050000-00,0.0010,915.99,yes
2026-10-05T03:59:12.429719Z,KXBTC15M-26OCT050000-00,0.0010,8.10,yes
2026-10-05T03:59:12.479957Z,KXBTC15M-26OCT050000-00,0.0010,272.43,yes
2026-10-05T03:59:12.595607Z,KXBTC15M-26OCT050000-00,0.0010,458.04,yes
2026-10-05T03:59:12.6131Z,KXBTC15M-26OCT050000-00,0.0010,1.00,yes
2026-10-05T03:59:12.754277Z,KXBTC15M-26OCT050000-00,0.0010,88.13,yes
2026-10-05T03:59:12.788587Z,KXBTC15M-26OCT050000-00,0.0010,47.14,yes
2026-10-05T03:59:12.820785Z,KXBTC15M-26OCT050000-00,0.0010,1.84,yes
2026-10-05T03:59:13.013686Z,KXBTC15M-26OCT050000-00,0.0010,4579.77,yes
2026-10-05T03:59:13.057033Z,KXBTC15M-26OCT050000-00,0.0010,915.99,yes
2026-10-05T03:59:13.192849Z,KXBTC15M-26OCT050000-00,0.0010,2.11,yes
2026-10-05T03:59:13.234218Z,KXBTC15M-26OCT050000-00,0.0010,32.24,yes
2026-10-05T03:59:13.309543Z,KXBTC15M-26OCT050000-00,0.0010,0.02,yes
2026-10-05T03:59:13.310124Z,KXBTC15M-26OCT050000-00,0.0010,0.02,yes
2026-10-05T03:59:13.349041Z,KXBTC15M-26OCT050000-00,0.0010,310.73,yes
2026-10-05T03:59:13.349041Z,KXBTC15M-26OCT050000-00,0.0010,605.26,yes
2026-10-05T03:59:13.368314Z,KXBTC15M-26OCT050000-00,0.0010,116.00,yes
2026-10-05T03:59:13.395718Z,KXBTC15M-26OCT050000-00,0.0010,109.34,yes
2026-10-05T03:59:13.397645Z,KXBTC15M-26OCT050000-00,0.0010,7.39,yes
2026-10-05T03:59:13.43399Z,KXBTC15M-26OCT050000-00,0.0010,1.31,yes
2026-10-05T03:59:13.450865Z,KXBTC15M-26OCT050000-00,0.0010,182.08,yes
2026-10-05T03:59:13.469635Z,KXBTC15M-26OCT050000-00,0.0010,3.07,yes
2026-10-05T03:59:13.525079Z,KXBTC15M-26OCT050000-00,0.0010,15.00,yes
2026-10-05T03:59:13.904625Z,KXBTC15M-26OCT050000-00,0.0010,18.69,yes
2026-10-05T03:59:13.93201Z,KXBTC15M-26OCT050000-00,0.0010,142.10,yes
2026-10-05T03:59:13.941458Z,KXBTC15M-26OCT050000-00,0.0010,915.99,yes
2026-10-05T03:59:14.107118Z,KXBTC15M-26OCT050000-00,0.0010,18.30,yes
2026-10-05T03:59:14.802709Z,KXBTC15M-26OCT050000-00,0.0010,915.99,yes
2026-10-05T03:59:14.941972Z,KXBTC15M-26OCT050000-00,0.0010,15.63,yes
2026-10-05T03:59:14.993997Z,KXBTC15M-26OCT050000-00,0.0010,13.00,yes
2026-10-05T03:59:15.073808Z,KXBTC15M-26OCT050000-00,0.0010,361.54,yes
2026-10-05T03:59:15.094995Z,KXBTC15M-26OCT050000-00,0.0010,99.12,yes
2026-10-05T03:59:15.467159Z,KXBTC15M-26OCT050000-00,0.0010,74.28,yes
2026-10-05T03:59:15.483892Z,KXBTC15M-26OCT050000-00,0.0010,915.99,yes
2026-10-05T03:59:15.609727Z,KXBTC15M-26OCT050000-00,0.0010,0.02,yes
2026-10-05T03:59:15.610773Z,KXBTC15M-26OCT050000-00,0.0010,0.02,yes
2026-10-05T03:59:15.855852Z,KXBTC15M-26OCT050000-00,0.0010,4579.77,yes
2026-10-05T03:59:16.249655Z,KXBTC15M-26OCT050000-00,0.0010,4.47,yes
2026-10-05T03:59:16.391398Z,KXBTC15M-26OCT050000-00,0.0010,22.98,yes
2026-10-05T03:59:16.52949Z,KXBTC15M-26OCT050000-00,0.0010,7.29,yes
2026-10-05T03:59:16.599033Z,KXBTC15M-26OCT050000-00,0.0010,1.67,yes
2026-10-05T03:59:16.64302Z,KXBTC15M-26OCT050000-00,0.0010,9.20,yes
2026-10-05T03:59:16.648545Z,KXBTC15M-26OCT050000-00,0.0010,500.00,yes
2026-10-05T03:59:16.648545Z,KXBTC15M-26OCT050000-00,0.0010,100.00,yes
2026-10-05T03:59:16.648545Z,KXBTC15M-26OCT050000-00,0.0010,15.00,yes
2026-10-05T03:59:16.648545Z,KXBTC15M-26OCT050000-00,0.0010,750.00,yes
2026-10-05T03:59:16.648545Z,KXBTC15M-26OCT050000-00,0.0010,11139.03,yes
2026-10-05T03:59:16.648545Z,KXBTC15M-26OCT050000-00,0.0010,200.00,yes
2026-10-05T03:59:16.648545Z,KXBTC15M-26OCT050000-00,0.0010,100.00,yes
2026-10-05T03:59:16.648545Z,KXBTC15M-26OCT050000-00,0.0010,1000.00,yes
2026-10-05T03:59:16.648545Z,KXBTC15M-26OCT050000-00,0.0010,4515.00,yes
2026-10-05T03:59:17.222676Z,KXBTC15M-26OCT050000-00,0.0010,133.17,yes
2026-10-05T03:59:17.222676Z,KXBTC15M-26OCT050000-00,0.0010,485.00,yes
2026-10-05T03:59:17.306814Z,KXBTC15M-26OCT050000-00,0.0010,92.83,yes
2026-10-05T03:59:17.408714Z,KXBTC15M-26OCT050000-00,0.0010,139.00,yes
2026-10-05T03:59:17.41514Z,KXBTC15M-26OCT050000-00,0.0010,5.91,yes
2026-10-05T03:59:17.461182Z,KXBTC15M-26OCT050000-00,0.0010,9.20,yes
2026-10-05T03:59:17.872864Z,KXBTC15M-26OCT050000-00,0.0010,1977.56,yes
2026-10-05T03:59:18.023573Z,KXBTC15M-26OCT050000-00,0.0010,0.02,yes
2026-10-05T03:59:18.023575Z,KXBTC15M-26OCT050000-00,0.0010,0.02,yes
2026-10-05T03:59:18.028325Z,KXBTC15M-26OCT050000-00,0.0010,13.93,yes
2026-10-05T03:59:19.113572Z,KXBTC15M-26OCT050000-00,0.0010,930.00,yes
2026-10-05T03:59:19.115444Z,KXBTC15M-26OCT050000-00,0.0010,36.18,yes
2026-10-05T03:59:19.257698Z,KXBTC15M-26OCT050000-00,0.0010,155.71,yes
2026-10-05T03:59:19.281509Z,KXBTC15M-26OCT050000-00,0.0010,6.99,yes
2026-10-05T03:59:19.325061Z,KXBTC15M-26OCT050000-00,0.0010,915.99,yes
2026-10-05T03:59:19.340519Z,KXBTC15M-26OCT050000-00,0.0010,94.76,yes
2026-10-05T03:59:19.673432Z,KXBTC15M-26OCT050000-00,0.0010,10.86,yes
2026-10-05T03:59:19.705739Z,KXBTC15M-26OCT050000-00,0.0010,0.70,yes
2026-10-05T03:59:19.902823Z,KXBTC15M-26OCT050000-00,0.0010,5.44,yes
2026-10-05T03:59:20.202786Z,KXBTC15M-26OCT050000-00,0.0010,915.99,yes
2026-10-05T03:59:20.331241Z,KXBTC15M-26OCT050000-00,0.0010,1.00,yes
2026-10-05T03:59:20.375361Z,KXBTC15M-26OCT050000-00,0.0010,0.15,yes
2026-10-05T03:59:20.673295Z,KXBTC15M-26OCT050000-00,0.0010,2380.00,yes
2026-10-05T03:59:20.686486Z,KXBTC15M-26OCT050000-00,0.0010,915.99,yes
2026-10-05T03:59:20.879075Z,KXBTC15M-26OCT050000-00,0.0010,89.75,yes
2026-10-05T03:59:20.923215Z,KXBTC15M-26OCT050000-00,0.0010,500.00,yes
2026-10-05T03:59:20.954656Z,KXBTC15M-26OCT050000-00,0.0010,915.99,yes
2026-10-05T03:59:20.999438Z,KXBTC15M-26OCT050000-00,0.0010,38.78,yes
2026-10-05T03:59:21.256544Z,KXBTC15M-26OCT050000-00,0.0010,245.47,yes
2026-10-05T03:59:21.350395Z,KXBTC15M-26OCT050000-00,0.0010,5.31,yes
2026-10-05T03:59:21.532377Z,KXBTC15M-26OCT050000-00,0.0010,458.04,yes
2026-10-05T03:59:22.093343Z,KXBTC15M-26OCT050000-00,0.0010,166.16,yes
2026-10-05T03:59:22.114674Z,KXBTC15M-26OCT050000-00,0.0010,4.33,yes
2026-10-05T03:59:22.351254Z,KXBTC15M-26OCT050000-00,0.0010,193.10,yes
2026-10-05T03:59:22.393469Z,KXBTC15M-26OCT050000-00,0.0010,0.02,yes
2026-10-05T03:59:22.394139Z,KXBTC15M-26OCT050000-00,0.0010,0.02,yes
2026-10-05T03:59:22.394494Z,KXBTC15M-26OCT050000-00,0.0010,0.02,yes
2026-10-05T03:59:22.39511Z,KXBTC15M-26OCT050000-00,0.0010,0.02,yes
2026-10-05T03:59:22.407051Z,KXBTC15M-26OCT050000-00,0.0010,0.02,yes
2026-10-05T03:59:22.551669Z,KXBTC15M-26OCT050000-00,0.0010,915.99,yes
2026-10-05T03:59:22.69893Z,KXBTC15M-26OCT050000-00,0.0010,898.30,yes
2026-10-05T03:59:22.708688Z,KXBTC15M-26OCT050000-00,0.0010,30.00,yes
2026-10-05T03:59:22.810053Z,KXBTC15M-26OCT050000-00,0.0010,42.53,yes
2026-10-05T03:59:22.863218Z,KXBTC15M-26OCT050000-00,0.0010,66.99,yes
2026-10-05T03:59:23.137237Z,KXBTC15M-26OCT050000-00,0.0010,18.95,yes
2026-10-05T03:59:23.224222Z,KXBTC15M-26OCT050000-00,0.0010,8.81,yes
2026-10-05T03:59:23.38172Z,KXBTC15M-26OCT050000-00,0.0010,10.79,yes
2026-10-05T03:59:23.478065Z,KXBTC15M-26OCT050000-00,0.0010,915.99,yes
2026-10-05T03:59:23.520398Z,KXBTC15M-26OCT050000-00,0.0010,915.99,yes
2026-10-05T03:59:23.536888Z,KXBTC15M-26OCT050000-00,0.0010,1.74,yes
2026-10-05T03:59:23.690141Z,KXBTC15M-26OCT050000-00,0.0010,915.99,yes
2026-10-05T03:59:24.014491Z,KXBTC15M-26OCT050000-00,0.0010,12.00,yes
2026-10-05T03:59:24.042547Z,KXBTC15M-26OCT050000-00,0.0010,0.02,yes
2026-10-05T03:59:24.065913Z,KXBTC15M-26OCT050000-00,0.0010,915.99,yes
2026-10-05T03:59:24.081983Z,KXBTC15M-26OCT050000-00,0.0010,10.06,yes
2026-10-05T03:59:24.300502Z,KXBTC15M-26OCT050000-00,0.0010,0.69,yes
2026-10-05T03:59:24.442608Z,KXBTC15M-26OCT050000-00,0.0010,93.49,yes
2026-10-05T03:59:24.848592Z,KXBTC15M-26OCT050000-00,0.0010,14.28,yes
2026-10-05T03:59:25.031569Z,KXBTC15M-26OCT050000-00,0.0010,239.92,yes
2026-10-05T03:59:25.0952Z,KXBTC15M-26OCT050000-00,0.0010,5.02,yes
2026-10-05T03:59:25.188623Z,KXBTC15M-26OCT050000-00,0.0010,5.02,yes
2026-10-05T03:59:25.585425Z,KXBTC15M-26OCT050000-00,0.0010,14.58,yes
2026-10-05T03:59:25.621457Z,KXBTC15M-26OCT050000-00,0.0010,461.73,yes
2026-10-05T03:59:25.621457Z,KXBTC15M-26OCT050000-00,0.0010,68.00,yes
2026-10-05T03:59:25.621457Z,KXBTC15M-26OCT050000-00,0.0010,19.00,yes
2026-10-05T03:59:25.621457Z,KXBTC15M-26OCT050000-00,0.0010,277.00,yes
2026-10-05T03:59:25.621457Z,KXBTC15M-26OCT050000-00,0.0010,4335.43,yes
2026-10-05T03:59:25.621457Z,KXBTC15M-26OCT050000-00,0.0010,2000.00,yes
2026-10-05T03:59:25.621457Z,KXBTC15M-26OCT050000-00,0.0010,100.00,yes
2026-10-05T03:59:25.621457Z,KXBTC15M-26OCT050000-00,0.0010,1500.00,yes
2026-10-05T03:59:25.621457Z,KXBTC15M-26OCT050000-00,0.0010,500.00,yes
2026-10-05T03:59:25.621457Z,KXBTC15M-26OCT050000-00,0.0010,1500.00,yes
2026-10-05T03:59:25.621457Z,KXBTC15M-26OCT050000-00,0.0010,1000.00,yes
2026-10-05T03:59:25.621457Z,KXBTC15M-26OCT050000-00,0.0010,3082.60,yes
2026-10-05T03:59:25.621457Z,KXBTC15M-26OCT050000-00,0.0010,500.00,yes
2026-10-05T03:59:25.621457Z,KXBTC15M-26OCT050000-00,0.0010,1000.00,yes
2026-10-05T03:59:25.621457Z,KXBTC15M-26OCT050000-00,0.0010,750.00,yes
2026-10-05T03:59:25.621457Z,KXBTC15M-26OCT050000-00,0.0010,300.00,yes
2026-10-05T03:59:25.621457Z,KXBTC15M-26OCT050000-00,0.0010,5.00,yes
2026-10-05T03:59:25.621457Z,KXBTC15M-26OCT050000-00,0.0010,400.00,yes
2026-10-05T03:59:25.621457Z,KXBTC15M-26OCT050000-00,0.0010,1500.00,yes
2026-10-05T03:59:25.621457Z,KXBTC15M-26OCT050000-00,0.0010,1000.00,yes
2026-10-05T03:59:25.621457Z,KXBTC15M-26OCT050000-00,0.0010,2000.00,yes
2026-10-05T03:59:25.621457Z,KXBTC15M-26OCT050000-00,0.0010,300.00,yes
2026-10-05T03:59:25.621457Z,KXBTC15M-26OCT050000-00,0.0010,200.00,yes
2026-10-05T03:59:25.621457Z,KXBTC15M-26OCT050000-00,0.0010,100.00,yes
2026-10-05T03:59:25.752331Z,KXBTC15M-26OCT050000-00,0.0010,58.55,yes
2026-10-05T03:59:25.921333Z,KXBTC15M-26OCT050000-00,0.0010,5.03,yes
2026-10-05T03:59:26.544729Z,KXBTC15M-26OCT050000-00,0.0010,3.75,yes
2026-10-05T03:59:26.821817Z,KXBTC15M-26OCT050000-00,0.0010,94.76,yes
2026-10-05T03:59:26.904812Z,KXBTC15M-26OCT050000-00,0.0010,0.02,yes
2026-10-05T03:59:27.049286Z,KXBTC15M-26OCT050000-00,0.0010,915.99,yes
2026-10-05T03:59:27.127426Z,KXBTC15M-26OCT050000-00,0.0010,30.77,yes
2026-10-05T03:59:27.180183Z,KXBTC15M-26OCT050000-00,0.0010,0.02,yes
2026-10-05T03:59:27.32786Z,KXBTC15M-26OCT050000-00,0.0010,915.99,yes
2026-10-05T03:59:27.390812Z,KXBTC15M-26OCT050000-00,0.0010,14.26,yes
2026-10-05T03:59:27.471227Z,KXBTC15M-26OCT050000-00,0.0010,3535.63,yes
2026-10-05T03:59:27.7185Z,KXBTC15M-26OCT050000-00,0.0010,132.70,yes
2026-10-05T03:59:27.786852Z,KXBTC15M-26OCT050000-00,0.0010,8.23,yes
2026-10-05T03:59:28.07696Z,KXBTC15M-26OCT050000-00,0.0010,2.95,yes
2026-10-05T03:59:28.161109Z,KXBTC15M-26OCT050000-00,0.0010,47.14,yes
2026-10-05T03:59:28.253954Z,KXBTC15M-26OCT050000-00,0.0010,0.02,yes
2026-10-05T03:59:28.254094Z,KXBTC15M-26OCT050000-00,0.0010,0.02,yes
2026-10-05T03:59:28.326188Z,KXBTC15M-26OCT050000-00,0.0010,329.76,yes
2026-10-05T03:59:28.598313Z,KXBTC15M-26OCT050000-00,0.0010,915.99,yes
2026-10-05T03:59:29.084007Z,KXBTC15M-26OCT050000-00,0.0010,5.74,yes
2026-10-05T03:59:29.112644Z,KXBTC15M-26OCT050000-00,0.0010,915.99,yes
2026-10-05T03:59:29.164188Z,KXBTC15M-26OCT050000-00,0.0010,21.72,yes
2026-10-05T03:59:29.180378Z,KXBTC15M-26OCT050000-00,0.0010,915.99,yes
2026-10-05T03:59:29.24649Z,KXBTC15M-26OCT050000-00,0.0010,100.00,yes
2026-10-05T03:59:29.552388Z,KXBTC15M-26OCT050000-00,0.0010,21.92,yes
2026-10-05T03:59:29.599297Z,KXBTC15M-26OCT050000-00,0.0010,272.14,yes
2026-10-05T03:59:29.987506Z,KXBTC15M-26OCT050000-00,0.0010,22.88,yes
2026-10-05T03:59:30.211151Z,KXBTC15M-26OCT050000-00,0.0010,9.42,yes
2026-10-05T03:59:30.255263Z,KXBTC15M-26OCT050000-00,0.0010,18.09,yes
2026-10-05T03:59:30.548629Z,KXBTC15M-26OCT050000-00,0.0010,4.18,yes
2026-10-05T03:59:30.602096Z,KXBTC15M-26OCT050000-00,0.0010,200.00,yes
2026-10-05T03:59:31.020473Z,KXBTC15M-26OCT050000-00,0.0010,915.99,yes
2026-10-05T03:59:31.08284Z,KXBTC15M-26OCT050000-00,0.0010,117.11,yes
2026-10-05T03:59:31.175966Z,KXBTC15M-26OCT050000-00,0.0010,9159.55,yes
2026-10-05T03:59:31.499966Z,KXBTC15M-26OCT050000-00,0.0010,4579.77,yes
2026-10-05T03:59:31.668173Z,KXBTC15M-26OCT050000-00,0.0010,1.47,yes
2026-10-05T03:59:31.926Z,KXBTC15M-26OCT050000-00,0.0010,8.23,yes
2026-10-05T03:59:32.022308Z,KXBTC15M-26OCT050000-00,0.0010,499.70,yes
2026-10-05T03:59:32.138264Z,KXBTC15M-26OCT050000-00,0.0010,366.41,yes
2026-10-05T03:59:32.175275Z,KXBTC15M-26OCT050000-00,0.0010,915.99,yes
2026-10-05T03:59:32.314712Z,KXBTC15M-26OCT050000-00,0.0010,63.65,yes
2026-10-05T03:59:32.716738Z,KXBTC15M-26OCT050000-00,0.0010,915.99,yes
2026-10-05T03:59:32.896764Z,KXBTC15M-26OCT050000-00,0.0010,10.93,yes
2026-10-05T03:59:32.978241Z,KXBTC15M-26OCT050000-00,0.0010,4579.77,yes
2026-10-05T03:59:32.978271Z,KXBTC15M-26OCT050000-00,0.0010,20.12,yes
2026-10-05T03:59:33.039847Z,KXBTC15M-26OCT050000-00,0.0010,15.88,yes
2026-10-05T03:59:33.045398Z,KXBTC15M-26OCT050000-00,0.0010,706.13,yes
2026-10-05T03:59:33.344484Z,KXBTC15M-26OCT050000-00,0.0010,1831.90,yes
2026-10-05T03:59:33.589957Z,KXBTC15M-26OCT050000-00,0.0010,4.57,yes
2026-10-05T03:59:33.787723Z,KXBTC15M-26OCT050000-00,0.0010,1.08,yes
2026-10-05T03:59:34.225315Z,KXBTC15M-26OCT050000-00,0.0010,915.99,yes
2026-10-05T03:59:34.272213Z,KXBTC15M-26OCT050000-00,0.0010,567.90,yes
2026-10-05T03:59:34.324005Z,KXBTC15M-26OCT050000-00,0.0010,30.77,yes
2026-10-05T03:59:34.446582Z,KXBTC15M-26OCT050000-00,0.0010,183.59,yes
2026-10-05T03:59:34.655822Z,KXBTC15M-26OCT050000-00,0.0010,1.00,yes
2026-10-05T03:59:35.04975Z,KXBTC15M-26OCT050000-00,0.0010,13.80,yes
2026-10-05T03:59:35.067095Z,KXBTC15M-26OCT050000-00,0.0010,11.71,yes
2026-10-05T03:59:35.755874Z,KXBTC15M-26OCT050000-00,0.0010,91.62,yes
2026-10-05T03:59:35.775785Z,KXBTC15M-26OCT050000-00,0.0010,189.89,yes
2026-10-05T03:59:35.950444Z,KXBTC15M-26OCT050000-00,0.0010,48.63,yes
2026-10-05T03:59:36.035566Z,KXBTC15M-26OCT050000-00,0.0010,1831.90,yes
2026-10-05T03:59:36.467308Z,KXBTC15M-26OCT050000-00,0.0010,6.97,yes
2026-10-05T03:59:36.482432Z,KXBTC15M-26OCT050000-00,0.0010,91.62,yes
2026-10-05T03:59:36.506156Z,KXBTC15M-26OCT050000-00,0.0010,18.15,yes
2026-10-05T03:59:36.866841Z,KXBTC15M-26OCT050000-00,0.0010,63.10,yes
2026-10-05T03:59:36.883285Z,KXBTC15M-26OCT050000-00,0.0010,5028.56,yes
2026-10-05T03:59:36.953021Z,KXBTC15M-26OCT050000-00,0.0010,109.94,yes
2026-10-05T03:59:37.039962Z,KXBTC15M-26OCT050000-00,0.0010,7.97,yes
2026-10-05T03:59:37.145021Z,KXBTC15M-26OCT050000-00,0.0010,145.08,yes
2026-10-05T03:59:37.211943Z,KXBTC15M-26OCT050000-00,0.0010,0.14,yes
2026-10-05T03:59:37.276177Z,KXBTC15M-26OCT050000-00,0.0010,15.00,yes
2026-10-05T03:59:37.283735Z,KXBTC15M-26OCT050000-00,0.0010,15.00,yes
2026-10-05T03:59:37.283954Z,KXBTC15M-26OCT050000-00,0.0010,400.00,yes
2026-10-05T03:59:37.284102Z,KXBTC15M-26OCT050000-00,0.0010,1.00,yes
2026-10-05T03:59:37.291805Z,KXBTC15M-26OCT050000-00,0.0010,15.00,yes
2026-10-05T03:59:37.298629Z,KXBTC15M-26OCT050000-00,0.0010,15.00,yes
2026-10-05T03:59:37.306597Z,KXBTC15M-26OCT050000-00,0.0010,15.00,yes
2026-10-05T03:59:37.313873Z,KXBTC15M-26OCT050000-00,0.0010,15.00,yes
2026-10-05T03:59:37.317303Z,KXBTC15M-26OCT050000-00,0.0010,7.62,yes
2026-10-05T03:59:37.320699Z,KXBTC15M-26OCT050000-00,0.0010,15.00,yes
2026-10-05T03:59:37.328299Z,KXBTC15M-26OCT050000-00,0.0010,15.00,yes
2026-10-05T03:59:37.330172Z,KXBTC15M-26OCT050000-00,0.0010,10.00,yes
2026-10-05T03:59:37.335882Z,KXBTC15M-26OCT050000-00,0.0010,15.00,yes
2026-10-05T03:59:37.363012Z,KXBTC15M-26OCT050000-00,0.0010,15.00,yes
2026-10-05T03:59:37.42346Z,KXBTC15M-26OCT050000-00,0.0010,1831.90,yes
2026-10-05T03:59:37.444028Z,KXBTC15M-26OCT050000-00,0.0010,15.00,yes
2026-10-05T03:59:37.526936Z,KXBTC15M-26OCT050000-00,0.0010,8.00,yes
2026-10-05T03:59:37.527465Z,KXBTC15M-26OCT050000-00,0.0010,15.00,yes
2026-10-05T03:59:37.609297Z,KXBTC15M-26OCT050000-00,0.0010,15.00,yes
2026-10-05T03:59:37.692906Z,KXBTC15M-26OCT050000-00,0.0010,15.00,yes
2026-10-05T03:59:37.698642Z,KXBTC15M-26OCT050000-00,0.0010,930.00,yes
2026-10-05T03:59:37.775815Z,KXBTC15M-26OCT050000-00,0.0010,15.00,yes
2026-10-05T03:59:37.833078Z,KXBTC15M-26OCT050000-00,0.0010,25.00,yes
2026-10-05T03:59:37.863274Z,KXBTC15M-26OCT050000-00,0.0010,15.00,yes
2026-10-05T03:59:37.926987Z,KXBTC15M-26OCT050000-00,0.0010,9.17,yes
2026-10-05T03:59:37.944198Z,KXBTC15M-26OCT050000-00,0.0010,15.00,yes
2026-10-05T03:59:37.972407Z,KXBTC15M-26OCT050000-00,0.0010,21.86,yes
2026-10-05T03:59:38.026489Z,KXBTC15M-26OCT050000-00,0.0010,15.00,yes
2026-10-05T03:59:38.031845Z,KXBTC15M-26OCT050000-00,0.0010,99.34,yes
2026-10-05T03:59:38.037028Z,KXBTC15M-26OCT050000-00,0.0010,29.39,yes
2026-10-05T03:59:38.110748Z,KXBTC15M-26OCT050000-00,0.0010,15.00,yes
2026-10-05T03:59:38.19141Z,KXBTC15M-26OCT050000-00,0.0010,15.00,yes
2026-10-05T03:59:38.224523Z,KXBTC15M-26OCT050000-00,0.0010,915.99,yes
2026-10-05T03:59:38.235259Z,KXBTC15M-26OCT050000-00,0.0010,9159.55,yes
2026-10-05T03:59:38.250491Z,KXBTC15M-26OCT050000-00,0.0010,50.00,yes
2026-10-05T03:59:38.276647Z,KXBTC15M-26OCT050000-00,0.0010,15.00,yes
2026-10-05T03:59:38.291131Z,KXBTC15M-26OCT050000-00,0.0010,9159.55,yes
2026-10-05T03:59:38.35266Z,KXBTC15M-26OCT050000-00,0.0010,92.71,yes
2026-10-05T03:59:38.573982Z,KXBTC15M-26OCT050000-00,0.0010,915.99,yes
2026-10-05T03:59:38.574563Z,KXBTC15M-26OCT050000-00,0.0010,1831.90,yes
2026-10-05T03:59:38.632212Z,KXBTC15M-26OCT050000-00,0.0010,915.99,yes
2026-10-05T03:59:38.646034Z,KXBTC15M-26OCT050000-00,0.0010,60.27,yes
2026-10-05T03:59:38.782357Z,KXBTC15M-26OCT050000-00,0.0010,4579.77,yes
2026-10-05T03:59:38.846476Z,KXBTC15M-26OCT050000-00,0.0010,635.59,yes
2026-10-05T03:59:38.849384Z,KXBTC15M-26OCT050000-00,0.0010,1.00,yes
2026-10-05T03:59:40.090681Z,KXBTC15M-26OCT050000-00,0.0010,5.33,yes
2026-10-05T03:59:40.107422Z,KXBTC15M-26OCT050000-00,0.0010,10.05,yes
2026-10-05T03:59:40.227208Z,KXBTC15M-26OCT050000-00,0.0010,778.60,yes
2026-10-05T03:59:40.260979Z,KXBTC15M-26OCT050000-00,0.0010,197.92,yes
2026-10-05T03:59:40.440817Z,KXBTC15M-26OCT050000-00,0.0010,9159.55,yes
2026-10-05T03:59:40.588767Z,KXBTC15M-26OCT050000-00,0.0010,934.69,yes
2026-10-05T03:59:40.773516Z,KXBTC15M-26OCT050000-00,0.0010,2690.82,yes
2026-10-05T03:59:40.801474Z,KXBTC15M-26OCT050000-00,0.0010,1.44,yes
2026-10-05T03:59:40.920139Z,KXBTC15M-26OCT050000-00,0.0010,1831.90,yes
2026-10-05T03:59:41.274249Z,KXBTC15M-26OCT050000-00,0.0010,16.74,yes
2026-10-05T03:59:41.368266Z,KXBTC15M-26OCT050000-00,0.0010,91.62,yes
2026-10-05T03:59:41.524713Z,KXBTC15M-26OCT050000-00,0.0010,3.84,yes
2026-10-05T03:59:41.71415Z,KXBTC15M-26OCT050000-00,0.0010,54.32,yes
2026-10-05T03:59:41.773785Z,KXBTC15M-26OCT050000-00,0.0010,20.28,yes
2026-10-05T03:59:41.962027Z,KXBTC15M-26OCT050000-00,0.0010,467.15,yes
2026-10-05T03:59:42.024669Z,KXBTC15M-26OCT050000-00,0.0010,4579.77,yes
2026-10-05T03:59:42.034514Z,KXBTC15M-26OCT050000-00,0.0010,0.89,yes
2026-10-05T03:59:42.071174Z,KXBTC15M-26OCT050000-00,0.0010,6.99,yes
2026-10-05T03:59:42.081399Z,KXBTC15M-26OCT050000-00,0.0010,3.26,yes
2026-10-05T03:59:42.142126Z,KXBTC15M-26OCT050000-00,0.0010,3083.30,yes
2026-10-05T03:59:42.142126Z,KXBTC15M-26OCT050000-00,0.0010,1496.47,yes
2026-10-05T03:59:42.293532Z,KXBTC15M-26OCT050000-00,0.0010,3.34,yes
2026-10-05T03:59:42.415692Z,KXBTC15M-26OCT050000-00,0.0010,7.73,yes
2026-10-05T03:59:42.530634Z,KXBTC15M-26OCT050000-00,0.0010,323.53,yes
2026-10-05T03:59:42.530634Z,KXBTC15M-26OCT050000-00,0.0010,100.00,yes
2026-10-05T03:59:42.530634Z,KXBTC15M-26OCT050000-00,0.0010,492.46,yes
2026-10-05T03:59:42.667684Z,KXBTC15M-26OCT050000-00,0.0010,10.00,yes
2026-10-05T03:59:42.947569Z,KXBTC15M-26OCT050000-00,0.0010,71.14,yes
2026-10-05T03:59:42.947569Z,KXBTC15M-26OCT050000-00,0.0010,166.47,yes
2026-10-05T03:59:43.103263Z,KXBTC15M-26OCT050000-00,0.0010,89.75,yes
2026-10-05T03:59:43.230509Z,KXBTC15M-26OCT050000-00,0.0010,915.99,yes
2026-10-05T03:59:43.309287Z,KXBTC15M-26OCT050000-00,0.0010,22.88,yes
2026-10-05T03:59:43.647458Z,KXBTC15M-26OCT050000-00,0.0010,400.24,yes
2026-10-05T03:59:43.647458Z,KXBTC15M-26OCT050000-00,0.0010,515.75,yes
2026-10-05T03:59:43.657834Z,KXBTC15M-26OCT050000-00,0.0010,458.04,yes
2026-10-05T03:59:44.030422Z,KXBTC15M-26OCT050000-00,0.0010,26.21,yes
2026-10-05T03:59:44.030422Z,KXBTC15M-26OCT050000-00,0.0010,100.00,yes
2026-10-05T03:59:44.030422Z,KXBTC15M-26OCT050000-00,0.0010,200.00,yes
2026-10-05T03:59:44.030422Z,KXBTC15M-26OCT050000-00,0.0010,41.00,yes
2026-10-05T03:59:44.030422Z,KXBTC15M-26OCT050000-00,0.0010,3296.60,yes
2026-10-05T03:59:44.052317Z,KXBTC15M-26OCT050000-00,0.0010,14.49,yes
2026-10-05T03:59:44.152592Z,KXBTC15M-26OCT050000-00,0.0010,17.69,yes
2026-10-05T03:59:44.169039Z,KXBTC15M-26OCT050000-00,0.0010,6.59,yes
2026-10-05T03:59:44.201064Z,KXBTC15M-26OCT050000-00,0.0010,5.02,yes
2026-10-05T03:59:44.217177Z,KXBTC15M-26OCT050000-00,0.0010,29.55,yes
2026-10-05T03:59:44.365876Z,KXBTC15M-26OCT050000-00,0.0010,915.99,yes
2026-10-05T03:59:45.065099Z,KXBTC15M-26OCT050000-00,0.0010,8.66,yes
2026-10-05T03:59:45.229089Z,KXBTC15M-26OCT050000-00,0.0010,5.00,yes
2026-10-05T03:59:45.29237Z,KXBTC15M-26OCT050000-00,0.0010,439.71,yes
2026-10-05T03:59:45.355756Z,KXBTC15M-26OCT050000-00,0.0010,90.00,yes
2026-10-05T03:59:45.541134Z,KXBTC15M-26OCT050000-00,0.0010,44.96,yes
2026-10-05T03:59:46.130671Z,KXBTC15M-26OCT050000-00,0.0010,915.99,yes
2026-10-05T03:59:46.375313Z,KXBTC15M-26OCT050000-00,0.0010,23.26,yes
2026-10-05T03:59:47.402081Z,KXBTC15M-26OCT050000-00,0.0010,0.02,yes
2026-10-05T03:59:47.485604Z,KXBTC15M-26OCT050000-00,0.0010,4579.77,yes
2026-10-05T03:59:47.53378Z,KXBTC15M-26OCT050000-00,0.0010,5.37,yes
2026-10-05T03:59:47.859249Z,KXBTC15M-26OCT050000-00,0.0010,5.17,yes
2026-10-05T03:59:48.033271Z,KXBTC15M-26OCT050000-00,0.0010,12.29,yes
2026-10-05T03:59:48.053079Z,KXBTC15M-26OCT050000-00,0.0010,103.82,yes
2026-10-05T03:59:48.260966Z,KXBTC15M-26OCT050000-00,0.0010,0.02,yes
2026-10-05T03:59:48.673819Z,KXBTC15M-26OCT050000-00,0.0010,15.69,yes
2026-10-05T03:59:48.932308Z,KXBTC15M-26OCT050000-00,0.0010,0.41,yes
2026-10-05T03:59:49.0538Z,KXBTC15M-26OCT050000-00,0.0010,13739.29,yes
2026-10-05T03:59:49.056758Z,KXBTC15M-26OCT050000-00,0.0010,437.39,yes
2026-10-05T03:59:49.259423Z,KXBTC15M-26OCT050000-00,0.0010,915.99,yes
2026-10-05T03:59:49.380869Z,KXBTC15M-26OCT050000-00,0.0010,915.99,yes
2026-10-05T03:59:49.499989Z,KXBTC15M-26OCT050000-00,0.0010,9.34,yes
2026-10-05T03:59:50.339678Z,KXBTC15M-26OCT050000-00,0.0010,915.99,yes
2026-10-05T03:59:50.372367Z,KXBTC15M-26OCT050000-00,0.0010,5.73,yes
2026-10-05T03:59:50.399336Z,KXBTC15M-26OCT050000-00,0.0010,4579.77,yes
2026-10-05T03:59:50.448844Z,KXBTC15M-26OCT050000-00,0.0010,17.03,yes
2026-10-05T03:59:50.507413Z,KXBTC15M-26OCT050000-00,0.0010,915.99,yes
2026-10-05T03:59:50.583759Z,KXBTC15M-26OCT050000-00,0.0010,10.69,yes
2026-10-05T03:59:50.871078Z,KXBTC15M-26OCT050000-00,0.0010,18.33,yes
2026-10-05T03:59:51.112253Z,KXBTC15M-26OCT050000-00,0.0010,5.26,yes
2026-10-05T03:59:51.166827Z,KXBTC15M-26OCT050000-00,0.0010,2747.91,yes
2026-10-05T03:59:51.403197Z,KXBTC15M-26OCT050000-00,0.0010,26.20,yes
2026-10-05T03:59:51.538089Z,KXBTC15M-26OCT050000-00,0.0010,4.93,yes
2026-10-05T03:59:51.802882Z,KXBTC15M-26OCT050000-00,0.0010,9159.55,yes
2026-10-05T03:59:51.863131Z,KXBTC15M-26OCT050000-00,0.0010,2.01,yes
2026-10-05T03:59:52.105621Z,KXBTC15M-26OCT050000-00,0.0010,2.73,yes
2026-10-05T03:59:52.205584Z,KXBTC15M-26OCT050000-00,0.0010,934.69,yes
2026-10-05T03:59:52.255497Z,KXBTC15M-26OCT050000-00,0.0010,65.60,yes
2026-10-05T03:59:52.262573Z,KXBTC15M-26OCT050000-00,0.0010,16.74,yes
2026-10-05T03:59:52.297999Z,KXBTC15M-26OCT050000-00,0.0010,915.99,yes
2026-10-05T03:59:52.427809Z,KXBTC15M-26OCT050000-00,0.0010,9159.55,yes
2026-10-05T03:59:52.539781Z,KXBTC15M-26OCT050000-00,0.0010,915.99,yes
2026-10-05T03:59:52.894843Z,KXBTC15M-26OCT050000-00,0.0010,9159.55,yes
2026-10-05T03:59:52.958636Z,KXBTC15M-26OCT050000-00,0.0010,20.98,yes
2026-10-05T03:59:53.159964Z,KXBTC15M-26OCT050000-00,0.0010,3.19,yes
2026-10-05T03:59:53.192941Z,KXBTC15M-26OCT050000-00,0.0010,4579.77,yes
2026-10-05T03:59:53.535084Z,KXBTC15M-26OCT050000-00,0.0010,44.91,yes
2026-10-05T03:59:53.542086Z,KXBTC15M-26OCT050000-00,0.0010,1831.90,yes
2026-10-05T03:59:53.572599Z,KXBTC15M-26OCT050000-00,0.0010,25.76,yes
2026-10-05T03:59:53.658418Z,KXBTC15M-26OCT050000-00,0.0010,915.99,yes
2026-10-05T03:59:53.718515Z,KXBTC15M-26OCT050000-00,0.0010,915.99,yes
2026-10-05T03:59:53.862121Z,KXBTC15M-26OCT050000-00,0.0010,32.06,yes
2026-10-05T03:59:53.967646Z,KXBTC15M-26OCT050000-00,0.0010,15.38,yes
2026-10-05T03:59:54.161565Z,KXBTC15M-26OCT050000-00,0.0010,15.64,yes
2026-10-05T03:59:54.167448Z,KXBTC15M-26OCT050000-00,0.0010,104.40,yes
2026-10-05T03:59:54.291841Z,KXBTC15M-26OCT050000-00,0.0010,0.02,yes
2026-10-05T03:59:54.339761Z,KXBTC15M-26OCT050000-00,0.0010,2015.16,yes
2026-10-05T03:59:54.559473Z,KXBTC15M-26OCT050000-00,0.0010,915.99,yes
2026-10-05T03:59:54.836738Z,KXBTC15M-26OCT050000-00,0.0010,915.99,yes
2026-10-05T03:59:54.893592Z,KXBTC15M-26OCT050000-00,0.0010,7.29,yes
2026-10-05T03:59:54.948603Z,KXBTC15M-26OCT050000-00,0.0010,4579.77,yes
2026-10-05T03:59:55.056183Z,KXBTC15M-26OCT050000-00,0.0010,92.31,yes
2026-10-05T03:59:55.084423Z,KXBTC15M-26OCT050000-00,0.0010,915.99,yes
2026-10-05T03:59:55.09676Z,KXBTC15M-26OCT050000-00,0.0010,915.99,yes
2026-10-05T03:59:55.130423Z,KXBTC15M-26OCT050000-00,0.0010,915.99,yes
2026-10-05T03:59:55.249055Z,KXBTC15M-26OCT050000-00,0.0010,113.00,yes
2026-10-05T03:59:55.288554Z,KXBTC15M-26OCT050000-00,0.0010,91.62,yes
2026-10-05T03:59:55.293253Z,KXBTC15M-26OCT050000-00,0.0010,1831.90,yes
2026-10-05T03:59:55.346143Z,KXBTC15M-26OCT050000-00,0.0010,91.62,yes
2026-10-05T03:59:55.359309Z,KXBTC15M-26OCT050000-00,0.0010,57.14,yes
2026-10-05T03:59:55.446946Z,KXBTC15M-26OCT050000-00,0.0010,39.40,yes
2026-10-05T03:59:55.454178Z,KXBTC15M-26OCT050000-00,0.0010,4579.77,yes
2026-10-05T03:59:55.478927Z,KXBTC15M-26OCT050000-00,0.0010,915.99,yes
2026-10-05T03:59:55.553052Z,KXBTC15M-26OCT050000-00,0.0010,35.95,yes
2026-10-05T03:59:55.597557Z,KXBTC15M-26OCT050000-00,0.0010,28.94,yes
2026-10-05T03:59:55.679937Z,KXBTC15M-26OCT050000-00,0.0010,4579.77,yes
2026-10-05T03:59:55.773727Z,KXBTC15M-26OCT050000-00,0.0010,9159.55,yes
2026-10-05T03:59:55.973899Z,KXBTC15M-26OCT050000-00,0.0010,915.99,yes
2026-10-05T03:59:56.118304Z,KXBTC15M-26OCT050000-00,0.0010,19.45,yes
2026-10-05T03:59:56.155961Z,KXBTC15M-26OCT050000-00,0.0010,487.10,yes
2026-10-05T03:59:56.194571Z,KXBTC15M-26OCT050000-00,0.0010,91.62,yes
2026-10-05T03:59:56.252764Z,KXBTC15M-26OCT050000-00,0.0010,578.90,yes
2026-10-05T03:59:56.419663Z,KXBTC15M-26OCT050000-00,0.0010,47.14,yes
2026-10-05T03:59:56.460975Z,KXBTC15M-26OCT050000-00,0.0010,915.99,yes
2026-10-05T03:59:56.528705Z,KXBTC15M-26OCT050000-00,0.0010,5.96,yes
2026-10-05T03:59:56.615553Z,KXBTC15M-26OCT050000-00,0.0010,1831.90,yes
2026-10-05T03:59:56.650778Z,KXBTC15M-26OCT050000-00,0.0010,3.14,yes
2026-10-05T03:59:56.999282Z,KXBTC15M-26OCT050000-00,0.0010,1.62,yes
2026-10-05T03:59:57.261384Z,KXBTC15M-26OCT050000-00,0.0010,73.98,yes
2026-10-05T03:59:57.370375Z,KXBTC15M-26OCT050000-00,0.0010,175.07,yes
2026-10-05T03:59:57.394356Z,KXBTC15M-26OCT050000-00,0.0010,116.68,yes
2026-10-05T03:59:57.529359Z,KXBTC15M-26OCT050000-00,0.0010,16.74,yes
2026-10-05T03:59:57.765543Z,KXBTC15M-26OCT050000-00,0.0010,29.65,yes
2026-10-05T03:59:57.971694Z,KXBTC15M-26OCT050000-00,0.0010,9159.55,yes
2026-10-05T03:59:58.014542Z,KXBTC15M-26OCT050000-00,0.0010,11.09,yes
2026-10-05T03:59:58.435071Z,KXBTC15M-26OCT050000-00,0.0010,0.02,yes
2026-10-05T03:59:58.581741Z,KXBTC15M-26OCT050000-00,0.0010,1831.90,yes
2026-10-05T03:59:58.859047Z,KXBTC15M-26OCT050000-00,0.0010,6.99,yes
2026-10-05T03:59:58.936285Z,KXBTC15M-26OCT050000-00,0.0010,915.99,yes
2026-10-05T03:59:59.147271Z,KXBTC15M-26OCT050000-00,0.0010,915.99,yes
2026-10-05T03:59:59.345671Z,KXBTC15M-26OCT050000-00,0.0010,915.99,yes
2026-10-05T03:59:59.362237Z,KXBTC15M-26OCT050000-00,0.0010,915.99,yes
2026-10-05T03:59:59.48168Z,KXBTC15M-26OCT050000-00,0.0010,142.00,yes
2026-10-05T03:59:59.666152Z,KXBTC15M-26OCT050000-00,0.0010,451.00,yes
2026-10-05T03:59:59.678934Z,KXBTC15M-26OCT050000-00,0.0010,16487.11,yes
2026-10-05T03:59:59.739356Z,KXBTC15M-26OCT050000-00,0.0010,842.69,yes
2026-10-05T03:57:33.175737Z,KXSOL15M-26OCT050000-00,0.0410,29.22,no
2026-10-05T03:57:33.175737Z,KXSOL15M-26OCT050000-00,0.0450,17.00,no
2026-10-05T03:57:33.175737Z,KXSOL15M-26OCT050000-00,0.0400,67.72,no
2026-10-05T03:57:33.175737Z,KXSOL15M-26OCT050000-00,0.0440,3.00,no
2026-10-05T03:57:33.175737Z,KXSOL15M-26OCT050000-00,0.0430,10.00,no
2026-10-05T03:57:33.175737Z,KXSOL15M-26OCT050000-00,0.0460,6.00,no
2026-10-05T03:57:33.175737Z,KXSOL15M-26OCT050000-00,0.0520,2.00,no
2026-10-05T03:57:33.175737Z,KXSOL15M-26OCT050000-00,0.0520,7.00,no
2026-10-05T03:57:33.248403Z,KXSOL15M-26OCT050000-00,0.0520,3.00,yes
2026-10-05T03:57:33.248403Z,KXSOL15M-26OCT050000-00,0.0530,2.00,yes
2026-10-05T03:57:34.346015Z,KXSOL15M-26OCT050000-00,0.0660,47.76,yes
2026-10-05T03:57:34.346015Z,KXSOL15M-26OCT050000-00,0.0630,38.00,yes
2026-10-05T03:57:34.346015Z,KXSOL15M-26OCT050000-00,0.0620,7.00,yes
2026-10-05T03:57:34.346015Z,KXSOL15M-26OCT050000-00,0.0650,6.00,yes
2026-10-05T03:57:34.346015Z,KXSOL15M-26OCT050000-00,0.0660,1.00,yes
2026-10-05T03:57:34.346015Z,KXSOL15M-26OCT050000-00,0.0620,19.00,yes
2026-10-05T03:57:34.494245Z,KXSOL15M-26OCT050000-00,0.0500,2.00,no
2026-10-05T03:57:34.494245Z,KXSOL15M-26OCT050000-00,0.0500,5.00,no
2026-10-05T03:57:34.854694Z,KXSOL15M-26OCT050000-00,0.0490,8.00,yes
2026-10-05T03:57:34.854694Z,KXSOL15M-26OCT050000-00,0.0430,3.00,yes
2026-10-05T03:57:34.854694Z,KXSOL15M-26OCT050000-00,0.0440,3.00,yes
2026-10-05T03:57:34.854694Z,KXSOL15M-26OCT050000-00,0.0500,2.00,yes
2026-10-05T03:57:35.492313Z,KXSOL15M-26OCT050000-00,0.0450,3.00,yes
2026-10-05T03:57:36.985269Z,KXSOL15M-26OCT050000-00,0.0420,2.00,no
2026-10-05T03:57:36.985269Z,KXSOL15M-26OCT050000-00,0.0400,3.00,no
2026-10-05T03:57:36.985269Z,KXSOL15M-26OCT050000-00,0.0410,2.00,no
2026-10-05T03:57:37.703076Z,KXSOL15M-26OCT050000-00,0.0440,2.00,yes
2026-10-05T03:57:37.713388Z,KXSOL15M-26OCT050000-00,0.0440,1.00,yes
2026-10-05T03:57:37.713388Z,KXSOL15M-26OCT050000-00,0.0450,1.00,yes
2026-10-05T03:57:38.838123Z,KXSOL15M-26OCT050000-00,0.0410,3.00,yes
2026-10-05T03:57:38.838123Z,KXSOL15M-26OCT050000-00,0.0480,17.12,yes
2026-10-05T03:57:38.838123Z,KXSOL15M-26OCT050000-00,0.0440,9.00,yes
2026-10-05T03:57:38.838123Z,KXSOL15M-26OCT050000-00,0.0420,3.00,yes
2026-10-05T03:57:38.838123Z,KXSOL15M-26OCT050000-00,0.0470,7.00,yes
2026-10-05T03:57:38.902596Z,KXSOL15M-26OCT050000-00,0.0440,3.00,yes
2026-10-05T03:57:38.902596Z,KXSOL15M-26OCT050000-00,0.0470,7.00,yes
2026-10-05T03:57:38.902596Z,KXSOL15M-26OCT050000-00,0.0450,3.00,yes
2026-10-05T03:57:38.902596Z,KXSOL15M-26OCT050000-00,0.0480,8.00,yes
2026-10-05T03:57:38.902596Z,KXSOL15M-26OCT050000-00,0.0490,10.00,yes
2026-10-05T03:57:38.902596Z,KXSOL15M-26OCT050000-00,0.0500,10.00,yes
2026-10-05T03:57:38.902596Z,KXSOL15M-26OCT050000-00,0.0490,5.00,yes
2026-10-05T03:57:38.902596Z,KXSOL15M-26OCT050000-00,0.0500,20.00,yes
2026-10-05T03:57:38.902596Z,KXSOL15M-26OCT050000-00,0.0530,292.49,yes
2026-10-05T03:57:40.115957Z,KXSOL15M-26OCT050000-00,0.0460,0.74,yes
2026-10-05T03:57:40.115957Z,KXSOL15M-26OCT050000-00,0.0430,0.09,yes
2026-10-05T03:57:40.115957Z,KXSOL15M-26OCT050000-00,0.0450,3.00,yes
2026-10-05T03:57:41.30274Z,KXSOL15M-26OCT050000-00,0.0250,19.00,no
2026-10-05T03:57:41.30274Z,KXSOL15M-26OCT050000-00,0.0270,7.00,no
2026-10-05T03:57:41.30274Z,KXSOL15M-26OCT050000-00,0.0240,23.00,no
2026-10-05T03:57:41.30274Z,KXSOL15M-26OCT050000-00,0.0350,6.00,no
2026-10-05T03:57:41.30274Z,KXSOL15M-26OCT050000-00,0.0330,0.09,no
2026-10-05T03:57:41.30274Z,KXSOL15M-26OCT050000-00,0.0320,3.00,no
2026-10-05T03:57:41.30274Z,KXSOL15M-26OCT050000-00,0.0330,3.00,no
2026-10-05T03:57:41.30274Z,KXSOL15M-26OCT050000-00,0.0390,10.00,no
2026-10-05T03:57:41.30274Z,KXSOL15M-26OCT050000-00,0.0220,41.49,no
2026-10-05T03:57:41.30274Z,KXSOL15M-26OCT050000-00,0.0380,10.00,no
2026-10-05T03:57:41.30274Z,KXSOL15M-26OCT050000-00,0.0220,20.00,no
2026-10-05T03:57:41.30274Z,KXSOL15M-26OCT050000-00,0.0230,80.00,no
2026-10-05T03:57:41.30274Z,KXSOL15M-26OCT050000-00,0.0260,15.00,no
2026-10-05T03:57:41.30274Z,KXSOL15M-26OCT050000-00,0.0300,6.00,no
2026-10-05T03:57:41.30274Z,KXSOL15M-26OCT050000-00,0.0300,11.26,no
2026-10-05T03:57:41.30274Z,KXSOL15M-26OCT050000-00,0.0370,1.00,no
2026-10-05T03:57:42.035427Z,KXSOL15M-26OCT050000-00,0.0380,12.60,yes
2026-10-05T03:57:43.12697Z,KXSOL15M-26OCT050000-00,0.0280,0.99,no
2026-10-05T03:57:43.12697Z,KXSOL15M-26OCT050000-00,0.0290,3.00,no
2026-10-05T03:57:43.12697Z,KXSOL15M-26OCT050000-00,0.0300,0.01,no
2026-10-05T03:57:43.315316Z,KXSOL15M-26OCT050000-00,0.0350,5.06,yes
2026-10-05T03:57:43.802603Z,KXSOL15M-26OCT050000-00,0.0340,1.56,yes
2026-10-05T03:57:43.802603Z,KXSOL15M-26OCT050000-00,0.0330,23.00,yes
2026-10-05T03:57:44.062752Z,KXSOL15M-26OCT050000-00,0.0350,6.00,yes
2026-10-05T03:57:46.441991Z,KXSOL15M-26OCT050000-00,0.0290,1.00,no
2026-10-05T03:57:46.441999Z,KXSOL15M-26OCT050000-00,0.0290,5.00,no
2026-10-05T03:57:46.441999Z,KXSOL15M-26OCT050000-00,0.0280,55.00,no
2026-10-05T03:57:46.441999Z,KXSOL15M-26OCT050000-00,0.0290,19.00,no
2026-10-05T03:57:46.442212Z,KXSOL15M-26OCT050000-00,0.0280,6.00,no
2026-10-05T03:57:47.880855Z,KXSOL15M-26OCT050000-00,0.0180,30.00,no
2026-10-05T03:57:49.087353Z,KXSOL15M-26OCT050000-00,0.0170,40.00,no
2026-10-05T03:57:49.087353Z,KXSOL15M-26OCT050000-00,0.0170,1.00,no
2026-10-05T03:57:49.087353Z,KXSOL15M-26OCT050000-00,0.0170,7.00,no
2026-10-05T03:57:49.301602Z,KXSOL15M-26OCT050000-00,0.0150,40.00,no
2026-10-05T03:57:49.301602Z,KXSOL15M-26OCT050000-00,0.0130,40.00,no
2026-10-05T03:57:49.301602Z,KXSOL15M-26OCT050000-00,0.0160,40.00,no
2026-10-05T03:57:49.301602Z,KXSOL15M-26OCT050000-00,0.0140,40.00,no
2026-10-05T03:57:49.301602Z,KXSOL15M-26OCT050000-00,0.0120,14.86,no
2026-10-05T03:57:49.301602Z,KXSOL15M-26OCT050000-00,0.0160,1.00,no
2026-10-05T03:57:49.301602Z,KXSOL15M-26OCT050000-00,0.0130,1.00,no
2026-10-05T03:57:49.301602Z,KXSOL15M-26OCT050000-00,0.0140,1.00,no
2026-10-05T03:57:49.301602Z,KXSOL15M-26OCT050000-00,0.0150,1.00,no
2026-10-05T03:57:49.301602Z,KXSOL15M-26OCT050000-00,0.0170,13.00,no
2026-10-05T03:57:49.301602Z,KXSOL15M-26OCT050000-00,0.0150,7.00,no
2026-10-05T03:57:49.364286Z,KXSOL15M-26OCT050000-00,0.0170,8.80,yes
2026-10-05T03:57:49.364286Z,KXSOL15M-26OCT050000-00,0.0170,40.00,yes
2026-10-05T03:57:49.773407Z,KXSOL15M-26OCT050000-00,0.0170,21.80,yes
2026-10-05T03:57:49.773407Z,KXSOL15M-26OCT050000-00,0.0170,31.20,yes
2026-10-05T03:57:50.28774Z,KXSOL15M-26OCT050000-00,0.0170,12.33,yes
2026-10-05T03:57:50.590519Z,KXSOL15M-26OCT050000-00,0.0160,20.00,yes
2026-10-05T03:57:50.908411Z,KXSOL15M-26OCT050000-00,0.0150,8.13,yes
2026-10-05T03:57:50.908411Z,KXSOL15M-26OCT050000-00,0.0150,5.87,yes
2026-10-05T03:57:51.008124Z,KXSOL15M-26OCT050000-00,0.0130,7.00,no
2026-10-05T03:57:51.008124Z,KXSOL15M-26OCT050000-00,0.0140,69.00,no
2026-10-05T03:57:51.008124Z,KXSOL15M-26OCT050000-00,0.0130,16.00,no
2026-10-05T03:57:52.120124Z,KXSOL15M-26OCT050000-00,0.0130,1.34,yes
2026-10-05T03:57:52.389105Z,KXSOL15M-26OCT050000-00,0.0120,148.64,no
2026-10-05T03:57:52.389105Z,KXSOL15M-26OCT050000-00,0.0120,3.14,no
2026-10-05T03:57:52.408755Z,KXSOL15M-26OCT050000-00,0.0120,200.00,no
2026-10-05T03:57:52.447103Z,KXSOL15M-26OCT050000-00,0.0120,0.66,no
2026-10-05T03:57:52.447103Z,KXSOL15M-26OCT050000-00,0.0120,1.36,no
2026-10-05T03:57:52.860756Z,KXSOL15M-26OCT050000-00,0.0120,39.34,no
2026-10-05T03:57:52.860756Z,KXSOL15M-26OCT050000-00,0.0120,1.00,no
2026-10-05T03:57:52.860756Z,KXSOL15M-26OCT050000-00,0.0120,7.00,no
2026-10-05T03:57:52.860756Z,KXSOL15M-26OCT050000-00,0.0120,29.53,no
2026-10-05T03:57:53.018717Z,KXSOL15M-26OCT050000-00,0.0120,3.03,no
2026-10-05T03:57:53.44232Z,KXSOL15M-26OCT050000-00,0.0110,1.05,no
2026-10-05T03:57:54.021949Z,KXSOL15M-26OCT050000-00,0.0110,0.01,no
2026-10-05T03:57:54.24486Z,KXSOL15M-26OCT050000-00,0.0110,16.94,no
2026-10-05T03:57:54.24486Z,KXSOL15M-26OCT050000-00,0.0110,4.06,no
2026-10-05T03:57:54.253603Z,KXSOL15M-26OCT050000-00,0.0110,8.00,no
2026-10-05T03:57:54.335646Z,KXSOL15M-26OCT050000-00,0.0110,1.00,no
2026-10-05T03:57:54.335646Z,KXSOL15M-26OCT050000-00,0.0110,2.00,no
2026-10-05T03:57:54.335646Z,KXSOL15M-26OCT050000-00,0.0110,1.00,no
2026-10-05T03:57:54.335646Z,KXSOL15M-26OCT050000-00,0.0110,10.00,no
2026-10-05T03:57:54.335646Z,KXSOL15M-26OCT050000-00,0.0110,100.00,no
2026-10-05T03:57:54.335646Z,KXSOL15M-26OCT050000-00,0.0110,2.00,no
2026-10-05T03:57:54.335646Z,KXSOL15M-26OCT050000-00,0.0110,20.00,no
2026-10-05T03:57:54.335646Z,KXSOL15M-26OCT050000-00,0.0110,23.06,no
2026-10-05T03:57:54.335646Z,KXSOL15M-26OCT050000-00,0.0110,1.00,no
2026-10-05T03:57:54.335646Z,KXSOL15M-26OCT050000-00,0.0110,27.94,no
2026-10-05T03:57:54.335646Z,KXSOL15M-26OCT050000-00,0.0110,7.00,no
2026-10-05T03:57:54.344425Z,KXSOL15M-26OCT050000-00,0.0110,3.00,no
2026-10-05T03:57:54.364815Z,KXSOL15M-26OCT050000-00,0.0100,5.00,no
2026-10-05T03:57:54.364815Z,KXSOL15M-26OCT050000-00,0.0100,1.00,no
2026-10-05T03:57:54.364815Z,KXSOL15M-26OCT050000-00,0.0100,10.00,no
2026-10-05T03:57:54.364815Z,KXSOL15M-26OCT050000-00,0.0100,40.00,no
2026-10-05T03:57:54.364815Z,KXSOL15M-26OCT050000-00,0.0110,32.00,no
2026-10-05T03:57:54.364815Z,KXSOL15M-26OCT050000-00,0.0110,7.00,no
2026-10-05T03:57:54.486286Z,KXSOL15M-26OCT050000-00,0.0100,2.00,no
2026-10-05T03:57:54.486286Z,KXSOL15M-26OCT050000-00,0.0100,20.00,no
2026-10-05T03:57:54.486286Z,KXSOL15M-26OCT050000-00,0.0100,20.00,no
2026-10-05T03:57:54.486286Z,KXSOL15M-26OCT050000-00,0.0100,50.00,no
2026-10-05T03:57:54.602502Z,KXSOL15M-26OCT050000-00,0.0110,3.00,yes
2026-10-05T03:57:54.602502Z,KXSOL15M-26OCT050000-00,0.0110,3.00,yes
2026-10-05T03:57:54.620748Z,KXSOL15M-26OCT050000-00,0.0100,10.00,no
2026-10-05T03:57:54.621358Z,KXSOL15M-26OCT050000-00,0.0100,10.00,no
2026-10-05T03:57:54.809485Z,KXSOL15M-26OCT050000-00,0.0100,80.00,no
2026-10-05T03:57:54.868435Z,KXSOL15M-26OCT050000-00,0.0100,20.00,no
2026-10-05T03:57:54.998539Z,KXSOL15M-26OCT050000-00,0.0100,11.00,no
2026-10-05T03:57:55.186718Z,KXSOL15M-26OCT050000-00,0.0110,8.00,yes
2026-10-05T03:57:55.377416Z,KXSOL15M-26OCT050000-00,0.0110,19.00,yes
2026-10-05T03:57:55.638487Z,KXSOL15M-26OCT050000-00,0.0110,10.00,yes
2026-10-05T03:57:55.638487Z,KXSOL15M-26OCT050000-00,0.0110,6.94,yes
2026-10-05T03:57:55.638487Z,KXSOL15M-26OCT050000-00,0.0110,4.06,yes
2026-10-05T03:57:56.160702Z,KXSOL15M-26OCT050000-00,0.0100,25.00,no
2026-10-05T03:57:56.183167Z,KXSOL15M-26OCT050000-00,0.0090,9.00,no
2026-10-05T03:57:56.429355Z,KXSOL15M-26OCT050000-00,0.0090,31.00,no
2026-10-05T03:57:56.621942Z,KXSOL15M-26OCT050000-00,0.0090,11.00,yes
2026-10-05T03:57:56.621942Z,KXSOL15M-26OCT050000-00,0.0090,3.00,yes
2026-10-05T03:57:56.621942Z,KXSOL15M-26OCT050000-00,0.0090,35.92,yes
2026-10-05T03:57:56.98522Z,KXSOL15M-26OCT050000-00,0.0080,10.96,no
2026-10-05T03:57:57.125196Z,KXSOL15M-26OCT050000-00,0.0100,25.07,yes
2026-10-05T03:57:57.125196Z,KXSOL15M-26OCT050000-00,0.0100,3.00,yes
2026-10-05T03:57:57.125196Z,KXSOL15M-26OCT050000-00,0.0100,9.00,yes
2026-10-05T03:57:57.125196Z,KXSOL15M-26OCT050000-00,0.0090,17.00,yes
2026-10-05T03:57:57.125196Z,KXSOL15M-26OCT050000-00,0.0090,10.96,yes
2026-10-05T03:57:57.125196Z,KXSOL15M-26OCT050000-00,0.0090,54.00,yes
2026-10-05T03:57:57.125196Z,KXSOL15M-26OCT050000-00,0.0090,4.20,yes
2026-10-05T03:57:57.233784Z,KXSOL15M-26OCT050000-00,0.0080,1.00,no
2026-10-05T03:57:57.69359Z,KXSOL15M-26OCT050000-00,0.0080,17.00,no
2026-10-05T03:57:57.705216Z,KXSOL15M-26OCT050000-00,0.0080,5.00,no
2026-10-05T03:57:57.714504Z,KXSOL15M-26OCT050000-00,0.0080,2.00,no
2026-10-05T03:57:57.791763Z,KXSOL15M-26OCT050000-00,0.0080,3.00,no
2026-10-05T03:57:57.846199Z,KXSOL15M-26OCT050000-00,0.0080,1.04,no
2026-10-05T03:57:57.846199Z,KXSOL15M-26OCT050000-00,0.0070,3.96,no
2026-10-05T03:57:57.886458Z,KXSOL15M-26OCT050000-00,0.0070,7.00,no
2026-10-05T03:57:57.893898Z,KXSOL15M-26OCT050000-00,0.0070,6.00,no
2026-10-05T03:57:58.057643Z,KXSOL15M-26OCT050000-00,0.0070,1.00,no
2026-10-05T03:57:58.06387Z,KXSOL15M-26OCT050000-00,0.0070,20.00,no
2026-10-05T03:57:58.850304Z,KXSOL15M-26OCT050000-00,0.0070,2.04,no
2026-10-05T03:57:58.850304Z,KXSOL15M-26OCT050000-00,0.0060,28.91,no
2026-10-05T03:57:58.850304Z,KXSOL15M-26OCT050000-00,0.0070,10.00,no
2026-10-05T03:57:59.096069Z,KXSOL15M-26OCT050000-00,0.0060,11.09,no
2026-10-05T03:57:59.096069Z,KXSOL15M-26OCT050000-00,0.0060,5.91,no
2026-10-05T03:57:59.10243Z,KXSOL15M-26OCT050000-00,0.0040,13.00,no
2026-10-05T03:57:59.10243Z,KXSOL15M-26OCT050000-00,0.0050,11.00,no
2026-10-05T03:57:59.10243Z,KXSOL15M-26OCT050000-00,0.0040,1.00,no
2026-10-05T03:57:59.10243Z,KXSOL15M-26OCT050000-00,0.0040,1.00,no
2026-10-05T03:57:59.10243Z,KXSOL15M-26OCT050000-00,0.0040,1.00,no
2026-10-05T03:57:59.10243Z,KXSOL15M-26OCT050000-00,0.0040,1.00,no
2026-10-05T03:57:59.10243Z,KXSOL15M-26OCT050000-00,0.0040,1.00,no
2026-10-05T03:57:59.10243Z,KXSOL15M-26OCT050000-00,0.0050,1.00,no
2026-10-05T03:57:59.10243Z,KXSOL15M-26OCT050000-00,0.0050,40.00,no
2026-10-05T03:57:59.10243Z,KXSOL15M-26OCT050000-00,0.0040,350.00,no
2026-10-05T03:57:59.10243Z,KXSOL15M-26OCT050000-00,0.0040,78.00,no
2026-10-05T03:57:59.10243Z,KXSOL15M-26OCT050000-00,0.0040,40.00,no
2026-10-05T03:57:59.10243Z,KXSOL15M-26OCT050000-00,0.0060,5.09,no
2026-10-05T03:57:59.137939Z,KXSOL15M-26OCT050000-00,0.0040,2.00,yes
2026-10-05T03:57:59.154423Z,KXSOL15M-26OCT050000-00,0.0040,3.00,yes
2026-10-05T03:57:59.374072Z,KXSOL15M-26OCT050000-00,0.0030,40.00,no
2026-10-05T03:57:59.374072Z,KXSOL15M-26OCT050000-00,0.0030,6.00,no
2026-10-05T03:57:59.497387Z,KXSOL15M-26OCT050000-00,0.0040,28.00,yes
2026-10-05T03:57:59.497387Z,KXSOL15M-26OCT050000-00,0.0040,3.00,yes
2026-10-05T03:57:59.850742Z,KXSOL15M-26OCT050000-00,0.0040,9.00,yes
2026-10-05T03:58:00.045203Z,KXSOL15M-26OCT050000-00,0.0030,8.00,no
2026-10-05T03:58:00.179477Z,KXSOL15M-26OCT050000-00,0.0040,70.77,yes
2026-10-05T03:58:00.179477Z,KXSOL15M-26OCT050000-00,0.0040,3.00,yes
2026-10-05T03:58:00.179477Z,KXSOL15M-26OCT050000-00,0.0040,0.23,yes
2026-10-05T03:58:00.631604Z,KXSOL15M-26OCT050000-00,0.0040,2.42,no
2026-10-05T03:58:00.800017Z,KXSOL15M-26OCT050000-00,0.0050,3.00,yes
2026-10-05T03:58:00.800017Z,KXSOL15M-26OCT050000-00,0.0050,10.00,yes
2026-10-05T03:58:01.117141Z,KXSOL15M-26OCT050000-00,0.0050,13.00,yes
2026-10-05T03:58:01.191607Z,KXSOL15M-26OCT050000-00,0.0030,18.00,no
2026-10-05T03:58:01.191607Z,KXSOL15M-26OCT050000-00,0.0030,2.00,no
2026-10-05T03:58:01.191607Z,KXSOL15M-26OCT050000-00,0.0030,2.00,no
2026-10-05T03:58:01.191607Z,KXSOL15M-26OCT050000-00,0.0030,2.00,no
2026-10-05T03:58:01.191607Z,KXSOL15M-26OCT050000-00,0.0030,2.00,no
2026-10-05T03:58:01.191607Z,KXSOL15M-26OCT050000-00,0.0030,2.00,no
2026-10-05T03:58:01.191607Z,KXSOL15M-26OCT050000-00,0.0030,16.00,no
2026-10-05T03:58:01.191607Z,KXSOL15M-26OCT050000-00,0.0030,250.00,no
2026-10-05T03:58:01.191607Z,KXSOL15M-26OCT050000-00,0.0040,24.58,no
2026-10-05T03:58:01.191607Z,KXSOL15M-26OCT050000-00,0.0040,7.00,no
2026-10-05T03:58:01.191607Z,KXSOL15M-26OCT050000-00,0.0040,66.00,no
2026-10-05T03:58:01.191607Z,KXSOL15M-26OCT050000-00,0.0030,30.00,no
2026-10-05T03:58:01.340862Z,KXSOL15M-26OCT050000-00,0.0050,12.00,yes
2026-10-05T03:58:02.051938Z,KXSOL15M-26OCT050000-00,0.0040,49.12,no
2026-10-05T03:58:02.157706Z,KXSOL15M-26OCT050000-00,0.0050,1.00,yes
2026-10-05T03:58:02.357014Z,KXSOL15M-26OCT050000-00,0.0040,3.42,no
2026-10-05T03:58:02.357014Z,KXSOL15M-26OCT050000-00,0.0040,26.00,no
2026-10-05T03:58:02.440899Z,KXSOL15M-26OCT050000-00,0.0030,2.00,no
2026-10-05T03:58:02.536051Z,KXSOL15M-26OCT050000-00,0.0040,1.00,yes
2026-10-05T03:58:02.673995Z,KXSOL15M-26OCT050000-00,0.0040,1.00,yes
2026-10-05T03:58:03.219566Z,KXSOL15M-26OCT050000-00,0.0040,0.19,yes
2026-10-05T03:58:03.219566Z,KXSOL15M-26OCT050000-00,0.0050,20.55,yes
2026-10-05T03:58:03.219566Z,KXSOL15M-26OCT050000-00,0.0050,0.26,yes
2026-10-05T03:58:03.219566Z,KXSOL15M-26OCT050000-00,0.0050,4.00,yes
2026-10-05T03:58:03.247238Z,KXSOL15M-26OCT050000-00,0.0030,200.00,no
2026-10-05T03:58:03.338757Z,KXSOL15M-26OCT050000-00,0.0050,3.00,yes
2026-10-05T03:58:03.338816Z,KXSOL15M-26OCT050000-00,0.0050,99.00,yes
2026-10-05T03:58:03.338873Z,KXSOL15M-26OCT050000-00,0.0050,24.00,yes
2026-10-05T03:58:03.391533Z,KXSOL15M-26OCT050000-00,0.0040,54.00,no
2026-10-05T03:58:03.609564Z,KXSOL15M-26OCT050000-00,0.0030,16.00,no
2026-10-05T03:58:03.609564Z,KXSOL15M-26OCT050000-00,0.0030,8.00,no
2026-10-05T03:58:03.609564Z,KXSOL15M-26OCT050000-00,0.0030,50.00,no
2026-10-05T03:58:03.615714Z,KXSOL15M-26OCT050000-00,0.0050,21.97,yes
2026-10-05T03:58:03.615714Z,KXSOL15M-26OCT050000-00,0.0050,38.00,yes
2026-10-05T03:58:03.615714Z,KXSOL15M-26OCT050000-00,0.0050,3.00,yes
2026-10-05T03:58:03.615714Z,KXSOL15M-26OCT050000-00,0.0050,124.00,yes
2026-10-05T03:58:03.756356Z,KXSOL15M-26OCT050000-00,0.0030,74.00,no
2026-10-05T03:58:03.812478Z,KXSOL15M-26OCT050000-00,0.0050,10.00,yes
2026-10-05T03:58:03.893806Z,KXSOL15M-26OCT050000-00,0.0040,61.00,no
2026-10-05T03:58:04.039976Z,KXSOL15M-26OCT050000-00,0.0040,35.00,no
2026-10-05T03:58:04.175023Z,KXSOL15M-26OCT050000-00,0.0050,28.00,yes
2026-10-05T03:58:04.175145Z,KXSOL15M-26OCT050000-00,0.0050,15.00,yes
2026-10-05T03:58:04.181097Z,KXSOL15M-26OCT050000-00,0.0050,12.00,yes
2026-10-05T03:58:04.181122Z,KXSOL15M-26OCT050000-00,0.0050,5.00,yes
2026-10-05T03:58:04.19582Z,KXSOL15M-26OCT050000-00,0.0050,11.00,yes
2026-10-05T03:58:04.266566Z,KXSOL15M-26OCT050000-00,0.0040,146.00,no
2026-10-05T03:58:04.266566Z,KXSOL15M-26OCT050000-00,0.0040,54.00,no
2026-10-05T03:58:04.309382Z,KXSOL15M-26OCT050000-00,0.0050,6.00,yes
2026-10-05T03:58:04.419939Z,KXSOL15M-26OCT050000-00,0.0040,2.00,no
2026-10-05T03:58:05.232375Z,KXSOL15M-26OCT050000-00,0.0050,87.00,yes
2026-10-05T03:58:05.482749Z,KXSOL15M-26OCT050000-00,0.0050,25.00,yes
2026-10-05T03:58:05.482749Z,KXSOL15M-26OCT050000-00,0.0050,20.00,yes
2026-10-05T03:58:05.482749Z,KXSOL15M-26OCT050000-00,0.0050,5.00,yes
2026-10-05T03:58:05.482749Z,KXSOL15M-26OCT050000-00,0.0050,29.97,yes
2026-10-05T03:58:05.482749Z,KXSOL15M-26OCT050000-00,0.0050,4.03,yes
2026-10-05T03:58:05.495807Z,KXSOL15M-26OCT050000-00,0.0060,23.57,yes
2026-10-05T03:58:05.495807Z,KXSOL15M-26OCT050000-00,0.0060,0.23,yes
2026-10-05T03:58:05.495807Z,KXSOL15M-26OCT050000-00,0.0060,40.00,yes
2026-10-05T03:58:05.495807Z,KXSOL15M-26OCT050000-00,0.0050,0.17,yes
2026-10-05T03:58:05.495807Z,KXSOL15M-26OCT050000-00,0.0050,20.03,yes
2026-10-05T03:58:05.60809Z,KXSOL15M-26OCT050000-00,0.0060,84.00,yes
2026-10-05T03:58:05.614866Z,KXSOL15M-26OCT050000-00,0.0060,84.00,yes
2026-10-05T03:58:05.657711Z,KXSOL15M-26OCT050000-00,0.0060,84.00,yes
2026-10-05T03:58:06.104437Z,KXSOL15M-26OCT050000-00,0.0050,22.10,no
2026-10-05T03:58:07.245593Z,KXSOL15M-26OCT050000-00,0.0030,23.78,no
2026-10-05T03:58:07.245593Z,KXSOL15M-26OCT050000-00,0.0030,8.00,no
2026-10-05T03:58:07.628287Z,KXSOL15M-26OCT050000-00,0.0050,44.00,yes
2026-10-05T03:58:07.628287Z,KXSOL15M-26OCT050000-00,0.0050,0.88,yes
2026-10-05T03:58:07.89342Z,KXSOL15M-26OCT050000-00,0.0040,40.00,no
2026-10-05T03:58:07.96806Z,KXSOL15M-26OCT050000-00,0.0040,23.00,no
2026-10-05T03:58:07.96806Z,KXSOL15M-26OCT050000-00,0.0040,7.00,no
2026-10-05T03:58:08.263779Z,KXSOL15M-26OCT050000-00,0.0040,10.00,yes
2026-10-05T03:58:08.263779Z,KXSOL15M-26OCT050000-00,0.0040,47.00,yes
2026-10-05T03:58:08.269906Z,KXSOL15M-26OCT050000-00,0.0040,1.00,yes
2026-10-05T03:58:08.475816Z,KXSOL15M-26OCT050000-00,0.0040,28.00,no
2026-10-05T03:58:08.475816Z,KXSOL15M-26OCT050000-00,0.0040,5.00,no
2026-10-05T03:58:08.475816Z,KXSOL15M-26OCT050000-00,0.0040,7.00,no
2026-10-05T03:58:08.572057Z,KXSOL15M-26OCT050000-00,0.0040,16.00,no
2026-10-05T03:58:08.572057Z,KXSOL15M-26OCT050000-00,0.0040,7.00,no
2026-10-05T03:58:08.572057Z,KXSOL15M-26OCT050000-00,0.0040,17.00,no
2026-10-05T03:58:08.598365Z,KXSOL15M-26OCT050000-00,0.0040,40.00,no
2026-10-05T03:58:08.989248Z,KXSOL15M-26OCT050000-00,0.0050,29.00,yes
2026-10-05T03:58:08.99602Z,KXSOL15M-26OCT050000-00,0.0050,2.00,yes
2026-10-05T03:58:09.002932Z,KXSOL15M-26OCT050000-00,0.0050,2.00,yes
2026-10-05T03:58:09.009869Z,KXSOL15M-26OCT050000-00,0.0050,1.74,yes
2026-10-05T03:58:09.009869Z,KXSOL15M-26OCT050000-00,0.0050,0.14,yes
2026-10-05T03:58:09.009869Z,KXSOL15M-26OCT050000-00,0.0050,0.12,yes
2026-10-05T03:58:09.017298Z,KXSOL15M-26OCT050000-00,0.0050,2.00,yes
2026-10-05T03:58:09.02066Z,KXSOL15M-26OCT050000-00,0.0040,16.00,no
2026-10-05T03:58:09.023803Z,KXSOL15M-26OCT050000-00,0.0050,2.00,yes
2026-10-05T03:58:09.087625Z,KXSOL15M-26OCT050000-00,0.0050,10.96,yes
2026-10-05T03:58:09.087625Z,KXSOL15M-26OCT050000-00,0.0050,18.04,yes
2026-10-05T03:58:09.093921Z,KXSOL15M-26OCT050000-00,0.0050,2.00,yes
2026-10-05T03:58:09.104074Z,KXSOL15M-26OCT050000-00,0.0050,2.00,yes
2026-10-05T03:58:09.109857Z,KXSOL15M-26OCT050000-00,0.0050,2.00,yes
2026-10-05T03:58:09.11632Z,KXSOL15M-26OCT050000-00,0.0050,2.00,yes
2026-10-05T03:58:09.122605Z,KXSOL15M-26OCT050000-00,0.0050,2.00,yes
2026-10-05T03:58:09.129119Z,KXSOL15M-26OCT050000-00,0.0050,2.00,yes
2026-10-05T03:58:09.140019Z,KXSOL15M-26OCT050000-00,0.0050,78.00,yes
2026-10-05T03:58:09.344241Z,KXSOL15M-26OCT050000-00,0.0050,10.00,yes
2026-10-05T03:58:09.468955Z,KXSOL15M-26OCT050000-00,0.0050,358.00,yes
2026-10-05T03:58:09.479809Z,KXSOL15M-26OCT050000-00,0.0050,8.00,yes
2026-10-05T03:58:09.485627Z,KXSOL15M-26OCT050000-00,0.0050,2.00,yes
2026-10-05T03:58:09.804516Z,KXSOL15M-26OCT050000-00,0.0030,226.22,no
2026-10-05T03:58:09.804516Z,KXSOL15M-26OCT050000-00,0.0040,23.00,no
2026-10-05T03:58:09.804516Z,KXSOL15M-26OCT050000-00,0.0040,7.00,no
2026-10-05T03:58:09.804516Z,KXSOL15M-26OCT050000-00,0.0040,127.00,no
2026-10-05T03:58:09.804516Z,KXSOL15M-26OCT050000-00,0.0030,175.06,no
2026-10-05T03:58:09.804516Z,KXSOL15M-26OCT050000-00,0.0030,184.00,no
2026-10-05T03:58:10.216613Z,KXSOL15M-26OCT050000-00,0.0040,10.00,yes
2026-10-05T03:58:10.394976Z,KXSOL15M-26OCT050000-00,0.0040,135.00,yes
2026-10-05T03:58:10.402257Z,KXSOL15M-26OCT050000-00,0.0040,4.00,yes
2026-10-05T03:58:10.524635Z,KXSOL15M-26OCT050000-00,0.0030,1.00,no
2026-10-05T03:58:10.625151Z,KXSOL15M-26OCT050000-00,0.0040,29.00,yes
2026-10-05T03:58:10.956827Z,KXSOL15M-26OCT050000-00,0.0040,25.00,yes
2026-10-05T03:58:11.651872Z,KXSOL15M-26OCT050000-00,0.0040,0.14,yes
2026-10-05T03:58:11.651872Z,KXSOL15M-26OCT050000-00,0.0040,33.22,yes
2026-10-05T03:58:11.651872Z,KXSOL15M-26OCT050000-00,0.0050,50.64,yes
2026-10-05T03:58:12.02808Z,KXSOL15M-26OCT050000-00,0.0050,94.83,yes
2026-10-05T03:58:12.328417Z,KXSOL15M-26OCT050000-00,0.0060,16.48,yes
2026-10-05T03:58:12.486057Z,KXSOL15M-26OCT050000-00,0.0060,10.00,yes
2026-10-05T03:58:12.517464Z,KXSOL15M-26OCT050000-00,0.0060,3.52,yes
2026-10-05T03:58:12.517464Z,KXSOL15M-26OCT050000-00,0.0060,0.14,yes
2026-10-05T03:58:12.552214Z,KXSOL15M-26OCT050000-00,0.0070,1.91,yes
2026-10-05T03:58:12.584546Z,KXSOL15M-26OCT050000-00,0.0070,10.00,yes
2026-10-05T03:58:12.774349Z,KXSOL15M-26OCT050000-00,0.0070,4.00,yes
2026-10-05T03:58:12.774349Z,KXSOL15M-26OCT050000-00,0.0070,17.00,yes
2026-10-05T03:58:12.802592Z,KXSOL15M-26OCT050000-00,0.0070,1.65,yes
2026-10-05T03:58:12.802592Z,KXSOL15M-26OCT050000-00,0.0070,0.26,yes
2026-10-05T03:58:12.802592Z,KXSOL15M-26OCT050000-00,0.0070,7.09,yes
2026-10-05T03:58:12.819765Z,KXSOL15M-26OCT050000-00,0.0070,0.35,yes
2026-10-05T03:58:12.819765Z,KXSOL15M-26OCT050000-00,0.0080,0.64,yes
2026-10-05T03:58:12.908755Z,KXSOL15M-26OCT050000-00,0.0080,3.32,yes
2026-10-05T03:58:12.908755Z,KXSOL15M-26OCT050000-00,0.0080,0.69,yes
2026-10-05T03:58:12.944964Z,KXSOL15M-26OCT050000-00,0.0080,1.00,yes
2026-10-05T03:58:12.944964Z,KXSOL15M-26OCT050000-00,0.0080,0.69,yes
2026-10-05T03:58:12.944964Z,KXSOL15M-26OCT050000-00,0.0080,6.00,yes
2026-10-05T03:58:12.944964Z,KXSOL15M-26OCT050000-00,0.0080,6.31,yes
2026-10-05T03:58:13.107723Z,KXSOL15M-26OCT050000-00,0.0070,2.00,no
2026-10-05T03:58:13.255348Z,KXSOL15M-26OCT050000-00,0.0070,10.00,no
2026-10-05T03:58:13.39344Z,KXSOL15M-26OCT050000-00,0.0070,71.00,yes
2026-10-05T03:58:13.39344Z,KXSOL15M-26OCT050000-00,0.0080,0.28,yes
2026-10-05T03:58:13.39344Z,KXSOL15M-26OCT050000-00,0.0080,2.04,yes
2026-10-05T03:58:13.39344Z,KXSOL15M-26OCT050000-00,0.0080,1.00,yes
2026-10-05T03:58:13.39344Z,KXSOL15M-26OCT050000-00,0.0080,19.31,yes
2026-10-05T03:58:13.39344Z,KXSOL15M-26OCT050000-00,0.0080,30.42,yes
2026-10-05T03:58:13.587143Z,KXSOL15M-26OCT050000-00,0.0080,18.00,yes
2026-10-05T03:58:13.587143Z,KXSOL15M-26OCT050000-00,0.0090,15.00,yes
2026-10-05T03:58:13.587143Z,KXSOL15M-26OCT050000-00,0.0090,3.00,yes
2026-10-05T03:58:13.587143Z,KXSOL15M-26OCT050000-00,0.0100,1.00,yes
2026-10-05T03:58:13.587143Z,KXSOL15M-26OCT050000-00,0.0100,3.00,yes
2026-10-05T03:58:13.587143Z,KXSOL15M-26OCT050000-00,0.0090,1.04,yes
2026-10-05T03:58:13.587143Z,KXSOL15M-26OCT050000-00,0.0090,2.00,yes
2026-10-05T03:58:13.587143Z,KXSOL15M-26OCT050000-00,0.0090,17.00,yes
2026-10-05T03:58:13.587143Z,KXSOL15M-26OCT050000-00,0.0090,5.00,yes
2026-10-05T03:58:13.587143Z,KXSOL15M-26OCT050000-00,0.0090,3.00,yes
2026-10-05T03:58:13.587143Z,KXSOL15M-26OCT050000-00,0.0090,1.00,yes
2026-10-05T03:58:13.587143Z,KXSOL15M-26OCT050000-00,0.0100,31.00,yes
2026-10-05T03:58:13.587143Z,KXSOL15M-26OCT050000-00,0.0110,27.94,yes
2026-10-05T03:58:13.587143Z,KXSOL15M-26OCT050000-00,0.0110,1.06,yes
2026-10-05T03:58:13.587143Z,KXSOL15M-26OCT050000-00,0.0110,0.37,yes
2026-10-05T03:58:13.587143Z,KXSOL15M-26OCT050000-00,0.0090,0.31,yes
2026-10-05T03:58:13.587143Z,KXSOL15M-26OCT050000-00,0.0100,0.34,yes
2026-10-05T03:58:13.587143Z,KXSOL15M-26OCT050000-00,0.0120,78.00,yes
2026-10-05T03:58:13.587143Z,KXSOL15M-26OCT050000-00,0.0240,4.61,yes
2026-10-05T03:58:13.587143Z,KXSOL15M-26OCT050000-00,0.0200,39.00,yes
2026-10-05T03:58:13.587143Z,KXSOL15M-26OCT050000-00,0.0190,46.00,yes
2026-10-05T03:58:13.587143Z,KXSOL15M-26OCT050000-00,0.0100,300.00,yes
2026-10-05T03:58:13.587143Z,KXSOL15M-26OCT050000-00,0.0210,10.00,yes
2026-10-05T03:58:13.587143Z,KXSOL15M-26OCT050000-00,0.0080,11.58,yes
2026-10-05T03:58:13.587143Z,KXSOL15M-26OCT050000-00,0.0090,35.00,yes
2026-10-05T03:58:13.587143Z,KXSOL15M-26OCT050000-00,0.0190,0.09,yes
2026-10-05T03:58:13.587143Z,KXSOL15M-26OCT050000-00,0.0180,40.00,yes
2026-10-05T03:58:13.587143Z,KXSOL15M-26OCT050000-00,0.0220,0.12,yes
2026-10-05T03:58:13.587143Z,KXSOL15M-26OCT050000-00,0.0200,0.10,yes
2026-10-05T03:58:13.587143Z,KXSOL15M-26OCT050000-00,0.0170,0.08,yes
2026-10-05T03:58:13.587143Z,KXSOL15M-26OCT050000-00,0.0180,0.08,yes
2026-10-05T03:58:13.587143Z,KXSOL15M-26OCT050000-00,0.0120,0.08,yes
2026-10-05T03:58:13.587143Z,KXSOL15M-26OCT050000-00,0.0130,0.66,yes
2026-10-05T03:58:13.587143Z,KXSOL15M-26OCT050000-00,0.0130,39.34,yes
2026-10-05T03:58:13.587143Z,KXSOL15M-26OCT050000-00,0.0140,31.87,yes
2026-10-05T03:58:13.587143Z,KXSOL15M-26OCT050000-00,0.0140,0.08,yes
2026-10-05T03:58:13.587143Z,KXSOL15M-26OCT050000-00,0.0130,0.08,yes
2026-10-05T03:58:13.587143Z,KXSOL15M-26OCT050000-00,0.0160,0.08,yes
2026-10-05T03:58:13.587143Z,KXSOL15M-26OCT050000-00,0.0240,0.14,yes
2026-10-05T03:58:13.587143Z,KXSOL15M-26OCT050000-00,0.0230,0.13,yes
2026-10-05T03:58:13.587143Z,KXSOL15M-26OCT050000-00,0.0210,0.11,yes
2026-10-05T03:58:13.587143Z,KXSOL15M-26OCT050000-00,0.0150,0.08,yes
2026-10-05T03:58:13.693117Z,KXSOL15M-26OCT050000-00,0.0110,350.00,no
2026-10-05T03:58:13.950664Z,KXSOL15M-26OCT050000-00,0.0080,10.66,no
2026-10-05T03:58:14.985861Z,KXSOL15M-26OCT050000-00,0.0100,80.00,no
2026-10-05T03:58:14.992603Z,KXSOL15M-26OCT050000-00,0.0110,1.00,yes
2026-10-05T03:58:14.992697Z,KXSOL15M-26OCT050000-00,0.0110,99.00,yes
2026-10-05T03:58:14.999466Z,KXSOL15M-26OCT050000-00,0.0100,1.00,no
2026-10-05T03:58:14.999472Z,KXSOL15M-26OCT050000-00,0.0110,84.00,yes
2026-10-05T03:58:15.017622Z,KXSOL15M-26OCT050000-00,0.0110,0.14,yes
2026-10-05T03:58:15.083669Z,KXSOL15M-26OCT050000-00,0.0110,2.02,no
2026-10-05T03:58:15.132414Z,KXSOL15M-26OCT050000-00,0.0150,0.21,yes
2026-10-05T03:58:15.132414Z,KXSOL15M-26OCT050000-00,0.0160,0.23,yes
2026-10-05T03:58:15.132414Z,KXSOL15M-26OCT050000-00,0.0130,3.00,yes
2026-10-05T03:58:15.132414Z,KXSOL15M-26OCT050000-00,0.0210,3.00,yes
2026-10-05T03:58:15.132414Z,KXSOL15M-26OCT050000-00,0.0220,10.00,yes
2026-10-05T03:58:15.132414Z,KXSOL15M-26OCT050000-00,0.0230,4.88,yes
2026-10-05T03:58:15.132414Z,KXSOL15M-26OCT050000-00,0.0130,0.17,yes
2026-10-05T03:58:15.132414Z,KXSOL15M-26OCT050000-00,0.0140,3.00,yes
2026-10-05T03:58:15.132414Z,KXSOL15M-26OCT050000-00,0.0120,0.16,yes
2026-10-05T03:58:15.132414Z,KXSOL15M-26OCT050000-00,0.0140,0.19,yes
2026-10-05T03:58:15.254311Z,KXSOL15M-26OCT050000-00,0.0200,295.00,no
2026-10-05T03:58:15.267624Z,KXSOL15M-26OCT050000-00,0.0200,15.00,no
2026-10-05T03:58:15.294251Z,KXSOL15M-26OCT050000-00,0.0200,10.00,no
2026-10-05T03:58:15.382644Z,KXSOL15M-26OCT050000-00,0.0180,1.75,yes
2026-10-05T03:58:15.382644Z,KXSOL15M-26OCT050000-00,0.0170,3.00,yes
2026-10-05T03:58:15.382644Z,KXSOL15M-26OCT050000-00,0.0170,0.25,yes
2026-10-05T03:58:15.563861Z,KXSOL15M-26OCT050000-00,0.0210,2.00,yes
2026-10-05T03:58:15.563861Z,KXSOL15M-26OCT050000-00,0.0220,3.00,yes
2026-10-05T03:58:15.563861Z,KXSOL15M-26OCT050000-00,0.0220,10.00,yes
2026-10-05T03:58:15.563861Z,KXSOL15M-26OCT050000-00,0.0170,3.00,yes
2026-10-05T03:58:15.563861Z,KXSOL15M-26OCT050000-00,0.0180,1.25,yes
2026-10-05T03:58:15.563861Z,KXSOL15M-26OCT050000-00,0.0230,7.16,yes
2026-10-05T03:58:15.738935Z,KXSOL15M-26OCT050000-00,0.0130,4.00,no
2026-10-05T03:58:15.738935Z,KXSOL15M-26OCT050000-00,0.0150,6.00,no
2026-10-05T03:58:16.211169Z,KXSOL15M-26OCT050000-00,0.0230,4.86,yes
2026-10-05T03:58:16.211169Z,KXSOL15M-26OCT050000-00,0.0220,10.00,yes
2026-10-05T03:58:16.211169Z,KXSOL15M-26OCT050000-00,0.0220,3.00,yes
2026-10-05T03:58:16.211169Z,KXSOL15M-26OCT050000-00,0.0220,7.00,yes
2026-10-05T03:58:16.211169Z,KXSOL15M-26OCT050000-00,0.0180,0.14,yes
2026-10-05T03:58:16.240297Z,KXSOL15M-26OCT050000-00,0.0210,10.00,yes
2026-10-05T03:58:16.548375Z,KXSOL15M-26OCT050000-00,0.0130,7.00,no
2026-10-05T03:58:16.714418Z,KXSOL15M-26OCT050000-00,0.0230,41.86,yes
2026-10-05T03:58:16.714418Z,KXSOL15M-26OCT050000-00,0.0190,0.14,yes
2026-10-05T03:58:16.714418Z,KXSOL15M-26OCT050000-00,0.0200,6.00,yes
2026-10-05T03:58:16.714418Z,KXSOL15M-26OCT050000-00,0.0220,10.00,yes
2026-10-05T03:58:16.714418Z,KXSOL15M-26OCT050000-00,0.0170,3.00,yes
2026-10-05T03:58:16.714418Z,KXSOL15M-26OCT050000-00,0.0190,3.00,yes
2026-10-05T03:58:16.714418Z,KXSOL15M-26OCT050000-00,0.0210,5.00,yes
2026-10-05T03:58:16.714418Z,KXSOL15M-26OCT050000-00,0.0180,3.00,yes
2026-10-05T03:58:16.714418Z,KXSOL15M-26OCT050000-00,0.0220,5.00,yes
2026-10-05T03:58:16.714418Z,KXSOL15M-26OCT050000-00,0.0200,4.00,yes
2026-10-05T03:58:16.714418Z,KXSOL15M-26OCT050000-00,0.0210,1.00,yes
2026-10-05T03:58:17.463545Z,KXSOL15M-26OCT050000-00,0.0110,22.84,no
2026-10-05T03:58:17.463545Z,KXSOL15M-26OCT050000-00,0.0100,60.00,no
2026-10-05T03:58:17.463545Z,KXSOL15M-26OCT050000-00,0.0100,3.00,no
2026-10-05T03:58:17.463545Z,KXSOL15M-26OCT050000-00,0.0110,7.00,no
2026-10-05T03:58:17.463545Z,KXSOL15M-26OCT050000-00,0.0100,6.00,no
2026-10-05T03:58:17.767387Z,KXSOL15M-26OCT050000-00,0.0130,20.00,no
2026-10-05T03:58:18.318325Z,KXSOL15M-26OCT050000-00,0.0110,6.00,no
2026-10-05T03:58:18.627586Z,KXSOL15M-26OCT050000-00,0.0060,144.97,no
2026-10-05T03:58:18.627586Z,KXSOL15M-26OCT050000-00,0.0070,10.00,no
2026-10-05T03:58:18.627586Z,KXSOL15M-26OCT050000-00,0.0070,3.00,no
2026-10-05T03:58:18.627586Z,KXSOL15M-26OCT050000-00,0.0080,3.00,no
2026-10-05T03:58:18.627586Z,KXSOL15M-26OCT050000-00,0.0120,20.00,no
2026-10-05T03:58:18.627586Z,KXSOL15M-26OCT050000-00,0.0100,6.00,no
2026-10-05T03:58:18.91253Z,KXSOL15M-26OCT050000-00,0.0100,20.00,no
2026-10-05T03:58:19.519917Z,KXSOL15M-26OCT050000-00,0.0120,34.00,yes
2026-10-05T03:58:19.571208Z,KXSOL15M-26OCT050000-00,0.0110,7.00,no
2026-10-05T03:58:19.861152Z,KXSOL15M-26OCT050000-00,0.0110,20.00,no
2026-10-05T03:58:20.351968Z,KXSOL15M-26OCT050000-00,0.0070,14.00,no
2026-10-05T03:58:20.387834Z,KXSOL15M-26OCT050000-00,0.0060,3.00,no
2026-10-05T03:58:21.582654Z,KXSOL15M-26OCT050000-00,0.0060,3.00,no
2026-10-05T03:58:21.582654Z,KXSOL15M-26OCT050000-00,0.0050,3.00,no
2026-10-05T03:58:21.582654Z,KXSOL15M-26OCT050000-00,0.0040,7.00,no
2026-10-05T03:58:21.582654Z,KXSOL15M-26OCT050000-00,0.0030,8.33,no
2026-10-05T03:58:21.968032Z,KXSOL15M-26OCT050000-00,0.0030,1.61,no
2026-10-05T03:58:21.968032Z,KXSOL15M-26OCT050000-00,0.0030,19.02,no
2026-10-05T03:58:22.549116Z,KXSOL15M-26OCT050000-00,0.0030,193.00,no
2026-10-05T03:58:22.555512Z,KXSOL15M-26OCT050000-00,0.0030,3.00,no
2026-10-05T03:58:22.555512Z,KXSOL15M-26OCT050000-00,0.0030,8.00,no
2026-10-05T03:58:22.555512Z,KXSOL15M-26OCT050000-00,0.0030,57.00,no
2026-10-05T03:58:24.658021Z,KXSOL15M-26OCT050000-00,0.0050,100.00,yes
2026-10-05T03:58:24.658021Z,KXSOL15M-26OCT050000-00,0.0050,0.14,yes
2026-10-05T03:58:24.658021Z,KXSOL15M-26OCT050000-00,0.0050,86.83,yes
2026-10-05T03:58:24.982692Z,KXSOL15M-26OCT050000-00,0.0050,32.00,yes
2026-10-05T03:58:25.009319Z,KXSOL15M-26OCT050000-00,0.0030,1.00,no
2026-10-05T03:58:25.754301Z,KXSOL15M-26OCT050000-00,0.0030,15.00,no
2026-10-05T03:58:27.435948Z,KXSOL15M-26OCT050000-00,0.0180,1.00,yes
2026-10-05T03:58:27.435948Z,KXSOL15M-26OCT050000-00,0.0060,41.00,yes
2026-10-05T03:58:27.435948Z,KXSOL15M-26OCT050000-00,0.0200,13.81,yes
2026-10-05T03:58:27.435948Z,KXSOL15M-26OCT050000-00,0.0180,18.00,yes
2026-10-05T03:58:27.435948Z,KXSOL15M-26OCT050000-00,0.0110,10.00,yes
2026-10-05T03:58:27.435948Z,KXSOL15M-26OCT050000-00,0.0050,100.00,yes
2026-10-05T03:58:27.435948Z,KXSOL15M-26OCT050000-00,0.0050,0.17,yes
2026-10-05T03:58:27.435948Z,KXSOL15M-26OCT050000-00,0.0120,0.14,yes
2026-10-05T03:58:27.435948Z,KXSOL15M-26OCT050000-00,0.0080,20.00,yes
2026-10-05T03:58:27.435948Z,KXSOL15M-26OCT050000-00,0.0110,0.14,yes
2026-10-05T03:58:27.435948Z,KXSOL15M-26OCT050000-00,0.0150,6.00,yes
2026-10-05T03:58:27.435948Z,KXSOL15M-26OCT050000-00,0.0110,20.00,yes
2026-10-05T03:58:27.435948Z,KXSOL15M-26OCT050000-00,0.0130,0.14,yes
2026-10-05T03:58:27.435948Z,KXSOL15M-26OCT050000-00,0.0110,3.00,yes
2026-10-05T03:58:27.435948Z,KXSOL15M-26OCT050000-00,0.0070,0.14,yes
2026-10-05T03:58:27.435948Z,KXSOL15M-26OCT050000-00,0.0050,74.17,yes
2026-10-05T03:58:27.435948Z,KXSOL15M-26OCT050000-00,0.0050,57.00,yes
2026-10-05T03:58:27.435948Z,KXSOL15M-26OCT050000-00,0.0060,0.18,yes
2026-10-05T03:58:27.435948Z,KXSOL15M-26OCT050000-00,0.0130,3.00,yes
2026-10-05T03:58:27.435948Z,KXSOL15M-26OCT050000-00,0.0080,0.16,yes
2026-10-05T03:58:27.435948Z,KXSOL15M-26OCT050000-00,0.0100,6.00,yes
2026-10-05T03:58:27.435948Z,KXSOL15M-26OCT050000-00,0.0120,3.00,yes
2026-10-05T03:58:27.435948Z,KXSOL15M-26OCT050000-00,0.0090,0.14,yes
2026-10-05T03:58:27.435948Z,KXSOL15M-26OCT050000-00,0.0100,0.14,yes
2026-10-05T03:58:27.435948Z,KXSOL15M-26OCT050000-00,0.0190,43.00,yes
2026-10-05T03:58:27.435948Z,KXSOL15M-26OCT050000-00,0.0170,0.16,yes
2026-10-05T03:58:27.435948Z,KXSOL15M-26OCT050000-00,0.0150,0.14,yes
2026-10-05T03:58:27.435948Z,KXSOL15M-26OCT050000-00,0.0160,0.14,yes
2026-10-05T03:58:27.435948Z,KXSOL15M-26OCT050000-00,0.0140,0.14,yes
2026-10-05T03:58:27.435948Z,KXSOL15M-26OCT050000-00,0.0200,0.14,yes
2026-10-05T03:58:27.435948Z,KXSOL15M-26OCT050000-00,0.0190,0.14,yes
2026-10-05T03:58:27.435948Z,KXSOL15M-26OCT050000-00,0.0180,0.14,yes
2026-10-05T03:58:27.435948Z,KXSOL15M-26OCT050000-00,0.0200,6.00,yes
2026-10-05T03:58:27.435948Z,KXSOL15M-26OCT050000-00,0.0180,16.00,yes
2026-10-05T03:58:27.435948Z,KXSOL15M-26OCT050000-00,0.0100,16.28,yes
2026-10-05T03:58:27.765561Z,KXSOL15M-26OCT050000-00,0.0040,19.00,no
2026-10-05T03:58:27.765561Z,KXSOL15M-26OCT050000-00,0.0040,3.00,no
2026-10-05T03:58:27.765561Z,KXSOL15M-26OCT050000-00,0.0040,7.00,no
2026-10-05T03:58:30.486394Z,KXSOL15M-26OCT050000-00,0.0020,550.00,no
2026-10-05T03:58:30.486394Z,KXSOL15M-26OCT050000-00,0.0020,463.39,no
2026-10-05T03:58:30.486394Z,KXSOL15M-26OCT050000-00,0.0030,3.00,no
2026-10-05T03:58:30.486394Z,KXSOL15M-26OCT050000-00,0.0030,58.00,no
2026-10-05T03:58:30.486394Z,KXSOL15M-26OCT050000-00,0.0030,51.00,no
2026-10-05T03:58:30.486394Z,KXSOL15M-26OCT050000-00,0.0030,63.00,no
2026-10-05T03:58:30.486394Z,KXSOL15M-26OCT050000-00,0.0030,8.00,no
2026-10-05T03:58:30.633221Z,KXSOL15M-26OCT050000-00,0.0040,0.19,yes
2026-10-05T03:58:30.633221Z,KXSOL15M-26OCT050000-00,0.0050,10.64,yes
2026-10-05T03:58:30.633221Z,KXSOL15M-26OCT050000-00,0.0040,40.00,yes
2026-10-05T03:58:30.633221Z,KXSOL15M-26OCT050000-00,0.0050,0.21,yes
2026-10-05T03:58:30.693296Z,KXSOL15M-26OCT050000-00,0.0080,0.21,yes
2026-10-05T03:58:30.693296Z,KXSOL15M-26OCT050000-00,0.0070,0.19,yes
2026-10-05T03:58:30.693296Z,KXSOL15M-26OCT050000-00,0.0060,0.23,yes
2026-10-05T03:58:30.693296Z,KXSOL15M-26OCT050000-00,0.0090,0.23,yes
2026-10-05T03:58:30.693296Z,KXSOL15M-26OCT050000-00,0.0080,20.00,yes
2026-10-05T03:58:30.693296Z,KXSOL15M-26OCT050000-00,0.0070,1.00,yes
2026-10-05T03:58:30.693296Z,KXSOL15M-26OCT050000-00,0.0120,3.00,yes
2026-10-05T03:58:30.693296Z,KXSOL15M-26OCT050000-00,0.0180,18.00,yes
2026-10-05T03:58:30.693296Z,KXSOL15M-26OCT050000-00,0.0110,40.00,yes
2026-10-05T03:58:30.693296Z,KXSOL15M-26OCT050000-00,0.0170,12.00,yes
2026-10-05T03:58:30.693296Z,KXSOL15M-26OCT050000-00,0.0110,3.00,yes
2026-10-05T03:58:30.693296Z,KXSOL15M-26OCT050000-00,0.0180,0.69,yes
2026-10-05T03:58:30.693296Z,KXSOL15M-26OCT050000-00,0.0200,0.84,yes
2026-10-05T03:58:30.693296Z,KXSOL15M-26OCT050000-00,0.0200,84.00,yes
2026-10-05T03:58:30.693296Z,KXSOL15M-26OCT050000-00,0.0190,0.76,yes
2026-10-05T03:58:30.693296Z,KXSOL15M-26OCT050000-00,0.0100,10.00,yes
2026-10-05T03:58:30.693296Z,KXSOL15M-26OCT050000-00,0.0200,1.00,yes
2026-10-05T03:58:30.693296Z,KXSOL15M-26OCT050000-00,0.0170,0.63,yes
2026-10-05T03:58:30.693296Z,KXSOL15M-26OCT050000-00,0.0150,0.52,yes
2026-10-05T03:58:30.693296Z,KXSOL15M-26OCT050000-00,0.0110,0.06,yes
2026-10-05T03:58:30.693296Z,KXSOL15M-26OCT050000-00,0.0140,0.48,yes
2026-10-05T03:58:30.693296Z,KXSOL15M-26OCT050000-00,0.0130,0.43,yes
2026-10-05T03:58:30.693296Z,KXSOL15M-26OCT050000-00,0.0120,0.40,yes
2026-10-05T03:58:30.693296Z,KXSOL15M-26OCT050000-00,0.0160,0.57,yes
2026-10-05T03:58:30.693296Z,KXSOL15M-26OCT050000-00,0.0100,0.25,yes
2026-10-05T03:58:30.693296Z,KXSOL15M-26OCT050000-00,0.0190,19.00,yes
2026-10-05T03:58:30.693296Z,KXSOL15M-26OCT050000-00,0.0210,0.14,yes
2026-10-05T03:58:30.693296Z,KXSOL15M-26OCT050000-00,0.0210,12.35,yes
2026-10-05T03:58:30.758017Z,KXSOL15M-26OCT050000-00,0.0040,19.00,no
2026-10-05T03:58:30.758017Z,KXSOL15M-26OCT050000-00,0.0040,3.00,no
2026-10-05T03:58:30.758017Z,KXSOL15M-26OCT050000-00,0.0040,7.00,no
2026-10-05T03:58:30.7855Z,KXSOL15M-26OCT050000-00,0.0040,3.69,yes
2026-10-05T03:58:31.088375Z,KXSOL15M-26OCT050000-00,0.0030,3.00,no
2026-10-05T03:58:31.088375Z,KXSOL15M-26OCT050000-00,0.0030,7.00,no
2026-10-05T03:58:31.094259Z,KXSOL15M-26OCT050000-00,0.0030,8.00,no
2026-10-05T03:58:31.094259Z,KXSOL15M-26OCT050000-00,0.0030,1.00,no
2026-10-05T03:58:31.207827Z,KXSOL15M-26OCT050000-00,0.0030,3.57,no
2026-10-05T03:58:31.207827Z,KXSOL15M-26OCT050000-00,0.0030,7.46,no
2026-10-05T03:58:32.594576Z,KXSOL15M-26OCT050000-00,0.0040,3.00,no
2026-10-05T03:58:32.594576Z,KXSOL15M-26OCT050000-00,0.0030,8.00,no
2026-10-05T03:58:33.420338Z,KXSOL15M-26OCT050000-00,0.0020,17.00,no
2026-10-05T03:58:33.426961Z,KXSOL15M-26OCT050000-00,0.0020,2.00,no
2026-10-05T03:58:34.088128Z,KXSOL15M-26OCT050000-00,0.0020,12.00,no
2026-10-05T03:58:34.698999Z,KXSOL15M-26OCT050000-00,0.0020,3.39,no
2026-10-05T03:58:34.698999Z,KXSOL15M-26OCT050000-00,0.0020,5.61,no
2026-10-05T03:58:34.705344Z,KXSOL15M-26OCT050000-00,0.0020,2.00,no
2026-10-05T03:58:35.237147Z,KXSOL15M-26OCT050000-00,0.0020,4.00,no
2026-10-05T03:58:35.341152Z,KXSOL15M-26OCT050000-00,0.0020,22.00,no
2026-10-05T03:58:35.36997Z,KXSOL15M-26OCT050000-00,0.0020,2.00,no
2026-10-05T03:58:35.393746Z,KXSOL15M-26OCT050000-00,0.0020,2.00,no
2026-10-05T03:58:36.689427Z,KXSOL15M-26OCT050000-00,0.0030,0.41,yes
2026-10-05T03:58:36.689427Z,KXSOL15M-26OCT050000-00,0.0030,2.00,yes
2026-10-05T03:58:36.689427Z,KXSOL15M-26OCT050000-00,0.0030,3.00,yes
2026-10-05T03:58:36.689427Z,KXSOL15M-26OCT050000-00,0.0030,0.17,yes
2026-10-05T03:58:36.691128Z,KXSOL15M-26OCT050000-00,0.0020,22.00,no
2026-10-05T03:58:36.695448Z,KXSOL15M-26OCT050000-00,0.0020,19.00,no
2026-10-05T03:58:37.012984Z,KXSOL15M-26OCT050000-00,0.0020,5.00,no
2026-10-05T03:58:37.020207Z,KXSOL15M-26OCT050000-00,0.0020,2.00,no
2026-10-05T03:58:37.026729Z,KXSOL15M-26OCT050000-00,0.0020,2.00,no
2026-10-05T03:58:37.032415Z,KXSOL15M-26OCT050000-00,0.0020,2.00,no
2026-10-05T03:58:37.037733Z,KXSOL15M-26OCT050000-00,0.0020,2.00,no
2026-10-05T03:58:37.087794Z,KXSOL15M-26OCT050000-00,0.0020,2.00,no
2026-10-05T03:58:37.094713Z,KXSOL15M-26OCT050000-00,0.0020,2.00,no
2026-10-05T03:58:37.420987Z,KXSOL15M-26OCT050000-00,0.0020,5.00,no
2026-10-05T03:58:37.429026Z,KXSOL15M-26OCT050000-00,0.0020,2.00,no
2026-10-05T03:58:37.433779Z,KXSOL15M-26OCT050000-00,0.0020,2.00,no
2026-10-05T03:58:37.439644Z,KXSOL15M-26OCT050000-00,0.0020,2.00,no
2026-10-05T03:58:37.53607Z,KXSOL15M-26OCT050000-00,0.0020,40.00,no
2026-10-05T03:58:37.53607Z,KXSOL15M-26OCT050000-00,0.0020,1.00,no
2026-10-05T03:58:37.53607Z,KXSOL15M-26OCT050000-00,0.0020,1.00,no
2026-10-05T03:58:37.543022Z,KXSOL15M-26OCT050000-00,0.0020,2.00,no
2026-10-05T03:58:37.548816Z,KXSOL15M-26OCT050000-00,0.0020,2.00,no
2026-10-05T03:58:37.556981Z,KXSOL15M-26OCT050000-00,0.0020,2.00,no
2026-10-05T03:58:37.560987Z,KXSOL15M-26OCT050000-00,0.0020,2.00,no
2026-10-05T03:58:37.567966Z,KXSOL15M-26OCT050000-00,0.0020,2.00,no
2026-10-05T03:58:37.778227Z,KXSOL15M-26OCT050000-00,0.0020,2.00,no
2026-10-05T03:58:37.842363Z,KXSOL15M-26OCT050000-00,0.0020,15.00,no
2026-10-05T03:58:37.847702Z,KXSOL15M-26OCT050000-00,0.0020,2.00,no
2026-10-05T03:58:37.984094Z,KXSOL15M-26OCT050000-00,0.0020,7.00,no
2026-10-05T03:58:37.989681Z,KXSOL15M-26OCT050000-00,0.0020,2.00,no
2026-10-05T03:58:37.994302Z,KXSOL15M-26OCT050000-00,0.0020,2.00,no
2026-10-05T03:58:37.999572Z,KXSOL15M-26OCT050000-00,0.0020,2.00,no
2026-10-05T03:58:38.007847Z,KXSOL15M-26OCT050000-00,0.0020,2.00,no
2026-10-05T03:58:38.014186Z,KXSOL15M-26OCT050000-00,0.0020,2.00,no
2026-10-05T03:58:38.2769Z,KXSOL15M-26OCT050000-00,0.0020,2.00,no
2026-10-05T03:58:38.300532Z,KXSOL15M-26OCT050000-00,0.0020,2.00,no
2026-10-05T03:58:38.308658Z,KXSOL15M-26OCT050000-00,0.0020,2.00,no
2026-10-05T03:58:38.313912Z,KXSOL15M-26OCT050000-00,0.0020,5.00,no
2026-10-05T03:58:38.320696Z,KXSOL15M-26OCT050000-00,0.0020,2.00,no
2026-10-05T03:58:38.69625Z,KXSOL15M-26OCT050000-00,0.0020,5.00,no
2026-10-05T03:58:38.814062Z,KXSOL15M-26OCT050000-00,0.0020,2.00,no
2026-10-05T03:58:38.820758Z,KXSOL15M-26OCT050000-00,0.0020,5.00,no
2026-10-05T03:58:39.022545Z,KXSOL15M-26OCT050000-00,0.0020,2.00,no
2026-10-05T03:58:39.061419Z,KXSOL15M-26OCT050000-00,0.0020,2.00,no
2026-10-05T03:58:39.066782Z,KXSOL15M-26OCT050000-00,0.0020,2.00,no
2026-10-05T03:58:39.07251Z,KXSOL15M-26OCT050000-00,0.0020,3.00,no
2026-10-05T03:58:39.188969Z,KXSOL15M-26OCT050000-00,0.0020,22.04,no
2026-10-05T03:58:39.234535Z,KXSOL15M-26OCT050000-00,0.0020,2.00,no
2026-10-05T03:58:39.342199Z,KXSOL15M-26OCT050000-00,0.0020,2.00,no
2026-10-05T03:58:39.348516Z,KXSOL15M-26OCT050000-00,0.0020,2.00,no
2026-10-05T03:58:39.355824Z,KXSOL15M-26OCT050000-00,0.0020,5.00,no
2026-10-05T03:58:39.448874Z,KXSOL15M-26OCT050000-00,0.0020,32.00,no
2026-10-05T03:58:39.454373Z,KXSOL15M-26OCT050000-00,0.0020,2.00,no
2026-10-05T03:58:39.460343Z,KXSOL15M-26OCT050000-00,0.0020,2.00,no
2026-10-05T03:58:39.466735Z,KXSOL15M-26OCT050000-00,0.0020,2.00,no
2026-10-05T03:58:39.552991Z,KXSOL15M-26OCT050000-00,0.0020,5.00,no
2026-10-05T03:58:39.648292Z,KXSOL15M-26OCT050000-00,0.0020,19.78,no
2026-10-05T03:58:39.878632Z,KXSOL15M-26OCT050000-00,0.0020,2.00,no
2026-10-05T03:58:39.884573Z,KXSOL15M-26OCT050000-00,0.0020,5.00,no
2026-10-05T03:58:39.982435Z,KXSOL15M-26OCT050000-00,0.0020,1.00,no
2026-10-05T03:58:40.218118Z,KXSOL15M-26OCT050000-00,0.0030,2.00,yes
2026-10-05T03:58:40.218118Z,KXSOL15M-26OCT050000-00,0.0030,2.00,yes
2026-10-05T03:58:40.218118Z,KXSOL15M-26OCT050000-00,0.0030,2.00,yes
2026-10-05T03:58:40.218118Z,KXSOL15M-26OCT050000-00,0.0030,15.00,yes
2026-10-05T03:58:40.218118Z,KXSOL15M-26OCT050000-00,0.0030,40.00,yes
2026-10-05T03:58:40.218118Z,KXSOL15M-26OCT050000-00,0.0030,1.00,yes
2026-10-05T03:58:40.218118Z,KXSOL15M-26OCT050000-00,0.0030,2.00,yes
2026-10-05T03:58:40.218118Z,KXSOL15M-26OCT050000-00,0.0030,2.00,yes
2026-10-05T03:58:40.218118Z,KXSOL15M-26OCT050000-00,0.0030,2.00,yes
2026-10-05T03:58:40.218118Z,KXSOL15M-26OCT050000-00,0.0030,2.00,yes
2026-10-05T03:58:40.218118Z,KXSOL15M-26OCT050000-00,0.0030,2.00,yes
2026-10-05T03:58:40.218118Z,KXSOL15M-26OCT050000-00,0.0030,5.00,yes
2026-10-05T03:58:40.218118Z,KXSOL15M-26OCT050000-00,0.0030,2.00,yes
2026-10-05T03:58:40.218118Z,KXSOL15M-26OCT050000-00,0.0030,5.00,yes
2026-10-05T03:58:40.218118Z,KXSOL15M-26OCT050000-00,0.0030,2.00,yes
2026-10-05T03:58:40.218118Z,KXSOL15M-26OCT050000-00,0.0030,2.00,yes
2026-10-05T03:58:40.218118Z,KXSOL15M-26OCT050000-00,0.0030,2.00,yes
2026-10-05T03:58:40.218118Z,KXSOL15M-26OCT050000-00,0.0030,2.00,yes
2026-10-05T03:58:40.218118Z,KXSOL15M-26OCT050000-00,0.0030,2.00,yes
2026-10-05T03:58:40.218118Z,KXSOL15M-26OCT050000-00,0.0030,7.00,yes
2026-10-05T03:58:40.218118Z,KXSOL15M-26OCT050000-00,0.0030,2.00,yes
2026-10-05T03:58:40.218118Z,KXSOL15M-26OCT050000-00,0.0030,5.00,yes
2026-10-05T03:58:40.218118Z,KXSOL15M-26OCT050000-00,0.0030,2.00,yes
2026-10-05T03:58:40.218118Z,KXSOL15M-26OCT050000-00,0.0030,2.00,yes
2026-10-05T03:58:40.218118Z,KXSOL15M-26OCT050000-00,0.0030,0.19,yes
2026-10-05T03:58:40.218118Z,KXSOL15M-26OCT050000-00,0.0030,2.00,yes
2026-10-05T03:58:40.218118Z,KXSOL15M-26OCT050000-00,0.0030,2.00,yes
2026-10-05T03:58:40.218118Z,KXSOL15M-26OCT050000-00,0.0030,2.00,yes
2026-10-05T03:58:40.218118Z,KXSOL15M-26OCT050000-00,0.0030,5.00,yes
2026-10-05T03:58:40.218118Z,KXSOL15M-26OCT050000-00,0.0030,2.00,yes
2026-10-05T03:58:40.218118Z,KXSOL15M-26OCT050000-00,0.0030,3.00,yes
2026-10-05T03:58:40.218118Z,KXSOL15M-26OCT050000-00,0.0030,26.73,yes
2026-10-05T03:58:40.218118Z,KXSOL15M-26OCT050000-00,0.0030,22.04,yes
2026-10-05T03:58:40.218118Z,KXSOL15M-26OCT050000-00,0.0030,2.00,yes
2026-10-05T03:58:40.218118Z,KXSOL15M-26OCT050000-00,0.0030,2.00,yes
2026-10-05T03:58:40.218118Z,KXSOL15M-26OCT050000-00,0.0030,2.98,yes
2026-10-05T03:58:40.618235Z,KXSOL15M-26OCT050000-00,0.0020,45.00,no
2026-10-05T03:58:40.625654Z,KXSOL15M-26OCT050000-00,0.0020,2.00,no
2026-10-05T03:58:40.630269Z,KXSOL15M-26OCT050000-00,0.0020,2.00,no
2026-10-05T03:58:40.635792Z,KXSOL15M-26OCT050000-00,0.0020,2.00,no
2026-10-05T03:58:40.640244Z,KXSOL15M-26OCT050000-00,0.0020,2.00,no
2026-10-05T03:58:40.647511Z,KXSOL15M-26OCT050000-00,0.0020,2.00,no
2026-10-05T03:58:40.654145Z,KXSOL15M-26OCT050000-00,0.0020,2.00,no
2026-10-05T03:58:40.661638Z,KXSOL15M-26OCT050000-00,0.0020,2.00,no
2026-10-05T03:58:40.828289Z,KXSOL15M-26OCT050000-00,0.0020,2.00,no
2026-10-05T03:58:40.835901Z,KXSOL15M-26OCT050000-00,0.0020,2.00,no
2026-10-05T03:58:41.009425Z,KXSOL15M-26OCT050000-00,0.0040,18.79,yes
2026-10-05T03:58:41.009425Z,KXSOL15M-26OCT050000-00,0.0030,2.00,yes
2026-10-05T03:58:41.009425Z,KXSOL15M-26OCT050000-00,0.0030,5.27,yes
2026-10-05T03:58:41.009425Z,KXSOL15M-26OCT050000-00,0.0030,2.00,yes
2026-10-05T03:58:41.009425Z,KXSOL15M-26OCT050000-00,0.0030,19.78,yes
2026-10-05T03:58:41.009425Z,KXSOL15M-26OCT050000-00,0.0030,5.00,yes
2026-10-05T03:58:41.009425Z,KXSOL15M-26OCT050000-00,0.0030,2.00,yes
2026-10-05T03:58:41.009425Z,KXSOL15M-26OCT050000-00,0.0030,5.00,yes
2026-10-05T03:58:41.009425Z,KXSOL15M-26OCT050000-00,0.0030,2.00,yes
2026-10-05T03:58:41.009425Z,KXSOL15M-26OCT050000-00,0.0030,2.00,yes
2026-10-05T03:58:41.009425Z,KXSOL15M-26OCT050000-00,0.0030,2.00,yes
2026-10-05T03:58:41.009425Z,KXSOL15M-26OCT050000-00,0.0030,45.00,yes
2026-10-05T03:58:41.009425Z,KXSOL15M-26OCT050000-00,0.0030,2.00,yes
2026-10-05T03:58:41.009425Z,KXSOL15M-26OCT050000-00,0.0030,2.00,yes
2026-10-05T03:58:41.009425Z,KXSOL15M-26OCT050000-00,0.0030,2.00,yes
2026-10-05T03:58:41.009425Z,KXSOL15M-26OCT050000-00,0.0030,2.00,yes
2026-10-05T03:58:41.009425Z,KXSOL15M-26OCT050000-00,0.0030,0.19,yes
2026-10-05T03:58:41.009425Z,KXSOL15M-26OCT050000-00,0.0030,2.00,yes
2026-10-05T03:58:41.009425Z,KXSOL15M-26OCT050000-00,0.0030,2.00,yes
2026-10-05T03:58:41.009425Z,KXSOL15M-26OCT050000-00,0.0030,2.00,yes
2026-10-05T03:58:41.009425Z,KXSOL15M-26OCT050000-00,0.0030,1.00,yes
2026-10-05T03:58:41.088238Z,KXSOL15M-26OCT050000-00,0.0020,2.00,no
2026-10-05T03:58:41.093962Z,KXSOL15M-26OCT050000-00,0.0020,2.00,no
2026-10-05T03:58:41.099837Z,KXSOL15M-26OCT050000-00,0.0020,2.00,no
2026-10-05T03:58:41.298001Z,KXSOL15M-26OCT050000-00,0.0020,5.00,no
2026-10-05T03:58:41.497949Z,KXSOL15M-26OCT050000-00,0.0020,5.00,no
2026-10-05T03:58:41.547717Z,KXSOL15M-26OCT050000-00,0.0020,56.00,no
2026-10-05T03:58:41.588465Z,KXSOL15M-26OCT050000-00,0.0020,20.00,no
2026-10-05T03:58:41.86198Z,KXSOL15M-26OCT050000-00,0.0050,0.17,yes
2026-10-05T03:58:41.86198Z,KXSOL15M-26OCT050000-00,0.0040,0.18,yes
2026-10-05T03:58:41.86198Z,KXSOL15M-26OCT050000-00,0.0050,0.57,yes
2026-10-05T03:58:41.86198Z,KXSOL15M-26OCT050000-00,0.0050,2.00,yes
2026-10-05T03:58:41.86198Z,KXSOL15M-26OCT050000-00,0.0050,2.00,yes
2026-10-05T03:58:42.198318Z,KXSOL15M-26OCT050000-00,0.0020,23.00,no
2026-10-05T03:58:42.552691Z,KXSOL15M-26OCT050000-00,0.0020,38.00,no
2026-10-05T03:58:42.627069Z,KXSOL15M-26OCT050000-00,0.0020,15.00,no
2026-10-05T03:58:42.863381Z,KXSOL15M-26OCT050000-00,0.0020,10.00,no
2026-10-05T03:58:43.069563Z,KXSOL15M-26OCT050000-00,0.0020,11.02,no
2026-10-05T03:58:43.288658Z,KXSOL15M-26OCT050000-00,0.0030,11.02,yes
2026-10-05T03:58:43.288658Z,KXSOL15M-26OCT050000-00,0.0030,100.00,yes
2026-10-05T03:58:43.288658Z,KXSOL15M-26OCT050000-00,0.0030,23.00,yes
2026-10-05T03:58:43.288658Z,KXSOL15M-26OCT050000-00,0.0030,10.00,yes
2026-10-05T03:58:43.288658Z,KXSOL15M-26OCT050000-00,0.0030,38.00,yes
2026-10-05T03:58:43.288658Z,KXSOL15M-26OCT050000-00,0.0040,0.26,yes
2026-10-05T03:58:43.288658Z,KXSOL15M-26OCT050000-00,0.0050,0.21,yes
2026-10-05T03:58:43.288658Z,KXSOL15M-26OCT050000-00,0.0030,0.23,yes
2026-10-05T03:58:43.288658Z,KXSOL15M-26OCT050000-00,0.0030,15.00,yes
2026-10-05T03:58:43.288658Z,KXSOL15M-26OCT050000-00,0.0050,34.86,yes
2026-10-05T03:58:43.288658Z,KXSOL15M-26OCT050000-00,0.0040,28.00,yes
2026-10-05T03:58:44.16065Z,KXSOL15M-26OCT050000-00,0.0020,24.56,no
2026-10-05T03:58:44.179712Z,KXSOL15M-26OCT050000-00,0.0020,20.03,no
2026-10-05T03:58:44.816173Z,KXSOL15M-26OCT050000-00,0.0020,2.00,no
2026-10-05T03:58:44.82298Z,KXSOL15M-26OCT050000-00,0.0020,2.00,no
2026-10-05T03:58:44.830154Z,KXSOL15M-26OCT050000-00,0.0020,2.00,no
2026-10-05T03:58:44.91876Z,KXSOL15M-26OCT050000-00,0.0020,3.00,no
2026-10-05T03:58:44.91876Z,KXSOL15M-26OCT050000-00,0.0020,3.00,no
2026-10-05T03:58:44.91876Z,KXSOL15M-26OCT050000-00,0.0020,3.00,no
2026-10-05T03:58:44.91876Z,KXSOL15M-26OCT050000-00,0.0020,3.00,no
2026-10-05T03:58:44.91876Z,KXSOL15M-26OCT050000-00,0.0020,3.00,no
2026-10-05T03:58:44.91876Z,KXSOL15M-26OCT050000-00,0.0020,26.00,no
2026-10-05T03:58:44.91876Z,KXSOL15M-26OCT050000-00,0.0020,12.57,no
2026-10-05T03:58:44.91876Z,KXSOL15M-26OCT050000-00,0.0020,3.43,no
2026-10-05T03:58:44.924869Z,KXSOL15M-26OCT050000-00,0.0020,1.57,no
2026-10-05T03:58:44.924869Z,KXSOL15M-26OCT050000-00,0.0020,0.43,no
2026-10-05T03:58:44.932421Z,KXSOL15M-26OCT050000-00,0.0020,2.00,no
2026-10-05T03:58:44.937376Z,KXSOL15M-26OCT050000-00,0.0020,0.57,no
2026-10-05T03:58:44.937376Z,KXSOL15M-26OCT050000-00,0.0020,1.43,no
2026-10-05T03:58:45.545097Z,KXSOL15M-26OCT050000-00,0.0010,53.00,no
2026-10-05T03:58:46.845575Z,KXSOL15M-26OCT050000-00,0.0020,19.10,yes
2026-10-05T03:58:46.845575Z,KXSOL15M-26OCT050000-00,0.0020,0.23,yes
2026-10-05T03:58:46.845575Z,KXSOL15M-26OCT050000-00,0.0020,2.00,yes
2026-10-05T03:58:46.945361Z,KXSOL15M-26OCT050000-00,0.0010,2.00,no
2026-10-05T03:58:47.980125Z,KXSOL15M-26OCT050000-00,0.0020,0.23,yes
2026-10-05T03:58:47.980125Z,KXSOL15M-26OCT050000-00,0.0020,2.00,yes
2026-10-05T03:58:47.980125Z,KXSOL15M-26OCT050000-00,0.0020,5.00,yes
2026-10-05T03:58:47.980125Z,KXSOL15M-26OCT050000-00,0.0020,124.90,yes
2026-10-05T03:58:47.980125Z,KXSOL15M-26OCT050000-00,0.0020,53.00,yes
2026-10-05T03:58:47.980125Z,KXSOL15M-26OCT050000-00,0.0030,31.16,yes
2026-10-05T03:58:48.8028Z,KXSOL15M-26OCT050000-00,0.0070,5.00,yes
2026-10-05T03:58:48.8028Z,KXSOL15M-26OCT050000-00,0.0070,5.00,yes
2026-10-05T03:58:48.8028Z,KXSOL15M-26OCT050000-00,0.0070,21.89,yes
2026-10-05T03:58:48.8028Z,KXSOL15M-26OCT050000-00,0.0060,0.18,yes
2026-10-05T03:58:48.8028Z,KXSOL15M-26OCT050000-00,0.0070,0.17,yes
2026-10-05T03:58:48.8028Z,KXSOL15M-26OCT050000-00,0.0060,45.00,yes
2026-10-05T03:58:48.8028Z,KXSOL15M-26OCT050000-00,0.0030,12.57,yes
2026-10-05T03:58:48.8028Z,KXSOL15M-26OCT050000-00,0.0050,24.56,yes
2026-10-05T03:58:48.8028Z,KXSOL15M-26OCT050000-00,0.0030,2.00,yes
2026-10-05T03:58:48.8028Z,KXSOL15M-26OCT050000-00,0.0030,2.00,yes
2026-10-05T03:58:48.8028Z,KXSOL15M-26OCT050000-00,0.0040,0.26,yes
2026-10-05T03:58:48.8028Z,KXSOL15M-26OCT050000-00,0.0030,0.23,yes
2026-10-05T03:58:48.8028Z,KXSOL15M-26OCT050000-00,0.0050,20.03,yes
2026-10-05T03:58:48.8028Z,KXSOL15M-26OCT050000-00,0.0030,2.00,yes
2026-10-05T03:58:48.8028Z,KXSOL15M-26OCT050000-00,0.0050,0.23,yes
2026-10-05T03:58:48.8028Z,KXSOL15M-26OCT050000-00,0.0060,22.00,yes
2026-10-05T03:58:50.314656Z,KXSOL15M-26OCT050000-00,0.0010,22.02,no
2026-10-05T03:58:50.361342Z,KXSOL15M-26OCT050000-00,0.0020,1.00,yes
2026-10-05T03:58:51.02902Z,KXSOL15M-26OCT050000-00,0.0020,8.77,yes
2026-10-05T03:58:51.02902Z,KXSOL15M-26OCT050000-00,0.0020,0.23,yes
2026-10-05T03:58:54.116086Z,KXSOL15M-26OCT050000-00,0.0010,111.10,no
2026-10-05T03:58:57.492541Z,KXSOL15M-26OCT050000-00,0.0020,20.00,yes
2026-10-05T03:58:57.492541Z,KXSOL15M-26OCT050000-00,0.0020,34.11,yes
2026-10-05T03:58:57.492541Z,KXSOL15M-26OCT050000-00,0.0020,1.43,yes
2026-10-05T03:58:57.492541Z,KXSOL15M-26OCT050000-00,0.0020,100.00,yes
2026-10-05T03:58:57.492541Z,KXSOL15M-26OCT050000-00,0.0020,153.00,yes
2026-10-05T03:58:57.492541Z,KXSOL15M-26OCT050000-00,0.0020,0.23,yes
2026-10-05T03:58:57.492541Z,KXSOL15M-26OCT050000-00,0.0020,111.10,yes
2026-10-05T03:58:57.492541Z,KXSOL15M-26OCT050000-00,0.0060,6.23,yes
2026-10-05T03:58:57.492541Z,KXSOL15M-26OCT050000-00,0.0040,0.28,yes
2026-10-05T03:58:57.492541Z,KXSOL15M-26OCT050000-00,0.0050,0.31,yes
2026-10-05T03:58:57.492541Z,KXSOL15M-26OCT050000-00,0.0030,0.26,yes
2026-10-05T03:58:57.492541Z,KXSOL15M-26OCT050000-00,0.0020,13.25,yes
2026-10-05T03:58:58.351926Z,KXSOL15M-26OCT050000-00,0.0010,111.10,no
2026-10-05T03:59:00.058425Z,KXSOL15M-26OCT050000-00,0.0010,11.00,no
2026-10-05T03:59:00.122671Z,KXSOL15M-26OCT050000-00,0.0010,1.00,no
2026-10-05T03:59:00.641494Z,KXSOL15M-26OCT050000-00,0.0010,40.00,no
2026-10-05T03:59:00.641494Z,KXSOL15M-26OCT050000-00,0.0010,1.00,no
2026-10-05T03:59:00.641494Z,KXSOL15M-26OCT050000-00,0.0010,75.00,no
2026-10-05T03:59:00.641494Z,KXSOL15M-26OCT050000-00,0.0010,188.78,no
2026-10-05T03:59:00.641494Z,KXSOL15M-26OCT050000-00,0.0010,200.00,no
2026-10-05T03:59:00.641494Z,KXSOL15M-26OCT050000-00,0.0010,1.00,no
2026-10-05T03:59:00.641494Z,KXSOL15M-26OCT050000-00,0.0010,1.00,no
2026-10-05T03:59:00.641494Z,KXSOL15M-26OCT050000-00,0.0010,13.25,no
2026-10-05T03:59:00.641494Z,KXSOL15M-26OCT050000-00,0.0010,111.10,no
2026-10-05T03:59:00.641494Z,KXSOL15M-26OCT050000-00,0.0010,8.77,no
2026-10-05T03:59:00.641494Z,KXSOL15M-26OCT050000-00,0.0010,53.00,no
2026-10-05T03:59:00.641494Z,KXSOL15M-26OCT050000-00,0.0010,2.00,no
2026-10-05T03:59:00.641494Z,KXSOL15M-26OCT050000-00,0.0010,3.00,no
2026-10-05T03:59:00.641494Z,KXSOL15M-26OCT050000-00,0.0010,38.00,no
2026-10-05T03:59:02.204477Z,KXSOL15M-26OCT050000-00,0.0010,619.10,yes
2026-10-05T03:59:08.104325Z,KXSOL15M-26OCT050000-00,0.0010,5.34,yes
2026-10-05T03:59:11.03121Z,KXSOL15M-26OCT050000-00,0.0020,11.00,yes
2026-10-05T03:59:11.03121Z,KXSOL15M-26OCT050000-00,0.0020,112.11,yes
2026-10-05T03:59:11.03121Z,KXSOL15M-26OCT050000-00,0.0020,1.00,yes
2026-10-05T03:59:11.03121Z,KXSOL15M-26OCT050000-00,0.0010,265.66,yes
2026-10-05T03:59:11.03121Z,KXSOL15M-26OCT050000-00,0.0010,71.00,yes
2026-10-05T03:59:11.03121Z,KXSOL15M-26OCT050000-00,0.0010,147.00,yes
2026-10-05T03:59:11.03121Z,KXSOL15M-26OCT050000-00,0.0020,100.00,yes
2026-10-05T03:59:11.03121Z,KXSOL15M-26OCT050000-00,0.0020,0.23,yes
2026-10-05T03:59:11.058358Z,KXSOL15M-26OCT050000-00,0.0010,11.00,no
2026-10-05T03:59:11.073094Z,KXSOL15M-26OCT050000-00,0.0010,1.00,no
2026-10-05T03:59:11.086743Z,KXSOL15M-26OCT050000-00,0.0010,38.00,no
2026-10-05T03:59:11.113153Z,KXSOL15M-26OCT050000-00,0.0010,112.11,no
2026-10-05T03:59:11.113153Z,KXSOL15M-26OCT050000-00,0.0010,24.00,no
2026-10-05T03:59:12.235888Z,KXSOL15M-26OCT050000-00,0.0010,5.00,no
2026-10-05T03:59:12.514772Z,KXSOL15M-26OCT050000-00,0.0010,1.00,no
2026-10-05T03:59:12.514772Z,KXSOL15M-26OCT050000-00,0.0010,20.00,no
2026-10-05T03:59:12.872384Z,KXSOL15M-26OCT050000-00,0.0010,60.00,yes
2026-10-05T03:59:17.545782Z,KXSOL15M-26OCT050000-00,0.0010,107.78,yes
2026-10-05T03:59:18.276852Z,KXSOL15M-26OCT050000-00,0.0010,915.99,yes
2026-10-05T03:59:19.319559Z,KXSOL15M-26OCT050000-00,0.0010,2.00,yes
2026-10-05T03:59:33.17979Z,KXSOL15M-26OCT050000-00,0.0010,3.28,yes
2026-10-05T03:59:35.175534Z,KXSOL15M-26OCT050000-00,0.0010,141.94,yes
2026-10-05T03:59:39.506898Z,KXSOL15M-26OCT050000-00,0.0010,16.11,yes
2026-10-05T03:59:48.529005Z,KXSOL15M-26OCT050000-00,0.0010,1.00,yes
2026-10-05T03:59:53.287282Z,KXSOL15M-26OCT050000-00,0.0010,2747.91,yes
2026-10-05T03:58:06.248263Z,KXPALLADIUM15M-26OCT050000-00,0.0400,6.25,no
2026-10-05T03:58:06.248263Z,KXPALLADIUM15M-26OCT050000-00,0.0400,32.00,no
2026-10-05T03:58:06.248263Z,KXPALLADIUM15M-26OCT050000-00,0.0300,57.75,no
2026-10-05T03:58:06.248263Z,KXPALLADIUM15M-26OCT050000-00,0.0300,60.00,no
2026-10-05T03:58:06.248263Z,KXPALLADIUM15M-26OCT050000-00,0.0300,30.00,no
2026-10-05T03:58:06.248263Z,KXPALLADIUM15M-26OCT050000-00,0.0300,5.00,no
2026-10-05T03:58:08.018066Z,KXPALLADIUM15M-26OCT050000-00,0.0300,1.00,no
2026-10-05T03:58:08.245781Z,KXPALLADIUM15M-26OCT050000-00,0.0500,8.00,no
2026-10-05T03:58:08.245781Z,KXPALLADIUM15M-26OCT050000-00,0.0300,327.00,no
2026-10-05T03:58:08.245781Z,KXPALLADIUM15M-26OCT050000-00,0.0300,10.00,no
2026-10-05T03:58:08.245781Z,KXPALLADIUM15M-26OCT050000-00,0.0300,5.00,no
2026-10-05T03:58:14.050318Z,KXPALLADIUM15M-26OCT050000-00,0.0600,5.00,yes
2026-10-05T03:58:14.050318Z,KXPALLADIUM15M-26OCT050000-00,0.0700,1.90,yes
2026-10-05T03:58:14.635778Z,KXPALLADIUM15M-26OCT050000-00,0.0700,9.00,yes
2026-10-05T03:58:14.635778Z,KXPALLADIUM15M-26OCT050000-00,0.0400,3.00,yes
2026-10-05T03:58:14.635778Z,KXPALLADIUM15M-26OCT050000-00,0.0500,5.00,yes
2026-10-05T03:58:14.635778Z,KXPALLADIUM15M-26OCT050000-00,0.0700,28.10,yes
2026-10-05T03:58:14.635778Z,KXPALLADIUM15M-26OCT050000-00,0.0900,10.02,yes
2026-10-05T03:58:17.533795Z,KXPALLADIUM15M-26OCT050000-00,0.0600,9.00,no
2026-10-05T03:58:17.543167Z,KXPALLADIUM15M-26OCT050000-00,0.0600,5.00,no
2026-10-05T03:58:18.457691Z,KXPALLADIUM15M-26OCT050000-00,0.0400,13.00,no
2026-10-05T03:58:18.457691Z,KXPALLADIUM15M-26OCT050000-00,0.0400,5.00,no
2026-10-05T03:58:22.602667Z,KXPALLADIUM15M-26OCT050000-00,0.0500,0.79,yes
2026-10-05T03:58:22.602667Z,KXPALLADIUM15M-26OCT050000-00,0.0400,1.00,yes
2026-10-05T03:58:22.636631Z,KXPALLADIUM15M-26OCT050000-00,0.0500,5.00,yes
2026-10-05T03:58:22.636631Z,KXPALLADIUM15M-26OCT050000-00,0.0600,3.63,yes
2026-10-05T03:58:23.648294Z,KXPALLADIUM15M-26OCT050000-00,0.0300,27.77,no
2026-10-05T03:58:30.292731Z,KXPALLADIUM15M-26OCT050000-00,0.0200,2.00,no
2026-10-05T03:58:30.292731Z,KXPALLADIUM15M-26OCT050000-00,0.0200,46.36,no
2026-10-05T03:58:30.292731Z,KXPALLADIUM15M-26OCT050000-00,0.0300,3.63,no
2026-10-05T03:58:41.271083Z,KXPALLADIUM15M-26OCT050000-00,0.0400,2.34,yes
2026-10-05T03:58:55.310204Z,KXPALLADIUM15M-26OCT050000-00,0.0100,4.05,no
2026-10-05T03:58:55.310204Z,KXPALLADIUM15M-26OCT050000-00,0.0100,1.00,no
2026-10-05T03:58:58.85262Z,KXPALLADIUM15M-26OCT050000-00,0.0100,20.00,no
2026-10-05T03:58:58.85262Z,KXPALLADIUM15M-26OCT050000-00,0.0100,2.00,no
2026-10-05T03:58:58.85262Z,KXPALLADIUM15M-26OCT050000-00,0.0100,1.00,no
2026-10-05T03:58:58.85262Z,KXPALLADIUM15M-26OCT050000-00,0.0100,100.00,no
2026-10-05T03:58:58.85262Z,KXPALLADIUM15M-26OCT050000-00,0.0100,20.00,no
2026-10-05T03:58:58.85262Z,KXPALLADIUM15M-26OCT050000-00,0.0100,2.00,no
2026-10-05T03:58:58.85262Z,KXPALLADIUM15M-26OCT050000-00,0.0100,10.00,no
2026-10-05T03:58:58.85262Z,KXPALLADIUM15M-26OCT050000-00,0.0100,50.00,no
2026-10-05T03:58:58.85262Z,KXPALLADIUM15M-26OCT050000-00,0.0100,4.00,no
2026-10-05T03:58:58.85262Z,KXPALLADIUM15M-26OCT050000-00,0.0100,60.00,no
2026-10-05T03:58:58.85262Z,KXPALLADIUM15M-26OCT050000-00,0.0100,60.00,no
2026-10-05T03:58:58.85262Z,KXPALLADIUM15M-26OCT050000-00,0.0100,30.00,no
2026-10-05T03:58:58.85262Z,KXPALLADIUM15M-26OCT050000-00,0.0100,30.00,no
2026-10-05T03:58:58.85262Z,KXPALLADIUM15M-26OCT050000-00,0.0100,5.62,no
2026-10-05T03:58:58.85262Z,KXPALLADIUM15M-26OCT050000-00,0.0100,2.25,no
2026-10-05T03:58:21.678983Z,KXPLATINUM15M-26OCT050000-00,0.0700,60.00,yes
2026-10-05T03:58:21.678983Z,KXPLATINUM15M-26OCT050000-00,0.0700,24.82,yes
2026-10-05T03:58:23.210539Z,KXPLATINUM15M-26OCT050000-00,0.0800,5.00,no
2026-10-05T03:58:23.210539Z,KXPLATINUM15M-26OCT050000-00,0.0800,5.00,no
2026-10-05T03:58:23.908278Z,KXPLATINUM15M-26OCT050000-00,0.0700,3.20,no
2026-10-05T03:58:23.908278Z,KXPLATINUM15M-26OCT050000-00,0.0700,15.00,no
2026-10-05T03:58:23.908278Z,KXPLATINUM15M-26OCT050000-00,0.0700,5.00,no
2026-10-05T03:58:24.055553Z,KXPLATINUM15M-26OCT050000-00,0.0700,1.25,no
2026-10-05T03:58:25.409602Z,KXPLATINUM15M-26OCT050000-00,0.0800,5.00,no
2026-10-05T03:58:25.409602Z,KXPLATINUM15M-26OCT050000-00,0.0600,7.75,no
2026-10-05T03:58:25.409602Z,KXPLATINUM15M-26OCT050000-00,0.0700,5.00,no
2026-10-05T03:58:25.409602Z,KXPLATINUM15M-26OCT050000-00,0.0600,3.25,no
2026-10-05T03:58:25.409602Z,KXPLATINUM15M-26OCT050000-00,0.0600,30.00,no
2026-10-05T03:58:25.415549Z,KXPLATINUM15M-26OCT050000-00,0.0600,0.28,no
2026-10-05T03:58:25.508927Z,KXPLATINUM15M-26OCT050000-00,0.0700,5.00,no
2026-10-05T03:58:25.508927Z,KXPLATINUM15M-26OCT050000-00,0.0500,4.00,no
2026-10-05T03:58:25.508927Z,KXPLATINUM15M-26OCT050000-00,0.0700,5.00,no
2026-10-05T03:58:25.508927Z,KXPLATINUM15M-26OCT050000-00,0.0600,1.00,no
2026-10-05T03:58:25.6121Z,KXPLATINUM15M-26OCT050000-00,0.0500,9.00,no
2026-10-05T03:58:25.6121Z,KXPLATINUM15M-26OCT050000-00,0.0700,5.00,no
2026-10-05T03:58:25.6121Z,KXPLATINUM15M-26OCT050000-00,0.0600,5.00,no
2026-10-05T03:58:29.707935Z,KXPLATINUM15M-26OCT050000-00,0.1100,4.27,yes
2026-10-05T03:58:39.761052Z,KXPLATINUM15M-26OCT050000-00,0.0600,14.50,yes
2026-10-05T03:58:49.721164Z,KXPLATINUM15M-26OCT050000-00,0.0400,2.00,no
2026-10-05T03:58:55.589147Z,KXPLATINUM15M-26OCT050000-00,0.0200,5.10,no
2026-10-05T03:58:56.102186Z,KXPLATINUM15M-26OCT050000-00,0.0200,5.00,no
2026-10-05T03:58:56.778141Z,KXPLATINUM15M-26OCT050000-00,0.0200,0.19,no
2026-10-05T03:58:56.778141Z,KXPLATINUM15M-26OCT050000-00,0.0200,4.90,no
2026-10-05T03:58:56.907299Z,KXPLATINUM15M-26OCT050000-00,0.0200,7.81,no
2026-10-05T03:58:56.907299Z,KXPLATINUM15M-26OCT050000-00,0.0100,274.19,no
2026-10-05T03:58:56.907299Z,KXPLATINUM15M-26OCT050000-00,0.0200,1.00,no
2026-10-05T03:58:56.907299Z,KXPLATINUM15M-26OCT050000-00,0.0200,2.00,no
2026-10-05T03:58:56.907299Z,KXPLATINUM15M-26OCT050000-00,0.0200,5.00,no
2026-10-05T03:58:56.907299Z,KXPLATINUM15M-26OCT050000-00,0.0200,60.00,no
2026-10-05T03:59:00.047933Z,KXPLATINUM15M-26OCT050000-00,0.0200,5.00,no
2026-10-05T03:59:00.047933Z,KXPLATINUM15M-26OCT050000-00,0.0200,2.00,no
2026-10-05T03:59:00.318369Z,KXPLATINUM15M-26OCT050000-00,0.0200,34.01,yes
2026-10-05T03:59:01.312996Z,KXPLATINUM15M-26OCT050000-00,0.0100,9.00,no
2026-10-05T03:59:08.438275Z,KXPLATINUM15M-26OCT050000-00,0.0100,4.00,no
2026-10-05T03:59:08.438275Z,KXPLATINUM15M-26OCT050000-00,0.0100,1.00,no
2026-10-05T03:59:08.438275Z,KXPLATINUM15M-26OCT050000-00,0.0100,1.00,no
2026-10-05T03:59:08.438275Z,KXPLATINUM15M-26OCT050000-00,0.0100,10.00,no
2026-10-05T03:59:08.438275Z,KXPLATINUM15M-26OCT050000-00,0.0100,20.00,no
2026-10-05T03:59:08.438275Z,KXPLATINUM15M-26OCT050000-00,0.0100,2.00,no
2026-10-05T03:59:08.438275Z,KXPLATINUM15M-26OCT050000-00,0.0100,2.00,no
2026-10-05T03:59:08.438275Z,KXPLATINUM15M-26OCT050000-00,0.0100,100.00,no
2026-10-05T03:59:08.438275Z,KXPLATINUM15M-26OCT050000-00,0.0100,2.95,no
2026-10-05T03:59:09.624961Z,KXPLATINUM15M-26OCT050000-00,0.0100,93.51,yes
2026-10-05T03:59:16.314495Z,KXPLATINUM15M-26OCT050000-00,0.0100,9.35,yes
2026-10-05T03:58:21.440649Z,KXWTI15M-26OCT050000-00,0.0300,31.21,yes
2026-10-05T03:58:21.664757Z,KXWTI15M-26OCT050000-00,0.0200,59.00,no
2026-10-05T03:58:21.827084Z,KXWTI15M-26OCT050000-00,0.0120,5.19,no
2026-10-05T03:58:22.056662Z,KXWTI15M-26OCT050000-00,0.0120,5.00,no
2026-10-05T03:58:22.066952Z,KXWTI15M-26OCT050000-00,0.0120,15.00,no
2026-10-05T03:58:22.826484Z,KXWTI15M-26OCT050000-00,0.0210,17.97,yes
2026-10-05T03:58:22.826484Z,KXWTI15M-26OCT050000-00,0.0210,25.00,yes
2026-10-05T03:58:22.871009Z,KXWTI15M-26OCT050000-00,0.0210,44.56,yes
2026-10-05T03:58:23.99039Z,KXWTI15M-26OCT050000-00,0.0210,2.06,yes
2026-10-05T03:58:24.715431Z,KXWTI15M-26OCT050000-00,0.0210,133.00,yes
2026-10-05T03:58:26.86568Z,KXWTI15M-26OCT050000-00,0.0220,25.00,yes
2026-10-05T03:58:26.86568Z,KXWTI15M-26OCT050000-00,0.0230,16.40,yes
2026-10-05T03:58:27.303287Z,KXWTI15M-26OCT050000-00,0.0110,30.31,no
2026-10-05T03:58:28.808086Z,KXWTI15M-26OCT050000-00,0.0240,130.99,yes
2026-10-05T03:58:28.808086Z,KXWTI15M-26OCT050000-00,0.0220,200.00,yes
2026-10-05T03:58:28.808086Z,KXWTI15M-26OCT050000-00,0.0230,25.00,yes
2026-10-05T03:58:28.808086Z,KXWTI15M-26OCT050000-00,0.0220,2.00,yes
2026-10-05T03:58:29.961793Z,KXWTI15M-26OCT050000-00,0.0220,12.00,yes
2026-10-05T03:58:30.761819Z,KXWTI15M-26OCT050000-00,0.0230,2.27,yes
2026-10-05T03:58:31.953017Z,KXWTI15M-26OCT050000-00,0.0230,11.28,yes
2026-10-05T03:58:32.111295Z,KXWTI15M-26OCT050000-00,0.0100,43.88,no
2026-10-05T03:58:32.111295Z,KXWTI15M-26OCT050000-00,0.0100,3.00,no
2026-10-05T03:58:32.111295Z,KXWTI15M-26OCT050000-00,0.0100,2.00,no
2026-10-05T03:58:32.111295Z,KXWTI15M-26OCT050000-00,0.0100,11.99,no
2026-10-05T03:58:32.111295Z,KXWTI15M-26OCT050000-00,0.0100,25.00,no
2026-10-05T03:58:32.111295Z,KXWTI15M-26OCT050000-00,0.0210,1.00,no
2026-10-05T03:58:32.111295Z,KXWTI15M-26OCT050000-00,0.0110,23.00,no
2026-10-05T03:58:32.111295Z,KXWTI15M-26OCT050000-00,0.0110,10.00,no
2026-10-05T03:58:32.111295Z,KXWTI15M-26OCT050000-00,0.0210,59.00,no
2026-10-05T03:58:32.111295Z,KXWTI15M-26OCT050000-00,0.0100,3.52,no
2026-10-05T03:58:32.111295Z,KXWTI15M-26OCT050000-00,0.0100,19.88,no
2026-10-05T03:58:33.242468Z,KXWTI15M-26OCT050000-00,0.0120,0.03,no
2026-10-05T03:58:35.170652Z,KXWTI15M-26OCT050000-00,0.0230,406.95,yes
2026-10-05T03:58:36.493157Z,KXWTI15M-26OCT050000-00,0.0230,40.69,yes
2026-10-05T03:58:36.613765Z,KXWTI15M-26OCT050000-00,0.0230,122.08,yes
2026-10-05T03:58:38.452087Z,KXWTI15M-26OCT050000-00,0.0200,18.00,yes
2026-10-05T03:58:38.452087Z,KXWTI15M-26OCT050000-00,0.0200,71.13,yes
2026-10-05T03:58:39.319604Z,KXWTI15M-26OCT050000-00,0.0200,0.46,yes
2026-10-05T03:58:40.037805Z,KXWTI15M-26OCT050000-00,0.0200,18.41,yes
2026-10-05T03:58:40.037805Z,KXWTI15M-26OCT050000-00,0.0230,25.00,yes
2026-10-05T03:58:40.037805Z,KXWTI15M-26OCT050000-00,0.0240,37.12,yes
2026-10-05T03:58:40.048457Z,KXWTI15M-26OCT050000-00,0.0120,3.07,no
2026-10-05T03:58:41.030428Z,KXWTI15M-26OCT050000-00,0.0200,4.67,yes
2026-10-05T03:58:41.707099Z,KXWTI15M-26OCT050000-00,0.0200,0.46,yes
2026-10-05T03:58:42.139564Z,KXWTI15M-26OCT050000-00,0.0120,1.00,no
2026-10-05T03:58:43.179354Z,KXWTI15M-26OCT050000-00,0.0120,23.00,no
2026-10-05T03:58:43.446082Z,KXWTI15M-26OCT050000-00,0.0120,101.12,no
2026-10-05T03:58:43.696215Z,KXWTI15M-26OCT050000-00,0.0200,1.15,yes
2026-10-05T03:58:46.029883Z,KXWTI15M-26OCT050000-00,0.0200,41.00,yes
2026-10-05T03:58:46.029883Z,KXWTI15M-26OCT050000-00,0.0200,68.00,yes
2026-10-05T03:58:46.752452Z,KXWTI15M-26OCT050000-00,0.0160,5.84,no
2026-10-05T03:58:48.382841Z,KXWTI15M-26OCT050000-00,0.0150,2.59,no
2026-10-05T03:58:49.398609Z,KXWTI15M-26OCT050000-00,0.0260,1.00,yes
2026-10-05T03:58:52.342166Z,KXWTI15M-26OCT050000-00,0.0150,0.47,no
2026-10-05T03:58:53.155797Z,KXWTI15M-26OCT050000-00,0.0160,116.94,yes
2026-10-05T03:58:54.105093Z,KXWTI15M-26OCT050000-00,0.0160,61.24,yes
2026-10-05T03:58:54.402518Z,KXWTI15M-26OCT050000-00,0.0160,116.94,yes
2026-10-05T03:58:54.714073Z,KXWTI15M-26OCT050000-00,0.0160,0.58,yes
2026-10-05T03:58:55.245565Z,KXWTI15M-26OCT050000-00,0.0160,292.36,yes
2026-10-05T03:58:56.616095Z,KXWTI15M-26OCT050000-00,0.0120,10.11,no
2026-10-05T03:58:58.03675Z,KXWTI15M-26OCT050000-00,0.0160,10.00,yes
2026-10-05T03:58:58.03675Z,KXWTI15M-26OCT050000-00,0.0160,411.94,yes
2026-10-05T03:58:58.03675Z,KXWTI15M-26OCT050000-00,0.0160,71.00,yes
2026-10-05T03:58:58.03675Z,KXWTI15M-26OCT050000-00,0.0170,85.85,yes
2026-10-05T03:58:59.224707Z,KXWTI15M-26OCT050000-00,0.0110,10.00,no
2026-10-05T03:58:59.224707Z,KXWTI15M-26OCT050000-00,0.0110,42.00,no
2026-10-05T03:58:59.224707Z,KXWTI15M-26OCT050000-00,0.0110,23.00,no
2026-10-05T03:58:59.224707Z,KXWTI15M-26OCT050000-00,0.0100,102.71,no
2026-10-05T03:58:59.599494Z,KXWTI15M-26OCT050000-00,0.0190,48.26,yes
2026-10-05T03:58:59.60681Z,KXWTI15M-26OCT050000-00,0.0110,43.00,no
2026-10-05T03:58:59.699583Z,KXWTI15M-26OCT050000-00,0.0210,25.00,yes
2026-10-05T03:58:59.699583Z,KXWTI15M-26OCT050000-00,0.0210,110.91,yes
2026-10-05T03:58:59.699583Z,KXWTI15M-26OCT050000-00,0.0190,96.00,yes
2026-10-05T03:59:00.373881Z,KXWTI15M-26OCT050000-00,0.0120,15.00,no
2026-10-05T03:59:00.889022Z,KXWTI15M-26OCT050000-00,0.0200,2.73,yes
2026-10-05T03:59:00.889022Z,KXWTI15M-26OCT050000-00,0.0190,22.00,yes
2026-10-05T03:59:00.889022Z,KXWTI15M-26OCT050000-00,0.0200,23.00,yes
2026-10-05T03:59:00.918322Z,KXWTI15M-26OCT050000-00,0.0120,1.00,no
2026-10-05T03:59:01.386862Z,KXWTI15M-26OCT050000-00,0.0120,9.00,no
2026-10-05T03:59:01.658152Z,KXWTI15M-26OCT050000-00,0.0120,0.01,no
2026-10-05T03:59:02.36968Z,KXWTI15M-26OCT050000-00,0.0120,6.43,no
2026-10-05T03:59:03.965646Z,KXWTI15M-26OCT050000-00,0.0120,1.00,no
2026-10-05T03:59:05.565857Z,KXWTI15M-26OCT050000-00,0.0120,9.00,no
2026-10-05T03:59:05.565857Z,KXWTI15M-26OCT050000-00,0.0110,12.49,no
2026-10-05T03:59:05.565857Z,KXWTI15M-26OCT050000-00,0.0120,20.00,no
2026-10-05T03:59:06.060541Z,KXWTI15M-26OCT050000-00,0.0170,0.55,yes
2026-10-05T03:59:07.470925Z,KXWTI15M-26OCT050000-00,0.0170,50.00,yes
2026-10-05T03:59:07.470925Z,KXWTI15M-26OCT050000-00,0.0400,8.43,yes
2026-10-05T03:59:07.470925Z,KXWTI15M-26OCT050000-00,0.0290,13.00,yes
2026-10-05T03:59:07.470925Z,KXWTI15M-26OCT050000-00,0.0190,41.00,yes
2026-10-05T03:59:07.470925Z,KXWTI15M-26OCT050000-00,0.0320,26.00,yes
2026-10-05T03:59:07.470925Z,KXWTI15M-26OCT050000-00,0.0240,60.00,yes
2026-10-05T03:59:07.470925Z,KXWTI15M-26OCT050000-00,0.0330,60.00,yes
2026-10-05T03:59:07.470925Z,KXWTI15M-26OCT050000-00,0.0330,30.00,yes
2026-10-05T03:59:07.470925Z,KXWTI15M-26OCT050000-00,0.0330,30.00,yes
2026-10-05T03:59:07.72996Z,KXWTI15M-26OCT050000-00,0.0110,21.06,no
2026-10-05T03:59:07.72996Z,KXWTI15M-26OCT050000-00,0.0110,25.00,no
2026-10-05T03:59:07.798197Z,KXWTI15M-26OCT050000-00,0.0380,89.00,yes
2026-10-05T03:59:07.851765Z,KXWTI15M-26OCT050000-00,0.0100,127.41,no
2026-10-05T03:59:07.851765Z,KXWTI15M-26OCT050000-00,0.0100,15.88,no
2026-10-05T03:59:08.533098Z,KXWTI15M-26OCT050000-00,0.0120,39.00,no
2026-10-05T03:59:09.494854Z,KXWTI15M-26OCT050000-00,0.0100,43.47,no
2026-10-05T03:59:09.494854Z,KXWTI15M-26OCT050000-00,0.0100,21.50,no
2026-10-05T03:59:09.494854Z,KXWTI15M-26OCT050000-00,0.0100,4.12,no
2026-10-05T03:59:10.940364Z,KXWTI15M-26OCT050000-00,0.0070,22.27,no
2026-10-05T03:59:11.068135Z,KXWTI15M-26OCT050000-00,0.0100,93.51,yes
2026-10-05T03:59:11.470827Z,KXWTI15M-26OCT050000-00,0.0100,93.51,yes
2026-10-05T03:59:13.339426Z,KXWTI15M-26OCT050000-00,0.0060,66.00,no
2026-10-05T03:59:14.637955Z,KXWTI15M-26OCT050000-00,0.0040,1.00,no
2026-10-05T03:59:14.637955Z,KXWTI15M-26OCT050000-00,0.0040,1.00,no
2026-10-05T03:59:14.637955Z,KXWTI15M-26OCT050000-00,0.0040,13.00,no
2026-10-05T03:59:14.637955Z,KXWTI15M-26OCT050000-00,0.0050,11.00,no
2026-10-05T03:59:14.637955Z,KXWTI15M-26OCT050000-00,0.0040,1.00,no
2026-10-05T03:59:14.637955Z,KXWTI15M-26OCT050000-00,0.0040,1.00,no
2026-10-05T03:59:14.637955Z,KXWTI15M-26OCT050000-00,0.0040,1.00,no
2026-10-05T03:59:14.637955Z,KXWTI15M-26OCT050000-00,0.0030,52.00,no
2026-10-05T03:59:14.637955Z,KXWTI15M-26OCT050000-00,0.0050,63.00,no
2026-10-05T03:59:14.637955Z,KXWTI15M-26OCT050000-00,0.0050,1.00,no
2026-10-05T03:59:14.674012Z,KXWTI15M-26OCT050000-00,0.0050,1.00,no
2026-10-05T03:59:14.891508Z,KXWTI15M-26OCT050000-00,0.0050,58.00,no
2026-10-05T03:59:14.98101Z,KXWTI15M-26OCT050000-00,0.0030,1.34,no
2026-10-05T03:59:15.054256Z,KXWTI15M-26OCT050000-00,0.0100,713.47,yes
2026-10-05T03:59:15.707614Z,KXWTI15M-26OCT050000-00,0.0100,187.03,yes
2026-10-05T03:59:16.887882Z,KXWTI15M-26OCT050000-00,0.0100,0.24,yes
2026-10-05T03:59:17.924105Z,KXWTI15M-26OCT050000-00,0.0100,93.51,yes
2026-10-05T03:59:18.056991Z,KXWTI15M-26OCT050000-00,0.0030,47.95,no
2026-10-05T03:59:18.169019Z,KXWTI15M-26OCT050000-00,0.0030,6.71,no
2026-10-05T03:59:18.169019Z,KXWTI15M-26OCT050000-00,0.0020,112.65,no
2026-10-05T03:59:18.169019Z,KXWTI15M-26OCT050000-00,0.0030,2.00,no
2026-10-05T03:59:18.169019Z,KXWTI15M-26OCT050000-00,0.0030,2.00,no
2026-10-05T03:59:18.169019Z,KXWTI15M-26OCT050000-00,0.0030,2.00,no
2026-10-05T03:59:18.169019Z,KXWTI15M-26OCT050000-00,0.0030,2.00,no
2026-10-05T03:59:18.169019Z,KXWTI15M-26OCT050000-00,0.0030,2.00,no
2026-10-05T03:59:18.169019Z,KXWTI15M-26OCT050000-00,0.0030,18.00,no
2026-10-05T03:59:18.169019Z,KXWTI15M-26OCT050000-00,0.0030,60.00,no
2026-10-05T03:59:18.169019Z,KXWTI15M-26OCT050000-00,0.0030,60.00,no
2026-10-05T03:59:18.169019Z,KXWTI15M-26OCT050000-00,0.0030,25.00,no
2026-10-05T03:59:19.284937Z,KXWTI15M-26OCT050000-00,0.0070,123.05,yes
2026-10-05T03:59:19.366084Z,KXWTI15M-26OCT050000-00,0.0070,60.95,yes
2026-10-05T03:59:19.366084Z,KXWTI15M-26OCT050000-00,0.0070,69.95,yes
2026-10-05T03:59:20.837536Z,KXWTI15M-26OCT050000-00,0.0100,0.93,yes
2026-10-05T03:59:20.837536Z,KXWTI15M-26OCT050000-00,0.0090,25.00,yes
2026-10-05T03:59:20.837536Z,KXWTI15M-26OCT050000-00,0.0090,51.70,yes
2026-10-05T03:59:20.837536Z,KXWTI15M-26OCT050000-00,0.0070,29.00,yes
2026-10-05T03:59:21.791869Z,KXWTI15M-26OCT050000-00,0.0020,10.01,no
2026-10-05T03:59:21.80246Z,KXWTI15M-26OCT050000-00,0.0100,31.79,yes
2026-10-05T03:59:21.80246Z,KXWTI15M-26OCT050000-00,0.0090,25.00,yes
2026-10-05T03:59:21.80246Z,KXWTI15M-26OCT050000-00,0.0080,47.00,yes
2026-10-05T03:59:22.301211Z,KXWTI15M-26OCT050000-00,0.0020,5.00,no
2026-10-05T03:59:22.501976Z,KXWTI15M-26OCT050000-00,0.0100,404.59,yes
2026-10-05T03:59:22.501976Z,KXWTI15M-26OCT050000-00,0.0080,38.00,yes
2026-10-05T03:59:22.501976Z,KXWTI15M-26OCT050000-00,0.0090,25.00,yes
2026-10-05T03:59:23.645437Z,KXWTI15M-26OCT050000-00,0.0100,932.71,yes
2026-10-05T03:59:23.645437Z,KXWTI15M-26OCT050000-00,0.0070,41.00,yes
2026-10-05T03:59:23.645437Z,KXWTI15M-26OCT050000-00,0.0080,30.00,yes
2026-10-05T03:59:23.645437Z,KXWTI15M-26OCT050000-00,0.0090,25.00,yes
2026-10-05T03:59:23.783201Z,KXWTI15M-26OCT050000-00,0.0080,2.61,yes
2026-10-05T03:59:24.251053Z,KXWTI15M-26OCT050000-00,0.0080,1.31,yes
2026-10-05T03:59:24.357205Z,KXWTI15M-26OCT050000-00,0.0080,24.08,yes
2026-10-05T03:59:24.357205Z,KXWTI15M-26OCT050000-00,0.0100,410.92,yes
2026-10-05T03:59:25.811422Z,KXWTI15M-26OCT050000-00,0.0100,93.51,yes
2026-10-05T03:59:28.502053Z,KXWTI15M-26OCT050000-00,0.0100,93.51,yes
2026-10-05T03:59:29.198205Z,KXWTI15M-26OCT050000-00,0.0020,1.00,no
2026-10-05T03:59:29.351294Z,KXWTI15M-26OCT050000-00,0.0100,46.75,yes
2026-10-05T03:59:30.815221Z,KXWTI15M-26OCT050000-00,0.0020,37.52,no
2026-10-05T03:59:30.815221Z,KXWTI15M-26OCT050000-00,0.0020,3.00,no
2026-10-05T03:59:30.815221Z,KXWTI15M-26OCT050000-00,0.0020,3.00,no
2026-10-05T03:59:30.815221Z,KXWTI15M-26OCT050000-00,0.0020,3.00,no
2026-10-05T03:59:30.815221Z,KXWTI15M-26OCT050000-00,0.0020,9.99,no
2026-10-05T03:59:30.815221Z,KXWTI15M-26OCT050000-00,0.0020,3.00,no
2026-10-05T03:59:30.815221Z,KXWTI15M-26OCT050000-00,0.0020,3.00,no
2026-10-05T03:59:30.815221Z,KXWTI15M-26OCT050000-00,0.0020,29.00,no
2026-10-05T03:59:30.815221Z,KXWTI15M-26OCT050000-00,0.0020,1.00,no
2026-10-05T03:59:30.815221Z,KXWTI15M-26OCT050000-00,0.0020,1.00,no
2026-10-05T03:59:31.246691Z,KXWTI15M-26OCT050000-00,0.0090,24.97,yes
2026-10-05T03:59:31.246691Z,KXWTI15M-26OCT050000-00,0.0090,1.00,yes
2026-10-05T03:59:31.881233Z,KXWTI15M-26OCT050000-00,0.0090,10.11,yes
2026-10-05T03:59:31.923Z,KXWTI15M-26OCT050000-00,0.0090,66.10,yes
2026-10-05T03:59:31.923Z,KXWTI15M-26OCT050000-00,0.0090,27.41,yes
2026-10-05T03:59:33.21935Z,KXWTI15M-26OCT050000-00,0.0090,90.00,yes
2026-10-05T03:59:33.21935Z,KXWTI15M-26OCT050000-00,0.0100,9.73,yes
2026-10-05T03:59:33.64357Z,KXWTI15M-26OCT050000-00,0.0080,37.00,yes
2026-10-05T03:59:33.64357Z,KXWTI15M-26OCT050000-00,0.0100,62.73,yes
2026-10-05T03:59:34.242072Z,KXWTI15M-26OCT050000-00,0.0020,15.00,no
2026-10-05T03:59:36.049857Z,KXWTI15M-26OCT050000-00,0.0090,58.00,yes
2026-10-05T03:59:36.049857Z,KXWTI15M-26OCT050000-00,0.0100,3.10,yes
2026-10-05T03:59:36.049857Z,KXWTI15M-26OCT050000-00,0.0100,131.56,yes
2026-10-05T03:59:36.372799Z,KXWTI15M-26OCT050000-00,0.0020,3.00,no
2026-10-05T03:59:36.987146Z,KXWTI15M-26OCT050000-00,0.0090,2.06,yes
2026-10-05T03:59:37.372203Z,KXWTI15M-26OCT050000-00,0.0100,15.00,yes
2026-10-05T03:59:37.372203Z,KXWTI15M-26OCT050000-00,0.0100,15.00,yes
2026-10-05T03:59:37.372203Z,KXWTI15M-26OCT050000-00,0.0100,37.90,yes
2026-10-05T03:59:37.372203Z,KXWTI15M-26OCT050000-00,0.0090,47.94,yes
2026-10-05T03:59:37.372203Z,KXWTI15M-26OCT050000-00,0.0100,1.00,yes
2026-10-05T03:59:37.372203Z,KXWTI15M-26OCT050000-00,0.0110,1.34,yes
2026-10-05T03:59:37.372203Z,KXWTI15M-26OCT050000-00,0.0110,52.00,yes
2026-10-05T03:59:37.372203Z,KXWTI15M-26OCT050000-00,0.0110,14.19,yes
2026-10-05T03:59:37.562193Z,KXWTI15M-26OCT050000-00,0.0020,4.31,no
2026-10-05T03:59:37.562193Z,KXWTI15M-26OCT050000-00,0.0020,11.00,no
2026-10-05T03:59:38.545661Z,KXWTI15M-26OCT050000-00,0.0020,395.69,no
2026-10-05T03:59:38.545661Z,KXWTI15M-26OCT050000-00,0.0020,39.31,no
2026-10-05T03:59:40.281278Z,KXWTI15M-26OCT050000-00,0.0020,25.04,no
2026-10-05T03:59:40.535961Z,KXWTI15M-26OCT050000-00,0.0090,3.00,yes
2026-10-05T03:59:41.994422Z,KXWTI15M-26OCT050000-00,0.0090,244.47,yes
2026-10-05T03:59:41.994422Z,KXWTI15M-26OCT050000-00,0.0090,61.00,yes
2026-10-05T03:59:42.414309Z,KXWTI15M-26OCT050000-00,0.0020,197.00,no
2026-10-05T03:59:42.414309Z,KXWTI15M-26OCT050000-00,0.0020,15.00,no
2026-10-05T03:59:42.414309Z,KXWTI15M-26OCT050000-00,0.0020,3.00,no
2026-10-05T03:59:42.414309Z,KXWTI15M-26OCT050000-00,0.0020,11.00,no
2026-10-05T03:59:43.11593Z,KXWTI15M-26OCT050000-00,0.0020,139.00,no
2026-10-05T03:59:43.11593Z,KXWTI15M-26OCT050000-00,0.0020,1.00,no
2026-10-05T03:59:43.11593Z,KXWTI15M-26OCT050000-00,0.0020,29.00,no
2026-10-05T03:59:44.575424Z,KXWTI15M-26OCT050000-00,0.0010,1.00,no
2026-10-05T03:59:45.375134Z,KXWTI15M-26OCT050000-00,0.0010,86.19,no
2026-10-05T03:59:45.387025Z,KXWTI15M-26OCT050000-00,0.0020,916.02,yes
2026-10-05T03:59:48.35379Z,KXWTI15M-26OCT050000-00,0.0010,33.00,no
2026-10-05T03:59:49.132336Z,KXWTI15M-26OCT050000-00,0.0010,200.00,no
2026-10-05T03:59:49.148783Z,KXWTI15M-26OCT050000-00,0.0010,20.19,no
2026-10-05T03:59:49.148783Z,KXWTI15M-26OCT050000-00,0.0010,179.81,no
2026-10-05T03:59:49.171095Z,KXWTI15M-26OCT050000-00,0.0010,200.00,no
2026-10-05T03:59:49.243238Z,KXWTI15M-26OCT050000-00,0.0010,75.00,no
2026-10-05T03:59:49.243238Z,KXWTI15M-26OCT050000-00,0.0010,1.00,no
2026-10-05T03:59:49.243238Z,KXWTI15M-26OCT050000-00,0.0010,79.81,no
2026-10-05T03:59:49.243238Z,KXWTI15M-26OCT050000-00,0.0010,1.00,no
2026-10-05T03:59:49.243238Z,KXWTI15M-26OCT050000-00,0.0010,11.19,no
2026-10-05T03:59:50.175222Z,KXWTI15M-26OCT050000-00,0.0010,2.00,no
2026-10-05T03:59:51.123612Z,KXWTI15M-26OCT050000-00,0.0010,4.00,no
2026-10-05T03:59:51.551286Z,KXWTI15M-26OCT050000-00,0.0020,81.00,yes
2026-10-05T03:59:52.429489Z,KXWTI15M-26OCT050000-00,0.0020,379.81,yes
2026-10-05T03:59:52.429489Z,KXWTI15M-26OCT050000-00,0.0020,40.00,yes
2026-10-05T03:59:52.429489Z,KXWTI15M-26OCT050000-00,0.0020,8.00,yes
2026-10-05T03:59:52.429489Z,KXWTI15M-26OCT050000-00,0.0020,5.19,yes
2026-10-05T03:59:52.429489Z,KXWTI15M-26OCT050000-00,0.0020,33.00,yes
2026-10-05T03:59:54.621676Z,KXWTI15M-26OCT050000-00,0.0010,67.00,no
2026-10-05T03:59:54.802718Z,KXWTI15M-26OCT050000-00,0.0010,52.49,no
2026-10-05T03:59:55.622347Z,KXWTI15M-26OCT050000-00,0.0010,37.00,no
2026-10-05T03:59:56.269468Z,KXWTI15M-26OCT050000-00,0.0010,76.32,no
2026-10-05T03:59:56.269468Z,KXWTI15M-26OCT050000-00,0.0010,6.90,no
2026-10-05T03:59:56.269468Z,KXWTI15M-26OCT050000-00,0.0010,31.00,no
2026-10-05T03:59:56.628837Z,KXWTI15M-26OCT050000-00,0.0010,173.26,yes
2026-10-05T03:59:57.812981Z,KXWTI15M-26OCT050000-00,0.0010,15.22,yes
2026-10-05T03:59:58.220256Z,KXWTI15M-26OCT050000-00,0.0010,915.99,yes
2026-10-05T03:58:56.933251Z,KXUSDJPY15M-26OCT050000-30,0.9300,6.70,no
2026-10-05T03:59:11.957545Z,KXUSDJPY15M-26OCT050000-30,0.9800,11.69,no
2026-10-05T03:59:22.56328Z,KXUSDJPY15M-26OCT050000-30,0.9900,11.69,yes
2026-10-05T03:59:22.573896Z,KXUSDJPY15M-26OCT050000-30,0.9900,15.00,yes
2026-10-05T03:59:25.699661Z,KXUSDJPY15M-26OCT050000-30,0.9800,0.93,no
2026-10-05T03:59:33.630483Z,KXUSDJPY15M-26OCT050000-30,0.9900,1.00,yes
2026-10-05T03:59:34.940396Z,KXUSDJPY15M-26OCT050000-30,0.9900,0.69,yes
2026-10-05T03:59:34.940396Z,KXUSDJPY15M-26OCT050000-30,0.9900,1.00,yes
2026-10-05T03:59:34.940396Z,KXUSDJPY15M-26OCT050000-30,0.9900,10.00,yes
2026-10-05T03:59:34.940396Z,KXUSDJPY15M-26OCT050000-30,0.9900,132.31,yes
2026-10-05T03:59:37.358691Z,KXUSDJPY15M-26OCT050000-30,0.9900,0.31,yes
2026-10-05T03:58:53.235363Z,KXZEC15M-26OCT050000-00,0.1200,5.66,no
2026-10-05T03:58:53.306479Z,KXZEC15M-26OCT050000-00,0.1200,11.15,no
2026-10-05T03:58:53.500724Z,KXZEC15M-26OCT050000-00,0.1800,33.00,yes
2026-10-05T03:58:53.500724Z,KXZEC15M-26OCT050000-00,0.2000,1.00,yes
2026-10-05T03:58:53.500724Z,KXZEC15M-26OCT050000-00,0.1900,60.00,yes
2026-10-05T03:58:53.500724Z,KXZEC15M-26OCT050000-00,0.1700,66.00,yes
2026-10-05T03:58:53.500724Z,KXZEC15M-26OCT050000-00,0.2200,100.00,yes
2026-10-05T03:58:53.500724Z,KXZEC15M-26OCT050000-00,0.1800,10.00,yes
2026-10-05T03:58:53.500724Z,KXZEC15M-26OCT050000-00,0.2100,1.00,yes
2026-10-05T03:58:53.554879Z,KXZEC15M-26OCT050000-00,0.1100,5.17,no
2026-10-05T03:58:53.554879Z,KXZEC15M-26OCT050000-00,0.1200,1.00,no
2026-10-05T03:58:53.554879Z,KXZEC15M-26OCT050000-00,0.1200,71.19,no
2026-10-05T03:58:53.554879Z,KXZEC15M-26OCT050000-00,0.1200,25.00,no
2026-10-05T03:58:53.649038Z,KXZEC15M-26OCT050000-00,0.2000,10.00,yes
2026-10-05T03:58:53.649038Z,KXZEC15M-26OCT050000-00,0.2100,5.00,yes
2026-10-05T03:58:53.649038Z,KXZEC15M-26OCT050000-00,0.2100,2.00,yes
2026-10-05T03:58:53.649071Z,KXZEC15M-26OCT050000-00,0.2100,21.00,yes
2026-10-05T03:58:53.664389Z,KXZEC15M-26OCT050000-00,0.2600,1.00,yes
2026-10-05T03:58:53.893231Z,KXZEC15M-26OCT050000-00,0.1700,7.00,no
2026-10-05T03:58:54.004671Z,KXZEC15M-26OCT050000-00,0.2800,4.00,yes
2026-10-05T03:58:54.004671Z,KXZEC15M-26OCT050000-00,0.2400,10.00,yes
2026-10-05T03:58:54.004866Z,KXZEC15M-26OCT050000-00,0.2800,37.00,yes
2026-10-05T03:58:54.104271Z,KXZEC15M-26OCT050000-00,0.2200,15.93,no
2026-10-05T03:58:54.221722Z,KXZEC15M-26OCT050000-00,0.2400,7.91,yes
2026-10-05T03:58:54.359594Z,KXZEC15M-26OCT050000-00,0.1300,1.31,no
2026-10-05T03:58:54.408494Z,KXZEC15M-26OCT050000-00,0.2000,10.00,yes
2026-10-05T03:58:54.528603Z,KXZEC15M-26OCT050000-00,0.2500,5.00,yes
2026-10-05T03:58:54.528683Z,KXZEC15M-26OCT050000-00,0.2500,5.00,yes
2026-10-05T03:58:54.528683Z,KXZEC15M-26OCT050000-00,0.2600,9.00,yes
2026-10-05T03:58:54.52913Z,KXZEC15M-26OCT050000-00,0.2600,39.00,yes
2026-10-05T03:58:54.529204Z,KXZEC15M-26OCT050000-00,0.2800,3.00,yes
2026-10-05T03:58:54.529289Z,KXZEC15M-26OCT050000-00,0.2800,2.33,yes
2026-10-05T03:58:54.529289Z,KXZEC15M-26OCT050000-00,0.2900,0.67,yes
2026-10-05T03:58:54.669255Z,KXZEC15M-26OCT050000-00,0.2800,1.49,no
2026-10-05T03:58:54.708925Z,KXZEC15M-26OCT050000-00,0.3800,19.00,yes
2026-10-05T03:58:54.708925Z,KXZEC15M-26OCT050000-00,0.3800,1.00,yes
2026-10-05T03:58:54.708925Z,KXZEC15M-26OCT050000-00,0.3700,1.00,yes
2026-10-05T03:58:54.786074Z,KXZEC15M-26OCT050000-00,0.3200,2.35,no
2026-10-05T03:58:54.79763Z,KXZEC15M-26OCT050000-00,0.3200,1.00,no
2026-10-05T03:58:54.813854Z,KXZEC15M-26OCT050000-00,0.3800,1.00,yes
2026-10-05T03:58:54.893782Z,KXZEC15M-26OCT050000-00,0.3000,6.35,no
2026-10-05T03:58:54.893782Z,KXZEC15M-26OCT050000-00,0.3100,31.00,no
2026-10-05T03:58:54.893782Z,KXZEC15M-26OCT050000-00,0.3200,39.65,no
2026-10-05T03:58:54.940106Z,KXZEC15M-26OCT050000-00,0.3700,1.00,yes
2026-10-05T03:58:54.940106Z,KXZEC15M-26OCT050000-00,0.3800,26.00,yes
2026-10-05T03:58:55.017529Z,KXZEC15M-26OCT050000-00,0.3900,1.00,yes
2026-10-05T03:58:55.017529Z,KXZEC15M-26OCT050000-00,0.3900,100.00,yes
2026-10-05T03:58:55.024193Z,KXZEC15M-26OCT050000-00,0.3400,1.00,no
2026-10-05T03:58:55.024193Z,KXZEC15M-26OCT050000-00,0.3300,1.49,no
2026-10-05T03:58:55.054106Z,KXZEC15M-26OCT050000-00,0.3600,68.00,no
2026-10-05T03:58:55.11193Z,KXZEC15M-26OCT050000-00,0.3700,40.00,no
2026-10-05T03:58:55.208054Z,KXZEC15M-26OCT050000-00,0.2800,1.00,no
2026-10-05T03:58:55.208054Z,KXZEC15M-26OCT050000-00,0.2300,92.56,no
2026-10-05T03:58:55.48297Z,KXZEC15M-26OCT050000-00,0.2400,1.00,no
2026-10-05T03:58:55.486983Z,KXZEC15M-26OCT050000-00,0.2200,54.00,no
2026-10-05T03:58:55.567353Z,KXZEC15M-26OCT050000-00,0.2500,7.37,yes
2026-10-05T03:58:55.741206Z,KXZEC15M-26OCT050000-00,0.1900,29.00,no
2026-10-05T03:58:55.741206Z,KXZEC15M-26OCT050000-00,0.2100,1.00,no
2026-10-05T03:58:55.741206Z,KXZEC15M-26OCT050000-00,0.2000,58.00,no
2026-10-05T03:58:55.742065Z,KXZEC15M-26OCT050000-00,0.1700,10.00,no
2026-10-05T03:58:55.742065Z,KXZEC15M-26OCT050000-00,0.1800,63.00,no
2026-10-05T03:58:55.742065Z,KXZEC15M-26OCT050000-00,0.1600,368.97,no
2026-10-05T03:58:55.742752Z,KXZEC15M-26OCT050000-00,0.1500,0.96,no
2026-10-05T03:58:55.742752Z,KXZEC15M-26OCT050000-00,0.1600,147.78,no
2026-10-05T03:58:55.742854Z,KXZEC15M-26OCT050000-00,0.1100,1.00,no
2026-10-05T03:58:55.742854Z,KXZEC15M-26OCT050000-00,0.1200,19.00,no
2026-10-05T03:58:55.742854Z,KXZEC15M-26OCT050000-00,0.1100,116.00,no
2026-10-05T03:58:55.742912Z,KXZEC15M-26OCT050000-00,0.1100,100.00,no
2026-10-05T03:58:55.742951Z,KXZEC15M-26OCT050000-00,0.1100,1.00,no
2026-10-05T03:58:55.742985Z,KXZEC15M-26OCT050000-00,0.1100,118.00,no
2026-10-05T03:58:55.742994Z,KXZEC15M-26OCT050000-00,0.1100,63.00,no
2026-10-05T03:58:55.743382Z,KXZEC15M-26OCT050000-00,0.1100,100.00,no
2026-10-05T03:58:55.743779Z,KXZEC15M-26OCT050000-00,0.1100,1.00,no
2026-10-05T03:58:55.744801Z,KXZEC15M-26OCT050000-00,0.1100,164.86,no
2026-10-05T03:58:56.010131Z,KXZEC15M-26OCT050000-00,0.1800,33.00,yes
2026-10-05T03:58:56.010131Z,KXZEC15M-26OCT050000-00,0.1700,10.00,yes
2026-10-05T03:58:56.010131Z,KXZEC15M-26OCT050000-00,0.1900,0.09,yes
2026-10-05T03:58:56.013019Z,KXZEC15M-26OCT050000-00,0.1900,4.00,yes
2026-10-05T03:58:56.033117Z,KXZEC15M-26OCT050000-00,0.1800,20.00,yes
2026-10-05T03:58:56.033117Z,KXZEC15M-26OCT050000-00,0.1700,10.00,yes
2026-10-05T03:58:56.033117Z,KXZEC15M-26OCT050000-00,0.2000,100.00,yes
2026-10-05T03:58:56.033117Z,KXZEC15M-26OCT050000-00,0.1900,14.91,yes
2026-10-05T03:58:56.156698Z,KXZEC15M-26OCT050000-00,0.1100,5.00,no
2026-10-05T03:58:56.175113Z,KXZEC15M-26OCT050000-00,0.1600,1.00,yes
2026-10-05T03:58:56.967296Z,KXZEC15M-26OCT050000-00,0.1300,32.96,yes
2026-10-05T03:58:56.97013Z,KXZEC15M-26OCT050000-00,0.1000,1.00,no
2026-10-05T03:58:57.000811Z,KXZEC15M-26OCT050000-00,0.1000,34.00,yes
2026-10-05T03:58:57.000811Z,KXZEC15M-26OCT050000-00,0.1200,1.00,yes
2026-10-05T03:58:57.000811Z,KXZEC15M-26OCT050000-00,0.1300,30.54,yes
2026-10-05T03:58:57.050503Z,KXZEC15M-26OCT050000-00,0.0750,1.00,no
2026-10-05T03:58:57.050503Z,KXZEC15M-26OCT050000-00,0.0730,1.00,no
2026-10-05T03:58:57.050503Z,KXZEC15M-26OCT050000-00,0.0700,1.00,no
2026-10-05T03:58:57.050503Z,KXZEC15M-26OCT050000-00,0.0880,1.00,no
2026-10-05T03:58:57.050503Z,KXZEC15M-26OCT050000-00,0.0900,1.00,no
2026-10-05T03:58:57.050503Z,KXZEC15M-26OCT050000-00,0.0710,1.00,no
2026-10-05T03:58:57.050503Z,KXZEC15M-26OCT050000-00,0.0820,1.00,no
2026-10-05T03:58:57.050503Z,KXZEC15M-26OCT050000-00,0.0970,1.00,no
2026-10-05T03:58:57.050503Z,KXZEC15M-26OCT050000-00,0.0890,1.00,no
2026-10-05T03:58:57.050503Z,KXZEC15M-26OCT050000-00,0.0910,1.00,no
2026-10-05T03:58:57.050503Z,KXZEC15M-26OCT050000-00,0.0980,1.00,no
2026-10-05T03:58:57.050503Z,KXZEC15M-26OCT050000-00,0.0930,1.00,no
2026-10-05T03:58:57.050503Z,KXZEC15M-26OCT050000-00,0.0990,1.00,no
2026-10-05T03:58:57.050503Z,KXZEC15M-26OCT050000-00,0.0940,1.00,no
2026-10-05T03:58:57.050503Z,KXZEC15M-26OCT050000-00,0.0860,1.00,no
2026-10-05T03:58:57.050503Z,KXZEC15M-26OCT050000-00,0.0950,1.00,no
2026-10-05T03:58:57.050503Z,KXZEC15M-26OCT050000-00,0.0920,1.00,no
2026-10-05T03:58:57.050503Z,KXZEC15M-26OCT050000-00,0.0830,1.00,no
2026-10-05T03:58:57.050503Z,KXZEC15M-26OCT050000-00,0.0850,1.00,no
2026-10-05T03:58:57.050503Z,KXZEC15M-26OCT050000-00,0.0810,1.00,no
2026-10-05T03:58:57.050503Z,KXZEC15M-26OCT050000-00,0.0740,1.00,no
2026-10-05T03:58:57.050503Z,KXZEC15M-26OCT050000-00,0.0960,1.00,no
2026-10-05T03:58:57.050503Z,KXZEC15M-26OCT050000-00,0.0720,1.00,no
2026-10-05T03:58:57.050503Z,KXZEC15M-26OCT050000-00,0.0870,1.00,no
2026-10-05T03:58:57.050503Z,KXZEC15M-26OCT050000-00,0.0840,1.00,no
2026-10-05T03:58:57.050503Z,KXZEC15M-26OCT050000-00,0.0990,1.00,no
2026-10-05T03:58:57.283536Z,KXZEC15M-26OCT050000-00,0.1300,18.50,yes
2026-10-05T03:58:57.283536Z,KXZEC15M-26OCT050000-00,0.1400,5.50,yes
2026-10-05T03:58:57.283536Z,KXZEC15M-26OCT050000-00,0.1100,95.00,yes
2026-10-05T03:58:57.283536Z,KXZEC15M-26OCT050000-00,0.1300,64.00,yes
2026-10-05T03:58:57.283536Z,KXZEC15M-26OCT050000-00,0.1200,1.00,yes
2026-10-05T03:58:57.400041Z,KXZEC15M-26OCT050000-00,0.1200,28.49,yes
2026-10-05T03:58:57.503096Z,KXZEC15M-26OCT050000-00,0.1200,14.35,yes
2026-10-05T03:58:57.518268Z,KXZEC15M-26OCT050000-00,0.1200,13.66,yes
2026-10-05T03:58:57.545663Z,KXZEC15M-26OCT050000-00,0.1200,1.11,yes
2026-10-05T03:58:57.709805Z,KXZEC15M-26OCT050000-00,0.1200,23.54,yes
2026-10-05T03:58:57.955091Z,KXZEC15M-26OCT050000-00,0.1200,6.23,yes
2026-10-05T03:58:58.073837Z,KXZEC15M-26OCT050000-00,0.1400,100.00,yes
2026-10-05T03:58:58.073837Z,KXZEC15M-26OCT050000-00,0.1200,2.00,yes
2026-10-05T03:58:58.073837Z,KXZEC15M-26OCT050000-00,0.1500,10.00,yes
2026-10-05T03:58:58.073837Z,KXZEC15M-26OCT050000-00,0.1300,82.00,yes
2026-10-05T03:58:58.073837Z,KXZEC15M-26OCT050000-00,0.1400,1.00,yes
2026-10-05T03:58:58.216368Z,KXZEC15M-26OCT050000-00,0.1400,0.10,yes
2026-10-05T03:58:58.63271Z,KXZEC15M-26OCT050000-00,0.0850,19.00,no
2026-10-05T03:58:58.63271Z,KXZEC15M-26OCT050000-00,0.0840,1.00,no
2026-10-05T03:58:58.63271Z,KXZEC15M-26OCT050000-00,0.0870,1.00,no
2026-10-05T03:58:58.63271Z,KXZEC15M-26OCT050000-00,0.0790,0.45,no
2026-10-05T03:58:58.686657Z,KXZEC15M-26OCT050000-00,0.1700,1.82,yes
2026-10-05T03:58:59.136655Z,KXZEC15M-26OCT050000-00,0.0820,16.00,no
2026-10-05T03:58:59.136655Z,KXZEC15M-26OCT050000-00,0.1100,119.00,no
2026-10-05T03:58:59.136655Z,KXZEC15M-26OCT050000-00,0.0810,164.51,no
2026-10-05T03:58:59.145558Z,KXZEC15M-26OCT050000-00,0.1400,16.03,yes
2026-10-05T03:58:59.407248Z,KXZEC15M-26OCT050000-00,0.1800,2.00,yes
2026-10-05T03:58:59.407248Z,KXZEC15M-26OCT050000-00,0.1400,83.97,yes
2026-10-05T03:58:59.407248Z,KXZEC15M-26OCT050000-00,0.1300,82.00,yes
2026-10-05T03:58:59.407248Z,KXZEC15M-26OCT050000-00,0.1800,19.00,yes
2026-10-05T03:59:00.018841Z,KXZEC15M-26OCT050000-00,0.0800,104.00,no
2026-10-05T03:59:00.018841Z,KXZEC15M-26OCT050000-00,0.0790,1.23,no
2026-10-05T03:59:00.018841Z,KXZEC15M-26OCT050000-00,0.0820,1.00,no
2026-10-05T03:59:00.027335Z,KXZEC15M-26OCT050000-00,0.0870,1.00,yes
2026-10-05T03:59:00.074723Z,KXZEC15M-26OCT050000-00,0.1800,2.45,yes
2026-10-05T03:59:00.074723Z,KXZEC15M-26OCT050000-00,0.1600,4.00,yes
2026-10-05T03:59:00.074723Z,KXZEC15M-26OCT050000-00,0.1600,10.00,yes
2026-10-05T03:59:00.074723Z,KXZEC15M-26OCT050000-00,0.1800,1.00,yes
2026-10-05T03:59:00.074723Z,KXZEC15M-26OCT050000-00,0.1600,19.00,yes
2026-10-05T03:59:00.275775Z,KXZEC15M-26OCT050000-00,0.0680,1.00,no
2026-10-05T03:59:00.275775Z,KXZEC15M-26OCT050000-00,0.0670,1.00,no
2026-10-05T03:59:00.275775Z,KXZEC15M-26OCT050000-00,0.0690,1.00,no
2026-10-05T03:59:00.275775Z,KXZEC15M-26OCT050000-00,0.0650,1.00,no
2026-10-05T03:59:00.275775Z,KXZEC15M-26OCT050000-00,0.0640,0.47,no
2026-10-05T03:59:00.275775Z,KXZEC15M-26OCT050000-00,0.0660,1.00,no
2026-10-05T03:59:01.073506Z,KXZEC15M-26OCT050000-00,0.0620,1.00,no
2026-10-05T03:59:01.073506Z,KXZEC15M-26OCT050000-00,0.0610,1.00,no
2026-10-05T03:59:01.073506Z,KXZEC15M-26OCT050000-00,0.0640,0.53,no
2026-10-05T03:59:01.073506Z,KXZEC15M-26OCT050000-00,0.0600,1.00,no
2026-10-05T03:59:01.073506Z,KXZEC15M-26OCT050000-00,0.0630,1.00,no
2026-10-05T03:59:01.073506Z,KXZEC15M-26OCT050000-00,0.0590,0.47,no
2026-10-05T03:59:01.32237Z,KXZEC15M-26OCT050000-00,0.0500,100.06,no
2026-10-05T03:59:01.32237Z,KXZEC15M-26OCT050000-00,0.0500,3.00,no
2026-10-05T03:59:01.32237Z,KXZEC15M-26OCT050000-00,0.0500,1.00,no
2026-10-05T03:59:01.32237Z,KXZEC15M-26OCT050000-00,0.0530,1.50,no
2026-10-05T03:59:01.32237Z,KXZEC15M-26OCT050000-00,0.0320,9.00,no
2026-10-05T03:59:01.32237Z,KXZEC15M-26OCT050000-00,0.0310,7.66,no
2026-10-05T03:59:01.32237Z,KXZEC15M-26OCT050000-00,0.0350,9.00,no
2026-10-05T03:59:01.32237Z,KXZEC15M-26OCT050000-00,0.0550,1.50,no
2026-10-05T03:59:01.32237Z,KXZEC15M-26OCT050000-00,0.0330,9.00,no
2026-10-05T03:59:01.32237Z,KXZEC15M-26OCT050000-00,0.0580,1.00,no
2026-10-05T03:59:01.32237Z,KXZEC15M-26OCT050000-00,0.0450,3.00,no
2026-10-05T03:59:01.32237Z,KXZEC15M-26OCT050000-00,0.0520,1.50,no
2026-10-05T03:59:01.32237Z,KXZEC15M-26OCT050000-00,0.0380,3.00,no
2026-10-05T03:59:01.32237Z,KXZEC15M-26OCT050000-00,0.0390,3.00,no
2026-10-05T03:59:01.32237Z,KXZEC15M-26OCT050000-00,0.0420,3.00,no
2026-10-05T03:59:01.32237Z,KXZEC15M-26OCT050000-00,0.0430,3.00,no
2026-10-05T03:59:01.32237Z,KXZEC15M-26OCT050000-00,0.0560,1.00,no
2026-10-05T03:59:01.32237Z,KXZEC15M-26OCT050000-00,0.0370,3.00,no
2026-10-05T03:59:01.32237Z,KXZEC15M-26OCT050000-00,0.0340,9.00,no
2026-10-05T03:59:01.32237Z,KXZEC15M-26OCT050000-00,0.0400,3.00,no
2026-10-05T03:59:01.32237Z,KXZEC15M-26OCT050000-00,0.0440,3.00,no
2026-10-05T03:59:01.32237Z,KXZEC15M-26OCT050000-00,0.0510,1.50,no
2026-10-05T03:59:01.32237Z,KXZEC15M-26OCT050000-00,0.0590,0.53,no
2026-10-05T03:59:01.32237Z,KXZEC15M-26OCT050000-00,0.0360,3.00,no
2026-10-05T03:59:01.32237Z,KXZEC15M-26OCT050000-00,0.0570,1.00,no
2026-10-05T03:59:01.32237Z,KXZEC15M-26OCT050000-00,0.0410,3.00,no
2026-10-05T03:59:01.32237Z,KXZEC15M-26OCT050000-00,0.0540,1.50,no
2026-10-05T03:59:01.32237Z,KXZEC15M-26OCT050000-00,0.0510,19.00,no
2026-10-05T03:59:01.32237Z,KXZEC15M-26OCT050000-00,0.0500,30.00,no
2026-10-05T03:59:01.32237Z,KXZEC15M-26OCT050000-00,0.0520,22.00,no
2026-10-05T03:59:01.32237Z,KXZEC15M-26OCT050000-00,0.0420,100.00,no
2026-10-05T03:59:01.723663Z,KXZEC15M-26OCT050000-00,0.1200,25.00,yes
2026-10-05T03:59:01.723663Z,KXZEC15M-26OCT050000-00,0.0900,10.00,yes
2026-10-05T03:59:01.723663Z,KXZEC15M-26OCT050000-00,0.1300,13.00,yes
2026-10-05T03:59:01.816001Z,KXZEC15M-26OCT050000-00,0.0970,13.66,yes
2026-10-05T03:59:02.081033Z,KXZEC15M-26OCT050000-00,0.0970,0.38,yes
2026-10-05T03:59:02.226525Z,KXZEC15M-26OCT050000-00,0.0530,2.10,no
2026-10-05T03:59:02.383723Z,KXZEC15M-26OCT050000-00,0.0970,11.64,yes
2026-10-05T03:59:02.42238Z,KXZEC15M-26OCT050000-00,0.0970,7.84,yes
2026-10-05T03:59:02.579663Z,KXZEC15M-26OCT050000-00,0.0970,2.05,yes
2026-10-05T03:59:02.800353Z,KXZEC15M-26OCT050000-00,0.0980,9.69,yes
2026-10-05T03:59:03.038682Z,KXZEC15M-26OCT050000-00,0.0980,0.55,yes
2026-10-05T03:59:03.038682Z,KXZEC15M-26OCT050000-00,0.0970,0.01,yes
2026-10-05T03:59:03.115497Z,KXZEC15M-26OCT050000-00,0.0980,3.00,yes
2026-10-05T03:59:03.312938Z,KXZEC15M-26OCT050000-00,0.0530,3.11,no
2026-10-05T03:59:03.428377Z,KXZEC15M-26OCT050000-00,0.0530,2.10,no
2026-10-05T03:59:03.694343Z,KXZEC15M-26OCT050000-00,0.0960,28.79,yes
2026-10-05T03:59:03.800303Z,KXZEC15M-26OCT050000-00,0.0960,9.59,yes
2026-10-05T03:59:04.08315Z,KXZEC15M-26OCT050000-00,0.0500,8.35,no
2026-10-05T03:59:04.08315Z,KXZEC15M-26OCT050000-00,0.0500,4.65,no
2026-10-05T03:59:04.099657Z,KXZEC15M-26OCT050000-00,0.0500,0.35,no
2026-10-05T03:59:04.122292Z,KXZEC15M-26OCT050000-00,0.0520,0.53,yes
2026-10-05T03:59:04.469384Z,KXZEC15M-26OCT050000-00,0.0520,103.47,yes
2026-10-05T03:59:04.469384Z,KXZEC15M-26OCT050000-00,0.0530,30.53,yes
2026-10-05T03:59:04.839212Z,KXZEC15M-26OCT050000-00,0.0530,4.47,yes
2026-10-05T03:59:04.839212Z,KXZEC15M-26OCT050000-00,0.0530,5.97,yes
2026-10-05T03:59:04.86418Z,KXZEC15M-26OCT050000-00,0.0530,17.69,yes
2026-10-05T03:59:04.995602Z,KXZEC15M-26OCT050000-00,0.0540,1.72,yes
2026-10-05T03:59:05.274283Z,KXZEC15M-26OCT050000-00,0.0520,41.25,yes
2026-10-05T03:59:05.620172Z,KXZEC15M-26OCT050000-00,0.0540,10.78,yes
2026-10-05T03:59:05.620172Z,KXZEC15M-26OCT050000-00,0.0530,1.00,yes
2026-10-05T03:59:05.620172Z,KXZEC15M-26OCT050000-00,0.0520,62.75,yes
2026-10-05T03:59:05.620172Z,KXZEC15M-26OCT050000-00,0.0530,13.94,yes
2026-10-05T03:59:05.740235Z,KXZEC15M-26OCT050000-00,0.0320,100.00,no
2026-10-05T03:59:06.120411Z,KXZEC15M-26OCT050000-00,0.0320,3.07,no
2026-10-05T03:59:06.410925Z,KXZEC15M-26OCT050000-00,0.0500,10.00,no
2026-10-05T03:59:06.51428Z,KXZEC15M-26OCT050000-00,0.0590,15.90,yes
2026-10-05T03:59:07.040878Z,KXZEC15M-26OCT050000-00,0.0590,12.53,yes
2026-10-05T03:59:07.071059Z,KXZEC15M-26OCT050000-00,0.0500,15.00,no
2026-10-05T03:59:07.441827Z,KXZEC15M-26OCT050000-00,0.0690,11.40,yes
2026-10-05T03:59:07.474765Z,KXZEC15M-26OCT050000-00,0.0500,1.30,no
2026-10-05T03:59:07.474765Z,KXZEC15M-26OCT050000-00,0.0340,9.70,no
2026-10-05T03:59:07.559057Z,KXZEC15M-26OCT050000-00,0.0330,6.08,no
2026-10-05T03:59:07.630202Z,KXZEC15M-26OCT050000-00,0.0330,52.70,no
2026-10-05T03:59:07.710907Z,KXZEC15M-26OCT050000-00,0.0330,1.00,no
2026-10-05T03:59:07.766986Z,KXZEC15M-26OCT050000-00,0.0590,104.00,yes
2026-10-05T03:59:07.766986Z,KXZEC15M-26OCT050000-00,0.0590,12.00,yes
2026-10-05T03:59:07.770509Z,KXZEC15M-26OCT050000-00,0.0600,76.00,yes
2026-10-05T03:59:07.903163Z,KXZEC15M-26OCT050000-00,0.0740,24.00,yes
2026-10-05T03:59:07.904628Z,KXZEC15M-26OCT050000-00,0.0460,100.00,no
2026-10-05T03:59:07.904628Z,KXZEC15M-26OCT050000-00,0.0320,104.00,no
2026-10-05T03:59:07.916277Z,KXZEC15M-26OCT050000-00,0.0890,1.00,yes
2026-10-05T03:59:08.196232Z,KXZEC15M-26OCT050000-00,0.0880,9.75,yes
2026-10-05T03:59:08.196402Z,KXZEC15M-26OCT050000-00,0.1300,0.01,yes
2026-10-05T03:59:08.436708Z,KXZEC15M-26OCT050000-00,0.1200,2.10,no
2026-10-05T03:59:08.619904Z,KXZEC15M-26OCT050000-00,0.1100,95.00,no
2026-10-05T03:59:08.619904Z,KXZEC15M-26OCT050000-00,0.0990,39.00,no
2026-10-05T03:59:08.619904Z,KXZEC15M-26OCT050000-00,0.1000,20.00,no
2026-10-05T03:59:08.851133Z,KXZEC15M-26OCT050000-00,0.1500,4.67,yes
2026-10-05T03:59:08.882628Z,KXZEC15M-26OCT050000-00,0.1500,5.96,yes
2026-10-05T03:59:09.049858Z,KXZEC15M-26OCT050000-00,0.1500,41.70,yes
2026-10-05T03:59:09.567086Z,KXZEC15M-26OCT050000-00,0.1300,12.75,no
2026-10-05T03:59:09.575812Z,KXZEC15M-26OCT050000-00,0.1400,10.00,no
2026-10-05T03:59:09.635137Z,KXZEC15M-26OCT050000-00,0.1400,10.00,no
2026-10-05T03:59:10.067793Z,KXZEC15M-26OCT050000-00,0.1500,100.00,yes
2026-10-05T03:59:10.135168Z,KXZEC15M-26OCT050000-00,0.1700,1.82,no
2026-10-05T03:59:10.46694Z,KXZEC15M-26OCT050000-00,0.1900,9.59,no
2026-10-05T03:59:10.506967Z,KXZEC15M-26OCT050000-00,0.1900,50.41,no
2026-10-05T03:59:10.510442Z,KXZEC15M-26OCT050000-00,0.1700,64.18,no
2026-10-05T03:59:10.525374Z,KXZEC15M-26OCT050000-00,0.1700,66.00,no
2026-10-05T03:59:10.732466Z,KXZEC15M-26OCT050000-00,0.2000,40.14,yes
2026-10-05T03:59:10.784315Z,KXZEC15M-26OCT050000-00,0.2000,2.00,yes
2026-10-05T03:59:10.870533Z,KXZEC15M-26OCT050000-00,0.1500,2.28,no
2026-10-05T03:59:11.084932Z,KXZEC15M-26OCT050000-00,0.1900,23.67,yes
2026-10-05T03:59:11.15744Z,KXZEC15M-26OCT050000-00,0.1100,65.87,no
2026-10-05T03:59:11.479506Z,KXZEC15M-26OCT050000-00,0.1300,82.00,yes
2026-10-05T03:59:11.479506Z,KXZEC15M-26OCT050000-00,0.1300,1.00,yes
2026-10-05T03:59:11.974006Z,KXZEC15M-26OCT050000-00,0.1200,7.07,yes
2026-10-05T03:59:12.06351Z,KXZEC15M-26OCT050000-00,0.0690,1.00,no
2026-10-05T03:59:12.152871Z,KXZEC15M-26OCT050000-00,0.1200,39.24,yes
2026-10-05T03:59:12.649478Z,KXZEC15M-26OCT050000-00,0.1200,41.69,yes
2026-10-05T03:59:12.649478Z,KXZEC15M-26OCT050000-00,0.1300,27.00,yes
2026-10-05T03:59:12.967444Z,KXZEC15M-26OCT050000-00,0.1200,88.00,yes
2026-10-05T03:59:12.982633Z,KXZEC15M-26OCT050000-00,0.1400,34.74,yes
2026-10-05T03:59:12.983676Z,KXZEC15M-26OCT050000-00,0.1400,22.80,yes
2026-10-05T03:59:12.988208Z,KXZEC15M-26OCT050000-00,0.1400,19.46,yes
2026-10-05T03:59:13.032805Z,KXZEC15M-26OCT050000-00,0.1400,58.00,yes
2026-10-05T03:59:13.069813Z,KXZEC15M-26OCT050000-00,0.1600,100.00,no
2026-10-05T03:59:13.069813Z,KXZEC15M-26OCT050000-00,0.1100,327.00,no
2026-10-05T03:59:13.069813Z,KXZEC15M-26OCT050000-00,0.1200,25.00,no
2026-10-05T03:59:13.476324Z,KXZEC15M-26OCT050000-00,0.1500,5.51,no
2026-10-05T03:59:13.781054Z,KXZEC15M-26OCT050000-00,0.1700,19.00,yes
2026-10-05T03:59:14.068918Z,KXZEC15M-26OCT050000-00,0.1500,2.32,no
2026-10-05T03:59:14.688341Z,KXZEC15M-26OCT050000-00,0.1900,9.96,yes
2026-10-05T03:59:14.834079Z,KXZEC15M-26OCT050000-00,0.1500,65.00,no
2026-10-05T03:59:15.018455Z,KXZEC15M-26OCT050000-00,0.1500,8.00,no
2026-10-05T03:59:15.018455Z,KXZEC15M-26OCT050000-00,0.1500,9.46,no
2026-10-05T03:59:15.561453Z,KXZEC15M-26OCT050000-00,0.2000,4.78,yes
2026-10-05T03:59:16.276659Z,KXZEC15M-26OCT050000-00,0.2000,5.22,yes
2026-10-05T03:59:16.277604Z,KXZEC15M-26OCT050000-00,0.2400,5.00,yes
2026-10-05T03:59:16.277728Z,KXZEC15M-26OCT050000-00,0.2400,1.00,yes
2026-10-05T03:59:16.278801Z,KXZEC15M-26OCT050000-00,0.2400,26.00,yes
2026-10-05T03:59:16.334489Z,KXZEC15M-26OCT050000-00,0.2800,39.26,no
2026-10-05T03:59:16.334489Z,KXZEC15M-26OCT050000-00,0.2900,10.00,no
2026-10-05T03:59:16.339915Z,KXZEC15M-26OCT050000-00,0.2800,6.74,no
2026-10-05T03:59:16.347853Z,KXZEC15M-26OCT050000-00,0.2800,10.00,no
2026-10-05T03:59:16.349834Z,KXZEC15M-26OCT050000-00,0.2800,29.00,no
2026-10-05T03:59:16.357845Z,KXZEC15M-26OCT050000-00,0.2700,10.00,no
2026-10-05T03:59:16.367794Z,KXZEC15M-26OCT050000-00,0.2800,10.00,no
2026-10-05T03:59:16.372765Z,KXZEC15M-26OCT050000-00,0.2700,10.00,no
2026-10-05T03:59:16.372765Z,KXZEC15M-26OCT050000-00,0.2800,36.00,no
2026-10-05T03:59:16.384848Z,KXZEC15M-26OCT050000-00,0.2800,10.00,no
2026-10-05T03:59:16.390361Z,KXZEC15M-26OCT050000-00,0.2800,36.00,no
2026-10-05T03:59:16.394326Z,KXZEC15M-26OCT050000-00,0.2800,10.00,no
2026-10-05T03:59:16.469444Z,KXZEC15M-26OCT050000-00,0.2600,13.54,no
2026-10-05T03:59:16.469444Z,KXZEC15M-26OCT050000-00,0.2700,10.00,no
2026-10-05T03:59:16.494258Z,KXZEC15M-26OCT050000-00,0.2700,10.00,no
2026-10-05T03:59:16.503245Z,KXZEC15M-26OCT050000-00,0.2700,10.00,no
2026-10-05T03:59:16.514161Z,KXZEC15M-26OCT050000-00,0.2700,10.00,no
2026-10-05T03:59:16.521932Z,KXZEC15M-26OCT050000-00,0.2700,10.00,no
2026-10-05T03:59:16.527396Z,KXZEC15M-26OCT050000-00,0.2700,10.00,no
2026-10-05T03:59:16.533928Z,KXZEC15M-26OCT050000-00,0.2700,10.00,no
2026-10-05T03:59:16.546981Z,KXZEC15M-26OCT050000-00,0.2700,10.00,no
2026-10-05T03:59:16.558251Z,KXZEC15M-26OCT050000-00,0.2700,10.00,no
2026-10-05T03:59:16.568398Z,KXZEC15M-26OCT050000-00,0.2700,10.00,no
2026-10-05T03:59:16.576183Z,KXZEC15M-26OCT050000-00,0.2700,10.00,no
2026-10-05T03:59:16.585111Z,KXZEC15M-26OCT050000-00,0.2700,10.00,no
2026-10-05T03:59:16.59502Z,KXZEC15M-26OCT050000-00,0.2700,10.00,no
2026-10-05T03:59:16.605181Z,KXZEC15M-26OCT050000-00,0.2700,10.00,no
2026-10-05T03:59:16.613822Z,KXZEC15M-26OCT050000-00,0.2700,10.00,no
2026-10-05T03:59:16.62058Z,KXZEC15M-26OCT050000-00,0.2800,46.00,no
2026-10-05T03:59:16.626213Z,KXZEC15M-26OCT050000-00,0.2800,10.00,no
2026-10-05T03:59:16.633699Z,KXZEC15M-26OCT050000-00,0.2700,10.00,no
2026-10-05T03:59:16.644925Z,KXZEC15M-26OCT050000-00,0.2700,10.00,no
2026-10-05T03:59:16.651405Z,KXZEC15M-26OCT050000-00,0.2700,10.00,no
2026-10-05T03:59:16.651405Z,KXZEC15M-26OCT050000-00,0.2600,34.00,no
2026-10-05T03:59:16.665895Z,KXZEC15M-26OCT050000-00,0.2700,10.00,no
2026-10-05T03:59:16.676851Z,KXZEC15M-26OCT050000-00,0.2700,10.00,no
2026-10-05T03:59:16.689663Z,KXZEC15M-26OCT050000-00,0.2600,0.46,no
2026-10-05T03:59:16.689663Z,KXZEC15M-26OCT050000-00,0.2700,10.00,no
2026-10-05T03:59:17.068938Z,KXZEC15M-26OCT050000-00,0.1500,29.00,no
2026-10-05T03:59:17.068938Z,KXZEC15M-26OCT050000-00,0.1600,10.00,no
2026-10-05T03:59:17.068938Z,KXZEC15M-26OCT050000-00,0.0500,103.46,no
2026-10-05T03:59:17.068938Z,KXZEC15M-26OCT050000-00,0.0980,100.00,no
2026-10-05T03:59:17.068938Z,KXZEC15M-26OCT050000-00,0.0880,100.00,no
2026-10-05T03:59:17.068938Z,KXZEC15M-26OCT050000-00,0.0960,100.00,no
2026-10-05T03:59:17.068938Z,KXZEC15M-26OCT050000-00,0.1400,100.00,no
2026-10-05T03:59:17.349725Z,KXZEC15M-26OCT050000-00,0.3500,95.37,yes
2026-10-05T03:59:17.349725Z,KXZEC15M-26OCT050000-00,0.3000,100.00,yes
2026-10-05T03:59:17.349725Z,KXZEC15M-26OCT050000-00,0.2900,5.00,yes
2026-10-05T03:59:17.349725Z,KXZEC15M-26OCT050000-00,0.2500,100.00,yes
2026-10-05T03:59:17.349725Z,KXZEC15M-26OCT050000-00,0.2900,19.00,yes
2026-10-05T03:59:17.8879Z,KXZEC15M-26OCT050000-00,0.2800,34.00,yes
2026-10-05T03:59:17.962598Z,KXZEC15M-26OCT050000-00,0.2800,10.00,no
2026-10-05T03:59:17.962598Z,KXZEC15M-26OCT050000-00,0.2700,42.00,no
2026-10-05T03:59:18.036881Z,KXZEC15M-26OCT050000-00,0.3300,3.00,no
2026-10-05T03:59:18.036881Z,KXZEC15M-26OCT050000-00,0.3300,10.00,no
2026-10-05T03:59:18.037486Z,KXZEC15M-26OCT050000-00,0.3500,0.42,yes
2026-10-05T03:59:18.037486Z,KXZEC15M-26OCT050000-00,0.3500,100.00,yes
2026-10-05T03:59:18.046945Z,KXZEC15M-26OCT050000-00,0.3800,20.00,yes
2026-10-05T03:59:18.050576Z,KXZEC15M-26OCT050000-00,0.3700,12.77,no
2026-10-05T03:59:18.126153Z,KXZEC15M-26OCT050000-00,0.3800,3.00,no
2026-10-05T03:59:18.361283Z,KXZEC15M-26OCT050000-00,0.3900,1.00,no
2026-10-05T03:59:18.406073Z,KXZEC15M-26OCT050000-00,0.3900,1.00,no
2026-10-05T03:59:18.476712Z,KXZEC15M-26OCT050000-00,0.4000,5.00,yes
2026-10-05T03:59:18.597422Z,KXZEC15M-26OCT050000-00,0.5400,5.00,no
2026-10-05T03:59:18.626977Z,KXZEC15M-26OCT050000-00,0.5400,1.00,no
2026-10-05T03:59:18.764455Z,KXZEC15M-26OCT050000-00,0.5700,38.00,no
2026-10-05T03:59:18.764455Z,KXZEC15M-26OCT050000-00,0.5800,10.00,no
2026-10-05T03:59:18.764455Z,KXZEC15M-26OCT050000-00,0.5500,37.00,no
2026-10-05T03:59:18.764455Z,KXZEC15M-26OCT050000-00,0.4800,3.47,no
2026-10-05T03:59:18.829479Z,KXZEC15M-26OCT050000-00,0.5200,10.00,no
2026-10-05T03:59:18.83007Z,KXZEC15M-26OCT050000-00,0.5100,32.00,no
2026-10-05T03:59:18.841337Z,KXZEC15M-26OCT050000-00,0.4800,32.00,no
2026-10-05T03:59:18.843336Z,KXZEC15M-26OCT050000-00,0.4400,21.00,no
2026-10-05T03:59:18.843336Z,KXZEC15M-26OCT050000-00,0.4800,10.00,no
2026-10-05T03:59:18.846906Z,KXZEC15M-26OCT050000-00,0.3800,30.00,no
2026-10-05T03:59:18.848458Z,KXZEC15M-26OCT050000-00,0.3300,29.00,no
2026-10-05T03:59:19.033095Z,KXZEC15M-26OCT050000-00,0.3800,5.00,no
2026-10-05T03:59:19.07201Z,KXZEC15M-26OCT050000-00,0.4300,100.00,yes
2026-10-05T03:59:19.092393Z,KXZEC15M-26OCT050000-00,0.3900,10.00,no
2026-10-05T03:59:19.092393Z,KXZEC15M-26OCT050000-00,0.3900,2.87,no
2026-10-05T03:59:19.092393Z,KXZEC15M-26OCT050000-00,0.3800,19.13,no
2026-10-05T03:59:19.364003Z,KXZEC15M-26OCT050000-00,0.5300,10.00,no
2026-10-05T03:59:19.371108Z,KXZEC15M-26OCT050000-00,0.5200,27.00,no
2026-10-05T03:59:19.371108Z,KXZEC15M-26OCT050000-00,0.5300,10.00,no
2026-10-05T03:59:19.37467Z,KXZEC15M-26OCT050000-00,0.4700,32.00,no
2026-10-05T03:59:19.37467Z,KXZEC15M-26OCT050000-00,0.5200,10.00,no
2026-10-05T03:59:19.375012Z,KXZEC15M-26OCT050000-00,0.5400,37.00,no
2026-10-05T03:59:19.392447Z,KXZEC15M-26OCT050000-00,0.3700,10.00,no
2026-10-05T03:59:19.392447Z,KXZEC15M-26OCT050000-00,0.3600,30.00,no
2026-10-05T03:59:19.393435Z,KXZEC15M-26OCT050000-00,0.3500,100.00,no
2026-10-05T03:59:19.397224Z,KXZEC15M-26OCT050000-00,0.3300,23.77,no
2026-10-05T03:59:19.401059Z,KXZEC15M-26OCT050000-00,0.3400,10.00,no
2026-10-05T03:59:19.429791Z,KXZEC15M-26OCT050000-00,0.4900,100.00,yes
2026-10-05T03:59:19.429791Z,KXZEC15M-26OCT050000-00,0.4000,29.00,yes
2026-10-05T03:59:19.429791Z,KXZEC15M-26OCT050000-00,0.3400,100.00,yes
2026-10-05T03:59:19.429791Z,KXZEC15M-26OCT050000-00,0.4500,100.00,yes
2026-10-05T03:59:19.429791Z,KXZEC15M-26OCT050000-00,0.5500,11.00,yes
2026-10-05T03:59:19.429791Z,KXZEC15M-26OCT050000-00,0.4100,100.00,yes
2026-10-05T03:59:19.869222Z,KXZEC15M-26OCT050000-00,0.3600,10.00,no
2026-10-05T03:59:19.880201Z,KXZEC15M-26OCT050000-00,0.3600,10.00,no
2026-10-05T03:59:19.894346Z,KXZEC15M-26OCT050000-00,0.3600,10.00,no
2026-10-05T03:59:19.905636Z,KXZEC15M-26OCT050000-00,0.3600,10.00,no
2026-10-05T03:59:19.997779Z,KXZEC15M-26OCT050000-00,0.4000,10.00,no
2026-10-05T03:59:20.048297Z,KXZEC15M-26OCT050000-00,0.4100,38.00,no
2026-10-05T03:59:20.05542Z,KXZEC15M-26OCT050000-00,0.4000,10.00,no
2026-10-05T03:59:20.05542Z,KXZEC15M-26OCT050000-00,0.3900,39.00,no
2026-10-05T03:59:20.05542Z,KXZEC15M-26OCT050000-00,0.3300,29.00,no
2026-10-05T03:59:20.05542Z,KXZEC15M-26OCT050000-00,0.3200,22.00,no
2026-10-05T03:59:20.448375Z,KXZEC15M-26OCT050000-00,0.4500,10.00,no
2026-10-05T03:59:20.448375Z,KXZEC15M-26OCT050000-00,0.4400,29.24,no
2026-10-05T03:59:20.558614Z,KXZEC15M-26OCT050000-00,0.4600,10.00,no
2026-10-05T03:59:20.558614Z,KXZEC15M-26OCT050000-00,0.4500,20.16,no
2026-10-05T03:59:20.584604Z,KXZEC15M-26OCT050000-00,0.4600,10.00,no
2026-10-05T03:59:20.598709Z,KXZEC15M-26OCT050000-00,0.5100,31.00,yes
2026-10-05T03:59:20.6005Z,KXZEC15M-26OCT050000-00,0.5200,87.57,yes
2026-10-05T03:59:20.691545Z,KXZEC15M-26OCT050000-00,0.5200,14.90,no
2026-10-05T03:59:20.887615Z,KXZEC15M-26OCT050000-00,0.6000,10.00,no
2026-10-05T03:59:20.887615Z,KXZEC15M-26OCT050000-00,0.5900,38.00,no
2026-10-05T03:59:20.894729Z,KXZEC15M-26OCT050000-00,0.5800,8.00,yes
2026-10-05T03:59:20.897144Z,KXZEC15M-26OCT050000-00,0.5500,10.00,no
2026-10-05T03:59:21.050652Z,KXZEC15M-26OCT050000-00,0.5200,1.00,no
2026-10-05T03:59:21.050652Z,KXZEC15M-26OCT050000-00,0.5200,37.00,no
2026-10-05T03:59:21.199755Z,KXZEC15M-26OCT050000-00,0.6000,2.10,yes
2026-10-05T03:59:21.945447Z,KXZEC15M-26OCT050000-00,0.5700,10.00,no
2026-10-05T03:59:21.945447Z,KXZEC15M-26OCT050000-00,0.5600,0.24,no
2026-10-05T03:59:21.975643Z,KXZEC15M-26OCT050000-00,0.6500,7.50,yes
2026-10-05T03:59:22.072585Z,KXZEC15M-26OCT050000-00,0.5900,2.13,no
2026-10-05T03:59:22.116513Z,KXZEC15M-26OCT050000-00,0.5900,4.78,no
2026-10-05T03:59:22.19506Z,KXZEC15M-26OCT050000-00,0.6200,29.00,no
2026-10-05T03:59:22.19506Z,KXZEC15M-26OCT050000-00,0.6300,10.00,no
2026-10-05T03:59:22.293454Z,KXZEC15M-26OCT050000-00,0.6500,10.00,yes
2026-10-05T03:59:22.317663Z,KXZEC15M-26OCT050000-00,0.6400,10.44,no
2026-10-05T03:59:22.332012Z,KXZEC15M-26OCT050000-00,0.6500,15.00,yes
2026-10-05T03:59:22.332075Z,KXZEC15M-26OCT050000-00,0.6400,10.00,no
2026-10-05T03:59:22.332075Z,KXZEC15M-26OCT050000-00,0.6400,29.56,no
2026-10-05T03:59:22.34135Z,KXZEC15M-26OCT050000-00,0.6300,10.00,no
2026-10-05T03:59:22.34184Z,KXZEC15M-26OCT050000-00,0.6200,10.00,no
2026-10-05T03:59:22.34184Z,KXZEC15M-26OCT050000-00,0.6200,19.00,no
2026-10-05T03:59:22.347172Z,KXZEC15M-26OCT050000-00,0.6300,10.00,no
2026-10-05T03:59:22.347172Z,KXZEC15M-26OCT050000-00,0.6200,10.00,no
2026-10-05T03:59:22.35783Z,KXZEC15M-26OCT050000-00,0.5800,19.00,no
2026-10-05T03:59:22.35783Z,KXZEC15M-26OCT050000-00,0.5900,10.00,no
2026-10-05T03:59:22.368365Z,KXZEC15M-26OCT050000-00,0.5900,38.00,no
2026-10-05T03:59:22.370936Z,KXZEC15M-26OCT050000-00,0.5300,30.00,no
2026-10-05T03:59:22.371825Z,KXZEC15M-26OCT050000-00,0.5900,10.00,no
2026-10-05T03:59:22.378024Z,KXZEC15M-26OCT050000-00,0.5300,10.00,no
2026-10-05T03:59:22.394497Z,KXZEC15M-26OCT050000-00,0.5900,30.00,yes
2026-10-05T03:59:22.403589Z,KXZEC15M-26OCT050000-00,0.6400,25.00,yes
2026-10-05T03:59:22.408186Z,KXZEC15M-26OCT050000-00,0.7500,28.79,yes
2026-10-05T03:59:22.408186Z,KXZEC15M-26OCT050000-00,0.6400,4.00,yes
2026-10-05T03:59:22.408186Z,KXZEC15M-26OCT050000-00,0.6900,28.00,yes
2026-10-05T03:59:22.408186Z,KXZEC15M-26OCT050000-00,0.6500,25.00,yes
2026-10-05T03:59:22.524842Z,KXZEC15M-26OCT050000-00,0.7500,7.91,no
2026-10-05T03:59:22.729106Z,KXZEC15M-26OCT050000-00,0.8100,2.58,no
2026-10-05T03:59:22.917149Z,KXZEC15M-26OCT050000-00,0.8200,30.10,yes
2026-10-05T03:59:23.133236Z,KXZEC15M-26OCT050000-00,0.8500,23.00,yes
2026-10-05T03:59:23.249086Z,KXZEC15M-26OCT050000-00,0.8500,11.15,yes
2026-10-05T03:59:23.252984Z,KXZEC15M-26OCT050000-00,0.8100,9.69,no
2026-10-05T03:59:23.535253Z,KXZEC15M-26OCT050000-00,0.8100,0.56,no
2026-10-05T03:59:23.727627Z,KXZEC15M-26OCT050000-00,0.8300,11.64,yes
2026-10-05T03:59:23.733568Z,KXZEC15M-26OCT050000-00,0.8100,49.75,no
2026-10-05T03:59:23.733568Z,KXZEC15M-26OCT050000-00,0.8000,35.00,no
2026-10-05T03:59:23.733568Z,KXZEC15M-26OCT050000-00,0.8100,10.00,no
2026-10-05T03:59:23.733568Z,KXZEC15M-26OCT050000-00,0.7800,58.71,no
2026-10-05T03:59:23.733568Z,KXZEC15M-26OCT050000-00,0.7900,56.00,no
2026-10-05T03:59:24.045703Z,KXZEC15M-26OCT050000-00,0.8500,61.85,yes
2026-10-05T03:59:24.045703Z,KXZEC15M-26OCT050000-00,0.8300,54.36,yes
2026-10-05T03:59:24.045703Z,KXZEC15M-26OCT050000-00,0.8400,25.00,yes
2026-10-05T03:59:24.079615Z,KXZEC15M-26OCT050000-00,0.8300,49.79,no
2026-10-05T03:59:24.167084Z,KXZEC15M-26OCT050000-00,0.9050,3.00,yes
2026-10-05T03:59:24.210917Z,KXZEC15M-26OCT050000-00,0.9040,70.00,yes
2026-10-05T03:59:24.445756Z,KXZEC15M-26OCT050000-00,0.8500,72.00,no
2026-10-05T03:59:24.474648Z,KXZEC15M-26OCT050000-00,0.9060,2.14,yes
2026-10-05T03:59:24.617903Z,KXZEC15M-26OCT050000-00,0.8500,1.00,no
2026-10-05T03:59:24.617903Z,KXZEC15M-26OCT050000-00,0.8500,37.37,no
2026-10-05T03:59:24.713125Z,KXZEC15M-26OCT050000-00,0.8500,34.63,no
2026-10-05T03:59:24.713709Z,KXZEC15M-26OCT050000-00,0.8300,66.00,no
2026-10-05T03:59:24.713709Z,KXZEC15M-26OCT050000-00,0.8300,77.00,no
2026-10-05T03:59:24.713709Z,KXZEC15M-26OCT050000-00,0.8400,39.00,no
2026-10-05T03:59:24.71582Z,KXZEC15M-26OCT050000-00,0.7900,0.01,no
2026-10-05T03:59:24.71582Z,KXZEC15M-26OCT050000-00,0.7800,100.00,no
2026-10-05T03:59:24.848086Z,KXZEC15M-26OCT050000-00,0.8500,23.00,yes
2026-10-05T03:59:24.890782Z,KXZEC15M-26OCT050000-00,0.8500,3.00,yes
2026-10-05T03:59:25.097564Z,KXZEC15M-26OCT050000-00,0.8300,22.00,yes
2026-10-05T03:59:25.097564Z,KXZEC15M-26OCT050000-00,0.8100,1.00,yes
2026-10-05T03:59:25.249115Z,KXZEC15M-26OCT050000-00,0.8400,58.00,yes
2026-10-05T03:59:25.295777Z,KXZEC15M-26OCT050000-00,0.8400,1.49,yes
2026-10-05T03:59:25.463361Z,KXZEC15M-26OCT050000-00,0.8500,24.00,yes
2026-10-05T03:59:25.463361Z,KXZEC15M-26OCT050000-00,0.8600,6.86,yes
2026-10-05T03:59:25.463361Z,KXZEC15M-26OCT050000-00,0.8400,9.51,yes
2026-10-05T03:59:25.573273Z,KXZEC15M-26OCT050000-00,0.8400,66.46,yes
2026-10-05T03:59:25.61886Z,KXZEC15M-26OCT050000-00,0.8000,23.75,no
2026-10-05T03:59:25.61886Z,KXZEC15M-26OCT050000-00,0.8000,10.00,no
2026-10-05T03:59:25.632926Z,KXZEC15M-26OCT050000-00,0.8400,2.54,yes
2026-10-05T03:59:25.632926Z,KXZEC15M-26OCT050000-00,0.8600,4.63,yes
2026-10-05T03:59:25.666877Z,KXZEC15M-26OCT050000-00,0.8600,2.10,yes
2026-10-05T03:59:25.679021Z,KXZEC15M-26OCT050000-00,0.8400,52.00,no
2026-10-05T03:59:25.753113Z,KXZEC15M-26OCT050000-00,0.8400,4.31,no
2026-10-05T03:59:26.158826Z,KXZEC15M-26OCT050000-00,0.8900,2.05,no
2026-10-05T03:59:26.225347Z,KXZEC15M-26OCT050000-00,0.9010,34.00,no
2026-10-05T03:59:26.460168Z,KXZEC15M-26OCT050000-00,0.9010,17.69,no
2026-10-05T03:59:26.484022Z,KXZEC15M-26OCT050000-00,0.9010,15.18,no
2026-10-05T03:59:26.651291Z,KXZEC15M-26OCT050000-00,0.9350,14.20,yes
2026-10-05T03:59:26.652514Z,KXZEC15M-26OCT050000-00,0.9350,36.31,yes
2026-10-05T03:59:26.672922Z,KXZEC15M-26OCT050000-00,0.9320,1.00,no
2026-10-05T03:59:26.900096Z,KXZEC15M-26OCT050000-00,0.9320,17.46,no
2026-10-05T03:59:27.078354Z,KXZEC15M-26OCT050000-00,0.9750,6.00,yes
2026-10-05T03:59:27.078354Z,KXZEC15M-26OCT050000-00,0.9700,12.00,yes
2026-10-05T03:59:27.078354Z,KXZEC15M-26OCT050000-00,0.9690,1.00,yes
2026-10-05T03:59:27.078354Z,KXZEC15M-26OCT050000-00,0.9700,10.00,yes
2026-10-05T03:59:27.078354Z,KXZEC15M-26OCT050000-00,0.9750,19.00,yes
2026-10-05T03:59:27.079853Z,KXZEC15M-26OCT050000-00,0.9760,3.00,yes
2026-10-05T03:59:27.079939Z,KXZEC15M-26OCT050000-00,0.9760,3.00,yes
2026-10-05T03:59:27.104739Z,KXZEC15M-26OCT050000-00,0.9780,3.00,yes
2026-10-05T03:59:27.104739Z,KXZEC15M-26OCT050000-00,0.9770,6.00,yes
2026-10-05T03:59:27.104739Z,KXZEC15M-26OCT050000-00,0.9790,3.00,yes
2026-10-05T03:59:27.104739Z,KXZEC15M-26OCT050000-00,0.9760,1.00,yes
2026-10-05T03:59:27.104739Z,KXZEC15M-26OCT050000-00,0.9790,1.00,yes
2026-10-05T03:59:27.104739Z,KXZEC15M-26OCT050000-00,0.9780,19.00,yes
2026-10-05T03:59:27.104739Z,KXZEC15M-26OCT050000-00,0.9790,15.00,yes
2026-10-05T03:59:27.149996Z,KXZEC15M-26OCT050000-00,0.9800,5.03,yes
2026-10-05T03:59:27.151665Z,KXZEC15M-26OCT050000-00,0.9320,42.70,no
2026-10-05T03:59:27.151665Z,KXZEC15M-26OCT050000-00,0.9320,81.54,no
2026-10-05T03:59:27.209528Z,KXZEC15M-26OCT050000-00,0.9630,68.69,no
2026-10-05T03:59:27.254978Z,KXZEC15M-26OCT050000-00,0.9800,2.00,yes
2026-10-05T03:59:27.383693Z,KXZEC15M-26OCT050000-00,0.9630,10.69,no
2026-10-05T03:59:27.455287Z,KXZEC15M-26OCT050000-00,0.9630,24.62,no
2026-10-05T03:59:27.455287Z,KXZEC15M-26OCT050000-00,0.9630,2.99,no
2026-10-05T03:59:27.6263Z,KXZEC15M-26OCT050000-00,0.9790,10.00,yes
2026-10-05T03:59:27.681331Z,KXZEC15M-26OCT050000-00,0.6300,95.74,no
2026-10-05T03:59:27.681331Z,KXZEC15M-26OCT050000-00,0.6900,100.00,no
2026-10-05T03:59:27.681331Z,KXZEC15M-26OCT050000-00,0.9340,104.00,no
2026-10-05T03:59:27.681331Z,KXZEC15M-26OCT050000-00,0.9320,104.00,no
2026-10-05T03:59:27.681331Z,KXZEC15M-26OCT050000-00,0.9330,24.00,no
2026-10-05T03:59:27.681331Z,KXZEC15M-26OCT050000-00,0.8100,0.01,no
2026-10-05T03:59:27.681331Z,KXZEC15M-26OCT050000-00,0.9340,1.20,no
2026-10-05T03:59:27.681331Z,KXZEC15M-26OCT050000-00,0.9310,100.00,no
2026-10-05T03:59:27.681331Z,KXZEC15M-26OCT050000-00,0.7400,100.00,no
2026-10-05T03:59:27.681331Z,KXZEC15M-26OCT050000-00,0.7900,100.00,no
2026-10-05T03:59:27.681331Z,KXZEC15M-26OCT050000-00,0.8900,97.95,no
2026-10-05T03:59:27.681331Z,KXZEC15M-26OCT050000-00,0.8600,100.00,no
2026-10-05T03:59:27.681331Z,KXZEC15M-26OCT050000-00,0.8400,43.69,no
2026-10-05T03:59:27.696348Z,KXZEC15M-26OCT050000-00,0.9340,11.00,no
2026-10-05T03:59:27.820339Z,KXZEC15M-26OCT050000-00,0.9350,2.42,no
2026-10-05T03:59:28.012927Z,KXZEC15M-26OCT050000-00,0.9350,49.58,no
2026-10-05T03:59:28.012927Z,KXZEC15M-26OCT050000-00,0.9350,2.20,no
2026-10-05T03:59:28.078972Z,KXZEC15M-26OCT050000-00,0.9350,1.03,no
2026-10-05T03:59:28.180502Z,KXZEC15M-26OCT050000-00,0.9780,4.00,yes
2026-10-05T03:59:28.180502Z,KXZEC15M-26OCT050000-00,0.9780,1.51,yes
2026-10-05T03:59:28.201964Z,KXZEC15M-26OCT050000-00,0.9630,0.01,no
2026-10-05T03:59:28.201964Z,KXZEC15M-26OCT050000-00,0.9360,14.43,no
2026-10-05T03:59:28.30706Z,KXZEC15M-26OCT050000-00,0.9350,50.97,no
2026-10-05T03:59:28.30706Z,KXZEC15M-26OCT050000-00,0.9340,23.00,no
2026-10-05T03:59:28.30706Z,KXZEC15M-26OCT050000-00,0.9330,36.33,no
2026-10-05T03:59:28.463265Z,KXZEC15M-26OCT050000-00,0.9720,52.00,no
2026-10-05T03:59:28.463265Z,KXZEC15M-26OCT050000-00,0.9720,100.00,no
2026-10-05T03:59:28.463265Z,KXZEC15M-26OCT050000-00,0.9730,52.00,no
2026-10-05T03:59:28.473425Z,KXZEC15M-26OCT050000-00,0.9730,52.00,no
2026-10-05T03:59:28.473425Z,KXZEC15M-26OCT050000-00,0.9730,20.19,no
2026-10-05T03:59:28.483872Z,KXZEC15M-26OCT050000-00,0.9800,3.97,yes
2026-10-05T03:59:28.483872Z,KXZEC15M-26OCT050000-00,0.9800,12.03,yes
2026-10-05T03:59:28.484156Z,KXZEC15M-26OCT050000-00,0.9820,19.03,yes
2026-10-05T03:59:28.484156Z,KXZEC15M-26OCT050000-00,0.9800,7.97,yes
2026-10-05T03:59:28.484156Z,KXZEC15M-26OCT050000-00,0.9810,20.00,yes
2026-10-05T03:59:28.484696Z,KXZEC15M-26OCT050000-00,0.9820,0.97,yes
2026-10-05T03:59:28.484696Z,KXZEC15M-26OCT050000-00,0.9820,11.03,yes
2026-10-05T03:59:28.48477Z,KXZEC15M-26OCT050000-00,0.9830,0.03,yes
2026-10-05T03:59:28.48477Z,KXZEC15M-26OCT050000-00,0.9820,7.97,yes
2026-10-05T03:59:28.50026Z,KXZEC15M-26OCT050000-00,0.9830,4.00,yes
2026-10-05T03:59:28.500438Z,KXZEC15M-26OCT050000-00,0.9830,2.00,yes
2026-10-05T03:59:28.529593Z,KXZEC15M-26OCT050000-00,0.9760,23.67,no
2026-10-05T03:59:28.862284Z,KXZEC15M-26OCT050000-00,0.9790,20.00,no
2026-10-05T03:59:28.862284Z,KXZEC15M-26OCT050000-00,0.9790,0.97,no
2026-10-05T03:59:28.862284Z,KXZEC15M-26OCT050000-00,0.9780,52.00,no
2026-10-05T03:59:28.862284Z,KXZEC15M-26OCT050000-00,0.9790,2.00,no
2026-10-05T03:59:28.862284Z,KXZEC15M-26OCT050000-00,0.9790,12.03,no
2026-10-05T03:59:28.862284Z,KXZEC15M-26OCT050000-00,0.9790,4.00,no
2026-10-05T03:59:28.862284Z,KXZEC15M-26OCT050000-00,0.9790,19.03,no
2026-10-05T03:59:28.862284Z,KXZEC15M-26OCT050000-00,0.9790,7.97,no
2026-10-05T03:59:28.862284Z,KXZEC15M-26OCT050000-00,0.9790,0.03,no
2026-10-05T03:59:28.862284Z,KXZEC15M-26OCT050000-00,0.9760,23.33,no
2026-10-05T03:59:29.06492Z,KXZEC15M-26OCT050000-00,0.9770,100.00,yes
2026-10-05T03:59:29.181477Z,KXZEC15M-26OCT050000-00,0.9830,7.00,yes
2026-10-05T03:59:29.181477Z,KXZEC15M-26OCT050000-00,0.9830,18.00,yes
2026-10-05T03:59:29.269748Z,KXZEC15M-26OCT050000-00,0.9760,1.00,no
2026-10-05T03:59:29.269748Z,KXZEC15M-26OCT050000-00,0.9680,32.00,no
2026-10-05T03:59:29.269748Z,KXZEC15M-26OCT050000-00,0.9670,65.00,no
2026-10-05T03:59:29.386321Z,KXZEC15M-26OCT050000-00,0.9400,0.98,no
2026-10-05T03:59:29.427323Z,KXZEC15M-26OCT050000-00,0.9630,59.56,yes
2026-10-05T03:59:29.440689Z,KXZEC15M-26OCT050000-00,0.9630,0.44,yes
2026-10-05T03:59:29.4898Z,KXZEC15M-26OCT050000-00,0.9820,4.00,yes
2026-10-05T03:59:29.503772Z,KXZEC15M-26OCT050000-00,0.9400,51.02,no
2026-10-05T03:59:29.503772Z,KXZEC15M-26OCT050000-00,0.9400,5.22,no
2026-10-05T03:59:29.580981Z,KXZEC15M-26OCT050000-00,0.9820,45.68,yes
2026-10-05T03:59:29.592421Z,KXZEC15M-26OCT050000-00,0.9410,2.14,no
2026-10-05T03:59:29.816138Z,KXZEC15M-26OCT050000-00,0.9820,50.00,yes
2026-10-05T03:59:29.906589Z,KXZEC15M-26OCT050000-00,0.9410,23.07,no
2026-10-05T03:59:29.971401Z,KXZEC15M-26OCT050000-00,0.9840,20.00,yes
2026-10-05T03:59:29.971401Z,KXZEC15M-26OCT050000-00,0.9870,15.06,yes
2026-10-05T03:59:29.971401Z,KXZEC15M-26OCT050000-00,0.9860,20.00,yes
2026-10-05T03:59:29.971401Z,KXZEC15M-26OCT050000-00,0.9850,20.00,yes
2026-10-05T03:59:29.971401Z,KXZEC15M-26OCT050000-00,0.9820,4.32,yes
2026-10-05T03:59:29.971401Z,KXZEC15M-26OCT050000-00,0.9820,99.00,yes
2026-10-05T03:59:29.971401Z,KXZEC15M-26OCT050000-00,0.9830,104.00,yes
2026-10-05T03:59:29.971401Z,KXZEC15M-26OCT050000-00,0.9820,19.00,yes
2026-10-05T03:59:30.036041Z,KXZEC15M-26OCT050000-00,0.9840,100.00,yes
2026-10-05T03:59:30.093084Z,KXZEC15M-26OCT050000-00,0.9750,1.00,no
2026-10-05T03:59:30.093084Z,KXZEC15M-26OCT050000-00,0.9750,52.00,no
2026-10-05T03:59:30.093084Z,KXZEC15M-26OCT050000-00,0.9750,25.78,no
2026-10-05T03:59:30.449877Z,KXZEC15M-26OCT050000-00,0.9760,9.00,no
2026-10-05T03:59:30.450087Z,KXZEC15M-26OCT050000-00,0.9740,20.00,no
2026-10-05T03:59:30.450087Z,KXZEC15M-26OCT050000-00,0.9530,1.00,no
2026-10-05T03:59:30.450087Z,KXZEC15M-26OCT050000-00,0.9760,20.00,no
2026-10-05T03:59:30.450087Z,KXZEC15M-26OCT050000-00,0.9760,11.00,no
2026-10-05T03:59:30.450087Z,KXZEC15M-26OCT050000-00,0.9540,27.00,no
2026-10-05T03:59:30.74449Z,KXZEC15M-26OCT050000-00,0.9820,74.00,yes
2026-10-05T03:59:30.877598Z,KXZEC15M-26OCT050000-00,0.9760,10.98,no
2026-10-05T03:59:30.893134Z,KXZEC15M-26OCT050000-00,0.9760,9.02,no
2026-10-05T03:59:30.893134Z,KXZEC15M-26OCT050000-00,0.9760,15.06,no
2026-10-05T03:59:30.930738Z,KXZEC15M-26OCT050000-00,0.9630,12.00,yes
2026-10-05T03:59:30.935183Z,KXZEC15M-26OCT050000-00,0.9630,67.38,yes
2026-10-05T03:59:30.953995Z,KXZEC15M-26OCT050000-00,0.9820,21.66,yes
2026-10-05T03:59:31.076938Z,KXZEC15M-26OCT050000-00,0.9880,20.00,yes
2026-10-05T03:59:31.076938Z,KXZEC15M-26OCT050000-00,0.9870,4.94,yes
2026-10-05T03:59:31.076938Z,KXZEC15M-26OCT050000-00,0.9830,13.97,yes
2026-10-05T03:59:31.076938Z,KXZEC15M-26OCT050000-00,0.9820,19.00,yes
2026-10-05T03:59:31.076938Z,KXZEC15M-26OCT050000-00,0.9820,82.34,yes
2026-10-05T03:59:31.076938Z,KXZEC15M-26OCT050000-00,0.9880,7.75,yes
2026-10-05T03:59:31.076938Z,KXZEC15M-26OCT050000-00,0.9830,104.00,yes
2026-10-05T03:59:31.082016Z,KXZEC15M-26OCT050000-00,0.9880,10.30,yes
2026-10-05T03:59:31.098215Z,KXZEC15M-26OCT050000-00,0.9890,2.00,yes
2026-10-05T03:59:31.342841Z,KXZEC15M-26OCT050000-00,0.9730,104.00,no
2026-10-05T03:59:31.342841Z,KXZEC15M-26OCT050000-00,0.9730,1.77,no
2026-10-05T03:59:31.383981Z,KXZEC15M-26OCT050000-00,0.9890,4.97,yes
2026-10-05T03:59:31.48741Z,KXZEC15M-26OCT050000-00,0.9780,3.17,no
2026-10-05T03:59:31.48741Z,KXZEC15M-26OCT050000-00,0.9770,13.97,no
2026-10-05T03:59:31.48741Z,KXZEC15M-26OCT050000-00,0.9530,10.29,no
2026-10-05T03:59:31.48741Z,KXZEC15M-26OCT050000-00,0.9780,52.00,no
2026-10-05T03:59:31.48741Z,KXZEC15M-26OCT050000-00,0.9540,27.00,no
2026-10-05T03:59:31.48741Z,KXZEC15M-26OCT050000-00,0.9700,1.16,no
2026-10-05T03:59:31.649199Z,KXZEC15M-26OCT050000-00,0.9790,2.00,no
2026-10-05T03:59:31.649199Z,KXZEC15M-26OCT050000-00,0.9790,4.97,no
2026-10-05T03:59:31.649199Z,KXZEC15M-26OCT050000-00,0.9790,20.00,no
2026-10-05T03:59:31.649761Z,KXZEC15M-26OCT050000-00,0.9700,2.11,no
2026-10-05T03:59:31.649761Z,KXZEC15M-26OCT050000-00,0.9510,31.00,no
2026-10-05T03:59:31.649761Z,KXZEC15M-26OCT050000-00,0.9500,7.03,no
2026-10-05T03:59:31.722828Z,KXZEC15M-26OCT050000-00,0.9500,1.72,no
2026-10-05T03:59:31.786863Z,KXZEC15M-26OCT050000-00,0.9830,11.00,no
2026-10-05T03:59:31.786863Z,KXZEC15M-26OCT050000-00,0.9500,2.00,no
2026-10-05T03:59:31.786863Z,KXZEC15M-26OCT050000-00,0.9510,31.00,no
2026-10-05T03:59:31.786863Z,KXZEC15M-26OCT050000-00,0.9500,16.25,no
2026-10-05T03:59:31.786863Z,KXZEC15M-26OCT050000-00,0.9340,17.78,no
2026-10-05T03:59:32.375823Z,KXZEC15M-26OCT050000-00,0.9700,2.11,no
2026-10-05T03:59:32.375823Z,KXZEC15M-26OCT050000-00,0.9350,0.21,no
2026-10-05T03:59:32.375823Z,KXZEC15M-26OCT050000-00,0.9360,27.00,no
2026-10-05T03:59:32.424137Z,KXZEC15M-26OCT050000-00,0.9350,14.36,no
2026-10-05T03:59:32.514559Z,KXZEC15M-26OCT050000-00,0.9400,7.62,no
2026-10-05T03:59:32.933488Z,KXZEC15M-26OCT050000-00,0.9410,52.00,no
2026-10-05T03:59:32.933488Z,KXZEC15M-26OCT050000-00,0.9410,24.00,no
2026-10-05T03:59:32.933488Z,KXZEC15M-26OCT050000-00,0.9400,3.44,no
2026-10-05T03:59:33.034697Z,KXZEC15M-26OCT050000-00,0.9420,15.90,no
2026-10-05T03:59:33.629109Z,KXZEC15M-26OCT050000-00,0.9730,100.00,no
2026-10-05T03:59:33.629109Z,KXZEC15M-26OCT050000-00,0.9720,52.00,no
2026-10-05T03:59:33.629109Z,KXZEC15M-26OCT050000-00,0.9410,24.00,no
2026-10-05T03:59:33.629109Z,KXZEC15M-26OCT050000-00,0.9400,130.30,no
2026-10-05T03:59:33.629109Z,KXZEC15M-26OCT050000-00,0.9340,4.10,no
2026-10-05T03:59:33.918032Z,KXZEC15M-26OCT050000-00,0.9720,50.16,no
2026-10-05T03:59:33.918032Z,KXZEC15M-26OCT050000-00,0.9730,52.00,no
2026-10-05T03:59:33.978796Z,KXZEC15M-26OCT050000-00,0.9720,1.84,no
2026-10-05T03:59:33.978796Z,KXZEC15M-26OCT050000-00,0.9720,0.16,no
2026-10-05T03:59:34.327825Z,KXZEC15M-26OCT050000-00,0.9720,82.16,no
2026-10-05T03:59:34.327825Z,KXZEC15M-26OCT050000-00,0.9720,49.84,no
2026-10-05T03:59:34.527739Z,KXZEC15M-26OCT050000-00,0.9730,33.43,no
2026-10-05T03:59:34.620283Z,KXZEC15M-26OCT050000-00,0.9730,33.00,no
2026-10-05T03:59:34.620283Z,KXZEC15M-26OCT050000-00,0.9720,14.40,no
2026-10-05T03:59:34.620283Z,KXZEC15M-26OCT050000-00,0.9730,18.57,no
2026-10-05T03:59:34.910362Z,KXZEC15M-26OCT050000-00,0.9720,1.91,no
2026-10-05T03:59:34.936345Z,KXZEC15M-26OCT050000-00,0.9720,31.90,no
2026-10-05T03:59:34.936345Z,KXZEC15M-26OCT050000-00,0.9720,1.53,no
2026-10-05T03:59:34.978148Z,KXZEC15M-26OCT050000-00,0.9780,53.00,yes
2026-10-05T03:59:34.978148Z,KXZEC15M-26OCT050000-00,0.9770,100.00,yes
2026-10-05T03:59:35.01957Z,KXZEC15M-26OCT050000-00,0.9720,10.03,no
2026-10-05T03:59:35.118441Z,KXZEC15M-26OCT050000-00,0.9720,0.08,no
2026-10-05T03:59:35.332805Z,KXZEC15M-26OCT050000-00,0.9770,100.00,yes
2026-10-05T03:59:35.460519Z,KXZEC15M-26OCT050000-00,0.9850,20.02,yes
2026-10-05T03:59:35.601147Z,KXZEC15M-26OCT050000-00,0.9720,0.79,no
2026-10-05T03:59:36.052643Z,KXZEC15M-26OCT050000-00,0.9730,15.90,no
2026-10-05T03:59:36.097999Z,KXZEC15M-26OCT050000-00,0.9850,0.01,yes
2026-10-05T03:59:36.729747Z,KXZEC15M-26OCT050000-00,0.9730,34.00,no
2026-10-05T03:59:36.729747Z,KXZEC15M-26OCT050000-00,0.9720,12.90,no
2026-10-05T03:59:36.729747Z,KXZEC15M-26OCT050000-00,0.9730,36.10,no
2026-10-05T03:59:36.878162Z,KXZEC15M-26OCT050000-00,0.9850,20.00,yes
2026-10-05T03:59:37.304438Z,KXZEC15M-26OCT050000-00,0.9850,0.49,yes
2026-10-05T03:59:37.834102Z,KXZEC15M-26OCT050000-00,0.9720,66.87,no
2026-10-05T03:59:37.934658Z,KXZEC15M-26OCT050000-00,0.9730,27.00,yes
2026-10-05T03:59:37.938189Z,KXZEC15M-26OCT050000-00,0.9730,0.67,yes
2026-10-05T03:59:37.955717Z,KXZEC15M-26OCT050000-00,0.9890,8.93,yes
2026-10-05T03:59:38.122771Z,KXZEC15M-26OCT050000-00,0.9780,20.62,no
2026-10-05T03:59:38.346444Z,KXZEC15M-26OCT050000-00,0.9840,52.00,no
2026-10-05T03:59:38.346444Z,KXZEC15M-26OCT050000-00,0.9820,52.00,no
2026-10-05T03:59:38.346444Z,KXZEC15M-26OCT050000-00,0.9850,8.93,no
2026-10-05T03:59:38.346444Z,KXZEC15M-26OCT050000-00,0.9720,20.23,no
2026-10-05T03:59:38.389107Z,KXZEC15M-26OCT050000-00,0.9780,39.00,no
2026-10-05T03:59:38.389107Z,KXZEC15M-26OCT050000-00,0.9780,52.00,no
2026-10-05T03:59:38.389107Z,KXZEC15M-26OCT050000-00,0.9770,81.17,no
2026-10-05T03:59:38.397306Z,KXZEC15M-26OCT050000-00,0.9770,3.34,no
2026-10-05T03:59:38.710439Z,KXZEC15M-26OCT050000-00,0.9750,52.00,no
2026-10-05T03:59:38.710439Z,KXZEC15M-26OCT050000-00,0.9770,52.00,no
2026-10-05T03:59:38.710439Z,KXZEC15M-26OCT050000-00,0.9770,15.49,no
2026-10-05T03:59:38.762024Z,KXZEC15M-26OCT050000-00,0.9750,5.00,no
2026-10-05T03:59:38.913063Z,KXZEC15M-26OCT050000-00,0.9880,31.85,yes
2026-10-05T03:59:39.254546Z,KXZEC15M-26OCT050000-00,0.9750,37.44,no
2026-10-05T03:59:39.320513Z,KXZEC15M-26OCT050000-00,0.9880,3.00,yes
2026-10-05T03:59:39.43755Z,KXZEC15M-26OCT050000-00,0.9880,3.68,yes
2026-10-05T03:59:39.461275Z,KXZEC15M-26OCT050000-00,0.9750,31.00,no
2026-10-05T03:59:39.461275Z,KXZEC15M-26OCT050000-00,0.9750,9.56,no
2026-10-05T03:59:39.461275Z,KXZEC15M-26OCT050000-00,0.9750,5.12,no
2026-10-05T03:59:39.669125Z,KXZEC15M-26OCT050000-00,0.9750,5.04,no
2026-10-05T03:59:39.844131Z,KXZEC15M-26OCT050000-00,0.9750,9.56,no
2026-10-05T03:59:39.873452Z,KXZEC15M-26OCT050000-00,0.9880,11.12,yes
2026-10-05T03:59:39.88999Z,KXZEC15M-26OCT050000-00,0.9740,41.60,no
2026-10-05T03:59:39.88999Z,KXZEC15M-26OCT050000-00,0.9750,31.00,no
2026-10-05T03:59:39.88999Z,KXZEC15M-26OCT050000-00,0.9750,27.40,no
2026-10-05T03:59:40.100828Z,KXZEC15M-26OCT050000-00,0.9880,2.30,yes
2026-10-05T03:59:40.208646Z,KXZEC15M-26OCT050000-00,0.9890,51.00,yes
2026-10-05T03:59:40.208646Z,KXZEC15M-26OCT050000-00,0.9890,1.00,yes
2026-10-05T03:59:40.208646Z,KXZEC15M-26OCT050000-00,0.9900,25.00,yes
2026-10-05T03:59:40.208646Z,KXZEC15M-26OCT050000-00,0.9900,25.00,yes
2026-10-05T03:59:40.208646Z,KXZEC15M-26OCT050000-00,0.9900,27.00,yes
2026-10-05T03:59:40.208646Z,KXZEC15M-26OCT050000-00,0.9890,4.10,yes
2026-10-05T03:59:40.208646Z,KXZEC15M-26OCT050000-00,0.9900,20.00,yes
2026-10-05T03:59:40.208646Z,KXZEC15M-26OCT050000-00,0.9900,4.24,yes
2026-10-05T03:59:40.208646Z,KXZEC15M-26OCT050000-00,0.9880,18.00,yes
2026-10-05T03:59:40.208646Z,KXZEC15M-26OCT050000-00,0.9890,104.00,yes
2026-10-05T03:59:40.208646Z,KXZEC15M-26OCT050000-00,0.9880,52.05,yes
2026-10-05T03:59:40.208646Z,KXZEC15M-26OCT050000-00,0.9900,10.00,yes
2026-10-05T03:59:40.208646Z,KXZEC15M-26OCT050000-00,0.9900,17.08,yes
2026-10-05T03:59:40.208646Z,KXZEC15M-26OCT050000-00,0.9900,85.42,yes
2026-10-05T03:59:40.325985Z,KXZEC15M-26OCT050000-00,0.9810,27.00,no
2026-10-05T03:59:40.775032Z,KXZEC15M-26OCT050000-00,0.9850,3.64,no
2026-10-05T03:59:40.775032Z,KXZEC15M-26OCT050000-00,0.9890,20.00,no
2026-10-05T03:59:40.775032Z,KXZEC15M-26OCT050000-00,0.9880,4.10,no
2026-10-05T03:59:40.775032Z,KXZEC15M-26OCT050000-00,0.9900,0.49,no
2026-10-05T03:59:40.891548Z,KXZEC15M-26OCT050000-00,0.9970,18.00,yes
2026-10-05T03:59:40.891548Z,KXZEC15M-26OCT050000-00,0.9960,13.00,yes
2026-10-05T03:59:40.891548Z,KXZEC15M-26OCT050000-00,0.9950,11.00,yes
2026-10-05T03:59:40.891548Z,KXZEC15M-26OCT050000-00,0.9970,2.00,yes
2026-10-05T03:59:40.891548Z,KXZEC15M-26OCT050000-00,0.9960,1.00,yes
2026-10-05T03:59:40.891548Z,KXZEC15M-26OCT050000-00,0.9970,2.00,yes
2026-10-05T03:59:40.891548Z,KXZEC15M-26OCT050000-00,0.9960,1.00,yes
2026-10-05T03:59:40.891548Z,KXZEC15M-26OCT050000-00,0.9970,1.14,yes
2026-10-05T03:59:40.891548Z,KXZEC15M-26OCT050000-00,0.9960,1.00,yes
2026-10-05T03:59:40.891548Z,KXZEC15M-26OCT050000-00,0.9960,1.00,yes
2026-10-05T03:59:40.891548Z,KXZEC15M-26OCT050000-00,0.9960,1.00,yes
2026-10-05T03:59:40.891548Z,KXZEC15M-26OCT050000-00,0.9920,20.00,yes
2026-10-05T03:59:40.891548Z,KXZEC15M-26OCT050000-00,0.9910,20.00,yes
2026-10-05T03:59:40.891548Z,KXZEC15M-26OCT050000-00,0.9940,20.00,yes
2026-10-05T03:59:40.891548Z,KXZEC15M-26OCT050000-00,0.9930,20.00,yes
2026-10-05T03:59:40.891548Z,KXZEC15M-26OCT050000-00,0.9970,20.00,yes
2026-10-05T03:59:40.891548Z,KXZEC15M-26OCT050000-00,0.9950,20.00,yes
2026-10-05T03:59:40.891548Z,KXZEC15M-26OCT050000-00,0.9960,20.00,yes
2026-10-05T03:59:40.891548Z,KXZEC15M-26OCT050000-00,0.9950,1.00,yes
2026-10-05T03:59:40.891548Z,KXZEC15M-26OCT050000-00,0.9910,24.00,yes
2026-10-05T03:59:41.122824Z,KXZEC15M-26OCT050000-00,0.9850,16.00,no
2026-10-05T03:59:41.122824Z,KXZEC15M-26OCT050000-00,0.9860,20.00,no
2026-10-05T03:59:41.45414Z,KXZEC15M-26OCT050000-00,0.9880,20.00,no
2026-10-05T03:59:41.45414Z,KXZEC15M-26OCT050000-00,0.9880,20.00,no
2026-10-05T03:59:41.45414Z,KXZEC15M-26OCT050000-00,0.9880,20.00,no
2026-10-05T03:59:41.45414Z,KXZEC15M-26OCT050000-00,0.9880,20.00,no
2026-10-05T03:59:41.45414Z,KXZEC15M-26OCT050000-00,0.9880,20.00,no
2026-10-05T03:59:41.661831Z,KXZEC15M-26OCT050000-00,0.9340,15.21,no
2026-10-05T03:59:41.661831Z,KXZEC15M-26OCT050000-00,0.9850,4.00,no
2026-10-05T03:59:41.661831Z,KXZEC15M-26OCT050000-00,0.9860,20.00,no
2026-10-05T03:59:41.661831Z,KXZEC15M-26OCT050000-00,0.9740,58.40,no
2026-10-05T03:59:41.661831Z,KXZEC15M-26OCT050000-00,0.9350,28.00,no
2026-10-05T03:59:41.661831Z,KXZEC15M-26OCT050000-00,0.9700,0.01,no
2026-10-05T03:59:41.774657Z,KXZEC15M-26OCT050000-00,0.9340,56.20,no
2026-10-05T03:59:41.774657Z,KXZEC15M-26OCT050000-00,0.9740,100.00,no
2026-10-05T03:59:41.774657Z,KXZEC15M-26OCT050000-00,0.9750,31.00,no
2026-10-05T03:59:41.774657Z,KXZEC15M-26OCT050000-00,0.9880,6.08,no
2026-10-05T03:59:41.774657Z,KXZEC15M-26OCT050000-00,0.9410,3.00,no
2026-10-05T03:59:42.082423Z,KXZEC15M-26OCT050000-00,0.9900,8.09,no
2026-10-05T03:59:42.082423Z,KXZEC15M-26OCT050000-00,0.9900,5.40,no
2026-10-05T03:59:42.09576Z,KXZEC15M-26OCT050000-00,0.9870,50.00,no
2026-10-05T03:59:42.232949Z,KXZEC15M-26OCT050000-00,0.9720,40.37,no
2026-10-05T03:59:42.423839Z,KXZEC15M-26OCT050000-00,0.9720,13.43,no
2026-10-05T03:59:42.423839Z,KXZEC15M-26OCT050000-00,0.9850,20.00,no
2026-10-05T03:59:42.528995Z,KXZEC15M-26OCT050000-00,0.8900,100.00,no
2026-10-05T03:59:42.528995Z,KXZEC15M-26OCT050000-00,0.9340,6.71,no
2026-10-05T03:59:42.528995Z,KXZEC15M-26OCT050000-00,0.9310,100.00,no
2026-10-05T03:59:42.528995Z,KXZEC15M-26OCT050000-00,0.9720,46.20,no
2026-10-05T03:59:42.528995Z,KXZEC15M-26OCT050000-00,0.9350,19.00,no
2026-10-05T03:59:42.528995Z,KXZEC15M-26OCT050000-00,0.8600,29.47,no
2026-10-05T03:59:42.54762Z,KXZEC15M-26OCT050000-00,0.9680,21.66,no
2026-10-05T03:59:42.904526Z,KXZEC15M-26OCT050000-00,0.9680,29.26,no
2026-10-05T03:59:43.142537Z,KXZEC15M-26OCT050000-00,0.9680,29.06,no
2026-10-05T03:59:43.268331Z,KXZEC15M-26OCT050000-00,0.9900,0.41,no
2026-10-05T03:59:43.341673Z,KXZEC15M-26OCT050000-00,0.9680,9.24,no
2026-10-05T03:59:43.341673Z,KXZEC15M-26OCT050000-00,0.9680,20.02,no
2026-10-05T03:59:43.788615Z,KXZEC15M-26OCT050000-00,0.9290,1.05,no
2026-10-05T03:59:43.788615Z,KXZEC15M-26OCT050000-00,0.9680,10.76,no
2026-10-05T03:59:44.539085Z,KXZEC15M-26OCT050000-00,0.9290,1.02,no
2026-10-05T03:59:44.642516Z,KXZEC15M-26OCT050000-00,0.9960,13.04,no
2026-10-05T03:59:44.877755Z,KXZEC15M-26OCT050000-00,0.9290,13.22,no
2026-10-05T03:59:45.082617Z,KXZEC15M-26OCT050000-00,0.9290,13.22,no
2026-10-05T03:59:45.268291Z,KXZEC15M-26OCT050000-00,0.9290,6.78,no
2026-10-05T03:59:45.268291Z,KXZEC15M-26OCT050000-00,0.9290,1.00,no
2026-10-05T03:59:45.268291Z,KXZEC15M-26OCT050000-00,0.9280,3.06,no
2026-10-05T03:59:45.376265Z,KXZEC15M-26OCT050000-00,0.9280,2.58,no
2026-10-05T03:59:46.135643Z,KXZEC15M-26OCT050000-00,0.9960,2.00,no
2026-10-05T03:59:46.163655Z,KXZEC15M-26OCT050000-00,0.9970,2.00,yes
2026-10-05T03:59:46.163655Z,KXZEC15M-26OCT050000-00,0.9970,0.86,yes
2026-10-05T03:59:46.163655Z,KXZEC15M-26OCT050000-00,0.9970,2.00,yes
2026-10-05T03:59:46.163655Z,KXZEC15M-26OCT050000-00,0.9970,0.70,yes
2026-10-05T03:59:46.461773Z,KXZEC15M-26OCT050000-00,0.9930,13.08,no
2026-10-05T03:59:46.521925Z,KXZEC15M-26OCT050000-00,0.9930,100.00,no
2026-10-05T03:59:46.551334Z,KXZEC15M-26OCT050000-00,0.9980,43.88,yes
2026-10-05T03:59:47.035166Z,KXZEC15M-26OCT050000-00,0.9930,89.70,no
2026-10-05T03:59:47.035166Z,KXZEC15M-26OCT050000-00,0.9940,43.88,no
2026-10-05T03:59:47.035772Z,KXZEC15M-26OCT050000-00,0.9930,7.17,no
2026-10-05T03:59:47.408541Z,KXZEC15M-26OCT050000-00,0.9930,16.00,no
2026-10-05T03:59:47.408541Z,KXZEC15M-26OCT050000-00,0.9970,100.00,no
2026-10-05T03:59:47.423615Z,KXZEC15M-26OCT050000-00,0.9930,199.84,no
2026-10-05T03:59:47.42538Z,KXZEC15M-26OCT050000-00,0.9930,49.21,no
2026-10-05T03:59:48.123221Z,KXZEC15M-26OCT050000-00,0.9900,2.52,no
2026-10-05T03:59:48.367127Z,KXZEC15M-26OCT050000-00,0.9900,1.34,no
2026-10-05T03:59:48.607999Z,KXZEC15M-26OCT050000-00,0.9980,1.00,yes
2026-10-05T03:59:48.982922Z,KXZEC15M-26OCT050000-00,0.9980,55.12,yes
2026-10-05T03:59:48.982922Z,KXZEC15M-26OCT050000-00,0.9980,200.00,yes
2026-10-05T03:59:48.982922Z,KXZEC15M-26OCT050000-00,0.9980,6.88,yes
2026-10-05T03:59:49.028249Z,KXZEC15M-26OCT050000-00,0.9970,6.88,no
2026-10-05T03:59:49.028249Z,KXZEC15M-26OCT050000-00,0.9970,100.00,no
2026-10-05T03:59:49.123604Z,KXZEC15M-26OCT050000-00,0.9900,1.02,no
2026-10-05T03:59:49.123604Z,KXZEC15M-26OCT050000-00,0.9900,1.00,no
2026-10-05T03:59:49.13663Z,KXZEC15M-26OCT050000-00,0.9900,9.98,yes
2026-10-05T03:59:49.445376Z,KXZEC15M-26OCT050000-00,0.9900,4.88,no
2026-10-05T03:59:49.53319Z,KXZEC15M-26OCT050000-00,0.9930,5.00,yes
2026-10-05T03:59:49.611268Z,KXZEC15M-26OCT050000-00,0.9900,0.01,no
2026-10-05T03:59:49.720351Z,KXZEC15M-26OCT050000-00,0.9930,4.00,yes
2026-10-05T03:59:49.743628Z,KXZEC15M-26OCT050000-00,0.9930,0.22,yes
2026-10-05T03:59:50.064716Z,KXZEC15M-26OCT050000-00,0.9930,0.78,yes
2026-10-05T03:59:50.121036Z,KXZEC15M-26OCT050000-00,0.9980,13.12,yes
2026-10-05T03:59:50.121036Z,KXZEC15M-26OCT050000-00,0.9980,2.88,yes
2026-10-05T03:59:50.121036Z,KXZEC15M-26OCT050000-00,0.9980,3.00,yes
2026-10-05T03:59:50.121036Z,KXZEC15M-26OCT050000-00,0.9980,3.00,yes
2026-10-05T03:59:50.121036Z,KXZEC15M-26OCT050000-00,0.9980,3.00,yes
2026-10-05T03:59:50.121036Z,KXZEC15M-26OCT050000-00,0.9980,3.00,yes
2026-10-05T03:59:50.121036Z,KXZEC15M-26OCT050000-00,0.9980,26.00,yes
2026-10-05T03:59:50.304441Z,KXZEC15M-26OCT050000-00,0.9970,13.12,no
2026-10-05T03:59:50.304441Z,KXZEC15M-26OCT050000-00,0.9970,46.46,no
2026-10-05T03:59:50.512349Z,KXZEC15M-26OCT050000-00,0.9970,7.00,no
2026-10-05T03:59:50.5465Z,KXZEC15M-26OCT050000-00,0.9980,0.12,yes
2026-10-05T03:59:50.575976Z,KXZEC15M-26OCT050000-00,0.9960,333.00,no
2026-10-05T03:59:50.575976Z,KXZEC15M-26OCT050000-00,0.9960,100.00,no
2026-10-05T03:59:50.575976Z,KXZEC15M-26OCT050000-00,0.9930,1.00,no
2026-10-05T03:59:50.575976Z,KXZEC15M-26OCT050000-00,0.9970,56.54,no
2026-10-05T03:59:50.575976Z,KXZEC15M-26OCT050000-00,0.9920,200.00,no
2026-10-05T03:59:50.575976Z,KXZEC15M-26OCT050000-00,0.9950,55.12,no
2026-10-05T03:59:50.765267Z,KXZEC15M-26OCT050000-00,0.9900,20.00,no
2026-10-05T03:59:50.765267Z,KXZEC15M-26OCT050000-00,0.9850,9.26,no
2026-10-05T03:59:50.821662Z,KXZEC15M-26OCT050000-00,0.9990,12.00,yes
2026-10-05T03:59:50.821662Z,KXZEC15M-26OCT050000-00,0.9990,1.00,yes
2026-10-05T03:59:50.821662Z,KXZEC15M-26OCT050000-00,0.9990,1.00,yes
2026-10-05T03:59:51.417387Z,KXZEC15M-26OCT050000-00,0.9990,8.00,yes
2026-10-05T03:59:51.417387Z,KXZEC15M-26OCT050000-00,0.9990,1.00,yes
2026-10-05T03:59:51.417387Z,KXZEC15M-26OCT050000-00,0.9990,24.43,yes
2026-10-05T03:59:51.459985Z,KXZEC15M-26OCT050000-00,0.9870,6.68,no
2026-10-05T03:59:51.514743Z,KXZEC15M-26OCT050000-00,0.9900,10.00,yes
2026-10-05T03:59:51.661398Z,KXZEC15M-26OCT050000-00,0.9980,12.00,no
2026-10-05T03:59:51.661398Z,KXZEC15M-26OCT050000-00,0.9960,47.21,no
2026-10-05T03:59:51.841855Z,KXZEC15M-26OCT050000-00,0.9970,1.32,no
2026-10-05T03:59:52.52748Z,KXZEC15M-26OCT050000-00,0.9850,5.03,no
2026-10-05T03:59:52.936084Z,KXZEC15M-26OCT050000-00,0.9960,41.04,no
2026-10-05T03:59:54.358906Z,KXZEC15M-26OCT050000-00,0.9950,100.00,no
2026-10-05T03:59:54.358906Z,KXZEC15M-26OCT050000-00,0.9920,40.00,no
2026-10-05T03:59:54.358906Z,KXZEC15M-26OCT050000-00,0.9920,25.00,no
2026-10-05T03:59:54.358906Z,KXZEC15M-26OCT050000-00,0.9920,23.00,no
2026-10-05T03:59:54.747013Z,KXZEC15M-26OCT050000-00,0.9920,21.76,no
2026-10-05T03:59:57.896236Z,KXZEC15M-26OCT050000-00,0.9950,52.00,no
2026-10-05T03:59:58.715759Z,KXZEC15M-26OCT050000-00,0.9950,249.58,no
2026-10-05T03:58:53.108803Z,KXNEAR15M-26OCT050000-00,0.1400,9.00,yes
2026-10-05T03:58:53.108803Z,KXNEAR15M-26OCT050000-00,0.1300,1.00,yes
2026-10-05T03:58:53.108803Z,KXNEAR15M-26OCT050000-00,0.1500,7.28,yes
2026-10-05T03:58:53.108803Z,KXNEAR15M-26OCT050000-00,0.1300,10.00,yes
2026-10-05T03:58:53.15119Z,KXNEAR15M-26OCT050000-00,0.1200,1.00,no
2026-10-05T03:58:53.159757Z,KXNEAR15M-26OCT050000-00,0.1300,1.00,yes
2026-10-05T03:58:53.603058Z,KXNEAR15M-26OCT050000-00,0.1200,0.01,no
2026-10-05T03:58:53.603058Z,KXNEAR15M-26OCT050000-00,0.1300,7.00,no
2026-10-05T03:58:53.722671Z,KXNEAR15M-26OCT050000-00,0.1300,41.00,yes
2026-10-05T03:58:53.723461Z,KXNEAR15M-26OCT050000-00,0.1400,10.00,yes
2026-10-05T03:58:53.723461Z,KXNEAR15M-26OCT050000-00,0.1400,38.00,yes
2026-10-05T03:58:53.749299Z,KXNEAR15M-26OCT050000-00,0.1400,10.00,yes
2026-10-05T03:58:53.924378Z,KXNEAR15M-26OCT050000-00,0.1600,10.00,yes
2026-10-05T03:58:54.027347Z,KXNEAR15M-26OCT050000-00,0.1600,3.00,yes
2026-10-05T03:58:54.095524Z,KXNEAR15M-26OCT050000-00,0.1500,6.00,no
2026-10-05T03:58:54.097976Z,KXNEAR15M-26OCT050000-00,0.1300,1.00,no
2026-10-05T03:58:54.123251Z,KXNEAR15M-26OCT050000-00,0.0930,1.00,no
2026-10-05T03:58:54.123251Z,KXNEAR15M-26OCT050000-00,0.0810,232.00,no
2026-10-05T03:58:54.123251Z,KXNEAR15M-26OCT050000-00,0.0930,1.00,no
2026-10-05T03:58:54.124191Z,KXNEAR15M-26OCT050000-00,0.0810,204.16,no
2026-10-05T03:58:54.125319Z,KXNEAR15M-26OCT050000-00,0.0810,360.98,no
2026-10-05T03:58:54.125319Z,KXNEAR15M-26OCT050000-00,0.0820,4.00,no
2026-10-05T03:58:54.127156Z,KXNEAR15M-26OCT050000-00,0.0810,10.00,no
2026-10-05T03:58:54.127405Z,KXNEAR15M-26OCT050000-00,0.0810,5.00,no
2026-10-05T03:58:54.1276Z,KXNEAR15M-26OCT050000-00,0.0810,20.00,no
2026-10-05T03:58:54.127738Z,KXNEAR15M-26OCT050000-00,0.0810,347.86,no
2026-10-05T03:58:54.127802Z,KXNEAR15M-26OCT050000-00,0.0520,2.00,no
2026-10-05T03:58:54.136826Z,KXNEAR15M-26OCT050000-00,0.0960,7.00,yes
2026-10-05T03:58:54.137572Z,KXNEAR15M-26OCT050000-00,0.0820,1.00,no
2026-10-05T03:58:54.141803Z,KXNEAR15M-26OCT050000-00,0.0650,41.00,no
2026-10-05T03:58:54.143657Z,KXNEAR15M-26OCT050000-00,0.0780,3.00,yes
2026-10-05T03:58:54.472463Z,KXNEAR15M-26OCT050000-00,0.0830,40.00,no
2026-10-05T03:58:54.560302Z,KXNEAR15M-26OCT050000-00,0.0840,1.00,no
2026-10-05T03:58:54.674259Z,KXNEAR15M-26OCT050000-00,0.0860,1.00,yes
2026-10-05T03:58:54.674259Z,KXNEAR15M-26OCT050000-00,0.1200,96.85,yes
2026-10-05T03:58:54.674259Z,KXNEAR15M-26OCT050000-00,0.0830,1.00,yes
2026-10-05T03:58:54.674259Z,KXNEAR15M-26OCT050000-00,0.1100,8.00,yes
2026-10-05T03:58:54.674259Z,KXNEAR15M-26OCT050000-00,0.0850,10.00,yes
2026-10-05T03:58:54.674259Z,KXNEAR15M-26OCT050000-00,0.0820,1.00,yes
2026-10-05T03:58:54.861515Z,KXNEAR15M-26OCT050000-00,0.0820,1.00,yes
2026-10-05T03:58:54.861515Z,KXNEAR15M-26OCT050000-00,0.1300,0.78,yes
2026-10-05T03:58:54.861515Z,KXNEAR15M-26OCT050000-00,0.0760,1.00,yes
2026-10-05T03:58:54.861515Z,KXNEAR15M-26OCT050000-00,0.1200,3.15,yes
2026-10-05T03:58:54.861515Z,KXNEAR15M-26OCT050000-00,0.0800,33.00,yes
2026-10-05T03:58:54.861515Z,KXNEAR15M-26OCT050000-00,0.0850,10.00,yes
2026-10-05T03:58:54.861515Z,KXNEAR15M-26OCT050000-00,0.0770,1.00,yes
2026-10-05T03:58:54.896658Z,KXNEAR15M-26OCT050000-00,0.0500,3.00,no
2026-10-05T03:58:54.896658Z,KXNEAR15M-26OCT050000-00,0.0500,1.00,no
2026-10-05T03:58:54.896658Z,KXNEAR15M-26OCT050000-00,0.0420,28.69,no
2026-10-05T03:58:54.896658Z,KXNEAR15M-26OCT050000-00,0.0430,3.00,no
2026-10-05T03:58:55.082705Z,KXNEAR15M-26OCT050000-00,0.0420,4.00,no
2026-10-05T03:58:55.082705Z,KXNEAR15M-26OCT050000-00,0.0410,0.10,no
2026-10-05T03:58:55.082705Z,KXNEAR15M-26OCT050000-00,0.0510,100.00,no
2026-10-05T03:58:55.176194Z,KXNEAR15M-26OCT050000-00,0.0330,4.00,no
2026-10-05T03:58:55.176194Z,KXNEAR15M-26OCT050000-00,0.0340,1.00,no
2026-10-05T03:58:55.626706Z,KXNEAR15M-26OCT050000-00,0.0410,8.29,yes
2026-10-05T03:58:55.626706Z,KXNEAR15M-26OCT050000-00,0.0410,0.71,yes
2026-10-05T03:58:55.633893Z,KXNEAR15M-26OCT050000-00,0.0410,0.31,yes
2026-10-05T03:58:56.109761Z,KXNEAR15M-26OCT050000-00,0.0530,20.00,yes
2026-10-05T03:58:56.234874Z,KXNEAR15M-26OCT050000-00,0.0530,4.11,yes
2026-10-05T03:58:56.599206Z,KXNEAR15M-26OCT050000-00,0.0530,2.40,yes
2026-10-05T03:58:56.613231Z,KXNEAR15M-26OCT050000-00,0.0500,20.00,no
2026-10-05T03:58:57.932032Z,KXNEAR15M-26OCT050000-00,0.0370,10.72,no
2026-10-05T03:58:58.025596Z,KXNEAR15M-26OCT050000-00,0.0460,8.65,yes
2026-10-05T03:58:58.025596Z,KXNEAR15M-26OCT050000-00,0.0460,52.00,yes
2026-10-05T03:58:58.025596Z,KXNEAR15M-26OCT050000-00,0.0470,0.40,yes
2026-10-05T03:58:58.173714Z,KXNEAR15M-26OCT050000-00,0.0570,1.00,yes
2026-10-05T03:58:58.173714Z,KXNEAR15M-26OCT050000-00,0.0580,1.00,yes
2026-10-05T03:58:58.173714Z,KXNEAR15M-26OCT050000-00,0.0740,0.49,yes
2026-10-05T03:58:59.130065Z,KXNEAR15M-26OCT050000-00,0.0310,1.00,no
2026-10-05T03:58:59.130065Z,KXNEAR15M-26OCT050000-00,0.0300,6.66,no
2026-10-05T03:58:59.130065Z,KXNEAR15M-26OCT050000-00,0.0300,12.00,no
2026-10-05T03:58:59.130065Z,KXNEAR15M-26OCT050000-00,0.0300,13.34,no
2026-10-05T03:58:59.130065Z,KXNEAR15M-26OCT050000-00,0.0330,1.00,no
2026-10-05T03:58:59.130065Z,KXNEAR15M-26OCT050000-00,0.0340,1.00,no
2026-10-05T03:58:59.130065Z,KXNEAR15M-26OCT050000-00,0.0350,1.00,no
2026-10-05T03:58:59.130065Z,KXNEAR15M-26OCT050000-00,0.0360,4.00,no
2026-10-05T03:58:59.130065Z,KXNEAR15M-26OCT050000-00,0.0350,104.00,no
2026-10-05T03:58:59.130065Z,KXNEAR15M-26OCT050000-00,0.0330,104.00,no
2026-10-05T03:58:59.130065Z,KXNEAR15M-26OCT050000-00,0.0360,2.00,no
2026-10-05T03:58:59.316775Z,KXNEAR15M-26OCT050000-00,0.0300,18.00,no
2026-10-05T03:58:59.316775Z,KXNEAR15M-26OCT050000-00,0.0310,4.00,no
2026-10-05T03:58:59.316775Z,KXNEAR15M-26OCT050000-00,0.0310,8.00,no
2026-10-05T03:58:59.423815Z,KXNEAR15M-26OCT050000-00,0.0300,10.00,no
2026-10-05T03:58:59.484018Z,KXNEAR15M-26OCT050000-00,0.0490,6.00,yes
2026-10-05T03:58:59.484018Z,KXNEAR15M-26OCT050000-00,0.0480,1.00,yes
2026-10-05T03:58:59.484018Z,KXNEAR15M-26OCT050000-00,0.0600,0.93,yes
2026-10-05T03:58:59.484018Z,KXNEAR15M-26OCT050000-00,0.0480,52.00,yes
2026-10-05T03:58:59.484018Z,KXNEAR15M-26OCT050000-00,0.0500,8.68,yes
2026-10-05T03:58:59.484018Z,KXNEAR15M-26OCT050000-00,0.0500,52.00,yes
2026-10-05T03:58:59.484018Z,KXNEAR15M-26OCT050000-00,0.0490,8.68,yes
2026-10-05T03:59:00.023509Z,KXNEAR15M-26OCT050000-00,0.0240,42.00,no
2026-10-05T03:59:00.023509Z,KXNEAR15M-26OCT050000-00,0.0310,1.00,no
2026-10-05T03:59:00.023509Z,KXNEAR15M-26OCT050000-00,0.0240,104.00,no
2026-10-05T03:59:00.023509Z,KXNEAR15M-26OCT050000-00,0.0250,3.00,no
2026-10-05T03:59:00.023509Z,KXNEAR15M-26OCT050000-00,0.0300,8.66,no
2026-10-05T03:59:00.029752Z,KXNEAR15M-26OCT050000-00,0.0210,1.00,no
2026-10-05T03:59:00.029752Z,KXNEAR15M-26OCT050000-00,0.0200,50.00,no
2026-10-05T03:59:00.029752Z,KXNEAR15M-26OCT050000-00,0.0200,11.00,no
2026-10-05T03:59:00.029752Z,KXNEAR15M-26OCT050000-00,0.0200,0.95,no
2026-10-05T03:59:00.029752Z,KXNEAR15M-26OCT050000-00,0.0200,1.19,no
2026-10-05T03:59:00.32626Z,KXNEAR15M-26OCT050000-00,0.0160,3.00,no
2026-10-05T03:59:00.32626Z,KXNEAR15M-26OCT050000-00,0.0160,1.00,no
2026-10-05T03:59:00.32626Z,KXNEAR15M-26OCT050000-00,0.0170,1.00,no
2026-10-05T03:59:00.806773Z,KXNEAR15M-26OCT050000-00,0.0180,1.00,no
2026-10-05T03:59:00.806773Z,KXNEAR15M-26OCT050000-00,0.0170,4.00,no
2026-10-05T03:59:00.806773Z,KXNEAR15M-26OCT050000-00,0.0160,37.00,no
2026-10-05T03:59:00.806773Z,KXNEAR15M-26OCT050000-00,0.0180,4.00,no
2026-10-05T03:59:00.806773Z,KXNEAR15M-26OCT050000-00,0.0170,4.00,no
2026-10-05T03:59:00.872333Z,KXNEAR15M-26OCT050000-00,0.0420,52.00,yes
2026-10-05T03:59:00.872333Z,KXNEAR15M-26OCT050000-00,0.0520,5.56,yes
2026-10-05T03:59:00.872333Z,KXNEAR15M-26OCT050000-00,0.0490,14.00,yes
2026-10-05T03:59:00.872333Z,KXNEAR15M-26OCT050000-00,0.0200,1.04,yes
2026-10-05T03:59:00.872333Z,KXNEAR15M-26OCT050000-00,0.0410,5.00,yes
2026-10-05T03:59:01.106778Z,KXNEAR15M-26OCT050000-00,0.0160,64.00,no
2026-10-05T03:59:01.106778Z,KXNEAR15M-26OCT050000-00,0.0150,27.00,no
2026-10-05T03:59:01.106778Z,KXNEAR15M-26OCT050000-00,0.0160,3.00,no
2026-10-05T03:59:01.209169Z,KXNEAR15M-26OCT050000-00,0.0180,43.00,yes
2026-10-05T03:59:01.914434Z,KXNEAR15M-26OCT050000-00,0.0190,0.08,yes
2026-10-05T03:59:02.070927Z,KXNEAR15M-26OCT050000-00,0.0190,34.92,no
2026-10-05T03:59:02.070927Z,KXNEAR15M-26OCT050000-00,0.0190,104.00,no
2026-10-05T03:59:02.070927Z,KXNEAR15M-26OCT050000-00,0.0180,103.08,no
2026-10-05T03:59:02.213067Z,KXNEAR15M-26OCT050000-00,0.0200,0.35,yes
2026-10-05T03:59:02.213067Z,KXNEAR15M-26OCT050000-00,0.0410,2.98,yes
2026-10-05T03:59:02.213067Z,KXNEAR15M-26OCT050000-00,0.0300,0.20,yes
2026-10-05T03:59:02.213067Z,KXNEAR15M-26OCT050000-00,0.0290,0.18,yes
2026-10-05T03:59:02.213067Z,KXNEAR15M-26OCT050000-00,0.0230,0.10,yes
2026-10-05T03:59:02.213067Z,KXNEAR15M-26OCT050000-00,0.0200,0.08,yes
2026-10-05T03:59:02.213067Z,KXNEAR15M-26OCT050000-00,0.0240,0.11,yes
2026-10-05T03:59:02.213067Z,KXNEAR15M-26OCT050000-00,0.0280,0.17,yes
2026-10-05T03:59:02.213067Z,KXNEAR15M-26OCT050000-00,0.0260,0.14,yes
2026-10-05T03:59:02.213067Z,KXNEAR15M-26OCT050000-00,0.0250,0.13,yes
2026-10-05T03:59:02.213067Z,KXNEAR15M-26OCT050000-00,0.0220,0.09,yes
2026-10-05T03:59:02.213067Z,KXNEAR15M-26OCT050000-00,0.0210,0.08,yes
2026-10-05T03:59:02.213067Z,KXNEAR15M-26OCT050000-00,0.0270,0.15,yes
2026-10-05T03:59:02.213067Z,KXNEAR15M-26OCT050000-00,0.0320,0.24,yes
2026-10-05T03:59:02.636229Z,KXNEAR15M-26OCT050000-00,0.0190,40.00,yes
2026-10-05T03:59:02.73962Z,KXNEAR15M-26OCT050000-00,0.0160,3.00,no
2026-10-05T03:59:02.73962Z,KXNEAR15M-26OCT050000-00,0.0160,1.75,no
2026-10-05T03:59:02.908562Z,KXNEAR15M-26OCT050000-00,0.0270,0.13,yes
2026-10-05T03:59:03.023825Z,KXNEAR15M-26OCT050000-00,0.0260,52.00,yes
2026-10-05T03:59:03.023825Z,KXNEAR15M-26OCT050000-00,0.0260,8.00,yes
2026-10-05T03:59:03.023825Z,KXNEAR15M-26OCT050000-00,0.0270,48.87,yes
2026-10-05T03:59:03.023825Z,KXNEAR15M-26OCT050000-00,0.0270,39.00,yes
2026-10-05T03:59:03.15078Z,KXNEAR15M-26OCT050000-00,0.0140,2.43,no
2026-10-05T03:59:03.15078Z,KXNEAR15M-26OCT050000-00,0.0190,5.66,no
2026-10-05T03:59:03.493738Z,KXNEAR15M-26OCT050000-00,0.0270,13.00,yes
2026-10-05T03:59:03.493738Z,KXNEAR15M-26OCT050000-00,0.0280,0.08,yes
2026-10-05T03:59:03.493738Z,KXNEAR15M-26OCT050000-00,0.0290,0.08,yes
2026-10-05T03:59:03.493738Z,KXNEAR15M-26OCT050000-00,0.0270,0.08,yes
2026-10-05T03:59:03.493738Z,KXNEAR15M-26OCT050000-00,0.0270,39.00,yes
2026-10-05T03:59:03.493738Z,KXNEAR15M-26OCT050000-00,0.0290,10.86,yes
2026-10-05T03:59:03.594419Z,KXNEAR15M-26OCT050000-00,0.0290,35.69,yes
2026-10-05T03:59:04.040766Z,KXNEAR15M-26OCT050000-00,0.0160,3.00,no
2026-10-05T03:59:04.040766Z,KXNEAR15M-26OCT050000-00,0.0150,104.00,no
2026-10-05T03:59:04.040766Z,KXNEAR15M-26OCT050000-00,0.0180,0.24,no
2026-10-05T03:59:04.134957Z,KXNEAR15M-26OCT050000-00,0.0140,7.44,no
2026-10-05T03:59:04.765232Z,KXNEAR15M-26OCT050000-00,0.0110,1.00,no
2026-10-05T03:59:04.765232Z,KXNEAR15M-26OCT050000-00,0.0110,59.00,no
2026-10-05T03:59:04.770839Z,KXNEAR15M-26OCT050000-00,0.0210,2.09,yes
2026-10-05T03:59:05.069228Z,KXNEAR15M-26OCT050000-00,0.0110,0.03,no
2026-10-05T03:59:05.11961Z,KXNEAR15M-26OCT050000-00,0.0110,1.00,no
2026-10-05T03:59:05.227038Z,KXNEAR15M-26OCT050000-00,0.0110,3.00,no
2026-10-05T03:59:05.523842Z,KXNEAR15M-26OCT050000-00,0.0210,1.00,yes
2026-10-05T03:59:05.643146Z,KXNEAR15M-26OCT050000-00,0.0300,0.09,yes
2026-10-05T03:59:05.643146Z,KXNEAR15M-26OCT050000-00,0.0300,20.57,yes
2026-10-05T03:59:05.643146Z,KXNEAR15M-26OCT050000-00,0.0270,0.08,yes
2026-10-05T03:59:05.643146Z,KXNEAR15M-26OCT050000-00,0.0260,0.08,yes
2026-10-05T03:59:05.643146Z,KXNEAR15M-26OCT050000-00,0.0280,0.09,yes
2026-10-05T03:59:05.643146Z,KXNEAR15M-26OCT050000-00,0.0290,0.10,yes
2026-10-05T03:59:05.643146Z,KXNEAR15M-26OCT050000-00,0.0220,28.00,yes
2026-10-05T03:59:05.643146Z,KXNEAR15M-26OCT050000-00,0.0210,0.08,yes
2026-10-05T03:59:05.643146Z,KXNEAR15M-26OCT050000-00,0.0230,32.00,yes
2026-10-05T03:59:05.643146Z,KXNEAR15M-26OCT050000-00,0.0230,52.00,yes
2026-10-05T03:59:05.643146Z,KXNEAR15M-26OCT050000-00,0.0220,0.08,yes
2026-10-05T03:59:05.643146Z,KXNEAR15M-26OCT050000-00,0.0250,0.08,yes
2026-10-05T03:59:05.643146Z,KXNEAR15M-26OCT050000-00,0.0230,0.08,yes
2026-10-05T03:59:05.643146Z,KXNEAR15M-26OCT050000-00,0.0260,0.01,yes
2026-10-05T03:59:05.643146Z,KXNEAR15M-26OCT050000-00,0.0240,0.08,yes
2026-10-05T03:59:05.643146Z,KXNEAR15M-26OCT050000-00,0.0210,48.91,yes
2026-10-05T03:59:05.643146Z,KXNEAR15M-26OCT050000-00,0.0210,20.00,yes
2026-10-05T03:59:05.706753Z,KXNEAR15M-26OCT050000-00,0.0220,3.98,yes
2026-10-05T03:59:05.750337Z,KXNEAR15M-26OCT050000-00,0.0220,1.00,yes
2026-10-05T03:59:06.049825Z,KXNEAR15M-26OCT050000-00,0.0110,26.71,no
2026-10-05T03:59:06.049825Z,KXNEAR15M-26OCT050000-00,0.0150,0.08,no
2026-10-05T03:59:06.049825Z,KXNEAR15M-26OCT050000-00,0.0210,5.00,no
2026-10-05T03:59:06.049825Z,KXNEAR15M-26OCT050000-00,0.0120,4.00,no
2026-10-05T03:59:06.057179Z,KXNEAR15M-26OCT050000-00,0.0220,1.00,yes
2026-10-05T03:59:06.07534Z,KXNEAR15M-26OCT050000-00,0.0440,3.00,yes
2026-10-05T03:59:06.07534Z,KXNEAR15M-26OCT050000-00,0.0490,6.00,yes
2026-10-05T03:59:06.07534Z,KXNEAR15M-26OCT050000-00,0.0590,2.08,yes
2026-10-05T03:59:06.07534Z,KXNEAR15M-26OCT050000-00,0.0530,0.89,yes
2026-10-05T03:59:06.07534Z,KXNEAR15M-26OCT050000-00,0.0570,1.42,yes
2026-10-05T03:59:06.07534Z,KXNEAR15M-26OCT050000-00,0.0560,1.18,yes
2026-10-05T03:59:06.07534Z,KXNEAR15M-26OCT050000-00,0.0540,0.97,yes
2026-10-05T03:59:06.07534Z,KXNEAR15M-26OCT050000-00,0.0600,2.28,yes
2026-10-05T03:59:06.07534Z,KXNEAR15M-26OCT050000-00,0.0550,1.07,yes
2026-10-05T03:59:06.07534Z,KXNEAR15M-26OCT050000-00,0.0580,1.42,yes
2026-10-05T03:59:06.07534Z,KXNEAR15M-26OCT050000-00,0.0220,20.00,yes
2026-10-05T03:59:06.07534Z,KXNEAR15M-26OCT050000-00,0.0290,1.00,yes
2026-10-05T03:59:06.07534Z,KXNEAR15M-26OCT050000-00,0.0220,0.08,yes
2026-10-05T03:59:06.07534Z,KXNEAR15M-26OCT050000-00,0.0230,52.00,yes
2026-10-05T03:59:06.07534Z,KXNEAR15M-26OCT050000-00,0.0220,46.02,yes
2026-10-05T03:59:06.07534Z,KXNEAR15M-26OCT050000-00,0.0230,0.08,yes
2026-10-05T03:59:06.07534Z,KXNEAR15M-26OCT050000-00,0.0240,0.09,yes
2026-10-05T03:59:06.07534Z,KXNEAR15M-26OCT050000-00,0.0500,52.00,yes
2026-10-05T03:59:06.07534Z,KXNEAR15M-26OCT050000-00,0.0250,0.10,yes
2026-10-05T03:59:06.07534Z,KXNEAR15M-26OCT050000-00,0.0480,0.08,yes
2026-10-05T03:59:06.07534Z,KXNEAR15M-26OCT050000-00,0.0500,0.09,yes
2026-10-05T03:59:06.07534Z,KXNEAR15M-26OCT050000-00,0.0420,1.00,yes
2026-10-05T03:59:06.07534Z,KXNEAR15M-26OCT050000-00,0.0490,0.08,yes
2026-10-05T03:59:06.07534Z,KXNEAR15M-26OCT050000-00,0.0650,1.00,yes
2026-10-05T03:59:06.07534Z,KXNEAR15M-26OCT050000-00,0.0300,29.43,yes
2026-10-05T03:59:06.07534Z,KXNEAR15M-26OCT050000-00,0.0340,0.26,yes
2026-10-05T03:59:06.07534Z,KXNEAR15M-26OCT050000-00,0.0310,0.10,yes
2026-10-05T03:59:06.07534Z,KXNEAR15M-26OCT050000-00,0.0370,0.17,yes
2026-10-05T03:59:06.07534Z,KXNEAR15M-26OCT050000-00,0.0500,25.00,yes
2026-10-05T03:59:06.07534Z,KXNEAR15M-26OCT050000-00,0.0360,0.15,yes
2026-10-05T03:59:06.07534Z,KXNEAR15M-26OCT050000-00,0.0350,0.14,yes
2026-10-05T03:59:06.07534Z,KXNEAR15M-26OCT050000-00,0.0410,0.08,yes
2026-10-05T03:59:06.07534Z,KXNEAR15M-26OCT050000-00,0.0320,0.11,yes
2026-10-05T03:59:06.07534Z,KXNEAR15M-26OCT050000-00,0.0330,0.24,yes
2026-10-05T03:59:06.07534Z,KXNEAR15M-26OCT050000-00,0.0390,0.22,yes
2026-10-05T03:59:06.07534Z,KXNEAR15M-26OCT050000-00,0.0400,0.24,yes
2026-10-05T03:59:06.07534Z,KXNEAR15M-26OCT050000-00,0.0380,0.20,yes
2026-10-05T03:59:06.07534Z,KXNEAR15M-26OCT050000-00,0.0420,0.29,yes
2026-10-05T03:59:06.07534Z,KXNEAR15M-26OCT050000-00,0.0450,0.38,yes
2026-10-05T03:59:06.07534Z,KXNEAR15M-26OCT050000-00,0.0430,0.32,yes
2026-10-05T03:59:06.07534Z,KXNEAR15M-26OCT050000-00,0.0460,0.42,yes
2026-10-05T03:59:06.07534Z,KXNEAR15M-26OCT050000-00,0.0520,0.81,yes
2026-10-05T03:59:06.07534Z,KXNEAR15M-26OCT050000-00,0.0640,100.00,yes
2026-10-05T03:59:06.07534Z,KXNEAR15M-26OCT050000-00,0.0470,0.51,yes
2026-10-05T03:59:06.07534Z,KXNEAR15M-26OCT050000-00,0.0510,0.74,yes
2026-10-05T03:59:06.07534Z,KXNEAR15M-26OCT050000-00,0.0440,0.35,yes
2026-10-05T03:59:06.07534Z,KXNEAR15M-26OCT050000-00,0.0800,11.80,yes
2026-10-05T03:59:06.190942Z,KXNEAR15M-26OCT050000-00,0.0170,5.00,yes
2026-10-05T03:59:06.330558Z,KXNEAR15M-26OCT050000-00,0.0110,1.24,no
2026-10-05T03:59:06.330558Z,KXNEAR15M-26OCT050000-00,0.0120,4.00,no
2026-10-05T03:59:06.330558Z,KXNEAR15M-26OCT050000-00,0.0160,0.76,no
2026-10-05T03:59:06.508821Z,KXNEAR15M-26OCT050000-00,0.0170,6.00,yes
2026-10-05T03:59:06.515511Z,KXNEAR15M-26OCT050000-00,0.0170,1.00,yes
2026-10-05T03:59:07.057042Z,KXNEAR15M-26OCT050000-00,0.0160,2.00,no
2026-10-05T03:59:07.301228Z,KXNEAR15M-26OCT050000-00,0.0170,2.46,yes
2026-10-05T03:59:07.301228Z,KXNEAR15M-26OCT050000-00,0.0470,5.98,yes
2026-10-05T03:59:07.301228Z,KXNEAR15M-26OCT050000-00,0.0170,13.00,yes
2026-10-05T03:59:08.070599Z,KXNEAR15M-26OCT050000-00,0.0190,31.00,no
2026-10-05T03:59:08.070599Z,KXNEAR15M-26OCT050000-00,0.0210,104.00,no
2026-10-05T03:59:08.070599Z,KXNEAR15M-26OCT050000-00,0.0200,3.00,no
2026-10-05T03:59:08.070599Z,KXNEAR15M-26OCT050000-00,0.0210,5.00,no
2026-10-05T03:59:08.365698Z,KXNEAR15M-26OCT050000-00,0.0160,59.21,no
2026-10-05T03:59:08.365698Z,KXNEAR15M-26OCT050000-00,0.0170,104.00,no
2026-10-05T03:59:08.365698Z,KXNEAR15M-26OCT050000-00,0.0170,8.00,no
2026-10-05T03:59:08.365698Z,KXNEAR15M-26OCT050000-00,0.0160,15.64,no
2026-10-05T03:59:09.081274Z,KXNEAR15M-26OCT050000-00,0.0160,0.08,yes
2026-10-05T03:59:09.081274Z,KXNEAR15M-26OCT050000-00,0.0170,0.92,yes
2026-10-05T03:59:09.223719Z,KXNEAR15M-26OCT050000-00,0.0120,1.00,no
2026-10-05T03:59:09.36589Z,KXNEAR15M-26OCT050000-00,0.0130,90.85,no
2026-10-05T03:59:09.561232Z,KXNEAR15M-26OCT050000-00,0.0170,2.38,yes
2026-10-05T03:59:09.561232Z,KXNEAR15M-26OCT050000-00,0.0170,1.54,yes
2026-10-05T03:59:09.561232Z,KXNEAR15M-26OCT050000-00,0.0170,0.08,yes
2026-10-05T03:59:09.568053Z,KXNEAR15M-26OCT050000-00,0.0170,1.00,yes
2026-10-05T03:59:09.666176Z,KXNEAR15M-26OCT050000-00,0.0170,12.58,yes
2026-10-05T03:59:10.743474Z,KXNEAR15M-26OCT050000-00,0.0300,0.24,yes
2026-10-05T03:59:10.743474Z,KXNEAR15M-26OCT050000-00,0.0320,0.29,yes
2026-10-05T03:59:10.743474Z,KXNEAR15M-26OCT050000-00,0.0270,0.18,yes
2026-10-05T03:59:10.743474Z,KXNEAR15M-26OCT050000-00,0.0240,0.15,yes
2026-10-05T03:59:10.743474Z,KXNEAR15M-26OCT050000-00,0.0230,0.14,yes
2026-10-05T03:59:10.743474Z,KXNEAR15M-26OCT050000-00,0.0170,0.08,yes
2026-10-05T03:59:10.743474Z,KXNEAR15M-26OCT050000-00,0.0280,0.20,yes
2026-10-05T03:59:10.743474Z,KXNEAR15M-26OCT050000-00,0.0170,0.01,yes
2026-10-05T03:59:10.743474Z,KXNEAR15M-26OCT050000-00,0.0260,0.17,yes
2026-10-05T03:59:10.743474Z,KXNEAR15M-26OCT050000-00,0.0210,0.12,yes
2026-10-05T03:59:10.743474Z,KXNEAR15M-26OCT050000-00,0.0330,0.32,yes
2026-10-05T03:59:10.743474Z,KXNEAR15M-26OCT050000-00,0.0250,0.15,yes
2026-10-05T03:59:10.743474Z,KXNEAR15M-26OCT050000-00,0.0170,4.04,yes
2026-10-05T03:59:10.743474Z,KXNEAR15M-26OCT050000-00,0.0310,0.26,yes
2026-10-05T03:59:10.743474Z,KXNEAR15M-26OCT050000-00,0.0220,0.13,yes
2026-10-05T03:59:10.743474Z,KXNEAR15M-26OCT050000-00,0.0290,0.22,yes
2026-10-05T03:59:10.743474Z,KXNEAR15M-26OCT050000-00,0.0390,6.00,yes
2026-10-05T03:59:10.743474Z,KXNEAR15M-26OCT050000-00,0.0200,0.11,yes
2026-10-05T03:59:10.743474Z,KXNEAR15M-26OCT050000-00,0.0180,0.08,yes
2026-10-05T03:59:10.743474Z,KXNEAR15M-26OCT050000-00,0.0370,0.08,yes
2026-10-05T03:59:10.743474Z,KXNEAR15M-26OCT050000-00,0.0190,0.09,yes
2026-10-05T03:59:10.743474Z,KXNEAR15M-26OCT050000-00,0.0420,0.12,yes
2026-10-05T03:59:10.743474Z,KXNEAR15M-26OCT050000-00,0.0380,0.08,yes
2026-10-05T03:59:10.743474Z,KXNEAR15M-26OCT050000-00,0.0400,0.08,yes
2026-10-05T03:59:10.743474Z,KXNEAR15M-26OCT050000-00,0.0410,0.09,yes
2026-10-05T03:59:10.743474Z,KXNEAR15M-26OCT050000-00,0.0390,0.08,yes
2026-10-05T03:59:10.743474Z,KXNEAR15M-26OCT050000-00,0.0400,100.00,yes
2026-10-05T03:59:10.743474Z,KXNEAR15M-26OCT050000-00,0.0440,0.89,yes
2026-10-05T03:59:10.743474Z,KXNEAR15M-26OCT050000-00,0.0350,0.38,yes
2026-10-05T03:59:10.743474Z,KXNEAR15M-26OCT050000-00,0.0340,0.35,yes
2026-10-05T03:59:10.743474Z,KXNEAR15M-26OCT050000-00,0.0430,0.81,yes
2026-10-05T03:59:10.743474Z,KXNEAR15M-26OCT050000-00,0.0450,0.16,yes
2026-10-05T03:59:10.743474Z,KXNEAR15M-26OCT050000-00,0.0360,0.42,yes
2026-10-05T03:59:11.588418Z,KXNEAR15M-26OCT050000-00,0.0230,6.00,no
2026-10-05T03:59:12.126521Z,KXNEAR15M-26OCT050000-00,0.0250,3.23,yes
2026-10-05T03:59:12.143651Z,KXNEAR15M-26OCT050000-00,0.0420,2.00,yes
2026-10-05T03:59:12.143651Z,KXNEAR15M-26OCT050000-00,0.0250,48.77,yes
2026-10-05T03:59:12.143651Z,KXNEAR15M-26OCT050000-00,0.0260,52.00,yes
2026-10-05T03:59:12.143651Z,KXNEAR15M-26OCT050000-00,0.0320,0.12,yes
2026-10-05T03:59:12.143651Z,KXNEAR15M-26OCT050000-00,0.0260,17.00,yes
2026-10-05T03:59:12.143651Z,KXNEAR15M-26OCT050000-00,0.0330,0.13,yes
2026-10-05T03:59:12.143651Z,KXNEAR15M-26OCT050000-00,0.0350,0.08,yes
2026-10-05T03:59:12.143651Z,KXNEAR15M-26OCT050000-00,0.0370,10.27,yes
2026-10-05T03:59:12.143651Z,KXNEAR15M-26OCT050000-00,0.0360,0.08,yes
2026-10-05T03:59:12.143651Z,KXNEAR15M-26OCT050000-00,0.0430,0.15,yes
2026-10-05T03:59:12.143651Z,KXNEAR15M-26OCT050000-00,0.0270,0.08,yes
2026-10-05T03:59:12.143651Z,KXNEAR15M-26OCT050000-00,0.0280,0.08,yes
2026-10-05T03:59:12.143651Z,KXNEAR15M-26OCT050000-00,0.0310,0.09,yes
2026-10-05T03:59:12.143651Z,KXNEAR15M-26OCT050000-00,0.0400,0.12,yes
2026-10-05T03:59:12.143651Z,KXNEAR15M-26OCT050000-00,0.0410,0.13,yes
2026-10-05T03:59:12.143651Z,KXNEAR15M-26OCT050000-00,0.0440,0.17,yes
2026-10-05T03:59:12.143651Z,KXNEAR15M-26OCT050000-00,0.0420,0.14,yes
2026-10-05T03:59:12.143651Z,KXNEAR15M-26OCT050000-00,0.0390,0.11,yes
2026-10-05T03:59:12.143651Z,KXNEAR15M-26OCT050000-00,0.0300,0.08,yes
2026-10-05T03:59:12.143651Z,KXNEAR15M-26OCT050000-00,0.0370,0.09,yes
2026-10-05T03:59:12.143651Z,KXNEAR15M-26OCT050000-00,0.0290,0.08,yes
2026-10-05T03:59:12.143651Z,KXNEAR15M-26OCT050000-00,0.0380,0.10,yes
2026-10-05T03:59:12.143651Z,KXNEAR15M-26OCT050000-00,0.0460,0.59,yes
2026-10-05T03:59:12.143651Z,KXNEAR15M-26OCT050000-00,0.0450,0.81,yes
2026-10-05T03:59:12.33942Z,KXNEAR15M-26OCT050000-00,0.0230,0.63,no
2026-10-05T03:59:12.500465Z,KXNEAR15M-26OCT050000-00,0.0320,18.68,yes
2026-10-05T03:59:12.695374Z,KXNEAR15M-26OCT050000-00,0.0290,3.00,no
2026-10-05T03:59:12.703137Z,KXNEAR15M-26OCT050000-00,0.0290,0.23,no
2026-10-05T03:59:14.479719Z,KXNEAR15M-26OCT050000-00,0.0170,4.00,no
2026-10-05T03:59:14.479719Z,KXNEAR15M-26OCT050000-00,0.0160,1.00,no
2026-10-05T03:59:15.466327Z,KXNEAR15M-26OCT050000-00,0.0460,0.01,yes
2026-10-05T03:59:15.466327Z,KXNEAR15M-26OCT050000-00,0.0350,0.14,yes
2026-10-05T03:59:15.466327Z,KXNEAR15M-26OCT050000-00,0.0310,0.10,yes
2026-10-05T03:59:15.466327Z,KXNEAR15M-26OCT050000-00,0.0260,0.08,yes
2026-10-05T03:59:15.466327Z,KXNEAR15M-26OCT050000-00,0.0370,0.20,yes
2026-10-05T03:59:15.466327Z,KXNEAR15M-26OCT050000-00,0.0330,0.12,yes
2026-10-05T03:59:15.466327Z,KXNEAR15M-26OCT050000-00,0.0380,0.22,yes
2026-10-05T03:59:15.466327Z,KXNEAR15M-26OCT050000-00,0.0300,0.08,yes
2026-10-05T03:59:15.466327Z,KXNEAR15M-26OCT050000-00,0.0290,0.08,yes
2026-10-05T03:59:15.466327Z,KXNEAR15M-26OCT050000-00,0.0270,0.08,yes
2026-10-05T03:59:15.466327Z,KXNEAR15M-26OCT050000-00,0.0400,0.08,yes
2026-10-05T03:59:15.466327Z,KXNEAR15M-26OCT050000-00,0.0280,0.08,yes
2026-10-05T03:59:15.466327Z,KXNEAR15M-26OCT050000-00,0.0320,20.00,yes
2026-10-05T03:59:15.466327Z,KXNEAR15M-26OCT050000-00,0.0340,0.13,yes
2026-10-05T03:59:15.466327Z,KXNEAR15M-26OCT050000-00,0.0320,0.11,yes
2026-10-05T03:59:15.466327Z,KXNEAR15M-26OCT050000-00,0.0360,0.18,yes
2026-10-05T03:59:15.466327Z,KXNEAR15M-26OCT050000-00,0.0410,0.08,yes
2026-10-05T03:59:15.466327Z,KXNEAR15M-26OCT050000-00,0.0440,0.10,yes
2026-10-05T03:59:15.466327Z,KXNEAR15M-26OCT050000-00,0.0420,0.08,yes
2026-10-05T03:59:15.466327Z,KXNEAR15M-26OCT050000-00,0.0450,0.16,yes
2026-10-05T03:59:15.466327Z,KXNEAR15M-26OCT050000-00,0.0430,0.09,yes
2026-10-05T03:59:15.466327Z,KXNEAR15M-26OCT050000-00,0.0230,3.00,yes
2026-10-05T03:59:15.466327Z,KXNEAR15M-26OCT050000-00,0.0250,0.08,yes
2026-10-05T03:59:15.466327Z,KXNEAR15M-26OCT050000-00,0.0390,0.24,yes
2026-10-05T03:59:15.466327Z,KXNEAR15M-26OCT050000-00,0.0240,0.08,yes
2026-10-05T03:59:15.466327Z,KXNEAR15M-26OCT050000-00,0.0260,0.01,yes
2026-10-05T03:59:15.824588Z,KXNEAR15M-26OCT050000-00,0.0250,0.08,no
2026-10-05T03:59:16.151684Z,KXNEAR15M-26OCT050000-00,0.0430,20.83,yes
2026-10-05T03:59:16.481679Z,KXNEAR15M-26OCT050000-00,0.0130,28.48,no
2026-10-05T03:59:16.481679Z,KXNEAR15M-26OCT050000-00,0.0250,2.52,no
2026-10-05T03:59:16.481679Z,KXNEAR15M-26OCT050000-00,0.0140,1.00,no
2026-10-05T03:59:16.481679Z,KXNEAR15M-26OCT050000-00,0.0130,1.00,no
2026-10-05T03:59:16.995254Z,KXNEAR15M-26OCT050000-00,0.0130,1.00,no
2026-10-05T03:59:16.995254Z,KXNEAR15M-26OCT050000-00,0.0130,4.00,no
2026-10-05T03:59:17.205446Z,KXNEAR15M-26OCT050000-00,0.0350,3.27,yes
2026-10-05T03:59:17.504035Z,KXNEAR15M-26OCT050000-00,0.0350,0.08,yes
2026-10-05T03:59:17.504035Z,KXNEAR15M-26OCT050000-00,0.0340,0.08,yes
2026-10-05T03:59:17.504035Z,KXNEAR15M-26OCT050000-00,0.0390,0.09,yes
2026-10-05T03:59:17.504035Z,KXNEAR15M-26OCT050000-00,0.0370,0.08,yes
2026-10-05T03:59:17.504035Z,KXNEAR15M-26OCT050000-00,0.0430,0.13,yes
2026-10-05T03:59:17.504035Z,KXNEAR15M-26OCT050000-00,0.0410,0.11,yes
2026-10-05T03:59:17.504035Z,KXNEAR15M-26OCT050000-00,0.0400,0.10,yes
2026-10-05T03:59:17.504035Z,KXNEAR15M-26OCT050000-00,0.0380,0.08,yes
2026-10-05T03:59:17.504035Z,KXNEAR15M-26OCT050000-00,0.0420,0.12,yes
2026-10-05T03:59:17.504035Z,KXNEAR15M-26OCT050000-00,0.0360,0.08,yes
2026-10-05T03:59:18.04389Z,KXNEAR15M-26OCT050000-00,0.0160,1.13,no
2026-10-05T03:59:18.04389Z,KXNEAR15M-26OCT050000-00,0.0290,0.95,no
2026-10-05T03:59:18.04389Z,KXNEAR15M-26OCT050000-00,0.0160,3.00,no
2026-10-05T03:59:18.134746Z,KXNEAR15M-26OCT050000-00,0.0180,10.12,no
2026-10-05T03:59:18.538526Z,KXNEAR15M-26OCT050000-00,0.0570,1.92,yes
2026-10-05T03:59:18.538526Z,KXNEAR15M-26OCT050000-00,0.0380,0.08,yes
2026-10-05T03:59:18.538526Z,KXNEAR15M-26OCT050000-00,0.0440,1.00,yes
2026-10-05T03:59:19.335584Z,KXNEAR15M-26OCT050000-00,0.0300,2.00,no
2026-10-05T03:59:19.383069Z,KXNEAR15M-26OCT050000-00,0.0790,8.63,yes
2026-10-05T03:59:19.549968Z,KXNEAR15M-26OCT050000-00,0.0800,46.97,yes
2026-10-05T03:59:21.176011Z,KXNEAR15M-26OCT050000-00,0.0440,1.76,yes
2026-10-05T03:59:21.294811Z,KXNEAR15M-26OCT050000-00,0.0280,0.08,no
2026-10-05T03:59:21.294811Z,KXNEAR15M-26OCT050000-00,0.0290,0.50,no
2026-10-05T03:59:21.294811Z,KXNEAR15M-26OCT050000-00,0.0200,6.66,no
2026-10-05T03:59:21.294811Z,KXNEAR15M-26OCT050000-00,0.0210,5.00,no
2026-10-05T03:59:21.360815Z,KXNEAR15M-26OCT050000-00,0.0170,10.00,no
2026-10-05T03:59:21.360815Z,KXNEAR15M-26OCT050000-00,0.0180,10.00,no
2026-10-05T03:59:21.360815Z,KXNEAR15M-26OCT050000-00,0.0190,10.00,no
2026-10-05T03:59:21.360815Z,KXNEAR15M-26OCT050000-00,0.0160,0.71,no
2026-10-05T03:59:21.360815Z,KXNEAR15M-26OCT050000-00,0.0200,3.34,no
2026-10-05T03:59:21.360815Z,KXNEAR15M-26OCT050000-00,0.0200,104.00,no
2026-10-05T03:59:21.360815Z,KXNEAR15M-26OCT050000-00,0.0180,104.00,no
2026-10-05T03:59:21.360815Z,KXNEAR15M-26OCT050000-00,0.0200,2.00,no
2026-10-05T03:59:21.561367Z,KXNEAR15M-26OCT050000-00,0.0420,27.00,yes
2026-10-05T03:59:22.377385Z,KXNEAR15M-26OCT050000-00,0.0240,1.12,no
2026-10-05T03:59:22.382739Z,KXNEAR15M-26OCT050000-00,0.0250,2.34,yes
2026-10-05T03:59:22.382739Z,KXNEAR15M-26OCT050000-00,0.0250,6.66,yes
2026-10-05T03:59:22.382739Z,KXNEAR15M-26OCT050000-00,0.0250,10.00,yes
2026-10-05T03:59:22.403897Z,KXNEAR15M-26OCT050000-00,0.0250,3.34,yes
2026-10-05T03:59:22.403897Z,KXNEAR15M-26OCT050000-00,0.0250,7.66,yes
2026-10-05T03:59:22.403994Z,KXNEAR15M-26OCT050000-00,0.0250,3.34,yes
2026-10-05T03:59:22.403994Z,KXNEAR15M-26OCT050000-00,0.0250,0.71,yes
2026-10-05T03:59:22.403994Z,KXNEAR15M-26OCT050000-00,0.0250,6.66,yes
2026-10-05T03:59:22.403994Z,KXNEAR15M-26OCT050000-00,0.0260,0.29,yes
2026-10-05T03:59:22.404011Z,KXNEAR15M-26OCT050000-00,0.0260,20.00,yes
2026-10-05T03:59:22.404036Z,KXNEAR15M-26OCT050000-00,0.0260,20.00,yes
2026-10-05T03:59:22.40405Z,KXNEAR15M-26OCT050000-00,0.0260,11.71,yes
2026-10-05T03:59:22.40405Z,KXNEAR15M-26OCT050000-00,0.0280,8.29,yes
2026-10-05T03:59:22.406897Z,KXNEAR15M-26OCT050000-00,0.0400,0.58,yes
2026-10-05T03:59:23.338823Z,KXNEAR15M-26OCT050000-00,0.0270,2.00,no
2026-10-05T03:59:23.968151Z,KXNEAR15M-26OCT050000-00,0.0290,52.00,yes
2026-10-05T03:59:23.968151Z,KXNEAR15M-26OCT050000-00,0.0300,55.79,yes
2026-10-05T03:59:23.968151Z,KXNEAR15M-26OCT050000-00,0.0270,52.00,yes
2026-10-05T03:59:24.15384Z,KXNEAR15M-26OCT050000-00,0.0240,53.11,no
2026-10-05T03:59:24.269759Z,KXNEAR15M-26OCT050000-00,0.0220,1.50,no
2026-10-05T03:59:24.374879Z,KXNEAR15M-26OCT050000-00,0.0290,31.21,yes
2026-10-05T03:59:26.155711Z,KXNEAR15M-26OCT050000-00,0.0170,20.00,no
2026-10-05T03:59:26.15577Z,KXNEAR15M-26OCT050000-00,0.0170,20.00,no
2026-10-05T03:59:26.156611Z,KXNEAR15M-26OCT050000-00,0.0160,9.29,no
2026-10-05T03:59:26.156611Z,KXNEAR15M-26OCT050000-00,0.0150,7.71,no
2026-10-05T03:59:26.156611Z,KXNEAR15M-26OCT050000-00,0.0160,3.00,no
2026-10-05T03:59:26.268929Z,KXNEAR15M-26OCT050000-00,0.0140,0.71,no
2026-10-05T03:59:26.268929Z,KXNEAR15M-26OCT050000-00,0.0150,2.29,no
2026-10-05T03:59:26.474004Z,KXNEAR15M-26OCT050000-00,0.0130,7.71,no
2026-10-05T03:59:26.474004Z,KXNEAR15M-26OCT050000-00,0.0140,9.29,no
2026-10-05T03:59:26.576566Z,KXNEAR15M-26OCT050000-00,0.0140,7.00,yes
2026-10-05T03:59:26.821875Z,KXNEAR15M-26OCT050000-00,0.0150,0.71,yes
2026-10-05T03:59:26.821875Z,KXNEAR15M-26OCT050000-00,0.0170,9.29,yes
2026-10-05T03:59:26.821875Z,KXNEAR15M-26OCT050000-00,0.0140,0.71,yes
2026-10-05T03:59:26.821875Z,KXNEAR15M-26OCT050000-00,0.0160,7.71,yes
2026-10-05T03:59:26.821875Z,KXNEAR15M-26OCT050000-00,0.0160,2.29,yes
2026-10-05T03:59:26.821875Z,KXNEAR15M-26OCT050000-00,0.0150,9.29,yes
2026-10-05T03:59:27.79021Z,KXNEAR15M-26OCT050000-00,0.0130,0.80,no
2026-10-05T03:59:27.977052Z,KXNEAR15M-26OCT050000-00,0.0130,1.01,no
2026-10-05T03:59:28.018124Z,KXNEAR15M-26OCT050000-00,0.0130,6.00,no
2026-10-05T03:59:28.018124Z,KXNEAR15M-26OCT050000-00,0.0120,2.52,no
2026-10-05T03:59:28.018124Z,KXNEAR15M-26OCT050000-00,0.0130,0.48,no
2026-10-05T03:59:28.01818Z,KXNEAR15M-26OCT050000-00,0.0120,1.52,no
2026-10-05T03:59:28.01818Z,KXNEAR15M-26OCT050000-00,0.0120,7.48,no
2026-10-05T03:59:28.459728Z,KXNEAR15M-26OCT050000-00,0.0130,7.48,yes
2026-10-05T03:59:28.459728Z,KXNEAR15M-26OCT050000-00,0.0120,10.00,yes
2026-10-05T03:59:28.459728Z,KXNEAR15M-26OCT050000-00,0.0130,2.52,yes
2026-10-05T03:59:28.645555Z,KXNEAR15M-26OCT050000-00,0.0140,0.80,yes
2026-10-05T03:59:28.645555Z,KXNEAR15M-26OCT050000-00,0.0290,7.00,yes
2026-10-05T03:59:28.645555Z,KXNEAR15M-26OCT050000-00,0.0270,1.00,yes
2026-10-05T03:59:28.645555Z,KXNEAR15M-26OCT050000-00,0.0140,0.48,yes
2026-10-05T03:59:28.645555Z,KXNEAR15M-26OCT050000-00,0.0170,1.00,yes
2026-10-05T03:59:28.645555Z,KXNEAR15M-26OCT050000-00,0.0140,1.01,yes
2026-10-05T03:59:28.645555Z,KXNEAR15M-26OCT050000-00,0.0280,1.00,yes
2026-10-05T03:59:28.645555Z,KXNEAR15M-26OCT050000-00,0.0200,0.57,yes
2026-10-05T03:59:28.674489Z,KXNEAR15M-26OCT050000-00,0.0300,52.36,yes
2026-10-05T03:59:28.802605Z,KXNEAR15M-26OCT050000-00,0.0250,25.25,no
2026-10-05T03:59:28.821415Z,KXNEAR15M-26OCT050000-00,0.0250,33.34,no
2026-10-05T03:59:28.916403Z,KXNEAR15M-26OCT050000-00,0.0290,52.00,yes
2026-10-05T03:59:28.923512Z,KXNEAR15M-26OCT050000-00,0.0300,42.43,yes
2026-10-05T03:59:28.923512Z,KXNEAR15M-26OCT050000-00,0.0300,6.85,yes
2026-10-05T03:59:29.191562Z,KXNEAR15M-26OCT050000-00,0.0560,1.00,yes
2026-10-05T03:59:29.191562Z,KXNEAR15M-26OCT050000-00,0.0560,4.00,yes
2026-10-05T03:59:29.331907Z,KXNEAR15M-26OCT050000-00,0.0550,1.00,yes
2026-10-05T03:59:29.523361Z,KXNEAR15M-26OCT050000-00,0.0550,3.00,yes
2026-10-05T03:59:30.750153Z,KXNEAR15M-26OCT050000-00,0.0430,52.00,yes
2026-10-05T03:59:30.750153Z,KXNEAR15M-26OCT050000-00,0.0430,7.00,yes
2026-10-05T03:59:30.750153Z,KXNEAR15M-26OCT050000-00,0.0440,24.00,yes
2026-10-05T03:59:30.762586Z,KXNEAR15M-26OCT050000-00,0.0430,52.00,yes
2026-10-05T03:59:30.762586Z,KXNEAR15M-26OCT050000-00,0.0440,7.00,yes
2026-10-05T03:59:30.762586Z,KXNEAR15M-26OCT050000-00,0.0450,34.00,yes
2026-10-05T03:59:30.762586Z,KXNEAR15M-26OCT050000-00,0.0430,7.00,yes
2026-10-05T03:59:30.764336Z,KXNEAR15M-26OCT050000-00,0.0480,1.00,yes
2026-10-05T03:59:30.764336Z,KXNEAR15M-26OCT050000-00,0.0670,6.00,yes
2026-10-05T03:59:30.764336Z,KXNEAR15M-26OCT050000-00,0.0450,18.00,yes
2026-10-05T03:59:30.764336Z,KXNEAR15M-26OCT050000-00,0.0680,46.00,yes
2026-10-05T03:59:30.76881Z,KXNEAR15M-26OCT050000-00,0.0790,0.50,yes
2026-10-05T03:59:30.76881Z,KXNEAR15M-26OCT050000-00,0.0680,54.00,yes
2026-10-05T03:59:30.799221Z,KXNEAR15M-26OCT050000-00,0.0800,7.00,no
2026-10-05T03:59:30.829724Z,KXNEAR15M-26OCT050000-00,0.0800,0.50,no
2026-10-05T03:59:30.829724Z,KXNEAR15M-26OCT050000-00,0.0530,1.50,no
2026-10-05T03:59:30.916616Z,KXNEAR15M-26OCT050000-00,0.0400,46.00,no
2026-10-05T03:59:30.927987Z,KXNEAR15M-26OCT050000-00,0.0400,12.00,no
2026-10-05T03:59:31.073277Z,KXNEAR15M-26OCT050000-00,0.0400,67.00,no
2026-10-05T03:59:31.740234Z,KXNEAR15M-26OCT050000-00,0.0300,9.00,no
2026-10-05T03:59:32.043751Z,KXNEAR15M-26OCT050000-00,0.0300,41.00,no
2026-10-05T03:59:32.069103Z,KXNEAR15M-26OCT050000-00,0.0300,7.00,no
2026-10-05T03:59:32.07452Z,KXNEAR15M-26OCT050000-00,0.0300,2.00,no
2026-10-05T03:59:32.195497Z,KXNEAR15M-26OCT050000-00,0.0210,5.00,no
2026-10-05T03:59:32.195497Z,KXNEAR15M-26OCT050000-00,0.0300,107.00,no
2026-10-05T03:59:32.195497Z,KXNEAR15M-26OCT050000-00,0.0200,88.00,no
2026-10-05T03:59:32.210763Z,KXNEAR15M-26OCT050000-00,0.0200,88.92,no
2026-10-05T03:59:32.528087Z,KXNEAR15M-26OCT050000-00,0.0210,17.00,no
2026-10-05T03:59:32.528087Z,KXNEAR15M-26OCT050000-00,0.0210,5.00,no
2026-10-05T03:59:32.528087Z,KXNEAR15M-26OCT050000-00,0.0200,28.00,no
2026-10-05T03:59:32.715698Z,KXNEAR15M-26OCT050000-00,0.0210,2.00,no
2026-10-05T03:59:32.715698Z,KXNEAR15M-26OCT050000-00,0.0200,104.00,no
2026-10-05T03:59:32.715698Z,KXNEAR15M-26OCT050000-00,0.0210,5.00,no
2026-10-05T03:59:32.715698Z,KXNEAR15M-26OCT050000-00,0.0200,45.08,no
2026-10-05T03:59:32.802115Z,KXNEAR15M-26OCT050000-00,0.0290,13.38,yes
2026-10-05T03:59:33.138119Z,KXNEAR15M-26OCT050000-00,0.0270,15.60,yes
2026-10-05T03:59:34.338883Z,KXNEAR15M-26OCT050000-00,0.0120,40.40,no
2026-10-05T03:59:34.345602Z,KXNEAR15M-26OCT050000-00,0.0120,40.40,no
2026-10-05T03:59:34.358607Z,KXNEAR15M-26OCT050000-00,0.0120,16.00,no
2026-10-05T03:59:35.00741Z,KXNEAR15M-26OCT050000-00,0.0110,0.98,no
2026-10-05T03:59:35.00741Z,KXNEAR15M-26OCT050000-00,0.0110,2.00,no
2026-10-05T03:59:35.00741Z,KXNEAR15M-26OCT050000-00,0.0110,2.00,no
2026-10-05T03:59:35.00741Z,KXNEAR15M-26OCT050000-00,0.0110,9.02,no
2026-10-05T03:59:35.00741Z,KXNEAR15M-26OCT050000-00,0.0110,20.00,no
2026-10-05T03:59:35.00741Z,KXNEAR15M-26OCT050000-00,0.0110,10.00,no
2026-10-05T03:59:35.051236Z,KXNEAR15M-26OCT050000-00,0.0110,0.02,no
2026-10-05T03:59:35.051236Z,KXNEAR15M-26OCT050000-00,0.0100,0.98,no
2026-10-05T03:59:35.054349Z,KXNEAR15M-26OCT050000-00,0.0100,9.02,no
2026-10-05T03:59:35.054349Z,KXNEAR15M-26OCT050000-00,0.0090,10.00,no
2026-10-05T03:59:35.054349Z,KXNEAR15M-26OCT050000-00,0.0100,8.82,no
2026-10-05T03:59:35.054349Z,KXNEAR15M-26OCT050000-00,0.0090,11.95,no
2026-10-05T03:59:35.188317Z,KXNEAR15M-26OCT050000-00,0.0060,5.00,no
2026-10-05T03:59:35.188317Z,KXNEAR15M-26OCT050000-00,0.0070,10.00,no
2026-10-05T03:59:35.188317Z,KXNEAR15M-26OCT050000-00,0.0080,10.00,no
2026-10-05T03:59:35.322882Z,KXNEAR15M-26OCT050000-00,0.0060,5.00,no
2026-10-05T03:59:35.322882Z,KXNEAR15M-26OCT050000-00,0.0060,50.00,no
2026-10-05T03:59:35.492199Z,KXNEAR15M-26OCT050000-00,0.0070,5.00,yes
2026-10-05T03:59:35.492199Z,KXNEAR15M-26OCT050000-00,0.0070,5.00,yes
2026-10-05T03:59:35.492199Z,KXNEAR15M-26OCT050000-00,0.0070,27.57,yes
2026-10-05T03:59:35.492199Z,KXNEAR15M-26OCT050000-00,0.0060,52.00,yes
2026-10-05T03:59:35.492199Z,KXNEAR15M-26OCT050000-00,0.0060,14.00,yes
2026-10-05T03:59:35.750928Z,KXNEAR15M-26OCT050000-00,0.0060,36.00,no
2026-10-05T03:59:35.778032Z,KXNEAR15M-26OCT050000-00,0.0060,20.83,no
2026-10-05T03:59:35.786538Z,KXNEAR15M-26OCT050000-00,0.0040,1.00,no
2026-10-05T03:59:35.786538Z,KXNEAR15M-26OCT050000-00,0.0040,1.00,no
2026-10-05T03:59:35.786538Z,KXNEAR15M-26OCT050000-00,0.0040,1.00,no
2026-10-05T03:59:35.786538Z,KXNEAR15M-26OCT050000-00,0.0040,1.00,no
2026-10-05T03:59:35.786538Z,KXNEAR15M-26OCT050000-00,0.0040,1.00,no
2026-10-05T03:59:35.786538Z,KXNEAR15M-26OCT050000-00,0.0050,11.00,no
2026-10-05T03:59:35.786538Z,KXNEAR15M-26OCT050000-00,0.0040,13.00,no
2026-10-05T03:59:35.786538Z,KXNEAR15M-26OCT050000-00,0.0050,10.00,no
2026-10-05T03:59:35.786538Z,KXNEAR15M-26OCT050000-00,0.0040,10.00,no
2026-10-05T03:59:35.786538Z,KXNEAR15M-26OCT050000-00,0.0060,47.17,no
2026-10-05T03:59:35.786538Z,KXNEAR15M-26OCT050000-00,0.0050,5.00,no
2026-10-05T03:59:35.786538Z,KXNEAR15M-26OCT050000-00,0.0050,104.00,no
2026-10-05T03:59:35.786538Z,KXNEAR15M-26OCT050000-00,0.0040,3.00,no
2026-10-05T03:59:36.002982Z,KXNEAR15M-26OCT050000-00,0.0180,0.19,yes
2026-10-05T03:59:36.002982Z,KXNEAR15M-26OCT050000-00,0.0110,9.02,yes
2026-10-05T03:59:36.002982Z,KXNEAR15M-26OCT050000-00,0.0120,0.12,yes
2026-10-05T03:59:36.002982Z,KXNEAR15M-26OCT050000-00,0.0200,5.00,yes
2026-10-05T03:59:36.002982Z,KXNEAR15M-26OCT050000-00,0.0090,0.01,yes
2026-10-05T03:59:36.002982Z,KXNEAR15M-26OCT050000-00,0.0040,52.00,yes
2026-10-05T03:59:36.002982Z,KXNEAR15M-26OCT050000-00,0.0100,0.16,yes
2026-10-05T03:59:36.002982Z,KXNEAR15M-26OCT050000-00,0.0190,10.00,yes
2026-10-05T03:59:36.002982Z,KXNEAR15M-26OCT050000-00,0.0060,52.00,yes
2026-10-05T03:59:36.002982Z,KXNEAR15M-26OCT050000-00,0.0040,13.00,yes
2026-10-05T03:59:36.002982Z,KXNEAR15M-26OCT050000-00,0.0050,10.00,yes
2026-10-05T03:59:36.002982Z,KXNEAR15M-26OCT050000-00,0.0200,0.23,yes
2026-10-05T03:59:36.002982Z,KXNEAR15M-26OCT050000-00,0.0210,20.22,yes
2026-10-05T03:59:36.002982Z,KXNEAR15M-26OCT050000-00,0.0090,10.00,yes
2026-10-05T03:59:36.002982Z,KXNEAR15M-26OCT050000-00,0.0190,0.21,yes
2026-10-05T03:59:36.002982Z,KXNEAR15M-26OCT050000-00,0.0110,0.98,yes
2026-10-05T03:59:36.002982Z,KXNEAR15M-26OCT050000-00,0.0060,10.00,yes
2026-10-05T03:59:36.002982Z,KXNEAR15M-26OCT050000-00,0.0070,0.12,yes
2026-10-05T03:59:36.002982Z,KXNEAR15M-26OCT050000-00,0.0090,0.12,yes
2026-10-05T03:59:36.002982Z,KXNEAR15M-26OCT050000-00,0.0070,1.00,yes
2026-10-05T03:59:36.002982Z,KXNEAR15M-26OCT050000-00,0.0080,10.00,yes
2026-10-05T03:59:36.002982Z,KXNEAR15M-26OCT050000-00,0.0100,10.00,yes
2026-10-05T03:59:36.002982Z,KXNEAR15M-26OCT050000-00,0.0110,0.12,yes
2026-10-05T03:59:36.002982Z,KXNEAR15M-26OCT050000-00,0.0080,0.12,yes
2026-10-05T03:59:36.002982Z,KXNEAR15M-26OCT050000-00,0.0130,0.12,yes
2026-10-05T03:59:36.002982Z,KXNEAR15M-26OCT050000-00,0.0150,0.13,yes
2026-10-05T03:59:36.002982Z,KXNEAR15M-26OCT050000-00,0.0160,0.16,yes
2026-10-05T03:59:36.002982Z,KXNEAR15M-26OCT050000-00,0.0140,0.12,yes
2026-10-05T03:59:36.002982Z,KXNEAR15M-26OCT050000-00,0.0200,5.00,yes
2026-10-05T03:59:36.002982Z,KXNEAR15M-26OCT050000-00,0.0170,0.17,yes
2026-10-05T03:59:36.002982Z,KXNEAR15M-26OCT050000-00,0.0120,0.01,yes
2026-10-05T03:59:36.63335Z,KXNEAR15M-26OCT050000-00,0.0040,0.36,yes
2026-10-05T03:59:36.879972Z,KXNEAR15M-26OCT050000-00,0.0030,6.91,no
2026-10-05T03:59:36.879972Z,KXNEAR15M-26OCT050000-00,0.0030,10.00,no
2026-10-05T03:59:37.01809Z,KXNEAR15M-26OCT050000-00,0.0030,2.00,no
2026-10-05T03:59:37.01809Z,KXNEAR15M-26OCT050000-00,0.0030,2.00,no
2026-10-05T03:59:37.01809Z,KXNEAR15M-26OCT050000-00,0.0030,2.00,no
2026-10-05T03:59:37.01809Z,KXNEAR15M-26OCT050000-00,0.0030,2.00,no
2026-10-05T03:59:37.01809Z,KXNEAR15M-26OCT050000-00,0.0030,2.00,no
2026-10-05T03:59:37.01809Z,KXNEAR15M-26OCT050000-00,0.0030,11.09,no
2026-10-05T03:59:37.01809Z,KXNEAR15M-26OCT050000-00,0.0030,8.00,no
2026-10-05T03:59:37.01809Z,KXNEAR15M-26OCT050000-00,0.0030,2.09,no
2026-10-05T03:59:37.52319Z,KXNEAR15M-26OCT050000-00,0.0020,5.00,no
2026-10-05T03:59:37.530698Z,KXNEAR15M-26OCT050000-00,0.0020,5.00,no
2026-10-05T03:59:37.538274Z,KXNEAR15M-26OCT050000-00,0.0020,2.00,no
2026-10-05T03:59:37.843659Z,KXNEAR15M-26OCT050000-00,0.0020,7.00,no
2026-10-05T03:59:37.849322Z,KXNEAR15M-26OCT050000-00,0.0020,5.00,no
2026-10-05T03:59:37.854785Z,KXNEAR15M-26OCT050000-00,0.0020,2.00,no
2026-10-05T03:59:38.058907Z,KXNEAR15M-26OCT050000-00,0.0020,7.00,no
2026-10-05T03:59:38.063542Z,KXNEAR15M-26OCT050000-00,0.0020,5.00,no
2026-10-05T03:59:38.067077Z,KXNEAR15M-26OCT050000-00,0.0020,5.00,no
2026-10-05T03:59:38.205829Z,KXNEAR15M-26OCT050000-00,0.0020,2.00,no
2026-10-05T03:59:38.212026Z,KXNEAR15M-26OCT050000-00,0.0020,2.00,no
2026-10-05T03:59:39.052792Z,KXNEAR15M-26OCT050000-00,0.0020,5.00,no
2026-10-05T03:59:39.057988Z,KXNEAR15M-26OCT050000-00,0.0020,2.00,no
2026-10-05T03:59:39.062675Z,KXNEAR15M-26OCT050000-00,0.0020,2.00,no
2026-10-05T03:59:39.067991Z,KXNEAR15M-26OCT050000-00,0.0020,2.00,no
2026-10-05T03:59:39.560673Z,KXNEAR15M-26OCT050000-00,0.0020,2.00,no
2026-10-05T03:59:39.804772Z,KXNEAR15M-26OCT050000-00,0.0020,19.21,no
2026-10-05T03:59:39.84006Z,KXNEAR15M-26OCT050000-00,0.0040,52.00,yes
2026-10-05T03:59:39.84006Z,KXNEAR15M-26OCT050000-00,0.0050,52.00,yes
2026-10-05T03:59:39.84006Z,KXNEAR15M-26OCT050000-00,0.0040,10.00,yes
2026-10-05T03:59:39.84006Z,KXNEAR15M-26OCT050000-00,0.0030,17.00,yes
2026-10-05T03:59:39.84006Z,KXNEAR15M-26OCT050000-00,0.0070,49.38,yes
2026-10-05T03:59:39.84006Z,KXNEAR15M-26OCT050000-00,0.0030,6.00,yes
2026-10-05T03:59:39.84006Z,KXNEAR15M-26OCT050000-00,0.0040,0.08,yes
2026-10-05T03:59:39.84006Z,KXNEAR15M-26OCT050000-00,0.0060,0.10,yes
2026-10-05T03:59:39.84006Z,KXNEAR15M-26OCT050000-00,0.0030,0.08,yes
2026-10-05T03:59:39.84006Z,KXNEAR15M-26OCT050000-00,0.0050,0.09,yes
2026-10-05T03:59:39.84006Z,KXNEAR15M-26OCT050000-00,0.0070,0.11,yes
2026-10-05T03:59:39.84006Z,KXNEAR15M-26OCT050000-00,0.0030,0.01,yes
2026-10-05T03:59:40.100127Z,KXNEAR15M-26OCT050000-00,0.0070,1.25,yes
2026-10-05T03:59:40.100127Z,KXNEAR15M-26OCT050000-00,0.0060,24.00,yes
2026-10-05T03:59:42.414658Z,KXNEAR15M-26OCT050000-00,0.0020,1.00,no
2026-10-05T03:59:42.500279Z,KXNEAR15M-26OCT050000-00,0.0020,1.00,no
2026-10-05T03:59:42.952167Z,KXNEAR15M-26OCT050000-00,0.0020,1.50,no
2026-10-05T03:59:43.089196Z,KXNEAR15M-26OCT050000-00,0.0020,3.00,no
2026-10-05T03:59:43.089196Z,KXNEAR15M-26OCT050000-00,0.0020,3.00,no
2026-10-05T03:59:43.089196Z,KXNEAR15M-26OCT050000-00,0.0020,26.00,no
2026-10-05T03:59:43.089196Z,KXNEAR15M-26OCT050000-00,0.0020,3.00,no
2026-10-05T03:59:43.089196Z,KXNEAR15M-26OCT050000-00,0.0020,3.00,no
2026-10-05T03:59:43.089196Z,KXNEAR15M-26OCT050000-00,0.0020,3.00,no
2026-10-05T03:59:43.089196Z,KXNEAR15M-26OCT050000-00,0.0020,10.00,no
2026-10-05T03:59:43.089196Z,KXNEAR15M-26OCT050000-00,0.0020,100.00,no
2026-10-05T03:59:43.089196Z,KXNEAR15M-26OCT050000-00,0.0020,117.29,no
2026-10-05T03:59:43.089196Z,KXNEAR15M-26OCT050000-00,0.0020,1.71,no
2026-10-05T03:59:43.29508Z,KXNEAR15M-26OCT050000-00,0.0010,1.00,no
2026-10-05T03:59:43.29508Z,KXNEAR15M-26OCT050000-00,0.0010,10.00,no
2026-10-05T03:59:43.29508Z,KXNEAR15M-26OCT050000-00,0.0010,300.00,no
2026-10-05T03:59:43.29508Z,KXNEAR15M-26OCT050000-00,0.0010,80.00,no
2026-10-05T03:59:43.29508Z,KXNEAR15M-26OCT050000-00,0.0010,200.00,no
2026-10-05T03:59:43.29508Z,KXNEAR15M-26OCT050000-00,0.0010,1.00,no
2026-10-05T03:59:43.29508Z,KXNEAR15M-26OCT050000-00,0.0010,1.00,no
2026-10-05T03:59:43.29508Z,KXNEAR15M-26OCT050000-00,0.0010,1.00,no
2026-10-05T03:59:43.29508Z,KXNEAR15M-26OCT050000-00,0.0010,66.29,no
2026-10-05T03:59:43.29508Z,KXNEAR15M-26OCT050000-00,0.0010,1.71,no
2026-10-05T03:59:53.596474Z,KXNEAR15M-26OCT050000-00,0.0010,5.00,yes
2026-10-05T03:59:54.655605Z,KXNEAR15M-26OCT050000-00,0.0010,12.24,yes
2026-10-05T04:12:20.059682Z,KXGOLD15M-26OCT050015-15,0.0180,0.25,yes
2026-10-05T04:12:20.814442Z,KXGOLD15M-26OCT050015-15,0.0120,2.82,no
2026-10-05T04:12:21.043799Z,KXGOLD15M-26OCT050015-15,0.0170,51.98,yes
2026-10-05T04:12:21.752312Z,KXGOLD15M-26OCT050015-15,0.0180,51.98,yes
2026-10-05T04:12:22.01162Z,KXGOLD15M-26OCT050015-15,0.0180,25.99,yes
2026-10-05T04:12:22.122357Z,KXGOLD15M-26OCT050015-15,0.0120,100.38,no
2026-10-05T04:12:22.122357Z,KXGOLD15M-26OCT050015-15,0.0120,24.13,no
2026-10-05T04:12:22.656965Z,KXGOLD15M-26OCT050015-15,0.0180,103.96,yes
2026-10-05T04:12:22.960645Z,KXGOLD15M-26OCT050015-15,0.0120,66.38,no
2026-10-05T04:12:22.960645Z,KXGOLD15M-26OCT050015-15,0.0120,2.82,no
2026-10-05T04:12:22.960645Z,KXGOLD15M-26OCT050015-15,0.0120,6.80,no
2026-10-05T04:12:22.960645Z,KXGOLD15M-26OCT050015-15,0.0120,5.00,no
2026-10-05T04:12:22.960645Z,KXGOLD15M-26OCT050015-15,0.0120,139.00,no
2026-10-05T04:12:23.13372Z,KXGOLD15M-26OCT050015-15,0.0170,14.98,yes
2026-10-05T04:12:23.13372Z,KXGOLD15M-26OCT050015-15,0.0160,37.00,yes
2026-10-05T04:12:23.321137Z,KXGOLD15M-26OCT050015-15,0.0170,51.98,yes
2026-10-05T04:12:23.436193Z,KXGOLD15M-26OCT050015-15,0.0170,25.99,yes
2026-10-05T04:12:23.853099Z,KXGOLD15M-26OCT050015-15,0.0170,15.01,yes
2026-10-05T04:12:23.853099Z,KXGOLD15M-26OCT050015-15,0.0180,196.04,yes
2026-10-05T04:12:23.853099Z,KXGOLD15M-26OCT050015-15,0.0190,46.29,yes
2026-10-05T04:12:23.894841Z,KXGOLD15M-26OCT050015-15,0.0120,5.00,no
2026-10-05T04:12:23.894841Z,KXGOLD15M-26OCT050015-15,0.0120,26.00,no
2026-10-05T04:12:23.895461Z,KXGOLD15M-26OCT050015-15,0.0120,15.69,no
2026-10-05T04:12:24.170848Z,KXGOLD15M-26OCT050015-15,0.0120,114.00,no
2026-10-05T04:12:24.170848Z,KXGOLD15M-26OCT050015-15,0.0120,19.94,no
2026-10-05T04:12:24.170848Z,KXGOLD15M-26OCT050015-15,0.0120,68.31,no
2026-10-05T04:12:24.537112Z,KXGOLD15M-26OCT050015-15,0.0180,92.00,yes
2026-10-05T04:12:24.537112Z,KXGOLD15M-26OCT050015-15,0.0190,11.03,yes
2026-10-05T04:12:24.807052Z,KXGOLD15M-26OCT050015-15,0.0170,35.00,yes
2026-10-05T04:12:24.807052Z,KXGOLD15M-26OCT050015-15,0.0190,17.43,yes
2026-10-05T04:12:25.372562Z,KXGOLD15M-26OCT050015-15,0.0160,51.98,yes
2026-10-05T04:12:25.445118Z,KXGOLD15M-26OCT050015-15,0.0180,49.25,yes
2026-10-05T04:12:25.894583Z,KXGOLD15M-26OCT050015-15,0.0180,40.00,yes
2026-10-05T04:12:25.894583Z,KXGOLD15M-26OCT050015-15,0.0190,300.00,yes
2026-10-05T04:12:25.894583Z,KXGOLD15M-26OCT050015-15,0.0200,114.16,yes
2026-10-05T04:12:25.894583Z,KXGOLD15M-26OCT050015-15,0.0190,25.25,yes
2026-10-05T04:12:26.763196Z,KXGOLD15M-26OCT050015-15,0.0200,38.36,yes
2026-10-05T04:12:26.763196Z,KXGOLD15M-26OCT050015-15,0.0190,58.00,yes
2026-10-05T04:12:27.559368Z,KXGOLD15M-26OCT050015-15,0.0180,7.42,yes
2026-10-05T04:12:27.559368Z,KXGOLD15M-26OCT050015-15,0.0170,41.00,yes
2026-10-05T04:12:28.381479Z,KXGOLD15M-26OCT050015-15,0.0200,20.48,yes
2026-10-05T04:12:28.381479Z,KXGOLD15M-26OCT050015-15,0.0200,34.73,yes
2026-10-05T04:12:28.381479Z,KXGOLD15M-26OCT050015-15,0.0190,40.00,yes
2026-10-05T04:12:28.501483Z,KXGOLD15M-26OCT050015-15,0.0150,96.00,no
2026-10-05T04:12:28.501483Z,KXGOLD15M-26OCT050015-15,0.0140,5.00,no
2026-10-05T04:12:28.501483Z,KXGOLD15M-26OCT050015-15,0.0150,68.00,no
2026-10-05T04:12:28.501483Z,KXGOLD15M-26OCT050015-15,0.0150,34.73,no
2026-10-05T04:12:28.511686Z,KXGOLD15M-26OCT050015-15,0.0130,15.00,no
2026-10-05T04:12:28.581294Z,KXGOLD15M-26OCT050015-15,0.0140,5.00,no
2026-10-05T04:12:28.581294Z,KXGOLD15M-26OCT050015-15,0.0140,100.00,no
2026-10-05T04:12:28.640961Z,KXGOLD15M-26OCT050015-15,0.0140,5.00,no
2026-10-05T04:12:28.640961Z,KXGOLD15M-26OCT050015-15,0.0140,100.00,no
2026-10-05T04:12:28.640961Z,KXGOLD15M-26OCT050015-15,0.0140,90.00,no
2026-10-05T04:12:28.664519Z,KXGOLD15M-26OCT050015-15,0.0130,1.00,no
2026-10-05T04:12:28.664519Z,KXGOLD15M-26OCT050015-15,0.0120,88.49,no
2026-10-05T04:12:28.664519Z,KXGOLD15M-26OCT050015-15,0.0140,100.00,no
2026-10-05T04:12:29.036883Z,KXGOLD15M-26OCT050015-15,0.0200,2.58,yes
2026-10-05T04:12:29.036883Z,KXGOLD15M-26OCT050015-15,0.0190,15.00,yes
2026-10-05T04:12:29.036883Z,KXGOLD15M-26OCT050015-15,0.0190,76.00,yes
2026-10-05T04:12:29.247072Z,KXGOLD15M-26OCT050015-15,0.0190,36.83,yes
2026-10-05T04:12:29.247072Z,KXGOLD15M-26OCT050015-15,0.0190,53.00,yes
2026-10-05T04:12:29.267234Z,KXGOLD15M-26OCT050015-15,0.0140,99.91,no
2026-10-05T04:12:29.267234Z,KXGOLD15M-26OCT050015-15,0.0150,5.00,no
2026-10-05T04:12:29.267234Z,KXGOLD15M-26OCT050015-15,0.0140,100.00,no
2026-10-05T04:12:29.267234Z,KXGOLD15M-26OCT050015-15,0.0150,2.58,no
2026-10-05T04:12:30.023658Z,KXGOLD15M-26OCT050015-15,0.0180,37.00,yes
2026-10-05T04:12:30.023658Z,KXGOLD15M-26OCT050015-15,0.0190,22.20,yes
2026-10-05T04:12:30.30813Z,KXGOLD15M-26OCT050015-15,0.0140,15.55,no
2026-10-05T04:12:30.30813Z,KXGOLD15M-26OCT050015-15,0.0140,60.00,no
2026-10-05T04:12:30.632927Z,KXGOLD15M-26OCT050015-15,0.0190,5.08,yes
2026-10-05T04:12:30.637087Z,KXGOLD15M-26OCT050015-15,0.0200,2.69,yes
2026-10-05T04:12:30.637087Z,KXGOLD15M-26OCT050015-15,0.0200,1.00,yes
2026-10-05T04:12:30.637087Z,KXGOLD15M-26OCT050015-15,0.0200,2.00,yes
2026-10-05T04:12:30.637087Z,KXGOLD15M-26OCT050015-15,0.0200,36.97,yes
2026-10-05T04:12:30.637087Z,KXGOLD15M-26OCT050015-15,0.0190,50.92,yes
2026-10-05T04:12:30.711678Z,KXGOLD15M-26OCT050015-15,0.0130,5.00,no
2026-10-05T04:12:30.711678Z,KXGOLD15M-26OCT050015-15,0.0150,2.69,no
2026-10-05T04:12:30.711678Z,KXGOLD15M-26OCT050015-15,0.0150,96.00,no
2026-10-05T04:12:30.711678Z,KXGOLD15M-26OCT050015-15,0.0140,76.00,no
2026-10-05T04:12:30.711678Z,KXGOLD15M-26OCT050015-15,0.0110,350.00,no
2026-10-05T04:12:30.711678Z,KXGOLD15M-26OCT050015-15,0.0110,1048.00,no
2026-10-05T04:12:30.711678Z,KXGOLD15M-26OCT050015-15,0.0110,287.31,no
2026-10-05T04:12:30.711678Z,KXGOLD15M-26OCT050015-15,0.0110,1.00,no
2026-10-05T04:12:30.711678Z,KXGOLD15M-26OCT050015-15,0.0110,100.00,no
2026-10-05T04:12:30.711678Z,KXGOLD15M-26OCT050015-15,0.0110,10.00,no
2026-10-05T04:12:30.711678Z,KXGOLD15M-26OCT050015-15,0.0110,2.00,no
2026-10-05T04:12:30.711678Z,KXGOLD15M-26OCT050015-15,0.0110,20.00,no
2026-10-05T04:12:30.711678Z,KXGOLD15M-26OCT050015-15,0.0110,2.00,no
2026-10-05T04:12:31.070856Z,KXGOLD15M-26OCT050015-15,0.0130,8.20,no
2026-10-05T04:12:31.62615Z,KXGOLD15M-26OCT050015-15,0.0140,65.48,yes
2026-10-05T04:12:31.790551Z,KXGOLD15M-26OCT050015-15,0.0130,5.00,no
2026-10-05T04:12:31.790551Z,KXGOLD15M-26OCT050015-15,0.0130,85.80,no
2026-10-05T04:12:31.899318Z,KXGOLD15M-26OCT050015-15,0.0140,16.70,yes
2026-10-05T04:12:31.93048Z,KXGOLD15M-26OCT050015-15,0.0140,65.48,yes
2026-10-05T04:12:32.013106Z,KXGOLD15M-26OCT050015-15,0.0120,5.00,no
2026-10-05T04:12:32.013106Z,KXGOLD15M-26OCT050015-15,0.0120,110.00,no
2026-10-05T04:12:32.013106Z,KXGOLD15M-26OCT050015-15,0.0120,102.00,no
2026-10-05T04:12:32.02091Z,KXGOLD15M-26OCT050015-15,0.0110,841.85,no
2026-10-05T04:12:32.606981Z,KXGOLD15M-26OCT050015-15,0.0130,6.82,yes
2026-10-05T04:12:32.606981Z,KXGOLD15M-26OCT050015-15,0.0130,30.00,yes
2026-10-05T04:12:32.606981Z,KXGOLD15M-26OCT050015-15,0.0130,30.00,yes
2026-10-05T04:12:32.836449Z,KXGOLD15M-26OCT050015-15,0.0130,2.11,yes
2026-10-05T04:12:33.08009Z,KXGOLD15M-26OCT050015-15,0.0110,15.15,no
2026-10-05T04:12:33.427608Z,KXGOLD15M-26OCT050015-15,0.0140,39.00,yes
2026-10-05T04:12:33.996789Z,KXGOLD15M-26OCT050015-15,0.0110,39.91,no
2026-10-05T04:12:34.520661Z,KXGOLD15M-26OCT050015-15,0.0140,8.37,yes
2026-10-05T04:12:34.96967Z,KXGOLD15M-26OCT050015-15,0.0140,65.48,yes
2026-10-05T04:12:35.06978Z,KXGOLD15M-26OCT050015-15,0.0110,23.23,no
2026-10-05T04:12:35.125991Z,KXGOLD15M-26OCT050015-15,0.0110,3.12,no
2026-10-05T04:12:35.188073Z,KXGOLD15M-26OCT050015-15,0.0140,76.17,yes
2026-10-05T04:12:35.669839Z,KXGOLD15M-26OCT050015-15,0.0140,6.68,yes
2026-10-05T04:12:36.473704Z,KXGOLD15M-26OCT050015-15,0.0140,13.29,yes
2026-10-05T04:12:36.473704Z,KXGOLD15M-26OCT050015-15,0.0130,2.00,yes
2026-10-05T04:12:36.473704Z,KXGOLD15M-26OCT050015-15,0.0140,6.64,yes
2026-10-05T04:12:36.473704Z,KXGOLD15M-26OCT050015-15,0.0150,104.15,yes
2026-10-05T04:12:36.634528Z,KXGOLD15M-26OCT050015-15,0.0130,26.16,yes
2026-10-05T04:12:36.781338Z,KXGOLD15M-26OCT050015-15,0.0110,39.24,no
2026-10-05T04:12:36.819627Z,KXGOLD15M-26OCT050015-15,0.0130,14.84,yes
2026-10-05T04:12:37.023074Z,KXGOLD15M-26OCT050015-15,0.0150,62.43,yes
2026-10-05T04:12:37.322166Z,KXGOLD15M-26OCT050015-15,0.0110,18.55,no
2026-10-05T04:12:37.618897Z,KXGOLD15M-26OCT050015-15,0.0150,51.43,yes
2026-10-05T04:12:37.85972Z,KXGOLD15M-26OCT050015-15,0.0110,44.74,no
2026-10-05T04:12:38.234199Z,KXGOLD15M-26OCT050015-15,0.0110,10.53,no
2026-10-05T04:12:38.53421Z,KXGOLD15M-26OCT050015-15,0.0150,62.36,yes
2026-10-05T04:12:38.617644Z,KXGOLD15M-26OCT050015-15,0.0110,101.03,no
2026-10-05T04:12:38.671275Z,KXGOLD15M-26OCT050015-15,0.0110,5.78,no
2026-10-05T04:12:38.812149Z,KXGOLD15M-26OCT050015-15,0.0120,3.03,no
2026-10-05T04:12:39.067281Z,KXGOLD15M-26OCT050015-15,0.0130,9.00,yes
2026-10-05T04:12:39.093441Z,KXGOLD15M-26OCT050015-15,0.0130,391.00,yes
2026-10-05T04:12:39.093441Z,KXGOLD15M-26OCT050015-15,0.0150,107.93,yes
2026-10-05T04:12:39.130846Z,KXGOLD15M-26OCT050015-15,0.0150,62.36,yes
2026-10-05T04:12:40.29455Z,KXGOLD15M-26OCT050015-15,0.0120,25.25,no
2026-10-05T04:12:41.137564Z,KXGOLD15M-26OCT050015-15,0.0140,3.03,yes
2026-10-05T04:12:41.137564Z,KXGOLD15M-26OCT050015-15,0.0150,3.20,yes
2026-10-05T04:12:41.566808Z,KXGOLD15M-26OCT050015-15,0.0150,41.56,yes
2026-10-05T04:12:41.613709Z,KXGOLD15M-26OCT050015-15,0.0120,25.25,no
2026-10-05T04:12:41.613709Z,KXGOLD15M-26OCT050015-15,0.0120,84.75,no
2026-10-05T04:12:41.613709Z,KXGOLD15M-26OCT050015-15,0.0120,5.00,no
2026-10-05T04:12:41.622986Z,KXGOLD15M-26OCT050015-15,0.0110,200.87,no
2026-10-05T04:12:41.867413Z,KXGOLD15M-26OCT050015-15,0.0150,2.49,yes
2026-10-05T04:12:42.574869Z,KXGOLD15M-26OCT050015-15,0.0110,9.92,no
2026-10-05T04:12:42.707185Z,KXGOLD15M-26OCT050015-15,0.0150,31.18,yes
2026-10-05T04:12:43.380446Z,KXGOLD15M-26OCT050015-15,0.0150,180.86,yes
2026-10-05T04:12:44.139853Z,KXGOLD15M-26OCT050015-15,0.0150,62.36,yes
2026-10-05T04:12:44.463822Z,KXGOLD15M-26OCT050015-15,0.0110,49.46,no
2026-10-05T04:12:45.524518Z,KXGOLD15M-26OCT050015-15,0.0150,62.36,yes
2026-10-05T04:12:45.805534Z,KXGOLD15M-26OCT050015-15,0.0140,12.47,yes
2026-10-05T04:12:46.395857Z,KXGOLD15M-26OCT050015-15,0.0120,1.00,no
2026-10-05T04:12:46.395857Z,KXGOLD15M-26OCT050015-15,0.0120,5.00,no
2026-10-05T04:12:46.395857Z,KXGOLD15M-26OCT050015-15,0.0120,110.00,no
2026-10-05T04:12:46.80348Z,KXGOLD15M-26OCT050015-15,0.0130,668.17,yes
2026-10-05T04:12:46.998605Z,KXGOLD15M-26OCT050015-15,0.0110,70.47,no
2026-10-05T04:12:47.463172Z,KXGOLD15M-26OCT050015-15,0.0110,5.05,no
2026-10-05T04:12:47.733158Z,KXGOLD15M-26OCT050015-15,0.0130,63.58,yes
2026-10-05T04:12:47.831122Z,KXGOLD15M-26OCT050015-15,0.0130,38.08,yes
2026-10-05T04:12:48.010683Z,KXGOLD15M-26OCT050015-15,0.0110,200.00,no
2026-10-05T04:12:48.648973Z,KXGOLD15M-26OCT050015-15,0.0130,71.95,yes
2026-10-05T04:12:48.992102Z,KXGOLD15M-26OCT050015-15,0.0130,352.56,yes
2026-10-05T04:12:49.461184Z,KXGOLD15M-26OCT050015-15,0.0130,2.02,yes
2026-10-05T04:12:49.873972Z,KXGOLD15M-26OCT050015-15,0.0130,71.95,yes
2026-10-05T04:12:50.551353Z,KXGOLD15M-26OCT050015-15,0.0110,2.77,no
2026-10-05T04:12:50.643015Z,KXGOLD15M-26OCT050015-15,0.0110,53.93,no
2026-10-05T04:12:51.073217Z,KXGOLD15M-26OCT050015-15,0.0130,143.90,yes
2026-10-05T04:12:51.907139Z,KXGOLD15M-26OCT050015-15,0.0110,519.23,no
2026-10-05T04:12:52.366967Z,KXGOLD15M-26OCT050015-15,0.0110,17.11,no
2026-10-05T04:12:52.654507Z,KXGOLD15M-26OCT050015-15,0.0110,114.00,no
2026-10-05T04:12:53.011191Z,KXGOLD15M-26OCT050015-15,0.0110,59.34,no
2026-10-05T04:12:53.235672Z,KXGOLD15M-26OCT050015-15,0.0110,205.00,no
2026-10-05T04:12:53.326461Z,KXGOLD15M-26OCT050015-15,0.0130,50.79,yes
2026-10-05T04:12:53.550368Z,KXGOLD15M-26OCT050015-15,0.0110,1.00,no
2026-10-05T04:12:53.70263Z,KXGOLD15M-26OCT050015-15,0.0130,76.26,yes
2026-10-05T04:12:53.916213Z,KXGOLD15M-26OCT050015-15,0.0110,1.01,no
2026-10-05T04:12:54.605168Z,KXGOLD15M-26OCT050015-15,0.0110,2000.00,no
2026-10-05T04:12:54.966047Z,KXGOLD15M-26OCT050015-15,0.0110,38.00,no
2026-10-05T04:12:55.512487Z,KXGOLD15M-26OCT050015-15,0.0120,19.10,yes
2026-10-05T04:12:55.718911Z,KXGOLD15M-26OCT050015-15,0.0110,63.55,no
2026-10-05T04:12:55.727816Z,KXGOLD15M-26OCT050015-15,0.0110,1.00,no
2026-10-05T04:12:55.727816Z,KXGOLD15M-26OCT050015-15,0.0110,107.00,no
2026-10-05T04:12:55.727816Z,KXGOLD15M-26OCT050015-15,0.0110,300.00,no
2026-10-05T04:12:55.727816Z,KXGOLD15M-26OCT050015-15,0.0110,1606.44,no
2026-10-05T04:12:55.735367Z,KXGOLD15M-26OCT050015-15,0.0110,1.19,yes
2026-10-05T04:12:55.996892Z,KXGOLD15M-26OCT050015-15,0.0110,38.97,yes
2026-10-05T04:12:56.803716Z,KXGOLD15M-26OCT050015-15,0.0100,47.29,no
2026-10-05T04:12:56.970377Z,KXGOLD15M-26OCT050015-15,0.0110,86.61,yes
2026-10-05T04:12:57.470239Z,KXGOLD15M-26OCT050015-15,0.0110,85.02,yes
2026-10-05T04:12:59.189701Z,KXGOLD15M-26OCT050015-15,0.0140,40.00,yes
2026-10-05T04:12:59.189701Z,KXGOLD15M-26OCT050015-15,0.0140,101.00,yes
2026-10-05T04:12:59.189701Z,KXGOLD15M-26OCT050015-15,0.0110,1106.77,yes
2026-10-05T04:12:59.189701Z,KXGOLD15M-26OCT050015-15,0.0110,6429.00,yes
2026-10-05T04:12:59.189701Z,KXGOLD15M-26OCT050015-15,0.0130,41.00,yes
2026-10-05T04:12:59.189701Z,KXGOLD15M-26OCT050015-15,0.0110,100.00,yes
2026-10-05T04:12:59.189701Z,KXGOLD15M-26OCT050015-15,0.0150,213.33,yes
2026-10-05T04:12:59.189701Z,KXGOLD15M-26OCT050015-15,0.0150,254.42,yes
2026-10-05T04:12:59.471199Z,KXGOLD15M-26OCT050015-15,0.0100,143.00,no
2026-10-05T04:12:59.577374Z,KXGOLD15M-26OCT050015-15,0.0100,3.79,no
2026-10-05T04:12:59.577374Z,KXGOLD15M-26OCT050015-15,0.0100,109.71,no
2026-10-05T04:12:59.577374Z,KXGOLD15M-26OCT050015-15,0.0100,14.00,no
2026-10-05T04:13:00.033203Z,KXGOLD15M-26OCT050015-15,0.0100,746.21,no
2026-10-05T04:13:00.033203Z,KXGOLD15M-26OCT050015-15,0.0100,2.79,no
2026-10-05T04:13:00.033203Z,KXGOLD15M-26OCT050015-15,0.0100,1.00,no
2026-10-05T04:13:00.033356Z,KXGOLD15M-26OCT050015-15,0.0100,5.28,no
2026-10-05T04:13:00.033356Z,KXGOLD15M-26OCT050015-15,0.0100,2.00,no
2026-10-05T04:13:00.033356Z,KXGOLD15M-26OCT050015-15,0.0100,22.21,no
2026-10-05T04:13:00.033356Z,KXGOLD15M-26OCT050015-15,0.0100,200.00,no
2026-10-05T04:13:00.033356Z,KXGOLD15M-26OCT050015-15,0.0100,8.23,no
2026-10-05T04:13:00.033356Z,KXGOLD15M-26OCT050015-15,0.0100,3.34,no
2026-10-05T04:13:00.033356Z,KXGOLD15M-26OCT050015-15,0.0100,0.88,no
2026-10-05T04:13:00.033356Z,KXGOLD15M-26OCT050015-15,0.0100,17.32,no
2026-10-05T04:13:00.033356Z,KXGOLD15M-26OCT050015-15,0.0100,179.40,no
2026-10-05T04:13:00.033356Z,KXGOLD15M-26OCT050015-15,0.0100,1.00,no
2026-10-05T04:13:00.033356Z,KXGOLD15M-26OCT050015-15,0.0100,81.06,no
2026-10-05T04:13:00.033356Z,KXGOLD15M-26OCT050015-15,0.0100,13.00,no
2026-10-05T04:13:00.033356Z,KXGOLD15M-26OCT050015-15,0.0100,31.42,no
2026-10-05T04:13:00.033356Z,KXGOLD15M-26OCT050015-15,0.0100,0.23,no
2026-10-05T04:13:00.033356Z,KXGOLD15M-26OCT050015-15,0.0100,38.68,no
2026-10-05T04:13:00.033356Z,KXGOLD15M-26OCT050015-15,0.0100,1.13,no
2026-10-05T04:13:00.033356Z,KXGOLD15M-26OCT050015-15,0.0100,6.55,no
2026-10-05T04:13:00.033356Z,KXGOLD15M-26OCT050015-15,0.0100,2.32,no
2026-10-05T04:13:00.033356Z,KXGOLD15M-26OCT050015-15,0.0100,3.61,no
2026-10-05T04:13:00.033356Z,KXGOLD15M-26OCT050015-15,0.0100,5.00,no
2026-10-05T04:13:00.033356Z,KXGOLD15M-26OCT050015-15,0.0100,127.34,no
2026-10-05T04:13:00.033798Z,KXGOLD15M-26OCT050015-15,0.0100,4.95,no
2026-10-05T04:13:00.033798Z,KXGOLD15M-26OCT050015-15,0.0100,298.40,no
2026-10-05T04:13:00.033798Z,KXGOLD15M-26OCT050015-15,0.0100,108.00,no
2026-10-05T04:13:00.033798Z,KXGOLD15M-26OCT050015-15,0.0100,65.99,no
2026-10-05T04:13:00.033798Z,KXGOLD15M-26OCT050015-15,0.0100,272.66,no
2026-10-05T04:13:00.034413Z,KXGOLD15M-26OCT050015-15,0.0080,611.40,no
2026-10-05T04:13:00.034413Z,KXGOLD15M-26OCT050015-15,0.0090,131.00,no
2026-10-05T04:13:00.034413Z,KXGOLD15M-26OCT050015-15,0.0090,5.00,no
2026-10-05T04:13:00.034413Z,KXGOLD15M-26OCT050015-15,0.0100,1.60,no
2026-10-05T04:13:00.034413Z,KXGOLD15M-26OCT050015-15,0.0100,1.00,no
2026-10-05T04:13:00.034438Z,KXGOLD15M-26OCT050015-15,0.0080,388.60,no
2026-10-05T04:13:00.034438Z,KXGOLD15M-26OCT050015-15,0.0070,361.40,no
2026-10-05T04:13:00.034865Z,KXGOLD15M-26OCT050015-15,0.0070,138.60,no
2026-10-05T04:13:00.035027Z,KXGOLD15M-26OCT050015-15,0.0060,500.00,no
2026-10-05T04:13:00.063825Z,KXGOLD15M-26OCT050015-15,0.0070,611.40,yes
2026-10-05T04:13:00.063825Z,KXGOLD15M-26OCT050015-15,0.0080,565.21,yes
2026-10-05T04:13:00.25102Z,KXGOLD15M-26OCT050015-15,0.0070,2.79,no
2026-10-05T04:13:00.406655Z,KXGOLD15M-26OCT050015-15,0.0080,67.26,yes
2026-10-05T04:13:00.70374Z,KXGOLD15M-26OCT050015-15,0.0070,1.83,no
2026-10-05T04:13:00.70374Z,KXGOLD15M-26OCT050015-15,0.0070,18.34,no
2026-10-05T04:13:00.70374Z,KXGOLD15M-26OCT050015-15,0.0070,2.04,no
2026-10-05T04:13:00.800399Z,KXGOLD15M-26OCT050015-15,0.0080,116.88,yes
2026-10-05T04:13:01.284752Z,KXGOLD15M-26OCT050015-15,0.0090,102.86,yes
2026-10-05T04:13:01.284752Z,KXGOLD15M-26OCT050015-15,0.0080,0.65,yes
2026-10-05T04:13:01.600876Z,KXGOLD15M-26OCT050015-15,0.0090,647.14,yes
2026-10-05T04:13:01.600876Z,KXGOLD15M-26OCT050015-15,0.0100,750.00,yes
2026-10-05T04:13:01.600876Z,KXGOLD15M-26OCT050015-15,0.0110,746.21,yes
2026-10-05T04:13:01.600876Z,KXGOLD15M-26OCT050015-15,0.0110,35.89,yes
2026-10-05T04:13:01.600876Z,KXGOLD15M-26OCT050015-15,0.0110,3.79,yes
2026-10-05T04:13:01.600876Z,KXGOLD15M-26OCT050015-15,0.0090,100.00,yes
2026-10-05T04:13:01.635597Z,KXGOLD15M-26OCT050015-15,0.0100,400.00,no
2026-10-05T04:13:02.680262Z,KXGOLD15M-26OCT050015-15,0.0100,5.05,no
2026-10-05T04:13:03.700498Z,KXGOLD15M-26OCT050015-15,0.0110,255.41,yes
2026-10-05T04:13:03.700498Z,KXGOLD15M-26OCT050015-15,0.0110,138.60,yes
2026-10-05T04:13:03.700498Z,KXGOLD15M-26OCT050015-15,0.0110,325.51,yes
2026-10-05T04:13:04.365228Z,KXGOLD15M-26OCT050015-15,0.0110,85.02,yes
2026-10-05T04:13:04.524699Z,KXGOLD15M-26OCT050015-15,0.0110,85.02,yes
2026-10-05T04:13:04.586389Z,KXGOLD15M-26OCT050015-15,0.0100,85.44,no
2026-10-05T04:13:04.587019Z,KXGOLD15M-26OCT050015-15,0.0100,39.91,no
2026-10-05T04:13:04.587182Z,KXGOLD15M-26OCT050015-15,0.0100,70.47,no
2026-10-05T04:13:04.587195Z,KXGOLD15M-26OCT050015-15,0.0100,32.89,no
2026-10-05T04:13:04.587208Z,KXGOLD15M-26OCT050015-15,0.0100,66.24,no
2026-10-05T04:13:05.547126Z,KXGOLD15M-26OCT050015-15,0.0080,41.00,yes
2026-10-05T04:13:05.557083Z,KXGOLD15M-26OCT050015-15,0.0090,65.00,yes
2026-10-05T04:13:05.557083Z,KXGOLD15M-26OCT050015-15,0.0090,100.00,yes
2026-10-05T04:13:05.569965Z,KXGOLD15M-26OCT050015-15,0.0070,3.00,no
2026-10-05T04:13:06.153316Z,KXGOLD15M-26OCT050015-15,0.0100,93.51,yes
2026-10-05T04:13:06.22374Z,KXGOLD15M-26OCT050015-15,0.0100,33.11,yes
2026-10-05T04:13:06.22374Z,KXGOLD15M-26OCT050015-15,0.0100,18.55,yes
2026-10-05T04:13:06.22374Z,KXGOLD15M-26OCT050015-15,0.0100,23.23,yes
2026-10-05T04:13:06.22374Z,KXGOLD15M-26OCT050015-15,0.0100,53.93,yes
2026-10-05T04:13:06.22374Z,KXGOLD15M-26OCT050015-15,0.0100,40.25,yes
2026-10-05T04:13:06.22374Z,KXGOLD15M-26OCT050015-15,0.0100,205.00,yes
2026-10-05T04:13:06.4297Z,KXGOLD15M-26OCT050015-15,0.0100,9.35,yes
2026-10-05T04:13:06.674612Z,KXGOLD15M-26OCT050015-15,0.0100,280.55,yes
2026-10-05T04:13:06.754642Z,KXGOLD15M-26OCT050015-15,0.0100,93.51,yes
2026-10-05T04:13:06.827365Z,KXGOLD15M-26OCT050015-15,0.0090,120.78,no
2026-10-05T04:13:07.162998Z,KXGOLD15M-26OCT050015-15,0.0090,27.15,no
2026-10-05T04:13:07.625648Z,KXGOLD15M-26OCT050015-15,0.0100,121.00,yes
2026-10-05T04:13:07.721279Z,KXGOLD15M-26OCT050015-15,0.0090,152.07,no
2026-10-05T04:13:07.721279Z,KXGOLD15M-26OCT050015-15,0.0090,108.00,no
2026-10-05T04:13:07.721279Z,KXGOLD15M-26OCT050015-15,0.0060,5.00,no
2026-10-05T04:13:07.721279Z,KXGOLD15M-26OCT050015-15,0.0050,238.22,no
2026-10-05T04:13:07.818246Z,KXGOLD15M-26OCT050015-15,0.0100,304.33,yes
2026-10-05T04:13:07.818246Z,KXGOLD15M-26OCT050015-15,0.0100,1227.83,yes
2026-10-05T04:13:07.818246Z,KXGOLD15M-26OCT050015-15,0.0060,238.22,yes
2026-10-05T04:13:07.818246Z,KXGOLD15M-26OCT050015-15,0.0090,100.00,yes
2026-10-05T04:13:08.546629Z,KXGOLD15M-26OCT050015-15,0.0100,93.51,yes
2026-10-05T04:13:08.698036Z,KXGOLD15M-26OCT050015-15,0.0070,25.16,no
2026-10-05T04:13:09.242337Z,KXGOLD15M-26OCT050015-15,0.0070,12.60,no
2026-10-05T04:13:09.449929Z,KXGOLD15M-26OCT050015-15,0.0100,93.51,yes
2026-10-05T04:13:10.041838Z,KXGOLD15M-26OCT050015-15,0.0100,23.37,yes
2026-10-05T04:13:10.186599Z,KXGOLD15M-26OCT050015-15,0.0090,27.42,no
2026-10-05T04:13:10.46009Z,KXGOLD15M-26OCT050015-15,0.0100,467.59,yes
2026-10-05T04:13:10.760113Z,KXGOLD15M-26OCT050015-15,0.0090,5.90,no
2026-10-05T04:13:10.865205Z,KXGOLD15M-26OCT050015-15,0.0100,93.51,yes
2026-10-05T04:13:11.147125Z,KXGOLD15M-26OCT050015-15,0.0100,39.24,yes
2026-10-05T04:13:11.147125Z,KXGOLD15M-26OCT050015-15,0.0100,44.74,yes
2026-10-05T04:13:11.147125Z,KXGOLD15M-26OCT050015-15,0.0100,101.03,yes
2026-10-05T04:13:11.147125Z,KXGOLD15M-26OCT050015-15,0.0100,200.87,yes
2026-10-05T04:13:11.147125Z,KXGOLD15M-26OCT050015-15,0.0100,49.46,yes
2026-10-05T04:13:11.147125Z,KXGOLD15M-26OCT050015-15,0.0100,519.23,yes
2026-10-05T04:13:11.147125Z,KXGOLD15M-26OCT050015-15,0.0100,114.00,yes
2026-10-05T04:13:11.147125Z,KXGOLD15M-26OCT050015-15,0.0100,59.34,yes
2026-10-05T04:13:11.147125Z,KXGOLD15M-26OCT050015-15,0.0100,0.68,yes
2026-10-05T04:13:11.147125Z,KXGOLD15M-26OCT050015-15,0.0100,63.55,yes
2026-10-05T04:13:11.147125Z,KXGOLD15M-26OCT050015-15,0.0100,371.57,yes
2026-10-05T04:13:11.318685Z,KXGOLD15M-26OCT050015-15,0.0090,22.88,no
2026-10-05T04:13:11.693584Z,KXGOLD15M-26OCT050015-15,0.0090,206.00,no
2026-10-05T04:13:11.72745Z,KXGOLD15M-26OCT050015-15,0.0050,1305.22,no
2026-10-05T04:13:11.72745Z,KXGOLD15M-26OCT050015-15,0.0060,188.00,no
2026-10-05T04:13:11.72745Z,KXGOLD15M-26OCT050015-15,0.0060,5.00,no
2026-10-05T04:13:11.72745Z,KXGOLD15M-26OCT050015-15,0.0080,90.00,no
2026-10-05T04:13:11.72745Z,KXGOLD15M-26OCT050015-15,0.0080,1.00,no
2026-10-05T04:13:11.72745Z,KXGOLD15M-26OCT050015-15,0.0090,300.00,no
2026-10-05T04:13:11.72745Z,KXGOLD15M-26OCT050015-15,0.0050,511.78,no
2026-10-05T04:13:11.72745Z,KXGOLD15M-26OCT050015-15,0.0050,11.00,no
2026-10-05T04:13:12.101007Z,KXGOLD15M-26OCT050015-15,0.0100,93.51,yes
2026-10-05T04:13:12.316269Z,KXGOLD15M-26OCT050015-15,0.0070,101.00,no
2026-10-05T04:13:12.515895Z,KXGOLD15M-26OCT050015-15,0.0100,187.03,yes
2026-10-05T04:13:12.775619Z,KXGOLD15M-26OCT050015-15,0.0060,106.00,no
2026-10-05T04:13:12.775619Z,KXGOLD15M-26OCT050015-15,0.0060,188.00,no
2026-10-05T04:13:12.775619Z,KXGOLD15M-26OCT050015-15,0.0060,5.00,no
2026-10-05T04:13:12.775619Z,KXGOLD15M-26OCT050015-15,0.0050,117.95,no
2026-10-05T04:13:14.209327Z,KXGOLD15M-26OCT050015-15,0.0100,2.80,yes
2026-10-05T04:13:14.347635Z,KXGOLD15M-26OCT050015-15,0.0100,187.03,yes
2026-10-05T04:13:14.386617Z,KXGOLD15M-26OCT050015-15,0.0070,70.32,no
2026-10-05T04:13:14.602952Z,KXGOLD15M-26OCT050015-15,0.0100,1.87,yes
2026-10-05T04:13:15.638656Z,KXGOLD15M-26OCT050015-15,0.0090,20.57,yes
2026-10-05T04:13:16.519419Z,KXGOLD15M-26OCT050015-15,0.0060,100.91,no
2026-10-05T04:13:16.678325Z,KXGOLD15M-26OCT050015-15,0.0060,5.27,no
2026-10-05T04:13:16.882311Z,KXGOLD15M-26OCT050015-15,0.0070,50.00,yes
2026-10-05T04:13:17.186285Z,KXGOLD15M-26OCT050015-15,0.0090,49.75,yes
2026-10-05T04:13:17.186285Z,KXGOLD15M-26OCT050015-15,0.0090,14.08,yes
2026-10-05T04:13:17.186285Z,KXGOLD15M-26OCT050015-15,0.0090,38.00,yes
2026-10-05T04:13:18.696448Z,KXGOLD15M-26OCT050015-15,0.0100,748.15,yes
2026-10-05T04:13:19.166394Z,KXGOLD15M-26OCT050015-15,0.0100,38.00,yes
2026-10-05T04:13:19.166394Z,KXGOLD15M-26OCT050015-15,0.0100,14.48,yes
2026-10-05T04:13:19.166394Z,KXGOLD15M-26OCT050015-15,0.0100,41.03,yes
2026-10-05T04:13:19.407495Z,KXGOLD15M-26OCT050015-15,0.0060,72.00,no
2026-10-05T04:13:19.407495Z,KXGOLD15M-26OCT050015-15,0.0070,5.00,no
2026-10-05T04:13:19.407495Z,KXGOLD15M-26OCT050015-15,0.0060,193.82,no
2026-10-05T04:13:19.407495Z,KXGOLD15M-26OCT050015-15,0.0070,1.00,no
2026-10-05T04:13:19.407495Z,KXGOLD15M-26OCT050015-15,0.0070,100.00,no
2026-10-05T04:13:19.407495Z,KXGOLD15M-26OCT050015-15,0.0050,22.27,no
2026-10-05T04:13:19.438672Z,KXGOLD15M-26OCT050015-15,0.0100,93.51,yes
2026-10-05T04:13:19.885315Z,KXGOLD15M-26OCT050015-15,0.0060,188.00,no
2026-10-05T04:13:19.885315Z,KXGOLD15M-26OCT050015-15,0.0060,5.00,no
2026-10-05T04:13:19.885315Z,KXGOLD15M-26OCT050015-15,0.0050,7.93,no
2026-10-05T04:13:20.012604Z,KXGOLD15M-26OCT050015-15,0.0100,93.51,yes
2026-10-05T04:13:20.263573Z,KXGOLD15M-26OCT050015-15,0.0050,7.25,no
2026-10-05T04:13:20.39878Z,KXGOLD15M-26OCT050015-15,0.0050,25.07,no
2026-10-05T04:13:20.609179Z,KXGOLD15M-26OCT050015-15,0.0100,93.51,yes
2026-10-05T04:13:20.631621Z,KXGOLD15M-26OCT050015-15,0.0100,93.51,yes
2026-10-05T04:13:21.031568Z,KXGOLD15M-26OCT050015-15,0.0090,100.00,yes
2026-10-05T04:13:21.031568Z,KXGOLD15M-26OCT050015-15,0.0100,41.00,yes
2026-10-05T04:13:21.031568Z,KXGOLD15M-26OCT050015-15,0.0090,48.00,yes
2026-10-05T04:13:21.031568Z,KXGOLD15M-26OCT050015-15,0.0100,181.88,yes
2026-10-05T04:13:21.031568Z,KXGOLD15M-26OCT050015-15,0.0100,96.71,yes
2026-10-05T04:13:21.049737Z,KXGOLD15M-26OCT050015-15,0.0050,15.18,no
2026-10-05T04:13:21.049737Z,KXGOLD15M-26OCT050015-15,0.0050,21.78,no
2026-10-05T04:13:21.904599Z,KXGOLD15M-26OCT050015-15,0.0090,33.00,yes
2026-10-05T04:13:21.904599Z,KXGOLD15M-26OCT050015-15,0.0100,60.51,yes
2026-10-05T04:13:22.101136Z,KXGOLD15M-26OCT050015-15,0.0100,0.11,yes
2026-10-05T04:13:22.396933Z,KXGOLD15M-26OCT050015-15,0.0100,186.30,yes
2026-10-05T04:13:23.102196Z,KXGOLD15M-26OCT050015-15,0.0100,53.00,yes
2026-10-05T04:13:23.102196Z,KXGOLD15M-26OCT050015-15,0.0120,35.59,yes
2026-10-05T04:13:23.102196Z,KXGOLD15M-26OCT050015-15,0.0110,74.55,yes
2026-10-05T04:13:23.102196Z,KXGOLD15M-26OCT050015-15,0.0100,71.20,yes
2026-10-05T04:13:23.102196Z,KXGOLD15M-26OCT050015-15,0.0130,168.36,yes
2026-10-05T04:13:24.366293Z,KXGOLD15M-26OCT050015-15,0.0070,40.00,no
2026-10-05T04:13:24.366293Z,KXGOLD15M-26OCT050015-15,0.0070,5.00,no
2026-10-05T04:13:24.366293Z,KXGOLD15M-26OCT050015-15,0.0070,7.53,no
2026-10-05T04:13:24.367516Z,KXGOLD15M-26OCT050015-15,0.0110,68.00,yes
2026-10-05T04:13:24.367516Z,KXGOLD15M-26OCT050015-15,0.0130,13.81,yes
2026-10-05T04:13:24.613376Z,KXGOLD15M-26OCT050015-15,0.0110,38.26,yes
2026-10-05T04:13:26.145935Z,KXGOLD15M-26OCT050015-15,0.0110,36.00,yes
2026-10-05T04:13:26.145935Z,KXGOLD15M-26OCT050015-15,0.0130,41.01,yes
2026-10-05T04:13:26.862288Z,KXGOLD15M-26OCT050015-15,0.0120,38.97,yes
2026-10-05T04:13:26.944644Z,KXGOLD15M-26OCT050015-15,0.0120,43.00,yes
2026-10-05T04:13:26.944644Z,KXGOLD15M-26OCT050015-15,0.0130,101.86,yes
2026-10-05T04:13:27.021161Z,KXGOLD15M-26OCT050015-15,0.0130,5.21,yes
2026-10-05T04:13:27.885672Z,KXGOLD15M-26OCT050015-15,0.0120,1.17,yes
2026-10-05T04:13:28.061879Z,KXGOLD15M-26OCT050015-15,0.0070,46.34,no
2026-10-05T04:13:28.074987Z,KXGOLD15M-26OCT050015-15,0.0120,7.79,yes
2026-10-05T04:13:28.156869Z,KXGOLD15M-26OCT050015-15,0.0070,107.00,no
2026-10-05T04:13:28.156869Z,KXGOLD15M-26OCT050015-15,0.0070,5.00,no
2026-10-05T04:13:28.156869Z,KXGOLD15M-26OCT050015-15,0.0060,45.02,no
2026-10-05T04:13:28.156869Z,KXGOLD15M-26OCT050015-15,0.0070,1.00,no
2026-10-05T04:13:28.156869Z,KXGOLD15M-26OCT050015-15,0.0070,159.00,no
2026-10-05T04:13:28.471683Z,KXGOLD15M-26OCT050015-15,0.0060,92.51,no
2026-10-05T04:13:28.471683Z,KXGOLD15M-26OCT050015-15,0.0060,3.00,no
2026-10-05T04:13:28.471683Z,KXGOLD15M-26OCT050015-15,0.0060,5.00,no
2026-10-05T04:13:28.495957Z,KXGOLD15M-26OCT050015-15,0.0130,142.92,yes
2026-10-05T04:13:28.803963Z,KXGOLD15M-26OCT050015-15,0.0060,56.95,no
2026-10-05T04:13:29.47049Z,KXGOLD15M-26OCT050015-15,0.0070,5.00,no
2026-10-05T04:13:29.47049Z,KXGOLD15M-26OCT050015-15,0.0070,100.00,no
2026-10-05T04:13:29.47049Z,KXGOLD15M-26OCT050015-15,0.0060,6.98,no
2026-10-05T04:13:29.6694Z,KXGOLD15M-26OCT050015-15,0.0060,1.00,no
2026-10-05T04:13:29.6694Z,KXGOLD15M-26OCT050015-15,0.0060,5.00,no
2026-10-05T04:13:29.6694Z,KXGOLD15M-26OCT050015-15,0.0060,58.02,no
2026-10-05T04:13:29.6694Z,KXGOLD15M-26OCT050015-15,0.0050,80.98,no
2026-10-05T04:13:29.6941Z,KXGOLD15M-26OCT050015-15,0.0130,71.95,yes
2026-10-05T04:13:30.823074Z,KXGOLD15M-26OCT050015-15,0.0100,28.78,yes
2026-10-05T04:13:30.908641Z,KXGOLD15M-26OCT050015-15,0.0120,20.73,yes
2026-10-05T04:13:30.908641Z,KXGOLD15M-26OCT050015-15,0.0100,51.22,yes
2026-10-05T04:13:31.441366Z,KXGOLD15M-26OCT050015-15,0.0050,23.42,no
2026-10-05T04:13:31.630428Z,KXGOLD15M-26OCT050015-15,0.0100,1.50,yes
2026-10-05T04:13:32.217646Z,KXGOLD15M-26OCT050015-15,0.0100,8.41,yes
2026-10-05T04:13:33.055179Z,KXGOLD15M-26OCT050015-15,0.0100,1.87,yes
2026-10-05T04:13:33.452505Z,KXGOLD15M-26OCT050015-15,0.0120,46.30,yes
2026-10-05T04:13:33.452505Z,KXGOLD15M-26OCT050015-15,0.0100,44.22,yes
2026-10-05T04:13:34.732564Z,KXGOLD15M-26OCT050015-15,0.0100,21.15,yes
2026-10-05T04:13:34.948387Z,KXGOLD15M-26OCT050015-15,0.0050,180.42,no
2026-10-05T04:13:34.948387Z,KXGOLD15M-26OCT050015-15,0.0040,50.00,no
2026-10-05T04:13:34.948387Z,KXGOLD15M-26OCT050015-15,0.0050,1.00,no
2026-10-05T04:13:34.948387Z,KXGOLD15M-26OCT050015-15,0.0040,50.00,no
2026-10-05T04:13:34.948387Z,KXGOLD15M-26OCT050015-15,0.0050,167.00,no
2026-10-05T04:13:34.948387Z,KXGOLD15M-26OCT050015-15,0.0050,5.00,no
2026-10-05T04:13:34.948387Z,KXGOLD15M-26OCT050015-15,0.0040,13.00,no
2026-10-05T04:13:34.948387Z,KXGOLD15M-26OCT050015-15,0.0040,1.00,no
2026-10-05T04:13:34.948387Z,KXGOLD15M-26OCT050015-15,0.0040,1.00,no
2026-10-05T04:13:34.948387Z,KXGOLD15M-26OCT050015-15,0.0040,1.00,no
2026-10-05T04:13:34.948387Z,KXGOLD15M-26OCT050015-15,0.0040,1.00,no
2026-10-05T04:13:34.948387Z,KXGOLD15M-26OCT050015-15,0.0040,1.00,no
2026-10-05T04:13:34.948387Z,KXGOLD15M-26OCT050015-15,0.0040,1000.00,no
2026-10-05T04:13:34.948387Z,KXGOLD15M-26OCT050015-15,0.0030,6.96,no
2026-10-05T04:13:35.09174Z,KXGOLD15M-26OCT050015-15,0.0060,33.44,yes
2026-10-05T04:13:35.792733Z,KXGOLD15M-26OCT050015-15,0.0050,2.00,no
2026-10-05T04:13:35.845664Z,KXGOLD15M-26OCT050015-15,0.0060,152.71,yes
2026-10-05T04:13:36.299363Z,KXGOLD15M-26OCT050015-15,0.0060,152.71,yes
2026-10-05T04:13:36.313827Z,KXGOLD15M-26OCT050015-15,0.0060,152.71,yes
2026-10-05T04:13:36.358006Z,KXGOLD15M-26OCT050015-15,0.0060,79.61,yes
2026-10-05T04:13:36.759276Z,KXGOLD15M-26OCT050015-15,0.0050,25.11,no
2026-10-05T04:13:36.872833Z,KXGOLD15M-26OCT050015-15,0.0060,88.15,yes
2026-10-05T04:13:36.897827Z,KXGOLD15M-26OCT050015-15,0.0060,267.37,yes
2026-10-05T04:13:36.998072Z,KXGOLD15M-26OCT050015-15,0.0050,1.00,no
2026-10-05T04:13:37.02439Z,KXGOLD15M-26OCT050015-15,0.0060,73.30,yes
2026-10-05T04:13:37.02439Z,KXGOLD15M-26OCT050015-15,0.0060,60.00,yes
2026-10-05T04:13:37.02439Z,KXGOLD15M-26OCT050015-15,0.0060,30.00,yes
2026-10-05T04:13:37.02439Z,KXGOLD15M-26OCT050015-15,0.0060,30.00,yes
2026-10-05T04:13:37.02439Z,KXGOLD15M-26OCT050015-15,0.0060,60.00,yes
2026-10-05T04:13:37.358497Z,KXGOLD15M-26OCT050015-15,0.0050,9.36,no
2026-10-05T04:13:37.755653Z,KXGOLD15M-26OCT050015-15,0.0120,8.93,yes
2026-10-05T04:13:37.755653Z,KXGOLD15M-26OCT050015-15,0.0100,83.00,yes
2026-10-05T04:13:38.423095Z,KXGOLD15M-26OCT050015-15,0.0050,5.02,no
2026-10-05T04:13:38.895949Z,KXGOLD15M-26OCT050015-15,0.0050,257.51,no
2026-10-05T04:13:38.895949Z,KXGOLD15M-26OCT050015-15,0.0050,125.00,no
2026-10-05T04:13:38.895949Z,KXGOLD15M-26OCT050015-15,0.0040,5.00,no
2026-10-05T04:13:38.895949Z,KXGOLD15M-26OCT050015-15,0.0050,1.00,no
2026-10-05T04:13:38.895949Z,KXGOLD15M-26OCT050015-15,0.0030,723.36,no
2026-10-05T04:13:39.004922Z,KXGOLD15M-26OCT050015-15,0.0050,730.32,yes
2026-10-05T04:13:39.809008Z,KXGOLD15M-26OCT050015-15,0.0090,51.11,yes
2026-10-05T04:13:40.11314Z,KXGOLD15M-26OCT050015-15,0.0050,5.29,no
2026-10-05T04:13:40.11314Z,KXGOLD15M-26OCT050015-15,0.0050,1.00,no
2026-10-05T04:13:40.332603Z,KXGOLD15M-26OCT050015-15,0.0050,5.02,no
2026-10-05T04:13:40.964783Z,KXGOLD15M-26OCT050015-15,0.0040,5.00,no
2026-10-05T04:13:40.964783Z,KXGOLD15M-26OCT050015-15,0.0050,77.69,no
2026-10-05T04:13:40.964783Z,KXGOLD15M-26OCT050015-15,0.0030,94.95,no
2026-10-05T04:13:42.010311Z,KXGOLD15M-26OCT050015-15,0.0050,1.00,no
2026-10-05T04:13:42.010311Z,KXGOLD15M-26OCT050015-15,0.0040,99.00,no
2026-10-05T04:13:42.010311Z,KXGOLD15M-26OCT050015-15,0.0050,300.00,no
2026-10-05T04:13:42.010311Z,KXGOLD15M-26OCT050015-15,0.0030,180.60,no
2026-10-05T04:13:42.024928Z,KXGOLD15M-26OCT050015-15,0.0050,1.00,no
2026-10-05T04:13:42.094716Z,KXGOLD15M-26OCT050015-15,0.0030,44.27,no
2026-10-05T04:13:42.264403Z,KXGOLD15M-26OCT050015-15,0.0050,274.55,yes
2026-10-05T04:13:42.462595Z,KXGOLD15M-26OCT050015-15,0.0090,16.91,yes
2026-10-05T04:13:42.462595Z,KXGOLD15M-26OCT050015-15,0.0090,41.00,yes
2026-10-05T04:13:42.462595Z,KXGOLD15M-26OCT050015-15,0.0070,46.00,yes
2026-10-05T04:13:42.856603Z,KXGOLD15M-26OCT050015-15,0.0030,20.57,no
2026-10-05T04:13:43.164372Z,KXGOLD15M-26OCT050015-15,0.0090,7.79,yes
2026-10-05T04:13:44.00809Z,KXGOLD15M-26OCT050015-15,0.0090,51.95,yes
2026-10-05T04:13:44.533806Z,KXGOLD15M-26OCT050015-15,0.0090,1.01,yes
2026-10-05T04:13:45.432129Z,KXGOLD15M-26OCT050015-15,0.0090,1.01,yes
2026-10-05T04:13:45.484001Z,KXGOLD15M-26OCT050015-15,0.0120,40.00,yes
2026-10-05T04:13:45.484001Z,KXGOLD15M-26OCT050015-15,0.0110,60.00,yes
2026-10-05T04:13:45.484001Z,KXGOLD15M-26OCT050015-15,0.0110,30.00,yes
2026-10-05T04:13:45.484001Z,KXGOLD15M-26OCT050015-15,0.0110,30.00,yes
2026-10-05T04:13:45.484001Z,KXGOLD15M-26OCT050015-15,0.0110,60.00,yes
2026-10-05T04:13:45.484001Z,KXGOLD15M-26OCT050015-15,0.0090,71.98,yes
2026-10-05T04:13:45.484001Z,KXGOLD15M-26OCT050015-15,0.0120,24.04,yes
2026-10-05T04:13:45.484001Z,KXGOLD15M-26OCT050015-15,0.0130,97.42,yes
2026-10-05T04:13:45.875153Z,KXGOLD15M-26OCT050015-15,0.0040,1.00,no
2026-10-05T04:13:46.136301Z,KXGOLD15M-26OCT050015-15,0.0110,3.08,yes
2026-10-05T04:13:46.482705Z,KXGOLD15M-26OCT050015-15,0.0110,85.02,yes
2026-10-05T04:13:46.804795Z,KXGOLD15M-26OCT050015-15,0.0110,42.51,yes
2026-10-05T04:13:47.621748Z,KXGOLD15M-26OCT050015-15,0.0100,30.00,yes
2026-10-05T04:13:47.621748Z,KXGOLD15M-26OCT050015-15,0.0100,60.00,yes
2026-10-05T04:13:47.621748Z,KXGOLD15M-26OCT050015-15,0.0100,60.00,yes
2026-10-05T04:13:47.621748Z,KXGOLD15M-26OCT050015-15,0.0100,30.00,yes
2026-10-05T04:13:47.621748Z,KXGOLD15M-26OCT050015-15,0.0180,101.00,yes
2026-10-05T04:13:47.621748Z,KXGOLD15M-26OCT050015-15,0.0100,43.00,yes
2026-10-05T04:13:47.621748Z,KXGOLD15M-26OCT050015-15,0.0130,40.00,yes
2026-10-05T04:13:47.621748Z,KXGOLD15M-26OCT050015-15,0.0150,17.51,yes
2026-10-05T04:13:47.621748Z,KXGOLD15M-26OCT050015-15,0.0130,202.58,yes
2026-10-05T04:13:47.621748Z,KXGOLD15M-26OCT050015-15,0.0130,50.00,yes
2026-10-05T04:13:47.621748Z,KXGOLD15M-26OCT050015-15,0.0100,21.00,yes
2026-10-05T04:13:47.621748Z,KXGOLD15M-26OCT050015-15,0.0180,65.00,yes
2026-10-05T04:13:47.621748Z,KXGOLD15M-26OCT050015-15,0.0190,641.62,yes
2026-10-05T04:13:47.97927Z,KXGOLD15M-26OCT050015-15,0.0100,30.00,yes
2026-10-05T04:13:47.97927Z,KXGOLD15M-26OCT050015-15,0.0110,53.07,yes
2026-10-05T04:13:48.776972Z,KXGOLD15M-26OCT050015-15,0.0120,81.00,yes
2026-10-05T04:13:48.913954Z,KXGOLD15M-26OCT050015-15,0.0090,40.00,no
2026-10-05T04:13:48.913954Z,KXGOLD15M-26OCT050015-15,0.0090,1.00,no
2026-10-05T04:13:49.01596Z,KXGOLD15M-26OCT050015-15,0.0080,2.01,no
2026-10-05T04:13:49.822873Z,KXGOLD15M-26OCT050015-15,0.0130,60.00,yes
2026-10-05T04:13:49.822873Z,KXGOLD15M-26OCT050015-15,0.0130,50.85,yes
2026-10-05T04:13:49.822873Z,KXGOLD15M-26OCT050015-15,0.0130,30.00,yes
2026-10-05T04:13:49.822873Z,KXGOLD15M-26OCT050015-15,0.0120,57.00,yes
2026-10-05T04:13:50.568704Z,KXGOLD15M-26OCT050015-15,0.0130,70.00,yes
2026-10-05T04:13:50.568704Z,KXGOLD15M-26OCT050015-15,0.0130,30.00,yes
2026-10-05T04:13:50.568704Z,KXGOLD15M-26OCT050015-15,0.0140,50.00,yes
2026-10-05T04:13:50.568704Z,KXGOLD15M-26OCT050015-15,0.0150,47.00,yes
2026-10-05T04:13:50.568704Z,KXGOLD15M-26OCT050015-15,0.0160,72.79,yes
2026-10-05T04:13:50.568704Z,KXGOLD15M-26OCT050015-15,0.0160,50.00,yes
2026-10-05T04:13:50.606967Z,KXGOLD15M-26OCT050015-15,0.0090,67.00,no
2026-10-05T04:13:50.836004Z,KXGOLD15M-26OCT050015-15,0.0120,140.76,yes
2026-10-05T04:13:51.890745Z,KXGOLD15M-26OCT050015-15,0.0060,13.07,no
2026-10-05T04:13:51.890745Z,KXGOLD15M-26OCT050015-15,0.0080,89.00,no
2026-10-05T04:13:51.890745Z,KXGOLD15M-26OCT050015-15,0.0080,7.00,no
2026-10-05T04:13:51.890745Z,KXGOLD15M-26OCT050015-15,0.0070,1.00,no
2026-10-05T04:13:51.952207Z,KXGOLD15M-26OCT050015-15,0.0100,41.78,yes
2026-10-05T04:13:52.399101Z,KXGOLD15M-26OCT050015-15,0.0100,11.78,yes
2026-10-05T04:13:52.399101Z,KXGOLD15M-26OCT050015-15,0.0100,30.00,yes
2026-10-05T04:13:52.926698Z,KXGOLD15M-26OCT050015-15,0.0070,100.00,no
2026-10-05T04:13:52.926698Z,KXGOLD15M-26OCT050015-15,0.0050,123.00,no
2026-10-05T04:13:52.926698Z,KXGOLD15M-26OCT050015-15,0.0040,65.80,no
2026-10-05T04:13:53.979057Z,KXGOLD15M-26OCT050015-15,0.0100,30.00,yes
2026-10-05T04:13:53.979057Z,KXGOLD15M-26OCT050015-15,0.0100,36.00,yes
2026-10-05T04:13:53.979057Z,KXGOLD15M-26OCT050015-15,0.0110,25.50,yes
2026-10-05T04:13:54.292506Z,KXGOLD15M-26OCT050015-15,0.0090,60.00,yes
2026-10-05T04:13:54.375928Z,KXGOLD15M-26OCT050015-15,0.0110,5.38,yes
2026-10-05T04:13:55.307636Z,KXGOLD15M-26OCT050015-15,0.0120,98.20,yes
2026-10-05T04:13:55.307636Z,KXGOLD15M-26OCT050015-15,0.0110,10.12,yes
2026-10-05T04:13:55.307636Z,KXGOLD15M-26OCT050015-15,0.0100,60.00,yes
2026-10-05T04:13:55.307636Z,KXGOLD15M-26OCT050015-15,0.0100,30.00,yes
2026-10-05T04:13:55.307636Z,KXGOLD15M-26OCT050015-15,0.0110,55.00,yes
2026-10-05T04:13:55.926634Z,KXGOLD15M-26OCT050015-15,0.0110,39.00,yes
2026-10-05T04:13:55.926634Z,KXGOLD15M-26OCT050015-15,0.0120,3.12,yes
2026-10-05T04:13:56.1822Z,KXGOLD15M-26OCT050015-15,0.0120,51.09,yes
2026-10-05T04:13:56.1822Z,KXGOLD15M-26OCT050015-15,0.0110,30.00,yes
2026-10-05T04:13:56.3216Z,KXGOLD15M-26OCT050015-15,0.0070,95.00,no
2026-10-05T04:13:56.3216Z,KXGOLD15M-26OCT050015-15,0.0070,1.00,no
2026-10-05T04:13:56.3216Z,KXGOLD15M-26OCT050015-15,0.0070,0.35,no
2026-10-05T04:13:56.678236Z,KXGOLD15M-26OCT050015-15,0.0060,17.20,no
2026-10-05T04:13:56.678236Z,KXGOLD15M-26OCT050015-15,0.0060,123.00,no
2026-10-05T04:13:56.843802Z,KXGOLD15M-26OCT050015-15,0.0040,6.73,no
2026-10-05T04:13:57.22568Z,KXGOLD15M-26OCT050015-15,0.0060,61.00,no
2026-10-05T04:13:58.190891Z,KXGOLD15M-26OCT050015-15,0.0050,100.00,no
2026-10-05T04:13:58.190891Z,KXGOLD15M-26OCT050015-15,0.0050,1.00,no
2026-10-05T04:13:58.190891Z,KXGOLD15M-26OCT050015-15,0.0050,87.00,no
2026-10-05T04:13:58.190891Z,KXGOLD15M-26OCT050015-15,0.0040,12.91,no
2026-10-05T04:13:58.472578Z,KXGOLD15M-26OCT050015-15,0.0060,152.71,yes
2026-10-05T04:13:59.064132Z,KXGOLD15M-26OCT050015-15,0.0040,1.00,no
2026-10-05T04:13:59.232Z,KXGOLD15M-26OCT050015-15,0.0040,13.51,no
2026-10-05T04:13:59.475526Z,KXGOLD15M-26OCT050015-15,0.0060,152.71,yes
2026-10-05T04:13:59.733126Z,KXGOLD15M-26OCT050015-15,0.0040,9.85,no
2026-10-05T04:14:00.029009Z,KXGOLD15M-26OCT050015-15,0.0040,25.00,no
2026-10-05T04:14:00.302568Z,KXGOLD15M-26OCT050015-15,0.0060,477.26,yes
2026-10-05T04:14:00.302568Z,KXGOLD15M-26OCT050015-15,0.0060,30.00,yes
2026-10-05T04:14:00.33216Z,KXGOLD15M-26OCT050015-15,0.0040,31.00,no
2026-10-05T04:14:00.548828Z,KXGOLD15M-26OCT050015-15,0.0060,0.01,yes
2026-10-05T04:14:00.553316Z,KXGOLD15M-26OCT050015-15,0.0050,75.00,no
2026-10-05T04:14:00.805835Z,KXGOLD15M-26OCT050015-15,0.0040,1.00,no
2026-10-05T04:14:00.805835Z,KXGOLD15M-26OCT050015-15,0.0050,225.00,no
2026-10-05T04:14:00.814618Z,KXGOLD15M-26OCT050015-15,0.0040,24.00,no
2026-10-05T04:14:01.021021Z,KXGOLD15M-26OCT050015-15,0.0040,18.00,no
2026-10-05T04:14:01.611458Z,KXGOLD15M-26OCT050015-15,0.0040,18.00,no
2026-10-05T04:14:01.611458Z,KXGOLD15M-26OCT050015-15,0.0040,1.00,no
2026-10-05T04:14:01.714304Z,KXGOLD15M-26OCT050015-15,0.0110,20.77,yes
2026-10-05T04:14:01.714304Z,KXGOLD15M-26OCT050015-15,0.0090,25.00,yes
2026-10-05T04:14:01.714304Z,KXGOLD15M-26OCT050015-15,0.0110,60.00,yes
2026-10-05T04:14:01.714304Z,KXGOLD15M-26OCT050015-15,0.0090,84.00,yes
2026-10-05T04:14:01.833291Z,KXGOLD15M-26OCT050015-15,0.0040,27.00,no
2026-10-05T04:14:02.244501Z,KXGOLD15M-26OCT050015-15,0.0080,40.00,yes
2026-10-05T04:14:02.244501Z,KXGOLD15M-26OCT050015-15,0.0050,5.00,yes
2026-10-05T04:14:02.244501Z,KXGOLD15M-26OCT050015-15,0.0100,2.87,yes
2026-10-05T04:14:02.252392Z,KXGOLD15M-26OCT050015-15,0.0040,20.00,no
2026-10-05T04:14:02.596139Z,KXGOLD15M-26OCT050015-15,0.0040,24.00,no
2026-10-05T04:14:02.94708Z,KXGOLD15M-26OCT050015-15,0.0050,23.00,no
2026-10-05T04:14:03.648589Z,KXGOLD15M-26OCT050015-15,0.0050,20.00,no
2026-10-05T04:14:03.836447Z,KXGOLD15M-26OCT050015-15,0.0050,257.00,no
2026-10-05T04:14:03.836447Z,KXGOLD15M-26OCT050015-15,0.0050,1.00,no
2026-10-05T04:14:03.836447Z,KXGOLD15M-26OCT050015-15,0.0040,95.00,no
2026-10-05T04:14:03.836447Z,KXGOLD15M-26OCT050015-15,0.0030,1328.19,no
2026-10-05T04:14:03.850461Z,KXGOLD15M-26OCT050015-15,0.0050,1.00,no
2026-10-05T04:14:03.882879Z,KXGOLD15M-26OCT050015-15,0.0050,254.70,yes
2026-10-05T04:14:04.47132Z,KXGOLD15M-26OCT050015-15,0.0050,758.39,yes
2026-10-05T04:14:04.648867Z,KXGOLD15M-26OCT050015-15,0.0050,14.95,yes
2026-10-05T04:14:05.366043Z,KXGOLD15M-26OCT050015-15,0.0050,186.97,yes
2026-10-05T04:14:05.463354Z,KXGOLD15M-26OCT050015-15,0.0030,3.95,no
2026-10-05T04:14:06.070946Z,KXGOLD15M-26OCT050015-15,0.0050,177.02,yes
2026-10-05T04:14:06.070946Z,KXGOLD15M-26OCT050015-15,0.0070,5.99,yes
2026-10-05T04:14:06.239183Z,KXGOLD15M-26OCT050015-15,0.0080,30.00,yes
2026-10-05T04:14:06.239183Z,KXGOLD15M-26OCT050015-15,0.0100,58.24,yes
2026-10-05T04:14:06.239183Z,KXGOLD15M-26OCT050015-15,0.0070,48.00,yes
2026-10-05T04:14:06.239183Z,KXGOLD15M-26OCT050015-15,0.0070,30.00,yes
2026-10-05T04:14:06.363258Z,KXGOLD15M-26OCT050015-15,0.0100,31.80,yes
2026-10-05T04:14:07.72258Z,KXGOLD15M-26OCT050015-15,0.0030,1.00,no
2026-10-05T04:14:07.867289Z,KXGOLD15M-26OCT050015-15,0.0080,63.00,yes
2026-10-05T04:14:07.867289Z,KXGOLD15M-26OCT050015-15,0.0100,43.01,yes
2026-10-05T04:14:07.88142Z,KXGOLD15M-26OCT050015-15,0.0100,10.85,yes
2026-10-05T04:14:07.992613Z,KXGOLD15M-26OCT050015-15,0.0030,45.99,no
2026-10-05T04:14:08.411495Z,KXGOLD15M-26OCT050015-15,0.0030,648.27,no
2026-10-05T04:14:08.81433Z,KXGOLD15M-26OCT050015-15,0.0030,386.19,no
2026-10-05T04:14:09.001555Z,KXGOLD15M-26OCT050015-15,0.0050,155.83,yes
2026-10-05T04:14:09.034479Z,KXGOLD15M-26OCT050015-15,0.0030,200.00,no
2026-10-05T04:14:09.046905Z,KXGOLD15M-26OCT050015-15,0.0030,200.00,no
2026-10-05T04:14:09.061611Z,KXGOLD15M-26OCT050015-15,0.0030,84.30,no
2026-10-05T04:14:09.061611Z,KXGOLD15M-26OCT050015-15,0.0030,115.70,no
2026-10-05T04:14:09.159438Z,KXGOLD15M-26OCT050015-15,0.0030,200.00,no
2026-10-05T04:14:09.260177Z,KXGOLD15M-26OCT050015-15,0.0030,200.00,no
2026-10-05T04:14:09.275076Z,KXGOLD15M-26OCT050015-15,0.0030,200.00,no
2026-10-05T04:14:09.278118Z,KXGOLD15M-26OCT050015-15,0.0040,84.30,yes
2026-10-05T04:14:09.303087Z,KXGOLD15M-26OCT050015-15,0.0050,5.02,yes
2026-10-05T04:14:09.336022Z,KXGOLD15M-26OCT050015-15,0.0040,200.00,yes
2026-10-05T04:14:09.359816Z,KXGOLD15M-26OCT050015-15,0.0030,200.00,no
2026-10-05T04:14:09.413047Z,KXGOLD15M-26OCT050015-15,0.0040,200.00,yes
2026-10-05T04:14:09.44039Z,KXGOLD15M-26OCT050015-15,0.0030,200.00,no
2026-10-05T04:14:09.532689Z,KXGOLD15M-26OCT050015-15,0.0030,6.30,no
2026-10-05T04:14:09.532689Z,KXGOLD15M-26OCT050015-15,0.0030,2.00,no
2026-10-05T04:14:09.532689Z,KXGOLD15M-26OCT050015-15,0.0030,2.00,no
2026-10-05T04:14:09.532689Z,KXGOLD15M-26OCT050015-15,0.0030,2.00,no
2026-10-05T04:14:09.532689Z,KXGOLD15M-26OCT050015-15,0.0030,2.00,no
2026-10-05T04:14:09.532689Z,KXGOLD15M-26OCT050015-15,0.0030,2.00,no
2026-10-05T04:14:09.532689Z,KXGOLD15M-26OCT050015-15,0.0030,18.00,no
2026-10-05T04:14:09.532689Z,KXGOLD15M-26OCT050015-15,0.0030,165.70,no
2026-10-05T04:14:09.607517Z,KXGOLD15M-26OCT050015-15,0.0040,145.86,yes
2026-10-05T04:14:09.624293Z,KXGOLD15M-26OCT050015-15,0.0030,200.00,no
2026-10-05T04:14:09.686435Z,KXGOLD15M-26OCT050015-15,0.0040,54.14,yes
2026-10-05T04:14:09.70192Z,KXGOLD15M-26OCT050015-15,0.0030,200.00,no
2026-10-05T04:14:09.874525Z,KXGOLD15M-26OCT050015-15,0.0030,200.00,no
2026-10-05T04:14:10.563619Z,KXGOLD15M-26OCT050015-15,0.0030,556.54,no
2026-10-05T04:14:11.355905Z,KXGOLD15M-26OCT050015-15,0.0050,480.52,yes
2026-10-05T04:14:11.355905Z,KXGOLD15M-26OCT050015-15,0.0040,165.70,yes
2026-10-05T04:14:11.355905Z,KXGOLD15M-26OCT050015-15,0.0040,200.00,yes
2026-10-05T04:14:11.355905Z,KXGOLD15M-26OCT050015-15,0.0040,200.00,yes
2026-10-05T04:14:11.355905Z,KXGOLD15M-26OCT050015-15,0.0040,0.01,yes
2026-10-05T04:14:11.491006Z,KXGOLD15M-26OCT050015-15,0.0030,14.43,no
2026-10-05T04:14:11.813693Z,KXGOLD15M-26OCT050015-15,0.0030,33.60,no
2026-10-05T04:14:11.897467Z,KXGOLD15M-26OCT050015-15,0.0030,374.07,no
2026-10-05T04:14:11.972206Z,KXGOLD15M-26OCT050015-15,0.0030,24.90,no
2026-10-05T04:14:12.28941Z,KXGOLD15M-26OCT050015-15,0.0050,1.84,yes
2026-10-05T04:14:12.3842Z,KXGOLD15M-26OCT050015-15,0.0030,42.32,no
2026-10-05T04:14:12.489644Z,KXGOLD15M-26OCT050015-15,0.0030,52.36,no
2026-10-05T04:14:12.519945Z,KXGOLD15M-26OCT050015-15,0.0030,207.31,no
2026-10-05T04:14:12.519945Z,KXGOLD15M-26OCT050015-15,0.0030,795.48,no
2026-10-05T04:14:12.736382Z,KXGOLD15M-26OCT050015-15,0.0030,42.69,no
2026-10-05T04:14:12.736382Z,KXGOLD15M-26OCT050015-15,0.0030,4.40,no
2026-10-05T04:14:12.917146Z,KXGOLD15M-26OCT050015-15,0.0030,153.60,no
2026-10-05T04:14:12.917146Z,KXGOLD15M-26OCT050015-15,0.0030,1.00,no
2026-10-05T04:14:12.917146Z,KXGOLD15M-26OCT050015-15,0.0030,2.00,no
2026-10-05T04:14:12.917146Z,KXGOLD15M-26OCT050015-15,0.0030,2.00,no
2026-10-05T04:14:12.917146Z,KXGOLD15M-26OCT050015-15,0.0030,2.00,no
2026-10-05T04:14:12.917146Z,KXGOLD15M-26OCT050015-15,0.0030,2.00,no
2026-10-05T04:14:12.917146Z,KXGOLD15M-26OCT050015-15,0.0030,0.23,no
2026-10-05T04:14:12.944882Z,KXGOLD15M-26OCT050015-15,0.0020,200.00,no
2026-10-05T04:14:12.959732Z,KXGOLD15M-26OCT050015-15,0.0020,200.00,no
2026-10-05T04:14:12.963209Z,KXGOLD15M-26OCT050015-15,0.0020,16.00,no
2026-10-05T04:14:12.973733Z,KXGOLD15M-26OCT050015-15,0.0020,200.00,no
2026-10-05T04:14:13.055886Z,KXGOLD15M-26OCT050015-15,0.0030,79.00,no
2026-10-05T04:14:13.055886Z,KXGOLD15M-26OCT050015-15,0.0020,121.00,no
2026-10-05T04:14:13.273752Z,KXGOLD15M-26OCT050015-15,0.0020,200.00,no
2026-10-05T04:14:13.287016Z,KXGOLD15M-26OCT050015-15,0.0020,200.00,no
2026-10-05T04:14:13.299607Z,KXGOLD15M-26OCT050015-15,0.0020,137.00,no
2026-10-05T04:14:13.299607Z,KXGOLD15M-26OCT050015-15,0.0020,63.00,no
2026-10-05T04:14:13.380777Z,KXGOLD15M-26OCT050015-15,0.0020,200.00,no
2026-10-05T04:14:13.416513Z,KXGOLD15M-26OCT050015-15,0.0030,137.00,yes
2026-10-05T04:14:13.467303Z,KXGOLD15M-26OCT050015-15,0.0030,200.00,yes
2026-10-05T04:14:13.481956Z,KXGOLD15M-26OCT050015-15,0.0020,200.00,no
2026-10-05T04:14:13.550139Z,KXGOLD15M-26OCT050015-15,0.0030,207.31,yes
2026-10-05T04:14:13.565137Z,KXGOLD15M-26OCT050015-15,0.0020,200.00,no
2026-10-05T04:14:13.592394Z,KXGOLD15M-26OCT050015-15,0.0030,85.94,yes
2026-10-05T04:14:13.615789Z,KXGOLD15M-26OCT050015-15,0.0020,200.00,no
2026-10-05T04:14:13.698277Z,KXGOLD15M-26OCT050015-15,0.0020,200.00,no
2026-10-05T04:14:13.819701Z,KXGOLD15M-26OCT050015-15,0.0040,39.95,yes
2026-10-05T04:14:13.819701Z,KXGOLD15M-26OCT050015-15,0.0030,37.02,yes
2026-10-05T04:14:13.819701Z,KXGOLD15M-26OCT050015-15,0.0030,114.06,yes
2026-10-05T04:14:13.819701Z,KXGOLD15M-26OCT050015-15,0.0030,42.69,yes
2026-10-05T04:14:13.837009Z,KXGOLD15M-26OCT050015-15,0.0020,31.00,no
2026-10-05T04:14:13.837009Z,KXGOLD15M-26OCT050015-15,0.0020,5.00,no
2026-10-05T04:14:13.837009Z,KXGOLD15M-26OCT050015-15,0.0020,10.00,no
2026-10-05T04:14:13.837009Z,KXGOLD15M-26OCT050015-15,0.0020,3.00,no
2026-10-05T04:14:13.837009Z,KXGOLD15M-26OCT050015-15,0.0020,3.00,no
2026-10-05T04:14:13.837009Z,KXGOLD15M-26OCT050015-15,0.0020,3.00,no
2026-10-05T04:14:13.837009Z,KXGOLD15M-26OCT050015-15,0.0020,3.00,no
2026-10-05T04:14:13.837009Z,KXGOLD15M-26OCT050015-15,0.0020,3.00,no
2026-10-05T04:14:13.837009Z,KXGOLD15M-26OCT050015-15,0.0020,26.00,no
2026-10-05T04:14:13.837009Z,KXGOLD15M-26OCT050015-15,0.0020,113.00,no
2026-10-05T04:14:14.043265Z,KXGOLD15M-26OCT050015-15,0.0030,8.14,yes
2026-10-05T04:14:14.415851Z,KXGOLD15M-26OCT050015-15,0.0040,432.68,yes
2026-10-05T04:14:14.415851Z,KXGOLD15M-26OCT050015-15,0.0030,31.00,yes
2026-10-05T04:14:14.415851Z,KXGOLD15M-26OCT050015-15,0.0030,200.00,yes
2026-10-05T04:14:14.415851Z,KXGOLD15M-26OCT050015-15,0.0030,191.86,yes
2026-10-05T04:14:14.415851Z,KXGOLD15M-26OCT050015-15,0.0030,113.00,yes
2026-10-05T04:14:14.415851Z,KXGOLD15M-26OCT050015-15,0.0030,200.00,yes
2026-10-05T04:14:14.569636Z,KXGOLD15M-26OCT050015-15,0.0020,156.03,no
2026-10-05T04:14:14.932636Z,KXGOLD15M-26OCT050015-15,0.0020,1.20,no
2026-10-05T04:14:15.029435Z,KXGOLD15M-26OCT050015-15,0.0020,43.68,no
2026-10-05T04:14:15.029435Z,KXGOLD15M-26OCT050015-15,0.0020,2.00,no
2026-10-05T04:14:15.029435Z,KXGOLD15M-26OCT050015-15,0.0020,37.00,no
2026-10-05T04:14:15.029435Z,KXGOLD15M-26OCT050015-15,0.0020,2.00,no
2026-10-05T04:14:15.029435Z,KXGOLD15M-26OCT050015-15,0.0020,1.00,no
2026-10-05T04:14:15.029435Z,KXGOLD15M-26OCT050015-15,0.0020,1.00,no
2026-10-05T04:14:15.029435Z,KXGOLD15M-26OCT050015-15,0.0020,1.00,no
2026-10-05T04:14:15.029435Z,KXGOLD15M-26OCT050015-15,0.0020,2.00,no
2026-10-05T04:14:15.029435Z,KXGOLD15M-26OCT050015-15,0.0020,2.00,no
2026-10-05T04:14:15.029435Z,KXGOLD15M-26OCT050015-15,0.0020,2.00,no
2026-10-05T04:14:15.029435Z,KXGOLD15M-26OCT050015-15,0.0020,2.00,no
2026-10-05T04:14:15.029435Z,KXGOLD15M-26OCT050015-15,0.0020,1.00,no
2026-10-05T04:14:15.029435Z,KXGOLD15M-26OCT050015-15,0.0020,2.00,no
2026-10-05T04:14:15.029435Z,KXGOLD15M-26OCT050015-15,0.0020,2.00,no
2026-10-05T04:14:15.029435Z,KXGOLD15M-26OCT050015-15,0.0020,1.00,no
2026-10-05T04:14:15.029435Z,KXGOLD15M-26OCT050015-15,0.0020,95.00,no
2026-10-05T04:14:15.029435Z,KXGOLD15M-26OCT050015-15,0.0020,9.00,no
2026-10-05T04:14:15.029435Z,KXGOLD15M-26OCT050015-15,0.0010,687.32,no
2026-10-05T04:14:15.152618Z,KXGOLD15M-26OCT050015-15,0.0010,50.60,no
2026-10-05T04:14:15.189349Z,KXGOLD15M-26OCT050015-15,0.0020,50.60,yes
2026-10-05T04:14:15.276926Z,KXGOLD15M-26OCT050015-15,0.0020,50.60,yes
2026-10-05T04:14:15.31736Z,KXGOLD15M-26OCT050015-15,0.0030,115.70,yes
2026-10-05T04:14:15.31736Z,KXGOLD15M-26OCT050015-15,0.0030,56.00,yes
2026-10-05T04:14:15.31736Z,KXGOLD15M-26OCT050015-15,0.0030,200.00,yes
2026-10-05T04:14:15.31736Z,KXGOLD15M-26OCT050015-15,0.0030,386.19,yes
2026-10-05T04:14:15.31736Z,KXGOLD15M-26OCT050015-15,0.0030,687.32,yes
2026-10-05T04:14:15.31736Z,KXGOLD15M-26OCT050015-15,0.0030,200.00,yes
2026-10-05T04:14:15.878461Z,KXGOLD15M-26OCT050015-15,0.0020,1.80,no
2026-10-05T04:14:16.379374Z,KXGOLD15M-26OCT050015-15,0.0020,16.68,no
2026-10-05T04:14:16.379374Z,KXGOLD15M-26OCT050015-15,0.0020,48.80,no
2026-10-05T04:14:16.632962Z,KXGOLD15M-26OCT050015-15,0.0040,114.53,yes
2026-10-05T04:14:16.651165Z,KXGOLD15M-26OCT050015-15,0.0040,0.73,yes
2026-10-05T04:14:16.717122Z,KXGOLD15M-26OCT050015-15,0.0010,100.00,no
2026-10-05T04:14:17.57512Z,KXGOLD15M-26OCT050015-15,0.0030,45.71,yes
2026-10-05T04:14:17.660962Z,KXGOLD15M-26OCT050015-15,0.0030,54.29,yes
2026-10-05T04:14:18.016005Z,KXGOLD15M-26OCT050015-15,0.0010,501.60,no
2026-10-05T04:14:18.269133Z,KXGOLD15M-26OCT050015-15,0.0030,256.59,yes
2026-10-05T04:14:18.451012Z,KXGOLD15M-26OCT050015-15,0.0030,245.01,yes
2026-10-05T04:14:18.568247Z,KXGOLD15M-26OCT050015-15,0.0040,0.60,yes
2026-10-05T04:14:19.873979Z,KXGOLD15M-26OCT050015-15,0.0030,1.35,yes
2026-10-05T04:14:19.920737Z,KXGOLD15M-26OCT050015-15,0.0010,100.42,no
2026-10-05T04:14:20.116423Z,KXGOLD15M-26OCT050015-15,0.0030,2.01,yes
2026-10-05T04:14:20.549921Z,KXGOLD15M-26OCT050015-15,0.0010,1112.03,no
2026-10-05T04:14:20.995804Z,KXGOLD15M-26OCT050015-15,0.0030,36.64,yes
2026-10-05T04:14:20.995804Z,KXGOLD15M-26OCT050015-15,0.0030,100.42,yes
2026-10-05T04:14:20.995804Z,KXGOLD15M-26OCT050015-15,0.0030,1112.03,yes
2026-10-05T04:14:21.412488Z,KXGOLD15M-26OCT050015-15,0.0010,124.85,no
2026-10-05T04:14:21.692148Z,KXGOLD15M-26OCT050015-15,0.0030,20.57,yes
2026-10-05T04:14:22.198954Z,KXGOLD15M-26OCT050015-15,0.0030,104.28,yes
2026-10-05T04:14:22.198954Z,KXGOLD15M-26OCT050015-15,0.0040,2214.48,yes
2026-10-05T04:14:22.453625Z,KXGOLD15M-26OCT050015-15,0.0010,180.86,no
2026-10-05T04:14:23.309309Z,KXGOLD15M-26OCT050015-15,0.0010,500.00,no
2026-10-05T04:14:23.35665Z,KXGOLD15M-26OCT050015-15,0.0030,124.48,yes
2026-10-05T04:14:23.35665Z,KXGOLD15M-26OCT050015-15,0.0030,180.86,yes
2026-10-05T04:14:23.35665Z,KXGOLD15M-26OCT050015-15,0.0030,0.01,yes
2026-10-05T04:14:23.427882Z,KXGOLD15M-26OCT050015-15,0.0010,25.02,no
2026-10-05T04:14:23.733451Z,KXGOLD15M-26OCT050015-15,0.0030,7.06,yes
2026-10-05T04:14:24.211872Z,KXGOLD15M-26OCT050015-15,0.0030,305.35,yes
2026-10-05T04:14:24.469316Z,KXGOLD15M-26OCT050015-15,0.0010,49.80,no
2026-10-05T04:14:24.498094Z,KXGOLD15M-26OCT050015-15,0.0020,49.80,yes
2026-10-05T04:14:24.620167Z,KXGOLD15M-26OCT050015-15,0.0020,49.80,yes
2026-10-05T04:14:25.035176Z,KXGOLD15M-26OCT050015-15,0.0010,0.02,no
2026-10-05T04:14:25.062996Z,KXGOLD15M-26OCT050015-15,0.0020,38.35,yes
2026-10-05T04:14:25.084807Z,KXGOLD15M-26OCT050015-15,0.0010,1567.48,no
2026-10-05T04:14:25.084807Z,KXGOLD15M-26OCT050015-15,0.0010,381.23,no
2026-10-05T04:14:25.115191Z,KXGOLD15M-26OCT050015-15,0.0020,391.18,yes
2026-10-05T04:14:25.549091Z,KXGOLD15M-26OCT050015-15,0.0010,134.12,no
2026-10-05T04:14:25.553703Z,KXGOLD15M-26OCT050015-15,0.0010,72.50,no
2026-10-05T04:14:25.656685Z,KXGOLD15M-26OCT050015-15,0.0010,800.74,no
2026-10-05T04:14:25.848849Z,KXGOLD15M-26OCT050015-15,0.0020,8.81,yes
2026-10-05T04:14:26.108648Z,KXGOLD15M-26OCT050015-15,0.0010,47.77,no
2026-10-05T04:14:26.216523Z,KXGOLD15M-26OCT050015-15,0.0020,381.23,yes
2026-10-05T04:14:26.216523Z,KXGOLD15M-26OCT050015-15,0.0020,72.50,yes
2026-10-05T04:14:26.216523Z,KXGOLD15M-26OCT050015-15,0.0020,134.12,yes
2026-10-05T04:14:26.216523Z,KXGOLD15M-26OCT050015-15,0.0020,1167.49,yes
2026-10-05T04:14:26.216523Z,KXGOLD15M-26OCT050015-15,0.0020,319.45,yes
2026-10-05T04:14:27.177699Z,KXGOLD15M-26OCT050015-15,0.0010,47.33,no
2026-10-05T04:14:27.326031Z,KXGOLD15M-26OCT050015-15,0.0020,458.01,yes
2026-10-05T04:14:27.536117Z,KXGOLD15M-26OCT050015-15,0.0010,49.66,no
2026-10-05T04:14:27.722855Z,KXGOLD15M-26OCT050015-15,0.0020,8.80,yes
2026-10-05T04:14:27.722855Z,KXGOLD15M-26OCT050015-15,0.0020,23.28,yes
2026-10-05T04:14:27.907669Z,KXGOLD15M-26OCT050015-15,0.0010,10.14,no
2026-10-05T04:14:28.031493Z,KXGOLD15M-26OCT050015-15,0.0020,10.53,yes
2026-10-05T04:14:28.225278Z,KXGOLD15M-26OCT050015-15,0.0030,185.14,yes
2026-10-05T04:14:28.225278Z,KXGOLD15M-26OCT050015-15,0.0020,49.66,yes
2026-10-05T04:14:28.225278Z,KXGOLD15M-26OCT050015-15,0.0020,10.14,yes
2026-10-05T04:14:28.225278Z,KXGOLD15M-26OCT050015-15,0.0020,47.33,yes
2026-10-05T04:14:28.225278Z,KXGOLD15M-26OCT050015-15,0.0020,28.44,yes
2026-10-05T04:14:28.553844Z,KXGOLD15M-26OCT050015-15,0.0010,117.74,no
2026-10-05T04:14:29.359519Z,KXGOLD15M-26OCT050015-15,0.0010,116.58,no
2026-10-05T04:14:30.927683Z,KXGOLD15M-26OCT050015-15,0.0010,11.11,no
2026-10-05T04:14:31.061062Z,KXGOLD15M-26OCT050015-15,0.0010,18.18,no
2026-10-05T04:14:31.562169Z,KXGOLD15M-26OCT050015-15,0.0020,115.97,yes
2026-10-05T04:14:31.562169Z,KXGOLD15M-26OCT050015-15,0.0020,117.74,yes
2026-10-05T04:14:31.562169Z,KXGOLD15M-26OCT050015-15,0.0020,0.01,yes
2026-10-05T04:14:31.614387Z,KXGOLD15M-26OCT050015-15,0.0010,9.83,no
2026-10-05T04:14:31.64298Z,KXGOLD15M-26OCT050015-15,0.0010,135.00,no
2026-10-05T04:14:32.098019Z,KXGOLD15M-26OCT050015-15,0.0010,29.90,no
2026-10-05T04:14:32.140156Z,KXGOLD15M-26OCT050015-15,0.0010,75.27,no
2026-10-05T04:14:32.140156Z,KXGOLD15M-26OCT050015-15,0.0010,202.72,no
2026-10-05T04:14:32.158782Z,KXGOLD15M-26OCT050015-15,0.0030,139.65,yes
2026-10-05T04:14:32.158782Z,KXGOLD15M-26OCT050015-15,0.0020,29.90,yes
2026-10-05T04:14:32.158782Z,KXGOLD15M-26OCT050015-15,0.0020,75.27,yes
2026-10-05T04:14:32.158782Z,KXGOLD15M-26OCT050015-15,0.0020,9.83,yes
2026-10-05T04:14:32.158782Z,KXGOLD15M-26OCT050015-15,0.0020,135.00,yes
2026-10-05T04:14:32.409656Z,KXGOLD15M-26OCT050015-15,0.0030,165.20,yes
2026-10-05T04:14:32.409656Z,KXGOLD15M-26OCT050015-15,0.0020,202.72,yes
2026-10-05T04:14:32.806276Z,KXGOLD15M-26OCT050015-15,0.0010,50.03,no
2026-10-05T04:14:33.058123Z,KXGOLD15M-26OCT050015-15,0.0010,10.00,no
2026-10-05T04:14:33.679345Z,KXGOLD15M-26OCT050015-15,0.0010,70.83,no
2026-10-05T04:14:34.433259Z,KXGOLD15M-26OCT050015-15,0.0020,2.06,yes
2026-10-05T04:14:34.682643Z,KXGOLD15M-26OCT050015-15,0.0010,1.00,no
2026-10-05T04:14:34.760246Z,KXGOLD15M-26OCT050015-15,0.0010,76.17,no
2026-10-05T04:14:34.910867Z,KXGOLD15M-26OCT050015-15,0.0020,76.17,yes
2026-10-05T04:14:34.910867Z,KXGOLD15M-26OCT050015-15,0.0020,1.00,yes
2026-10-05T04:14:34.910867Z,KXGOLD15M-26OCT050015-15,0.0020,10.00,yes
2026-10-05T04:14:34.910867Z,KXGOLD15M-26OCT050015-15,0.0020,70.83,yes
2026-10-05T04:14:34.910867Z,KXGOLD15M-26OCT050015-15,0.0020,47.97,yes
2026-10-05T04:14:34.910867Z,KXGOLD15M-26OCT050015-15,0.0030,460.82,yes
2026-10-05T04:14:35.867955Z,KXGOLD15M-26OCT050015-15,0.0030,305.35,yes
2026-10-05T04:14:36.149349Z,KXGOLD15M-26OCT050015-15,0.0010,0.09,no
2026-10-05T04:14:36.192164Z,KXGOLD15M-26OCT050015-15,0.0010,165.15,no
2026-10-05T04:14:36.19685Z,KXGOLD15M-26OCT050015-15,0.0010,25.02,no
2026-10-05T04:14:36.709346Z,KXGOLD15M-26OCT050015-15,0.0020,0.09,yes
2026-10-05T04:14:36.709346Z,KXGOLD15M-26OCT050015-15,0.0020,165.15,yes
2026-10-05T04:14:36.709346Z,KXGOLD15M-26OCT050015-15,0.0020,25.02,yes
2026-10-05T04:14:36.709346Z,KXGOLD15M-26OCT050015-15,0.0030,174.41,yes
2026-10-05T04:14:36.808113Z,KXGOLD15M-26OCT050015-15,0.0030,155.79,yes
2026-10-05T04:14:36.839346Z,KXGOLD15M-26OCT050015-15,0.0010,198.10,no
2026-10-05T04:14:36.839346Z,KXGOLD15M-26OCT050015-15,0.0010,1.00,no
2026-10-05T04:14:36.839346Z,KXGOLD15M-26OCT050015-15,0.0010,400.00,no
2026-10-05T04:14:36.839346Z,KXGOLD15M-26OCT050015-15,0.0010,1.00,no
2026-10-05T04:14:36.839346Z,KXGOLD15M-26OCT050015-15,0.0010,648.99,no
2026-10-05T04:14:36.856454Z,KXGOLD15M-26OCT050015-15,0.0020,400.00,no
2026-10-05T04:14:38.295879Z,KXGOLD15M-26OCT050015-15,0.0010,3.00,no
2026-10-05T04:14:38.405295Z,KXGOLD15M-26OCT050015-15,0.0010,21.02,no
2026-10-05T04:14:38.864031Z,KXGOLD15M-26OCT050015-15,0.0030,16.09,yes
2026-10-05T04:14:38.864031Z,KXGOLD15M-26OCT050015-15,0.0020,40.00,yes
2026-10-05T04:14:38.864031Z,KXGOLD15M-26OCT050015-15,0.0020,198.00,yes
2026-10-05T04:14:38.864031Z,KXGOLD15M-26OCT050015-15,0.0020,648.99,yes
2026-10-05T04:14:38.917137Z,KXGOLD15M-26OCT050015-15,0.0030,162.76,yes
2026-10-05T04:14:38.917137Z,KXGOLD15M-26OCT050015-15,0.0020,24.00,yes
2026-10-05T04:14:39.037892Z,KXGOLD15M-26OCT050015-15,0.0010,20.01,no
2026-10-05T04:14:40.068602Z,KXGOLD15M-26OCT050015-15,0.0010,494.96,no
2026-10-05T04:14:40.072747Z,KXGOLD15M-26OCT050015-15,0.0020,20.00,yes
2026-10-05T04:14:40.950431Z,KXGOLD15M-26OCT050015-15,0.0020,387.02,yes
2026-10-05T04:14:41.165732Z,KXGOLD15M-26OCT050015-15,0.0010,2224.06,no
2026-10-05T04:14:41.190698Z,KXGOLD15M-26OCT050015-15,0.0010,1.00,no
2026-10-05T04:14:42.186101Z,KXGOLD15M-26OCT050015-15,0.0010,273.09,no
2026-10-05T04:14:42.318431Z,KXGOLD15M-26OCT050015-15,0.0020,107.98,yes
2026-10-05T04:14:42.318431Z,KXGOLD15M-26OCT050015-15,0.0020,350.03,yes
2026-10-05T04:14:42.610375Z,KXGOLD15M-26OCT050015-15,0.0020,458.01,yes
2026-10-05T04:14:42.665189Z,KXGOLD15M-26OCT050015-15,0.0020,1374.03,yes
2026-10-05T04:14:42.769701Z,KXGOLD15M-26OCT050015-15,0.0010,25.02,no
2026-10-05T04:14:43.307797Z,KXGOLD15M-26OCT050015-15,0.0020,42.93,yes
2026-10-05T04:14:43.307797Z,KXGOLD15M-26OCT050015-15,0.0020,415.08,yes
2026-10-05T04:14:43.510681Z,KXGOLD15M-26OCT050015-15,0.0020,654.29,yes
2026-10-05T04:14:43.8216Z,KXGOLD15M-26OCT050015-15,0.0020,81.00,yes
2026-10-05T04:14:44.360637Z,KXGOLD15M-26OCT050015-15,0.0020,916.02,yes
2026-10-05T04:14:44.555961Z,KXGOLD15M-26OCT050015-15,0.0010,77.94,no
2026-10-05T04:14:44.560396Z,KXGOLD15M-26OCT050015-15,0.0020,458.01,yes
2026-10-05T04:14:44.682683Z,KXGOLD15M-26OCT050015-15,0.0010,50.04,no
2026-10-05T04:14:44.748121Z,KXGOLD15M-26OCT050015-15,0.0010,88.29,no
2026-10-05T04:14:44.77054Z,KXGOLD15M-26OCT050015-15,0.0010,25.00,no
2026-10-05T04:14:44.791856Z,KXGOLD15M-26OCT050015-15,0.0010,66.12,no
2026-10-05T04:14:45.015423Z,KXGOLD15M-26OCT050015-15,0.0010,6432.35,no
2026-10-05T04:14:45.015423Z,KXGOLD15M-26OCT050015-15,0.0010,687.32,no
2026-10-05T04:14:45.015423Z,KXGOLD15M-26OCT050015-15,0.0010,50.60,no
2026-10-05T04:14:45.015423Z,KXGOLD15M-26OCT050015-15,0.0010,103.00,no
2026-10-05T04:14:45.015423Z,KXGOLD15M-26OCT050015-15,0.0010,50.60,no
2026-10-05T04:14:45.015423Z,KXGOLD15M-26OCT050015-15,0.0010,199.00,no
2026-10-05T04:14:45.015423Z,KXGOLD15M-26OCT050015-15,0.0010,24.00,no
2026-10-05T04:14:45.015423Z,KXGOLD15M-26OCT050015-15,0.0010,7.00,no
2026-10-05T04:14:45.015423Z,KXGOLD15M-26OCT050015-15,0.0010,387.00,no
2026-10-05T04:14:45.015423Z,KXGOLD15M-26OCT050015-15,0.0010,3.00,no
2026-10-05T04:14:45.015423Z,KXGOLD15M-26OCT050015-15,0.0010,20.00,no
2026-10-05T04:14:45.015423Z,KXGOLD15M-26OCT050015-15,0.0010,3.00,no
2026-10-05T04:14:45.015423Z,KXGOLD15M-26OCT050015-15,0.0010,17.00,no
2026-10-05T04:14:45.015423Z,KXGOLD15M-26OCT050015-15,0.0010,350.00,no
2026-10-05T04:14:45.015423Z,KXGOLD15M-26OCT050015-15,0.0010,108.00,no
2026-10-05T04:14:45.015423Z,KXGOLD15M-26OCT050015-15,0.0010,1.00,no
2026-10-05T04:14:45.015423Z,KXGOLD15M-26OCT050015-15,0.0010,1.00,no
2026-10-05T04:14:45.015423Z,KXGOLD15M-26OCT050015-15,0.0010,458.00,no
2026-10-05T04:14:45.015423Z,KXGOLD15M-26OCT050015-15,0.0010,4.00,no
2026-10-05T04:14:45.015423Z,KXGOLD15M-26OCT050015-15,0.0010,3.00,no
2026-10-05T04:14:45.015423Z,KXGOLD15M-26OCT050015-15,0.0010,1374.00,no
2026-10-05T04:14:45.015423Z,KXGOLD15M-26OCT050015-15,0.0010,13.00,no
2026-10-05T04:14:45.015423Z,KXGOLD15M-26OCT050015-15,0.0010,3.00,no
2026-10-05T04:14:45.015423Z,KXGOLD15M-26OCT050015-15,0.0010,2.00,no
2026-10-05T04:14:45.015423Z,KXGOLD15M-26OCT050015-15,0.0010,43.00,no
2026-10-05T04:14:45.015423Z,KXGOLD15M-26OCT050015-15,0.0010,1.00,no
2026-10-05T04:14:45.015423Z,KXGOLD15M-26OCT050015-15,0.0010,9.00,no
2026-10-05T04:14:45.015423Z,KXGOLD15M-26OCT050015-15,0.0010,5.00,no
2026-10-05T04:14:45.015423Z,KXGOLD15M-26OCT050015-15,0.0010,102.00,no
2026-10-05T04:14:45.015423Z,KXGOLD15M-26OCT050015-15,0.0010,45.71,no
2026-10-05T04:14:45.015423Z,KXGOLD15M-26OCT050015-15,0.0010,54.29,no
2026-10-05T04:14:45.015423Z,KXGOLD15M-26OCT050015-15,0.0010,245.01,no
2026-10-05T04:14:45.015423Z,KXGOLD15M-26OCT050015-15,0.0010,256.59,no
2026-10-05T04:14:45.015423Z,KXGOLD15M-26OCT050015-15,0.0010,20.57,no
2026-10-05T04:14:45.015423Z,KXGOLD15M-26OCT050015-15,0.0010,100.42,no
2026-10-05T04:14:45.015423Z,KXGOLD15M-26OCT050015-15,0.0010,1112.03,no
2026-10-05T04:14:45.015423Z,KXGOLD15M-26OCT050015-15,0.0010,104.28,no
2026-10-05T04:14:45.015423Z,KXGOLD15M-26OCT050015-15,0.0010,180.86,no
2026-10-05T04:14:45.015423Z,KXGOLD15M-26OCT050015-15,0.0010,124.48,no
2026-10-05T04:14:45.015423Z,KXGOLD15M-26OCT050015-15,0.0010,7.06,no
2026-10-05T04:14:45.015423Z,KXGOLD15M-26OCT050015-15,0.0010,49.80,no
2026-10-05T04:14:45.015423Z,KXGOLD15M-26OCT050015-15,0.0010,305.35,no
2026-10-05T04:14:45.015423Z,KXGOLD15M-26OCT050015-15,0.0010,49.80,no
2026-10-05T04:14:45.015423Z,KXGOLD15M-26OCT050015-15,0.0010,8.81,no
2026-10-05T04:14:45.015423Z,KXGOLD15M-26OCT050015-15,0.0010,38.35,no
2026-10-05T04:14:45.015423Z,KXGOLD15M-26OCT050015-15,0.0010,391.18,no
2026-10-05T04:14:45.015423Z,KXGOLD15M-26OCT050015-15,0.0010,1167.49,no
2026-10-05T04:14:47.077838Z,KXGOLD15M-26OCT050015-15,0.0010,897.30,yes
2026-10-05T04:14:47.469313Z,KXGOLD15M-26OCT050015-15,0.0010,5495.73,yes
2026-10-05T04:14:48.057964Z,KXGOLD15M-26OCT050015-15,0.0010,915.99,yes
2026-10-05T04:14:49.686601Z,KXGOLD15M-26OCT050015-15,0.0010,69.29,yes
2026-10-05T04:14:49.80874Z,KXGOLD15M-26OCT050015-15,0.0010,311.59,yes
2026-10-05T04:14:49.809162Z,KXGOLD15M-26OCT050015-15,0.0010,5.35,yes
2026-10-05T04:14:50.369539Z,KXGOLD15M-26OCT050015-15,0.0010,1831.90,yes
2026-10-05T04:14:50.632559Z,KXGOLD15M-26OCT050015-15,0.0010,272.20,yes
2026-10-05T04:14:52.520709Z,KXGOLD15M-26OCT050015-15,0.0010,44.00,yes
2026-10-05T04:14:52.92748Z,KXGOLD15M-26OCT050015-15,0.0010,0.81,yes
2026-10-05T04:14:53.363179Z,KXGOLD15M-26OCT050015-15,0.0010,915.99,yes
2026-10-05T04:14:54.794635Z,KXGOLD15M-26OCT050015-15,0.0010,915.99,yes
2026-10-05T04:14:57.176421Z,KXGOLD15M-26OCT050015-15,0.0010,1831.90,yes
2026-10-05T04:14:58.038057Z,KXGOLD15M-26OCT050015-15,0.0010,915.99,yes
2026-10-05T04:14:59.693145Z,KXGOLD15M-26OCT050015-15,0.0010,904.00,yes
2026-10-05T04:12:37.782942Z,KXZEC15M-26OCT050015-15,0.9560,5.00,yes
2026-10-05T04:12:37.782942Z,KXZEC15M-26OCT050015-15,0.9510,1.00,yes
2026-10-05T04:12:41.426127Z,KXZEC15M-26OCT050015-15,0.9600,1.03,yes
2026-10-05T04:12:41.76328Z,KXZEC15M-26OCT050015-15,0.9240,10.00,no
2026-10-05T04:12:41.76328Z,KXZEC15M-26OCT050015-15,0.9230,24.00,no
2026-10-05T04:12:41.76328Z,KXZEC15M-26OCT050015-15,0.9160,12.00,no
2026-10-05T04:12:41.76328Z,KXZEC15M-26OCT050015-15,0.9160,1.00,no
2026-10-05T04:12:41.76328Z,KXZEC15M-26OCT050015-15,0.9150,3.00,no
2026-10-05T04:12:41.957539Z,KXZEC15M-26OCT050015-15,0.9600,1.00,yes
2026-10-05T04:12:42.580687Z,KXZEC15M-26OCT050015-15,0.9150,1.00,no
2026-10-05T04:12:42.580687Z,KXZEC15M-26OCT050015-15,0.9170,10.00,no
2026-10-05T04:12:42.580687Z,KXZEC15M-26OCT050015-15,0.9020,35.18,no
2026-10-05T04:12:42.580687Z,KXZEC15M-26OCT050015-15,0.9100,1.00,no
2026-10-05T04:12:42.580687Z,KXZEC15M-26OCT050015-15,0.9160,1.00,no
2026-10-05T04:12:42.580687Z,KXZEC15M-26OCT050015-15,0.9070,1.00,no
2026-10-05T04:12:42.623024Z,KXZEC15M-26OCT050015-15,0.9600,1.00,yes
2026-10-05T04:12:43.917598Z,KXZEC15M-26OCT050015-15,0.9160,0.08,no
2026-10-05T04:12:46.595096Z,KXZEC15M-26OCT050015-15,0.9070,1.00,no
2026-10-05T04:12:46.595096Z,KXZEC15M-26OCT050015-15,0.9100,1.00,no
2026-10-05T04:12:46.595096Z,KXZEC15M-26OCT050015-15,0.9070,15.55,no
2026-10-05T04:12:46.595096Z,KXZEC15M-26OCT050015-15,0.9100,1.00,no
2026-10-05T04:12:46.595096Z,KXZEC15M-26OCT050015-15,0.9150,1.00,no
2026-10-05T04:12:46.595096Z,KXZEC15M-26OCT050015-15,0.9090,6.00,no
2026-10-05T04:12:46.595096Z,KXZEC15M-26OCT050015-15,0.9180,1.00,no
2026-10-05T04:12:46.595096Z,KXZEC15M-26OCT050015-15,0.9080,4.00,no
2026-10-05T04:12:46.595096Z,KXZEC15M-26OCT050015-15,0.9190,10.00,no
2026-10-05T04:12:49.773753Z,KXZEC15M-26OCT050015-15,0.9650,3.97,yes
2026-10-05T04:12:49.773753Z,KXZEC15M-26OCT050015-15,0.9650,1.00,yes
2026-10-05T04:12:49.773753Z,KXZEC15M-26OCT050015-15,0.9650,19.00,yes
2026-10-05T04:12:49.773753Z,KXZEC15M-26OCT050015-15,0.9660,18.00,yes
2026-10-05T04:12:49.773753Z,KXZEC15M-26OCT050015-15,0.9690,1.00,yes
2026-10-05T04:12:49.773753Z,KXZEC15M-26OCT050015-15,0.9700,12.00,yes
2026-10-05T04:12:49.773753Z,KXZEC15M-26OCT050015-15,0.9700,6.66,yes
2026-10-05T04:12:49.886125Z,KXZEC15M-26OCT050015-15,0.9720,40.00,yes
2026-10-05T04:12:49.886125Z,KXZEC15M-26OCT050015-15,0.9740,5.00,yes
2026-10-05T04:12:51.020899Z,KXZEC15M-26OCT050015-15,0.9470,20.00,no
2026-10-05T04:12:51.161315Z,KXZEC15M-26OCT050015-15,0.9750,4.00,yes
2026-10-05T04:12:52.069878Z,KXZEC15M-26OCT050015-15,0.9770,2.80,yes
2026-10-05T04:12:52.069878Z,KXZEC15M-26OCT050015-15,0.9760,1.00,yes
2026-10-05T04:12:52.835427Z,KXZEC15M-26OCT050015-15,0.9500,14.64,no
2026-10-05T04:12:52.835427Z,KXZEC15M-26OCT050015-15,0.9500,20.00,no
2026-10-05T04:12:54.114489Z,KXZEC15M-26OCT050015-15,0.9790,4.00,yes
2026-10-05T04:12:54.114489Z,KXZEC15M-26OCT050015-15,0.9790,15.00,yes
2026-10-05T04:12:54.114489Z,KXZEC15M-26OCT050015-15,0.9790,1.00,yes
2026-10-05T04:12:54.214051Z,KXZEC15M-26OCT050015-15,0.9790,1.00,yes
2026-10-05T04:12:54.214051Z,KXZEC15M-26OCT050015-15,0.9790,15.00,yes
2026-10-05T04:12:54.214051Z,KXZEC15M-26OCT050015-15,0.9800,4.00,yes
2026-10-05T04:12:54.682964Z,KXZEC15M-26OCT050015-15,0.9790,15.00,yes
2026-10-05T04:12:54.682964Z,KXZEC15M-26OCT050015-15,0.9790,5.00,yes
2026-10-05T04:12:54.682964Z,KXZEC15M-26OCT050015-15,0.9800,7.00,yes
2026-10-05T04:12:54.682964Z,KXZEC15M-26OCT050015-15,0.9800,20.00,yes
2026-10-05T04:12:54.682964Z,KXZEC15M-26OCT050015-15,0.9800,10.00,yes
2026-10-05T04:12:55.030894Z,KXZEC15M-26OCT050015-15,0.9810,10.00,yes
2026-10-05T04:12:56.03039Z,KXZEC15M-26OCT050015-15,0.9810,10.00,yes
2026-10-05T04:12:56.03039Z,KXZEC15M-26OCT050015-15,0.9820,0.17,yes
2026-10-05T04:12:56.075334Z,KXZEC15M-26OCT050015-15,0.9800,10.00,no
2026-10-05T04:12:56.075334Z,KXZEC15M-26OCT050015-15,0.9800,0.27,no
2026-10-05T04:12:56.075334Z,KXZEC15M-26OCT050015-15,0.9810,0.17,no
2026-10-05T04:12:56.075334Z,KXZEC15M-26OCT050015-15,0.9800,64.00,no
2026-10-05T04:12:56.962595Z,KXZEC15M-26OCT050015-15,0.9800,9.73,no
2026-10-05T04:12:56.962595Z,KXZEC15M-26OCT050015-15,0.9790,12.92,no
2026-10-05T04:12:58.102135Z,KXZEC15M-26OCT050015-15,0.9820,6.00,yes
2026-10-05T04:12:58.543095Z,KXZEC15M-26OCT050015-15,0.9820,10.00,yes
2026-10-05T04:12:58.743179Z,KXZEC15M-26OCT050015-15,0.9810,10.00,no
2026-10-05T04:12:58.743179Z,KXZEC15M-26OCT050015-15,0.9810,6.00,no
2026-10-05T04:12:59.316843Z,KXZEC15M-26OCT050015-15,0.9790,6.00,no
2026-10-05T04:13:00.478569Z,KXZEC15M-26OCT050015-15,0.9820,5.00,yes
2026-10-05T04:13:00.478569Z,KXZEC15M-26OCT050015-15,0.9830,1.17,yes
2026-10-05T04:13:00.478569Z,KXZEC15M-26OCT050015-15,0.9820,3.83,yes
2026-10-05T04:13:01.421691Z,KXZEC15M-26OCT050015-15,0.9790,1.08,no
2026-10-05T04:13:01.421691Z,KXZEC15M-26OCT050015-15,0.9760,3.51,no
2026-10-05T04:13:01.421691Z,KXZEC15M-26OCT050015-15,0.9820,1.17,no
2026-10-05T04:13:01.421691Z,KXZEC15M-26OCT050015-15,0.9820,9.70,no
2026-10-05T04:13:01.421691Z,KXZEC15M-26OCT050015-15,0.9790,4.00,no
2026-10-05T04:13:01.421691Z,KXZEC15M-26OCT050015-15,0.9810,3.83,no
2026-10-05T04:13:02.573741Z,KXZEC15M-26OCT050015-15,0.9830,10.00,yes
2026-10-05T04:13:03.42833Z,KXZEC15M-26OCT050015-15,0.9760,0.78,no
2026-10-05T04:13:05.597964Z,KXZEC15M-26OCT050015-15,0.9820,152.00,yes
2026-10-05T04:13:05.9583Z,KXZEC15M-26OCT050015-15,0.9820,32.00,yes
2026-10-05T04:13:06.639905Z,KXZEC15M-26OCT050015-15,0.9830,5.00,yes
2026-10-05T04:13:06.639905Z,KXZEC15M-26OCT050015-15,0.9820,16.00,yes
2026-10-05T04:13:06.639905Z,KXZEC15M-26OCT050015-15,0.9840,7.17,yes
2026-10-05T04:13:06.639905Z,KXZEC15M-26OCT050015-15,0.9830,8.83,yes
2026-10-05T04:13:07.985829Z,KXZEC15M-26OCT050015-15,0.9820,1.03,no
2026-10-05T04:13:08.691483Z,KXZEC15M-26OCT050015-15,0.9820,4.73,no
2026-10-05T04:13:08.691483Z,KXZEC15M-26OCT050015-15,0.9820,7.80,no
2026-10-05T04:13:09.633003Z,KXZEC15M-26OCT050015-15,0.9840,18.00,yes
2026-10-05T04:13:09.633003Z,KXZEC15M-26OCT050015-15,0.9840,5.00,yes
2026-10-05T04:13:09.633003Z,KXZEC15M-26OCT050015-15,0.9860,20.00,yes
2026-10-05T04:13:09.633003Z,KXZEC15M-26OCT050015-15,0.9840,12.83,yes
2026-10-05T04:13:09.633003Z,KXZEC15M-26OCT050015-15,0.9850,20.00,yes
2026-10-05T04:13:09.633003Z,KXZEC15M-26OCT050015-15,0.9900,27.00,yes
2026-10-05T04:13:09.633003Z,KXZEC15M-26OCT050015-15,0.9900,25.00,yes
2026-10-05T04:13:09.633003Z,KXZEC15M-26OCT050015-15,0.9900,20.00,yes
2026-10-05T04:13:09.633003Z,KXZEC15M-26OCT050015-15,0.9880,20.00,yes
2026-10-05T04:13:09.633003Z,KXZEC15M-26OCT050015-15,0.9890,20.00,yes
2026-10-05T04:13:09.633003Z,KXZEC15M-26OCT050015-15,0.9870,20.00,yes
2026-10-05T04:13:09.633003Z,KXZEC15M-26OCT050015-15,0.9890,1.00,yes
2026-10-05T04:13:09.633003Z,KXZEC15M-26OCT050015-15,0.9900,4.44,yes
2026-10-05T04:13:09.633003Z,KXZEC15M-26OCT050015-15,0.9900,25.00,yes
2026-10-05T04:13:09.633003Z,KXZEC15M-26OCT050015-15,0.9890,51.00,yes
2026-10-05T04:13:09.721333Z,KXZEC15M-26OCT050015-15,0.9900,6.00,yes
2026-10-05T04:13:13.305983Z,KXZEC15M-26OCT050015-15,0.9890,16.00,yes
2026-10-05T04:13:13.305983Z,KXZEC15M-26OCT050015-15,0.9890,1.00,yes
2026-10-05T04:13:13.305983Z,KXZEC15M-26OCT050015-15,0.9900,13.03,yes
2026-10-05T04:13:13.578431Z,KXZEC15M-26OCT050015-15,0.9900,2.47,yes
2026-10-05T04:13:13.578431Z,KXZEC15M-26OCT050015-15,0.9900,1.53,yes
2026-10-05T04:13:16.043568Z,KXZEC15M-26OCT050015-15,0.9890,4.00,yes
2026-10-05T04:13:16.043568Z,KXZEC15M-26OCT050015-15,0.9900,0.92,yes
2026-10-05T04:13:16.043568Z,KXZEC15M-26OCT050015-15,0.9900,3.97,yes
2026-10-05T04:13:16.043568Z,KXZEC15M-26OCT050015-15,0.9900,10.58,yes
2026-10-05T04:13:16.043568Z,KXZEC15M-26OCT050015-15,0.9900,17.53,yes
2026-10-05T04:13:18.215345Z,KXZEC15M-26OCT050015-15,0.9900,24.08,yes
2026-10-05T04:13:19.149316Z,KXZEC15M-26OCT050015-15,0.9900,75.92,no
2026-10-05T04:13:19.149316Z,KXZEC15M-26OCT050015-15,0.9900,17.59,no
2026-10-05T04:13:19.255165Z,KXZEC15M-26OCT050015-15,0.9880,20.00,no
2026-10-05T04:13:19.255165Z,KXZEC15M-26OCT050015-15,0.9900,6.49,no
2026-10-05T04:13:19.255165Z,KXZEC15M-26OCT050015-15,0.9890,20.00,no
2026-10-05T04:13:19.255701Z,KXZEC15M-26OCT050015-15,0.9870,20.00,no
2026-10-05T04:13:19.281293Z,KXZEC15M-26OCT050015-15,0.9860,11.00,no
2026-10-05T04:13:19.281293Z,KXZEC15M-26OCT050015-15,0.9860,42.00,no
2026-10-05T04:13:21.280912Z,KXZEC15M-26OCT050015-15,0.9910,2.01,yes
2026-10-05T04:13:24.383885Z,KXZEC15M-26OCT050015-15,0.9910,1.00,yes
2026-10-05T04:13:24.988945Z,KXZEC15M-26OCT050015-15,0.9910,5.00,yes
2026-10-05T04:13:25.972064Z,KXZEC15M-26OCT050015-15,0.9910,2.01,yes
2026-10-05T04:13:26.434153Z,KXZEC15M-26OCT050015-15,0.9910,9.98,yes
2026-10-05T04:13:28.044696Z,KXZEC15M-26OCT050015-15,0.9910,47.00,no
2026-10-05T04:13:28.432117Z,KXZEC15M-26OCT050015-15,0.9920,15.00,yes
2026-10-05T04:13:28.853718Z,KXZEC15M-26OCT050015-15,0.9910,34.13,no
2026-10-05T04:13:29.504682Z,KXZEC15M-26OCT050015-15,0.9920,2.01,yes
2026-10-05T04:13:30.215645Z,KXZEC15M-26OCT050015-15,0.9920,2.01,yes
2026-10-05T04:13:35.940556Z,KXZEC15M-26OCT050015-15,0.9920,0.98,yes
2026-10-05T04:13:35.940556Z,KXZEC15M-26OCT050015-15,0.9930,0.02,yes
2026-10-05T04:13:35.965884Z,KXZEC15M-26OCT050015-15,0.9930,1.00,yes
2026-10-05T04:13:37.112921Z,KXZEC15M-26OCT050015-15,0.9930,1.00,yes
2026-10-05T04:13:38.446807Z,KXZEC15M-26OCT050015-15,0.9930,17.98,yes
2026-10-05T04:13:38.520578Z,KXZEC15M-26OCT050015-15,0.9920,0.02,no
2026-10-05T04:13:38.520578Z,KXZEC15M-26OCT050015-15,0.9920,1.00,no
2026-10-05T04:13:38.520578Z,KXZEC15M-26OCT050015-15,0.9920,2.00,no
2026-10-05T04:13:38.520578Z,KXZEC15M-26OCT050015-15,0.9920,0.13,no
2026-10-05T04:13:38.520578Z,KXZEC15M-26OCT050015-15,0.9930,0.92,no
2026-10-05T04:13:38.520578Z,KXZEC15M-26OCT050015-15,0.9920,42.00,no
2026-10-05T04:13:38.520578Z,KXZEC15M-26OCT050015-15,0.9930,25.00,no
2026-10-05T04:13:40.654512Z,KXZEC15M-26OCT050015-15,0.9950,20.00,yes
2026-10-05T04:13:40.654512Z,KXZEC15M-26OCT050015-15,0.9950,1.00,yes
2026-10-05T04:13:40.654512Z,KXZEC15M-26OCT050015-15,0.9940,20.00,yes
2026-10-05T04:13:40.654512Z,KXZEC15M-26OCT050015-15,0.9950,9.00,yes
2026-10-05T04:13:40.835282Z,KXZEC15M-26OCT050015-15,0.9950,1.00,yes
2026-10-05T04:13:41.846367Z,KXZEC15M-26OCT050015-15,0.9950,1.00,yes
2026-10-05T04:13:44.169492Z,KXZEC15M-26OCT050015-15,0.9940,3.00,no
2026-10-05T04:13:44.58132Z,KXZEC15M-26OCT050015-15,0.9960,4.00,yes
2026-10-05T04:13:44.643919Z,KXZEC15M-26OCT050015-15,0.9950,3.00,no
2026-10-05T04:13:44.646159Z,KXZEC15M-26OCT050015-15,0.9950,1.00,no
2026-10-05T04:13:44.646159Z,KXZEC15M-26OCT050015-15,0.9940,6.00,no
2026-10-05T04:13:45.095669Z,KXZEC15M-26OCT050015-15,0.9960,1.00,yes
2026-10-05T04:13:49.832432Z,KXZEC15M-26OCT050015-15,0.9960,3.01,yes
2026-10-05T04:13:52.315234Z,KXZEC15M-26OCT050015-15,0.9960,9.43,yes
2026-10-05T04:13:52.315234Z,KXZEC15M-26OCT050015-15,0.9960,11.99,yes
2026-10-05T04:13:52.315234Z,KXZEC15M-26OCT050015-15,0.9960,1.00,yes
2026-10-05T04:13:52.315234Z,KXZEC15M-26OCT050015-15,0.9960,1.00,yes
2026-10-05T04:13:52.315234Z,KXZEC15M-26OCT050015-15,0.9960,1.00,yes
2026-10-05T04:13:52.315234Z,KXZEC15M-26OCT050015-15,0.9960,1.00,yes
2026-10-05T04:13:52.315234Z,KXZEC15M-26OCT050015-15,0.9960,1.00,yes
2026-10-05T04:13:52.315234Z,KXZEC15M-26OCT050015-15,0.9960,13.00,yes
2026-10-05T04:13:55.121653Z,KXZEC15M-26OCT050015-15,0.9970,3.00,yes
2026-10-05T04:13:59.908083Z,KXZEC15M-26OCT050015-15,0.9960,2.43,no
2026-10-05T04:14:00.056279Z,KXZEC15M-26OCT050015-15,0.9970,17.00,yes
2026-10-05T04:14:00.056279Z,KXZEC15M-26OCT050015-15,0.9970,18.00,yes
2026-10-05T04:14:00.056279Z,KXZEC15M-26OCT050015-15,0.9970,2.00,yes
2026-10-05T04:14:00.056279Z,KXZEC15M-26OCT050015-15,0.9970,2.00,yes
2026-10-05T04:14:00.056279Z,KXZEC15M-26OCT050015-15,0.9970,2.00,yes
2026-10-05T04:14:00.056279Z,KXZEC15M-26OCT050015-15,0.9970,2.00,yes
2026-10-05T04:14:00.056279Z,KXZEC15M-26OCT050015-15,0.9970,2.00,yes
2026-10-05T04:14:00.218913Z,KXZEC15M-26OCT050015-15,0.9970,0.25,no
2026-10-05T04:14:00.876218Z,KXZEC15M-26OCT050015-15,0.9970,3.00,yes
2026-10-05T04:14:01.550815Z,KXZEC15M-26OCT050015-15,0.9970,5.00,no
2026-10-05T04:14:01.550815Z,KXZEC15M-26OCT050015-15,0.9970,100.00,no
2026-10-05T04:14:01.550815Z,KXZEC15M-26OCT050015-15,0.9960,128.15,no
2026-10-05T04:14:01.550815Z,KXZEC15M-26OCT050015-15,0.9960,0.57,no
2026-10-05T04:14:03.864415Z,KXZEC15M-26OCT050015-15,0.9980,26.26,yes
2026-10-05T04:14:03.864415Z,KXZEC15M-26OCT050015-15,0.9980,200.00,yes
2026-10-05T04:14:06.093619Z,KXZEC15M-26OCT050015-15,0.9960,784.68,no
2026-10-05T04:14:06.093619Z,KXZEC15M-26OCT050015-15,0.9970,0.01,no
2026-10-05T04:14:06.093619Z,KXZEC15M-26OCT050015-15,0.9970,100.00,no
2026-10-05T04:14:06.093619Z,KXZEC15M-26OCT050015-15,0.9970,2.00,no
2026-10-05T04:14:06.093619Z,KXZEC15M-26OCT050015-15,0.9970,3.00,no
2026-10-05T04:14:06.093619Z,KXZEC15M-26OCT050015-15,0.9970,150.00,no
2026-10-05T04:14:06.093619Z,KXZEC15M-26OCT050015-15,0.9970,2.00,no
2026-10-05T04:14:06.093619Z,KXZEC15M-26OCT050015-15,0.9970,10.00,no
2026-10-05T04:14:06.786735Z,KXZEC15M-26OCT050015-15,0.9980,36.00,yes
2026-10-05T04:14:06.8701Z,KXZEC15M-26OCT050015-15,0.9980,54.00,yes
2026-10-05T04:14:07.639653Z,KXZEC15M-26OCT050015-15,0.9980,0.13,yes
2026-10-05T04:14:08.962885Z,KXZEC15M-26OCT050015-15,0.9980,1.00,yes
2026-10-05T04:14:09.325143Z,KXZEC15M-26OCT050015-15,0.9990,133.98,yes
2026-10-05T04:14:09.325143Z,KXZEC15M-26OCT050015-15,0.9990,20.00,yes
2026-10-05T04:14:09.325143Z,KXZEC15M-26OCT050015-15,0.9980,20.00,yes
2026-10-05T04:14:09.325143Z,KXZEC15M-26OCT050015-15,0.9980,3.00,yes
2026-10-05T04:14:09.325143Z,KXZEC15M-26OCT050015-15,0.9980,3.00,yes
2026-10-05T04:14:09.325143Z,KXZEC15M-26OCT050015-15,0.9980,3.00,yes
2026-10-05T04:14:09.325143Z,KXZEC15M-26OCT050015-15,0.9980,3.00,yes
2026-10-05T04:14:09.325143Z,KXZEC15M-26OCT050015-15,0.9980,3.00,yes
2026-10-05T04:14:09.325143Z,KXZEC15M-26OCT050015-15,0.9990,1.00,yes
2026-10-05T04:14:09.325143Z,KXZEC15M-26OCT050015-15,0.9980,26.00,yes
2026-10-05T04:14:09.325143Z,KXZEC15M-26OCT050015-15,0.9990,1.00,yes
2026-10-05T04:14:09.325143Z,KXZEC15M-26OCT050015-15,0.9990,1.00,yes
2026-10-05T04:14:09.325143Z,KXZEC15M-26OCT050015-15,0.9990,200.00,yes
2026-10-05T04:14:09.325143Z,KXZEC15M-26OCT050015-15,0.9980,82.61,yes
2026-10-05T04:14:12.287829Z,KXZEC15M-26OCT050015-15,0.9980,152.00,no
2026-10-05T04:14:12.821369Z,KXZEC15M-26OCT050015-15,0.9990,62.00,yes
2026-10-05T04:14:12.821369Z,KXZEC15M-26OCT050015-15,0.9990,152.00,yes
2026-10-05T04:14:15.938747Z,KXZEC15M-26OCT050015-15,0.9990,183.25,no
2026-10-05T04:14:39.69349Z,KXZEC15M-26OCT050015-15,0.9990,7.00,no
2026-10-05T04:14:56.970744Z,KXZEC15M-26OCT050015-15,0.9990,183.25,no
2026-10-05T04:12:52.711963Z,KXETH15M-26OCT050015-15,0.0990,11.53,yes
2026-10-05T04:12:52.806257Z,KXETH15M-26OCT050015-15,0.0980,5.39,no
2026-10-05T04:12:53.071224Z,KXETH15M-26OCT050015-15,0.0970,7.51,no
2026-10-05T04:12:53.071224Z,KXETH15M-26OCT050015-15,0.0980,20.00,no
2026-10-05T04:12:53.590368Z,KXETH15M-26OCT050015-15,0.0970,4.00,yes
2026-10-05T04:12:53.590368Z,KXETH15M-26OCT050015-15,0.0980,1.00,yes
2026-10-05T04:12:53.590368Z,KXETH15M-26OCT050015-15,0.0960,4.00,yes
2026-10-05T04:12:53.590368Z,KXETH15M-26OCT050015-15,0.1000,3.00,yes
2026-10-05T04:12:53.590368Z,KXETH15M-26OCT050015-15,0.0990,1.00,yes
2026-10-05T04:12:53.590368Z,KXETH15M-26OCT050015-15,0.0990,3.00,yes
2026-10-05T04:12:54.300309Z,KXETH15M-26OCT050015-15,0.1000,0.58,no
2026-10-05T04:12:54.375567Z,KXETH15M-26OCT050015-15,0.1000,1.00,no
2026-10-05T04:12:54.375567Z,KXETH15M-26OCT050015-15,0.1000,1.42,no
2026-10-05T04:12:54.807679Z,KXETH15M-26OCT050015-15,0.0920,50.00,no
2026-10-05T04:12:54.807679Z,KXETH15M-26OCT050015-15,0.0880,5.00,no
2026-10-05T04:12:54.807679Z,KXETH15M-26OCT050015-15,0.0890,5.00,no
2026-10-05T04:12:54.807679Z,KXETH15M-26OCT050015-15,0.0950,6.00,no
2026-10-05T04:12:54.813055Z,KXETH15M-26OCT050015-15,0.0860,1.00,no
2026-10-05T04:12:54.813055Z,KXETH15M-26OCT050015-15,0.0820,50.00,no
2026-10-05T04:12:54.813055Z,KXETH15M-26OCT050015-15,0.0860,4.00,no
2026-10-05T04:12:54.813055Z,KXETH15M-26OCT050015-15,0.0870,5.00,no
2026-10-05T04:12:54.813055Z,KXETH15M-26OCT050015-15,0.0850,35.00,no
2026-10-05T04:12:54.813055Z,KXETH15M-26OCT050015-15,0.0850,6.00,no
2026-10-05T04:12:54.813055Z,KXETH15M-26OCT050015-15,0.0860,5.00,no
2026-10-05T04:12:54.813055Z,KXETH15M-26OCT050015-15,0.0850,15.00,no
2026-10-05T04:12:54.996072Z,KXETH15M-26OCT050015-15,0.0780,1.00,no
2026-10-05T04:12:54.996072Z,KXETH15M-26OCT050015-15,0.0700,120.47,no
2026-10-05T04:12:54.996072Z,KXETH15M-26OCT050015-15,0.0710,4.00,no
2026-10-05T04:12:54.996072Z,KXETH15M-26OCT050015-15,0.0730,22.00,no
2026-10-05T04:12:54.996072Z,KXETH15M-26OCT050015-15,0.0750,9.00,no
2026-10-05T04:12:54.996072Z,KXETH15M-26OCT050015-15,0.0760,6.00,no
2026-10-05T04:12:54.996072Z,KXETH15M-26OCT050015-15,0.0730,4.00,no
2026-10-05T04:12:54.996072Z,KXETH15M-26OCT050015-15,0.0710,15.00,no
2026-10-05T04:12:54.996072Z,KXETH15M-26OCT050015-15,0.0750,4.00,no
2026-10-05T04:12:54.996072Z,KXETH15M-26OCT050015-15,0.0720,50.00,no
2026-10-05T04:12:54.996072Z,KXETH15M-26OCT050015-15,0.0720,4.00,no
2026-10-05T04:12:54.996072Z,KXETH15M-26OCT050015-15,0.0750,9.00,no
2026-10-05T04:12:54.996072Z,KXETH15M-26OCT050015-15,0.0730,4.00,no
2026-10-05T04:12:54.996072Z,KXETH15M-26OCT050015-15,0.0780,39.00,no
2026-10-05T04:12:54.996072Z,KXETH15M-26OCT050015-15,0.0740,4.00,no
2026-10-05T04:12:55.351761Z,KXETH15M-26OCT050015-15,0.0900,18.06,yes
2026-10-05T04:12:55.353015Z,KXETH15M-26OCT050015-15,0.0810,8.59,no
2026-10-05T04:12:55.367277Z,KXETH15M-26OCT050015-15,0.0820,26.26,no
2026-10-05T04:12:55.60542Z,KXETH15M-26OCT050015-15,0.0800,9.00,no
2026-10-05T04:12:55.60542Z,KXETH15M-26OCT050015-15,0.0810,4.00,no
2026-10-05T04:12:55.60542Z,KXETH15M-26OCT050015-15,0.0800,4.00,no
2026-10-05T04:12:55.60542Z,KXETH15M-26OCT050015-15,0.0830,32.00,no
2026-10-05T04:12:55.60542Z,KXETH15M-26OCT050015-15,0.0840,6.00,no
2026-10-05T04:12:55.60542Z,KXETH15M-26OCT050015-15,0.0840,20.00,no
2026-10-05T04:12:55.60542Z,KXETH15M-26OCT050015-15,0.0800,8.55,no
2026-10-05T04:12:55.60542Z,KXETH15M-26OCT050015-15,0.0820,23.74,no
2026-10-05T04:12:55.634346Z,KXETH15M-26OCT050015-15,0.0820,48.13,no
2026-10-05T04:12:55.66379Z,KXETH15M-26OCT050015-15,0.0780,8.00,no
2026-10-05T04:12:55.66379Z,KXETH15M-26OCT050015-15,0.0820,1.87,no
2026-10-05T04:12:55.66379Z,KXETH15M-26OCT050015-15,0.0770,15.00,no
2026-10-05T04:12:55.66379Z,KXETH15M-26OCT050015-15,0.0790,4.00,no
2026-10-05T04:12:55.66379Z,KXETH15M-26OCT050015-15,0.0760,127.90,no
2026-10-05T04:12:55.708955Z,KXETH15M-26OCT050015-15,0.0950,40.00,yes
2026-10-05T04:12:55.777559Z,KXETH15M-26OCT050015-15,0.0950,22.00,yes
2026-10-05T04:12:55.777559Z,KXETH15M-26OCT050015-15,0.0980,11.00,yes
2026-10-05T04:12:55.777559Z,KXETH15M-26OCT050015-15,0.0970,6.00,yes
2026-10-05T04:12:55.777559Z,KXETH15M-26OCT050015-15,0.0960,1.00,yes
2026-10-05T04:12:56.066835Z,KXETH15M-26OCT050015-15,0.1000,107.24,yes
2026-10-05T04:12:56.066835Z,KXETH15M-26OCT050015-15,0.0990,6.00,yes
2026-10-05T04:12:56.066835Z,KXETH15M-26OCT050015-15,0.0980,10.00,yes
2026-10-05T04:12:56.066835Z,KXETH15M-26OCT050015-15,0.0980,6.00,yes
2026-10-05T04:12:56.066835Z,KXETH15M-26OCT050015-15,0.0970,6.00,yes
2026-10-05T04:12:56.066835Z,KXETH15M-26OCT050015-15,0.1000,175.00,yes
2026-10-05T04:12:56.13258Z,KXETH15M-26OCT050015-15,0.0850,0.01,no
2026-10-05T04:12:56.201694Z,KXETH15M-26OCT050015-15,0.0970,1.28,yes
2026-10-05T04:12:56.471617Z,KXETH15M-26OCT050015-15,0.0880,23.00,no
2026-10-05T04:12:56.471617Z,KXETH15M-26OCT050015-15,0.0860,21.00,no
2026-10-05T04:12:56.471617Z,KXETH15M-26OCT050015-15,0.0900,20.00,no
2026-10-05T04:12:56.471617Z,KXETH15M-26OCT050015-15,0.0910,20.00,no
2026-10-05T04:12:56.471617Z,KXETH15M-26OCT050015-15,0.0910,6.00,no
2026-10-05T04:12:56.471617Z,KXETH15M-26OCT050015-15,0.0900,16.00,no
2026-10-05T04:12:56.483972Z,KXETH15M-26OCT050015-15,0.0910,11.00,no
2026-10-05T04:12:56.483972Z,KXETH15M-26OCT050015-15,0.0910,6.00,no
2026-10-05T04:12:56.492671Z,KXETH15M-26OCT050015-15,0.0910,9.00,no
2026-10-05T04:12:56.597816Z,KXETH15M-26OCT050015-15,0.0880,0.15,no
2026-10-05T04:12:57.042771Z,KXETH15M-26OCT050015-15,0.0870,22.00,no
2026-10-05T04:12:57.042771Z,KXETH15M-26OCT050015-15,0.0900,6.00,no
2026-10-05T04:12:57.042771Z,KXETH15M-26OCT050015-15,0.0890,20.00,no
2026-10-05T04:12:57.042771Z,KXETH15M-26OCT050015-15,0.0900,20.00,no
2026-10-05T04:12:57.042771Z,KXETH15M-26OCT050015-15,0.0860,460.87,no
2026-10-05T04:12:57.042771Z,KXETH15M-26OCT050015-15,0.0880,15.00,no
2026-10-05T04:12:57.16963Z,KXETH15M-26OCT050015-15,0.0900,2.00,no
2026-10-05T04:12:57.19295Z,KXETH15M-26OCT050015-15,0.0940,7.79,yes
2026-10-05T04:12:57.269008Z,KXETH15M-26OCT050015-15,0.0980,22.00,yes
2026-10-05T04:12:57.269008Z,KXETH15M-26OCT050015-15,0.0980,1.01,yes
2026-10-05T04:12:57.269008Z,KXETH15M-26OCT050015-15,0.1000,7.37,yes
2026-10-05T04:12:57.269008Z,KXETH15M-26OCT050015-15,0.0940,5.44,yes
2026-10-05T04:12:57.269008Z,KXETH15M-26OCT050015-15,0.0980,20.00,yes
2026-10-05T04:12:57.269008Z,KXETH15M-26OCT050015-15,0.0990,1.00,yes
2026-10-05T04:12:57.269008Z,KXETH15M-26OCT050015-15,0.0990,41.00,yes
2026-10-05T04:12:57.269008Z,KXETH15M-26OCT050015-15,0.0980,1.00,yes
2026-10-05T04:12:57.269008Z,KXETH15M-26OCT050015-15,0.1000,41.00,yes
2026-10-05T04:12:57.371457Z,KXETH15M-26OCT050015-15,0.0860,4.98,no
2026-10-05T04:12:57.814906Z,KXETH15M-26OCT050015-15,0.0870,6.00,no
2026-10-05T04:12:57.814906Z,KXETH15M-26OCT050015-15,0.0870,20.00,no
2026-10-05T04:12:57.814906Z,KXETH15M-26OCT050015-15,0.0860,24.23,no
2026-10-05T04:12:58.030102Z,KXETH15M-26OCT050015-15,0.0970,31.00,yes
2026-10-05T04:12:58.115177Z,KXETH15M-26OCT050015-15,0.0960,2.17,no
2026-10-05T04:12:58.399114Z,KXETH15M-26OCT050015-15,0.0970,9.69,yes
2026-10-05T04:12:58.491357Z,KXETH15M-26OCT050015-15,0.0970,6.00,no
2026-10-05T04:12:58.491357Z,KXETH15M-26OCT050015-15,0.0970,1.00,no
2026-10-05T04:12:58.573831Z,KXETH15M-26OCT050015-15,0.0970,1.00,no
2026-10-05T04:12:58.656764Z,KXETH15M-26OCT050015-15,0.0980,18.82,yes
2026-10-05T04:12:59.322015Z,KXETH15M-26OCT050015-15,0.0980,43.50,yes
2026-10-05T04:12:59.322015Z,KXETH15M-26OCT050015-15,0.0980,5.00,yes
2026-10-05T04:12:59.322015Z,KXETH15M-26OCT050015-15,0.0980,41.00,yes
2026-10-05T04:12:59.540937Z,KXETH15M-26OCT050015-15,0.0970,0.09,no
2026-10-05T04:12:59.540937Z,KXETH15M-26OCT050015-15,0.0970,1.00,no
2026-10-05T04:12:59.597654Z,KXETH15M-26OCT050015-15,0.1100,9.00,yes
2026-10-05T04:12:59.597654Z,KXETH15M-26OCT050015-15,0.1200,9.00,yes
2026-10-05T04:12:59.597654Z,KXETH15M-26OCT050015-15,0.0980,41.00,yes
2026-10-05T04:12:59.597654Z,KXETH15M-26OCT050015-15,0.1200,173.21,yes
2026-10-05T04:12:59.597654Z,KXETH15M-26OCT050015-15,0.1200,4.00,yes
2026-10-05T04:12:59.597654Z,KXETH15M-26OCT050015-15,0.0990,41.00,yes
2026-10-05T04:12:59.597654Z,KXETH15M-26OCT050015-15,0.0980,5.00,yes
2026-10-05T04:12:59.597654Z,KXETH15M-26OCT050015-15,0.1200,4.00,yes
2026-10-05T04:12:59.597654Z,KXETH15M-26OCT050015-15,0.1100,1.00,yes
2026-10-05T04:12:59.597654Z,KXETH15M-26OCT050015-15,0.1100,20.00,yes
2026-10-05T04:12:59.597654Z,KXETH15M-26OCT050015-15,0.1200,10.00,yes
2026-10-05T04:12:59.597654Z,KXETH15M-26OCT050015-15,0.1200,175.00,yes
2026-10-05T04:12:59.859881Z,KXETH15M-26OCT050015-15,0.0980,5.88,yes
2026-10-05T04:12:59.987522Z,KXETH15M-26OCT050015-15,0.0970,4.26,no
2026-10-05T04:12:59.987522Z,KXETH15M-26OCT050015-15,0.0970,1.00,no
2026-10-05T04:13:00.185545Z,KXETH15M-26OCT050015-15,0.0980,41.00,yes
2026-10-05T04:13:00.565685Z,KXETH15M-26OCT050015-15,0.1000,16.97,yes
2026-10-05T04:13:00.655665Z,KXETH15M-26OCT050015-15,0.0980,4.00,no
2026-10-05T04:13:00.655665Z,KXETH15M-26OCT050015-15,0.0990,1.00,no
2026-10-05T04:13:00.655665Z,KXETH15M-26OCT050015-15,0.0970,4.00,no
2026-10-05T04:13:00.901805Z,KXETH15M-26OCT050015-15,0.0960,1.00,no
2026-10-05T04:13:00.937474Z,KXETH15M-26OCT050015-15,0.1000,24.03,yes
2026-10-05T04:13:00.937474Z,KXETH15M-26OCT050015-15,0.1000,9.90,yes
2026-10-05T04:13:01.175215Z,KXETH15M-26OCT050015-15,0.1000,3.52,yes
2026-10-05T04:13:01.175215Z,KXETH15M-26OCT050015-15,0.1000,30.10,yes
2026-10-05T04:13:01.238329Z,KXETH15M-26OCT050015-15,0.0960,4.00,no
2026-10-05T04:13:01.238329Z,KXETH15M-26OCT050015-15,0.0970,17.00,no
2026-10-05T04:13:01.238329Z,KXETH15M-26OCT050015-15,0.0970,1.00,no
2026-10-05T04:13:01.238329Z,KXETH15M-26OCT050015-15,0.0970,7.00,no
2026-10-05T04:13:01.238329Z,KXETH15M-26OCT050015-15,0.0960,500.00,no
2026-10-05T04:13:01.238329Z,KXETH15M-26OCT050015-15,0.0940,4.00,no
2026-10-05T04:13:01.238329Z,KXETH15M-26OCT050015-15,0.0920,4.00,no
2026-10-05T04:13:01.238329Z,KXETH15M-26OCT050015-15,0.0970,1.00,no
2026-10-05T04:13:01.238329Z,KXETH15M-26OCT050015-15,0.0910,33.22,no
2026-10-05T04:13:01.238329Z,KXETH15M-26OCT050015-15,0.0970,6.00,no
2026-10-05T04:13:01.238329Z,KXETH15M-26OCT050015-15,0.0910,1.01,no
2026-10-05T04:13:01.947064Z,KXETH15M-26OCT050015-15,0.1100,1.54,yes
2026-10-05T04:13:02.102064Z,KXETH15M-26OCT050015-15,0.1000,36.22,no
2026-10-05T04:13:02.321005Z,KXETH15M-26OCT050015-15,0.1000,12.00,no
2026-10-05T04:13:02.333503Z,KXETH15M-26OCT050015-15,0.1000,1.00,no
2026-10-05T04:13:02.389795Z,KXETH15M-26OCT050015-15,0.1200,81.00,yes
2026-10-05T04:13:02.389795Z,KXETH15M-26OCT050015-15,0.1300,1.00,yes
2026-10-05T04:13:02.389795Z,KXETH15M-26OCT050015-15,0.1300,29.93,yes
2026-10-05T04:13:02.389795Z,KXETH15M-26OCT050015-15,0.1100,10.00,yes
2026-10-05T04:13:02.389795Z,KXETH15M-26OCT050015-15,0.1100,6.00,yes
2026-10-05T04:13:02.389795Z,KXETH15M-26OCT050015-15,0.1100,17.00,yes
2026-10-05T04:13:02.389795Z,KXETH15M-26OCT050015-15,0.1100,22.00,yes
2026-10-05T04:13:02.389795Z,KXETH15M-26OCT050015-15,0.1100,2.00,yes
2026-10-05T04:13:02.389795Z,KXETH15M-26OCT050015-15,0.1200,35.00,yes
2026-10-05T04:13:02.389795Z,KXETH15M-26OCT050015-15,0.1100,36.46,yes
2026-10-05T04:13:02.389795Z,KXETH15M-26OCT050015-15,0.1200,20.00,yes
2026-10-05T04:13:02.476648Z,KXETH15M-26OCT050015-15,0.1000,5.80,no
2026-10-05T04:13:02.520007Z,KXETH15M-26OCT050015-15,0.1100,38.00,yes
2026-10-05T04:13:02.520007Z,KXETH15M-26OCT050015-15,0.1100,4.78,yes
2026-10-05T04:13:02.550178Z,KXETH15M-26OCT050015-15,0.1000,10.10,no
2026-10-05T04:13:02.605001Z,KXETH15M-26OCT050015-15,0.1100,4.78,yes
2026-10-05T04:13:02.605001Z,KXETH15M-26OCT050015-15,0.1100,38.00,yes
2026-10-05T04:13:03.03854Z,KXETH15M-26OCT050015-15,0.1100,75.80,yes
2026-10-05T04:13:03.03854Z,KXETH15M-26OCT050015-15,0.1100,6.00,yes
2026-10-05T04:13:03.03854Z,KXETH15M-26OCT050015-15,0.1100,20.00,yes
2026-10-05T04:13:03.03854Z,KXETH15M-26OCT050015-15,0.1100,6.00,yes
2026-10-05T04:13:03.03854Z,KXETH15M-26OCT050015-15,0.1100,38.00,yes
2026-10-05T04:13:03.03854Z,KXETH15M-26OCT050015-15,0.1100,50.00,yes
2026-10-05T04:13:03.43367Z,KXETH15M-26OCT050015-15,0.1100,6.76,yes
2026-10-05T04:13:03.694099Z,KXETH15M-26OCT050015-15,0.1000,17.11,yes
2026-10-05T04:13:04.836933Z,KXETH15M-26OCT050015-15,0.0960,12.00,no
2026-10-05T04:13:05.249371Z,KXETH15M-26OCT050015-15,0.0980,2.37,yes
2026-10-05T04:13:05.874405Z,KXETH15M-26OCT050015-15,0.0940,6.00,no
2026-10-05T04:13:05.874405Z,KXETH15M-26OCT050015-15,0.0950,11.00,no
2026-10-05T04:13:05.874405Z,KXETH15M-26OCT050015-15,0.0940,5.00,no
2026-10-05T04:13:05.874405Z,KXETH15M-26OCT050015-15,0.0930,16.69,no
2026-10-05T04:13:05.933727Z,KXETH15M-26OCT050015-15,0.0930,4.81,no
2026-10-05T04:13:06.307658Z,KXETH15M-26OCT050015-15,0.0960,10.00,yes
2026-10-05T04:13:06.307658Z,KXETH15M-26OCT050015-15,0.0940,10.00,yes
2026-10-05T04:13:06.307658Z,KXETH15M-26OCT050015-15,0.0930,13.00,yes
2026-10-05T04:13:06.307658Z,KXETH15M-26OCT050015-15,0.0950,12.00,yes
2026-10-05T04:13:06.307658Z,KXETH15M-26OCT050015-15,0.0970,0.12,yes
2026-10-05T04:13:06.307658Z,KXETH15M-26OCT050015-15,0.0960,4.00,yes
2026-10-05T04:13:06.315818Z,KXETH15M-26OCT050015-15,0.0970,3.88,yes
2026-10-05T04:13:06.315818Z,KXETH15M-26OCT050015-15,0.0970,20.00,yes
2026-10-05T04:13:06.315818Z,KXETH15M-26OCT050015-15,0.1000,14.92,yes
2026-10-05T04:13:06.315818Z,KXETH15M-26OCT050015-15,0.0980,50.00,yes
2026-10-05T04:13:06.947481Z,KXETH15M-26OCT050015-15,0.1000,0.41,yes
2026-10-05T04:13:07.264976Z,KXETH15M-26OCT050015-15,0.0980,8.00,no
2026-10-05T04:13:07.264976Z,KXETH15M-26OCT050015-15,0.0930,18.00,no
2026-10-05T04:13:07.264976Z,KXETH15M-26OCT050015-15,0.0960,1.00,no
2026-10-05T04:13:07.264976Z,KXETH15M-26OCT050015-15,0.0930,4.00,no
2026-10-05T04:13:07.264976Z,KXETH15M-26OCT050015-15,0.0930,7.00,no
2026-10-05T04:13:07.264976Z,KXETH15M-26OCT050015-15,0.0950,10.00,no
2026-10-05T04:13:07.264976Z,KXETH15M-26OCT050015-15,0.0930,1.00,no
2026-10-05T04:13:07.264976Z,KXETH15M-26OCT050015-15,0.0970,4.00,no
2026-10-05T04:13:07.264976Z,KXETH15M-26OCT050015-15,0.0940,5.00,no
2026-10-05T04:13:07.264976Z,KXETH15M-26OCT050015-15,0.0960,4.00,no
2026-10-05T04:13:07.998709Z,KXETH15M-26OCT050015-15,0.0940,18.00,yes
2026-10-05T04:13:07.998709Z,KXETH15M-26OCT050015-15,0.0960,1.00,yes
2026-10-05T04:13:07.998709Z,KXETH15M-26OCT050015-15,0.0960,10.00,yes
2026-10-05T04:13:07.998709Z,KXETH15M-26OCT050015-15,0.0970,16.03,yes
2026-10-05T04:13:07.998709Z,KXETH15M-26OCT050015-15,0.0950,4.00,yes
2026-10-05T04:13:08.152164Z,KXETH15M-26OCT050015-15,0.0940,5.46,no
2026-10-05T04:13:08.188934Z,KXETH15M-26OCT050015-15,0.0980,9.69,yes
2026-10-05T04:13:08.375614Z,KXETH15M-26OCT050015-15,0.0970,2.52,yes
2026-10-05T04:13:08.375614Z,KXETH15M-26OCT050015-15,0.0970,3.00,yes
2026-10-05T04:13:08.595934Z,KXETH15M-26OCT050015-15,0.0980,40.31,yes
2026-10-05T04:13:08.595934Z,KXETH15M-26OCT050015-15,0.0990,23.95,yes
2026-10-05T04:13:08.595934Z,KXETH15M-26OCT050015-15,0.0980,41.00,yes
2026-10-05T04:13:08.803912Z,KXETH15M-26OCT050015-15,0.1100,5.88,yes
2026-10-05T04:13:08.803912Z,KXETH15M-26OCT050015-15,0.0980,41.00,yes
2026-10-05T04:13:08.803912Z,KXETH15M-26OCT050015-15,0.0990,17.05,yes
2026-10-05T04:13:08.803912Z,KXETH15M-26OCT050015-15,0.1000,10.00,yes
2026-10-05T04:13:08.803912Z,KXETH15M-26OCT050015-15,0.1000,20.00,yes
2026-10-05T04:13:08.943017Z,KXETH15M-26OCT050015-15,0.0890,19.00,no
2026-10-05T04:13:08.943017Z,KXETH15M-26OCT050015-15,0.0930,4.00,no
2026-10-05T04:13:08.943017Z,KXETH15M-26OCT050015-15,0.0900,6.00,no
2026-10-05T04:13:08.943017Z,KXETH15M-26OCT050015-15,0.0920,5.00,no
2026-10-05T04:13:08.943017Z,KXETH15M-26OCT050015-15,0.0890,5.00,no
2026-10-05T04:13:08.943017Z,KXETH15M-26OCT050015-15,0.0880,41.00,no
2026-10-05T04:13:08.943017Z,KXETH15M-26OCT050015-15,0.0880,3.21,no
2026-10-05T04:13:08.943017Z,KXETH15M-26OCT050015-15,0.0900,5.00,no
2026-10-05T04:13:08.943017Z,KXETH15M-26OCT050015-15,0.0940,6.00,no
2026-10-05T04:13:08.943017Z,KXETH15M-26OCT050015-15,0.0950,4.00,no
2026-10-05T04:13:09.007563Z,KXETH15M-26OCT050015-15,0.0900,40.00,no
2026-10-05T04:13:09.741005Z,KXETH15M-26OCT050015-15,0.0960,0.09,yes
2026-10-05T04:13:09.764656Z,KXETH15M-26OCT050015-15,0.0960,0.91,yes
2026-10-05T04:13:09.764656Z,KXETH15M-26OCT050015-15,0.0970,41.00,yes
2026-10-05T04:13:09.764656Z,KXETH15M-26OCT050015-15,0.0960,20.00,yes
2026-10-05T04:13:09.764656Z,KXETH15M-26OCT050015-15,0.0970,1.00,yes
2026-10-05T04:13:09.764656Z,KXETH15M-26OCT050015-15,0.0980,27.09,yes
2026-10-05T04:13:09.764656Z,KXETH15M-26OCT050015-15,0.0960,10.00,yes
2026-10-05T04:13:10.088303Z,KXETH15M-26OCT050015-15,0.0960,10.00,yes
2026-10-05T04:13:10.088303Z,KXETH15M-26OCT050015-15,0.0970,31.26,yes
2026-10-05T04:13:10.088303Z,KXETH15M-26OCT050015-15,0.0960,20.00,yes
2026-10-05T04:13:10.088303Z,KXETH15M-26OCT050015-15,0.0960,24.00,yes
2026-10-05T04:13:10.480259Z,KXETH15M-26OCT050015-15,0.0920,0.61,yes
2026-10-05T04:13:10.482747Z,KXETH15M-26OCT050015-15,0.0920,17.49,yes
2026-10-05T04:13:10.626359Z,KXETH15M-26OCT050015-15,0.0930,0.26,yes
2026-10-05T04:13:10.640672Z,KXETH15M-26OCT050015-15,0.0890,41.00,no
2026-10-05T04:13:10.640672Z,KXETH15M-26OCT050015-15,0.0880,7.45,no
2026-10-05T04:13:10.640672Z,KXETH15M-26OCT050015-15,0.0890,5.00,no
2026-10-05T04:13:10.681058Z,KXETH15M-26OCT050015-15,0.0960,20.00,yes
2026-10-05T04:13:10.681058Z,KXETH15M-26OCT050015-15,0.0950,9.00,yes
2026-10-05T04:13:10.681058Z,KXETH15M-26OCT050015-15,0.0950,6.00,yes
2026-10-05T04:13:10.681058Z,KXETH15M-26OCT050015-15,0.0960,35.00,yes
2026-10-05T04:13:11.042566Z,KXETH15M-26OCT050015-15,0.0980,22.91,yes
2026-10-05T04:13:11.042566Z,KXETH15M-26OCT050015-15,0.0970,9.74,yes
2026-10-05T04:13:11.042566Z,KXETH15M-26OCT050015-15,0.0970,31.00,yes
2026-10-05T04:13:11.042566Z,KXETH15M-26OCT050015-15,0.0950,9.00,yes
2026-10-05T04:13:11.042566Z,KXETH15M-26OCT050015-15,0.0950,6.00,yes
2026-10-05T04:13:11.042566Z,KXETH15M-26OCT050015-15,0.0950,20.00,yes
2026-10-05T04:13:11.042566Z,KXETH15M-26OCT050015-15,0.0960,6.00,yes
2026-10-05T04:13:11.042566Z,KXETH15M-26OCT050015-15,0.0960,35.00,yes
2026-10-05T04:13:11.042566Z,KXETH15M-26OCT050015-15,0.0990,70.90,yes
2026-10-05T04:13:11.428271Z,KXETH15M-26OCT050015-15,0.0900,3.00,no
2026-10-05T04:13:11.428271Z,KXETH15M-26OCT050015-15,0.0900,2.00,no
2026-10-05T04:13:11.428271Z,KXETH15M-26OCT050015-15,0.0880,27.78,no
2026-10-05T04:13:11.428271Z,KXETH15M-26OCT050015-15,0.0880,5.00,no
2026-10-05T04:13:11.428271Z,KXETH15M-26OCT050015-15,0.0890,5.00,no
2026-10-05T04:13:11.690458Z,KXETH15M-26OCT050015-15,0.0720,11.45,no
2026-10-05T04:13:11.690458Z,KXETH15M-26OCT050015-15,0.0740,1.00,no
2026-10-05T04:13:11.690458Z,KXETH15M-26OCT050015-15,0.0730,1.00,no
2026-10-05T04:13:11.690458Z,KXETH15M-26OCT050015-15,0.0870,41.00,no
2026-10-05T04:13:11.690458Z,KXETH15M-26OCT050015-15,0.0870,5.00,no
2026-10-05T04:13:11.690458Z,KXETH15M-26OCT050015-15,0.0730,7.00,no
2026-10-05T04:13:11.690458Z,KXETH15M-26OCT050015-15,0.0820,5.00,no
2026-10-05T04:13:11.690458Z,KXETH15M-26OCT050015-15,0.0830,1.01,no
2026-10-05T04:13:11.690458Z,KXETH15M-26OCT050015-15,0.0830,20.00,no
2026-10-05T04:13:11.690458Z,KXETH15M-26OCT050015-15,0.0880,28.00,no
2026-10-05T04:13:11.690458Z,KXETH15M-26OCT050015-15,0.0830,10.00,no
2026-10-05T04:13:11.690458Z,KXETH15M-26OCT050015-15,0.0810,4.04,no
2026-10-05T04:13:11.690458Z,KXETH15M-26OCT050015-15,0.0790,4.04,no
2026-10-05T04:13:11.745932Z,KXETH15M-26OCT050015-15,0.0920,0.49,yes
2026-10-05T04:13:11.965531Z,KXETH15M-26OCT050015-15,0.0900,98.47,yes
2026-10-05T04:13:12.01717Z,KXETH15M-26OCT050015-15,0.0850,4.00,no
2026-10-05T04:13:12.377238Z,KXETH15M-26OCT050015-15,0.0790,0.51,no
2026-10-05T04:13:12.377238Z,KXETH15M-26OCT050015-15,0.0800,41.00,no
2026-10-05T04:13:12.430822Z,KXETH15M-26OCT050015-15,0.0800,7.79,no
2026-10-05T04:13:12.794311Z,KXETH15M-26OCT050015-15,0.0810,5.00,no
2026-10-05T04:13:13.129385Z,KXETH15M-26OCT050015-15,0.0820,41.00,no
2026-10-05T04:13:13.129385Z,KXETH15M-26OCT050015-15,0.0820,8.00,no
2026-10-05T04:13:13.133238Z,KXETH15M-26OCT050015-15,0.0870,20.00,yes
2026-10-05T04:13:13.133238Z,KXETH15M-26OCT050015-15,0.0870,11.00,yes
2026-10-05T04:13:13.133238Z,KXETH15M-26OCT050015-15,0.0840,4.00,yes
2026-10-05T04:13:13.133238Z,KXETH15M-26OCT050015-15,0.0830,10.00,yes
2026-10-05T04:13:13.133238Z,KXETH15M-26OCT050015-15,0.0850,4.00,yes
2026-10-05T04:13:13.133238Z,KXETH15M-26OCT050015-15,0.0830,9.00,yes
2026-10-05T04:13:13.133238Z,KXETH15M-26OCT050015-15,0.0860,4.00,yes
2026-10-05T04:13:13.133238Z,KXETH15M-26OCT050015-15,0.0880,42.24,yes
2026-10-05T04:13:13.4431Z,KXETH15M-26OCT050015-15,0.0800,41.00,no
2026-10-05T04:13:13.447936Z,KXETH15M-26OCT050015-15,0.0750,41.00,no
2026-10-05T04:13:13.541037Z,KXETH15M-26OCT050015-15,0.0750,10.62,yes
2026-10-05T04:13:13.805319Z,KXETH15M-26OCT050015-15,0.0700,9.00,no
2026-10-05T04:13:14.034862Z,KXETH15M-26OCT050015-15,0.0680,1.20,no
2026-10-05T04:13:14.417815Z,KXETH15M-26OCT050015-15,0.0680,2.27,yes
2026-10-05T04:13:14.474149Z,KXETH15M-26OCT050015-15,0.0740,11.00,yes
2026-10-05T04:13:14.474149Z,KXETH15M-26OCT050015-15,0.0720,10.00,yes
2026-10-05T04:13:14.474149Z,KXETH15M-26OCT050015-15,0.0740,20.00,yes
2026-10-05T04:13:14.474149Z,KXETH15M-26OCT050015-15,0.0750,26.70,yes
2026-10-05T04:13:14.474149Z,KXETH15M-26OCT050015-15,0.0690,4.00,yes
2026-10-05T04:13:14.474149Z,KXETH15M-26OCT050015-15,0.0680,26.73,yes
2026-10-05T04:13:14.474149Z,KXETH15M-26OCT050015-15,0.0700,4.00,yes
2026-10-05T04:13:14.474149Z,KXETH15M-26OCT050015-15,0.0700,4.00,yes
2026-10-05T04:13:14.474149Z,KXETH15M-26OCT050015-15,0.0680,4.00,yes
2026-10-05T04:13:14.474149Z,KXETH15M-26OCT050015-15,0.0680,4.00,yes
2026-10-05T04:13:14.474149Z,KXETH15M-26OCT050015-15,0.0700,10.00,yes
2026-10-05T04:13:14.474149Z,KXETH15M-26OCT050015-15,0.0690,4.00,yes
2026-10-05T04:13:14.753532Z,KXETH15M-26OCT050015-15,0.0660,20.00,no
2026-10-05T04:13:14.762023Z,KXETH15M-26OCT050015-15,0.0670,1.00,yes
2026-10-05T04:13:15.088369Z,KXETH15M-26OCT050015-15,0.0750,113.23,yes
2026-10-05T04:13:15.088369Z,KXETH15M-26OCT050015-15,0.0680,50.00,yes
2026-10-05T04:13:15.088369Z,KXETH15M-26OCT050015-15,0.0630,4.00,yes
2026-10-05T04:13:15.088369Z,KXETH15M-26OCT050015-15,0.0640,4.00,yes
2026-10-05T04:13:15.088369Z,KXETH15M-26OCT050015-15,0.0730,4.00,yes
2026-10-05T04:13:15.088369Z,KXETH15M-26OCT050015-15,0.0670,20.00,yes
2026-10-05T04:13:15.088369Z,KXETH15M-26OCT050015-15,0.0660,10.00,yes
2026-10-05T04:13:15.088369Z,KXETH15M-26OCT050015-15,0.0700,9.00,yes
2026-10-05T04:13:15.088369Z,KXETH15M-26OCT050015-15,0.0740,11.00,yes
2026-10-05T04:13:15.088369Z,KXETH15M-26OCT050015-15,0.0640,4.00,yes
2026-10-05T04:13:15.088369Z,KXETH15M-26OCT050015-15,0.0700,10.00,yes
2026-10-05T04:13:15.088369Z,KXETH15M-26OCT050015-15,0.0720,5.00,yes
2026-10-05T04:13:15.088369Z,KXETH15M-26OCT050015-15,0.0630,4.00,yes
2026-10-05T04:13:15.088369Z,KXETH15M-26OCT050015-15,0.0650,4.00,yes
2026-10-05T04:13:15.088369Z,KXETH15M-26OCT050015-15,0.0650,4.00,yes
2026-10-05T04:13:15.172155Z,KXETH15M-26OCT050015-15,0.0630,1.57,yes
2026-10-05T04:13:15.172155Z,KXETH15M-26OCT050015-15,0.0620,4.00,yes
2026-10-05T04:13:15.260659Z,KXETH15M-26OCT050015-15,0.0610,6.00,no
2026-10-05T04:13:15.260659Z,KXETH15M-26OCT050015-15,0.0620,2.00,no
2026-10-05T04:13:15.260659Z,KXETH15M-26OCT050015-15,0.0620,1.00,no
2026-10-05T04:13:15.260659Z,KXETH15M-26OCT050015-15,0.0600,36.87,no
2026-10-05T04:13:15.535948Z,KXETH15M-26OCT050015-15,0.0640,41.00,no
2026-10-05T04:13:15.535948Z,KXETH15M-26OCT050015-15,0.0630,6.00,no
2026-10-05T04:13:15.535948Z,KXETH15M-26OCT050015-15,0.0630,41.00,no
2026-10-05T04:13:15.535948Z,KXETH15M-26OCT050015-15,0.0600,21.49,no
2026-10-05T04:13:15.539522Z,KXETH15M-26OCT050015-15,0.0600,34.00,no
2026-10-05T04:13:15.539522Z,KXETH15M-26OCT050015-15,0.0600,10.85,no
2026-10-05T04:13:15.539522Z,KXETH15M-26OCT050015-15,0.0580,1.00,no
2026-10-05T04:13:15.539522Z,KXETH15M-26OCT050015-15,0.0590,1.00,no
2026-10-05T04:13:15.688765Z,KXETH15M-26OCT050015-15,0.0580,4.70,no
2026-10-05T04:13:16.049129Z,KXETH15M-26OCT050015-15,0.0590,41.00,yes
2026-10-05T04:13:16.049129Z,KXETH15M-26OCT050015-15,0.0600,9.00,yes
2026-10-05T04:13:16.124288Z,KXETH15M-26OCT050015-15,0.0590,4.00,yes
2026-10-05T04:13:16.124288Z,KXETH15M-26OCT050015-15,0.0590,41.00,yes
2026-10-05T04:13:16.124288Z,KXETH15M-26OCT050015-15,0.0590,5.00,yes
2026-10-05T04:13:16.124288Z,KXETH15M-26OCT050015-15,0.0600,1.00,yes
2026-10-05T04:13:16.124288Z,KXETH15M-26OCT050015-15,0.0600,3.71,yes
2026-10-05T04:13:16.303787Z,KXETH15M-26OCT050015-15,0.0520,4.00,no
2026-10-05T04:13:16.303787Z,KXETH15M-26OCT050015-15,0.0510,4.00,no
2026-10-05T04:13:16.303787Z,KXETH15M-26OCT050015-15,0.0570,23.00,no
2026-10-05T04:13:16.303787Z,KXETH15M-26OCT050015-15,0.0530,7.00,no
2026-10-05T04:13:16.303787Z,KXETH15M-26OCT050015-15,0.0510,4.00,no
2026-10-05T04:13:16.303787Z,KXETH15M-26OCT050015-15,0.0510,15.00,no
2026-10-05T04:13:16.303787Z,KXETH15M-26OCT050015-15,0.0520,1.00,no
2026-10-05T04:13:16.303787Z,KXETH15M-26OCT050015-15,0.0520,9.00,no
2026-10-05T04:13:16.303787Z,KXETH15M-26OCT050015-15,0.0500,13.93,no
2026-10-05T04:13:16.303787Z,KXETH15M-26OCT050015-15,0.0500,1.00,no
2026-10-05T04:13:16.303787Z,KXETH15M-26OCT050015-15,0.0500,1.00,no
2026-10-05T04:13:16.303787Z,KXETH15M-26OCT050015-15,0.0500,6.00,no
2026-10-05T04:13:16.303787Z,KXETH15M-26OCT050015-15,0.0500,3.00,no
2026-10-05T04:13:16.303787Z,KXETH15M-26OCT050015-15,0.0500,1.00,no
2026-10-05T04:13:16.303787Z,KXETH15M-26OCT050015-15,0.0530,1.00,no
2026-10-05T04:13:16.303787Z,KXETH15M-26OCT050015-15,0.0540,1.00,no
2026-10-05T04:13:16.303787Z,KXETH15M-26OCT050015-15,0.0550,1.00,no
2026-10-05T04:13:16.303787Z,KXETH15M-26OCT050015-15,0.0520,1.00,no
2026-10-05T04:13:16.303787Z,KXETH15M-26OCT050015-15,0.0510,1.00,no
2026-10-05T04:13:16.303787Z,KXETH15M-26OCT050015-15,0.0560,1.00,no
2026-10-05T04:13:16.303787Z,KXETH15M-26OCT050015-15,0.0570,1.00,no
2026-10-05T04:13:16.303787Z,KXETH15M-26OCT050015-15,0.0500,1.00,no
2026-10-05T04:13:16.382399Z,KXETH15M-26OCT050015-15,0.0510,10.71,no
2026-10-05T04:13:16.548641Z,KXETH15M-26OCT050015-15,0.0510,30.29,no
2026-10-05T04:13:16.548641Z,KXETH15M-26OCT050015-15,0.0550,11.00,no
2026-10-05T04:13:16.548641Z,KXETH15M-26OCT050015-15,0.0540,21.00,no
2026-10-05T04:13:16.548641Z,KXETH15M-26OCT050015-15,0.0530,14.00,no
2026-10-05T04:13:16.548641Z,KXETH15M-26OCT050015-15,0.0510,11.67,no
2026-10-05T04:13:16.548641Z,KXETH15M-26OCT050015-15,0.0520,9.00,no
2026-10-05T04:13:16.548641Z,KXETH15M-26OCT050015-15,0.0520,4.00,no
2026-10-05T04:13:16.548641Z,KXETH15M-26OCT050015-15,0.0520,4.00,no
2026-10-05T04:13:16.786754Z,KXETH15M-26OCT050015-15,0.0520,9.00,no
2026-10-05T04:13:16.786754Z,KXETH15M-26OCT050015-15,0.0510,4.00,no
2026-10-05T04:13:16.786754Z,KXETH15M-26OCT050015-15,0.0510,41.00,no
2026-10-05T04:13:16.786754Z,KXETH15M-26OCT050015-15,0.0520,24.00,no
2026-10-05T04:13:16.786754Z,KXETH15M-26OCT050015-15,0.0510,4.00,no
2026-10-05T04:13:16.786754Z,KXETH15M-26OCT050015-15,0.0520,20.00,no
2026-10-05T04:13:16.786754Z,KXETH15M-26OCT050015-15,0.0500,15.74,no
2026-10-05T04:13:16.833907Z,KXETH15M-26OCT050015-15,0.0500,3.00,no
2026-10-05T04:13:16.956037Z,KXETH15M-26OCT050015-15,0.0600,4.00,yes
2026-10-05T04:13:16.956037Z,KXETH15M-26OCT050015-15,0.0570,41.00,yes
2026-10-05T04:13:16.956037Z,KXETH15M-26OCT050015-15,0.0650,9.00,yes
2026-10-05T04:13:16.956037Z,KXETH15M-26OCT050015-15,0.0580,41.00,yes
2026-10-05T04:13:16.956037Z,KXETH15M-26OCT050015-15,0.0770,11.00,yes
2026-10-05T04:13:16.956037Z,KXETH15M-26OCT050015-15,0.0790,283.71,yes
2026-10-05T04:13:16.956037Z,KXETH15M-26OCT050015-15,0.0700,5.00,yes
2026-10-05T04:13:16.956037Z,KXETH15M-26OCT050015-15,0.0600,4.00,yes
2026-10-05T04:13:16.956037Z,KXETH15M-26OCT050015-15,0.0610,4.00,yes
2026-10-05T04:13:16.956037Z,KXETH15M-26OCT050015-15,0.0590,4.00,yes
2026-10-05T04:13:16.956037Z,KXETH15M-26OCT050015-15,0.0580,4.00,yes
2026-10-05T04:13:16.956037Z,KXETH15M-26OCT050015-15,0.0590,4.00,yes
2026-10-05T04:13:16.956037Z,KXETH15M-26OCT050015-15,0.0700,9.00,yes
2026-10-05T04:13:16.956037Z,KXETH15M-26OCT050015-15,0.0600,1.29,yes
2026-10-05T04:13:16.956037Z,KXETH15M-26OCT050015-15,0.0750,9.00,yes
2026-10-05T04:13:16.956037Z,KXETH15M-26OCT050015-15,0.0700,9.00,yes
2026-10-05T04:13:16.956037Z,KXETH15M-26OCT050015-15,0.0610,5.00,yes
2026-10-05T04:13:16.956037Z,KXETH15M-26OCT050015-15,0.0750,9.00,yes
2026-10-05T04:13:16.956037Z,KXETH15M-26OCT050015-15,0.0580,50.00,yes
2026-10-05T04:13:16.956037Z,KXETH15M-26OCT050015-15,0.0780,76.00,yes
2026-10-05T04:13:17.059979Z,KXETH15M-26OCT050015-15,0.0520,3.00,no
2026-10-05T04:13:17.128166Z,KXETH15M-26OCT050015-15,0.0400,23.18,no
2026-10-05T04:13:17.128166Z,KXETH15M-26OCT050015-15,0.0500,9.00,no
2026-10-05T04:13:17.128166Z,KXETH15M-26OCT050015-15,0.0450,9.00,no
2026-10-05T04:13:17.128166Z,KXETH15M-26OCT050015-15,0.0490,41.00,no
2026-10-05T04:13:17.128166Z,KXETH15M-26OCT050015-15,0.0450,9.00,no
2026-10-05T04:13:17.128166Z,KXETH15M-26OCT050015-15,0.0510,4.00,no
2026-10-05T04:13:17.128166Z,KXETH15M-26OCT050015-15,0.0500,41.00,no
2026-10-05T04:13:17.128166Z,KXETH15M-26OCT050015-15,0.0520,4.00,no
2026-10-05T04:13:17.128166Z,KXETH15M-26OCT050015-15,0.0510,4.00,no
2026-10-05T04:13:17.128166Z,KXETH15M-26OCT050015-15,0.0500,4.00,no
2026-10-05T04:13:17.128166Z,KXETH15M-26OCT050015-15,0.0520,4.00,no
2026-10-05T04:13:17.128166Z,KXETH15M-26OCT050015-15,0.0530,8.00,no
2026-10-05T04:13:17.128166Z,KXETH15M-26OCT050015-15,0.0530,4.00,no
2026-10-05T04:13:17.128166Z,KXETH15M-26OCT050015-15,0.0520,43.00,no
2026-10-05T04:13:17.128166Z,KXETH15M-26OCT050015-15,0.0500,12.00,no
2026-10-05T04:13:17.128166Z,KXETH15M-26OCT050015-15,0.0500,80.85,no
2026-10-05T04:13:17.128166Z,KXETH15M-26OCT050015-15,0.0400,2.23,no
2026-10-05T04:13:17.128166Z,KXETH15M-26OCT050015-15,0.0400,1.00,no
2026-10-05T04:13:17.128166Z,KXETH15M-26OCT050015-15,0.0400,1.00,no
2026-10-05T04:13:17.128166Z,KXETH15M-26OCT050015-15,0.0410,1.00,no
2026-10-05T04:13:17.128166Z,KXETH15M-26OCT050015-15,0.0420,1.00,no
2026-10-05T04:13:17.128166Z,KXETH15M-26OCT050015-15,0.0470,1.00,no
2026-10-05T04:13:17.128166Z,KXETH15M-26OCT050015-15,0.0440,1.00,no
2026-10-05T04:13:17.128166Z,KXETH15M-26OCT050015-15,0.0400,1.00,no
2026-10-05T04:13:17.128166Z,KXETH15M-26OCT050015-15,0.0430,1.00,no
2026-10-05T04:13:17.128166Z,KXETH15M-26OCT050015-15,0.0460,1.00,no
2026-10-05T04:13:17.128166Z,KXETH15M-26OCT050015-15,0.0480,1.00,no
2026-10-05T04:13:17.128166Z,KXETH15M-26OCT050015-15,0.0490,1.00,no
2026-10-05T04:13:17.128166Z,KXETH15M-26OCT050015-15,0.0450,1.00,no
2026-10-05T04:13:17.168944Z,KXETH15M-26OCT050015-15,0.0570,1.11,yes
2026-10-05T04:13:17.382196Z,KXETH15M-26OCT050015-15,0.0790,44.05,yes
2026-10-05T04:13:17.382196Z,KXETH15M-26OCT050015-15,0.0570,39.89,yes
2026-10-05T04:13:17.382196Z,KXETH15M-26OCT050015-15,0.0750,9.00,yes
2026-10-05T04:13:17.382196Z,KXETH15M-26OCT050015-15,0.0760,20.00,yes
2026-10-05T04:13:17.382196Z,KXETH15M-26OCT050015-15,0.0580,41.00,yes
2026-10-05T04:13:17.382196Z,KXETH15M-26OCT050015-15,0.0700,9.00,yes
2026-10-05T04:13:17.382196Z,KXETH15M-26OCT050015-15,0.0600,4.00,yes
2026-10-05T04:13:17.382196Z,KXETH15M-26OCT050015-15,0.0600,9.00,yes
2026-10-05T04:13:17.382196Z,KXETH15M-26OCT050015-15,0.0780,9.00,yes
2026-10-05T04:13:17.382196Z,KXETH15M-26OCT050015-15,0.0590,4.00,yes
2026-10-05T04:13:17.382196Z,KXETH15M-26OCT050015-15,0.0580,50.00,yes
2026-10-05T04:13:17.382196Z,KXETH15M-26OCT050015-15,0.0770,11.00,yes
2026-10-05T04:13:17.382196Z,KXETH15M-26OCT050015-15,0.0770,13.00,yes
2026-10-05T04:13:17.382196Z,KXETH15M-26OCT050015-15,0.0600,4.00,yes
2026-10-05T04:13:17.382196Z,KXETH15M-26OCT050015-15,0.0610,4.00,yes
2026-10-05T04:13:17.382196Z,KXETH15M-26OCT050015-15,0.0620,4.00,yes
2026-10-05T04:13:17.382196Z,KXETH15M-26OCT050015-15,0.0610,4.00,yes
2026-10-05T04:13:17.382196Z,KXETH15M-26OCT050015-15,0.0560,1.00,yes
2026-10-05T04:13:17.382196Z,KXETH15M-26OCT050015-15,0.0730,1.00,yes
2026-10-05T04:13:17.485646Z,KXETH15M-26OCT050015-15,0.0380,20.21,no
2026-10-05T04:13:17.485646Z,KXETH15M-26OCT050015-15,0.0400,81.82,no
2026-10-05T04:13:17.485646Z,KXETH15M-26OCT050015-15,0.0400,9.00,no
2026-10-05T04:13:17.485646Z,KXETH15M-26OCT050015-15,0.0450,9.00,no
2026-10-05T04:13:17.485646Z,KXETH15M-26OCT050015-15,0.0510,41.00,no
2026-10-05T04:13:17.485646Z,KXETH15M-26OCT050015-15,0.0400,9.00,no
2026-10-05T04:13:17.485646Z,KXETH15M-26OCT050015-15,0.0510,4.00,no
2026-10-05T04:13:17.485646Z,KXETH15M-26OCT050015-15,0.0520,9.00,no
2026-10-05T04:13:17.485646Z,KXETH15M-26OCT050015-15,0.0530,4.00,no
2026-10-05T04:13:17.485646Z,KXETH15M-26OCT050015-15,0.0520,4.00,no
2026-10-05T04:13:17.485646Z,KXETH15M-26OCT050015-15,0.0450,9.00,no
2026-10-05T04:13:17.485646Z,KXETH15M-26OCT050015-15,0.0510,15.00,no
2026-10-05T04:13:17.485646Z,KXETH15M-26OCT050015-15,0.0530,4.00,no
2026-10-05T04:13:17.485646Z,KXETH15M-26OCT050015-15,0.0490,38.00,no
2026-10-05T04:13:17.485646Z,KXETH15M-26OCT050015-15,0.0540,4.00,no
2026-10-05T04:13:17.485646Z,KXETH15M-26OCT050015-15,0.0500,41.00,no
2026-10-05T04:13:17.485646Z,KXETH15M-26OCT050015-15,0.0550,4.00,no
2026-10-05T04:13:17.485646Z,KXETH15M-26OCT050015-15,0.0390,1.00,no
2026-10-05T04:13:17.485646Z,KXETH15M-26OCT050015-15,0.0380,1.00,no
2026-10-05T04:13:17.996985Z,KXETH15M-26OCT050015-15,0.0530,4.00,no
2026-10-05T04:13:17.996985Z,KXETH15M-26OCT050015-15,0.0520,2.04,no
2026-10-05T04:13:18.194526Z,KXETH15M-26OCT050015-15,0.0510,4.00,no
2026-10-05T04:13:18.194526Z,KXETH15M-26OCT050015-15,0.0510,2.33,no
2026-10-05T04:13:18.718902Z,KXETH15M-26OCT050015-15,0.0500,5.00,no
2026-10-05T04:13:19.051979Z,KXETH15M-26OCT050015-15,0.0530,2.00,yes
2026-10-05T04:13:19.306518Z,KXETH15M-26OCT050015-15,0.0540,6.00,yes
2026-10-05T04:13:19.306518Z,KXETH15M-26OCT050015-15,0.0540,1.00,yes
2026-10-05T04:13:19.306518Z,KXETH15M-26OCT050015-15,0.0550,20.00,yes
2026-10-05T04:13:19.306518Z,KXETH15M-26OCT050015-15,0.0550,3.00,yes
2026-10-05T04:13:19.306518Z,KXETH15M-26OCT050015-15,0.0540,10.00,yes
2026-10-05T04:13:19.37897Z,KXETH15M-26OCT050015-15,0.0540,2.27,yes
2026-10-05T04:13:19.3876Z,KXETH15M-26OCT050015-15,0.0490,15.00,no
2026-10-05T04:13:19.404007Z,KXETH15M-26OCT050015-15,0.0490,3.00,no
2026-10-05T04:13:19.581272Z,KXETH15M-26OCT050015-15,0.0470,20.53,no
2026-10-05T04:13:20.104819Z,KXETH15M-26OCT050015-15,0.0500,4.00,no
2026-10-05T04:13:20.104819Z,KXETH15M-26OCT050015-15,0.0500,1.00,no
2026-10-05T04:13:20.16213Z,KXETH15M-26OCT050015-15,0.0560,41.00,yes
2026-10-05T04:13:20.16213Z,KXETH15M-26OCT050015-15,0.0570,41.00,yes
2026-10-05T04:13:20.16213Z,KXETH15M-26OCT050015-15,0.0580,11.00,yes
2026-10-05T04:13:20.16213Z,KXETH15M-26OCT050015-15,0.0570,1.00,yes
2026-10-05T04:13:20.16213Z,KXETH15M-26OCT050015-15,0.0530,1.97,yes
2026-10-05T04:13:20.16213Z,KXETH15M-26OCT050015-15,0.0510,1.00,yes
2026-10-05T04:13:20.162601Z,KXETH15M-26OCT050015-15,0.0580,39.00,yes
2026-10-05T04:13:20.162601Z,KXETH15M-26OCT050015-15,0.0600,9.00,yes
2026-10-05T04:13:20.166127Z,KXETH15M-26OCT050015-15,0.0640,4.00,yes
2026-10-05T04:13:20.166127Z,KXETH15M-26OCT050015-15,0.0650,4.00,yes
2026-10-05T04:13:20.166127Z,KXETH15M-26OCT050015-15,0.0660,11.00,yes
2026-10-05T04:13:20.166127Z,KXETH15M-26OCT050015-15,0.0680,10.00,yes
2026-10-05T04:13:20.166127Z,KXETH15M-26OCT050015-15,0.0630,4.00,yes
2026-10-05T04:13:20.166127Z,KXETH15M-26OCT050015-15,0.0640,4.00,yes
2026-10-05T04:13:20.166127Z,KXETH15M-26OCT050015-15,0.0650,9.00,yes
2026-10-05T04:13:20.166127Z,KXETH15M-26OCT050015-15,0.0670,4.00,yes
2026-10-05T04:13:20.166127Z,KXETH15M-26OCT050015-15,0.0690,5.00,yes
2026-10-05T04:13:20.166127Z,KXETH15M-26OCT050015-15,0.0690,17.00,yes
2026-10-05T04:13:20.166945Z,KXETH15M-26OCT050015-15,0.0550,41.00,yes
2026-10-05T04:13:20.166945Z,KXETH15M-26OCT050015-15,0.0570,4.00,yes
2026-10-05T04:13:20.166945Z,KXETH15M-26OCT050015-15,0.0580,4.00,yes
2026-10-05T04:13:20.166945Z,KXETH15M-26OCT050015-15,0.0690,3.00,yes
2026-10-05T04:13:20.166945Z,KXETH15M-26OCT050015-15,0.0700,53.00,yes
2026-10-05T04:13:20.17261Z,KXETH15M-26OCT050015-15,0.0560,41.00,yes
2026-10-05T04:13:20.17261Z,KXETH15M-26OCT050015-15,0.0570,9.00,yes
2026-10-05T04:13:20.182473Z,KXETH15M-26OCT050015-15,0.0570,32.00,yes
2026-10-05T04:13:20.276226Z,KXETH15M-26OCT050015-15,0.0650,449.94,no
2026-10-05T04:13:20.432663Z,KXETH15M-26OCT050015-15,0.0650,10.48,no
2026-10-05T04:13:20.72909Z,KXETH15M-26OCT050015-15,0.0560,4.00,no
2026-10-05T04:13:20.72909Z,KXETH15M-26OCT050015-15,0.0550,5.38,no
2026-10-05T04:13:20.779557Z,KXETH15M-26OCT050015-15,0.0590,36.83,yes
2026-10-05T04:13:21.118481Z,KXETH15M-26OCT050015-15,0.0550,3.00,no
2026-10-05T04:13:21.35381Z,KXETH15M-26OCT050015-15,0.0530,0.65,no
2026-10-05T04:13:21.573376Z,KXETH15M-26OCT050015-15,0.0540,1.94,yes
2026-10-05T04:13:21.697491Z,KXETH15M-26OCT050015-15,0.0530,1.65,no
2026-10-05T04:13:21.697491Z,KXETH15M-26OCT050015-15,0.0530,3.35,no
2026-10-05T04:13:21.741329Z,KXETH15M-26OCT050015-15,0.0520,4.00,no
2026-10-05T04:13:21.741329Z,KXETH15M-26OCT050015-15,0.0520,4.00,no
2026-10-05T04:13:21.741329Z,KXETH15M-26OCT050015-15,0.0510,14.58,no
2026-10-05T04:13:22.120964Z,KXETH15M-26OCT050015-15,0.0500,4.00,no
2026-10-05T04:13:22.120964Z,KXETH15M-26OCT050015-15,0.0510,6.00,no
2026-10-05T04:13:22.120964Z,KXETH15M-26OCT050015-15,0.0500,4.00,no
2026-10-05T04:13:22.120964Z,KXETH15M-26OCT050015-15,0.0510,4.00,no
2026-10-05T04:13:22.120964Z,KXETH15M-26OCT050015-15,0.0510,15.00,no
2026-10-05T04:13:22.120964Z,KXETH15M-26OCT050015-15,0.0490,472.54,no
2026-10-05T04:13:22.120964Z,KXETH15M-26OCT050015-15,0.0500,8.00,no
2026-10-05T04:13:22.145523Z,KXETH15M-26OCT050015-15,0.0490,4.00,no
2026-10-05T04:13:22.145523Z,KXETH15M-26OCT050015-15,0.0490,0.62,no
2026-10-05T04:13:22.145523Z,KXETH15M-26OCT050015-15,0.0490,27.46,no
2026-10-05T04:13:22.212908Z,KXETH15M-26OCT050015-15,0.0550,41.00,yes
2026-10-05T04:13:22.212908Z,KXETH15M-26OCT050015-15,0.0520,6.00,yes
2026-10-05T04:13:22.212908Z,KXETH15M-26OCT050015-15,0.0540,41.00,yes
2026-10-05T04:13:22.217481Z,KXETH15M-26OCT050015-15,0.0580,50.00,yes
2026-10-05T04:13:22.217481Z,KXETH15M-26OCT050015-15,0.0590,4.00,yes
2026-10-05T04:13:22.217481Z,KXETH15M-26OCT050015-15,0.0570,1.01,yes
2026-10-05T04:13:22.217481Z,KXETH15M-26OCT050015-15,0.0590,4.04,yes
2026-10-05T04:13:22.217481Z,KXETH15M-26OCT050015-15,0.0590,4.00,yes
2026-10-05T04:13:22.223704Z,KXETH15M-26OCT050015-15,0.0580,2.00,yes
2026-10-05T04:13:22.223704Z,KXETH15M-26OCT050015-15,0.0570,41.00,yes
2026-10-05T04:13:22.224338Z,KXETH15M-26OCT050015-15,0.0580,6.00,yes
2026-10-05T04:13:22.224469Z,KXETH15M-26OCT050015-15,0.0580,20.00,yes
2026-10-05T04:13:22.224508Z,KXETH15M-26OCT050015-15,0.0580,13.00,yes
2026-10-05T04:13:22.224955Z,KXETH15M-26OCT050015-15,0.0710,11.00,yes
2026-10-05T04:13:22.224955Z,KXETH15M-26OCT050015-15,0.0690,20.00,yes
2026-10-05T04:13:22.224955Z,KXETH15M-26OCT050015-15,0.0700,9.00,yes
2026-10-05T04:13:22.224955Z,KXETH15M-26OCT050015-15,0.0700,1.00,yes
2026-10-05T04:13:22.224955Z,KXETH15M-26OCT050015-15,0.0700,9.00,yes
2026-10-05T04:13:22.224955Z,KXETH15M-26OCT050015-15,0.0690,10.00,yes
2026-10-05T04:13:22.226428Z,KXETH15M-26OCT050015-15,0.0760,79.00,yes
2026-10-05T04:13:22.226428Z,KXETH15M-26OCT050015-15,0.0730,5.00,yes
2026-10-05T04:13:22.233755Z,KXETH15M-26OCT050015-15,0.0750,20.00,yes
2026-10-05T04:13:22.23498Z,KXETH15M-26OCT050015-15,0.0830,6.00,yes
2026-10-05T04:13:22.23498Z,KXETH15M-26OCT050015-15,0.0780,4.00,yes
2026-10-05T04:13:22.23498Z,KXETH15M-26OCT050015-15,0.0790,4.00,yes
2026-10-05T04:13:22.23498Z,KXETH15M-26OCT050015-15,0.0750,10.00,yes
2026-10-05T04:13:22.23498Z,KXETH15M-26OCT050015-15,0.0820,11.00,yes
2026-10-05T04:13:22.23889Z,KXETH15M-26OCT050015-15,0.0810,11.00,yes
2026-10-05T04:13:22.24249Z,KXETH15M-26OCT050015-15,0.0780,50.38,no
2026-10-05T04:13:22.288234Z,KXETH15M-26OCT050015-15,0.0790,6.30,no
2026-10-05T04:13:22.511568Z,KXETH15M-26OCT050015-15,0.0790,6.00,no
2026-10-05T04:13:22.511568Z,KXETH15M-26OCT050015-15,0.0790,16.00,no
2026-10-05T04:13:22.511568Z,KXETH15M-26OCT050015-15,0.0780,19.00,no
2026-10-05T04:13:22.511568Z,KXETH15M-26OCT050015-15,0.0790,10.00,no
2026-10-05T04:13:23.018686Z,KXETH15M-26OCT050015-15,0.0810,7.43,yes
2026-10-05T04:13:23.077554Z,KXETH15M-26OCT050015-15,0.0790,6.00,no
2026-10-05T04:13:23.077554Z,KXETH15M-26OCT050015-15,0.0790,0.81,no
2026-10-05T04:13:23.268438Z,KXETH15M-26OCT050015-15,0.0780,1.00,no
2026-10-05T04:13:23.379912Z,KXETH15M-26OCT050015-15,0.0780,2.00,no
2026-10-05T04:13:23.431822Z,KXETH15M-26OCT050015-15,0.0690,6.00,no
2026-10-05T04:13:23.431822Z,KXETH15M-26OCT050015-15,0.0690,4.57,no
2026-10-05T04:13:23.50016Z,KXETH15M-26OCT050015-15,0.0690,10.37,no
2026-10-05T04:13:23.703569Z,KXETH15M-26OCT050015-15,0.0750,5.94,yes
2026-10-05T04:13:23.720334Z,KXETH15M-26OCT050015-15,0.0750,26.06,yes
2026-10-05T04:13:23.720334Z,KXETH15M-26OCT050015-15,0.0800,9.00,yes
2026-10-05T04:13:23.720334Z,KXETH15M-26OCT050015-15,0.0820,1.00,yes
2026-10-05T04:13:23.722813Z,KXETH15M-26OCT050015-15,0.0750,4.00,yes
2026-10-05T04:13:23.72596Z,KXETH15M-26OCT050015-15,0.0730,4.00,yes
2026-10-05T04:13:23.72596Z,KXETH15M-26OCT050015-15,0.0710,4.00,yes
2026-10-05T04:13:23.72596Z,KXETH15M-26OCT050015-15,0.0720,4.00,yes
2026-10-05T04:13:23.72596Z,KXETH15M-26OCT050015-15,0.0720,4.00,yes
2026-10-05T04:13:23.72596Z,KXETH15M-26OCT050015-15,0.0870,11.00,yes
2026-10-05T04:13:23.72596Z,KXETH15M-26OCT050015-15,0.0710,4.00,yes
2026-10-05T04:13:23.72596Z,KXETH15M-26OCT050015-15,0.0870,1.00,yes
2026-10-05T04:13:23.732302Z,KXETH15M-26OCT050015-15,0.0870,11.00,yes
2026-10-05T04:13:23.956871Z,KXETH15M-26OCT050015-15,0.0650,35.00,no
2026-10-05T04:13:23.956871Z,KXETH15M-26OCT050015-15,0.0700,41.00,no
2026-10-05T04:13:23.956871Z,KXETH15M-26OCT050015-15,0.0710,15.00,no
2026-10-05T04:13:23.956871Z,KXETH15M-26OCT050015-15,0.0710,7.00,no
2026-10-05T04:13:23.956871Z,KXETH15M-26OCT050015-15,0.0710,6.00,no
2026-10-05T04:13:24.162259Z,KXETH15M-26OCT050015-15,0.0710,4.00,no
2026-10-05T04:13:24.186818Z,KXETH15M-26OCT050015-15,0.0640,4.04,no
2026-10-05T04:13:24.186818Z,KXETH15M-26OCT050015-15,0.0620,4.04,no
2026-10-05T04:13:24.186818Z,KXETH15M-26OCT050015-15,0.0710,2.00,no
2026-10-05T04:13:24.186818Z,KXETH15M-26OCT050015-15,0.0660,1.01,no
2026-10-05T04:13:24.186818Z,KXETH15M-26OCT050015-15,0.0650,9.00,no
2026-10-05T04:13:24.186818Z,KXETH15M-26OCT050015-15,0.0710,7.00,no
2026-10-05T04:13:24.186818Z,KXETH15M-26OCT050015-15,0.0650,9.00,no
2026-10-05T04:13:24.186818Z,KXETH15M-26OCT050015-15,0.0710,15.00,no
2026-10-05T04:13:24.186818Z,KXETH15M-26OCT050015-15,0.0600,9.47,no
2026-10-05T04:13:24.186818Z,KXETH15M-26OCT050015-15,0.0700,105.00,no
2026-10-05T04:13:24.196709Z,KXETH15M-26OCT050015-15,0.0800,9.00,yes
2026-10-05T04:13:24.196709Z,KXETH15M-26OCT050015-15,0.0830,2.50,yes
2026-10-05T04:13:24.458019Z,KXETH15M-26OCT050015-15,0.0660,20.97,no
2026-10-05T04:13:24.66004Z,KXETH15M-26OCT050015-15,0.0660,5.28,no
2026-10-05T04:13:24.66004Z,KXETH15M-26OCT050015-15,0.0670,1.00,no
2026-10-05T04:13:24.769481Z,KXETH15M-26OCT050015-15,0.0660,1.00,no
2026-10-05T04:13:25.021921Z,KXETH15M-26OCT050015-15,0.0600,57.01,no
2026-10-05T04:13:25.021921Z,KXETH15M-26OCT050015-15,0.0610,6.00,no
2026-10-05T04:13:25.021921Z,KXETH15M-26OCT050015-15,0.0620,41.00,no
2026-10-05T04:13:26.407558Z,KXETH15M-26OCT050015-15,0.0690,10.00,yes
2026-10-05T04:13:26.407558Z,KXETH15M-26OCT050015-15,0.0710,18.96,yes
2026-10-05T04:13:26.407558Z,KXETH15M-26OCT050015-15,0.0690,20.00,yes
2026-10-05T04:13:26.407558Z,KXETH15M-26OCT050015-15,0.0690,15.00,yes
2026-10-05T04:13:26.407558Z,KXETH15M-26OCT050015-15,0.0700,41.00,yes
2026-10-05T04:13:26.516222Z,KXETH15M-26OCT050015-15,0.0700,10.48,yes
2026-10-05T04:13:26.65936Z,KXETH15M-26OCT050015-15,0.0730,2.00,yes
2026-10-05T04:13:26.65936Z,KXETH15M-26OCT050015-15,0.0720,4.00,yes
2026-10-05T04:13:26.838387Z,KXETH15M-26OCT050015-15,0.0660,2.20,no
2026-10-05T04:13:27.045017Z,KXETH15M-26OCT050015-15,0.0780,6.37,yes
2026-10-05T04:13:27.167713Z,KXETH15M-26OCT050015-15,0.0780,1.00,yes
2026-10-05T04:13:27.1677Z,KXETH15M-26OCT050015-15,0.0780,10.00,yes
2026-10-05T04:13:27.1677Z,KXETH15M-26OCT050015-15,0.0750,10.00,yes
2026-10-05T04:13:27.168336Z,KXETH15M-26OCT050015-15,0.0780,1.00,yes
2026-10-05T04:13:27.174414Z,KXETH15M-26OCT050015-15,0.0780,38.00,yes
2026-10-05T04:13:27.174414Z,KXETH15M-26OCT050015-15,0.0810,105.00,yes
2026-10-05T04:13:27.174414Z,KXETH15M-26OCT050015-15,0.0800,9.00,yes
2026-10-05T04:13:27.174414Z,KXETH15M-26OCT050015-15,0.0800,9.00,yes
2026-10-05T04:13:27.174414Z,KXETH15M-26OCT050015-15,0.0800,2.00,yes
2026-10-05T04:13:27.181139Z,KXETH15M-26OCT050015-15,0.0790,9.00,yes
2026-10-05T04:13:27.181139Z,KXETH15M-26OCT050015-15,0.0750,10.00,yes
2026-10-05T04:13:27.842341Z,KXETH15M-26OCT050015-15,0.0690,26.79,no
2026-10-05T04:13:27.857355Z,KXETH15M-26OCT050015-15,0.0750,10.00,yes
2026-10-05T04:13:27.857355Z,KXETH15M-26OCT050015-15,0.0750,2.52,yes
2026-10-05T04:13:27.973763Z,KXETH15M-26OCT050015-15,0.0750,10.00,yes
2026-10-05T04:13:27.973763Z,KXETH15M-26OCT050015-15,0.0760,27.57,yes
2026-10-05T04:13:27.973763Z,KXETH15M-26OCT050015-15,0.0750,17.48,yes
2026-10-05T04:13:27.973763Z,KXETH15M-26OCT050015-15,0.0750,6.00,yes
2026-10-05T04:13:28.031591Z,KXETH15M-26OCT050015-15,0.0760,314.26,yes
2026-10-05T04:13:28.300932Z,KXETH15M-26OCT050015-15,0.0760,121.46,yes
2026-10-05T04:13:28.315713Z,KXETH15M-26OCT050015-15,0.0760,1.09,yes
2026-10-05T04:13:28.356703Z,KXETH15M-26OCT050015-15,0.0740,20.00,no
2026-10-05T04:13:28.383448Z,KXETH15M-26OCT050015-15,0.0740,3.00,no
2026-10-05T04:13:28.452122Z,KXETH15M-26OCT050015-15,0.0740,16.08,no
2026-10-05T04:13:28.495719Z,KXETH15M-26OCT050015-15,0.0750,5.00,yes
2026-10-05T04:13:28.803196Z,KXETH15M-26OCT050015-15,0.0790,18.00,yes
2026-10-05T04:13:28.803196Z,KXETH15M-26OCT050015-15,0.0750,9.00,yes
2026-10-05T04:13:28.803196Z,KXETH15M-26OCT050015-15,0.0830,6.00,yes
2026-10-05T04:13:28.803196Z,KXETH15M-26OCT050015-15,0.0840,9.00,yes
2026-10-05T04:13:28.803196Z,KXETH15M-26OCT050015-15,0.0750,9.00,yes
2026-10-05T04:13:28.803196Z,KXETH15M-26OCT050015-15,0.0820,6.00,yes
2026-10-05T04:13:28.803196Z,KXETH15M-26OCT050015-15,0.0800,1.01,yes
2026-10-05T04:13:28.803196Z,KXETH15M-26OCT050015-15,0.0840,20.00,yes
2026-10-05T04:13:28.803196Z,KXETH15M-26OCT050015-15,0.0760,35.62,yes
2026-10-05T04:13:28.803196Z,KXETH15M-26OCT050015-15,0.0850,51.93,yes
2026-10-05T04:13:29.123538Z,KXETH15M-26OCT050015-15,0.0790,14.00,no
2026-10-05T04:13:29.123538Z,KXETH15M-26OCT050015-15,0.0780,9.00,no
2026-10-05T04:13:29.428747Z,KXETH15M-26OCT050015-15,0.0790,41.00,no
2026-10-05T04:13:29.428747Z,KXETH15M-26OCT050015-15,0.0780,32.00,no
2026-10-05T04:13:29.428747Z,KXETH15M-26OCT050015-15,0.0770,5.00,no
2026-10-05T04:13:29.862368Z,KXETH15M-26OCT050015-15,0.0800,5.00,no
2026-10-05T04:13:29.862368Z,KXETH15M-26OCT050015-15,0.0810,21.00,no
2026-10-05T04:13:29.862368Z,KXETH15M-26OCT050015-15,0.0790,2.94,no
2026-10-05T04:13:30.087605Z,KXETH15M-26OCT050015-15,0.0780,5.30,no
2026-10-05T04:13:30.090635Z,KXETH15M-26OCT050015-15,0.0480,4.00,no
2026-10-05T04:13:30.090635Z,KXETH15M-26OCT050015-15,0.0700,9.00,no
2026-10-05T04:13:30.090635Z,KXETH15M-26OCT050015-15,0.0660,15.00,no
2026-10-05T04:13:30.090635Z,KXETH15M-26OCT050015-15,0.0490,4.00,no
2026-10-05T04:13:30.090635Z,KXETH15M-26OCT050015-15,0.0470,4.00,no
2026-10-05T04:13:30.090635Z,KXETH15M-26OCT050015-15,0.0470,4.00,no
2026-10-05T04:13:30.090635Z,KXETH15M-26OCT050015-15,0.0650,9.00,no
2026-10-05T04:13:30.090635Z,KXETH15M-26OCT050015-15,0.0480,4.00,no
2026-10-05T04:13:30.090635Z,KXETH15M-26OCT050015-15,0.0700,9.00,no
2026-10-05T04:13:30.090635Z,KXETH15M-26OCT050015-15,0.0720,7.00,no
2026-10-05T04:13:30.090635Z,KXETH15M-26OCT050015-15,0.0490,4.00,no
2026-10-05T04:13:30.090635Z,KXETH15M-26OCT050015-15,0.0780,35.70,no
2026-10-05T04:13:30.090635Z,KXETH15M-26OCT050015-15,0.0540,9.00,no
2026-10-05T04:13:30.090635Z,KXETH15M-26OCT050015-15,0.0620,20.00,no
2026-10-05T04:13:30.090635Z,KXETH15M-26OCT050015-15,0.0520,40.00,no
2026-10-05T04:13:30.090635Z,KXETH15M-26OCT050015-15,0.0710,41.00,no
2026-10-05T04:13:30.090635Z,KXETH15M-26OCT050015-15,0.0650,43.00,no
2026-10-05T04:13:30.090635Z,KXETH15M-26OCT050015-15,0.0550,1.00,no
2026-10-05T04:13:30.090635Z,KXETH15M-26OCT050015-15,0.0500,9.00,no
2026-10-05T04:13:30.090635Z,KXETH15M-26OCT050015-15,0.0650,9.00,no
2026-10-05T04:13:30.090635Z,KXETH15M-26OCT050015-15,0.0600,9.00,no
2026-10-05T04:13:30.090635Z,KXETH15M-26OCT050015-15,0.0410,177.82,no
2026-10-05T04:13:30.090635Z,KXETH15M-26OCT050015-15,0.0600,9.00,no
2026-10-05T04:13:30.090635Z,KXETH15M-26OCT050015-15,0.0500,9.00,no
2026-10-05T04:13:30.090635Z,KXETH15M-26OCT050015-15,0.0500,500.00,no
2026-10-05T04:13:30.090635Z,KXETH15M-26OCT050015-15,0.0450,9.00,no
2026-10-05T04:13:30.090635Z,KXETH15M-26OCT050015-15,0.0450,9.00,no
2026-10-05T04:13:30.614029Z,KXETH15M-26OCT050015-15,0.0650,34.00,no
2026-10-05T04:13:30.803648Z,KXETH15M-26OCT050015-15,0.0650,7.00,no
2026-10-05T04:13:30.803648Z,KXETH15M-26OCT050015-15,0.0650,5.64,no
2026-10-05T04:13:30.884317Z,KXETH15M-26OCT050015-15,0.0710,11.51,yes
2026-10-05T04:13:31.368685Z,KXETH15M-26OCT050015-15,0.0730,3.00,yes
2026-10-05T04:13:31.368685Z,KXETH15M-26OCT050015-15,0.0720,3.00,yes
2026-10-05T04:13:31.368685Z,KXETH15M-26OCT050015-15,0.0790,8.12,yes
2026-10-05T04:13:31.368685Z,KXETH15M-26OCT050015-15,0.0790,4.04,yes
2026-10-05T04:13:31.368685Z,KXETH15M-26OCT050015-15,0.0760,6.00,yes
2026-10-05T04:13:31.368685Z,KXETH15M-26OCT050015-15,0.0770,1.01,yes
2026-10-05T04:13:31.368685Z,KXETH15M-26OCT050015-15,0.0760,4.00,yes
2026-10-05T04:13:31.368685Z,KXETH15M-26OCT050015-15,0.0750,4.00,yes
2026-10-05T04:13:31.368685Z,KXETH15M-26OCT050015-15,0.0720,40.00,yes
2026-10-05T04:13:31.368685Z,KXETH15M-26OCT050015-15,0.0720,3.00,yes
2026-10-05T04:13:31.368685Z,KXETH15M-26OCT050015-15,0.0750,4.00,yes
2026-10-05T04:13:31.368685Z,KXETH15M-26OCT050015-15,0.0780,6.00,yes
2026-10-05T04:13:31.368685Z,KXETH15M-26OCT050015-15,0.0760,4.00,yes
2026-10-05T04:13:31.368685Z,KXETH15M-26OCT050015-15,0.0770,6.00,yes
2026-10-05T04:13:31.368685Z,KXETH15M-26OCT050015-15,0.0780,11.00,yes
2026-10-05T04:13:31.368685Z,KXETH15M-26OCT050015-15,0.0740,4.00,yes
2026-10-05T04:13:31.368685Z,KXETH15M-26OCT050015-15,0.0770,4.00,yes
2026-10-05T04:13:31.543817Z,KXETH15M-26OCT050015-15,0.0760,4.00,yes
2026-10-05T04:13:31.543817Z,KXETH15M-26OCT050015-15,0.0760,4.00,yes
2026-10-05T04:13:31.543817Z,KXETH15M-26OCT050015-15,0.0750,4.00,yes
2026-10-05T04:13:31.543817Z,KXETH15M-26OCT050015-15,0.0770,5.00,yes
2026-10-05T04:13:31.543817Z,KXETH15M-26OCT050015-15,0.0770,4.00,yes
2026-10-05T04:13:31.543817Z,KXETH15M-26OCT050015-15,0.0750,4.00,yes
2026-10-05T04:13:31.775137Z,KXETH15M-26OCT050015-15,0.0780,6.00,yes
2026-10-05T04:13:31.775137Z,KXETH15M-26OCT050015-15,0.0770,5.00,yes
2026-10-05T04:13:31.775137Z,KXETH15M-26OCT050015-15,0.0770,20.00,yes
2026-10-05T04:13:31.775137Z,KXETH15M-26OCT050015-15,0.0770,2.00,yes
2026-10-05T04:13:31.775137Z,KXETH15M-26OCT050015-15,0.0770,1.00,yes
2026-10-05T04:13:31.775137Z,KXETH15M-26OCT050015-15,0.0770,6.00,yes
2026-10-05T04:13:31.775137Z,KXETH15M-26OCT050015-15,0.0770,6.00,yes
2026-10-05T04:13:31.775137Z,KXETH15M-26OCT050015-15,0.0780,4.00,yes
2026-10-05T04:13:31.775137Z,KXETH15M-26OCT050015-15,0.0780,41.00,yes
2026-10-05T04:13:31.775137Z,KXETH15M-26OCT050015-15,0.0780,4.00,yes
2026-10-05T04:13:31.775137Z,KXETH15M-26OCT050015-15,0.0790,1.00,yes
2026-10-05T04:13:31.775137Z,KXETH15M-26OCT050015-15,0.0770,4.00,yes
2026-10-05T04:13:32.024248Z,KXETH15M-26OCT050015-15,0.0740,12.00,yes
2026-10-05T04:13:32.024248Z,KXETH15M-26OCT050015-15,0.0750,7.66,yes
2026-10-05T04:13:32.024248Z,KXETH15M-26OCT050015-15,0.0750,5.00,yes
2026-10-05T04:13:32.155614Z,KXETH15M-26OCT050015-15,0.0750,11.87,yes
2026-10-05T04:13:32.155614Z,KXETH15M-26OCT050015-15,0.0750,10.00,yes
2026-10-05T04:13:32.155614Z,KXETH15M-26OCT050015-15,0.0750,1.46,yes
2026-10-05T04:13:32.396272Z,KXETH15M-26OCT050015-15,0.0740,33.00,yes
2026-10-05T04:13:32.621319Z,KXETH15M-26OCT050015-15,0.0730,1.00,yes
2026-10-05T04:13:32.768374Z,KXETH15M-26OCT050015-15,0.0730,0.58,yes
2026-10-05T04:13:32.865143Z,KXETH15M-26OCT050015-15,0.0670,26.15,no
2026-10-05T04:13:33.017585Z,KXETH15M-26OCT050015-15,0.0720,41.00,yes
2026-10-05T04:13:33.05581Z,KXETH15M-26OCT050015-15,0.0760,1.00,yes
2026-10-05T04:13:33.05581Z,KXETH15M-26OCT050015-15,0.0800,5.00,yes
2026-10-05T04:13:33.05581Z,KXETH15M-26OCT050015-15,0.0730,41.00,yes
2026-10-05T04:13:33.05581Z,KXETH15M-26OCT050015-15,0.0790,6.00,yes
2026-10-05T04:13:33.05581Z,KXETH15M-26OCT050015-15,0.0780,6.00,yes
2026-10-05T04:13:33.05581Z,KXETH15M-26OCT050015-15,0.0770,11.00,yes
2026-10-05T04:13:33.05581Z,KXETH15M-26OCT050015-15,0.0780,41.00,yes
2026-10-05T04:13:33.978722Z,KXETH15M-26OCT050015-15,0.0760,2.00,no
2026-10-05T04:13:33.978722Z,KXETH15M-26OCT050015-15,0.0780,5.00,no
2026-10-05T04:13:33.978722Z,KXETH15M-26OCT050015-15,0.0770,21.00,no
2026-10-05T04:13:34.030716Z,KXETH15M-26OCT050015-15,0.0880,21.97,yes
2026-10-05T04:13:34.030716Z,KXETH15M-26OCT050015-15,0.0850,87.00,yes
2026-10-05T04:13:34.030716Z,KXETH15M-26OCT050015-15,0.0790,23.00,yes
2026-10-05T04:13:34.030716Z,KXETH15M-26OCT050015-15,0.0780,23.00,yes
2026-10-05T04:13:34.030716Z,KXETH15M-26OCT050015-15,0.0800,1.00,yes
2026-10-05T04:13:34.030716Z,KXETH15M-26OCT050015-15,0.0840,9.00,yes
2026-10-05T04:13:34.030716Z,KXETH15M-26OCT050015-15,0.0780,20.00,yes
2026-10-05T04:13:34.030716Z,KXETH15M-26OCT050015-15,0.0800,18.00,yes
2026-10-05T04:13:34.030716Z,KXETH15M-26OCT050015-15,0.0780,11.00,yes
2026-10-05T04:13:34.133557Z,KXETH15M-26OCT050015-15,0.0880,15.85,yes
2026-10-05T04:13:34.133557Z,KXETH15M-26OCT050015-15,0.0870,11.00,yes
2026-10-05T04:13:34.133557Z,KXETH15M-26OCT050015-15,0.0870,6.00,yes
2026-10-05T04:13:34.133557Z,KXETH15M-26OCT050015-15,0.0850,41.00,yes
2026-10-05T04:13:34.133557Z,KXETH15M-26OCT050015-15,0.0850,6.00,yes
2026-10-05T04:13:34.264083Z,KXETH15M-26OCT050015-15,0.0650,4.99,no
2026-10-05T04:13:34.264083Z,KXETH15M-26OCT050015-15,0.0660,16.00,no
2026-10-05T04:13:34.264083Z,KXETH15M-26OCT050015-15,0.0700,0.01,no
2026-10-05T04:13:34.460278Z,KXETH15M-26OCT050015-15,0.0630,41.00,no
2026-10-05T04:13:34.460278Z,KXETH15M-26OCT050015-15,0.0640,6.00,no
2026-10-05T04:13:34.460278Z,KXETH15M-26OCT050015-15,0.0620,16.38,no
2026-10-05T04:13:34.460278Z,KXETH15M-26OCT050015-15,0.0640,61.00,no
2026-10-05T04:13:34.668759Z,KXETH15M-26OCT050015-15,0.0860,21.60,yes
2026-10-05T04:13:34.976465Z,KXETH15M-26OCT050015-15,0.0820,9.00,yes
2026-10-05T04:13:34.976465Z,KXETH15M-26OCT050015-15,0.0850,7.00,yes
2026-10-05T04:13:34.976465Z,KXETH15M-26OCT050015-15,0.0820,20.00,yes
2026-10-05T04:13:34.976465Z,KXETH15M-26OCT050015-15,0.0830,41.00,yes
2026-10-05T04:13:35.202454Z,KXETH15M-26OCT050015-15,0.0760,5.00,no
2026-10-05T04:13:35.734688Z,KXETH15M-26OCT050015-15,0.0820,9.61,yes
2026-10-05T04:13:35.874295Z,KXETH15M-26OCT050015-15,0.0810,0.09,yes
2026-10-05T04:13:35.922205Z,KXETH15M-26OCT050015-15,0.0770,5.00,no
2026-10-05T04:13:35.922205Z,KXETH15M-26OCT050015-15,0.0760,2.52,no
2026-10-05T04:13:36.151009Z,KXETH15M-26OCT050015-15,0.0780,7.25,yes
2026-10-05T04:13:36.62958Z,KXETH15M-26OCT050015-15,0.0780,9.59,yes
2026-10-05T04:13:36.643153Z,KXETH15M-26OCT050015-15,0.0780,12.04,yes
2026-10-05T04:13:36.917916Z,KXETH15M-26OCT050015-15,0.0760,6.00,no
2026-10-05T04:13:36.917916Z,KXETH15M-26OCT050015-15,0.0670,1.00,no
2026-10-05T04:13:36.917916Z,KXETH15M-26OCT050015-15,0.0660,1.00,no
2026-10-05T04:13:36.917916Z,KXETH15M-26OCT050015-15,0.0610,6.00,no
2026-10-05T04:13:36.917916Z,KXETH15M-26OCT050015-15,0.0550,8.00,no
2026-10-05T04:13:36.917916Z,KXETH15M-26OCT050015-15,0.0750,5.00,no
2026-10-05T04:13:36.917916Z,KXETH15M-26OCT050015-15,0.0540,8.00,no
2026-10-05T04:13:36.917916Z,KXETH15M-26OCT050015-15,0.0600,14.00,no
2026-10-05T04:13:36.917916Z,KXETH15M-26OCT050015-15,0.0730,25.00,no
2026-10-05T04:13:36.917916Z,KXETH15M-26OCT050015-15,0.0510,143.61,no
2026-10-05T04:13:36.917916Z,KXETH15M-26OCT050015-15,0.0560,1.00,no
2026-10-05T04:13:36.917916Z,KXETH15M-26OCT050015-15,0.0540,45.00,no
2026-10-05T04:13:37.155134Z,KXETH15M-26OCT050015-15,0.0770,2.04,yes
2026-10-05T04:13:37.155134Z,KXETH15M-26OCT050015-15,0.0760,9.00,yes
2026-10-05T04:13:37.155134Z,KXETH15M-26OCT050015-15,0.0740,1.00,yes
2026-10-05T04:13:37.989054Z,KXETH15M-26OCT050015-15,0.0760,14.00,yes
2026-10-05T04:13:37.989054Z,KXETH15M-26OCT050015-15,0.0740,16.00,yes
2026-10-05T04:13:38.254831Z,KXETH15M-26OCT050015-15,0.0700,4.00,yes
2026-10-05T04:13:38.254831Z,KXETH15M-26OCT050015-15,0.0760,9.00,yes
2026-10-05T04:13:38.254831Z,KXETH15M-26OCT050015-15,0.0770,1.54,yes
2026-10-05T04:13:38.254831Z,KXETH15M-26OCT050015-15,0.0690,41.00,yes
2026-10-05T04:13:38.254831Z,KXETH15M-26OCT050015-15,0.0770,4.96,yes
2026-10-05T04:13:38.305925Z,KXETH15M-26OCT050015-15,0.0640,6.00,no
2026-10-05T04:13:38.305925Z,KXETH15M-26OCT050015-15,0.0640,6.00,no
2026-10-05T04:13:38.402478Z,KXETH15M-26OCT050015-15,0.0630,26.68,no
2026-10-05T04:13:38.538634Z,KXETH15M-26OCT050015-15,0.0630,10.62,no
2026-10-05T04:13:38.540475Z,KXETH15M-26OCT050015-15,0.0630,6.92,no
2026-10-05T04:13:38.540475Z,KXETH15M-26OCT050015-15,0.0630,3.70,no
2026-10-05T04:13:38.663483Z,KXETH15M-26OCT050015-15,0.0430,4.00,no
2026-10-05T04:13:38.663483Z,KXETH15M-26OCT050015-15,0.0420,19.23,no
2026-10-05T04:13:38.663483Z,KXETH15M-26OCT050015-15,0.0430,4.00,no
2026-10-05T04:13:38.663483Z,KXETH15M-26OCT050015-15,0.0470,9.00,no
2026-10-05T04:13:38.663483Z,KXETH15M-26OCT050015-15,0.0630,20.08,no
2026-10-05T04:13:38.663483Z,KXETH15M-26OCT050015-15,0.0530,1.00,no
2026-10-05T04:13:38.663483Z,KXETH15M-26OCT050015-15,0.0620,7.00,no
2026-10-05T04:13:38.663483Z,KXETH15M-26OCT050015-15,0.0530,18.00,no
2026-10-05T04:13:38.663483Z,KXETH15M-26OCT050015-15,0.0460,47.00,no
2026-10-05T04:13:38.663483Z,KXETH15M-26OCT050015-15,0.0620,41.00,no
2026-10-05T04:13:38.695789Z,KXETH15M-26OCT050015-15,0.0700,1.00,yes
2026-10-05T04:13:38.695789Z,KXETH15M-26OCT050015-15,0.0700,41.00,yes
2026-10-05T04:13:38.695789Z,KXETH15M-26OCT050015-15,0.0670,10.00,yes
2026-10-05T04:13:38.695789Z,KXETH15M-26OCT050015-15,0.0720,38.00,yes
2026-10-05T04:13:38.695789Z,KXETH15M-26OCT050015-15,0.0670,6.00,yes
2026-10-05T04:13:38.695789Z,KXETH15M-26OCT050015-15,0.0680,26.00,yes
2026-10-05T04:13:38.695789Z,KXETH15M-26OCT050015-15,0.0670,20.00,yes
2026-10-05T04:13:38.695789Z,KXETH15M-26OCT050015-15,0.0690,41.00,yes
2026-10-05T04:13:38.963281Z,KXETH15M-26OCT050015-15,0.0690,3.56,yes
2026-10-05T04:13:39.960371Z,KXETH15M-26OCT050015-15,0.0580,10.36,no
2026-10-05T04:13:39.965342Z,KXETH15M-26OCT050015-15,0.0440,6.00,no
2026-10-05T04:13:39.965342Z,KXETH15M-26OCT050015-15,0.0400,0.27,no
2026-10-05T04:13:39.965342Z,KXETH15M-26OCT050015-15,0.0400,9.00,no
2026-10-05T04:13:39.965342Z,KXETH15M-26OCT050015-15,0.0500,8.00,no
2026-10-05T04:13:39.965342Z,KXETH15M-26OCT050015-15,0.0420,20.00,no
2026-10-05T04:13:39.965342Z,KXETH15M-26OCT050015-15,0.0410,4.00,no
2026-10-05T04:13:39.965342Z,KXETH15M-26OCT050015-15,0.0410,4.00,no
2026-10-05T04:13:39.965342Z,KXETH15M-26OCT050015-15,0.0490,41.00,no
2026-10-05T04:13:39.965342Z,KXETH15M-26OCT050015-15,0.0580,30.64,no
2026-10-05T04:13:39.965342Z,KXETH15M-26OCT050015-15,0.0490,58.00,no
2026-10-05T04:13:39.975596Z,KXETH15M-26OCT050015-15,0.0600,1.44,yes
2026-10-05T04:13:40.094174Z,KXETH15M-26OCT050015-15,0.0510,10.00,no
2026-10-05T04:13:40.183855Z,KXETH15M-26OCT050015-15,0.0510,2.00,no
2026-10-05T04:13:40.221733Z,KXETH15M-26OCT050015-15,0.0510,1.00,no
2026-10-05T04:13:40.227198Z,KXETH15M-26OCT050015-15,0.0510,28.00,no
2026-10-05T04:13:40.27194Z,KXETH15M-26OCT050015-15,0.0510,0.83,no
2026-10-05T04:13:40.385093Z,KXETH15M-26OCT050015-15,0.0520,2.00,no
2026-10-05T04:13:40.421306Z,KXETH15M-26OCT050015-15,0.0520,1.00,no
2026-10-05T04:13:40.555072Z,KXETH15M-26OCT050015-15,0.0680,50.00,yes
2026-10-05T04:13:40.555072Z,KXETH15M-26OCT050015-15,0.0530,1.00,yes
2026-10-05T04:13:40.555072Z,KXETH15M-26OCT050015-15,0.0590,20.00,yes
2026-10-05T04:13:40.555072Z,KXETH15M-26OCT050015-15,0.0530,1.00,yes
2026-10-05T04:13:40.555072Z,KXETH15M-26OCT050015-15,0.0640,41.00,yes
2026-10-05T04:13:40.555072Z,KXETH15M-26OCT050015-15,0.0580,12.00,yes
2026-10-05T04:13:40.555072Z,KXETH15M-26OCT050015-15,0.0600,62.00,yes
2026-10-05T04:13:40.555072Z,KXETH15M-26OCT050015-15,0.0680,1.00,yes
2026-10-05T04:13:40.555072Z,KXETH15M-26OCT050015-15,0.0680,33.54,yes
2026-10-05T04:13:40.831694Z,KXETH15M-26OCT050015-15,0.0580,1.00,yes
2026-10-05T04:13:40.831694Z,KXETH15M-26OCT050015-15,0.0580,1.00,yes
2026-10-05T04:13:40.831694Z,KXETH15M-26OCT050015-15,0.0610,8.00,yes
2026-10-05T04:13:41.011568Z,KXETH15M-26OCT050015-15,0.0380,79.08,no
2026-10-05T04:13:41.011568Z,KXETH15M-26OCT050015-15,0.0400,8.73,no
2026-10-05T04:13:41.011568Z,KXETH15M-26OCT050015-15,0.0400,15.00,no
2026-10-05T04:13:41.011568Z,KXETH15M-26OCT050015-15,0.0390,4.00,no
2026-10-05T04:13:41.011568Z,KXETH15M-26OCT050015-15,0.0400,4.22,no
2026-10-05T04:13:41.011568Z,KXETH15M-26OCT050015-15,0.0560,5.00,no
2026-10-05T04:13:41.011568Z,KXETH15M-26OCT050015-15,0.0540,41.00,no
2026-10-05T04:13:41.011568Z,KXETH15M-26OCT050015-15,0.0550,8.00,no
2026-10-05T04:13:41.011568Z,KXETH15M-26OCT050015-15,0.0410,8.00,no
2026-10-05T04:13:41.019321Z,KXETH15M-26OCT050015-15,0.0580,1.00,yes
2026-10-05T04:13:41.019321Z,KXETH15M-26OCT050015-15,0.0610,0.49,yes
2026-10-05T04:13:41.019321Z,KXETH15M-26OCT050015-15,0.0600,20.00,yes
2026-10-05T04:13:41.019321Z,KXETH15M-26OCT050015-15,0.0600,9.00,yes
2026-10-05T04:13:41.093723Z,KXETH15M-26OCT050015-15,0.0700,9.00,yes
2026-10-05T04:13:41.093723Z,KXETH15M-26OCT050015-15,0.0630,41.00,yes
2026-10-05T04:13:41.093723Z,KXETH15M-26OCT050015-15,0.0610,0.51,yes
2026-10-05T04:13:41.093723Z,KXETH15M-26OCT050015-15,0.0620,41.00,yes
2026-10-05T04:13:41.093723Z,KXETH15M-26OCT050015-15,0.0650,9.00,yes
2026-10-05T04:13:41.093723Z,KXETH15M-26OCT050015-15,0.0670,10.00,yes
2026-10-05T04:13:41.093723Z,KXETH15M-26OCT050015-15,0.0680,50.00,yes
2026-10-05T04:13:41.093723Z,KXETH15M-26OCT050015-15,0.0660,1.00,yes
2026-10-05T04:13:41.093723Z,KXETH15M-26OCT050015-15,0.0600,20.00,yes
2026-10-05T04:13:41.093723Z,KXETH15M-26OCT050015-15,0.0580,1.00,yes
2026-10-05T04:13:41.093723Z,KXETH15M-26OCT050015-15,0.0680,97.00,yes
2026-10-05T04:13:41.093723Z,KXETH15M-26OCT050015-15,0.0700,3.73,yes
2026-10-05T04:13:42.131691Z,KXETH15M-26OCT050015-15,0.0570,1.33,yes
2026-10-05T04:13:42.131691Z,KXETH15M-26OCT050015-15,0.0560,2.00,yes
2026-10-05T04:13:42.276103Z,KXETH15M-26OCT050015-15,0.0460,8.00,no
2026-10-05T04:13:42.276103Z,KXETH15M-26OCT050015-15,0.0530,41.00,no
2026-10-05T04:13:42.276103Z,KXETH15M-26OCT050015-15,0.0520,41.00,no
2026-10-05T04:13:42.276103Z,KXETH15M-26OCT050015-15,0.0450,16.00,no
2026-10-05T04:13:42.276103Z,KXETH15M-26OCT050015-15,0.0450,9.00,no
2026-10-05T04:13:42.276103Z,KXETH15M-26OCT050015-15,0.0540,1.00,no
2026-10-05T04:13:42.353873Z,KXETH15M-26OCT050015-15,0.0580,2.47,yes
2026-10-05T04:13:42.353873Z,KXETH15M-26OCT050015-15,0.0560,11.00,yes
2026-10-05T04:13:42.353873Z,KXETH15M-26OCT050015-15,0.0580,1.00,yes
2026-10-05T04:13:42.353873Z,KXETH15M-26OCT050015-15,0.0570,20.00,yes
2026-10-05T04:13:42.375767Z,KXETH15M-26OCT050015-15,0.0450,9.00,no
2026-10-05T04:13:42.375767Z,KXETH15M-26OCT050015-15,0.0440,5.00,no
2026-10-05T04:13:42.375767Z,KXETH15M-26OCT050015-15,0.0430,8.00,no
2026-10-05T04:13:42.375767Z,KXETH15M-26OCT050015-15,0.0420,19.00,no
2026-10-05T04:13:42.404739Z,KXETH15M-26OCT050015-15,0.0580,20.00,yes
2026-10-05T04:13:42.404739Z,KXETH15M-26OCT050015-15,0.0590,12.38,yes
2026-10-05T04:13:42.404739Z,KXETH15M-26OCT050015-15,0.0570,6.00,yes
2026-10-05T04:13:42.404739Z,KXETH15M-26OCT050015-15,0.0580,12.00,yes
2026-10-05T04:13:42.995696Z,KXETH15M-26OCT050015-15,0.0600,72.21,yes
2026-10-05T04:13:42.995696Z,KXETH15M-26OCT050015-15,0.0600,9.00,yes
2026-10-05T04:13:42.995696Z,KXETH15M-26OCT050015-15,0.0570,11.00,yes
2026-10-05T04:13:42.995696Z,KXETH15M-26OCT050015-15,0.0550,9.00,yes
2026-10-05T04:13:42.995696Z,KXETH15M-26OCT050015-15,0.0550,9.00,yes
2026-10-05T04:13:42.995696Z,KXETH15M-26OCT050015-15,0.0560,7.00,yes
2026-10-05T04:13:42.995696Z,KXETH15M-26OCT050015-15,0.0600,9.00,yes
2026-10-05T04:13:42.995696Z,KXETH15M-26OCT050015-15,0.0580,50.00,yes
2026-10-05T04:13:43.161677Z,KXETH15M-26OCT050015-15,0.0430,8.00,no
2026-10-05T04:13:43.161677Z,KXETH15M-26OCT050015-15,0.0440,41.00,no
2026-10-05T04:13:43.161677Z,KXETH15M-26OCT050015-15,0.0430,1.93,no
2026-10-05T04:13:43.161677Z,KXETH15M-26OCT050015-15,0.0430,1.00,no
2026-10-05T04:13:43.271267Z,KXETH15M-26OCT050015-15,0.0420,5.00,no
2026-10-05T04:13:43.371744Z,KXETH15M-26OCT050015-15,0.0600,8.17,yes
2026-10-05T04:13:43.371744Z,KXETH15M-26OCT050015-15,0.0580,50.00,yes
2026-10-05T04:13:43.371744Z,KXETH15M-26OCT050015-15,0.0570,11.00,yes
2026-10-05T04:13:43.371744Z,KXETH15M-26OCT050015-15,0.0560,6.00,yes
2026-10-05T04:13:43.371744Z,KXETH15M-26OCT050015-15,0.0570,6.00,yes
2026-10-05T04:13:43.857314Z,KXETH15M-26OCT050015-15,0.0470,9.00,no
2026-10-05T04:13:43.857314Z,KXETH15M-26OCT050015-15,0.0480,8.00,no
2026-10-05T04:13:43.857314Z,KXETH15M-26OCT050015-15,0.0460,9.00,no
2026-10-05T04:13:43.857314Z,KXETH15M-26OCT050015-15,0.0450,9.00,no
2026-10-05T04:13:43.865177Z,KXETH15M-26OCT050015-15,0.0480,8.00,no
2026-10-05T04:13:43.865177Z,KXETH15M-26OCT050015-15,0.0470,8.00,no
2026-10-05T04:13:43.870151Z,KXETH15M-26OCT050015-15,0.0360,50.00,no
2026-10-05T04:13:43.870151Z,KXETH15M-26OCT050015-15,0.0370,9.00,no
2026-10-05T04:13:43.870151Z,KXETH15M-26OCT050015-15,0.0370,1.01,no
2026-10-05T04:13:43.870151Z,KXETH15M-26OCT050015-15,0.0350,4.04,no
2026-10-05T04:13:43.870151Z,KXETH15M-26OCT050015-15,0.0360,1.00,no
2026-10-05T04:13:43.870151Z,KXETH15M-26OCT050015-15,0.0360,1.00,no
2026-10-05T04:13:43.870151Z,KXETH15M-26OCT050015-15,0.0370,1.00,no
2026-10-05T04:13:43.870151Z,KXETH15M-26OCT050015-15,0.0350,1.00,no
2026-10-05T04:13:43.896965Z,KXETH15M-26OCT050015-15,0.0320,7.00,no
2026-10-05T04:13:43.896965Z,KXETH15M-26OCT050015-15,0.0330,1.00,no
2026-10-05T04:13:43.896965Z,KXETH15M-26OCT050015-15,0.0320,1.00,no
2026-10-05T04:13:43.896965Z,KXETH15M-26OCT050015-15,0.0340,1.00,no
2026-10-05T04:13:43.936632Z,KXETH15M-26OCT050015-15,0.0320,8.00,no
2026-10-05T04:13:43.936632Z,KXETH15M-26OCT050015-15,0.0310,12.00,no
2026-10-05T04:13:43.96038Z,KXETH15M-26OCT050015-15,0.0310,2.87,no
2026-10-05T04:13:43.96038Z,KXETH15M-26OCT050015-15,0.0310,1.00,no
2026-10-05T04:13:43.96038Z,KXETH15M-26OCT050015-15,0.0310,4.13,no
2026-10-05T04:13:43.96038Z,KXETH15M-26OCT050015-15,0.0310,1.00,no
2026-10-05T04:13:43.986402Z,KXETH15M-26OCT050015-15,0.0360,1.00,yes
2026-10-05T04:13:44.124203Z,KXETH15M-26OCT050015-15,0.0300,1.00,no
2026-10-05T04:13:44.124203Z,KXETH15M-26OCT050015-15,0.0300,19.12,no
2026-10-05T04:13:44.124203Z,KXETH15M-26OCT050015-15,0.0300,6.66,no
2026-10-05T04:13:44.124203Z,KXETH15M-26OCT050015-15,0.0300,1.00,no
2026-10-05T04:13:44.124203Z,KXETH15M-26OCT050015-15,0.0300,1.00,no
2026-10-05T04:13:44.124203Z,KXETH15M-26OCT050015-15,0.0300,66.00,no
2026-10-05T04:13:44.124203Z,KXETH15M-26OCT050015-15,0.0300,20.00,no
2026-10-05T04:13:44.124203Z,KXETH15M-26OCT050015-15,0.0300,1.00,no
2026-10-05T04:13:44.130715Z,KXETH15M-26OCT050015-15,0.0300,7.00,no
2026-10-05T04:13:44.134623Z,KXETH15M-26OCT050015-15,0.0300,1.63,no
2026-10-05T04:13:44.134623Z,KXETH15M-26OCT050015-15,0.0300,11.39,no
2026-10-05T04:13:44.134623Z,KXETH15M-26OCT050015-15,0.0300,6.98,no
2026-10-05T04:13:44.141878Z,KXETH15M-26OCT050015-15,0.0300,1.00,no
2026-10-05T04:13:44.146717Z,KXETH15M-26OCT050015-15,0.0300,1.00,no
2026-10-05T04:13:44.146717Z,KXETH15M-26OCT050015-15,0.0300,7.37,no
2026-10-05T04:13:44.250867Z,KXETH15M-26OCT050015-15,0.0300,32.55,yes
2026-10-05T04:13:44.327857Z,KXETH15M-26OCT050015-15,0.0230,3.00,no
2026-10-05T04:13:44.327857Z,KXETH15M-26OCT050015-15,0.0250,1.00,no
2026-10-05T04:13:44.327857Z,KXETH15M-26OCT050015-15,0.0240,1.00,no
2026-10-05T04:13:44.327857Z,KXETH15M-26OCT050015-15,0.0270,1.00,no
2026-10-05T04:13:44.327857Z,KXETH15M-26OCT050015-15,0.0230,1.00,no
2026-10-05T04:13:44.327857Z,KXETH15M-26OCT050015-15,0.0260,1.00,no
2026-10-05T04:13:44.327857Z,KXETH15M-26OCT050015-15,0.0280,1.00,no
2026-10-05T04:13:44.327857Z,KXETH15M-26OCT050015-15,0.0290,1.00,no
2026-10-05T04:13:44.464733Z,KXETH15M-26OCT050015-15,0.0250,4.00,yes
2026-10-05T04:13:44.464733Z,KXETH15M-26OCT050015-15,0.0240,41.00,yes
2026-10-05T04:13:44.464733Z,KXETH15M-26OCT050015-15,0.0240,4.00,yes
2026-10-05T04:13:44.464733Z,KXETH15M-26OCT050015-15,0.0240,4.00,yes
2026-10-05T04:13:44.464733Z,KXETH15M-26OCT050015-15,0.0240,5.00,yes
2026-10-05T04:13:44.464733Z,KXETH15M-26OCT050015-15,0.0250,4.00,yes
2026-10-05T04:13:44.464733Z,KXETH15M-26OCT050015-15,0.0250,87.96,yes
2026-10-05T04:13:44.543516Z,KXETH15M-26OCT050015-15,0.0240,2.40,yes
2026-10-05T04:13:44.555929Z,KXETH15M-26OCT050015-15,0.0230,3.00,no
2026-10-05T04:13:44.555929Z,KXETH15M-26OCT050015-15,0.0230,7.00,no
2026-10-05T04:13:44.659693Z,KXETH15M-26OCT050015-15,0.0230,10.10,no
2026-10-05T04:13:44.95017Z,KXETH15M-26OCT050015-15,0.0230,3.00,no
2026-10-05T04:13:44.95017Z,KXETH15M-26OCT050015-15,0.0230,7.00,no
2026-10-05T04:13:44.95017Z,KXETH15M-26OCT050015-15,0.0230,4.00,no
2026-10-05T04:13:44.95017Z,KXETH15M-26OCT050015-15,0.0230,6.90,no
2026-10-05T04:13:44.95017Z,KXETH15M-26OCT050015-15,0.0220,50.00,no
2026-10-05T04:13:44.95017Z,KXETH15M-26OCT050015-15,0.0220,1.00,no
2026-10-05T04:13:44.95017Z,KXETH15M-26OCT050015-15,0.0220,100.00,no
2026-10-05T04:13:44.95017Z,KXETH15M-26OCT050015-15,0.0210,42.10,no
2026-10-05T04:13:44.95017Z,KXETH15M-26OCT050015-15,0.0220,90.00,no
2026-10-05T04:13:45.020662Z,KXETH15M-26OCT050015-15,0.0210,7.10,no
2026-10-05T04:13:45.020662Z,KXETH15M-26OCT050015-15,0.0210,32.90,no
2026-10-05T04:13:45.241897Z,KXETH15M-26OCT050015-15,0.0220,31.81,yes
2026-10-05T04:13:45.241897Z,KXETH15M-26OCT050015-15,0.0220,41.00,yes
2026-10-05T04:13:45.397922Z,KXETH15M-26OCT050015-15,0.0210,5.00,no
2026-10-05T04:13:45.467546Z,KXETH15M-26OCT050015-15,0.0210,80.00,no
2026-10-05T04:13:45.483896Z,KXETH15M-26OCT050015-15,0.0220,5.30,yes
2026-10-05T04:13:45.499863Z,KXETH15M-26OCT050015-15,0.0210,5.00,no
2026-10-05T04:13:45.531665Z,KXETH15M-26OCT050015-15,0.0210,3.29,no
2026-10-05T04:13:45.531665Z,KXETH15M-26OCT050015-15,0.0210,1.00,no
2026-10-05T04:13:45.531665Z,KXETH15M-26OCT050015-15,0.0210,2.00,no
2026-10-05T04:13:45.531665Z,KXETH15M-26OCT050015-15,0.0210,2.90,no
2026-10-05T04:13:45.531665Z,KXETH15M-26OCT050015-15,0.0210,1.00,no
2026-10-05T04:13:45.538924Z,KXETH15M-26OCT050015-15,0.0210,4.00,no
2026-10-05T04:13:45.539083Z,KXETH15M-26OCT050015-15,0.0210,17.29,no
2026-10-05T04:13:45.539083Z,KXETH15M-26OCT050015-15,0.0210,2.71,no
2026-10-05T04:13:45.539546Z,KXETH15M-26OCT050015-15,0.0210,2.00,no
2026-10-05T04:13:45.539892Z,KXETH15M-26OCT050015-15,0.0200,50.00,no
2026-10-05T04:13:45.539892Z,KXETH15M-26OCT050015-15,0.0200,300.00,no
2026-10-05T04:13:45.539892Z,KXETH15M-26OCT050015-15,0.0200,1.13,no
2026-10-05T04:13:45.539892Z,KXETH15M-26OCT050015-15,0.0200,5.00,no
2026-10-05T04:13:45.539892Z,KXETH15M-26OCT050015-15,0.0200,0.95,no
2026-10-05T04:13:45.539892Z,KXETH15M-26OCT050015-15,0.0200,10.00,no
2026-10-05T04:13:45.539892Z,KXETH15M-26OCT050015-15,0.0200,25.00,no
2026-10-05T04:13:45.539892Z,KXETH15M-26OCT050015-15,0.0200,50.00,no
2026-10-05T04:13:45.539892Z,KXETH15M-26OCT050015-15,0.0200,80.00,no
2026-10-05T04:13:45.539892Z,KXETH15M-26OCT050015-15,0.0180,85.92,no
2026-10-05T04:13:45.539892Z,KXETH15M-26OCT050015-15,0.0190,100.00,no
2026-10-05T04:13:45.539892Z,KXETH15M-26OCT050015-15,0.0200,40.00,no
2026-10-05T04:13:45.539892Z,KXETH15M-26OCT050015-15,0.0190,1.00,no
2026-10-05T04:13:45.539892Z,KXETH15M-26OCT050015-15,0.0200,1.00,no
2026-10-05T04:13:45.5398Z,KXETH15M-26OCT050015-15,0.0210,3.29,no
2026-10-05T04:13:45.5398Z,KXETH15M-26OCT050015-15,0.0210,20.00,no
2026-10-05T04:13:45.5398Z,KXETH15M-26OCT050015-15,0.0210,4.71,no
2026-10-05T04:13:45.5398Z,KXETH15M-26OCT050015-15,0.0200,11.00,no
2026-10-05T04:13:45.5398Z,KXETH15M-26OCT050015-15,0.0200,1.00,no
2026-10-05T04:13:45.5398Z,KXETH15M-26OCT050015-15,0.0200,20.00,no
2026-10-05T04:13:45.541919Z,KXETH15M-26OCT050015-15,0.0170,4.92,no
2026-10-05T04:13:45.541919Z,KXETH15M-26OCT050015-15,0.0180,14.08,no
2026-10-05T04:13:45.541919Z,KXETH15M-26OCT050015-15,0.0180,1.00,no
2026-10-05T04:13:45.547104Z,KXETH15M-26OCT050015-15,0.0160,20.00,no
2026-10-05T04:13:45.547104Z,KXETH15M-26OCT050015-15,0.0160,100.00,no
2026-10-05T04:13:45.547104Z,KXETH15M-26OCT050015-15,0.0170,95.08,no
2026-10-05T04:13:45.547104Z,KXETH15M-26OCT050015-15,0.0170,1.00,no
2026-10-05T04:13:45.547104Z,KXETH15M-26OCT050015-15,0.0160,1.00,no
2026-10-05T04:13:45.601003Z,KXETH15M-26OCT050015-15,0.0180,8.00,yes
2026-10-05T04:13:45.617024Z,KXETH15M-26OCT050015-15,0.0150,39.00,no
2026-10-05T04:13:45.617024Z,KXETH15M-26OCT050015-15,0.0150,1.00,no
2026-10-05T04:13:45.713971Z,KXETH15M-26OCT050015-15,0.0160,12.00,yes
2026-10-05T04:13:45.722704Z,KXETH15M-26OCT050015-15,0.0160,2.00,yes
2026-10-05T04:13:45.820995Z,KXETH15M-26OCT050015-15,0.0160,18.00,yes
2026-10-05T04:13:45.968901Z,KXETH15M-26OCT050015-15,0.0150,12.52,no
2026-10-05T04:13:46.138528Z,KXETH15M-26OCT050015-15,0.0190,19.00,yes
2026-10-05T04:13:46.138528Z,KXETH15M-26OCT050015-15,0.0190,85.92,yes
2026-10-05T04:13:46.138528Z,KXETH15M-26OCT050015-15,0.0170,100.00,yes
2026-10-05T04:13:46.138528Z,KXETH15M-26OCT050015-15,0.0170,20.00,yes
2026-10-05T04:13:46.138528Z,KXETH15M-26OCT050015-15,0.0180,4.92,yes
2026-10-05T04:13:46.138528Z,KXETH15M-26OCT050015-15,0.0160,12.52,yes
2026-10-05T04:13:46.138528Z,KXETH15M-26OCT050015-15,0.0160,7.00,yes
2026-10-05T04:13:46.138528Z,KXETH15M-26OCT050015-15,0.0190,12.00,yes
2026-10-05T04:13:46.138528Z,KXETH15M-26OCT050015-15,0.0180,95.08,yes
2026-10-05T04:13:46.138528Z,KXETH15M-26OCT050015-15,0.0190,14.08,yes
2026-10-05T04:13:46.138528Z,KXETH15M-26OCT050015-15,0.0200,59.42,yes
2026-10-05T04:13:46.138528Z,KXETH15M-26OCT050015-15,0.0160,20.00,yes
2026-10-05T04:13:46.141857Z,KXETH15M-26OCT050015-15,0.0200,20.97,yes
2026-10-05T04:13:46.177733Z,KXETH15M-26OCT050015-15,0.0160,4.86,yes
2026-10-05T04:13:46.473578Z,KXETH15M-26OCT050015-15,0.0160,15.14,yes
2026-10-05T04:13:46.473578Z,KXETH15M-26OCT050015-15,0.0190,12.00,yes
2026-10-05T04:13:46.473578Z,KXETH15M-26OCT050015-15,0.0180,4.00,yes
2026-10-05T04:13:46.473578Z,KXETH15M-26OCT050015-15,0.0160,4.00,yes
2026-10-05T04:13:46.473578Z,KXETH15M-26OCT050015-15,0.0200,46.25,yes
2026-10-05T04:13:46.473578Z,KXETH15M-26OCT050015-15,0.0170,4.00,yes
2026-10-05T04:13:46.473578Z,KXETH15M-26OCT050015-15,0.0190,1.00,yes
2026-10-05T04:13:46.473578Z,KXETH15M-26OCT050015-15,0.0170,20.00,yes
2026-10-05T04:13:46.473578Z,KXETH15M-26OCT050015-15,0.0200,19.61,yes
2026-10-05T04:13:46.473578Z,KXETH15M-26OCT050015-15,0.0190,20.00,yes
2026-10-05T04:13:46.669468Z,KXETH15M-26OCT050015-15,0.0160,7.29,yes
2026-10-05T04:13:46.689209Z,KXETH15M-26OCT050015-15,0.0160,1.20,yes
2026-10-05T04:13:46.852274Z,KXETH15M-26OCT050015-15,0.0150,25.38,no
2026-10-05T04:13:46.86477Z,KXETH15M-26OCT050015-15,0.0160,4.00,yes
2026-10-05T04:13:46.86477Z,KXETH15M-26OCT050015-15,0.0170,4.00,yes
2026-10-05T04:13:46.86477Z,KXETH15M-26OCT050015-15,0.0160,11.51,yes
2026-10-05T04:13:46.86477Z,KXETH15M-26OCT050015-15,0.0170,1.23,yes
2026-10-05T04:13:46.86477Z,KXETH15M-26OCT050015-15,0.0170,20.00,yes
2026-10-05T04:13:46.887349Z,KXETH15M-26OCT050015-15,0.0150,25.00,no
2026-10-05T04:13:46.887349Z,KXETH15M-26OCT050015-15,0.0150,3.00,no
2026-10-05T04:13:46.887349Z,KXETH15M-26OCT050015-15,0.0150,20.00,no
2026-10-05T04:13:46.887349Z,KXETH15M-26OCT050015-15,0.0150,12.00,no
2026-10-05T04:13:46.887349Z,KXETH15M-26OCT050015-15,0.0150,1.00,no
2026-10-05T04:13:46.887349Z,KXETH15M-26OCT050015-15,0.0150,1.00,no
2026-10-05T04:13:46.887349Z,KXETH15M-26OCT050015-15,0.0140,14.90,no
2026-10-05T04:13:46.887349Z,KXETH15M-26OCT050015-15,0.0150,23.10,no
2026-10-05T04:13:46.954477Z,KXETH15M-26OCT050015-15,0.0140,59.00,no
2026-10-05T04:13:46.954477Z,KXETH15M-26OCT050015-15,0.0140,12.00,no
2026-10-05T04:13:46.954477Z,KXETH15M-26OCT050015-15,0.0140,20.00,no
2026-10-05T04:13:46.954477Z,KXETH15M-26OCT050015-15,0.0130,25.00,no
2026-10-05T04:13:46.954477Z,KXETH15M-26OCT050015-15,0.0110,1.00,no
2026-10-05T04:13:46.954477Z,KXETH15M-26OCT050015-15,0.0110,1.00,no
2026-10-05T04:13:46.954477Z,KXETH15M-26OCT050015-15,0.0110,2.00,no
2026-10-05T04:13:46.954477Z,KXETH15M-26OCT050015-15,0.0110,2.00,no
2026-10-05T04:13:46.954477Z,KXETH15M-26OCT050015-15,0.0110,1.00,no
2026-10-05T04:13:46.954477Z,KXETH15M-26OCT050015-15,0.0110,20.00,no
2026-10-05T04:13:46.954477Z,KXETH15M-26OCT050015-15,0.0110,10.00,no
2026-10-05T04:13:46.954477Z,KXETH15M-26OCT050015-15,0.0110,100.00,no
2026-10-05T04:13:46.954477Z,KXETH15M-26OCT050015-15,0.0110,1.00,no
2026-10-05T04:13:46.954477Z,KXETH15M-26OCT050015-15,0.0120,1.00,no
2026-10-05T04:13:46.954477Z,KXETH15M-26OCT050015-15,0.0130,1.00,no
2026-10-05T04:13:46.954477Z,KXETH15M-26OCT050015-15,0.0140,1.00,no
2026-10-05T04:13:46.954477Z,KXETH15M-26OCT050015-15,0.0110,200.00,no
2026-10-05T04:13:46.954477Z,KXETH15M-26OCT050015-15,0.0100,11.26,no
2026-10-05T04:13:46.954477Z,KXETH15M-26OCT050015-15,0.0140,85.10,no
2026-10-05T04:13:46.954477Z,KXETH15M-26OCT050015-15,0.0120,100.00,no
2026-10-05T04:13:46.954477Z,KXETH15M-26OCT050015-15,0.0110,100.00,no
2026-10-05T04:13:46.954477Z,KXETH15M-26OCT050015-15,0.0130,100.00,no
2026-10-05T04:13:47.002883Z,KXETH15M-26OCT050015-15,0.0260,4.04,yes
2026-10-05T04:13:47.002883Z,KXETH15M-26OCT050015-15,0.0250,8.00,yes
2026-10-05T04:13:47.002883Z,KXETH15M-26OCT050015-15,0.0250,20.00,yes
2026-10-05T04:13:47.002883Z,KXETH15M-26OCT050015-15,0.0260,50.00,yes
2026-10-05T04:13:47.002883Z,KXETH15M-26OCT050015-15,0.0160,4.00,yes
2026-10-05T04:13:47.002883Z,KXETH15M-26OCT050015-15,0.0200,9.00,yes
2026-10-05T04:13:47.002883Z,KXETH15M-26OCT050015-15,0.0170,4.00,yes
2026-10-05T04:13:47.002883Z,KXETH15M-26OCT050015-15,0.0200,12.00,yes
2026-10-05T04:13:47.002883Z,KXETH15M-26OCT050015-15,0.0190,20.00,yes
2026-10-05T04:13:47.002883Z,KXETH15M-26OCT050015-15,0.0200,4.00,yes
2026-10-05T04:13:47.002883Z,KXETH15M-26OCT050015-15,0.0240,4.04,yes
2026-10-05T04:13:47.002883Z,KXETH15M-26OCT050015-15,0.0210,4.00,yes
2026-10-05T04:13:47.002883Z,KXETH15M-26OCT050015-15,0.0160,25.38,yes
2026-10-05T04:13:47.002883Z,KXETH15M-26OCT050015-15,0.0180,4.00,yes
2026-10-05T04:13:47.002883Z,KXETH15M-26OCT050015-15,0.0200,9.00,yes
2026-10-05T04:13:47.002883Z,KXETH15M-26OCT050015-15,0.0220,1.01,yes
2026-10-05T04:13:47.002883Z,KXETH15M-26OCT050015-15,0.0190,4.00,yes
2026-10-05T04:13:47.002883Z,KXETH15M-26OCT050015-15,0.0150,20.00,yes
2026-10-05T04:13:47.002883Z,KXETH15M-26OCT050015-15,0.0140,20.00,yes
2026-10-05T04:13:47.002883Z,KXETH15M-26OCT050015-15,0.0160,20.00,yes
2026-10-05T04:13:47.002883Z,KXETH15M-26OCT050015-15,0.0280,90.00,yes
2026-10-05T04:13:47.002883Z,KXETH15M-26OCT050015-15,0.0220,62.89,yes
2026-10-05T04:13:47.002883Z,KXETH15M-26OCT050015-15,0.0250,9.00,yes
2026-10-05T04:13:47.002883Z,KXETH15M-26OCT050015-15,0.0250,9.00,yes
2026-10-05T04:13:47.002883Z,KXETH15M-26OCT050015-15,0.0210,20.00,yes
2026-10-05T04:13:47.002883Z,KXETH15M-26OCT050015-15,0.0220,5.00,yes
2026-10-05T04:13:47.002883Z,KXETH15M-26OCT050015-15,0.0220,7.10,yes
2026-10-05T04:13:47.002883Z,KXETH15M-26OCT050015-15,0.0290,32.90,yes
2026-10-05T04:13:47.002883Z,KXETH15M-26OCT050015-15,0.0220,2.90,yes
2026-10-05T04:13:47.002883Z,KXETH15M-26OCT050015-15,0.0220,3.00,yes
2026-10-05T04:13:47.002883Z,KXETH15M-26OCT050015-15,0.0220,80.00,yes
2026-10-05T04:13:47.002883Z,KXETH15M-26OCT050015-15,0.0210,80.00,yes
2026-10-05T04:13:47.002883Z,KXETH15M-26OCT050015-15,0.0220,5.00,yes
2026-10-05T04:13:47.002883Z,KXETH15M-26OCT050015-15,0.0250,4.00,yes
2026-10-05T04:13:47.002883Z,KXETH15M-26OCT050015-15,0.0200,6.96,yes
2026-10-05T04:13:47.002883Z,KXETH15M-26OCT050015-15,0.0300,4.44,yes
2026-10-05T04:13:47.002883Z,KXETH15M-26OCT050015-15,0.0290,42.10,yes
2026-10-05T04:13:47.002883Z,KXETH15M-26OCT050015-15,0.0280,50.00,yes
2026-10-05T04:13:47.002883Z,KXETH15M-26OCT050015-15,0.0210,119.00,yes
2026-10-05T04:13:47.096151Z,KXETH15M-26OCT050015-15,0.0130,4.00,no
2026-10-05T04:13:47.119396Z,KXETH15M-26OCT050015-15,0.0140,7.98,yes
2026-10-05T04:13:47.218583Z,KXETH15M-26OCT050015-15,0.0120,20.00,no
2026-10-05T04:13:47.218583Z,KXETH15M-26OCT050015-15,0.0120,90.00,no
2026-10-05T04:13:47.218583Z,KXETH15M-26OCT050015-15,0.0110,12.00,no
2026-10-05T04:13:47.218583Z,KXETH15M-26OCT050015-15,0.0110,64.00,no
2026-10-05T04:13:47.313138Z,KXETH15M-26OCT050015-15,0.0110,59.18,yes
2026-10-05T04:13:47.315503Z,KXETH15M-26OCT050015-15,0.0100,1.00,no
2026-10-05T04:13:47.338763Z,KXETH15M-26OCT050015-15,0.0100,1.00,no
2026-10-05T04:13:47.338763Z,KXETH15M-26OCT050015-15,0.0100,37.74,no
2026-10-05T04:13:47.338763Z,KXETH15M-26OCT050015-15,0.0100,14.26,no
2026-10-05T04:13:47.351332Z,KXETH15M-26OCT050015-15,0.0110,6.77,yes
2026-10-05T04:13:47.45676Z,KXETH15M-26OCT050015-15,0.0140,9.76,yes
2026-10-05T04:13:47.45676Z,KXETH15M-26OCT050015-15,0.0110,30.00,yes
2026-10-05T04:13:47.45676Z,KXETH15M-26OCT050015-15,0.0130,20.00,yes
2026-10-05T04:13:47.45676Z,KXETH15M-26OCT050015-15,0.0110,64.00,yes
2026-10-05T04:13:47.45676Z,KXETH15M-26OCT050015-15,0.0130,100.00,yes
2026-10-05T04:13:47.45676Z,KXETH15M-26OCT050015-15,0.0110,54.00,yes
2026-10-05T04:13:47.45676Z,KXETH15M-26OCT050015-15,0.0110,34.05,yes
2026-10-05T04:13:47.45676Z,KXETH15M-26OCT050015-15,0.0120,20.00,yes
2026-10-05T04:13:47.572376Z,KXETH15M-26OCT050015-15,0.0110,20.00,yes
2026-10-05T04:13:47.572376Z,KXETH15M-26OCT050015-15,0.0110,5.00,yes
2026-10-05T04:13:47.572376Z,KXETH15M-26OCT050015-15,0.0110,34.53,yes
2026-10-05T04:13:47.800642Z,KXETH15M-26OCT050015-15,0.0110,11.27,yes
2026-10-05T04:13:47.87188Z,KXETH15M-26OCT050015-15,0.0100,10.00,no
2026-10-05T04:13:47.872148Z,KXETH15M-26OCT050015-15,0.0100,0.74,no
2026-10-05T04:13:47.872148Z,KXETH15M-26OCT050015-15,0.0100,9.26,no
2026-10-05T04:13:47.906447Z,KXETH15M-26OCT050015-15,0.0100,1.00,no
2026-10-05T04:13:47.906447Z,KXETH15M-26OCT050015-15,0.0100,5.88,no
2026-10-05T04:13:47.906447Z,KXETH15M-26OCT050015-15,0.0100,35.71,no
2026-10-05T04:13:47.906447Z,KXETH15M-26OCT050015-15,0.0100,61.84,no
2026-10-05T04:13:47.906447Z,KXETH15M-26OCT050015-15,0.0100,1.35,no
2026-10-05T04:13:47.906447Z,KXETH15M-26OCT050015-15,0.0100,2.30,no
2026-10-05T04:13:47.906447Z,KXETH15M-26OCT050015-15,0.0100,23.33,no
2026-10-05T04:13:47.906447Z,KXETH15M-26OCT050015-15,0.0100,1.57,no
2026-10-05T04:13:47.906447Z,KXETH15M-26OCT050015-15,0.0100,2.00,no
2026-10-05T04:13:47.906447Z,KXETH15M-26OCT050015-15,0.0100,1.83,no
2026-10-05T04:13:47.906447Z,KXETH15M-26OCT050015-15,0.0100,7.29,no
2026-10-05T04:13:47.906447Z,KXETH15M-26OCT050015-15,0.0100,20.94,no
2026-10-05T04:13:47.906447Z,KXETH15M-26OCT050015-15,0.0100,3.07,no
2026-10-05T04:13:47.906447Z,KXETH15M-26OCT050015-15,0.0100,25.00,no
2026-10-05T04:13:47.906447Z,KXETH15M-26OCT050015-15,0.0100,20.00,no
2026-10-05T04:13:47.906447Z,KXETH15M-26OCT050015-15,0.0100,1.00,no
2026-10-05T04:13:47.906447Z,KXETH15M-26OCT050015-15,0.0100,25.00,no
2026-10-05T04:13:47.906447Z,KXETH15M-26OCT050015-15,0.0100,3.50,no
2026-10-05T04:13:47.906447Z,KXETH15M-26OCT050015-15,0.0100,1.42,no
2026-10-05T04:13:47.906447Z,KXETH15M-26OCT050015-15,0.0100,210.74,no
2026-10-05T04:13:47.906447Z,KXETH15M-26OCT050015-15,0.0100,100.00,no
2026-10-05T04:13:47.906447Z,KXETH15M-26OCT050015-15,0.0100,1.00,no
2026-10-05T04:13:47.922777Z,KXETH15M-26OCT050015-15,0.0100,5.69,yes
2026-10-05T04:13:47.924381Z,KXETH15M-26OCT050015-15,0.0100,0.49,yes
2026-10-05T04:13:48.159315Z,KXETH15M-26OCT050015-15,0.0100,12.32,yes
2026-10-05T04:13:48.216849Z,KXETH15M-26OCT050015-15,0.0100,1.13,yes
2026-10-05T04:13:48.295176Z,KXETH15M-26OCT050015-15,0.0100,30.00,yes
2026-10-05T04:13:48.295176Z,KXETH15M-26OCT050015-15,0.0110,22.65,yes
2026-10-05T04:13:48.295176Z,KXETH15M-26OCT050015-15,0.0100,24.00,yes
2026-10-05T04:13:48.295176Z,KXETH15M-26OCT050015-15,0.0110,4.00,yes
2026-10-05T04:13:48.295176Z,KXETH15M-26OCT050015-15,0.0100,4.00,yes
2026-10-05T04:13:48.295176Z,KXETH15M-26OCT050015-15,0.0100,0.37,yes
2026-10-05T04:13:48.344199Z,KXETH15M-26OCT050015-15,0.0100,8.37,yes
2026-10-05T04:13:48.616691Z,KXETH15M-26OCT050015-15,0.0100,11.63,yes
2026-10-05T04:13:48.616691Z,KXETH15M-26OCT050015-15,0.0100,47.22,yes
2026-10-05T04:13:48.616691Z,KXETH15M-26OCT050015-15,0.0100,21.00,yes
2026-10-05T04:13:48.898156Z,KXETH15M-26OCT050015-15,0.0090,72.19,no
2026-10-05T04:13:48.96514Z,KXETH15M-26OCT050015-15,0.0100,6.97,yes
2026-10-05T04:13:49.014242Z,KXETH15M-26OCT050015-15,0.0110,25.00,yes
2026-10-05T04:13:49.014242Z,KXETH15M-26OCT050015-15,0.0130,15.00,yes
2026-10-05T04:13:49.014242Z,KXETH15M-26OCT050015-15,0.0110,4.00,yes
2026-10-05T04:13:49.014242Z,KXETH15M-26OCT050015-15,0.0110,100.00,yes
2026-10-05T04:13:49.014242Z,KXETH15M-26OCT050015-15,0.0140,50.86,yes
2026-10-05T04:13:49.014242Z,KXETH15M-26OCT050015-15,0.0130,20.00,yes
2026-10-05T04:13:49.014242Z,KXETH15M-26OCT050015-15,0.0120,4.00,yes
2026-10-05T04:13:49.014242Z,KXETH15M-26OCT050015-15,0.0120,4.00,yes
2026-10-05T04:13:49.014242Z,KXETH15M-26OCT050015-15,0.0130,4.00,yes
2026-10-05T04:13:49.014242Z,KXETH15M-26OCT050015-15,0.0100,72.19,yes
2026-10-05T04:13:49.014242Z,KXETH15M-26OCT050015-15,0.0100,18.00,yes
2026-10-05T04:13:49.014242Z,KXETH15M-26OCT050015-15,0.0110,29.00,yes
2026-10-05T04:13:49.014242Z,KXETH15M-26OCT050015-15,0.0100,45.81,yes
2026-10-05T04:13:49.014242Z,KXETH15M-26OCT050015-15,0.0100,9.00,yes
2026-10-05T04:13:49.124315Z,KXETH15M-26OCT050015-15,0.0090,12.19,no
2026-10-05T04:13:49.124315Z,KXETH15M-26OCT050015-15,0.0090,1.00,no
2026-10-05T04:13:49.124315Z,KXETH15M-26OCT050015-15,0.0090,27.81,no
2026-10-05T04:13:49.483677Z,KXETH15M-26OCT050015-15,0.0100,4.77,yes
2026-10-05T04:13:49.646539Z,KXETH15M-26OCT050015-15,0.0100,21.91,yes
2026-10-05T04:13:49.672323Z,KXETH15M-26OCT050015-15,0.0100,3.00,yes
2026-10-05T04:13:49.672323Z,KXETH15M-26OCT050015-15,0.0100,9.00,yes
2026-10-05T04:13:49.672323Z,KXETH15M-26OCT050015-15,0.0100,11.00,yes
2026-10-05T04:13:49.672323Z,KXETH15M-26OCT050015-15,0.0100,16.00,yes
2026-10-05T04:13:49.672323Z,KXETH15M-26OCT050015-15,0.0100,6.62,yes
2026-10-05T04:13:49.672323Z,KXETH15M-26OCT050015-15,0.0100,1.13,yes
2026-10-05T04:13:49.755791Z,KXETH15M-26OCT050015-15,0.0090,14.00,no
2026-10-05T04:13:49.755791Z,KXETH15M-26OCT050015-15,0.0090,13.00,no
2026-10-05T04:13:49.755791Z,KXETH15M-26OCT050015-15,0.0080,100.00,no
2026-10-05T04:13:49.897279Z,KXETH15M-26OCT050015-15,0.0090,100.00,yes
2026-10-05T04:13:49.897279Z,KXETH15M-26OCT050015-15,0.0100,2.38,yes
2026-10-05T04:13:49.897279Z,KXETH15M-26OCT050015-15,0.0100,5.71,yes
2026-10-05T04:13:50.137921Z,KXETH15M-26OCT050015-15,0.0100,3.97,yes
2026-10-05T04:13:50.142472Z,KXETH15M-26OCT050015-15,0.0100,10.36,yes
2026-10-05T04:13:50.171498Z,KXETH15M-26OCT050015-15,0.0080,4.04,no
2026-10-05T04:13:50.171498Z,KXETH15M-26OCT050015-15,0.0080,1.00,no
2026-10-05T04:13:50.279546Z,KXETH15M-26OCT050015-15,0.0100,22.00,yes
2026-10-05T04:13:50.279546Z,KXETH15M-26OCT050015-15,0.0100,9.96,yes
2026-10-05T04:13:50.446459Z,KXETH15M-26OCT050015-15,0.0130,1.67,yes
2026-10-05T04:13:50.446459Z,KXETH15M-26OCT050015-15,0.0110,31.00,yes
2026-10-05T04:13:50.446459Z,KXETH15M-26OCT050015-15,0.0110,46.00,yes
2026-10-05T04:13:50.446459Z,KXETH15M-26OCT050015-15,0.0110,6.00,yes
2026-10-05T04:13:50.446459Z,KXETH15M-26OCT050015-15,0.0120,4.00,yes
2026-10-05T04:13:50.446459Z,KXETH15M-26OCT050015-15,0.0130,20.00,yes
2026-10-05T04:13:50.446459Z,KXETH15M-26OCT050015-15,0.0130,4.00,yes
2026-10-05T04:13:50.446459Z,KXETH15M-26OCT050015-15,0.0130,4.00,yes
2026-10-05T04:13:50.484522Z,KXETH15M-26OCT050015-15,0.0140,50.00,yes
2026-10-05T04:13:50.484522Z,KXETH15M-26OCT050015-15,0.0140,15.00,yes
2026-10-05T04:13:50.484522Z,KXETH15M-26OCT050015-15,0.0140,4.00,yes
2026-10-05T04:13:50.484522Z,KXETH15M-26OCT050015-15,0.0140,4.00,yes
2026-10-05T04:13:50.484522Z,KXETH15M-26OCT050015-15,0.0150,13.11,yes
2026-10-05T04:13:50.484522Z,KXETH15M-26OCT050015-15,0.0140,31.40,yes
2026-10-05T04:13:50.618751Z,KXETH15M-26OCT050015-15,0.0120,2.30,yes
2026-10-05T04:13:50.910211Z,KXETH15M-26OCT050015-15,0.0080,12.00,no
2026-10-05T04:13:50.910211Z,KXETH15M-26OCT050015-15,0.0080,5.00,no
2026-10-05T04:13:50.910211Z,KXETH15M-26OCT050015-15,0.0070,74.00,no
2026-10-05T04:13:50.926967Z,KXETH15M-26OCT050015-15,0.0090,50.00,yes
2026-10-05T04:13:51.021637Z,KXETH15M-26OCT050015-15,0.0150,1.79,yes
2026-10-05T04:13:51.021637Z,KXETH15M-26OCT050015-15,0.0150,98.85,yes
2026-10-05T04:13:51.021637Z,KXETH15M-26OCT050015-15,0.0150,85.10,yes
2026-10-05T04:13:51.021637Z,KXETH15M-26OCT050015-15,0.0100,40.00,yes
2026-10-05T04:13:51.021637Z,KXETH15M-26OCT050015-15,0.0100,30.00,yes
2026-10-05T04:13:51.021637Z,KXETH15M-26OCT050015-15,0.0100,18.00,yes
2026-10-05T04:13:51.021637Z,KXETH15M-26OCT050015-15,0.0140,20.00,yes
2026-10-05T04:13:51.021637Z,KXETH15M-26OCT050015-15,0.0090,24.00,yes
2026-10-05T04:13:51.021637Z,KXETH15M-26OCT050015-15,0.0140,15.00,yes
2026-10-05T04:13:51.217514Z,KXETH15M-26OCT050015-15,0.0070,2.95,no
2026-10-05T04:13:51.221598Z,KXETH15M-26OCT050015-15,0.0150,11.15,yes
2026-10-05T04:13:51.221598Z,KXETH15M-26OCT050015-15,0.0150,21.36,yes
2026-10-05T04:13:51.221598Z,KXETH15M-26OCT050015-15,0.0100,9.00,yes
2026-10-05T04:13:51.221598Z,KXETH15M-26OCT050015-15,0.0100,40.00,yes
2026-10-05T04:13:51.221598Z,KXETH15M-26OCT050015-15,0.0140,20.00,yes
2026-10-05T04:13:51.221598Z,KXETH15M-26OCT050015-15,0.0100,23.00,yes
2026-10-05T04:13:51.221598Z,KXETH15M-26OCT050015-15,0.0140,15.00,yes
2026-10-05T04:13:51.418352Z,KXETH15M-26OCT050015-15,0.0090,2.00,yes
2026-10-05T04:13:51.536927Z,KXETH15M-26OCT050015-15,0.0100,8.40,yes
2026-10-05T04:13:51.536927Z,KXETH15M-26OCT050015-15,0.0090,0.95,yes
2026-10-05T04:13:51.740004Z,KXETH15M-26OCT050015-15,0.0070,22.14,no
2026-10-05T04:13:51.886364Z,KXETH15M-26OCT050015-15,0.0090,17.92,yes
2026-10-05T04:13:52.044187Z,KXETH15M-26OCT050015-15,0.0090,6.40,yes
2026-10-05T04:13:52.044187Z,KXETH15M-26OCT050015-15,0.0090,4.22,yes
2026-10-05T04:13:52.079149Z,KXETH15M-26OCT050015-15,0.0060,4.00,no
2026-10-05T04:13:52.079149Z,KXETH15M-26OCT050015-15,0.0060,4.00,no
2026-10-05T04:13:52.079149Z,KXETH15M-26OCT050015-15,0.0070,13.00,no
2026-10-05T04:13:52.079149Z,KXETH15M-26OCT050015-15,0.0050,4.00,no
2026-10-05T04:13:52.079149Z,KXETH15M-26OCT050015-15,0.0050,4.00,no
2026-10-05T04:13:52.079149Z,KXETH15M-26OCT050015-15,0.0070,20.00,no
2026-10-05T04:13:52.079149Z,KXETH15M-26OCT050015-15,0.0050,38.00,no
2026-10-05T04:13:52.079149Z,KXETH15M-26OCT050015-15,0.0050,11.00,no
2026-10-05T04:13:52.079149Z,KXETH15M-26OCT050015-15,0.0070,1.00,no
2026-10-05T04:13:52.079149Z,KXETH15M-26OCT050015-15,0.0060,1.00,no
2026-10-05T04:13:52.079149Z,KXETH15M-26OCT050015-15,0.0050,100.00,no
2026-10-05T04:13:52.079149Z,KXETH15M-26OCT050015-15,0.0050,1.00,no
2026-10-05T04:13:52.079149Z,KXETH15M-26OCT050015-15,0.0070,0.91,no
2026-10-05T04:13:52.079149Z,KXETH15M-26OCT050015-15,0.0060,100.00,no
2026-10-05T04:13:52.079149Z,KXETH15M-26OCT050015-15,0.0050,100.00,no
2026-10-05T04:13:52.079149Z,KXETH15M-26OCT050015-15,0.0040,104.27,no
2026-10-05T04:13:52.105463Z,KXETH15M-26OCT050015-15,0.0040,39.60,no
2026-10-05T04:13:52.235081Z,KXETH15M-26OCT050015-15,0.0080,100.00,yes
2026-10-05T04:13:52.235081Z,KXETH15M-26OCT050015-15,0.0080,1.57,yes
2026-10-05T04:13:52.235081Z,KXETH15M-26OCT050015-15,0.0080,0.91,yes
2026-10-05T04:13:52.31602Z,KXETH15M-26OCT050015-15,0.0070,35.00,no
2026-10-05T04:13:52.644042Z,KXETH15M-26OCT050015-15,0.0050,12.00,no
2026-10-05T04:13:52.644042Z,KXETH15M-26OCT050015-15,0.0050,20.00,no
2026-10-05T04:13:52.644042Z,KXETH15M-26OCT050015-15,0.0040,34.39,no
2026-10-05T04:13:52.678762Z,KXETH15M-26OCT050015-15,0.0070,18.45,yes
2026-10-05T04:13:52.678762Z,KXETH15M-26OCT050015-15,0.0060,98.43,yes
2026-10-05T04:13:52.817186Z,KXETH15M-26OCT050015-15,0.0080,156.77,yes
2026-10-05T04:13:53.042371Z,KXETH15M-26OCT050015-15,0.0040,28.54,no
2026-10-05T04:13:53.105595Z,KXETH15M-26OCT050015-15,0.0060,4.75,yes
2026-10-05T04:13:53.214056Z,KXETH15M-26OCT050015-15,0.0050,27.06,no
2026-10-05T04:13:53.254282Z,KXETH15M-26OCT050015-15,0.0090,1.00,yes
2026-10-05T04:13:53.254282Z,KXETH15M-26OCT050015-15,0.0080,43.23,yes
2026-10-05T04:13:53.254282Z,KXETH15M-26OCT050015-15,0.0060,36.25,yes
2026-10-05T04:13:53.254282Z,KXETH15M-26OCT050015-15,0.0100,3.45,yes
2026-10-05T04:13:53.254282Z,KXETH15M-26OCT050015-15,0.0080,17.00,yes
2026-10-05T04:13:53.383187Z,KXETH15M-26OCT050015-15,0.0080,23.00,yes
2026-10-05T04:13:53.383187Z,KXETH15M-26OCT050015-15,0.0090,38.60,yes
2026-10-05T04:13:53.383187Z,KXETH15M-26OCT050015-15,0.0080,58.00,yes
2026-10-05T04:13:53.679155Z,KXETH15M-26OCT050015-15,0.0050,20.00,no
2026-10-05T04:13:53.679155Z,KXETH15M-26OCT050015-15,0.0050,12.00,no
2026-10-05T04:13:53.679155Z,KXETH15M-26OCT050015-15,0.0040,39.28,no
2026-10-05T04:13:53.784136Z,KXETH15M-26OCT050015-15,0.0080,8.59,yes
2026-10-05T04:13:54.101084Z,KXETH15M-26OCT050015-15,0.0100,24.00,yes
2026-10-05T04:13:54.101084Z,KXETH15M-26OCT050015-15,0.0100,9.00,yes
2026-10-05T04:13:54.101084Z,KXETH15M-26OCT050015-15,0.0090,61.40,yes
2026-10-05T04:13:54.101084Z,KXETH15M-26OCT050015-15,0.0070,15.00,yes
2026-10-05T04:13:54.101084Z,KXETH15M-26OCT050015-15,0.0100,0.08,yes
2026-10-05T04:13:54.101084Z,KXETH15M-26OCT050015-15,0.0070,14.00,yes
2026-10-05T04:13:54.101084Z,KXETH15M-26OCT050015-15,0.0090,0.08,yes
2026-10-05T04:13:54.101084Z,KXETH15M-26OCT050015-15,0.0080,0.08,yes
2026-10-05T04:13:54.101084Z,KXETH15M-26OCT050015-15,0.0100,179.62,yes
2026-10-05T04:13:54.101084Z,KXETH15M-26OCT050015-15,0.0080,8.41,yes
2026-10-05T04:13:54.101084Z,KXETH15M-26OCT050015-15,0.0100,9.00,yes
2026-10-05T04:13:54.101084Z,KXETH15M-26OCT050015-15,0.0090,3.00,yes
2026-10-05T04:13:54.101084Z,KXETH15M-26OCT050015-15,0.0080,20.00,yes
2026-10-05T04:13:54.101084Z,KXETH15M-26OCT050015-15,0.0100,26.55,yes
2026-10-05T04:13:54.233732Z,KXETH15M-26OCT050015-15,0.0100,74.21,yes
2026-10-05T04:13:54.233732Z,KXETH15M-26OCT050015-15,0.0080,24.00,yes
2026-10-05T04:13:54.730943Z,KXETH15M-26OCT050015-15,0.0060,7.00,no
2026-10-05T04:13:54.730943Z,KXETH15M-26OCT050015-15,0.0060,3.00,no
2026-10-05T04:13:54.758366Z,KXETH15M-26OCT050015-15,0.0040,38.00,no
2026-10-05T04:13:54.758366Z,KXETH15M-26OCT050015-15,0.0060,6.00,no
2026-10-05T04:13:54.758366Z,KXETH15M-26OCT050015-15,0.0050,20.00,no
2026-10-05T04:13:54.758366Z,KXETH15M-26OCT050015-15,0.0060,7.00,no
2026-10-05T04:13:54.758366Z,KXETH15M-26OCT050015-15,0.0050,9.00,no
2026-10-05T04:13:54.758366Z,KXETH15M-26OCT050015-15,0.0060,45.00,no
2026-10-05T04:13:54.758366Z,KXETH15M-26OCT050015-15,0.0040,4.00,no
2026-10-05T04:13:54.758366Z,KXETH15M-26OCT050015-15,0.0040,4.00,no
2026-10-05T04:13:54.758366Z,KXETH15M-26OCT050015-15,0.0040,13.00,no
2026-10-05T04:13:54.758366Z,KXETH15M-26OCT050015-15,0.0040,1.00,no
2026-10-05T04:13:54.758366Z,KXETH15M-26OCT050015-15,0.0040,1.00,no
2026-10-05T04:13:54.758366Z,KXETH15M-26OCT050015-15,0.0040,1.00,no
2026-10-05T04:13:54.758366Z,KXETH15M-26OCT050015-15,0.0040,1.00,no
2026-10-05T04:13:54.758366Z,KXETH15M-26OCT050015-15,0.0040,1.00,no
2026-10-05T04:13:54.758366Z,KXETH15M-26OCT050015-15,0.0040,316.92,no
2026-10-05T04:13:54.758366Z,KXETH15M-26OCT050015-15,0.0030,17.50,no
2026-10-05T04:13:54.758366Z,KXETH15M-26OCT050015-15,0.0040,100.00,no
2026-10-05T04:13:54.758366Z,KXETH15M-26OCT050015-15,0.0040,1.00,no
2026-10-05T04:13:54.836701Z,KXETH15M-26OCT050015-15,0.0070,1.77,yes
2026-10-05T04:13:54.836701Z,KXETH15M-26OCT050015-15,0.0070,0.08,yes
2026-10-05T04:13:55.157571Z,KXETH15M-26OCT050015-15,0.0070,5.00,yes
2026-10-05T04:13:55.202867Z,KXETH15M-26OCT050015-15,0.0070,95.00,yes
2026-10-05T04:13:55.202867Z,KXETH15M-26OCT050015-15,0.0070,2.15,yes
2026-10-05T04:13:55.274052Z,KXETH15M-26OCT050015-15,0.0070,2.30,yes
2026-10-05T04:13:55.515363Z,KXETH15M-26OCT050015-15,0.0070,2.55,yes
2026-10-05T04:13:55.515363Z,KXETH15M-26OCT050015-15,0.0070,0.78,yes
2026-10-05T04:13:55.721839Z,KXETH15M-26OCT050015-15,0.0070,0.37,yes
2026-10-05T04:13:55.757244Z,KXETH15M-26OCT050015-15,0.0090,10.71,yes
2026-10-05T04:13:55.757244Z,KXETH15M-26OCT050015-15,0.0090,0.08,yes
2026-10-05T04:13:55.757244Z,KXETH15M-26OCT050015-15,0.0090,20.00,yes
2026-10-05T04:13:55.757244Z,KXETH15M-26OCT050015-15,0.0080,0.08,yes
2026-10-05T04:13:55.757244Z,KXETH15M-26OCT050015-15,0.0080,19.00,yes
2026-10-05T04:13:55.757244Z,KXETH15M-26OCT050015-15,0.0090,17.50,yes
2026-10-05T04:13:55.757244Z,KXETH15M-26OCT050015-15,0.0070,22.85,yes
2026-10-05T04:13:55.757244Z,KXETH15M-26OCT050015-15,0.0070,16.00,yes
2026-10-05T04:13:55.757244Z,KXETH15M-26OCT050015-15,0.0070,0.08,yes
2026-10-05T04:13:55.87076Z,KXETH15M-26OCT050015-15,0.0080,1.20,yes
2026-10-05T04:13:56.289711Z,KXETH15M-26OCT050015-15,0.0070,43.00,no
2026-10-05T04:13:56.753377Z,KXETH15M-26OCT050015-15,0.0080,18.80,yes
2026-10-05T04:13:56.753377Z,KXETH15M-26OCT050015-15,0.0080,21.07,yes
2026-10-05T04:13:56.753377Z,KXETH15M-26OCT050015-15,0.0080,0.08,yes
2026-10-05T04:13:56.753377Z,KXETH15M-26OCT050015-15,0.0080,10.00,yes
2026-10-05T04:13:56.84941Z,KXETH15M-26OCT050015-15,0.0040,10.00,no
2026-10-05T04:13:56.84941Z,KXETH15M-26OCT050015-15,0.0050,1.00,no
2026-10-05T04:13:56.84941Z,KXETH15M-26OCT050015-15,0.0040,20.00,no
2026-10-05T04:13:56.84941Z,KXETH15M-26OCT050015-15,0.0070,27.00,no
2026-10-05T04:13:56.84941Z,KXETH15M-26OCT050015-15,0.0070,7.00,no
2026-10-05T04:13:56.84941Z,KXETH15M-26OCT050015-15,0.0030,11.13,no
2026-10-05T04:13:56.84941Z,KXETH15M-26OCT050015-15,0.0030,100.00,no
2026-10-05T04:13:56.84941Z,KXETH15M-26OCT050015-15,0.0030,1.00,no
2026-10-05T04:13:57.086772Z,KXETH15M-26OCT050015-15,0.0040,16.47,no
2026-10-05T04:13:57.086772Z,KXETH15M-26OCT050015-15,0.0060,17.00,no
2026-10-05T04:13:57.086772Z,KXETH15M-26OCT050015-15,0.0060,19.00,no
2026-10-05T04:13:57.086772Z,KXETH15M-26OCT050015-15,0.0040,10.00,no
2026-10-05T04:13:57.384348Z,KXETH15M-26OCT050015-15,0.0050,10.00,yes
2026-10-05T04:13:57.418471Z,KXETH15M-26OCT050015-15,0.0050,36.03,yes
2026-10-05T04:13:57.739566Z,KXETH15M-26OCT050015-15,0.0050,0.08,yes
2026-10-05T04:13:57.739566Z,KXETH15M-26OCT050015-15,0.0050,53.97,yes
2026-10-05T04:13:57.739566Z,KXETH15M-26OCT050015-15,0.0050,31.00,yes
2026-10-05T04:13:57.739566Z,KXETH15M-26OCT050015-15,0.0050,3.00,yes
2026-10-05T04:13:57.789594Z,KXETH15M-26OCT050015-15,0.0060,0.08,yes
2026-10-05T04:13:58.615644Z,KXETH15M-26OCT050015-15,0.0100,179.70,yes
2026-10-05T04:13:58.615644Z,KXETH15M-26OCT050015-15,0.0090,20.00,yes
2026-10-05T04:13:58.615644Z,KXETH15M-26OCT050015-15,0.0080,0.08,yes
2026-10-05T04:13:58.615644Z,KXETH15M-26OCT050015-15,0.0080,11.13,yes
2026-10-05T04:13:58.615644Z,KXETH15M-26OCT050015-15,0.0090,0.08,yes
2026-10-05T04:13:58.615644Z,KXETH15M-26OCT050015-15,0.0080,0.93,yes
2026-10-05T04:13:58.615644Z,KXETH15M-26OCT050015-15,0.0080,18.00,yes
2026-10-05T04:13:58.615644Z,KXETH15M-26OCT050015-15,0.0070,0.08,yes
2026-10-05T04:13:58.730122Z,KXETH15M-26OCT050015-15,0.0040,26.46,no
2026-10-05T04:13:58.730122Z,KXETH15M-26OCT050015-15,0.0040,10.00,no
2026-10-05T04:13:58.730122Z,KXETH15M-26OCT050015-15,0.0060,41.00,no
2026-10-05T04:13:58.730122Z,KXETH15M-26OCT050015-15,0.0050,20.00,no
2026-10-05T04:13:58.730122Z,KXETH15M-26OCT050015-15,0.0060,3.00,no
2026-10-05T04:13:59.249306Z,KXETH15M-26OCT050015-15,0.0070,0.08,yes
2026-10-05T04:13:59.249306Z,KXETH15M-26OCT050015-15,0.0070,2.43,yes
2026-10-05T04:13:59.249306Z,KXETH15M-26OCT050015-15,0.0070,39.00,yes
2026-10-05T04:13:59.671504Z,KXETH15M-26OCT050015-15,0.0060,7.00,no
2026-10-05T04:13:59.671504Z,KXETH15M-26OCT050015-15,0.0060,4.00,no
2026-10-05T04:13:59.894365Z,KXETH15M-26OCT050015-15,0.0060,22.00,no
2026-10-05T04:13:59.965165Z,KXETH15M-26OCT050015-15,0.0090,20.00,yes
2026-10-05T04:13:59.965165Z,KXETH15M-26OCT050015-15,0.0070,19.00,yes
2026-10-05T04:13:59.965165Z,KXETH15M-26OCT050015-15,0.0090,21.00,yes
2026-10-05T04:13:59.965165Z,KXETH15M-26OCT050015-15,0.0070,0.08,yes
2026-10-05T04:13:59.965165Z,KXETH15M-26OCT050015-15,0.0080,0.08,yes
2026-10-05T04:13:59.965165Z,KXETH15M-26OCT050015-15,0.0090,0.08,yes
2026-10-05T04:13:59.965165Z,KXETH15M-26OCT050015-15,0.0060,33.00,yes
2026-10-05T04:13:59.965165Z,KXETH15M-26OCT050015-15,0.0100,316.47,yes
2026-10-05T04:13:59.965165Z,KXETH15M-26OCT050015-15,0.0100,16.29,yes
2026-10-05T04:13:59.965165Z,KXETH15M-26OCT050015-15,0.0100,56.97,yes
2026-10-05T04:13:59.965165Z,KXETH15M-26OCT050015-15,0.0100,0.08,yes
2026-10-05T04:14:00.134041Z,KXETH15M-26OCT050015-15,0.0100,5.85,yes
2026-10-05T04:14:00.134041Z,KXETH15M-26OCT050015-15,0.0060,15.00,yes
2026-10-05T04:14:00.134041Z,KXETH15M-26OCT050015-15,0.0090,20.00,yes
2026-10-05T04:14:00.134041Z,KXETH15M-26OCT050015-15,0.0090,21.00,yes
2026-10-05T04:14:00.134041Z,KXETH15M-26OCT050015-15,0.0060,11.00,yes
2026-10-05T04:14:00.134041Z,KXETH15M-26OCT050015-15,0.0060,0.08,yes
2026-10-05T04:14:00.134041Z,KXETH15M-26OCT050015-15,0.0080,27.00,yes
2026-10-05T04:14:00.378544Z,KXETH15M-26OCT050015-15,0.0070,17.15,no
2026-10-05T04:14:00.378544Z,KXETH15M-26OCT050015-15,0.0070,16.00,no
2026-10-05T04:14:00.697277Z,KXETH15M-26OCT050015-15,0.0110,0.09,yes
2026-10-05T04:14:00.697277Z,KXETH15M-26OCT050015-15,0.0130,4.00,yes
2026-10-05T04:14:00.697277Z,KXETH15M-26OCT050015-15,0.0130,4.00,yes
2026-10-05T04:14:00.697277Z,KXETH15M-26OCT050015-15,0.0140,4.00,yes
2026-10-05T04:14:00.697277Z,KXETH15M-26OCT050015-15,0.0140,7.66,yes
2026-10-05T04:14:00.697277Z,KXETH15M-26OCT050015-15,0.0120,4.00,yes
2026-10-05T04:14:00.697277Z,KXETH15M-26OCT050015-15,0.0140,0.14,yes
2026-10-05T04:14:00.697277Z,KXETH15M-26OCT050015-15,0.0130,0.13,yes
2026-10-05T04:14:00.697277Z,KXETH15M-26OCT050015-15,0.0100,99.18,yes
2026-10-05T04:14:00.697277Z,KXETH15M-26OCT050015-15,0.0120,4.00,yes
2026-10-05T04:14:00.697277Z,KXETH15M-26OCT050015-15,0.0110,4.00,yes
2026-10-05T04:14:00.697277Z,KXETH15M-26OCT050015-15,0.0120,0.11,yes
2026-10-05T04:14:00.697277Z,KXETH15M-26OCT050015-15,0.0100,5.00,yes
2026-10-05T04:14:00.697277Z,KXETH15M-26OCT050015-15,0.0100,10.00,yes
2026-10-05T04:14:00.697277Z,KXETH15M-26OCT050015-15,0.0100,10.00,yes
2026-10-05T04:14:00.697277Z,KXETH15M-26OCT050015-15,0.0100,15.00,yes
2026-10-05T04:14:00.697277Z,KXETH15M-26OCT050015-15,0.0100,25.00,yes
2026-10-05T04:14:00.697277Z,KXETH15M-26OCT050015-15,0.0090,18.00,yes
2026-10-05T04:14:00.697277Z,KXETH15M-26OCT050015-15,0.0090,0.10,yes
2026-10-05T04:14:00.697277Z,KXETH15M-26OCT050015-15,0.0100,20.00,yes
2026-10-05T04:14:00.697277Z,KXETH15M-26OCT050015-15,0.0100,10.00,yes
2026-10-05T04:14:00.697277Z,KXETH15M-26OCT050015-15,0.0080,0.09,yes
2026-10-05T04:14:00.697277Z,KXETH15M-26OCT050015-15,0.0100,120.00,yes
2026-10-05T04:14:00.697277Z,KXETH15M-26OCT050015-15,0.0100,24.43,yes
2026-10-05T04:14:00.697277Z,KXETH15M-26OCT050015-15,0.0090,20.00,yes
2026-10-05T04:14:00.697277Z,KXETH15M-26OCT050015-15,0.0100,1.00,yes
2026-10-05T04:14:00.697277Z,KXETH15M-26OCT050015-15,0.0090,21.00,yes
2026-10-05T04:14:01.02979Z,KXETH15M-26OCT050015-15,0.0060,22.00,no
2026-10-05T04:14:01.02979Z,KXETH15M-26OCT050015-15,0.0040,20.00,no
2026-10-05T04:14:01.02979Z,KXETH15M-26OCT050015-15,0.0060,13.00,no
2026-10-05T04:14:01.02979Z,KXETH15M-26OCT050015-15,0.0040,4.00,no
2026-10-05T04:14:01.02979Z,KXETH15M-26OCT050015-15,0.0030,4.00,no
2026-10-05T04:14:01.02979Z,KXETH15M-26OCT050015-15,0.0050,4.00,no
2026-10-05T04:14:01.02979Z,KXETH15M-26OCT050015-15,0.0040,4.00,no
2026-10-05T04:14:01.02979Z,KXETH15M-26OCT050015-15,0.0060,4.00,no
2026-10-05T04:14:01.02979Z,KXETH15M-26OCT050015-15,0.0050,4.00,no
2026-10-05T04:14:01.02979Z,KXETH15M-26OCT050015-15,0.0050,47.00,no
2026-10-05T04:14:01.02979Z,KXETH15M-26OCT050015-15,0.0030,2.00,no
2026-10-05T04:14:01.02979Z,KXETH15M-26OCT050015-15,0.0030,2.00,no
2026-10-05T04:14:01.02979Z,KXETH15M-26OCT050015-15,0.0030,18.00,no
2026-10-05T04:14:01.02979Z,KXETH15M-26OCT050015-15,0.0030,2.00,no
2026-10-05T04:14:01.02979Z,KXETH15M-26OCT050015-15,0.0030,2.00,no
2026-10-05T04:14:01.02979Z,KXETH15M-26OCT050015-15,0.0030,2.00,no
2026-10-05T04:14:01.02979Z,KXETH15M-26OCT050015-15,0.0020,430.00,no
2026-10-05T04:14:01.047654Z,KXETH15M-26OCT050015-15,0.0050,0.26,yes
2026-10-05T04:14:01.103338Z,KXETH15M-26OCT050015-15,0.0030,4.00,no
2026-10-05T04:14:01.103338Z,KXETH15M-26OCT050015-15,0.0030,17.00,no
2026-10-05T04:14:01.103338Z,KXETH15M-26OCT050015-15,0.0020,200.00,no
2026-10-05T04:14:01.213064Z,KXETH15M-26OCT050015-15,0.0050,0.65,yes
2026-10-05T04:14:01.226606Z,KXETH15M-26OCT050015-15,0.0040,1.00,no
2026-10-05T04:14:01.522218Z,KXETH15M-26OCT050015-15,0.0050,429.09,yes
2026-10-05T04:14:01.532738Z,KXETH15M-26OCT050015-15,0.0080,32.00,yes
2026-10-05T04:14:01.649151Z,KXETH15M-26OCT050015-15,0.0100,3.85,yes
2026-10-05T04:14:01.649151Z,KXETH15M-26OCT050015-15,0.0100,8.15,yes
2026-10-05T04:14:01.659449Z,KXETH15M-26OCT050015-15,0.0100,20.00,yes
2026-10-05T04:14:01.659835Z,KXETH15M-26OCT050015-15,0.0100,3.00,yes
2026-10-05T04:14:01.902645Z,KXETH15M-26OCT050015-15,0.0090,4.78,no
2026-10-05T04:14:01.90501Z,KXETH15M-26OCT050015-15,0.0100,76.00,yes
2026-10-05T04:14:01.911818Z,KXETH15M-26OCT050015-15,0.0100,72.00,yes
2026-10-05T04:14:01.956564Z,KXETH15M-26OCT050015-15,0.0100,3.00,yes
2026-10-05T04:14:01.964509Z,KXETH15M-26OCT050015-15,0.0100,1.00,yes
2026-10-05T04:14:01.983553Z,KXETH15M-26OCT050015-15,0.0100,2.00,yes
2026-10-05T04:14:02.011536Z,KXETH15M-26OCT050015-15,0.0100,26.15,yes
2026-10-05T04:14:02.101964Z,KXETH15M-26OCT050015-15,0.0050,9.00,no
2026-10-05T04:14:02.101964Z,KXETH15M-26OCT050015-15,0.0050,9.00,no
2026-10-05T04:14:02.101964Z,KXETH15M-26OCT050015-15,0.0080,102.00,no
2026-10-05T04:14:02.101964Z,KXETH15M-26OCT050015-15,0.0080,4.00,no
2026-10-05T04:14:02.101964Z,KXETH15M-26OCT050015-15,0.0070,4.00,no
2026-10-05T04:14:02.101964Z,KXETH15M-26OCT050015-15,0.0050,4.00,no
2026-10-05T04:14:02.101964Z,KXETH15M-26OCT050015-15,0.0070,4.00,no
2026-10-05T04:14:02.101964Z,KXETH15M-26OCT050015-15,0.0050,20.00,no
2026-10-05T04:14:02.101964Z,KXETH15M-26OCT050015-15,0.0090,7.00,no
2026-10-05T04:14:02.101964Z,KXETH15M-26OCT050015-15,0.0060,4.00,no
2026-10-05T04:14:02.101964Z,KXETH15M-26OCT050015-15,0.0060,4.00,no
2026-10-05T04:14:02.111089Z,KXETH15M-26OCT050015-15,0.0100,51.00,yes
2026-10-05T04:14:02.111089Z,KXETH15M-26OCT050015-15,0.0140,20.00,yes
2026-10-05T04:14:02.111089Z,KXETH15M-26OCT050015-15,0.0150,4.05,yes
2026-10-05T04:14:02.111089Z,KXETH15M-26OCT050015-15,0.0130,3.00,yes
2026-10-05T04:14:02.111089Z,KXETH15M-26OCT050015-15,0.0100,10.34,yes
2026-10-05T04:14:02.111089Z,KXETH15M-26OCT050015-15,0.0100,3.00,yes
2026-10-05T04:14:02.111089Z,KXETH15M-26OCT050015-15,0.0050,29.00,yes
2026-10-05T04:14:02.111089Z,KXETH15M-26OCT050015-15,0.0150,0.15,yes
2026-10-05T04:14:02.111089Z,KXETH15M-26OCT050015-15,0.0150,18.00,yes
2026-10-05T04:14:02.50553Z,KXETH15M-26OCT050015-15,0.0050,9.00,no
2026-10-05T04:14:02.50553Z,KXETH15M-26OCT050015-15,0.0050,9.00,no
2026-10-05T04:14:02.50553Z,KXETH15M-26OCT050015-15,0.0050,12.00,no
2026-10-05T04:14:02.50553Z,KXETH15M-26OCT050015-15,0.0030,41.00,no
2026-10-05T04:14:02.50553Z,KXETH15M-26OCT050015-15,0.0050,85.00,no
2026-10-05T04:14:02.50553Z,KXETH15M-26OCT050015-15,0.0030,20.00,no
2026-10-05T04:14:02.50553Z,KXETH15M-26OCT050015-15,0.0020,1051.00,no
2026-10-05T04:14:02.647524Z,KXETH15M-26OCT050015-15,0.0050,9.00,no
2026-10-05T04:14:02.647524Z,KXETH15M-26OCT050015-15,0.0050,12.83,no
2026-10-05T04:14:02.647524Z,KXETH15M-26OCT050015-15,0.0050,9.00,no
2026-10-05T04:14:02.827129Z,KXETH15M-26OCT050015-15,0.0110,18.00,yes
2026-10-05T04:14:02.827129Z,KXETH15M-26OCT050015-15,0.0100,0.08,yes
2026-10-05T04:14:02.827129Z,KXETH15M-26OCT050015-15,0.0110,0.08,yes
2026-10-05T04:14:02.827129Z,KXETH15M-26OCT050015-15,0.0100,3.46,yes
2026-10-05T04:14:02.827129Z,KXETH15M-26OCT050015-15,0.0120,0.09,yes
2026-10-05T04:14:02.827129Z,KXETH15M-26OCT050015-15,0.0130,0.29,yes
2026-10-05T04:14:02.866721Z,KXETH15M-26OCT050015-15,0.0130,3.90,yes
2026-10-05T04:14:02.866721Z,KXETH15M-26OCT050015-15,0.0130,0.10,yes
2026-10-05T04:14:02.883453Z,KXETH15M-26OCT050015-15,0.0120,66.00,no
2026-10-05T04:14:02.883453Z,KXETH15M-26OCT050015-15,0.0120,31.00,no
2026-10-05T04:14:02.901257Z,KXETH15M-26OCT050015-15,0.0100,9.00,no
2026-10-05T04:14:02.901257Z,KXETH15M-26OCT050015-15,0.0100,9.00,no
2026-10-05T04:14:02.970823Z,KXETH15M-26OCT050015-15,0.0100,9.00,no
2026-10-05T04:14:03.226321Z,KXETH15M-26OCT050015-15,0.0120,0.08,yes
2026-10-05T04:14:03.226321Z,KXETH15M-26OCT050015-15,0.0110,20.00,yes
2026-10-05T04:14:03.226321Z,KXETH15M-26OCT050015-15,0.0150,9.60,yes
2026-10-05T04:14:03.226321Z,KXETH15M-26OCT050015-15,0.0130,4.00,yes
2026-10-05T04:14:03.226321Z,KXETH15M-26OCT050015-15,0.0140,20.00,yes
2026-10-05T04:14:03.226321Z,KXETH15M-26OCT050015-15,0.0140,0.11,yes
2026-10-05T04:14:03.226321Z,KXETH15M-26OCT050015-15,0.0150,0.12,yes
2026-10-05T04:14:03.226321Z,KXETH15M-26OCT050015-15,0.0110,0.08,yes
2026-10-05T04:14:03.226321Z,KXETH15M-26OCT050015-15,0.0100,0.08,yes
2026-10-05T04:14:03.226321Z,KXETH15M-26OCT050015-15,0.0120,4.00,yes
2026-10-05T04:14:03.226321Z,KXETH15M-26OCT050015-15,0.0100,4.00,yes
2026-10-05T04:14:03.226321Z,KXETH15M-26OCT050015-15,0.0110,4.00,yes
2026-10-05T04:14:03.226321Z,KXETH15M-26OCT050015-15,0.0130,0.10,yes
2026-10-05T04:14:03.226321Z,KXETH15M-26OCT050015-15,0.0110,4.00,yes
2026-10-05T04:14:03.226321Z,KXETH15M-26OCT050015-15,0.0120,4.00,yes
2026-10-05T04:14:03.234659Z,KXETH15M-26OCT050015-15,0.0050,28.00,no
2026-10-05T04:14:03.234659Z,KXETH15M-26OCT050015-15,0.0050,9.00,no
2026-10-05T04:14:03.446238Z,KXETH15M-26OCT050015-15,0.0050,6.00,yes
2026-10-05T04:14:03.460334Z,KXETH15M-26OCT050015-15,0.0050,2.00,yes
2026-10-05T04:14:03.686629Z,KXETH15M-26OCT050015-15,0.0050,186.97,yes
2026-10-05T04:14:03.807312Z,KXETH15M-26OCT050015-15,0.0050,2.00,yes
2026-10-05T04:14:03.81821Z,KXETH15M-26OCT050015-15,0.0050,2.00,yes
2026-10-05T04:14:04.173375Z,KXETH15M-26OCT050015-15,0.0040,15.00,no
2026-10-05T04:14:04.178717Z,KXETH15M-26OCT050015-15,0.0030,41.00,no
2026-10-05T04:14:04.178717Z,KXETH15M-26OCT050015-15,0.0030,17.00,no
2026-10-05T04:14:04.178717Z,KXETH15M-26OCT050015-15,0.0030,4.00,no
2026-10-05T04:14:04.178717Z,KXETH15M-26OCT050015-15,0.0040,4.00,no
2026-10-05T04:14:04.178717Z,KXETH15M-26OCT050015-15,0.0030,4.00,no
2026-10-05T04:14:04.178717Z,KXETH15M-26OCT050015-15,0.0040,5.00,no
2026-10-05T04:14:04.178717Z,KXETH15M-26OCT050015-15,0.0040,50.00,no
2026-10-05T04:14:04.178717Z,KXETH15M-26OCT050015-15,0.0030,34.00,no
2026-10-05T04:14:04.178717Z,KXETH15M-26OCT050015-15,0.0040,41.00,no
2026-10-05T04:14:04.277596Z,KXETH15M-26OCT050015-15,0.0040,1.00,yes
2026-10-05T04:14:04.277596Z,KXETH15M-26OCT050015-15,0.0050,163.23,yes
2026-10-05T04:14:04.461693Z,KXETH15M-26OCT050015-15,0.0030,6.78,no
2026-10-05T04:14:04.631407Z,KXETH15M-26OCT050015-15,0.0040,0.08,yes
2026-10-05T04:14:04.631407Z,KXETH15M-26OCT050015-15,0.0050,186.03,yes
2026-10-05T04:14:04.700891Z,KXETH15M-26OCT050015-15,0.0050,186.97,yes
2026-10-05T04:14:04.764449Z,KXETH15M-26OCT050015-15,0.0050,10.10,yes
2026-10-05T04:14:04.847497Z,KXETH15M-26OCT050015-15,0.0050,53.45,yes
2026-10-05T04:14:04.934148Z,KXETH15M-26OCT050015-15,0.0050,57.00,yes
2026-10-05T04:14:04.934148Z,KXETH15M-26OCT050015-15,0.0050,4.00,yes
2026-10-05T04:14:04.934148Z,KXETH15M-26OCT050015-15,0.0050,215.25,yes
2026-10-05T04:14:04.934148Z,KXETH15M-26OCT050015-15,0.0050,0.08,yes
2026-10-05T04:14:04.961138Z,KXETH15M-26OCT050015-15,0.0040,4.92,no
2026-10-05T04:14:04.992603Z,KXETH15M-26OCT050015-15,0.0060,16.57,yes
2026-10-05T04:14:04.992603Z,KXETH15M-26OCT050015-15,0.0060,0.08,yes
2026-10-05T04:14:05.491924Z,KXETH15M-26OCT050015-15,0.0060,0.08,yes
2026-10-05T04:14:05.491924Z,KXETH15M-26OCT050015-15,0.0060,28.39,yes
2026-10-05T04:14:05.538035Z,KXETH15M-26OCT050015-15,0.0060,48.61,yes
2026-10-05T04:14:05.538035Z,KXETH15M-26OCT050015-15,0.0080,44.10,yes
2026-10-05T04:14:05.538035Z,KXETH15M-26OCT050015-15,0.0070,0.09,yes
2026-10-05T04:14:05.538035Z,KXETH15M-26OCT050015-15,0.0070,18.00,yes
2026-10-05T04:14:05.538035Z,KXETH15M-26OCT050015-15,0.0080,0.10,yes
2026-10-05T04:14:05.648502Z,KXETH15M-26OCT050015-15,0.0080,55.90,yes
2026-10-05T04:14:05.648502Z,KXETH15M-26OCT050015-15,0.0080,10.82,yes
2026-10-05T04:14:05.858341Z,KXETH15M-26OCT050015-15,0.0050,22.56,no
2026-10-05T04:14:06.601389Z,KXETH15M-26OCT050015-15,0.0050,0.08,yes
2026-10-05T04:14:06.652559Z,KXETH15M-26OCT050015-15,0.0060,0.08,yes
2026-10-05T04:14:06.652559Z,KXETH15M-26OCT050015-15,0.0060,3.00,yes
2026-10-05T04:14:06.912536Z,KXETH15M-26OCT050015-15,0.0080,9.18,yes
2026-10-05T04:14:06.912536Z,KXETH15M-26OCT050015-15,0.0100,0.12,yes
2026-10-05T04:14:06.912536Z,KXETH15M-26OCT050015-15,0.0120,0.14,yes
2026-10-05T04:14:06.912536Z,KXETH15M-26OCT050015-15,0.0110,0.13,yes
2026-10-05T04:14:06.912536Z,KXETH15M-26OCT050015-15,0.0090,0.08,yes
2026-10-05T04:14:06.912536Z,KXETH15M-26OCT050015-15,0.0120,7.02,yes
2026-10-05T04:14:06.912536Z,KXETH15M-26OCT050015-15,0.0120,4.00,yes
2026-10-05T04:14:06.912536Z,KXETH15M-26OCT050015-15,0.0080,2.00,yes
2026-10-05T04:14:06.912536Z,KXETH15M-26OCT050015-15,0.0100,9.00,yes
2026-10-05T04:14:06.912536Z,KXETH15M-26OCT050015-15,0.0060,24.00,yes
2026-10-05T04:14:06.912536Z,KXETH15M-26OCT050015-15,0.0120,4.00,yes
2026-10-05T04:14:06.912536Z,KXETH15M-26OCT050015-15,0.0100,9.00,yes
2026-10-05T04:14:06.912536Z,KXETH15M-26OCT050015-15,0.0110,10.17,yes
2026-10-05T04:14:06.912536Z,KXETH15M-26OCT050015-15,0.0080,0.08,yes
2026-10-05T04:14:06.912536Z,KXETH15M-26OCT050015-15,0.0070,0.08,yes
2026-10-05T04:14:06.918191Z,KXETH15M-26OCT050015-15,0.0040,2.00,no
2026-10-05T04:14:06.978484Z,KXETH15M-26OCT050015-15,0.0120,17.60,yes
2026-10-05T04:14:06.978484Z,KXETH15M-26OCT050015-15,0.0060,0.08,yes
2026-10-05T04:14:07.512404Z,KXETH15M-26OCT050015-15,0.0040,1.00,no
2026-10-05T04:14:07.512404Z,KXETH15M-26OCT050015-15,0.0040,4.01,no
2026-10-05T04:14:07.771232Z,KXETH15M-26OCT050015-15,0.0100,11.51,yes
2026-10-05T04:14:08.103484Z,KXETH15M-26OCT050015-15,0.0160,23.10,yes
2026-10-05T04:14:08.103484Z,KXETH15M-26OCT050015-15,0.0160,95.24,yes
2026-10-05T04:14:08.103484Z,KXETH15M-26OCT050015-15,0.0160,39.60,yes
2026-10-05T04:14:08.103484Z,KXETH15M-26OCT050015-15,0.0160,104.27,yes
2026-10-05T04:14:08.103484Z,KXETH15M-26OCT050015-15,0.0160,34.39,yes
2026-10-05T04:14:08.103484Z,KXETH15M-26OCT050015-15,0.0160,28.54,yes
2026-10-05T04:14:08.103484Z,KXETH15M-26OCT050015-15,0.0160,39.28,yes
2026-10-05T04:14:08.103484Z,KXETH15M-26OCT050015-15,0.0150,0.18,yes
2026-10-05T04:14:08.103484Z,KXETH15M-26OCT050015-15,0.0140,0.17,yes
2026-10-05T04:14:08.103484Z,KXETH15M-26OCT050015-15,0.0130,0.15,yes
2026-10-05T04:14:08.103484Z,KXETH15M-26OCT050015-15,0.0130,4.00,yes
2026-10-05T04:14:08.103484Z,KXETH15M-26OCT050015-15,0.0130,4.00,yes
2026-10-05T04:14:08.103484Z,KXETH15M-26OCT050015-15,0.0150,9.00,yes
2026-10-05T04:14:08.103484Z,KXETH15M-26OCT050015-15,0.0140,4.00,yes
2026-10-05T04:14:08.103484Z,KXETH15M-26OCT050015-15,0.0090,17.00,yes
2026-10-05T04:14:08.103484Z,KXETH15M-26OCT050015-15,0.0110,18.00,yes
2026-10-05T04:14:08.103484Z,KXETH15M-26OCT050015-15,0.0050,76.00,yes
2026-10-05T04:14:08.103484Z,KXETH15M-26OCT050015-15,0.0120,4.00,yes
2026-10-05T04:14:08.103484Z,KXETH15M-26OCT050015-15,0.0080,0.08,yes
2026-10-05T04:14:08.103484Z,KXETH15M-26OCT050015-15,0.0110,4.00,yes
2026-10-05T04:14:08.103484Z,KXETH15M-26OCT050015-15,0.0100,9.00,yes
2026-10-05T04:14:08.103484Z,KXETH15M-26OCT050015-15,0.0100,0.08,yes
2026-10-05T04:14:08.103484Z,KXETH15M-26OCT050015-15,0.0110,0.08,yes
2026-10-05T04:14:08.103484Z,KXETH15M-26OCT050015-15,0.0140,20.00,yes
2026-10-05T04:14:08.103484Z,KXETH15M-26OCT050015-15,0.0150,9.00,yes
2026-10-05T04:14:08.103484Z,KXETH15M-26OCT050015-15,0.0120,22.00,yes
2026-10-05T04:14:08.103484Z,KXETH15M-26OCT050015-15,0.0120,0.08,yes
2026-10-05T04:14:08.201228Z,KXETH15M-26OCT050015-15,0.0060,10.35,no
2026-10-05T04:14:08.577941Z,KXETH15M-26OCT050015-15,0.0080,10.73,yes
2026-10-05T04:14:08.825623Z,KXETH15M-26OCT050015-15,0.0080,5.39,yes
2026-10-05T04:14:09.036087Z,KXETH15M-26OCT050015-15,0.0050,1.00,no
2026-10-05T04:14:09.754086Z,KXETH15M-26OCT050015-15,0.0060,3.34,yes
2026-10-05T04:14:09.754086Z,KXETH15M-26OCT050015-15,0.0060,22.00,yes
2026-10-05T04:14:10.056381Z,KXETH15M-26OCT050015-15,0.0040,65.00,no
2026-10-05T04:14:10.056381Z,KXETH15M-26OCT050015-15,0.0040,2.00,no
2026-10-05T04:14:10.056381Z,KXETH15M-26OCT050015-15,0.0040,5.99,no
2026-10-05T04:14:10.056381Z,KXETH15M-26OCT050015-15,0.0030,41.00,no
2026-10-05T04:14:10.056381Z,KXETH15M-26OCT050015-15,0.0030,4.00,no
2026-10-05T04:14:10.056381Z,KXETH15M-26OCT050015-15,0.0040,20.00,no
2026-10-05T04:14:10.056381Z,KXETH15M-26OCT050015-15,0.0050,4.00,no
2026-10-05T04:14:10.056381Z,KXETH15M-26OCT050015-15,0.0040,4.00,no
2026-10-05T04:14:10.056381Z,KXETH15M-26OCT050015-15,0.0030,4.00,no
2026-10-05T04:14:10.056381Z,KXETH15M-26OCT050015-15,0.0040,4.00,no
2026-10-05T04:14:10.056381Z,KXETH15M-26OCT050015-15,0.0040,4.01,no
2026-10-05T04:14:10.056381Z,KXETH15M-26OCT050015-15,0.0020,55.97,no
2026-10-05T04:14:10.066234Z,KXETH15M-26OCT050015-15,0.0050,4.00,no
2026-10-05T04:14:10.137206Z,KXETH15M-26OCT050015-15,0.0040,27.32,yes
2026-10-05T04:14:10.403242Z,KXETH15M-26OCT050015-15,0.0030,20.00,no
2026-10-05T04:14:10.403242Z,KXETH15M-26OCT050015-15,0.0030,17.00,no
2026-10-05T04:14:10.403242Z,KXETH15M-26OCT050015-15,0.0030,0.15,no
2026-10-05T04:14:10.42975Z,KXETH15M-26OCT050015-15,0.0040,20.15,yes
2026-10-05T04:14:10.42975Z,KXETH15M-26OCT050015-15,0.0040,20.68,yes
2026-10-05T04:14:10.646226Z,KXETH15M-26OCT050015-15,0.0030,19.26,no
2026-10-05T04:14:10.646226Z,KXETH15M-26OCT050015-15,0.0030,20.85,no
2026-10-05T04:14:10.706185Z,KXETH15M-26OCT050015-15,0.0040,15.85,yes
2026-10-05T04:14:10.706185Z,KXETH15M-26OCT050015-15,0.0040,21.00,yes
2026-10-05T04:14:10.706185Z,KXETH15M-26OCT050015-15,0.0050,0.08,yes
2026-10-05T04:14:10.706185Z,KXETH15M-26OCT050015-15,0.0090,21.68,yes
2026-10-05T04:14:10.706185Z,KXETH15M-26OCT050015-15,0.0060,3.00,yes
2026-10-05T04:14:10.706185Z,KXETH15M-26OCT050015-15,0.0040,0.08,yes
2026-10-05T04:14:10.706185Z,KXETH15M-26OCT050015-15,0.0090,0.08,yes
2026-10-05T04:14:10.706185Z,KXETH15M-26OCT050015-15,0.0060,0.08,yes
2026-10-05T04:14:10.706185Z,KXETH15M-26OCT050015-15,0.0050,20.00,yes
2026-10-05T04:14:10.706185Z,KXETH15M-26OCT050015-15,0.0070,0.08,yes
2026-10-05T04:14:10.706185Z,KXETH15M-26OCT050015-15,0.0080,0.08,yes
2026-10-05T04:14:10.706185Z,KXETH15M-26OCT050015-15,0.0090,22.00,yes
2026-10-05T04:14:11.455403Z,KXETH15M-26OCT050015-15,0.0040,5.01,no
2026-10-05T04:14:11.729752Z,KXETH15M-26OCT050015-15,0.0030,0.74,no
2026-10-05T04:14:11.729752Z,KXETH15M-26OCT050015-15,0.0030,14.34,no
2026-10-05T04:14:11.729752Z,KXETH15M-26OCT050015-15,0.0040,8.99,no
2026-10-05T04:14:11.915136Z,KXETH15M-26OCT050015-15,0.0030,6.76,no
2026-10-05T04:14:12.323783Z,KXETH15M-26OCT050015-15,0.0040,15.58,yes
2026-10-05T04:14:12.501252Z,KXETH15M-26OCT050015-15,0.0040,0.08,yes
2026-10-05T04:14:12.501252Z,KXETH15M-26OCT050015-15,0.0040,4.36,yes
2026-10-05T04:14:12.501252Z,KXETH15M-26OCT050015-15,0.0040,4.42,yes
2026-10-05T04:14:12.501252Z,KXETH15M-26OCT050015-15,0.0040,50.00,yes
2026-10-05T04:14:12.752163Z,KXETH15M-26OCT050015-15,0.0030,9.62,no
2026-10-05T04:14:13.293232Z,KXETH15M-26OCT050015-15,0.0030,2.00,no
2026-10-05T04:14:13.573957Z,KXETH15M-26OCT050015-15,0.0030,21.60,no
2026-10-05T04:14:13.670815Z,KXETH15M-26OCT050015-15,0.0040,20.17,yes
2026-10-05T04:14:13.670815Z,KXETH15M-26OCT050015-15,0.0040,16.00,yes
2026-10-05T04:14:13.670815Z,KXETH15M-26OCT050015-15,0.0040,0.08,yes
2026-10-05T04:14:13.694973Z,KXETH15M-26OCT050015-15,0.0040,27.83,yes
2026-10-05T04:14:13.694973Z,KXETH15M-26OCT050015-15,0.0040,1.27,yes
2026-10-05T04:14:14.423665Z,KXETH15M-26OCT050015-15,0.0070,0.09,yes
2026-10-05T04:14:14.423665Z,KXETH15M-26OCT050015-15,0.0060,0.08,yes
2026-10-05T04:14:14.423665Z,KXETH15M-26OCT050015-15,0.0080,0.10,yes
2026-10-05T04:14:14.423665Z,KXETH15M-26OCT050015-15,0.0140,0.13,yes
2026-10-05T04:14:14.423665Z,KXETH15M-26OCT050015-15,0.0110,0.10,yes
2026-10-05T04:14:14.423665Z,KXETH15M-26OCT050015-15,0.0130,0.12,yes
2026-10-05T04:14:14.423665Z,KXETH15M-26OCT050015-15,0.0130,4.00,yes
2026-10-05T04:14:14.423665Z,KXETH15M-26OCT050015-15,0.0090,0.08,yes
2026-10-05T04:14:14.423665Z,KXETH15M-26OCT050015-15,0.0120,4.00,yes
2026-10-05T04:14:14.423665Z,KXETH15M-26OCT050015-15,0.0090,22.00,yes
2026-10-05T04:14:14.423665Z,KXETH15M-26OCT050015-15,0.0050,0.08,yes
2026-10-05T04:14:14.423665Z,KXETH15M-26OCT050015-15,0.0120,4.00,yes
2026-10-05T04:14:14.423665Z,KXETH15M-26OCT050015-15,0.0100,4.00,yes
2026-10-05T04:14:14.423665Z,KXETH15M-26OCT050015-15,0.0070,34.29,yes
2026-10-05T04:14:14.423665Z,KXETH15M-26OCT050015-15,0.0110,4.00,yes
2026-10-05T04:14:14.423665Z,KXETH15M-26OCT050015-15,0.0140,15.00,yes
2026-10-05T04:14:14.423665Z,KXETH15M-26OCT050015-15,0.0040,44.00,yes
2026-10-05T04:14:14.423665Z,KXETH15M-26OCT050015-15,0.0140,20.00,yes
2026-10-05T04:14:14.423665Z,KXETH15M-26OCT050015-15,0.0110,4.00,yes
2026-10-05T04:14:14.423665Z,KXETH15M-26OCT050015-15,0.0040,26.73,yes
2026-10-05T04:14:14.423665Z,KXETH15M-26OCT050015-15,0.0040,0.08,yes
2026-10-05T04:14:14.423665Z,KXETH15M-26OCT050015-15,0.0040,33.00,yes
2026-10-05T04:14:14.423665Z,KXETH15M-26OCT050015-15,0.0100,10.00,yes
2026-10-05T04:14:14.423665Z,KXETH15M-26OCT050015-15,0.0040,3.00,yes
2026-10-05T04:14:14.423665Z,KXETH15M-26OCT050015-15,0.0100,0.09,yes
2026-10-05T04:14:14.423665Z,KXETH15M-26OCT050015-15,0.0150,0.69,yes
2026-10-05T04:14:14.423665Z,KXETH15M-26OCT050015-15,0.0120,0.08,yes
2026-10-05T04:14:14.47958Z,KXETH15M-26OCT050015-15,0.0070,5.00,no
2026-10-05T04:14:14.496307Z,KXETH15M-26OCT050015-15,0.0090,2.01,no
2026-10-05T04:14:14.54903Z,KXETH15M-26OCT050015-15,0.0100,6.47,yes
2026-10-05T04:14:14.608249Z,KXETH15M-26OCT050015-15,0.0060,101.00,no
2026-10-05T04:14:15.11758Z,KXETH15M-26OCT050015-15,0.0050,4.00,no
2026-10-05T04:14:15.11758Z,KXETH15M-26OCT050015-15,0.0050,2.00,no
2026-10-05T04:14:15.180863Z,KXETH15M-26OCT050015-15,0.0040,4.00,no
2026-10-05T04:14:15.180863Z,KXETH15M-26OCT050015-15,0.0040,4.00,no
2026-10-05T04:14:15.667861Z,KXETH15M-26OCT050015-15,0.0040,68.00,yes
2026-10-05T04:14:15.667861Z,KXETH15M-26OCT050015-15,0.0040,46.53,yes
2026-10-05T04:14:15.790045Z,KXETH15M-26OCT050015-15,0.0040,35.00,yes
2026-10-05T04:14:15.790045Z,KXETH15M-26OCT050015-15,0.0040,1.92,yes
2026-10-05T04:14:15.790045Z,KXETH15M-26OCT050015-15,0.0040,0.08,yes
2026-10-05T04:14:15.790045Z,KXETH15M-26OCT050015-15,0.0040,38.00,yes
2026-10-05T04:14:16.439973Z,KXETH15M-26OCT050015-15,0.0050,57.00,yes
2026-10-05T04:14:16.439973Z,KXETH15M-26OCT050015-15,0.0040,15.00,yes
2026-10-05T04:14:16.439973Z,KXETH15M-26OCT050015-15,0.0040,0.08,yes
2026-10-05T04:14:16.439973Z,KXETH15M-26OCT050015-15,0.0060,0.08,yes
2026-10-05T04:14:16.439973Z,KXETH15M-26OCT050015-15,0.0050,0.08,yes
2026-10-05T04:14:16.439973Z,KXETH15M-26OCT050015-15,0.0040,23.08,yes
2026-10-05T04:14:16.439973Z,KXETH15M-26OCT050015-15,0.0070,0.08,yes
2026-10-05T04:14:16.439973Z,KXETH15M-26OCT050015-15,0.0080,17.19,yes
2026-10-05T04:14:16.439973Z,KXETH15M-26OCT050015-15,0.0080,0.08,yes
2026-10-05T04:14:16.888136Z,KXETH15M-26OCT050015-15,0.0040,1.00,no
2026-10-05T04:14:17.048153Z,KXETH15M-26OCT050015-15,0.0040,39.00,no
2026-10-05T04:14:17.048153Z,KXETH15M-26OCT050015-15,0.0030,17.00,no
2026-10-05T04:14:17.048153Z,KXETH15M-26OCT050015-15,0.0020,4.00,no
2026-10-05T04:14:17.048153Z,KXETH15M-26OCT050015-15,0.0030,4.00,no
2026-10-05T04:14:17.048153Z,KXETH15M-26OCT050015-15,0.0030,4.00,no
2026-10-05T04:14:17.048153Z,KXETH15M-26OCT050015-15,0.0020,41.00,no
2026-10-05T04:14:17.048153Z,KXETH15M-26OCT050015-15,0.0020,5.00,no
2026-10-05T04:14:17.048153Z,KXETH15M-26OCT050015-15,0.0020,3.00,no
2026-10-05T04:14:17.048153Z,KXETH15M-26OCT050015-15,0.0020,3.00,no
2026-10-05T04:14:17.048153Z,KXETH15M-26OCT050015-15,0.0020,3.00,no
2026-10-05T04:14:17.048153Z,KXETH15M-26OCT050015-15,0.0020,3.00,no
2026-10-05T04:14:17.048153Z,KXETH15M-26OCT050015-15,0.0020,3.00,no
2026-10-05T04:14:17.048153Z,KXETH15M-26OCT050015-15,0.0020,26.00,no
2026-10-05T04:14:17.048153Z,KXETH15M-26OCT050015-15,0.0020,100.00,no
2026-10-05T04:14:17.048153Z,KXETH15M-26OCT050015-15,0.0020,486.49,no
2026-10-05T04:14:17.336253Z,KXETH15M-26OCT050015-15,0.0020,7.74,no
2026-10-05T04:14:17.336253Z,KXETH15M-26OCT050015-15,0.0020,4.00,no
2026-10-05T04:14:17.336253Z,KXETH15M-26OCT050015-15,0.0020,13.51,no
2026-10-05T04:14:17.663374Z,KXETH15M-26OCT050015-15,0.0030,46.75,yes
2026-10-05T04:14:17.81089Z,KXETH15M-26OCT050015-15,0.0030,7.00,yes
2026-10-05T04:14:17.817496Z,KXETH15M-26OCT050015-15,0.0030,6.00,yes
2026-10-05T04:14:18.02517Z,KXETH15M-26OCT050015-15,0.0030,21.87,yes
2026-10-05T04:14:18.055535Z,KXETH15M-26OCT050015-15,0.0020,59.25,no
2026-10-05T04:14:18.090037Z,KXETH15M-26OCT050015-15,0.0020,100.00,no
2026-10-05T04:14:18.090037Z,KXETH15M-26OCT050015-15,0.0020,29.00,no
2026-10-05T04:14:18.090037Z,KXETH15M-26OCT050015-15,0.0020,7.00,no
2026-10-05T04:14:18.090037Z,KXETH15M-26OCT050015-15,0.0020,10.00,no
2026-10-05T04:14:18.311557Z,KXETH15M-26OCT050015-15,0.0020,631.00,yes
2026-10-05T04:14:18.311557Z,KXETH15M-26OCT050015-15,0.0020,51.00,yes
2026-10-05T04:14:18.311557Z,KXETH15M-26OCT050015-15,0.0020,1318.00,yes
2026-10-05T04:14:18.382824Z,KXETH15M-26OCT050015-15,0.0020,5.04,yes
2026-10-05T04:14:18.516204Z,KXETH15M-26OCT050015-15,0.0010,1.00,no
2026-10-05T04:14:19.52342Z,KXETH15M-26OCT050015-15,0.0020,10.37,yes
2026-10-05T04:14:19.981165Z,KXETH15M-26OCT050015-15,0.0020,3.00,yes
2026-10-05T04:14:19.981165Z,KXETH15M-26OCT050015-15,0.0020,38.59,yes
2026-10-05T04:14:19.981165Z,KXETH15M-26OCT050015-15,0.0020,0.08,yes
2026-10-05T04:14:19.981165Z,KXETH15M-26OCT050015-15,0.0020,16.99,yes
2026-10-05T04:14:19.981165Z,KXETH15M-26OCT050015-15,0.0020,1.00,yes
2026-10-05T04:14:20.345234Z,KXETH15M-26OCT050015-15,0.0010,7502.00,no
2026-10-05T04:14:20.414471Z,KXETH15M-26OCT050015-15,0.0020,9.00,yes
2026-10-05T04:14:20.414471Z,KXETH15M-26OCT050015-15,0.0020,31.22,yes
2026-10-05T04:14:20.414471Z,KXETH15M-26OCT050015-15,0.0020,10.01,yes
2026-10-05T04:14:20.498128Z,KXETH15M-26OCT050015-15,0.0020,126.43,yes
2026-10-05T04:14:20.498128Z,KXETH15M-26OCT050015-15,0.0020,0.08,yes
2026-10-05T04:14:20.498128Z,KXETH15M-26OCT050015-15,0.0020,7.00,yes
2026-10-05T04:14:20.498128Z,KXETH15M-26OCT050015-15,0.0020,24.78,yes
2026-10-05T04:14:20.498128Z,KXETH15M-26OCT050015-15,0.0020,18.00,yes
2026-10-05T04:14:21.103929Z,KXETH15M-26OCT050015-15,0.0020,916.02,yes
2026-10-05T04:14:21.244075Z,KXETH15M-26OCT050015-15,0.0020,610.75,yes
2026-10-05T04:14:21.378405Z,KXETH15M-26OCT050015-15,0.0010,1627.08,no
2026-10-05T04:14:21.481674Z,KXETH15M-26OCT050015-15,0.0020,229.01,yes
2026-10-05T04:14:21.608703Z,KXETH15M-26OCT050015-15,0.0020,543.87,yes
2026-10-05T04:14:21.763927Z,KXETH15M-26OCT050015-15,0.0020,40.11,yes
2026-10-05T04:14:21.960363Z,KXETH15M-26OCT050015-15,0.0010,53.00,no
2026-10-05T04:14:22.043048Z,KXETH15M-26OCT050015-15,0.0010,1.00,no
2026-10-05T04:14:22.291614Z,KXETH15M-26OCT050015-15,0.0010,50.00,no
2026-10-05T04:14:22.378952Z,KXETH15M-26OCT050015-15,0.0010,20.00,no
2026-10-05T04:14:22.828636Z,KXETH15M-26OCT050015-15,0.0020,263.61,yes
2026-10-05T04:14:23.204702Z,KXETH15M-26OCT050015-15,0.0020,9.00,yes
2026-10-05T04:14:23.215847Z,KXETH15M-26OCT050015-15,0.0020,110.87,yes
2026-10-05T04:14:23.405849Z,KXETH15M-26OCT050015-15,0.0010,10.01,no
2026-10-05T04:14:23.443146Z,KXETH15M-26OCT050015-15,0.0010,11.08,no
2026-10-05T04:14:23.536455Z,KXETH15M-26OCT050015-15,0.0020,458.01,yes
2026-10-05T04:14:23.61654Z,KXETH15M-26OCT050015-15,0.0020,45.10,yes
2026-10-05T04:14:23.711106Z,KXETH15M-26OCT050015-15,0.0020,2.17,yes
2026-10-05T04:14:23.810021Z,KXETH15M-26OCT050015-15,0.0010,0.94,no
2026-10-05T04:14:23.942158Z,KXETH15M-26OCT050015-15,0.0010,134.74,no
2026-10-05T04:14:23.99662Z,KXETH15M-26OCT050015-15,0.0020,156.00,yes
2026-10-05T04:14:24.059275Z,KXETH15M-26OCT050015-15,0.0020,916.02,yes
2026-10-05T04:14:24.128194Z,KXETH15M-26OCT050015-15,0.0020,39.60,yes
2026-10-05T04:14:24.278229Z,KXETH15M-26OCT050015-15,0.0020,10.35,yes
2026-10-05T04:14:24.337446Z,KXETH15M-26OCT050015-15,0.0010,1.00,no
2026-10-05T04:14:24.832932Z,KXETH15M-26OCT050015-15,0.0010,12.00,no
2026-10-05T04:14:25.195724Z,KXETH15M-26OCT050015-15,0.0010,0.85,no
2026-10-05T04:14:25.627171Z,KXETH15M-26OCT050015-15,0.0020,458.01,yes
2026-10-05T04:14:25.664151Z,KXETH15M-26OCT050015-15,0.0010,0.01,no
2026-10-05T04:14:26.174557Z,KXETH15M-26OCT050015-15,0.0010,500.46,no
2026-10-05T04:14:26.205716Z,KXETH15M-26OCT050015-15,0.0020,51.34,yes
2026-10-05T04:14:26.549923Z,KXETH15M-26OCT050015-15,0.0010,8.74,no
2026-10-05T04:14:26.600539Z,KXETH15M-26OCT050015-15,0.0020,59.57,yes
2026-10-05T04:14:27.067154Z,KXETH15M-26OCT050015-15,0.0020,22.45,yes
2026-10-05T04:14:27.262511Z,KXETH15M-26OCT050015-15,0.0010,99.45,no
2026-10-05T04:14:27.31634Z,KXETH15M-26OCT050015-15,0.0020,229.01,yes
2026-10-05T04:14:27.353978Z,KXETH15M-26OCT050015-15,0.0010,284.26,no
2026-10-05T04:14:27.968795Z,KXETH15M-26OCT050015-15,0.0020,49.80,yes
2026-10-05T04:14:28.142177Z,KXETH15M-26OCT050015-15,0.0010,500.00,no
2026-10-05T04:14:28.464328Z,KXETH15M-26OCT050015-15,0.0020,192.36,yes
2026-10-05T04:14:28.750612Z,KXETH15M-26OCT050015-15,0.0020,46.74,yes
2026-10-05T04:14:29.056973Z,KXETH15M-26OCT050015-15,0.0010,100.00,no
2026-10-05T04:14:29.098797Z,KXETH15M-26OCT050015-15,0.0010,80.00,no
2026-10-05T04:14:29.099956Z,KXETH15M-26OCT050015-15,0.0010,80.00,no
2026-10-05T04:14:29.134272Z,KXETH15M-26OCT050015-15,0.0010,80.00,no
2026-10-05T04:14:29.134484Z,KXETH15M-26OCT050015-15,0.0010,32.00,no
2026-10-05T04:14:29.136638Z,KXETH15M-26OCT050015-15,0.0010,80.00,no
2026-10-05T04:14:29.143355Z,KXETH15M-26OCT050015-15,0.0010,80.00,no
2026-10-05T04:14:29.18874Z,KXETH15M-26OCT050015-15,0.0020,80.00,yes
2026-10-05T04:14:29.18874Z,KXETH15M-26OCT050015-15,0.0020,32.00,yes
2026-10-05T04:14:29.18874Z,KXETH15M-26OCT050015-15,0.0020,80.00,yes
2026-10-05T04:14:29.18874Z,KXETH15M-26OCT050015-15,0.0020,80.00,yes
2026-10-05T04:14:29.18874Z,KXETH15M-26OCT050015-15,0.0020,80.00,yes
2026-10-05T04:14:29.18874Z,KXETH15M-26OCT050015-15,0.0020,80.00,yes
2026-10-05T04:14:29.18874Z,KXETH15M-26OCT050015-15,0.0020,100.00,yes
2026-10-05T04:14:29.18874Z,KXETH15M-26OCT050015-15,0.0020,500.00,yes
2026-10-05T04:14:29.18874Z,KXETH15M-26OCT050015-15,0.0020,99.45,yes
2026-10-05T04:14:29.18874Z,KXETH15M-26OCT050015-15,0.0020,284.26,yes
2026-10-05T04:14:29.18874Z,KXETH15M-26OCT050015-15,0.0030,40.00,yes
2026-10-05T04:14:29.18874Z,KXETH15M-26OCT050015-15,0.0030,8.00,yes
2026-10-05T04:14:29.18874Z,KXETH15M-26OCT050015-15,0.0020,8.74,yes
2026-10-05T04:14:29.18874Z,KXETH15M-26OCT050015-15,0.0020,3.00,yes
2026-10-05T04:14:29.18874Z,KXETH15M-26OCT050015-15,0.0020,500.46,yes
2026-10-05T04:14:29.18874Z,KXETH15M-26OCT050015-15,0.0020,0.85,yes
2026-10-05T04:14:29.18874Z,KXETH15M-26OCT050015-15,0.0020,0.01,yes
2026-10-05T04:14:29.18874Z,KXETH15M-26OCT050015-15,0.0020,12.00,yes
2026-10-05T04:14:29.18874Z,KXETH15M-26OCT050015-15,0.0020,1.00,yes
2026-10-05T04:14:29.18874Z,KXETH15M-26OCT050015-15,0.0020,144.00,yes
2026-10-05T04:14:29.18874Z,KXETH15M-26OCT050015-15,0.0020,134.74,yes
2026-10-05T04:14:29.18874Z,KXETH15M-26OCT050015-15,0.0020,0.94,yes
2026-10-05T04:14:29.18874Z,KXETH15M-26OCT050015-15,0.0020,10.01,yes
2026-10-05T04:14:29.18874Z,KXETH15M-26OCT050015-15,0.0020,11.08,yes
2026-10-05T04:14:29.18874Z,KXETH15M-26OCT050015-15,0.0020,0.01,yes
2026-10-05T04:14:29.18874Z,KXETH15M-26OCT050015-15,0.0020,20.00,yes
2026-10-05T04:14:29.18874Z,KXETH15M-26OCT050015-15,0.0020,3.00,yes
2026-10-05T04:14:29.18874Z,KXETH15M-26OCT050015-15,0.0020,50.00,yes
2026-10-05T04:14:29.18874Z,KXETH15M-26OCT050015-15,0.0020,1.00,yes
2026-10-05T04:14:29.18874Z,KXETH15M-26OCT050015-15,0.0020,581.00,yes
2026-10-05T04:14:29.18874Z,KXETH15M-26OCT050015-15,0.0020,1627.08,yes
2026-10-05T04:14:29.18874Z,KXETH15M-26OCT050015-15,0.0020,53.00,yes
2026-10-05T04:14:29.18874Z,KXETH15M-26OCT050015-15,0.0020,8000.00,yes
2026-10-05T04:14:29.18874Z,KXETH15M-26OCT050015-15,0.0050,103.00,yes
2026-10-05T04:14:29.18874Z,KXETH15M-26OCT050015-15,0.0020,100.00,yes
2026-10-05T04:14:29.18874Z,KXETH15M-26OCT050015-15,0.0050,9.00,yes
2026-10-05T04:14:29.18874Z,KXETH15M-26OCT050015-15,0.0020,0.10,yes
2026-10-05T04:14:29.18874Z,KXETH15M-26OCT050015-15,0.0050,438.23,yes
2026-10-05T04:14:29.18874Z,KXETH15M-26OCT050015-15,0.0020,1915.80,yes
2026-10-05T04:14:29.18874Z,KXETH15M-26OCT050015-15,0.0050,5.00,yes
2026-10-05T04:14:29.18874Z,KXETH15M-26OCT050015-15,0.0050,2196.00,yes
2026-10-05T04:14:29.18874Z,KXETH15M-26OCT050015-15,0.0030,0.08,yes
2026-10-05T04:14:29.18874Z,KXETH15M-26OCT050015-15,0.0030,18.38,yes
2026-10-05T04:14:29.18874Z,KXETH15M-26OCT050015-15,0.0040,500.00,yes
2026-10-05T04:14:29.18874Z,KXETH15M-26OCT050015-15,0.0040,0.08,yes
2026-10-05T04:14:29.18874Z,KXETH15M-26OCT050015-15,0.0050,0.08,yes
2026-10-05T04:14:29.18874Z,KXETH15M-26OCT050015-15,0.0040,31.00,yes
2026-10-05T04:14:29.195425Z,KXETH15M-26OCT050015-15,0.0010,66.00,no
2026-10-05T04:14:29.195425Z,KXETH15M-26OCT050015-15,0.0010,4.00,no
2026-10-05T04:14:29.195425Z,KXETH15M-26OCT050015-15,0.0010,4.00,no
2026-10-05T04:14:29.195425Z,KXETH15M-26OCT050015-15,0.0010,90.00,no
2026-10-05T04:14:29.195425Z,KXETH15M-26OCT050015-15,0.0010,1.00,no
2026-10-05T04:14:29.195425Z,KXETH15M-26OCT050015-15,0.0010,100.00,no
2026-10-05T04:14:29.195425Z,KXETH15M-26OCT050015-15,0.0010,1.00,no
2026-10-05T04:14:29.195425Z,KXETH15M-26OCT050015-15,0.0010,1000.00,no
2026-10-05T04:14:29.195425Z,KXETH15M-26OCT050015-15,0.0010,182.50,no
2026-10-05T04:14:29.195425Z,KXETH15M-26OCT050015-15,0.0010,980.00,no
2026-10-05T04:14:29.195425Z,KXETH15M-26OCT050015-15,0.0010,400.00,no
2026-10-05T04:14:29.195425Z,KXETH15M-26OCT050015-15,0.0010,3721.38,no
2026-10-05T04:14:29.195425Z,KXETH15M-26OCT050015-15,0.0010,1.00,no
2026-10-05T04:14:29.195425Z,KXETH15M-26OCT050015-15,0.0010,2000.00,no
2026-10-05T04:14:33.613113Z,KXETH15M-26OCT050015-15,0.0010,915.99,yes
2026-10-05T04:14:34.926417Z,KXETH15M-26OCT050015-15,0.0010,91.62,yes
2026-10-05T04:14:35.80301Z,KXETH15M-26OCT050015-15,0.0010,3.79,yes
2026-10-05T04:14:36.455459Z,KXETH15M-26OCT050015-15,0.0010,0.70,yes
2026-10-05T04:14:37.664684Z,KXETH15M-26OCT050015-15,0.0010,8.10,yes
2026-10-05T04:14:39.551681Z,KXETH15M-26OCT050015-15,0.0010,4579.77,yes
2026-10-05T04:14:41.458203Z,KXETH15M-26OCT050015-15,0.0010,11.08,yes
2026-10-05T04:14:43.521922Z,KXETH15M-26OCT050015-15,0.0010,4579.77,yes
2026-10-05T04:14:46.270443Z,KXETH15M-26OCT050015-15,0.0010,2.33,yes
2026-10-05T04:14:46.344166Z,KXETH15M-26OCT050015-15,0.0010,164.92,yes
2026-10-05T04:14:47.801081Z,KXETH15M-26OCT050015-15,0.0010,7.15,yes
2026-10-05T04:14:51.486313Z,KXETH15M-26OCT050015-15,0.0010,89.00,yes
2026-10-05T04:14:52.335681Z,KXETH15M-26OCT050015-15,0.0010,791.59,yes
2026-10-05T04:14:53.713312Z,KXETH15M-26OCT050015-15,0.0010,915.99,yes
2026-10-05T04:14:54.437298Z,KXETH15M-26OCT050015-15,0.0010,7.07,yes
2026-10-05T04:14:54.467813Z,KXETH15M-26OCT050015-15,0.0010,0.24,yes
2026-10-05T04:14:57.02634Z,KXETH15M-26OCT050015-15,0.0010,12.00,yes
2026-10-05T04:14:59.176539Z,KXETH15M-26OCT050015-15,0.0010,48.81,yes
2026-10-05T04:12:52.036479Z,KXBTC15M-26OCT050015-15,0.0310,241.17,no
2026-10-05T04:12:52.036479Z,KXBTC15M-26OCT050015-15,0.0340,17.00,no
2026-10-05T04:12:52.036479Z,KXBTC15M-26OCT050015-15,0.0330,2.00,no
2026-10-05T04:12:52.036479Z,KXBTC15M-26OCT050015-15,0.0340,2.00,no
2026-10-05T04:12:52.036479Z,KXBTC15M-26OCT050015-15,0.0320,17.00,no
2026-10-05T04:12:52.036479Z,KXBTC15M-26OCT050015-15,0.0340,199.00,no
2026-10-05T04:12:52.036479Z,KXBTC15M-26OCT050015-15,0.0320,2.00,no
2026-10-05T04:12:52.036479Z,KXBTC15M-26OCT050015-15,0.0350,0.01,no
2026-10-05T04:12:52.036479Z,KXBTC15M-26OCT050015-15,0.0350,0.01,no
2026-10-05T04:12:52.036479Z,KXBTC15M-26OCT050015-15,0.0350,193.00,no
2026-10-05T04:12:52.036479Z,KXBTC15M-26OCT050015-15,0.0320,150.00,no
2026-10-05T04:12:52.036479Z,KXBTC15M-26OCT050015-15,0.0350,180.19,no
2026-10-05T04:12:52.036479Z,KXBTC15M-26OCT050015-15,0.0320,10.00,no
2026-10-05T04:12:52.065312Z,KXBTC15M-26OCT050015-15,0.0350,22.00,yes
2026-10-05T04:12:52.072238Z,KXBTC15M-26OCT050015-15,0.0350,48.00,yes
2026-10-05T04:12:52.072238Z,KXBTC15M-26OCT050015-15,0.0350,0.01,yes
2026-10-05T04:12:52.072238Z,KXBTC15M-26OCT050015-15,0.0350,0.01,yes
2026-10-05T04:12:52.072238Z,KXBTC15M-26OCT050015-15,0.0350,21.98,yes
2026-10-05T04:12:52.104327Z,KXBTC15M-26OCT050015-15,0.0350,61.00,yes
2026-10-05T04:12:52.113554Z,KXBTC15M-26OCT050015-15,0.0350,69.00,yes
2026-10-05T04:12:52.114709Z,KXBTC15M-26OCT050015-15,0.0350,443.98,yes
2026-10-05T04:12:52.114709Z,KXBTC15M-26OCT050015-15,0.0350,48.02,yes
2026-10-05T04:12:52.133684Z,KXBTC15M-26OCT050015-15,0.0350,0.01,yes
2026-10-05T04:12:52.133684Z,KXBTC15M-26OCT050015-15,0.0350,0.01,yes
2026-10-05T04:12:52.133684Z,KXBTC15M-26OCT050015-15,0.0350,72.05,yes
2026-10-05T04:12:52.15004Z,KXBTC15M-26OCT050015-15,0.0350,58.55,yes
2026-10-05T04:12:52.187139Z,KXBTC15M-26OCT050015-15,0.0340,1.18,no
2026-10-05T04:12:52.201818Z,KXBTC15M-26OCT050015-15,0.0350,120.12,yes
2026-10-05T04:12:52.207023Z,KXBTC15M-26OCT050015-15,0.0340,187.16,no
2026-10-05T04:12:52.207023Z,KXBTC15M-26OCT050015-15,0.0340,15.82,no
2026-10-05T04:12:52.207023Z,KXBTC15M-26OCT050015-15,0.0340,0.01,no
2026-10-05T04:12:52.207023Z,KXBTC15M-26OCT050015-15,0.0340,100.00,no
2026-10-05T04:12:52.207023Z,KXBTC15M-26OCT050015-15,0.0340,0.01,no
2026-10-05T04:12:52.207697Z,KXBTC15M-26OCT050015-15,0.0350,300.00,yes
2026-10-05T04:12:52.304749Z,KXBTC15M-26OCT050015-15,0.0340,150.18,no
2026-10-05T04:12:52.347981Z,KXBTC15M-26OCT050015-15,0.0350,0.01,yes
2026-10-05T04:12:52.347981Z,KXBTC15M-26OCT050015-15,0.0350,25.30,yes
2026-10-05T04:12:52.347981Z,KXBTC15M-26OCT050015-15,0.0350,0.01,yes
2026-10-05T04:12:52.390554Z,KXBTC15M-26OCT050015-15,0.0350,75.96,yes
2026-10-05T04:12:52.4074Z,KXBTC15M-26OCT050015-15,0.0350,20.00,yes
2026-10-05T04:12:52.407682Z,KXBTC15M-26OCT050015-15,0.0350,189.45,yes
2026-10-05T04:12:52.407682Z,KXBTC15M-26OCT050015-15,0.0350,78.18,yes
2026-10-05T04:12:52.43884Z,KXBTC15M-26OCT050015-15,0.0350,331.72,yes
2026-10-05T04:12:52.43884Z,KXBTC15M-26OCT050015-15,0.0350,0.01,yes
2026-10-05T04:12:52.43884Z,KXBTC15M-26OCT050015-15,0.0350,121.82,yes
2026-10-05T04:12:52.43884Z,KXBTC15M-26OCT050015-15,0.0350,0.01,yes
2026-10-05T04:12:52.517158Z,KXBTC15M-26OCT050015-15,0.0340,0.01,no
2026-10-05T04:12:52.517158Z,KXBTC15M-26OCT050015-15,0.0340,62.66,no
2026-10-05T04:12:52.517158Z,KXBTC15M-26OCT050015-15,0.0340,68.65,no
2026-10-05T04:12:52.517158Z,KXBTC15M-26OCT050015-15,0.0340,25.91,no
2026-10-05T04:12:52.517158Z,KXBTC15M-26OCT050015-15,0.0340,0.01,no
2026-10-05T04:12:52.520482Z,KXBTC15M-26OCT050015-15,0.0340,17.00,no
2026-10-05T04:12:52.520482Z,KXBTC15M-26OCT050015-15,0.0340,74.09,no
2026-10-05T04:12:52.520482Z,KXBTC15M-26OCT050015-15,0.0330,146.36,no
2026-10-05T04:12:52.520482Z,KXBTC15M-26OCT050015-15,0.0340,27.61,no
2026-10-05T04:12:52.52922Z,KXBTC15M-26OCT050015-15,0.0350,0.01,yes
2026-10-05T04:12:52.52922Z,KXBTC15M-26OCT050015-15,0.0350,64.94,yes
2026-10-05T04:12:52.52922Z,KXBTC15M-26OCT050015-15,0.0350,11.00,yes
2026-10-05T04:12:52.52922Z,KXBTC15M-26OCT050015-15,0.0350,0.01,yes
2026-10-05T04:12:52.546529Z,KXBTC15M-26OCT050015-15,0.0350,178.58,yes
2026-10-05T04:12:52.656675Z,KXBTC15M-26OCT050015-15,0.0360,2.10,yes
2026-10-05T04:12:52.656675Z,KXBTC15M-26OCT050015-15,0.0350,0.01,yes
2026-10-05T04:12:52.656675Z,KXBTC15M-26OCT050015-15,0.0350,0.01,yes
2026-10-05T04:12:52.676193Z,KXBTC15M-26OCT050015-15,0.0350,0.01,no
2026-10-05T04:12:52.676193Z,KXBTC15M-26OCT050015-15,0.0350,0.01,no
2026-10-05T04:12:52.676193Z,KXBTC15M-26OCT050015-15,0.0340,8.24,no
2026-10-05T04:12:52.688866Z,KXBTC15M-26OCT050015-15,0.0350,3.03,yes
2026-10-05T04:12:52.719748Z,KXBTC15M-26OCT050015-15,0.0340,6.71,no
2026-10-05T04:12:52.719748Z,KXBTC15M-26OCT050015-15,0.0340,8.76,no
2026-10-05T04:12:52.719748Z,KXBTC15M-26OCT050015-15,0.0340,0.01,no
2026-10-05T04:12:52.719748Z,KXBTC15M-26OCT050015-15,0.0340,0.01,no
2026-10-05T04:12:52.795703Z,KXBTC15M-26OCT050015-15,0.0340,1.35,no
2026-10-05T04:12:52.806175Z,KXBTC15M-26OCT050015-15,0.0350,66.97,yes
2026-10-05T04:12:52.806175Z,KXBTC15M-26OCT050015-15,0.0350,66.84,yes
2026-10-05T04:12:52.853991Z,KXBTC15M-26OCT050015-15,0.0350,0.01,yes
2026-10-05T04:12:52.853991Z,KXBTC15M-26OCT050015-15,0.0350,0.01,yes
2026-10-05T04:12:52.853991Z,KXBTC15M-26OCT050015-15,0.0360,0.87,yes
2026-10-05T04:12:52.855348Z,KXBTC15M-26OCT050015-15,0.0340,37.17,no
2026-10-05T04:12:52.858972Z,KXBTC15M-26OCT050015-15,0.0360,431.51,yes
2026-10-05T04:12:52.875038Z,KXBTC15M-26OCT050015-15,0.0360,0.44,yes
2026-10-05T04:12:53.027499Z,KXBTC15M-26OCT050015-15,0.0350,0.01,no
2026-10-05T04:12:53.027499Z,KXBTC15M-26OCT050015-15,0.0350,0.01,no
2026-10-05T04:12:53.061416Z,KXBTC15M-26OCT050015-15,0.0340,17.00,no
2026-10-05T04:12:53.061416Z,KXBTC15M-26OCT050015-15,0.0340,189.54,no
2026-10-05T04:12:53.086896Z,KXBTC15M-26OCT050015-15,0.0390,14.00,yes
2026-10-05T04:12:53.086896Z,KXBTC15M-26OCT050015-15,0.0360,8.00,yes
2026-10-05T04:12:53.086896Z,KXBTC15M-26OCT050015-15,0.0350,0.01,yes
2026-10-05T04:12:53.086896Z,KXBTC15M-26OCT050015-15,0.0350,99.98,yes
2026-10-05T04:12:53.086896Z,KXBTC15M-26OCT050015-15,0.0350,0.01,yes
2026-10-05T04:12:53.086896Z,KXBTC15M-26OCT050015-15,0.0390,100.00,yes
2026-10-05T04:12:53.086896Z,KXBTC15M-26OCT050015-15,0.0360,0.01,yes
2026-10-05T04:12:53.086896Z,KXBTC15M-26OCT050015-15,0.0360,200.00,yes
2026-10-05T04:12:53.086896Z,KXBTC15M-26OCT050015-15,0.0360,7.00,yes
2026-10-05T04:12:53.086896Z,KXBTC15M-26OCT050015-15,0.0360,0.01,yes
2026-10-05T04:12:53.086896Z,KXBTC15M-26OCT050015-15,0.0390,2.00,yes
2026-10-05T04:12:53.086896Z,KXBTC15M-26OCT050015-15,0.0380,11.00,yes
2026-10-05T04:12:53.086896Z,KXBTC15M-26OCT050015-15,0.0380,2.00,yes
2026-10-05T04:12:53.086896Z,KXBTC15M-26OCT050015-15,0.0360,1.00,yes
2026-10-05T04:12:53.086896Z,KXBTC15M-26OCT050015-15,0.0360,413.00,yes
2026-10-05T04:12:53.086896Z,KXBTC15M-26OCT050015-15,0.0390,2.00,yes
2026-10-05T04:12:53.086896Z,KXBTC15M-26OCT050015-15,0.0390,2314.14,yes
2026-10-05T04:12:53.161703Z,KXBTC15M-26OCT050015-15,0.0380,93.12,no
2026-10-05T04:12:53.170309Z,KXBTC15M-26OCT050015-15,0.0390,1.00,yes
2026-10-05T04:12:53.170309Z,KXBTC15M-26OCT050015-15,0.0390,0.01,yes
2026-10-05T04:12:53.170309Z,KXBTC15M-26OCT050015-15,0.0390,1.00,yes
2026-10-05T04:12:53.252371Z,KXBTC15M-26OCT050015-15,0.0380,622.78,no
2026-10-05T04:12:53.343664Z,KXBTC15M-26OCT050015-15,0.0390,3.20,yes
2026-10-05T04:12:53.403511Z,KXBTC15M-26OCT050015-15,0.0390,6.15,yes
2026-10-05T04:12:53.407723Z,KXBTC15M-26OCT050015-15,0.0380,1.92,no
2026-10-05T04:12:53.415086Z,KXBTC15M-26OCT050015-15,0.0390,20.00,yes
2026-10-05T04:12:53.495633Z,KXBTC15M-26OCT050015-15,0.0390,1.00,yes
2026-10-05T04:12:53.495633Z,KXBTC15M-26OCT050015-15,0.0390,1.00,yes
2026-10-05T04:12:53.495633Z,KXBTC15M-26OCT050015-15,0.0390,14.00,yes
2026-10-05T04:12:53.495633Z,KXBTC15M-26OCT050015-15,0.0400,231.52,yes
2026-10-05T04:12:53.495633Z,KXBTC15M-26OCT050015-15,0.0390,15.00,yes
2026-10-05T04:12:53.495633Z,KXBTC15M-26OCT050015-15,0.0390,0.01,yes
2026-10-05T04:12:53.495633Z,KXBTC15M-26OCT050015-15,0.0390,70.64,yes
2026-10-05T04:12:53.495633Z,KXBTC15M-26OCT050015-15,0.0400,150.00,yes
2026-10-05T04:12:53.495633Z,KXBTC15M-26OCT050015-15,0.0390,0.01,yes
2026-10-05T04:12:53.495633Z,KXBTC15M-26OCT050015-15,0.0390,400.00,yes
2026-10-05T04:12:53.495633Z,KXBTC15M-26OCT050015-15,0.0390,259.00,yes
2026-10-05T04:12:53.495633Z,KXBTC15M-26OCT050015-15,0.0400,2.00,yes
2026-10-05T04:12:53.495633Z,KXBTC15M-26OCT050015-15,0.0400,130.64,yes
2026-10-05T04:12:53.495633Z,KXBTC15M-26OCT050015-15,0.0400,50.00,yes
2026-10-05T04:12:53.63729Z,KXBTC15M-26OCT050015-15,0.0400,0.01,yes
2026-10-05T04:12:53.63729Z,KXBTC15M-26OCT050015-15,0.0400,0.01,yes
2026-10-05T04:12:53.63729Z,KXBTC15M-26OCT050015-15,0.0400,31.15,yes
2026-10-05T04:12:53.706305Z,KXBTC15M-26OCT050015-15,0.0390,1.69,no
2026-10-05T04:12:53.959717Z,KXBTC15M-26OCT050015-15,0.0390,0.01,no
2026-10-05T04:12:53.959717Z,KXBTC15M-26OCT050015-15,0.0390,1.16,no
2026-10-05T04:12:53.959717Z,KXBTC15M-26OCT050015-15,0.0390,0.01,no
2026-10-05T04:12:53.959717Z,KXBTC15M-26OCT050015-15,0.0390,4.00,no
2026-10-05T04:12:53.987007Z,KXBTC15M-26OCT050015-15,0.0400,48.27,yes
2026-10-05T04:12:53.987007Z,KXBTC15M-26OCT050015-15,0.0400,68.85,yes
2026-10-05T04:12:53.997709Z,KXBTC15M-26OCT050015-15,0.0390,171.84,no
2026-10-05T04:12:53.997709Z,KXBTC15M-26OCT050015-15,0.0390,173.00,no
2026-10-05T04:12:53.997709Z,KXBTC15M-26OCT050015-15,0.0390,0.01,no
2026-10-05T04:12:53.997709Z,KXBTC15M-26OCT050015-15,0.0380,166.14,no
2026-10-05T04:12:53.997709Z,KXBTC15M-26OCT050015-15,0.0390,0.01,no
2026-10-05T04:12:54.052646Z,KXBTC15M-26OCT050015-15,0.0390,15.00,yes
2026-10-05T04:12:54.052646Z,KXBTC15M-26OCT050015-15,0.0390,0.01,yes
2026-10-05T04:12:54.052646Z,KXBTC15M-26OCT050015-15,0.0390,8.40,yes
2026-10-05T04:12:54.052646Z,KXBTC15M-26OCT050015-15,0.0390,0.01,yes
2026-10-05T04:12:54.058881Z,KXBTC15M-26OCT050015-15,0.0380,813.58,no
2026-10-05T04:12:54.120968Z,KXBTC15M-26OCT050015-15,0.0370,10.13,no
2026-10-05T04:12:54.120968Z,KXBTC15M-26OCT050015-15,0.0380,0.01,no
2026-10-05T04:12:54.120968Z,KXBTC15M-26OCT050015-15,0.0380,0.01,no
2026-10-05T04:12:54.164032Z,KXBTC15M-26OCT050015-15,0.0380,0.01,no
2026-10-05T04:12:54.164032Z,KXBTC15M-26OCT050015-15,0.0380,0.01,no
2026-10-05T04:12:54.164032Z,KXBTC15M-26OCT050015-15,0.0370,3.02,no
2026-10-05T04:12:54.201075Z,KXBTC15M-26OCT050015-15,0.0370,7.13,no
2026-10-05T04:12:54.201075Z,KXBTC15M-26OCT050015-15,0.0370,0.01,no
2026-10-05T04:12:54.243344Z,KXBTC15M-26OCT050015-15,0.0370,0.96,no
2026-10-05T04:12:54.304465Z,KXBTC15M-26OCT050015-15,0.0380,23.40,yes
2026-10-05T04:12:54.304465Z,KXBTC15M-26OCT050015-15,0.0380,0.01,yes
2026-10-05T04:12:54.304465Z,KXBTC15M-26OCT050015-15,0.0380,0.01,yes
2026-10-05T04:12:54.357648Z,KXBTC15M-26OCT050015-15,0.0380,189.02,yes
2026-10-05T04:12:54.357648Z,KXBTC15M-26OCT050015-15,0.0380,0.01,yes
2026-10-05T04:12:54.357648Z,KXBTC15M-26OCT050015-15,0.0380,0.01,yes
2026-10-05T04:12:54.455997Z,KXBTC15M-26OCT050015-15,0.0360,514.58,no
2026-10-05T04:12:54.455997Z,KXBTC15M-26OCT050015-15,0.0370,0.01,no
2026-10-05T04:12:54.455997Z,KXBTC15M-26OCT050015-15,0.0370,0.01,no
2026-10-05T04:12:54.521824Z,KXBTC15M-26OCT050015-15,0.0370,70.00,yes
2026-10-05T04:12:54.521824Z,KXBTC15M-26OCT050015-15,0.0370,0.01,yes
2026-10-05T04:12:54.521824Z,KXBTC15M-26OCT050015-15,0.0370,47.10,yes
2026-10-05T04:12:54.521824Z,KXBTC15M-26OCT050015-15,0.0370,0.01,yes
2026-10-05T04:12:54.535535Z,KXBTC15M-26OCT050015-15,0.0360,63.60,no
2026-10-05T04:12:54.535535Z,KXBTC15M-26OCT050015-15,0.0360,0.01,no
2026-10-05T04:12:54.535535Z,KXBTC15M-26OCT050015-15,0.0360,0.01,no
2026-10-05T04:12:54.543491Z,KXBTC15M-26OCT050015-15,0.0380,0.01,yes
2026-10-05T04:12:54.543491Z,KXBTC15M-26OCT050015-15,0.0370,0.01,yes
2026-10-05T04:12:54.543491Z,KXBTC15M-26OCT050015-15,0.0380,2.36,yes
2026-10-05T04:12:54.543491Z,KXBTC15M-26OCT050015-15,0.0370,0.01,yes
2026-10-05T04:12:54.543491Z,KXBTC15M-26OCT050015-15,0.0380,0.01,yes
2026-10-05T04:12:54.552621Z,KXBTC15M-26OCT050015-15,0.0360,10.14,no
2026-10-05T04:12:54.674789Z,KXBTC15M-26OCT050015-15,0.0360,25.39,no
2026-10-05T04:12:54.7004Z,KXBTC15M-26OCT050015-15,0.0360,11.19,no
2026-10-05T04:12:54.722196Z,KXBTC15M-26OCT050015-15,0.0370,0.01,yes
2026-10-05T04:12:54.722196Z,KXBTC15M-26OCT050015-15,0.0370,5.36,yes
2026-10-05T04:12:54.722196Z,KXBTC15M-26OCT050015-15,0.0370,0.01,yes
2026-10-05T04:12:54.72694Z,KXBTC15M-26OCT050015-15,0.0360,500.00,no
2026-10-05T04:12:54.72694Z,KXBTC15M-26OCT050015-15,0.0360,0.01,no
2026-10-05T04:12:54.72694Z,KXBTC15M-26OCT050015-15,0.0360,188.00,no
2026-10-05T04:12:54.897096Z,KXBTC15M-26OCT050015-15,0.0340,0.01,yes
2026-10-05T04:12:54.897096Z,KXBTC15M-26OCT050015-15,0.0340,6.50,yes
2026-10-05T04:12:54.897096Z,KXBTC15M-26OCT050015-15,0.0340,161.00,yes
2026-10-05T04:12:54.897096Z,KXBTC15M-26OCT050015-15,0.0340,100.00,yes
2026-10-05T04:12:54.897096Z,KXBTC15M-26OCT050015-15,0.0340,0.01,yes
2026-10-05T04:12:54.897096Z,KXBTC15M-26OCT050015-15,0.0340,11.00,yes
2026-10-05T04:12:55.01033Z,KXBTC15M-26OCT050015-15,0.0330,0.01,no
2026-10-05T04:12:55.01033Z,KXBTC15M-26OCT050015-15,0.0330,386.71,no
2026-10-05T04:12:55.01033Z,KXBTC15M-26OCT050015-15,0.0330,0.01,no
2026-10-05T04:12:55.01033Z,KXBTC15M-26OCT050015-15,0.0330,188.12,no
2026-10-05T04:12:55.017545Z,KXBTC15M-26OCT050015-15,0.0330,8.92,no
2026-10-05T04:12:55.061375Z,KXBTC15M-26OCT050015-15,0.0340,357.00,yes
2026-10-05T04:12:55.061375Z,KXBTC15M-26OCT050015-15,0.0340,5.53,yes
2026-10-05T04:12:55.167705Z,KXBTC15M-26OCT050015-15,0.0330,0.01,no
2026-10-05T04:12:55.167705Z,KXBTC15M-26OCT050015-15,0.0330,65.72,no
2026-10-05T04:12:55.167705Z,KXBTC15M-26OCT050015-15,0.0330,205.00,no
2026-10-05T04:12:55.167705Z,KXBTC15M-26OCT050015-15,0.0330,0.01,no
2026-10-05T04:12:55.263891Z,KXBTC15M-26OCT050015-15,0.0340,19.81,yes
2026-10-05T04:12:55.263891Z,KXBTC15M-26OCT050015-15,0.0340,0.01,yes
2026-10-05T04:12:55.263891Z,KXBTC15M-26OCT050015-15,0.0340,0.01,yes
2026-10-05T04:12:55.27388Z,KXBTC15M-26OCT050015-15,0.0330,237.12,no
2026-10-05T04:12:55.301587Z,KXBTC15M-26OCT050015-15,0.0340,65.29,yes
2026-10-05T04:12:55.524002Z,KXBTC15M-26OCT050015-15,0.0330,14.73,no
2026-10-05T04:12:55.613104Z,KXBTC15M-26OCT050015-15,0.0340,1.31,yes
2026-10-05T04:12:55.652334Z,KXBTC15M-26OCT050015-15,0.0330,4.23,no
2026-10-05T04:12:55.746675Z,KXBTC15M-26OCT050015-15,0.0340,3.59,yes
2026-10-05T04:12:55.746675Z,KXBTC15M-26OCT050015-15,0.0350,23.25,yes
2026-10-05T04:12:55.746675Z,KXBTC15M-26OCT050015-15,0.0340,0.01,yes
2026-10-05T04:12:55.746675Z,KXBTC15M-26OCT050015-15,0.0340,0.01,yes
2026-10-05T04:12:55.781074Z,KXBTC15M-26OCT050015-15,0.0350,10.17,yes
2026-10-05T04:12:55.814995Z,KXBTC15M-26OCT050015-15,0.0340,4.97,no
2026-10-05T04:12:55.843525Z,KXBTC15M-26OCT050015-15,0.0350,2.42,yes
2026-10-05T04:12:55.882703Z,KXBTC15M-26OCT050015-15,0.0350,26.32,yes
2026-10-05T04:12:55.901443Z,KXBTC15M-26OCT050015-15,0.0350,4.48,yes
2026-10-05T04:12:55.901443Z,KXBTC15M-26OCT050015-15,0.0350,0.84,yes
2026-10-05T04:12:55.949549Z,KXBTC15M-26OCT050015-15,0.0340,65.03,no
2026-10-05T04:12:55.949549Z,KXBTC15M-26OCT050015-15,0.0340,65.08,no
2026-10-05T04:12:55.994584Z,KXBTC15M-26OCT050015-15,0.0350,5.22,yes
2026-10-05T04:12:56.00841Z,KXBTC15M-26OCT050015-15,0.0340,154.76,no
2026-10-05T04:12:56.030491Z,KXBTC15M-26OCT050015-15,0.0340,1.03,no
2026-10-05T04:12:56.058359Z,KXBTC15M-26OCT050015-15,0.0340,5.15,no
2026-10-05T04:12:56.172015Z,KXBTC15M-26OCT050015-15,0.0350,0.01,yes
2026-10-05T04:12:56.172015Z,KXBTC15M-26OCT050015-15,0.0350,0.01,yes
2026-10-05T04:12:56.172015Z,KXBTC15M-26OCT050015-15,0.0350,26.60,yes
2026-10-05T04:12:56.232294Z,KXBTC15M-26OCT050015-15,0.0340,4.97,no
2026-10-05T04:12:56.306817Z,KXBTC15M-26OCT050015-15,0.0340,100.00,no
2026-10-05T04:12:56.306817Z,KXBTC15M-26OCT050015-15,0.0340,0.01,no
2026-10-05T04:12:56.306817Z,KXBTC15M-26OCT050015-15,0.0340,400.00,no
2026-10-05T04:12:56.306817Z,KXBTC15M-26OCT050015-15,0.0330,4.00,no
2026-10-05T04:12:56.306817Z,KXBTC15M-26OCT050015-15,0.0330,88.20,no
2026-10-05T04:12:56.306817Z,KXBTC15M-26OCT050015-15,0.0330,155.51,no
2026-10-05T04:12:56.306817Z,KXBTC15M-26OCT050015-15,0.0340,0.01,no
2026-10-05T04:12:56.306817Z,KXBTC15M-26OCT050015-15,0.0340,10.00,no
2026-10-05T04:12:56.306817Z,KXBTC15M-26OCT050015-15,0.0340,4.00,no
2026-10-05T04:12:56.306817Z,KXBTC15M-26OCT050015-15,0.0340,1.00,no
2026-10-05T04:12:56.306817Z,KXBTC15M-26OCT050015-15,0.0340,269.01,no
2026-10-05T04:12:56.317345Z,KXBTC15M-26OCT050015-15,0.0330,71.77,no
2026-10-05T04:12:56.407699Z,KXBTC15M-26OCT050015-15,0.0340,100.00,no
2026-10-05T04:12:56.407699Z,KXBTC15M-26OCT050015-15,0.0340,0.01,no
2026-10-05T04:12:56.407699Z,KXBTC15M-26OCT050015-15,0.0340,10.00,no
2026-10-05T04:12:56.407699Z,KXBTC15M-26OCT050015-15,0.0340,395.34,no
2026-10-05T04:12:56.407699Z,KXBTC15M-26OCT050015-15,0.0340,0.01,no
2026-10-05T04:12:56.407699Z,KXBTC15M-26OCT050015-15,0.0340,11.00,no
2026-10-05T04:12:56.48736Z,KXBTC15M-26OCT050015-15,0.0350,0.01,yes
2026-10-05T04:12:56.48736Z,KXBTC15M-26OCT050015-15,0.0350,23.40,yes
2026-10-05T04:12:56.48736Z,KXBTC15M-26OCT050015-15,0.0350,0.01,yes
2026-10-05T04:12:56.48736Z,KXBTC15M-26OCT050015-15,0.0370,2.80,yes
2026-10-05T04:12:56.498509Z,KXBTC15M-26OCT050015-15,0.0370,0.01,yes
2026-10-05T04:12:56.498509Z,KXBTC15M-26OCT050015-15,0.0370,1.10,yes
2026-10-05T04:12:56.498509Z,KXBTC15M-26OCT050015-15,0.0350,0.01,yes
2026-10-05T04:12:56.498509Z,KXBTC15M-26OCT050015-15,0.0370,11.20,yes
2026-10-05T04:12:56.531046Z,KXBTC15M-26OCT050015-15,0.0360,1.88,yes
2026-10-05T04:12:56.569847Z,KXBTC15M-26OCT050015-15,0.0360,5.37,yes
2026-10-05T04:12:56.569847Z,KXBTC15M-26OCT050015-15,0.0360,0.01,yes
2026-10-05T04:12:56.569847Z,KXBTC15M-26OCT050015-15,0.0360,0.01,yes
2026-10-05T04:12:56.726333Z,KXBTC15M-26OCT050015-15,0.0360,4.21,yes
2026-10-05T04:12:56.733409Z,KXBTC15M-26OCT050015-15,0.0360,4.42,yes
2026-10-05T04:12:56.733409Z,KXBTC15M-26OCT050015-15,0.0360,46.80,yes
2026-10-05T04:12:56.733819Z,KXBTC15M-26OCT050015-15,0.0350,0.01,no
2026-10-05T04:12:56.733819Z,KXBTC15M-26OCT050015-15,0.0350,0.01,no
2026-10-05T04:12:56.733819Z,KXBTC15M-26OCT050015-15,0.0350,46.51,no
2026-10-05T04:12:56.738629Z,KXBTC15M-26OCT050015-15,0.0360,12.97,yes
2026-10-05T04:12:56.773908Z,KXBTC15M-26OCT050015-15,0.0360,0.01,yes
2026-10-05T04:12:56.773908Z,KXBTC15M-26OCT050015-15,0.0360,101.23,yes
2026-10-05T04:12:56.773908Z,KXBTC15M-26OCT050015-15,0.0360,0.01,yes
2026-10-05T04:12:56.773908Z,KXBTC15M-26OCT050015-15,0.0360,126.45,yes
2026-10-05T04:12:56.890422Z,KXBTC15M-26OCT050015-15,0.0350,10.14,no
2026-10-05T04:12:57.004011Z,KXBTC15M-26OCT050015-15,0.0350,367.86,no
2026-10-05T04:12:57.004011Z,KXBTC15M-26OCT050015-15,0.0350,136.35,no
2026-10-05T04:12:57.037454Z,KXBTC15M-26OCT050015-15,0.0360,32.78,yes
2026-10-05T04:12:57.05248Z,KXBTC15M-26OCT050015-15,0.0350,132.14,no
2026-10-05T04:12:57.05248Z,KXBTC15M-26OCT050015-15,0.0350,38.76,no
2026-10-05T04:12:57.064953Z,KXBTC15M-26OCT050015-15,0.0310,12.23,no
2026-10-05T04:12:57.064953Z,KXBTC15M-26OCT050015-15,0.0320,2.00,no
2026-10-05T04:12:57.064953Z,KXBTC15M-26OCT050015-15,0.0330,2.00,no
2026-10-05T04:12:57.064953Z,KXBTC15M-26OCT050015-15,0.0350,0.01,no
2026-10-05T04:12:57.064953Z,KXBTC15M-26OCT050015-15,0.0340,56.75,no
2026-10-05T04:12:57.064953Z,KXBTC15M-26OCT050015-15,0.0340,1.00,no
2026-10-05T04:12:57.064953Z,KXBTC15M-26OCT050015-15,0.0320,10.00,no
2026-10-05T04:12:57.064953Z,KXBTC15M-26OCT050015-15,0.0350,0.01,no
2026-10-05T04:12:57.064953Z,KXBTC15M-26OCT050015-15,0.0350,4.00,no
2026-10-05T04:12:57.064953Z,KXBTC15M-26OCT050015-15,0.0320,2.00,no
2026-10-05T04:12:57.108772Z,KXBTC15M-26OCT050015-15,0.0340,50.00,no
2026-10-05T04:12:57.206239Z,KXBTC15M-26OCT050015-15,0.0350,0.78,yes
2026-10-05T04:12:57.234537Z,KXBTC15M-26OCT050015-15,0.0350,2.08,yes
2026-10-05T04:12:57.244223Z,KXBTC15M-26OCT050015-15,0.0350,67.14,yes
2026-10-05T04:12:57.244223Z,KXBTC15M-26OCT050015-15,0.0350,37.00,yes
2026-10-05T04:12:57.263465Z,KXBTC15M-26OCT050015-15,0.0340,400.00,no
2026-10-05T04:12:57.263465Z,KXBTC15M-26OCT050015-15,0.0340,0.01,no
2026-10-05T04:12:57.263465Z,KXBTC15M-26OCT050015-15,0.0340,1.00,no
2026-10-05T04:12:57.263465Z,KXBTC15M-26OCT050015-15,0.0340,100.00,no
2026-10-05T04:12:57.263465Z,KXBTC15M-26OCT050015-15,0.0340,28.74,no
2026-10-05T04:12:57.263465Z,KXBTC15M-26OCT050015-15,0.0340,0.01,no
2026-10-05T04:12:57.263465Z,KXBTC15M-26OCT050015-15,0.0340,264.14,no
2026-10-05T04:12:57.341537Z,KXBTC15M-26OCT050015-15,0.0340,5.16,no
2026-10-05T04:12:57.35289Z,KXBTC15M-26OCT050015-15,0.0350,26.02,yes
2026-10-05T04:12:57.382983Z,KXBTC15M-26OCT050015-15,0.0350,6.98,yes
2026-10-05T04:12:57.382983Z,KXBTC15M-26OCT050015-15,0.0350,4.74,yes
2026-10-05T04:12:57.404111Z,KXBTC15M-26OCT050015-15,0.0350,4.27,yes
2026-10-05T04:12:57.414898Z,KXBTC15M-26OCT050015-15,0.0350,48.20,yes
2026-10-05T04:12:57.44573Z,KXBTC15M-26OCT050015-15,0.0350,2.08,yes
2026-10-05T04:12:57.44657Z,KXBTC15M-26OCT050015-15,0.0340,82.05,no
2026-10-05T04:12:57.543136Z,KXBTC15M-26OCT050015-15,0.0340,144.86,no
2026-10-05T04:12:57.567076Z,KXBTC15M-26OCT050015-15,0.0350,25.39,yes
2026-10-05T04:12:57.567076Z,KXBTC15M-26OCT050015-15,0.0350,10.71,yes
2026-10-05T04:12:57.592815Z,KXBTC15M-26OCT050015-15,0.0350,5.28,yes
2026-10-05T04:12:57.61773Z,KXBTC15M-26OCT050015-15,0.0340,150.61,no
2026-10-05T04:12:57.627853Z,KXBTC15M-26OCT050015-15,0.0350,13.38,yes
2026-10-05T04:12:57.836588Z,KXBTC15M-26OCT050015-15,0.0350,10.83,yes
2026-10-05T04:12:57.836588Z,KXBTC15M-26OCT050015-15,0.0350,25.95,yes
2026-10-05T04:12:57.836588Z,KXBTC15M-26OCT050015-15,0.0350,70.00,yes
2026-10-05T04:12:57.944328Z,KXBTC15M-26OCT050015-15,0.0340,0.01,no
2026-10-05T04:12:57.944328Z,KXBTC15M-26OCT050015-15,0.0340,0.01,no
2026-10-05T04:12:57.944328Z,KXBTC15M-26OCT050015-15,0.0330,202.38,no
2026-10-05T04:12:57.969145Z,KXBTC15M-26OCT050015-15,0.0340,8.56,yes
2026-10-05T04:12:57.971456Z,KXBTC15M-26OCT050015-15,0.0340,4.23,yes
2026-10-05T04:12:57.987453Z,KXBTC15M-26OCT050015-15,0.0330,1.00,no
2026-10-05T04:12:58.007268Z,KXBTC15M-26OCT050015-15,0.0340,0.01,yes
2026-10-05T04:12:58.007268Z,KXBTC15M-26OCT050015-15,0.0340,0.01,yes
2026-10-05T04:12:58.018741Z,KXBTC15M-26OCT050015-15,0.0340,20.00,no
2026-10-05T04:12:58.018741Z,KXBTC15M-26OCT050015-15,0.0340,70.00,no
2026-10-05T04:12:58.070802Z,KXBTC15M-26OCT050015-15,0.0360,25.20,yes
2026-10-05T04:12:58.070802Z,KXBTC15M-26OCT050015-15,0.0350,0.01,yes
2026-10-05T04:12:58.070802Z,KXBTC15M-26OCT050015-15,0.0350,0.01,yes
2026-10-05T04:12:58.070802Z,KXBTC15M-26OCT050015-15,0.0360,1.00,yes
2026-10-05T04:12:58.167178Z,KXBTC15M-26OCT050015-15,0.0350,25.13,no
2026-10-05T04:12:58.214207Z,KXBTC15M-26OCT050015-15,0.0360,5.12,yes
2026-10-05T04:12:58.348002Z,KXBTC15M-26OCT050015-15,0.0360,0.92,yes
2026-10-05T04:12:58.349433Z,KXBTC15M-26OCT050015-15,0.0360,18.76,yes
2026-10-05T04:12:58.349433Z,KXBTC15M-26OCT050015-15,0.0360,6.92,yes
2026-10-05T04:12:58.403067Z,KXBTC15M-26OCT050015-15,0.0350,2.06,no
2026-10-05T04:12:58.494632Z,KXBTC15M-26OCT050015-15,0.0360,1.06,yes
2026-10-05T04:12:58.515405Z,KXBTC15M-26OCT050015-15,0.0360,92.02,yes
2026-10-05T04:12:58.515405Z,KXBTC15M-26OCT050015-15,0.0360,0.01,yes
2026-10-05T04:12:58.515405Z,KXBTC15M-26OCT050015-15,0.0380,7.96,yes
2026-10-05T04:12:58.515405Z,KXBTC15M-26OCT050015-15,0.0360,0.01,yes
2026-10-05T04:12:58.567993Z,KXBTC15M-26OCT050015-15,0.0380,0.01,yes
2026-10-05T04:12:58.567993Z,KXBTC15M-26OCT050015-15,0.0380,0.01,yes
2026-10-05T04:12:58.567993Z,KXBTC15M-26OCT050015-15,0.0390,11.00,yes
2026-10-05T04:12:58.567993Z,KXBTC15M-26OCT050015-15,0.0400,2.85,yes
2026-10-05T04:12:58.795104Z,KXBTC15M-26OCT050015-15,0.0370,13.80,no
2026-10-05T04:12:58.90267Z,KXBTC15M-26OCT050015-15,0.0380,7.13,yes
2026-10-05T04:12:58.926231Z,KXBTC15M-26OCT050015-15,0.0380,24.65,yes
2026-10-05T04:12:58.936974Z,KXBTC15M-26OCT050015-15,0.0380,0.01,yes
2026-10-05T04:12:58.936974Z,KXBTC15M-26OCT050015-15,0.0390,11.00,yes
2026-10-05T04:12:58.936974Z,KXBTC15M-26OCT050015-15,0.0380,0.01,yes
2026-10-05T04:12:58.936974Z,KXBTC15M-26OCT050015-15,0.0380,227.22,yes
2026-10-05T04:12:58.936974Z,KXBTC15M-26OCT050015-15,0.0400,997.15,yes
2026-10-05T04:12:58.936974Z,KXBTC15M-26OCT050015-15,0.0400,937.64,yes
2026-10-05T04:12:58.936974Z,KXBTC15M-26OCT050015-15,0.0400,90.00,yes
2026-10-05T04:12:58.936974Z,KXBTC15M-26OCT050015-15,0.0400,50.00,yes
2026-10-05T04:12:59.155115Z,KXBTC15M-26OCT050015-15,0.0380,0.01,no
2026-10-05T04:12:59.155115Z,KXBTC15M-26OCT050015-15,0.0380,0.01,no
2026-10-05T04:12:59.155115Z,KXBTC15M-26OCT050015-15,0.0380,1.32,no
2026-10-05T04:12:59.329329Z,KXBTC15M-26OCT050015-15,0.0400,2.00,yes
2026-10-05T04:12:59.329329Z,KXBTC15M-26OCT050015-15,0.0390,0.01,yes
2026-10-05T04:12:59.329329Z,KXBTC15M-26OCT050015-15,0.0400,22.52,yes
2026-10-05T04:12:59.329329Z,KXBTC15M-26OCT050015-15,0.0390,0.01,yes
2026-10-05T04:12:59.329329Z,KXBTC15M-26OCT050015-15,0.0400,2.00,yes
2026-10-05T04:12:59.329329Z,KXBTC15M-26OCT050015-15,0.0400,14.00,yes
2026-10-05T04:12:59.339529Z,KXBTC15M-26OCT050015-15,0.0380,310.72,no
2026-10-05T04:12:59.367712Z,KXBTC15M-26OCT050015-15,0.0400,0.01,yes
2026-10-05T04:12:59.367712Z,KXBTC15M-26OCT050015-15,0.0400,0.01,yes
2026-10-05T04:12:59.367712Z,KXBTC15M-26OCT050015-15,0.0400,196.00,yes
2026-10-05T04:12:59.367712Z,KXBTC15M-26OCT050015-15,0.0390,0.01,yes
2026-10-05T04:12:59.367712Z,KXBTC15M-26OCT050015-15,0.0410,2.00,yes
2026-10-05T04:12:59.367712Z,KXBTC15M-26OCT050015-15,0.0410,78.79,yes
2026-10-05T04:12:59.460752Z,KXBTC15M-26OCT050015-15,0.0380,4.00,no
2026-10-05T04:12:59.460752Z,KXBTC15M-26OCT050015-15,0.0380,1.18,no
2026-10-05T04:12:59.467429Z,KXBTC15M-26OCT050015-15,0.0380,76.20,no
2026-10-05T04:12:59.469042Z,KXBTC15M-26OCT050015-15,0.0400,0.01,yes
2026-10-05T04:12:59.540517Z,KXBTC15M-26OCT050015-15,0.0410,0.01,yes
2026-10-05T04:12:59.540517Z,KXBTC15M-26OCT050015-15,0.0410,16.00,yes
2026-10-05T04:12:59.540517Z,KXBTC15M-26OCT050015-15,0.0410,0.01,yes
2026-10-05T04:12:59.540517Z,KXBTC15M-26OCT050015-15,0.0410,71.21,yes
2026-10-05T04:12:59.540517Z,KXBTC15M-26OCT050015-15,0.0410,256.12,yes
2026-10-05T04:12:59.542142Z,KXBTC15M-26OCT050015-15,0.0410,22.74,yes
2026-10-05T04:12:59.558021Z,KXBTC15M-26OCT050015-15,0.0410,0.78,yes
2026-10-05T04:12:59.558021Z,KXBTC15M-26OCT050015-15,0.0410,0.01,yes
2026-10-05T04:12:59.560045Z,KXBTC15M-26OCT050015-15,0.0400,3.14,no
2026-10-05T04:12:59.596051Z,KXBTC15M-26OCT050015-15,0.0400,20.73,no
2026-10-05T04:12:59.659003Z,KXBTC15M-26OCT050015-15,0.0400,4.00,no
2026-10-05T04:12:59.713652Z,KXBTC15M-26OCT050015-15,0.0410,45.69,yes
2026-10-05T04:12:59.72143Z,KXBTC15M-26OCT050015-15,0.0400,42.13,no
2026-10-05T04:12:59.72143Z,KXBTC15M-26OCT050015-15,0.0400,12.96,no
2026-10-05T04:12:59.746786Z,KXBTC15M-26OCT050015-15,0.0410,68.65,yes
2026-10-05T04:12:59.774629Z,KXBTC15M-26OCT050015-15,0.0400,5.18,no
2026-10-05T04:12:59.784706Z,KXBTC15M-26OCT050015-15,0.0410,0.01,yes
2026-10-05T04:13:00.010156Z,KXBTC15M-26OCT050015-15,0.0410,0.48,no
2026-10-05T04:13:00.010156Z,KXBTC15M-26OCT050015-15,0.0410,0.01,no
2026-10-05T04:13:00.010156Z,KXBTC15M-26OCT050015-15,0.0410,0.01,no
2026-10-05T04:13:00.032553Z,KXBTC15M-26OCT050015-15,0.0410,16.01,no
2026-10-05T04:13:00.043344Z,KXBTC15M-26OCT050015-15,0.0420,44.79,yes
2026-10-05T04:13:00.089021Z,KXBTC15M-26OCT050015-15,0.0420,50.00,yes
2026-10-05T04:13:00.104956Z,KXBTC15M-26OCT050015-15,0.0410,93.48,no
2026-10-05T04:13:00.123623Z,KXBTC15M-26OCT050015-15,0.0410,1.00,no
2026-10-05T04:13:00.123623Z,KXBTC15M-26OCT050015-15,0.0410,0.01,no
2026-10-05T04:13:00.123623Z,KXBTC15M-26OCT050015-15,0.0410,0.01,no
2026-10-05T04:13:00.123623Z,KXBTC15M-26OCT050015-15,0.0410,55.03,no
2026-10-05T04:13:00.123623Z,KXBTC15M-26OCT050015-15,0.0380,65.95,no
2026-10-05T04:13:00.20901Z,KXBTC15M-26OCT050015-15,0.0400,14.00,yes
2026-10-05T04:13:00.20901Z,KXBTC15M-26OCT050015-15,0.0400,2.00,yes
2026-10-05T04:13:00.20921Z,KXBTC15M-26OCT050015-15,0.0410,5.35,yes
2026-10-05T04:13:00.222134Z,KXBTC15M-26OCT050015-15,0.0380,32.57,no
2026-10-05T04:13:00.235313Z,KXBTC15M-26OCT050015-15,0.0400,14.21,yes
2026-10-05T04:13:00.249085Z,KXBTC15M-26OCT050015-15,0.0400,1.87,yes
2026-10-05T04:13:00.249085Z,KXBTC15M-26OCT050015-15,0.0400,20.79,yes
2026-10-05T04:13:00.249085Z,KXBTC15M-26OCT050015-15,0.0400,0.01,yes
2026-10-05T04:13:00.249085Z,KXBTC15M-26OCT050015-15,0.0400,0.01,yes
2026-10-05T04:13:00.285062Z,KXBTC15M-26OCT050015-15,0.0390,22.94,no
2026-10-05T04:13:00.34057Z,KXBTC15M-26OCT050015-15,0.0390,500.00,no
2026-10-05T04:13:00.34057Z,KXBTC15M-26OCT050015-15,0.0390,0.01,no
2026-10-05T04:13:00.34057Z,KXBTC15M-26OCT050015-15,0.0390,4.00,no
2026-10-05T04:13:00.34057Z,KXBTC15M-26OCT050015-15,0.0390,0.01,no
2026-10-05T04:13:00.34057Z,KXBTC15M-26OCT050015-15,0.0390,154.58,no
2026-10-05T04:13:00.34057Z,KXBTC15M-26OCT050015-15,0.0380,1.91,no
2026-10-05T04:13:00.343792Z,KXBTC15M-26OCT050015-15,0.0410,2.85,yes
2026-10-05T04:13:00.387848Z,KXBTC15M-26OCT050015-15,0.0410,25.57,yes
2026-10-05T04:13:00.387848Z,KXBTC15M-26OCT050015-15,0.0410,2.00,yes
2026-10-05T04:13:00.387848Z,KXBTC15M-26OCT050015-15,0.0410,100.00,yes
2026-10-05T04:13:00.387848Z,KXBTC15M-26OCT050015-15,0.0410,0.01,yes
2026-10-05T04:13:00.387848Z,KXBTC15M-26OCT050015-15,0.0410,141.80,yes
2026-10-05T04:13:00.387848Z,KXBTC15M-26OCT050015-15,0.0410,0.01,yes
2026-10-05T04:13:00.387848Z,KXBTC15M-26OCT050015-15,0.0410,400.00,yes
2026-10-05T04:13:00.407156Z,KXBTC15M-26OCT050015-15,0.0390,0.01,no
2026-10-05T04:13:00.407156Z,KXBTC15M-26OCT050015-15,0.0390,0.01,no
2026-10-05T04:13:00.407156Z,KXBTC15M-26OCT050015-15,0.0380,3.98,no
2026-10-05T04:13:00.407587Z,KXBTC15M-26OCT050015-15,0.0410,2.23,yes
2026-10-05T04:13:00.463277Z,KXBTC15M-26OCT050015-15,0.0410,0.46,yes
2026-10-05T04:13:00.497713Z,KXBTC15M-26OCT050015-15,0.0380,0.01,no
2026-10-05T04:13:00.497713Z,KXBTC15M-26OCT050015-15,0.0380,178.00,no
2026-10-05T04:13:00.497713Z,KXBTC15M-26OCT050015-15,0.0380,4.00,no
2026-10-05T04:13:00.497713Z,KXBTC15M-26OCT050015-15,0.0380,100.00,no
2026-10-05T04:13:00.497713Z,KXBTC15M-26OCT050015-15,0.0380,339.76,no
2026-10-05T04:13:00.497713Z,KXBTC15M-26OCT050015-15,0.0380,0.01,no
2026-10-05T04:13:00.497713Z,KXBTC15M-26OCT050015-15,0.0380,400.00,no
2026-10-05T04:13:00.497713Z,KXBTC15M-26OCT050015-15,0.0380,10.00,no
2026-10-05T04:13:00.497713Z,KXBTC15M-26OCT050015-15,0.0380,4.17,no
2026-10-05T04:13:00.513968Z,KXBTC15M-26OCT050015-15,0.0380,31.06,no
2026-10-05T04:13:00.537097Z,KXBTC15M-26OCT050015-15,0.0400,2.00,yes
2026-10-05T04:13:00.579114Z,KXBTC15M-26OCT050015-15,0.0380,0.10,no
2026-10-05T04:13:00.606686Z,KXBTC15M-26OCT050015-15,0.0410,0.01,yes
2026-10-05T04:13:00.606686Z,KXBTC15M-26OCT050015-15,0.0390,0.01,yes
2026-10-05T04:13:00.606686Z,KXBTC15M-26OCT050015-15,0.0400,149.00,yes
2026-10-05T04:13:00.606686Z,KXBTC15M-26OCT050015-15,0.0420,66.22,yes
2026-10-05T04:13:00.606686Z,KXBTC15M-26OCT050015-15,0.0390,14.00,yes
2026-10-05T04:13:00.606686Z,KXBTC15M-26OCT050015-15,0.0410,0.01,yes
2026-10-05T04:13:00.606686Z,KXBTC15M-26OCT050015-15,0.0400,0.01,yes
2026-10-05T04:13:00.606686Z,KXBTC15M-26OCT050015-15,0.0400,0.01,yes
2026-10-05T04:13:00.630887Z,KXBTC15M-26OCT050015-15,0.0420,1.11,yes
2026-10-05T04:13:00.634062Z,KXBTC15M-26OCT050015-15,0.0390,10.42,no
2026-10-05T04:13:00.634272Z,KXBTC15M-26OCT050015-15,0.0390,9.87,no
2026-10-05T04:13:00.681127Z,KXBTC15M-26OCT050015-15,0.0420,0.12,yes
2026-10-05T04:13:00.723504Z,KXBTC15M-26OCT050015-15,0.0420,37.84,yes
2026-10-05T04:13:00.723504Z,KXBTC15M-26OCT050015-15,0.0420,37.55,yes
2026-10-05T04:13:00.723504Z,KXBTC15M-26OCT050015-15,0.0420,21.00,yes
2026-10-05T04:13:00.723504Z,KXBTC15M-26OCT050015-15,0.0420,14.00,yes
2026-10-05T04:13:00.801423Z,KXBTC15M-26OCT050015-15,0.0420,0.03,yes
2026-10-05T04:13:00.811332Z,KXBTC15M-26OCT050015-15,0.0420,0.02,yes
2026-10-05T04:13:00.812782Z,KXBTC15M-26OCT050015-15,0.0420,0.02,yes
2026-10-05T04:13:00.859647Z,KXBTC15M-26OCT050015-15,0.0410,10.00,no
2026-10-05T04:13:00.859647Z,KXBTC15M-26OCT050015-15,0.0410,165.00,no
2026-10-05T04:13:00.859647Z,KXBTC15M-26OCT050015-15,0.0410,4.00,no
2026-10-05T04:13:00.859647Z,KXBTC15M-26OCT050015-15,0.0410,500.00,no
2026-10-05T04:13:00.859647Z,KXBTC15M-26OCT050015-15,0.0410,0.01,no
2026-10-05T04:13:00.859647Z,KXBTC15M-26OCT050015-15,0.0410,0.01,no
2026-10-05T04:13:00.859647Z,KXBTC15M-26OCT050015-15,0.0410,320.98,no
2026-10-05T04:13:00.927139Z,KXBTC15M-26OCT050015-15,0.0430,0.01,yes
2026-10-05T04:13:00.946825Z,KXBTC15M-26OCT050015-15,0.0410,207.34,no
2026-10-05T04:13:00.972649Z,KXBTC15M-26OCT050015-15,0.0410,0.01,no
2026-10-05T04:13:00.972649Z,KXBTC15M-26OCT050015-15,0.0410,2.20,no
2026-10-05T04:13:00.972649Z,KXBTC15M-26OCT050015-15,0.0410,4.00,no
2026-10-05T04:13:00.972649Z,KXBTC15M-26OCT050015-15,0.0410,0.01,no
2026-10-05T04:13:01.017607Z,KXBTC15M-26OCT050015-15,0.0430,25.49,yes
2026-10-05T04:13:01.071122Z,KXBTC15M-26OCT050015-15,0.0430,10.92,yes
2026-10-05T04:13:01.103803Z,KXBTC15M-26OCT050015-15,0.0410,5.00,no
2026-10-05T04:13:01.170179Z,KXBTC15M-26OCT050015-15,0.0430,1.04,yes
2026-10-05T04:13:01.273352Z,KXBTC15M-26OCT050015-15,0.0410,100.00,no
2026-10-05T04:13:01.273352Z,KXBTC15M-26OCT050015-15,0.0410,400.00,no
2026-10-05T04:13:01.273352Z,KXBTC15M-26OCT050015-15,0.0410,5.00,no
2026-10-05T04:13:01.273352Z,KXBTC15M-26OCT050015-15,0.0410,0.01,no
2026-10-05T04:13:01.273352Z,KXBTC15M-26OCT050015-15,0.0410,2.20,no
2026-10-05T04:13:01.273352Z,KXBTC15M-26OCT050015-15,0.0410,2.80,no
2026-10-05T04:13:01.273352Z,KXBTC15M-26OCT050015-15,0.0400,2057.46,no
2026-10-05T04:13:01.273352Z,KXBTC15M-26OCT050015-15,0.0410,40.40,no
2026-10-05T04:13:01.273352Z,KXBTC15M-26OCT050015-15,0.0410,0.01,no
2026-10-05T04:13:01.273352Z,KXBTC15M-26OCT050015-15,0.0410,500.00,no
2026-10-05T04:13:01.361162Z,KXBTC15M-26OCT050015-15,0.0420,43.59,yes
2026-10-05T04:13:01.366511Z,KXBTC15M-26OCT050015-15,0.0410,18.98,no
2026-10-05T04:13:01.366511Z,KXBTC15M-26OCT050015-15,0.0410,0.01,no
2026-10-05T04:13:01.366511Z,KXBTC15M-26OCT050015-15,0.0410,0.01,no
2026-10-05T04:13:01.393795Z,KXBTC15M-26OCT050015-15,0.0410,2.00,no
2026-10-05T04:13:01.395461Z,KXBTC15M-26OCT050015-15,0.0420,4.46,yes
2026-10-05T04:13:01.428347Z,KXBTC15M-26OCT050015-15,0.0420,65.79,yes
2026-10-05T04:13:01.442762Z,KXBTC15M-26OCT050015-15,0.0420,111.52,yes
2026-10-05T04:13:01.45585Z,KXBTC15M-26OCT050015-15,0.0410,10.91,no
2026-10-05T04:13:01.515948Z,KXBTC15M-26OCT050015-15,0.0410,105.01,no
2026-10-05T04:13:01.520472Z,KXBTC15M-26OCT050015-15,0.0410,15.01,no
2026-10-05T04:13:01.524387Z,KXBTC15M-26OCT050015-15,0.0410,0.82,no
2026-10-05T04:13:01.654775Z,KXBTC15M-26OCT050015-15,0.0410,0.01,no
2026-10-05T04:13:01.654775Z,KXBTC15M-26OCT050015-15,0.0410,67.98,no
2026-10-05T04:13:01.654775Z,KXBTC15M-26OCT050015-15,0.0410,0.01,no
2026-10-05T04:13:01.697923Z,KXBTC15M-26OCT050015-15,0.0420,21.57,yes
2026-10-05T04:13:01.69821Z,KXBTC15M-26OCT050015-15,0.0410,15.90,no
2026-10-05T04:13:01.758073Z,KXBTC15M-26OCT050015-15,0.0330,10.00,no
2026-10-05T04:13:01.758073Z,KXBTC15M-26OCT050015-15,0.0300,43.99,no
2026-10-05T04:13:01.758073Z,KXBTC15M-26OCT050015-15,0.0380,10.00,no
2026-10-05T04:13:01.758073Z,KXBTC15M-26OCT050015-15,0.0300,14.18,no
2026-10-05T04:13:01.758073Z,KXBTC15M-26OCT050015-15,0.0370,28.00,no
2026-10-05T04:13:01.758073Z,KXBTC15M-26OCT050015-15,0.0350,2.00,no
2026-10-05T04:13:01.758073Z,KXBTC15M-26OCT050015-15,0.0390,5.00,no
2026-10-05T04:13:01.758073Z,KXBTC15M-26OCT050015-15,0.0410,384.10,no
2026-10-05T04:13:01.758073Z,KXBTC15M-26OCT050015-15,0.0410,100.00,no
2026-10-05T04:13:01.758073Z,KXBTC15M-26OCT050015-15,0.0360,2.00,no
2026-10-05T04:13:01.758073Z,KXBTC15M-26OCT050015-15,0.0410,0.01,no
2026-10-05T04:13:01.758073Z,KXBTC15M-26OCT050015-15,0.0370,150.00,no
2026-10-05T04:13:01.758073Z,KXBTC15M-26OCT050015-15,0.0310,500.00,no
2026-10-05T04:13:01.758073Z,KXBTC15M-26OCT050015-15,0.0330,10.00,no
2026-10-05T04:13:01.758073Z,KXBTC15M-26OCT050015-15,0.0320,211.00,no
2026-10-05T04:13:01.758073Z,KXBTC15M-26OCT050015-15,0.0410,0.01,no
2026-10-05T04:13:01.758073Z,KXBTC15M-26OCT050015-15,0.0300,10.00,no
2026-10-05T04:13:01.758073Z,KXBTC15M-26OCT050015-15,0.0390,17.00,no
2026-10-05T04:13:01.758073Z,KXBTC15M-26OCT050015-15,0.0350,64.00,no
2026-10-05T04:13:01.758073Z,KXBTC15M-26OCT050015-15,0.0360,2.00,no
2026-10-05T04:13:01.758073Z,KXBTC15M-26OCT050015-15,0.0320,211.00,no
2026-10-05T04:13:01.758073Z,KXBTC15M-26OCT050015-15,0.0380,2.00,no
2026-10-05T04:13:01.758073Z,KXBTC15M-26OCT050015-15,0.0370,2.00,no
2026-10-05T04:13:01.758073Z,KXBTC15M-26OCT050015-15,0.0350,64.00,no
2026-10-05T04:13:01.758073Z,KXBTC15M-26OCT050015-15,0.0390,10.00,no
2026-10-05T04:13:01.758073Z,KXBTC15M-26OCT050015-15,0.0370,2.00,no
2026-10-05T04:13:01.758073Z,KXBTC15M-26OCT050015-15,0.0300,93.75,no
2026-10-05T04:13:01.758073Z,KXBTC15M-26OCT050015-15,0.0300,93.75,no
2026-10-05T04:13:01.758073Z,KXBTC15M-26OCT050015-15,0.0300,15.00,no
2026-10-05T04:13:01.758073Z,KXBTC15M-26OCT050015-15,0.0360,100.00,no
2026-10-05T04:13:01.758073Z,KXBTC15M-26OCT050015-15,0.0300,15.00,no
2026-10-05T04:13:01.758073Z,KXBTC15M-26OCT050015-15,0.0300,64.00,no
2026-10-05T04:13:01.758073Z,KXBTC15M-26OCT050015-15,0.0300,64.00,no
2026-10-05T04:13:01.758073Z,KXBTC15M-26OCT050015-15,0.0300,1104.75,no
2026-10-05T04:13:01.758073Z,KXBTC15M-26OCT050015-15,0.0310,2.00,no
2026-10-05T04:13:01.758073Z,KXBTC15M-26OCT050015-15,0.0320,10.00,no
2026-10-05T04:13:01.758073Z,KXBTC15M-26OCT050015-15,0.0310,766.29,no
2026-10-05T04:13:01.758073Z,KXBTC15M-26OCT050015-15,0.0300,18.72,no
2026-10-05T04:13:01.758073Z,KXBTC15M-26OCT050015-15,0.0300,25.00,no
2026-10-05T04:13:01.758073Z,KXBTC15M-26OCT050015-15,0.0300,200.00,no
2026-10-05T04:13:01.805112Z,KXBTC15M-26OCT050015-15,0.0350,711.00,yes
2026-10-05T04:13:01.941621Z,KXBTC15M-26OCT050015-15,0.0340,1.30,no
2026-10-05T04:13:01.941621Z,KXBTC15M-26OCT050015-15,0.0340,100.00,no
2026-10-05T04:13:01.941621Z,KXBTC15M-26OCT050015-15,0.0340,0.01,no
2026-10-05T04:13:01.941621Z,KXBTC15M-26OCT050015-15,0.0340,14.15,no
2026-10-05T04:13:01.941621Z,KXBTC15M-26OCT050015-15,0.0340,17.00,no
2026-10-05T04:13:01.941621Z,KXBTC15M-26OCT050015-15,0.0340,0.01,no
2026-10-05T04:13:01.941621Z,KXBTC15M-26OCT050015-15,0.0340,1.34,no
2026-10-05T04:13:01.961921Z,KXBTC15M-26OCT050015-15,0.0350,5.59,yes
2026-10-05T04:13:01.979051Z,KXBTC15M-26OCT050015-15,0.0350,257.68,yes
2026-10-05T04:13:01.998831Z,KXBTC15M-26OCT050015-15,0.0350,267.75,yes
2026-10-05T04:13:02.007087Z,KXBTC15M-26OCT050015-15,0.0340,38.00,no
2026-10-05T04:13:02.134901Z,KXBTC15M-26OCT050015-15,0.0350,11.15,yes
2026-10-05T04:13:02.144421Z,KXBTC15M-26OCT050015-15,0.0350,111.56,yes
2026-10-05T04:13:02.189628Z,KXBTC15M-26OCT050015-15,0.0360,15.61,yes
2026-10-05T04:13:02.189628Z,KXBTC15M-26OCT050015-15,0.0350,0.01,yes
2026-10-05T04:13:02.189628Z,KXBTC15M-26OCT050015-15,0.0350,0.01,yes
2026-10-05T04:13:02.199194Z,KXBTC15M-26OCT050015-15,0.0350,150.00,no
2026-10-05T04:13:02.199194Z,KXBTC15M-26OCT050015-15,0.0350,0.01,no
2026-10-05T04:13:02.199194Z,KXBTC15M-26OCT050015-15,0.0350,53.78,no
2026-10-05T04:13:02.221713Z,KXBTC15M-26OCT050015-15,0.0360,22.14,yes
2026-10-05T04:13:02.223505Z,KXBTC15M-26OCT050015-15,0.0350,8.00,no
2026-10-05T04:13:02.256926Z,KXBTC15M-26OCT050015-15,0.0360,5.16,yes
2026-10-05T04:13:02.328111Z,KXBTC15M-26OCT050015-15,0.0350,11.74,no
2026-10-05T04:13:02.343694Z,KXBTC15M-26OCT050015-15,0.0350,112.56,no
2026-10-05T04:13:02.343694Z,KXBTC15M-26OCT050015-15,0.0350,426.48,no
2026-10-05T04:13:02.462943Z,KXBTC15M-26OCT050015-15,0.0360,5.13,yes
2026-10-05T04:13:02.569261Z,KXBTC15M-26OCT050015-15,0.0350,32.32,no
2026-10-05T04:13:02.569261Z,KXBTC15M-26OCT050015-15,0.0350,19.31,no
2026-10-05T04:13:02.575596Z,KXBTC15M-26OCT050015-15,0.0360,49.00,yes
2026-10-05T04:13:02.575596Z,KXBTC15M-26OCT050015-15,0.0360,5.00,yes
2026-10-05T04:13:02.575596Z,KXBTC15M-26OCT050015-15,0.0360,0.01,yes
2026-10-05T04:13:02.575596Z,KXBTC15M-26OCT050015-15,0.0360,500.00,yes
2026-10-05T04:13:02.575596Z,KXBTC15M-26OCT050015-15,0.0360,15.00,yes
2026-10-05T04:13:02.575596Z,KXBTC15M-26OCT050015-15,0.0360,0.01,yes
2026-10-05T04:13:02.575596Z,KXBTC15M-26OCT050015-15,0.0360,133.00,yes
2026-10-05T04:13:02.575596Z,KXBTC15M-26OCT050015-15,0.0360,84.96,yes
2026-10-05T04:13:02.575596Z,KXBTC15M-26OCT050015-15,0.0360,7.00,yes
2026-10-05T04:13:02.654644Z,KXBTC15M-26OCT050015-15,0.0360,0.01,no
2026-10-05T04:13:02.654644Z,KXBTC15M-26OCT050015-15,0.0370,10.00,no
2026-10-05T04:13:02.654644Z,KXBTC15M-26OCT050015-15,0.0370,0.01,no
2026-10-05T04:13:02.654644Z,KXBTC15M-26OCT050015-15,0.0350,0.01,no
2026-10-05T04:13:02.654644Z,KXBTC15M-26OCT050015-15,0.0360,25.86,no
2026-10-05T04:13:02.654644Z,KXBTC15M-26OCT050015-15,0.0360,150.00,no
2026-10-05T04:13:02.654644Z,KXBTC15M-26OCT050015-15,0.0360,455.25,no
2026-10-05T04:13:02.654644Z,KXBTC15M-26OCT050015-15,0.0370,400.00,no
2026-10-05T04:13:02.654644Z,KXBTC15M-26OCT050015-15,0.0350,0.01,no
2026-10-05T04:13:02.654644Z,KXBTC15M-26OCT050015-15,0.0360,0.01,no
2026-10-05T04:13:02.654644Z,KXBTC15M-26OCT050015-15,0.0370,100.00,no
2026-10-05T04:13:02.654644Z,KXBTC15M-26OCT050015-15,0.0360,17.00,no
2026-10-05T04:13:02.654644Z,KXBTC15M-26OCT050015-15,0.0350,210.34,no
2026-10-05T04:13:02.654644Z,KXBTC15M-26OCT050015-15,0.0370,17.00,no
2026-10-05T04:13:02.654644Z,KXBTC15M-26OCT050015-15,0.0370,0.01,no
2026-10-05T04:13:02.722071Z,KXBTC15M-26OCT050015-15,0.0370,10.00,no
2026-10-05T04:13:02.722071Z,KXBTC15M-26OCT050015-15,0.0370,0.01,no
2026-10-05T04:13:02.722071Z,KXBTC15M-26OCT050015-15,0.0370,0.01,no
2026-10-05T04:13:02.722071Z,KXBTC15M-26OCT050015-15,0.0370,175.91,no
2026-10-05T04:13:02.833963Z,KXBTC15M-26OCT050015-15,0.0380,0.01,yes
2026-10-05T04:13:02.833963Z,KXBTC15M-26OCT050015-15,0.0380,0.01,yes
2026-10-05T04:13:02.833963Z,KXBTC15M-26OCT050015-15,0.0390,10.45,yes
2026-10-05T04:13:02.842019Z,KXBTC15M-26OCT050015-15,0.0390,31.27,yes
2026-10-05T04:13:02.99151Z,KXBTC15M-26OCT050015-15,0.0380,0.01,yes
2026-10-05T04:13:02.99151Z,KXBTC15M-26OCT050015-15,0.0380,0.01,yes
2026-10-05T04:13:02.99151Z,KXBTC15M-26OCT050015-15,0.0380,72.16,yes
2026-10-05T04:13:02.99151Z,KXBTC15M-26OCT050015-15,0.0380,14.00,yes
2026-10-05T04:13:02.993135Z,KXBTC15M-26OCT050015-15,0.0380,119.90,yes
2026-10-05T04:13:03.027914Z,KXBTC15M-26OCT050015-15,0.0380,0.01,yes
2026-10-05T04:13:03.027914Z,KXBTC15M-26OCT050015-15,0.0380,0.01,yes
2026-10-05T04:13:03.027914Z,KXBTC15M-26OCT050015-15,0.0390,2.16,yes
2026-10-05T04:13:03.05141Z,KXBTC15M-26OCT050015-15,0.0380,0.01,yes
2026-10-05T04:13:03.05141Z,KXBTC15M-26OCT050015-15,0.0380,0.01,yes
2026-10-05T04:13:03.05141Z,KXBTC15M-26OCT050015-15,0.0380,119.88,yes
2026-10-05T04:13:03.10664Z,KXBTC15M-26OCT050015-15,0.0370,310.72,no
2026-10-05T04:13:03.119316Z,KXBTC15M-26OCT050015-15,0.0380,11.00,yes
2026-10-05T04:13:03.119316Z,KXBTC15M-26OCT050015-15,0.0380,0.01,yes
2026-10-05T04:13:03.119316Z,KXBTC15M-26OCT050015-15,0.0380,0.01,yes
2026-10-05T04:13:03.119316Z,KXBTC15M-26OCT050015-15,0.0390,12.78,yes
2026-10-05T04:13:03.188845Z,KXBTC15M-26OCT050015-15,0.0370,8.70,no
2026-10-05T04:13:03.188845Z,KXBTC15M-26OCT050015-15,0.0370,0.01,no
2026-10-05T04:13:03.188845Z,KXBTC15M-26OCT050015-15,0.0370,100.00,no
2026-10-05T04:13:03.188845Z,KXBTC15M-26OCT050015-15,0.0370,89.28,no
2026-10-05T04:13:03.188845Z,KXBTC15M-26OCT050015-15,0.0370,0.01,no
2026-10-05T04:13:03.248841Z,KXBTC15M-26OCT050015-15,0.0390,59.01,yes
2026-10-05T04:13:03.290907Z,KXBTC15M-26OCT050015-15,0.0390,23.74,yes
2026-10-05T04:13:03.291328Z,KXBTC15M-26OCT050015-15,0.0370,100.00,no
2026-10-05T04:13:03.291328Z,KXBTC15M-26OCT050015-15,0.0370,1.63,no
2026-10-05T04:13:03.291328Z,KXBTC15M-26OCT050015-15,0.0370,0.01,no
2026-10-05T04:13:03.291328Z,KXBTC15M-26OCT050015-15,0.0370,0.01,no
2026-10-05T04:13:03.291328Z,KXBTC15M-26OCT050015-15,0.0370,11.99,no
2026-10-05T04:13:03.379142Z,KXBTC15M-26OCT050015-15,0.0390,24.23,yes
2026-10-05T04:13:03.403881Z,KXBTC15M-26OCT050015-15,0.0370,0.01,no
2026-10-05T04:13:03.403881Z,KXBTC15M-26OCT050015-15,0.0370,100.00,no
2026-10-05T04:13:03.403881Z,KXBTC15M-26OCT050015-15,0.0370,43.94,no
2026-10-05T04:13:03.403881Z,KXBTC15M-26OCT050015-15,0.0370,0.01,no
2026-10-05T04:13:03.410201Z,KXBTC15M-26OCT050015-15,0.0370,23.48,no
2026-10-05T04:13:03.439575Z,KXBTC15M-26OCT050015-15,0.0390,44.62,yes
2026-10-05T04:13:03.447661Z,KXBTC15M-26OCT050015-15,0.0370,0.01,no
2026-10-05T04:13:03.447661Z,KXBTC15M-26OCT050015-15,0.0370,0.01,no
2026-10-05T04:13:03.447661Z,KXBTC15M-26OCT050015-15,0.0370,2.05,no
2026-10-05T04:13:03.479381Z,KXBTC15M-26OCT050015-15,0.0370,128.39,no
2026-10-05T04:13:03.58367Z,KXBTC15M-26OCT050015-15,0.0370,103.37,no
2026-10-05T04:13:03.586251Z,KXBTC15M-26OCT050015-15,0.0370,10.00,no
2026-10-05T04:13:03.646341Z,KXBTC15M-26OCT050015-15,0.0390,5.41,yes
2026-10-05T04:13:03.655358Z,KXBTC15M-26OCT050015-15,0.0390,471.08,yes
2026-10-05T04:13:03.706739Z,KXBTC15M-26OCT050015-15,0.0390,26.38,yes
2026-10-05T04:13:03.767577Z,KXBTC15M-26OCT050015-15,0.0370,0.01,no
2026-10-05T04:13:03.767577Z,KXBTC15M-26OCT050015-15,0.0370,10.00,no
2026-10-05T04:13:03.767577Z,KXBTC15M-26OCT050015-15,0.0370,158.24,no
2026-10-05T04:13:03.767577Z,KXBTC15M-26OCT050015-15,0.0370,0.01,no
2026-10-05T04:13:03.767577Z,KXBTC15M-26OCT050015-15,0.0370,100.00,no
2026-10-05T04:13:03.818131Z,KXBTC15M-26OCT050015-15,0.0370,72.07,yes
2026-10-05T04:13:03.846834Z,KXBTC15M-26OCT050015-15,0.0370,33.62,yes
2026-10-05T04:13:03.846834Z,KXBTC15M-26OCT050015-15,0.0370,0.01,yes
2026-10-05T04:13:03.846834Z,KXBTC15M-26OCT050015-15,0.0370,77.93,yes
2026-10-05T04:13:03.849657Z,KXBTC15M-26OCT050015-15,0.0360,3.10,no
2026-10-05T04:13:03.86348Z,KXBTC15M-26OCT050015-15,0.0370,176.72,yes
2026-10-05T04:13:03.86348Z,KXBTC15M-26OCT050015-15,0.0370,0.01,yes
2026-10-05T04:13:03.86348Z,KXBTC15M-26OCT050015-15,0.0370,2.85,yes
2026-10-05T04:13:03.86932Z,KXBTC15M-26OCT050015-15,0.0370,0.20,yes
2026-10-05T04:13:03.879622Z,KXBTC15M-26OCT050015-15,0.0370,196.95,yes
2026-10-05T04:13:03.879622Z,KXBTC15M-26OCT050015-15,0.0370,93.70,yes
2026-10-05T04:13:04.137513Z,KXBTC15M-26OCT050015-15,0.0370,96.09,yes
2026-10-05T04:13:04.170734Z,KXBTC15M-26OCT050015-15,0.0370,120.12,yes
2026-10-05T04:13:04.306375Z,KXBTC15M-26OCT050015-15,0.0370,0.01,yes
2026-10-05T04:13:04.306375Z,KXBTC15M-26OCT050015-15,0.0370,2.13,yes
2026-10-05T04:13:04.306375Z,KXBTC15M-26OCT050015-15,0.0370,0.01,yes
2026-10-05T04:13:04.348536Z,KXBTC15M-26OCT050015-15,0.0370,25.32,yes
2026-10-05T04:13:04.375073Z,KXBTC15M-26OCT050015-15,0.0380,70.00,yes
2026-10-05T04:13:04.375073Z,KXBTC15M-26OCT050015-15,0.0370,49.00,yes
2026-10-05T04:13:04.375073Z,KXBTC15M-26OCT050015-15,0.0370,0.01,yes
2026-10-05T04:13:04.375073Z,KXBTC15M-26OCT050015-15,0.0370,0.01,yes
2026-10-05T04:13:04.375073Z,KXBTC15M-26OCT050015-15,0.0380,7.00,yes
2026-10-05T04:13:04.375073Z,KXBTC15M-26OCT050015-15,0.0370,93.68,yes
2026-10-05T04:13:04.375073Z,KXBTC15M-26OCT050015-15,0.0390,109.10,yes
2026-10-05T04:13:04.394313Z,KXBTC15M-26OCT050015-15,0.0360,11.95,no
2026-10-05T04:13:04.394313Z,KXBTC15M-26OCT050015-15,0.0360,0.01,no
2026-10-05T04:13:04.394313Z,KXBTC15M-26OCT050015-15,0.0360,13.90,no
2026-10-05T04:13:04.444854Z,KXBTC15M-26OCT050015-15,0.0360,0.01,no
2026-10-05T04:13:04.570758Z,KXBTC15M-26OCT050015-15,0.0390,7.00,yes
2026-10-05T04:13:04.570758Z,KXBTC15M-26OCT050015-15,0.0410,10.00,yes
2026-10-05T04:13:04.570758Z,KXBTC15M-26OCT050015-15,0.0410,28.00,yes
2026-10-05T04:13:04.570758Z,KXBTC15M-26OCT050015-15,0.0370,0.01,yes
2026-10-05T04:13:04.570758Z,KXBTC15M-26OCT050015-15,0.0370,0.01,yes
2026-10-05T04:13:04.570758Z,KXBTC15M-26OCT050015-15,0.0400,200.00,yes
2026-10-05T04:13:04.570758Z,KXBTC15M-26OCT050015-15,0.0410,7.00,yes
2026-10-05T04:13:04.570758Z,KXBTC15M-26OCT050015-15,0.0390,200.00,yes
2026-10-05T04:13:04.570758Z,KXBTC15M-26OCT050015-15,0.0390,2.00,yes
2026-10-05T04:13:04.570758Z,KXBTC15M-26OCT050015-15,0.0410,119.00,yes
2026-10-05T04:13:04.570758Z,KXBTC15M-26OCT050015-15,0.0400,2.00,yes
2026-10-05T04:13:04.570758Z,KXBTC15M-26OCT050015-15,0.0400,170.00,yes
2026-10-05T04:13:04.570758Z,KXBTC15M-26OCT050015-15,0.0400,10.00,yes
2026-10-05T04:13:04.570758Z,KXBTC15M-26OCT050015-15,0.0410,14.00,yes
2026-10-05T04:13:04.570758Z,KXBTC15M-26OCT050015-15,0.0410,2.00,yes
2026-10-05T04:13:04.570758Z,KXBTC15M-26OCT050015-15,0.0400,2.00,yes
2026-10-05T04:13:04.570758Z,KXBTC15M-26OCT050015-15,0.0410,2.00,yes
2026-10-05T04:13:04.570758Z,KXBTC15M-26OCT050015-15,0.0420,166.46,yes
2026-10-05T04:13:04.570758Z,KXBTC15M-26OCT050015-15,0.0390,226.77,yes
2026-10-05T04:13:04.570758Z,KXBTC15M-26OCT050015-15,0.0410,15.00,yes
2026-10-05T04:13:04.578685Z,KXBTC15M-26OCT050015-15,0.0370,0.01,yes
2026-10-05T04:13:04.578685Z,KXBTC15M-26OCT050015-15,0.0390,100.00,yes
2026-10-05T04:13:04.578685Z,KXBTC15M-26OCT050015-15,0.0370,0.01,yes
2026-10-05T04:13:04.602464Z,KXBTC15M-26OCT050015-15,0.0400,42.00,yes
2026-10-05T04:13:04.602464Z,KXBTC15M-26OCT050015-15,0.0400,0.01,yes
2026-10-05T04:13:04.602464Z,KXBTC15M-26OCT050015-15,0.0400,1.00,yes
2026-10-05T04:13:04.629411Z,KXBTC15M-26OCT050015-15,0.0400,20.00,yes
2026-10-05T04:13:04.662462Z,KXBTC15M-26OCT050015-15,0.0400,400.00,yes
2026-10-05T04:13:04.662462Z,KXBTC15M-26OCT050015-15,0.0400,38.00,yes
2026-10-05T04:13:04.662462Z,KXBTC15M-26OCT050015-15,0.0400,0.01,yes
2026-10-05T04:13:04.662462Z,KXBTC15M-26OCT050015-15,0.0400,0.01,yes
2026-10-05T04:13:04.671918Z,KXBTC15M-26OCT050015-15,0.0380,1.57,no
2026-10-05T04:13:04.737533Z,KXBTC15M-26OCT050015-15,0.0410,0.01,yes
2026-10-05T04:13:04.737533Z,KXBTC15M-26OCT050015-15,0.0410,0.01,yes
2026-10-05T04:13:04.737533Z,KXBTC15M-26OCT050015-15,0.0400,0.01,yes
2026-10-05T04:13:04.737533Z,KXBTC15M-26OCT050015-15,0.0430,12.96,yes
2026-10-05T04:13:04.737533Z,KXBTC15M-26OCT050015-15,0.0400,0.01,yes
2026-10-05T04:13:04.737533Z,KXBTC15M-26OCT050015-15,0.0430,7.00,yes
2026-10-05T04:13:04.87344Z,KXBTC15M-26OCT050015-15,0.0390,0.01,no
2026-10-05T04:13:04.87344Z,KXBTC15M-26OCT050015-15,0.0390,136.98,no
2026-10-05T04:13:04.87344Z,KXBTC15M-26OCT050015-15,0.0390,0.01,no
2026-10-05T04:13:04.87344Z,KXBTC15M-26OCT050015-15,0.0390,173.42,no
2026-10-05T04:13:04.970126Z,KXBTC15M-26OCT050015-15,0.0380,0.49,yes
2026-10-05T04:13:04.970531Z,KXBTC15M-26OCT050015-15,0.0380,119.90,yes
2026-10-05T04:13:05.041901Z,KXBTC15M-26OCT050015-15,0.0410,21.00,yes
2026-10-05T04:13:05.041901Z,KXBTC15M-26OCT050015-15,0.0420,92.00,yes
2026-10-05T04:13:05.041901Z,KXBTC15M-26OCT050015-15,0.0380,0.01,yes
2026-10-05T04:13:05.041901Z,KXBTC15M-26OCT050015-15,0.0410,1.00,yes
2026-10-05T04:13:05.041901Z,KXBTC15M-26OCT050015-15,0.0380,0.01,yes
2026-10-05T04:13:05.041901Z,KXBTC15M-26OCT050015-15,0.0380,29.61,yes
2026-10-05T04:13:05.041901Z,KXBTC15M-26OCT050015-15,0.0420,16.00,yes
2026-10-05T04:13:05.140733Z,KXBTC15M-26OCT050015-15,0.0380,0.01,yes
2026-10-05T04:13:05.140733Z,KXBTC15M-26OCT050015-15,0.0380,66.67,yes
2026-10-05T04:13:05.176161Z,KXBTC15M-26OCT050015-15,0.0380,23.80,yes
2026-10-05T04:13:05.198923Z,KXBTC15M-26OCT050015-15,0.0380,59.53,yes
2026-10-05T04:13:05.198923Z,KXBTC15M-26OCT050015-15,0.0380,0.01,yes
2026-10-05T04:13:05.198923Z,KXBTC15M-26OCT050015-15,0.0420,5.63,yes
2026-10-05T04:13:05.234472Z,KXBTC15M-26OCT050015-15,0.0410,1.00,yes
2026-10-05T04:13:05.234472Z,KXBTC15M-26OCT050015-15,0.0410,100.00,yes
2026-10-05T04:13:05.234472Z,KXBTC15M-26OCT050015-15,0.0410,149.67,yes
2026-10-05T04:13:05.308266Z,KXBTC15M-26OCT050015-15,0.0370,0.01,no
2026-10-05T04:13:05.308266Z,KXBTC15M-26OCT050015-15,0.0370,100.00,no
2026-10-05T04:13:05.308266Z,KXBTC15M-26OCT050015-15,0.0370,0.01,no
2026-10-05T04:13:05.308266Z,KXBTC15M-26OCT050015-15,0.0370,149.98,no
2026-10-05T04:13:05.406609Z,KXBTC15M-26OCT050015-15,0.0350,4.97,no
2026-10-05T04:13:05.406609Z,KXBTC15M-26OCT050015-15,0.0400,0.37,no
2026-10-05T04:13:05.406609Z,KXBTC15M-26OCT050015-15,0.0400,0.01,no
2026-10-05T04:13:05.406609Z,KXBTC15M-26OCT050015-15,0.0400,0.01,no
2026-10-05T04:13:05.406609Z,KXBTC15M-26OCT050015-15,0.0370,0.01,no
2026-10-05T04:13:05.406609Z,KXBTC15M-26OCT050015-15,0.0400,4.83,no
2026-10-05T04:13:05.406609Z,KXBTC15M-26OCT050015-15,0.0370,0.01,no
2026-10-05T04:13:05.458771Z,KXBTC15M-26OCT050015-15,0.0370,24.63,yes
2026-10-05T04:13:05.458771Z,KXBTC15M-26OCT050015-15,0.0370,0.01,yes
2026-10-05T04:13:05.458771Z,KXBTC15M-26OCT050015-15,0.0370,0.01,yes
2026-10-05T04:13:05.46063Z,KXBTC15M-26OCT050015-15,0.0370,110.27,yes
2026-10-05T04:13:05.484204Z,KXBTC15M-26OCT050015-15,0.0370,0.01,yes
2026-10-05T04:13:05.484204Z,KXBTC15M-26OCT050015-15,0.0420,13.37,yes
2026-10-05T04:13:05.484204Z,KXBTC15M-26OCT050015-15,0.0420,119.95,yes
2026-10-05T04:13:05.484204Z,KXBTC15M-26OCT050015-15,0.0400,0.01,yes
2026-10-05T04:13:05.484204Z,KXBTC15M-26OCT050015-15,0.0410,200.00,yes
2026-10-05T04:13:05.484204Z,KXBTC15M-26OCT050015-15,0.0400,0.01,yes
2026-10-05T04:13:05.484204Z,KXBTC15M-26OCT050015-15,0.0370,0.01,yes
2026-10-05T04:13:05.550333Z,KXBTC15M-26OCT050015-15,0.0370,103.57,no
2026-10-05T04:13:05.600077Z,KXBTC15M-26OCT050015-15,0.0370,4.91,no
2026-10-05T04:13:05.609758Z,KXBTC15M-26OCT050015-15,0.0370,2.99,no
2026-10-05T04:13:05.623813Z,KXBTC15M-26OCT050015-15,0.0420,2.41,yes
2026-10-05T04:13:05.644716Z,KXBTC15M-26OCT050015-15,0.0380,47.06,yes
2026-10-05T04:13:05.677933Z,KXBTC15M-26OCT050015-15,0.0380,3.96,yes
2026-10-05T04:13:05.749569Z,KXBTC15M-26OCT050015-15,0.0430,4.99,yes
2026-10-05T04:13:05.749569Z,KXBTC15M-26OCT050015-15,0.0430,35.00,yes
2026-10-05T04:13:05.749569Z,KXBTC15M-26OCT050015-15,0.0380,98.98,yes
2026-10-05T04:13:05.749569Z,KXBTC15M-26OCT050015-15,0.0420,10.00,yes
2026-10-05T04:13:05.749569Z,KXBTC15M-26OCT050015-15,0.0430,2.00,yes
2026-10-05T04:13:05.749569Z,KXBTC15M-26OCT050015-15,0.0430,2.00,yes
2026-10-05T04:13:05.807198Z,KXBTC15M-26OCT050015-15,0.0390,24.15,yes
2026-10-05T04:13:05.836395Z,KXBTC15M-26OCT050015-15,0.0420,2.25,yes
2026-10-05T04:13:05.870592Z,KXBTC15M-26OCT050015-15,0.0420,237.96,yes
2026-10-05T04:13:05.870592Z,KXBTC15M-26OCT050015-15,0.0420,7.75,yes
2026-10-05T04:13:05.870592Z,KXBTC15M-26OCT050015-15,0.0420,100.00,yes
2026-10-05T04:13:05.870592Z,KXBTC15M-26OCT050015-15,0.0430,13.01,yes
2026-10-05T04:13:05.870592Z,KXBTC15M-26OCT050015-15,0.0430,161.00,yes
2026-10-05T04:13:05.870592Z,KXBTC15M-26OCT050015-15,0.0420,400.00,yes
2026-10-05T04:13:05.870592Z,KXBTC15M-26OCT050015-15,0.0430,175.23,yes
2026-10-05T04:13:05.870592Z,KXBTC15M-26OCT050015-15,0.0420,2.25,yes
2026-10-05T04:13:05.904036Z,KXBTC15M-26OCT050015-15,0.0430,33.72,yes
2026-10-05T04:13:05.904036Z,KXBTC15M-26OCT050015-15,0.0430,10.00,yes
2026-10-05T04:13:05.939825Z,KXBTC15M-26OCT050015-15,0.0430,10.00,yes
2026-10-05T04:13:05.939825Z,KXBTC15M-26OCT050015-15,0.0430,60.28,yes
2026-10-05T04:13:06.015088Z,KXBTC15M-26OCT050015-15,0.0390,1.03,no
2026-10-05T04:13:06.046594Z,KXBTC15M-26OCT050015-15,0.0400,70.43,no
2026-10-05T04:13:06.089966Z,KXBTC15M-26OCT050015-15,0.0400,114.17,no
2026-10-05T04:13:06.111352Z,KXBTC15M-26OCT050015-15,0.0400,5.00,no
2026-10-05T04:13:06.121635Z,KXBTC15M-26OCT050015-15,0.0420,22.31,yes
2026-10-05T04:13:06.123976Z,KXBTC15M-26OCT050015-15,0.0400,78.18,no
2026-10-05T04:13:06.205927Z,KXBTC15M-26OCT050015-15,0.0400,4.81,no
2026-10-05T04:13:06.285741Z,KXBTC15M-26OCT050015-15,0.0400,0.01,no
2026-10-05T04:13:06.285741Z,KXBTC15M-26OCT050015-15,0.0400,0.01,no
2026-10-05T04:13:06.285741Z,KXBTC15M-26OCT050015-15,0.0400,0.29,no
2026-10-05T04:13:06.310007Z,KXBTC15M-26OCT050015-15,0.0400,0.01,no
2026-10-05T04:13:06.310007Z,KXBTC15M-26OCT050015-15,0.0400,0.87,no
2026-10-05T04:13:06.310007Z,KXBTC15M-26OCT050015-15,0.0400,0.01,no
2026-10-05T04:13:06.310007Z,KXBTC15M-26OCT050015-15,0.0360,4.11,no
2026-10-05T04:13:06.311381Z,KXBTC15M-26OCT050015-15,0.0400,6.00,yes
2026-10-05T04:13:06.54779Z,KXBTC15M-26OCT050015-15,0.0400,21.77,yes
2026-10-05T04:13:06.54779Z,KXBTC15M-26OCT050015-15,0.0400,0.01,yes
2026-10-05T04:13:06.54779Z,KXBTC15M-26OCT050015-15,0.0400,0.01,yes
2026-10-05T04:13:06.610682Z,KXBTC15M-26OCT050015-15,0.0400,45.71,yes
2026-10-05T04:13:06.624126Z,KXBTC15M-26OCT050015-15,0.0400,32.52,yes
2026-10-05T04:13:06.624126Z,KXBTC15M-26OCT050015-15,0.0400,0.01,yes
2026-10-05T04:13:06.624126Z,KXBTC15M-26OCT050015-15,0.0400,400.00,yes
2026-10-05T04:13:06.624126Z,KXBTC15M-26OCT050015-15,0.0400,0.01,yes
2026-10-05T04:13:06.638655Z,KXBTC15M-26OCT050015-15,0.0360,14.44,no
2026-10-05T04:13:06.638655Z,KXBTC15M-26OCT050015-15,0.0390,0.01,no
2026-10-05T04:13:06.638655Z,KXBTC15M-26OCT050015-15,0.0390,0.01,no
2026-10-05T04:13:06.638655Z,KXBTC15M-26OCT050015-15,0.0360,5.89,no
2026-10-05T04:13:06.66457Z,KXBTC15M-26OCT050015-15,0.0370,25.86,no
2026-10-05T04:13:06.682444Z,KXBTC15M-26OCT050015-15,0.0370,0.01,no
2026-10-05T04:13:06.682444Z,KXBTC15M-26OCT050015-15,0.0370,10.00,no
2026-10-05T04:13:06.682444Z,KXBTC15M-26OCT050015-15,0.0370,251.08,no
2026-10-05T04:13:06.682444Z,KXBTC15M-26OCT050015-15,0.0370,156.14,no
2026-10-05T04:13:06.682444Z,KXBTC15M-26OCT050015-15,0.0370,0.01,no
2026-10-05T04:13:06.682444Z,KXBTC15M-26OCT050015-15,0.0370,100.00,no
2026-10-05T04:13:06.68728Z,KXBTC15M-26OCT050015-15,0.0370,0.81,no
2026-10-05T04:13:06.700607Z,KXBTC15M-26OCT050015-15,0.0400,0.01,yes
2026-10-05T04:13:06.700607Z,KXBTC15M-26OCT050015-15,0.0430,7.00,yes
2026-10-05T04:13:06.700607Z,KXBTC15M-26OCT050015-15,0.0430,6.64,yes
2026-10-05T04:13:06.700607Z,KXBTC15M-26OCT050015-15,0.0400,0.01,yes
2026-10-05T04:13:06.700716Z,KXBTC15M-26OCT050015-15,0.0390,25.98,no
2026-10-05T04:13:06.794723Z,KXBTC15M-26OCT050015-15,0.0470,63.67,yes
2026-10-05T04:13:06.794723Z,KXBTC15M-26OCT050015-15,0.0440,1047.00,yes
2026-10-05T04:13:06.794723Z,KXBTC15M-26OCT050015-15,0.0450,15.00,yes
2026-10-05T04:13:06.794723Z,KXBTC15M-26OCT050015-15,0.0430,105.00,yes
2026-10-05T04:13:06.794723Z,KXBTC15M-26OCT050015-15,0.0430,0.01,yes
2026-10-05T04:13:06.794723Z,KXBTC15M-26OCT050015-15,0.0430,140.00,yes
2026-10-05T04:13:06.794723Z,KXBTC15M-26OCT050015-15,0.0430,0.01,yes
2026-10-05T04:13:06.794723Z,KXBTC15M-26OCT050015-15,0.0460,2.00,yes
2026-10-05T04:13:06.794723Z,KXBTC15M-26OCT050015-15,0.0460,2.00,yes
2026-10-05T04:13:06.794723Z,KXBTC15M-26OCT050015-15,0.0420,1.00,yes
2026-10-05T04:13:06.794723Z,KXBTC15M-26OCT050015-15,0.0440,15.00,yes
2026-10-05T04:13:06.794723Z,KXBTC15M-26OCT050015-15,0.0450,2.00,yes
2026-10-05T04:13:06.794723Z,KXBTC15M-26OCT050015-15,0.0440,2.00,yes
2026-10-05T04:13:06.794723Z,KXBTC15M-26OCT050015-15,0.0440,2.00,yes
2026-10-05T04:13:06.794723Z,KXBTC15M-26OCT050015-15,0.0450,2.00,yes
2026-10-05T04:13:06.794723Z,KXBTC15M-26OCT050015-15,0.0470,141.00,yes
2026-10-05T04:13:06.924197Z,KXBTC15M-26OCT050015-15,0.0410,14.52,no
2026-10-05T04:13:07.018363Z,KXBTC15M-26OCT050015-15,0.0410,18.95,no
2026-10-05T04:13:07.114095Z,KXBTC15M-26OCT050015-15,0.0420,42.82,yes
2026-10-05T04:13:07.15837Z,KXBTC15M-26OCT050015-15,0.0410,17.07,no
2026-10-05T04:13:07.197931Z,KXBTC15M-26OCT050015-15,0.0410,26.82,no
2026-10-05T04:13:07.212501Z,KXBTC15M-26OCT050015-15,0.0420,26.51,yes
2026-10-05T04:13:07.265883Z,KXBTC15M-26OCT050015-15,0.0420,40.75,yes
2026-10-05T04:13:07.286041Z,KXBTC15M-26OCT050015-15,0.0420,41.59,yes
2026-10-05T04:13:07.286041Z,KXBTC15M-26OCT050015-15,0.0420,39.92,yes
2026-10-05T04:13:07.294245Z,KXBTC15M-26OCT050015-15,0.0410,1.31,no
2026-10-05T04:13:07.324653Z,KXBTC15M-26OCT050015-15,0.0420,155.72,yes
2026-10-05T04:13:07.487272Z,KXBTC15M-26OCT050015-15,0.0420,244.28,yes
2026-10-05T04:13:07.487272Z,KXBTC15M-26OCT050015-15,0.0420,150.00,yes
2026-10-05T04:13:07.487272Z,KXBTC15M-26OCT050015-15,0.0420,29.32,yes
2026-10-05T04:13:07.551324Z,KXBTC15M-26OCT050015-15,0.0420,44.62,yes
2026-10-05T04:13:07.603928Z,KXBTC15M-26OCT050015-15,0.0410,9.35,no
2026-10-05T04:13:07.665385Z,KXBTC15M-26OCT050015-15,0.0420,0.21,yes
2026-10-05T04:13:07.707695Z,KXBTC15M-26OCT050015-15,0.0420,22.31,yes
2026-10-05T04:13:07.710311Z,KXBTC15M-26OCT050015-15,0.0410,0.01,no
2026-10-05T04:13:07.710311Z,KXBTC15M-26OCT050015-15,0.0410,9.10,no
2026-10-05T04:13:07.795427Z,KXBTC15M-26OCT050015-15,0.0410,12.82,no
2026-10-05T04:13:07.824609Z,KXBTC15M-26OCT050015-15,0.0420,22.31,yes
2026-10-05T04:13:07.833907Z,KXBTC15M-26OCT050015-15,0.0420,10.47,yes
2026-10-05T04:13:07.838565Z,KXBTC15M-26OCT050015-15,0.0420,50.08,yes
2026-10-05T04:13:07.838565Z,KXBTC15M-26OCT050015-15,0.0420,73.05,yes
2026-10-05T04:13:07.838565Z,KXBTC15M-26OCT050015-15,0.0420,100.00,yes
2026-10-05T04:13:07.860612Z,KXBTC15M-26OCT050015-15,0.0410,390.32,no
2026-10-05T04:13:07.906439Z,KXBTC15M-26OCT050015-15,0.0420,1.96,yes
2026-10-05T04:13:07.906439Z,KXBTC15M-26OCT050015-15,0.0420,0.01,yes
2026-10-05T04:13:07.940048Z,KXBTC15M-26OCT050015-15,0.0410,11.22,no
2026-10-05T04:13:08.033414Z,KXBTC15M-26OCT050015-15,0.0420,111.56,yes
2026-10-05T04:13:08.082624Z,KXBTC15M-26OCT050015-15,0.0410,16.81,no
2026-10-05T04:13:08.095554Z,KXBTC15M-26OCT050015-15,0.0410,25.99,no
2026-10-05T04:13:08.199007Z,KXBTC15M-26OCT050015-15,0.0410,41.52,no
2026-10-05T04:13:08.199007Z,KXBTC15M-26OCT050015-15,0.0410,10.00,no
2026-10-05T04:13:08.199007Z,KXBTC15M-26OCT050015-15,0.0410,33.74,no
2026-10-05T04:13:08.233902Z,KXBTC15M-26OCT050015-15,0.0420,36.48,yes
2026-10-05T04:13:08.233902Z,KXBTC15M-26OCT050015-15,0.0420,8.14,yes
2026-10-05T04:13:08.239583Z,KXBTC15M-26OCT050015-15,0.0410,14.07,no
2026-10-05T04:13:08.288188Z,KXBTC15M-26OCT050015-15,0.0420,17.09,yes
2026-10-05T04:13:08.333966Z,KXBTC15M-26OCT050015-15,0.0410,19.02,no
2026-10-05T04:13:08.335604Z,KXBTC15M-26OCT050015-15,0.0420,72.77,yes
2026-10-05T04:13:08.335604Z,KXBTC15M-26OCT050015-15,0.0420,2.28,yes
2026-10-05T04:13:08.37392Z,KXBTC15M-26OCT050015-15,0.0420,22.31,yes
2026-10-05T04:13:08.385206Z,KXBTC15M-26OCT050015-15,0.0410,18.58,no
2026-10-05T04:13:08.435228Z,KXBTC15M-26OCT050015-15,0.0420,109.00,yes
2026-10-05T04:13:08.442978Z,KXBTC15M-26OCT050015-15,0.0420,22.31,yes
2026-10-05T04:13:08.462662Z,KXBTC15M-26OCT050015-15,0.0420,223.13,yes
2026-10-05T04:13:08.495402Z,KXBTC15M-26OCT050015-15,0.0410,0.79,no
2026-10-05T04:13:08.547409Z,KXBTC15M-26OCT050015-15,0.0420,21.00,yes
2026-10-05T04:13:08.547409Z,KXBTC15M-26OCT050015-15,0.0420,100.00,yes
2026-10-05T04:13:08.547409Z,KXBTC15M-26OCT050015-15,0.0420,14.22,yes
2026-10-05T04:13:08.547409Z,KXBTC15M-26OCT050015-15,0.0420,20.97,yes
2026-10-05T04:13:08.557244Z,KXBTC15M-26OCT050015-15,0.0420,10.83,yes
2026-10-05T04:13:08.557244Z,KXBTC15M-26OCT050015-15,0.0420,85.78,yes
2026-10-05T04:13:08.559783Z,KXBTC15M-26OCT050015-15,0.0410,311.93,no
2026-10-05T04:13:08.685125Z,KXBTC15M-26OCT050015-15,0.0410,10.39,no
2026-10-05T04:13:08.704793Z,KXBTC15M-26OCT050015-15,0.0420,6.00,yes
2026-10-05T04:13:08.704793Z,KXBTC15M-26OCT050015-15,0.0420,109.48,yes
2026-10-05T04:13:08.704793Z,KXBTC15M-26OCT050015-15,0.0420,7.65,yes
2026-10-05T04:13:08.704793Z,KXBTC15M-26OCT050015-15,0.0420,100.00,yes
2026-10-05T04:13:08.725803Z,KXBTC15M-26OCT050015-15,0.0410,7.31,no
2026-10-05T04:13:08.767543Z,KXBTC15M-26OCT050015-15,0.0420,9.44,yes
2026-10-05T04:13:08.798003Z,KXBTC15M-26OCT050015-15,0.0420,0.16,yes
2026-10-05T04:13:08.822188Z,KXBTC15M-26OCT050015-15,0.0420,80.48,yes
2026-10-05T04:13:08.892851Z,KXBTC15M-26OCT050015-15,0.0420,0.01,yes
2026-10-05T04:13:08.892851Z,KXBTC15M-26OCT050015-15,0.0420,9.92,yes
2026-10-05T04:13:08.892851Z,KXBTC15M-26OCT050015-15,0.0420,12.38,yes
2026-10-05T04:13:08.896765Z,KXBTC15M-26OCT050015-15,0.0410,103.97,no
2026-10-05T04:13:08.924334Z,KXBTC15M-26OCT050015-15,0.0410,4.15,no
2026-10-05T04:13:08.973251Z,KXBTC15M-26OCT050015-15,0.0420,73.13,yes
2026-10-05T04:13:08.973251Z,KXBTC15M-26OCT050015-15,0.0420,150.00,yes
2026-10-05T04:13:09.038114Z,KXBTC15M-26OCT050015-15,0.0410,0.01,no
2026-10-05T04:13:09.070891Z,KXBTC15M-26OCT050015-15,0.0420,23.80,yes
2026-10-05T04:13:09.121948Z,KXBTC15M-26OCT050015-15,0.0420,10.96,yes
2026-10-05T04:13:09.125542Z,KXBTC15M-26OCT050015-15,0.0430,333.64,yes
2026-10-05T04:13:09.125542Z,KXBTC15M-26OCT050015-15,0.0420,139.04,yes
2026-10-05T04:13:09.125542Z,KXBTC15M-26OCT050015-15,0.0430,100.00,yes
2026-10-05T04:13:09.125542Z,KXBTC15M-26OCT050015-15,0.0430,15.00,yes
2026-10-05T04:13:09.131011Z,KXBTC15M-26OCT050015-15,0.0420,0.02,yes
2026-10-05T04:13:09.132446Z,KXBTC15M-26OCT050015-15,0.0420,65.00,yes
2026-10-05T04:13:09.132577Z,KXBTC15M-26OCT050015-15,0.0420,0.02,yes
2026-10-05T04:13:09.134678Z,KXBTC15M-26OCT050015-15,0.0460,99.00,yes
2026-10-05T04:13:09.155541Z,KXBTC15M-26OCT050015-15,0.0450,0.02,yes
2026-10-05T04:13:09.342825Z,KXBTC15M-26OCT050015-15,0.0480,2.05,yes
2026-10-05T04:13:09.372426Z,KXBTC15M-26OCT050015-15,0.0700,50.00,yes
2026-10-05T04:13:09.372426Z,KXBTC15M-26OCT050015-15,0.0720,10.00,yes
2026-10-05T04:13:09.372426Z,KXBTC15M-26OCT050015-15,0.0710,1047.00,yes
2026-10-05T04:13:09.372426Z,KXBTC15M-26OCT050015-15,0.0700,100.00,yes
2026-10-05T04:13:09.372426Z,KXBTC15M-26OCT050015-15,0.0740,100.00,yes
2026-10-05T04:13:09.372426Z,KXBTC15M-26OCT050015-15,0.0690,1047.00,yes
2026-10-05T04:13:09.372426Z,KXBTC15M-26OCT050015-15,0.0750,482.79,yes
2026-10-05T04:13:09.372426Z,KXBTC15M-26OCT050015-15,0.0750,98.00,yes
2026-10-05T04:13:09.372426Z,KXBTC15M-26OCT050015-15,0.0650,5.00,yes
2026-10-05T04:13:09.372426Z,KXBTC15M-26OCT050015-15,0.0660,1047.00,yes
2026-10-05T04:13:09.372426Z,KXBTC15M-26OCT050015-15,0.0620,1047.00,yes
2026-10-05T04:13:09.372426Z,KXBTC15M-26OCT050015-15,0.0600,1045.39,yes
2026-10-05T04:13:09.372426Z,KXBTC15M-26OCT050015-15,0.0510,1047.00,yes
2026-10-05T04:13:09.372426Z,KXBTC15M-26OCT050015-15,0.0480,998.04,yes
2026-10-05T04:13:09.372426Z,KXBTC15M-26OCT050015-15,0.0540,100.00,yes
2026-10-05T04:13:09.372426Z,KXBTC15M-26OCT050015-15,0.0600,64.00,yes
2026-10-05T04:13:09.372426Z,KXBTC15M-26OCT050015-15,0.0540,1047.00,yes
2026-10-05T04:13:09.372426Z,KXBTC15M-26OCT050015-15,0.0570,1047.00,yes
2026-10-05T04:13:09.372426Z,KXBTC15M-26OCT050015-15,0.0600,15.00,yes
2026-10-05T04:13:09.372426Z,KXBTC15M-26OCT050015-15,0.0520,200.00,yes
2026-10-05T04:13:09.372426Z,KXBTC15M-26OCT050015-15,0.0700,1.00,yes
2026-10-05T04:13:09.372426Z,KXBTC15M-26OCT050015-15,0.0480,1000.00,yes
2026-10-05T04:13:09.372426Z,KXBTC15M-26OCT050015-15,0.0700,25.00,yes
2026-10-05T04:13:09.372426Z,KXBTC15M-26OCT050015-15,0.0740,195.00,yes
2026-10-05T04:13:09.372426Z,KXBTC15M-26OCT050015-15,0.0550,2.00,yes
2026-10-05T04:13:09.372426Z,KXBTC15M-26OCT050015-15,0.0500,17.00,yes
2026-10-05T04:13:09.372426Z,KXBTC15M-26OCT050015-15,0.0540,2.00,yes
2026-10-05T04:13:09.372426Z,KXBTC15M-26OCT050015-15,0.0550,2.00,yes
2026-10-05T04:13:09.372426Z,KXBTC15M-26OCT050015-15,0.0590,8.00,yes
2026-10-05T04:13:09.372426Z,KXBTC15M-26OCT050015-15,0.0600,162.00,yes
2026-10-05T04:13:09.372426Z,KXBTC15M-26OCT050015-15,0.0700,5.00,yes
2026-10-05T04:13:09.372426Z,KXBTC15M-26OCT050015-15,0.0490,200.00,yes
2026-10-05T04:13:09.372426Z,KXBTC15M-26OCT050015-15,0.0540,2.00,yes
2026-10-05T04:13:09.372426Z,KXBTC15M-26OCT050015-15,0.0560,2.00,yes
2026-10-05T04:13:09.372426Z,KXBTC15M-26OCT050015-15,0.0690,1.00,yes
2026-10-05T04:13:09.372426Z,KXBTC15M-26OCT050015-15,0.0600,120.00,yes
2026-10-05T04:13:09.372426Z,KXBTC15M-26OCT050015-15,0.0600,780.00,yes
2026-10-05T04:13:09.372426Z,KXBTC15M-26OCT050015-15,0.0500,95.00,yes
2026-10-05T04:13:09.372426Z,KXBTC15M-26OCT050015-15,0.0530,2.00,yes
2026-10-05T04:13:09.372426Z,KXBTC15M-26OCT050015-15,0.0480,200.00,yes
2026-10-05T04:13:09.378487Z,KXBTC15M-26OCT050015-15,0.0480,168.08,yes
2026-10-05T04:13:09.385429Z,KXBTC15M-26OCT050015-15,0.0600,56.75,yes
2026-10-05T04:13:09.385429Z,KXBTC15M-26OCT050015-15,0.0590,1.00,yes
2026-10-05T04:13:09.385429Z,KXBTC15M-26OCT050015-15,0.0570,35.00,yes
2026-10-05T04:13:09.385429Z,KXBTC15M-26OCT050015-15,0.0590,1.00,yes
2026-10-05T04:13:09.3854Z,KXBTC15M-26OCT050015-15,0.0570,64.00,yes
2026-10-05T04:13:09.388499Z,KXBTC15M-26OCT050015-15,0.0560,58.00,yes
2026-10-05T04:13:09.39105Z,KXBTC15M-26OCT050015-15,0.0560,35.75,yes
2026-10-05T04:13:09.394896Z,KXBTC15M-26OCT050015-15,0.0600,2.00,yes
2026-10-05T04:13:09.394896Z,KXBTC15M-26OCT050015-15,0.0580,2.00,yes
2026-10-05T04:13:09.394896Z,KXBTC15M-26OCT050015-15,0.0600,2.00,yes
2026-10-05T04:13:09.394896Z,KXBTC15M-26OCT050015-15,0.0590,2.00,yes
2026-10-05T04:13:09.394896Z,KXBTC15M-26OCT050015-15,0.0560,6.25,yes
2026-10-05T04:13:09.394896Z,KXBTC15M-26OCT050015-15,0.0590,2.00,yes
2026-10-05T04:13:09.394896Z,KXBTC15M-26OCT050015-15,0.0600,9.00,yes
2026-10-05T04:13:09.396378Z,KXBTC15M-26OCT050015-15,0.0600,6.00,yes
2026-10-05T04:13:09.397824Z,KXBTC15M-26OCT050015-15,0.0560,42.00,yes
2026-10-05T04:13:09.397824Z,KXBTC15M-26OCT050015-15,0.0560,1.31,yes
2026-10-05T04:13:09.411743Z,KXBTC15M-26OCT050015-15,0.0620,2.00,yes
2026-10-05T04:13:09.411743Z,KXBTC15M-26OCT050015-15,0.0630,2.00,yes
2026-10-05T04:13:09.411743Z,KXBTC15M-26OCT050015-15,0.0640,7.57,yes
2026-10-05T04:13:09.411743Z,KXBTC15M-26OCT050015-15,0.0630,2.00,yes
2026-10-05T04:13:09.418069Z,KXBTC15M-26OCT050015-15,0.0600,94.00,no
2026-10-05T04:13:09.477888Z,KXBTC15M-26OCT050015-15,0.0610,0.01,no
2026-10-05T04:13:09.477888Z,KXBTC15M-26OCT050015-15,0.0610,0.01,no
2026-10-05T04:13:09.477888Z,KXBTC15M-26OCT050015-15,0.0600,4.98,no
2026-10-05T04:13:09.605871Z,KXBTC15M-26OCT050015-15,0.0600,26.54,no
2026-10-05T04:13:09.613173Z,KXBTC15M-26OCT050015-15,0.0600,30.00,no
2026-10-05T04:13:09.691841Z,KXBTC15M-26OCT050015-15,0.0600,80.00,no
2026-10-05T04:13:09.810308Z,KXBTC15M-26OCT050015-15,0.0600,103.97,no
2026-10-05T04:13:09.834611Z,KXBTC15M-26OCT050015-15,0.0600,369.40,no
2026-10-05T04:13:09.870901Z,KXBTC15M-26OCT050015-15,0.0610,1.00,yes
2026-10-05T04:13:09.909472Z,KXBTC15M-26OCT050015-15,0.0610,3.78,yes
2026-10-05T04:13:09.92522Z,KXBTC15M-26OCT050015-15,0.0610,1.11,yes
2026-10-05T04:13:10.048593Z,KXBTC15M-26OCT050015-15,0.0600,2.11,no
2026-10-05T04:13:10.061425Z,KXBTC15M-26OCT050015-15,0.0610,10.00,yes
2026-10-05T04:13:10.073871Z,KXBTC15M-26OCT050015-15,0.0580,9.00,no
2026-10-05T04:13:10.073871Z,KXBTC15M-26OCT050015-15,0.0600,0.01,no
2026-10-05T04:13:10.073871Z,KXBTC15M-26OCT050015-15,0.0600,336.00,no
2026-10-05T04:13:10.073871Z,KXBTC15M-26OCT050015-15,0.0600,0.01,no
2026-10-05T04:13:10.096071Z,KXBTC15M-26OCT050015-15,0.0580,7.69,yes
2026-10-05T04:13:10.148136Z,KXBTC15M-26OCT050015-15,0.0580,46.14,yes
2026-10-05T04:13:10.162598Z,KXBTC15M-26OCT050015-15,0.0570,62.51,no
2026-10-05T04:13:10.181211Z,KXBTC15M-26OCT050015-15,0.0580,7.69,yes
2026-10-05T04:13:10.223574Z,KXBTC15M-26OCT050015-15,0.0570,10.37,no
2026-10-05T04:13:10.234482Z,KXBTC15M-26OCT050015-15,0.0570,169.27,no
2026-10-05T04:13:10.269136Z,KXBTC15M-26OCT050015-15,0.0580,15.38,yes
2026-10-05T04:13:10.275028Z,KXBTC15M-26OCT050015-15,0.0570,15.00,no
2026-10-05T04:13:10.39008Z,KXBTC15M-26OCT050015-15,0.0570,1.04,no
2026-10-05T04:13:10.416554Z,KXBTC15M-26OCT050015-15,0.0570,788.81,no
2026-10-05T04:13:10.416554Z,KXBTC15M-26OCT050015-15,0.0570,0.01,no
2026-10-05T04:13:10.416554Z,KXBTC15M-26OCT050015-15,0.0570,0.01,no
2026-10-05T04:13:10.420388Z,KXBTC15M-26OCT050015-15,0.0540,91.00,no
2026-10-05T04:13:10.420388Z,KXBTC15M-26OCT050015-15,0.0550,9.00,no
2026-10-05T04:13:10.422883Z,KXBTC15M-26OCT050015-15,0.0570,0.02,no
2026-10-05T04:13:10.423208Z,KXBTC15M-26OCT050015-15,0.0570,9.00,no
2026-10-05T04:13:10.434285Z,KXBTC15M-26OCT050015-15,0.0570,164.88,no
2026-10-05T04:13:10.485943Z,KXBTC15M-26OCT050015-15,0.0570,0.20,no
2026-10-05T04:13:10.5009Z,KXBTC15M-26OCT050015-15,0.0580,15.38,yes
2026-10-05T04:13:10.513629Z,KXBTC15M-26OCT050015-15,0.0580,61.55,yes
2026-10-05T04:13:10.513629Z,KXBTC15M-26OCT050015-15,0.0580,15.36,yes
2026-10-05T04:13:10.519924Z,KXBTC15M-26OCT050015-15,0.0570,65.52,no
2026-10-05T04:13:10.523872Z,KXBTC15M-26OCT050015-15,0.0570,117.12,no
2026-10-05T04:13:10.550362Z,KXBTC15M-26OCT050015-15,0.0580,98.00,yes
2026-10-05T04:13:10.550362Z,KXBTC15M-26OCT050015-15,0.0580,84.64,yes
2026-10-05T04:13:10.550362Z,KXBTC15M-26OCT050015-15,0.0580,400.00,yes
2026-10-05T04:13:10.550362Z,KXBTC15M-26OCT050015-15,0.0580,0.01,yes
2026-10-05T04:13:10.550362Z,KXBTC15M-26OCT050015-15,0.0580,215.17,yes
2026-10-05T04:13:10.550362Z,KXBTC15M-26OCT050015-15,0.0580,0.01,yes
2026-10-05T04:13:10.592125Z,KXBTC15M-26OCT050015-15,0.0570,120.33,no
2026-10-05T04:13:10.637198Z,KXBTC15M-26OCT050015-15,0.0570,413.12,no
2026-10-05T04:13:10.684148Z,KXBTC15M-26OCT050015-15,0.0580,41.00,yes
2026-10-05T04:13:10.684148Z,KXBTC15M-26OCT050015-15,0.0580,106.83,yes
2026-10-05T04:13:10.684148Z,KXBTC15M-26OCT050015-15,0.0580,105.00,yes
2026-10-05T04:13:10.684148Z,KXBTC15M-26OCT050015-15,0.0580,100.00,yes
2026-10-05T04:13:10.684148Z,KXBTC15M-26OCT050015-15,0.0580,48.40,yes
2026-10-05T04:13:10.684148Z,KXBTC15M-26OCT050015-15,0.0580,0.01,yes
2026-10-05T04:13:10.684148Z,KXBTC15M-26OCT050015-15,0.0580,96.00,yes
2026-10-05T04:13:10.684148Z,KXBTC15M-26OCT050015-15,0.0580,98.00,yes
2026-10-05T04:13:10.684148Z,KXBTC15M-26OCT050015-15,0.0580,0.01,yes
2026-10-05T04:13:10.698842Z,KXBTC15M-26OCT050015-15,0.0580,36.07,yes
2026-10-05T04:13:10.754682Z,KXBTC15M-26OCT050015-15,0.0580,20.86,yes
2026-10-05T04:13:10.823913Z,KXBTC15M-26OCT050015-15,0.0570,10.60,no
2026-10-05T04:13:10.833504Z,KXBTC15M-26OCT050015-15,0.0570,10.00,no
2026-10-05T04:13:10.849058Z,KXBTC15M-26OCT050015-15,0.0580,0.01,yes
2026-10-05T04:13:10.849058Z,KXBTC15M-26OCT050015-15,0.0580,0.01,yes
2026-10-05T04:13:10.849058Z,KXBTC15M-26OCT050015-15,0.0580,21.51,yes
2026-10-05T04:13:10.943337Z,KXBTC15M-26OCT050015-15,0.0580,32.34,yes
2026-10-05T04:13:10.953076Z,KXBTC15M-26OCT050015-15,0.0580,0.61,yes
2026-10-05T04:13:10.991349Z,KXBTC15M-26OCT050015-15,0.0570,10.60,no
2026-10-05T04:13:10.99682Z,KXBTC15M-26OCT050015-15,0.0570,47.66,no
2026-10-05T04:13:11.024801Z,KXBTC15M-26OCT050015-15,0.0570,3.28,no
2026-10-05T04:13:11.025288Z,KXBTC15M-26OCT050015-15,0.0580,14.55,yes
2026-10-05T04:13:11.152028Z,KXBTC15M-26OCT050015-15,0.0580,30.99,yes
2026-10-05T04:13:11.152028Z,KXBTC15M-26OCT050015-15,0.0580,17.53,yes
2026-10-05T04:13:11.164131Z,KXBTC15M-26OCT050015-15,0.0580,14.38,yes
2026-10-05T04:13:11.170772Z,KXBTC15M-26OCT050015-15,0.0580,16.17,yes
2026-10-05T04:13:11.2165Z,KXBTC15M-26OCT050015-15,0.0570,6.00,no
2026-10-05T04:13:11.223161Z,KXBTC15M-26OCT050015-15,0.0570,5.00,no
2026-10-05T04:13:11.230767Z,KXBTC15M-26OCT050015-15,0.0570,390.67,no
2026-10-05T04:13:11.233693Z,KXBTC15M-26OCT050015-15,0.0580,19.32,yes
2026-10-05T04:13:11.235299Z,KXBTC15M-26OCT050015-15,0.0570,81.51,no
2026-10-05T04:13:11.235359Z,KXBTC15M-26OCT050015-15,0.0580,16.17,yes
2026-10-05T04:13:11.247293Z,KXBTC15M-26OCT050015-15,0.0580,16.43,yes
2026-10-05T04:13:11.247293Z,KXBTC15M-26OCT050015-15,0.0580,15.91,yes
2026-10-05T04:13:11.252489Z,KXBTC15M-26OCT050015-15,0.0580,32.34,yes
2026-10-05T04:13:11.258764Z,KXBTC15M-26OCT050015-15,0.0580,7.02,yes
2026-10-05T04:13:11.272925Z,KXBTC15M-26OCT050015-15,0.0570,6.33,no
2026-10-05T04:13:11.286057Z,KXBTC15M-26OCT050015-15,0.0580,8.08,yes
2026-10-05T04:13:11.300556Z,KXBTC15M-26OCT050015-15,0.0570,65.70,no
2026-10-05T04:13:11.327433Z,KXBTC15M-26OCT050015-15,0.0570,1.04,no
2026-10-05T04:13:11.344358Z,KXBTC15M-26OCT050015-15,0.0570,22.85,no
2026-10-05T04:13:11.352079Z,KXBTC15M-26OCT050015-15,0.0570,2.11,no
2026-10-05T04:13:11.396337Z,KXBTC15M-26OCT050015-15,0.0580,8.08,yes
2026-10-05T04:13:11.425048Z,KXBTC15M-26OCT050015-15,0.0580,0.12,yes
2026-10-05T04:13:11.436469Z,KXBTC15M-26OCT050015-15,0.0570,761.62,no
2026-10-05T04:13:11.438219Z,KXBTC15M-26OCT050015-15,0.0580,80.87,yes
2026-10-05T04:13:11.494131Z,KXBTC15M-26OCT050015-15,0.0580,16.17,yes
2026-10-05T04:13:11.558435Z,KXBTC15M-26OCT050015-15,0.0570,119.90,no
2026-10-05T04:13:11.573569Z,KXBTC15M-26OCT050015-15,0.0580,16.17,yes
2026-10-05T04:13:11.620199Z,KXBTC15M-26OCT050015-15,0.0580,28.41,yes
2026-10-05T04:13:11.624377Z,KXBTC15M-26OCT050015-15,0.0570,0.53,no
2026-10-05T04:13:11.639564Z,KXBTC15M-26OCT050015-15,0.0570,705.41,no
2026-10-05T04:13:11.639564Z,KXBTC15M-26OCT050015-15,0.0570,0.01,no
2026-10-05T04:13:11.639564Z,KXBTC15M-26OCT050015-15,0.0560,200.00,no
2026-10-05T04:13:11.639564Z,KXBTC15M-26OCT050015-15,0.0570,2.00,no
2026-10-05T04:13:11.639564Z,KXBTC15M-26OCT050015-15,0.0570,0.01,no
2026-10-05T04:13:11.639604Z,KXBTC15M-26OCT050015-15,0.0580,80.87,yes
2026-10-05T04:13:11.702165Z,KXBTC15M-26OCT050015-15,0.0570,2.00,yes
2026-10-05T04:13:11.702165Z,KXBTC15M-26OCT050015-15,0.0570,0.01,yes
2026-10-05T04:13:11.702165Z,KXBTC15M-26OCT050015-15,0.0570,44.82,yes
2026-10-05T04:13:11.702165Z,KXBTC15M-26OCT050015-15,0.0570,0.01,yes
2026-10-05T04:13:11.702571Z,KXBTC15M-26OCT050015-15,0.0570,48.52,yes
2026-10-05T04:13:11.720054Z,KXBTC15M-26OCT050015-15,0.0570,0.81,yes
2026-10-05T04:13:11.779125Z,KXBTC15M-26OCT050015-15,0.0570,10.32,yes
2026-10-05T04:13:11.779125Z,KXBTC15M-26OCT050015-15,0.0570,5.85,yes
2026-10-05T04:13:11.795701Z,KXBTC15M-26OCT050015-15,0.0560,0.01,no
2026-10-05T04:13:11.795701Z,KXBTC15M-26OCT050015-15,0.0560,0.01,no
2026-10-05T04:13:11.8164Z,KXBTC15M-26OCT050015-15,0.0560,16.17,yes
2026-10-05T04:13:11.835196Z,KXBTC15M-26OCT050015-15,0.0560,14.00,yes
2026-10-05T04:13:11.840657Z,KXBTC15M-26OCT050015-15,0.0540,956.00,no
2026-10-05T04:13:11.840657Z,KXBTC15M-26OCT050015-15,0.0550,0.01,no
2026-10-05T04:13:11.840657Z,KXBTC15M-26OCT050015-15,0.0550,0.01,no
2026-10-05T04:13:11.932363Z,KXBTC15M-26OCT050015-15,0.0530,29.00,yes
2026-10-05T04:13:11.932363Z,KXBTC15M-26OCT050015-15,0.0530,8.00,yes
2026-10-05T04:13:11.93709Z,KXBTC15M-26OCT050015-15,0.0530,56.22,yes
2026-10-05T04:13:11.94988Z,KXBTC15M-26OCT050015-15,0.0520,5.17,no
2026-10-05T04:13:12.011698Z,KXBTC15M-26OCT050015-15,0.0530,9.78,yes
2026-10-05T04:13:12.011698Z,KXBTC15M-26OCT050015-15,0.0530,6.39,yes
2026-10-05T04:13:12.035752Z,KXBTC15M-26OCT050015-15,0.0530,0.02,yes
2026-10-05T04:13:12.056418Z,KXBTC15M-26OCT050015-15,0.0530,0.01,yes
2026-10-05T04:13:12.056418Z,KXBTC15M-26OCT050015-15,0.0530,93.59,yes
2026-10-05T04:13:12.056418Z,KXBTC15M-26OCT050015-15,0.0530,100.00,yes
2026-10-05T04:13:12.056418Z,KXBTC15M-26OCT050015-15,0.0530,0.01,yes
2026-10-05T04:13:12.056418Z,KXBTC15M-26OCT050015-15,0.0530,30.02,yes
2026-10-05T04:13:12.06327Z,KXBTC15M-26OCT050015-15,0.0530,6.95,yes
2026-10-05T04:13:12.212256Z,KXBTC15M-26OCT050015-15,0.0530,17.69,yes
2026-10-05T04:13:12.276752Z,KXBTC15M-26OCT050015-15,0.0530,3.31,yes
2026-10-05T04:13:12.276752Z,KXBTC15M-26OCT050015-15,0.0530,14.38,yes
2026-10-05T04:13:12.277559Z,KXBTC15M-26OCT050015-15,0.0530,82.28,yes
2026-10-05T04:13:12.294201Z,KXBTC15M-26OCT050015-15,0.0530,1.61,yes
2026-10-05T04:13:12.317259Z,KXBTC15M-26OCT050015-15,0.0530,1.73,yes
2026-10-05T04:13:12.317259Z,KXBTC15M-26OCT050015-15,0.0530,0.01,yes
2026-10-05T04:13:12.317259Z,KXBTC15M-26OCT050015-15,0.0530,0.01,yes
2026-10-05T04:13:12.317259Z,KXBTC15M-26OCT050015-15,0.0530,86.72,yes
2026-10-05T04:13:12.331464Z,KXBTC15M-26OCT050015-15,0.0530,35.25,yes
2026-10-05T04:13:12.431101Z,KXBTC15M-26OCT050015-15,0.0530,32.34,yes
2026-10-05T04:13:12.474168Z,KXBTC15M-26OCT050015-15,0.0530,40.29,yes
2026-10-05T04:13:12.474168Z,KXBTC15M-26OCT050015-15,0.0530,48.18,yes
2026-10-05T04:13:12.519483Z,KXBTC15M-26OCT050015-15,0.0520,25.81,no
2026-10-05T04:13:12.567228Z,KXBTC15M-26OCT050015-15,0.0530,143.67,yes
2026-10-05T04:13:12.569364Z,KXBTC15M-26OCT050015-15,0.0520,64.04,no
2026-10-05T04:13:12.684721Z,KXBTC15M-26OCT050015-15,0.0530,17.69,yes
2026-10-05T04:13:12.687356Z,KXBTC15M-26OCT050015-15,0.0530,82.31,yes
2026-10-05T04:13:12.687356Z,KXBTC15M-26OCT050015-15,0.0530,6.16,yes
2026-10-05T04:13:12.692754Z,KXBTC15M-26OCT050015-15,0.0530,11.84,yes
2026-10-05T04:13:12.692754Z,KXBTC15M-26OCT050015-15,0.0530,16.59,yes
2026-10-05T04:13:12.747393Z,KXBTC15M-26OCT050015-15,0.0560,0.16,yes
2026-10-05T04:13:12.81888Z,KXBTC15M-26OCT050015-15,0.0540,16.47,yes
2026-10-05T04:13:12.856565Z,KXBTC15M-26OCT050015-15,0.0540,47.48,yes
2026-10-05T04:13:12.856565Z,KXBTC15M-26OCT050015-15,0.0540,4.53,yes
2026-10-05T04:13:12.897877Z,KXBTC15M-26OCT050015-15,0.0520,75.67,no
2026-10-05T04:13:12.981246Z,KXBTC15M-26OCT050015-15,0.0540,86.70,yes
2026-10-05T04:13:13.098107Z,KXBTC15M-26OCT050015-15,0.0520,876.31,no
2026-10-05T04:13:13.098107Z,KXBTC15M-26OCT050015-15,0.0520,0.01,no
2026-10-05T04:13:13.098107Z,KXBTC15M-26OCT050015-15,0.0520,0.01,no
2026-10-05T04:13:13.116027Z,KXBTC15M-26OCT050015-15,0.0500,0.01,no
2026-10-05T04:13:13.116027Z,KXBTC15M-26OCT050015-15,0.0500,0.01,no
2026-10-05T04:13:13.116027Z,KXBTC15M-26OCT050015-15,0.0500,0.01,no
2026-10-05T04:13:13.116027Z,KXBTC15M-26OCT050015-15,0.0480,2.00,no
2026-10-05T04:13:13.116027Z,KXBTC15M-26OCT050015-15,0.0470,20.15,no
2026-10-05T04:13:13.116027Z,KXBTC15M-26OCT050015-15,0.0480,2.00,no
2026-10-05T04:13:13.116027Z,KXBTC15M-26OCT050015-15,0.0500,1.34,no
2026-10-05T04:13:13.116027Z,KXBTC15M-26OCT050015-15,0.0500,1.31,no
2026-10-05T04:13:13.116027Z,KXBTC15M-26OCT050015-15,0.0490,2.00,no
2026-10-05T04:13:13.127061Z,KXBTC15M-26OCT050015-15,0.0490,5.42,yes
2026-10-05T04:13:13.131779Z,KXBTC15M-26OCT050015-15,0.0490,33.50,yes
2026-10-05T04:13:13.139407Z,KXBTC15M-26OCT050015-15,0.0490,88.47,yes
2026-10-05T04:13:13.147049Z,KXBTC15M-26OCT050015-15,0.0490,28.03,yes
2026-10-05T04:13:13.147049Z,KXBTC15M-26OCT050015-15,0.0490,139.47,yes
2026-10-05T04:13:13.147263Z,KXBTC15M-26OCT050015-15,0.0480,18.75,no
2026-10-05T04:13:13.213186Z,KXBTC15M-26OCT050015-15,0.0490,67.48,yes
2026-10-05T04:13:13.213186Z,KXBTC15M-26OCT050015-15,0.0490,0.01,yes
2026-10-05T04:13:13.213186Z,KXBTC15M-26OCT050015-15,0.0490,0.01,yes
2026-10-05T04:13:13.213186Z,KXBTC15M-26OCT050015-15,0.0490,100.00,yes
2026-10-05T04:13:13.250537Z,KXBTC15M-26OCT050015-15,0.0480,0.01,no
2026-10-05T04:13:13.250537Z,KXBTC15M-26OCT050015-15,0.0480,0.01,no
2026-10-05T04:13:13.250537Z,KXBTC15M-26OCT050015-15,0.0470,102.97,no
2026-10-05T04:13:13.271901Z,KXBTC15M-26OCT050015-15,0.0480,0.48,yes
2026-10-05T04:13:13.343289Z,KXBTC15M-26OCT050015-15,0.0480,20.84,yes
2026-10-05T04:13:13.35376Z,KXBTC15M-26OCT050015-15,0.0470,9.00,no
2026-10-05T04:13:13.35376Z,KXBTC15M-26OCT050015-15,0.0470,0.01,no
2026-10-05T04:13:13.35376Z,KXBTC15M-26OCT050015-15,0.0470,0.01,no
2026-10-05T04:13:13.35376Z,KXBTC15M-26OCT050015-15,0.0470,500.00,no
2026-10-05T04:13:13.35376Z,KXBTC15M-26OCT050015-15,0.0460,499.95,no
2026-10-05T04:13:13.369315Z,KXBTC15M-26OCT050015-15,0.0460,79.21,no
2026-10-05T04:13:13.398871Z,KXBTC15M-26OCT050015-15,0.0470,17.69,yes
2026-10-05T04:13:13.518045Z,KXBTC15M-26OCT050015-15,0.0460,19.13,no
2026-10-05T04:13:13.528621Z,KXBTC15M-26OCT050015-15,0.0470,19.13,yes
2026-10-05T04:13:13.578023Z,KXBTC15M-26OCT050015-15,0.0460,21.00,no
2026-10-05T04:13:13.674146Z,KXBTC15M-26OCT050015-15,0.0470,19.51,yes
2026-10-05T04:13:13.692914Z,KXBTC15M-26OCT050015-15,0.0470,11.91,yes
2026-10-05T04:13:13.698099Z,KXBTC15M-26OCT050015-15,0.0470,9.30,yes
2026-10-05T04:13:13.768749Z,KXBTC15M-26OCT050015-15,0.0470,0.01,yes
2026-10-05T04:13:13.768749Z,KXBTC15M-26OCT050015-15,0.0470,0.01,yes
2026-10-05T04:13:13.768749Z,KXBTC15M-26OCT050015-15,0.0470,25.18,yes
2026-10-05T04:13:13.768749Z,KXBTC15M-26OCT050015-15,0.0470,72.46,yes
2026-10-05T04:13:13.817458Z,KXBTC15M-26OCT050015-15,0.0460,313.45,no
2026-10-05T04:13:13.840485Z,KXBTC15M-26OCT050015-15,0.0470,30.00,yes
2026-10-05T04:13:13.922068Z,KXBTC15M-26OCT050015-15,0.0460,2.00,no
2026-10-05T04:13:13.922068Z,KXBTC15M-26OCT050015-15,0.0460,186.25,no
2026-10-05T04:13:13.922068Z,KXBTC15M-26OCT050015-15,0.0460,0.01,no
2026-10-05T04:13:13.922068Z,KXBTC15M-26OCT050015-15,0.0460,0.01,no
2026-10-05T04:13:13.930387Z,KXBTC15M-26OCT050015-15,0.0460,0.90,no
2026-10-05T04:13:13.943609Z,KXBTC15M-26OCT050015-15,0.0470,16.17,yes
2026-10-05T04:13:14.001056Z,KXBTC15M-26OCT050015-15,0.0460,0.01,no
2026-10-05T04:13:14.001056Z,KXBTC15M-26OCT050015-15,0.0460,212.08,no
2026-10-05T04:13:14.001056Z,KXBTC15M-26OCT050015-15,0.0460,0.01,no
2026-10-05T04:13:14.073181Z,KXBTC15M-26OCT050015-15,0.0460,0.01,no
2026-10-05T04:13:14.073181Z,KXBTC15M-26OCT050015-15,0.0460,11.30,no
2026-10-05T04:13:14.073181Z,KXBTC15M-26OCT050015-15,0.0460,1.00,no
2026-10-05T04:13:14.073181Z,KXBTC15M-26OCT050015-15,0.0460,0.01,no
2026-10-05T04:13:14.155424Z,KXBTC15M-26OCT050015-15,0.0450,2.00,no
2026-10-05T04:13:14.155424Z,KXBTC15M-26OCT050015-15,0.0450,150.00,no
2026-10-05T04:13:14.155424Z,KXBTC15M-26OCT050015-15,0.0450,1.00,no
2026-10-05T04:13:14.155424Z,KXBTC15M-26OCT050015-15,0.0450,10.77,no
2026-10-05T04:13:14.155424Z,KXBTC15M-26OCT050015-15,0.0460,0.01,no
2026-10-05T04:13:14.155424Z,KXBTC15M-26OCT050015-15,0.0460,0.01,no
2026-10-05T04:13:14.155424Z,KXBTC15M-26OCT050015-15,0.0460,1.00,no
2026-10-05T04:13:14.18502Z,KXBTC15M-26OCT050015-15,0.0460,1.05,yes
2026-10-05T04:13:14.187171Z,KXBTC15M-26OCT050015-15,0.0450,83.95,no
2026-10-05T04:13:14.202593Z,KXBTC15M-26OCT050015-15,0.0450,11.71,no
2026-10-05T04:13:14.219311Z,KXBTC15M-26OCT050015-15,0.0460,19.94,yes
2026-10-05T04:13:14.249655Z,KXBTC15M-26OCT050015-15,0.0460,4.98,yes
2026-10-05T04:13:14.279839Z,KXBTC15M-26OCT050015-15,0.0460,6.05,yes
2026-10-05T04:13:14.287054Z,KXBTC15M-26OCT050015-15,0.0460,52.58,yes
2026-10-05T04:13:14.404479Z,KXBTC15M-26OCT050015-15,0.0460,15.88,yes
2026-10-05T04:13:14.465226Z,KXBTC15M-26OCT050015-15,0.0460,20.21,yes
2026-10-05T04:13:14.467978Z,KXBTC15M-26OCT050015-15,0.0450,28.66,no
2026-10-05T04:13:14.477961Z,KXBTC15M-26OCT050015-15,0.0470,3.65,yes
2026-10-05T04:13:14.477961Z,KXBTC15M-26OCT050015-15,0.0460,0.01,yes
2026-10-05T04:13:14.477961Z,KXBTC15M-26OCT050015-15,0.0460,0.01,yes
2026-10-05T04:13:14.477961Z,KXBTC15M-26OCT050015-15,0.0470,166.48,yes
2026-10-05T04:13:14.477961Z,KXBTC15M-26OCT050015-15,0.0460,29.31,yes
2026-10-05T04:13:14.499659Z,KXBTC15M-26OCT050015-15,0.0470,0.01,yes
2026-10-05T04:13:14.499659Z,KXBTC15M-26OCT050015-15,0.0470,9.27,yes
2026-10-05T04:13:14.499659Z,KXBTC15M-26OCT050015-15,0.0460,0.01,yes
2026-10-05T04:13:14.499659Z,KXBTC15M-26OCT050015-15,0.0460,0.01,yes
2026-10-05T04:13:14.499659Z,KXBTC15M-26OCT050015-15,0.0470,0.01,yes
2026-10-05T04:13:14.499659Z,KXBTC15M-26OCT050015-15,0.0470,50.52,yes
2026-10-05T04:13:14.502917Z,KXBTC15M-26OCT050015-15,0.0470,19.94,yes
2026-10-05T04:13:14.508757Z,KXBTC15M-26OCT050015-15,0.0510,203.00,yes
2026-10-05T04:13:14.508757Z,KXBTC15M-26OCT050015-15,0.0520,1.19,yes
2026-10-05T04:13:14.508757Z,KXBTC15M-26OCT050015-15,0.0510,42.00,yes
2026-10-05T04:13:14.508757Z,KXBTC15M-26OCT050015-15,0.0470,0.01,yes
2026-10-05T04:13:14.508757Z,KXBTC15M-26OCT050015-15,0.0480,200.00,yes
2026-10-05T04:13:14.508757Z,KXBTC15M-26OCT050015-15,0.0460,0.01,yes
2026-10-05T04:13:14.508757Z,KXBTC15M-26OCT050015-15,0.0470,12.00,yes
2026-10-05T04:13:14.508757Z,KXBTC15M-26OCT050015-15,0.0470,32.79,yes
2026-10-05T04:13:14.508757Z,KXBTC15M-26OCT050015-15,0.0500,9.00,yes
2026-10-05T04:13:14.558294Z,KXBTC15M-26OCT050015-15,0.0520,74.69,yes
2026-10-05T04:13:14.558294Z,KXBTC15M-26OCT050015-15,0.0510,1.00,yes
2026-10-05T04:13:14.558294Z,KXBTC15M-26OCT050015-15,0.0470,0.01,yes
2026-10-05T04:13:14.558294Z,KXBTC15M-26OCT050015-15,0.0460,0.01,yes
2026-10-05T04:13:14.558294Z,KXBTC15M-26OCT050015-15,0.0460,0.01,yes
2026-10-05T04:13:14.558294Z,KXBTC15M-26OCT050015-15,0.0510,1.00,yes
2026-10-05T04:13:14.811093Z,KXBTC15M-26OCT050015-15,0.0450,19.32,no
2026-10-05T04:13:14.82812Z,KXBTC15M-26OCT050015-15,0.0450,0.01,no
2026-10-05T04:13:14.82812Z,KXBTC15M-26OCT050015-15,0.0450,45.59,no
2026-10-05T04:13:14.82812Z,KXBTC15M-26OCT050015-15,0.0450,5.58,no
2026-10-05T04:13:14.82812Z,KXBTC15M-26OCT050015-15,0.0450,0.01,no
2026-10-05T04:13:15.003878Z,KXBTC15M-26OCT050015-15,0.0450,93.97,no
2026-10-05T04:13:15.003878Z,KXBTC15M-26OCT050015-15,0.0450,4.42,no
2026-10-05T04:13:15.032245Z,KXBTC15M-26OCT050015-15,0.0450,4.83,no
2026-10-05T04:13:15.14081Z,KXBTC15M-26OCT050015-15,0.0450,51.20,no
2026-10-05T04:13:15.14081Z,KXBTC15M-26OCT050015-15,0.0450,65.92,no
2026-10-05T04:13:15.162467Z,KXBTC15M-26OCT050015-15,0.0450,326.33,no
2026-10-05T04:13:15.162467Z,KXBTC15M-26OCT050015-15,0.0450,0.01,no
2026-10-05T04:13:15.162467Z,KXBTC15M-26OCT050015-15,0.0450,0.01,no
2026-10-05T04:13:15.162467Z,KXBTC15M-26OCT050015-15,0.0450,5.58,no
2026-10-05T04:13:15.162467Z,KXBTC15M-26OCT050015-15,0.0450,134.08,no
2026-10-05T04:13:15.162467Z,KXBTC15M-26OCT050015-15,0.0450,4.00,no
2026-10-05T04:13:15.162467Z,KXBTC15M-26OCT050015-15,0.0450,4.42,no
2026-10-05T04:13:15.163778Z,KXBTC15M-26OCT050015-15,0.0460,5.00,yes
2026-10-05T04:13:15.163778Z,KXBTC15M-26OCT050015-15,0.0460,7.50,yes
2026-10-05T04:13:15.195821Z,KXBTC15M-26OCT050015-15,0.0440,45.09,no
2026-10-05T04:13:15.214666Z,KXBTC15M-26OCT050015-15,0.0450,15.07,yes
2026-10-05T04:13:15.352853Z,KXBTC15M-26OCT050015-15,0.0450,20.10,yes
2026-10-05T04:13:15.360244Z,KXBTC15M-26OCT050015-15,0.0440,2.08,no
2026-10-05T04:13:15.377955Z,KXBTC15M-26OCT050015-15,0.0490,9.00,yes
2026-10-05T04:13:15.377955Z,KXBTC15M-26OCT050015-15,0.0480,91.00,yes
2026-10-05T04:13:15.377955Z,KXBTC15M-26OCT050015-15,0.0490,42.00,yes
2026-10-05T04:13:15.377955Z,KXBTC15M-26OCT050015-15,0.0450,114.83,yes
2026-10-05T04:13:15.377955Z,KXBTC15M-26OCT050015-15,0.0450,0.01,yes
2026-10-05T04:13:15.377955Z,KXBTC15M-26OCT050015-15,0.0490,13.43,yes
2026-10-05T04:13:15.377955Z,KXBTC15M-26OCT050015-15,0.0450,0.01,yes
2026-10-05T04:13:15.377955Z,KXBTC15M-26OCT050015-15,0.0480,77.00,yes
2026-10-05T04:13:15.402836Z,KXBTC15M-26OCT050015-15,0.0450,0.01,yes
2026-10-05T04:13:15.402836Z,KXBTC15M-26OCT050015-15,0.0450,32.99,yes
2026-10-05T04:13:15.446633Z,KXBTC15M-26OCT050015-15,0.0450,9.76,yes
2026-10-05T04:13:15.480361Z,KXBTC15M-26OCT050015-15,0.0440,37.50,no
2026-10-05T04:13:15.560112Z,KXBTC15M-26OCT050015-15,0.0440,2.00,no
2026-10-05T04:13:15.560112Z,KXBTC15M-26OCT050015-15,0.0440,500.00,no
2026-10-05T04:13:15.560112Z,KXBTC15M-26OCT050015-15,0.0430,2.00,no
2026-10-05T04:13:15.560112Z,KXBTC15M-26OCT050015-15,0.0420,2.00,no
2026-10-05T04:13:15.560112Z,KXBTC15M-26OCT050015-15,0.0430,2.00,no
2026-10-05T04:13:15.560112Z,KXBTC15M-26OCT050015-15,0.0410,2.00,no
2026-10-05T04:13:15.560112Z,KXBTC15M-26OCT050015-15,0.0420,2.00,no
2026-10-05T04:13:15.560112Z,KXBTC15M-26OCT050015-15,0.0420,161.00,no
2026-10-05T04:13:15.560112Z,KXBTC15M-26OCT050015-15,0.0360,188.00,no
2026-10-05T04:13:15.560112Z,KXBTC15M-26OCT050015-15,0.0440,100.00,no
2026-10-05T04:13:15.560112Z,KXBTC15M-26OCT050015-15,0.0440,0.01,no
2026-10-05T04:13:15.560112Z,KXBTC15M-26OCT050015-15,0.0440,0.01,no
2026-10-05T04:13:15.560112Z,KXBTC15M-26OCT050015-15,0.0430,200.00,no
2026-10-05T04:13:15.560112Z,KXBTC15M-26OCT050015-15,0.0400,15.00,no
2026-10-05T04:13:15.560112Z,KXBTC15M-26OCT050015-15,0.0420,9.00,no
2026-10-05T04:13:15.560112Z,KXBTC15M-26OCT050015-15,0.0420,161.00,no
2026-10-05T04:13:15.560112Z,KXBTC15M-26OCT050015-15,0.0440,200.00,no
2026-10-05T04:13:15.560112Z,KXBTC15M-26OCT050015-15,0.0440,400.00,no
2026-10-05T04:13:15.560112Z,KXBTC15M-26OCT050015-15,0.0400,64.00,no
2026-10-05T04:13:15.560112Z,KXBTC15M-26OCT050015-15,0.0360,388.63,no
2026-10-05T04:13:15.560112Z,KXBTC15M-26OCT050015-15,0.0410,33.00,no
2026-10-05T04:13:15.560112Z,KXBTC15M-26OCT050015-15,0.0350,518.29,no
2026-10-05T04:13:15.560112Z,KXBTC15M-26OCT050015-15,0.0390,1047.00,no
2026-10-05T04:13:15.560112Z,KXBTC15M-26OCT050015-15,0.0410,1047.00,no
2026-10-05T04:13:15.560112Z,KXBTC15M-26OCT050015-15,0.0420,20.00,no
2026-10-05T04:13:15.560112Z,KXBTC15M-26OCT050015-15,0.0440,962.33,no
2026-10-05T04:13:15.560112Z,KXBTC15M-26OCT050015-15,0.0420,100.00,no
2026-10-05T04:13:15.597617Z,KXBTC15M-26OCT050015-15,0.0360,19.53,yes
2026-10-05T04:13:15.61249Z,KXBTC15M-26OCT050015-15,0.0370,200.00,yes
2026-10-05T04:13:15.61249Z,KXBTC15M-26OCT050015-15,0.0360,3121.47,yes
2026-10-05T04:13:15.61249Z,KXBTC15M-26OCT050015-15,0.0380,48.44,yes
2026-10-05T04:13:15.61249Z,KXBTC15M-26OCT050015-15,0.0360,0.01,yes
2026-10-05T04:13:15.61249Z,KXBTC15M-26OCT050015-15,0.0360,0.01,yes
2026-10-05T04:13:15.61249Z,KXBTC15M-26OCT050015-15,0.0360,377.18,yes
2026-10-05T04:13:15.682954Z,KXBTC15M-26OCT050015-15,0.0390,4.54,no
2026-10-05T04:13:15.726246Z,KXBTC15M-26OCT050015-15,0.0390,91.93,no
2026-10-05T04:13:15.786106Z,KXBTC15M-26OCT050015-15,0.0400,2.07,yes
2026-10-05T04:13:15.786106Z,KXBTC15M-26OCT050015-15,0.0400,0.01,yes
2026-10-05T04:13:15.790419Z,KXBTC15M-26OCT050015-15,0.0400,67.93,yes
2026-10-05T04:13:15.833066Z,KXBTC15M-26OCT050015-15,0.0390,0.01,no
2026-10-05T04:13:15.833066Z,KXBTC15M-26OCT050015-15,0.0390,0.01,no
2026-10-05T04:13:15.833066Z,KXBTC15M-26OCT050015-15,0.0390,46.98,no
2026-10-05T04:13:15.853687Z,KXBTC15M-26OCT050015-15,0.0400,0.01,yes
2026-10-05T04:13:15.853687Z,KXBTC15M-26OCT050015-15,0.0430,20.81,yes
2026-10-05T04:13:15.853687Z,KXBTC15M-26OCT050015-15,0.0400,0.01,yes
2026-10-05T04:13:15.875091Z,KXBTC15M-26OCT050015-15,0.0400,1.34,no
2026-10-05T04:13:15.875091Z,KXBTC15M-26OCT050015-15,0.0400,21.77,no
2026-10-05T04:13:15.896723Z,KXBTC15M-26OCT050015-15,0.0430,70.00,yes
2026-10-05T04:13:15.896723Z,KXBTC15M-26OCT050015-15,0.0430,42.00,yes
2026-10-05T04:13:15.896723Z,KXBTC15M-26OCT050015-15,0.0430,0.01,yes
2026-10-05T04:13:15.896723Z,KXBTC15M-26OCT050015-15,0.0430,0.01,yes
2026-10-05T04:13:15.896723Z,KXBTC15M-26OCT050015-15,0.0430,21.19,yes
2026-10-05T04:13:15.896723Z,KXBTC15M-26OCT050015-15,0.0430,34.00,yes
2026-10-05T04:13:15.896723Z,KXBTC15M-26OCT050015-15,0.0430,13.00,yes
2026-10-05T04:13:15.899449Z,KXBTC15M-26OCT050015-15,0.0440,21.00,yes
2026-10-05T04:13:15.899449Z,KXBTC15M-26OCT050015-15,0.0440,2.00,yes
2026-10-05T04:13:15.899449Z,KXBTC15M-26OCT050015-15,0.0440,10.00,yes
2026-10-05T04:13:15.899449Z,KXBTC15M-26OCT050015-15,0.0440,69.00,yes
2026-10-05T04:13:16.009608Z,KXBTC15M-26OCT050015-15,0.0440,0.01,yes
2026-10-05T04:13:16.009608Z,KXBTC15M-26OCT050015-15,0.0450,22.99,yes
2026-10-05T04:13:16.009608Z,KXBTC15M-26OCT050015-15,0.0440,10.00,yes
2026-10-05T04:13:16.035542Z,KXBTC15M-26OCT050015-15,0.0430,25.89,no
2026-10-05T04:13:16.064547Z,KXBTC15M-26OCT050015-15,0.0450,46.00,yes
2026-10-05T04:13:16.092646Z,KXBTC15M-26OCT050015-15,0.0440,0.02,no
2026-10-05T04:13:16.094333Z,KXBTC15M-26OCT050015-15,0.0440,1.04,no
2026-10-05T04:13:16.178402Z,KXBTC15M-26OCT050015-15,0.0450,10.21,yes
2026-10-05T04:13:16.333833Z,KXBTC15M-26OCT050015-15,0.0450,2.58,yes
2026-10-05T04:13:16.41583Z,KXBTC15M-26OCT050015-15,0.0440,0.01,no
2026-10-05T04:13:16.41583Z,KXBTC15M-26OCT050015-15,0.0440,151.94,no
2026-10-05T04:13:16.41583Z,KXBTC15M-26OCT050015-15,0.0440,0.01,no
2026-10-05T04:13:16.41583Z,KXBTC15M-26OCT050015-15,0.0440,99.00,no
2026-10-05T04:13:16.484183Z,KXBTC15M-26OCT050015-15,0.0430,6.35,yes
2026-10-05T04:13:16.621107Z,KXBTC15M-26OCT050015-15,0.0450,6.55,yes
2026-10-05T04:13:16.650759Z,KXBTC15M-26OCT050015-15,0.0450,10.41,yes
2026-10-05T04:13:16.672378Z,KXBTC15M-26OCT050015-15,0.0450,61.24,yes
2026-10-05T04:13:16.673659Z,KXBTC15M-26OCT050015-15,0.0460,147.00,yes
2026-10-05T04:13:16.673659Z,KXBTC15M-26OCT050015-15,0.0460,35.00,yes
2026-10-05T04:13:16.673659Z,KXBTC15M-26OCT050015-15,0.0460,200.00,yes
2026-10-05T04:13:16.673659Z,KXBTC15M-26OCT050015-15,0.0460,9.00,yes
2026-10-05T04:13:16.673659Z,KXBTC15M-26OCT050015-15,0.0470,547.14,yes
2026-10-05T04:13:16.673659Z,KXBTC15M-26OCT050015-15,0.0450,887.02,yes
2026-10-05T04:13:16.673659Z,KXBTC15M-26OCT050015-15,0.0460,8.56,yes
2026-10-05T04:13:16.673659Z,KXBTC15M-26OCT050015-15,0.0450,207.59,yes
2026-10-05T04:13:16.688677Z,KXBTC15M-26OCT050015-15,0.0450,0.96,no
2026-10-05T04:13:16.69692Z,KXBTC15M-26OCT050015-15,0.0460,18.41,yes
2026-10-05T04:13:16.69692Z,KXBTC15M-26OCT050015-15,0.0460,1.00,yes
2026-10-05T04:13:16.69692Z,KXBTC15M-26OCT050015-15,0.0460,1.00,yes
2026-10-05T04:13:16.697567Z,KXBTC15M-26OCT050015-15,0.0450,0.52,no
2026-10-05T04:13:16.699201Z,KXBTC15M-26OCT050015-15,0.0460,20.41,yes
2026-10-05T04:13:16.766255Z,KXBTC15M-26OCT050015-15,0.0450,20.43,no
2026-10-05T04:13:16.800127Z,KXBTC15M-26OCT050015-15,0.0450,12.95,no
2026-10-05T04:13:16.861795Z,KXBTC15M-26OCT050015-15,0.0450,1.00,no
2026-10-05T04:13:16.963313Z,KXBTC15M-26OCT050015-15,0.0450,10.40,no
2026-10-05T04:13:16.967158Z,KXBTC15M-26OCT050015-15,0.0460,103.97,yes
2026-10-05T04:13:16.974216Z,KXBTC15M-26OCT050015-15,0.0450,8.00,no
2026-10-05T04:13:16.977275Z,KXBTC15M-26OCT050015-15,0.0450,20.00,no
2026-10-05T04:13:16.989708Z,KXBTC15M-26OCT050015-15,0.0450,0.52,no
2026-10-05T04:13:17.109576Z,KXBTC15M-26OCT050015-15,0.0460,2.87,yes
2026-10-05T04:13:17.123334Z,KXBTC15M-26OCT050015-15,0.0460,10.00,yes
2026-10-05T04:13:17.170915Z,KXBTC15M-26OCT050015-15,0.0460,7.59,yes
2026-10-05T04:13:17.170915Z,KXBTC15M-26OCT050015-15,0.0460,33.16,yes
2026-10-05T04:13:17.179864Z,KXBTC15M-26OCT050015-15,0.0460,37.48,yes
2026-10-05T04:13:17.179864Z,KXBTC15M-26OCT050015-15,0.0460,64.41,yes
2026-10-05T04:13:17.220726Z,KXBTC15M-26OCT050015-15,0.0450,114.82,no
2026-10-05T04:13:17.323895Z,KXBTC15M-26OCT050015-15,0.0460,100.00,yes
2026-10-05T04:13:17.323895Z,KXBTC15M-26OCT050015-15,0.0460,299.40,yes
2026-10-05T04:13:17.404091Z,KXBTC15M-26OCT050015-15,0.0460,101.89,yes
2026-10-05T04:13:17.412046Z,KXBTC15M-26OCT050015-15,0.0450,0.22,no
2026-10-05T04:13:17.418002Z,KXBTC15M-26OCT050015-15,0.0460,20.37,yes
2026-10-05T04:13:17.464467Z,KXBTC15M-26OCT050015-15,0.0460,20.37,yes
2026-10-05T04:13:17.475067Z,KXBTC15M-26OCT050015-15,0.0450,317.32,no
2026-10-05T04:13:17.501064Z,KXBTC15M-26OCT050015-15,0.0460,13.00,yes
2026-10-05T04:13:17.501064Z,KXBTC15M-26OCT050015-15,0.0460,7.37,yes
2026-10-05T04:13:17.568335Z,KXBTC15M-26OCT050015-15,0.0460,16.44,yes
2026-10-05T04:13:17.585522Z,KXBTC15M-26OCT050015-15,0.0450,96.09,no
2026-10-05T04:13:17.612207Z,KXBTC15M-26OCT050015-15,0.0450,700.72,no
2026-10-05T04:13:17.661424Z,KXBTC15M-26OCT050015-15,0.0450,1.39,no
2026-10-05T04:13:17.661424Z,KXBTC15M-26OCT050015-15,0.0450,0.01,no
2026-10-05T04:13:17.661424Z,KXBTC15M-26OCT050015-15,0.0450,0.01,no
2026-10-05T04:13:17.674614Z,KXBTC15M-26OCT050015-15,0.0440,9.00,no
2026-10-05T04:13:17.674614Z,KXBTC15M-26OCT050015-15,0.0430,144.85,no
2026-10-05T04:13:17.674614Z,KXBTC15M-26OCT050015-15,0.0450,0.01,no
2026-10-05T04:13:17.674614Z,KXBTC15M-26OCT050015-15,0.0450,0.01,no
2026-10-05T04:13:17.674614Z,KXBTC15M-26OCT050015-15,0.0440,153.00,no
2026-10-05T04:13:17.697512Z,KXBTC15M-26OCT050015-15,0.0440,40.75,yes
2026-10-05T04:13:17.783854Z,KXBTC15M-26OCT050015-15,0.0430,35.77,no
2026-10-05T04:13:17.783854Z,KXBTC15M-26OCT050015-15,0.0430,0.01,no
2026-10-05T04:13:17.783854Z,KXBTC15M-26OCT050015-15,0.0430,0.01,no
2026-10-05T04:13:17.843249Z,KXBTC15M-26OCT050015-15,0.0430,8.05,no
2026-10-05T04:13:17.85226Z,KXBTC15M-26OCT050015-15,0.0450,20.35,yes
2026-10-05T04:13:17.85226Z,KXBTC15M-26OCT050015-15,0.0450,0.01,yes
2026-10-05T04:13:17.85226Z,KXBTC15M-26OCT050015-15,0.0450,0.01,yes
2026-10-05T04:13:17.871496Z,KXBTC15M-26OCT050015-15,0.0450,10.37,yes
2026-10-05T04:13:17.903101Z,KXBTC15M-26OCT050015-15,0.0450,18.28,yes
2026-10-05T04:13:17.903101Z,KXBTC15M-26OCT050015-15,0.0450,2.09,yes
2026-10-05T04:13:17.913348Z,KXBTC15M-26OCT050015-15,0.0450,45.32,yes
2026-10-05T04:13:18.000922Z,KXBTC15M-26OCT050015-15,0.0440,20.37,yes
2026-10-05T04:13:18.060305Z,KXBTC15M-26OCT050015-15,0.0420,10.52,no
2026-10-05T04:13:18.060305Z,KXBTC15M-26OCT050015-15,0.0430,0.01,no
2026-10-05T04:13:18.060305Z,KXBTC15M-26OCT050015-15,0.0430,0.01,no
2026-10-05T04:13:18.179877Z,KXBTC15M-26OCT050015-15,0.0430,20.37,yes
2026-10-05T04:13:18.268343Z,KXBTC15M-26OCT050015-15,0.0430,91.70,yes
2026-10-05T04:13:18.282264Z,KXBTC15M-26OCT050015-15,0.0430,0.01,yes
2026-10-05T04:13:18.282264Z,KXBTC15M-26OCT050015-15,0.0430,30.05,yes
2026-10-05T04:13:18.282264Z,KXBTC15M-26OCT050015-15,0.0430,37.93,yes
2026-10-05T04:13:18.282264Z,KXBTC15M-26OCT050015-15,0.0430,1.00,yes
2026-10-05T04:13:18.282264Z,KXBTC15M-26OCT050015-15,0.0430,154.00,yes
2026-10-05T04:13:18.282264Z,KXBTC15M-26OCT050015-15,0.0430,0.01,yes
2026-10-05T04:13:18.314634Z,KXBTC15M-26OCT050015-15,0.0430,78.00,yes
2026-10-05T04:13:18.314634Z,KXBTC15M-26OCT050015-15,0.0430,0.01,yes
2026-10-05T04:13:18.314634Z,KXBTC15M-26OCT050015-15,0.0430,0.01,yes
2026-10-05T04:13:18.314634Z,KXBTC15M-26OCT050015-15,0.0450,25.12,yes
2026-10-05T04:13:18.314634Z,KXBTC15M-26OCT050015-15,0.0440,1.00,yes
2026-10-05T04:13:18.316581Z,KXBTC15M-26OCT050015-15,0.0450,40.75,yes
2026-10-05T04:13:18.350189Z,KXBTC15M-26OCT050015-15,0.0450,72.86,yes
2026-10-05T04:13:18.350189Z,KXBTC15M-26OCT050015-15,0.0450,4.13,yes
2026-10-05T04:13:18.350189Z,KXBTC15M-26OCT050015-15,0.0430,0.01,yes
2026-10-05T04:13:18.420148Z,KXBTC15M-26OCT050015-15,0.0440,15.35,yes
2026-10-05T04:13:18.420148Z,KXBTC15M-26OCT050015-15,0.0430,1.00,yes
2026-10-05T04:13:18.43052Z,KXBTC15M-26OCT050015-15,0.0440,173.20,yes
2026-10-05T04:13:18.43052Z,KXBTC15M-26OCT050015-15,0.0440,35.09,yes
2026-10-05T04:13:18.485088Z,KXBTC15M-26OCT050015-15,0.0420,5.20,no
2026-10-05T04:13:18.497051Z,KXBTC15M-26OCT050015-15,0.0440,1.01,yes
2026-10-05T04:13:18.503558Z,KXBTC15M-26OCT050015-15,0.0440,20.04,yes
2026-10-05T04:13:18.560665Z,KXBTC15M-26OCT050015-15,0.0440,20.02,yes
2026-10-05T04:13:18.617381Z,KXBTC15M-26OCT050015-15,0.0420,82.28,no
2026-10-05T04:13:18.617381Z,KXBTC15M-26OCT050015-15,0.0420,9.00,no
2026-10-05T04:13:18.617381Z,KXBTC15M-26OCT050015-15,0.0420,200.00,no
2026-10-05T04:13:18.617381Z,KXBTC15M-26OCT050015-15,0.0420,0.01,no
2026-10-05T04:13:18.617381Z,KXBTC15M-26OCT050015-15,0.0420,0.01,no
2026-10-05T04:13:18.617381Z,KXBTC15M-26OCT050015-15,0.0420,143.27,no
2026-10-05T04:13:18.632965Z,KXBTC15M-26OCT050015-15,0.0430,270.27,no
2026-10-05T04:13:18.650352Z,KXBTC15M-26OCT050015-15,0.0420,0.01,no
2026-10-05T04:13:18.650352Z,KXBTC15M-26OCT050015-15,0.0420,0.01,no
2026-10-05T04:13:18.650352Z,KXBTC15M-26OCT050015-15,0.0430,0.01,no
2026-10-05T04:13:18.650352Z,KXBTC15M-26OCT050015-15,0.0430,0.01,no
2026-10-05T04:13:18.650352Z,KXBTC15M-26OCT050015-15,0.0410,36.67,no
2026-10-05T04:13:18.682865Z,KXBTC15M-26OCT050015-15,0.0430,0.01,no
2026-10-05T04:13:18.682865Z,KXBTC15M-26OCT050015-15,0.0420,9.00,no
2026-10-05T04:13:18.682865Z,KXBTC15M-26OCT050015-15,0.0430,0.01,no
2026-10-05T04:13:18.682865Z,KXBTC15M-26OCT050015-15,0.0410,14.84,no
2026-10-05T04:13:18.743169Z,KXBTC15M-26OCT050015-15,0.0420,0.01,no
2026-10-05T04:13:18.743169Z,KXBTC15M-26OCT050015-15,0.0420,0.01,no
2026-10-05T04:13:18.743169Z,KXBTC15M-26OCT050015-15,0.0420,9.00,no
2026-10-05T04:13:18.743169Z,KXBTC15M-26OCT050015-15,0.0420,6.59,no
2026-10-05T04:13:18.775529Z,KXBTC15M-26OCT050015-15,0.0420,0.10,no
2026-10-05T04:13:18.815445Z,KXBTC15M-26OCT050015-15,0.0420,16.96,no
2026-10-05T04:13:18.832143Z,KXBTC15M-26OCT050015-15,0.0460,29.09,yes
2026-10-05T04:13:18.832143Z,KXBTC15M-26OCT050015-15,0.0430,0.01,yes
2026-10-05T04:13:18.832143Z,KXBTC15M-26OCT050015-15,0.0430,0.01,yes
2026-10-05T04:13:18.832143Z,KXBTC15M-26OCT050015-15,0.0440,14.00,yes
2026-10-05T04:13:18.832143Z,KXBTC15M-26OCT050015-15,0.0430,150.00,yes
2026-10-05T04:13:18.832143Z,KXBTC15M-26OCT050015-15,0.0450,15.00,yes
2026-10-05T04:13:18.867964Z,KXBTC15M-26OCT050015-15,0.0430,0.01,yes
2026-10-05T04:13:18.867964Z,KXBTC15M-26OCT050015-15,0.0460,0.37,yes
2026-10-05T04:13:18.867964Z,KXBTC15M-26OCT050015-15,0.0430,0.01,yes
2026-10-05T04:13:18.867964Z,KXBTC15M-26OCT050015-15,0.0440,0.01,yes
2026-10-05T04:13:18.868424Z,KXBTC15M-26OCT050015-15,0.0420,3.14,no
2026-10-05T04:13:18.91081Z,KXBTC15M-26OCT050015-15,0.0460,1.00,yes
2026-10-05T04:13:18.91081Z,KXBTC15M-26OCT050015-15,0.0460,1.00,yes
2026-10-05T04:13:18.91081Z,KXBTC15M-26OCT050015-15,0.0480,2.00,yes
2026-10-05T04:13:18.91081Z,KXBTC15M-26OCT050015-15,0.0490,639.98,yes
2026-10-05T04:13:18.91081Z,KXBTC15M-26OCT050015-15,0.0480,63.00,yes
2026-10-05T04:13:18.91081Z,KXBTC15M-26OCT050015-15,0.0480,28.00,yes
2026-10-05T04:13:18.91081Z,KXBTC15M-26OCT050015-15,0.0480,56.00,yes
2026-10-05T04:13:18.91081Z,KXBTC15M-26OCT050015-15,0.0460,49.00,yes
2026-10-05T04:13:18.91081Z,KXBTC15M-26OCT050015-15,0.0480,7.00,yes
2026-10-05T04:13:18.91081Z,KXBTC15M-26OCT050015-15,0.0430,0.01,yes
2026-10-05T04:13:18.91081Z,KXBTC15M-26OCT050015-15,0.0470,9.00,yes
2026-10-05T04:13:18.91081Z,KXBTC15M-26OCT050015-15,0.0480,35.00,yes
2026-10-05T04:13:18.91081Z,KXBTC15M-26OCT050015-15,0.0480,9.00,yes
2026-10-05T04:13:18.91081Z,KXBTC15M-26OCT050015-15,0.0480,14.00,yes
2026-10-05T04:13:18.91081Z,KXBTC15M-26OCT050015-15,0.0440,0.01,yes
2026-10-05T04:13:18.91081Z,KXBTC15M-26OCT050015-15,0.0440,0.01,yes
2026-10-05T04:13:18.91081Z,KXBTC15M-26OCT050015-15,0.0440,400.00,yes
2026-10-05T04:13:18.91081Z,KXBTC15M-26OCT050015-15,0.0470,2.00,yes
2026-10-05T04:13:18.91081Z,KXBTC15M-26OCT050015-15,0.0430,0.01,yes
2026-10-05T04:13:18.91081Z,KXBTC15M-26OCT050015-15,0.0460,87.92,yes
2026-10-05T04:13:18.91081Z,KXBTC15M-26OCT050015-15,0.0460,84.00,yes
2026-10-05T04:13:18.91081Z,KXBTC15M-26OCT050015-15,0.0490,2.00,yes
2026-10-05T04:13:18.91081Z,KXBTC15M-26OCT050015-15,0.0480,2.00,yes
2026-10-05T04:13:18.91081Z,KXBTC15M-26OCT050015-15,0.0490,2.00,yes
2026-10-05T04:13:18.91081Z,KXBTC15M-26OCT050015-15,0.0450,500.00,yes
2026-10-05T04:13:18.911105Z,KXBTC15M-26OCT050015-15,0.0420,87.59,no
2026-10-05T04:13:18.911105Z,KXBTC15M-26OCT050015-15,0.0420,0.01,no
2026-10-05T04:13:18.911105Z,KXBTC15M-26OCT050015-15,0.0420,0.01,no
2026-10-05T04:13:18.911105Z,KXBTC15M-26OCT050015-15,0.0420,9.00,no
2026-10-05T04:13:18.939844Z,KXBTC15M-26OCT050015-15,0.0420,2.00,no
2026-10-05T04:13:18.939844Z,KXBTC15M-26OCT050015-15,0.0420,0.01,no
2026-10-05T04:13:18.939844Z,KXBTC15M-26OCT050015-15,0.0420,9.00,no
2026-10-05T04:13:18.939844Z,KXBTC15M-26OCT050015-15,0.0420,0.01,no
2026-10-05T04:13:18.947509Z,KXBTC15M-26OCT050015-15,0.0420,21.30,yes
2026-10-05T04:13:19.001047Z,KXBTC15M-26OCT050015-15,0.0420,21.30,yes
2026-10-05T04:13:19.041837Z,KXBTC15M-26OCT050015-15,0.0420,23.64,yes
2026-10-05T04:13:19.113398Z,KXBTC15M-26OCT050015-15,0.0410,25.09,no
2026-10-05T04:13:19.116862Z,KXBTC15M-26OCT050015-15,0.0410,23.40,no
2026-10-05T04:13:19.116862Z,KXBTC15M-26OCT050015-15,0.0410,32.53,no
2026-10-05T04:13:19.178837Z,KXBTC15M-26OCT050015-15,0.0410,5.03,no
2026-10-05T04:13:19.213131Z,KXBTC15M-26OCT050015-15,0.0410,106.99,no
2026-10-05T04:13:19.233367Z,KXBTC15M-26OCT050015-15,0.0410,50.00,no
2026-10-05T04:13:19.425245Z,KXBTC15M-26OCT050015-15,0.0420,3.15,yes
2026-10-05T04:13:19.451332Z,KXBTC15M-26OCT050015-15,0.0410,25.99,no
2026-10-05T04:13:19.51731Z,KXBTC15M-26OCT050015-15,0.0420,80.61,yes
2026-10-05T04:13:19.51731Z,KXBTC15M-26OCT050015-15,0.0420,0.01,yes
2026-10-05T04:13:19.51731Z,KXBTC15M-26OCT050015-15,0.0420,0.01,yes
2026-10-05T04:13:19.51731Z,KXBTC15M-26OCT050015-15,0.0420,52.79,yes
2026-10-05T04:13:19.536406Z,KXBTC15M-26OCT050015-15,0.0450,15.00,yes
2026-10-05T04:13:19.536406Z,KXBTC15M-26OCT050015-15,0.0420,0.01,yes
2026-10-05T04:13:19.536406Z,KXBTC15M-26OCT050015-15,0.0420,0.01,yes
2026-10-05T04:13:19.536406Z,KXBTC15M-26OCT050015-15,0.0420,46.21,yes
2026-10-05T04:13:19.536406Z,KXBTC15M-26OCT050015-15,0.0450,7.00,yes
2026-10-05T04:13:19.536406Z,KXBTC15M-26OCT050015-15,0.0450,136.22,yes
2026-10-05T04:13:19.640308Z,KXBTC15M-26OCT050015-15,0.0410,21.00,no
2026-10-05T04:13:19.678007Z,KXBTC15M-26OCT050015-15,0.0410,83.18,no
2026-10-05T04:13:19.684024Z,KXBTC15M-26OCT050015-15,0.0410,2.85,no
2026-10-05T04:13:19.687211Z,KXBTC15M-26OCT050015-15,0.0410,5.89,no
2026-10-05T04:13:19.771845Z,KXBTC15M-26OCT050015-15,0.0410,10.42,no
2026-10-05T04:13:19.774252Z,KXBTC15M-26OCT050015-15,0.0450,2.42,yes
2026-10-05T04:13:19.774252Z,KXBTC15M-26OCT050015-15,0.0450,0.01,yes
2026-10-05T04:13:19.774252Z,KXBTC15M-26OCT050015-15,0.0450,0.01,yes
2026-10-05T04:13:19.791011Z,KXBTC15M-26OCT050015-15,0.0460,10.74,yes
2026-10-05T04:13:19.791011Z,KXBTC15M-26OCT050015-15,0.0450,400.00,yes
2026-10-05T04:13:19.807611Z,KXBTC15M-26OCT050015-15,0.0410,103.97,no
2026-10-05T04:13:19.813181Z,KXBTC15M-26OCT050015-15,0.0410,5.09,no
2026-10-05T04:13:19.929665Z,KXBTC15M-26OCT050015-15,0.0450,2.06,yes
2026-10-05T04:13:20.082271Z,KXBTC15M-26OCT050015-15,0.0420,50.00,yes
2026-10-05T04:13:20.113164Z,KXBTC15M-26OCT050015-15,0.0410,21.57,no
2026-10-05T04:13:20.126697Z,KXBTC15M-26OCT050015-15,0.0430,24.75,yes
2026-10-05T04:13:20.126697Z,KXBTC15M-26OCT050015-15,0.0430,16.00,yes
2026-10-05T04:13:20.127101Z,KXBTC15M-26OCT050015-15,0.0430,20.62,yes
2026-10-05T04:13:20.19618Z,KXBTC15M-26OCT050015-15,0.0410,0.31,no
2026-10-05T04:13:20.220904Z,KXBTC15M-26OCT050015-15,0.0460,20.41,yes
2026-10-05T04:13:20.325693Z,KXBTC15M-26OCT050015-15,0.0430,20.83,yes
2026-10-05T04:13:20.375895Z,KXBTC15M-26OCT050015-15,0.0430,10.00,yes
2026-10-05T04:13:20.529821Z,KXBTC15M-26OCT050015-15,0.0420,0.01,no
2026-10-05T04:13:20.529821Z,KXBTC15M-26OCT050015-15,0.0420,0.01,no
2026-10-05T04:13:20.529821Z,KXBTC15M-26OCT050015-15,0.0410,243.28,no
2026-10-05T04:13:20.547967Z,KXBTC15M-26OCT050015-15,0.0420,7.31,yes
2026-10-05T04:13:20.572635Z,KXBTC15M-26OCT050015-15,0.0420,20.83,yes
2026-10-05T04:13:20.680345Z,KXBTC15M-26OCT050015-15,0.0410,5.19,no
2026-10-05T04:13:20.695178Z,KXBTC15M-26OCT050015-15,0.0410,207.95,no
2026-10-05T04:13:20.775078Z,KXBTC15M-26OCT050015-15,0.0410,13.66,no
2026-10-05T04:13:20.807699Z,KXBTC15M-26OCT050015-15,0.0420,13.00,yes
2026-10-05T04:13:20.826674Z,KXBTC15M-26OCT050015-15,0.0410,5.00,no
2026-10-05T04:13:20.853633Z,KXBTC15M-26OCT050015-15,0.0420,2.08,yes
2026-10-05T04:13:20.878474Z,KXBTC15M-26OCT050015-15,0.0420,43.59,yes
2026-10-05T04:13:20.92043Z,KXBTC15M-26OCT050015-15,0.0420,40.75,yes
2026-10-05T04:13:20.936687Z,KXBTC15M-26OCT050015-15,0.0420,22.44,yes
2026-10-05T04:13:20.936687Z,KXBTC15M-26OCT050015-15,0.0420,0.01,yes
2026-10-05T04:13:20.936687Z,KXBTC15M-26OCT050015-15,0.0420,64.54,yes
2026-10-05T04:13:20.936687Z,KXBTC15M-26OCT050015-15,0.0420,0.01,yes
2026-10-05T04:13:20.992836Z,KXBTC15M-26OCT050015-15,0.0410,10.39,no
2026-10-05T04:13:21.050457Z,KXBTC15M-26OCT050015-15,0.0420,100.00,no
2026-10-05T04:13:21.056084Z,KXBTC15M-26OCT050015-15,0.0430,9.43,yes
2026-10-05T04:13:21.056084Z,KXBTC15M-26OCT050015-15,0.0430,90.57,yes
2026-10-05T04:13:21.082873Z,KXBTC15M-26OCT050015-15,0.0400,169.00,no
2026-10-05T04:13:21.082873Z,KXBTC15M-26OCT050015-15,0.0420,0.01,no
2026-10-05T04:13:21.082873Z,KXBTC15M-26OCT050015-15,0.0420,0.01,no
2026-10-05T04:13:21.082873Z,KXBTC15M-26OCT050015-15,0.0410,0.01,no
2026-10-05T04:13:21.082873Z,KXBTC15M-26OCT050015-15,0.0410,0.01,no
2026-10-05T04:13:21.082873Z,KXBTC15M-26OCT050015-15,0.0390,173.00,no
2026-10-05T04:13:21.082873Z,KXBTC15M-26OCT050015-15,0.0390,98.00,no
2026-10-05T04:13:21.082873Z,KXBTC15M-26OCT050015-15,0.0380,41.05,no
2026-10-05T04:13:21.082873Z,KXBTC15M-26OCT050015-15,0.0390,2.00,no
2026-10-05T04:13:21.082873Z,KXBTC15M-26OCT050015-15,0.0400,2.00,no
2026-10-05T04:13:21.082873Z,KXBTC15M-26OCT050015-15,0.0400,2.00,no
2026-10-05T04:13:21.082873Z,KXBTC15M-26OCT050015-15,0.0390,2.00,no
2026-10-05T04:13:21.119041Z,KXBTC15M-26OCT050015-15,0.0400,0.01,no
2026-10-05T04:13:21.119041Z,KXBTC15M-26OCT050015-15,0.0400,1.02,no
2026-10-05T04:13:21.127526Z,KXBTC15M-26OCT050015-15,0.0410,16.78,yes
2026-10-05T04:13:21.225599Z,KXBTC15M-26OCT050015-15,0.0410,34.00,yes
2026-10-05T04:13:21.225764Z,KXBTC15M-26OCT050015-15,0.0410,0.01,yes
2026-10-05T04:13:21.225764Z,KXBTC15M-26OCT050015-15,0.0410,99.22,yes
2026-10-05T04:13:21.225764Z,KXBTC15M-26OCT050015-15,0.0410,0.01,yes
2026-10-05T04:13:21.225764Z,KXBTC15M-26OCT050015-15,0.0410,336.00,yes
2026-10-05T04:13:21.225764Z,KXBTC15M-26OCT050015-15,0.0430,0.57,yes
2026-10-05T04:13:21.250347Z,KXBTC15M-26OCT050015-15,0.0410,44.62,yes
2026-10-05T04:13:21.273975Z,KXBTC15M-26OCT050015-15,0.0420,14.00,yes
2026-10-05T04:13:21.273975Z,KXBTC15M-26OCT050015-15,0.0410,26.38,yes
2026-10-05T04:13:21.273975Z,KXBTC15M-26OCT050015-15,0.0440,105.93,yes
2026-10-05T04:13:21.273975Z,KXBTC15M-26OCT050015-15,0.0430,0.01,yes
2026-10-05T04:13:21.273975Z,KXBTC15M-26OCT050015-15,0.0420,7.00,yes
2026-10-05T04:13:21.273975Z,KXBTC15M-26OCT050015-15,0.0410,0.01,yes
2026-10-05T04:13:21.273975Z,KXBTC15M-26OCT050015-15,0.0430,0.01,yes
2026-10-05T04:13:21.273975Z,KXBTC15M-26OCT050015-15,0.0430,14.43,yes
2026-10-05T04:13:21.52872Z,KXBTC15M-26OCT050015-15,0.0410,25.00,no
2026-10-05T04:13:21.547078Z,KXBTC15M-26OCT050015-15,0.0410,30.25,no
2026-10-05T04:13:21.634047Z,KXBTC15M-26OCT050015-15,0.0430,15.00,yes
2026-10-05T04:13:21.634047Z,KXBTC15M-26OCT050015-15,0.0430,6.86,yes
2026-10-05T04:13:21.836978Z,KXBTC15M-26OCT050015-15,0.0430,0.54,yes
2026-10-05T04:13:21.838903Z,KXBTC15M-26OCT050015-15,0.0430,150.00,yes
2026-10-05T04:13:21.948892Z,KXBTC15M-26OCT050015-15,0.0420,5.42,yes
2026-10-05T04:13:21.975949Z,KXBTC15M-26OCT050015-15,0.0420,26.52,yes
2026-10-05T04:13:21.980831Z,KXBTC15M-26OCT050015-15,0.0420,10.07,yes
2026-10-05T04:13:21.996804Z,KXBTC15M-26OCT050015-15,0.0420,21.19,yes
2026-10-05T04:13:22.046887Z,KXBTC15M-26OCT050015-15,0.0420,22.31,yes
2026-10-05T04:13:22.107261Z,KXBTC15M-26OCT050015-15,0.0420,44.62,yes
2026-10-05T04:13:22.174661Z,KXBTC15M-26OCT050015-15,0.0410,0.01,no
2026-10-05T04:13:22.174661Z,KXBTC15M-26OCT050015-15,0.0410,0.01,no
2026-10-05T04:13:22.174661Z,KXBTC15M-26OCT050015-15,0.0410,1.01,no
2026-10-05T04:13:22.233167Z,KXBTC15M-26OCT050015-15,0.0420,455.38,yes
2026-10-05T04:13:22.233167Z,KXBTC15M-26OCT050015-15,0.0420,0.01,yes
2026-10-05T04:13:22.233167Z,KXBTC15M-26OCT050015-15,0.0420,0.01,yes
2026-10-05T04:13:22.233167Z,KXBTC15M-26OCT050015-15,0.0420,50.00,yes
2026-10-05T04:13:22.233167Z,KXBTC15M-26OCT050015-15,0.0420,90.00,yes
2026-10-05T04:13:22.257965Z,KXBTC15M-26OCT050015-15,0.0420,1.03,no
2026-10-05T04:13:22.35613Z,KXBTC15M-26OCT050015-15,0.0420,5.18,no
2026-10-05T04:13:22.404264Z,KXBTC15M-26OCT050015-15,0.0420,0.01,no
2026-10-05T04:13:22.404264Z,KXBTC15M-26OCT050015-15,0.0420,0.01,no
2026-10-05T04:13:22.404264Z,KXBTC15M-26OCT050015-15,0.0420,18.64,no
2026-10-05T04:13:22.424393Z,KXBTC15M-26OCT050015-15,0.0420,170.01,no
2026-10-05T04:13:22.50335Z,KXBTC15M-26OCT050015-15,0.0430,34.00,yes
2026-10-05T04:13:22.505301Z,KXBTC15M-26OCT050015-15,0.0430,100.00,yes
2026-10-05T04:13:22.505301Z,KXBTC15M-26OCT050015-15,0.0430,61.00,yes
2026-10-05T04:13:22.505301Z,KXBTC15M-26OCT050015-15,0.0430,166.99,yes
2026-10-05T04:13:22.544137Z,KXBTC15M-26OCT050015-15,0.0380,136.95,no
2026-10-05T04:13:22.544137Z,KXBTC15M-26OCT050015-15,0.0370,98.00,no
2026-10-05T04:13:22.544137Z,KXBTC15M-26OCT050015-15,0.0360,75.89,no
2026-10-05T04:13:22.544137Z,KXBTC15M-26OCT050015-15,0.0380,98.00,no
2026-10-05T04:13:22.544137Z,KXBTC15M-26OCT050015-15,0.0370,1047.00,no
2026-10-05T04:13:22.544137Z,KXBTC15M-26OCT050015-15,0.0370,2.00,no
2026-10-05T04:13:22.544137Z,KXBTC15M-26OCT050015-15,0.0370,2.00,no
2026-10-05T04:13:22.544137Z,KXBTC15M-26OCT050015-15,0.0390,10.00,no
2026-10-05T04:13:22.544137Z,KXBTC15M-26OCT050015-15,0.0420,0.01,no
2026-10-05T04:13:22.544137Z,KXBTC15M-26OCT050015-15,0.0380,177.00,no
2026-10-05T04:13:22.544137Z,KXBTC15M-26OCT050015-15,0.0410,173.13,no
2026-10-05T04:13:22.544137Z,KXBTC15M-26OCT050015-15,0.0420,162.00,no
2026-10-05T04:13:22.544137Z,KXBTC15M-26OCT050015-15,0.0420,173.13,no
2026-10-05T04:13:22.544137Z,KXBTC15M-26OCT050015-15,0.0420,0.01,no
2026-10-05T04:13:22.587687Z,KXBTC15M-26OCT050015-15,0.0400,11.15,yes
2026-10-05T04:13:22.602323Z,KXBTC15M-26OCT050015-15,0.0360,188.00,no
2026-10-05T04:13:22.602323Z,KXBTC15M-26OCT050015-15,0.0360,22.11,no
2026-10-05T04:13:22.602323Z,KXBTC15M-26OCT050015-15,0.0360,37.00,no
2026-10-05T04:13:22.602323Z,KXBTC15M-26OCT050015-15,0.0380,1.32,no
2026-10-05T04:13:22.602323Z,KXBTC15M-26OCT050015-15,0.0360,2.00,no
2026-10-05T04:13:22.602323Z,KXBTC15M-26OCT050015-15,0.0380,1.34,no
2026-10-05T04:13:22.602323Z,KXBTC15M-26OCT050015-15,0.0380,0.01,no
2026-10-05T04:13:22.602323Z,KXBTC15M-26OCT050015-15,0.0380,100.00,no
2026-10-05T04:13:22.602323Z,KXBTC15M-26OCT050015-15,0.0360,27.36,no
2026-10-05T04:13:22.602323Z,KXBTC15M-26OCT050015-15,0.0380,0.01,no
2026-10-05T04:13:22.640078Z,KXBTC15M-26OCT050015-15,0.0380,0.01,no
2026-10-05T04:13:22.640078Z,KXBTC15M-26OCT050015-15,0.0380,14.22,no
2026-10-05T04:13:22.640078Z,KXBTC15M-26OCT050015-15,0.0380,0.01,no
2026-10-05T04:13:22.640854Z,KXBTC15M-26OCT050015-15,0.0380,50.00,no
2026-10-05T04:13:22.675023Z,KXBTC15M-26OCT050015-15,0.0390,21.30,yes
2026-10-05T04:13:22.699718Z,KXBTC15M-26OCT050015-15,0.0390,22.31,yes
2026-10-05T04:13:22.745559Z,KXBTC15M-26OCT050015-15,0.0390,21.30,yes
2026-10-05T04:13:22.76183Z,KXBTC15M-26OCT050015-15,0.0390,10.65,yes
2026-10-05T04:13:22.779945Z,KXBTC15M-26OCT050015-15,0.0390,64.44,yes
2026-10-05T04:13:22.779945Z,KXBTC15M-26OCT050015-15,0.0390,47.12,yes
2026-10-05T04:13:22.789314Z,KXBTC15M-26OCT050015-15,0.0380,299.41,no
2026-10-05T04:13:22.83922Z,KXBTC15M-26OCT050015-15,0.0390,4.90,yes
2026-10-05T04:13:22.913877Z,KXBTC15M-26OCT050015-15,0.0390,6.32,yes
2026-10-05T04:13:23.027138Z,KXBTC15M-26OCT050015-15,0.0390,51.04,yes
2026-10-05T04:13:23.170647Z,KXBTC15M-26OCT050015-15,0.0390,142.62,yes
2026-10-05T04:13:23.170647Z,KXBTC15M-26OCT050015-15,0.0390,200.00,yes
2026-10-05T04:13:23.170647Z,KXBTC15M-26OCT050015-15,0.0390,0.01,yes
2026-10-05T04:13:23.170647Z,KXBTC15M-26OCT050015-15,0.0390,126.85,yes
2026-10-05T04:13:23.170647Z,KXBTC15M-26OCT050015-15,0.0390,0.01,yes
2026-10-05T04:13:23.170647Z,KXBTC15M-26OCT050015-15,0.0390,11.00,yes
2026-10-05T04:13:23.246438Z,KXBTC15M-26OCT050015-15,0.0380,15.63,no
2026-10-05T04:13:23.392927Z,KXBTC15M-26OCT050015-15,0.0390,24.02,yes
2026-10-05T04:13:23.492698Z,KXBTC15M-26OCT050015-15,0.0390,240.24,yes
2026-10-05T04:13:23.501064Z,KXBTC15M-26OCT050015-15,0.0390,198.56,yes
2026-10-05T04:13:23.501064Z,KXBTC15M-26OCT050015-15,0.0390,3.09,yes
2026-10-05T04:13:23.501064Z,KXBTC15M-26OCT050015-15,0.0390,90.00,yes
2026-10-05T04:13:23.501064Z,KXBTC15M-26OCT050015-15,0.0390,0.01,yes
2026-10-05T04:13:23.501064Z,KXBTC15M-26OCT050015-15,0.0390,11.00,yes
2026-10-05T04:13:23.501064Z,KXBTC15M-26OCT050015-15,0.0390,200.00,yes
2026-10-05T04:13:23.501064Z,KXBTC15M-26OCT050015-15,0.0390,0.01,yes
2026-10-05T04:13:23.501064Z,KXBTC15M-26OCT050015-15,0.0390,400.00,yes
2026-10-05T04:13:23.501064Z,KXBTC15M-26OCT050015-15,0.0390,108.89,yes
2026-10-05T04:13:23.501064Z,KXBTC15M-26OCT050015-15,0.0390,100.00,yes
2026-10-05T04:13:23.501064Z,KXBTC15M-26OCT050015-15,0.0390,167.00,yes
2026-10-05T04:13:23.544152Z,KXBTC15M-26OCT050015-15,0.0390,0.01,yes
2026-10-05T04:13:23.544152Z,KXBTC15M-26OCT050015-15,0.0390,11.00,yes
2026-10-05T04:13:23.544152Z,KXBTC15M-26OCT050015-15,0.0390,87.91,yes
2026-10-05T04:13:23.544152Z,KXBTC15M-26OCT050015-15,0.0390,21.19,yes
2026-10-05T04:13:23.544152Z,KXBTC15M-26OCT050015-15,0.0390,0.01,yes
2026-10-05T04:13:23.569082Z,KXBTC15M-26OCT050015-15,0.0390,26.37,yes
2026-10-05T04:13:23.579299Z,KXBTC15M-26OCT050015-15,0.0390,0.64,yes
2026-10-05T04:13:23.579299Z,KXBTC15M-26OCT050015-15,0.0390,119.48,yes
2026-10-05T04:13:23.620375Z,KXBTC15M-26OCT050015-15,0.0380,2.84,no
2026-10-05T04:13:23.630445Z,KXBTC15M-26OCT050015-15,0.0390,1.20,yes
2026-10-05T04:13:23.681066Z,KXBTC15M-26OCT050015-15,0.0390,25.00,yes
2026-10-05T04:13:23.684362Z,KXBTC15M-26OCT050015-15,0.0380,1.00,no
2026-10-05T04:13:23.684362Z,KXBTC15M-26OCT050015-15,0.0380,107.61,no
2026-10-05T04:13:23.684362Z,KXBTC15M-26OCT050015-15,0.0380,0.01,no
2026-10-05T04:13:23.684362Z,KXBTC15M-26OCT050015-15,0.0380,0.01,no
2026-10-05T04:13:23.721355Z,KXBTC15M-26OCT050015-15,0.0370,0.01,no
2026-10-05T04:13:23.721355Z,KXBTC15M-26OCT050015-15,0.0370,8.12,no
2026-10-05T04:13:23.721355Z,KXBTC15M-26OCT050015-15,0.0370,1.00,no
2026-10-05T04:13:23.721355Z,KXBTC15M-26OCT050015-15,0.0370,0.01,no
2026-10-05T04:13:23.741045Z,KXBTC15M-26OCT050015-15,0.0370,408.56,no
2026-10-05T04:13:23.741045Z,KXBTC15M-26OCT050015-15,0.0370,0.01,no
2026-10-05T04:13:23.741045Z,KXBTC15M-26OCT050015-15,0.0360,27.92,no
2026-10-05T04:13:23.741045Z,KXBTC15M-26OCT050015-15,0.0360,1.00,no
2026-10-05T04:13:23.741045Z,KXBTC15M-26OCT050015-15,0.0370,0.01,no
2026-10-05T04:13:23.761451Z,KXBTC15M-26OCT050015-15,0.0370,3.34,yes
2026-10-05T04:13:23.86836Z,KXBTC15M-26OCT050015-15,0.0370,52.39,yes
2026-10-05T04:13:23.896341Z,KXBTC15M-26OCT050015-15,0.0370,25.83,yes
2026-10-05T04:13:23.896341Z,KXBTC15M-26OCT050015-15,0.0370,0.01,yes
2026-10-05T04:13:23.896341Z,KXBTC15M-26OCT050015-15,0.0370,94.27,yes
2026-10-05T04:13:23.896341Z,KXBTC15M-26OCT050015-15,0.0370,0.01,yes
2026-10-05T04:13:23.907347Z,KXBTC15M-26OCT050015-15,0.0360,31.38,no
2026-10-05T04:13:23.919252Z,KXBTC15M-26OCT050015-15,0.0370,44.72,yes
2026-10-05T04:13:23.929172Z,KXBTC15M-26OCT050015-15,0.0370,120.12,yes
2026-10-05T04:13:23.958816Z,KXBTC15M-26OCT050015-15,0.0370,17.00,yes
2026-10-05T04:13:23.967443Z,KXBTC15M-26OCT050015-15,0.0370,93.00,yes
2026-10-05T04:13:23.967443Z,KXBTC15M-26OCT050015-15,0.0370,1.00,yes
2026-10-05T04:13:23.967443Z,KXBTC15M-26OCT050015-15,0.0390,56.16,yes
2026-10-05T04:13:23.967443Z,KXBTC15M-26OCT050015-15,0.0390,1.00,yes
2026-10-05T04:13:23.967443Z,KXBTC15M-26OCT050015-15,0.0380,14.00,yes
2026-10-05T04:13:23.967443Z,KXBTC15M-26OCT050015-15,0.0370,0.01,yes
2026-10-05T04:13:23.967443Z,KXBTC15M-26OCT050015-15,0.0380,1.00,yes
2026-10-05T04:13:23.967443Z,KXBTC15M-26OCT050015-15,0.0390,14.00,yes
2026-10-05T04:13:23.967443Z,KXBTC15M-26OCT050015-15,0.0370,0.01,yes
2026-10-05T04:13:23.967443Z,KXBTC15M-26OCT050015-15,0.0400,55.26,yes
2026-10-05T04:13:23.973586Z,KXBTC15M-26OCT050015-15,0.0360,59.77,no
2026-10-05T04:13:23.985801Z,KXBTC15M-26OCT050015-15,0.0370,0.01,yes
2026-10-05T04:13:23.985801Z,KXBTC15M-26OCT050015-15,0.0370,0.01,yes
2026-10-05T04:13:23.985801Z,KXBTC15M-26OCT050015-15,0.0380,0.01,yes
2026-10-05T04:13:23.985801Z,KXBTC15M-26OCT050015-15,0.0380,79.18,yes
2026-10-05T04:13:24.094375Z,KXBTC15M-26OCT050015-15,0.0370,14.40,yes
2026-10-05T04:13:24.094375Z,KXBTC15M-26OCT050015-15,0.0370,0.01,yes
2026-10-05T04:13:24.158193Z,KXBTC15M-26OCT050015-15,0.0360,68.93,no
2026-10-05T04:13:24.158193Z,KXBTC15M-26OCT050015-15,0.0360,1.00,no
2026-10-05T04:13:24.158193Z,KXBTC15M-26OCT050015-15,0.0360,0.01,no
2026-10-05T04:13:24.158193Z,KXBTC15M-26OCT050015-15,0.0360,183.88,no
2026-10-05T04:13:24.158193Z,KXBTC15M-26OCT050015-15,0.0360,0.01,no
2026-10-05T04:13:24.158193Z,KXBTC15M-26OCT050015-15,0.0360,469.42,no
2026-10-05T04:13:24.203258Z,KXBTC15M-26OCT050015-15,0.0360,8.06,no
2026-10-05T04:13:24.203258Z,KXBTC15M-26OCT050015-15,0.0360,30.58,no
2026-10-05T04:13:24.232201Z,KXBTC15M-26OCT050015-15,0.0360,28.00,no
2026-10-05T04:13:24.261231Z,KXBTC15M-26OCT050015-15,0.0370,1.78,yes
2026-10-05T04:13:24.271548Z,KXBTC15M-26OCT050015-15,0.0370,126.60,yes
2026-10-05T04:13:24.274646Z,KXBTC15M-26OCT050015-15,0.0360,0.51,no
2026-10-05T04:13:24.302427Z,KXBTC15M-26OCT050015-15,0.0370,7.22,yes
2026-10-05T04:13:24.302427Z,KXBTC15M-26OCT050015-15,0.0370,18.10,yes
2026-10-05T04:13:24.305651Z,KXBTC15M-26OCT050015-15,0.0370,25.32,yes
2026-10-05T04:13:24.323929Z,KXBTC15M-26OCT050015-15,0.0370,18.55,yes
2026-10-05T04:13:24.323929Z,KXBTC15M-26OCT050015-15,0.0370,6.58,yes
2026-10-05T04:13:24.446215Z,KXBTC15M-26OCT050015-15,0.0370,6.28,yes
2026-10-05T04:13:24.484967Z,KXBTC15M-26OCT050015-15,0.0360,153.13,no
2026-10-05T04:13:24.5727Z,KXBTC15M-26OCT050015-15,0.0360,114.85,no
2026-10-05T04:13:24.599506Z,KXBTC15M-26OCT050015-15,0.0370,2.14,yes
2026-10-05T04:13:24.669077Z,KXBTC15M-26OCT050015-15,0.0370,6.33,yes
2026-10-05T04:13:24.716093Z,KXBTC15M-26OCT050015-15,0.0370,0.01,yes
2026-10-05T04:13:24.716093Z,KXBTC15M-26OCT050015-15,0.0370,16.70,yes
2026-10-05T04:13:24.716093Z,KXBTC15M-26OCT050015-15,0.0370,0.01,yes
2026-10-05T04:13:24.716093Z,KXBTC15M-26OCT050015-15,0.0370,8.60,yes
2026-10-05T04:13:24.726566Z,KXBTC15M-26OCT050015-15,0.0370,10.60,yes
2026-10-05T04:13:24.747963Z,KXBTC15M-26OCT050015-15,0.0370,50.00,yes
2026-10-05T04:13:24.751788Z,KXBTC15M-26OCT050015-15,0.0360,0.01,no
2026-10-05T04:13:24.751788Z,KXBTC15M-26OCT050015-15,0.0360,0.01,no
2026-10-05T04:13:24.751788Z,KXBTC15M-26OCT050015-15,0.0360,123.11,no
2026-10-05T04:13:24.762683Z,KXBTC15M-26OCT050015-15,0.0370,50.00,yes
2026-10-05T04:13:24.798921Z,KXBTC15M-26OCT050015-15,0.0370,0.01,yes
2026-10-05T04:13:24.798921Z,KXBTC15M-26OCT050015-15,0.0370,0.01,yes
2026-10-05T04:13:24.798921Z,KXBTC15M-26OCT050015-15,0.0370,163.99,yes
2026-10-05T04:13:24.863649Z,KXBTC15M-26OCT050015-15,0.0390,10.47,yes
2026-10-05T04:13:25.028516Z,KXBTC15M-26OCT050015-15,0.0390,1.00,yes
2026-10-05T04:13:25.052157Z,KXBTC15M-26OCT050015-15,0.0390,7.09,yes
2026-10-05T04:13:25.075719Z,KXBTC15M-26OCT050015-15,0.0390,50.53,yes
2026-10-05T04:13:25.160833Z,KXBTC15M-26OCT050015-15,0.0390,7.56,yes
2026-10-05T04:13:25.235027Z,KXBTC15M-26OCT050015-15,0.0390,120.19,yes
2026-10-05T04:13:25.239888Z,KXBTC15M-26OCT050015-15,0.0380,2.53,no
2026-10-05T04:13:25.372744Z,KXBTC15M-26OCT050015-15,0.0380,1.03,no
2026-10-05T04:13:25.381565Z,KXBTC15M-26OCT050015-15,0.0390,12.01,yes
2026-10-05T04:13:25.429422Z,KXBTC15M-26OCT050015-15,0.0340,2.00,no
2026-10-05T04:13:25.429422Z,KXBTC15M-26OCT050015-15,0.0340,10.00,no
2026-10-05T04:13:25.429422Z,KXBTC15M-26OCT050015-15,0.0340,199.00,no
2026-10-05T04:13:25.429422Z,KXBTC15M-26OCT050015-15,0.0380,360.35,no
2026-10-05T04:13:25.429422Z,KXBTC15M-26OCT050015-15,0.0370,122.48,no
2026-10-05T04:13:25.429422Z,KXBTC15M-26OCT050015-15,0.0380,0.01,no
2026-10-05T04:13:25.429422Z,KXBTC15M-26OCT050015-15,0.0380,0.01,no
2026-10-05T04:13:25.429422Z,KXBTC15M-26OCT050015-15,0.0340,199.00,no
2026-10-05T04:13:25.429422Z,KXBTC15M-26OCT050015-15,0.0330,67.09,no
2026-10-05T04:13:25.429422Z,KXBTC15M-26OCT050015-15,0.0350,200.00,no
2026-10-05T04:13:25.573227Z,KXBTC15M-26OCT050015-15,0.0350,341.10,no
2026-10-05T04:13:25.573227Z,KXBTC15M-26OCT050015-15,0.0350,58.88,no
2026-10-05T04:13:25.573227Z,KXBTC15M-26OCT050015-15,0.0350,0.01,no
2026-10-05T04:13:25.573227Z,KXBTC15M-26OCT050015-15,0.0350,0.01,no
2026-10-05T04:13:25.684618Z,KXBTC15M-26OCT050015-15,0.0360,43.40,yes
2026-10-05T04:13:25.690181Z,KXBTC15M-26OCT050015-15,0.0360,11.00,yes
2026-10-05T04:13:25.690536Z,KXBTC15M-26OCT050015-15,0.0360,19.00,yes
2026-10-05T04:13:25.729461Z,KXBTC15M-26OCT050015-15,0.0350,15.86,no
2026-10-05T04:13:25.790194Z,KXBTC15M-26OCT050015-15,0.0360,3.09,yes
2026-10-05T04:13:25.792854Z,KXBTC15M-26OCT050015-15,0.0350,5.00,no
2026-10-05T04:13:25.796727Z,KXBTC15M-26OCT050015-15,0.0370,16.00,yes
2026-10-05T04:13:25.796727Z,KXBTC15M-26OCT050015-15,0.0360,0.01,yes
2026-10-05T04:13:25.796727Z,KXBTC15M-26OCT050015-15,0.0360,1.00,yes
2026-10-05T04:13:25.796727Z,KXBTC15M-26OCT050015-15,0.0360,0.01,yes
2026-10-05T04:13:25.796727Z,KXBTC15M-26OCT050015-15,0.0380,5.49,yes
2026-10-05T04:13:25.796727Z,KXBTC15M-26OCT050015-15,0.0360,1.51,yes
2026-10-05T04:13:25.804872Z,KXBTC15M-26OCT050015-15,0.0360,0.01,yes
2026-10-05T04:13:25.804872Z,KXBTC15M-26OCT050015-15,0.0360,0.01,yes
2026-10-05T04:13:25.830808Z,KXBTC15M-26OCT050015-15,0.0350,0.84,no
2026-10-05T04:13:25.860039Z,KXBTC15M-26OCT050015-15,0.0380,500.00,yes
2026-10-05T04:13:25.860039Z,KXBTC15M-26OCT050015-15,0.0400,344.74,yes
2026-10-05T04:13:25.860039Z,KXBTC15M-26OCT050015-15,0.0410,9.05,yes
2026-10-05T04:13:25.860039Z,KXBTC15M-26OCT050015-15,0.0400,5.00,yes
2026-10-05T04:13:25.860039Z,KXBTC15M-26OCT050015-15,0.0380,194.51,yes
2026-10-05T04:13:25.860039Z,KXBTC15M-26OCT050015-15,0.0390,100.00,yes
2026-10-05T04:13:25.860039Z,KXBTC15M-26OCT050015-15,0.0390,210.00,yes
2026-10-05T04:13:25.860039Z,KXBTC15M-26OCT050015-15,0.0380,200.00,yes
2026-10-05T04:13:25.860039Z,KXBTC15M-26OCT050015-15,0.0400,132.21,yes
2026-10-05T04:13:25.860039Z,KXBTC15M-26OCT050015-15,0.0380,11.00,yes
2026-10-05T04:13:25.860039Z,KXBTC15M-26OCT050015-15,0.0390,56.00,yes
2026-10-05T04:13:25.860039Z,KXBTC15M-26OCT050015-15,0.0390,200.00,yes
2026-10-05T04:13:25.860039Z,KXBTC15M-26OCT050015-15,0.0380,369.68,yes
2026-10-05T04:13:25.860292Z,KXBTC15M-26OCT050015-15,0.0350,5.00,no
2026-10-05T04:13:25.887223Z,KXBTC15M-26OCT050015-15,0.0390,88.98,no
2026-10-05T04:13:25.951367Z,KXBTC15M-26OCT050015-15,0.0400,10.00,yes
2026-10-05T04:13:25.951367Z,KXBTC15M-26OCT050015-15,0.0400,12.53,yes
2026-10-05T04:13:25.951367Z,KXBTC15M-26OCT050015-15,0.0400,1.00,yes
2026-10-05T04:13:25.982123Z,KXBTC15M-26OCT050015-15,0.0390,0.01,no
2026-10-05T04:13:25.982123Z,KXBTC15M-26OCT050015-15,0.0350,0.01,no
2026-10-05T04:13:25.982123Z,KXBTC15M-26OCT050015-15,0.0350,0.01,no
2026-10-05T04:13:25.982123Z,KXBTC15M-26OCT050015-15,0.0390,0.01,no
2026-10-05T04:13:25.982123Z,KXBTC15M-26OCT050015-15,0.0340,1.00,no
2026-10-05T04:13:25.982123Z,KXBTC15M-26OCT050015-15,0.0340,10.70,no
2026-10-05T04:13:25.994281Z,KXBTC15M-26OCT050015-15,0.0350,24.02,yes
2026-10-05T04:13:26.021597Z,KXBTC15M-26OCT050015-15,0.0340,90.00,no
2026-10-05T04:13:26.022692Z,KXBTC15M-26OCT050015-15,0.0350,15.81,yes
2026-10-05T04:13:26.141831Z,KXBTC15M-26OCT050015-15,0.0340,5.16,no
2026-10-05T04:13:26.155962Z,KXBTC15M-26OCT050015-15,0.0340,2.06,no
2026-10-05T04:13:26.179945Z,KXBTC15M-26OCT050015-15,0.0350,26.02,yes
2026-10-05T04:13:26.214486Z,KXBTC15M-26OCT050015-15,0.0340,2.78,no
2026-10-05T04:13:26.214486Z,KXBTC15M-26OCT050015-15,0.0340,0.01,no
2026-10-05T04:13:26.214486Z,KXBTC15M-26OCT050015-15,0.0340,2.21,no
2026-10-05T04:13:26.245896Z,KXBTC15M-26OCT050015-15,0.0350,18.74,yes
2026-10-05T04:13:26.257909Z,KXBTC15M-26OCT050015-15,0.0340,58.75,no
2026-10-05T04:13:26.266401Z,KXBTC15M-26OCT050015-15,0.0340,0.80,no
2026-10-05T04:13:26.29908Z,KXBTC15M-26OCT050015-15,0.0340,412.69,no
2026-10-05T04:13:26.320923Z,KXBTC15M-26OCT050015-15,0.0340,1.03,no
2026-10-05T04:13:26.364101Z,KXBTC15M-26OCT050015-15,0.0340,1.03,no
2026-10-05T04:13:26.441983Z,KXBTC15M-26OCT050015-15,0.0340,10.00,no
2026-10-05T04:13:26.441983Z,KXBTC15M-26OCT050015-15,0.0340,0.01,no
2026-10-05T04:13:26.441983Z,KXBTC15M-26OCT050015-15,0.0340,23.49,no
2026-10-05T04:13:26.441983Z,KXBTC15M-26OCT050015-15,0.0340,94.55,no
2026-10-05T04:13:26.44609Z,KXBTC15M-26OCT050015-15,0.0370,18.00,yes
2026-10-05T04:13:26.44609Z,KXBTC15M-26OCT050015-15,0.0350,0.01,yes
2026-10-05T04:13:26.44609Z,KXBTC15M-26OCT050015-15,0.0350,65.41,yes
2026-10-05T04:13:26.44609Z,KXBTC15M-26OCT050015-15,0.0390,11.00,yes
2026-10-05T04:13:26.44609Z,KXBTC15M-26OCT050015-15,0.0400,12.48,yes
2026-10-05T04:13:26.44609Z,KXBTC15M-26OCT050015-15,0.0350,0.01,yes
2026-10-05T04:13:26.44609Z,KXBTC15M-26OCT050015-15,0.0350,165.89,yes
2026-10-05T04:13:26.44609Z,KXBTC15M-26OCT050015-15,0.0350,189.00,yes
2026-10-05T04:13:26.44609Z,KXBTC15M-26OCT050015-15,0.0390,14.00,yes
2026-10-05T04:13:26.44609Z,KXBTC15M-26OCT050015-15,0.0360,200.00,yes
2026-10-05T04:13:26.44609Z,KXBTC15M-26OCT050015-15,0.0390,175.00,yes
2026-10-05T04:13:26.44609Z,KXBTC15M-26OCT050015-15,0.0350,84.00,yes
2026-10-05T04:13:26.454687Z,KXBTC15M-26OCT050015-15,0.0340,83.44,no
2026-10-05T04:13:26.454687Z,KXBTC15M-26OCT050015-15,0.0340,17.86,no
2026-10-05T04:13:26.469352Z,KXBTC15M-26OCT050015-15,0.0350,86.87,no
2026-10-05T04:13:26.469352Z,KXBTC15M-26OCT050015-15,0.0350,193.00,no
2026-10-05T04:13:26.481287Z,KXBTC15M-26OCT050015-15,0.0350,40.00,no
2026-10-05T04:13:26.571195Z,KXBTC15M-26OCT050015-15,0.0350,21.91,no
2026-10-05T04:13:26.585248Z,KXBTC15M-26OCT050015-15,0.0360,0.01,yes
2026-10-05T04:13:26.585248Z,KXBTC15M-26OCT050015-15,0.0360,0.01,yes
2026-10-05T04:13:26.585248Z,KXBTC15M-26OCT050015-15,0.0380,0.80,yes
2026-10-05T04:13:26.882685Z,KXBTC15M-26OCT050015-15,0.0350,26.44,no
2026-10-05T04:13:26.900396Z,KXBTC15M-26OCT050015-15,0.0360,0.01,yes
2026-10-05T04:13:26.900396Z,KXBTC15M-26OCT050015-15,0.0360,1.00,yes
2026-10-05T04:13:26.900396Z,KXBTC15M-26OCT050015-15,0.0360,0.01,yes
2026-10-05T04:13:26.900396Z,KXBTC15M-26OCT050015-15,0.0370,0.31,yes
2026-10-05T04:13:26.900396Z,KXBTC15M-26OCT050015-15,0.0360,1.00,yes
2026-10-05T04:13:26.909834Z,KXBTC15M-26OCT050015-15,0.0370,16.69,yes
2026-10-05T04:13:26.909834Z,KXBTC15M-26OCT050015-15,0.0370,29.83,yes
2026-10-05T04:13:26.95211Z,KXBTC15M-26OCT050015-15,0.0370,46.52,yes
2026-10-05T04:13:27.196643Z,KXBTC15M-26OCT050015-15,0.0370,123.04,yes
2026-10-05T04:13:27.212064Z,KXBTC15M-26OCT050015-15,0.0370,0.01,yes
2026-10-05T04:13:27.212064Z,KXBTC15M-26OCT050015-15,0.0370,0.01,yes
2026-10-05T04:13:27.212064Z,KXBTC15M-26OCT050015-15,0.0370,20.18,yes
2026-10-05T04:13:27.212064Z,KXBTC15M-26OCT050015-15,0.0370,30.44,yes
2026-10-05T04:13:27.254576Z,KXBTC15M-26OCT050015-15,0.0330,979.91,no
2026-10-05T04:13:27.254576Z,KXBTC15M-26OCT050015-15,0.0310,1047.00,no
2026-10-05T04:13:27.254576Z,KXBTC15M-26OCT050015-15,0.0320,2.00,no
2026-10-05T04:13:27.254576Z,KXBTC15M-26OCT050015-15,0.0310,2.00,no
2026-10-05T04:13:27.254576Z,KXBTC15M-26OCT050015-15,0.0310,2.00,no
2026-10-05T04:13:27.254576Z,KXBTC15M-26OCT050015-15,0.0360,156.65,no
2026-10-05T04:13:27.254576Z,KXBTC15M-26OCT050015-15,0.0310,137.40,no
2026-10-05T04:13:27.254576Z,KXBTC15M-26OCT050015-15,0.0330,1.00,no
2026-10-05T04:13:27.254576Z,KXBTC15M-26OCT050015-15,0.0360,1.00,no
2026-10-05T04:13:27.254576Z,KXBTC15M-26OCT050015-15,0.0360,0.01,no
2026-10-05T04:13:27.254576Z,KXBTC15M-26OCT050015-15,0.0350,1.00,no
2026-10-05T04:13:27.254576Z,KXBTC15M-26OCT050015-15,0.0340,1.00,no
2026-10-05T04:13:27.254576Z,KXBTC15M-26OCT050015-15,0.0340,10.00,no
2026-10-05T04:13:27.254576Z,KXBTC15M-26OCT050015-15,0.0350,356.62,no
2026-10-05T04:13:27.254576Z,KXBTC15M-26OCT050015-15,0.0360,188.00,no
2026-10-05T04:13:27.254576Z,KXBTC15M-26OCT050015-15,0.0360,0.01,no
2026-10-05T04:13:27.254576Z,KXBTC15M-26OCT050015-15,0.0340,199.00,no
2026-10-05T04:13:27.254576Z,KXBTC15M-26OCT050015-15,0.0320,1.00,no
2026-10-05T04:13:27.254576Z,KXBTC15M-26OCT050015-15,0.0350,7.17,no
2026-10-05T04:13:27.254576Z,KXBTC15M-26OCT050015-15,0.0310,1.00,no
2026-10-05T04:13:27.259413Z,KXBTC15M-26OCT050015-15,0.0290,1047.00,no
2026-10-05T04:13:27.259413Z,KXBTC15M-26OCT050015-15,0.0300,39.00,no
2026-10-05T04:13:27.259413Z,KXBTC15M-26OCT050015-15,0.0300,2.00,no
2026-10-05T04:13:27.259413Z,KXBTC15M-26OCT050015-15,0.0310,80.60,no
2026-10-05T04:13:27.259413Z,KXBTC15M-26OCT050015-15,0.0290,63.78,no
2026-10-05T04:13:27.259413Z,KXBTC15M-26OCT050015-15,0.0300,50.00,no
2026-10-05T04:13:27.259413Z,KXBTC15M-26OCT050015-15,0.0300,93.75,no
2026-10-05T04:13:27.259413Z,KXBTC15M-26OCT050015-15,0.0290,1.00,no
2026-10-05T04:13:27.259413Z,KXBTC15M-26OCT050015-15,0.0300,93.75,no
2026-10-05T04:13:27.259413Z,KXBTC15M-26OCT050015-15,0.0300,15.00,no
2026-10-05T04:13:27.259413Z,KXBTC15M-26OCT050015-15,0.0300,15.00,no
2026-10-05T04:13:27.259413Z,KXBTC15M-26OCT050015-15,0.0300,1.00,no
2026-10-05T04:13:27.259413Z,KXBTC15M-26OCT050015-15,0.0300,64.00,no
2026-10-05T04:13:27.259413Z,KXBTC15M-26OCT050015-15,0.0300,2.00,no
2026-10-05T04:13:27.259413Z,KXBTC15M-26OCT050015-15,0.0300,64.00,no
2026-10-05T04:13:27.259413Z,KXBTC15M-26OCT050015-15,0.0290,89.12,no
2026-10-05T04:13:27.288927Z,KXBTC15M-26OCT050015-15,0.0290,1.00,no
2026-10-05T04:13:27.308851Z,KXBTC15M-26OCT050015-15,0.0300,115.41,yes
2026-10-05T04:13:27.308851Z,KXBTC15M-26OCT050015-15,0.0300,10.00,yes
2026-10-05T04:13:27.322743Z,KXBTC15M-26OCT050015-15,0.0300,24.43,yes
2026-10-05T04:13:27.349674Z,KXBTC15M-26OCT050015-15,0.0290,20.25,no
2026-10-05T04:13:27.487066Z,KXBTC15M-26OCT050015-15,0.0290,49.00,no
2026-10-05T04:13:27.487066Z,KXBTC15M-26OCT050015-15,0.0290,0.01,no
2026-10-05T04:13:27.487066Z,KXBTC15M-26OCT050015-15,0.0290,0.01,no
2026-10-05T04:13:27.487066Z,KXBTC15M-26OCT050015-15,0.0290,52.38,no
2026-10-05T04:13:27.504116Z,KXBTC15M-26OCT050015-15,0.0300,10.16,yes
2026-10-05T04:13:27.504116Z,KXBTC15M-26OCT050015-15,0.0300,40.48,yes
2026-10-05T04:13:27.531878Z,KXBTC15M-26OCT050015-15,0.0300,50.64,yes
2026-10-05T04:13:27.544132Z,KXBTC15M-26OCT050015-15,0.0290,25.34,no
2026-10-05T04:13:27.561909Z,KXBTC15M-26OCT050015-15,0.0290,20.00,no
2026-10-05T04:13:27.643955Z,KXBTC15M-26OCT050015-15,0.0300,75.96,yes
2026-10-05T04:13:27.698539Z,KXBTC15M-26OCT050015-15,0.0300,31.21,yes
2026-10-05T04:13:27.718053Z,KXBTC15M-26OCT050015-15,0.0300,60.93,yes
2026-10-05T04:13:27.780736Z,KXBTC15M-26OCT050015-15,0.0300,31.21,yes
2026-10-05T04:13:27.827025Z,KXBTC15M-26OCT050015-15,0.0300,31.21,yes
2026-10-05T04:13:27.867179Z,KXBTC15M-26OCT050015-15,0.0260,1.00,no
2026-10-05T04:13:27.867179Z,KXBTC15M-26OCT050015-15,0.0280,41.00,no
2026-10-05T04:13:27.867179Z,KXBTC15M-26OCT050015-15,0.0290,0.01,no
2026-10-05T04:13:27.867179Z,KXBTC15M-26OCT050015-15,0.0280,154.58,no
2026-10-05T04:13:27.867179Z,KXBTC15M-26OCT050015-15,0.0260,100.81,no
2026-10-05T04:13:27.867179Z,KXBTC15M-26OCT050015-15,0.0290,304.17,no
2026-10-05T04:13:27.867179Z,KXBTC15M-26OCT050015-15,0.0290,154.58,no
2026-10-05T04:13:27.867179Z,KXBTC15M-26OCT050015-15,0.0290,1.00,no
2026-10-05T04:13:27.867179Z,KXBTC15M-26OCT050015-15,0.0290,0.01,no
2026-10-05T04:13:27.867179Z,KXBTC15M-26OCT050015-15,0.0290,5.66,no
2026-10-05T04:13:27.867179Z,KXBTC15M-26OCT050015-15,0.0260,10.00,no
2026-10-05T04:13:27.867179Z,KXBTC15M-26OCT050015-15,0.0270,150.00,no
2026-10-05T04:13:27.867179Z,KXBTC15M-26OCT050015-15,0.0290,400.00,no
2026-10-05T04:13:27.867179Z,KXBTC15M-26OCT050015-15,0.0270,1.00,no
2026-10-05T04:13:27.867179Z,KXBTC15M-26OCT050015-15,0.0280,1.00,no
2026-10-05T04:13:27.898866Z,KXBTC15M-26OCT050015-15,0.0270,132.03,yes
2026-10-05T04:13:27.995427Z,KXBTC15M-26OCT050015-15,0.0270,88.95,yes
2026-10-05T04:13:28.007232Z,KXBTC15M-26OCT050015-15,0.0270,62.42,yes
2026-10-05T04:13:28.023562Z,KXBTC15M-26OCT050015-15,0.0270,295.06,yes
2026-10-05T04:13:28.035007Z,KXBTC15M-26OCT050015-15,0.0270,12.80,yes
2026-10-05T04:13:28.041862Z,KXBTC15M-26OCT050015-15,0.0270,5.00,yes
2026-10-05T04:13:28.066344Z,KXBTC15M-26OCT050015-15,0.0260,15.00,no
2026-10-05T04:13:28.106641Z,KXBTC15M-26OCT050015-15,0.0270,62.42,yes
2026-10-05T04:13:28.153914Z,KXBTC15M-26OCT050015-15,0.0270,31.21,yes
2026-10-05T04:13:28.160165Z,KXBTC15M-26OCT050015-15,0.0270,20.00,yes
2026-10-05T04:13:28.200146Z,KXBTC15M-26OCT050015-15,0.0270,31.21,yes
2026-10-05T04:13:28.200724Z,KXBTC15M-26OCT050015-15,0.0270,93.00,yes
2026-10-05T04:13:28.210862Z,KXBTC15M-26OCT050015-15,0.0260,128.07,no
2026-10-05T04:13:28.210862Z,KXBTC15M-26OCT050015-15,0.0260,2.00,no
2026-10-05T04:13:28.210862Z,KXBTC15M-26OCT050015-15,0.0260,17.00,no
2026-10-05T04:13:28.210862Z,KXBTC15M-26OCT050015-15,0.0260,42.00,no
2026-10-05T04:13:28.210862Z,KXBTC15M-26OCT050015-15,0.0260,100.00,no
2026-10-05T04:13:28.210862Z,KXBTC15M-26OCT050015-15,0.0260,0.01,no
2026-10-05T04:13:28.210862Z,KXBTC15M-26OCT050015-15,0.0260,2.00,no
2026-10-05T04:13:28.210862Z,KXBTC15M-26OCT050015-15,0.0260,1.00,no
2026-10-05T04:13:28.210862Z,KXBTC15M-26OCT050015-15,0.0260,144.19,no
2026-10-05T04:13:28.210862Z,KXBTC15M-26OCT050015-15,0.0260,0.01,no
2026-10-05T04:13:28.210862Z,KXBTC15M-26OCT050015-15,0.0260,400.00,no
2026-10-05T04:13:28.210862Z,KXBTC15M-26OCT050015-15,0.0260,302.15,no
2026-10-05T04:13:28.234579Z,KXBTC15M-26OCT050015-15,0.0270,246.17,yes
2026-10-05T04:13:28.266196Z,KXBTC15M-26OCT050015-15,0.0270,117.20,yes
2026-10-05T04:13:28.268269Z,KXBTC15M-26OCT050015-15,0.0270,34.00,yes
2026-10-05T04:13:28.311284Z,KXBTC15M-26OCT050015-15,0.0270,1.05,yes
2026-10-05T04:13:28.318167Z,KXBTC15M-26OCT050015-15,0.0270,50.64,yes
2026-10-05T04:13:28.329945Z,KXBTC15M-26OCT050015-15,0.0270,118.37,yes
2026-10-05T04:13:28.377454Z,KXBTC15M-26OCT050015-15,0.0270,261.32,yes
2026-10-05T04:13:28.412119Z,KXBTC15M-26OCT050015-15,0.0260,1.00,no
2026-10-05T04:13:28.412119Z,KXBTC15M-26OCT050015-15,0.0260,368.38,no
2026-10-05T04:13:28.412119Z,KXBTC15M-26OCT050015-15,0.0260,2.00,no
2026-10-05T04:13:28.412119Z,KXBTC15M-26OCT050015-15,0.0260,92.75,no
2026-10-05T04:13:28.412119Z,KXBTC15M-26OCT050015-15,0.0260,0.01,no
2026-10-05T04:13:28.412119Z,KXBTC15M-26OCT050015-15,0.0260,0.01,no
2026-10-05T04:13:28.412119Z,KXBTC15M-26OCT050015-15,0.0260,100.00,no
2026-10-05T04:13:28.412119Z,KXBTC15M-26OCT050015-15,0.0260,17.00,no
2026-10-05T04:13:28.415529Z,KXBTC15M-26OCT050015-15,0.0270,34.67,yes
2026-10-05T04:13:28.465184Z,KXBTC15M-26OCT050015-15,0.0270,40.78,yes
2026-10-05T04:13:28.479156Z,KXBTC15M-26OCT050015-15,0.0260,0.01,no
2026-10-05T04:13:28.479156Z,KXBTC15M-26OCT050015-15,0.0260,26.08,no
2026-10-05T04:13:28.479156Z,KXBTC15M-26OCT050015-15,0.0260,1.00,no
2026-10-05T04:13:28.479156Z,KXBTC15M-26OCT050015-15,0.0260,17.00,no
2026-10-05T04:13:28.479156Z,KXBTC15M-26OCT050015-15,0.0260,0.01,no
2026-10-05T04:13:28.52725Z,KXBTC15M-26OCT050015-15,0.0260,352.36,no
2026-10-05T04:13:28.546937Z,KXBTC15M-26OCT050015-15,0.0270,2.10,yes
2026-10-05T04:13:28.607946Z,KXBTC15M-26OCT050015-15,0.0260,0.01,no
2026-10-05T04:13:28.607946Z,KXBTC15M-26OCT050015-15,0.0260,0.01,no
2026-10-05T04:13:28.607946Z,KXBTC15M-26OCT050015-15,0.0260,21.56,no
2026-10-05T04:13:28.607946Z,KXBTC15M-26OCT050015-15,0.0260,39.41,no
2026-10-05T04:13:28.6084Z,KXBTC15M-26OCT050015-15,0.0270,36.97,yes
2026-10-05T04:13:28.611524Z,KXBTC15M-26OCT050015-15,0.0270,34.67,yes
2026-10-05T04:13:28.673904Z,KXBTC15M-26OCT050015-15,0.0260,1.00,no
2026-10-05T04:13:28.673904Z,KXBTC15M-26OCT050015-15,0.0260,43.46,no
2026-10-05T04:13:28.673904Z,KXBTC15M-26OCT050015-15,0.0260,0.01,no
2026-10-05T04:13:28.673904Z,KXBTC15M-26OCT050015-15,0.0260,0.01,no
2026-10-05T04:13:28.673904Z,KXBTC15M-26OCT050015-15,0.0260,17.00,no
2026-10-05T04:13:28.694696Z,KXBTC15M-26OCT050015-15,0.0270,173.37,yes
2026-10-05T04:13:28.701859Z,KXBTC15M-26OCT050015-15,0.0270,69.35,yes
2026-10-05T04:13:28.740697Z,KXBTC15M-26OCT050015-15,0.0270,34.67,yes
2026-10-05T04:13:28.787168Z,KXBTC15M-26OCT050015-15,0.0260,31.00,no
2026-10-05T04:13:28.824326Z,KXBTC15M-26OCT050015-15,0.0270,11.99,yes
2026-10-05T04:13:28.855692Z,KXBTC15M-26OCT050015-15,0.0270,173.37,yes
2026-10-05T04:13:28.896265Z,KXBTC15M-26OCT050015-15,0.0270,81.12,yes
2026-10-05T04:13:28.896265Z,KXBTC15M-26OCT050015-15,0.0270,92.25,yes
2026-10-05T04:13:28.91539Z,KXBTC15M-26OCT050015-15,0.0270,3.39,yes
2026-10-05T04:13:28.923165Z,KXBTC15M-26OCT050015-15,0.0270,11.19,yes
2026-10-05T04:13:28.966731Z,KXBTC15M-26OCT050015-15,0.0270,9.00,yes
2026-10-05T04:13:29.023612Z,KXBTC15M-26OCT050015-15,0.0260,51.24,no
2026-10-05T04:13:29.047582Z,KXBTC15M-26OCT050015-15,0.0260,74.20,no
2026-10-05T04:13:29.047582Z,KXBTC15M-26OCT050015-15,0.0260,274.30,no
2026-10-05T04:13:29.047582Z,KXBTC15M-26OCT050015-15,0.0260,0.01,no
2026-10-05T04:13:29.047582Z,KXBTC15M-26OCT050015-15,0.0260,1.00,no
2026-10-05T04:13:29.047582Z,KXBTC15M-26OCT050015-15,0.0260,100.00,no
2026-10-05T04:13:29.047582Z,KXBTC15M-26OCT050015-15,0.0250,74.20,no
2026-10-05T04:13:29.047582Z,KXBTC15M-26OCT050015-15,0.0260,0.01,no
2026-10-05T04:13:29.047582Z,KXBTC15M-26OCT050015-15,0.0260,1.00,no
2026-10-05T04:13:29.047582Z,KXBTC15M-26OCT050015-15,0.0250,1.00,no
2026-10-05T04:13:29.047582Z,KXBTC15M-26OCT050015-15,0.0250,2.00,no
2026-10-05T04:13:29.047582Z,KXBTC15M-26OCT050015-15,0.0250,2.00,no
2026-10-05T04:13:29.047582Z,KXBTC15M-26OCT050015-15,0.0250,200.00,no
2026-10-05T04:13:29.047582Z,KXBTC15M-26OCT050015-15,0.0250,200.00,no
2026-10-05T04:13:29.047582Z,KXBTC15M-26OCT050015-15,0.0240,53.50,no
2026-10-05T04:13:29.084635Z,KXBTC15M-26OCT050015-15,0.0260,0.01,no
2026-10-05T04:13:29.084635Z,KXBTC15M-26OCT050015-15,0.0260,0.26,no
2026-10-05T04:13:29.084635Z,KXBTC15M-26OCT050015-15,0.0260,0.01,no
2026-10-05T04:13:29.113136Z,KXBTC15M-26OCT050015-15,0.0270,173.37,yes
2026-10-05T04:13:29.131914Z,KXBTC15M-26OCT050015-15,0.0260,0.81,no
2026-10-05T04:13:29.153092Z,KXBTC15M-26OCT050015-15,0.0270,25.00,yes
2026-10-05T04:13:29.201689Z,KXBTC15M-26OCT050015-15,0.0270,15.60,yes
2026-10-05T04:13:29.201689Z,KXBTC15M-26OCT050015-15,0.0270,196.93,yes
2026-10-05T04:13:29.201689Z,KXBTC15M-26OCT050015-15,0.0270,0.01,yes
2026-10-05T04:13:29.201689Z,KXBTC15M-26OCT050015-15,0.0270,0.01,yes
2026-10-05T04:13:29.201765Z,KXBTC15M-26OCT050015-15,0.0270,5.15,yes
2026-10-05T04:13:29.24253Z,KXBTC15M-26OCT050015-15,0.0260,199.46,no
2026-10-05T04:13:29.251312Z,KXBTC15M-26OCT050015-15,0.0270,29.25,yes
2026-10-05T04:13:29.251312Z,KXBTC15M-26OCT050015-15,0.0270,11.04,yes
2026-10-05T04:13:29.272537Z,KXBTC15M-26OCT050015-15,0.0270,200.00,yes
2026-10-05T04:13:29.272537Z,KXBTC15M-26OCT050015-15,0.0270,109.46,yes
2026-10-05T04:13:29.272537Z,KXBTC15M-26OCT050015-15,0.0270,69.96,yes
2026-10-05T04:13:29.272537Z,KXBTC15M-26OCT050015-15,0.0270,2.00,yes
2026-10-05T04:13:29.30732Z,KXBTC15M-26OCT050015-15,0.0260,100.00,no
2026-10-05T04:13:29.30732Z,KXBTC15M-26OCT050015-15,0.0260,1.00,no
2026-10-05T04:13:29.30732Z,KXBTC15M-26OCT050015-15,0.0260,0.01,no
2026-10-05T04:13:29.30732Z,KXBTC15M-26OCT050015-15,0.0260,44.52,no
2026-10-05T04:13:29.30732Z,KXBTC15M-26OCT050015-15,0.0260,128.39,no
2026-10-05T04:13:29.30732Z,KXBTC15M-26OCT050015-15,0.0260,0.01,no
2026-10-05T04:13:29.417868Z,KXBTC15M-26OCT050015-15,0.0270,100.00,yes
2026-10-05T04:13:29.417868Z,KXBTC15M-26OCT050015-15,0.0270,8.33,yes
2026-10-05T04:13:29.417868Z,KXBTC15M-26OCT050015-15,0.0270,50.00,yes
2026-10-05T04:13:29.417868Z,KXBTC15M-26OCT050015-15,0.0270,15.00,yes
2026-10-05T04:13:29.421355Z,KXBTC15M-26OCT050015-15,0.0270,0.01,yes
2026-10-05T04:13:29.421355Z,KXBTC15M-26OCT050015-15,0.0270,1.67,yes
2026-10-05T04:13:29.421355Z,KXBTC15M-26OCT050015-15,0.0270,0.01,yes
2026-10-05T04:13:29.421355Z,KXBTC15M-26OCT050015-15,0.0270,7.47,yes
2026-10-05T04:13:29.430006Z,KXBTC15M-26OCT050015-15,0.0260,0.01,no
2026-10-05T04:13:29.430006Z,KXBTC15M-26OCT050015-15,0.0260,49.98,no
2026-10-05T04:13:29.430006Z,KXBTC15M-26OCT050015-15,0.0260,0.01,no
2026-10-05T04:13:29.510023Z,KXBTC15M-26OCT050015-15,0.0270,0.01,yes
2026-10-05T04:13:29.510023Z,KXBTC15M-26OCT050015-15,0.0270,0.01,yes
2026-10-05T04:13:29.510023Z,KXBTC15M-26OCT050015-15,0.0280,7.00,yes
2026-10-05T04:13:29.510023Z,KXBTC15M-26OCT050015-15,0.0280,110.30,yes
2026-10-05T04:13:29.510023Z,KXBTC15M-26OCT050015-15,0.0280,200.00,yes
2026-10-05T04:13:29.562265Z,KXBTC15M-26OCT050015-15,0.0260,11.32,no
2026-10-05T04:13:29.563174Z,KXBTC15M-26OCT050015-15,0.0270,0.01,yes
2026-10-05T04:13:29.563174Z,KXBTC15M-26OCT050015-15,0.0270,0.19,yes
2026-10-05T04:13:29.650165Z,KXBTC15M-26OCT050015-15,0.0270,4.69,yes
2026-10-05T04:13:29.734342Z,KXBTC15M-26OCT050015-15,0.0270,5.25,yes
2026-10-05T04:13:29.748799Z,KXBTC15M-26OCT050015-15,0.0260,4.00,no
2026-10-05T04:13:29.756157Z,KXBTC15M-26OCT050015-15,0.0260,10.00,no
2026-10-05T04:13:29.757332Z,KXBTC15M-26OCT050015-15,0.0260,19.69,no
2026-10-05T04:13:29.757332Z,KXBTC15M-26OCT050015-15,0.0260,0.31,no
2026-10-05T04:13:29.766854Z,KXBTC15M-26OCT050015-15,0.0270,0.01,yes
2026-10-05T04:13:29.766854Z,KXBTC15M-26OCT050015-15,0.0270,4.87,yes
2026-10-05T04:13:29.766854Z,KXBTC15M-26OCT050015-15,0.0270,0.01,yes
2026-10-05T04:13:29.766854Z,KXBTC15M-26OCT050015-15,0.0270,2.00,yes
2026-10-05T04:13:29.766854Z,KXBTC15M-26OCT050015-15,0.0270,15.51,yes
2026-10-05T04:13:29.794657Z,KXBTC15M-26OCT050015-15,0.0270,78.00,yes
2026-10-05T04:13:29.801148Z,KXBTC15M-26OCT050015-15,0.0260,173.87,no
2026-10-05T04:13:29.801148Z,KXBTC15M-26OCT050015-15,0.0260,1.00,no
2026-10-05T04:13:29.801148Z,KXBTC15M-26OCT050015-15,0.0260,80.31,no
2026-10-05T04:13:29.81263Z,KXBTC15M-26OCT050015-15,0.0280,158.60,yes
2026-10-05T04:13:29.81263Z,KXBTC15M-26OCT050015-15,0.0270,0.01,yes
2026-10-05T04:13:29.81263Z,KXBTC15M-26OCT050015-15,0.0270,0.01,yes
2026-10-05T04:13:29.81263Z,KXBTC15M-26OCT050015-15,0.0280,8.70,yes
2026-10-05T04:13:29.840049Z,KXBTC15M-26OCT050015-15,0.0260,20.23,no
2026-10-05T04:13:29.848053Z,KXBTC15M-26OCT050015-15,0.0280,56.74,yes
2026-10-05T04:13:29.876534Z,KXBTC15M-26OCT050015-15,0.0280,5.00,yes
2026-10-05T04:13:29.920573Z,KXBTC15M-26OCT050015-15,0.0270,34.67,yes
2026-10-05T04:13:29.955273Z,KXBTC15M-26OCT050015-15,0.0270,18.70,yes
2026-10-05T04:13:30.012253Z,KXBTC15M-26OCT050015-15,0.0270,1.00,yes
2026-10-05T04:13:30.012253Z,KXBTC15M-26OCT050015-15,0.0280,12.00,yes
2026-10-05T04:13:30.012253Z,KXBTC15M-26OCT050015-15,0.0270,0.01,yes
2026-10-05T04:13:30.012253Z,KXBTC15M-26OCT050015-15,0.0280,0.01,yes
2026-10-05T04:13:30.012253Z,KXBTC15M-26OCT050015-15,0.0280,115.36,yes
2026-10-05T04:13:30.012253Z,KXBTC15M-26OCT050015-15,0.0280,0.01,yes
2026-10-05T04:13:30.012253Z,KXBTC15M-26OCT050015-15,0.0270,0.01,yes
2026-10-05T04:13:30.012253Z,KXBTC15M-26OCT050015-15,0.0280,136.66,yes
2026-10-05T04:13:30.058857Z,KXBTC15M-26OCT050015-15,0.0280,108.98,yes
2026-10-05T04:13:30.058857Z,KXBTC15M-26OCT050015-15,0.0280,200.00,yes
2026-10-05T04:13:30.058857Z,KXBTC15M-26OCT050015-15,0.0270,1.00,yes
2026-10-05T04:13:30.058857Z,KXBTC15M-26OCT050015-15,0.0270,0.01,yes
2026-10-05T04:13:30.058857Z,KXBTC15M-26OCT050015-15,0.0270,0.01,yes
2026-10-05T04:13:30.058857Z,KXBTC15M-26OCT050015-15,0.0270,90.00,yes
2026-10-05T04:13:30.074344Z,KXBTC15M-26OCT050015-15,0.0260,100.00,no
2026-10-05T04:13:30.079411Z,KXBTC15M-26OCT050015-15,0.0260,1.49,no
2026-10-05T04:13:30.07954Z,KXBTC15M-26OCT050015-15,0.0260,0.01,no
2026-10-05T04:13:30.07954Z,KXBTC15M-26OCT050015-15,0.0260,104.41,no
2026-10-05T04:13:30.07954Z,KXBTC15M-26OCT050015-15,0.0260,34.29,no
2026-10-05T04:13:30.07954Z,KXBTC15M-26OCT050015-15,0.0260,0.01,no
2026-10-05T04:13:30.07954Z,KXBTC15M-26OCT050015-15,0.0260,15.00,no
2026-10-05T04:13:30.091922Z,KXBTC15M-26OCT050015-15,0.0260,15.00,no
2026-10-05T04:13:30.091922Z,KXBTC15M-26OCT050015-15,0.0260,21.46,no
2026-10-05T04:13:30.091922Z,KXBTC15M-26OCT050015-15,0.0260,66.20,no
2026-10-05T04:13:30.131813Z,KXBTC15M-26OCT050015-15,0.0270,2.18,yes
2026-10-05T04:13:30.131813Z,KXBTC15M-26OCT050015-15,0.0270,15.00,yes
2026-10-05T04:13:30.131813Z,KXBTC15M-26OCT050015-15,0.0270,0.01,yes
2026-10-05T04:13:30.131813Z,KXBTC15M-26OCT050015-15,0.0270,0.01,yes
2026-10-05T04:13:30.136076Z,KXBTC15M-26OCT050015-15,0.0280,41.02,yes
2026-10-05T04:13:30.136076Z,KXBTC15M-26OCT050015-15,0.0280,0.01,yes
2026-10-05T04:13:30.136076Z,KXBTC15M-26OCT050015-15,0.0270,12.82,yes
2026-10-05T04:13:30.136076Z,KXBTC15M-26OCT050015-15,0.0280,200.00,yes
2026-10-05T04:13:30.136076Z,KXBTC15M-26OCT050015-15,0.0280,0.01,yes
2026-10-05T04:13:30.136076Z,KXBTC15M-26OCT050015-15,0.0290,59.59,yes
2026-10-05T04:13:30.141403Z,KXBTC15M-26OCT050015-15,0.0270,0.01,yes
2026-10-05T04:13:30.141403Z,KXBTC15M-26OCT050015-15,0.0270,0.01,yes
2026-10-05T04:13:30.141403Z,KXBTC15M-26OCT050015-15,0.0290,399.98,yes
2026-10-05T04:13:30.182112Z,KXBTC15M-26OCT050015-15,0.0260,36.24,no
2026-10-05T04:13:30.240607Z,KXBTC15M-26OCT050015-15,0.0280,1.09,yes
2026-10-05T04:13:30.240607Z,KXBTC15M-26OCT050015-15,0.0270,1.00,yes
2026-10-05T04:13:30.242501Z,KXBTC15M-26OCT050015-15,0.0280,16.38,yes
2026-10-05T04:13:30.24831Z,KXBTC15M-26OCT050015-15,0.0310,7.00,yes
2026-10-05T04:13:30.24831Z,KXBTC15M-26OCT050015-15,0.0310,35.50,yes
2026-10-05T04:13:30.24831Z,KXBTC15M-26OCT050015-15,0.0310,10.00,yes
2026-10-05T04:13:30.24831Z,KXBTC15M-26OCT050015-15,0.0300,100.00,yes
2026-10-05T04:13:30.24831Z,KXBTC15M-26OCT050015-15,0.0310,21.00,yes
2026-10-05T04:13:30.24831Z,KXBTC15M-26OCT050015-15,0.0290,200.00,yes
2026-10-05T04:13:30.24831Z,KXBTC15M-26OCT050015-15,0.0310,125.94,yes
2026-10-05T04:13:30.24831Z,KXBTC15M-26OCT050015-15,0.0290,0.01,yes
2026-10-05T04:13:30.24831Z,KXBTC15M-26OCT050015-15,0.0290,20.00,yes
2026-10-05T04:13:30.24831Z,KXBTC15M-26OCT050015-15,0.0280,1.00,yes
2026-10-05T04:13:30.24831Z,KXBTC15M-26OCT050015-15,0.0290,105.00,yes
2026-10-05T04:13:30.24831Z,KXBTC15M-26OCT050015-15,0.0280,132.53,yes
2026-10-05T04:13:30.24831Z,KXBTC15M-26OCT050015-15,0.0290,20.00,yes
2026-10-05T04:13:30.24831Z,KXBTC15M-26OCT050015-15,0.0300,100.00,yes
2026-10-05T04:13:30.260123Z,KXBTC15M-26OCT050015-15,0.0280,0.01,yes
2026-10-05T04:13:30.260123Z,KXBTC15M-26OCT050015-15,0.0290,36.70,yes
2026-10-05T04:13:30.28811Z,KXBTC15M-26OCT050015-15,0.0280,100.53,yes
2026-10-05T04:13:30.289335Z,KXBTC15M-26OCT050015-15,0.0280,49.47,yes
2026-10-05T04:13:30.289335Z,KXBTC15M-26OCT050015-15,0.0310,23.48,yes
2026-10-05T04:13:30.289335Z,KXBTC15M-26OCT050015-15,0.0300,11.00,yes
2026-10-05T04:13:30.350692Z,KXBTC15M-26OCT050015-15,0.0280,25.00,yes
2026-10-05T04:13:30.444883Z,KXBTC15M-26OCT050015-15,0.0270,80.00,no
2026-10-05T04:13:30.502237Z,KXBTC15M-26OCT050015-15,0.0270,0.10,no
2026-10-05T04:13:30.514014Z,KXBTC15M-26OCT050015-15,0.0270,60.00,no
2026-10-05T04:13:30.611762Z,KXBTC15M-26OCT050015-15,0.0280,36.62,yes
2026-10-05T04:13:30.6503Z,KXBTC15M-26OCT050015-15,0.0260,1.00,no
2026-10-05T04:13:30.6503Z,KXBTC15M-26OCT050015-15,0.0270,10.00,no
2026-10-05T04:13:30.6503Z,KXBTC15M-26OCT050015-15,0.0260,351.54,no
2026-10-05T04:13:30.6503Z,KXBTC15M-26OCT050015-15,0.0270,100.00,no
2026-10-05T04:13:30.6503Z,KXBTC15M-26OCT050015-15,0.0270,200.00,no
2026-10-05T04:13:30.6503Z,KXBTC15M-26OCT050015-15,0.0260,120.39,no
2026-10-05T04:13:30.6503Z,KXBTC15M-26OCT050015-15,0.0270,0.01,no
2026-10-05T04:13:30.6503Z,KXBTC15M-26OCT050015-15,0.0260,15.00,no
2026-10-05T04:13:30.6503Z,KXBTC15M-26OCT050015-15,0.0270,0.01,no
2026-10-05T04:13:30.6503Z,KXBTC15M-26OCT050015-15,0.0260,15.00,no
2026-10-05T04:13:30.6503Z,KXBTC15M-26OCT050015-15,0.0270,119.88,no
2026-10-05T04:13:30.6503Z,KXBTC15M-26OCT050015-15,0.0270,1.00,no
2026-10-05T04:13:30.6503Z,KXBTC15M-26OCT050015-15,0.0270,400.00,no
2026-10-05T04:13:30.6503Z,KXBTC15M-26OCT050015-15,0.0270,500.00,no
2026-10-05T04:13:30.68566Z,KXBTC15M-26OCT050015-15,0.0280,31.06,yes
2026-10-05T04:13:30.69448Z,KXBTC15M-26OCT050015-15,0.0280,33.43,yes
2026-10-05T04:13:30.703696Z,KXBTC15M-26OCT050015-15,0.0290,35.00,yes
2026-10-05T04:13:30.703696Z,KXBTC15M-26OCT050015-15,0.0280,15.00,yes
2026-10-05T04:13:30.703696Z,KXBTC15M-26OCT050015-15,0.0290,17.00,yes
2026-10-05T04:13:30.703696Z,KXBTC15M-26OCT050015-15,0.0290,71.69,yes
2026-10-05T04:13:30.703696Z,KXBTC15M-26OCT050015-15,0.0280,0.01,yes
2026-10-05T04:13:30.703696Z,KXBTC15M-26OCT050015-15,0.0280,23.89,yes
2026-10-05T04:13:30.757748Z,KXBTC15M-26OCT050015-15,0.0280,207.34,yes
2026-10-05T04:13:30.759079Z,KXBTC15M-26OCT050015-15,0.0270,0.01,no
2026-10-05T04:13:30.759079Z,KXBTC15M-26OCT050015-15,0.0270,100.00,no
2026-10-05T04:13:30.759079Z,KXBTC15M-26OCT050015-15,0.0270,4.98,no
2026-10-05T04:13:30.759079Z,KXBTC15M-26OCT050015-15,0.0270,400.00,no
2026-10-05T04:13:30.759079Z,KXBTC15M-26OCT050015-15,0.0270,0.01,no
2026-10-05T04:13:30.785968Z,KXBTC15M-26OCT050015-15,0.0280,0.01,yes
2026-10-05T04:13:30.785968Z,KXBTC15M-26OCT050015-15,0.0280,150.00,yes
2026-10-05T04:13:30.785968Z,KXBTC15M-26OCT050015-15,0.0280,15.00,yes
2026-10-05T04:13:30.785968Z,KXBTC15M-26OCT050015-15,0.0290,0.89,yes
2026-10-05T04:13:30.785968Z,KXBTC15M-26OCT050015-15,0.0280,0.01,yes
2026-10-05T04:13:30.796031Z,KXBTC15M-26OCT050015-15,0.0270,10.02,no
2026-10-05T04:13:30.796031Z,KXBTC15M-26OCT050015-15,0.0270,1.26,no
2026-10-05T04:13:30.814805Z,KXBTC15M-26OCT050015-15,0.0250,1.00,no
2026-10-05T04:13:30.814805Z,KXBTC15M-26OCT050015-15,0.0260,136.32,no
2026-10-05T04:13:30.814805Z,KXBTC15M-26OCT050015-15,0.0270,135.06,no
2026-10-05T04:13:30.814805Z,KXBTC15M-26OCT050015-15,0.0270,15.00,no
2026-10-05T04:13:30.814805Z,KXBTC15M-26OCT050015-15,0.0270,100.00,no
2026-10-05T04:13:30.814805Z,KXBTC15M-26OCT050015-15,0.0270,1.00,no
2026-10-05T04:13:30.814805Z,KXBTC15M-26OCT050015-15,0.0240,493.00,no
2026-10-05T04:13:30.814805Z,KXBTC15M-26OCT050015-15,0.0260,10.00,no
2026-10-05T04:13:30.814805Z,KXBTC15M-26OCT050015-15,0.0270,0.01,no
2026-10-05T04:13:30.814805Z,KXBTC15M-26OCT050015-15,0.0250,540.00,no
2026-10-05T04:13:30.814805Z,KXBTC15M-26OCT050015-15,0.0270,400.00,no
2026-10-05T04:13:30.814805Z,KXBTC15M-26OCT050015-15,0.0260,1.00,no
2026-10-05T04:13:30.814805Z,KXBTC15M-26OCT050015-15,0.0270,500.00,no
2026-10-05T04:13:30.814805Z,KXBTC15M-26OCT050015-15,0.0270,0.01,no
2026-10-05T04:13:30.814805Z,KXBTC15M-26OCT050015-15,0.0240,17.00,no
2026-10-05T04:13:30.814805Z,KXBTC15M-26OCT050015-15,0.0240,1.00,no
2026-10-05T04:13:30.814805Z,KXBTC15M-26OCT050015-15,0.0240,106.50,no
2026-10-05T04:13:30.840272Z,KXBTC15M-26OCT050015-15,0.0260,10.00,no
2026-10-05T04:13:30.840272Z,KXBTC15M-26OCT050015-15,0.0270,0.01,no
2026-10-05T04:13:30.840272Z,KXBTC15M-26OCT050015-15,0.0250,15.71,no
2026-10-05T04:13:30.840272Z,KXBTC15M-26OCT050015-15,0.0270,100.00,no
2026-10-05T04:13:30.840272Z,KXBTC15M-26OCT050015-15,0.0270,15.00,no
2026-10-05T04:13:30.840272Z,KXBTC15M-26OCT050015-15,0.0270,0.01,no
2026-10-05T04:13:30.883029Z,KXBTC15M-26OCT050015-15,0.0280,7.21,yes
2026-10-05T04:13:30.896315Z,KXBTC15M-26OCT050015-15,0.0270,1.58,no
2026-10-05T04:13:30.896315Z,KXBTC15M-26OCT050015-15,0.0270,0.01,no
2026-10-05T04:13:30.896315Z,KXBTC15M-26OCT050015-15,0.0270,0.01,no
2026-10-05T04:13:30.904564Z,KXBTC15M-26OCT050015-15,0.0270,10.00,no
2026-10-05T04:13:30.904564Z,KXBTC15M-26OCT050015-15,0.0270,81.79,no
2026-10-05T04:13:30.904564Z,KXBTC15M-26OCT050015-15,0.0270,1.00,no
2026-10-05T04:13:30.904564Z,KXBTC15M-26OCT050015-15,0.0270,98.42,no
2026-10-05T04:13:30.904564Z,KXBTC15M-26OCT050015-15,0.0270,12.93,no
2026-10-05T04:13:30.920895Z,KXBTC15M-26OCT050015-15,0.0270,29.98,no
2026-10-05T04:13:30.920895Z,KXBTC15M-26OCT050015-15,0.0270,0.01,no
2026-10-05T04:13:30.920895Z,KXBTC15M-26OCT050015-15,0.0270,0.01,no
2026-10-05T04:13:30.936768Z,KXBTC15M-26OCT050015-15,0.0270,40.00,no
2026-10-05T04:13:30.945093Z,KXBTC15M-26OCT050015-15,0.0280,0.01,yes
2026-10-05T04:13:30.945093Z,KXBTC15M-26OCT050015-15,0.0280,50.00,yes
2026-10-05T04:13:30.945093Z,KXBTC15M-26OCT050015-15,0.0280,0.01,yes
2026-10-05T04:13:30.945093Z,KXBTC15M-26OCT050015-15,0.0280,7.79,yes
2026-10-05T04:13:30.945093Z,KXBTC15M-26OCT050015-15,0.0280,97.82,yes
2026-10-05T04:13:30.997284Z,KXBTC15M-26OCT050015-15,0.0270,400.00,no
2026-10-05T04:13:30.997284Z,KXBTC15M-26OCT050015-15,0.0270,100.00,no
2026-10-05T04:13:30.997284Z,KXBTC15M-26OCT050015-15,0.0270,0.01,no
2026-10-05T04:13:30.997284Z,KXBTC15M-26OCT050015-15,0.0270,207.78,no
2026-10-05T04:13:30.997284Z,KXBTC15M-26OCT050015-15,0.0270,0.01,no
2026-10-05T04:13:31.011925Z,KXBTC15M-26OCT050015-15,0.0280,9.36,yes
2026-10-05T04:13:31.017091Z,KXBTC15M-26OCT050015-15,0.0280,6.68,yes
2026-10-05T04:13:31.024643Z,KXBTC15M-26OCT050015-15,0.0270,131.04,no
2026-10-05T04:13:31.049017Z,KXBTC15M-26OCT050015-15,0.0280,36.53,yes
2026-10-05T04:13:31.107757Z,KXBTC15M-26OCT050015-15,0.0270,123.09,no
2026-10-05T04:13:31.118437Z,KXBTC15M-26OCT050015-15,0.0280,3.09,yes
2026-10-05T04:13:31.127692Z,KXBTC15M-26OCT050015-15,0.0280,46.52,yes
2026-10-05T04:13:31.127692Z,KXBTC15M-26OCT050015-15,0.0280,18.50,yes
2026-10-05T04:13:31.190029Z,KXBTC15M-26OCT050015-15,0.0280,66.87,yes
2026-10-05T04:13:31.325841Z,KXBTC15M-26OCT050015-15,0.0280,0.01,yes
2026-10-05T04:13:31.325841Z,KXBTC15M-26OCT050015-15,0.0280,15.00,yes
2026-10-05T04:13:31.325841Z,KXBTC15M-26OCT050015-15,0.0280,215.63,yes
2026-10-05T04:13:31.325841Z,KXBTC15M-26OCT050015-15,0.0280,0.01,yes
2026-10-05T04:13:31.325841Z,KXBTC15M-26OCT050015-15,0.0280,91.00,yes
2026-10-05T04:13:31.325841Z,KXBTC15M-26OCT050015-15,0.0280,61.14,yes
2026-10-05T04:13:31.35138Z,KXBTC15M-26OCT050015-15,0.0280,6.68,yes
2026-10-05T04:13:31.353173Z,KXBTC15M-26OCT050015-15,0.0280,0.52,yes
2026-10-05T04:13:31.357024Z,KXBTC15M-26OCT050015-15,0.0270,43.00,no
2026-10-05T04:13:31.385714Z,KXBTC15M-26OCT050015-15,0.0280,252.00,yes
2026-10-05T04:13:31.385714Z,KXBTC15M-26OCT050015-15,0.0280,1.00,yes
2026-10-05T04:13:31.385714Z,KXBTC15M-26OCT050015-15,0.0280,0.01,yes
2026-10-05T04:13:31.385714Z,KXBTC15M-26OCT050015-15,0.0280,0.01,yes
2026-10-05T04:13:31.385714Z,KXBTC15M-26OCT050015-15,0.0280,21.66,yes
2026-10-05T04:13:31.385714Z,KXBTC15M-26OCT050015-15,0.0280,57.44,yes
2026-10-05T04:13:31.443975Z,KXBTC15M-26OCT050015-15,0.0280,16.38,yes
2026-10-05T04:13:31.477661Z,KXBTC15M-26OCT050015-15,0.0280,0.01,yes
2026-10-05T04:13:31.477661Z,KXBTC15M-26OCT050015-15,0.0280,10.01,yes
2026-10-05T04:13:31.477661Z,KXBTC15M-26OCT050015-15,0.0280,0.01,yes
2026-10-05T04:13:31.490939Z,KXBTC15M-26OCT050015-15,0.0280,33.43,yes
2026-10-05T04:13:31.513386Z,KXBTC15M-26OCT050015-15,0.0280,33.43,yes
2026-10-05T04:13:31.627628Z,KXBTC15M-26OCT050015-15,0.0270,41.99,no
2026-10-05T04:13:31.627628Z,KXBTC15M-26OCT050015-15,0.0270,100.00,no
2026-10-05T04:13:31.627628Z,KXBTC15M-26OCT050015-15,0.0270,0.01,no
2026-10-05T04:13:31.627628Z,KXBTC15M-26OCT050015-15,0.0270,96.01,no
2026-10-05T04:13:31.627628Z,KXBTC15M-26OCT050015-15,0.0270,0.01,no
2026-10-05T04:13:31.682027Z,KXBTC15M-26OCT050015-15,0.0280,16.74,yes
2026-10-05T04:13:31.72816Z,KXBTC15M-26OCT050015-15,0.0270,102.58,no
2026-10-05T04:13:31.782131Z,KXBTC15M-26OCT050015-15,0.0270,201.41,no
2026-10-05T04:13:31.782131Z,KXBTC15M-26OCT050015-15,0.0270,3.75,no
2026-10-05T04:13:31.789888Z,KXBTC15M-26OCT050015-15,0.0290,17.00,yes
2026-10-05T04:13:31.789888Z,KXBTC15M-26OCT050015-15,0.0290,48.08,yes
2026-10-05T04:13:31.789888Z,KXBTC15M-26OCT050015-15,0.0280,0.01,yes
2026-10-05T04:13:31.789888Z,KXBTC15M-26OCT050015-15,0.0280,2.00,yes
2026-10-05T04:13:31.789888Z,KXBTC15M-26OCT050015-15,0.0290,27.00,yes
2026-10-05T04:13:31.789888Z,KXBTC15M-26OCT050015-15,0.0280,0.01,yes
2026-10-05T04:13:31.828681Z,KXBTC15M-26OCT050015-15,0.0270,40.04,no
2026-10-05T04:13:31.828681Z,KXBTC15M-26OCT050015-15,0.0270,11.25,no
2026-10-05T04:13:31.893665Z,KXBTC15M-26OCT050015-15,0.0270,59.49,no
2026-10-05T04:13:31.909896Z,KXBTC15M-26OCT050015-15,0.0270,0.01,no
2026-10-05T04:13:31.909896Z,KXBTC15M-26OCT050015-15,0.0270,0.01,no
2026-10-05T04:13:31.909896Z,KXBTC15M-26OCT050015-15,0.0270,49.51,no
2026-10-05T04:13:31.909896Z,KXBTC15M-26OCT050015-15,0.0270,0.47,no
2026-10-05T04:13:31.938503Z,KXBTC15M-26OCT050015-15,0.0270,10.85,no
2026-10-05T04:13:31.951546Z,KXBTC15M-26OCT050015-15,0.0280,0.25,yes
2026-10-05T04:13:31.951546Z,KXBTC15M-26OCT050015-15,0.0280,15.00,yes
2026-10-05T04:13:31.951546Z,KXBTC15M-26OCT050015-15,0.0280,15.00,yes
2026-10-05T04:13:31.968923Z,KXBTC15M-26OCT050015-15,0.0300,7.04,yes
2026-10-05T04:13:31.968923Z,KXBTC15M-26OCT050015-15,0.0310,69.50,yes
2026-10-05T04:13:31.968923Z,KXBTC15M-26OCT050015-15,0.0290,21.00,yes
2026-10-05T04:13:31.968923Z,KXBTC15M-26OCT050015-15,0.0280,0.01,yes
2026-10-05T04:13:31.968923Z,KXBTC15M-26OCT050015-15,0.0300,1.00,yes
2026-10-05T04:13:31.968923Z,KXBTC15M-26OCT050015-15,0.0290,20.00,yes
2026-10-05T04:13:31.968923Z,KXBTC15M-26OCT050015-15,0.0290,49.92,yes
2026-10-05T04:13:31.968923Z,KXBTC15M-26OCT050015-15,0.0280,0.75,yes
2026-10-05T04:13:31.968923Z,KXBTC15M-26OCT050015-15,0.0290,155.00,yes
2026-10-05T04:13:31.968923Z,KXBTC15M-26OCT050015-15,0.0310,12.00,yes
2026-10-05T04:13:31.968923Z,KXBTC15M-26OCT050015-15,0.0290,1.00,yes
2026-10-05T04:13:31.968923Z,KXBTC15M-26OCT050015-15,0.0310,5.00,yes
2026-10-05T04:13:31.968923Z,KXBTC15M-26OCT050015-15,0.0280,0.01,yes
2026-10-05T04:13:31.968923Z,KXBTC15M-26OCT050015-15,0.0310,1.00,yes
2026-10-05T04:13:31.968923Z,KXBTC15M-26OCT050015-15,0.0320,356.99,yes
2026-10-05T04:13:32.107018Z,KXBTC15M-26OCT050015-15,0.0280,20.60,yes
2026-10-05T04:13:32.107018Z,KXBTC15M-26OCT050015-15,0.0280,0.01,yes
2026-10-05T04:13:32.107018Z,KXBTC15M-26OCT050015-15,0.0280,0.01,yes
2026-10-05T04:13:32.134176Z,KXBTC15M-26OCT050015-15,0.0270,1.00,no
2026-10-05T04:13:32.16459Z,KXBTC15M-26OCT050015-15,0.0270,38.13,no
2026-10-05T04:13:32.16459Z,KXBTC15M-26OCT050015-15,0.0270,27.07,no
2026-10-05T04:13:32.169099Z,KXBTC15M-26OCT050015-15,0.0270,19.49,no
2026-10-05T04:13:32.219913Z,KXBTC15M-26OCT050015-15,0.0280,14.05,yes
2026-10-05T04:13:32.221494Z,KXBTC15M-26OCT050015-15,0.0280,10.40,yes
2026-10-05T04:13:32.359831Z,KXBTC15M-26OCT050015-15,0.0270,40.00,no
2026-10-05T04:13:32.367918Z,KXBTC15M-26OCT050015-15,0.0280,4.95,yes
2026-10-05T04:13:32.367918Z,KXBTC15M-26OCT050015-15,0.0280,5.41,yes
2026-10-05T04:13:32.417033Z,KXBTC15M-26OCT050015-15,0.0270,12.00,no
2026-10-05T04:13:32.417079Z,KXBTC15M-26OCT050015-15,0.0280,15.94,yes
2026-10-05T04:13:32.423516Z,KXBTC15M-26OCT050015-15,0.0270,10.00,no
2026-10-05T04:13:32.423516Z,KXBTC15M-26OCT050015-15,0.0270,250.00,no
2026-10-05T04:13:32.423516Z,KXBTC15M-26OCT050015-15,0.0270,1.00,no
2026-10-05T04:13:32.423516Z,KXBTC15M-26OCT050015-15,0.0270,70.75,no
2026-10-05T04:13:32.423516Z,KXBTC15M-26OCT050015-15,0.0270,500.00,no
2026-10-05T04:13:32.423516Z,KXBTC15M-26OCT050015-15,0.0270,290.38,no
2026-10-05T04:13:32.423516Z,KXBTC15M-26OCT050015-15,0.0270,10.00,no
2026-10-05T04:13:32.423516Z,KXBTC15M-26OCT050015-15,0.0270,100.00,no
2026-10-05T04:13:32.423516Z,KXBTC15M-26OCT050015-15,0.0270,0.01,no
2026-10-05T04:13:32.423516Z,KXBTC15M-26OCT050015-15,0.0270,15.00,no
2026-10-05T04:13:32.423516Z,KXBTC15M-26OCT050015-15,0.0270,0.01,no
2026-10-05T04:13:32.423516Z,KXBTC15M-26OCT050015-15,0.0270,15.00,no
2026-10-05T04:13:32.427009Z,KXBTC15M-26OCT050015-15,0.0320,153.77,yes
2026-10-05T04:13:32.427009Z,KXBTC15M-26OCT050015-15,0.0280,28.65,yes
2026-10-05T04:13:32.427009Z,KXBTC15M-26OCT050015-15,0.0290,17.00,yes
2026-10-05T04:13:32.427009Z,KXBTC15M-26OCT050015-15,0.0310,12.00,yes
2026-10-05T04:13:32.427009Z,KXBTC15M-26OCT050015-15,0.0290,150.00,yes
2026-10-05T04:13:32.431796Z,KXBTC15M-26OCT050015-15,0.0320,20.39,yes
2026-10-05T04:13:32.431796Z,KXBTC15M-26OCT050015-15,0.0280,0.01,yes
2026-10-05T04:13:32.473742Z,KXBTC15M-26OCT050015-15,0.0280,15.00,yes
2026-10-05T04:13:32.473742Z,KXBTC15M-26OCT050015-15,0.0280,15.00,yes
2026-10-05T04:13:32.473742Z,KXBTC15M-26OCT050015-15,0.0280,0.01,yes
2026-10-05T04:13:32.520225Z,KXBTC15M-26OCT050015-15,0.0280,2.00,yes
2026-10-05T04:13:32.520225Z,KXBTC15M-26OCT050015-15,0.0280,72.00,yes
2026-10-05T04:13:32.520225Z,KXBTC15M-26OCT050015-15,0.0290,86.29,yes
2026-10-05T04:13:32.520225Z,KXBTC15M-26OCT050015-15,0.0280,1.00,yes
2026-10-05T04:13:32.602015Z,KXBTC15M-26OCT050015-15,0.0270,0.01,no
2026-10-05T04:13:32.602015Z,KXBTC15M-26OCT050015-15,0.0270,400.00,no
2026-10-05T04:13:32.602015Z,KXBTC15M-26OCT050015-15,0.0270,0.01,no
2026-10-05T04:13:32.602015Z,KXBTC15M-26OCT050015-15,0.0270,15.00,no
2026-10-05T04:13:32.602015Z,KXBTC15M-26OCT050015-15,0.0260,56.60,no
2026-10-05T04:13:32.602015Z,KXBTC15M-26OCT050015-15,0.0270,500.00,no
2026-10-05T04:13:32.602015Z,KXBTC15M-26OCT050015-15,0.0270,100.00,no
2026-10-05T04:13:32.602015Z,KXBTC15M-26OCT050015-15,0.0270,10.00,no
2026-10-05T04:13:32.602015Z,KXBTC15M-26OCT050015-15,0.0270,1.00,no
2026-10-05T04:13:32.602015Z,KXBTC15M-26OCT050015-15,0.0260,1.00,no
2026-10-05T04:13:32.602015Z,KXBTC15M-26OCT050015-15,0.0250,1.00,no
2026-10-05T04:13:32.602015Z,KXBTC15M-26OCT050015-15,0.0270,15.00,no
2026-10-05T04:13:32.602015Z,KXBTC15M-26OCT050015-15,0.0270,56.60,no
2026-10-05T04:13:32.602015Z,KXBTC15M-26OCT050015-15,0.0270,330.33,no
2026-10-05T04:13:32.602015Z,KXBTC15M-26OCT050015-15,0.0240,2543.45,no
2026-10-05T04:13:32.602015Z,KXBTC15M-26OCT050015-15,0.0260,260.00,no
2026-10-05T04:13:32.645029Z,KXBTC15M-26OCT050015-15,0.0250,95.00,yes
2026-10-05T04:13:32.645178Z,KXBTC15M-26OCT050015-15,0.0250,151.00,yes
2026-10-05T04:13:32.659188Z,KXBTC15M-26OCT050015-15,0.0250,33.28,yes
2026-10-05T04:13:32.694246Z,KXBTC15M-26OCT050015-15,0.0250,21.55,yes
2026-10-05T04:13:32.71018Z,KXBTC15M-26OCT050015-15,0.0250,300.00,yes
2026-10-05T04:13:32.714524Z,KXBTC15M-26OCT050015-15,0.0250,16.72,yes
2026-10-05T04:13:32.717564Z,KXBTC15M-26OCT050015-15,0.0250,66.87,yes
2026-10-05T04:13:32.728378Z,KXBTC15M-26OCT050015-15,0.0250,10.14,yes
2026-10-05T04:13:32.749085Z,KXBTC15M-26OCT050015-15,0.0240,90.07,no
2026-10-05T04:13:32.749085Z,KXBTC15M-26OCT050015-15,0.0240,1.00,no
2026-10-05T04:13:32.793178Z,KXBTC15M-26OCT050015-15,0.0250,200.00,yes
2026-10-05T04:13:32.804809Z,KXBTC15M-26OCT050015-15,0.0250,33.43,yes
2026-10-05T04:13:32.813891Z,KXBTC15M-26OCT050015-15,0.0210,1.00,no
2026-10-05T04:13:32.813891Z,KXBTC15M-26OCT050015-15,0.0220,1.00,no
2026-10-05T04:13:32.813891Z,KXBTC15M-26OCT050015-15,0.0240,0.01,no
2026-10-05T04:13:32.813891Z,KXBTC15M-26OCT050015-15,0.0240,1.32,no
2026-10-05T04:13:32.813891Z,KXBTC15M-26OCT050015-15,0.0240,33.96,no
2026-10-05T04:13:32.813891Z,KXBTC15M-26OCT050015-15,0.0240,400.00,no
2026-10-05T04:13:32.813891Z,KXBTC15M-26OCT050015-15,0.0240,100.00,no
2026-10-05T04:13:32.813891Z,KXBTC15M-26OCT050015-15,0.0230,33.96,no
2026-10-05T04:13:32.813891Z,KXBTC15M-26OCT050015-15,0.0240,1.34,no
2026-10-05T04:13:32.813891Z,KXBTC15M-26OCT050015-15,0.0240,0.01,no
2026-10-05T04:13:32.813891Z,KXBTC15M-26OCT050015-15,0.0230,293.00,no
2026-10-05T04:13:32.813891Z,KXBTC15M-26OCT050015-15,0.0230,1.00,no
2026-10-05T04:13:32.813891Z,KXBTC15M-26OCT050015-15,0.0210,138.61,no
2026-10-05T04:13:32.813891Z,KXBTC15M-26OCT050015-15,0.0230,48.00,no
2026-10-05T04:13:32.813891Z,KXBTC15M-26OCT050015-15,0.0230,2.00,no
2026-10-05T04:13:32.813891Z,KXBTC15M-26OCT050015-15,0.0220,17.00,no
2026-10-05T04:13:32.813891Z,KXBTC15M-26OCT050015-15,0.0220,2.00,no
2026-10-05T04:13:32.813891Z,KXBTC15M-26OCT050015-15,0.0220,2.00,no
2026-10-05T04:13:32.813891Z,KXBTC15M-26OCT050015-15,0.0210,2.00,no
2026-10-05T04:13:32.813891Z,KXBTC15M-26OCT050015-15,0.0210,2.00,no
2026-10-05T04:13:32.813891Z,KXBTC15M-26OCT050015-15,0.0210,193.00,no
2026-10-05T04:13:32.813891Z,KXBTC15M-26OCT050015-15,0.0210,1.00,no
2026-10-05T04:13:32.813891Z,KXBTC15M-26OCT050015-15,0.0220,330.00,no
2026-10-05T04:13:32.852647Z,KXBTC15M-26OCT050015-15,0.0250,33.43,yes
2026-10-05T04:13:32.972209Z,KXBTC15M-26OCT050015-15,0.0250,33.17,yes
2026-10-05T04:13:32.992372Z,KXBTC15M-26OCT050015-15,0.0250,16.72,yes
2026-10-05T04:13:33.045766Z,KXBTC15M-26OCT050015-15,0.0240,0.01,no
2026-10-05T04:13:33.045766Z,KXBTC15M-26OCT050015-15,0.0240,0.01,no
2026-10-05T04:13:33.045766Z,KXBTC15M-26OCT050015-15,0.0240,0.98,no
2026-10-05T04:13:33.238282Z,KXBTC15M-26OCT050015-15,0.0250,29.00,yes
2026-10-05T04:13:33.286168Z,KXBTC15M-26OCT050015-15,0.0240,22.19,no
2026-10-05T04:13:33.288444Z,KXBTC15M-26OCT050015-15,0.0240,6.42,no
2026-10-05T04:13:33.288507Z,KXBTC15M-26OCT050015-15,0.0240,99.74,no
2026-10-05T04:13:33.404884Z,KXBTC15M-26OCT050015-15,0.0250,374.44,yes
2026-10-05T04:13:33.431231Z,KXBTC15M-26OCT050015-15,0.0250,374.44,yes
2026-10-05T04:13:33.440562Z,KXBTC15M-26OCT050015-15,0.0250,37.44,yes
2026-10-05T04:13:33.443508Z,KXBTC15M-26OCT050015-15,0.0240,48.98,no
2026-10-05T04:13:33.443508Z,KXBTC15M-26OCT050015-15,0.0240,0.01,no
2026-10-05T04:13:33.443508Z,KXBTC15M-26OCT050015-15,0.0240,0.01,no
2026-10-05T04:13:33.443508Z,KXBTC15M-26OCT050015-15,0.0240,1.00,no
2026-10-05T04:13:33.443508Z,KXBTC15M-26OCT050015-15,0.0240,100.00,no
2026-10-05T04:13:33.454897Z,KXBTC15M-26OCT050015-15,0.0240,5.11,no
2026-10-05T04:13:33.455343Z,KXBTC15M-26OCT050015-15,0.0240,180.00,no
2026-10-05T04:13:33.473141Z,KXBTC15M-26OCT050015-15,0.0220,17.00,no
2026-10-05T04:13:33.473141Z,KXBTC15M-26OCT050015-15,0.0210,28.66,no
2026-10-05T04:13:33.473141Z,KXBTC15M-26OCT050015-15,0.0220,1.00,no
2026-10-05T04:13:33.473141Z,KXBTC15M-26OCT050015-15,0.0240,100.00,no
2026-10-05T04:13:33.473141Z,KXBTC15M-26OCT050015-15,0.0240,0.01,no
2026-10-05T04:13:33.473141Z,KXBTC15M-26OCT050015-15,0.0240,1.00,no
2026-10-05T04:13:33.473141Z,KXBTC15M-26OCT050015-15,0.0240,0.01,no
2026-10-05T04:13:33.473141Z,KXBTC15M-26OCT050015-15,0.0240,31.32,no
2026-10-05T04:13:33.473141Z,KXBTC15M-26OCT050015-15,0.0230,1.00,no
2026-10-05T04:13:33.476332Z,KXBTC15M-26OCT050015-15,0.0240,180.00,no
2026-10-05T04:13:33.543846Z,KXBTC15M-26OCT050015-15,0.0240,0.01,no
2026-10-05T04:13:33.543846Z,KXBTC15M-26OCT050015-15,0.0240,30.67,no
2026-10-05T04:13:33.547938Z,KXBTC15M-26OCT050015-15,0.0240,10.22,no
2026-10-05T04:13:33.548527Z,KXBTC15M-26OCT050015-15,0.0250,0.01,yes
2026-10-05T04:13:33.548527Z,KXBTC15M-26OCT050015-15,0.0250,0.50,yes
2026-10-05T04:13:33.548527Z,KXBTC15M-26OCT050015-15,0.0250,0.01,yes
2026-10-05T04:13:33.559411Z,KXBTC15M-26OCT050015-15,0.0250,22.94,yes
2026-10-05T04:13:33.559411Z,KXBTC15M-26OCT050015-15,0.0250,14.50,yes
2026-10-05T04:13:33.565329Z,KXBTC15M-26OCT050015-15,0.0240,20.53,no
2026-10-05T04:13:33.565329Z,KXBTC15M-26OCT050015-15,0.0240,0.01,no
2026-10-05T04:13:33.565329Z,KXBTC15M-26OCT050015-15,0.0240,20.37,no
2026-10-05T04:13:33.565329Z,KXBTC15M-26OCT050015-15,0.0240,400.00,no
2026-10-05T04:13:33.565329Z,KXBTC15M-26OCT050015-15,0.0240,59.11,no
2026-10-05T04:13:33.578581Z,KXBTC15M-26OCT050015-15,0.0240,4.22,no
2026-10-05T04:13:33.616686Z,KXBTC15M-26OCT050015-15,0.0240,10.42,no
2026-10-05T04:13:33.621378Z,KXBTC15M-26OCT050015-15,0.0250,9.26,yes
2026-10-05T04:13:33.640952Z,KXBTC15M-26OCT050015-15,0.0240,464.83,no
2026-10-05T04:13:33.640952Z,KXBTC15M-26OCT050015-15,0.0210,48.00,no
2026-10-05T04:13:33.640952Z,KXBTC15M-26OCT050015-15,0.0210,613.34,no
2026-10-05T04:13:33.640952Z,KXBTC15M-26OCT050015-15,0.0210,1.31,no
2026-10-05T04:13:33.640952Z,KXBTC15M-26OCT050015-15,0.0210,1.34,no
2026-10-05T04:13:33.640952Z,KXBTC15M-26OCT050015-15,0.0230,20.37,no
2026-10-05T04:13:33.640952Z,KXBTC15M-26OCT050015-15,0.0240,1.00,no
2026-10-05T04:13:33.640952Z,KXBTC15M-26OCT050015-15,0.0240,0.01,no
2026-10-05T04:13:33.640952Z,KXBTC15M-26OCT050015-15,0.0240,20.89,no
2026-10-05T04:13:33.640952Z,KXBTC15M-26OCT050015-15,0.0240,100.00,no
2026-10-05T04:13:33.640952Z,KXBTC15M-26OCT050015-15,0.0240,0.01,no
2026-10-05T04:13:33.640952Z,KXBTC15M-26OCT050015-15,0.0230,1.00,no
2026-10-05T04:13:33.640952Z,KXBTC15M-26OCT050015-15,0.0220,1.00,no
2026-10-05T04:13:33.640952Z,KXBTC15M-26OCT050015-15,0.0220,10.00,no
2026-10-05T04:13:33.640952Z,KXBTC15M-26OCT050015-15,0.0210,1.00,no
2026-10-05T04:13:33.640952Z,KXBTC15M-26OCT050015-15,0.0240,15.00,no
2026-10-05T04:13:33.640952Z,KXBTC15M-26OCT050015-15,0.0240,400.00,no
2026-10-05T04:13:33.640952Z,KXBTC15M-26OCT050015-15,0.0200,260.00,no
2026-10-05T04:13:33.640952Z,KXBTC15M-26OCT050015-15,0.0200,112.65,no
2026-10-05T04:13:33.640952Z,KXBTC15M-26OCT050015-15,0.0200,11.00,no
2026-10-05T04:13:33.670721Z,KXBTC15M-26OCT050015-15,0.0250,37.44,yes
2026-10-05T04:13:33.672428Z,KXBTC15M-26OCT050015-15,0.0240,0.01,no
2026-10-05T04:13:33.672428Z,KXBTC15M-26OCT050015-15,0.0230,0.01,no
2026-10-05T04:13:33.672428Z,KXBTC15M-26OCT050015-15,0.0240,0.01,no
2026-10-05T04:13:33.672428Z,KXBTC15M-26OCT050015-15,0.0200,10.00,no
2026-10-05T04:13:33.672428Z,KXBTC15M-26OCT050015-15,0.0200,25.00,no
2026-10-05T04:13:33.672428Z,KXBTC15M-26OCT050015-15,0.0200,50.00,no
2026-10-05T04:13:33.672428Z,KXBTC15M-26OCT050015-15,0.0200,402.37,no
2026-10-05T04:13:33.672428Z,KXBTC15M-26OCT050015-15,0.0200,1.00,no
2026-10-05T04:13:33.672428Z,KXBTC15M-26OCT050015-15,0.0200,44.25,no
2026-10-05T04:13:33.672428Z,KXBTC15M-26OCT050015-15,0.0200,217.35,no
2026-10-05T04:13:33.720559Z,KXBTC15M-26OCT050015-15,0.0240,0.01,no
2026-10-05T04:13:33.720559Z,KXBTC15M-26OCT050015-15,0.0240,0.01,no
2026-10-05T04:13:33.720559Z,KXBTC15M-26OCT050015-15,0.0240,1.28,no
2026-10-05T04:13:33.730716Z,KXBTC15M-26OCT050015-15,0.0240,150.00,no
2026-10-05T04:13:33.739722Z,KXBTC15M-26OCT050015-15,0.0250,10.48,yes
2026-10-05T04:13:33.742481Z,KXBTC15M-26OCT050015-15,0.0250,10.00,yes
2026-10-05T04:13:33.791712Z,KXBTC15M-26OCT050015-15,0.0250,16.10,yes
2026-10-05T04:13:33.816691Z,KXBTC15M-26OCT050015-15,0.0250,3.74,yes
2026-10-05T04:13:33.836654Z,KXBTC15M-26OCT050015-15,0.0250,90.04,yes
2026-10-05T04:13:33.836654Z,KXBTC15M-26OCT050015-15,0.0250,100.00,yes
2026-10-05T04:13:33.836654Z,KXBTC15M-26OCT050015-15,0.0250,0.01,yes
2026-10-05T04:13:33.836654Z,KXBTC15M-26OCT050015-15,0.0250,40.09,yes
2026-10-05T04:13:33.836654Z,KXBTC15M-26OCT050015-15,0.0250,2.00,yes
2026-10-05T04:13:33.836654Z,KXBTC15M-26OCT050015-15,0.0250,0.01,yes
2026-10-05T04:13:33.844208Z,KXBTC15M-26OCT050015-15,0.0250,37.44,yes
2026-10-05T04:13:33.887124Z,KXBTC15M-26OCT050015-15,0.0210,1.00,no
2026-10-05T04:13:33.887124Z,KXBTC15M-26OCT050015-15,0.0240,1.00,no
2026-10-05T04:13:33.887124Z,KXBTC15M-26OCT050015-15,0.0230,1.00,no
2026-10-05T04:13:33.887124Z,KXBTC15M-26OCT050015-15,0.0240,0.01,no
2026-10-05T04:13:33.887124Z,KXBTC15M-26OCT050015-15,0.0220,1.00,no
2026-10-05T04:13:33.887124Z,KXBTC15M-26OCT050015-15,0.0240,0.01,no
2026-10-05T04:13:33.887124Z,KXBTC15M-26OCT050015-15,0.0200,114.00,no
2026-10-05T04:13:33.905547Z,KXBTC15M-26OCT050015-15,0.0250,160.22,yes
2026-10-05T04:13:33.905547Z,KXBTC15M-26OCT050015-15,0.0250,12.00,yes
2026-10-05T04:13:33.905547Z,KXBTC15M-26OCT050015-15,0.0250,15.00,yes
2026-10-05T04:13:33.917636Z,KXBTC15M-26OCT050015-15,0.0250,6.73,yes
2026-10-05T04:13:33.918992Z,KXBTC15M-26OCT050015-15,0.0210,1.33,no
2026-10-05T04:13:33.918992Z,KXBTC15M-26OCT050015-15,0.0240,0.01,no
2026-10-05T04:13:33.918992Z,KXBTC15M-26OCT050015-15,0.0240,0.01,no
2026-10-05T04:13:33.918992Z,KXBTC15M-26OCT050015-15,0.0200,4.66,no
2026-10-05T04:13:33.918992Z,KXBTC15M-26OCT050015-15,0.0200,230.00,no
2026-10-05T04:13:33.918992Z,KXBTC15M-26OCT050015-15,0.0200,2.00,no
2026-10-05T04:13:33.918992Z,KXBTC15M-26OCT050015-15,0.0200,0.41,no
2026-10-05T04:13:33.918992Z,KXBTC15M-26OCT050015-15,0.0200,2.18,no
2026-10-05T04:13:33.918992Z,KXBTC15M-26OCT050015-15,0.0200,509.40,no
2026-10-05T04:13:33.935353Z,KXBTC15M-26OCT050015-15,0.0250,9.36,yes
2026-10-05T04:13:33.95557Z,KXBTC15M-26OCT050015-15,0.0240,0.01,no
2026-10-05T04:13:33.95557Z,KXBTC15M-26OCT050015-15,0.0240,0.01,no
2026-10-05T04:13:33.95557Z,KXBTC15M-26OCT050015-15,0.0240,15.00,no
2026-10-05T04:13:33.95557Z,KXBTC15M-26OCT050015-15,0.0200,14.22,no
2026-10-05T04:13:33.95557Z,KXBTC15M-26OCT050015-15,0.0200,1.05,no
2026-10-05T04:13:33.95557Z,KXBTC15M-26OCT050015-15,0.0200,1.07,no
2026-10-05T04:13:33.95557Z,KXBTC15M-26OCT050015-15,0.0200,150.00,no
2026-10-05T04:13:33.95557Z,KXBTC15M-26OCT050015-15,0.0200,1.00,no
2026-10-05T04:13:33.95557Z,KXBTC15M-26OCT050015-15,0.0200,246.57,no
2026-10-05T04:13:33.95557Z,KXBTC15M-26OCT050015-15,0.0200,72.56,no
2026-10-05T04:13:33.95557Z,KXBTC15M-26OCT050015-15,0.0200,200.00,no
2026-10-05T04:13:33.95557Z,KXBTC15M-26OCT050015-15,0.0200,28.10,no
2026-10-05T04:13:33.95557Z,KXBTC15M-26OCT050015-15,0.0200,6.71,no
2026-10-05T04:13:33.95557Z,KXBTC15M-26OCT050015-15,0.0200,1.00,no
2026-10-05T04:13:33.95557Z,KXBTC15M-26OCT050015-15,0.0200,12.70,no
2026-10-05T04:13:33.987998Z,KXBTC15M-26OCT050015-15,0.0240,0.01,no
2026-10-05T04:13:33.987998Z,KXBTC15M-26OCT050015-15,0.0240,0.01,no
2026-10-05T04:13:33.987998Z,KXBTC15M-26OCT050015-15,0.0200,100.00,no
2026-10-05T04:13:33.987998Z,KXBTC15M-26OCT050015-15,0.0200,180.00,no
2026-10-05T04:13:33.987998Z,KXBTC15M-26OCT050015-15,0.0200,404.91,no
2026-10-05T04:13:33.987998Z,KXBTC15M-26OCT050015-15,0.0200,65.07,no
2026-10-05T04:13:33.997709Z,KXBTC15M-26OCT050015-15,0.0250,37.44,yes
2026-10-05T04:13:34.008669Z,KXBTC15M-26OCT050015-15,0.0250,18.00,yes
2026-10-05T04:13:34.008669Z,KXBTC15M-26OCT050015-15,0.0250,15.00,yes
2026-10-05T04:13:34.008669Z,KXBTC15M-26OCT050015-15,0.0250,53.20,yes
2026-10-05T04:13:34.008669Z,KXBTC15M-26OCT050015-15,0.0250,400.00,yes
2026-10-05T04:13:34.008669Z,KXBTC15M-26OCT050015-15,0.0250,0.01,yes
2026-10-05T04:13:34.008669Z,KXBTC15M-26OCT050015-15,0.0250,0.01,yes
2026-10-05T04:13:34.008669Z,KXBTC15M-26OCT050015-15,0.0250,12.00,yes
2026-10-05T04:13:34.008669Z,KXBTC15M-26OCT050015-15,0.0250,200.00,yes
2026-10-05T04:13:34.008669Z,KXBTC15M-26OCT050015-15,0.0250,4.46,yes
2026-10-05T04:13:34.020424Z,KXBTC15M-26OCT050015-15,0.0210,0.01,no
2026-10-05T04:13:34.020424Z,KXBTC15M-26OCT050015-15,0.0210,0.01,no
2026-10-05T04:13:34.020424Z,KXBTC15M-26OCT050015-15,0.0210,1.33,no
2026-10-05T04:13:34.020424Z,KXBTC15M-26OCT050015-15,0.0210,11.00,no
2026-10-05T04:13:34.020424Z,KXBTC15M-26OCT050015-15,0.0200,137.65,no
2026-10-05T04:13:34.026353Z,KXBTC15M-26OCT050015-15,0.0200,23.44,no
2026-10-05T04:13:34.026353Z,KXBTC15M-26OCT050015-15,0.0200,50.00,no
2026-10-05T04:13:34.026353Z,KXBTC15M-26OCT050015-15,0.0200,1.00,no
2026-10-05T04:13:34.026353Z,KXBTC15M-26OCT050015-15,0.0200,17.00,no
2026-10-05T04:13:34.026353Z,KXBTC15M-26OCT050015-15,0.0200,24.07,no
2026-10-05T04:13:34.026353Z,KXBTC15M-26OCT050015-15,0.0200,20.72,no
2026-10-05T04:13:34.026353Z,KXBTC15M-26OCT050015-15,0.0200,36.00,no
2026-10-05T04:13:34.026353Z,KXBTC15M-26OCT050015-15,0.0200,0.01,no
2026-10-05T04:13:34.026353Z,KXBTC15M-26OCT050015-15,0.0200,0.01,no
2026-10-05T04:13:34.026353Z,KXBTC15M-26OCT050015-15,0.0200,6.00,no
2026-10-05T04:13:34.026353Z,KXBTC15M-26OCT050015-15,0.0200,6.00,no
2026-10-05T04:13:34.026353Z,KXBTC15M-26OCT050015-15,0.0200,457.44,no
2026-10-05T04:13:34.026353Z,KXBTC15M-26OCT050015-15,0.0200,108.31,no
2026-10-05T04:13:34.033673Z,KXBTC15M-26OCT050015-15,0.0210,15.00,yes
2026-10-05T04:13:34.045472Z,KXBTC15M-26OCT050015-15,0.0200,108.49,no
2026-10-05T04:13:34.059454Z,KXBTC15M-26OCT050015-15,0.0200,368.21,no
2026-10-05T04:13:34.059454Z,KXBTC15M-26OCT050015-15,0.0200,11.00,no
2026-10-05T04:13:34.059454Z,KXBTC15M-26OCT050015-15,0.0200,370.79,no
2026-10-05T04:13:34.093296Z,KXBTC15M-26OCT050015-15,0.0200,131.79,no
2026-10-05T04:13:34.093296Z,KXBTC15M-26OCT050015-15,0.0200,368.19,no
2026-10-05T04:13:34.093296Z,KXBTC15M-26OCT050015-15,0.0200,0.01,no
2026-10-05T04:13:34.093296Z,KXBTC15M-26OCT050015-15,0.0200,0.01,no
2026-10-05T04:13:34.157872Z,KXBTC15M-26OCT050015-15,0.0210,50.00,yes
2026-10-05T04:13:34.157872Z,KXBTC15M-26OCT050015-15,0.0210,75.00,yes
2026-10-05T04:13:34.157872Z,KXBTC15M-26OCT050015-15,0.0210,15.00,yes
2026-10-05T04:13:34.157872Z,KXBTC15M-26OCT050015-15,0.0250,25.00,yes
2026-10-05T04:13:34.157872Z,KXBTC15M-26OCT050015-15,0.0220,200.00,yes
2026-10-05T04:13:34.157872Z,KXBTC15M-26OCT050015-15,0.0210,0.01,yes
2026-10-05T04:13:34.157872Z,KXBTC15M-26OCT050015-15,0.0250,12.00,yes
2026-10-05T04:13:34.157872Z,KXBTC15M-26OCT050015-15,0.0210,0.01,yes
2026-10-05T04:13:34.157872Z,KXBTC15M-26OCT050015-15,0.0270,129.23,yes
2026-10-05T04:13:34.157872Z,KXBTC15M-26OCT050015-15,0.0260,2.00,yes
2026-10-05T04:13:34.157872Z,KXBTC15M-26OCT050015-15,0.0260,73.65,yes
2026-10-05T04:13:34.157872Z,KXBTC15M-26OCT050015-15,0.0260,141.35,yes
2026-10-05T04:13:34.222791Z,KXBTC15M-26OCT050015-15,0.0200,5.00,no
2026-10-05T04:13:34.269846Z,KXBTC15M-26OCT050015-15,0.0200,0.01,no
2026-10-05T04:13:34.269846Z,KXBTC15M-26OCT050015-15,0.0200,234.90,no
2026-10-05T04:13:34.269846Z,KXBTC15M-26OCT050015-15,0.0200,0.01,no
2026-10-05T04:13:34.269846Z,KXBTC15M-26OCT050015-15,0.0200,45.00,no
2026-10-05T04:13:34.269846Z,KXBTC15M-26OCT050015-15,0.0200,100.00,no
2026-10-05T04:13:34.269846Z,KXBTC15M-26OCT050015-15,0.0200,11.00,no
2026-10-05T04:13:34.269846Z,KXBTC15M-26OCT050015-15,0.0200,83.23,no
2026-10-05T04:13:34.269846Z,KXBTC15M-26OCT050015-15,0.0200,15.00,no
2026-10-05T04:13:34.313008Z,KXBTC15M-26OCT050015-15,0.0210,0.01,yes
2026-10-05T04:13:34.313008Z,KXBTC15M-26OCT050015-15,0.0210,209.64,yes
2026-10-05T04:13:34.313008Z,KXBTC15M-26OCT050015-15,0.0210,15.00,yes
2026-10-05T04:13:34.313008Z,KXBTC15M-26OCT050015-15,0.0210,0.01,yes
2026-10-05T04:13:34.317609Z,KXBTC15M-26OCT050015-15,0.0200,150.00,no
2026-10-05T04:13:34.334679Z,KXBTC15M-26OCT050015-15,0.0200,15.10,no
2026-10-05T04:13:34.334679Z,KXBTC15M-26OCT050015-15,0.0200,17.00,no
2026-10-05T04:13:34.334679Z,KXBTC15M-26OCT050015-15,0.0200,6.29,no
2026-10-05T04:13:34.334679Z,KXBTC15M-26OCT050015-15,0.0200,0.01,no
2026-10-05T04:13:34.334679Z,KXBTC15M-26OCT050015-15,0.0200,0.01,no
2026-10-05T04:13:34.374174Z,KXBTC15M-26OCT050015-15,0.0210,50.92,yes
2026-10-05T04:13:34.422035Z,KXBTC15M-26OCT050015-15,0.0210,417.79,yes
2026-10-05T04:13:34.482483Z,KXBTC15M-26OCT050015-15,0.0210,84.65,yes
2026-10-05T04:13:34.482483Z,KXBTC15M-26OCT050015-15,0.0210,102.57,yes
2026-10-05T04:13:34.506973Z,KXBTC15M-26OCT050015-15,0.0210,261.26,yes
2026-10-05T04:13:34.523134Z,KXBTC15M-26OCT050015-15,0.0210,209.27,yes
2026-10-05T04:13:34.549191Z,KXBTC15M-26OCT050015-15,0.0230,84.00,yes
2026-10-05T04:13:34.549191Z,KXBTC15M-26OCT050015-15,0.0220,21.00,yes
2026-10-05T04:13:34.549191Z,KXBTC15M-26OCT050015-15,0.0210,0.01,yes
2026-10-05T04:13:34.549191Z,KXBTC15M-26OCT050015-15,0.0240,42.00,yes
2026-10-05T04:13:34.549191Z,KXBTC15M-26OCT050015-15,0.0210,15.00,yes
2026-10-05T04:13:34.549191Z,KXBTC15M-26OCT050015-15,0.0230,196.00,yes
2026-10-05T04:13:34.549191Z,KXBTC15M-26OCT050015-15,0.0210,0.01,yes
2026-10-05T04:13:34.549191Z,KXBTC15M-26OCT050015-15,0.0210,290.73,yes
2026-10-05T04:13:34.549191Z,KXBTC15M-26OCT050015-15,0.0240,51.25,yes
2026-10-05T04:13:34.580223Z,KXBTC15M-26OCT050015-15,0.0220,0.01,yes
2026-10-05T04:13:34.580223Z,KXBTC15M-26OCT050015-15,0.0220,0.01,yes
2026-10-05T04:13:34.6186Z,KXBTC15M-26OCT050015-15,0.0220,0.01,yes
2026-10-05T04:13:34.6186Z,KXBTC15M-26OCT050015-15,0.0240,0.02,yes
2026-10-05T04:13:34.6186Z,KXBTC15M-26OCT050015-15,0.0220,0.01,yes
2026-10-05T04:13:34.6186Z,KXBTC15M-26OCT050015-15,0.0240,1.00,yes
2026-10-05T04:13:34.635805Z,KXBTC15M-26OCT050015-15,0.0200,100.30,no
2026-10-05T04:13:34.635805Z,KXBTC15M-26OCT050015-15,0.0200,34.70,no
2026-10-05T04:13:34.65967Z,KXBTC15M-26OCT050015-15,0.0200,0.01,no
2026-10-05T04:13:34.65967Z,KXBTC15M-26OCT050015-15,0.0200,15.30,no
2026-10-05T04:13:34.65967Z,KXBTC15M-26OCT050015-15,0.0200,10.00,no
2026-10-05T04:13:34.65967Z,KXBTC15M-26OCT050015-15,0.0200,0.01,no
2026-10-05T04:13:34.65967Z,KXBTC15M-26OCT050015-15,0.0200,271.68,no
2026-10-05T04:13:34.65967Z,KXBTC15M-26OCT050015-15,0.0200,15.00,no
2026-10-05T04:13:34.692974Z,KXBTC15M-26OCT050015-15,0.0200,97.42,no
2026-10-05T04:13:34.692974Z,KXBTC15M-26OCT050015-15,0.0200,128.32,no
2026-10-05T04:13:34.692974Z,KXBTC15M-26OCT050015-15,0.0200,1.00,no
2026-10-05T04:13:34.692974Z,KXBTC15M-26OCT050015-15,0.0200,17.00,no
2026-10-05T04:13:34.692974Z,KXBTC15M-26OCT050015-15,0.0200,11.00,no
2026-10-05T04:13:34.707857Z,KXBTC15M-26OCT050015-15,0.0250,19.00,yes
2026-10-05T04:13:34.707857Z,KXBTC15M-26OCT050015-15,0.0210,0.01,yes
2026-10-05T04:13:34.707857Z,KXBTC15M-26OCT050015-15,0.0220,0.01,yes
2026-10-05T04:13:34.707857Z,KXBTC15M-26OCT050015-15,0.0240,0.01,yes
2026-10-05T04:13:34.707857Z,KXBTC15M-26OCT050015-15,0.0210,0.01,yes
2026-10-05T04:13:34.707857Z,KXBTC15M-26OCT050015-15,0.0260,12.00,yes
2026-10-05T04:13:34.707857Z,KXBTC15M-26OCT050015-15,0.0260,62.47,yes
2026-10-05T04:13:34.707857Z,KXBTC15M-26OCT050015-15,0.0210,15.00,yes
2026-10-05T04:13:34.707857Z,KXBTC15M-26OCT050015-15,0.0220,0.01,yes
2026-10-05T04:13:34.707857Z,KXBTC15M-26OCT050015-15,0.0240,0.01,yes
2026-10-05T04:13:34.743547Z,KXBTC15M-26OCT050015-15,0.0210,45.00,no
2026-10-05T04:13:34.833885Z,KXBTC15M-26OCT050015-15,0.0240,0.01,yes
2026-10-05T04:13:34.833885Z,KXBTC15M-26OCT050015-15,0.0250,0.01,yes
2026-10-05T04:13:34.833885Z,KXBTC15M-26OCT050015-15,0.0250,24.96,yes
2026-10-05T04:13:34.833885Z,KXBTC15M-26OCT050015-15,0.0240,1.00,yes
2026-10-05T04:13:34.833885Z,KXBTC15M-26OCT050015-15,0.0250,0.01,yes
2026-10-05T04:13:34.833885Z,KXBTC15M-26OCT050015-15,0.0240,0.01,yes
2026-10-05T04:13:34.833885Z,KXBTC15M-26OCT050015-15,0.0240,1.00,yes
2026-10-05T04:13:34.854918Z,KXBTC15M-26OCT050015-15,0.0190,1.00,no
2026-10-05T04:13:34.854918Z,KXBTC15M-26OCT050015-15,0.0220,91.00,no
2026-10-05T04:13:34.854918Z,KXBTC15M-26OCT050015-15,0.0210,0.01,no
2026-10-05T04:13:34.854918Z,KXBTC15M-26OCT050015-15,0.0210,85.27,no
2026-10-05T04:13:34.854918Z,KXBTC15M-26OCT050015-15,0.0220,500.00,no
2026-10-05T04:13:34.854918Z,KXBTC15M-26OCT050015-15,0.0200,97.00,no
2026-10-05T04:13:34.854918Z,KXBTC15M-26OCT050015-15,0.0220,1.00,no
2026-10-05T04:13:34.854918Z,KXBTC15M-26OCT050015-15,0.0210,1.00,no
2026-10-05T04:13:34.854918Z,KXBTC15M-26OCT050015-15,0.0200,337.00,no
2026-10-05T04:13:34.854918Z,KXBTC15M-26OCT050015-15,0.0210,11.00,no
2026-10-05T04:13:34.854918Z,KXBTC15M-26OCT050015-15,0.0200,15.00,no
2026-10-05T04:13:34.854918Z,KXBTC15M-26OCT050015-15,0.0200,1.00,no
2026-10-05T04:13:34.854918Z,KXBTC15M-26OCT050015-15,0.0200,240.58,no
2026-10-05T04:13:34.854918Z,KXBTC15M-26OCT050015-15,0.0200,15.00,no
2026-10-05T04:13:34.854918Z,KXBTC15M-26OCT050015-15,0.0220,0.01,no
2026-10-05T04:13:34.854918Z,KXBTC15M-26OCT050015-15,0.0200,15.00,no
2026-10-05T04:13:34.854918Z,KXBTC15M-26OCT050015-15,0.0220,0.01,no
2026-10-05T04:13:34.854918Z,KXBTC15M-26OCT050015-15,0.0210,0.01,no
2026-10-05T04:13:34.854918Z,KXBTC15M-26OCT050015-15,0.0200,50.00,no
2026-10-05T04:13:34.854918Z,KXBTC15M-26OCT050015-15,0.0200,93.75,no
2026-10-05T04:13:34.854918Z,KXBTC15M-26OCT050015-15,0.0220,307.00,no
2026-10-05T04:13:34.854918Z,KXBTC15M-26OCT050015-15,0.0220,85.27,no
2026-10-05T04:13:34.854918Z,KXBTC15M-26OCT050015-15,0.0220,500.00,no
2026-10-05T04:13:34.854918Z,KXBTC15M-26OCT050015-15,0.0190,2.00,no
2026-10-05T04:13:34.854918Z,KXBTC15M-26OCT050015-15,0.0190,2005.74,no
2026-10-05T04:13:34.866355Z,KXBTC15M-26OCT050015-15,0.0190,34.00,no
2026-10-05T04:13:34.866355Z,KXBTC15M-26OCT050015-15,0.0200,93.75,no
2026-10-05T04:13:34.866355Z,KXBTC15M-26OCT050015-15,0.0200,27.93,no
2026-10-05T04:13:34.866355Z,KXBTC15M-26OCT050015-15,0.0220,0.01,no
2026-10-05T04:13:34.866355Z,KXBTC15M-26OCT050015-15,0.0200,1.33,no
2026-10-05T04:13:34.866355Z,KXBTC15M-26OCT050015-15,0.0200,11.00,no
2026-10-05T04:13:34.866355Z,KXBTC15M-26OCT050015-15,0.0220,0.01,no
2026-10-05T04:13:34.866355Z,KXBTC15M-26OCT050015-15,0.0190,50.13,no
2026-10-05T04:13:34.866355Z,KXBTC15M-26OCT050015-15,0.0200,3.17,no
2026-10-05T04:13:34.866355Z,KXBTC15M-26OCT050015-15,0.0190,150.00,no
2026-10-05T04:13:34.868445Z,KXBTC15M-26OCT050015-15,0.0200,0.01,no
2026-10-05T04:13:34.869061Z,KXBTC15M-26OCT050015-15,0.0200,218.36,yes
2026-10-05T04:13:34.870905Z,KXBTC15M-26OCT050015-15,0.0180,1.00,no
2026-10-05T04:13:34.870905Z,KXBTC15M-26OCT050015-15,0.0190,1.03,no
2026-10-05T04:13:34.870905Z,KXBTC15M-26OCT050015-15,0.0180,7.94,no
2026-10-05T04:13:34.94672Z,KXBTC15M-26OCT050015-15,0.0170,1.00,no
2026-10-05T04:13:34.94672Z,KXBTC15M-26OCT050015-15,0.0190,0.01,no
2026-10-05T04:13:34.94672Z,KXBTC15M-26OCT050015-15,0.0180,2.00,no
2026-10-05T04:13:34.94672Z,KXBTC15M-26OCT050015-15,0.0190,0.01,no
2026-10-05T04:13:34.94672Z,KXBTC15M-26OCT050015-15,0.0190,1.00,no
2026-10-05T04:13:34.94672Z,KXBTC15M-26OCT050015-15,0.0170,82.92,no
2026-10-05T04:13:34.94672Z,KXBTC15M-26OCT050015-15,0.0170,2.00,no
2026-10-05T04:13:34.94672Z,KXBTC15M-26OCT050015-15,0.0170,2.00,no
2026-10-05T04:13:34.94672Z,KXBTC15M-26OCT050015-15,0.0180,9.06,no
2026-10-05T04:13:34.966595Z,KXBTC15M-26OCT050015-15,0.0190,3.04,yes
2026-10-05T04:13:34.974123Z,KXBTC15M-26OCT050015-15,0.0190,1.31,yes
2026-10-05T04:13:35.018043Z,KXBTC15M-26OCT050015-15,0.0180,0.01,no
2026-10-05T04:13:35.018043Z,KXBTC15M-26OCT050015-15,0.0180,17.00,no
2026-10-05T04:13:35.018043Z,KXBTC15M-26OCT050015-15,0.0180,238.29,no
2026-10-05T04:13:35.018043Z,KXBTC15M-26OCT050015-15,0.0180,0.01,no
2026-10-05T04:13:35.020567Z,KXBTC15M-26OCT050015-15,0.0180,150.00,no
2026-10-05T04:13:35.078145Z,KXBTC15M-26OCT050015-15,0.0180,14.58,no
2026-10-05T04:13:35.087864Z,KXBTC15M-26OCT050015-15,0.0190,9.13,yes
2026-10-05T04:13:35.107682Z,KXBTC15M-26OCT050015-15,0.0180,2.87,no
2026-10-05T04:13:35.107682Z,KXBTC15M-26OCT050015-15,0.0180,97.13,no
2026-10-05T04:13:35.137093Z,KXBTC15M-26OCT050015-15,0.0190,0.01,yes
2026-10-05T04:13:35.137093Z,KXBTC15M-26OCT050015-15,0.0190,0.01,yes
2026-10-05T04:13:35.137093Z,KXBTC15M-26OCT050015-15,0.0190,5.16,yes
2026-10-05T04:13:35.137093Z,KXBTC15M-26OCT050015-15,0.0190,13.00,yes
2026-10-05T04:13:35.137093Z,KXBTC15M-26OCT050015-15,0.0190,1.52,yes
2026-10-05T04:13:35.2512Z,KXBTC15M-26OCT050015-15,0.0190,3.25,yes
2026-10-05T04:13:35.269634Z,KXBTC15M-26OCT050015-15,0.0180,205.00,no
2026-10-05T04:13:35.287568Z,KXBTC15M-26OCT050015-15,0.0180,10.27,no
2026-10-05T04:13:35.312201Z,KXBTC15M-26OCT050015-15,0.0180,1.00,no
2026-10-05T04:13:35.320929Z,KXBTC15M-26OCT050015-15,0.0190,6.59,yes
2026-10-05T04:13:35.320929Z,KXBTC15M-26OCT050015-15,0.0190,16.80,yes
2026-10-05T04:13:35.325114Z,KXBTC15M-26OCT050015-15,0.0190,560.57,yes
2026-10-05T04:13:35.366152Z,KXBTC15M-26OCT050015-15,0.0180,31.91,no
2026-10-05T04:13:35.392852Z,KXBTC15M-26OCT050015-15,0.0180,0.79,no
2026-10-05T04:13:35.436058Z,KXBTC15M-26OCT050015-15,0.0190,197.98,yes
2026-10-05T04:13:35.484973Z,KXBTC15M-26OCT050015-15,0.0190,20.07,yes
2026-10-05T04:13:35.484973Z,KXBTC15M-26OCT050015-15,0.0190,2.02,yes
2026-10-05T04:13:35.492726Z,KXBTC15M-26OCT050015-15,0.0190,3.00,yes
2026-10-05T04:13:35.497253Z,KXBTC15M-26OCT050015-15,0.0190,133.07,yes
2026-10-05T04:13:35.497253Z,KXBTC15M-26OCT050015-15,0.0190,66.93,yes
2026-10-05T04:13:35.518455Z,KXBTC15M-26OCT050015-15,0.0190,2.46,yes
2026-10-05T04:13:35.585569Z,KXBTC15M-26OCT050015-15,0.0190,10.54,yes
2026-10-05T04:13:35.591441Z,KXBTC15M-26OCT050015-15,0.0180,3.00,no
2026-10-05T04:13:35.687224Z,KXBTC15M-26OCT050015-15,0.0200,11.10,yes
2026-10-05T04:13:35.687224Z,KXBTC15M-26OCT050015-15,0.0190,13.00,yes
2026-10-05T04:13:35.687224Z,KXBTC15M-26OCT050015-15,0.0190,0.01,yes
2026-10-05T04:13:35.687224Z,KXBTC15M-26OCT050015-15,0.0190,0.01,yes
2026-10-05T04:13:35.764832Z,KXBTC15M-26OCT050015-15,0.0200,78.00,yes
2026-10-05T04:13:35.772224Z,KXBTC15M-26OCT050015-15,0.0200,20.00,yes
2026-10-05T04:13:35.776469Z,KXBTC15M-26OCT050015-15,0.0190,10.33,no
2026-10-05T04:13:35.837048Z,KXBTC15M-26OCT050015-15,0.0190,10.00,no
2026-10-05T04:13:35.837048Z,KXBTC15M-26OCT050015-15,0.0190,80.93,no
2026-10-05T04:13:35.837048Z,KXBTC15M-26OCT050015-15,0.0190,344.67,no
2026-10-05T04:13:35.837048Z,KXBTC15M-26OCT050015-15,0.0190,0.01,no
2026-10-05T04:13:35.837048Z,KXBTC15M-26OCT050015-15,0.0190,0.01,no
2026-10-05T04:13:35.837048Z,KXBTC15M-26OCT050015-15,0.0190,7.87,no
2026-10-05T04:13:35.986955Z,KXBTC15M-26OCT050015-15,0.0190,1.00,no
2026-10-05T04:13:35.986955Z,KXBTC15M-26OCT050015-15,0.0190,0.01,no
2026-10-05T04:13:35.986955Z,KXBTC15M-26OCT050015-15,0.0190,0.01,no
2026-10-05T04:13:35.986955Z,KXBTC15M-26OCT050015-15,0.0190,346.13,no
2026-10-05T04:13:36.011625Z,KXBTC15M-26OCT050015-15,0.0180,7.48,no
2026-10-05T04:13:36.011625Z,KXBTC15M-26OCT050015-15,0.0190,0.01,no
2026-10-05T04:13:36.011625Z,KXBTC15M-26OCT050015-15,0.0190,0.01,no
2026-10-05T04:13:36.019849Z,KXBTC15M-26OCT050015-15,0.0190,0.01,no
2026-10-05T04:13:36.019849Z,KXBTC15M-26OCT050015-15,0.0190,0.01,no
2026-10-05T04:13:36.045309Z,KXBTC15M-26OCT050015-15,0.0190,4.92,yes
2026-10-05T04:13:36.052202Z,KXBTC15M-26OCT050015-15,0.0180,7.52,no
2026-10-05T04:13:36.052202Z,KXBTC15M-26OCT050015-15,0.0180,2.65,no
2026-10-05T04:13:36.113508Z,KXBTC15M-26OCT050015-15,0.0190,10.75,yes
2026-10-05T04:13:36.21076Z,KXBTC15M-26OCT050015-15,0.0190,34.31,yes
2026-10-05T04:13:36.21076Z,KXBTC15M-26OCT050015-15,0.0190,12.19,yes
2026-10-05T04:13:36.211626Z,KXBTC15M-26OCT050015-15,0.0180,17.00,no
2026-10-05T04:13:36.211626Z,KXBTC15M-26OCT050015-15,0.0180,2.64,no
2026-10-05T04:13:36.211626Z,KXBTC15M-26OCT050015-15,0.0180,12.35,no
2026-10-05T04:13:36.250487Z,KXBTC15M-26OCT050015-15,0.0170,64.74,no
2026-10-05T04:13:36.250487Z,KXBTC15M-26OCT050015-15,0.0180,0.01,no
2026-10-05T04:13:36.250487Z,KXBTC15M-26OCT050015-15,0.0180,1.00,no
2026-10-05T04:13:36.250487Z,KXBTC15M-26OCT050015-15,0.0180,64.74,no
2026-10-05T04:13:36.250487Z,KXBTC15M-26OCT050015-15,0.0180,0.01,no
2026-10-05T04:13:36.250487Z,KXBTC15M-26OCT050015-15,0.0180,500.00,no
2026-10-05T04:13:36.250487Z,KXBTC15M-26OCT050015-15,0.0180,500.00,no
2026-10-05T04:13:36.250487Z,KXBTC15M-26OCT050015-15,0.0180,95.36,no
2026-10-05T04:13:36.250487Z,KXBTC15M-26OCT050015-15,0.0160,1208.00,no
2026-10-05T04:13:36.250487Z,KXBTC15M-26OCT050015-15,0.0160,149.61,no
2026-10-05T04:13:36.2511Z,KXBTC15M-26OCT050015-15,0.0160,8.08,no
2026-10-05T04:13:36.261217Z,KXBTC15M-26OCT050015-15,0.0180,0.01,no
2026-10-05T04:13:36.261217Z,KXBTC15M-26OCT050015-15,0.0180,0.01,no
2026-10-05T04:13:36.261217Z,KXBTC15M-26OCT050015-15,0.0180,150.00,no
2026-10-05T04:13:36.261217Z,KXBTC15M-26OCT050015-15,0.0160,344.69,no
2026-10-05T04:13:36.261217Z,KXBTC15M-26OCT050015-15,0.0160,502.31,no
2026-10-05T04:13:36.397848Z,KXBTC15M-26OCT050015-15,0.0190,0.01,yes
2026-10-05T04:13:36.397848Z,KXBTC15M-26OCT050015-15,0.0190,0.01,yes
2026-10-05T04:13:36.397848Z,KXBTC15M-26OCT050015-15,0.0190,45.96,yes
2026-10-05T04:13:36.397848Z,KXBTC15M-26OCT050015-15,0.0190,0.81,yes
2026-10-05T04:13:36.496357Z,KXBTC15M-26OCT050015-15,0.0170,3.21,no
2026-10-05T04:13:36.496357Z,KXBTC15M-26OCT050015-15,0.0180,0.01,no
2026-10-05T04:13:36.496357Z,KXBTC15M-26OCT050015-15,0.0180,0.01,no
2026-10-05T04:13:36.50145Z,KXBTC15M-26OCT050015-15,0.0190,9.83,yes
2026-10-05T04:13:36.514893Z,KXBTC15M-26OCT050015-15,0.0170,2.98,no
2026-10-05T04:13:36.52964Z,KXBTC15M-26OCT050015-15,0.0190,6.23,yes
2026-10-05T04:13:36.52964Z,KXBTC15M-26OCT050015-15,0.0180,0.01,yes
2026-10-05T04:13:36.52964Z,KXBTC15M-26OCT050015-15,0.0180,0.01,yes
2026-10-05T04:13:36.52964Z,KXBTC15M-26OCT050015-15,0.0180,13.00,yes
2026-10-05T04:13:36.52964Z,KXBTC15M-26OCT050015-15,0.0180,15.00,yes
2026-10-05T04:13:36.52964Z,KXBTC15M-26OCT050015-15,0.0180,15.00,yes
2026-10-05T04:13:36.62493Z,KXBTC15M-26OCT050015-15,0.0170,22.31,no
2026-10-05T04:13:36.654826Z,KXBTC15M-26OCT050015-15,0.0170,0.01,no
2026-10-05T04:13:36.654826Z,KXBTC15M-26OCT050015-15,0.0170,15.00,no
2026-10-05T04:13:36.654826Z,KXBTC15M-26OCT050015-15,0.0170,38.85,no
2026-10-05T04:13:36.654826Z,KXBTC15M-26OCT050015-15,0.0170,15.00,no
2026-10-05T04:13:36.654826Z,KXBTC15M-26OCT050015-15,0.0170,0.01,no
2026-10-05T04:13:36.654826Z,KXBTC15M-26OCT050015-15,0.0170,500.00,no
2026-10-05T04:13:36.654826Z,KXBTC15M-26OCT050015-15,0.0170,500.00,no
2026-10-05T04:13:36.654826Z,KXBTC15M-26OCT050015-15,0.0170,121.50,no
2026-10-05T04:13:36.654826Z,KXBTC15M-26OCT050015-15,0.0160,17.00,no
2026-10-05T04:13:36.654826Z,KXBTC15M-26OCT050015-15,0.0160,11.09,no
2026-10-05T04:13:36.654826Z,KXBTC15M-26OCT050015-15,0.0170,312.47,no
2026-10-05T04:13:36.654826Z,KXBTC15M-26OCT050015-15,0.0160,15.00,no
2026-10-05T04:13:36.654826Z,KXBTC15M-26OCT050015-15,0.0160,384.00,no
2026-10-05T04:13:36.654826Z,KXBTC15M-26OCT050015-15,0.0160,39.31,no
2026-10-05T04:13:36.654826Z,KXBTC15M-26OCT050015-15,0.0160,384.00,no
2026-10-05T04:13:36.654826Z,KXBTC15M-26OCT050015-15,0.0160,384.00,no
2026-10-05T04:13:36.689066Z,KXBTC15M-26OCT050015-15,0.0170,246.25,yes
2026-10-05T04:13:36.691692Z,KXBTC15M-26OCT050015-15,0.0170,45.49,yes
2026-10-05T04:13:36.691692Z,KXBTC15M-26OCT050015-15,0.0170,508.49,yes
2026-10-05T04:13:36.691692Z,KXBTC15M-26OCT050015-15,0.0170,200.00,yes
2026-10-05T04:13:36.691692Z,KXBTC15M-26OCT050015-15,0.0170,0.01,yes
2026-10-05T04:13:36.691692Z,KXBTC15M-26OCT050015-15,0.0170,0.01,yes
2026-10-05T04:13:36.728376Z,KXBTC15M-26OCT050015-15,0.0160,31.00,no
2026-10-05T04:13:36.732567Z,KXBTC15M-26OCT050015-15,0.0170,15.00,yes
2026-10-05T04:13:36.732567Z,KXBTC15M-26OCT050015-15,0.0170,338.51,yes
2026-10-05T04:13:36.732567Z,KXBTC15M-26OCT050015-15,0.0170,384.00,yes
2026-10-05T04:13:36.732567Z,KXBTC15M-26OCT050015-15,0.0170,14.49,yes
2026-10-05T04:13:36.77962Z,KXBTC15M-26OCT050015-15,0.0170,188.47,yes
2026-10-05T04:13:36.77962Z,KXBTC15M-26OCT050015-15,0.0170,0.51,yes
2026-10-05T04:13:36.77962Z,KXBTC15M-26OCT050015-15,0.0170,0.01,yes
2026-10-05T04:13:36.77962Z,KXBTC15M-26OCT050015-15,0.0170,200.00,yes
2026-10-05T04:13:36.77962Z,KXBTC15M-26OCT050015-15,0.0170,0.01,yes
2026-10-05T04:13:36.812274Z,KXBTC15M-26OCT050015-15,0.0170,100.47,yes
2026-10-05T04:13:36.812274Z,KXBTC15M-26OCT050015-15,0.0170,0.53,yes
2026-10-05T04:13:36.812306Z,KXBTC15M-26OCT050015-15,0.0170,739.53,yes
2026-10-05T04:13:36.812306Z,KXBTC15M-26OCT050015-15,0.0170,500.00,yes
2026-10-05T04:13:36.812306Z,KXBTC15M-26OCT050015-15,0.0170,100.47,yes
2026-10-05T04:13:36.813433Z,KXBTC15M-26OCT050015-15,0.0170,399.00,yes
2026-10-05T04:13:36.872456Z,KXBTC15M-26OCT050015-15,0.0180,13.00,yes
2026-10-05T04:13:36.872456Z,KXBTC15M-26OCT050015-15,0.0170,0.01,yes
2026-10-05T04:13:36.872456Z,KXBTC15M-26OCT050015-15,0.0180,106.77,yes
2026-10-05T04:13:36.872456Z,KXBTC15M-26OCT050015-15,0.0170,0.01,yes
2026-10-05T04:13:36.872456Z,KXBTC15M-26OCT050015-15,0.0170,0.53,yes
2026-10-05T04:13:36.873871Z,KXBTC15M-26OCT050015-15,0.0160,150.00,no
2026-10-05T04:13:36.873871Z,KXBTC15M-26OCT050015-15,0.0160,13.00,no
2026-10-05T04:13:36.873871Z,KXBTC15M-26OCT050015-15,0.0160,15.00,no
2026-10-05T04:13:36.873871Z,KXBTC15M-26OCT050015-15,0.0170,150.00,no
2026-10-05T04:13:36.873871Z,KXBTC15M-26OCT050015-15,0.0160,150.00,no
2026-10-05T04:13:36.873871Z,KXBTC15M-26OCT050015-15,0.0140,168.42,no
2026-10-05T04:13:36.873871Z,KXBTC15M-26OCT050015-15,0.0140,17.00,no
2026-10-05T04:13:36.873871Z,KXBTC15M-26OCT050015-15,0.0160,0.01,no
2026-10-05T04:13:36.873871Z,KXBTC15M-26OCT050015-15,0.0160,17.00,no
2026-10-05T04:13:36.873871Z,KXBTC15M-26OCT050015-15,0.0160,0.01,no
2026-10-05T04:13:36.873871Z,KXBTC15M-26OCT050015-15,0.0160,83.48,no
2026-10-05T04:13:36.873871Z,KXBTC15M-26OCT050015-15,0.0150,83.48,no
2026-10-05T04:13:36.873871Z,KXBTC15M-26OCT050015-15,0.0160,15.00,no
2026-10-05T04:13:36.873871Z,KXBTC15M-26OCT050015-15,0.0170,150.00,no
2026-10-05T04:13:36.873871Z,KXBTC15M-26OCT050015-15,0.0130,2.00,no
2026-10-05T04:13:36.873871Z,KXBTC15M-26OCT050015-15,0.0150,2.00,no
2026-10-05T04:13:36.873871Z,KXBTC15M-26OCT050015-15,0.0150,44.00,no
2026-10-05T04:13:36.873871Z,KXBTC15M-26OCT050015-15,0.0140,2.00,no
2026-10-05T04:13:36.873871Z,KXBTC15M-26OCT050015-15,0.0140,2.00,no
2026-10-05T04:13:36.873871Z,KXBTC15M-26OCT050015-15,0.0130,2.00,no
2026-10-05T04:13:36.873871Z,KXBTC15M-26OCT050015-15,0.0150,2.00,no
2026-10-05T04:13:36.873871Z,KXBTC15M-26OCT050015-15,0.0150,10.00,no
2026-10-05T04:13:36.873871Z,KXBTC15M-26OCT050015-15,0.0150,10.00,no
2026-10-05T04:13:36.873871Z,KXBTC15M-26OCT050015-15,0.0150,10.00,no
2026-10-05T04:13:36.873871Z,KXBTC15M-26OCT050015-15,0.0150,3.00,no
2026-10-05T04:13:36.873871Z,KXBTC15M-26OCT050015-15,0.0150,10.00,no
2026-10-05T04:13:36.873871Z,KXBTC15M-26OCT050015-15,0.0150,1.00,no
2026-10-05T04:13:36.873871Z,KXBTC15M-26OCT050015-15,0.0130,10.00,no
2026-10-05T04:13:36.873871Z,KXBTC15M-26OCT050015-15,0.0130,25.00,no
2026-10-05T04:13:36.873871Z,KXBTC15M-26OCT050015-15,0.0130,256.00,no
2026-10-05T04:13:36.873871Z,KXBTC15M-26OCT050015-15,0.0150,384.00,no
2026-10-05T04:13:36.873871Z,KXBTC15M-26OCT050015-15,0.0140,384.00,no
2026-10-05T04:13:36.873871Z,KXBTC15M-26OCT050015-15,0.0150,1.00,no
2026-10-05T04:13:36.873871Z,KXBTC15M-26OCT050015-15,0.0140,1047.00,no
2026-10-05T04:13:36.873871Z,KXBTC15M-26OCT050015-15,0.0130,150.00,no
2026-10-05T04:13:36.873871Z,KXBTC15M-26OCT050015-15,0.0150,384.00,no
2026-10-05T04:13:36.873871Z,KXBTC15M-26OCT050015-15,0.0150,1.00,no
2026-10-05T04:13:36.873871Z,KXBTC15M-26OCT050015-15,0.0130,256.00,no
2026-10-05T04:13:36.873871Z,KXBTC15M-26OCT050015-15,0.0150,384.00,no
2026-10-05T04:13:36.873871Z,KXBTC15M-26OCT050015-15,0.0140,384.00,no
2026-10-05T04:13:36.873871Z,KXBTC15M-26OCT050015-15,0.0120,187.53,no
2026-10-05T04:13:36.873871Z,KXBTC15M-26OCT050015-15,0.0140,384.00,no
2026-10-05T04:13:36.873871Z,KXBTC15M-26OCT050015-15,0.0140,384.00,no
2026-10-05T04:13:36.873871Z,KXBTC15M-26OCT050015-15,0.0140,327.00,no
2026-10-05T04:13:36.873871Z,KXBTC15M-26OCT050015-15,0.0130,256.00,no
2026-10-05T04:13:36.873871Z,KXBTC15M-26OCT050015-15,0.0150,384.00,no
2026-10-05T04:13:36.873871Z,KXBTC15M-26OCT050015-15,0.0130,256.00,no
2026-10-05T04:13:36.905129Z,KXBTC15M-26OCT050015-15,0.0150,17.00,no
2026-10-05T04:13:36.905129Z,KXBTC15M-26OCT050015-15,0.0150,150.00,no
2026-10-05T04:13:36.905129Z,KXBTC15M-26OCT050015-15,0.0150,0.01,no
2026-10-05T04:13:36.905129Z,KXBTC15M-26OCT050015-15,0.0150,0.01,no
2026-10-05T04:13:36.905836Z,KXBTC15M-26OCT050015-15,0.0130,17.00,no
2026-10-05T04:13:36.905836Z,KXBTC15M-26OCT050015-15,0.0140,1.32,no
2026-10-05T04:13:36.905836Z,KXBTC15M-26OCT050015-15,0.0140,1.32,no
2026-10-05T04:13:36.905836Z,KXBTC15M-26OCT050015-15,0.0120,80.36,no
2026-10-05T04:13:36.912631Z,KXBTC15M-26OCT050015-15,0.0150,32.98,yes
2026-10-05T04:13:36.912631Z,KXBTC15M-26OCT050015-15,0.0150,16.27,yes
2026-10-05T04:13:36.91391Z,KXBTC15M-26OCT050015-15,0.0150,367.73,yes
2026-10-05T04:13:36.91391Z,KXBTC15M-26OCT050015-15,0.0150,0.01,yes
2026-10-05T04:13:36.91391Z,KXBTC15M-26OCT050015-15,0.0160,163.25,yes
2026-10-05T04:13:36.91391Z,KXBTC15M-26OCT050015-15,0.0150,0.01,yes
2026-10-05T04:13:36.923255Z,KXBTC15M-26OCT050015-15,0.0160,2.46,yes
2026-10-05T04:13:36.929076Z,KXBTC15M-26OCT050015-15,0.0160,808.08,yes
2026-10-05T04:13:36.946124Z,KXBTC15M-26OCT050015-15,0.0160,0.01,yes
2026-10-05T04:13:36.946124Z,KXBTC15M-26OCT050015-15,0.0160,2167.21,yes
2026-10-05T04:13:36.946124Z,KXBTC15M-26OCT050015-15,0.0160,0.01,yes
2026-10-05T04:13:36.946124Z,KXBTC15M-26OCT050015-15,0.0160,47.47,yes
2026-10-05T04:13:36.946124Z,KXBTC15M-26OCT050015-15,0.0160,310.90,yes
2026-10-05T04:13:37.000557Z,KXBTC15M-26OCT050015-15,0.0150,62.92,no
2026-10-05T04:13:37.023408Z,KXBTC15M-26OCT050015-15,0.0160,336.53,yes
2026-10-05T04:13:37.023408Z,KXBTC15M-26OCT050015-15,0.0160,156.50,yes
2026-10-05T04:13:37.083349Z,KXBTC15M-26OCT050015-15,0.0150,2.92,no
2026-10-05T04:13:37.083349Z,KXBTC15M-26OCT050015-15,0.0150,87.08,no
2026-10-05T04:13:37.088872Z,KXBTC15M-26OCT050015-15,0.0150,12.00,no
2026-10-05T04:13:37.093691Z,KXBTC15M-26OCT050015-15,0.0150,50.00,no
2026-10-05T04:13:37.112883Z,KXBTC15M-26OCT050015-15,0.0160,51.98,yes
2026-10-05T04:13:37.133706Z,KXBTC15M-26OCT050015-15,0.0160,110.07,yes
2026-10-05T04:13:37.23423Z,KXBTC15M-26OCT050015-15,0.0160,45.00,yes
2026-10-05T04:13:37.245264Z,KXBTC15M-26OCT050015-15,0.0160,20.45,yes
2026-10-05T04:13:37.245264Z,KXBTC15M-26OCT050015-15,0.0160,62.60,yes
2026-10-05T04:13:37.270532Z,KXBTC15M-26OCT050015-15,0.0150,500.00,no
2026-10-05T04:13:37.270532Z,KXBTC15M-26OCT050015-15,0.0140,90.09,no
2026-10-05T04:13:37.270532Z,KXBTC15M-26OCT050015-15,0.0150,500.00,no
2026-10-05T04:13:37.270532Z,KXBTC15M-26OCT050015-15,0.0140,13.00,no
2026-10-05T04:13:37.270532Z,KXBTC15M-26OCT050015-15,0.0130,1047.00,no
2026-10-05T04:13:37.270532Z,KXBTC15M-26OCT050015-15,0.0130,17.00,no
2026-10-05T04:13:37.270532Z,KXBTC15M-26OCT050015-15,0.0140,40.00,no
2026-10-05T04:13:37.270532Z,KXBTC15M-26OCT050015-15,0.0150,3141.00,no
2026-10-05T04:13:37.270532Z,KXBTC15M-26OCT050015-15,0.0140,312.23,no
2026-10-05T04:13:37.270532Z,KXBTC15M-26OCT050015-15,0.0150,58.56,no
2026-10-05T04:13:37.270532Z,KXBTC15M-26OCT050015-15,0.0150,17.00,no
2026-10-05T04:13:37.270532Z,KXBTC15M-26OCT050015-15,0.0140,150.00,no
2026-10-05T04:13:37.270532Z,KXBTC15M-26OCT050015-15,0.0150,0.01,no
2026-10-05T04:13:37.270532Z,KXBTC15M-26OCT050015-15,0.0150,0.01,no
2026-10-05T04:13:37.270532Z,KXBTC15M-26OCT050015-15,0.0150,1350.00,no
2026-10-05T04:13:37.270532Z,KXBTC15M-26OCT050015-15,0.0120,256.00,no
2026-10-05T04:13:37.270532Z,KXBTC15M-26OCT050015-15,0.0120,256.00,no
2026-10-05T04:13:37.270532Z,KXBTC15M-26OCT050015-15,0.0110,2186.77,no
2026-10-05T04:13:37.270532Z,KXBTC15M-26OCT050015-15,0.0120,330.00,no
2026-10-05T04:13:37.270532Z,KXBTC15M-26OCT050015-15,0.0120,150.00,no
2026-10-05T04:13:37.270532Z,KXBTC15M-26OCT050015-15,0.0120,2232.11,no
2026-10-05T04:13:37.270532Z,KXBTC15M-26OCT050015-15,0.0120,256.00,no
2026-10-05T04:13:37.270532Z,KXBTC15M-26OCT050015-15,0.0120,256.00,no
2026-10-05T04:13:37.30118Z,KXBTC15M-26OCT050015-15,0.0150,17.73,no
2026-10-05T04:13:37.30118Z,KXBTC15M-26OCT050015-15,0.0150,17.00,no
2026-10-05T04:13:37.30118Z,KXBTC15M-26OCT050015-15,0.0150,0.01,no
2026-10-05T04:13:37.338827Z,KXBTC15M-26OCT050015-15,0.0150,109.41,no
2026-10-05T04:13:37.365556Z,KXBTC15M-26OCT050015-15,0.0120,1.32,no
2026-10-05T04:13:37.365556Z,KXBTC15M-26OCT050015-15,0.0150,0.01,no
2026-10-05T04:13:37.365556Z,KXBTC15M-26OCT050015-15,0.0120,47.37,no
2026-10-05T04:13:37.365556Z,KXBTC15M-26OCT050015-15,0.0140,17.00,no
2026-10-05T04:13:37.365556Z,KXBTC15M-26OCT050015-15,0.0150,22.86,no
2026-10-05T04:13:37.365556Z,KXBTC15M-26OCT050015-15,0.0120,563.00,no
2026-10-05T04:13:37.365556Z,KXBTC15M-26OCT050015-15,0.0150,0.01,no
2026-10-05T04:13:37.365556Z,KXBTC15M-26OCT050015-15,0.0120,17.00,no
2026-10-05T04:13:37.365556Z,KXBTC15M-26OCT050015-15,0.0110,493.95,no
2026-10-05T04:13:37.365556Z,KXBTC15M-26OCT050015-15,0.0110,313.23,no
2026-10-05T04:13:37.365556Z,KXBTC15M-26OCT050015-15,0.0110,512.00,no
2026-10-05T04:13:37.390718Z,KXBTC15M-26OCT050015-15,0.0160,1.07,yes
2026-10-05T04:13:37.40306Z,KXBTC15M-26OCT050015-15,0.0160,102.68,yes
2026-10-05T04:13:37.46019Z,KXBTC15M-26OCT050015-15,0.0160,58.47,yes
2026-10-05T04:13:37.510297Z,KXBTC15M-26OCT050015-15,0.0150,2.72,no
2026-10-05T04:13:37.510297Z,KXBTC15M-26OCT050015-15,0.0150,0.01,no
2026-10-05T04:13:37.525281Z,KXBTC15M-26OCT050015-15,0.0150,0.01,no
2026-10-05T04:13:37.525281Z,KXBTC15M-26OCT050015-15,0.0130,17.00,no
2026-10-05T04:13:37.525281Z,KXBTC15M-26OCT050015-15,0.0120,150.00,no
2026-10-05T04:13:37.525281Z,KXBTC15M-26OCT050015-15,0.0150,0.01,no
2026-10-05T04:13:37.525281Z,KXBTC15M-26OCT050015-15,0.0130,37.00,no
2026-10-05T04:13:37.525281Z,KXBTC15M-26OCT050015-15,0.0150,147.28,no
2026-10-05T04:13:37.525281Z,KXBTC15M-26OCT050015-15,0.0120,17.00,no
2026-10-05T04:13:37.525281Z,KXBTC15M-26OCT050015-15,0.0110,19.55,no
2026-10-05T04:13:37.525281Z,KXBTC15M-26OCT050015-15,0.0110,18.05,no
2026-10-05T04:13:37.529322Z,KXBTC15M-26OCT050015-15,0.0160,2.04,yes
2026-10-05T04:13:37.549588Z,KXBTC15M-26OCT050015-15,0.0120,5.17,yes
2026-10-05T04:13:37.572861Z,KXBTC15M-26OCT050015-15,0.0120,0.31,yes
2026-10-05T04:13:37.582115Z,KXBTC15M-26OCT050015-15,0.0120,275.18,yes
2026-10-05T04:13:37.582517Z,KXBTC15M-26OCT050015-15,0.0110,10.70,no
2026-10-05T04:13:37.590842Z,KXBTC15M-26OCT050015-15,0.0120,2824.34,yes
2026-10-05T04:13:37.601493Z,KXBTC15M-26OCT050015-15,0.0120,0.51,yes
2026-10-05T04:13:37.619546Z,KXBTC15M-26OCT050015-15,0.0120,15.00,yes
2026-10-05T04:13:37.619546Z,KXBTC15M-26OCT050015-15,0.0120,0.01,yes
2026-10-05T04:13:37.619546Z,KXBTC15M-26OCT050015-15,0.0120,0.47,yes
2026-10-05T04:13:37.619546Z,KXBTC15M-26OCT050015-15,0.0120,0.01,yes
2026-10-05T04:13:37.702775Z,KXBTC15M-26OCT050015-15,0.0110,9.93,no
2026-10-05T04:13:37.775674Z,KXBTC15M-26OCT050015-15,0.0120,7.01,yes
2026-10-05T04:13:37.775674Z,KXBTC15M-26OCT050015-15,0.0120,17.58,yes
2026-10-05T04:13:37.859659Z,KXBTC15M-26OCT050015-15,0.0120,30.93,yes
2026-10-05T04:13:37.90963Z,KXBTC15M-26OCT050015-15,0.0120,36.81,yes
2026-10-05T04:13:37.959208Z,KXBTC15M-26OCT050015-15,0.0120,3.52,yes
2026-10-05T04:13:37.968665Z,KXBTC15M-26OCT050015-15,0.0120,26.89,yes
2026-10-05T04:13:37.983911Z,KXBTC15M-26OCT050015-15,0.0110,2.00,no
2026-10-05T04:13:37.983911Z,KXBTC15M-26OCT050015-15,0.0110,1.00,no
2026-10-05T04:13:37.983911Z,KXBTC15M-26OCT050015-15,0.0110,20.00,no
2026-10-05T04:13:37.983911Z,KXBTC15M-26OCT050015-15,0.0110,2.00,no
2026-10-05T04:13:37.983911Z,KXBTC15M-26OCT050015-15,0.0110,100.00,no
2026-10-05T04:13:37.983911Z,KXBTC15M-26OCT050015-15,0.0110,10.00,no
2026-10-05T04:13:37.983911Z,KXBTC15M-26OCT050015-15,0.0110,1.00,no
2026-10-05T04:13:37.983911Z,KXBTC15M-26OCT050015-15,0.0110,1.00,no
2026-10-05T04:13:37.983911Z,KXBTC15M-26OCT050015-15,0.0110,307.54,no
2026-10-05T04:13:37.983911Z,KXBTC15M-26OCT050015-15,0.0110,133.64,no
2026-10-05T04:13:37.983911Z,KXBTC15M-26OCT050015-15,0.0110,300.00,no
2026-10-05T04:13:37.983911Z,KXBTC15M-26OCT050015-15,0.0110,471.82,no
2026-10-05T04:13:37.983911Z,KXBTC15M-26OCT050015-15,0.0110,150.00,no
2026-10-05T04:13:38.022009Z,KXBTC15M-26OCT050015-15,0.0110,1.00,no
2026-10-05T04:13:38.038017Z,KXBTC15M-26OCT050015-15,0.0120,1.04,yes
2026-10-05T04:13:38.100846Z,KXBTC15M-26OCT050015-15,0.0120,106.99,yes
2026-10-05T04:13:38.167224Z,KXBTC15M-26OCT050015-15,0.0110,9.74,no
2026-10-05T04:13:38.175775Z,KXBTC15M-26OCT050015-15,0.0120,34.00,yes
2026-10-05T04:13:38.187271Z,KXBTC15M-26OCT050015-15,0.0120,266.55,yes
2026-10-05T04:13:38.187271Z,KXBTC15M-26OCT050015-15,0.0120,25.81,yes
2026-10-05T04:13:38.284428Z,KXBTC15M-26OCT050015-15,0.0110,7.00,no
2026-10-05T04:13:38.30593Z,KXBTC15M-26OCT050015-15,0.0110,150.00,no
2026-10-05T04:13:38.30593Z,KXBTC15M-26OCT050015-15,0.0110,0.01,no
2026-10-05T04:13:38.30593Z,KXBTC15M-26OCT050015-15,0.0110,500.00,no
2026-10-05T04:13:38.30593Z,KXBTC15M-26OCT050015-15,0.0110,724.84,no
2026-10-05T04:13:38.30593Z,KXBTC15M-26OCT050015-15,0.0110,0.01,no
2026-10-05T04:13:38.30593Z,KXBTC15M-26OCT050015-15,0.0110,17.00,no
2026-10-05T04:13:38.30593Z,KXBTC15M-26OCT050015-15,0.0110,17.00,no
2026-10-05T04:13:38.30593Z,KXBTC15M-26OCT050015-15,0.0110,37.90,no
2026-10-05T04:13:38.30593Z,KXBTC15M-26OCT050015-15,0.0110,26.72,no
2026-10-05T04:13:38.30593Z,KXBTC15M-26OCT050015-15,0.0110,1.00,no
2026-10-05T04:13:38.312836Z,KXBTC15M-26OCT050015-15,0.0120,77.94,yes
2026-10-05T04:13:38.314745Z,KXBTC15M-26OCT050015-15,0.0110,1010.34,no
2026-10-05T04:13:38.335282Z,KXBTC15M-26OCT050015-15,0.0110,1.00,no
2026-10-05T04:13:38.371025Z,KXBTC15M-26OCT050015-15,0.0120,229.15,yes
2026-10-05T04:13:38.419281Z,KXBTC15M-26OCT050015-15,0.0120,2.00,yes
2026-10-05T04:13:38.43488Z,KXBTC15M-26OCT050015-15,0.0110,132.65,no
2026-10-05T04:13:38.480564Z,KXBTC15M-26OCT050015-15,0.0110,2.38,no
2026-10-05T04:13:38.504139Z,KXBTC15M-26OCT050015-15,0.0120,133.20,yes
2026-10-05T04:13:38.504139Z,KXBTC15M-26OCT050015-15,0.0120,10.70,yes
2026-10-05T04:13:38.504139Z,KXBTC15M-26OCT050015-15,0.0120,0.01,yes
2026-10-05T04:13:38.504139Z,KXBTC15M-26OCT050015-15,0.0120,0.01,yes
2026-10-05T04:13:38.504139Z,KXBTC15M-26OCT050015-15,0.0120,9.93,yes
2026-10-05T04:13:38.591475Z,KXBTC15M-26OCT050015-15,0.0110,0.01,no
2026-10-05T04:13:38.591475Z,KXBTC15M-26OCT050015-15,0.0110,242.96,no
2026-10-05T04:13:38.591475Z,KXBTC15M-26OCT050015-15,0.0110,17.00,no
2026-10-05T04:13:38.591475Z,KXBTC15M-26OCT050015-15,0.0110,177.74,no
2026-10-05T04:13:38.591475Z,KXBTC15M-26OCT050015-15,0.0110,0.01,no
2026-10-05T04:13:38.591475Z,KXBTC15M-26OCT050015-15,0.0110,497.62,no
2026-10-05T04:13:38.591475Z,KXBTC15M-26OCT050015-15,0.0110,60.00,no
2026-10-05T04:13:38.591475Z,KXBTC15M-26OCT050015-15,0.0110,15.00,no
2026-10-05T04:13:38.606244Z,KXBTC15M-26OCT050015-15,0.0120,82.06,yes
2026-10-05T04:13:38.682863Z,KXBTC15M-26OCT050015-15,0.0120,5.10,yes
2026-10-05T04:13:38.694004Z,KXBTC15M-26OCT050015-15,0.0120,71.08,yes
2026-10-05T04:13:38.741574Z,KXBTC15M-26OCT050015-15,0.0120,5.12,yes
2026-10-05T04:13:38.750607Z,KXBTC15M-26OCT050015-15,0.0120,10.98,yes
2026-10-05T04:13:38.750607Z,KXBTC15M-26OCT050015-15,0.0120,19.95,yes
2026-10-05T04:13:38.759833Z,KXBTC15M-26OCT050015-15,0.0120,1.00,yes
2026-10-05T04:13:38.765194Z,KXBTC15M-26OCT050015-15,0.0120,27.01,yes
2026-10-05T04:13:38.765194Z,KXBTC15M-26OCT050015-15,0.0120,129.05,yes
2026-10-05T04:13:38.771197Z,KXBTC15M-26OCT050015-15,0.0110,17.00,no
2026-10-05T04:13:38.771197Z,KXBTC15M-26OCT050015-15,0.0110,0.01,no
2026-10-05T04:13:38.771197Z,KXBTC15M-26OCT050015-15,0.0110,116.40,no
2026-10-05T04:13:38.771197Z,KXBTC15M-26OCT050015-15,0.0110,0.01,no
2026-10-05T04:13:38.818623Z,KXBTC15M-26OCT050015-15,0.0120,82.05,yes
2026-10-05T04:13:38.880125Z,KXBTC15M-26OCT050015-15,0.0110,23.67,no
2026-10-05T04:13:38.898799Z,KXBTC15M-26OCT050015-15,0.0120,114.82,yes
2026-10-05T04:13:38.943119Z,KXBTC15M-26OCT050015-15,0.0120,0.31,yes
2026-10-05T04:13:38.948395Z,KXBTC15M-26OCT050015-15,0.0120,243.30,yes
2026-10-05T04:13:38.985145Z,KXBTC15M-26OCT050015-15,0.0120,4.92,yes
2026-10-05T04:13:38.985145Z,KXBTC15M-26OCT050015-15,0.0120,1.00,yes
2026-10-05T04:13:38.985145Z,KXBTC15M-26OCT050015-15,0.0120,4.33,yes
2026-10-05T04:13:38.996717Z,KXBTC15M-26OCT050015-15,0.0100,677.86,no
2026-10-05T04:13:38.996717Z,KXBTC15M-26OCT050015-15,0.0110,17.00,no
2026-10-05T04:13:38.996717Z,KXBTC15M-26OCT050015-15,0.0110,9.93,no
2026-10-05T04:13:38.996717Z,KXBTC15M-26OCT050015-15,0.0110,0.01,no
2026-10-05T04:13:38.996717Z,KXBTC15M-26OCT050015-15,0.0110,0.01,no
2026-10-05T04:13:38.996717Z,KXBTC15M-26OCT050015-15,0.0100,47.00,no
2026-10-05T04:13:38.996717Z,KXBTC15M-26OCT050015-15,0.0100,52.70,no
2026-10-05T04:13:38.996717Z,KXBTC15M-26OCT050015-15,0.0100,2.09,no
2026-10-05T04:13:38.996717Z,KXBTC15M-26OCT050015-15,0.0100,200.00,no
2026-10-05T04:13:38.996717Z,KXBTC15M-26OCT050015-15,0.0100,11.15,no
2026-10-05T04:13:38.996717Z,KXBTC15M-26OCT050015-15,0.0100,1.00,no
2026-10-05T04:13:38.996717Z,KXBTC15M-26OCT050015-15,0.0100,2.00,no
2026-10-05T04:13:38.996717Z,KXBTC15M-26OCT050015-15,0.0100,1.00,no
2026-10-05T04:13:38.996717Z,KXBTC15M-26OCT050015-15,0.0100,147.12,no
2026-10-05T04:13:38.996717Z,KXBTC15M-26OCT050015-15,0.0100,180.00,no
2026-10-05T04:13:38.996717Z,KXBTC15M-26OCT050015-15,0.0100,82.22,no
2026-10-05T04:13:38.996717Z,KXBTC15M-26OCT050015-15,0.0100,1.03,no
2026-10-05T04:13:38.996717Z,KXBTC15M-26OCT050015-15,0.0100,3.00,no
2026-10-05T04:13:38.996717Z,KXBTC15M-26OCT050015-15,0.0100,0.31,no
2026-10-05T04:13:38.996717Z,KXBTC15M-26OCT050015-15,0.0100,11.79,no
2026-10-05T04:13:38.996717Z,KXBTC15M-26OCT050015-15,0.0100,6.72,no
2026-10-05T04:13:38.996717Z,KXBTC15M-26OCT050015-15,0.0100,94.78,no
2026-10-05T04:13:38.996717Z,KXBTC15M-26OCT050015-15,0.0100,9.84,no
2026-10-05T04:13:38.996717Z,KXBTC15M-26OCT050015-15,0.0100,0.14,no
2026-10-05T04:13:38.996717Z,KXBTC15M-26OCT050015-15,0.0100,16.14,no
2026-10-05T04:13:38.996717Z,KXBTC15M-26OCT050015-15,0.0100,15.01,no
2026-10-05T04:13:38.996717Z,KXBTC15M-26OCT050015-15,0.0100,3.09,no
2026-10-05T04:13:38.996717Z,KXBTC15M-26OCT050015-15,0.0100,15.01,no
2026-10-05T04:13:38.996717Z,KXBTC15M-26OCT050015-15,0.0100,116.70,no
2026-10-05T04:13:38.996717Z,KXBTC15M-26OCT050015-15,0.0100,1.08,no
2026-10-05T04:13:38.996717Z,KXBTC15M-26OCT050015-15,0.0100,19.00,no
2026-10-05T04:13:38.996717Z,KXBTC15M-26OCT050015-15,0.0100,16.47,no
2026-10-05T04:13:38.996717Z,KXBTC15M-26OCT050015-15,0.0100,12.56,no
2026-10-05T04:13:38.996717Z,KXBTC15M-26OCT050015-15,0.0100,1.69,no
2026-10-05T04:13:38.996717Z,KXBTC15M-26OCT050015-15,0.0100,2.65,no
2026-10-05T04:13:38.996717Z,KXBTC15M-26OCT050015-15,0.0100,6.63,no
2026-10-05T04:13:38.996717Z,KXBTC15M-26OCT050015-15,0.0100,0.01,no
2026-10-05T04:13:38.996717Z,KXBTC15M-26OCT050015-15,0.0100,1.00,no
2026-10-05T04:13:38.996717Z,KXBTC15M-26OCT050015-15,0.0100,6.72,no
2026-10-05T04:13:38.996717Z,KXBTC15M-26OCT050015-15,0.0100,0.16,no
2026-10-05T04:13:38.996717Z,KXBTC15M-26OCT050015-15,0.0100,2.62,no
2026-10-05T04:13:38.996717Z,KXBTC15M-26OCT050015-15,0.0100,36.64,no
2026-10-05T04:13:38.996717Z,KXBTC15M-26OCT050015-15,0.0100,70.47,no
2026-10-05T04:13:38.996717Z,KXBTC15M-26OCT050015-15,0.0100,27.32,no
2026-10-05T04:13:38.996717Z,KXBTC15M-26OCT050015-15,0.0100,2.00,no
2026-10-05T04:13:38.996717Z,KXBTC15M-26OCT050015-15,0.0100,27.58,no
2026-10-05T04:13:38.996717Z,KXBTC15M-26OCT050015-15,0.0100,5.63,no
2026-10-05T04:13:38.996717Z,KXBTC15M-26OCT050015-15,0.0100,0.59,no
2026-10-05T04:13:38.996717Z,KXBTC15M-26OCT050015-15,0.0100,28.78,no
2026-10-05T04:13:38.996717Z,KXBTC15M-26OCT050015-15,0.0100,101.16,no
2026-10-05T04:13:38.996717Z,KXBTC15M-26OCT050015-15,0.0100,1.09,no
2026-10-05T04:13:38.996717Z,KXBTC15M-26OCT050015-15,0.0100,2219.66,no
2026-10-05T04:13:38.996717Z,KXBTC15M-26OCT050015-15,0.0100,1.52,no
2026-10-05T04:13:38.996717Z,KXBTC15M-26OCT050015-15,0.0100,44.93,no
2026-10-05T04:13:38.996717Z,KXBTC15M-26OCT050015-15,0.0100,0.03,no
2026-10-05T04:13:38.996717Z,KXBTC15M-26OCT050015-15,0.0100,61.54,no
2026-10-05T04:13:38.996717Z,KXBTC15M-26OCT050015-15,0.0100,2.01,no
2026-10-05T04:13:38.996717Z,KXBTC15M-26OCT050015-15,0.0100,6.15,no
2026-10-05T04:13:38.996717Z,KXBTC15M-26OCT050015-15,0.0100,0.30,no
2026-10-05T04:13:38.996717Z,KXBTC15M-26OCT050015-15,0.0100,0.79,no
2026-10-05T04:13:38.996717Z,KXBTC15M-26OCT050015-15,0.0100,95.45,no
2026-10-05T04:13:38.996717Z,KXBTC15M-26OCT050015-15,0.0100,2.86,no
2026-10-05T04:13:38.996717Z,KXBTC15M-26OCT050015-15,0.0100,0.16,no
2026-10-05T04:13:38.996717Z,KXBTC15M-26OCT050015-15,0.0100,15.34,no
2026-10-05T04:13:38.996717Z,KXBTC15M-26OCT050015-15,0.0100,15.88,no
2026-10-05T04:13:38.996717Z,KXBTC15M-26OCT050015-15,0.0100,89.45,no
2026-10-05T04:13:38.996717Z,KXBTC15M-26OCT050015-15,0.0100,15.88,no
2026-10-05T04:13:38.996717Z,KXBTC15M-26OCT050015-15,0.0100,3.80,no
2026-10-05T04:13:38.996717Z,KXBTC15M-26OCT050015-15,0.0100,91.33,no
2026-10-05T04:13:38.996717Z,KXBTC15M-26OCT050015-15,0.0100,9.85,no
2026-10-05T04:13:38.996717Z,KXBTC15M-26OCT050015-15,0.0100,26.20,no
2026-10-05T04:13:38.996717Z,KXBTC15M-26OCT050015-15,0.0100,2.34,no
2026-10-05T04:13:38.996717Z,KXBTC15M-26OCT050015-15,0.0100,91.33,no
2026-10-05T04:13:38.996717Z,KXBTC15M-26OCT050015-15,0.0100,67.58,no
2026-10-05T04:13:38.996717Z,KXBTC15M-26OCT050015-15,0.0100,2.65,no
2026-10-05T04:13:38.996717Z,KXBTC15M-26OCT050015-15,0.0100,36.00,no
2026-10-05T04:13:38.996717Z,KXBTC15M-26OCT050015-15,0.0100,5.50,no
2026-10-05T04:13:38.996717Z,KXBTC15M-26OCT050015-15,0.0100,0.51,no
2026-10-05T04:13:38.996717Z,KXBTC15M-26OCT050015-15,0.0100,0.47,no
2026-10-05T04:13:38.996717Z,KXBTC15M-26OCT050015-15,0.0100,2.34,no
2026-10-05T04:13:38.996717Z,KXBTC15M-26OCT050015-15,0.0100,8.66,no
2026-10-05T04:13:38.996717Z,KXBTC15M-26OCT050015-15,0.0100,27.34,no
2026-10-05T04:13:38.996717Z,KXBTC15M-26OCT050015-15,0.0100,0.49,no
2026-10-05T04:13:38.996717Z,KXBTC15M-26OCT050015-15,0.0100,0.93,no
2026-10-05T04:13:38.996717Z,KXBTC15M-26OCT050015-15,0.0100,3.40,no
2026-10-05T04:13:38.996717Z,KXBTC15M-26OCT050015-15,0.0100,5.68,no
2026-10-05T04:13:38.996717Z,KXBTC15M-26OCT050015-15,0.0100,0.55,no
2026-10-05T04:13:38.996717Z,KXBTC15M-26OCT050015-15,0.0100,11.18,no
2026-10-05T04:13:38.996717Z,KXBTC15M-26OCT050015-15,0.0100,8.65,no
2026-10-05T04:13:38.996717Z,KXBTC15M-26OCT050015-15,0.0100,10.26,no
2026-10-05T04:13:38.996717Z,KXBTC15M-26OCT050015-15,0.0100,9.41,no
2026-10-05T04:13:38.996717Z,KXBTC15M-26OCT050015-15,0.0100,2.08,no
2026-10-05T04:13:38.996717Z,KXBTC15M-26OCT050015-15,0.0100,2.05,no
2026-10-05T04:13:38.996717Z,KXBTC15M-26OCT050015-15,0.0100,0.36,no
2026-10-05T04:13:38.996717Z,KXBTC15M-26OCT050015-15,0.0100,6.34,no
2026-10-05T04:13:38.996717Z,KXBTC15M-26OCT050015-15,0.0100,0.59,no
2026-10-05T04:13:38.996717Z,KXBTC15M-26OCT050015-15,0.0100,0.37,no
2026-10-05T04:13:38.996717Z,KXBTC15M-26OCT050015-15,0.0100,12.29,no
2026-10-05T04:13:38.996717Z,KXBTC15M-26OCT050015-15,0.0100,2.00,no
2026-10-05T04:13:38.996717Z,KXBTC15M-26OCT050015-15,0.0100,17.32,no
2026-10-05T04:13:38.996717Z,KXBTC15M-26OCT050015-15,0.0100,34.64,no
2026-10-05T04:13:38.996717Z,KXBTC15M-26OCT050015-15,0.0100,3.44,no
2026-10-05T04:13:38.996717Z,KXBTC15M-26OCT050015-15,0.0100,12.29,no
2026-10-05T04:13:38.996717Z,KXBTC15M-26OCT050015-15,0.0100,2.65,no
2026-10-05T04:13:38.996717Z,KXBTC15M-26OCT050015-15,0.0100,11.99,no
2026-10-05T04:13:38.996717Z,KXBTC15M-26OCT050015-15,0.0100,1.81,no
2026-10-05T04:13:38.996717Z,KXBTC15M-26OCT050015-15,0.0100,16.42,no
2026-10-05T04:13:38.996717Z,KXBTC15M-26OCT050015-15,0.0100,12.78,no
2026-10-05T04:13:38.996717Z,KXBTC15M-26OCT050015-15,0.0100,25.61,no
2026-10-05T04:13:38.996717Z,KXBTC15M-26OCT050015-15,0.0100,9.47,no
2026-10-05T04:13:38.996717Z,KXBTC15M-26OCT050015-15,0.0100,21.92,no
2026-10-05T04:13:38.996717Z,KXBTC15M-26OCT050015-15,0.0100,5.46,no
2026-10-05T04:13:38.996717Z,KXBTC15M-26OCT050015-15,0.0100,5.19,no
2026-10-05T04:13:38.996717Z,KXBTC15M-26OCT050015-15,0.0100,189.57,no
2026-10-05T04:13:38.996717Z,KXBTC15M-26OCT050015-15,0.0100,9.27,no
2026-10-05T04:13:38.996717Z,KXBTC15M-26OCT050015-15,0.0100,78.52,no
2026-10-05T04:13:38.996717Z,KXBTC15M-26OCT050015-15,0.0100,10.93,no
2026-10-05T04:13:38.996717Z,KXBTC15M-26OCT050015-15,0.0100,0.45,no
2026-10-05T04:13:38.996717Z,KXBTC15M-26OCT050015-15,0.0100,9.13,no
2026-10-05T04:13:38.996717Z,KXBTC15M-26OCT050015-15,0.0100,55.71,no
2026-10-05T04:13:38.996717Z,KXBTC15M-26OCT050015-15,0.0100,5.63,no
2026-10-05T04:13:38.996717Z,KXBTC15M-26OCT050015-15,0.0100,4.10,no
2026-10-05T04:13:38.996717Z,KXBTC15M-26OCT050015-15,0.0100,352.00,no
2026-10-05T04:13:38.996717Z,KXBTC15M-26OCT050015-15,0.0100,200.00,no
2026-10-05T04:13:38.996717Z,KXBTC15M-26OCT050015-15,0.0100,51.77,no
2026-10-05T04:13:38.996717Z,KXBTC15M-26OCT050015-15,0.0100,1.00,no
2026-10-05T04:13:38.996717Z,KXBTC15M-26OCT050015-15,0.0100,35.13,no
2026-10-05T04:13:38.996717Z,KXBTC15M-26OCT050015-15,0.0100,9.36,no
2026-10-05T04:13:38.996717Z,KXBTC15M-26OCT050015-15,0.0100,1.00,no
2026-10-05T04:13:38.996717Z,KXBTC15M-26OCT050015-15,0.0100,200.00,no
2026-10-05T04:13:38.996717Z,KXBTC15M-26OCT050015-15,0.0100,25.00,no
2026-10-05T04:13:38.996717Z,KXBTC15M-26OCT050015-15,0.0100,43.95,no
2026-10-05T04:13:38.996717Z,KXBTC15M-26OCT050015-15,0.0100,1.62,no
2026-10-05T04:13:38.996717Z,KXBTC15M-26OCT050015-15,0.0100,3.40,no
2026-10-05T04:13:38.996717Z,KXBTC15M-26OCT050015-15,0.0100,43.30,no
2026-10-05T04:13:38.996717Z,KXBTC15M-26OCT050015-15,0.0100,8.97,no
2026-10-05T04:13:38.996717Z,KXBTC15M-26OCT050015-15,0.0100,5.27,no
2026-10-05T04:13:38.996717Z,KXBTC15M-26OCT050015-15,0.0100,10.93,no
2026-10-05T04:13:38.996717Z,KXBTC15M-26OCT050015-15,0.0100,4.93,no
2026-10-05T04:13:38.996717Z,KXBTC15M-26OCT050015-15,0.0100,20.00,no
2026-10-05T04:13:38.996717Z,KXBTC15M-26OCT050015-15,0.0100,1.95,no
2026-10-05T04:13:38.996717Z,KXBTC15M-26OCT050015-15,0.0100,29.54,no
2026-10-05T04:13:38.996717Z,KXBTC15M-26OCT050015-15,0.0100,4.47,no
2026-10-05T04:13:38.996717Z,KXBTC15M-26OCT050015-15,0.0100,0.61,no
2026-10-05T04:13:38.996717Z,KXBTC15M-26OCT050015-15,0.0100,22.88,no
2026-10-05T04:13:38.996717Z,KXBTC15M-26OCT050015-15,0.0100,10.93,no
2026-10-05T04:13:38.996717Z,KXBTC15M-26OCT050015-15,0.0100,10.05,no
2026-10-05T04:13:38.996717Z,KXBTC15M-26OCT050015-15,0.0100,0.64,no
2026-10-05T04:13:38.996717Z,KXBTC15M-26OCT050015-15,0.0100,64.71,no
2026-10-05T04:13:38.996717Z,KXBTC15M-26OCT050015-15,0.0100,10.35,no
2026-10-05T04:13:38.996717Z,KXBTC15M-26OCT050015-15,0.0100,9.30,no
2026-10-05T04:13:38.996717Z,KXBTC15M-26OCT050015-15,0.0100,37.21,no
2026-10-05T04:13:38.996717Z,KXBTC15M-26OCT050015-15,0.0100,40.53,no
2026-10-05T04:13:38.996717Z,KXBTC15M-26OCT050015-15,0.0100,0.86,no
2026-10-05T04:13:38.996717Z,KXBTC15M-26OCT050015-15,0.0100,0.18,no
2026-10-05T04:13:38.996717Z,KXBTC15M-26OCT050015-15,0.0100,1.00,no
2026-10-05T04:13:38.996717Z,KXBTC15M-26OCT050015-15,0.0100,27.90,no
2026-10-05T04:13:38.996717Z,KXBTC15M-26OCT050015-15,0.0100,1.19,no
2026-10-05T04:13:38.996717Z,KXBTC15M-26OCT050015-15,0.0100,23.42,no
2026-10-05T04:13:38.996717Z,KXBTC15M-26OCT050015-15,0.0100,86.37,no
2026-10-05T04:13:38.996717Z,KXBTC15M-26OCT050015-15,0.0100,512.00,no
2026-10-05T04:13:38.996717Z,KXBTC15M-26OCT050015-15,0.0100,147.00,no
2026-10-05T04:13:38.996717Z,KXBTC15M-26OCT050015-15,0.0100,327.00,no
2026-10-05T04:13:38.996717Z,KXBTC15M-26OCT050015-15,0.0100,512.00,no
2026-10-05T04:13:38.996717Z,KXBTC15M-26OCT050015-15,0.0100,73.00,no
2026-10-05T04:13:38.996717Z,KXBTC15M-26OCT050015-15,0.0100,1.00,no
2026-10-05T04:13:38.996717Z,KXBTC15M-26OCT050015-15,0.0100,260.00,no
2026-10-05T04:13:38.996717Z,KXBTC15M-26OCT050015-15,0.0100,512.00,no
2026-10-05T04:13:38.996717Z,KXBTC15M-26OCT050015-15,0.0100,150.00,no
2026-10-05T04:13:39.024607Z,KXBTC15M-26OCT050015-15,0.0120,26.72,yes
2026-10-05T04:13:39.024607Z,KXBTC15M-26OCT050015-15,0.0120,4.82,yes
2026-10-05T04:13:39.024607Z,KXBTC15M-26OCT050015-15,0.0120,0.01,yes
2026-10-05T04:13:39.024607Z,KXBTC15M-26OCT050015-15,0.0120,0.01,yes
2026-10-05T04:13:39.024607Z,KXBTC15M-26OCT050015-15,0.0120,82.01,yes
2026-10-05T04:13:39.024607Z,KXBTC15M-26OCT050015-15,0.0120,7.00,yes
2026-10-05T04:13:39.029573Z,KXBTC15M-26OCT050015-15,0.0120,1.00,yes
2026-10-05T04:13:39.043893Z,KXBTC15M-26OCT050015-15,0.0100,2276.02,no
2026-10-05T04:13:39.043893Z,KXBTC15M-26OCT050015-15,0.0110,0.01,no
2026-10-05T04:13:39.043893Z,KXBTC15M-26OCT050015-15,0.0110,0.01,no
2026-10-05T04:13:39.043893Z,KXBTC15M-26OCT050015-15,0.0110,30.32,no
2026-10-05T04:13:39.043893Z,KXBTC15M-26OCT050015-15,0.0110,150.00,no
2026-10-05T04:13:39.043893Z,KXBTC15M-26OCT050015-15,0.0110,200.00,no
2026-10-05T04:13:39.043893Z,KXBTC15M-26OCT050015-15,0.0110,17.00,no
2026-10-05T04:13:39.044916Z,KXBTC15M-26OCT050015-15,0.0120,200.00,yes
2026-10-05T04:13:39.044916Z,KXBTC15M-26OCT050015-15,0.0120,15.00,yes
2026-10-05T04:13:39.044916Z,KXBTC15M-26OCT050015-15,0.0120,23.99,yes
2026-10-05T04:13:39.044916Z,KXBTC15M-26OCT050015-15,0.0120,352.00,yes
2026-10-05T04:13:39.044916Z,KXBTC15M-26OCT050015-15,0.0120,172.85,yes
2026-10-05T04:13:39.078064Z,KXBTC15M-26OCT050015-15,0.0120,23.42,yes
2026-10-05T04:13:39.083652Z,KXBTC15M-26OCT050015-15,0.0110,1.91,no
2026-10-05T04:13:39.091888Z,KXBTC15M-26OCT050015-15,0.0120,512.00,yes
2026-10-05T04:13:39.091888Z,KXBTC15M-26OCT050015-15,0.0120,488.58,yes
2026-10-05T04:13:39.091888Z,KXBTC15M-26OCT050015-15,0.0120,31.16,yes
2026-10-05T04:13:39.101898Z,KXBTC15M-26OCT050015-15,0.0120,77.94,yes
2026-10-05T04:13:39.18592Z,KXBTC15M-26OCT050015-15,0.0110,2.02,no
2026-10-05T04:13:39.211642Z,KXBTC15M-26OCT050015-15,0.0120,389.71,yes
2026-10-05T04:13:39.266532Z,KXBTC15M-26OCT050015-15,0.0110,1.01,no
2026-10-05T04:13:39.332404Z,KXBTC15M-26OCT050015-15,0.0120,12.60,yes
2026-10-05T04:13:39.332404Z,KXBTC15M-26OCT050015-15,0.0120,0.01,yes
2026-10-05T04:13:39.332404Z,KXBTC15M-26OCT050015-15,0.0120,0.01,yes
2026-10-05T04:13:39.332404Z,KXBTC15M-26OCT050015-15,0.0120,13.19,yes
2026-10-05T04:13:39.364484Z,KXBTC15M-26OCT050015-15,0.0120,150.00,yes
2026-10-05T04:13:39.364484Z,KXBTC15M-26OCT050015-15,0.0120,0.01,yes
2026-10-05T04:13:39.364484Z,KXBTC15M-26OCT050015-15,0.0120,12.40,yes
2026-10-05T04:13:39.364484Z,KXBTC15M-26OCT050015-15,0.0120,0.01,yes
2026-10-05T04:13:39.364484Z,KXBTC15M-26OCT050015-15,0.0120,500.00,yes
2026-10-05T04:13:39.364484Z,KXBTC15M-26OCT050015-15,0.0120,15.00,yes
2026-10-05T04:13:39.364484Z,KXBTC15M-26OCT050015-15,0.0120,263.67,yes
2026-10-05T04:13:39.364484Z,KXBTC15M-26OCT050015-15,0.0120,500.00,yes
2026-10-05T04:13:39.364484Z,KXBTC15M-26OCT050015-15,0.0130,29.89,yes
2026-10-05T04:13:39.463712Z,KXBTC15M-26OCT050015-15,0.0110,0.01,no
2026-10-05T04:13:39.463712Z,KXBTC15M-26OCT050015-15,0.0120,150.00,no
2026-10-05T04:13:39.463712Z,KXBTC15M-26OCT050015-15,0.0110,64.26,no
2026-10-05T04:13:39.463712Z,KXBTC15M-26OCT050015-15,0.0120,0.01,no
2026-10-05T04:13:39.463712Z,KXBTC15M-26OCT050015-15,0.0110,0.01,no
2026-10-05T04:13:39.463712Z,KXBTC15M-26OCT050015-15,0.0120,17.00,no
2026-10-05T04:13:39.463712Z,KXBTC15M-26OCT050015-15,0.0110,10.06,no
2026-10-05T04:13:39.463712Z,KXBTC15M-26OCT050015-15,0.0110,614.00,no
2026-10-05T04:13:39.463712Z,KXBTC15M-26OCT050015-15,0.0120,64.26,no
2026-10-05T04:13:39.463712Z,KXBTC15M-26OCT050015-15,0.0120,0.01,no
2026-10-05T04:13:39.478586Z,KXBTC15M-26OCT050015-15,0.0100,42.57,no
2026-10-05T04:13:39.584923Z,KXBTC15M-26OCT050015-15,0.0100,99.73,no
2026-10-05T04:13:39.606669Z,KXBTC15M-26OCT050015-15,0.0110,166.87,yes
2026-10-05T04:13:39.743906Z,KXBTC15M-26OCT050015-15,0.0110,220.00,yes
2026-10-05T04:13:39.745281Z,KXBTC15M-26OCT050015-15,0.0110,43.60,yes
2026-10-05T04:13:39.88736Z,KXBTC15M-26OCT050015-15,0.0100,1.97,no
2026-10-05T04:13:39.910901Z,KXBTC15M-26OCT050015-15,0.0110,0.01,yes
2026-10-05T04:13:39.910901Z,KXBTC15M-26OCT050015-15,0.0110,1.01,yes
2026-10-05T04:13:39.910901Z,KXBTC15M-26OCT050015-15,0.0110,0.01,yes
2026-10-05T04:13:39.922246Z,KXBTC15M-26OCT050015-15,0.0110,7.79,yes
2026-10-05T04:13:39.957279Z,KXBTC15M-26OCT050015-15,0.0110,0.01,yes
2026-10-05T04:13:39.957279Z,KXBTC15M-26OCT050015-15,0.0110,0.01,yes
2026-10-05T04:13:39.957279Z,KXBTC15M-26OCT050015-15,0.0110,15.00,yes
2026-10-05T04:13:39.992765Z,KXBTC15M-26OCT050015-15,0.0130,0.01,yes
2026-10-05T04:13:39.992765Z,KXBTC15M-26OCT050015-15,0.0130,212.00,yes
2026-10-05T04:13:39.992765Z,KXBTC15M-26OCT050015-15,0.0130,500.00,yes
2026-10-05T04:13:39.992765Z,KXBTC15M-26OCT050015-15,0.0130,467.39,yes
2026-10-05T04:13:39.992765Z,KXBTC15M-26OCT050015-15,0.0130,0.01,yes
2026-10-05T04:13:39.992765Z,KXBTC15M-26OCT050015-15,0.0130,120.11,yes
2026-10-05T04:13:40.006246Z,KXBTC15M-26OCT050015-15,0.0130,32.61,yes
2026-10-05T04:13:40.006246Z,KXBTC15M-26OCT050015-15,0.0150,13.00,yes
2026-10-05T04:13:40.006246Z,KXBTC15M-26OCT050015-15,0.0130,0.01,yes
2026-10-05T04:13:40.006246Z,KXBTC15M-26OCT050015-15,0.0130,0.01,yes
2026-10-05T04:13:40.006246Z,KXBTC15M-26OCT050015-15,0.0150,82.00,yes
2026-10-05T04:13:40.006246Z,KXBTC15M-26OCT050015-15,0.0160,7.06,yes
2026-10-05T04:13:40.006246Z,KXBTC15M-26OCT050015-15,0.0140,150.00,yes
2026-10-05T04:13:40.006246Z,KXBTC15M-26OCT050015-15,0.0140,21.00,yes
2026-10-05T04:13:40.015065Z,KXBTC15M-26OCT050015-15,0.0140,122.74,no
2026-10-05T04:13:40.047454Z,KXBTC15M-26OCT050015-15,0.0140,13.20,no
2026-10-05T04:13:40.047454Z,KXBTC15M-26OCT050015-15,0.0140,0.01,no
2026-10-05T04:13:40.047454Z,KXBTC15M-26OCT050015-15,0.0140,0.01,no
2026-10-05T04:13:40.168207Z,KXBTC15M-26OCT050015-15,0.0140,0.01,no
2026-10-05T04:13:40.168207Z,KXBTC15M-26OCT050015-15,0.0140,136.80,no
2026-10-05T04:13:40.168207Z,KXBTC15M-26OCT050015-15,0.0140,0.01,no
2026-10-05T04:13:40.168207Z,KXBTC15M-26OCT050015-15,0.0100,14.58,no
2026-10-05T04:13:40.176372Z,KXBTC15M-26OCT050015-15,0.0140,0.01,no
2026-10-05T04:13:40.176372Z,KXBTC15M-26OCT050015-15,0.0140,0.01,no
2026-10-05T04:13:40.176372Z,KXBTC15M-26OCT050015-15,0.0100,5.02,no
2026-10-05T04:13:40.182738Z,KXBTC15M-26OCT050015-15,0.0140,1.00,no
2026-10-05T04:13:40.183326Z,KXBTC15M-26OCT050015-15,0.0140,149.00,no
2026-10-05T04:13:40.183326Z,KXBTC15M-26OCT050015-15,0.0100,1869.78,no
2026-10-05T04:13:40.193599Z,KXBTC15M-26OCT050015-15,0.0140,0.01,no
2026-10-05T04:13:40.193599Z,KXBTC15M-26OCT050015-15,0.0100,0.01,no
2026-10-05T04:13:40.193599Z,KXBTC15M-26OCT050015-15,0.0140,0.01,no
2026-10-05T04:13:40.193599Z,KXBTC15M-26OCT050015-15,0.0100,38.55,no
2026-10-05T04:13:40.193599Z,KXBTC15M-26OCT050015-15,0.0100,0.01,no
2026-10-05T04:13:40.193599Z,KXBTC15M-26OCT050015-15,0.0100,15.00,no
2026-10-05T04:13:40.193599Z,KXBTC15M-26OCT050015-15,0.0100,25.00,no
2026-10-05T04:13:40.193599Z,KXBTC15M-26OCT050015-15,0.0100,97.00,no
2026-10-05T04:13:40.193599Z,KXBTC15M-26OCT050015-15,0.0100,17.00,no
2026-10-05T04:13:40.193599Z,KXBTC15M-26OCT050015-15,0.0100,5.16,no
2026-10-05T04:13:40.193599Z,KXBTC15M-26OCT050015-15,0.0100,2.00,no
2026-10-05T04:13:40.193599Z,KXBTC15M-26OCT050015-15,0.0100,50.00,no
2026-10-05T04:13:40.193599Z,KXBTC15M-26OCT050015-15,0.0100,5.00,no
2026-10-05T04:13:40.193599Z,KXBTC15M-26OCT050015-15,0.0100,6.00,no
2026-10-05T04:13:40.193599Z,KXBTC15M-26OCT050015-15,0.0100,6.00,no
2026-10-05T04:13:40.193599Z,KXBTC15M-26OCT050015-15,0.0100,20.00,no
2026-10-05T04:13:40.193599Z,KXBTC15M-26OCT050015-15,0.0100,588.92,no
2026-10-05T04:13:40.205359Z,KXBTC15M-26OCT050015-15,0.0100,170.05,yes
2026-10-05T04:13:40.238755Z,KXBTC15M-26OCT050015-15,0.0090,33.66,no
2026-10-05T04:13:40.244898Z,KXBTC15M-26OCT050015-15,0.0100,85.02,yes
2026-10-05T04:13:40.24792Z,KXBTC15M-26OCT050015-15,0.0100,29.43,yes
2026-10-05T04:13:40.255129Z,KXBTC15M-26OCT050015-15,0.0100,36.00,yes
2026-10-05T04:13:40.263249Z,KXBTC15M-26OCT050015-15,0.0100,642.91,yes
2026-10-05T04:13:40.286933Z,KXBTC15M-26OCT050015-15,0.0100,152.26,yes
2026-10-05T04:13:40.289522Z,KXBTC15M-26OCT050015-15,0.0090,6.74,no
2026-10-05T04:13:40.295413Z,KXBTC15M-26OCT050015-15,0.0100,255.07,yes
2026-10-05T04:13:40.298875Z,KXBTC15M-26OCT050015-15,0.0100,28.74,yes
2026-10-05T04:13:40.30906Z,KXBTC15M-26OCT050015-15,0.0090,21.57,no
2026-10-05T04:13:40.323276Z,KXBTC15M-26OCT050015-15,0.0100,166.33,yes
2026-10-05T04:13:40.33158Z,KXBTC15M-26OCT050015-15,0.0090,2.00,no
2026-10-05T04:13:40.33158Z,KXBTC15M-26OCT050015-15,0.0090,939.97,no
2026-10-05T04:13:40.33158Z,KXBTC15M-26OCT050015-15,0.0090,58.03,no
2026-10-05T04:13:40.345663Z,KXBTC15M-26OCT050015-15,0.0090,13.64,no
2026-10-05T04:13:40.365885Z,KXBTC15M-26OCT050015-15,0.0100,48.05,yes
2026-10-05T04:13:40.370345Z,KXBTC15M-26OCT050015-15,0.0100,25.23,yes
2026-10-05T04:13:40.440477Z,KXBTC15M-26OCT050015-15,0.0100,5.31,yes
2026-10-05T04:13:40.441412Z,KXBTC15M-26OCT050015-15,0.0080,30.84,no
2026-10-05T04:13:40.441412Z,KXBTC15M-26OCT050015-15,0.0090,150.00,no
2026-10-05T04:13:40.441412Z,KXBTC15M-26OCT050015-15,0.0080,188.31,no
2026-10-05T04:13:40.441412Z,KXBTC15M-26OCT050015-15,0.0080,64.00,no
2026-10-05T04:13:40.441412Z,KXBTC15M-26OCT050015-15,0.0080,17.00,no
2026-10-05T04:13:40.441412Z,KXBTC15M-26OCT050015-15,0.0080,1.00,no
2026-10-05T04:13:40.441412Z,KXBTC15M-26OCT050015-15,0.0080,120.00,no
2026-10-05T04:13:40.441412Z,KXBTC15M-26OCT050015-15,0.0070,428.85,no
2026-10-05T04:13:40.545049Z,KXBTC15M-26OCT050015-15,0.0090,0.98,no
2026-10-05T04:13:40.565669Z,KXBTC15M-26OCT050015-15,0.0100,5.00,yes
2026-10-05T04:13:40.576365Z,KXBTC15M-26OCT050015-15,0.0100,50.74,yes
2026-10-05T04:13:40.636546Z,KXBTC15M-26OCT050015-15,0.0100,15.59,yes
2026-10-05T04:13:40.64315Z,KXBTC15M-26OCT050015-15,0.0080,24.68,no
2026-10-05T04:13:40.64315Z,KXBTC15M-26OCT050015-15,0.0070,964.00,no
2026-10-05T04:13:40.64315Z,KXBTC15M-26OCT050015-15,0.0070,56.00,no
2026-10-05T04:13:40.64315Z,KXBTC15M-26OCT050015-15,0.0090,150.00,no
2026-10-05T04:13:40.64315Z,KXBTC15M-26OCT050015-15,0.0080,17.00,no
2026-10-05T04:13:40.64315Z,KXBTC15M-26OCT050015-15,0.0090,16.02,no
2026-10-05T04:13:40.64315Z,KXBTC15M-26OCT050015-15,0.0070,2.00,no
2026-10-05T04:13:40.64315Z,KXBTC15M-26OCT050015-15,0.0070,2.00,no
2026-10-05T04:13:40.64315Z,KXBTC15M-26OCT050015-15,0.0070,150.00,no
2026-10-05T04:13:40.64315Z,KXBTC15M-26OCT050015-15,0.0070,1280.00,no
2026-10-05T04:13:40.64315Z,KXBTC15M-26OCT050015-15,0.0070,1.00,no
2026-10-05T04:13:40.64315Z,KXBTC15M-26OCT050015-15,0.0070,120.00,no
2026-10-05T04:13:40.64315Z,KXBTC15M-26OCT050015-15,0.0060,1280.00,no
2026-10-05T04:13:40.64315Z,KXBTC15M-26OCT050015-15,0.0060,1280.00,no
2026-10-05T04:13:40.64315Z,KXBTC15M-26OCT050015-15,0.0060,1061.19,no
2026-10-05T04:13:40.64315Z,KXBTC15M-26OCT050015-15,0.0070,1280.00,no
2026-10-05T04:13:40.64315Z,KXBTC15M-26OCT050015-15,0.0060,50.00,no
2026-10-05T04:13:40.64315Z,KXBTC15M-26OCT050015-15,0.0070,851.15,no
2026-10-05T04:13:40.64315Z,KXBTC15M-26OCT050015-15,0.0070,1280.00,no
2026-10-05T04:13:40.647214Z,KXBTC15M-26OCT050015-15,0.0100,37.00,yes
2026-10-05T04:13:40.648241Z,KXBTC15M-26OCT050015-15,0.0100,1.00,yes
2026-10-05T04:13:40.664814Z,KXBTC15M-26OCT050015-15,0.0100,187.09,yes
2026-10-05T04:13:40.695115Z,KXBTC15M-26OCT050015-15,0.0100,247.96,yes
2026-10-05T04:13:40.728462Z,KXBTC15M-26OCT050015-15,0.0090,73.64,no
2026-10-05T04:13:40.743642Z,KXBTC15M-26OCT050015-15,0.0100,1400.00,yes
2026-10-05T04:13:40.797573Z,KXBTC15M-26OCT050015-15,0.0100,57.98,yes
2026-10-05T04:13:40.954963Z,KXBTC15M-26OCT050015-15,0.0100,350.22,yes
2026-10-05T04:13:40.954963Z,KXBTC15M-26OCT050015-15,0.0100,500.00,yes
2026-10-05T04:13:40.954963Z,KXBTC15M-26OCT050015-15,0.0100,0.01,yes
2026-10-05T04:13:41.058075Z,KXBTC15M-26OCT050015-15,0.0100,10.00,yes
2026-10-05T04:13:41.213523Z,KXBTC15M-26OCT050015-15,0.0090,34.07,no
2026-10-05T04:13:41.262768Z,KXBTC15M-26OCT050015-15,0.0100,2.00,yes
2026-10-05T04:13:41.286099Z,KXBTC15M-26OCT050015-15,0.0090,209.38,no
2026-10-05T04:13:41.286099Z,KXBTC15M-26OCT050015-15,0.0090,42.29,no
2026-10-05T04:13:41.286099Z,KXBTC15M-26OCT050015-15,0.0090,0.01,no
2026-10-05T04:13:41.31628Z,KXBTC15M-26OCT050015-15,0.0100,6.74,yes
2026-10-05T04:13:41.31628Z,KXBTC15M-26OCT050015-15,0.0100,58.03,yes
2026-10-05T04:13:41.31628Z,KXBTC15M-26OCT050015-15,0.0100,25.00,yes
2026-10-05T04:13:41.31628Z,KXBTC15M-26OCT050015-15,0.0100,33.66,yes
2026-10-05T04:13:41.31628Z,KXBTC15M-26OCT050015-15,0.0100,137.78,yes
2026-10-05T04:13:41.31628Z,KXBTC15M-26OCT050015-15,0.0100,169.80,yes
2026-10-05T04:13:41.31628Z,KXBTC15M-26OCT050015-15,0.0100,15.00,yes
2026-10-05T04:13:41.31628Z,KXBTC15M-26OCT050015-15,0.0100,21.57,yes
2026-10-05T04:13:41.31628Z,KXBTC15M-26OCT050015-15,0.0100,0.01,yes
2026-10-05T04:13:41.322917Z,KXBTC15M-26OCT050015-15,0.0090,209.80,no
2026-10-05T04:13:41.322917Z,KXBTC15M-26OCT050015-15,0.0090,92.30,no
2026-10-05T04:13:41.334252Z,KXBTC15M-26OCT050015-15,0.0100,7.08,yes
2026-10-05T04:13:41.341641Z,KXBTC15M-26OCT050015-15,0.0090,1.43,no
2026-10-05T04:13:41.362353Z,KXBTC15M-26OCT050015-15,0.0100,20.23,yes
2026-10-05T04:13:41.362952Z,KXBTC15M-26OCT050015-15,0.0060,10.00,no
2026-10-05T04:13:41.362952Z,KXBTC15M-26OCT050015-15,0.0080,17.00,no
2026-10-05T04:13:41.362952Z,KXBTC15M-26OCT050015-15,0.0060,2.00,no
2026-10-05T04:13:41.362952Z,KXBTC15M-26OCT050015-15,0.0080,19.74,no
2026-10-05T04:13:41.362952Z,KXBTC15M-26OCT050015-15,0.0070,17.00,no
2026-10-05T04:13:41.362952Z,KXBTC15M-26OCT050015-15,0.0060,857.55,no
2026-10-05T04:13:41.362952Z,KXBTC15M-26OCT050015-15,0.0090,56.27,no
2026-10-05T04:13:41.362952Z,KXBTC15M-26OCT050015-15,0.0090,15.00,no
2026-10-05T04:13:41.362952Z,KXBTC15M-26OCT050015-15,0.0090,0.01,no
2026-10-05T04:13:41.362952Z,KXBTC15M-26OCT050015-15,0.0090,340.45,no
2026-10-05T04:13:41.362952Z,KXBTC15M-26OCT050015-15,0.0060,1280.00,no
2026-10-05T04:13:41.362952Z,KXBTC15M-26OCT050015-15,0.0060,168.81,no
2026-10-05T04:13:41.362952Z,KXBTC15M-26OCT050015-15,0.0060,1.00,no
2026-10-05T04:13:41.362952Z,KXBTC15M-26OCT050015-15,0.0060,120.00,no
2026-10-05T04:13:41.370215Z,KXBTC15M-26OCT050015-15,0.0100,64.14,yes
2026-10-05T04:13:41.370215Z,KXBTC15M-26OCT050015-15,0.0100,120.00,yes
2026-10-05T04:13:41.370215Z,KXBTC15M-26OCT050015-15,0.0100,2.89,yes
2026-10-05T04:13:41.37816Z,KXBTC15M-26OCT050015-15,0.0090,85.00,yes
2026-10-05T04:13:41.381692Z,KXBTC15M-26OCT050015-15,0.0080,27.72,no
2026-10-05T04:13:41.394363Z,KXBTC15M-26OCT050015-15,0.0090,10.42,yes
2026-10-05T04:13:41.50432Z,KXBTC15M-26OCT050015-15,0.0090,29.60,yes
2026-10-05T04:13:41.508647Z,KXBTC15M-26OCT050015-15,0.0090,27.61,yes
2026-10-05T04:13:41.578974Z,KXBTC15M-26OCT050015-15,0.0080,100.84,no
2026-10-05T04:13:41.610931Z,KXBTC15M-26OCT050015-15,0.0080,17.69,no
2026-10-05T04:13:41.613881Z,KXBTC15M-26OCT050015-15,0.0090,467.59,yes
2026-10-05T04:13:41.622966Z,KXBTC15M-26OCT050015-15,0.0090,707.80,yes
2026-10-05T04:13:41.628122Z,KXBTC15M-26OCT050015-15,0.0080,26.47,no
2026-10-05T04:13:41.628122Z,KXBTC15M-26OCT050015-15,0.0080,3.75,no
2026-10-05T04:13:41.708999Z,KXBTC15M-26OCT050015-15,0.0090,30.61,yes
2026-10-05T04:13:41.71251Z,KXBTC15M-26OCT050015-15,0.0090,1.00,yes
2026-10-05T04:13:41.830846Z,KXBTC15M-26OCT050015-15,0.0090,636.97,yes
2026-10-05T04:13:41.867508Z,KXBTC15M-26OCT050015-15,0.0080,6.10,no
2026-10-05T04:13:41.91391Z,KXBTC15M-26OCT050015-15,0.0090,120.00,yes
2026-10-05T04:13:41.91391Z,KXBTC15M-26OCT050015-15,0.0090,0.01,yes
2026-10-05T04:13:41.91391Z,KXBTC15M-26OCT050015-15,0.0090,0.01,yes
2026-10-05T04:13:41.91391Z,KXBTC15M-26OCT050015-15,0.0090,150.91,yes
2026-10-05T04:13:41.91391Z,KXBTC15M-26OCT050015-15,0.0090,47.40,yes
2026-10-05T04:13:41.91391Z,KXBTC15M-26OCT050015-15,0.0090,17.00,yes
2026-10-05T04:13:41.945889Z,KXBTC15M-26OCT050015-15,0.0090,336.61,yes
2026-10-05T04:13:41.945889Z,KXBTC15M-26OCT050015-15,0.0100,783.71,yes
2026-10-05T04:13:41.945889Z,KXBTC15M-26OCT050015-15,0.0100,364.71,yes
2026-10-05T04:13:41.945889Z,KXBTC15M-26OCT050015-15,0.0100,1280.00,yes
2026-10-05T04:13:41.945889Z,KXBTC15M-26OCT050015-15,0.0090,0.01,yes
2026-10-05T04:13:41.945889Z,KXBTC15M-26OCT050015-15,0.0090,432.00,yes
2026-10-05T04:13:41.945889Z,KXBTC15M-26OCT050015-15,0.0090,15.00,yes
2026-10-05T04:13:41.945889Z,KXBTC15M-26OCT050015-15,0.0090,15.00,yes
2026-10-05T04:13:41.945889Z,KXBTC15M-26OCT050015-15,0.0090,500.00,yes
2026-10-05T04:13:41.945889Z,KXBTC15M-26OCT050015-15,0.0090,200.00,yes
2026-10-05T04:13:41.945889Z,KXBTC15M-26OCT050015-15,0.0090,168.81,yes
2026-10-05T04:13:41.945889Z,KXBTC15M-26OCT050015-15,0.0090,0.01,yes
2026-10-05T04:13:41.945889Z,KXBTC15M-26OCT050015-15,0.0090,17.00,yes
2026-10-05T04:13:41.945889Z,KXBTC15M-26OCT050015-15,0.0090,120.00,yes
2026-10-05T04:13:41.945889Z,KXBTC15M-26OCT050015-15,0.0090,94.00,yes
2026-10-05T04:13:41.945889Z,KXBTC15M-26OCT050015-15,0.0090,349.09,yes
2026-10-05T04:13:41.975336Z,KXBTC15M-26OCT050015-15,0.0090,2.00,no
2026-10-05T04:13:41.999071Z,KXBTC15M-26OCT050015-15,0.0090,2.01,no
2026-10-05T04:13:42.069615Z,KXBTC15M-26OCT050015-15,0.0090,7.04,no
2026-10-05T04:13:42.147147Z,KXBTC15M-26OCT050015-15,0.0100,23.37,yes
2026-10-05T04:13:42.198355Z,KXBTC15M-26OCT050015-15,0.0100,274.00,yes
2026-10-05T04:13:42.209218Z,KXBTC15M-26OCT050015-15,0.0090,26.00,no
2026-10-05T04:13:42.220564Z,KXBTC15M-26OCT050015-15,0.0090,13.00,no
2026-10-05T04:13:42.235573Z,KXBTC15M-26OCT050015-15,0.0090,11.00,no
2026-10-05T04:13:42.24569Z,KXBTC15M-26OCT050015-15,0.0100,198.92,yes
2026-10-05T04:13:42.24569Z,KXBTC15M-26OCT050015-15,0.0100,341.08,yes
2026-10-05T04:13:42.25273Z,KXBTC15M-26OCT050015-15,0.0090,5.00,no
2026-10-05T04:13:42.265126Z,KXBTC15M-26OCT050015-15,0.0090,750.00,no
2026-10-05T04:13:42.265126Z,KXBTC15M-26OCT050015-15,0.0090,17.00,no
2026-10-05T04:13:42.265126Z,KXBTC15M-26OCT050015-15,0.0090,83.95,no
2026-10-05T04:13:42.265126Z,KXBTC15M-26OCT050015-15,0.0090,0.01,no
2026-10-05T04:13:42.265126Z,KXBTC15M-26OCT050015-15,0.0090,0.01,no
2026-10-05T04:13:42.265126Z,KXBTC15M-26OCT050015-15,0.0080,39.34,no
2026-10-05T04:13:42.285946Z,KXBTC15M-26OCT050015-15,0.0090,17.00,no
2026-10-05T04:13:42.285946Z,KXBTC15M-26OCT050015-15,0.0090,16.00,no
2026-10-05T04:13:42.303895Z,KXBTC15M-26OCT050015-15,0.0090,82.00,no
2026-10-05T04:13:42.309834Z,KXBTC15M-26OCT050015-15,0.0100,11.15,yes
2026-10-05T04:13:42.318263Z,KXBTC15M-26OCT050015-15,0.0090,52.00,no
2026-10-05T04:13:42.340929Z,KXBTC15M-26OCT050015-15,0.0090,3.05,yes
2026-10-05T04:13:42.363806Z,KXBTC15M-26OCT050015-15,0.0080,19.77,no
2026-10-05T04:13:42.363806Z,KXBTC15M-26OCT050015-15,0.0080,0.01,no
2026-10-05T04:13:42.363806Z,KXBTC15M-26OCT050015-15,0.0080,0.01,no
2026-10-05T04:13:42.363806Z,KXBTC15M-26OCT050015-15,0.0080,15.00,no
2026-10-05T04:13:42.363806Z,KXBTC15M-26OCT050015-15,0.0080,50.50,no
2026-10-05T04:13:42.363806Z,KXBTC15M-26OCT050015-15,0.0080,15.00,no
2026-10-05T04:13:42.363806Z,KXBTC15M-26OCT050015-15,0.0080,59.66,no
2026-10-05T04:13:42.407398Z,KXBTC15M-26OCT050015-15,0.0090,1.00,yes
2026-10-05T04:13:42.447495Z,KXBTC15M-26OCT050015-15,0.0090,11.00,yes
2026-10-05T04:13:42.466497Z,KXBTC15M-26OCT050015-15,0.0090,16.29,yes
2026-10-05T04:13:42.475603Z,KXBTC15M-26OCT050015-15,0.0080,33.59,no
2026-10-05T04:13:42.48527Z,KXBTC15M-26OCT050015-15,0.0080,59.47,no
2026-10-05T04:13:42.5038Z,KXBTC15M-26OCT050015-15,0.0080,10.37,no
2026-10-05T04:13:42.510887Z,KXBTC15M-26OCT050015-15,0.0090,5.30,yes
2026-10-05T04:13:42.565132Z,KXBTC15M-26OCT050015-15,0.0090,243.26,yes
2026-10-05T04:13:42.565132Z,KXBTC15M-26OCT050015-15,0.0090,0.01,yes
2026-10-05T04:13:42.565132Z,KXBTC15M-26OCT050015-15,0.0090,219.73,yes
2026-10-05T04:13:42.567099Z,KXBTC15M-26OCT050015-15,0.0090,200.00,yes
2026-10-05T04:13:42.567099Z,KXBTC15M-26OCT050015-15,0.0090,256.74,yes
2026-10-05T04:13:42.567099Z,KXBTC15M-26OCT050015-15,0.0090,0.01,yes
2026-10-05T04:13:42.567099Z,KXBTC15M-26OCT050015-15,0.0090,10.84,yes
2026-10-05T04:13:42.652225Z,KXBTC15M-26OCT050015-15,0.0090,875.00,yes
2026-10-05T04:13:42.652225Z,KXBTC15M-26OCT050015-15,0.0090,20.26,yes
2026-10-05T04:13:42.652225Z,KXBTC15M-26OCT050015-15,0.0090,15.00,yes
2026-10-05T04:13:42.652225Z,KXBTC15M-26OCT050015-15,0.0090,6.16,yes
2026-10-05T04:13:42.692762Z,KXBTC15M-26OCT050015-15,0.0090,8.10,yes
2026-10-05T04:13:42.781978Z,KXBTC15M-26OCT050015-15,0.0080,0.01,no
2026-10-05T04:13:42.781978Z,KXBTC15M-26OCT050015-15,0.0080,8.41,no
2026-10-05T04:13:42.781978Z,KXBTC15M-26OCT050015-15,0.0080,0.01,no
2026-10-05T04:13:42.781978Z,KXBTC15M-26OCT050015-15,0.0080,46.57,no
2026-10-05T04:13:42.781978Z,KXBTC15M-26OCT050015-15,0.0080,15.00,no
2026-10-05T04:13:42.794685Z,KXBTC15M-26OCT050015-15,0.0090,0.01,yes
2026-10-05T04:13:42.794685Z,KXBTC15M-26OCT050015-15,0.0090,0.01,yes
2026-10-05T04:13:42.794685Z,KXBTC15M-26OCT050015-15,0.0090,10.84,yes
2026-10-05T04:13:42.794685Z,KXBTC15M-26OCT050015-15,0.0090,6.64,yes
2026-10-05T04:13:42.794685Z,KXBTC15M-26OCT050015-15,0.0090,67.41,yes
2026-10-05T04:13:42.794685Z,KXBTC15M-26OCT050015-15,0.0090,6.16,yes
2026-10-05T04:13:42.799812Z,KXBTC15M-26OCT050015-15,0.0080,18.68,no
2026-10-05T04:13:42.814646Z,KXBTC15M-26OCT050015-15,0.0090,155.16,yes
2026-10-05T04:13:42.872753Z,KXBTC15M-26OCT050015-15,0.0090,0.88,yes
2026-10-05T04:13:43.122132Z,KXBTC15M-26OCT050015-15,0.0080,19.81,no
2026-10-05T04:13:43.122132Z,KXBTC15M-26OCT050015-15,0.0080,0.01,no
2026-10-05T04:13:43.122132Z,KXBTC15M-26OCT050015-15,0.0080,0.01,no
2026-10-05T04:13:43.131549Z,KXBTC15M-26OCT050015-15,0.0080,0.16,no
2026-10-05T04:13:43.14796Z,KXBTC15M-26OCT050015-15,0.0090,101.83,yes
2026-10-05T04:13:43.148378Z,KXBTC15M-26OCT050015-15,0.0080,500.00,no
2026-10-05T04:13:43.148378Z,KXBTC15M-26OCT050015-15,0.0080,500.00,no
2026-10-05T04:13:43.148378Z,KXBTC15M-26OCT050015-15,0.0080,114.98,no
2026-10-05T04:13:43.148378Z,KXBTC15M-26OCT050015-15,0.0070,114.98,no
2026-10-05T04:13:43.148378Z,KXBTC15M-26OCT050015-15,0.0080,824.03,no
2026-10-05T04:13:43.148378Z,KXBTC15M-26OCT050015-15,0.0060,20.00,no
2026-10-05T04:13:43.148378Z,KXBTC15M-26OCT050015-15,0.0070,17.00,no
2026-10-05T04:13:43.148378Z,KXBTC15M-26OCT050015-15,0.0050,933.07,no
2026-10-05T04:13:43.148378Z,KXBTC15M-26OCT050015-15,0.0050,2000.00,no
2026-10-05T04:13:43.182334Z,KXBTC15M-26OCT050015-15,0.0070,5.00,no
2026-10-05T04:13:43.182334Z,KXBTC15M-26OCT050015-15,0.0070,17.00,no
2026-10-05T04:13:43.190716Z,KXBTC15M-26OCT050015-15,0.0080,0.01,yes
2026-10-05T04:13:43.190716Z,KXBTC15M-26OCT050015-15,0.0080,15.00,yes
2026-10-05T04:13:43.190716Z,KXBTC15M-26OCT050015-15,0.0080,0.01,yes
2026-10-05T04:13:43.190716Z,KXBTC15M-26OCT050015-15,0.0090,155.77,yes
2026-10-05T04:13:43.190716Z,KXBTC15M-26OCT050015-15,0.0080,15.00,yes
2026-10-05T04:13:43.190716Z,KXBTC15M-26OCT050015-15,0.0090,0.01,yes
2026-10-05T04:13:43.190716Z,KXBTC15M-26OCT050015-15,0.0090,0.01,yes
2026-10-05T04:13:43.190716Z,KXBTC15M-26OCT050015-15,0.0090,22.00,yes
2026-10-05T04:13:43.197062Z,KXBTC15M-26OCT050015-15,0.0080,11.00,no
2026-10-05T04:13:43.197438Z,KXBTC15M-26OCT050015-15,0.0090,8.38,yes
2026-10-05T04:13:43.207441Z,KXBTC15M-26OCT050015-15,0.0090,10.21,yes
2026-10-05T04:13:43.222938Z,KXBTC15M-26OCT050015-15,0.0080,54.00,no
2026-10-05T04:13:43.236716Z,KXBTC15M-26OCT050015-15,0.0080,28.00,no
2026-10-05T04:13:43.253591Z,KXBTC15M-26OCT050015-15,0.0080,0.01,no
2026-10-05T04:13:43.253591Z,KXBTC15M-26OCT050015-15,0.0080,57.00,no
2026-10-05T04:13:43.253591Z,KXBTC15M-26OCT050015-15,0.0080,0.01,no
2026-10-05T04:13:43.253591Z,KXBTC15M-26OCT050015-15,0.0080,17.00,no
2026-10-05T04:13:43.253591Z,KXBTC15M-26OCT050015-15,0.0080,23.59,no
2026-10-05T04:13:43.2681Z,KXBTC15M-26OCT050015-15,0.0080,15.00,no
2026-10-05T04:13:43.277852Z,KXBTC15M-26OCT050015-15,0.0090,34.57,yes
2026-10-05T04:13:43.281817Z,KXBTC15M-26OCT050015-15,0.0090,36.49,yes
2026-10-05T04:13:43.283758Z,KXBTC15M-26OCT050015-15,0.0080,2.00,no
2026-10-05T04:13:43.296525Z,KXBTC15M-26OCT050015-15,0.0080,37.00,no
2026-10-05T04:13:43.312048Z,KXBTC15M-26OCT050015-15,0.0080,11.76,no
2026-10-05T04:13:43.312048Z,KXBTC15M-26OCT050015-15,0.0080,114.24,no
2026-10-05T04:13:43.315227Z,KXBTC15M-26OCT050015-15,0.0080,25.32,no
2026-10-05T04:13:43.317595Z,KXBTC15M-26OCT050015-15,0.0090,124.10,yes
2026-10-05T04:13:43.329223Z,KXBTC15M-26OCT050015-15,0.0070,15.00,no
2026-10-05T04:13:43.329223Z,KXBTC15M-26OCT050015-15,0.0080,0.01,no
2026-10-05T04:13:43.329223Z,KXBTC15M-26OCT050015-15,0.0070,15.00,no
2026-10-05T04:13:43.329223Z,KXBTC15M-26OCT050015-15,0.0080,10.44,no
2026-10-05T04:13:43.329223Z,KXBTC15M-26OCT050015-15,0.0080,0.01,no
2026-10-05T04:13:43.329223Z,KXBTC15M-26OCT050015-15,0.0070,17.00,no
2026-10-05T04:13:43.329223Z,KXBTC15M-26OCT050015-15,0.0060,43.00,no
2026-10-05T04:13:43.331606Z,KXBTC15M-26OCT050015-15,0.0060,225.85,yes
2026-10-05T04:13:43.331606Z,KXBTC15M-26OCT050015-15,0.0090,293.67,yes
2026-10-05T04:13:43.348743Z,KXBTC15M-26OCT050015-15,0.0090,41.19,yes
2026-10-05T04:13:43.35042Z,KXBTC15M-26OCT050015-15,0.0060,50.00,no
2026-10-05T04:13:43.368422Z,KXBTC15M-26OCT050015-15,0.0060,1.00,no
2026-10-05T04:13:43.387155Z,KXBTC15M-26OCT050015-15,0.0060,5.08,no
2026-10-05T04:13:43.392308Z,KXBTC15M-26OCT050015-15,0.0080,0.01,yes
2026-10-05T04:13:43.392308Z,KXBTC15M-26OCT050015-15,0.0090,24.98,yes
2026-10-05T04:13:43.392308Z,KXBTC15M-26OCT050015-15,0.0080,0.01,yes
2026-10-05T04:13:43.39399Z,KXBTC15M-26OCT050015-15,0.0090,21.72,yes
2026-10-05T04:13:43.402533Z,KXBTC15M-26OCT050015-15,0.0080,33.00,no
2026-10-05T04:13:43.420803Z,KXBTC15M-26OCT050015-15,0.0080,82.00,no
2026-10-05T04:13:43.427599Z,KXBTC15M-26OCT050015-15,0.0080,28.43,no
2026-10-05T04:13:43.428022Z,KXBTC15M-26OCT050015-15,0.0090,46.51,yes
2026-10-05T04:13:43.441106Z,KXBTC15M-26OCT050015-15,0.0080,6.57,no
2026-10-05T04:13:43.441106Z,KXBTC15M-26OCT050015-15,0.0080,0.01,no
2026-10-05T04:13:43.441106Z,KXBTC15M-26OCT050015-15,0.0060,10.92,no
2026-10-05T04:13:43.441106Z,KXBTC15M-26OCT050015-15,0.0060,20.00,no
2026-10-05T04:13:43.441106Z,KXBTC15M-26OCT050015-15,0.0060,0.01,no
2026-10-05T04:13:43.459531Z,KXBTC15M-26OCT050015-15,0.0050,55.46,no
2026-10-05T04:13:43.469714Z,KXBTC15M-26OCT050015-15,0.0060,21.46,yes
2026-10-05T04:13:43.47239Z,KXBTC15M-26OCT050015-15,0.0060,51.95,yes
2026-10-05T04:13:43.487377Z,KXBTC15M-26OCT050015-15,0.0060,123.90,yes
2026-10-05T04:13:43.487377Z,KXBTC15M-26OCT050015-15,0.0060,101.08,yes
2026-10-05T04:13:43.487377Z,KXBTC15M-26OCT050015-15,0.0060,0.01,yes
2026-10-05T04:13:43.487377Z,KXBTC15M-26OCT050015-15,0.0060,0.01,yes
2026-10-05T04:13:43.506155Z,KXBTC15M-26OCT050015-15,0.0060,19.00,yes
2026-10-05T04:13:43.5249Z,KXBTC15M-26OCT050015-15,0.0060,72.10,yes
2026-10-05T04:13:43.5249Z,KXBTC15M-26OCT050015-15,0.0060,4.43,yes
2026-10-05T04:13:43.530525Z,KXBTC15M-26OCT050015-15,0.0060,10.39,yes
2026-10-05T04:13:43.541977Z,KXBTC15M-26OCT050015-15,0.0050,7.85,no
2026-10-05T04:13:43.549452Z,KXBTC15M-26OCT050015-15,0.0050,1003.62,no
2026-10-05T04:13:43.549452Z,KXBTC15M-26OCT050015-15,0.0050,145.65,no
2026-10-05T04:13:43.567157Z,KXBTC15M-26OCT050015-15,0.0060,82.00,yes
2026-10-05T04:13:43.567157Z,KXBTC15M-26OCT050015-15,0.0060,18.18,yes
2026-10-05T04:13:43.567157Z,KXBTC15M-26OCT050015-15,0.0090,156.01,yes
2026-10-05T04:13:43.567157Z,KXBTC15M-26OCT050015-15,0.0070,200.00,yes
2026-10-05T04:13:43.567157Z,KXBTC15M-26OCT050015-15,0.0060,7.85,yes
2026-10-05T04:13:43.567157Z,KXBTC15M-26OCT050015-15,0.0060,55.46,yes
2026-10-05T04:13:43.567157Z,KXBTC15M-26OCT050015-15,0.0060,0.01,yes
2026-10-05T04:13:43.567157Z,KXBTC15M-26OCT050015-15,0.0060,0.01,yes
2026-10-05T04:13:43.593292Z,KXBTC15M-26OCT050015-15,0.0080,5.00,yes
2026-10-05T04:13:43.6267Z,KXBTC15M-26OCT050015-15,0.0080,24.85,yes
2026-10-05T04:13:43.671659Z,KXBTC15M-26OCT050015-15,0.0080,207.81,yes
2026-10-05T04:13:43.686634Z,KXBTC15M-26OCT050015-15,0.0070,16.00,no
2026-10-05T04:13:43.686634Z,KXBTC15M-26OCT050015-15,0.0070,17.00,no
2026-10-05T04:13:43.707834Z,KXBTC15M-26OCT050015-15,0.0080,51.95,yes
2026-10-05T04:13:43.715516Z,KXBTC15M-26OCT050015-15,0.0070,100.00,no
2026-10-05T04:13:43.718482Z,KXBTC15M-26OCT050015-15,0.0070,0.01,no
2026-10-05T04:13:43.718482Z,KXBTC15M-26OCT050015-15,0.0070,34.00,no
2026-10-05T04:13:43.718482Z,KXBTC15M-26OCT050015-15,0.0070,0.01,no
2026-10-05T04:13:43.718482Z,KXBTC15M-26OCT050015-15,0.0070,111.48,no
2026-10-05T04:13:43.732397Z,KXBTC15M-26OCT050015-15,0.0060,980.00,no
2026-10-05T04:13:43.732397Z,KXBTC15M-26OCT050015-15,0.0060,20.00,no
2026-10-05T04:13:43.755846Z,KXBTC15M-26OCT050015-15,0.0070,0.01,yes
2026-10-05T04:13:43.755846Z,KXBTC15M-26OCT050015-15,0.0070,200.00,yes
2026-10-05T04:13:43.755846Z,KXBTC15M-26OCT050015-15,0.0070,122.48,yes
2026-10-05T04:13:43.755846Z,KXBTC15M-26OCT050015-15,0.0070,0.01,yes
2026-10-05T04:13:43.755846Z,KXBTC15M-26OCT050015-15,0.0070,15.00,yes
2026-10-05T04:13:43.755846Z,KXBTC15M-26OCT050015-15,0.0070,104.50,yes
2026-10-05T04:13:43.829848Z,KXBTC15M-26OCT050015-15,0.0060,75.00,no
2026-10-05T04:13:43.848407Z,KXBTC15M-26OCT050015-15,0.0070,180.65,yes
2026-10-05T04:13:43.858226Z,KXBTC15M-26OCT050015-15,0.0060,0.02,no
2026-10-05T04:13:43.859171Z,KXBTC15M-26OCT050015-15,0.0060,0.02,no
2026-10-05T04:13:43.891156Z,KXBTC15M-26OCT050015-15,0.0070,648.87,yes
2026-10-05T04:13:43.891156Z,KXBTC15M-26OCT050015-15,0.0070,351.13,yes
2026-10-05T04:13:43.920617Z,KXBTC15M-26OCT050015-15,0.0060,0.02,no
2026-10-05T04:13:43.934271Z,KXBTC15M-26OCT050015-15,0.0060,0.02,no
2026-10-05T04:13:43.977451Z,KXBTC15M-26OCT050015-15,0.0070,9.26,yes
2026-10-05T04:13:44.005131Z,KXBTC15M-26OCT050015-15,0.0060,74.92,no
2026-10-05T04:13:44.005131Z,KXBTC15M-26OCT050015-15,0.0060,16.07,no
2026-10-05T04:13:44.005131Z,KXBTC15M-26OCT050015-15,0.0060,0.01,no
2026-10-05T04:13:44.006436Z,KXBTC15M-26OCT050015-15,0.0070,103.91,yes
2026-10-05T04:13:44.012453Z,KXBTC15M-26OCT050015-15,0.0070,0.01,yes
2026-10-05T04:13:44.012453Z,KXBTC15M-26OCT050015-15,0.0070,0.01,yes
2026-10-05T04:13:44.012453Z,KXBTC15M-26OCT050015-15,0.0070,200.00,yes
2026-10-05T04:13:44.012453Z,KXBTC15M-26OCT050015-15,0.0070,552.00,yes
2026-10-05T04:13:44.012453Z,KXBTC15M-26OCT050015-15,0.0070,35.70,yes
2026-10-05T04:13:44.012453Z,KXBTC15M-26OCT050015-15,0.0070,212.28,yes
2026-10-05T04:13:44.020704Z,KXBTC15M-26OCT050015-15,0.0070,193.23,yes
2026-10-05T04:13:44.020937Z,KXBTC15M-26OCT050015-15,0.0070,371.51,yes
2026-10-05T04:13:44.020937Z,KXBTC15M-26OCT050015-15,0.0070,100.00,yes
2026-10-05T04:13:44.020937Z,KXBTC15M-26OCT050015-15,0.0070,400.00,yes
2026-10-05T04:13:44.020937Z,KXBTC15M-26OCT050015-15,0.0070,94.49,yes
2026-10-05T04:13:44.062373Z,KXBTC15M-26OCT050015-15,0.0070,64.65,yes
2026-10-05T04:13:44.066068Z,KXBTC15M-26OCT050015-15,0.0060,0.01,no
2026-10-05T04:13:44.066068Z,KXBTC15M-26OCT050015-15,0.0060,13.19,no
2026-10-05T04:13:44.066068Z,KXBTC15M-26OCT050015-15,0.0060,3.93,no
2026-10-05T04:13:44.066068Z,KXBTC15M-26OCT050015-15,0.0060,0.01,no
2026-10-05T04:13:44.066068Z,KXBTC15M-26OCT050015-15,0.0060,15.00,no
2026-10-05T04:13:44.07972Z,KXBTC15M-26OCT050015-15,0.0060,5.00,no
2026-10-05T04:13:44.07972Z,KXBTC15M-26OCT050015-15,0.0060,2.88,no
2026-10-05T04:13:44.081144Z,KXBTC15M-26OCT050015-15,0.0060,0.01,no
2026-10-05T04:13:44.081144Z,KXBTC15M-26OCT050015-15,0.0060,17.12,no
2026-10-05T04:13:44.081144Z,KXBTC15M-26OCT050015-15,0.0060,145.00,no
2026-10-05T04:13:44.081144Z,KXBTC15M-26OCT050015-15,0.0060,0.01,no
2026-10-05T04:13:44.081144Z,KXBTC15M-26OCT050015-15,0.0050,1812.36,no
2026-10-05T04:13:44.089234Z,KXBTC15M-26OCT050015-15,0.0070,24.59,yes
2026-10-05T04:13:44.153753Z,KXBTC15M-26OCT050015-15,0.0060,15.00,yes
2026-10-05T04:13:44.153753Z,KXBTC15M-26OCT050015-15,0.0060,590.99,yes
2026-10-05T04:13:44.153753Z,KXBTC15M-26OCT050015-15,0.0060,0.01,yes
2026-10-05T04:13:44.153753Z,KXBTC15M-26OCT050015-15,0.0060,100.00,yes
2026-10-05T04:13:44.153753Z,KXBTC15M-26OCT050015-15,0.0060,38.00,yes
2026-10-05T04:13:44.170713Z,KXBTC15M-26OCT050015-15,0.0060,0.97,yes
2026-10-05T04:13:44.181452Z,KXBTC15M-26OCT050015-15,0.0060,82.85,yes
2026-10-05T04:13:44.183506Z,KXBTC15M-26OCT050015-15,0.0050,41.99,no
2026-10-05T04:13:44.183506Z,KXBTC15M-26OCT050015-15,0.0050,1927.21,no
2026-10-05T04:13:44.190564Z,KXBTC15M-26OCT050015-15,0.0050,79.13,no
2026-10-05T04:13:44.190564Z,KXBTC15M-26OCT050015-15,0.0050,72.79,no
2026-10-05T04:13:44.202713Z,KXBTC15M-26OCT050015-15,0.0060,129.05,yes
2026-10-05T04:13:44.228474Z,KXBTC15M-26OCT050015-15,0.0050,24.71,no
2026-10-05T04:13:44.240604Z,KXBTC15M-26OCT050015-15,0.0060,50.00,yes
2026-10-05T04:13:44.245602Z,KXBTC15M-26OCT050015-15,0.0050,11.00,no
2026-10-05T04:13:44.245602Z,KXBTC15M-26OCT050015-15,0.0050,1024.00,no
2026-10-05T04:13:44.245602Z,KXBTC15M-26OCT050015-15,0.0050,16.16,no
2026-10-05T04:13:44.246353Z,KXBTC15M-26OCT050015-15,0.0060,133.58,yes
2026-10-05T04:13:44.256918Z,KXBTC15M-26OCT050015-15,0.0060,824.92,yes
2026-10-05T04:13:44.256918Z,KXBTC15M-26OCT050015-15,0.0060,175.08,yes
2026-10-05T04:13:44.257045Z,KXBTC15M-26OCT050015-15,0.0060,5.00,yes
2026-10-05T04:13:44.282654Z,KXBTC15M-26OCT050015-15,0.0060,103.91,yes
2026-10-05T04:13:44.283685Z,KXBTC15M-26OCT050015-15,0.0060,116.01,yes
2026-10-05T04:13:44.283685Z,KXBTC15M-26OCT050015-15,0.0060,459.79,yes
2026-10-05T04:13:44.289487Z,KXBTC15M-26OCT050015-15,0.0060,2.28,yes
2026-10-05T04:13:44.297526Z,KXBTC15M-26OCT050015-15,0.0060,0.01,yes
2026-10-05T04:13:44.297526Z,KXBTC15M-26OCT050015-15,0.0060,22.27,yes
2026-10-05T04:13:44.297526Z,KXBTC15M-26OCT050015-15,0.0060,424.46,yes
2026-10-05T04:13:44.297526Z,KXBTC15M-26OCT050015-15,0.0060,100.00,yes
2026-10-05T04:13:44.297526Z,KXBTC15M-26OCT050015-15,0.0060,79.13,yes
2026-10-05T04:13:44.297526Z,KXBTC15M-26OCT050015-15,0.0060,41.99,yes
2026-10-05T04:13:44.297526Z,KXBTC15M-26OCT050015-15,0.0060,0.01,yes
2026-10-05T04:13:44.363433Z,KXBTC15M-26OCT050015-15,0.0050,74.54,no
2026-10-05T04:13:44.363433Z,KXBTC15M-26OCT050015-15,0.0050,58.00,no
2026-10-05T04:13:44.363433Z,KXBTC15M-26OCT050015-15,0.0050,58.00,no
2026-10-05T04:13:44.363433Z,KXBTC15M-26OCT050015-15,0.0050,124.00,no
2026-10-05T04:13:44.363433Z,KXBTC15M-26OCT050015-15,0.0050,124.00,no
2026-10-05T04:13:44.371179Z,KXBTC15M-26OCT050015-15,0.0060,133.58,yes
2026-10-05T04:13:44.374076Z,KXBTC15M-26OCT050015-15,0.0050,50.00,no
2026-10-05T04:13:44.374076Z,KXBTC15M-26OCT050015-15,0.0050,49.46,no
2026-10-05T04:13:44.374076Z,KXBTC15M-26OCT050015-15,0.0050,0.01,no
2026-10-05T04:13:44.374076Z,KXBTC15M-26OCT050015-15,0.0050,100.00,no
2026-10-05T04:13:44.374076Z,KXBTC15M-26OCT050015-15,0.0050,90.00,no
2026-10-05T04:13:44.374076Z,KXBTC15M-26OCT050015-15,0.0050,100.00,no
2026-10-05T04:13:44.374076Z,KXBTC15M-26OCT050015-15,0.0050,100.00,no
2026-10-05T04:13:44.374076Z,KXBTC15M-26OCT050015-15,0.0050,50.00,no
2026-10-05T04:13:44.374076Z,KXBTC15M-26OCT050015-15,0.0050,50.00,no
2026-10-05T04:13:44.374076Z,KXBTC15M-26OCT050015-15,0.0050,90.00,no
2026-10-05T04:13:44.374076Z,KXBTC15M-26OCT050015-15,0.0050,5.00,no
2026-10-05T04:13:44.374076Z,KXBTC15M-26OCT050015-15,0.0050,50.00,no
2026-10-05T04:13:44.374076Z,KXBTC15M-26OCT050015-15,0.0050,90.00,no
2026-10-05T04:13:44.374076Z,KXBTC15M-26OCT050015-15,0.0050,50.00,no
2026-10-05T04:13:44.416284Z,KXBTC15M-26OCT050015-15,0.0060,267.15,yes
2026-10-05T04:13:44.43247Z,KXBTC15M-26OCT050015-15,0.0050,85.45,no
2026-10-05T04:13:44.43247Z,KXBTC15M-26OCT050015-15,0.0050,50.00,no
2026-10-05T04:13:44.43247Z,KXBTC15M-26OCT050015-15,0.0050,90.00,no
2026-10-05T04:13:44.43247Z,KXBTC15M-26OCT050015-15,0.0050,90.00,no
2026-10-05T04:13:44.43247Z,KXBTC15M-26OCT050015-15,0.0050,35.00,no
2026-10-05T04:13:44.43247Z,KXBTC15M-26OCT050015-15,0.0050,50.00,no
2026-10-05T04:13:44.43247Z,KXBTC15M-26OCT050015-15,0.0050,100.00,no
2026-10-05T04:13:44.43247Z,KXBTC15M-26OCT050015-15,0.0050,90.00,no
2026-10-05T04:13:44.43247Z,KXBTC15M-26OCT050015-15,0.0050,100.00,no
2026-10-05T04:13:44.43247Z,KXBTC15M-26OCT050015-15,0.0050,50.00,no
2026-10-05T04:13:44.43247Z,KXBTC15M-26OCT050015-15,0.0050,50.00,no
2026-10-05T04:13:44.43247Z,KXBTC15M-26OCT050015-15,0.0050,50.00,no
2026-10-05T04:13:44.43247Z,KXBTC15M-26OCT050015-15,0.0050,90.00,no
2026-10-05T04:13:44.43247Z,KXBTC15M-26OCT050015-15,0.0050,100.00,no
2026-10-05T04:13:44.43247Z,KXBTC15M-26OCT050015-15,0.0050,100.00,no
2026-10-05T04:13:44.43247Z,KXBTC15M-26OCT050015-15,0.0050,50.00,no
2026-10-05T04:13:44.43247Z,KXBTC15M-26OCT050015-15,0.0050,35.00,no
2026-10-05T04:13:44.43247Z,KXBTC15M-26OCT050015-15,0.0050,180.00,no
2026-10-05T04:13:44.43247Z,KXBTC15M-26OCT050015-15,0.0050,50.00,no
2026-10-05T04:13:44.43247Z,KXBTC15M-26OCT050015-15,0.0050,90.00,no
2026-10-05T04:13:44.43247Z,KXBTC15M-26OCT050015-15,0.0050,50.00,no
2026-10-05T04:13:44.43247Z,KXBTC15M-26OCT050015-15,0.0050,90.00,no
2026-10-05T04:13:44.43247Z,KXBTC15M-26OCT050015-15,0.0050,50.00,no
2026-10-05T04:13:44.43247Z,KXBTC15M-26OCT050015-15,0.0050,100.00,no
2026-10-05T04:13:44.43247Z,KXBTC15M-26OCT050015-15,0.0050,50.00,no
2026-10-05T04:13:44.43247Z,KXBTC15M-26OCT050015-15,0.0050,50.00,no
2026-10-05T04:13:44.43247Z,KXBTC15M-26OCT050015-15,0.0050,90.00,no
2026-10-05T04:13:44.43247Z,KXBTC15M-26OCT050015-15,0.0050,50.00,no
2026-10-05T04:13:44.43247Z,KXBTC15M-26OCT050015-15,0.0050,90.00,no
2026-10-05T04:13:44.43247Z,KXBTC15M-26OCT050015-15,0.0050,50.00,no
2026-10-05T04:13:44.43247Z,KXBTC15M-26OCT050015-15,0.0050,100.00,no
2026-10-05T04:13:44.43247Z,KXBTC15M-26OCT050015-15,0.0050,90.00,no
2026-10-05T04:13:44.43247Z,KXBTC15M-26OCT050015-15,0.0050,90.00,no
2026-10-05T04:13:44.43247Z,KXBTC15M-26OCT050015-15,0.0050,100.00,no
2026-10-05T04:13:44.43247Z,KXBTC15M-26OCT050015-15,0.0050,50.00,no
2026-10-05T04:13:44.43247Z,KXBTC15M-26OCT050015-15,0.0050,50.00,no
2026-10-05T04:13:44.43247Z,KXBTC15M-26OCT050015-15,0.0050,100.00,no
2026-10-05T04:13:44.43247Z,KXBTC15M-26OCT050015-15,0.0050,90.00,no
2026-10-05T04:13:44.43247Z,KXBTC15M-26OCT050015-15,0.0050,90.00,no
2026-10-05T04:13:44.43247Z,KXBTC15M-26OCT050015-15,0.0050,49.99,no
2026-10-05T04:13:44.43247Z,KXBTC15M-26OCT050015-15,0.0050,100.00,no
2026-10-05T04:13:44.43247Z,KXBTC15M-26OCT050015-15,0.0050,90.00,no
2026-10-05T04:13:44.437752Z,KXBTC15M-26OCT050015-15,0.0050,7.03,no
2026-10-05T04:13:44.456311Z,KXBTC15M-26OCT050015-15,0.0060,22.34,yes
2026-10-05T04:13:44.475073Z,KXBTC15M-26OCT050015-15,0.0060,908.18,yes
2026-10-05T04:13:44.503597Z,KXBTC15M-26OCT050015-15,0.0060,21.88,yes
2026-10-05T04:13:44.527303Z,KXBTC15M-26OCT050015-15,0.0050,2.25,no
2026-10-05T04:13:44.561356Z,KXBTC15M-26OCT050015-15,0.0060,106.00,yes
2026-10-05T04:13:44.575768Z,KXBTC15M-26OCT050015-15,0.0060,1.03,yes
2026-10-05T04:13:44.593471Z,KXBTC15M-26OCT050015-15,0.0060,7.30,yes
2026-10-05T04:13:44.617393Z,KXBTC15M-26OCT050015-15,0.0060,6.47,yes
2026-10-05T04:13:44.64226Z,KXBTC15M-26OCT050015-15,0.0060,15.60,yes
2026-10-05T04:13:44.667196Z,KXBTC15M-26OCT050015-15,0.0060,5.55,yes
2026-10-05T04:13:44.700107Z,KXBTC15M-26OCT050015-15,0.0050,5.00,no
2026-10-05T04:13:44.701942Z,KXBTC15M-26OCT050015-15,0.0060,7.67,yes
2026-10-05T04:13:44.701942Z,KXBTC15M-26OCT050015-15,0.0060,1.99,yes
2026-10-05T04:13:44.713131Z,KXBTC15M-26OCT050015-15,0.0050,90.00,no
2026-10-05T04:13:44.713131Z,KXBTC15M-26OCT050015-15,0.0050,50.00,no
2026-10-05T04:13:44.713131Z,KXBTC15M-26OCT050015-15,0.0050,90.00,no
2026-10-05T04:13:44.713131Z,KXBTC15M-26OCT050015-15,0.0050,100.00,no
2026-10-05T04:13:44.713131Z,KXBTC15M-26OCT050015-15,0.0050,100.00,no
2026-10-05T04:13:44.713131Z,KXBTC15M-26OCT050015-15,0.0050,50.00,no
2026-10-05T04:13:44.713131Z,KXBTC15M-26OCT050015-15,0.0050,0.27,no
2026-10-05T04:13:44.713131Z,KXBTC15M-26OCT050015-15,0.0050,87.94,no
2026-10-05T04:13:44.721737Z,KXBTC15M-26OCT050015-15,0.0060,323.66,yes
2026-10-05T04:13:44.721737Z,KXBTC15M-26OCT050015-15,0.0060,22.72,yes
2026-10-05T04:13:44.721737Z,KXBTC15M-26OCT050015-15,0.0060,72.79,yes
2026-10-05T04:13:44.869518Z,KXBTC15M-26OCT050015-15,0.0060,3.04,yes
2026-10-05T04:13:44.915302Z,KXBTC15M-26OCT050015-15,0.0060,557.50,yes
2026-10-05T04:13:44.927437Z,KXBTC15M-26OCT050015-15,0.0050,100.00,no
2026-10-05T04:13:44.927437Z,KXBTC15M-26OCT050015-15,0.0050,50.00,no
2026-10-05T04:13:44.927437Z,KXBTC15M-26OCT050015-15,0.0050,50.00,no
2026-10-05T04:13:44.927437Z,KXBTC15M-26OCT050015-15,0.0050,98.16,no
2026-10-05T04:13:44.927437Z,KXBTC15M-26OCT050015-15,0.0050,180.00,no
2026-10-05T04:13:44.927437Z,KXBTC15M-26OCT050015-15,0.0050,12.06,no
2026-10-05T04:13:44.956339Z,KXBTC15M-26OCT050015-15,0.0060,0.02,yes
2026-10-05T04:13:45.026934Z,KXBTC15M-26OCT050015-15,0.0050,95.16,no
2026-10-05T04:13:45.026934Z,KXBTC15M-26OCT050015-15,0.0050,50.00,no
2026-10-05T04:13:45.026934Z,KXBTC15M-26OCT050015-15,0.0050,81.84,no
2026-10-05T04:13:45.067111Z,KXBTC15M-26OCT050015-15,0.0050,0.18,no
2026-10-05T04:13:45.067111Z,KXBTC15M-26OCT050015-15,0.0050,4.84,no
2026-10-05T04:13:45.111173Z,KXBTC15M-26OCT050015-15,0.0050,61.11,no
2026-10-05T04:13:45.111173Z,KXBTC15M-26OCT050015-15,0.0050,90.00,no
2026-10-05T04:13:45.111173Z,KXBTC15M-26OCT050015-15,0.0050,49.82,no
2026-10-05T04:13:45.126284Z,KXBTC15M-26OCT050015-15,0.0050,28.89,no
2026-10-05T04:13:45.126284Z,KXBTC15M-26OCT050015-15,0.0050,25.17,no
2026-10-05T04:13:45.174379Z,KXBTC15M-26OCT050015-15,0.0060,12.93,yes
2026-10-05T04:13:45.174379Z,KXBTC15M-26OCT050015-15,0.0060,139.78,yes
2026-10-05T04:13:45.186581Z,KXBTC15M-26OCT050015-15,0.0050,1.00,no
2026-10-05T04:13:45.210118Z,KXBTC15M-26OCT050015-15,0.0060,23.75,yes
2026-10-05T04:13:45.210118Z,KXBTC15M-26OCT050015-15,0.0060,3.23,yes
2026-10-05T04:13:45.22428Z,KXBTC15M-26OCT050015-15,0.0060,37.00,yes
2026-10-05T04:13:45.312059Z,KXBTC15M-26OCT050015-15,0.0060,5.55,yes
2026-10-05T04:13:45.33154Z,KXBTC15M-26OCT050015-15,0.0050,0.01,no
2026-10-05T04:13:45.33154Z,KXBTC15M-26OCT050015-15,0.0050,0.01,no
2026-10-05T04:13:45.33154Z,KXBTC15M-26OCT050015-15,0.0050,500.00,no
2026-10-05T04:13:45.33154Z,KXBTC15M-26OCT050015-15,0.0050,22.00,no
2026-10-05T04:13:45.33154Z,KXBTC15M-26OCT050015-15,0.0050,169.19,no
2026-10-05T04:13:45.33154Z,KXBTC15M-26OCT050015-15,0.0050,500.00,no
2026-10-05T04:13:45.33154Z,KXBTC15M-26OCT050015-15,0.0050,15.00,no
2026-10-05T04:13:45.33154Z,KXBTC15M-26OCT050015-15,0.0050,50.00,no
2026-10-05T04:13:45.33154Z,KXBTC15M-26OCT050015-15,0.0050,90.00,no
2026-10-05T04:13:45.33154Z,KXBTC15M-26OCT050015-15,0.0050,50.00,no
2026-10-05T04:13:45.33154Z,KXBTC15M-26OCT050015-15,0.0050,15.00,no
2026-10-05T04:13:45.33154Z,KXBTC15M-26OCT050015-15,0.0050,90.00,no
2026-10-05T04:13:45.33154Z,KXBTC15M-26OCT050015-15,0.0050,90.00,no
2026-10-05T04:13:45.33154Z,KXBTC15M-26OCT050015-15,0.0050,100.00,no
2026-10-05T04:13:45.33154Z,KXBTC15M-26OCT050015-15,0.0050,50.00,no
2026-10-05T04:13:45.33154Z,KXBTC15M-26OCT050015-15,0.0050,50.00,no
2026-10-05T04:13:45.33154Z,KXBTC15M-26OCT050015-15,0.0050,90.00,no
2026-10-05T04:13:45.33154Z,KXBTC15M-26OCT050015-15,0.0050,50.00,no
2026-10-05T04:13:45.33154Z,KXBTC15M-26OCT050015-15,0.0050,90.00,no
2026-10-05T04:13:45.33154Z,KXBTC15M-26OCT050015-15,0.0050,100.00,no
2026-10-05T04:13:45.33154Z,KXBTC15M-26OCT050015-15,0.0050,50.00,no
2026-10-05T04:13:45.33154Z,KXBTC15M-26OCT050015-15,0.0050,50.00,no
2026-10-05T04:13:45.33154Z,KXBTC15M-26OCT050015-15,0.0050,90.00,no
2026-10-05T04:13:45.33154Z,KXBTC15M-26OCT050015-15,0.0050,100.00,no
2026-10-05T04:13:45.33154Z,KXBTC15M-26OCT050015-15,0.0050,23.83,no
2026-10-05T04:13:45.33154Z,KXBTC15M-26OCT050015-15,0.0050,100.00,no
2026-10-05T04:13:45.33154Z,KXBTC15M-26OCT050015-15,0.0040,1800.00,no
2026-10-05T04:13:45.33154Z,KXBTC15M-26OCT050015-15,0.0040,1395.96,no
2026-10-05T04:13:45.354225Z,KXBTC15M-26OCT050015-15,0.0050,22.00,no
2026-10-05T04:13:45.354225Z,KXBTC15M-26OCT050015-15,0.0050,18.17,no
2026-10-05T04:13:45.354225Z,KXBTC15M-26OCT050015-15,0.0050,0.01,no
2026-10-05T04:13:45.36297Z,KXBTC15M-26OCT050015-15,0.0050,11.05,no
2026-10-05T04:13:45.380629Z,KXBTC15M-26OCT050015-15,0.0050,11.05,no
2026-10-05T04:13:45.4004Z,KXBTC15M-26OCT050015-15,0.0060,10.00,yes
2026-10-05T04:13:45.411705Z,KXBTC15M-26OCT050015-15,0.0050,4.90,no
2026-10-05T04:13:45.448742Z,KXBTC15M-26OCT050015-15,0.0060,13.20,yes
2026-10-05T04:13:45.448742Z,KXBTC15M-26OCT050015-15,0.0060,15.00,yes
2026-10-05T04:13:45.448742Z,KXBTC15M-26OCT050015-15,0.0060,0.01,yes
2026-10-05T04:13:45.448742Z,KXBTC15M-26OCT050015-15,0.0060,0.01,yes
2026-10-05T04:13:45.448742Z,KXBTC15M-26OCT050015-15,0.0060,0.08,yes
2026-10-05T04:13:45.448742Z,KXBTC15M-26OCT050015-15,0.0060,23.70,yes
2026-10-05T04:13:45.464764Z,KXBTC15M-26OCT050015-15,0.0050,17.10,no
2026-10-05T04:13:45.464764Z,KXBTC15M-26OCT050015-15,0.0050,23.10,no
2026-10-05T04:13:45.466806Z,KXBTC15M-26OCT050015-15,0.0060,152.71,yes
2026-10-05T04:13:45.485633Z,KXBTC15M-26OCT050015-15,0.0060,7.79,yes
2026-10-05T04:13:45.49456Z,KXBTC15M-26OCT050015-15,0.0060,152.71,yes
2026-10-05T04:13:45.49518Z,KXBTC15M-26OCT050015-15,0.0060,1069.55,yes
2026-10-05T04:13:45.49518Z,KXBTC15M-26OCT050015-15,0.0060,330.85,yes
2026-10-05T04:13:45.498014Z,KXBTC15M-26OCT050015-15,0.0060,750.98,yes
2026-10-05T04:13:45.526665Z,KXBTC15M-26OCT050015-15,0.0060,6.00,yes
2026-10-05T04:13:45.55218Z,KXBTC15M-26OCT050015-15,0.0060,12.00,yes
2026-10-05T04:13:45.583202Z,KXBTC15M-26OCT050015-15,0.0060,2.46,yes
2026-10-05T04:13:45.583915Z,KXBTC15M-26OCT050015-15,0.0060,311.64,yes
2026-10-05T04:13:45.631803Z,KXBTC15M-26OCT050015-15,0.0060,1.02,yes
2026-10-05T04:13:45.662562Z,KXBTC15M-26OCT050015-15,0.0060,152.71,yes
2026-10-05T04:13:45.67945Z,KXBTC15M-26OCT050015-15,0.0060,22.91,yes
2026-10-05T04:13:45.689307Z,KXBTC15M-26OCT050015-15,0.0060,209.43,yes
2026-10-05T04:13:45.689307Z,KXBTC15M-26OCT050015-15,0.0060,62.14,yes
2026-10-05T04:13:45.693384Z,KXBTC15M-26OCT050015-15,0.0050,204.39,no
2026-10-05T04:13:45.702262Z,KXBTC15M-26OCT050015-15,0.0060,15.15,yes
2026-10-05T04:13:45.709054Z,KXBTC15M-26OCT050015-15,0.0050,24.52,no
2026-10-05T04:13:45.730183Z,KXBTC15M-26OCT050015-15,0.0060,149.59,yes
2026-10-05T04:13:45.759696Z,KXBTC15M-26OCT050015-15,0.0060,161.07,yes
2026-10-05T04:13:45.830893Z,KXBTC15M-26OCT050015-15,0.0050,800.00,no
2026-10-05T04:13:45.843489Z,KXBTC15M-26OCT050015-15,0.0060,152.71,yes
2026-10-05T04:13:45.852408Z,KXBTC15M-26OCT050015-15,0.0060,152.71,yes
2026-10-05T04:13:45.861024Z,KXBTC15M-26OCT050015-15,0.0060,1.00,yes
2026-10-05T04:13:45.87059Z,KXBTC15M-26OCT050015-15,0.0060,1034.63,yes
2026-10-05T04:13:45.87059Z,KXBTC15M-26OCT050015-15,0.0060,165.77,yes
2026-10-05T04:13:45.87059Z,KXBTC15M-26OCT050015-15,0.0060,200.00,yes
2026-10-05T04:13:45.907664Z,KXBTC15M-26OCT050015-15,0.0050,0.11,no
2026-10-05T04:13:45.950976Z,KXBTC15M-26OCT050015-15,0.0060,334.23,yes
2026-10-05T04:13:45.950976Z,KXBTC15M-26OCT050015-15,0.0060,289.06,yes
2026-10-05T04:13:45.988966Z,KXBTC15M-26OCT050015-15,0.0060,13.73,yes
2026-10-05T04:13:46.025704Z,KXBTC15M-26OCT050015-15,0.0060,2.79,yes
2026-10-05T04:13:46.025704Z,KXBTC15M-26OCT050015-15,0.0060,197.21,yes
2026-10-05T04:13:46.095389Z,KXBTC15M-26OCT050015-15,0.0060,14.22,yes
2026-10-05T04:13:46.095389Z,KXBTC15M-26OCT050015-15,0.0060,97.21,yes
2026-10-05T04:13:46.095389Z,KXBTC15M-26OCT050015-15,0.0060,0.01,yes
2026-10-05T04:13:46.095389Z,KXBTC15M-26OCT050015-15,0.0060,0.01,yes
2026-10-05T04:13:46.168089Z,KXBTC15M-26OCT050015-15,0.0060,56.13,yes
2026-10-05T04:13:46.168089Z,KXBTC15M-26OCT050015-15,0.0060,0.78,yes
2026-10-05T04:13:46.168089Z,KXBTC15M-26OCT050015-15,0.0060,0.08,yes
2026-10-05T04:13:46.168089Z,KXBTC15M-26OCT050015-15,0.0060,200.00,yes
2026-10-05T04:13:46.169642Z,KXBTC15M-26OCT050015-15,0.0060,152.71,yes
2026-10-05T04:13:46.196279Z,KXBTC15M-26OCT050015-15,0.0060,154.08,yes
2026-10-05T04:13:46.196279Z,KXBTC15M-26OCT050015-15,0.0060,0.01,yes
2026-10-05T04:13:46.196279Z,KXBTC15M-26OCT050015-15,0.0060,509.44,yes
2026-10-05T04:13:46.196279Z,KXBTC15M-26OCT050015-15,0.0060,0.01,yes
2026-10-05T04:13:46.196279Z,KXBTC15M-26OCT050015-15,0.0060,100.00,yes
2026-10-05T04:13:46.196458Z,KXBTC15M-26OCT050015-15,0.0060,345.92,yes
2026-10-05T04:13:46.196458Z,KXBTC15M-26OCT050015-15,0.0060,200.00,yes
2026-10-05T04:13:46.196458Z,KXBTC15M-26OCT050015-15,0.0070,200.00,yes
2026-10-05T04:13:46.196458Z,KXBTC15M-26OCT050015-15,0.0080,0.09,yes
2026-10-05T04:13:46.196458Z,KXBTC15M-26OCT050015-15,0.0070,518.00,yes
2026-10-05T04:13:46.196458Z,KXBTC15M-26OCT050015-15,0.0070,54.00,yes
2026-10-05T04:13:46.196458Z,KXBTC15M-26OCT050015-15,0.0070,35.00,yes
2026-10-05T04:13:46.196458Z,KXBTC15M-26OCT050015-15,0.0070,0.08,yes
2026-10-05T04:13:46.196458Z,KXBTC15M-26OCT050015-15,0.0070,2.00,yes
2026-10-05T04:13:46.196458Z,KXBTC15M-26OCT050015-15,0.0080,1.00,yes
2026-10-05T04:13:46.196458Z,KXBTC15M-26OCT050015-15,0.0070,14.00,yes
2026-10-05T04:13:46.196458Z,KXBTC15M-26OCT050015-15,0.0090,418.27,yes
2026-10-05T04:13:46.196458Z,KXBTC15M-26OCT050015-15,0.0080,145.65,yes
2026-10-05T04:13:46.196458Z,KXBTC15M-26OCT050015-15,0.0080,1003.62,yes
2026-10-05T04:13:46.196458Z,KXBTC15M-26OCT050015-15,0.0070,169.25,yes
2026-10-05T04:13:46.196458Z,KXBTC15M-26OCT050015-15,0.0070,1.00,yes
2026-10-05T04:13:46.253131Z,KXBTC15M-26OCT050015-15,0.0060,15.00,yes
2026-10-05T04:13:46.253131Z,KXBTC15M-26OCT050015-15,0.0060,0.01,yes
2026-10-05T04:13:46.253131Z,KXBTC15M-26OCT050015-15,0.0060,0.01,yes
2026-10-05T04:13:46.253131Z,KXBTC15M-26OCT050015-15,0.0060,88.95,yes
2026-10-05T04:13:46.299209Z,KXBTC15M-26OCT050015-15,0.0050,4.79,no
2026-10-05T04:13:46.299209Z,KXBTC15M-26OCT050015-15,0.0050,0.01,no
2026-10-05T04:13:46.299209Z,KXBTC15M-26OCT050015-15,0.0050,0.01,no
2026-10-05T04:13:46.299209Z,KXBTC15M-26OCT050015-15,0.0050,7.19,no
2026-10-05T04:13:46.307325Z,KXBTC15M-26OCT050015-15,0.0060,0.01,yes
2026-10-05T04:13:46.307325Z,KXBTC15M-26OCT050015-15,0.0060,77.89,yes
2026-10-05T04:13:46.307325Z,KXBTC15M-26OCT050015-15,0.0060,0.01,yes
2026-10-05T04:13:46.41156Z,KXBTC15M-26OCT050015-15,0.0060,100.00,yes
2026-10-05T04:13:46.41156Z,KXBTC15M-26OCT050015-15,0.0060,0.01,yes
2026-10-05T04:13:46.41156Z,KXBTC15M-26OCT050015-15,0.0070,2.14,yes
2026-10-05T04:13:46.41156Z,KXBTC15M-26OCT050015-15,0.0060,0.01,yes
2026-10-05T04:13:46.456053Z,KXBTC15M-26OCT050015-15,0.0050,878.35,no
2026-10-05T04:13:46.456053Z,KXBTC15M-26OCT050015-15,0.0050,15.00,no
2026-10-05T04:13:46.456053Z,KXBTC15M-26OCT050015-15,0.0050,0.11,no
2026-10-05T04:13:46.456053Z,KXBTC15M-26OCT050015-15,0.0050,9.91,no
2026-10-05T04:13:46.458191Z,KXBTC15M-26OCT050015-15,0.0060,0.01,yes
2026-10-05T04:13:46.458191Z,KXBTC15M-26OCT050015-15,0.0060,0.01,yes
2026-10-05T04:13:46.458191Z,KXBTC15M-26OCT050015-15,0.0060,18.64,yes
2026-10-05T04:13:46.545405Z,KXBTC15M-26OCT050015-15,0.0050,0.01,no
2026-10-05T04:13:46.545405Z,KXBTC15M-26OCT050015-15,0.0050,11.98,no
2026-10-05T04:13:46.545405Z,KXBTC15M-26OCT050015-15,0.0050,500.00,no
2026-10-05T04:13:46.545405Z,KXBTC15M-26OCT050015-15,0.0050,500.00,no
2026-10-05T04:13:46.545405Z,KXBTC15M-26OCT050015-15,0.0050,15.00,no
2026-10-05T04:13:46.545405Z,KXBTC15M-26OCT050015-15,0.0050,0.01,no
2026-10-05T04:13:46.545405Z,KXBTC15M-26OCT050015-15,0.0050,2524.35,no
2026-10-05T04:13:46.545405Z,KXBTC15M-26OCT050015-15,0.0050,448.65,no
2026-10-05T04:13:46.551158Z,KXBTC15M-26OCT050015-15,0.0050,37.15,no
2026-10-05T04:13:46.561322Z,KXBTC15M-26OCT050015-15,0.0050,0.77,no
2026-10-05T04:13:46.56464Z,KXBTC15M-26OCT050015-15,0.0060,0.01,yes
2026-10-05T04:13:46.56464Z,KXBTC15M-26OCT050015-15,0.0060,152.69,yes
2026-10-05T04:13:46.56464Z,KXBTC15M-26OCT050015-15,0.0060,0.01,yes
2026-10-05T04:13:46.639936Z,KXBTC15M-26OCT050015-15,0.0060,15.58,yes
2026-10-05T04:13:46.645526Z,KXBTC15M-26OCT050015-15,0.0060,189.57,yes
2026-10-05T04:13:46.648223Z,KXBTC15M-26OCT050015-15,0.0060,100.00,yes
2026-10-05T04:13:46.648223Z,KXBTC15M-26OCT050015-15,0.0060,540.17,yes
2026-10-05T04:13:46.648223Z,KXBTC15M-26OCT050015-15,0.0060,174.16,yes
2026-10-05T04:13:46.648223Z,KXBTC15M-26OCT050015-15,0.0060,15.00,yes
2026-10-05T04:13:46.739282Z,KXBTC15M-26OCT050015-15,0.0050,0.01,no
2026-10-05T04:13:46.739282Z,KXBTC15M-26OCT050015-15,0.0050,0.01,no
2026-10-05T04:13:46.739282Z,KXBTC15M-26OCT050015-15,0.0050,0.77,no
2026-10-05T04:13:46.739282Z,KXBTC15M-26OCT050015-15,0.0050,9.25,no
2026-10-05T04:13:46.739282Z,KXBTC15M-26OCT050015-15,0.0050,15.00,no
2026-10-05T04:13:46.739282Z,KXBTC15M-26OCT050015-15,0.0050,11.98,no
2026-10-05T04:13:46.739282Z,KXBTC15M-26OCT050015-15,0.0040,287.20,no
2026-10-05T04:13:46.744205Z,KXBTC15M-26OCT050015-15,0.0040,116.84,no
2026-10-05T04:13:46.744205Z,KXBTC15M-26OCT050015-15,0.0040,854.16,no
2026-10-05T04:13:46.841347Z,KXBTC15M-26OCT050015-15,0.0060,152.71,yes
2026-10-05T04:13:46.859062Z,KXBTC15M-26OCT050015-15,0.0050,0.01,no
2026-10-05T04:13:46.859062Z,KXBTC15M-26OCT050015-15,0.0050,0.01,no
2026-10-05T04:13:46.859062Z,KXBTC15M-26OCT050015-15,0.0050,22.00,no
2026-10-05T04:13:46.859062Z,KXBTC15M-26OCT050015-15,0.0040,16.71,no
2026-10-05T04:13:46.859062Z,KXBTC15M-26OCT050015-15,0.0040,945.84,no
2026-10-05T04:13:46.871746Z,KXBTC15M-26OCT050015-15,0.0050,0.01,no
2026-10-05T04:13:46.871746Z,KXBTC15M-26OCT050015-15,0.0050,0.01,no
2026-10-05T04:13:46.871746Z,KXBTC15M-26OCT050015-15,0.0040,28.92,no
2026-10-05T04:13:46.878451Z,KXBTC15M-26OCT050015-15,0.0040,54.26,no
2026-10-05T04:13:46.878451Z,KXBTC15M-26OCT050015-15,0.0040,74.37,no
2026-10-05T04:13:46.919262Z,KXBTC15M-26OCT050015-15,0.0040,301.13,no
2026-10-05T04:13:46.997798Z,KXBTC15M-26OCT050015-15,0.0040,15.00,no
2026-10-05T04:13:46.997798Z,KXBTC15M-26OCT050015-15,0.0040,20.00,no
2026-10-05T04:13:46.997798Z,KXBTC15M-26OCT050015-15,0.0040,0.01,no
2026-10-05T04:13:46.997798Z,KXBTC15M-26OCT050015-15,0.0040,0.01,no
2026-10-05T04:13:46.997798Z,KXBTC15M-26OCT050015-15,0.0040,200.00,no
2026-10-05T04:13:46.997798Z,KXBTC15M-26OCT050015-15,0.0040,2.00,no
2026-10-05T04:13:46.997798Z,KXBTC15M-26OCT050015-15,0.0040,1.00,no
2026-10-05T04:13:46.997798Z,KXBTC15M-26OCT050015-15,0.0040,13.00,no
2026-10-05T04:13:46.997798Z,KXBTC15M-26OCT050015-15,0.0040,1.00,no
2026-10-05T04:13:46.997798Z,KXBTC15M-26OCT050015-15,0.0040,1.00,no
2026-10-05T04:13:46.997798Z,KXBTC15M-26OCT050015-15,0.0040,1.00,no
2026-10-05T04:13:46.997798Z,KXBTC15M-26OCT050015-15,0.0040,1.00,no
2026-10-05T04:13:46.997798Z,KXBTC15M-26OCT050015-15,0.0040,512.00,no
2026-10-05T04:13:46.997798Z,KXBTC15M-26OCT050015-15,0.0040,691.61,no
2026-10-05T04:13:47.066961Z,KXBTC15M-26OCT050015-15,0.0050,16.71,yes
2026-10-05T04:13:47.066961Z,KXBTC15M-26OCT050015-15,0.0050,298.43,yes
2026-10-05T04:13:47.10921Z,KXBTC15M-26OCT050015-15,0.0050,21.46,yes
2026-10-05T04:13:47.109315Z,KXBTC15M-26OCT050015-15,0.0050,9.14,yes
2026-10-05T04:13:47.149186Z,KXBTC15M-26OCT050015-15,0.0050,106.57,yes
2026-10-05T04:13:47.160987Z,KXBTC15M-26OCT050015-15,0.0050,50.00,yes
2026-10-05T04:13:47.168666Z,KXBTC15M-26OCT050015-15,0.0040,0.01,no
2026-10-05T04:13:47.168666Z,KXBTC15M-26OCT050015-15,0.0040,6.00,no
2026-10-05T04:13:47.168666Z,KXBTC15M-26OCT050015-15,0.0040,0.01,no
2026-10-05T04:13:47.19484Z,KXBTC15M-26OCT050015-15,0.0040,0.01,no
2026-10-05T04:13:47.19484Z,KXBTC15M-26OCT050015-15,0.0040,6.00,no
2026-10-05T04:13:47.19484Z,KXBTC15M-26OCT050015-15,0.0040,14.00,no
2026-10-05T04:13:47.19484Z,KXBTC15M-26OCT050015-15,0.0040,154.73,no
2026-10-05T04:13:47.19484Z,KXBTC15M-26OCT050015-15,0.0040,0.01,no
2026-10-05T04:13:47.196916Z,KXBTC15M-26OCT050015-15,0.0030,27.07,no
2026-10-05T04:13:47.227431Z,KXBTC15M-26OCT050015-15,0.0030,4.91,no
2026-10-05T04:13:47.316098Z,KXBTC15M-26OCT050015-15,0.0040,12.90,yes
2026-10-05T04:13:47.461317Z,KXBTC15M-26OCT050015-15,0.0040,0.01,yes
2026-10-05T04:13:47.461317Z,KXBTC15M-26OCT050015-15,0.0040,182.85,yes
2026-10-05T04:13:47.461317Z,KXBTC15M-26OCT050015-15,0.0040,4.10,yes
2026-10-05T04:13:47.461317Z,KXBTC15M-26OCT050015-15,0.0040,0.01,yes
2026-10-05T04:13:47.495443Z,KXBTC15M-26OCT050015-15,0.0040,186.97,yes
2026-10-05T04:13:47.54147Z,KXBTC15M-26OCT050015-15,0.0040,56.00,yes
2026-10-05T04:13:47.54147Z,KXBTC15M-26OCT050015-15,0.0040,134.18,yes
2026-10-05T04:13:47.54147Z,KXBTC15M-26OCT050015-15,0.0040,100.00,yes
2026-10-05T04:13:47.54147Z,KXBTC15M-26OCT050015-15,0.0040,78.77,yes
2026-10-05T04:13:47.54147Z,KXBTC15M-26OCT050015-15,0.0040,5.00,yes
2026-10-05T04:13:47.546903Z,KXBTC15M-26OCT050015-15,0.0040,0.08,yes
2026-10-05T04:13:47.546903Z,KXBTC15M-26OCT050015-15,0.0040,0.01,yes
2026-10-05T04:13:47.546903Z,KXBTC15M-26OCT050015-15,0.0040,6.00,yes
2026-10-05T04:13:47.546903Z,KXBTC15M-26OCT050015-15,0.0040,121.23,yes
2026-10-05T04:13:47.546903Z,KXBTC15M-26OCT050015-15,0.0040,400.00,yes
2026-10-05T04:13:47.546903Z,KXBTC15M-26OCT050015-15,0.0040,0.01,yes
2026-10-05T04:13:47.546903Z,KXBTC15M-26OCT050015-15,0.0050,407.56,yes
2026-10-05T04:13:47.55081Z,KXBTC15M-26OCT050015-15,0.0030,1800.00,no
2026-10-05T04:13:47.55081Z,KXBTC15M-26OCT050015-15,0.0030,1363.02,no
2026-10-05T04:13:47.55081Z,KXBTC15M-26OCT050015-15,0.0030,848.98,no
2026-10-05T04:13:47.591056Z,KXBTC15M-26OCT050015-15,0.0040,0.01,yes
2026-10-05T04:13:47.591056Z,KXBTC15M-26OCT050015-15,0.0040,2.06,yes
2026-10-05T04:13:47.591056Z,KXBTC15M-26OCT050015-15,0.0040,0.01,yes
2026-10-05T04:13:47.62208Z,KXBTC15M-26OCT050015-15,0.0030,10.02,no
2026-10-05T04:13:47.643325Z,KXBTC15M-26OCT050015-15,0.0040,5.27,yes
2026-10-05T04:13:47.790634Z,KXBTC15M-26OCT050015-15,0.0040,11.18,yes
2026-10-05T04:13:47.840456Z,KXBTC15M-26OCT050015-15,0.0030,107.29,no
2026-10-05T04:13:47.854651Z,KXBTC15M-26OCT050015-15,0.0030,1.00,no
2026-10-05T04:13:47.907889Z,KXBTC15M-26OCT050015-15,0.0030,2.00,no
2026-10-05T04:13:47.917974Z,KXBTC15M-26OCT050015-15,0.0030,3.78,no
2026-10-05T04:13:47.925387Z,KXBTC15M-26OCT050015-15,0.0040,56.37,yes
2026-10-05T04:13:47.931464Z,KXBTC15M-26OCT050015-15,0.0040,229.04,yes
2026-10-05T04:13:47.931847Z,KXBTC15M-26OCT050015-15,0.0040,139.79,yes
2026-10-05T04:13:48.162492Z,KXBTC15M-26OCT050015-15,0.0040,1.43,yes
2026-10-05T04:13:48.191627Z,KXBTC15M-26OCT050015-15,0.0040,4.67,yes
2026-10-05T04:13:48.204226Z,KXBTC15M-26OCT050015-15,0.0030,486.38,no
2026-10-05T04:13:48.235893Z,KXBTC15M-26OCT050015-15,0.0040,20.08,yes
2026-10-05T04:13:48.249764Z,KXBTC15M-26OCT050015-15,0.0040,2.24,yes
2026-10-05T04:13:48.24997Z,KXBTC15M-26OCT050015-15,0.0040,238.27,yes
2026-10-05T04:13:48.254979Z,KXBTC15M-26OCT050015-15,0.0040,848.98,yes
2026-10-05T04:13:48.254979Z,KXBTC15M-26OCT050015-15,0.0040,15.00,yes
2026-10-05T04:13:48.254979Z,KXBTC15M-26OCT050015-15,0.0040,923.54,yes
2026-10-05T04:13:48.254979Z,KXBTC15M-26OCT050015-15,0.0040,100.00,yes
2026-10-05T04:13:48.254979Z,KXBTC15M-26OCT050015-15,0.0040,267.60,yes
2026-10-05T04:13:48.275471Z,KXBTC15M-26OCT050015-15,0.0040,19.83,yes
2026-10-05T04:13:48.294371Z,KXBTC15M-26OCT050015-15,0.0040,200.00,yes
2026-10-05T04:13:48.298957Z,KXBTC15M-26OCT050015-15,0.0040,229.04,yes
2026-10-05T04:13:48.307769Z,KXBTC15M-26OCT050015-15,0.0040,67.09,yes
2026-10-05T04:13:48.313403Z,KXBTC15M-26OCT050015-15,0.0040,26.82,yes
2026-10-05T04:13:48.360929Z,KXBTC15M-26OCT050015-15,0.0040,229.04,yes
2026-10-05T04:13:48.410977Z,KXBTC15M-26OCT050015-15,0.0030,1665.04,no
2026-10-05T04:13:48.410977Z,KXBTC15M-26OCT050015-15,0.0030,340.55,no
2026-10-05T04:13:48.413801Z,KXBTC15M-26OCT050015-15,0.0040,0.01,yes
2026-10-05T04:13:48.413801Z,KXBTC15M-26OCT050015-15,0.0040,0.01,yes
2026-10-05T04:13:48.413801Z,KXBTC15M-26OCT050015-15,0.0040,104.64,yes
2026-10-05T04:13:48.413801Z,KXBTC15M-26OCT050015-15,0.0040,10.02,yes
2026-10-05T04:13:48.413801Z,KXBTC15M-26OCT050015-15,0.0040,27.16,yes
2026-10-05T04:13:48.416524Z,KXBTC15M-26OCT050015-15,0.0040,1.00,yes
2026-10-05T04:13:48.416524Z,KXBTC15M-26OCT050015-15,0.0040,14.86,yes
2026-10-05T04:13:48.416524Z,KXBTC15M-26OCT050015-15,0.0040,0.08,yes
2026-10-05T04:13:48.416524Z,KXBTC15M-26OCT050015-15,0.0040,2.00,yes
2026-10-05T04:13:48.416524Z,KXBTC15M-26OCT050015-15,0.0040,80.13,yes
2026-10-05T04:13:48.416524Z,KXBTC15M-26OCT050015-15,0.0040,3.78,yes
2026-10-05T04:13:48.441037Z,KXBTC15M-26OCT050015-15,0.0040,1.05,yes
2026-10-05T04:13:48.478954Z,KXBTC15M-26OCT050015-15,0.0040,51.29,yes
2026-10-05T04:13:48.496642Z,KXBTC15M-26OCT050015-15,0.0030,119.48,no
2026-10-05T04:13:48.496642Z,KXBTC15M-26OCT050015-15,0.0030,120.00,no
2026-10-05T04:13:48.496642Z,KXBTC15M-26OCT050015-15,0.0030,134.96,no
2026-10-05T04:13:48.507412Z,KXBTC15M-26OCT050015-15,0.0040,417.66,yes
2026-10-05T04:13:48.507412Z,KXBTC15M-26OCT050015-15,0.0040,200.00,yes
2026-10-05T04:13:48.507412Z,KXBTC15M-26OCT050015-15,0.0040,527.50,yes
2026-10-05T04:13:48.539415Z,KXBTC15M-26OCT050015-15,0.0040,0.54,yes
2026-10-05T04:13:48.562294Z,KXBTC15M-26OCT050015-15,0.0030,441.48,no
2026-10-05T04:13:48.562294Z,KXBTC15M-26OCT050015-15,0.0030,2.00,no
2026-10-05T04:13:48.562294Z,KXBTC15M-26OCT050015-15,0.0030,2.00,no
2026-10-05T04:13:48.562294Z,KXBTC15M-26OCT050015-15,0.0030,2.00,no
2026-10-05T04:13:48.562294Z,KXBTC15M-26OCT050015-15,0.0030,2.00,no
2026-10-05T04:13:48.562294Z,KXBTC15M-26OCT050015-15,0.0030,2.00,no
2026-10-05T04:13:48.562294Z,KXBTC15M-26OCT050015-15,0.0030,18.00,no
2026-10-05T04:13:48.562294Z,KXBTC15M-26OCT050015-15,0.0030,130.52,no
2026-10-05T04:13:48.564161Z,KXBTC15M-26OCT050015-15,0.0040,1.10,yes
2026-10-05T04:13:48.587928Z,KXBTC15M-26OCT050015-15,0.0030,6.15,no
2026-10-05T04:13:48.597962Z,KXBTC15M-26OCT050015-15,0.0040,1.30,yes
2026-10-05T04:13:48.646176Z,KXBTC15M-26OCT050015-15,0.0040,1.57,yes
2026-10-05T04:13:48.648049Z,KXBTC15M-26OCT050015-15,0.0040,23.37,yes
2026-10-05T04:13:48.709873Z,KXBTC15M-26OCT050015-15,0.0040,311.93,yes
2026-10-05T04:13:48.727714Z,KXBTC15M-26OCT050015-15,0.0030,123.09,no
2026-10-05T04:13:48.760842Z,KXBTC15M-26OCT050015-15,0.0040,261.71,yes
2026-10-05T04:13:48.786622Z,KXBTC15M-26OCT050015-15,0.0030,13.02,no
2026-10-05T04:13:48.856991Z,KXBTC15M-26OCT050015-15,0.0030,958.67,no
2026-10-05T04:13:48.910301Z,KXBTC15M-26OCT050015-15,0.0030,57.15,no
2026-10-05T04:13:48.924824Z,KXBTC15M-26OCT050015-15,0.0030,2.00,no
2026-10-05T04:13:48.940218Z,KXBTC15M-26OCT050015-15,0.0040,71.31,yes
2026-10-05T04:13:48.947506Z,KXBTC15M-26OCT050015-15,0.0040,4.14,yes
2026-10-05T04:13:48.953275Z,KXBTC15M-26OCT050015-15,0.0030,75.67,no
2026-10-05T04:13:48.97303Z,KXBTC15M-26OCT050015-15,0.0030,0.01,no
2026-10-05T04:13:48.97303Z,KXBTC15M-26OCT050015-15,0.0030,3305.80,no
2026-10-05T04:13:48.97303Z,KXBTC15M-26OCT050015-15,0.0030,25.00,no
2026-10-05T04:13:48.97303Z,KXBTC15M-26OCT050015-15,0.0030,0.01,no
2026-10-05T04:13:48.97303Z,KXBTC15M-26OCT050015-15,0.0030,822.77,no
2026-10-05T04:13:48.97303Z,KXBTC15M-26OCT050015-15,0.0030,2.00,no
2026-10-05T04:13:49.004049Z,KXBTC15M-26OCT050015-15,0.0030,212.59,no
2026-10-05T04:13:49.028129Z,KXBTC15M-26OCT050015-15,0.0040,93.03,yes
2026-10-05T04:13:49.041006Z,KXBTC15M-26OCT050015-15,0.0030,231.61,no
2026-10-05T04:13:49.041006Z,KXBTC15M-26OCT050015-15,0.0030,15.00,no
2026-10-05T04:13:49.041006Z,KXBTC15M-26OCT050015-15,0.0030,1508.98,no
2026-10-05T04:13:49.041006Z,KXBTC15M-26OCT050015-15,0.0030,250.00,no
2026-10-05T04:13:49.066673Z,KXBTC15M-26OCT050015-15,0.0030,0.01,no
2026-10-05T04:13:49.066673Z,KXBTC15M-26OCT050015-15,0.0030,22.04,no
2026-10-05T04:13:49.066673Z,KXBTC15M-26OCT050015-15,0.0030,0.01,no
2026-10-05T04:13:49.071128Z,KXBTC15M-26OCT050015-15,0.0040,242.12,yes
2026-10-05T04:13:49.100846Z,KXBTC15M-26OCT050015-15,0.0030,0.01,no
2026-10-05T04:13:49.100846Z,KXBTC15M-26OCT050015-15,0.0030,25.00,no
2026-10-05T04:13:49.100846Z,KXBTC15M-26OCT050015-15,0.0030,0.01,no
2026-10-05T04:13:49.100846Z,KXBTC15M-26OCT050015-15,0.0020,42.98,no
2026-10-05T04:13:49.120645Z,KXBTC15M-26OCT050015-15,0.0030,25.00,no
2026-10-05T04:13:49.120645Z,KXBTC15M-26OCT050015-15,0.0030,0.01,no
2026-10-05T04:13:49.120645Z,KXBTC15M-26OCT050015-15,0.0030,0.01,no
2026-10-05T04:13:49.132122Z,KXBTC15M-26OCT050015-15,0.0030,7.98,yes
2026-10-05T04:13:49.260536Z,KXBTC15M-26OCT050015-15,0.0030,0.01,yes
2026-10-05T04:13:49.260536Z,KXBTC15M-26OCT050015-15,0.0030,1.00,yes
2026-10-05T04:13:49.260536Z,KXBTC15M-26OCT050015-15,0.0030,0.01,yes
2026-10-05T04:13:49.260536Z,KXBTC15M-26OCT050015-15,0.0030,15.00,yes
2026-10-05T04:13:49.260536Z,KXBTC15M-26OCT050015-15,0.0040,1237.10,yes
2026-10-05T04:13:49.260536Z,KXBTC15M-26OCT050015-15,0.0040,280.47,yes
2026-10-05T04:13:49.260536Z,KXBTC15M-26OCT050015-15,0.0040,0.01,yes
2026-10-05T04:13:49.260536Z,KXBTC15M-26OCT050015-15,0.0040,0.01,yes
2026-10-05T04:13:49.260536Z,KXBTC15M-26OCT050015-15,0.0040,486.38,yes
2026-10-05T04:13:49.260536Z,KXBTC15M-26OCT050015-15,0.0040,315.00,yes
2026-10-05T04:13:49.261963Z,KXBTC15M-26OCT050015-15,0.0040,120.00,yes
2026-10-05T04:13:49.261963Z,KXBTC15M-26OCT050015-15,0.0040,134.96,yes
2026-10-05T04:13:49.261963Z,KXBTC15M-26OCT050015-15,0.0040,340.55,yes
2026-10-05T04:13:49.261963Z,KXBTC15M-26OCT050015-15,0.0040,119.48,yes
2026-10-05T04:13:49.261963Z,KXBTC15M-26OCT050015-15,0.0040,60.16,yes
2026-10-05T04:13:49.261963Z,KXBTC15M-26OCT050015-15,0.0040,1384.57,yes
2026-10-05T04:13:49.261963Z,KXBTC15M-26OCT050015-15,0.0040,130.52,yes
2026-10-05T04:13:49.261963Z,KXBTC15M-26OCT050015-15,0.0040,0.08,yes
2026-10-05T04:13:49.302577Z,KXBTC15M-26OCT050015-15,0.0020,1757.00,no
2026-10-05T04:13:49.30437Z,KXBTC15M-26OCT050015-15,0.0030,0.01,yes
2026-10-05T04:13:49.30437Z,KXBTC15M-26OCT050015-15,0.0030,233.70,yes
2026-10-05T04:13:49.30437Z,KXBTC15M-26OCT050015-15,0.0030,0.01,yes
2026-10-05T04:13:49.33141Z,KXBTC15M-26OCT050015-15,0.0030,600.00,yes
2026-10-05T04:13:49.384809Z,KXBTC15M-26OCT050015-15,0.0030,11.69,yes
2026-10-05T04:13:49.389299Z,KXBTC15M-26OCT050015-15,0.0030,200.00,yes
2026-10-05T04:13:49.3935Z,KXBTC15M-26OCT050015-15,0.0020,758.00,no
2026-10-05T04:13:49.413407Z,KXBTC15M-26OCT050015-15,0.0030,16.68,yes
2026-10-05T04:13:49.422632Z,KXBTC15M-26OCT050015-15,0.0030,25.99,yes
2026-10-05T04:13:49.451329Z,KXBTC15M-26OCT050015-15,0.0020,500.93,no
2026-10-05T04:13:49.4664Z,KXBTC15M-26OCT050015-15,0.0030,9.13,yes
2026-10-05T04:13:49.533226Z,KXBTC15M-26OCT050015-15,0.0030,234.67,yes
2026-10-05T04:13:49.546945Z,KXBTC15M-26OCT050015-15,0.0030,233.72,yes
2026-10-05T04:13:49.555402Z,KXBTC15M-26OCT050015-15,0.0030,4.09,yes
2026-10-05T04:13:49.597096Z,KXBTC15M-26OCT050015-15,0.0030,57.29,yes
2026-10-05T04:13:49.617001Z,KXBTC15M-26OCT050015-15,0.0030,47.72,yes
2026-10-05T04:13:49.624115Z,KXBTC15M-26OCT050015-15,0.0030,27.31,yes
2026-10-05T04:13:49.668998Z,KXBTC15M-26OCT050015-15,0.0030,470.74,yes
2026-10-05T04:13:49.68261Z,KXBTC15M-26OCT050015-15,0.0030,20.97,yes
2026-10-05T04:13:49.694648Z,KXBTC15M-26OCT050015-15,0.0020,51.26,no
2026-10-05T04:13:49.728024Z,KXBTC15M-26OCT050015-15,0.0020,2.00,no
2026-10-05T04:13:49.760503Z,KXBTC15M-26OCT050015-15,0.0030,0.01,yes
2026-10-05T04:13:49.760503Z,KXBTC15M-26OCT050015-15,0.0030,0.01,yes
2026-10-05T04:13:49.760503Z,KXBTC15M-26OCT050015-15,0.0030,8.98,yes
2026-10-05T04:13:49.785367Z,KXBTC15M-26OCT050015-15,0.0030,3.06,yes
2026-10-05T04:13:49.822276Z,KXBTC15M-26OCT050015-15,0.0020,20.85,no
2026-10-05T04:13:49.824337Z,KXBTC15M-26OCT050015-15,0.0030,119.00,yes
2026-10-05T04:13:49.870583Z,KXBTC15M-26OCT050015-15,0.0030,14.70,yes
2026-10-05T04:13:49.8857Z,KXBTC15M-26OCT050015-15,0.0030,1526.80,yes
2026-10-05T04:13:49.889246Z,KXBTC15M-26OCT050015-15,0.0020,19.64,no
2026-10-05T04:13:49.935728Z,KXBTC15M-26OCT050015-15,0.0030,84.46,yes
2026-10-05T04:13:49.935728Z,KXBTC15M-26OCT050015-15,0.0030,1.00,yes
2026-10-05T04:13:49.935728Z,KXBTC15M-26OCT050015-15,0.0030,219.89,yes
2026-10-05T04:13:49.943718Z,KXBTC15M-26OCT050015-15,0.0020,2004.00,no
2026-10-05T04:13:49.961997Z,KXBTC15M-26OCT050015-15,0.0020,93.74,no
2026-10-05T04:13:49.966569Z,KXBTC15M-26OCT050015-15,0.0030,610.72,yes
2026-10-05T04:13:49.967384Z,KXBTC15M-26OCT050015-15,0.0030,226.50,yes
2026-10-05T04:13:50.059099Z,KXBTC15M-26OCT050015-15,0.0030,33.72,yes
2026-10-05T04:13:50.110813Z,KXBTC15M-26OCT050015-15,0.0020,34.67,no
2026-10-05T04:13:50.146492Z,KXBTC15M-26OCT050015-15,0.0030,754.00,yes
2026-10-05T04:13:50.147377Z,KXBTC15M-26OCT050015-15,0.0030,305.35,yes
2026-10-05T04:13:50.165384Z,KXBTC15M-26OCT050015-15,0.0030,311.59,yes
2026-10-05T04:13:50.18291Z,KXBTC15M-26OCT050015-15,0.0030,155.79,yes
2026-10-05T04:13:50.185804Z,KXBTC15M-26OCT050015-15,0.0030,8.58,yes
2026-10-05T04:13:50.207292Z,KXBTC15M-26OCT050015-15,0.0030,23.37,yes
2026-10-05T04:13:50.231325Z,KXBTC15M-26OCT050015-15,0.0020,32.15,no
2026-10-05T04:13:50.321329Z,KXBTC15M-26OCT050015-15,0.0030,70.42,yes
2026-10-05T04:13:50.342281Z,KXBTC15M-26OCT050015-15,0.0030,67.18,yes
2026-10-05T04:13:50.353059Z,KXBTC15M-26OCT050015-15,0.0030,93.12,yes
2026-10-05T04:13:50.362138Z,KXBTC15M-26OCT050015-15,0.0030,657.18,yes
2026-10-05T04:13:50.362138Z,KXBTC15M-26OCT050015-15,0.0030,758.00,yes
2026-10-05T04:13:50.362138Z,KXBTC15M-26OCT050015-15,0.0030,0.08,yes
2026-10-05T04:13:50.362138Z,KXBTC15M-26OCT050015-15,0.0030,80.38,yes
2026-10-05T04:13:50.390635Z,KXBTC15M-26OCT050015-15,0.0020,100.18,no
2026-10-05T04:13:50.448487Z,KXBTC15M-26OCT050015-15,0.0030,311.59,yes
2026-10-05T04:13:50.507714Z,KXBTC15M-26OCT050015-15,0.0030,109.03,yes
2026-10-05T04:13:50.507714Z,KXBTC15M-26OCT050015-15,0.0030,196.32,yes
2026-10-05T04:13:50.50929Z,KXBTC15M-26OCT050015-15,0.0020,3.04,no
2026-10-05T04:13:50.520864Z,KXBTC15M-26OCT050015-15,0.0030,16.27,yes
2026-10-05T04:13:50.520864Z,KXBTC15M-26OCT050015-15,0.0030,0.01,yes
2026-10-05T04:13:50.520864Z,KXBTC15M-26OCT050015-15,0.0030,46.35,yes
2026-10-05T04:13:50.520864Z,KXBTC15M-26OCT050015-15,0.0030,51.00,yes
2026-10-05T04:13:50.520864Z,KXBTC15M-26OCT050015-15,0.0030,23.00,yes
2026-10-05T04:13:50.520864Z,KXBTC15M-26OCT050015-15,0.0030,0.01,yes
2026-10-05T04:13:50.535776Z,KXBTC15M-26OCT050015-15,0.0030,8.79,yes
2026-10-05T04:13:50.542036Z,KXBTC15M-26OCT050015-15,0.0030,84.96,yes
2026-10-05T04:13:50.580664Z,KXBTC15M-26OCT050015-15,0.0020,10.92,no
2026-10-05T04:13:50.588355Z,KXBTC15M-26OCT050015-15,0.0030,53.34,yes
2026-10-05T04:13:50.618267Z,KXBTC15M-26OCT050015-15,0.0030,345.99,yes
2026-10-05T04:13:50.618267Z,KXBTC15M-26OCT050015-15,0.0030,20.00,yes
2026-10-05T04:13:50.618267Z,KXBTC15M-26OCT050015-15,0.0030,6.56,yes
2026-10-05T04:13:50.67328Z,KXBTC15M-26OCT050015-15,0.0030,110.67,yes
2026-10-05T04:13:50.709158Z,KXBTC15M-26OCT050015-15,0.0030,7.73,yes
2026-10-05T04:13:50.713638Z,KXBTC15M-26OCT050015-15,0.0030,40.27,yes
2026-10-05T04:13:50.774165Z,KXBTC15M-26OCT050015-15,0.0030,26.46,yes
2026-10-05T04:13:50.774165Z,KXBTC15M-26OCT050015-15,0.0030,1499.34,yes
2026-10-05T04:13:50.774165Z,KXBTC15M-26OCT050015-15,0.0030,1.00,yes
2026-10-05T04:13:50.792611Z,KXBTC15M-26OCT050015-15,0.0030,51.93,yes
2026-10-05T04:13:50.838846Z,KXBTC15M-26OCT050015-15,0.0030,14.53,yes
2026-10-05T04:13:50.838846Z,KXBTC15M-26OCT050015-15,0.0030,15.61,yes
2026-10-05T04:13:50.844974Z,KXBTC15M-26OCT050015-15,0.0030,24.53,yes
2026-10-05T04:13:50.844974Z,KXBTC15M-26OCT050015-15,0.0030,20.47,yes
2026-10-05T04:13:50.878986Z,KXBTC15M-26OCT050015-15,0.0020,0.05,no
2026-10-05T04:13:50.882503Z,KXBTC15M-26OCT050015-15,0.0020,3.00,no
2026-10-05T04:13:50.902135Z,KXBTC15M-26OCT050015-15,0.0030,11.00,yes
2026-10-05T04:13:50.902135Z,KXBTC15M-26OCT050015-15,0.0030,7.47,yes
2026-10-05T04:13:50.902135Z,KXBTC15M-26OCT050015-15,0.0030,100.00,yes
2026-10-05T04:13:50.902135Z,KXBTC15M-26OCT050015-15,0.0030,183.86,yes
2026-10-05T04:13:50.902135Z,KXBTC15M-26OCT050015-15,0.0030,3.00,yes
2026-10-05T04:13:50.902135Z,KXBTC15M-26OCT050015-15,0.0030,0.01,yes
2026-10-05T04:13:50.902135Z,KXBTC15M-26OCT050015-15,0.0030,0.01,yes
2026-10-05T04:13:50.968513Z,KXBTC15M-26OCT050015-15,0.0030,3.00,yes
2026-10-05T04:13:50.968513Z,KXBTC15M-26OCT050015-15,0.0030,0.01,yes
2026-10-05T04:13:50.968513Z,KXBTC15M-26OCT050015-15,0.0030,0.01,yes
2026-10-05T04:13:50.968513Z,KXBTC15M-26OCT050015-15,0.0030,1.00,yes
2026-10-05T04:13:50.968513Z,KXBTC15M-26OCT050015-15,0.0040,7.98,yes
2026-10-05T04:13:50.968513Z,KXBTC15M-26OCT050015-15,0.0040,250.00,yes
2026-10-05T04:13:50.968513Z,KXBTC15M-26OCT050015-15,0.0040,13.61,yes
2026-10-05T04:13:50.968513Z,KXBTC15M-26OCT050015-15,0.0040,191.84,yes
2026-10-05T04:13:50.968513Z,KXBTC15M-26OCT050015-15,0.0040,1.00,yes
2026-10-05T04:13:50.979692Z,KXBTC15M-26OCT050015-15,0.0040,41.39,yes
2026-10-05T04:13:50.979692Z,KXBTC15M-26OCT050015-15,0.0040,413.64,yes
2026-10-05T04:13:50.979692Z,KXBTC15M-26OCT050015-15,0.0040,0.08,yes
2026-10-05T04:13:51.046989Z,KXBTC15M-26OCT050015-15,0.0030,0.01,yes
2026-10-05T04:13:51.046989Z,KXBTC15M-26OCT050015-15,0.0030,0.01,yes
2026-10-05T04:13:51.046989Z,KXBTC15M-26OCT050015-15,0.0040,13.64,yes
2026-10-05T04:13:51.048907Z,KXBTC15M-26OCT050015-15,0.0040,1.00,yes
2026-10-05T04:13:51.048907Z,KXBTC15M-26OCT050015-15,0.0040,254.00,yes
2026-10-05T04:13:51.048907Z,KXBTC15M-26OCT050015-15,0.0040,0.01,yes
2026-10-05T04:13:51.048907Z,KXBTC15M-26OCT050015-15,0.0040,0.01,yes
2026-10-05T04:13:51.048907Z,KXBTC15M-26OCT050015-15,0.0040,200.00,yes
2026-10-05T04:13:51.048907Z,KXBTC15M-26OCT050015-15,0.0040,368.72,yes
2026-10-05T04:13:51.088629Z,KXBTC15M-26OCT050015-15,0.0040,9.01,no
2026-10-05T04:13:51.102347Z,KXBTC15M-26OCT050015-15,0.0050,128.05,yes
2026-10-05T04:13:51.127226Z,KXBTC15M-26OCT050015-15,0.0050,13.38,yes
2026-10-05T04:13:51.13396Z,KXBTC15M-26OCT050015-15,0.0030,413.48,no
2026-10-05T04:13:51.13396Z,KXBTC15M-26OCT050015-15,0.0040,451.15,no
2026-10-05T04:13:51.13396Z,KXBTC15M-26OCT050015-15,0.0040,0.01,no
2026-10-05T04:13:51.13396Z,KXBTC15M-26OCT050015-15,0.0040,0.01,no
2026-10-05T04:13:51.13396Z,KXBTC15M-26OCT050015-15,0.0030,25.00,no
2026-10-05T04:13:51.172925Z,KXBTC15M-26OCT050015-15,0.0040,800.00,no
2026-10-05T04:13:51.173907Z,KXBTC15M-26OCT050015-15,0.0040,250.00,no
2026-10-05T04:13:51.198749Z,KXBTC15M-26OCT050015-15,0.0040,250.00,no
2026-10-05T04:13:51.243709Z,KXBTC15M-26OCT050015-15,0.0030,0.01,no
2026-10-05T04:13:51.243709Z,KXBTC15M-26OCT050015-15,0.0040,0.01,no
2026-10-05T04:13:51.243709Z,KXBTC15M-26OCT050015-15,0.0030,25.00,no
2026-10-05T04:13:51.243709Z,KXBTC15M-26OCT050015-15,0.0030,0.01,no
2026-10-05T04:13:51.243709Z,KXBTC15M-26OCT050015-15,0.0040,0.01,no
2026-10-05T04:13:51.30933Z,KXBTC15M-26OCT050015-15,0.0050,3.06,yes
2026-10-05T04:13:51.319561Z,KXBTC15M-26OCT050015-15,0.0050,8.04,yes
2026-10-05T04:13:51.358855Z,KXBTC15M-26OCT050015-15,0.0030,0.01,no
2026-10-05T04:13:51.358855Z,KXBTC15M-26OCT050015-15,0.0030,198.08,no
2026-10-05T04:13:51.358855Z,KXBTC15M-26OCT050015-15,0.0030,277.83,no
2026-10-05T04:13:51.358855Z,KXBTC15M-26OCT050015-15,0.0030,0.01,no
2026-10-05T04:13:51.358855Z,KXBTC15M-26OCT050015-15,0.0030,25.00,no
2026-10-05T04:13:51.388921Z,KXBTC15M-26OCT050015-15,0.0030,500.00,no
2026-10-05T04:13:51.388921Z,KXBTC15M-26OCT050015-15,0.0030,25.00,no
2026-10-05T04:13:51.388921Z,KXBTC15M-26OCT050015-15,0.0030,0.01,no
2026-10-05T04:13:51.388921Z,KXBTC15M-26OCT050015-15,0.0030,0.01,no
2026-10-05T04:13:51.440643Z,KXBTC15M-26OCT050015-15,0.0020,983.14,no
2026-10-05T04:13:51.47104Z,KXBTC15M-26OCT050015-15,0.0030,1080.47,yes
2026-10-05T04:13:51.57124Z,KXBTC15M-26OCT050015-15,0.0020,88.16,no
2026-10-05T04:13:51.604751Z,KXBTC15M-26OCT050015-15,0.0020,1.00,no
2026-10-05T04:13:51.614016Z,KXBTC15M-26OCT050015-15,0.0020,124.92,no
2026-10-05T04:13:51.642274Z,KXBTC15M-26OCT050015-15,0.0020,9.50,no
2026-10-05T04:13:51.658423Z,KXBTC15M-26OCT050015-15,0.0030,196.00,yes
2026-10-05T04:13:51.803243Z,KXBTC15M-26OCT050015-15,0.0030,25.59,yes
2026-10-05T04:13:51.872437Z,KXBTC15M-26OCT050015-15,0.0020,644.85,no
2026-10-05T04:13:51.872437Z,KXBTC15M-26OCT050015-15,0.0020,1358.87,no
2026-10-05T04:13:51.990417Z,KXBTC15M-26OCT050015-15,0.0020,20.00,no
2026-10-05T04:13:52.024221Z,KXBTC15M-26OCT050015-15,0.0030,2337.07,yes
2026-10-05T04:13:52.058598Z,KXBTC15M-26OCT050015-15,0.0030,305.35,yes
2026-10-05T04:13:52.141224Z,KXBTC15M-26OCT050015-15,0.0030,311.59,yes
2026-10-05T04:13:52.141566Z,KXBTC15M-26OCT050015-15,0.0030,1218.91,yes
2026-10-05T04:13:52.141566Z,KXBTC15M-26OCT050015-15,0.0030,384.28,yes
2026-10-05T04:13:52.141566Z,KXBTC15M-26OCT050015-15,0.0030,0.01,yes
2026-10-05T04:13:52.141566Z,KXBTC15M-26OCT050015-15,0.0030,1.00,yes
2026-10-05T04:13:52.141566Z,KXBTC15M-26OCT050015-15,0.0030,0.01,yes
2026-10-05T04:13:52.149695Z,KXBTC15M-26OCT050015-15,0.0030,155.79,yes
2026-10-05T04:13:52.162827Z,KXBTC15M-26OCT050015-15,0.0030,126.00,yes
2026-10-05T04:13:52.162827Z,KXBTC15M-26OCT050015-15,0.0030,859.87,yes
2026-10-05T04:13:52.162827Z,KXBTC15M-26OCT050015-15,0.0030,88.00,yes
2026-10-05T04:13:52.162827Z,KXBTC15M-26OCT050015-15,0.0030,442.93,yes
2026-10-05T04:13:52.162827Z,KXBTC15M-26OCT050015-15,0.0030,10.00,yes
2026-10-05T04:13:52.198501Z,KXBTC15M-26OCT050015-15,0.0030,0.08,yes
2026-10-05T04:13:52.198501Z,KXBTC15M-26OCT050015-15,0.0030,230.63,yes
2026-10-05T04:13:52.198501Z,KXBTC15M-26OCT050015-15,0.0030,644.85,yes
2026-10-05T04:13:52.261802Z,KXBTC15M-26OCT050015-15,0.0030,305.35,yes
2026-10-05T04:13:52.305826Z,KXBTC15M-26OCT050015-15,0.0030,40.14,yes
2026-10-05T04:13:52.322797Z,KXBTC15M-26OCT050015-15,0.0030,78.48,yes
2026-10-05T04:13:52.340472Z,KXBTC15M-26OCT050015-15,0.0030,412.69,yes
2026-10-05T04:13:52.350771Z,KXBTC15M-26OCT050015-15,0.0030,42.75,yes
2026-10-05T04:13:52.396353Z,KXBTC15M-26OCT050015-15,0.0030,10.39,yes
2026-10-05T04:13:52.402882Z,KXBTC15M-26OCT050015-15,0.0030,91.62,yes
2026-10-05T04:13:52.433059Z,KXBTC15M-26OCT050015-15,0.0020,180.64,no
2026-10-05T04:13:52.452137Z,KXBTC15M-26OCT050015-15,0.0030,0.01,yes
2026-10-05T04:13:52.452137Z,KXBTC15M-26OCT050015-15,0.0030,180.64,yes
2026-10-05T04:13:52.452137Z,KXBTC15M-26OCT050015-15,0.0030,0.08,yes
2026-10-05T04:13:52.452137Z,KXBTC15M-26OCT050015-15,0.0030,1.00,yes
2026-10-05T04:13:52.452137Z,KXBTC15M-26OCT050015-15,0.0030,0.01,yes
2026-10-05T04:13:52.452137Z,KXBTC15M-26OCT050015-15,0.0030,15.00,yes
2026-10-05T04:13:52.452137Z,KXBTC15M-26OCT050015-15,0.0030,20.00,yes
2026-10-05T04:13:52.452137Z,KXBTC15M-26OCT050015-15,0.0040,159.24,yes
2026-10-05T04:13:52.452137Z,KXBTC15M-26OCT050015-15,0.0030,146.95,yes
2026-10-05T04:13:52.47678Z,KXBTC15M-26OCT050015-15,0.0030,0.01,yes
2026-10-05T04:13:52.47678Z,KXBTC15M-26OCT050015-15,0.0030,1.00,yes
2026-10-05T04:13:52.47678Z,KXBTC15M-26OCT050015-15,0.0030,0.01,yes
2026-10-05T04:13:52.47678Z,KXBTC15M-26OCT050015-15,0.0030,14.27,yes
2026-10-05T04:13:52.489371Z,KXBTC15M-26OCT050015-15,0.0020,282.00,no
2026-10-05T04:13:52.541306Z,KXBTC15M-26OCT050015-15,0.0030,0.01,yes
2026-10-05T04:13:52.541306Z,KXBTC15M-26OCT050015-15,0.0030,1.00,yes
2026-10-05T04:13:52.541306Z,KXBTC15M-26OCT050015-15,0.0030,282.00,yes
2026-10-05T04:13:52.541306Z,KXBTC15M-26OCT050015-15,0.0030,0.73,yes
2026-10-05T04:13:52.541306Z,KXBTC15M-26OCT050015-15,0.0030,0.01,yes
2026-10-05T04:13:52.541306Z,KXBTC15M-26OCT050015-15,0.0040,21.60,yes
2026-10-05T04:13:52.594297Z,KXBTC15M-26OCT050015-15,0.0030,0.01,yes
2026-10-05T04:13:52.594297Z,KXBTC15M-26OCT050015-15,0.0030,1.00,yes
2026-10-05T04:13:52.594297Z,KXBTC15M-26OCT050015-15,0.0030,0.01,yes
2026-10-05T04:13:52.634023Z,KXBTC15M-26OCT050015-15,0.0030,26.02,no
2026-10-05T04:13:52.757373Z,KXBTC15M-26OCT050015-15,0.0030,972.96,no
2026-10-05T04:13:52.757373Z,KXBTC15M-26OCT050015-15,0.0030,0.01,no
2026-10-05T04:13:52.757373Z,KXBTC15M-26OCT050015-15,0.0030,2007.61,no
2026-10-05T04:13:52.757373Z,KXBTC15M-26OCT050015-15,0.0030,0.01,no
2026-10-05T04:13:52.757373Z,KXBTC15M-26OCT050015-15,0.0030,25.00,no
2026-10-05T04:13:52.757778Z,KXBTC15M-26OCT050015-15,0.0040,1.00,yes
2026-10-05T04:13:52.757778Z,KXBTC15M-26OCT050015-15,0.0040,107.16,yes
2026-10-05T04:13:52.757778Z,KXBTC15M-26OCT050015-15,0.0040,0.48,yes
2026-10-05T04:13:52.773141Z,KXBTC15M-26OCT050015-15,0.0030,1222.00,no
2026-10-05T04:13:52.785711Z,KXBTC15M-26OCT050015-15,0.0040,0.66,yes
2026-10-05T04:13:52.787677Z,KXBTC15M-26OCT050015-15,0.0030,520.39,no
2026-10-05T04:13:52.787677Z,KXBTC15M-26OCT050015-15,0.0030,500.00,no
2026-10-05T04:13:52.787677Z,KXBTC15M-26OCT050015-15,0.0030,227.36,no
2026-10-05T04:13:52.873982Z,KXBTC15M-26OCT050015-15,0.0040,6.23,yes
2026-10-05T04:13:52.878824Z,KXBTC15M-26OCT050015-15,0.0030,2683.00,no
2026-10-05T04:13:52.878824Z,KXBTC15M-26OCT050015-15,0.0030,517.36,no
2026-10-05T04:13:52.878824Z,KXBTC15M-26OCT050015-15,0.0030,272.64,no
2026-10-05T04:13:52.898061Z,KXBTC15M-26OCT050015-15,0.0040,514.60,yes
2026-10-05T04:13:52.953331Z,KXBTC15M-26OCT050015-15,0.0040,35.79,yes
2026-10-05T04:13:52.962751Z,KXBTC15M-26OCT050015-15,0.0030,0.01,no
2026-10-05T04:13:52.962751Z,KXBTC15M-26OCT050015-15,0.0030,0.01,no
2026-10-05T04:13:52.962751Z,KXBTC15M-26OCT050015-15,0.0030,25.00,no
2026-10-05T04:13:52.973412Z,KXBTC15M-26OCT050015-15,0.0040,68.37,yes
2026-10-05T04:13:52.994711Z,KXBTC15M-26OCT050015-15,0.0040,10.15,yes
2026-10-05T04:13:53.043081Z,KXBTC15M-26OCT050015-15,0.0030,0.01,no
2026-10-05T04:13:53.043081Z,KXBTC15M-26OCT050015-15,0.0030,25.00,no
2026-10-05T04:13:53.043081Z,KXBTC15M-26OCT050015-15,0.0030,0.01,no
2026-10-05T04:13:53.043081Z,KXBTC15M-26OCT050015-15,0.0020,14.98,no
2026-10-05T04:13:53.050418Z,KXBTC15M-26OCT050015-15,0.0030,14.98,no
2026-10-05T04:13:53.059585Z,KXBTC15M-26OCT050015-15,0.0040,40.24,yes
2026-10-05T04:13:53.074707Z,KXBTC15M-26OCT050015-15,0.0040,14.05,yes
2026-10-05T04:13:53.118807Z,KXBTC15M-26OCT050015-15,0.0030,25.00,no
2026-10-05T04:13:53.118807Z,KXBTC15M-26OCT050015-15,0.0030,0.01,no
2026-10-05T04:13:53.118807Z,KXBTC15M-26OCT050015-15,0.0030,0.01,no
2026-10-05T04:13:53.118807Z,KXBTC15M-26OCT050015-15,0.0020,1213.95,no
2026-10-05T04:13:53.150697Z,KXBTC15M-26OCT050015-15,0.0030,13.73,yes
2026-10-05T04:13:53.16888Z,KXBTC15M-26OCT050015-15,0.0030,48.16,yes
2026-10-05T04:13:53.170935Z,KXBTC15M-26OCT050015-15,0.0030,2.34,yes
2026-10-05T04:13:53.183879Z,KXBTC15M-26OCT050015-15,0.0030,536.17,yes
2026-10-05T04:13:53.306257Z,KXBTC15M-26OCT050015-15,0.0030,200.00,yes
2026-10-05T04:13:53.369737Z,KXBTC15M-26OCT050015-15,0.0020,46.85,no
2026-10-05T04:13:53.428637Z,KXBTC15M-26OCT050015-15,0.0030,23.37,yes
2026-10-05T04:13:53.445376Z,KXBTC15M-26OCT050015-15,0.0030,8.51,yes
2026-10-05T04:13:53.452026Z,KXBTC15M-26OCT050015-15,0.0030,233.72,yes
2026-10-05T04:13:53.471376Z,KXBTC15M-26OCT050015-15,0.0030,0.01,yes
2026-10-05T04:13:53.471376Z,KXBTC15M-26OCT050015-15,0.0030,0.01,yes
2026-10-05T04:13:53.471376Z,KXBTC15M-26OCT050015-15,0.0030,85.75,yes
2026-10-05T04:13:53.471376Z,KXBTC15M-26OCT050015-15,0.0030,147.95,yes
2026-10-05T04:13:53.480332Z,KXBTC15M-26OCT050015-15,0.0030,118.47,yes
2026-10-05T04:13:53.480332Z,KXBTC15M-26OCT050015-15,0.0030,1.00,yes
2026-10-05T04:13:53.480332Z,KXBTC15M-26OCT050015-15,0.0030,114.25,yes
2026-10-05T04:13:53.513995Z,KXBTC15M-26OCT050015-15,0.0030,250.00,yes
2026-10-05T04:13:53.555139Z,KXBTC15M-26OCT050015-15,0.0030,3.20,yes
2026-10-05T04:13:53.561902Z,KXBTC15M-26OCT050015-15,0.0030,305.35,yes
2026-10-05T04:13:53.625844Z,KXBTC15M-26OCT050015-15,0.0030,154.82,yes
2026-10-05T04:13:53.63185Z,KXBTC15M-26OCT050015-15,0.0020,60.21,no
2026-10-05T04:13:53.648937Z,KXBTC15M-26OCT050015-15,0.0030,206.54,yes
2026-10-05T04:13:53.753232Z,KXBTC15M-26OCT050015-15,0.0030,5.00,yes
2026-10-05T04:13:53.763911Z,KXBTC15M-26OCT050015-15,0.0020,5009.31,no
2026-10-05T04:13:53.767379Z,KXBTC15M-26OCT050015-15,0.0020,7.95,no
2026-10-05T04:13:53.891358Z,KXBTC15M-26OCT050015-15,0.0020,3000.00,no
2026-10-05T04:13:53.980245Z,KXBTC15M-26OCT050015-15,0.0030,305.35,yes
2026-10-05T04:13:54.018735Z,KXBTC15M-26OCT050015-15,0.0030,17.62,yes
2026-10-05T04:13:54.057413Z,KXBTC15M-26OCT050015-15,0.0030,11.28,yes
2026-10-05T04:13:54.112706Z,KXBTC15M-26OCT050015-15,0.0030,221.76,yes
2026-10-05T04:13:54.176489Z,KXBTC15M-26OCT050015-15,0.0030,6.78,yes
2026-10-05T04:13:54.176489Z,KXBTC15M-26OCT050015-15,0.0030,143.00,yes
2026-10-05T04:13:54.183675Z,KXBTC15M-26OCT050015-15,0.0030,5.17,yes
2026-10-05T04:13:54.188307Z,KXBTC15M-26OCT050015-15,0.0030,281.06,yes
2026-10-05T04:13:54.188307Z,KXBTC15M-26OCT050015-15,0.0030,24.29,yes
2026-10-05T04:13:54.204947Z,KXBTC15M-26OCT050015-15,0.0030,22.56,yes
2026-10-05T04:13:54.204947Z,KXBTC15M-26OCT050015-15,0.0030,282.79,yes
2026-10-05T04:13:54.351311Z,KXBTC15M-26OCT050015-15,0.0030,261.98,yes
2026-10-05T04:13:54.377452Z,KXBTC15M-26OCT050015-15,0.0020,175.32,no
2026-10-05T04:13:54.40657Z,KXBTC15M-26OCT050015-15,0.0030,1063.03,yes
2026-10-05T04:13:54.415932Z,KXBTC15M-26OCT050015-15,0.0030,100.00,yes
2026-10-05T04:13:54.478376Z,KXBTC15M-26OCT050015-15,0.0020,75.00,no
2026-10-05T04:13:54.568694Z,KXBTC15M-26OCT050015-15,0.0020,10.01,no
2026-10-05T04:13:54.574395Z,KXBTC15M-26OCT050015-15,0.0030,77.00,yes
2026-10-05T04:13:54.574395Z,KXBTC15M-26OCT050015-15,0.0030,60.21,yes
2026-10-05T04:13:54.574395Z,KXBTC15M-26OCT050015-15,0.0030,67.68,yes
2026-10-05T04:13:54.574395Z,KXBTC15M-26OCT050015-15,0.0030,0.01,yes
2026-10-05T04:13:54.574395Z,KXBTC15M-26OCT050015-15,0.0030,1.00,yes
2026-10-05T04:13:54.574395Z,KXBTC15M-26OCT050015-15,0.0030,105.00,yes
2026-10-05T04:13:54.574395Z,KXBTC15M-26OCT050015-15,0.0030,0.01,yes
2026-10-05T04:13:54.574395Z,KXBTC15M-26OCT050015-15,0.0030,299.81,yes
2026-10-05T04:13:54.628205Z,KXBTC15M-26OCT050015-15,0.0030,7.11,yes
2026-10-05T04:13:54.653115Z,KXBTC15M-26OCT050015-15,0.0030,11.69,yes
2026-10-05T04:13:54.65647Z,KXBTC15M-26OCT050015-15,0.0030,5.11,yes
2026-10-05T04:13:54.727109Z,KXBTC15M-26OCT050015-15,0.0020,10.38,no
2026-10-05T04:13:54.772473Z,KXBTC15M-26OCT050015-15,0.0030,174.75,yes
2026-10-05T04:13:54.805302Z,KXBTC15M-26OCT050015-15,0.0030,127.53,yes
2026-10-05T04:13:54.912166Z,KXBTC15M-26OCT050015-15,0.0030,0.95,yes
2026-10-05T04:13:54.936652Z,KXBTC15M-26OCT050015-15,0.0030,91.62,yes
2026-10-05T04:13:54.965806Z,KXBTC15M-26OCT050015-15,0.0030,305.35,yes
2026-10-05T04:13:54.978777Z,KXBTC15M-26OCT050015-15,0.0030,1526.80,yes
2026-10-05T04:13:55.108814Z,KXBTC15M-26OCT050015-15,0.0020,1803.35,no
2026-10-05T04:13:55.203208Z,KXBTC15M-26OCT050015-15,0.0030,0.50,yes
2026-10-05T04:13:55.208054Z,KXBTC15M-26OCT050015-15,0.0020,66.12,no
2026-10-05T04:13:55.241016Z,KXBTC15M-26OCT050015-15,0.0020,102.19,no
2026-10-05T04:13:55.248074Z,KXBTC15M-26OCT050015-15,0.0030,8.00,yes
2026-10-05T04:13:55.265412Z,KXBTC15M-26OCT050015-15,0.0030,232.09,yes
2026-10-05T04:13:55.284014Z,KXBTC15M-26OCT050015-15,0.0030,310.00,yes
2026-10-05T04:13:55.33519Z,KXBTC15M-26OCT050015-15,0.0030,305.35,yes
2026-10-05T04:13:55.350485Z,KXBTC15M-26OCT050015-15,0.0030,1210.84,yes
2026-10-05T04:13:55.350485Z,KXBTC15M-26OCT050015-15,0.0030,1834.78,yes
2026-10-05T04:13:55.350485Z,KXBTC15M-26OCT050015-15,0.0030,7.95,yes
2026-10-05T04:13:55.35613Z,KXBTC15M-26OCT050015-15,0.0030,1495.64,yes
2026-10-05T04:13:55.390517Z,KXBTC15M-26OCT050015-15,0.0020,21.07,no
2026-10-05T04:13:55.39844Z,KXBTC15M-26OCT050015-15,0.0030,293.52,yes
2026-10-05T04:13:55.39844Z,KXBTC15M-26OCT050015-15,0.0030,18.07,yes
2026-10-05T04:13:55.410303Z,KXBTC15M-26OCT050015-15,0.0020,655.47,no
2026-10-05T04:13:55.432853Z,KXBTC15M-26OCT050015-15,0.0020,5.96,no
2026-10-05T04:13:55.661627Z,KXBTC15M-26OCT050015-15,0.0030,6.29,yes
2026-10-05T04:13:55.676179Z,KXBTC15M-26OCT050015-15,0.0030,5.18,yes
2026-10-05T04:13:55.686559Z,KXBTC15M-26OCT050015-15,0.0020,60.00,no
2026-10-05T04:13:55.818582Z,KXBTC15M-26OCT050015-15,0.0020,27.60,no
2026-10-05T04:13:55.849971Z,KXBTC15M-26OCT050015-15,0.0030,10.38,yes
2026-10-05T04:13:55.849971Z,KXBTC15M-26OCT050015-15,0.0030,145.78,yes
2026-10-05T04:13:55.849971Z,KXBTC15M-26OCT050015-15,0.0030,0.01,yes
2026-10-05T04:13:55.849971Z,KXBTC15M-26OCT050015-15,0.0030,75.00,yes
2026-10-05T04:13:55.849971Z,KXBTC15M-26OCT050015-15,0.0030,0.01,yes
2026-10-05T04:13:55.849971Z,KXBTC15M-26OCT050015-15,0.0030,10.01,yes
2026-10-05T04:13:55.849971Z,KXBTC15M-26OCT050015-15,0.0030,1.00,yes
2026-10-05T04:13:55.849971Z,KXBTC15M-26OCT050015-15,0.0030,0.08,yes
2026-10-05T04:13:55.849971Z,KXBTC15M-26OCT050015-15,0.0030,861.11,yes
2026-10-05T04:13:55.87049Z,KXBTC15M-26OCT050015-15,0.0030,46.53,yes
2026-10-05T04:13:55.883783Z,KXBTC15M-26OCT050015-15,0.0020,39.24,no
2026-10-05T04:13:55.892514Z,KXBTC15M-26OCT050015-15,0.0030,305.35,yes
2026-10-05T04:13:55.911746Z,KXBTC15M-26OCT050015-15,0.0030,436.00,yes
2026-10-05T04:13:55.94301Z,KXBTC15M-26OCT050015-15,0.0020,26.89,no
2026-10-05T04:13:55.946571Z,KXBTC15M-26OCT050015-15,0.0030,154.36,yes
2026-10-05T04:13:55.946571Z,KXBTC15M-26OCT050015-15,0.0030,66.12,yes
2026-10-05T04:13:55.946571Z,KXBTC15M-26OCT050015-15,0.0030,84.87,yes
2026-10-05T04:13:56.034991Z,KXBTC15M-26OCT050015-15,0.0030,17.32,yes
2026-10-05T04:13:56.034991Z,KXBTC15M-26OCT050015-15,0.0030,21.07,yes
2026-10-05T04:13:56.034991Z,KXBTC15M-26OCT050015-15,0.0030,23.53,yes
2026-10-05T04:13:56.036617Z,KXBTC15M-26OCT050015-15,0.0030,79.40,yes
2026-10-05T04:13:56.051919Z,KXBTC15M-26OCT050015-15,0.0020,1297.41,no
2026-10-05T04:13:56.086083Z,KXBTC15M-26OCT050015-15,0.0020,11.91,no
2026-10-05T04:13:56.099005Z,KXBTC15M-26OCT050015-15,0.0030,0.01,yes
2026-10-05T04:13:56.099005Z,KXBTC15M-26OCT050015-15,0.0030,60.00,yes
2026-10-05T04:13:56.099005Z,KXBTC15M-26OCT050015-15,0.0030,0.01,yes
2026-10-05T04:13:56.099005Z,KXBTC15M-26OCT050015-15,0.0030,26.89,yes
2026-10-05T04:13:56.099005Z,KXBTC15M-26OCT050015-15,0.0030,1.00,yes
2026-10-05T04:13:56.099005Z,KXBTC15M-26OCT050015-15,0.0030,27.60,yes
2026-10-05T04:13:56.099005Z,KXBTC15M-26OCT050015-15,0.0030,5.96,yes
2026-10-05T04:13:56.099005Z,KXBTC15M-26OCT050015-15,0.0030,39.24,yes
2026-10-05T04:13:56.099005Z,KXBTC15M-26OCT050015-15,0.0030,552.54,yes
2026-10-05T04:13:56.099005Z,KXBTC15M-26OCT050015-15,0.0030,679.00,yes
2026-10-05T04:13:56.099005Z,KXBTC15M-26OCT050015-15,0.0030,195.44,yes
2026-10-05T04:13:56.102354Z,KXBTC15M-26OCT050015-15,0.0030,201.54,yes
2026-10-05T04:13:56.1163Z,KXBTC15M-26OCT050015-15,0.0030,305.35,yes
2026-10-05T04:13:56.128024Z,KXBTC15M-26OCT050015-15,0.0020,79.55,no
2026-10-05T04:13:56.141551Z,KXBTC15M-26OCT050015-15,0.0030,75.00,yes
2026-10-05T04:13:56.158789Z,KXBTC15M-26OCT050015-15,0.0020,77.24,no
2026-10-05T04:13:56.212266Z,KXBTC15M-26OCT050015-15,0.0030,86.52,yes
2026-10-05T04:13:56.306008Z,KXBTC15M-26OCT050015-15,0.0020,932.72,no
2026-10-05T04:13:56.307901Z,KXBTC15M-26OCT050015-15,0.0030,99.98,yes
2026-10-05T04:13:56.358025Z,KXBTC15M-26OCT050015-15,0.0030,305.35,yes
2026-10-05T04:13:56.368455Z,KXBTC15M-26OCT050015-15,0.0020,4041.83,no
2026-10-05T04:13:56.368455Z,KXBTC15M-26OCT050015-15,0.0020,5832.17,no
2026-10-05T04:13:56.375492Z,KXBTC15M-26OCT050015-15,0.0030,254.22,yes
2026-10-05T04:13:56.375492Z,KXBTC15M-26OCT050015-15,0.0030,0.08,yes
2026-10-05T04:13:56.375492Z,KXBTC15M-26OCT050015-15,0.0030,0.01,yes
2026-10-05T04:13:56.375492Z,KXBTC15M-26OCT050015-15,0.0030,28.23,yes
2026-10-05T04:13:56.375492Z,KXBTC15M-26OCT050015-15,0.0030,11.91,yes
2026-10-05T04:13:56.375492Z,KXBTC15M-26OCT050015-15,0.0030,0.01,yes
2026-10-05T04:13:56.39879Z,KXBTC15M-26OCT050015-15,0.0020,31.05,no
2026-10-05T04:13:56.531283Z,KXBTC15M-26OCT050015-15,0.0030,299.12,yes
2026-10-05T04:13:56.569612Z,KXBTC15M-26OCT050015-15,0.0030,55.00,yes
2026-10-05T04:13:56.581217Z,KXBTC15M-26OCT050015-15,0.0030,305.35,yes
2026-10-05T04:13:56.598495Z,KXBTC15M-26OCT050015-15,0.0030,1.00,yes
2026-10-05T04:13:56.598495Z,KXBTC15M-26OCT050015-15,0.0030,190.62,yes
2026-10-05T04:13:56.598495Z,KXBTC15M-26OCT050015-15,0.0030,105.00,yes
2026-10-05T04:13:56.598495Z,KXBTC15M-26OCT050015-15,0.0030,157.31,yes
2026-10-05T04:13:56.598495Z,KXBTC15M-26OCT050015-15,0.0030,77.24,yes
2026-10-05T04:13:56.598495Z,KXBTC15M-26OCT050015-15,0.0030,79.55,yes
2026-10-05T04:13:56.671293Z,KXBTC15M-26OCT050015-15,0.0030,37.71,yes
2026-10-05T04:13:56.672069Z,KXBTC15M-26OCT050015-15,0.0020,87.16,no
2026-10-05T04:13:56.713028Z,KXBTC15M-26OCT050015-15,0.0020,63.62,no
2026-10-05T04:13:56.787978Z,KXBTC15M-26OCT050015-15,0.0030,20.07,yes
2026-10-05T04:13:56.84691Z,KXBTC15M-26OCT050015-15,0.0020,15.81,no
2026-10-05T04:13:56.883858Z,KXBTC15M-26OCT050015-15,0.0030,10.54,yes
2026-10-05T04:13:56.929203Z,KXBTC15M-26OCT050015-15,0.0030,200.00,yes
2026-10-05T04:13:56.934363Z,KXBTC15M-26OCT050015-15,0.0030,473.78,yes
2026-10-05T04:13:56.934363Z,KXBTC15M-26OCT050015-15,0.0030,526.22,yes
2026-10-05T04:13:56.947553Z,KXBTC15M-26OCT050015-15,0.0030,1.87,yes
2026-10-05T04:13:56.95882Z,KXBTC15M-26OCT050015-15,0.0030,61.08,yes
2026-10-05T04:13:57.004151Z,KXBTC15M-26OCT050015-15,0.0030,311.59,yes
2026-10-05T04:13:57.032636Z,KXBTC15M-26OCT050015-15,0.0030,26.42,yes
2026-10-05T04:13:57.0648Z,KXBTC15M-26OCT050015-15,0.0020,164.70,no
2026-10-05T04:13:57.07833Z,KXBTC15M-26OCT050015-15,0.0020,6.73,no
2026-10-05T04:13:57.090716Z,KXBTC15M-26OCT050015-15,0.0020,106.29,no
2026-10-05T04:13:57.106287Z,KXBTC15M-26OCT050015-15,0.0030,440.45,yes
2026-10-05T04:13:57.111391Z,KXBTC15M-26OCT050015-15,0.0030,18.23,yes
2026-10-05T04:13:57.121726Z,KXBTC15M-26OCT050015-15,0.0030,281.34,yes
2026-10-05T04:13:57.168476Z,KXBTC15M-26OCT050015-15,0.0020,18.49,no
2026-10-05T04:13:57.252589Z,KXBTC15M-26OCT050015-15,0.0020,30.05,no
2026-10-05T04:13:57.260052Z,KXBTC15M-26OCT050015-15,0.0020,188.35,no
2026-10-05T04:13:57.273415Z,KXBTC15M-26OCT050015-15,0.0030,899.64,yes
2026-10-05T04:13:57.335858Z,KXBTC15M-26OCT050015-15,0.0030,305.35,yes
2026-10-05T04:13:57.359917Z,KXBTC15M-26OCT050015-15,0.0030,155.79,yes
2026-10-05T04:13:57.372183Z,KXBTC15M-26OCT050015-15,0.0030,6.23,yes
2026-10-05T04:13:57.383931Z,KXBTC15M-26OCT050015-15,0.0030,50.00,yes
2026-10-05T04:13:57.393246Z,KXBTC15M-26OCT050015-15,0.0020,37.49,no
2026-10-05T04:13:57.428925Z,KXBTC15M-26OCT050015-15,0.0030,305.35,yes
2026-10-05T04:13:57.471605Z,KXBTC15M-26OCT050015-15,0.0030,54.96,yes
2026-10-05T04:13:57.542883Z,KXBTC15M-26OCT050015-15,0.0030,151.00,yes
2026-10-05T04:13:57.620766Z,KXBTC15M-26OCT050015-15,0.0020,176.53,no
2026-10-05T04:13:57.688191Z,KXBTC15M-26OCT050015-15,0.0030,62.51,yes
2026-10-05T04:13:57.688352Z,KXBTC15M-26OCT050015-15,0.0020,121.98,no
2026-10-05T04:13:57.699375Z,KXBTC15M-26OCT050015-15,0.0020,41.52,no
2026-10-05T04:13:57.706174Z,KXBTC15M-26OCT050015-15,0.0030,79.44,yes
2026-10-05T04:13:57.738328Z,KXBTC15M-26OCT050015-15,0.0030,155.79,yes
2026-10-05T04:13:57.744256Z,KXBTC15M-26OCT050015-15,0.0030,5.00,yes
2026-10-05T04:13:57.783855Z,KXBTC15M-26OCT050015-15,0.0020,20.03,no
2026-10-05T04:13:57.892641Z,KXBTC15M-26OCT050015-15,0.0030,53.88,yes
2026-10-05T04:13:58.026445Z,KXBTC15M-26OCT050015-15,0.0030,11.44,yes
2026-10-05T04:13:58.107658Z,KXBTC15M-26OCT050015-15,0.0030,1.28,yes
2026-10-05T04:13:58.131251Z,KXBTC15M-26OCT050015-15,0.0020,32.95,no
2026-10-05T04:13:58.142312Z,KXBTC15M-26OCT050015-15,0.0030,610.72,yes
2026-10-05T04:13:58.154009Z,KXBTC15M-26OCT050015-15,0.0030,670.44,yes
2026-10-05T04:13:58.183008Z,KXBTC15M-26OCT050015-15,0.0030,29.91,yes
2026-10-05T04:13:58.227885Z,KXBTC15M-26OCT050015-15,0.0030,28.00,yes
2026-10-05T04:13:58.283545Z,KXBTC15M-26OCT050015-15,0.0030,82.48,yes
2026-10-05T04:13:58.283545Z,KXBTC15M-26OCT050015-15,0.0030,528.24,yes
2026-10-05T04:13:58.399107Z,KXBTC15M-26OCT050015-15,0.0020,373.38,no
2026-10-05T04:13:58.413261Z,KXBTC15M-26OCT050015-15,0.0020,45.46,no
2026-10-05T04:13:58.436825Z,KXBTC15M-26OCT050015-15,0.0020,36.47,no
2026-10-05T04:13:58.456031Z,KXBTC15M-26OCT050015-15,0.0020,1.57,no
2026-10-05T04:13:58.48723Z,KXBTC15M-26OCT050015-15,0.0020,6.86,no
2026-10-05T04:13:58.50371Z,KXBTC15M-26OCT050015-15,0.0020,399.40,no
2026-10-05T04:13:58.516594Z,KXBTC15M-26OCT050015-15,0.0030,30.43,yes
2026-10-05T04:13:58.572665Z,KXBTC15M-26OCT050015-15,0.0020,240.24,no
2026-10-05T04:13:58.607021Z,KXBTC15M-26OCT050015-15,0.0030,131.21,yes
2026-10-05T04:13:58.607438Z,KXBTC15M-26OCT050015-15,0.0030,2.39,yes
2026-10-05T04:13:58.62292Z,KXBTC15M-26OCT050015-15,0.0020,39.24,no
2026-10-05T04:13:58.626019Z,KXBTC15M-26OCT050015-15,0.0020,342.00,no
2026-10-05T04:13:58.662221Z,KXBTC15M-26OCT050015-15,0.0030,18.60,yes
2026-10-05T04:13:58.723724Z,KXBTC15M-26OCT050015-15,0.0020,5409.00,no
2026-10-05T04:13:58.750755Z,KXBTC15M-26OCT050015-15,0.0030,1495.64,yes
2026-10-05T04:13:58.753292Z,KXBTC15M-26OCT050015-15,0.0020,901.67,no
2026-10-05T04:13:58.759235Z,KXBTC15M-26OCT050015-15,0.0020,75.00,no
2026-10-05T04:13:58.833545Z,KXBTC15M-26OCT050015-15,0.0020,142.21,no
2026-10-05T04:13:58.87219Z,KXBTC15M-26OCT050015-15,0.0020,667.24,no
2026-10-05T04:13:58.893557Z,KXBTC15M-26OCT050015-15,0.0030,2.05,yes
2026-10-05T04:13:58.916169Z,KXBTC15M-26OCT050015-15,0.0020,89.15,no
2026-10-05T04:13:58.951808Z,KXBTC15M-26OCT050015-15,0.0030,4.08,yes
2026-10-05T04:13:58.96705Z,KXBTC15M-26OCT050015-15,0.0030,176.88,yes
2026-10-05T04:13:59.02708Z,KXBTC15M-26OCT050015-15,0.0030,186.05,yes
2026-10-05T04:13:59.027696Z,KXBTC15M-26OCT050015-15,0.0020,145.27,no
2026-10-05T04:13:59.059773Z,KXBTC15M-26OCT050015-15,0.0030,1526.80,yes
2026-10-05T04:13:59.069376Z,KXBTC15M-26OCT050015-15,0.0030,28.53,yes
2026-10-05T04:13:59.120511Z,KXBTC15M-26OCT050015-15,0.0030,123.13,yes
2026-10-05T04:13:59.173393Z,KXBTC15M-26OCT050015-15,0.0020,39.40,no
2026-10-05T04:13:59.197017Z,KXBTC15M-26OCT050015-15,0.0030,164.70,yes
2026-10-05T04:13:59.197017Z,KXBTC15M-26OCT050015-15,0.0030,6.73,yes
2026-10-05T04:13:59.197017Z,KXBTC15M-26OCT050015-15,0.0030,6.99,yes
2026-10-05T04:13:59.197017Z,KXBTC15M-26OCT050015-15,0.0030,63.62,yes
2026-10-05T04:13:59.197017Z,KXBTC15M-26OCT050015-15,0.0030,233.56,yes
2026-10-05T04:13:59.197017Z,KXBTC15M-26OCT050015-15,0.0030,31.05,yes
2026-10-05T04:13:59.197017Z,KXBTC15M-26OCT050015-15,0.0030,0.01,yes
2026-10-05T04:13:59.197017Z,KXBTC15M-26OCT050015-15,0.0030,1.00,yes
2026-10-05T04:13:59.197017Z,KXBTC15M-26OCT050015-15,0.0030,87.16,yes
2026-10-05T04:13:59.197017Z,KXBTC15M-26OCT050015-15,0.0030,15.81,yes
2026-10-05T04:13:59.197017Z,KXBTC15M-26OCT050015-15,0.0030,0.08,yes
2026-10-05T04:13:59.197017Z,KXBTC15M-26OCT050015-15,0.0030,0.01,yes
2026-10-05T04:13:59.205613Z,KXBTC15M-26OCT050015-15,0.0020,1.00,no
2026-10-05T04:13:59.226357Z,KXBTC15M-26OCT050015-15,0.0020,3645.00,no
2026-10-05T04:13:59.264636Z,KXBTC15M-26OCT050015-15,0.0030,71.30,yes
2026-10-05T04:13:59.264636Z,KXBTC15M-26OCT050015-15,0.0030,99.30,yes
2026-10-05T04:13:59.270236Z,KXBTC15M-26OCT050015-15,0.0030,75.00,yes
2026-10-05T04:13:59.281189Z,KXBTC15M-26OCT050015-15,0.0020,1750.00,no
2026-10-05T04:13:59.303506Z,KXBTC15M-26OCT050015-15,0.0020,1.00,no
2026-10-05T04:13:59.369697Z,KXBTC15M-26OCT050015-15,0.0020,1.00,no
2026-10-05T04:13:59.381605Z,KXBTC15M-26OCT050015-15,0.0020,19874.96,no
2026-10-05T04:13:59.39068Z,KXBTC15M-26OCT050015-15,0.0020,14.38,no
2026-10-05T04:13:59.435324Z,KXBTC15M-26OCT050015-15,0.0020,1.00,no
2026-10-05T04:13:59.437803Z,KXBTC15M-26OCT050015-15,0.0020,118.91,no
2026-10-05T04:13:59.438271Z,KXBTC15M-26OCT050015-15,0.0020,17.36,no
2026-10-05T04:13:59.453721Z,KXBTC15M-26OCT050015-15,0.0030,61.68,yes
2026-10-05T04:13:59.696913Z,KXBTC15M-26OCT050015-15,0.0030,1049.89,yes
2026-10-05T04:13:59.696913Z,KXBTC15M-26OCT050015-15,0.0030,240.02,yes
2026-10-05T04:13:59.696913Z,KXBTC15M-26OCT050015-15,0.0030,188.35,yes
2026-10-05T04:13:59.696913Z,KXBTC15M-26OCT050015-15,0.0030,30.05,yes
2026-10-05T04:13:59.696913Z,KXBTC15M-26OCT050015-15,0.0030,18.49,yes
2026-10-05T04:13:59.782461Z,KXBTC15M-26OCT050015-15,0.0030,950.11,yes
2026-10-05T04:13:59.782461Z,KXBTC15M-26OCT050015-15,0.0030,176.53,yes
2026-10-05T04:13:59.782461Z,KXBTC15M-26OCT050015-15,0.0030,392.53,yes
2026-10-05T04:13:59.782461Z,KXBTC15M-26OCT050015-15,0.0030,37.49,yes
2026-10-05T04:13:59.928492Z,KXBTC15M-26OCT050015-15,0.0020,36.00,no
2026-10-05T04:13:59.952597Z,KXBTC15M-26OCT050015-15,0.0030,167.96,yes
2026-10-05T04:13:59.96097Z,KXBTC15M-26OCT050015-15,0.0030,83.51,yes
2026-10-05T04:13:59.96097Z,KXBTC15M-26OCT050015-15,0.0030,49.20,yes
2026-10-05T04:14:00.035074Z,KXBTC15M-26OCT050015-15,0.0020,1002.00,no
2026-10-05T04:14:00.072162Z,KXBTC15M-26OCT050015-15,0.0020,1.00,no
2026-10-05T04:14:00.074301Z,KXBTC15M-26OCT050015-15,0.0020,3000.00,no
2026-10-05T04:14:00.089975Z,KXBTC15M-26OCT050015-15,0.0020,105.07,no
2026-10-05T04:14:00.151349Z,KXBTC15M-26OCT050015-15,0.0030,3.06,yes
2026-10-05T04:14:00.153869Z,KXBTC15M-26OCT050015-15,0.0020,95.96,no
2026-10-05T04:14:00.169769Z,KXBTC15M-26OCT050015-15,0.0020,1.00,no
2026-10-05T04:14:00.223132Z,KXBTC15M-26OCT050015-15,0.0020,71.10,no
2026-10-05T04:14:00.258209Z,KXBTC15M-26OCT050015-15,0.0030,2.00,yes
2026-10-05T04:14:00.271712Z,KXBTC15M-26OCT050015-15,0.0030,41.52,yes
2026-10-05T04:14:00.271712Z,KXBTC15M-26OCT050015-15,0.0030,121.98,yes
2026-10-05T04:14:00.271712Z,KXBTC15M-26OCT050015-15,0.0030,111.74,yes
2026-10-05T04:14:00.271712Z,KXBTC15M-26OCT050015-15,0.0030,20.03,yes
2026-10-05T04:14:00.271712Z,KXBTC15M-26OCT050015-15,0.0030,160.87,yes
2026-10-05T04:14:00.271712Z,KXBTC15M-26OCT050015-15,0.0030,32.95,yes
2026-10-05T04:14:00.298885Z,KXBTC15M-26OCT050015-15,0.0020,801.49,no
2026-10-05T04:14:00.345059Z,KXBTC15M-26OCT050015-15,0.0020,11.05,no
2026-10-05T04:14:00.499815Z,KXBTC15M-26OCT050015-15,0.0020,15.36,no
2026-10-05T04:14:00.552221Z,KXBTC15M-26OCT050015-15,0.0030,2.00,yes
2026-10-05T04:14:00.603557Z,KXBTC15M-26OCT050015-15,0.0020,4111.89,no
2026-10-05T04:14:00.607889Z,KXBTC15M-26OCT050015-15,0.0020,11.00,no
2026-10-05T04:14:00.614649Z,KXBTC15M-26OCT050015-15,0.0030,5.02,yes
2026-10-05T04:14:00.615271Z,KXBTC15M-26OCT050015-15,0.0030,0.02,yes
2026-10-05T04:14:00.615699Z,KXBTC15M-26OCT050015-15,0.0020,5.00,no
2026-10-05T04:14:00.615835Z,KXBTC15M-26OCT050015-15,0.0030,0.02,yes
2026-10-05T04:14:00.643353Z,KXBTC15M-26OCT050015-15,0.0030,22.36,yes
2026-10-05T04:14:00.64797Z,KXBTC15M-26OCT050015-15,0.0030,240.24,yes
2026-10-05T04:14:00.64797Z,KXBTC15M-26OCT050015-15,0.0030,45.46,yes
2026-10-05T04:14:00.64797Z,KXBTC15M-26OCT050015-15,0.0030,1.57,yes
2026-10-05T04:14:00.64797Z,KXBTC15M-26OCT050015-15,0.0030,21.67,yes
2026-10-05T04:14:00.64797Z,KXBTC15M-26OCT050015-15,0.0030,183.09,yes
2026-10-05T04:14:00.64797Z,KXBTC15M-26OCT050015-15,0.0030,399.40,yes
2026-10-05T04:14:00.64797Z,KXBTC15M-26OCT050015-15,0.0030,36.47,yes
2026-10-05T04:14:00.64797Z,KXBTC15M-26OCT050015-15,0.0030,6.86,yes
2026-10-05T04:14:00.657032Z,KXBTC15M-26OCT050015-15,0.0020,410.41,no
2026-10-05T04:14:00.659277Z,KXBTC15M-26OCT050015-15,0.0020,10.01,no
2026-10-05T04:14:00.659399Z,KXBTC15M-26OCT050015-15,0.0020,11.15,no
2026-10-05T04:14:00.783904Z,KXBTC15M-26OCT050015-15,0.0020,2886.20,no
2026-10-05T04:14:00.797321Z,KXBTC15M-26OCT050015-15,0.0020,952.22,no
2026-10-05T04:14:00.797321Z,KXBTC15M-26OCT050015-15,0.0020,225.92,no
2026-10-05T04:14:00.797321Z,KXBTC15M-26OCT050015-15,0.0020,1000.00,no
2026-10-05T04:14:00.810103Z,KXBTC15M-26OCT050015-15,0.0020,83.95,no
2026-10-05T04:14:00.810697Z,KXBTC15M-26OCT050015-15,0.0020,71.10,no
2026-10-05T04:14:00.81107Z,KXBTC15M-26OCT050015-15,0.0020,75.00,no
2026-10-05T04:14:00.811287Z,KXBTC15M-26OCT050015-15,0.0020,145.27,no
2026-10-05T04:14:00.811413Z,KXBTC15M-26OCT050015-15,0.0020,398.76,no
2026-10-05T04:14:00.811413Z,KXBTC15M-26OCT050015-15,0.0020,402.73,no
2026-10-05T04:14:00.811469Z,KXBTC15M-26OCT050015-15,0.0020,105.07,no
2026-10-05T04:14:00.811487Z,KXBTC15M-26OCT050015-15,0.0020,410.41,no
2026-10-05T04:14:00.811676Z,KXBTC15M-26OCT050015-15,0.0020,561.46,no
2026-10-05T04:14:00.811676Z,KXBTC15M-26OCT050015-15,0.0020,2.00,no
2026-10-05T04:14:00.811676Z,KXBTC15M-26OCT050015-15,0.0020,15.00,no
2026-10-05T04:14:00.811676Z,KXBTC15M-26OCT050015-15,0.0020,14.65,no
2026-10-05T04:14:00.811676Z,KXBTC15M-26OCT050015-15,0.0020,245.30,no
2026-10-05T04:14:00.811676Z,KXBTC15M-26OCT050015-15,0.0020,5.00,no
2026-10-05T04:14:00.811676Z,KXBTC15M-26OCT050015-15,0.0020,26.00,no
2026-10-05T04:14:00.811676Z,KXBTC15M-26OCT050015-15,0.0020,3.00,no
2026-10-05T04:14:00.811676Z,KXBTC15M-26OCT050015-15,0.0020,3.00,no
2026-10-05T04:14:00.811676Z,KXBTC15M-26OCT050015-15,0.0020,3.00,no
2026-10-05T04:14:00.811676Z,KXBTC15M-26OCT050015-15,0.0020,3.00,no
2026-10-05T04:14:00.811676Z,KXBTC15M-26OCT050015-15,0.0020,3.00,no
2026-10-05T04:14:00.811676Z,KXBTC15M-26OCT050015-15,0.0020,200.00,no
2026-10-05T04:14:00.811676Z,KXBTC15M-26OCT050015-15,0.0020,200.00,no
2026-10-05T04:14:00.811676Z,KXBTC15M-26OCT050015-15,0.0020,1300.00,no
2026-10-05T04:14:00.811676Z,KXBTC15M-26OCT050015-15,0.0020,100.00,no
2026-10-05T04:14:00.811676Z,KXBTC15M-26OCT050015-15,0.0020,81.79,no
2026-10-05T04:14:00.811676Z,KXBTC15M-26OCT050015-15,0.0020,120.00,no
2026-10-05T04:14:00.811824Z,KXBTC15M-26OCT050015-15,0.0020,36.00,no
2026-10-05T04:14:00.811844Z,KXBTC15M-26OCT050015-15,0.0020,17.36,no
2026-10-05T04:14:00.811856Z,KXBTC15M-26OCT050015-15,0.0020,4577.48,no
2026-10-05T04:14:00.811856Z,KXBTC15M-26OCT050015-15,0.0020,500.00,no
2026-10-05T04:14:00.811856Z,KXBTC15M-26OCT050015-15,0.0020,28.00,no
2026-10-05T04:14:00.811856Z,KXBTC15M-26OCT050015-15,0.0020,15.00,no
2026-10-05T04:14:00.811856Z,KXBTC15M-26OCT050015-15,0.0020,0.01,no
2026-10-05T04:14:00.811856Z,KXBTC15M-26OCT050015-15,0.0020,0.01,no
2026-10-05T04:14:00.845688Z,KXBTC15M-26OCT050015-15,0.0020,101.16,yes
2026-10-05T04:14:00.869369Z,KXBTC15M-26OCT050015-15,0.0020,311.59,yes
2026-10-05T04:14:00.9243Z,KXBTC15M-26OCT050015-15,0.0010,110.94,no
2026-10-05T04:14:00.96494Z,KXBTC15M-26OCT050015-15,0.0020,311.59,yes
2026-10-05T04:14:00.978206Z,KXBTC15M-26OCT050015-15,0.0020,34.04,yes
2026-10-05T04:14:01.026068Z,KXBTC15M-26OCT050015-15,0.0010,584.00,no
2026-10-05T04:14:01.027765Z,KXBTC15M-26OCT050015-15,0.0010,6.98,no
2026-10-05T04:14:01.052752Z,KXBTC15M-26OCT050015-15,0.0010,75.59,no
2026-10-05T04:14:01.05692Z,KXBTC15M-26OCT050015-15,0.0020,42.16,yes
2026-10-05T04:14:01.246315Z,KXBTC15M-26OCT050015-15,0.0020,2000.00,yes
2026-10-05T04:14:01.268556Z,KXBTC15M-26OCT050015-15,0.0010,80.07,no
2026-10-05T04:14:01.363748Z,KXBTC15M-26OCT050015-15,0.0010,152.71,no
2026-10-05T04:14:01.407381Z,KXBTC15M-26OCT050015-15,0.0010,1001.00,no
2026-10-05T04:14:01.504484Z,KXBTC15M-26OCT050015-15,0.0020,137.43,yes
2026-10-05T04:14:01.525525Z,KXBTC15M-26OCT050015-15,0.0020,0.02,yes
2026-10-05T04:14:01.587451Z,KXBTC15M-26OCT050015-15,0.0020,1719.00,yes
2026-10-05T04:14:01.655027Z,KXBTC15M-26OCT050015-15,0.0020,17.00,yes
2026-10-05T04:14:01.660857Z,KXBTC15M-26OCT050015-15,0.0020,7.14,yes
2026-10-05T04:14:01.662747Z,KXBTC15M-26OCT050015-15,0.0020,71.03,yes
2026-10-05T04:14:01.690859Z,KXBTC15M-26OCT050015-15,0.0010,100.09,no
2026-10-05T04:14:01.704371Z,KXBTC15M-26OCT050015-15,0.0010,50.59,no
2026-10-05T04:14:01.707444Z,KXBTC15M-26OCT050015-15,0.0020,39.24,yes
2026-10-05T04:14:01.707444Z,KXBTC15M-26OCT050015-15,0.0020,10002.30,yes
2026-10-05T04:14:01.707444Z,KXBTC15M-26OCT050015-15,0.0020,3698.58,yes
2026-10-05T04:14:01.749474Z,KXBTC15M-26OCT050015-15,0.0010,1.00,no
2026-10-05T04:14:01.822378Z,KXBTC15M-26OCT050015-15,0.0010,400.00,no
2026-10-05T04:14:01.855031Z,KXBTC15M-26OCT050015-15,0.0020,22.92,yes
2026-10-05T04:14:01.897748Z,KXBTC15M-26OCT050015-15,0.0020,6.00,yes
2026-10-05T04:14:01.912761Z,KXBTC15M-26OCT050015-15,0.0020,5.20,yes
2026-10-05T04:14:01.938562Z,KXBTC15M-26OCT050015-15,0.0020,100.00,yes
2026-10-05T04:14:01.944001Z,KXBTC15M-26OCT050015-15,0.0020,58.55,yes
2026-10-05T04:14:01.993142Z,KXBTC15M-26OCT050015-15,0.0020,667.24,yes
2026-10-05T04:14:01.993142Z,KXBTC15M-26OCT050015-15,0.0020,39.40,yes
2026-10-05T04:14:01.993142Z,KXBTC15M-26OCT050015-15,0.0020,26.68,yes
2026-10-05T04:14:01.993142Z,KXBTC15M-26OCT050015-15,0.0020,220.64,yes
2026-10-05T04:14:02.059723Z,KXBTC15M-26OCT050015-15,0.0010,111.56,no
2026-10-05T04:14:02.094012Z,KXBTC15M-26OCT050015-15,0.0020,54.96,yes
2026-10-05T04:14:02.135988Z,KXBTC15M-26OCT050015-15,0.0020,331.59,yes
2026-10-05T04:14:02.135988Z,KXBTC15M-26OCT050015-15,0.0020,89.15,yes
2026-10-05T04:14:02.135988Z,KXBTC15M-26OCT050015-15,0.0020,37.27,yes
2026-10-05T04:14:02.196007Z,KXBTC15M-26OCT050015-15,0.0010,36.01,no
2026-10-05T04:14:02.212938Z,KXBTC15M-26OCT050015-15,0.0020,467.36,yes
2026-10-05T04:14:02.22109Z,KXBTC15M-26OCT050015-15,0.0010,76.00,no
2026-10-05T04:14:02.382715Z,KXBTC15M-26OCT050015-15,0.0010,23.42,no
2026-10-05T04:14:02.38762Z,KXBTC15M-26OCT050015-15,0.0020,48.14,yes
2026-10-05T04:14:02.398711Z,KXBTC15M-26OCT050015-15,0.0020,100.00,yes
2026-10-05T04:14:02.413099Z,KXBTC15M-26OCT050015-15,0.0010,1.76,no
2026-10-05T04:14:02.436634Z,KXBTC15M-26OCT050015-15,0.0020,44.10,yes
2026-10-05T04:14:02.443203Z,KXBTC15M-26OCT050015-15,0.0020,88.79,yes
2026-10-05T04:14:02.525876Z,KXBTC15M-26OCT050015-15,0.0010,100.00,no
2026-10-05T04:14:02.554892Z,KXBTC15M-26OCT050015-15,0.0020,916.02,yes
2026-10-05T04:14:02.586782Z,KXBTC15M-26OCT050015-15,0.0010,50.04,no
2026-10-05T04:14:02.597632Z,KXBTC15M-26OCT050015-15,0.0020,53.29,yes
2026-10-05T04:14:02.614143Z,KXBTC15M-26OCT050015-15,0.0020,458.01,yes
2026-10-05T04:14:02.677926Z,KXBTC15M-26OCT050015-15,0.0020,6.00,yes
2026-10-05T04:14:02.682791Z,KXBTC15M-26OCT050015-15,0.0010,17.01,no
2026-10-05T04:14:02.707018Z,KXBTC15M-26OCT050015-15,0.0010,61.77,no
2026-10-05T04:14:02.767373Z,KXBTC15M-26OCT050015-15,0.0010,15.47,no
2026-10-05T04:14:02.938137Z,KXBTC15M-26OCT050015-15,0.0020,40.86,yes
2026-10-05T04:14:02.942106Z,KXBTC15M-26OCT050015-15,0.0020,3.17,yes
2026-10-05T04:14:02.97832Z,KXBTC15M-26OCT050015-15,0.0020,10.00,yes
2026-10-05T04:14:03.011442Z,KXBTC15M-26OCT050015-15,0.0010,152.71,no
2026-10-05T04:14:03.025451Z,KXBTC15M-26OCT050015-15,0.0020,26.32,yes
2026-10-05T04:14:03.080785Z,KXBTC15M-26OCT050015-15,0.0020,45.80,yes
2026-10-05T04:14:03.083511Z,KXBTC15M-26OCT050015-15,0.0020,50.00,yes
2026-10-05T04:14:03.091082Z,KXBTC15M-26OCT050015-15,0.0020,458.01,yes
2026-10-05T04:14:03.18271Z,KXBTC15M-26OCT050015-15,0.0020,458.01,yes
2026-10-05T04:14:03.214296Z,KXBTC15M-26OCT050015-15,0.0010,17.69,no
2026-10-05T04:14:03.267251Z,KXBTC15M-26OCT050015-15,0.0020,1.00,yes
2026-10-05T04:14:03.282563Z,KXBTC15M-26OCT050015-15,0.0020,1802.53,yes
2026-10-05T04:14:03.282563Z,KXBTC15M-26OCT050015-15,0.0020,29.52,yes
2026-10-05T04:14:03.328296Z,KXBTC15M-26OCT050015-15,0.0020,55.16,yes
2026-10-05T04:14:03.339519Z,KXBTC15M-26OCT050015-15,0.0020,5.09,yes
2026-10-05T04:14:03.455093Z,KXBTC15M-26OCT050015-15,0.0010,500.46,no
2026-10-05T04:14:03.462196Z,KXBTC15M-26OCT050015-15,0.0020,451.34,yes
2026-10-05T04:14:03.521964Z,KXBTC15M-26OCT050015-15,0.0020,45.12,yes
2026-10-05T04:14:03.539702Z,KXBTC15M-26OCT050015-15,0.0010,5295.00,no
2026-10-05T04:14:03.555031Z,KXBTC15M-26OCT050015-15,0.0020,141.84,yes
2026-10-05T04:14:03.638987Z,KXBTC15M-26OCT050015-15,0.0020,114.50,yes
2026-10-05T04:14:03.701061Z,KXBTC15M-26OCT050015-15,0.0010,45.28,no
2026-10-05T04:14:03.703028Z,KXBTC15M-26OCT050015-15,0.0020,59.10,yes
2026-10-05T04:14:03.703028Z,KXBTC15M-26OCT050015-15,0.0020,398.91,yes
2026-10-05T04:14:03.704668Z,KXBTC15M-26OCT050015-15,0.0020,229.01,yes
2026-10-05T04:14:03.737738Z,KXBTC15M-26OCT050015-15,0.0010,19.70,no
2026-10-05T04:14:03.754988Z,KXBTC15M-26OCT050015-15,0.0010,24.43,no
2026-10-05T04:14:03.851958Z,KXBTC15M-26OCT050015-15,0.0020,4.59,yes
2026-10-05T04:14:03.860494Z,KXBTC15M-26OCT050015-15,0.0020,88.52,yes
2026-10-05T04:14:03.860494Z,KXBTC15M-26OCT050015-15,0.0020,369.49,yes
2026-10-05T04:14:03.942505Z,KXBTC15M-26OCT050015-15,0.0020,45.80,yes
2026-10-05T04:14:03.95847Z,KXBTC15M-26OCT050015-15,0.0010,200.18,no
2026-10-05T04:14:03.991538Z,KXBTC15M-26OCT050015-15,0.0020,207.68,yes
2026-10-05T04:14:03.991538Z,KXBTC15M-26OCT050015-15,0.0020,446.59,yes
2026-10-05T04:14:04.020119Z,KXBTC15M-26OCT050015-15,0.0010,500.46,no
2026-10-05T04:14:04.031053Z,KXBTC15M-26OCT050015-15,0.0020,448.87,yes
2026-10-05T04:14:04.159321Z,KXBTC15M-26OCT050015-15,0.0020,155.00,yes
2026-10-05T04:14:04.178096Z,KXBTC15M-26OCT050015-15,0.0020,4.50,yes
2026-10-05T04:14:04.253773Z,KXBTC15M-26OCT050015-15,0.0010,11.32,no
2026-10-05T04:14:04.383674Z,KXBTC15M-26OCT050015-15,0.0010,19.90,no
2026-10-05T04:14:04.446353Z,KXBTC15M-26OCT050015-15,0.0010,84.16,no
2026-10-05T04:14:04.568778Z,KXBTC15M-26OCT050015-15,0.0020,134.63,yes
2026-10-05T04:14:04.574589Z,KXBTC15M-26OCT050015-15,0.0010,400.00,no
2026-10-05T04:14:04.5748Z,KXBTC15M-26OCT050015-15,0.0010,30.03,no
2026-10-05T04:14:04.577031Z,KXBTC15M-26OCT050015-15,0.0010,200.00,no
2026-10-05T04:14:04.577784Z,KXBTC15M-26OCT050015-15,0.0010,300.00,no
2026-10-05T04:14:04.642762Z,KXBTC15M-26OCT050015-15,0.0010,5004.65,no
2026-10-05T04:14:04.645686Z,KXBTC15M-26OCT050015-15,0.0010,100.00,no
2026-10-05T04:14:04.693379Z,KXBTC15M-26OCT050015-15,0.0010,100.09,no
2026-10-05T04:14:04.753343Z,KXBTC15M-26OCT050015-15,0.0010,552.82,no
2026-10-05T04:14:04.764951Z,KXBTC15M-26OCT050015-15,0.0020,229.01,yes
2026-10-05T04:14:04.953678Z,KXBTC15M-26OCT050015-15,0.0010,200.00,no
2026-10-05T04:14:05.016123Z,KXBTC15M-26OCT050015-15,0.0010,12.00,no
2026-10-05T04:14:05.063394Z,KXBTC15M-26OCT050015-15,0.0010,22.64,no
2026-10-05T04:14:05.161073Z,KXBTC15M-26OCT050015-15,0.0010,8.00,no
2026-10-05T04:14:05.189862Z,KXBTC15M-26OCT050015-15,0.0020,458.01,yes
2026-10-05T04:14:05.238443Z,KXBTC15M-26OCT050015-15,0.0020,458.01,yes
2026-10-05T04:14:05.261093Z,KXBTC15M-26OCT050015-15,0.0020,287.82,yes
2026-10-05T04:14:05.263969Z,KXBTC15M-26OCT050015-15,0.0020,11.05,yes
2026-10-05T04:14:05.30501Z,KXBTC15M-26OCT050015-15,0.0020,23.59,yes
2026-10-05T04:14:05.30893Z,KXBTC15M-26OCT050015-15,0.0020,2.06,yes
2026-10-05T04:14:05.397409Z,KXBTC15M-26OCT050015-15,0.0020,458.01,yes
2026-10-05T04:14:05.401138Z,KXBTC15M-26OCT050015-15,0.0020,142.21,yes
2026-10-05T04:14:05.401138Z,KXBTC15M-26OCT050015-15,0.0020,1619.99,yes
2026-10-05T04:14:05.401138Z,KXBTC15M-26OCT050015-15,0.0020,527.85,yes
2026-10-05T04:14:05.438538Z,KXBTC15M-26OCT050015-15,0.0010,406.93,no
2026-10-05T04:14:05.445899Z,KXBTC15M-26OCT050015-15,0.0010,4.26,no
2026-10-05T04:14:05.45557Z,KXBTC15M-26OCT050015-15,0.0020,45.36,yes
2026-10-05T04:14:05.535956Z,KXBTC15M-26OCT050015-15,0.0010,54.01,no
2026-10-05T04:14:05.537606Z,KXBTC15M-26OCT050015-15,0.0020,9.01,yes
2026-10-05T04:14:05.703047Z,KXBTC15M-26OCT050015-15,0.0010,25.67,no
2026-10-05T04:14:05.723679Z,KXBTC15M-26OCT050015-15,0.0020,0.08,yes
2026-10-05T04:14:05.723679Z,KXBTC15M-26OCT050015-15,0.0020,0.01,yes
2026-10-05T04:14:05.723679Z,KXBTC15M-26OCT050015-15,0.0020,110.94,yes
2026-10-05T04:14:05.723679Z,KXBTC15M-26OCT050015-15,0.0020,3000.00,yes
2026-10-05T04:14:05.723679Z,KXBTC15M-26OCT050015-15,0.0020,95.96,yes
2026-10-05T04:14:05.723679Z,KXBTC15M-26OCT050015-15,0.0020,952.22,yes
2026-10-05T04:14:05.723679Z,KXBTC15M-26OCT050015-15,0.0020,144.00,yes
2026-10-05T04:14:05.723679Z,KXBTC15M-26OCT050015-15,0.0020,75.64,yes
2026-10-05T04:14:05.723679Z,KXBTC15M-26OCT050015-15,0.0020,201.21,yes
2026-10-05T04:14:05.733333Z,KXBTC15M-26OCT050015-15,0.0010,285.72,no
2026-10-05T04:14:05.735402Z,KXBTC15M-26OCT050015-15,0.0020,238.17,yes
2026-10-05T04:14:05.847173Z,KXBTC15M-26OCT050015-15,0.0010,22.31,no
2026-10-05T04:14:05.853606Z,KXBTC15M-26OCT050015-15,0.0010,5.00,no
2026-10-05T04:14:05.930002Z,KXBTC15M-26OCT050015-15,0.0010,18998.43,no
2026-10-05T04:14:05.930002Z,KXBTC15M-26OCT050015-15,0.0010,2338.57,no
2026-10-05T04:14:05.961735Z,KXBTC15M-26OCT050015-15,0.0010,9.00,no
2026-10-05T04:14:05.97645Z,KXBTC15M-26OCT050015-15,0.0010,401.88,no
2026-10-05T04:14:05.993128Z,KXBTC15M-26OCT050015-15,0.0010,15.76,no
2026-10-05T04:14:06.034518Z,KXBTC15M-26OCT050015-15,0.0020,21.76,yes
2026-10-05T04:14:06.083297Z,KXBTC15M-26OCT050015-15,0.0010,35.13,no
2026-10-05T04:14:06.117696Z,KXBTC15M-26OCT050015-15,0.0020,80.07,yes
2026-10-05T04:14:06.117696Z,KXBTC15M-26OCT050015-15,0.0020,477.81,yes
2026-10-05T04:14:06.117696Z,KXBTC15M-26OCT050015-15,0.0020,152.71,yes
2026-10-05T04:14:06.117696Z,KXBTC15M-26OCT050015-15,0.0020,6.98,yes
2026-10-05T04:14:06.117696Z,KXBTC15M-26OCT050015-15,0.0020,75.59,yes
2026-10-05T04:14:06.117696Z,KXBTC15M-26OCT050015-15,0.0020,122.86,yes
2026-10-05T04:14:06.128095Z,KXBTC15M-26OCT050015-15,0.0010,20.00,no
2026-10-05T04:14:06.180408Z,KXBTC15M-26OCT050015-15,0.0010,10.00,no
2026-10-05T04:14:06.191047Z,KXBTC15M-26OCT050015-15,0.0010,10.00,no
2026-10-05T04:14:06.21081Z,KXBTC15M-26OCT050015-15,0.0020,383.44,yes
2026-10-05T04:14:06.418806Z,KXBTC15M-26OCT050015-15,0.0020,111.00,yes
2026-10-05T04:14:06.438764Z,KXBTC15M-26OCT050015-15,0.0020,151.11,yes
2026-10-05T04:14:06.438764Z,KXBTC15M-26OCT050015-15,0.0020,28.75,yes
2026-10-05T04:14:06.438764Z,KXBTC15M-26OCT050015-15,0.0020,50.59,yes
2026-10-05T04:14:06.438764Z,KXBTC15M-26OCT050015-15,0.0020,1.00,yes
2026-10-05T04:14:06.438764Z,KXBTC15M-26OCT050015-15,0.0020,100.09,yes
2026-10-05T04:14:06.438764Z,KXBTC15M-26OCT050015-15,0.0020,0.01,yes
2026-10-05T04:14:06.438764Z,KXBTC15M-26OCT050015-15,0.0020,7.37,yes
2026-10-05T04:14:06.445034Z,KXBTC15M-26OCT050015-15,0.0020,91.75,yes
2026-10-05T04:14:06.474455Z,KXBTC15M-26OCT050015-15,0.0020,18.12,yes
2026-10-05T04:14:06.474455Z,KXBTC15M-26OCT050015-15,0.0020,36.01,yes
2026-10-05T04:14:06.474455Z,KXBTC15M-26OCT050015-15,0.0020,111.56,yes
2026-10-05T04:14:06.474455Z,KXBTC15M-26OCT050015-15,0.0020,157.14,yes
2026-10-05T04:14:06.507886Z,KXBTC15M-26OCT050015-15,0.0010,100.09,no
2026-10-05T04:14:06.514419Z,KXBTC15M-26OCT050015-15,0.0010,255.23,no
2026-10-05T04:14:06.58713Z,KXBTC15M-26OCT050015-15,0.0010,144.48,no
2026-10-05T04:14:06.58713Z,KXBTC15M-26OCT050015-15,0.0010,35.68,no
2026-10-05T04:14:06.5876Z,KXBTC15M-26OCT050015-15,0.0020,5.84,yes
2026-10-05T04:14:06.605303Z,KXBTC15M-26OCT050015-15,0.0020,0.02,yes
2026-10-05T04:14:06.676334Z,KXBTC15M-26OCT050015-15,0.0010,100.09,no
2026-10-05T04:14:06.732436Z,KXBTC15M-26OCT050015-15,0.0010,29.17,no
2026-10-05T04:14:06.766656Z,KXBTC15M-26OCT050015-15,0.0020,100.00,yes
2026-10-05T04:14:06.766656Z,KXBTC15M-26OCT050015-15,0.0020,23.42,yes
2026-10-05T04:14:06.766656Z,KXBTC15M-26OCT050015-15,0.0020,1.76,yes
2026-10-05T04:14:06.766656Z,KXBTC15M-26OCT050015-15,0.0020,52.02,yes
2026-10-05T04:14:06.766656Z,KXBTC15M-26OCT050015-15,0.0020,50.04,yes
2026-10-05T04:14:06.766656Z,KXBTC15M-26OCT050015-15,0.0020,17.01,yes
2026-10-05T04:14:06.766656Z,KXBTC15M-26OCT050015-15,0.0020,5.93,yes
2026-10-05T04:14:06.820298Z,KXBTC15M-26OCT050015-15,0.0010,155.41,no
2026-10-05T04:14:06.827937Z,KXBTC15M-26OCT050015-15,0.0020,5.07,yes
2026-10-05T04:14:06.845708Z,KXBTC15M-26OCT050015-15,0.0020,21.76,yes
2026-10-05T04:14:06.846318Z,KXBTC15M-26OCT050015-15,0.0020,29.01,yes
2026-10-05T04:14:06.846318Z,KXBTC15M-26OCT050015-15,0.0020,15.47,yes
2026-10-05T04:14:06.846318Z,KXBTC15M-26OCT050015-15,0.0020,152.71,yes
2026-10-05T04:14:06.846318Z,KXBTC15M-26OCT050015-15,0.0020,500.46,yes
2026-10-05T04:14:06.846318Z,KXBTC15M-26OCT050015-15,0.0020,17.69,yes
2026-10-05T04:14:06.846318Z,KXBTC15M-26OCT050015-15,0.0020,512.11,yes
2026-10-05T04:14:06.849035Z,KXBTC15M-26OCT050015-15,0.0010,5.00,no
2026-10-05T04:14:06.957257Z,KXBTC15M-26OCT050015-15,0.0010,64.29,no
2026-10-05T04:14:07.001203Z,KXBTC15M-26OCT050015-15,0.0010,13.22,no
2026-10-05T04:14:07.103997Z,KXBTC15M-26OCT050015-15,0.0020,49.68,yes
2026-10-05T04:14:07.233416Z,KXBTC15M-26OCT050015-15,0.0010,15.38,no
2026-10-05T04:14:07.264237Z,KXBTC15M-26OCT050015-15,0.0010,17.61,no
2026-10-05T04:14:07.353595Z,KXBTC15M-26OCT050015-15,0.0020,22.92,yes
2026-10-05T04:14:07.490926Z,KXBTC15M-26OCT050015-15,0.0020,30.15,yes
2026-10-05T04:14:07.495352Z,KXBTC15M-26OCT050015-15,0.0010,305.35,no
2026-10-05T04:14:07.564625Z,KXBTC15M-26OCT050015-15,0.0010,500.00,no
2026-10-05T04:14:07.565917Z,KXBTC15M-26OCT050015-15,0.0010,400.00,no
2026-10-05T04:14:07.567607Z,KXBTC15M-26OCT050015-15,0.0010,300.00,no
2026-10-05T04:14:07.604845Z,KXBTC15M-26OCT050015-15,0.0010,100.00,no
2026-10-05T04:14:07.634397Z,KXBTC15M-26OCT050015-15,0.0010,25.02,no
2026-10-05T04:14:07.648529Z,KXBTC15M-26OCT050015-15,0.0010,200.00,no
2026-10-05T04:14:07.664862Z,KXBTC15M-26OCT050015-15,0.0010,6.33,no
2026-10-05T04:14:07.70966Z,KXBTC15M-26OCT050015-15,0.0010,7.85,no
2026-10-05T04:14:07.71197Z,KXBTC15M-26OCT050015-15,0.0010,1.00,no
2026-10-05T04:14:07.772273Z,KXBTC15M-26OCT050015-15,0.0010,24.85,no
2026-10-05T04:14:07.827687Z,KXBTC15M-26OCT050015-15,0.0010,20.00,no
2026-10-05T04:14:07.925227Z,KXBTC15M-26OCT050015-15,0.0020,527.07,yes
2026-10-05T04:14:07.988305Z,KXBTC15M-26OCT050015-15,0.0010,12.01,no
2026-10-05T04:14:07.992141Z,KXBTC15M-26OCT050015-15,0.0010,1.98,no
2026-10-05T04:14:07.995705Z,KXBTC15M-26OCT050015-15,0.0020,3664.06,yes
2026-10-05T04:14:08.030265Z,KXBTC15M-26OCT050015-15,0.0020,2.43,yes
2026-10-05T04:14:08.056334Z,KXBTC15M-26OCT050015-15,0.0010,50.64,no
2026-10-05T04:14:08.130157Z,KXBTC15M-26OCT050015-15,0.0010,162.84,no
2026-10-05T04:14:08.134314Z,KXBTC15M-26OCT050015-15,0.0010,12.58,no
2026-10-05T04:14:08.135093Z,KXBTC15M-26OCT050015-15,0.0010,100.00,no
2026-10-05T04:14:08.246341Z,KXBTC15M-26OCT050015-15,0.0010,2.00,no
2026-10-05T04:14:08.264832Z,KXBTC15M-26OCT050015-15,0.0020,27.75,yes
2026-10-05T04:14:08.360387Z,KXBTC15M-26OCT050015-15,0.0010,1085.00,no
2026-10-05T04:14:08.476941Z,KXBTC15M-26OCT050015-15,0.0020,91.58,yes
2026-10-05T04:14:08.496124Z,KXBTC15M-26OCT050015-15,0.0020,300.00,yes
2026-10-05T04:14:08.562161Z,KXBTC15M-26OCT050015-15,0.0020,254.09,yes
2026-10-05T04:14:08.562161Z,KXBTC15M-26OCT050015-15,0.0020,24.43,yes
2026-10-05T04:14:08.562161Z,KXBTC15M-26OCT050015-15,0.0020,67.25,yes
2026-10-05T04:14:08.562161Z,KXBTC15M-26OCT050015-15,0.0020,45.28,yes
2026-10-05T04:14:08.562161Z,KXBTC15M-26OCT050015-15,0.0020,19.70,yes
2026-10-05T04:14:08.562161Z,KXBTC15M-26OCT050015-15,0.0020,200.18,yes
2026-10-05T04:14:08.607271Z,KXBTC15M-26OCT050015-15,0.0010,0.03,no
2026-10-05T04:14:08.644473Z,KXBTC15M-26OCT050015-15,0.0010,13.00,no
2026-10-05T04:14:08.750909Z,KXBTC15M-26OCT050015-15,0.0020,19.90,yes
2026-10-05T04:14:08.750909Z,KXBTC15M-26OCT050015-15,0.0020,246.37,yes
2026-10-05T04:14:08.750909Z,KXBTC15M-26OCT050015-15,0.0020,11.32,yes
2026-10-05T04:14:08.750909Z,KXBTC15M-26OCT050015-15,0.0020,10.08,yes
2026-10-05T04:14:08.831128Z,KXBTC15M-26OCT050015-15,0.0010,18.61,no
2026-10-05T04:14:08.861949Z,KXBTC15M-26OCT050015-15,0.0010,400.00,no
2026-10-05T04:14:08.869392Z,KXBTC15M-26OCT050015-15,0.0010,2.00,no
2026-10-05T04:14:08.900689Z,KXBTC15M-26OCT050015-15,0.0010,53.00,no
2026-10-05T04:14:08.970362Z,KXBTC15M-26OCT050015-15,0.0020,3.52,yes
2026-10-05T04:14:08.970362Z,KXBTC15M-26OCT050015-15,0.0020,14.92,yes
2026-10-05T04:14:09.046711Z,KXBTC15M-26OCT050015-15,0.0020,80.64,yes
2026-10-05T04:14:09.046711Z,KXBTC15M-26OCT050015-15,0.0020,87.70,yes
2026-10-05T04:14:09.063322Z,KXBTC15M-26OCT050015-15,0.0020,40.00,yes
2026-10-05T04:14:09.100643Z,KXBTC15M-26OCT050015-15,0.0010,20000.00,no
2026-10-05T04:14:09.104182Z,KXBTC15M-26OCT050015-15,0.0010,5186.94,no
2026-10-05T04:14:09.104182Z,KXBTC15M-26OCT050015-15,0.0010,4758.06,no
2026-10-05T04:14:09.127207Z,KXBTC15M-26OCT050015-15,0.0020,1.00,yes
2026-10-05T04:14:09.127207Z,KXBTC15M-26OCT050015-15,0.0020,14.19,yes
2026-10-05T04:14:09.182757Z,KXBTC15M-26OCT050015-15,0.0020,80.00,yes
2026-10-05T04:14:09.210821Z,KXBTC15M-26OCT050015-15,0.0020,341.03,yes
2026-10-05T04:14:09.300548Z,KXBTC15M-26OCT050015-15,0.0010,10.00,no
2026-10-05T04:14:09.316922Z,KXBTC15M-26OCT050015-15,0.0010,1.06,no
2026-10-05T04:14:09.367628Z,KXBTC15M-26OCT050015-15,0.0010,1227.22,no
2026-10-05T04:14:09.384538Z,KXBTC15M-26OCT050015-15,0.0010,415.97,no
2026-10-05T04:14:09.434539Z,KXBTC15M-26OCT050015-15,0.0020,11.99,yes
2026-10-05T04:14:09.455489Z,KXBTC15M-26OCT050015-15,0.0020,9.59,yes
2026-10-05T04:14:09.493673Z,KXBTC15M-26OCT050015-15,0.0020,7.18,yes
2026-10-05T04:14:09.538529Z,KXBTC15M-26OCT050015-15,0.0010,23.39,no
2026-10-05T04:14:09.604764Z,KXBTC15M-26OCT050015-15,0.0020,35.16,yes
2026-10-05T04:14:09.617046Z,KXBTC15M-26OCT050015-15,0.0010,2000.00,no
2026-10-05T04:14:09.617482Z,KXBTC15M-26OCT050015-15,0.0010,100.00,no
2026-10-05T04:14:09.618594Z,KXBTC15M-26OCT050015-15,0.0010,1000.00,no
2026-10-05T04:14:09.638151Z,KXBTC15M-26OCT050015-15,0.0010,500.00,no
2026-10-05T04:14:09.657194Z,KXBTC15M-26OCT050015-15,0.0010,1500.00,no
2026-10-05T04:14:09.685066Z,KXBTC15M-26OCT050015-15,0.0020,458.01,yes
2026-10-05T04:14:09.70252Z,KXBTC15M-26OCT050015-15,0.0010,400.00,no
2026-10-05T04:14:09.745843Z,KXBTC15M-26OCT050015-15,0.0020,100.09,yes
2026-10-05T04:14:09.745843Z,KXBTC15M-26OCT050015-15,0.0020,16.45,yes
2026-10-05T04:14:09.745843Z,KXBTC15M-26OCT050015-15,0.0020,35.68,yes
2026-10-05T04:14:09.745843Z,KXBTC15M-26OCT050015-15,0.0020,29.17,yes
2026-10-05T04:14:09.745843Z,KXBTC15M-26OCT050015-15,0.0020,0.01,yes
2026-10-05T04:14:09.745843Z,KXBTC15M-26OCT050015-15,0.0020,0.08,yes
2026-10-05T04:14:09.745843Z,KXBTC15M-26OCT050015-15,0.0020,0.01,yes
2026-10-05T04:14:09.745843Z,KXBTC15M-26OCT050015-15,0.0020,42.85,yes
2026-10-05T04:14:09.771605Z,KXBTC15M-26OCT050015-15,0.0020,9.34,yes
2026-10-05T04:14:09.844337Z,KXBTC15M-26OCT050015-15,0.0020,65.00,yes
2026-10-05T04:14:09.853259Z,KXBTC15M-26OCT050015-15,0.0010,6.00,no
2026-10-05T04:14:09.943428Z,KXBTC15M-26OCT050015-15,0.0020,64.29,yes
2026-10-05T04:14:09.943428Z,KXBTC15M-26OCT050015-15,0.0020,5.00,yes
2026-10-05T04:14:09.943428Z,KXBTC15M-26OCT050015-15,0.0020,64.62,yes
2026-10-05T04:14:09.943428Z,KXBTC15M-26OCT050015-15,0.0020,11.01,yes
2026-10-05T04:14:10.121683Z,KXBTC15M-26OCT050015-15,0.0010,18.22,no
2026-10-05T04:14:10.172539Z,KXBTC15M-26OCT050015-15,0.0020,2.47,yes
2026-10-05T04:14:10.172539Z,KXBTC15M-26OCT050015-15,0.0020,2.21,yes
2026-10-05T04:14:10.182425Z,KXBTC15M-26OCT050015-15,0.0010,3.45,no
2026-10-05T04:14:10.18652Z,KXBTC15M-26OCT050015-15,0.0010,2.00,no
2026-10-05T04:14:10.189107Z,KXBTC15M-26OCT050015-15,0.0020,50.64,yes
2026-10-05T04:14:10.189107Z,KXBTC15M-26OCT050015-15,0.0020,1.98,yes
2026-10-05T04:14:10.189107Z,KXBTC15M-26OCT050015-15,0.0020,2529.51,yes
2026-10-05T04:14:10.189107Z,KXBTC15M-26OCT050015-15,0.0020,65.00,yes
2026-10-05T04:14:10.189107Z,KXBTC15M-26OCT050015-15,0.0020,12.01,yes
2026-10-05T04:14:10.189107Z,KXBTC15M-26OCT050015-15,0.0020,25.02,yes
2026-10-05T04:14:10.189107Z,KXBTC15M-26OCT050015-15,0.0020,300.00,yes
2026-10-05T04:14:10.189107Z,KXBTC15M-26OCT050015-15,0.0020,6.33,yes
2026-10-05T04:14:10.189107Z,KXBTC15M-26OCT050015-15,0.0020,20.00,yes
2026-10-05T04:14:10.189107Z,KXBTC15M-26OCT050015-15,0.0020,24.85,yes
2026-10-05T04:14:10.189107Z,KXBTC15M-26OCT050015-15,0.0020,1.00,yes
2026-10-05T04:14:10.189107Z,KXBTC15M-26OCT050015-15,0.0020,400.00,yes
2026-10-05T04:14:10.189107Z,KXBTC15M-26OCT050015-15,0.0020,17.61,yes
2026-10-05T04:14:10.189107Z,KXBTC15M-26OCT050015-15,0.0020,12.91,yes
2026-10-05T04:14:10.189107Z,KXBTC15M-26OCT050015-15,0.0020,7.85,yes
2026-10-05T04:14:10.189107Z,KXBTC15M-26OCT050015-15,0.0020,500.00,yes
2026-10-05T04:14:10.189107Z,KXBTC15M-26OCT050015-15,0.0020,305.35,yes
2026-10-05T04:14:10.189107Z,KXBTC15M-26OCT050015-15,0.0020,100.00,yes
2026-10-05T04:14:10.189107Z,KXBTC15M-26OCT050015-15,0.0020,200.00,yes
2026-10-05T04:14:10.279618Z,KXBTC15M-26OCT050015-15,0.0010,188.17,no
2026-10-05T04:14:10.353057Z,KXBTC15M-26OCT050015-15,0.0020,458.01,yes
2026-10-05T04:14:10.359373Z,KXBTC15M-26OCT050015-15,0.0010,65.00,no
2026-10-05T04:14:10.507342Z,KXBTC15M-26OCT050015-15,0.0020,15.59,yes
2026-10-05T04:14:10.531116Z,KXBTC15M-26OCT050015-15,0.0010,500.00,no
2026-10-05T04:14:10.531925Z,KXBTC15M-26OCT050015-15,0.0010,100.00,no
2026-10-05T04:14:10.534713Z,KXBTC15M-26OCT050015-15,0.0010,100.00,no
2026-10-05T04:14:10.563463Z,KXBTC15M-26OCT050015-15,0.0010,543.00,no
2026-10-05T04:14:10.564902Z,KXBTC15M-26OCT050015-15,0.0010,17.69,no
2026-10-05T04:14:10.570885Z,KXBTC15M-26OCT050015-15,0.0010,100.00,no
2026-10-05T04:14:10.572699Z,KXBTC15M-26OCT050015-15,0.0010,100.00,no
2026-10-05T04:14:10.613408Z,KXBTC15M-26OCT050015-15,0.0010,100.00,no
2026-10-05T04:14:10.613568Z,KXBTC15M-26OCT050015-15,0.0010,100.00,no
2026-10-05T04:14:10.614396Z,KXBTC15M-26OCT050015-15,0.0010,100.00,no
2026-10-05T04:14:10.822743Z,KXBTC15M-26OCT050015-15,0.0020,247.69,yes
2026-10-05T04:14:10.890914Z,KXBTC15M-26OCT050015-15,0.0020,6.99,yes
2026-10-05T04:14:10.912788Z,KXBTC15M-26OCT050015-15,0.0010,69.95,no
2026-10-05T04:14:10.936444Z,KXBTC15M-26OCT050015-15,0.0020,4.00,yes
2026-10-05T04:14:10.953431Z,KXBTC15M-26OCT050015-15,0.0010,13.04,no
2026-10-05T04:14:10.963724Z,KXBTC15M-26OCT050015-15,0.0020,57.02,yes
2026-10-05T04:14:11.060843Z,KXBTC15M-26OCT050015-15,0.0010,25.02,no
2026-10-05T04:14:11.149732Z,KXBTC15M-26OCT050015-15,0.0010,24.02,no
2026-10-05T04:14:11.157481Z,KXBTC15M-26OCT050015-15,0.0020,66.35,yes
2026-10-05T04:14:11.347035Z,KXBTC15M-26OCT050015-15,0.0020,4.97,yes
2026-10-05T04:14:11.417375Z,KXBTC15M-26OCT050015-15,0.0010,90.08,no
2026-10-05T04:14:11.479811Z,KXBTC15M-26OCT050015-15,0.0010,1468.00,no
2026-10-05T04:14:11.566715Z,KXBTC15M-26OCT050015-15,0.0020,2.93,yes
2026-10-05T04:14:11.589925Z,KXBTC15M-26OCT050015-15,0.0020,467.42,yes
2026-10-05T04:14:11.597337Z,KXBTC15M-26OCT050015-15,0.0010,100.00,no
2026-10-05T04:14:11.599923Z,KXBTC15M-26OCT050015-15,0.0010,500.00,no
2026-10-05T04:14:11.600789Z,KXBTC15M-26OCT050015-15,0.0010,1500.00,no
2026-10-05T04:14:11.605402Z,KXBTC15M-26OCT050015-15,0.0020,12139.52,yes
2026-10-05T04:14:11.605402Z,KXBTC15M-26OCT050015-15,0.0020,68.89,yes
2026-10-05T04:14:11.605402Z,KXBTC15M-26OCT050015-15,0.0020,12.58,yes
2026-10-05T04:14:11.605402Z,KXBTC15M-26OCT050015-15,0.0020,162.84,yes
2026-10-05T04:14:11.630992Z,KXBTC15M-26OCT050015-15,0.0010,2000.00,no
2026-10-05T04:14:11.632464Z,KXBTC15M-26OCT050015-15,0.0010,100.00,no
2026-10-05T04:14:11.63285Z,KXBTC15M-26OCT050015-15,0.0020,2.00,yes
2026-10-05T04:14:11.63285Z,KXBTC15M-26OCT050015-15,0.0020,31.11,yes
2026-10-05T04:14:11.63285Z,KXBTC15M-26OCT050015-15,0.0020,277.61,yes
2026-10-05T04:14:11.63424Z,KXBTC15M-26OCT050015-15,0.0010,100.00,no
2026-10-05T04:14:11.635308Z,KXBTC15M-26OCT050015-15,0.0010,1000.00,no
2026-10-05T04:14:11.64816Z,KXBTC15M-26OCT050015-15,0.0020,13.39,yes
2026-10-05T04:14:11.674678Z,KXBTC15M-26OCT050015-15,0.0020,46.87,yes
2026-10-05T04:14:11.725505Z,KXBTC15M-26OCT050015-15,0.0020,458.01,yes
2026-10-05T04:14:11.744053Z,KXBTC15M-26OCT050015-15,0.0010,478.36,no
2026-10-05T04:14:11.745565Z,KXBTC15M-26OCT050015-15,0.0020,1.75,yes
2026-10-05T04:14:11.926079Z,KXBTC15M-26OCT050015-15,0.0020,76.48,yes
2026-10-05T04:14:11.965463Z,KXBTC15M-26OCT050015-15,0.0010,44.62,no
2026-10-05T04:14:11.985578Z,KXBTC15M-26OCT050015-15,0.0020,210.89,yes
2026-10-05T04:14:11.985578Z,KXBTC15M-26OCT050015-15,0.0020,247.12,yes
2026-10-05T04:14:12.023911Z,KXBTC15M-26OCT050015-15,0.0010,200.00,no
2026-10-05T04:14:12.05979Z,KXBTC15M-26OCT050015-15,0.0020,1.07,yes
2026-10-05T04:14:12.115321Z,KXBTC15M-26OCT050015-15,0.0020,0.01,yes
2026-10-05T04:14:12.167003Z,KXBTC15M-26OCT050015-15,0.0020,458.01,yes
2026-10-05T04:14:12.173141Z,KXBTC15M-26OCT050015-15,0.0010,40.03,no
2026-10-05T04:14:12.217567Z,KXBTC15M-26OCT050015-15,0.0020,7.76,yes
2026-10-05T04:14:12.238976Z,KXBTC15M-26OCT050015-15,0.0020,25.09,yes
2026-10-05T04:14:12.416946Z,KXBTC15M-26OCT050015-15,0.0010,100.51,no
2026-10-05T04:14:12.42952Z,KXBTC15M-26OCT050015-15,0.0010,39.62,no
2026-10-05T04:14:12.474273Z,KXBTC15M-26OCT050015-15,0.0010,5.00,no
2026-10-05T04:14:12.485239Z,KXBTC15M-26OCT050015-15,0.0020,5.28,yes
2026-10-05T04:14:12.4887Z,KXBTC15M-26OCT050015-15,0.0020,255.66,yes
2026-10-05T04:14:12.4887Z,KXBTC15M-26OCT050015-15,0.0020,202.35,yes
2026-10-05T04:14:12.541495Z,KXBTC15M-26OCT050015-15,0.0010,30.02,no
2026-10-05T04:14:12.649597Z,KXBTC15M-26OCT050015-15,0.0020,13.00,yes
2026-10-05T04:14:12.649597Z,KXBTC15M-26OCT050015-15,0.0020,400.00,yes
2026-10-05T04:14:12.649597Z,KXBTC15M-26OCT050015-15,0.0020,18.61,yes
2026-10-05T04:14:12.649597Z,KXBTC15M-26OCT050015-15,0.0020,0.03,yes
2026-10-05T04:14:12.649597Z,KXBTC15M-26OCT050015-15,0.0020,53.00,yes
2026-10-05T04:14:12.649597Z,KXBTC15M-26OCT050015-15,0.0020,2.00,yes
2026-10-05T04:14:12.649597Z,KXBTC15M-26OCT050015-15,0.0020,1853.27,yes
2026-10-05T04:14:12.649597Z,KXBTC15M-26OCT050015-15,0.0020,775.98,yes
2026-10-05T04:14:12.68358Z,KXBTC15M-26OCT050015-15,0.0020,448.66,yes
2026-10-05T04:14:12.692384Z,KXBTC15M-26OCT050015-15,0.0020,86.06,yes
2026-10-05T04:14:12.70049Z,KXBTC15M-26OCT050015-15,0.0010,28.02,no
2026-10-05T04:14:12.770827Z,KXBTC15M-26OCT050015-15,0.0010,672.00,no
2026-10-05T04:14:12.773241Z,KXBTC15M-26OCT050015-15,0.0020,59.47,yes
2026-10-05T04:14:12.797397Z,KXBTC15M-26OCT050015-15,0.0010,2.16,no
2026-10-05T04:14:12.855327Z,KXBTC15M-26OCT050015-15,0.0010,5320.86,no
2026-10-05T04:14:12.855327Z,KXBTC15M-26OCT050015-15,0.0010,4688.44,no
2026-10-05T04:14:12.871672Z,KXBTC15M-26OCT050015-15,0.0020,17552.54,yes
2026-10-05T04:14:12.871672Z,KXBTC15M-26OCT050015-15,0.0020,5186.94,yes
2026-10-05T04:14:12.871672Z,KXBTC15M-26OCT050015-15,0.0020,628.06,yes
2026-10-05T04:14:12.903749Z,KXBTC15M-26OCT050015-15,0.0010,1.00,no
2026-10-05T04:14:12.923548Z,KXBTC15M-26OCT050015-15,0.0020,458.01,yes
2026-10-05T04:14:13.037737Z,KXBTC15M-26OCT050015-15,0.0020,22.06,yes
2026-10-05T04:14:13.039378Z,KXBTC15M-26OCT050015-15,0.0020,369.96,yes
2026-10-05T04:14:13.079916Z,KXBTC15M-26OCT050015-15,0.0010,3268.52,no
2026-10-05T04:14:13.14265Z,KXBTC15M-26OCT050015-15,0.0020,61.58,yes
2026-10-05T04:14:13.152354Z,KXBTC15M-26OCT050015-15,0.0010,726.72,no
2026-10-05T04:14:13.186093Z,KXBTC15M-26OCT050015-15,0.0010,85.97,no
2026-10-05T04:14:13.194206Z,KXBTC15M-26OCT050015-15,0.0010,0.10,no
2026-10-05T04:14:13.264833Z,KXBTC15M-26OCT050015-15,0.0010,1127.12,no
2026-10-05T04:14:13.441201Z,KXBTC15M-26OCT050015-15,0.0010,16.28,no
2026-10-05T04:14:13.476667Z,KXBTC15M-26OCT050015-15,0.0020,458.01,yes
2026-10-05T04:14:13.525803Z,KXBTC15M-26OCT050015-15,0.0020,192.10,yes
2026-10-05T04:14:13.565958Z,KXBTC15M-26OCT050015-15,0.0020,93.44,yes
2026-10-05T04:14:13.624709Z,KXBTC15M-26OCT050015-15,0.0010,2.00,no
2026-10-05T04:14:13.630368Z,KXBTC15M-26OCT050015-15,0.0010,6.55,no
2026-10-05T04:14:13.732307Z,KXBTC15M-26OCT050015-15,0.0020,466.00,yes
2026-10-05T04:14:13.761826Z,KXBTC15M-26OCT050015-15,0.0010,9.00,no
2026-10-05T04:14:13.80572Z,KXBTC15M-26OCT050015-15,0.0010,1.00,no
2026-10-05T04:14:14.023103Z,KXBTC15M-26OCT050015-15,0.0010,12502.00,no
2026-10-05T04:14:14.055474Z,KXBTC15M-26OCT050015-15,0.0020,142.00,yes
2026-10-05T04:14:14.071751Z,KXBTC15M-26OCT050015-15,0.0010,65.00,no
2026-10-05T04:14:14.088762Z,KXBTC15M-26OCT050015-15,0.0020,105.01,yes
2026-10-05T04:14:14.113195Z,KXBTC15M-26OCT050015-15,0.0020,229.01,yes
2026-10-05T04:14:14.12225Z,KXBTC15M-26OCT050015-15,0.0020,458.01,yes
2026-10-05T04:14:14.133799Z,KXBTC15M-26OCT050015-15,0.0020,44.87,yes
2026-10-05T04:14:14.134976Z,KXBTC15M-26OCT050015-15,0.0020,1.50,yes
2026-10-05T04:14:14.252904Z,KXBTC15M-26OCT050015-15,0.0010,130.12,no
2026-10-05T04:14:14.287662Z,KXBTC15M-26OCT050015-15,0.0010,15.71,no
2026-10-05T04:14:14.347157Z,KXBTC15M-26OCT050015-15,0.0020,458.01,yes
2026-10-05T04:14:14.416332Z,KXBTC15M-26OCT050015-15,0.0020,45.80,yes
2026-10-05T04:14:14.447427Z,KXBTC15M-26OCT050015-15,0.0010,60.99,no
2026-10-05T04:14:14.474996Z,KXBTC15M-26OCT050015-15,0.0010,7.85,no
2026-10-05T04:14:14.543796Z,KXBTC15M-26OCT050015-15,0.0020,76.24,yes
2026-10-05T04:14:14.559683Z,KXBTC15M-26OCT050015-15,0.0020,448.39,yes
2026-10-05T04:14:14.559683Z,KXBTC15M-26OCT050015-15,0.0020,9.62,yes
2026-10-05T04:14:14.613417Z,KXBTC15M-26OCT050015-15,0.0010,0.20,no
2026-10-05T04:14:14.792655Z,KXBTC15M-26OCT050015-15,0.0020,1.06,yes
2026-10-05T04:14:14.792655Z,KXBTC15M-26OCT050015-15,0.0020,1155.41,yes
2026-10-05T04:14:14.792655Z,KXBTC15M-26OCT050015-15,0.0020,0.38,yes
2026-10-05T04:14:14.915678Z,KXBTC15M-26OCT050015-15,0.0020,23.39,yes
2026-10-05T04:14:14.915678Z,KXBTC15M-26OCT050015-15,0.0020,71.81,yes
2026-10-05T04:14:14.915678Z,KXBTC15M-26OCT050015-15,0.0020,2000.00,yes
2026-10-05T04:14:14.915678Z,KXBTC15M-26OCT050015-15,0.0020,926.90,yes
2026-10-05T04:14:14.915678Z,KXBTC15M-26OCT050015-15,0.0020,100.00,yes
2026-10-05T04:14:14.915678Z,KXBTC15M-26OCT050015-15,0.0020,1000.00,yes
2026-10-05T04:14:14.915678Z,KXBTC15M-26OCT050015-15,0.0020,415.97,yes
2026-10-05T04:14:14.915678Z,KXBTC15M-26OCT050015-15,0.0020,500.00,yes
2026-10-05T04:14:14.919913Z,KXBTC15M-26OCT050015-15,0.0020,6.00,yes
2026-10-05T04:14:14.919913Z,KXBTC15M-26OCT050015-15,0.0020,400.00,yes
2026-10-05T04:14:14.919913Z,KXBTC15M-26OCT050015-15,0.0020,573.10,yes
2026-10-05T04:14:14.919913Z,KXBTC15M-26OCT050015-15,0.0020,0.01,yes
2026-10-05T04:14:14.919913Z,KXBTC15M-26OCT050015-15,0.0020,0.01,yes
2026-10-05T04:14:14.919913Z,KXBTC15M-26OCT050015-15,0.0020,0.08,yes
2026-10-05T04:14:14.919913Z,KXBTC15M-26OCT050015-15,0.0020,184.13,yes
2026-10-05T04:14:14.919913Z,KXBTC15M-26OCT050015-15,0.0020,18.22,yes
2026-10-05T04:14:14.919913Z,KXBTC15M-26OCT050015-15,0.0020,3.45,yes
2026-10-05T04:14:14.919913Z,KXBTC15M-26OCT050015-15,0.0020,2.00,yes
2026-10-05T04:14:14.997888Z,KXBTC15M-26OCT050015-15,0.0020,24.45,yes
2026-10-05T04:14:14.997888Z,KXBTC15M-26OCT050015-15,0.0020,4.04,yes
2026-10-05T04:14:14.997888Z,KXBTC15M-26OCT050015-15,0.0020,65.00,yes
2026-10-05T04:14:15.145258Z,KXBTC15M-26OCT050015-15,0.0010,65.77,no
2026-10-05T04:14:15.460258Z,KXBTC15M-26OCT050015-15,0.0020,458.01,yes
2026-10-05T04:14:15.628313Z,KXBTC15M-26OCT050015-15,0.0020,12.10,yes
2026-10-05T04:14:15.69627Z,KXBTC15M-26OCT050015-15,0.0020,73.18,yes
2026-10-05T04:14:15.69627Z,KXBTC15M-26OCT050015-15,0.0020,5.44,yes
2026-10-05T04:14:15.72185Z,KXBTC15M-26OCT050015-15,0.0020,81.52,yes
2026-10-05T04:14:15.72185Z,KXBTC15M-26OCT050015-15,0.0020,26.82,yes
2026-10-05T04:14:15.846403Z,KXBTC15M-26OCT050015-15,0.0010,5.00,no
2026-10-05T04:14:15.872656Z,KXBTC15M-26OCT050015-15,0.0020,439.53,yes
2026-10-05T04:14:15.872656Z,KXBTC15M-26OCT050015-15,0.0020,18.48,yes
2026-10-05T04:14:15.946366Z,KXBTC15M-26OCT050015-15,0.0020,1.11,yes
2026-10-05T04:14:15.998854Z,KXBTC15M-26OCT050015-15,0.0010,1.00,no
2026-10-05T04:14:16.008131Z,KXBTC15M-26OCT050015-15,0.0020,14.75,yes
2026-10-05T04:14:16.023468Z,KXBTC15M-26OCT050015-15,0.0010,200.18,no
2026-10-05T04:14:16.107249Z,KXBTC15M-26OCT050015-15,0.0010,80.00,no
2026-10-05T04:14:16.437988Z,KXBTC15M-26OCT050015-15,0.0020,100.00,yes
2026-10-05T04:14:16.437988Z,KXBTC15M-26OCT050015-15,0.0020,100.00,yes
2026-10-05T04:14:16.437988Z,KXBTC15M-26OCT050015-15,0.0020,36.72,yes
2026-10-05T04:14:16.437988Z,KXBTC15M-26OCT050015-15,0.0020,17.69,yes
2026-10-05T04:14:16.437988Z,KXBTC15M-26OCT050015-15,0.0020,87.61,yes
2026-10-05T04:14:16.437988Z,KXBTC15M-26OCT050015-15,0.0020,100.00,yes
2026-10-05T04:14:16.490672Z,KXBTC15M-26OCT050015-15,0.0010,1500.00,no
2026-10-05T04:14:16.490672Z,KXBTC15M-26OCT050015-15,0.0010,2.00,no
2026-10-05T04:14:16.490672Z,KXBTC15M-26OCT050015-15,0.0010,10.00,no
2026-10-05T04:14:16.490672Z,KXBTC15M-26OCT050015-15,0.0010,236.98,no
2026-10-05T04:14:16.490672Z,KXBTC15M-26OCT050015-15,0.0010,40.00,no
2026-10-05T04:14:16.490672Z,KXBTC15M-26OCT050015-15,0.0010,6.00,no
2026-10-05T04:14:16.490672Z,KXBTC15M-26OCT050015-15,0.0010,6.00,no
2026-10-05T04:14:16.490672Z,KXBTC15M-26OCT050015-15,0.0010,0.01,no
2026-10-05T04:14:16.490672Z,KXBTC15M-26OCT050015-15,0.0010,0.01,no
2026-10-05T04:14:16.490672Z,KXBTC15M-26OCT050015-15,0.0010,2.00,no
2026-10-05T04:14:16.490672Z,KXBTC15M-26OCT050015-15,0.0010,2385.24,no
2026-10-05T04:14:16.490672Z,KXBTC15M-26OCT050015-15,0.0010,2.00,no
2026-10-05T04:14:16.490672Z,KXBTC15M-26OCT050015-15,0.0010,150.00,no
2026-10-05T04:14:16.490672Z,KXBTC15M-26OCT050015-15,0.0010,89.15,no
2026-10-05T04:14:16.490672Z,KXBTC15M-26OCT050015-15,0.0010,1000.00,no
2026-10-05T04:14:16.490672Z,KXBTC15M-26OCT050015-15,0.0010,11.15,no
2026-10-05T04:14:16.490672Z,KXBTC15M-26OCT050015-15,0.0010,7.72,no
2026-10-05T04:14:16.490672Z,KXBTC15M-26OCT050015-15,0.0010,45.00,no
2026-10-05T04:14:16.490672Z,KXBTC15M-26OCT050015-15,0.0010,45.00,no
2026-10-05T04:14:16.490672Z,KXBTC15M-26OCT050015-15,0.0010,45.00,no
2026-10-05T04:14:16.490672Z,KXBTC15M-26OCT050015-15,0.0010,30.00,no
2026-10-05T04:14:16.490672Z,KXBTC15M-26OCT050015-15,0.0010,389.11,no
2026-10-05T04:14:16.490672Z,KXBTC15M-26OCT050015-15,0.0010,22.42,no
2026-10-05T04:14:16.490672Z,KXBTC15M-26OCT050015-15,0.0010,75.00,no
2026-10-05T04:14:16.490672Z,KXBTC15M-26OCT050015-15,0.0010,75.00,no
2026-10-05T04:14:16.490672Z,KXBTC15M-26OCT050015-15,0.0010,35.00,no
2026-10-05T04:14:16.490672Z,KXBTC15M-26OCT050015-15,0.0010,135.00,no
2026-10-05T04:14:16.490672Z,KXBTC15M-26OCT050015-15,0.0010,10.00,no
2026-10-05T04:14:16.490672Z,KXBTC15M-26OCT050015-15,0.0010,10.00,no
2026-10-05T04:14:16.490672Z,KXBTC15M-26OCT050015-15,0.0010,120.00,no
2026-10-05T04:14:16.490672Z,KXBTC15M-26OCT050015-15,0.0010,1.00,no
2026-10-05T04:14:16.490672Z,KXBTC15M-26OCT050015-15,0.0010,200.00,no
2026-10-05T04:14:16.490672Z,KXBTC15M-26OCT050015-15,0.0010,100.00,no
2026-10-05T04:14:16.490672Z,KXBTC15M-26OCT050015-15,0.0010,1.00,no
2026-10-05T04:14:16.490672Z,KXBTC15M-26OCT050015-15,0.0010,1177.50,no
2026-10-05T04:14:16.490672Z,KXBTC15M-26OCT050015-15,0.0010,41063.06,no
2026-10-05T04:14:16.490672Z,KXBTC15M-26OCT050015-15,0.0010,2000.00,no
2026-10-05T04:14:16.490672Z,KXBTC15M-26OCT050015-15,0.0010,21487.00,no
2026-10-05T04:14:16.490672Z,KXBTC15M-26OCT050015-15,0.0010,200.00,no
2026-10-05T04:14:16.490672Z,KXBTC15M-26OCT050015-15,0.0010,200.00,no
2026-10-05T04:14:16.490672Z,KXBTC15M-26OCT050015-15,0.0010,1.00,no
2026-10-05T04:14:16.558574Z,KXBTC15M-26OCT050015-15,0.0010,6.42,yes
2026-10-05T04:14:16.562355Z,KXBTC15M-26OCT050015-15,0.0010,649.00,yes
2026-10-05T04:14:16.581801Z,KXBTC15M-26OCT050015-15,0.0010,467.36,yes
2026-10-05T04:14:16.618578Z,KXBTC15M-26OCT050015-15,0.0010,520.00,yes
2026-10-05T04:14:17.159796Z,KXBTC15M-26OCT050015-15,0.0010,500.00,yes
2026-10-05T04:14:17.776647Z,KXBTC15M-26OCT050015-15,0.0010,91.62,yes
2026-10-05T04:14:17.991168Z,KXBTC15M-26OCT050015-15,0.0010,183.25,yes
2026-10-05T04:14:18.085595Z,KXBTC15M-26OCT050015-15,0.0010,55.00,yes
2026-10-05T04:14:18.182677Z,KXBTC15M-26OCT050015-15,0.0010,15.41,yes
2026-10-05T04:14:18.338789Z,KXBTC15M-26OCT050015-15,0.0010,57.15,yes
2026-10-05T04:14:18.504429Z,KXBTC15M-26OCT050015-15,0.0010,37.00,yes
2026-10-05T04:14:18.578994Z,KXBTC15M-26OCT050015-15,0.0010,915.99,yes
2026-10-05T04:14:18.604756Z,KXBTC15M-26OCT050015-15,0.0010,5.00,yes
2026-10-05T04:14:18.756455Z,KXBTC15M-26OCT050015-15,0.0010,9.00,yes
2026-10-05T04:14:18.910732Z,KXBTC15M-26OCT050015-15,0.0010,439.71,yes
2026-10-05T04:14:18.923438Z,KXBTC15M-26OCT050015-15,0.0010,450.00,yes
2026-10-05T04:14:18.931259Z,KXBTC15M-26OCT050015-15,0.0010,915.99,yes
2026-10-05T04:14:18.944872Z,KXBTC15M-26OCT050015-15,0.0010,6.24,yes
2026-10-05T04:14:19.022554Z,KXBTC15M-26OCT050015-15,0.0010,305.29,yes
2026-10-05T04:14:19.087907Z,KXBTC15M-26OCT050015-15,0.0010,601.56,yes
2026-10-05T04:14:19.090833Z,KXBTC15M-26OCT050015-15,0.0010,245.19,yes
2026-10-05T04:14:19.173546Z,KXBTC15M-26OCT050015-15,0.0010,209.38,yes
2026-10-05T04:14:19.260765Z,KXBTC15M-26OCT050015-15,0.0010,78.12,yes
2026-10-05T04:14:19.376724Z,KXBTC15M-26OCT050015-15,0.0010,155.21,yes
2026-10-05T04:14:19.492448Z,KXBTC15M-26OCT050015-15,0.0010,512.69,yes
2026-10-05T04:14:19.666252Z,KXBTC15M-26OCT050015-15,0.0010,77.24,yes
2026-10-05T04:14:20.060624Z,KXBTC15M-26OCT050015-15,0.0010,320.64,yes
2026-10-05T04:14:20.130917Z,KXBTC15M-26OCT050015-15,0.0010,4579.77,yes
2026-10-05T04:14:20.146037Z,KXBTC15M-26OCT050015-15,0.0010,915.99,yes
2026-10-05T04:14:20.153662Z,KXBTC15M-26OCT050015-15,0.0010,91.15,yes
2026-10-05T04:14:20.223168Z,KXBTC15M-26OCT050015-15,0.0010,322.71,yes
2026-10-05T04:14:20.324413Z,KXBTC15M-26OCT050015-15,0.0010,10.49,yes
2026-10-05T04:14:20.393864Z,KXBTC15M-26OCT050015-15,0.0010,3.00,yes
2026-10-05T04:14:20.447493Z,KXBTC15M-26OCT050015-15,0.0010,54.43,yes
2026-10-05T04:14:20.521481Z,KXBTC15M-26OCT050015-15,0.0010,25.02,yes
2026-10-05T04:14:20.521481Z,KXBTC15M-26OCT050015-15,0.0010,44.62,yes
2026-10-05T04:14:20.521481Z,KXBTC15M-26OCT050015-15,0.0010,40.03,yes
2026-10-05T04:14:20.521481Z,KXBTC15M-26OCT050015-15,0.0010,39.62,yes
2026-10-05T04:14:20.521481Z,KXBTC15M-26OCT050015-15,0.0010,28.02,yes
2026-10-05T04:14:20.521481Z,KXBTC15M-26OCT050015-15,0.0010,39.59,yes
2026-10-05T04:14:20.521481Z,KXBTC15M-26OCT050015-15,0.0010,80.00,yes
2026-10-05T04:14:20.521481Z,KXBTC15M-26OCT050015-15,0.0010,619.09,yes
2026-10-05T04:14:20.565075Z,KXBTC15M-26OCT050015-15,0.0010,24.02,yes
2026-10-05T04:14:20.565075Z,KXBTC15M-26OCT050015-15,0.0010,30.36,yes
2026-10-05T04:14:20.565075Z,KXBTC15M-26OCT050015-15,0.0010,61.62,yes
2026-10-05T04:14:20.940998Z,KXBTC15M-26OCT050015-15,0.0010,10.65,yes
2026-10-05T04:14:20.940998Z,KXBTC15M-26OCT050015-15,0.0010,24.35,yes
2026-10-05T04:14:20.940998Z,KXBTC15M-26OCT050015-15,0.0010,65.00,yes
2026-10-05T04:14:20.971653Z,KXBTC15M-26OCT050015-15,0.0010,9.00,yes
2026-10-05T04:14:21.079678Z,KXBTC15M-26OCT050015-15,0.0010,65.77,yes
2026-10-05T04:14:21.079678Z,KXBTC15M-26OCT050015-15,0.0010,200.18,yes
2026-10-05T04:14:21.079678Z,KXBTC15M-26OCT050015-15,0.0010,40.21,yes
2026-10-05T04:14:21.079678Z,KXBTC15M-26OCT050015-15,0.0010,100.00,yes
2026-10-05T04:14:21.079678Z,KXBTC15M-26OCT050015-15,0.0010,200.00,yes
2026-10-05T04:14:21.079678Z,KXBTC15M-26OCT050015-15,0.0010,80.35,yes
2026-10-05T04:14:21.163899Z,KXBTC15M-26OCT050015-15,0.0010,85.89,yes
2026-10-05T04:14:21.163899Z,KXBTC15M-26OCT050015-15,0.0010,20.78,yes
2026-10-05T04:14:21.163899Z,KXBTC15M-26OCT050015-15,0.0010,0.41,yes
2026-10-05T04:14:21.163899Z,KXBTC15M-26OCT050015-15,0.0010,30.02,yes
2026-10-05T04:14:21.163899Z,KXBTC15M-26OCT050015-15,0.0010,100.51,yes
2026-10-05T04:14:21.179366Z,KXBTC15M-26OCT050015-15,0.0010,21.02,yes
2026-10-05T04:14:21.379752Z,KXBTC15M-26OCT050015-15,0.0010,584.06,yes
2026-10-05T04:14:21.379752Z,KXBTC15M-26OCT050015-15,0.0010,100.00,yes
2026-10-05T04:14:21.379752Z,KXBTC15M-26OCT050015-15,0.0010,78.57,yes
2026-10-05T04:14:21.379752Z,KXBTC15M-26OCT050015-15,0.0010,90.08,yes
2026-10-05T04:14:21.379752Z,KXBTC15M-26OCT050015-15,0.0010,63.28,yes
2026-10-05T04:14:21.405946Z,KXBTC15M-26OCT050015-15,0.0010,225.37,yes
2026-10-05T04:14:21.46353Z,KXBTC15M-26OCT050015-15,0.0010,109.94,yes
2026-10-05T04:14:21.51989Z,KXBTC15M-26OCT050015-15,0.0010,15.74,yes
2026-10-05T04:14:21.53451Z,KXBTC15M-26OCT050015-15,0.0010,9.38,yes
2026-10-05T04:14:21.558303Z,KXBTC15M-26OCT050015-15,0.0010,0.79,yes
2026-10-05T04:14:21.597448Z,KXBTC15M-26OCT050015-15,0.0010,528.33,yes
2026-10-05T04:14:21.633705Z,KXBTC15M-26OCT050015-15,0.0010,0.95,yes
2026-10-05T04:14:21.64235Z,KXBTC15M-26OCT050015-15,0.0010,4669.29,yes
2026-10-05T04:14:21.64235Z,KXBTC15M-26OCT050015-15,0.0010,5000.00,yes
2026-10-05T04:14:21.64235Z,KXBTC15M-26OCT050015-15,0.0010,857.00,yes
2026-10-05T04:14:21.64235Z,KXBTC15M-26OCT050015-15,0.0010,3085.68,yes
2026-10-05T04:14:21.64235Z,KXBTC15M-26OCT050015-15,0.0010,10.01,yes
2026-10-05T04:14:21.64235Z,KXBTC15M-26OCT050015-15,0.0010,750.00,yes
2026-10-05T04:14:21.64235Z,KXBTC15M-26OCT050015-15,0.0010,41063.06,yes
2026-10-05T04:14:21.64235Z,KXBTC15M-26OCT050015-15,0.0010,2000.00,yes
2026-10-05T04:14:21.64235Z,KXBTC15M-26OCT050015-15,0.0010,1500.00,yes
2026-10-05T04:14:21.64235Z,KXBTC15M-26OCT050015-15,0.0010,15.00,yes
2026-10-05T04:14:21.64235Z,KXBTC15M-26OCT050015-15,0.0010,21487.00,yes
2026-10-05T04:14:21.64235Z,KXBTC15M-26OCT050015-15,0.0010,500.00,yes
2026-10-05T04:14:21.64235Z,KXBTC15M-26OCT050015-15,0.0010,12307.07,yes
2026-10-05T04:14:21.64235Z,KXBTC15M-26OCT050015-15,0.0010,1000.00,yes
2026-10-05T04:14:21.64235Z,KXBTC15M-26OCT050015-15,0.0010,81.00,yes
2026-10-05T04:14:21.64235Z,KXBTC15M-26OCT050015-15,0.0010,726.72,yes
2026-10-05T04:14:21.64235Z,KXBTC15M-26OCT050015-15,0.0010,1793.96,yes
2026-10-05T04:14:21.64235Z,KXBTC15M-26OCT050015-15,0.0010,1127.12,yes
2026-10-05T04:14:21.64235Z,KXBTC15M-26OCT050015-15,0.0010,130.12,yes
2026-10-05T04:14:21.64235Z,KXBTC15M-26OCT050015-15,0.0010,12502.00,yes
2026-10-05T04:14:21.64235Z,KXBTC15M-26OCT050015-15,0.0010,1468.00,yes
2026-10-05T04:14:21.64235Z,KXBTC15M-26OCT050015-15,0.0010,2000.00,yes
2026-10-05T04:14:21.64235Z,KXBTC15M-26OCT050015-15,0.0010,1000.00,yes
2026-10-05T04:14:21.64235Z,KXBTC15M-26OCT050015-15,0.0010,478.36,yes
2026-10-05T04:14:21.64235Z,KXBTC15M-26OCT050015-15,0.0010,500.00,yes
2026-10-05T04:14:21.64235Z,KXBTC15M-26OCT050015-15,0.0010,1500.00,yes
2026-10-05T04:14:21.64235Z,KXBTC15M-26OCT050015-15,0.0010,672.00,yes
2026-10-05T04:14:21.64235Z,KXBTC15M-26OCT050015-15,0.0010,5320.86,yes
2026-10-05T04:14:21.64235Z,KXBTC15M-26OCT050015-15,0.0010,4688.44,yes
2026-10-05T04:14:22.055361Z,KXBTC15M-26OCT050015-15,0.0010,1.23,yes
2026-10-05T04:14:22.133506Z,KXBTC15M-26OCT050015-15,0.0010,458.04,yes
2026-10-05T04:14:22.251121Z,KXBTC15M-26OCT050015-15,0.0010,50.00,yes
2026-10-05T04:14:22.268261Z,KXBTC15M-26OCT050015-15,0.0010,616.17,yes
2026-10-05T04:14:22.372493Z,KXBTC15M-26OCT050015-15,0.0010,313.00,yes
2026-10-05T04:14:22.43Z,KXBTC15M-26OCT050015-15,0.0010,458.64,yes
2026-10-05T04:14:22.529762Z,KXBTC15M-26OCT050015-15,0.0010,270.74,yes
2026-10-05T04:14:22.573931Z,KXBTC15M-26OCT050015-15,0.0010,4.68,yes
2026-10-05T04:14:22.717175Z,KXBTC15M-26OCT050015-15,0.0010,4579.77,yes
2026-10-05T04:14:22.802988Z,KXBTC15M-26OCT050015-15,0.0010,915.99,yes
2026-10-05T04:14:22.932351Z,KXBTC15M-26OCT050015-15,0.0010,897.30,yes
2026-10-05T04:14:23.341724Z,KXBTC15M-26OCT050015-15,0.0010,7.97,yes
2026-10-05T04:14:23.46934Z,KXBTC15M-26OCT050015-15,0.0010,0.79,yes
2026-10-05T04:14:23.56261Z,KXBTC15M-26OCT050015-15,0.0010,164.92,yes
2026-10-05T04:14:23.664243Z,KXBTC15M-26OCT050015-15,0.0010,5.00,yes
2026-10-05T04:14:23.695775Z,KXBTC15M-26OCT050015-15,0.0010,5.29,yes
2026-10-05T04:14:24.497382Z,KXBTC15M-26OCT050015-15,0.0010,9.04,yes
2026-10-05T04:14:24.577517Z,KXBTC15M-26OCT050015-15,0.0010,100.00,yes
2026-10-05T04:14:24.608328Z,KXBTC15M-26OCT050015-15,0.0010,0.93,yes
2026-10-05T04:14:24.642961Z,KXBTC15M-26OCT050015-15,0.0010,217.39,yes
2026-10-05T04:14:24.827896Z,KXBTC15M-26OCT050015-15,0.0010,56.22,yes
2026-10-05T04:14:24.992194Z,KXBTC15M-26OCT050015-15,0.0010,785.09,yes
2026-10-05T04:14:25.115553Z,KXBTC15M-26OCT050015-15,0.0010,1831.90,yes
2026-10-05T04:14:25.136529Z,KXBTC15M-26OCT050015-15,0.0010,66.80,yes
2026-10-05T04:14:25.268609Z,KXBTC15M-26OCT050015-15,0.0010,91.62,yes
2026-10-05T04:14:25.493353Z,KXBTC15M-26OCT050015-15,0.0010,5.04,yes
2026-10-05T04:14:25.975639Z,KXBTC15M-26OCT050015-15,0.0010,4579.77,yes
2026-10-05T04:14:26.319846Z,KXBTC15M-26OCT050015-15,0.0010,915.99,yes
2026-10-05T04:14:26.371491Z,KXBTC15M-26OCT050015-15,0.0010,0.80,yes
2026-10-05T04:14:26.511138Z,KXBTC15M-26OCT050015-15,0.0010,3.00,yes
2026-10-05T04:14:26.608578Z,KXBTC15M-26OCT050015-15,0.0010,4.55,yes
2026-10-05T04:14:26.637371Z,KXBTC15M-26OCT050015-15,0.0010,524.48,yes
2026-10-05T04:14:26.730296Z,KXBTC15M-26OCT050015-15,0.0010,116.14,yes
2026-10-05T04:14:26.907443Z,KXBTC15M-26OCT050015-15,0.0010,91.62,yes
2026-10-05T04:14:26.958004Z,KXBTC15M-26OCT050015-15,0.0010,140.19,yes
2026-10-05T04:14:27.087794Z,KXBTC15M-26OCT050015-15,0.0010,134.00,yes
2026-10-05T04:14:27.098218Z,KXBTC15M-26OCT050015-15,0.0010,2.00,yes
2026-10-05T04:14:27.160287Z,KXBTC15M-26OCT050015-15,0.0010,73.08,yes
2026-10-05T04:14:27.197391Z,KXBTC15M-26OCT050015-15,0.0010,350.00,yes
2026-10-05T04:14:27.393864Z,KXBTC15M-26OCT050015-15,0.0010,915.99,yes
2026-10-05T04:14:27.40225Z,KXBTC15M-26OCT050015-15,0.0010,227.00,yes
2026-10-05T04:14:27.588221Z,KXBTC15M-26OCT050015-15,0.0010,90.10,yes
2026-10-05T04:14:27.970098Z,KXBTC15M-26OCT050015-15,0.0010,525.51,yes
2026-10-05T04:14:27.992774Z,KXBTC15M-26OCT050015-15,0.0010,9.39,yes
2026-10-05T04:14:28.270901Z,KXBTC15M-26OCT050015-15,0.0010,1869.29,yes
2026-10-05T04:14:28.288931Z,KXBTC15M-26OCT050015-15,0.0010,9.20,yes
2026-10-05T04:14:28.535497Z,KXBTC15M-26OCT050015-15,0.0010,183.25,yes
2026-10-05T04:14:28.630155Z,KXBTC15M-26OCT050015-15,0.0010,17.01,yes
2026-10-05T04:14:28.657433Z,KXBTC15M-26OCT050015-15,0.0010,65.15,yes
2026-10-05T04:14:28.844379Z,KXBTC15M-26OCT050015-15,0.0010,91.62,yes
2026-10-05T04:14:28.956206Z,KXBTC15M-26OCT050015-15,0.0010,55.26,yes
2026-10-05T04:14:29.375378Z,KXBTC15M-26OCT050015-15,0.0010,64.18,yes
2026-10-05T04:14:29.545499Z,KXBTC15M-26OCT050015-15,0.0010,18.00,yes
2026-10-05T04:14:29.985444Z,KXBTC15M-26OCT050015-15,0.0010,915.99,yes
2026-10-05T04:14:30.447677Z,KXBTC15M-26OCT050015-15,0.0010,897.30,yes
2026-10-05T04:14:31.07037Z,KXBTC15M-26OCT050015-15,0.0010,1.03,yes
2026-10-05T04:14:31.075954Z,KXBTC15M-26OCT050015-15,0.0010,9.20,yes
2026-10-05T04:14:31.487188Z,KXBTC15M-26OCT050015-15,0.0010,1.17,yes
2026-10-05T04:14:31.655261Z,KXBTC15M-26OCT050015-15,0.0010,5495.73,yes
2026-10-05T04:14:31.751229Z,KXBTC15M-26OCT050015-15,0.0010,915.99,yes
2026-10-05T04:14:31.832058Z,KXBTC15M-26OCT050015-15,0.0010,23.00,yes
2026-10-05T04:14:31.832058Z,KXBTC15M-26OCT050015-15,0.0010,750.00,yes
2026-10-05T04:14:31.832058Z,KXBTC15M-26OCT050015-15,0.0010,3530.00,yes
2026-10-05T04:14:31.832058Z,KXBTC15M-26OCT050015-15,0.0010,5000.00,yes
2026-10-05T04:14:31.832058Z,KXBTC15M-26OCT050015-15,0.0010,326.32,yes
2026-10-05T04:14:31.832058Z,KXBTC15M-26OCT050015-15,0.0010,999.00,yes
2026-10-05T04:14:31.832058Z,KXBTC15M-26OCT050015-15,0.0010,226.22,yes
2026-10-05T04:14:31.832058Z,KXBTC15M-26OCT050015-15,0.0010,1627.08,yes
2026-10-05T04:14:31.832058Z,KXBTC15M-26OCT050015-15,0.0010,5.00,yes
2026-10-05T04:14:31.832058Z,KXBTC15M-26OCT050015-15,0.0010,26.00,yes
2026-10-05T04:14:31.832058Z,KXBTC15M-26OCT050015-15,0.0010,65.00,yes
2026-10-05T04:14:31.832058Z,KXBTC15M-26OCT050015-15,0.0010,1222.00,yes
2026-10-05T04:14:31.832058Z,KXBTC15M-26OCT050015-15,0.0010,7405.00,yes
2026-10-05T04:14:31.832058Z,KXBTC15M-26OCT050015-15,0.0010,14104.17,yes
2026-10-05T04:14:31.832058Z,KXBTC15M-26OCT050015-15,0.0010,1845.00,yes
2026-10-05T04:14:31.832058Z,KXBTC15M-26OCT050015-15,0.0010,1845.00,yes
2026-10-05T04:14:31.832058Z,KXBTC15M-26OCT050015-15,0.0010,13000.00,yes
2026-10-05T04:14:31.832058Z,KXBTC15M-26OCT050015-15,0.0010,1845.00,yes
2026-10-05T04:14:31.832058Z,KXBTC15M-26OCT050015-15,0.0010,1427.15,yes
2026-10-05T04:14:31.832058Z,KXBTC15M-26OCT050015-15,0.0010,1000.00,yes
2026-10-05T04:14:31.832058Z,KXBTC15M-26OCT050015-15,0.0010,16897.76,yes
2026-10-05T04:14:31.832058Z,KXBTC15M-26OCT050015-15,0.0010,200.00,yes
2026-10-05T04:14:31.832058Z,KXBTC15M-26OCT050015-15,0.0010,1647.00,yes
2026-10-05T04:14:31.832058Z,KXBTC15M-26OCT050015-15,0.0010,11111.00,yes
2026-10-05T04:14:31.832058Z,KXBTC15M-26OCT050015-15,0.0010,10100.00,yes
2026-10-05T04:14:31.832058Z,KXBTC15M-26OCT050015-15,0.0010,24422.46,yes
2026-10-05T04:14:31.832058Z,KXBTC15M-26OCT050015-15,0.0010,100.00,yes
2026-10-05T04:14:31.832058Z,KXBTC15M-26OCT050015-15,0.0010,2000.00,yes
2026-10-05T04:14:31.832058Z,KXBTC15M-26OCT050015-15,0.0010,1000.00,yes
2026-10-05T04:14:31.832058Z,KXBTC15M-26OCT050015-15,0.0010,500.00,yes
2026-10-05T04:14:31.832058Z,KXBTC15M-26OCT050015-15,0.0010,4265.00,yes
2026-10-05T04:14:31.832058Z,KXBTC15M-26OCT050015-15,0.0010,100.00,yes
2026-10-05T04:14:31.832058Z,KXBTC15M-26OCT050015-15,0.0010,200.00,yes
2026-10-05T04:14:31.832058Z,KXBTC15M-26OCT050015-15,0.0010,1500.00,yes
2026-10-05T04:14:31.832058Z,KXBTC15M-26OCT050015-15,0.0010,2000.00,yes
2026-10-05T04:14:31.832058Z,KXBTC15M-26OCT050015-15,0.0010,4800.00,yes
2026-10-05T04:14:31.832058Z,KXBTC15M-26OCT050015-15,0.0010,278.00,yes
2026-10-05T04:14:32.08918Z,KXBTC15M-26OCT050015-15,0.0010,12.00,yes
2026-10-05T04:14:32.401403Z,KXBTC15M-26OCT050015-15,0.0010,732.94,yes
2026-10-05T04:14:32.596901Z,KXBTC15M-26OCT050015-15,0.0010,68.10,yes
2026-10-05T04:14:32.874972Z,KXBTC15M-26OCT050015-15,0.0010,135.37,yes
2026-10-05T04:14:32.883587Z,KXBTC15M-26OCT050015-15,0.0010,17.00,yes
2026-10-05T04:14:33.038578Z,KXBTC15M-26OCT050015-15,0.0010,40.00,yes
2026-10-05T04:14:33.125997Z,KXBTC15M-26OCT050015-15,0.0010,120.01,yes
2026-10-05T04:14:33.342455Z,KXBTC15M-26OCT050015-15,0.0010,1.24,yes
2026-10-05T04:14:33.426928Z,KXBTC15M-26OCT050015-15,0.0010,17.03,yes
2026-10-05T04:14:33.534354Z,KXBTC15M-26OCT050015-15,0.0010,200.53,yes
2026-10-05T04:14:33.97479Z,KXBTC15M-26OCT050015-15,0.0010,66.13,yes
2026-10-05T04:14:34.028089Z,KXBTC15M-26OCT050015-15,0.0010,1.00,yes
2026-10-05T04:14:34.143958Z,KXBTC15M-26OCT050015-15,0.0010,3.00,yes
2026-10-05T04:14:34.9058Z,KXBTC15M-26OCT050015-15,0.0010,1831.90,yes
2026-10-05T04:14:35.601346Z,KXBTC15M-26OCT050015-15,0.0010,915.99,yes
2026-10-05T04:14:35.609365Z,KXBTC15M-26OCT050015-15,0.0010,34.98,yes
2026-10-05T04:14:35.645275Z,KXBTC15M-26OCT050015-15,0.0010,2.00,yes
2026-10-05T04:14:35.814716Z,KXBTC15M-26OCT050015-15,0.0010,80.37,yes
2026-10-05T04:14:36.086346Z,KXBTC15M-26OCT050015-15,0.0010,2380.47,yes
2026-10-05T04:14:36.152543Z,KXBTC15M-26OCT050015-15,0.0010,8.00,yes
2026-10-05T04:14:36.508611Z,KXBTC15M-26OCT050015-15,0.0010,18319.03,yes
2026-10-05T04:14:36.81881Z,KXBTC15M-26OCT050015-15,0.0010,1.52,yes
2026-10-05T04:14:36.938986Z,KXBTC15M-26OCT050015-15,0.0010,915.99,yes
2026-10-05T04:14:37.071874Z,KXBTC15M-26OCT050015-15,0.0010,30.03,yes
2026-10-05T04:14:37.376901Z,KXBTC15M-26OCT050015-15,0.0010,7327.64,yes
2026-10-05T04:14:37.572697Z,KXBTC15M-26OCT050015-15,0.0010,150.00,yes
2026-10-05T04:14:38.113425Z,KXBTC15M-26OCT050015-15,0.0010,133.81,yes
2026-10-05T04:14:38.157029Z,KXBTC15M-26OCT050015-15,0.0010,0.98,yes
2026-10-05T04:14:38.222501Z,KXBTC15M-26OCT050015-15,0.0010,2.82,yes
2026-10-05T04:14:38.436086Z,KXBTC15M-26OCT050015-15,0.0010,448.69,yes
2026-10-05T04:14:38.725831Z,KXBTC15M-26OCT050015-15,0.0010,11.15,yes
2026-10-05T04:14:39.014568Z,KXBTC15M-26OCT050015-15,0.0010,46.84,yes
2026-10-05T04:14:39.707333Z,KXBTC15M-26OCT050015-15,0.0010,9.20,yes
2026-10-05T04:14:39.854574Z,KXBTC15M-26OCT050015-15,0.0010,35.13,yes
2026-10-05T04:14:40.09297Z,KXBTC15M-26OCT050015-15,0.0010,7.27,yes
2026-10-05T04:14:40.848115Z,KXBTC15M-26OCT050015-15,0.0010,10.01,yes
2026-10-05T04:14:40.899347Z,KXBTC15M-26OCT050015-15,0.0010,54.00,yes
2026-10-05T04:14:41.108779Z,KXBTC15M-26OCT050015-15,0.0010,194.57,yes
2026-10-05T04:14:41.491965Z,KXBTC15M-26OCT050015-15,0.0010,2.20,yes
2026-10-05T04:14:42.040256Z,KXBTC15M-26OCT050015-15,0.0010,6411.64,yes
2026-10-05T04:14:42.585516Z,KXBTC15M-26OCT050015-15,0.0010,0.02,yes
2026-10-05T04:14:42.892828Z,KXBTC15M-26OCT050015-15,0.0010,915.99,yes
2026-10-05T04:14:43.135318Z,KXBTC15M-26OCT050015-15,0.0010,0.02,yes
2026-10-05T04:14:43.158453Z,KXBTC15M-26OCT050015-15,0.0010,1945.50,yes
2026-10-05T04:14:43.314386Z,KXBTC15M-26OCT050015-15,0.0010,1.05,yes
2026-10-05T04:14:43.479542Z,KXBTC15M-26OCT050015-15,0.0010,5.24,yes
2026-10-05T04:14:44.268688Z,KXBTC15M-26OCT050015-15,0.0010,14.98,yes
2026-10-05T04:14:44.531574Z,KXBTC15M-26OCT050015-15,0.0010,85.00,yes
2026-10-05T04:14:44.64845Z,KXBTC15M-26OCT050015-15,0.0010,9.20,yes
2026-10-05T04:14:44.655471Z,KXBTC15M-26OCT050015-15,0.0010,2162.63,yes
2026-10-05T04:14:44.876432Z,KXBTC15M-26OCT050015-15,0.0010,27.90,yes
2026-10-05T04:14:45.558278Z,KXBTC15M-26OCT050015-15,0.0010,1.00,yes
2026-10-05T04:14:45.631608Z,KXBTC15M-26OCT050015-15,0.0010,4.68,yes
2026-10-05T04:14:46.009292Z,KXBTC15M-26OCT050015-15,0.0010,277.61,yes
2026-10-05T04:14:46.038082Z,KXBTC15M-26OCT050015-15,0.0010,54.58,yes
2026-10-05T04:14:46.297384Z,KXBTC15M-26OCT050015-15,0.0010,29.09,yes
2026-10-05T04:14:46.554354Z,KXBTC15M-26OCT050015-15,0.0010,3.00,yes
2026-10-05T04:14:46.712589Z,KXBTC15M-26OCT050015-15,0.0010,74.49,yes
2026-10-05T04:14:46.852895Z,KXBTC15M-26OCT050015-15,0.0010,915.99,yes
2026-10-05T04:14:47.113704Z,KXBTC15M-26OCT050015-15,0.0010,277.00,yes
2026-10-05T04:14:47.477568Z,KXBTC15M-26OCT050015-15,0.0010,274.23,yes
2026-10-05T04:14:48.085248Z,KXBTC15M-26OCT050015-15,0.0010,915.99,yes
2026-10-05T04:14:48.102318Z,KXBTC15M-26OCT050015-15,0.0010,91.62,yes
2026-10-05T04:14:48.360441Z,KXBTC15M-26OCT050015-15,0.0010,38.80,yes
2026-10-05T04:14:49.00291Z,KXBTC15M-26OCT050015-15,0.0010,134.42,yes
2026-10-05T04:14:49.375748Z,KXBTC15M-26OCT050015-15,0.0010,9.20,yes
2026-10-05T04:14:49.474311Z,KXBTC15M-26OCT050015-15,0.0010,9159.55,yes
2026-10-05T04:14:49.840647Z,KXBTC15M-26OCT050015-15,0.0010,12.39,yes
2026-10-05T04:14:50.000658Z,KXBTC15M-26OCT050015-15,0.0010,2.00,yes
2026-10-05T04:14:50.004319Z,KXBTC15M-26OCT050015-15,0.0010,45797.44,yes
2026-10-05T04:14:50.118251Z,KXBTC15M-26OCT050015-15,0.0010,225.00,yes
2026-10-05T04:14:50.614121Z,KXBTC15M-26OCT050015-15,0.0010,208.75,yes
2026-10-05T04:14:50.623673Z,KXBTC15M-26OCT050015-15,0.0010,0.02,yes
2026-10-05T04:14:51.327636Z,KXBTC15M-26OCT050015-15,0.0010,90.00,yes
2026-10-05T04:14:52.051898Z,KXBTC15M-26OCT050015-15,0.0010,1373.95,yes
2026-10-05T04:14:52.066991Z,KXBTC15M-26OCT050015-15,0.0010,23.00,yes
2026-10-05T04:14:52.164278Z,KXBTC15M-26OCT050015-15,0.0010,915.99,yes
2026-10-05T04:14:52.242245Z,KXBTC15M-26OCT050015-15,0.0010,5.00,yes
2026-10-05T04:14:52.621727Z,KXBTC15M-26OCT050015-15,0.0010,5.30,yes
2026-10-05T04:14:52.789357Z,KXBTC15M-26OCT050015-15,0.0010,8.26,yes
2026-10-05T04:14:52.851223Z,KXBTC15M-26OCT050015-15,0.0010,167.45,yes
2026-10-05T04:14:53.424972Z,KXBTC15M-26OCT050015-15,0.0010,23.33,yes
2026-10-05T04:14:53.980827Z,KXBTC15M-26OCT050015-15,0.0010,915.99,yes
2026-10-05T04:14:54.546652Z,KXBTC15M-26OCT050015-15,0.0010,1.00,yes
2026-10-05T04:14:54.610895Z,KXBTC15M-26OCT050015-15,0.0010,28.63,yes
2026-10-05T04:14:54.800561Z,KXBTC15M-26OCT050015-15,0.0010,0.02,yes
2026-10-05T04:14:55.383163Z,KXBTC15M-26OCT050015-15,0.0010,458.04,yes
2026-10-05T04:14:55.618819Z,KXBTC15M-26OCT050015-15,0.0010,915.99,yes
2026-10-05T04:14:56.630162Z,KXBTC15M-26OCT050015-15,0.0010,91.49,yes
2026-10-05T04:14:57.160149Z,KXBTC15M-26OCT050015-15,0.0010,20.02,yes
2026-10-05T04:14:57.282129Z,KXBTC15M-26OCT050015-15,0.0010,1.26,yes
2026-10-05T04:14:57.739403Z,KXBTC15M-26OCT050015-15,0.0010,10.53,yes
2026-10-05T04:14:57.859876Z,KXBTC15M-26OCT050015-15,0.0010,925.29,yes
2026-10-05T04:14:57.890284Z,KXBTC15M-26OCT050015-15,0.0010,1831.90,yes
2026-10-05T04:14:58.144264Z,KXBTC15M-26OCT050015-15,0.0010,467.39,yes
2026-10-05T04:14:58.912515Z,KXBTC15M-26OCT050015-15,0.0010,3.94,yes
2026-10-05T04:14:59.154296Z,KXBTC15M-26OCT050015-15,0.0010,915.99,yes
2026-10-05T04:14:59.487298Z,KXBTC15M-26OCT050015-15,0.0010,9159.55,yes
2026-10-05T04:14:59.543842Z,KXBTC15M-26OCT050015-15,0.0010,48.00,yes
2026-10-05T04:12:53.281831Z,KXNEAR15M-26OCT050015-15,0.0800,9.00,no
2026-10-05T04:12:53.879769Z,KXNEAR15M-26OCT050015-15,0.0800,1.00,no
2026-10-05T04:12:53.988628Z,KXNEAR15M-26OCT050015-15,0.0800,38.00,no
2026-10-05T04:12:55.035409Z,KXNEAR15M-26OCT050015-15,0.0800,2.00,no
2026-10-05T04:12:56.110309Z,KXNEAR15M-26OCT050015-15,0.0790,1.00,yes
2026-10-05T04:12:56.110309Z,KXNEAR15M-26OCT050015-15,0.0800,1.00,yes
2026-10-05T04:12:56.110309Z,KXNEAR15M-26OCT050015-15,0.0770,10.00,yes
2026-10-05T04:12:56.110309Z,KXNEAR15M-26OCT050015-15,0.0790,1.00,yes
2026-10-05T04:12:56.451941Z,KXNEAR15M-26OCT050015-15,0.0810,2.22,yes
2026-10-05T04:13:00.987823Z,KXNEAR15M-26OCT050015-15,0.0620,0.72,yes
2026-10-05T04:13:00.987823Z,KXNEAR15M-26OCT050015-15,0.0620,0.28,yes
2026-10-05T04:13:00.99648Z,KXNEAR15M-26OCT050015-15,0.0620,1.00,yes
2026-10-05T04:13:01.063131Z,KXNEAR15M-26OCT050015-15,0.0540,3.00,no
2026-10-05T04:13:01.063131Z,KXNEAR15M-26OCT050015-15,0.0610,1.00,no
2026-10-05T04:13:01.063131Z,KXNEAR15M-26OCT050015-15,0.0560,2.00,no
2026-10-05T04:13:01.063131Z,KXNEAR15M-26OCT050015-15,0.0550,1.00,no
2026-10-05T04:13:01.063131Z,KXNEAR15M-26OCT050015-15,0.0580,1.00,no
2026-10-05T04:13:01.063131Z,KXNEAR15M-26OCT050015-15,0.0570,1.00,no
2026-10-05T04:13:01.063131Z,KXNEAR15M-26OCT050015-15,0.0560,1.00,no
2026-10-05T04:13:01.063131Z,KXNEAR15M-26OCT050015-15,0.0610,3.00,no
2026-10-05T04:13:01.063131Z,KXNEAR15M-26OCT050015-15,0.0570,2.00,no
2026-10-05T04:13:01.063131Z,KXNEAR15M-26OCT050015-15,0.0600,1.00,no
2026-10-05T04:13:01.063131Z,KXNEAR15M-26OCT050015-15,0.0560,2.00,no
2026-10-05T04:13:01.063131Z,KXNEAR15M-26OCT050015-15,0.0550,76.00,no
2026-10-05T04:13:01.202523Z,KXNEAR15M-26OCT050015-15,0.0540,6.00,yes
2026-10-05T04:13:01.635726Z,KXNEAR15M-26OCT050015-15,0.0480,10.00,no
2026-10-05T04:13:01.635726Z,KXNEAR15M-26OCT050015-15,0.0520,5.00,no
2026-10-05T04:13:01.635726Z,KXNEAR15M-26OCT050015-15,0.0460,2.00,no
2026-10-05T04:13:01.635726Z,KXNEAR15M-26OCT050015-15,0.0530,1.00,no
2026-10-05T04:13:01.635726Z,KXNEAR15M-26OCT050015-15,0.0500,1.00,no
2026-10-05T04:13:01.635726Z,KXNEAR15M-26OCT050015-15,0.0500,5.00,no
2026-10-05T04:13:01.635726Z,KXNEAR15M-26OCT050015-15,0.0510,30.00,no
2026-10-05T04:13:01.635726Z,KXNEAR15M-26OCT050015-15,0.0500,33.84,no
2026-10-05T04:13:01.635726Z,KXNEAR15M-26OCT050015-15,0.0500,1.00,no
2026-10-05T04:13:01.635726Z,KXNEAR15M-26OCT050015-15,0.0450,2.16,no
2026-10-05T04:13:01.635726Z,KXNEAR15M-26OCT050015-15,0.0500,3.00,no
2026-10-05T04:13:01.741788Z,KXNEAR15M-26OCT050015-15,0.0480,0.66,yes
2026-10-05T04:13:01.741788Z,KXNEAR15M-26OCT050015-15,0.0480,12.45,yes
2026-10-05T04:13:03.769305Z,KXNEAR15M-26OCT050015-15,0.0430,2.00,no
2026-10-05T04:13:04.159341Z,KXNEAR15M-26OCT050015-15,0.0410,4.00,no
2026-10-05T04:13:04.159341Z,KXNEAR15M-26OCT050015-15,0.0410,1.00,no
2026-10-05T04:13:04.159341Z,KXNEAR15M-26OCT050015-15,0.0400,5.00,no
2026-10-05T04:13:04.469737Z,KXNEAR15M-26OCT050015-15,0.0410,1.00,no
2026-10-05T04:13:04.469737Z,KXNEAR15M-26OCT050015-15,0.0420,1.00,no
2026-10-05T04:13:04.469737Z,KXNEAR15M-26OCT050015-15,0.0400,49.00,no
2026-10-05T04:13:04.506258Z,KXNEAR15M-26OCT050015-15,0.0700,10.00,yes
2026-10-05T04:13:04.506258Z,KXNEAR15M-26OCT050015-15,0.0690,1.00,yes
2026-10-05T04:13:05.040289Z,KXNEAR15M-26OCT050015-15,0.0420,1.00,no
2026-10-05T04:13:05.040289Z,KXNEAR15M-26OCT050015-15,0.0410,1.00,no
2026-10-05T04:13:05.040289Z,KXNEAR15M-26OCT050015-15,0.0410,30.00,no
2026-10-05T04:13:05.040289Z,KXNEAR15M-26OCT050015-15,0.0410,1.00,no
2026-10-05T04:13:05.040289Z,KXNEAR15M-26OCT050015-15,0.0400,12.50,no
2026-10-05T04:13:06.116887Z,KXNEAR15M-26OCT050015-15,0.0670,4.00,yes
2026-10-05T04:13:06.116887Z,KXNEAR15M-26OCT050015-15,0.0680,4.89,yes
2026-10-05T04:13:06.199226Z,KXNEAR15M-26OCT050015-15,0.0410,1.00,no
2026-10-05T04:13:06.199226Z,KXNEAR15M-26OCT050015-15,0.0400,9.00,no
2026-10-05T04:13:07.63428Z,KXNEAR15M-26OCT050015-15,0.0430,1.00,no
2026-10-05T04:13:07.905993Z,KXNEAR15M-26OCT050015-15,0.0400,7.00,no
2026-10-05T04:13:08.21446Z,KXNEAR15M-26OCT050015-15,0.0400,3.00,no
2026-10-05T04:13:09.793391Z,KXNEAR15M-26OCT050015-15,0.0440,6.00,no
2026-10-05T04:13:11.759854Z,KXNEAR15M-26OCT050015-15,0.0420,1.00,no
2026-10-05T04:13:11.764197Z,KXNEAR15M-26OCT050015-15,0.0420,1.00,no
2026-10-05T04:13:12.000831Z,KXNEAR15M-26OCT050015-15,0.0410,1.04,no
2026-10-05T04:13:12.138774Z,KXNEAR15M-26OCT050015-15,0.0690,6.63,yes
2026-10-05T04:13:12.138774Z,KXNEAR15M-26OCT050015-15,0.0680,1.00,yes
2026-10-05T04:13:13.383533Z,KXNEAR15M-26OCT050015-15,0.0420,2.00,no
2026-10-05T04:13:13.383533Z,KXNEAR15M-26OCT050015-15,0.0390,1.00,no
2026-10-05T04:13:13.383533Z,KXNEAR15M-26OCT050015-15,0.0400,2.00,no
2026-10-05T04:13:13.383533Z,KXNEAR15M-26OCT050015-15,0.0410,0.96,no
2026-10-05T04:13:13.383533Z,KXNEAR15M-26OCT050015-15,0.0380,2.00,no
2026-10-05T04:13:13.383533Z,KXNEAR15M-26OCT050015-15,0.0350,1.00,no
2026-10-05T04:13:13.383533Z,KXNEAR15M-26OCT050015-15,0.0360,1.00,no
2026-10-05T04:13:13.383533Z,KXNEAR15M-26OCT050015-15,0.0310,1.00,no
2026-10-05T04:13:13.383533Z,KXNEAR15M-26OCT050015-15,0.0310,1.00,no
2026-10-05T04:13:13.383533Z,KXNEAR15M-26OCT050015-15,0.0320,1.00,no
2026-10-05T04:13:13.383533Z,KXNEAR15M-26OCT050015-15,0.0300,1.00,no
2026-10-05T04:13:13.383533Z,KXNEAR15M-26OCT050015-15,0.0330,1.00,no
2026-10-05T04:13:13.383533Z,KXNEAR15M-26OCT050015-15,0.0300,26.17,no
2026-10-05T04:13:13.383533Z,KXNEAR15M-26OCT050015-15,0.0400,14.50,no
2026-10-05T04:13:14.843351Z,KXNEAR15M-26OCT050015-15,0.0300,1.34,no
2026-10-05T04:13:14.843351Z,KXNEAR15M-26OCT050015-15,0.0300,12.00,no
2026-10-05T04:13:14.843351Z,KXNEAR15M-26OCT050015-15,0.0300,6.66,no
2026-10-05T04:13:15.871555Z,KXNEAR15M-26OCT050015-15,0.0400,124.00,yes
2026-10-05T04:13:16.750834Z,KXNEAR15M-26OCT050015-15,0.0300,5.03,no
2026-10-05T04:13:16.750834Z,KXNEAR15M-26OCT050015-15,0.0300,3.31,no
2026-10-05T04:13:16.750834Z,KXNEAR15M-26OCT050015-15,0.0300,28.66,no
2026-10-05T04:13:17.741506Z,KXNEAR15M-26OCT050015-15,0.0300,5.00,no
2026-10-05T04:13:17.750189Z,KXNEAR15M-26OCT050015-15,0.0300,2.00,no
2026-10-05T04:13:17.816163Z,KXNEAR15M-26OCT050015-15,0.0310,10.00,yes
2026-10-05T04:13:17.816163Z,KXNEAR15M-26OCT050015-15,0.0310,5.00,yes
2026-10-05T04:13:18.063087Z,KXNEAR15M-26OCT050015-15,0.0300,1.00,no
2026-10-05T04:13:18.095813Z,KXNEAR15M-26OCT050015-15,0.0300,1.00,no
2026-10-05T04:13:18.185382Z,KXNEAR15M-26OCT050015-15,0.0310,4.00,yes
2026-10-05T04:13:18.919167Z,KXNEAR15M-26OCT050015-15,0.0310,9.26,no
2026-10-05T04:13:19.257934Z,KXNEAR15M-26OCT050015-15,0.0530,1.00,yes
2026-10-05T04:13:19.46621Z,KXNEAR15M-26OCT050015-15,0.0680,1.00,yes
2026-10-05T04:13:19.46621Z,KXNEAR15M-26OCT050015-15,0.0630,1.00,yes
2026-10-05T04:13:19.46621Z,KXNEAR15M-26OCT050015-15,0.0610,1.00,yes
2026-10-05T04:13:19.46621Z,KXNEAR15M-26OCT050015-15,0.0560,2.00,yes
2026-10-05T04:13:19.46621Z,KXNEAR15M-26OCT050015-15,0.0700,1.00,yes
2026-10-05T04:13:19.46621Z,KXNEAR15M-26OCT050015-15,0.0530,10.00,yes
2026-10-05T04:13:19.46621Z,KXNEAR15M-26OCT050015-15,0.0990,3.04,yes
2026-10-05T04:13:19.46621Z,KXNEAR15M-26OCT050015-15,0.0540,1.00,yes
2026-10-05T04:13:19.46621Z,KXNEAR15M-26OCT050015-15,0.0590,1.00,yes
2026-10-05T04:13:19.46621Z,KXNEAR15M-26OCT050015-15,0.0870,1.00,yes
2026-10-05T04:13:19.46621Z,KXNEAR15M-26OCT050015-15,0.0830,1.00,yes
2026-10-05T04:13:19.46621Z,KXNEAR15M-26OCT050015-15,0.0580,1.00,yes
2026-10-05T04:13:19.46621Z,KXNEAR15M-26OCT050015-15,0.0710,1.00,yes
2026-10-05T04:13:19.46621Z,KXNEAR15M-26OCT050015-15,0.0710,1.00,yes
2026-10-05T04:13:20.063605Z,KXNEAR15M-26OCT050015-15,0.0330,1.00,no
2026-10-05T04:13:20.123415Z,KXNEAR15M-26OCT050015-15,0.0310,1.00,no
2026-10-05T04:13:20.225359Z,KXNEAR15M-26OCT050015-15,0.0310,1.00,no
2026-10-05T04:13:20.235014Z,KXNEAR15M-26OCT050015-15,0.0310,1.00,no
2026-10-05T04:13:20.455746Z,KXNEAR15M-26OCT050015-15,0.0310,4.00,no
2026-10-05T04:13:20.723796Z,KXNEAR15M-26OCT050015-15,0.0310,2.00,no
2026-10-05T04:13:20.790002Z,KXNEAR15M-26OCT050015-15,0.0310,1.00,no
2026-10-05T04:13:20.961468Z,KXNEAR15M-26OCT050015-15,0.0310,0.26,no
2026-10-05T04:13:20.961468Z,KXNEAR15M-26OCT050015-15,0.0310,0.74,no
2026-10-05T04:13:21.279809Z,KXNEAR15M-26OCT050015-15,0.0440,0.34,yes
2026-10-05T04:13:21.279809Z,KXNEAR15M-26OCT050015-15,0.0320,1.66,yes
2026-10-05T04:13:21.282694Z,KXNEAR15M-26OCT050015-15,0.0310,1.00,no
2026-10-05T04:13:22.98807Z,KXNEAR15M-26OCT050015-15,0.0310,3.00,no
2026-10-05T04:13:22.98807Z,KXNEAR15M-26OCT050015-15,0.0310,0.74,no
2026-10-05T04:13:22.98807Z,KXNEAR15M-26OCT050015-15,0.0310,1.00,no
2026-10-05T04:13:22.98807Z,KXNEAR15M-26OCT050015-15,0.0300,7.26,no
2026-10-05T04:13:22.996334Z,KXNEAR15M-26OCT050015-15,0.0300,7.00,no
2026-10-05T04:13:24.550713Z,KXNEAR15M-26OCT050015-15,0.0270,0.84,no
2026-10-05T04:13:24.595236Z,KXNEAR15M-26OCT050015-15,0.0430,13.00,yes
2026-10-05T04:13:24.595236Z,KXNEAR15M-26OCT050015-15,0.0700,1.00,yes
2026-10-05T04:13:24.595236Z,KXNEAR15M-26OCT050015-15,0.0450,1.00,yes
2026-10-05T04:13:24.595236Z,KXNEAR15M-26OCT050015-15,0.0440,1.00,yes
2026-10-05T04:13:24.595236Z,KXNEAR15M-26OCT050015-15,0.1000,0.01,yes
2026-10-05T04:13:24.595236Z,KXNEAR15M-26OCT050015-15,0.1200,8.00,yes
2026-10-05T04:13:24.595236Z,KXNEAR15M-26OCT050015-15,0.0690,1.00,yes
2026-10-05T04:13:24.788509Z,KXNEAR15M-26OCT050015-15,0.0310,18.00,no
2026-10-05T04:13:24.788509Z,KXNEAR15M-26OCT050015-15,0.0270,1.62,no
2026-10-05T04:13:24.788509Z,KXNEAR15M-26OCT050015-15,0.0290,1.00,no
2026-10-05T04:13:24.788509Z,KXNEAR15M-26OCT050015-15,0.0320,4.00,no
2026-10-05T04:13:24.788509Z,KXNEAR15M-26OCT050015-15,0.0330,1.00,no
2026-10-05T04:13:26.005875Z,KXNEAR15M-26OCT050015-15,0.0100,1.00,no
2026-10-05T04:13:26.005875Z,KXNEAR15M-26OCT050015-15,0.0270,20.00,no
2026-10-05T04:13:26.005875Z,KXNEAR15M-26OCT050015-15,0.0220,10.00,no
2026-10-05T04:13:26.005875Z,KXNEAR15M-26OCT050015-15,0.0120,8.00,no
2026-10-05T04:13:26.005875Z,KXNEAR15M-26OCT050015-15,0.0270,4.00,no
2026-10-05T04:13:26.005875Z,KXNEAR15M-26OCT050015-15,0.0180,1.00,no
2026-10-05T04:13:26.005875Z,KXNEAR15M-26OCT050015-15,0.0120,10.00,no
2026-10-05T04:13:26.005875Z,KXNEAR15M-26OCT050015-15,0.0260,30.00,no
2026-10-05T04:13:26.005875Z,KXNEAR15M-26OCT050015-15,0.0100,8.00,no
2026-10-05T04:13:26.005875Z,KXNEAR15M-26OCT050015-15,0.0240,42.00,no
2026-10-05T04:13:26.005875Z,KXNEAR15M-26OCT050015-15,0.0100,30.00,no
2026-10-05T04:13:26.005875Z,KXNEAR15M-26OCT050015-15,0.0150,30.00,no
2026-10-05T04:13:26.005875Z,KXNEAR15M-26OCT050015-15,0.0200,30.00,no
2026-10-05T04:13:26.005875Z,KXNEAR15M-26OCT050015-15,0.0200,0.95,no
2026-10-05T04:13:26.005875Z,KXNEAR15M-26OCT050015-15,0.0100,3.98,no
2026-10-05T04:13:26.005875Z,KXNEAR15M-26OCT050015-15,0.0110,10.00,no
2026-10-05T04:13:26.005875Z,KXNEAR15M-26OCT050015-15,0.0090,10.00,no
2026-10-05T04:13:26.005875Z,KXNEAR15M-26OCT050015-15,0.0100,10.00,no
2026-10-05T04:13:26.005875Z,KXNEAR15M-26OCT050015-15,0.0200,50.00,no
2026-10-05T04:13:26.005875Z,KXNEAR15M-26OCT050015-15,0.0100,25.00,no
2026-10-05T04:13:26.005875Z,KXNEAR15M-26OCT050015-15,0.0090,28.80,no
2026-10-05T04:13:26.005875Z,KXNEAR15M-26OCT050015-15,0.0110,2.00,no
2026-10-05T04:13:26.005875Z,KXNEAR15M-26OCT050015-15,0.0110,10.00,no
2026-10-05T04:13:26.005875Z,KXNEAR15M-26OCT050015-15,0.0110,1.00,no
2026-10-05T04:13:26.005875Z,KXNEAR15M-26OCT050015-15,0.0110,2.00,no
2026-10-05T04:13:26.005875Z,KXNEAR15M-26OCT050015-15,0.0110,20.00,no
2026-10-05T04:13:26.005875Z,KXNEAR15M-26OCT050015-15,0.0110,100.00,no
2026-10-05T04:13:26.005875Z,KXNEAR15M-26OCT050015-15,0.0200,10.00,no
2026-10-05T04:13:26.005875Z,KXNEAR15M-26OCT050015-15,0.0100,20.00,no
2026-10-05T04:13:26.005875Z,KXNEAR15M-26OCT050015-15,0.0110,1.00,no
2026-10-05T04:13:26.005875Z,KXNEAR15M-26OCT050015-15,0.0210,1.00,no
2026-10-05T04:13:26.005875Z,KXNEAR15M-26OCT050015-15,0.0220,1.00,no
2026-10-05T04:13:26.005875Z,KXNEAR15M-26OCT050015-15,0.0230,1.00,no
2026-10-05T04:13:26.005875Z,KXNEAR15M-26OCT050015-15,0.0250,100.00,no
2026-10-05T04:13:26.005875Z,KXNEAR15M-26OCT050015-15,0.0100,100.00,no
2026-10-05T04:13:26.005875Z,KXNEAR15M-26OCT050015-15,0.0150,1.00,no
2026-10-05T04:13:26.005875Z,KXNEAR15M-26OCT050015-15,0.0100,1.00,no
2026-10-05T04:13:26.005875Z,KXNEAR15M-26OCT050015-15,0.0160,1.00,no
2026-10-05T04:13:26.005875Z,KXNEAR15M-26OCT050015-15,0.0170,1.00,no
2026-10-05T04:13:26.005875Z,KXNEAR15M-26OCT050015-15,0.0140,1.00,no
2026-10-05T04:13:26.005875Z,KXNEAR15M-26OCT050015-15,0.0210,1.00,no
2026-10-05T04:13:26.005875Z,KXNEAR15M-26OCT050015-15,0.0120,1.00,no
2026-10-05T04:13:26.005875Z,KXNEAR15M-26OCT050015-15,0.0110,1.00,no
2026-10-05T04:13:26.005875Z,KXNEAR15M-26OCT050015-15,0.0090,1.00,no
2026-10-05T04:13:26.005875Z,KXNEAR15M-26OCT050015-15,0.0180,1.00,no
2026-10-05T04:13:26.005875Z,KXNEAR15M-26OCT050015-15,0.0200,1.00,no
2026-10-05T04:13:26.005875Z,KXNEAR15M-26OCT050015-15,0.0130,1.00,no
2026-10-05T04:13:26.005875Z,KXNEAR15M-26OCT050015-15,0.0190,1.00,no
2026-10-05T04:13:26.005875Z,KXNEAR15M-26OCT050015-15,0.0200,11.00,no
2026-10-05T04:13:26.287302Z,KXNEAR15M-26OCT050015-15,0.0260,2.00,no
2026-10-05T04:13:26.359121Z,KXNEAR15M-26OCT050015-15,0.0260,2.00,no
2026-10-05T04:13:26.887833Z,KXNEAR15M-26OCT050015-15,0.0260,1.00,no
2026-10-05T04:13:26.896095Z,KXNEAR15M-26OCT050015-15,0.0260,1.00,no
2026-10-05T04:13:27.009169Z,KXNEAR15M-26OCT050015-15,0.0260,3.00,no
2026-10-05T04:13:27.07458Z,KXNEAR15M-26OCT050015-15,0.0260,3.00,no
2026-10-05T04:13:27.180701Z,KXNEAR15M-26OCT050015-15,0.0290,10.00,yes
2026-10-05T04:13:27.189822Z,KXNEAR15M-26OCT050015-15,0.0290,10.00,yes
2026-10-05T04:13:27.222611Z,KXNEAR15M-26OCT050015-15,0.0280,10.00,yes
2026-10-05T04:13:27.228844Z,KXNEAR15M-26OCT050015-15,0.0300,1.00,yes
2026-10-05T04:13:27.228844Z,KXNEAR15M-26OCT050015-15,0.0290,10.00,yes
2026-10-05T04:13:27.228844Z,KXNEAR15M-26OCT050015-15,0.0330,7.57,yes
2026-10-05T04:13:28.590171Z,KXNEAR15M-26OCT050015-15,0.0320,1.07,yes
2026-10-05T04:13:28.619641Z,KXNEAR15M-26OCT050015-15,0.0260,88.00,no
2026-10-05T04:13:29.205364Z,KXNEAR15M-26OCT050015-15,0.0340,2.20,yes
2026-10-05T04:13:29.302793Z,KXNEAR15M-26OCT050015-15,0.0180,28.80,yes
2026-10-05T04:13:30.114994Z,KXNEAR15M-26OCT050015-15,0.0120,2.02,no
2026-10-05T04:13:31.495363Z,KXNEAR15M-26OCT050015-15,0.0220,25.00,yes
2026-10-05T04:13:32.336529Z,KXNEAR15M-26OCT050015-15,0.0170,1.00,no
2026-10-05T04:13:33.415208Z,KXNEAR15M-26OCT050015-15,0.0220,1.00,no
2026-10-05T04:13:33.829038Z,KXNEAR15M-26OCT050015-15,0.0220,1.00,yes
2026-10-05T04:13:33.829038Z,KXNEAR15M-26OCT050015-15,0.0210,10.00,yes
2026-10-05T04:13:37.052788Z,KXNEAR15M-26OCT050015-15,0.0140,1.00,no
2026-10-05T04:13:37.59942Z,KXNEAR15M-26OCT050015-15,0.0160,7.00,no
2026-10-05T04:13:37.59942Z,KXNEAR15M-26OCT050015-15,0.0120,4.00,no
2026-10-05T04:13:37.59942Z,KXNEAR15M-26OCT050015-15,0.0120,2.00,no
2026-10-05T04:13:37.59942Z,KXNEAR15M-26OCT050015-15,0.0110,27.00,no
2026-10-05T04:13:37.844335Z,KXNEAR15M-26OCT050015-15,0.0110,2.00,no
2026-10-05T04:13:39.314729Z,KXNEAR15M-26OCT050015-15,0.0180,1.00,yes
2026-10-05T04:13:39.744521Z,KXNEAR15M-26OCT050015-15,0.0110,11.11,no
2026-10-05T04:13:42.961667Z,KXNEAR15M-26OCT050015-15,0.0180,2.00,yes
2026-10-05T04:13:42.961667Z,KXNEAR15M-26OCT050015-15,0.0180,10.00,yes
2026-10-05T04:13:43.050774Z,KXNEAR15M-26OCT050015-15,0.0130,1.00,no
2026-10-05T04:13:43.050894Z,KXNEAR15M-26OCT050015-15,0.0130,2.00,no
2026-10-05T04:13:43.097846Z,KXNEAR15M-26OCT050015-15,0.0180,10.00,yes
2026-10-05T04:13:43.097846Z,KXNEAR15M-26OCT050015-15,0.0180,1.00,yes
2026-10-05T04:13:43.275136Z,KXNEAR15M-26OCT050015-15,0.0180,2.00,yes
2026-10-05T04:13:43.275136Z,KXNEAR15M-26OCT050015-15,0.0180,10.00,yes
2026-10-05T04:13:43.651473Z,KXNEAR15M-26OCT050015-15,0.0180,2.00,yes
2026-10-05T04:13:43.651473Z,KXNEAR15M-26OCT050015-15,0.0180,10.00,yes
2026-10-05T04:13:44.236962Z,KXNEAR15M-26OCT050015-15,0.0180,10.00,yes
2026-10-05T04:13:45.117957Z,KXNEAR15M-26OCT050015-15,0.0110,5.00,no
2026-10-05T04:13:45.381934Z,KXNEAR15M-26OCT050015-15,0.0110,10.00,no
2026-10-05T04:13:45.667349Z,KXNEAR15M-26OCT050015-15,0.0120,5.00,no
2026-10-05T04:13:45.984361Z,KXNEAR15M-26OCT050015-15,0.0150,2.00,yes
2026-10-05T04:13:45.984361Z,KXNEAR15M-26OCT050015-15,0.0150,3.84,yes
2026-10-05T04:13:46.10831Z,KXNEAR15M-26OCT050015-15,0.0140,2.00,no
2026-10-05T04:13:46.10831Z,KXNEAR15M-26OCT050015-15,0.0140,3.00,no
2026-10-05T04:13:46.10831Z,KXNEAR15M-26OCT050015-15,0.0110,15.00,no
2026-10-05T04:13:46.15914Z,KXNEAR15M-26OCT050015-15,0.0140,72.64,yes
2026-10-05T04:13:46.15914Z,KXNEAR15M-26OCT050015-15,0.0140,1.00,yes
2026-10-05T04:13:46.224725Z,KXNEAR15M-26OCT050015-15,0.0120,1.00,yes
2026-10-05T04:13:46.230206Z,KXNEAR15M-26OCT050015-15,0.0130,25.00,yes
2026-10-05T04:13:47.517967Z,KXNEAR15M-26OCT050015-15,0.0110,10.00,no
2026-10-05T04:13:47.625777Z,KXNEAR15M-26OCT050015-15,0.0110,7.00,no
2026-10-05T04:13:47.625777Z,KXNEAR15M-26OCT050015-15,0.0100,25.00,no
2026-10-05T04:13:47.625777Z,KXNEAR15M-26OCT050015-15,0.0110,19.89,no
2026-10-05T04:13:47.625777Z,KXNEAR15M-26OCT050015-15,0.0100,7.00,no
2026-10-05T04:13:47.625777Z,KXNEAR15M-26OCT050015-15,0.0080,10.00,no
2026-10-05T04:13:47.631039Z,KXNEAR15M-26OCT050015-15,0.0080,31.11,yes
2026-10-05T04:13:47.665347Z,KXNEAR15M-26OCT050015-15,0.0100,7.00,no
2026-10-05T04:13:48.044075Z,KXNEAR15M-26OCT050015-15,0.0090,10.00,yes
2026-10-05T04:13:48.052079Z,KXNEAR15M-26OCT050015-15,0.0090,11.00,yes
2026-10-05T04:13:48.38501Z,KXNEAR15M-26OCT050015-15,0.0100,1.00,yes
2026-10-05T04:13:48.737491Z,KXNEAR15M-26OCT050015-15,0.0100,1.00,yes
2026-10-05T04:13:48.742872Z,KXNEAR15M-26OCT050015-15,0.0100,1.00,yes
2026-10-05T04:13:49.584243Z,KXNEAR15M-26OCT050015-15,0.0060,100.00,no
2026-10-05T04:13:49.584243Z,KXNEAR15M-26OCT050015-15,0.0040,3.00,no
2026-10-05T04:13:49.584243Z,KXNEAR15M-26OCT050015-15,0.0090,11.00,no
2026-10-05T04:13:49.584243Z,KXNEAR15M-26OCT050015-15,0.0040,4.00,no
2026-10-05T04:13:49.584243Z,KXNEAR15M-26OCT050015-15,0.0040,1.00,no
2026-10-05T04:13:49.584243Z,KXNEAR15M-26OCT050015-15,0.0030,2.00,no
2026-10-05T04:13:49.584243Z,KXNEAR15M-26OCT050015-15,0.0030,2.00,no
2026-10-05T04:13:49.584243Z,KXNEAR15M-26OCT050015-15,0.0040,1.00,no
2026-10-05T04:13:49.584243Z,KXNEAR15M-26OCT050015-15,0.0050,11.00,no
2026-10-05T04:13:49.584243Z,KXNEAR15M-26OCT050015-15,0.0040,13.00,no
2026-10-05T04:13:49.584243Z,KXNEAR15M-26OCT050015-15,0.0040,1.00,no
2026-10-05T04:13:49.584243Z,KXNEAR15M-26OCT050015-15,0.0030,2.00,no
2026-10-05T04:13:49.584243Z,KXNEAR15M-26OCT050015-15,0.0040,1.00,no
2026-10-05T04:13:49.584243Z,KXNEAR15M-26OCT050015-15,0.0030,2.00,no
2026-10-05T04:13:49.584243Z,KXNEAR15M-26OCT050015-15,0.0030,2.00,no
2026-10-05T04:13:49.584243Z,KXNEAR15M-26OCT050015-15,0.0040,1.00,no
2026-10-05T04:13:49.584243Z,KXNEAR15M-26OCT050015-15,0.0030,18.00,no
2026-10-05T04:13:49.584243Z,KXNEAR15M-26OCT050015-15,0.0030,250.00,no
2026-10-05T04:13:49.584243Z,KXNEAR15M-26OCT050015-15,0.0020,387.00,no
2026-10-05T04:13:49.584243Z,KXNEAR15M-26OCT050015-15,0.0060,10.00,no
2026-10-05T04:13:49.584243Z,KXNEAR15M-26OCT050015-15,0.0070,10.00,no
2026-10-05T04:13:49.584243Z,KXNEAR15M-26OCT050015-15,0.0020,10.00,no
2026-10-05T04:13:49.584243Z,KXNEAR15M-26OCT050015-15,0.0040,10.00,no
2026-10-05T04:13:49.584243Z,KXNEAR15M-26OCT050015-15,0.0030,10.00,no
2026-10-05T04:13:49.584243Z,KXNEAR15M-26OCT050015-15,0.0050,10.00,no
2026-10-05T04:13:49.584243Z,KXNEAR15M-26OCT050015-15,0.0020,100.00,no
2026-10-05T04:13:49.584243Z,KXNEAR15M-26OCT050015-15,0.0020,200.00,no
2026-10-05T04:13:49.692681Z,KXNEAR15M-26OCT050015-15,0.0090,4.00,no
2026-10-05T04:13:49.692681Z,KXNEAR15M-26OCT050015-15,0.0040,2.00,no
2026-10-05T04:13:49.692681Z,KXNEAR15M-26OCT050015-15,0.0030,2.00,no
2026-10-05T04:13:49.692681Z,KXNEAR15M-26OCT050015-15,0.0030,104.00,no
2026-10-05T04:13:49.692681Z,KXNEAR15M-26OCT050015-15,0.0050,2.00,no
2026-10-05T04:13:49.692681Z,KXNEAR15M-26OCT050015-15,0.0020,104.00,no
2026-10-05T04:13:49.692681Z,KXNEAR15M-26OCT050015-15,0.0020,2.00,no
2026-10-05T04:13:49.692681Z,KXNEAR15M-26OCT050015-15,0.0020,3.00,no
2026-10-05T04:13:49.692681Z,KXNEAR15M-26OCT050015-15,0.0020,3.00,no
2026-10-05T04:13:49.692681Z,KXNEAR15M-26OCT050015-15,0.0020,3.00,no
2026-10-05T04:13:49.692681Z,KXNEAR15M-26OCT050015-15,0.0020,3.00,no
2026-10-05T04:13:49.692681Z,KXNEAR15M-26OCT050015-15,0.0020,3.00,no
2026-10-05T04:13:49.692681Z,KXNEAR15M-26OCT050015-15,0.0020,26.00,no
2026-10-05T04:13:49.692681Z,KXNEAR15M-26OCT050015-15,0.0020,113.00,no
2026-10-05T04:13:49.848378Z,KXNEAR15M-26OCT050015-15,0.0010,1.00,no
2026-10-05T04:13:58.464782Z,KXNEAR15M-26OCT050015-15,0.0010,209.46,no
2026-10-05T04:13:58.464782Z,KXNEAR15M-26OCT050015-15,0.0010,10.00,no
2026-10-05T04:13:58.464782Z,KXNEAR15M-26OCT050015-15,0.0010,80.00,no
2026-10-05T04:13:58.464782Z,KXNEAR15M-26OCT050015-15,0.0010,1.00,no
2026-10-05T04:13:58.464782Z,KXNEAR15M-26OCT050015-15,0.0010,199.00,no
2026-10-05T04:13:58.464782Z,KXNEAR15M-26OCT050015-15,0.0010,1.00,no
2026-10-05T04:13:59.661689Z,KXNEAR15M-26OCT050015-15,0.0010,34.00,no
2026-10-05T04:13:59.661689Z,KXNEAR15M-26OCT050015-15,0.0010,1.00,no
2026-10-05T04:14:00.208585Z,KXNEAR15M-26OCT050015-15,0.0020,2.00,yes
2026-10-05T04:14:05.15388Z,KXNEAR15M-26OCT050015-15,0.0010,71.00,yes
2026-10-05T04:14:07.814712Z,KXNEAR15M-26OCT050015-15,0.0010,25.00,yes
2026-10-05T04:14:10.080062Z,KXNEAR15M-26OCT050015-15,0.0010,217.36,yes
2026-10-05T04:14:10.080062Z,KXNEAR15M-26OCT050015-15,0.0010,250.00,yes
2026-10-05T04:14:15.360827Z,KXNEAR15M-26OCT050015-15,0.0010,9.12,yes
2026-10-05T04:14:17.86934Z,KXNEAR15M-26OCT050015-15,0.0010,2.65,yes
2026-10-05T04:14:22.017631Z,KXNEAR15M-26OCT050015-15,0.0010,1.04,yes
2026-10-05T04:14:37.452303Z,KXNEAR15M-26OCT050015-15,0.0010,4.28,yes
2026-10-05T04:14:56.79443Z,KXNEAR15M-26OCT050015-15,0.0010,18.69,yes
2026-10-05T04:13:25.488609Z,KXSILVER15M-26OCT050015-15,0.0130,2.02,no
2026-10-05T04:13:27.630209Z,KXSILVER15M-26OCT050015-15,0.0130,100.00,no
2026-10-05T04:13:29.321797Z,KXSILVER15M-26OCT050015-15,0.0150,31.18,yes
2026-10-05T04:13:32.953532Z,KXSILVER15M-26OCT050015-15,0.0150,6.64,yes
2026-10-05T04:13:33.372067Z,KXSILVER15M-26OCT050015-15,0.0120,1.00,no
2026-10-05T04:13:33.384738Z,KXSILVER15M-26OCT050015-15,0.0120,15.00,no
2026-10-05T04:13:33.662127Z,KXSILVER15M-26OCT050015-15,0.0120,38.00,no
2026-10-05T04:13:33.662127Z,KXSILVER15M-26OCT050015-15,0.0100,1.19,no
2026-10-05T04:13:33.662127Z,KXSILVER15M-26OCT050015-15,0.0100,0.21,no
2026-10-05T04:13:33.662127Z,KXSILVER15M-26OCT050015-15,0.0100,1.00,no
2026-10-05T04:13:33.662127Z,KXSILVER15M-26OCT050015-15,0.0100,3.17,no
2026-10-05T04:13:33.662127Z,KXSILVER15M-26OCT050015-15,0.0110,2.00,no
2026-10-05T04:13:33.662127Z,KXSILVER15M-26OCT050015-15,0.0110,2.00,no
2026-10-05T04:13:33.662127Z,KXSILVER15M-26OCT050015-15,0.0110,100.00,no
2026-10-05T04:13:33.662127Z,KXSILVER15M-26OCT050015-15,0.0110,1.00,no
2026-10-05T04:13:33.662127Z,KXSILVER15M-26OCT050015-15,0.0110,20.00,no
2026-10-05T04:13:33.662127Z,KXSILVER15M-26OCT050015-15,0.0100,2.05,no
2026-10-05T04:13:33.662127Z,KXSILVER15M-26OCT050015-15,0.0110,10.00,no
2026-10-05T04:13:33.662127Z,KXSILVER15M-26OCT050015-15,0.0100,4.01,no
2026-10-05T04:13:33.662127Z,KXSILVER15M-26OCT050015-15,0.0100,2.00,no
2026-10-05T04:13:33.662127Z,KXSILVER15M-26OCT050015-15,0.0100,25.00,no
2026-10-05T04:13:34.038904Z,KXSILVER15M-26OCT050015-15,0.0150,2.34,yes
2026-10-05T04:13:34.038904Z,KXSILVER15M-26OCT050015-15,0.0150,10.00,yes
2026-10-05T04:13:34.038904Z,KXSILVER15M-26OCT050015-15,0.0150,112.18,yes
2026-10-05T04:13:35.575096Z,KXSILVER15M-26OCT050015-15,0.0100,83.00,no
2026-10-05T04:13:35.575096Z,KXSILVER15M-26OCT050015-15,0.0080,60.00,no
2026-10-05T04:13:35.575096Z,KXSILVER15M-26OCT050015-15,0.0070,58.59,no
2026-10-05T04:13:38.293555Z,KXSILVER15M-26OCT050015-15,0.0080,62.00,no
2026-10-05T04:13:38.293555Z,KXSILVER15M-26OCT050015-15,0.0040,10.00,no
2026-10-05T04:13:38.293555Z,KXSILVER15M-26OCT050015-15,0.0070,91.41,no
2026-10-05T04:13:38.293555Z,KXSILVER15M-26OCT050015-15,0.0040,1.00,no
2026-10-05T04:13:38.293555Z,KXSILVER15M-26OCT050015-15,0.0040,1.00,no
2026-10-05T04:13:38.293555Z,KXSILVER15M-26OCT050015-15,0.0040,1.00,no
2026-10-05T04:13:38.293555Z,KXSILVER15M-26OCT050015-15,0.0040,1.00,no
2026-10-05T04:13:38.293555Z,KXSILVER15M-26OCT050015-15,0.0040,1.00,no
2026-10-05T04:13:38.293555Z,KXSILVER15M-26OCT050015-15,0.0040,13.00,no
2026-10-05T04:13:38.293555Z,KXSILVER15M-26OCT050015-15,0.0050,11.00,no
2026-10-05T04:13:38.293555Z,KXSILVER15M-26OCT050015-15,0.0030,12.59,no
2026-10-05T04:13:38.619835Z,KXSILVER15M-26OCT050015-15,0.0070,1.00,no
2026-10-05T04:13:41.570841Z,KXSILVER15M-26OCT050015-15,0.0100,1.87,yes
2026-10-05T04:13:43.224624Z,KXSILVER15M-26OCT050015-15,0.0130,3.71,yes
2026-10-05T04:13:43.224624Z,KXSILVER15M-26OCT050015-15,0.0100,25.00,yes
2026-10-05T04:13:43.224624Z,KXSILVER15M-26OCT050015-15,0.0100,248.13,yes
2026-10-05T04:13:43.224624Z,KXSILVER15M-26OCT050015-15,0.0100,152.00,yes
2026-10-05T04:13:44.76272Z,KXSILVER15M-26OCT050015-15,0.0050,17.79,no
2026-10-05T04:13:47.39687Z,KXSILVER15M-26OCT050015-15,0.0120,19.10,yes
2026-10-05T04:13:48.662294Z,KXSILVER15M-26OCT050015-15,0.0160,84.20,yes
2026-10-05T04:13:48.662294Z,KXSILVER15M-26OCT050015-15,0.0120,86.90,yes
2026-10-05T04:13:48.662294Z,KXSILVER15M-26OCT050015-15,0.0140,12.59,yes
2026-10-05T04:13:48.662294Z,KXSILVER15M-26OCT050015-15,0.0140,150.00,yes
2026-10-05T04:13:48.686126Z,KXSILVER15M-26OCT050015-15,0.0050,5.02,no
2026-10-05T04:13:52.720739Z,KXSILVER15M-26OCT050015-15,0.0050,1.00,no
2026-10-05T04:13:54.505289Z,KXSILVER15M-26OCT050015-15,0.0050,16.13,no
2026-10-05T04:13:54.878937Z,KXSILVER15M-26OCT050015-15,0.0190,9.00,yes
2026-10-05T04:13:54.878937Z,KXSILVER15M-26OCT050015-15,0.0160,15.80,yes
2026-10-05T04:13:54.878937Z,KXSILVER15M-26OCT050015-15,0.0130,55.00,yes
2026-10-05T04:13:54.878937Z,KXSILVER15M-26OCT050015-15,0.0130,150.00,yes
2026-10-05T04:13:54.878937Z,KXSILVER15M-26OCT050015-15,0.0200,271.38,yes
2026-10-05T04:13:59.550534Z,KXSILVER15M-26OCT050015-15,0.0130,150.00,yes
2026-10-05T04:13:59.550534Z,KXSILVER15M-26OCT050015-15,0.0180,124.23,yes
2026-10-05T04:13:59.550534Z,KXSILVER15M-26OCT050015-15,0.0170,10.00,yes
2026-10-05T04:13:59.550534Z,KXSILVER15M-26OCT050015-15,0.0130,24.00,yes
2026-10-05T04:14:02.129341Z,KXSILVER15M-26OCT050015-15,0.0050,5.48,no
2026-10-05T04:14:05.131762Z,KXSILVER15M-26OCT050015-15,0.0120,15.26,yes
2026-10-05T04:14:05.131762Z,KXSILVER15M-26OCT050015-15,0.0120,0.01,yes
2026-10-05T04:14:07.997174Z,KXSILVER15M-26OCT050015-15,0.0130,1.01,yes
2026-10-05T04:14:08.581628Z,KXSILVER15M-26OCT050015-15,0.0050,368.15,no
2026-10-05T04:14:08.604308Z,KXSILVER15M-26OCT050015-15,0.0050,631.85,no
2026-10-05T04:14:08.604308Z,KXSILVER15M-26OCT050015-15,0.0040,40.00,no
2026-10-05T04:14:08.680313Z,KXSILVER15M-26OCT050015-15,0.0030,1.00,no
2026-10-05T04:14:09.74252Z,KXSILVER15M-26OCT050015-15,0.0060,1.52,yes
2026-10-05T04:14:10.485127Z,KXSILVER15M-26OCT050015-15,0.0080,25.00,yes
2026-10-05T04:14:10.485127Z,KXSILVER15M-26OCT050015-15,0.0070,60.00,yes
2026-10-05T04:14:10.485127Z,KXSILVER15M-26OCT050015-15,0.0120,8.70,yes
2026-10-05T04:14:10.485127Z,KXSILVER15M-26OCT050015-15,0.0070,26.00,yes
2026-10-05T04:14:11.667847Z,KXSILVER15M-26OCT050015-15,0.0030,84.00,no
2026-10-05T04:14:11.667847Z,KXSILVER15M-26OCT050015-15,0.0030,9.00,no
2026-10-05T04:14:11.667847Z,KXSILVER15M-26OCT050015-15,0.0030,2.00,no
2026-10-05T04:14:11.667847Z,KXSILVER15M-26OCT050015-15,0.0030,2.00,no
2026-10-05T04:14:11.667847Z,KXSILVER15M-26OCT050015-15,0.0030,2.00,no
2026-10-05T04:14:11.667847Z,KXSILVER15M-26OCT050015-15,0.0030,2.00,no
2026-10-05T04:14:11.667847Z,KXSILVER15M-26OCT050015-15,0.0030,2.00,no
2026-10-05T04:14:11.667847Z,KXSILVER15M-26OCT050015-15,0.0030,17.00,no
2026-10-05T04:14:11.667847Z,KXSILVER15M-26OCT050015-15,0.0020,25.00,no
2026-10-05T04:14:12.305529Z,KXSILVER15M-26OCT050015-15,0.0050,186.97,yes
2026-10-05T04:14:13.474615Z,KXSILVER15M-26OCT050015-15,0.0050,5.82,yes
2026-10-05T04:14:13.56925Z,KXSILVER15M-26OCT050015-15,0.0020,117.12,no
2026-10-05T04:14:13.60419Z,KXSILVER15M-26OCT050015-15,0.0020,1.27,no
2026-10-05T04:14:14.44393Z,KXSILVER15M-26OCT050015-15,0.0060,30.00,yes
2026-10-05T04:14:14.44393Z,KXSILVER15M-26OCT050015-15,0.0060,60.00,yes
2026-10-05T04:14:14.44393Z,KXSILVER15M-26OCT050015-15,0.0050,51.18,yes
2026-10-05T04:14:14.44393Z,KXSILVER15M-26OCT050015-15,0.0070,18.70,yes
2026-10-05T04:14:14.44393Z,KXSILVER15M-26OCT050015-15,0.0050,0.01,yes
2026-10-05T04:14:15.913257Z,KXSILVER15M-26OCT050015-15,0.0040,7.08,yes
2026-10-05T04:14:17.42147Z,KXSILVER15M-26OCT050015-15,0.0030,133.00,yes
2026-10-05T04:14:17.42147Z,KXSILVER15M-26OCT050015-15,0.0040,170.32,yes
2026-10-05T04:14:18.267664Z,KXSILVER15M-26OCT050015-15,0.0020,14.16,no
2026-10-05T04:14:19.764719Z,KXSILVER15M-26OCT050015-15,0.0050,283.95,yes
2026-10-05T04:14:19.764719Z,KXSILVER15M-26OCT050015-15,0.0050,60.00,yes
2026-10-05T04:14:19.764719Z,KXSILVER15M-26OCT050015-15,0.0050,30.00,yes
2026-10-05T04:14:19.934573Z,KXSILVER15M-26OCT050015-15,0.0020,1.00,no
2026-10-05T04:14:19.934573Z,KXSILVER15M-26OCT050015-15,0.0020,1.00,no
2026-10-05T04:14:19.934573Z,KXSILVER15M-26OCT050015-15,0.0020,5.55,no
2026-10-05T04:14:19.934573Z,KXSILVER15M-26OCT050015-15,0.0020,9.00,no
2026-10-05T04:14:19.934573Z,KXSILVER15M-26OCT050015-15,0.0020,3.00,no
2026-10-05T04:14:19.934573Z,KXSILVER15M-26OCT050015-15,0.0020,3.00,no
2026-10-05T04:14:19.934573Z,KXSILVER15M-26OCT050015-15,0.0020,3.00,no
2026-10-05T04:14:19.934573Z,KXSILVER15M-26OCT050015-15,0.0020,3.00,no
2026-10-05T04:14:19.934573Z,KXSILVER15M-26OCT050015-15,0.0020,3.00,no
2026-10-05T04:14:19.934573Z,KXSILVER15M-26OCT050015-15,0.0020,26.00,no
2026-10-05T04:14:19.934573Z,KXSILVER15M-26OCT050015-15,0.0020,442.45,no
2026-10-05T04:14:22.091584Z,KXSILVER15M-26OCT050015-15,0.0050,0.01,yes
2026-10-05T04:14:22.091584Z,KXSILVER15M-26OCT050015-15,0.0060,37.69,yes
2026-10-05T04:14:22.091584Z,KXSILVER15M-26OCT050015-15,0.0050,60.00,yes
2026-10-05T04:14:22.091584Z,KXSILVER15M-26OCT050015-15,0.0050,30.00,yes
2026-10-05T04:14:22.091584Z,KXSILVER15M-26OCT050015-15,0.0060,600.00,yes
2026-10-05T04:14:22.091584Z,KXSILVER15M-26OCT050015-15,0.0050,60.00,yes
2026-10-05T04:14:22.490704Z,KXSILVER15M-26OCT050015-15,0.0240,1.00,yes
2026-10-05T04:14:22.490704Z,KXSILVER15M-26OCT050015-15,0.0070,25.00,yes
2026-10-05T04:14:22.490704Z,KXSILVER15M-26OCT050015-15,0.0070,25.00,yes
2026-10-05T04:14:22.490704Z,KXSILVER15M-26OCT050015-15,0.0070,25.00,yes
2026-10-05T04:14:22.490704Z,KXSILVER15M-26OCT050015-15,0.0050,52.00,yes
2026-10-05T04:14:22.490704Z,KXSILVER15M-26OCT050015-15,0.0200,2.00,yes
2026-10-05T04:14:22.490704Z,KXSILVER15M-26OCT050015-15,0.0200,1.00,yes
2026-10-05T04:14:22.490704Z,KXSILVER15M-26OCT050015-15,0.0080,25.00,yes
2026-10-05T04:14:22.490704Z,KXSILVER15M-26OCT050015-15,0.0200,42.00,yes
2026-10-05T04:14:22.490704Z,KXSILVER15M-26OCT050015-15,0.0290,8.00,yes
2026-10-05T04:14:22.490704Z,KXSILVER15M-26OCT050015-15,0.0300,250.97,yes
2026-10-05T04:14:22.490704Z,KXSILVER15M-26OCT050015-15,0.0090,25.00,yes
2026-10-05T04:14:22.490704Z,KXSILVER15M-26OCT050015-15,0.0070,25.00,yes
2026-10-05T04:14:22.490704Z,KXSILVER15M-26OCT050015-15,0.0100,25.00,yes
2026-10-05T04:14:23.915382Z,KXSILVER15M-26OCT050015-15,0.0020,2.00,no
2026-10-05T04:14:25.847716Z,KXSILVER15M-26OCT050015-15,0.0050,60.00,yes
2026-10-05T04:14:25.847716Z,KXSILVER15M-26OCT050015-15,0.0050,30.00,yes
2026-10-05T04:14:25.847716Z,KXSILVER15M-26OCT050015-15,0.0060,13.96,yes
2026-10-05T04:14:25.847716Z,KXSILVER15M-26OCT050015-15,0.0060,25.00,yes
2026-10-05T04:14:26.201681Z,KXSILVER15M-26OCT050015-15,0.0020,5.55,no
2026-10-05T04:14:35.172597Z,KXSILVER15M-26OCT050015-15,0.0020,10.01,no
2026-10-05T04:14:35.263088Z,KXSILVER15M-26OCT050015-15,0.0020,5.01,no
2026-10-05T04:14:36.007114Z,KXSILVER15M-26OCT050015-15,0.0020,0.19,no
2026-10-05T04:14:36.09377Z,KXSILVER15M-26OCT050015-15,0.0020,10.00,no
2026-10-05T04:14:36.303014Z,KXSILVER15M-26OCT050015-15,0.0020,3.00,no
2026-10-05T04:14:36.839661Z,KXSILVER15M-26OCT050015-15,0.0020,143.00,no
2026-10-05T04:14:37.331251Z,KXSILVER15M-26OCT050015-15,0.0020,107.00,no
2026-10-05T04:14:37.600817Z,KXSILVER15M-26OCT050015-15,0.0020,4.86,no
2026-10-05T04:14:38.009198Z,KXSILVER15M-26OCT050015-15,0.0020,1.00,no
2026-10-05T04:14:38.916414Z,KXSILVER15M-26OCT050015-15,0.0020,87.04,no
2026-10-05T04:14:39.092119Z,KXSILVER15M-26OCT050015-15,0.0020,25.00,no
2026-10-05T04:14:40.66156Z,KXSILVER15M-26OCT050015-15,0.0020,20.03,no
2026-10-05T04:14:42.743083Z,KXSILVER15M-26OCT050015-15,0.0030,39.89,yes
2026-10-05T04:14:42.743083Z,KXSILVER15M-26OCT050015-15,0.0030,38.00,yes
2026-10-05T04:14:45.004021Z,KXSILVER15M-26OCT050015-15,0.0020,36.25,no
2026-10-05T04:14:47.159954Z,KXSILVER15M-26OCT050015-15,0.0020,60.00,no
2026-10-05T04:14:48.383778Z,KXSILVER15M-26OCT050015-15,0.0020,32.00,no
2026-10-05T04:14:49.481171Z,KXSILVER15M-26OCT050015-15,0.0020,48.06,no
2026-10-05T04:14:49.481171Z,KXSILVER15M-26OCT050015-15,0.0010,7.53,no
2026-10-05T04:14:49.727383Z,KXSILVER15M-26OCT050015-15,0.0010,21.00,no
2026-10-05T04:14:50.010374Z,KXSILVER15M-26OCT050015-15,0.0010,3.00,no
2026-10-05T04:14:50.010374Z,KXSILVER15M-26OCT050015-15,0.0010,1.00,no
2026-10-05T04:14:50.010374Z,KXSILVER15M-26OCT050015-15,0.0010,1.00,no
2026-10-05T04:14:50.598297Z,KXSILVER15M-26OCT050015-15,0.0020,21.00,yes
2026-10-05T04:14:50.598297Z,KXSILVER15M-26OCT050015-15,0.0020,7.53,yes
2026-10-05T04:14:50.598297Z,KXSILVER15M-26OCT050015-15,0.0030,30.00,yes
2026-10-05T04:14:50.598297Z,KXSILVER15M-26OCT050015-15,0.0030,0.01,yes
2026-10-05T04:14:50.598297Z,KXSILVER15M-26OCT050015-15,0.0060,252.44,yes
2026-10-05T04:14:50.598297Z,KXSILVER15M-26OCT050015-15,0.0050,600.00,yes
2026-10-05T04:14:52.198977Z,KXSILVER15M-26OCT050015-15,0.0010,542.72,yes
2026-10-05T04:13:24.381365Z,KXSOL15M-26OCT050015-15,0.9000,14.91,yes
2026-10-05T04:13:24.732964Z,KXSOL15M-26OCT050015-15,0.8900,5.86,no
2026-10-05T04:13:24.853533Z,KXSOL15M-26OCT050015-15,0.8900,19.42,no
2026-10-05T04:13:24.986739Z,KXSOL15M-26OCT050015-15,0.9000,1.00,yes
2026-10-05T04:13:25.550403Z,KXSOL15M-26OCT050015-15,0.8900,0.75,no
2026-10-05T04:13:25.898294Z,KXSOL15M-26OCT050015-15,0.9000,5.51,yes
2026-10-05T04:13:25.961011Z,KXSOL15M-26OCT050015-15,0.9000,0.01,yes
2026-10-05T04:13:26.493542Z,KXSOL15M-26OCT050015-15,0.9000,6.62,yes
2026-10-05T04:13:26.589816Z,KXSOL15M-26OCT050015-15,0.8900,16.49,no
2026-10-05T04:13:26.803711Z,KXSOL15M-26OCT050015-15,0.9000,126.01,yes
2026-10-05T04:13:26.803711Z,KXSOL15M-26OCT050015-15,0.9000,1.95,yes
2026-10-05T04:13:27.154791Z,KXSOL15M-26OCT050015-15,0.9190,10.00,yes
2026-10-05T04:13:27.154791Z,KXSOL15M-26OCT050015-15,0.9200,33.49,yes
2026-10-05T04:13:27.154791Z,KXSOL15M-26OCT050015-15,0.9180,4.00,yes
2026-10-05T04:13:27.154791Z,KXSOL15M-26OCT050015-15,0.9050,2.00,yes
2026-10-05T04:13:27.154791Z,KXSOL15M-26OCT050015-15,0.9200,1.00,yes
2026-10-05T04:13:27.154791Z,KXSOL15M-26OCT050015-15,0.9170,1.00,yes
2026-10-05T04:13:27.154791Z,KXSOL15M-26OCT050015-15,0.9180,1.00,yes
2026-10-05T04:13:27.154791Z,KXSOL15M-26OCT050015-15,0.9140,1.00,yes
2026-10-05T04:13:27.154791Z,KXSOL15M-26OCT050015-15,0.9150,1.00,yes
2026-10-05T04:13:27.154791Z,KXSOL15M-26OCT050015-15,0.9130,1.00,yes
2026-10-05T04:13:27.154791Z,KXSOL15M-26OCT050015-15,0.9190,1.00,yes
2026-10-05T04:13:27.154791Z,KXSOL15M-26OCT050015-15,0.9120,1.00,yes
2026-10-05T04:13:27.154791Z,KXSOL15M-26OCT050015-15,0.9110,1.00,yes
2026-10-05T04:13:27.154791Z,KXSOL15M-26OCT050015-15,0.9160,1.00,yes
2026-10-05T04:13:27.306666Z,KXSOL15M-26OCT050015-15,0.9010,13.00,no
2026-10-05T04:13:27.306666Z,KXSOL15M-26OCT050015-15,0.9010,10.00,no
2026-10-05T04:13:27.306666Z,KXSOL15M-26OCT050015-15,0.9010,0.25,no
2026-10-05T04:13:27.306666Z,KXSOL15M-26OCT050015-15,0.9000,15.22,no
2026-10-05T04:13:27.306666Z,KXSOL15M-26OCT050015-15,0.9020,7.00,no
2026-10-05T04:13:27.306666Z,KXSOL15M-26OCT050015-15,0.9020,11.00,no
2026-10-05T04:13:27.306666Z,KXSOL15M-26OCT050015-15,0.9000,11.00,no
2026-10-05T04:13:27.306666Z,KXSOL15M-26OCT050015-15,0.9020,21.00,no
2026-10-05T04:13:27.533606Z,KXSOL15M-26OCT050015-15,0.9050,2.00,yes
2026-10-05T04:13:27.533606Z,KXSOL15M-26OCT050015-15,0.9190,0.39,yes
2026-10-05T04:13:27.533606Z,KXSOL15M-26OCT050015-15,0.9180,4.00,yes
2026-10-05T04:13:27.757546Z,KXSOL15M-26OCT050015-15,0.9020,7.00,no
2026-10-05T04:13:27.757546Z,KXSOL15M-26OCT050015-15,0.9020,11.00,no
2026-10-05T04:13:27.757546Z,KXSOL15M-26OCT050015-15,0.9000,12.74,no
2026-10-05T04:13:27.757546Z,KXSOL15M-26OCT050015-15,0.9010,10.00,no
2026-10-05T04:13:27.757546Z,KXSOL15M-26OCT050015-15,0.9020,11.00,no
2026-10-05T04:13:27.757546Z,KXSOL15M-26OCT050015-15,0.9020,24.00,no
2026-10-05T04:13:27.757546Z,KXSOL15M-26OCT050015-15,0.9010,11.00,no
2026-10-05T04:13:28.226941Z,KXSOL15M-26OCT050015-15,0.9060,0.43,no
2026-10-05T04:13:28.244049Z,KXSOL15M-26OCT050015-15,0.9060,0.43,no
2026-10-05T04:13:28.244479Z,KXSOL15M-26OCT050015-15,0.9060,0.43,no
2026-10-05T04:13:28.938888Z,KXSOL15M-26OCT050015-15,0.9180,2.00,yes
2026-10-05T04:13:28.938888Z,KXSOL15M-26OCT050015-15,0.9190,7.00,yes
2026-10-05T04:13:28.938888Z,KXSOL15M-26OCT050015-15,0.9200,50.51,yes
2026-10-05T04:13:28.938888Z,KXSOL15M-26OCT050015-15,0.9240,1.00,yes
2026-10-05T04:13:28.938888Z,KXSOL15M-26OCT050015-15,0.9300,1.00,yes
2026-10-05T04:13:28.938888Z,KXSOL15M-26OCT050015-15,0.9210,1.00,yes
2026-10-05T04:13:28.938888Z,KXSOL15M-26OCT050015-15,0.9270,1.00,yes
2026-10-05T04:13:28.938888Z,KXSOL15M-26OCT050015-15,0.9220,1.00,yes
2026-10-05T04:13:28.938888Z,KXSOL15M-26OCT050015-15,0.9330,0.57,yes
2026-10-05T04:13:28.938888Z,KXSOL15M-26OCT050015-15,0.9280,1.00,yes
2026-10-05T04:13:28.938888Z,KXSOL15M-26OCT050015-15,0.9310,1.00,yes
2026-10-05T04:13:28.938888Z,KXSOL15M-26OCT050015-15,0.9300,1.00,yes
2026-10-05T04:13:28.938888Z,KXSOL15M-26OCT050015-15,0.9230,1.00,yes
2026-10-05T04:13:28.938888Z,KXSOL15M-26OCT050015-15,0.9320,1.00,yes
2026-10-05T04:13:28.938888Z,KXSOL15M-26OCT050015-15,0.9240,1.00,yes
2026-10-05T04:13:28.938888Z,KXSOL15M-26OCT050015-15,0.9290,1.00,yes
2026-10-05T04:13:28.938888Z,KXSOL15M-26OCT050015-15,0.9250,1.00,yes
2026-10-05T04:13:28.938888Z,KXSOL15M-26OCT050015-15,0.9260,1.00,yes
2026-10-05T04:13:28.940676Z,KXSOL15M-26OCT050015-15,0.9340,2.32,yes
2026-10-05T04:13:28.940676Z,KXSOL15M-26OCT050015-15,0.9330,13.00,yes
2026-10-05T04:13:28.940676Z,KXSOL15M-26OCT050015-15,0.9330,0.43,yes
2026-10-05T04:13:28.940676Z,KXSOL15M-26OCT050015-15,0.9340,1.00,yes
2026-10-05T04:13:29.949344Z,KXSOL15M-26OCT050015-15,0.9180,2.00,yes
2026-10-05T04:13:29.968128Z,KXSOL15M-26OCT050015-15,0.9110,11.00,no
2026-10-05T04:13:29.968128Z,KXSOL15M-26OCT050015-15,0.9110,1.23,no
2026-10-05T04:13:30.637027Z,KXSOL15M-26OCT050015-15,0.9220,0.88,yes
2026-10-05T04:13:31.078729Z,KXSOL15M-26OCT050015-15,0.9290,5.00,yes
2026-10-05T04:13:31.078729Z,KXSOL15M-26OCT050015-15,0.9220,1.12,yes
2026-10-05T04:13:31.078729Z,KXSOL15M-26OCT050015-15,0.9300,2.00,yes
2026-10-05T04:13:31.078729Z,KXSOL15M-26OCT050015-15,0.9260,2.00,yes
2026-10-05T04:13:31.078729Z,KXSOL15M-26OCT050015-15,0.9300,0.05,yes
2026-10-05T04:13:31.198166Z,KXSOL15M-26OCT050015-15,0.9120,11.00,no
2026-10-05T04:13:31.198166Z,KXSOL15M-26OCT050015-15,0.9120,6.00,no
2026-10-05T04:13:31.198166Z,KXSOL15M-26OCT050015-15,0.9120,1.42,no
2026-10-05T04:13:31.391477Z,KXSOL15M-26OCT050015-15,0.9300,40.74,yes
2026-10-05T04:13:31.53192Z,KXSOL15M-26OCT050015-15,0.9140,4.14,no
2026-10-05T04:13:31.53192Z,KXSOL15M-26OCT050015-15,0.9150,11.00,no
2026-10-05T04:13:31.864746Z,KXSOL15M-26OCT050015-15,0.9300,11.00,yes
2026-10-05T04:13:31.864752Z,KXSOL15M-26OCT050015-15,0.9300,5.00,yes
2026-10-05T04:13:31.864752Z,KXSOL15M-26OCT050015-15,0.9300,16.68,yes
2026-10-05T04:13:31.864752Z,KXSOL15M-26OCT050015-15,0.9310,28.32,yes
2026-10-05T04:13:31.865319Z,KXSOL15M-26OCT050015-15,0.9350,6.00,yes
2026-10-05T04:13:31.865319Z,KXSOL15M-26OCT050015-15,0.9370,10.00,yes
2026-10-05T04:13:31.865319Z,KXSOL15M-26OCT050015-15,0.9310,71.68,yes
2026-10-05T04:13:31.865319Z,KXSOL15M-26OCT050015-15,0.9360,1.00,yes
2026-10-05T04:13:31.865319Z,KXSOL15M-26OCT050015-15,0.9370,1.00,yes
2026-10-05T04:13:31.865319Z,KXSOL15M-26OCT050015-15,0.9350,1.00,yes
2026-10-05T04:13:31.869798Z,KXSOL15M-26OCT050015-15,0.9340,5.00,yes
2026-10-05T04:13:31.870948Z,KXSOL15M-26OCT050015-15,0.9390,1.00,yes
2026-10-05T04:13:31.870948Z,KXSOL15M-26OCT050015-15,0.9380,1.00,yes
2026-10-05T04:13:31.996673Z,KXSOL15M-26OCT050015-15,0.9390,3.00,no
2026-10-05T04:13:31.996673Z,KXSOL15M-26OCT050015-15,0.9380,3.00,no
2026-10-05T04:13:31.996673Z,KXSOL15M-26OCT050015-15,0.9320,6.00,no
2026-10-05T04:13:31.996673Z,KXSOL15M-26OCT050015-15,0.9360,11.00,no
2026-10-05T04:13:31.996673Z,KXSOL15M-26OCT050015-15,0.9380,11.00,no
2026-10-05T04:13:31.996673Z,KXSOL15M-26OCT050015-15,0.9390,10.00,no
2026-10-05T04:13:31.996673Z,KXSOL15M-26OCT050015-15,0.9310,18.00,no
2026-10-05T04:13:31.996673Z,KXSOL15M-26OCT050015-15,0.9310,17.00,no
2026-10-05T04:13:32.057833Z,KXSOL15M-26OCT050015-15,0.9390,10.00,no
2026-10-05T04:13:32.057833Z,KXSOL15M-26OCT050015-15,0.9390,11.00,no
2026-10-05T04:13:32.066556Z,KXSOL15M-26OCT050015-15,0.9390,3.00,no
2026-10-05T04:13:32.066556Z,KXSOL15M-26OCT050015-15,0.9390,10.00,no
2026-10-05T04:13:32.066556Z,KXSOL15M-26OCT050015-15,0.9380,3.00,no
2026-10-05T04:13:32.088563Z,KXSOL15M-26OCT050015-15,0.9380,2.00,no
2026-10-05T04:13:32.100342Z,KXSOL15M-26OCT050015-15,0.9380,3.00,no
2026-10-05T04:13:32.273469Z,KXSOL15M-26OCT050015-15,0.9380,10.00,no
2026-10-05T04:13:32.273469Z,KXSOL15M-26OCT050015-15,0.9370,3.00,no
2026-10-05T04:13:32.273469Z,KXSOL15M-26OCT050015-15,0.9370,11.00,no
2026-10-05T04:13:32.307688Z,KXSOL15M-26OCT050015-15,0.9380,4.00,no
2026-10-05T04:13:32.379518Z,KXSOL15M-26OCT050015-15,0.9390,31.00,yes
2026-10-05T04:13:32.379518Z,KXSOL15M-26OCT050015-15,0.9390,7.00,yes
2026-10-05T04:13:32.379518Z,KXSOL15M-26OCT050015-15,0.9450,6.00,yes
2026-10-05T04:13:32.379518Z,KXSOL15M-26OCT050015-15,0.9400,2.00,yes
2026-10-05T04:13:32.379518Z,KXSOL15M-26OCT050015-15,0.9400,1.00,yes
2026-10-05T04:13:32.379518Z,KXSOL15M-26OCT050015-15,0.9400,1.00,yes
2026-10-05T04:13:32.379518Z,KXSOL15M-26OCT050015-15,0.9450,1.00,yes
2026-10-05T04:13:32.379518Z,KXSOL15M-26OCT050015-15,0.9490,1.00,yes
2026-10-05T04:13:32.379518Z,KXSOL15M-26OCT050015-15,0.9460,1.00,yes
2026-10-05T04:13:32.379518Z,KXSOL15M-26OCT050015-15,0.9470,1.00,yes
2026-10-05T04:13:32.379518Z,KXSOL15M-26OCT050015-15,0.9480,1.00,yes
2026-10-05T04:13:32.379518Z,KXSOL15M-26OCT050015-15,0.9430,1.00,yes
2026-10-05T04:13:32.379518Z,KXSOL15M-26OCT050015-15,0.9410,1.00,yes
2026-10-05T04:13:32.379518Z,KXSOL15M-26OCT050015-15,0.9400,20.00,yes
2026-10-05T04:13:32.379518Z,KXSOL15M-26OCT050015-15,0.9460,8.00,yes
2026-10-05T04:13:32.379518Z,KXSOL15M-26OCT050015-15,0.9400,1.00,yes
2026-10-05T04:13:32.379518Z,KXSOL15M-26OCT050015-15,0.9420,1.00,yes
2026-10-05T04:13:32.379518Z,KXSOL15M-26OCT050015-15,0.9440,1.00,yes
2026-10-05T04:13:32.560973Z,KXSOL15M-26OCT050015-15,0.9510,3.00,yes
2026-10-05T04:13:32.560973Z,KXSOL15M-26OCT050015-15,0.9590,1.00,yes
2026-10-05T04:13:32.560973Z,KXSOL15M-26OCT050015-15,0.9500,3.00,yes
2026-10-05T04:13:32.560973Z,KXSOL15M-26OCT050015-15,0.9570,6.00,yes
2026-10-05T04:13:32.560973Z,KXSOL15M-26OCT050015-15,0.9590,24.00,yes
2026-10-05T04:13:32.560973Z,KXSOL15M-26OCT050015-15,0.9580,10.00,yes
2026-10-05T04:13:32.560973Z,KXSOL15M-26OCT050015-15,0.9500,1.00,yes
2026-10-05T04:13:32.560973Z,KXSOL15M-26OCT050015-15,0.9600,1.00,yes
2026-10-05T04:13:32.560973Z,KXSOL15M-26OCT050015-15,0.9600,0.92,yes
2026-10-05T04:13:32.560973Z,KXSOL15M-26OCT050015-15,0.9600,2.30,yes
2026-10-05T04:13:32.560973Z,KXSOL15M-26OCT050015-15,0.9500,6.00,yes
2026-10-05T04:13:32.560973Z,KXSOL15M-26OCT050015-15,0.9500,3.00,yes
2026-10-05T04:13:32.560973Z,KXSOL15M-26OCT050015-15,0.9500,1.00,yes
2026-10-05T04:13:32.560973Z,KXSOL15M-26OCT050015-15,0.9540,1.00,yes
2026-10-05T04:13:32.560973Z,KXSOL15M-26OCT050015-15,0.9510,1.00,yes
2026-10-05T04:13:32.560973Z,KXSOL15M-26OCT050015-15,0.9500,1.00,yes
2026-10-05T04:13:32.560973Z,KXSOL15M-26OCT050015-15,0.9590,1.00,yes
2026-10-05T04:13:32.560973Z,KXSOL15M-26OCT050015-15,0.9520,1.00,yes
2026-10-05T04:13:32.560973Z,KXSOL15M-26OCT050015-15,0.9550,1.00,yes
2026-10-05T04:13:32.560973Z,KXSOL15M-26OCT050015-15,0.9530,1.00,yes
2026-10-05T04:13:32.560973Z,KXSOL15M-26OCT050015-15,0.9570,1.00,yes
2026-10-05T04:13:32.560973Z,KXSOL15M-26OCT050015-15,0.9580,1.00,yes
2026-10-05T04:13:32.560973Z,KXSOL15M-26OCT050015-15,0.9600,1.00,yes
2026-10-05T04:13:32.560973Z,KXSOL15M-26OCT050015-15,0.9560,1.00,yes
2026-10-05T04:13:32.65399Z,KXSOL15M-26OCT050015-15,0.9510,0.61,no
2026-10-05T04:13:32.65399Z,KXSOL15M-26OCT050015-15,0.9510,11.00,no
2026-10-05T04:13:32.714522Z,KXSOL15M-26OCT050015-15,0.9570,6.00,yes
2026-10-05T04:13:32.714522Z,KXSOL15M-26OCT050015-15,0.9600,6.00,yes
2026-10-05T04:13:32.714522Z,KXSOL15M-26OCT050015-15,0.9680,10.00,yes
2026-10-05T04:13:32.714522Z,KXSOL15M-26OCT050015-15,0.9550,3.00,yes
2026-10-05T04:13:32.714522Z,KXSOL15M-26OCT050015-15,0.9580,40.00,yes
2026-10-05T04:13:32.714522Z,KXSOL15M-26OCT050015-15,0.9540,3.00,yes
2026-10-05T04:13:32.714522Z,KXSOL15M-26OCT050015-15,0.9570,29.00,yes
2026-10-05T04:13:32.714522Z,KXSOL15M-26OCT050015-15,0.9690,53.39,yes
2026-10-05T04:13:32.714522Z,KXSOL15M-26OCT050015-15,0.9600,39.61,yes
2026-10-05T04:13:32.714522Z,KXSOL15M-26OCT050015-15,0.9690,1.00,yes
2026-10-05T04:13:32.714522Z,KXSOL15M-26OCT050015-15,0.9690,1.00,yes
2026-10-05T04:13:32.714522Z,KXSOL15M-26OCT050015-15,0.9660,1.00,yes
2026-10-05T04:13:32.714522Z,KXSOL15M-26OCT050015-15,0.9670,1.00,yes
2026-10-05T04:13:32.714522Z,KXSOL15M-26OCT050015-15,0.9650,1.00,yes
2026-10-05T04:13:32.714522Z,KXSOL15M-26OCT050015-15,0.9680,1.00,yes
2026-10-05T04:13:32.714522Z,KXSOL15M-26OCT050015-15,0.9630,1.00,yes
2026-10-05T04:13:32.714522Z,KXSOL15M-26OCT050015-15,0.9640,1.00,yes
2026-10-05T04:13:32.714522Z,KXSOL15M-26OCT050015-15,0.9610,1.00,yes
2026-10-05T04:13:32.714522Z,KXSOL15M-26OCT050015-15,0.9620,1.00,yes
2026-10-05T04:13:32.750677Z,KXSOL15M-26OCT050015-15,0.9570,3.00,yes
2026-10-05T04:13:32.750677Z,KXSOL15M-26OCT050015-15,0.9560,3.00,yes
2026-10-05T04:13:33.052005Z,KXSOL15M-26OCT050015-15,0.9570,5.00,no
2026-10-05T04:13:33.233164Z,KXSOL15M-26OCT050015-15,0.9570,32.88,no
2026-10-05T04:13:33.262072Z,KXSOL15M-26OCT050015-15,0.9570,6.07,no
2026-10-05T04:13:33.619621Z,KXSOL15M-26OCT050015-15,0.9570,3.43,no
2026-10-05T04:13:33.891902Z,KXSOL15M-26OCT050015-15,0.9570,0.01,no
2026-10-05T04:13:33.891902Z,KXSOL15M-26OCT050015-15,0.9590,3.00,no
2026-10-05T04:13:33.891902Z,KXSOL15M-26OCT050015-15,0.9580,3.00,no
2026-10-05T04:13:33.906983Z,KXSOL15M-26OCT050015-15,0.9600,5.00,yes
2026-10-05T04:13:33.906983Z,KXSOL15M-26OCT050015-15,0.9600,10.00,yes
2026-10-05T04:13:33.928663Z,KXSOL15M-26OCT050015-15,0.9600,20.42,no
2026-10-05T04:13:34.03481Z,KXSOL15M-26OCT050015-15,0.9600,1.00,no
2026-10-05T04:13:34.094167Z,KXSOL15M-26OCT050015-15,0.9610,34.06,yes
2026-10-05T04:13:34.203791Z,KXSOL15M-26OCT050015-15,0.9600,23.00,no
2026-10-05T04:13:35.593861Z,KXSOL15M-26OCT050015-15,0.9600,9.42,no
2026-10-05T04:13:35.593861Z,KXSOL15M-26OCT050015-15,0.9600,0.58,no
2026-10-05T04:13:35.669343Z,KXSOL15M-26OCT050015-15,0.9610,0.80,yes
2026-10-05T04:13:35.804404Z,KXSOL15M-26OCT050015-15,0.9600,1.58,no
2026-10-05T04:13:35.804404Z,KXSOL15M-26OCT050015-15,0.9600,1.42,no
2026-10-05T04:13:35.854202Z,KXSOL15M-26OCT050015-15,0.9610,12.76,yes
2026-10-05T04:13:35.868544Z,KXSOL15M-26OCT050015-15,0.9610,5.00,yes
2026-10-05T04:13:35.924388Z,KXSOL15M-26OCT050015-15,0.9630,16.00,yes
2026-10-05T04:13:35.924388Z,KXSOL15M-26OCT050015-15,0.9620,15.00,yes
2026-10-05T04:13:35.924388Z,KXSOL15M-26OCT050015-15,0.9610,37.00,yes
2026-10-05T04:13:35.924388Z,KXSOL15M-26OCT050015-15,0.9650,10.69,yes
2026-10-05T04:13:35.924388Z,KXSOL15M-26OCT050015-15,0.9640,10.00,yes
2026-10-05T04:13:35.924388Z,KXSOL15M-26OCT050015-15,0.9640,6.00,yes
2026-10-05T04:13:36.096408Z,KXSOL15M-26OCT050015-15,0.9670,10.00,yes
2026-10-05T04:13:36.182981Z,KXSOL15M-26OCT050015-15,0.9670,2.00,yes
2026-10-05T04:13:36.212406Z,KXSOL15M-26OCT050015-15,0.9620,11.00,no
2026-10-05T04:13:36.212406Z,KXSOL15M-26OCT050015-15,0.9610,9.76,no
2026-10-05T04:13:36.212406Z,KXSOL15M-26OCT050015-15,0.9610,12.00,no
2026-10-05T04:13:36.636416Z,KXSOL15M-26OCT050015-15,0.9650,7.40,no
2026-10-05T04:13:36.796403Z,KXSOL15M-26OCT050015-15,0.9630,1.40,no
2026-10-05T04:13:36.796403Z,KXSOL15M-26OCT050015-15,0.9650,3.60,no
2026-10-05T04:13:37.09459Z,KXSOL15M-26OCT050015-15,0.9650,6.62,no
2026-10-05T04:13:37.173376Z,KXSOL15M-26OCT050015-15,0.9670,5.00,yes
2026-10-05T04:13:37.631096Z,KXSOL15M-26OCT050015-15,0.9670,3.63,no
2026-10-05T04:13:38.094506Z,KXSOL15M-26OCT050015-15,0.9670,6.00,no
2026-10-05T04:13:38.103079Z,KXSOL15M-26OCT050015-15,0.9670,1.37,no
2026-10-05T04:13:38.103079Z,KXSOL15M-26OCT050015-15,0.9650,4.38,no
2026-10-05T04:13:38.145985Z,KXSOL15M-26OCT050015-15,0.9580,3.44,no
2026-10-05T04:13:38.145985Z,KXSOL15M-26OCT050015-15,0.9640,11.00,no
2026-10-05T04:13:38.145985Z,KXSOL15M-26OCT050015-15,0.9630,3.00,no
2026-10-05T04:13:38.145985Z,KXSOL15M-26OCT050015-15,0.9630,11.00,no
2026-10-05T04:13:38.145985Z,KXSOL15M-26OCT050015-15,0.9620,3.00,no
2026-10-05T04:13:38.574807Z,KXSOL15M-26OCT050015-15,0.9600,0.88,no
2026-10-05T04:13:38.59427Z,KXSOL15M-26OCT050015-15,0.9670,5.55,yes
2026-10-05T04:13:38.59427Z,KXSOL15M-26OCT050015-15,0.9660,14.00,yes
2026-10-05T04:13:38.59427Z,KXSOL15M-26OCT050015-15,0.9650,130.00,yes
2026-10-05T04:13:38.625765Z,KXSOL15M-26OCT050015-15,0.9670,4.45,yes
2026-10-05T04:13:38.625765Z,KXSOL15M-26OCT050015-15,0.9690,24.55,yes
2026-10-05T04:13:38.625765Z,KXSOL15M-26OCT050015-15,0.9690,3.00,yes
2026-10-05T04:13:38.625765Z,KXSOL15M-26OCT050015-15,0.9670,6.00,yes
2026-10-05T04:13:38.740646Z,KXSOL15M-26OCT050015-15,0.9690,10.00,yes
2026-10-05T04:13:38.740646Z,KXSOL15M-26OCT050015-15,0.9690,2.00,yes
2026-10-05T04:13:38.989314Z,KXSOL15M-26OCT050015-15,0.9650,11.00,no
2026-10-05T04:13:38.989314Z,KXSOL15M-26OCT050015-15,0.9650,8.00,no
2026-10-05T04:13:38.989314Z,KXSOL15M-26OCT050015-15,0.9630,6.87,no
2026-10-05T04:13:38.989314Z,KXSOL15M-26OCT050015-15,0.9640,161.00,no
2026-10-05T04:13:39.169647Z,KXSOL15M-26OCT050015-15,0.9690,6.00,yes
2026-10-05T04:13:39.169647Z,KXSOL15M-26OCT050015-15,0.9690,10.00,yes
2026-10-05T04:13:39.169647Z,KXSOL15M-26OCT050015-15,0.9700,4.00,yes
2026-10-05T04:13:40.102761Z,KXSOL15M-26OCT050015-15,0.9690,1.02,yes
2026-10-05T04:13:40.398638Z,KXSOL15M-26OCT050015-15,0.9660,1.66,no
2026-10-05T04:13:40.398638Z,KXSOL15M-26OCT050015-15,0.9670,11.00,no
2026-10-05T04:13:41.672385Z,KXSOL15M-26OCT050015-15,0.9690,6.22,no
2026-10-05T04:13:41.725052Z,KXSOL15M-26OCT050015-15,0.9690,4.78,no
2026-10-05T04:13:41.725052Z,KXSOL15M-26OCT050015-15,0.9690,0.22,no
2026-10-05T04:13:41.897713Z,KXSOL15M-26OCT050015-15,0.9690,30.20,no
2026-10-05T04:13:42.167076Z,KXSOL15M-26OCT050015-15,0.9700,5.00,yes
2026-10-05T04:13:42.872387Z,KXSOL15M-26OCT050015-15,0.9690,11.58,no
2026-10-05T04:13:42.88143Z,KXSOL15M-26OCT050015-15,0.9690,1.00,no
2026-10-05T04:13:43.354254Z,KXSOL15M-26OCT050015-15,0.9680,4.62,yes
2026-10-05T04:13:43.412996Z,KXSOL15M-26OCT050015-15,0.9660,10.00,no
2026-10-05T04:13:43.518381Z,KXSOL15M-26OCT050015-15,0.9740,30.69,yes
2026-10-05T04:13:43.518381Z,KXSOL15M-26OCT050015-15,0.9680,11.00,yes
2026-10-05T04:13:43.518381Z,KXSOL15M-26OCT050015-15,0.9690,6.00,yes
2026-10-05T04:13:43.518381Z,KXSOL15M-26OCT050015-15,0.9740,25.00,yes
2026-10-05T04:13:43.518381Z,KXSOL15M-26OCT050015-15,0.9720,11.00,yes
2026-10-05T04:13:43.518381Z,KXSOL15M-26OCT050015-15,0.9730,3.00,yes
2026-10-05T04:13:43.518381Z,KXSOL15M-26OCT050015-15,0.9690,12.00,yes
2026-10-05T04:13:43.518381Z,KXSOL15M-26OCT050015-15,0.9720,6.00,yes
2026-10-05T04:13:43.518381Z,KXSOL15M-26OCT050015-15,0.9700,2.00,yes
2026-10-05T04:13:43.518381Z,KXSOL15M-26OCT050015-15,0.9700,10.00,yes
2026-10-05T04:13:43.518381Z,KXSOL15M-26OCT050015-15,0.9700,1.00,yes
2026-10-05T04:13:43.518381Z,KXSOL15M-26OCT050015-15,0.9700,6.66,yes
2026-10-05T04:13:43.518381Z,KXSOL15M-26OCT050015-15,0.9700,25.00,yes
2026-10-05T04:13:43.518381Z,KXSOL15M-26OCT050015-15,0.9700,21.00,yes
2026-10-05T04:13:43.518381Z,KXSOL15M-26OCT050015-15,0.9720,1.00,yes
2026-10-05T04:13:43.518381Z,KXSOL15M-26OCT050015-15,0.9730,1.00,yes
2026-10-05T04:13:43.518381Z,KXSOL15M-26OCT050015-15,0.9740,1.00,yes
2026-10-05T04:13:43.518381Z,KXSOL15M-26OCT050015-15,0.9700,1.00,yes
2026-10-05T04:13:43.518381Z,KXSOL15M-26OCT050015-15,0.9710,1.00,yes
2026-10-05T04:13:43.741993Z,KXSOL15M-26OCT050015-15,0.9690,3.00,no
2026-10-05T04:13:43.741993Z,KXSOL15M-26OCT050015-15,0.9700,11.00,no
2026-10-05T04:13:43.741993Z,KXSOL15M-26OCT050015-15,0.9690,20.00,no
2026-10-05T04:13:43.753827Z,KXSOL15M-26OCT050015-15,0.9690,8.00,no
2026-10-05T04:13:43.854648Z,KXSOL15M-26OCT050015-15,0.9660,11.00,no
2026-10-05T04:13:43.854648Z,KXSOL15M-26OCT050015-15,0.9650,11.00,no
2026-10-05T04:13:43.854648Z,KXSOL15M-26OCT050015-15,0.9650,3.00,no
2026-10-05T04:13:43.854764Z,KXSOL15M-26OCT050015-15,0.9560,16.00,no
2026-10-05T04:13:43.854764Z,KXSOL15M-26OCT050015-15,0.9550,6.00,no
2026-10-05T04:13:43.854764Z,KXSOL15M-26OCT050015-15,0.9600,6.00,no
2026-10-05T04:13:43.854764Z,KXSOL15M-26OCT050015-15,0.9570,7.00,no
2026-10-05T04:13:43.869332Z,KXSOL15M-26OCT050015-15,0.9510,18.00,no
2026-10-05T04:13:43.869332Z,KXSOL15M-26OCT050015-15,0.9520,54.00,no
2026-10-05T04:13:43.869332Z,KXSOL15M-26OCT050015-15,0.9550,6.00,no
2026-10-05T04:13:43.869332Z,KXSOL15M-26OCT050015-15,0.9520,6.00,no
2026-10-05T04:13:43.871209Z,KXSOL15M-26OCT050015-15,0.9510,36.62,no
2026-10-05T04:13:43.898366Z,KXSOL15M-26OCT050015-15,0.9510,10.38,no
2026-10-05T04:13:43.89856Z,KXSOL15M-26OCT050015-15,0.9440,1.00,no
2026-10-05T04:13:43.89856Z,KXSOL15M-26OCT050015-15,0.9490,10.00,no
2026-10-05T04:13:43.898586Z,KXSOL15M-26OCT050015-15,0.9310,4.58,no
2026-10-05T04:13:43.898586Z,KXSOL15M-26OCT050015-15,0.9430,7.00,no
2026-10-05T04:13:43.898586Z,KXSOL15M-26OCT050015-15,0.9440,26.00,no
2026-10-05T04:13:43.898586Z,KXSOL15M-26OCT050015-15,0.9420,6.00,no
2026-10-05T04:13:43.898586Z,KXSOL15M-26OCT050015-15,0.9350,6.00,no
2026-10-05T04:13:43.898586Z,KXSOL15M-26OCT050015-15,0.9280,6.00,no
2026-10-05T04:13:43.898586Z,KXSOL15M-26OCT050015-15,0.9270,32.00,no
2026-10-05T04:13:43.898791Z,KXSOL15M-26OCT050015-15,0.9100,16.00,no
2026-10-05T04:13:43.941239Z,KXSOL15M-26OCT050015-15,0.9290,5.00,yes
2026-10-05T04:13:43.94389Z,KXSOL15M-26OCT050015-15,0.9290,133.91,yes
2026-10-05T04:13:44.134897Z,KXSOL15M-26OCT050015-15,0.9350,11.00,no
2026-10-05T04:13:44.134897Z,KXSOL15M-26OCT050015-15,0.9350,7.00,no
2026-10-05T04:13:44.153494Z,KXSOL15M-26OCT050015-15,0.9100,20.00,no
2026-10-05T04:13:44.164756Z,KXSOL15M-26OCT050015-15,0.8900,7.00,no
2026-10-05T04:13:44.164982Z,KXSOL15M-26OCT050015-15,0.8900,1.00,no
2026-10-05T04:13:44.166827Z,KXSOL15M-26OCT050015-15,0.9000,45.57,yes
2026-10-05T04:13:44.171345Z,KXSOL15M-26OCT050015-15,0.8800,151.00,yes
2026-10-05T04:13:44.329946Z,KXSOL15M-26OCT050015-15,0.8900,27.00,yes
2026-10-05T04:13:44.342708Z,KXSOL15M-26OCT050015-15,0.8900,1.00,yes
2026-10-05T04:13:44.416611Z,KXSOL15M-26OCT050015-15,0.9110,6.42,yes
2026-10-05T04:13:45.053989Z,KXSOL15M-26OCT050015-15,0.9110,2.08,no
2026-10-05T04:13:45.545249Z,KXSOL15M-26OCT050015-15,0.9160,1.08,yes
2026-10-05T04:13:45.550867Z,KXSOL15M-26OCT050015-15,0.9110,8.92,no
2026-10-05T04:13:45.550867Z,KXSOL15M-26OCT050015-15,0.9100,11.00,no
2026-10-05T04:13:45.85051Z,KXSOL15M-26OCT050015-15,0.9020,78.00,yes
2026-10-05T04:13:46.015878Z,KXSOL15M-26OCT050015-15,0.9130,2.65,yes
2026-10-05T04:13:46.015878Z,KXSOL15M-26OCT050015-15,0.9130,4.00,yes
2026-10-05T04:13:46.391154Z,KXSOL15M-26OCT050015-15,0.9130,0.91,yes
2026-10-05T04:13:46.74381Z,KXSOL15M-26OCT050015-15,0.9100,11.00,no
2026-10-05T04:13:46.74381Z,KXSOL15M-26OCT050015-15,0.9120,3.71,no
2026-10-05T04:13:46.924164Z,KXSOL15M-26OCT050015-15,0.9030,1.00,no
2026-10-05T04:13:46.924164Z,KXSOL15M-26OCT050015-15,0.9010,7.00,no
2026-10-05T04:13:46.924164Z,KXSOL15M-26OCT050015-15,0.9070,11.00,no
2026-10-05T04:13:46.924164Z,KXSOL15M-26OCT050015-15,0.9090,11.00,no
2026-10-05T04:13:46.924164Z,KXSOL15M-26OCT050015-15,0.9000,5.53,no
2026-10-05T04:13:46.924164Z,KXSOL15M-26OCT050015-15,0.9010,1.00,no
2026-10-05T04:13:47.194331Z,KXSOL15M-26OCT050015-15,0.9010,1.00,no
2026-10-05T04:13:47.194331Z,KXSOL15M-26OCT050015-15,0.9080,11.00,no
2026-10-05T04:13:47.194331Z,KXSOL15M-26OCT050015-15,0.9010,2.00,no
2026-10-05T04:13:47.194331Z,KXSOL15M-26OCT050015-15,0.9070,11.00,no
2026-10-05T04:13:47.194331Z,KXSOL15M-26OCT050015-15,0.9000,7.00,no
2026-10-05T04:13:47.20472Z,KXSOL15M-26OCT050015-15,0.9010,11.00,no
2026-10-05T04:13:47.208214Z,KXSOL15M-26OCT050015-15,0.9000,11.00,no
2026-10-05T04:13:47.214895Z,KXSOL15M-26OCT050015-15,0.8900,13.00,no
2026-10-05T04:13:47.2317Z,KXSOL15M-26OCT050015-15,0.8800,6.63,no
2026-10-05T04:13:47.2317Z,KXSOL15M-26OCT050015-15,0.8800,15.00,no
2026-10-05T04:13:47.310587Z,KXSOL15M-26OCT050015-15,0.8600,12.92,no
2026-10-05T04:13:47.314387Z,KXSOL15M-26OCT050015-15,0.8600,17.08,no
2026-10-05T04:13:47.326069Z,KXSOL15M-26OCT050015-15,0.8600,2.17,yes
2026-10-05T04:13:47.361364Z,KXSOL15M-26OCT050015-15,0.8500,19.22,no
2026-10-05T04:13:47.397669Z,KXSOL15M-26OCT050015-15,0.8600,10.00,yes
2026-10-05T04:13:47.424577Z,KXSOL15M-26OCT050015-15,0.8600,5.00,yes
2026-10-05T04:13:47.565683Z,KXSOL15M-26OCT050015-15,0.8600,1.91,yes
2026-10-05T04:13:47.789799Z,KXSOL15M-26OCT050015-15,0.8600,25.00,yes
2026-10-05T04:13:48.183841Z,KXSOL15M-26OCT050015-15,0.8600,13.27,yes
2026-10-05T04:13:49.060705Z,KXSOL15M-26OCT050015-15,0.8700,69.84,no
2026-10-05T04:13:49.717399Z,KXSOL15M-26OCT050015-15,0.8800,2.25,yes
2026-10-05T04:13:49.802808Z,KXSOL15M-26OCT050015-15,0.8800,8.00,yes
2026-10-05T04:13:49.810138Z,KXSOL15M-26OCT050015-15,0.8800,0.75,yes
2026-10-05T04:13:49.810138Z,KXSOL15M-26OCT050015-15,0.8900,10.14,yes
2026-10-05T04:13:50.430199Z,KXSOL15M-26OCT050015-15,0.8900,8.00,no
2026-10-05T04:13:50.430199Z,KXSOL15M-26OCT050015-15,0.8900,0.55,no
2026-10-05T04:13:51.902902Z,KXSOL15M-26OCT050015-15,0.8700,9.45,no
2026-10-05T04:13:51.902902Z,KXSOL15M-26OCT050015-15,0.8700,5.75,no
2026-10-05T04:13:51.902902Z,KXSOL15M-26OCT050015-15,0.8700,5.75,no
2026-10-05T04:13:51.902902Z,KXSOL15M-26OCT050015-15,0.8700,19.00,no
2026-10-05T04:13:51.902902Z,KXSOL15M-26OCT050015-15,0.8700,8.00,no
2026-10-05T04:13:51.902902Z,KXSOL15M-26OCT050015-15,0.8700,24.00,no
2026-10-05T04:13:51.902993Z,KXSOL15M-26OCT050015-15,0.8600,5.00,no
2026-10-05T04:13:51.902993Z,KXSOL15M-26OCT050015-15,0.8600,6.00,no
2026-10-05T04:13:51.903202Z,KXSOL15M-26OCT050015-15,0.8600,63.19,no
2026-10-05T04:13:51.903202Z,KXSOL15M-26OCT050015-15,0.8600,0.81,no
2026-10-05T04:13:51.905098Z,KXSOL15M-26OCT050015-15,0.8600,20.81,no
2026-10-05T04:13:51.916622Z,KXSOL15M-26OCT050015-15,0.8700,31.00,no
2026-10-05T04:13:51.916622Z,KXSOL15M-26OCT050015-15,0.8700,8.00,no
2026-10-05T04:13:52.582678Z,KXSOL15M-26OCT050015-15,0.8500,10.14,yes
2026-10-05T04:13:52.834144Z,KXSOL15M-26OCT050015-15,0.8700,10.00,yes
2026-10-05T04:13:52.834144Z,KXSOL15M-26OCT050015-15,0.8600,28.00,yes
2026-10-05T04:13:53.015959Z,KXSOL15M-26OCT050015-15,0.8600,31.00,no
2026-10-05T04:13:53.498475Z,KXSOL15M-26OCT050015-15,0.8500,3.98,yes
2026-10-05T04:13:53.60236Z,KXSOL15M-26OCT050015-15,0.8400,2.95,no
2026-10-05T04:13:54.124404Z,KXSOL15M-26OCT050015-15,0.8400,3.00,no
2026-10-05T04:13:54.124404Z,KXSOL15M-26OCT050015-15,0.8400,14.70,no
2026-10-05T04:13:54.930595Z,KXSOL15M-26OCT050015-15,0.8800,19.22,yes
2026-10-05T04:13:55.321557Z,KXSOL15M-26OCT050015-15,0.8800,7.07,no
2026-10-05T04:13:55.386834Z,KXSOL15M-26OCT050015-15,0.9000,6.31,yes
2026-10-05T04:13:55.386834Z,KXSOL15M-26OCT050015-15,0.8900,21.00,yes
2026-10-05T04:13:55.989817Z,KXSOL15M-26OCT050015-15,0.8800,24.00,no
2026-10-05T04:13:55.989817Z,KXSOL15M-26OCT050015-15,0.8800,7.40,no
2026-10-05T04:13:56.223154Z,KXSOL15M-26OCT050015-15,0.8900,11.77,no
2026-10-05T04:13:56.434444Z,KXSOL15M-26OCT050015-15,0.9060,9.00,yes
2026-10-05T04:13:56.434444Z,KXSOL15M-26OCT050015-15,0.9050,13.00,yes
2026-10-05T04:13:56.434444Z,KXSOL15M-26OCT050015-15,0.9050,4.00,yes
2026-10-05T04:13:56.501806Z,KXSOL15M-26OCT050015-15,0.9060,4.82,yes
2026-10-05T04:13:56.501806Z,KXSOL15M-26OCT050015-15,0.9070,9.18,yes
2026-10-05T04:13:56.501806Z,KXSOL15M-26OCT050015-15,0.9060,3.00,yes
2026-10-05T04:13:57.750961Z,KXSOL15M-26OCT050015-15,0.9000,31.00,yes
2026-10-05T04:13:57.752192Z,KXSOL15M-26OCT050015-15,0.9090,4.00,yes
2026-10-05T04:13:57.752192Z,KXSOL15M-26OCT050015-15,0.9100,47.00,yes
2026-10-05T04:13:57.778132Z,KXSOL15M-26OCT050015-15,0.9200,21.00,yes
2026-10-05T04:13:58.059611Z,KXSOL15M-26OCT050015-15,0.9400,6.00,yes
2026-10-05T04:13:58.059611Z,KXSOL15M-26OCT050015-15,0.9380,11.00,yes
2026-10-05T04:13:58.059611Z,KXSOL15M-26OCT050015-15,0.9390,11.00,yes
2026-10-05T04:13:58.14056Z,KXSOL15M-26OCT050015-15,0.9480,1.04,yes
2026-10-05T04:13:58.156256Z,KXSOL15M-26OCT050015-15,0.9470,27.00,no
2026-10-05T04:13:58.265518Z,KXSOL15M-26OCT050015-15,0.9470,11.00,no
2026-10-05T04:13:58.339197Z,KXSOL15M-26OCT050015-15,0.9480,9.96,yes
2026-10-05T04:13:58.339197Z,KXSOL15M-26OCT050015-15,0.9500,10.82,yes
2026-10-05T04:13:58.370091Z,KXSOL15M-26OCT050015-15,0.9470,2.00,no
2026-10-05T04:13:59.088266Z,KXSOL15M-26OCT050015-15,0.9500,4.00,yes
2026-10-05T04:13:59.785905Z,KXSOL15M-26OCT050015-15,0.9550,10.24,yes
2026-10-05T04:14:00.033669Z,KXSOL15M-26OCT050015-15,0.9550,6.24,yes
2026-10-05T04:14:00.033669Z,KXSOL15M-26OCT050015-15,0.9550,0.76,yes
2026-10-05T04:14:00.034117Z,KXSOL15M-26OCT050015-15,0.9510,2.17,no
2026-10-05T04:14:00.190586Z,KXSOL15M-26OCT050015-15,0.9600,46.00,yes
2026-10-05T04:14:00.190586Z,KXSOL15M-26OCT050015-15,0.9590,36.00,yes
2026-10-05T04:14:00.190586Z,KXSOL15M-26OCT050015-15,0.9570,6.00,yes
2026-10-05T04:14:00.190586Z,KXSOL15M-26OCT050015-15,0.9570,11.00,yes
2026-10-05T04:14:00.190602Z,KXSOL15M-26OCT050015-15,0.9600,25.00,yes
2026-10-05T04:14:00.19116Z,KXSOL15M-26OCT050015-15,0.9600,29.00,yes
2026-10-05T04:14:00.19116Z,KXSOL15M-26OCT050015-15,0.9660,10.00,yes
2026-10-05T04:14:00.271518Z,KXSOL15M-26OCT050015-15,0.9680,3.00,no
2026-10-05T04:14:00.271518Z,KXSOL15M-26OCT050015-15,0.9710,350.00,no
2026-10-05T04:14:00.271518Z,KXSOL15M-26OCT050015-15,0.9670,3.00,no
2026-10-05T04:14:00.29638Z,KXSOL15M-26OCT050015-15,0.9610,24.00,no
2026-10-05T04:14:00.29638Z,KXSOL15M-26OCT050015-15,0.9620,7.00,no
2026-10-05T04:14:00.29638Z,KXSOL15M-26OCT050015-15,0.9710,0.01,no
2026-10-05T04:14:00.29638Z,KXSOL15M-26OCT050015-15,0.9680,11.00,no
2026-10-05T04:14:00.29638Z,KXSOL15M-26OCT050015-15,0.9610,0.48,no
2026-10-05T04:14:00.29638Z,KXSOL15M-26OCT050015-15,0.9670,11.00,no
2026-10-05T04:14:00.29638Z,KXSOL15M-26OCT050015-15,0.9640,3.00,no
2026-10-05T04:14:00.29638Z,KXSOL15M-26OCT050015-15,0.9650,3.00,no
2026-10-05T04:14:00.44512Z,KXSOL15M-26OCT050015-15,0.9730,32.00,yes
2026-10-05T04:14:00.44512Z,KXSOL15M-26OCT050015-15,0.9720,15.00,yes
2026-10-05T04:14:00.44512Z,KXSOL15M-26OCT050015-15,0.9720,3.00,yes
2026-10-05T04:14:00.44512Z,KXSOL15M-26OCT050015-15,0.9720,6.00,yes
2026-10-05T04:14:00.501372Z,KXSOL15M-26OCT050015-15,0.9710,1.08,no
2026-10-05T04:14:00.666226Z,KXSOL15M-26OCT050015-15,0.9750,10.00,yes
2026-10-05T04:14:00.666226Z,KXSOL15M-26OCT050015-15,0.9740,6.00,yes
2026-10-05T04:14:00.666226Z,KXSOL15M-26OCT050015-15,0.9740,19.00,yes
2026-10-05T04:14:00.666226Z,KXSOL15M-26OCT050015-15,0.9750,1.00,yes
2026-10-05T04:14:00.783547Z,KXSOL15M-26OCT050015-15,0.9730,6.04,no
2026-10-05T04:14:01.093617Z,KXSOL15M-26OCT050015-15,0.9700,6.00,no
2026-10-05T04:14:01.093617Z,KXSOL15M-26OCT050015-15,0.9710,3.00,no
2026-10-05T04:14:01.093617Z,KXSOL15M-26OCT050015-15,0.9720,3.00,no
2026-10-05T04:14:01.093617Z,KXSOL15M-26OCT050015-15,0.9710,9.92,no
2026-10-05T04:14:01.093617Z,KXSOL15M-26OCT050015-15,0.9730,4.96,no
2026-10-05T04:14:01.093617Z,KXSOL15M-26OCT050015-15,0.9690,1.12,no
2026-10-05T04:14:01.112317Z,KXSOL15M-26OCT050015-15,0.9750,3.22,yes
2026-10-05T04:14:01.4958Z,KXSOL15M-26OCT050015-15,0.9750,1.00,yes
2026-10-05T04:14:01.497834Z,KXSOL15M-26OCT050015-15,0.9710,3.00,no
2026-10-05T04:14:01.497834Z,KXSOL15M-26OCT050015-15,0.9700,3.00,no
2026-10-05T04:14:01.497834Z,KXSOL15M-26OCT050015-15,0.9690,0.42,no
2026-10-05T04:14:01.597468Z,KXSOL15M-26OCT050015-15,0.9740,1.00,no
2026-10-05T04:14:01.640174Z,KXSOL15M-26OCT050015-15,0.9770,84.00,yes
2026-10-05T04:14:01.640174Z,KXSOL15M-26OCT050015-15,0.9750,7.00,yes
2026-10-05T04:14:01.640174Z,KXSOL15M-26OCT050015-15,0.9770,6.00,yes
2026-10-05T04:14:01.640174Z,KXSOL15M-26OCT050015-15,0.9760,1.00,yes
2026-10-05T04:14:01.640174Z,KXSOL15M-26OCT050015-15,0.9770,1.00,yes
2026-10-05T04:14:01.640814Z,KXSOL15M-26OCT050015-15,0.9770,16.00,yes
2026-10-05T04:14:01.640814Z,KXSOL15M-26OCT050015-15,0.9780,1.00,yes
2026-10-05T04:14:01.640814Z,KXSOL15M-26OCT050015-15,0.9790,1.00,yes
2026-10-05T04:14:01.640814Z,KXSOL15M-26OCT050015-15,0.9780,1.00,yes
2026-10-05T04:14:01.640814Z,KXSOL15M-26OCT050015-15,0.9790,1.00,yes
2026-10-05T04:14:01.640814Z,KXSOL15M-26OCT050015-15,0.9790,40.00,yes
2026-10-05T04:14:01.640814Z,KXSOL15M-26OCT050015-15,0.9780,40.00,yes
2026-10-05T04:14:01.712056Z,KXSOL15M-26OCT050015-15,0.9790,67.92,yes
2026-10-05T04:14:01.716622Z,KXSOL15M-26OCT050015-15,0.9790,16.00,yes
2026-10-05T04:14:01.783693Z,KXSOL15M-26OCT050015-15,0.9800,2.00,yes
2026-10-05T04:14:01.785897Z,KXSOL15M-26OCT050015-15,0.9780,28.50,no
2026-10-05T04:14:01.785897Z,KXSOL15M-26OCT050015-15,0.9790,3.00,no
2026-10-05T04:14:01.827884Z,KXSOL15M-26OCT050015-15,0.9800,5.00,yes
2026-10-05T04:14:01.872409Z,KXSOL15M-26OCT050015-15,0.9770,18.86,no
2026-10-05T04:14:01.872409Z,KXSOL15M-26OCT050015-15,0.9780,3.00,no
2026-10-05T04:14:01.984803Z,KXSOL15M-26OCT050015-15,0.9800,2.00,yes
2026-10-05T04:14:02.014991Z,KXSOL15M-26OCT050015-15,0.9700,6.00,no
2026-10-05T04:14:02.014991Z,KXSOL15M-26OCT050015-15,0.9700,7.00,no
2026-10-05T04:14:02.014991Z,KXSOL15M-26OCT050015-15,0.9750,10.00,no
2026-10-05T04:14:02.014991Z,KXSOL15M-26OCT050015-15,0.9790,3.00,no
2026-10-05T04:14:02.014991Z,KXSOL15M-26OCT050015-15,0.9700,19.11,no
2026-10-05T04:14:02.014991Z,KXSOL15M-26OCT050015-15,0.9770,21.14,no
2026-10-05T04:14:02.014991Z,KXSOL15M-26OCT050015-15,0.9780,3.00,no
2026-10-05T04:14:02.014991Z,KXSOL15M-26OCT050015-15,0.9790,350.00,no
2026-10-05T04:14:02.014991Z,KXSOL15M-26OCT050015-15,0.9770,40.00,no
2026-10-05T04:14:02.014991Z,KXSOL15M-26OCT050015-15,0.9750,6.00,no
2026-10-05T04:14:02.014991Z,KXSOL15M-26OCT050015-15,0.9700,18.00,no
2026-10-05T04:14:02.022141Z,KXSOL15M-26OCT050015-15,0.9800,1.00,yes
2026-10-05T04:14:02.161523Z,KXSOL15M-26OCT050015-15,0.9750,10.00,no
2026-10-05T04:14:02.161523Z,KXSOL15M-26OCT050015-15,0.9710,6.74,no
2026-10-05T04:14:02.161523Z,KXSOL15M-26OCT050015-15,0.9780,3.00,no
2026-10-05T04:14:02.161523Z,KXSOL15M-26OCT050015-15,0.9790,3.00,no
2026-10-05T04:14:02.183921Z,KXSOL15M-26OCT050015-15,0.9800,1.00,yes
2026-10-05T04:14:02.183921Z,KXSOL15M-26OCT050015-15,0.9800,1.00,yes
2026-10-05T04:14:02.221Z,KXSOL15M-26OCT050015-15,0.9800,20.00,yes
2026-10-05T04:14:02.243262Z,KXSOL15M-26OCT050015-15,0.9800,10.00,yes
2026-10-05T04:14:02.347933Z,KXSOL15M-26OCT050015-15,0.9700,11.61,no
2026-10-05T04:14:02.347933Z,KXSOL15M-26OCT050015-15,0.9790,20.00,no
2026-10-05T04:14:02.347933Z,KXSOL15M-26OCT050015-15,0.9760,3.00,no
2026-10-05T04:14:02.347933Z,KXSOL15M-26OCT050015-15,0.9730,8.00,no
2026-10-05T04:14:02.347933Z,KXSOL15M-26OCT050015-15,0.9790,1.00,no
2026-10-05T04:14:02.347933Z,KXSOL15M-26OCT050015-15,0.9710,24.00,no
2026-10-05T04:14:02.347933Z,KXSOL15M-26OCT050015-15,0.9790,10.00,no
2026-10-05T04:14:02.347933Z,KXSOL15M-26OCT050015-15,0.9740,10.00,no
2026-10-05T04:14:02.347933Z,KXSOL15M-26OCT050015-15,0.9750,3.00,no
2026-10-05T04:14:02.347933Z,KXSOL15M-26OCT050015-15,0.9720,12.00,no
2026-10-05T04:14:02.403066Z,KXSOL15M-26OCT050015-15,0.9750,6.00,yes
2026-10-05T04:14:02.421064Z,KXSOL15M-26OCT050015-15,0.9750,0.45,yes
2026-10-05T04:14:02.421064Z,KXSOL15M-26OCT050015-15,0.9800,0.55,yes
2026-10-05T04:14:02.805026Z,KXSOL15M-26OCT050015-15,0.9730,8.00,no
2026-10-05T04:14:02.805026Z,KXSOL15M-26OCT050015-15,0.9790,0.55,no
2026-10-05T04:14:02.805026Z,KXSOL15M-26OCT050015-15,0.9740,10.00,no
2026-10-05T04:14:02.805026Z,KXSOL15M-26OCT050015-15,0.9720,10.19,no
2026-10-05T04:14:02.805026Z,KXSOL15M-26OCT050015-15,0.9790,5.00,no
2026-10-05T04:14:03.047181Z,KXSOL15M-26OCT050015-15,0.9800,0.55,yes
2026-10-05T04:14:03.047181Z,KXSOL15M-26OCT050015-15,0.9800,1.00,yes
2026-10-05T04:14:03.047181Z,KXSOL15M-26OCT050015-15,0.9800,8.45,yes
2026-10-05T04:14:03.088271Z,KXSOL15M-26OCT050015-15,0.9800,6.00,yes
2026-10-05T04:14:03.088271Z,KXSOL15M-26OCT050015-15,0.9830,19.00,yes
2026-10-05T04:14:03.088271Z,KXSOL15M-26OCT050015-15,0.9800,13.00,yes
2026-10-05T04:14:03.088271Z,KXSOL15M-26OCT050015-15,0.9800,12.92,yes
2026-10-05T04:14:03.088271Z,KXSOL15M-26OCT050015-15,0.9800,2.45,yes
2026-10-05T04:14:03.088271Z,KXSOL15M-26OCT050015-15,0.9830,1.00,yes
2026-10-05T04:14:03.088271Z,KXSOL15M-26OCT050015-15,0.9810,1.00,yes
2026-10-05T04:14:03.088271Z,KXSOL15M-26OCT050015-15,0.9810,40.00,yes
2026-10-05T04:14:03.088271Z,KXSOL15M-26OCT050015-15,0.9820,40.00,yes
2026-10-05T04:14:03.088271Z,KXSOL15M-26OCT050015-15,0.9840,26.96,yes
2026-10-05T04:14:03.088271Z,KXSOL15M-26OCT050015-15,0.9830,40.00,yes
2026-10-05T04:14:03.119475Z,KXSOL15M-26OCT050015-15,0.9850,10.74,yes
2026-10-05T04:14:03.119475Z,KXSOL15M-26OCT050015-15,0.9840,3.00,yes
2026-10-05T04:14:03.119475Z,KXSOL15M-26OCT050015-15,0.9850,3.00,yes
2026-10-05T04:14:03.119475Z,KXSOL15M-26OCT050015-15,0.9830,7.00,yes
2026-10-05T04:14:03.119475Z,KXSOL15M-26OCT050015-15,0.9800,26.00,yes
2026-10-05T04:14:03.119475Z,KXSOL15M-26OCT050015-15,0.9850,1.00,yes
2026-10-05T04:14:03.119475Z,KXSOL15M-26OCT050015-15,0.9840,1.00,yes
2026-10-05T04:14:03.119475Z,KXSOL15M-26OCT050015-15,0.9860,15.22,yes
2026-10-05T04:14:03.119475Z,KXSOL15M-26OCT050015-15,0.9840,13.04,yes
2026-10-05T04:14:03.119475Z,KXSOL15M-26OCT050015-15,0.9850,40.00,yes
2026-10-05T04:14:03.137004Z,KXSOL15M-26OCT050015-15,0.9860,3.00,yes
2026-10-05T04:14:03.137004Z,KXSOL15M-26OCT050015-15,0.9860,6.00,yes
2026-10-05T04:14:03.137004Z,KXSOL15M-26OCT050015-15,0.9860,1.00,yes
2026-10-05T04:14:03.137004Z,KXSOL15M-26OCT050015-15,0.9860,24.78,yes
2026-10-05T04:14:03.137004Z,KXSOL15M-26OCT050015-15,0.9870,5.22,yes
2026-10-05T04:14:03.234728Z,KXSOL15M-26OCT050015-15,0.9870,3.00,yes
2026-10-05T04:14:03.234728Z,KXSOL15M-26OCT050015-15,0.9870,6.00,yes
2026-10-05T04:14:03.234728Z,KXSOL15M-26OCT050015-15,0.9880,3.00,yes
2026-10-05T04:14:03.234728Z,KXSOL15M-26OCT050015-15,0.9890,1.22,yes
2026-10-05T04:14:03.234728Z,KXSOL15M-26OCT050015-15,0.9880,1.00,yes
2026-10-05T04:14:03.234728Z,KXSOL15M-26OCT050015-15,0.9870,1.00,yes
2026-10-05T04:14:03.234728Z,KXSOL15M-26OCT050015-15,0.9870,34.78,yes
2026-10-05T04:14:03.234728Z,KXSOL15M-26OCT050015-15,0.9880,40.00,yes
2026-10-05T04:14:03.277695Z,KXSOL15M-26OCT050015-15,0.9810,0.53,no
2026-10-05T04:14:03.277695Z,KXSOL15M-26OCT050015-15,0.9810,11.00,no
2026-10-05T04:14:03.277695Z,KXSOL15M-26OCT050015-15,0.9810,3.00,no
2026-10-05T04:14:03.277695Z,KXSOL15M-26OCT050015-15,0.9810,26.96,no
2026-10-05T04:14:03.373122Z,KXSOL15M-26OCT050015-15,0.9880,3.00,yes
2026-10-05T04:14:03.373122Z,KXSOL15M-26OCT050015-15,0.9880,6.00,yes
2026-10-05T04:14:03.406384Z,KXSOL15M-26OCT050015-15,0.9830,16.75,no
2026-10-05T04:14:03.416353Z,KXSOL15M-26OCT050015-15,0.9830,19.10,no
2026-10-05T04:14:03.605954Z,KXSOL15M-26OCT050015-15,0.9890,2.02,yes
2026-10-05T04:14:04.060464Z,KXSOL15M-26OCT050015-15,0.9880,1.22,no
2026-10-05T04:14:04.060464Z,KXSOL15M-26OCT050015-15,0.9880,2.02,no
2026-10-05T04:14:04.060464Z,KXSOL15M-26OCT050015-15,0.9880,13.32,no
2026-10-05T04:14:04.113498Z,KXSOL15M-26OCT050015-15,0.9870,40.00,no
2026-10-05T04:14:04.113498Z,KXSOL15M-26OCT050015-15,0.9860,20.25,no
2026-10-05T04:14:04.113498Z,KXSOL15M-26OCT050015-15,0.9880,41.68,no
2026-10-05T04:14:04.113498Z,KXSOL15M-26OCT050015-15,0.9880,10.00,no
2026-10-05T04:14:04.134718Z,KXSOL15M-26OCT050015-15,0.9870,4.87,no
2026-10-05T04:14:04.269784Z,KXSOL15M-26OCT050015-15,0.9890,0.54,yes
2026-10-05T04:14:04.404637Z,KXSOL15M-26OCT050015-15,0.9880,0.54,no
2026-10-05T04:14:04.404637Z,KXSOL15M-26OCT050015-15,0.9870,1.27,no
2026-10-05T04:14:04.690867Z,KXSOL15M-26OCT050015-15,0.9870,0.73,no
2026-10-05T04:14:04.690867Z,KXSOL15M-26OCT050015-15,0.9880,6.00,no
2026-10-05T04:14:04.690867Z,KXSOL15M-26OCT050015-15,0.9820,40.00,no
2026-10-05T04:14:04.690867Z,KXSOL15M-26OCT050015-15,0.9850,15.22,no
2026-10-05T04:14:04.690867Z,KXSOL15M-26OCT050015-15,0.9810,40.00,no
2026-10-05T04:14:04.690867Z,KXSOL15M-26OCT050015-15,0.9860,14.53,no
2026-10-05T04:14:04.690867Z,KXSOL15M-26OCT050015-15,0.9840,40.00,no
2026-10-05T04:14:04.690867Z,KXSOL15M-26OCT050015-15,0.9850,6.00,no
2026-10-05T04:14:04.690867Z,KXSOL15M-26OCT050015-15,0.9850,24.78,no
2026-10-05T04:14:04.690867Z,KXSOL15M-26OCT050015-15,0.9830,12.51,no
2026-10-05T04:14:04.690867Z,KXSOL15M-26OCT050015-15,0.9860,5.22,no
2026-10-05T04:14:04.690867Z,KXSOL15M-26OCT050015-15,0.9800,6.00,no
2026-10-05T04:14:04.690867Z,KXSOL15M-26OCT050015-15,0.9800,1.10,no
2026-10-05T04:14:04.690867Z,KXSOL15M-26OCT050015-15,0.9800,10.45,no
2026-10-05T04:14:04.690867Z,KXSOL15M-26OCT050015-15,0.9830,4.00,no
2026-10-05T04:14:04.690867Z,KXSOL15M-26OCT050015-15,0.9810,3.00,no
2026-10-05T04:14:04.690867Z,KXSOL15M-26OCT050015-15,0.9830,30.46,no
2026-10-05T04:14:04.698273Z,KXSOL15M-26OCT050015-15,0.9780,5.81,no
2026-10-05T04:14:04.698273Z,KXSOL15M-26OCT050015-15,0.9750,10.00,no
2026-10-05T04:14:04.698273Z,KXSOL15M-26OCT050015-15,0.9700,32.53,no
2026-10-05T04:14:04.698273Z,KXSOL15M-26OCT050015-15,0.9800,3.00,no
2026-10-05T04:14:04.698273Z,KXSOL15M-26OCT050015-15,0.9800,38.90,no
2026-10-05T04:14:04.698273Z,KXSOL15M-26OCT050015-15,0.9710,12.00,no
2026-10-05T04:14:04.698273Z,KXSOL15M-26OCT050015-15,0.9790,8.45,no
2026-10-05T04:14:04.698273Z,KXSOL15M-26OCT050015-15,0.9720,8.00,no
2026-10-05T04:14:04.698273Z,KXSOL15M-26OCT050015-15,0.9710,100.00,no
2026-10-05T04:14:04.843568Z,KXSOL15M-26OCT050015-15,0.9880,1.00,yes
2026-10-05T04:14:05.065645Z,KXSOL15M-26OCT050015-15,0.9820,74.78,no
2026-10-05T04:14:05.087625Z,KXSOL15M-26OCT050015-15,0.9800,3.00,no
2026-10-05T04:14:05.087625Z,KXSOL15M-26OCT050015-15,0.9830,45.00,no
2026-10-05T04:14:05.087625Z,KXSOL15M-26OCT050015-15,0.9760,10.00,no
2026-10-05T04:14:05.087625Z,KXSOL15M-26OCT050015-15,0.9820,11.00,no
2026-10-05T04:14:05.087625Z,KXSOL15M-26OCT050015-15,0.9790,3.00,no
2026-10-05T04:14:05.087625Z,KXSOL15M-26OCT050015-15,0.9740,17.55,no
2026-10-05T04:14:05.087625Z,KXSOL15M-26OCT050015-15,0.9800,10.45,no
2026-10-05T04:14:05.116749Z,KXSOL15M-26OCT050015-15,0.9870,27.00,yes
2026-10-05T04:14:05.116749Z,KXSOL15M-26OCT050015-15,0.9880,3.00,yes
2026-10-05T04:14:05.116749Z,KXSOL15M-26OCT050015-15,0.9870,3.00,yes
2026-10-05T04:14:05.116749Z,KXSOL15M-26OCT050015-15,0.9880,12.00,yes
2026-10-05T04:14:05.116749Z,KXSOL15M-26OCT050015-15,0.9880,6.00,yes
2026-10-05T04:14:05.116749Z,KXSOL15M-26OCT050015-15,0.9890,10.78,yes
2026-10-05T04:14:05.116749Z,KXSOL15M-26OCT050015-15,0.9890,1.00,yes
2026-10-05T04:14:05.116749Z,KXSOL15M-26OCT050015-15,0.9890,36.22,yes
2026-10-05T04:14:05.116749Z,KXSOL15M-26OCT050015-15,0.9890,1.00,yes
2026-10-05T04:14:05.179634Z,KXSOL15M-26OCT050015-15,0.9870,25.00,yes
2026-10-05T04:14:05.21122Z,KXSOL15M-26OCT050015-15,0.9890,3.00,yes
2026-10-05T04:14:05.21122Z,KXSOL15M-26OCT050015-15,0.9900,6.00,yes
2026-10-05T04:14:05.21122Z,KXSOL15M-26OCT050015-15,0.9890,5.00,yes
2026-10-05T04:14:05.21122Z,KXSOL15M-26OCT050015-15,0.9900,16.11,yes
2026-10-05T04:14:05.21122Z,KXSOL15M-26OCT050015-15,0.9900,1.06,yes
2026-10-05T04:14:05.21122Z,KXSOL15M-26OCT050015-15,0.9900,2.00,yes
2026-10-05T04:14:05.21122Z,KXSOL15M-26OCT050015-15,0.9900,2.13,yes
2026-10-05T04:14:05.21122Z,KXSOL15M-26OCT050015-15,0.9900,13.71,yes
2026-10-05T04:14:05.21122Z,KXSOL15M-26OCT050015-15,0.9900,2.30,yes
2026-10-05T04:14:05.21122Z,KXSOL15M-26OCT050015-15,0.9900,2.44,yes
2026-10-05T04:14:05.21122Z,KXSOL15M-26OCT050015-15,0.9900,2.01,yes
2026-10-05T04:14:05.21122Z,KXSOL15M-26OCT050015-15,0.9900,25.00,yes
2026-10-05T04:14:05.21122Z,KXSOL15M-26OCT050015-15,0.9890,2.00,yes
2026-10-05T04:14:05.21122Z,KXSOL15M-26OCT050015-15,0.9890,2.00,yes
2026-10-05T04:14:05.21122Z,KXSOL15M-26OCT050015-15,0.9890,9.22,yes
2026-10-05T04:14:05.21122Z,KXSOL15M-26OCT050015-15,0.9890,100.00,yes
2026-10-05T04:14:05.21122Z,KXSOL15M-26OCT050015-15,0.9890,1.00,yes
2026-10-05T04:14:05.21122Z,KXSOL15M-26OCT050015-15,0.9890,10.00,yes
2026-10-05T04:14:05.21122Z,KXSOL15M-26OCT050015-15,0.9900,200.17,yes
2026-10-05T04:14:05.21122Z,KXSOL15M-26OCT050015-15,0.9910,40.00,yes
2026-10-05T04:14:05.21122Z,KXSOL15M-26OCT050015-15,0.9920,12.85,yes
2026-10-05T04:14:05.21122Z,KXSOL15M-26OCT050015-15,0.9900,40.00,yes
2026-10-05T04:14:05.21122Z,KXSOL15M-26OCT050015-15,0.9910,1.00,yes
2026-10-05T04:14:05.21122Z,KXSOL15M-26OCT050015-15,0.9900,1.00,yes
2026-10-05T04:14:05.218821Z,KXSOL15M-26OCT050015-15,0.9930,0.85,yes
2026-10-05T04:14:05.218821Z,KXSOL15M-26OCT050015-15,0.9900,6.00,yes
2026-10-05T04:14:05.218821Z,KXSOL15M-26OCT050015-15,0.9920,27.15,yes
2026-10-05T04:14:05.218821Z,KXSOL15M-26OCT050015-15,0.9920,1.00,yes
2026-10-05T04:14:05.218821Z,KXSOL15M-26OCT050015-15,0.9930,40.00,yes
2026-10-05T04:14:05.218821Z,KXSOL15M-26OCT050015-15,0.9930,1.00,yes
2026-10-05T04:14:05.23274Z,KXSOL15M-26OCT050015-15,0.9820,2.19,no
2026-10-05T04:14:05.23274Z,KXSOL15M-26OCT050015-15,0.9820,3.00,no
2026-10-05T04:14:05.310343Z,KXSOL15M-26OCT050015-15,0.9820,10.00,no
2026-10-05T04:14:05.528378Z,KXSOL15M-26OCT050015-15,0.9840,30.00,no
2026-10-05T04:14:05.528378Z,KXSOL15M-26OCT050015-15,0.9850,40.00,no
2026-10-05T04:14:05.528378Z,KXSOL15M-26OCT050015-15,0.9840,25.09,no
2026-10-05T04:14:05.528378Z,KXSOL15M-26OCT050015-15,0.9850,36.22,no
2026-10-05T04:14:05.852778Z,KXSOL15M-26OCT050015-15,0.9860,0.56,no
2026-10-05T04:14:05.971999Z,KXSOL15M-26OCT050015-15,0.9860,6.01,no
2026-10-05T04:14:05.971999Z,KXSOL15M-26OCT050015-15,0.9860,41.44,no
2026-10-05T04:14:05.971999Z,KXSOL15M-26OCT050015-15,0.9860,14.91,no
2026-10-05T04:14:06.187306Z,KXSOL15M-26OCT050015-15,0.9800,520.00,no
2026-10-05T04:14:06.187306Z,KXSOL15M-26OCT050015-15,0.9740,100.00,no
2026-10-05T04:14:06.187306Z,KXSOL15M-26OCT050015-15,0.9820,0.01,no
2026-10-05T04:14:06.187306Z,KXSOL15M-26OCT050015-15,0.9750,12.00,no
2026-10-05T04:14:06.187306Z,KXSOL15M-26OCT050015-15,0.9810,3.00,no
2026-10-05T04:14:06.187306Z,KXSOL15M-26OCT050015-15,0.9800,6.00,no
2026-10-05T04:14:06.187306Z,KXSOL15M-26OCT050015-15,0.9700,29.06,no
2026-10-05T04:14:06.187306Z,KXSOL15M-26OCT050015-15,0.9860,25.00,no
2026-10-05T04:14:06.187306Z,KXSOL15M-26OCT050015-15,0.9720,17.00,no
2026-10-05T04:14:06.187306Z,KXSOL15M-26OCT050015-15,0.9760,9.00,no
2026-10-05T04:14:06.187306Z,KXSOL15M-26OCT050015-15,0.9770,10.00,no
2026-10-05T04:14:06.187306Z,KXSOL15M-26OCT050015-15,0.9860,12.85,no
2026-10-05T04:14:06.187306Z,KXSOL15M-26OCT050015-15,0.9860,21.14,no
2026-10-05T04:14:06.187306Z,KXSOL15M-26OCT050015-15,0.9800,3.00,no
2026-10-05T04:14:06.314663Z,KXSOL15M-26OCT050015-15,0.9720,0.91,no
2026-10-05T04:14:06.488815Z,KXSOL15M-26OCT050015-15,0.9950,50.39,yes
2026-10-05T04:14:06.488815Z,KXSOL15M-26OCT050015-15,0.9890,3.00,yes
2026-10-05T04:14:06.488815Z,KXSOL15M-26OCT050015-15,0.9920,12.00,yes
2026-10-05T04:14:06.488815Z,KXSOL15M-26OCT050015-15,0.9880,3.00,yes
2026-10-05T04:14:06.488815Z,KXSOL15M-26OCT050015-15,0.9900,6.00,yes
2026-10-05T04:14:06.488815Z,KXSOL15M-26OCT050015-15,0.9910,7.00,yes
2026-10-05T04:14:06.488815Z,KXSOL15M-26OCT050015-15,0.9870,20.00,yes
2026-10-05T04:14:06.488815Z,KXSOL15M-26OCT050015-15,0.9950,6.00,yes
2026-10-05T04:14:06.488815Z,KXSOL15M-26OCT050015-15,0.9950,11.00,yes
2026-10-05T04:14:06.488815Z,KXSOL15M-26OCT050015-15,0.9950,1.00,yes
2026-10-05T04:14:06.488815Z,KXSOL15M-26OCT050015-15,0.9950,40.00,yes
2026-10-05T04:14:06.488815Z,KXSOL15M-26OCT050015-15,0.9950,1.00,yes
2026-10-05T04:14:06.488815Z,KXSOL15M-26OCT050015-15,0.9940,1.00,yes
2026-10-05T04:14:06.488815Z,KXSOL15M-26OCT050015-15,0.9940,40.00,yes
2026-10-05T04:14:06.621568Z,KXSOL15M-26OCT050015-15,0.9780,6.67,no
2026-10-05T04:14:06.621568Z,KXSOL15M-26OCT050015-15,0.9780,0.01,no
2026-10-05T04:14:07.027761Z,KXSOL15M-26OCT050015-15,0.9910,3.00,yes
2026-10-05T04:14:07.088222Z,KXSOL15M-26OCT050015-15,0.9900,15.00,no
2026-10-05T04:14:07.088222Z,KXSOL15M-26OCT050015-15,0.9900,10.00,no
2026-10-05T04:14:07.088222Z,KXSOL15M-26OCT050015-15,0.9900,4.00,no
2026-10-05T04:14:07.143201Z,KXSOL15M-26OCT050015-15,0.9900,30.61,no
2026-10-05T04:14:07.143201Z,KXSOL15M-26OCT050015-15,0.9900,36.00,no
2026-10-05T04:14:07.48196Z,KXSOL15M-26OCT050015-15,0.9910,5.00,yes
2026-10-05T04:14:07.687498Z,KXSOL15M-26OCT050015-15,0.9910,24.00,yes
2026-10-05T04:14:08.083846Z,KXSOL15M-26OCT050015-15,0.9900,10.00,no
2026-10-05T04:14:08.083846Z,KXSOL15M-26OCT050015-15,0.9900,20.00,no
2026-10-05T04:14:08.083846Z,KXSOL15M-26OCT050015-15,0.9900,10.00,no
2026-10-05T04:14:08.083846Z,KXSOL15M-26OCT050015-15,0.9900,9.39,no
2026-10-05T04:14:08.083846Z,KXSOL15M-26OCT050015-15,0.9900,49.61,no
2026-10-05T04:14:08.083846Z,KXSOL15M-26OCT050015-15,0.9900,1.00,no
2026-10-05T04:14:08.083929Z,KXSOL15M-26OCT050015-15,0.9870,68.61,no
2026-10-05T04:14:08.083929Z,KXSOL15M-26OCT050015-15,0.9900,30.39,no
2026-10-05T04:14:08.084062Z,KXSOL15M-26OCT050015-15,0.9850,6.00,no
2026-10-05T04:14:08.084062Z,KXSOL15M-26OCT050015-15,0.9870,31.39,no
2026-10-05T04:14:08.090794Z,KXSOL15M-26OCT050015-15,0.9920,14.78,yes
2026-10-05T04:14:08.090794Z,KXSOL15M-26OCT050015-15,0.9910,3.00,yes
2026-10-05T04:14:08.167945Z,KXSOL15M-26OCT050015-15,0.9900,16.00,no
2026-10-05T04:14:08.182739Z,KXSOL15M-26OCT050015-15,0.9940,7.00,yes
2026-10-05T04:14:08.182739Z,KXSOL15M-26OCT050015-15,0.9910,3.00,yes
2026-10-05T04:14:08.182739Z,KXSOL15M-26OCT050015-15,0.9950,158.00,yes
2026-10-05T04:14:08.182739Z,KXSOL15M-26OCT050015-15,0.9920,3.00,yes
2026-10-05T04:14:08.182739Z,KXSOL15M-26OCT050015-15,0.9950,6.00,yes
2026-10-05T04:14:08.182739Z,KXSOL15M-26OCT050015-15,0.9960,24.01,yes
2026-10-05T04:14:08.345415Z,KXSOL15M-26OCT050015-15,0.9940,3.00,yes
2026-10-05T04:14:08.345415Z,KXSOL15M-26OCT050015-15,0.9950,3.00,yes
2026-10-05T04:14:08.345415Z,KXSOL15M-26OCT050015-15,0.9950,6.00,yes
2026-10-05T04:14:08.345415Z,KXSOL15M-26OCT050015-15,0.9950,6.00,yes
2026-10-05T04:14:08.345415Z,KXSOL15M-26OCT050015-15,0.9920,20.00,yes
2026-10-05T04:14:08.345415Z,KXSOL15M-26OCT050015-15,0.9960,100.00,yes
2026-10-05T04:14:08.345415Z,KXSOL15M-26OCT050015-15,0.9970,40.00,yes
2026-10-05T04:14:08.345415Z,KXSOL15M-26OCT050015-15,0.9960,40.00,yes
2026-10-05T04:14:08.345415Z,KXSOL15M-26OCT050015-15,0.9970,18.00,yes
2026-10-05T04:14:08.345415Z,KXSOL15M-26OCT050015-15,0.9960,13.00,yes
2026-10-05T04:14:08.345415Z,KXSOL15M-26OCT050015-15,0.9960,1.00,yes
2026-10-05T04:14:08.345415Z,KXSOL15M-26OCT050015-15,0.9970,2.00,yes
2026-10-05T04:14:08.345415Z,KXSOL15M-26OCT050015-15,0.9970,2.00,yes
2026-10-05T04:14:08.345415Z,KXSOL15M-26OCT050015-15,0.9970,2.00,yes
2026-10-05T04:14:08.345415Z,KXSOL15M-26OCT050015-15,0.9960,1.00,yes
2026-10-05T04:14:08.345415Z,KXSOL15M-26OCT050015-15,0.9960,1.00,yes
2026-10-05T04:14:08.345415Z,KXSOL15M-26OCT050015-15,0.9960,1.00,yes
2026-10-05T04:14:08.345415Z,KXSOL15M-26OCT050015-15,0.9970,2.00,yes
2026-10-05T04:14:08.345415Z,KXSOL15M-26OCT050015-15,0.9960,1.00,yes
2026-10-05T04:14:08.345415Z,KXSOL15M-26OCT050015-15,0.9970,2.00,yes
2026-10-05T04:14:08.345415Z,KXSOL15M-26OCT050015-15,0.9960,53.99,yes
2026-10-05T04:14:08.345415Z,KXSOL15M-26OCT050015-15,0.9980,264.01,yes
2026-10-05T04:14:08.345415Z,KXSOL15M-26OCT050015-15,0.9970,1.00,yes
2026-10-05T04:14:08.345415Z,KXSOL15M-26OCT050015-15,0.9960,1.00,yes
2026-10-05T04:14:08.372227Z,KXSOL15M-26OCT050015-15,0.9900,9.51,no
2026-10-05T04:14:08.372227Z,KXSOL15M-26OCT050015-15,0.9910,40.00,no
2026-10-05T04:14:08.372227Z,KXSOL15M-26OCT050015-15,0.9910,40.00,no
2026-10-05T04:14:08.372227Z,KXSOL15M-26OCT050015-15,0.9900,4.00,no
2026-10-05T04:14:08.447505Z,KXSOL15M-26OCT050015-15,0.9950,1.00,yes
2026-10-05T04:14:08.575383Z,KXSOL15M-26OCT050015-15,0.9920,74.08,no
2026-10-05T04:14:08.87636Z,KXSOL15M-26OCT050015-15,0.9940,8.40,yes
2026-10-05T04:14:09.161789Z,KXSOL15M-26OCT050015-15,0.9920,1.00,no
2026-10-05T04:14:09.328414Z,KXSOL15M-26OCT050015-15,0.9920,29.22,no
2026-10-05T04:14:09.332441Z,KXSOL15M-26OCT050015-15,0.9920,8.00,no
2026-10-05T04:14:09.344027Z,KXSOL15M-26OCT050015-15,0.9930,0.03,yes
2026-10-05T04:14:09.362364Z,KXSOL15M-26OCT050015-15,0.9920,6.99,no
2026-10-05T04:14:09.59354Z,KXSOL15M-26OCT050015-15,0.9930,2.01,yes
2026-10-05T04:14:09.640515Z,KXSOL15M-26OCT050015-15,0.9920,106.00,no
2026-10-05T04:14:09.640951Z,KXSOL15M-26OCT050015-15,0.9920,62.00,no
2026-10-05T04:14:09.657849Z,KXSOL15M-26OCT050015-15,0.9920,13.14,no
2026-10-05T04:14:10.325402Z,KXSOL15M-26OCT050015-15,0.9920,9.82,no
2026-10-05T04:14:10.806908Z,KXSOL15M-26OCT050015-15,0.9930,3.01,yes
2026-10-05T04:14:10.96636Z,KXSOL15M-26OCT050015-15,0.9920,28.83,no
2026-10-05T04:14:10.96636Z,KXSOL15M-26OCT050015-15,0.9880,21.92,no
2026-10-05T04:14:10.995304Z,KXSOL15M-26OCT050015-15,0.9930,5.50,yes
2026-10-05T04:14:11.322916Z,KXSOL15M-26OCT050015-15,0.9920,8.00,yes
2026-10-05T04:14:11.322916Z,KXSOL15M-26OCT050015-15,0.9930,16.36,yes
2026-10-05T04:14:11.322916Z,KXSOL15M-26OCT050015-15,0.9920,31.00,yes
2026-10-05T04:14:11.368171Z,KXSOL15M-26OCT050015-15,0.9890,7.79,no
2026-10-05T04:14:11.51979Z,KXSOL15M-26OCT050015-15,0.9930,5.03,yes
2026-10-05T04:14:11.648411Z,KXSOL15M-26OCT050015-15,0.9930,27.06,yes
2026-10-05T04:14:11.648411Z,KXSOL15M-26OCT050015-15,0.9930,8.94,yes
2026-10-05T04:14:11.791664Z,KXSOL15M-26OCT050015-15,0.9930,1.31,yes
2026-10-05T04:14:11.791664Z,KXSOL15M-26OCT050015-15,0.9930,0.06,yes
2026-10-05T04:14:12.168818Z,KXSOL15M-26OCT050015-15,0.9900,24.07,no
2026-10-05T04:14:12.168818Z,KXSOL15M-26OCT050015-15,0.9920,0.01,no
2026-10-05T04:14:12.274844Z,KXSOL15M-26OCT050015-15,0.9930,5.00,yes
2026-10-05T04:14:12.577562Z,KXSOL15M-26OCT050015-15,0.9880,2.09,no
2026-10-05T04:14:12.577562Z,KXSOL15M-26OCT050015-15,0.9880,7.77,no
2026-10-05T04:14:12.577562Z,KXSOL15M-26OCT050015-15,0.9910,75.00,no
2026-10-05T04:14:13.072532Z,KXSOL15M-26OCT050015-15,0.9920,30.00,yes
2026-10-05T04:14:13.072532Z,KXSOL15M-26OCT050015-15,0.9930,12.32,yes
2026-10-05T04:14:13.072532Z,KXSOL15M-26OCT050015-15,0.9920,8.00,yes
2026-10-05T04:14:13.289246Z,KXSOL15M-26OCT050015-15,0.9930,5.61,yes
2026-10-05T04:14:13.289246Z,KXSOL15M-26OCT050015-15,0.9930,19.68,yes
2026-10-05T04:14:14.497708Z,KXSOL15M-26OCT050015-15,0.9930,9.00,yes
2026-10-05T04:14:14.497708Z,KXSOL15M-26OCT050015-15,0.9920,35.00,yes
2026-10-05T04:14:14.497708Z,KXSOL15M-26OCT050015-15,0.9930,35.00,yes
2026-10-05T04:14:14.497708Z,KXSOL15M-26OCT050015-15,0.9940,6.48,yes
2026-10-05T04:14:14.916299Z,KXSOL15M-26OCT050015-15,0.9940,5.00,yes
2026-10-05T04:14:15.003895Z,KXSOL15M-26OCT050015-15,0.9920,13.00,no
2026-10-05T04:14:15.534863Z,KXSOL15M-26OCT050015-15,0.9920,0.08,no
2026-10-05T04:14:16.089608Z,KXSOL15M-26OCT050015-15,0.9950,6.00,yes
2026-10-05T04:14:17.084416Z,KXSOL15M-26OCT050015-15,0.9950,6.00,yes
2026-10-05T04:14:17.744098Z,KXSOL15M-26OCT050015-15,0.9930,13.00,no
2026-10-05T04:14:17.744098Z,KXSOL15M-26OCT050015-15,0.9910,70.65,no
2026-10-05T04:14:17.744098Z,KXSOL15M-26OCT050015-15,0.9920,24.92,no
2026-10-05T04:14:18.045744Z,KXSOL15M-26OCT050015-15,0.9960,5.00,yes
2026-10-05T04:14:18.111156Z,KXSOL15M-26OCT050015-15,0.9960,5.43,yes
2026-10-05T04:14:18.169188Z,KXSOL15M-26OCT050015-15,0.9960,40.00,yes
2026-10-05T04:14:18.365062Z,KXSOL15M-26OCT050015-15,0.9970,40.00,yes
2026-10-05T04:14:18.896576Z,KXSOL15M-26OCT050015-15,0.9970,11.00,yes
2026-10-05T04:14:19.258441Z,KXSOL15M-26OCT050015-15,0.9970,2.00,yes
2026-10-05T04:14:19.258441Z,KXSOL15M-26OCT050015-15,0.9970,44.00,yes
2026-10-05T04:14:19.258441Z,KXSOL15M-26OCT050015-15,0.9980,52.78,yes
2026-10-05T04:14:19.258441Z,KXSOL15M-26OCT050015-15,0.9980,285.99,yes
2026-10-05T04:14:19.994877Z,KXSOL15M-26OCT050015-15,0.9980,12.00,yes
2026-10-05T04:14:20.294284Z,KXSOL15M-26OCT050015-15,0.9940,23.00,no
2026-10-05T04:14:20.294284Z,KXSOL15M-26OCT050015-15,0.9930,41.41,no
2026-10-05T04:14:20.294284Z,KXSOL15M-26OCT050015-15,0.9950,100.00,no
2026-10-05T04:14:20.338289Z,KXSOL15M-26OCT050015-15,0.9930,32.00,no
2026-10-05T04:14:20.38437Z,KXSOL15M-26OCT050015-15,0.9930,42.00,no
2026-10-05T04:14:20.38788Z,KXSOL15M-26OCT050015-15,0.9930,22.78,no
2026-10-05T04:14:20.38788Z,KXSOL15M-26OCT050015-15,0.9930,21.00,no
2026-10-05T04:14:20.392015Z,KXSOL15M-26OCT050015-15,0.9920,7.00,no
2026-10-05T04:14:20.395933Z,KXSOL15M-26OCT050015-15,0.9930,15.00,no
2026-10-05T04:14:20.396005Z,KXSOL15M-26OCT050015-15,0.9920,12.00,no
2026-10-05T04:14:20.396005Z,KXSOL15M-26OCT050015-15,0.9920,33.00,no
2026-10-05T04:14:20.396005Z,KXSOL15M-26OCT050015-15,0.9930,6.00,no
2026-10-05T04:14:20.396114Z,KXSOL15M-26OCT050015-15,0.9920,15.00,no
2026-10-05T04:14:20.400702Z,KXSOL15M-26OCT050015-15,0.9920,13.00,no
2026-10-05T04:14:20.400702Z,KXSOL15M-26OCT050015-15,0.9920,8.00,no
2026-10-05T04:14:20.687277Z,KXSOL15M-26OCT050015-15,0.9920,297.00,no
2026-10-05T04:14:20.695252Z,KXSOL15M-26OCT050015-15,0.9920,5.00,no
2026-10-05T04:14:21.04547Z,KXSOL15M-26OCT050015-15,0.9930,100.00,yes
2026-10-05T04:14:21.152151Z,KXSOL15M-26OCT050015-15,0.9960,6.00,yes
2026-10-05T04:14:24.135693Z,KXSOL15M-26OCT050015-15,0.9970,1.50,yes
2026-10-05T04:14:25.076207Z,KXSOL15M-26OCT050015-15,0.9970,2.00,yes
2026-10-05T04:14:25.379076Z,KXSOL15M-26OCT050015-15,0.9950,1.10,no
2026-10-05T04:14:25.583641Z,KXSOL15M-26OCT050015-15,0.9980,280.00,yes
2026-10-05T04:14:25.583641Z,KXSOL15M-26OCT050015-15,0.9980,3.00,yes
2026-10-05T04:14:25.583641Z,KXSOL15M-26OCT050015-15,0.9980,5.00,yes
2026-10-05T04:14:25.583641Z,KXSOL15M-26OCT050015-15,0.9980,3.00,yes
2026-10-05T04:14:25.583641Z,KXSOL15M-26OCT050015-15,0.9980,3.00,yes
2026-10-05T04:14:25.583641Z,KXSOL15M-26OCT050015-15,0.9980,3.00,yes
2026-10-05T04:14:25.583641Z,KXSOL15M-26OCT050015-15,0.9980,3.00,yes
2026-10-05T04:14:25.583641Z,KXSOL15M-26OCT050015-15,0.9980,3.00,yes
2026-10-05T04:14:25.583641Z,KXSOL15M-26OCT050015-15,0.9980,26.00,yes
2026-10-05T04:14:25.583641Z,KXSOL15M-26OCT050015-15,0.9980,40.00,yes
2026-10-05T04:14:25.583641Z,KXSOL15M-26OCT050015-15,0.9980,131.00,yes
2026-10-05T04:14:25.590478Z,KXSOL15M-26OCT050015-15,0.9980,2.00,yes
2026-10-05T04:14:25.596017Z,KXSOL15M-26OCT050015-15,0.9980,2.00,yes
2026-10-05T04:14:25.717012Z,KXSOL15M-26OCT050015-15,0.9980,2.00,yes
2026-10-05T04:14:25.721673Z,KXSOL15M-26OCT050015-15,0.9980,2.00,yes
2026-10-05T04:14:25.727914Z,KXSOL15M-26OCT050015-15,0.9980,2.00,yes
2026-10-05T04:14:25.732363Z,KXSOL15M-26OCT050015-15,0.9980,2.00,yes
2026-10-05T04:14:25.738734Z,KXSOL15M-26OCT050015-15,0.9980,2.00,yes
2026-10-05T04:14:25.743879Z,KXSOL15M-26OCT050015-15,0.9980,2.00,yes
2026-10-05T04:14:25.760143Z,KXSOL15M-26OCT050015-15,0.9940,30.00,no
2026-10-05T04:14:25.821813Z,KXSOL15M-26OCT050015-15,0.9980,32.00,yes
2026-10-05T04:14:25.827273Z,KXSOL15M-26OCT050015-15,0.9980,2.00,yes
2026-10-05T04:14:25.833749Z,KXSOL15M-26OCT050015-15,0.9980,2.00,yes
2026-10-05T04:14:26.130071Z,KXSOL15M-26OCT050015-15,0.9980,7.00,yes
2026-10-05T04:14:26.135598Z,KXSOL15M-26OCT050015-15,0.9980,2.00,yes
2026-10-05T04:14:26.19437Z,KXSOL15M-26OCT050015-15,0.9980,20.00,yes
2026-10-05T04:14:26.201284Z,KXSOL15M-26OCT050015-15,0.9980,2.00,yes
2026-10-05T04:14:26.207588Z,KXSOL15M-26OCT050015-15,0.9980,2.00,yes
2026-10-05T04:14:26.235458Z,KXSOL15M-26OCT050015-15,0.9980,125.00,yes
2026-10-05T04:14:26.242436Z,KXSOL15M-26OCT050015-15,0.9980,2.00,yes
2026-10-05T04:14:26.248267Z,KXSOL15M-26OCT050015-15,0.9980,2.00,yes
2026-10-05T04:14:26.253776Z,KXSOL15M-26OCT050015-15,0.9980,2.00,yes
2026-10-05T04:14:26.259784Z,KXSOL15M-26OCT050015-15,0.9980,2.00,yes
2026-10-05T04:14:26.554566Z,KXSOL15M-26OCT050015-15,0.9980,37.00,yes
2026-10-05T04:14:26.561404Z,KXSOL15M-26OCT050015-15,0.9980,2.00,yes
2026-10-05T04:14:26.569625Z,KXSOL15M-26OCT050015-15,0.9980,2.00,yes
2026-10-05T04:14:26.575807Z,KXSOL15M-26OCT050015-15,0.9980,2.00,yes
2026-10-05T04:14:26.580043Z,KXSOL15M-26OCT050015-15,0.9980,2.00,yes
2026-10-05T04:14:26.587151Z,KXSOL15M-26OCT050015-15,0.9980,2.00,yes
2026-10-05T04:14:26.592084Z,KXSOL15M-26OCT050015-15,0.9980,2.00,yes
2026-10-05T04:14:26.597446Z,KXSOL15M-26OCT050015-15,0.9980,2.00,yes
2026-10-05T04:14:26.651494Z,KXSOL15M-26OCT050015-15,0.9980,25.00,yes
2026-10-05T04:14:26.657367Z,KXSOL15M-26OCT050015-15,0.9980,2.00,yes
2026-10-05T04:14:27.14206Z,KXSOL15M-26OCT050015-15,0.9930,70.79,no
2026-10-05T04:14:27.14206Z,KXSOL15M-26OCT050015-15,0.9970,10.00,no
2026-10-05T04:14:27.14206Z,KXSOL15M-26OCT050015-15,0.9960,100.00,no
2026-10-05T04:14:27.370546Z,KXSOL15M-26OCT050015-15,0.9980,0.77,yes
2026-10-05T04:14:27.372231Z,KXSOL15M-26OCT050015-15,0.9970,37.29,no
2026-10-05T04:14:27.567754Z,KXSOL15M-26OCT050015-15,0.9980,40.95,yes
2026-10-05T04:14:29.088687Z,KXSOL15M-26OCT050015-15,0.9980,2.00,yes
2026-10-05T04:14:29.095571Z,KXSOL15M-26OCT050015-15,0.9980,2.00,yes
2026-10-05T04:14:29.133034Z,KXSOL15M-26OCT050015-15,0.9980,2.00,yes
2026-10-05T04:14:29.33662Z,KXSOL15M-26OCT050015-15,0.9970,1.35,no
2026-10-05T04:14:29.33662Z,KXSOL15M-26OCT050015-15,0.9970,6.00,no
2026-10-05T04:14:29.33662Z,KXSOL15M-26OCT050015-15,0.9970,10.71,no
2026-10-05T04:14:29.576772Z,KXSOL15M-26OCT050015-15,0.9980,14.72,yes
2026-10-05T04:14:29.576772Z,KXSOL15M-26OCT050015-15,0.9980,25.28,yes
2026-10-05T04:14:29.582475Z,KXSOL15M-26OCT050015-15,0.9980,1.28,yes
2026-10-05T04:14:29.761364Z,KXSOL15M-26OCT050015-15,0.9990,15.36,yes
2026-10-05T04:14:29.877941Z,KXSOL15M-26OCT050015-15,0.9970,1.04,no
2026-10-05T04:14:30.910608Z,KXSOL15M-26OCT050015-15,0.9980,3.98,no
2026-10-05T04:14:31.756338Z,KXSOL15M-26OCT050015-15,0.9980,2.00,yes
2026-10-05T04:14:31.775709Z,KXSOL15M-26OCT050015-15,0.9980,2.00,yes
2026-10-05T04:14:32.121365Z,KXSOL15M-26OCT050015-15,0.9980,23.31,yes
2026-10-05T04:14:32.121365Z,KXSOL15M-26OCT050015-15,0.9980,16.00,yes
2026-10-05T04:14:32.542136Z,KXSOL15M-26OCT050015-15,0.9990,10.52,yes
2026-10-05T04:14:32.667951Z,KXSOL15M-26OCT050015-15,0.9980,8.00,no
2026-10-05T04:14:32.749649Z,KXSOL15M-26OCT050015-15,0.9990,8.64,yes
2026-10-05T04:14:32.787825Z,KXSOL15M-26OCT050015-15,0.9950,22.00,no
2026-10-05T04:14:32.787825Z,KXSOL15M-26OCT050015-15,0.9950,31.00,no
2026-10-05T04:14:32.787825Z,KXSOL15M-26OCT050015-15,0.9940,22.00,no
2026-10-05T04:14:32.787825Z,KXSOL15M-26OCT050015-15,0.9960,7.00,no
2026-10-05T04:14:32.787825Z,KXSOL15M-26OCT050015-15,0.9940,2.68,no
2026-10-05T04:14:32.787825Z,KXSOL15M-26OCT050015-15,0.9980,10.52,no
2026-10-05T04:14:32.787825Z,KXSOL15M-26OCT050015-15,0.9980,8.64,no
2026-10-05T04:14:32.787825Z,KXSOL15M-26OCT050015-15,0.9980,4.69,no
2026-10-05T04:14:32.787825Z,KXSOL15M-26OCT050015-15,0.9970,100.00,no
2026-10-05T04:14:32.787825Z,KXSOL15M-26OCT050015-15,0.9970,14.32,no
2026-10-05T04:14:32.787825Z,KXSOL15M-26OCT050015-15,0.9960,10.00,no
2026-10-05T04:14:32.791675Z,KXSOL15M-26OCT050015-15,0.9940,145.90,no
2026-10-05T04:14:33.648881Z,KXSOL15M-26OCT050015-15,0.9950,400.00,no
2026-10-05T04:14:33.648881Z,KXSOL15M-26OCT050015-15,0.9950,70.00,no
2026-10-05T04:14:33.648881Z,KXSOL15M-26OCT050015-15,0.9950,22.00,no
2026-10-05T04:14:33.648881Z,KXSOL15M-26OCT050015-15,0.9940,351.42,no
2026-10-05T04:14:33.648881Z,KXSOL15M-26OCT050015-15,0.9930,13.35,no
2026-10-05T04:14:34.244371Z,KXSOL15M-26OCT050015-15,0.9980,5.00,yes
2026-10-05T04:14:34.391282Z,KXSOL15M-26OCT050015-15,0.9980,55.00,yes
2026-10-05T04:14:34.39594Z,KXSOL15M-26OCT050015-15,0.9980,2.00,yes
2026-10-05T04:14:34.400169Z,KXSOL15M-26OCT050015-15,0.9980,2.00,yes
2026-10-05T04:14:34.49371Z,KXSOL15M-26OCT050015-15,0.9980,10.00,yes
2026-10-05T04:14:34.499832Z,KXSOL15M-26OCT050015-15,0.9980,2.00,yes
2026-10-05T04:14:34.504209Z,KXSOL15M-26OCT050015-15,0.9980,2.00,yes
2026-10-05T04:14:34.509894Z,KXSOL15M-26OCT050015-15,0.9980,2.00,yes
2026-10-05T04:14:34.514585Z,KXSOL15M-26OCT050015-15,0.9980,2.00,yes
2026-10-05T04:14:34.553414Z,KXSOL15M-26OCT050015-15,0.9980,0.11,yes
2026-10-05T04:14:35.003332Z,KXSOL15M-26OCT050015-15,0.9980,2.00,yes
2026-10-05T04:14:35.075296Z,KXSOL15M-26OCT050015-15,0.9980,30.00,yes
2026-10-05T04:14:35.086832Z,KXSOL15M-26OCT050015-15,0.9980,2.00,yes
2026-10-05T04:14:35.089617Z,KXSOL15M-26OCT050015-15,0.9980,8.00,yes
2026-10-05T04:14:36.07983Z,KXSOL15M-26OCT050015-15,0.9980,47.00,yes
2026-10-05T04:14:36.086147Z,KXSOL15M-26OCT050015-15,0.9980,2.00,yes
2026-10-05T04:14:36.094288Z,KXSOL15M-26OCT050015-15,0.9980,2.00,yes
2026-10-05T04:14:36.099554Z,KXSOL15M-26OCT050015-15,0.9980,2.00,yes
2026-10-05T04:14:36.106378Z,KXSOL15M-26OCT050015-15,0.9980,2.00,yes
2026-10-05T04:14:36.544762Z,KXSOL15M-26OCT050015-15,0.9960,27.00,no
2026-10-05T04:14:36.544762Z,KXSOL15M-26OCT050015-15,0.9970,100.00,no
2026-10-05T04:14:36.544762Z,KXSOL15M-26OCT050015-15,0.9970,3.00,no
2026-10-05T04:14:36.544762Z,KXSOL15M-26OCT050015-15,0.9950,213.15,no
2026-10-05T04:14:36.544762Z,KXSOL15M-26OCT050015-15,0.9970,126.00,no
2026-10-05T04:14:37.150535Z,KXSOL15M-26OCT050015-15,0.9970,0.01,no
2026-10-05T04:14:37.150535Z,KXSOL15M-26OCT050015-15,0.9950,373.94,no
2026-10-05T04:14:37.750265Z,KXSOL15M-26OCT050015-15,0.9970,24.60,no
2026-10-05T04:14:38.078562Z,KXSOL15M-26OCT050015-15,0.9970,18.22,no
2026-10-05T04:14:38.078562Z,KXSOL15M-26OCT050015-15,0.9970,73.40,no
2026-10-05T04:14:38.593117Z,KXSOL15M-26OCT050015-15,0.9980,51.09,yes
2026-10-05T04:14:38.751433Z,KXSOL15M-26OCT050015-15,0.9980,40.07,yes
2026-10-05T04:14:38.946274Z,KXSOL15M-26OCT050015-15,0.9950,186.97,no
2026-10-05T04:14:39.012476Z,KXSOL15M-26OCT050015-15,0.9980,229.73,yes
2026-10-05T04:14:39.012476Z,KXSOL15M-26OCT050015-15,0.9980,16.00,yes
2026-10-05T04:14:39.012476Z,KXSOL15M-26OCT050015-15,0.9980,101.00,yes
2026-10-05T04:14:39.012476Z,KXSOL15M-26OCT050015-15,0.9990,70.94,yes
2026-10-05T04:14:39.012476Z,KXSOL15M-26OCT050015-15,0.9990,465.48,yes
2026-10-05T04:14:39.052321Z,KXSOL15M-26OCT050015-15,0.9960,186.97,no
2026-10-05T04:14:39.808321Z,KXSOL15M-26OCT050015-15,0.9990,57.89,yes
2026-10-05T04:14:40.788253Z,KXSOL15M-26OCT050015-15,0.9980,5.03,no
2026-10-05T04:14:41.318867Z,KXSOL15M-26OCT050015-15,0.9920,225.36,no
2026-10-05T04:14:41.318867Z,KXSOL15M-26OCT050015-15,0.9950,500.00,no
2026-10-05T04:14:41.318867Z,KXSOL15M-26OCT050015-15,0.9950,481.94,no
2026-10-05T04:14:41.318867Z,KXSOL15M-26OCT050015-15,0.9970,30.00,no
2026-10-05T04:14:41.318867Z,KXSOL15M-26OCT050015-15,0.9960,278.51,no
2026-10-05T04:14:41.318867Z,KXSOL15M-26OCT050015-15,0.9980,64.00,no
2026-10-05T04:14:41.318867Z,KXSOL15M-26OCT050015-15,0.9980,65.00,no
2026-10-05T04:14:41.318867Z,KXSOL15M-26OCT050015-15,0.9980,144.00,no
2026-10-05T04:14:41.873641Z,KXSOL15M-26OCT050015-15,0.9980,444.81,yes
2026-10-05T04:14:41.948586Z,KXSOL15M-26OCT050015-15,0.9980,15.81,yes
2026-10-05T04:14:41.948586Z,KXSOL15M-26OCT050015-15,0.9980,55.19,yes
2026-10-05T04:14:42.079932Z,KXSOL15M-26OCT050015-15,0.9990,32.02,yes
2026-10-05T04:14:42.079932Z,KXSOL15M-26OCT050015-15,0.9990,186.97,yes
2026-10-05T04:14:42.079932Z,KXSOL15M-26OCT050015-15,0.9990,276.00,yes
2026-10-05T04:14:42.079932Z,KXSOL15M-26OCT050015-15,0.9990,1.04,yes
2026-10-05T04:14:42.079932Z,KXSOL15M-26OCT050015-15,0.9990,14.32,yes
2026-10-05T04:14:42.079932Z,KXSOL15M-26OCT050015-15,0.9990,10.52,yes
2026-10-05T04:14:42.079932Z,KXSOL15M-26OCT050015-15,0.9990,8.64,yes
2026-10-05T04:14:42.079932Z,KXSOL15M-26OCT050015-15,0.9990,3.00,yes
2026-10-05T04:14:42.079932Z,KXSOL15M-26OCT050015-15,0.9990,50.32,yes
2026-10-05T04:14:42.079932Z,KXSOL15M-26OCT050015-15,0.9990,1.00,yes
2026-10-05T04:14:42.079932Z,KXSOL15M-26OCT050015-15,0.9990,1.00,yes
2026-10-05T04:14:42.079932Z,KXSOL15M-26OCT050015-15,0.9990,1.00,yes
2026-10-05T04:14:42.079932Z,KXSOL15M-26OCT050015-15,0.9990,171.17,yes
2026-10-05T04:14:42.079932Z,KXSOL15M-26OCT050015-15,0.9990,200.00,yes
2026-10-05T04:14:42.687588Z,KXSOL15M-26OCT050015-15,0.9980,186.97,no
2026-10-05T04:14:42.687588Z,KXSOL15M-26OCT050015-15,0.9980,1.04,no
2026-10-05T04:14:42.687588Z,KXSOL15M-26OCT050015-15,0.9980,36.52,no
2026-10-05T04:14:42.687588Z,KXSOL15M-26OCT050015-15,0.9980,10.52,no
2026-10-05T04:14:42.687588Z,KXSOL15M-26OCT050015-15,0.9980,14.32,no
2026-10-05T04:14:42.687588Z,KXSOL15M-26OCT050015-15,0.9980,8.64,no
2026-10-05T04:14:42.687588Z,KXSOL15M-26OCT050015-15,0.9980,200.00,no
2026-10-05T04:14:44.798959Z,KXSOL15M-26OCT050015-15,0.9980,100.00,no
2026-10-05T04:14:46.000868Z,KXSOL15M-26OCT050015-15,0.9980,5.00,no
2026-10-05T04:14:46.34723Z,KXSOL15M-26OCT050015-15,0.9980,4.59,no
2026-10-05T04:14:46.650873Z,KXSOL15M-26OCT050015-15,0.9980,129.89,no
2026-10-05T04:14:46.650873Z,KXSOL15M-26OCT050015-15,0.9980,99.12,no
2026-10-05T04:14:49.138307Z,KXSOL15M-26OCT050015-15,0.9970,100.00,no
2026-10-05T04:14:49.138307Z,KXSOL15M-26OCT050015-15,0.9960,27.00,no
2026-10-05T04:14:49.138307Z,KXSOL15M-26OCT050015-15,0.9950,83.05,no
2026-10-05T04:14:49.138307Z,KXSOL15M-26OCT050015-15,0.9980,53.88,no
2026-10-05T04:14:49.761533Z,KXSOL15M-26OCT050015-15,0.9940,10.00,no
2026-10-05T04:14:49.761533Z,KXSOL15M-26OCT050015-15,0.9940,12.00,no
2026-10-05T04:14:49.761533Z,KXSOL15M-26OCT050015-15,0.9940,289.64,no
2026-10-05T04:14:50.301335Z,KXSOL15M-26OCT050015-15,0.9950,224.37,no
2026-10-05T04:14:51.571216Z,KXSOL15M-26OCT050015-15,0.9930,109.54,no
2026-10-05T04:14:51.571216Z,KXSOL15M-26OCT050015-15,0.9950,192.58,no
2026-10-05T04:14:51.571216Z,KXSOL15M-26OCT050015-15,0.9940,23.00,no
2026-10-05T04:14:54.059268Z,KXSOL15M-26OCT050015-15,0.9990,91.62,no
2026-10-05T04:14:54.262229Z,KXSOL15M-26OCT050015-15,0.9990,1831.90,no
2026-10-05T04:14:56.30476Z,KXSOL15M-26OCT050015-15,0.9990,930.00,no
2026-10-05T04:14:57.24894Z,KXSOL15M-26OCT050015-15,0.9990,7.21,no
2026-10-05T04:14:58.267884Z,KXSOL15M-26OCT050015-15,0.9990,2.25,no
2026-10-05T04:13:27.72685Z,KXBNB15M-26OCT050015-15,0.1900,1.00,no
2026-10-05T04:13:27.72685Z,KXBNB15M-26OCT050015-15,0.1700,18.74,no
2026-10-05T04:13:27.72685Z,KXBNB15M-26OCT050015-15,0.2100,60.00,no
2026-10-05T04:13:27.72685Z,KXBNB15M-26OCT050015-15,0.1900,30.00,no
2026-10-05T04:13:27.72685Z,KXBNB15M-26OCT050015-15,0.1800,60.00,no
2026-10-05T04:13:27.72685Z,KXBNB15M-26OCT050015-15,0.2100,30.00,no
2026-10-05T04:13:27.72685Z,KXBNB15M-26OCT050015-15,0.2000,25.00,no
2026-10-05T04:13:27.72685Z,KXBNB15M-26OCT050015-15,0.2100,10.00,no
2026-10-05T04:13:27.72685Z,KXBNB15M-26OCT050015-15,0.2000,1.00,no
2026-10-05T04:13:27.72685Z,KXBNB15M-26OCT050015-15,0.2100,1.00,no
2026-10-05T04:13:30.55868Z,KXBNB15M-26OCT050015-15,0.2600,6.31,yes
2026-10-05T04:13:30.55868Z,KXBNB15M-26OCT050015-15,0.2500,1.00,yes
2026-10-05T04:13:31.67316Z,KXBNB15M-26OCT050015-15,0.2200,1.02,no
2026-10-05T04:13:33.396135Z,KXBNB15M-26OCT050015-15,0.2200,0.06,no
2026-10-05T04:13:37.695963Z,KXBNB15M-26OCT050015-15,0.2200,0.01,yes
2026-10-05T04:13:37.695963Z,KXBNB15M-26OCT050015-15,0.2300,1.99,yes
2026-10-05T04:13:38.635902Z,KXBNB15M-26OCT050015-15,0.2100,4.24,no
2026-10-05T04:13:38.716892Z,KXBNB15M-26OCT050015-15,0.2100,17.51,no
2026-10-05T04:13:39.370305Z,KXBNB15M-26OCT050015-15,0.2000,1.00,no
2026-10-05T04:13:39.370305Z,KXBNB15M-26OCT050015-15,0.1900,0.20,no
2026-10-05T04:13:40.323808Z,KXBNB15M-26OCT050015-15,0.2000,1.00,no
2026-10-05T04:13:40.472687Z,KXBNB15M-26OCT050015-15,0.2000,1.00,yes
2026-10-05T04:13:40.473115Z,KXBNB15M-26OCT050015-15,0.2000,22.00,yes
2026-10-05T04:13:40.473115Z,KXBNB15M-26OCT050015-15,0.2100,5.00,yes
2026-10-05T04:13:40.473115Z,KXBNB15M-26OCT050015-15,0.2000,1.00,yes
2026-10-05T04:13:42.56104Z,KXBNB15M-26OCT050015-15,0.2400,19.78,yes
2026-10-05T04:13:42.789336Z,KXBNB15M-26OCT050015-15,0.2100,1.00,no
2026-10-05T04:13:42.789336Z,KXBNB15M-26OCT050015-15,0.2000,25.07,no
2026-10-05T04:13:42.823Z,KXBNB15M-26OCT050015-15,0.2000,13.53,no
2026-10-05T04:13:43.006051Z,KXBNB15M-26OCT050015-15,0.2000,40.63,no
2026-10-05T04:13:43.007574Z,KXBNB15M-26OCT050015-15,0.1800,1.00,no
2026-10-05T04:13:43.78526Z,KXBNB15M-26OCT050015-15,0.1500,1.00,no
2026-10-05T04:13:43.78526Z,KXBNB15M-26OCT050015-15,0.1600,1.00,no
2026-10-05T04:13:43.943633Z,KXBNB15M-26OCT050015-15,0.1600,1.00,no
2026-10-05T04:13:43.943633Z,KXBNB15M-26OCT050015-15,0.1200,1.12,no
2026-10-05T04:13:43.943633Z,KXBNB15M-26OCT050015-15,0.1300,13.00,no
2026-10-05T04:13:44.141974Z,KXBNB15M-26OCT050015-15,0.1400,1.00,no
2026-10-05T04:13:44.141974Z,KXBNB15M-26OCT050015-15,0.1300,1.00,no
2026-10-05T04:13:46.017515Z,KXBNB15M-26OCT050015-15,0.1000,17.85,no
2026-10-05T04:13:46.017515Z,KXBNB15M-26OCT050015-15,0.1100,2.00,no
2026-10-05T04:13:46.017515Z,KXBNB15M-26OCT050015-15,0.1000,1.00,no
2026-10-05T04:13:46.017515Z,KXBNB15M-26OCT050015-15,0.1000,20.00,no
2026-10-05T04:13:46.518317Z,KXBNB15M-26OCT050015-15,0.1300,11.19,yes
2026-10-05T04:13:46.578886Z,KXBNB15M-26OCT050015-15,0.0920,17.00,no
2026-10-05T04:13:46.578886Z,KXBNB15M-26OCT050015-15,0.0810,93.66,no
2026-10-05T04:13:46.578886Z,KXBNB15M-26OCT050015-15,0.0930,17.00,no
2026-10-05T04:13:46.578886Z,KXBNB15M-26OCT050015-15,0.0910,17.00,no
2026-10-05T04:13:46.578886Z,KXBNB15M-26OCT050015-15,0.1100,1.00,no
2026-10-05T04:13:46.578886Z,KXBNB15M-26OCT050015-15,0.0830,1.00,no
2026-10-05T04:13:46.578886Z,KXBNB15M-26OCT050015-15,0.0820,6.00,no
2026-10-05T04:13:46.578886Z,KXBNB15M-26OCT050015-15,0.0900,1.00,no
2026-10-05T04:13:46.682617Z,KXBNB15M-26OCT050015-15,0.0940,2.00,no
2026-10-05T04:13:47.803748Z,KXBNB15M-26OCT050015-15,0.1100,44.00,yes
2026-10-05T04:13:47.803748Z,KXBNB15M-26OCT050015-15,0.1100,10.00,yes
2026-10-05T04:13:47.803748Z,KXBNB15M-26OCT050015-15,0.1100,6.00,yes
2026-10-05T04:13:47.919236Z,KXBNB15M-26OCT050015-15,0.0940,1.00,no
2026-10-05T04:13:48.04593Z,KXBNB15M-26OCT050015-15,0.0600,1.00,no
2026-10-05T04:13:48.04593Z,KXBNB15M-26OCT050015-15,0.0700,1.00,no
2026-10-05T04:13:48.509143Z,KXBNB15M-26OCT050015-15,0.0540,17.00,no
2026-10-05T04:13:48.509143Z,KXBNB15M-26OCT050015-15,0.0560,17.00,no
2026-10-05T04:13:48.509143Z,KXBNB15M-26OCT050015-15,0.0550,40.00,no
2026-10-05T04:13:48.509143Z,KXBNB15M-26OCT050015-15,0.0550,20.00,no
2026-10-05T04:13:48.509143Z,KXBNB15M-26OCT050015-15,0.0560,6.00,no
2026-10-05T04:13:48.546055Z,KXBNB15M-26OCT050015-15,0.0850,1.31,yes
2026-10-05T04:13:48.558154Z,KXBNB15M-26OCT050015-15,0.0540,17.00,no
2026-10-05T04:13:48.558154Z,KXBNB15M-26OCT050015-15,0.0550,20.00,no
2026-10-05T04:13:48.558154Z,KXBNB15M-26OCT050015-15,0.0550,17.00,no
2026-10-05T04:13:48.657684Z,KXBNB15M-26OCT050015-15,0.0510,17.00,no
2026-10-05T04:13:48.657684Z,KXBNB15M-26OCT050015-15,0.0510,8.00,no
2026-10-05T04:13:48.787401Z,KXBNB15M-26OCT050015-15,0.0500,26.00,no
2026-10-05T04:13:48.787401Z,KXBNB15M-26OCT050015-15,0.0500,6.00,no
2026-10-05T04:13:48.787401Z,KXBNB15M-26OCT050015-15,0.0500,3.00,no
2026-10-05T04:13:48.787401Z,KXBNB15M-26OCT050015-15,0.0500,1.00,no
2026-10-05T04:13:49.30486Z,KXBNB15M-26OCT050015-15,0.0770,24.00,yes
2026-10-05T04:13:49.30486Z,KXBNB15M-26OCT050015-15,0.0800,9.90,yes
2026-10-05T04:13:50.074827Z,KXBNB15M-26OCT050015-15,0.0500,5.00,no
2026-10-05T04:13:50.97778Z,KXBNB15M-26OCT050015-15,0.0500,1.00,no
2026-10-05T04:13:51.72719Z,KXBNB15M-26OCT050015-15,0.0510,0.71,yes
2026-10-05T04:13:51.72719Z,KXBNB15M-26OCT050015-15,0.0550,15.36,yes
2026-10-05T04:13:52.070287Z,KXBNB15M-26OCT050015-15,0.0500,1.00,no
2026-10-05T04:13:52.070287Z,KXBNB15M-26OCT050015-15,0.0500,14.62,no
2026-10-05T04:13:52.070287Z,KXBNB15M-26OCT050015-15,0.0500,50.38,no
2026-10-05T04:13:52.516076Z,KXBNB15M-26OCT050015-15,0.0500,0.38,no
2026-10-05T04:13:52.707928Z,KXBNB15M-26OCT050015-15,0.0570,0.64,yes
2026-10-05T04:13:52.707928Z,KXBNB15M-26OCT050015-15,0.0580,1.00,yes
2026-10-05T04:13:52.707928Z,KXBNB15M-26OCT050015-15,0.0600,3.36,yes
2026-10-05T04:13:54.380782Z,KXBNB15M-26OCT050015-15,0.0350,7.14,no
2026-10-05T04:13:54.380782Z,KXBNB15M-26OCT050015-15,0.0400,1.00,no
2026-10-05T04:13:54.739879Z,KXBNB15M-26OCT050015-15,0.0330,17.00,no
2026-10-05T04:13:54.739879Z,KXBNB15M-26OCT050015-15,0.0310,0.29,no
2026-10-05T04:13:54.739879Z,KXBNB15M-26OCT050015-15,0.0310,7.00,no
2026-10-05T04:13:54.739879Z,KXBNB15M-26OCT050015-15,0.0310,1.00,no
2026-10-05T04:13:55.095495Z,KXBNB15M-26OCT050015-15,0.0330,1.03,no
2026-10-05T04:13:55.839598Z,KXBNB15M-26OCT050015-15,0.0550,14.12,yes
2026-10-05T04:13:55.839598Z,KXBNB15M-26OCT050015-15,0.0540,1.00,yes
2026-10-05T04:13:56.520741Z,KXBNB15M-26OCT050015-15,0.0300,12.00,no
2026-10-05T04:13:56.520741Z,KXBNB15M-26OCT050015-15,0.0300,6.66,no
2026-10-05T04:13:56.520741Z,KXBNB15M-26OCT050015-15,0.0300,11.34,no
2026-10-05T04:13:56.520741Z,KXBNB15M-26OCT050015-15,0.0300,20.00,no
2026-10-05T04:13:56.812804Z,KXBNB15M-26OCT050015-15,0.0500,0.10,yes
2026-10-05T04:13:57.031613Z,KXBNB15M-26OCT050015-15,0.0500,36.98,yes
2026-10-05T04:13:57.038091Z,KXBNB15M-26OCT050015-15,0.0500,1.00,yes
2026-10-05T04:13:57.082409Z,KXBNB15M-26OCT050015-15,0.0500,1.87,yes
2026-10-05T04:13:57.180258Z,KXBNB15M-26OCT050015-15,0.0500,1.00,yes
2026-10-05T04:13:57.221591Z,KXBNB15M-26OCT050015-15,0.0300,0.34,no
2026-10-05T04:13:57.221591Z,KXBNB15M-26OCT050015-15,0.0300,0.66,no
2026-10-05T04:13:58.963795Z,KXBNB15M-26OCT050015-15,0.0490,0.25,yes
2026-10-05T04:13:58.963866Z,KXBNB15M-26OCT050015-15,0.0500,16.05,yes
2026-10-05T04:13:58.970898Z,KXBNB15M-26OCT050015-15,0.0550,9.00,yes
2026-10-05T04:13:58.970898Z,KXBNB15M-26OCT050015-15,0.0600,6.64,yes
2026-10-05T04:13:58.976116Z,KXBNB15M-26OCT050015-15,0.0620,21.00,yes
2026-10-05T04:13:59.051878Z,KXBNB15M-26OCT050015-15,0.0450,17.00,no
2026-10-05T04:13:59.051878Z,KXBNB15M-26OCT050015-15,0.0450,15.00,no
2026-10-05T04:13:59.469014Z,KXBNB15M-26OCT050015-15,0.0590,1.00,yes
2026-10-05T04:13:59.469014Z,KXBNB15M-26OCT050015-15,0.0590,0.88,yes
2026-10-05T04:13:59.469014Z,KXBNB15M-26OCT050015-15,0.0600,6.12,yes
2026-10-05T04:13:59.473894Z,KXBNB15M-26OCT050015-15,0.0620,1.00,yes
2026-10-05T04:13:59.473894Z,KXBNB15M-26OCT050015-15,0.0600,3.88,yes
2026-10-05T04:14:00.06632Z,KXBNB15M-26OCT050015-15,0.0600,42.00,no
2026-10-05T04:14:00.071676Z,KXBNB15M-26OCT050015-15,0.0600,42.00,no
2026-10-05T04:14:00.169982Z,KXBNB15M-26OCT050015-15,0.0600,84.00,yes
2026-10-05T04:14:00.253595Z,KXBNB15M-26OCT050015-15,0.0510,10.00,no
2026-10-05T04:14:00.253595Z,KXBNB15M-26OCT050015-15,0.0500,84.00,no
2026-10-05T04:14:00.253595Z,KXBNB15M-26OCT050015-15,0.0410,60.00,no
2026-10-05T04:14:00.253595Z,KXBNB15M-26OCT050015-15,0.0520,10.00,no
2026-10-05T04:14:00.253595Z,KXBNB15M-26OCT050015-15,0.0300,10.00,no
2026-10-05T04:14:00.253595Z,KXBNB15M-26OCT050015-15,0.0300,0.66,no
2026-10-05T04:14:00.369036Z,KXBNB15M-26OCT050015-15,0.0320,10.00,no
2026-10-05T04:14:00.474811Z,KXBNB15M-26OCT050015-15,0.0320,6.00,no
2026-10-05T04:14:00.515195Z,KXBNB15M-26OCT050015-15,0.0400,1.06,yes
2026-10-05T04:14:00.619086Z,KXBNB15M-26OCT050015-15,0.0600,5.00,yes
2026-10-05T04:14:00.619086Z,KXBNB15M-26OCT050015-15,0.0600,25.00,yes
2026-10-05T04:14:00.619086Z,KXBNB15M-26OCT050015-15,0.0600,4.00,yes
2026-10-05T04:14:00.690955Z,KXBNB15M-26OCT050015-15,0.0520,10.00,no
2026-10-05T04:14:00.717043Z,KXBNB15M-26OCT050015-15,0.0520,2.00,no
2026-10-05T04:14:00.735973Z,KXBNB15M-26OCT050015-15,0.0520,8.00,no
2026-10-05T04:14:00.754902Z,KXBNB15M-26OCT050015-15,0.0520,8.00,no
2026-10-05T04:14:00.774866Z,KXBNB15M-26OCT050015-15,0.0520,2.00,no
2026-10-05T04:14:00.794713Z,KXBNB15M-26OCT050015-15,0.0510,10.00,no
2026-10-05T04:14:00.812329Z,KXBNB15M-26OCT050015-15,0.0520,10.00,no
2026-10-05T04:14:01.088004Z,KXBNB15M-26OCT050015-15,0.0520,5.00,no
2026-10-05T04:14:01.095463Z,KXBNB15M-26OCT050015-15,0.0520,10.00,no
2026-10-05T04:14:01.104432Z,KXBNB15M-26OCT050015-15,0.0520,10.00,no
2026-10-05T04:14:01.104432Z,KXBNB15M-26OCT050015-15,0.0510,2.00,no
2026-10-05T04:14:01.104432Z,KXBNB15M-26OCT050015-15,0.0500,84.00,no
2026-10-05T04:14:01.107156Z,KXBNB15M-26OCT050015-15,0.0520,1.00,no
2026-10-05T04:14:01.107156Z,KXBNB15M-26OCT050015-15,0.0350,2.00,no
2026-10-05T04:14:01.107156Z,KXBNB15M-26OCT050015-15,0.0260,60.00,no
2026-10-05T04:14:01.804583Z,KXBNB15M-26OCT050015-15,0.0710,1.06,no
2026-10-05T04:14:02.050221Z,KXBNB15M-26OCT050015-15,0.0660,60.00,no
2026-10-05T04:14:02.050221Z,KXBNB15M-26OCT050015-15,0.0700,17.00,no
2026-10-05T04:14:02.050221Z,KXBNB15M-26OCT050015-15,0.0800,10.00,no
2026-10-05T04:14:02.131064Z,KXBNB15M-26OCT050015-15,0.0520,5.00,no
2026-10-05T04:14:02.19343Z,KXBNB15M-26OCT050015-15,0.0500,60.00,no
2026-10-05T04:14:02.19343Z,KXBNB15M-26OCT050015-15,0.0510,1.00,no
2026-10-05T04:14:02.19343Z,KXBNB15M-26OCT050015-15,0.0520,10.00,no
2026-10-05T04:14:02.19343Z,KXBNB15M-26OCT050015-15,0.0500,17.00,no
2026-10-05T04:14:02.618023Z,KXBNB15M-26OCT050015-15,0.0450,1.00,no
2026-10-05T04:14:02.618023Z,KXBNB15M-26OCT050015-15,0.0400,156.00,no
2026-10-05T04:14:02.618023Z,KXBNB15M-26OCT050015-15,0.0460,10.00,no
2026-10-05T04:14:02.805404Z,KXBNB15M-26OCT050015-15,0.0500,84.00,yes
2026-10-05T04:14:03.478729Z,KXBNB15M-26OCT050015-15,0.0310,3.00,no
2026-10-05T04:14:03.478729Z,KXBNB15M-26OCT050015-15,0.0430,10.00,no
2026-10-05T04:14:03.478729Z,KXBNB15M-26OCT050015-15,0.0300,17.00,no
2026-10-05T04:14:03.478729Z,KXBNB15M-26OCT050015-15,0.0400,0.01,no
2026-10-05T04:14:03.478729Z,KXBNB15M-26OCT050015-15,0.0420,1.00,no
2026-10-05T04:14:03.680427Z,KXBNB15M-26OCT050015-15,0.0310,1.00,no
2026-10-05T04:14:04.127691Z,KXBNB15M-26OCT050015-15,0.0300,218.00,no
2026-10-05T04:14:04.127691Z,KXBNB15M-26OCT050015-15,0.0310,10.00,no
2026-10-05T04:14:04.127691Z,KXBNB15M-26OCT050015-15,0.0300,17.00,no
2026-10-05T04:14:05.067501Z,KXBNB15M-26OCT050015-15,0.0400,71.00,no
2026-10-05T04:14:05.067501Z,KXBNB15M-26OCT050015-15,0.0420,10.00,no
2026-10-05T04:14:05.067501Z,KXBNB15M-26OCT050015-15,0.0410,2.00,no
2026-10-05T04:14:05.073794Z,KXBNB15M-26OCT050015-15,0.0410,10.00,no
2026-10-05T04:14:05.073794Z,KXBNB15M-26OCT050015-15,0.0400,28.00,no
2026-10-05T04:14:05.099922Z,KXBNB15M-26OCT050015-15,0.0420,10.00,no
2026-10-05T04:14:05.099922Z,KXBNB15M-26OCT050015-15,0.0410,1.00,no
2026-10-05T04:14:05.099922Z,KXBNB15M-26OCT050015-15,0.0400,100.00,no
2026-10-05T04:14:05.177759Z,KXBNB15M-26OCT050015-15,0.0500,78.00,yes
2026-10-05T04:14:05.177759Z,KXBNB15M-26OCT050015-15,0.0930,6.83,yes
2026-10-05T04:14:05.177759Z,KXBNB15M-26OCT050015-15,0.0500,0.01,yes
2026-10-05T04:14:06.138894Z,KXBNB15M-26OCT050015-15,0.0400,151.00,no
2026-10-05T04:14:06.138894Z,KXBNB15M-26OCT050015-15,0.0520,1.00,no
2026-10-05T04:14:06.138894Z,KXBNB15M-26OCT050015-15,0.0520,10.00,no
2026-10-05T04:14:06.138894Z,KXBNB15M-26OCT050015-15,0.0410,9.00,no
2026-10-05T04:14:06.590803Z,KXBNB15M-26OCT050015-15,0.0430,0.37,yes
2026-10-05T04:14:06.877978Z,KXBNB15M-26OCT050015-15,0.0980,2.55,yes
2026-10-05T04:14:06.877978Z,KXBNB15M-26OCT050015-15,0.0920,10.45,yes
2026-10-05T04:14:07.068554Z,KXBNB15M-26OCT050015-15,0.0710,10.00,no
2026-10-05T04:14:07.068554Z,KXBNB15M-26OCT050015-15,0.0600,1.00,no
2026-10-05T04:14:07.068554Z,KXBNB15M-26OCT050015-15,0.0700,17.00,no
2026-10-05T04:14:07.073641Z,KXBNB15M-26OCT050015-15,0.0420,0.04,no
2026-10-05T04:14:07.073641Z,KXBNB15M-26OCT050015-15,0.0420,1.00,no
2026-10-05T04:14:07.667459Z,KXBNB15M-26OCT050015-15,0.0320,2.00,no
2026-10-05T04:14:08.093628Z,KXBNB15M-26OCT050015-15,0.0300,128.00,no
2026-10-05T04:14:08.093628Z,KXBNB15M-26OCT050015-15,0.0510,1.00,no
2026-10-05T04:14:08.093628Z,KXBNB15M-26OCT050015-15,0.0500,17.00,no
2026-10-05T04:14:08.093628Z,KXBNB15M-26OCT050015-15,0.0520,10.00,no
2026-10-05T04:14:08.145809Z,KXBNB15M-26OCT050015-15,0.0780,25.00,yes
2026-10-05T04:14:08.182787Z,KXBNB15M-26OCT050015-15,0.0780,25.00,yes
2026-10-05T04:14:09.046297Z,KXBNB15M-26OCT050015-15,0.0520,1.00,no
2026-10-05T04:14:09.046297Z,KXBNB15M-26OCT050015-15,0.0530,10.00,no
2026-10-05T04:14:09.046297Z,KXBNB15M-26OCT050015-15,0.0480,2.00,no
2026-10-05T04:14:09.085485Z,KXBNB15M-26OCT050015-15,0.0490,10.00,no
2026-10-05T04:14:09.085485Z,KXBNB15M-26OCT050015-15,0.0410,1.00,no
2026-10-05T04:14:09.085485Z,KXBNB15M-26OCT050015-15,0.0480,0.55,no
2026-10-05T04:14:09.085485Z,KXBNB15M-26OCT050015-15,0.0300,51.45,no
2026-10-05T04:14:09.085485Z,KXBNB15M-26OCT050015-15,0.0400,84.00,no
2026-10-05T04:14:09.085485Z,KXBNB15M-26OCT050015-15,0.0410,1.00,no
2026-10-05T04:14:09.596201Z,KXBNB15M-26OCT050015-15,0.0500,1.14,no
2026-10-05T04:14:09.868226Z,KXBNB15M-26OCT050015-15,0.0510,2.54,yes
2026-10-05T04:14:09.868226Z,KXBNB15M-26OCT050015-15,0.0880,5.45,yes
2026-10-05T04:14:09.868226Z,KXBNB15M-26OCT050015-15,0.0780,0.01,yes
2026-10-05T04:14:10.078289Z,KXBNB15M-26OCT050015-15,0.0490,1.00,no
2026-10-05T04:14:10.078289Z,KXBNB15M-26OCT050015-15,0.0500,10.00,no
2026-10-05T04:14:10.130908Z,KXBNB15M-26OCT050015-15,0.0420,10.00,no
2026-10-05T04:14:10.130908Z,KXBNB15M-26OCT050015-15,0.0410,6.00,no
2026-10-05T04:14:10.130908Z,KXBNB15M-26OCT050015-15,0.0400,84.00,no
2026-10-05T04:14:10.522743Z,KXBNB15M-26OCT050015-15,0.0820,6.00,yes
2026-10-05T04:14:10.534919Z,KXBNB15M-26OCT050015-15,0.0430,10.00,no
2026-10-05T04:14:10.534919Z,KXBNB15M-26OCT050015-15,0.0420,1.00,no
2026-10-05T04:14:10.856022Z,KXBNB15M-26OCT050015-15,0.0360,7.81,no
2026-10-05T04:14:10.991132Z,KXBNB15M-26OCT050015-15,0.0930,2.00,yes
2026-10-05T04:14:10.991132Z,KXBNB15M-26OCT050015-15,0.0920,6.00,yes
2026-10-05T04:14:10.991162Z,KXBNB15M-26OCT050015-15,0.0930,19.00,yes
2026-10-05T04:14:10.991162Z,KXBNB15M-26OCT050015-15,0.0940,51.00,yes
2026-10-05T04:14:10.991191Z,KXBNB15M-26OCT050015-15,0.0940,9.00,yes
2026-10-05T04:14:10.993478Z,KXBNB15M-26OCT050015-15,0.1300,12.00,yes
2026-10-05T04:14:11.011735Z,KXBNB15M-26OCT050015-15,0.0750,1.04,no
2026-10-05T04:14:11.018918Z,KXBNB15M-26OCT050015-15,0.0930,6.00,yes
2026-10-05T04:14:11.116457Z,KXBNB15M-26OCT050015-15,0.0640,14.00,no
2026-10-05T04:14:11.116457Z,KXBNB15M-26OCT050015-15,0.0420,60.00,no
2026-10-05T04:14:11.116457Z,KXBNB15M-26OCT050015-15,0.0410,130.00,no
2026-10-05T04:14:11.116457Z,KXBNB15M-26OCT050015-15,0.0740,10.00,no
2026-10-05T04:14:11.116457Z,KXBNB15M-26OCT050015-15,0.0600,60.00,no
2026-10-05T04:14:11.116457Z,KXBNB15M-26OCT050015-15,0.0630,14.00,no
2026-10-05T04:14:11.664171Z,KXBNB15M-26OCT050015-15,0.0600,17.00,no
2026-10-05T04:14:11.664171Z,KXBNB15M-26OCT050015-15,0.0610,10.00,no
2026-10-05T04:14:12.032797Z,KXBNB15M-26OCT050015-15,0.0600,17.00,no
2026-10-05T04:14:12.032797Z,KXBNB15M-26OCT050015-15,0.0610,10.00,no
2026-10-05T04:14:12.072262Z,KXBNB15M-26OCT050015-15,0.0610,1.00,no
2026-10-05T04:14:12.072262Z,KXBNB15M-26OCT050015-15,0.0620,10.00,no
2026-10-05T04:14:12.225406Z,KXBNB15M-26OCT050015-15,0.0300,7.00,no
2026-10-05T04:14:13.046041Z,KXBNB15M-26OCT050015-15,0.0260,13.00,no
2026-10-05T04:14:13.046041Z,KXBNB15M-26OCT050015-15,0.0300,1.00,no
2026-10-05T04:14:13.046041Z,KXBNB15M-26OCT050015-15,0.0230,6.00,no
2026-10-05T04:14:13.046041Z,KXBNB15M-26OCT050015-15,0.0250,6.00,no
2026-10-05T04:14:13.046041Z,KXBNB15M-26OCT050015-15,0.0240,6.00,no
2026-10-05T04:14:13.232131Z,KXBNB15M-26OCT050015-15,0.0200,76.00,no
2026-10-05T04:14:13.232131Z,KXBNB15M-26OCT050015-15,0.0220,5.00,no
2026-10-05T04:14:13.232131Z,KXBNB15M-26OCT050015-15,0.0200,0.95,no
2026-10-05T04:14:13.232131Z,KXBNB15M-26OCT050015-15,0.0200,1.00,no
2026-10-05T04:14:13.232131Z,KXBNB15M-26OCT050015-15,0.0150,1.00,no
2026-10-05T04:14:13.232131Z,KXBNB15M-26OCT050015-15,0.0210,1.00,no
2026-10-05T04:14:13.232131Z,KXBNB15M-26OCT050015-15,0.0220,3.00,no
2026-10-05T04:14:13.232131Z,KXBNB15M-26OCT050015-15,0.0210,3.00,no
2026-10-05T04:14:13.232131Z,KXBNB15M-26OCT050015-15,0.0200,3.00,no
2026-10-05T04:14:13.232131Z,KXBNB15M-26OCT050015-15,0.0140,5.00,no
2026-10-05T04:14:13.232131Z,KXBNB15M-26OCT050015-15,0.0150,5.00,no
2026-10-05T04:14:13.232131Z,KXBNB15M-26OCT050015-15,0.0200,11.00,no
2026-10-05T04:14:14.367783Z,KXBNB15M-26OCT050015-15,0.0150,10.00,no
2026-10-05T04:14:14.367783Z,KXBNB15M-26OCT050015-15,0.0140,1.00,no
2026-10-05T04:14:14.367783Z,KXBNB15M-26OCT050015-15,0.0110,1.00,no
2026-10-05T04:14:14.367783Z,KXBNB15M-26OCT050015-15,0.0110,1.00,no
2026-10-05T04:14:14.367783Z,KXBNB15M-26OCT050015-15,0.0110,1.00,no
2026-10-05T04:14:14.367783Z,KXBNB15M-26OCT050015-15,0.0130,5.00,no
2026-10-05T04:14:14.367783Z,KXBNB15M-26OCT050015-15,0.0120,4.00,no
2026-10-05T04:14:14.367783Z,KXBNB15M-26OCT050015-15,0.0110,4.00,no
2026-10-05T04:14:14.52279Z,KXBNB15M-26OCT050015-15,0.0190,1.00,yes
2026-10-05T04:14:15.077661Z,KXBNB15M-26OCT050015-15,0.0250,10.00,no
2026-10-05T04:14:15.13225Z,KXBNB15M-26OCT050015-15,0.0240,10.00,no
2026-10-05T04:14:15.13225Z,KXBNB15M-26OCT050015-15,0.0240,13.17,no
2026-10-05T04:14:15.361097Z,KXBNB15M-26OCT050015-15,0.0160,5.00,no
2026-10-05T04:14:16.349528Z,KXBNB15M-26OCT050015-15,0.0150,5.00,no
2026-10-05T04:14:16.451765Z,KXBNB15M-26OCT050015-15,0.0140,1.27,no
2026-10-05T04:14:16.451765Z,KXBNB15M-26OCT050015-15,0.0150,10.00,no
2026-10-05T04:14:16.590247Z,KXBNB15M-26OCT050015-15,0.0170,1.00,yes
2026-10-05T04:14:18.154042Z,KXBNB15M-26OCT050015-15,0.0490,20.00,yes
2026-10-05T04:14:18.154042Z,KXBNB15M-26OCT050015-15,0.0160,1.45,yes
2026-10-05T04:14:18.154042Z,KXBNB15M-26OCT050015-15,0.0310,0.01,yes
2026-10-05T04:14:18.156005Z,KXBNB15M-26OCT050015-15,0.0500,25.23,yes
2026-10-05T04:14:18.158949Z,KXBNB15M-26OCT050015-15,0.0500,24.77,yes
2026-10-05T04:14:18.176661Z,KXBNB15M-26OCT050015-15,0.0490,18.00,no
2026-10-05T04:14:18.176661Z,KXBNB15M-26OCT050015-15,0.0480,31.06,no
2026-10-05T04:14:18.176661Z,KXBNB15M-26OCT050015-15,0.0490,10.00,no
2026-10-05T04:14:18.192026Z,KXBNB15M-26OCT050015-15,0.0330,60.00,no
2026-10-05T04:14:18.192026Z,KXBNB15M-26OCT050015-15,0.0500,10.00,no
2026-10-05T04:14:18.192026Z,KXBNB15M-26OCT050015-15,0.0480,28.94,no
2026-10-05T04:14:18.192026Z,KXBNB15M-26OCT050015-15,0.0490,1.00,no
2026-10-05T04:14:18.192026Z,KXBNB15M-26OCT050015-15,0.0490,3.00,no
2026-10-05T04:14:18.206744Z,KXBNB15M-26OCT050015-15,0.0550,60.00,no
2026-10-05T04:14:18.206744Z,KXBNB15M-26OCT050015-15,0.0410,1.00,no
2026-10-05T04:14:18.206744Z,KXBNB15M-26OCT050015-15,0.0400,48.06,no
2026-10-05T04:14:18.206744Z,KXBNB15M-26OCT050015-15,0.0560,10.00,no
2026-10-05T04:14:18.223548Z,KXBNB15M-26OCT050015-15,0.0560,60.00,no
2026-10-05T04:14:18.223548Z,KXBNB15M-26OCT050015-15,0.0400,11.94,no
2026-10-05T04:14:18.239142Z,KXBNB15M-26OCT050015-15,0.0470,10.00,no
2026-10-05T04:14:18.239142Z,KXBNB15M-26OCT050015-15,0.0460,60.00,no
2026-10-05T04:14:18.255247Z,KXBNB15M-26OCT050015-15,0.0550,37.86,no
2026-10-05T04:14:18.255247Z,KXBNB15M-26OCT050015-15,0.0560,10.00,no
2026-10-05T04:14:18.275661Z,KXBNB15M-26OCT050015-15,0.0440,6.89,no
2026-10-05T04:14:18.275661Z,KXBNB15M-26OCT050015-15,0.0450,3.00,no
2026-10-05T04:14:18.275661Z,KXBNB15M-26OCT050015-15,0.0470,1.00,no
2026-10-05T04:14:18.275661Z,KXBNB15M-26OCT050015-15,0.0560,10.00,no
2026-10-05T04:14:18.293678Z,KXBNB15M-26OCT050015-15,0.0440,16.50,no
2026-10-05T04:14:18.293678Z,KXBNB15M-26OCT050015-15,0.0450,10.00,no
2026-10-05T04:14:18.479088Z,KXBNB15M-26OCT050015-15,0.0440,0.91,no
2026-10-05T04:14:18.479088Z,KXBNB15M-26OCT050015-15,0.0450,10.00,no
2026-10-05T04:14:19.956823Z,KXBNB15M-26OCT050015-15,0.0180,10.00,no
2026-10-05T04:14:20.036545Z,KXBNB15M-26OCT050015-15,0.0180,10.00,no
2026-10-05T04:14:20.048368Z,KXBNB15M-26OCT050015-15,0.0210,10.00,no
2026-10-05T04:14:20.057088Z,KXBNB15M-26OCT050015-15,0.0200,1.00,no
2026-10-05T04:14:20.057088Z,KXBNB15M-26OCT050015-15,0.0220,10.00,no
2026-10-05T04:14:20.066941Z,KXBNB15M-26OCT050015-15,0.0220,10.00,no
2026-10-05T04:14:20.066941Z,KXBNB15M-26OCT050015-15,0.0210,1.00,no
2026-10-05T04:14:20.10492Z,KXBNB15M-26OCT050015-15,0.0210,10.00,no
2026-10-05T04:14:20.136878Z,KXBNB15M-26OCT050015-15,0.0240,25.00,yes
2026-10-05T04:14:20.323918Z,KXBNB15M-26OCT050015-15,0.0210,10.00,no
2026-10-05T04:14:20.325033Z,KXBNB15M-26OCT050015-15,0.0200,59.42,no
2026-10-05T04:14:20.326414Z,KXBNB15M-26OCT050015-15,0.0200,59.88,no
2026-10-05T04:14:20.333888Z,KXBNB15M-26OCT050015-15,0.0130,10.00,no
2026-10-05T04:14:20.333888Z,KXBNB15M-26OCT050015-15,0.0150,10.00,no
2026-10-05T04:14:20.333888Z,KXBNB15M-26OCT050015-15,0.0140,21.32,no
2026-10-05T04:14:20.342572Z,KXBNB15M-26OCT050015-15,0.0140,10.00,no
2026-10-05T04:14:20.360418Z,KXBNB15M-26OCT050015-15,0.0130,10.00,no
2026-10-05T04:14:20.360418Z,KXBNB15M-26OCT050015-15,0.0140,2.00,no
2026-10-05T04:14:20.364963Z,KXBNB15M-26OCT050015-15,0.0130,2.00,no
2026-10-05T04:14:20.389995Z,KXBNB15M-26OCT050015-15,0.0120,20.00,no
2026-10-05T04:14:20.442505Z,KXBNB15M-26OCT050015-15,0.0110,2.00,no
2026-10-05T04:14:20.662138Z,KXBNB15M-26OCT050015-15,0.0110,18.00,no
2026-10-05T04:14:20.662138Z,KXBNB15M-26OCT050015-15,0.0100,1.00,no
2026-10-05T04:14:20.662138Z,KXBNB15M-26OCT050015-15,0.0100,4.00,no
2026-10-05T04:14:20.697809Z,KXBNB15M-26OCT050015-15,0.0110,18.00,yes
2026-10-05T04:14:20.866692Z,KXBNB15M-26OCT050015-15,0.0100,4.00,no
2026-10-05T04:14:20.868376Z,KXBNB15M-26OCT050015-15,0.0100,15.00,no
2026-10-05T04:14:20.868376Z,KXBNB15M-26OCT050015-15,0.0100,1.50,no
2026-10-05T04:14:20.9826Z,KXBNB15M-26OCT050015-15,0.0110,2.00,yes
2026-10-05T04:14:20.9826Z,KXBNB15M-26OCT050015-15,0.0140,10.00,yes
2026-10-05T04:14:20.9826Z,KXBNB15M-26OCT050015-15,0.0110,15.00,yes
2026-10-05T04:14:20.9826Z,KXBNB15M-26OCT050015-15,0.0110,2.00,yes
2026-10-05T04:14:20.9826Z,KXBNB15M-26OCT050015-15,0.0110,4.00,yes
2026-10-05T04:14:20.9826Z,KXBNB15M-26OCT050015-15,0.0140,3.43,yes
2026-10-05T04:14:20.9826Z,KXBNB15M-26OCT050015-15,0.0110,1.00,yes
2026-10-05T04:14:20.9826Z,KXBNB15M-26OCT050015-15,0.0130,20.00,yes
2026-10-05T04:14:20.9826Z,KXBNB15M-26OCT050015-15,0.0100,2.00,yes
2026-10-05T04:14:21.839866Z,KXBNB15M-26OCT050015-15,0.0090,20.00,no
2026-10-05T04:14:22.050709Z,KXBNB15M-26OCT050015-15,0.0100,2.00,yes
2026-10-05T04:14:22.050709Z,KXBNB15M-26OCT050015-15,0.0100,20.00,yes
2026-10-05T04:14:22.10823Z,KXBNB15M-26OCT050015-15,0.0090,25.00,no
2026-10-05T04:14:22.11375Z,KXBNB15M-26OCT050015-15,0.0190,1.47,yes
2026-10-05T04:14:22.11375Z,KXBNB15M-26OCT050015-15,0.0140,6.57,yes
2026-10-05T04:14:22.11375Z,KXBNB15M-26OCT050015-15,0.0110,2.00,yes
2026-10-05T04:14:22.11375Z,KXBNB15M-26OCT050015-15,0.0120,2.00,yes
2026-10-05T04:14:22.148464Z,KXBNB15M-26OCT050015-15,0.0090,5.00,no
2026-10-05T04:14:22.226136Z,KXBNB15M-26OCT050015-15,0.0090,1.00,no
2026-10-05T04:14:22.226136Z,KXBNB15M-26OCT050015-15,0.0090,5.13,no
2026-10-05T04:14:22.226136Z,KXBNB15M-26OCT050015-15,0.0080,20.00,no
2026-10-05T04:14:23.257173Z,KXBNB15M-26OCT050015-15,0.0110,2.96,yes
2026-10-05T04:14:23.257173Z,KXBNB15M-26OCT050015-15,0.0100,5.00,yes
2026-10-05T04:14:23.257173Z,KXBNB15M-26OCT050015-15,0.0080,2.00,yes
2026-10-05T04:14:23.257173Z,KXBNB15M-26OCT050015-15,0.0080,13.87,yes
2026-10-05T04:14:23.257173Z,KXBNB15M-26OCT050015-15,0.0090,2.00,yes
2026-10-05T04:14:23.257173Z,KXBNB15M-26OCT050015-15,0.0090,20.00,yes
2026-10-05T04:14:23.257173Z,KXBNB15M-26OCT050015-15,0.0080,60.00,yes
2026-10-05T04:14:23.494253Z,KXBNB15M-26OCT050015-15,0.0070,1.00,no
2026-10-05T04:14:23.494253Z,KXBNB15M-26OCT050015-15,0.0060,20.00,no
2026-10-05T04:14:23.494253Z,KXBNB15M-26OCT050015-15,0.0070,20.00,no
2026-10-05T04:14:23.494253Z,KXBNB15M-26OCT050015-15,0.0050,7.27,no
2026-10-05T04:14:24.21974Z,KXBNB15M-26OCT050015-15,0.0050,1.50,no
2026-10-05T04:14:24.430154Z,KXBNB15M-26OCT050015-15,0.0050,1.00,no
2026-10-05T04:14:24.430154Z,KXBNB15M-26OCT050015-15,0.0030,2.00,no
2026-10-05T04:14:24.430154Z,KXBNB15M-26OCT050015-15,0.0040,1.00,no
2026-10-05T04:14:24.430154Z,KXBNB15M-26OCT050015-15,0.0050,11.00,no
2026-10-05T04:14:24.430154Z,KXBNB15M-26OCT050015-15,0.0040,1.00,no
2026-10-05T04:14:24.430154Z,KXBNB15M-26OCT050015-15,0.0030,2.00,no
2026-10-05T04:14:24.430154Z,KXBNB15M-26OCT050015-15,0.0030,2.00,no
2026-10-05T04:14:24.430154Z,KXBNB15M-26OCT050015-15,0.0040,1.00,no
2026-10-05T04:14:24.430154Z,KXBNB15M-26OCT050015-15,0.0030,2.00,no
2026-10-05T04:14:24.430154Z,KXBNB15M-26OCT050015-15,0.0040,1.00,no
2026-10-05T04:14:24.430154Z,KXBNB15M-26OCT050015-15,0.0040,1.00,no
2026-10-05T04:14:24.430154Z,KXBNB15M-26OCT050015-15,0.0030,2.00,no
2026-10-05T04:14:24.430154Z,KXBNB15M-26OCT050015-15,0.0050,20.00,no
2026-10-05T04:14:24.430154Z,KXBNB15M-26OCT050015-15,0.0030,20.00,no
2026-10-05T04:14:24.430154Z,KXBNB15M-26OCT050015-15,0.0040,20.00,no
2026-10-05T04:14:24.430154Z,KXBNB15M-26OCT050015-15,0.0040,13.00,no
2026-10-05T04:14:24.430154Z,KXBNB15M-26OCT050015-15,0.0030,18.00,no
2026-10-05T04:14:24.430154Z,KXBNB15M-26OCT050015-15,0.0030,100.00,no
2026-10-05T04:14:24.430154Z,KXBNB15M-26OCT050015-15,0.0020,85.77,no
2026-10-05T04:14:24.430154Z,KXBNB15M-26OCT050015-15,0.0050,21.23,no
2026-10-05T04:14:24.498229Z,KXBNB15M-26OCT050015-15,0.0070,20.00,yes
2026-10-05T04:14:24.498229Z,KXBNB15M-26OCT050015-15,0.0080,20.00,yes
2026-10-05T04:14:24.498229Z,KXBNB15M-26OCT050015-15,0.0060,20.00,yes
2026-10-05T04:14:24.498229Z,KXBNB15M-26OCT050015-15,0.0050,2.00,yes
2026-10-05T04:14:24.498229Z,KXBNB15M-26OCT050015-15,0.0050,20.00,yes
2026-10-05T04:14:24.498229Z,KXBNB15M-26OCT050015-15,0.0040,2.00,yes
2026-10-05T04:14:24.498229Z,KXBNB15M-26OCT050015-15,0.0080,3.26,yes
2026-10-05T04:14:24.498229Z,KXBNB15M-26OCT050015-15,0.0050,20.00,yes
2026-10-05T04:14:24.525524Z,KXBNB15M-26OCT050015-15,0.0020,3.00,no
2026-10-05T04:14:24.525524Z,KXBNB15M-26OCT050015-15,0.0020,0.77,no
2026-10-05T04:14:24.525524Z,KXBNB15M-26OCT050015-15,0.0020,20.00,no
2026-10-05T04:14:24.525524Z,KXBNB15M-26OCT050015-15,0.0020,26.00,no
2026-10-05T04:14:24.525524Z,KXBNB15M-26OCT050015-15,0.0020,114.23,no
2026-10-05T04:14:24.525524Z,KXBNB15M-26OCT050015-15,0.0020,40.00,no
2026-10-05T04:14:24.731945Z,KXBNB15M-26OCT050015-15,0.0040,20.00,yes
2026-10-05T04:14:24.731945Z,KXBNB15M-26OCT050015-15,0.0040,5.29,yes
2026-10-05T04:14:24.845557Z,KXBNB15M-26OCT050015-15,0.0050,6.01,yes
2026-10-05T04:14:25.25371Z,KXBNB15M-26OCT050015-15,0.0020,0.78,no
2026-10-05T04:14:25.25371Z,KXBNB15M-26OCT050015-15,0.0020,3.00,no
2026-10-05T04:14:25.25371Z,KXBNB15M-26OCT050015-15,0.0020,3.00,no
2026-10-05T04:14:25.25371Z,KXBNB15M-26OCT050015-15,0.0020,2.23,no
2026-10-05T04:14:25.736356Z,KXBNB15M-26OCT050015-15,0.0050,8.00,yes
2026-10-05T04:14:25.823051Z,KXBNB15M-26OCT050015-15,0.0050,236.74,yes
2026-10-05T04:14:26.630047Z,KXBNB15M-26OCT050015-15,0.0020,14.00,no
2026-10-05T04:14:26.630047Z,KXBNB15M-26OCT050015-15,0.0020,1.00,no
2026-10-05T04:14:26.630047Z,KXBNB15M-26OCT050015-15,0.0020,2.22,no
2026-10-05T04:14:27.387155Z,KXBNB15M-26OCT050015-15,0.0010,1.00,no
2026-10-05T04:14:27.387155Z,KXBNB15M-26OCT050015-15,0.0010,20.00,no
2026-10-05T04:14:27.387155Z,KXBNB15M-26OCT050015-15,0.0010,1.00,no
2026-10-05T04:14:27.387155Z,KXBNB15M-26OCT050015-15,0.0010,40.00,no
2026-10-05T04:14:27.387155Z,KXBNB15M-26OCT050015-15,0.0010,75.00,no
2026-10-05T04:14:27.387155Z,KXBNB15M-26OCT050015-15,0.0010,1.00,no
2026-10-05T04:14:27.387155Z,KXBNB15M-26OCT050015-15,0.0010,100.00,no
2026-10-05T04:14:28.3084Z,KXBNB15M-26OCT050015-15,0.0020,100.00,yes
2026-10-05T04:14:35.249655Z,KXBNB15M-26OCT050015-15,0.0010,3.00,yes
2026-10-05T04:14:39.726739Z,KXBNB15M-26OCT050015-15,0.0010,9.00,yes
2026-10-05T04:14:39.726739Z,KXBNB15M-26OCT050015-15,0.0010,25.06,yes
2026-10-05T04:14:43.796764Z,KXBNB15M-26OCT050015-15,0.0030,40.00,yes
2026-10-05T04:14:43.796764Z,KXBNB15M-26OCT050015-15,0.0030,40.00,yes
2026-10-05T04:14:43.796764Z,KXBNB15M-26OCT050015-15,0.0020,118.94,yes
2026-10-05T04:14:43.796764Z,KXBNB15M-26OCT050015-15,0.0040,74.00,yes
2026-10-05T04:14:43.796764Z,KXBNB15M-26OCT050015-15,0.0020,405.00,yes
2026-10-05T04:14:43.796764Z,KXBNB15M-26OCT050015-15,0.0040,2.00,yes
2026-10-05T04:14:43.796764Z,KXBNB15M-26OCT050015-15,0.0020,20.00,yes
2026-10-05T04:14:43.796764Z,KXBNB15M-26OCT050015-15,0.0020,100.00,yes
2026-10-05T04:14:43.796764Z,KXBNB15M-26OCT050015-15,0.0030,2.00,yes
2026-10-05T04:14:43.796764Z,KXBNB15M-26OCT050015-15,0.0050,3.73,yes
2026-10-05T04:14:44.314298Z,KXBNB15M-26OCT050015-15,0.0010,15.00,yes
2026-10-05T04:14:55.17244Z,KXBNB15M-26OCT050015-15,0.0010,6.00,yes
2026-10-05T04:14:55.405624Z,KXBNB15M-26OCT050015-15,0.0010,1.02,yes
2026-10-05T04:13:24.75634Z,KXDOGE15M-26OCT050015-15,0.1300,10.00,no
2026-10-05T04:13:24.75634Z,KXDOGE15M-26OCT050015-15,0.1200,2.00,no
2026-10-05T04:13:24.75634Z,KXDOGE15M-26OCT050015-15,0.1200,8.38,no
2026-10-05T04:13:25.73906Z,KXDOGE15M-26OCT050015-15,0.1500,1.00,yes
2026-10-05T04:13:25.73906Z,KXDOGE15M-26OCT050015-15,0.1500,3.00,yes
2026-10-05T04:13:25.73906Z,KXDOGE15M-26OCT050015-15,0.1600,2.00,yes
2026-10-05T04:13:25.73906Z,KXDOGE15M-26OCT050015-15,0.1600,2.00,yes
2026-10-05T04:13:26.535128Z,KXDOGE15M-26OCT050015-15,0.1600,8.00,yes
2026-10-05T04:13:26.535128Z,KXDOGE15M-26OCT050015-15,0.1600,2.00,yes
2026-10-05T04:13:26.535128Z,KXDOGE15M-26OCT050015-15,0.1500,1.00,yes
2026-10-05T04:13:26.535128Z,KXDOGE15M-26OCT050015-15,0.1600,0.80,yes
2026-10-05T04:13:27.590981Z,KXDOGE15M-26OCT050015-15,0.1600,2.95,yes
2026-10-05T04:13:28.498517Z,KXDOGE15M-26OCT050015-15,0.1600,29.51,yes
2026-10-05T04:13:28.691127Z,KXDOGE15M-26OCT050015-15,0.1600,2.95,yes
2026-10-05T04:13:29.145364Z,KXDOGE15M-26OCT050015-15,0.1300,0.45,no
2026-10-05T04:13:29.230404Z,KXDOGE15M-26OCT050015-15,0.1300,5.63,no
2026-10-05T04:13:30.153968Z,KXDOGE15M-26OCT050015-15,0.1600,4.89,yes
2026-10-05T04:13:31.147651Z,KXDOGE15M-26OCT050015-15,0.1500,5.00,no
2026-10-05T04:13:31.370141Z,KXDOGE15M-26OCT050015-15,0.1800,2.19,yes
2026-10-05T04:13:32.51907Z,KXDOGE15M-26OCT050015-15,0.1600,1.05,no
2026-10-05T04:13:33.171834Z,KXDOGE15M-26OCT050015-15,0.1500,20.75,no
2026-10-05T04:13:33.171834Z,KXDOGE15M-26OCT050015-15,0.1500,1.00,no
2026-10-05T04:13:33.783999Z,KXDOGE15M-26OCT050015-15,0.1700,10.00,yes
2026-10-05T04:13:37.297157Z,KXDOGE15M-26OCT050015-15,0.1800,1.83,yes
2026-10-05T04:13:37.297157Z,KXDOGE15M-26OCT050015-15,0.1800,3.00,yes
2026-10-05T04:13:37.297157Z,KXDOGE15M-26OCT050015-15,0.1800,7.00,yes
2026-10-05T04:13:37.739862Z,KXDOGE15M-26OCT050015-15,0.1700,0.70,no
2026-10-05T04:13:38.799408Z,KXDOGE15M-26OCT050015-15,0.1600,1.17,no
2026-10-05T04:13:39.417147Z,KXDOGE15M-26OCT050015-15,0.1600,1.18,no
2026-10-05T04:13:39.541931Z,KXDOGE15M-26OCT050015-15,0.1800,1.35,yes
2026-10-05T04:13:39.541931Z,KXDOGE15M-26OCT050015-15,0.1800,5.00,yes
2026-10-05T04:13:39.541931Z,KXDOGE15M-26OCT050015-15,0.1800,1.00,yes
2026-10-05T04:13:41.823042Z,KXDOGE15M-26OCT050015-15,0.1400,0.63,no
2026-10-05T04:13:42.079598Z,KXDOGE15M-26OCT050015-15,0.1700,1.00,yes
2026-10-05T04:13:42.176899Z,KXDOGE15M-26OCT050015-15,0.1600,10.00,yes
2026-10-05T04:13:42.846236Z,KXDOGE15M-26OCT050015-15,0.1600,50.34,yes
2026-10-05T04:13:43.860775Z,KXDOGE15M-26OCT050015-15,0.1400,10.00,no
2026-10-05T04:13:43.861356Z,KXDOGE15M-26OCT050015-15,0.1200,1.00,no
2026-10-05T04:13:43.861356Z,KXDOGE15M-26OCT050015-15,0.1300,2.00,no
2026-10-05T04:13:43.861356Z,KXDOGE15M-26OCT050015-15,0.1300,2.66,no
2026-10-05T04:13:43.862613Z,KXDOGE15M-26OCT050015-15,0.1100,2.00,no
2026-10-05T04:13:43.862613Z,KXDOGE15M-26OCT050015-15,0.1100,26.00,no
2026-10-05T04:13:43.864801Z,KXDOGE15M-26OCT050015-15,0.1000,1.00,no
2026-10-05T04:13:43.864801Z,KXDOGE15M-26OCT050015-15,0.1000,7.00,no
2026-10-05T04:13:43.864801Z,KXDOGE15M-26OCT050015-15,0.1300,10.00,no
2026-10-05T04:13:43.86815Z,KXDOGE15M-26OCT050015-15,0.1200,10.00,no
2026-10-05T04:13:44.060764Z,KXDOGE15M-26OCT050015-15,0.1100,10.00,yes
2026-10-05T04:13:44.130863Z,KXDOGE15M-26OCT050015-15,0.0720,1.00,no
2026-10-05T04:13:44.130863Z,KXDOGE15M-26OCT050015-15,0.0750,1.00,no
2026-10-05T04:13:44.130863Z,KXDOGE15M-26OCT050015-15,0.0700,7.50,no
2026-10-05T04:13:44.130863Z,KXDOGE15M-26OCT050015-15,0.0690,1.00,no
2026-10-05T04:13:44.130863Z,KXDOGE15M-26OCT050015-15,0.0710,1.00,no
2026-10-05T04:13:44.130863Z,KXDOGE15M-26OCT050015-15,0.0740,1.00,no
2026-10-05T04:13:44.130863Z,KXDOGE15M-26OCT050015-15,0.0700,1.00,no
2026-10-05T04:13:44.130863Z,KXDOGE15M-26OCT050015-15,0.0720,1.00,no
2026-10-05T04:13:44.130863Z,KXDOGE15M-26OCT050015-15,0.0680,0.50,no
2026-10-05T04:13:44.130863Z,KXDOGE15M-26OCT050015-15,0.0730,1.00,no
2026-10-05T04:13:44.137314Z,KXDOGE15M-26OCT050015-15,0.0650,1.00,no
2026-10-05T04:13:44.137314Z,KXDOGE15M-26OCT050015-15,0.0630,1.00,no
2026-10-05T04:13:44.137314Z,KXDOGE15M-26OCT050015-15,0.0610,10.50,no
2026-10-05T04:13:44.137314Z,KXDOGE15M-26OCT050015-15,0.0640,1.00,no
2026-10-05T04:13:44.137314Z,KXDOGE15M-26OCT050015-15,0.0660,1.00,no
2026-10-05T04:13:44.137314Z,KXDOGE15M-26OCT050015-15,0.0630,1.00,no
2026-10-05T04:13:44.137314Z,KXDOGE15M-26OCT050015-15,0.0670,1.00,no
2026-10-05T04:13:44.137314Z,KXDOGE15M-26OCT050015-15,0.0610,1.00,no
2026-10-05T04:13:44.137314Z,KXDOGE15M-26OCT050015-15,0.0620,1.00,no
2026-10-05T04:13:44.137314Z,KXDOGE15M-26OCT050015-15,0.0650,1.00,no
2026-10-05T04:13:44.137314Z,KXDOGE15M-26OCT050015-15,0.0680,0.50,no
2026-10-05T04:13:44.14244Z,KXDOGE15M-26OCT050015-15,0.0610,7.50,no
2026-10-05T04:13:44.185155Z,KXDOGE15M-26OCT050015-15,0.0600,1.00,no
2026-10-05T04:13:44.185155Z,KXDOGE15M-26OCT050015-15,0.0600,1.00,no
2026-10-05T04:13:44.185155Z,KXDOGE15M-26OCT050015-15,0.0600,30.00,no
2026-10-05T04:13:44.324501Z,KXDOGE15M-26OCT050015-15,0.0690,7.00,yes
2026-10-05T04:13:44.324501Z,KXDOGE15M-26OCT050015-15,0.0680,10.00,yes
2026-10-05T04:13:44.411855Z,KXDOGE15M-26OCT050015-15,0.0690,8.00,yes
2026-10-05T04:13:44.411855Z,KXDOGE15M-26OCT050015-15,0.0680,10.00,yes
2026-10-05T04:13:44.419282Z,KXDOGE15M-26OCT050015-15,0.0680,1.00,yes
2026-10-05T04:13:44.422381Z,KXDOGE15M-26OCT050015-15,0.0680,3.00,yes
2026-10-05T04:13:44.436431Z,KXDOGE15M-26OCT050015-15,0.0760,10.00,yes
2026-10-05T04:13:44.713505Z,KXDOGE15M-26OCT050015-15,0.0650,3.00,no
2026-10-05T04:13:44.815327Z,KXDOGE15M-26OCT050015-15,0.0640,2.00,no
2026-10-05T04:13:44.825205Z,KXDOGE15M-26OCT050015-15,0.0640,1.00,no
2026-10-05T04:13:44.928664Z,KXDOGE15M-26OCT050015-15,0.0600,3.00,no
2026-10-05T04:13:44.928664Z,KXDOGE15M-26OCT050015-15,0.0540,8.00,no
2026-10-05T04:13:44.928664Z,KXDOGE15M-26OCT050015-15,0.0590,3.00,no
2026-10-05T04:13:44.928664Z,KXDOGE15M-26OCT050015-15,0.0540,1.00,no
2026-10-05T04:13:44.928664Z,KXDOGE15M-26OCT050015-15,0.0550,1.00,no
2026-10-05T04:13:44.928664Z,KXDOGE15M-26OCT050015-15,0.0590,1.00,no
2026-10-05T04:13:44.928664Z,KXDOGE15M-26OCT050015-15,0.0580,1.00,no
2026-10-05T04:13:44.928664Z,KXDOGE15M-26OCT050015-15,0.0570,1.00,no
2026-10-05T04:13:44.928664Z,KXDOGE15M-26OCT050015-15,0.0560,1.00,no
2026-10-05T04:13:44.995374Z,KXDOGE15M-26OCT050015-15,0.0570,3.00,no
2026-10-05T04:13:44.995374Z,KXDOGE15M-26OCT050015-15,0.0510,20.00,no
2026-10-05T04:13:44.995374Z,KXDOGE15M-26OCT050015-15,0.0580,3.00,no
2026-10-05T04:13:44.995374Z,KXDOGE15M-26OCT050015-15,0.0500,2.00,no
2026-10-05T04:13:44.995374Z,KXDOGE15M-26OCT050015-15,0.0500,43.24,no
2026-10-05T04:13:44.995374Z,KXDOGE15M-26OCT050015-15,0.0500,1.00,no
2026-10-05T04:13:44.995374Z,KXDOGE15M-26OCT050015-15,0.0500,3.00,no
2026-10-05T04:13:44.995374Z,KXDOGE15M-26OCT050015-15,0.0520,1.00,no
2026-10-05T04:13:44.995374Z,KXDOGE15M-26OCT050015-15,0.0530,1.00,no
2026-10-05T04:13:44.995374Z,KXDOGE15M-26OCT050015-15,0.0510,1.00,no
2026-10-05T04:13:44.995374Z,KXDOGE15M-26OCT050015-15,0.0500,1.00,no
2026-10-05T04:13:45.020644Z,KXDOGE15M-26OCT050015-15,0.0510,10.47,no
2026-10-05T04:13:45.020644Z,KXDOGE15M-26OCT050015-15,0.0550,3.00,no
2026-10-05T04:13:45.020644Z,KXDOGE15M-26OCT050015-15,0.0560,3.00,no
2026-10-05T04:13:45.665583Z,KXDOGE15M-26OCT050015-15,0.0690,2.00,yes
2026-10-05T04:13:45.665583Z,KXDOGE15M-26OCT050015-15,0.0850,1.00,yes
2026-10-05T04:13:45.665583Z,KXDOGE15M-26OCT050015-15,0.0890,0.52,yes
2026-10-05T04:13:45.665583Z,KXDOGE15M-26OCT050015-15,0.0860,1.00,yes
2026-10-05T04:13:45.665583Z,KXDOGE15M-26OCT050015-15,0.0800,5.00,yes
2026-10-05T04:13:45.665583Z,KXDOGE15M-26OCT050015-15,0.0740,2.00,yes
2026-10-05T04:13:45.665583Z,KXDOGE15M-26OCT050015-15,0.0770,2.00,yes
2026-10-05T04:13:45.665583Z,KXDOGE15M-26OCT050015-15,0.0700,5.00,yes
2026-10-05T04:13:45.665583Z,KXDOGE15M-26OCT050015-15,0.0860,5.00,yes
2026-10-05T04:13:47.298783Z,KXDOGE15M-26OCT050015-15,0.0570,1.00,no
2026-10-05T04:13:47.298783Z,KXDOGE15M-26OCT050015-15,0.0590,7.00,no
2026-10-05T04:13:47.298783Z,KXDOGE15M-26OCT050015-15,0.0580,4.00,no
2026-10-05T04:13:47.368112Z,KXDOGE15M-26OCT050015-15,0.0530,1.00,no
2026-10-05T04:13:47.368112Z,KXDOGE15M-26OCT050015-15,0.0520,4.18,no
2026-10-05T04:13:47.508661Z,KXDOGE15M-26OCT050015-15,0.0510,5.18,no
2026-10-05T04:13:47.601592Z,KXDOGE15M-26OCT050015-15,0.0500,10.00,no
2026-10-05T04:13:47.653898Z,KXDOGE15M-26OCT050015-15,0.0500,7.24,no
2026-10-05T04:13:47.653898Z,KXDOGE15M-26OCT050015-15,0.0500,26.76,no
2026-10-05T04:13:47.741221Z,KXDOGE15M-26OCT050015-15,0.0500,4.00,no
2026-10-05T04:13:47.853837Z,KXDOGE15M-26OCT050015-15,0.0500,1.94,yes
2026-10-05T04:13:47.928038Z,KXDOGE15M-26OCT050015-15,0.0480,1.00,no
2026-10-05T04:13:47.928038Z,KXDOGE15M-26OCT050015-15,0.0470,1.00,no
2026-10-05T04:13:47.928038Z,KXDOGE15M-26OCT050015-15,0.0490,1.00,no
2026-10-05T04:13:47.928038Z,KXDOGE15M-26OCT050015-15,0.0460,1.00,no
2026-10-05T04:13:47.941821Z,KXDOGE15M-26OCT050015-15,0.0400,2.00,no
2026-10-05T04:13:47.941821Z,KXDOGE15M-26OCT050015-15,0.0430,1.00,no
2026-10-05T04:13:47.941821Z,KXDOGE15M-26OCT050015-15,0.0390,1.00,no
2026-10-05T04:13:47.941821Z,KXDOGE15M-26OCT050015-15,0.0410,1.00,no
2026-10-05T04:13:47.941821Z,KXDOGE15M-26OCT050015-15,0.0420,1.00,no
2026-10-05T04:13:47.941821Z,KXDOGE15M-26OCT050015-15,0.0440,1.00,no
2026-10-05T04:13:47.941821Z,KXDOGE15M-26OCT050015-15,0.0450,1.00,no
2026-10-05T04:13:47.941821Z,KXDOGE15M-26OCT050015-15,0.0400,1.00,no
2026-10-05T04:13:47.941821Z,KXDOGE15M-26OCT050015-15,0.0430,1.00,no
2026-10-05T04:13:48.313401Z,KXDOGE15M-26OCT050015-15,0.0510,2.00,yes
2026-10-05T04:13:48.367896Z,KXDOGE15M-26OCT050015-15,0.0440,10.39,no
2026-10-05T04:13:48.474136Z,KXDOGE15M-26OCT050015-15,0.0570,1.00,yes
2026-10-05T04:13:48.474136Z,KXDOGE15M-26OCT050015-15,0.0540,2.00,yes
2026-10-05T04:13:48.474136Z,KXDOGE15M-26OCT050015-15,0.0570,2.00,yes
2026-10-05T04:13:48.755708Z,KXDOGE15M-26OCT050015-15,0.0350,1.00,no
2026-10-05T04:13:48.755708Z,KXDOGE15M-26OCT050015-15,0.0380,22.00,no
2026-10-05T04:13:48.755708Z,KXDOGE15M-26OCT050015-15,0.0450,2.00,no
2026-10-05T04:13:48.755708Z,KXDOGE15M-26OCT050015-15,0.0430,1.00,no
2026-10-05T04:13:48.755708Z,KXDOGE15M-26OCT050015-15,0.0300,278.52,no
2026-10-05T04:13:48.755708Z,KXDOGE15M-26OCT050015-15,0.0310,3.82,no
2026-10-05T04:13:48.755708Z,KXDOGE15M-26OCT050015-15,0.0300,2.00,no
2026-10-05T04:13:48.755708Z,KXDOGE15M-26OCT050015-15,0.0370,10.00,no
2026-10-05T04:13:48.755708Z,KXDOGE15M-26OCT050015-15,0.0300,10.00,no
2026-10-05T04:13:48.755708Z,KXDOGE15M-26OCT050015-15,0.0300,6.66,no
2026-10-05T04:13:48.755708Z,KXDOGE15M-26OCT050015-15,0.0310,1.00,no
2026-10-05T04:13:48.755708Z,KXDOGE15M-26OCT050015-15,0.0300,33.00,no
2026-10-05T04:13:48.755708Z,KXDOGE15M-26OCT050015-15,0.0320,1.00,no
2026-10-05T04:13:48.755708Z,KXDOGE15M-26OCT050015-15,0.0340,1.00,no
2026-10-05T04:13:48.755708Z,KXDOGE15M-26OCT050015-15,0.0350,1.00,no
2026-10-05T04:13:48.755708Z,KXDOGE15M-26OCT050015-15,0.0370,1.00,no
2026-10-05T04:13:48.755708Z,KXDOGE15M-26OCT050015-15,0.0300,1.00,no
2026-10-05T04:13:48.755708Z,KXDOGE15M-26OCT050015-15,0.0380,1.00,no
2026-10-05T04:13:48.755708Z,KXDOGE15M-26OCT050015-15,0.0330,1.00,no
2026-10-05T04:13:48.755708Z,KXDOGE15M-26OCT050015-15,0.0360,1.00,no
2026-10-05T04:13:48.755708Z,KXDOGE15M-26OCT050015-15,0.0310,1.00,no
2026-10-05T04:13:48.755708Z,KXDOGE15M-26OCT050015-15,0.0300,5.00,no
2026-10-05T04:13:51.169431Z,KXDOGE15M-26OCT050015-15,0.0360,6.00,no
2026-10-05T04:13:51.169431Z,KXDOGE15M-26OCT050015-15,0.0350,2.00,no
2026-10-05T04:13:51.169431Z,KXDOGE15M-26OCT050015-15,0.0360,1.00,no
2026-10-05T04:13:51.169431Z,KXDOGE15M-26OCT050015-15,0.0340,1.00,no
2026-10-05T04:13:51.169431Z,KXDOGE15M-26OCT050015-15,0.0310,5.00,no
2026-10-05T04:13:51.623696Z,KXDOGE15M-26OCT050015-15,0.0300,2.00,yes
2026-10-05T04:13:51.623696Z,KXDOGE15M-26OCT050015-15,0.0310,9.00,yes
2026-10-05T04:13:51.652436Z,KXDOGE15M-26OCT050015-15,0.0290,39.00,no
2026-10-05T04:13:51.652436Z,KXDOGE15M-26OCT050015-15,0.0250,6.00,no
2026-10-05T04:13:51.652436Z,KXDOGE15M-26OCT050015-15,0.0270,5.00,no
2026-10-05T04:13:51.652436Z,KXDOGE15M-26OCT050015-15,0.0260,5.00,no
2026-10-05T04:13:51.652436Z,KXDOGE15M-26OCT050015-15,0.0280,5.00,no
2026-10-05T04:13:51.652436Z,KXDOGE15M-26OCT050015-15,0.0250,5.00,no
2026-10-05T04:13:51.652436Z,KXDOGE15M-26OCT050015-15,0.0290,5.00,no
2026-10-05T04:13:51.652436Z,KXDOGE15M-26OCT050015-15,0.0250,1.00,no
2026-10-05T04:13:51.652436Z,KXDOGE15M-26OCT050015-15,0.0270,1.00,no
2026-10-05T04:13:51.652436Z,KXDOGE15M-26OCT050015-15,0.0290,1.00,no
2026-10-05T04:13:51.652436Z,KXDOGE15M-26OCT050015-15,0.0280,1.00,no
2026-10-05T04:13:51.652436Z,KXDOGE15M-26OCT050015-15,0.0260,1.00,no
2026-10-05T04:13:51.734345Z,KXDOGE15M-26OCT050015-15,0.0300,5.00,yes
2026-10-05T04:13:51.734345Z,KXDOGE15M-26OCT050015-15,0.0300,5.00,yes
2026-10-05T04:13:51.734345Z,KXDOGE15M-26OCT050015-15,0.0300,0.60,yes
2026-10-05T04:13:51.814812Z,KXDOGE15M-26OCT050015-15,0.0300,5.00,yes
2026-10-05T04:13:51.814812Z,KXDOGE15M-26OCT050015-15,0.0300,4.40,yes
2026-10-05T04:13:51.814812Z,KXDOGE15M-26OCT050015-15,0.0300,5.00,yes
2026-10-05T04:13:51.814812Z,KXDOGE15M-26OCT050015-15,0.0310,4.98,yes
2026-10-05T04:13:52.484751Z,KXDOGE15M-26OCT050015-15,0.0260,20.00,no
2026-10-05T04:13:52.535761Z,KXDOGE15M-26OCT050015-15,0.0310,30.20,yes
2026-10-05T04:13:53.591941Z,KXDOGE15M-26OCT050015-15,0.0260,3.82,yes
2026-10-05T04:13:54.286528Z,KXDOGE15M-26OCT050015-15,0.0310,59.60,yes
2026-10-05T04:13:54.286528Z,KXDOGE15M-26OCT050015-15,0.0290,2.00,yes
2026-10-05T04:13:54.286528Z,KXDOGE15M-26OCT050015-15,0.0260,15.18,yes
2026-10-05T04:13:54.286528Z,KXDOGE15M-26OCT050015-15,0.0250,13.00,yes
2026-10-05T04:13:54.286528Z,KXDOGE15M-26OCT050015-15,0.0250,10.00,yes
2026-10-05T04:13:54.286528Z,KXDOGE15M-26OCT050015-15,0.0300,31.00,yes
2026-10-05T04:13:54.286528Z,KXDOGE15M-26OCT050015-15,0.0310,15.82,yes
2026-10-05T04:13:54.286528Z,KXDOGE15M-26OCT050015-15,0.0310,5.00,yes
2026-10-05T04:13:54.490324Z,KXDOGE15M-26OCT050015-15,0.0280,6.00,yes
2026-10-05T04:13:54.508001Z,KXDOGE15M-26OCT050015-15,0.0280,6.00,yes
2026-10-05T04:13:54.508515Z,KXDOGE15M-26OCT050015-15,0.0280,6.00,yes
2026-10-05T04:13:54.918108Z,KXDOGE15M-26OCT050015-15,0.0280,0.63,yes
2026-10-05T04:13:55.00427Z,KXDOGE15M-26OCT050015-15,0.0260,1.13,no
2026-10-05T04:13:55.349052Z,KXDOGE15M-26OCT050015-15,0.0250,1.49,no
2026-10-05T04:13:55.349052Z,KXDOGE15M-26OCT050015-15,0.0260,13.87,no
2026-10-05T04:13:55.611046Z,KXDOGE15M-26OCT050015-15,0.0260,2.55,yes
2026-10-05T04:13:55.622973Z,KXDOGE15M-26OCT050015-15,0.0260,0.99,yes
2026-10-05T04:13:55.941311Z,KXDOGE15M-26OCT050015-15,0.0270,2.62,yes
2026-10-05T04:13:55.941311Z,KXDOGE15M-26OCT050015-15,0.0260,12.46,yes
2026-10-05T04:13:58.080171Z,KXDOGE15M-26OCT050015-15,0.0240,5.00,no
2026-10-05T04:13:58.080171Z,KXDOGE15M-26OCT050015-15,0.0230,5.00,no
2026-10-05T04:13:58.080171Z,KXDOGE15M-26OCT050015-15,0.0230,1.00,no
2026-10-05T04:13:58.080171Z,KXDOGE15M-26OCT050015-15,0.0240,1.00,no
2026-10-05T04:13:59.056109Z,KXDOGE15M-26OCT050015-15,0.0220,5.00,no
2026-10-05T04:13:59.056109Z,KXDOGE15M-26OCT050015-15,0.0220,1.00,no
2026-10-05T04:13:59.056109Z,KXDOGE15M-26OCT050015-15,0.0210,4.00,no
2026-10-05T04:13:59.273967Z,KXDOGE15M-26OCT050015-15,0.0150,10.00,no
2026-10-05T04:13:59.273967Z,KXDOGE15M-26OCT050015-15,0.0210,25.00,no
2026-10-05T04:13:59.273967Z,KXDOGE15M-26OCT050015-15,0.0200,50.00,no
2026-10-05T04:13:59.273967Z,KXDOGE15M-26OCT050015-15,0.0200,1.00,no
2026-10-05T04:13:59.273967Z,KXDOGE15M-26OCT050015-15,0.0140,73.25,no
2026-10-05T04:13:59.273967Z,KXDOGE15M-26OCT050015-15,0.0160,5.00,no
2026-10-05T04:13:59.273967Z,KXDOGE15M-26OCT050015-15,0.0140,5.00,no
2026-10-05T04:13:59.273967Z,KXDOGE15M-26OCT050015-15,0.0150,5.00,no
2026-10-05T04:13:59.273967Z,KXDOGE15M-26OCT050015-15,0.0210,1.00,no
2026-10-05T04:13:59.273967Z,KXDOGE15M-26OCT050015-15,0.0200,10.00,no
2026-10-05T04:13:59.273967Z,KXDOGE15M-26OCT050015-15,0.0210,1.00,no
2026-10-05T04:13:59.273967Z,KXDOGE15M-26OCT050015-15,0.0200,5.00,no
2026-10-05T04:13:59.273967Z,KXDOGE15M-26OCT050015-15,0.0180,1.00,no
2026-10-05T04:13:59.273967Z,KXDOGE15M-26OCT050015-15,0.0200,1.00,no
2026-10-05T04:13:59.273967Z,KXDOGE15M-26OCT050015-15,0.0140,1.00,no
2026-10-05T04:13:59.273967Z,KXDOGE15M-26OCT050015-15,0.0190,5.00,no
2026-10-05T04:13:59.273967Z,KXDOGE15M-26OCT050015-15,0.0210,1.00,no
2026-10-05T04:13:59.273967Z,KXDOGE15M-26OCT050015-15,0.0160,1.00,no
2026-10-05T04:13:59.273967Z,KXDOGE15M-26OCT050015-15,0.0190,1.00,no
2026-10-05T04:13:59.273967Z,KXDOGE15M-26OCT050015-15,0.0170,1.00,no
2026-10-05T04:13:59.273967Z,KXDOGE15M-26OCT050015-15,0.0150,1.00,no
2026-10-05T04:13:59.273967Z,KXDOGE15M-26OCT050015-15,0.0180,5.00,no
2026-10-05T04:13:59.273967Z,KXDOGE15M-26OCT050015-15,0.0170,5.00,no
2026-10-05T04:14:00.112233Z,KXDOGE15M-26OCT050015-15,0.0130,120.00,no
2026-10-05T04:14:00.184342Z,KXDOGE15M-26OCT050015-15,0.0140,10.00,no
2026-10-05T04:14:00.205549Z,KXDOGE15M-26OCT050015-15,0.0140,10.00,no
2026-10-05T04:14:00.257165Z,KXDOGE15M-26OCT050015-15,0.0180,5.00,yes
2026-10-05T04:14:00.542895Z,KXDOGE15M-26OCT050015-15,0.0180,45.00,yes
2026-10-05T04:14:00.542895Z,KXDOGE15M-26OCT050015-15,0.0170,5.00,yes
2026-10-05T04:14:00.542895Z,KXDOGE15M-26OCT050015-15,0.0190,16.22,yes
2026-10-05T04:14:00.542895Z,KXDOGE15M-26OCT050015-15,0.0160,5.00,yes
2026-10-05T04:14:00.542895Z,KXDOGE15M-26OCT050015-15,0.0150,5.00,yes
2026-10-05T04:14:00.685683Z,KXDOGE15M-26OCT050015-15,0.0180,0.01,yes
2026-10-05T04:14:00.685683Z,KXDOGE15M-26OCT050015-15,0.0190,70.59,yes
2026-10-05T04:14:00.685683Z,KXDOGE15M-26OCT050015-15,0.0170,11.00,yes
2026-10-05T04:14:01.17047Z,KXDOGE15M-26OCT050015-15,0.0140,0.53,no
2026-10-05T04:14:01.391488Z,KXDOGE15M-26OCT050015-15,0.0270,3.00,yes
2026-10-05T04:14:01.391488Z,KXDOGE15M-26OCT050015-15,0.0370,2.00,yes
2026-10-05T04:14:01.391488Z,KXDOGE15M-26OCT050015-15,0.0380,7.00,yes
2026-10-05T04:14:01.391488Z,KXDOGE15M-26OCT050015-15,0.0250,5.00,yes
2026-10-05T04:14:01.391488Z,KXDOGE15M-26OCT050015-15,0.0350,4.00,yes
2026-10-05T04:14:01.391488Z,KXDOGE15M-26OCT050015-15,0.0240,5.00,yes
2026-10-05T04:14:01.391488Z,KXDOGE15M-26OCT050015-15,0.0350,2.00,yes
2026-10-05T04:14:01.391488Z,KXDOGE15M-26OCT050015-15,0.0220,5.00,yes
2026-10-05T04:14:01.391488Z,KXDOGE15M-26OCT050015-15,0.0210,5.00,yes
2026-10-05T04:14:01.391488Z,KXDOGE15M-26OCT050015-15,0.0220,4.00,yes
2026-10-05T04:14:01.391488Z,KXDOGE15M-26OCT050015-15,0.0220,1.00,yes
2026-10-05T04:14:01.391488Z,KXDOGE15M-26OCT050015-15,0.0340,24.00,yes
2026-10-05T04:14:01.391488Z,KXDOGE15M-26OCT050015-15,0.0220,1.00,yes
2026-10-05T04:14:01.391488Z,KXDOGE15M-26OCT050015-15,0.0190,5.00,yes
2026-10-05T04:14:01.391488Z,KXDOGE15M-26OCT050015-15,0.0310,5.00,yes
2026-10-05T04:14:01.391488Z,KXDOGE15M-26OCT050015-15,0.0280,32.00,yes
2026-10-05T04:14:01.391488Z,KXDOGE15M-26OCT050015-15,0.0310,41.00,yes
2026-10-05T04:14:01.391488Z,KXDOGE15M-26OCT050015-15,0.0190,33.19,yes
2026-10-05T04:14:01.391488Z,KXDOGE15M-26OCT050015-15,0.0200,5.00,yes
2026-10-05T04:14:01.391488Z,KXDOGE15M-26OCT050015-15,0.0290,26.00,yes
2026-10-05T04:14:01.391488Z,KXDOGE15M-26OCT050015-15,0.0310,10.00,yes
2026-10-05T04:14:01.391488Z,KXDOGE15M-26OCT050015-15,0.0260,3.00,yes
2026-10-05T04:14:01.391488Z,KXDOGE15M-26OCT050015-15,0.0320,14.00,yes
2026-10-05T04:14:01.391488Z,KXDOGE15M-26OCT050015-15,0.0390,2.00,yes
2026-10-05T04:14:01.391488Z,KXDOGE15M-26OCT050015-15,0.0370,5.00,yes
2026-10-05T04:14:01.391488Z,KXDOGE15M-26OCT050015-15,0.0400,159.05,yes
2026-10-05T04:14:01.418646Z,KXDOGE15M-26OCT050015-15,0.0170,10.00,no
2026-10-05T04:14:01.748475Z,KXDOGE15M-26OCT050015-15,0.0190,33.56,no
2026-10-05T04:14:02.291924Z,KXDOGE15M-26OCT050015-15,0.0310,1.00,yes
2026-10-05T04:14:02.668106Z,KXDOGE15M-26OCT050015-15,0.0300,8.00,yes
2026-10-05T04:14:02.795027Z,KXDOGE15M-26OCT050015-15,0.0300,1.00,yes
2026-10-05T04:14:02.795027Z,KXDOGE15M-26OCT050015-15,0.0310,2.00,yes
2026-10-05T04:14:02.795027Z,KXDOGE15M-26OCT050015-15,0.0310,2.00,yes
2026-10-05T04:14:02.795125Z,KXDOGE15M-26OCT050015-15,0.0310,1.00,yes
2026-10-05T04:14:02.807158Z,KXDOGE15M-26OCT050015-15,0.0530,10.00,yes
2026-10-05T04:14:03.154042Z,KXDOGE15M-26OCT050015-15,0.0580,1.00,yes
2026-10-05T04:14:03.154042Z,KXDOGE15M-26OCT050015-15,0.0570,3.00,yes
2026-10-05T04:14:03.354012Z,KXDOGE15M-26OCT050015-15,0.0690,5.00,yes
2026-10-05T04:14:03.354012Z,KXDOGE15M-26OCT050015-15,0.0680,3.00,yes
2026-10-05T04:14:03.354012Z,KXDOGE15M-26OCT050015-15,0.0670,3.00,yes
2026-10-05T04:14:03.354012Z,KXDOGE15M-26OCT050015-15,0.0670,4.00,yes
2026-10-05T04:14:03.3618Z,KXDOGE15M-26OCT050015-15,0.0600,9.00,yes
2026-10-05T04:14:03.496561Z,KXDOGE15M-26OCT050015-15,0.0600,11.00,yes
2026-10-05T04:14:04.379521Z,KXDOGE15M-26OCT050015-15,0.0400,7.00,no
2026-10-05T04:14:04.76094Z,KXDOGE15M-26OCT050015-15,0.0590,3.18,yes
2026-10-05T04:14:04.77159Z,KXDOGE15M-26OCT050015-15,0.0600,4.42,yes
2026-10-05T04:14:04.77159Z,KXDOGE15M-26OCT050015-15,0.0590,9.39,yes
2026-10-05T04:14:04.77159Z,KXDOGE15M-26OCT050015-15,0.0590,1.82,yes
2026-10-05T04:14:05.816924Z,KXDOGE15M-26OCT050015-15,0.0270,1.60,no
2026-10-05T04:14:06.821512Z,KXDOGE15M-26OCT050015-15,0.0290,1.60,no
2026-10-05T04:14:07.82151Z,KXDOGE15M-26OCT050015-15,0.0300,1.89,no
2026-10-05T04:14:07.824027Z,KXDOGE15M-26OCT050015-15,0.0300,1.60,no
2026-10-05T04:14:07.867753Z,KXDOGE15M-26OCT050015-15,0.0300,16.00,no
2026-10-05T04:14:08.16457Z,KXDOGE15M-26OCT050015-15,0.0300,4.00,no
2026-10-05T04:14:08.164615Z,KXDOGE15M-26OCT050015-15,0.0250,25.00,no
2026-10-05T04:14:08.164615Z,KXDOGE15M-26OCT050015-15,0.0240,1.00,no
2026-10-05T04:14:08.164615Z,KXDOGE15M-26OCT050015-15,0.0240,29.49,no
2026-10-05T04:14:08.164615Z,KXDOGE15M-26OCT050015-15,0.0300,26.51,no
2026-10-05T04:14:08.27716Z,KXDOGE15M-26OCT050015-15,0.0240,18.00,no
2026-10-05T04:14:08.494657Z,KXDOGE15M-26OCT050015-15,0.0240,2.51,no
2026-10-05T04:14:08.648527Z,KXDOGE15M-26OCT050015-15,0.0150,5.00,no
2026-10-05T04:14:09.087692Z,KXDOGE15M-26OCT050015-15,0.0140,14.99,no
2026-10-05T04:14:09.087692Z,KXDOGE15M-26OCT050015-15,0.0150,8.00,no
2026-10-05T04:14:09.361685Z,KXDOGE15M-26OCT050015-15,0.0140,5.00,no
2026-10-05T04:14:09.361685Z,KXDOGE15M-26OCT050015-15,0.0140,20.00,no
2026-10-05T04:14:09.487341Z,KXDOGE15M-26OCT050015-15,0.0130,20.00,no
2026-10-05T04:14:09.65655Z,KXDOGE15M-26OCT050015-15,0.0130,15.00,no
2026-10-05T04:14:09.800906Z,KXDOGE15M-26OCT050015-15,0.0130,23.78,no
2026-10-05T04:14:09.800906Z,KXDOGE15M-26OCT050015-15,0.0130,16.22,no
2026-10-05T04:14:09.800906Z,KXDOGE15M-26OCT050015-15,0.0130,5.00,no
2026-10-05T04:14:09.800906Z,KXDOGE15M-26OCT050015-15,0.0130,5.00,no
2026-10-05T04:14:09.821165Z,KXDOGE15M-26OCT050015-15,0.0130,13.19,no
2026-10-05T04:14:09.821165Z,KXDOGE15M-26OCT050015-15,0.0130,46.81,no
2026-10-05T04:14:10.026469Z,KXDOGE15M-26OCT050015-15,0.0140,3.00,yes
2026-10-05T04:14:10.026469Z,KXDOGE15M-26OCT050015-15,0.0140,5.00,yes
2026-10-05T04:14:10.081779Z,KXDOGE15M-26OCT050015-15,0.0140,3.00,no
2026-10-05T04:14:10.835787Z,KXDOGE15M-26OCT050015-15,0.0140,3.00,yes
2026-10-05T04:14:10.835787Z,KXDOGE15M-26OCT050015-15,0.0140,1.00,yes
2026-10-05T04:14:10.835787Z,KXDOGE15M-26OCT050015-15,0.0140,16.38,yes
2026-10-05T04:14:11.055726Z,KXDOGE15M-26OCT050015-15,0.0130,20.00,no
2026-10-05T04:14:11.212137Z,KXDOGE15M-26OCT050015-15,0.0110,10.00,no
2026-10-05T04:14:11.383962Z,KXDOGE15M-26OCT050015-15,0.0110,5.00,no
2026-10-05T04:14:11.742626Z,KXDOGE15M-26OCT050015-15,0.0150,23.27,yes
2026-10-05T04:14:11.742626Z,KXDOGE15M-26OCT050015-15,0.0150,3.00,yes
2026-10-05T04:14:11.830031Z,KXDOGE15M-26OCT050015-15,0.0150,66.28,yes
2026-10-05T04:14:12.094398Z,KXDOGE15M-26OCT050015-15,0.0110,9.59,no
2026-10-05T04:14:12.245884Z,KXDOGE15M-26OCT050015-15,0.0110,5.00,no
2026-10-05T04:14:12.246757Z,KXDOGE15M-26OCT050015-15,0.0110,3.00,no
2026-10-05T04:14:12.251514Z,KXDOGE15M-26OCT050015-15,0.0110,1.00,no
2026-10-05T04:14:12.251514Z,KXDOGE15M-26OCT050015-15,0.0110,60.59,no
2026-10-05T04:14:12.251514Z,KXDOGE15M-26OCT050015-15,0.0110,20.00,no
2026-10-05T04:14:12.251514Z,KXDOGE15M-26OCT050015-15,0.0110,18.41,no
2026-10-05T04:14:12.33977Z,KXDOGE15M-26OCT050015-15,0.0110,8.00,no
2026-10-05T04:14:12.452821Z,KXDOGE15M-26OCT050015-15,0.0110,8.00,no
2026-10-05T04:14:12.706433Z,KXDOGE15M-26OCT050015-15,0.0160,3.00,yes
2026-10-05T04:14:12.706433Z,KXDOGE15M-26OCT050015-15,0.0180,45.00,yes
2026-10-05T04:14:12.706433Z,KXDOGE15M-26OCT050015-15,0.0190,20.00,yes
2026-10-05T04:14:12.706433Z,KXDOGE15M-26OCT050015-15,0.0150,20.45,yes
2026-10-05T04:14:12.706433Z,KXDOGE15M-26OCT050015-15,0.0160,10.00,yes
2026-10-05T04:14:12.706433Z,KXDOGE15M-26OCT050015-15,0.0190,16.22,yes
2026-10-05T04:14:12.706433Z,KXDOGE15M-26OCT050015-15,0.0190,23.78,yes
2026-10-05T04:14:12.706433Z,KXDOGE15M-26OCT050015-15,0.0190,5.00,yes
2026-10-05T04:14:12.706433Z,KXDOGE15M-26OCT050015-15,0.0190,22.52,yes
2026-10-05T04:14:12.706433Z,KXDOGE15M-26OCT050015-15,0.0190,15.00,yes
2026-10-05T04:14:12.706433Z,KXDOGE15M-26OCT050015-15,0.0180,18.41,yes
2026-10-05T04:14:12.706433Z,KXDOGE15M-26OCT050015-15,0.0140,30.00,yes
2026-10-05T04:14:12.706433Z,KXDOGE15M-26OCT050015-15,0.0180,9.59,yes
2026-10-05T04:14:12.706433Z,KXDOGE15M-26OCT050015-15,0.0180,8.00,yes
2026-10-05T04:14:12.706433Z,KXDOGE15M-26OCT050015-15,0.0180,10.00,yes
2026-10-05T04:14:12.706433Z,KXDOGE15M-26OCT050015-15,0.0180,5.00,yes
2026-10-05T04:14:12.876041Z,KXDOGE15M-26OCT050015-15,0.0130,5.00,no
2026-10-05T04:14:12.937886Z,KXDOGE15M-26OCT050015-15,0.0130,23.78,no
2026-10-05T04:14:12.937886Z,KXDOGE15M-26OCT050015-15,0.0130,22.52,no
2026-10-05T04:14:12.937886Z,KXDOGE15M-26OCT050015-15,0.0130,15.00,no
2026-10-05T04:14:12.937886Z,KXDOGE15M-26OCT050015-15,0.0130,5.00,no
2026-10-05T04:14:12.937886Z,KXDOGE15M-26OCT050015-15,0.0130,16.22,no
2026-10-05T04:14:12.937886Z,KXDOGE15M-26OCT050015-15,0.0130,15.00,no
2026-10-05T04:14:13.319477Z,KXDOGE15M-26OCT050015-15,0.0190,0.03,yes
2026-10-05T04:14:13.319477Z,KXDOGE15M-26OCT050015-15,0.0170,3.00,yes
2026-10-05T04:14:13.319477Z,KXDOGE15M-26OCT050015-15,0.0160,10.00,yes
2026-10-05T04:14:13.319477Z,KXDOGE15M-26OCT050015-15,0.0180,7.00,yes
2026-10-05T04:14:13.319477Z,KXDOGE15M-26OCT050015-15,0.0160,3.00,yes
2026-10-05T04:14:13.336134Z,KXDOGE15M-26OCT050015-15,0.0120,5.00,no
2026-10-05T04:14:13.357514Z,KXDOGE15M-26OCT050015-15,0.0160,10.00,yes
2026-10-05T04:14:13.357514Z,KXDOGE15M-26OCT050015-15,0.0170,1.00,yes
2026-10-05T04:14:13.357514Z,KXDOGE15M-26OCT050015-15,0.0170,51.00,yes
2026-10-05T04:14:13.357514Z,KXDOGE15M-26OCT050015-15,0.0190,13.19,yes
2026-10-05T04:14:13.357514Z,KXDOGE15M-26OCT050015-15,0.0190,24.26,yes
2026-10-05T04:14:13.357514Z,KXDOGE15M-26OCT050015-15,0.0190,4.11,yes
2026-10-05T04:14:13.357514Z,KXDOGE15M-26OCT050015-15,0.0190,10.00,yes
2026-10-05T04:14:13.357514Z,KXDOGE15M-26OCT050015-15,0.0190,5.00,yes
2026-10-05T04:14:13.357514Z,KXDOGE15M-26OCT050015-15,0.0190,20.00,yes
2026-10-05T04:14:13.405011Z,KXDOGE15M-26OCT050015-15,0.0130,3.77,no
2026-10-05T04:14:13.405011Z,KXDOGE15M-26OCT050015-15,0.0130,0.03,no
2026-10-05T04:14:13.505403Z,KXDOGE15M-26OCT050015-15,0.0140,5.00,no
2026-10-05T04:14:14.107381Z,KXDOGE15M-26OCT050015-15,0.0130,20.49,no
2026-10-05T04:14:14.107381Z,KXDOGE15M-26OCT050015-15,0.0130,13.19,no
2026-10-05T04:14:14.107381Z,KXDOGE15M-26OCT050015-15,0.0130,13.04,no
2026-10-05T04:14:14.276316Z,KXDOGE15M-26OCT050015-15,0.0130,6.96,no
2026-10-05T04:14:14.276316Z,KXDOGE15M-26OCT050015-15,0.0130,0.04,no
2026-10-05T04:14:14.283621Z,KXDOGE15M-26OCT050015-15,0.0130,0.04,no
2026-10-05T04:14:14.283621Z,KXDOGE15M-26OCT050015-15,0.0130,4.96,no
2026-10-05T04:14:14.285458Z,KXDOGE15M-26OCT050015-15,0.0130,3.00,no
2026-10-05T04:14:14.292487Z,KXDOGE15M-26OCT050015-15,0.0140,31.00,yes
2026-10-05T04:14:14.757858Z,KXDOGE15M-26OCT050015-15,0.0130,1.07,no
2026-10-05T04:14:14.757858Z,KXDOGE15M-26OCT050015-15,0.0120,3.93,no
2026-10-05T04:14:14.851847Z,KXDOGE15M-26OCT050015-15,0.0060,10.00,no
2026-10-05T04:14:14.851847Z,KXDOGE15M-26OCT050015-15,0.0060,3.00,no
2026-10-05T04:14:14.851847Z,KXDOGE15M-26OCT050015-15,0.0070,3.00,no
2026-10-05T04:14:14.851847Z,KXDOGE15M-26OCT050015-15,0.0120,3.93,no
2026-10-05T04:14:14.851847Z,KXDOGE15M-26OCT050015-15,0.0120,16.00,no
2026-10-05T04:14:14.851847Z,KXDOGE15M-26OCT050015-15,0.0120,16.07,no
2026-10-05T04:14:14.851847Z,KXDOGE15M-26OCT050015-15,0.0100,49.12,no
2026-10-05T04:14:14.851847Z,KXDOGE15M-26OCT050015-15,0.0100,3.62,no
2026-10-05T04:14:14.851847Z,KXDOGE15M-26OCT050015-15,0.0100,5.63,no
2026-10-05T04:14:14.851847Z,KXDOGE15M-26OCT050015-15,0.0100,14.12,no
2026-10-05T04:14:14.851847Z,KXDOGE15M-26OCT050015-15,0.0100,5.00,no
2026-10-05T04:14:14.851847Z,KXDOGE15M-26OCT050015-15,0.0080,5.00,no
2026-10-05T04:14:14.851847Z,KXDOGE15M-26OCT050015-15,0.0090,5.00,no
2026-10-05T04:14:14.851847Z,KXDOGE15M-26OCT050015-15,0.0070,5.00,no
2026-10-05T04:14:14.851847Z,KXDOGE15M-26OCT050015-15,0.0050,5.00,no
2026-10-05T04:14:14.851847Z,KXDOGE15M-26OCT050015-15,0.0060,5.00,no
2026-10-05T04:14:14.851847Z,KXDOGE15M-26OCT050015-15,0.0040,5.00,no
2026-10-05T04:14:14.851847Z,KXDOGE15M-26OCT050015-15,0.0030,5.00,no
2026-10-05T04:14:14.851847Z,KXDOGE15M-26OCT050015-15,0.0040,1.00,no
2026-10-05T04:14:14.851847Z,KXDOGE15M-26OCT050015-15,0.0030,2.00,no
2026-10-05T04:14:14.851847Z,KXDOGE15M-26OCT050015-15,0.0030,2.00,no
2026-10-05T04:14:14.851847Z,KXDOGE15M-26OCT050015-15,0.0030,2.00,no
2026-10-05T04:14:14.851847Z,KXDOGE15M-26OCT050015-15,0.0040,1.00,no
2026-10-05T04:14:14.851847Z,KXDOGE15M-26OCT050015-15,0.0040,1.00,no
2026-10-05T04:14:14.851847Z,KXDOGE15M-26OCT050015-15,0.0040,1.00,no
2026-10-05T04:14:14.851847Z,KXDOGE15M-26OCT050015-15,0.0030,2.00,no
2026-10-05T04:14:14.851847Z,KXDOGE15M-26OCT050015-15,0.0030,18.00,no
2026-10-05T04:14:14.851847Z,KXDOGE15M-26OCT050015-15,0.0050,120.00,no
2026-10-05T04:14:14.851847Z,KXDOGE15M-26OCT050015-15,0.0050,1.00,no
2026-10-05T04:14:14.851847Z,KXDOGE15M-26OCT050015-15,0.0030,2.00,no
2026-10-05T04:14:14.851847Z,KXDOGE15M-26OCT050015-15,0.0040,1.00,no
2026-10-05T04:14:14.851847Z,KXDOGE15M-26OCT050015-15,0.0040,13.00,no
2026-10-05T04:14:14.851847Z,KXDOGE15M-26OCT050015-15,0.0050,11.00,no
2026-10-05T04:14:14.851847Z,KXDOGE15M-26OCT050015-15,0.0110,1.00,no
2026-10-05T04:14:14.851847Z,KXDOGE15M-26OCT050015-15,0.0110,2.00,no
2026-10-05T04:14:14.851847Z,KXDOGE15M-26OCT050015-15,0.0110,2.00,no
2026-10-05T04:14:14.851847Z,KXDOGE15M-26OCT050015-15,0.0110,10.00,no
2026-10-05T04:14:14.851847Z,KXDOGE15M-26OCT050015-15,0.0110,23.41,no
2026-10-05T04:14:14.851847Z,KXDOGE15M-26OCT050015-15,0.0110,1.00,no
2026-10-05T04:14:14.851847Z,KXDOGE15M-26OCT050015-15,0.0020,21.46,no
2026-10-05T04:14:14.851847Z,KXDOGE15M-26OCT050015-15,0.0100,100.00,no
2026-10-05T04:14:14.908864Z,KXDOGE15M-26OCT050015-15,0.0030,83.00,no
2026-10-05T04:14:14.908864Z,KXDOGE15M-26OCT050015-15,0.0030,40.00,no
2026-10-05T04:14:14.908864Z,KXDOGE15M-26OCT050015-15,0.0020,378.54,no
2026-10-05T04:14:14.908864Z,KXDOGE15M-26OCT050015-15,0.0020,82.46,no
2026-10-05T04:14:15.442374Z,KXDOGE15M-26OCT050015-15,0.0080,5.00,yes
2026-10-05T04:14:15.442374Z,KXDOGE15M-26OCT050015-15,0.0070,5.00,yes
2026-10-05T04:14:15.442374Z,KXDOGE15M-26OCT050015-15,0.0080,1.00,yes
2026-10-05T04:14:15.442374Z,KXDOGE15M-26OCT050015-15,0.0070,5.00,yes
2026-10-05T04:14:15.442374Z,KXDOGE15M-26OCT050015-15,0.0070,5.00,yes
2026-10-05T04:14:15.442374Z,KXDOGE15M-26OCT050015-15,0.0070,5.00,yes
2026-10-05T04:14:15.449532Z,KXDOGE15M-26OCT050015-15,0.0080,4.00,yes
2026-10-05T04:14:15.664462Z,KXDOGE15M-26OCT050015-15,0.0080,25.00,yes
2026-10-05T04:14:15.670819Z,KXDOGE15M-26OCT050015-15,0.0080,3.00,yes
2026-10-05T04:14:16.063864Z,KXDOGE15M-26OCT050015-15,0.0080,3.64,yes
2026-10-05T04:14:17.198604Z,KXDOGE15M-26OCT050015-15,0.0050,100.00,no
2026-10-05T04:14:18.085218Z,KXDOGE15M-26OCT050015-15,0.0050,5.69,yes
2026-10-05T04:14:18.300692Z,KXDOGE15M-26OCT050015-15,0.0040,29.00,no
2026-10-05T04:14:18.300692Z,KXDOGE15M-26OCT050015-15,0.0040,8.00,no
2026-10-05T04:14:18.300692Z,KXDOGE15M-26OCT050015-15,0.0050,3.00,no
2026-10-05T04:14:18.59289Z,KXDOGE15M-26OCT050015-15,0.0040,3.00,no
2026-10-05T04:14:18.59289Z,KXDOGE15M-26OCT050015-15,0.0030,23.00,no
2026-10-05T04:14:18.59289Z,KXDOGE15M-26OCT050015-15,0.0030,4.00,no
2026-10-05T04:14:18.59289Z,KXDOGE15M-26OCT050015-15,0.0030,10.00,no
2026-10-05T04:14:18.721609Z,KXDOGE15M-26OCT050015-15,0.0060,1.00,yes
2026-10-05T04:14:18.721609Z,KXDOGE15M-26OCT050015-15,0.0050,56.00,yes
2026-10-05T04:14:18.721609Z,KXDOGE15M-26OCT050015-15,0.0050,5.00,yes
2026-10-05T04:14:18.721609Z,KXDOGE15M-26OCT050015-15,0.0050,3.00,yes
2026-10-05T04:14:18.721609Z,KXDOGE15M-26OCT050015-15,0.0060,83.00,yes
2026-10-05T04:14:18.721609Z,KXDOGE15M-26OCT050015-15,0.0050,52.00,yes
2026-10-05T04:14:20.195418Z,KXDOGE15M-26OCT050015-15,0.0040,51.00,yes
2026-10-05T04:14:20.195418Z,KXDOGE15M-26OCT050015-15,0.0050,95.70,yes
2026-10-05T04:14:20.195418Z,KXDOGE15M-26OCT050015-15,0.0050,1.00,yes
2026-10-05T04:14:20.195418Z,KXDOGE15M-26OCT050015-15,0.0040,2.00,yes
2026-10-05T04:14:20.195418Z,KXDOGE15M-26OCT050015-15,0.0050,144.01,yes
2026-10-05T04:14:20.925653Z,KXDOGE15M-26OCT050015-15,0.0030,3.00,no
2026-10-05T04:14:20.925653Z,KXDOGE15M-26OCT050015-15,0.0030,29.00,no
2026-10-05T04:14:20.931626Z,KXDOGE15M-26OCT050015-15,0.0030,9.00,no
2026-10-05T04:14:21.022394Z,KXDOGE15M-26OCT050015-15,0.0040,10.00,yes
2026-10-05T04:14:21.022394Z,KXDOGE15M-26OCT050015-15,0.0030,26.00,yes
2026-10-05T04:14:21.022394Z,KXDOGE15M-26OCT050015-15,0.0050,7.74,yes
2026-10-05T04:14:21.022394Z,KXDOGE15M-26OCT050015-15,0.0050,3.00,yes
2026-10-05T04:14:21.101539Z,KXDOGE15M-26OCT050015-15,0.0020,1.00,no
2026-10-05T04:14:21.101539Z,KXDOGE15M-26OCT050015-15,0.0020,9.00,no
2026-10-05T04:14:21.101539Z,KXDOGE15M-26OCT050015-15,0.0020,6.00,no
2026-10-05T04:14:21.101539Z,KXDOGE15M-26OCT050015-15,0.0020,83.00,no
2026-10-05T04:14:21.101539Z,KXDOGE15M-26OCT050015-15,0.0020,5.00,no
2026-10-05T04:14:21.101539Z,KXDOGE15M-26OCT050015-15,0.0020,3.00,no
2026-10-05T04:14:21.101539Z,KXDOGE15M-26OCT050015-15,0.0020,3.00,no
2026-10-05T04:14:21.101539Z,KXDOGE15M-26OCT050015-15,0.0020,3.00,no
2026-10-05T04:14:21.101539Z,KXDOGE15M-26OCT050015-15,0.0020,3.00,no
2026-10-05T04:14:21.101539Z,KXDOGE15M-26OCT050015-15,0.0020,3.00,no
2026-10-05T04:14:21.101539Z,KXDOGE15M-26OCT050015-15,0.0020,26.00,no
2026-10-05T04:14:21.101539Z,KXDOGE15M-26OCT050015-15,0.0020,17.54,no
2026-10-05T04:14:21.151715Z,KXDOGE15M-26OCT050015-15,0.0010,19.38,no
2026-10-05T04:14:21.41827Z,KXDOGE15M-26OCT050015-15,0.0010,4.29,no
2026-10-05T04:14:21.449359Z,KXDOGE15M-26OCT050015-15,0.0010,35.00,no
2026-10-05T04:14:21.81149Z,KXDOGE15M-26OCT050015-15,0.0010,41.53,no
2026-10-05T04:14:22.079802Z,KXDOGE15M-26OCT050015-15,0.0020,16.97,yes
2026-10-05T04:14:22.176239Z,KXDOGE15M-26OCT050015-15,0.0010,1.00,no
2026-10-05T04:14:22.227642Z,KXDOGE15M-26OCT050015-15,0.0020,406.49,yes
2026-10-05T04:14:22.227642Z,KXDOGE15M-26OCT050015-15,0.0020,120.25,yes
2026-10-05T04:14:22.302724Z,KXDOGE15M-26OCT050015-15,0.0010,20.00,no
2026-10-05T04:14:22.662822Z,KXDOGE15M-26OCT050015-15,0.0020,4.22,yes
2026-10-05T04:14:22.662822Z,KXDOGE15M-26OCT050015-15,0.0020,132.75,yes
2026-10-05T04:14:22.756839Z,KXDOGE15M-26OCT050015-15,0.0010,378.80,no
2026-10-05T04:14:22.756839Z,KXDOGE15M-26OCT050015-15,0.0010,21.20,no
2026-10-05T04:14:24.368465Z,KXDOGE15M-26OCT050015-15,0.0010,22.69,no
2026-10-05T04:14:24.44225Z,KXDOGE15M-26OCT050015-15,0.0020,41.53,yes
2026-10-05T04:14:24.44225Z,KXDOGE15M-26OCT050015-15,0.0040,82.00,yes
2026-10-05T04:14:24.44225Z,KXDOGE15M-26OCT050015-15,0.0020,4.29,yes
2026-10-05T04:14:24.44225Z,KXDOGE15M-26OCT050015-15,0.0020,35.00,yes
2026-10-05T04:14:24.44225Z,KXDOGE15M-26OCT050015-15,0.0030,5.00,yes
2026-10-05T04:14:24.44225Z,KXDOGE15M-26OCT050015-15,0.0020,15.16,yes
2026-10-05T04:14:24.44225Z,KXDOGE15M-26OCT050015-15,0.0020,1.00,yes
2026-10-05T04:14:24.44225Z,KXDOGE15M-26OCT050015-15,0.0020,378.80,yes
2026-10-05T04:14:24.44225Z,KXDOGE15M-26OCT050015-15,0.0020,20.00,yes
2026-10-05T04:14:24.44225Z,KXDOGE15M-26OCT050015-15,0.0040,133.30,yes
2026-10-05T04:14:26.525718Z,KXDOGE15M-26OCT050015-15,0.0010,53.00,no
2026-10-05T04:14:27.039977Z,KXDOGE15M-26OCT050015-15,0.0020,11.27,yes
2026-10-05T04:14:29.105234Z,KXDOGE15M-26OCT050015-15,0.0020,0.01,yes
2026-10-05T04:14:29.105234Z,KXDOGE15M-26OCT050015-15,0.0020,144.00,yes
2026-10-05T04:14:29.105234Z,KXDOGE15M-26OCT050015-15,0.0020,15.73,yes
2026-10-05T04:14:29.105234Z,KXDOGE15M-26OCT050015-15,0.0020,27.00,yes
2026-10-05T04:14:29.105234Z,KXDOGE15M-26OCT050015-15,0.0030,10.00,yes
2026-10-05T04:14:29.105234Z,KXDOGE15M-26OCT050015-15,0.0040,24.00,yes
2026-10-05T04:14:29.105234Z,KXDOGE15M-26OCT050015-15,0.0050,52.34,yes
2026-10-05T04:14:29.105234Z,KXDOGE15M-26OCT050015-15,0.0040,39.69,yes
2026-10-05T04:14:29.392105Z,KXDOGE15M-26OCT050015-15,0.0010,4.29,no
2026-10-05T04:14:29.392105Z,KXDOGE15M-26OCT050015-15,0.0010,41.53,no
2026-10-05T04:14:29.392105Z,KXDOGE15M-26OCT050015-15,0.0010,1.00,no
2026-10-05T04:14:29.392105Z,KXDOGE15M-26OCT050015-15,0.0010,313.69,no
2026-10-05T04:14:29.392105Z,KXDOGE15M-26OCT050015-15,0.0010,20.00,no
2026-10-05T04:14:29.392105Z,KXDOGE15M-26OCT050015-15,0.0010,35.00,no
2026-10-05T04:14:29.392105Z,KXDOGE15M-26OCT050015-15,0.0010,15.16,no
2026-10-05T04:14:29.392105Z,KXDOGE15M-26OCT050015-15,0.0010,4.22,no
2026-10-05T04:14:29.392105Z,KXDOGE15M-26OCT050015-15,0.0010,209.00,no
2026-10-05T04:14:29.392105Z,KXDOGE15M-26OCT050015-15,0.0010,83.00,no
2026-10-05T04:14:29.392105Z,KXDOGE15M-26OCT050015-15,0.0010,3.00,no
2026-10-05T04:14:29.392105Z,KXDOGE15M-26OCT050015-15,0.0010,10.00,no
2026-10-05T04:14:29.392105Z,KXDOGE15M-26OCT050015-15,0.0010,5.00,no
2026-10-05T04:14:29.392105Z,KXDOGE15M-26OCT050015-15,0.0010,1.00,no
2026-10-05T04:14:29.392105Z,KXDOGE15M-26OCT050015-15,0.0010,1.00,no
2026-10-05T04:14:29.392105Z,KXDOGE15M-26OCT050015-15,0.0010,1.00,no
2026-10-05T04:14:29.392105Z,KXDOGE15M-26OCT050015-15,0.0010,253.11,no
2026-10-05T04:14:29.550972Z,KXDOGE15M-26OCT050015-15,0.0010,25.00,no
2026-10-05T04:14:30.056538Z,KXDOGE15M-26OCT050015-15,0.0010,40.11,no
2026-10-05T04:14:30.056538Z,KXDOGE15M-26OCT050015-15,0.0010,59.89,no
2026-10-05T04:14:30.083814Z,KXDOGE15M-26OCT050015-15,0.0010,2.00,no
2026-10-05T04:14:30.42382Z,KXDOGE15M-26OCT050015-15,0.0010,8.89,no
2026-10-05T04:14:30.42382Z,KXDOGE15M-26OCT050015-15,0.0010,338.11,no
2026-10-05T04:14:30.721269Z,KXDOGE15M-26OCT050015-15,0.0020,2.25,yes
2026-10-05T04:14:31.833539Z,KXDOGE15M-26OCT050015-15,0.0010,14.00,no
2026-10-05T04:14:31.965423Z,KXDOGE15M-26OCT050015-15,0.0010,1.00,no
2026-10-05T04:14:33.2382Z,KXDOGE15M-26OCT050015-15,0.0010,1.00,no
2026-10-05T04:14:34.436125Z,KXDOGE15M-26OCT050015-15,0.0010,50.00,no
2026-10-05T04:14:35.56963Z,KXDOGE15M-26OCT050015-15,0.0010,10.00,no
2026-10-05T04:14:35.56963Z,KXDOGE15M-26OCT050015-15,0.0010,49.11,no
2026-10-05T04:14:35.56963Z,KXDOGE15M-26OCT050015-15,0.0010,1.00,no
2026-10-05T04:14:35.56963Z,KXDOGE15M-26OCT050015-15,0.0010,2.25,no
2026-10-05T04:14:35.56963Z,KXDOGE15M-26OCT050015-15,0.0010,1.89,no
2026-10-05T04:14:37.061633Z,KXDOGE15M-26OCT050015-15,0.0010,12.00,yes
2026-10-05T04:14:42.087098Z,KXDOGE15M-26OCT050015-15,0.0010,21.87,yes
2026-10-05T04:14:58.89739Z,KXDOGE15M-26OCT050015-15,0.0010,5.18,yes
2026-10-05T04:13:55.120169Z,KXEURUSD15M-26OCT050015-30,0.9900,100.00,yes
2026-10-05T04:13:55.120169Z,KXEURUSD15M-26OCT050015-30,0.9900,0.24,yes
2026-10-05T04:13:55.120169Z,KXEURUSD15M-26OCT050015-30,0.9900,1.00,yes
2026-10-05T04:13:55.120169Z,KXEURUSD15M-26OCT050015-30,0.9900,35.00,yes
2026-10-05T04:13:55.120169Z,KXEURUSD15M-26OCT050015-30,0.9900,50.76,yes
2026-10-05T04:14:08.020061Z,KXEURUSD15M-26OCT050015-30,0.9900,30.00,no
2026-10-05T04:14:08.020061Z,KXEURUSD15M-26OCT050015-30,0.9900,45.30,no
2026-10-05T04:14:08.020094Z,KXEURUSD15M-26OCT050015-30,0.9900,14.70,no
2026-10-05T04:14:08.033351Z,KXEURUSD15M-26OCT050015-30,0.9800,9.00,no
2026-10-05T04:14:22.349913Z,KXEURUSD15M-26OCT050015-30,0.9800,1.40,no
2026-10-05T04:14:22.349913Z,KXEURUSD15M-26OCT050015-30,0.9900,30.00,no
2026-10-05T04:14:22.349913Z,KXEURUSD15M-26OCT050015-30,0.9900,60.00,no
2026-10-05T04:14:44.977315Z,KXEURUSD15M-26OCT050015-30,0.9900,0.81,no
2026-10-05T04:13:40.007147Z,KXXRP15M-26OCT050015-15,0.9530,1.00,yes
2026-10-05T04:13:40.007147Z,KXXRP15M-26OCT050015-15,0.9540,1.09,yes
2026-10-05T04:13:40.244207Z,KXXRP15M-26OCT050015-15,0.9520,15.70,yes
2026-10-05T04:13:40.313876Z,KXXRP15M-26OCT050015-15,0.9460,8.00,no
2026-10-05T04:13:40.313876Z,KXXRP15M-26OCT050015-15,0.9460,34.00,no
2026-10-05T04:13:40.313876Z,KXXRP15M-26OCT050015-15,0.9450,10.00,no
2026-10-05T04:13:40.313876Z,KXXRP15M-26OCT050015-15,0.9450,14.00,no
2026-10-05T04:13:40.361941Z,KXXRP15M-26OCT050015-15,0.9460,4.00,no
2026-10-05T04:13:40.500708Z,KXXRP15M-26OCT050015-15,0.9460,12.29,no
2026-10-05T04:13:40.67149Z,KXXRP15M-26OCT050015-15,0.9460,8.00,no
2026-10-05T04:13:40.781018Z,KXXRP15M-26OCT050015-15,0.9460,2.00,no
2026-10-05T04:13:40.993629Z,KXXRP15M-26OCT050015-15,0.9460,17.00,no
2026-10-05T04:13:40.993629Z,KXXRP15M-26OCT050015-15,0.9460,7.71,no
2026-10-05T04:13:41.011041Z,KXXRP15M-26OCT050015-15,0.9440,26.00,no
2026-10-05T04:13:41.011041Z,KXXRP15M-26OCT050015-15,0.9440,8.00,no
2026-10-05T04:13:41.011041Z,KXXRP15M-26OCT050015-15,0.9460,8.00,no
2026-10-05T04:13:41.050513Z,KXXRP15M-26OCT050015-15,0.9360,34.00,no
2026-10-05T04:13:41.568209Z,KXXRP15M-26OCT050015-15,0.9550,4.00,yes
2026-10-05T04:13:41.568209Z,KXXRP15M-26OCT050015-15,0.9540,1.91,yes
2026-10-05T04:13:41.568209Z,KXXRP15M-26OCT050015-15,0.9580,12.86,yes
2026-10-05T04:13:41.568209Z,KXXRP15M-26OCT050015-15,0.9570,14.00,yes
2026-10-05T04:13:41.568209Z,KXXRP15M-26OCT050015-15,0.9530,4.00,yes
2026-10-05T04:13:41.568209Z,KXXRP15M-26OCT050015-15,0.9490,1.00,yes
2026-10-05T04:13:41.568209Z,KXXRP15M-26OCT050015-15,0.9510,2.00,yes
2026-10-05T04:13:41.568209Z,KXXRP15M-26OCT050015-15,0.9450,11.00,yes
2026-10-05T04:13:41.568209Z,KXXRP15M-26OCT050015-15,0.9460,1.00,yes
2026-10-05T04:13:41.568209Z,KXXRP15M-26OCT050015-15,0.9560,6.00,yes
2026-10-05T04:13:41.590203Z,KXXRP15M-26OCT050015-15,0.9570,1.05,yes
2026-10-05T04:13:42.063344Z,KXXRP15M-26OCT050015-15,0.9430,34.00,no
2026-10-05T04:13:42.190646Z,KXXRP15M-26OCT050015-15,0.9540,10.42,yes
2026-10-05T04:13:42.445155Z,KXXRP15M-26OCT050015-15,0.9530,53.00,yes
2026-10-05T04:13:42.445155Z,KXXRP15M-26OCT050015-15,0.9540,14.00,yes
2026-10-05T04:13:42.445155Z,KXXRP15M-26OCT050015-15,0.9550,1.00,yes
2026-10-05T04:13:42.445155Z,KXXRP15M-26OCT050015-15,0.9590,10.00,yes
2026-10-05T04:13:42.445155Z,KXXRP15M-26OCT050015-15,0.9590,6.00,yes
2026-10-05T04:13:42.445155Z,KXXRP15M-26OCT050015-15,0.9550,5.64,yes
2026-10-05T04:13:42.445155Z,KXXRP15M-26OCT050015-15,0.9590,4.00,yes
2026-10-05T04:13:42.445155Z,KXXRP15M-26OCT050015-15,0.9600,112.28,yes
2026-10-05T04:13:42.581725Z,KXXRP15M-26OCT050015-15,0.9510,22.61,no
2026-10-05T04:13:42.648751Z,KXXRP15M-26OCT050015-15,0.9510,8.93,no
2026-10-05T04:13:42.928748Z,KXXRP15M-26OCT050015-15,0.9530,34.00,no
2026-10-05T04:13:42.928748Z,KXXRP15M-26OCT050015-15,0.9520,47.61,no
2026-10-05T04:13:42.953117Z,KXXRP15M-26OCT050015-15,0.9530,8.00,no
2026-10-05T04:13:43.019542Z,KXXRP15M-26OCT050015-15,0.9530,0.58,no
2026-10-05T04:13:43.038487Z,KXXRP15M-26OCT050015-15,0.9530,3.42,no
2026-10-05T04:13:43.298511Z,KXXRP15M-26OCT050015-15,0.9540,1.00,yes
2026-10-05T04:13:43.298511Z,KXXRP15M-26OCT050015-15,0.9550,0.03,yes
2026-10-05T04:13:43.373621Z,KXXRP15M-26OCT050015-15,0.9530,20.00,no
2026-10-05T04:13:43.423938Z,KXXRP15M-26OCT050015-15,0.9530,2.00,no
2026-10-05T04:13:43.535562Z,KXXRP15M-26OCT050015-15,0.9460,34.00,no
2026-10-05T04:13:43.535562Z,KXXRP15M-26OCT050015-15,0.9440,8.47,no
2026-10-05T04:13:43.558702Z,KXXRP15M-26OCT050015-15,0.9420,8.47,no
2026-10-05T04:13:43.558702Z,KXXRP15M-26OCT050015-15,0.9440,25.53,no
2026-10-05T04:13:43.582774Z,KXXRP15M-26OCT050015-15,0.9400,34.00,no
2026-10-05T04:13:43.582774Z,KXXRP15M-26OCT050015-15,0.9420,25.53,no
2026-10-05T04:13:43.582774Z,KXXRP15M-26OCT050015-15,0.9400,7.50,no
2026-10-05T04:13:43.582774Z,KXXRP15M-26OCT050015-15,0.9410,7.00,no
2026-10-05T04:13:43.651689Z,KXXRP15M-26OCT050015-15,0.9350,6.00,no
2026-10-05T04:13:43.651689Z,KXXRP15M-26OCT050015-15,0.9420,17.00,no
2026-10-05T04:13:43.651689Z,KXXRP15M-26OCT050015-15,0.9320,0.34,no
2026-10-05T04:13:43.651689Z,KXXRP15M-26OCT050015-15,0.9410,17.00,no
2026-10-05T04:13:43.651689Z,KXXRP15M-26OCT050015-15,0.9350,7.50,no
2026-10-05T04:13:43.854433Z,KXXRP15M-26OCT050015-15,0.9410,17.00,no
2026-10-05T04:13:43.854433Z,KXXRP15M-26OCT050015-15,0.9400,7.50,no
2026-10-05T04:13:43.854433Z,KXXRP15M-26OCT050015-15,0.9420,7.00,no
2026-10-05T04:13:43.854433Z,KXXRP15M-26OCT050015-15,0.9420,17.00,no
2026-10-05T04:13:43.85585Z,KXXRP15M-26OCT050015-15,0.9330,20.00,no
2026-10-05T04:13:43.85585Z,KXXRP15M-26OCT050015-15,0.9300,7.50,no
2026-10-05T04:13:43.85585Z,KXXRP15M-26OCT050015-15,0.9300,46.50,no
2026-10-05T04:13:43.85585Z,KXXRP15M-26OCT050015-15,0.9340,17.00,no
2026-10-05T04:13:43.855981Z,KXXRP15M-26OCT050015-15,0.9300,1.00,no
2026-10-05T04:13:43.856096Z,KXXRP15M-26OCT050015-15,0.9300,8.00,no
2026-10-05T04:13:43.856141Z,KXXRP15M-26OCT050015-15,0.9300,99.00,no
2026-10-05T04:13:43.859472Z,KXXRP15M-26OCT050015-15,0.9350,7.00,no
2026-10-05T04:13:43.86479Z,KXXRP15M-26OCT050015-15,0.9140,32.00,no
2026-10-05T04:13:43.86479Z,KXXRP15M-26OCT050015-15,0.9090,192.50,no
2026-10-05T04:13:43.86479Z,KXXRP15M-26OCT050015-15,0.9100,7.50,no
2026-10-05T04:13:43.865416Z,KXXRP15M-26OCT050015-15,0.9030,36.50,no
2026-10-05T04:13:43.865416Z,KXXRP15M-26OCT050015-15,0.9090,7.50,no
2026-10-05T04:13:43.865416Z,KXXRP15M-26OCT050015-15,0.9100,6.00,no
2026-10-05T04:13:43.865538Z,KXXRP15M-26OCT050015-15,0.9000,1.50,no
2026-10-05T04:13:43.865538Z,KXXRP15M-26OCT050015-15,0.9030,13.50,no
2026-10-05T04:13:43.866213Z,KXXRP15M-26OCT050015-15,0.9000,3.50,no
2026-10-05T04:13:43.866213Z,KXXRP15M-26OCT050015-15,0.9000,72.99,no
2026-10-05T04:13:43.866901Z,KXXRP15M-26OCT050015-15,0.8800,12.00,no
2026-10-05T04:13:43.874185Z,KXXRP15M-26OCT050015-15,0.8900,14.00,yes
2026-10-05T04:13:43.885712Z,KXXRP15M-26OCT050015-15,0.8900,335.00,yes
2026-10-05T04:13:44.066363Z,KXXRP15M-26OCT050015-15,0.8900,80.73,yes
2026-10-05T04:13:44.067337Z,KXXRP15M-26OCT050015-15,0.8800,42.00,no
2026-10-05T04:13:44.067337Z,KXXRP15M-26OCT050015-15,0.8800,14.00,no
2026-10-05T04:13:44.078933Z,KXXRP15M-26OCT050015-15,0.8900,7.00,yes
2026-10-05T04:13:44.136486Z,KXXRP15M-26OCT050015-15,0.8700,2.00,no
2026-10-05T04:13:44.136486Z,KXXRP15M-26OCT050015-15,0.8700,15.00,no
2026-10-05T04:13:44.13684Z,KXXRP15M-26OCT050015-15,0.8600,12.00,no
2026-10-05T04:13:44.13684Z,KXXRP15M-26OCT050015-15,0.8600,3.00,no
2026-10-05T04:13:44.136885Z,KXXRP15M-26OCT050015-15,0.8500,2.00,no
2026-10-05T04:13:44.136885Z,KXXRP15M-26OCT050015-15,0.8600,5.00,no
2026-10-05T04:13:44.139839Z,KXXRP15M-26OCT050015-15,0.8500,68.09,no
2026-10-05T04:13:44.140531Z,KXXRP15M-26OCT050015-15,0.8500,139.91,no
2026-10-05T04:13:44.232407Z,KXXRP15M-26OCT050015-15,0.8500,24.00,yes
2026-10-05T04:13:44.232407Z,KXXRP15M-26OCT050015-15,0.8600,66.38,yes
2026-10-05T04:13:44.232407Z,KXXRP15M-26OCT050015-15,0.8500,5.00,yes
2026-10-05T04:13:44.232407Z,KXXRP15M-26OCT050015-15,0.8500,42.00,yes
2026-10-05T04:13:44.232407Z,KXXRP15M-26OCT050015-15,0.8500,11.00,yes
2026-10-05T04:13:44.372124Z,KXXRP15M-26OCT050015-15,0.8300,11.00,no
2026-10-05T04:13:44.372124Z,KXXRP15M-26OCT050015-15,0.8200,10.00,no
2026-10-05T04:13:44.372124Z,KXXRP15M-26OCT050015-15,0.8300,7.50,no
2026-10-05T04:13:44.372124Z,KXXRP15M-26OCT050015-15,0.8300,7.00,no
2026-10-05T04:13:44.372124Z,KXXRP15M-26OCT050015-15,0.8300,10.00,no
2026-10-05T04:13:44.372124Z,KXXRP15M-26OCT050015-15,0.8200,25.00,no
2026-10-05T04:13:44.372124Z,KXXRP15M-26OCT050015-15,0.8200,1.00,no
2026-10-05T04:13:44.372124Z,KXXRP15M-26OCT050015-15,0.8200,39.68,no
2026-10-05T04:13:44.372272Z,KXXRP15M-26OCT050015-15,0.8000,5.00,no
2026-10-05T04:13:44.372361Z,KXXRP15M-26OCT050015-15,0.8000,10.00,no
2026-10-05T04:13:44.37472Z,KXXRP15M-26OCT050015-15,0.8500,10.00,yes
2026-10-05T04:13:44.37472Z,KXXRP15M-26OCT050015-15,0.8400,23.00,yes
2026-10-05T04:13:44.37472Z,KXXRP15M-26OCT050015-15,0.8500,5.00,yes
2026-10-05T04:13:44.37472Z,KXXRP15M-26OCT050015-15,0.8500,8.00,yes
2026-10-05T04:13:44.514348Z,KXXRP15M-26OCT050015-15,0.8200,24.00,no
2026-10-05T04:13:44.550665Z,KXXRP15M-26OCT050015-15,0.8300,22.00,yes
2026-10-05T04:13:44.55925Z,KXXRP15M-26OCT050015-15,0.8300,22.00,yes
2026-10-05T04:13:44.62875Z,KXXRP15M-26OCT050015-15,0.8300,22.00,yes
2026-10-05T04:13:44.631008Z,KXXRP15M-26OCT050015-15,0.8400,76.80,yes
2026-10-05T04:13:44.631008Z,KXXRP15M-26OCT050015-15,0.8400,2.00,yes
2026-10-05T04:13:44.806629Z,KXXRP15M-26OCT050015-15,0.8500,7.39,yes
2026-10-05T04:13:45.182193Z,KXXRP15M-26OCT050015-15,0.8500,16.61,yes
2026-10-05T04:13:45.425528Z,KXXRP15M-26OCT050015-15,0.8500,3.31,no
2026-10-05T04:13:45.768707Z,KXXRP15M-26OCT050015-15,0.8500,133.30,no
2026-10-05T04:13:45.845834Z,KXXRP15M-26OCT050015-15,0.8600,1.07,yes
2026-10-05T04:13:46.015726Z,KXXRP15M-26OCT050015-15,0.9090,5.00,yes
2026-10-05T04:13:46.015726Z,KXXRP15M-26OCT050015-15,0.8800,2.00,yes
2026-10-05T04:13:46.015726Z,KXXRP15M-26OCT050015-15,0.8600,28.93,yes
2026-10-05T04:13:46.015726Z,KXXRP15M-26OCT050015-15,0.8600,45.00,yes
2026-10-05T04:13:46.015726Z,KXXRP15M-26OCT050015-15,0.9100,15.00,yes
2026-10-05T04:13:46.015726Z,KXXRP15M-26OCT050015-15,0.8900,11.00,yes
2026-10-05T04:13:46.015726Z,KXXRP15M-26OCT050015-15,0.8800,51.00,yes
2026-10-05T04:13:46.015726Z,KXXRP15M-26OCT050015-15,0.8800,6.00,yes
2026-10-05T04:13:46.015726Z,KXXRP15M-26OCT050015-15,0.8700,42.00,yes
2026-10-05T04:13:46.015726Z,KXXRP15M-26OCT050015-15,0.9130,27.26,yes
2026-10-05T04:13:46.015726Z,KXXRP15M-26OCT050015-15,0.9120,10.00,yes
2026-10-05T04:13:46.015726Z,KXXRP15M-26OCT050015-15,0.8800,8.00,yes
2026-10-05T04:13:46.015726Z,KXXRP15M-26OCT050015-15,0.8800,8.00,yes
2026-10-05T04:13:46.015726Z,KXXRP15M-26OCT050015-15,0.8800,8.00,yes
2026-10-05T04:13:46.015726Z,KXXRP15M-26OCT050015-15,0.8800,8.00,yes
2026-10-05T04:13:46.015726Z,KXXRP15M-26OCT050015-15,0.8900,3.89,yes
2026-10-05T04:13:46.015726Z,KXXRP15M-26OCT050015-15,0.8800,10.00,yes
2026-10-05T04:13:46.015726Z,KXXRP15M-26OCT050015-15,0.9000,8.00,yes
2026-10-05T04:13:46.015726Z,KXXRP15M-26OCT050015-15,0.8800,8.00,yes
2026-10-05T04:13:46.015726Z,KXXRP15M-26OCT050015-15,0.8800,8.00,yes
2026-10-05T04:13:46.015726Z,KXXRP15M-26OCT050015-15,0.8600,210.20,yes
2026-10-05T04:13:46.015726Z,KXXRP15M-26OCT050015-15,0.8800,8.00,yes
2026-10-05T04:13:46.015726Z,KXXRP15M-26OCT050015-15,0.8800,8.00,yes
2026-10-05T04:13:46.015726Z,KXXRP15M-26OCT050015-15,0.8700,27.00,yes
2026-10-05T04:13:46.203359Z,KXXRP15M-26OCT050015-15,0.8600,36.00,no
2026-10-05T04:13:46.203359Z,KXXRP15M-26OCT050015-15,0.8500,263.39,no
2026-10-05T04:13:46.203359Z,KXXRP15M-26OCT050015-15,0.8600,8.00,no
2026-10-05T04:13:46.297253Z,KXXRP15M-26OCT050015-15,0.8600,94.38,no
2026-10-05T04:13:46.412319Z,KXXRP15M-26OCT050015-15,0.8600,3.14,no
2026-10-05T04:13:46.486098Z,KXXRP15M-26OCT050015-15,0.8600,31.46,no
2026-10-05T04:13:46.637633Z,KXXRP15M-26OCT050015-15,0.8300,7.00,no
2026-10-05T04:13:46.637633Z,KXXRP15M-26OCT050015-15,0.8600,271.02,no
2026-10-05T04:13:46.637633Z,KXXRP15M-26OCT050015-15,0.8300,8.00,no
2026-10-05T04:13:46.637633Z,KXXRP15M-26OCT050015-15,0.8300,210.00,no
2026-10-05T04:13:46.637633Z,KXXRP15M-26OCT050015-15,0.8200,338.51,no
2026-10-05T04:13:47.291366Z,KXXRP15M-26OCT050015-15,0.8400,23.00,no
2026-10-05T04:13:47.751844Z,KXXRP15M-26OCT050015-15,0.8600,10.00,yes
2026-10-05T04:13:47.751844Z,KXXRP15M-26OCT050015-15,0.8500,10.00,yes
2026-10-05T04:13:47.751844Z,KXXRP15M-26OCT050015-15,0.8500,5.00,yes
2026-10-05T04:13:47.952886Z,KXXRP15M-26OCT050015-15,0.8600,1.13,yes
2026-10-05T04:13:48.01819Z,KXXRP15M-26OCT050015-15,0.8300,32.00,no
2026-10-05T04:13:48.01819Z,KXXRP15M-26OCT050015-15,0.8300,22.00,no
2026-10-05T04:13:48.01819Z,KXXRP15M-26OCT050015-15,0.8200,7.50,no
2026-10-05T04:13:48.041704Z,KXXRP15M-26OCT050015-15,0.8300,5.55,no
2026-10-05T04:13:48.229538Z,KXXRP15M-26OCT050015-15,0.8400,0.10,yes
2026-10-05T04:13:48.229538Z,KXXRP15M-26OCT050015-15,0.8500,5.00,yes
2026-10-05T04:13:48.229538Z,KXXRP15M-26OCT050015-15,0.8600,34.90,yes
2026-10-05T04:13:49.035913Z,KXXRP15M-26OCT050015-15,0.8300,7.00,no
2026-10-05T04:13:49.035913Z,KXXRP15M-26OCT050015-15,0.8300,17.00,no
2026-10-05T04:13:49.035913Z,KXXRP15M-26OCT050015-15,0.8300,5.45,no
2026-10-05T04:13:49.035913Z,KXXRP15M-26OCT050015-15,0.8300,39.00,no
2026-10-05T04:13:50.059616Z,KXXRP15M-26OCT050015-15,0.8600,1.00,no
2026-10-05T04:13:50.059616Z,KXXRP15M-26OCT050015-15,0.8500,12.00,no
2026-10-05T04:13:50.059616Z,KXXRP15M-26OCT050015-15,0.8600,10.00,no
2026-10-05T04:13:50.059616Z,KXXRP15M-26OCT050015-15,0.8500,400.00,no
2026-10-05T04:13:50.059616Z,KXXRP15M-26OCT050015-15,0.8600,12.00,no
2026-10-05T04:13:50.059616Z,KXXRP15M-26OCT050015-15,0.8600,8.00,no
2026-10-05T04:13:50.059616Z,KXXRP15M-26OCT050015-15,0.8600,20.00,no
2026-10-05T04:13:50.197394Z,KXXRP15M-26OCT050015-15,0.8600,12.00,no
2026-10-05T04:13:50.197394Z,KXXRP15M-26OCT050015-15,0.8300,8.00,no
2026-10-05T04:13:50.197394Z,KXXRP15M-26OCT050015-15,0.8300,10.00,no
2026-10-05T04:13:50.197394Z,KXXRP15M-26OCT050015-15,0.8500,12.00,no
2026-10-05T04:13:50.197394Z,KXXRP15M-26OCT050015-15,0.8300,20.00,no
2026-10-05T04:13:50.197394Z,KXXRP15M-26OCT050015-15,0.8300,8.00,no
2026-10-05T04:13:50.197394Z,KXXRP15M-26OCT050015-15,0.8300,7.00,no
2026-10-05T04:13:50.197394Z,KXXRP15M-26OCT050015-15,0.8200,4.82,no
2026-10-05T04:13:50.341891Z,KXXRP15M-26OCT050015-15,0.8600,6.29,no
2026-10-05T04:13:51.099882Z,KXXRP15M-26OCT050015-15,0.8600,12.00,no
2026-10-05T04:13:51.99908Z,KXXRP15M-26OCT050015-15,0.8600,12.00,no
2026-10-05T04:13:51.99908Z,KXXRP15M-26OCT050015-15,0.8500,13.26,no
2026-10-05T04:13:51.99908Z,KXXRP15M-26OCT050015-15,0.8600,20.00,no
2026-10-05T04:13:51.99908Z,KXXRP15M-26OCT050015-15,0.8600,10.00,no
2026-10-05T04:13:51.99908Z,KXXRP15M-26OCT050015-15,0.8600,8.00,no
2026-10-05T04:13:52.15552Z,KXXRP15M-26OCT050015-15,0.8800,5.00,yes
2026-10-05T04:13:52.15552Z,KXXRP15M-26OCT050015-15,0.8800,6.00,yes
2026-10-05T04:13:52.888303Z,KXXRP15M-26OCT050015-15,0.8600,2.00,no
2026-10-05T04:13:52.888303Z,KXXRP15M-26OCT050015-15,0.8600,8.00,no
2026-10-05T04:13:52.888303Z,KXXRP15M-26OCT050015-15,0.8600,12.00,no
2026-10-05T04:13:52.888303Z,KXXRP15M-26OCT050015-15,0.8600,10.00,no
2026-10-05T04:13:53.03382Z,KXXRP15M-26OCT050015-15,0.8600,8.00,no
2026-10-05T04:13:53.03382Z,KXXRP15M-26OCT050015-15,0.8600,10.00,no
2026-10-05T04:13:53.03382Z,KXXRP15M-26OCT050015-15,0.8600,18.00,no
2026-10-05T04:13:53.716013Z,KXXRP15M-26OCT050015-15,0.8600,2.00,no
2026-10-05T04:13:53.716013Z,KXXRP15M-26OCT050015-15,0.8600,12.00,no
2026-10-05T04:13:53.716013Z,KXXRP15M-26OCT050015-15,0.8600,10.00,no
2026-10-05T04:13:53.716013Z,KXXRP15M-26OCT050015-15,0.8600,8.00,no
2026-10-05T04:13:53.783953Z,KXXRP15M-26OCT050015-15,0.8700,1.00,yes
2026-10-05T04:13:53.783953Z,KXXRP15M-26OCT050015-15,0.8700,0.10,yes
2026-10-05T04:13:53.858165Z,KXXRP15M-26OCT050015-15,0.8700,13.00,no
2026-10-05T04:13:54.062554Z,KXXRP15M-26OCT050015-15,0.8500,1.00,no
2026-10-05T04:13:54.062554Z,KXXRP15M-26OCT050015-15,0.8600,12.00,no
2026-10-05T04:13:54.062554Z,KXXRP15M-26OCT050015-15,0.8700,10.00,no
2026-10-05T04:13:54.211275Z,KXXRP15M-26OCT050015-15,0.8800,2.21,yes
2026-10-05T04:13:54.49548Z,KXXRP15M-26OCT050015-15,0.8600,2.00,no
2026-10-05T04:13:54.49548Z,KXXRP15M-26OCT050015-15,0.8700,13.00,no
2026-10-05T04:13:54.625916Z,KXXRP15M-26OCT050015-15,0.8600,8.00,no
2026-10-05T04:13:54.625916Z,KXXRP15M-26OCT050015-15,0.8600,10.00,no
2026-10-05T04:13:54.625916Z,KXXRP15M-26OCT050015-15,0.8600,5.46,no
2026-10-05T04:13:54.762276Z,KXXRP15M-26OCT050015-15,0.8700,1.34,no
2026-10-05T04:13:54.762276Z,KXXRP15M-26OCT050015-15,0.8700,13.00,no
2026-10-05T04:13:54.762276Z,KXXRP15M-26OCT050015-15,0.8700,8.00,no
2026-10-05T04:13:54.762276Z,KXXRP15M-26OCT050015-15,0.8700,7.50,no
2026-10-05T04:13:55.070639Z,KXXRP15M-26OCT050015-15,0.8900,10.00,no
2026-10-05T04:13:55.070639Z,KXXRP15M-26OCT050015-15,0.8900,12.00,no
2026-10-05T04:13:55.070639Z,KXXRP15M-26OCT050015-15,0.8900,15.00,no
2026-10-05T04:13:55.070639Z,KXXRP15M-26OCT050015-15,0.8900,9.00,no
2026-10-05T04:13:55.079547Z,KXXRP15M-26OCT050015-15,0.8900,210.00,no
2026-10-05T04:13:55.079547Z,KXXRP15M-26OCT050015-15,0.8900,4.66,no
2026-10-05T04:13:55.300629Z,KXXRP15M-26OCT050015-15,0.9000,0.60,yes
2026-10-05T04:13:55.535902Z,KXXRP15M-26OCT050015-15,0.9270,80.21,yes
2026-10-05T04:13:55.535902Z,KXXRP15M-26OCT050015-15,0.9110,1.00,yes
2026-10-05T04:13:55.535902Z,KXXRP15M-26OCT050015-15,0.9000,0.40,yes
2026-10-05T04:13:55.535902Z,KXXRP15M-26OCT050015-15,0.9260,65.00,yes
2026-10-05T04:13:55.535902Z,KXXRP15M-26OCT050015-15,0.9200,1.00,yes
2026-10-05T04:13:55.535902Z,KXXRP15M-26OCT050015-15,0.9200,10.00,yes
2026-10-05T04:13:55.535902Z,KXXRP15M-26OCT050015-15,0.9100,4.00,yes
2026-10-05T04:13:55.535902Z,KXXRP15M-26OCT050015-15,0.9140,34.00,yes
2026-10-05T04:13:55.535902Z,KXXRP15M-26OCT050015-15,0.9250,1.00,yes
2026-10-05T04:13:55.535902Z,KXXRP15M-26OCT050015-15,0.9120,34.00,yes
2026-10-05T04:13:55.569902Z,KXXRP15M-26OCT050015-15,0.9000,17.00,no
2026-10-05T04:13:55.630513Z,KXXRP15M-26OCT050015-15,0.9110,0.08,yes
2026-10-05T04:13:55.715291Z,KXXRP15M-26OCT050015-15,0.9000,17.00,no
2026-10-05T04:13:55.890741Z,KXXRP15M-26OCT050015-15,0.8800,52.25,no
2026-10-05T04:13:55.890741Z,KXXRP15M-26OCT050015-15,0.8900,10.00,no
2026-10-05T04:13:55.890741Z,KXXRP15M-26OCT050015-15,0.8900,9.00,no
2026-10-05T04:13:55.890741Z,KXXRP15M-26OCT050015-15,0.9020,17.00,no
2026-10-05T04:13:55.890741Z,KXXRP15M-26OCT050015-15,0.9040,17.00,no
2026-10-05T04:13:55.890741Z,KXXRP15M-26OCT050015-15,0.9030,55.00,no
2026-10-05T04:13:56.096355Z,KXXRP15M-26OCT050015-15,0.9050,17.00,no
2026-10-05T04:13:56.096355Z,KXXRP15M-26OCT050015-15,0.9060,17.00,no
2026-10-05T04:13:56.098197Z,KXXRP15M-26OCT050015-15,0.8900,24.13,no
2026-10-05T04:13:56.10085Z,KXXRP15M-26OCT050015-15,0.8900,14.87,no
2026-10-05T04:13:56.10085Z,KXXRP15M-26OCT050015-15,0.8900,10.00,no
2026-10-05T04:13:56.10085Z,KXXRP15M-26OCT050015-15,0.8800,20.00,no
2026-10-05T04:13:56.10085Z,KXXRP15M-26OCT050015-15,0.8900,9.00,no
2026-10-05T04:13:56.109181Z,KXXRP15M-26OCT050015-15,0.9000,17.00,no
2026-10-05T04:13:56.231996Z,KXXRP15M-26OCT050015-15,0.8900,10.00,no
2026-10-05T04:13:56.231996Z,KXXRP15M-26OCT050015-15,0.8800,8.90,no
2026-10-05T04:13:56.231996Z,KXXRP15M-26OCT050015-15,0.9010,17.00,no
2026-10-05T04:13:56.231996Z,KXXRP15M-26OCT050015-15,0.8800,81.00,no
2026-10-05T04:13:56.231996Z,KXXRP15M-26OCT050015-15,0.9000,0.10,no
2026-10-05T04:13:56.231996Z,KXXRP15M-26OCT050015-15,0.8900,15.00,no
2026-10-05T04:13:56.231996Z,KXXRP15M-26OCT050015-15,0.8900,20.00,no
2026-10-05T04:13:56.303509Z,KXXRP15M-26OCT050015-15,0.8900,22.89,yes
2026-10-05T04:13:56.445295Z,KXXRP15M-26OCT050015-15,0.8900,3.30,yes
2026-10-05T04:13:56.479041Z,KXXRP15M-26OCT050015-15,0.8800,10.00,no
2026-10-05T04:13:56.479041Z,KXXRP15M-26OCT050015-15,0.8800,8.00,no
2026-10-05T04:13:56.487014Z,KXXRP15M-26OCT050015-15,0.8800,12.00,no
2026-10-05T04:13:56.507562Z,KXXRP15M-26OCT050015-15,0.8900,23.81,yes
2026-10-05T04:13:56.507562Z,KXXRP15M-26OCT050015-15,0.8900,6.67,yes
2026-10-05T04:13:57.230974Z,KXXRP15M-26OCT050015-15,0.9000,1.00,yes
2026-10-05T04:13:57.230974Z,KXXRP15M-26OCT050015-15,0.9000,1.20,yes
2026-10-05T04:13:57.512096Z,KXXRP15M-26OCT050015-15,0.8800,234.00,no
2026-10-05T04:13:57.512096Z,KXXRP15M-26OCT050015-15,0.8800,32.00,no
2026-10-05T04:13:57.512096Z,KXXRP15M-26OCT050015-15,0.8800,230.00,no
2026-10-05T04:13:57.73876Z,KXXRP15M-26OCT050015-15,0.9000,5.51,yes
2026-10-05T04:13:57.757053Z,KXXRP15M-26OCT050015-15,0.9000,44.00,yes
2026-10-05T04:13:57.98382Z,KXXRP15M-26OCT050015-15,0.9080,42.00,no
2026-10-05T04:13:58.681665Z,KXXRP15M-26OCT050015-15,0.9270,19.70,yes
2026-10-05T04:13:58.69918Z,KXXRP15M-26OCT050015-15,0.9130,1.16,no
2026-10-05T04:13:58.856114Z,KXXRP15M-26OCT050015-15,0.9130,10.11,no
2026-10-05T04:13:58.973505Z,KXXRP15M-26OCT050015-15,0.9260,12.87,yes
2026-10-05T04:13:59.024631Z,KXXRP15M-26OCT050015-15,0.9250,33.79,yes
2026-10-05T04:13:59.407462Z,KXXRP15M-26OCT050015-15,0.9150,7.00,no
2026-10-05T04:13:59.407462Z,KXXRP15M-26OCT050015-15,0.9150,1.23,no
2026-10-05T04:13:59.447188Z,KXXRP15M-26OCT050015-15,0.9270,0.09,yes
2026-10-05T04:13:59.447188Z,KXXRP15M-26OCT050015-15,0.9400,1.13,yes
2026-10-05T04:13:59.447188Z,KXXRP15M-26OCT050015-15,0.9460,6.00,yes
2026-10-05T04:13:59.447188Z,KXXRP15M-26OCT050015-15,0.9460,10.38,yes
2026-10-05T04:13:59.60152Z,KXXRP15M-26OCT050015-15,0.9260,53.35,no
2026-10-05T04:13:59.694828Z,KXXRP15M-26OCT050015-15,0.9260,53.35,no
2026-10-05T04:14:00.279169Z,KXXRP15M-26OCT050015-15,0.9410,5.00,yes
2026-10-05T04:14:00.279169Z,KXXRP15M-26OCT050015-15,0.9420,92.00,yes
2026-10-05T04:14:00.279169Z,KXXRP15M-26OCT050015-15,0.9410,60.00,yes
2026-10-05T04:14:00.290913Z,KXXRP15M-26OCT050015-15,0.9450,7.50,yes
2026-10-05T04:14:00.295268Z,KXXRP15M-26OCT050015-15,0.9500,1.00,yes
2026-10-05T04:14:00.482058Z,KXXRP15M-26OCT050015-15,0.9570,0.98,yes
2026-10-05T04:14:00.616308Z,KXXRP15M-26OCT050015-15,0.9550,20.64,yes
2026-10-05T04:14:00.616308Z,KXXRP15M-26OCT050015-15,0.9550,5.00,yes
2026-10-05T04:14:00.616308Z,KXXRP15M-26OCT050015-15,0.9560,65.86,yes
2026-10-05T04:14:00.616308Z,KXXRP15M-26OCT050015-15,0.9550,7.50,yes
2026-10-05T04:14:00.616362Z,KXXRP15M-26OCT050015-15,0.9600,14.86,yes
2026-10-05T04:14:00.616362Z,KXXRP15M-26OCT050015-15,0.9580,34.00,yes
2026-10-05T04:14:00.616362Z,KXXRP15M-26OCT050015-15,0.9590,34.00,yes
2026-10-05T04:14:00.616362Z,KXXRP15M-26OCT050015-15,0.9560,16.14,yes
2026-10-05T04:14:00.81857Z,KXXRP15M-26OCT050015-15,0.9670,30.83,yes
2026-10-05T04:14:00.81857Z,KXXRP15M-26OCT050015-15,0.9660,6.00,yes
2026-10-05T04:14:00.81857Z,KXXRP15M-26OCT050015-15,0.9660,16.00,yes
2026-10-05T04:14:00.81857Z,KXXRP15M-26OCT050015-15,0.9650,7.50,yes
2026-10-05T04:14:00.81857Z,KXXRP15M-26OCT050015-15,0.9670,1.00,yes
2026-10-05T04:14:00.81857Z,KXXRP15M-26OCT050015-15,0.9640,1.00,yes
2026-10-05T04:14:00.81857Z,KXXRP15M-26OCT050015-15,0.9620,1.00,yes
2026-10-05T04:14:00.81857Z,KXXRP15M-26OCT050015-15,0.9630,1.00,yes
2026-10-05T04:14:00.81857Z,KXXRP15M-26OCT050015-15,0.9610,1.00,yes
2026-10-05T04:14:00.81857Z,KXXRP15M-26OCT050015-15,0.9650,1.00,yes
2026-10-05T04:14:00.81857Z,KXXRP15M-26OCT050015-15,0.9660,1.00,yes
2026-10-05T04:14:00.882354Z,KXXRP15M-26OCT050015-15,0.9520,0.01,no
2026-10-05T04:14:00.882354Z,KXXRP15M-26OCT050015-15,0.9520,17.00,no
2026-10-05T04:14:00.882354Z,KXXRP15M-26OCT050015-15,0.9520,8.00,no
2026-10-05T04:14:01.197036Z,KXXRP15M-26OCT050015-15,0.9550,17.00,no
2026-10-05T04:14:01.197036Z,KXXRP15M-26OCT050015-15,0.9540,10.00,no
2026-10-05T04:14:01.30093Z,KXXRP15M-26OCT050015-15,0.9550,4.26,no
2026-10-05T04:14:01.310804Z,KXXRP15M-26OCT050015-15,0.9550,12.74,no
2026-10-05T04:14:01.310804Z,KXXRP15M-26OCT050015-15,0.9530,14.75,no
2026-10-05T04:14:01.348161Z,KXXRP15M-26OCT050015-15,0.9630,2.89,yes
2026-10-05T04:14:01.406175Z,KXXRP15M-26OCT050015-15,0.9530,5.75,no
2026-10-05T04:14:01.406175Z,KXXRP15M-26OCT050015-15,0.9530,2.25,no
2026-10-05T04:14:01.447803Z,KXXRP15M-26OCT050015-15,0.9530,9.25,no
2026-10-05T04:14:01.447803Z,KXXRP15M-26OCT050015-15,0.9500,5.75,no
2026-10-05T04:14:01.612301Z,KXXRP15M-26OCT050015-15,0.9530,0.01,no
2026-10-05T04:14:01.612301Z,KXXRP15M-26OCT050015-15,0.9510,8.00,no
2026-10-05T04:14:01.612301Z,KXXRP15M-26OCT050015-15,0.9550,7.50,no
2026-10-05T04:14:01.612301Z,KXXRP15M-26OCT050015-15,0.9510,7.49,no
2026-10-05T04:14:01.620715Z,KXXRP15M-26OCT050015-15,0.9510,0.49,no
2026-10-05T04:14:01.620715Z,KXXRP15M-26OCT050015-15,0.9510,3.51,no
2026-10-05T04:14:01.837294Z,KXXRP15M-26OCT050015-15,0.9530,2.77,no
2026-10-05T04:14:01.838742Z,KXXRP15M-26OCT050015-15,0.9670,0.95,yes
2026-10-05T04:14:01.838742Z,KXXRP15M-26OCT050015-15,0.9660,10.00,yes
2026-10-05T04:14:01.978622Z,KXXRP15M-26OCT050015-15,0.9660,116.00,yes
2026-10-05T04:14:01.982981Z,KXXRP15M-26OCT050015-15,0.9660,30.00,yes
2026-10-05T04:14:01.983556Z,KXXRP15M-26OCT050015-15,0.9660,1.00,yes
2026-10-05T04:14:01.983962Z,KXXRP15M-26OCT050015-15,0.9660,207.00,yes
2026-10-05T04:14:02.027641Z,KXXRP15M-26OCT050015-15,0.9670,7.00,yes
2026-10-05T04:14:02.027641Z,KXXRP15M-26OCT050015-15,0.9670,15.00,yes
2026-10-05T04:14:02.027641Z,KXXRP15M-26OCT050015-15,0.9680,57.00,yes
2026-10-05T04:14:02.03428Z,KXXRP15M-26OCT050015-15,0.9500,7.50,no
2026-10-05T04:14:02.03428Z,KXXRP15M-26OCT050015-15,0.9650,5.00,no
2026-10-05T04:14:02.03428Z,KXXRP15M-26OCT050015-15,0.9530,7.23,no
2026-10-05T04:14:02.03428Z,KXXRP15M-26OCT050015-15,0.9550,7.50,no
2026-10-05T04:14:02.03428Z,KXXRP15M-26OCT050015-15,0.9560,8.00,no
2026-10-05T04:14:02.03428Z,KXXRP15M-26OCT050015-15,0.9640,5.00,no
2026-10-05T04:14:02.03428Z,KXXRP15M-26OCT050015-15,0.9520,64.00,no
2026-10-05T04:14:02.03428Z,KXXRP15M-26OCT050015-15,0.9600,3.52,no
2026-10-05T04:14:02.03428Z,KXXRP15M-26OCT050015-15,0.9510,17.28,no
2026-10-05T04:14:02.03428Z,KXXRP15M-26OCT050015-15,0.9470,89.90,no
2026-10-05T04:14:02.146786Z,KXXRP15M-26OCT050015-15,0.9680,11.00,yes
2026-10-05T04:14:02.146786Z,KXXRP15M-26OCT050015-15,0.9680,6.00,yes
2026-10-05T04:14:02.146786Z,KXXRP15M-26OCT050015-15,0.9700,4.52,yes
2026-10-05T04:14:02.146786Z,KXXRP15M-26OCT050015-15,0.9700,1.00,yes
2026-10-05T04:14:02.146786Z,KXXRP15M-26OCT050015-15,0.9700,12.00,yes
2026-10-05T04:14:02.146786Z,KXXRP15M-26OCT050015-15,0.9690,10.00,yes
2026-10-05T04:14:02.146786Z,KXXRP15M-26OCT050015-15,0.9680,3.00,yes
2026-10-05T04:14:02.146786Z,KXXRP15M-26OCT050015-15,0.9680,1.00,yes
2026-10-05T04:14:02.146786Z,KXXRP15M-26OCT050015-15,0.9700,1.00,yes
2026-10-05T04:14:02.146786Z,KXXRP15M-26OCT050015-15,0.9690,1.00,yes
2026-10-05T04:14:02.200067Z,KXXRP15M-26OCT050015-15,0.9700,0.78,yes
2026-10-05T04:14:02.260803Z,KXXRP15M-26OCT050015-15,0.9690,6.34,no
2026-10-05T04:14:02.260803Z,KXXRP15M-26OCT050015-15,0.9690,5.00,no
2026-10-05T04:14:02.260803Z,KXXRP15M-26OCT050015-15,0.9690,9.00,no
2026-10-05T04:14:02.53253Z,KXXRP15M-26OCT050015-15,0.9700,27.00,yes
2026-10-05T04:14:02.551299Z,KXXRP15M-26OCT050015-15,0.9700,0.70,yes
2026-10-05T04:14:02.551299Z,KXXRP15M-26OCT050015-15,0.9700,0.30,yes
2026-10-05T04:14:02.623317Z,KXXRP15M-26OCT050015-15,0.9700,5.14,yes
2026-10-05T04:14:02.797197Z,KXXRP15M-26OCT050015-15,0.9700,4.56,yes
2026-10-05T04:14:02.798647Z,KXXRP15M-26OCT050015-15,0.9710,1.00,yes
2026-10-05T04:14:02.799663Z,KXXRP15M-26OCT050015-15,0.9720,1.00,yes
2026-10-05T04:14:02.804123Z,KXXRP15M-26OCT050015-15,0.9750,6.00,yes
2026-10-05T04:14:02.804123Z,KXXRP15M-26OCT050015-15,0.9730,1.00,yes
2026-10-05T04:14:02.804123Z,KXXRP15M-26OCT050015-15,0.9740,1.00,yes
2026-10-05T04:14:02.804123Z,KXXRP15M-26OCT050015-15,0.9750,1.00,yes
2026-10-05T04:14:02.881319Z,KXXRP15M-26OCT050015-15,0.9760,2.00,yes
2026-10-05T04:14:02.881319Z,KXXRP15M-26OCT050015-15,0.9760,1.00,yes
2026-10-05T04:14:02.890359Z,KXXRP15M-26OCT050015-15,0.9750,3.02,no
2026-10-05T04:14:03.220308Z,KXXRP15M-26OCT050015-15,0.9760,5.00,no
2026-10-05T04:14:03.220308Z,KXXRP15M-26OCT050015-15,0.9750,1.98,no
2026-10-05T04:14:03.220308Z,KXXRP15M-26OCT050015-15,0.9750,13.22,no
2026-10-05T04:14:03.220308Z,KXXRP15M-26OCT050015-15,0.9760,10.00,no
2026-10-05T04:14:03.245775Z,KXXRP15M-26OCT050015-15,0.9760,24.26,no
2026-10-05T04:14:03.352467Z,KXXRP15M-26OCT050015-15,0.9770,7.00,yes
2026-10-05T04:14:03.352467Z,KXXRP15M-26OCT050015-15,0.9770,2.00,yes
2026-10-05T04:14:03.352467Z,KXXRP15M-26OCT050015-15,0.9770,15.00,yes
2026-10-05T04:14:03.352467Z,KXXRP15M-26OCT050015-15,0.9770,1.00,yes
2026-10-05T04:14:03.433477Z,KXXRP15M-26OCT050015-15,0.9770,8.00,yes
2026-10-05T04:14:03.433477Z,KXXRP15M-26OCT050015-15,0.9780,1.00,yes
2026-10-05T04:14:03.433477Z,KXXRP15M-26OCT050015-15,0.9770,7.00,yes
2026-10-05T04:14:03.433477Z,KXXRP15M-26OCT050015-15,0.9780,1.00,yes
2026-10-05T04:14:03.433477Z,KXXRP15M-26OCT050015-15,0.9780,40.00,yes
2026-10-05T04:14:03.433477Z,KXXRP15M-26OCT050015-15,0.9790,5.00,yes
2026-10-05T04:14:03.433477Z,KXXRP15M-26OCT050015-15,0.9790,19.82,yes
2026-10-05T04:14:03.537866Z,KXXRP15M-26OCT050015-15,0.9700,0.45,no
2026-10-05T04:14:03.537866Z,KXXRP15M-26OCT050015-15,0.9720,5.00,no
2026-10-05T04:14:03.537866Z,KXXRP15M-26OCT050015-15,0.9730,5.00,no
2026-10-05T04:14:03.537866Z,KXXRP15M-26OCT050015-15,0.9710,5.00,no
2026-10-05T04:14:03.572517Z,KXXRP15M-26OCT050015-15,0.9700,5.88,no
2026-10-05T04:14:03.572517Z,KXXRP15M-26OCT050015-15,0.9650,2.63,no
2026-10-05T04:14:03.768713Z,KXXRP15M-26OCT050015-15,0.9730,19.00,no
2026-10-05T04:14:03.768713Z,KXXRP15M-26OCT050015-15,0.9720,18.00,no
2026-10-05T04:14:03.768713Z,KXXRP15M-26OCT050015-15,0.9720,10.00,no
2026-10-05T04:14:03.768713Z,KXXRP15M-26OCT050015-15,0.9730,5.00,no
2026-10-05T04:14:03.768713Z,KXXRP15M-26OCT050015-15,0.9710,65.56,no
2026-10-05T04:14:03.768713Z,KXXRP15M-26OCT050015-15,0.9740,5.00,no
2026-10-05T04:14:03.780462Z,KXXRP15M-26OCT050015-15,0.9780,10.00,yes
2026-10-05T04:14:03.780462Z,KXXRP15M-26OCT050015-15,0.9780,2.00,yes
2026-10-05T04:14:03.780462Z,KXXRP15M-26OCT050015-15,0.9790,3.31,yes
2026-10-05T04:14:03.873906Z,KXXRP15M-26OCT050015-15,0.9770,2.04,yes
2026-10-05T04:14:03.902958Z,KXXRP15M-26OCT050015-15,0.9720,0.93,no
2026-10-05T04:14:04.562773Z,KXXRP15M-26OCT050015-15,0.9750,85.83,no
2026-10-05T04:14:04.68617Z,KXXRP15M-26OCT050015-15,0.9730,10.42,no
2026-10-05T04:14:05.094045Z,KXXRP15M-26OCT050015-15,0.9770,48.00,yes
2026-10-05T04:14:05.12064Z,KXXRP15M-26OCT050015-15,0.9760,5.00,no
2026-10-05T04:14:05.12064Z,KXXRP15M-26OCT050015-15,0.9750,5.00,no
2026-10-05T04:14:05.12064Z,KXXRP15M-26OCT050015-15,0.9730,0.12,no
2026-10-05T04:14:05.12064Z,KXXRP15M-26OCT050015-15,0.9740,10.00,no
2026-10-05T04:14:05.186358Z,KXXRP15M-26OCT050015-15,0.9780,10.00,yes
2026-10-05T04:14:05.191611Z,KXXRP15M-26OCT050015-15,0.9780,9.00,yes
2026-10-05T04:14:05.191611Z,KXXRP15M-26OCT050015-15,0.9790,0.18,yes
2026-10-05T04:14:05.223849Z,KXXRP15M-26OCT050015-15,0.9510,27.94,no
2026-10-05T04:14:05.223849Z,KXXRP15M-26OCT050015-15,0.9770,5.00,no
2026-10-05T04:14:05.223849Z,KXXRP15M-26OCT050015-15,0.9760,5.00,no
2026-10-05T04:14:05.223849Z,KXXRP15M-26OCT050015-15,0.9740,10.00,no
2026-10-05T04:14:05.223849Z,KXXRP15M-26OCT050015-15,0.9600,210.00,no
2026-10-05T04:14:05.223849Z,KXXRP15M-26OCT050015-15,0.9600,57.00,no
2026-10-05T04:14:05.223849Z,KXXRP15M-26OCT050015-15,0.9600,3.00,no
2026-10-05T04:14:05.223849Z,KXXRP15M-26OCT050015-15,0.9610,10.00,no
2026-10-05T04:14:05.223849Z,KXXRP15M-26OCT050015-15,0.9610,16.00,no
2026-10-05T04:14:05.223849Z,KXXRP15M-26OCT050015-15,0.9730,152.46,no
2026-10-05T04:14:05.223849Z,KXXRP15M-26OCT050015-15,0.9620,20.00,no
2026-10-05T04:14:05.223849Z,KXXRP15M-26OCT050015-15,0.9700,0.01,no
2026-10-05T04:14:05.301661Z,KXXRP15M-26OCT050015-15,0.9680,3.00,yes
2026-10-05T04:14:05.385394Z,KXXRP15M-26OCT050015-15,0.9750,7.50,yes
2026-10-05T04:14:05.385394Z,KXXRP15M-26OCT050015-15,0.9750,6.00,yes
2026-10-05T04:14:05.385394Z,KXXRP15M-26OCT050015-15,0.9750,6.50,yes
2026-10-05T04:14:05.953279Z,KXXRP15M-26OCT050015-15,0.9740,5.00,no
2026-10-05T04:14:05.953279Z,KXXRP15M-26OCT050015-15,0.9740,5.00,no
2026-10-05T04:14:06.154476Z,KXXRP15M-26OCT050015-15,0.9740,5.00,no
2026-10-05T04:14:06.154476Z,KXXRP15M-26OCT050015-15,0.9730,5.00,no
2026-10-05T04:14:06.594687Z,KXXRP15M-26OCT050015-15,0.9730,11.00,yes
2026-10-05T04:14:06.595317Z,KXXRP15M-26OCT050015-15,0.9730,25.00,yes
2026-10-05T04:14:06.595735Z,KXXRP15M-26OCT050015-15,0.9730,11.00,yes
2026-10-05T04:14:06.756526Z,KXXRP15M-26OCT050015-15,0.9790,3.50,yes
2026-10-05T04:14:06.756526Z,KXXRP15M-26OCT050015-15,0.9790,5.00,yes
2026-10-05T04:14:06.756526Z,KXXRP15M-26OCT050015-15,0.9750,57.00,yes
2026-10-05T04:14:06.756526Z,KXXRP15M-26OCT050015-15,0.9790,1.00,yes
2026-10-05T04:14:06.756526Z,KXXRP15M-26OCT050015-15,0.9800,32.00,yes
2026-10-05T04:14:06.756526Z,KXXRP15M-26OCT050015-15,0.9790,16.69,yes
2026-10-05T04:14:06.756526Z,KXXRP15M-26OCT050015-15,0.9790,1.00,yes
2026-10-05T04:14:06.784542Z,KXXRP15M-26OCT050015-15,0.9800,2.00,yes
2026-10-05T04:14:06.821656Z,KXXRP15M-26OCT050015-15,0.9800,1.00,yes
2026-10-05T04:14:06.894087Z,KXXRP15M-26OCT050015-15,0.9800,4.00,yes
2026-10-05T04:14:06.894087Z,KXXRP15M-26OCT050015-15,0.9800,5.00,yes
2026-10-05T04:14:06.894087Z,KXXRP15M-26OCT050015-15,0.9800,1.00,yes
2026-10-05T04:14:06.983904Z,KXXRP15M-26OCT050015-15,0.9800,2.00,yes
2026-10-05T04:14:07.02018Z,KXXRP15M-26OCT050015-15,0.9800,1.00,yes
2026-10-05T04:14:07.02018Z,KXXRP15M-26OCT050015-15,0.9800,6.00,yes
2026-10-05T04:14:07.058617Z,KXXRP15M-26OCT050015-15,0.9790,32.00,no
2026-10-05T04:14:07.058617Z,KXXRP15M-26OCT050015-15,0.9790,5.00,no
2026-10-05T04:14:07.058617Z,KXXRP15M-26OCT050015-15,0.9790,5.00,no
2026-10-05T04:14:07.058617Z,KXXRP15M-26OCT050015-15,0.9790,1.00,no
2026-10-05T04:14:07.058617Z,KXXRP15M-26OCT050015-15,0.9790,2.00,no
2026-10-05T04:14:07.058617Z,KXXRP15M-26OCT050015-15,0.9800,5.00,no
2026-10-05T04:14:07.058617Z,KXXRP15M-26OCT050015-15,0.9790,0.01,no
2026-10-05T04:14:07.178165Z,KXXRP15M-26OCT050015-15,0.9770,16.81,no
2026-10-05T04:14:07.178165Z,KXXRP15M-26OCT050015-15,0.9780,5.00,no
2026-10-05T04:14:07.185466Z,KXXRP15M-26OCT050015-15,0.9790,2.00,yes
2026-10-05T04:14:07.185862Z,KXXRP15M-26OCT050015-15,0.9770,14.52,no
2026-10-05T04:14:07.22141Z,KXXRP15M-26OCT050015-15,0.9790,5.00,yes
2026-10-05T04:14:07.223282Z,KXXRP15M-26OCT050015-15,0.9770,0.18,no
2026-10-05T04:14:07.223282Z,KXXRP15M-26OCT050015-15,0.9680,10.18,no
2026-10-05T04:14:07.223282Z,KXXRP15M-26OCT050015-15,0.9700,7.50,no
2026-10-05T04:14:07.223282Z,KXXRP15M-26OCT050015-15,0.9770,19.82,no
2026-10-05T04:14:07.223282Z,KXXRP15M-26OCT050015-15,0.9770,3.31,no
2026-10-05T04:14:07.223282Z,KXXRP15M-26OCT050015-15,0.9770,8.67,no
2026-10-05T04:14:07.223282Z,KXXRP15M-26OCT050015-15,0.9770,16.69,no
2026-10-05T04:14:07.223282Z,KXXRP15M-26OCT050015-15,0.9700,8.00,no
2026-10-05T04:14:07.223282Z,KXXRP15M-26OCT050015-15,0.9750,7.50,no
2026-10-05T04:14:07.223282Z,KXXRP15M-26OCT050015-15,0.9770,5.00,no
2026-10-05T04:14:07.223282Z,KXXRP15M-26OCT050015-15,0.9690,19.00,no
2026-10-05T04:14:07.276713Z,KXXRP15M-26OCT050015-15,0.9780,1.51,no
2026-10-05T04:14:07.282918Z,KXXRP15M-26OCT050015-15,0.9690,11.28,no
2026-10-05T04:14:07.282918Z,KXXRP15M-26OCT050015-15,0.9780,3.49,no
2026-10-05T04:14:07.282918Z,KXXRP15M-26OCT050015-15,0.9700,10.00,no
2026-10-05T04:14:07.282918Z,KXXRP15M-26OCT050015-15,0.9710,10.00,no
2026-10-05T04:14:07.282918Z,KXXRP15M-26OCT050015-15,0.9770,5.00,no
2026-10-05T04:14:07.383556Z,KXXRP15M-26OCT050015-15,0.9780,2.00,yes
2026-10-05T04:14:07.404202Z,KXXRP15M-26OCT050015-15,0.9470,213.05,no
2026-10-05T04:14:07.404202Z,KXXRP15M-26OCT050015-15,0.9480,1.00,no
2026-10-05T04:14:07.404202Z,KXXRP15M-26OCT050015-15,0.9490,15.00,no
2026-10-05T04:14:07.404202Z,KXXRP15M-26OCT050015-15,0.9670,57.00,no
2026-10-05T04:14:07.404202Z,KXXRP15M-26OCT050015-15,0.9490,1.00,no
2026-10-05T04:14:07.404202Z,KXXRP15M-26OCT050015-15,0.9680,389.82,no
2026-10-05T04:14:07.404202Z,KXXRP15M-26OCT050015-15,0.9500,3.08,no
2026-10-05T04:14:07.404202Z,KXXRP15M-26OCT050015-15,0.9510,7.00,no
2026-10-05T04:14:07.404202Z,KXXRP15M-26OCT050015-15,0.9600,3.00,no
2026-10-05T04:14:07.404202Z,KXXRP15M-26OCT050015-15,0.9600,210.00,no
2026-10-05T04:14:07.404202Z,KXXRP15M-26OCT050015-15,0.9690,8.72,no
2026-10-05T04:14:07.404202Z,KXXRP15M-26OCT050015-15,0.9690,10.00,no
2026-10-05T04:14:07.404202Z,KXXRP15M-26OCT050015-15,0.9590,3.08,no
2026-10-05T04:14:07.404202Z,KXXRP15M-26OCT050015-15,0.9670,0.01,no
2026-10-05T04:14:07.404202Z,KXXRP15M-26OCT050015-15,0.9700,5.00,no
2026-10-05T04:14:07.404202Z,KXXRP15M-26OCT050015-15,0.9590,3.00,no
2026-10-05T04:14:07.404202Z,KXXRP15M-26OCT050015-15,0.9710,5.00,no
2026-10-05T04:14:07.404202Z,KXXRP15M-26OCT050015-15,0.9690,9.00,no
2026-10-05T04:14:07.404202Z,KXXRP15M-26OCT050015-15,0.9500,9.00,no
2026-10-05T04:14:07.420769Z,KXXRP15M-26OCT050015-15,0.9780,1.00,yes
2026-10-05T04:14:07.451818Z,KXXRP15M-26OCT050015-15,0.9760,5.00,no
2026-10-05T04:14:07.451818Z,KXXRP15M-26OCT050015-15,0.9770,5.00,no
2026-10-05T04:14:07.451818Z,KXXRP15M-26OCT050015-15,0.9600,2.75,no
2026-10-05T04:14:07.494413Z,KXXRP15M-26OCT050015-15,0.9760,2.20,no
2026-10-05T04:14:07.494413Z,KXXRP15M-26OCT050015-15,0.9770,5.00,no
2026-10-05T04:14:08.164663Z,KXXRP15M-26OCT050015-15,0.9600,7.50,no
2026-10-05T04:14:08.164663Z,KXXRP15M-26OCT050015-15,0.9650,63.00,no
2026-10-05T04:14:08.164663Z,KXXRP15M-26OCT050015-15,0.9580,15.00,no
2026-10-05T04:14:08.164663Z,KXXRP15M-26OCT050015-15,0.9660,8.00,no
2026-10-05T04:14:08.192062Z,KXXRP15M-26OCT050015-15,0.9540,80.00,yes
2026-10-05T04:14:08.243778Z,KXXRP15M-26OCT050015-15,0.9540,75.00,yes
2026-10-05T04:14:08.378072Z,KXXRP15M-26OCT050015-15,0.9340,6.53,no
2026-10-05T04:14:08.378072Z,KXXRP15M-26OCT050015-15,0.9510,25.00,no
2026-10-05T04:14:08.378072Z,KXXRP15M-26OCT050015-15,0.9350,7.00,no
2026-10-05T04:14:08.50423Z,KXXRP15M-26OCT050015-15,0.9720,20.00,yes
2026-10-05T04:14:08.50423Z,KXXRP15M-26OCT050015-15,0.9700,7.50,yes
2026-10-05T04:14:08.50423Z,KXXRP15M-26OCT050015-15,0.9600,210.00,yes
2026-10-05T04:14:08.50423Z,KXXRP15M-26OCT050015-15,0.9600,7.50,yes
2026-10-05T04:14:08.50423Z,KXXRP15M-26OCT050015-15,0.9750,14.68,yes
2026-10-05T04:14:08.50423Z,KXXRP15M-26OCT050015-15,0.9740,6.00,yes
2026-10-05T04:14:08.50423Z,KXXRP15M-26OCT050015-15,0.9650,40.00,yes
2026-10-05T04:14:08.532374Z,KXXRP15M-26OCT050015-15,0.9340,3.00,no
2026-10-05T04:14:08.798704Z,KXXRP15M-26OCT050015-15,0.9600,6.00,yes
2026-10-05T04:14:08.836428Z,KXXRP15M-26OCT050015-15,0.9520,10.00,no
2026-10-05T04:14:08.836428Z,KXXRP15M-26OCT050015-15,0.9380,5.00,no
2026-10-05T04:14:08.984997Z,KXXRP15M-26OCT050015-15,0.9600,1.00,yes
2026-10-05T04:14:09.086668Z,KXXRP15M-26OCT050015-15,0.9610,6.00,yes
2026-10-05T04:14:09.086668Z,KXXRP15M-26OCT050015-15,0.9620,8.11,yes
2026-10-05T04:14:09.086668Z,KXXRP15M-26OCT050015-15,0.9600,6.50,yes
2026-10-05T04:14:09.124212Z,KXXRP15M-26OCT050015-15,0.9620,5.00,yes
2026-10-05T04:14:09.124212Z,KXXRP15M-26OCT050015-15,0.9700,7.50,yes
2026-10-05T04:14:09.124212Z,KXXRP15M-26OCT050015-15,0.9650,7.50,yes
2026-10-05T04:14:09.124212Z,KXXRP15M-26OCT050015-15,0.9700,42.11,yes
2026-10-05T04:14:09.124212Z,KXXRP15M-26OCT050015-15,0.9630,31.00,yes
2026-10-05T04:14:09.124212Z,KXXRP15M-26OCT050015-15,0.9620,3.89,yes
2026-10-05T04:14:09.150296Z,KXXRP15M-26OCT050015-15,0.9700,29.00,yes
2026-10-05T04:14:09.269113Z,KXXRP15M-26OCT050015-15,0.9690,10.00,yes
2026-10-05T04:14:09.269113Z,KXXRP15M-26OCT050015-15,0.9690,7.00,yes
2026-10-05T04:14:09.269113Z,KXXRP15M-26OCT050015-15,0.9700,33.00,yes
2026-10-05T04:14:09.573195Z,KXXRP15M-26OCT050015-15,0.9680,0.50,yes
2026-10-05T04:14:09.573195Z,KXXRP15M-26OCT050015-15,0.9650,7.50,yes
2026-10-05T04:14:09.821315Z,KXXRP15M-26OCT050015-15,0.9600,2.00,no
2026-10-05T04:14:10.021863Z,KXXRP15M-26OCT050015-15,0.9600,5.50,no
2026-10-05T04:14:10.021863Z,KXXRP15M-26OCT050015-15,0.9680,5.00,no
2026-10-05T04:14:10.021863Z,KXXRP15M-26OCT050015-15,0.9670,5.00,no
2026-10-05T04:14:10.391734Z,KXXRP15M-26OCT050015-15,0.9700,1.40,yes
2026-10-05T04:14:10.525887Z,KXXRP15M-26OCT050015-15,0.9730,0.91,yes
2026-10-05T04:14:11.126994Z,KXXRP15M-26OCT050015-15,0.9690,7.00,yes
2026-10-05T04:14:11.172448Z,KXXRP15M-26OCT050015-15,0.9760,60.00,yes
2026-10-05T04:14:11.172448Z,KXXRP15M-26OCT050015-15,0.9800,1.63,yes
2026-10-05T04:14:11.172448Z,KXXRP15M-26OCT050015-15,0.9790,5.00,yes
2026-10-05T04:14:11.172448Z,KXXRP15M-26OCT050015-15,0.9790,2.00,yes
2026-10-05T04:14:11.172448Z,KXXRP15M-26OCT050015-15,0.9740,2.00,yes
2026-10-05T04:14:11.172448Z,KXXRP15M-26OCT050015-15,0.9690,53.00,yes
2026-10-05T04:14:11.172448Z,KXXRP15M-26OCT050015-15,0.9720,4.00,yes
2026-10-05T04:14:11.172448Z,KXXRP15M-26OCT050015-15,0.9750,7.50,yes
2026-10-05T04:14:11.172448Z,KXXRP15M-26OCT050015-15,0.9750,9.09,yes
2026-10-05T04:14:11.172448Z,KXXRP15M-26OCT050015-15,0.9740,6.00,yes
2026-10-05T04:14:11.172448Z,KXXRP15M-26OCT050015-15,0.9770,2.00,yes
2026-10-05T04:14:11.172448Z,KXXRP15M-26OCT050015-15,0.9780,1.00,yes
2026-10-05T04:14:11.70954Z,KXXRP15M-26OCT050015-15,0.9790,2.19,yes
2026-10-05T04:14:11.70954Z,KXXRP15M-26OCT050015-15,0.9780,8.00,yes
2026-10-05T04:14:11.946905Z,KXXRP15M-26OCT050015-15,0.9690,9.00,no
2026-10-05T04:14:11.946905Z,KXXRP15M-26OCT050015-15,0.9680,60.00,no
2026-10-05T04:14:11.946905Z,KXXRP15M-26OCT050015-15,0.9740,5.00,no
2026-10-05T04:14:11.946905Z,KXXRP15M-26OCT050015-15,0.9730,5.00,no
2026-10-05T04:14:11.946905Z,KXXRP15M-26OCT050015-15,0.9700,7.50,no
2026-10-05T04:14:11.946905Z,KXXRP15M-26OCT050015-15,0.9650,7.50,no
2026-10-05T04:14:12.166591Z,KXXRP15M-26OCT050015-15,0.9730,1.00,no
2026-10-05T04:14:12.197454Z,KXXRP15M-26OCT050015-15,0.9740,6.19,yes
2026-10-05T04:14:12.197454Z,KXXRP15M-26OCT050015-15,0.9740,4.00,yes
2026-10-05T04:14:12.399536Z,KXXRP15M-26OCT050015-15,0.9740,50.93,yes
2026-10-05T04:14:12.575287Z,KXXRP15M-26OCT050015-15,0.9740,2.88,yes
2026-10-05T04:14:12.575287Z,KXXRP15M-26OCT050015-15,0.9770,0.31,yes
2026-10-05T04:14:12.724968Z,KXXRP15M-26OCT050015-15,0.9770,0.95,yes
2026-10-05T04:14:12.736293Z,KXXRP15M-26OCT050015-15,0.9750,4.99,no
2026-10-05T04:14:12.736293Z,KXXRP15M-26OCT050015-15,0.9760,10.00,no
2026-10-05T04:14:12.736293Z,KXXRP15M-26OCT050015-15,0.9760,0.01,no
2026-10-05T04:14:12.772115Z,KXXRP15M-26OCT050015-15,0.9780,6.00,yes
2026-10-05T04:14:12.772115Z,KXXRP15M-26OCT050015-15,0.9770,6.05,yes
2026-10-05T04:14:12.772115Z,KXXRP15M-26OCT050015-15,0.9780,7.95,yes
2026-10-05T04:14:12.898692Z,KXXRP15M-26OCT050015-15,0.9760,5.00,no
2026-10-05T04:14:12.914381Z,KXXRP15M-26OCT050015-15,0.9800,7.50,yes
2026-10-05T04:14:12.914381Z,KXXRP15M-26OCT050015-15,0.9780,6.00,yes
2026-10-05T04:14:12.914381Z,KXXRP15M-26OCT050015-15,0.9780,2.05,yes
2026-10-05T04:14:12.914381Z,KXXRP15M-26OCT050015-15,0.9790,8.00,yes
2026-10-05T04:14:12.914381Z,KXXRP15M-26OCT050015-15,0.9820,40.00,yes
2026-10-05T04:14:12.914381Z,KXXRP15M-26OCT050015-15,0.9810,40.00,yes
2026-10-05T04:14:12.914381Z,KXXRP15M-26OCT050015-15,0.9830,14.21,yes
2026-10-05T04:14:12.914381Z,KXXRP15M-26OCT050015-15,0.9820,1.00,yes
2026-10-05T04:14:12.914381Z,KXXRP15M-26OCT050015-15,0.9810,1.00,yes
2026-10-05T04:14:13.044272Z,KXXRP15M-26OCT050015-15,0.9750,0.01,no
2026-10-05T04:14:13.044272Z,KXXRP15M-26OCT050015-15,0.9740,3.23,no
2026-10-05T04:14:13.416218Z,KXXRP15M-26OCT050015-15,0.9790,5.00,no
2026-10-05T04:14:13.519963Z,KXXRP15M-26OCT050015-15,0.9790,5.00,no
2026-10-05T04:14:13.741409Z,KXXRP15M-26OCT050015-15,0.9770,5.00,no
2026-10-05T04:14:13.741409Z,KXXRP15M-26OCT050015-15,0.9780,5.00,no
2026-10-05T04:14:13.741409Z,KXXRP15M-26OCT050015-15,0.9730,10.00,no
2026-10-05T04:14:13.741409Z,KXXRP15M-26OCT050015-15,0.9730,0.01,no
2026-10-05T04:14:13.741409Z,KXXRP15M-26OCT050015-15,0.9720,15.00,no
2026-10-05T04:14:14.065646Z,KXXRP15M-26OCT050015-15,0.9760,5.00,no
2026-10-05T04:14:14.065646Z,KXXRP15M-26OCT050015-15,0.9750,1.16,no
2026-10-05T04:14:14.071216Z,KXXRP15M-26OCT050015-15,0.9750,9.00,no
2026-10-05T04:14:14.071216Z,KXXRP15M-26OCT050015-15,0.9740,40.00,no
2026-10-05T04:14:14.071216Z,KXXRP15M-26OCT050015-15,0.9720,20.00,no
2026-10-05T04:14:14.071216Z,KXXRP15M-26OCT050015-15,0.9740,40.00,no
2026-10-05T04:14:14.071216Z,KXXRP15M-26OCT050015-15,0.9750,3.84,no
2026-10-05T04:14:14.071216Z,KXXRP15M-26OCT050015-15,0.9740,14.21,no
2026-10-05T04:14:14.092822Z,KXXRP15M-26OCT050015-15,0.9720,18.09,yes
2026-10-05T04:14:14.107885Z,KXXRP15M-26OCT050015-15,0.9720,1.25,yes
2026-10-05T04:14:14.113603Z,KXXRP15M-26OCT050015-15,0.9720,53.61,yes
2026-10-05T04:14:14.113603Z,KXXRP15M-26OCT050015-15,0.9750,7.50,yes
2026-10-05T04:14:14.197955Z,KXXRP15M-26OCT050015-15,0.9810,2.71,yes
2026-10-05T04:14:14.819463Z,KXXRP15M-26OCT050015-15,0.9760,5.00,no
2026-10-05T04:14:14.819463Z,KXXRP15M-26OCT050015-15,0.9800,7.50,no
2026-10-05T04:14:14.819463Z,KXXRP15M-26OCT050015-15,0.9750,7.50,no
2026-10-05T04:14:14.819463Z,KXXRP15M-26OCT050015-15,0.9780,81.00,no
2026-10-05T04:14:14.819463Z,KXXRP15M-26OCT050015-15,0.9770,5.00,no
2026-10-05T04:14:14.942031Z,KXXRP15M-26OCT050015-15,0.9700,7.50,no
2026-10-05T04:14:14.942031Z,KXXRP15M-26OCT050015-15,0.9710,5.24,no
2026-10-05T04:14:14.942031Z,KXXRP15M-26OCT050015-15,0.9710,14.76,no
2026-10-05T04:14:14.942031Z,KXXRP15M-26OCT050015-15,0.9720,20.00,no
2026-10-05T04:14:14.942031Z,KXXRP15M-26OCT050015-15,0.9780,5.00,no
2026-10-05T04:14:14.942031Z,KXXRP15M-26OCT050015-15,0.9720,37.00,no
2026-10-05T04:14:14.942031Z,KXXRP15M-26OCT050015-15,0.9730,10.00,no
2026-10-05T04:14:14.942031Z,KXXRP15M-26OCT050015-15,0.9750,7.50,no
2026-10-05T04:14:14.942031Z,KXXRP15M-26OCT050015-15,0.9700,5.24,no
2026-10-05T04:14:14.942031Z,KXXRP15M-26OCT050015-15,0.9710,10.76,no
2026-10-05T04:14:14.942031Z,KXXRP15M-26OCT050015-15,0.9770,5.00,no
2026-10-05T04:14:14.942031Z,KXXRP15M-26OCT050015-15,0.9700,159.33,no
2026-10-05T04:14:15.075373Z,KXXRP15M-26OCT050015-15,0.9790,2.00,no
2026-10-05T04:14:15.235779Z,KXXRP15M-26OCT050015-15,0.9900,6.10,yes
2026-10-05T04:14:15.235779Z,KXXRP15M-26OCT050015-15,0.9900,1.20,yes
2026-10-05T04:14:15.235779Z,KXXRP15M-26OCT050015-15,0.9900,1.12,yes
2026-10-05T04:14:15.235779Z,KXXRP15M-26OCT050015-15,0.9900,1.00,yes
2026-10-05T04:14:15.235779Z,KXXRP15M-26OCT050015-15,0.9900,3.30,yes
2026-10-05T04:14:15.235779Z,KXXRP15M-26OCT050015-15,0.9900,5.51,yes
2026-10-05T04:14:15.235779Z,KXXRP15M-26OCT050015-15,0.9900,25.00,yes
2026-10-05T04:14:15.235779Z,KXXRP15M-26OCT050015-15,0.9810,0.24,yes
2026-10-05T04:14:15.235779Z,KXXRP15M-26OCT050015-15,0.9820,1.00,yes
2026-10-05T04:14:15.235779Z,KXXRP15M-26OCT050015-15,0.9890,5.00,yes
2026-10-05T04:14:15.235779Z,KXXRP15M-26OCT050015-15,0.9810,15.76,yes
2026-10-05T04:14:15.235779Z,KXXRP15M-26OCT050015-15,0.9900,5.00,yes
2026-10-05T04:14:15.235779Z,KXXRP15M-26OCT050015-15,0.9820,21.00,yes
2026-10-05T04:14:15.235779Z,KXXRP15M-26OCT050015-15,0.9850,7.50,yes
2026-10-05T04:14:15.235779Z,KXXRP15M-26OCT050015-15,0.9810,6.00,yes
2026-10-05T04:14:15.235779Z,KXXRP15M-26OCT050015-15,0.9820,10.00,yes
2026-10-05T04:14:15.235779Z,KXXRP15M-26OCT050015-15,0.9900,3.00,yes
2026-10-05T04:14:15.235779Z,KXXRP15M-26OCT050015-15,0.9900,14.47,yes
2026-10-05T04:14:15.235779Z,KXXRP15M-26OCT050015-15,0.9900,30.81,yes
2026-10-05T04:14:15.235779Z,KXXRP15M-26OCT050015-15,0.9900,2.00,yes
2026-10-05T04:14:15.235779Z,KXXRP15M-26OCT050015-15,0.9900,1.00,yes
2026-10-05T04:14:15.235779Z,KXXRP15M-26OCT050015-15,0.9900,15.01,yes
2026-10-05T04:14:15.235779Z,KXXRP15M-26OCT050015-15,0.9890,2.00,yes
2026-10-05T04:14:15.235779Z,KXXRP15M-26OCT050015-15,0.9890,1.00,yes
2026-10-05T04:14:15.235779Z,KXXRP15M-26OCT050015-15,0.9890,20.00,yes
2026-10-05T04:14:15.235779Z,KXXRP15M-26OCT050015-15,0.9890,100.00,yes
2026-10-05T04:14:15.235779Z,KXXRP15M-26OCT050015-15,0.9890,10.00,yes
2026-10-05T04:14:15.235779Z,KXXRP15M-26OCT050015-15,0.9890,2.00,yes
2026-10-05T04:14:15.235779Z,KXXRP15M-26OCT050015-15,0.9900,5.10,yes
2026-10-05T04:14:15.235779Z,KXXRP15M-26OCT050015-15,0.9890,1.00,yes
2026-10-05T04:14:15.235779Z,KXXRP15M-26OCT050015-15,0.9890,1.00,yes
2026-10-05T04:14:15.235779Z,KXXRP15M-26OCT050015-15,0.9900,7.39,yes
2026-10-05T04:14:15.235779Z,KXXRP15M-26OCT050015-15,0.9960,1.00,yes
2026-10-05T04:14:15.235779Z,KXXRP15M-26OCT050015-15,0.9960,1.00,yes
2026-10-05T04:14:15.235779Z,KXXRP15M-26OCT050015-15,0.9900,5.48,yes
2026-10-05T04:14:15.235779Z,KXXRP15M-26OCT050015-15,0.9890,1.00,yes
2026-10-05T04:14:15.235779Z,KXXRP15M-26OCT050015-15,0.9960,13.00,yes
2026-10-05T04:14:15.235779Z,KXXRP15M-26OCT050015-15,0.9950,11.00,yes
2026-10-05T04:14:15.235779Z,KXXRP15M-26OCT050015-15,0.9960,1.00,yes
2026-10-05T04:14:15.235779Z,KXXRP15M-26OCT050015-15,0.9960,1.00,yes
2026-10-05T04:14:15.235779Z,KXXRP15M-26OCT050015-15,0.9960,1.00,yes
2026-10-05T04:14:15.235779Z,KXXRP15M-26OCT050015-15,0.9900,1.97,yes
2026-10-05T04:14:15.235779Z,KXXRP15M-26OCT050015-15,0.9830,1.00,yes
2026-10-05T04:14:15.235779Z,KXXRP15M-26OCT050015-15,0.9930,40.00,yes
2026-10-05T04:14:15.235779Z,KXXRP15M-26OCT050015-15,0.9940,40.00,yes
2026-10-05T04:14:15.235779Z,KXXRP15M-26OCT050015-15,0.9880,1.00,yes
2026-10-05T04:14:15.235779Z,KXXRP15M-26OCT050015-15,0.9900,1.00,yes
2026-10-05T04:14:15.235779Z,KXXRP15M-26OCT050015-15,0.9950,1.00,yes
2026-10-05T04:14:15.235779Z,KXXRP15M-26OCT050015-15,0.9860,1.00,yes
2026-10-05T04:14:15.235779Z,KXXRP15M-26OCT050015-15,0.9930,1.00,yes
2026-10-05T04:14:15.235779Z,KXXRP15M-26OCT050015-15,0.9920,1.00,yes
2026-10-05T04:14:15.235779Z,KXXRP15M-26OCT050015-15,0.9840,1.00,yes
2026-10-05T04:14:15.235779Z,KXXRP15M-26OCT050015-15,0.9850,1.00,yes
2026-10-05T04:14:15.235779Z,KXXRP15M-26OCT050015-15,0.9870,1.00,yes
2026-10-05T04:14:15.235779Z,KXXRP15M-26OCT050015-15,0.9910,1.00,yes
2026-10-05T04:14:15.235779Z,KXXRP15M-26OCT050015-15,0.9940,1.00,yes
2026-10-05T04:14:15.235779Z,KXXRP15M-26OCT050015-15,0.9890,1.00,yes
2026-10-05T04:14:15.235779Z,KXXRP15M-26OCT050015-15,0.9960,1.00,yes
2026-10-05T04:14:15.235779Z,KXXRP15M-26OCT050015-15,0.9950,40.00,yes
2026-10-05T04:14:15.235779Z,KXXRP15M-26OCT050015-15,0.9960,40.00,yes
2026-10-05T04:14:15.235779Z,KXXRP15M-26OCT050015-15,0.9890,40.00,yes
2026-10-05T04:14:15.235779Z,KXXRP15M-26OCT050015-15,0.9900,40.00,yes
2026-10-05T04:14:15.235779Z,KXXRP15M-26OCT050015-15,0.9920,40.00,yes
2026-10-05T04:14:15.235779Z,KXXRP15M-26OCT050015-15,0.9910,40.00,yes
2026-10-05T04:14:15.235779Z,KXXRP15M-26OCT050015-15,0.9860,40.00,yes
2026-10-05T04:14:15.235779Z,KXXRP15M-26OCT050015-15,0.9850,40.00,yes
2026-10-05T04:14:15.235779Z,KXXRP15M-26OCT050015-15,0.9840,40.00,yes
2026-10-05T04:14:15.235779Z,KXXRP15M-26OCT050015-15,0.9890,20.00,yes
2026-10-05T04:14:15.235779Z,KXXRP15M-26OCT050015-15,0.9970,23.58,yes
2026-10-05T04:14:15.235779Z,KXXRP15M-26OCT050015-15,0.9880,40.00,yes
2026-10-05T04:14:15.235779Z,KXXRP15M-26OCT050015-15,0.9870,40.00,yes
2026-10-05T04:14:15.235779Z,KXXRP15M-26OCT050015-15,0.9830,25.79,yes
2026-10-05T04:14:15.235779Z,KXXRP15M-26OCT050015-15,0.9870,188.00,yes
2026-10-05T04:14:15.279925Z,KXXRP15M-26OCT050015-15,0.9830,4.00,no
2026-10-05T04:14:15.317194Z,KXXRP15M-26OCT050015-15,0.9900,0.88,yes
2026-10-05T04:14:15.350391Z,KXXRP15M-26OCT050015-15,0.9900,4.12,yes
2026-10-05T04:14:15.369538Z,KXXRP15M-26OCT050015-15,0.9850,7.50,no
2026-10-05T04:14:15.369538Z,KXXRP15M-26OCT050015-15,0.9900,0.88,no
2026-10-05T04:14:15.369538Z,KXXRP15M-26OCT050015-15,0.9840,1.62,no
2026-10-05T04:14:15.381119Z,KXXRP15M-26OCT050015-15,0.9830,4.00,no
2026-10-05T04:14:15.381119Z,KXXRP15M-26OCT050015-15,0.9840,1.62,no
2026-10-05T04:14:15.381119Z,KXXRP15M-26OCT050015-15,0.9840,20.00,no
2026-10-05T04:14:15.381119Z,KXXRP15M-26OCT050015-15,0.9840,11.38,no
2026-10-05T04:14:15.381119Z,KXXRP15M-26OCT050015-15,0.9840,14.00,no
2026-10-05T04:14:15.383652Z,KXXRP15M-26OCT050015-15,0.9910,1.97,yes
2026-10-05T04:14:15.53071Z,KXXRP15M-26OCT050015-15,0.9900,4.00,no
2026-10-05T04:14:15.569648Z,KXXRP15M-26OCT050015-15,0.9900,1.00,no
2026-10-05T04:14:15.611376Z,KXXRP15M-26OCT050015-15,0.9900,10.00,no
2026-10-05T04:14:15.611376Z,KXXRP15M-26OCT050015-15,0.9900,7.00,no
2026-10-05T04:14:15.690958Z,KXXRP15M-26OCT050015-15,0.9910,19.00,no
2026-10-05T04:14:15.690958Z,KXXRP15M-26OCT050015-15,0.9910,40.00,no
2026-10-05T04:14:15.690958Z,KXXRP15M-26OCT050015-15,0.9910,15.00,no
2026-10-05T04:14:15.690958Z,KXXRP15M-26OCT050015-15,0.9910,40.00,no
2026-10-05T04:14:15.690958Z,KXXRP15M-26OCT050015-15,0.9910,40.00,no
2026-10-05T04:14:16.001002Z,KXXRP15M-26OCT050015-15,0.9910,4.00,no
2026-10-05T04:14:16.014754Z,KXXRP15M-26OCT050015-15,0.9920,10.11,yes
2026-10-05T04:14:16.073297Z,KXXRP15M-26OCT050015-15,0.9910,1.00,no
2026-10-05T04:14:16.10283Z,KXXRP15M-26OCT050015-15,0.9920,5.00,yes
2026-10-05T04:14:16.25857Z,KXXRP15M-26OCT050015-15,0.9910,20.00,no
2026-10-05T04:14:16.25857Z,KXXRP15M-26OCT050015-15,0.9910,40.00,no
2026-10-05T04:14:16.25857Z,KXXRP15M-26OCT050015-15,0.9910,8.58,no
2026-10-05T04:14:16.292211Z,KXXRP15M-26OCT050015-15,0.9910,4.11,no
2026-10-05T04:14:16.388092Z,KXXRP15M-26OCT050015-15,0.9870,40.00,no
2026-10-05T04:14:16.388092Z,KXXRP15M-26OCT050015-15,0.9900,40.00,no
2026-10-05T04:14:16.388092Z,KXXRP15M-26OCT050015-15,0.9860,23.11,no
2026-10-05T04:14:16.388092Z,KXXRP15M-26OCT050015-15,0.9910,10.89,no
2026-10-05T04:14:16.388092Z,KXXRP15M-26OCT050015-15,0.9900,10.00,no
2026-10-05T04:14:16.388092Z,KXXRP15M-26OCT050015-15,0.9890,40.00,no
2026-10-05T04:14:16.388092Z,KXXRP15M-26OCT050015-15,0.9900,5.00,no
2026-10-05T04:14:16.388092Z,KXXRP15M-26OCT050015-15,0.9880,40.00,no
2026-10-05T04:14:16.388092Z,KXXRP15M-26OCT050015-15,0.9860,20.00,no
2026-10-05T04:14:16.388092Z,KXXRP15M-26OCT050015-15,0.9870,5.00,no
2026-10-05T04:14:16.388092Z,KXXRP15M-26OCT050015-15,0.9900,20.00,no
2026-10-05T04:14:16.388092Z,KXXRP15M-26OCT050015-15,0.9900,19.00,no
2026-10-05T04:14:16.719594Z,KXXRP15M-26OCT050015-15,0.9860,12.76,no
2026-10-05T04:14:16.719594Z,KXXRP15M-26OCT050015-15,0.9870,7.00,no
2026-10-05T04:14:16.719594Z,KXXRP15M-26OCT050015-15,0.9900,10.00,no
2026-10-05T04:14:16.764365Z,KXXRP15M-26OCT050015-15,0.9870,64.20,no
2026-10-05T04:14:16.831401Z,KXXRP15M-26OCT050015-15,0.9920,12.00,yes
2026-10-05T04:14:17.147691Z,KXXRP15M-26OCT050015-15,0.9900,5.00,yes
2026-10-05T04:14:17.192911Z,KXXRP15M-26OCT050015-15,0.9900,10.47,yes
2026-10-05T04:14:17.351637Z,KXXRP15M-26OCT050015-15,0.9900,11.00,yes
2026-10-05T04:14:17.351637Z,KXXRP15M-26OCT050015-15,0.9910,5.20,yes
2026-10-05T04:14:17.351637Z,KXXRP15M-26OCT050015-15,0.9900,6.00,yes
2026-10-05T04:14:17.417071Z,KXXRP15M-26OCT050015-15,0.9890,15.00,no
2026-10-05T04:14:17.417071Z,KXXRP15M-26OCT050015-15,0.9880,4.12,no
2026-10-05T04:14:17.417071Z,KXXRP15M-26OCT050015-15,0.9890,14.67,no
2026-10-05T04:14:17.857917Z,KXXRP15M-26OCT050015-15,0.9890,47.00,no
2026-10-05T04:14:17.857917Z,KXXRP15M-26OCT050015-15,0.9890,14.67,no
2026-10-05T04:14:17.857917Z,KXXRP15M-26OCT050015-15,0.9860,7.03,no
2026-10-05T04:14:17.857917Z,KXXRP15M-26OCT050015-15,0.9860,1.24,no
2026-10-05T04:14:17.857917Z,KXXRP15M-26OCT050015-15,0.9860,5.00,no
2026-10-05T04:14:17.857917Z,KXXRP15M-26OCT050015-15,0.9860,4.13,no
2026-10-05T04:14:17.953895Z,KXXRP15M-26OCT050015-15,0.9910,5.00,yes
2026-10-05T04:14:17.970806Z,KXXRP15M-26OCT050015-15,0.9910,2.00,yes
2026-10-05T04:14:17.970806Z,KXXRP15M-26OCT050015-15,0.9920,7.00,yes
2026-10-05T04:14:17.970806Z,KXXRP15M-26OCT050015-15,0.9930,6.30,yes
2026-10-05T04:14:17.970806Z,KXXRP15M-26OCT050015-15,0.9910,64.80,yes
2026-10-05T04:14:17.970806Z,KXXRP15M-26OCT050015-15,0.9920,8.00,yes
2026-10-05T04:14:18.173266Z,KXXRP15M-26OCT050015-15,0.9920,40.00,yes
2026-10-05T04:14:18.178936Z,KXXRP15M-26OCT050015-15,0.9900,66.00,no
2026-10-05T04:14:18.178936Z,KXXRP15M-26OCT050015-15,0.9880,15.00,no
2026-10-05T04:14:18.178936Z,KXXRP15M-26OCT050015-15,0.9850,1.42,no
2026-10-05T04:14:18.178936Z,KXXRP15M-26OCT050015-15,0.9850,5.00,no
2026-10-05T04:14:18.178936Z,KXXRP15M-26OCT050015-15,0.9870,24.00,no
2026-10-05T04:14:18.178936Z,KXXRP15M-26OCT050015-15,0.9890,0.01,no
2026-10-05T04:14:18.178936Z,KXXRP15M-26OCT050015-15,0.9860,1.00,no
2026-10-05T04:14:18.178936Z,KXXRP15M-26OCT050015-15,0.9870,8.48,no
2026-10-05T04:14:18.178936Z,KXXRP15M-26OCT050015-15,0.9850,20.00,no
2026-10-05T04:14:18.178936Z,KXXRP15M-26OCT050015-15,0.9850,40.00,no
2026-10-05T04:14:18.178936Z,KXXRP15M-26OCT050015-15,0.9860,13.00,no
2026-10-05T04:14:18.178936Z,KXXRP15M-26OCT050015-15,0.9850,20.00,no
2026-10-05T04:14:18.178936Z,KXXRP15M-26OCT050015-15,0.9850,1.24,no
2026-10-05T04:14:18.259735Z,KXXRP15M-26OCT050015-15,0.9850,1.28,no
2026-10-05T04:14:18.259735Z,KXXRP15M-26OCT050015-15,0.9870,124.00,no
2026-10-05T04:14:18.363013Z,KXXRP15M-26OCT050015-15,0.9890,40.00,yes
2026-10-05T04:14:18.732768Z,KXXRP15M-26OCT050015-15,0.9880,37.00,yes
2026-10-05T04:14:18.798042Z,KXXRP15M-26OCT050015-15,0.9880,7.00,yes
2026-10-05T04:14:18.805106Z,KXXRP15M-26OCT050015-15,0.9910,0.20,yes
2026-10-05T04:14:18.805106Z,KXXRP15M-26OCT050015-15,0.9910,2.80,yes
2026-10-05T04:14:18.805106Z,KXXRP15M-26OCT050015-15,0.9880,4.00,yes
2026-10-05T04:14:19.069342Z,KXXRP15M-26OCT050015-15,0.9880,1.00,no
2026-10-05T04:14:19.069342Z,KXXRP15M-26OCT050015-15,0.9870,1.20,no
2026-10-05T04:14:19.069342Z,KXXRP15M-26OCT050015-15,0.9850,7.50,no
2026-10-05T04:14:19.069342Z,KXXRP15M-26OCT050015-15,0.9850,1.00,no
2026-10-05T04:14:19.069342Z,KXXRP15M-26OCT050015-15,0.9890,10.00,no
2026-10-05T04:14:19.069342Z,KXXRP15M-26OCT050015-15,0.9880,83.00,no
2026-10-05T04:14:19.069342Z,KXXRP15M-26OCT050015-15,0.9860,1.00,no
2026-10-05T04:14:19.069342Z,KXXRP15M-26OCT050015-15,0.9890,15.00,no
2026-10-05T04:14:19.069342Z,KXXRP15M-26OCT050015-15,0.9840,40.00,no
2026-10-05T04:14:19.069342Z,KXXRP15M-26OCT050015-15,0.9830,32.00,no
2026-10-05T04:14:19.069342Z,KXXRP15M-26OCT050015-15,0.9820,20.45,no
2026-10-05T04:14:19.069342Z,KXXRP15M-26OCT050015-15,0.9840,1.00,no
2026-10-05T04:14:19.069342Z,KXXRP15M-26OCT050015-15,0.9870,20.00,no
2026-10-05T04:14:19.179812Z,KXXRP15M-26OCT050015-15,0.9910,5.00,yes
2026-10-05T04:14:19.187961Z,KXXRP15M-26OCT050015-15,0.9890,3.00,no
2026-10-05T04:14:19.383092Z,KXXRP15M-26OCT050015-15,0.9900,35.00,yes
2026-10-05T04:14:19.383092Z,KXXRP15M-26OCT050015-15,0.9900,1.00,yes
2026-10-05T04:14:19.383293Z,KXXRP15M-26OCT050015-15,0.9900,5.00,yes
2026-10-05T04:14:19.465974Z,KXXRP15M-26OCT050015-15,0.9900,2.00,yes
2026-10-05T04:14:19.544428Z,KXXRP15M-26OCT050015-15,0.9900,0.59,yes
2026-10-05T04:14:19.650417Z,KXXRP15M-26OCT050015-15,0.9880,10.00,no
2026-10-05T04:14:19.916928Z,KXXRP15M-26OCT050015-15,0.9850,14.97,no
2026-10-05T04:14:19.916928Z,KXXRP15M-26OCT050015-15,0.9860,10.00,no
2026-10-05T04:14:19.916928Z,KXXRP15M-26OCT050015-15,0.9860,13.00,no
2026-10-05T04:14:19.916928Z,KXXRP15M-26OCT050015-15,0.9870,17.00,no
2026-10-05T04:14:20.03952Z,KXXRP15M-26OCT050015-15,0.9900,11.41,yes
2026-10-05T04:14:20.03952Z,KXXRP15M-26OCT050015-15,0.9910,2.99,yes
2026-10-05T04:14:20.03952Z,KXXRP15M-26OCT050015-15,0.9910,1.60,yes
2026-10-05T04:14:20.093971Z,KXXRP15M-26OCT050015-15,0.9880,6.92,no
2026-10-05T04:14:20.127599Z,KXXRP15M-26OCT050015-15,0.9880,13.08,no
2026-10-05T04:14:20.127599Z,KXXRP15M-26OCT050015-15,0.9850,385.03,no
2026-10-05T04:14:20.127599Z,KXXRP15M-26OCT050015-15,0.9880,10.00,no
2026-10-05T04:14:20.127599Z,KXXRP15M-26OCT050015-15,0.9860,144.00,no
2026-10-05T04:14:20.127599Z,KXXRP15M-26OCT050015-15,0.9870,58.00,no
2026-10-05T04:14:20.127599Z,KXXRP15M-26OCT050015-15,0.9880,15.00,no
2026-10-05T04:14:20.127599Z,KXXRP15M-26OCT050015-15,0.9850,133.79,no
2026-10-05T04:14:20.127599Z,KXXRP15M-26OCT050015-15,0.9870,289.00,no
2026-10-05T04:14:20.269513Z,KXXRP15M-26OCT050015-15,0.9900,67.00,yes
2026-10-05T04:14:20.282804Z,KXXRP15M-26OCT050015-15,0.9890,62.36,no
2026-10-05T04:14:20.347804Z,KXXRP15M-26OCT050015-15,0.9830,1.00,no
2026-10-05T04:14:20.347804Z,KXXRP15M-26OCT050015-15,0.9840,1.00,no
2026-10-05T04:14:20.347804Z,KXXRP15M-26OCT050015-15,0.9830,20.00,no
2026-10-05T04:14:20.347804Z,KXXRP15M-26OCT050015-15,0.9890,7.64,no
2026-10-05T04:14:20.347804Z,KXXRP15M-26OCT050015-15,0.9870,2.00,no
2026-10-05T04:14:20.347804Z,KXXRP15M-26OCT050015-15,0.9880,1.00,no
2026-10-05T04:14:20.347804Z,KXXRP15M-26OCT050015-15,0.9850,1.00,no
2026-10-05T04:14:20.347804Z,KXXRP15M-26OCT050015-15,0.9840,13.00,no
2026-10-05T04:14:20.347804Z,KXXRP15M-26OCT050015-15,0.9850,10.21,no
2026-10-05T04:14:20.347974Z,KXXRP15M-26OCT050015-15,0.9820,5.00,no
2026-10-05T04:14:20.348023Z,KXXRP15M-26OCT050015-15,0.9820,10.00,no
2026-10-05T04:14:20.348023Z,KXXRP15M-26OCT050015-15,0.9800,67.66,no
2026-10-05T04:14:20.348023Z,KXXRP15M-26OCT050015-15,0.9820,0.34,no
2026-10-05T04:14:20.348023Z,KXXRP15M-26OCT050015-15,0.9810,1.00,no
2026-10-05T04:14:20.348023Z,KXXRP15M-26OCT050015-15,0.9810,20.00,no
2026-10-05T04:14:20.348025Z,KXXRP15M-26OCT050015-15,0.9800,5.00,no
2026-10-05T04:14:20.349101Z,KXXRP15M-26OCT050015-15,0.9800,31.34,no
2026-10-05T04:14:20.57904Z,KXXRP15M-26OCT050015-15,0.9750,0.01,no
2026-10-05T04:14:20.57904Z,KXXRP15M-26OCT050015-15,0.9740,10.00,no
2026-10-05T04:14:20.57904Z,KXXRP15M-26OCT050015-15,0.9750,10.00,no
2026-10-05T04:14:20.57904Z,KXXRP15M-26OCT050015-15,0.9730,104.99,no
2026-10-05T04:14:20.579285Z,KXXRP15M-26OCT050015-15,0.9730,7.00,no
2026-10-05T04:14:20.579367Z,KXXRP15M-26OCT050015-15,0.9730,15.00,no
2026-10-05T04:14:20.581807Z,KXXRP15M-26OCT050015-15,0.9800,7.00,yes
2026-10-05T04:14:20.58474Z,KXXRP15M-26OCT050015-15,0.9730,61.01,no
2026-10-05T04:14:20.66805Z,KXXRP15M-26OCT050015-15,0.9740,20.00,no
2026-10-05T04:14:20.66805Z,KXXRP15M-26OCT050015-15,0.9700,106.00,no
2026-10-05T04:14:20.66805Z,KXXRP15M-26OCT050015-15,0.9710,10.00,no
2026-10-05T04:14:20.66805Z,KXXRP15M-26OCT050015-15,0.9690,13.00,no
2026-10-05T04:14:20.68336Z,KXXRP15M-26OCT050015-15,0.9750,7.50,yes
2026-10-05T04:14:20.684686Z,KXXRP15M-26OCT050015-15,0.9660,4.00,no
2026-10-05T04:14:20.684912Z,KXXRP15M-26OCT050015-15,0.9660,4.81,no
2026-10-05T04:14:20.684912Z,KXXRP15M-26OCT050015-15,0.9660,2.19,no
2026-10-05T04:14:20.685207Z,KXXRP15M-26OCT050015-15,0.9660,9.00,no
2026-10-05T04:14:20.734904Z,KXXRP15M-26OCT050015-15,0.9660,0.88,no
2026-10-05T04:14:20.734904Z,KXXRP15M-26OCT050015-15,0.9660,37.12,no
2026-10-05T04:14:20.746263Z,KXXRP15M-26OCT050015-15,0.9680,4.00,yes
2026-10-05T04:14:20.796943Z,KXXRP15M-26OCT050015-15,0.9680,1.00,yes
2026-10-05T04:14:20.86194Z,KXXRP15M-26OCT050015-15,0.9680,1.19,yes
2026-10-05T04:14:20.86194Z,KXXRP15M-26OCT050015-15,0.9680,6.00,yes
2026-10-05T04:14:20.86194Z,KXXRP15M-26OCT050015-15,0.9680,6.81,yes
2026-10-05T04:14:20.985969Z,KXXRP15M-26OCT050015-15,0.9680,4.81,yes
2026-10-05T04:14:20.985969Z,KXXRP15M-26OCT050015-15,0.9680,0.88,yes
2026-10-05T04:14:20.985969Z,KXXRP15M-26OCT050015-15,0.9680,9.00,yes
2026-10-05T04:14:20.985969Z,KXXRP15M-26OCT050015-15,0.9680,37.12,yes
2026-10-05T04:14:21.090643Z,KXXRP15M-26OCT050015-15,0.9710,6.00,yes
2026-10-05T04:14:21.090643Z,KXXRP15M-26OCT050015-15,0.9710,2.00,yes
2026-10-05T04:14:21.326277Z,KXXRP15M-26OCT050015-15,0.9700,4.00,yes
2026-10-05T04:14:21.341915Z,KXXRP15M-26OCT050015-15,0.9710,2.00,yes
2026-10-05T04:14:21.341915Z,KXXRP15M-26OCT050015-15,0.9730,78.00,yes
2026-10-05T04:14:21.631731Z,KXXRP15M-26OCT050015-15,0.9730,1.00,yes
2026-10-05T04:14:21.631731Z,KXXRP15M-26OCT050015-15,0.9720,1.00,yes
2026-10-05T04:14:21.631731Z,KXXRP15M-26OCT050015-15,0.9770,23.00,yes
2026-10-05T04:14:21.686442Z,KXXRP15M-26OCT050015-15,0.9760,13.70,yes
2026-10-05T04:14:21.686442Z,KXXRP15M-26OCT050015-15,0.9750,6.00,yes
2026-10-05T04:14:21.686442Z,KXXRP15M-26OCT050015-15,0.9740,1.00,yes
2026-10-05T04:14:21.686442Z,KXXRP15M-26OCT050015-15,0.9730,1.00,yes
2026-10-05T04:14:21.686442Z,KXXRP15M-26OCT050015-15,0.9770,3.30,yes
2026-10-05T04:14:21.723454Z,KXXRP15M-26OCT050015-15,0.9770,2.00,yes
2026-10-05T04:14:21.778211Z,KXXRP15M-26OCT050015-15,0.9670,1.00,no
2026-10-05T04:14:21.778211Z,KXXRP15M-26OCT050015-15,0.9660,1.00,no
2026-10-05T04:14:21.778211Z,KXXRP15M-26OCT050015-15,0.9610,9.00,no
2026-10-05T04:14:21.778211Z,KXXRP15M-26OCT050015-15,0.9600,1.80,no
2026-10-05T04:14:21.778211Z,KXXRP15M-26OCT050015-15,0.9600,1.19,no
2026-10-05T04:14:21.778211Z,KXXRP15M-26OCT050015-15,0.9600,4.00,no
2026-10-05T04:14:21.778211Z,KXXRP15M-26OCT050015-15,0.9600,1.00,no
2026-10-05T04:14:21.778211Z,KXXRP15M-26OCT050015-15,0.9660,2.00,no
2026-10-05T04:14:21.840118Z,KXXRP15M-26OCT050015-15,0.9750,1.00,yes
2026-10-05T04:14:21.840118Z,KXXRP15M-26OCT050015-15,0.9750,6.00,yes
2026-10-05T04:14:21.840118Z,KXXRP15M-26OCT050015-15,0.9760,9.00,yes
2026-10-05T04:14:21.840118Z,KXXRP15M-26OCT050015-15,0.9740,2.00,yes
2026-10-05T04:14:21.840118Z,KXXRP15M-26OCT050015-15,0.9680,2.00,yes
2026-10-05T04:14:22.08508Z,KXXRP15M-26OCT050015-15,0.9670,6.67,no
2026-10-05T04:14:22.088728Z,KXXRP15M-26OCT050015-15,0.9680,1.80,yes
2026-10-05T04:14:22.088728Z,KXXRP15M-26OCT050015-15,0.9750,6.00,yes
2026-10-05T04:14:22.088728Z,KXXRP15M-26OCT050015-15,0.9760,26.01,yes
2026-10-05T04:14:22.088728Z,KXXRP15M-26OCT050015-15,0.9680,1.00,yes
2026-10-05T04:14:22.088728Z,KXXRP15M-26OCT050015-15,0.9680,4.00,yes
2026-10-05T04:14:22.088728Z,KXXRP15M-26OCT050015-15,0.9680,1.19,yes
2026-10-05T04:14:22.102565Z,KXXRP15M-26OCT050015-15,0.9500,85.00,no
2026-10-05T04:14:22.102565Z,KXXRP15M-26OCT050015-15,0.9520,20.00,no
2026-10-05T04:14:22.102565Z,KXXRP15M-26OCT050015-15,0.9530,15.00,no
2026-10-05T04:14:22.102565Z,KXXRP15M-26OCT050015-15,0.9510,10.00,no
2026-10-05T04:14:22.102565Z,KXXRP15M-26OCT050015-15,0.9600,2.00,no
2026-10-05T04:14:22.102565Z,KXXRP15M-26OCT050015-15,0.9650,3.00,no
2026-10-05T04:14:22.102565Z,KXXRP15M-26OCT050015-15,0.9660,174.00,no
2026-10-05T04:14:22.102565Z,KXXRP15M-26OCT050015-15,0.9600,9.00,no
2026-10-05T04:14:22.102565Z,KXXRP15M-26OCT050015-15,0.9600,1.00,no
2026-10-05T04:14:22.102565Z,KXXRP15M-26OCT050015-15,0.9550,7.50,no
2026-10-05T04:14:22.102565Z,KXXRP15M-26OCT050015-15,0.9670,4.00,no
2026-10-05T04:14:22.102565Z,KXXRP15M-26OCT050015-15,0.9600,3.01,no
2026-10-05T04:14:22.102565Z,KXXRP15M-26OCT050015-15,0.9670,121.00,no
2026-10-05T04:14:22.102565Z,KXXRP15M-26OCT050015-15,0.9660,2.00,no
2026-10-05T04:14:22.102565Z,KXXRP15M-26OCT050015-15,0.9600,0.88,no
2026-10-05T04:14:22.102565Z,KXXRP15M-26OCT050015-15,0.9600,37.12,no
2026-10-05T04:14:22.102565Z,KXXRP15M-26OCT050015-15,0.9670,3.00,no
2026-10-05T04:14:22.102565Z,KXXRP15M-26OCT050015-15,0.9640,1.00,no
2026-10-05T04:14:22.102565Z,KXXRP15M-26OCT050015-15,0.9670,9.00,no
2026-10-05T04:14:22.102565Z,KXXRP15M-26OCT050015-15,0.9650,7.50,no
2026-10-05T04:14:22.102565Z,KXXRP15M-26OCT050015-15,0.9470,65.13,no
2026-10-05T04:14:22.109386Z,KXXRP15M-26OCT050015-15,0.9770,7.00,yes
2026-10-05T04:14:22.109386Z,KXXRP15M-26OCT050015-15,0.9760,1.00,yes
2026-10-05T04:14:22.3237Z,KXXRP15M-26OCT050015-15,0.9650,1.00,no
2026-10-05T04:14:22.3237Z,KXXRP15M-26OCT050015-15,0.9600,2.00,no
2026-10-05T04:14:22.3237Z,KXXRP15M-26OCT050015-15,0.9660,1.00,no
2026-10-05T04:14:22.410621Z,KXXRP15M-26OCT050015-15,0.9670,33.00,yes
2026-10-05T04:14:22.537864Z,KXXRP15M-26OCT050015-15,0.9600,1.19,no
2026-10-05T04:14:22.537864Z,KXXRP15M-26OCT050015-15,0.9640,1.00,no
2026-10-05T04:14:22.537864Z,KXXRP15M-26OCT050015-15,0.9600,1.00,no
2026-10-05T04:14:22.537864Z,KXXRP15M-26OCT050015-15,0.9600,2.00,no
2026-10-05T04:14:22.537864Z,KXXRP15M-26OCT050015-15,0.9620,1.00,no
2026-10-05T04:14:22.537864Z,KXXRP15M-26OCT050015-15,0.9600,0.81,no
2026-10-05T04:14:22.555697Z,KXXRP15M-26OCT050015-15,0.9670,1.02,yes
2026-10-05T04:14:22.741453Z,KXXRP15M-26OCT050015-15,0.9580,1.00,no
2026-10-05T04:14:22.741453Z,KXXRP15M-26OCT050015-15,0.9610,1.00,no
2026-10-05T04:14:22.741453Z,KXXRP15M-26OCT050015-15,0.9570,11.01,no
2026-10-05T04:14:22.741453Z,KXXRP15M-26OCT050015-15,0.9600,0.99,no
2026-10-05T04:14:22.741453Z,KXXRP15M-26OCT050015-15,0.9590,1.00,no
2026-10-05T04:14:22.83257Z,KXXRP15M-26OCT050015-15,0.9670,23.99,yes
2026-10-05T04:14:22.83257Z,KXXRP15M-26OCT050015-15,0.9680,6.95,yes
2026-10-05T04:14:22.83257Z,KXXRP15M-26OCT050015-15,0.9670,7.00,yes
2026-10-05T04:14:22.83257Z,KXXRP15M-26OCT050015-15,0.9680,9.00,yes
2026-10-05T04:14:22.83257Z,KXXRP15M-26OCT050015-15,0.9680,3.01,yes
2026-10-05T04:14:22.946752Z,KXXRP15M-26OCT050015-15,0.9600,9.00,no
2026-10-05T04:14:22.946752Z,KXXRP15M-26OCT050015-15,0.9600,0.99,no
2026-10-05T04:14:22.946752Z,KXXRP15M-26OCT050015-15,0.9600,3.01,no
2026-10-05T04:14:22.9526Z,KXXRP15M-26OCT050015-15,0.9600,5.96,no
2026-10-05T04:14:23.045451Z,KXXRP15M-26OCT050015-15,0.9600,4.00,yes
2026-10-05T04:14:23.067388Z,KXXRP15M-26OCT050015-15,0.9670,24.96,yes
2026-10-05T04:14:23.067388Z,KXXRP15M-26OCT050015-15,0.9600,0.04,yes
2026-10-05T04:14:23.08745Z,KXXRP15M-26OCT050015-15,0.9680,5.96,yes
2026-10-05T04:14:23.08745Z,KXXRP15M-26OCT050015-15,0.9680,0.99,yes
2026-10-05T04:14:23.08745Z,KXXRP15M-26OCT050015-15,0.9680,9.00,yes
2026-10-05T04:14:23.08745Z,KXXRP15M-26OCT050015-15,0.9680,3.01,yes
2026-10-05T04:14:23.08745Z,KXXRP15M-26OCT050015-15,0.9680,1.19,yes
2026-10-05T04:14:23.08745Z,KXXRP15M-26OCT050015-15,0.9680,2.00,yes
2026-10-05T04:14:23.08745Z,KXXRP15M-26OCT050015-15,0.9670,7.00,yes
2026-10-05T04:14:23.08745Z,KXXRP15M-26OCT050015-15,0.9680,0.99,yes
2026-10-05T04:14:23.08745Z,KXXRP15M-26OCT050015-15,0.9680,1.00,yes
2026-10-05T04:14:23.08745Z,KXXRP15M-26OCT050015-15,0.9680,0.88,yes
2026-10-05T04:14:23.08745Z,KXXRP15M-26OCT050015-15,0.9680,30.17,yes
2026-10-05T04:14:23.08745Z,KXXRP15M-26OCT050015-15,0.9680,0.81,yes
2026-10-05T04:14:23.08745Z,KXXRP15M-26OCT050015-15,0.9680,2.00,yes
2026-10-05T04:14:23.08745Z,KXXRP15M-26OCT050015-15,0.9680,2.00,yes
2026-10-05T04:14:23.08745Z,KXXRP15M-26OCT050015-15,0.9700,7.50,yes
2026-10-05T04:14:23.08745Z,KXXRP15M-26OCT050015-15,0.9670,9.04,yes
2026-10-05T04:14:23.337037Z,KXXRP15M-26OCT050015-15,0.9600,1.00,no
2026-10-05T04:14:23.337037Z,KXXRP15M-26OCT050015-15,0.9600,1.19,no
2026-10-05T04:14:23.337037Z,KXXRP15M-26OCT050015-15,0.9600,0.88,no
2026-10-05T04:14:23.337037Z,KXXRP15M-26OCT050015-15,0.9600,2.00,no
2026-10-05T04:14:23.337037Z,KXXRP15M-26OCT050015-15,0.9600,2.00,no
2026-10-05T04:14:23.337037Z,KXXRP15M-26OCT050015-15,0.9600,2.00,no
2026-10-05T04:14:23.337037Z,KXXRP15M-26OCT050015-15,0.9600,30.17,no
2026-10-05T04:14:23.475761Z,KXXRP15M-26OCT050015-15,0.9730,10.00,yes
2026-10-05T04:14:23.615131Z,KXXRP15M-26OCT050015-15,0.9680,6.81,yes
2026-10-05T04:14:23.627343Z,KXXRP15M-26OCT050015-15,0.9680,0.88,yes
2026-10-05T04:14:23.627343Z,KXXRP15M-26OCT050015-15,0.9680,2.00,yes
2026-10-05T04:14:23.627343Z,KXXRP15M-26OCT050015-15,0.9680,23.36,yes
2026-10-05T04:14:23.78351Z,KXXRP15M-26OCT050015-15,0.9600,0.99,no
2026-10-05T04:14:23.78351Z,KXXRP15M-26OCT050015-15,0.9600,5.96,no
2026-10-05T04:14:23.78351Z,KXXRP15M-26OCT050015-15,0.9600,9.00,no
2026-10-05T04:14:23.78351Z,KXXRP15M-26OCT050015-15,0.9600,3.01,no
2026-10-05T04:14:23.78351Z,KXXRP15M-26OCT050015-15,0.9600,0.99,no
2026-10-05T04:14:23.78351Z,KXXRP15M-26OCT050015-15,0.9600,0.81,no
2026-10-05T04:14:23.78351Z,KXXRP15M-26OCT050015-15,0.9710,55.76,no
2026-10-05T04:14:23.78351Z,KXXRP15M-26OCT050015-15,0.9600,7.50,no
2026-10-05T04:14:23.78351Z,KXXRP15M-26OCT050015-15,0.9610,10.00,no
2026-10-05T04:14:23.78351Z,KXXRP15M-26OCT050015-15,0.9640,9.00,no
2026-10-05T04:14:23.78351Z,KXXRP15M-26OCT050015-15,0.9630,19.00,no
2026-10-05T04:14:23.78351Z,KXXRP15M-26OCT050015-15,0.9600,44.98,no
2026-10-05T04:14:23.794505Z,KXXRP15M-26OCT050015-15,0.9600,19.00,no
2026-10-05T04:14:23.888059Z,KXXRP15M-26OCT050015-15,0.9810,10.00,yes
2026-10-05T04:14:23.888059Z,KXXRP15M-26OCT050015-15,0.9800,7.50,yes
2026-10-05T04:14:23.888059Z,KXXRP15M-26OCT050015-15,0.9820,2.00,yes
2026-10-05T04:14:23.888059Z,KXXRP15M-26OCT050015-15,0.9860,5.49,yes
2026-10-05T04:14:23.888059Z,KXXRP15M-26OCT050015-15,0.9810,9.81,yes
2026-10-05T04:14:23.888059Z,KXXRP15M-26OCT050015-15,0.9850,7.50,yes
2026-10-05T04:14:23.888059Z,KXXRP15M-26OCT050015-15,0.9770,13.89,yes
2026-10-05T04:14:24.009637Z,KXXRP15M-26OCT050015-15,0.9600,8.19,no
2026-10-05T04:14:24.009637Z,KXXRP15M-26OCT050015-15,0.9600,6.81,no
2026-10-05T04:14:24.009637Z,KXXRP15M-26OCT050015-15,0.9620,10.00,no
2026-10-05T04:14:24.065366Z,KXXRP15M-26OCT050015-15,0.9680,0.81,yes
2026-10-05T04:14:24.065366Z,KXXRP15M-26OCT050015-15,0.9680,0.99,yes
2026-10-05T04:14:24.065366Z,KXXRP15M-26OCT050015-15,0.9680,3.01,yes
2026-10-05T04:14:24.065366Z,KXXRP15M-26OCT050015-15,0.9680,9.00,yes
2026-10-05T04:14:24.065366Z,KXXRP15M-26OCT050015-15,0.9680,0.19,yes
2026-10-05T04:14:24.070062Z,KXXRP15M-26OCT050015-15,0.9680,5.96,yes
2026-10-05T04:14:24.070062Z,KXXRP15M-26OCT050015-15,0.9680,0.80,yes
2026-10-05T04:14:24.079383Z,KXXRP15M-26OCT050015-15,0.9780,1.25,yes
2026-10-05T04:14:24.082069Z,KXXRP15M-26OCT050015-15,0.9780,5.69,yes
2026-10-05T04:14:24.082069Z,KXXRP15M-26OCT050015-15,0.9780,4.75,yes
2026-10-05T04:14:24.109402Z,KXXRP15M-26OCT050015-15,0.9680,6.81,yes
2026-10-05T04:14:24.147676Z,KXXRP15M-26OCT050015-15,0.9600,15.17,no
2026-10-05T04:14:24.147676Z,KXXRP15M-26OCT050015-15,0.9600,0.88,no
2026-10-05T04:14:24.147676Z,KXXRP15M-26OCT050015-15,0.9600,2.00,no
2026-10-05T04:14:24.147676Z,KXXRP15M-26OCT050015-15,0.9590,5.37,no
2026-10-05T04:14:24.228469Z,KXXRP15M-26OCT050015-15,0.9680,8.19,yes
2026-10-05T04:14:24.263746Z,KXXRP15M-26OCT050015-15,0.9850,1.50,yes
2026-10-05T04:14:24.364638Z,KXXRP15M-26OCT050015-15,0.9800,5.00,yes
2026-10-05T04:14:24.472956Z,KXXRP15M-26OCT050015-15,0.9610,3.88,no
2026-10-05T04:14:24.472956Z,KXXRP15M-26OCT050015-15,0.9620,9.00,no
2026-10-05T04:14:24.472956Z,KXXRP15M-26OCT050015-15,0.9620,10.00,no
2026-10-05T04:14:24.507652Z,KXXRP15M-26OCT050015-15,0.9680,15.17,yes
2026-10-05T04:14:24.507652Z,KXXRP15M-26OCT050015-15,0.9680,0.83,yes
2026-10-05T04:14:24.587555Z,KXXRP15M-26OCT050015-15,0.9680,0.98,yes
2026-10-05T04:14:24.587555Z,KXXRP15M-26OCT050015-15,0.9680,0.05,yes
2026-10-05T04:14:24.831791Z,KXXRP15M-26OCT050015-15,0.9610,20.00,no
2026-10-05T04:14:24.831791Z,KXXRP15M-26OCT050015-15,0.9600,0.81,no
2026-10-05T04:14:24.831791Z,KXXRP15M-26OCT050015-15,0.9610,10.00,no
2026-10-05T04:14:24.831791Z,KXXRP15M-26OCT050015-15,0.9600,0.19,no
2026-10-05T04:14:24.831791Z,KXXRP15M-26OCT050015-15,0.9600,9.00,no
2026-10-05T04:14:24.831791Z,KXXRP15M-26OCT050015-15,0.9600,0.80,no
2026-10-05T04:14:24.831791Z,KXXRP15M-26OCT050015-15,0.9610,9.00,no
2026-10-05T04:14:24.831791Z,KXXRP15M-26OCT050015-15,0.9610,4.12,no
2026-10-05T04:14:24.831791Z,KXXRP15M-26OCT050015-15,0.9600,0.99,no
2026-10-05T04:14:24.831791Z,KXXRP15M-26OCT050015-15,0.9600,3.01,no
2026-10-05T04:14:24.831791Z,KXXRP15M-26OCT050015-15,0.9600,5.96,no
2026-10-05T04:14:24.831791Z,KXXRP15M-26OCT050015-15,0.9610,15.89,no
2026-10-05T04:14:24.831791Z,KXXRP15M-26OCT050015-15,0.9600,1.87,no
2026-10-05T04:14:24.96144Z,KXXRP15M-26OCT050015-15,0.9680,1.02,yes
2026-10-05T04:14:24.96144Z,KXXRP15M-26OCT050015-15,0.9680,0.81,yes
2026-10-05T04:14:24.96144Z,KXXRP15M-26OCT050015-15,0.9680,0.99,yes
2026-10-05T04:14:24.96144Z,KXXRP15M-26OCT050015-15,0.9680,2.18,yes
2026-10-05T04:14:24.965254Z,KXXRP15M-26OCT050015-15,0.9680,0.83,yes
2026-10-05T04:14:24.965254Z,KXXRP15M-26OCT050015-15,0.9800,4.17,yes
2026-10-05T04:14:25.066265Z,KXXRP15M-26OCT050015-15,0.9680,0.80,yes
2026-10-05T04:14:25.066265Z,KXXRP15M-26OCT050015-15,0.9680,0.19,yes
2026-10-05T04:14:25.066265Z,KXXRP15M-26OCT050015-15,0.9680,9.00,yes
2026-10-05T04:14:25.102239Z,KXXRP15M-26OCT050015-15,0.9680,1.87,yes
2026-10-05T04:14:25.102239Z,KXXRP15M-26OCT050015-15,0.9680,5.96,yes
2026-10-05T04:14:25.119046Z,KXXRP15M-26OCT050015-15,0.9780,1.25,yes
2026-10-05T04:14:25.19898Z,KXXRP15M-26OCT050015-15,0.9870,15.89,yes
2026-10-05T04:14:25.19898Z,KXXRP15M-26OCT050015-15,0.9870,6.00,yes
2026-10-05T04:14:25.19898Z,KXXRP15M-26OCT050015-15,0.9870,20.31,yes
2026-10-05T04:14:25.19898Z,KXXRP15M-26OCT050015-15,0.9880,12.80,yes
2026-10-05T04:14:25.254324Z,KXXRP15M-26OCT050015-15,0.9850,1.49,yes
2026-10-05T04:14:25.459138Z,KXXRP15M-26OCT050015-15,0.9620,172.00,no
2026-10-05T04:14:25.459138Z,KXXRP15M-26OCT050015-15,0.9600,5.96,no
2026-10-05T04:14:25.459138Z,KXXRP15M-26OCT050015-15,0.9610,86.00,no
2026-10-05T04:14:25.459138Z,KXXRP15M-26OCT050015-15,0.9600,0.81,no
2026-10-05T04:14:25.459138Z,KXXRP15M-26OCT050015-15,0.9500,15.59,no
2026-10-05T04:14:25.459138Z,KXXRP15M-26OCT050015-15,0.9650,7.50,no
2026-10-05T04:14:25.459138Z,KXXRP15M-26OCT050015-15,0.9600,0.99,no
2026-10-05T04:14:25.459138Z,KXXRP15M-26OCT050015-15,0.9660,130.00,no
2026-10-05T04:14:25.459138Z,KXXRP15M-26OCT050015-15,0.9600,2.18,no
2026-10-05T04:14:25.459138Z,KXXRP15M-26OCT050015-15,0.9580,86.00,no
2026-10-05T04:14:25.459138Z,KXXRP15M-26OCT050015-15,0.9600,7.50,no
2026-10-05T04:14:25.459138Z,KXXRP15M-26OCT050015-15,0.9600,1.02,no
2026-10-05T04:14:25.459138Z,KXXRP15M-26OCT050015-15,0.9600,9.00,no
2026-10-05T04:14:25.459138Z,KXXRP15M-26OCT050015-15,0.9600,1.87,no
2026-10-05T04:14:25.459138Z,KXXRP15M-26OCT050015-15,0.9630,20.00,no
2026-10-05T04:14:25.459138Z,KXXRP15M-26OCT050015-15,0.9600,0.19,no
2026-10-05T04:14:25.459138Z,KXXRP15M-26OCT050015-15,0.9600,0.83,no
2026-10-05T04:14:25.459138Z,KXXRP15M-26OCT050015-15,0.9600,0.80,no
2026-10-05T04:14:25.459138Z,KXXRP15M-26OCT050015-15,0.9600,8.19,no
2026-10-05T04:14:25.459138Z,KXXRP15M-26OCT050015-15,0.9600,0.05,no
2026-10-05T04:14:25.459138Z,KXXRP15M-26OCT050015-15,0.9600,0.98,no
2026-10-05T04:14:25.459138Z,KXXRP15M-26OCT050015-15,0.9600,4.94,no
2026-10-05T04:14:25.459138Z,KXXRP15M-26OCT050015-15,0.9640,10.00,no
2026-10-05T04:14:25.459138Z,KXXRP15M-26OCT050015-15,0.9600,15.17,no
2026-10-05T04:14:25.459138Z,KXXRP15M-26OCT050015-15,0.9630,20.00,no
2026-10-05T04:14:25.459138Z,KXXRP15M-26OCT050015-15,0.9630,9.00,no
2026-10-05T04:14:25.459138Z,KXXRP15M-26OCT050015-15,0.9600,0.83,no
2026-10-05T04:14:25.459138Z,KXXRP15M-26OCT050015-15,0.9550,7.50,no
2026-10-05T04:14:25.459138Z,KXXRP15M-26OCT050015-15,0.9570,3.99,no
2026-10-05T04:14:25.459138Z,KXXRP15M-26OCT050015-15,0.9600,210.02,no
2026-10-05T04:14:25.551618Z,KXXRP15M-26OCT050015-15,0.9680,8.06,yes
2026-10-05T04:14:25.551618Z,KXXRP15M-26OCT050015-15,0.9680,4.94,yes
2026-10-05T04:14:25.622374Z,KXXRP15M-26OCT050015-15,0.9680,0.13,yes
2026-10-05T04:14:25.622374Z,KXXRP15M-26OCT050015-15,0.9680,0.70,yes
2026-10-05T04:14:25.622374Z,KXXRP15M-26OCT050015-15,0.9680,15.17,yes
2026-10-05T04:14:25.824452Z,KXXRP15M-26OCT050015-15,0.9680,0.81,yes
2026-10-05T04:14:25.824452Z,KXXRP15M-26OCT050015-15,0.9680,0.99,yes
2026-10-05T04:14:25.824452Z,KXXRP15M-26OCT050015-15,0.9680,0.05,yes
2026-10-05T04:14:25.824452Z,KXXRP15M-26OCT050015-15,0.9680,1.02,yes
2026-10-05T04:14:25.824452Z,KXXRP15M-26OCT050015-15,0.9680,0.13,yes
2026-10-05T04:14:25.824452Z,KXXRP15M-26OCT050015-15,0.9680,0.98,yes
2026-10-05T04:14:25.833391Z,KXXRP15M-26OCT050015-15,0.9680,2.18,yes
2026-10-05T04:14:25.999121Z,KXXRP15M-26OCT050015-15,0.9680,0.19,yes
2026-10-05T04:14:25.999121Z,KXXRP15M-26OCT050015-15,0.9680,0.83,yes
2026-10-05T04:14:25.999121Z,KXXRP15M-26OCT050015-15,0.9680,2.37,yes
2026-10-05T04:14:25.999121Z,KXXRP15M-26OCT050015-15,0.9680,9.00,yes
2026-10-05T04:14:25.999121Z,KXXRP15M-26OCT050015-15,0.9680,0.80,yes
2026-10-05T04:14:26.095631Z,KXXRP15M-26OCT050015-15,0.9680,1.41,yes
2026-10-05T04:14:26.095631Z,KXXRP15M-26OCT050015-15,0.9680,3.59,yes
2026-10-05T04:14:26.125757Z,KXXRP15M-26OCT050015-15,0.9680,0.46,yes
2026-10-05T04:14:26.135094Z,KXXRP15M-26OCT050015-15,0.9820,1.25,yes
2026-10-05T04:14:26.503488Z,KXXRP15M-26OCT050015-15,0.9710,2.09,no
2026-10-05T04:14:26.634683Z,KXXRP15M-26OCT050015-15,0.9870,6.47,yes
2026-10-05T04:14:26.757491Z,KXXRP15M-26OCT050015-15,0.9850,7.50,yes
2026-10-05T04:14:26.757491Z,KXXRP15M-26OCT050015-15,0.9850,2.50,yes
2026-10-05T04:14:27.372798Z,KXXRP15M-26OCT050015-15,0.9900,99.03,yes
2026-10-05T04:14:27.372798Z,KXXRP15M-26OCT050015-15,0.9880,187.20,yes
2026-10-05T04:14:27.372798Z,KXXRP15M-26OCT050015-15,0.9850,6.19,yes
2026-10-05T04:14:27.372798Z,KXXRP15M-26OCT050015-15,0.9900,230.61,yes
2026-10-05T04:14:27.372798Z,KXXRP15M-26OCT050015-15,0.9910,20.00,yes
2026-10-05T04:14:27.423175Z,KXXRP15M-26OCT050015-15,0.9920,256.97,no
2026-10-05T04:14:27.423175Z,KXXRP15M-26OCT050015-15,0.9900,0.03,no
2026-10-05T04:14:27.723688Z,KXXRP15M-26OCT050015-15,0.9910,1.00,yes
2026-10-05T04:14:27.723688Z,KXXRP15M-26OCT050015-15,0.9900,1.00,yes
2026-10-05T04:14:27.723688Z,KXXRP15M-26OCT050015-15,0.9920,5.00,yes
2026-10-05T04:14:27.916301Z,KXXRP15M-26OCT050015-15,0.9820,12.00,no
2026-10-05T04:14:27.916301Z,KXXRP15M-26OCT050015-15,0.9920,33.00,no
2026-10-05T04:14:27.916301Z,KXXRP15M-26OCT050015-15,0.9810,3.78,no
2026-10-05T04:14:28.127187Z,KXXRP15M-26OCT050015-15,0.9920,14.00,yes
2026-10-05T04:14:28.204817Z,KXXRP15M-26OCT050015-15,0.9920,1.02,no
2026-10-05T04:14:28.269014Z,KXXRP15M-26OCT050015-15,0.9900,8.00,no
2026-10-05T04:14:28.269014Z,KXXRP15M-26OCT050015-15,0.9900,26.23,no
2026-10-05T04:14:28.269014Z,KXXRP15M-26OCT050015-15,0.9920,24.98,no
2026-10-05T04:14:28.269014Z,KXXRP15M-26OCT050015-15,0.9900,10.00,no
2026-10-05T04:14:28.449168Z,KXXRP15M-26OCT050015-15,0.9950,16.00,yes
2026-10-05T04:14:28.449168Z,KXXRP15M-26OCT050015-15,0.9940,6.00,yes
2026-10-05T04:14:28.449168Z,KXXRP15M-26OCT050015-15,0.9940,65.00,yes
2026-10-05T04:14:28.449168Z,KXXRP15M-26OCT050015-15,0.9940,5.00,yes
2026-10-05T04:14:28.449168Z,KXXRP15M-26OCT050015-15,0.9950,7.52,yes
2026-10-05T04:14:28.669587Z,KXXRP15M-26OCT050015-15,0.9920,22.00,no
2026-10-05T04:14:28.989085Z,KXXRP15M-26OCT050015-15,0.9920,4.00,no
2026-10-05T04:14:29.379703Z,KXXRP15M-26OCT050015-15,0.9930,9.00,yes
2026-10-05T04:14:29.379703Z,KXXRP15M-26OCT050015-15,0.9930,2.00,yes
2026-10-05T04:14:29.379703Z,KXXRP15M-26OCT050015-15,0.9930,284.00,yes
2026-10-05T04:14:29.379703Z,KXXRP15M-26OCT050015-15,0.9940,23.89,yes
2026-10-05T04:14:29.744143Z,KXXRP15M-26OCT050015-15,0.9940,7.00,yes
2026-10-05T04:14:29.744143Z,KXXRP15M-26OCT050015-15,0.9950,5.00,yes
2026-10-05T04:14:29.744143Z,KXXRP15M-26OCT050015-15,0.9950,9.00,yes
2026-10-05T04:14:29.744143Z,KXXRP15M-26OCT050015-15,0.9950,6.00,yes
2026-10-05T04:14:29.744143Z,KXXRP15M-26OCT050015-15,0.9960,18.00,yes
2026-10-05T04:14:29.744143Z,KXXRP15M-26OCT050015-15,0.9940,11.11,yes
2026-10-05T04:14:29.744143Z,KXXRP15M-26OCT050015-15,0.9960,5.00,yes
2026-10-05T04:14:29.744143Z,KXXRP15M-26OCT050015-15,0.9960,9.00,yes
2026-10-05T04:14:29.744143Z,KXXRP15M-26OCT050015-15,0.9960,10.00,yes
2026-10-05T04:14:29.744143Z,KXXRP15M-26OCT050015-15,0.9950,5.51,yes
2026-10-05T04:14:29.744143Z,KXXRP15M-26OCT050015-15,0.9970,40.00,yes
2026-10-05T04:14:29.744143Z,KXXRP15M-26OCT050015-15,0.9970,2.00,yes
2026-10-05T04:14:29.744143Z,KXXRP15M-26OCT050015-15,0.9970,2.00,yes
2026-10-05T04:14:29.744143Z,KXXRP15M-26OCT050015-15,0.9970,2.00,yes
2026-10-05T04:14:29.744143Z,KXXRP15M-26OCT050015-15,0.9970,2.00,yes
2026-10-05T04:14:29.744143Z,KXXRP15M-26OCT050015-15,0.9970,2.00,yes
2026-10-05T04:14:29.744143Z,KXXRP15M-26OCT050015-15,0.9970,18.00,yes
2026-10-05T04:14:29.744143Z,KXXRP15M-26OCT050015-15,0.9970,40.00,yes
2026-10-05T04:14:29.744143Z,KXXRP15M-26OCT050015-15,0.9970,1.00,yes
2026-10-05T04:14:29.744143Z,KXXRP15M-26OCT050015-15,0.9980,400.00,yes
2026-10-05T04:14:29.744143Z,KXXRP15M-26OCT050015-15,0.9980,407.38,yes
2026-10-05T04:14:29.94625Z,KXXRP15M-26OCT050015-15,0.9960,4.92,yes
2026-10-05T04:14:30.055311Z,KXXRP15M-26OCT050015-15,0.9960,5.00,yes
2026-10-05T04:14:30.055311Z,KXXRP15M-26OCT050015-15,0.9960,10.00,yes
2026-10-05T04:14:30.055311Z,KXXRP15M-26OCT050015-15,0.9960,13.08,yes
2026-10-05T04:14:30.055311Z,KXXRP15M-26OCT050015-15,0.9960,7.00,yes
2026-10-05T04:14:30.083958Z,KXXRP15M-26OCT050015-15,0.9970,2.00,yes
2026-10-05T04:14:30.224968Z,KXXRP15M-26OCT050015-15,0.9920,3.35,no
2026-10-05T04:14:30.224968Z,KXXRP15M-26OCT050015-15,0.9940,10.00,no
2026-10-05T04:14:30.258001Z,KXXRP15M-26OCT050015-15,0.9920,10.65,no
2026-10-05T04:14:30.258001Z,KXXRP15M-26OCT050015-15,0.9920,343.50,no
2026-10-05T04:14:30.258001Z,KXXRP15M-26OCT050015-15,0.9920,5.00,no
2026-10-05T04:14:30.516003Z,KXXRP15M-26OCT050015-15,0.9920,8.72,no
2026-10-05T04:14:30.516003Z,KXXRP15M-26OCT050015-15,0.9930,40.00,no
2026-10-05T04:14:30.604062Z,KXXRP15M-26OCT050015-15,0.9920,47.78,no
2026-10-05T04:14:30.604062Z,KXXRP15M-26OCT050015-15,0.9920,17.00,no
2026-10-05T04:14:30.684563Z,KXXRP15M-26OCT050015-15,0.9920,22.10,yes
2026-10-05T04:14:30.707279Z,KXXRP15M-26OCT050015-15,0.9920,24.00,yes
2026-10-05T04:14:30.775826Z,KXXRP15M-26OCT050015-15,0.9920,0.12,yes
2026-10-05T04:14:31.719169Z,KXXRP15M-26OCT050015-15,0.9940,18.00,no
2026-10-05T04:14:31.719169Z,KXXRP15M-26OCT050015-15,0.9940,24.00,no
2026-10-05T04:14:31.7458Z,KXXRP15M-26OCT050015-15,0.9960,4.98,yes
2026-10-05T04:14:32.074932Z,KXXRP15M-26OCT050015-15,0.9960,5.02,yes
2026-10-05T04:14:32.074932Z,KXXRP15M-26OCT050015-15,0.9960,3.98,yes
2026-10-05T04:14:32.088915Z,KXXRP15M-26OCT050015-15,0.9960,61.98,yes
2026-10-05T04:14:32.088915Z,KXXRP15M-26OCT050015-15,0.9960,3.02,yes
2026-10-05T04:14:32.347993Z,KXXRP15M-26OCT050015-15,0.9960,3.02,yes
2026-10-05T04:14:32.347993Z,KXXRP15M-26OCT050015-15,0.9960,3.98,yes
2026-10-05T04:14:32.347993Z,KXXRP15M-26OCT050015-15,0.9960,10.00,yes
2026-10-05T04:14:32.347993Z,KXXRP15M-26OCT050015-15,0.9970,34.00,yes
2026-10-05T04:14:32.347993Z,KXXRP15M-26OCT050015-15,0.9970,130.00,yes
2026-10-05T04:14:32.347993Z,KXXRP15M-26OCT050015-15,0.9980,229.38,yes
2026-10-05T04:14:32.347993Z,KXXRP15M-26OCT050015-15,0.9980,26.00,yes
2026-10-05T04:14:32.347993Z,KXXRP15M-26OCT050015-15,0.9980,3.00,yes
2026-10-05T04:14:32.347993Z,KXXRP15M-26OCT050015-15,0.9980,3.00,yes
2026-10-05T04:14:32.347993Z,KXXRP15M-26OCT050015-15,0.9980,3.00,yes
2026-10-05T04:14:32.347993Z,KXXRP15M-26OCT050015-15,0.9980,3.00,yes
2026-10-05T04:14:32.347993Z,KXXRP15M-26OCT050015-15,0.9980,3.00,yes
2026-10-05T04:14:32.347993Z,KXXRP15M-26OCT050015-15,0.9980,40.00,yes
2026-10-05T04:14:32.347993Z,KXXRP15M-26OCT050015-15,0.9980,92.62,yes
2026-10-05T04:14:32.39508Z,KXXRP15M-26OCT050015-15,0.9960,0.60,no
2026-10-05T04:14:32.430135Z,KXXRP15M-26OCT050015-15,0.9960,16.40,no
2026-10-05T04:14:32.430135Z,KXXRP15M-26OCT050015-15,0.9950,9.00,no
2026-10-05T04:14:32.430135Z,KXXRP15M-26OCT050015-15,0.9960,40.00,no
2026-10-05T04:14:32.430135Z,KXXRP15M-26OCT050015-15,0.9940,9.00,no
2026-10-05T04:14:32.430135Z,KXXRP15M-26OCT050015-15,0.9940,16.00,no
2026-10-05T04:14:32.430135Z,KXXRP15M-26OCT050015-15,0.9940,24.00,no
2026-10-05T04:14:32.430135Z,KXXRP15M-26OCT050015-15,0.9930,68.00,no
2026-10-05T04:14:32.430135Z,KXXRP15M-26OCT050015-15,0.9930,357.00,no
2026-10-05T04:14:32.732139Z,KXXRP15M-26OCT050015-15,0.9950,1.62,no
2026-10-05T04:14:33.19138Z,KXXRP15M-26OCT050015-15,0.9960,16.61,no
2026-10-05T04:14:33.451081Z,KXXRP15M-26OCT050015-15,0.9960,9.00,no
2026-10-05T04:14:33.451081Z,KXXRP15M-26OCT050015-15,0.9960,13.39,no
2026-10-05T04:14:33.451081Z,KXXRP15M-26OCT050015-15,0.9950,4.16,no
2026-10-05T04:14:33.451081Z,KXXRP15M-26OCT050015-15,0.9960,14.00,no
2026-10-05T04:14:33.451081Z,KXXRP15M-26OCT050015-15,0.9950,10.38,no
2026-10-05T04:14:34.188484Z,KXXRP15M-26OCT050015-15,0.9960,1.49,no
2026-10-05T04:14:34.250089Z,KXXRP15M-26OCT050015-15,0.9960,11.51,no
2026-10-05T04:14:34.250089Z,KXXRP15M-26OCT050015-15,0.9940,4.00,no
2026-10-05T04:14:34.250089Z,KXXRP15M-26OCT050015-15,0.9950,10.00,no
2026-10-05T04:14:34.250089Z,KXXRP15M-26OCT050015-15,0.9950,6.84,no
2026-10-05T04:14:34.250089Z,KXXRP15M-26OCT050015-15,0.9940,17.00,no
2026-10-05T04:14:34.250089Z,KXXRP15M-26OCT050015-15,0.9940,24.00,no
2026-10-05T04:14:34.250089Z,KXXRP15M-26OCT050015-15,0.9930,17.00,no
2026-10-05T04:14:34.250089Z,KXXRP15M-26OCT050015-15,0.9930,78.76,no
2026-10-05T04:14:34.437473Z,KXXRP15M-26OCT050015-15,0.9970,19.00,yes
2026-10-05T04:14:34.437473Z,KXXRP15M-26OCT050015-15,0.9970,3.00,yes
2026-10-05T04:14:34.882661Z,KXXRP15M-26OCT050015-15,0.9940,22.00,no
2026-10-05T04:14:34.882661Z,KXXRP15M-26OCT050015-15,0.9910,19.00,no
2026-10-05T04:14:34.882661Z,KXXRP15M-26OCT050015-15,0.9950,0.01,no
2026-10-05T04:14:34.882661Z,KXXRP15M-26OCT050015-15,0.9900,8.00,no
2026-10-05T04:14:34.882661Z,KXXRP15M-26OCT050015-15,0.9900,30.87,no
2026-10-05T04:14:34.882661Z,KXXRP15M-26OCT050015-15,0.9920,25.00,no
2026-10-05T04:14:34.882661Z,KXXRP15M-26OCT050015-15,0.9900,6.00,no
2026-10-05T04:14:34.882661Z,KXXRP15M-26OCT050015-15,0.9920,9.00,no
2026-10-05T04:14:34.882661Z,KXXRP15M-26OCT050015-15,0.9910,64.24,no
2026-10-05T04:14:35.074247Z,KXXRP15M-26OCT050015-15,0.9970,25.16,yes
2026-10-05T04:14:35.177395Z,KXXRP15M-26OCT050015-15,0.9900,9.13,no
2026-10-05T04:14:35.177395Z,KXXRP15M-26OCT050015-15,0.9900,36.18,no
2026-10-05T04:14:35.177395Z,KXXRP15M-26OCT050015-15,0.9900,3.00,no
2026-10-05T04:14:35.177395Z,KXXRP15M-26OCT050015-15,0.9910,31.00,no
2026-10-05T04:14:35.177395Z,KXXRP15M-26OCT050015-15,0.9910,19.00,no
2026-10-05T04:14:35.177395Z,KXXRP15M-26OCT050015-15,0.9920,341.00,no
2026-10-05T04:14:35.238524Z,KXXRP15M-26OCT050015-15,0.9970,10.00,yes
2026-10-05T04:14:35.238524Z,KXXRP15M-26OCT050015-15,0.9970,3.00,yes
2026-10-05T04:14:36.058004Z,KXXRP15M-26OCT050015-15,0.9970,3.81,yes
2026-10-05T04:14:36.146619Z,KXXRP15M-26OCT050015-15,0.9970,10.00,yes
2026-10-05T04:14:36.146619Z,KXXRP15M-26OCT050015-15,0.9970,3.00,yes
2026-10-05T04:14:36.452991Z,KXXRP15M-26OCT050015-15,0.9900,40.00,no
2026-10-05T04:14:36.452991Z,KXXRP15M-26OCT050015-15,0.9840,31.00,no
2026-10-05T04:14:36.452991Z,KXXRP15M-26OCT050015-15,0.9820,78.00,no
2026-10-05T04:14:36.452991Z,KXXRP15M-26OCT050015-15,0.9900,3.82,no
2026-10-05T04:14:36.452991Z,KXXRP15M-26OCT050015-15,0.9810,15.99,no
2026-10-05T04:14:36.452991Z,KXXRP15M-26OCT050015-15,0.9900,20.00,no
2026-10-05T04:14:36.452991Z,KXXRP15M-26OCT050015-15,0.9900,20.00,no
2026-10-05T04:14:36.452991Z,KXXRP15M-26OCT050015-15,0.9830,25.00,no
2026-10-05T04:14:36.452991Z,KXXRP15M-26OCT050015-15,0.9900,3.00,no
2026-10-05T04:14:36.452991Z,KXXRP15M-26OCT050015-15,0.9830,2.00,no
2026-10-05T04:14:36.452991Z,KXXRP15M-26OCT050015-15,0.9920,600.00,no
2026-10-05T04:14:36.452991Z,KXXRP15M-26OCT050015-15,0.9830,12.00,no
2026-10-05T04:14:36.452991Z,KXXRP15M-26OCT050015-15,0.9930,31.00,no
2026-10-05T04:14:36.452991Z,KXXRP15M-26OCT050015-15,0.9810,1.00,no
2026-10-05T04:14:36.452991Z,KXXRP15M-26OCT050015-15,0.9890,9.36,no
2026-10-05T04:14:36.452991Z,KXXRP15M-26OCT050015-15,0.9850,20.00,no
2026-10-05T04:14:36.452991Z,KXXRP15M-26OCT050015-15,0.9850,7.50,no
2026-10-05T04:14:36.525664Z,KXXRP15M-26OCT050015-15,0.9820,0.98,no
2026-10-05T04:14:36.533908Z,KXXRP15M-26OCT050015-15,0.9950,10.00,yes
2026-10-05T04:14:36.630295Z,KXXRP15M-26OCT050015-15,0.9960,10.00,yes
2026-10-05T04:14:36.630295Z,KXXRP15M-26OCT050015-15,0.9960,7.00,yes
2026-10-05T04:14:36.82401Z,KXXRP15M-26OCT050015-15,0.9960,10.00,yes
2026-10-05T04:14:36.82401Z,KXXRP15M-26OCT050015-15,0.9960,7.00,yes
2026-10-05T04:14:37.123929Z,KXXRP15M-26OCT050015-15,0.9870,11.01,no
2026-10-05T04:14:37.143767Z,KXXRP15M-26OCT050015-15,0.9870,52.92,no
2026-10-05T04:14:37.143767Z,KXXRP15M-26OCT050015-15,0.9870,2.12,no
2026-10-05T04:14:37.210987Z,KXXRP15M-26OCT050015-15,0.9960,0.20,yes
2026-10-05T04:14:37.63577Z,KXXRP15M-26OCT050015-15,0.9960,26.00,yes
2026-10-05T04:14:37.726172Z,KXXRP15M-26OCT050015-15,0.9970,10.00,yes
2026-10-05T04:14:37.726172Z,KXXRP15M-26OCT050015-15,0.9970,40.00,yes
2026-10-05T04:14:37.726172Z,KXXRP15M-26OCT050015-15,0.9970,126.00,yes
2026-10-05T04:14:37.726172Z,KXXRP15M-26OCT050015-15,0.9970,3.00,yes
2026-10-05T04:14:37.726172Z,KXXRP15M-26OCT050015-15,0.9970,15.00,yes
2026-10-05T04:14:37.827368Z,KXXRP15M-26OCT050015-15,0.9900,89.93,no
2026-10-05T04:14:37.845863Z,KXXRP15M-26OCT050015-15,0.9900,5.78,no
2026-10-05T04:14:37.997709Z,KXXRP15M-26OCT050015-15,0.9980,12.00,yes
2026-10-05T04:14:38.125578Z,KXXRP15M-26OCT050015-15,0.9900,93.51,no
2026-10-05T04:14:38.372605Z,KXXRP15M-26OCT050015-15,0.9900,187.03,no
2026-10-05T04:14:38.46104Z,KXXRP15M-26OCT050015-15,0.9980,4.90,yes
2026-10-05T04:14:38.714693Z,KXXRP15M-26OCT050015-15,0.9900,467.59,no
2026-10-05T04:14:39.050157Z,KXXRP15M-26OCT050015-15,0.9870,12.08,no
2026-10-05T04:14:39.050157Z,KXXRP15M-26OCT050015-15,0.9800,5.00,no
2026-10-05T04:14:39.050157Z,KXXRP15M-26OCT050015-15,0.9770,6.19,no
2026-10-05T04:14:39.050157Z,KXXRP15M-26OCT050015-15,0.9720,77.00,no
2026-10-05T04:14:39.050157Z,KXXRP15M-26OCT050015-15,0.9730,9.00,no
2026-10-05T04:14:39.050157Z,KXXRP15M-26OCT050015-15,0.9750,9.00,no
2026-10-05T04:14:39.050157Z,KXXRP15M-26OCT050015-15,0.9740,57.00,no
2026-10-05T04:14:39.050157Z,KXXRP15M-26OCT050015-15,0.9750,2.00,no
2026-10-05T04:14:39.050157Z,KXXRP15M-26OCT050015-15,0.9710,209.55,no
2026-10-05T04:14:39.050157Z,KXXRP15M-26OCT050015-15,0.9810,21.01,no
2026-10-05T04:14:39.050157Z,KXXRP15M-26OCT050015-15,0.9900,1670.16,no
2026-10-05T04:14:39.050157Z,KXXRP15M-26OCT050015-15,0.9830,1.00,no
2026-10-05T04:14:39.050157Z,KXXRP15M-26OCT050015-15,0.9820,20.00,no
2026-10-05T04:14:39.050157Z,KXXRP15M-26OCT050015-15,0.9820,182.02,no
2026-10-05T04:14:39.050157Z,KXXRP15M-26OCT050015-15,0.9830,12.00,no
2026-10-05T04:14:39.050157Z,KXXRP15M-26OCT050015-15,0.9890,20.00,no
2026-10-05T04:14:39.050157Z,KXXRP15M-26OCT050015-15,0.9850,208.00,no
2026-10-05T04:14:39.050157Z,KXXRP15M-26OCT050015-15,0.9800,210.00,no
2026-10-05T04:14:39.050157Z,KXXRP15M-26OCT050015-15,0.9850,7.50,no
2026-10-05T04:14:39.072051Z,KXXRP15M-26OCT050015-15,0.9950,7.50,yes
2026-10-05T04:14:39.086404Z,KXXRP15M-26OCT050015-15,0.9900,17.76,no
2026-10-05T04:14:39.223006Z,KXXRP15M-26OCT050015-15,0.9950,10.00,yes
2026-10-05T04:14:39.223006Z,KXXRP15M-26OCT050015-15,0.9950,18.00,yes
2026-10-05T04:14:40.07294Z,KXXRP15M-26OCT050015-15,0.9960,1.00,yes
2026-10-05T04:14:40.125519Z,KXXRP15M-26OCT050015-15,0.9960,7.00,yes
2026-10-05T04:14:40.125519Z,KXXRP15M-26OCT050015-15,0.9970,7.00,yes
2026-10-05T04:14:40.125519Z,KXXRP15M-26OCT050015-15,0.9960,2.00,yes
2026-10-05T04:14:40.444422Z,KXXRP15M-26OCT050015-15,0.9910,221.33,no
2026-10-05T04:14:40.456385Z,KXXRP15M-26OCT050015-15,0.9910,0.78,no
2026-10-05T04:14:40.775752Z,KXXRP15M-26OCT050015-15,0.9910,356.89,no
2026-10-05T04:14:40.775752Z,KXXRP15M-26OCT050015-15,0.9960,10.00,no
2026-10-05T04:14:40.778357Z,KXXRP15M-26OCT050015-15,0.9900,2.00,no
2026-10-05T04:14:41.572988Z,KXXRP15M-26OCT050015-15,0.9900,1.66,no
2026-10-05T04:14:41.572988Z,KXXRP15M-26OCT050015-15,0.9900,0.01,no
2026-10-05T04:14:41.572988Z,KXXRP15M-26OCT050015-15,0.9900,82.12,no
2026-10-05T04:14:41.572988Z,KXXRP15M-26OCT050015-15,0.9950,52.00,no
2026-10-05T04:14:41.572988Z,KXXRP15M-26OCT050015-15,0.9940,10.00,no
2026-10-05T04:14:41.572988Z,KXXRP15M-26OCT050015-15,0.9910,19.00,no
2026-10-05T04:14:41.700202Z,KXXRP15M-26OCT050015-15,0.9970,1.01,yes
2026-10-05T04:14:41.700202Z,KXXRP15M-26OCT050015-15,0.9960,40.00,yes
2026-10-05T04:14:41.791303Z,KXXRP15M-26OCT050015-15,0.9970,1.99,yes
2026-10-05T04:14:41.791303Z,KXXRP15M-26OCT050015-15,0.9970,0.01,yes
2026-10-05T04:14:41.823431Z,KXXRP15M-26OCT050015-15,0.9960,2.00,no
2026-10-05T04:14:41.857935Z,KXXRP15M-26OCT050015-15,0.9930,2.01,yes
2026-10-05T04:14:41.914885Z,KXXRP15M-26OCT050015-15,0.9930,11.00,yes
2026-10-05T04:14:41.986076Z,KXXRP15M-26OCT050015-15,0.9910,19.00,no
2026-10-05T04:14:41.986076Z,KXXRP15M-26OCT050015-15,0.9900,4.28,no
2026-10-05T04:14:41.986076Z,KXXRP15M-26OCT050015-15,0.9910,19.00,no
2026-10-05T04:14:42.066636Z,KXXRP15M-26OCT050015-15,0.9930,4.34,yes
2026-10-05T04:14:42.082422Z,KXXRP15M-26OCT050015-15,0.9930,31.17,yes
2026-10-05T04:14:42.159438Z,KXXRP15M-26OCT050015-15,0.9970,18.00,yes
2026-10-05T04:14:42.159438Z,KXXRP15M-26OCT050015-15,0.9970,3.00,yes
2026-10-05T04:14:42.159438Z,KXXRP15M-26OCT050015-15,0.9970,10.00,yes
2026-10-05T04:14:42.687127Z,KXXRP15M-26OCT050015-15,0.9950,10.00,no
2026-10-05T04:14:42.687127Z,KXXRP15M-26OCT050015-15,0.9930,25.00,no
2026-10-05T04:14:42.687127Z,KXXRP15M-26OCT050015-15,0.9940,10.00,no
2026-10-05T04:14:43.032133Z,KXXRP15M-26OCT050015-15,0.9980,1.50,yes
2026-10-05T04:14:43.126016Z,KXXRP15M-26OCT050015-15,0.9970,9.65,yes
2026-10-05T04:14:43.324696Z,KXXRP15M-26OCT050015-15,0.9970,3.00,yes
2026-10-05T04:14:43.324696Z,KXXRP15M-26OCT050015-15,0.9970,10.00,yes
2026-10-05T04:14:43.423366Z,KXXRP15M-26OCT050015-15,0.9970,24.78,no
2026-10-05T04:14:43.87693Z,KXXRP15M-26OCT050015-15,0.9960,8.00,no
2026-10-05T04:14:43.87693Z,KXXRP15M-26OCT050015-15,0.9970,5.68,no
2026-10-05T04:14:43.87693Z,KXXRP15M-26OCT050015-15,0.9970,159.22,no
2026-10-05T04:14:43.87693Z,KXXRP15M-26OCT050015-15,0.9970,10.00,no
2026-10-05T04:14:43.87693Z,KXXRP15M-26OCT050015-15,0.9960,88.51,no
2026-10-05T04:14:43.932481Z,KXXRP15M-26OCT050015-15,0.9960,119.74,no
2026-10-05T04:14:43.935112Z,KXXRP15M-26OCT050015-15,0.9960,1.57,no
2026-10-05T04:14:44.178665Z,KXXRP15M-26OCT050015-15,0.9960,51.82,no
2026-10-05T04:14:44.178665Z,KXXRP15M-26OCT050015-15,0.9960,18.18,no
2026-10-05T04:14:44.178665Z,KXXRP15M-26OCT050015-15,0.9970,10.00,no
2026-10-05T04:14:44.530367Z,KXXRP15M-26OCT050015-15,0.9900,92.42,no
2026-10-05T04:14:44.530367Z,KXXRP15M-26OCT050015-15,0.9910,20.00,no
2026-10-05T04:14:44.530367Z,KXXRP15M-26OCT050015-15,0.9910,19.00,no
2026-10-05T04:14:44.530367Z,KXXRP15M-26OCT050015-15,0.9960,96.18,no
2026-10-05T04:14:44.530367Z,KXXRP15M-26OCT050015-15,0.9970,68.00,no
2026-10-05T04:14:44.739526Z,KXXRP15M-26OCT050015-15,0.9970,3.00,yes
2026-10-05T04:14:44.739526Z,KXXRP15M-26OCT050015-15,0.9970,52.00,yes
2026-10-05T04:14:44.739526Z,KXXRP15M-26OCT050015-15,0.9970,90.00,yes
2026-10-05T04:14:44.739526Z,KXXRP15M-26OCT050015-15,0.9970,10.00,yes
2026-10-05T04:14:44.998012Z,KXXRP15M-26OCT050015-15,0.9920,103.91,no
2026-10-05T04:14:45.092422Z,KXXRP15M-26OCT050015-15,0.9980,152.22,yes
2026-10-05T04:14:45.092422Z,KXXRP15M-26OCT050015-15,0.9980,19.00,yes
2026-10-05T04:14:45.092422Z,KXXRP15M-26OCT050015-15,0.9980,17.00,yes
2026-10-05T04:14:45.092422Z,KXXRP15M-26OCT050015-15,0.9980,157.78,yes
2026-10-05T04:14:45.092422Z,KXXRP15M-26OCT050015-15,0.9980,10.00,yes
2026-10-05T04:14:45.092422Z,KXXRP15M-26OCT050015-15,0.9980,5.00,yes
2026-10-05T04:14:45.092422Z,KXXRP15M-26OCT050015-15,0.9980,500.00,yes
2026-10-05T04:14:45.225503Z,KXXRP15M-26OCT050015-15,0.9980,10.00,yes
2026-10-05T04:14:45.225503Z,KXXRP15M-26OCT050015-15,0.9980,19.00,yes
2026-10-05T04:14:45.225503Z,KXXRP15M-26OCT050015-15,0.9980,17.00,yes
2026-10-05T04:14:45.961961Z,KXXRP15M-26OCT050015-15,0.9990,9.86,yes
2026-10-05T04:14:46.070361Z,KXXRP15M-26OCT050015-15,0.9990,40.00,yes
2026-10-05T04:14:46.070361Z,KXXRP15M-26OCT050015-15,0.9990,33.44,yes
2026-10-05T04:14:46.070361Z,KXXRP15M-26OCT050015-15,0.9990,1.00,yes
2026-10-05T04:14:46.070361Z,KXXRP15M-26OCT050015-15,0.9990,40.00,yes
2026-10-05T04:14:46.070361Z,KXXRP15M-26OCT050015-15,0.9990,1.00,yes
2026-10-05T04:14:46.070361Z,KXXRP15M-26OCT050015-15,0.9990,500.00,yes
2026-10-05T04:14:46.070361Z,KXXRP15M-26OCT050015-15,0.9990,1.00,yes
2026-10-05T04:14:46.070361Z,KXXRP15M-26OCT050015-15,0.9990,500.00,yes
2026-10-05T04:14:46.070361Z,KXXRP15M-26OCT050015-15,0.9990,176.42,yes
2026-10-05T04:14:46.070361Z,KXXRP15M-26OCT050015-15,0.9990,790.14,yes
2026-10-05T04:14:46.377749Z,KXXRP15M-26OCT050015-15,0.9980,31.16,no
2026-10-05T04:14:46.44622Z,KXXRP15M-26OCT050015-15,0.9980,186.97,no
2026-10-05T04:14:47.059749Z,KXXRP15M-26OCT050015-15,0.9970,10.00,no
2026-10-05T04:14:47.059749Z,KXXRP15M-26OCT050015-15,0.9970,10.00,no
2026-10-05T04:14:47.059749Z,KXXRP15M-26OCT050015-15,0.9980,281.87,no
2026-10-05T04:14:47.059749Z,KXXRP15M-26OCT050015-15,0.9960,80.67,no
2026-10-05T04:14:47.059749Z,KXXRP15M-26OCT050015-15,0.9980,40.00,no
2026-10-05T04:14:47.059749Z,KXXRP15M-26OCT050015-15,0.9990,10.00,no
2026-10-05T04:14:47.372982Z,KXXRP15M-26OCT050015-15,0.9960,20.10,no
2026-10-05T04:14:47.953822Z,KXXRP15M-26OCT050015-15,0.9960,233.72,no
2026-10-05T04:14:48.577812Z,KXXRP15M-26OCT050015-15,0.9960,165.51,no
2026-10-05T04:14:48.577812Z,KXXRP15M-26OCT050015-15,0.9960,10.00,no
2026-10-05T04:14:48.577812Z,KXXRP15M-26OCT050015-15,0.9950,18.69,no
2026-10-05T04:14:48.577812Z,KXXRP15M-26OCT050015-15,0.9960,33.00,no
2026-10-05T04:14:48.79489Z,KXXRP15M-26OCT050015-15,0.9990,18.00,yes
2026-10-05T04:14:48.975381Z,KXXRP15M-26OCT050015-15,0.9950,800.00,no
2026-10-05T04:14:48.975381Z,KXXRP15M-26OCT050015-15,0.9950,176.42,no
2026-10-05T04:14:48.975381Z,KXXRP15M-26OCT050015-15,0.9960,399.00,no
2026-10-05T04:14:48.975381Z,KXXRP15M-26OCT050015-15,0.9960,33.00,no
2026-10-05T04:14:48.975381Z,KXXRP15M-26OCT050015-15,0.9940,40.00,no
2026-10-05T04:14:48.975381Z,KXXRP15M-26OCT050015-15,0.9930,305.01,no
2026-10-05T04:14:48.975381Z,KXXRP15M-26OCT050015-15,0.9950,481.31,no
2026-10-05T04:14:48.987166Z,KXXRP15M-26OCT050015-15,0.9990,0.69,yes
2026-10-05T04:14:48.987166Z,KXXRP15M-26OCT050015-15,0.9990,40.00,yes
2026-10-05T04:14:48.987166Z,KXXRP15M-26OCT050015-15,0.9990,33.31,yes
2026-10-05T04:14:49.624744Z,KXXRP15M-26OCT050015-15,0.9850,20.00,no
2026-10-05T04:14:49.624744Z,KXXRP15M-26OCT050015-15,0.9900,5.37,no
2026-10-05T04:14:49.624744Z,KXXRP15M-26OCT050015-15,0.9900,1083.18,no
2026-10-05T04:14:49.624744Z,KXXRP15M-26OCT050015-15,0.9900,200.00,no
2026-10-05T04:14:49.624744Z,KXXRP15M-26OCT050015-15,0.9900,0.49,no
2026-10-05T04:14:49.624744Z,KXXRP15M-26OCT050015-15,0.9900,2.29,no
2026-10-05T04:14:49.624744Z,KXXRP15M-26OCT050015-15,0.9800,130.26,no
2026-10-05T04:14:49.624744Z,KXXRP15M-26OCT050015-15,0.9950,65.00,no
2026-10-05T04:14:49.624744Z,KXXRP15M-26OCT050015-15,0.9930,169.99,no
2026-10-05T04:14:49.624744Z,KXXRP15M-26OCT050015-15,0.9900,7.50,no
2026-10-05T04:14:49.624744Z,KXXRP15M-26OCT050015-15,0.9900,50.00,no
2026-10-05T04:14:49.624744Z,KXXRP15M-26OCT050015-15,0.9920,90.00,no
2026-10-05T04:14:49.624744Z,KXXRP15M-26OCT050015-15,0.9920,100.00,no
2026-10-05T04:14:49.624744Z,KXXRP15M-26OCT050015-15,0.9900,1.00,no
2026-10-05T04:14:49.624744Z,KXXRP15M-26OCT050015-15,0.9940,153.00,no
2026-10-05T04:14:49.624744Z,KXXRP15M-26OCT050015-15,0.9950,18.69,no
2026-10-05T04:14:49.624744Z,KXXRP15M-26OCT050015-15,0.9950,24.00,no
2026-10-05T04:14:51.037592Z,KXXRP15M-26OCT050015-15,0.9900,10.00,no
2026-10-05T04:14:51.037592Z,KXXRP15M-26OCT050015-15,0.9900,20.00,no
2026-10-05T04:14:51.037592Z,KXXRP15M-26OCT050015-15,0.9900,10.00,no
2026-10-05T04:14:51.037592Z,KXXRP15M-26OCT050015-15,0.9900,25.00,no
2026-10-05T04:14:51.037592Z,KXXRP15M-26OCT050015-15,0.9930,4.00,no
2026-10-05T04:14:51.037592Z,KXXRP15M-26OCT050015-15,0.9900,58.00,no
2026-10-05T04:14:51.037592Z,KXXRP15M-26OCT050015-15,0.9900,20.00,no
2026-10-05T04:14:51.037592Z,KXXRP15M-26OCT050015-15,0.9940,33.00,no
2026-10-05T04:14:51.037592Z,KXXRP15M-26OCT050015-15,0.9900,7.50,no
2026-10-05T04:14:51.037592Z,KXXRP15M-26OCT050015-15,0.9910,19.00,no
2026-10-05T04:14:51.567323Z,KXXRP15M-26OCT050015-15,0.9820,10.91,no
2026-10-05T04:14:51.567323Z,KXXRP15M-26OCT050015-15,0.9900,20.00,no
2026-10-05T04:14:51.567323Z,KXXRP15M-26OCT050015-15,0.9900,3.16,no
2026-10-05T04:14:51.567323Z,KXXRP15M-26OCT050015-15,0.9930,5.00,no
2026-10-05T04:14:51.567323Z,KXXRP15M-26OCT050015-15,0.9920,5.00,no
2026-10-05T04:14:51.567323Z,KXXRP15M-26OCT050015-15,0.9850,28.00,no
2026-10-05T04:14:52.266465Z,KXXRP15M-26OCT050015-15,0.9950,30.00,yes
2026-10-05T04:14:52.340106Z,KXXRP15M-26OCT050015-15,0.9990,40.00,yes
2026-10-05T04:14:52.340106Z,KXXRP15M-26OCT050015-15,0.9990,34.00,yes
2026-10-05T04:14:52.822406Z,KXXRP15M-26OCT050015-15,0.9950,287.00,no
2026-10-05T04:14:53.38292Z,KXXRP15M-26OCT050015-15,0.9850,40.00,no
2026-10-05T04:14:53.38292Z,KXXRP15M-26OCT050015-15,0.9900,15.00,no
2026-10-05T04:14:53.38292Z,KXXRP15M-26OCT050015-15,0.9830,22.09,no
2026-10-05T04:14:53.38292Z,KXXRP15M-26OCT050015-15,0.9850,110.00,no
2026-10-05T04:14:53.38292Z,KXXRP15M-26OCT050015-15,0.9900,5.00,no
2026-10-05T04:14:53.38292Z,KXXRP15M-26OCT050015-15,0.9900,10.00,no
2026-10-05T04:14:53.38292Z,KXXRP15M-26OCT050015-15,0.9930,5.00,no
2026-10-05T04:14:53.38292Z,KXXRP15M-26OCT050015-15,0.9900,2.00,no
2026-10-05T04:14:53.38292Z,KXXRP15M-26OCT050015-15,0.9850,2.00,no
2026-10-05T04:14:53.38292Z,KXXRP15M-26OCT050015-15,0.9910,19.00,no
2026-10-05T04:14:53.38292Z,KXXRP15M-26OCT050015-15,0.9900,40.00,no
2026-10-05T04:14:53.38292Z,KXXRP15M-26OCT050015-15,0.9900,4.00,no
2026-10-05T04:14:53.38292Z,KXXRP15M-26OCT050015-15,0.9900,10.00,no
2026-10-05T04:14:53.38292Z,KXXRP15M-26OCT050015-15,0.9860,48.00,no
2026-10-05T04:14:53.938007Z,KXXRP15M-26OCT050015-15,0.9820,20.00,no
2026-10-05T04:14:53.938007Z,KXXRP15M-26OCT050015-15,0.9830,5.91,no
2026-10-05T04:14:53.938007Z,KXXRP15M-26OCT050015-15,0.9830,10.00,no
2026-10-05T04:14:53.938007Z,KXXRP15M-26OCT050015-15,0.9810,12.00,no
2026-10-05T04:14:53.938007Z,KXXRP15M-26OCT050015-15,0.9800,3.27,no
2026-10-05T04:14:54.975522Z,KXXRP15M-26OCT050015-15,0.9900,10.00,no
2026-10-05T04:14:54.975522Z,KXXRP15M-26OCT050015-15,0.9810,14.79,no
2026-10-05T04:14:54.975522Z,KXXRP15M-26OCT050015-15,0.9820,12.00,no
2026-10-05T04:14:54.975522Z,KXXRP15M-26OCT050015-15,0.9830,10.00,no
2026-10-05T04:14:55.730228Z,KXXRP15M-26OCT050015-15,0.9990,110.00,yes
2026-10-05T04:14:55.730228Z,KXXRP15M-26OCT050015-15,0.9990,40.00,yes
2026-10-05T04:14:55.730228Z,KXXRP15M-26OCT050015-15,0.9990,34.00,yes
2026-10-05T04:14:55.941195Z,KXXRP15M-26OCT050015-15,0.9990,40.00,yes
2026-10-05T04:14:55.941195Z,KXXRP15M-26OCT050015-15,0.9990,34.00,yes
2026-10-05T04:14:56.134652Z,KXXRP15M-26OCT050015-15,0.9830,10.00,no
2026-10-05T04:14:56.134652Z,KXXRP15M-26OCT050015-15,0.9900,10.00,no
2026-10-05T04:14:56.134652Z,KXXRP15M-26OCT050015-15,0.9820,1.07,no
2026-10-05T04:14:56.346469Z,KXXRP15M-26OCT050015-15,0.9900,29.64,no
2026-10-05T04:14:56.429008Z,KXXRP15M-26OCT050015-15,0.9990,40.00,yes
2026-10-05T04:14:56.429008Z,KXXRP15M-26OCT050015-15,0.9990,40.00,yes
2026-10-05T04:14:56.431607Z,KXXRP15M-26OCT050015-15,0.9990,34.00,yes
2026-10-05T04:14:57.367791Z,KXXRP15M-26OCT050015-15,0.9990,243.00,no
2026-10-05T04:14:57.476779Z,KXXRP15M-26OCT050015-15,0.9990,59.06,no
2026-10-05T04:14:57.567654Z,KXXRP15M-26OCT050015-15,0.9990,915.99,no
2026-10-05T04:14:58.303027Z,KXXRP15M-26OCT050015-15,0.9990,603.29,no
2026-10-05T04:14:58.303027Z,KXXRP15M-26OCT050015-15,0.9990,2410.60,no
2026-10-05T04:14:58.303027Z,KXXRP15M-26OCT050015-15,0.9990,8930.95,no
2026-10-05T04:14:58.59502Z,KXXRP15M-26OCT050015-15,0.9990,9.01,no
2026-10-05T04:14:59.848803Z,KXXRP15M-26OCT050015-15,0.9990,28.57,no
2026-10-05T04:14:02.210524Z,KXGBPUSD15M-26OCT050015-30,0.9900,8.00,yes
2026-10-05T04:14:02.223342Z,KXGBPUSD15M-26OCT050015-30,0.9900,15.00,yes
2026-10-05T04:14:27.113542Z,KXGBPUSD15M-26OCT050015-30,0.9900,6.29,yes
2026-10-05T04:14:29.503804Z,KXGBPUSD15M-26OCT050015-30,0.9900,0.22,yes
2026-10-05T04:14:29.503804Z,KXGBPUSD15M-26OCT050015-30,0.9900,75.00,yes
2026-10-05T04:14:29.503804Z,KXGBPUSD15M-26OCT050015-30,0.9900,1.00,yes
2026-10-05T04:14:29.503804Z,KXGBPUSD15M-26OCT050015-30,0.9900,1.00,yes
2026-10-05T04:14:29.503804Z,KXGBPUSD15M-26OCT050015-30,0.9900,29.78,yes
2026-10-05T04:14:29.503804Z,KXGBPUSD15M-26OCT050015-30,0.9900,10.00,yes
2026-10-05T04:14:34.935491Z,KXGBPUSD15M-26OCT050015-30,0.9900,0.19,yes
2026-10-05T04:14:34.935491Z,KXGBPUSD15M-26OCT050015-30,0.9900,17.81,yes
2026-10-05T04:14:00.127628Z,KXPALLADIUM15M-26OCT050015-15,0.0600,1.00,no
2026-10-05T04:14:00.527081Z,KXPALLADIUM15M-26OCT050015-15,0.0500,7.00,no
2026-10-05T04:14:00.527081Z,KXPALLADIUM15M-26OCT050015-15,0.0600,30.00,no
2026-10-05T04:14:00.527081Z,KXPALLADIUM15M-26OCT050015-15,0.0600,60.00,no
2026-10-05T04:14:00.527081Z,KXPALLADIUM15M-26OCT050015-15,0.0600,5.00,no
2026-10-05T04:14:00.527081Z,KXPALLADIUM15M-26OCT050015-15,0.0600,60.00,no
2026-10-05T04:14:00.527081Z,KXPALLADIUM15M-26OCT050015-15,0.0600,7.00,no
2026-10-05T04:14:00.527081Z,KXPALLADIUM15M-26OCT050015-15,0.0500,5.00,no
2026-10-05T04:14:02.665106Z,KXPALLADIUM15M-26OCT050015-15,0.0600,60.00,no
2026-10-05T04:14:02.665106Z,KXPALLADIUM15M-26OCT050015-15,0.0600,60.00,no
2026-10-05T04:14:02.665106Z,KXPALLADIUM15M-26OCT050015-15,0.0600,30.00,no
2026-10-05T04:14:02.665106Z,KXPALLADIUM15M-26OCT050015-15,0.0600,30.00,no
2026-10-05T04:14:04.884983Z,KXPALLADIUM15M-26OCT050015-15,0.0600,10.00,no
2026-10-05T04:14:05.661569Z,KXPALLADIUM15M-26OCT050015-15,0.0600,60.00,no
2026-10-05T04:14:05.661569Z,KXPALLADIUM15M-26OCT050015-15,0.0600,30.00,no
2026-10-05T04:14:05.661569Z,KXPALLADIUM15M-26OCT050015-15,0.0600,60.00,no
2026-10-05T04:14:06.653356Z,KXPALLADIUM15M-26OCT050015-15,0.0400,7.00,no
2026-10-05T04:14:06.653356Z,KXPALLADIUM15M-26OCT050015-15,0.0400,3.00,no
2026-10-05T04:14:06.653356Z,KXPALLADIUM15M-26OCT050015-15,0.0400,2.00,no
2026-10-05T04:14:06.653356Z,KXPALLADIUM15M-26OCT050015-15,0.0300,22.79,no
2026-10-05T04:14:06.653356Z,KXPALLADIUM15M-26OCT050015-15,0.0400,10.00,no
2026-10-05T04:14:06.653356Z,KXPALLADIUM15M-26OCT050015-15,0.0300,8.00,no
2026-10-05T04:14:06.653356Z,KXPALLADIUM15M-26OCT050015-15,0.0400,8.00,no
2026-10-05T04:14:06.929696Z,KXPALLADIUM15M-26OCT050015-15,0.0300,5.00,no
2026-10-05T04:14:08.059569Z,KXPALLADIUM15M-26OCT050015-15,0.0300,10.00,no
2026-10-05T04:14:10.99124Z,KXPALLADIUM15M-26OCT050015-15,0.0400,1.57,yes
2026-10-05T04:14:17.53614Z,KXPALLADIUM15M-26OCT050015-15,0.0400,3.00,yes
2026-10-05T04:14:17.53614Z,KXPALLADIUM15M-26OCT050015-15,0.0400,0.01,yes
2026-10-05T04:14:17.53614Z,KXPALLADIUM15M-26OCT050015-15,0.0400,3.00,yes
2026-10-05T04:14:17.53614Z,KXPALLADIUM15M-26OCT050015-15,0.0400,0.62,yes
2026-10-05T04:14:27.096999Z,KXPALLADIUM15M-26OCT050015-15,0.0300,10.00,no
2026-10-05T04:14:27.812591Z,KXPALLADIUM15M-26OCT050015-15,0.0300,27.21,no
2026-10-05T04:14:27.812591Z,KXPALLADIUM15M-26OCT050015-15,0.0200,1.00,no
2026-10-05T04:14:27.812591Z,KXPALLADIUM15M-26OCT050015-15,0.0100,20.00,no
2026-10-05T04:14:27.812591Z,KXPALLADIUM15M-26OCT050015-15,0.0100,70.94,no
2026-10-05T04:14:27.812591Z,KXPALLADIUM15M-26OCT050015-15,0.0200,1.00,no
2026-10-05T04:14:27.812591Z,KXPALLADIUM15M-26OCT050015-15,0.0200,8.00,no
2026-10-05T04:14:27.812591Z,KXPALLADIUM15M-26OCT050015-15,0.0100,8.00,no
2026-10-05T04:14:27.812591Z,KXPALLADIUM15M-26OCT050015-15,0.0200,15.00,no
2026-10-05T04:14:27.812591Z,KXPALLADIUM15M-26OCT050015-15,0.0100,1.00,no
2026-10-05T04:14:28.101291Z,KXPALLADIUM15M-26OCT050015-15,0.0100,5.05,no
2026-10-05T04:14:30.910227Z,KXPALLADIUM15M-26OCT050015-15,0.0300,0.62,yes
2026-10-05T04:14:33.119118Z,KXPALLADIUM15M-26OCT050015-15,0.0100,1.31,no
2026-10-05T04:14:33.119118Z,KXPALLADIUM15M-26OCT050015-15,0.0100,2.22,no
2026-10-05T04:14:33.119118Z,KXPALLADIUM15M-26OCT050015-15,0.0100,1.57,no
2026-10-05T04:14:33.119118Z,KXPALLADIUM15M-26OCT050015-15,0.0100,1.00,no
2026-10-05T04:14:33.119118Z,KXPALLADIUM15M-26OCT050015-15,0.0100,7.30,no
2026-10-05T04:14:33.119118Z,KXPALLADIUM15M-26OCT050015-15,0.0100,2.00,no
2026-10-05T04:14:33.119118Z,KXPALLADIUM15M-26OCT050015-15,0.0100,2.00,no
2026-10-05T04:14:33.119118Z,KXPALLADIUM15M-26OCT050015-15,0.0100,10.00,no
2026-10-05T04:14:33.119118Z,KXPALLADIUM15M-26OCT050015-15,0.0100,24.01,no
2026-10-05T04:14:33.119118Z,KXPALLADIUM15M-26OCT050015-15,0.0100,1.00,no
2026-10-05T04:14:33.119118Z,KXPALLADIUM15M-26OCT050015-15,0.0100,0.99,no
2026-10-05T04:14:36.66695Z,KXPALLADIUM15M-26OCT050015-15,0.0100,171.55,yes
2026-10-05T04:14:47.627805Z,KXPALLADIUM15M-26OCT050015-15,0.0100,93.51,yes
2026-10-05T04:27:00.396558Z,KXZEC15M-26OCT050030-30,0.0580,17.00,no
2026-10-05T04:27:00.396558Z,KXZEC15M-26OCT050030-30,0.0780,1.00,no
2026-10-05T04:27:00.906465Z,KXZEC15M-26OCT050030-30,0.0520,1.00,no
2026-10-05T04:27:00.906465Z,KXZEC15M-26OCT050030-30,0.0550,1.00,no
2026-10-05T04:27:00.906465Z,KXZEC15M-26OCT050030-30,0.0580,1.00,no
2026-10-05T04:27:00.906473Z,KXZEC15M-26OCT050030-30,0.0450,1.00,no
2026-10-05T04:27:00.906473Z,KXZEC15M-26OCT050030-30,0.0430,4.00,no
2026-10-05T04:27:00.906473Z,KXZEC15M-26OCT050030-30,0.0440,6.00,no
2026-10-05T04:27:00.907085Z,KXZEC15M-26OCT050030-30,0.0430,3.00,no
2026-10-05T04:27:01.181068Z,KXZEC15M-26OCT050030-30,0.0590,21.85,yes
2026-10-05T04:27:02.312722Z,KXZEC15M-26OCT050030-30,0.0410,1.00,no
2026-10-05T04:27:03.19991Z,KXZEC15M-26OCT050030-30,0.0400,10.38,no
2026-10-05T04:27:03.962584Z,KXZEC15M-26OCT050030-30,0.0400,4.44,no
2026-10-05T04:27:06.31615Z,KXZEC15M-26OCT050030-30,0.0410,22.85,yes
2026-10-05T04:27:07.186248Z,KXZEC15M-26OCT050030-30,0.0210,9.00,no
2026-10-05T04:27:07.186248Z,KXZEC15M-26OCT050030-30,0.0340,18.00,no
2026-10-05T04:27:07.186248Z,KXZEC15M-26OCT050030-30,0.0240,1.00,no
2026-10-05T04:27:07.186248Z,KXZEC15M-26OCT050030-30,0.0200,4.34,no
2026-10-05T04:27:07.186248Z,KXZEC15M-26OCT050030-30,0.0300,12.00,no
2026-10-05T04:27:07.186248Z,KXZEC15M-26OCT050030-30,0.0300,6.66,no
2026-10-05T04:27:07.186248Z,KXZEC15M-26OCT050030-30,0.0310,1.00,no
2026-10-05T04:27:07.186248Z,KXZEC15M-26OCT050030-30,0.0210,1.00,no
2026-10-05T04:27:07.984986Z,KXZEC15M-26OCT050030-30,0.0420,1.00,yes
2026-10-05T04:27:07.985241Z,KXZEC15M-26OCT050030-30,0.0420,7.00,yes
2026-10-05T04:27:07.985584Z,KXZEC15M-26OCT050030-30,0.0420,2.00,yes
2026-10-05T04:27:07.986231Z,KXZEC15M-26OCT050030-30,0.0420,1.00,yes
2026-10-05T04:27:09.477428Z,KXZEC15M-26OCT050030-30,0.0490,3.00,yes
2026-10-05T04:27:09.477428Z,KXZEC15M-26OCT050030-30,0.0490,6.56,yes
2026-10-05T04:27:10.048678Z,KXZEC15M-26OCT050030-30,0.0500,1.00,yes
2026-10-05T04:27:10.048678Z,KXZEC15M-26OCT050030-30,0.0500,17.75,yes
2026-10-05T04:27:12.61931Z,KXZEC15M-26OCT050030-30,0.0220,8.00,no
2026-10-05T04:27:12.68924Z,KXZEC15M-26OCT050030-30,0.0480,11.00,yes
2026-10-05T04:27:12.689781Z,KXZEC15M-26OCT050030-30,0.0480,6.00,yes
2026-10-05T04:27:12.689842Z,KXZEC15M-26OCT050030-30,0.0480,2.00,yes
2026-10-05T04:27:12.690159Z,KXZEC15M-26OCT050030-30,0.0480,1.00,yes
2026-10-05T04:27:14.288394Z,KXZEC15M-26OCT050030-30,0.0220,7.00,no
2026-10-05T04:27:14.288394Z,KXZEC15M-26OCT050030-30,0.0210,9.00,no
2026-10-05T04:27:14.288394Z,KXZEC15M-26OCT050030-30,0.0220,3.00,no
2026-10-05T04:27:14.700397Z,KXZEC15M-26OCT050030-30,0.0210,22.28,yes
2026-10-05T04:27:16.297949Z,KXZEC15M-26OCT050030-30,0.0210,17.00,yes
2026-10-05T04:27:16.310508Z,KXZEC15M-26OCT050030-30,0.0210,35.00,yes
2026-10-05T04:27:16.671797Z,KXZEC15M-26OCT050030-30,0.0210,3.00,yes
2026-10-05T04:27:16.671797Z,KXZEC15M-26OCT050030-30,0.0210,6.72,yes
2026-10-05T04:27:18.836753Z,KXZEC15M-26OCT050030-30,0.0200,1.00,no
2026-10-05T04:27:19.668154Z,KXZEC15M-26OCT050030-30,0.0450,3.00,yes
2026-10-05T04:27:19.668154Z,KXZEC15M-26OCT050030-30,0.0450,48.76,yes
2026-10-05T04:27:19.668154Z,KXZEC15M-26OCT050030-30,0.0450,25.00,yes
2026-10-05T04:27:19.798119Z,KXZEC15M-26OCT050030-30,0.0210,3.00,no
2026-10-05T04:27:21.006694Z,KXZEC15M-26OCT050030-30,0.0490,10.00,yes
2026-10-05T04:27:21.006694Z,KXZEC15M-26OCT050030-30,0.0500,5.00,yes
2026-10-05T04:27:21.345817Z,KXZEC15M-26OCT050030-30,0.0210,1.00,no
2026-10-05T04:27:21.345817Z,KXZEC15M-26OCT050030-30,0.0210,20.00,no
2026-10-05T04:27:22.673092Z,KXZEC15M-26OCT050030-30,0.0300,2.00,yes
2026-10-05T04:27:22.673092Z,KXZEC15M-26OCT050030-30,0.0380,22.02,yes
2026-10-05T04:27:27.513328Z,KXZEC15M-26OCT050030-30,0.0400,2.03,yes
2026-10-05T04:27:27.513328Z,KXZEC15M-26OCT050030-30,0.0390,2.00,yes
2026-10-05T04:27:30.406963Z,KXZEC15M-26OCT050030-30,0.0370,2.00,yes
2026-10-05T04:27:30.406963Z,KXZEC15M-26OCT050030-30,0.0390,22.10,yes
2026-10-05T04:27:33.822789Z,KXZEC15M-26OCT050030-30,0.0200,5.66,no
2026-10-05T04:27:33.822789Z,KXZEC15M-26OCT050030-30,0.0200,2.34,no
2026-10-05T04:27:33.822978Z,KXZEC15M-26OCT050030-30,0.0200,11.00,no
2026-10-05T04:27:33.822978Z,KXZEC15M-26OCT050030-30,0.0200,9.00,no
2026-10-05T04:27:33.822978Z,KXZEC15M-26OCT050030-30,0.0200,9.00,no
2026-10-05T04:27:33.822978Z,KXZEC15M-26OCT050030-30,0.0200,10.00,no
2026-10-05T04:27:33.822978Z,KXZEC15M-26OCT050030-30,0.0200,17.66,no
2026-10-05T04:27:33.823396Z,KXZEC15M-26OCT050030-30,0.0190,8.00,no
2026-10-05T04:27:34.929744Z,KXZEC15M-26OCT050030-30,0.0180,7.00,no
2026-10-05T04:27:34.929744Z,KXZEC15M-26OCT050030-30,0.0180,3.00,no
2026-10-05T04:27:35.099715Z,KXZEC15M-26OCT050030-30,0.0150,20.00,no
2026-10-05T04:27:35.120063Z,KXZEC15M-26OCT050030-30,0.0120,20.00,no
2026-10-05T04:27:35.120063Z,KXZEC15M-26OCT050030-30,0.0110,9.00,no
2026-10-05T04:27:35.120063Z,KXZEC15M-26OCT050030-30,0.0100,52.07,no
2026-10-05T04:27:35.120063Z,KXZEC15M-26OCT050030-30,0.0100,1.13,no
2026-10-05T04:27:35.120063Z,KXZEC15M-26OCT050030-30,0.0100,0.82,no
2026-10-05T04:27:35.120063Z,KXZEC15M-26OCT050030-30,0.0100,25.00,no
2026-10-05T04:27:35.120063Z,KXZEC15M-26OCT050030-30,0.0100,20.00,no
2026-10-05T04:27:35.120063Z,KXZEC15M-26OCT050030-30,0.0110,1.00,no
2026-10-05T04:27:35.120063Z,KXZEC15M-26OCT050030-30,0.0100,25.00,no
2026-10-05T04:27:35.120063Z,KXZEC15M-26OCT050030-30,0.0110,1.00,no
2026-10-05T04:27:35.120063Z,KXZEC15M-26OCT050030-30,0.0100,27.00,no
2026-10-05T04:27:35.120063Z,KXZEC15M-26OCT050030-30,0.0100,20.00,no
2026-10-05T04:27:35.120063Z,KXZEC15M-26OCT050030-30,0.0110,20.00,no
2026-10-05T04:27:35.120063Z,KXZEC15M-26OCT050030-30,0.0120,20.00,no
2026-10-05T04:27:35.120063Z,KXZEC15M-26OCT050030-30,0.0130,20.00,no
2026-10-05T04:27:35.267552Z,KXZEC15M-26OCT050030-30,0.0100,5.00,no
2026-10-05T04:27:35.551874Z,KXZEC15M-26OCT050030-30,0.0100,50.00,no
2026-10-05T04:27:35.631103Z,KXZEC15M-26OCT050030-30,0.0100,6.00,no
2026-10-05T04:27:35.645755Z,KXZEC15M-26OCT050030-30,0.0100,20.00,no
2026-10-05T04:27:36.049286Z,KXZEC15M-26OCT050030-30,0.0100,10.00,no
2026-10-05T04:27:36.500837Z,KXZEC15M-26OCT050030-30,0.0140,19.00,yes
2026-10-05T04:27:36.500837Z,KXZEC15M-26OCT050030-30,0.0140,20.00,yes
2026-10-05T04:27:36.690063Z,KXZEC15M-26OCT050030-30,0.0140,2.00,yes
2026-10-05T04:27:36.690063Z,KXZEC15M-26OCT050030-30,0.0140,0.08,yes
2026-10-05T04:27:36.690063Z,KXZEC15M-26OCT050030-30,0.0140,20.00,yes
2026-10-05T04:27:36.690063Z,KXZEC15M-26OCT050030-30,0.0140,1.00,yes
2026-10-05T04:27:36.690063Z,KXZEC15M-26OCT050030-30,0.0140,20.00,yes
2026-10-05T04:27:37.794577Z,KXZEC15M-26OCT050030-30,0.0140,2.02,no
2026-10-05T04:27:38.155091Z,KXZEC15M-26OCT050030-30,0.0150,2.00,yes
2026-10-05T04:27:38.155091Z,KXZEC15M-26OCT050030-30,0.0150,40.00,yes
2026-10-05T04:27:38.155091Z,KXZEC15M-26OCT050030-30,0.0160,18.71,yes
2026-10-05T04:27:39.215713Z,KXZEC15M-26OCT050030-30,0.0100,10.09,no
2026-10-05T04:27:39.215713Z,KXZEC15M-26OCT050030-30,0.0110,11.00,no
2026-10-05T04:27:39.215713Z,KXZEC15M-26OCT050030-30,0.0140,20.00,no
2026-10-05T04:27:39.215713Z,KXZEC15M-26OCT050030-30,0.0140,24.90,no
2026-10-05T04:27:39.215713Z,KXZEC15M-26OCT050030-30,0.0110,1.00,no
2026-10-05T04:27:42.342907Z,KXZEC15M-26OCT050030-30,0.0100,1.00,no
2026-10-05T04:27:43.203341Z,KXZEC15M-26OCT050030-30,0.0100,3.00,no
2026-10-05T04:27:44.650293Z,KXZEC15M-26OCT050030-30,0.0100,9.00,no
2026-10-05T04:27:44.650293Z,KXZEC15M-26OCT050030-30,0.0100,10.91,no
2026-10-05T04:27:44.650293Z,KXZEC15M-26OCT050030-30,0.0110,4.00,no
2026-10-05T04:27:46.760721Z,KXZEC15M-26OCT050030-30,0.0090,3.02,no
2026-10-05T04:27:49.536063Z,KXZEC15M-26OCT050030-30,0.0100,3.02,yes
2026-10-05T04:27:49.536063Z,KXZEC15M-26OCT050030-30,0.0100,52.00,yes
2026-10-05T04:27:49.536063Z,KXZEC15M-26OCT050030-30,0.0100,34.39,yes
2026-10-05T04:27:51.349885Z,KXZEC15M-26OCT050030-30,0.0080,20.00,no
2026-10-05T04:27:51.349885Z,KXZEC15M-26OCT050030-30,0.0070,20.00,no
2026-10-05T04:27:51.349885Z,KXZEC15M-26OCT050030-30,0.0090,16.98,no
2026-10-05T04:27:51.908549Z,KXZEC15M-26OCT050030-30,0.0070,15.00,yes
2026-10-05T04:27:51.908621Z,KXZEC15M-26OCT050030-30,0.0070,99.00,yes
2026-10-05T04:27:52.163332Z,KXZEC15M-26OCT050030-30,0.0070,7.00,yes
2026-10-05T04:27:54.69181Z,KXZEC15M-26OCT050030-30,0.0060,12.06,no
2026-10-05T04:27:55.774913Z,KXZEC15M-26OCT050030-30,0.0060,4.02,no
2026-10-05T04:27:57.219678Z,KXZEC15M-26OCT050030-30,0.0070,26.29,yes
2026-10-05T04:27:58.854513Z,KXZEC15M-26OCT050030-30,0.0070,130.90,yes
2026-10-05T04:28:00.04637Z,KXZEC15M-26OCT050030-30,0.0060,3.92,no
2026-10-05T04:28:00.04637Z,KXZEC15M-26OCT050030-30,0.0050,1.10,no
2026-10-05T04:28:00.051971Z,KXZEC15M-26OCT050030-30,0.0050,18.00,no
2026-10-05T04:28:03.834309Z,KXZEC15M-26OCT050030-30,0.0050,0.90,no
2026-10-05T04:28:03.834309Z,KXZEC15M-26OCT050030-30,0.0050,1.00,no
2026-10-05T04:28:03.834309Z,KXZEC15M-26OCT050030-30,0.0050,4.12,no
2026-10-05T04:28:04.065118Z,KXZEC15M-26OCT050030-30,0.0050,4.00,no
2026-10-05T04:28:07.954845Z,KXZEC15M-26OCT050030-30,0.0050,4.90,no
2026-10-05T04:28:07.954845Z,KXZEC15M-26OCT050030-30,0.0050,2.88,no
2026-10-05T04:28:09.09803Z,KXZEC15M-26OCT050030-30,0.0040,14.81,no
2026-10-05T04:28:10.077211Z,KXZEC15M-26OCT050030-30,0.0040,0.08,no
2026-10-05T04:28:10.077211Z,KXZEC15M-26OCT050030-30,0.0040,5.19,no
2026-10-05T04:28:10.077211Z,KXZEC15M-26OCT050030-30,0.0030,20.00,no
2026-10-05T04:28:10.077211Z,KXZEC15M-26OCT050030-30,0.0030,154.60,no
2026-10-05T04:28:10.077211Z,KXZEC15M-26OCT050030-30,0.0040,1.00,no
2026-10-05T04:28:10.077211Z,KXZEC15M-26OCT050030-30,0.0040,1.00,no
2026-10-05T04:28:10.077211Z,KXZEC15M-26OCT050030-30,0.0040,1.00,no
2026-10-05T04:28:10.077211Z,KXZEC15M-26OCT050030-30,0.0040,13.00,no
2026-10-05T04:28:10.077211Z,KXZEC15M-26OCT050030-30,0.0040,1.00,no
2026-10-05T04:28:10.077211Z,KXZEC15M-26OCT050030-30,0.0040,1.00,no
2026-10-05T04:28:12.29107Z,KXZEC15M-26OCT050030-30,0.0030,30.03,no
2026-10-05T04:28:13.991829Z,KXZEC15M-26OCT050030-30,0.0030,1.00,no
2026-10-05T04:28:14.150837Z,KXZEC15M-26OCT050030-30,0.0030,1.00,no
2026-10-05T04:28:14.150837Z,KXZEC15M-26OCT050030-30,0.0030,18.00,no
2026-10-05T04:28:14.150837Z,KXZEC15M-26OCT050030-30,0.0030,2.00,no
2026-10-05T04:28:14.150837Z,KXZEC15M-26OCT050030-30,0.0030,2.00,no
2026-10-05T04:28:14.150837Z,KXZEC15M-26OCT050030-30,0.0030,2.00,no
2026-10-05T04:28:14.150837Z,KXZEC15M-26OCT050030-30,0.0030,2.00,no
2026-10-05T04:28:14.150837Z,KXZEC15M-26OCT050030-30,0.0030,2.00,no
2026-10-05T04:28:14.150837Z,KXZEC15M-26OCT050030-30,0.0030,64.37,no
2026-10-05T04:28:16.65916Z,KXZEC15M-26OCT050030-30,0.0030,6.00,yes
2026-10-05T04:28:17.160966Z,KXZEC15M-26OCT050030-30,0.0020,2.00,no
2026-10-05T04:28:21.768634Z,KXZEC15M-26OCT050030-30,0.0020,3.00,no
2026-10-05T04:28:23.440374Z,KXZEC15M-26OCT050030-30,0.0020,50.00,no
2026-10-05T04:28:26.00814Z,KXZEC15M-26OCT050030-30,0.0020,4.00,no
2026-10-05T04:28:27.836548Z,KXZEC15M-26OCT050030-30,0.0020,6.25,no
2026-10-05T04:28:28.594698Z,KXZEC15M-26OCT050030-30,0.0020,6.25,no
2026-10-05T04:28:29.275276Z,KXZEC15M-26OCT050030-30,0.0020,5.00,no
2026-10-05T04:28:29.359829Z,KXZEC15M-26OCT050030-30,0.0020,6.25,no
2026-10-05T04:28:30.162676Z,KXZEC15M-26OCT050030-30,0.0020,6.25,no
2026-10-05T04:28:32.41215Z,KXZEC15M-26OCT050030-30,0.0020,3.36,no
2026-10-05T04:28:32.776843Z,KXZEC15M-26OCT050030-30,0.0020,6.01,no
2026-10-05T04:28:33.169945Z,KXZEC15M-26OCT050030-30,0.0020,1.73,no
2026-10-05T04:28:33.169945Z,KXZEC15M-26OCT050030-30,0.0020,1.63,no
2026-10-05T04:28:33.929883Z,KXZEC15M-26OCT050030-30,0.0020,3.37,no
2026-10-05T04:28:33.964162Z,KXZEC15M-26OCT050030-30,0.0020,1.00,no
2026-10-05T04:28:34.001453Z,KXZEC15M-26OCT050030-30,0.0020,3.00,no
2026-10-05T04:28:35.252052Z,KXZEC15M-26OCT050030-30,0.0020,3.64,no
2026-10-05T04:28:36.032029Z,KXZEC15M-26OCT050030-30,0.0020,3.64,no
2026-10-05T04:28:36.805605Z,KXZEC15M-26OCT050030-30,0.0020,3.63,no
2026-10-05T04:28:38.262575Z,KXZEC15M-26OCT050030-30,0.0020,54.00,no
2026-10-05T04:28:41.968359Z,KXZEC15M-26OCT050030-30,0.0020,111.20,no
2026-10-05T04:28:45.843583Z,KXZEC15M-26OCT050030-30,0.0020,3.86,no
2026-10-05T04:28:45.843583Z,KXZEC15M-26OCT050030-30,0.0020,20.00,no
2026-10-05T04:28:45.843583Z,KXZEC15M-26OCT050030-30,0.0020,14.79,no
2026-10-05T04:28:46.280276Z,KXZEC15M-26OCT050030-30,0.0020,3.00,no
2026-10-05T04:28:46.280276Z,KXZEC15M-26OCT050030-30,0.0020,3.00,no
2026-10-05T04:28:46.280276Z,KXZEC15M-26OCT050030-30,0.0020,22.14,no
2026-10-05T04:28:46.280276Z,KXZEC15M-26OCT050030-30,0.0020,3.00,no
2026-10-05T04:28:46.280276Z,KXZEC15M-26OCT050030-30,0.0020,3.00,no
2026-10-05T04:28:46.280276Z,KXZEC15M-26OCT050030-30,0.0020,3.00,no
2026-10-05T04:28:46.609841Z,KXZEC15M-26OCT050030-30,0.0010,38.65,no
2026-10-05T04:28:47.375144Z,KXZEC15M-26OCT050030-30,0.0010,38.65,no
2026-10-05T04:28:48.172127Z,KXZEC15M-26OCT050030-30,0.0010,38.65,no
2026-10-05T04:28:48.727719Z,KXZEC15M-26OCT050030-30,0.0010,1.00,no
2026-10-05T04:28:49.27555Z,KXZEC15M-26OCT050030-30,0.0010,7.51,no
2026-10-05T04:28:50.057172Z,KXZEC15M-26OCT050030-30,0.0010,7.51,no
2026-10-05T04:28:50.166431Z,KXZEC15M-26OCT050030-30,0.0010,1.00,no
2026-10-05T04:28:50.166431Z,KXZEC15M-26OCT050030-30,0.0010,68.03,no
2026-10-05T04:28:50.166431Z,KXZEC15M-26OCT050030-30,0.0010,1.00,no
2026-10-05T04:28:50.166431Z,KXZEC15M-26OCT050030-30,0.0010,65.11,no
2026-10-05T04:28:50.166431Z,KXZEC15M-26OCT050030-30,0.0010,20.00,no
2026-10-05T04:28:50.822458Z,KXZEC15M-26OCT050030-30,0.0010,2.00,no
2026-10-05T04:28:50.822458Z,KXZEC15M-26OCT050030-30,0.0010,1.00,no
2026-10-05T04:28:57.567864Z,KXZEC15M-26OCT050030-30,0.0010,4.00,yes
2026-10-05T04:29:13.017434Z,KXZEC15M-26OCT050030-30,0.0010,4.47,yes
2026-10-05T04:27:15.958523Z,KXSILVER15M-26OCT050030-30,0.0230,16.00,no
2026-10-05T04:27:16.105393Z,KXSILVER15M-26OCT050030-30,0.0210,24.00,no
2026-10-05T04:27:16.105393Z,KXSILVER15M-26OCT050030-30,0.0200,50.00,no
2026-10-05T04:27:16.105393Z,KXSILVER15M-26OCT050030-30,0.0220,1.00,no
2026-10-05T04:27:16.105393Z,KXSILVER15M-26OCT050030-30,0.0200,1.00,no
2026-10-05T04:27:16.416449Z,KXSILVER15M-26OCT050030-30,0.0130,14.19,no
2026-10-05T04:27:16.889447Z,KXSILVER15M-26OCT050030-30,0.0130,95.00,no
2026-10-05T04:27:17.285268Z,KXSILVER15M-26OCT050030-30,0.0120,48.00,no
2026-10-05T04:27:17.285268Z,KXSILVER15M-26OCT050030-30,0.0120,10.00,no
2026-10-05T04:27:17.285268Z,KXSILVER15M-26OCT050030-30,0.0120,10.00,no
2026-10-05T04:27:17.553188Z,KXSILVER15M-26OCT050030-30,0.0160,10.20,yes
2026-10-05T04:27:19.779268Z,KXSILVER15M-26OCT050030-30,0.0170,5.50,yes
2026-10-05T04:27:23.284704Z,KXSILVER15M-26OCT050030-30,0.0200,16.00,yes
2026-10-05T04:27:24.691368Z,KXSILVER15M-26OCT050030-30,0.0250,9.36,yes
2026-10-05T04:27:27.972076Z,KXSILVER15M-26OCT050030-30,0.0140,22.28,no
2026-10-05T04:27:34.044815Z,KXSILVER15M-26OCT050030-30,0.0250,37.44,yes
2026-10-05T04:27:36.130851Z,KXSILVER15M-26OCT050030-30,0.0250,13.94,yes
2026-10-05T04:27:39.058132Z,KXSILVER15M-26OCT050030-30,0.0240,0.39,yes
2026-10-05T04:27:39.560534Z,KXSILVER15M-26OCT050030-30,0.0240,9.75,yes
2026-10-05T04:27:40.580617Z,KXSILVER15M-26OCT050030-30,0.0240,1.03,yes
2026-10-05T04:27:43.248042Z,KXSILVER15M-26OCT050030-30,0.0200,39.00,yes
2026-10-05T04:27:49.881421Z,KXSILVER15M-26OCT050030-30,0.0130,47.00,no
2026-10-05T04:27:49.881421Z,KXSILVER15M-26OCT050030-30,0.0110,53.00,no
2026-10-05T04:27:52.340115Z,KXSILVER15M-26OCT050030-30,0.0140,29.46,yes
2026-10-05T04:27:54.318657Z,KXSILVER15M-26OCT050030-30,0.0140,10.69,yes
2026-10-05T04:27:55.155596Z,KXSILVER15M-26OCT050030-30,0.0140,2.40,yes
2026-10-05T04:27:55.488101Z,KXSILVER15M-26OCT050030-30,0.0170,20.56,yes
2026-10-05T04:27:55.488101Z,KXSILVER15M-26OCT050030-30,0.0140,10.45,yes
2026-10-05T04:27:55.488101Z,KXSILVER15M-26OCT050030-30,0.0160,10.00,yes
2026-10-05T04:27:55.488101Z,KXSILVER15M-26OCT050030-30,0.0150,18.00,yes
2026-10-05T04:27:57.137085Z,KXSILVER15M-26OCT050030-30,0.0110,10.00,no
2026-10-05T04:27:57.137085Z,KXSILVER15M-26OCT050030-30,0.0110,4.47,no
2026-10-05T04:27:57.137085Z,KXSILVER15M-26OCT050030-30,0.0110,4.00,no
2026-10-05T04:27:58.069717Z,KXSILVER15M-26OCT050030-30,0.0110,62.92,no
2026-10-05T04:27:59.694625Z,KXSILVER15M-26OCT050030-30,0.0110,32.61,no
2026-10-05T04:27:59.694625Z,KXSILVER15M-26OCT050030-30,0.0110,6.39,no
2026-10-05T04:28:00.162644Z,KXSILVER15M-26OCT050030-30,0.0110,4.00,no
2026-10-05T04:28:00.915679Z,KXSILVER15M-26OCT050030-30,0.0100,33.00,no
2026-10-05T04:28:00.915679Z,KXSILVER15M-26OCT050030-30,0.0100,0.38,no
2026-10-05T04:28:00.915679Z,KXSILVER15M-26OCT050030-30,0.0100,21.00,no
2026-10-05T04:28:00.915679Z,KXSILVER15M-26OCT050030-30,0.0110,1.00,no
2026-10-05T04:28:00.915679Z,KXSILVER15M-26OCT050030-30,0.0110,2.00,no
2026-10-05T04:28:00.915679Z,KXSILVER15M-26OCT050030-30,0.0110,9.61,no
2026-10-05T04:28:00.915679Z,KXSILVER15M-26OCT050030-30,0.0110,2.00,no
2026-10-05T04:28:00.915679Z,KXSILVER15M-26OCT050030-30,0.0100,25.00,no
2026-10-05T04:28:00.915679Z,KXSILVER15M-26OCT050030-30,0.0100,2.00,no
2026-10-05T04:28:02.75067Z,KXSILVER15M-26OCT050030-30,0.0120,25.00,yes
2026-10-05T04:28:02.75067Z,KXSILVER15M-26OCT050030-30,0.0080,4.03,yes
2026-10-05T04:28:02.75067Z,KXSILVER15M-26OCT050030-30,0.0130,29.84,yes
2026-10-05T04:28:02.75067Z,KXSILVER15M-26OCT050030-30,0.0120,27.00,yes
2026-10-05T04:28:02.75067Z,KXSILVER15M-26OCT050030-30,0.0120,300.00,yes
2026-10-05T04:28:03.500561Z,KXSILVER15M-26OCT050030-30,0.0070,75.31,no
2026-10-05T04:28:04.071223Z,KXSILVER15M-26OCT050030-30,0.0110,55.63,yes
2026-10-05T04:28:04.071223Z,KXSILVER15M-26OCT050030-30,0.0090,25.00,yes
2026-10-05T04:28:04.071223Z,KXSILVER15M-26OCT050030-30,0.0100,45.00,yes
2026-10-05T04:28:04.524289Z,KXSILVER15M-26OCT050030-30,0.0070,16.36,no
2026-10-05T04:28:05.267038Z,KXSILVER15M-26OCT050030-30,0.0090,25.00,yes
2026-10-05T04:28:05.267038Z,KXSILVER15M-26OCT050030-30,0.0090,11.22,yes
2026-10-05T04:28:05.678694Z,KXSILVER15M-26OCT050030-30,0.0060,11.00,no
2026-10-05T04:28:05.678694Z,KXSILVER15M-26OCT050030-30,0.0060,1.00,no
2026-10-05T04:28:05.678694Z,KXSILVER15M-26OCT050030-30,0.0060,75.00,no
2026-10-05T04:28:07.663723Z,KXSILVER15M-26OCT050030-30,0.0050,12.00,no
2026-10-05T04:28:07.663723Z,KXSILVER15M-26OCT050030-30,0.0050,1.00,no
2026-10-05T04:28:10.570644Z,KXSILVER15M-26OCT050030-30,0.0080,73.18,yes
2026-10-05T04:28:10.570644Z,KXSILVER15M-26OCT050030-30,0.0080,25.00,yes
2026-10-05T04:28:10.570644Z,KXSILVER15M-26OCT050030-30,0.0070,21.00,yes
2026-10-05T04:28:11.582385Z,KXSILVER15M-26OCT050030-30,0.0040,52.53,no
2026-10-05T04:28:13.315457Z,KXSILVER15M-26OCT050030-30,0.0080,1.02,yes
2026-10-05T04:28:14.947013Z,KXSILVER15M-26OCT050030-30,0.0040,69.00,no
2026-10-05T04:28:14.947013Z,KXSILVER15M-26OCT050030-30,0.0040,10.00,no
2026-10-05T04:28:14.947013Z,KXSILVER15M-26OCT050030-30,0.0040,97.47,no
2026-10-05T04:28:14.947013Z,KXSILVER15M-26OCT050030-30,0.0030,250.00,no
2026-10-05T04:28:14.947013Z,KXSILVER15M-26OCT050030-30,0.0020,73.53,no
2026-10-05T04:28:15.868739Z,KXSILVER15M-26OCT050030-30,0.0070,73.53,yes
2026-10-05T04:28:15.868739Z,KXSILVER15M-26OCT050030-30,0.0070,43.35,yes
2026-10-05T04:28:17.147859Z,KXSILVER15M-26OCT050030-30,0.0030,9.00,no
2026-10-05T04:28:17.147859Z,KXSILVER15M-26OCT050030-30,0.0040,150.00,no
2026-10-05T04:28:17.147859Z,KXSILVER15M-26OCT050030-30,0.0030,165.28,no
2026-10-05T04:28:17.147859Z,KXSILVER15M-26OCT050030-30,0.0040,58.00,no
2026-10-05T04:28:17.352035Z,KXSILVER15M-26OCT050030-30,0.0040,52.00,no
2026-10-05T04:28:19.592872Z,KXSILVER15M-26OCT050030-30,0.0050,300.00,yes
2026-10-05T04:28:19.592872Z,KXSILVER15M-26OCT050030-30,0.0050,63.95,yes
2026-10-05T04:28:19.592872Z,KXSILVER15M-26OCT050030-30,0.0050,10.00,yes
2026-10-05T04:28:22.189712Z,KXSILVER15M-26OCT050030-30,0.0030,84.72,no
2026-10-05T04:28:22.189712Z,KXSILVER15M-26OCT050030-30,0.0030,46.00,no
2026-10-05T04:28:22.189712Z,KXSILVER15M-26OCT050030-30,0.0030,9.00,no
2026-10-05T04:28:22.189712Z,KXSILVER15M-26OCT050030-30,0.0030,1.00,no
2026-10-05T04:28:22.189712Z,KXSILVER15M-26OCT050030-30,0.0020,67.28,no
2026-10-05T04:28:22.517096Z,KXSILVER15M-26OCT050030-30,0.0050,0.24,yes
2026-10-05T04:28:27.591412Z,KXSILVER15M-26OCT050030-30,0.0050,101.09,yes
2026-10-05T04:28:27.591412Z,KXSILVER15M-26OCT050030-30,0.0050,76.19,yes
2026-10-05T04:28:27.591412Z,KXSILVER15M-26OCT050030-30,0.0050,84.72,yes
2026-10-05T04:28:29.705385Z,KXSILVER15M-26OCT050030-30,0.0020,146.00,no
2026-10-05T04:28:29.919863Z,KXSILVER15M-26OCT050030-30,0.0020,9.01,no
2026-10-05T04:28:33.259555Z,KXSILVER15M-26OCT050030-30,0.0040,86.00,yes
2026-10-05T04:28:33.259555Z,KXSILVER15M-26OCT050030-30,0.0030,100.00,yes
2026-10-05T04:28:33.259555Z,KXSILVER15M-26OCT050030-30,0.0050,55.23,yes
2026-10-05T04:28:35.729621Z,KXSILVER15M-26OCT050030-30,0.0020,1.00,no
2026-10-05T04:28:36.289009Z,KXSILVER15M-26OCT050030-30,0.0050,68.39,yes
2026-10-05T04:28:36.289009Z,KXSILVER15M-26OCT050030-30,0.0050,118.58,yes
2026-10-05T04:28:37.39172Z,KXSILVER15M-26OCT050030-30,0.0020,1.00,no
2026-10-05T04:28:37.654622Z,KXSILVER15M-26OCT050030-30,0.0050,71.61,yes
2026-10-05T04:28:37.654622Z,KXSILVER15M-26OCT050030-30,0.0060,95.06,yes
2026-10-05T04:28:38.315752Z,KXSILVER15M-26OCT050030-30,0.0020,13.96,no
2026-10-05T04:28:40.882956Z,KXSILVER15M-26OCT050030-30,0.0070,25.00,yes
2026-10-05T04:28:40.882956Z,KXSILVER15M-26OCT050030-30,0.0060,300.00,yes
2026-10-05T04:28:40.882956Z,KXSILVER15M-26OCT050030-30,0.0060,66.00,yes
2026-10-05T04:28:40.882956Z,KXSILVER15M-26OCT050030-30,0.0060,25.00,yes
2026-10-05T04:28:40.882956Z,KXSILVER15M-26OCT050030-30,0.0060,25.00,yes
2026-10-05T04:28:40.882956Z,KXSILVER15M-26OCT050030-30,0.0060,25.00,yes
2026-10-05T04:28:40.882956Z,KXSILVER15M-26OCT050030-30,0.0100,150.00,yes
2026-10-05T04:28:40.882956Z,KXSILVER15M-26OCT050030-30,0.0160,7.00,yes
2026-10-05T04:28:40.882956Z,KXSILVER15M-26OCT050030-30,0.0170,10.00,yes
2026-10-05T04:28:40.882956Z,KXSILVER15M-26OCT050030-30,0.0070,238.25,yes
2026-10-05T04:28:40.882956Z,KXSILVER15M-26OCT050030-30,0.0070,30.00,yes
2026-10-05T04:28:40.882956Z,KXSILVER15M-26OCT050030-30,0.0070,60.00,yes
2026-10-05T04:28:40.882956Z,KXSILVER15M-26OCT050030-30,0.0180,96.68,yes
2026-10-05T04:28:40.882956Z,KXSILVER15M-26OCT050030-30,0.0090,25.00,yes
2026-10-05T04:28:40.882956Z,KXSILVER15M-26OCT050030-30,0.0080,23.98,yes
2026-10-05T04:28:40.882956Z,KXSILVER15M-26OCT050030-30,0.0100,25.00,yes
2026-10-05T04:28:49.471599Z,KXSILVER15M-26OCT050030-30,0.0060,47.00,yes
2026-10-05T04:28:49.471599Z,KXSILVER15M-26OCT050030-30,0.0050,60.00,yes
2026-10-05T04:28:49.471599Z,KXSILVER15M-26OCT050030-30,0.0050,30.00,yes
2026-10-05T04:28:49.471599Z,KXSILVER15M-26OCT050030-30,0.0080,18.86,yes
2026-10-05T04:28:56.229381Z,KXSILVER15M-26OCT050030-30,0.0070,5.17,yes
2026-10-05T04:28:59.937809Z,KXSILVER15M-26OCT050030-30,0.0020,500.00,no
2026-10-05T04:28:59.947773Z,KXSILVER15M-26OCT050030-30,0.0020,15.00,no
2026-10-05T04:29:04.100067Z,KXSILVER15M-26OCT050030-30,0.0020,25.00,no
2026-10-05T04:29:08.384929Z,KXSILVER15M-26OCT050030-30,0.0030,0.01,yes
2026-10-05T04:29:08.384929Z,KXSILVER15M-26OCT050030-30,0.0060,15.00,yes
2026-10-05T04:29:08.384929Z,KXSILVER15M-26OCT050030-30,0.0040,41.00,yes
2026-10-05T04:29:08.384929Z,KXSILVER15M-26OCT050030-30,0.0030,133.00,yes
2026-10-05T04:29:08.384929Z,KXSILVER15M-26OCT050030-30,0.0070,25.00,yes
2026-10-05T04:29:08.384929Z,KXSILVER15M-26OCT050030-30,0.0070,13.74,yes
2026-10-05T04:29:09.106721Z,KXSILVER15M-26OCT050030-30,0.0020,1.00,no
2026-10-05T04:29:17.957774Z,KXSILVER15M-26OCT050030-30,0.0020,136.76,no
2026-10-05T04:29:18.69105Z,KXSILVER15M-26OCT050030-30,0.0020,1.00,no
2026-10-05T04:29:18.69105Z,KXSILVER15M-26OCT050030-30,0.0020,1.00,no
2026-10-05T04:29:18.69105Z,KXSILVER15M-26OCT050030-30,0.0020,1.00,no
2026-10-05T04:29:18.69105Z,KXSILVER15M-26OCT050030-30,0.0020,9.00,no
2026-10-05T04:29:18.69105Z,KXSILVER15M-26OCT050030-30,0.0020,210.46,no
2026-10-05T04:29:21.745885Z,KXSILVER15M-26OCT050030-30,0.0010,155.00,no
2026-10-05T04:29:21.990696Z,KXSILVER15M-26OCT050030-30,0.0010,95.00,no
2026-10-05T04:29:27.84938Z,KXSILVER15M-26OCT050030-30,0.0010,5.00,no
2026-10-05T04:29:28.83478Z,KXSILVER15M-26OCT050030-30,0.0010,10.00,no
2026-10-05T04:29:28.83478Z,KXSILVER15M-26OCT050030-30,0.0010,245.00,no
2026-10-05T04:29:28.83478Z,KXSILVER15M-26OCT050030-30,0.0010,1.00,no
2026-10-05T04:29:28.875916Z,KXSILVER15M-26OCT050030-30,0.0010,209.93,yes
2026-10-05T04:29:29.860573Z,KXSILVER15M-26OCT050030-30,0.0010,915.99,yes
2026-10-05T04:29:31.358787Z,KXSILVER15M-26OCT050030-30,0.0010,458.04,yes
2026-10-05T04:29:32.210352Z,KXSILVER15M-26OCT050030-30,0.0010,93.49,yes
2026-10-05T04:29:41.295024Z,KXSILVER15M-26OCT050030-30,0.0010,27.57,yes
2026-10-05T04:29:45.202056Z,KXSILVER15M-26OCT050030-30,0.0010,5.00,yes
2026-10-05T04:27:21.596859Z,KXCOPPER15M-26OCT050030-30,0.0200,46.79,yes
2026-10-05T04:27:34.658658Z,KXCOPPER15M-26OCT050030-30,0.0200,52.58,yes
2026-10-05T04:27:34.658658Z,KXCOPPER15M-26OCT050030-30,0.0200,41.00,yes
2026-10-05T04:27:35.807128Z,KXCOPPER15M-26OCT050030-30,0.0200,1.00,yes
2026-10-05T04:27:44.329799Z,KXCOPPER15M-26OCT050030-30,0.0100,94.07,no
2026-10-05T04:27:45.3298Z,KXCOPPER15M-26OCT050030-30,0.0200,7.00,yes
2026-10-05T04:27:45.3298Z,KXCOPPER15M-26OCT050030-30,0.0200,26.58,yes
2026-10-05T04:27:45.3298Z,KXCOPPER15M-26OCT050030-30,0.0200,30.00,yes
2026-10-05T04:27:45.3298Z,KXCOPPER15M-26OCT050030-30,0.0200,30.00,yes
2026-10-05T04:28:02.911784Z,KXCOPPER15M-26OCT050030-30,0.0100,176.00,no
2026-10-05T04:28:03.382779Z,KXCOPPER15M-26OCT050030-30,0.0100,7.00,no
2026-10-05T04:28:03.382779Z,KXCOPPER15M-26OCT050030-30,0.0100,500.00,no
2026-10-05T04:28:03.382779Z,KXCOPPER15M-26OCT050030-30,0.0100,100.00,no
2026-10-05T04:28:03.382779Z,KXCOPPER15M-26OCT050030-30,0.0100,1.00,no
2026-10-05T04:28:03.382779Z,KXCOPPER15M-26OCT050030-30,0.0100,140.00,no
2026-10-05T04:28:03.382779Z,KXCOPPER15M-26OCT050030-30,0.0100,1.00,no
2026-10-05T04:28:03.382779Z,KXCOPPER15M-26OCT050030-30,0.0100,20.00,no
2026-10-05T04:28:03.382779Z,KXCOPPER15M-26OCT050030-30,0.0100,2.00,no
2026-10-05T04:28:03.382779Z,KXCOPPER15M-26OCT050030-30,0.0100,100.00,no
2026-10-05T04:28:03.382779Z,KXCOPPER15M-26OCT050030-30,0.0100,2.00,no
2026-10-05T04:28:03.382779Z,KXCOPPER15M-26OCT050030-30,0.0100,10.00,no
2026-10-05T04:28:03.382779Z,KXCOPPER15M-26OCT050030-30,0.0100,20.00,no
2026-10-05T04:28:03.382779Z,KXCOPPER15M-26OCT050030-30,0.0100,1.00,no
2026-10-05T04:28:03.382779Z,KXCOPPER15M-26OCT050030-30,0.0100,1.00,no
2026-10-05T04:28:03.382779Z,KXCOPPER15M-26OCT050030-30,0.0100,1.29,no
2026-10-05T04:28:03.382779Z,KXCOPPER15M-26OCT050030-30,0.0100,2.00,no
2026-10-05T04:28:10.148381Z,KXCOPPER15M-26OCT050030-30,0.0100,3.51,yes
2026-10-05T04:28:10.148381Z,KXCOPPER15M-26OCT050030-30,0.0100,30.00,yes
2026-10-05T04:28:10.148381Z,KXCOPPER15M-26OCT050030-30,0.0100,60.00,yes
2026-10-05T04:28:16.717694Z,KXCOPPER15M-26OCT050030-30,0.0100,60.00,yes
2026-10-05T04:28:16.717694Z,KXCOPPER15M-26OCT050030-30,0.0100,30.00,yes
2026-10-05T04:28:16.717694Z,KXCOPPER15M-26OCT050030-30,0.0100,839.70,yes
2026-10-05T04:28:16.717694Z,KXCOPPER15M-26OCT050030-30,0.0100,5.49,yes
2026-10-05T04:28:46.39101Z,KXCOPPER15M-26OCT050030-30,0.0100,8.00,yes
2026-10-05T04:27:15.028693Z,KXBTC15M-26OCT050030-30,0.0310,29.28,yes
2026-10-05T04:27:15.072327Z,KXBTC15M-26OCT050030-30,0.0290,539.00,no
2026-10-05T04:27:15.072327Z,KXBTC15M-26OCT050030-30,0.0300,50.00,no
2026-10-05T04:27:15.072327Z,KXBTC15M-26OCT050030-30,0.0300,0.01,no
2026-10-05T04:27:15.072327Z,KXBTC15M-26OCT050030-30,0.0300,0.01,no
2026-10-05T04:27:15.072327Z,KXBTC15M-26OCT050030-30,0.0280,248.19,no
2026-10-05T04:27:15.09012Z,KXBTC15M-26OCT050030-30,0.0290,100.00,yes
2026-10-05T04:27:15.128572Z,KXBTC15M-26OCT050030-30,0.0290,162.58,yes
2026-10-05T04:27:15.128572Z,KXBTC15M-26OCT050030-30,0.0290,129.51,yes
2026-10-05T04:27:15.128572Z,KXBTC15M-26OCT050030-30,0.0290,10.00,yes
2026-10-05T04:27:15.13281Z,KXBTC15M-26OCT050030-30,0.0290,0.01,yes
2026-10-05T04:27:15.13281Z,KXBTC15M-26OCT050030-30,0.0290,0.01,yes
2026-10-05T04:27:15.13281Z,KXBTC15M-26OCT050030-30,0.0290,400.00,yes
2026-10-05T04:27:15.13281Z,KXBTC15M-26OCT050030-30,0.0290,100.00,yes
2026-10-05T04:27:15.13281Z,KXBTC15M-26OCT050030-30,0.0290,37.42,yes
2026-10-05T04:27:15.13281Z,KXBTC15M-26OCT050030-30,0.0290,707.00,yes
2026-10-05T04:27:15.13281Z,KXBTC15M-26OCT050030-30,0.0300,266.01,yes
2026-10-05T04:27:15.152827Z,KXBTC15M-26OCT050030-30,0.0280,60.00,no
2026-10-05T04:27:15.200998Z,KXBTC15M-26OCT050030-30,0.0280,15.00,no
2026-10-05T04:27:15.229006Z,KXBTC15M-26OCT050030-30,0.0280,0.01,no
2026-10-05T04:27:15.229006Z,KXBTC15M-26OCT050030-30,0.0280,0.01,no
2026-10-05T04:27:15.229006Z,KXBTC15M-26OCT050030-30,0.0270,76.90,no
2026-10-05T04:27:15.248849Z,KXBTC15M-26OCT050030-30,0.0280,3.02,yes
2026-10-05T04:27:15.307538Z,KXBTC15M-26OCT050030-30,0.0270,0.01,no
2026-10-05T04:27:15.307538Z,KXBTC15M-26OCT050030-30,0.0270,0.01,no
2026-10-05T04:27:15.307538Z,KXBTC15M-26OCT050030-30,0.0260,1.98,no
2026-10-05T04:27:15.316356Z,KXBTC15M-26OCT050030-30,0.0260,10.07,no
2026-10-05T04:27:15.332426Z,KXBTC15M-26OCT050030-30,0.0260,38.30,no
2026-10-05T04:27:15.349663Z,KXBTC15M-26OCT050030-30,0.0260,15.12,no
2026-10-05T04:27:15.442701Z,KXBTC15M-26OCT050030-30,0.0270,0.01,yes
2026-10-05T04:27:15.442701Z,KXBTC15M-26OCT050030-30,0.0270,151.02,yes
2026-10-05T04:27:15.442701Z,KXBTC15M-26OCT050030-30,0.0270,0.01,yes
2026-10-05T04:27:15.522883Z,KXBTC15M-26OCT050030-30,0.0260,248.74,no
2026-10-05T04:27:15.55924Z,KXBTC15M-26OCT050030-30,0.0260,464.47,no
2026-10-05T04:27:15.599174Z,KXBTC15M-26OCT050030-30,0.0260,5.01,no
2026-10-05T04:27:15.599174Z,KXBTC15M-26OCT050030-30,0.0260,0.01,no
2026-10-05T04:27:15.604726Z,KXBTC15M-26OCT050030-30,0.0270,133.77,yes
2026-10-05T04:27:15.604726Z,KXBTC15M-26OCT050030-30,0.0270,48.98,yes
2026-10-05T04:27:15.606014Z,KXBTC15M-26OCT050030-30,0.0270,146.33,yes
2026-10-05T04:27:15.635097Z,KXBTC15M-26OCT050030-30,0.0270,0.28,yes
2026-10-05T04:27:15.63512Z,KXBTC15M-26OCT050030-30,0.0270,100.00,yes
2026-10-05T04:27:15.706717Z,KXBTC15M-26OCT050030-30,0.0270,0.01,yes
2026-10-05T04:27:15.706717Z,KXBTC15M-26OCT050030-30,0.0270,1.00,yes
2026-10-05T04:27:15.706717Z,KXBTC15M-26OCT050030-30,0.0280,122.49,yes
2026-10-05T04:27:15.706717Z,KXBTC15M-26OCT050030-30,0.0270,100.00,yes
2026-10-05T04:27:15.706717Z,KXBTC15M-26OCT050030-30,0.0270,10.00,yes
2026-10-05T04:27:15.706717Z,KXBTC15M-26OCT050030-30,0.0270,200.00,yes
2026-10-05T04:27:15.706717Z,KXBTC15M-26OCT050030-30,0.0270,19.62,yes
2026-10-05T04:27:15.706717Z,KXBTC15M-26OCT050030-30,0.0270,0.01,yes
2026-10-05T04:27:15.721113Z,KXBTC15M-26OCT050030-30,0.0270,400.00,yes
2026-10-05T04:27:15.721113Z,KXBTC15M-26OCT050030-30,0.0280,84.31,yes
2026-10-05T04:27:15.721113Z,KXBTC15M-26OCT050030-30,0.0270,0.01,yes
2026-10-05T04:27:15.733175Z,KXBTC15M-26OCT050030-30,0.0260,0.01,no
2026-10-05T04:27:15.733175Z,KXBTC15M-26OCT050030-30,0.0260,31.96,no
2026-10-05T04:27:15.75998Z,KXBTC15M-26OCT050030-30,0.0270,21.86,yes
2026-10-05T04:27:15.75998Z,KXBTC15M-26OCT050030-30,0.0270,0.01,yes
2026-10-05T04:27:15.772446Z,KXBTC15M-26OCT050030-30,0.0270,161.44,yes
2026-10-05T04:27:15.77642Z,KXBTC15M-26OCT050030-30,0.0260,11.99,no
2026-10-05T04:27:15.788841Z,KXBTC15M-26OCT050030-30,0.0270,8.36,yes
2026-10-05T04:27:15.80283Z,KXBTC15M-26OCT050030-30,0.0270,6.19,yes
2026-10-05T04:27:15.80283Z,KXBTC15M-26OCT050030-30,0.0270,8.34,yes
2026-10-05T04:27:15.85347Z,KXBTC15M-26OCT050030-30,0.0270,200.00,yes
2026-10-05T04:27:15.913386Z,KXBTC15M-26OCT050030-30,0.0270,4.11,yes
2026-10-05T04:27:15.927012Z,KXBTC15M-26OCT050030-30,0.0270,69.35,yes
2026-10-05T04:27:15.933833Z,KXBTC15M-26OCT050030-30,0.0270,34.67,yes
2026-10-05T04:27:16.024024Z,KXBTC15M-26OCT050030-30,0.0260,1.00,no
2026-10-05T04:27:16.024024Z,KXBTC15M-26OCT050030-30,0.0260,0.01,no
2026-10-05T04:27:16.024024Z,KXBTC15M-26OCT050030-30,0.0260,9.86,no
2026-10-05T04:27:16.024024Z,KXBTC15M-26OCT050030-30,0.0260,0.01,no
2026-10-05T04:27:16.024024Z,KXBTC15M-26OCT050030-30,0.0260,10.00,no
2026-10-05T04:27:16.043169Z,KXBTC15M-26OCT050030-30,0.0270,0.63,yes
2026-10-05T04:27:16.077639Z,KXBTC15M-26OCT050030-30,0.0270,29.30,yes
2026-10-05T04:27:16.077639Z,KXBTC15M-26OCT050030-30,0.0270,85.05,yes
2026-10-05T04:27:16.077639Z,KXBTC15M-26OCT050030-30,0.0270,49.00,yes
2026-10-05T04:27:16.077639Z,KXBTC15M-26OCT050030-30,0.0270,0.01,yes
2026-10-05T04:27:16.077639Z,KXBTC15M-26OCT050030-30,0.0270,0.01,yes
2026-10-05T04:27:16.077639Z,KXBTC15M-26OCT050030-30,0.0270,10.00,yes
2026-10-05T04:27:16.17767Z,KXBTC15M-26OCT050030-30,0.0270,2.67,yes
2026-10-05T04:27:16.218558Z,KXBTC15M-26OCT050030-30,0.0270,5.07,yes
2026-10-05T04:27:16.218558Z,KXBTC15M-26OCT050030-30,0.0270,18.03,yes
2026-10-05T04:27:16.291417Z,KXBTC15M-26OCT050030-30,0.0260,0.01,no
2026-10-05T04:27:16.291417Z,KXBTC15M-26OCT050030-30,0.0260,0.01,no
2026-10-05T04:27:16.291417Z,KXBTC15M-26OCT050030-30,0.0260,2.00,no
2026-10-05T04:27:16.291417Z,KXBTC15M-26OCT050030-30,0.0260,1.05,no
2026-10-05T04:27:16.298593Z,KXBTC15M-26OCT050030-30,0.0270,10.30,yes
2026-10-05T04:27:16.340214Z,KXBTC15M-26OCT050030-30,0.0270,3.40,yes
2026-10-05T04:27:16.385934Z,KXBTC15M-26OCT050030-30,0.0270,13.38,yes
2026-10-05T04:27:16.393319Z,KXBTC15M-26OCT050030-30,0.0270,33.43,yes
2026-10-05T04:27:16.435055Z,KXBTC15M-26OCT050030-30,0.0270,6.56,yes
2026-10-05T04:27:16.435055Z,KXBTC15M-26OCT050030-30,0.0270,0.01,yes
2026-10-05T04:27:16.435055Z,KXBTC15M-26OCT050030-30,0.0270,88.42,yes
2026-10-05T04:27:16.435055Z,KXBTC15M-26OCT050030-30,0.0270,0.01,yes
2026-10-05T04:27:16.435055Z,KXBTC15M-26OCT050030-30,0.0270,10.00,yes
2026-10-05T04:27:16.477915Z,KXBTC15M-26OCT050030-30,0.0260,0.01,no
2026-10-05T04:27:16.477915Z,KXBTC15M-26OCT050030-30,0.0260,0.01,no
2026-10-05T04:27:16.477915Z,KXBTC15M-26OCT050030-30,0.0260,115.24,no
2026-10-05T04:27:16.477915Z,KXBTC15M-26OCT050030-30,0.0260,414.40,no
2026-10-05T04:27:16.606119Z,KXBTC15M-26OCT050030-30,0.0260,104.02,yes
2026-10-05T04:27:16.611252Z,KXBTC15M-26OCT050030-30,0.0260,34.67,yes
2026-10-05T04:27:16.627948Z,KXBTC15M-26OCT050030-30,0.0250,0.01,no
2026-10-05T04:27:16.627948Z,KXBTC15M-26OCT050030-30,0.0250,2.02,no
2026-10-05T04:27:16.627948Z,KXBTC15M-26OCT050030-30,0.0250,0.01,no
2026-10-05T04:27:16.658814Z,KXBTC15M-26OCT050030-30,0.0260,11.31,yes
2026-10-05T04:27:16.658814Z,KXBTC15M-26OCT050030-30,0.0260,46.21,yes
2026-10-05T04:27:16.673184Z,KXBTC15M-26OCT050030-30,0.0260,0.01,yes
2026-10-05T04:27:16.673184Z,KXBTC15M-26OCT050030-30,0.0260,103.79,yes
2026-10-05T04:27:16.673184Z,KXBTC15M-26OCT050030-30,0.0260,1.90,yes
2026-10-05T04:27:16.673184Z,KXBTC15M-26OCT050030-30,0.0260,0.01,yes
2026-10-05T04:27:16.679365Z,KXBTC15M-26OCT050030-30,0.0260,11.44,yes
2026-10-05T04:27:16.853526Z,KXBTC15M-26OCT050030-30,0.0250,3.06,no
2026-10-05T04:27:16.913804Z,KXBTC15M-26OCT050030-30,0.0250,2.35,no
2026-10-05T04:27:16.978385Z,KXBTC15M-26OCT050030-30,0.0260,105.85,yes
2026-10-05T04:27:17.077073Z,KXBTC15M-26OCT050030-30,0.0260,40.87,yes
2026-10-05T04:27:17.077073Z,KXBTC15M-26OCT050030-30,0.0260,12.00,yes
2026-10-05T04:27:17.083957Z,KXBTC15M-26OCT050030-30,0.0260,155.39,yes
2026-10-05T04:27:17.132918Z,KXBTC15M-26OCT050030-30,0.0260,143.01,yes
2026-10-05T04:27:17.132918Z,KXBTC15M-26OCT050030-30,0.0260,203.74,yes
2026-10-05T04:27:17.142902Z,KXBTC15M-26OCT050030-30,0.0260,100.00,yes
2026-10-05T04:27:17.237003Z,KXBTC15M-26OCT050030-30,0.0260,17.34,yes
2026-10-05T04:27:17.250646Z,KXBTC15M-26OCT050030-30,0.0250,22.37,no
2026-10-05T04:27:17.325816Z,KXBTC15M-26OCT050030-30,0.0260,50.00,yes
2026-10-05T04:27:17.325816Z,KXBTC15M-26OCT050030-30,0.0260,210.04,yes
2026-10-05T04:27:17.325816Z,KXBTC15M-26OCT050030-30,0.0260,100.00,yes
2026-10-05T04:27:17.325816Z,KXBTC15M-26OCT050030-30,0.0260,0.01,yes
2026-10-05T04:27:17.325816Z,KXBTC15M-26OCT050030-30,0.0260,0.01,yes
2026-10-05T04:27:17.449456Z,KXBTC15M-26OCT050030-30,0.0260,108.47,yes
2026-10-05T04:27:17.499531Z,KXBTC15M-26OCT050030-30,0.0250,36.77,no
2026-10-05T04:27:17.530802Z,KXBTC15M-26OCT050030-30,0.0260,81.49,yes
2026-10-05T04:27:17.530802Z,KXBTC15M-26OCT050030-30,0.0260,0.01,yes
2026-10-05T04:27:17.530802Z,KXBTC15M-26OCT050030-30,0.0260,0.01,yes
2026-10-05T04:27:17.530802Z,KXBTC15M-26OCT050030-30,0.0260,40.47,yes
2026-10-05T04:27:17.535147Z,KXBTC15M-26OCT050030-30,0.0250,4.12,no
2026-10-05T04:27:17.617481Z,KXBTC15M-26OCT050030-30,0.0260,0.01,yes
2026-10-05T04:27:17.617481Z,KXBTC15M-26OCT050030-30,0.0260,71.99,yes
2026-10-05T04:27:17.617481Z,KXBTC15M-26OCT050030-30,0.0260,0.01,yes
2026-10-05T04:27:17.63036Z,KXBTC15M-26OCT050030-30,0.0250,0.10,no
2026-10-05T04:27:17.651927Z,KXBTC15M-26OCT050030-30,0.0250,9.87,no
2026-10-05T04:27:17.7371Z,KXBTC15M-26OCT050030-30,0.0260,3.14,yes
2026-10-05T04:27:17.769769Z,KXBTC15M-26OCT050030-30,0.0260,127.63,yes
2026-10-05T04:27:17.832716Z,KXBTC15M-26OCT050030-30,0.0260,1.00,yes
2026-10-05T04:27:17.832716Z,KXBTC15M-26OCT050030-30,0.0260,197.24,yes
2026-10-05T04:27:17.832716Z,KXBTC15M-26OCT050030-30,0.0260,200.00,yes
2026-10-05T04:27:17.832716Z,KXBTC15M-26OCT050030-30,0.0260,0.01,yes
2026-10-05T04:27:17.832716Z,KXBTC15M-26OCT050030-30,0.0270,260.72,yes
2026-10-05T04:27:17.832716Z,KXBTC15M-26OCT050030-30,0.0260,0.01,yes
2026-10-05T04:27:17.832716Z,KXBTC15M-26OCT050030-30,0.0260,75.00,yes
2026-10-05T04:27:17.832716Z,KXBTC15M-26OCT050030-30,0.0270,76.00,yes
2026-10-05T04:27:17.832716Z,KXBTC15M-26OCT050030-30,0.0270,65.00,yes
2026-10-05T04:27:17.911835Z,KXBTC15M-26OCT050030-30,0.0250,154.20,no
2026-10-05T04:27:17.92065Z,KXBTC15M-26OCT050030-30,0.0270,22.59,yes
2026-10-05T04:27:17.92065Z,KXBTC15M-26OCT050030-30,0.0270,500.00,yes
2026-10-05T04:27:17.92065Z,KXBTC15M-26OCT050030-30,0.0260,0.01,yes
2026-10-05T04:27:17.92065Z,KXBTC15M-26OCT050030-30,0.0270,124.00,yes
2026-10-05T04:27:17.92065Z,KXBTC15M-26OCT050030-30,0.0260,0.01,yes
2026-10-05T04:27:17.92065Z,KXBTC15M-26OCT050030-30,0.0260,400.00,yes
2026-10-05T04:27:17.92065Z,KXBTC15M-26OCT050030-30,0.0260,1.00,yes
2026-10-05T04:27:17.92065Z,KXBTC15M-26OCT050030-30,0.0270,1000.00,yes
2026-10-05T04:27:17.92065Z,KXBTC15M-26OCT050030-30,0.0260,12.00,yes
2026-10-05T04:27:17.946344Z,KXBTC15M-26OCT050030-30,0.0260,0.01,yes
2026-10-05T04:27:17.946344Z,KXBTC15M-26OCT050030-30,0.0270,7.98,yes
2026-10-05T04:27:17.946344Z,KXBTC15M-26OCT050030-30,0.0260,0.01,yes
2026-10-05T04:27:18.013488Z,KXBTC15M-26OCT050030-30,0.0250,1.00,no
2026-10-05T04:27:18.057143Z,KXBTC15M-26OCT050030-30,0.0260,0.01,yes
2026-10-05T04:27:18.057143Z,KXBTC15M-26OCT050030-30,0.0260,9.98,yes
2026-10-05T04:27:18.057143Z,KXBTC15M-26OCT050030-30,0.0260,0.01,yes
2026-10-05T04:27:18.182599Z,KXBTC15M-26OCT050030-30,0.0250,0.01,no
2026-10-05T04:27:18.182599Z,KXBTC15M-26OCT050030-30,0.0250,0.01,no
2026-10-05T04:27:18.182599Z,KXBTC15M-26OCT050030-30,0.0250,118.49,no
2026-10-05T04:27:18.182599Z,KXBTC15M-26OCT050030-30,0.0250,232.67,no
2026-10-05T04:27:18.205559Z,KXBTC15M-26OCT050030-30,0.0250,1.00,no
2026-10-05T04:27:18.217672Z,KXBTC15M-26OCT050030-30,0.0260,6.00,yes
2026-10-05T04:27:18.234204Z,KXBTC15M-26OCT050030-30,0.0260,72.01,yes
2026-10-05T04:27:18.284529Z,KXBTC15M-26OCT050030-30,0.0250,6.27,no
2026-10-05T04:27:18.284529Z,KXBTC15M-26OCT050030-30,0.0250,0.01,no
2026-10-05T04:27:18.284529Z,KXBTC15M-26OCT050030-30,0.0250,0.01,no
2026-10-05T04:27:18.314273Z,KXBTC15M-26OCT050030-30,0.0260,41.77,yes
2026-10-05T04:27:18.314275Z,KXBTC15M-26OCT050030-30,0.0260,36.00,yes
2026-10-05T04:27:18.356089Z,KXBTC15M-26OCT050030-30,0.0260,36.00,yes
2026-10-05T04:27:18.387224Z,KXBTC15M-26OCT050030-30,0.0260,252.00,yes
2026-10-05T04:27:18.41889Z,KXBTC15M-26OCT050030-30,0.0250,154.77,no
2026-10-05T04:27:18.469565Z,KXBTC15M-26OCT050030-30,0.0260,17.03,yes
2026-10-05T04:27:18.558905Z,KXBTC15M-26OCT050030-30,0.0250,0.77,no
2026-10-05T04:27:18.586745Z,KXBTC15M-26OCT050030-30,0.0260,29.88,yes
2026-10-05T04:27:18.589624Z,KXBTC15M-26OCT050030-30,0.0260,72.01,yes
2026-10-05T04:27:18.622092Z,KXBTC15M-26OCT050030-30,0.0250,143.75,no
2026-10-05T04:27:18.622092Z,KXBTC15M-26OCT050030-30,0.0250,213.69,no
2026-10-05T04:27:18.653531Z,KXBTC15M-26OCT050030-30,0.0260,42.93,yes
2026-10-05T04:27:18.653531Z,KXBTC15M-26OCT050030-30,0.0260,29.08,yes
2026-10-05T04:27:18.773039Z,KXBTC15M-26OCT050030-30,0.0250,39.97,no
2026-10-05T04:27:18.810041Z,KXBTC15M-26OCT050030-30,0.0260,47.07,yes
2026-10-05T04:27:18.810041Z,KXBTC15M-26OCT050030-30,0.0260,55.82,yes
2026-10-05T04:27:18.81793Z,KXBTC15M-26OCT050030-30,0.0240,74.00,no
2026-10-05T04:27:18.81793Z,KXBTC15M-26OCT050030-30,0.0250,0.01,no
2026-10-05T04:27:18.81793Z,KXBTC15M-26OCT050030-30,0.0250,160.03,no
2026-10-05T04:27:18.81793Z,KXBTC15M-26OCT050030-30,0.0250,0.01,no
2026-10-05T04:27:18.81793Z,KXBTC15M-26OCT050030-30,0.0240,10.00,no
2026-10-05T04:27:18.81793Z,KXBTC15M-26OCT050030-30,0.0240,150.00,no
2026-10-05T04:27:18.81793Z,KXBTC15M-26OCT050030-30,0.0250,107.63,no
2026-10-05T04:27:18.877598Z,KXBTC15M-26OCT050030-30,0.0260,108.47,yes
2026-10-05T04:27:18.904645Z,KXBTC15M-26OCT050030-30,0.0260,1.99,yes
2026-10-05T04:27:18.979296Z,KXBTC15M-26OCT050030-30,0.0250,0.01,no
2026-10-05T04:27:18.979296Z,KXBTC15M-26OCT050030-30,0.0240,10.00,no
2026-10-05T04:27:18.979296Z,KXBTC15M-26OCT050030-30,0.0250,0.01,no
2026-10-05T04:27:18.979296Z,KXBTC15M-26OCT050030-30,0.0240,76.64,no
2026-10-05T04:27:19.001884Z,KXBTC15M-26OCT050030-30,0.0250,0.01,yes
2026-10-05T04:27:19.001884Z,KXBTC15M-26OCT050030-30,0.0250,0.01,yes
2026-10-05T04:27:19.001884Z,KXBTC15M-26OCT050030-30,0.0250,343.91,yes
2026-10-05T04:27:19.113454Z,KXBTC15M-26OCT050030-30,0.0250,0.01,yes
2026-10-05T04:27:19.113454Z,KXBTC15M-26OCT050030-30,0.0250,0.01,yes
2026-10-05T04:27:19.113454Z,KXBTC15M-26OCT050030-30,0.0250,17.98,yes
2026-10-05T04:27:19.130094Z,KXBTC15M-26OCT050030-30,0.0250,5.24,yes
2026-10-05T04:27:19.263262Z,KXBTC15M-26OCT050030-30,0.0230,47.45,no
2026-10-05T04:27:19.263262Z,KXBTC15M-26OCT050030-30,0.0240,150.00,no
2026-10-05T04:27:19.263262Z,KXBTC15M-26OCT050030-30,0.0240,0.01,no
2026-10-05T04:27:19.263262Z,KXBTC15M-26OCT050030-30,0.0240,0.01,no
2026-10-05T04:27:19.310693Z,KXBTC15M-26OCT050030-30,0.0250,90.00,yes
2026-10-05T04:27:19.310693Z,KXBTC15M-26OCT050030-30,0.0250,172.78,yes
2026-10-05T04:27:19.310693Z,KXBTC15M-26OCT050030-30,0.0250,50.00,yes
2026-10-05T04:27:19.310693Z,KXBTC15M-26OCT050030-30,0.0250,98.49,yes
2026-10-05T04:27:19.310693Z,KXBTC15M-26OCT050030-30,0.0250,0.01,yes
2026-10-05T04:27:19.310693Z,KXBTC15M-26OCT050030-30,0.0240,0.01,yes
2026-10-05T04:27:19.310693Z,KXBTC15M-26OCT050030-30,0.0240,0.01,yes
2026-10-05T04:27:19.310693Z,KXBTC15M-26OCT050030-30,0.0250,0.01,yes
2026-10-05T04:27:19.310693Z,KXBTC15M-26OCT050030-30,0.0240,400.00,yes
2026-10-05T04:27:19.310693Z,KXBTC15M-26OCT050030-30,0.0240,500.00,yes
2026-10-05T04:27:19.310693Z,KXBTC15M-26OCT050030-30,0.0250,1.00,yes
2026-10-05T04:27:19.310693Z,KXBTC15M-26OCT050030-30,0.0240,331.17,yes
2026-10-05T04:27:19.354541Z,KXBTC15M-26OCT050030-30,0.0240,108.00,yes
2026-10-05T04:27:19.354541Z,KXBTC15M-26OCT050030-30,0.0240,0.01,yes
2026-10-05T04:27:19.354541Z,KXBTC15M-26OCT050030-30,0.0240,0.01,yes
2026-10-05T04:27:19.357159Z,KXBTC15M-26OCT050030-30,0.0240,9.36,yes
2026-10-05T04:27:19.382936Z,KXBTC15M-26OCT050030-30,0.0240,0.01,yes
2026-10-05T04:27:19.382936Z,KXBTC15M-26OCT050030-30,0.0240,0.01,yes
2026-10-05T04:27:19.382936Z,KXBTC15M-26OCT050030-30,0.0250,0.01,yes
2026-10-05T04:27:19.382936Z,KXBTC15M-26OCT050030-30,0.0260,6.56,yes
2026-10-05T04:27:19.43Z,KXBTC15M-26OCT050030-30,0.0260,8.44,yes
2026-10-05T04:27:19.43Z,KXBTC15M-26OCT050030-30,0.0260,1.83,yes
2026-10-05T04:27:19.43Z,KXBTC15M-26OCT050030-30,0.0260,0.01,yes
2026-10-05T04:27:19.440212Z,KXBTC15M-26OCT050030-30,0.0240,0.01,no
2026-10-05T04:27:19.440212Z,KXBTC15M-26OCT050030-30,0.0250,0.01,no
2026-10-05T04:27:19.440212Z,KXBTC15M-26OCT050030-30,0.0240,10.00,no
2026-10-05T04:27:19.440212Z,KXBTC15M-26OCT050030-30,0.0240,0.01,no
2026-10-05T04:27:19.440212Z,KXBTC15M-26OCT050030-30,0.0240,1.85,no
2026-10-05T04:27:19.440212Z,KXBTC15M-26OCT050030-30,0.0250,0.01,no
2026-10-05T04:27:19.519197Z,KXBTC15M-26OCT050030-30,0.0250,32.73,no
2026-10-05T04:27:19.525858Z,KXBTC15M-26OCT050030-30,0.0250,0.01,no
2026-10-05T04:27:19.525858Z,KXBTC15M-26OCT050030-30,0.0250,0.01,no
2026-10-05T04:27:19.525858Z,KXBTC15M-26OCT050030-30,0.0240,63.26,no
2026-10-05T04:27:19.525858Z,KXBTC15M-26OCT050030-30,0.0250,237.27,no
2026-10-05T04:27:19.527281Z,KXBTC15M-26OCT050030-30,0.0250,30.43,yes
2026-10-05T04:27:19.535184Z,KXBTC15M-26OCT050030-30,0.0250,109.00,yes
2026-10-05T04:27:19.568147Z,KXBTC15M-26OCT050030-30,0.0200,23.00,no
2026-10-05T04:27:19.568147Z,KXBTC15M-26OCT050030-30,0.0200,300.00,no
2026-10-05T04:27:19.568147Z,KXBTC15M-26OCT050030-30,0.0210,62.00,no
2026-10-05T04:27:19.568147Z,KXBTC15M-26OCT050030-30,0.0200,100.00,no
2026-10-05T04:27:19.568147Z,KXBTC15M-26OCT050030-30,0.0200,27.56,no
2026-10-05T04:27:19.568147Z,KXBTC15M-26OCT050030-30,0.0200,21.19,no
2026-10-05T04:27:19.568147Z,KXBTC15M-26OCT050030-30,0.0220,307.00,no
2026-10-05T04:27:19.568147Z,KXBTC15M-26OCT050030-30,0.0240,0.01,no
2026-10-05T04:27:19.568147Z,KXBTC15M-26OCT050030-30,0.0230,10.00,no
2026-10-05T04:27:19.568147Z,KXBTC15M-26OCT050030-30,0.0230,713.00,no
2026-10-05T04:27:19.568147Z,KXBTC15M-26OCT050030-30,0.0220,10.00,no
2026-10-05T04:27:19.568147Z,KXBTC15M-26OCT050030-30,0.0240,0.01,no
2026-10-05T04:27:19.568147Z,KXBTC15M-26OCT050030-30,0.0230,150.00,no
2026-10-05T04:27:19.568147Z,KXBTC15M-26OCT050030-30,0.0230,2.00,no
2026-10-05T04:27:19.568147Z,KXBTC15M-26OCT050030-30,0.0210,93.00,no
2026-10-05T04:27:19.568147Z,KXBTC15M-26OCT050030-30,0.0210,11.00,no
2026-10-05T04:27:19.568147Z,KXBTC15M-26OCT050030-30,0.0210,2.00,no
2026-10-05T04:27:19.568147Z,KXBTC15M-26OCT050030-30,0.0210,2.00,no
2026-10-05T04:27:19.568147Z,KXBTC15M-26OCT050030-30,0.0220,2.00,no
2026-10-05T04:27:19.568147Z,KXBTC15M-26OCT050030-30,0.0220,2.00,no
2026-10-05T04:27:19.568147Z,KXBTC15M-26OCT050030-30,0.0200,3.93,no
2026-10-05T04:27:19.568147Z,KXBTC15M-26OCT050030-30,0.0200,150.00,no
2026-10-05T04:27:19.568147Z,KXBTC15M-26OCT050030-30,0.0200,500.00,no
2026-10-05T04:27:19.568147Z,KXBTC15M-26OCT050030-30,0.0200,6.00,no
2026-10-05T04:27:19.568147Z,KXBTC15M-26OCT050030-30,0.0200,6.00,no
2026-10-05T04:27:19.568147Z,KXBTC15M-26OCT050030-30,0.0200,1.00,no
2026-10-05T04:27:19.568147Z,KXBTC15M-26OCT050030-30,0.0200,3.15,no
2026-10-05T04:27:19.568147Z,KXBTC15M-26OCT050030-30,0.0200,1.00,no
2026-10-05T04:27:19.577224Z,KXBTC15M-26OCT050030-30,0.0250,0.01,yes
2026-10-05T04:27:19.577224Z,KXBTC15M-26OCT050030-30,0.0250,7.96,yes
2026-10-05T04:27:19.577224Z,KXBTC15M-26OCT050030-30,0.0250,400.00,yes
2026-10-05T04:27:19.577224Z,KXBTC15M-26OCT050030-30,0.0250,0.01,yes
2026-10-05T04:27:19.610774Z,KXBTC15M-26OCT050030-30,0.0240,28.46,yes
2026-10-05T04:27:19.611678Z,KXBTC15M-26OCT050030-30,0.0230,0.01,no
2026-10-05T04:27:19.611678Z,KXBTC15M-26OCT050030-30,0.0230,0.01,no
2026-10-05T04:27:19.611678Z,KXBTC15M-26OCT050030-30,0.0230,204.28,no
2026-10-05T04:27:19.615442Z,KXBTC15M-26OCT050030-30,0.0230,19.70,no
2026-10-05T04:27:19.712327Z,KXBTC15M-26OCT050030-30,0.0240,146.19,yes
2026-10-05T04:27:19.712327Z,KXBTC15M-26OCT050030-30,0.0240,0.01,yes
2026-10-05T04:27:19.712327Z,KXBTC15M-26OCT050030-30,0.0240,0.01,yes
2026-10-05T04:27:19.712327Z,KXBTC15M-26OCT050030-30,0.0240,121.54,yes
2026-10-05T04:27:19.830767Z,KXBTC15M-26OCT050030-30,0.0230,0.01,no
2026-10-05T04:27:19.830767Z,KXBTC15M-26OCT050030-30,0.0230,0.01,no
2026-10-05T04:27:19.830767Z,KXBTC15M-26OCT050030-30,0.0230,20.60,no
2026-10-05T04:27:19.854059Z,KXBTC15M-26OCT050030-30,0.0240,72.01,yes
2026-10-05T04:27:19.959134Z,KXBTC15M-26OCT050030-30,0.0240,0.20,yes
2026-10-05T04:27:20.042889Z,KXBTC15M-26OCT050030-30,0.0230,66.44,no
2026-10-05T04:27:20.108077Z,KXBTC15M-26OCT050030-30,0.0240,111.49,yes
2026-10-05T04:27:20.111646Z,KXBTC15M-26OCT050030-30,0.0230,2.03,no
2026-10-05T04:27:20.138237Z,KXBTC15M-26OCT050030-30,0.0240,10.14,yes
2026-10-05T04:27:20.154936Z,KXBTC15M-26OCT050030-30,0.0240,6.16,yes
2026-10-05T04:27:20.154936Z,KXBTC15M-26OCT050030-30,0.0240,12.00,yes
2026-10-05T04:27:20.154936Z,KXBTC15M-26OCT050030-30,0.0240,20.84,yes
2026-10-05T04:27:20.158207Z,KXBTC15M-26OCT050030-30,0.0240,1.00,yes
2026-10-05T04:27:20.257527Z,KXBTC15M-26OCT050030-30,0.0230,11.24,no
2026-10-05T04:27:20.419891Z,KXBTC15M-26OCT050030-30,0.0230,10.20,no
2026-10-05T04:27:20.462777Z,KXBTC15M-26OCT050030-30,0.0230,10.21,no
2026-10-05T04:27:20.480019Z,KXBTC15M-26OCT050030-30,0.0220,72.64,no
2026-10-05T04:27:20.480019Z,KXBTC15M-26OCT050030-30,0.0230,0.01,no
2026-10-05T04:27:20.480019Z,KXBTC15M-26OCT050030-30,0.0230,82.36,no
2026-10-05T04:27:20.480019Z,KXBTC15M-26OCT050030-30,0.0230,10.00,no
2026-10-05T04:27:20.480019Z,KXBTC15M-26OCT050030-30,0.0230,29.28,no
2026-10-05T04:27:20.480019Z,KXBTC15M-26OCT050030-30,0.0230,0.01,no
2026-10-05T04:27:20.480019Z,KXBTC15M-26OCT050030-30,0.0220,10.00,no
2026-10-05T04:27:20.500567Z,KXBTC15M-26OCT050030-30,0.0220,100.00,no
2026-10-05T04:27:20.500567Z,KXBTC15M-26OCT050030-30,0.0220,1.00,no
2026-10-05T04:27:20.500567Z,KXBTC15M-26OCT050030-30,0.0220,10.00,no
2026-10-05T04:27:20.500567Z,KXBTC15M-26OCT050030-30,0.0220,370.36,no
2026-10-05T04:27:20.500567Z,KXBTC15M-26OCT050030-30,0.0220,150.42,no
2026-10-05T04:27:20.510859Z,KXBTC15M-26OCT050030-30,0.0230,0.01,yes
2026-10-05T04:27:20.510859Z,KXBTC15M-26OCT050030-30,0.0230,0.01,yes
2026-10-05T04:27:20.510859Z,KXBTC15M-26OCT050030-30,0.0240,4.09,yes
2026-10-05T04:27:20.570587Z,KXBTC15M-26OCT050030-30,0.0240,17.00,yes
2026-10-05T04:27:20.670172Z,KXBTC15M-26OCT050030-30,0.0240,43.51,yes
2026-10-05T04:27:20.695235Z,KXBTC15M-26OCT050030-30,0.0240,73.98,yes
2026-10-05T04:27:20.70683Z,KXBTC15M-26OCT050030-30,0.0230,150.00,no
2026-10-05T04:27:20.70683Z,KXBTC15M-26OCT050030-30,0.0230,150.00,no
2026-10-05T04:27:20.70683Z,KXBTC15M-26OCT050030-30,0.0230,7.98,no
2026-10-05T04:27:20.760164Z,KXBTC15M-26OCT050030-30,0.0200,1000.00,no
2026-10-05T04:27:20.760164Z,KXBTC15M-26OCT050030-30,0.0180,244.95,no
2026-10-05T04:27:20.760164Z,KXBTC15M-26OCT050030-30,0.0200,1019.44,no
2026-10-05T04:27:20.760164Z,KXBTC15M-26OCT050030-30,0.0200,5.83,no
2026-10-05T04:27:20.760164Z,KXBTC15M-26OCT050030-30,0.0230,142.02,no
2026-10-05T04:27:20.760164Z,KXBTC15M-26OCT050030-30,0.0220,1.00,no
2026-10-05T04:27:20.760164Z,KXBTC15M-26OCT050030-30,0.0230,0.01,no
2026-10-05T04:27:20.760164Z,KXBTC15M-26OCT050030-30,0.0230,0.01,no
2026-10-05T04:27:20.760164Z,KXBTC15M-26OCT050030-30,0.0210,11.00,no
2026-10-05T04:27:20.760164Z,KXBTC15M-26OCT050030-30,0.0220,10.00,no
2026-10-05T04:27:20.760164Z,KXBTC15M-26OCT050030-30,0.0230,10.00,no
2026-10-05T04:27:20.760164Z,KXBTC15M-26OCT050030-30,0.0220,216.00,no
2026-10-05T04:27:20.760164Z,KXBTC15M-26OCT050030-30,0.0190,61.00,no
2026-10-05T04:27:20.760164Z,KXBTC15M-26OCT050030-30,0.0210,93.00,no
2026-10-05T04:27:20.760164Z,KXBTC15M-26OCT050030-30,0.0190,2.00,no
2026-10-05T04:27:20.760164Z,KXBTC15M-26OCT050030-30,0.0200,50.00,no
2026-10-05T04:27:20.760164Z,KXBTC15M-26OCT050030-30,0.0180,150.00,no
2026-10-05T04:27:20.760164Z,KXBTC15M-26OCT050030-30,0.0190,150.00,no
2026-10-05T04:27:20.760164Z,KXBTC15M-26OCT050030-30,0.0200,50.00,no
2026-10-05T04:27:20.775157Z,KXBTC15M-26OCT050030-30,0.0200,28.02,no
2026-10-05T04:27:20.775157Z,KXBTC15M-26OCT050030-30,0.0200,1.01,no
2026-10-05T04:27:20.775157Z,KXBTC15M-26OCT050030-30,0.0200,1.00,no
2026-10-05T04:27:20.804941Z,KXBTC15M-26OCT050030-30,0.0220,0.31,yes
2026-10-05T04:27:20.849653Z,KXBTC15M-26OCT050030-30,0.0210,45.00,no
2026-10-05T04:27:20.932007Z,KXBTC15M-26OCT050030-30,0.0220,37.18,yes
2026-10-05T04:27:20.954876Z,KXBTC15M-26OCT050030-30,0.0220,7.22,yes
2026-10-05T04:27:21.056131Z,KXBTC15M-26OCT050030-30,0.0220,40.19,yes
2026-10-05T04:27:21.084491Z,KXBTC15M-26OCT050030-30,0.0220,10.00,yes
2026-10-05T04:27:21.147025Z,KXBTC15M-26OCT050030-30,0.0220,86.37,yes
2026-10-05T04:27:21.1794Z,KXBTC15M-26OCT050030-30,0.0220,12.00,yes
2026-10-05T04:27:21.1794Z,KXBTC15M-26OCT050030-30,0.0220,161.37,yes
2026-10-05T04:27:21.206424Z,KXBTC15M-26OCT050030-30,0.0220,0.01,yes
2026-10-05T04:27:21.206424Z,KXBTC15M-26OCT050030-30,0.0220,38.63,yes
2026-10-05T04:27:21.206424Z,KXBTC15M-26OCT050030-30,0.0220,0.01,yes
2026-10-05T04:27:21.206424Z,KXBTC15M-26OCT050030-30,0.0220,437.30,yes
2026-10-05T04:27:21.285474Z,KXBTC15M-26OCT050030-30,0.0220,64.68,yes
2026-10-05T04:27:21.285474Z,KXBTC15M-26OCT050030-30,0.0220,36.82,yes
2026-10-05T04:27:21.285474Z,KXBTC15M-26OCT050030-30,0.0220,105.00,yes
2026-10-05T04:27:21.285474Z,KXBTC15M-26OCT050030-30,0.0220,150.00,yes
2026-10-05T04:27:21.285474Z,KXBTC15M-26OCT050030-30,0.0220,238.00,yes
2026-10-05T04:27:21.285474Z,KXBTC15M-26OCT050030-30,0.0220,150.00,yes
2026-10-05T04:27:21.285474Z,KXBTC15M-26OCT050030-30,0.0220,62.70,yes
2026-10-05T04:27:21.350951Z,KXBTC15M-26OCT050030-30,0.0220,12.00,yes
2026-10-05T04:27:21.350951Z,KXBTC15M-26OCT050030-30,0.0220,0.01,yes
2026-10-05T04:27:21.350951Z,KXBTC15M-26OCT050030-30,0.0220,0.01,yes
2026-10-05T04:27:21.350951Z,KXBTC15M-26OCT050030-30,0.0220,35.32,yes
2026-10-05T04:27:21.350951Z,KXBTC15M-26OCT050030-30,0.0230,264.67,yes
2026-10-05T04:27:21.372837Z,KXBTC15M-26OCT050030-30,0.0230,22.64,yes
2026-10-05T04:27:21.413106Z,KXBTC15M-26OCT050030-30,0.0230,72.01,yes
2026-10-05T04:27:21.442363Z,KXBTC15M-26OCT050030-30,0.0220,10.00,no
2026-10-05T04:27:21.443319Z,KXBTC15M-26OCT050030-30,0.0170,1.00,no
2026-10-05T04:27:21.443319Z,KXBTC15M-26OCT050030-30,0.0170,10.00,no
2026-10-05T04:27:21.443319Z,KXBTC15M-26OCT050030-30,0.0220,0.01,no
2026-10-05T04:27:21.443319Z,KXBTC15M-26OCT050030-30,0.0220,0.01,no
2026-10-05T04:27:21.443319Z,KXBTC15M-26OCT050030-30,0.0200,338.00,no
2026-10-05T04:27:21.443319Z,KXBTC15M-26OCT050030-30,0.0220,140.00,no
2026-10-05T04:27:21.443319Z,KXBTC15M-26OCT050030-30,0.0170,17.00,no
2026-10-05T04:27:21.443319Z,KXBTC15M-26OCT050030-30,0.0210,0.01,no
2026-10-05T04:27:21.443319Z,KXBTC15M-26OCT050030-30,0.0210,0.01,no
2026-10-05T04:27:21.443319Z,KXBTC15M-26OCT050030-30,0.0180,12.00,no
2026-10-05T04:27:21.443319Z,KXBTC15M-26OCT050030-30,0.0180,99.00,no
2026-10-05T04:27:21.443319Z,KXBTC15M-26OCT050030-30,0.0180,375.00,no
2026-10-05T04:27:21.443319Z,KXBTC15M-26OCT050030-30,0.0210,37.00,no
2026-10-05T04:27:21.443319Z,KXBTC15M-26OCT050030-30,0.0170,271.28,no
2026-10-05T04:27:21.443319Z,KXBTC15M-26OCT050030-30,0.0180,59.00,no
2026-10-05T04:27:21.443319Z,KXBTC15M-26OCT050030-30,0.0200,21.98,no
2026-10-05T04:27:21.443319Z,KXBTC15M-26OCT050030-30,0.0180,17.00,no
2026-10-05T04:27:21.443319Z,KXBTC15M-26OCT050030-30,0.0170,2.00,no
2026-10-05T04:27:21.443319Z,KXBTC15M-26OCT050030-30,0.0170,2.00,no
2026-10-05T04:27:21.443319Z,KXBTC15M-26OCT050030-30,0.0180,2.00,no
2026-10-05T04:27:21.443319Z,KXBTC15M-26OCT050030-30,0.0170,150.00,no
2026-10-05T04:27:21.443319Z,KXBTC15M-26OCT050030-30,0.0160,507.30,no
2026-10-05T04:27:21.46278Z,KXBTC15M-26OCT050030-30,0.0190,0.01,no
2026-10-05T04:27:21.46278Z,KXBTC15M-26OCT050030-30,0.0190,100.00,no
2026-10-05T04:27:21.46278Z,KXBTC15M-26OCT050030-30,0.0190,0.01,no
2026-10-05T04:27:21.587056Z,KXBTC15M-26OCT050030-30,0.0180,12.00,no
2026-10-05T04:27:21.587056Z,KXBTC15M-26OCT050030-30,0.0180,0.01,no
2026-10-05T04:27:21.587056Z,KXBTC15M-26OCT050030-30,0.0180,1.00,no
2026-10-05T04:27:21.587056Z,KXBTC15M-26OCT050030-30,0.0180,1.01,no
2026-10-05T04:27:21.587056Z,KXBTC15M-26OCT050030-30,0.0180,85.98,no
2026-10-05T04:27:21.665132Z,KXBTC15M-26OCT050030-30,0.0190,8.50,yes
2026-10-05T04:27:21.732195Z,KXBTC15M-26OCT050030-30,0.0190,6.72,yes
2026-10-05T04:27:21.742863Z,KXBTC15M-26OCT050030-30,0.0180,100.00,no
2026-10-05T04:27:21.837507Z,KXBTC15M-26OCT050030-30,0.0190,81.39,yes
2026-10-05T04:27:21.840993Z,KXBTC15M-26OCT050030-30,0.0180,103.01,no
2026-10-05T04:27:21.840993Z,KXBTC15M-26OCT050030-30,0.0180,100.00,no
2026-10-05T04:27:21.840993Z,KXBTC15M-26OCT050030-30,0.0180,500.00,no
2026-10-05T04:27:21.840993Z,KXBTC15M-26OCT050030-30,0.0180,0.01,no
2026-10-05T04:27:21.840993Z,KXBTC15M-26OCT050030-30,0.0180,314.02,no
2026-10-05T04:27:21.970142Z,KXBTC15M-26OCT050030-30,0.0170,17.00,no
2026-10-05T04:27:21.970142Z,KXBTC15M-26OCT050030-30,0.0180,0.01,no
2026-10-05T04:27:21.970142Z,KXBTC15M-26OCT050030-30,0.0180,0.01,no
2026-10-05T04:27:21.970142Z,KXBTC15M-26OCT050030-30,0.0180,1.00,no
2026-10-05T04:27:21.970142Z,KXBTC15M-26OCT050030-30,0.0170,101.57,no
2026-10-05T04:27:22.10643Z,KXBTC15M-26OCT050030-30,0.0180,150.00,yes
2026-10-05T04:27:22.10643Z,KXBTC15M-26OCT050030-30,0.0180,35.98,yes
2026-10-05T04:27:22.10643Z,KXBTC15M-26OCT050030-30,0.0180,150.00,yes
2026-10-05T04:27:22.10643Z,KXBTC15M-26OCT050030-30,0.0180,0.01,yes
2026-10-05T04:27:22.10643Z,KXBTC15M-26OCT050030-30,0.0180,150.00,yes
2026-10-05T04:27:22.10643Z,KXBTC15M-26OCT050030-30,0.0180,150.00,yes
2026-10-05T04:27:22.10643Z,KXBTC15M-26OCT050030-30,0.0180,200.00,yes
2026-10-05T04:27:22.10643Z,KXBTC15M-26OCT050030-30,0.0180,150.00,yes
2026-10-05T04:27:22.10643Z,KXBTC15M-26OCT050030-30,0.0180,0.01,yes
2026-10-05T04:27:22.108166Z,KXBTC15M-26OCT050030-30,0.0170,251.10,no
2026-10-05T04:27:22.108166Z,KXBTC15M-26OCT050030-30,0.0170,148.88,no
2026-10-05T04:27:22.108166Z,KXBTC15M-26OCT050030-30,0.0170,0.01,no
2026-10-05T04:27:22.108166Z,KXBTC15M-26OCT050030-30,0.0170,0.01,no
2026-10-05T04:27:22.12528Z,KXBTC15M-26OCT050030-30,0.0180,147.75,yes
2026-10-05T04:27:22.258912Z,KXBTC15M-26OCT050030-30,0.0170,24.46,no
2026-10-05T04:27:22.278275Z,KXBTC15M-26OCT050030-30,0.0180,1.02,yes
2026-10-05T04:27:22.402512Z,KXBTC15M-26OCT050030-30,0.0170,1.76,no
2026-10-05T04:27:22.405613Z,KXBTC15M-26OCT050030-30,0.0180,98.49,yes
2026-10-05T04:27:22.424193Z,KXBTC15M-26OCT050030-30,0.0180,0.31,yes
2026-10-05T04:27:22.46667Z,KXBTC15M-26OCT050030-30,0.0180,317.72,yes
2026-10-05T04:27:22.479119Z,KXBTC15M-26OCT050030-30,0.0170,32.78,no
2026-10-05T04:27:22.544975Z,KXBTC15M-26OCT050030-30,0.0170,15.38,no
2026-10-05T04:27:22.571519Z,KXBTC15M-26OCT050030-30,0.0180,83.48,yes
2026-10-05T04:27:22.571519Z,KXBTC15M-26OCT050030-30,0.0180,72.46,yes
2026-10-05T04:27:22.604658Z,KXBTC15M-26OCT050030-30,0.0180,24.54,yes
2026-10-05T04:27:22.619086Z,KXBTC15M-26OCT050030-30,0.0170,10.95,no
2026-10-05T04:27:22.666047Z,KXBTC15M-26OCT050030-30,0.0170,69.62,no
2026-10-05T04:27:22.830335Z,KXBTC15M-26OCT050030-30,0.0170,1.00,no
2026-10-05T04:27:22.887352Z,KXBTC15M-26OCT050030-30,0.0180,41.98,yes
2026-10-05T04:27:22.887352Z,KXBTC15M-26OCT050030-30,0.0180,10.00,yes
2026-10-05T04:27:23.028913Z,KXBTC15M-26OCT050030-30,0.0170,18.51,no
2026-10-05T04:27:23.028913Z,KXBTC15M-26OCT050030-30,0.0170,0.01,no
2026-10-05T04:27:23.028913Z,KXBTC15M-26OCT050030-30,0.0170,0.01,no
2026-10-05T04:27:23.046957Z,KXBTC15M-26OCT050030-30,0.0170,10.39,yes
2026-10-05T04:27:23.051249Z,KXBTC15M-26OCT050030-30,0.0170,20.59,yes
2026-10-05T04:27:23.062131Z,KXBTC15M-26OCT050030-30,0.0170,10.00,yes
2026-10-05T04:27:23.062131Z,KXBTC15M-26OCT050030-30,0.0170,40.49,yes
2026-10-05T04:27:23.062131Z,KXBTC15M-26OCT050030-30,0.0170,0.01,yes
2026-10-05T04:27:23.062131Z,KXBTC15M-26OCT050030-30,0.0170,0.01,yes
2026-10-05T04:27:23.062131Z,KXBTC15M-26OCT050030-30,0.0170,20.49,yes
2026-10-05T04:27:23.099019Z,KXBTC15M-26OCT050030-30,0.0170,1.00,yes
2026-10-05T04:27:23.099019Z,KXBTC15M-26OCT050030-30,0.0170,0.01,yes
2026-10-05T04:27:23.099019Z,KXBTC15M-26OCT050030-30,0.0170,462.00,yes
2026-10-05T04:27:23.099019Z,KXBTC15M-26OCT050030-30,0.0170,0.01,yes
2026-10-05T04:27:23.099019Z,KXBTC15M-26OCT050030-30,0.0170,98.00,yes
2026-10-05T04:27:23.120592Z,KXBTC15M-26OCT050030-30,0.0170,1.00,no
2026-10-05T04:27:23.123822Z,KXBTC15M-26OCT050030-30,0.0170,114.72,no
2026-10-05T04:27:23.132103Z,KXBTC15M-26OCT050030-30,0.0180,262.09,yes
2026-10-05T04:27:23.132103Z,KXBTC15M-26OCT050030-30,0.0180,50.00,yes
2026-10-05T04:27:23.132103Z,KXBTC15M-26OCT050030-30,0.0180,80.00,yes
2026-10-05T04:27:23.132103Z,KXBTC15M-26OCT050030-30,0.0180,0.01,yes
2026-10-05T04:27:23.132103Z,KXBTC15M-26OCT050030-30,0.0180,2.00,yes
2026-10-05T04:27:23.132103Z,KXBTC15M-26OCT050030-30,0.0180,0.01,yes
2026-10-05T04:27:23.132103Z,KXBTC15M-26OCT050030-30,0.0180,33.89,yes
2026-10-05T04:27:23.314977Z,KXBTC15M-26OCT050030-30,0.0180,0.01,yes
2026-10-05T04:27:23.314977Z,KXBTC15M-26OCT050030-30,0.0180,0.01,yes
2026-10-05T04:27:23.314977Z,KXBTC15M-26OCT050030-30,0.0180,100.00,yes
2026-10-05T04:27:23.314977Z,KXBTC15M-26OCT050030-30,0.0180,109.34,yes
2026-10-05T04:27:23.353895Z,KXBTC15M-26OCT050030-30,0.0190,99.95,yes
2026-10-05T04:27:23.353895Z,KXBTC15M-26OCT050030-30,0.0180,0.01,yes
2026-10-05T04:27:23.353895Z,KXBTC15M-26OCT050030-30,0.0180,0.01,yes
2026-10-05T04:27:23.431735Z,KXBTC15M-26OCT050030-30,0.0190,20.79,yes
2026-10-05T04:27:23.435331Z,KXBTC15M-26OCT050030-30,0.0190,61.39,yes
2026-10-05T04:27:23.471391Z,KXBTC15M-26OCT050030-30,0.0180,15.24,no
2026-10-05T04:27:23.551861Z,KXBTC15M-26OCT050030-30,0.0190,3.38,yes
2026-10-05T04:27:23.752128Z,KXBTC15M-26OCT050030-30,0.0190,106.50,yes
2026-10-05T04:27:23.761159Z,KXBTC15M-26OCT050030-30,0.0180,137.14,no
2026-10-05T04:27:23.761159Z,KXBTC15M-26OCT050030-30,0.0180,134.76,no
2026-10-05T04:27:23.798087Z,KXBTC15M-26OCT050030-30,0.0180,2.03,no
2026-10-05T04:27:23.8108Z,KXBTC15M-26OCT050030-30,0.0200,12.11,yes
2026-10-05T04:27:23.8108Z,KXBTC15M-26OCT050030-30,0.0190,18.66,yes
2026-10-05T04:27:23.8108Z,KXBTC15M-26OCT050030-30,0.0190,75.00,yes
2026-10-05T04:27:23.8108Z,KXBTC15M-26OCT050030-30,0.0190,0.01,yes
2026-10-05T04:27:23.8108Z,KXBTC15M-26OCT050030-30,0.0190,0.01,yes
2026-10-05T04:27:23.861868Z,KXBTC15M-26OCT050030-30,0.0190,9.36,no
2026-10-05T04:27:23.882455Z,KXBTC15M-26OCT050030-30,0.0200,37.89,yes
2026-10-05T04:27:23.882455Z,KXBTC15M-26OCT050030-30,0.0220,12.00,yes
2026-10-05T04:27:23.882455Z,KXBTC15M-26OCT050030-30,0.0220,9.39,yes
2026-10-05T04:27:23.882455Z,KXBTC15M-26OCT050030-30,0.0200,0.01,yes
2026-10-05T04:27:23.882455Z,KXBTC15M-26OCT050030-30,0.0210,2.00,yes
2026-10-05T04:27:23.882455Z,KXBTC15M-26OCT050030-30,0.0210,112.00,yes
2026-10-05T04:27:23.882455Z,KXBTC15M-26OCT050030-30,0.0210,1.00,yes
2026-10-05T04:27:23.882455Z,KXBTC15M-26OCT050030-30,0.0200,0.01,yes
2026-10-05T04:27:23.882455Z,KXBTC15M-26OCT050030-30,0.0210,200.00,yes
2026-10-05T04:27:23.882455Z,KXBTC15M-26OCT050030-30,0.0210,77.00,yes
2026-10-05T04:27:23.916573Z,KXBTC15M-26OCT050030-30,0.0210,61.98,no
2026-10-05T04:27:23.956646Z,KXBTC15M-26OCT050030-30,0.0220,0.01,yes
2026-10-05T04:27:23.956646Z,KXBTC15M-26OCT050030-30,0.0220,11.55,yes
2026-10-05T04:27:23.956646Z,KXBTC15M-26OCT050030-30,0.0220,0.01,yes
2026-10-05T04:27:23.956646Z,KXBTC15M-26OCT050030-30,0.0220,12.00,yes
2026-10-05T04:27:23.984329Z,KXBTC15M-26OCT050030-30,0.0210,0.01,no
2026-10-05T04:27:23.984329Z,KXBTC15M-26OCT050030-30,0.0210,1.98,no
2026-10-05T04:27:23.984329Z,KXBTC15M-26OCT050030-30,0.0210,0.01,no
2026-10-05T04:27:24.02023Z,KXBTC15M-26OCT050030-30,0.0210,1.00,no
2026-10-05T04:27:24.105531Z,KXBTC15M-26OCT050030-30,0.0220,116.95,yes
2026-10-05T04:27:24.209957Z,KXBTC15M-26OCT050030-30,0.0220,11.34,yes
2026-10-05T04:27:24.271045Z,KXBTC15M-26OCT050030-30,0.0210,0.01,no
2026-10-05T04:27:24.271045Z,KXBTC15M-26OCT050030-30,0.0200,2.52,no
2026-10-05T04:27:24.271045Z,KXBTC15M-26OCT050030-30,0.0210,0.01,no
2026-10-05T04:27:24.36958Z,KXBTC15M-26OCT050030-30,0.0200,50.00,no
2026-10-05T04:27:24.36958Z,KXBTC15M-26OCT050030-30,0.0200,5.92,no
2026-10-05T04:27:24.36958Z,KXBTC15M-26OCT050030-30,0.0200,147.48,no
2026-10-05T04:27:24.416769Z,KXBTC15M-26OCT050030-30,0.0200,46.97,no
2026-10-05T04:27:24.473513Z,KXBTC15M-26OCT050030-30,0.0210,24.14,yes
2026-10-05T04:27:24.486594Z,KXBTC15M-26OCT050030-30,0.0190,10.00,no
2026-10-05T04:27:24.486594Z,KXBTC15M-26OCT050030-30,0.0200,0.01,no
2026-10-05T04:27:24.486594Z,KXBTC15M-26OCT050030-30,0.0200,150.00,no
2026-10-05T04:27:24.486594Z,KXBTC15M-26OCT050030-30,0.0190,352.00,no
2026-10-05T04:27:24.486594Z,KXBTC15M-26OCT050030-30,0.0200,1.00,no
2026-10-05T04:27:24.486594Z,KXBTC15M-26OCT050030-30,0.0200,0.01,no
2026-10-05T04:27:24.486594Z,KXBTC15M-26OCT050030-30,0.0200,50.00,no
2026-10-05T04:27:24.486594Z,KXBTC15M-26OCT050030-30,0.0170,12.00,no
2026-10-05T04:27:24.486594Z,KXBTC15M-26OCT050030-30,0.0200,330.24,no
2026-10-05T04:27:24.486594Z,KXBTC15M-26OCT050030-30,0.0170,794.00,no
2026-10-05T04:27:24.486594Z,KXBTC15M-26OCT050030-30,0.0170,99.00,no
2026-10-05T04:27:24.486594Z,KXBTC15M-26OCT050030-30,0.0160,384.00,no
2026-10-05T04:27:24.486594Z,KXBTC15M-26OCT050030-30,0.0160,57.84,no
2026-10-05T04:27:24.486594Z,KXBTC15M-26OCT050030-30,0.0160,660.00,no
2026-10-05T04:27:24.486594Z,KXBTC15M-26OCT050030-30,0.0160,384.00,no
2026-10-05T04:27:24.486594Z,KXBTC15M-26OCT050030-30,0.0160,173.85,no
2026-10-05T04:27:24.532112Z,KXBTC15M-26OCT050030-30,0.0180,150.00,no
2026-10-05T04:27:24.532112Z,KXBTC15M-26OCT050030-30,0.0180,54.45,no
2026-10-05T04:27:24.737812Z,KXBTC15M-26OCT050030-30,0.0180,150.00,no
2026-10-05T04:27:24.737812Z,KXBTC15M-26OCT050030-30,0.0180,74.48,no
2026-10-05T04:27:24.737812Z,KXBTC15M-26OCT050030-30,0.0180,10.00,no
2026-10-05T04:27:24.737812Z,KXBTC15M-26OCT050030-30,0.0180,0.01,no
2026-10-05T04:27:24.737812Z,KXBTC15M-26OCT050030-30,0.0180,100.00,no
2026-10-05T04:27:24.737812Z,KXBTC15M-26OCT050030-30,0.0180,0.01,no
2026-10-05T04:27:24.737812Z,KXBTC15M-26OCT050030-30,0.0180,15.00,no
2026-10-05T04:27:24.75109Z,KXBTC15M-26OCT050030-30,0.0190,0.01,yes
2026-10-05T04:27:24.75109Z,KXBTC15M-26OCT050030-30,0.0190,264.10,yes
2026-10-05T04:27:24.75109Z,KXBTC15M-26OCT050030-30,0.0190,0.01,yes
2026-10-05T04:27:24.75109Z,KXBTC15M-26OCT050030-30,0.0190,13.00,yes
2026-10-05T04:27:24.75109Z,KXBTC15M-26OCT050030-30,0.0190,173.85,yes
2026-10-05T04:27:24.75109Z,KXBTC15M-26OCT050030-30,0.0190,10.00,yes
2026-10-05T04:27:24.807297Z,KXBTC15M-26OCT050030-30,0.0180,0.01,no
2026-10-05T04:27:24.807297Z,KXBTC15M-26OCT050030-30,0.0180,0.01,no
2026-10-05T04:27:24.807297Z,KXBTC15M-26OCT050030-30,0.0180,2.01,no
2026-10-05T04:27:24.878148Z,KXBTC15M-26OCT050030-30,0.0190,23.56,yes
2026-10-05T04:27:24.916916Z,KXBTC15M-26OCT050030-30,0.0190,93.75,yes
2026-10-05T04:27:24.95751Z,KXBTC15M-26OCT050030-30,0.0180,25.96,no
2026-10-05T04:27:25.031973Z,KXBTC15M-26OCT050030-30,0.0190,98.49,yes
2026-10-05T04:27:25.106466Z,KXBTC15M-26OCT050030-30,0.0180,7.97,no
2026-10-05T04:27:25.106466Z,KXBTC15M-26OCT050030-30,0.0180,72.03,no
2026-10-05T04:27:25.106466Z,KXBTC15M-26OCT050030-30,0.0180,10.00,no
2026-10-05T04:27:25.127068Z,KXBTC15M-26OCT050030-30,0.0190,54.66,yes
2026-10-05T04:27:25.141261Z,KXBTC15M-26OCT050030-30,0.0180,0.01,no
2026-10-05T04:27:25.141261Z,KXBTC15M-26OCT050030-30,0.0180,0.01,no
2026-10-05T04:27:25.141261Z,KXBTC15M-26OCT050030-30,0.0180,248.50,no
2026-10-05T04:27:25.141261Z,KXBTC15M-26OCT050030-30,0.0180,100.00,no
2026-10-05T04:27:25.141261Z,KXBTC15M-26OCT050030-30,0.0180,10.00,no
2026-10-05T04:27:25.141261Z,KXBTC15M-26OCT050030-30,0.0180,150.00,no
2026-10-05T04:27:25.237129Z,KXBTC15M-26OCT050030-30,0.0190,48.26,yes
2026-10-05T04:27:25.322502Z,KXBTC15M-26OCT050030-30,0.0180,149.15,no
2026-10-05T04:27:25.444655Z,KXBTC15M-26OCT050030-30,0.0190,15.00,yes
2026-10-05T04:27:25.444655Z,KXBTC15M-26OCT050030-30,0.0190,384.00,yes
2026-10-05T04:27:25.444655Z,KXBTC15M-26OCT050030-30,0.0190,200.00,yes
2026-10-05T04:27:25.444655Z,KXBTC15M-26OCT050030-30,0.0190,385.99,yes
2026-10-05T04:27:25.483327Z,KXBTC15M-26OCT050030-30,0.0180,5.88,no
2026-10-05T04:27:25.483327Z,KXBTC15M-26OCT050030-30,0.0180,250.85,no
2026-10-05T04:27:25.498335Z,KXBTC15M-26OCT050030-30,0.0190,98.49,yes
2026-10-05T04:27:25.511407Z,KXBTC15M-26OCT050030-30,0.0180,2.31,no
2026-10-05T04:27:25.514662Z,KXBTC15M-26OCT050030-30,0.0190,15.52,yes
2026-10-05T04:27:25.514662Z,KXBTC15M-26OCT050030-30,0.0190,82.97,yes
2026-10-05T04:27:25.543008Z,KXBTC15M-26OCT050030-30,0.0180,10.17,no
2026-10-05T04:27:25.547289Z,KXBTC15M-26OCT050030-30,0.0180,28.15,no
2026-10-05T04:27:25.566716Z,KXBTC15M-26OCT050030-30,0.0190,0.01,yes
2026-10-05T04:27:25.566716Z,KXBTC15M-26OCT050030-30,0.0190,0.01,yes
2026-10-05T04:27:25.566716Z,KXBTC15M-26OCT050030-30,0.0190,24.60,yes
2026-10-05T04:27:25.604532Z,KXBTC15M-26OCT050030-30,0.0180,0.01,no
2026-10-05T04:27:25.604532Z,KXBTC15M-26OCT050030-30,0.0180,10.00,no
2026-10-05T04:27:25.604532Z,KXBTC15M-26OCT050030-30,0.0180,91.68,no
2026-10-05T04:27:25.604532Z,KXBTC15M-26OCT050030-30,0.0180,0.01,no
2026-10-05T04:27:25.64581Z,KXBTC15M-26OCT050030-30,0.0190,2.46,yes
2026-10-05T04:27:25.659788Z,KXBTC15M-26OCT050030-30,0.0190,48.26,yes
2026-10-05T04:27:25.688567Z,KXBTC15M-26OCT050030-30,0.0190,24.68,yes
2026-10-05T04:27:25.688567Z,KXBTC15M-26OCT050030-30,0.0190,1.00,yes
2026-10-05T04:27:25.688567Z,KXBTC15M-26OCT050030-30,0.0190,37.81,yes
2026-10-05T04:27:25.688567Z,KXBTC15M-26OCT050030-30,0.0190,35.00,yes
2026-10-05T04:27:25.839037Z,KXBTC15M-26OCT050030-30,0.0180,43.09,no
2026-10-05T04:27:25.853928Z,KXBTC15M-26OCT050030-30,0.0190,13.00,yes
2026-10-05T04:27:25.853928Z,KXBTC15M-26OCT050030-30,0.0190,191.11,yes
2026-10-05T04:27:25.853928Z,KXBTC15M-26OCT050030-30,0.0190,37.19,yes
2026-10-05T04:27:25.853928Z,KXBTC15M-26OCT050030-30,0.0190,0.01,yes
2026-10-05T04:27:25.853928Z,KXBTC15M-26OCT050030-30,0.0190,0.01,yes
2026-10-05T04:27:25.893878Z,KXBTC15M-26OCT050030-30,0.0190,2.30,yes
2026-10-05T04:27:25.912564Z,KXBTC15M-26OCT050030-30,0.0190,48.26,yes
2026-10-05T04:27:25.920638Z,KXBTC15M-26OCT050030-30,0.0170,69.82,no
2026-10-05T04:27:25.920638Z,KXBTC15M-26OCT050030-30,0.0180,0.01,no
2026-10-05T04:27:25.920638Z,KXBTC15M-26OCT050030-30,0.0180,0.01,no
2026-10-05T04:27:25.930815Z,KXBTC15M-26OCT050030-30,0.0190,69.52,yes
2026-10-05T04:27:25.942403Z,KXBTC15M-26OCT050030-30,0.0170,2.57,no
2026-10-05T04:27:25.942403Z,KXBTC15M-26OCT050030-30,0.0180,0.01,no
2026-10-05T04:27:25.942403Z,KXBTC15M-26OCT050030-30,0.0180,0.01,no
2026-10-05T04:27:25.966126Z,KXBTC15M-26OCT050030-30,0.0170,17.91,no
2026-10-05T04:27:25.966126Z,KXBTC15M-26OCT050030-30,0.0180,0.01,no
2026-10-05T04:27:25.966126Z,KXBTC15M-26OCT050030-30,0.0180,0.01,no
2026-10-05T04:27:25.982978Z,KXBTC15M-26OCT050030-30,0.0190,19.69,yes
2026-10-05T04:27:26.023401Z,KXBTC15M-26OCT050030-30,0.0170,27.70,no
2026-10-05T04:27:26.023401Z,KXBTC15M-26OCT050030-30,0.0170,0.01,no
2026-10-05T04:27:26.023401Z,KXBTC15M-26OCT050030-30,0.0170,0.01,no
2026-10-05T04:27:26.023401Z,KXBTC15M-26OCT050030-30,0.0180,0.01,no
2026-10-05T04:27:26.023401Z,KXBTC15M-26OCT050030-30,0.0180,0.01,no
2026-10-05T04:27:26.023401Z,KXBTC15M-26OCT050030-30,0.0170,62.26,no
2026-10-05T04:27:26.029951Z,KXBTC15M-26OCT050030-30,0.0190,0.01,yes
2026-10-05T04:27:26.029951Z,KXBTC15M-26OCT050030-30,0.0190,169.12,yes
2026-10-05T04:27:26.029951Z,KXBTC15M-26OCT050030-30,0.0190,13.00,yes
2026-10-05T04:27:26.029951Z,KXBTC15M-26OCT050030-30,0.0190,0.01,yes
2026-10-05T04:27:26.029951Z,KXBTC15M-26OCT050030-30,0.0190,1.00,yes
2026-10-05T04:27:26.029951Z,KXBTC15M-26OCT050030-30,0.0190,42.23,yes
2026-10-05T04:27:26.174686Z,KXBTC15M-26OCT050030-30,0.0200,50.00,yes
2026-10-05T04:27:26.174686Z,KXBTC15M-26OCT050030-30,0.0190,13.00,yes
2026-10-05T04:27:26.174686Z,KXBTC15M-26OCT050030-30,0.0190,0.01,yes
2026-10-05T04:27:26.174686Z,KXBTC15M-26OCT050030-30,0.0190,1.00,yes
2026-10-05T04:27:26.174686Z,KXBTC15M-26OCT050030-30,0.0190,0.01,yes
2026-10-05T04:27:26.174686Z,KXBTC15M-26OCT050030-30,0.0200,3.97,yes
2026-10-05T04:27:26.250609Z,KXBTC15M-26OCT050030-30,0.0190,2.03,no
2026-10-05T04:27:26.307654Z,KXBTC15M-26OCT050030-30,0.0190,117.11,no
2026-10-05T04:27:26.337648Z,KXBTC15M-26OCT050030-30,0.0200,11.51,yes
2026-10-05T04:27:26.342819Z,KXBTC15M-26OCT050030-30,0.0200,100.00,yes
2026-10-05T04:27:26.343539Z,KXBTC15M-26OCT050030-30,0.0200,28.49,yes
2026-10-05T04:27:26.343539Z,KXBTC15M-26OCT050030-30,0.0200,1.00,yes
2026-10-05T04:27:26.343539Z,KXBTC15M-26OCT050030-30,0.0200,1.00,yes
2026-10-05T04:27:26.343539Z,KXBTC15M-26OCT050030-30,0.0200,69.51,yes
2026-10-05T04:27:26.343611Z,KXBTC15M-26OCT050030-30,0.0200,69.51,yes
2026-10-05T04:27:26.343611Z,KXBTC15M-26OCT050030-30,0.0200,30.49,yes
2026-10-05T04:27:26.347668Z,KXBTC15M-26OCT050030-30,0.0200,50.00,yes
2026-10-05T04:27:26.347668Z,KXBTC15M-26OCT050030-30,0.0200,4.98,yes
2026-10-05T04:27:26.347668Z,KXBTC15M-26OCT050030-30,0.0200,0.01,yes
2026-10-05T04:27:26.347668Z,KXBTC15M-26OCT050030-30,0.0200,0.01,yes
2026-10-05T04:27:26.449255Z,KXBTC15M-26OCT050030-30,0.0200,0.01,yes
2026-10-05T04:27:26.449255Z,KXBTC15M-26OCT050030-30,0.0200,0.98,yes
2026-10-05T04:27:26.449255Z,KXBTC15M-26OCT050030-30,0.0200,0.01,yes
2026-10-05T04:27:26.557641Z,KXBTC15M-26OCT050030-30,0.0190,281.67,no
2026-10-05T04:27:26.557641Z,KXBTC15M-26OCT050030-30,0.0190,10.00,no
2026-10-05T04:27:26.557641Z,KXBTC15M-26OCT050030-30,0.0180,10.00,no
2026-10-05T04:27:26.557641Z,KXBTC15M-26OCT050030-30,0.0190,1.00,no
2026-10-05T04:27:26.557641Z,KXBTC15M-26OCT050030-30,0.0160,2.00,no
2026-10-05T04:27:26.557641Z,KXBTC15M-26OCT050030-30,0.0190,30.86,no
2026-10-05T04:27:26.557641Z,KXBTC15M-26OCT050030-30,0.0180,131.00,no
2026-10-05T04:27:26.557641Z,KXBTC15M-26OCT050030-30,0.0170,334.74,no
2026-10-05T04:27:26.557641Z,KXBTC15M-26OCT050030-30,0.0190,100.00,no
2026-10-05T04:27:26.557641Z,KXBTC15M-26OCT050030-30,0.0190,400.00,no
2026-10-05T04:27:26.557641Z,KXBTC15M-26OCT050030-30,0.0170,99.00,no
2026-10-05T04:27:26.557641Z,KXBTC15M-26OCT050030-30,0.0170,2.00,no
2026-10-05T04:27:26.557641Z,KXBTC15M-26OCT050030-30,0.0170,12.00,no
2026-10-05T04:27:26.557641Z,KXBTC15M-26OCT050030-30,0.0190,0.01,no
2026-10-05T04:27:26.557641Z,KXBTC15M-26OCT050030-30,0.0190,355.00,no
2026-10-05T04:27:26.557641Z,KXBTC15M-26OCT050030-30,0.0190,0.01,no
2026-10-05T04:27:26.557641Z,KXBTC15M-26OCT050030-30,0.0160,63.00,no
2026-10-05T04:27:26.557641Z,KXBTC15M-26OCT050030-30,0.0190,500.00,no
2026-10-05T04:27:26.557641Z,KXBTC15M-26OCT050030-30,0.0150,73.11,no
2026-10-05T04:27:26.557641Z,KXBTC15M-26OCT050030-30,0.0150,24.98,no
2026-10-05T04:27:26.557641Z,KXBTC15M-26OCT050030-30,0.0150,6.02,no
2026-10-05T04:27:26.557641Z,KXBTC15M-26OCT050030-30,0.0150,3.00,no
2026-10-05T04:27:26.557641Z,KXBTC15M-26OCT050030-30,0.0160,15.00,no
2026-10-05T04:27:26.557641Z,KXBTC15M-26OCT050030-30,0.0150,10.00,no
2026-10-05T04:27:26.557641Z,KXBTC15M-26OCT050030-30,0.0150,10.00,no
2026-10-05T04:27:26.557641Z,KXBTC15M-26OCT050030-30,0.0150,1.00,no
2026-10-05T04:27:26.557641Z,KXBTC15M-26OCT050030-30,0.0150,10.00,no
2026-10-05T04:27:26.557641Z,KXBTC15M-26OCT050030-30,0.0150,10.00,no
2026-10-05T04:27:26.557641Z,KXBTC15M-26OCT050030-30,0.0160,150.00,no
2026-10-05T04:27:26.557641Z,KXBTC15M-26OCT050030-30,0.0150,150.00,no
2026-10-05T04:27:26.557641Z,KXBTC15M-26OCT050030-30,0.0150,26.74,no
2026-10-05T04:27:26.557641Z,KXBTC15M-26OCT050030-30,0.0150,1.00,no
2026-10-05T04:27:26.557641Z,KXBTC15M-26OCT050030-30,0.0150,1.00,no
2026-10-05T04:27:26.557641Z,KXBTC15M-26OCT050030-30,0.0160,1.00,no
2026-10-05T04:27:26.557641Z,KXBTC15M-26OCT050030-30,0.0160,384.00,no
2026-10-05T04:27:26.557641Z,KXBTC15M-26OCT050030-30,0.0150,384.00,no
2026-10-05T04:27:26.557641Z,KXBTC15M-26OCT050030-30,0.0150,384.00,no
2026-10-05T04:27:26.557641Z,KXBTC15M-26OCT050030-30,0.0160,326.16,no
2026-10-05T04:27:26.557641Z,KXBTC15M-26OCT050030-30,0.0150,1.00,no
2026-10-05T04:27:26.557641Z,KXBTC15M-26OCT050030-30,0.0150,384.00,no
2026-10-05T04:27:26.557641Z,KXBTC15M-26OCT050030-30,0.0150,384.00,no
2026-10-05T04:27:26.571002Z,KXBTC15M-26OCT050030-30,0.0200,49.02,yes
2026-10-05T04:27:26.571002Z,KXBTC15M-26OCT050030-30,0.0200,166.60,yes
2026-10-05T04:27:26.571002Z,KXBTC15M-26OCT050030-30,0.0200,0.01,yes
2026-10-05T04:27:26.571002Z,KXBTC15M-26OCT050030-30,0.0200,13.00,yes
2026-10-05T04:27:26.571002Z,KXBTC15M-26OCT050030-30,0.0200,1.00,yes
2026-10-05T04:27:26.571002Z,KXBTC15M-26OCT050030-30,0.0200,0.01,yes
2026-10-05T04:27:26.612831Z,KXBTC15M-26OCT050030-30,0.0190,18.33,no
2026-10-05T04:27:26.612831Z,KXBTC15M-26OCT050030-30,0.0190,0.01,no
2026-10-05T04:27:26.612831Z,KXBTC15M-26OCT050030-30,0.0190,0.01,no
2026-10-05T04:27:26.612831Z,KXBTC15M-26OCT050030-30,0.0190,1.00,no
2026-10-05T04:27:26.612831Z,KXBTC15M-26OCT050030-30,0.0190,1.01,no
2026-10-05T04:27:26.629635Z,KXBTC15M-26OCT050030-30,0.0200,8.89,yes
2026-10-05T04:27:26.687637Z,KXBTC15M-26OCT050030-30,0.0200,0.48,yes
2026-10-05T04:27:26.716126Z,KXBTC15M-26OCT050030-30,0.0190,9.16,no
2026-10-05T04:27:26.777332Z,KXBTC15M-26OCT050030-30,0.0160,13.00,no
2026-10-05T04:27:26.777332Z,KXBTC15M-26OCT050030-30,0.0180,10.00,no
2026-10-05T04:27:26.777332Z,KXBTC15M-26OCT050030-30,0.0190,0.01,no
2026-10-05T04:27:26.777332Z,KXBTC15M-26OCT050030-30,0.0190,0.01,no
2026-10-05T04:27:26.777332Z,KXBTC15M-26OCT050030-30,0.0170,1.00,no
2026-10-05T04:27:26.777332Z,KXBTC15M-26OCT050030-30,0.0160,48.59,no
2026-10-05T04:27:26.777332Z,KXBTC15M-26OCT050030-30,0.0190,150.00,no
2026-10-05T04:27:26.777332Z,KXBTC15M-26OCT050030-30,0.0160,17.00,no
2026-10-05T04:27:26.799701Z,KXBTC15M-26OCT050030-30,0.0190,140.37,yes
2026-10-05T04:27:26.891788Z,KXBTC15M-26OCT050030-30,0.0180,100.00,no
2026-10-05T04:27:26.891788Z,KXBTC15M-26OCT050030-30,0.0180,150.00,no
2026-10-05T04:27:26.891788Z,KXBTC15M-26OCT050030-30,0.0180,248.66,no
2026-10-05T04:27:26.952758Z,KXBTC15M-26OCT050030-30,0.0180,0.01,no
2026-10-05T04:27:26.952758Z,KXBTC15M-26OCT050030-30,0.0180,0.01,no
2026-10-05T04:27:26.952758Z,KXBTC15M-26OCT050030-30,0.0180,63.17,no
2026-10-05T04:27:26.979319Z,KXBTC15M-26OCT050030-30,0.0190,9.63,yes
2026-10-05T04:27:26.979319Z,KXBTC15M-26OCT050030-30,0.0190,145.37,yes
2026-10-05T04:27:27.033914Z,KXBTC15M-26OCT050030-30,0.0180,4.98,no
2026-10-05T04:27:27.067868Z,KXBTC15M-26OCT050030-30,0.0180,14.49,no
2026-10-05T04:27:27.070967Z,KXBTC15M-26OCT050030-30,0.0180,50.00,no
2026-10-05T04:27:27.079674Z,KXBTC15M-26OCT050030-30,0.0190,4.63,yes
2026-10-05T04:27:27.079674Z,KXBTC15M-26OCT050030-30,0.0190,135.74,yes
2026-10-05T04:27:27.108686Z,KXBTC15M-26OCT050030-30,0.0190,14.26,yes
2026-10-05T04:27:27.108686Z,KXBTC15M-26OCT050030-30,0.0190,12.79,yes
2026-10-05T04:27:27.134012Z,KXBTC15M-26OCT050030-30,0.0180,28.49,no
2026-10-05T04:27:27.346835Z,KXBTC15M-26OCT050030-30,0.0180,2.00,no
2026-10-05T04:27:27.456509Z,KXBTC15M-26OCT050030-30,0.0190,137.21,yes
2026-10-05T04:27:27.456509Z,KXBTC15M-26OCT050030-30,0.0190,13.00,yes
2026-10-05T04:27:27.456509Z,KXBTC15M-26OCT050030-30,0.0190,0.01,yes
2026-10-05T04:27:27.456509Z,KXBTC15M-26OCT050030-30,0.0190,0.01,yes
2026-10-05T04:27:27.456509Z,KXBTC15M-26OCT050030-30,0.0190,1.00,yes
2026-10-05T04:27:27.456509Z,KXBTC15M-26OCT050030-30,0.0190,150.00,yes
2026-10-05T04:27:27.456509Z,KXBTC15M-26OCT050030-30,0.0190,150.00,yes
2026-10-05T04:27:27.456509Z,KXBTC15M-26OCT050030-30,0.0190,150.00,yes
2026-10-05T04:27:27.456509Z,KXBTC15M-26OCT050030-30,0.0190,150.00,yes
2026-10-05T04:27:27.456509Z,KXBTC15M-26OCT050030-30,0.0190,30.77,yes
2026-10-05T04:27:27.487843Z,KXBTC15M-26OCT050030-30,0.0180,106.85,no
2026-10-05T04:27:27.541746Z,KXBTC15M-26OCT050030-30,0.0180,193.19,no
2026-10-05T04:27:27.541746Z,KXBTC15M-26OCT050030-30,0.0180,0.01,no
2026-10-05T04:27:27.541746Z,KXBTC15M-26OCT050030-30,0.0180,72.73,no
2026-10-05T04:27:27.541746Z,KXBTC15M-26OCT050030-30,0.0180,0.01,no
2026-10-05T04:27:27.57913Z,KXBTC15M-26OCT050030-30,0.0180,2.01,no
2026-10-05T04:27:27.57913Z,KXBTC15M-26OCT050030-30,0.0180,0.01,no
2026-10-05T04:27:27.57913Z,KXBTC15M-26OCT050030-30,0.0180,0.01,no
2026-10-05T04:27:27.630237Z,KXBTC15M-26OCT050030-30,0.0190,1.47,yes
2026-10-05T04:27:27.655363Z,KXBTC15M-26OCT050030-30,0.0180,28.64,no
2026-10-05T04:27:27.677237Z,KXBTC15M-26OCT050030-30,0.0190,98.49,yes
2026-10-05T04:27:27.697062Z,KXBTC15M-26OCT050030-30,0.0180,15.69,no
2026-10-05T04:27:27.708813Z,KXBTC15M-26OCT050030-30,0.0190,7.00,yes
2026-10-05T04:27:27.708813Z,KXBTC15M-26OCT050030-30,0.0190,37.27,yes
2026-10-05T04:27:27.708813Z,KXBTC15M-26OCT050030-30,0.0190,48.41,yes
2026-10-05T04:27:27.80833Z,KXBTC15M-26OCT050030-30,0.0190,10.00,yes
2026-10-05T04:27:27.821245Z,KXBTC15M-26OCT050030-30,0.0190,441.59,yes
2026-10-05T04:27:27.821245Z,KXBTC15M-26OCT050030-30,0.0190,50.90,yes
2026-10-05T04:27:27.821855Z,KXBTC15M-26OCT050030-30,0.0190,241.32,yes
2026-10-05T04:27:27.823254Z,KXBTC15M-26OCT050030-30,0.0180,1.01,no
2026-10-05T04:27:27.926604Z,KXBTC15M-26OCT050030-30,0.0160,100.00,no
2026-10-05T04:27:27.926604Z,KXBTC15M-26OCT050030-30,0.0170,200.00,no
2026-10-05T04:27:27.926604Z,KXBTC15M-26OCT050030-30,0.0160,13.00,no
2026-10-05T04:27:27.926604Z,KXBTC15M-26OCT050030-30,0.0180,0.01,no
2026-10-05T04:27:27.926604Z,KXBTC15M-26OCT050030-30,0.0180,10.00,no
2026-10-05T04:27:27.926604Z,KXBTC15M-26OCT050030-30,0.0180,100.00,no
2026-10-05T04:27:27.926604Z,KXBTC15M-26OCT050030-30,0.0180,0.01,no
2026-10-05T04:27:27.926604Z,KXBTC15M-26OCT050030-30,0.0180,352.65,no
2026-10-05T04:27:27.926604Z,KXBTC15M-26OCT050030-30,0.0180,1.00,no
2026-10-05T04:27:27.926604Z,KXBTC15M-26OCT050030-30,0.0150,238.94,no
2026-10-05T04:27:27.973598Z,KXBTC15M-26OCT050030-30,0.0180,131.31,yes
2026-10-05T04:27:27.998869Z,KXBTC15M-26OCT050030-30,0.0180,2.05,yes
2026-10-05T04:27:28.011437Z,KXBTC15M-26OCT050030-30,0.0180,0.01,yes
2026-10-05T04:27:28.011437Z,KXBTC15M-26OCT050030-30,0.0180,150.00,yes
2026-10-05T04:27:28.011437Z,KXBTC15M-26OCT050030-30,0.0180,0.01,yes
2026-10-05T04:27:28.011437Z,KXBTC15M-26OCT050030-30,0.0180,79.59,yes
2026-10-05T04:27:28.011437Z,KXBTC15M-26OCT050030-30,0.0180,16.64,yes
2026-10-05T04:27:28.074335Z,KXBTC15M-26OCT050030-30,0.0180,0.01,yes
2026-10-05T04:27:28.074335Z,KXBTC15M-26OCT050030-30,0.0180,1.02,yes
2026-10-05T04:27:28.074335Z,KXBTC15M-26OCT050030-30,0.0180,0.01,yes
2026-10-05T04:27:28.082611Z,KXBTC15M-26OCT050030-30,0.0180,53.24,yes
2026-10-05T04:27:28.137158Z,KXBTC15M-26OCT050030-30,0.0180,28.00,yes
2026-10-05T04:27:28.148849Z,KXBTC15M-26OCT050030-30,0.0170,0.01,no
2026-10-05T04:27:28.148849Z,KXBTC15M-26OCT050030-30,0.0170,0.01,no
2026-10-05T04:27:28.148849Z,KXBTC15M-26OCT050030-30,0.0170,39.54,no
2026-10-05T04:27:28.254112Z,KXBTC15M-26OCT050030-30,0.0180,49.25,yes
2026-10-05T04:27:28.269986Z,KXBTC15M-26OCT050030-30,0.0170,26.02,no
2026-10-05T04:27:28.281022Z,KXBTC15M-26OCT050030-30,0.0170,0.01,no
2026-10-05T04:27:28.281022Z,KXBTC15M-26OCT050030-30,0.0170,0.01,no
2026-10-05T04:27:28.281022Z,KXBTC15M-26OCT050030-30,0.0150,450.00,no
2026-10-05T04:27:28.281022Z,KXBTC15M-26OCT050030-30,0.0160,422.00,no
2026-10-05T04:27:28.281022Z,KXBTC15M-26OCT050030-30,0.0170,500.00,no
2026-10-05T04:27:28.281022Z,KXBTC15M-26OCT050030-30,0.0150,17.00,no
2026-10-05T04:27:28.281022Z,KXBTC15M-26OCT050030-30,0.0160,10.00,no
2026-10-05T04:27:28.281022Z,KXBTC15M-26OCT050030-30,0.0150,99.00,no
2026-10-05T04:27:28.281022Z,KXBTC15M-26OCT050030-30,0.0150,263.50,no
2026-10-05T04:27:28.281022Z,KXBTC15M-26OCT050030-30,0.0160,13.00,no
2026-10-05T04:27:28.281022Z,KXBTC15M-26OCT050030-30,0.0170,150.00,no
2026-10-05T04:27:28.281022Z,KXBTC15M-26OCT050030-30,0.0160,516.00,no
2026-10-05T04:27:28.281022Z,KXBTC15M-26OCT050030-30,0.0170,10.00,no
2026-10-05T04:27:28.281022Z,KXBTC15M-26OCT050030-30,0.0170,34.44,no
2026-10-05T04:27:28.281022Z,KXBTC15M-26OCT050030-30,0.0170,1.00,no
2026-10-05T04:27:28.281022Z,KXBTC15M-26OCT050030-30,0.0170,400.00,no
2026-10-05T04:27:28.281022Z,KXBTC15M-26OCT050030-30,0.0150,734.95,no
2026-10-05T04:27:28.281022Z,KXBTC15M-26OCT050030-30,0.0140,327.00,no
2026-10-05T04:27:28.281022Z,KXBTC15M-26OCT050030-30,0.0140,153.35,no
2026-10-05T04:27:28.299104Z,KXBTC15M-26OCT050030-30,0.0180,63.64,yes
2026-10-05T04:27:28.299104Z,KXBTC15M-26OCT050030-30,0.0180,0.01,yes
2026-10-05T04:27:28.299104Z,KXBTC15M-26OCT050030-30,0.0180,1.00,yes
2026-10-05T04:27:28.299104Z,KXBTC15M-26OCT050030-30,0.0180,111.75,yes
2026-10-05T04:27:28.299104Z,KXBTC15M-26OCT050030-30,0.0180,200.00,yes
2026-10-05T04:27:28.299104Z,KXBTC15M-26OCT050030-30,0.0180,0.01,yes
2026-10-05T04:27:28.299104Z,KXBTC15M-26OCT050030-30,0.0180,116.08,yes
2026-10-05T04:27:28.29995Z,KXBTC15M-26OCT050030-30,0.0170,0.01,no
2026-10-05T04:27:28.29995Z,KXBTC15M-26OCT050030-30,0.0150,17.00,no
2026-10-05T04:27:28.29995Z,KXBTC15M-26OCT050030-30,0.0170,0.01,no
2026-10-05T04:27:28.29995Z,KXBTC15M-26OCT050030-30,0.0160,0.01,no
2026-10-05T04:27:28.29995Z,KXBTC15M-26OCT050030-30,0.0150,14.00,no
2026-10-05T04:27:28.29995Z,KXBTC15M-26OCT050030-30,0.0150,1.00,no
2026-10-05T04:27:28.29995Z,KXBTC15M-26OCT050030-30,0.0150,1.00,no
2026-10-05T04:27:28.29995Z,KXBTC15M-26OCT050030-30,0.0140,90.55,no
2026-10-05T04:27:28.31179Z,KXBTC15M-26OCT050030-30,0.0150,132.49,no
2026-10-05T04:27:28.31179Z,KXBTC15M-26OCT050030-30,0.0150,17.00,no
2026-10-05T04:27:28.333669Z,KXBTC15M-26OCT050030-30,0.0160,8.27,yes
2026-10-05T04:27:28.337105Z,KXBTC15M-26OCT050030-30,0.0160,250.73,yes
2026-10-05T04:27:28.337105Z,KXBTC15M-26OCT050030-30,0.0160,0.01,yes
2026-10-05T04:27:28.337105Z,KXBTC15M-26OCT050030-30,0.0160,0.01,yes
2026-10-05T04:27:28.337105Z,KXBTC15M-26OCT050030-30,0.0170,505.25,yes
2026-10-05T04:27:28.356761Z,KXBTC15M-26OCT050030-30,0.0170,13.35,yes
2026-10-05T04:27:28.367344Z,KXBTC15M-26OCT050030-30,0.0160,26.26,no
2026-10-05T04:27:28.37483Z,KXBTC15M-26OCT050030-30,0.0170,63.00,yes
2026-10-05T04:27:28.37483Z,KXBTC15M-26OCT050030-30,0.0170,0.01,yes
2026-10-05T04:27:28.37483Z,KXBTC15M-26OCT050030-30,0.0170,0.01,yes
2026-10-05T04:27:28.408189Z,KXBTC15M-26OCT050030-30,0.0180,0.01,yes
2026-10-05T04:27:28.408189Z,KXBTC15M-26OCT050030-30,0.0180,89.71,yes
2026-10-05T04:27:28.408189Z,KXBTC15M-26OCT050030-30,0.0180,0.01,yes
2026-10-05T04:27:28.408189Z,KXBTC15M-26OCT050030-30,0.0180,21.27,yes
2026-10-05T04:27:28.408189Z,KXBTC15M-26OCT050030-30,0.0180,13.00,yes
2026-10-05T04:27:28.548775Z,KXBTC15M-26OCT050030-30,0.0180,23.14,yes
2026-10-05T04:27:28.623328Z,KXBTC15M-26OCT050030-30,0.0180,51.66,yes
2026-10-05T04:27:28.629272Z,KXBTC15M-26OCT050030-30,0.0180,2.35,yes
2026-10-05T04:27:28.75677Z,KXBTC15M-26OCT050030-30,0.0170,1.01,no
2026-10-05T04:27:28.866428Z,KXBTC15M-26OCT050030-30,0.0180,51.98,yes
2026-10-05T04:27:28.871763Z,KXBTC15M-26OCT050030-30,0.0180,42.36,yes
2026-10-05T04:27:28.871763Z,KXBTC15M-26OCT050030-30,0.0180,61.60,yes
2026-10-05T04:27:28.888768Z,KXBTC15M-26OCT050030-30,0.0170,20.00,no
2026-10-05T04:27:28.95404Z,KXBTC15M-26OCT050030-30,0.0170,100.00,no
2026-10-05T04:27:28.95404Z,KXBTC15M-26OCT050030-30,0.0170,128.99,no
2026-10-05T04:27:28.95404Z,KXBTC15M-26OCT050030-30,0.0170,197.76,no
2026-10-05T04:27:29.055163Z,KXBTC15M-26OCT050030-30,0.0170,43.10,no
2026-10-05T04:27:29.215971Z,KXBTC15M-26OCT050030-30,0.0170,53.09,no
2026-10-05T04:27:29.246715Z,KXBTC15M-26OCT050030-30,0.0170,1.52,no
2026-10-05T04:27:29.474106Z,KXBTC15M-26OCT050030-30,0.0170,9.96,no
2026-10-05T04:27:29.486536Z,KXBTC15M-26OCT050030-30,0.0180,1.01,yes
2026-10-05T04:27:29.513731Z,KXBTC15M-26OCT050030-30,0.0180,47.00,yes
2026-10-05T04:27:29.533164Z,KXBTC15M-26OCT050030-30,0.0190,4.78,yes
2026-10-05T04:27:29.533164Z,KXBTC15M-26OCT050030-30,0.0180,0.01,yes
2026-10-05T04:27:29.533164Z,KXBTC15M-26OCT050030-30,0.0180,0.18,yes
2026-10-05T04:27:29.533164Z,KXBTC15M-26OCT050030-30,0.0180,0.01,yes
2026-10-05T04:27:29.60415Z,KXBTC15M-26OCT050030-30,0.0180,5.07,no
2026-10-05T04:27:29.614322Z,KXBTC15M-26OCT050030-30,0.0190,5.00,yes
2026-10-05T04:27:29.614616Z,KXBTC15M-26OCT050030-30,0.0190,19.78,yes
2026-10-05T04:27:29.614616Z,KXBTC15M-26OCT050030-30,0.0190,80.22,yes
2026-10-05T04:27:29.661627Z,KXBTC15M-26OCT050030-30,0.0190,6.02,yes
2026-10-05T04:27:29.664988Z,KXBTC15M-26OCT050030-30,0.0190,1.02,yes
2026-10-05T04:27:29.680365Z,KXBTC15M-26OCT050030-30,0.0180,14.66,no
2026-10-05T04:27:29.887807Z,KXBTC15M-26OCT050030-30,0.0180,24.55,no
2026-10-05T04:27:29.887807Z,KXBTC15M-26OCT050030-30,0.0180,150.00,no
2026-10-05T04:27:29.887807Z,KXBTC15M-26OCT050030-30,0.0180,130.27,no
2026-10-05T04:27:29.906977Z,KXBTC15M-26OCT050030-30,0.0190,6.25,yes
2026-10-05T04:27:29.975037Z,KXBTC15M-26OCT050030-30,0.0190,16.93,yes
2026-10-05T04:27:29.975037Z,KXBTC15M-26OCT050030-30,0.0190,1.00,yes
2026-10-05T04:27:29.975037Z,KXBTC15M-26OCT050030-30,0.0190,101.13,yes
2026-10-05T04:27:30.047048Z,KXBTC15M-26OCT050030-30,0.0180,85.91,no
2026-10-05T04:27:30.047048Z,KXBTC15M-26OCT050030-30,0.0180,0.01,no
2026-10-05T04:27:30.047048Z,KXBTC15M-26OCT050030-30,0.0180,175.45,no
2026-10-05T04:27:30.077667Z,KXBTC15M-26OCT050030-30,0.0180,50.00,no
2026-10-05T04:27:30.086467Z,KXBTC15M-26OCT050030-30,0.0190,130.46,yes
2026-10-05T04:27:30.095363Z,KXBTC15M-26OCT050030-30,0.0180,1.01,no
2026-10-05T04:27:30.152482Z,KXBTC15M-26OCT050030-30,0.0190,31.91,yes
2026-10-05T04:27:30.153551Z,KXBTC15M-26OCT050030-30,0.0190,250.00,yes
2026-10-05T04:27:30.158021Z,KXBTC15M-26OCT050030-30,0.0190,15.26,yes
2026-10-05T04:27:30.268648Z,KXBTC15M-26OCT050030-30,0.0180,500.00,no
2026-10-05T04:27:30.268648Z,KXBTC15M-26OCT050030-30,0.0180,0.01,no
2026-10-05T04:27:30.268648Z,KXBTC15M-26OCT050030-30,0.0180,13.08,no
2026-10-05T04:27:30.268648Z,KXBTC15M-26OCT050030-30,0.0180,393.95,no
2026-10-05T04:27:30.268648Z,KXBTC15M-26OCT050030-30,0.0180,100.00,no
2026-10-05T04:27:30.268648Z,KXBTC15M-26OCT050030-30,0.0180,10.00,no
2026-10-05T04:27:30.278945Z,KXBTC15M-26OCT050030-30,0.0170,64.69,no
2026-10-05T04:27:30.278945Z,KXBTC15M-26OCT050030-30,0.0180,6.05,no
2026-10-05T04:27:30.278945Z,KXBTC15M-26OCT050030-30,0.0180,0.01,no
2026-10-05T04:27:30.278945Z,KXBTC15M-26OCT050030-30,0.0180,0.01,no
2026-10-05T04:27:30.366059Z,KXBTC15M-26OCT050030-30,0.0180,9.15,no
2026-10-05T04:27:30.374806Z,KXBTC15M-26OCT050030-30,0.0180,1.00,no
2026-10-05T04:27:30.487277Z,KXBTC15M-26OCT050030-30,0.0180,33.56,no
2026-10-05T04:27:30.519738Z,KXBTC15M-26OCT050030-30,0.0180,75.22,no
2026-10-05T04:27:30.560537Z,KXBTC15M-26OCT050030-30,0.0180,34.99,no
2026-10-05T04:27:30.560537Z,KXBTC15M-26OCT050030-30,0.0180,0.01,no
2026-10-05T04:27:30.629722Z,KXBTC15M-26OCT050030-30,0.0180,0.87,no
2026-10-05T04:27:30.647258Z,KXBTC15M-26OCT050030-30,0.0190,6.23,yes
2026-10-05T04:27:30.658296Z,KXBTC15M-26OCT050030-30,0.0180,20.00,no
2026-10-05T04:27:30.714797Z,KXBTC15M-26OCT050030-30,0.0190,4.03,yes
2026-10-05T04:27:30.743173Z,KXBTC15M-26OCT050030-30,0.0190,20.00,yes
2026-10-05T04:27:30.825647Z,KXBTC15M-26OCT050030-30,0.0180,17.41,no
2026-10-05T04:27:30.894911Z,KXBTC15M-26OCT050030-30,0.0180,100.00,no
2026-10-05T04:27:30.894911Z,KXBTC15M-26OCT050030-30,0.0180,0.01,no
2026-10-05T04:27:30.894911Z,KXBTC15M-26OCT050030-30,0.0180,0.01,no
2026-10-05T04:27:30.894911Z,KXBTC15M-26OCT050030-30,0.0180,1.00,no
2026-10-05T04:27:30.894911Z,KXBTC15M-26OCT050030-30,0.0180,10.00,no
2026-10-05T04:27:30.970613Z,KXBTC15M-26OCT050030-30,0.0180,24.68,yes
2026-10-05T04:27:30.993575Z,KXBTC15M-26OCT050030-30,0.0170,9.25,no
2026-10-05T04:27:30.995132Z,KXBTC15M-26OCT050030-30,0.0170,0.20,no
2026-10-05T04:27:31.030729Z,KXBTC15M-26OCT050030-30,0.0170,21.39,no
2026-10-05T04:27:31.152509Z,KXBTC15M-26OCT050030-30,0.0170,40.85,no
2026-10-05T04:27:31.18886Z,KXBTC15M-26OCT050030-30,0.0190,27.96,yes
2026-10-05T04:27:31.18886Z,KXBTC15M-26OCT050030-30,0.0180,0.01,yes
2026-10-05T04:27:31.18886Z,KXBTC15M-26OCT050030-30,0.0180,0.01,yes
2026-10-05T04:27:31.197222Z,KXBTC15M-26OCT050030-30,0.0190,98.49,yes
2026-10-05T04:27:31.226043Z,KXBTC15M-26OCT050030-30,0.0180,3.05,no
2026-10-05T04:27:31.237352Z,KXBTC15M-26OCT050030-30,0.0180,32.85,no
2026-10-05T04:27:31.284896Z,KXBTC15M-26OCT050030-30,0.0180,89.50,no
2026-10-05T04:27:31.312014Z,KXBTC15M-26OCT050030-30,0.0180,107.40,no
2026-10-05T04:27:31.312014Z,KXBTC15M-26OCT050030-30,0.0180,150.00,no
2026-10-05T04:27:31.312014Z,KXBTC15M-26OCT050030-30,0.0180,24.60,no
2026-10-05T04:27:31.395312Z,KXBTC15M-26OCT050030-30,0.0180,42.60,no
2026-10-05T04:27:31.395312Z,KXBTC15M-26OCT050030-30,0.0180,150.00,no
2026-10-05T04:27:31.395312Z,KXBTC15M-26OCT050030-30,0.0180,86.40,no
2026-10-05T04:27:31.401081Z,KXBTC15M-26OCT050030-30,0.0190,17.94,yes
2026-10-05T04:27:31.536283Z,KXBTC15M-26OCT050030-30,0.0190,43.63,yes
2026-10-05T04:27:31.542982Z,KXBTC15M-26OCT050030-30,0.0190,42.33,yes
2026-10-05T04:27:31.54978Z,KXBTC15M-26OCT050030-30,0.0190,4.57,yes
2026-10-05T04:27:31.605071Z,KXBTC15M-26OCT050030-30,0.0180,117.04,no
2026-10-05T04:27:31.606841Z,KXBTC15M-26OCT050030-30,0.0180,20.62,no
2026-10-05T04:27:31.751645Z,KXBTC15M-26OCT050030-30,0.0190,48.26,yes
2026-10-05T04:27:31.888567Z,KXBTC15M-26OCT050030-30,0.0180,41.12,no
2026-10-05T04:27:31.888567Z,KXBTC15M-26OCT050030-30,0.0180,0.01,no
2026-10-05T04:27:31.888567Z,KXBTC15M-26OCT050030-30,0.0180,8.87,no
2026-10-05T04:27:31.96242Z,KXBTC15M-26OCT050030-30,0.0190,144.79,yes
2026-10-05T04:27:32.056573Z,KXBTC15M-26OCT050030-30,0.0190,49.25,yes
2026-10-05T04:27:32.062468Z,KXBTC15M-26OCT050030-30,0.0180,6.92,no
2026-10-05T04:27:32.148942Z,KXBTC15M-26OCT050030-30,0.0190,10.76,yes
2026-10-05T04:27:32.148942Z,KXBTC15M-26OCT050030-30,0.0190,13.00,yes
2026-10-05T04:27:32.148942Z,KXBTC15M-26OCT050030-30,0.0190,23.52,yes
2026-10-05T04:27:32.164685Z,KXBTC15M-26OCT050030-30,0.0180,8.13,no
2026-10-05T04:27:32.207654Z,KXBTC15M-26OCT050030-30,0.0190,11.58,yes
2026-10-05T04:27:32.280629Z,KXBTC15M-26OCT050030-30,0.0190,13.00,yes
2026-10-05T04:27:32.280629Z,KXBTC15M-26OCT050030-30,0.0190,86.98,yes
2026-10-05T04:27:32.280629Z,KXBTC15M-26OCT050030-30,0.0190,0.01,yes
2026-10-05T04:27:32.280629Z,KXBTC15M-26OCT050030-30,0.0190,0.01,yes
2026-10-05T04:27:32.287449Z,KXBTC15M-26OCT050030-30,0.0180,42.27,no
2026-10-05T04:27:32.291998Z,KXBTC15M-26OCT050030-30,0.0180,0.02,no
2026-10-05T04:27:32.31874Z,KXBTC15M-26OCT050030-30,0.0190,98.49,yes
2026-10-05T04:27:32.340258Z,KXBTC15M-26OCT050030-30,0.0180,10.42,no
2026-10-05T04:27:32.340258Z,KXBTC15M-26OCT050030-30,0.0180,0.01,no
2026-10-05T04:27:32.340258Z,KXBTC15M-26OCT050030-30,0.0180,1.00,no
2026-10-05T04:27:32.369968Z,KXBTC15M-26OCT050030-30,0.0180,91.24,no
2026-10-05T04:27:32.419076Z,KXBTC15M-26OCT050030-30,0.0180,8.76,no
2026-10-05T04:27:32.419076Z,KXBTC15M-26OCT050030-30,0.0180,11.18,no
2026-10-05T04:27:32.430452Z,KXBTC15M-26OCT050030-30,0.0190,200.00,yes
2026-10-05T04:27:32.430452Z,KXBTC15M-26OCT050030-30,0.0190,13.00,yes
2026-10-05T04:27:32.430452Z,KXBTC15M-26OCT050030-30,0.0190,0.01,yes
2026-10-05T04:27:32.430452Z,KXBTC15M-26OCT050030-30,0.0190,1.00,yes
2026-10-05T04:27:32.430452Z,KXBTC15M-26OCT050030-30,0.0190,168.00,yes
2026-10-05T04:27:32.430452Z,KXBTC15M-26OCT050030-30,0.0190,140.00,yes
2026-10-05T04:27:32.430452Z,KXBTC15M-26OCT050030-30,0.0190,1.00,yes
2026-10-05T04:27:32.430452Z,KXBTC15M-26OCT050030-30,0.0190,0.01,yes
2026-10-05T04:27:32.430452Z,KXBTC15M-26OCT050030-30,0.0190,104.27,yes
2026-10-05T04:27:32.430452Z,KXBTC15M-26OCT050030-30,0.0200,368.55,yes
2026-10-05T04:27:32.430452Z,KXBTC15M-26OCT050030-30,0.0200,384.00,yes
2026-10-05T04:27:32.430452Z,KXBTC15M-26OCT050030-30,0.0200,208.03,yes
2026-10-05T04:27:32.430452Z,KXBTC15M-26OCT050030-30,0.0200,326.16,yes
2026-10-05T04:27:32.430452Z,KXBTC15M-26OCT050030-30,0.0200,50.00,yes
2026-10-05T04:27:32.430452Z,KXBTC15M-26OCT050030-30,0.0200,384.00,yes
2026-10-05T04:27:32.438945Z,KXBTC15M-26OCT050030-30,0.0200,3.93,yes
2026-10-05T04:27:32.438945Z,KXBTC15M-26OCT050030-30,0.0200,15.45,yes
2026-10-05T04:27:32.50925Z,KXBTC15M-26OCT050030-30,0.0200,0.48,yes
2026-10-05T04:27:32.581768Z,KXBTC15M-26OCT050030-30,0.0190,142.98,no
2026-10-05T04:27:32.581768Z,KXBTC15M-26OCT050030-30,0.0190,0.01,no
2026-10-05T04:27:32.581768Z,KXBTC15M-26OCT050030-30,0.0190,0.01,no
2026-10-05T04:27:32.581768Z,KXBTC15M-26OCT050030-30,0.0190,150.00,no
2026-10-05T04:27:32.581768Z,KXBTC15M-26OCT050030-30,0.0190,17.00,no
2026-10-05T04:27:32.729326Z,KXBTC15M-26OCT050030-30,0.0200,249.75,yes
2026-10-05T04:27:32.766237Z,KXBTC15M-26OCT050030-30,0.0200,1.00,yes
2026-10-05T04:27:32.766237Z,KXBTC15M-26OCT050030-30,0.0200,93.75,yes
2026-10-05T04:27:32.766237Z,KXBTC15M-26OCT050030-30,0.0200,41.41,yes
2026-10-05T04:27:32.766237Z,KXBTC15M-26OCT050030-30,0.0200,15.00,yes
2026-10-05T04:27:32.766237Z,KXBTC15M-26OCT050030-30,0.0200,93.75,yes
2026-10-05T04:27:32.766237Z,KXBTC15M-26OCT050030-30,0.0200,129.84,yes
2026-10-05T04:27:32.766237Z,KXBTC15M-26OCT050030-30,0.0200,250.00,yes
2026-10-05T04:27:32.881333Z,KXBTC15M-26OCT050030-30,0.0190,150.00,no
2026-10-05T04:27:32.881333Z,KXBTC15M-26OCT050030-30,0.0190,0.01,no
2026-10-05T04:27:32.881333Z,KXBTC15M-26OCT050030-30,0.0190,17.00,no
2026-10-05T04:27:32.881333Z,KXBTC15M-26OCT050030-30,0.0190,115.60,no
2026-10-05T04:27:32.881333Z,KXBTC15M-26OCT050030-30,0.0190,1.00,no
2026-10-05T04:27:32.881333Z,KXBTC15M-26OCT050030-30,0.0190,0.01,no
2026-10-05T04:27:32.893749Z,KXBTC15M-26OCT050030-30,0.0200,12.52,yes
2026-10-05T04:27:32.893749Z,KXBTC15M-26OCT050030-30,0.0200,11.18,yes
2026-10-05T04:27:32.893749Z,KXBTC15M-26OCT050030-30,0.0200,8.59,yes
2026-10-05T04:27:33.03922Z,KXBTC15M-26OCT050030-30,0.0190,228.03,no
2026-10-05T04:27:33.100735Z,KXBTC15M-26OCT050030-30,0.0200,46.30,yes
2026-10-05T04:27:33.100735Z,KXBTC15M-26OCT050030-30,0.0200,0.01,yes
2026-10-05T04:27:33.100735Z,KXBTC15M-26OCT050030-30,0.0200,0.48,yes
2026-10-05T04:27:33.142759Z,KXBTC15M-26OCT050030-30,0.0190,104.85,no
2026-10-05T04:27:33.152718Z,KXBTC15M-26OCT050030-30,0.0200,28.50,yes
2026-10-05T04:27:33.337838Z,KXBTC15M-26OCT050030-30,0.0190,0.01,no
2026-10-05T04:27:33.337838Z,KXBTC15M-26OCT050030-30,0.0190,1.00,no
2026-10-05T04:27:33.337838Z,KXBTC15M-26OCT050030-30,0.0190,0.01,no
2026-10-05T04:27:33.337838Z,KXBTC15M-26OCT050030-30,0.0190,51.52,no
2026-10-05T04:27:33.337838Z,KXBTC15M-26OCT050030-30,0.0190,20.46,no
2026-10-05T04:27:33.380349Z,KXBTC15M-26OCT050030-30,0.0190,4.07,no
2026-10-05T04:27:33.399625Z,KXBTC15M-26OCT050030-30,0.0200,24.75,yes
2026-10-05T04:27:33.419036Z,KXBTC15M-26OCT050030-30,0.0200,0.50,yes
2026-10-05T04:27:33.449167Z,KXBTC15M-26OCT050030-30,0.0200,18.06,yes
2026-10-05T04:27:33.449167Z,KXBTC15M-26OCT050030-30,0.0200,160.66,yes
2026-10-05T04:27:33.449167Z,KXBTC15M-26OCT050030-30,0.0200,0.01,yes
2026-10-05T04:27:33.450381Z,KXBTC15M-26OCT050030-30,0.0200,233.95,yes
2026-10-05T04:27:33.460495Z,KXBTC15M-26OCT050030-30,0.0190,75.33,no
2026-10-05T04:27:33.547829Z,KXBTC15M-26OCT050030-30,0.0200,2.25,yes
2026-10-05T04:27:33.61892Z,KXBTC15M-26OCT050030-30,0.0200,145.74,yes
2026-10-05T04:27:33.61892Z,KXBTC15M-26OCT050030-30,0.0200,5.77,yes
2026-10-05T04:27:33.68313Z,KXBTC15M-26OCT050030-30,0.0200,44.23,yes
2026-10-05T04:27:33.68313Z,KXBTC15M-26OCT050030-30,0.0200,30.52,yes
2026-10-05T04:27:33.688986Z,KXBTC15M-26OCT050030-30,0.0200,46.79,yes
2026-10-05T04:27:33.703021Z,KXBTC15M-26OCT050030-30,0.0190,1.00,no
2026-10-05T04:27:33.759782Z,KXBTC15M-26OCT050030-30,0.0200,1.09,yes
2026-10-05T04:27:33.836177Z,KXBTC15M-26OCT050030-30,0.0200,46.79,yes
2026-10-05T04:27:33.88329Z,KXBTC15M-26OCT050030-30,0.0200,0.01,yes
2026-10-05T04:27:33.88329Z,KXBTC15M-26OCT050030-30,0.0200,100.00,yes
2026-10-05T04:27:33.88329Z,KXBTC15M-26OCT050030-30,0.0200,2.00,yes
2026-10-05T04:27:33.88329Z,KXBTC15M-26OCT050030-30,0.0200,0.01,yes
2026-10-05T04:27:33.88329Z,KXBTC15M-26OCT050030-30,0.0200,20.01,yes
2026-10-05T04:27:33.88329Z,KXBTC15M-26OCT050030-30,0.0200,74.81,yes
2026-10-05T04:27:33.892658Z,KXBTC15M-26OCT050030-30,0.0200,379.99,yes
2026-10-05T04:27:33.892658Z,KXBTC15M-26OCT050030-30,0.0200,87.91,yes
2026-10-05T04:27:33.93086Z,KXBTC15M-26OCT050030-30,0.0200,46.79,yes
2026-10-05T04:27:34.006756Z,KXBTC15M-26OCT050030-30,0.0200,43.56,yes
2026-10-05T04:27:34.006756Z,KXBTC15M-26OCT050030-30,0.0200,0.01,yes
2026-10-05T04:27:34.006756Z,KXBTC15M-26OCT050030-30,0.0200,3.21,yes
2026-10-05T04:27:34.006756Z,KXBTC15M-26OCT050030-30,0.0200,0.01,yes
2026-10-05T04:27:34.070506Z,KXBTC15M-26OCT050030-30,0.0190,50.00,no
2026-10-05T04:27:34.072447Z,KXBTC15M-26OCT050030-30,0.0190,50.00,no
2026-10-05T04:27:34.104868Z,KXBTC15M-26OCT050030-30,0.0200,21.52,yes
2026-10-05T04:27:34.113933Z,KXBTC15M-26OCT050030-30,0.0190,245.34,no
2026-10-05T04:27:34.114948Z,KXBTC15M-26OCT050030-30,0.0190,25.00,no
2026-10-05T04:27:34.155335Z,KXBTC15M-26OCT050030-30,0.0190,106.89,no
2026-10-05T04:27:34.282603Z,KXBTC15M-26OCT050030-30,0.0200,3.07,yes
2026-10-05T04:27:34.301158Z,KXBTC15M-26OCT050030-30,0.0200,35.05,yes
2026-10-05T04:27:34.301158Z,KXBTC15M-26OCT050030-30,0.0200,1.00,yes
2026-10-05T04:27:34.301158Z,KXBTC15M-26OCT050030-30,0.0200,100.00,yes
2026-10-05T04:27:34.301158Z,KXBTC15M-26OCT050030-30,0.0200,331.85,yes
2026-10-05T04:27:34.301451Z,KXBTC15M-26OCT050030-30,0.0200,12.62,yes
2026-10-05T04:27:34.3231Z,KXBTC15M-26OCT050030-30,0.0200,11.51,yes
2026-10-05T04:27:34.520158Z,KXBTC15M-26OCT050030-30,0.0200,162.58,yes
2026-10-05T04:27:34.520158Z,KXBTC15M-26OCT050030-30,0.0200,0.01,yes
2026-10-05T04:27:34.520158Z,KXBTC15M-26OCT050030-30,0.0200,400.00,yes
2026-10-05T04:27:34.520158Z,KXBTC15M-26OCT050030-30,0.0200,0.01,yes
2026-10-05T04:27:34.520158Z,KXBTC15M-26OCT050030-30,0.0200,38.49,yes
2026-10-05T04:27:34.520158Z,KXBTC15M-26OCT050030-30,0.0200,100.00,yes
2026-10-05T04:27:34.545401Z,KXBTC15M-26OCT050030-30,0.0200,24.74,yes
2026-10-05T04:27:34.545401Z,KXBTC15M-26OCT050030-30,0.0200,0.01,yes
2026-10-05T04:27:34.558779Z,KXBTC15M-26OCT050030-30,0.0190,13.24,no
2026-10-05T04:27:34.558779Z,KXBTC15M-26OCT050030-30,0.0190,0.01,no
2026-10-05T04:27:34.558779Z,KXBTC15M-26OCT050030-30,0.0190,1.00,no
2026-10-05T04:27:34.558779Z,KXBTC15M-26OCT050030-30,0.0190,0.01,no
2026-10-05T04:27:34.558779Z,KXBTC15M-26OCT050030-30,0.0190,500.00,no
2026-10-05T04:27:34.560644Z,KXBTC15M-26OCT050030-30,0.0190,74.56,no
2026-10-05T04:27:34.560644Z,KXBTC15M-26OCT050030-30,0.0190,486.76,no
2026-10-05T04:27:34.560644Z,KXBTC15M-26OCT050030-30,0.0190,334.53,no
2026-10-05T04:27:34.640215Z,KXBTC15M-26OCT050030-30,0.0170,17.00,no
2026-10-05T04:27:34.640215Z,KXBTC15M-26OCT050030-30,0.0170,1.00,no
2026-10-05T04:27:34.640215Z,KXBTC15M-26OCT050030-30,0.0180,1.00,no
2026-10-05T04:27:34.640215Z,KXBTC15M-26OCT050030-30,0.0180,21.00,no
2026-10-05T04:27:34.640215Z,KXBTC15M-26OCT050030-30,0.0190,0.01,no
2026-10-05T04:27:34.640215Z,KXBTC15M-26OCT050030-30,0.0170,170.49,no
2026-10-05T04:27:34.640215Z,KXBTC15M-26OCT050030-30,0.0190,0.01,no
2026-10-05T04:27:34.640215Z,KXBTC15M-26OCT050030-30,0.0190,1.00,no
2026-10-05T04:27:34.677061Z,KXBTC15M-26OCT050030-30,0.0190,10.23,yes
2026-10-05T04:27:34.716547Z,KXBTC15M-26OCT050030-30,0.0180,9.97,no
2026-10-05T04:27:35.04743Z,KXBTC15M-26OCT050030-30,0.0190,98.49,yes
2026-10-05T04:27:35.048806Z,KXBTC15M-26OCT050030-30,0.0180,66.02,no
2026-10-05T04:27:35.262552Z,KXBTC15M-26OCT050030-30,0.0170,0.65,no
2026-10-05T04:27:35.262552Z,KXBTC15M-26OCT050030-30,0.0180,0.01,no
2026-10-05T04:27:35.262552Z,KXBTC15M-26OCT050030-30,0.0170,1.00,no
2026-10-05T04:27:35.262552Z,KXBTC15M-26OCT050030-30,0.0180,0.01,no
2026-10-05T04:27:35.262552Z,KXBTC15M-26OCT050030-30,0.0180,1.00,no
2026-10-05T04:27:35.262552Z,KXBTC15M-26OCT050030-30,0.0180,74.01,no
2026-10-05T04:27:35.294599Z,KXBTC15M-26OCT050030-30,0.0170,149.48,no
2026-10-05T04:27:35.294599Z,KXBTC15M-26OCT050030-30,0.0170,0.01,no
2026-10-05T04:27:35.305093Z,KXBTC15M-26OCT050030-30,0.0180,38.83,yes
2026-10-05T04:27:35.382753Z,KXBTC15M-26OCT050030-30,0.0160,1.00,no
2026-10-05T04:27:35.382753Z,KXBTC15M-26OCT050030-30,0.0170,0.01,no
2026-10-05T04:27:35.382753Z,KXBTC15M-26OCT050030-30,0.0170,0.52,no
2026-10-05T04:27:35.382753Z,KXBTC15M-26OCT050030-30,0.0170,0.01,no
2026-10-05T04:27:35.382753Z,KXBTC15M-26OCT050030-30,0.0170,1.00,no
2026-10-05T04:27:35.382753Z,KXBTC15M-26OCT050030-30,0.0160,53.05,no
2026-10-05T04:27:35.551304Z,KXBTC15M-26OCT050030-30,0.0180,15.56,yes
2026-10-05T04:27:35.761362Z,KXBTC15M-26OCT050030-30,0.0170,321.20,no
2026-10-05T04:27:35.761362Z,KXBTC15M-26OCT050030-30,0.0170,1.00,no
2026-10-05T04:27:35.761362Z,KXBTC15M-26OCT050030-30,0.0170,0.01,no
2026-10-05T04:27:35.761362Z,KXBTC15M-26OCT050030-30,0.0170,100.00,no
2026-10-05T04:27:35.761362Z,KXBTC15M-26OCT050030-30,0.0170,8.72,no
2026-10-05T04:27:35.761362Z,KXBTC15M-26OCT050030-30,0.0170,150.00,no
2026-10-05T04:27:35.761362Z,KXBTC15M-26OCT050030-30,0.0170,248.32,no
2026-10-05T04:27:35.761362Z,KXBTC15M-26OCT050030-30,0.0170,0.01,no
2026-10-05T04:27:35.806454Z,KXBTC15M-26OCT050030-30,0.0180,122.98,yes
2026-10-05T04:27:35.806454Z,KXBTC15M-26OCT050030-30,0.0180,0.01,yes
2026-10-05T04:27:35.806454Z,KXBTC15M-26OCT050030-30,0.0180,0.01,yes
2026-10-05T04:27:35.868891Z,KXBTC15M-26OCT050030-30,0.0180,0.01,yes
2026-10-05T04:27:35.868891Z,KXBTC15M-26OCT050030-30,0.0180,0.01,yes
2026-10-05T04:27:35.868891Z,KXBTC15M-26OCT050030-30,0.0190,24.60,yes
2026-10-05T04:27:35.9264Z,KXBTC15M-26OCT050030-30,0.0190,25.38,yes
2026-10-05T04:27:36.003444Z,KXBTC15M-26OCT050030-30,0.0190,25.38,yes
2026-10-05T04:27:36.081306Z,KXBTC15M-26OCT050030-30,0.0180,143.56,no
2026-10-05T04:27:36.291299Z,KXBTC15M-26OCT050030-30,0.0190,206.60,yes
2026-10-05T04:27:36.399509Z,KXBTC15M-26OCT050030-30,0.0190,2.06,yes
2026-10-05T04:27:36.467901Z,KXBTC15M-26OCT050030-30,0.0180,5.25,no
2026-10-05T04:27:36.581409Z,KXBTC15M-26OCT050030-30,0.0180,3.34,no
2026-10-05T04:27:36.581409Z,KXBTC15M-26OCT050030-30,0.0180,1.19,no
2026-10-05T04:27:36.681997Z,KXBTC15M-26OCT050030-30,0.0180,146.66,no
2026-10-05T04:27:36.681997Z,KXBTC15M-26OCT050030-30,0.0180,0.01,no
2026-10-05T04:27:36.681997Z,KXBTC15M-26OCT050030-30,0.0180,1.00,no
2026-10-05T04:27:36.681997Z,KXBTC15M-26OCT050030-30,0.0180,8.63,no
2026-10-05T04:27:36.681997Z,KXBTC15M-26OCT050030-30,0.0180,0.01,no
2026-10-05T04:27:36.681997Z,KXBTC15M-26OCT050030-30,0.0180,106.38,no
2026-10-05T04:27:36.686208Z,KXBTC15M-26OCT050030-30,0.0190,41.60,yes
2026-10-05T04:27:36.6871Z,KXBTC15M-26OCT050030-30,0.0190,17.67,yes
2026-10-05T04:27:36.70149Z,KXBTC15M-26OCT050030-30,0.0180,84.41,no
2026-10-05T04:27:36.725539Z,KXBTC15M-26OCT050030-30,0.0180,100.00,no
2026-10-05T04:27:36.735347Z,KXBTC15M-26OCT050030-30,0.0180,40.68,no
2026-10-05T04:27:36.749682Z,KXBTC15M-26OCT050030-30,0.0180,95.34,no
2026-10-05T04:27:36.791524Z,KXBTC15M-26OCT050030-30,0.0180,5.70,no
2026-10-05T04:27:36.887558Z,KXBTC15M-26OCT050030-30,0.0190,0.01,yes
2026-10-05T04:27:36.887558Z,KXBTC15M-26OCT050030-30,0.0190,0.01,yes
2026-10-05T04:27:36.974479Z,KXBTC15M-26OCT050030-30,0.0190,52.50,no
2026-10-05T04:27:37.040874Z,KXBTC15M-26OCT050030-30,0.0200,4.37,yes
2026-10-05T04:27:37.063022Z,KXBTC15M-26OCT050030-30,0.0190,404.04,no
2026-10-05T04:27:37.063022Z,KXBTC15M-26OCT050030-30,0.0190,13.00,no
2026-10-05T04:27:37.063022Z,KXBTC15M-26OCT050030-30,0.0190,1.00,no
2026-10-05T04:27:37.063022Z,KXBTC15M-26OCT050030-30,0.0190,500.00,no
2026-10-05T04:27:37.063022Z,KXBTC15M-26OCT050030-30,0.0190,165.00,no
2026-10-05T04:27:37.063022Z,KXBTC15M-26OCT050030-30,0.0190,0.01,no
2026-10-05T04:27:37.063022Z,KXBTC15M-26OCT050030-30,0.0190,0.01,no
2026-10-05T04:27:37.063022Z,KXBTC15M-26OCT050030-30,0.0190,97.50,no
2026-10-05T04:27:37.063022Z,KXBTC15M-26OCT050030-30,0.0190,8.55,no
2026-10-05T04:27:37.063022Z,KXBTC15M-26OCT050030-30,0.0190,1.00,no
2026-10-05T04:27:37.063022Z,KXBTC15M-26OCT050030-30,0.0190,10.00,no
2026-10-05T04:27:37.212993Z,KXBTC15M-26OCT050030-30,0.0190,126.47,no
2026-10-05T04:27:37.219224Z,KXBTC15M-26OCT050030-30,0.0190,8.13,no
2026-10-05T04:27:37.245084Z,KXBTC15M-26OCT050030-30,0.0190,3.05,no
2026-10-05T04:27:37.315307Z,KXBTC15M-26OCT050030-30,0.0190,114.21,no
2026-10-05T04:27:37.330727Z,KXBTC15M-26OCT050030-30,0.0200,20.00,yes
2026-10-05T04:27:37.34822Z,KXBTC15M-26OCT050030-30,0.0200,2.25,yes
2026-10-05T04:27:37.35461Z,KXBTC15M-26OCT050030-30,0.0190,40.63,no
2026-10-05T04:27:37.359418Z,KXBTC15M-26OCT050030-30,0.0190,40.21,no
2026-10-05T04:27:37.458885Z,KXBTC15M-26OCT050030-30,0.0200,1.00,yes
2026-10-05T04:27:37.458885Z,KXBTC15M-26OCT050030-30,0.0200,1.00,yes
2026-10-05T04:27:37.458885Z,KXBTC15M-26OCT050030-30,0.0200,23.38,yes
2026-10-05T04:27:37.458885Z,KXBTC15M-26OCT050030-30,0.0200,118.52,yes
2026-10-05T04:27:37.458885Z,KXBTC15M-26OCT050030-30,0.0200,100.00,yes
2026-10-05T04:27:37.458885Z,KXBTC15M-26OCT050030-30,0.0200,500.00,yes
2026-10-05T04:27:37.458885Z,KXBTC15M-26OCT050030-30,0.0200,0.01,yes
2026-10-05T04:27:37.458885Z,KXBTC15M-26OCT050030-30,0.0200,13.00,yes
2026-10-05T04:27:37.458885Z,KXBTC15M-26OCT050030-30,0.0200,0.01,yes
2026-10-05T04:27:37.471845Z,KXBTC15M-26OCT050030-30,0.0200,10.00,yes
2026-10-05T04:27:37.539619Z,KXBTC15M-26OCT050030-30,0.0190,10.00,no
2026-10-05T04:27:37.539619Z,KXBTC15M-26OCT050030-30,0.0190,0.01,no
2026-10-05T04:27:37.539619Z,KXBTC15M-26OCT050030-30,0.0190,15.43,no
2026-10-05T04:27:37.539619Z,KXBTC15M-26OCT050030-30,0.0190,0.01,no
2026-10-05T04:27:37.585936Z,KXBTC15M-26OCT050030-30,0.0190,27.70,no
2026-10-05T04:27:37.691346Z,KXBTC15M-26OCT050030-30,0.0200,21.05,yes
2026-10-05T04:27:37.828055Z,KXBTC15M-26OCT050030-30,0.0190,26.74,no
2026-10-05T04:27:37.828055Z,KXBTC15M-26OCT050030-30,0.0190,0.01,no
2026-10-05T04:27:37.828055Z,KXBTC15M-26OCT050030-30,0.0190,0.01,no
2026-10-05T04:27:37.917547Z,KXBTC15M-26OCT050030-30,0.0200,9.35,yes
2026-10-05T04:27:37.921737Z,KXBTC15M-26OCT050030-30,0.0200,41.08,yes
2026-10-05T04:27:37.921737Z,KXBTC15M-26OCT050030-30,0.0200,5.71,yes
2026-10-05T04:27:37.948701Z,KXBTC15M-26OCT050030-30,0.0160,201.98,no
2026-10-05T04:27:37.948701Z,KXBTC15M-26OCT050030-30,0.0190,0.01,no
2026-10-05T04:27:37.948701Z,KXBTC15M-26OCT050030-30,0.0190,0.01,no
2026-10-05T04:27:37.948701Z,KXBTC15M-26OCT050030-30,0.0160,100.00,no
2026-10-05T04:27:37.948701Z,KXBTC15M-26OCT050030-30,0.0160,10.00,no
2026-10-05T04:27:37.948701Z,KXBTC15M-26OCT050030-30,0.0190,150.00,no
2026-10-05T04:27:37.948701Z,KXBTC15M-26OCT050030-30,0.0170,1.00,no
2026-10-05T04:27:37.948701Z,KXBTC15M-26OCT050030-30,0.0180,1.00,no
2026-10-05T04:27:37.948701Z,KXBTC15M-26OCT050030-30,0.0170,17.00,no
2026-10-05T04:27:37.948701Z,KXBTC15M-26OCT050030-30,0.0180,17.00,no
2026-10-05T04:27:37.952741Z,KXBTC15M-26OCT050030-30,0.0190,46.79,yes
2026-10-05T04:27:37.974998Z,KXBTC15M-26OCT050030-30,0.0170,17.00,no
2026-10-05T04:27:37.974998Z,KXBTC15M-26OCT050030-30,0.0170,6.52,no
2026-10-05T04:27:37.974998Z,KXBTC15M-26OCT050030-30,0.0170,0.01,no
2026-10-05T04:27:37.974998Z,KXBTC15M-26OCT050030-30,0.0170,0.01,no
2026-10-05T04:27:37.976241Z,KXBTC15M-26OCT050030-30,0.0170,79.12,no
2026-10-05T04:27:37.979526Z,KXBTC15M-26OCT050030-30,0.0170,2.54,no
2026-10-05T04:27:38.052535Z,KXBTC15M-26OCT050030-30,0.0170,0.01,no
2026-10-05T04:27:38.052535Z,KXBTC15M-26OCT050030-30,0.0170,0.01,no
2026-10-05T04:27:38.052535Z,KXBTC15M-26OCT050030-30,0.0170,39.88,no
2026-10-05T04:27:38.14285Z,KXBTC15M-26OCT050030-30,0.0170,15.38,no
2026-10-05T04:27:38.216342Z,KXBTC15M-26OCT050030-30,0.0180,10.27,yes
2026-10-05T04:27:38.242261Z,KXBTC15M-26OCT050030-30,0.0170,21.25,no
2026-10-05T04:27:38.266974Z,KXBTC15M-26OCT050030-30,0.0180,46.50,yes
2026-10-05T04:27:38.28942Z,KXBTC15M-26OCT050030-30,0.0170,20.94,no
2026-10-05T04:27:38.365308Z,KXBTC15M-26OCT050030-30,0.0180,3.74,yes
2026-10-05T04:27:38.427348Z,KXBTC15M-26OCT050030-30,0.0150,14.00,no
2026-10-05T04:27:38.427348Z,KXBTC15M-26OCT050030-30,0.0160,17.00,no
2026-10-05T04:27:38.427348Z,KXBTC15M-26OCT050030-30,0.0160,680.02,no
2026-10-05T04:27:38.427348Z,KXBTC15M-26OCT050030-30,0.0160,8.56,no
2026-10-05T04:27:38.427348Z,KXBTC15M-26OCT050030-30,0.0150,390.63,no
2026-10-05T04:27:38.427348Z,KXBTC15M-26OCT050030-30,0.0170,92.43,no
2026-10-05T04:27:38.427348Z,KXBTC15M-26OCT050030-30,0.0160,53.00,no
2026-10-05T04:27:38.427348Z,KXBTC15M-26OCT050030-30,0.0170,0.01,no
2026-10-05T04:27:38.427348Z,KXBTC15M-26OCT050030-30,0.0170,99.00,no
2026-10-05T04:27:38.427348Z,KXBTC15M-26OCT050030-30,0.0170,400.00,no
2026-10-05T04:27:38.427348Z,KXBTC15M-26OCT050030-30,0.0170,171.34,no
2026-10-05T04:27:38.427348Z,KXBTC15M-26OCT050030-30,0.0170,0.01,no
2026-10-05T04:27:38.427348Z,KXBTC15M-26OCT050030-30,0.0170,100.00,no
2026-10-05T04:27:38.427348Z,KXBTC15M-26OCT050030-30,0.0150,10.00,no
2026-10-05T04:27:38.448171Z,KXBTC15M-26OCT050030-30,0.0150,99.00,no
2026-10-05T04:27:38.448171Z,KXBTC15M-26OCT050030-30,0.0150,14.00,no
2026-10-05T04:27:38.448171Z,KXBTC15M-26OCT050030-30,0.0160,1.00,no
2026-10-05T04:27:38.448171Z,KXBTC15M-26OCT050030-30,0.0150,1.00,no
2026-10-05T04:27:38.448171Z,KXBTC15M-26OCT050030-30,0.0170,1.00,no
2026-10-05T04:27:38.448171Z,KXBTC15M-26OCT050030-30,0.0150,6.76,no
2026-10-05T04:27:38.448171Z,KXBTC15M-26OCT050030-30,0.0170,0.01,no
2026-10-05T04:27:38.448171Z,KXBTC15M-26OCT050030-30,0.0170,0.01,no
2026-10-05T04:27:38.448171Z,KXBTC15M-26OCT050030-30,0.0170,100.00,no
2026-10-05T04:27:38.448171Z,KXBTC15M-26OCT050030-30,0.0160,57.00,no
2026-10-05T04:27:38.448171Z,KXBTC15M-26OCT050030-30,0.0160,17.00,no
2026-10-05T04:27:38.448171Z,KXBTC15M-26OCT050030-30,0.0140,140.10,no
2026-10-05T04:27:38.448171Z,KXBTC15M-26OCT050030-30,0.0140,3.08,no
2026-10-05T04:27:38.456486Z,KXBTC15M-26OCT050030-30,0.0180,13.00,yes
2026-10-05T04:27:38.456486Z,KXBTC15M-26OCT050030-30,0.0180,0.01,yes
2026-10-05T04:27:38.456486Z,KXBTC15M-26OCT050030-30,0.0180,89.49,yes
2026-10-05T04:27:38.456486Z,KXBTC15M-26OCT050030-30,0.0180,0.01,yes
2026-10-05T04:27:38.456486Z,KXBTC15M-26OCT050030-30,0.0180,344.32,yes
2026-10-05T04:27:38.456486Z,KXBTC15M-26OCT050030-30,0.0180,332.90,yes
2026-10-05T04:27:38.540119Z,KXBTC15M-26OCT050030-30,0.0170,0.01,no
2026-10-05T04:27:38.540119Z,KXBTC15M-26OCT050030-30,0.0170,29.18,no
2026-10-05T04:27:38.540119Z,KXBTC15M-26OCT050030-30,0.0170,17.00,no
2026-10-05T04:27:38.540119Z,KXBTC15M-26OCT050030-30,0.0170,0.01,no
2026-10-05T04:27:38.570115Z,KXBTC15M-26OCT050030-30,0.0170,2.03,no
2026-10-05T04:27:38.589518Z,KXBTC15M-26OCT050030-30,0.0180,80.88,yes
2026-10-05T04:27:38.589518Z,KXBTC15M-26OCT050030-30,0.0180,0.01,yes
2026-10-05T04:27:38.589518Z,KXBTC15M-26OCT050030-30,0.0180,12.68,yes
2026-10-05T04:27:38.589518Z,KXBTC15M-26OCT050030-30,0.0180,0.01,yes
2026-10-05T04:27:38.591246Z,KXBTC15M-26OCT050030-30,0.0180,70.22,yes
2026-10-05T04:27:38.691863Z,KXBTC15M-26OCT050030-30,0.0170,0.03,no
2026-10-05T04:27:38.807649Z,KXBTC15M-26OCT050030-30,0.0200,750.00,yes
2026-10-05T04:27:38.807649Z,KXBTC15M-26OCT050030-30,0.0200,50.00,yes
2026-10-05T04:27:38.807649Z,KXBTC15M-26OCT050030-30,0.0190,1000.00,yes
2026-10-05T04:27:38.807649Z,KXBTC15M-26OCT050030-30,0.0180,60.00,yes
2026-10-05T04:27:38.807649Z,KXBTC15M-26OCT050030-30,0.0180,0.01,yes
2026-10-05T04:27:38.807649Z,KXBTC15M-26OCT050030-30,0.0180,140.10,yes
2026-10-05T04:27:38.807649Z,KXBTC15M-26OCT050030-30,0.0180,25.00,yes
2026-10-05T04:27:38.807649Z,KXBTC15M-26OCT050030-30,0.0180,13.00,yes
2026-10-05T04:27:38.807649Z,KXBTC15M-26OCT050030-30,0.0180,200.00,yes
2026-10-05T04:27:38.807649Z,KXBTC15M-26OCT050030-30,0.0180,3.08,yes
2026-10-05T04:27:38.807649Z,KXBTC15M-26OCT050030-30,0.0180,0.01,yes
2026-10-05T04:27:38.807649Z,KXBTC15M-26OCT050030-30,0.0180,192.90,yes
2026-10-05T04:27:38.807649Z,KXBTC15M-26OCT050030-30,0.0180,1.00,yes
2026-10-05T04:27:38.807649Z,KXBTC15M-26OCT050030-30,0.0190,200.00,yes
2026-10-05T04:27:38.821277Z,KXBTC15M-26OCT050030-30,0.0210,2.55,yes
2026-10-05T04:27:38.821277Z,KXBTC15M-26OCT050030-30,0.0200,1.00,yes
2026-10-05T04:27:38.821277Z,KXBTC15M-26OCT050030-30,0.0200,1.02,yes
2026-10-05T04:27:38.867898Z,KXBTC15M-26OCT050030-30,0.0190,76.35,no
2026-10-05T04:27:38.876858Z,KXBTC15M-26OCT050030-30,0.0190,200.00,no
2026-10-05T04:27:38.916606Z,KXBTC15M-26OCT050030-30,0.0190,0.01,no
2026-10-05T04:27:38.916606Z,KXBTC15M-26OCT050030-30,0.0190,296.00,no
2026-10-05T04:27:38.916606Z,KXBTC15M-26OCT050030-30,0.0190,500.00,no
2026-10-05T04:27:38.975931Z,KXBTC15M-26OCT050030-30,0.0200,51.68,yes
2026-10-05T04:27:38.975931Z,KXBTC15M-26OCT050030-30,0.0200,0.01,yes
2026-10-05T04:27:38.975931Z,KXBTC15M-26OCT050030-30,0.0200,13.00,yes
2026-10-05T04:27:38.975931Z,KXBTC15M-26OCT050030-30,0.0200,0.01,yes
2026-10-05T04:27:39.030323Z,KXBTC15M-26OCT050030-30,0.0190,200.00,no
2026-10-05T04:27:39.095463Z,KXBTC15M-26OCT050030-30,0.0200,0.71,yes
2026-10-05T04:27:39.103284Z,KXBTC15M-26OCT050030-30,0.0180,49.42,no
2026-10-05T04:27:39.103284Z,KXBTC15M-26OCT050030-30,0.0190,0.01,no
2026-10-05T04:27:39.103284Z,KXBTC15M-26OCT050030-30,0.0190,0.01,no
2026-10-05T04:27:39.103284Z,KXBTC15M-26OCT050030-30,0.0180,1.00,no
2026-10-05T04:27:39.134959Z,KXBTC15M-26OCT050030-30,0.0180,500.00,no
2026-10-05T04:27:39.134959Z,KXBTC15M-26OCT050030-30,0.0180,8.04,no
2026-10-05T04:27:39.211765Z,KXBTC15M-26OCT050030-30,0.0190,0.01,yes
2026-10-05T04:27:39.211765Z,KXBTC15M-26OCT050030-30,0.0190,0.01,yes
2026-10-05T04:27:39.211765Z,KXBTC15M-26OCT050030-30,0.0190,7.37,yes
2026-10-05T04:27:39.317106Z,KXBTC15M-26OCT050030-30,0.0180,0.01,no
2026-10-05T04:27:39.317106Z,KXBTC15M-26OCT050030-30,0.0180,9.95,no
2026-10-05T04:27:39.3937Z,KXBTC15M-26OCT050030-30,0.0190,77.72,yes
2026-10-05T04:27:39.452836Z,KXBTC15M-26OCT050030-30,0.0190,49.25,yes
2026-10-05T04:27:39.521754Z,KXBTC15M-26OCT050030-30,0.0180,1.01,no
2026-10-05T04:27:39.548625Z,KXBTC15M-26OCT050030-30,0.0190,46.79,yes
2026-10-05T04:27:39.55857Z,KXBTC15M-26OCT050030-30,0.0180,13.96,no
2026-10-05T04:27:39.572029Z,KXBTC15M-26OCT050030-30,0.0190,14.87,yes
2026-10-05T04:27:39.572029Z,KXBTC15M-26OCT050030-30,0.0190,26.77,yes
2026-10-05T04:27:39.601607Z,KXBTC15M-26OCT050030-30,0.0190,48.26,yes
2026-10-05T04:27:39.617538Z,KXBTC15M-26OCT050030-30,0.0190,2.05,yes
2026-10-05T04:27:39.633754Z,KXBTC15M-26OCT050030-30,0.0180,31.73,no
2026-10-05T04:27:39.636653Z,KXBTC15M-26OCT050030-30,0.0180,43.35,no
2026-10-05T04:27:39.636653Z,KXBTC15M-26OCT050030-30,0.0180,45.86,no
2026-10-05T04:27:39.636653Z,KXBTC15M-26OCT050030-30,0.0180,0.01,no
2026-10-05T04:27:39.663453Z,KXBTC15M-26OCT050030-30,0.0190,16.00,yes
2026-10-05T04:27:39.671031Z,KXBTC15M-26OCT050030-30,0.0190,4.67,yes
2026-10-05T04:27:39.706723Z,KXBTC15M-26OCT050030-30,0.0190,52.00,yes
2026-10-05T04:27:39.729246Z,KXBTC15M-26OCT050030-30,0.0180,73.59,no
2026-10-05T04:27:39.729246Z,KXBTC15M-26OCT050030-30,0.0180,138.00,no
2026-10-05T04:27:39.729246Z,KXBTC15M-26OCT050030-30,0.0180,354.14,no
2026-10-05T04:27:39.788565Z,KXBTC15M-26OCT050030-30,0.0180,9.97,no
2026-10-05T04:27:39.897472Z,KXBTC15M-26OCT050030-30,0.0190,10.00,yes
2026-10-05T04:27:39.912399Z,KXBTC15M-26OCT050030-30,0.0180,11.09,no
2026-10-05T04:27:39.931968Z,KXBTC15M-26OCT050030-30,0.0190,24.62,yes
2026-10-05T04:27:39.948494Z,KXBTC15M-26OCT050030-30,0.0190,4.63,yes
2026-10-05T04:27:39.948494Z,KXBTC15M-26OCT050030-30,0.0190,0.01,yes
2026-10-05T04:27:39.948494Z,KXBTC15M-26OCT050030-30,0.0190,0.01,yes
2026-10-05T04:27:39.948494Z,KXBTC15M-26OCT050030-30,0.0190,43.61,yes
2026-10-05T04:27:39.99391Z,KXBTC15M-26OCT050030-30,0.0190,26.09,yes
2026-10-05T04:27:40.090885Z,KXBTC15M-26OCT050030-30,0.0190,5.33,yes
2026-10-05T04:27:40.095087Z,KXBTC15M-26OCT050030-30,0.0190,48.26,yes
2026-10-05T04:27:40.17631Z,KXBTC15M-26OCT050030-30,0.0190,38.55,yes
2026-10-05T04:27:40.17631Z,KXBTC15M-26OCT050030-30,0.0190,9.71,yes
2026-10-05T04:27:40.219853Z,KXBTC15M-26OCT050030-30,0.0190,0.34,yes
2026-10-05T04:27:40.246744Z,KXBTC15M-26OCT050030-30,0.0180,30.51,no
2026-10-05T04:27:40.294249Z,KXBTC15M-26OCT050030-30,0.0180,13.22,no
2026-10-05T04:27:40.396153Z,KXBTC15M-26OCT050030-30,0.0180,16.27,no
2026-10-05T04:27:40.522675Z,KXBTC15M-26OCT050030-30,0.0180,0.20,no
2026-10-05T04:27:40.572758Z,KXBTC15M-26OCT050030-30,0.0180,210.00,no
2026-10-05T04:27:40.633303Z,KXBTC15M-26OCT050030-30,0.0190,21.54,yes
2026-10-05T04:27:40.660759Z,KXBTC15M-26OCT050030-30,0.0180,203.40,no
2026-10-05T04:27:40.710172Z,KXBTC15M-26OCT050030-30,0.0180,0.11,no
2026-10-05T04:27:40.720096Z,KXBTC15M-26OCT050030-30,0.0190,0.01,yes
2026-10-05T04:27:40.720096Z,KXBTC15M-26OCT050030-30,0.0200,483.60,yes
2026-10-05T04:27:40.720096Z,KXBTC15M-26OCT050030-30,0.0190,200.00,yes
2026-10-05T04:27:40.720096Z,KXBTC15M-26OCT050030-30,0.0190,67.57,yes
2026-10-05T04:27:40.720096Z,KXBTC15M-26OCT050030-30,0.0190,0.01,yes
2026-10-05T04:27:40.720096Z,KXBTC15M-26OCT050030-30,0.0200,129.61,yes
2026-10-05T04:27:40.720096Z,KXBTC15M-26OCT050030-30,0.0200,50.00,yes
2026-10-05T04:27:40.814489Z,KXBTC15M-26OCT050030-30,0.0200,13.10,yes
2026-10-05T04:27:41.001728Z,KXBTC15M-26OCT050030-30,0.0190,1.00,no
2026-10-05T04:27:41.006517Z,KXBTC15M-26OCT050030-30,0.0190,59.66,no
2026-10-05T04:27:41.039666Z,KXBTC15M-26OCT050030-30,0.0190,73.32,no
2026-10-05T04:27:41.124137Z,KXBTC15M-26OCT050030-30,0.0200,400.00,yes
2026-10-05T04:27:41.124137Z,KXBTC15M-26OCT050030-30,0.0200,100.00,yes
2026-10-05T04:27:41.124137Z,KXBTC15M-26OCT050030-30,0.0200,50.00,yes
2026-10-05T04:27:41.124137Z,KXBTC15M-26OCT050030-30,0.0200,0.01,yes
2026-10-05T04:27:41.124137Z,KXBTC15M-26OCT050030-30,0.0200,0.01,yes
2026-10-05T04:27:41.124137Z,KXBTC15M-26OCT050030-30,0.0200,200.00,yes
2026-10-05T04:27:41.124137Z,KXBTC15M-26OCT050030-30,0.0200,486.90,yes
2026-10-05T04:27:41.124137Z,KXBTC15M-26OCT050030-30,0.0200,500.00,yes
2026-10-05T04:27:41.124137Z,KXBTC15M-26OCT050030-30,0.0200,13.00,yes
2026-10-05T04:27:41.124137Z,KXBTC15M-26OCT050030-30,0.0210,264.93,yes
2026-10-05T04:27:41.140107Z,KXBTC15M-26OCT050030-30,0.0200,76.27,no
2026-10-05T04:27:41.232827Z,KXBTC15M-26OCT050030-30,0.0210,11.67,yes
2026-10-05T04:27:41.308067Z,KXBTC15M-26OCT050030-30,0.0190,210.25,no
2026-10-05T04:27:41.308067Z,KXBTC15M-26OCT050030-30,0.0190,5.72,no
2026-10-05T04:27:41.308067Z,KXBTC15M-26OCT050030-30,0.0200,0.01,no
2026-10-05T04:27:41.308067Z,KXBTC15M-26OCT050030-30,0.0200,1.00,no
2026-10-05T04:27:41.308067Z,KXBTC15M-26OCT050030-30,0.0200,0.01,no
2026-10-05T04:27:41.308067Z,KXBTC15M-26OCT050030-30,0.0200,50.00,no
2026-10-05T04:27:41.308067Z,KXBTC15M-26OCT050030-30,0.0200,73.73,no
2026-10-05T04:27:41.308067Z,KXBTC15M-26OCT050030-30,0.0190,1.00,no
2026-10-05T04:27:41.416443Z,KXBTC15M-26OCT050030-30,0.0190,0.01,no
2026-10-05T04:27:41.416443Z,KXBTC15M-26OCT050030-30,0.0190,0.01,no
2026-10-05T04:27:41.416443Z,KXBTC15M-26OCT050030-30,0.0180,685.00,no
2026-10-05T04:27:41.416443Z,KXBTC15M-26OCT050030-30,0.0160,13.00,no
2026-10-05T04:27:41.416443Z,KXBTC15M-26OCT050030-30,0.0190,1.00,no
2026-10-05T04:27:41.416443Z,KXBTC15M-26OCT050030-30,0.0190,500.00,no
2026-10-05T04:27:41.416443Z,KXBTC15M-26OCT050030-30,0.0180,1.00,no
2026-10-05T04:27:41.416443Z,KXBTC15M-26OCT050030-30,0.0150,450.00,no
2026-10-05T04:27:41.416443Z,KXBTC15M-26OCT050030-30,0.0170,17.00,no
2026-10-05T04:27:41.416443Z,KXBTC15M-26OCT050030-30,0.0160,1.00,no
2026-10-05T04:27:41.416443Z,KXBTC15M-26OCT050030-30,0.0150,1.00,no
2026-10-05T04:27:41.416443Z,KXBTC15M-26OCT050030-30,0.0150,99.00,no
2026-10-05T04:27:41.416443Z,KXBTC15M-26OCT050030-30,0.0170,1.00,no
2026-10-05T04:27:41.416443Z,KXBTC15M-26OCT050030-30,0.0150,17.00,no
2026-10-05T04:27:41.416443Z,KXBTC15M-26OCT050030-30,0.0140,76.24,no
2026-10-05T04:27:41.416443Z,KXBTC15M-26OCT050030-30,0.0140,380.92,no
2026-10-05T04:27:41.568518Z,KXBTC15M-26OCT050030-30,0.0180,37.90,yes
2026-10-05T04:27:41.659211Z,KXBTC15M-26OCT050030-30,0.0170,0.01,no
2026-10-05T04:27:41.659211Z,KXBTC15M-26OCT050030-30,0.0170,46.62,no
2026-10-05T04:27:41.659211Z,KXBTC15M-26OCT050030-30,0.0170,0.01,no
2026-10-05T04:27:41.659211Z,KXBTC15M-26OCT050030-30,0.0170,100.00,no
2026-10-05T04:27:41.714946Z,KXBTC15M-26OCT050030-30,0.0180,10.06,yes
2026-10-05T04:27:41.734379Z,KXBTC15M-26OCT050030-30,0.0180,89.13,yes
2026-10-05T04:27:41.81478Z,KXBTC15M-26OCT050030-30,0.0170,0.79,no
2026-10-05T04:27:42.122834Z,KXBTC15M-26OCT050030-30,0.0180,1.19,yes
2026-10-05T04:27:42.203667Z,KXBTC15M-26OCT050030-30,0.0180,0.01,yes
2026-10-05T04:27:42.203667Z,KXBTC15M-26OCT050030-30,0.0180,13.59,yes
2026-10-05T04:27:42.203667Z,KXBTC15M-26OCT050030-30,0.0180,0.01,yes
2026-10-05T04:27:42.203667Z,KXBTC15M-26OCT050030-30,0.0180,61.72,yes
2026-10-05T04:27:42.211139Z,KXBTC15M-26OCT050030-30,0.0180,11.15,yes
2026-10-05T04:27:42.285114Z,KXBTC15M-26OCT050030-30,0.0180,47.16,yes
2026-10-05T04:27:42.352231Z,KXBTC15M-26OCT050030-30,0.0160,1.00,no
2026-10-05T04:27:42.352231Z,KXBTC15M-26OCT050030-30,0.0170,0.01,no
2026-10-05T04:27:42.352231Z,KXBTC15M-26OCT050030-30,0.0170,0.01,no
2026-10-05T04:27:42.352231Z,KXBTC15M-26OCT050030-30,0.0170,1.00,no
2026-10-05T04:27:42.352231Z,KXBTC15M-26OCT050030-30,0.0160,194.41,no
2026-10-05T04:27:42.361152Z,KXBTC15M-26OCT050030-30,0.0170,3.63,yes
2026-10-05T04:27:42.434903Z,KXBTC15M-26OCT050030-30,0.0170,5.61,yes
2026-10-05T04:27:42.456896Z,KXBTC15M-26OCT050030-30,0.0170,467.88,yes
2026-10-05T04:27:42.456896Z,KXBTC15M-26OCT050030-30,0.0170,0.01,yes
2026-10-05T04:27:42.456896Z,KXBTC15M-26OCT050030-30,0.0170,0.01,yes
2026-10-05T04:27:42.549805Z,KXBTC15M-26OCT050030-30,0.0180,159.10,yes
2026-10-05T04:27:42.549805Z,KXBTC15M-26OCT050030-30,0.0180,40.90,yes
2026-10-05T04:27:42.610253Z,KXBTC15M-26OCT050030-30,0.0180,35.34,yes
2026-10-05T04:27:42.610253Z,KXBTC15M-26OCT050030-30,0.0180,42.63,yes
2026-10-05T04:27:42.64535Z,KXBTC15M-26OCT050030-30,0.0170,0.01,no
2026-10-05T04:27:42.64535Z,KXBTC15M-26OCT050030-30,0.0170,0.01,no
2026-10-05T04:27:42.64535Z,KXBTC15M-26OCT050030-30,0.0170,1.00,no
2026-10-05T04:27:42.64535Z,KXBTC15M-26OCT050030-30,0.0170,85.42,no
2026-10-05T04:27:42.723644Z,KXBTC15M-26OCT050030-30,0.0180,62.37,yes
2026-10-05T04:27:42.723644Z,KXBTC15M-26OCT050030-30,0.0180,41.59,yes
2026-10-05T04:27:42.734357Z,KXBTC15M-26OCT050030-30,0.0180,66.39,yes
2026-10-05T04:27:42.734357Z,KXBTC15M-26OCT050030-30,0.0180,8.00,yes
2026-10-05T04:27:42.734357Z,KXBTC15M-26OCT050030-30,0.0180,158.41,yes
2026-10-05T04:27:42.814719Z,KXBTC15M-26OCT050030-30,0.0180,51.98,yes
2026-10-05T04:27:42.910577Z,KXBTC15M-26OCT050030-30,0.0180,11.26,yes
2026-10-05T04:27:42.923445Z,KXBTC15M-26OCT050030-30,0.0180,500.00,yes
2026-10-05T04:27:42.923445Z,KXBTC15M-26OCT050030-30,0.0180,370.37,yes
2026-10-05T04:27:42.923445Z,KXBTC15M-26OCT050030-30,0.0180,0.01,yes
2026-10-05T04:27:42.923445Z,KXBTC15M-26OCT050030-30,0.0180,0.01,yes
2026-10-05T04:27:42.923445Z,KXBTC15M-26OCT050030-30,0.0180,13.00,yes
2026-10-05T04:27:42.923445Z,KXBTC15M-26OCT050030-30,0.0180,156.25,yes
2026-10-05T04:27:42.945639Z,KXBTC15M-26OCT050030-30,0.0160,228.96,no
2026-10-05T04:27:42.945639Z,KXBTC15M-26OCT050030-30,0.0170,1.00,no
2026-10-05T04:27:42.945639Z,KXBTC15M-26OCT050030-30,0.0160,5.76,no
2026-10-05T04:27:42.945639Z,KXBTC15M-26OCT050030-30,0.0170,0.01,no
2026-10-05T04:27:42.945639Z,KXBTC15M-26OCT050030-30,0.0160,1.00,no
2026-10-05T04:27:42.945639Z,KXBTC15M-26OCT050030-30,0.0170,0.01,no
2026-10-05T04:27:43.023166Z,KXBTC15M-26OCT050030-30,0.0170,1.00,no
2026-10-05T04:27:43.023166Z,KXBTC15M-26OCT050030-30,0.0170,0.01,no
2026-10-05T04:27:43.023166Z,KXBTC15M-26OCT050030-30,0.0170,0.01,no
2026-10-05T04:27:43.04114Z,KXBTC15M-26OCT050030-30,0.0170,51.98,yes
2026-10-05T04:27:43.099984Z,KXBTC15M-26OCT050030-30,0.0170,0.01,yes
2026-10-05T04:27:43.099984Z,KXBTC15M-26OCT050030-30,0.0170,0.01,yes
2026-10-05T04:27:43.099984Z,KXBTC15M-26OCT050030-30,0.0170,37.00,yes
2026-10-05T04:27:43.099984Z,KXBTC15M-26OCT050030-30,0.0170,66.94,yes
2026-10-05T04:27:43.211102Z,KXBTC15M-26OCT050030-30,0.0170,51.98,yes
2026-10-05T04:27:43.214679Z,KXBTC15M-26OCT050030-30,0.0170,172.00,yes
2026-10-05T04:27:43.221903Z,KXBTC15M-26OCT050030-30,0.0170,1.04,yes
2026-10-05T04:27:43.296981Z,KXBTC15M-26OCT050030-30,0.0170,0.01,yes
2026-10-05T04:27:43.296981Z,KXBTC15M-26OCT050030-30,0.0170,0.01,yes
2026-10-05T04:27:43.296981Z,KXBTC15M-26OCT050030-30,0.0180,12.97,yes
2026-10-05T04:27:43.328682Z,KXBTC15M-26OCT050030-30,0.0180,0.01,yes
2026-10-05T04:27:43.328682Z,KXBTC15M-26OCT050030-30,0.0190,294.39,yes
2026-10-05T04:27:43.328682Z,KXBTC15M-26OCT050030-30,0.0180,100.00,yes
2026-10-05T04:27:43.328682Z,KXBTC15M-26OCT050030-30,0.0180,0.01,yes
2026-10-05T04:27:43.328682Z,KXBTC15M-26OCT050030-30,0.0180,187.03,yes
2026-10-05T04:27:43.478195Z,KXBTC15M-26OCT050030-30,0.0180,50.00,no
2026-10-05T04:27:43.556444Z,KXBTC15M-26OCT050030-30,0.0190,21.83,yes
2026-10-05T04:27:43.825937Z,KXBTC15M-26OCT050030-30,0.0190,1.56,yes
2026-10-05T04:27:43.893899Z,KXBTC15M-26OCT050030-30,0.0190,90.43,yes
2026-10-05T04:27:43.893899Z,KXBTC15M-26OCT050030-30,0.0190,279.56,yes
2026-10-05T04:27:43.893899Z,KXBTC15M-26OCT050030-30,0.0190,100.00,yes
2026-10-05T04:27:43.893899Z,KXBTC15M-26OCT050030-30,0.0190,500.00,yes
2026-10-05T04:27:43.899796Z,KXBTC15M-26OCT050030-30,0.0180,100.00,no
2026-10-05T04:27:43.899796Z,KXBTC15M-26OCT050030-30,0.0180,255.94,no
2026-10-05T04:27:43.899796Z,KXBTC15M-26OCT050030-30,0.0180,0.01,no
2026-10-05T04:27:43.899796Z,KXBTC15M-26OCT050030-30,0.0180,0.01,no
2026-10-05T04:27:43.929395Z,KXBTC15M-26OCT050030-30,0.0190,2.91,yes
2026-10-05T04:27:44.017877Z,KXBTC15M-26OCT050030-30,0.0180,0.01,no
2026-10-05T04:27:44.017877Z,KXBTC15M-26OCT050030-30,0.0180,0.01,no
2026-10-05T04:27:44.017877Z,KXBTC15M-26OCT050030-30,0.0170,1.00,no
2026-10-05T04:27:44.017877Z,KXBTC15M-26OCT050030-30,0.0180,10.00,no
2026-10-05T04:27:44.017877Z,KXBTC15M-26OCT050030-30,0.0180,1.00,no
2026-10-05T04:27:44.050877Z,KXBTC15M-26OCT050030-30,0.0170,19.69,yes
2026-10-05T04:27:44.08132Z,KXBTC15M-26OCT050030-30,0.0170,4.92,yes
2026-10-05T04:27:44.086395Z,KXBTC15M-26OCT050030-30,0.0170,35.57,yes
2026-10-05T04:27:44.086395Z,KXBTC15M-26OCT050030-30,0.0170,13.37,yes
2026-10-05T04:27:44.101805Z,KXBTC15M-26OCT050030-30,0.0160,0.01,no
2026-10-05T04:27:44.101805Z,KXBTC15M-26OCT050030-30,0.0160,0.01,no
2026-10-05T04:27:44.101805Z,KXBTC15M-26OCT050030-30,0.0150,115.28,no
2026-10-05T04:27:44.101805Z,KXBTC15M-26OCT050030-30,0.0150,17.00,no
2026-10-05T04:27:44.101805Z,KXBTC15M-26OCT050030-30,0.0150,1.00,no
2026-10-05T04:27:44.101805Z,KXBTC15M-26OCT050030-30,0.0160,1.00,no
2026-10-05T04:27:44.101805Z,KXBTC15M-26OCT050030-30,0.0150,5.90,no
2026-10-05T04:27:44.101805Z,KXBTC15M-26OCT050030-30,0.0150,99.00,no
2026-10-05T04:27:44.109514Z,KXBTC15M-26OCT050030-30,0.0170,14.43,yes
2026-10-05T04:27:44.109514Z,KXBTC15M-26OCT050030-30,0.0170,98.36,yes
2026-10-05T04:27:44.109514Z,KXBTC15M-26OCT050030-30,0.0170,0.01,yes
2026-10-05T04:27:44.109514Z,KXBTC15M-26OCT050030-30,0.0170,0.01,yes
2026-10-05T04:27:44.265401Z,KXBTC15M-26OCT050030-30,0.0150,1.98,no
2026-10-05T04:27:44.318183Z,KXBTC15M-26OCT050030-30,0.0150,0.01,no
2026-10-05T04:27:44.318183Z,KXBTC15M-26OCT050030-30,0.0150,3.86,no
2026-10-05T04:27:44.318183Z,KXBTC15M-26OCT050030-30,0.0150,0.01,no
2026-10-05T04:27:44.318183Z,KXBTC15M-26OCT050030-30,0.0150,300.61,no
2026-10-05T04:27:44.379814Z,KXBTC15M-26OCT050030-30,0.0160,0.01,yes
2026-10-05T04:27:44.379814Z,KXBTC15M-26OCT050030-30,0.0160,0.01,yes
2026-10-05T04:27:44.379814Z,KXBTC15M-26OCT050030-30,0.0160,98.47,yes
2026-10-05T04:27:44.479006Z,KXBTC15M-26OCT050030-30,0.0160,34.00,yes
2026-10-05T04:27:44.537756Z,KXBTC15M-26OCT050030-30,0.0170,5.86,yes
2026-10-05T04:27:44.537756Z,KXBTC15M-26OCT050030-30,0.0160,0.01,yes
2026-10-05T04:27:44.537756Z,KXBTC15M-26OCT050030-30,0.0160,0.01,yes
2026-10-05T04:27:44.544221Z,KXBTC15M-26OCT050030-30,0.0160,52.83,no
2026-10-05T04:27:44.544221Z,KXBTC15M-26OCT050030-30,0.0160,150.00,no
2026-10-05T04:27:44.697482Z,KXBTC15M-26OCT050030-30,0.0160,0.01,no
2026-10-05T04:27:44.697482Z,KXBTC15M-26OCT050030-30,0.0160,0.98,no
2026-10-05T04:27:44.697482Z,KXBTC15M-26OCT050030-30,0.0160,0.01,no
2026-10-05T04:27:44.710875Z,KXBTC15M-26OCT050030-30,0.0170,1.65,yes
2026-10-05T04:27:44.755034Z,KXBTC15M-26OCT050030-30,0.0170,94.13,yes
2026-10-05T04:27:44.755034Z,KXBTC15M-26OCT050030-30,0.0170,129.80,yes
2026-10-05T04:27:44.755034Z,KXBTC15M-26OCT050030-30,0.0170,1.00,yes
2026-10-05T04:27:44.77652Z,KXBTC15M-26OCT050030-30,0.0170,33.00,yes
2026-10-05T04:27:45.037462Z,KXBTC15M-26OCT050030-30,0.0160,0.02,no
2026-10-05T04:27:45.037462Z,KXBTC15M-26OCT050030-30,0.0160,59.43,no
2026-10-05T04:27:45.180794Z,KXBTC15M-26OCT050030-30,0.0170,0.01,yes
2026-10-05T04:27:45.180794Z,KXBTC15M-26OCT050030-30,0.0170,0.01,yes
2026-10-05T04:27:45.180794Z,KXBTC15M-26OCT050030-30,0.0170,26.94,yes
2026-10-05T04:27:45.225232Z,KXBTC15M-26OCT050030-30,0.0160,16.18,no
2026-10-05T04:27:45.300959Z,KXBTC15M-26OCT050030-30,0.0160,76.07,no
2026-10-05T04:27:45.32977Z,KXBTC15M-26OCT050030-30,0.0170,73.06,yes
2026-10-05T04:27:45.32977Z,KXBTC15M-26OCT050030-30,0.0170,1.90,yes
2026-10-05T04:27:45.32977Z,KXBTC15M-26OCT050030-30,0.0170,133.00,yes
2026-10-05T04:27:45.32977Z,KXBTC15M-26OCT050030-30,0.0170,0.01,yes
2026-10-05T04:27:45.32977Z,KXBTC15M-26OCT050030-30,0.0170,0.01,yes
2026-10-05T04:27:45.32977Z,KXBTC15M-26OCT050030-30,0.0170,100.00,yes
2026-10-05T04:27:45.339978Z,KXBTC15M-26OCT050030-30,0.0170,18.93,yes
2026-10-05T04:27:45.388815Z,KXBTC15M-26OCT050030-30,0.0160,42.78,no
2026-10-05T04:27:45.420992Z,KXBTC15M-26OCT050030-30,0.0170,51.48,yes
2026-10-05T04:27:45.554421Z,KXBTC15M-26OCT050030-30,0.0170,35.39,yes
2026-10-05T04:27:45.554421Z,KXBTC15M-26OCT050030-30,0.0170,18.52,yes
2026-10-05T04:27:45.554421Z,KXBTC15M-26OCT050030-30,0.0170,0.01,yes
2026-10-05T04:27:45.554421Z,KXBTC15M-26OCT050030-30,0.0170,0.01,yes
2026-10-05T04:27:45.616665Z,KXBTC15M-26OCT050030-30,0.0170,74.97,yes
2026-10-05T04:27:45.670674Z,KXBTC15M-26OCT050030-30,0.0170,51.48,yes
2026-10-05T04:27:45.6913Z,KXBTC15M-26OCT050030-30,0.0170,161.80,yes
2026-10-05T04:27:45.717703Z,KXBTC15M-26OCT050030-30,0.0190,82.46,yes
2026-10-05T04:27:45.717703Z,KXBTC15M-26OCT050030-30,0.0180,1000.00,yes
2026-10-05T04:27:45.717703Z,KXBTC15M-26OCT050030-30,0.0180,200.00,yes
2026-10-05T04:27:45.717703Z,KXBTC15M-26OCT050030-30,0.0190,2.00,yes
2026-10-05T04:27:45.717703Z,KXBTC15M-26OCT050030-30,0.0170,0.01,yes
2026-10-05T04:27:45.717703Z,KXBTC15M-26OCT050030-30,0.0170,0.01,yes
2026-10-05T04:27:46.091464Z,KXBTC15M-26OCT050030-30,0.0180,419.09,yes
2026-10-05T04:27:46.091464Z,KXBTC15M-26OCT050030-30,0.0180,1.00,yes
2026-10-05T04:27:46.091464Z,KXBTC15M-26OCT050030-30,0.0180,100.00,yes
2026-10-05T04:27:46.091464Z,KXBTC15M-26OCT050030-30,0.0180,0.01,yes
2026-10-05T04:27:46.091464Z,KXBTC15M-26OCT050030-30,0.0180,35.00,yes
2026-10-05T04:27:46.091464Z,KXBTC15M-26OCT050030-30,0.0180,0.01,yes
2026-10-05T04:27:46.091464Z,KXBTC15M-26OCT050030-30,0.0180,13.00,yes
2026-10-05T04:27:46.091464Z,KXBTC15M-26OCT050030-30,0.0180,400.00,yes
2026-10-05T04:27:46.09288Z,KXBTC15M-26OCT050030-30,0.0180,5.46,yes
2026-10-05T04:27:46.093936Z,KXBTC15M-26OCT050030-30,0.0180,51.98,yes
2026-10-05T04:27:46.184005Z,KXBTC15M-26OCT050030-30,0.0160,1.08,no
2026-10-05T04:27:46.184005Z,KXBTC15M-26OCT050030-30,0.0160,227.54,no
2026-10-05T04:27:46.184005Z,KXBTC15M-26OCT050030-30,0.0160,5.84,no
2026-10-05T04:27:46.184005Z,KXBTC15M-26OCT050030-30,0.0170,0.01,no
2026-10-05T04:27:46.184005Z,KXBTC15M-26OCT050030-30,0.0170,1.00,no
2026-10-05T04:27:46.184005Z,KXBTC15M-26OCT050030-30,0.0170,0.01,no
2026-10-05T04:27:46.184005Z,KXBTC15M-26OCT050030-30,0.0160,1.00,no
2026-10-05T04:27:46.22033Z,KXBTC15M-26OCT050030-30,0.0160,59.00,no
2026-10-05T04:27:46.274052Z,KXBTC15M-26OCT050030-30,0.0170,53.59,yes
2026-10-05T04:27:46.299346Z,KXBTC15M-26OCT050030-30,0.0170,69.51,yes
2026-10-05T04:27:46.329218Z,KXBTC15M-26OCT050030-30,0.0170,25.08,yes
2026-10-05T04:27:46.329218Z,KXBTC15M-26OCT050030-30,0.0170,26.90,yes
2026-10-05T04:27:46.456583Z,KXBTC15M-26OCT050030-30,0.0160,19.50,no
2026-10-05T04:27:46.482391Z,KXBTC15M-26OCT050030-30,0.0160,30.45,no
2026-10-05T04:27:46.50379Z,KXBTC15M-26OCT050030-30,0.0170,11.06,yes
2026-10-05T04:27:46.50379Z,KXBTC15M-26OCT050030-30,0.0170,0.01,yes
2026-10-05T04:27:46.50379Z,KXBTC15M-26OCT050030-30,0.0170,174.92,yes
2026-10-05T04:27:46.50379Z,KXBTC15M-26OCT050030-30,0.0170,0.01,yes
2026-10-05T04:27:46.558945Z,KXBTC15M-26OCT050030-30,0.0170,88.94,yes
2026-10-05T04:27:46.558945Z,KXBTC15M-26OCT050030-30,0.0170,15.02,yes
2026-10-05T04:27:46.572988Z,KXBTC15M-26OCT050030-30,0.0170,103.96,yes
2026-10-05T04:27:46.7156Z,KXBTC15M-26OCT050030-30,0.0170,53.93,yes
2026-10-05T04:27:46.757104Z,KXBTC15M-26OCT050030-30,0.0170,110.07,yes
2026-10-05T04:27:46.803343Z,KXBTC15M-26OCT050030-30,0.0170,83.10,yes
2026-10-05T04:27:46.819715Z,KXBTC15M-26OCT050030-30,0.0160,0.01,no
2026-10-05T04:27:46.819715Z,KXBTC15M-26OCT050030-30,0.0160,195.62,no
2026-10-05T04:27:46.819715Z,KXBTC15M-26OCT050030-30,0.0160,0.01,no
2026-10-05T04:27:46.82809Z,KXBTC15M-26OCT050030-30,0.0150,1.00,no
2026-10-05T04:27:46.82809Z,KXBTC15M-26OCT050030-30,0.0150,437.00,no
2026-10-05T04:27:46.927072Z,KXBTC15M-26OCT050030-30,0.0150,0.01,no
2026-10-05T04:27:46.927325Z,KXBTC15M-26OCT050030-30,0.0160,100.00,yes
2026-10-05T04:27:46.927325Z,KXBTC15M-26OCT050030-30,0.0160,0.01,yes
2026-10-05T04:27:46.927325Z,KXBTC15M-26OCT050030-30,0.0160,0.01,yes
2026-10-05T04:27:46.927325Z,KXBTC15M-26OCT050030-30,0.0160,10.05,yes
2026-10-05T04:27:46.929552Z,KXBTC15M-26OCT050030-30,0.0150,0.01,no
2026-10-05T04:27:46.931629Z,KXBTC15M-26OCT050030-30,0.0140,58.55,no
2026-10-05T04:27:46.931629Z,KXBTC15M-26OCT050030-30,0.0140,307.76,no
2026-10-05T04:27:46.932036Z,KXBTC15M-26OCT050030-30,0.0140,10.09,no
2026-10-05T04:27:46.935265Z,KXBTC15M-26OCT050030-30,0.0140,17.64,no
2026-10-05T04:27:46.935265Z,KXBTC15M-26OCT050030-30,0.0140,1.00,no
2026-10-05T04:27:46.935265Z,KXBTC15M-26OCT050030-30,0.0140,81.36,no
2026-10-05T04:27:46.935948Z,KXBTC15M-26OCT050030-30,0.0140,0.02,no
2026-10-05T04:27:46.937866Z,KXBTC15M-26OCT050030-30,0.0140,18.00,no
2026-10-05T04:27:46.937914Z,KXBTC15M-26OCT050030-30,0.0140,100.00,no
2026-10-05T04:27:46.938024Z,KXBTC15M-26OCT050030-30,0.0140,22.00,no
2026-10-05T04:27:46.94948Z,KXBTC15M-26OCT050030-30,0.0140,0.01,no
2026-10-05T04:27:46.94948Z,KXBTC15M-26OCT050030-30,0.0140,0.02,no
2026-10-05T04:27:46.94948Z,KXBTC15M-26OCT050030-30,0.0140,13.00,no
2026-10-05T04:27:46.94948Z,KXBTC15M-26OCT050030-30,0.0140,0.01,no
2026-10-05T04:27:46.94948Z,KXBTC15M-26OCT050030-30,0.0140,400.00,no
2026-10-05T04:27:46.94948Z,KXBTC15M-26OCT050030-30,0.0140,226.34,no
2026-10-05T04:27:46.970675Z,KXBTC15M-26OCT050030-30,0.0140,12.06,yes
2026-10-05T04:27:46.970675Z,KXBTC15M-26OCT050030-30,0.0140,1.01,yes
2026-10-05T04:27:46.970675Z,KXBTC15M-26OCT050030-30,0.0140,1.00,yes
2026-10-05T04:27:47.032247Z,KXBTC15M-26OCT050030-30,0.0140,275.18,yes
2026-10-05T04:27:47.073464Z,KXBTC15M-26OCT050030-30,0.0140,100.00,yes
2026-10-05T04:27:47.073464Z,KXBTC15M-26OCT050030-30,0.0140,1.00,yes
2026-10-05T04:27:47.073464Z,KXBTC15M-26OCT050030-30,0.0140,0.01,yes
2026-10-05T04:27:47.073464Z,KXBTC15M-26OCT050030-30,0.0140,200.00,yes
2026-10-05T04:27:47.073464Z,KXBTC15M-26OCT050030-30,0.0140,0.01,yes
2026-10-05T04:27:47.073464Z,KXBTC15M-26OCT050030-30,0.0140,332.96,yes
2026-10-05T04:27:47.073464Z,KXBTC15M-26OCT050030-30,0.0140,637.00,yes
2026-10-05T04:27:47.084004Z,KXBTC15M-26OCT050030-30,0.0130,9.94,no
2026-10-05T04:27:47.109507Z,KXBTC15M-26OCT050030-30,0.0130,97.44,no
2026-10-05T04:27:47.110752Z,KXBTC15M-26OCT050030-30,0.0130,1.78,no
2026-10-05T04:27:47.135319Z,KXBTC15M-26OCT050030-30,0.0140,10.00,yes
2026-10-05T04:27:47.135319Z,KXBTC15M-26OCT050030-30,0.0140,2.00,yes
2026-10-05T04:27:47.135319Z,KXBTC15M-26OCT050030-30,0.0140,96.07,yes
2026-10-05T04:27:47.135319Z,KXBTC15M-26OCT050030-30,0.0140,2.00,yes
2026-10-05T04:27:47.136206Z,KXBTC15M-26OCT050030-30,0.0130,1.27,no
2026-10-05T04:27:47.175273Z,KXBTC15M-26OCT050030-30,0.0130,20.00,no
2026-10-05T04:27:47.175356Z,KXBTC15M-26OCT050030-30,0.0130,9.00,no
2026-10-05T04:27:47.18092Z,KXBTC15M-26OCT050030-30,0.0140,0.01,yes
2026-10-05T04:27:47.18092Z,KXBTC15M-26OCT050030-30,0.0140,2.05,yes
2026-10-05T04:27:47.18092Z,KXBTC15M-26OCT050030-30,0.0140,0.01,yes
2026-10-05T04:27:47.18092Z,KXBTC15M-26OCT050030-30,0.0140,3.93,yes
2026-10-05T04:27:47.194316Z,KXBTC15M-26OCT050030-30,0.0140,1.00,yes
2026-10-05T04:27:47.215182Z,KXBTC15M-26OCT050030-30,0.0140,6.89,yes
2026-10-05T04:27:47.215182Z,KXBTC15M-26OCT050030-30,0.0140,45.09,yes
2026-10-05T04:27:47.26079Z,KXBTC15M-26OCT050030-30,0.0140,32.73,yes
2026-10-05T04:27:47.285241Z,KXBTC15M-26OCT050030-30,0.0140,92.76,yes
2026-10-05T04:27:47.329991Z,KXBTC15M-26OCT050030-30,0.0140,33.06,yes
2026-10-05T04:27:47.329991Z,KXBTC15M-26OCT050030-30,0.0140,32.42,yes
2026-10-05T04:27:47.358883Z,KXBTC15M-26OCT050030-30,0.0130,116.57,no
2026-10-05T04:27:47.358883Z,KXBTC15M-26OCT050030-30,0.0130,39.74,no
2026-10-05T04:27:47.413423Z,KXBTC15M-26OCT050030-30,0.0140,65.48,yes
2026-10-05T04:27:47.4299Z,KXBTC15M-26OCT050030-30,0.0130,10.12,no
2026-10-05T04:27:47.442829Z,KXBTC15M-26OCT050030-30,0.0130,1.00,no
2026-10-05T04:27:47.523619Z,KXBTC15M-26OCT050030-30,0.0140,250.00,yes
2026-10-05T04:27:47.546348Z,KXBTC15M-26OCT050030-30,0.0140,51.46,yes
2026-10-05T04:27:47.546348Z,KXBTC15M-26OCT050030-30,0.0140,80.20,yes
2026-10-05T04:27:47.585631Z,KXBTC15M-26OCT050030-30,0.0140,1.41,yes
2026-10-05T04:27:47.598157Z,KXBTC15M-26OCT050030-30,0.0140,126.88,yes
2026-10-05T04:27:47.598157Z,KXBTC15M-26OCT050030-30,0.0140,15.83,yes
2026-10-05T04:27:47.663991Z,KXBTC15M-26OCT050030-30,0.0140,59.51,yes
2026-10-05T04:27:47.663991Z,KXBTC15M-26OCT050030-30,0.0140,1.00,yes
2026-10-05T04:27:47.663991Z,KXBTC15M-26OCT050030-30,0.0140,73.12,yes
2026-10-05T04:27:47.672426Z,KXBTC15M-26OCT050030-30,0.0130,0.30,no
2026-10-05T04:27:47.691641Z,KXBTC15M-26OCT050030-30,0.0140,0.01,yes
2026-10-05T04:27:47.691641Z,KXBTC15M-26OCT050030-30,0.0140,8.24,yes
2026-10-05T04:27:47.691641Z,KXBTC15M-26OCT050030-30,0.0140,1.78,yes
2026-10-05T04:27:47.691641Z,KXBTC15M-26OCT050030-30,0.0140,100.00,yes
2026-10-05T04:27:47.691641Z,KXBTC15M-26OCT050030-30,0.0140,0.01,yes
2026-10-05T04:27:47.691641Z,KXBTC15M-26OCT050030-30,0.0140,1.27,yes
2026-10-05T04:27:47.71857Z,KXBTC15M-26OCT050030-30,0.0140,10.81,yes
2026-10-05T04:27:47.779562Z,KXBTC15M-26OCT050030-30,0.0130,1.00,no
2026-10-05T04:27:47.8095Z,KXBTC15M-26OCT050030-30,0.0140,7.05,yes
2026-10-05T04:27:47.8095Z,KXBTC15M-26OCT050030-30,0.0140,0.95,yes
2026-10-05T04:27:47.860119Z,KXBTC15M-26OCT050030-30,0.0140,36.53,yes
2026-10-05T04:27:47.860119Z,KXBTC15M-26OCT050030-30,0.0140,17.00,yes
2026-10-05T04:27:47.860119Z,KXBTC15M-26OCT050030-30,0.0140,10.00,yes
2026-10-05T04:27:47.860119Z,KXBTC15M-26OCT050030-30,0.0140,1.95,yes
2026-10-05T04:27:47.921223Z,KXBTC15M-26OCT050030-30,0.0140,10.79,yes
2026-10-05T04:27:47.926488Z,KXBTC15M-26OCT050030-30,0.0140,196.00,yes
2026-10-05T04:27:47.926488Z,KXBTC15M-26OCT050030-30,0.0150,81.36,yes
2026-10-05T04:27:47.926488Z,KXBTC15M-26OCT050030-30,0.0160,2.00,yes
2026-10-05T04:27:47.926488Z,KXBTC15M-26OCT050030-30,0.0150,58.55,yes
2026-10-05T04:27:47.926488Z,KXBTC15M-26OCT050030-30,0.0160,2.00,yes
2026-10-05T04:27:47.926488Z,KXBTC15M-26OCT050030-30,0.0180,90.00,yes
2026-10-05T04:27:47.926488Z,KXBTC15M-26OCT050030-30,0.0150,307.76,yes
2026-10-05T04:27:47.926488Z,KXBTC15M-26OCT050030-30,0.0160,0.02,yes
2026-10-05T04:27:47.926488Z,KXBTC15M-26OCT050030-30,0.0160,226.34,yes
2026-10-05T04:27:47.926488Z,KXBTC15M-26OCT050030-30,0.0150,10.09,yes
2026-10-05T04:27:47.926488Z,KXBTC15M-26OCT050030-30,0.0160,18.00,yes
2026-10-05T04:27:47.926488Z,KXBTC15M-26OCT050030-30,0.0160,22.00,yes
2026-10-05T04:27:47.926488Z,KXBTC15M-26OCT050030-30,0.0190,4.48,yes
2026-10-05T04:27:47.926488Z,KXBTC15M-26OCT050030-30,0.0160,17.64,yes
2026-10-05T04:27:47.926488Z,KXBTC15M-26OCT050030-30,0.0160,100.00,yes
2026-10-05T04:27:47.926488Z,KXBTC15M-26OCT050030-30,0.0150,93.75,yes
2026-10-05T04:27:47.926488Z,KXBTC15M-26OCT050030-30,0.0140,200.00,yes
2026-10-05T04:27:47.926488Z,KXBTC15M-26OCT050030-30,0.0140,10.12,yes
2026-10-05T04:27:47.926488Z,KXBTC15M-26OCT050030-30,0.0140,1.00,yes
2026-10-05T04:27:47.926488Z,KXBTC15M-26OCT050030-30,0.0140,400.00,yes
2026-10-05T04:27:47.926488Z,KXBTC15M-26OCT050030-30,0.0150,64.00,yes
2026-10-05T04:27:47.926488Z,KXBTC15M-26OCT050030-30,0.0140,0.01,yes
2026-10-05T04:27:47.926488Z,KXBTC15M-26OCT050030-30,0.0150,93.75,yes
2026-10-05T04:27:47.926488Z,KXBTC15M-26OCT050030-30,0.0140,42.68,yes
2026-10-05T04:27:47.926488Z,KXBTC15M-26OCT050030-30,0.0150,419.15,yes
2026-10-05T04:27:47.926488Z,KXBTC15M-26OCT050030-30,0.0140,100.00,yes
2026-10-05T04:27:47.926488Z,KXBTC15M-26OCT050030-30,0.0180,2.00,yes
2026-10-05T04:27:47.926488Z,KXBTC15M-26OCT050030-30,0.0140,1.00,yes
2026-10-05T04:27:47.926488Z,KXBTC15M-26OCT050030-30,0.0150,200.00,yes
2026-10-05T04:27:47.926488Z,KXBTC15M-26OCT050030-30,0.0140,0.01,yes
2026-10-05T04:27:47.926488Z,KXBTC15M-26OCT050030-30,0.0140,39.74,yes
2026-10-05T04:27:47.926488Z,KXBTC15M-26OCT050030-30,0.0150,248.49,yes
2026-10-05T04:27:47.926488Z,KXBTC15M-26OCT050030-30,0.0150,64.00,yes
2026-10-05T04:27:47.926488Z,KXBTC15M-26OCT050030-30,0.0140,0.30,yes
2026-10-05T04:27:47.926488Z,KXBTC15M-26OCT050030-30,0.0150,15.00,yes
2026-10-05T04:27:47.926488Z,KXBTC15M-26OCT050030-30,0.0140,95.00,yes
2026-10-05T04:27:47.926488Z,KXBTC15M-26OCT050030-30,0.0140,42.00,yes
2026-10-05T04:27:47.926488Z,KXBTC15M-26OCT050030-30,0.0150,1000.00,yes
2026-10-05T04:27:47.926488Z,KXBTC15M-26OCT050030-30,0.0140,116.57,yes
2026-10-05T04:27:47.927714Z,KXBTC15M-26OCT050030-30,0.0130,20.62,no
2026-10-05T04:27:47.938297Z,KXBTC15M-26OCT050030-30,0.0140,200.00,yes
2026-10-05T04:27:47.938297Z,KXBTC15M-26OCT050030-30,0.0140,0.01,yes
2026-10-05T04:27:47.938297Z,KXBTC15M-26OCT050030-30,0.0140,10.00,yes
2026-10-05T04:27:47.938297Z,KXBTC15M-26OCT050030-30,0.0140,0.01,yes
2026-10-05T04:27:47.941843Z,KXBTC15M-26OCT050030-30,0.0140,24.00,no
2026-10-05T04:27:48.017778Z,KXBTC15M-26OCT050030-30,0.0150,0.01,yes
2026-10-05T04:27:48.017778Z,KXBTC15M-26OCT050030-30,0.0150,0.01,yes
2026-10-05T04:27:48.017778Z,KXBTC15M-26OCT050030-30,0.0150,42.55,yes
2026-10-05T04:27:48.057575Z,KXBTC15M-26OCT050030-30,0.0150,57.45,yes
2026-10-05T04:27:48.057575Z,KXBTC15M-26OCT050030-30,0.0150,15.00,yes
2026-10-05T04:27:48.057575Z,KXBTC15M-26OCT050030-30,0.0150,34.55,yes
2026-10-05T04:27:48.163439Z,KXBTC15M-26OCT050030-30,0.0140,3.26,no
2026-10-05T04:27:48.163439Z,KXBTC15M-26OCT050030-30,0.0140,0.01,no
2026-10-05T04:27:48.163439Z,KXBTC15M-26OCT050030-30,0.0140,0.01,no
2026-10-05T04:27:48.281747Z,KXBTC15M-26OCT050030-30,0.0150,7.00,yes
2026-10-05T04:27:48.388078Z,KXBTC15M-26OCT050030-30,0.0140,100.36,no
2026-10-05T04:27:48.388078Z,KXBTC15M-26OCT050030-30,0.0140,9.74,no
2026-10-05T04:27:48.419109Z,KXBTC15M-26OCT050030-30,0.0150,5.14,yes
2026-10-05T04:27:48.422783Z,KXBTC15M-26OCT050030-30,0.0150,47.06,yes
2026-10-05T04:27:48.422783Z,KXBTC15M-26OCT050030-30,0.0150,15.30,yes
2026-10-05T04:27:48.451206Z,KXBTC15M-26OCT050030-30,0.0140,9.74,no
2026-10-05T04:27:48.451206Z,KXBTC15M-26OCT050030-30,0.0140,3.26,no
2026-10-05T04:27:48.451206Z,KXBTC15M-26OCT050030-30,0.0140,0.01,no
2026-10-05T04:27:48.451206Z,KXBTC15M-26OCT050030-30,0.0140,0.01,no
2026-10-05T04:27:48.451206Z,KXBTC15M-26OCT050030-30,0.0130,265.76,no
2026-10-05T04:27:48.451206Z,KXBTC15M-26OCT050030-30,0.0130,25.00,no
2026-10-05T04:27:48.451206Z,KXBTC15M-26OCT050030-30,0.0130,256.00,no
2026-10-05T04:27:48.451206Z,KXBTC15M-26OCT050030-30,0.0130,1.00,no
2026-10-05T04:27:48.451206Z,KXBTC15M-26OCT050030-30,0.0130,183.22,no
2026-10-05T04:27:48.451206Z,KXBTC15M-26OCT050030-30,0.0130,256.00,no
2026-10-05T04:27:48.473104Z,KXBTC15M-26OCT050030-30,0.0130,250.00,no
2026-10-05T04:27:48.475134Z,KXBTC15M-26OCT050030-30,0.0130,100.00,no
2026-10-05T04:27:48.627699Z,KXBTC15M-26OCT050030-30,0.0140,3.04,yes
2026-10-05T04:27:48.629863Z,KXBTC15M-26OCT050030-30,0.0140,10.00,yes
2026-10-05T04:27:48.649195Z,KXBTC15M-26OCT050030-30,0.0140,55.45,yes
2026-10-05T04:27:48.649195Z,KXBTC15M-26OCT050030-30,0.0140,150.00,yes
2026-10-05T04:27:48.649195Z,KXBTC15M-26OCT050030-30,0.0140,136.96,yes
2026-10-05T04:27:48.649195Z,KXBTC15M-26OCT050030-30,0.0140,150.00,yes
2026-10-05T04:27:48.650012Z,KXBTC15M-26OCT050030-30,0.0140,94.55,yes
2026-10-05T04:27:48.650012Z,KXBTC15M-26OCT050030-30,0.0140,71.18,yes
2026-10-05T04:27:48.673497Z,KXBTC15M-26OCT050030-30,0.0140,141.00,yes
2026-10-05T04:27:48.673497Z,KXBTC15M-26OCT050030-30,0.0140,10.00,yes
2026-10-05T04:27:48.673497Z,KXBTC15M-26OCT050030-30,0.0140,15.00,yes
2026-10-05T04:27:48.673497Z,KXBTC15M-26OCT050030-30,0.0140,200.00,yes
2026-10-05T04:27:48.673497Z,KXBTC15M-26OCT050030-30,0.0140,100.00,yes
2026-10-05T04:27:48.673497Z,KXBTC15M-26OCT050030-30,0.0140,78.82,yes
2026-10-05T04:27:48.673497Z,KXBTC15M-26OCT050030-30,0.0140,175.16,yes
2026-10-05T04:27:48.673497Z,KXBTC15M-26OCT050030-30,0.0140,0.01,yes
2026-10-05T04:27:48.673497Z,KXBTC15M-26OCT050030-30,0.0140,0.01,yes
2026-10-05T04:27:48.673497Z,KXBTC15M-26OCT050030-30,0.0140,15.00,yes
2026-10-05T04:27:48.684239Z,KXBTC15M-26OCT050030-30,0.0140,30.03,yes
2026-10-05T04:27:48.700648Z,KXBTC15M-26OCT050030-30,0.0140,62.36,yes
2026-10-05T04:27:48.74994Z,KXBTC15M-26OCT050030-30,0.0140,179.38,yes
2026-10-05T04:27:48.74994Z,KXBTC15M-26OCT050030-30,0.0140,132.45,yes
2026-10-05T04:27:48.830404Z,KXBTC15M-26OCT050030-30,0.0130,28.60,no
2026-10-05T04:27:48.874299Z,KXBTC15M-26OCT050030-30,0.0130,145.97,no
2026-10-05T04:27:48.90556Z,KXBTC15M-26OCT050030-30,0.0140,29.93,yes
2026-10-05T04:27:48.937537Z,KXBTC15M-26OCT050030-30,0.0140,76.97,yes
2026-10-05T04:27:48.937537Z,KXBTC15M-26OCT050030-30,0.0140,46.69,yes
2026-10-05T04:27:48.937537Z,KXBTC15M-26OCT050030-30,0.0140,500.00,yes
2026-10-05T04:27:48.940573Z,KXBTC15M-26OCT050030-30,0.0140,2.64,yes
2026-10-05T04:27:48.973704Z,KXBTC15M-26OCT050030-30,0.0130,519.00,no
2026-10-05T04:27:48.973704Z,KXBTC15M-26OCT050030-30,0.0130,0.01,no
2026-10-05T04:27:48.973704Z,KXBTC15M-26OCT050030-30,0.0130,0.01,no
2026-10-05T04:27:48.973704Z,KXBTC15M-26OCT050030-30,0.0130,15.00,no
2026-10-05T04:27:48.973704Z,KXBTC15M-26OCT050030-30,0.0130,14.00,no
2026-10-05T04:27:48.973704Z,KXBTC15M-26OCT050030-30,0.0130,15.00,no
2026-10-05T04:27:48.973704Z,KXBTC15M-26OCT050030-30,0.0130,100.00,no
2026-10-05T04:27:48.973704Z,KXBTC15M-26OCT050030-30,0.0130,209.67,no
2026-10-05T04:27:48.973704Z,KXBTC15M-26OCT050030-30,0.0120,1858.19,no
2026-10-05T04:27:49.005349Z,KXBTC15M-26OCT050030-30,0.0130,10.00,yes
2026-10-05T04:27:49.005349Z,KXBTC15M-26OCT050030-30,0.0130,0.01,yes
2026-10-05T04:27:49.005349Z,KXBTC15M-26OCT050030-30,0.0130,100.00,yes
2026-10-05T04:27:49.005349Z,KXBTC15M-26OCT050030-30,0.0130,23.61,yes
2026-10-05T04:27:49.005349Z,KXBTC15M-26OCT050030-30,0.0130,0.01,yes
2026-10-05T04:27:49.020576Z,KXBTC15M-26OCT050030-30,0.0120,40.80,no
2026-10-05T04:27:49.020926Z,KXBTC15M-26OCT050030-30,0.0120,40.80,no
2026-10-05T04:27:49.023457Z,KXBTC15M-26OCT050030-30,0.0120,370.00,no
2026-10-05T04:27:49.025142Z,KXBTC15M-26OCT050030-30,0.0120,100.00,no
2026-10-05T04:27:49.026429Z,KXBTC15M-26OCT050030-30,0.0120,0.02,no
2026-10-05T04:27:49.036774Z,KXBTC15M-26OCT050030-30,0.0120,0.03,no
2026-10-05T04:27:49.037394Z,KXBTC15M-26OCT050030-30,0.0120,0.02,no
2026-10-05T04:27:49.061511Z,KXBTC15M-26OCT050030-30,0.0120,212.86,no
2026-10-05T04:27:49.061511Z,KXBTC15M-26OCT050030-30,0.0120,90.14,no
2026-10-05T04:27:49.141825Z,KXBTC15M-26OCT050030-30,0.0130,6.68,yes
2026-10-05T04:27:49.149228Z,KXBTC15M-26OCT050030-30,0.0130,1.34,yes
2026-10-05T04:27:49.315926Z,KXBTC15M-26OCT050030-30,0.0130,143.84,yes
2026-10-05T04:27:49.330746Z,KXBTC15M-26OCT050030-30,0.0130,15.00,yes
2026-10-05T04:27:49.330746Z,KXBTC15M-26OCT050030-30,0.0130,224.53,yes
2026-10-05T04:27:49.330746Z,KXBTC15M-26OCT050030-30,0.0130,15.00,yes
2026-10-05T04:27:49.330746Z,KXBTC15M-26OCT050030-30,0.0130,45.47,yes
2026-10-05T04:27:49.393597Z,KXBTC15M-26OCT050030-30,0.0120,9.96,no
2026-10-05T04:27:49.445912Z,KXBTC15M-26OCT050030-30,0.0130,0.01,yes
2026-10-05T04:27:49.445912Z,KXBTC15M-26OCT050030-30,0.0130,8.91,yes
2026-10-05T04:27:49.445912Z,KXBTC15M-26OCT050030-30,0.0130,0.01,yes
2026-10-05T04:27:49.445912Z,KXBTC15M-26OCT050030-30,0.0130,54.53,yes
2026-10-05T04:27:49.449132Z,KXBTC15M-26OCT050030-30,0.0120,40.00,no
2026-10-05T04:27:49.535252Z,KXBTC15M-26OCT050030-30,0.0130,0.30,yes
2026-10-05T04:27:49.576709Z,KXBTC15M-26OCT050030-30,0.0130,66.82,yes
2026-10-05T04:27:49.584674Z,KXBTC15M-26OCT050030-30,0.0120,256.00,no
2026-10-05T04:27:49.584674Z,KXBTC15M-26OCT050030-30,0.0120,256.00,no
2026-10-05T04:27:49.584674Z,KXBTC15M-26OCT050030-30,0.0120,67.18,no
2026-10-05T04:27:49.584674Z,KXBTC15M-26OCT050030-30,0.0120,256.00,no
2026-10-05T04:27:49.584674Z,KXBTC15M-26OCT050030-30,0.0120,164.82,no
2026-10-05T04:27:49.619683Z,KXBTC15M-26OCT050030-30,0.0120,0.01,no
2026-10-05T04:27:49.619683Z,KXBTC15M-26OCT050030-30,0.0120,1.00,no
2026-10-05T04:27:49.619683Z,KXBTC15M-26OCT050030-30,0.0120,15.00,no
2026-10-05T04:27:49.619683Z,KXBTC15M-26OCT050030-30,0.0120,15.00,no
2026-10-05T04:27:49.619683Z,KXBTC15M-26OCT050030-30,0.0120,500.00,no
2026-10-05T04:27:49.619683Z,KXBTC15M-26OCT050030-30,0.0120,15.00,no
2026-10-05T04:27:49.619683Z,KXBTC15M-26OCT050030-30,0.0120,393.52,no
2026-10-05T04:27:49.619683Z,KXBTC15M-26OCT050030-30,0.0120,0.01,no
2026-10-05T04:27:49.619683Z,KXBTC15M-26OCT050030-30,0.0120,338.56,no
2026-10-05T04:27:49.619683Z,KXBTC15M-26OCT050030-30,0.0120,3141.00,no
2026-10-05T04:27:49.619683Z,KXBTC15M-26OCT050030-30,0.0120,91.18,no
2026-10-05T04:27:49.749898Z,KXBTC15M-26OCT050030-30,0.0130,16.21,yes
2026-10-05T04:27:49.761208Z,KXBTC15M-26OCT050030-30,0.0130,411.76,yes
2026-10-05T04:27:49.761208Z,KXBTC15M-26OCT050030-30,0.0130,91.90,yes
2026-10-05T04:27:49.788736Z,KXBTC15M-26OCT050030-30,0.0130,71.95,yes
2026-10-05T04:27:49.830153Z,KXBTC15M-26OCT050030-30,0.0120,0.99,no
2026-10-05T04:27:49.830153Z,KXBTC15M-26OCT050030-30,0.0120,0.01,no
2026-10-05T04:27:49.830153Z,KXBTC15M-26OCT050030-30,0.0120,0.01,no
2026-10-05T04:27:49.898741Z,KXBTC15M-26OCT050030-30,0.0130,7.10,yes
2026-10-05T04:27:50.034456Z,KXBTC15M-26OCT050030-30,0.0120,0.01,no
2026-10-05T04:27:50.034456Z,KXBTC15M-26OCT050030-30,0.0120,287.78,no
2026-10-05T04:27:50.034456Z,KXBTC15M-26OCT050030-30,0.0120,0.01,no
2026-10-05T04:27:50.034456Z,KXBTC15M-26OCT050030-30,0.0110,731.65,no
2026-10-05T04:27:50.042741Z,KXBTC15M-26OCT050030-30,0.0110,10.00,no
2026-10-05T04:27:50.072006Z,KXBTC15M-26OCT050030-30,0.0110,29.79,no
2026-10-05T04:27:50.110672Z,KXBTC15M-26OCT050030-30,0.0120,5.84,yes
2026-10-05T04:27:50.110672Z,KXBTC15M-26OCT050030-30,0.0120,0.01,yes
2026-10-05T04:27:50.110672Z,KXBTC15M-26OCT050030-30,0.0120,0.01,yes
2026-10-05T04:27:50.110672Z,KXBTC15M-26OCT050030-30,0.0120,200.00,yes
2026-10-05T04:27:50.110672Z,KXBTC15M-26OCT050030-30,0.0120,10.00,yes
2026-10-05T04:27:50.120712Z,KXBTC15M-26OCT050030-30,0.0120,400.00,yes
2026-10-05T04:27:50.120712Z,KXBTC15M-26OCT050030-30,0.0120,15.00,yes
2026-10-05T04:27:50.120712Z,KXBTC15M-26OCT050030-30,0.0120,5.52,yes
2026-10-05T04:27:50.120712Z,KXBTC15M-26OCT050030-30,0.0120,15.00,yes
2026-10-05T04:27:50.120712Z,KXBTC15M-26OCT050030-30,0.0120,94.16,yes
2026-10-05T04:27:50.120712Z,KXBTC15M-26OCT050030-30,0.0120,95.00,yes
2026-10-05T04:27:50.143451Z,KXBTC15M-26OCT050030-30,0.0120,35.97,yes
2026-10-05T04:27:50.19323Z,KXBTC15M-26OCT050030-30,0.0120,251.83,yes
2026-10-05T04:27:50.219812Z,KXBTC15M-26OCT050030-30,0.0120,74.11,yes
2026-10-05T04:27:50.237448Z,KXBTC15M-26OCT050030-30,0.0120,0.01,yes
2026-10-05T04:27:50.237448Z,KXBTC15M-26OCT050030-30,0.0120,143.88,yes
2026-10-05T04:27:50.237448Z,KXBTC15M-26OCT050030-30,0.0120,0.01,yes
2026-10-05T04:27:50.31044Z,KXBTC15M-26OCT050030-30,0.0120,2.05,yes
2026-10-05T04:27:50.322103Z,KXBTC15M-26OCT050030-30,0.0110,264.60,no
2026-10-05T04:27:50.354906Z,KXBTC15M-26OCT050030-30,0.0120,1.00,yes
2026-10-05T04:27:50.354906Z,KXBTC15M-26OCT050030-30,0.0120,54.07,yes
2026-10-05T04:27:50.354906Z,KXBTC15M-26OCT050030-30,0.0120,204.69,yes
2026-10-05T04:27:50.354906Z,KXBTC15M-26OCT050030-30,0.0120,100.00,yes
2026-10-05T04:27:50.35763Z,KXBTC15M-26OCT050030-30,0.0110,0.02,no
2026-10-05T04:27:50.358003Z,KXBTC15M-26OCT050030-30,0.0120,143.90,yes
2026-10-05T04:27:50.358034Z,KXBTC15M-26OCT050030-30,0.0110,0.02,no
2026-10-05T04:27:50.359534Z,KXBTC15M-26OCT050030-30,0.0110,0.02,no
2026-10-05T04:27:50.435725Z,KXBTC15M-26OCT050030-30,0.0110,1051.21,no
2026-10-05T04:27:50.436245Z,KXBTC15M-26OCT050030-30,0.0120,0.01,yes
2026-10-05T04:27:50.436245Z,KXBTC15M-26OCT050030-30,0.0120,16.53,yes
2026-10-05T04:27:50.436245Z,KXBTC15M-26OCT050030-30,0.0120,0.01,yes
2026-10-05T04:27:50.447043Z,KXBTC15M-26OCT050030-30,0.0120,0.02,yes
2026-10-05T04:27:50.475417Z,KXBTC15M-26OCT050030-30,0.0110,209.26,no
2026-10-05T04:27:50.521111Z,KXBTC15M-26OCT050030-30,0.0110,0.01,no
2026-10-05T04:27:50.521111Z,KXBTC15M-26OCT050030-30,0.0110,15.00,no
2026-10-05T04:27:50.521111Z,KXBTC15M-26OCT050030-30,0.0110,1.00,no
2026-10-05T04:27:50.521111Z,KXBTC15M-26OCT050030-30,0.0110,0.01,no
2026-10-05T04:27:50.521111Z,KXBTC15M-26OCT050030-30,0.0110,15.00,no
2026-10-05T04:27:50.521111Z,KXBTC15M-26OCT050030-30,0.0110,17.00,no
2026-10-05T04:27:50.521111Z,KXBTC15M-26OCT050030-30,0.0110,1.00,no
2026-10-05T04:27:50.521111Z,KXBTC15M-26OCT050030-30,0.0110,100.00,no
2026-10-05T04:27:50.521111Z,KXBTC15M-26OCT050030-30,0.0110,10.00,no
2026-10-05T04:27:50.521111Z,KXBTC15M-26OCT050030-30,0.0110,2.00,no
2026-10-05T04:27:50.521111Z,KXBTC15M-26OCT050030-30,0.0110,2.00,no
2026-10-05T04:27:50.521111Z,KXBTC15M-26OCT050030-30,0.0110,20.00,no
2026-10-05T04:27:50.521111Z,KXBTC15M-26OCT050030-30,0.0110,1.00,no
2026-10-05T04:27:50.521111Z,KXBTC15M-26OCT050030-30,0.0110,1.00,no
2026-10-05T04:27:50.521111Z,KXBTC15M-26OCT050030-30,0.0100,25.00,no
2026-10-05T04:27:50.521111Z,KXBTC15M-26OCT050030-30,0.0100,50.00,no
2026-10-05T04:27:50.521111Z,KXBTC15M-26OCT050030-30,0.0100,1.00,no
2026-10-05T04:27:50.521111Z,KXBTC15M-26OCT050030-30,0.0110,1.00,no
2026-10-05T04:27:50.521111Z,KXBTC15M-26OCT050030-30,0.0100,379.91,no
2026-10-05T04:27:50.521111Z,KXBTC15M-26OCT050030-30,0.0110,352.00,no
2026-10-05T04:27:50.521111Z,KXBTC15M-26OCT050030-30,0.0100,352.00,no
2026-10-05T04:27:50.521111Z,KXBTC15M-26OCT050030-30,0.0100,1.00,no
2026-10-05T04:27:50.521111Z,KXBTC15M-26OCT050030-30,0.0110,133.64,no
2026-10-05T04:27:50.521111Z,KXBTC15M-26OCT050030-30,0.0110,512.00,no
2026-10-05T04:27:50.521111Z,KXBTC15M-26OCT050030-30,0.0100,512.00,no
2026-10-05T04:27:50.521111Z,KXBTC15M-26OCT050030-30,0.0110,512.00,no
2026-10-05T04:27:50.521111Z,KXBTC15M-26OCT050030-30,0.0110,203.43,no
2026-10-05T04:27:50.521111Z,KXBTC15M-26OCT050030-30,0.0110,300.00,no
2026-10-05T04:27:50.521111Z,KXBTC15M-26OCT050030-30,0.0100,512.00,no
2026-10-05T04:27:50.521111Z,KXBTC15M-26OCT050030-30,0.0100,147.00,no
2026-10-05T04:27:50.521111Z,KXBTC15M-26OCT050030-30,0.0100,73.00,no
2026-10-05T04:27:50.521111Z,KXBTC15M-26OCT050030-30,0.0100,1.00,no
2026-10-05T04:27:50.521111Z,KXBTC15M-26OCT050030-30,0.0100,327.00,no
2026-10-05T04:27:50.521111Z,KXBTC15M-26OCT050030-30,0.0110,512.00,no
2026-10-05T04:27:50.521111Z,KXBTC15M-26OCT050030-30,0.0100,512.00,no
2026-10-05T04:27:50.521111Z,KXBTC15M-26OCT050030-30,0.0100,150.00,no
2026-10-05T04:27:50.525954Z,KXBTC15M-26OCT050030-30,0.0110,6.92,no
2026-10-05T04:27:50.525954Z,KXBTC15M-26OCT050030-30,0.0100,2.08,no
2026-10-05T04:27:50.549174Z,KXBTC15M-26OCT050030-30,0.0110,18.80,no
2026-10-05T04:27:50.616404Z,KXBTC15M-26OCT050030-30,0.0110,0.01,no
2026-10-05T04:27:50.616404Z,KXBTC15M-26OCT050030-30,0.0110,0.01,no
2026-10-05T04:27:50.616404Z,KXBTC15M-26OCT050030-30,0.0100,5.28,no
2026-10-05T04:27:50.616404Z,KXBTC15M-26OCT050030-30,0.0100,18.26,no
2026-10-05T04:27:50.616404Z,KXBTC15M-26OCT050030-30,0.0100,1.00,no
2026-10-05T04:27:50.616404Z,KXBTC15M-26OCT050030-30,0.0100,8.53,no
2026-10-05T04:27:50.616404Z,KXBTC15M-26OCT050030-30,0.0100,18.95,no
2026-10-05T04:27:50.649982Z,KXBTC15M-26OCT050030-30,0.0110,0.01,no
2026-10-05T04:27:50.649982Z,KXBTC15M-26OCT050030-30,0.0110,0.01,no
2026-10-05T04:27:50.649982Z,KXBTC15M-26OCT050030-30,0.0100,22.55,no
2026-10-05T04:27:50.649982Z,KXBTC15M-26OCT050030-30,0.0100,7.30,no
2026-10-05T04:27:50.649982Z,KXBTC15M-26OCT050030-30,0.0100,0.05,no
2026-10-05T04:27:50.649982Z,KXBTC15M-26OCT050030-30,0.0100,27.90,no
2026-10-05T04:27:50.649982Z,KXBTC15M-26OCT050030-30,0.0100,9.30,no
2026-10-05T04:27:50.649982Z,KXBTC15M-26OCT050030-30,0.0100,9.13,no
2026-10-05T04:27:50.649982Z,KXBTC15M-26OCT050030-30,0.0100,16.47,no
2026-10-05T04:27:50.649982Z,KXBTC15M-26OCT050030-30,0.0100,8.20,no
2026-10-05T04:27:50.649982Z,KXBTC15M-26OCT050030-30,0.0100,1.63,no
2026-10-05T04:27:50.649982Z,KXBTC15M-26OCT050030-30,0.0100,0.45,no
2026-10-05T04:27:50.649982Z,KXBTC15M-26OCT050030-30,0.0100,25.54,no
2026-10-05T04:27:50.649982Z,KXBTC15M-26OCT050030-30,0.0100,0.67,no
2026-10-05T04:27:50.649982Z,KXBTC15M-26OCT050030-30,0.0100,1.76,no
2026-10-05T04:27:50.649982Z,KXBTC15M-26OCT050030-30,0.0100,200.00,no
2026-10-05T04:27:50.649982Z,KXBTC15M-26OCT050030-30,0.0100,8.97,no
2026-10-05T04:27:50.649982Z,KXBTC15M-26OCT050030-30,0.0100,7.30,no
2026-10-05T04:27:50.649982Z,KXBTC15M-26OCT050030-30,0.0100,91.33,no
2026-10-05T04:27:50.649982Z,KXBTC15M-26OCT050030-30,0.0100,9.13,no
2026-10-05T04:27:50.649982Z,KXBTC15M-26OCT050030-30,0.0100,2.30,no
2026-10-05T04:27:50.655038Z,KXBTC15M-26OCT050030-30,0.0110,51.81,yes
2026-10-05T04:27:50.655038Z,KXBTC15M-26OCT050030-30,0.0110,150.00,yes
2026-10-05T04:27:50.6829Z,KXBTC15M-26OCT050030-30,0.0110,15.00,yes
2026-10-05T04:27:50.6829Z,KXBTC15M-26OCT050030-30,0.0110,0.01,yes
2026-10-05T04:27:50.6829Z,KXBTC15M-26OCT050030-30,0.0110,10.00,yes
2026-10-05T04:27:50.6829Z,KXBTC15M-26OCT050030-30,0.0110,12.71,yes
2026-10-05T04:27:50.6829Z,KXBTC15M-26OCT050030-30,0.0110,400.00,yes
2026-10-05T04:27:50.6829Z,KXBTC15M-26OCT050030-30,0.0110,0.01,yes
2026-10-05T04:27:50.751282Z,KXBTC15M-26OCT050030-30,0.0100,0.98,no
2026-10-05T04:27:50.757809Z,KXBTC15M-26OCT050030-30,0.0100,1.04,no
2026-10-05T04:27:50.757809Z,KXBTC15M-26OCT050030-30,0.0100,147.21,no
2026-10-05T04:27:50.757809Z,KXBTC15M-26OCT050030-30,0.0100,16.14,no
2026-10-05T04:27:50.803726Z,KXBTC15M-26OCT050030-30,0.0110,2.29,yes
2026-10-05T04:27:50.803726Z,KXBTC15M-26OCT050030-30,0.0110,3.79,yes
2026-10-05T04:27:50.803726Z,KXBTC15M-26OCT050030-30,0.0110,0.01,yes
2026-10-05T04:27:50.811676Z,KXBTC15M-26OCT050030-30,0.0100,38.85,no
2026-10-05T04:27:50.811676Z,KXBTC15M-26OCT050030-30,0.0100,20.00,no
2026-10-05T04:27:50.811676Z,KXBTC15M-26OCT050030-30,0.0100,0.44,no
2026-10-05T04:27:50.811676Z,KXBTC15M-26OCT050030-30,0.0100,5.84,no
2026-10-05T04:27:50.811676Z,KXBTC15M-26OCT050030-30,0.0100,1.58,no
2026-10-05T04:27:50.811676Z,KXBTC15M-26OCT050030-30,0.0100,80.73,no
2026-10-05T04:27:50.811676Z,KXBTC15M-26OCT050030-30,0.0100,3.24,no
2026-10-05T04:27:50.811676Z,KXBTC15M-26OCT050030-30,0.0100,3.33,no
2026-10-05T04:27:50.811676Z,KXBTC15M-26OCT050030-30,0.0100,28.82,no
2026-10-05T04:27:50.811676Z,KXBTC15M-26OCT050030-30,0.0100,17.62,no
2026-10-05T04:27:50.82621Z,KXBTC15M-26OCT050030-30,0.0100,10.07,no
2026-10-05T04:27:50.82621Z,KXBTC15M-26OCT050030-30,0.0100,39.63,no
2026-10-05T04:27:50.82621Z,KXBTC15M-26OCT050030-30,0.0100,73.57,no
2026-10-05T04:27:50.82621Z,KXBTC15M-26OCT050030-30,0.0100,1.20,no
2026-10-05T04:27:50.82621Z,KXBTC15M-26OCT050030-30,0.0100,81.06,no
2026-10-05T04:27:50.82621Z,KXBTC15M-26OCT050030-30,0.0100,133.30,no
2026-10-05T04:27:50.82621Z,KXBTC15M-26OCT050030-30,0.0100,40.04,no
2026-10-05T04:27:50.82621Z,KXBTC15M-26OCT050030-30,0.0100,1.82,no
2026-10-05T04:27:50.82621Z,KXBTC15M-26OCT050030-30,0.0100,20.09,no
2026-10-05T04:27:50.82621Z,KXBTC15M-26OCT050030-30,0.0100,1.43,no
2026-10-05T04:27:50.82621Z,KXBTC15M-26OCT050030-30,0.0100,36.25,no
2026-10-05T04:27:50.82621Z,KXBTC15M-26OCT050030-30,0.0100,5.00,no
2026-10-05T04:27:50.82621Z,KXBTC15M-26OCT050030-30,0.0100,11.67,no
2026-10-05T04:27:50.82621Z,KXBTC15M-26OCT050030-30,0.0100,0.38,no
2026-10-05T04:27:50.82621Z,KXBTC15M-26OCT050030-30,0.0100,91.44,no
2026-10-05T04:27:50.82621Z,KXBTC15M-26OCT050030-30,0.0100,287.00,no
2026-10-05T04:27:50.82621Z,KXBTC15M-26OCT050030-30,0.0100,1.53,no
2026-10-05T04:27:50.82621Z,KXBTC15M-26OCT050030-30,0.0100,0.43,no
2026-10-05T04:27:50.82621Z,KXBTC15M-26OCT050030-30,0.0100,0.48,no
2026-10-05T04:27:50.82621Z,KXBTC15M-26OCT050030-30,0.0100,3.40,no
2026-10-05T04:27:50.82621Z,KXBTC15M-26OCT050030-30,0.0100,1.47,no
2026-10-05T04:27:50.82621Z,KXBTC15M-26OCT050030-30,0.0100,0.44,no
2026-10-05T04:27:50.82621Z,KXBTC15M-26OCT050030-30,0.0100,85.15,no
2026-10-05T04:27:50.82621Z,KXBTC15M-26OCT050030-30,0.0100,3.34,no
2026-10-05T04:27:50.82621Z,KXBTC15M-26OCT050030-30,0.0100,1.00,no
2026-10-05T04:27:50.82621Z,KXBTC15M-26OCT050030-30,0.0100,1.76,no
2026-10-05T04:27:50.82621Z,KXBTC15M-26OCT050030-30,0.0100,17.03,no
2026-10-05T04:27:50.829092Z,KXBTC15M-26OCT050030-30,0.0110,36.85,yes
2026-10-05T04:27:50.84025Z,KXBTC15M-26OCT050030-30,0.0110,0.72,yes
2026-10-05T04:27:50.929339Z,KXBTC15M-26OCT050030-30,0.0110,196.43,yes
2026-10-05T04:27:50.936206Z,KXBTC15M-26OCT050030-30,0.0120,30.00,yes
2026-10-05T04:27:50.936206Z,KXBTC15M-26OCT050030-30,0.0110,0.01,yes
2026-10-05T04:27:50.936206Z,KXBTC15M-26OCT050030-30,0.0110,150.00,yes
2026-10-05T04:27:50.936206Z,KXBTC15M-26OCT050030-30,0.0110,10.00,yes
2026-10-05T04:27:50.936206Z,KXBTC15M-26OCT050030-30,0.0110,400.00,yes
2026-10-05T04:27:50.936206Z,KXBTC15M-26OCT050030-30,0.0120,184.99,yes
2026-10-05T04:27:50.936206Z,KXBTC15M-26OCT050030-30,0.0110,0.01,yes
2026-10-05T04:27:50.936206Z,KXBTC15M-26OCT050030-30,0.0120,512.00,yes
2026-10-05T04:27:50.936206Z,KXBTC15M-26OCT050030-30,0.0110,186.00,yes
2026-10-05T04:27:50.936206Z,KXBTC15M-26OCT050030-30,0.0120,352.00,yes
2026-10-05T04:27:50.936206Z,KXBTC15M-26OCT050030-30,0.0120,183.45,yes
2026-10-05T04:27:50.936206Z,KXBTC15M-26OCT050030-30,0.0120,352.00,yes
2026-10-05T04:27:50.936206Z,KXBTC15M-26OCT050030-30,0.0110,200.00,yes
2026-10-05T04:27:50.979051Z,KXBTC15M-26OCT050030-30,0.0110,0.01,yes
2026-10-05T04:27:50.979051Z,KXBTC15M-26OCT050030-30,0.0110,77.92,yes
2026-10-05T04:27:50.979051Z,KXBTC15M-26OCT050030-30,0.0110,0.01,yes
2026-10-05T04:27:51.07585Z,KXBTC15M-26OCT050030-30,0.0110,0.01,yes
2026-10-05T04:27:51.07585Z,KXBTC15M-26OCT050030-30,0.0110,0.01,yes
2026-10-05T04:27:51.07585Z,KXBTC15M-26OCT050030-30,0.0110,65.45,yes
2026-10-05T04:27:51.093607Z,KXBTC15M-26OCT050030-30,0.0100,12.18,no
2026-10-05T04:27:51.093607Z,KXBTC15M-26OCT050030-30,0.0100,0.63,no
2026-10-05T04:27:51.093607Z,KXBTC15M-26OCT050030-30,0.0100,63.90,no
2026-10-05T04:27:51.093607Z,KXBTC15M-26OCT050030-30,0.0100,0.95,no
2026-10-05T04:27:51.093607Z,KXBTC15M-26OCT050030-30,0.0100,8.52,no
2026-10-05T04:27:51.093607Z,KXBTC15M-26OCT050030-30,0.0100,65.52,no
2026-10-05T04:27:51.093607Z,KXBTC15M-26OCT050030-30,0.0100,6.02,no
2026-10-05T04:27:51.093607Z,KXBTC15M-26OCT050030-30,0.0100,0.24,no
2026-10-05T04:27:51.093607Z,KXBTC15M-26OCT050030-30,0.0100,6.02,no
2026-10-05T04:27:51.093607Z,KXBTC15M-26OCT050030-30,0.0100,31.56,no
2026-10-05T04:27:51.093607Z,KXBTC15M-26OCT050030-30,0.0100,12.94,no
2026-10-05T04:27:51.093607Z,KXBTC15M-26OCT050030-30,0.0100,2.41,no
2026-10-05T04:27:51.093607Z,KXBTC15M-26OCT050030-30,0.0100,243.67,no
2026-10-05T04:27:51.093607Z,KXBTC15M-26OCT050030-30,0.0100,5.57,no
2026-10-05T04:27:51.093607Z,KXBTC15M-26OCT050030-30,0.0100,0.61,no
2026-10-05T04:27:51.093607Z,KXBTC15M-26OCT050030-30,0.0100,40.54,no
2026-10-05T04:27:51.093607Z,KXBTC15M-26OCT050030-30,0.0100,0.47,no
2026-10-05T04:27:51.093607Z,KXBTC15M-26OCT050030-30,0.0100,0.24,no
2026-10-05T04:27:51.093607Z,KXBTC15M-26OCT050030-30,0.0100,55.21,no
2026-10-05T04:27:51.093607Z,KXBTC15M-26OCT050030-30,0.0100,94.08,no
2026-10-05T04:27:51.093607Z,KXBTC15M-26OCT050030-30,0.0100,16.72,no
2026-10-05T04:27:51.093607Z,KXBTC15M-26OCT050030-30,0.0100,1.13,no
2026-10-05T04:27:51.093607Z,KXBTC15M-26OCT050030-30,0.0100,111.50,no
2026-10-05T04:27:51.093607Z,KXBTC15M-26OCT050030-30,0.0100,1.00,no
2026-10-05T04:27:51.093607Z,KXBTC15M-26OCT050030-30,0.0100,31.32,no
2026-10-05T04:27:51.093607Z,KXBTC15M-26OCT050030-30,0.0100,45.55,no
2026-10-05T04:27:51.093607Z,KXBTC15M-26OCT050030-30,0.0100,50.27,no
2026-10-05T04:27:51.093607Z,KXBTC15M-26OCT050030-30,0.0100,1.47,no
2026-10-05T04:27:51.093607Z,KXBTC15M-26OCT050030-30,0.0100,7.09,no
2026-10-05T04:27:51.093607Z,KXBTC15M-26OCT050030-30,0.0100,1.41,no
2026-10-05T04:27:51.093607Z,KXBTC15M-26OCT050030-30,0.0100,2.83,no
2026-10-05T04:27:51.093607Z,KXBTC15M-26OCT050030-30,0.0100,138.04,no
2026-10-05T04:27:51.093607Z,KXBTC15M-26OCT050030-30,0.0100,4.94,no
2026-10-05T04:27:51.093607Z,KXBTC15M-26OCT050030-30,0.0100,4.25,no
2026-10-05T04:27:51.093607Z,KXBTC15M-26OCT050030-30,0.0100,69.95,no
2026-10-05T04:27:51.093607Z,KXBTC15M-26OCT050030-30,0.0100,8.28,no
2026-10-05T04:27:51.093607Z,KXBTC15M-26OCT050030-30,0.0100,6.39,no
2026-10-05T04:27:51.093607Z,KXBTC15M-26OCT050030-30,0.0100,2.04,no
2026-10-05T04:27:51.093607Z,KXBTC15M-26OCT050030-30,0.0100,3.15,no
2026-10-05T04:27:51.093607Z,KXBTC15M-26OCT050030-30,0.0100,0.03,no
2026-10-05T04:27:51.093607Z,KXBTC15M-26OCT050030-30,0.0100,10.35,no
2026-10-05T04:27:51.093607Z,KXBTC15M-26OCT050030-30,0.0100,1.23,no
2026-10-05T04:27:51.093607Z,KXBTC15M-26OCT050030-30,0.0100,1.39,no
2026-10-05T04:27:51.093607Z,KXBTC15M-26OCT050030-30,0.0100,3.80,no
2026-10-05T04:27:51.093607Z,KXBTC15M-26OCT050030-30,0.0100,2.72,no
2026-10-05T04:27:51.093607Z,KXBTC15M-26OCT050030-30,0.0100,12.47,no
2026-10-05T04:27:51.093607Z,KXBTC15M-26OCT050030-30,0.0100,48.89,no
2026-10-05T04:27:51.093607Z,KXBTC15M-26OCT050030-30,0.0100,8.63,no
2026-10-05T04:27:51.093607Z,KXBTC15M-26OCT050030-30,0.0100,12.87,no
2026-10-05T04:27:51.093607Z,KXBTC15M-26OCT050030-30,0.0100,1.63,no
2026-10-05T04:27:51.093607Z,KXBTC15M-26OCT050030-30,0.0100,23.01,no
2026-10-05T04:27:51.093607Z,KXBTC15M-26OCT050030-30,0.0100,89.50,no
2026-10-05T04:27:51.093607Z,KXBTC15M-26OCT050030-30,0.0100,24.36,no
2026-10-05T04:27:51.093607Z,KXBTC15M-26OCT050030-30,0.0100,1.00,no
2026-10-05T04:27:51.093607Z,KXBTC15M-26OCT050030-30,0.0100,2.87,no
2026-10-05T04:27:51.093607Z,KXBTC15M-26OCT050030-30,0.0100,3.83,no
2026-10-05T04:27:51.093607Z,KXBTC15M-26OCT050030-30,0.0100,1.27,no
2026-10-05T04:27:51.093607Z,KXBTC15M-26OCT050030-30,0.0100,586.54,no
2026-10-05T04:27:51.127822Z,KXBTC15M-26OCT050030-30,0.0120,327.01,yes
2026-10-05T04:27:51.127822Z,KXBTC15M-26OCT050030-30,0.0120,52.40,yes
2026-10-05T04:27:51.127822Z,KXBTC15M-26OCT050030-30,0.0110,0.01,yes
2026-10-05T04:27:51.127822Z,KXBTC15M-26OCT050030-30,0.0110,400.00,yes
2026-10-05T04:27:51.127822Z,KXBTC15M-26OCT050030-30,0.0110,0.01,yes
2026-10-05T04:27:51.148021Z,KXBTC15M-26OCT050030-30,0.0110,150.00,no
2026-10-05T04:27:51.148021Z,KXBTC15M-26OCT050030-30,0.0110,9.57,no
2026-10-05T04:27:51.15015Z,KXBTC15M-26OCT050030-30,0.0120,123.27,yes
2026-10-05T04:27:51.173446Z,KXBTC15M-26OCT050030-30,0.0110,0.01,no
2026-10-05T04:27:51.173446Z,KXBTC15M-26OCT050030-30,0.0110,0.01,no
2026-10-05T04:27:51.173446Z,KXBTC15M-26OCT050030-30,0.0110,140.43,no
2026-10-05T04:27:51.173446Z,KXBTC15M-26OCT050030-30,0.0100,352.48,no
2026-10-05T04:27:51.17511Z,KXBTC15M-26OCT050030-30,0.0120,9.00,yes
2026-10-05T04:27:51.220461Z,KXBTC15M-26OCT050030-30,0.0120,7.79,yes
2026-10-05T04:27:51.275347Z,KXBTC15M-26OCT050030-30,0.0120,319.54,yes
2026-10-05T04:27:51.275347Z,KXBTC15M-26OCT050030-30,0.0120,512.00,yes
2026-10-05T04:27:51.275347Z,KXBTC15M-26OCT050030-30,0.0120,512.00,yes
2026-10-05T04:27:51.275347Z,KXBTC15M-26OCT050030-30,0.0120,512.00,yes
2026-10-05T04:27:51.275347Z,KXBTC15M-26OCT050030-30,0.0120,25.00,yes
2026-10-05T04:27:51.275347Z,KXBTC15M-26OCT050030-30,0.0120,500.00,yes
2026-10-05T04:27:51.275347Z,KXBTC15M-26OCT050030-30,0.0120,200.00,yes
2026-10-05T04:27:51.275347Z,KXBTC15M-26OCT050030-30,0.0120,15.00,yes
2026-10-05T04:27:51.275347Z,KXBTC15M-26OCT050030-30,0.0120,0.01,yes
2026-10-05T04:27:51.275347Z,KXBTC15M-26OCT050030-30,0.0120,0.01,yes
2026-10-05T04:27:51.275347Z,KXBTC15M-26OCT050030-30,0.0120,400.00,yes
2026-10-05T04:27:51.275347Z,KXBTC15M-26OCT050030-30,0.0120,500.00,yes
2026-10-05T04:27:51.298745Z,KXBTC15M-26OCT050030-30,0.0110,17.00,no
2026-10-05T04:27:51.298745Z,KXBTC15M-26OCT050030-30,0.0110,0.01,no
2026-10-05T04:27:51.298745Z,KXBTC15M-26OCT050030-30,0.0110,0.01,no
2026-10-05T04:27:51.298745Z,KXBTC15M-26OCT050030-30,0.0110,3.16,no
2026-10-05T04:27:51.343141Z,KXBTC15M-26OCT050030-30,0.0120,62.18,yes
2026-10-05T04:27:51.348437Z,KXBTC15M-26OCT050030-30,0.0110,10.00,no
2026-10-05T04:27:51.420465Z,KXBTC15M-26OCT050030-30,0.0110,10.00,no
2026-10-05T04:27:51.431594Z,KXBTC15M-26OCT050030-30,0.0110,1000.00,no
2026-10-05T04:27:51.436233Z,KXBTC15M-26OCT050030-30,0.0120,77.92,yes
2026-10-05T04:27:51.436233Z,KXBTC15M-26OCT050030-30,0.0120,0.01,yes
2026-10-05T04:27:51.436233Z,KXBTC15M-26OCT050030-30,0.0120,0.01,yes
2026-10-05T04:27:51.442721Z,KXBTC15M-26OCT050030-30,0.0110,76.00,no
2026-10-05T04:27:51.455213Z,KXBTC15M-26OCT050030-30,0.0120,30.93,yes
2026-10-05T04:27:51.45885Z,KXBTC15M-26OCT050030-30,0.0120,71.95,yes
2026-10-05T04:27:51.556542Z,KXBTC15M-26OCT050030-30,0.0110,0.01,no
2026-10-05T04:27:51.556542Z,KXBTC15M-26OCT050030-30,0.0110,0.01,no
2026-10-05T04:27:51.556542Z,KXBTC15M-26OCT050030-30,0.0110,17.00,no
2026-10-05T04:27:51.556542Z,KXBTC15M-26OCT050030-30,0.0100,318.11,no
2026-10-05T04:27:51.57756Z,KXBTC15M-26OCT050030-30,0.0120,11.15,yes
2026-10-05T04:27:51.588789Z,KXBTC15M-26OCT050030-30,0.0120,8.05,yes
2026-10-05T04:27:51.588789Z,KXBTC15M-26OCT050030-30,0.0120,9.25,yes
2026-10-05T04:27:51.588789Z,KXBTC15M-26OCT050030-30,0.0120,0.01,yes
2026-10-05T04:27:51.588789Z,KXBTC15M-26OCT050030-30,0.0120,0.01,yes
2026-10-05T04:27:51.591473Z,KXBTC15M-26OCT050030-30,0.0100,297.03,no
2026-10-05T04:27:51.599192Z,KXBTC15M-26OCT050030-30,0.0110,150.00,yes
2026-10-05T04:27:51.599192Z,KXBTC15M-26OCT050030-30,0.0110,150.00,yes
2026-10-05T04:27:51.599192Z,KXBTC15M-26OCT050030-30,0.0110,34.64,yes
2026-10-05T04:27:51.645865Z,KXBTC15M-26OCT050030-30,0.0120,77.94,yes
2026-10-05T04:27:51.678887Z,KXBTC15M-26OCT050030-30,0.0110,40.00,no
2026-10-05T04:27:51.686682Z,KXBTC15M-26OCT050030-30,0.0110,40.00,no
2026-10-05T04:27:51.692453Z,KXBTC15M-26OCT050030-30,0.0110,0.01,no
2026-10-05T04:27:51.692453Z,KXBTC15M-26OCT050030-30,0.0110,7.24,no
2026-10-05T04:27:51.692453Z,KXBTC15M-26OCT050030-30,0.0110,0.01,no
2026-10-05T04:27:51.692453Z,KXBTC15M-26OCT050030-30,0.0110,17.00,no
2026-10-05T04:27:51.692453Z,KXBTC15M-26OCT050030-30,0.0110,1.00,no
2026-10-05T04:27:51.706221Z,KXBTC15M-26OCT050030-30,0.0120,80.00,yes
2026-10-05T04:27:51.706221Z,KXBTC15M-26OCT050030-30,0.0120,200.00,yes
2026-10-05T04:27:51.706221Z,KXBTC15M-26OCT050030-30,0.0120,0.01,yes
2026-10-05T04:27:51.706221Z,KXBTC15M-26OCT050030-30,0.0110,0.01,yes
2026-10-05T04:27:51.706221Z,KXBTC15M-26OCT050030-30,0.0110,0.01,yes
2026-10-05T04:27:51.706221Z,KXBTC15M-26OCT050030-30,0.0120,15.00,yes
2026-10-05T04:27:51.706221Z,KXBTC15M-26OCT050030-30,0.0120,1.00,yes
2026-10-05T04:27:51.706221Z,KXBTC15M-26OCT050030-30,0.0120,14.00,yes
2026-10-05T04:27:51.706221Z,KXBTC15M-26OCT050030-30,0.0120,400.00,yes
2026-10-05T04:27:51.706221Z,KXBTC15M-26OCT050030-30,0.0120,381.81,yes
2026-10-05T04:27:51.706221Z,KXBTC15M-26OCT050030-30,0.0120,0.01,yes
2026-10-05T04:27:51.706221Z,KXBTC15M-26OCT050030-30,0.0130,12.93,yes
2026-10-05T04:27:51.710407Z,KXBTC15M-26OCT050030-30,0.0110,123.14,no
2026-10-05T04:27:51.714099Z,KXBTC15M-26OCT050030-30,0.0110,25.28,no
2026-10-05T04:27:51.719891Z,KXBTC15M-26OCT050030-30,0.0110,1.58,no
2026-10-05T04:27:51.719891Z,KXBTC15M-26OCT050030-30,0.0110,23.70,no
2026-10-05T04:27:51.726562Z,KXBTC15M-26OCT050030-30,0.0110,1.59,no
2026-10-05T04:27:51.726603Z,KXBTC15M-26OCT050030-30,0.0110,23.70,no
2026-10-05T04:27:51.732574Z,KXBTC15M-26OCT050030-30,0.0110,1.79,no
2026-10-05T04:27:51.732624Z,KXBTC15M-26OCT050030-30,0.0110,1.59,no
2026-10-05T04:27:51.880777Z,KXBTC15M-26OCT050030-30,0.0120,0.01,yes
2026-10-05T04:27:51.880777Z,KXBTC15M-26OCT050030-30,0.0120,0.01,yes
2026-10-05T04:27:51.880777Z,KXBTC15M-26OCT050030-30,0.0120,8.31,yes
2026-10-05T04:27:51.925481Z,KXBTC15M-26OCT050030-30,0.0120,77.94,yes
2026-10-05T04:27:51.973844Z,KXBTC15M-26OCT050030-30,0.0110,12.12,no
2026-10-05T04:27:51.987336Z,KXBTC15M-26OCT050030-30,0.0120,15.00,yes
2026-10-05T04:27:51.987336Z,KXBTC15M-26OCT050030-30,0.0120,313.75,yes
2026-10-05T04:27:51.987336Z,KXBTC15M-26OCT050030-30,0.0120,200.00,yes
2026-10-05T04:27:51.987336Z,KXBTC15M-26OCT050030-30,0.0120,235.09,yes
2026-10-05T04:27:52.049878Z,KXBTC15M-26OCT050030-30,0.0110,4.88,no
2026-10-05T04:27:52.049878Z,KXBTC15M-26OCT050030-30,0.0110,0.01,no
2026-10-05T04:27:52.049878Z,KXBTC15M-26OCT050030-30,0.0110,0.01,no
2026-10-05T04:27:52.049878Z,KXBTC15M-26OCT050030-30,0.0110,12.12,no
2026-10-05T04:27:52.049878Z,KXBTC15M-26OCT050030-30,0.0100,130.68,no
2026-10-05T04:27:52.085067Z,KXBTC15M-26OCT050030-30,0.0110,77.49,yes
2026-10-05T04:27:52.129649Z,KXBTC15M-26OCT050030-30,0.0110,123.56,yes
2026-10-05T04:27:52.129649Z,KXBTC15M-26OCT050030-30,0.0110,0.01,yes
2026-10-05T04:27:52.129649Z,KXBTC15M-26OCT050030-30,0.0110,0.01,yes
2026-10-05T04:27:52.135343Z,KXBTC15M-26OCT050030-30,0.0100,750.00,no
2026-10-05T04:27:52.167873Z,KXBTC15M-26OCT050030-30,0.0100,750.00,no
2026-10-05T04:27:52.175909Z,KXBTC15M-26OCT050030-30,0.0110,160.94,yes
2026-10-05T04:27:52.175909Z,KXBTC15M-26OCT050030-30,0.0110,0.01,yes
2026-10-05T04:27:52.175909Z,KXBTC15M-26OCT050030-30,0.0110,0.01,yes
2026-10-05T04:27:52.19794Z,KXBTC15M-26OCT050030-30,0.0100,750.00,no
2026-10-05T04:27:52.203624Z,KXBTC15M-26OCT050030-30,0.0110,0.01,yes
2026-10-05T04:27:52.203624Z,KXBTC15M-26OCT050030-30,0.0110,0.01,yes
2026-10-05T04:27:52.203624Z,KXBTC15M-26OCT050030-30,0.0110,275.76,yes
2026-10-05T04:27:52.232151Z,KXBTC15M-26OCT050030-30,0.0100,750.00,no
2026-10-05T04:27:52.244256Z,KXBTC15M-26OCT050030-30,0.0100,0.98,no
2026-10-05T04:27:52.262335Z,KXBTC15M-26OCT050030-30,0.0100,750.00,no
2026-10-05T04:27:52.297259Z,KXBTC15M-26OCT050030-30,0.0100,422.51,no
2026-10-05T04:27:52.381695Z,KXBTC15M-26OCT050030-30,0.0100,1.00,no
2026-10-05T04:27:52.437955Z,KXBTC15M-26OCT050030-30,0.0130,10.00,yes
2026-10-05T04:27:52.437955Z,KXBTC15M-26OCT050030-30,0.0150,15.00,yes
2026-10-05T04:27:52.437955Z,KXBTC15M-26OCT050030-30,0.0150,93.75,yes
2026-10-05T04:27:52.437955Z,KXBTC15M-26OCT050030-30,0.0120,15.00,yes
2026-10-05T04:27:52.437955Z,KXBTC15M-26OCT050030-30,0.0120,298.00,yes
2026-10-05T04:27:52.437955Z,KXBTC15M-26OCT050030-30,0.0110,1.00,yes
2026-10-05T04:27:52.437955Z,KXBTC15M-26OCT050030-30,0.0150,93.75,yes
2026-10-05T04:27:52.437955Z,KXBTC15M-26OCT050030-30,0.0110,0.01,yes
2026-10-05T04:27:52.437955Z,KXBTC15M-26OCT050030-30,0.0110,0.01,yes
2026-10-05T04:27:52.437955Z,KXBTC15M-26OCT050030-30,0.0110,400.00,yes
2026-10-05T04:27:52.437955Z,KXBTC15M-26OCT050030-30,0.0120,200.00,yes
2026-10-05T04:27:52.437955Z,KXBTC15M-26OCT050030-30,0.0130,212.00,yes
2026-10-05T04:27:52.437955Z,KXBTC15M-26OCT050030-30,0.0150,82.00,yes
2026-10-05T04:27:52.437955Z,KXBTC15M-26OCT050030-30,0.0140,759.13,yes
2026-10-05T04:27:52.437955Z,KXBTC15M-26OCT050030-30,0.0150,64.00,yes
2026-10-05T04:27:52.437955Z,KXBTC15M-26OCT050030-30,0.0150,10.00,yes
2026-10-05T04:27:52.437955Z,KXBTC15M-26OCT050030-30,0.0150,10.00,yes
2026-10-05T04:27:52.437955Z,KXBTC15M-26OCT050030-30,0.0150,64.00,yes
2026-10-05T04:27:52.437955Z,KXBTC15M-26OCT050030-30,0.0150,20.62,yes
2026-10-05T04:27:52.437955Z,KXBTC15M-26OCT050030-30,0.0150,183.22,yes
2026-10-05T04:27:52.437955Z,KXBTC15M-26OCT050030-30,0.0150,256.00,yes
2026-10-05T04:27:52.437955Z,KXBTC15M-26OCT050030-30,0.0130,136.00,yes
2026-10-05T04:27:52.437955Z,KXBTC15M-26OCT050030-30,0.0130,151.89,yes
2026-10-05T04:27:52.437955Z,KXBTC15M-26OCT050030-30,0.0130,3141.00,yes
2026-10-05T04:27:52.437955Z,KXBTC15M-26OCT050030-30,0.0160,6.96,yes
2026-10-05T04:27:52.437955Z,KXBTC15M-26OCT050030-30,0.0130,91.18,yes
2026-10-05T04:27:52.437955Z,KXBTC15M-26OCT050030-30,0.0160,26.00,yes
2026-10-05T04:27:52.437955Z,KXBTC15M-26OCT050030-30,0.0130,256.00,yes
2026-10-05T04:27:52.437955Z,KXBTC15M-26OCT050030-30,0.0160,138.86,yes
2026-10-05T04:27:52.437955Z,KXBTC15M-26OCT050030-30,0.0150,40.00,yes
2026-10-05T04:27:52.437955Z,KXBTC15M-26OCT050030-30,0.0130,10.00,yes
2026-10-05T04:27:52.437955Z,KXBTC15M-26OCT050030-30,0.0170,520.54,yes
2026-10-05T04:27:52.437955Z,KXBTC15M-26OCT050030-30,0.0130,256.00,yes
2026-10-05T04:27:52.437955Z,KXBTC15M-26OCT050030-30,0.0160,43.18,yes
2026-10-05T04:27:52.437955Z,KXBTC15M-26OCT050030-30,0.0150,1047.00,yes
2026-10-05T04:27:52.437955Z,KXBTC15M-26OCT050030-30,0.0130,256.00,yes
2026-10-05T04:27:52.437955Z,KXBTC15M-26OCT050030-30,0.0150,15.00,yes
2026-10-05T04:27:52.451379Z,KXBTC15M-26OCT050030-30,0.0140,8.46,no
2026-10-05T04:27:52.458663Z,KXBTC15M-26OCT050030-30,0.0150,2.67,no
2026-10-05T04:27:52.472629Z,KXBTC15M-26OCT050030-30,0.0150,88.83,no
2026-10-05T04:27:52.486017Z,KXBTC15M-26OCT050030-30,0.0150,51.17,no
2026-10-05T04:27:52.498299Z,KXBTC15M-26OCT050030-30,0.0150,0.01,no
2026-10-05T04:27:52.498299Z,KXBTC15M-26OCT050030-30,0.0150,7.33,no
2026-10-05T04:27:52.498299Z,KXBTC15M-26OCT050030-30,0.0150,0.01,no
2026-10-05T04:27:52.498299Z,KXBTC15M-26OCT050030-30,0.0150,43.83,no
2026-10-05T04:27:52.583903Z,KXBTC15M-26OCT050030-30,0.0150,51.26,no
2026-10-05T04:27:52.588579Z,KXBTC15M-26OCT050030-30,0.0140,51.24,no
2026-10-05T04:27:52.588579Z,KXBTC15M-26OCT050030-30,0.0150,0.01,no
2026-10-05T04:27:52.588579Z,KXBTC15M-26OCT050030-30,0.0150,0.01,no
2026-10-05T04:27:52.599957Z,KXBTC15M-26OCT050030-30,0.0140,5.59,no
2026-10-05T04:27:52.599957Z,KXBTC15M-26OCT050030-30,0.0150,0.01,no
2026-10-05T04:27:52.6333Z,KXBTC15M-26OCT050030-30,0.0160,10.17,yes
2026-10-05T04:27:52.636064Z,KXBTC15M-26OCT050030-30,0.0150,0.01,no
2026-10-05T04:27:52.636064Z,KXBTC15M-26OCT050030-30,0.0150,0.01,no
2026-10-05T04:27:52.636064Z,KXBTC15M-26OCT050030-30,0.0150,14.00,no
2026-10-05T04:27:52.636064Z,KXBTC15M-26OCT050030-30,0.0140,539.20,no
2026-10-05T04:27:52.814514Z,KXBTC15M-26OCT050030-30,0.0150,0.01,no
2026-10-05T04:27:52.814514Z,KXBTC15M-26OCT050030-30,0.0140,0.98,no
2026-10-05T04:27:52.814514Z,KXBTC15M-26OCT050030-30,0.0150,0.01,no
2026-10-05T04:27:52.89095Z,KXBTC15M-26OCT050030-30,0.0150,150.00,yes
2026-10-05T04:27:52.89095Z,KXBTC15M-26OCT050030-30,0.0150,25.41,yes
2026-10-05T04:27:52.900241Z,KXBTC15M-26OCT050030-30,0.0150,58.47,yes
2026-10-05T04:27:52.925689Z,KXBTC15M-26OCT050030-30,0.0150,9.97,yes
2026-10-05T04:27:52.932737Z,KXBTC15M-26OCT050030-30,0.0150,56.15,yes
2026-10-05T04:27:52.932737Z,KXBTC15M-26OCT050030-30,0.0150,21.14,yes
2026-10-05T04:27:52.933856Z,KXBTC15M-26OCT050030-30,0.0140,8.07,no
2026-10-05T04:27:53.059234Z,KXBTC15M-26OCT050030-30,0.0150,29.23,yes
2026-10-05T04:27:53.074909Z,KXBTC15M-26OCT050030-30,0.0140,2000.00,no
2026-10-05T04:27:53.128348Z,KXBTC15M-26OCT050030-30,0.0140,3.03,no
2026-10-05T04:27:53.128348Z,KXBTC15M-26OCT050030-30,0.0140,1.00,no
2026-10-05T04:27:53.226301Z,KXBTC15M-26OCT050030-30,0.0140,0.01,no
2026-10-05T04:27:53.226301Z,KXBTC15M-26OCT050030-30,0.0110,95.00,no
2026-10-05T04:27:53.226301Z,KXBTC15M-26OCT050030-30,0.0140,0.01,no
2026-10-05T04:27:53.226301Z,KXBTC15M-26OCT050030-30,0.0110,6.93,no
2026-10-05T04:27:53.226301Z,KXBTC15M-26OCT050030-30,0.0100,24.22,no
2026-10-05T04:27:53.232636Z,KXBTC15M-26OCT050030-30,0.0150,500.00,yes
2026-10-05T04:27:53.232636Z,KXBTC15M-26OCT050030-30,0.0160,139.00,yes
2026-10-05T04:27:53.232636Z,KXBTC15M-26OCT050030-30,0.0150,140.63,yes
2026-10-05T04:27:53.232636Z,KXBTC15M-26OCT050030-30,0.0160,10.00,yes
2026-10-05T04:27:53.232636Z,KXBTC15M-26OCT050030-30,0.0150,0.01,yes
2026-10-05T04:27:53.232636Z,KXBTC15M-26OCT050030-30,0.0150,200.00,yes
2026-10-05T04:27:53.232636Z,KXBTC15M-26OCT050030-30,0.0150,13.00,yes
2026-10-05T04:27:53.232636Z,KXBTC15M-26OCT050030-30,0.0160,290.19,yes
2026-10-05T04:27:53.232636Z,KXBTC15M-26OCT050030-30,0.0160,87.83,yes
2026-10-05T04:27:53.232636Z,KXBTC15M-26OCT050030-30,0.0160,200.00,yes
2026-10-05T04:27:53.232636Z,KXBTC15M-26OCT050030-30,0.0150,400.00,yes
2026-10-05T04:27:53.232636Z,KXBTC15M-26OCT050030-30,0.0150,189.00,yes
2026-10-05T04:27:53.232636Z,KXBTC15M-26OCT050030-30,0.0150,0.01,yes
2026-10-05T04:27:53.232636Z,KXBTC15M-26OCT050030-30,0.0150,364.00,yes
2026-10-05T04:27:53.232636Z,KXBTC15M-26OCT050030-30,0.0150,140.00,yes
2026-10-05T04:27:53.232636Z,KXBTC15M-26OCT050030-30,0.0160,151.64,yes
2026-10-05T04:27:53.255212Z,KXBTC15M-26OCT050030-30,0.0150,10.21,yes
2026-10-05T04:27:53.336616Z,KXBTC15M-26OCT050030-30,0.0150,58.47,yes
2026-10-05T04:27:53.346158Z,KXBTC15M-26OCT050030-30,0.0150,13.00,yes
2026-10-05T04:27:53.346158Z,KXBTC15M-26OCT050030-30,0.0150,0.01,yes
2026-10-05T04:27:53.346158Z,KXBTC15M-26OCT050030-30,0.0150,200.00,yes
2026-10-05T04:27:53.346158Z,KXBTC15M-26OCT050030-30,0.0150,210.25,yes
2026-10-05T04:27:53.346158Z,KXBTC15M-26OCT050030-30,0.0150,0.01,yes
2026-10-05T04:27:53.346158Z,KXBTC15M-26OCT050030-30,0.0150,185.39,yes
2026-10-05T04:27:53.346158Z,KXBTC15M-26OCT050030-30,0.0150,15.00,yes
2026-10-05T04:27:53.43278Z,KXBTC15M-26OCT050030-30,0.0150,214.61,yes
2026-10-05T04:27:53.43278Z,KXBTC15M-26OCT050030-30,0.0150,93.75,yes
2026-10-05T04:27:53.43278Z,KXBTC15M-26OCT050030-30,0.0150,3.47,yes
2026-10-05T04:27:53.693716Z,KXBTC15M-26OCT050030-30,0.0130,10.14,no
2026-10-05T04:27:53.693716Z,KXBTC15M-26OCT050030-30,0.0130,0.01,no
2026-10-05T04:27:53.693716Z,KXBTC15M-26OCT050030-30,0.0130,0.01,no
2026-10-05T04:27:53.716592Z,KXBTC15M-26OCT050030-30,0.0150,62.36,yes
2026-10-05T04:27:53.772359Z,KXBTC15M-26OCT050030-30,0.0150,124.73,yes
2026-10-05T04:27:53.807958Z,KXBTC15M-26OCT050030-30,0.0150,0.01,yes
2026-10-05T04:27:53.807958Z,KXBTC15M-26OCT050030-30,0.0150,91.88,yes
2026-10-05T04:27:53.807958Z,KXBTC15M-26OCT050030-30,0.0150,12.91,yes
2026-10-05T04:27:53.807958Z,KXBTC15M-26OCT050030-30,0.0150,10.00,yes
2026-10-05T04:27:53.807958Z,KXBTC15M-26OCT050030-30,0.0150,13.00,yes
2026-10-05T04:27:53.807958Z,KXBTC15M-26OCT050030-30,0.0150,0.01,yes
2026-10-05T04:27:53.851805Z,KXBTC15M-26OCT050030-30,0.0150,62.00,yes
2026-10-05T04:27:53.865789Z,KXBTC15M-26OCT050030-30,0.0130,36.25,no
2026-10-05T04:27:53.879176Z,KXBTC15M-26OCT050030-30,0.0150,20.00,yes
2026-10-05T04:27:53.887468Z,KXBTC15M-26OCT050030-30,0.0150,124.73,yes
2026-10-05T04:27:53.90219Z,KXBTC15M-26OCT050030-30,0.0140,2.88,no
2026-10-05T04:27:53.91289Z,KXBTC15M-26OCT050030-30,0.0150,207.44,yes
2026-10-05T04:27:53.91289Z,KXBTC15M-26OCT050030-30,0.0150,2.00,yes
2026-10-05T04:27:53.91289Z,KXBTC15M-26OCT050030-30,0.0150,1.00,yes
2026-10-05T04:27:53.91289Z,KXBTC15M-26OCT050030-30,0.0150,101.39,yes
2026-10-05T04:27:53.981958Z,KXBTC15M-26OCT050030-30,0.0150,0.01,yes
2026-10-05T04:27:53.981958Z,KXBTC15M-26OCT050030-30,0.0150,1.07,yes
2026-10-05T04:27:53.998842Z,KXBTC15M-26OCT050030-30,0.0100,6.26,no
2026-10-05T04:27:53.998842Z,KXBTC15M-26OCT050030-30,0.0100,5.67,no
2026-10-05T04:27:53.998842Z,KXBTC15M-26OCT050030-30,0.0100,102.08,no
2026-10-05T04:27:53.998842Z,KXBTC15M-26OCT050030-30,0.0100,26.67,no
2026-10-05T04:27:53.998842Z,KXBTC15M-26OCT050030-30,0.0100,90.02,no
2026-10-05T04:27:53.998842Z,KXBTC15M-26OCT050030-30,0.0100,1.02,no
2026-10-05T04:27:53.998842Z,KXBTC15M-26OCT050030-30,0.0100,50.00,no
2026-10-05T04:27:53.998842Z,KXBTC15M-26OCT050030-30,0.0100,200.00,no
2026-10-05T04:27:53.998842Z,KXBTC15M-26OCT050030-30,0.0100,41.87,no
2026-10-05T04:27:53.998842Z,KXBTC15M-26OCT050030-30,0.0100,12.00,no
2026-10-05T04:27:53.998842Z,KXBTC15M-26OCT050030-30,0.0110,65.00,no
2026-10-05T04:27:53.998842Z,KXBTC15M-26OCT050030-30,0.0100,820.00,no
2026-10-05T04:27:53.998842Z,KXBTC15M-26OCT050030-30,0.0100,15.00,no
2026-10-05T04:27:53.998842Z,KXBTC15M-26OCT050030-30,0.0100,15.00,no
2026-10-05T04:27:53.998842Z,KXBTC15M-26OCT050030-30,0.0100,25.00,no
2026-10-05T04:27:53.998842Z,KXBTC15M-26OCT050030-30,0.0100,5.25,no
2026-10-05T04:27:53.998842Z,KXBTC15M-26OCT050030-30,0.0100,1047.00,no
2026-10-05T04:27:53.998842Z,KXBTC15M-26OCT050030-30,0.0100,1.00,no
2026-10-05T04:27:53.998842Z,KXBTC15M-26OCT050030-30,0.0110,17.00,no
2026-10-05T04:27:53.998842Z,KXBTC15M-26OCT050030-30,0.0100,1.00,no
2026-10-05T04:27:53.998842Z,KXBTC15M-26OCT050030-30,0.0100,1111.00,no
2026-10-05T04:27:53.998842Z,KXBTC15M-26OCT050030-30,0.0130,1000.00,no
2026-10-05T04:27:53.998842Z,KXBTC15M-26OCT050030-30,0.0140,1.00,no
2026-10-05T04:27:53.998842Z,KXBTC15M-26OCT050030-30,0.0140,479.12,no
2026-10-05T04:27:53.998842Z,KXBTC15M-26OCT050030-30,0.0140,0.01,no
2026-10-05T04:27:53.998842Z,KXBTC15M-26OCT050030-30,0.0130,0.01,no
2026-10-05T04:27:53.998842Z,KXBTC15M-26OCT050030-30,0.0110,95.00,no
2026-10-05T04:27:53.998842Z,KXBTC15M-26OCT050030-30,0.0130,0.01,no
2026-10-05T04:27:53.998842Z,KXBTC15M-26OCT050030-30,0.0140,0.01,no
2026-10-05T04:27:53.998842Z,KXBTC15M-26OCT050030-30,0.0100,3.06,no
2026-10-05T04:27:53.998842Z,KXBTC15M-26OCT050030-30,0.0100,1.00,no
2026-10-05T04:27:53.998842Z,KXBTC15M-26OCT050030-30,0.0100,11.15,no
2026-10-05T04:27:53.998842Z,KXBTC15M-26OCT050030-30,0.0100,273.38,no
2026-10-05T04:27:53.998842Z,KXBTC15M-26OCT050030-30,0.0100,15.51,no
2026-10-05T04:27:53.998842Z,KXBTC15M-26OCT050030-30,0.0100,48.50,no
2026-10-05T04:27:53.998842Z,KXBTC15M-26OCT050030-30,0.0100,3.00,no
2026-10-05T04:27:53.998842Z,KXBTC15M-26OCT050030-30,0.0100,1.00,no
2026-10-05T04:27:53.998842Z,KXBTC15M-26OCT050030-30,0.0100,151.95,no
2026-10-05T04:27:53.998842Z,KXBTC15M-26OCT050030-30,0.0100,1.00,no
2026-10-05T04:27:53.998842Z,KXBTC15M-26OCT050030-30,0.0100,2.00,no
2026-10-05T04:27:53.998842Z,KXBTC15M-26OCT050030-30,0.0100,0.35,no
2026-10-05T04:27:53.998842Z,KXBTC15M-26OCT050030-30,0.0100,134.72,no
2026-10-05T04:27:53.998842Z,KXBTC15M-26OCT050030-30,0.0100,200.00,no
2026-10-05T04:27:54.013224Z,KXBTC15M-26OCT050030-30,0.0100,115.56,yes
2026-10-05T04:27:54.068492Z,KXBTC15M-26OCT050030-30,0.0100,62.36,yes
2026-10-05T04:27:54.069684Z,KXBTC15M-26OCT050030-30,0.0100,62.99,yes
2026-10-05T04:27:54.072926Z,KXBTC15M-26OCT050030-30,0.0100,9.16,yes
2026-10-05T04:27:54.081723Z,KXBTC15M-26OCT050030-30,0.0100,31.56,yes
2026-10-05T04:27:54.131128Z,KXBTC15M-26OCT050030-30,0.0100,311.83,yes
2026-10-05T04:27:54.152196Z,KXBTC15M-26OCT050030-30,0.0090,8.08,no
2026-10-05T04:27:54.171403Z,KXBTC15M-26OCT050030-30,0.0100,62.36,yes
2026-10-05T04:27:54.181689Z,KXBTC15M-26OCT050030-30,0.0100,44.32,yes
2026-10-05T04:27:54.24415Z,KXBTC15M-26OCT050030-30,0.0100,95.28,yes
2026-10-05T04:27:54.450863Z,KXBTC15M-26OCT050030-30,0.0100,129.51,yes
2026-10-05T04:27:54.490107Z,KXBTC15M-26OCT050030-30,0.0090,84.00,no
2026-10-05T04:27:54.490107Z,KXBTC15M-26OCT050030-30,0.0090,0.01,no
2026-10-05T04:27:54.490107Z,KXBTC15M-26OCT050030-30,0.0090,300.49,no
2026-10-05T04:27:54.490107Z,KXBTC15M-26OCT050030-30,0.0090,0.01,no
2026-10-05T04:27:54.490107Z,KXBTC15M-26OCT050030-30,0.0090,111.92,no
2026-10-05T04:27:54.526164Z,KXBTC15M-26OCT050030-30,0.0100,0.87,yes
2026-10-05T04:27:54.604779Z,KXBTC15M-26OCT050030-30,0.0100,622.52,yes
2026-10-05T04:27:54.651175Z,KXBTC15M-26OCT050030-30,0.0100,311.83,yes
2026-10-05T04:27:54.683861Z,KXBTC15M-26OCT050030-30,0.0100,4.67,yes
2026-10-05T04:27:54.69521Z,KXBTC15M-26OCT050030-30,0.0100,1.00,yes
2026-10-05T04:27:54.739575Z,KXBTC15M-26OCT050030-30,0.0100,467.59,yes
2026-10-05T04:27:54.776632Z,KXBTC15M-26OCT050030-30,0.0100,33.00,yes
2026-10-05T04:27:54.795132Z,KXBTC15M-26OCT050030-30,0.0100,93.51,yes
2026-10-05T04:27:54.801305Z,KXBTC15M-26OCT050030-30,0.0100,388.00,yes
2026-10-05T04:27:54.806982Z,KXBTC15M-26OCT050030-30,0.0100,17.32,yes
2026-10-05T04:27:54.80718Z,KXBTC15M-26OCT050030-30,0.0100,93.51,yes
2026-10-05T04:27:54.808199Z,KXBTC15M-26OCT050030-30,0.0100,93.51,yes
2026-10-05T04:27:54.811161Z,KXBTC15M-26OCT050030-30,0.0100,93.51,yes
2026-10-05T04:27:54.815739Z,KXBTC15M-26OCT050030-30,0.0100,93.51,yes
2026-10-05T04:27:54.83961Z,KXBTC15M-26OCT050030-30,0.0090,20.16,no
2026-10-05T04:27:54.895284Z,KXBTC15M-26OCT050030-30,0.0100,46.75,yes
2026-10-05T04:27:54.91923Z,KXBTC15M-26OCT050030-30,0.0090,0.98,no
2026-10-05T04:27:54.922637Z,KXBTC15M-26OCT050030-30,0.0100,51.76,yes
2026-10-05T04:27:54.939296Z,KXBTC15M-26OCT050030-30,0.0100,7.79,yes
2026-10-05T04:27:54.941227Z,KXBTC15M-26OCT050030-30,0.0100,25.00,yes
2026-10-05T04:27:54.941227Z,KXBTC15M-26OCT050030-30,0.0100,71.68,yes
2026-10-05T04:27:54.941227Z,KXBTC15M-26OCT050030-30,0.0100,8.08,yes
2026-10-05T04:27:54.941227Z,KXBTC15M-26OCT050030-30,0.0100,140.00,yes
2026-10-05T04:27:54.941227Z,KXBTC15M-26OCT050030-30,0.0100,2.00,yes
2026-10-05T04:27:54.941227Z,KXBTC15M-26OCT050030-30,0.0100,0.01,yes
2026-10-05T04:27:54.941227Z,KXBTC15M-26OCT050030-30,0.0100,111.92,yes
2026-10-05T04:27:54.941227Z,KXBTC15M-26OCT050030-30,0.0100,0.01,yes
2026-10-05T04:27:54.941227Z,KXBTC15M-26OCT050030-30,0.0100,15.00,yes
2026-10-05T04:27:54.941227Z,KXBTC15M-26OCT050030-30,0.0100,50.00,yes
2026-10-05T04:27:54.941227Z,KXBTC15M-26OCT050030-30,0.0100,224.80,yes
2026-10-05T04:27:54.962555Z,KXBTC15M-26OCT050030-30,0.0100,18.70,yes
2026-10-05T04:27:54.994163Z,KXBTC15M-26OCT050030-30,0.0100,3.11,yes
2026-10-05T04:27:55.005226Z,KXBTC15M-26OCT050030-30,0.0100,46.75,yes
2026-10-05T04:27:55.009067Z,KXBTC15M-26OCT050030-30,0.0100,59.76,yes
2026-10-05T04:27:55.009067Z,KXBTC15M-26OCT050030-30,0.0100,400.00,yes
2026-10-05T04:27:55.009067Z,KXBTC15M-26OCT050030-30,0.0100,7.83,yes
2026-10-05T04:27:55.01865Z,KXBTC15M-26OCT050030-30,0.0090,49.80,no
2026-10-05T04:27:55.027705Z,KXBTC15M-26OCT050030-30,0.0100,0.01,yes
2026-10-05T04:27:55.027705Z,KXBTC15M-26OCT050030-30,0.0110,570.00,yes
2026-10-05T04:27:55.027705Z,KXBTC15M-26OCT050030-30,0.0120,2198.25,yes
2026-10-05T04:27:55.027705Z,KXBTC15M-26OCT050030-30,0.0100,42.17,yes
2026-10-05T04:27:55.027705Z,KXBTC15M-26OCT050030-30,0.0100,0.01,yes
2026-10-05T04:27:55.027705Z,KXBTC15M-26OCT050030-30,0.0110,336.00,yes
2026-10-05T04:27:55.052921Z,KXBTC15M-26OCT050030-30,0.0110,10.00,no
2026-10-05T04:27:55.052921Z,KXBTC15M-26OCT050030-30,0.0110,242.00,no
2026-10-05T04:27:55.109266Z,KXBTC15M-26OCT050030-30,0.0120,0.01,yes
2026-10-05T04:27:55.109266Z,KXBTC15M-26OCT050030-30,0.0120,0.01,yes
2026-10-05T04:27:55.109266Z,KXBTC15M-26OCT050030-30,0.0120,62.34,yes
2026-10-05T04:27:55.125516Z,KXBTC15M-26OCT050030-30,0.0120,163.54,yes
2026-10-05T04:27:55.129846Z,KXBTC15M-26OCT050030-30,0.0130,285.00,yes
2026-10-05T04:27:55.129846Z,KXBTC15M-26OCT050030-30,0.0130,27.96,yes
2026-10-05T04:27:55.129846Z,KXBTC15M-26OCT050030-30,0.0120,1.00,yes
2026-10-05T04:27:55.129846Z,KXBTC15M-26OCT050030-30,0.0120,0.01,yes
2026-10-05T04:27:55.129846Z,KXBTC15M-26OCT050030-30,0.0130,200.00,yes
2026-10-05T04:27:55.129846Z,KXBTC15M-26OCT050030-30,0.0120,0.01,yes
2026-10-05T04:27:55.19645Z,KXBTC15M-26OCT050030-30,0.0130,0.01,yes
2026-10-05T04:27:55.19645Z,KXBTC15M-26OCT050030-30,0.0130,0.98,yes
2026-10-05T04:27:55.19645Z,KXBTC15M-26OCT050030-30,0.0130,0.01,yes
2026-10-05T04:27:55.23151Z,KXBTC15M-26OCT050030-30,0.0120,0.01,no
2026-10-05T04:27:55.23151Z,KXBTC15M-26OCT050030-30,0.0120,150.00,no
2026-10-05T04:27:55.23151Z,KXBTC15M-26OCT050030-30,0.0120,1126.00,no
2026-10-05T04:27:55.23151Z,KXBTC15M-26OCT050030-30,0.0120,500.00,no
2026-10-05T04:27:55.23151Z,KXBTC15M-26OCT050030-30,0.0120,150.00,no
2026-10-05T04:27:55.23151Z,KXBTC15M-26OCT050030-30,0.0120,147.23,no
2026-10-05T04:27:55.23151Z,KXBTC15M-26OCT050030-30,0.0120,0.01,no
2026-10-05T04:27:55.23151Z,KXBTC15M-26OCT050030-30,0.0120,500.00,no
2026-10-05T04:27:55.23151Z,KXBTC15M-26OCT050030-30,0.0120,15.00,no
2026-10-05T04:27:55.23151Z,KXBTC15M-26OCT050030-30,0.0120,330.00,no
2026-10-05T04:27:55.23151Z,KXBTC15M-26OCT050030-30,0.0120,1.00,no
2026-10-05T04:27:55.320675Z,KXBTC15M-26OCT050030-30,0.0130,209.31,yes
2026-10-05T04:27:55.333182Z,KXBTC15M-26OCT050030-30,0.0130,12.28,yes
2026-10-05T04:27:55.382782Z,KXBTC15M-26OCT050030-30,0.0130,19.54,yes
2026-10-05T04:27:55.382782Z,KXBTC15M-26OCT050030-30,0.0130,0.01,yes
2026-10-05T04:27:55.382782Z,KXBTC15M-26OCT050030-30,0.0130,1.00,yes
2026-10-05T04:27:55.382782Z,KXBTC15M-26OCT050030-30,0.0130,177.43,yes
2026-10-05T04:27:55.382782Z,KXBTC15M-26OCT050030-30,0.0130,0.01,yes
2026-10-05T04:27:55.382782Z,KXBTC15M-26OCT050030-30,0.0130,1.00,yes
2026-10-05T04:27:55.382782Z,KXBTC15M-26OCT050030-30,0.0130,1.01,yes
2026-10-05T04:27:55.395622Z,KXBTC15M-26OCT050030-30,0.0130,5.50,yes
2026-10-05T04:27:55.418566Z,KXBTC15M-26OCT050030-30,0.0130,200.00,yes
2026-10-05T04:27:55.418566Z,KXBTC15M-26OCT050030-30,0.0130,0.01,yes
2026-10-05T04:27:55.418566Z,KXBTC15M-26OCT050030-30,0.0130,357.00,yes
2026-10-05T04:27:55.418566Z,KXBTC15M-26OCT050030-30,0.0130,0.01,yes
2026-10-05T04:27:55.418566Z,KXBTC15M-26OCT050030-30,0.0130,1.00,yes
2026-10-05T04:27:55.418566Z,KXBTC15M-26OCT050030-30,0.0130,337.70,yes
2026-10-05T04:27:55.418566Z,KXBTC15M-26OCT050030-30,0.0130,79.96,yes
2026-10-05T04:27:55.418566Z,KXBTC15M-26OCT050030-30,0.0130,500.00,yes
2026-10-05T04:27:55.418566Z,KXBTC15M-26OCT050030-30,0.0130,500.00,yes
2026-10-05T04:27:55.436595Z,KXBTC15M-26OCT050030-30,0.0140,13.00,yes
2026-10-05T04:27:55.436595Z,KXBTC15M-26OCT050030-30,0.0130,0.01,yes
2026-10-05T04:27:55.436595Z,KXBTC15M-26OCT050030-30,0.0140,151.67,yes
2026-10-05T04:27:55.516871Z,KXBTC15M-26OCT050030-30,0.0130,2.14,yes
2026-10-05T04:27:55.643443Z,KXBTC15M-26OCT050030-30,0.0130,2.05,yes
2026-10-05T04:27:55.685962Z,KXBTC15M-26OCT050030-30,0.0130,97.02,yes
2026-10-05T04:27:55.685962Z,KXBTC15M-26OCT050030-30,0.0130,10.81,yes
2026-10-05T04:27:55.685962Z,KXBTC15M-26OCT050030-30,0.0130,14.00,yes
2026-10-05T04:27:55.720589Z,KXBTC15M-26OCT050030-30,0.0130,154.19,yes
2026-10-05T04:27:55.736242Z,KXBTC15M-26OCT050030-30,0.0130,148.79,yes
2026-10-05T04:27:55.736242Z,KXBTC15M-26OCT050030-30,0.0130,61.75,yes
2026-10-05T04:27:55.736242Z,KXBTC15M-26OCT050030-30,0.0130,1.00,yes
2026-10-05T04:27:55.741385Z,KXBTC15M-26OCT050030-30,0.0130,2.46,yes
2026-10-05T04:27:55.757925Z,KXBTC15M-26OCT050030-30,0.0130,71.95,yes
2026-10-05T04:27:55.779332Z,KXBTC15M-26OCT050030-30,0.0130,500.00,yes
2026-10-05T04:27:55.779332Z,KXBTC15M-26OCT050030-30,0.0140,50.94,yes
2026-10-05T04:27:55.779332Z,KXBTC15M-26OCT050030-30,0.0130,63.84,yes
2026-10-05T04:27:55.779332Z,KXBTC15M-26OCT050030-30,0.0130,400.00,yes
2026-10-05T04:27:55.779332Z,KXBTC15M-26OCT050030-30,0.0130,0.01,yes
2026-10-05T04:27:55.818669Z,KXBTC15M-26OCT050030-30,0.0140,5.25,yes
2026-10-05T04:27:55.838112Z,KXBTC15M-26OCT050030-30,0.0130,0.01,no
2026-10-05T04:27:55.838112Z,KXBTC15M-26OCT050030-30,0.0130,150.00,no
2026-10-05T04:27:55.838112Z,KXBTC15M-26OCT050030-30,0.0130,0.01,no
2026-10-05T04:27:55.838112Z,KXBTC15M-26OCT050030-30,0.0130,121.78,no
2026-10-05T04:27:55.968298Z,KXBTC15M-26OCT050030-30,0.0140,1.41,yes
2026-10-05T04:27:56.195876Z,KXBTC15M-26OCT050030-30,0.0130,0.01,no
2026-10-05T04:27:56.195876Z,KXBTC15M-26OCT050030-30,0.0130,0.01,no
2026-10-05T04:27:56.195876Z,KXBTC15M-26OCT050030-30,0.0120,11.98,no
2026-10-05T04:27:56.405962Z,KXBTC15M-26OCT050030-30,0.0130,334.08,yes
2026-10-05T04:27:56.420726Z,KXBTC15M-26OCT050030-30,0.0120,0.01,no
2026-10-05T04:27:56.420726Z,KXBTC15M-26OCT050030-30,0.0120,0.01,no
2026-10-05T04:27:56.420726Z,KXBTC15M-26OCT050030-30,0.0110,1.00,no
2026-10-05T04:27:56.420726Z,KXBTC15M-26OCT050030-30,0.0110,1000.00,no
2026-10-05T04:27:56.420726Z,KXBTC15M-26OCT050030-30,0.0110,200.00,no
2026-10-05T04:27:56.420726Z,KXBTC15M-26OCT050030-30,0.0080,17.00,no
2026-10-05T04:27:56.420726Z,KXBTC15M-26OCT050030-30,0.0110,95.00,no
2026-10-05T04:27:56.420726Z,KXBTC15M-26OCT050030-30,0.0080,10.00,no
2026-10-05T04:27:56.420726Z,KXBTC15M-26OCT050030-30,0.0120,3.02,no
2026-10-05T04:27:56.420726Z,KXBTC15M-26OCT050030-30,0.0100,50.00,no
2026-10-05T04:27:56.420726Z,KXBTC15M-26OCT050030-30,0.0100,1.00,no
2026-10-05T04:27:56.420726Z,KXBTC15M-26OCT050030-30,0.0100,3141.00,no
2026-10-05T04:27:56.420726Z,KXBTC15M-26OCT050030-30,0.0100,69.00,no
2026-10-05T04:27:56.420726Z,KXBTC15M-26OCT050030-30,0.0090,15.00,no
2026-10-05T04:27:56.420726Z,KXBTC15M-26OCT050030-30,0.0080,120.00,no
2026-10-05T04:27:56.420726Z,KXBTC15M-26OCT050030-30,0.0070,227.06,no
2026-10-05T04:27:56.482401Z,KXBTC15M-26OCT050030-30,0.0100,102.41,yes
2026-10-05T04:27:56.51203Z,KXBTC15M-26OCT050030-30,0.0100,34.55,yes
2026-10-05T04:27:56.549207Z,KXBTC15M-26OCT050030-30,0.0100,53.78,yes
2026-10-05T04:27:56.549207Z,KXBTC15M-26OCT050030-30,0.0100,13.04,yes
2026-10-05T04:27:56.593099Z,KXBTC15M-26OCT050030-30,0.0100,96.22,yes
2026-10-05T04:27:56.593099Z,KXBTC15M-26OCT050030-30,0.0100,0.01,yes
2026-10-05T04:27:56.593099Z,KXBTC15M-26OCT050030-30,0.0100,72.25,yes
2026-10-05T04:27:56.593099Z,KXBTC15M-26OCT050030-30,0.0100,50.00,yes
2026-10-05T04:27:56.593099Z,KXBTC15M-26OCT050030-30,0.0100,0.01,yes
2026-10-05T04:27:56.645613Z,KXBTC15M-26OCT050030-30,0.0100,47.75,yes
2026-10-05T04:27:56.645613Z,KXBTC15M-26OCT050030-30,0.0100,70.88,yes
2026-10-05T04:27:56.645613Z,KXBTC15M-26OCT050030-30,0.0100,15.00,yes
2026-10-05T04:27:56.702394Z,KXBTC15M-26OCT050030-30,0.0100,0.01,yes
2026-10-05T04:27:56.702394Z,KXBTC15M-26OCT050030-30,0.0100,19.79,yes
2026-10-05T04:27:56.702394Z,KXBTC15M-26OCT050030-30,0.0100,0.01,yes
2026-10-05T04:27:56.708954Z,KXBTC15M-26OCT050030-30,0.0100,30.21,yes
2026-10-05T04:27:56.708954Z,KXBTC15M-26OCT050030-30,0.0100,0.01,yes
2026-10-05T04:27:56.708954Z,KXBTC15M-26OCT050030-30,0.0110,36.59,yes
2026-10-05T04:27:56.708954Z,KXBTC15M-26OCT050030-30,0.0100,0.01,yes
2026-10-05T04:27:56.711397Z,KXBTC15M-26OCT050030-30,0.0110,26.64,yes
2026-10-05T04:27:56.717328Z,KXBTC15M-26OCT050030-30,0.0100,74.42,no
2026-10-05T04:27:56.724727Z,KXBTC15M-26OCT050030-30,0.0110,3.31,yes
2026-10-05T04:27:56.768751Z,KXBTC15M-26OCT050030-30,0.0100,75.58,no
2026-10-05T04:27:56.768751Z,KXBTC15M-26OCT050030-30,0.0100,150.00,no
2026-10-05T04:27:56.768751Z,KXBTC15M-26OCT050030-30,0.0100,143.08,no
2026-10-05T04:27:56.830216Z,KXBTC15M-26OCT050030-30,0.0110,143.90,yes
2026-10-05T04:27:56.94375Z,KXBTC15M-26OCT050030-30,0.0110,94.65,yes
2026-10-05T04:27:57.005364Z,KXBTC15M-26OCT050030-30,0.0110,71.95,yes
2026-10-05T04:27:57.101082Z,KXBTC15M-26OCT050030-30,0.0100,11.10,no
2026-10-05T04:27:57.109188Z,KXBTC15M-26OCT050030-30,0.0110,85.43,yes
2026-10-05T04:27:57.184905Z,KXBTC15M-26OCT050030-30,0.0110,425.11,yes
2026-10-05T04:27:57.212721Z,KXBTC15M-26OCT050030-30,0.0110,2.00,yes
2026-10-05T04:27:57.314502Z,KXBTC15M-26OCT050030-30,0.0110,804.56,yes
2026-10-05T04:27:57.314502Z,KXBTC15M-26OCT050030-30,0.0120,17.26,yes
2026-10-05T04:27:57.314502Z,KXBTC15M-26OCT050030-30,0.0130,1047.00,yes
2026-10-05T04:27:57.314502Z,KXBTC15M-26OCT050030-30,0.0120,368.00,yes
2026-10-05T04:27:57.314502Z,KXBTC15M-26OCT050030-30,0.0110,840.00,yes
2026-10-05T04:27:57.314502Z,KXBTC15M-26OCT050030-30,0.0110,973.00,yes
2026-10-05T04:27:57.314502Z,KXBTC15M-26OCT050030-30,0.0120,1.00,yes
2026-10-05T04:27:57.314502Z,KXBTC15M-26OCT050030-30,0.0110,0.01,yes
2026-10-05T04:27:57.314502Z,KXBTC15M-26OCT050030-30,0.0120,200.00,yes
2026-10-05T04:27:57.314502Z,KXBTC15M-26OCT050030-30,0.0110,227.06,yes
2026-10-05T04:27:57.314502Z,KXBTC15M-26OCT050030-30,0.0110,157.42,yes
2026-10-05T04:27:57.314502Z,KXBTC15M-26OCT050030-30,0.0120,15.00,yes
2026-10-05T04:27:57.314502Z,KXBTC15M-26OCT050030-30,0.0110,200.00,yes
2026-10-05T04:27:57.314502Z,KXBTC15M-26OCT050030-30,0.0110,1.00,yes
2026-10-05T04:27:57.314502Z,KXBTC15M-26OCT050030-30,0.0130,1855.65,yes
2026-10-05T04:27:57.314502Z,KXBTC15M-26OCT050030-30,0.0110,400.00,yes
2026-10-05T04:27:57.314502Z,KXBTC15M-26OCT050030-30,0.0110,500.00,yes
2026-10-05T04:27:57.314502Z,KXBTC15M-26OCT050030-30,0.0120,248.52,yes
2026-10-05T04:27:57.326261Z,KXBTC15M-26OCT050030-30,0.0110,400.00,yes
2026-10-05T04:27:57.326261Z,KXBTC15M-26OCT050030-30,0.0130,16.60,yes
2026-10-05T04:27:57.357455Z,KXBTC15M-26OCT050030-30,0.0100,0.01,no
2026-10-05T04:27:57.357455Z,KXBTC15M-26OCT050030-30,0.0100,0.01,no
2026-10-05T04:27:57.357455Z,KXBTC15M-26OCT050030-30,0.0100,4.44,no
2026-10-05T04:27:57.357455Z,KXBTC15M-26OCT050030-30,0.0100,38.90,no
2026-10-05T04:27:57.38358Z,KXBTC15M-26OCT050030-30,0.0110,15.00,yes
2026-10-05T04:27:57.38358Z,KXBTC15M-26OCT050030-30,0.0110,400.00,yes
2026-10-05T04:27:57.38358Z,KXBTC15M-26OCT050030-30,0.0110,10.10,yes
2026-10-05T04:27:57.38358Z,KXBTC15M-26OCT050030-30,0.0110,0.01,yes
2026-10-05T04:27:57.39545Z,KXBTC15M-26OCT050030-30,0.0120,5.27,yes
2026-10-05T04:27:57.401108Z,KXBTC15M-26OCT050030-30,0.0110,150.00,no
2026-10-05T04:27:57.401108Z,KXBTC15M-26OCT050030-30,0.0100,500.00,no
2026-10-05T04:27:57.401108Z,KXBTC15M-26OCT050030-30,0.0100,253.16,no
2026-10-05T04:27:57.401108Z,KXBTC15M-26OCT050030-30,0.0110,0.01,no
2026-10-05T04:27:57.401108Z,KXBTC15M-26OCT050030-30,0.0110,150.00,no
2026-10-05T04:27:57.401108Z,KXBTC15M-26OCT050030-30,0.0110,500.00,no
2026-10-05T04:27:57.401108Z,KXBTC15M-26OCT050030-30,0.0110,150.00,no
2026-10-05T04:27:57.401108Z,KXBTC15M-26OCT050030-30,0.0110,0.01,no
2026-10-05T04:27:57.401108Z,KXBTC15M-26OCT050030-30,0.0100,548.36,no
2026-10-05T04:27:57.401108Z,KXBTC15M-26OCT050030-30,0.0110,150.00,no
2026-10-05T04:27:57.401108Z,KXBTC15M-26OCT050030-30,0.0110,150.00,no
2026-10-05T04:27:57.401108Z,KXBTC15M-26OCT050030-30,0.0110,150.00,no
2026-10-05T04:27:57.401108Z,KXBTC15M-26OCT050030-30,0.0100,0.46,no
2026-10-05T04:27:57.401108Z,KXBTC15M-26OCT050030-30,0.0110,1000.00,no
2026-10-05T04:27:57.401108Z,KXBTC15M-26OCT050030-30,0.0110,17.00,no
2026-10-05T04:27:57.401108Z,KXBTC15M-26OCT050030-30,0.0100,675.00,no
2026-10-05T04:27:57.401108Z,KXBTC15M-26OCT050030-30,0.0100,1.00,no
2026-10-05T04:27:57.444665Z,KXBTC15M-26OCT050030-30,0.0100,5.02,no
2026-10-05T04:27:57.444665Z,KXBTC15M-26OCT050030-30,0.0100,0.01,no
2026-10-05T04:27:57.444665Z,KXBTC15M-26OCT050030-30,0.0100,0.01,no
2026-10-05T04:27:57.461559Z,KXBTC15M-26OCT050030-30,0.0110,2.55,yes
2026-10-05T04:27:57.500852Z,KXBTC15M-26OCT050030-30,0.0110,85.02,yes
2026-10-05T04:27:57.532415Z,KXBTC15M-26OCT050030-30,0.0100,44.98,no
2026-10-05T04:27:57.532415Z,KXBTC15M-26OCT050030-30,0.0100,5.02,no
2026-10-05T04:27:57.61826Z,KXBTC15M-26OCT050030-30,0.0110,85.02,yes
2026-10-05T04:27:57.666718Z,KXBTC15M-26OCT050030-30,0.0100,0.01,no
2026-10-05T04:27:57.666718Z,KXBTC15M-26OCT050030-30,0.0100,50.00,no
2026-10-05T04:27:57.666718Z,KXBTC15M-26OCT050030-30,0.0080,17.00,no
2026-10-05T04:27:57.666718Z,KXBTC15M-26OCT050030-30,0.0100,9.98,no
2026-10-05T04:27:57.666718Z,KXBTC15M-26OCT050030-30,0.0100,0.01,no
2026-10-05T04:27:57.666718Z,KXBTC15M-26OCT050030-30,0.0080,86.00,no
2026-10-05T04:27:57.666718Z,KXBTC15M-26OCT050030-30,0.0090,137.00,no
2026-10-05T04:27:57.666718Z,KXBTC15M-26OCT050030-30,0.0080,5.06,no
2026-10-05T04:27:57.666718Z,KXBTC15M-26OCT050030-30,0.0080,1.00,no
2026-10-05T04:27:57.666718Z,KXBTC15M-26OCT050030-30,0.0080,10.00,no
2026-10-05T04:27:57.666718Z,KXBTC15M-26OCT050030-30,0.0090,15.00,no
2026-10-05T04:27:57.666718Z,KXBTC15M-26OCT050030-30,0.0090,54.00,no
2026-10-05T04:27:57.666718Z,KXBTC15M-26OCT050030-30,0.0070,1052.94,no
2026-10-05T04:27:57.666718Z,KXBTC15M-26OCT050030-30,0.0070,638.72,no
2026-10-05T04:27:57.731308Z,KXBTC15M-26OCT050030-30,0.0110,166.64,yes
2026-10-05T04:27:57.807356Z,KXBTC15M-26OCT050030-30,0.0110,172.56,yes
2026-10-05T04:27:57.807356Z,KXBTC15M-26OCT050030-30,0.0110,60.77,yes
2026-10-05T04:27:57.815498Z,KXBTC15M-26OCT050030-30,0.0110,27.44,yes
2026-10-05T04:27:57.815498Z,KXBTC15M-26OCT050030-30,0.0110,0.01,yes
2026-10-05T04:27:57.815498Z,KXBTC15M-26OCT050030-30,0.0110,0.01,yes
2026-10-05T04:27:57.815498Z,KXBTC15M-26OCT050030-30,0.0110,4.18,yes
2026-10-05T04:27:57.816989Z,KXBTC15M-26OCT050030-30,0.0110,5.33,yes
2026-10-05T04:27:57.821077Z,KXBTC15M-26OCT050030-30,0.0110,7.79,yes
2026-10-05T04:27:57.860138Z,KXBTC15M-26OCT050030-30,0.0110,4.51,yes
2026-10-05T04:27:57.868191Z,KXBTC15M-26OCT050030-30,0.0110,0.01,yes
2026-10-05T04:27:57.868191Z,KXBTC15M-26OCT050030-30,0.0110,15.00,yes
2026-10-05T04:27:57.868191Z,KXBTC15M-26OCT050030-30,0.0120,15.00,yes
2026-10-05T04:27:57.868191Z,KXBTC15M-26OCT050030-30,0.0110,400.00,yes
2026-10-05T04:27:57.868191Z,KXBTC15M-26OCT050030-30,0.0110,478.19,yes
2026-10-05T04:27:57.868191Z,KXBTC15M-26OCT050030-30,0.0110,1052.94,yes
2026-10-05T04:27:57.868191Z,KXBTC15M-26OCT050030-30,0.0120,59.81,yes
2026-10-05T04:27:57.868191Z,KXBTC15M-26OCT050030-30,0.0110,200.00,yes
2026-10-05T04:27:57.868191Z,KXBTC15M-26OCT050030-30,0.0110,0.01,yes
2026-10-05T04:27:57.868191Z,KXBTC15M-26OCT050030-30,0.0110,638.72,yes
2026-10-05T04:27:57.868191Z,KXBTC15M-26OCT050030-30,0.0110,2.00,yes
2026-10-05T04:27:57.897847Z,KXBTC15M-26OCT050030-30,0.0090,103.00,no
2026-10-05T04:27:57.897847Z,KXBTC15M-26OCT050030-30,0.0100,0.01,no
2026-10-05T04:27:57.897847Z,KXBTC15M-26OCT050030-30,0.0100,0.01,no
2026-10-05T04:27:57.897847Z,KXBTC15M-26OCT050030-30,0.0090,500.00,no
2026-10-05T04:27:57.897847Z,KXBTC15M-26OCT050030-30,0.0100,15.00,no
2026-10-05T04:27:57.897847Z,KXBTC15M-26OCT050030-30,0.0080,17.00,no
2026-10-05T04:27:57.897847Z,KXBTC15M-26OCT050030-30,0.0070,3141.00,no
2026-10-05T04:27:57.897847Z,KXBTC15M-26OCT050030-30,0.0080,69.00,no
2026-10-05T04:27:57.897847Z,KXBTC15M-26OCT050030-30,0.0080,86.00,no
2026-10-05T04:27:57.897847Z,KXBTC15M-26OCT050030-30,0.0100,50.00,no
2026-10-05T04:27:57.897847Z,KXBTC15M-26OCT050030-30,0.0070,1000.00,no
2026-10-05T04:27:57.897847Z,KXBTC15M-26OCT050030-30,0.0070,2.00,no
2026-10-05T04:27:57.897847Z,KXBTC15M-26OCT050030-30,0.0070,120.00,no
2026-10-05T04:27:57.897847Z,KXBTC15M-26OCT050030-30,0.0060,50.00,no
2026-10-05T04:27:57.897847Z,KXBTC15M-26OCT050030-30,0.0070,1280.00,no
2026-10-05T04:27:57.897847Z,KXBTC15M-26OCT050030-30,0.0060,418.17,no
2026-10-05T04:27:57.897847Z,KXBTC15M-26OCT050030-30,0.0070,641.28,no
2026-10-05T04:27:57.897847Z,KXBTC15M-26OCT050030-30,0.0070,1280.00,no
2026-10-05T04:27:57.923147Z,KXBTC15M-26OCT050030-30,0.0070,200.00,no
2026-10-05T04:27:57.923147Z,KXBTC15M-26OCT050030-30,0.0070,0.01,no
2026-10-05T04:27:57.923147Z,KXBTC15M-26OCT050030-30,0.0070,100.00,no
2026-10-05T04:27:57.923147Z,KXBTC15M-26OCT050030-30,0.0070,0.01,no
2026-10-05T04:27:57.923147Z,KXBTC15M-26OCT050030-30,0.0070,128.98,no
2026-10-05T04:27:57.932391Z,KXBTC15M-26OCT050030-30,0.0070,1688.01,no
2026-10-05T04:27:57.932391Z,KXBTC15M-26OCT050030-30,0.0070,15.00,no
2026-10-05T04:27:57.932391Z,KXBTC15M-26OCT050030-30,0.0070,0.01,no
2026-10-05T04:27:57.932391Z,KXBTC15M-26OCT050030-30,0.0070,271.02,no
2026-10-05T04:27:57.932391Z,KXBTC15M-26OCT050030-30,0.0070,0.01,no
2026-10-05T04:27:57.933206Z,KXBTC15M-26OCT050030-30,0.0070,24.72,no
2026-10-05T04:27:57.936738Z,KXBTC15M-26OCT050030-30,0.0070,5.00,no
2026-10-05T04:27:57.939351Z,KXBTC15M-26OCT050030-30,0.0070,66.00,no
2026-10-05T04:27:57.942417Z,KXBTC15M-26OCT050030-30,0.0070,0.01,no
2026-10-05T04:27:57.942417Z,KXBTC15M-26OCT050030-30,0.0070,0.01,no
2026-10-05T04:27:57.942417Z,KXBTC15M-26OCT050030-30,0.0070,144.27,no
2026-10-05T04:27:57.942417Z,KXBTC15M-26OCT050030-30,0.0070,100.00,no
2026-10-05T04:27:57.942417Z,KXBTC15M-26OCT050030-30,0.0070,15.00,no
2026-10-05T04:27:57.942417Z,KXBTC15M-26OCT050030-30,0.0060,131.23,no
2026-10-05T04:27:57.954289Z,KXBTC15M-26OCT050030-30,0.0060,165.00,no
2026-10-05T04:27:57.980549Z,KXBTC15M-26OCT050030-30,0.0060,2.76,no
2026-10-05T04:27:57.985183Z,KXBTC15M-26OCT050030-30,0.0060,33.00,no
2026-10-05T04:27:58.000161Z,KXBTC15M-26OCT050030-30,0.0060,82.00,no
2026-10-05T04:27:58.013084Z,KXBTC15M-26OCT050030-30,0.0060,17.00,no
2026-10-05T04:27:58.029486Z,KXBTC15M-26OCT050030-30,0.0060,2.00,no
2026-10-05T04:27:58.04407Z,KXBTC15M-26OCT050030-30,0.0060,21.00,no
2026-10-05T04:27:58.059009Z,KXBTC15M-26OCT050030-30,0.0060,10.00,no
2026-10-05T04:27:58.072372Z,KXBTC15M-26OCT050030-30,0.0070,85.02,yes
2026-10-05T04:27:58.073575Z,KXBTC15M-26OCT050030-30,0.0070,150.00,yes
2026-10-05T04:27:58.073575Z,KXBTC15M-26OCT050030-30,0.0070,150.00,yes
2026-10-05T04:27:58.073575Z,KXBTC15M-26OCT050030-30,0.0070,129.92,yes
2026-10-05T04:27:58.073575Z,KXBTC15M-26OCT050030-30,0.0070,64.98,yes
2026-10-05T04:27:58.074552Z,KXBTC15M-26OCT050030-30,0.0060,53.00,no
2026-10-05T04:27:58.089091Z,KXBTC15M-26OCT050030-30,0.0060,1.00,no
2026-10-05T04:27:58.103589Z,KXBTC15M-26OCT050030-30,0.0060,4.00,no
2026-10-05T04:27:58.119888Z,KXBTC15M-26OCT050030-30,0.0060,7.00,no
2026-10-05T04:27:58.267942Z,KXBTC15M-26OCT050030-30,0.0070,15.00,yes
2026-10-05T04:27:58.267942Z,KXBTC15M-26OCT050030-30,0.0070,0.01,yes
2026-10-05T04:27:58.267942Z,KXBTC15M-26OCT050030-30,0.0070,820.21,yes
2026-10-05T04:27:58.267942Z,KXBTC15M-26OCT050030-30,0.0070,15.00,yes
2026-10-05T04:27:58.267942Z,KXBTC15M-26OCT050030-30,0.0070,0.01,yes
2026-10-05T04:27:58.285686Z,KXBTC15M-26OCT050030-30,0.0070,2.76,yes
2026-10-05T04:27:58.285686Z,KXBTC15M-26OCT050030-30,0.0070,12.35,yes
2026-10-05T04:27:58.285686Z,KXBTC15M-26OCT050030-30,0.0070,33.00,yes
2026-10-05T04:27:58.285686Z,KXBTC15M-26OCT050030-30,0.0070,82.79,yes
2026-10-05T04:27:58.31818Z,KXBTC15M-26OCT050030-30,0.0070,53.00,yes
2026-10-05T04:27:58.31818Z,KXBTC15M-26OCT050030-30,0.0070,69.65,yes
2026-10-05T04:27:58.31818Z,KXBTC15M-26OCT050030-30,0.0070,0.01,yes
2026-10-05T04:27:58.31818Z,KXBTC15M-26OCT050030-30,0.0070,21.00,yes
2026-10-05T04:27:58.31818Z,KXBTC15M-26OCT050030-30,0.0070,10.00,yes
2026-10-05T04:27:58.31818Z,KXBTC15M-26OCT050030-30,0.0070,7.00,yes
2026-10-05T04:27:58.31818Z,KXBTC15M-26OCT050030-30,0.0070,465.56,yes
2026-10-05T04:27:58.31818Z,KXBTC15M-26OCT050030-30,0.0070,200.00,yes
2026-10-05T04:27:58.31818Z,KXBTC15M-26OCT050030-30,0.0070,1.00,yes
2026-10-05T04:27:58.31818Z,KXBTC15M-26OCT050030-30,0.0070,4.00,yes
2026-10-05T04:27:58.31818Z,KXBTC15M-26OCT050030-30,0.0070,2.00,yes
2026-10-05T04:27:58.31818Z,KXBTC15M-26OCT050030-30,0.0070,0.01,yes
2026-10-05T04:27:58.31818Z,KXBTC15M-26OCT050030-30,0.0070,17.00,yes
2026-10-05T04:27:58.325621Z,KXBTC15M-26OCT050030-30,0.0070,9.75,yes
2026-10-05T04:27:58.33005Z,KXBTC15M-26OCT050030-30,0.0070,0.01,yes
2026-10-05T04:27:58.33005Z,KXBTC15M-26OCT050030-30,0.0070,1.69,yes
2026-10-05T04:27:58.33005Z,KXBTC15M-26OCT050030-30,0.0070,0.01,yes
2026-10-05T04:27:58.33005Z,KXBTC15M-26OCT050030-30,0.0070,34.00,yes
2026-10-05T04:27:58.33005Z,KXBTC15M-26OCT050030-30,0.0080,49.31,yes
2026-10-05T04:27:58.343043Z,KXBTC15M-26OCT050030-30,0.0080,58.44,yes
2026-10-05T04:27:58.351852Z,KXBTC15M-26OCT050030-30,0.0080,2.06,yes
2026-10-05T04:27:58.370095Z,KXBTC15M-26OCT050030-30,0.0080,11.15,yes
2026-10-05T04:27:58.403985Z,KXBTC15M-26OCT050030-30,0.0080,85.02,yes
2026-10-05T04:27:58.495005Z,KXBTC15M-26OCT050030-30,0.0080,2.00,yes
2026-10-05T04:27:58.579613Z,KXBTC15M-26OCT050030-30,0.0080,10.35,yes
2026-10-05T04:27:58.585047Z,KXBTC15M-26OCT050030-30,0.0070,74.41,no
2026-10-05T04:27:58.738482Z,KXBTC15M-26OCT050030-30,0.0080,96.78,yes
2026-10-05T04:27:58.742837Z,KXBTC15M-26OCT050030-30,0.0080,1000.00,yes
2026-10-05T04:27:58.786519Z,KXBTC15M-26OCT050030-30,0.0080,572.73,yes
2026-10-05T04:27:58.78905Z,KXBTC15M-26OCT050030-30,0.0070,150.00,no
2026-10-05T04:27:58.78905Z,KXBTC15M-26OCT050030-30,0.0070,127.21,no
2026-10-05T04:27:58.78905Z,KXBTC15M-26OCT050030-30,0.0070,75.59,no
2026-10-05T04:27:58.78905Z,KXBTC15M-26OCT050030-30,0.0070,150.00,no
2026-10-05T04:27:58.845052Z,KXBTC15M-26OCT050030-30,0.0080,51.98,yes
2026-10-05T04:27:58.864418Z,KXBTC15M-26OCT050030-30,0.0080,46.00,yes
2026-10-05T04:27:58.864882Z,KXBTC15M-26OCT050030-30,0.0080,355.96,yes
2026-10-05T04:27:58.917849Z,KXBTC15M-26OCT050030-30,0.0080,41.43,yes
2026-10-05T04:27:58.940199Z,KXBTC15M-26OCT050030-30,0.0080,116.88,yes
2026-10-05T04:27:58.975195Z,KXBTC15M-26OCT050030-30,0.0070,129.17,no
2026-10-05T04:27:58.975195Z,KXBTC15M-26OCT050030-30,0.0070,150.00,no
2026-10-05T04:27:58.975195Z,KXBTC15M-26OCT050030-30,0.0070,22.79,no
2026-10-05T04:27:59.025457Z,KXBTC15M-26OCT050030-30,0.0080,1.27,yes
2026-10-05T04:27:59.062263Z,KXBTC15M-26OCT050030-30,0.0080,116.88,yes
2026-10-05T04:27:59.097934Z,KXBTC15M-26OCT050030-30,0.0080,43.00,yes
2026-10-05T04:27:59.102432Z,KXBTC15M-26OCT050030-30,0.0080,1.79,yes
2026-10-05T04:27:59.119161Z,KXBTC15M-26OCT050030-30,0.0080,143.57,yes
2026-10-05T04:27:59.208608Z,KXBTC15M-26OCT050030-30,0.0080,815.18,yes
2026-10-05T04:27:59.208608Z,KXBTC15M-26OCT050030-30,0.0080,353.65,yes
2026-10-05T04:27:59.274895Z,KXBTC15M-26OCT050030-30,0.0070,20.83,no
2026-10-05T04:27:59.274895Z,KXBTC15M-26OCT050030-30,0.0070,0.01,no
2026-10-05T04:27:59.274895Z,KXBTC15M-26OCT050030-30,0.0070,72.00,no
2026-10-05T04:27:59.274895Z,KXBTC15M-26OCT050030-30,0.0070,0.01,no
2026-10-05T04:27:59.274895Z,KXBTC15M-26OCT050030-30,0.0070,7.80,no
2026-10-05T04:27:59.317421Z,KXBTC15M-26OCT050030-30,0.0070,26.76,no
2026-10-05T04:27:59.320804Z,KXBTC15M-26OCT050030-30,0.0080,233.77,yes
2026-10-05T04:27:59.366364Z,KXBTC15M-26OCT050030-30,0.0080,60.35,yes
2026-10-05T04:27:59.366364Z,KXBTC15M-26OCT050030-30,0.0080,53.86,yes
2026-10-05T04:27:59.382941Z,KXBTC15M-26OCT050030-30,0.0080,8.10,yes
2026-10-05T04:27:59.43296Z,KXBTC15M-26OCT050030-30,0.0080,51.55,yes
2026-10-05T04:27:59.43296Z,KXBTC15M-26OCT050030-30,0.0080,65.33,yes
2026-10-05T04:27:59.450447Z,KXBTC15M-26OCT050030-30,0.0080,229.09,yes
2026-10-05T04:27:59.706253Z,KXBTC15M-26OCT050030-30,0.0080,109.25,yes
2026-10-05T04:27:59.736285Z,KXBTC15M-26OCT050030-30,0.0080,130.47,yes
2026-10-05T04:27:59.736285Z,KXBTC15M-26OCT050030-30,0.0080,131.23,yes
2026-10-05T04:27:59.736285Z,KXBTC15M-26OCT050030-30,0.0080,50.00,yes
2026-10-05T04:27:59.736285Z,KXBTC15M-26OCT050030-30,0.0080,14.50,yes
2026-10-05T04:27:59.805175Z,KXBTC15M-26OCT050030-30,0.0080,10.85,yes
2026-10-05T04:27:59.826498Z,KXBTC15M-26OCT050030-30,0.0070,20.00,no
2026-10-05T04:27:59.969488Z,KXBTC15M-26OCT050030-30,0.0070,45.44,no
2026-10-05T04:27:59.969488Z,KXBTC15M-26OCT050030-30,0.0070,135.23,no
2026-10-05T04:28:00.024712Z,KXBTC15M-26OCT050030-30,0.0080,11.45,yes
2026-10-05T04:28:00.030076Z,KXBTC15M-26OCT050030-30,0.0080,3.11,yes
2026-10-05T04:28:00.045207Z,KXBTC15M-26OCT050030-30,0.0080,2.00,yes
2026-10-05T04:28:00.045207Z,KXBTC15M-26OCT050030-30,0.0080,1.00,yes
2026-10-05T04:28:00.045207Z,KXBTC15M-26OCT050030-30,0.0080,50.00,yes
2026-10-05T04:28:00.045207Z,KXBTC15M-26OCT050030-30,0.0080,0.01,yes
2026-10-05T04:28:00.045207Z,KXBTC15M-26OCT050030-30,0.0080,0.01,yes
2026-10-05T04:28:00.045207Z,KXBTC15M-26OCT050030-30,0.0090,77.27,yes
2026-10-05T04:28:00.045207Z,KXBTC15M-26OCT050030-30,0.0080,9.12,yes
2026-10-05T04:28:00.060817Z,KXBTC15M-26OCT050030-30,0.0080,150.00,no
2026-10-05T04:28:00.060817Z,KXBTC15M-26OCT050030-30,0.0080,11.80,no
2026-10-05T04:28:00.075725Z,KXBTC15M-26OCT050030-30,0.0080,0.20,no
2026-10-05T04:28:00.102858Z,KXBTC15M-26OCT050030-30,0.0080,0.01,no
2026-10-05T04:28:00.102858Z,KXBTC15M-26OCT050030-30,0.0080,107.01,no
2026-10-05T04:28:00.102858Z,KXBTC15M-26OCT050030-30,0.0080,69.95,no
2026-10-05T04:28:00.102858Z,KXBTC15M-26OCT050030-30,0.0080,0.01,no
2026-10-05T04:28:00.102858Z,KXBTC15M-26OCT050030-30,0.0080,488.00,no
2026-10-05T04:28:00.102858Z,KXBTC15M-26OCT050030-30,0.0080,500.00,no
2026-10-05T04:28:00.102858Z,KXBTC15M-26OCT050030-30,0.0080,17.00,no
2026-10-05T04:28:00.102858Z,KXBTC15M-26OCT050030-30,0.0080,318.02,no
2026-10-05T04:28:00.219053Z,KXBTC15M-26OCT050030-30,0.0090,0.01,yes
2026-10-05T04:28:00.219053Z,KXBTC15M-26OCT050030-30,0.0090,0.01,yes
2026-10-05T04:28:00.219053Z,KXBTC15M-26OCT050030-30,0.0090,1.00,yes
2026-10-05T04:28:00.226083Z,KXBTC15M-26OCT050030-30,0.0080,78.18,no
2026-10-05T04:28:00.292359Z,KXBTC15M-26OCT050030-30,0.0090,0.01,yes
2026-10-05T04:28:00.292359Z,KXBTC15M-26OCT050030-30,0.0090,0.01,yes
2026-10-05T04:28:00.292359Z,KXBTC15M-26OCT050030-30,0.0090,8.60,yes
2026-10-05T04:28:00.359582Z,KXBTC15M-26OCT050030-30,0.0090,0.01,yes
2026-10-05T04:28:00.359582Z,KXBTC15M-26OCT050030-30,0.0090,1.00,yes
2026-10-05T04:28:00.359582Z,KXBTC15M-26OCT050030-30,0.0090,1.40,yes
2026-10-05T04:28:00.359582Z,KXBTC15M-26OCT050030-30,0.0090,0.01,yes
2026-10-05T04:28:00.359582Z,KXBTC15M-26OCT050030-30,0.0100,7.70,yes
2026-10-05T04:28:00.396861Z,KXBTC15M-26OCT050030-30,0.0100,300.30,yes
2026-10-05T04:28:00.396861Z,KXBTC15M-26OCT050030-30,0.0100,138.66,yes
2026-10-05T04:28:00.396861Z,KXBTC15M-26OCT050030-30,0.0100,1.00,yes
2026-10-05T04:28:00.417729Z,KXBTC15M-26OCT050030-30,0.0100,6.90,yes
2026-10-05T04:28:00.417729Z,KXBTC15M-26OCT050030-30,0.0100,3.10,yes
2026-10-05T04:28:00.431574Z,KXBTC15M-26OCT050030-30,0.0090,14.00,yes
2026-10-05T04:28:00.431574Z,KXBTC15M-26OCT050030-30,0.0100,15.66,yes
2026-10-05T04:28:00.615878Z,KXBTC15M-26OCT050030-30,0.0080,500.00,no
2026-10-05T04:28:00.615878Z,KXBTC15M-26OCT050030-30,0.0080,86.00,no
2026-10-05T04:28:00.615878Z,KXBTC15M-26OCT050030-30,0.0080,400.00,no
2026-10-05T04:28:00.615878Z,KXBTC15M-26OCT050030-30,0.0080,271.25,no
2026-10-05T04:28:00.615878Z,KXBTC15M-26OCT050030-30,0.0080,0.01,no
2026-10-05T04:28:00.615878Z,KXBTC15M-26OCT050030-30,0.0080,0.01,no
2026-10-05T04:28:00.615878Z,KXBTC15M-26OCT050030-30,0.0080,17.00,no
2026-10-05T04:28:00.615878Z,KXBTC15M-26OCT050030-30,0.0080,500.00,no
2026-10-05T04:28:00.615878Z,KXBTC15M-26OCT050030-30,0.0080,4.28,no
2026-10-05T04:28:00.615878Z,KXBTC15M-26OCT050030-30,0.0080,844.00,no
2026-10-05T04:28:00.615878Z,KXBTC15M-26OCT050030-30,0.0080,844.00,no
2026-10-05T04:28:00.615878Z,KXBTC15M-26OCT050030-30,0.0080,100.00,no
2026-10-05T04:28:00.615878Z,KXBTC15M-26OCT050030-30,0.0070,1199.18,no
2026-10-05T04:28:00.615878Z,KXBTC15M-26OCT050030-30,0.0070,106.24,no
2026-10-05T04:28:00.615878Z,KXBTC15M-26OCT050030-30,0.0060,160.26,no
2026-10-05T04:28:00.632037Z,KXBTC15M-26OCT050030-30,0.0100,0.01,yes
2026-10-05T04:28:00.632037Z,KXBTC15M-26OCT050030-30,0.0100,1.00,yes
2026-10-05T04:28:00.632037Z,KXBTC15M-26OCT050030-30,0.0100,60.00,yes
2026-10-05T04:28:00.632037Z,KXBTC15M-26OCT050030-30,0.0100,80.00,yes
2026-10-05T04:28:00.632037Z,KXBTC15M-26OCT050030-30,0.0100,0.01,yes
2026-10-05T04:28:00.632037Z,KXBTC15M-26OCT050030-30,0.0100,16.00,yes
2026-10-05T04:28:00.632037Z,KXBTC15M-26OCT050030-30,0.0090,651.00,yes
2026-10-05T04:28:00.632037Z,KXBTC15M-26OCT050030-30,0.0110,100.70,yes
2026-10-05T04:28:00.632037Z,KXBTC15M-26OCT050030-30,0.0090,298.63,yes
2026-10-05T04:28:00.632037Z,KXBTC15M-26OCT050030-30,0.0100,102.00,yes
2026-10-05T04:28:00.633852Z,KXBTC15M-26OCT050030-30,0.0110,0.66,yes
2026-10-05T04:28:00.649259Z,KXBTC15M-26OCT050030-30,0.0070,15.00,no
2026-10-05T04:28:00.649259Z,KXBTC15M-26OCT050030-30,0.0080,400.00,no
2026-10-05T04:28:00.649259Z,KXBTC15M-26OCT050030-30,0.0070,30.86,no
2026-10-05T04:28:00.649259Z,KXBTC15M-26OCT050030-30,0.0080,0.01,no
2026-10-05T04:28:00.649259Z,KXBTC15M-26OCT050030-30,0.0080,100.00,no
2026-10-05T04:28:00.649259Z,KXBTC15M-26OCT050030-30,0.0080,0.01,no
2026-10-05T04:28:00.649259Z,KXBTC15M-26OCT050030-30,0.0070,51.00,no
2026-10-05T04:28:00.825543Z,KXBTC15M-26OCT050030-30,0.0080,0.01,no
2026-10-05T04:28:00.825543Z,KXBTC15M-26OCT050030-30,0.0080,10.00,no
2026-10-05T04:28:00.825543Z,KXBTC15M-26OCT050030-30,0.0080,0.01,no
2026-10-05T04:28:00.829848Z,KXBTC15M-26OCT050030-30,0.0080,25.25,yes
2026-10-05T04:28:00.850644Z,KXBTC15M-26OCT050030-30,0.0070,15.00,no
2026-10-05T04:28:00.850644Z,KXBTC15M-26OCT050030-30,0.0070,985.00,no
2026-10-05T04:28:00.90429Z,KXBTC15M-26OCT050030-30,0.0080,0.01,yes
2026-10-05T04:28:00.90429Z,KXBTC15M-26OCT050030-30,0.0080,0.01,yes
2026-10-05T04:28:00.90429Z,KXBTC15M-26OCT050030-30,0.0080,93.02,yes
2026-10-05T04:28:00.906655Z,KXBTC15M-26OCT050030-30,0.0070,0.02,no
2026-10-05T04:28:00.942087Z,KXBTC15M-26OCT050030-30,0.0070,14.72,no
2026-10-05T04:28:01.035694Z,KXBTC15M-26OCT050030-30,0.0080,5.84,yes
2026-10-05T04:28:01.081381Z,KXBTC15M-26OCT050030-30,0.0080,9.35,yes
2026-10-05T04:28:01.089835Z,KXBTC15M-26OCT050030-30,0.0070,1.99,no
2026-10-05T04:28:01.089835Z,KXBTC15M-26OCT050030-30,0.0070,0.01,no
2026-10-05T04:28:01.140541Z,KXBTC15M-26OCT050030-30,0.0080,1.02,yes
2026-10-05T04:28:01.181647Z,KXBTC15M-26OCT050030-30,0.0080,14.16,yes
2026-10-05T04:28:01.207951Z,KXBTC15M-26OCT050030-30,0.0070,0.01,no
2026-10-05T04:28:01.207951Z,KXBTC15M-26OCT050030-30,0.0070,1.99,no
2026-10-05T04:28:01.207951Z,KXBTC15M-26OCT050030-30,0.0070,18.95,no
2026-10-05T04:28:01.207951Z,KXBTC15M-26OCT050030-30,0.0070,13.01,no
2026-10-05T04:28:01.207951Z,KXBTC15M-26OCT050030-30,0.0070,0.01,no
2026-10-05T04:28:01.207951Z,KXBTC15M-26OCT050030-30,0.0060,23.87,no
2026-10-05T04:28:01.223318Z,KXBTC15M-26OCT050030-30,0.0070,15.00,no
2026-10-05T04:28:01.223318Z,KXBTC15M-26OCT050030-30,0.0070,0.01,no
2026-10-05T04:28:01.223318Z,KXBTC15M-26OCT050030-30,0.0060,40.58,no
2026-10-05T04:28:01.282429Z,KXBTC15M-26OCT050030-30,0.0060,17.00,no
2026-10-05T04:28:01.30059Z,KXBTC15M-26OCT050030-30,0.0070,143.34,yes
2026-10-05T04:28:01.30059Z,KXBTC15M-26OCT050030-30,0.0070,0.01,yes
2026-10-05T04:28:01.30059Z,KXBTC15M-26OCT050030-30,0.0070,40.58,yes
2026-10-05T04:28:01.30059Z,KXBTC15M-26OCT050030-30,0.0070,23.87,yes
2026-10-05T04:28:01.30059Z,KXBTC15M-26OCT050030-30,0.0070,0.01,yes
2026-10-05T04:28:01.300795Z,KXBTC15M-26OCT050030-30,0.0060,25.63,no
2026-10-05T04:28:01.31289Z,KXBTC15M-26OCT050030-30,0.0070,58.44,yes
2026-10-05T04:28:01.360824Z,KXBTC15M-26OCT050030-30,0.0130,1.00,yes
2026-10-05T04:28:01.360824Z,KXBTC15M-26OCT050030-30,0.0110,1.00,yes
2026-10-05T04:28:01.360824Z,KXBTC15M-26OCT050030-30,0.0120,1.00,yes
2026-10-05T04:28:01.360824Z,KXBTC15M-26OCT050030-30,0.0140,1.00,yes
2026-10-05T04:28:01.360824Z,KXBTC15M-26OCT050030-30,0.0130,150.00,yes
2026-10-05T04:28:01.360824Z,KXBTC15M-26OCT050030-30,0.0110,1280.00,yes
2026-10-05T04:28:01.360824Z,KXBTC15M-26OCT050030-30,0.0140,2.00,yes
2026-10-05T04:28:01.360824Z,KXBTC15M-26OCT050030-30,0.0110,945.64,yes
2026-10-05T04:28:01.360824Z,KXBTC15M-26OCT050030-30,0.0130,2054.80,yes
2026-10-05T04:28:01.360824Z,KXBTC15M-26OCT050030-30,0.0100,93.75,yes
2026-10-05T04:28:01.360824Z,KXBTC15M-26OCT050030-30,0.0070,0.01,yes
2026-10-05T04:28:01.360824Z,KXBTC15M-26OCT050030-30,0.0070,0.01,yes
2026-10-05T04:28:01.360824Z,KXBTC15M-26OCT050030-30,0.0100,385.00,yes
2026-10-05T04:28:01.360824Z,KXBTC15M-26OCT050030-30,0.0080,1.00,yes
2026-10-05T04:28:01.360824Z,KXBTC15M-26OCT050030-30,0.0080,200.00,yes
2026-10-05T04:28:01.360824Z,KXBTC15M-26OCT050030-30,0.0070,17.00,yes
2026-10-05T04:28:01.360824Z,KXBTC15M-26OCT050030-30,0.0090,200.00,yes
2026-10-05T04:28:01.360824Z,KXBTC15M-26OCT050030-30,0.0070,25.63,yes
2026-10-05T04:28:01.360824Z,KXBTC15M-26OCT050030-30,0.0100,1.00,yes
2026-10-05T04:28:01.360824Z,KXBTC15M-26OCT050030-30,0.0090,1.00,yes
2026-10-05T04:28:01.360824Z,KXBTC15M-26OCT050030-30,0.0120,651.00,yes
2026-10-05T04:28:01.360824Z,KXBTC15M-26OCT050030-30,0.0080,308.00,yes
2026-10-05T04:28:01.360824Z,KXBTC15M-26OCT050030-30,0.0080,511.00,yes
2026-10-05T04:28:01.360824Z,KXBTC15M-26OCT050030-30,0.0100,64.00,yes
2026-10-05T04:28:01.360824Z,KXBTC15M-26OCT050030-30,0.0090,160.26,yes
2026-10-05T04:28:01.360824Z,KXBTC15M-26OCT050030-30,0.0100,16.00,yes
2026-10-05T04:28:01.360824Z,KXBTC15M-26OCT050030-30,0.0100,64.00,yes
2026-10-05T04:28:01.360824Z,KXBTC15M-26OCT050030-30,0.0100,254.71,yes
2026-10-05T04:28:01.360824Z,KXBTC15M-26OCT050030-30,0.0100,129.00,yes
2026-10-05T04:28:01.360824Z,KXBTC15M-26OCT050030-30,0.0150,517.26,yes
2026-10-05T04:28:01.360824Z,KXBTC15M-26OCT050030-30,0.0140,3.34,yes
2026-10-05T04:28:01.360824Z,KXBTC15M-26OCT050030-30,0.0140,21.47,yes
2026-10-05T04:28:01.360824Z,KXBTC15M-26OCT050030-30,0.0140,10.00,yes
2026-10-05T04:28:01.387594Z,KXBTC15M-26OCT050030-30,0.0090,0.01,yes
2026-10-05T04:28:01.387594Z,KXBTC15M-26OCT050030-30,0.0110,0.01,yes
2026-10-05T04:28:01.387594Z,KXBTC15M-26OCT050030-30,0.0140,3.99,yes
2026-10-05T04:28:01.387594Z,KXBTC15M-26OCT050030-30,0.0110,1.00,yes
2026-10-05T04:28:01.387594Z,KXBTC15M-26OCT050030-30,0.0110,1.01,yes
2026-10-05T04:28:01.400303Z,KXBTC15M-26OCT050030-30,0.0100,93.51,yes
2026-10-05T04:28:01.447988Z,KXBTC15M-26OCT050030-30,0.0100,69.84,yes
2026-10-05T04:28:01.471181Z,KXBTC15M-26OCT050030-30,0.0090,14.00,no
2026-10-05T04:28:01.543481Z,KXBTC15M-26OCT050030-30,0.0100,5.68,yes
2026-10-05T04:28:01.584579Z,KXBTC15M-26OCT050030-30,0.0100,35.63,yes
2026-10-05T04:28:01.632715Z,KXBTC15M-26OCT050030-30,0.0090,168.18,no
2026-10-05T04:28:01.632715Z,KXBTC15M-26OCT050030-30,0.0090,736.00,no
2026-10-05T04:28:01.632715Z,KXBTC15M-26OCT050030-30,0.0090,0.01,no
2026-10-05T04:28:01.632715Z,KXBTC15M-26OCT050030-30,0.0090,500.00,no
2026-10-05T04:28:01.632715Z,KXBTC15M-26OCT050030-30,0.0090,18.00,no
2026-10-05T04:28:01.632715Z,KXBTC15M-26OCT050030-30,0.0090,0.01,no
2026-10-05T04:28:01.632715Z,KXBTC15M-26OCT050030-30,0.0090,500.00,no
2026-10-05T04:28:01.632715Z,KXBTC15M-26OCT050030-30,0.0090,312.73,no
2026-10-05T04:28:01.690085Z,KXBTC15M-26OCT050030-30,0.0080,799.98,no
2026-10-05T04:28:01.690085Z,KXBTC15M-26OCT050030-30,0.0090,0.01,no
2026-10-05T04:28:01.690085Z,KXBTC15M-26OCT050030-30,0.0090,0.01,no
2026-10-05T04:28:01.734398Z,KXBTC15M-26OCT050030-30,0.0090,1.98,yes
2026-10-05T04:28:01.734398Z,KXBTC15M-26OCT050030-30,0.0090,0.01,yes
2026-10-05T04:28:01.734398Z,KXBTC15M-26OCT050030-30,0.0090,0.01,yes
2026-10-05T04:28:01.737948Z,KXBTC15M-26OCT050030-30,0.0080,52.00,no
2026-10-05T04:28:01.801314Z,KXBTC15M-26OCT050030-30,0.0090,176.59,yes
2026-10-05T04:28:01.830541Z,KXBTC15M-26OCT050030-30,0.0080,58.47,no
2026-10-05T04:28:01.857141Z,KXBTC15M-26OCT050030-30,0.0090,70.76,yes
2026-10-05T04:28:01.88369Z,KXBTC15M-26OCT050030-30,0.0080,862.02,no
2026-10-05T04:28:01.928115Z,KXBTC15M-26OCT050030-30,0.0090,46.75,yes
2026-10-05T04:28:01.936955Z,KXBTC15M-26OCT050030-30,0.0080,5.00,no
2026-10-05T04:28:01.976724Z,KXBTC15M-26OCT050030-30,0.0080,4.93,no
2026-10-05T04:28:01.995341Z,KXBTC15M-26OCT050030-30,0.0080,0.01,no
2026-10-05T04:28:01.995341Z,KXBTC15M-26OCT050030-30,0.0080,158.25,no
2026-10-05T04:28:01.995341Z,KXBTC15M-26OCT050030-30,0.0080,844.00,no
2026-10-05T04:28:01.995341Z,KXBTC15M-26OCT050030-30,0.0070,150.00,no
2026-10-05T04:28:01.995341Z,KXBTC15M-26OCT050030-30,0.0070,134.55,no
2026-10-05T04:28:01.995341Z,KXBTC15M-26OCT050030-30,0.0070,15.00,no
2026-10-05T04:28:01.995341Z,KXBTC15M-26OCT050030-30,0.0080,0.01,no
2026-10-05T04:28:01.995341Z,KXBTC15M-26OCT050030-30,0.0060,1280.00,no
2026-10-05T04:28:01.995341Z,KXBTC15M-26OCT050030-30,0.0060,15.50,no
2026-10-05T04:28:01.995341Z,KXBTC15M-26OCT050030-30,0.0060,273.48,no
2026-10-05T04:28:02.02261Z,KXBTC15M-26OCT050030-30,0.0080,0.01,no
2026-10-05T04:28:02.02261Z,KXBTC15M-26OCT050030-30,0.0080,0.01,no
2026-10-05T04:28:02.02261Z,KXBTC15M-26OCT050030-30,0.0070,3.50,no
2026-10-05T04:28:02.045828Z,KXBTC15M-26OCT050030-30,0.0090,187.03,yes
2026-10-05T04:28:02.134102Z,KXBTC15M-26OCT050030-30,0.0090,7.27,yes
2026-10-05T04:28:02.155771Z,KXBTC15M-26OCT050030-30,0.0090,155.85,yes
2026-10-05T04:28:02.159047Z,KXBTC15M-26OCT050030-30,0.0080,0.01,no
2026-10-05T04:28:02.159047Z,KXBTC15M-26OCT050030-30,0.0080,0.01,no
2026-10-05T04:28:02.159047Z,KXBTC15M-26OCT050030-30,0.0070,311.81,no
2026-10-05T04:28:02.210242Z,KXBTC15M-26OCT050030-30,0.0070,100.00,no
2026-10-05T04:28:02.210242Z,KXBTC15M-26OCT050030-30,0.0070,0.01,no
2026-10-05T04:28:02.210242Z,KXBTC15M-26OCT050030-30,0.0070,145.16,no
2026-10-05T04:28:02.210242Z,KXBTC15M-26OCT050030-30,0.0070,15.00,no
2026-10-05T04:28:02.210242Z,KXBTC15M-26OCT050030-30,0.0070,15.00,no
2026-10-05T04:28:02.210242Z,KXBTC15M-26OCT050030-30,0.0070,0.01,no
2026-10-05T04:28:02.271497Z,KXBTC15M-26OCT050030-30,0.0080,103.33,yes
2026-10-05T04:28:02.31803Z,KXBTC15M-26OCT050030-30,0.0080,35.35,yes
2026-10-05T04:28:02.319991Z,KXBTC15M-26OCT050030-30,0.0080,7.09,yes
2026-10-05T04:28:02.32138Z,KXBTC15M-26OCT050030-30,0.0070,0.01,no
2026-10-05T04:28:02.32138Z,KXBTC15M-26OCT050030-30,0.0070,33.35,no
2026-10-05T04:28:02.32138Z,KXBTC15M-26OCT050030-30,0.0070,15.00,no
2026-10-05T04:28:02.32138Z,KXBTC15M-26OCT050030-30,0.0070,0.01,no
2026-10-05T04:28:02.469823Z,KXBTC15M-26OCT050030-30,0.0080,4.23,yes
2026-10-05T04:28:02.469823Z,KXBTC15M-26OCT050030-30,0.0080,99.68,yes
2026-10-05T04:28:02.521563Z,KXBTC15M-26OCT050030-30,0.0080,53.59,yes
2026-10-05T04:28:02.521563Z,KXBTC15M-26OCT050030-30,0.0080,50.32,yes
2026-10-05T04:28:02.530076Z,KXBTC15M-26OCT050030-30,0.0080,96.41,yes
2026-10-05T04:28:02.530076Z,KXBTC15M-26OCT050030-30,0.0080,111.40,yes
2026-10-05T04:28:02.552201Z,KXBTC15M-26OCT050030-30,0.0070,0.01,no
2026-10-05T04:28:02.552201Z,KXBTC15M-26OCT050030-30,0.0070,0.01,no
2026-10-05T04:28:02.552201Z,KXBTC15M-26OCT050030-30,0.0070,15.00,no
2026-10-05T04:28:02.552201Z,KXBTC15M-26OCT050030-30,0.0060,41.99,no
2026-10-05T04:28:02.552201Z,KXBTC15M-26OCT050030-30,0.0060,120.00,no
2026-10-05T04:28:02.552201Z,KXBTC15M-26OCT050030-30,0.0060,1006.52,no
2026-10-05T04:28:02.593837Z,KXBTC15M-26OCT050030-30,0.0070,51.95,yes
2026-10-05T04:28:02.65204Z,KXBTC15M-26OCT050030-30,0.0070,150.00,yes
2026-10-05T04:28:02.65204Z,KXBTC15M-26OCT050030-30,0.0070,150.00,yes
2026-10-05T04:28:02.65204Z,KXBTC15M-26OCT050030-30,0.0070,150.00,yes
2026-10-05T04:28:02.65204Z,KXBTC15M-26OCT050030-30,0.0070,150.00,yes
2026-10-05T04:28:02.65204Z,KXBTC15M-26OCT050030-30,0.0070,120.00,yes
2026-10-05T04:28:02.65204Z,KXBTC15M-26OCT050030-30,0.0070,0.01,yes
2026-10-05T04:28:02.65204Z,KXBTC15M-26OCT050030-30,0.0070,0.01,yes
2026-10-05T04:28:02.65204Z,KXBTC15M-26OCT050030-30,0.0070,150.00,yes
2026-10-05T04:28:02.65204Z,KXBTC15M-26OCT050030-30,0.0070,98.05,yes
2026-10-05T04:28:02.65204Z,KXBTC15M-26OCT050030-30,0.0070,200.00,yes
2026-10-05T04:28:02.65204Z,KXBTC15M-26OCT050030-30,0.0070,0.76,yes
2026-10-05T04:28:02.672686Z,KXBTC15M-26OCT050030-30,0.0060,1073.00,no
2026-10-05T04:28:02.677003Z,KXBTC15M-26OCT050030-30,0.0060,951.99,no
2026-10-05T04:28:02.677003Z,KXBTC15M-26OCT050030-30,0.0060,2.00,no
2026-10-05T04:28:02.677003Z,KXBTC15M-26OCT050030-30,0.0060,78.00,no
2026-10-05T04:28:02.677003Z,KXBTC15M-26OCT050030-30,0.0060,15.00,no
2026-10-05T04:28:02.677003Z,KXBTC15M-26OCT050030-30,0.0060,15.00,no
2026-10-05T04:28:02.677003Z,KXBTC15M-26OCT050030-30,0.0060,2.00,no
2026-10-05T04:28:02.677003Z,KXBTC15M-26OCT050030-30,0.0060,165.01,no
2026-10-05T04:28:02.735162Z,KXBTC15M-26OCT050030-30,0.0070,80.57,yes
2026-10-05T04:28:02.735162Z,KXBTC15M-26OCT050030-30,0.0070,0.01,yes
2026-10-05T04:28:02.735162Z,KXBTC15M-26OCT050030-30,0.0070,1.00,yes
2026-10-05T04:28:02.735162Z,KXBTC15M-26OCT050030-30,0.0070,0.01,yes
2026-10-05T04:28:02.735162Z,KXBTC15M-26OCT050030-30,0.0070,1073.00,yes
2026-10-05T04:28:02.735162Z,KXBTC15M-26OCT050030-30,0.0070,14.24,yes
2026-10-05T04:28:02.735774Z,KXBTC15M-26OCT050030-30,0.0070,493.43,yes
2026-10-05T04:28:02.735774Z,KXBTC15M-26OCT050030-30,0.0070,90.99,yes
2026-10-05T04:28:02.748675Z,KXBTC15M-26OCT050030-30,0.0060,6.00,no
2026-10-05T04:28:02.854141Z,KXBTC15M-26OCT050030-30,0.0060,10.96,no
2026-10-05T04:28:02.866808Z,KXBTC15M-26OCT050030-30,0.0060,6.14,no
2026-10-05T04:28:02.866808Z,KXBTC15M-26OCT050030-30,0.0060,20.00,no
2026-10-05T04:28:02.866808Z,KXBTC15M-26OCT050030-30,0.0060,0.01,no
2026-10-05T04:28:02.866808Z,KXBTC15M-26OCT050030-30,0.0060,83.04,no
2026-10-05T04:28:02.866808Z,KXBTC15M-26OCT050030-30,0.0060,0.01,no
2026-10-05T04:28:02.900252Z,KXBTC15M-26OCT050030-30,0.0070,74.02,yes
2026-10-05T04:28:02.900252Z,KXBTC15M-26OCT050030-30,0.0070,42.86,yes
2026-10-05T04:28:02.932254Z,KXBTC15M-26OCT050030-30,0.0060,0.01,no
2026-10-05T04:28:02.932254Z,KXBTC15M-26OCT050030-30,0.0060,15.00,no
2026-10-05T04:28:02.932254Z,KXBTC15M-26OCT050030-30,0.0060,0.01,no
2026-10-05T04:28:02.932254Z,KXBTC15M-26OCT050030-30,0.0060,20.00,no
2026-10-05T04:28:02.932254Z,KXBTC15M-26OCT050030-30,0.0050,907.89,no
2026-10-05T04:28:02.988652Z,KXBTC15M-26OCT050030-30,0.0060,20.00,no
2026-10-05T04:28:02.988652Z,KXBTC15M-26OCT050030-30,0.0060,0.01,no
2026-10-05T04:28:02.988652Z,KXBTC15M-26OCT050030-30,0.0060,0.01,no
2026-10-05T04:28:02.988652Z,KXBTC15M-26OCT050030-30,0.0060,100.00,no
2026-10-05T04:28:02.988652Z,KXBTC15M-26OCT050030-30,0.0060,400.00,no
2026-10-05T04:28:03.010044Z,KXBTC15M-26OCT050030-30,0.0050,33.00,no
2026-10-05T04:28:03.065448Z,KXBTC15M-26OCT050030-30,0.0060,105.38,yes
2026-10-05T04:28:03.06928Z,KXBTC15M-26OCT050030-30,0.0050,46.75,no
2026-10-05T04:28:03.076803Z,KXBTC15M-26OCT050030-30,0.0050,865.46,no
2026-10-05T04:28:03.136694Z,KXBTC15M-26OCT050030-30,0.0050,146.90,no
2026-10-05T04:28:03.136694Z,KXBTC15M-26OCT050030-30,0.0050,345.84,no
2026-10-05T04:28:03.155444Z,KXBTC15M-26OCT050030-30,0.0060,58.44,yes
2026-10-05T04:28:03.248689Z,KXBTC15M-26OCT050030-30,0.0060,27.89,yes
2026-10-05T04:28:03.29095Z,KXBTC15M-26OCT050030-30,0.0050,130.08,no
2026-10-05T04:28:03.295239Z,KXBTC15M-26OCT050030-30,0.0050,22.26,no
2026-10-05T04:28:03.310764Z,KXBTC15M-26OCT050030-30,0.0060,106.14,yes
2026-10-05T04:28:03.331963Z,KXBTC15M-26OCT050030-30,0.0060,1.00,yes
2026-10-05T04:28:03.331963Z,KXBTC15M-26OCT050030-30,0.0060,200.00,yes
2026-10-05T04:28:03.331963Z,KXBTC15M-26OCT050030-30,0.0060,15.00,yes
2026-10-05T04:28:03.331963Z,KXBTC15M-26OCT050030-30,0.0060,1.00,yes
2026-10-05T04:28:03.331963Z,KXBTC15M-26OCT050030-30,0.0060,865.46,yes
2026-10-05T04:28:03.331963Z,KXBTC15M-26OCT050030-30,0.0060,22.26,yes
2026-10-05T04:28:03.331963Z,KXBTC15M-26OCT050030-30,0.0060,33.00,yes
2026-10-05T04:28:03.331963Z,KXBTC15M-26OCT050030-30,0.0060,46.75,yes
2026-10-05T04:28:03.331963Z,KXBTC15M-26OCT050030-30,0.0060,146.90,yes
2026-10-05T04:28:03.331963Z,KXBTC15M-26OCT050030-30,0.0060,130.08,yes
2026-10-05T04:28:03.331963Z,KXBTC15M-26OCT050030-30,0.0060,15.00,yes
2026-10-05T04:28:03.331963Z,KXBTC15M-26OCT050030-30,0.0060,345.84,yes
2026-10-05T04:28:03.331963Z,KXBTC15M-26OCT050030-30,0.0080,1799.00,yes
2026-10-05T04:28:03.331963Z,KXBTC15M-26OCT050030-30,0.0080,15.00,yes
2026-10-05T04:28:03.331963Z,KXBTC15M-26OCT050030-30,0.0070,410.60,yes
2026-10-05T04:28:03.331963Z,KXBTC15M-26OCT050030-30,0.0060,90.02,yes
2026-10-05T04:28:03.331963Z,KXBTC15M-26OCT050030-30,0.0080,1.00,yes
2026-10-05T04:28:03.331963Z,KXBTC15M-26OCT050030-30,0.0080,135.59,yes
2026-10-05T04:28:03.331963Z,KXBTC15M-26OCT050030-30,0.0060,0.01,yes
2026-10-05T04:28:03.331963Z,KXBTC15M-26OCT050030-30,0.0070,1.00,yes
2026-10-05T04:28:03.331963Z,KXBTC15M-26OCT050030-30,0.0070,201.00,yes
2026-10-05T04:28:03.331963Z,KXBTC15M-26OCT050030-30,0.0070,1043.00,yes
2026-10-05T04:28:03.331963Z,KXBTC15M-26OCT050030-30,0.0070,200.00,yes
2026-10-05T04:28:03.331963Z,KXBTC15M-26OCT050030-30,0.0060,0.01,yes
2026-10-05T04:28:03.331963Z,KXBTC15M-26OCT050030-30,0.0080,41.99,yes
2026-10-05T04:28:03.331963Z,KXBTC15M-26OCT050030-30,0.0070,259.00,yes
2026-10-05T04:28:03.338397Z,KXBTC15M-26OCT050030-30,0.0080,311.83,yes
2026-10-05T04:28:03.346568Z,KXBTC15M-26OCT050030-30,0.0060,2.60,no
2026-10-05T04:28:03.38546Z,KXBTC15M-26OCT050030-30,0.0060,67.09,no
2026-10-05T04:28:03.402541Z,KXBTC15M-26OCT050030-30,0.0080,17.50,yes
2026-10-05T04:28:03.404215Z,KXBTC15M-26OCT050030-30,0.0060,150.00,no
2026-10-05T04:28:03.404215Z,KXBTC15M-26OCT050030-30,0.0060,150.00,no
2026-10-05T04:28:03.404215Z,KXBTC15M-26OCT050030-30,0.0060,80.31,no
2026-10-05T04:28:03.404215Z,KXBTC15M-26OCT050030-30,0.0060,356.23,no
2026-10-05T04:28:03.404215Z,KXBTC15M-26OCT050030-30,0.0060,0.01,no
2026-10-05T04:28:03.404215Z,KXBTC15M-26OCT050030-30,0.0060,150.00,no
2026-10-05T04:28:03.404215Z,KXBTC15M-26OCT050030-30,0.0060,0.01,no
2026-10-05T04:28:03.404215Z,KXBTC15M-26OCT050030-30,0.0060,150.00,no
2026-10-05T04:28:03.404215Z,KXBTC15M-26OCT050030-30,0.0060,150.00,no
2026-10-05T04:28:03.404215Z,KXBTC15M-26OCT050030-30,0.0060,100.00,no
2026-10-05T04:28:03.404215Z,KXBTC15M-26OCT050030-30,0.0060,20.00,no
2026-10-05T04:28:03.405427Z,KXBTC15M-26OCT050030-30,0.0080,59.56,yes
2026-10-05T04:28:03.411522Z,KXBTC15M-26OCT050030-30,0.0080,53.66,yes
2026-10-05T04:28:03.439246Z,KXBTC15M-26OCT050030-30,0.0060,0.01,no
2026-10-05T04:28:03.439246Z,KXBTC15M-26OCT050030-30,0.0060,0.01,no
2026-10-05T04:28:03.439246Z,KXBTC15M-26OCT050030-30,0.0060,20.01,no
2026-10-05T04:28:03.439246Z,KXBTC15M-26OCT050030-30,0.0060,20.00,no
2026-10-05T04:28:03.492741Z,KXBTC15M-26OCT050030-30,0.0060,10.04,no
2026-10-05T04:28:03.507697Z,KXBTC15M-26OCT050030-30,0.0060,2.01,no
2026-10-05T04:28:03.60881Z,KXBTC15M-26OCT050030-30,0.0060,600.00,no
2026-10-05T04:28:03.625509Z,KXBTC15M-26OCT050030-30,0.0060,52.31,no
2026-10-05T04:28:03.654283Z,KXBTC15M-26OCT050030-30,0.0080,37.67,yes
2026-10-05T04:28:03.675989Z,KXBTC15M-26OCT050030-30,0.0080,27.86,yes
2026-10-05T04:28:03.700903Z,KXBTC15M-26OCT050030-30,0.0070,963.48,no
2026-10-05T04:28:03.732111Z,KXBTC15M-26OCT050030-30,0.0060,450.58,no
2026-10-05T04:28:03.732111Z,KXBTC15M-26OCT050030-30,0.0070,0.01,no
2026-10-05T04:28:03.732111Z,KXBTC15M-26OCT050030-30,0.0070,0.01,no
2026-10-05T04:28:03.732111Z,KXBTC15M-26OCT050030-30,0.0070,15.00,no
2026-10-05T04:28:03.734847Z,KXBTC15M-26OCT050030-30,0.0060,47.28,no
2026-10-05T04:28:03.803224Z,KXBTC15M-26OCT050030-30,0.0080,22.91,yes
2026-10-05T04:28:03.824881Z,KXBTC15M-26OCT050030-30,0.0080,107.43,yes
2026-10-05T04:28:03.901716Z,KXBTC15M-26OCT050030-30,0.0070,0.01,no
2026-10-05T04:28:03.901716Z,KXBTC15M-26OCT050030-30,0.0070,15.00,no
2026-10-05T04:28:03.901716Z,KXBTC15M-26OCT050030-30,0.0070,0.01,no
2026-10-05T04:28:03.901716Z,KXBTC15M-26OCT050030-30,0.0060,51.22,no
2026-10-05T04:28:03.990804Z,KXBTC15M-26OCT050030-30,0.0070,377.93,yes
2026-10-05T04:28:04.041261Z,KXBTC15M-26OCT050030-30,0.0060,66.12,no
2026-10-05T04:28:04.093119Z,KXBTC15M-26OCT050030-30,0.0060,20.00,no
2026-10-05T04:28:04.108531Z,KXBTC15M-26OCT050030-30,0.0060,69.57,no
2026-10-05T04:28:04.108531Z,KXBTC15M-26OCT050030-30,0.0060,930.43,no
2026-10-05T04:28:04.188857Z,KXBTC15M-26OCT050030-30,0.0070,15.64,yes
2026-10-05T04:28:04.190223Z,KXBTC15M-26OCT050030-30,0.0070,116.88,yes
2026-10-05T04:28:04.233071Z,KXBTC15M-26OCT050030-30,0.0060,0.01,no
2026-10-05T04:28:04.233071Z,KXBTC15M-26OCT050030-30,0.0060,115.61,no
2026-10-05T04:28:04.233071Z,KXBTC15M-26OCT050030-30,0.0060,100.00,no
2026-10-05T04:28:04.233071Z,KXBTC15M-26OCT050030-30,0.0060,124.43,no
2026-10-05T04:28:04.233071Z,KXBTC15M-26OCT050030-30,0.0060,20.00,no
2026-10-05T04:28:04.233071Z,KXBTC15M-26OCT050030-30,0.0060,0.01,no
2026-10-05T04:28:04.321935Z,KXBTC15M-26OCT050030-30,0.0070,4.33,yes
2026-10-05T04:28:04.321935Z,KXBTC15M-26OCT050030-30,0.0070,112.55,yes
2026-10-05T04:28:04.380713Z,KXBTC15M-26OCT050030-30,0.0070,72.04,yes
2026-10-05T04:28:04.421634Z,KXBTC15M-26OCT050030-30,0.0070,45.16,yes
2026-10-05T04:28:04.421634Z,KXBTC15M-26OCT050030-30,0.0070,15.00,yes
2026-10-05T04:28:04.421634Z,KXBTC15M-26OCT050030-30,0.0070,0.01,yes
2026-10-05T04:28:04.421634Z,KXBTC15M-26OCT050030-30,0.0070,1.00,yes
2026-10-05T04:28:04.421634Z,KXBTC15M-26OCT050030-30,0.0070,0.01,yes
2026-10-05T04:28:04.421634Z,KXBTC15M-26OCT050030-30,0.0070,123.63,yes
2026-10-05T04:28:04.446412Z,KXBTC15M-26OCT050030-30,0.0060,0.01,no
2026-10-05T04:28:04.446412Z,KXBTC15M-26OCT050030-30,0.0060,20.00,no
2026-10-05T04:28:04.446412Z,KXBTC15M-26OCT050030-30,0.0060,15.00,no
2026-10-05T04:28:04.446412Z,KXBTC15M-26OCT050030-30,0.0060,0.01,no
2026-10-05T04:28:04.446412Z,KXBTC15M-26OCT050030-30,0.0050,182.33,no
2026-10-05T04:28:04.458932Z,KXBTC15M-26OCT050030-30,0.0050,57.43,no
2026-10-05T04:28:04.538447Z,KXBTC15M-26OCT050030-30,0.0060,0.01,yes
2026-10-05T04:28:04.538447Z,KXBTC15M-26OCT050030-30,0.0060,0.01,yes
2026-10-05T04:28:04.538447Z,KXBTC15M-26OCT050030-30,0.0060,18.82,yes
2026-10-05T04:28:04.548031Z,KXBTC15M-26OCT050030-30,0.0050,50.00,no
2026-10-05T04:28:04.548031Z,KXBTC15M-26OCT050030-30,0.0050,113.33,no
2026-10-05T04:28:04.548031Z,KXBTC15M-26OCT050030-30,0.0050,50.00,no
2026-10-05T04:28:04.548031Z,KXBTC15M-26OCT050030-30,0.0050,50.00,no
2026-10-05T04:28:04.548031Z,KXBTC15M-26OCT050030-30,0.0050,90.00,no
2026-10-05T04:28:04.548031Z,KXBTC15M-26OCT050030-30,0.0050,50.00,no
2026-10-05T04:28:04.548031Z,KXBTC15M-26OCT050030-30,0.0050,50.00,no
2026-10-05T04:28:04.548031Z,KXBTC15M-26OCT050030-30,0.0050,90.00,no
2026-10-05T04:28:04.548031Z,KXBTC15M-26OCT050030-30,0.0050,100.00,no
2026-10-05T04:28:04.548031Z,KXBTC15M-26OCT050030-30,0.0050,100.00,no
2026-10-05T04:28:04.548031Z,KXBTC15M-26OCT050030-30,0.0050,180.00,no
2026-10-05T04:28:04.548031Z,KXBTC15M-26OCT050030-30,0.0050,50.00,no
2026-10-05T04:28:04.548031Z,KXBTC15M-26OCT050030-30,0.0050,50.00,no
2026-10-05T04:28:04.548031Z,KXBTC15M-26OCT050030-30,0.0050,90.00,no
2026-10-05T04:28:04.548031Z,KXBTC15M-26OCT050030-30,0.0050,200.00,no
2026-10-05T04:28:04.548031Z,KXBTC15M-26OCT050030-30,0.0050,50.00,no
2026-10-05T04:28:04.548031Z,KXBTC15M-26OCT050030-30,0.0050,100.00,no
2026-10-05T04:28:04.548031Z,KXBTC15M-26OCT050030-30,0.0050,90.00,no
2026-10-05T04:28:04.548031Z,KXBTC15M-26OCT050030-30,0.0050,180.00,no
2026-10-05T04:28:04.548031Z,KXBTC15M-26OCT050030-30,0.0050,90.00,no
2026-10-05T04:28:04.548031Z,KXBTC15M-26OCT050030-30,0.0050,50.00,no
2026-10-05T04:28:04.548031Z,KXBTC15M-26OCT050030-30,0.0050,100.00,no
2026-10-05T04:28:04.548031Z,KXBTC15M-26OCT050030-30,0.0050,90.00,no
2026-10-05T04:28:04.548031Z,KXBTC15M-26OCT050030-30,0.0050,58.00,no
2026-10-05T04:28:04.548031Z,KXBTC15M-26OCT050030-30,0.0050,58.00,no
2026-10-05T04:28:04.548031Z,KXBTC15M-26OCT050030-30,0.0050,58.00,no
2026-10-05T04:28:04.548031Z,KXBTC15M-26OCT050030-30,0.0050,123.00,no
2026-10-05T04:28:04.548031Z,KXBTC15M-26OCT050030-30,0.0050,123.00,no
2026-10-05T04:28:04.548031Z,KXBTC15M-26OCT050030-30,0.0050,123.00,no
2026-10-05T04:28:04.548031Z,KXBTC15M-26OCT050030-30,0.0050,100.00,no
2026-10-05T04:28:04.548031Z,KXBTC15M-26OCT050030-30,0.0050,180.00,no
2026-10-05T04:28:04.548031Z,KXBTC15M-26OCT050030-30,0.0050,90.00,no
2026-10-05T04:28:04.548031Z,KXBTC15M-26OCT050030-30,0.0050,70.00,no
2026-10-05T04:28:04.548031Z,KXBTC15M-26OCT050030-30,0.0050,70.00,no
2026-10-05T04:28:04.548031Z,KXBTC15M-26OCT050030-30,0.0050,35.00,no
2026-10-05T04:28:04.548031Z,KXBTC15M-26OCT050030-30,0.0050,35.00,no
2026-10-05T04:28:04.548031Z,KXBTC15M-26OCT050030-30,0.0050,35.00,no
2026-10-05T04:28:04.548031Z,KXBTC15M-26OCT050030-30,0.0050,35.00,no
2026-10-05T04:28:04.548031Z,KXBTC15M-26OCT050030-30,0.0050,35.00,no
2026-10-05T04:28:04.548031Z,KXBTC15M-26OCT050030-30,0.0050,35.00,no
2026-10-05T04:28:04.548031Z,KXBTC15M-26OCT050030-30,0.0050,35.00,no
2026-10-05T04:28:04.548031Z,KXBTC15M-26OCT050030-30,0.0050,35.00,no
2026-10-05T04:28:04.548031Z,KXBTC15M-26OCT050030-30,0.0050,35.00,no
2026-10-05T04:28:04.548031Z,KXBTC15M-26OCT050030-30,0.0050,1024.00,no
2026-10-05T04:28:04.548031Z,KXBTC15M-26OCT050030-30,0.0050,120.00,no
2026-10-05T04:28:04.548031Z,KXBTC15M-26OCT050030-30,0.0050,2000.00,no
2026-10-05T04:28:04.548031Z,KXBTC15M-26OCT050030-30,0.0050,1262.06,no
2026-10-05T04:28:04.548031Z,KXBTC15M-26OCT050030-30,0.0050,2000.00,no
2026-10-05T04:28:04.548031Z,KXBTC15M-26OCT050030-30,0.0050,11.00,no
2026-10-05T04:28:04.612568Z,KXBTC15M-26OCT050030-30,0.0050,2.26,no
2026-10-05T04:28:04.638556Z,KXBTC15M-26OCT050030-30,0.0050,3.26,no
2026-10-05T04:28:04.638556Z,KXBTC15M-26OCT050030-30,0.0050,90.00,no
2026-10-05T04:28:04.638556Z,KXBTC15M-26OCT050030-30,0.0050,180.00,no
2026-10-05T04:28:04.638556Z,KXBTC15M-26OCT050030-30,0.0050,200.00,no
2026-10-05T04:28:04.638556Z,KXBTC15M-26OCT050030-30,0.0050,50.00,no
2026-10-05T04:28:04.638556Z,KXBTC15M-26OCT050030-30,0.0050,50.00,no
2026-10-05T04:28:04.638556Z,KXBTC15M-26OCT050030-30,0.0050,90.00,no
2026-10-05T04:28:04.638556Z,KXBTC15M-26OCT050030-30,0.0050,100.00,no
2026-10-05T04:28:04.638556Z,KXBTC15M-26OCT050030-30,0.0050,90.00,no
2026-10-05T04:28:04.638556Z,KXBTC15M-26OCT050030-30,0.0050,134.41,no
2026-10-05T04:28:04.638556Z,KXBTC15M-26OCT050030-30,0.0050,200.00,no
2026-10-05T04:28:04.638556Z,KXBTC15M-26OCT050030-30,0.0050,50.00,no
2026-10-05T04:28:04.638556Z,KXBTC15M-26OCT050030-30,0.0050,100.00,no
2026-10-05T04:28:04.638556Z,KXBTC15M-26OCT050030-30,0.0050,90.00,no
2026-10-05T04:28:04.638556Z,KXBTC15M-26OCT050030-30,0.0050,50.00,no
2026-10-05T04:28:04.638556Z,KXBTC15M-26OCT050030-30,0.0050,50.00,no
2026-10-05T04:28:04.638556Z,KXBTC15M-26OCT050030-30,0.0050,100.00,no
2026-10-05T04:28:04.638556Z,KXBTC15M-26OCT050030-30,0.0050,50.00,no
2026-10-05T04:28:04.638556Z,KXBTC15M-26OCT050030-30,0.0050,50.00,no
2026-10-05T04:28:04.638556Z,KXBTC15M-26OCT050030-30,0.0050,50.00,no
2026-10-05T04:28:04.638556Z,KXBTC15M-26OCT050030-30,0.0050,90.00,no
2026-10-05T04:28:04.638556Z,KXBTC15M-26OCT050030-30,0.0050,50.00,no
2026-10-05T04:28:04.638556Z,KXBTC15M-26OCT050030-30,0.0050,100.00,no
2026-10-05T04:28:04.638556Z,KXBTC15M-26OCT050030-30,0.0050,300.00,no
2026-10-05T04:28:04.638556Z,KXBTC15M-26OCT050030-30,0.0050,35.00,no
2026-10-05T04:28:04.638556Z,KXBTC15M-26OCT050030-30,0.0050,90.00,no
2026-10-05T04:28:04.655713Z,KXBTC15M-26OCT050030-30,0.0060,46.21,yes
2026-10-05T04:28:04.655713Z,KXBTC15M-26OCT050030-30,0.0060,163.51,yes
2026-10-05T04:28:04.655713Z,KXBTC15M-26OCT050030-30,0.0060,57.43,yes
2026-10-05T04:28:04.664054Z,KXBTC15M-26OCT050030-30,0.0060,350.66,yes
2026-10-05T04:28:04.672449Z,KXBTC15M-26OCT050030-30,0.0050,4.98,no
2026-10-05T04:28:04.688081Z,KXBTC15M-26OCT050030-30,0.0050,65.24,no
2026-10-05T04:28:04.688081Z,KXBTC15M-26OCT050030-30,0.0050,91.76,no
2026-10-05T04:28:04.706219Z,KXBTC15M-26OCT050030-30,0.0060,1.34,yes
2026-10-05T04:28:04.707229Z,KXBTC15M-26OCT050030-30,0.0060,5.29,yes
2026-10-05T04:28:04.755048Z,KXBTC15M-26OCT050030-30,0.0060,133.58,yes
2026-10-05T04:28:04.821746Z,KXBTC15M-26OCT050030-30,0.0050,87.94,no
2026-10-05T04:28:04.821746Z,KXBTC15M-26OCT050030-30,0.0050,24.76,no
2026-10-05T04:28:04.839247Z,KXBTC15M-26OCT050030-30,0.0050,35.00,no
2026-10-05T04:28:04.839247Z,KXBTC15M-26OCT050030-30,0.0050,10.76,no
2026-10-05T04:28:04.839247Z,KXBTC15M-26OCT050030-30,0.0050,50.00,no
2026-10-05T04:28:04.839247Z,KXBTC15M-26OCT050030-30,0.0050,2.06,no
2026-10-05T04:28:04.839247Z,KXBTC15M-26OCT050030-30,0.0050,50.00,no
2026-10-05T04:28:04.887516Z,KXBTC15M-26OCT050030-30,0.0050,9.04,no
2026-10-05T04:28:04.962032Z,KXBTC15M-26OCT050030-30,0.0060,58.44,yes
2026-10-05T04:28:05.00547Z,KXBTC15M-26OCT050030-30,0.0050,14.70,no
2026-10-05T04:28:05.053309Z,KXBTC15M-26OCT050030-30,0.0050,3.45,no
2026-10-05T04:28:05.053309Z,KXBTC15M-26OCT050030-30,0.0050,0.50,no
2026-10-05T04:28:05.06518Z,KXBTC15M-26OCT050030-30,0.0050,55.25,no
2026-10-05T04:28:05.134101Z,KXBTC15M-26OCT050030-30,0.0060,77.91,yes
2026-10-05T04:28:05.166677Z,KXBTC15M-26OCT050030-30,0.0060,15.00,yes
2026-10-05T04:28:05.166677Z,KXBTC15M-26OCT050030-30,0.0060,0.01,yes
2026-10-05T04:28:05.166677Z,KXBTC15M-26OCT050030-30,0.0060,0.01,yes
2026-10-05T04:28:05.166677Z,KXBTC15M-26OCT050030-30,0.0060,214.05,yes
2026-10-05T04:28:05.166677Z,KXBTC15M-26OCT050030-30,0.0060,82.57,yes
2026-10-05T04:28:05.278721Z,KXBTC15M-26OCT050030-30,0.0050,6.02,no
2026-10-05T04:28:05.364809Z,KXBTC15M-26OCT050030-30,0.0060,809.95,yes
2026-10-05T04:28:05.364809Z,KXBTC15M-26OCT050030-30,0.0060,316.64,yes
2026-10-05T04:28:05.364809Z,KXBTC15M-26OCT050030-30,0.0060,120.00,yes
2026-10-05T04:28:05.373954Z,KXBTC15M-26OCT050030-30,0.0060,4.07,yes
2026-10-05T04:28:05.427695Z,KXBTC15M-26OCT050030-30,0.0060,38.06,yes
2026-10-05T04:28:05.47228Z,KXBTC15M-26OCT050030-30,0.0050,20.10,no
2026-10-05T04:28:05.493791Z,KXBTC15M-26OCT050030-30,0.0050,93.51,no
2026-10-05T04:28:05.5169Z,KXBTC15M-26OCT050030-30,0.0050,5.02,no
2026-10-05T04:28:05.528836Z,KXBTC15M-26OCT050030-30,0.0060,3.05,yes
2026-10-05T04:28:05.534707Z,KXBTC15M-26OCT050030-30,0.0050,100.46,no
2026-10-05T04:28:05.53668Z,KXBTC15M-26OCT050030-30,0.0060,68.72,yes
2026-10-05T04:28:05.576533Z,KXBTC15M-26OCT050030-30,0.0060,767.90,yes
2026-10-05T04:28:05.576533Z,KXBTC15M-26OCT050030-30,0.0060,1569.46,yes
2026-10-05T04:28:05.61411Z,KXBTC15M-26OCT050030-30,0.0060,494.16,yes
2026-10-05T04:28:05.61411Z,KXBTC15M-26OCT050030-30,0.0060,269.38,yes
2026-10-05T04:28:05.620378Z,KXBTC15M-26OCT050030-30,0.0060,77.91,yes
2026-10-05T04:28:05.673274Z,KXBTC15M-26OCT050030-30,0.0060,169.00,yes
2026-10-05T04:28:05.697089Z,KXBTC15M-26OCT050030-30,0.0060,108.42,yes
2026-10-05T04:28:05.697776Z,KXBTC15M-26OCT050030-30,0.0050,1.00,no
2026-10-05T04:28:05.703003Z,KXBTC15M-26OCT050030-30,0.0050,100.00,no
2026-10-05T04:28:05.703003Z,KXBTC15M-26OCT050030-30,0.0050,50.00,no
2026-10-05T04:28:05.703003Z,KXBTC15M-26OCT050030-30,0.0050,50.00,no
2026-10-05T04:28:05.703003Z,KXBTC15M-26OCT050030-30,0.0050,50.00,no
2026-10-05T04:28:05.703003Z,KXBTC15M-26OCT050030-30,0.0050,50.00,no
2026-10-05T04:28:05.703003Z,KXBTC15M-26OCT050030-30,0.0050,15.19,no
2026-10-05T04:28:05.703003Z,KXBTC15M-26OCT050030-30,0.0050,100.00,no
2026-10-05T04:28:05.703003Z,KXBTC15M-26OCT050030-30,0.0050,195.20,no
2026-10-05T04:28:05.703003Z,KXBTC15M-26OCT050030-30,0.0050,0.01,no
2026-10-05T04:28:05.703003Z,KXBTC15M-26OCT050030-30,0.0050,100.00,no
2026-10-05T04:28:05.703003Z,KXBTC15M-26OCT050030-30,0.0050,400.00,no
2026-10-05T04:28:05.703003Z,KXBTC15M-26OCT050030-30,0.0050,22.00,no
2026-10-05T04:28:05.703003Z,KXBTC15M-26OCT050030-30,0.0050,15.00,no
2026-10-05T04:28:05.703003Z,KXBTC15M-26OCT050030-30,0.0050,0.01,no
2026-10-05T04:28:05.703003Z,KXBTC15M-26OCT050030-30,0.0050,15.00,no
2026-10-05T04:28:05.703003Z,KXBTC15M-26OCT050030-30,0.0050,15.00,no
2026-10-05T04:28:05.703003Z,KXBTC15M-26OCT050030-30,0.0050,11.00,no
2026-10-05T04:28:05.703003Z,KXBTC15M-26OCT050030-30,0.0050,180.00,no
2026-10-05T04:28:05.703003Z,KXBTC15M-26OCT050030-30,0.0050,180.00,no
2026-10-05T04:28:05.703003Z,KXBTC15M-26OCT050030-30,0.0040,420.34,no
2026-10-05T04:28:05.710967Z,KXBTC15M-26OCT050030-30,0.0050,0.01,no
2026-10-05T04:28:05.710967Z,KXBTC15M-26OCT050030-30,0.0050,0.01,no
2026-10-05T04:28:05.710967Z,KXBTC15M-26OCT050030-30,0.0040,289.43,no
2026-10-05T04:28:05.752854Z,KXBTC15M-26OCT050030-30,0.0060,77.91,yes
2026-10-05T04:28:05.810463Z,KXBTC15M-26OCT050030-30,0.0050,22.00,no
2026-10-05T04:28:05.810463Z,KXBTC15M-26OCT050030-30,0.0050,8.01,no
2026-10-05T04:28:05.810463Z,KXBTC15M-26OCT050030-30,0.0050,0.01,no
2026-10-05T04:28:05.810463Z,KXBTC15M-26OCT050030-30,0.0050,0.01,no
2026-10-05T04:28:05.811661Z,KXBTC15M-26OCT050030-30,0.0050,1.00,no
2026-10-05T04:28:05.8124Z,KXBTC15M-26OCT050030-30,0.0060,46.74,yes
2026-10-05T04:28:05.849246Z,KXBTC15M-26OCT050030-30,0.0060,104.85,yes
2026-10-05T04:28:05.849687Z,KXBTC15M-26OCT050030-30,0.0050,36.25,no
2026-10-05T04:28:05.858021Z,KXBTC15M-26OCT050030-30,0.0050,128.29,no
2026-10-05T04:28:05.865294Z,KXBTC15M-26OCT050030-30,0.0050,0.01,no
2026-10-05T04:28:05.865294Z,KXBTC15M-26OCT050030-30,0.0050,43.88,no
2026-10-05T04:28:05.865294Z,KXBTC15M-26OCT050030-30,0.0050,22.00,no
2026-10-05T04:28:05.865294Z,KXBTC15M-26OCT050030-30,0.0050,0.01,no
2026-10-05T04:28:05.865294Z,KXBTC15M-26OCT050030-30,0.0050,226.45,no
2026-10-05T04:28:05.888921Z,KXBTC15M-26OCT050030-30,0.0060,11.15,yes
2026-10-05T04:28:05.936121Z,KXBTC15M-26OCT050030-30,0.0050,1173.56,no
2026-10-05T04:28:05.936121Z,KXBTC15M-26OCT050030-30,0.0050,100.00,no
2026-10-05T04:28:05.936121Z,KXBTC15M-26OCT050030-30,0.0050,0.01,no
2026-10-05T04:28:05.936121Z,KXBTC15M-26OCT050030-30,0.0050,0.01,no
2026-10-05T04:28:05.936121Z,KXBTC15M-26OCT050030-30,0.0050,22.00,no
2026-10-05T04:28:05.989114Z,KXBTC15M-26OCT050030-30,0.0050,64.85,no
2026-10-05T04:28:06.061326Z,KXBTC15M-26OCT050030-30,0.0060,91.25,yes
2026-10-05T04:28:06.062224Z,KXBTC15M-26OCT050030-30,0.0050,52.22,no
2026-10-05T04:28:06.062224Z,KXBTC15M-26OCT050030-30,0.0050,91.31,no
2026-10-05T04:28:06.062693Z,KXBTC15M-26OCT050030-30,0.0050,85.43,no
2026-10-05T04:28:06.227353Z,KXBTC15M-26OCT050030-30,0.0060,15.95,yes
2026-10-05T04:28:06.25902Z,KXBTC15M-26OCT050030-30,0.0060,23.17,yes
2026-10-05T04:28:06.294409Z,KXBTC15M-26OCT050030-30,0.0060,152.71,yes
2026-10-05T04:28:06.317837Z,KXBTC15M-26OCT050030-30,0.0060,152.71,yes
2026-10-05T04:28:06.344605Z,KXBTC15M-26OCT050030-30,0.0050,41.25,no
2026-10-05T04:28:06.356888Z,KXBTC15M-26OCT050030-30,0.0060,28.00,yes
2026-10-05T04:28:06.528767Z,KXBTC15M-26OCT050030-30,0.0060,122.00,yes
2026-10-05T04:28:06.573817Z,KXBTC15M-26OCT050030-30,0.0060,152.71,yes
2026-10-05T04:28:06.583934Z,KXBTC15M-26OCT050030-30,0.0050,0.01,no
2026-10-05T04:28:06.583934Z,KXBTC15M-26OCT050030-30,0.0050,0.01,no
2026-10-05T04:28:06.583934Z,KXBTC15M-26OCT050030-30,0.0050,221.10,no
2026-10-05T04:28:06.583934Z,KXBTC15M-26OCT050030-30,0.0050,22.00,no
2026-10-05T04:28:06.583934Z,KXBTC15M-26OCT050030-30,0.0050,100.00,no
2026-10-05T04:28:06.583934Z,KXBTC15M-26OCT050030-30,0.0040,258.88,no
2026-10-05T04:28:06.648734Z,KXBTC15M-26OCT050030-30,0.0060,62.62,yes
2026-10-05T04:28:06.653583Z,KXBTC15M-26OCT050030-30,0.0050,0.01,no
2026-10-05T04:28:06.653583Z,KXBTC15M-26OCT050030-30,0.0050,1.98,no
2026-10-05T04:28:06.653583Z,KXBTC15M-26OCT050030-30,0.0050,0.01,no
2026-10-05T04:28:06.69167Z,KXBTC15M-26OCT050030-30,0.0060,314.06,yes
2026-10-05T04:28:06.698078Z,KXBTC15M-26OCT050030-30,0.0050,400.00,no
2026-10-05T04:28:06.698078Z,KXBTC15M-26OCT050030-30,0.0050,0.01,no
2026-10-05T04:28:06.698078Z,KXBTC15M-26OCT050030-30,0.0050,20.02,no
2026-10-05T04:28:06.698078Z,KXBTC15M-26OCT050030-30,0.0050,100.00,no
2026-10-05T04:28:06.698078Z,KXBTC15M-26OCT050030-30,0.0050,1.98,no
2026-10-05T04:28:06.698078Z,KXBTC15M-26OCT050030-30,0.0050,0.01,no
2026-10-05T04:28:06.698078Z,KXBTC15M-26OCT050030-30,0.0040,831.35,no
2026-10-05T04:28:06.698078Z,KXBTC15M-26OCT050030-30,0.0040,1800.00,no
2026-10-05T04:28:06.698078Z,KXBTC15M-26OCT050030-30,0.0040,1800.00,no
2026-10-05T04:28:06.698078Z,KXBTC15M-26OCT050030-30,0.0040,31.49,no
2026-10-05T04:28:06.708824Z,KXBTC15M-26OCT050030-30,0.0060,90.46,yes
2026-10-05T04:28:06.708824Z,KXBTC15M-26OCT050030-30,0.0060,0.08,yes
2026-10-05T04:28:06.708824Z,KXBTC15M-26OCT050030-30,0.0060,19.46,yes
2026-10-05T04:28:06.720844Z,KXBTC15M-26OCT050030-30,0.0060,455.54,yes
2026-10-05T04:28:06.720844Z,KXBTC15M-26OCT050030-30,0.0060,544.46,yes
2026-10-05T04:28:06.744177Z,KXBTC15M-26OCT050030-30,0.0050,22.00,no
2026-10-05T04:28:06.744177Z,KXBTC15M-26OCT050030-30,0.0050,0.01,no
2026-10-05T04:28:06.744177Z,KXBTC15M-26OCT050030-30,0.0050,0.01,no
2026-10-05T04:28:06.744177Z,KXBTC15M-26OCT050030-30,0.0040,56.74,no
2026-10-05T04:28:06.745891Z,KXBTC15M-26OCT050030-30,0.0060,35.25,yes
2026-10-05T04:28:06.7495Z,KXBTC15M-26OCT050030-30,0.0060,7.05,yes
2026-10-05T04:28:06.75454Z,KXBTC15M-26OCT050030-30,0.0040,2.00,no
2026-10-05T04:28:06.75454Z,KXBTC15M-26OCT050030-30,0.0040,156.16,no
2026-10-05T04:28:06.75454Z,KXBTC15M-26OCT050030-30,0.0040,0.01,no
2026-10-05T04:28:06.75454Z,KXBTC15M-26OCT050030-30,0.0040,0.01,no
2026-10-05T04:28:06.75454Z,KXBTC15M-26OCT050030-30,0.0040,20.00,no
2026-10-05T04:28:06.75454Z,KXBTC15M-26OCT050030-30,0.0040,100.00,no
2026-10-05T04:28:06.75454Z,KXBTC15M-26OCT050030-30,0.0050,22.00,no
2026-10-05T04:28:06.75454Z,KXBTC15M-26OCT050030-30,0.0040,2.00,no
2026-10-05T04:28:06.75454Z,KXBTC15M-26OCT050030-30,0.0040,1047.00,no
2026-10-05T04:28:06.75454Z,KXBTC15M-26OCT050030-30,0.0040,74.00,no
2026-10-05T04:28:06.75454Z,KXBTC15M-26OCT050030-30,0.0040,31.77,no
2026-10-05T04:28:06.75454Z,KXBTC15M-26OCT050030-30,0.0040,512.00,no
2026-10-05T04:28:06.75454Z,KXBTC15M-26OCT050030-30,0.0040,1.00,no
2026-10-05T04:28:06.75454Z,KXBTC15M-26OCT050030-30,0.0040,1.00,no
2026-10-05T04:28:06.75454Z,KXBTC15M-26OCT050030-30,0.0040,1.00,no
2026-10-05T04:28:06.75454Z,KXBTC15M-26OCT050030-30,0.0040,13.00,no
2026-10-05T04:28:06.75454Z,KXBTC15M-26OCT050030-30,0.0040,1.00,no
2026-10-05T04:28:06.75454Z,KXBTC15M-26OCT050030-30,0.0040,1.00,no
2026-10-05T04:28:06.764628Z,KXBTC15M-26OCT050030-30,0.0050,56.74,yes
2026-10-05T04:28:06.764628Z,KXBTC15M-26OCT050030-30,0.0050,15.00,yes
2026-10-05T04:28:06.764628Z,KXBTC15M-26OCT050030-30,0.0050,737.37,yes
2026-10-05T04:28:06.788321Z,KXBTC15M-26OCT050030-30,0.0050,43.22,yes
2026-10-05T04:28:06.81323Z,KXBTC15M-26OCT050030-30,0.0050,155.83,yes
2026-10-05T04:28:06.886133Z,KXBTC15M-26OCT050030-30,0.0040,100.00,no
2026-10-05T04:28:06.886133Z,KXBTC15M-26OCT050030-30,0.0040,400.00,no
2026-10-05T04:28:06.886133Z,KXBTC15M-26OCT050030-30,0.0040,20.00,no
2026-10-05T04:28:06.886133Z,KXBTC15M-26OCT050030-30,0.0040,15.00,no
2026-10-05T04:28:06.886133Z,KXBTC15M-26OCT050030-30,0.0040,93.70,no
2026-10-05T04:28:06.886133Z,KXBTC15M-26OCT050030-30,0.0040,15.00,no
2026-10-05T04:28:06.886133Z,KXBTC15M-26OCT050030-30,0.0030,1395.30,no
2026-10-05T04:28:06.896614Z,KXBTC15M-26OCT050030-30,0.0040,20.00,no
2026-10-05T04:28:06.896614Z,KXBTC15M-26OCT050030-30,0.0030,28.22,no
2026-10-05T04:28:06.897585Z,KXBTC15M-26OCT050030-30,0.0050,37.91,yes
2026-10-05T04:28:06.930458Z,KXBTC15M-26OCT050030-30,0.0040,0.01,yes
2026-10-05T04:28:06.930458Z,KXBTC15M-26OCT050030-30,0.0040,15.00,yes
2026-10-05T04:28:06.930458Z,KXBTC15M-26OCT050030-30,0.0040,0.01,yes
2026-10-05T04:28:06.930458Z,KXBTC15M-26OCT050030-30,0.0040,146.64,yes
2026-10-05T04:28:07.014139Z,KXBTC15M-26OCT050030-30,0.0040,236.86,yes
2026-10-05T04:28:07.063892Z,KXBTC15M-26OCT050030-30,0.0030,98.45,no
2026-10-05T04:28:07.064711Z,KXBTC15M-26OCT050030-30,0.0030,72.01,no
2026-10-05T04:28:07.073939Z,KXBTC15M-26OCT050030-30,0.0030,45.81,no
2026-10-05T04:28:07.073939Z,KXBTC15M-26OCT050030-30,0.0030,206.02,no
2026-10-05T04:28:07.09685Z,KXBTC15M-26OCT050030-30,0.0030,1.00,no
2026-10-05T04:28:07.208044Z,KXBTC15M-26OCT050030-30,0.0030,21.73,no
2026-10-05T04:28:07.222106Z,KXBTC15M-26OCT050030-30,0.0040,155.83,yes
2026-10-05T04:28:07.251227Z,KXBTC15M-26OCT050030-30,0.0030,467.90,no
2026-10-05T04:28:07.272484Z,KXBTC15M-26OCT050030-30,0.0040,31.01,yes
2026-10-05T04:28:07.285824Z,KXBTC15M-26OCT050030-30,0.0040,89.70,yes
2026-10-05T04:28:07.322219Z,KXBTC15M-26OCT050030-30,0.0040,155.83,yes
2026-10-05T04:28:07.503348Z,KXBTC15M-26OCT050030-30,0.0040,100.00,yes
2026-10-05T04:28:07.53847Z,KXBTC15M-26OCT050030-30,0.0030,201.56,no
2026-10-05T04:28:07.553365Z,KXBTC15M-26OCT050030-30,0.0040,11.00,yes
2026-10-05T04:28:07.565427Z,KXBTC15M-26OCT050030-30,0.0030,30.15,no
2026-10-05T04:28:07.580535Z,KXBTC15M-26OCT050030-30,0.0030,15.04,no
2026-10-05T04:28:07.620092Z,KXBTC15M-26OCT050030-30,0.0040,201.00,yes
2026-10-05T04:28:07.653181Z,KXBTC15M-26OCT050030-30,0.0040,1.00,yes
2026-10-05T04:28:07.685639Z,KXBTC15M-26OCT050030-30,0.0040,57.27,yes
2026-10-05T04:28:07.733413Z,KXBTC15M-26OCT050030-30,0.0040,46.74,yes
2026-10-05T04:28:07.820628Z,KXBTC15M-26OCT050030-30,0.0040,31.91,yes
2026-10-05T04:28:07.87093Z,KXBTC15M-26OCT050030-30,0.0030,20.05,no
2026-10-05T04:28:07.914704Z,KXBTC15M-26OCT050030-30,0.0040,1.00,yes
2026-10-05T04:28:07.921184Z,KXBTC15M-26OCT050030-30,0.0060,420.34,yes
2026-10-05T04:28:07.921184Z,KXBTC15M-26OCT050030-30,0.0060,289.43,yes
2026-10-05T04:28:07.921184Z,KXBTC15M-26OCT050030-30,0.0040,129.51,yes
2026-10-05T04:28:07.921184Z,KXBTC15M-26OCT050030-30,0.0050,2166.67,yes
2026-10-05T04:28:07.921184Z,KXBTC15M-26OCT050030-30,0.0050,31.49,yes
2026-10-05T04:28:07.921184Z,KXBTC15M-26OCT050030-30,0.0060,258.88,yes
2026-10-05T04:28:07.921184Z,KXBTC15M-26OCT050030-30,0.0040,28.22,yes
2026-10-05T04:28:07.921184Z,KXBTC15M-26OCT050030-30,0.0050,31.77,yes
2026-10-05T04:28:07.921184Z,KXBTC15M-26OCT050030-30,0.0040,0.01,yes
2026-10-05T04:28:07.921184Z,KXBTC15M-26OCT050030-30,0.0060,1471.95,yes
2026-10-05T04:28:07.921184Z,KXBTC15M-26OCT050030-30,0.0040,15.00,yes
2026-10-05T04:28:07.921184Z,KXBTC15M-26OCT050030-30,0.0050,15.00,yes
2026-10-05T04:28:07.921184Z,KXBTC15M-26OCT050030-30,0.0050,3388.00,yes
2026-10-05T04:28:07.921184Z,KXBTC15M-26OCT050030-30,0.0040,98.45,yes
2026-10-05T04:28:07.921184Z,KXBTC15M-26OCT050030-30,0.0040,20.05,yes
2026-10-05T04:28:07.921184Z,KXBTC15M-26OCT050030-30,0.0040,206.02,yes
2026-10-05T04:28:07.921184Z,KXBTC15M-26OCT050030-30,0.0040,201.56,yes
2026-10-05T04:28:07.921184Z,KXBTC15M-26OCT050030-30,0.0040,0.01,yes
2026-10-05T04:28:07.921184Z,KXBTC15M-26OCT050030-30,0.0040,1.00,yes
2026-10-05T04:28:07.921184Z,KXBTC15M-26OCT050030-30,0.0040,21.73,yes
2026-10-05T04:28:07.921184Z,KXBTC15M-26OCT050030-30,0.0040,30.15,yes
2026-10-05T04:28:07.921184Z,KXBTC15M-26OCT050030-30,0.0040,15.04,yes
2026-10-05T04:28:07.921184Z,KXBTC15M-26OCT050030-30,0.0040,467.90,yes
2026-10-05T04:28:07.921184Z,KXBTC15M-26OCT050030-30,0.0040,45.81,yes
2026-10-05T04:28:07.921184Z,KXBTC15M-26OCT050030-30,0.0050,1617.00,yes
2026-10-05T04:28:07.921184Z,KXBTC15M-26OCT050030-30,0.0040,72.01,yes
2026-10-05T04:28:07.929304Z,KXBTC15M-26OCT050030-30,0.0050,115.00,no
2026-10-05T04:28:07.929304Z,KXBTC15M-26OCT050030-30,0.0040,28.70,no
2026-10-05T04:28:07.94003Z,KXBTC15M-26OCT050030-30,0.0050,16.05,no
2026-10-05T04:28:08.00837Z,KXBTC15M-26OCT050030-30,0.0060,21.00,yes
2026-10-05T04:28:08.014199Z,KXBTC15M-26OCT050030-30,0.0060,18.26,yes
2026-10-05T04:28:08.02854Z,KXBTC15M-26OCT050030-30,0.0050,10.00,no
2026-10-05T04:28:08.02854Z,KXBTC15M-26OCT050030-30,0.0050,466.70,no
2026-10-05T04:28:08.02854Z,KXBTC15M-26OCT050030-30,0.0050,22.00,no
2026-10-05T04:28:08.02854Z,KXBTC15M-26OCT050030-30,0.0050,74.96,no
2026-10-05T04:28:08.02854Z,KXBTC15M-26OCT050030-30,0.0050,1031.09,no
2026-10-05T04:28:08.02854Z,KXBTC15M-26OCT050030-30,0.0050,100.00,no
2026-10-05T04:28:08.029161Z,KXBTC15M-26OCT050030-30,0.0050,1257.50,no
2026-10-05T04:28:08.06569Z,KXBTC15M-26OCT050030-30,0.0060,0.02,yes
2026-10-05T04:28:08.098495Z,KXBTC15M-26OCT050030-30,0.0050,71.95,no
2026-10-05T04:28:08.105089Z,KXBTC15M-26OCT050030-30,0.0050,63.90,no
2026-10-05T04:28:08.174808Z,KXBTC15M-26OCT050030-30,0.0050,381.75,no
2026-10-05T04:28:08.174808Z,KXBTC15M-26OCT050030-30,0.0050,275.56,no
2026-10-05T04:28:08.175694Z,KXBTC15M-26OCT050030-30,0.0060,15.12,yes
2026-10-05T04:28:08.196887Z,KXBTC15M-26OCT050030-30,0.0060,30.45,yes
2026-10-05T04:28:08.225851Z,KXBTC15M-26OCT050030-30,0.0050,18.25,no
2026-10-05T04:28:08.225851Z,KXBTC15M-26OCT050030-30,0.0050,1987.34,no
2026-10-05T04:28:08.25427Z,KXBTC15M-26OCT050030-30,0.0050,18.23,no
2026-10-05T04:28:08.267998Z,KXBTC15M-26OCT050030-30,0.0050,500.00,no
2026-10-05T04:28:08.267998Z,KXBTC15M-26OCT050030-30,0.0050,500.00,no
2026-10-05T04:28:08.267998Z,KXBTC15M-26OCT050030-30,0.0050,2044.43,no
2026-10-05T04:28:08.267998Z,KXBTC15M-26OCT050030-30,0.0050,59.96,no
2026-10-05T04:28:08.267998Z,KXBTC15M-26OCT050030-30,0.0050,596.78,no
2026-10-05T04:28:08.267998Z,KXBTC15M-26OCT050030-30,0.0050,0.01,no
2026-10-05T04:28:08.267998Z,KXBTC15M-26OCT050030-30,0.0050,10.00,no
2026-10-05T04:28:08.267998Z,KXBTC15M-26OCT050030-30,0.0050,306.73,no
2026-10-05T04:28:08.267998Z,KXBTC15M-26OCT050030-30,0.0050,0.01,no
2026-10-05T04:28:08.267998Z,KXBTC15M-26OCT050030-30,0.0050,125.00,no
2026-10-05T04:28:08.267998Z,KXBTC15M-26OCT050030-30,0.0050,22.00,no
2026-10-05T04:28:08.267998Z,KXBTC15M-26OCT050030-30,0.0050,835.08,no
2026-10-05T04:28:08.272088Z,KXBTC15M-26OCT050030-30,0.0050,7.84,no
2026-10-05T04:28:08.283873Z,KXBTC15M-26OCT050030-30,0.0060,243.20,yes
2026-10-05T04:28:08.283873Z,KXBTC15M-26OCT050030-30,0.0060,216.80,yes
2026-10-05T04:28:08.367346Z,KXBTC15M-26OCT050030-30,0.0050,143.90,no
2026-10-05T04:28:08.420149Z,KXBTC15M-26OCT050030-30,0.0060,76.94,yes
2026-10-05T04:28:08.50215Z,KXBTC15M-26OCT050030-30,0.0050,22.00,no
2026-10-05T04:28:08.50215Z,KXBTC15M-26OCT050030-30,0.0050,0.01,no
2026-10-05T04:28:08.50215Z,KXBTC15M-26OCT050030-30,0.0050,28.21,no
2026-10-05T04:28:08.50215Z,KXBTC15M-26OCT050030-30,0.0050,0.01,no
2026-10-05T04:28:08.676964Z,KXBTC15M-26OCT050030-30,0.0050,10.00,no
2026-10-05T04:28:08.676964Z,KXBTC15M-26OCT050030-30,0.0050,19.76,no
2026-10-05T04:28:08.676964Z,KXBTC15M-26OCT050030-30,0.0050,120.94,no
2026-10-05T04:28:08.781653Z,KXBTC15M-26OCT050030-30,0.0050,22.00,no
2026-10-05T04:28:08.781653Z,KXBTC15M-26OCT050030-30,0.0050,38.38,no
2026-10-05T04:28:08.781653Z,KXBTC15M-26OCT050030-30,0.0050,190.78,no
2026-10-05T04:28:08.789144Z,KXBTC15M-26OCT050030-30,0.0050,12.99,no
2026-10-05T04:28:08.81852Z,KXBTC15M-26OCT050030-30,0.0060,31.00,yes
2026-10-05T04:28:08.855793Z,KXBTC15M-26OCT050030-30,0.0040,22.37,no
2026-10-05T04:28:09.041396Z,KXBTC15M-26OCT050030-30,0.0050,10.00,no
2026-10-05T04:28:09.041396Z,KXBTC15M-26OCT050030-30,0.0050,22.00,no
2026-10-05T04:28:09.041396Z,KXBTC15M-26OCT050030-30,0.0050,276.76,no
2026-10-05T04:28:09.090284Z,KXBTC15M-26OCT050030-30,0.0060,2.00,yes
2026-10-05T04:28:09.095612Z,KXBTC15M-26OCT050030-30,0.0060,3.00,yes
2026-10-05T04:28:09.097589Z,KXBTC15M-26OCT050030-30,0.0060,2.00,yes
2026-10-05T04:28:09.112946Z,KXBTC15M-26OCT050030-30,0.0040,29.83,no
2026-10-05T04:28:09.244053Z,KXBTC15M-26OCT050030-30,0.0060,8.32,yes
2026-10-05T04:28:09.305446Z,KXBTC15M-26OCT050030-30,0.0050,2.38,no
2026-10-05T04:28:09.305446Z,KXBTC15M-26OCT050030-30,0.0050,10.00,no
2026-10-05T04:28:09.305446Z,KXBTC15M-26OCT050030-30,0.0050,22.00,no
2026-10-05T04:28:09.403605Z,KXBTC15M-26OCT050030-30,0.0050,45.12,no
2026-10-05T04:28:09.50539Z,KXBTC15M-26OCT050030-30,0.0050,30.70,no
2026-10-05T04:28:09.50539Z,KXBTC15M-26OCT050030-30,0.0050,22.00,no
2026-10-05T04:28:09.50539Z,KXBTC15M-26OCT050030-30,0.0050,352.50,no
2026-10-05T04:28:09.50539Z,KXBTC15M-26OCT050030-30,0.0050,10.00,no
2026-10-05T04:28:09.50539Z,KXBTC15M-26OCT050030-30,0.0040,277.02,no
2026-10-05T04:28:09.541369Z,KXBTC15M-26OCT050030-30,0.0060,1800.00,yes
2026-10-05T04:28:09.541369Z,KXBTC15M-26OCT050030-30,0.0060,491.29,yes
2026-10-05T04:28:09.541369Z,KXBTC15M-26OCT050030-30,0.0060,512.00,yes
2026-10-05T04:28:09.541369Z,KXBTC15M-26OCT050030-30,0.0060,0.01,yes
2026-10-05T04:28:09.541369Z,KXBTC15M-26OCT050030-30,0.0060,500.00,yes
2026-10-05T04:28:09.541369Z,KXBTC15M-26OCT050030-30,0.0060,157.84,yes
2026-10-05T04:28:09.541369Z,KXBTC15M-26OCT050030-30,0.0060,0.01,yes
2026-10-05T04:28:09.648386Z,KXBTC15M-26OCT050030-30,0.0060,29.81,yes
2026-10-05T04:28:09.785972Z,KXBTC15M-26OCT050030-30,0.0060,147.00,yes
2026-10-05T04:28:09.799414Z,KXBTC15M-26OCT050030-30,0.0060,23.19,yes
2026-10-05T04:28:09.799414Z,KXBTC15M-26OCT050030-30,0.0060,129.52,yes
2026-10-05T04:28:09.804116Z,KXBTC15M-26OCT050030-30,0.0040,1606.34,no
2026-10-05T04:28:09.885042Z,KXBTC15M-26OCT050030-30,0.0060,73.02,yes
2026-10-05T04:28:09.955089Z,KXBTC15M-26OCT050030-30,0.0060,134.83,yes
2026-10-05T04:28:09.955089Z,KXBTC15M-26OCT050030-30,0.0060,176.81,yes
2026-10-05T04:28:10.03324Z,KXBTC15M-26OCT050030-30,0.0040,6.54,no
2026-10-05T04:28:10.068526Z,KXBTC15M-26OCT050030-30,0.0060,0.22,yes
2026-10-05T04:28:10.073283Z,KXBTC15M-26OCT050030-30,0.0060,203.71,yes
2026-10-05T04:28:10.176743Z,KXBTC15M-26OCT050030-30,0.0060,0.38,yes
2026-10-05T04:28:10.245416Z,KXBTC15M-26OCT050030-30,0.0040,1198.90,no
2026-10-05T04:28:10.245416Z,KXBTC15M-26OCT050030-30,0.0050,68.00,no
2026-10-05T04:28:10.245416Z,KXBTC15M-26OCT050030-30,0.0050,22.00,no
2026-10-05T04:28:10.245416Z,KXBTC15M-26OCT050030-30,0.0040,64.56,no
2026-10-05T04:28:10.245416Z,KXBTC15M-26OCT050030-30,0.0050,30.52,no
2026-10-05T04:28:10.245416Z,KXBTC15M-26OCT050030-30,0.0050,0.01,no
2026-10-05T04:28:10.245416Z,KXBTC15M-26OCT050030-30,0.0050,400.00,no
2026-10-05T04:28:10.245416Z,KXBTC15M-26OCT050030-30,0.0050,0.01,no
2026-10-05T04:28:10.245416Z,KXBTC15M-26OCT050030-30,0.0050,772.42,no
2026-10-05T04:28:10.245416Z,KXBTC15M-26OCT050030-30,0.0040,10.00,no
2026-10-05T04:28:10.245416Z,KXBTC15M-26OCT050030-30,0.0030,791.55,no
2026-10-05T04:28:10.245416Z,KXBTC15M-26OCT050030-30,0.0030,996.76,no
2026-10-05T04:28:10.291188Z,KXBTC15M-26OCT050030-30,0.0040,371.00,yes
2026-10-05T04:28:10.381791Z,KXBTC15M-26OCT050030-30,0.0030,7.86,no
2026-10-05T04:28:10.383871Z,KXBTC15M-26OCT050030-30,0.0040,420.55,yes
2026-10-05T04:28:10.383871Z,KXBTC15M-26OCT050030-30,0.0040,0.01,yes
2026-10-05T04:28:10.383871Z,KXBTC15M-26OCT050030-30,0.0040,0.01,yes
2026-10-05T04:28:10.383871Z,KXBTC15M-26OCT050030-30,0.0040,79.43,yes
2026-10-05T04:28:10.430859Z,KXBTC15M-26OCT050030-30,0.0040,0.01,yes
2026-10-05T04:28:10.430859Z,KXBTC15M-26OCT050030-30,0.0040,7.86,yes
2026-10-05T04:28:10.430859Z,KXBTC15M-26OCT050030-30,0.0040,0.01,yes
2026-10-05T04:28:10.430859Z,KXBTC15M-26OCT050030-30,0.0050,2409.40,yes
2026-10-05T04:28:10.439364Z,KXBTC15M-26OCT050030-30,0.0060,77.91,yes
2026-10-05T04:28:10.473229Z,KXBTC15M-26OCT050030-30,0.0050,1.00,no
2026-10-05T04:28:10.492506Z,KXBTC15M-26OCT050030-30,0.0060,2.95,yes
2026-10-05T04:28:10.492506Z,KXBTC15M-26OCT050030-30,0.0060,119.00,yes
2026-10-05T04:28:10.492506Z,KXBTC15M-26OCT050030-30,0.0060,30.76,yes
2026-10-05T04:28:10.569398Z,KXBTC15M-26OCT050030-30,0.0050,61.43,no
2026-10-05T04:28:10.569398Z,KXBTC15M-26OCT050030-30,0.0050,149.00,no
2026-10-05T04:28:10.569398Z,KXBTC15M-26OCT050030-30,0.0050,400.00,no
2026-10-05T04:28:10.569398Z,KXBTC15M-26OCT050030-30,0.0050,0.01,no
2026-10-05T04:28:10.569398Z,KXBTC15M-26OCT050030-30,0.0040,10.00,no
2026-10-05T04:28:10.569398Z,KXBTC15M-26OCT050030-30,0.0040,322.03,no
2026-10-05T04:28:10.569398Z,KXBTC15M-26OCT050030-30,0.0050,22.00,no
2026-10-05T04:28:10.569398Z,KXBTC15M-26OCT050030-30,0.0050,0.01,no
2026-10-05T04:28:10.606819Z,KXBTC15M-26OCT050030-30,0.0060,763.54,yes
2026-10-05T04:28:10.608421Z,KXBTC15M-26OCT050030-30,0.0040,408.52,no
2026-10-05T04:28:10.619744Z,KXBTC15M-26OCT050030-30,0.0050,55.51,yes
2026-10-05T04:28:10.632214Z,KXBTC15M-26OCT050030-30,0.0050,280.49,yes
2026-10-05T04:28:10.632214Z,KXBTC15M-26OCT050030-30,0.0050,0.01,yes
2026-10-05T04:28:10.632214Z,KXBTC15M-26OCT050030-30,0.0050,498.62,yes
2026-10-05T04:28:10.632214Z,KXBTC15M-26OCT050030-30,0.0050,0.01,yes
2026-10-05T04:28:10.747556Z,KXBTC15M-26OCT050030-30,0.0060,199.98,yes
2026-10-05T04:28:10.747556Z,KXBTC15M-26OCT050030-30,0.0050,0.01,yes
2026-10-05T04:28:10.747556Z,KXBTC15M-26OCT050030-30,0.0050,0.01,yes
2026-10-05T04:28:10.766657Z,KXBTC15M-26OCT050030-30,0.0050,150.00,no
2026-10-05T04:28:10.766657Z,KXBTC15M-26OCT050030-30,0.0050,0.01,no
2026-10-05T04:28:10.766657Z,KXBTC15M-26OCT050030-30,0.0040,69.00,no
2026-10-05T04:28:10.766657Z,KXBTC15M-26OCT050030-30,0.0050,150.00,no
2026-10-05T04:28:10.766657Z,KXBTC15M-26OCT050030-30,0.0050,49.15,no
2026-10-05T04:28:10.766657Z,KXBTC15M-26OCT050030-30,0.0050,150.00,no
2026-10-05T04:28:10.766657Z,KXBTC15M-26OCT050030-30,0.0050,150.00,no
2026-10-05T04:28:10.766657Z,KXBTC15M-26OCT050030-30,0.0040,362.15,no
2026-10-05T04:28:10.766657Z,KXBTC15M-26OCT050030-30,0.0040,0.01,no
2026-10-05T04:28:10.766657Z,KXBTC15M-26OCT050030-30,0.0050,150.00,no
2026-10-05T04:28:10.766657Z,KXBTC15M-26OCT050030-30,0.0040,2410.45,no
2026-10-05T04:28:10.766657Z,KXBTC15M-26OCT050030-30,0.0040,0.01,no
2026-10-05T04:28:10.766657Z,KXBTC15M-26OCT050030-30,0.0050,0.01,no
2026-10-05T04:28:10.766657Z,KXBTC15M-26OCT050030-30,0.0050,22.00,no
2026-10-05T04:28:10.766657Z,KXBTC15M-26OCT050030-30,0.0050,1350.00,no
2026-10-05T04:28:11.069831Z,KXBTC15M-26OCT050030-30,0.0060,1.50,yes
2026-10-05T04:28:11.120876Z,KXBTC15M-26OCT050030-30,0.0060,1.76,yes
2026-10-05T04:28:11.145815Z,KXBTC15M-26OCT050030-30,0.0060,4.58,yes
2026-10-05T04:28:11.192271Z,KXBTC15M-26OCT050030-30,0.0040,0.01,no
2026-10-05T04:28:11.192271Z,KXBTC15M-26OCT050030-30,0.0040,10.00,no
2026-10-05T04:28:11.192271Z,KXBTC15M-26OCT050030-30,0.0040,39.33,no
2026-10-05T04:28:11.192271Z,KXBTC15M-26OCT050030-30,0.0040,20.00,no
2026-10-05T04:28:11.192271Z,KXBTC15M-26OCT050030-30,0.0040,0.01,no
2026-10-05T04:28:11.243588Z,KXBTC15M-26OCT050030-30,0.0040,200.74,no
2026-10-05T04:28:11.3208Z,KXBTC15M-26OCT050030-30,0.0060,261.23,yes
2026-10-05T04:28:11.3208Z,KXBTC15M-26OCT050030-30,0.0060,48.88,yes
2026-10-05T04:28:11.339053Z,KXBTC15M-26OCT050030-30,0.0040,72.16,no
2026-10-05T04:28:11.497195Z,KXBTC15M-26OCT050030-30,0.0060,61.00,yes
2026-10-05T04:28:11.534593Z,KXBTC15M-26OCT050030-30,0.0040,20.00,no
2026-10-05T04:28:11.534593Z,KXBTC15M-26OCT050030-30,0.0040,42.03,no
2026-10-05T04:28:11.534593Z,KXBTC15M-26OCT050030-30,0.0040,10.00,no
2026-10-05T04:28:11.597834Z,KXBTC15M-26OCT050030-30,0.0040,142.37,no
2026-10-05T04:28:11.611022Z,KXBTC15M-26OCT050030-30,0.0040,39.32,no
2026-10-05T04:28:11.611022Z,KXBTC15M-26OCT050030-30,0.0040,10.00,no
2026-10-05T04:28:11.611022Z,KXBTC15M-26OCT050030-30,0.0040,215.60,no
2026-10-05T04:28:11.611022Z,KXBTC15M-26OCT050030-30,0.0040,100.00,no
2026-10-05T04:28:11.611022Z,KXBTC15M-26OCT050030-30,0.0040,20.00,no
2026-10-05T04:28:11.611022Z,KXBTC15M-26OCT050030-30,0.0030,893.05,no
2026-10-05T04:28:11.768Z,KXBTC15M-26OCT050030-30,0.0040,1.06,yes
2026-10-05T04:28:11.800206Z,KXBTC15M-26OCT050030-30,0.0030,10.00,no
2026-10-05T04:28:11.800206Z,KXBTC15M-26OCT050030-30,0.0030,10.00,no
2026-10-05T04:28:11.800206Z,KXBTC15M-26OCT050030-30,0.0030,1111.00,no
2026-10-05T04:28:11.800206Z,KXBTC15M-26OCT050030-30,0.0030,78.00,no
2026-10-05T04:28:11.800206Z,KXBTC15M-26OCT050030-30,0.0030,493.47,no
2026-10-05T04:28:11.800206Z,KXBTC15M-26OCT050030-30,0.0030,17.00,no
2026-10-05T04:28:11.800206Z,KXBTC15M-26OCT050030-30,0.0030,15.00,no
2026-10-05T04:28:11.800206Z,KXBTC15M-26OCT050030-30,0.0030,15.00,no
2026-10-05T04:28:11.800206Z,KXBTC15M-26OCT050030-30,0.0030,2.00,no
2026-10-05T04:28:11.800206Z,KXBTC15M-26OCT050030-30,0.0030,2.00,no
2026-10-05T04:28:11.800206Z,KXBTC15M-26OCT050030-30,0.0030,120.00,no
2026-10-05T04:28:11.800206Z,KXBTC15M-26OCT050030-30,0.0030,837.00,no
2026-10-05T04:28:11.800206Z,KXBTC15M-26OCT050030-30,0.0030,107.54,no
2026-10-05T04:28:11.800206Z,KXBTC15M-26OCT050030-30,0.0030,250.00,no
2026-10-05T04:28:11.800206Z,KXBTC15M-26OCT050030-30,0.0030,2.00,no
2026-10-05T04:28:11.800206Z,KXBTC15M-26OCT050030-30,0.0030,2.00,no
2026-10-05T04:28:11.800206Z,KXBTC15M-26OCT050030-30,0.0030,2.00,no
2026-10-05T04:28:11.800206Z,KXBTC15M-26OCT050030-30,0.0030,18.00,no
2026-10-05T04:28:11.800206Z,KXBTC15M-26OCT050030-30,0.0030,2.00,no
2026-10-05T04:28:11.800206Z,KXBTC15M-26OCT050030-30,0.0030,2.00,no
2026-10-05T04:28:11.807509Z,KXBTC15M-26OCT050030-30,0.0030,6.53,no
2026-10-05T04:28:11.807509Z,KXBTC15M-26OCT050030-30,0.0030,11.85,no
2026-10-05T04:28:11.86712Z,KXBTC15M-26OCT050030-30,0.0040,155.83,yes
2026-10-05T04:28:11.935191Z,KXBTC15M-26OCT050030-30,0.0040,88.83,yes
2026-10-05T04:28:11.944429Z,KXBTC15M-26OCT050030-30,0.0030,8.20,no
2026-10-05T04:28:12.016854Z,KXBTC15M-26OCT050030-30,0.0040,46.16,yes
2026-10-05T04:28:12.04463Z,KXBTC15M-26OCT050030-30,0.0040,124.58,yes
2026-10-05T04:28:12.089082Z,KXBTC15M-26OCT050030-30,0.0030,4.95,no
2026-10-05T04:28:12.089082Z,KXBTC15M-26OCT050030-30,0.0030,149.47,no
2026-10-05T04:28:12.229416Z,KXBTC15M-26OCT050030-30,0.0030,35.55,no
2026-10-05T04:28:12.346585Z,KXBTC15M-26OCT050030-30,0.0030,77.94,no
2026-10-05T04:28:12.398618Z,KXBTC15M-26OCT050030-30,0.0040,445.18,yes
2026-10-05T04:28:12.398618Z,KXBTC15M-26OCT050030-30,0.0040,0.01,yes
2026-10-05T04:28:12.398618Z,KXBTC15M-26OCT050030-30,0.0040,476.59,yes
2026-10-05T04:28:12.398618Z,KXBTC15M-26OCT050030-30,0.0040,0.01,yes
2026-10-05T04:28:12.398618Z,KXBTC15M-26OCT050030-30,0.0040,200.00,yes
2026-10-05T04:28:12.421292Z,KXBTC15M-26OCT050030-30,0.0040,229.04,yes
2026-10-05T04:28:12.433217Z,KXBTC15M-26OCT050030-30,0.0040,152.78,yes
2026-10-05T04:28:12.433217Z,KXBTC15M-26OCT050030-30,0.0040,79.72,yes
2026-10-05T04:28:12.494168Z,KXBTC15M-26OCT050030-30,0.0040,15.00,yes
2026-10-05T04:28:12.494168Z,KXBTC15M-26OCT050030-30,0.0040,173.76,yes
2026-10-05T04:28:12.494168Z,KXBTC15M-26OCT050030-30,0.0040,40.28,yes
2026-10-05T04:28:12.555013Z,KXBTC15M-26OCT050030-30,0.0030,5.36,no
2026-10-05T04:28:12.563112Z,KXBTC15M-26OCT050030-30,0.0040,40.01,yes
2026-10-05T04:28:12.563112Z,KXBTC15M-26OCT050030-30,0.0040,1.24,yes
2026-10-05T04:28:12.595653Z,KXBTC15M-26OCT050030-30,0.0030,4.68,no
2026-10-05T04:28:12.645222Z,KXBTC15M-26OCT050030-30,0.0040,171.07,yes
2026-10-05T04:28:12.763063Z,KXBTC15M-26OCT050030-30,0.0030,361.06,no
2026-10-05T04:28:12.763063Z,KXBTC15M-26OCT050030-30,0.0030,227.00,no
2026-10-05T04:28:12.801637Z,KXBTC15M-26OCT050030-30,0.0040,38.92,yes
2026-10-05T04:28:12.801637Z,KXBTC15M-26OCT050030-30,0.0040,41.08,yes
2026-10-05T04:28:12.940926Z,KXBTC15M-26OCT050030-30,0.0040,66.46,yes
2026-10-05T04:28:12.940926Z,KXBTC15M-26OCT050030-30,0.0040,49.00,yes
2026-10-05T04:28:12.940926Z,KXBTC15M-26OCT050030-30,0.0040,0.01,yes
2026-10-05T04:28:12.940926Z,KXBTC15M-26OCT050030-30,0.0040,217.00,yes
2026-10-05T04:28:12.940926Z,KXBTC15M-26OCT050030-30,0.0040,180.87,yes
2026-10-05T04:28:12.951622Z,KXBTC15M-26OCT050030-30,0.0040,125.31,yes
2026-10-05T04:28:12.951622Z,KXBTC15M-26OCT050030-30,0.0040,0.01,yes
2026-10-05T04:28:12.951622Z,KXBTC15M-26OCT050030-30,0.0040,80.00,yes
2026-10-05T04:28:12.951622Z,KXBTC15M-26OCT050030-30,0.0040,19.13,yes
2026-10-05T04:28:12.967414Z,KXBTC15M-26OCT050030-30,0.0040,23.37,yes
2026-10-05T04:28:12.997122Z,KXBTC15M-26OCT050030-30,0.0040,57.27,yes
2026-10-05T04:28:13.013338Z,KXBTC15M-26OCT050030-30,0.0040,142.99,yes
2026-10-05T04:28:13.013338Z,KXBTC15M-26OCT050030-30,0.0040,86.05,yes
2026-10-05T04:28:13.077789Z,KXBTC15M-26OCT050030-30,0.0030,10.00,no
2026-10-05T04:28:13.077789Z,KXBTC15M-26OCT050030-30,0.0030,8.20,no
2026-10-05T04:28:13.077789Z,KXBTC15M-26OCT050030-30,0.0030,15.00,no
2026-10-05T04:28:13.077789Z,KXBTC15M-26OCT050030-30,0.0030,3750.00,no
2026-10-05T04:28:13.077789Z,KXBTC15M-26OCT050030-30,0.0030,31.45,no
2026-10-05T04:28:13.077789Z,KXBTC15M-26OCT050030-30,0.0030,2250.00,no
2026-10-05T04:28:13.077789Z,KXBTC15M-26OCT050030-30,0.0030,874.35,no
2026-10-05T04:28:13.077789Z,KXBTC15M-26OCT050030-30,0.0030,10.00,no
2026-10-05T04:28:13.077789Z,KXBTC15M-26OCT050030-30,0.0030,38.94,no
2026-10-05T04:28:13.077789Z,KXBTC15M-26OCT050030-30,0.0030,11.85,no
2026-10-05T04:28:13.077789Z,KXBTC15M-26OCT050030-30,0.0030,500.00,no
2026-10-05T04:28:13.077789Z,KXBTC15M-26OCT050030-30,0.0030,250.00,no
2026-10-05T04:28:13.077789Z,KXBTC15M-26OCT050030-30,0.0030,0.01,no
2026-10-05T04:28:13.077789Z,KXBTC15M-26OCT050030-30,0.0030,500.00,no
2026-10-05T04:28:13.077789Z,KXBTC15M-26OCT050030-30,0.0030,0.01,no
2026-10-05T04:28:13.077789Z,KXBTC15M-26OCT050030-30,0.0030,4.95,no
2026-10-05T04:28:13.077789Z,KXBTC15M-26OCT050030-30,0.0030,2250.00,no
2026-10-05T04:28:13.093572Z,KXBTC15M-26OCT050030-30,0.0030,1166.72,yes
2026-10-05T04:28:13.187896Z,KXBTC15M-26OCT050030-30,0.0030,233.72,yes
2026-10-05T04:28:13.341748Z,KXBTC15M-26OCT050030-30,0.0020,71.95,no
2026-10-05T04:28:13.358594Z,KXBTC15M-26OCT050030-30,0.0020,24.00,no
2026-10-05T04:28:13.359282Z,KXBTC15M-26OCT050030-30,0.0020,85.02,no
2026-10-05T04:28:13.382122Z,KXBTC15M-26OCT050030-30,0.0030,233.72,yes
2026-10-05T04:28:13.400627Z,KXBTC15M-26OCT050030-30,0.0030,116.87,yes
2026-10-05T04:28:13.404356Z,KXBTC15M-26OCT050030-30,0.0030,49.09,yes
2026-10-05T04:28:13.452283Z,KXBTC15M-26OCT050030-30,0.0020,9.81,no
2026-10-05T04:28:13.45251Z,KXBTC15M-26OCT050030-30,0.0030,356.39,yes
2026-10-05T04:28:13.556707Z,KXBTC15M-26OCT050030-30,0.0030,15.47,yes
2026-10-05T04:28:13.618231Z,KXBTC15M-26OCT050030-30,0.0030,467.42,yes
2026-10-05T04:28:13.619645Z,KXBTC15M-26OCT050030-30,0.0030,46.74,yes
2026-10-05T04:28:13.623619Z,KXBTC15M-26OCT050030-30,0.0030,10.98,yes
2026-10-05T04:28:13.623619Z,KXBTC15M-26OCT050030-30,0.0030,50.10,yes
2026-10-05T04:28:13.625967Z,KXBTC15M-26OCT050030-30,0.0030,17.00,yes
2026-10-05T04:28:13.630645Z,KXBTC15M-26OCT050030-30,0.0020,25.68,no
2026-10-05T04:28:13.659801Z,KXBTC15M-26OCT050030-30,0.0030,216.95,yes
2026-10-05T04:28:13.660165Z,KXBTC15M-26OCT050030-30,0.0030,12.07,yes
2026-10-05T04:28:13.667943Z,KXBTC15M-26OCT050030-30,0.0030,14.98,yes
2026-10-05T04:28:13.684781Z,KXBTC15M-26OCT050030-30,0.0030,780.00,yes
2026-10-05T04:28:13.734585Z,KXBTC15M-26OCT050030-30,0.0030,631.42,yes
2026-10-05T04:28:13.793809Z,KXBTC15M-26OCT050030-30,0.0020,36.89,no
2026-10-05T04:28:13.868862Z,KXBTC15M-26OCT050030-30,0.0030,15.00,yes
2026-10-05T04:28:13.868862Z,KXBTC15M-26OCT050030-30,0.0030,0.01,yes
2026-10-05T04:28:13.868862Z,KXBTC15M-26OCT050030-30,0.0030,22.98,yes
2026-10-05T04:28:13.868862Z,KXBTC15M-26OCT050030-30,0.0030,0.01,yes
2026-10-05T04:28:13.895574Z,KXBTC15M-26OCT050030-30,0.0030,227.02,yes
2026-10-05T04:28:13.895574Z,KXBTC15M-26OCT050030-30,0.0030,400.74,yes
2026-10-05T04:28:13.902738Z,KXBTC15M-26OCT050030-30,0.0020,144.26,no
2026-10-05T04:28:13.93333Z,KXBTC15M-26OCT050030-30,0.0030,305.35,yes
2026-10-05T04:28:14.069897Z,KXBTC15M-26OCT050030-30,0.0030,305.35,yes
2026-10-05T04:28:14.078715Z,KXBTC15M-26OCT050030-30,0.0030,11.24,yes
2026-10-05T04:28:14.141522Z,KXBTC15M-26OCT050030-30,0.0030,10.04,yes
2026-10-05T04:28:14.166698Z,KXBTC15M-26OCT050030-30,0.0030,1526.80,yes
2026-10-05T04:28:14.214565Z,KXBTC15M-26OCT050030-30,0.0030,5.18,yes
2026-10-05T04:28:14.224642Z,KXBTC15M-26OCT050030-30,0.0030,305.35,yes
2026-10-05T04:28:14.250414Z,KXBTC15M-26OCT050030-30,0.0030,9.94,yes
2026-10-05T04:28:14.409668Z,KXBTC15M-26OCT050030-30,0.0030,61.08,yes
2026-10-05T04:28:14.45312Z,KXBTC15M-26OCT050030-30,0.0020,1001.86,no
2026-10-05T04:28:14.645111Z,KXBTC15M-26OCT050030-30,0.0030,74.30,yes
2026-10-05T04:28:14.710744Z,KXBTC15M-26OCT050030-30,0.0020,60.91,no
2026-10-05T04:28:14.769892Z,KXBTC15M-26OCT050030-30,0.0030,77.89,yes
2026-10-05T04:28:14.808191Z,KXBTC15M-26OCT050030-30,0.0030,263.33,yes
2026-10-05T04:28:14.939098Z,KXBTC15M-26OCT050030-30,0.0030,90.36,yes
2026-10-05T04:28:15.10524Z,KXBTC15M-26OCT050030-30,0.0030,310.00,yes
2026-10-05T04:28:15.143433Z,KXBTC15M-26OCT050030-30,0.0030,6.90,yes
2026-10-05T04:28:15.194182Z,KXBTC15M-26OCT050030-30,0.0030,610.72,yes
2026-10-05T04:28:15.219107Z,KXBTC15M-26OCT050030-30,0.0030,7.04,yes
2026-10-05T04:28:15.234836Z,KXBTC15M-26OCT050030-30,0.0020,0.65,no
2026-10-05T04:28:15.251842Z,KXBTC15M-26OCT050030-30,0.0030,16.29,yes
2026-10-05T04:28:15.297748Z,KXBTC15M-26OCT050030-30,0.0030,359.76,yes
2026-10-05T04:28:15.308723Z,KXBTC15M-26OCT050030-30,0.0030,305.35,yes
2026-10-05T04:28:15.40365Z,KXBTC15M-26OCT050030-30,0.0030,85.02,yes
2026-10-05T04:28:15.40365Z,KXBTC15M-26OCT050030-30,0.0030,71.95,yes
2026-10-05T04:28:15.40365Z,KXBTC15M-26OCT050030-30,0.0030,24.00,yes
2026-10-05T04:28:15.40365Z,KXBTC15M-26OCT050030-30,0.0030,1882.04,yes
2026-10-05T04:28:15.40365Z,KXBTC15M-26OCT050030-30,0.0030,936.99,yes
2026-10-05T04:28:15.4846Z,KXBTC15M-26OCT050030-30,0.0020,12.97,no
2026-10-05T04:28:15.49252Z,KXBTC15M-26OCT050030-30,0.0030,2.20,yes
2026-10-05T04:28:15.551384Z,KXBTC15M-26OCT050030-30,0.0030,122.00,yes
2026-10-05T04:28:15.589079Z,KXBTC15M-26OCT050030-30,0.0020,10.78,no
2026-10-05T04:28:15.629642Z,KXBTC15M-26OCT050030-30,0.0020,1396.81,no
2026-10-05T04:28:15.629642Z,KXBTC15M-26OCT050030-30,0.0020,18515.22,no
2026-10-05T04:28:15.634814Z,KXBTC15M-26OCT050030-30,0.0020,0.50,no
2026-10-05T04:28:15.667973Z,KXBTC15M-26OCT050030-30,0.0030,191.87,yes
2026-10-05T04:28:15.75634Z,KXBTC15M-26OCT050030-30,0.0020,2.00,no
2026-10-05T04:28:15.778663Z,KXBTC15M-26OCT050030-30,0.0030,0.19,yes
2026-10-05T04:28:15.843007Z,KXBTC15M-26OCT050030-30,0.0020,0.02,no
2026-10-05T04:28:15.908953Z,KXBTC15M-26OCT050030-30,0.0030,51.70,yes
2026-10-05T04:28:15.908953Z,KXBTC15M-26OCT050030-30,0.0030,2.78,yes
2026-10-05T04:28:15.908953Z,KXBTC15M-26OCT050030-30,0.0030,9.81,yes
2026-10-05T04:28:15.970287Z,KXBTC15M-26OCT050030-30,0.0030,36.89,yes
2026-10-05T04:28:15.970287Z,KXBTC15M-26OCT050030-30,0.0030,22.90,yes
2026-10-05T04:28:15.970287Z,KXBTC15M-26OCT050030-30,0.0030,245.56,yes
2026-10-05T04:28:15.974773Z,KXBTC15M-26OCT050030-30,0.0030,607.00,yes
2026-10-05T04:28:16.129151Z,KXBTC15M-26OCT050030-30,0.0020,0.02,no
2026-10-05T04:28:16.146566Z,KXBTC15M-26OCT050030-30,0.0030,29.76,yes
2026-10-05T04:28:16.175782Z,KXBTC15M-26OCT050030-30,0.0020,15.02,no
2026-10-05T04:28:16.286367Z,KXBTC15M-26OCT050030-30,0.0030,116.98,yes
2026-10-05T04:28:16.286367Z,KXBTC15M-26OCT050030-30,0.0030,0.01,yes
2026-10-05T04:28:16.286367Z,KXBTC15M-26OCT050030-30,0.0030,0.01,yes
2026-10-05T04:28:16.286367Z,KXBTC15M-26OCT050030-30,0.0030,117.68,yes
2026-10-05T04:28:16.295673Z,KXBTC15M-26OCT050030-30,0.0020,25.81,no
2026-10-05T04:28:16.300589Z,KXBTC15M-26OCT050030-30,0.0030,27.28,yes
2026-10-05T04:28:16.300589Z,KXBTC15M-26OCT050030-30,0.0030,14.02,yes
2026-10-05T04:28:16.331842Z,KXBTC15M-26OCT050030-30,0.0030,987.84,yes
2026-10-05T04:28:16.331842Z,KXBTC15M-26OCT050030-30,0.0030,60.91,yes
2026-10-05T04:28:16.331842Z,KXBTC15M-26OCT050030-30,0.0030,0.65,yes
2026-10-05T04:28:16.331842Z,KXBTC15M-26OCT050030-30,0.0030,12.97,yes
2026-10-05T04:28:16.331842Z,KXBTC15M-26OCT050030-30,0.0030,453.65,yes
2026-10-05T04:28:16.331842Z,KXBTC15M-26OCT050030-30,0.0030,10.78,yes
2026-10-05T04:28:16.372638Z,KXBTC15M-26OCT050030-30,0.0030,157.96,yes
2026-10-05T04:28:16.375974Z,KXBTC15M-26OCT050030-30,0.0030,610.72,yes
2026-10-05T04:28:16.419596Z,KXBTC15M-26OCT050030-30,0.0030,5.16,yes
2026-10-05T04:28:16.424793Z,KXBTC15M-26OCT050030-30,0.0030,111.39,yes
2026-10-05T04:28:16.435523Z,KXBTC15M-26OCT050030-30,0.0030,214.04,yes
2026-10-05T04:28:16.476378Z,KXBTC15M-26OCT050030-30,0.0030,12.36,yes
2026-10-05T04:28:16.59427Z,KXBTC15M-26OCT050030-30,0.0020,20.03,no
2026-10-05T04:28:16.61021Z,KXBTC15M-26OCT050030-30,0.0030,49.34,yes
2026-10-05T04:28:16.77098Z,KXBTC15M-26OCT050030-30,0.0030,61.08,yes
2026-10-05T04:28:16.818088Z,KXBTC15M-26OCT050030-30,0.0030,112.40,yes
2026-10-05T04:28:16.922006Z,KXBTC15M-26OCT050030-30,0.0030,305.35,yes
2026-10-05T04:28:16.923091Z,KXBTC15M-26OCT050030-30,0.0030,305.35,yes
2026-10-05T04:28:16.949717Z,KXBTC15M-26OCT050030-30,0.0020,2.95,no
2026-10-05T04:28:16.950785Z,KXBTC15M-26OCT050030-30,0.0030,305.35,yes
2026-10-05T04:28:17.024838Z,KXBTC15M-26OCT050030-30,0.0030,40.51,yes
2026-10-05T04:28:17.038528Z,KXBTC15M-26OCT050030-30,0.0030,17.32,yes
2026-10-05T04:28:17.195413Z,KXBTC15M-26OCT050030-30,0.0030,111.00,yes
2026-10-05T04:28:17.219241Z,KXBTC15M-26OCT050030-30,0.0030,104.78,yes
2026-10-05T04:28:17.256758Z,KXBTC15M-26OCT050030-30,0.0030,155.79,yes
2026-10-05T04:28:17.305366Z,KXBTC15M-26OCT050030-30,0.0020,52.04,no
2026-10-05T04:28:17.357779Z,KXBTC15M-26OCT050030-30,0.0020,0.01,no
2026-10-05T04:28:17.526721Z,KXBTC15M-26OCT050030-30,0.0030,13.79,yes
2026-10-05T04:28:17.537282Z,KXBTC15M-26OCT050030-30,0.0030,75.00,yes
2026-10-05T04:28:17.658014Z,KXBTC15M-26OCT050030-30,0.0020,59.31,no
2026-10-05T04:28:17.716462Z,KXBTC15M-26OCT050030-30,0.0030,305.35,yes
2026-10-05T04:28:17.717478Z,KXBTC15M-26OCT050030-30,0.0030,15.27,yes
2026-10-05T04:28:17.770983Z,KXBTC15M-26OCT050030-30,0.0030,6.23,yes
2026-10-05T04:28:17.797782Z,KXBTC15M-26OCT050030-30,0.0030,919.55,yes
2026-10-05T04:28:17.826083Z,KXBTC15M-26OCT050030-30,0.0030,74.98,yes
2026-10-05T04:28:17.847125Z,KXBTC15M-26OCT050030-30,0.0030,75.00,yes
2026-10-05T04:28:17.888268Z,KXBTC15M-26OCT050030-30,0.0020,10.60,no
2026-10-05T04:28:17.89518Z,KXBTC15M-26OCT050030-30,0.0020,16.42,no
2026-10-05T04:28:17.960626Z,KXBTC15M-26OCT050030-30,0.0030,305.35,yes
2026-10-05T04:28:17.968778Z,KXBTC15M-26OCT050030-30,0.0030,305.35,yes
2026-10-05T04:28:18.037653Z,KXBTC15M-26OCT050030-30,0.0030,305.35,yes
2026-10-05T04:28:18.066231Z,KXBTC15M-26OCT050030-30,0.0030,4.19,yes
2026-10-05T04:28:18.128235Z,KXBTC15M-26OCT050030-30,0.0030,299.12,yes
2026-10-05T04:28:18.136019Z,KXBTC15M-26OCT050030-30,0.0030,305.35,yes
2026-10-05T04:28:18.165443Z,KXBTC15M-26OCT050030-30,0.0030,182.66,yes
2026-10-05T04:28:18.284872Z,KXBTC15M-26OCT050030-30,0.0020,5.96,no
2026-10-05T04:28:18.300942Z,KXBTC15M-26OCT050030-30,0.0030,65.05,yes
2026-10-05T04:28:18.321666Z,KXBTC15M-26OCT050030-30,0.0030,0.02,yes
2026-10-05T04:28:18.321869Z,KXBTC15M-26OCT050030-30,0.0030,0.02,yes
2026-10-05T04:28:18.379764Z,KXBTC15M-26OCT050030-30,0.0030,311.59,yes
2026-10-05T04:28:18.408846Z,KXBTC15M-26OCT050030-30,0.0030,305.35,yes
2026-10-05T04:28:18.42253Z,KXBTC15M-26OCT050030-30,0.0030,3115.89,yes
2026-10-05T04:28:18.431519Z,KXBTC15M-26OCT050030-30,0.0030,260.36,yes
2026-10-05T04:28:18.451822Z,KXBTC15M-26OCT050030-30,0.0020,1018.52,no
2026-10-05T04:28:18.469239Z,KXBTC15M-26OCT050030-30,0.0030,76.68,yes
2026-10-05T04:28:18.674407Z,KXBTC15M-26OCT050030-30,0.0030,305.35,yes
2026-10-05T04:28:18.711154Z,KXBTC15M-26OCT050030-30,0.0030,305.35,yes
2026-10-05T04:28:18.730194Z,KXBTC15M-26OCT050030-30,0.0020,95.01,no
2026-10-05T04:28:18.761471Z,KXBTC15M-26OCT050030-30,0.0030,59.22,yes
2026-10-05T04:28:18.813596Z,KXBTC15M-26OCT050030-30,0.0020,106.49,no
2026-10-05T04:28:18.854337Z,KXBTC15M-26OCT050030-30,0.0020,19.70,no
2026-10-05T04:28:18.880334Z,KXBTC15M-26OCT050030-30,0.0030,10.43,yes
2026-10-05T04:28:18.893831Z,KXBTC15M-26OCT050030-30,0.0030,16.21,yes
2026-10-05T04:28:18.901942Z,KXBTC15M-26OCT050030-30,0.0030,5920.16,yes
2026-10-05T04:28:18.943546Z,KXBTC15M-26OCT050030-30,0.0030,155.79,yes
2026-10-05T04:28:19.027702Z,KXBTC15M-26OCT050030-30,0.0030,408.15,yes
2026-10-05T04:28:19.043302Z,KXBTC15M-26OCT050030-30,0.0020,56.10,no
2026-10-05T04:28:19.06552Z,KXBTC15M-26OCT050030-30,0.0030,653.29,yes
2026-10-05T04:28:19.06552Z,KXBTC15M-26OCT050030-30,0.0030,873.51,yes
2026-10-05T04:28:19.077992Z,KXBTC15M-26OCT050030-30,0.0020,150.00,no
2026-10-05T04:28:19.097122Z,KXBTC15M-26OCT050030-30,0.0030,305.35,yes
2026-10-05T04:28:19.138706Z,KXBTC15M-26OCT050030-30,0.0030,41.32,yes
2026-10-05T04:28:19.200116Z,KXBTC15M-26OCT050030-30,0.0020,0.05,no
2026-10-05T04:28:19.21972Z,KXBTC15M-26OCT050030-30,0.0020,1.00,no
2026-10-05T04:28:19.319869Z,KXBTC15M-26OCT050030-30,0.0030,239.20,yes
2026-10-05T04:28:19.322057Z,KXBTC15M-26OCT050030-30,0.0030,10.00,yes
2026-10-05T04:28:19.322057Z,KXBTC15M-26OCT050030-30,0.0030,135.18,yes
2026-10-05T04:28:19.322057Z,KXBTC15M-26OCT050030-30,0.0030,157.65,yes
2026-10-05T04:28:19.322057Z,KXBTC15M-26OCT050030-30,0.0030,2.00,yes
2026-10-05T04:28:19.322057Z,KXBTC15M-26OCT050030-30,0.0030,0.02,yes
2026-10-05T04:28:19.322057Z,KXBTC15M-26OCT050030-30,0.0030,0.50,yes
2026-10-05T04:28:19.49311Z,KXBTC15M-26OCT050030-30,0.0030,239.82,yes
2026-10-05T04:28:19.49311Z,KXBTC15M-26OCT050030-30,0.0030,0.02,yes
2026-10-05T04:28:19.49311Z,KXBTC15M-26OCT050030-30,0.0030,112.69,yes
2026-10-05T04:28:19.529465Z,KXBTC15M-26OCT050030-30,0.0030,18.69,yes
2026-10-05T04:28:19.625399Z,KXBTC15M-26OCT050030-30,0.0030,122.15,yes
2026-10-05T04:28:19.8615Z,KXBTC15M-26OCT050030-30,0.0030,196.00,yes
2026-10-05T04:28:19.8615Z,KXBTC15M-26OCT050030-30,0.0030,15.00,yes
2026-10-05T04:28:19.8615Z,KXBTC15M-26OCT050030-30,0.0030,1.93,yes
2026-10-05T04:28:19.8615Z,KXBTC15M-26OCT050030-30,0.0030,5.96,yes
2026-10-05T04:28:19.8615Z,KXBTC15M-26OCT050030-30,0.0030,1018.52,yes
2026-10-05T04:28:19.8615Z,KXBTC15M-26OCT050030-30,0.0030,0.01,yes
2026-10-05T04:28:19.8615Z,KXBTC15M-26OCT050030-30,0.0030,375.00,yes
2026-10-05T04:28:19.8615Z,KXBTC15M-26OCT050030-30,0.0030,52.04,yes
2026-10-05T04:28:19.8615Z,KXBTC15M-26OCT050030-30,0.0030,0.01,yes
2026-10-05T04:28:19.8615Z,KXBTC15M-26OCT050030-30,0.0030,10.60,yes
2026-10-05T04:28:19.8615Z,KXBTC15M-26OCT050030-30,0.0030,16.42,yes
2026-10-05T04:28:19.8615Z,KXBTC15M-26OCT050030-30,0.0030,59.31,yes
2026-10-05T04:28:19.8615Z,KXBTC15M-26OCT050030-30,0.0030,1238.87,yes
2026-10-05T04:28:19.8615Z,KXBTC15M-26OCT050030-30,0.0030,15.02,yes
2026-10-05T04:28:19.8615Z,KXBTC15M-26OCT050030-30,0.0030,0.08,yes
2026-10-05T04:28:19.8615Z,KXBTC15M-26OCT050030-30,0.0030,0.01,yes
2026-10-05T04:28:19.8615Z,KXBTC15M-26OCT050030-30,0.0030,2.95,yes
2026-10-05T04:28:19.8615Z,KXBTC15M-26OCT050030-30,0.0030,20.03,yes
2026-10-05T04:28:19.8615Z,KXBTC15M-26OCT050030-30,0.0030,25.81,yes
2026-10-05T04:28:19.875204Z,KXBTC15M-26OCT050030-30,0.0030,26.29,yes
2026-10-05T04:28:19.877439Z,KXBTC15M-26OCT050030-30,0.0020,1750.00,no
2026-10-05T04:28:19.89419Z,KXBTC15M-26OCT050030-30,0.0030,8.79,yes
2026-10-05T04:28:20.124251Z,KXBTC15M-26OCT050030-30,0.0030,106.49,yes
2026-10-05T04:28:20.124251Z,KXBTC15M-26OCT050030-30,0.0030,19.70,yes
2026-10-05T04:28:20.124251Z,KXBTC15M-26OCT050030-30,0.0030,58.00,yes
2026-10-05T04:28:20.124251Z,KXBTC15M-26OCT050030-30,0.0030,0.01,yes
2026-10-05T04:28:20.124251Z,KXBTC15M-26OCT050030-30,0.0030,1.00,yes
2026-10-05T04:28:20.124251Z,KXBTC15M-26OCT050030-30,0.0030,0.01,yes
2026-10-05T04:28:20.124251Z,KXBTC15M-26OCT050030-30,0.0030,10.00,yes
2026-10-05T04:28:20.124251Z,KXBTC15M-26OCT050030-30,0.0030,184.36,yes
2026-10-05T04:28:20.124251Z,KXBTC15M-26OCT050030-30,0.0030,56.10,yes
2026-10-05T04:28:20.124251Z,KXBTC15M-26OCT050030-30,0.0030,150.00,yes
2026-10-05T04:28:20.124251Z,KXBTC15M-26OCT050030-30,0.0030,15.00,yes
2026-10-05T04:28:20.124251Z,KXBTC15M-26OCT050030-30,0.0030,0.05,yes
2026-10-05T04:28:20.124251Z,KXBTC15M-26OCT050030-30,0.0030,10.00,yes
2026-10-05T04:28:20.15348Z,KXBTC15M-26OCT050030-30,0.0030,525.51,yes
2026-10-05T04:28:20.285351Z,KXBTC15M-26OCT050030-30,0.0020,5000.00,no
2026-10-05T04:28:20.345158Z,KXBTC15M-26OCT050030-30,0.0030,174.63,yes
2026-10-05T04:28:20.368125Z,KXBTC15M-26OCT050030-30,0.0030,305.35,yes
2026-10-05T04:28:20.423518Z,KXBTC15M-26OCT050030-30,0.0020,250.00,no
2026-10-05T04:28:20.424387Z,KXBTC15M-26OCT050030-30,0.0020,67.01,no
2026-10-05T04:28:20.424387Z,KXBTC15M-26OCT050030-30,0.0020,14.72,no
2026-10-05T04:28:20.424387Z,KXBTC15M-26OCT050030-30,0.0020,1056.64,no
2026-10-05T04:28:20.424387Z,KXBTC15M-26OCT050030-30,0.0020,5.00,no
2026-10-05T04:28:20.424387Z,KXBTC15M-26OCT050030-30,0.0020,200.00,no
2026-10-05T04:28:20.424387Z,KXBTC15M-26OCT050030-30,0.0020,32372.63,no
2026-10-05T04:28:20.424387Z,KXBTC15M-26OCT050030-30,0.0020,100.00,no
2026-10-05T04:28:20.424387Z,KXBTC15M-26OCT050030-30,0.0020,1000.00,no
2026-10-05T04:28:20.424387Z,KXBTC15M-26OCT050030-30,0.0020,20000.00,no
2026-10-05T04:28:20.424387Z,KXBTC15M-26OCT050030-30,0.0020,1300.00,no
2026-10-05T04:28:20.424387Z,KXBTC15M-26OCT050030-30,0.0020,1000.00,no
2026-10-05T04:28:20.424387Z,KXBTC15M-26OCT050030-30,0.0020,1000.00,no
2026-10-05T04:28:20.424387Z,KXBTC15M-26OCT050030-30,0.0020,120.00,no
2026-10-05T04:28:20.424387Z,KXBTC15M-26OCT050030-30,0.0020,500.00,no
2026-10-05T04:28:20.424387Z,KXBTC15M-26OCT050030-30,0.0020,26.00,no
2026-10-05T04:28:20.424387Z,KXBTC15M-26OCT050030-30,0.0020,3.00,no
2026-10-05T04:28:20.424387Z,KXBTC15M-26OCT050030-30,0.0020,3.00,no
2026-10-05T04:28:20.424387Z,KXBTC15M-26OCT050030-30,0.0020,3.00,no
2026-10-05T04:28:20.424387Z,KXBTC15M-26OCT050030-30,0.0020,3.00,no
2026-10-05T04:28:20.424387Z,KXBTC15M-26OCT050030-30,0.0020,3.00,no
2026-10-05T04:28:20.424387Z,KXBTC15M-26OCT050030-30,0.0020,200.00,no
2026-10-05T04:28:20.427718Z,KXBTC15M-26OCT050030-30,0.0020,800.00,no
2026-10-05T04:28:20.441633Z,KXBTC15M-26OCT050030-30,0.0020,250.00,no
2026-10-05T04:28:20.44163Z,KXBTC15M-26OCT050030-30,0.0020,560.15,no
2026-10-05T04:28:20.441673Z,KXBTC15M-26OCT050030-30,0.0020,1083.21,no
2026-10-05T04:28:20.441673Z,KXBTC15M-26OCT050030-30,0.0020,10.00,no
2026-10-05T04:28:20.441673Z,KXBTC15M-26OCT050030-30,0.0020,0.01,no
2026-10-05T04:28:20.441673Z,KXBTC15M-26OCT050030-30,0.0020,28.00,no
2026-10-05T04:28:20.441673Z,KXBTC15M-26OCT050030-30,0.0020,15.00,no
2026-10-05T04:28:20.441673Z,KXBTC15M-26OCT050030-30,0.0020,0.01,no
2026-10-05T04:28:20.441673Z,KXBTC15M-26OCT050030-30,0.0020,500.00,no
2026-10-05T04:28:20.441673Z,KXBTC15M-26OCT050030-30,0.0020,500.00,no
2026-10-05T04:28:20.441673Z,KXBTC15M-26OCT050030-30,0.0020,2863.77,no
2026-10-05T04:28:20.441928Z,KXBTC15M-26OCT050030-30,0.0020,15.00,no
2026-10-05T04:28:20.441928Z,KXBTC15M-26OCT050030-30,0.0020,7136.23,no
2026-10-05T04:28:20.441928Z,KXBTC15M-26OCT050030-30,0.0020,15.00,no
2026-10-05T04:28:20.441928Z,KXBTC15M-26OCT050030-30,0.0020,1.00,no
2026-10-05T04:28:20.441928Z,KXBTC15M-26OCT050030-30,0.0020,105.16,no
2026-10-05T04:28:20.441928Z,KXBTC15M-26OCT050030-30,0.0020,15.00,no
2026-10-05T04:28:20.441928Z,KXBTC15M-26OCT050030-30,0.0020,80.00,no
2026-10-05T04:28:20.468806Z,KXBTC15M-26OCT050030-30,0.0020,500.00,yes
2026-10-05T04:28:20.507204Z,KXBTC15M-26OCT050030-30,0.0020,311.59,yes
2026-10-05T04:28:20.560324Z,KXBTC15M-26OCT050030-30,0.0010,5.00,no
2026-10-05T04:28:20.65565Z,KXBTC15M-26OCT050030-30,0.0020,1381.00,yes
2026-10-05T04:28:20.762773Z,KXBTC15M-26OCT050030-30,0.0020,31.16,yes
2026-10-05T04:28:20.784081Z,KXBTC15M-26OCT050030-30,0.0020,0.02,yes
2026-10-05T04:28:20.788234Z,KXBTC15M-26OCT050030-30,0.0020,0.02,yes
2026-10-05T04:28:20.790295Z,KXBTC15M-26OCT050030-30,0.0020,0.02,yes
2026-10-05T04:28:20.830584Z,KXBTC15M-26OCT050030-30,0.0020,311.59,yes
2026-10-05T04:28:20.840035Z,KXBTC15M-26OCT050030-30,0.0020,1557.96,yes
2026-10-05T04:28:20.851341Z,KXBTC15M-26OCT050030-30,0.0020,2000.00,yes
2026-10-05T04:28:20.982648Z,KXBTC15M-26OCT050030-30,0.0020,313.89,yes
2026-10-05T04:28:21.153601Z,KXBTC15M-26OCT050030-30,0.0020,1719.00,yes
2026-10-05T04:28:21.226638Z,KXBTC15M-26OCT050030-30,0.0020,540.00,yes
2026-10-05T04:28:21.429233Z,KXBTC15M-26OCT050030-30,0.0020,4580.06,yes
2026-10-05T04:28:21.586725Z,KXBTC15M-26OCT050030-30,0.0020,73.24,yes
2026-10-05T04:28:21.637307Z,KXBTC15M-26OCT050030-30,0.0010,59.90,no
2026-10-05T04:28:21.642476Z,KXBTC15M-26OCT050030-30,0.0020,2.95,yes
2026-10-05T04:28:21.643353Z,KXBTC15M-26OCT050030-30,0.0010,0.02,no
2026-10-05T04:28:21.679574Z,KXBTC15M-26OCT050030-30,0.0010,52.53,no
2026-10-05T04:28:21.715008Z,KXBTC15M-26OCT050030-30,0.0020,45.80,yes
2026-10-05T04:28:21.73017Z,KXBTC15M-26OCT050030-30,0.0010,100.09,no
2026-10-05T04:28:21.861509Z,KXBTC15M-26OCT050030-30,0.0020,58.33,yes
2026-10-05T04:28:21.892931Z,KXBTC15M-26OCT050030-30,0.0020,916.02,yes
2026-10-05T04:28:22.101667Z,KXBTC15M-26OCT050030-30,0.0010,217.54,no
2026-10-05T04:28:22.28853Z,KXBTC15M-26OCT050030-30,0.0020,12.13,yes
2026-10-05T04:28:22.463581Z,KXBTC15M-26OCT050030-30,0.0020,458.01,yes
2026-10-05T04:28:22.548289Z,KXBTC15M-26OCT050030-30,0.0020,642.64,yes
2026-10-05T04:28:22.548289Z,KXBTC15M-26OCT050030-30,0.0020,10192.45,yes
2026-10-05T04:28:22.548289Z,KXBTC15M-26OCT050030-30,0.0020,15.00,yes
2026-10-05T04:28:22.548289Z,KXBTC15M-26OCT050030-30,0.0020,0.01,yes
2026-10-05T04:28:22.548289Z,KXBTC15M-26OCT050030-30,0.0020,500.00,yes
2026-10-05T04:28:22.548289Z,KXBTC15M-26OCT050030-30,0.0020,0.01,yes
2026-10-05T04:28:22.548289Z,KXBTC15M-26OCT050030-30,0.0020,100.00,yes
2026-10-05T04:28:22.564974Z,KXBTC15M-26OCT050030-30,0.0010,5004.65,no
2026-10-05T04:28:22.723827Z,KXBTC15M-26OCT050030-30,0.0020,91.62,yes
2026-10-05T04:28:22.796881Z,KXBTC15M-26OCT050030-30,0.0020,56.26,yes
2026-10-05T04:28:22.796881Z,KXBTC15M-26OCT050030-30,0.0020,401.75,yes
2026-10-05T04:28:22.850917Z,KXBTC15M-26OCT050030-30,0.0020,74.41,yes
2026-10-05T04:28:22.874322Z,KXBTC15M-26OCT050030-30,0.0010,196.49,no
2026-10-05T04:28:22.910389Z,KXBTC15M-26OCT050030-30,0.0020,156.00,yes
2026-10-05T04:28:23.021321Z,KXBTC15M-26OCT050030-30,0.0020,50.00,yes
2026-10-05T04:28:23.02418Z,KXBTC15M-26OCT050030-30,0.0020,2290.05,yes
2026-10-05T04:28:23.100506Z,KXBTC15M-26OCT050030-30,0.0010,12.59,no
2026-10-05T04:28:23.101622Z,KXBTC15M-26OCT050030-30,0.0010,100.00,no
2026-10-05T04:28:23.192438Z,KXBTC15M-26OCT050030-30,0.0020,916.77,yes
2026-10-05T04:28:23.192438Z,KXBTC15M-26OCT050030-30,0.0020,1373.28,yes
2026-10-05T04:28:23.19417Z,KXBTC15M-26OCT050030-30,0.0020,100.00,yes
2026-10-05T04:28:23.219021Z,KXBTC15M-26OCT050030-30,0.0020,215.62,yes
2026-10-05T04:28:23.312487Z,KXBTC15M-26OCT050030-30,0.0010,20.01,no
2026-10-05T04:28:23.351286Z,KXBTC15M-26OCT050030-30,0.0020,3000.00,yes
2026-10-05T04:28:23.43786Z,KXBTC15M-26OCT050030-30,0.0020,458.01,yes
2026-10-05T04:28:23.481289Z,KXBTC15M-26OCT050030-30,0.0020,29.30,yes
2026-10-05T04:28:23.569227Z,KXBTC15M-26OCT050030-30,0.0020,200.00,yes
2026-10-05T04:28:23.638973Z,KXBTC15M-26OCT050030-30,0.0020,2290.05,yes
2026-10-05T04:28:23.670658Z,KXBTC15M-26OCT050030-30,0.0020,458.01,yes
2026-10-05T04:28:23.714003Z,KXBTC15M-26OCT050030-30,0.0020,0.01,yes
2026-10-05T04:28:23.78235Z,KXBTC15M-26OCT050030-30,0.0020,200.63,yes
2026-10-05T04:28:23.81319Z,KXBTC15M-26OCT050030-30,0.0020,114.50,yes
2026-10-05T04:28:23.830784Z,KXBTC15M-26OCT050030-30,0.0020,347.18,yes
2026-10-05T04:28:23.834331Z,KXBTC15M-26OCT050030-30,0.0020,2290.05,yes
2026-10-05T04:28:23.886461Z,KXBTC15M-26OCT050030-30,0.0020,72.51,yes
2026-10-05T04:28:23.893971Z,KXBTC15M-26OCT050030-30,0.0020,20.71,yes
2026-10-05T04:28:23.938038Z,KXBTC15M-26OCT050030-30,0.0010,5.16,no
2026-10-05T04:28:24.12076Z,KXBTC15M-26OCT050030-30,0.0010,2843.99,no
2026-10-05T04:28:24.138424Z,KXBTC15M-26OCT050030-30,0.0020,229.01,yes
2026-10-05T04:28:24.196049Z,KXBTC15M-26OCT050030-30,0.0020,20.00,yes
2026-10-05T04:28:24.233066Z,KXBTC15M-26OCT050030-30,0.0010,26.02,no
2026-10-05T04:28:24.233456Z,KXBTC15M-26OCT050030-30,0.0020,0.06,yes
2026-10-05T04:28:24.305032Z,KXBTC15M-26OCT050030-30,0.0010,3368.12,no
2026-10-05T04:28:24.358773Z,KXBTC15M-26OCT050030-30,0.0020,5038.07,yes
2026-10-05T04:28:24.432692Z,KXBTC15M-26OCT050030-30,0.0010,36.77,no
2026-10-05T04:28:24.453579Z,KXBTC15M-26OCT050030-30,0.0020,35.88,yes
2026-10-05T04:28:24.603851Z,KXBTC15M-26OCT050030-30,0.0010,5004.65,no
2026-10-05T04:28:24.617754Z,KXBTC15M-26OCT050030-30,0.0020,1000.00,yes
2026-10-05T04:28:24.705003Z,KXBTC15M-26OCT050030-30,0.0020,692.22,yes
2026-10-05T04:28:24.845814Z,KXBTC15M-26OCT050030-30,0.0020,916.02,yes
2026-10-05T04:28:24.880334Z,KXBTC15M-26OCT050030-30,0.0020,16.27,yes
2026-10-05T04:28:24.976104Z,KXBTC15M-26OCT050030-30,0.0020,458.01,yes
2026-10-05T04:28:24.990187Z,KXBTC15M-26OCT050030-30,0.0020,1.53,yes
2026-10-05T04:28:24.998147Z,KXBTC15M-26OCT050030-30,0.0020,2.10,yes
2026-10-05T04:28:25.005887Z,KXBTC15M-26OCT050030-30,0.0020,50.00,yes
2026-10-05T04:28:25.015698Z,KXBTC15M-26OCT050030-30,0.0020,155.83,yes
2026-10-05T04:28:25.125288Z,KXBTC15M-26OCT050030-30,0.0020,458.01,yes
2026-10-05T04:28:25.311Z,KXBTC15M-26OCT050030-30,0.0020,200.74,yes
2026-10-05T04:28:25.424502Z,KXBTC15M-26OCT050030-30,0.0020,1614.61,yes
2026-10-05T04:28:25.424502Z,KXBTC15M-26OCT050030-30,0.0020,1488.98,yes
2026-10-05T04:28:25.424502Z,KXBTC15M-26OCT050030-30,0.0020,12.90,yes
2026-10-05T04:28:25.473814Z,KXBTC15M-26OCT050030-30,0.0020,458.01,yes
2026-10-05T04:28:25.495773Z,KXBTC15M-26OCT050030-30,0.0020,458.01,yes
2026-10-05T04:28:25.620528Z,KXBTC15M-26OCT050030-30,0.0020,464.99,yes
2026-10-05T04:28:25.623229Z,KXBTC15M-26OCT050030-30,0.0010,59.02,no
2026-10-05T04:28:25.664896Z,KXBTC15M-26OCT050030-30,0.0010,400.00,no
2026-10-05T04:28:25.800441Z,KXBTC15M-26OCT050030-30,0.0020,2.19,yes
2026-10-05T04:28:25.808126Z,KXBTC15M-26OCT050030-30,0.0020,13.56,yes
2026-10-05T04:28:25.8693Z,KXBTC15M-26OCT050030-30,0.0020,916.02,yes
2026-10-05T04:28:25.911421Z,KXBTC15M-26OCT050030-30,0.0020,24.36,yes
2026-10-05T04:28:25.961535Z,KXBTC15M-26OCT050030-30,0.0020,458.01,yes
2026-10-05T04:28:26.077223Z,KXBTC15M-26OCT050030-30,0.0020,1020.22,yes
2026-10-05T04:28:26.124231Z,KXBTC15M-26OCT050030-30,0.0020,30.00,yes
2026-10-05T04:28:26.209203Z,KXBTC15M-26OCT050030-30,0.0020,3.31,yes
2026-10-05T04:28:26.247975Z,KXBTC15M-26OCT050030-30,0.0020,162.46,yes
2026-10-05T04:28:26.279241Z,KXBTC15M-26OCT050030-30,0.0020,45.80,yes
2026-10-05T04:28:26.336015Z,KXBTC15M-26OCT050030-30,0.0010,13.57,no
2026-10-05T04:28:26.38431Z,KXBTC15M-26OCT050030-30,0.0020,18.88,yes
2026-10-05T04:28:26.459875Z,KXBTC15M-26OCT050030-30,0.0020,233.69,yes
2026-10-05T04:28:26.595312Z,KXBTC15M-26OCT050030-30,0.0020,408.52,yes
2026-10-05T04:28:26.637355Z,KXBTC15M-26OCT050030-30,0.0020,458.01,yes
2026-10-05T04:28:26.642018Z,KXBTC15M-26OCT050030-30,0.0020,229.01,yes
2026-10-05T04:28:26.691479Z,KXBTC15M-26OCT050030-30,0.0020,458.01,yes
2026-10-05T04:28:26.694803Z,KXBTC15M-26OCT050030-30,0.0020,35.79,yes
2026-10-05T04:28:26.710252Z,KXBTC15M-26OCT050030-30,0.0020,458.01,yes
2026-10-05T04:28:26.795816Z,KXBTC15M-26OCT050030-30,0.0020,4.14,yes
2026-10-05T04:28:26.855076Z,KXBTC15M-26OCT050030-30,0.0020,916.02,yes
2026-10-05T04:28:26.87027Z,KXBTC15M-26OCT050030-30,0.0010,5310.00,no
2026-10-05T04:28:26.910651Z,KXBTC15M-26OCT050030-30,0.0020,10.62,yes
2026-10-05T04:28:26.965733Z,KXBTC15M-26OCT050030-30,0.0020,137.43,yes
2026-10-05T04:28:26.969776Z,KXBTC15M-26OCT050030-30,0.0010,5000.00,no
2026-10-05T04:28:27.033122Z,KXBTC15M-26OCT050030-30,0.0020,11.03,yes
2026-10-05T04:28:27.141197Z,KXBTC15M-26OCT050030-30,0.0010,1341.00,no
2026-10-05T04:28:27.200385Z,KXBTC15M-26OCT050030-30,0.0020,8.33,yes
2026-10-05T04:28:27.669371Z,KXBTC15M-26OCT050030-30,0.0020,1361.84,yes
2026-10-05T04:28:27.797262Z,KXBTC15M-26OCT050030-30,0.0020,27.47,yes
2026-10-05T04:28:27.890174Z,KXBTC15M-26OCT050030-30,0.0020,0.02,yes
2026-10-05T04:28:27.890633Z,KXBTC15M-26OCT050030-30,0.0020,0.02,yes
2026-10-05T04:28:27.974984Z,KXBTC15M-26OCT050030-30,0.0010,100.00,no
2026-10-05T04:28:27.975192Z,KXBTC15M-26OCT050030-30,0.0010,32.01,no
2026-10-05T04:28:28.091118Z,KXBTC15M-26OCT050030-30,0.0020,458.01,yes
2026-10-05T04:28:28.345092Z,KXBTC15M-26OCT050030-30,0.0020,25.46,yes
2026-10-05T04:28:28.428117Z,KXBTC15M-26OCT050030-30,0.0020,233.69,yes
2026-10-05T04:28:28.52879Z,KXBTC15M-26OCT050030-30,0.0010,156.99,no
2026-10-05T04:28:28.545661Z,KXBTC15M-26OCT050030-30,0.0010,65.06,no
2026-10-05T04:28:28.547905Z,KXBTC15M-26OCT050030-30,0.0020,91.62,yes
2026-10-05T04:28:28.713576Z,KXBTC15M-26OCT050030-30,0.0020,200.00,yes
2026-10-05T04:28:28.866642Z,KXBTC15M-26OCT050030-30,0.0020,70.98,yes
2026-10-05T04:28:29.03539Z,KXBTC15M-26OCT050030-30,0.0010,126.10,no
2026-10-05T04:28:29.226825Z,KXBTC15M-26OCT050030-30,0.0020,458.01,yes
2026-10-05T04:28:29.267311Z,KXBTC15M-26OCT050030-30,0.0020,16.71,yes
2026-10-05T04:28:29.307523Z,KXBTC15M-26OCT050030-30,0.0020,282.00,yes
2026-10-05T04:28:29.338592Z,KXBTC15M-26OCT050030-30,0.0020,229.01,yes
2026-10-05T04:28:29.424115Z,KXBTC15M-26OCT050030-30,0.0020,8772.47,yes
2026-10-05T04:28:29.441094Z,KXBTC15M-26OCT050030-30,0.0010,0.02,no
2026-10-05T04:28:29.442663Z,KXBTC15M-26OCT050030-30,0.0020,0.93,yes
2026-10-05T04:28:29.567612Z,KXBTC15M-26OCT050030-30,0.0020,297.66,yes
2026-10-05T04:28:29.599802Z,KXBTC15M-26OCT050030-30,0.0020,5.00,yes
2026-10-05T04:28:29.61936Z,KXBTC15M-26OCT050030-30,0.0020,6.39,yes
2026-10-05T04:28:29.760942Z,KXBTC15M-26OCT050030-30,0.0010,3.27,no
2026-10-05T04:28:29.879358Z,KXBTC15M-26OCT050030-30,0.0020,59.57,yes
2026-10-05T04:28:29.89278Z,KXBTC15M-26OCT050030-30,0.0020,8.13,yes
2026-10-05T04:28:29.913868Z,KXBTC15M-26OCT050030-30,0.0010,162.82,no
2026-10-05T04:28:29.977798Z,KXBTC15M-26OCT050030-30,0.0010,500.00,no
2026-10-05T04:28:29.979134Z,KXBTC15M-26OCT050030-30,0.0010,100.00,no
2026-10-05T04:28:29.985924Z,KXBTC15M-26OCT050030-30,0.0010,2.00,no
2026-10-05T04:28:30.133739Z,KXBTC15M-26OCT050030-30,0.0020,10.28,yes
2026-10-05T04:28:30.136085Z,KXBTC15M-26OCT050030-30,0.0020,448.66,yes
2026-10-05T04:28:30.142837Z,KXBTC15M-26OCT050030-30,0.0020,19.56,yes
2026-10-05T04:28:30.16684Z,KXBTC15M-26OCT050030-30,0.0010,30.00,no
2026-10-05T04:28:30.199046Z,KXBTC15M-26OCT050030-30,0.0010,30.00,no
2026-10-05T04:28:30.216755Z,KXBTC15M-26OCT050030-30,0.0020,116.84,yes
2026-10-05T04:28:30.255163Z,KXBTC15M-26OCT050030-30,0.0020,934.72,yes
2026-10-05T04:28:30.387149Z,KXBTC15M-26OCT050030-30,0.0020,9.34,yes
2026-10-05T04:28:30.400845Z,KXBTC15M-26OCT050030-30,0.0020,458.01,yes
2026-10-05T04:28:30.400985Z,KXBTC15M-26OCT050030-30,0.0010,1.96,no
2026-10-05T04:28:30.462245Z,KXBTC15M-26OCT050030-30,0.0010,128.63,no
2026-10-05T04:28:30.491513Z,KXBTC15M-26OCT050030-30,0.0020,5.00,yes
2026-10-05T04:28:30.702586Z,KXBTC15M-26OCT050030-30,0.0020,2.00,yes
2026-10-05T04:28:30.977647Z,KXBTC15M-26OCT050030-30,0.0010,786.00,no
2026-10-05T04:28:31.005103Z,KXBTC15M-26OCT050030-30,0.0010,100.00,no
2026-10-05T04:28:31.01861Z,KXBTC15M-26OCT050030-30,0.0020,871.93,yes
2026-10-05T04:28:31.029541Z,KXBTC15M-26OCT050030-30,0.0020,186.94,yes
2026-10-05T04:28:31.039803Z,KXBTC15M-26OCT050030-30,0.0010,1000.00,no
2026-10-05T04:28:31.042744Z,KXBTC15M-26OCT050030-30,0.0010,200.00,no
2026-10-05T04:28:31.1032Z,KXBTC15M-26OCT050030-30,0.0020,161.00,yes
2026-10-05T04:28:31.281682Z,KXBTC15M-26OCT050030-30,0.0010,2.00,no
2026-10-05T04:28:31.372235Z,KXBTC15M-26OCT050030-30,0.0010,1.00,no
2026-10-05T04:28:31.46992Z,KXBTC15M-26OCT050030-30,0.0010,1.00,no
2026-10-05T04:28:31.579846Z,KXBTC15M-26OCT050030-30,0.0020,35.00,yes
2026-10-05T04:28:31.78508Z,KXBTC15M-26OCT050030-30,0.0020,32.08,yes
2026-10-05T04:28:31.895432Z,KXBTC15M-26OCT050030-30,0.0010,10.00,no
2026-10-05T04:28:31.944393Z,KXBTC15M-26OCT050030-30,0.0020,35.00,yes
2026-10-05T04:28:31.993636Z,KXBTC15M-26OCT050030-30,0.0020,500.00,yes
2026-10-05T04:28:32.132372Z,KXBTC15M-26OCT050030-30,0.0010,100.00,no
2026-10-05T04:28:32.149662Z,KXBTC15M-26OCT050030-30,0.0020,5.00,yes
2026-10-05T04:28:32.156009Z,KXBTC15M-26OCT050030-30,0.0020,183.37,yes
2026-10-05T04:28:32.166405Z,KXBTC15M-26OCT050030-30,0.0010,400.00,no
2026-10-05T04:28:32.169073Z,KXBTC15M-26OCT050030-30,0.0010,500.00,no
2026-10-05T04:28:32.208203Z,KXBTC15M-26OCT050030-30,0.0020,500.00,yes
2026-10-05T04:28:32.218057Z,KXBTC15M-26OCT050030-30,0.0020,458.01,yes
2026-10-05T04:28:32.414486Z,KXBTC15M-26OCT050030-30,0.0010,88.29,no
2026-10-05T04:28:32.553019Z,KXBTC15M-26OCT050030-30,0.0010,10.00,no
2026-10-05T04:28:32.632309Z,KXBTC15M-26OCT050030-30,0.0020,458.01,yes
2026-10-05T04:28:32.679699Z,KXBTC15M-26OCT050030-30,0.0020,229.01,yes
2026-10-05T04:28:32.760086Z,KXBTC15M-26OCT050030-30,0.0020,529.66,yes
2026-10-05T04:28:32.809929Z,KXBTC15M-26OCT050030-30,0.0020,20.00,yes
2026-10-05T04:28:32.993603Z,KXBTC15M-26OCT050030-30,0.0010,88.68,no
2026-10-05T04:28:33.05699Z,KXBTC15M-26OCT050030-30,0.0010,11.23,no
2026-10-05T04:28:33.224436Z,KXBTC15M-26OCT050030-30,0.0020,1.00,yes
2026-10-05T04:28:33.233249Z,KXBTC15M-26OCT050030-30,0.0020,229.01,yes
2026-10-05T04:28:33.402925Z,KXBTC15M-26OCT050030-30,0.0010,151.04,no
2026-10-05T04:28:33.405772Z,KXBTC15M-26OCT050030-30,0.0020,458.01,yes
2026-10-05T04:28:33.410296Z,KXBTC15M-26OCT050030-30,0.0010,5004.65,no
2026-10-05T04:28:33.510146Z,KXBTC15M-26OCT050030-30,0.0010,9.96,no
2026-10-05T04:28:33.755237Z,KXBTC15M-26OCT050030-30,0.0020,192.06,yes
2026-10-05T04:28:33.774239Z,KXBTC15M-26OCT050030-30,0.0020,40.00,yes
2026-10-05T04:28:33.782849Z,KXBTC15M-26OCT050030-30,0.0020,30.00,yes
2026-10-05T04:28:33.797664Z,KXBTC15M-26OCT050030-30,0.0010,110.10,no
2026-10-05T04:28:33.799823Z,KXBTC15M-26OCT050030-30,0.0010,2.00,no
2026-10-05T04:28:33.869486Z,KXBTC15M-26OCT050030-30,0.0020,229.01,yes
2026-10-05T04:28:33.874724Z,KXBTC15M-26OCT050030-30,0.0010,123.80,no
2026-10-05T04:28:33.900486Z,KXBTC15M-26OCT050030-30,0.0020,1374.03,yes
2026-10-05T04:28:33.929308Z,KXBTC15M-26OCT050030-30,0.0010,2001.86,no
2026-10-05T04:28:33.956373Z,KXBTC15M-26OCT050030-30,0.0020,229.01,yes
2026-10-05T04:28:34.05454Z,KXBTC15M-26OCT050030-30,0.0010,490.91,no
2026-10-05T04:28:34.130713Z,KXBTC15M-26OCT050030-30,0.0010,5.00,no
2026-10-05T04:28:34.196659Z,KXBTC15M-26OCT050030-30,0.0010,617.02,no
2026-10-05T04:28:34.244444Z,KXBTC15M-26OCT050030-30,0.0020,114.05,yes
2026-10-05T04:28:34.271196Z,KXBTC15M-26OCT050030-30,0.0010,100.09,no
2026-10-05T04:28:34.402074Z,KXBTC15M-26OCT050030-30,0.0020,151.15,yes
2026-10-05T04:28:34.44276Z,KXBTC15M-26OCT050030-30,0.0020,145.03,yes
2026-10-05T04:28:34.617978Z,KXBTC15M-26OCT050030-30,0.0010,2624.98,no
2026-10-05T04:28:34.794579Z,KXBTC15M-26OCT050030-30,0.0020,200.00,yes
2026-10-05T04:28:34.839561Z,KXBTC15M-26OCT050030-30,0.0020,5.17,yes
2026-10-05T04:28:35.085149Z,KXBTC15M-26OCT050030-30,0.0010,5004.65,no
2026-10-05T04:28:35.22326Z,KXBTC15M-26OCT050030-30,0.0020,9.06,yes
2026-10-05T04:28:35.278237Z,KXBTC15M-26OCT050030-30,0.0010,5.00,no
2026-10-05T04:28:35.394978Z,KXBTC15M-26OCT050030-30,0.0010,206.27,no
2026-10-05T04:28:35.41689Z,KXBTC15M-26OCT050030-30,0.0010,27.05,no
2026-10-05T04:28:35.585664Z,KXBTC15M-26OCT050030-30,0.0020,458.01,yes
2026-10-05T04:28:35.635227Z,KXBTC15M-26OCT050030-30,0.0010,20.00,no
2026-10-05T04:28:35.768873Z,KXBTC15M-26OCT050030-30,0.0010,1389.00,no
2026-10-05T04:28:36.022824Z,KXBTC15M-26OCT050030-30,0.0010,30.24,no
2026-10-05T04:28:36.106955Z,KXBTC15M-26OCT050030-30,0.0010,1.18,no
2026-10-05T04:28:36.229947Z,KXBTC15M-26OCT050030-30,0.0010,65.20,no
2026-10-05T04:28:36.499712Z,KXBTC15M-26OCT050030-30,0.0020,555.00,yes
2026-10-05T04:28:36.528553Z,KXBTC15M-26OCT050030-30,0.0020,20.88,yes
2026-10-05T04:28:36.573407Z,KXBTC15M-26OCT050030-30,0.0010,5000.00,no
2026-10-05T04:28:36.723685Z,KXBTC15M-26OCT050030-30,0.0020,311.59,yes
2026-10-05T04:28:36.760777Z,KXBTC15M-26OCT050030-30,0.0020,255.62,yes
2026-10-05T04:28:36.852221Z,KXBTC15M-26OCT050030-30,0.0010,91.00,no
2026-10-05T04:28:36.886125Z,KXBTC15M-26OCT050030-30,0.0020,0.02,yes
2026-10-05T04:28:36.886731Z,KXBTC15M-26OCT050030-30,0.0020,0.02,yes
2026-10-05T04:28:36.932672Z,KXBTC15M-26OCT050030-30,0.0020,1135.90,yes
2026-10-05T04:28:36.980064Z,KXBTC15M-26OCT050030-30,0.0020,531.80,yes
2026-10-05T04:28:37.012169Z,KXBTC15M-26OCT050030-30,0.0010,88.08,no
2026-10-05T04:28:37.034795Z,KXBTC15M-26OCT050030-30,0.0010,500.00,no
2026-10-05T04:28:37.072048Z,KXBTC15M-26OCT050030-30,0.0010,1000.00,no
2026-10-05T04:28:37.076727Z,KXBTC15M-26OCT050030-30,0.0010,1500.00,no
2026-10-05T04:28:37.083902Z,KXBTC15M-26OCT050030-30,0.0010,121.11,no
2026-10-05T04:28:37.100708Z,KXBTC15M-26OCT050030-30,0.0010,20.01,no
2026-10-05T04:28:37.174471Z,KXBTC15M-26OCT050030-30,0.0020,1511.44,yes
2026-10-05T04:28:37.337282Z,KXBTC15M-26OCT050030-30,0.0020,157.00,yes
2026-10-05T04:28:37.419777Z,KXBTC15M-26OCT050030-30,0.0020,154.42,yes
2026-10-05T04:28:37.866512Z,KXBTC15M-26OCT050030-30,0.0010,155.85,no
2026-10-05T04:28:37.933669Z,KXBTC15M-26OCT050030-30,0.0020,916.02,yes
2026-10-05T04:28:37.986256Z,KXBTC15M-26OCT050030-30,0.0010,610.72,no
2026-10-05T04:28:38.012697Z,KXBTC15M-26OCT050030-30,0.0020,229.01,yes
2026-10-05T04:28:38.035972Z,KXBTC15M-26OCT050030-30,0.0020,458.01,yes
2026-10-05T04:28:38.116991Z,KXBTC15M-26OCT050030-30,0.0020,20.67,yes
2026-10-05T04:28:38.279947Z,KXBTC15M-26OCT050030-30,0.0020,722.91,yes
2026-10-05T04:28:38.346462Z,KXBTC15M-26OCT050030-30,0.0010,12.83,no
2026-10-05T04:28:38.354009Z,KXBTC15M-26OCT050030-30,0.0020,45.80,yes
2026-10-05T04:28:38.43197Z,KXBTC15M-26OCT050030-30,0.0010,1.00,no
2026-10-05T04:28:38.733293Z,KXBTC15M-26OCT050030-30,0.0020,45.80,yes
2026-10-05T04:28:38.750851Z,KXBTC15M-26OCT050030-30,0.0010,116.88,no
2026-10-05T04:28:38.785605Z,KXBTC15M-26OCT050030-30,0.0010,400.40,no
2026-10-05T04:28:39.040569Z,KXBTC15M-26OCT050030-30,0.0010,300.27,no
2026-10-05T04:28:39.142049Z,KXBTC15M-26OCT050030-30,0.0020,1025.98,yes
2026-10-05T04:28:39.205996Z,KXBTC15M-26OCT050030-30,0.0020,1.00,yes
2026-10-05T04:28:39.367685Z,KXBTC15M-26OCT050030-30,0.0010,126.60,no
2026-10-05T04:28:39.525616Z,KXBTC15M-26OCT050030-30,0.0010,232.80,no
2026-10-05T04:28:39.593961Z,KXBTC15M-26OCT050030-30,0.0010,60.88,no
2026-10-05T04:28:39.626671Z,KXBTC15M-26OCT050030-30,0.0010,90.08,no
2026-10-05T04:28:39.687422Z,KXBTC15M-26OCT050030-30,0.0010,2384.67,no
2026-10-05T04:28:39.687422Z,KXBTC15M-26OCT050030-30,0.0010,0.01,no
2026-10-05T04:28:39.687422Z,KXBTC15M-26OCT050030-30,0.0010,1000.00,no
2026-10-05T04:28:39.687422Z,KXBTC15M-26OCT050030-30,0.0010,75.00,no
2026-10-05T04:28:39.687422Z,KXBTC15M-26OCT050030-30,0.0010,24.46,no
2026-10-05T04:28:39.687422Z,KXBTC15M-26OCT050030-30,0.0010,75.00,no
2026-10-05T04:28:39.687422Z,KXBTC15M-26OCT050030-30,0.0010,22.42,no
2026-10-05T04:28:39.687422Z,KXBTC15M-26OCT050030-30,0.0010,291.01,no
2026-10-05T04:28:39.687422Z,KXBTC15M-26OCT050030-30,0.0010,0.01,no
2026-10-05T04:28:39.687422Z,KXBTC15M-26OCT050030-30,0.0010,40.00,no
2026-10-05T04:28:39.687422Z,KXBTC15M-26OCT050030-30,0.0010,10.00,no
2026-10-05T04:28:39.687422Z,KXBTC15M-26OCT050030-30,0.0010,206.43,no
2026-10-05T04:28:39.687422Z,KXBTC15M-26OCT050030-30,0.0010,10.00,no
2026-10-05T04:28:39.687422Z,KXBTC15M-26OCT050030-30,0.0010,1000.00,no
2026-10-05T04:28:39.687422Z,KXBTC15M-26OCT050030-30,0.0010,10.00,no
2026-10-05T04:28:39.687422Z,KXBTC15M-26OCT050030-30,0.0010,15.00,no
2026-10-05T04:28:39.687422Z,KXBTC15M-26OCT050030-30,0.0010,1032.32,no
2026-10-05T04:28:39.687422Z,KXBTC15M-26OCT050030-30,0.0010,2000.00,no
2026-10-05T04:28:39.687422Z,KXBTC15M-26OCT050030-30,0.0010,10.00,no
2026-10-05T04:28:39.687422Z,KXBTC15M-26OCT050030-30,0.0010,5164.29,no
2026-10-05T04:28:39.687422Z,KXBTC15M-26OCT050030-30,0.0010,30.00,no
2026-10-05T04:28:39.687422Z,KXBTC15M-26OCT050030-30,0.0010,1129.00,no
2026-10-05T04:28:39.687422Z,KXBTC15M-26OCT050030-30,0.0010,50.00,no
2026-10-05T04:28:39.687422Z,KXBTC15M-26OCT050030-30,0.0010,150.00,no
2026-10-05T04:28:39.687422Z,KXBTC15M-26OCT050030-30,0.0010,1.00,no
2026-10-05T04:28:39.687422Z,KXBTC15M-26OCT050030-30,0.0010,120.00,no
2026-10-05T04:28:39.687422Z,KXBTC15M-26OCT050030-30,0.0010,1.00,no
2026-10-05T04:28:39.687422Z,KXBTC15M-26OCT050030-30,0.0010,200.00,no
2026-10-05T04:28:39.687422Z,KXBTC15M-26OCT050030-30,0.0010,200.00,no
2026-10-05T04:28:39.687422Z,KXBTC15M-26OCT050030-30,0.0010,200.00,no
2026-10-05T04:28:39.687422Z,KXBTC15M-26OCT050030-30,0.0010,1177.50,no
2026-10-05T04:28:39.687422Z,KXBTC15M-26OCT050030-30,0.0010,1.00,no
2026-10-05T04:28:39.687422Z,KXBTC15M-26OCT050030-30,0.0010,2000.00,no
2026-10-05T04:28:39.687422Z,KXBTC15M-26OCT050030-30,0.0010,52318.85,no
2026-10-05T04:28:39.687422Z,KXBTC15M-26OCT050030-30,0.0010,100.00,no
2026-10-05T04:28:39.687422Z,KXBTC15M-26OCT050030-30,0.0010,20000.00,no
2026-10-05T04:28:39.687422Z,KXBTC15M-26OCT050030-30,0.0010,1.04,no
2026-10-05T04:28:39.687422Z,KXBTC15M-26OCT050030-30,0.0010,35.00,no
2026-10-05T04:28:39.687422Z,KXBTC15M-26OCT050030-30,0.0010,35.00,no
2026-10-05T04:28:39.687422Z,KXBTC15M-26OCT050030-30,0.0010,35.00,no
2026-10-05T04:28:39.687422Z,KXBTC15M-26OCT050030-30,0.0010,1000.00,no
2026-10-05T04:28:39.687422Z,KXBTC15M-26OCT050030-30,0.0010,35.00,no
2026-10-05T04:28:39.687422Z,KXBTC15M-26OCT050030-30,0.0010,10.00,no
2026-10-05T04:28:39.775367Z,KXBTC15M-26OCT050030-30,0.0010,46.74,yes
2026-10-05T04:28:39.821634Z,KXBTC15M-26OCT050030-30,0.0010,532.00,yes
2026-10-05T04:28:40.221217Z,KXBTC15M-26OCT050030-30,0.0010,934.72,yes
2026-10-05T04:28:40.41207Z,KXBTC15M-26OCT050030-30,0.0010,7010.29,yes
2026-10-05T04:28:40.484119Z,KXBTC15M-26OCT050030-30,0.0010,1.05,yes
2026-10-05T04:28:40.526336Z,KXBTC15M-26OCT050030-30,0.0010,13739.29,yes
2026-10-05T04:28:40.662849Z,KXBTC15M-26OCT050030-30,0.0010,151.51,yes
2026-10-05T04:28:41.132336Z,KXBTC15M-26OCT050030-30,0.0010,915.99,yes
2026-10-05T04:28:41.673498Z,KXBTC15M-26OCT050030-30,0.0010,44.91,yes
2026-10-05T04:28:41.721549Z,KXBTC15M-26OCT050030-30,0.0010,58.77,yes
2026-10-05T04:28:41.771137Z,KXBTC15M-26OCT050030-30,0.0010,639.96,yes
2026-10-05T04:28:41.798711Z,KXBTC15M-26OCT050030-30,0.0010,5.00,yes
2026-10-05T04:28:42.027442Z,KXBTC15M-26OCT050030-30,0.0010,251.23,yes
2026-10-05T04:28:42.035424Z,KXBTC15M-26OCT050030-30,0.0010,915.99,yes
2026-10-05T04:28:42.071354Z,KXBTC15M-26OCT050030-30,0.0010,1850.00,yes
2026-10-05T04:28:42.18552Z,KXBTC15M-26OCT050030-30,0.0010,635.59,yes
2026-10-05T04:28:42.222122Z,KXBTC15M-26OCT050030-30,0.0010,4486.31,yes
2026-10-05T04:28:42.249649Z,KXBTC15M-26OCT050030-30,0.0010,1868.00,yes
2026-10-05T04:28:42.305571Z,KXBTC15M-26OCT050030-30,0.0010,801.17,yes
2026-10-05T04:28:42.402526Z,KXBTC15M-26OCT050030-30,0.0010,915.99,yes
2026-10-05T04:28:42.631847Z,KXBTC15M-26OCT050030-30,0.0010,264.00,yes
2026-10-05T04:28:42.836576Z,KXBTC15M-26OCT050030-30,0.0010,4579.77,yes
2026-10-05T04:28:42.897697Z,KXBTC15M-26OCT050030-30,0.0010,28.64,yes
2026-10-05T04:28:43.124587Z,KXBTC15M-26OCT050030-30,0.0010,31.95,yes
2026-10-05T04:28:43.166899Z,KXBTC15M-26OCT050030-30,0.0010,601.16,yes
2026-10-05T04:28:43.168106Z,KXBTC15M-26OCT050030-30,0.0010,6.98,yes
2026-10-05T04:28:43.389569Z,KXBTC15M-26OCT050030-30,0.0010,5.41,yes
2026-10-05T04:28:43.431469Z,KXBTC15M-26OCT050030-30,0.0010,1831.90,yes
2026-10-05T04:28:43.479239Z,KXBTC15M-26OCT050030-30,0.0010,10.79,yes
2026-10-05T04:28:43.56055Z,KXBTC15M-26OCT050030-30,0.0010,1029.75,yes
2026-10-05T04:28:44.001073Z,KXBTC15M-26OCT050030-30,0.0010,176.29,yes
2026-10-05T04:28:44.105929Z,KXBTC15M-26OCT050030-30,0.0010,316.00,yes
2026-10-05T04:28:44.110157Z,KXBTC15M-26OCT050030-30,0.0010,2747.91,yes
2026-10-05T04:28:44.157827Z,KXBTC15M-26OCT050030-30,0.0010,204.18,yes
2026-10-05T04:28:44.232712Z,KXBTC15M-26OCT050030-30,0.0010,915.99,yes
2026-10-05T04:28:44.299365Z,KXBTC15M-26OCT050030-30,0.0010,0.20,yes
2026-10-05T04:28:44.677735Z,KXBTC15M-26OCT050030-30,0.0010,915.99,yes
2026-10-05T04:28:44.774638Z,KXBTC15M-26OCT050030-30,0.0010,50.23,yes
2026-10-05T04:28:44.844704Z,KXBTC15M-26OCT050030-30,0.0010,586.22,yes
2026-10-05T04:28:44.909662Z,KXBTC15M-26OCT050030-30,0.0010,17.32,yes
2026-10-05T04:28:44.960423Z,KXBTC15M-26OCT050030-30,0.0010,515.62,yes
2026-10-05T04:28:45.328298Z,KXBTC15M-26OCT050030-30,0.0010,686.97,yes
2026-10-05T04:28:45.331576Z,KXBTC15M-26OCT050030-30,0.0010,72.03,yes
2026-10-05T04:28:45.563352Z,KXBTC15M-26OCT050030-30,0.0010,65.06,yes
2026-10-05T04:28:45.675817Z,KXBTC15M-26OCT050030-30,0.0010,458.04,yes
2026-10-05T04:28:46.024772Z,KXBTC15M-26OCT050030-30,0.0010,2.01,yes
2026-10-05T04:28:46.0998Z,KXBTC15M-26OCT050030-30,0.0010,915.99,yes
2026-10-05T04:28:46.520069Z,KXBTC15M-26OCT050030-30,0.0010,2747.91,yes
2026-10-05T04:28:46.671243Z,KXBTC15M-26OCT050030-30,0.0010,50.00,yes
2026-10-05T04:28:46.796154Z,KXBTC15M-26OCT050030-30,0.0010,915.99,yes
2026-10-05T04:28:46.79778Z,KXBTC15M-26OCT050030-30,0.0010,542.09,yes
2026-10-05T04:28:47.313676Z,KXBTC15M-26OCT050030-30,0.0010,1.00,yes
2026-10-05T04:28:47.571617Z,KXBTC15M-26OCT050030-30,0.0010,119.11,yes
2026-10-05T04:28:47.784657Z,KXBTC15M-26OCT050030-30,0.0010,6.02,yes
2026-10-05T04:28:47.97056Z,KXBTC15M-26OCT050030-30,0.0010,458.04,yes
2026-10-05T04:28:48.10946Z,KXBTC15M-26OCT050030-30,0.0010,103.00,yes
2026-10-05T04:28:48.144959Z,KXBTC15M-26OCT050030-30,0.0010,576.00,yes
2026-10-05T04:28:48.51446Z,KXBTC15M-26OCT050030-30,0.0010,91.62,yes
2026-10-05T04:28:48.589194Z,KXBTC15M-26OCT050030-30,0.0010,915.99,yes
2026-10-05T04:28:48.646271Z,KXBTC15M-26OCT050030-30,0.0010,915.99,yes
2026-10-05T04:28:48.695447Z,KXBTC15M-26OCT050030-30,0.0010,6.86,yes
2026-10-05T04:28:48.752142Z,KXBTC15M-26OCT050030-30,0.0010,4579.77,yes
2026-10-05T04:28:48.790255Z,KXBTC15M-26OCT050030-30,0.0010,14.16,yes
2026-10-05T04:28:48.877848Z,KXBTC15M-26OCT050030-30,0.0010,9159.55,yes
2026-10-05T04:28:49.1765Z,KXBTC15M-26OCT050030-30,0.0010,6.89,yes
2026-10-05T04:28:49.265295Z,KXBTC15M-26OCT050030-30,0.0010,0.02,yes
2026-10-05T04:28:49.37424Z,KXBTC15M-26OCT050030-30,0.0010,9.20,yes
2026-10-05T04:28:49.621698Z,KXBTC15M-26OCT050030-30,0.0010,8.10,yes
2026-10-05T04:28:49.685763Z,KXBTC15M-26OCT050030-30,0.0010,4579.77,yes
2026-10-05T04:28:49.709561Z,KXBTC15M-26OCT050030-30,0.0010,915.99,yes
2026-10-05T04:28:49.728899Z,KXBTC15M-26OCT050030-30,0.0010,6.93,yes
2026-10-05T04:28:49.780437Z,KXBTC15M-26OCT050030-30,0.0010,91.62,yes
2026-10-05T04:28:49.892586Z,KXBTC15M-26OCT050030-30,0.0010,915.99,yes
2026-10-05T04:28:50.286392Z,KXBTC15M-26OCT050030-30,0.0010,190.19,yes
2026-10-05T04:28:50.610702Z,KXBTC15M-26OCT050030-30,0.0010,12.55,yes
2026-10-05T04:28:50.634207Z,KXBTC15M-26OCT050030-30,0.0010,20.03,yes
2026-10-05T04:28:50.954353Z,KXBTC15M-26OCT050030-30,0.0010,156.52,yes
2026-10-05T04:28:51.223936Z,KXBTC15M-26OCT050030-30,0.0010,9159.55,yes
2026-10-05T04:28:51.445405Z,KXBTC15M-26OCT050030-30,0.0010,21.40,yes
2026-10-05T04:28:51.572881Z,KXBTC15M-26OCT050030-30,0.0010,934.72,yes
2026-10-05T04:28:51.681715Z,KXBTC15M-26OCT050030-30,0.0010,2.54,yes
2026-10-05T04:28:51.685914Z,KXBTC15M-26OCT050030-30,0.0010,264.60,yes
2026-10-05T04:28:51.816054Z,KXBTC15M-26OCT050030-30,0.0010,915.99,yes
2026-10-05T04:28:51.89867Z,KXBTC15M-26OCT050030-30,0.0010,10.29,yes
2026-10-05T04:28:52.091227Z,KXBTC15M-26OCT050030-30,0.0010,3.57,yes
2026-10-05T04:28:52.191865Z,KXBTC15M-26OCT050030-30,0.0010,123.52,yes
2026-10-05T04:28:52.209971Z,KXBTC15M-26OCT050030-30,0.0010,103.21,yes
2026-10-05T04:28:52.222006Z,KXBTC15M-26OCT050030-30,0.0010,8.28,yes
2026-10-05T04:28:52.442079Z,KXBTC15M-26OCT050030-30,0.0010,91.62,yes
2026-10-05T04:28:52.551177Z,KXBTC15M-26OCT050030-30,0.0010,237.61,yes
2026-10-05T04:28:52.727118Z,KXBTC15M-26OCT050030-30,0.0010,3.58,yes
2026-10-05T04:28:53.235292Z,KXBTC15M-26OCT050030-30,0.0010,70.66,yes
2026-10-05T04:28:53.235292Z,KXBTC15M-26OCT050030-30,0.0010,30.00,yes
2026-10-05T04:28:53.235292Z,KXBTC15M-26OCT050030-30,0.0010,206.27,yes
2026-10-05T04:28:53.235292Z,KXBTC15M-26OCT050030-30,0.0010,91.00,yes
2026-10-05T04:28:53.235292Z,KXBTC15M-26OCT050030-30,0.0010,88.08,yes
2026-10-05T04:28:53.235292Z,KXBTC15M-26OCT050030-30,0.0010,90.08,yes
2026-10-05T04:28:53.235292Z,KXBTC15M-26OCT050030-30,0.0010,3849.70,yes
2026-10-05T04:28:53.235292Z,KXBTC15M-26OCT050030-30,0.0010,97.20,yes
2026-10-05T04:28:53.235292Z,KXBTC15M-26OCT050030-30,0.0010,20.01,yes
2026-10-05T04:28:53.235292Z,KXBTC15M-26OCT050030-30,0.0010,36.77,yes
2026-10-05T04:28:53.290587Z,KXBTC15M-26OCT050030-30,0.0010,29.34,yes
2026-10-05T04:28:53.290587Z,KXBTC15M-26OCT050030-30,0.0010,14.55,yes
2026-10-05T04:28:53.316319Z,KXBTC15M-26OCT050030-30,0.0010,61.98,yes
2026-10-05T04:28:53.430357Z,KXBTC15M-26OCT050030-30,0.0010,9.00,yes
2026-10-05T04:28:53.483579Z,KXBTC15M-26OCT050030-30,0.0010,97.59,yes
2026-10-05T04:28:53.483579Z,KXBTC15M-26OCT050030-30,0.0010,314.47,yes
2026-10-05T04:28:53.483579Z,KXBTC15M-26OCT050030-30,0.0010,27.05,yes
2026-10-05T04:28:53.483579Z,KXBTC15M-26OCT050030-30,0.0010,20.00,yes
2026-10-05T04:28:53.483579Z,KXBTC15M-26OCT050030-30,0.0010,20.01,yes
2026-10-05T04:28:53.483579Z,KXBTC15M-26OCT050030-30,0.0010,60.88,yes
2026-10-05T04:28:53.559964Z,KXBTC15M-26OCT050030-30,0.0010,255.35,yes
2026-10-05T04:28:53.559964Z,KXBTC15M-26OCT050030-30,0.0010,162.82,yes
2026-10-05T04:28:53.559964Z,KXBTC15M-26OCT050030-30,0.0010,30.00,yes
2026-10-05T04:28:53.559964Z,KXBTC15M-26OCT050030-30,0.0010,128.63,yes
2026-10-05T04:28:53.559964Z,KXBTC15M-26OCT050030-30,0.0010,2.41,yes
2026-10-05T04:28:53.559964Z,KXBTC15M-26OCT050030-30,0.0010,100.00,yes
2026-10-05T04:28:53.559964Z,KXBTC15M-26OCT050030-30,0.0010,500.00,yes
2026-10-05T04:28:53.559964Z,KXBTC15M-26OCT050030-30,0.0010,110.10,yes
2026-10-05T04:28:53.559964Z,KXBTC15M-26OCT050030-30,0.0010,88.68,yes
2026-10-05T04:28:53.559964Z,KXBTC15M-26OCT050030-30,0.0010,490.91,yes
2026-10-05T04:28:53.559964Z,KXBTC15M-26OCT050030-30,0.0010,100.09,yes
2026-10-05T04:28:53.559964Z,KXBTC15M-26OCT050030-30,0.0010,617.02,yes
2026-10-05T04:28:53.559964Z,KXBTC15M-26OCT050030-30,0.0010,65.20,yes
2026-10-05T04:28:53.559964Z,KXBTC15M-26OCT050030-30,0.0010,610.72,yes
2026-10-05T04:28:53.559964Z,KXBTC15M-26OCT050030-30,0.0010,155.85,yes
2026-10-05T04:28:53.559964Z,KXBTC15M-26OCT050030-30,0.0010,400.40,yes
2026-10-05T04:28:53.559964Z,KXBTC15M-26OCT050030-30,0.0010,100.00,yes
2026-10-05T04:28:53.559964Z,KXBTC15M-26OCT050030-30,0.0010,400.00,yes
2026-10-05T04:28:53.559964Z,KXBTC15M-26OCT050030-30,0.0010,59.02,yes
2026-10-05T04:28:53.559964Z,KXBTC15M-26OCT050030-30,0.0010,13.57,yes
2026-10-05T04:28:53.559964Z,KXBTC15M-26OCT050030-30,0.0010,32.01,yes
2026-10-05T04:28:53.559964Z,KXBTC15M-26OCT050030-30,0.0010,156.99,yes
2026-10-05T04:28:53.684557Z,KXBTC15M-26OCT050030-30,0.0010,3.11,yes
2026-10-05T04:28:53.868012Z,KXBTC15M-26OCT050030-30,0.0010,200.00,yes
2026-10-05T04:28:53.879323Z,KXBTC15M-26OCT050030-30,0.0010,41.54,yes
2026-10-05T04:28:53.879323Z,KXBTC15M-26OCT050030-30,0.0010,88.29,yes
2026-10-05T04:28:53.879323Z,KXBTC15M-26OCT050030-30,0.0010,120.68,yes
2026-10-05T04:28:53.879323Z,KXBTC15M-26OCT050030-30,0.0010,196.49,yes
2026-10-05T04:28:53.976442Z,KXBTC15M-26OCT050030-30,0.0010,182.63,yes
2026-10-05T04:28:53.976442Z,KXBTC15M-26OCT050030-30,0.0010,200.00,yes
2026-10-05T04:28:53.976442Z,KXBTC15M-26OCT050030-30,0.0010,3.12,yes
2026-10-05T04:28:53.976442Z,KXBTC15M-26OCT050030-30,0.0010,30.24,yes
2026-10-05T04:28:53.976442Z,KXBTC15M-26OCT050030-30,0.0010,500.00,yes
2026-10-05T04:28:53.998353Z,KXBTC15M-26OCT050030-30,0.0010,357.29,yes
2026-10-05T04:28:54.046708Z,KXBTC15M-26OCT050030-30,0.0010,5.31,yes
2026-10-05T04:28:54.302877Z,KXBTC15M-26OCT050030-30,0.0010,121.11,yes
2026-10-05T04:28:54.302877Z,KXBTC15M-26OCT050030-30,0.0010,90.81,yes
2026-10-05T04:28:54.302877Z,KXBTC15M-26OCT050030-30,0.0010,300.27,yes
2026-10-05T04:28:54.302877Z,KXBTC15M-26OCT050030-30,0.0010,151.04,yes
2026-10-05T04:28:54.302877Z,KXBTC15M-26OCT050030-30,0.0010,240.77,yes
2026-10-05T04:28:54.561815Z,KXBTC15M-26OCT050030-30,0.0010,91.62,yes
2026-10-05T04:28:54.783066Z,KXBTC15M-26OCT050030-30,0.0010,50.37,yes
2026-10-05T04:28:54.783066Z,KXBTC15M-26OCT050030-30,0.0010,65.06,yes
2026-10-05T04:28:54.783066Z,KXBTC15M-26OCT050030-30,0.0010,26.02,yes
2026-10-05T04:28:54.783066Z,KXBTC15M-26OCT050030-30,0.0010,197.12,yes
2026-10-05T04:28:55.009448Z,KXBTC15M-26OCT050030-30,0.0010,915.99,yes
2026-10-05T04:28:55.031528Z,KXBTC15M-26OCT050030-30,0.0010,50.00,yes
2026-10-05T04:28:55.107455Z,KXBTC15M-26OCT050030-30,0.0010,915.99,yes
2026-10-05T04:28:55.361632Z,KXBTC15M-26OCT050030-30,0.0010,458.04,yes
2026-10-05T04:28:55.716566Z,KXBTC15M-26OCT050030-30,0.0010,36.99,yes
2026-10-05T04:28:55.989302Z,KXBTC15M-26OCT050030-30,0.0010,21.00,yes
2026-10-05T04:28:56.050397Z,KXBTC15M-26OCT050030-30,0.0010,329.76,yes
2026-10-05T04:28:56.127844Z,KXBTC15M-26OCT050030-30,0.0010,7.19,yes
2026-10-05T04:28:56.257397Z,KXBTC15M-26OCT050030-30,0.0010,10.21,yes
2026-10-05T04:28:56.335447Z,KXBTC15M-26OCT050030-30,0.0010,91.62,yes
2026-10-05T04:28:56.43983Z,KXBTC15M-26OCT050030-30,0.0010,126.10,yes
2026-10-05T04:28:56.43983Z,KXBTC15M-26OCT050030-30,0.0010,13.62,yes
2026-10-05T04:28:56.43983Z,KXBTC15M-26OCT050030-30,0.0010,334.21,yes
2026-10-05T04:28:56.582971Z,KXBTC15M-26OCT050030-30,0.0010,712.07,yes
2026-10-05T04:28:56.582971Z,KXBTC15M-26OCT050030-30,0.0010,203.92,yes
2026-10-05T04:28:56.784268Z,KXBTC15M-26OCT050030-30,0.0010,35.89,yes
2026-10-05T04:28:57.141556Z,KXBTC15M-26OCT050030-30,0.0010,57.85,yes
2026-10-05T04:28:57.299412Z,KXBTC15M-26OCT050030-30,0.0010,130.08,yes
2026-10-05T04:28:57.376315Z,KXBTC15M-26OCT050030-30,0.0010,119.11,yes
2026-10-05T04:28:57.527805Z,KXBTC15M-26OCT050030-30,0.0010,383.00,yes
2026-10-05T04:28:57.577368Z,KXBTC15M-26OCT050030-30,0.0010,3.04,yes
2026-10-05T04:28:57.713411Z,KXBTC15M-26OCT050030-30,0.0010,710.81,yes
2026-10-05T04:28:57.713411Z,KXBTC15M-26OCT050030-30,0.0010,3868.96,yes
2026-10-05T04:28:57.798633Z,KXBTC15M-26OCT050030-30,0.0010,824.36,yes
2026-10-05T04:28:58.206029Z,KXBTC15M-26OCT050030-30,0.0010,8.00,yes
2026-10-05T04:28:58.596769Z,KXBTC15M-26OCT050030-30,0.0010,1000.00,yes
2026-10-05T04:28:58.596769Z,KXBTC15M-26OCT050030-30,0.0010,116.88,yes
2026-10-05T04:28:58.596769Z,KXBTC15M-26OCT050030-30,0.0010,126.60,yes
2026-10-05T04:28:58.596769Z,KXBTC15M-26OCT050030-30,0.0010,2001.86,yes
2026-10-05T04:28:58.596769Z,KXBTC15M-26OCT050030-30,0.0010,2624.98,yes
2026-10-05T04:28:58.596769Z,KXBTC15M-26OCT050030-30,0.0010,1389.00,yes
2026-10-05T04:28:58.596769Z,KXBTC15M-26OCT050030-30,0.0010,3456.83,yes
2026-10-05T04:28:58.596769Z,KXBTC15M-26OCT050030-30,0.0010,1000.00,yes
2026-10-05T04:28:58.596769Z,KXBTC15M-26OCT050030-30,0.0010,5000.00,yes
2026-10-05T04:28:58.596769Z,KXBTC15M-26OCT050030-30,0.0010,1341.00,yes
2026-10-05T04:28:58.596769Z,KXBTC15M-26OCT050030-30,0.0010,4841.61,yes
2026-10-05T04:28:58.685571Z,KXBTC15M-26OCT050030-30,0.0010,752.95,yes
2026-10-05T04:28:58.685571Z,KXBTC15M-26OCT050030-30,0.0010,163.04,yes
2026-10-05T04:28:58.717041Z,KXBTC15M-26OCT050030-30,0.0010,22.53,yes
2026-10-05T04:28:59.137421Z,KXBTC15M-26OCT050030-30,0.0010,2.06,yes
2026-10-05T04:28:59.644733Z,KXBTC15M-26OCT050030-30,0.0010,915.99,yes
2026-10-05T04:28:59.704956Z,KXBTC15M-26OCT050030-30,0.0010,3429.31,yes
2026-10-05T04:28:59.704956Z,KXBTC15M-26OCT050030-30,0.0010,1150.46,yes
2026-10-05T04:28:59.740628Z,KXBTC15M-26OCT050030-30,0.0010,3.57,yes
2026-10-05T04:28:59.884589Z,KXBTC15M-26OCT050030-30,0.0010,391.30,yes
2026-10-05T04:28:59.955492Z,KXBTC15M-26OCT050030-30,0.0010,915.99,yes
2026-10-05T04:29:00.129561Z,KXBTC15M-26OCT050030-30,0.0010,2.00,yes
2026-10-05T04:29:00.297158Z,KXBTC15M-26OCT050030-30,0.0010,3.65,yes
2026-10-05T04:29:00.417456Z,KXBTC15M-26OCT050030-30,0.0010,45.85,yes
2026-10-05T04:29:00.550616Z,KXBTC15M-26OCT050030-30,0.0010,113.69,yes
2026-10-05T04:29:00.577373Z,KXBTC15M-26OCT050030-30,0.0010,1152.72,yes
2026-10-05T04:29:00.577373Z,KXBTC15M-26OCT050030-30,0.0010,99.29,yes
2026-10-05T04:29:00.759477Z,KXBTC15M-26OCT050030-30,0.0010,244.26,yes
2026-10-05T04:29:00.921076Z,KXBTC15M-26OCT050030-30,0.0010,91.62,yes
2026-10-05T04:29:00.922505Z,KXBTC15M-26OCT050030-30,0.0010,3516.05,yes
2026-10-05T04:29:00.922505Z,KXBTC15M-26OCT050030-30,0.0010,1063.72,yes
2026-10-05T04:29:01.315676Z,KXBTC15M-26OCT050030-30,0.0010,103.60,yes
2026-10-05T04:29:01.394251Z,KXBTC15M-26OCT050030-30,0.0010,91.62,yes
2026-10-05T04:29:01.586952Z,KXBTC15M-26OCT050030-30,0.0010,7.57,yes
2026-10-05T04:29:01.594967Z,KXBTC15M-26OCT050030-30,0.0010,233.49,yes
2026-10-05T04:29:01.594967Z,KXBTC15M-26OCT050030-30,0.0010,766.51,yes
2026-10-05T04:29:01.62297Z,KXBTC15M-26OCT050030-30,0.0010,384.73,yes
2026-10-05T04:29:01.666601Z,KXBTC15M-26OCT050030-30,0.0010,183.25,yes
2026-10-05T04:29:01.726112Z,KXBTC15M-26OCT050030-30,0.0010,200.00,yes
2026-10-05T04:29:02.353275Z,KXBTC15M-26OCT050030-30,0.0010,51.98,yes
2026-10-05T04:29:02.515342Z,KXBTC15M-26OCT050030-30,0.0010,26.28,yes
2026-10-05T04:29:03.134707Z,KXBTC15M-26OCT050030-30,0.0010,132.71,yes
2026-10-05T04:29:03.342507Z,KXBTC15M-26OCT050030-30,0.0010,6.36,yes
2026-10-05T04:29:03.827683Z,KXBTC15M-26OCT050030-30,0.0010,501.68,yes
2026-10-05T04:29:04.013805Z,KXBTC15M-26OCT050030-30,0.0010,0.02,yes
2026-10-05T04:29:04.029125Z,KXBTC15M-26OCT050030-30,0.0010,100.00,yes
2026-10-05T04:29:04.029125Z,KXBTC15M-26OCT050030-30,0.0010,2751.13,yes
2026-10-05T04:29:04.029125Z,KXBTC15M-26OCT050030-30,0.0010,1728.64,yes
2026-10-05T04:29:04.298555Z,KXBTC15M-26OCT050030-30,0.0010,4.28,yes
2026-10-05T04:29:04.330732Z,KXBTC15M-26OCT050030-30,0.0010,180.00,yes
2026-10-05T04:29:04.367Z,KXBTC15M-26OCT050030-30,0.0010,248.35,yes
2026-10-05T04:29:04.453691Z,KXBTC15M-26OCT050030-30,0.0010,45797.44,yes
2026-10-05T04:29:04.608299Z,KXBTC15M-26OCT050030-30,0.0010,85.00,yes
2026-10-05T04:29:05.072478Z,KXBTC15M-26OCT050030-30,0.0010,915.99,yes
2026-10-05T04:29:05.147825Z,KXBTC15M-26OCT050030-30,0.0010,8.13,yes
2026-10-05T04:29:05.554937Z,KXBTC15M-26OCT050030-30,0.0010,233.69,yes
2026-10-05T04:29:05.567057Z,KXBTC15M-26OCT050030-30,0.0010,293.10,yes
2026-10-05T04:29:05.591926Z,KXBTC15M-26OCT050030-30,0.0010,46.76,yes
2026-10-05T04:29:05.895503Z,KXBTC15M-26OCT050030-30,0.0010,0.02,yes
2026-10-05T04:29:05.896801Z,KXBTC15M-26OCT050030-30,0.0010,0.02,yes
2026-10-05T04:29:05.964664Z,KXBTC15M-26OCT050030-30,0.0010,10.20,yes
2026-10-05T04:29:06.904047Z,KXBTC15M-26OCT050030-30,0.0010,183.25,yes
2026-10-05T04:29:06.975158Z,KXBTC15M-26OCT050030-30,0.0010,0.20,yes
2026-10-05T04:29:07.764712Z,KXBTC15M-26OCT050030-30,0.0010,0.02,yes
2026-10-05T04:29:07.765122Z,KXBTC15M-26OCT050030-30,0.0010,0.02,yes
2026-10-05T04:29:08.330161Z,KXBTC15M-26OCT050030-30,0.0010,9.20,yes
2026-10-05T04:29:08.537364Z,KXBTC15M-26OCT050030-30,0.0010,0.64,yes
2026-10-05T04:29:08.693448Z,KXBTC15M-26OCT050030-30,0.0010,64.70,yes
2026-10-05T04:29:08.879195Z,KXBTC15M-26OCT050030-30,0.0010,25.69,yes
2026-10-05T04:29:09.025537Z,KXBTC15M-26OCT050030-30,0.0010,1831.90,yes
2026-10-05T04:29:09.060196Z,KXBTC15M-26OCT050030-30,0.0010,549.57,yes
2026-10-05T04:29:09.078753Z,KXBTC15M-26OCT050030-30,0.0010,6.09,yes
2026-10-05T04:29:09.231052Z,KXBTC15M-26OCT050030-30,0.0010,95.95,yes
2026-10-05T04:29:09.231052Z,KXBTC15M-26OCT050030-30,0.0010,4483.82,yes
2026-10-05T04:29:09.556759Z,KXBTC15M-26OCT050030-30,0.0010,4066.86,yes
2026-10-05T04:29:09.856114Z,KXBTC15M-26OCT050030-30,0.0010,3500.00,yes
2026-10-05T04:29:09.94524Z,KXBTC15M-26OCT050030-30,0.0010,3.58,yes
2026-10-05T04:29:10.916168Z,KXBTC15M-26OCT050030-30,0.0010,258.97,yes
2026-10-05T04:29:10.916168Z,KXBTC15M-26OCT050030-30,0.0010,2980.42,yes
2026-10-05T04:29:10.916168Z,KXBTC15M-26OCT050030-30,0.0010,144.00,yes
2026-10-05T04:29:11.671697Z,KXBTC15M-26OCT050030-30,0.0010,2.23,yes
2026-10-05T04:29:11.911965Z,KXBTC15M-26OCT050030-30,0.0010,45.85,yes
2026-10-05T04:29:12.063604Z,KXBTC15M-26OCT050030-30,0.0010,5.08,yes
2026-10-05T04:29:12.156974Z,KXBTC15M-26OCT050030-30,0.0010,9159.55,yes
2026-10-05T04:29:12.610026Z,KXBTC15M-26OCT050030-30,0.0010,732.83,yes
2026-10-05T04:29:12.711817Z,KXBTC15M-26OCT050030-30,0.0010,1831.90,yes
2026-10-05T04:29:13.178074Z,KXBTC15M-26OCT050030-30,0.0010,915.99,yes
2026-10-05T04:29:13.585392Z,KXBTC15M-26OCT050030-30,0.0010,750.75,yes
2026-10-05T04:29:13.585392Z,KXBTC15M-26OCT050030-30,0.0010,5.00,yes
2026-10-05T04:29:13.585392Z,KXBTC15M-26OCT050030-30,0.0010,326.15,yes
2026-10-05T04:29:13.585392Z,KXBTC15M-26OCT050030-30,0.0010,750.00,yes
2026-10-05T04:29:13.725525Z,KXBTC15M-26OCT050030-30,0.0010,915.99,yes
2026-10-05T04:29:13.822322Z,KXBTC15M-26OCT050030-30,0.0010,38.48,yes
2026-10-05T04:29:13.871173Z,KXBTC15M-26OCT050030-30,0.0010,4579.77,yes
2026-10-05T04:29:14.411588Z,KXBTC15M-26OCT050030-30,0.0010,500.00,yes
2026-10-05T04:29:15.243694Z,KXBTC15M-26OCT050030-30,0.0010,915.99,yes
2026-10-05T04:29:15.476753Z,KXBTC15M-26OCT050030-30,0.0010,1.00,yes
2026-10-05T04:29:15.885349Z,KXBTC15M-26OCT050030-30,0.0010,20.05,yes
2026-10-05T04:29:16.078076Z,KXBTC15M-26OCT050030-30,0.0010,915.99,yes
2026-10-05T04:29:16.109286Z,KXBTC15M-26OCT050030-30,0.0010,91.62,yes
2026-10-05T04:29:16.54238Z,KXBTC15M-26OCT050030-30,0.0010,915.99,yes
2026-10-05T04:29:16.583526Z,KXBTC15M-26OCT050030-30,0.0010,181.74,yes
2026-10-05T04:29:17.0211Z,KXBTC15M-26OCT050030-30,0.0010,180.00,yes
2026-10-05T04:29:18.041996Z,KXBTC15M-26OCT050030-30,0.0010,9159.55,yes
2026-10-05T04:29:18.175289Z,KXBTC15M-26OCT050030-30,0.0010,239.29,yes
2026-10-05T04:29:18.428675Z,KXBTC15M-26OCT050030-30,0.0010,2468.80,yes
2026-10-05T04:29:18.428675Z,KXBTC15M-26OCT050030-30,0.0010,15.00,yes
2026-10-05T04:29:18.428675Z,KXBTC15M-26OCT050030-30,0.0010,2095.97,yes
2026-10-05T04:29:19.213245Z,KXBTC15M-26OCT050030-30,0.0010,0.87,yes
2026-10-05T04:29:19.42901Z,KXBTC15M-26OCT050030-30,0.0010,0.02,yes
2026-10-05T04:29:19.442792Z,KXBTC15M-26OCT050030-30,0.0010,0.02,yes
2026-10-05T04:29:19.551249Z,KXBTC15M-26OCT050030-30,0.0010,132.19,yes
2026-10-05T04:29:19.822871Z,KXBTC15M-26OCT050030-30,0.0010,9.20,yes
2026-10-05T04:29:19.835487Z,KXBTC15M-26OCT050030-30,0.0010,1831.90,yes
2026-10-05T04:29:20.035966Z,KXBTC15M-26OCT050030-30,0.0010,1.80,yes
2026-10-05T04:29:20.841258Z,KXBTC15M-26OCT050030-30,0.0010,915.99,yes
2026-10-05T04:29:21.14636Z,KXBTC15M-26OCT050030-30,0.0010,57.44,yes
2026-10-05T04:29:21.14636Z,KXBTC15M-26OCT050030-30,0.0010,12.04,yes
2026-10-05T04:29:21.939882Z,KXBTC15M-26OCT050030-30,0.0010,98.00,yes
2026-10-05T04:29:22.525904Z,KXBTC15M-26OCT050030-30,0.0010,344.56,yes
2026-10-05T04:29:22.525904Z,KXBTC15M-26OCT050030-30,0.0010,1487.34,yes
2026-10-05T04:29:22.687668Z,KXBTC15M-26OCT050030-30,0.0010,12.66,yes
2026-10-05T04:29:22.687668Z,KXBTC15M-26OCT050030-30,0.0010,48.25,yes
2026-10-05T04:29:22.838991Z,KXBTC15M-26OCT050030-30,0.0010,9.20,yes
2026-10-05T04:29:23.375869Z,KXBTC15M-26OCT050030-30,0.0010,458.04,yes
2026-10-05T04:29:23.522231Z,KXBTC15M-26OCT050030-30,0.0010,44.06,yes
2026-10-05T04:29:23.93592Z,KXBTC15M-26OCT050030-30,0.0010,8.00,yes
2026-10-05T04:29:24.183083Z,KXBTC15M-26OCT050030-30,0.0010,458.04,yes
2026-10-05T04:29:24.272809Z,KXBTC15M-26OCT050030-30,0.0010,9.67,yes
2026-10-05T04:29:24.965513Z,KXBTC15M-26OCT050030-30,0.0010,5.11,yes
2026-10-05T04:29:25.452754Z,KXBTC15M-26OCT050030-30,0.0010,2120.14,yes
2026-10-05T04:29:25.452754Z,KXBTC15M-26OCT050030-30,0.0010,1000.00,yes
2026-10-05T04:29:25.452754Z,KXBTC15M-26OCT050030-30,0.0010,300.00,yes
2026-10-05T04:29:25.452754Z,KXBTC15M-26OCT050030-30,0.0010,959.63,yes
2026-10-05T04:29:25.452754Z,KXBTC15M-26OCT050030-30,0.0010,200.00,yes
2026-10-05T04:29:25.528192Z,KXBTC15M-26OCT050030-30,0.0010,9.97,yes
2026-10-05T04:29:25.717254Z,KXBTC15M-26OCT050030-30,0.0010,5.20,yes
2026-10-05T04:29:26.228374Z,KXBTC15M-26OCT050030-30,0.0010,915.99,yes
2026-10-05T04:29:26.232974Z,KXBTC15M-26OCT050030-30,0.0010,80.00,yes
2026-10-05T04:29:26.232974Z,KXBTC15M-26OCT050030-30,0.0010,2494.07,yes
2026-10-05T04:29:26.232974Z,KXBTC15M-26OCT050030-30,0.0010,38.00,yes
2026-10-05T04:29:26.232974Z,KXBTC15M-26OCT050030-30,0.0010,1967.70,yes
2026-10-05T04:29:26.247648Z,KXBTC15M-26OCT050030-30,0.0010,367.06,yes
2026-10-05T04:29:26.247648Z,KXBTC15M-26OCT050030-30,0.0010,594.70,yes
2026-10-05T04:29:26.829931Z,KXBTC15M-26OCT050030-30,0.0010,1.00,yes
2026-10-05T04:29:26.923014Z,KXBTC15M-26OCT050030-30,0.0010,2500.00,yes
2026-10-05T04:29:26.923014Z,KXBTC15M-26OCT050030-30,0.0010,4187.09,yes
2026-10-05T04:29:26.923014Z,KXBTC15M-26OCT050030-30,0.0010,11631.94,yes
2026-10-05T04:29:27.053538Z,KXBTC15M-26OCT050030-30,0.0010,915.99,yes
2026-10-05T04:29:27.074974Z,KXBTC15M-26OCT050030-30,0.0010,458.04,yes
2026-10-05T04:29:27.078141Z,KXBTC15M-26OCT050030-30,0.0010,433.52,yes
2026-10-05T04:29:27.102958Z,KXBTC15M-26OCT050030-30,0.0010,500.00,yes
2026-10-05T04:29:27.218332Z,KXBTC15M-26OCT050030-30,0.0010,9.20,yes
2026-10-05T04:29:27.414347Z,KXBTC15M-26OCT050030-30,0.0010,366.41,yes
2026-10-05T04:29:27.507262Z,KXBTC15M-26OCT050030-30,0.0010,1794.51,yes
2026-10-05T04:29:27.991912Z,KXBTC15M-26OCT050030-30,0.0010,17.03,yes
2026-10-05T04:29:28.188685Z,KXBTC15M-26OCT050030-30,0.0010,18.69,yes
2026-10-05T04:29:28.289392Z,KXBTC15M-26OCT050030-30,0.0010,91.62,yes
2026-10-05T04:29:28.514852Z,KXBTC15M-26OCT050030-30,0.0010,10.86,yes
2026-10-05T04:29:28.696744Z,KXBTC15M-26OCT050030-30,0.0010,158.69,yes
2026-10-05T04:29:28.743558Z,KXBTC15M-26OCT050030-30,0.0010,1831.90,yes
2026-10-05T04:29:28.846266Z,KXBTC15M-26OCT050030-30,0.0010,373.43,yes
2026-10-05T04:29:29.216828Z,KXBTC15M-26OCT050030-30,0.0010,210.69,yes
2026-10-05T04:29:29.400394Z,KXBTC15M-26OCT050030-30,0.0010,4579.77,yes
2026-10-05T04:29:29.7992Z,KXBTC15M-26OCT050030-30,0.0010,2.26,yes
2026-10-05T04:29:29.804254Z,KXBTC15M-26OCT050030-30,0.0010,0.02,yes
2026-10-05T04:29:30.45823Z,KXBTC15M-26OCT050030-30,0.0010,0.76,yes
2026-10-05T04:29:30.495566Z,KXBTC15M-26OCT050030-30,0.0010,0.54,yes
2026-10-05T04:29:30.520568Z,KXBTC15M-26OCT050030-30,0.0010,301.00,yes
2026-10-05T04:29:30.931452Z,KXBTC15M-26OCT050030-30,0.0010,41.43,yes
2026-10-05T04:29:31.305409Z,KXBTC15M-26OCT050030-30,0.0010,915.99,yes
2026-10-05T04:29:31.445341Z,KXBTC15M-26OCT050030-30,0.0010,13.28,yes
2026-10-05T04:29:32.862642Z,KXBTC15M-26OCT050030-30,0.0010,2330.55,yes
2026-10-05T04:29:32.894755Z,KXBTC15M-26OCT050030-30,0.0010,3.08,yes
2026-10-05T04:29:33.019256Z,KXBTC15M-26OCT050030-30,0.0010,915.99,yes
2026-10-05T04:29:33.034761Z,KXBTC15M-26OCT050030-30,0.0010,22898.76,yes
2026-10-05T04:29:33.314288Z,KXBTC15M-26OCT050030-30,0.0010,2747.91,yes
2026-10-05T04:29:34.093972Z,KXBTC15M-26OCT050030-30,0.0010,74.07,yes
2026-10-05T04:29:34.976195Z,KXBTC15M-26OCT050030-30,0.0010,14.61,yes
2026-10-05T04:29:34.991481Z,KXBTC15M-26OCT050030-30,0.0010,685.23,yes
2026-10-05T04:29:35.389814Z,KXBTC15M-26OCT050030-30,0.0010,915.99,yes
2026-10-05T04:29:36.365251Z,KXBTC15M-26OCT050030-30,0.0010,915.99,yes
2026-10-05T04:29:36.392053Z,KXBTC15M-26OCT050030-30,0.0010,89.75,yes
2026-10-05T04:29:36.77943Z,KXBTC15M-26OCT050030-30,0.0010,6.97,yes
2026-10-05T04:29:37.20042Z,KXBTC15M-26OCT050030-30,0.0010,91.62,yes
2026-10-05T04:29:37.209911Z,KXBTC15M-26OCT050030-30,0.0010,1076.76,yes
2026-10-05T04:29:37.209911Z,KXBTC15M-26OCT050030-30,0.0010,2587.05,yes
2026-10-05T04:29:37.957963Z,KXBTC15M-26OCT050030-30,0.0010,157.40,yes
2026-10-05T04:29:39.700453Z,KXBTC15M-26OCT050030-30,0.0010,2.38,yes
2026-10-05T04:29:40.566499Z,KXBTC15M-26OCT050030-30,0.0010,5.36,yes
2026-10-05T04:29:41.037242Z,KXBTC15M-26OCT050030-30,0.0010,10.18,yes
2026-10-05T04:29:41.506472Z,KXBTC15M-26OCT050030-30,0.0010,9.04,yes
2026-10-05T04:29:41.633767Z,KXBTC15M-26OCT050030-30,0.0010,2.16,yes
2026-10-05T04:29:42.248535Z,KXBTC15M-26OCT050030-30,0.0010,3.43,yes
2026-10-05T04:29:42.464131Z,KXBTC15M-26OCT050030-30,0.0010,121.75,yes
2026-10-05T04:29:42.573993Z,KXBTC15M-26OCT050030-30,0.0010,915.99,yes
2026-10-05T04:29:43.308389Z,KXBTC15M-26OCT050030-30,0.0010,5000.00,yes
2026-10-05T04:29:43.473478Z,KXBTC15M-26OCT050030-30,0.0010,934.69,yes
2026-10-05T04:29:43.738889Z,KXBTC15M-26OCT050030-30,0.0010,45.85,yes
2026-10-05T04:29:43.765704Z,KXBTC15M-26OCT050030-30,0.0010,10.41,yes
2026-10-05T04:29:43.765704Z,KXBTC15M-26OCT050030-30,0.0010,324.72,yes
2026-10-05T04:29:43.772216Z,KXBTC15M-26OCT050030-30,0.0010,40.93,yes
2026-10-05T04:29:45.609774Z,KXBTC15M-26OCT050030-30,0.0010,110.33,yes
2026-10-05T04:29:45.609774Z,KXBTC15M-26OCT050030-30,0.0010,805.66,yes
2026-10-05T04:29:46.766988Z,KXBTC15M-26OCT050030-30,0.0010,1.03,yes
2026-10-05T04:29:48.107981Z,KXBTC15M-26OCT050030-30,0.0010,458.04,yes
2026-10-05T04:29:48.813633Z,KXBTC15M-26OCT050030-30,0.0010,2000.00,yes
2026-10-05T04:29:48.813633Z,KXBTC15M-26OCT050030-30,0.0010,1112.95,yes
2026-10-05T04:29:48.813633Z,KXBTC15M-26OCT050030-30,0.0010,500.00,yes
2026-10-05T04:29:48.813633Z,KXBTC15M-26OCT050030-30,0.0010,300.00,yes
2026-10-05T04:29:48.813633Z,KXBTC15M-26OCT050030-30,0.0010,1430.60,yes
2026-10-05T04:29:48.813633Z,KXBTC15M-26OCT050030-30,0.0010,400.00,yes
2026-10-05T04:29:48.813633Z,KXBTC15M-26OCT050030-30,0.0010,1500.00,yes
2026-10-05T04:29:48.813633Z,KXBTC15M-26OCT050030-30,0.0010,1000.00,yes
2026-10-05T04:29:48.822723Z,KXBTC15M-26OCT050030-30,0.0010,387.05,yes
2026-10-05T04:29:48.822723Z,KXBTC15M-26OCT050030-30,0.0010,1628.00,yes
2026-10-05T04:29:48.822723Z,KXBTC15M-26OCT050030-30,0.0010,80.00,yes
2026-10-05T04:29:48.822723Z,KXBTC15M-26OCT050030-30,0.0010,2084.72,yes
2026-10-05T04:29:48.822723Z,KXBTC15M-26OCT050030-30,0.0010,100.00,yes
2026-10-05T04:29:48.822723Z,KXBTC15M-26OCT050030-30,0.0010,100.00,yes
2026-10-05T04:29:48.822723Z,KXBTC15M-26OCT050030-30,0.0010,200.00,yes
2026-10-05T04:29:49.016707Z,KXBTC15M-26OCT050030-30,0.0010,68.00,yes
2026-10-05T04:29:49.016707Z,KXBTC15M-26OCT050030-30,0.0010,80.00,yes
2026-10-05T04:29:49.016707Z,KXBTC15M-26OCT050030-30,0.0010,80.00,yes
2026-10-05T04:29:49.016707Z,KXBTC15M-26OCT050030-30,0.0010,80.00,yes
2026-10-05T04:29:49.016707Z,KXBTC15M-26OCT050030-30,0.0010,80.00,yes
2026-10-05T04:29:49.016707Z,KXBTC15M-26OCT050030-30,0.0010,32.00,yes
2026-10-05T04:29:49.016707Z,KXBTC15M-26OCT050030-30,0.0010,137.28,yes
2026-10-05T04:29:49.016707Z,KXBTC15M-26OCT050030-30,0.0010,80.00,yes
2026-10-05T04:29:49.016707Z,KXBTC15M-26OCT050030-30,0.0010,3319.65,yes
2026-10-05T04:29:49.042399Z,KXBTC15M-26OCT050030-30,0.0010,6.31,yes
2026-10-05T04:29:49.795726Z,KXBTC15M-26OCT050030-30,0.0010,1624.86,yes
2026-10-05T04:29:49.795726Z,KXBTC15M-26OCT050030-30,0.0010,207.04,yes
2026-10-05T04:29:49.969401Z,KXBTC15M-26OCT050030-30,0.0010,63.19,yes
2026-10-05T04:29:50.006826Z,KXBTC15M-26OCT050030-30,0.0010,915.99,yes
2026-10-05T04:29:51.50978Z,KXBTC15M-26OCT050030-30,0.0010,9.20,yes
2026-10-05T04:29:51.87652Z,KXBTC15M-26OCT050030-30,0.0010,915.99,yes
2026-10-05T04:29:52.923518Z,KXBTC15M-26OCT050030-30,0.0010,2.34,yes
2026-10-05T04:29:54.914716Z,KXBTC15M-26OCT050030-30,0.0010,4579.77,yes
2026-10-05T04:29:55.189793Z,KXBTC15M-26OCT050030-30,0.0010,915.99,yes
2026-10-05T04:29:55.19479Z,KXBTC15M-26OCT050030-30,0.0010,972.67,yes
2026-10-05T04:29:55.19479Z,KXBTC15M-26OCT050030-30,0.0010,859.23,yes
2026-10-05T04:29:55.360195Z,KXBTC15M-26OCT050030-30,0.0010,88.19,yes
2026-10-05T04:29:56.205541Z,KXBTC15M-26OCT050030-30,0.0010,6.05,yes
2026-10-05T04:29:56.266997Z,KXBTC15M-26OCT050030-30,0.0010,8.42,yes
2026-10-05T04:29:56.547448Z,KXBTC15M-26OCT050030-30,0.0010,183.25,yes
2026-10-05T04:29:56.851842Z,KXBTC15M-26OCT050030-30,0.0010,17.04,yes
2026-10-05T04:29:57.689421Z,KXBTC15M-26OCT050030-30,0.0010,0.91,yes
2026-10-05T04:29:58.442401Z,KXBTC15M-26OCT050030-30,0.0010,0.02,yes
2026-10-05T04:29:59.811153Z,KXBTC15M-26OCT050030-30,0.0010,500.00,yes
2026-10-05T04:27:29.784507Z,KXPALLADIUM15M-26OCT050030-30,0.0100,48.56,no
2026-10-05T04:27:39.330461Z,KXPALLADIUM15M-26OCT050030-30,0.0100,27.00,no
2026-10-05T04:27:43.093869Z,KXPALLADIUM15M-26OCT050030-30,0.0200,4.67,yes
2026-10-05T04:27:45.59448Z,KXPALLADIUM15M-26OCT050030-30,0.0100,5.00,no
2026-10-05T04:27:45.59448Z,KXPALLADIUM15M-26OCT050030-30,0.0100,36.90,no
2026-10-05T04:27:45.59448Z,KXPALLADIUM15M-26OCT050030-30,0.0100,1.00,no
2026-10-05T04:27:45.59448Z,KXPALLADIUM15M-26OCT050030-30,0.0100,3.00,no
2026-10-05T04:27:45.59448Z,KXPALLADIUM15M-26OCT050030-30,0.0100,4.00,no
2026-10-05T04:27:45.59448Z,KXPALLADIUM15M-26OCT050030-30,0.0100,39.10,no
2026-10-05T04:27:45.59448Z,KXPALLADIUM15M-26OCT050030-30,0.0100,100.00,no
2026-10-05T04:27:45.59448Z,KXPALLADIUM15M-26OCT050030-30,0.0100,1.00,no
2026-10-05T04:27:45.59448Z,KXPALLADIUM15M-26OCT050030-30,0.0100,20.00,no
2026-10-05T04:27:45.59448Z,KXPALLADIUM15M-26OCT050030-30,0.0100,10.00,no
2026-10-05T04:27:45.59448Z,KXPALLADIUM15M-26OCT050030-30,0.0100,2.00,no
2026-10-05T04:27:45.59448Z,KXPALLADIUM15M-26OCT050030-30,0.0100,2.00,no
2026-10-05T04:27:45.59448Z,KXPALLADIUM15M-26OCT050030-30,0.0100,1.00,no
2026-10-05T04:27:45.59448Z,KXPALLADIUM15M-26OCT050030-30,0.0100,55.00,no
2026-10-05T04:27:45.59448Z,KXPALLADIUM15M-26OCT050030-30,0.0100,20.00,no
2026-10-05T04:27:57.803614Z,KXPALLADIUM15M-26OCT050030-30,0.0200,4.44,yes
2026-10-05T04:29:52.645958Z,KXPALLADIUM15M-26OCT050030-30,0.0100,354.07,yes
2026-10-05T04:29:52.645958Z,KXPALLADIUM15M-26OCT050030-30,0.0100,20.00,yes
2026-10-05T04:27:15.002239Z,KXGOLD15M-26OCT050030-30,0.0130,5.06,no
2026-10-05T04:27:15.094246Z,KXGOLD15M-26OCT050030-30,0.0140,41.89,yes
2026-10-05T04:27:15.64326Z,KXGOLD15M-26OCT050030-30,0.0150,8.36,yes
2026-10-05T04:27:15.64326Z,KXGOLD15M-26OCT050030-30,0.0140,54.00,yes
2026-10-05T04:27:15.891055Z,KXGOLD15M-26OCT050030-30,0.0150,11.55,yes
2026-10-05T04:27:15.891055Z,KXGOLD15M-26OCT050030-30,0.0150,3.79,yes
2026-10-05T04:27:16.202269Z,KXGOLD15M-26OCT050030-30,0.0130,300.00,no
2026-10-05T04:27:16.202269Z,KXGOLD15M-26OCT050030-30,0.0130,138.69,no
2026-10-05T04:27:16.220081Z,KXGOLD15M-26OCT050030-30,0.0120,110.00,no
2026-10-05T04:27:16.220081Z,KXGOLD15M-26OCT050030-30,0.0120,1.00,no
2026-10-05T04:27:16.506236Z,KXGOLD15M-26OCT050030-30,0.0120,9.80,yes
2026-10-05T04:27:16.843951Z,KXGOLD15M-26OCT050030-30,0.0140,161.00,yes
2026-10-05T04:27:17.463139Z,KXGOLD15M-26OCT050030-30,0.0110,193.09,no
2026-10-05T04:27:17.463139Z,KXGOLD15M-26OCT050030-30,0.0110,110.00,no
2026-10-05T04:27:17.521123Z,KXGOLD15M-26OCT050030-30,0.0130,2.02,no
2026-10-05T04:27:17.66739Z,KXGOLD15M-26OCT050030-30,0.0140,12.47,yes
2026-10-05T04:27:17.679997Z,KXGOLD15M-26OCT050030-30,0.0130,100.00,no
2026-10-05T04:27:17.748951Z,KXGOLD15M-26OCT050030-30,0.0140,28.69,yes
2026-10-05T04:27:18.081301Z,KXGOLD15M-26OCT050030-30,0.0140,68.84,yes
2026-10-05T04:27:18.081301Z,KXGOLD15M-26OCT050030-30,0.0140,245.07,yes
2026-10-05T04:27:18.106965Z,KXGOLD15M-26OCT050030-30,0.0140,6.68,yes
2026-10-05T04:27:18.651419Z,KXGOLD15M-26OCT050030-30,0.0130,71.95,yes
2026-10-05T04:27:19.013511Z,KXGOLD15M-26OCT050030-30,0.0130,262.43,yes
2026-10-05T04:27:19.195131Z,KXGOLD15M-26OCT050030-30,0.0120,22.64,no
2026-10-05T04:27:19.266785Z,KXGOLD15M-26OCT050030-30,0.0130,14.39,yes
2026-10-05T04:27:19.454402Z,KXGOLD15M-26OCT050030-30,0.0130,422.00,yes
2026-10-05T04:27:19.729262Z,KXGOLD15M-26OCT050030-30,0.0120,1012.14,no
2026-10-05T04:27:19.93286Z,KXGOLD15M-26OCT050030-30,0.0110,1.95,no
2026-10-05T04:27:20.509166Z,KXGOLD15M-26OCT050030-30,0.0130,2.02,no
2026-10-05T04:27:20.803262Z,KXGOLD15M-26OCT050030-30,0.0140,28.47,yes
2026-10-05T04:27:20.890399Z,KXGOLD15M-26OCT050030-30,0.0130,133.63,yes
2026-10-05T04:27:20.901139Z,KXGOLD15M-26OCT050030-30,0.0120,793.60,no
2026-10-05T04:27:21.120085Z,KXGOLD15M-26OCT050030-30,0.0130,66.82,yes
2026-10-05T04:27:21.213659Z,KXGOLD15M-26OCT050030-30,0.0130,668.17,yes
2026-10-05T04:27:21.699426Z,KXGOLD15M-26OCT050030-30,0.0130,35.97,yes
2026-10-05T04:27:22.052107Z,KXGOLD15M-26OCT050030-30,0.0120,100.00,no
2026-10-05T04:27:22.198536Z,KXGOLD15M-26OCT050030-30,0.0130,10.00,yes
2026-10-05T04:27:22.24895Z,KXGOLD15M-26OCT050030-30,0.0130,705.12,yes
2026-10-05T04:27:22.546625Z,KXGOLD15M-26OCT050030-30,0.0120,1.01,no
2026-10-05T04:27:22.563168Z,KXGOLD15M-26OCT050030-30,0.0130,13.92,yes
2026-10-05T04:27:22.563168Z,KXGOLD15M-26OCT050030-30,0.0130,173.17,yes
2026-10-05T04:27:22.949334Z,KXGOLD15M-26OCT050030-30,0.0120,3.93,no
2026-10-05T04:27:22.975046Z,KXGOLD15M-26OCT050030-30,0.0130,18.89,yes
2026-10-05T04:27:23.026332Z,KXGOLD15M-26OCT050030-30,0.0130,20.86,yes
2026-10-05T04:27:23.068234Z,KXGOLD15M-26OCT050030-30,0.0140,164.62,yes
2026-10-05T04:27:23.068234Z,KXGOLD15M-26OCT050030-30,0.0140,1.95,yes
2026-10-05T04:27:23.068234Z,KXGOLD15M-26OCT050030-30,0.0140,41.00,yes
2026-10-05T04:27:23.077491Z,KXGOLD15M-26OCT050030-30,0.0150,55.23,yes
2026-10-05T04:27:23.077491Z,KXGOLD15M-26OCT050030-30,0.0150,79.00,yes
2026-10-05T04:27:23.077491Z,KXGOLD15M-26OCT050030-30,0.0150,16.11,yes
2026-10-05T04:27:23.138398Z,KXGOLD15M-26OCT050030-30,0.0160,12.88,yes
2026-10-05T04:27:23.138398Z,KXGOLD15M-26OCT050030-30,0.0160,29.94,yes
2026-10-05T04:27:23.138398Z,KXGOLD15M-26OCT050030-30,0.0160,4.96,yes
2026-10-05T04:27:23.198775Z,KXGOLD15M-26OCT050030-30,0.0170,59.00,yes
2026-10-05T04:27:23.961286Z,KXGOLD15M-26OCT050030-30,0.0150,10.13,no
2026-10-05T04:27:24.01564Z,KXGOLD15M-26OCT050030-30,0.0150,111.32,no
2026-10-05T04:27:24.040802Z,KXGOLD15M-26OCT050030-30,0.0190,3.49,yes
2026-10-05T04:27:24.079802Z,KXGOLD15M-26OCT050030-30,0.0190,17.46,yes
2026-10-05T04:27:24.167992Z,KXGOLD15M-26OCT050030-30,0.0230,39.33,yes
2026-10-05T04:27:24.167992Z,KXGOLD15M-26OCT050030-30,0.0210,300.00,yes
2026-10-05T04:27:24.167992Z,KXGOLD15M-26OCT050030-30,0.0190,35.05,yes
2026-10-05T04:27:24.167992Z,KXGOLD15M-26OCT050030-30,0.0200,40.00,yes
2026-10-05T04:27:24.167992Z,KXGOLD15M-26OCT050030-30,0.0210,24.16,yes
2026-10-05T04:27:24.346Z,KXGOLD15M-26OCT050030-30,0.0150,10.00,no
2026-10-05T04:27:24.389757Z,KXGOLD15M-26OCT050030-30,0.0180,20.99,yes
2026-10-05T04:27:24.389757Z,KXGOLD15M-26OCT050030-30,0.0180,5.00,yes
2026-10-05T04:27:24.793503Z,KXGOLD15M-26OCT050030-30,0.0200,0.31,yes
2026-10-05T04:27:25.143675Z,KXGOLD15M-26OCT050030-30,0.0160,24.89,no
2026-10-05T04:27:25.30466Z,KXGOLD15M-26OCT050030-30,0.0180,49.25,yes
2026-10-05T04:27:25.534351Z,KXGOLD15M-26OCT050030-30,0.0180,51.98,yes
2026-10-05T04:27:25.87917Z,KXGOLD15M-26OCT050030-30,0.0190,48.26,yes
2026-10-05T04:27:25.923428Z,KXGOLD15M-26OCT050030-30,0.0200,10.00,yes
2026-10-05T04:27:25.923428Z,KXGOLD15M-26OCT050030-30,0.0200,37.18,yes
2026-10-05T04:27:26.061098Z,KXGOLD15M-26OCT050030-30,0.0170,101.00,no
2026-10-05T04:27:26.061098Z,KXGOLD15M-26OCT050030-30,0.0170,0.60,no
2026-10-05T04:27:26.685172Z,KXGOLD15M-26OCT050030-30,0.0190,48.26,yes
2026-10-05T04:27:26.79744Z,KXGOLD15M-26OCT050030-30,0.0160,19.59,no
2026-10-05T04:27:27.10273Z,KXGOLD15M-26OCT050030-30,0.0180,2.15,yes
2026-10-05T04:27:27.499608Z,KXGOLD15M-26OCT050030-30,0.0160,31.46,no
2026-10-05T04:27:27.552269Z,KXGOLD15M-26OCT050030-30,0.0170,49.25,yes
2026-10-05T04:27:27.563613Z,KXGOLD15M-26OCT050030-30,0.0160,10.15,no
2026-10-05T04:27:28.26416Z,KXGOLD15M-26OCT050030-30,0.0160,6.94,yes
2026-10-05T04:27:29.446389Z,KXGOLD15M-26OCT050030-30,0.0160,75.41,yes
2026-10-05T04:27:29.446389Z,KXGOLD15M-26OCT050030-30,0.0160,100.00,yes
2026-10-05T04:27:29.980095Z,KXGOLD15M-26OCT050030-30,0.0160,3.27,yes
2026-10-05T04:27:30.244928Z,KXGOLD15M-26OCT050030-30,0.0150,5.12,no
2026-10-05T04:27:30.244928Z,KXGOLD15M-26OCT050030-30,0.0150,30.00,no
2026-10-05T04:27:30.244928Z,KXGOLD15M-26OCT050030-30,0.0150,10.00,no
2026-10-05T04:27:30.26528Z,KXGOLD15M-26OCT050030-30,0.0160,14.61,yes
2026-10-05T04:27:30.359054Z,KXGOLD15M-26OCT050030-30,0.0140,1.49,no
2026-10-05T04:27:30.442476Z,KXGOLD15M-26OCT050030-30,0.0160,0.58,yes
2026-10-05T04:27:30.483887Z,KXGOLD15M-26OCT050030-30,0.0160,58.47,yes
2026-10-05T04:27:30.79509Z,KXGOLD15M-26OCT050030-30,0.0160,292.36,yes
2026-10-05T04:27:31.134065Z,KXGOLD15M-26OCT050030-30,0.0130,58.47,yes
2026-10-05T04:27:31.30616Z,KXGOLD15M-26OCT050030-30,0.0130,138.39,yes
2026-10-05T04:27:31.589363Z,KXGOLD15M-26OCT050030-30,0.0150,1302.92,yes
2026-10-05T04:27:32.100631Z,KXGOLD15M-26OCT050030-30,0.0150,124.73,yes
2026-10-05T04:27:32.208033Z,KXGOLD15M-26OCT050030-30,0.0150,2.20,yes
2026-10-05T04:27:32.296381Z,KXGOLD15M-26OCT050030-30,0.0150,321.15,yes
2026-10-05T04:27:32.674685Z,KXGOLD15M-26OCT050030-30,0.0160,275.18,yes
2026-10-05T04:27:32.708546Z,KXGOLD15M-26OCT050030-30,0.0130,16.87,no
2026-10-05T04:27:33.096093Z,KXGOLD15M-26OCT050030-30,0.0160,116.94,yes
2026-10-05T04:27:33.311595Z,KXGOLD15M-26OCT050030-30,0.0160,1.03,yes
2026-10-05T04:27:33.438661Z,KXGOLD15M-26OCT050030-30,0.0160,116.94,yes
2026-10-05T04:27:33.560416Z,KXGOLD15M-26OCT050030-30,0.0160,1.64,yes
2026-10-05T04:27:33.576844Z,KXGOLD15M-26OCT050030-30,0.0160,116.94,yes
2026-10-05T04:27:33.816834Z,KXGOLD15M-26OCT050030-30,0.0150,584.72,yes
2026-10-05T04:27:34.748589Z,KXGOLD15M-26OCT050030-30,0.0160,321.15,no
2026-10-05T04:27:35.447433Z,KXGOLD15M-26OCT050030-30,0.0160,275.18,yes
2026-10-05T04:27:35.530447Z,KXGOLD15M-26OCT050030-30,0.0160,27.52,yes
2026-10-05T04:27:35.714914Z,KXGOLD15M-26OCT050030-30,0.0160,292.36,yes
2026-10-05T04:27:35.911116Z,KXGOLD15M-26OCT050030-30,0.0160,11.69,yes
2026-10-05T04:27:36.047968Z,KXGOLD15M-26OCT050030-30,0.0160,58.47,yes
2026-10-05T04:27:36.260932Z,KXGOLD15M-26OCT050030-30,0.0150,1.00,no
2026-10-05T04:27:36.546992Z,KXGOLD15M-26OCT050030-30,0.0140,47.34,no
2026-10-05T04:27:37.392332Z,KXGOLD15M-26OCT050030-30,0.0130,26.80,no
2026-10-05T04:27:37.446124Z,KXGOLD15M-26OCT050030-30,0.0160,5.06,yes
2026-10-05T04:27:37.508817Z,KXGOLD15M-26OCT050030-30,0.0130,35.04,no
2026-10-05T04:27:37.75059Z,KXGOLD15M-26OCT050030-30,0.0160,14.61,yes
2026-10-05T04:27:38.154482Z,KXGOLD15M-26OCT050030-30,0.0160,58.47,yes
2026-10-05T04:27:38.214116Z,KXGOLD15M-26OCT050030-30,0.0160,584.72,yes
2026-10-05T04:27:38.326229Z,KXGOLD15M-26OCT050030-30,0.0150,26.15,no
2026-10-05T04:27:38.351842Z,KXGOLD15M-26OCT050030-30,0.0160,54.32,yes
2026-10-05T04:27:38.992303Z,KXGOLD15M-26OCT050030-30,0.0140,5.25,no
2026-10-05T04:27:39.12597Z,KXGOLD15M-26OCT050030-30,0.0160,1.12,yes
2026-10-05T04:27:39.139066Z,KXGOLD15M-26OCT050030-30,0.0140,178.32,no
2026-10-05T04:27:39.601056Z,KXGOLD15M-26OCT050030-30,0.0150,6.31,yes
2026-10-05T04:27:39.924864Z,KXGOLD15M-26OCT050030-30,0.0160,91.81,yes
2026-10-05T04:27:39.983527Z,KXGOLD15M-26OCT050030-30,0.0160,0.12,yes
2026-10-05T04:27:40.778179Z,KXGOLD15M-26OCT050030-30,0.0150,116.94,yes
2026-10-05T04:27:41.040624Z,KXGOLD15M-26OCT050030-30,0.0130,1289.81,no
2026-10-05T04:27:41.040624Z,KXGOLD15M-26OCT050030-30,0.0130,1.00,no
2026-10-05T04:27:41.322076Z,KXGOLD15M-26OCT050030-30,0.0160,916.84,yes
2026-10-05T04:27:41.895175Z,KXGOLD15M-26OCT050030-30,0.0140,12.86,yes
2026-10-05T04:27:42.10845Z,KXGOLD15M-26OCT050030-30,0.0150,58.47,yes
2026-10-05T04:27:42.495805Z,KXGOLD15M-26OCT050030-30,0.0150,6.39,yes
2026-10-05T04:27:42.78558Z,KXGOLD15M-26OCT050030-30,0.0150,62.36,yes
2026-10-05T04:27:42.917669Z,KXGOLD15M-26OCT050030-30,0.0150,62.36,yes
2026-10-05T04:27:44.290242Z,KXGOLD15M-26OCT050030-30,0.0140,354.80,yes
2026-10-05T04:27:44.290242Z,KXGOLD15M-26OCT050030-30,0.0140,300.00,yes
2026-10-05T04:27:44.302403Z,KXGOLD15M-26OCT050030-30,0.0140,15.24,yes
2026-10-05T04:27:44.325241Z,KXGOLD15M-26OCT050030-30,0.0150,27.87,yes
2026-10-05T04:27:44.953368Z,KXGOLD15M-26OCT050030-30,0.0150,62.36,yes
2026-10-05T04:27:44.982463Z,KXGOLD15M-26OCT050030-30,0.0150,1.22,yes
2026-10-05T04:27:45.13762Z,KXGOLD15M-26OCT050030-30,0.0150,7.26,yes
2026-10-05T04:27:45.303573Z,KXGOLD15M-26OCT050030-30,0.0120,2.02,no
2026-10-05T04:27:45.573525Z,KXGOLD15M-26OCT050030-30,0.0130,31.18,yes
2026-10-05T04:27:45.744913Z,KXGOLD15M-26OCT050030-30,0.0120,10.11,no
2026-10-05T04:27:45.785948Z,KXGOLD15M-26OCT050030-30,0.0130,25.90,yes
2026-10-05T04:27:45.952049Z,KXGOLD15M-26OCT050030-30,0.0130,100.00,yes
2026-10-05T04:27:45.952049Z,KXGOLD15M-26OCT050030-30,0.0130,1442.92,yes
2026-10-05T04:27:46.220434Z,KXGOLD15M-26OCT050030-30,0.0130,28.78,yes
2026-10-05T04:27:46.225792Z,KXGOLD15M-26OCT050030-30,0.0120,10.11,no
2026-10-05T04:27:46.296056Z,KXGOLD15M-26OCT050030-30,0.0130,10.04,yes
2026-10-05T04:27:46.375666Z,KXGOLD15M-26OCT050030-30,0.0130,1.03,yes
2026-10-05T04:27:46.599045Z,KXGOLD15M-26OCT050030-30,0.0130,71.95,yes
2026-10-05T04:27:46.867831Z,KXGOLD15M-26OCT050030-30,0.0120,125.00,no
2026-10-05T04:27:46.867831Z,KXGOLD15M-26OCT050030-30,0.0120,277.76,no
2026-10-05T04:27:46.867831Z,KXGOLD15M-26OCT050030-30,0.0120,1.00,no
2026-10-05T04:27:47.127675Z,KXGOLD15M-26OCT050030-30,0.0120,143.90,yes
2026-10-05T04:27:47.186999Z,KXGOLD15M-26OCT050030-30,0.0110,1.01,no
2026-10-05T04:27:47.641061Z,KXGOLD15M-26OCT050030-30,0.0120,77.94,yes
2026-10-05T04:27:47.694197Z,KXGOLD15M-26OCT050030-30,0.0120,19.70,yes
2026-10-05T04:27:47.798343Z,KXGOLD15M-26OCT050030-30,0.0110,72.21,no
2026-10-05T04:27:47.798343Z,KXGOLD15M-26OCT050030-30,0.0110,778.00,no
2026-10-05T04:27:47.798343Z,KXGOLD15M-26OCT050030-30,0.0110,2.00,no
2026-10-05T04:27:47.798343Z,KXGOLD15M-26OCT050030-30,0.0110,2.00,no
2026-10-05T04:27:47.798343Z,KXGOLD15M-26OCT050030-30,0.0110,20.00,no
2026-10-05T04:27:47.798343Z,KXGOLD15M-26OCT050030-30,0.0110,1.00,no
2026-10-05T04:27:47.798343Z,KXGOLD15M-26OCT050030-30,0.0110,100.00,no
2026-10-05T04:27:47.798343Z,KXGOLD15M-26OCT050030-30,0.0110,10.00,no
2026-10-05T04:27:47.798343Z,KXGOLD15M-26OCT050030-30,0.0110,153.95,no
2026-10-05T04:27:48.143615Z,KXGOLD15M-26OCT050030-30,0.0110,71.95,yes
2026-10-05T04:27:48.214046Z,KXGOLD15M-26OCT050030-30,0.0110,77.94,yes
2026-10-05T04:27:48.916789Z,KXGOLD15M-26OCT050030-30,0.0110,85.02,yes
2026-10-05T04:27:49.246159Z,KXGOLD15M-26OCT050030-30,0.0100,1.00,no
2026-10-05T04:27:49.246195Z,KXGOLD15M-26OCT050030-30,0.0100,128.42,no
2026-10-05T04:27:49.355397Z,KXGOLD15M-26OCT050030-30,0.0110,42.51,yes
2026-10-05T04:27:49.514745Z,KXGOLD15M-26OCT050030-30,0.0110,166.64,yes
2026-10-05T04:27:49.68407Z,KXGOLD15M-26OCT050030-30,0.0100,153.08,no
2026-10-05T04:27:49.68407Z,KXGOLD15M-26OCT050030-30,0.0100,1.00,no
2026-10-05T04:27:49.68407Z,KXGOLD15M-26OCT050030-30,0.0100,170.58,no
2026-10-05T04:27:49.811944Z,KXGOLD15M-26OCT050030-30,0.0100,95.63,no
2026-10-05T04:27:49.811944Z,KXGOLD15M-26OCT050030-30,0.0100,2.00,no
2026-10-05T04:27:49.811944Z,KXGOLD15M-26OCT050030-30,0.0100,25.00,no
2026-10-05T04:27:49.811944Z,KXGOLD15M-26OCT050030-30,0.0100,1.00,no
2026-10-05T04:27:49.811944Z,KXGOLD15M-26OCT050030-30,0.0100,596.92,no
2026-10-05T04:27:50.00752Z,KXGOLD15M-26OCT050030-30,0.0100,86.18,no
2026-10-05T04:27:50.00752Z,KXGOLD15M-26OCT050030-30,0.0100,12.62,no
2026-10-05T04:27:50.00752Z,KXGOLD15M-26OCT050030-30,0.0100,12.47,no
2026-10-05T04:27:50.00752Z,KXGOLD15M-26OCT050030-30,0.0100,1.11,no
2026-10-05T04:27:50.00752Z,KXGOLD15M-26OCT050030-30,0.0100,5.02,no
2026-10-05T04:27:50.00752Z,KXGOLD15M-26OCT050030-30,0.0100,6.99,no
2026-10-05T04:27:50.00752Z,KXGOLD15M-26OCT050030-30,0.0100,1.20,no
2026-10-05T04:27:50.00752Z,KXGOLD15M-26OCT050030-30,0.0100,0.01,no
2026-10-05T04:27:50.00752Z,KXGOLD15M-26OCT050030-30,0.0100,0.90,no
2026-10-05T04:27:50.00752Z,KXGOLD15M-26OCT050030-30,0.0100,5.00,no
2026-10-05T04:27:50.00752Z,KXGOLD15M-26OCT050030-30,0.0100,1.00,no
2026-10-05T04:27:50.00752Z,KXGOLD15M-26OCT050030-30,0.0100,12.04,no
2026-10-05T04:27:50.00752Z,KXGOLD15M-26OCT050030-30,0.0100,226.04,no
2026-10-05T04:27:50.00752Z,KXGOLD15M-26OCT050030-30,0.0100,23.81,no
2026-10-05T04:27:50.00752Z,KXGOLD15M-26OCT050030-30,0.0100,0.11,no
2026-10-05T04:27:50.00752Z,KXGOLD15M-26OCT050030-30,0.0100,60.22,no
2026-10-05T04:27:50.00752Z,KXGOLD15M-26OCT050030-30,0.0100,9.13,no
2026-10-05T04:27:50.00752Z,KXGOLD15M-26OCT050030-30,0.0100,20.41,no
2026-10-05T04:27:50.00752Z,KXGOLD15M-26OCT050030-30,0.0100,57.34,no
2026-10-05T04:27:50.00752Z,KXGOLD15M-26OCT050030-30,0.0100,5.79,no
2026-10-05T04:27:50.00752Z,KXGOLD15M-26OCT050030-30,0.0100,9.85,no
2026-10-05T04:27:50.00752Z,KXGOLD15M-26OCT050030-30,0.0100,38.48,no
2026-10-05T04:27:50.496199Z,KXGOLD15M-26OCT050030-30,0.0100,30.10,no
2026-10-05T04:27:50.496199Z,KXGOLD15M-26OCT050030-30,0.0100,121.00,no
2026-10-05T04:27:50.496199Z,KXGOLD15M-26OCT050030-30,0.0100,25.00,no
2026-10-05T04:27:50.496199Z,KXGOLD15M-26OCT050030-30,0.0100,1.16,no
2026-10-05T04:27:50.496199Z,KXGOLD15M-26OCT050030-30,0.0100,2.27,no
2026-10-05T04:27:50.496199Z,KXGOLD15M-26OCT050030-30,0.0100,59.53,no
2026-10-05T04:27:50.496199Z,KXGOLD15M-26OCT050030-30,0.0100,0.58,no
2026-10-05T04:27:50.496199Z,KXGOLD15M-26OCT050030-30,0.0100,97.46,no
2026-10-05T04:27:50.496199Z,KXGOLD15M-26OCT050030-30,0.0100,5.96,no
2026-10-05T04:27:50.496199Z,KXGOLD15M-26OCT050030-30,0.0100,3.25,no
2026-10-05T04:27:50.496199Z,KXGOLD15M-26OCT050030-30,0.0100,2.31,no
2026-10-05T04:27:50.496199Z,KXGOLD15M-26OCT050030-30,0.0100,173.96,no
2026-10-05T04:27:50.496199Z,KXGOLD15M-26OCT050030-30,0.0100,11.51,no
2026-10-05T04:27:50.496199Z,KXGOLD15M-26OCT050030-30,0.0100,24.36,no
2026-10-05T04:27:50.496199Z,KXGOLD15M-26OCT050030-30,0.0100,11.51,no
2026-10-05T04:27:50.496199Z,KXGOLD15M-26OCT050030-30,0.0100,1.12,no
2026-10-05T04:27:50.496199Z,KXGOLD15M-26OCT050030-30,0.0100,2.32,no
2026-10-05T04:27:50.496199Z,KXGOLD15M-26OCT050030-30,0.0100,0.59,no
2026-10-05T04:27:50.629922Z,KXGOLD15M-26OCT050030-30,0.0090,85.02,yes
2026-10-05T04:27:50.657695Z,KXGOLD15M-26OCT050030-30,0.0090,425.11,yes
2026-10-05T04:27:50.76338Z,KXGOLD15M-26OCT050030-30,0.0080,180.00,no
2026-10-05T04:27:50.76338Z,KXGOLD15M-26OCT050030-30,0.0070,8.31,no
2026-10-05T04:27:50.76338Z,KXGOLD15M-26OCT050030-30,0.0080,300.00,no
2026-10-05T04:27:50.76338Z,KXGOLD15M-26OCT050030-30,0.0070,500.00,no
2026-10-05T04:27:51.390223Z,KXGOLD15M-26OCT050030-30,0.0080,116.88,yes
2026-10-05T04:27:51.635921Z,KXGOLD15M-26OCT050030-30,0.0090,25.00,yes
2026-10-05T04:27:51.635921Z,KXGOLD15M-26OCT050030-30,0.0090,99.00,yes
2026-10-05T04:27:51.635921Z,KXGOLD15M-26OCT050030-30,0.0080,1500.00,yes
2026-10-05T04:27:52.011557Z,KXGOLD15M-26OCT050030-30,0.0080,71.00,no
2026-10-05T04:27:52.011557Z,KXGOLD15M-26OCT050030-30,0.0080,172.56,no
2026-10-05T04:27:52.564411Z,KXGOLD15M-26OCT050030-30,0.0080,9.96,no
2026-10-05T04:27:53.13215Z,KXGOLD15M-26OCT050030-30,0.0070,95.00,no
2026-10-05T04:27:53.13215Z,KXGOLD15M-26OCT050030-30,0.0070,205.00,no
2026-10-05T04:27:53.385256Z,KXGOLD15M-26OCT050030-30,0.0090,401.00,yes
2026-10-05T04:27:53.385256Z,KXGOLD15M-26OCT050030-30,0.0090,97.73,yes
2026-10-05T04:27:54.105015Z,KXGOLD15M-26OCT050030-30,0.0090,9.35,yes
2026-10-05T04:27:54.247896Z,KXGOLD15M-26OCT050030-30,0.0090,207.81,yes
2026-10-05T04:27:54.303607Z,KXGOLD15M-26OCT050030-30,0.0070,9.05,no
2026-10-05T04:27:54.691893Z,KXGOLD15M-26OCT050030-30,0.0070,778.00,no
2026-10-05T04:27:54.692569Z,KXGOLD15M-26OCT050030-30,0.0070,1.00,no
2026-10-05T04:27:54.797441Z,KXGOLD15M-26OCT050030-30,0.0070,14.20,no
2026-10-05T04:27:55.102425Z,KXGOLD15M-26OCT050030-30,0.0080,1.60,yes
2026-10-05T04:27:55.134247Z,KXGOLD15M-26OCT050030-30,0.0070,123.32,no
2026-10-05T04:27:55.456065Z,KXGOLD15M-26OCT050030-30,0.0080,116.88,yes
2026-10-05T04:27:55.632438Z,KXGOLD15M-26OCT050030-30,0.0080,16.04,yes
2026-10-05T04:27:55.863241Z,KXGOLD15M-26OCT050030-30,0.0080,22.91,yes
2026-10-05T04:27:56.021156Z,KXGOLD15M-26OCT050030-30,0.0080,573.99,yes
2026-10-05T04:27:56.353925Z,KXGOLD15M-26OCT050030-30,0.0080,868.83,yes
2026-10-05T04:27:56.353925Z,KXGOLD15M-26OCT050030-30,0.0080,300.00,yes
2026-10-05T04:27:57.288512Z,KXGOLD15M-26OCT050030-30,0.0090,509.12,yes
2026-10-05T04:27:57.431945Z,KXGOLD15M-26OCT050030-30,0.0080,26.26,no
2026-10-05T04:27:57.803826Z,KXGOLD15M-26OCT050030-30,0.0080,103.91,yes
2026-10-05T04:27:58.19482Z,KXGOLD15M-26OCT050030-30,0.0080,224.41,yes
2026-10-05T04:27:58.541291Z,KXGOLD15M-26OCT050030-30,0.0080,116.88,yes
2026-10-05T04:27:58.631787Z,KXGOLD15M-26OCT050030-30,0.0080,116.88,yes
2026-10-05T04:27:58.935426Z,KXGOLD15M-26OCT050030-30,0.0080,116.88,yes
2026-10-05T04:27:58.957459Z,KXGOLD15M-26OCT050030-30,0.0070,21.12,no
2026-10-05T04:27:58.965056Z,KXGOLD15M-26OCT050030-30,0.0080,572.73,yes
2026-10-05T04:27:59.064065Z,KXGOLD15M-26OCT050030-30,0.0100,56.00,yes
2026-10-05T04:27:59.064065Z,KXGOLD15M-26OCT050030-30,0.0080,248.31,yes
2026-10-05T04:27:59.064065Z,KXGOLD15M-26OCT050030-30,0.0100,101.00,yes
2026-10-05T04:27:59.064065Z,KXGOLD15M-26OCT050030-30,0.0090,300.00,yes
2026-10-05T04:27:59.064065Z,KXGOLD15M-26OCT050030-30,0.0110,95.22,yes
2026-10-05T04:27:59.064065Z,KXGOLD15M-26OCT050030-30,0.0080,25.00,yes
2026-10-05T04:27:59.064065Z,KXGOLD15M-26OCT050030-30,0.0100,63.00,yes
2026-10-05T04:27:59.379185Z,KXGOLD15M-26OCT050030-30,0.0070,0.30,no
2026-10-05T04:27:59.389802Z,KXGOLD15M-26OCT050030-30,0.0080,116.88,yes
2026-10-05T04:28:00.73108Z,KXGOLD15M-26OCT050030-30,0.0070,6.00,no
2026-10-05T04:28:00.73108Z,KXGOLD15M-26OCT050030-30,0.0070,74.70,no
2026-10-05T04:28:00.76991Z,KXGOLD15M-26OCT050030-30,0.0080,52.97,yes
2026-10-05T04:28:01.029874Z,KXGOLD15M-26OCT050030-30,0.0070,1494.00,no
2026-10-05T04:28:01.029874Z,KXGOLD15M-26OCT050030-30,0.0070,5.00,no
2026-10-05T04:28:01.029874Z,KXGOLD15M-26OCT050030-30,0.0070,1.00,no
2026-10-05T04:28:01.036782Z,KXGOLD15M-26OCT050030-30,0.0070,4.00,no
2026-10-05T04:28:01.194315Z,KXGOLD15M-26OCT050030-30,0.0070,254.00,yes
2026-10-05T04:28:01.194315Z,KXGOLD15M-26OCT050030-30,0.0070,746.00,yes
2026-10-05T04:28:01.514052Z,KXGOLD15M-26OCT050030-30,0.0070,12.47,yes
2026-10-05T04:28:01.787503Z,KXGOLD15M-26OCT050030-30,0.0060,208.00,no
2026-10-05T04:28:01.953951Z,KXGOLD15M-26OCT050030-30,0.0070,483.53,yes
2026-10-05T04:28:01.953951Z,KXGOLD15M-26OCT050030-30,0.0070,253.15,yes
2026-10-05T04:28:02.019996Z,KXGOLD15M-26OCT050030-30,0.0060,1.00,no
2026-10-05T04:28:02.026001Z,KXGOLD15M-26OCT050030-30,0.0070,116.88,yes
2026-10-05T04:28:02.106398Z,KXGOLD15M-26OCT050030-30,0.0070,10.11,yes
2026-10-05T04:28:02.147519Z,KXGOLD15M-26OCT050030-30,0.0060,114.66,no
2026-10-05T04:28:02.240789Z,KXGOLD15M-26OCT050030-30,0.0060,14.66,no
2026-10-05T04:28:02.240789Z,KXGOLD15M-26OCT050030-30,0.0060,176.34,no
2026-10-05T04:28:02.826294Z,KXGOLD15M-26OCT050030-30,0.0070,64.11,yes
2026-10-05T04:28:03.358695Z,KXGOLD15M-26OCT050030-30,0.0060,81.34,no
2026-10-05T04:28:03.415031Z,KXGOLD15M-26OCT050030-30,0.0060,240.42,yes
2026-10-05T04:28:03.692463Z,KXGOLD15M-26OCT050030-30,0.0050,1239.00,no
2026-10-05T04:28:03.692463Z,KXGOLD15M-26OCT050030-30,0.0050,11.00,no
2026-10-05T04:28:03.692463Z,KXGOLD15M-26OCT050030-30,0.0050,750.00,no
2026-10-05T04:28:03.900897Z,KXGOLD15M-26OCT050030-30,0.0060,133.58,yes
2026-10-05T04:28:03.934851Z,KXGOLD15M-26OCT050030-30,0.0060,155.83,yes
2026-10-05T04:28:03.994039Z,KXGOLD15M-26OCT050030-30,0.0050,4.73,no
2026-10-05T04:28:04.234699Z,KXGOLD15M-26OCT050030-30,0.0060,22.91,yes
2026-10-05T04:28:04.344042Z,KXGOLD15M-26OCT050030-30,0.0060,152.71,yes
2026-10-05T04:28:04.713917Z,KXGOLD15M-26OCT050030-30,0.0060,44.55,yes
2026-10-05T04:28:04.713917Z,KXGOLD15M-26OCT050030-30,0.0060,108.16,yes
2026-10-05T04:28:04.85598Z,KXGOLD15M-26OCT050030-30,0.0060,100.00,yes
2026-10-05T04:28:04.970533Z,KXGOLD15M-26OCT050030-30,0.0050,502.33,no
2026-10-05T04:28:05.174402Z,KXGOLD15M-26OCT050030-30,0.0060,152.71,yes
2026-10-05T04:28:05.492522Z,KXGOLD15M-26OCT050030-30,0.0050,4.83,no
2026-10-05T04:28:06.059037Z,KXGOLD15M-26OCT050030-30,0.0050,757.11,no
2026-10-05T04:28:06.059037Z,KXGOLD15M-26OCT050030-30,0.0050,300.00,no
2026-10-05T04:28:06.059037Z,KXGOLD15M-26OCT050030-30,0.0050,105.00,no
2026-10-05T04:28:06.302493Z,KXGOLD15M-26OCT050030-30,0.0060,152.71,yes
2026-10-05T04:28:06.55206Z,KXGOLD15M-26OCT050030-30,0.0060,236.42,yes
2026-10-05T04:28:06.55206Z,KXGOLD15M-26OCT050030-30,0.0060,75.22,yes
2026-10-05T04:28:06.591872Z,KXGOLD15M-26OCT050030-30,0.0060,311.64,yes
2026-10-05T04:28:06.965386Z,KXGOLD15M-26OCT050030-30,0.0060,102.32,yes
2026-10-05T04:28:06.979233Z,KXGOLD15M-26OCT050030-30,0.0060,15.58,yes
2026-10-05T04:28:07.176026Z,KXGOLD15M-26OCT050030-30,0.0060,13.71,yes
2026-10-05T04:28:07.307219Z,KXGOLD15M-26OCT050030-30,0.0060,228.15,yes
2026-10-05T04:28:07.307219Z,KXGOLD15M-26OCT050030-30,0.0060,231.53,yes
2026-10-05T04:28:07.460083Z,KXGOLD15M-26OCT050030-30,0.0050,1500.00,no
2026-10-05T04:28:07.490913Z,KXGOLD15M-26OCT050030-30,0.0050,260.48,yes
2026-10-05T04:28:07.511509Z,KXGOLD15M-26OCT050030-30,0.0050,292.43,yes
2026-10-05T04:28:07.903546Z,KXGOLD15M-26OCT050030-30,0.0050,77.17,yes
2026-10-05T04:28:07.922712Z,KXGOLD15M-26OCT050030-30,0.0050,702.48,yes
2026-10-05T04:28:08.261699Z,KXGOLD15M-26OCT050030-30,0.0050,617.00,no
2026-10-05T04:28:08.261699Z,KXGOLD15M-26OCT050030-30,0.0050,300.00,no
2026-10-05T04:28:08.334636Z,KXGOLD15M-26OCT050030-30,0.0060,521.85,yes
2026-10-05T04:28:08.334636Z,KXGOLD15M-26OCT050030-30,0.0060,120.00,yes
2026-10-05T04:28:08.334636Z,KXGOLD15M-26OCT050030-30,0.0060,397.18,yes
2026-10-05T04:28:08.418434Z,KXGOLD15M-26OCT050030-30,0.0060,152.71,yes
2026-10-05T04:28:08.623165Z,KXGOLD15M-26OCT050030-30,0.0060,763.54,yes
2026-10-05T04:28:08.931771Z,KXGOLD15M-26OCT050030-30,0.0060,167.54,yes
2026-10-05T04:28:09.269047Z,KXGOLD15M-26OCT050030-30,0.0060,3.13,yes
2026-10-05T04:28:09.274307Z,KXGOLD15M-26OCT050030-30,0.0050,55.25,no
2026-10-05T04:28:09.963692Z,KXGOLD15M-26OCT050030-30,0.0060,15.90,yes
2026-10-05T04:28:09.963692Z,KXGOLD15M-26OCT050030-30,0.0070,685.89,yes
2026-10-05T04:28:09.963692Z,KXGOLD15M-26OCT050030-30,0.0070,60.00,yes
2026-10-05T04:28:09.963692Z,KXGOLD15M-26OCT050030-30,0.0070,114.66,yes
2026-10-05T04:28:09.963692Z,KXGOLD15M-26OCT050030-30,0.0070,30.00,yes
2026-10-05T04:28:09.963692Z,KXGOLD15M-26OCT050030-30,0.0070,60.00,yes
2026-10-05T04:28:09.963692Z,KXGOLD15M-26OCT050030-30,0.0070,131.49,yes
2026-10-05T04:28:09.963692Z,KXGOLD15M-26OCT050030-30,0.0070,208.00,yes
2026-10-05T04:28:09.963692Z,KXGOLD15M-26OCT050030-30,0.0070,30.00,yes
2026-10-05T04:28:09.963692Z,KXGOLD15M-26OCT050030-30,0.0070,1.00,yes
2026-10-05T04:28:10.705953Z,KXGOLD15M-26OCT050030-30,0.0050,0.91,no
2026-10-05T04:28:10.803919Z,KXGOLD15M-26OCT050030-30,0.0060,5.00,yes
2026-10-05T04:28:11.973141Z,KXGOLD15M-26OCT050030-30,0.0050,100.50,no
2026-10-05T04:28:12.329762Z,KXGOLD15M-26OCT050030-30,0.0060,15.58,yes
2026-10-05T04:28:12.670088Z,KXGOLD15M-26OCT050030-30,0.0050,198.59,no
2026-10-05T04:28:12.670088Z,KXGOLD15M-26OCT050030-30,0.0040,183.01,no
2026-10-05T04:28:13.023688Z,KXGOLD15M-26OCT050030-30,0.0040,2.73,no
2026-10-05T04:28:13.060503Z,KXGOLD15M-26OCT050030-30,0.0040,110.26,no
2026-10-05T04:28:13.2031Z,KXGOLD15M-26OCT050030-30,0.0040,0.57,no
2026-10-05T04:28:13.30516Z,KXGOLD15M-26OCT050030-30,0.0050,18.69,yes
2026-10-05T04:28:13.558891Z,KXGOLD15M-26OCT050030-30,0.0050,560.93,yes
2026-10-05T04:28:13.600174Z,KXGOLD15M-26OCT050030-30,0.0040,30.74,no
2026-10-05T04:28:14.09925Z,KXGOLD15M-26OCT050030-30,0.0050,110.26,yes
2026-10-05T04:28:14.09925Z,KXGOLD15M-26OCT050030-30,0.0050,0.57,yes
2026-10-05T04:28:14.09925Z,KXGOLD15M-26OCT050030-30,0.0050,30.74,yes
2026-10-05T04:28:14.09925Z,KXGOLD15M-26OCT050030-30,0.0050,183.01,yes
2026-10-05T04:28:14.09925Z,KXGOLD15M-26OCT050030-30,0.0050,2.73,yes
2026-10-05T04:28:14.09925Z,KXGOLD15M-26OCT050030-30,0.0060,451.82,yes
2026-10-05T04:28:14.687848Z,KXGOLD15M-26OCT050030-30,0.0050,84.14,yes
2026-10-05T04:28:14.818912Z,KXGOLD15M-26OCT050030-30,0.0040,60.45,no
2026-10-05T04:28:14.834666Z,KXGOLD15M-26OCT050030-30,0.0040,1.00,no
2026-10-05T04:28:15.191743Z,KXGOLD15M-26OCT050030-30,0.0050,77.91,yes
2026-10-05T04:28:15.241431Z,KXGOLD15M-26OCT050030-30,0.0040,18.06,no
2026-10-05T04:28:15.284692Z,KXGOLD15M-26OCT050030-30,0.0040,28.69,no
2026-10-05T04:28:15.321024Z,KXGOLD15M-26OCT050030-30,0.0050,373.95,yes
2026-10-05T04:28:15.483744Z,KXGOLD15M-26OCT050030-30,0.0050,186.97,yes
2026-10-05T04:28:15.7084Z,KXGOLD15M-26OCT050030-30,0.0050,29.62,yes
2026-10-05T04:28:15.717153Z,KXGOLD15M-26OCT050030-30,0.0050,368.03,yes
2026-10-05T04:28:15.87066Z,KXGOLD15M-26OCT050030-30,0.0050,232.55,yes
2026-10-05T04:28:15.969917Z,KXGOLD15M-26OCT050030-30,0.0050,146.83,yes
2026-10-05T04:28:15.978997Z,KXGOLD15M-26OCT050030-30,0.0060,1096.62,yes
2026-10-05T04:28:16.015176Z,KXGOLD15M-26OCT050030-30,0.0040,20.07,no
2026-10-05T04:28:16.051427Z,KXGOLD15M-26OCT050030-30,0.0040,59.91,no
2026-10-05T04:28:16.09165Z,KXGOLD15M-26OCT050030-30,0.0040,2.98,no
2026-10-05T04:28:16.977082Z,KXGOLD15M-26OCT050030-30,0.0050,60.45,yes
2026-10-05T04:28:16.977082Z,KXGOLD15M-26OCT050030-30,0.0050,125.52,yes
2026-10-05T04:28:16.977082Z,KXGOLD15M-26OCT050030-30,0.0050,1.00,yes
2026-10-05T04:28:17.296809Z,KXGOLD15M-26OCT050030-30,0.0040,1.00,no
2026-10-05T04:28:18.017535Z,KXGOLD15M-26OCT050030-30,0.0050,1134.95,yes
2026-10-05T04:28:18.05979Z,KXGOLD15M-26OCT050030-30,0.0040,2.00,no
2026-10-05T04:28:18.456245Z,KXGOLD15M-26OCT050030-30,0.0050,186.97,yes
2026-10-05T04:28:18.5112Z,KXGOLD15M-26OCT050030-30,0.0040,3.01,no
2026-10-05T04:28:18.882046Z,KXGOLD15M-26OCT050030-30,0.0050,32.97,yes
2026-10-05T04:28:18.993769Z,KXGOLD15M-26OCT050030-30,0.0050,9.76,yes
2026-10-05T04:28:18.993769Z,KXGOLD15M-26OCT050030-30,0.0050,19.59,yes
2026-10-05T04:28:18.993769Z,KXGOLD15M-26OCT050030-30,0.0050,18.06,yes
2026-10-05T04:28:19.154552Z,KXGOLD15M-26OCT050030-30,0.0050,10.15,yes
2026-10-05T04:28:19.214758Z,KXGOLD15M-26OCT050030-30,0.0050,8.78,yes
2026-10-05T04:28:19.214758Z,KXGOLD15M-26OCT050030-30,0.0050,9.91,yes
2026-10-05T04:28:19.925841Z,KXGOLD15M-26OCT050030-30,0.0050,2.00,yes
2026-10-05T04:28:19.925841Z,KXGOLD15M-26OCT050030-30,0.0050,110.92,yes
2026-10-05T04:28:19.925841Z,KXGOLD15M-26OCT050030-30,0.0050,1.00,yes
2026-10-05T04:28:19.925841Z,KXGOLD15M-26OCT050030-30,0.0050,2.98,yes
2026-10-05T04:28:19.925841Z,KXGOLD15M-26OCT050030-30,0.0050,10.16,yes
2026-10-05T04:28:19.925841Z,KXGOLD15M-26OCT050030-30,0.0050,59.91,yes
2026-10-05T04:28:20.073966Z,KXGOLD15M-26OCT050030-30,0.0040,13.00,no
2026-10-05T04:28:21.159987Z,KXGOLD15M-26OCT050030-30,0.0040,2.83,no
2026-10-05T04:28:21.391477Z,KXGOLD15M-26OCT050030-30,0.0040,209.19,no
2026-10-05T04:28:21.789871Z,KXGOLD15M-26OCT050030-30,0.0040,300.00,no
2026-10-05T04:28:21.789871Z,KXGOLD15M-26OCT050030-30,0.0040,109.00,no
2026-10-05T04:28:21.789871Z,KXGOLD15M-26OCT050030-30,0.0040,105.00,no
2026-10-05T04:28:21.789871Z,KXGOLD15M-26OCT050030-30,0.0040,1.00,no
2026-10-05T04:28:21.789871Z,KXGOLD15M-26OCT050030-30,0.0040,1.00,no
2026-10-05T04:28:21.789871Z,KXGOLD15M-26OCT050030-30,0.0040,1.00,no
2026-10-05T04:28:21.789871Z,KXGOLD15M-26OCT050030-30,0.0040,1.00,no
2026-10-05T04:28:21.789871Z,KXGOLD15M-26OCT050030-30,0.0040,1.00,no
2026-10-05T04:28:21.789871Z,KXGOLD15M-26OCT050030-30,0.0040,13.00,no
2026-10-05T04:28:21.789871Z,KXGOLD15M-26OCT050030-30,0.0040,250.50,no
2026-10-05T04:28:21.789871Z,KXGOLD15M-26OCT050030-30,0.0030,788.11,no
2026-10-05T04:28:22.067439Z,KXGOLD15M-26OCT050030-30,0.0030,1.79,no
2026-10-05T04:28:22.150644Z,KXGOLD15M-26OCT050030-30,0.0040,630.16,yes
2026-10-05T04:28:22.354983Z,KXGOLD15M-26OCT050030-30,0.0050,916.19,yes
2026-10-05T04:28:22.827052Z,KXGOLD15M-26OCT050030-30,0.0030,1.00,no
2026-10-05T04:28:23.131287Z,KXGOLD15M-26OCT050030-30,0.0030,0.05,no
2026-10-05T04:28:24.022632Z,KXGOLD15M-26OCT050030-30,0.0050,643.21,yes
2026-10-05T04:28:24.022632Z,KXGOLD15M-26OCT050030-30,0.0040,1500.00,yes
2026-10-05T04:28:24.022632Z,KXGOLD15M-26OCT050030-30,0.0040,31.77,yes
2026-10-05T04:28:24.046763Z,KXGOLD15M-26OCT050030-30,0.0040,105.00,no
2026-10-05T04:28:24.046763Z,KXGOLD15M-26OCT050030-30,0.0040,1500.00,no
2026-10-05T04:28:24.046763Z,KXGOLD15M-26OCT050030-30,0.0040,300.00,no
2026-10-05T04:28:24.152898Z,KXGOLD15M-26OCT050030-30,0.0040,24.08,yes
2026-10-05T04:28:24.323912Z,KXGOLD15M-26OCT050030-30,0.0040,458.07,yes
2026-10-05T04:28:24.347267Z,KXGOLD15M-26OCT050030-30,0.0030,0.77,no
2026-10-05T04:28:24.523087Z,KXGOLD15M-26OCT050030-30,0.0030,84.28,no
2026-10-05T04:28:24.618732Z,KXGOLD15M-26OCT050030-30,0.0040,14.44,yes
2026-10-05T04:28:26.274699Z,KXGOLD15M-26OCT050030-30,0.0030,15.34,no
2026-10-05T04:28:27.4444Z,KXGOLD15M-26OCT050030-30,0.0040,229.04,yes
2026-10-05T04:28:27.686356Z,KXGOLD15M-26OCT050030-30,0.0040,229.04,yes
2026-10-05T04:28:28.463765Z,KXGOLD15M-26OCT050030-30,0.0040,9.34,yes
2026-10-05T04:28:28.579827Z,KXGOLD15M-26OCT050030-30,0.0030,183.17,no
2026-10-05T04:28:28.934735Z,KXGOLD15M-26OCT050030-30,0.0040,229.04,yes
2026-10-05T04:28:29.045402Z,KXGOLD15M-26OCT050030-30,0.0030,5.01,no
2026-10-05T04:28:29.290108Z,KXGOLD15M-26OCT050030-30,0.0030,1.00,no
2026-10-05T04:28:29.71555Z,KXGOLD15M-26OCT050030-30,0.0030,146.00,no
2026-10-05T04:28:30.085893Z,KXGOLD15M-26OCT050030-30,0.0030,2.25,no
2026-10-05T04:28:30.422938Z,KXGOLD15M-26OCT050030-30,0.0030,834.95,no
2026-10-05T04:28:30.699208Z,KXGOLD15M-26OCT050030-30,0.0030,3.67,no
2026-10-05T04:28:31.113458Z,KXGOLD15M-26OCT050030-30,0.0030,2.62,no
2026-10-05T04:28:31.282521Z,KXGOLD15M-26OCT050030-30,0.0040,6.63,yes
2026-10-05T04:28:31.924396Z,KXGOLD15M-26OCT050030-30,0.0040,458.07,yes
2026-10-05T04:28:31.952803Z,KXGOLD15M-26OCT050030-30,0.0040,229.04,yes
2026-10-05T04:28:32.27064Z,KXGOLD15M-26OCT050030-30,0.0040,10.26,yes
2026-10-05T04:28:32.474294Z,KXGOLD15M-26OCT050030-30,0.0040,229.04,yes
2026-10-05T04:28:33.07492Z,KXGOLD15M-26OCT050030-30,0.0030,2.41,no
2026-10-05T04:28:33.456758Z,KXGOLD15M-26OCT050030-30,0.0040,229.04,yes
2026-10-05T04:28:33.680144Z,KXGOLD15M-26OCT050030-30,0.0040,24.89,yes
2026-10-05T04:28:34.022294Z,KXGOLD15M-26OCT050030-30,0.0040,458.07,yes
2026-10-05T04:28:34.084215Z,KXGOLD15M-26OCT050030-30,0.0040,114.53,yes
2026-10-05T04:28:34.088933Z,KXGOLD15M-26OCT050030-30,0.0040,229.04,yes
2026-10-05T04:28:34.68219Z,KXGOLD15M-26OCT050030-30,0.0030,5.25,no
2026-10-05T04:28:34.926523Z,KXGOLD15M-26OCT050030-30,0.0040,229.04,yes
2026-10-05T04:28:35.010008Z,KXGOLD15M-26OCT050030-30,0.0040,73.29,yes
2026-10-05T04:28:35.653006Z,KXGOLD15M-26OCT050030-30,0.0030,1.00,no
2026-10-05T04:28:36.044099Z,KXGOLD15M-26OCT050030-30,0.0040,229.04,yes
2026-10-05T04:28:36.217062Z,KXGOLD15M-26OCT050030-30,0.0040,1145.16,yes
2026-10-05T04:28:36.249102Z,KXGOLD15M-26OCT050030-30,0.0030,895.00,no
2026-10-05T04:28:36.350847Z,KXGOLD15M-26OCT050030-30,0.0040,229.04,yes
2026-10-05T04:28:36.999498Z,KXGOLD15M-26OCT050030-30,0.0040,30.27,yes
2026-10-05T04:28:37.459782Z,KXGOLD15M-26OCT050030-30,0.0030,22.56,no
2026-10-05T04:28:38.087514Z,KXGOLD15M-26OCT050030-30,0.0040,458.07,yes
2026-10-05T04:28:38.446004Z,KXGOLD15M-26OCT050030-30,0.0040,229.04,yes
2026-10-05T04:28:38.872901Z,KXGOLD15M-26OCT050030-30,0.0040,2.34,yes
2026-10-05T04:28:39.276841Z,KXGOLD15M-26OCT050030-30,0.0040,857.11,yes
2026-10-05T04:28:39.276841Z,KXGOLD15M-26OCT050030-30,0.0040,288.05,yes
2026-10-05T04:28:39.442429Z,KXGOLD15M-26OCT050030-30,0.0040,40.00,yes
2026-10-05T04:28:39.442429Z,KXGOLD15M-26OCT050030-30,0.0040,642.89,yes
2026-10-05T04:28:39.939653Z,KXGOLD15M-26OCT050030-30,0.0040,229.04,yes
2026-10-05T04:28:39.946543Z,KXGOLD15M-26OCT050030-30,0.0040,100.00,yes
2026-10-05T04:28:40.189177Z,KXGOLD15M-26OCT050030-30,0.0040,229.04,yes
2026-10-05T04:28:40.341561Z,KXGOLD15M-26OCT050030-30,0.0030,501.39,no
2026-10-05T04:28:40.731707Z,KXGOLD15M-26OCT050030-30,0.0030,42.67,no
2026-10-05T04:28:40.766593Z,KXGOLD15M-26OCT050030-30,0.0030,5.55,no
2026-10-05T04:28:41.826805Z,KXGOLD15M-26OCT050030-30,0.0040,483.25,yes
2026-10-05T04:28:42.574244Z,KXGOLD15M-26OCT050030-30,0.0040,458.07,yes
2026-10-05T04:28:42.581514Z,KXGOLD15M-26OCT050030-30,0.0030,22.56,no
2026-10-05T04:28:43.814272Z,KXGOLD15M-26OCT050030-30,0.0040,0.60,yes
2026-10-05T04:28:43.814272Z,KXGOLD15M-26OCT050030-30,0.0050,13.00,yes
2026-10-05T04:28:43.814272Z,KXGOLD15M-26OCT050030-30,0.0050,3.01,yes
2026-10-05T04:28:43.814272Z,KXGOLD15M-26OCT050030-30,0.0050,129.68,yes
2026-10-05T04:28:43.814272Z,KXGOLD15M-26OCT050030-30,0.0050,36.59,yes
2026-10-05T04:28:43.814272Z,KXGOLD15M-26OCT050030-30,0.0050,2.83,yes
2026-10-05T04:28:44.426402Z,KXGOLD15M-26OCT050030-30,0.0040,23.37,yes
2026-10-05T04:28:44.456561Z,KXGOLD15M-26OCT050030-30,0.0030,251.29,no
2026-10-05T04:28:44.456561Z,KXGOLD15M-26OCT050030-30,0.0030,431.60,no
2026-10-05T04:28:44.598839Z,KXGOLD15M-26OCT050030-30,0.0050,617.64,yes
2026-10-05T04:28:44.598839Z,KXGOLD15M-26OCT050030-30,0.0040,1476.63,yes
2026-10-05T04:28:44.598839Z,KXGOLD15M-26OCT050030-30,0.0050,172.60,yes
2026-10-05T04:28:44.598839Z,KXGOLD15M-26OCT050030-30,0.0050,788.11,yes
2026-10-05T04:28:44.598839Z,KXGOLD15M-26OCT050030-30,0.0050,250.50,yes
2026-10-05T04:28:44.598839Z,KXGOLD15M-26OCT050030-30,0.0050,286.40,yes
2026-10-05T04:28:44.66453Z,KXGOLD15M-26OCT050030-30,0.0030,2.00,no
2026-10-05T04:28:45.081056Z,KXGOLD15M-26OCT050030-30,0.0040,2.29,yes
2026-10-05T04:28:45.260733Z,KXGOLD15M-26OCT050030-30,0.0040,27.94,yes
2026-10-05T04:28:45.548376Z,KXGOLD15M-26OCT050030-30,0.0030,501.39,no
2026-10-05T04:28:45.954396Z,KXGOLD15M-26OCT050030-30,0.0040,251.29,yes
2026-10-05T04:28:45.954396Z,KXGOLD15M-26OCT050030-30,0.0040,396.40,yes
2026-10-05T04:28:45.954396Z,KXGOLD15M-26OCT050030-30,0.0040,2.00,yes
2026-10-05T04:28:45.954396Z,KXGOLD15M-26OCT050030-30,0.0040,1469.77,yes
2026-10-05T04:28:45.954396Z,KXGOLD15M-26OCT050030-30,0.0040,44.00,yes
2026-10-05T04:28:46.187509Z,KXGOLD15M-26OCT050030-30,0.0030,24.56,no
2026-10-05T04:28:46.27401Z,KXGOLD15M-26OCT050030-30,0.0030,55.15,no
2026-10-05T04:28:46.317322Z,KXGOLD15M-26OCT050030-30,0.0030,69.03,no
2026-10-05T04:28:46.325408Z,KXGOLD15M-26OCT050030-30,0.0040,1500.00,yes
2026-10-05T04:28:46.325408Z,KXGOLD15M-26OCT050030-30,0.0040,55.15,yes
2026-10-05T04:28:46.325408Z,KXGOLD15M-26OCT050030-30,0.0040,24.56,yes
2026-10-05T04:28:46.325408Z,KXGOLD15M-26OCT050030-30,0.0040,104.99,yes
2026-10-05T04:28:46.344223Z,KXGOLD15M-26OCT050030-30,0.0040,315.30,yes
2026-10-05T04:28:46.670287Z,KXGOLD15M-26OCT050030-30,0.0030,6.61,no
2026-10-05T04:28:46.713053Z,KXGOLD15M-26OCT050030-30,0.0030,109.50,no
2026-10-05T04:28:46.838741Z,KXGOLD15M-26OCT050030-30,0.0040,229.04,yes
2026-10-05T04:28:47.616437Z,KXGOLD15M-26OCT050030-30,0.0040,229.04,yes
2026-10-05T04:28:47.948791Z,KXGOLD15M-26OCT050030-30,0.0030,5.01,no
2026-10-05T04:28:48.256701Z,KXGOLD15M-26OCT050030-30,0.0030,123.00,no
2026-10-05T04:28:48.256701Z,KXGOLD15M-26OCT050030-30,0.0030,110.00,no
2026-10-05T04:28:48.256701Z,KXGOLD15M-26OCT050030-30,0.0030,250.00,no
2026-10-05T04:28:48.256701Z,KXGOLD15M-26OCT050030-30,0.0030,250.00,no
2026-10-05T04:28:48.256701Z,KXGOLD15M-26OCT050030-30,0.0030,225.46,no
2026-10-05T04:28:48.256701Z,KXGOLD15M-26OCT050030-30,0.0030,18.00,no
2026-10-05T04:28:48.256701Z,KXGOLD15M-26OCT050030-30,0.0030,2.00,no
2026-10-05T04:28:48.256701Z,KXGOLD15M-26OCT050030-30,0.0030,2.00,no
2026-10-05T04:28:48.256701Z,KXGOLD15M-26OCT050030-30,0.0030,2.00,no
2026-10-05T04:28:48.256701Z,KXGOLD15M-26OCT050030-30,0.0030,2.00,no
2026-10-05T04:28:48.256701Z,KXGOLD15M-26OCT050030-30,0.0030,2.00,no
2026-10-05T04:28:48.316843Z,KXGOLD15M-26OCT050030-30,0.0030,630.25,yes
2026-10-05T04:28:48.370265Z,KXGOLD15M-26OCT050030-30,0.0030,116.87,yes
2026-10-05T04:28:48.692511Z,KXGOLD15M-26OCT050030-30,0.0030,9.34,yes
2026-10-05T04:28:49.331808Z,KXGOLD15M-26OCT050030-30,0.0030,305.35,yes
2026-10-05T04:28:49.48033Z,KXGOLD15M-26OCT050030-30,0.0030,305.35,yes
2026-10-05T04:28:49.924574Z,KXGOLD15M-26OCT050030-30,0.0030,87.47,yes
2026-10-05T04:28:50.512509Z,KXGOLD15M-26OCT050030-30,0.0020,0.10,no
2026-10-05T04:28:51.504029Z,KXGOLD15M-26OCT050030-30,0.0030,1.00,yes
2026-10-05T04:28:52.167894Z,KXGOLD15M-26OCT050030-30,0.0030,169.29,yes
2026-10-05T04:28:52.167894Z,KXGOLD15M-26OCT050030-30,0.0030,44.37,yes
2026-10-05T04:28:52.227703Z,KXGOLD15M-26OCT050030-30,0.0030,30.53,yes
2026-10-05T04:28:52.56576Z,KXGOLD15M-26OCT050030-30,0.0030,539.76,yes
2026-10-05T04:28:52.576743Z,KXGOLD15M-26OCT050030-30,0.0030,960.24,yes
2026-10-05T04:28:52.576743Z,KXGOLD15M-26OCT050030-30,0.0040,1398.99,yes
2026-10-05T04:28:52.576743Z,KXGOLD15M-26OCT050030-30,0.0030,50.18,yes
2026-10-05T04:28:52.776559Z,KXGOLD15M-26OCT050030-30,0.0020,1013.54,no
2026-10-05T04:28:52.785075Z,KXGOLD15M-26OCT050030-30,0.0020,15.00,no
2026-10-05T04:28:52.869664Z,KXGOLD15M-26OCT050030-30,0.0020,94.72,no
2026-10-05T04:28:52.992727Z,KXGOLD15M-26OCT050030-30,0.0030,305.35,yes
2026-10-05T04:28:53.227289Z,KXGOLD15M-26OCT050030-30,0.0030,155.79,yes
2026-10-05T04:28:53.803619Z,KXGOLD15M-26OCT050030-30,0.0030,305.35,yes
2026-10-05T04:28:53.809188Z,KXGOLD15M-26OCT050030-30,0.0030,16.87,yes
2026-10-05T04:28:54.900454Z,KXGOLD15M-26OCT050030-30,0.0030,305.35,yes
2026-10-05T04:28:55.101023Z,KXGOLD15M-26OCT050030-30,0.0030,12.46,yes
2026-10-05T04:28:55.12425Z,KXGOLD15M-26OCT050030-30,0.0030,398.83,yes
2026-10-05T04:28:55.12425Z,KXGOLD15M-26OCT050030-30,0.0030,959.56,yes
2026-10-05T04:28:55.1911Z,KXGOLD15M-26OCT050030-30,0.0020,6.98,no
2026-10-05T04:28:55.26118Z,KXGOLD15M-26OCT050030-30,0.0030,594.32,yes
2026-10-05T04:28:55.543529Z,KXGOLD15M-26OCT050030-30,0.0030,305.35,yes
2026-10-05T04:28:55.824762Z,KXGOLD15M-26OCT050030-30,0.0030,600.33,yes
2026-10-05T04:28:55.824762Z,KXGOLD15M-26OCT050030-30,0.0040,1160.63,yes
2026-10-05T04:28:55.824762Z,KXGOLD15M-26OCT050030-30,0.0040,69.03,yes
2026-10-05T04:28:55.824762Z,KXGOLD15M-26OCT050030-30,0.0040,6.61,yes
2026-10-05T04:28:55.824762Z,KXGOLD15M-26OCT050030-30,0.0040,109.50,yes
2026-10-05T04:28:55.824762Z,KXGOLD15M-26OCT050030-30,0.0040,5.01,yes
2026-10-05T04:28:55.824762Z,KXGOLD15M-26OCT050030-30,0.0040,250.00,yes
2026-10-05T04:28:55.824762Z,KXGOLD15M-26OCT050030-30,0.0040,225.46,yes
2026-10-05T04:28:55.824762Z,KXGOLD15M-26OCT050030-30,0.0040,40.00,yes
2026-10-05T04:28:55.824762Z,KXGOLD15M-26OCT050030-30,0.0050,523.95,yes
2026-10-05T04:28:55.824762Z,KXGOLD15M-26OCT050030-30,0.0050,502.38,yes
2026-10-05T04:28:55.824762Z,KXGOLD15M-26OCT050030-30,0.0050,371.57,yes
2026-10-05T04:28:55.824762Z,KXGOLD15M-26OCT050030-30,0.0050,909.95,yes
2026-10-05T04:28:55.824762Z,KXGOLD15M-26OCT050030-30,0.0050,158.19,yes
2026-10-05T04:28:55.898651Z,KXGOLD15M-26OCT050030-30,0.0020,483.69,no
2026-10-05T04:28:55.898651Z,KXGOLD15M-26OCT050030-30,0.0020,1250.00,no
2026-10-05T04:28:55.898651Z,KXGOLD15M-26OCT050030-30,0.0020,69.66,no
2026-10-05T04:28:56.137949Z,KXGOLD15M-26OCT050030-30,0.0040,10.04,yes
2026-10-05T04:28:56.728872Z,KXGOLD15M-26OCT050030-30,0.0040,458.07,yes
2026-10-05T04:28:56.822237Z,KXGOLD15M-26OCT050030-30,0.0030,71.76,no
2026-10-05T04:28:57.781379Z,KXGOLD15M-26OCT050030-30,0.0040,458.07,yes
2026-10-05T04:28:58.012388Z,KXGOLD15M-26OCT050030-30,0.0040,229.04,yes
2026-10-05T04:28:58.205881Z,KXGOLD15M-26OCT050030-30,0.0040,229.04,yes
2026-10-05T04:28:58.371263Z,KXGOLD15M-26OCT050030-30,0.0030,71.76,no
2026-10-05T04:28:58.496194Z,KXGOLD15M-26OCT050030-30,0.0030,12.27,no
2026-10-05T04:28:58.835854Z,KXGOLD15M-26OCT050030-30,0.0040,23.37,yes
2026-10-05T04:28:58.83777Z,KXGOLD15M-26OCT050030-30,0.0040,1.01,yes
2026-10-05T04:28:59.069136Z,KXGOLD15M-26OCT050030-30,0.0030,1.00,no
2026-10-05T04:28:59.169442Z,KXGOLD15M-26OCT050030-30,0.0030,5.25,no
2026-10-05T04:28:59.606333Z,KXGOLD15M-26OCT050030-30,0.0050,483.69,yes
2026-10-05T04:28:59.606333Z,KXGOLD15M-26OCT050030-30,0.0040,91.36,yes
2026-10-05T04:28:59.606333Z,KXGOLD15M-26OCT050030-30,0.0050,234.59,yes
2026-10-05T04:28:59.606333Z,KXGOLD15M-26OCT050030-30,0.0050,141.81,yes
2026-10-05T04:28:59.714354Z,KXGOLD15M-26OCT050030-30,0.0030,250.00,no
2026-10-05T04:28:59.714354Z,KXGOLD15M-26OCT050030-30,0.0030,1.00,no
2026-10-05T04:28:59.714354Z,KXGOLD15M-26OCT050030-30,0.0030,5.25,no
2026-10-05T04:28:59.714354Z,KXGOLD15M-26OCT050030-30,0.0030,12.27,no
2026-10-05T04:28:59.714354Z,KXGOLD15M-26OCT050030-30,0.0030,71.76,no
2026-10-05T04:28:59.714354Z,KXGOLD15M-26OCT050030-30,0.0030,32.72,no
2026-10-05T04:28:59.714354Z,KXGOLD15M-26OCT050030-30,0.0020,5.00,no
2026-10-05T04:28:59.714354Z,KXGOLD15M-26OCT050030-30,0.0020,5.00,no
2026-10-05T04:28:59.714354Z,KXGOLD15M-26OCT050030-30,0.0020,228.56,no
2026-10-05T04:28:59.714354Z,KXGOLD15M-26OCT050030-30,0.0020,3.00,no
2026-10-05T04:28:59.714354Z,KXGOLD15M-26OCT050030-30,0.0020,3.00,no
2026-10-05T04:28:59.714354Z,KXGOLD15M-26OCT050030-30,0.0020,26.00,no
2026-10-05T04:28:59.714354Z,KXGOLD15M-26OCT050030-30,0.0020,3.00,no
2026-10-05T04:28:59.714354Z,KXGOLD15M-26OCT050030-30,0.0020,3.00,no
2026-10-05T04:28:59.714354Z,KXGOLD15M-26OCT050030-30,0.0020,3.00,no
2026-10-05T04:28:59.754599Z,KXGOLD15M-26OCT050030-30,0.0040,25.48,yes
2026-10-05T04:29:00.071356Z,KXGOLD15M-26OCT050030-30,0.0030,25.00,no
2026-10-05T04:29:00.126514Z,KXGOLD15M-26OCT050030-30,0.0040,0.30,yes
2026-10-05T04:29:00.133867Z,KXGOLD15M-26OCT050030-30,0.0030,143.90,no
2026-10-05T04:29:00.27918Z,KXGOLD15M-26OCT050030-30,0.0040,203.55,yes
2026-10-05T04:29:00.283613Z,KXGOLD15M-26OCT050030-30,0.0040,229.04,yes
2026-10-05T04:29:00.504334Z,KXGOLD15M-26OCT050030-30,0.0040,229.04,yes
2026-10-05T04:29:01.104131Z,KXGOLD15M-26OCT050030-30,0.0050,467.33,yes
2026-10-05T04:29:01.104131Z,KXGOLD15M-26OCT050030-30,0.0040,478.56,yes
2026-10-05T04:29:01.104131Z,KXGOLD15M-26OCT050030-30,0.0040,812.59,yes
2026-10-05T04:29:01.104131Z,KXGOLD15M-26OCT050030-30,0.0040,40.00,yes
2026-10-05T04:29:01.104131Z,KXGOLD15M-26OCT050030-30,0.0040,133.00,yes
2026-10-05T04:29:01.104131Z,KXGOLD15M-26OCT050030-30,0.0040,146.00,yes
2026-10-05T04:29:02.647506Z,KXGOLD15M-26OCT050030-30,0.0030,200.55,no
2026-10-05T04:29:03.891016Z,KXGOLD15M-26OCT050030-30,0.0030,16.10,no
2026-10-05T04:29:04.566334Z,KXGOLD15M-26OCT050030-30,0.0040,343.55,yes
2026-10-05T04:29:04.620535Z,KXGOLD15M-26OCT050030-30,0.0030,2222.00,no
2026-10-05T04:29:05.263093Z,KXGOLD15M-26OCT050030-30,0.0030,5.01,no
2026-10-05T04:29:06.139825Z,KXGOLD15M-26OCT050030-30,0.0030,9.02,no
2026-10-05T04:29:06.299852Z,KXGOLD15M-26OCT050030-30,0.0040,1.01,yes
2026-10-05T04:29:06.967092Z,KXGOLD15M-26OCT050030-30,0.0030,1.00,no
2026-10-05T04:29:07.106238Z,KXGOLD15M-26OCT050030-30,0.0040,10.33,yes
2026-10-05T04:29:07.647598Z,KXGOLD15M-26OCT050030-30,0.0030,250.00,no
2026-10-05T04:29:08.479391Z,KXGOLD15M-26OCT050030-30,0.0040,229.04,yes
2026-10-05T04:29:09.114696Z,KXGOLD15M-26OCT050030-30,0.0030,1.00,no
2026-10-05T04:29:09.114696Z,KXGOLD15M-26OCT050030-30,0.0030,1127.42,no
2026-10-05T04:29:09.114696Z,KXGOLD15M-26OCT050030-30,0.0030,250.00,no
2026-10-05T04:29:09.39839Z,KXGOLD15M-26OCT050030-30,0.0020,110.00,no
2026-10-05T04:29:09.39839Z,KXGOLD15M-26OCT050030-30,0.0020,150.00,no
2026-10-05T04:29:09.39839Z,KXGOLD15M-26OCT050030-30,0.0010,250.00,no
2026-10-05T04:29:09.39839Z,KXGOLD15M-26OCT050030-30,0.0010,491.26,no
2026-10-05T04:29:09.39839Z,KXGOLD15M-26OCT050030-30,0.0010,13622.00,no
2026-10-05T04:29:09.39839Z,KXGOLD15M-26OCT050030-30,0.0010,5000.00,no
2026-10-05T04:29:09.410711Z,KXGOLD15M-26OCT050030-30,0.0010,100.00,no
2026-10-05T04:29:09.410711Z,KXGOLD15M-26OCT050030-30,0.0010,200.00,no
2026-10-05T04:29:09.410711Z,KXGOLD15M-26OCT050030-30,0.0010,941.92,no
2026-10-05T04:29:09.410711Z,KXGOLD15M-26OCT050030-30,0.0010,1.00,no
2026-10-05T04:29:09.410711Z,KXGOLD15M-26OCT050030-30,0.0010,758.74,no
2026-10-05T04:29:09.410711Z,KXGOLD15M-26OCT050030-30,0.0010,400.00,no
2026-10-05T04:29:09.410711Z,KXGOLD15M-26OCT050030-30,0.0010,10000.00,no
2026-10-05T04:29:09.410711Z,KXGOLD15M-26OCT050030-30,0.0010,1.00,no
2026-10-05T04:29:09.458279Z,KXGOLD15M-26OCT050030-30,0.0010,233.72,yes
2026-10-05T04:29:10.770544Z,KXGOLD15M-26OCT050030-30,0.0010,179.51,yes
2026-10-05T04:29:10.889723Z,KXGOLD15M-26OCT050030-30,0.0010,18.06,yes
2026-10-05T04:29:11.030014Z,KXGOLD15M-26OCT050030-30,0.0010,458.04,yes
2026-10-05T04:29:11.989504Z,KXGOLD15M-26OCT050030-30,0.0010,330.01,yes
2026-10-05T04:29:11.989504Z,KXGOLD15M-26OCT050030-30,0.0010,585.98,yes
2026-10-05T04:29:13.606666Z,KXGOLD15M-26OCT050030-30,0.0010,914.02,yes
2026-10-05T04:29:13.606666Z,KXGOLD15M-26OCT050030-30,0.0010,1285.40,yes
2026-10-05T04:29:13.606666Z,KXGOLD15M-26OCT050030-30,0.0010,100.00,yes
2026-10-05T04:29:13.689564Z,KXGOLD15M-26OCT050030-30,0.0010,261.69,yes
2026-10-05T04:29:13.794437Z,KXGOLD15M-26OCT050030-30,0.0010,30.13,yes
2026-10-05T04:29:14.451663Z,KXGOLD15M-26OCT050030-30,0.0010,915.99,yes
2026-10-05T04:29:14.997119Z,KXGOLD15M-26OCT050030-30,0.0010,91.62,yes
2026-10-05T04:29:15.28296Z,KXGOLD15M-26OCT050030-30,0.0010,91.62,yes
2026-10-05T04:29:16.145773Z,KXGOLD15M-26OCT050030-30,0.0010,915.99,yes
2026-10-05T04:29:16.68831Z,KXGOLD15M-26OCT050030-30,0.0010,4579.77,yes
2026-10-05T04:29:16.84502Z,KXGOLD15M-26OCT050030-30,0.0010,915.99,yes
2026-10-05T04:29:17.614096Z,KXGOLD15M-26OCT050030-30,0.0010,50.00,yes
2026-10-05T04:29:18.053364Z,KXGOLD15M-26OCT050030-30,0.0010,90.00,yes
2026-10-05T04:29:18.231476Z,KXGOLD15M-26OCT050030-30,0.0010,144.19,yes
2026-10-05T04:29:18.231476Z,KXGOLD15M-26OCT050030-30,0.0010,771.80,yes
2026-10-05T04:29:21.08331Z,KXGOLD15M-26OCT050030-30,0.0010,36.64,yes
2026-10-05T04:29:21.172079Z,KXGOLD15M-26OCT050030-30,0.0010,69.17,yes
2026-10-05T04:29:21.172079Z,KXGOLD15M-26OCT050030-30,0.0010,846.82,yes
2026-10-05T04:29:21.633609Z,KXGOLD15M-26OCT050030-30,0.0010,116.84,yes
2026-10-05T04:29:21.633609Z,KXGOLD15M-26OCT050030-30,0.0010,40.00,yes
2026-10-05T04:29:21.633609Z,KXGOLD15M-26OCT050030-30,0.0010,653.18,yes
2026-10-05T04:29:22.215194Z,KXGOLD15M-26OCT050030-30,0.0020,519.43,yes
2026-10-05T04:29:22.215194Z,KXGOLD15M-26OCT050030-30,0.0010,1500.00,yes
2026-10-05T04:29:22.215194Z,KXGOLD15M-26OCT050030-30,0.0010,2105.16,yes
2026-10-05T04:29:22.264457Z,KXGOLD15M-26OCT050030-30,0.0020,630.33,yes
2026-10-05T04:29:22.38032Z,KXGOLD15M-26OCT050030-30,0.0020,9.20,yes
2026-10-05T04:29:22.887165Z,KXGOLD15M-26OCT050030-30,0.0020,458.01,yes
2026-10-05T04:29:23.180436Z,KXGOLD15M-26OCT050030-30,0.0020,458.01,yes
2026-10-05T04:29:24.01696Z,KXGOLD15M-26OCT050030-30,0.0010,0.10,no
2026-10-05T04:29:25.009251Z,KXGOLD15M-26OCT050030-30,0.0020,458.01,yes
2026-10-05T04:29:25.085811Z,KXGOLD15M-26OCT050030-30,0.0020,819.00,yes
2026-10-05T04:29:25.219041Z,KXGOLD15M-26OCT050030-30,0.0020,491.26,yes
2026-10-05T04:29:25.219041Z,KXGOLD15M-26OCT050030-30,0.0020,1648.01,yes
2026-10-05T04:29:25.219041Z,KXGOLD15M-26OCT050030-30,0.0020,250.00,yes
2026-10-05T04:29:25.219041Z,KXGOLD15M-26OCT050030-30,0.0020,758.74,yes
2026-10-05T04:29:25.219041Z,KXGOLD15M-26OCT050030-30,0.0020,516.05,yes
2026-10-05T04:29:25.472187Z,KXGOLD15M-26OCT050030-30,0.0020,458.01,yes
2026-10-05T04:29:25.525531Z,KXGOLD15M-26OCT050030-30,0.0020,357.24,yes
2026-10-05T04:29:25.713723Z,KXGOLD15M-26OCT050030-30,0.0010,27.79,no
2026-10-05T04:29:25.764944Z,KXGOLD15M-26OCT050030-30,0.0020,289.30,yes
2026-10-05T04:29:25.764944Z,KXGOLD15M-26OCT050030-30,0.0020,0.01,yes
2026-10-05T04:29:25.764944Z,KXGOLD15M-26OCT050030-30,0.0020,168.70,yes
2026-10-05T04:29:26.014795Z,KXGOLD15M-26OCT050030-30,0.0010,458.01,no
2026-10-05T04:29:26.014795Z,KXGOLD15M-26OCT050030-30,0.0010,1359.56,no
2026-10-05T04:29:26.014795Z,KXGOLD15M-26OCT050030-30,0.0010,819.00,no
2026-10-05T04:29:26.014795Z,KXGOLD15M-26OCT050030-30,0.0010,458.01,no
2026-10-05T04:29:26.014795Z,KXGOLD15M-26OCT050030-30,0.0010,100.00,no
2026-10-05T04:29:26.014795Z,KXGOLD15M-26OCT050030-30,0.0010,1.00,no
2026-10-05T04:29:26.014795Z,KXGOLD15M-26OCT050030-30,0.0010,630.33,no
2026-10-05T04:29:26.014795Z,KXGOLD15M-26OCT050030-30,0.0010,458.01,no
2026-10-05T04:29:26.014795Z,KXGOLD15M-26OCT050030-30,0.0010,372.11,no
2026-10-05T04:29:26.014795Z,KXGOLD15M-26OCT050030-30,0.0010,9.20,no
2026-10-05T04:29:26.014795Z,KXGOLD15M-26OCT050030-30,0.0010,519.43,no
2026-10-05T04:29:26.014795Z,KXGOLD15M-26OCT050030-30,0.0010,200.00,no
2026-10-05T04:29:26.014795Z,KXGOLD15M-26OCT050030-30,0.0010,111.00,no
2026-10-05T04:29:26.014795Z,KXGOLD15M-26OCT050030-30,0.0010,10000.00,no
2026-10-05T04:29:26.229021Z,KXGOLD15M-26OCT050030-30,0.0010,100.00,no
2026-10-05T04:29:26.229021Z,KXGOLD15M-26OCT050030-30,0.0010,177.67,no
2026-10-05T04:29:26.229021Z,KXGOLD15M-26OCT050030-30,0.0010,288.45,no
2026-10-05T04:29:26.232786Z,KXGOLD15M-26OCT050030-30,0.0020,67.30,yes
2026-10-05T04:29:26.232786Z,KXGOLD15M-26OCT050030-30,0.0020,1932.70,yes
2026-10-05T04:29:26.248245Z,KXGOLD15M-26OCT050030-30,0.0020,510.96,yes
2026-10-05T04:29:26.249587Z,KXGOLD15M-26OCT050030-30,0.0020,563.31,yes
2026-10-05T04:29:26.315056Z,KXGOLD15M-26OCT050030-30,0.0010,400.00,no
2026-10-05T04:29:26.315056Z,KXGOLD15M-26OCT050030-30,0.0010,200.00,no
2026-10-05T04:29:26.577745Z,KXGOLD15M-26OCT050030-30,0.0010,28.04,yes
2026-10-05T04:29:26.871385Z,KXGOLD15M-26OCT050030-30,0.0010,10.01,yes
2026-10-05T04:29:27.044521Z,KXGOLD15M-26OCT050030-30,0.0010,2336.79,yes
2026-10-05T04:29:29.557228Z,KXGOLD15M-26OCT050030-30,0.0010,2628.84,yes
2026-10-05T04:29:29.646342Z,KXGOLD15M-26OCT050030-30,0.0010,10.71,yes
2026-10-05T04:29:29.807675Z,KXGOLD15M-26OCT050030-30,0.0010,5.88,yes
2026-10-05T04:29:30.861831Z,KXGOLD15M-26OCT050030-30,0.0010,10991.37,yes
2026-10-05T04:29:32.754263Z,KXGOLD15M-26OCT050030-30,0.0010,18319.03,yes
2026-10-05T04:29:33.00129Z,KXGOLD15M-26OCT050030-30,0.0010,21.72,yes
2026-10-05T04:29:34.575724Z,KXGOLD15M-26OCT050030-30,0.0010,45.85,yes
2026-10-05T04:29:34.658857Z,KXGOLD15M-26OCT050030-30,0.0010,12.27,yes
2026-10-05T04:29:35.750881Z,KXGOLD15M-26OCT050030-30,0.0010,13.31,yes
2026-10-05T04:29:37.120777Z,KXGOLD15M-26OCT050030-30,0.0010,1831.90,yes
2026-10-05T04:29:37.180765Z,KXGOLD15M-26OCT050030-30,0.0010,448.69,yes
2026-10-05T04:29:38.085479Z,KXGOLD15M-26OCT050030-30,0.0010,13.89,yes
2026-10-05T04:29:39.511203Z,KXGOLD15M-26OCT050030-30,0.0010,18.69,yes
2026-10-05T04:29:40.75773Z,KXGOLD15M-26OCT050030-30,0.0010,915.99,yes
2026-10-05T04:29:41.16338Z,KXGOLD15M-26OCT050030-30,0.0010,45.85,yes
2026-10-05T04:29:42.001475Z,KXGOLD15M-26OCT050030-30,0.0010,91.62,yes
2026-10-05T04:29:42.55323Z,KXGOLD15M-26OCT050030-30,0.0010,8.20,yes
2026-10-05T04:29:47.5591Z,KXGOLD15M-26OCT050030-30,0.0010,29.68,yes
2026-10-05T04:29:47.789013Z,KXGOLD15M-26OCT050030-30,0.0010,915.99,yes
2026-10-05T04:29:48.111869Z,KXGOLD15M-26OCT050030-30,0.0010,2.01,yes
2026-10-05T04:29:49.398186Z,KXGOLD15M-26OCT050030-30,0.0010,458.04,yes
2026-10-05T04:29:50.074454Z,KXGOLD15M-26OCT050030-30,0.0010,91.62,yes
2026-10-05T04:29:51.950735Z,KXGOLD15M-26OCT050030-30,0.0010,4.96,yes
2026-10-05T04:29:53.160085Z,KXGOLD15M-26OCT050030-30,0.0010,4543.05,yes
2026-10-05T04:29:53.160085Z,KXGOLD15M-26OCT050030-30,0.0010,4616.50,yes
2026-10-05T04:29:53.540844Z,KXGOLD15M-26OCT050030-30,0.0010,915.99,yes
2026-10-05T04:29:53.800941Z,KXGOLD15M-26OCT050030-30,0.0010,0.20,yes
2026-10-05T04:29:54.607517Z,KXGOLD15M-26OCT050030-30,0.0010,451.00,yes
2026-10-05T04:29:57.142455Z,KXGOLD15M-26OCT050030-30,0.0010,4016.31,yes
2026-10-05T04:29:57.142455Z,KXGOLD15M-26OCT050030-30,0.0010,1965.24,yes
2026-10-05T04:29:57.142455Z,KXGOLD15M-26OCT050030-30,0.0010,40.00,yes
2026-10-05T04:29:57.142455Z,KXGOLD15M-26OCT050030-30,0.0010,2222.00,yes
2026-10-05T04:29:57.255805Z,KXGOLD15M-26OCT050030-30,0.0010,915.99,yes
2026-10-05T04:29:57.875038Z,KXGOLD15M-26OCT050030-30,0.0010,4579.77,yes
2026-10-05T04:29:59.437238Z,KXGOLD15M-26OCT050030-30,0.0010,1.14,yes
2026-10-05T04:27:48.254022Z,KXPLATINUM15M-26OCT050030-30,0.0300,3.12,yes
2026-10-05T04:27:51.514651Z,KXPLATINUM15M-26OCT050030-30,0.0300,31.21,yes
2026-10-05T04:28:04.082337Z,KXPLATINUM15M-26OCT050030-30,0.0100,500.00,no
2026-10-05T04:28:07.885186Z,KXPLATINUM15M-26OCT050030-30,0.0200,3.98,yes
2026-10-05T04:28:08.016489Z,KXPLATINUM15M-26OCT050030-30,0.0100,350.00,no
2026-10-05T04:28:08.635714Z,KXPLATINUM15M-26OCT050030-30,0.0100,15.00,no
2026-10-05T04:28:14.100279Z,KXPLATINUM15M-26OCT050030-30,0.0100,2.01,no
2026-10-05T04:28:19.716242Z,KXPLATINUM15M-26OCT050030-30,0.0100,10.00,no
2026-10-05T04:28:19.741159Z,KXPLATINUM15M-26OCT050030-30,0.0100,300.00,no
2026-10-05T04:28:20.745591Z,KXPLATINUM15M-26OCT050030-30,0.0100,370.93,no
2026-10-05T04:28:20.745591Z,KXPLATINUM15M-26OCT050030-30,0.0100,1.00,no
2026-10-05T04:28:20.745591Z,KXPLATINUM15M-26OCT050030-30,0.0100,20.00,no
2026-10-05T04:28:20.745591Z,KXPLATINUM15M-26OCT050030-30,0.0100,9.76,no
2026-10-05T04:28:20.745591Z,KXPLATINUM15M-26OCT050030-30,0.0100,2.00,no
2026-10-05T04:28:20.745591Z,KXPLATINUM15M-26OCT050030-30,0.0100,1.00,no
2026-10-05T04:28:20.745591Z,KXPLATINUM15M-26OCT050030-30,0.0100,100.00,no
2026-10-05T04:28:21.831418Z,KXPLATINUM15M-26OCT050030-30,0.0100,2.01,no
2026-10-05T04:28:23.087149Z,KXPLATINUM15M-26OCT050030-30,0.0100,10.00,no
2026-10-05T04:28:23.087149Z,KXPLATINUM15M-26OCT050030-30,0.0100,1.00,no
2026-10-05T04:28:23.087149Z,KXPLATINUM15M-26OCT050030-30,0.0100,5.00,no
2026-10-05T04:28:23.087149Z,KXPLATINUM15M-26OCT050030-30,0.0100,19.33,no
2026-10-05T04:28:23.087149Z,KXPLATINUM15M-26OCT050030-30,0.0100,3.00,no
2026-10-05T04:28:23.087149Z,KXPLATINUM15M-26OCT050030-30,0.0100,5.00,no
2026-10-05T04:28:23.087149Z,KXPLATINUM15M-26OCT050030-30,0.0100,3.00,no
2026-10-05T04:28:23.087149Z,KXPLATINUM15M-26OCT050030-30,0.0100,2.25,no
2026-10-05T04:28:23.087149Z,KXPLATINUM15M-26OCT050030-30,0.0100,5.00,no
2026-10-05T04:28:23.087149Z,KXPLATINUM15M-26OCT050030-30,0.0100,1.36,no
2026-10-05T04:28:23.087149Z,KXPLATINUM15M-26OCT050030-30,0.0100,0.11,no
2026-10-05T04:28:23.087149Z,KXPLATINUM15M-26OCT050030-30,0.0100,10.00,no
2026-10-05T04:28:23.087149Z,KXPLATINUM15M-26OCT050030-30,0.0100,8.23,no
2026-10-05T04:28:23.087149Z,KXPLATINUM15M-26OCT050030-30,0.0100,2.00,no
2026-10-05T04:28:23.087149Z,KXPLATINUM15M-26OCT050030-30,0.0100,7.72,no
2026-10-05T04:28:28.019452Z,KXPLATINUM15M-26OCT050030-30,0.0100,0.67,no
2026-10-05T04:28:47.320349Z,KXPLATINUM15M-26OCT050030-30,0.0100,14.00,yes
2026-10-05T04:28:47.320349Z,KXPLATINUM15M-26OCT050030-30,0.0100,30.00,yes
2026-10-05T04:28:47.320349Z,KXPLATINUM15M-26OCT050030-30,0.0100,60.00,yes
2026-10-05T04:28:47.320349Z,KXPLATINUM15M-26OCT050030-30,0.0100,1.00,yes
2026-10-05T04:28:47.320349Z,KXPLATINUM15M-26OCT050030-30,0.0100,20.00,yes
2026-10-05T04:28:47.320349Z,KXPLATINUM15M-26OCT050030-30,0.0100,50.00,yes
2026-10-05T04:28:47.320349Z,KXPLATINUM15M-26OCT050030-30,0.0100,0.67,yes
2026-10-05T04:28:47.320349Z,KXPLATINUM15M-26OCT050030-30,0.0100,19.33,yes
2026-10-05T04:27:47.048113Z,KXBNB15M-26OCT050030-30,0.1000,17.94,no
2026-10-05T04:27:47.28984Z,KXBNB15M-26OCT050030-30,0.0910,2.00,yes
2026-10-05T04:27:47.50472Z,KXBNB15M-26OCT050030-30,0.0900,1.00,no
2026-10-05T04:27:47.50472Z,KXBNB15M-26OCT050030-30,0.0900,0.36,no
2026-10-05T04:27:47.505583Z,KXBNB15M-26OCT050030-30,0.0860,3.00,no
2026-10-05T04:27:47.506546Z,KXBNB15M-26OCT050030-30,0.0860,1.00,no
2026-10-05T04:27:47.508954Z,KXBNB15M-26OCT050030-30,0.0860,12.00,no
2026-10-05T04:27:47.515359Z,KXBNB15M-26OCT050030-30,0.0850,12.00,no
2026-10-05T04:27:47.868705Z,KXBNB15M-26OCT050030-30,0.0810,1.00,no
2026-10-05T04:27:47.868705Z,KXBNB15M-26OCT050030-30,0.0800,17.00,no
2026-10-05T04:27:49.595861Z,KXBNB15M-26OCT050030-30,0.0800,1.00,no
2026-10-05T04:27:49.595861Z,KXBNB15M-26OCT050030-30,0.0800,0.62,no
2026-10-05T04:27:50.372124Z,KXBNB15M-26OCT050030-30,0.0530,32.62,no
2026-10-05T04:27:50.372124Z,KXBNB15M-26OCT050030-30,0.0700,2.38,no
2026-10-05T04:27:50.372124Z,KXBNB15M-26OCT050030-30,0.0700,1.00,no
2026-10-05T04:27:50.372124Z,KXBNB15M-26OCT050030-30,0.0800,1.00,no
2026-10-05T04:27:50.372124Z,KXBNB15M-26OCT050030-30,0.0600,1.00,no
2026-10-05T04:27:51.33789Z,KXBNB15M-26OCT050030-30,0.0590,7.00,yes
2026-10-05T04:27:51.33789Z,KXBNB15M-26OCT050030-30,0.0590,1.00,yes
2026-10-05T04:27:51.33789Z,KXBNB15M-26OCT050030-30,0.0600,10.00,yes
2026-10-05T04:27:51.33789Z,KXBNB15M-26OCT050030-30,0.0620,4.72,yes
2026-10-05T04:27:51.750044Z,KXBNB15M-26OCT050030-30,0.0550,0.25,no
2026-10-05T04:27:52.075715Z,KXBNB15M-26OCT050030-30,0.0620,1.00,yes
2026-10-05T04:27:52.075715Z,KXBNB15M-26OCT050030-30,0.0640,2.00,yes
2026-10-05T04:27:52.075715Z,KXBNB15M-26OCT050030-30,0.0630,2.00,yes
2026-10-05T04:27:52.075715Z,KXBNB15M-26OCT050030-30,0.0680,6.00,yes
2026-10-05T04:27:52.075715Z,KXBNB15M-26OCT050030-30,0.0670,20.00,yes
2026-10-05T04:27:52.075715Z,KXBNB15M-26OCT050030-30,0.0690,19.00,yes
2026-10-05T04:27:52.075715Z,KXBNB15M-26OCT050030-30,0.0700,34.64,yes
2026-10-05T04:27:52.834908Z,KXBNB15M-26OCT050030-30,0.0680,0.50,yes
2026-10-05T04:27:53.196399Z,KXBNB15M-26OCT050030-30,0.0700,36.95,yes
2026-10-05T04:27:53.196399Z,KXBNB15M-26OCT050030-30,0.0690,23.00,yes
2026-10-05T04:27:53.196399Z,KXBNB15M-26OCT050030-30,0.0680,0.50,yes
2026-10-05T04:27:53.196399Z,KXBNB15M-26OCT050030-30,0.0680,6.00,yes
2026-10-05T04:27:53.929044Z,KXBNB15M-26OCT050030-30,0.0670,0.01,yes
2026-10-05T04:27:54.673598Z,KXBNB15M-26OCT050030-30,0.0650,1.00,yes
2026-10-05T04:27:54.673598Z,KXBNB15M-26OCT050030-30,0.0680,22.00,yes
2026-10-05T04:27:54.866838Z,KXBNB15M-26OCT050030-30,0.0690,3.00,yes
2026-10-05T04:27:54.866838Z,KXBNB15M-26OCT050030-30,0.0650,2.00,yes
2026-10-05T04:27:54.866838Z,KXBNB15M-26OCT050030-30,0.0660,2.00,yes
2026-10-05T04:27:54.866838Z,KXBNB15M-26OCT050030-30,0.0690,1.00,yes
2026-10-05T04:27:55.562082Z,KXBNB15M-26OCT050030-30,0.0650,2.00,yes
2026-10-05T04:27:55.562082Z,KXBNB15M-26OCT050030-30,0.0650,1.00,yes
2026-10-05T04:27:56.745476Z,KXBNB15M-26OCT050030-30,0.0640,2.00,yes
2026-10-05T04:27:57.681727Z,KXBNB15M-26OCT050030-30,0.0650,2.00,yes
2026-10-05T04:27:57.681727Z,KXBNB15M-26OCT050030-30,0.0660,1.00,yes
2026-10-05T04:27:57.681727Z,KXBNB15M-26OCT050030-30,0.0690,6.00,yes
2026-10-05T04:27:58.002245Z,KXBNB15M-26OCT050030-30,0.0500,6.00,no
2026-10-05T04:27:58.002245Z,KXBNB15M-26OCT050030-30,0.0500,1.00,no
2026-10-05T04:27:58.002245Z,KXBNB15M-26OCT050030-30,0.0500,3.00,no
2026-10-05T04:27:59.221443Z,KXBNB15M-26OCT050030-30,0.0430,1.00,no
2026-10-05T04:27:59.477801Z,KXBNB15M-26OCT050030-30,0.0500,40.00,yes
2026-10-05T04:28:01.078008Z,KXBNB15M-26OCT050030-30,0.0490,1.00,no
2026-10-05T04:28:01.357834Z,KXBNB15M-26OCT050030-30,0.0490,2.00,yes
2026-10-05T04:28:01.357834Z,KXBNB15M-26OCT050030-30,0.0490,18.00,yes
2026-10-05T04:28:02.161749Z,KXBNB15M-26OCT050030-30,0.0420,1.00,no
2026-10-05T04:28:02.161749Z,KXBNB15M-26OCT050030-30,0.0420,1.00,no
2026-10-05T04:28:02.324195Z,KXBNB15M-26OCT050030-30,0.0480,2.89,yes
2026-10-05T04:28:04.365396Z,KXBNB15M-26OCT050030-30,0.0400,1.00,no
2026-10-05T04:28:04.397854Z,KXBNB15M-26OCT050030-30,0.0330,14.00,no
2026-10-05T04:28:04.397854Z,KXBNB15M-26OCT050030-30,0.0400,1.00,no
2026-10-05T04:28:04.397854Z,KXBNB15M-26OCT050030-30,0.0340,22.00,no
2026-10-05T04:28:04.397854Z,KXBNB15M-26OCT050030-30,0.0310,1.00,no
2026-10-05T04:28:04.397854Z,KXBNB15M-26OCT050030-30,0.0300,20.00,no
2026-10-05T04:28:04.397854Z,KXBNB15M-26OCT050030-30,0.0300,12.00,no
2026-10-05T04:28:04.397854Z,KXBNB15M-26OCT050030-30,0.0300,12.00,no
2026-10-05T04:28:04.397854Z,KXBNB15M-26OCT050030-30,0.0300,6.66,no
2026-10-05T04:28:05.73994Z,KXBNB15M-26OCT050030-30,0.0400,10.00,yes
2026-10-05T04:28:05.73994Z,KXBNB15M-26OCT050030-30,0.0440,6.00,yes
2026-10-05T04:28:05.73994Z,KXBNB15M-26OCT050030-30,0.0330,2.00,yes
2026-10-05T04:28:05.73994Z,KXBNB15M-26OCT050030-30,0.0450,8.00,yes
2026-10-05T04:28:05.73994Z,KXBNB15M-26OCT050030-30,0.0320,2.00,yes
2026-10-05T04:28:05.73994Z,KXBNB15M-26OCT050030-30,0.0390,23.00,yes
2026-10-05T04:28:05.890963Z,KXBNB15M-26OCT050030-30,0.0270,2.00,yes
2026-10-05T04:28:05.890963Z,KXBNB15M-26OCT050030-30,0.0280,0.56,yes
2026-10-05T04:28:06.833791Z,KXBNB15M-26OCT050030-30,0.0230,14.00,no
2026-10-05T04:28:06.833791Z,KXBNB15M-26OCT050030-30,0.0250,2.00,no
2026-10-05T04:28:06.833791Z,KXBNB15M-26OCT050030-30,0.0220,2.00,no
2026-10-05T04:28:06.833791Z,KXBNB15M-26OCT050030-30,0.0210,2.00,no
2026-10-05T04:28:07.245675Z,KXBNB15M-26OCT050030-30,0.0210,3.58,no
2026-10-05T04:28:07.245675Z,KXBNB15M-26OCT050030-30,0.0210,2.00,no
2026-10-05T04:28:07.245675Z,KXBNB15M-26OCT050030-30,0.0210,7.00,no
2026-10-05T04:28:07.245675Z,KXBNB15M-26OCT050030-30,0.0210,5.00,no
2026-10-05T04:28:07.245675Z,KXBNB15M-26OCT050030-30,0.0210,12.00,no
2026-10-05T04:28:07.245675Z,KXBNB15M-26OCT050030-30,0.0210,1.00,no
2026-10-05T04:28:07.312894Z,KXBNB15M-26OCT050030-30,0.0200,1.00,no
2026-10-05T04:28:08.293273Z,KXBNB15M-26OCT050030-30,0.0270,0.63,yes
2026-10-05T04:28:12.063663Z,KXBNB15M-26OCT050030-30,0.0310,33.12,yes
2026-10-05T04:28:12.063663Z,KXBNB15M-26OCT050030-30,0.0490,20.00,yes
2026-10-05T04:28:12.063663Z,KXBNB15M-26OCT050030-30,0.0300,5.00,yes
2026-10-05T04:28:12.063663Z,KXBNB15M-26OCT050030-30,0.0430,1.00,yes
2026-10-05T04:28:12.063663Z,KXBNB15M-26OCT050030-30,0.0270,1.37,yes
2026-10-05T04:28:12.063663Z,KXBNB15M-26OCT050030-30,0.0500,60.03,yes
2026-10-05T04:28:12.063663Z,KXBNB15M-26OCT050030-30,0.0310,31.00,yes
2026-10-05T04:28:12.063663Z,KXBNB15M-26OCT050030-30,0.0290,43.00,yes
2026-10-05T04:28:12.063663Z,KXBNB15M-26OCT050030-30,0.0370,2.00,yes
2026-10-05T04:28:12.063663Z,KXBNB15M-26OCT050030-30,0.0380,2.00,yes
2026-10-05T04:28:12.850116Z,KXBNB15M-26OCT050030-30,0.0270,2.00,yes
2026-10-05T04:28:15.438097Z,KXBNB15M-26OCT050030-30,0.0310,2.00,yes
2026-10-05T04:28:15.438097Z,KXBNB15M-26OCT050030-30,0.0310,4.02,yes
2026-10-05T04:28:15.459022Z,KXBNB15M-26OCT050030-30,0.0390,2.00,yes
2026-10-05T04:28:15.459022Z,KXBNB15M-26OCT050030-30,0.0310,26.98,yes
2026-10-05T04:28:15.459022Z,KXBNB15M-26OCT050030-30,0.0400,2.00,yes
2026-10-05T04:28:15.459022Z,KXBNB15M-26OCT050030-30,0.0460,17.02,yes
2026-10-05T04:28:16.162663Z,KXBNB15M-26OCT050030-30,0.0270,48.00,no
2026-10-05T04:28:17.270592Z,KXBNB15M-26OCT050030-30,0.0230,0.80,yes
2026-10-05T04:28:17.270592Z,KXBNB15M-26OCT050030-30,0.0220,2.00,yes
2026-10-05T04:28:17.754296Z,KXBNB15M-26OCT050030-30,0.0200,1.00,no
2026-10-05T04:28:18.593732Z,KXBNB15M-26OCT050030-30,0.0200,13.00,no
2026-10-05T04:28:18.593732Z,KXBNB15M-26OCT050030-30,0.0200,3.47,no
2026-10-05T04:28:18.593732Z,KXBNB15M-26OCT050030-30,0.0200,9.00,no
2026-10-05T04:28:19.181979Z,KXBNB15M-26OCT050030-30,0.0200,32.92,no
2026-10-05T04:28:19.181979Z,KXBNB15M-26OCT050030-30,0.0200,20.00,no
2026-10-05T04:28:19.181979Z,KXBNB15M-26OCT050030-30,0.0200,2.53,no
2026-10-05T04:28:19.181979Z,KXBNB15M-26OCT050030-30,0.0200,10.00,no
2026-10-05T04:28:19.181979Z,KXBNB15M-26OCT050030-30,0.0200,1.00,no
2026-10-05T04:28:21.0768Z,KXBNB15M-26OCT050030-30,0.0200,2.04,no
2026-10-05T04:28:21.456588Z,KXBNB15M-26OCT050030-30,0.0200,10.00,no
2026-10-05T04:28:21.932311Z,KXBNB15M-26OCT050030-30,0.0200,5.04,no
2026-10-05T04:28:21.932311Z,KXBNB15M-26OCT050030-30,0.0200,0.95,no
2026-10-05T04:28:23.368562Z,KXBNB15M-26OCT050030-30,0.0180,10.00,no
2026-10-05T04:28:23.804123Z,KXBNB15M-26OCT050030-30,0.0180,5.00,no
2026-10-05T04:28:25.017333Z,KXBNB15M-26OCT050030-30,0.0160,13.00,no
2026-10-05T04:28:25.017333Z,KXBNB15M-26OCT050030-30,0.0170,20.00,no
2026-10-05T04:28:25.017333Z,KXBNB15M-26OCT050030-30,0.0180,5.00,no
2026-10-05T04:28:29.94497Z,KXBNB15M-26OCT050030-30,0.0150,1.00,no
2026-10-05T04:28:29.94497Z,KXBNB15M-26OCT050030-30,0.0150,20.00,no
2026-10-05T04:28:29.94497Z,KXBNB15M-26OCT050030-30,0.0140,9.00,no
2026-10-05T04:28:29.94497Z,KXBNB15M-26OCT050030-30,0.0150,6.00,no
2026-10-05T04:28:29.94497Z,KXBNB15M-26OCT050030-30,0.0150,14.00,no
2026-10-05T04:28:30.684684Z,KXBNB15M-26OCT050030-30,0.0130,20.00,no
2026-10-05T04:28:30.733748Z,KXBNB15M-26OCT050030-30,0.0120,20.94,no
2026-10-05T04:28:30.733748Z,KXBNB15M-26OCT050030-30,0.0120,20.00,no
2026-10-05T04:28:32.519611Z,KXBNB15M-26OCT050030-30,0.0120,2.00,yes
2026-10-05T04:28:32.519611Z,KXBNB15M-26OCT050030-30,0.0130,2.13,yes
2026-10-05T04:28:32.519611Z,KXBNB15M-26OCT050030-30,0.0120,2.00,yes
2026-10-05T04:28:33.628639Z,KXBNB15M-26OCT050030-30,0.0110,20.00,no
2026-10-05T04:28:33.628639Z,KXBNB15M-26OCT050030-30,0.0110,6.00,no
2026-10-05T04:28:33.628639Z,KXBNB15M-26OCT050030-30,0.0110,14.00,no
2026-10-05T04:28:33.796139Z,KXBNB15M-26OCT050030-30,0.0110,16.00,no
2026-10-05T04:28:33.796139Z,KXBNB15M-26OCT050030-30,0.0110,1.00,no
2026-10-05T04:28:33.796139Z,KXBNB15M-26OCT050030-30,0.0110,1.00,no
2026-10-05T04:28:33.796139Z,KXBNB15M-26OCT050030-30,0.0110,1.00,no
2026-10-05T04:28:35.955867Z,KXBNB15M-26OCT050030-30,0.0060,33.00,no
2026-10-05T04:28:35.955867Z,KXBNB15M-26OCT050030-30,0.0100,2.00,no
2026-10-05T04:28:35.955867Z,KXBNB15M-26OCT050030-30,0.0030,2.00,no
2026-10-05T04:28:35.955867Z,KXBNB15M-26OCT050030-30,0.0040,1.00,no
2026-10-05T04:28:35.955867Z,KXBNB15M-26OCT050030-30,0.0030,2.00,no
2026-10-05T04:28:35.955867Z,KXBNB15M-26OCT050030-30,0.0030,2.00,no
2026-10-05T04:28:35.955867Z,KXBNB15M-26OCT050030-30,0.0040,1.00,no
2026-10-05T04:28:35.955867Z,KXBNB15M-26OCT050030-30,0.0030,2.00,no
2026-10-05T04:28:35.955867Z,KXBNB15M-26OCT050030-30,0.0040,1.00,no
2026-10-05T04:28:35.955867Z,KXBNB15M-26OCT050030-30,0.0030,18.00,no
2026-10-05T04:28:35.955867Z,KXBNB15M-26OCT050030-30,0.0040,13.00,no
2026-10-05T04:28:35.955867Z,KXBNB15M-26OCT050030-30,0.0050,11.00,no
2026-10-05T04:28:35.955867Z,KXBNB15M-26OCT050030-30,0.0040,1.00,no
2026-10-05T04:28:35.955867Z,KXBNB15M-26OCT050030-30,0.0030,2.00,no
2026-10-05T04:28:35.955867Z,KXBNB15M-26OCT050030-30,0.0040,1.00,no
2026-10-05T04:28:35.955867Z,KXBNB15M-26OCT050030-30,0.0030,66.80,no
2026-10-05T04:28:35.955867Z,KXBNB15M-26OCT050030-30,0.0100,20.00,no
2026-10-05T04:28:35.955867Z,KXBNB15M-26OCT050030-30,0.0100,20.00,no
2026-10-05T04:28:35.955867Z,KXBNB15M-26OCT050030-30,0.0090,20.00,no
2026-10-05T04:28:35.955867Z,KXBNB15M-26OCT050030-30,0.0050,30.00,no
2026-10-05T04:28:35.955867Z,KXBNB15M-26OCT050030-30,0.0030,100.00,no
2026-10-05T04:28:35.955867Z,KXBNB15M-26OCT050030-30,0.0030,250.00,no
2026-10-05T04:28:35.955867Z,KXBNB15M-26OCT050030-30,0.0100,25.00,no
2026-10-05T04:28:35.955867Z,KXBNB15M-26OCT050030-30,0.0030,20.00,no
2026-10-05T04:28:35.955867Z,KXBNB15M-26OCT050030-30,0.0040,20.00,no
2026-10-05T04:28:35.955867Z,KXBNB15M-26OCT050030-30,0.0080,20.00,no
2026-10-05T04:28:35.955867Z,KXBNB15M-26OCT050030-30,0.0060,20.00,no
2026-10-05T04:28:35.955867Z,KXBNB15M-26OCT050030-30,0.0050,20.00,no
2026-10-05T04:28:35.955867Z,KXBNB15M-26OCT050030-30,0.0070,20.00,no
2026-10-05T04:28:35.955867Z,KXBNB15M-26OCT050030-30,0.0100,1.00,no
2026-10-05T04:28:35.955867Z,KXBNB15M-26OCT050030-30,0.0100,6.35,no
2026-10-05T04:28:39.099412Z,KXBNB15M-26OCT050030-30,0.0040,11.09,yes
2026-10-05T04:28:39.099412Z,KXBNB15M-26OCT050030-30,0.0040,2.00,yes
2026-10-05T04:28:39.582279Z,KXBNB15M-26OCT050030-30,0.0050,16.09,yes
2026-10-05T04:28:39.582279Z,KXBNB15M-26OCT050030-30,0.0040,8.91,yes
2026-10-05T04:28:41.44626Z,KXBNB15M-26OCT050030-30,0.0020,0.62,no
2026-10-05T04:28:41.539857Z,KXBNB15M-26OCT050030-30,0.0050,2.00,yes
2026-10-05T04:28:41.539857Z,KXBNB15M-26OCT050030-30,0.0040,2.00,yes
2026-10-05T04:28:41.539857Z,KXBNB15M-26OCT050030-30,0.0060,20.00,yes
2026-10-05T04:28:41.539857Z,KXBNB15M-26OCT050030-30,0.0070,4.04,yes
2026-10-05T04:28:41.539857Z,KXBNB15M-26OCT050030-30,0.0050,3.91,yes
2026-10-05T04:28:41.668157Z,KXBNB15M-26OCT050030-30,0.0020,88.00,no
2026-10-05T04:28:41.878236Z,KXBNB15M-26OCT050030-30,0.0070,8.07,yes
2026-10-05T04:28:42.604254Z,KXBNB15M-26OCT050030-30,0.0020,90.16,no
2026-10-05T04:28:43.488763Z,KXBNB15M-26OCT050030-30,0.0050,2.00,yes
2026-10-05T04:28:44.022992Z,KXBNB15M-26OCT050030-30,0.0050,6.02,no
2026-10-05T04:28:44.04106Z,KXBNB15M-26OCT050030-30,0.0050,64.40,no
2026-10-05T04:28:44.802987Z,KXBNB15M-26OCT050030-30,0.0060,25.00,yes
2026-10-05T04:28:44.802987Z,KXBNB15M-26OCT050030-30,0.0060,124.59,yes
2026-10-05T04:28:46.241984Z,KXBNB15M-26OCT050030-30,0.0060,19.14,yes
2026-10-05T04:28:47.836555Z,KXBNB15M-26OCT050030-30,0.0020,1.00,no
2026-10-05T04:28:51.041162Z,KXBNB15M-26OCT050030-30,0.0020,20.00,no
2026-10-05T04:28:51.896381Z,KXBNB15M-26OCT050030-30,0.0020,0.22,no
2026-10-05T04:28:51.896381Z,KXBNB15M-26OCT050030-30,0.0020,0.78,no
2026-10-05T04:28:52.094229Z,KXBNB15M-26OCT050030-30,0.0020,20.00,no
2026-10-05T04:28:52.094229Z,KXBNB15M-26OCT050030-30,0.0020,26.00,no
2026-10-05T04:28:52.094229Z,KXBNB15M-26OCT050030-30,0.0020,3.00,no
2026-10-05T04:28:52.094229Z,KXBNB15M-26OCT050030-30,0.0020,3.00,no
2026-10-05T04:28:52.094229Z,KXBNB15M-26OCT050030-30,0.0020,3.00,no
2026-10-05T04:28:52.094229Z,KXBNB15M-26OCT050030-30,0.0020,3.00,no
2026-10-05T04:28:52.094229Z,KXBNB15M-26OCT050030-30,0.0020,3.00,no
2026-10-05T04:28:52.094229Z,KXBNB15M-26OCT050030-30,0.0020,500.00,no
2026-10-05T04:28:52.094229Z,KXBNB15M-26OCT050030-30,0.0020,19.22,no
2026-10-05T04:28:55.084477Z,KXBNB15M-26OCT050030-30,0.0010,84.00,no
2026-10-05T04:28:55.438257Z,KXBNB15M-26OCT050030-30,0.0010,38.00,no
2026-10-05T04:28:55.438257Z,KXBNB15M-26OCT050030-30,0.0010,16.00,no
2026-10-05T04:28:57.475315Z,KXBNB15M-26OCT050030-30,0.0010,20.00,no
2026-10-05T04:28:57.489903Z,KXBNB15M-26OCT050030-30,0.0010,17.00,no
2026-10-05T04:28:57.489903Z,KXBNB15M-26OCT050030-30,0.0010,1.00,no
2026-10-05T04:28:57.489903Z,KXBNB15M-26OCT050030-30,0.0010,1.00,no
2026-10-05T04:28:57.489903Z,KXBNB15M-26OCT050030-30,0.0010,1.00,no
2026-10-05T04:28:57.514632Z,KXBNB15M-26OCT050030-30,0.0010,15.00,no
2026-10-05T04:28:57.514632Z,KXBNB15M-26OCT050030-30,0.0010,5.00,no
2026-10-05T04:28:57.950257Z,KXBNB15M-26OCT050030-30,0.0010,5.00,no
2026-10-05T04:28:57.950257Z,KXBNB15M-26OCT050030-30,0.0010,15.00,no
2026-10-05T04:28:58.040504Z,KXBNB15M-26OCT050030-30,0.0010,20.00,no
2026-10-05T04:28:58.147709Z,KXBNB15M-26OCT050030-30,0.0010,20.00,no
2026-10-05T04:28:58.233353Z,KXBNB15M-26OCT050030-30,0.0010,17.00,no
2026-10-05T04:28:59.4033Z,KXBNB15M-26OCT050030-30,0.0010,7.00,no
2026-10-05T04:28:59.4033Z,KXBNB15M-26OCT050030-30,0.0010,1.00,no
2026-10-05T04:29:05.560852Z,KXBNB15M-26OCT050030-30,0.0010,35.19,yes
2026-10-05T04:29:05.560852Z,KXBNB15M-26OCT050030-30,0.0010,2.00,yes
2026-10-05T04:29:22.039489Z,KXBNB15M-26OCT050030-30,0.0010,2.00,yes
2026-10-05T04:29:30.774018Z,KXBNB15M-26OCT050030-30,0.0010,897.30,yes
2026-10-05T04:27:47.451057Z,KXDOGE15M-26OCT050030-30,0.0610,2.00,no
2026-10-05T04:27:48.206695Z,KXDOGE15M-26OCT050030-30,0.0600,1.00,no
2026-10-05T04:27:49.027492Z,KXDOGE15M-26OCT050030-30,0.0470,1.00,no
2026-10-05T04:27:49.027492Z,KXDOGE15M-26OCT050030-30,0.0480,1.00,no
2026-10-05T04:27:49.027492Z,KXDOGE15M-26OCT050030-30,0.0470,24.00,no
2026-10-05T04:27:49.027492Z,KXDOGE15M-26OCT050030-30,0.0460,25.00,no
2026-10-05T04:27:50.106675Z,KXDOGE15M-26OCT050030-30,0.0340,10.00,no
2026-10-05T04:27:50.106675Z,KXDOGE15M-26OCT050030-30,0.0360,36.00,no
2026-10-05T04:27:50.106675Z,KXDOGE15M-26OCT050030-30,0.0370,25.00,no
2026-10-05T04:27:50.106675Z,KXDOGE15M-26OCT050030-30,0.0400,8.00,no
2026-10-05T04:27:50.106675Z,KXDOGE15M-26OCT050030-30,0.0380,5.00,no
2026-10-05T04:27:50.106675Z,KXDOGE15M-26OCT050030-30,0.0350,1.00,no
2026-10-05T04:27:50.106675Z,KXDOGE15M-26OCT050030-30,0.0360,1.00,no
2026-10-05T04:27:50.106675Z,KXDOGE15M-26OCT050030-30,0.0340,1.00,no
2026-10-05T04:27:50.379864Z,KXDOGE15M-26OCT050030-30,0.0330,11.00,no
2026-10-05T04:27:50.379864Z,KXDOGE15M-26OCT050030-30,0.0330,1.00,no
2026-10-05T04:27:50.612415Z,KXDOGE15M-26OCT050030-30,0.0400,1.21,yes
2026-10-05T04:27:50.612415Z,KXDOGE15M-26OCT050030-30,0.0380,2.00,yes
2026-10-05T04:27:50.863048Z,KXDOGE15M-26OCT050030-30,0.0400,9.00,yes
2026-10-05T04:27:51.786478Z,KXDOGE15M-26OCT050030-30,0.0370,4.92,yes
2026-10-05T04:27:51.786478Z,KXDOGE15M-26OCT050030-30,0.0370,2.00,yes
2026-10-05T04:27:52.446159Z,KXDOGE15M-26OCT050030-30,0.0480,6.00,yes
2026-10-05T04:27:52.446159Z,KXDOGE15M-26OCT050030-30,0.0450,27.00,yes
2026-10-05T04:27:52.446159Z,KXDOGE15M-26OCT050030-30,0.0460,10.00,yes
2026-10-05T04:27:52.446159Z,KXDOGE15M-26OCT050030-30,0.0430,3.00,yes
2026-10-05T04:27:52.446159Z,KXDOGE15M-26OCT050030-30,0.0440,3.00,yes
2026-10-05T04:27:52.446159Z,KXDOGE15M-26OCT050030-30,0.0410,2.00,yes
2026-10-05T04:27:52.446159Z,KXDOGE15M-26OCT050030-30,0.0500,205.82,yes
2026-10-05T04:27:52.446159Z,KXDOGE15M-26OCT050030-30,0.0500,24.00,yes
2026-10-05T04:27:52.446159Z,KXDOGE15M-26OCT050030-30,0.0370,10.00,yes
2026-10-05T04:27:52.446159Z,KXDOGE15M-26OCT050030-30,0.0360,2.00,yes
2026-10-05T04:27:52.446159Z,KXDOGE15M-26OCT050030-30,0.0370,3.00,yes
2026-10-05T04:27:52.446159Z,KXDOGE15M-26OCT050030-30,0.0490,23.00,yes
2026-10-05T04:27:54.652621Z,KXDOGE15M-26OCT050030-30,0.0380,0.49,yes
2026-10-05T04:27:54.652621Z,KXDOGE15M-26OCT050030-30,0.0360,2.00,yes
2026-10-05T04:27:54.730586Z,KXDOGE15M-26OCT050030-30,0.0320,14.00,no
2026-10-05T04:27:54.730586Z,KXDOGE15M-26OCT050030-30,0.0320,1.00,no
2026-10-05T04:27:56.208748Z,KXDOGE15M-26OCT050030-30,0.0340,3.00,yes
2026-10-05T04:27:56.208748Z,KXDOGE15M-26OCT050030-30,0.0350,10.00,yes
2026-10-05T04:27:56.208748Z,KXDOGE15M-26OCT050030-30,0.0360,10.00,yes
2026-10-05T04:27:56.208748Z,KXDOGE15M-26OCT050030-30,0.0340,2.00,yes
2026-10-05T04:27:56.208748Z,KXDOGE15M-26OCT050030-30,0.0370,1.22,yes
2026-10-05T04:27:56.596073Z,KXDOGE15M-26OCT050030-30,0.0310,7.25,no
2026-10-05T04:27:56.596073Z,KXDOGE15M-26OCT050030-30,0.0310,1.00,no
2026-10-05T04:27:56.596073Z,KXDOGE15M-26OCT050030-30,0.0310,1.00,no
2026-10-05T04:27:57.684844Z,KXDOGE15M-26OCT050030-30,0.0350,10.00,yes
2026-10-05T04:27:57.684844Z,KXDOGE15M-26OCT050030-30,0.0360,10.00,yes
2026-10-05T04:27:57.684844Z,KXDOGE15M-26OCT050030-30,0.0330,2.00,yes
2026-10-05T04:27:57.73602Z,KXDOGE15M-26OCT050030-30,0.0360,30.00,no
2026-10-05T04:27:58.041043Z,KXDOGE15M-26OCT050030-30,0.0360,6.00,no
2026-10-05T04:27:59.009551Z,KXDOGE15M-26OCT050030-30,0.0340,1.04,yes
2026-10-05T04:28:00.07078Z,KXDOGE15M-26OCT050030-30,0.0300,1.00,no
2026-10-05T04:28:00.07078Z,KXDOGE15M-26OCT050030-30,0.0300,5.00,no
2026-10-05T04:28:00.07078Z,KXDOGE15M-26OCT050030-30,0.0300,1.34,no
2026-10-05T04:28:00.07078Z,KXDOGE15M-26OCT050030-30,0.0300,6.66,no
2026-10-05T04:28:00.408558Z,KXDOGE15M-26OCT050030-30,0.0350,10.00,yes
2026-10-05T04:28:00.408558Z,KXDOGE15M-26OCT050030-30,0.0330,3.00,yes
2026-10-05T04:28:00.408558Z,KXDOGE15M-26OCT050030-30,0.0330,5.00,yes
2026-10-05T04:28:00.408558Z,KXDOGE15M-26OCT050030-30,0.0340,0.96,yes
2026-10-05T04:28:00.915785Z,KXDOGE15M-26OCT050030-30,0.0280,16.00,no
2026-10-05T04:28:00.915785Z,KXDOGE15M-26OCT050030-30,0.0300,10.00,no
2026-10-05T04:28:00.915785Z,KXDOGE15M-26OCT050030-30,0.0280,1.00,no
2026-10-05T04:28:00.915785Z,KXDOGE15M-26OCT050030-30,0.0270,1.00,no
2026-10-05T04:28:00.915785Z,KXDOGE15M-26OCT050030-30,0.0290,1.00,no
2026-10-05T04:28:00.915785Z,KXDOGE15M-26OCT050030-30,0.0260,0.34,no
2026-10-05T04:28:00.915785Z,KXDOGE15M-26OCT050030-30,0.0280,5.00,no
2026-10-05T04:28:00.915785Z,KXDOGE15M-26OCT050030-30,0.0290,5.00,no
2026-10-05T04:28:00.915785Z,KXDOGE15M-26OCT050030-30,0.0270,5.00,no
2026-10-05T04:28:00.915785Z,KXDOGE15M-26OCT050030-30,0.0260,5.00,no
2026-10-05T04:28:00.915785Z,KXDOGE15M-26OCT050030-30,0.0300,0.66,no
2026-10-05T04:28:01.381561Z,KXDOGE15M-26OCT050030-30,0.0270,5.00,yes
2026-10-05T04:28:02.459047Z,KXDOGE15M-26OCT050030-30,0.0270,30.00,no
2026-10-05T04:28:02.459047Z,KXDOGE15M-26OCT050030-30,0.0260,0.66,no
2026-10-05T04:28:02.918557Z,KXDOGE15M-26OCT050030-30,0.0240,19.00,no
2026-10-05T04:28:02.918557Z,KXDOGE15M-26OCT050030-30,0.0230,1.00,no
2026-10-05T04:28:02.918557Z,KXDOGE15M-26OCT050030-30,0.0250,1.00,no
2026-10-05T04:28:02.918557Z,KXDOGE15M-26OCT050030-30,0.0240,1.00,no
2026-10-05T04:28:02.918557Z,KXDOGE15M-26OCT050030-30,0.0230,5.00,no
2026-10-05T04:28:02.918557Z,KXDOGE15M-26OCT050030-30,0.0240,5.00,no
2026-10-05T04:28:02.918557Z,KXDOGE15M-26OCT050030-30,0.0250,5.00,no
2026-10-05T04:28:04.383639Z,KXDOGE15M-26OCT050030-30,0.0220,12.00,no
2026-10-05T04:28:04.383639Z,KXDOGE15M-26OCT050030-30,0.0220,1.00,no
2026-10-05T04:28:04.383639Z,KXDOGE15M-26OCT050030-30,0.0220,5.00,no
2026-10-05T04:28:04.383723Z,KXDOGE15M-26OCT050030-30,0.0210,7.00,no
2026-10-05T04:28:04.383723Z,KXDOGE15M-26OCT050030-30,0.0220,15.00,no
2026-10-05T04:28:04.383723Z,KXDOGE15M-26OCT050030-30,0.0210,1.00,no
2026-10-05T04:28:04.383723Z,KXDOGE15M-26OCT050030-30,0.0200,50.00,no
2026-10-05T04:28:04.383723Z,KXDOGE15M-26OCT050030-30,0.0210,1.00,no
2026-10-05T04:28:04.383723Z,KXDOGE15M-26OCT050030-30,0.0200,1.00,no
2026-10-05T04:28:04.383723Z,KXDOGE15M-26OCT050030-30,0.0210,5.00,no
2026-10-05T04:28:04.383723Z,KXDOGE15M-26OCT050030-30,0.0190,4.00,no
2026-10-05T04:28:04.383723Z,KXDOGE15M-26OCT050030-30,0.0200,5.00,no
2026-10-05T04:28:04.383723Z,KXDOGE15M-26OCT050030-30,0.0200,1.00,no
2026-10-05T04:28:04.383723Z,KXDOGE15M-26OCT050030-30,0.0200,10.00,no
2026-10-05T04:28:04.383766Z,KXDOGE15M-26OCT050030-30,0.0180,1.00,no
2026-10-05T04:28:04.383766Z,KXDOGE15M-26OCT050030-30,0.0180,5.00,no
2026-10-05T04:28:04.383766Z,KXDOGE15M-26OCT050030-30,0.0170,1.00,no
2026-10-05T04:28:04.383766Z,KXDOGE15M-26OCT050030-30,0.0190,1.00,no
2026-10-05T04:28:04.383766Z,KXDOGE15M-26OCT050030-30,0.0180,1.00,no
2026-10-05T04:28:04.383766Z,KXDOGE15M-26OCT050030-30,0.0170,4.00,no
2026-10-05T04:28:04.383766Z,KXDOGE15M-26OCT050030-30,0.0190,1.00,no
2026-10-05T04:28:05.448606Z,KXDOGE15M-26OCT050030-30,0.0200,36.00,yes
2026-10-05T04:28:05.448606Z,KXDOGE15M-26OCT050030-30,0.0200,4.00,yes
2026-10-05T04:28:05.448606Z,KXDOGE15M-26OCT050030-30,0.0200,5.00,yes
2026-10-05T04:28:05.448606Z,KXDOGE15M-26OCT050030-30,0.0200,1.00,yes
2026-10-05T04:28:05.448606Z,KXDOGE15M-26OCT050030-30,0.0200,4.00,yes
2026-10-05T04:28:05.580987Z,KXDOGE15M-26OCT050030-30,0.0170,26.00,no
2026-10-05T04:28:05.580987Z,KXDOGE15M-26OCT050030-30,0.0160,2.33,no
2026-10-05T04:28:05.580987Z,KXDOGE15M-26OCT050030-30,0.0170,1.00,no
2026-10-05T04:28:05.580987Z,KXDOGE15M-26OCT050030-30,0.0160,1.00,no
2026-10-05T04:28:05.682796Z,KXDOGE15M-26OCT050030-30,0.0200,1.00,yes
2026-10-05T04:28:07.294891Z,KXDOGE15M-26OCT050030-30,0.0200,2.33,yes
2026-10-05T04:28:07.384371Z,KXDOGE15M-26OCT050030-30,0.0160,17.33,no
2026-10-05T04:28:07.384371Z,KXDOGE15M-26OCT050030-30,0.0160,2.67,no
2026-10-05T04:28:07.930074Z,KXDOGE15M-26OCT050030-30,0.0200,2.00,yes
2026-10-05T04:28:07.936198Z,KXDOGE15M-26OCT050030-30,0.0200,0.67,yes
2026-10-05T04:28:08.221433Z,KXDOGE15M-26OCT050030-30,0.0200,1.00,no
2026-10-05T04:28:08.571376Z,KXDOGE15M-26OCT050030-30,0.0210,5.00,yes
2026-10-05T04:28:12.787857Z,KXDOGE15M-26OCT050030-30,0.0160,1.00,no
2026-10-05T04:28:14.718818Z,KXDOGE15M-26OCT050030-30,0.0210,3.00,yes
2026-10-05T04:28:14.718818Z,KXDOGE15M-26OCT050030-30,0.0210,22.67,yes
2026-10-05T04:28:14.952883Z,KXDOGE15M-26OCT050030-30,0.0200,0.01,no
2026-10-05T04:28:14.952883Z,KXDOGE15M-26OCT050030-30,0.0160,9.99,no
2026-10-05T04:28:16.165235Z,KXDOGE15M-26OCT050030-30,0.0150,1.00,no
2026-10-05T04:28:16.165235Z,KXDOGE15M-26OCT050030-30,0.0150,1.00,no
2026-10-05T04:28:16.165357Z,KXDOGE15M-26OCT050030-30,0.0150,21.00,no
2026-10-05T04:28:16.165357Z,KXDOGE15M-26OCT050030-30,0.0140,1.00,no
2026-10-05T04:28:16.165357Z,KXDOGE15M-26OCT050030-30,0.0150,4.00,no
2026-10-05T04:28:16.165357Z,KXDOGE15M-26OCT050030-30,0.0140,2.00,no
2026-10-05T04:28:16.201105Z,KXDOGE15M-26OCT050030-30,0.0140,4.00,no
2026-10-05T04:28:16.201105Z,KXDOGE15M-26OCT050030-30,0.0140,3.00,no
2026-10-05T04:28:16.81162Z,KXDOGE15M-26OCT050030-30,0.0130,17.00,no
2026-10-05T04:28:16.811992Z,KXDOGE15M-26OCT050030-30,0.0130,9.00,no
2026-10-05T04:28:16.908226Z,KXDOGE15M-26OCT050030-30,0.0130,1.01,no
2026-10-05T04:28:17.090251Z,KXDOGE15M-26OCT050030-30,0.0130,25.00,no
2026-10-05T04:28:17.159376Z,KXDOGE15M-26OCT050030-30,0.0150,3.00,yes
2026-10-05T04:28:17.159376Z,KXDOGE15M-26OCT050030-30,0.0140,3.00,yes
2026-10-05T04:28:17.159376Z,KXDOGE15M-26OCT050030-30,0.0150,3.00,yes
2026-10-05T04:28:17.159376Z,KXDOGE15M-26OCT050030-30,0.0150,3.00,yes
2026-10-05T04:28:17.159376Z,KXDOGE15M-26OCT050030-30,0.0150,2.00,yes
2026-10-05T04:28:17.261946Z,KXDOGE15M-26OCT050030-30,0.0150,14.00,yes
2026-10-05T04:28:17.679458Z,KXDOGE15M-26OCT050030-30,0.0160,3.00,yes
2026-10-05T04:28:17.679458Z,KXDOGE15M-26OCT050030-30,0.0150,1.00,yes
2026-10-05T04:28:17.679458Z,KXDOGE15M-26OCT050030-30,0.0160,1.00,yes
2026-10-05T04:28:17.679458Z,KXDOGE15M-26OCT050030-30,0.0160,4.00,yes
2026-10-05T04:28:17.679458Z,KXDOGE15M-26OCT050030-30,0.0160,1.00,yes
2026-10-05T04:28:17.686753Z,KXDOGE15M-26OCT050030-30,0.0160,1.00,yes
2026-10-05T04:28:20.395137Z,KXDOGE15M-26OCT050030-30,0.0140,1.00,no
2026-10-05T04:28:24.104065Z,KXDOGE15M-26OCT050030-30,0.0160,3.00,yes
2026-10-05T04:28:24.104065Z,KXDOGE15M-26OCT050030-30,0.0170,1.85,yes
2026-10-05T04:28:24.104065Z,KXDOGE15M-26OCT050030-30,0.0170,1.15,yes
2026-10-05T04:28:24.104065Z,KXDOGE15M-26OCT050030-30,0.0160,2.00,yes
2026-10-05T04:28:24.163018Z,KXDOGE15M-26OCT050030-30,0.0190,7.15,yes
2026-10-05T04:28:24.163018Z,KXDOGE15M-26OCT050030-30,0.0160,2.00,yes
2026-10-05T04:28:24.163018Z,KXDOGE15M-26OCT050030-30,0.0180,1.85,yes
2026-10-05T04:28:24.163075Z,KXDOGE15M-26OCT050030-30,0.0190,9.00,yes
2026-10-05T04:28:24.163075Z,KXDOGE15M-26OCT050030-30,0.0190,25.00,yes
2026-10-05T04:28:24.163075Z,KXDOGE15M-26OCT050030-30,0.0190,9.85,yes
2026-10-05T04:28:24.163075Z,KXDOGE15M-26OCT050030-30,0.0190,1.01,yes
2026-10-05T04:28:24.163075Z,KXDOGE15M-26OCT050030-30,0.0190,2.00,yes
2026-10-05T04:28:24.163075Z,KXDOGE15M-26OCT050030-30,0.0210,2.00,yes
2026-10-05T04:28:24.163075Z,KXDOGE15M-26OCT050030-30,0.0210,10.00,yes
2026-10-05T04:28:24.163075Z,KXDOGE15M-26OCT050030-30,0.0200,2.00,yes
2026-10-05T04:28:24.163075Z,KXDOGE15M-26OCT050030-30,0.0200,2.09,yes
2026-10-05T04:28:24.163075Z,KXDOGE15M-26OCT050030-30,0.0240,5.00,yes
2026-10-05T04:28:24.163075Z,KXDOGE15M-26OCT050030-30,0.0220,5.00,yes
2026-10-05T04:28:24.163075Z,KXDOGE15M-26OCT050030-30,0.0220,5.00,yes
2026-10-05T04:28:24.163075Z,KXDOGE15M-26OCT050030-30,0.0220,3.00,yes
2026-10-05T04:28:25.221414Z,KXDOGE15M-26OCT050030-30,0.0150,2.02,no
2026-10-05T04:28:29.014563Z,KXDOGE15M-26OCT050030-30,0.0130,38.00,no
2026-10-05T04:28:29.167498Z,KXDOGE15M-26OCT050030-30,0.0130,0.80,no
2026-10-05T04:28:29.66691Z,KXDOGE15M-26OCT050030-30,0.0130,32.00,no
2026-10-05T04:28:29.765444Z,KXDOGE15M-26OCT050030-30,0.0130,20.00,no
2026-10-05T04:28:29.941714Z,KXDOGE15M-26OCT050030-30,0.0130,1.00,no
2026-10-05T04:28:29.957659Z,KXDOGE15M-26OCT050030-30,0.0130,1.01,no
2026-10-05T04:28:29.957659Z,KXDOGE15M-26OCT050030-30,0.0130,9.00,no
2026-10-05T04:28:29.957659Z,KXDOGE15M-26OCT050030-30,0.0130,0.80,no
2026-10-05T04:28:29.957659Z,KXDOGE15M-26OCT050030-30,0.0130,7.15,no
2026-10-05T04:28:29.957659Z,KXDOGE15M-26OCT050030-30,0.0130,9.85,no
2026-10-05T04:28:29.957659Z,KXDOGE15M-26OCT050030-30,0.0130,5.00,no
2026-10-05T04:28:29.957659Z,KXDOGE15M-26OCT050030-30,0.0130,1.00,no
2026-10-05T04:28:29.957659Z,KXDOGE15M-26OCT050030-30,0.0130,16.19,no
2026-10-05T04:28:30.086511Z,KXDOGE15M-26OCT050030-30,0.0130,6.00,no
2026-10-05T04:28:30.201588Z,KXDOGE15M-26OCT050030-30,0.0130,1.00,no
2026-10-05T04:28:31.053746Z,KXDOGE15M-26OCT050030-30,0.0120,20.00,no
2026-10-05T04:28:31.053746Z,KXDOGE15M-26OCT050030-30,0.0130,17.20,no
2026-10-05T04:28:31.053746Z,KXDOGE15M-26OCT050030-30,0.0110,4.80,no
2026-10-05T04:28:31.053746Z,KXDOGE15M-26OCT050030-30,0.0120,5.00,no
2026-10-05T04:28:31.053746Z,KXDOGE15M-26OCT050030-30,0.0120,1.00,no
2026-10-05T04:28:31.053746Z,KXDOGE15M-26OCT050030-30,0.0110,1.00,no
2026-10-05T04:28:31.053746Z,KXDOGE15M-26OCT050030-30,0.0110,51.00,no
2026-10-05T04:28:31.813623Z,KXDOGE15M-26OCT050030-30,0.0110,4.80,no
2026-10-05T04:28:31.813623Z,KXDOGE15M-26OCT050030-30,0.0110,0.20,no
2026-10-05T04:28:31.914972Z,KXDOGE15M-26OCT050030-30,0.0120,0.52,yes
2026-10-05T04:28:31.914972Z,KXDOGE15M-26OCT050030-30,0.0120,1.00,yes
2026-10-05T04:28:32.591372Z,KXDOGE15M-26OCT050030-30,0.0110,1.00,no
2026-10-05T04:28:32.591372Z,KXDOGE15M-26OCT050030-30,0.0110,31.80,no
2026-10-05T04:28:32.591372Z,KXDOGE15M-26OCT050030-30,0.0110,2.00,no
2026-10-05T04:28:32.591372Z,KXDOGE15M-26OCT050030-30,0.0110,5.20,no
2026-10-05T04:28:33.192958Z,KXDOGE15M-26OCT050030-30,0.0130,25.22,yes
2026-10-05T04:28:33.192958Z,KXDOGE15M-26OCT050030-30,0.0130,5.00,yes
2026-10-05T04:28:33.192958Z,KXDOGE15M-26OCT050030-30,0.0120,0.20,yes
2026-10-05T04:28:33.192958Z,KXDOGE15M-26OCT050030-30,0.0120,4.28,yes
2026-10-05T04:28:33.192958Z,KXDOGE15M-26OCT050030-30,0.0120,1.00,yes
2026-10-05T04:28:33.931429Z,KXDOGE15M-26OCT050030-30,0.0110,6.00,no
2026-10-05T04:28:33.984547Z,KXDOGE15M-26OCT050030-30,0.0110,1.00,no
2026-10-05T04:28:33.99636Z,KXDOGE15M-26OCT050030-30,0.0110,22.22,no
2026-10-05T04:28:34.265358Z,KXDOGE15M-26OCT050030-30,0.0110,4.00,no
2026-10-05T04:28:34.343947Z,KXDOGE15M-26OCT050030-30,0.0110,3.00,no
2026-10-05T04:28:34.583913Z,KXDOGE15M-26OCT050030-30,0.0110,3.00,no
2026-10-05T04:28:34.691963Z,KXDOGE15M-26OCT050030-30,0.0110,1.00,no
2026-10-05T04:28:34.793145Z,KXDOGE15M-26OCT050030-30,0.0110,1.00,no
2026-10-05T04:28:34.798044Z,KXDOGE15M-26OCT050030-30,0.0110,3.00,no
2026-10-05T04:28:34.895551Z,KXDOGE15M-26OCT050030-30,0.0110,6.00,no
2026-10-05T04:28:34.930608Z,KXDOGE15M-26OCT050030-30,0.0110,6.00,no
2026-10-05T04:28:34.997886Z,KXDOGE15M-26OCT050030-30,0.0110,3.00,no
2026-10-05T04:28:35.16558Z,KXDOGE15M-26OCT050030-30,0.0110,2.00,no
2026-10-05T04:28:35.16558Z,KXDOGE15M-26OCT050030-30,0.0110,10.02,no
2026-10-05T04:28:35.16558Z,KXDOGE15M-26OCT050030-30,0.0110,8.98,no
2026-10-05T04:28:35.205322Z,KXDOGE15M-26OCT050030-30,0.0110,3.00,no
2026-10-05T04:28:35.377819Z,KXDOGE15M-26OCT050030-30,0.0110,1.00,no
2026-10-05T04:28:36.132308Z,KXDOGE15M-26OCT050030-30,0.0110,3.00,no
2026-10-05T04:28:36.233455Z,KXDOGE15M-26OCT050030-30,0.0110,1.00,no
2026-10-05T04:28:36.456494Z,KXDOGE15M-26OCT050030-30,0.0140,5.00,yes
2026-10-05T04:28:36.456494Z,KXDOGE15M-26OCT050030-30,0.0130,3.00,yes
2026-10-05T04:28:36.456494Z,KXDOGE15M-26OCT050030-30,0.0140,1.00,yes
2026-10-05T04:28:36.456494Z,KXDOGE15M-26OCT050030-30,0.0130,3.00,yes
2026-10-05T04:28:36.456494Z,KXDOGE15M-26OCT050030-30,0.0130,5.00,yes
2026-10-05T04:28:36.456494Z,KXDOGE15M-26OCT050030-30,0.0140,30.08,yes
2026-10-05T04:28:36.569828Z,KXDOGE15M-26OCT050030-30,0.0110,0.02,no
2026-10-05T04:28:36.569828Z,KXDOGE15M-26OCT050030-30,0.0110,1.00,no
2026-10-05T04:28:36.569828Z,KXDOGE15M-26OCT050030-30,0.0110,1.98,no
2026-10-05T04:28:36.569828Z,KXDOGE15M-26OCT050030-30,0.0110,1.00,no
2026-10-05T04:28:36.850893Z,KXDOGE15M-26OCT050030-30,0.0100,5.00,no
2026-10-05T04:28:37.478082Z,KXDOGE15M-26OCT050030-30,0.0100,1.00,no
2026-10-05T04:28:37.586389Z,KXDOGE15M-26OCT050030-30,0.0100,7.00,no
2026-10-05T04:28:37.729697Z,KXDOGE15M-26OCT050030-30,0.0100,3.00,no
2026-10-05T04:28:37.812816Z,KXDOGE15M-26OCT050030-30,0.0100,3.00,no
2026-10-05T04:28:37.893424Z,KXDOGE15M-26OCT050030-30,0.0100,1.00,no
2026-10-05T04:28:37.929523Z,KXDOGE15M-26OCT050030-30,0.0100,1.00,no
2026-10-05T04:28:38.049505Z,KXDOGE15M-26OCT050030-30,0.0100,3.00,no
2026-10-05T04:28:38.0521Z,KXDOGE15M-26OCT050030-30,0.0100,10.45,no
2026-10-05T04:28:38.152454Z,KXDOGE15M-26OCT050030-30,0.0100,4.00,no
2026-10-05T04:28:38.253776Z,KXDOGE15M-26OCT050030-30,0.0100,1.00,no
2026-10-05T04:28:38.292546Z,KXDOGE15M-26OCT050030-30,0.0100,8.00,no
2026-10-05T04:28:38.452504Z,KXDOGE15M-26OCT050030-30,0.0100,2.45,no
2026-10-05T04:28:38.452504Z,KXDOGE15M-26OCT050030-30,0.0100,52.55,no
2026-10-05T04:28:38.452504Z,KXDOGE15M-26OCT050030-30,0.0100,5.00,no
2026-10-05T04:28:38.463301Z,KXDOGE15M-26OCT050030-30,0.0100,2.00,no
2026-10-05T04:28:38.521843Z,KXDOGE15M-26OCT050030-30,0.0100,5.00,no
2026-10-05T04:28:38.56312Z,KXDOGE15M-26OCT050030-30,0.0100,1.00,no
2026-10-05T04:28:38.6822Z,KXDOGE15M-26OCT050030-30,0.0100,5.00,no
2026-10-05T04:28:38.930528Z,KXDOGE15M-26OCT050030-30,0.0100,7.00,no
2026-10-05T04:28:38.95262Z,KXDOGE15M-26OCT050030-30,0.0100,0.45,no
2026-10-05T04:28:38.95262Z,KXDOGE15M-26OCT050030-30,0.0100,2.55,no
2026-10-05T04:28:39.055441Z,KXDOGE15M-26OCT050030-30,0.0100,1.00,no
2026-10-05T04:28:39.160214Z,KXDOGE15M-26OCT050030-30,0.0100,6.00,no
2026-10-05T04:28:39.263952Z,KXDOGE15M-26OCT050030-30,0.0100,1.00,no
2026-10-05T04:28:39.288112Z,KXDOGE15M-26OCT050030-30,0.0100,2.00,no
2026-10-05T04:28:39.88439Z,KXDOGE15M-26OCT050030-30,0.0100,7.00,no
2026-10-05T04:28:39.917785Z,KXDOGE15M-26OCT050030-30,0.0100,2.00,no
2026-10-05T04:28:40.132066Z,KXDOGE15M-26OCT050030-30,0.0100,0.55,no
2026-10-05T04:28:40.132066Z,KXDOGE15M-26OCT050030-30,0.0100,1.45,no
2026-10-05T04:28:40.138099Z,KXDOGE15M-26OCT050030-30,0.0100,0.29,no
2026-10-05T04:28:41.060918Z,KXDOGE15M-26OCT050030-30,0.0090,5.00,no
2026-10-05T04:28:41.728089Z,KXDOGE15M-26OCT050030-30,0.0200,5.00,yes
2026-10-05T04:28:41.728089Z,KXDOGE15M-26OCT050030-30,0.0100,3.00,yes
2026-10-05T04:28:41.728089Z,KXDOGE15M-26OCT050030-30,0.0090,5.00,yes
2026-10-05T04:28:41.728089Z,KXDOGE15M-26OCT050030-30,0.0160,10.00,yes
2026-10-05T04:28:41.728089Z,KXDOGE15M-26OCT050030-30,0.0100,5.00,yes
2026-10-05T04:28:41.728089Z,KXDOGE15M-26OCT050030-30,0.0110,10.00,yes
2026-10-05T04:28:41.728089Z,KXDOGE15M-26OCT050030-30,0.0140,1.00,yes
2026-10-05T04:28:41.728089Z,KXDOGE15M-26OCT050030-30,0.0110,5.00,yes
2026-10-05T04:28:41.728089Z,KXDOGE15M-26OCT050030-30,0.0110,3.00,yes
2026-10-05T04:28:41.728089Z,KXDOGE15M-26OCT050030-30,0.0120,5.00,yes
2026-10-05T04:28:41.728089Z,KXDOGE15M-26OCT050030-30,0.0120,1.00,yes
2026-10-05T04:28:41.728089Z,KXDOGE15M-26OCT050030-30,0.0120,2.55,yes
2026-10-05T04:28:41.728089Z,KXDOGE15M-26OCT050030-30,0.0210,3.81,yes
2026-10-05T04:28:41.728089Z,KXDOGE15M-26OCT050030-30,0.0120,5.00,yes
2026-10-05T04:28:41.728089Z,KXDOGE15M-26OCT050030-30,0.0120,7.00,yes
2026-10-05T04:28:41.728089Z,KXDOGE15M-26OCT050030-30,0.0210,15.00,yes
2026-10-05T04:28:41.728089Z,KXDOGE15M-26OCT050030-30,0.0130,2.45,yes
2026-10-05T04:28:41.728089Z,KXDOGE15M-26OCT050030-30,0.0150,1.00,yes
2026-10-05T04:28:41.728089Z,KXDOGE15M-26OCT050030-30,0.0130,2.00,yes
2026-10-05T04:28:41.728089Z,KXDOGE15M-26OCT050030-30,0.0210,30.00,yes
2026-10-05T04:28:41.728089Z,KXDOGE15M-26OCT050030-30,0.0160,1.00,yes
2026-10-05T04:28:41.728089Z,KXDOGE15M-26OCT050030-30,0.0130,3.00,yes
2026-10-05T04:28:41.728089Z,KXDOGE15M-26OCT050030-30,0.0130,1.00,yes
2026-10-05T04:28:41.728089Z,KXDOGE15M-26OCT050030-30,0.0170,1.00,yes
2026-10-05T04:28:41.728089Z,KXDOGE15M-26OCT050030-30,0.0190,1.00,yes
2026-10-05T04:28:41.728089Z,KXDOGE15M-26OCT050030-30,0.0180,1.00,yes
2026-10-05T04:28:41.728089Z,KXDOGE15M-26OCT050030-30,0.0190,1.00,yes
2026-10-05T04:28:41.728089Z,KXDOGE15M-26OCT050030-30,0.0190,17.20,yes
2026-10-05T04:28:41.728089Z,KXDOGE15M-26OCT050030-30,0.0180,51.00,yes
2026-10-05T04:28:41.728089Z,KXDOGE15M-26OCT050030-30,0.0190,1.01,yes
2026-10-05T04:28:41.728089Z,KXDOGE15M-26OCT050030-30,0.0190,16.19,yes
2026-10-05T04:28:41.728089Z,KXDOGE15M-26OCT050030-30,0.0190,9.85,yes
2026-10-05T04:28:41.728089Z,KXDOGE15M-26OCT050030-30,0.0190,0.80,yes
2026-10-05T04:28:41.728089Z,KXDOGE15M-26OCT050030-30,0.0190,9.00,yes
2026-10-05T04:28:41.728089Z,KXDOGE15M-26OCT050030-30,0.0190,1.00,yes
2026-10-05T04:28:41.728089Z,KXDOGE15M-26OCT050030-30,0.0190,7.15,yes
2026-10-05T04:28:41.728089Z,KXDOGE15M-26OCT050030-30,0.0190,6.00,yes
2026-10-05T04:28:41.728089Z,KXDOGE15M-26OCT050030-30,0.0150,164.00,yes
2026-10-05T04:28:41.728089Z,KXDOGE15M-26OCT050030-30,0.0190,20.00,yes
2026-10-05T04:28:41.728089Z,KXDOGE15M-26OCT050030-30,0.0190,38.00,yes
2026-10-05T04:28:41.728089Z,KXDOGE15M-26OCT050030-30,0.0190,0.80,yes
2026-10-05T04:28:41.728089Z,KXDOGE15M-26OCT050030-30,0.0150,3.00,yes
2026-10-05T04:28:41.728089Z,KXDOGE15M-26OCT050030-30,0.0190,1.00,yes
2026-10-05T04:28:41.728089Z,KXDOGE15M-26OCT050030-30,0.0190,32.00,yes
2026-10-05T04:28:41.728089Z,KXDOGE15M-26OCT050030-30,0.0140,46.00,yes
2026-10-05T04:28:42.401308Z,KXDOGE15M-26OCT050030-30,0.0080,9.00,no
2026-10-05T04:28:42.401308Z,KXDOGE15M-26OCT050030-30,0.0080,5.00,no
2026-10-05T04:28:42.475975Z,KXDOGE15M-26OCT050030-30,0.0090,5.00,yes
2026-10-05T04:28:42.475975Z,KXDOGE15M-26OCT050030-30,0.0090,3.00,yes
2026-10-05T04:28:45.496949Z,KXDOGE15M-26OCT050030-30,0.0140,3.00,yes
2026-10-05T04:28:45.496949Z,KXDOGE15M-26OCT050030-30,0.0160,7.87,yes
2026-10-05T04:28:45.496949Z,KXDOGE15M-26OCT050030-30,0.0130,4.00,yes
2026-10-05T04:28:45.496949Z,KXDOGE15M-26OCT050030-30,0.0120,1.00,yes
2026-10-05T04:28:45.496949Z,KXDOGE15M-26OCT050030-30,0.0130,1.00,yes
2026-10-05T04:28:45.496949Z,KXDOGE15M-26OCT050030-30,0.0150,3.00,yes
2026-10-05T04:28:45.496949Z,KXDOGE15M-26OCT050030-30,0.0140,9.00,yes
2026-10-05T04:28:45.589047Z,KXDOGE15M-26OCT050030-30,0.0130,9.00,no
2026-10-05T04:28:47.598491Z,KXDOGE15M-26OCT050030-30,0.0130,1.00,no
2026-10-05T04:28:47.702243Z,KXDOGE15M-26OCT050030-30,0.0130,3.00,no
2026-10-05T04:28:47.811986Z,KXDOGE15M-26OCT050030-30,0.0130,21.00,no
2026-10-05T04:28:47.905593Z,KXDOGE15M-26OCT050030-30,0.0130,2.00,no
2026-10-05T04:28:48.060659Z,KXDOGE15M-26OCT050030-30,0.0130,4.98,no
2026-10-05T04:28:48.211719Z,KXDOGE15M-26OCT050030-30,0.0130,1.00,no
2026-10-05T04:28:48.220533Z,KXDOGE15M-26OCT050030-30,0.0130,2.00,no
2026-10-05T04:28:48.30651Z,KXDOGE15M-26OCT050030-30,0.0130,116.02,no
2026-10-05T04:28:50.063432Z,KXDOGE15M-26OCT050030-30,0.0070,32.00,no
2026-10-05T04:28:50.063432Z,KXDOGE15M-26OCT050030-30,0.0070,5.00,no
2026-10-05T04:28:51.402558Z,KXDOGE15M-26OCT050030-30,0.0060,5.00,no
2026-10-05T04:28:52.310539Z,KXDOGE15M-26OCT050030-30,0.0080,2.63,yes
2026-10-05T04:28:52.310539Z,KXDOGE15M-26OCT050030-30,0.0070,5.00,yes
2026-10-05T04:28:53.192653Z,KXDOGE15M-26OCT050030-30,0.0050,5.00,no
2026-10-05T04:28:53.192653Z,KXDOGE15M-26OCT050030-30,0.0050,35.12,no
2026-10-05T04:28:53.192653Z,KXDOGE15M-26OCT050030-30,0.0050,1.00,no
2026-10-05T04:28:53.213891Z,KXDOGE15M-26OCT050030-30,0.0050,12.00,no
2026-10-05T04:28:53.21929Z,KXDOGE15M-26OCT050030-30,0.0050,2.00,no
2026-10-05T04:28:53.507194Z,KXDOGE15M-26OCT050030-30,0.0050,64.00,no
2026-10-05T04:28:53.514125Z,KXDOGE15M-26OCT050030-30,0.0050,6.88,no
2026-10-05T04:28:53.514125Z,KXDOGE15M-26OCT050030-30,0.0050,11.00,no
2026-10-05T04:28:53.51683Z,KXDOGE15M-26OCT050030-30,0.0050,5.00,no
2026-10-05T04:28:53.930999Z,KXDOGE15M-26OCT050030-30,0.0040,5.00,no
2026-10-05T04:28:53.930999Z,KXDOGE15M-26OCT050030-30,0.0040,1.00,no
2026-10-05T04:28:53.937806Z,KXDOGE15M-26OCT050030-30,0.0040,2.00,no
2026-10-05T04:28:53.944179Z,KXDOGE15M-26OCT050030-30,0.0040,10.00,no
2026-10-05T04:28:53.944179Z,KXDOGE15M-26OCT050030-30,0.0040,1.00,no
2026-10-05T04:28:53.944179Z,KXDOGE15M-26OCT050030-30,0.0040,1.00,no
2026-10-05T04:28:53.944179Z,KXDOGE15M-26OCT050030-30,0.0040,1.00,no
2026-10-05T04:28:53.944179Z,KXDOGE15M-26OCT050030-30,0.0040,1.00,no
2026-10-05T04:28:53.944179Z,KXDOGE15M-26OCT050030-30,0.0040,1.00,no
2026-10-05T04:28:53.949685Z,KXDOGE15M-26OCT050030-30,0.0040,5.00,no
2026-10-05T04:28:55.328927Z,KXDOGE15M-26OCT050030-30,0.0040,19.00,yes
2026-10-05T04:28:55.328927Z,KXDOGE15M-26OCT050030-30,0.0040,14.00,yes
2026-10-05T04:28:55.328927Z,KXDOGE15M-26OCT050030-30,0.0050,9.35,yes
2026-10-05T04:28:55.410788Z,KXDOGE15M-26OCT050030-30,0.0030,5.00,no
2026-10-05T04:28:55.410788Z,KXDOGE15M-26OCT050030-30,0.0030,248.00,no
2026-10-05T04:28:55.821645Z,KXDOGE15M-26OCT050030-30,0.0030,1.00,no
2026-10-05T04:28:56.346882Z,KXDOGE15M-26OCT050030-30,0.0030,40.00,no
2026-10-05T04:28:56.346882Z,KXDOGE15M-26OCT050030-30,0.0030,10.00,no
2026-10-05T04:28:56.346882Z,KXDOGE15M-26OCT050030-30,0.0030,1.00,no
2026-10-05T04:28:56.346882Z,KXDOGE15M-26OCT050030-30,0.0020,108.00,no
2026-10-05T04:28:56.346882Z,KXDOGE15M-26OCT050030-30,0.0020,400.00,no
2026-10-05T04:28:56.346882Z,KXDOGE15M-26OCT050030-30,0.0030,18.00,no
2026-10-05T04:28:56.346882Z,KXDOGE15M-26OCT050030-30,0.0030,2.00,no
2026-10-05T04:28:56.346882Z,KXDOGE15M-26OCT050030-30,0.0030,2.00,no
2026-10-05T04:28:56.346882Z,KXDOGE15M-26OCT050030-30,0.0030,2.00,no
2026-10-05T04:28:56.346882Z,KXDOGE15M-26OCT050030-30,0.0030,2.00,no
2026-10-05T04:28:56.346882Z,KXDOGE15M-26OCT050030-30,0.0030,2.00,no
2026-10-05T04:28:57.223185Z,KXDOGE15M-26OCT050030-30,0.0030,25.00,no
2026-10-05T04:28:57.223185Z,KXDOGE15M-26OCT050030-30,0.0030,10.00,no
2026-10-05T04:28:57.223185Z,KXDOGE15M-26OCT050030-30,0.0020,17.00,no
2026-10-05T04:28:58.985682Z,KXDOGE15M-26OCT050030-30,0.0020,200.00,no
2026-10-05T04:29:00.07588Z,KXDOGE15M-26OCT050030-30,0.0020,36.00,no
2026-10-05T04:29:00.196537Z,KXDOGE15M-26OCT050030-30,0.0020,1.00,no
2026-10-05T04:29:01.024814Z,KXDOGE15M-26OCT050030-30,0.0020,585.00,no
2026-10-05T04:29:01.687138Z,KXDOGE15M-26OCT050030-30,0.0020,1.00,no
2026-10-05T04:29:02.346125Z,KXDOGE15M-26OCT050030-30,0.0020,67.65,no
2026-10-05T04:29:03.091522Z,KXDOGE15M-26OCT050030-30,0.0020,649.20,no
2026-10-05T04:29:03.833044Z,KXDOGE15M-26OCT050030-30,0.0030,3.00,yes
2026-10-05T04:29:03.833044Z,KXDOGE15M-26OCT050030-30,0.0030,92.82,yes
2026-10-05T04:29:03.833044Z,KXDOGE15M-26OCT050030-30,0.0030,14.00,yes
2026-10-05T04:29:03.833044Z,KXDOGE15M-26OCT050030-30,0.0030,0.08,yes
2026-10-05T04:29:03.833044Z,KXDOGE15M-26OCT050030-30,0.0030,12.00,yes
2026-10-05T04:29:03.915515Z,KXDOGE15M-26OCT050030-30,0.0020,0.96,no
2026-10-05T04:29:04.332347Z,KXDOGE15M-26OCT050030-30,0.0020,156.00,no
2026-10-05T04:29:05.505094Z,KXDOGE15M-26OCT050030-30,0.0020,14.00,no
2026-10-05T04:29:06.193921Z,KXDOGE15M-26OCT050030-30,0.0020,12.00,no
2026-10-05T04:29:06.212935Z,KXDOGE15M-26OCT050030-30,0.0020,40.00,no
2026-10-05T04:29:06.359594Z,KXDOGE15M-26OCT050030-30,0.0020,40.00,no
2026-10-05T04:29:06.367235Z,KXDOGE15M-26OCT050030-30,0.0020,34.00,no
2026-10-05T04:29:06.528011Z,KXDOGE15M-26OCT050030-30,0.0020,16.00,no
2026-10-05T04:29:06.551522Z,KXDOGE15M-26OCT050030-30,0.0030,43.04,yes
2026-10-05T04:29:07.057291Z,KXDOGE15M-26OCT050030-30,0.0020,0.60,no
2026-10-05T04:29:08.303528Z,KXDOGE15M-26OCT050030-30,0.0020,1.00,no
2026-10-05T04:29:08.303528Z,KXDOGE15M-26OCT050030-30,0.0020,6.00,no
2026-10-05T04:29:08.303528Z,KXDOGE15M-26OCT050030-30,0.0020,1.00,no
2026-10-05T04:29:08.303528Z,KXDOGE15M-26OCT050030-30,0.0020,3.00,no
2026-10-05T04:29:08.303528Z,KXDOGE15M-26OCT050030-30,0.0020,2.00,no
2026-10-05T04:29:08.303528Z,KXDOGE15M-26OCT050030-30,0.0020,5.00,no
2026-10-05T04:29:08.303528Z,KXDOGE15M-26OCT050030-30,0.0020,100.00,no
2026-10-05T04:29:08.303528Z,KXDOGE15M-26OCT050030-30,0.0020,21.59,no
2026-10-05T04:29:08.303528Z,KXDOGE15M-26OCT050030-30,0.0020,5.00,no
2026-10-05T04:29:08.303528Z,KXDOGE15M-26OCT050030-30,0.0020,26.00,no
2026-10-05T04:29:08.303528Z,KXDOGE15M-26OCT050030-30,0.0020,3.00,no
2026-10-05T04:29:08.303528Z,KXDOGE15M-26OCT050030-30,0.0020,3.00,no
2026-10-05T04:29:08.303528Z,KXDOGE15M-26OCT050030-30,0.0020,3.00,no
2026-10-05T04:29:08.303528Z,KXDOGE15M-26OCT050030-30,0.0020,3.00,no
2026-10-05T04:29:08.303528Z,KXDOGE15M-26OCT050030-30,0.0020,3.00,no
2026-10-05T04:29:09.571467Z,KXDOGE15M-26OCT050030-30,0.0010,64.00,no
2026-10-05T04:29:10.056385Z,KXDOGE15M-26OCT050030-30,0.0010,1.00,no
2026-10-05T04:29:10.105659Z,KXDOGE15M-26OCT050030-30,0.0010,1.00,no
2026-10-05T04:29:11.00023Z,KXDOGE15M-26OCT050030-30,0.0020,17.00,yes
2026-10-05T04:29:11.00023Z,KXDOGE15M-26OCT050030-30,0.0020,14.41,yes
2026-10-05T04:29:11.00023Z,KXDOGE15M-26OCT050030-30,0.0020,0.08,yes
2026-10-05T04:29:11.00023Z,KXDOGE15M-26OCT050030-30,0.0020,30.00,yes
2026-10-05T04:29:11.00023Z,KXDOGE15M-26OCT050030-30,0.0020,54.53,yes
2026-10-05T04:29:11.5064Z,KXDOGE15M-26OCT050030-30,0.0010,444.40,no
2026-10-05T04:29:13.762598Z,KXDOGE15M-26OCT050030-30,0.0010,28.04,no
2026-10-05T04:29:14.032476Z,KXDOGE15M-26OCT050030-30,0.0010,157.56,no
2026-10-05T04:29:14.032476Z,KXDOGE15M-26OCT050030-30,0.0010,417.44,no
2026-10-05T04:29:14.523101Z,KXDOGE15M-26OCT050030-30,0.0010,28.04,no
2026-10-05T04:29:14.586811Z,KXDOGE15M-26OCT050030-30,0.0010,28.88,no
2026-10-05T04:29:14.586811Z,KXDOGE15M-26OCT050030-30,0.0010,3.00,no
2026-10-05T04:29:14.586811Z,KXDOGE15M-26OCT050030-30,0.0010,5.00,no
2026-10-05T04:29:14.586811Z,KXDOGE15M-26OCT050030-30,0.0010,350.00,no
2026-10-05T04:29:14.586811Z,KXDOGE15M-26OCT050030-30,0.0010,54.52,no
2026-10-05T04:29:14.586811Z,KXDOGE15M-26OCT050030-30,0.0010,1.00,no
2026-10-05T04:29:14.586811Z,KXDOGE15M-26OCT050030-30,0.0010,1.00,no
2026-10-05T04:29:14.586811Z,KXDOGE15M-26OCT050030-30,0.0010,1.00,no
2026-10-05T04:29:14.587081Z,KXDOGE15M-26OCT050030-30,0.0010,54.12,no
2026-10-05T04:29:14.587081Z,KXDOGE15M-26OCT050030-30,0.0010,10.00,no
2026-10-05T04:29:14.587081Z,KXDOGE15M-26OCT050030-30,0.0010,6.00,no
2026-10-05T04:29:14.587081Z,KXDOGE15M-26OCT050030-30,0.0010,4.00,no
2026-10-05T04:29:14.587081Z,KXDOGE15M-26OCT050030-30,0.0010,1.00,no
2026-10-05T04:29:14.587081Z,KXDOGE15M-26OCT050030-30,0.0010,4.00,no
2026-10-05T04:29:15.053911Z,KXDOGE15M-26OCT050030-30,0.0010,18.37,yes
2026-10-05T04:29:15.053911Z,KXDOGE15M-26OCT050030-30,0.0010,14.92,yes
2026-10-05T04:29:16.194445Z,KXDOGE15M-26OCT050030-30,0.0010,94.76,yes
2026-10-05T04:29:16.423786Z,KXDOGE15M-26OCT050030-30,0.0010,45.32,yes
2026-10-05T04:29:16.423786Z,KXDOGE15M-26OCT050030-30,0.0010,44.43,yes
2026-10-05T04:29:30.29103Z,KXDOGE15M-26OCT050030-30,0.0010,128.58,yes
2026-10-05T04:29:30.29103Z,KXDOGE15M-26OCT050030-30,0.0010,71.00,yes
2026-10-05T04:29:30.29103Z,KXDOGE15M-26OCT050030-30,0.0010,3.00,yes
2026-10-05T04:29:30.29103Z,KXDOGE15M-26OCT050030-30,0.0010,44.15,yes
2026-10-05T04:29:38.822104Z,KXDOGE15M-26OCT050030-30,0.0010,915.99,yes
2026-10-05T04:29:40.460331Z,KXDOGE15M-26OCT050030-30,0.0010,712.01,yes
2026-10-05T04:29:40.460331Z,KXDOGE15M-26OCT050030-30,0.0010,3.00,yes
2026-10-05T04:29:40.460331Z,KXDOGE15M-26OCT050030-30,0.0010,40.00,yes
2026-10-05T04:29:40.460331Z,KXDOGE15M-26OCT050030-30,0.0010,40.00,yes
2026-10-05T04:29:40.460331Z,KXDOGE15M-26OCT050030-30,0.0010,40.00,yes
2026-10-05T04:29:40.460331Z,KXDOGE15M-26OCT050030-30,0.0010,40.00,yes
2026-10-05T04:29:40.460331Z,KXDOGE15M-26OCT050030-30,0.0010,3.00,yes
2026-10-05T04:29:40.460331Z,KXDOGE15M-26OCT050030-30,0.0010,37.98,yes
2026-10-05T04:29:46.059102Z,KXDOGE15M-26OCT050030-30,0.0010,3.38,yes
2026-10-05T04:29:47.698327Z,KXDOGE15M-26OCT050030-30,0.0010,229.01,yes
2026-10-05T04:29:48.86301Z,KXDOGE15M-26OCT050030-30,0.0010,1.52,yes
2026-10-05T04:28:05.596098Z,KXEURUSD15M-26OCT050030-30,0.0300,10.00,yes
2026-10-05T04:28:05.596098Z,KXEURUSD15M-26OCT050030-30,0.0300,21.21,yes
2026-10-05T04:28:53.571966Z,KXEURUSD15M-26OCT050030-30,0.0200,22.92,yes
2026-10-05T04:28:56.120715Z,KXEURUSD15M-26OCT050030-30,0.0100,1.62,no
2026-10-05T04:28:56.120715Z,KXEURUSD15M-26OCT050030-30,0.0100,1.00,no
2026-10-05T04:28:56.120715Z,KXEURUSD15M-26OCT050030-30,0.0100,1.00,no
2026-10-05T04:28:56.120715Z,KXEURUSD15M-26OCT050030-30,0.0100,46.38,no
2026-10-05T04:28:56.120715Z,KXEURUSD15M-26OCT050030-30,0.0100,10.00,no
2026-10-05T04:28:56.492927Z,KXEURUSD15M-26OCT050030-30,0.0100,33.62,no
2026-10-05T04:28:56.492927Z,KXEURUSD15M-26OCT050030-30,0.0100,0.38,no
2026-10-05T04:29:49.160492Z,KXEURUSD15M-26OCT050030-30,0.0200,10.00,yes
2026-10-05T04:29:49.160492Z,KXEURUSD15M-26OCT050030-30,0.0300,24.33,yes
2026-10-05T04:29:53.700146Z,KXEURUSD15M-26OCT050030-30,0.0300,7.85,yes
2026-10-05T04:28:03.147914Z,KXETH15M-26OCT050030-30,0.0410,126.85,no
2026-10-05T04:28:03.180584Z,KXETH15M-26OCT050030-30,0.0410,0.65,no
2026-10-05T04:28:03.215246Z,KXETH15M-26OCT050030-30,0.0410,0.72,no
2026-10-05T04:28:03.315543Z,KXETH15M-26OCT050030-30,0.0370,1.24,no
2026-10-05T04:28:03.315543Z,KXETH15M-26OCT050030-30,0.0410,109.94,no
2026-10-05T04:28:03.427798Z,KXETH15M-26OCT050030-30,0.0400,2.00,yes
2026-10-05T04:28:03.427798Z,KXETH15M-26OCT050030-30,0.0390,41.00,yes
2026-10-05T04:28:03.427798Z,KXETH15M-26OCT050030-30,0.0400,9.00,yes
2026-10-05T04:28:03.559007Z,KXETH15M-26OCT050030-30,0.0370,2.76,no
2026-10-05T04:28:03.559007Z,KXETH15M-26OCT050030-30,0.0350,4.00,no
2026-10-05T04:28:03.559007Z,KXETH15M-26OCT050030-30,0.0350,4.00,no
2026-10-05T04:28:03.559007Z,KXETH15M-26OCT050030-30,0.0370,4.00,no
2026-10-05T04:28:03.559007Z,KXETH15M-26OCT050030-30,0.0360,4.00,no
2026-10-05T04:28:03.559007Z,KXETH15M-26OCT050030-30,0.0360,4.00,no
2026-10-05T04:28:03.559007Z,KXETH15M-26OCT050030-30,0.0320,2.71,no
2026-10-05T04:28:03.576917Z,KXETH15M-26OCT050030-30,0.0400,9.84,yes
2026-10-05T04:28:03.609107Z,KXETH15M-26OCT050030-30,0.0380,3.26,yes
2026-10-05T04:28:03.755384Z,KXETH15M-26OCT050030-30,0.0310,4.00,no
2026-10-05T04:28:03.755384Z,KXETH15M-26OCT050030-30,0.0310,4.00,no
2026-10-05T04:28:03.755384Z,KXETH15M-26OCT050030-30,0.0330,4.00,no
2026-10-05T04:28:03.755384Z,KXETH15M-26OCT050030-30,0.0320,4.00,no
2026-10-05T04:28:03.755384Z,KXETH15M-26OCT050030-30,0.0330,4.00,no
2026-10-05T04:28:03.755384Z,KXETH15M-26OCT050030-30,0.0320,4.00,no
2026-10-05T04:28:03.755384Z,KXETH15M-26OCT050030-30,0.0210,36.00,no
2026-10-05T04:28:03.755384Z,KXETH15M-26OCT050030-30,0.0300,9.00,no
2026-10-05T04:28:03.755384Z,KXETH15M-26OCT050030-30,0.0230,5.00,no
2026-10-05T04:28:03.755384Z,KXETH15M-26OCT050030-30,0.0300,9.00,no
2026-10-05T04:28:03.755384Z,KXETH15M-26OCT050030-30,0.0230,10.00,no
2026-10-05T04:28:03.755384Z,KXETH15M-26OCT050030-30,0.0300,2.00,no
2026-10-05T04:28:03.755384Z,KXETH15M-26OCT050030-30,0.0300,19.00,no
2026-10-05T04:28:03.755384Z,KXETH15M-26OCT050030-30,0.0220,2.00,no
2026-10-05T04:28:03.755384Z,KXETH15M-26OCT050030-30,0.0250,9.00,no
2026-10-05T04:28:03.755384Z,KXETH15M-26OCT050030-30,0.0250,9.00,no
2026-10-05T04:28:03.755384Z,KXETH15M-26OCT050030-30,0.0220,88.00,no
2026-10-05T04:28:03.755384Z,KXETH15M-26OCT050030-30,0.0310,30.00,no
2026-10-05T04:28:03.755384Z,KXETH15M-26OCT050030-30,0.0220,50.00,no
2026-10-05T04:28:03.755384Z,KXETH15M-26OCT050030-30,0.0210,1.00,no
2026-10-05T04:28:03.755384Z,KXETH15M-26OCT050030-30,0.0200,40.00,no
2026-10-05T04:28:03.755384Z,KXETH15M-26OCT050030-30,0.0200,1.00,no
2026-10-05T04:28:03.755384Z,KXETH15M-26OCT050030-30,0.0200,20.00,no
2026-10-05T04:28:03.755384Z,KXETH15M-26OCT050030-30,0.0200,100.00,no
2026-10-05T04:28:03.755384Z,KXETH15M-26OCT050030-30,0.0210,18.74,no
2026-10-05T04:28:03.755384Z,KXETH15M-26OCT050030-30,0.0200,11.00,no
2026-10-05T04:28:03.755384Z,KXETH15M-26OCT050030-30,0.0200,1.00,no
2026-10-05T04:28:03.755384Z,KXETH15M-26OCT050030-30,0.0210,1.00,no
2026-10-05T04:28:03.755384Z,KXETH15M-26OCT050030-30,0.0210,1.00,no
2026-10-05T04:28:03.755384Z,KXETH15M-26OCT050030-30,0.0200,4.06,no
2026-10-05T04:28:03.791541Z,KXETH15M-26OCT050030-30,0.0320,2.00,no
2026-10-05T04:28:03.826392Z,KXETH15M-26OCT050030-30,0.0290,4.00,no
2026-10-05T04:28:03.826392Z,KXETH15M-26OCT050030-30,0.0290,39.00,no
2026-10-05T04:28:03.826392Z,KXETH15M-26OCT050030-30,0.0300,41.00,no
2026-10-05T04:28:03.826392Z,KXETH15M-26OCT050030-30,0.0290,4.00,no
2026-10-05T04:28:03.852674Z,KXETH15M-26OCT050030-30,0.0340,5.00,yes
2026-10-05T04:28:03.904492Z,KXETH15M-26OCT050030-30,0.0290,16.85,no
2026-10-05T04:28:03.904492Z,KXETH15M-26OCT050030-30,0.0290,2.00,no
2026-10-05T04:28:03.9229Z,KXETH15M-26OCT050030-30,0.0290,1.00,no
2026-10-05T04:28:04.217317Z,KXETH15M-26OCT050030-30,0.0330,7.00,yes
2026-10-05T04:28:04.217317Z,KXETH15M-26OCT050030-30,0.0340,41.00,yes
2026-10-05T04:28:04.217317Z,KXETH15M-26OCT050030-30,0.0320,100.00,yes
2026-10-05T04:28:04.217317Z,KXETH15M-26OCT050030-30,0.0320,13.74,yes
2026-10-05T04:28:04.217317Z,KXETH15M-26OCT050030-30,0.0340,13.00,yes
2026-10-05T04:28:04.217317Z,KXETH15M-26OCT050030-30,0.0350,3.03,yes
2026-10-05T04:28:04.354019Z,KXETH15M-26OCT050030-30,0.0290,26.00,no
2026-10-05T04:28:04.354019Z,KXETH15M-26OCT050030-30,0.0290,9.00,no
2026-10-05T04:28:04.354019Z,KXETH15M-26OCT050030-30,0.0280,61.90,no
2026-10-05T04:28:04.354019Z,KXETH15M-26OCT050030-30,0.0280,41.00,no
2026-10-05T04:28:04.354019Z,KXETH15M-26OCT050030-30,0.0290,21.15,no
2026-10-05T04:28:04.867237Z,KXETH15M-26OCT050030-30,0.0290,12.00,yes
2026-10-05T04:28:04.867237Z,KXETH15M-26OCT050030-30,0.0290,19.00,yes
2026-10-05T04:28:04.867237Z,KXETH15M-26OCT050030-30,0.0300,3.41,yes
2026-10-05T04:28:04.867237Z,KXETH15M-26OCT050030-30,0.0290,41.00,yes
2026-10-05T04:28:04.867237Z,KXETH15M-26OCT050030-30,0.0300,4.00,yes
2026-10-05T04:28:04.928057Z,KXETH15M-26OCT050030-30,0.0300,4.00,yes
2026-10-05T04:28:05.054715Z,KXETH15M-26OCT050030-30,0.0230,66.00,no
2026-10-05T04:28:05.054715Z,KXETH15M-26OCT050030-30,0.0230,10.00,no
2026-10-05T04:28:05.054715Z,KXETH15M-26OCT050030-30,0.0220,4.00,no
2026-10-05T04:28:05.054715Z,KXETH15M-26OCT050030-30,0.0210,20.00,no
2026-10-05T04:28:05.054715Z,KXETH15M-26OCT050030-30,0.0220,2.00,no
2026-10-05T04:28:05.054715Z,KXETH15M-26OCT050030-30,0.0220,41.00,no
2026-10-05T04:28:05.054715Z,KXETH15M-26OCT050030-30,0.0220,39.00,no
2026-10-05T04:28:05.054715Z,KXETH15M-26OCT050030-30,0.0220,4.00,no
2026-10-05T04:28:05.054715Z,KXETH15M-26OCT050030-30,0.0200,0.95,no
2026-10-05T04:28:05.054715Z,KXETH15M-26OCT050030-30,0.0200,50.00,no
2026-10-05T04:28:05.054715Z,KXETH15M-26OCT050030-30,0.0200,21.61,no
2026-10-05T04:28:05.054715Z,KXETH15M-26OCT050030-30,0.0200,50.00,no
2026-10-05T04:28:05.054715Z,KXETH15M-26OCT050030-30,0.0200,2.00,no
2026-10-05T04:28:05.054715Z,KXETH15M-26OCT050030-30,0.0200,10.00,no
2026-10-05T04:28:05.054715Z,KXETH15M-26OCT050030-30,0.0200,20.94,no
2026-10-05T04:28:05.238899Z,KXETH15M-26OCT050030-30,0.0200,3.76,no
2026-10-05T04:28:05.238899Z,KXETH15M-26OCT050030-30,0.0200,16.33,no
2026-10-05T04:28:05.349744Z,KXETH15M-26OCT050030-30,0.0230,25.74,yes
2026-10-05T04:28:05.394353Z,KXETH15M-26OCT050030-30,0.0240,31.28,yes
2026-10-05T04:28:05.394353Z,KXETH15M-26OCT050030-30,0.0230,15.26,yes
2026-10-05T04:28:05.460365Z,KXETH15M-26OCT050030-30,0.0230,35.00,yes
2026-10-05T04:28:05.603801Z,KXETH15M-26OCT050030-30,0.0240,9.72,yes
2026-10-05T04:28:05.603801Z,KXETH15M-26OCT050030-30,0.0240,8.28,yes
2026-10-05T04:28:05.807458Z,KXETH15M-26OCT050030-30,0.0240,10.18,yes
2026-10-05T04:28:05.901161Z,KXETH15M-26OCT050030-30,0.0210,7.13,no
2026-10-05T04:28:05.954938Z,KXETH15M-26OCT050030-30,0.0240,5.07,yes
2026-10-05T04:28:06.05171Z,KXETH15M-26OCT050030-30,0.0280,2.00,yes
2026-10-05T04:28:06.05171Z,KXETH15M-26OCT050030-30,0.0260,41.00,yes
2026-10-05T04:28:06.05171Z,KXETH15M-26OCT050030-30,0.0280,4.00,yes
2026-10-05T04:28:06.05171Z,KXETH15M-26OCT050030-30,0.0270,12.00,yes
2026-10-05T04:28:06.05171Z,KXETH15M-26OCT050030-30,0.0280,4.00,yes
2026-10-05T04:28:06.05171Z,KXETH15M-26OCT050030-30,0.0270,20.00,yes
2026-10-05T04:28:06.05171Z,KXETH15M-26OCT050030-30,0.0280,19.86,yes
2026-10-05T04:28:06.05171Z,KXETH15M-26OCT050030-30,0.0280,41.00,yes
2026-10-05T04:28:06.05171Z,KXETH15M-26OCT050030-30,0.0280,4.00,yes
2026-10-05T04:28:06.05171Z,KXETH15M-26OCT050030-30,0.0240,23.93,yes
2026-10-05T04:28:06.732578Z,KXETH15M-26OCT050030-30,0.0230,0.31,yes
2026-10-05T04:28:06.750573Z,KXETH15M-26OCT050030-30,0.0220,6.06,no
2026-10-05T04:28:06.750573Z,KXETH15M-26OCT050030-30,0.0220,2.00,no
2026-10-05T04:28:06.923859Z,KXETH15M-26OCT050030-30,0.0230,9.69,yes
2026-10-05T04:28:06.923859Z,KXETH15M-26OCT050030-30,0.0230,41.00,yes
2026-10-05T04:28:06.980696Z,KXETH15M-26OCT050030-30,0.0240,41.00,yes
2026-10-05T04:28:06.980696Z,KXETH15M-26OCT050030-30,0.0260,32.40,yes
2026-10-05T04:28:06.996433Z,KXETH15M-26OCT050030-30,0.0260,33.00,yes
2026-10-05T04:28:06.996433Z,KXETH15M-26OCT050030-30,0.0260,8.60,yes
2026-10-05T04:28:06.996433Z,KXETH15M-26OCT050030-30,0.0260,12.00,yes
2026-10-05T04:28:06.996433Z,KXETH15M-26OCT050030-30,0.0270,11.42,yes
2026-10-05T04:28:07.24431Z,KXETH15M-26OCT050030-30,0.0280,19.14,yes
2026-10-05T04:28:07.24431Z,KXETH15M-26OCT050030-30,0.0280,2.00,yes
2026-10-05T04:28:07.295513Z,KXETH15M-26OCT050030-30,0.0270,18.00,no
2026-10-05T04:28:07.295513Z,KXETH15M-26OCT050030-30,0.0290,41.00,no
2026-10-05T04:28:07.295513Z,KXETH15M-26OCT050030-30,0.0280,41.00,no
2026-10-05T04:28:07.417777Z,KXETH15M-26OCT050030-30,0.0370,1.02,no
2026-10-05T04:28:07.457626Z,KXETH15M-26OCT050030-30,0.0300,9.00,no
2026-10-05T04:28:07.457626Z,KXETH15M-26OCT050030-30,0.0350,4.00,no
2026-10-05T04:28:07.457626Z,KXETH15M-26OCT050030-30,0.0270,9.00,no
2026-10-05T04:28:07.457626Z,KXETH15M-26OCT050030-30,0.0250,9.00,no
2026-10-05T04:28:07.457626Z,KXETH15M-26OCT050030-30,0.0300,9.00,no
2026-10-05T04:28:07.457626Z,KXETH15M-26OCT050030-30,0.0250,11.63,no
2026-10-05T04:28:07.457626Z,KXETH15M-26OCT050030-30,0.0370,2.98,no
2026-10-05T04:28:07.457626Z,KXETH15M-26OCT050030-30,0.0260,41.00,no
2026-10-05T04:28:07.457626Z,KXETH15M-26OCT050030-30,0.0360,4.00,no
2026-10-05T04:28:07.57185Z,KXETH15M-26OCT050030-30,0.0500,6.91,yes
2026-10-05T04:28:07.57185Z,KXETH15M-26OCT050030-30,0.0400,92.00,yes
2026-10-05T04:28:07.57185Z,KXETH15M-26OCT050030-30,0.0410,5.00,yes
2026-10-05T04:28:07.57185Z,KXETH15M-26OCT050030-30,0.0450,9.00,yes
2026-10-05T04:28:07.57185Z,KXETH15M-26OCT050030-30,0.0450,9.00,yes
2026-10-05T04:28:07.57185Z,KXETH15M-26OCT050030-30,0.0560,44.57,yes
2026-10-05T04:28:07.57185Z,KXETH15M-26OCT050030-30,0.0400,9.00,yes
2026-10-05T04:28:07.57185Z,KXETH15M-26OCT050030-30,0.0550,12.00,yes
2026-10-05T04:28:07.797709Z,KXETH15M-26OCT050030-30,0.0390,1.57,yes
2026-10-05T04:28:07.873056Z,KXETH15M-26OCT050030-30,0.0520,5.00,yes
2026-10-05T04:28:07.873056Z,KXETH15M-26OCT050030-30,0.0520,10.00,yes
2026-10-05T04:28:07.880126Z,KXETH15M-26OCT050030-30,0.0570,1.00,yes
2026-10-05T04:28:07.880182Z,KXETH15M-26OCT050030-30,0.0570,0.01,yes
2026-10-05T04:28:08.045564Z,KXETH15M-26OCT050030-30,0.0440,2.99,no
2026-10-05T04:28:08.045564Z,KXETH15M-26OCT050030-30,0.0450,9.00,no
2026-10-05T04:28:08.047554Z,KXETH15M-26OCT050030-30,0.0600,1.00,yes
2026-10-05T04:28:08.074506Z,KXETH15M-26OCT050030-30,0.0640,1.00,yes
2026-10-05T04:28:08.426933Z,KXETH15M-26OCT050030-30,0.0640,1.00,yes
2026-10-05T04:28:08.426933Z,KXETH15M-26OCT050030-30,0.0650,45.75,yes
2026-10-05T04:28:08.426933Z,KXETH15M-26OCT050030-30,0.0650,11.00,yes
2026-10-05T04:28:08.427503Z,KXETH15M-26OCT050030-30,0.0600,2.00,no
2026-10-05T04:28:08.463507Z,KXETH15M-26OCT050030-30,0.0680,4.00,yes
2026-10-05T04:28:08.463507Z,KXETH15M-26OCT050030-30,0.0660,4.00,yes
2026-10-05T04:28:08.463507Z,KXETH15M-26OCT050030-30,0.0670,10.00,yes
2026-10-05T04:28:08.463507Z,KXETH15M-26OCT050030-30,0.0650,1.00,yes
2026-10-05T04:28:08.518786Z,KXETH15M-26OCT050030-30,0.0680,12.00,yes
2026-10-05T04:28:08.518786Z,KXETH15M-26OCT050030-30,0.0720,35.32,yes
2026-10-05T04:28:08.518786Z,KXETH15M-26OCT050030-30,0.0670,1.00,yes
2026-10-05T04:28:08.518786Z,KXETH15M-26OCT050030-30,0.0700,9.00,yes
2026-10-05T04:28:08.518786Z,KXETH15M-26OCT050030-30,0.0710,11.00,yes
2026-10-05T04:28:08.840068Z,KXETH15M-26OCT050030-30,0.0600,10.39,no
2026-10-05T04:28:08.84073Z,KXETH15M-26OCT050030-30,0.0580,50.00,no
2026-10-05T04:28:08.84073Z,KXETH15M-26OCT050030-30,0.0600,0.61,no
2026-10-05T04:28:08.84073Z,KXETH15M-26OCT050030-30,0.0510,15.00,no
2026-10-05T04:28:08.84073Z,KXETH15M-26OCT050030-30,0.0510,20.86,no
2026-10-05T04:28:08.84073Z,KXETH15M-26OCT050030-30,0.0560,4.00,no
2026-10-05T04:28:08.84073Z,KXETH15M-26OCT050030-30,0.0590,7.00,no
2026-10-05T04:28:08.84073Z,KXETH15M-26OCT050030-30,0.0550,9.00,no
2026-10-05T04:28:08.84073Z,KXETH15M-26OCT050030-30,0.0550,9.00,no
2026-10-05T04:28:08.948016Z,KXETH15M-26OCT050030-30,0.0410,331.86,no
2026-10-05T04:28:08.948016Z,KXETH15M-26OCT050030-30,0.0500,9.00,no
2026-10-05T04:28:08.948016Z,KXETH15M-26OCT050030-30,0.0560,4.00,no
2026-10-05T04:28:08.948016Z,KXETH15M-26OCT050030-30,0.0510,24.14,no
2026-10-05T04:28:08.948016Z,KXETH15M-26OCT050030-30,0.0540,4.00,no
2026-10-05T04:28:08.948016Z,KXETH15M-26OCT050030-30,0.0420,20.00,no
2026-10-05T04:28:08.948016Z,KXETH15M-26OCT050030-30,0.0570,41.00,no
2026-10-05T04:28:08.948016Z,KXETH15M-26OCT050030-30,0.0560,41.00,no
2026-10-05T04:28:08.948016Z,KXETH15M-26OCT050030-30,0.0500,9.00,no
2026-10-05T04:28:08.948016Z,KXETH15M-26OCT050030-30,0.0550,4.00,no
2026-10-05T04:28:08.948016Z,KXETH15M-26OCT050030-30,0.0550,9.00,no
2026-10-05T04:28:08.948016Z,KXETH15M-26OCT050030-30,0.0430,8.00,no
2026-10-05T04:28:09.020502Z,KXETH15M-26OCT050030-30,0.0560,5.95,no
2026-10-05T04:28:09.020502Z,KXETH15M-26OCT050030-30,0.0570,41.00,no
2026-10-05T04:28:09.161787Z,KXETH15M-26OCT050030-30,0.0620,23.80,yes
2026-10-05T04:28:09.161787Z,KXETH15M-26OCT050030-30,0.0600,4.00,yes
2026-10-05T04:28:09.161787Z,KXETH15M-26OCT050030-30,0.0610,31.00,yes
2026-10-05T04:28:09.161787Z,KXETH15M-26OCT050030-30,0.0590,1.00,yes
2026-10-05T04:28:09.211847Z,KXETH15M-26OCT050030-30,0.0620,12.24,yes
2026-10-05T04:28:09.211847Z,KXETH15M-26OCT050030-30,0.0610,1.00,yes
2026-10-05T04:28:09.281275Z,KXETH15M-26OCT050030-30,0.0620,4.96,yes
2026-10-05T04:28:09.281275Z,KXETH15M-26OCT050030-30,0.0600,4.00,yes
2026-10-05T04:28:09.281275Z,KXETH15M-26OCT050030-30,0.0580,4.00,yes
2026-10-05T04:28:09.281275Z,KXETH15M-26OCT050030-30,0.0620,28.99,yes
2026-10-05T04:28:09.281275Z,KXETH15M-26OCT050030-30,0.0620,20.00,yes
2026-10-05T04:28:09.281275Z,KXETH15M-26OCT050030-30,0.0590,4.00,yes
2026-10-05T04:28:09.324471Z,KXETH15M-26OCT050030-30,0.0550,21.79,no
2026-10-05T04:28:09.669785Z,KXETH15M-26OCT050030-30,0.0550,19.21,no
2026-10-05T04:28:09.690387Z,KXETH15M-26OCT050030-30,0.0540,31.48,no
2026-10-05T04:28:09.711526Z,KXETH15M-26OCT050030-30,0.0550,1.00,no
2026-10-05T04:28:09.711526Z,KXETH15M-26OCT050030-30,0.0510,41.00,no
2026-10-05T04:28:09.711526Z,KXETH15M-26OCT050030-30,0.0540,9.52,no
2026-10-05T04:28:09.711526Z,KXETH15M-26OCT050030-30,0.0540,32.00,no
2026-10-05T04:28:09.711526Z,KXETH15M-26OCT050030-30,0.0450,17.48,no
2026-10-05T04:28:09.729914Z,KXETH15M-26OCT050030-30,0.0560,199.29,yes
2026-10-05T04:28:09.775387Z,KXETH15M-26OCT050030-30,0.0470,1.04,no
2026-10-05T04:28:09.775387Z,KXETH15M-26OCT050030-30,0.0470,1.00,no
2026-10-05T04:28:09.847275Z,KXETH15M-26OCT050030-30,0.0360,4.00,no
2026-10-05T04:28:09.847275Z,KXETH15M-26OCT050030-30,0.0230,5.00,no
2026-10-05T04:28:09.847275Z,KXETH15M-26OCT050030-30,0.0400,9.00,no
2026-10-05T04:28:09.847275Z,KXETH15M-26OCT050030-30,0.0380,4.00,no
2026-10-05T04:28:09.847275Z,KXETH15M-26OCT050030-30,0.0440,1.00,no
2026-10-05T04:28:09.847275Z,KXETH15M-26OCT050030-30,0.0430,41.00,no
2026-10-05T04:28:09.847275Z,KXETH15M-26OCT050030-30,0.0370,4.00,no
2026-10-05T04:28:09.847275Z,KXETH15M-26OCT050030-30,0.0350,9.00,no
2026-10-05T04:28:09.847275Z,KXETH15M-26OCT050030-30,0.0250,8.87,no
2026-10-05T04:28:09.847275Z,KXETH15M-26OCT050030-30,0.0250,9.00,no
2026-10-05T04:28:09.847275Z,KXETH15M-26OCT050030-30,0.0410,66.00,no
2026-10-05T04:28:09.847275Z,KXETH15M-26OCT050030-30,0.0300,19.00,no
2026-10-05T04:28:10.120093Z,KXETH15M-26OCT050030-30,0.0390,1.02,no
2026-10-05T04:28:10.162639Z,KXETH15M-26OCT050030-30,0.0510,5.00,yes
2026-10-05T04:28:10.162639Z,KXETH15M-26OCT050030-30,0.0550,9.94,yes
2026-10-05T04:28:10.162639Z,KXETH15M-26OCT050030-30,0.0500,9.00,yes
2026-10-05T04:28:10.162639Z,KXETH15M-26OCT050030-30,0.0480,26.00,yes
2026-10-05T04:28:10.162639Z,KXETH15M-26OCT050030-30,0.0410,4.00,yes
2026-10-05T04:28:10.162639Z,KXETH15M-26OCT050030-30,0.0420,4.00,yes
2026-10-05T04:28:10.162639Z,KXETH15M-26OCT050030-30,0.0430,4.00,yes
2026-10-05T04:28:10.162639Z,KXETH15M-26OCT050030-30,0.0540,10.00,yes
2026-10-05T04:28:10.162639Z,KXETH15M-26OCT050030-30,0.0450,9.00,yes
2026-10-05T04:28:10.162639Z,KXETH15M-26OCT050030-30,0.0450,9.00,yes
2026-10-05T04:28:10.374867Z,KXETH15M-26OCT050030-30,0.0430,4.00,yes
2026-10-05T04:28:10.374867Z,KXETH15M-26OCT050030-30,0.0440,4.00,yes
2026-10-05T04:28:10.374867Z,KXETH15M-26OCT050030-30,0.0430,4.00,yes
2026-10-05T04:28:10.374867Z,KXETH15M-26OCT050030-30,0.0440,4.00,yes
2026-10-05T04:28:10.374867Z,KXETH15M-26OCT050030-30,0.0450,3.82,yes
2026-10-05T04:28:10.478423Z,KXETH15M-26OCT050030-30,0.0460,4.00,yes
2026-10-05T04:28:10.478423Z,KXETH15M-26OCT050030-30,0.0450,4.00,yes
2026-10-05T04:28:10.478423Z,KXETH15M-26OCT050030-30,0.0460,4.00,yes
2026-10-05T04:28:10.478423Z,KXETH15M-26OCT050030-30,0.0470,13.00,yes
2026-10-05T04:28:10.478423Z,KXETH15M-26OCT050030-30,0.0470,4.00,yes
2026-10-05T04:28:10.478423Z,KXETH15M-26OCT050030-30,0.0470,4.00,yes
2026-10-05T04:28:10.478423Z,KXETH15M-26OCT050030-30,0.0480,3.42,yes
2026-10-05T04:28:11.076111Z,KXETH15M-26OCT050030-30,0.0430,10.41,no
2026-10-05T04:28:11.152074Z,KXETH15M-26OCT050030-30,0.0430,5.18,no
2026-10-05T04:28:11.23983Z,KXETH15M-26OCT050030-30,0.0440,3.93,yes
2026-10-05T04:28:11.349383Z,KXETH15M-26OCT050030-30,0.0530,1.19,yes
2026-10-05T04:28:11.349383Z,KXETH15M-26OCT050030-30,0.0500,9.00,yes
2026-10-05T04:28:11.349383Z,KXETH15M-26OCT050030-30,0.0500,9.00,yes
2026-10-05T04:28:11.349383Z,KXETH15M-26OCT050030-30,0.0490,20.00,yes
2026-10-05T04:28:11.349383Z,KXETH15M-26OCT050030-30,0.0450,9.00,yes
2026-10-05T04:28:11.349383Z,KXETH15M-26OCT050030-30,0.0460,4.00,yes
2026-10-05T04:28:11.349383Z,KXETH15M-26OCT050030-30,0.0440,0.07,yes
2026-10-05T04:28:11.349383Z,KXETH15M-26OCT050030-30,0.0450,4.00,yes
2026-10-05T04:28:11.376373Z,KXETH15M-26OCT050030-30,0.0430,2.07,no
2026-10-05T04:28:12.197925Z,KXETH15M-26OCT050030-30,0.0420,5.00,no
2026-10-05T04:28:12.270229Z,KXETH15M-26OCT050030-30,0.0430,4.00,yes
2026-10-05T04:28:12.270229Z,KXETH15M-26OCT050030-30,0.0440,4.00,yes
2026-10-05T04:28:12.270229Z,KXETH15M-26OCT050030-30,0.0440,4.00,yes
2026-10-05T04:28:12.500225Z,KXETH15M-26OCT050030-30,0.0430,2.00,yes
2026-10-05T04:28:12.523241Z,KXETH15M-26OCT050030-30,0.0450,4.00,yes
2026-10-05T04:28:12.523241Z,KXETH15M-26OCT050030-30,0.0460,29.08,yes
2026-10-05T04:28:12.523241Z,KXETH15M-26OCT050030-30,0.0450,9.00,yes
2026-10-05T04:28:12.523241Z,KXETH15M-26OCT050030-30,0.0450,4.00,yes
2026-10-05T04:28:12.523241Z,KXETH15M-26OCT050030-30,0.0430,6.00,yes
2026-10-05T04:28:12.523241Z,KXETH15M-26OCT050030-30,0.0440,20.00,yes
2026-10-05T04:28:12.523241Z,KXETH15M-26OCT050030-30,0.0440,4.00,yes
2026-10-05T04:28:12.523241Z,KXETH15M-26OCT050030-30,0.0450,11.00,yes
2026-10-05T04:28:12.523241Z,KXETH15M-26OCT050030-30,0.0440,4.00,yes
2026-10-05T04:28:12.543909Z,KXETH15M-26OCT050030-30,0.0450,3.74,yes
2026-10-05T04:28:12.683926Z,KXETH15M-26OCT050030-30,0.0450,3.81,yes
2026-10-05T04:28:12.683926Z,KXETH15M-26OCT050030-30,0.0460,75.57,yes
2026-10-05T04:28:12.683926Z,KXETH15M-26OCT050030-30,0.0450,3.74,yes
2026-10-05T04:28:12.683926Z,KXETH15M-26OCT050030-30,0.0450,4.00,yes
2026-10-05T04:28:12.683926Z,KXETH15M-26OCT050030-30,0.0440,4.00,yes
2026-10-05T04:28:12.683926Z,KXETH15M-26OCT050030-30,0.0450,7.26,yes
2026-10-05T04:28:12.683926Z,KXETH15M-26OCT050030-30,0.0450,4.00,yes
2026-10-05T04:28:12.692344Z,KXETH15M-26OCT050030-30,0.0400,25.96,no
2026-10-05T04:28:12.932827Z,KXETH15M-26OCT050030-30,0.0400,0.02,no
2026-10-05T04:28:13.104706Z,KXETH15M-26OCT050030-30,0.0400,5.00,no
2026-10-05T04:28:13.213704Z,KXETH15M-26OCT050030-30,0.0450,11.00,yes
2026-10-05T04:28:13.213704Z,KXETH15M-26OCT050030-30,0.0430,6.00,yes
2026-10-05T04:28:13.213704Z,KXETH15M-26OCT050030-30,0.0430,17.00,yes
2026-10-05T04:28:13.213704Z,KXETH15M-26OCT050030-30,0.0440,1.00,yes
2026-10-05T04:28:13.213704Z,KXETH15M-26OCT050030-30,0.0450,9.00,yes
2026-10-05T04:28:13.213704Z,KXETH15M-26OCT050030-30,0.0460,47.55,yes
2026-10-05T04:28:13.213704Z,KXETH15M-26OCT050030-30,0.0440,2.06,yes
2026-10-05T04:28:13.213704Z,KXETH15M-26OCT050030-30,0.0450,5.00,yes
2026-10-05T04:28:13.382693Z,KXETH15M-26OCT050030-30,0.0440,41.00,yes
2026-10-05T04:28:13.382693Z,KXETH15M-26OCT050030-30,0.0450,41.00,yes
2026-10-05T04:28:13.382693Z,KXETH15M-26OCT050030-30,0.0450,5.00,yes
2026-10-05T04:28:13.382693Z,KXETH15M-26OCT050030-30,0.0450,4.45,yes
2026-10-05T04:28:13.382693Z,KXETH15M-26OCT050030-30,0.0440,11.00,yes
2026-10-05T04:28:13.790318Z,KXETH15M-26OCT050030-30,0.0390,5.18,no
2026-10-05T04:28:14.315724Z,KXETH15M-26OCT050030-30,0.0450,9.00,yes
2026-10-05T04:28:14.315724Z,KXETH15M-26OCT050030-30,0.0410,5.00,yes
2026-10-05T04:28:14.315724Z,KXETH15M-26OCT050030-30,0.0410,41.00,yes
2026-10-05T04:28:14.315724Z,KXETH15M-26OCT050030-30,0.0450,9.00,yes
2026-10-05T04:28:14.315724Z,KXETH15M-26OCT050030-30,0.0400,41.00,yes
2026-10-05T04:28:14.315724Z,KXETH15M-26OCT050030-30,0.0440,15.00,yes
2026-10-05T04:28:14.315724Z,KXETH15M-26OCT050030-30,0.0440,11.00,yes
2026-10-05T04:28:14.315724Z,KXETH15M-26OCT050030-30,0.0450,83.00,yes
2026-10-05T04:28:14.315724Z,KXETH15M-26OCT050030-30,0.0460,204.21,yes
2026-10-05T04:28:14.353764Z,KXETH15M-26OCT050030-30,0.0230,10.00,no
2026-10-05T04:28:14.353764Z,KXETH15M-26OCT050030-30,0.0390,4.00,no
2026-10-05T04:28:14.353764Z,KXETH15M-26OCT050030-30,0.0380,4.00,no
2026-10-05T04:28:14.353764Z,KXETH15M-26OCT050030-30,0.0390,4.00,no
2026-10-05T04:28:14.353764Z,KXETH15M-26OCT050030-30,0.0370,4.00,no
2026-10-05T04:28:14.353764Z,KXETH15M-26OCT050030-30,0.0380,4.00,no
2026-10-05T04:28:14.353764Z,KXETH15M-26OCT050030-30,0.0350,9.00,no
2026-10-05T04:28:14.353764Z,KXETH15M-26OCT050030-30,0.0380,20.00,no
2026-10-05T04:28:14.353764Z,KXETH15M-26OCT050030-30,0.0370,4.00,no
2026-10-05T04:28:14.353764Z,KXETH15M-26OCT050030-30,0.0220,29.65,no
2026-10-05T04:28:14.353764Z,KXETH15M-26OCT050030-30,0.0300,9.00,no
2026-10-05T04:28:14.353764Z,KXETH15M-26OCT050030-30,0.0310,71.00,no
2026-10-05T04:28:14.353764Z,KXETH15M-26OCT050030-30,0.0320,8.82,no
2026-10-05T04:28:14.42214Z,KXETH15M-26OCT050030-30,0.0400,1.50,yes
2026-10-05T04:28:14.483992Z,KXETH15M-26OCT050030-30,0.0360,4.00,no
2026-10-05T04:28:14.483992Z,KXETH15M-26OCT050030-30,0.0370,4.00,no
2026-10-05T04:28:14.483992Z,KXETH15M-26OCT050030-30,0.0350,17.65,no
2026-10-05T04:28:14.483992Z,KXETH15M-26OCT050030-30,0.0360,4.00,no
2026-10-05T04:28:14.63952Z,KXETH15M-26OCT050030-30,0.0350,0.79,no
2026-10-05T04:28:14.694204Z,KXETH15M-26OCT050030-30,0.0390,2.13,yes
2026-10-05T04:28:14.751382Z,KXETH15M-26OCT050030-30,0.0400,2.60,yes
2026-10-05T04:28:14.751382Z,KXETH15M-26OCT050030-30,0.0390,3.00,yes
2026-10-05T04:28:14.751382Z,KXETH15M-26OCT050030-30,0.0390,5.87,yes
2026-10-05T04:28:14.751382Z,KXETH15M-26OCT050030-30,0.0390,11.00,yes
2026-10-05T04:28:14.828497Z,KXETH15M-26OCT050030-30,0.0400,9.00,yes
2026-10-05T04:28:14.828497Z,KXETH15M-26OCT050030-30,0.0400,36.90,yes
2026-10-05T04:28:14.828497Z,KXETH15M-26OCT050030-30,0.0410,23.44,yes
2026-10-05T04:28:14.895676Z,KXETH15M-26OCT050030-30,0.0360,4.00,no
2026-10-05T04:28:14.895676Z,KXETH15M-26OCT050030-30,0.0350,1.07,no
2026-10-05T04:28:15.429555Z,KXETH15M-26OCT050030-30,0.0390,1.13,yes
2026-10-05T04:28:15.745298Z,KXETH15M-26OCT050030-30,0.0380,1.03,no
2026-10-05T04:28:15.797859Z,KXETH15M-26OCT050030-30,0.0350,1.68,no
2026-10-05T04:28:15.797859Z,KXETH15M-26OCT050030-30,0.0370,4.00,no
2026-10-05T04:28:15.797859Z,KXETH15M-26OCT050030-30,0.0370,4.00,no
2026-10-05T04:28:15.797859Z,KXETH15M-26OCT050030-30,0.0360,4.00,no
2026-10-05T04:28:15.797859Z,KXETH15M-26OCT050030-30,0.0360,4.00,no
2026-10-05T04:28:15.797859Z,KXETH15M-26OCT050030-30,0.0380,2.97,no
2026-10-05T04:28:16.002834Z,KXETH15M-26OCT050030-30,0.0310,8.00,no
2026-10-05T04:28:16.002834Z,KXETH15M-26OCT050030-30,0.0270,68.00,no
2026-10-05T04:28:16.002834Z,KXETH15M-26OCT050030-30,0.0270,4.00,no
2026-10-05T04:28:16.002834Z,KXETH15M-26OCT050030-30,0.0320,41.00,no
2026-10-05T04:28:16.002834Z,KXETH15M-26OCT050030-30,0.0230,20.00,no
2026-10-05T04:28:16.002834Z,KXETH15M-26OCT050030-30,0.0290,4.00,no
2026-10-05T04:28:16.002834Z,KXETH15M-26OCT050030-30,0.0320,10.00,no
2026-10-05T04:28:16.002834Z,KXETH15M-26OCT050030-30,0.0290,4.00,no
2026-10-05T04:28:16.002834Z,KXETH15M-26OCT050030-30,0.0300,4.00,no
2026-10-05T04:28:16.002834Z,KXETH15M-26OCT050030-30,0.0310,41.00,no
2026-10-05T04:28:16.002834Z,KXETH15M-26OCT050030-30,0.0300,9.00,no
2026-10-05T04:28:16.002834Z,KXETH15M-26OCT050030-30,0.0280,4.00,no
2026-10-05T04:28:16.002834Z,KXETH15M-26OCT050030-30,0.0300,9.00,no
2026-10-05T04:28:16.002834Z,KXETH15M-26OCT050030-30,0.0220,8.31,no
2026-10-05T04:28:16.038271Z,KXETH15M-26OCT050030-30,0.0310,8.31,no
2026-10-05T04:28:16.159581Z,KXETH15M-26OCT050030-30,0.0230,10.00,no
2026-10-05T04:28:16.159581Z,KXETH15M-26OCT050030-30,0.0220,4.00,no
2026-10-05T04:28:16.159581Z,KXETH15M-26OCT050030-30,0.0220,3.04,no
2026-10-05T04:28:16.159581Z,KXETH15M-26OCT050030-30,0.0220,1.96,no
2026-10-05T04:28:16.169481Z,KXETH15M-26OCT050030-30,0.0220,1.00,no
2026-10-05T04:28:16.176362Z,KXETH15M-26OCT050030-30,0.0220,4.00,no
2026-10-05T04:28:16.176362Z,KXETH15M-26OCT050030-30,0.0220,17.65,no
2026-10-05T04:28:16.176362Z,KXETH15M-26OCT050030-30,0.0220,4.00,no
2026-10-05T04:28:16.176362Z,KXETH15M-26OCT050030-30,0.0220,4.00,no
2026-10-05T04:28:16.176362Z,KXETH15M-26OCT050030-30,0.0220,5.85,no
2026-10-05T04:28:16.176362Z,KXETH15M-26OCT050030-30,0.0220,8.31,no
2026-10-05T04:28:16.176362Z,KXETH15M-26OCT050030-30,0.0220,19.86,no
2026-10-05T04:28:16.176362Z,KXETH15M-26OCT050030-30,0.0220,1.04,no
2026-10-05T04:28:16.176362Z,KXETH15M-26OCT050030-30,0.0220,19.14,no
2026-10-05T04:28:16.176362Z,KXETH15M-26OCT050030-30,0.0220,2.00,no
2026-10-05T04:28:16.176362Z,KXETH15M-26OCT050030-30,0.0220,50.00,no
2026-10-05T04:28:16.193976Z,KXETH15M-26OCT050030-30,0.0210,1.00,no
2026-10-05T04:28:16.343081Z,KXETH15M-26OCT050030-30,0.0230,19.57,yes
2026-10-05T04:28:16.345534Z,KXETH15M-26OCT050030-30,0.0200,5.04,no
2026-10-05T04:28:16.418622Z,KXETH15M-26OCT050030-30,0.0200,1.00,no
2026-10-05T04:28:16.64329Z,KXETH15M-26OCT050030-30,0.0210,5.00,yes
2026-10-05T04:28:16.792001Z,KXETH15M-26OCT050030-30,0.0210,3.00,yes
2026-10-05T04:28:16.819274Z,KXETH15M-26OCT050030-30,0.0200,420.00,no
2026-10-05T04:28:16.819274Z,KXETH15M-26OCT050030-30,0.0200,16.73,no
2026-10-05T04:28:16.819274Z,KXETH15M-26OCT050030-30,0.0200,2.25,no
2026-10-05T04:28:16.819274Z,KXETH15M-26OCT050030-30,0.0200,70.51,no
2026-10-05T04:28:16.893132Z,KXETH15M-26OCT050030-30,0.0210,1.00,yes
2026-10-05T04:28:17.088351Z,KXETH15M-26OCT050030-30,0.0210,1.00,yes
2026-10-05T04:28:17.164574Z,KXETH15M-26OCT050030-30,0.0210,31.00,yes
2026-10-05T04:28:17.164574Z,KXETH15M-26OCT050030-30,0.0210,4.00,yes
2026-10-05T04:28:17.164574Z,KXETH15M-26OCT050030-30,0.0220,19.80,yes
2026-10-05T04:28:17.164574Z,KXETH15M-26OCT050030-30,0.0210,4.00,yes
2026-10-05T04:28:17.196897Z,KXETH15M-26OCT050030-30,0.0220,10.00,yes
2026-10-05T04:28:17.856377Z,KXETH15M-26OCT050030-30,0.0210,41.00,yes
2026-10-05T04:28:17.856377Z,KXETH15M-26OCT050030-30,0.0220,74.65,yes
2026-10-05T04:28:17.856377Z,KXETH15M-26OCT050030-30,0.0220,11.20,yes
2026-10-05T04:28:18.290405Z,KXETH15M-26OCT050030-30,0.0210,29.76,yes
2026-10-05T04:28:18.670564Z,KXETH15M-26OCT050030-30,0.0210,0.30,yes
2026-10-05T04:28:18.737754Z,KXETH15M-26OCT050030-30,0.0220,124.35,yes
2026-10-05T04:28:18.737754Z,KXETH15M-26OCT050030-30,0.0230,4.00,yes
2026-10-05T04:28:18.737754Z,KXETH15M-26OCT050030-30,0.0240,3.54,yes
2026-10-05T04:28:18.737754Z,KXETH15M-26OCT050030-30,0.0210,30.00,yes
2026-10-05T04:28:18.737754Z,KXETH15M-26OCT050030-30,0.0220,4.00,yes
2026-10-05T04:28:18.737754Z,KXETH15M-26OCT050030-30,0.0220,30.00,yes
2026-10-05T04:28:18.737754Z,KXETH15M-26OCT050030-30,0.0210,10.94,yes
2026-10-05T04:28:18.86191Z,KXETH15M-26OCT050030-30,0.0220,27.00,yes
2026-10-05T04:28:18.86191Z,KXETH15M-26OCT050030-30,0.0230,1.78,yes
2026-10-05T04:28:19.097964Z,KXETH15M-26OCT050030-30,0.0200,117.65,no
2026-10-05T04:28:19.097964Z,KXETH15M-26OCT050030-30,0.0200,137.09,no
2026-10-05T04:28:19.151614Z,KXETH15M-26OCT050030-30,0.0200,10.16,no
2026-10-05T04:28:19.303654Z,KXETH15M-26OCT050030-30,0.0230,39.22,yes
2026-10-05T04:28:19.303654Z,KXETH15M-26OCT050030-30,0.0230,27.00,yes
2026-10-05T04:28:19.303654Z,KXETH15M-26OCT050030-30,0.0250,4.00,yes
2026-10-05T04:28:19.303654Z,KXETH15M-26OCT050030-30,0.0260,4.00,yes
2026-10-05T04:28:19.303654Z,KXETH15M-26OCT050030-30,0.0250,4.00,yes
2026-10-05T04:28:19.303654Z,KXETH15M-26OCT050030-30,0.0240,4.00,yes
2026-10-05T04:28:19.303654Z,KXETH15M-26OCT050030-30,0.0260,4.00,yes
2026-10-05T04:28:19.303654Z,KXETH15M-26OCT050030-30,0.0250,4.00,yes
2026-10-05T04:28:19.303654Z,KXETH15M-26OCT050030-30,0.0220,3.00,yes
2026-10-05T04:28:19.303654Z,KXETH15M-26OCT050030-30,0.0220,41.00,yes
2026-10-05T04:28:19.303654Z,KXETH15M-26OCT050030-30,0.0220,4.00,yes
2026-10-05T04:28:19.303654Z,KXETH15M-26OCT050030-30,0.0270,12.91,yes
2026-10-05T04:28:19.492488Z,KXETH15M-26OCT050030-30,0.0230,3.49,yes
2026-10-05T04:28:19.829211Z,KXETH15M-26OCT050030-30,0.0200,52.75,no
2026-10-05T04:28:19.829211Z,KXETH15M-26OCT050030-30,0.0210,36.00,no
2026-10-05T04:28:19.829211Z,KXETH15M-26OCT050030-30,0.0200,10.00,no
2026-10-05T04:28:19.829211Z,KXETH15M-26OCT050030-30,0.0190,3.14,no
2026-10-05T04:28:19.832222Z,KXETH15M-26OCT050030-30,0.0190,10.75,no
2026-10-05T04:28:20.247559Z,KXETH15M-26OCT050030-30,0.0190,9.16,no
2026-10-05T04:28:20.247559Z,KXETH15M-26OCT050030-30,0.0190,6.11,no
2026-10-05T04:28:20.3657Z,KXETH15M-26OCT050030-30,0.0200,9.00,yes
2026-10-05T04:28:20.3657Z,KXETH15M-26OCT050030-30,0.0200,41.00,yes
2026-10-05T04:28:20.50824Z,KXETH15M-26OCT050030-30,0.0200,41.00,yes
2026-10-05T04:28:20.50824Z,KXETH15M-26OCT050030-30,0.0200,0.16,yes
2026-10-05T04:28:20.50824Z,KXETH15M-26OCT050030-30,0.0210,5.19,yes
2026-10-05T04:28:20.565945Z,KXETH15M-26OCT050030-30,0.0190,7.29,no
2026-10-05T04:28:20.808898Z,KXETH15M-26OCT050030-30,0.0200,1.00,yes
2026-10-05T04:28:20.867769Z,KXETH15M-26OCT050030-30,0.0200,7.29,yes
2026-10-05T04:28:20.991945Z,KXETH15M-26OCT050030-30,0.0270,1.01,no
2026-10-05T04:28:21.156818Z,KXETH15M-26OCT050030-30,0.0280,1.96,yes
2026-10-05T04:28:21.156818Z,KXETH15M-26OCT050030-30,0.0280,3.04,yes
2026-10-05T04:28:21.156818Z,KXETH15M-26OCT050030-30,0.0280,4.00,yes
2026-10-05T04:28:21.283326Z,KXETH15M-26OCT050030-30,0.0280,1.00,yes
2026-10-05T04:28:21.283326Z,KXETH15M-26OCT050030-30,0.0280,0.04,yes
2026-10-05T04:28:21.542955Z,KXETH15M-26OCT050030-30,0.0280,9.14,yes
2026-10-05T04:28:21.542955Z,KXETH15M-26OCT050030-30,0.0280,1.00,yes
2026-10-05T04:28:21.542955Z,KXETH15M-26OCT050030-30,0.0280,19.86,yes
2026-10-05T04:28:21.840406Z,KXETH15M-26OCT050030-30,0.0280,4.00,yes
2026-10-05T04:28:21.840406Z,KXETH15M-26OCT050030-30,0.0280,4.00,yes
2026-10-05T04:28:21.840406Z,KXETH15M-26OCT050030-30,0.0280,2.00,yes
2026-10-05T04:28:21.840406Z,KXETH15M-26OCT050030-30,0.0280,4.00,yes
2026-10-05T04:28:21.840406Z,KXETH15M-26OCT050030-30,0.0280,9.43,yes
2026-10-05T04:28:21.840406Z,KXETH15M-26OCT050030-30,0.0280,10.00,yes
2026-10-05T04:28:22.238848Z,KXETH15M-26OCT050030-30,0.0280,15.00,yes
2026-10-05T04:28:22.238848Z,KXETH15M-26OCT050030-30,0.0290,41.00,yes
2026-10-05T04:28:22.238848Z,KXETH15M-26OCT050030-30,0.0280,41.00,yes
2026-10-05T04:28:22.238848Z,KXETH15M-26OCT050030-30,0.0370,4.04,yes
2026-10-05T04:28:22.238848Z,KXETH15M-26OCT050030-30,0.0380,1.73,yes
2026-10-05T04:28:22.238848Z,KXETH15M-26OCT050030-30,0.0330,1.01,yes
2026-10-05T04:28:22.238848Z,KXETH15M-26OCT050030-30,0.0350,4.04,yes
2026-10-05T04:28:22.238848Z,KXETH15M-26OCT050030-30,0.0280,8.22,yes
2026-10-05T04:28:22.238848Z,KXETH15M-26OCT050030-30,0.0350,9.00,yes
2026-10-05T04:28:22.238848Z,KXETH15M-26OCT050030-30,0.0280,8.31,yes
2026-10-05T04:28:22.238848Z,KXETH15M-26OCT050030-30,0.0300,50.00,yes
2026-10-05T04:28:22.44769Z,KXETH15M-26OCT050030-30,0.0290,4.00,no
2026-10-05T04:28:22.44769Z,KXETH15M-26OCT050030-30,0.0280,4.00,no
2026-10-05T04:28:22.44769Z,KXETH15M-26OCT050030-30,0.0290,4.00,no
2026-10-05T04:28:22.44769Z,KXETH15M-26OCT050030-30,0.0280,4.00,no
2026-10-05T04:28:22.44769Z,KXETH15M-26OCT050030-30,0.0270,57.32,no
2026-10-05T04:28:22.44769Z,KXETH15M-26OCT050030-30,0.0270,4.00,no
2026-10-05T04:28:22.44769Z,KXETH15M-26OCT050030-30,0.0270,2.99,no
2026-10-05T04:28:22.659737Z,KXETH15M-26OCT050030-30,0.0270,6.00,yes
2026-10-05T04:28:22.659737Z,KXETH15M-26OCT050030-30,0.0270,13.00,yes
2026-10-05T04:28:22.659737Z,KXETH15M-26OCT050030-30,0.0280,10.49,yes
2026-10-05T04:28:22.7693Z,KXETH15M-26OCT050030-30,0.0260,4.00,no
2026-10-05T04:28:22.7693Z,KXETH15M-26OCT050030-30,0.0250,4.00,no
2026-10-05T04:28:22.7693Z,KXETH15M-26OCT050030-30,0.0260,4.00,no
2026-10-05T04:28:22.7693Z,KXETH15M-26OCT050030-30,0.0250,4.00,no
2026-10-05T04:28:22.7693Z,KXETH15M-26OCT050030-30,0.0270,4.00,no
2026-10-05T04:28:22.7693Z,KXETH15M-26OCT050030-30,0.0250,0.43,no
2026-10-05T04:28:22.846875Z,KXETH15M-26OCT050030-30,0.0280,1.00,yes
2026-10-05T04:28:22.846875Z,KXETH15M-26OCT050030-30,0.0280,34.00,yes
2026-10-05T04:28:22.917483Z,KXETH15M-26OCT050030-30,0.0240,1.02,no
2026-10-05T04:28:23.28174Z,KXETH15M-26OCT050030-30,0.0280,11.95,yes
2026-10-05T04:28:23.28174Z,KXETH15M-26OCT050030-30,0.0280,7.00,yes
2026-10-05T04:28:23.284167Z,KXETH15M-26OCT050030-30,0.0200,9.00,no
2026-10-05T04:28:23.284167Z,KXETH15M-26OCT050030-30,0.0230,9.57,no
2026-10-05T04:28:23.284167Z,KXETH15M-26OCT050030-30,0.0220,20.00,no
2026-10-05T04:28:23.284167Z,KXETH15M-26OCT050030-30,0.0240,49.98,no
2026-10-05T04:28:23.284167Z,KXETH15M-26OCT050030-30,0.0220,8.22,no
2026-10-05T04:28:23.284167Z,KXETH15M-26OCT050030-30,0.0220,4.00,no
2026-10-05T04:28:23.284167Z,KXETH15M-26OCT050030-30,0.0210,1.01,no
2026-10-05T04:28:23.284167Z,KXETH15M-26OCT050030-30,0.0220,4.00,no
2026-10-05T04:28:23.284167Z,KXETH15M-26OCT050030-30,0.0220,9.43,no
2026-10-05T04:28:23.284167Z,KXETH15M-26OCT050030-30,0.0230,0.43,no
2026-10-05T04:28:23.284167Z,KXETH15M-26OCT050030-30,0.0200,9.00,no
2026-10-05T04:28:23.284167Z,KXETH15M-26OCT050030-30,0.0220,4.00,no
2026-10-05T04:28:23.284167Z,KXETH15M-26OCT050030-30,0.0210,4.00,no
2026-10-05T04:28:23.284167Z,KXETH15M-26OCT050030-30,0.0190,2.62,no
2026-10-05T04:28:23.284167Z,KXETH15M-26OCT050030-30,0.0220,4.00,no
2026-10-05T04:28:23.284167Z,KXETH15M-26OCT050030-30,0.0220,8.31,no
2026-10-05T04:28:23.284167Z,KXETH15M-26OCT050030-30,0.0210,4.00,no
2026-10-05T04:28:23.284167Z,KXETH15M-26OCT050030-30,0.0220,1.00,no
2026-10-05T04:28:23.284167Z,KXETH15M-26OCT050030-30,0.0220,2.00,no
2026-10-05T04:28:23.284167Z,KXETH15M-26OCT050030-30,0.0220,0.04,no
2026-10-05T04:28:23.284167Z,KXETH15M-26OCT050030-30,0.0220,9.14,no
2026-10-05T04:28:23.284167Z,KXETH15M-26OCT050030-30,0.0220,1.00,no
2026-10-05T04:28:23.284167Z,KXETH15M-26OCT050030-30,0.0220,19.86,no
2026-10-05T04:28:23.284167Z,KXETH15M-26OCT050030-30,0.0220,10.00,no
2026-10-05T04:28:23.284167Z,KXETH15M-26OCT050030-30,0.0220,4.00,no
2026-10-05T04:28:23.284167Z,KXETH15M-26OCT050030-30,0.0220,1.96,no
2026-10-05T04:28:23.284167Z,KXETH15M-26OCT050030-30,0.0220,3.04,no
2026-10-05T04:28:23.284167Z,KXETH15M-26OCT050030-30,0.0220,4.00,no
2026-10-05T04:28:23.284167Z,KXETH15M-26OCT050030-30,0.0200,4.00,no
2026-10-05T04:28:23.284167Z,KXETH15M-26OCT050030-30,0.0200,4.00,no
2026-10-05T04:28:23.284167Z,KXETH15M-26OCT050030-30,0.0190,1.00,no
2026-10-05T04:28:23.284167Z,KXETH15M-26OCT050030-30,0.0190,83.55,no
2026-10-05T04:28:23.432687Z,KXETH15M-26OCT050030-30,0.0230,2.04,no
2026-10-05T04:28:23.607206Z,KXETH15M-26OCT050030-30,0.0250,23.03,yes
2026-10-05T04:28:23.626705Z,KXETH15M-26OCT050030-30,0.0230,10.00,no
2026-10-05T04:28:23.719789Z,KXETH15M-26OCT050030-30,0.0280,1.05,yes
2026-10-05T04:28:23.719789Z,KXETH15M-26OCT050030-30,0.0270,12.00,yes
2026-10-05T04:28:23.719789Z,KXETH15M-26OCT050030-30,0.0250,60.52,yes
2026-10-05T04:28:23.719789Z,KXETH15M-26OCT050030-30,0.0280,14.43,yes
2026-10-05T04:28:23.719789Z,KXETH15M-26OCT050030-30,0.0270,20.00,yes
2026-10-05T04:28:23.719789Z,KXETH15M-26OCT050030-30,0.0260,18.00,yes
2026-10-05T04:28:23.891797Z,KXETH15M-26OCT050030-30,0.0260,4.00,yes
2026-10-05T04:28:23.891797Z,KXETH15M-26OCT050030-30,0.0260,1.18,yes
2026-10-05T04:28:24.016346Z,KXETH15M-26OCT050030-30,0.0260,0.35,yes
2026-10-05T04:28:24.061062Z,KXETH15M-26OCT050030-30,0.0230,10.00,no
2026-10-05T04:28:24.061062Z,KXETH15M-26OCT050030-30,0.0230,33.00,no
2026-10-05T04:28:24.061062Z,KXETH15M-26OCT050030-30,0.0220,8.07,no
2026-10-05T04:28:24.0764Z,KXETH15M-26OCT050030-30,0.0220,1.25,no
2026-10-05T04:28:24.116209Z,KXETH15M-26OCT050030-30,0.0220,10.00,no
2026-10-05T04:28:24.116209Z,KXETH15M-26OCT050030-30,0.0200,9.00,no
2026-10-05T04:28:24.116209Z,KXETH15M-26OCT050030-30,0.0210,41.00,no
2026-10-05T04:28:24.116209Z,KXETH15M-26OCT050030-30,0.0220,31.68,no
2026-10-05T04:28:24.116209Z,KXETH15M-26OCT050030-30,0.0190,20.00,no
2026-10-05T04:28:24.116209Z,KXETH15M-26OCT050030-30,0.0200,9.00,no
2026-10-05T04:28:24.116209Z,KXETH15M-26OCT050030-30,0.0200,0.01,no
2026-10-05T04:28:24.116209Z,KXETH15M-26OCT050030-30,0.0190,4.36,no
2026-10-05T04:28:24.145264Z,KXETH15M-26OCT050030-30,0.0260,2.00,yes
2026-10-05T04:28:24.183585Z,KXETH15M-26OCT050030-30,0.0260,1.00,yes
2026-10-05T04:28:24.183585Z,KXETH15M-26OCT050030-30,0.0270,5.23,yes
2026-10-05T04:28:24.246085Z,KXETH15M-26OCT050030-30,0.0260,20.00,yes
2026-10-05T04:28:24.246085Z,KXETH15M-26OCT050030-30,0.0270,4.18,yes
2026-10-05T04:28:24.246085Z,KXETH15M-26OCT050030-30,0.0270,4.00,yes
2026-10-05T04:28:24.246085Z,KXETH15M-26OCT050030-30,0.0270,14.77,yes
2026-10-05T04:28:24.246085Z,KXETH15M-26OCT050030-30,0.0270,4.00,yes
2026-10-05T04:28:24.339866Z,KXETH15M-26OCT050030-30,0.0580,25.27,yes
2026-10-05T04:28:24.339866Z,KXETH15M-26OCT050030-30,0.0380,6.00,yes
2026-10-05T04:28:24.339866Z,KXETH15M-26OCT050030-30,0.0460,500.00,yes
2026-10-05T04:28:24.339866Z,KXETH15M-26OCT050030-30,0.0330,34.00,yes
2026-10-05T04:28:24.339866Z,KXETH15M-26OCT050030-30,0.0350,9.00,yes
2026-10-05T04:28:24.339866Z,KXETH15M-26OCT050030-30,0.0550,8.00,yes
2026-10-05T04:28:24.339866Z,KXETH15M-26OCT050030-30,0.0400,100.00,yes
2026-10-05T04:28:24.339866Z,KXETH15M-26OCT050030-30,0.0300,9.00,yes
2026-10-05T04:28:24.339866Z,KXETH15M-26OCT050030-30,0.0300,9.00,yes
2026-10-05T04:28:24.339866Z,KXETH15M-26OCT050030-30,0.0270,26.00,yes
2026-10-05T04:28:24.339866Z,KXETH15M-26OCT050030-30,0.0270,4.18,yes
2026-10-05T04:28:24.339866Z,KXETH15M-26OCT050030-30,0.0270,2.00,yes
2026-10-05T04:28:24.339866Z,KXETH15M-26OCT050030-30,0.0270,20.00,yes
2026-10-05T04:28:24.339866Z,KXETH15M-26OCT050030-30,0.0280,1.96,yes
2026-10-05T04:28:24.339866Z,KXETH15M-26OCT050030-30,0.0280,8.31,yes
2026-10-05T04:28:24.339866Z,KXETH15M-26OCT050030-30,0.0290,4.00,yes
2026-10-05T04:28:24.339866Z,KXETH15M-26OCT050030-30,0.0360,500.00,yes
2026-10-05T04:28:24.339866Z,KXETH15M-26OCT050030-30,0.0280,2.00,yes
2026-10-05T04:28:24.339866Z,KXETH15M-26OCT050030-30,0.0280,4.00,yes
2026-10-05T04:28:24.339866Z,KXETH15M-26OCT050030-30,0.0280,4.00,yes
2026-10-05T04:28:24.339866Z,KXETH15M-26OCT050030-30,0.0280,4.57,yes
2026-10-05T04:28:24.339866Z,KXETH15M-26OCT050030-30,0.0280,3.04,yes
2026-10-05T04:28:24.339866Z,KXETH15M-26OCT050030-30,0.0550,19.00,yes
2026-10-05T04:28:24.339866Z,KXETH15M-26OCT050030-30,0.0280,19.86,yes
2026-10-05T04:28:24.339866Z,KXETH15M-26OCT050030-30,0.0280,1.00,yes
2026-10-05T04:28:24.339866Z,KXETH15M-26OCT050030-30,0.0280,4.00,yes
2026-10-05T04:28:24.339866Z,KXETH15M-26OCT050030-30,0.0280,0.04,yes
2026-10-05T04:28:24.339866Z,KXETH15M-26OCT050030-30,0.0280,1.00,yes
2026-10-05T04:28:24.339866Z,KXETH15M-26OCT050030-30,0.0280,8.22,yes
2026-10-05T04:28:24.339866Z,KXETH15M-26OCT050030-30,0.0270,5.82,yes
2026-10-05T04:28:24.339866Z,KXETH15M-26OCT050030-30,0.0280,9.43,yes
2026-10-05T04:28:24.339866Z,KXETH15M-26OCT050030-30,0.0280,10.00,yes
2026-10-05T04:28:24.339866Z,KXETH15M-26OCT050030-30,0.0280,4.00,yes
2026-10-05T04:28:24.339866Z,KXETH15M-26OCT050030-30,0.0290,4.00,yes
2026-10-05T04:28:24.339866Z,KXETH15M-26OCT050030-30,0.0280,4.00,yes
2026-10-05T04:28:24.339866Z,KXETH15M-26OCT050030-30,0.0280,16.00,yes
2026-10-05T04:28:24.339866Z,KXETH15M-26OCT050030-30,0.0280,4.00,yes
2026-10-05T04:28:24.339866Z,KXETH15M-26OCT050030-30,0.0500,1.00,yes
2026-10-05T04:28:24.339866Z,KXETH15M-26OCT050030-30,0.0280,9.14,yes
2026-10-05T04:28:24.339866Z,KXETH15M-26OCT050030-30,0.0560,300.71,yes
2026-10-05T04:28:24.339866Z,KXETH15M-26OCT050030-30,0.0500,9.00,yes
2026-10-05T04:28:24.446792Z,KXETH15M-26OCT050030-30,0.0290,1.00,yes
2026-10-05T04:28:24.548048Z,KXETH15M-26OCT050030-30,0.0300,9.07,yes
2026-10-05T04:28:24.548048Z,KXETH15M-26OCT050030-30,0.0300,4.00,yes
2026-10-05T04:28:24.548048Z,KXETH15M-26OCT050030-30,0.0300,4.00,yes
2026-10-05T04:28:24.548048Z,KXETH15M-26OCT050030-30,0.0290,20.00,yes
2026-10-05T04:28:24.548048Z,KXETH15M-26OCT050030-30,0.0290,3.00,yes
2026-10-05T04:28:24.733728Z,KXETH15M-26OCT050030-30,0.0270,7.39,yes
2026-10-05T04:28:24.733728Z,KXETH15M-26OCT050030-30,0.0270,3.00,yes
2026-10-05T04:28:24.903795Z,KXETH15M-26OCT050030-30,0.0240,6.39,no
2026-10-05T04:28:24.973379Z,KXETH15M-26OCT050030-30,0.0260,0.21,yes
2026-10-05T04:28:25.411074Z,KXETH15M-26OCT050030-30,0.0220,2.31,no
2026-10-05T04:28:25.411074Z,KXETH15M-26OCT050030-30,0.0220,41.00,no
2026-10-05T04:28:25.411074Z,KXETH15M-26OCT050030-30,0.0220,3.04,no
2026-10-05T04:28:25.901161Z,KXETH15M-26OCT050030-30,0.0260,3.00,yes
2026-10-05T04:28:25.944596Z,KXETH15M-26OCT050030-30,0.0250,2.52,yes
2026-10-05T04:28:26.012381Z,KXETH15M-26OCT050030-30,0.0250,0.72,yes
2026-10-05T04:28:26.037061Z,KXETH15M-26OCT050030-30,0.0260,16.79,yes
2026-10-05T04:28:26.037061Z,KXETH15M-26OCT050030-30,0.0380,500.00,yes
2026-10-05T04:28:26.037061Z,KXETH15M-26OCT050030-30,0.0370,12.00,yes
2026-10-05T04:28:26.037061Z,KXETH15M-26OCT050030-30,0.0350,9.00,yes
2026-10-05T04:28:26.037061Z,KXETH15M-26OCT050030-30,0.0500,1.00,yes
2026-10-05T04:28:26.037061Z,KXETH15M-26OCT050030-30,0.0540,24.76,yes
2026-10-05T04:28:26.037061Z,KXETH15M-26OCT050030-30,0.0480,19.00,yes
2026-10-05T04:28:26.037061Z,KXETH15M-26OCT050030-30,0.0280,29.00,yes
2026-10-05T04:28:26.037061Z,KXETH15M-26OCT050030-30,0.0350,9.00,yes
2026-10-05T04:28:26.037061Z,KXETH15M-26OCT050030-30,0.0300,9.00,yes
2026-10-05T04:28:26.037061Z,KXETH15M-26OCT050030-30,0.0360,5.56,yes
2026-10-05T04:28:26.037061Z,KXETH15M-26OCT050030-30,0.0300,9.00,yes
2026-10-05T04:28:26.037061Z,KXETH15M-26OCT050030-30,0.0270,4.00,yes
2026-10-05T04:28:26.037061Z,KXETH15M-26OCT050030-30,0.0250,8.00,yes
2026-10-05T04:28:26.037061Z,KXETH15M-26OCT050030-30,0.0500,30.00,yes
2026-10-05T04:28:26.037061Z,KXETH15M-26OCT050030-30,0.0290,4.00,yes
2026-10-05T04:28:26.037061Z,KXETH15M-26OCT050030-30,0.0290,4.00,yes
2026-10-05T04:28:26.037061Z,KXETH15M-26OCT050030-30,0.0280,4.00,yes
2026-10-05T04:28:26.037061Z,KXETH15M-26OCT050030-30,0.0280,4.00,yes
2026-10-05T04:28:26.037061Z,KXETH15M-26OCT050030-30,0.0270,4.00,yes
2026-10-05T04:28:26.037061Z,KXETH15M-26OCT050030-30,0.0420,50.00,yes
2026-10-05T04:28:26.037061Z,KXETH15M-26OCT050030-30,0.0280,2.31,yes
2026-10-05T04:28:26.037061Z,KXETH15M-26OCT050030-30,0.0250,3.00,yes
2026-10-05T04:28:26.037061Z,KXETH15M-26OCT050030-30,0.0280,3.04,yes
2026-10-05T04:28:26.037061Z,KXETH15M-26OCT050030-30,0.0400,30.00,yes
2026-10-05T04:28:26.037061Z,KXETH15M-26OCT050030-30,0.0250,16.76,yes
2026-10-05T04:28:26.171458Z,KXETH15M-26OCT050030-30,0.0250,5.73,yes
2026-10-05T04:28:26.258997Z,KXETH15M-26OCT050030-30,0.0250,3.97,yes
2026-10-05T04:28:26.401312Z,KXETH15M-26OCT050030-30,0.0250,7.00,yes
2026-10-05T04:28:26.406022Z,KXETH15M-26OCT050030-30,0.0250,3.30,yes
2026-10-05T04:28:26.444351Z,KXETH15M-26OCT050030-30,0.0250,4.00,yes
2026-10-05T04:28:26.519065Z,KXETH15M-26OCT050030-30,0.0250,20.68,yes
2026-10-05T04:28:26.519065Z,KXETH15M-26OCT050030-30,0.0250,16.00,yes
2026-10-05T04:28:26.565483Z,KXETH15M-26OCT050030-30,0.0250,3.00,yes
2026-10-05T04:28:26.833383Z,KXETH15M-26OCT050030-30,0.0250,4.00,yes
2026-10-05T04:28:26.920938Z,KXETH15M-26OCT050030-30,0.0250,16.00,yes
2026-10-05T04:28:26.920938Z,KXETH15M-26OCT050030-30,0.0260,4.78,yes
2026-10-05T04:28:26.944793Z,KXETH15M-26OCT050030-30,0.0220,1.96,no
2026-10-05T04:28:26.944793Z,KXETH15M-26OCT050030-30,0.0220,1.00,no
2026-10-05T04:28:26.944793Z,KXETH15M-26OCT050030-30,0.0220,1.00,no
2026-10-05T04:28:26.944793Z,KXETH15M-26OCT050030-30,0.0220,19.86,no
2026-10-05T04:28:26.944793Z,KXETH15M-26OCT050030-30,0.0220,5.07,no
2026-10-05T04:28:26.944793Z,KXETH15M-26OCT050030-30,0.0220,0.04,no
2026-10-05T04:28:26.944793Z,KXETH15M-26OCT050030-30,0.0220,1.69,no
2026-10-05T04:28:27.19337Z,KXETH15M-26OCT050030-30,0.0220,2.00,no
2026-10-05T04:28:27.19337Z,KXETH15M-26OCT050030-30,0.0220,0.41,no
2026-10-05T04:28:27.19337Z,KXETH15M-26OCT050030-30,0.0220,4.07,no
2026-10-05T04:28:27.19337Z,KXETH15M-26OCT050030-30,0.0220,10.00,no
2026-10-05T04:28:27.384296Z,KXETH15M-26OCT050030-30,0.0260,18.00,yes
2026-10-05T04:28:27.384296Z,KXETH15M-26OCT050030-30,0.0250,20.00,yes
2026-10-05T04:28:27.692684Z,KXETH15M-26OCT050030-30,0.0220,3.59,no
2026-10-05T04:28:27.692684Z,KXETH15M-26OCT050030-30,0.0220,1.41,no
2026-10-05T04:28:28.112606Z,KXETH15M-26OCT050030-30,0.0220,2.59,no
2026-10-05T04:28:28.112606Z,KXETH15M-26OCT050030-30,0.0220,1.74,no
2026-10-05T04:28:28.112606Z,KXETH15M-26OCT050030-30,0.0220,4.00,no
2026-10-05T04:28:28.142183Z,KXETH15M-26OCT050030-30,0.0200,9.00,no
2026-10-05T04:28:28.142183Z,KXETH15M-26OCT050030-30,0.0190,20.00,no
2026-10-05T04:28:28.142183Z,KXETH15M-26OCT050030-30,0.0220,8.22,no
2026-10-05T04:28:28.142183Z,KXETH15M-26OCT050030-30,0.0210,41.00,no
2026-10-05T04:28:28.142183Z,KXETH15M-26OCT050030-30,0.0220,7.69,no
2026-10-05T04:28:28.142183Z,KXETH15M-26OCT050030-30,0.0220,8.31,no
2026-10-05T04:28:28.142183Z,KXETH15M-26OCT050030-30,0.0190,11.00,no
2026-10-05T04:28:28.142183Z,KXETH15M-26OCT050030-30,0.0220,3.04,no
2026-10-05T04:28:28.142183Z,KXETH15M-26OCT050030-30,0.0220,2.31,no
2026-10-05T04:28:28.142183Z,KXETH15M-26OCT050030-30,0.0170,10.96,no
2026-10-05T04:28:28.142183Z,KXETH15M-26OCT050030-30,0.0170,20.00,no
2026-10-05T04:28:28.142183Z,KXETH15M-26OCT050030-30,0.0180,20.00,no
2026-10-05T04:28:28.142183Z,KXETH15M-26OCT050030-30,0.0180,100.00,no
2026-10-05T04:28:28.142183Z,KXETH15M-26OCT050030-30,0.0180,1.00,no
2026-10-05T04:28:28.444144Z,KXETH15M-26OCT050030-30,0.0230,5.19,yes
2026-10-05T04:28:28.485662Z,KXETH15M-26OCT050030-30,0.0230,38.49,yes
2026-10-05T04:28:28.752975Z,KXETH15M-26OCT050030-30,0.0230,14.97,yes
2026-10-05T04:28:28.781298Z,KXETH15M-26OCT050030-30,0.0180,41.00,no
2026-10-05T04:28:28.781298Z,KXETH15M-26OCT050030-30,0.0180,4.00,no
2026-10-05T04:28:28.781298Z,KXETH15M-26OCT050030-30,0.0180,10.00,no
2026-10-05T04:28:28.781298Z,KXETH15M-26OCT050030-30,0.0170,44.78,no
2026-10-05T04:28:28.811532Z,KXETH15M-26OCT050030-30,0.0220,1.19,yes
2026-10-05T04:28:28.86725Z,KXETH15M-26OCT050030-30,0.0200,2.00,yes
2026-10-05T04:28:28.875664Z,KXETH15M-26OCT050030-30,0.0200,1.00,yes
2026-10-05T04:28:28.878697Z,KXETH15M-26OCT050030-30,0.0200,19.58,yes
2026-10-05T04:28:28.893334Z,KXETH15M-26OCT050030-30,0.0190,15.00,yes
2026-10-05T04:28:29.080342Z,KXETH15M-26OCT050030-30,0.0190,0.57,yes
2026-10-05T04:28:29.175987Z,KXETH15M-26OCT050030-30,0.0180,0.80,no
2026-10-05T04:28:29.209233Z,KXETH15M-26OCT050030-30,0.0190,25.78,yes
2026-10-05T04:28:29.209233Z,KXETH15M-26OCT050030-30,0.0190,4.61,yes
2026-10-05T04:28:29.209233Z,KXETH15M-26OCT050030-30,0.0190,10.96,yes
2026-10-05T04:28:29.699897Z,KXETH15M-26OCT050030-30,0.0220,15.57,yes
2026-10-05T04:28:29.699897Z,KXETH15M-26OCT050030-30,0.0190,16.40,yes
2026-10-05T04:28:29.886476Z,KXETH15M-26OCT050030-30,0.0210,20.00,yes
2026-10-05T04:28:29.886476Z,KXETH15M-26OCT050030-30,0.0220,12.29,yes
2026-10-05T04:28:29.886476Z,KXETH15M-26OCT050030-30,0.0210,5.23,yes
2026-10-05T04:28:29.886476Z,KXETH15M-26OCT050030-30,0.0220,28.00,yes
2026-10-05T04:28:29.93001Z,KXETH15M-26OCT050030-30,0.0220,7.71,yes
2026-10-05T04:28:29.93001Z,KXETH15M-26OCT050030-30,0.0220,2.65,yes
2026-10-05T04:28:29.946536Z,KXETH15M-26OCT050030-30,0.0240,0.80,yes
2026-10-05T04:28:29.946536Z,KXETH15M-26OCT050030-30,0.0220,10.35,yes
2026-10-05T04:28:30.002795Z,KXETH15M-26OCT050030-30,0.0220,2.46,yes
2026-10-05T04:28:30.137656Z,KXETH15M-26OCT050030-30,0.0220,5.00,yes
2026-10-05T04:28:30.137656Z,KXETH15M-26OCT050030-30,0.0220,17.54,yes
2026-10-05T04:28:30.137656Z,KXETH15M-26OCT050030-30,0.0210,20.00,yes
2026-10-05T04:28:30.169124Z,KXETH15M-26OCT050030-30,0.0170,28.90,no
2026-10-05T04:28:30.55932Z,KXETH15M-26OCT050030-30,0.0250,4.00,yes
2026-10-05T04:28:30.55932Z,KXETH15M-26OCT050030-30,0.0250,4.00,yes
2026-10-05T04:28:30.55932Z,KXETH15M-26OCT050030-30,0.0270,7.83,yes
2026-10-05T04:28:30.55932Z,KXETH15M-26OCT050030-30,0.0220,29.00,yes
2026-10-05T04:28:30.55932Z,KXETH15M-26OCT050030-30,0.0260,4.00,yes
2026-10-05T04:28:30.55932Z,KXETH15M-26OCT050030-30,0.0250,9.00,yes
2026-10-05T04:28:30.55932Z,KXETH15M-26OCT050030-30,0.0240,4.00,yes
2026-10-05T04:28:30.55932Z,KXETH15M-26OCT050030-30,0.0250,9.00,yes
2026-10-05T04:28:30.55932Z,KXETH15M-26OCT050030-30,0.0200,5.00,yes
2026-10-05T04:28:30.55932Z,KXETH15M-26OCT050030-30,0.0200,28.90,yes
2026-10-05T04:28:30.55932Z,KXETH15M-26OCT050030-30,0.0200,9.00,yes
2026-10-05T04:28:30.55932Z,KXETH15M-26OCT050030-30,0.0210,20.00,yes
2026-10-05T04:28:30.55932Z,KXETH15M-26OCT050030-30,0.0240,4.00,yes
2026-10-05T04:28:30.55932Z,KXETH15M-26OCT050030-30,0.0250,1.01,yes
2026-10-05T04:28:30.55932Z,KXETH15M-26OCT050030-30,0.0220,20.00,yes
2026-10-05T04:28:30.55932Z,KXETH15M-26OCT050030-30,0.0260,1.00,yes
2026-10-05T04:28:30.55932Z,KXETH15M-26OCT050030-30,0.0270,1.00,yes
2026-10-05T04:28:30.55932Z,KXETH15M-26OCT050030-30,0.0260,4.00,yes
2026-10-05T04:28:30.55932Z,KXETH15M-26OCT050030-30,0.0250,1.00,yes
2026-10-05T04:28:30.654736Z,KXETH15M-26OCT050030-30,0.0210,5.95,yes
2026-10-05T04:28:30.718111Z,KXETH15M-26OCT050030-30,0.0180,2.03,no
2026-10-05T04:28:31.144206Z,KXETH15M-26OCT050030-30,0.0200,20.00,yes
2026-10-05T04:28:31.144206Z,KXETH15M-26OCT050030-30,0.0210,3.39,yes
2026-10-05T04:28:31.155301Z,KXETH15M-26OCT050030-30,0.0170,9.96,no
2026-10-05T04:28:31.533928Z,KXETH15M-26OCT050030-30,0.0160,41.00,no
2026-10-05T04:28:31.533928Z,KXETH15M-26OCT050030-30,0.0160,4.00,no
2026-10-05T04:28:31.533928Z,KXETH15M-26OCT050030-30,0.0160,4.00,no
2026-10-05T04:28:31.533928Z,KXETH15M-26OCT050030-30,0.0170,41.00,no
2026-10-05T04:28:31.533928Z,KXETH15M-26OCT050030-30,0.0170,11.00,no
2026-10-05T04:28:31.533928Z,KXETH15M-26OCT050030-30,0.0160,1.00,no
2026-10-05T04:28:31.533928Z,KXETH15M-26OCT050030-30,0.0170,1.00,no
2026-10-05T04:28:31.533928Z,KXETH15M-26OCT050030-30,0.0150,1.00,no
2026-10-05T04:28:31.533928Z,KXETH15M-26OCT050030-30,0.0160,20.00,no
2026-10-05T04:28:31.533928Z,KXETH15M-26OCT050030-30,0.0150,31.09,no
2026-10-05T04:28:31.533928Z,KXETH15M-26OCT050030-30,0.0160,100.00,no
2026-10-05T04:28:31.533928Z,KXETH15M-26OCT050030-30,0.0150,20.00,no
2026-10-05T04:28:31.533928Z,KXETH15M-26OCT050030-30,0.0170,5.40,no
2026-10-05T04:28:31.64382Z,KXETH15M-26OCT050030-30,0.0160,0.39,no
2026-10-05T04:28:31.655379Z,KXETH15M-26OCT050030-30,0.0170,22.44,yes
2026-10-05T04:28:32.071064Z,KXETH15M-26OCT050030-30,0.0170,5.40,yes
2026-10-05T04:28:32.153096Z,KXETH15M-26OCT050030-30,0.0160,47.61,no
2026-10-05T04:28:32.153096Z,KXETH15M-26OCT050030-30,0.0150,68.91,no
2026-10-05T04:28:32.153096Z,KXETH15M-26OCT050030-30,0.0150,0.14,no
2026-10-05T04:28:32.278789Z,KXETH15M-26OCT050030-30,0.0160,31.09,yes
2026-10-05T04:28:32.278789Z,KXETH15M-26OCT050030-30,0.0160,68.91,yes
2026-10-05T04:28:32.347125Z,KXETH15M-26OCT050030-30,0.0170,2.52,yes
2026-10-05T04:28:32.376432Z,KXETH15M-26OCT050030-30,0.0170,29.19,yes
2026-10-05T04:28:32.376432Z,KXETH15M-26OCT050030-30,0.0160,6.00,yes
2026-10-05T04:28:32.569866Z,KXETH15M-26OCT050030-30,0.0150,3.19,no
2026-10-05T04:28:32.569866Z,KXETH15M-26OCT050030-30,0.0150,4.00,no
2026-10-05T04:28:32.569866Z,KXETH15M-26OCT050030-30,0.0150,1.00,no
2026-10-05T04:28:32.569866Z,KXETH15M-26OCT050030-30,0.0150,0.86,no
2026-10-05T04:28:32.868943Z,KXETH15M-26OCT050030-30,0.0170,34.14,yes
2026-10-05T04:28:33.069102Z,KXETH15M-26OCT050030-30,0.0200,20.00,yes
2026-10-05T04:28:33.069102Z,KXETH15M-26OCT050030-30,0.0180,9.96,yes
2026-10-05T04:28:33.069102Z,KXETH15M-26OCT050030-30,0.0170,6.31,yes
2026-10-05T04:28:33.069102Z,KXETH15M-26OCT050030-30,0.0180,5.40,yes
2026-10-05T04:28:33.069102Z,KXETH15M-26OCT050030-30,0.0170,1.00,yes
2026-10-05T04:28:33.079247Z,KXETH15M-26OCT050030-30,0.0150,37.81,no
2026-10-05T04:28:33.079247Z,KXETH15M-26OCT050030-30,0.0150,0.19,no
2026-10-05T04:28:33.175828Z,KXETH15M-26OCT050030-30,0.0180,8.95,yes
2026-10-05T04:28:33.296725Z,KXETH15M-26OCT050030-30,0.0150,4.13,yes
2026-10-05T04:28:33.571069Z,KXETH15M-26OCT050030-30,0.0140,6.45,no
2026-10-05T04:28:33.653286Z,KXETH15M-26OCT050030-30,0.0140,41.00,no
2026-10-05T04:28:33.653286Z,KXETH15M-26OCT050030-30,0.0140,1.00,no
2026-10-05T04:28:33.653286Z,KXETH15M-26OCT050030-30,0.0130,1.00,no
2026-10-05T04:28:33.653286Z,KXETH15M-26OCT050030-30,0.0130,100.00,no
2026-10-05T04:28:33.653286Z,KXETH15M-26OCT050030-30,0.0140,93.55,no
2026-10-05T04:28:33.653286Z,KXETH15M-26OCT050030-30,0.0130,3.64,no
2026-10-05T04:28:34.012657Z,KXETH15M-26OCT050030-30,0.0140,3.56,yes
2026-10-05T04:28:34.16929Z,KXETH15M-26OCT050030-30,0.0130,24.75,no
2026-10-05T04:28:34.16929Z,KXETH15M-26OCT050030-30,0.0130,21.36,no
2026-10-05T04:28:34.279916Z,KXETH15M-26OCT050030-30,0.0140,10.00,yes
2026-10-05T04:28:34.341457Z,KXETH15M-26OCT050030-30,0.0140,7.13,yes
2026-10-05T04:28:34.499096Z,KXETH15M-26OCT050030-30,0.0140,69.00,yes
2026-10-05T04:28:34.702959Z,KXETH15M-26OCT050030-30,0.0130,8.09,no
2026-10-05T04:28:34.833972Z,KXETH15M-26OCT050030-30,0.0150,45.94,yes
2026-10-05T04:28:34.833972Z,KXETH15M-26OCT050030-30,0.0140,10.31,yes
2026-10-05T04:28:34.833972Z,KXETH15M-26OCT050030-30,0.0150,6.45,yes
2026-10-05T04:28:35.020554Z,KXETH15M-26OCT050030-30,0.0150,3.00,yes
2026-10-05T04:28:35.116167Z,KXETH15M-26OCT050030-30,0.0150,10.16,yes
2026-10-05T04:28:35.310123Z,KXETH15M-26OCT050030-30,0.0120,58.52,no
2026-10-05T04:28:35.330027Z,KXETH15M-26OCT050030-30,0.0140,40.00,yes
2026-10-05T04:28:35.339581Z,KXETH15M-26OCT050030-30,0.0140,17.46,yes
2026-10-05T04:28:35.548085Z,KXETH15M-26OCT050030-30,0.0160,13.16,yes
2026-10-05T04:28:35.548085Z,KXETH15M-26OCT050030-30,0.0150,2.00,yes
2026-10-05T04:28:35.548085Z,KXETH15M-26OCT050030-30,0.0150,20.00,yes
2026-10-05T04:28:35.548085Z,KXETH15M-26OCT050030-30,0.0140,1.06,yes
2026-10-05T04:28:35.548085Z,KXETH15M-26OCT050030-30,0.0150,34.45,yes
2026-10-05T04:28:35.864544Z,KXETH15M-26OCT050030-30,0.0180,4.44,yes
2026-10-05T04:28:35.864544Z,KXETH15M-26OCT050030-30,0.0150,20.00,yes
2026-10-05T04:28:35.864544Z,KXETH15M-26OCT050030-30,0.0150,7.00,yes
2026-10-05T04:28:35.864544Z,KXETH15M-26OCT050030-30,0.0160,6.84,yes
2026-10-05T04:28:35.864544Z,KXETH15M-26OCT050030-30,0.0150,4.00,yes
2026-10-05T04:28:35.864544Z,KXETH15M-26OCT050030-30,0.0160,13.00,yes
2026-10-05T04:28:35.989618Z,KXETH15M-26OCT050030-30,0.0150,6.09,yes
2026-10-05T04:28:36.041274Z,KXETH15M-26OCT050030-30,0.0160,0.71,yes
2026-10-05T04:28:36.041274Z,KXETH15M-26OCT050030-30,0.0150,13.91,yes
2026-10-05T04:28:36.070928Z,KXETH15M-26OCT050030-30,0.0120,2.02,no
2026-10-05T04:28:36.13026Z,KXETH15M-26OCT050030-30,0.0120,3.03,no
2026-10-05T04:28:36.133916Z,KXETH15M-26OCT050030-30,0.0120,1.01,no
2026-10-05T04:28:36.430315Z,KXETH15M-26OCT050030-30,0.0120,12.00,no
2026-10-05T04:28:36.430315Z,KXETH15M-26OCT050030-30,0.0120,63.00,no
2026-10-05T04:28:36.430315Z,KXETH15M-26OCT050030-30,0.0120,41.00,no
2026-10-05T04:28:36.430315Z,KXETH15M-26OCT050030-30,0.0120,20.00,no
2026-10-05T04:28:36.430315Z,KXETH15M-26OCT050030-30,0.0110,6.74,no
2026-10-05T04:28:36.430315Z,KXETH15M-26OCT050030-30,0.0120,35.42,no
2026-10-05T04:28:36.430315Z,KXETH15M-26OCT050030-30,0.0120,1.00,no
2026-10-05T04:28:36.726109Z,KXETH15M-26OCT050030-30,0.0220,1.01,yes
2026-10-05T04:28:36.726109Z,KXETH15M-26OCT050030-30,0.0170,25.00,yes
2026-10-05T04:28:36.726109Z,KXETH15M-26OCT050030-30,0.0230,309.22,yes
2026-10-05T04:28:36.726109Z,KXETH15M-26OCT050030-30,0.0200,4.00,yes
2026-10-05T04:28:36.726109Z,KXETH15M-26OCT050030-30,0.0220,13.00,yes
2026-10-05T04:28:36.726109Z,KXETH15M-26OCT050030-30,0.0210,4.00,yes
2026-10-05T04:28:36.726109Z,KXETH15M-26OCT050030-30,0.0210,4.00,yes
2026-10-05T04:28:36.726109Z,KXETH15M-26OCT050030-30,0.0160,19.29,yes
2026-10-05T04:28:36.726109Z,KXETH15M-26OCT050030-30,0.0190,4.00,yes
2026-10-05T04:28:36.726109Z,KXETH15M-26OCT050030-30,0.0200,4.00,yes
2026-10-05T04:28:36.726109Z,KXETH15M-26OCT050030-30,0.0130,35.42,yes
2026-10-05T04:28:36.726109Z,KXETH15M-26OCT050030-30,0.0220,4.00,yes
2026-10-05T04:28:36.726109Z,KXETH15M-26OCT050030-30,0.0120,24.00,yes
2026-10-05T04:28:36.726109Z,KXETH15M-26OCT050030-30,0.0150,20.00,yes
2026-10-05T04:28:36.726109Z,KXETH15M-26OCT050030-30,0.0130,2.02,yes
2026-10-05T04:28:36.726109Z,KXETH15M-26OCT050030-30,0.0120,3.00,yes
2026-10-05T04:28:36.726109Z,KXETH15M-26OCT050030-30,0.0130,3.03,yes
2026-10-05T04:28:36.726109Z,KXETH15M-26OCT050030-30,0.0220,20.00,yes
2026-10-05T04:28:36.726109Z,KXETH15M-26OCT050030-30,0.0130,1.01,yes
2026-10-05T04:28:36.855629Z,KXETH15M-26OCT050030-30,0.0130,4.00,no
2026-10-05T04:28:36.855629Z,KXETH15M-26OCT050030-30,0.0120,12.00,no
2026-10-05T04:28:36.855629Z,KXETH15M-26OCT050030-30,0.0140,4.00,no
2026-10-05T04:28:36.855629Z,KXETH15M-26OCT050030-30,0.0130,4.00,no
2026-10-05T04:28:36.855629Z,KXETH15M-26OCT050030-30,0.0140,4.00,no
2026-10-05T04:28:36.855629Z,KXETH15M-26OCT050030-30,0.0120,4.00,no
2026-10-05T04:28:36.855629Z,KXETH15M-26OCT050030-30,0.0120,4.00,no
2026-10-05T04:28:36.855629Z,KXETH15M-26OCT050030-30,0.0110,55.00,no
2026-10-05T04:28:36.991814Z,KXETH15M-26OCT050030-30,0.0140,1.02,yes
2026-10-05T04:28:37.075108Z,KXETH15M-26OCT050030-30,0.0110,2.00,no
2026-10-05T04:28:37.075108Z,KXETH15M-26OCT050030-30,0.0110,81.90,no
2026-10-05T04:28:37.075108Z,KXETH15M-26OCT050030-30,0.0110,10.00,no
2026-10-05T04:28:37.075108Z,KXETH15M-26OCT050030-30,0.0110,20.00,no
2026-10-05T04:28:37.075108Z,KXETH15M-26OCT050030-30,0.0110,2.00,no
2026-10-05T04:28:37.075108Z,KXETH15M-26OCT050030-30,0.0110,1.00,no
2026-10-05T04:28:37.075108Z,KXETH15M-26OCT050030-30,0.0110,1.00,no
2026-10-05T04:28:37.075108Z,KXETH15M-26OCT050030-30,0.0110,100.00,no
2026-10-05T04:28:37.075108Z,KXETH15M-26OCT050030-30,0.0110,138.26,no
2026-10-05T04:28:37.359174Z,KXETH15M-26OCT050030-30,0.0110,8.92,no
2026-10-05T04:28:38.103633Z,KXETH15M-26OCT050030-30,0.0130,71.95,yes
2026-10-05T04:28:38.239588Z,KXETH15M-26OCT050030-30,0.0220,4.04,yes
2026-10-05T04:28:38.239588Z,KXETH15M-26OCT050030-30,0.0180,1.01,yes
2026-10-05T04:28:38.239588Z,KXETH15M-26OCT050030-30,0.0120,19.00,yes
2026-10-05T04:28:38.239588Z,KXETH15M-26OCT050030-30,0.0120,28.05,yes
2026-10-05T04:28:38.239588Z,KXETH15M-26OCT050030-30,0.0200,4.04,yes
2026-10-05T04:28:38.239588Z,KXETH15M-26OCT050030-30,0.0120,2.00,yes
2026-10-05T04:28:38.239588Z,KXETH15M-26OCT050030-30,0.0130,20.00,yes
2026-10-05T04:28:38.239588Z,KXETH15M-26OCT050030-30,0.0190,4.00,yes
2026-10-05T04:28:38.239588Z,KXETH15M-26OCT050030-30,0.0210,4.00,yes
2026-10-05T04:28:38.239588Z,KXETH15M-26OCT050030-30,0.0200,4.00,yes
2026-10-05T04:28:38.239588Z,KXETH15M-26OCT050030-30,0.0140,18.98,yes
2026-10-05T04:28:38.239588Z,KXETH15M-26OCT050030-30,0.0200,4.00,yes
2026-10-05T04:28:38.239588Z,KXETH15M-26OCT050030-30,0.0190,4.00,yes
2026-10-05T04:28:38.239588Z,KXETH15M-26OCT050030-30,0.0210,10.00,yes
2026-10-05T04:28:38.239588Z,KXETH15M-26OCT050030-30,0.0210,4.00,yes
2026-10-05T04:28:38.239588Z,KXETH15M-26OCT050030-30,0.0170,25.00,yes
2026-10-05T04:28:38.239588Z,KXETH15M-26OCT050030-30,0.0220,13.00,yes
2026-10-05T04:28:38.239588Z,KXETH15M-26OCT050030-30,0.0230,12.35,yes
2026-10-05T04:28:38.373374Z,KXETH15M-26OCT050030-30,0.0130,0.94,yes
2026-10-05T04:28:38.373374Z,KXETH15M-26OCT050030-30,0.0130,20.00,yes
2026-10-05T04:28:38.484317Z,KXETH15M-26OCT050030-30,0.0120,1.01,no
2026-10-05T04:28:38.509113Z,KXETH15M-26OCT050030-30,0.0210,4.00,yes
2026-10-05T04:28:38.509113Z,KXETH15M-26OCT050030-30,0.0220,4.00,yes
2026-10-05T04:28:38.509113Z,KXETH15M-26OCT050030-30,0.0230,4.00,yes
2026-10-05T04:28:38.509113Z,KXETH15M-26OCT050030-30,0.0200,6.31,yes
2026-10-05T04:28:38.509113Z,KXETH15M-26OCT050030-30,0.0230,4.00,yes
2026-10-05T04:28:38.509113Z,KXETH15M-26OCT050030-30,0.0200,30.00,yes
2026-10-05T04:28:38.509113Z,KXETH15M-26OCT050030-30,0.0220,4.00,yes
2026-10-05T04:28:38.509113Z,KXETH15M-26OCT050030-30,0.0130,3.00,yes
2026-10-05T04:28:38.509113Z,KXETH15M-26OCT050030-30,0.0140,20.00,yes
2026-10-05T04:28:38.509113Z,KXETH15M-26OCT050030-30,0.0170,25.00,yes
2026-10-05T04:28:38.509113Z,KXETH15M-26OCT050030-30,0.0130,5.06,yes
2026-10-05T04:28:38.509113Z,KXETH15M-26OCT050030-30,0.0130,20.00,yes
2026-10-05T04:28:38.509113Z,KXETH15M-26OCT050030-30,0.0210,4.00,yes
2026-10-05T04:28:38.509113Z,KXETH15M-26OCT050030-30,0.0170,13.00,yes
2026-10-05T04:28:38.509113Z,KXETH15M-26OCT050030-30,0.0130,7.00,yes
2026-10-05T04:28:38.509113Z,KXETH15M-26OCT050030-30,0.0210,10.00,yes
2026-10-05T04:28:38.509113Z,KXETH15M-26OCT050030-30,0.0250,9.00,yes
2026-10-05T04:28:38.509113Z,KXETH15M-26OCT050030-30,0.0230,178.43,yes
2026-10-05T04:28:38.509113Z,KXETH15M-26OCT050030-30,0.0280,2.59,yes
2026-10-05T04:28:38.509113Z,KXETH15M-26OCT050030-30,0.0280,1.74,yes
2026-10-05T04:28:38.509113Z,KXETH15M-26OCT050030-30,0.0280,4.00,yes
2026-10-05T04:28:38.509113Z,KXETH15M-26OCT050030-30,0.0280,7.69,yes
2026-10-05T04:28:38.509113Z,KXETH15M-26OCT050030-30,0.0280,7.87,yes
2026-10-05T04:28:38.509113Z,KXETH15M-26OCT050030-30,0.0280,1.41,yes
2026-10-05T04:28:38.509113Z,KXETH15M-26OCT050030-30,0.0280,1.96,yes
2026-10-05T04:28:38.509113Z,KXETH15M-26OCT050030-30,0.0280,10.00,yes
2026-10-05T04:28:38.509113Z,KXETH15M-26OCT050030-30,0.0280,19.86,yes
2026-10-05T04:28:38.509113Z,KXETH15M-26OCT050030-30,0.0280,0.41,yes
2026-10-05T04:28:38.509113Z,KXETH15M-26OCT050030-30,0.0280,2.00,yes
2026-10-05T04:28:38.509113Z,KXETH15M-26OCT050030-30,0.0280,4.07,yes
2026-10-05T04:28:38.509113Z,KXETH15M-26OCT050030-30,0.0280,5.07,yes
2026-10-05T04:28:38.509113Z,KXETH15M-26OCT050030-30,0.0280,1.00,yes
2026-10-05T04:28:38.509113Z,KXETH15M-26OCT050030-30,0.0280,3.59,yes
2026-10-05T04:28:38.509113Z,KXETH15M-26OCT050030-30,0.0280,0.04,yes
2026-10-05T04:28:38.509113Z,KXETH15M-26OCT050030-30,0.0280,1.00,yes
2026-10-05T04:28:38.509113Z,KXETH15M-26OCT050030-30,0.0230,50.00,yes
2026-10-05T04:28:38.509113Z,KXETH15M-26OCT050030-30,0.0280,1.69,yes
2026-10-05T04:28:38.509113Z,KXETH15M-26OCT050030-30,0.0280,1.00,yes
2026-10-05T04:28:39.086645Z,KXETH15M-26OCT050030-30,0.0130,20.00,yes
2026-10-05T04:28:39.086645Z,KXETH15M-26OCT050030-30,0.0130,10.00,yes
2026-10-05T04:28:39.739106Z,KXETH15M-26OCT050030-30,0.0120,1.85,no
2026-10-05T04:28:40.060294Z,KXETH15M-26OCT050030-30,0.0200,4.04,yes
2026-10-05T04:28:40.060294Z,KXETH15M-26OCT050030-30,0.0130,20.00,yes
2026-10-05T04:28:40.060294Z,KXETH15M-26OCT050030-30,0.0130,14.00,yes
2026-10-05T04:28:40.060294Z,KXETH15M-26OCT050030-30,0.0180,1.01,yes
2026-10-05T04:28:40.060294Z,KXETH15M-26OCT050030-30,0.0140,20.00,yes
2026-10-05T04:28:40.060294Z,KXETH15M-26OCT050030-30,0.0200,30.00,yes
2026-10-05T04:28:40.060294Z,KXETH15M-26OCT050030-30,0.0200,10.00,yes
2026-10-05T04:28:40.060294Z,KXETH15M-26OCT050030-30,0.0160,25.00,yes
2026-10-05T04:28:40.060294Z,KXETH15M-26OCT050030-30,0.0130,4.00,yes
2026-10-05T04:28:40.060294Z,KXETH15M-26OCT050030-30,0.0190,12.00,yes
2026-10-05T04:28:40.060294Z,KXETH15M-26OCT050030-30,0.0220,105.70,yes
2026-10-05T04:28:40.192991Z,KXETH15M-26OCT050030-30,0.0120,2.95,no
2026-10-05T04:28:40.192991Z,KXETH15M-26OCT050030-30,0.0120,4.00,no
2026-10-05T04:28:40.192991Z,KXETH15M-26OCT050030-30,0.0120,2.15,no
2026-10-05T04:28:40.422173Z,KXETH15M-26OCT050030-30,0.0130,17.63,yes
2026-10-05T04:28:40.426344Z,KXETH15M-26OCT050030-30,0.0130,2.37,yes
2026-10-05T04:28:40.426344Z,KXETH15M-26OCT050030-30,0.0130,17.00,yes
2026-10-05T04:28:40.426344Z,KXETH15M-26OCT050030-30,0.0170,2.02,yes
2026-10-05T04:28:40.426344Z,KXETH15M-26OCT050030-30,0.0140,20.00,yes
2026-10-05T04:28:40.534346Z,KXETH15M-26OCT050030-30,0.0120,6.00,no
2026-10-05T04:28:40.782711Z,KXETH15M-26OCT050030-30,0.0120,2.02,no
2026-10-05T04:28:40.802533Z,KXETH15M-26OCT050030-30,0.0110,5.74,no
2026-10-05T04:28:40.802533Z,KXETH15M-26OCT050030-30,0.0120,4.00,no
2026-10-05T04:28:40.802533Z,KXETH15M-26OCT050030-30,0.0120,4.00,no
2026-10-05T04:28:40.802533Z,KXETH15M-26OCT050030-30,0.0120,65.02,no
2026-10-05T04:28:40.802533Z,KXETH15M-26OCT050030-30,0.0110,1.00,no
2026-10-05T04:28:40.802533Z,KXETH15M-26OCT050030-30,0.0110,1.00,no
2026-10-05T04:28:40.802533Z,KXETH15M-26OCT050030-30,0.0110,9.18,no
2026-10-05T04:28:40.978687Z,KXETH15M-26OCT050030-30,0.0120,1.01,no
2026-10-05T04:28:41.041737Z,KXETH15M-26OCT050030-30,0.0120,2.99,no
2026-10-05T04:28:41.041737Z,KXETH15M-26OCT050030-30,0.0110,1.05,no
2026-10-05T04:28:42.323069Z,KXETH15M-26OCT050030-30,0.0170,13.00,yes
2026-10-05T04:28:42.323069Z,KXETH15M-26OCT050030-30,0.0150,24.00,yes
2026-10-05T04:28:42.323069Z,KXETH15M-26OCT050030-30,0.0180,6.00,yes
2026-10-05T04:28:42.323069Z,KXETH15M-26OCT050030-30,0.0180,2.02,yes
2026-10-05T04:28:42.323069Z,KXETH15M-26OCT050030-30,0.0180,2.95,yes
2026-10-05T04:28:42.323069Z,KXETH15M-26OCT050030-30,0.0180,22.81,yes
2026-10-05T04:28:42.323069Z,KXETH15M-26OCT050030-30,0.0130,20.00,yes
2026-10-05T04:28:42.323069Z,KXETH15M-26OCT050030-30,0.0120,6.00,yes
2026-10-05T04:28:42.323069Z,KXETH15M-26OCT050030-30,0.0120,20.00,yes
2026-10-05T04:28:42.323069Z,KXETH15M-26OCT050030-30,0.0170,1.01,yes
2026-10-05T04:28:42.323069Z,KXETH15M-26OCT050030-30,0.0120,6.00,yes
2026-10-05T04:28:42.511053Z,KXETH15M-26OCT050030-30,0.0110,5.74,no
2026-10-05T04:28:42.511053Z,KXETH15M-26OCT050030-30,0.0110,4.00,no
2026-10-05T04:28:42.511053Z,KXETH15M-26OCT050030-30,0.0110,1.05,no
2026-10-05T04:28:42.511053Z,KXETH15M-26OCT050030-30,0.0110,5.21,no
2026-10-05T04:28:42.511053Z,KXETH15M-26OCT050030-30,0.0100,95.34,no
2026-10-05T04:28:42.511053Z,KXETH15M-26OCT050030-30,0.0100,1.16,no
2026-10-05T04:28:42.511053Z,KXETH15M-26OCT050030-30,0.0100,18.38,no
2026-10-05T04:28:42.511053Z,KXETH15M-26OCT050030-30,0.0100,1.02,no
2026-10-05T04:28:42.511053Z,KXETH15M-26OCT050030-30,0.0100,2.65,no
2026-10-05T04:28:42.511053Z,KXETH15M-26OCT050030-30,0.0100,6.02,no
2026-10-05T04:28:42.511053Z,KXETH15M-26OCT050030-30,0.0100,0.57,no
2026-10-05T04:28:42.511053Z,KXETH15M-26OCT050030-30,0.0100,7.24,no
2026-10-05T04:28:42.511053Z,KXETH15M-26OCT050030-30,0.0100,5.00,no
2026-10-05T04:28:42.511053Z,KXETH15M-26OCT050030-30,0.0100,1.52,no
2026-10-05T04:28:42.511053Z,KXETH15M-26OCT050030-30,0.0100,1.52,no
2026-10-05T04:28:42.511053Z,KXETH15M-26OCT050030-30,0.0100,20.00,no
2026-10-05T04:28:42.511053Z,KXETH15M-26OCT050030-30,0.0100,3.46,no
2026-10-05T04:28:42.511053Z,KXETH15M-26OCT050030-30,0.0100,25.00,no
2026-10-05T04:28:42.511053Z,KXETH15M-26OCT050030-30,0.0100,8.39,no
2026-10-05T04:28:42.511053Z,KXETH15M-26OCT050030-30,0.0100,220.00,no
2026-10-05T04:28:42.511053Z,KXETH15M-26OCT050030-30,0.0100,1.00,no
2026-10-05T04:28:42.511053Z,KXETH15M-26OCT050030-30,0.0100,100.00,no
2026-10-05T04:28:42.511053Z,KXETH15M-26OCT050030-30,0.0100,50.00,no
2026-10-05T04:28:42.511053Z,KXETH15M-26OCT050030-30,0.0100,1.00,no
2026-10-05T04:28:42.511053Z,KXETH15M-26OCT050030-30,0.0100,25.00,no
2026-10-05T04:28:42.511053Z,KXETH15M-26OCT050030-30,0.0100,1.00,no
2026-10-05T04:28:42.511053Z,KXETH15M-26OCT050030-30,0.0100,0.21,no
2026-10-05T04:28:42.511053Z,KXETH15M-26OCT050030-30,0.0100,1.34,no
2026-10-05T04:28:42.511053Z,KXETH15M-26OCT050030-30,0.0100,6.39,no
2026-10-05T04:28:42.511053Z,KXETH15M-26OCT050030-30,0.0100,7.97,no
2026-10-05T04:28:42.511053Z,KXETH15M-26OCT050030-30,0.0100,0.94,no
2026-10-05T04:28:42.511053Z,KXETH15M-26OCT050030-30,0.0100,2.46,no
2026-10-05T04:28:42.511053Z,KXETH15M-26OCT050030-30,0.0100,65.65,no
2026-10-05T04:28:42.511053Z,KXETH15M-26OCT050030-30,0.0100,5.70,no
2026-10-05T04:28:42.511053Z,KXETH15M-26OCT050030-30,0.0100,4.65,no
2026-10-05T04:28:42.93417Z,KXETH15M-26OCT050030-30,0.0100,0.50,no
2026-10-05T04:28:43.058965Z,KXETH15M-26OCT050030-30,0.0110,4.00,yes
2026-10-05T04:28:43.272912Z,KXETH15M-26OCT050030-30,0.0100,20.18,no
2026-10-05T04:28:43.464149Z,KXETH15M-26OCT050030-30,0.0120,1.94,yes
2026-10-05T04:28:43.464149Z,KXETH15M-26OCT050030-30,0.0110,16.00,yes
2026-10-05T04:28:43.464149Z,KXETH15M-26OCT050030-30,0.0120,20.00,yes
2026-10-05T04:28:43.464149Z,KXETH15M-26OCT050030-30,0.0120,25.00,yes
2026-10-05T04:28:43.464149Z,KXETH15M-26OCT050030-30,0.0110,100.00,yes
2026-10-05T04:28:43.49531Z,KXETH15M-26OCT050030-30,0.0110,8.09,yes
2026-10-05T04:28:43.650725Z,KXETH15M-26OCT050030-30,0.0100,33.78,no
2026-10-05T04:28:43.650725Z,KXETH15M-26OCT050030-30,0.0090,13.00,no
2026-10-05T04:28:43.650725Z,KXETH15M-26OCT050030-30,0.0080,4.00,no
2026-10-05T04:28:43.650725Z,KXETH15M-26OCT050030-30,0.0070,4.00,no
2026-10-05T04:28:43.650725Z,KXETH15M-26OCT050030-30,0.0100,25.00,no
2026-10-05T04:28:43.650725Z,KXETH15M-26OCT050030-30,0.0080,4.00,no
2026-10-05T04:28:43.650725Z,KXETH15M-26OCT050030-30,0.0090,4.00,no
2026-10-05T04:28:43.650725Z,KXETH15M-26OCT050030-30,0.0070,4.00,no
2026-10-05T04:28:43.650725Z,KXETH15M-26OCT050030-30,0.0090,4.00,no
2026-10-05T04:28:43.650725Z,KXETH15M-26OCT050030-30,0.0100,0.27,no
2026-10-05T04:28:43.650725Z,KXETH15M-26OCT050030-30,0.0100,56.70,no
2026-10-05T04:28:43.650725Z,KXETH15M-26OCT050030-30,0.0100,40.37,no
2026-10-05T04:28:43.650725Z,KXETH15M-26OCT050030-30,0.0050,254.44,no
2026-10-05T04:28:43.650725Z,KXETH15M-26OCT050030-30,0.0100,10.26,no
2026-10-05T04:28:43.650725Z,KXETH15M-26OCT050030-30,0.0070,1.00,no
2026-10-05T04:28:43.650725Z,KXETH15M-26OCT050030-30,0.0100,70.00,no
2026-10-05T04:28:43.650725Z,KXETH15M-26OCT050030-30,0.0080,59.00,no
2026-10-05T04:28:43.650725Z,KXETH15M-26OCT050030-30,0.0050,11.00,no
2026-10-05T04:28:43.650725Z,KXETH15M-26OCT050030-30,0.0050,1.00,no
2026-10-05T04:28:43.650725Z,KXETH15M-26OCT050030-30,0.0090,1.00,no
2026-10-05T04:28:43.650725Z,KXETH15M-26OCT050030-30,0.0070,1.00,no
2026-10-05T04:28:43.650725Z,KXETH15M-26OCT050030-30,0.0060,1.00,no
2026-10-05T04:28:43.650725Z,KXETH15M-26OCT050030-30,0.0080,1.00,no
2026-10-05T04:28:43.650725Z,KXETH15M-26OCT050030-30,0.0070,100.00,no
2026-10-05T04:28:43.650725Z,KXETH15M-26OCT050030-30,0.0060,100.00,no
2026-10-05T04:28:43.650725Z,KXETH15M-26OCT050030-30,0.0050,100.00,no
2026-10-05T04:28:43.650725Z,KXETH15M-26OCT050030-30,0.0090,100.00,no
2026-10-05T04:28:43.650725Z,KXETH15M-26OCT050030-30,0.0080,100.00,no
2026-10-05T04:28:43.650725Z,KXETH15M-26OCT050030-30,0.0050,100.00,no
2026-10-05T04:28:43.703986Z,KXETH15M-26OCT050030-30,0.0220,4.04,yes
2026-10-05T04:28:43.703986Z,KXETH15M-26OCT050030-30,0.0100,100.00,yes
2026-10-05T04:28:43.703986Z,KXETH15M-26OCT050030-30,0.0120,20.00,yes
2026-10-05T04:28:43.703986Z,KXETH15M-26OCT050030-30,0.0100,100.00,yes
2026-10-05T04:28:43.703986Z,KXETH15M-26OCT050030-30,0.0150,4.00,yes
2026-10-05T04:28:43.703986Z,KXETH15M-26OCT050030-30,0.0150,4.00,yes
2026-10-05T04:28:43.703986Z,KXETH15M-26OCT050030-30,0.0140,4.00,yes
2026-10-05T04:28:43.703986Z,KXETH15M-26OCT050030-30,0.0160,4.00,yes
2026-10-05T04:28:43.703986Z,KXETH15M-26OCT050030-30,0.0100,100.00,yes
2026-10-05T04:28:43.703986Z,KXETH15M-26OCT050030-30,0.0100,25.00,yes
2026-10-05T04:28:43.703986Z,KXETH15M-26OCT050030-30,0.0150,9.00,yes
2026-10-05T04:28:43.703986Z,KXETH15M-26OCT050030-30,0.0150,9.00,yes
2026-10-05T04:28:43.703986Z,KXETH15M-26OCT050030-30,0.0160,33.78,yes
2026-10-05T04:28:43.703986Z,KXETH15M-26OCT050030-30,0.0160,4.00,yes
2026-10-05T04:28:43.703986Z,KXETH15M-26OCT050030-30,0.0140,4.00,yes
2026-10-05T04:28:43.703986Z,KXETH15M-26OCT050030-30,0.0100,100.00,yes
2026-10-05T04:28:43.703986Z,KXETH15M-26OCT050030-30,0.0240,4.04,yes
2026-10-05T04:28:43.703986Z,KXETH15M-26OCT050030-30,0.0160,1.01,yes
2026-10-05T04:28:43.703986Z,KXETH15M-26OCT050030-30,0.0180,4.04,yes
2026-10-05T04:28:43.703986Z,KXETH15M-26OCT050030-30,0.0200,4.04,yes
2026-10-05T04:28:43.703986Z,KXETH15M-26OCT050030-30,0.0110,14.00,yes
2026-10-05T04:28:43.703986Z,KXETH15M-26OCT050030-30,0.0210,12.00,yes
2026-10-05T04:28:43.703986Z,KXETH15M-26OCT050030-30,0.0110,11.91,yes
2026-10-05T04:28:43.703986Z,KXETH15M-26OCT050030-30,0.0100,100.00,yes
2026-10-05T04:28:43.703986Z,KXETH15M-26OCT050030-30,0.0130,29.00,yes
2026-10-05T04:28:43.703986Z,KXETH15M-26OCT050030-30,0.0250,9.45,yes
2026-10-05T04:28:43.703986Z,KXETH15M-26OCT050030-30,0.0180,42.21,yes
2026-10-05T04:28:43.703986Z,KXETH15M-26OCT050030-30,0.0200,30.00,yes
2026-10-05T04:28:43.703986Z,KXETH15M-26OCT050030-30,0.0190,1.00,yes
2026-10-05T04:28:43.703986Z,KXETH15M-26OCT050030-30,0.0230,50.00,yes
2026-10-05T04:28:43.703986Z,KXETH15M-26OCT050030-30,0.0220,394.30,yes
2026-10-05T04:28:44.195755Z,KXETH15M-26OCT050030-30,0.0130,20.00,yes
2026-10-05T04:28:44.195755Z,KXETH15M-26OCT050030-30,0.0180,4.00,yes
2026-10-05T04:28:44.195755Z,KXETH15M-26OCT050030-30,0.0170,4.00,yes
2026-10-05T04:28:44.195755Z,KXETH15M-26OCT050030-30,0.0190,4.00,yes
2026-10-05T04:28:44.195755Z,KXETH15M-26OCT050030-30,0.0120,20.00,yes
2026-10-05T04:28:44.195755Z,KXETH15M-26OCT050030-30,0.0180,10.00,yes
2026-10-05T04:28:44.195755Z,KXETH15M-26OCT050030-30,0.0190,7.47,yes
2026-10-05T04:28:44.195755Z,KXETH15M-26OCT050030-30,0.0190,4.00,yes
2026-10-05T04:28:44.195755Z,KXETH15M-26OCT050030-30,0.0180,4.00,yes
2026-10-05T04:28:44.195755Z,KXETH15M-26OCT050030-30,0.0130,34.00,yes
2026-10-05T04:28:44.195755Z,KXETH15M-26OCT050030-30,0.0170,4.00,yes
2026-10-05T04:28:44.564504Z,KXETH15M-26OCT050030-30,0.0100,4.00,no
2026-10-05T04:28:44.564504Z,KXETH15M-26OCT050030-30,0.0090,4.00,no
2026-10-05T04:28:44.564504Z,KXETH15M-26OCT050030-30,0.0110,4.00,no
2026-10-05T04:28:44.564504Z,KXETH15M-26OCT050030-30,0.0110,4.00,no
2026-10-05T04:28:44.564504Z,KXETH15M-26OCT050030-30,0.0100,4.00,no
2026-10-05T04:28:44.564504Z,KXETH15M-26OCT050030-30,0.0090,4.00,no
2026-10-05T04:28:44.940862Z,KXETH15M-26OCT050030-30,0.0050,50.00,no
2026-10-05T04:28:44.940862Z,KXETH15M-26OCT050030-30,0.0080,4.00,no
2026-10-05T04:28:44.940862Z,KXETH15M-26OCT050030-30,0.0080,95.00,no
2026-10-05T04:28:44.940862Z,KXETH15M-26OCT050030-30,0.0070,4.00,no
2026-10-05T04:28:44.940862Z,KXETH15M-26OCT050030-30,0.0060,4.00,no
2026-10-05T04:28:44.940862Z,KXETH15M-26OCT050030-30,0.0060,4.00,no
2026-10-05T04:28:44.940862Z,KXETH15M-26OCT050030-30,0.0070,4.00,no
2026-10-05T04:28:44.940862Z,KXETH15M-26OCT050030-30,0.0080,4.00,no
2026-10-05T04:28:44.940862Z,KXETH15M-26OCT050030-30,0.0070,61.00,no
2026-10-05T04:28:44.940862Z,KXETH15M-26OCT050030-30,0.0060,13.00,no
2026-10-05T04:28:44.940862Z,KXETH15M-26OCT050030-30,0.0070,41.00,no
2026-10-05T04:28:44.940862Z,KXETH15M-26OCT050030-30,0.0060,41.00,no
2026-10-05T04:28:44.940862Z,KXETH15M-26OCT050030-30,0.0050,90.85,no
2026-10-05T04:28:44.940862Z,KXETH15M-26OCT050030-30,0.0040,86.66,no
2026-10-05T04:28:45.200029Z,KXETH15M-26OCT050030-30,0.0090,33.59,yes
2026-10-05T04:28:45.445534Z,KXETH15M-26OCT050030-30,0.0080,6.00,yes
2026-10-05T04:28:45.445534Z,KXETH15M-26OCT050030-30,0.0080,36.00,yes
2026-10-05T04:28:45.452606Z,KXETH15M-26OCT050030-30,0.0090,36.50,yes
2026-10-05T04:28:45.483083Z,KXETH15M-26OCT050030-30,0.0080,28.34,no
2026-10-05T04:28:45.583098Z,KXETH15M-26OCT050030-30,0.0090,2.25,yes
2026-10-05T04:28:45.736258Z,KXETH15M-26OCT050030-30,0.0080,2.01,no
2026-10-05T04:28:46.041234Z,KXETH15M-26OCT050030-30,0.0080,25.18,no
2026-10-05T04:28:46.387777Z,KXETH15M-26OCT050030-30,0.0070,3.56,no
2026-10-05T04:28:46.387777Z,KXETH15M-26OCT050030-30,0.0080,1.47,no
2026-10-05T04:28:46.567103Z,KXETH15M-26OCT050030-30,0.0090,5.75,yes
2026-10-05T04:28:46.567103Z,KXETH15M-26OCT050030-30,0.0090,3.66,yes
2026-10-05T04:28:46.829576Z,KXETH15M-26OCT050030-30,0.0080,1.00,yes
2026-10-05T04:28:46.829576Z,KXETH15M-26OCT050030-30,0.0090,6.57,yes
2026-10-05T04:28:48.092911Z,KXETH15M-26OCT050030-30,0.0070,7.00,yes
2026-10-05T04:28:48.092911Z,KXETH15M-26OCT050030-30,0.0070,4.00,yes
2026-10-05T04:28:48.092911Z,KXETH15M-26OCT050030-30,0.0070,16.00,yes
2026-10-05T04:28:48.092911Z,KXETH15M-26OCT050030-30,0.0090,11.43,yes
2026-10-05T04:28:48.092911Z,KXETH15M-26OCT050030-30,0.0090,7.68,yes
2026-10-05T04:28:48.190136Z,KXETH15M-26OCT050030-30,0.0060,5.00,no
2026-10-05T04:28:48.502357Z,KXETH15M-26OCT050030-30,0.0090,16.56,yes
2026-10-05T04:28:48.502357Z,KXETH15M-26OCT050030-30,0.0070,3.00,yes
2026-10-05T04:28:48.502357Z,KXETH15M-26OCT050030-30,0.0070,30.00,yes
2026-10-05T04:28:48.502357Z,KXETH15M-26OCT050030-30,0.0080,20.00,yes
2026-10-05T04:28:48.502357Z,KXETH15M-26OCT050030-30,0.0090,1.57,yes
2026-10-05T04:28:48.502357Z,KXETH15M-26OCT050030-30,0.0080,28.00,yes
2026-10-05T04:28:48.520844Z,KXETH15M-26OCT050030-30,0.0080,7.94,yes
2026-10-05T04:28:48.520844Z,KXETH15M-26OCT050030-30,0.0080,20.00,yes
2026-10-05T04:28:49.366097Z,KXETH15M-26OCT050030-30,0.0040,5.90,no
2026-10-05T04:28:49.636414Z,KXETH15M-26OCT050030-30,0.0040,182.66,no
2026-10-05T04:28:49.693835Z,KXETH15M-26OCT050030-30,0.0050,2.78,yes
2026-10-05T04:28:49.693835Z,KXETH15M-26OCT050030-30,0.0050,7.00,yes
2026-10-05T04:28:49.693835Z,KXETH15M-26OCT050030-30,0.0050,20.00,yes
2026-10-05T04:28:49.693835Z,KXETH15M-26OCT050030-30,0.0050,34.00,yes
2026-10-05T04:28:50.124743Z,KXETH15M-26OCT050030-30,0.0080,13.36,yes
2026-10-05T04:28:50.124743Z,KXETH15M-26OCT050030-30,0.0050,57.00,yes
2026-10-05T04:28:50.124743Z,KXETH15M-26OCT050030-30,0.0050,20.00,yes
2026-10-05T04:28:50.124743Z,KXETH15M-26OCT050030-30,0.0060,20.00,yes
2026-10-05T04:28:50.171572Z,KXETH15M-26OCT050030-30,0.0050,4.04,yes
2026-10-05T04:28:50.71564Z,KXETH15M-26OCT050030-30,0.0050,1.00,yes
2026-10-05T04:28:50.723901Z,KXETH15M-26OCT050030-30,0.0050,14.96,yes
2026-10-05T04:28:50.723901Z,KXETH15M-26OCT050030-30,0.0050,3.64,yes
2026-10-05T04:28:51.06775Z,KXETH15M-26OCT050030-30,0.0040,39.14,no
2026-10-05T04:28:51.501925Z,KXETH15M-26OCT050030-30,0.0100,5.38,yes
2026-10-05T04:28:51.501925Z,KXETH15M-26OCT050030-30,0.0090,4.00,yes
2026-10-05T04:28:51.501925Z,KXETH15M-26OCT050030-30,0.0100,24.00,yes
2026-10-05T04:28:51.501925Z,KXETH15M-26OCT050030-30,0.0100,4.00,yes
2026-10-05T04:28:51.501925Z,KXETH15M-26OCT050030-30,0.0090,4.00,yes
2026-10-05T04:28:51.501925Z,KXETH15M-26OCT050030-30,0.0100,4.00,yes
2026-10-05T04:28:51.501925Z,KXETH15M-26OCT050030-30,0.0050,43.36,yes
2026-10-05T04:28:51.501925Z,KXETH15M-26OCT050030-30,0.0060,20.00,yes
2026-10-05T04:28:51.501925Z,KXETH15M-26OCT050030-30,0.0050,20.00,yes
2026-10-05T04:28:51.501925Z,KXETH15M-26OCT050030-30,0.0080,5.00,yes
2026-10-05T04:28:51.501925Z,KXETH15M-26OCT050030-30,0.0080,40.00,yes
2026-10-05T04:28:51.501925Z,KXETH15M-26OCT050030-30,0.0050,31.00,yes
2026-10-05T04:28:51.501925Z,KXETH15M-26OCT050030-30,0.0090,50.00,yes
2026-10-05T04:28:52.067198Z,KXETH15M-26OCT050030-30,0.0040,42.15,no
2026-10-05T04:28:52.315621Z,KXETH15M-26OCT050030-30,0.0040,10.00,no
2026-10-05T04:28:52.315621Z,KXETH15M-26OCT050030-30,0.0040,1.00,no
2026-10-05T04:28:52.315621Z,KXETH15M-26OCT050030-30,0.0030,2.00,no
2026-10-05T04:28:52.315621Z,KXETH15M-26OCT050030-30,0.0040,1.00,no
2026-10-05T04:28:52.315621Z,KXETH15M-26OCT050030-30,0.0030,2.00,no
2026-10-05T04:28:52.315621Z,KXETH15M-26OCT050030-30,0.0040,1.00,no
2026-10-05T04:28:52.315621Z,KXETH15M-26OCT050030-30,0.0040,1.00,no
2026-10-05T04:28:52.315621Z,KXETH15M-26OCT050030-30,0.0030,2.00,no
2026-10-05T04:28:52.315621Z,KXETH15M-26OCT050030-30,0.0030,2.00,no
2026-10-05T04:28:52.315621Z,KXETH15M-26OCT050030-30,0.0040,1.00,no
2026-10-05T04:28:52.315621Z,KXETH15M-26OCT050030-30,0.0030,2.00,no
2026-10-05T04:28:52.315621Z,KXETH15M-26OCT050030-30,0.0030,18.00,no
2026-10-05T04:28:52.315621Z,KXETH15M-26OCT050030-30,0.0040,13.00,no
2026-10-05T04:28:52.315621Z,KXETH15M-26OCT050030-30,0.0030,100.00,no
2026-10-05T04:28:52.315621Z,KXETH15M-26OCT050030-30,0.0040,100.00,no
2026-10-05T04:28:52.315621Z,KXETH15M-26OCT050030-30,0.0030,400.00,no
2026-10-05T04:28:52.315621Z,KXETH15M-26OCT050030-30,0.0040,206.49,no
2026-10-05T04:28:52.315621Z,KXETH15M-26OCT050030-30,0.0020,439.64,no
2026-10-05T04:28:52.315621Z,KXETH15M-26OCT050030-30,0.0030,250.00,no
2026-10-05T04:28:52.601935Z,KXETH15M-26OCT050030-30,0.0050,20.00,yes
2026-10-05T04:28:52.601935Z,KXETH15M-26OCT050030-30,0.0050,40.00,yes
2026-10-05T04:28:52.601935Z,KXETH15M-26OCT050030-30,0.0040,100.00,yes
2026-10-05T04:28:52.601935Z,KXETH15M-26OCT050030-30,0.0050,137.79,yes
2026-10-05T04:28:52.601935Z,KXETH15M-26OCT050030-30,0.0040,49.00,yes
2026-10-05T04:28:52.601935Z,KXETH15M-26OCT050030-30,0.0050,100.00,yes
2026-10-05T04:28:53.001691Z,KXETH15M-26OCT050030-30,0.0050,71.95,yes
2026-10-05T04:28:53.103802Z,KXETH15M-26OCT050030-30,0.0020,501.20,no
2026-10-05T04:28:53.31655Z,KXETH15M-26OCT050030-30,0.0040,38.00,yes
2026-10-05T04:28:53.31655Z,KXETH15M-26OCT050030-30,0.0050,94.97,yes
2026-10-05T04:28:53.31655Z,KXETH15M-26OCT050030-30,0.0030,19.00,yes
2026-10-05T04:28:53.31655Z,KXETH15M-26OCT050030-30,0.0030,15.00,yes
2026-10-05T04:28:53.31655Z,KXETH15M-26OCT050030-30,0.0040,20.00,yes
2026-10-05T04:28:53.484719Z,KXETH15M-26OCT050030-30,0.0040,1.38,yes
2026-10-05T04:28:54.230115Z,KXETH15M-26OCT050030-30,0.0030,0.08,yes
2026-10-05T04:28:54.230115Z,KXETH15M-26OCT050030-30,0.0040,1.92,yes
2026-10-05T04:28:54.251295Z,KXETH15M-26OCT050030-30,0.0050,76.52,yes
2026-10-05T04:28:54.251295Z,KXETH15M-26OCT050030-30,0.0050,134.93,yes
2026-10-05T04:28:54.251295Z,KXETH15M-26OCT050030-30,0.0040,16.70,yes
2026-10-05T04:28:54.251295Z,KXETH15M-26OCT050030-30,0.0040,0.08,yes
2026-10-05T04:28:54.615774Z,KXETH15M-26OCT050030-30,0.0020,17.03,no
2026-10-05T04:28:54.737186Z,KXETH15M-26OCT050030-30,0.0040,0.08,yes
2026-10-05T04:28:54.737186Z,KXETH15M-26OCT050030-30,0.0040,20.00,yes
2026-10-05T04:28:54.747485Z,KXETH15M-26OCT050030-30,0.0040,2.00,yes
2026-10-05T04:28:54.753984Z,KXETH15M-26OCT050030-30,0.0040,2.00,yes
2026-10-05T04:28:54.753984Z,KXETH15M-26OCT050030-30,0.0040,18.00,yes
2026-10-05T04:28:54.763393Z,KXETH15M-26OCT050030-30,0.0040,104.00,yes
2026-10-05T04:28:54.763393Z,KXETH15M-26OCT050030-30,0.0050,12.66,yes
2026-10-05T04:28:54.849216Z,KXETH15M-26OCT050030-30,0.0050,12.00,yes
2026-10-05T04:28:54.849717Z,KXETH15M-26OCT050030-30,0.0050,148.82,yes
2026-10-05T04:28:54.849717Z,KXETH15M-26OCT050030-30,0.0050,34.00,yes
2026-10-05T04:28:54.849717Z,KXETH15M-26OCT050030-30,0.0050,0.09,yes
2026-10-05T04:28:54.849717Z,KXETH15M-26OCT050030-30,0.0050,9.67,yes
2026-10-05T04:28:54.861166Z,KXETH15M-26OCT050030-30,0.0050,4.00,yes
2026-10-05T04:28:54.870037Z,KXETH15M-26OCT050030-30,0.0050,2.00,yes
2026-10-05T04:28:54.876955Z,KXETH15M-26OCT050030-30,0.0050,2.00,yes
2026-10-05T04:28:55.145807Z,KXETH15M-26OCT050030-30,0.0040,20.00,no
2026-10-05T04:28:55.174029Z,KXETH15M-26OCT050030-30,0.0050,7.00,yes
2026-10-05T04:28:55.179238Z,KXETH15M-26OCT050030-30,0.0050,3.00,yes
2026-10-05T04:28:55.186043Z,KXETH15M-26OCT050030-30,0.0050,3.00,yes
2026-10-05T04:28:55.192183Z,KXETH15M-26OCT050030-30,0.0050,1.00,yes
2026-10-05T04:28:55.236523Z,KXETH15M-26OCT050030-30,0.0040,7.00,no
2026-10-05T04:28:55.236523Z,KXETH15M-26OCT050030-30,0.0040,209.00,no
2026-10-05T04:28:55.637688Z,KXETH15M-26OCT050030-30,0.0050,1.01,yes
2026-10-05T04:28:55.834178Z,KXETH15M-26OCT050030-30,0.0030,186.97,yes
2026-10-05T04:28:56.174433Z,KXETH15M-26OCT050030-30,0.0030,159.05,yes
2026-10-05T04:28:56.535639Z,KXETH15M-26OCT050030-30,0.0030,189.14,yes
2026-10-05T04:28:57.048149Z,KXETH15M-26OCT050030-30,0.0020,10.01,no
2026-10-05T04:28:57.093516Z,KXETH15M-26OCT050030-30,0.0020,176.00,no
2026-10-05T04:28:57.112286Z,KXETH15M-26OCT050030-30,0.0020,268.00,no
2026-10-05T04:28:57.146213Z,KXETH15M-26OCT050030-30,0.0020,766.47,no
2026-10-05T04:28:57.337417Z,KXETH15M-26OCT050030-30,0.0030,2.01,yes
2026-10-05T04:28:57.720299Z,KXETH15M-26OCT050030-30,0.0030,28.90,yes
2026-10-05T04:28:57.7584Z,KXETH15M-26OCT050030-30,0.0020,5.00,no
2026-10-05T04:28:58.615231Z,KXETH15M-26OCT050030-30,0.0020,511.22,no
2026-10-05T04:28:58.989877Z,KXETH15M-26OCT050030-30,0.0030,453.68,yes
2026-10-05T04:28:59.07297Z,KXETH15M-26OCT050030-30,0.0030,1.03,yes
2026-10-05T04:28:59.304057Z,KXETH15M-26OCT050030-30,0.0030,68.32,yes
2026-10-05T04:28:59.315357Z,KXETH15M-26OCT050030-30,0.0020,2.00,no
2026-10-05T04:28:59.527657Z,KXETH15M-26OCT050030-30,0.0030,2.07,yes
2026-10-05T04:28:59.530332Z,KXETH15M-26OCT050030-30,0.0020,1.00,no
2026-10-05T04:28:59.548207Z,KXETH15M-26OCT050030-30,0.0020,36.00,no
2026-10-05T04:28:59.576473Z,KXETH15M-26OCT050030-30,0.0020,1.00,no
2026-10-05T04:28:59.60463Z,KXETH15M-26OCT050030-30,0.0020,250.00,no
2026-10-05T04:28:59.663656Z,KXETH15M-26OCT050030-30,0.0020,11.00,no
2026-10-05T04:28:59.787443Z,KXETH15M-26OCT050030-30,0.0020,1.71,no
2026-10-05T04:28:59.787443Z,KXETH15M-26OCT050030-30,0.0020,4.43,no
2026-10-05T04:28:59.906217Z,KXETH15M-26OCT050030-30,0.0030,75.00,yes
2026-10-05T04:28:59.921655Z,KXETH15M-26OCT050030-30,0.0020,2.00,no
2026-10-05T04:28:59.930419Z,KXETH15M-26OCT050030-30,0.0020,2.00,no
2026-10-05T04:29:00.103534Z,KXETH15M-26OCT050030-30,0.0020,1.00,no
2026-10-05T04:29:00.110764Z,KXETH15M-26OCT050030-30,0.0030,10.35,yes
2026-10-05T04:29:00.231618Z,KXETH15M-26OCT050030-30,0.0020,177.68,no
2026-10-05T04:29:00.42933Z,KXETH15M-26OCT050030-30,0.0020,113.73,no
2026-10-05T04:29:00.467863Z,KXETH15M-26OCT050030-30,0.0020,2.00,no
2026-10-05T04:29:00.493541Z,KXETH15M-26OCT050030-30,0.0030,128.67,yes
2026-10-05T04:29:00.507995Z,KXETH15M-26OCT050030-30,0.0020,5.00,no
2026-10-05T04:29:00.713897Z,KXETH15M-26OCT050030-30,0.0030,12.47,yes
2026-10-05T04:29:00.812426Z,KXETH15M-26OCT050030-30,0.0020,90.96,no
2026-10-05T04:29:00.812426Z,KXETH15M-26OCT050030-30,0.0020,194.88,no
2026-10-05T04:29:00.840638Z,KXETH15M-26OCT050030-30,0.0020,7.00,no
2026-10-05T04:29:00.840638Z,KXETH15M-26OCT050030-30,0.0020,72.00,no
2026-10-05T04:29:00.840638Z,KXETH15M-26OCT050030-30,0.0020,26.00,no
2026-10-05T04:29:00.840638Z,KXETH15M-26OCT050030-30,0.0020,3.00,no
2026-10-05T04:29:00.840638Z,KXETH15M-26OCT050030-30,0.0020,3.00,no
2026-10-05T04:29:00.840638Z,KXETH15M-26OCT050030-30,0.0020,3.00,no
2026-10-05T04:29:00.840638Z,KXETH15M-26OCT050030-30,0.0020,3.00,no
2026-10-05T04:29:00.840638Z,KXETH15M-26OCT050030-30,0.0020,3.00,no
2026-10-05T04:29:00.840638Z,KXETH15M-26OCT050030-30,0.0020,9.04,no
2026-10-05T04:29:00.935898Z,KXETH15M-26OCT050030-30,0.0020,311.59,yes
2026-10-05T04:29:01.034528Z,KXETH15M-26OCT050030-30,0.0010,185.00,no
2026-10-05T04:29:01.034528Z,KXETH15M-26OCT050030-30,0.0010,400.00,no
2026-10-05T04:29:01.060625Z,KXETH15M-26OCT050030-30,0.0020,40.99,yes
2026-10-05T04:29:01.197647Z,KXETH15M-26OCT050030-30,0.0010,4.00,no
2026-10-05T04:29:01.347275Z,KXETH15M-26OCT050030-30,0.0020,7.18,yes
2026-10-05T04:29:01.471648Z,KXETH15M-26OCT050030-30,0.0010,400.00,no
2026-10-05T04:29:01.47526Z,KXETH15M-26OCT050030-30,0.0020,42.15,yes
2026-10-05T04:29:01.64718Z,KXETH15M-26OCT050030-30,0.0020,22.00,yes
2026-10-05T04:29:01.879664Z,KXETH15M-26OCT050030-30,0.0020,1.73,yes
2026-10-05T04:29:02.51721Z,KXETH15M-26OCT050030-30,0.0020,458.01,yes
2026-10-05T04:29:02.858682Z,KXETH15M-26OCT050030-30,0.0010,9.80,no
2026-10-05T04:29:03.065924Z,KXETH15M-26OCT050030-30,0.0020,458.01,yes
2026-10-05T04:29:03.206916Z,KXETH15M-26OCT050030-30,0.0010,2.00,no
2026-10-05T04:29:03.357698Z,KXETH15M-26OCT050030-30,0.0010,400.00,no
2026-10-05T04:29:03.519118Z,KXETH15M-26OCT050030-30,0.0010,54.00,no
2026-10-05T04:29:03.724992Z,KXETH15M-26OCT050030-30,0.0010,10.01,no
2026-10-05T04:29:04.143322Z,KXETH15M-26OCT050030-30,0.0010,1627.08,no
2026-10-05T04:29:05.205413Z,KXETH15M-26OCT050030-30,0.0020,10.20,yes
2026-10-05T04:29:05.394342Z,KXETH15M-26OCT050030-30,0.0010,200.00,no
2026-10-05T04:29:05.400656Z,KXETH15M-26OCT050030-30,0.0010,3.00,no
2026-10-05T04:29:05.555142Z,KXETH15M-26OCT050030-30,0.0020,1.01,yes
2026-10-05T04:29:05.939539Z,KXETH15M-26OCT050030-30,0.0010,50.00,no
2026-10-05T04:29:05.939539Z,KXETH15M-26OCT050030-30,0.0010,4.00,no
2026-10-05T04:29:05.939539Z,KXETH15M-26OCT050030-30,0.0010,4.00,no
2026-10-05T04:29:05.939539Z,KXETH15M-26OCT050030-30,0.0010,66.00,no
2026-10-05T04:29:05.939539Z,KXETH15M-26OCT050030-30,0.0010,41.00,no
2026-10-05T04:29:05.939539Z,KXETH15M-26OCT050030-30,0.0010,110.00,no
2026-10-05T04:29:05.939539Z,KXETH15M-26OCT050030-30,0.0010,1.00,no
2026-10-05T04:29:05.939539Z,KXETH15M-26OCT050030-30,0.0010,1.00,no
2026-10-05T04:29:05.939539Z,KXETH15M-26OCT050030-30,0.0010,1000.00,no
2026-10-05T04:29:05.939539Z,KXETH15M-26OCT050030-30,0.0010,2000.00,no
2026-10-05T04:29:05.939539Z,KXETH15M-26OCT050030-30,0.0010,11268.11,no
2026-10-05T04:29:05.939539Z,KXETH15M-26OCT050030-30,0.0010,980.00,no
2026-10-05T04:29:05.939539Z,KXETH15M-26OCT050030-30,0.0010,100.00,no
2026-10-05T04:29:05.939539Z,KXETH15M-26OCT050030-30,0.0010,1.00,no
2026-10-05T04:29:06.06207Z,KXETH15M-26OCT050030-30,0.0010,95.49,yes
2026-10-05T04:29:07.322607Z,KXETH15M-26OCT050030-30,0.0010,613.76,yes
2026-10-05T04:29:07.653803Z,KXETH15M-26OCT050030-30,0.0010,93.49,yes
2026-10-05T04:29:07.666732Z,KXETH15M-26OCT050030-30,0.0010,915.99,yes
2026-10-05T04:29:09.351471Z,KXETH15M-26OCT050030-30,0.0010,342.22,yes
2026-10-05T04:29:09.591902Z,KXETH15M-26OCT050030-30,0.0010,677.85,yes
2026-10-05T04:29:10.111085Z,KXETH15M-26OCT050030-30,0.0010,915.99,yes
2026-10-05T04:29:11.144258Z,KXETH15M-26OCT050030-30,0.0010,915.99,yes
2026-10-05T04:29:11.45397Z,KXETH15M-26OCT050030-30,0.0010,467.39,yes
2026-10-05T04:29:11.942464Z,KXETH15M-26OCT050030-30,0.0010,915.99,yes
2026-10-05T04:29:12.819347Z,KXETH15M-26OCT050030-30,0.0010,16.45,yes
2026-10-05T04:29:13.772844Z,KXETH15M-26OCT050030-30,0.0010,113.90,yes
2026-10-05T04:29:15.156513Z,KXETH15M-26OCT050030-30,0.0010,22.71,yes
2026-10-05T04:29:17.149425Z,KXETH15M-26OCT050030-30,0.0010,181.03,yes
2026-10-05T04:29:17.910641Z,KXETH15M-26OCT050030-30,0.0010,451.00,yes
2026-10-05T04:29:18.047693Z,KXETH15M-26OCT050030-30,0.0010,24.28,yes
2026-10-05T04:29:18.109289Z,KXETH15M-26OCT050030-30,0.0010,4.00,yes
2026-10-05T04:29:19.044653Z,KXETH15M-26OCT050030-30,0.0010,10.83,yes
2026-10-05T04:29:19.716272Z,KXETH15M-26OCT050030-30,0.0010,1.06,yes
2026-10-05T04:29:20.349341Z,KXETH15M-26OCT050030-30,0.0010,1.03,yes
2026-10-05T04:29:24.16682Z,KXETH15M-26OCT050030-30,0.0010,10.61,yes
2026-10-05T04:29:24.69216Z,KXETH15M-26OCT050030-30,0.0010,1.06,yes
2026-10-05T04:29:24.955119Z,KXETH15M-26OCT050030-30,0.0010,0.47,yes
2026-10-05T04:29:29.520434Z,KXETH15M-26OCT050030-30,0.0010,4579.77,yes
2026-10-05T04:29:31.247638Z,KXETH15M-26OCT050030-30,0.0010,5.00,yes
2026-10-05T04:29:31.377467Z,KXETH15M-26OCT050030-30,0.0010,1098.86,yes
2026-10-05T04:29:31.377467Z,KXETH15M-26OCT050030-30,0.0010,6329.53,yes
2026-10-05T04:29:32.199282Z,KXETH15M-26OCT050030-30,0.0010,0.09,yes
2026-10-05T04:29:34.957298Z,KXETH15M-26OCT050030-30,0.0010,9.80,yes
2026-10-05T04:29:35.409434Z,KXETH15M-26OCT050030-30,0.0010,915.99,yes
2026-10-05T04:29:41.713876Z,KXETH15M-26OCT050030-30,0.0010,82.81,yes
2026-10-05T04:29:41.713876Z,KXETH15M-26OCT050030-30,0.0010,326.70,yes
2026-10-05T04:29:41.713876Z,KXETH15M-26OCT050030-30,0.0010,81.00,yes
2026-10-05T04:29:41.713876Z,KXETH15M-26OCT050030-30,0.0010,200.00,yes
2026-10-05T04:29:41.713876Z,KXETH15M-26OCT050030-30,0.0010,3304.26,yes
2026-10-05T04:29:41.713876Z,KXETH15M-26OCT050030-30,0.0010,400.00,yes
2026-10-05T04:29:41.713876Z,KXETH15M-26OCT050030-30,0.0010,185.00,yes
2026-10-05T04:29:47.956034Z,KXETH15M-26OCT050030-30,0.0010,1.45,yes
2026-10-05T04:29:48.674748Z,KXETH15M-26OCT050030-30,0.0010,71.85,yes
2026-10-05T04:29:48.674748Z,KXETH15M-26OCT050030-30,0.0010,6.48,yes
2026-10-05T04:29:56.143297Z,KXETH15M-26OCT050030-30,0.0010,448.69,yes
2026-10-05T04:29:57.153594Z,KXETH15M-26OCT050030-30,0.0010,111.00,yes
2026-10-05T04:29:57.250481Z,KXETH15M-26OCT050030-30,0.0010,5.06,yes
2026-10-05T04:28:04.196022Z,KXWTI15M-26OCT050030-30,0.0120,80.00,no
2026-10-05T04:28:05.090969Z,KXWTI15M-26OCT050030-30,0.0210,172.00,yes
2026-10-05T04:28:05.090969Z,KXWTI15M-26OCT050030-30,0.0210,41.00,yes
2026-10-05T04:28:05.090969Z,KXWTI15M-26OCT050030-30,0.0210,9.82,yes
2026-10-05T04:28:07.718344Z,KXWTI15M-26OCT050030-30,0.0220,60.00,yes
2026-10-05T04:28:07.718344Z,KXWTI15M-26OCT050030-30,0.0220,68.05,yes
2026-10-05T04:28:07.718344Z,KXWTI15M-26OCT050030-30,0.0210,25.00,yes
2026-10-05T04:28:07.718344Z,KXWTI15M-26OCT050030-30,0.0200,113.00,yes
2026-10-05T04:28:14.436562Z,KXWTI15M-26OCT050030-30,0.0180,30.00,yes
2026-10-05T04:28:14.436562Z,KXWTI15M-26OCT050030-30,0.0190,8.55,yes
2026-10-05T04:28:14.436562Z,KXWTI15M-26OCT050030-30,0.0180,30.00,yes
2026-10-05T04:28:14.436562Z,KXWTI15M-26OCT050030-30,0.0170,37.00,yes
2026-10-05T04:28:15.232318Z,KXWTI15M-26OCT050030-30,0.0120,20.00,no
2026-10-05T04:28:15.232318Z,KXWTI15M-26OCT050030-30,0.0120,52.44,no
2026-10-05T04:28:15.232318Z,KXWTI15M-26OCT050030-30,0.0120,10.00,no
2026-10-05T04:28:16.609358Z,KXWTI15M-26OCT050030-30,0.0180,111.00,yes
2026-10-05T04:28:16.609358Z,KXWTI15M-26OCT050030-30,0.0200,60.00,yes
2026-10-05T04:28:16.609358Z,KXWTI15M-26OCT050030-30,0.0180,30.00,yes
2026-10-05T04:28:16.609358Z,KXWTI15M-26OCT050030-30,0.0180,30.00,yes
2026-10-05T04:28:16.609358Z,KXWTI15M-26OCT050030-30,0.0210,38.28,yes
2026-10-05T04:28:16.609358Z,KXWTI15M-26OCT050030-30,0.0200,41.00,yes
2026-10-05T04:28:21.742549Z,KXWTI15M-26OCT050030-30,0.0110,14.00,no
2026-10-05T04:28:22.518478Z,KXWTI15M-26OCT050030-30,0.0180,30.00,yes
2026-10-05T04:28:22.518478Z,KXWTI15M-26OCT050030-30,0.0180,21.98,yes
2026-10-05T04:28:24.781151Z,KXWTI15M-26OCT050030-30,0.0150,51.98,yes
2026-10-05T04:28:26.133027Z,KXWTI15M-26OCT050030-30,0.0150,57.37,yes
2026-10-05T04:28:26.152186Z,KXWTI15M-26OCT050030-30,0.0170,30.00,yes
2026-10-05T04:28:26.152186Z,KXWTI15M-26OCT050030-30,0.0170,27.20,yes
2026-10-05T04:28:26.152186Z,KXWTI15M-26OCT050030-30,0.0150,59.00,yes
2026-10-05T04:28:28.728605Z,KXWTI15M-26OCT050030-30,0.0100,25.00,no
2026-10-05T04:28:28.728605Z,KXWTI15M-26OCT050030-30,0.0100,361.00,no
2026-10-05T04:28:28.728605Z,KXWTI15M-26OCT050030-30,0.0110,186.00,no
2026-10-05T04:28:28.728605Z,KXWTI15M-26OCT050030-30,0.0110,10.00,no
2026-10-05T04:28:28.728605Z,KXWTI15M-26OCT050030-30,0.0110,23.00,no
2026-10-05T04:28:28.865061Z,KXWTI15M-26OCT050030-30,0.0100,3.00,no
2026-10-05T04:28:29.397867Z,KXWTI15M-26OCT050030-30,0.0100,50.00,no
2026-10-05T04:28:29.404833Z,KXWTI15M-26OCT050030-30,0.0100,50.00,no
2026-10-05T04:28:29.409575Z,KXWTI15M-26OCT050030-30,0.0100,50.00,no
2026-10-05T04:28:29.416145Z,KXWTI15M-26OCT050030-30,0.0100,50.00,no
2026-10-05T04:28:29.420135Z,KXWTI15M-26OCT050030-30,0.0100,50.00,no
2026-10-05T04:28:29.425772Z,KXWTI15M-26OCT050030-30,0.0100,50.00,no
2026-10-05T04:28:29.431457Z,KXWTI15M-26OCT050030-30,0.0100,50.00,no
2026-10-05T04:28:29.438141Z,KXWTI15M-26OCT050030-30,0.0100,10.00,no
2026-10-05T04:28:29.438141Z,KXWTI15M-26OCT050030-30,0.0100,4.00,no
2026-10-05T04:28:29.438141Z,KXWTI15M-26OCT050030-30,0.0100,36.00,no
2026-10-05T04:28:29.443528Z,KXWTI15M-26OCT050030-30,0.0100,21.00,no
2026-10-05T04:28:29.443528Z,KXWTI15M-26OCT050030-30,0.0090,29.00,no
2026-10-05T04:28:29.661692Z,KXWTI15M-26OCT050030-30,0.0080,10.00,no
2026-10-05T04:28:29.661692Z,KXWTI15M-26OCT050030-30,0.0070,25.00,no
2026-10-05T04:28:29.661692Z,KXWTI15M-26OCT050030-30,0.0060,3.00,no
2026-10-05T04:28:29.661692Z,KXWTI15M-26OCT050030-30,0.0080,108.00,no
2026-10-05T04:28:32.240821Z,KXWTI15M-26OCT050030-30,0.0070,25.00,no
2026-10-05T04:28:32.240821Z,KXWTI15M-26OCT050030-30,0.0070,101.00,no
2026-10-05T04:28:32.240821Z,KXWTI15M-26OCT050030-30,0.0060,254.63,no
2026-10-05T04:28:34.058719Z,KXWTI15M-26OCT050030-30,0.0090,30.83,yes
2026-10-05T04:28:34.058719Z,KXWTI15M-26OCT050030-30,0.0090,50.00,yes
2026-10-05T04:28:34.058719Z,KXWTI15M-26OCT050030-30,0.0090,21.00,yes
2026-10-05T04:28:34.332143Z,KXWTI15M-26OCT050030-30,0.0110,5.00,no
2026-10-05T04:28:34.760347Z,KXWTI15M-26OCT050030-30,0.0160,17.42,yes
2026-10-05T04:28:34.760347Z,KXWTI15M-26OCT050030-30,0.0150,28.00,yes
2026-10-05T04:28:34.760347Z,KXWTI15M-26OCT050030-30,0.0160,4.00,yes
2026-10-05T04:28:34.760347Z,KXWTI15M-26OCT050030-30,0.0160,25.00,yes
2026-10-05T04:28:34.760347Z,KXWTI15M-26OCT050030-30,0.0160,30.00,yes
2026-10-05T04:28:34.760347Z,KXWTI15M-26OCT050030-30,0.0160,30.00,yes
2026-10-05T04:28:34.760347Z,KXWTI15M-26OCT050030-30,0.0130,124.00,yes
2026-10-05T04:28:36.242251Z,KXWTI15M-26OCT050030-30,0.0130,9.82,yes
2026-10-05T04:28:36.242251Z,KXWTI15M-26OCT050030-30,0.0120,57.00,yes
2026-10-05T04:28:37.978822Z,KXWTI15M-26OCT050030-30,0.0130,8.90,yes
2026-10-05T04:28:37.978822Z,KXWTI15M-26OCT050030-30,0.0130,75.00,yes
2026-10-05T04:28:37.978822Z,KXWTI15M-26OCT050030-30,0.0130,30.00,yes
2026-10-05T04:28:37.978822Z,KXWTI15M-26OCT050030-30,0.0130,30.00,yes
2026-10-05T04:28:38.238167Z,KXWTI15M-26OCT050030-30,0.0130,41.80,yes
2026-10-05T04:28:38.238167Z,KXWTI15M-26OCT050030-30,0.0130,102.10,yes
2026-10-05T04:28:38.390032Z,KXWTI15M-26OCT050030-30,0.0110,23.42,no
2026-10-05T04:28:38.55767Z,KXWTI15M-26OCT050030-30,0.0130,44.00,yes
2026-10-05T04:28:38.55767Z,KXWTI15M-26OCT050030-30,0.0120,60.00,yes
2026-10-05T04:28:38.55767Z,KXWTI15M-26OCT050030-30,0.0150,28.00,yes
2026-10-05T04:28:38.55767Z,KXWTI15M-26OCT050030-30,0.0160,111.00,yes
2026-10-05T04:28:38.55767Z,KXWTI15M-26OCT050030-30,0.0160,23.58,yes
2026-10-05T04:28:38.55767Z,KXWTI15M-26OCT050030-30,0.0180,40.72,yes
2026-10-05T04:28:38.60578Z,KXWTI15M-26OCT050030-30,0.0110,1.00,no
2026-10-05T04:28:38.852487Z,KXWTI15M-26OCT050030-30,0.0110,5.00,no
2026-10-05T04:28:39.015315Z,KXWTI15M-26OCT050030-30,0.0110,40.30,no
2026-10-05T04:28:40.426504Z,KXWTI15M-26OCT050030-30,0.0160,13.76,yes
2026-10-05T04:28:40.720698Z,KXWTI15M-26OCT050030-30,0.0110,1.00,no
2026-10-05T04:28:43.309192Z,KXWTI15M-26OCT050030-30,0.0110,116.00,no
2026-10-05T04:28:44.414232Z,KXWTI15M-26OCT050030-30,0.0110,2.10,no
2026-10-05T04:28:45.215366Z,KXWTI15M-26OCT050030-30,0.0100,25.00,no
2026-10-05T04:28:45.215366Z,KXWTI15M-26OCT050030-30,0.0110,6.18,no
2026-10-05T04:28:45.215366Z,KXWTI15M-26OCT050030-30,0.0050,63.07,no
2026-10-05T04:28:45.215366Z,KXWTI15M-26OCT050030-30,0.0060,28.00,no
2026-10-05T04:28:45.215366Z,KXWTI15M-26OCT050030-30,0.0090,112.00,no
2026-10-05T04:28:45.573329Z,KXWTI15M-26OCT050030-30,0.0100,20.00,no
2026-10-05T04:28:46.070179Z,KXWTI15M-26OCT050030-30,0.0100,65.07,no
2026-10-05T04:28:46.49226Z,KXWTI15M-26OCT050030-30,0.0120,25.00,yes
2026-10-05T04:28:46.49226Z,KXWTI15M-26OCT050030-30,0.0190,121.04,yes
2026-10-05T04:28:46.49226Z,KXWTI15M-26OCT050030-30,0.0160,30.00,yes
2026-10-05T04:28:46.49226Z,KXWTI15M-26OCT050030-30,0.0150,60.00,yes
2026-10-05T04:28:46.49226Z,KXWTI15M-26OCT050030-30,0.0150,60.00,yes
2026-10-05T04:28:46.49226Z,KXWTI15M-26OCT050030-30,0.0120,40.00,yes
2026-10-05T04:28:46.49226Z,KXWTI15M-26OCT050030-30,0.0140,31.00,yes
2026-10-05T04:28:46.49226Z,KXWTI15M-26OCT050030-30,0.0170,111.00,yes
2026-10-05T04:28:46.49226Z,KXWTI15M-26OCT050030-30,0.0120,30.00,yes
2026-10-05T04:28:46.49226Z,KXWTI15M-26OCT050030-30,0.0130,41.00,yes
2026-10-05T04:28:46.49226Z,KXWTI15M-26OCT050030-30,0.0190,40.00,yes
2026-10-05T04:28:50.759783Z,KXWTI15M-26OCT050030-30,0.0100,114.93,no
2026-10-05T04:28:50.759783Z,KXWTI15M-26OCT050030-30,0.0100,25.00,no
2026-10-05T04:28:50.759783Z,KXWTI15M-26OCT050030-30,0.0100,1.00,no
2026-10-05T04:28:50.812665Z,KXWTI15M-26OCT050030-30,0.0110,17.00,yes
2026-10-05T04:28:50.948061Z,KXWTI15M-26OCT050030-30,0.0100,38.00,no
2026-10-05T04:28:52.128793Z,KXWTI15M-26OCT050030-30,0.0100,20.18,no
2026-10-05T04:28:53.591262Z,KXWTI15M-26OCT050030-30,0.0080,59.93,no
2026-10-05T04:28:53.591262Z,KXWTI15M-26OCT050030-30,0.0100,141.82,no
2026-10-05T04:28:57.879186Z,KXWTI15M-26OCT050030-30,0.0100,24.62,no
2026-10-05T04:28:58.092766Z,KXWTI15M-26OCT050030-30,0.0100,175.38,no
2026-10-05T04:28:58.235764Z,KXWTI15M-26OCT050030-30,0.0090,9.88,no
2026-10-05T04:28:59.613137Z,KXWTI15M-26OCT050030-30,0.0080,57.37,no
2026-10-05T04:29:01.823177Z,KXWTI15M-26OCT050030-30,0.0100,24.00,yes
2026-10-05T04:29:01.823177Z,KXWTI15M-26OCT050030-30,0.0100,24.62,yes
2026-10-05T04:29:01.823177Z,KXWTI15M-26OCT050030-30,0.0100,8.50,yes
2026-10-05T04:29:01.823177Z,KXWTI15M-26OCT050030-30,0.0100,10.00,yes
2026-10-05T04:29:02.21155Z,KXWTI15M-26OCT050030-30,0.0090,1.00,no
2026-10-05T04:29:02.532741Z,KXWTI15M-26OCT050030-30,0.0090,199.00,no
2026-10-05T04:29:02.532741Z,KXWTI15M-26OCT050030-30,0.0090,74.28,no
2026-10-05T04:29:05.083134Z,KXWTI15M-26OCT050030-30,0.0110,205.00,yes
2026-10-05T04:29:05.083134Z,KXWTI15M-26OCT050030-30,0.0110,0.41,yes
2026-10-05T04:29:05.083134Z,KXWTI15M-26OCT050030-30,0.0110,25.00,yes
2026-10-05T04:29:05.083134Z,KXWTI15M-26OCT050030-30,0.0100,213.50,yes
2026-10-05T04:29:05.922867Z,KXWTI15M-26OCT050030-30,0.0100,1.00,no
2026-10-05T04:29:06.789284Z,KXWTI15M-26OCT050030-30,0.0090,1.00,no
2026-10-05T04:29:06.789284Z,KXWTI15M-26OCT050030-30,0.0040,21.00,no
2026-10-05T04:29:06.789284Z,KXWTI15M-26OCT050030-30,0.0100,225.00,no
2026-10-05T04:29:06.789284Z,KXWTI15M-26OCT050030-30,0.0020,499.60,no
2026-10-05T04:29:06.789284Z,KXWTI15M-26OCT050030-30,0.0030,108.00,no
2026-10-05T04:29:06.789284Z,KXWTI15M-26OCT050030-30,0.0020,400.00,no
2026-10-05T04:29:06.97107Z,KXWTI15M-26OCT050030-30,0.0050,353.88,yes
2026-10-05T04:29:08.133902Z,KXWTI15M-26OCT050030-30,0.0050,41.25,yes
2026-10-05T04:29:08.133902Z,KXWTI15M-26OCT050030-30,0.0050,145.72,yes
2026-10-05T04:29:09.326426Z,KXWTI15M-26OCT050030-30,0.0110,5.32,yes
2026-10-05T04:29:09.326426Z,KXWTI15M-26OCT050030-30,0.0090,358.75,yes
2026-10-05T04:29:09.326426Z,KXWTI15M-26OCT050030-30,0.0110,40.59,yes
2026-10-05T04:29:10.167312Z,KXWTI15M-26OCT050030-30,0.0040,219.44,no
2026-10-05T04:29:13.755738Z,KXWTI15M-26OCT050030-30,0.0110,24.68,yes
2026-10-05T04:29:13.755738Z,KXWTI15M-26OCT050030-30,0.0110,60.34,yes
2026-10-05T04:29:15.964017Z,KXWTI15M-26OCT050030-30,0.0110,7.36,yes
2026-10-05T04:29:15.964017Z,KXWTI15M-26OCT050030-30,0.0110,30.00,yes
2026-10-05T04:29:15.964017Z,KXWTI15M-26OCT050030-30,0.0110,47.66,yes
2026-10-05T04:29:16.026584Z,KXWTI15M-26OCT050030-30,0.0040,118.00,no
2026-10-05T04:29:16.054801Z,KXWTI15M-26OCT050030-30,0.0030,25.00,no
2026-10-05T04:29:16.434151Z,KXWTI15M-26OCT050030-30,0.0030,25.00,no
2026-10-05T04:29:16.434151Z,KXWTI15M-26OCT050030-30,0.0030,63.00,no
2026-10-05T04:29:17.717125Z,KXWTI15M-26OCT050030-30,0.0110,183.00,yes
2026-10-05T04:29:17.717125Z,KXWTI15M-26OCT050030-30,0.0110,212.11,yes
2026-10-05T04:29:17.717125Z,KXWTI15M-26OCT050030-30,0.0110,30.00,yes
2026-10-05T04:29:17.736503Z,KXWTI15M-26OCT050030-30,0.0030,25.00,no
2026-10-05T04:29:17.736503Z,KXWTI15M-26OCT050030-30,0.0030,37.00,no
2026-10-05T04:29:19.687489Z,KXWTI15M-26OCT050030-30,0.0030,2.00,no
2026-10-05T04:29:22.496571Z,KXWTI15M-26OCT050030-30,0.0030,23.00,no
2026-10-05T04:29:22.496571Z,KXWTI15M-26OCT050030-30,0.0030,77.40,no
2026-10-05T04:29:23.791727Z,KXWTI15M-26OCT050030-30,0.0090,101.83,yes
2026-10-05T04:29:25.850281Z,KXWTI15M-26OCT050030-30,0.0030,127.00,no
2026-10-05T04:29:25.850281Z,KXWTI15M-26OCT050030-30,0.0030,2.00,no
2026-10-05T04:29:25.850281Z,KXWTI15M-26OCT050030-30,0.0030,23.00,no
2026-10-05T04:29:26.643345Z,KXWTI15M-26OCT050030-30,0.0030,305.35,yes
2026-10-05T04:29:28.119727Z,KXWTI15M-26OCT050030-30,0.0030,103.91,yes
2026-10-05T04:29:28.457043Z,KXWTI15M-26OCT050030-30,0.0030,20.18,yes
2026-10-05T04:29:28.999475Z,KXWTI15M-26OCT050030-30,0.0030,1.00,yes
2026-10-05T04:29:29.435636Z,KXWTI15M-26OCT050030-30,0.0020,38.00,no
2026-10-05T04:29:29.435636Z,KXWTI15M-26OCT050030-30,0.0020,1.00,no
2026-10-05T04:29:32.507546Z,KXWTI15M-26OCT050030-30,0.0030,139.72,yes
2026-10-05T04:29:32.507546Z,KXWTI15M-26OCT050030-30,0.0030,1217.56,yes
2026-10-05T04:29:34.875156Z,KXWTI15M-26OCT050030-30,0.0020,25.03,no
2026-10-05T04:29:36.240217Z,KXWTI15M-26OCT050030-30,0.0020,3.00,no
2026-10-05T04:29:37.583092Z,KXWTI15M-26OCT050030-30,0.0030,193.28,yes
2026-10-05T04:29:37.583092Z,KXWTI15M-26OCT050030-30,0.0090,50.98,yes
2026-10-05T04:29:37.583092Z,KXWTI15M-26OCT050030-30,0.0070,66.03,yes
2026-10-05T04:29:37.583092Z,KXWTI15M-26OCT050030-30,0.0070,46.00,yes
2026-10-05T04:29:39.482954Z,KXWTI15M-26OCT050030-30,0.0060,1.00,yes
2026-10-05T04:29:39.482954Z,KXWTI15M-26OCT050030-30,0.0090,102.84,yes
2026-10-05T04:29:39.928179Z,KXWTI15M-26OCT050030-30,0.0020,400.00,no
2026-10-05T04:29:39.928179Z,KXWTI15M-26OCT050030-30,0.0020,188.00,no
2026-10-05T04:29:39.928179Z,KXWTI15M-26OCT050030-30,0.0020,29.00,no
2026-10-05T04:29:39.928179Z,KXWTI15M-26OCT050030-30,0.0010,384.46,no
2026-10-05T04:29:41.85155Z,KXWTI15M-26OCT050030-30,0.0030,40.00,yes
2026-10-05T04:29:41.85155Z,KXWTI15M-26OCT050030-30,0.0050,400.00,yes
2026-10-05T04:29:41.85155Z,KXWTI15M-26OCT050030-30,0.0030,384.46,yes
2026-10-05T04:29:41.85155Z,KXWTI15M-26OCT050030-30,0.0060,35.00,yes
2026-10-05T04:29:41.85155Z,KXWTI15M-26OCT050030-30,0.0180,3.00,yes
2026-10-05T04:29:41.85155Z,KXWTI15M-26OCT050030-30,0.0110,9.89,yes
2026-10-05T04:29:41.85155Z,KXWTI15M-26OCT050030-30,0.0110,30.00,yes
2026-10-05T04:29:41.85155Z,KXWTI15M-26OCT050030-30,0.0180,115.52,yes
2026-10-05T04:29:41.85155Z,KXWTI15M-26OCT050030-30,0.0090,68.18,yes
2026-10-05T04:29:41.85155Z,KXWTI15M-26OCT050030-30,0.0120,222.00,yes
2026-10-05T04:29:42.727172Z,KXWTI15M-26OCT050030-30,0.0160,58.47,yes
2026-10-05T04:29:43.41315Z,KXWTI15M-26OCT050030-30,0.0180,30.00,yes
2026-10-05T04:29:43.41315Z,KXWTI15M-26OCT050030-30,0.0160,128.00,yes
2026-10-05T04:29:43.41315Z,KXWTI15M-26OCT050030-30,0.0180,106.48,yes
2026-10-05T04:29:43.41315Z,KXWTI15M-26OCT050030-30,0.0400,17.00,yes
2026-10-05T04:29:43.41315Z,KXWTI15M-26OCT050030-30,0.0480,16.00,yes
2026-10-05T04:29:43.41315Z,KXWTI15M-26OCT050030-30,0.0490,159.99,yes
2026-10-05T04:29:43.41315Z,KXWTI15M-26OCT050030-30,0.0200,111.00,yes
2026-10-05T04:29:43.41315Z,KXWTI15M-26OCT050030-30,0.0400,3.00,yes
2026-10-05T04:29:43.41315Z,KXWTI15M-26OCT050030-30,0.0460,3.00,yes
2026-10-05T04:29:43.41315Z,KXWTI15M-26OCT050030-30,0.0350,3.00,yes
2026-10-05T04:29:44.640625Z,KXWTI15M-26OCT050030-30,0.0470,1.99,yes
2026-10-05T04:29:45.64212Z,KXWTI15M-26OCT050030-30,0.0020,21.28,no
2026-10-05T04:29:45.64212Z,KXWTI15M-26OCT050030-30,0.0020,1.00,no
2026-10-05T04:29:46.053366Z,KXWTI15M-26OCT050030-30,0.0470,19.94,yes
2026-10-05T04:29:46.583168Z,KXWTI15M-26OCT050030-30,0.0470,19.94,yes
2026-10-05T04:29:47.773012Z,KXWTI15M-26OCT050030-30,0.0470,39.89,yes
2026-10-05T04:29:48.639131Z,KXWTI15M-26OCT050030-30,0.0470,19.94,yes
2026-10-05T04:29:48.689291Z,KXWTI15M-26OCT050030-30,0.0470,4.78,yes
2026-10-05T04:29:49.475129Z,KXWTI15M-26OCT050030-30,0.0020,3.00,no
2026-10-05T04:29:50.598928Z,KXWTI15M-26OCT050030-30,0.0470,19.94,yes
2026-10-05T04:29:50.994526Z,KXWTI15M-26OCT050030-30,0.0020,14.85,no
2026-10-05T04:29:50.994526Z,KXWTI15M-26OCT050030-30,0.0020,4.72,no
2026-10-05T04:29:50.994526Z,KXWTI15M-26OCT050030-30,0.0020,21.28,no
2026-10-05T04:29:50.994526Z,KXWTI15M-26OCT050030-30,0.0020,5.00,no
2026-10-05T04:29:52.139664Z,KXWTI15M-26OCT050030-30,0.0470,0.19,yes
2026-10-05T04:29:52.679692Z,KXWTI15M-26OCT050030-30,0.0040,59.83,yes
2026-10-05T04:29:54.146351Z,KXWTI15M-26OCT050030-30,0.0020,4.00,no
2026-10-05T04:29:54.146351Z,KXWTI15M-26OCT050030-30,0.0020,184.00,no
2026-10-05T04:29:55.43597Z,KXWTI15M-26OCT050030-30,0.0020,2.00,no
2026-10-05T04:29:55.43597Z,KXWTI15M-26OCT050030-30,0.0020,1.00,no
2026-10-05T04:29:55.997347Z,KXWTI15M-26OCT050030-30,0.0010,19.94,no
2026-10-05T04:29:56.015002Z,KXWTI15M-26OCT050030-30,0.0010,143.94,no
2026-10-05T04:29:56.015002Z,KXWTI15M-26OCT050030-30,0.0010,1.00,no
2026-10-05T04:29:56.015002Z,KXWTI15M-26OCT050030-30,0.0010,55.06,no
2026-10-05T04:29:56.030795Z,KXWTI15M-26OCT050030-30,0.0010,31.00,no
2026-10-05T04:29:56.030795Z,KXWTI15M-26OCT050030-30,0.0010,62.94,no
2026-10-05T04:29:56.030795Z,KXWTI15M-26OCT050030-30,0.0010,106.06,no
2026-10-05T04:29:56.041124Z,KXWTI15M-26OCT050030-30,0.0030,56.00,no
2026-10-05T04:29:56.175608Z,KXWTI15M-26OCT050030-30,0.0030,200.00,no
2026-10-05T04:29:56.192111Z,KXWTI15M-26OCT050030-30,0.0030,117.00,no
2026-10-05T04:29:56.620331Z,KXWTI15M-26OCT050030-30,0.0030,94.00,no
2026-10-05T04:29:57.269956Z,KXWTI15M-26OCT050030-30,0.0040,233.72,yes
2026-10-05T04:29:58.548764Z,KXWTI15M-26OCT050030-30,0.0030,283.00,no
2026-10-05T04:29:58.730793Z,KXWTI15M-26OCT050030-30,0.0030,3.00,no
2026-10-05T04:29:58.804688Z,KXWTI15M-26OCT050030-30,0.0030,311.00,no
2026-10-05T04:29:59.067109Z,KXWTI15M-26OCT050030-30,0.0030,3.00,no
2026-10-05T04:29:59.073611Z,KXWTI15M-26OCT050030-30,0.0010,5.00,no
2026-10-05T04:29:59.073611Z,KXWTI15M-26OCT050030-30,0.0030,433.00,no
2026-10-05T04:29:59.073611Z,KXWTI15M-26OCT050030-30,0.0010,31.00,no
2026-10-05T04:29:59.152122Z,KXWTI15M-26OCT050030-30,0.0010,256.13,yes
2026-10-05T04:29:59.433303Z,KXWTI15M-26OCT050030-30,0.0010,4579.77,yes
2026-10-05T04:28:03.35481Z,KXXRP15M-26OCT050030-30,0.0430,1.00,yes
2026-10-05T04:28:03.35481Z,KXXRP15M-26OCT050030-30,0.0450,11.00,yes
2026-10-05T04:28:03.35481Z,KXXRP15M-26OCT050030-30,0.0410,4.00,yes
2026-10-05T04:28:03.35481Z,KXXRP15M-26OCT050030-30,0.0460,0.16,yes
2026-10-05T04:28:03.425438Z,KXXRP15M-26OCT050030-30,0.0390,5.00,no
2026-10-05T04:28:04.035663Z,KXXRP15M-26OCT050030-30,0.0380,5.00,no
2026-10-05T04:28:04.325799Z,KXXRP15M-26OCT050030-30,0.0330,1.00,no
2026-10-05T04:28:04.325799Z,KXXRP15M-26OCT050030-30,0.0320,4.88,no
2026-10-05T04:28:04.325799Z,KXXRP15M-26OCT050030-30,0.0360,5.00,no
2026-10-05T04:28:04.325799Z,KXXRP15M-26OCT050030-30,0.0370,5.00,no
2026-10-05T04:28:04.325799Z,KXXRP15M-26OCT050030-30,0.0340,6.00,no
2026-10-05T04:28:04.325799Z,KXXRP15M-26OCT050030-30,0.0330,79.29,no
2026-10-05T04:28:04.384229Z,KXXRP15M-26OCT050030-30,0.0350,5.00,no
2026-10-05T04:28:04.386764Z,KXXRP15M-26OCT050030-30,0.0340,2.00,no
2026-10-05T04:28:04.420967Z,KXXRP15M-26OCT050030-30,0.0320,1.00,no
2026-10-05T04:28:04.622248Z,KXXRP15M-26OCT050030-30,0.0320,1.00,no
2026-10-05T04:28:04.895205Z,KXXRP15M-26OCT050030-30,0.0320,5.00,no
2026-10-05T04:28:04.99595Z,KXXRP15M-26OCT050030-30,0.0320,17.12,no
2026-10-05T04:28:04.99595Z,KXXRP15M-26OCT050030-30,0.0320,2.88,no
2026-10-05T04:28:04.99595Z,KXXRP15M-26OCT050030-30,0.0320,8.97,no
2026-10-05T04:28:04.99595Z,KXXRP15M-26OCT050030-30,0.0320,3.03,no
2026-10-05T04:28:05.084176Z,KXXRP15M-26OCT050030-30,0.0320,1.00,no
2026-10-05T04:28:05.182576Z,KXXRP15M-26OCT050030-30,0.0300,7.50,no
2026-10-05T04:28:05.182576Z,KXXRP15M-26OCT050030-30,0.0310,5.00,no
2026-10-05T04:28:05.182576Z,KXXRP15M-26OCT050030-30,0.0320,6.00,no
2026-10-05T04:28:05.182576Z,KXXRP15M-26OCT050030-30,0.0300,5.00,no
2026-10-05T04:28:05.182576Z,KXXRP15M-26OCT050030-30,0.0320,9.12,no
2026-10-05T04:28:05.182576Z,KXXRP15M-26OCT050030-30,0.0300,7.30,no
2026-10-05T04:28:05.279135Z,KXXRP15M-26OCT050030-30,0.0400,17.12,yes
2026-10-05T04:28:05.279135Z,KXXRP15M-26OCT050030-30,0.0400,7.50,yes
2026-10-05T04:28:05.279135Z,KXXRP15M-26OCT050030-30,0.0390,5.00,yes
2026-10-05T04:28:05.279135Z,KXXRP15M-26OCT050030-30,0.0400,2.88,yes
2026-10-05T04:28:05.279135Z,KXXRP15M-26OCT050030-30,0.0400,3.03,yes
2026-10-05T04:28:05.279135Z,KXXRP15M-26OCT050030-30,0.0400,8.97,yes
2026-10-05T04:28:05.279135Z,KXXRP15M-26OCT050030-30,0.0400,1.00,yes
2026-10-05T04:28:05.279135Z,KXXRP15M-26OCT050030-30,0.0400,4.88,yes
2026-10-05T04:28:05.279135Z,KXXRP15M-26OCT050030-30,0.0380,10.00,yes
2026-10-05T04:28:05.279135Z,KXXRP15M-26OCT050030-30,0.0370,8.00,yes
2026-10-05T04:28:05.279135Z,KXXRP15M-26OCT050030-30,0.0390,7.00,yes
2026-10-05T04:28:05.279135Z,KXXRP15M-26OCT050030-30,0.0400,1.00,yes
2026-10-05T04:28:05.279135Z,KXXRP15M-26OCT050030-30,0.0400,1.00,yes
2026-10-05T04:28:05.279135Z,KXXRP15M-26OCT050030-30,0.0400,5.00,yes
2026-10-05T04:28:05.279135Z,KXXRP15M-26OCT050030-30,0.0400,5.00,yes
2026-10-05T04:28:05.279135Z,KXXRP15M-26OCT050030-30,0.0450,1.47,yes
2026-10-05T04:28:05.279135Z,KXXRP15M-26OCT050030-30,0.0430,10.00,yes
2026-10-05T04:28:05.290008Z,KXXRP15M-26OCT050030-30,0.0350,4.00,no
2026-10-05T04:28:05.940661Z,KXXRP15M-26OCT050030-30,0.0380,13.00,yes
2026-10-05T04:28:05.940661Z,KXXRP15M-26OCT050030-30,0.0430,7.32,yes
2026-10-05T04:28:05.940661Z,KXXRP15M-26OCT050030-30,0.0430,2.00,yes
2026-10-05T04:28:05.940661Z,KXXRP15M-26OCT050030-30,0.0400,9.12,yes
2026-10-05T04:28:05.940661Z,KXXRP15M-26OCT050030-30,0.0400,6.00,yes
2026-10-05T04:28:05.940661Z,KXXRP15M-26OCT050030-30,0.0400,1.00,yes
2026-10-05T04:28:06.03937Z,KXXRP15M-26OCT050030-30,0.0330,16.04,no
2026-10-05T04:28:06.03937Z,KXXRP15M-26OCT050030-30,0.0330,7.00,no
2026-10-05T04:28:06.03937Z,KXXRP15M-26OCT050030-30,0.0350,7.50,no
2026-10-05T04:28:06.423435Z,KXXRP15M-26OCT050030-30,0.0350,7.50,no
2026-10-05T04:28:06.622839Z,KXXRP15M-26OCT050030-30,0.0350,5.45,no
2026-10-05T04:28:06.686499Z,KXXRP15M-26OCT050030-30,0.0250,40.00,no
2026-10-05T04:28:06.686499Z,KXXRP15M-26OCT050030-30,0.0330,51.96,no
2026-10-05T04:28:06.686499Z,KXXRP15M-26OCT050030-30,0.0320,3.03,no
2026-10-05T04:28:06.686499Z,KXXRP15M-26OCT050030-30,0.0320,1.00,no
2026-10-05T04:28:06.686499Z,KXXRP15M-26OCT050030-30,0.0320,8.97,no
2026-10-05T04:28:06.686499Z,KXXRP15M-26OCT050030-30,0.0320,17.12,no
2026-10-05T04:28:06.686499Z,KXXRP15M-26OCT050030-30,0.0250,7.50,no
2026-10-05T04:28:06.686499Z,KXXRP15M-26OCT050030-30,0.0320,4.88,no
2026-10-05T04:28:06.686499Z,KXXRP15M-26OCT050030-30,0.0320,2.88,no
2026-10-05T04:28:06.686499Z,KXXRP15M-26OCT050030-30,0.0320,1.00,no
2026-10-05T04:28:06.686499Z,KXXRP15M-26OCT050030-30,0.0300,7.50,no
2026-10-05T04:28:06.686499Z,KXXRP15M-26OCT050030-30,0.0320,1.00,no
2026-10-05T04:28:06.686499Z,KXXRP15M-26OCT050030-30,0.0320,5.00,no
2026-10-05T04:28:06.686499Z,KXXRP15M-26OCT050030-30,0.0320,9.12,no
2026-10-05T04:28:06.686499Z,KXXRP15M-26OCT050030-30,0.0350,7.50,no
2026-10-05T04:28:06.686499Z,KXXRP15M-26OCT050030-30,0.0320,6.00,no
2026-10-05T04:28:06.686499Z,KXXRP15M-26OCT050030-30,0.0340,6.00,no
2026-10-05T04:28:06.686499Z,KXXRP15M-26OCT050030-30,0.0220,54.39,no
2026-10-05T04:28:06.74934Z,KXXRP15M-26OCT050030-30,0.0360,40.00,yes
2026-10-05T04:28:07.076113Z,KXXRP15M-26OCT050030-30,0.0280,0.19,yes
2026-10-05T04:28:07.076113Z,KXXRP15M-26OCT050030-30,0.0290,0.81,yes
2026-10-05T04:28:07.081083Z,KXXRP15M-26OCT050030-30,0.0290,1.00,yes
2026-10-05T04:28:07.139965Z,KXXRP15M-26OCT050030-30,0.0300,14.00,yes
2026-10-05T04:28:07.224193Z,KXXRP15M-26OCT050030-30,0.0300,6.00,yes
2026-10-05T04:28:07.251696Z,KXXRP15M-26OCT050030-30,0.0290,5.00,no
2026-10-05T04:28:07.324024Z,KXXRP15M-26OCT050030-30,0.0300,45.00,yes
2026-10-05T04:28:07.344446Z,KXXRP15M-26OCT050030-30,0.0300,5.00,yes
2026-10-05T04:28:07.39635Z,KXXRP15M-26OCT050030-30,0.0300,30.00,yes
2026-10-05T04:28:07.39635Z,KXXRP15M-26OCT050030-30,0.0300,9.00,yes
2026-10-05T04:28:07.428098Z,KXXRP15M-26OCT050030-30,0.0280,5.00,no
2026-10-05T04:28:07.609095Z,KXXRP15M-26OCT050030-30,0.0270,4.20,no
2026-10-05T04:28:07.908988Z,KXXRP15M-26OCT050030-30,0.0290,10.00,yes
2026-10-05T04:28:07.908988Z,KXXRP15M-26OCT050030-30,0.0300,13.87,yes
2026-10-05T04:28:07.908988Z,KXXRP15M-26OCT050030-30,0.0280,2.00,yes
2026-10-05T04:28:07.981853Z,KXXRP15M-26OCT050030-30,0.0300,48.00,yes
2026-10-05T04:28:08.029587Z,KXXRP15M-26OCT050030-30,0.0300,20.00,yes
2026-10-05T04:28:08.08195Z,KXXRP15M-26OCT050030-30,0.0300,9.13,yes
2026-10-05T04:28:08.08195Z,KXXRP15M-26OCT050030-30,0.0310,5.00,yes
2026-10-05T04:28:08.082096Z,KXXRP15M-26OCT050030-30,0.0350,7.50,yes
2026-10-05T04:28:08.082646Z,KXXRP15M-26OCT050030-30,0.0400,6.00,yes
2026-10-05T04:28:08.082646Z,KXXRP15M-26OCT050030-30,0.0390,5.00,yes
2026-10-05T04:28:08.188822Z,KXXRP15M-26OCT050030-30,0.0790,42.70,yes
2026-10-05T04:28:08.188822Z,KXXRP15M-26OCT050030-30,0.0670,1.00,yes
2026-10-05T04:28:08.188822Z,KXXRP15M-26OCT050030-30,0.0690,2.00,yes
2026-10-05T04:28:08.188822Z,KXXRP15M-26OCT050030-30,0.0720,2.00,yes
2026-10-05T04:28:08.188822Z,KXXRP15M-26OCT050030-30,0.0560,321.87,yes
2026-10-05T04:28:08.188822Z,KXXRP15M-26OCT050030-30,0.0530,24.00,yes
2026-10-05T04:28:08.188822Z,KXXRP15M-26OCT050030-30,0.0500,7.50,yes
2026-10-05T04:28:08.188822Z,KXXRP15M-26OCT050030-30,0.0400,8.97,yes
2026-10-05T04:28:08.188822Z,KXXRP15M-26OCT050030-30,0.0550,57.00,yes
2026-10-05T04:28:08.188822Z,KXXRP15M-26OCT050030-30,0.0450,7.50,yes
2026-10-05T04:28:08.188822Z,KXXRP15M-26OCT050030-30,0.0400,3.03,yes
2026-10-05T04:28:08.188822Z,KXXRP15M-26OCT050030-30,0.0400,17.12,yes
2026-10-05T04:28:08.188822Z,KXXRP15M-26OCT050030-30,0.0400,1.00,yes
2026-10-05T04:28:08.188822Z,KXXRP15M-26OCT050030-30,0.0400,4.88,yes
2026-10-05T04:28:08.188822Z,KXXRP15M-26OCT050030-30,0.0400,1.00,yes
2026-10-05T04:28:08.188822Z,KXXRP15M-26OCT050030-30,0.0400,1.50,yes
2026-10-05T04:28:08.188822Z,KXXRP15M-26OCT050030-30,0.0400,2.88,yes
2026-10-05T04:28:08.188822Z,KXXRP15M-26OCT050030-30,0.0400,1.00,yes
2026-10-05T04:28:08.188822Z,KXXRP15M-26OCT050030-30,0.0400,5.00,yes
2026-10-05T04:28:08.188822Z,KXXRP15M-26OCT050030-30,0.0400,9.12,yes
2026-10-05T04:28:08.188822Z,KXXRP15M-26OCT050030-30,0.0400,6.00,yes
2026-10-05T04:28:08.188822Z,KXXRP15M-26OCT050030-30,0.0700,1.00,yes
2026-10-05T04:28:08.188822Z,KXXRP15M-26OCT050030-30,0.0520,1.00,yes
2026-10-05T04:28:08.188822Z,KXXRP15M-26OCT050030-30,0.0520,5.00,yes
2026-10-05T04:28:08.188822Z,KXXRP15M-26OCT050030-30,0.0530,5.00,yes
2026-10-05T04:28:08.188822Z,KXXRP15M-26OCT050030-30,0.0680,40.00,yes
2026-10-05T04:28:08.282251Z,KXXRP15M-26OCT050030-30,0.0520,5.00,yes
2026-10-05T04:28:08.282251Z,KXXRP15M-26OCT050030-30,0.0770,7.77,yes
2026-10-05T04:28:08.282251Z,KXXRP15M-26OCT050030-30,0.0760,5.00,yes
2026-10-05T04:28:08.391314Z,KXXRP15M-26OCT050030-30,0.0410,1.00,no
2026-10-05T04:28:08.391314Z,KXXRP15M-26OCT050030-30,0.0410,6.00,no
2026-10-05T04:28:08.391314Z,KXXRP15M-26OCT050030-30,0.0400,0.69,no
2026-10-05T04:28:08.737854Z,KXXRP15M-26OCT050030-30,0.0500,7.00,no
2026-10-05T04:28:08.852436Z,KXXRP15M-26OCT050030-30,0.0380,3.19,no
2026-10-05T04:28:08.852436Z,KXXRP15M-26OCT050030-30,0.0400,6.81,no
2026-10-05T04:28:10.083009Z,KXXRP15M-26OCT050030-30,0.0450,3.00,no
2026-10-05T04:28:10.149629Z,KXXRP15M-26OCT050030-30,0.0790,38.14,yes
2026-10-05T04:28:10.149629Z,KXXRP15M-26OCT050030-30,0.0550,7.50,yes
2026-10-05T04:28:10.149629Z,KXXRP15M-26OCT050030-30,0.0600,7.50,yes
2026-10-05T04:28:10.149629Z,KXXRP15M-26OCT050030-30,0.0780,2.00,yes
2026-10-05T04:28:10.149629Z,KXXRP15M-26OCT050030-30,0.0650,7.50,yes
2026-10-05T04:28:10.149629Z,KXXRP15M-26OCT050030-30,0.0700,7.50,yes
2026-10-05T04:28:10.149629Z,KXXRP15M-26OCT050030-30,0.0730,7.00,yes
2026-10-05T04:28:10.149629Z,KXXRP15M-26OCT050030-30,0.0740,2.00,yes
2026-10-05T04:28:10.149629Z,KXXRP15M-26OCT050030-30,0.0590,1.00,yes
2026-10-05T04:28:10.149629Z,KXXRP15M-26OCT050030-30,0.0800,1.00,yes
2026-10-05T04:28:10.149629Z,KXXRP15M-26OCT050030-30,0.0540,1.00,yes
2026-10-05T04:28:10.149629Z,KXXRP15M-26OCT050030-30,0.0760,20.00,yes
2026-10-05T04:28:10.149629Z,KXXRP15M-26OCT050030-30,0.0740,73.00,yes
2026-10-05T04:28:10.149629Z,KXXRP15M-26OCT050030-30,0.0800,86.69,yes
2026-10-05T04:28:11.373754Z,KXXRP15M-26OCT050030-30,0.0600,0.25,yes
2026-10-05T04:28:11.991813Z,KXXRP15M-26OCT050030-30,0.0360,6.00,no
2026-10-05T04:28:11.991813Z,KXXRP15M-26OCT050030-30,0.0330,43.00,no
2026-10-05T04:28:11.991813Z,KXXRP15M-26OCT050030-30,0.0320,3.03,no
2026-10-05T04:28:11.991813Z,KXXRP15M-26OCT050030-30,0.0320,8.97,no
2026-10-05T04:28:11.991813Z,KXXRP15M-26OCT050030-30,0.0320,17.12,no
2026-10-05T04:28:11.991813Z,KXXRP15M-26OCT050030-30,0.0320,1.00,no
2026-10-05T04:28:11.991813Z,KXXRP15M-26OCT050030-30,0.0350,7.50,no
2026-10-05T04:28:11.991813Z,KXXRP15M-26OCT050030-30,0.0370,1.00,no
2026-10-05T04:28:11.991813Z,KXXRP15M-26OCT050030-30,0.0320,1.00,no
2026-10-05T04:28:11.991813Z,KXXRP15M-26OCT050030-30,0.0320,5.00,no
2026-10-05T04:28:11.991813Z,KXXRP15M-26OCT050030-30,0.0320,0.76,no
2026-10-05T04:28:11.991813Z,KXXRP15M-26OCT050030-30,0.0320,1.00,no
2026-10-05T04:28:11.991813Z,KXXRP15M-26OCT050030-30,0.0320,4.88,no
2026-10-05T04:28:11.991813Z,KXXRP15M-26OCT050030-30,0.0320,2.88,no
2026-10-05T04:28:12.144787Z,KXXRP15M-26OCT050030-30,0.0400,1.00,yes
2026-10-05T04:28:12.144787Z,KXXRP15M-26OCT050030-30,0.0400,1.00,yes
2026-10-05T04:28:12.144787Z,KXXRP15M-26OCT050030-30,0.0400,4.88,yes
2026-10-05T04:28:12.144787Z,KXXRP15M-26OCT050030-30,0.0400,4.12,yes
2026-10-05T04:28:14.216199Z,KXXRP15M-26OCT050030-30,0.0610,12.07,yes
2026-10-05T04:28:14.216199Z,KXXRP15M-26OCT050030-30,0.0600,23.75,yes
2026-10-05T04:28:14.216199Z,KXXRP15M-26OCT050030-30,0.0590,2.00,yes
2026-10-05T04:28:14.216199Z,KXXRP15M-26OCT050030-30,0.0500,7.50,yes
2026-10-05T04:28:14.216199Z,KXXRP15M-26OCT050030-30,0.0400,0.88,yes
2026-10-05T04:28:14.216199Z,KXXRP15M-26OCT050030-30,0.0400,3.03,yes
2026-10-05T04:28:14.216199Z,KXXRP15M-26OCT050030-30,0.0590,5.00,yes
2026-10-05T04:28:14.216199Z,KXXRP15M-26OCT050030-30,0.0450,7.50,yes
2026-10-05T04:28:14.216199Z,KXXRP15M-26OCT050030-30,0.0400,1.00,yes
2026-10-05T04:28:14.216199Z,KXXRP15M-26OCT050030-30,0.0400,17.12,yes
2026-10-05T04:28:14.216199Z,KXXRP15M-26OCT050030-30,0.0400,8.97,yes
2026-10-05T04:28:14.216199Z,KXXRP15M-26OCT050030-30,0.0400,0.76,yes
2026-10-05T04:28:14.216199Z,KXXRP15M-26OCT050030-30,0.0400,2.88,yes
2026-10-05T04:28:14.26325Z,KXXRP15M-26OCT050030-30,0.0400,1.00,yes
2026-10-05T04:28:14.26325Z,KXXRP15M-26OCT050030-30,0.0580,2.00,yes
2026-10-05T04:28:14.26325Z,KXXRP15M-26OCT050030-30,0.0580,1.05,yes
2026-10-05T04:28:14.597286Z,KXXRP15M-26OCT050030-30,0.0460,0.30,yes
2026-10-05T04:28:14.934022Z,KXXRP15M-26OCT050030-30,0.0460,1.50,yes
2026-10-05T04:28:14.982485Z,KXXRP15M-26OCT050030-30,0.0500,1.57,yes
2026-10-05T04:28:14.982485Z,KXXRP15M-26OCT050030-30,0.0470,5.00,yes
2026-10-05T04:28:14.982485Z,KXXRP15M-26OCT050030-30,0.0460,3.25,yes
2026-10-05T04:28:14.982485Z,KXXRP15M-26OCT050030-30,0.0460,5.00,yes
2026-10-05T04:28:15.004109Z,KXXRP15M-26OCT050030-30,0.0420,0.56,no
2026-10-05T04:28:15.249196Z,KXXRP15M-26OCT050030-30,0.0420,1.00,no
2026-10-05T04:28:15.792171Z,KXXRP15M-26OCT050030-30,0.0420,0.44,no
2026-10-05T04:28:16.014582Z,KXXRP15M-26OCT050030-30,0.0380,5.00,no
2026-10-05T04:28:16.014746Z,KXXRP15M-26OCT050030-30,0.0370,2.00,no
2026-10-05T04:28:16.014795Z,KXXRP15M-26OCT050030-30,0.0370,3.00,no
2026-10-05T04:28:16.014795Z,KXXRP15M-26OCT050030-30,0.0350,29.00,no
2026-10-05T04:28:16.014795Z,KXXRP15M-26OCT050030-30,0.0340,6.00,no
2026-10-05T04:28:16.108673Z,KXXRP15M-26OCT050030-30,0.0320,0.88,no
2026-10-05T04:28:16.108673Z,KXXRP15M-26OCT050030-30,0.0320,6.76,no
2026-10-05T04:28:16.108673Z,KXXRP15M-26OCT050030-30,0.0320,6.00,no
2026-10-05T04:28:16.108673Z,KXXRP15M-26OCT050030-30,0.0320,8.36,no
2026-10-05T04:28:16.108673Z,KXXRP15M-26OCT050030-30,0.0320,4.12,no
2026-10-05T04:28:16.108673Z,KXXRP15M-26OCT050030-30,0.0320,4.88,no
2026-10-05T04:28:16.108673Z,KXXRP15M-26OCT050030-30,0.0320,1.00,no
2026-10-05T04:28:16.108673Z,KXXRP15M-26OCT050030-30,0.0320,1.00,no
2026-10-05T04:28:16.108673Z,KXXRP15M-26OCT050030-30,0.0330,28.00,no
2026-10-05T04:28:16.108728Z,KXXRP15M-26OCT050030-30,0.0320,8.00,no
2026-10-05T04:28:16.108881Z,KXXRP15M-26OCT050030-30,0.0320,3.03,no
2026-10-05T04:28:16.108881Z,KXXRP15M-26OCT050030-30,0.0320,2.88,no
2026-10-05T04:28:16.108881Z,KXXRP15M-26OCT050030-30,0.0320,1.00,no
2026-10-05T04:28:16.108881Z,KXXRP15M-26OCT050030-30,0.0320,0.76,no
2026-10-05T04:28:16.108881Z,KXXRP15M-26OCT050030-30,0.0320,8.97,no
2026-10-05T04:28:16.108881Z,KXXRP15M-26OCT050030-30,0.0320,2.36,no
2026-10-05T04:28:16.132764Z,KXXRP15M-26OCT050030-30,0.0300,7.50,no
2026-10-05T04:28:16.133114Z,KXXRP15M-26OCT050030-30,0.0250,7.00,no
2026-10-05T04:28:16.133114Z,KXXRP15M-26OCT050030-30,0.0240,1.00,no
2026-10-05T04:28:16.165395Z,KXXRP15M-26OCT050030-30,0.0260,2.00,no
2026-10-05T04:28:16.165406Z,KXXRP15M-26OCT050030-30,0.0250,6.00,no
2026-10-05T04:28:16.165749Z,KXXRP15M-26OCT050030-30,0.0250,1.50,no
2026-10-05T04:28:16.165749Z,KXXRP15M-26OCT050030-30,0.0230,7.00,no
2026-10-05T04:28:16.165749Z,KXXRP15M-26OCT050030-30,0.0220,50.50,no
2026-10-05T04:28:16.359336Z,KXXRP15M-26OCT050030-30,0.0310,9.00,yes
2026-10-05T04:28:16.359336Z,KXXRP15M-26OCT050030-30,0.0310,4.14,yes
2026-10-05T04:28:16.359336Z,KXXRP15M-26OCT050030-30,0.0320,32.49,yes
2026-10-05T04:28:16.812801Z,KXXRP15M-26OCT050030-30,0.0250,4.00,no
2026-10-05T04:28:16.812985Z,KXXRP15M-26OCT050030-30,0.0240,7.00,no
2026-10-05T04:28:16.812985Z,KXXRP15M-26OCT050030-30,0.0250,3.50,no
2026-10-05T04:28:16.812985Z,KXXRP15M-26OCT050030-30,0.0230,43.00,no
2026-10-05T04:28:16.812985Z,KXXRP15M-26OCT050030-30,0.0210,27.51,no
2026-10-05T04:28:16.812985Z,KXXRP15M-26OCT050030-30,0.0220,11.99,no
2026-10-05T04:28:16.812985Z,KXXRP15M-26OCT050030-30,0.0210,10.00,no
2026-10-05T04:28:16.813051Z,KXXRP15M-26OCT050030-30,0.0210,11.00,no
2026-10-05T04:28:16.816033Z,KXXRP15M-26OCT050030-30,0.0280,4.00,no
2026-10-05T04:28:16.816125Z,KXXRP15M-26OCT050030-30,0.0280,1.00,no
2026-10-05T04:28:16.816125Z,KXXRP15M-26OCT050030-30,0.0270,5.00,no
2026-10-05T04:28:16.816125Z,KXXRP15M-26OCT050030-30,0.0210,1.00,no
2026-10-05T04:28:16.816146Z,KXXRP15M-26OCT050030-30,0.0200,6.51,no
2026-10-05T04:28:16.816146Z,KXXRP15M-26OCT050030-30,0.0210,0.49,no
2026-10-05T04:28:16.816146Z,KXXRP15M-26OCT050030-30,0.0210,1.00,no
2026-10-05T04:28:17.047229Z,KXXRP15M-26OCT050030-30,0.0270,5.00,no
2026-10-05T04:28:17.326396Z,KXXRP15M-26OCT050030-30,0.0280,6.49,yes
2026-10-05T04:28:17.326396Z,KXXRP15M-26OCT050030-30,0.0280,27.51,yes
2026-10-05T04:28:17.621843Z,KXXRP15M-26OCT050030-30,0.0260,5.00,no
2026-10-05T04:28:17.823475Z,KXXRP15M-26OCT050030-30,0.0260,5.00,no
2026-10-05T04:28:17.903799Z,KXXRP15M-26OCT050030-30,0.0210,1.00,no
2026-10-05T04:28:17.903799Z,KXXRP15M-26OCT050030-30,0.0240,5.00,no
2026-10-05T04:28:17.903799Z,KXXRP15M-26OCT050030-30,0.0250,5.00,no
2026-10-05T04:28:17.903799Z,KXXRP15M-26OCT050030-30,0.0210,7.00,no
2026-10-05T04:28:17.903799Z,KXXRP15M-26OCT050030-30,0.0200,2.00,no
2026-10-05T04:28:18.047511Z,KXXRP15M-26OCT050030-30,0.0220,2.00,no
2026-10-05T04:28:18.047511Z,KXXRP15M-26OCT050030-30,0.0230,5.00,no
2026-10-05T04:28:18.082266Z,KXXRP15M-26OCT050030-30,0.0210,5.00,no
2026-10-05T04:28:18.082266Z,KXXRP15M-26OCT050030-30,0.0220,3.00,no
2026-10-05T04:28:18.082266Z,KXXRP15M-26OCT050030-30,0.0210,7.00,no
2026-10-05T04:28:18.082266Z,KXXRP15M-26OCT050030-30,0.0200,25.00,no
2026-10-05T04:28:18.154502Z,KXXRP15M-26OCT050030-30,0.0200,6.49,no
2026-10-05T04:28:18.154502Z,KXXRP15M-26OCT050030-30,0.0200,8.51,no
2026-10-05T04:28:18.31966Z,KXXRP15M-26OCT050030-30,0.0200,22.37,no
2026-10-05T04:28:18.31966Z,KXXRP15M-26OCT050030-30,0.0200,1.49,no
2026-10-05T04:28:18.31966Z,KXXRP15M-26OCT050030-30,0.0200,2.00,no
2026-10-05T04:28:18.409147Z,KXXRP15M-26OCT050030-30,0.0200,5.00,no
2026-10-05T04:28:18.409147Z,KXXRP15M-26OCT050030-30,0.0200,27.63,no
2026-10-05T04:28:18.509743Z,KXXRP15M-26OCT050030-30,0.0210,24.14,yes
2026-10-05T04:28:18.541155Z,KXXRP15M-26OCT050030-30,0.0190,17.00,no
2026-10-05T04:28:18.802417Z,KXXRP15M-26OCT050030-30,0.0400,8.36,yes
2026-10-05T04:28:18.802417Z,KXXRP15M-26OCT050030-30,0.0400,6.00,yes
2026-10-05T04:28:18.802417Z,KXXRP15M-26OCT050030-30,0.0310,5.00,yes
2026-10-05T04:28:18.802417Z,KXXRP15M-26OCT050030-30,0.0310,10.00,yes
2026-10-05T04:28:18.802417Z,KXXRP15M-26OCT050030-30,0.0290,10.00,yes
2026-10-05T04:28:18.802417Z,KXXRP15M-26OCT050030-30,0.0400,2.47,yes
2026-10-05T04:28:18.802417Z,KXXRP15M-26OCT050030-30,0.0400,0.88,yes
2026-10-05T04:28:18.802417Z,KXXRP15M-26OCT050030-30,0.0400,1.00,yes
2026-10-05T04:28:18.802417Z,KXXRP15M-26OCT050030-30,0.0400,4.88,yes
2026-10-05T04:28:18.802417Z,KXXRP15M-26OCT050030-30,0.0400,1.00,yes
2026-10-05T04:28:18.802417Z,KXXRP15M-26OCT050030-30,0.0400,4.12,yes
2026-10-05T04:28:18.802417Z,KXXRP15M-26OCT050030-30,0.0350,7.50,yes
2026-10-05T04:28:18.802417Z,KXXRP15M-26OCT050030-30,0.0390,35.95,yes
2026-10-05T04:28:18.802417Z,KXXRP15M-26OCT050030-30,0.0220,0.49,yes
2026-10-05T04:28:18.802417Z,KXXRP15M-26OCT050030-30,0.0210,0.86,yes
2026-10-05T04:28:18.802417Z,KXXRP15M-26OCT050030-30,0.0250,14.00,yes
2026-10-05T04:28:18.802417Z,KXXRP15M-26OCT050030-30,0.0370,34.00,yes
2026-10-05T04:28:18.802417Z,KXXRP15M-26OCT050030-30,0.0380,15.00,yes
2026-10-05T04:28:18.802417Z,KXXRP15M-26OCT050030-30,0.0220,4.51,yes
2026-10-05T04:28:18.802417Z,KXXRP15M-26OCT050030-30,0.0210,6.49,yes
2026-10-05T04:28:18.802417Z,KXXRP15M-26OCT050030-30,0.0380,62.00,yes
2026-10-05T04:28:18.802417Z,KXXRP15M-26OCT050030-30,0.0210,2.00,yes
2026-10-05T04:28:18.802417Z,KXXRP15M-26OCT050030-30,0.0210,6.51,yes
2026-10-05T04:28:18.802417Z,KXXRP15M-26OCT050030-30,0.0220,1.00,yes
2026-10-05T04:28:18.802417Z,KXXRP15M-26OCT050030-30,0.0280,5.00,yes
2026-10-05T04:28:18.802417Z,KXXRP15M-26OCT050030-30,0.0250,2.00,yes
2026-10-05T04:28:18.802417Z,KXXRP15M-26OCT050030-30,0.0270,5.00,yes
2026-10-05T04:28:18.802417Z,KXXRP15M-26OCT050030-30,0.0200,17.00,yes
2026-10-05T04:28:18.802417Z,KXXRP15M-26OCT050030-30,0.0250,7.50,yes
2026-10-05T04:28:18.802417Z,KXXRP15M-26OCT050030-30,0.0370,10.00,yes
2026-10-05T04:28:18.802417Z,KXXRP15M-26OCT050030-30,0.0300,7.50,yes
2026-10-05T04:28:19.329504Z,KXXRP15M-26OCT050030-30,0.0220,1.01,no
2026-10-05T04:28:20.82433Z,KXXRP15M-26OCT050030-30,0.0280,5.00,no
2026-10-05T04:28:20.919864Z,KXXRP15M-26OCT050030-30,0.0240,40.00,no
2026-10-05T04:28:20.919864Z,KXXRP15M-26OCT050030-30,0.0250,21.00,no
2026-10-05T04:28:20.919864Z,KXXRP15M-26OCT050030-30,0.0200,7.50,no
2026-10-05T04:28:20.919864Z,KXXRP15M-26OCT050030-30,0.0250,7.50,no
2026-10-05T04:28:20.919864Z,KXXRP15M-26OCT050030-30,0.0260,5.00,no
2026-10-05T04:28:20.919864Z,KXXRP15M-26OCT050030-30,0.0250,5.00,no
2026-10-05T04:28:20.919864Z,KXXRP15M-26OCT050030-30,0.0260,7.00,no
2026-10-05T04:28:20.919864Z,KXXRP15M-26OCT050030-30,0.0220,28.71,no
2026-10-05T04:28:20.919864Z,KXXRP15M-26OCT050030-30,0.0190,4.45,no
2026-10-05T04:28:20.919864Z,KXXRP15M-26OCT050030-30,0.0180,40.00,no
2026-10-05T04:28:20.919864Z,KXXRP15M-26OCT050030-30,0.0190,23.00,no
2026-10-05T04:28:20.919864Z,KXXRP15M-26OCT050030-30,0.0170,14.46,no
2026-10-05T04:28:21.040511Z,KXXRP15M-26OCT050030-30,0.0250,1.00,no
2026-10-05T04:28:21.043069Z,KXXRP15M-26OCT050030-30,0.0290,7.00,yes
2026-10-05T04:28:21.154677Z,KXXRP15M-26OCT050030-30,0.0290,14.46,yes
2026-10-05T04:28:21.154677Z,KXXRP15M-26OCT050030-30,0.0290,16.00,yes
2026-10-05T04:28:21.154677Z,KXXRP15M-26OCT050030-30,0.0290,40.00,yes
2026-10-05T04:28:21.155024Z,KXXRP15M-26OCT050030-30,0.0340,5.00,yes
2026-10-05T04:28:21.155024Z,KXXRP15M-26OCT050030-30,0.0330,5.00,yes
2026-10-05T04:28:21.155024Z,KXXRP15M-26OCT050030-30,0.0300,28.71,yes
2026-10-05T04:28:21.165284Z,KXXRP15M-26OCT050030-30,0.0250,8.19,no
2026-10-05T04:28:21.819133Z,KXXRP15M-26OCT050030-30,0.0320,25.00,no
2026-10-05T04:28:21.821463Z,KXXRP15M-26OCT050030-30,0.0320,1.00,no
2026-10-05T04:28:21.862279Z,KXXRP15M-26OCT050030-30,0.0330,1.06,yes
2026-10-05T04:28:21.874903Z,KXXRP15M-26OCT050030-30,0.0320,2.71,no
2026-10-05T04:28:21.874903Z,KXXRP15M-26OCT050030-30,0.0260,3.63,no
2026-10-05T04:28:23.286895Z,KXXRP15M-26OCT050030-30,0.0290,10.00,yes
2026-10-05T04:28:23.286895Z,KXXRP15M-26OCT050030-30,0.0400,2.88,yes
2026-10-05T04:28:23.286895Z,KXXRP15M-26OCT050030-30,0.0400,8.00,yes
2026-10-05T04:28:23.286895Z,KXXRP15M-26OCT050030-30,0.0400,1.00,yes
2026-10-05T04:28:23.286895Z,KXXRP15M-26OCT050030-30,0.0400,2.36,yes
2026-10-05T04:28:23.286895Z,KXXRP15M-26OCT050030-30,0.0400,4.29,yes
2026-10-05T04:28:23.286895Z,KXXRP15M-26OCT050030-30,0.0400,3.03,yes
2026-10-05T04:28:23.286895Z,KXXRP15M-26OCT050030-30,0.0400,0.76,yes
2026-10-05T04:28:23.286895Z,KXXRP15M-26OCT050030-30,0.0400,8.97,yes
2026-10-05T04:28:23.286895Z,KXXRP15M-26OCT050030-30,0.0300,5.00,yes
2026-10-05T04:28:23.286895Z,KXXRP15M-26OCT050030-30,0.0290,5.00,yes
2026-10-05T04:28:23.286895Z,KXXRP15M-26OCT050030-30,0.0300,50.00,yes
2026-10-05T04:28:23.286895Z,KXXRP15M-26OCT050030-30,0.0350,1.00,yes
2026-10-05T04:28:23.286895Z,KXXRP15M-26OCT050030-30,0.0400,14.08,yes
2026-10-05T04:28:23.286895Z,KXXRP15M-26OCT050030-30,0.0350,7.50,yes
2026-10-05T04:28:23.286895Z,KXXRP15M-26OCT050030-30,0.0400,1.00,yes
2026-10-05T04:28:23.286895Z,KXXRP15M-26OCT050030-30,0.0300,7.50,yes
2026-10-05T04:28:25.088439Z,KXXRP15M-26OCT050030-30,0.0230,5.00,no
2026-10-05T04:28:25.088439Z,KXXRP15M-26OCT050030-30,0.0250,7.50,no
2026-10-05T04:28:25.088439Z,KXXRP15M-26OCT050030-30,0.0220,6.52,no
2026-10-05T04:28:25.088439Z,KXXRP15M-26OCT050030-30,0.0250,7.00,no
2026-10-05T04:28:25.736742Z,KXXRP15M-26OCT050030-30,0.0210,5.00,no
2026-10-05T04:28:25.736742Z,KXXRP15M-26OCT050030-30,0.0220,38.85,no
2026-10-05T04:28:25.736742Z,KXXRP15M-26OCT050030-30,0.0220,5.00,no
2026-10-05T04:28:25.736742Z,KXXRP15M-26OCT050030-30,0.0200,1.00,no
2026-10-05T04:28:25.736742Z,KXXRP15M-26OCT050030-30,0.0200,0.16,no
2026-10-05T04:28:27.636672Z,KXXRP15M-26OCT050030-30,0.0620,168.39,yes
2026-10-05T04:28:27.636672Z,KXXRP15M-26OCT050030-30,0.0450,1.00,yes
2026-10-05T04:28:27.636672Z,KXXRP15M-26OCT050030-30,0.0500,2.00,yes
2026-10-05T04:28:27.636672Z,KXXRP15M-26OCT050030-30,0.0470,18.00,yes
2026-10-05T04:28:27.636672Z,KXXRP15M-26OCT050030-30,0.0520,130.00,yes
2026-10-05T04:28:27.636672Z,KXXRP15M-26OCT050030-30,0.0280,5.00,yes
2026-10-05T04:28:27.636672Z,KXXRP15M-26OCT050030-30,0.0290,5.00,yes
2026-10-05T04:28:27.636672Z,KXXRP15M-26OCT050030-30,0.0300,38.85,yes
2026-10-05T04:28:27.636672Z,KXXRP15M-26OCT050030-30,0.0300,6.52,yes
2026-10-05T04:28:27.636672Z,KXXRP15M-26OCT050030-30,0.0460,9.00,yes
2026-10-05T04:28:27.636672Z,KXXRP15M-26OCT050030-30,0.0490,41.00,yes
2026-10-05T04:28:27.636672Z,KXXRP15M-26OCT050030-30,0.0460,1.00,yes
2026-10-05T04:28:27.636672Z,KXXRP15M-26OCT050030-30,0.0530,1.00,yes
2026-10-05T04:28:27.636672Z,KXXRP15M-26OCT050030-30,0.0400,1.00,yes
2026-10-05T04:28:27.636672Z,KXXRP15M-26OCT050030-30,0.0400,10.92,yes
2026-10-05T04:28:27.636672Z,KXXRP15M-26OCT050030-30,0.0400,2.71,yes
2026-10-05T04:28:27.850669Z,KXXRP15M-26OCT050030-30,0.0250,7.50,no
2026-10-05T04:28:27.850669Z,KXXRP15M-26OCT050030-30,0.0240,3.69,no
2026-10-05T04:28:28.319637Z,KXXRP15M-26OCT050030-30,0.0250,7.50,no
2026-10-05T04:28:28.319637Z,KXXRP15M-26OCT050030-30,0.0220,7.00,no
2026-10-05T04:28:28.319637Z,KXXRP15M-26OCT050030-30,0.0210,2.55,no
2026-10-05T04:28:28.603821Z,KXXRP15M-26OCT050030-30,0.0230,19.00,no
2026-10-05T04:28:28.603821Z,KXXRP15M-26OCT050030-30,0.0200,5.00,no
2026-10-05T04:28:28.603821Z,KXXRP15M-26OCT050030-30,0.0210,7.00,no
2026-10-05T04:28:28.603821Z,KXXRP15M-26OCT050030-30,0.0250,60.00,no
2026-10-05T04:28:28.603821Z,KXXRP15M-26OCT050030-30,0.0200,7.50,no
2026-10-05T04:28:29.176771Z,KXXRP15M-26OCT050030-30,0.0200,0.81,no
2026-10-05T04:28:29.615742Z,KXXRP15M-26OCT050030-30,0.0280,5.00,yes
2026-10-05T04:28:30.157763Z,KXXRP15M-26OCT050030-30,0.0200,2.04,no
2026-10-05T04:28:31.323597Z,KXXRP15M-26OCT050030-30,0.0280,13.00,yes
2026-10-05T04:28:31.323597Z,KXXRP15M-26OCT050030-30,0.0300,7.50,yes
2026-10-05T04:28:31.323597Z,KXXRP15M-26OCT050030-30,0.0480,9.00,yes
2026-10-05T04:28:31.323597Z,KXXRP15M-26OCT050030-30,0.0490,9.32,yes
2026-10-05T04:28:31.323597Z,KXXRP15M-26OCT050030-30,0.0320,9.00,yes
2026-10-05T04:28:31.323597Z,KXXRP15M-26OCT050030-30,0.0350,7.50,yes
2026-10-05T04:28:31.323597Z,KXXRP15M-26OCT050030-30,0.0490,18.00,yes
2026-10-05T04:28:31.323597Z,KXXRP15M-26OCT050030-30,0.0290,5.00,yes
2026-10-05T04:28:31.323597Z,KXXRP15M-26OCT050030-30,0.0330,60.00,yes
2026-10-05T04:28:32.62554Z,KXXRP15M-26OCT050030-30,0.0200,5.00,no
2026-10-05T04:28:32.62554Z,KXXRP15M-26OCT050030-30,0.0210,19.00,no
2026-10-05T04:28:32.62554Z,KXXRP15M-26OCT050030-30,0.0210,7.00,no
2026-10-05T04:28:32.62554Z,KXXRP15M-26OCT050030-30,0.0200,1.40,no
2026-10-05T04:28:32.62554Z,KXXRP15M-26OCT050030-30,0.0210,0.10,no
2026-10-05T04:28:32.62554Z,KXXRP15M-26OCT050030-30,0.0200,7.50,no
2026-10-05T04:28:32.974658Z,KXXRP15M-26OCT050030-30,0.0200,2.09,no
2026-10-05T04:28:33.330626Z,KXXRP15M-26OCT050030-30,0.0200,1.00,no
2026-10-05T04:28:33.715157Z,KXXRP15M-26OCT050030-30,0.0200,5.00,no
2026-10-05T04:28:33.854263Z,KXXRP15M-26OCT050030-30,0.0200,17.00,no
2026-10-05T04:28:34.30812Z,KXXRP15M-26OCT050030-30,0.0200,33.51,no
2026-10-05T04:28:34.30812Z,KXXRP15M-26OCT050030-30,0.0180,6.39,no
2026-10-05T04:28:34.30812Z,KXXRP15M-26OCT050030-30,0.0210,0.10,no
2026-10-05T04:28:34.635111Z,KXXRP15M-26OCT050030-30,0.0170,9.97,no
2026-10-05T04:28:34.663096Z,KXXRP15M-26OCT050030-30,0.0270,5.00,yes
2026-10-05T04:28:34.663096Z,KXXRP15M-26OCT050030-30,0.0250,1.00,yes
2026-10-05T04:28:34.663096Z,KXXRP15M-26OCT050030-30,0.0270,10.00,yes
2026-10-05T04:28:34.663096Z,KXXRP15M-26OCT050030-30,0.0220,9.97,yes
2026-10-05T04:28:34.663096Z,KXXRP15M-26OCT050030-30,0.0260,5.00,yes
2026-10-05T04:28:34.663096Z,KXXRP15M-26OCT050030-30,0.0230,0.10,yes
2026-10-05T04:28:34.82896Z,KXXRP15M-26OCT050030-30,0.0270,5.32,no
2026-10-05T04:28:34.85834Z,KXXRP15M-26OCT050030-30,0.0170,7.00,no
2026-10-05T04:28:34.85834Z,KXXRP15M-26OCT050030-30,0.0180,5.00,no
2026-10-05T04:28:34.85834Z,KXXRP15M-26OCT050030-30,0.0190,5.00,no
2026-10-05T04:28:34.85834Z,KXXRP15M-26OCT050030-30,0.0150,7.50,no
2026-10-05T04:28:34.85834Z,KXXRP15M-26OCT050030-30,0.0160,40.00,no
2026-10-05T04:28:34.85834Z,KXXRP15M-26OCT050030-30,0.0140,40.00,no
2026-10-05T04:28:34.85834Z,KXXRP15M-26OCT050030-30,0.0150,40.00,no
2026-10-05T04:28:34.85834Z,KXXRP15M-26OCT050030-30,0.0130,3.19,no
2026-10-05T04:28:34.85834Z,KXXRP15M-26OCT050030-30,0.0170,15.57,no
2026-10-05T04:28:34.912027Z,KXXRP15M-26OCT050030-30,0.0140,7.00,no
2026-10-05T04:28:34.912027Z,KXXRP15M-26OCT050030-30,0.0170,5.00,no
2026-10-05T04:28:34.912027Z,KXXRP15M-26OCT050030-30,0.0160,5.00,no
2026-10-05T04:28:34.912027Z,KXXRP15M-26OCT050030-30,0.0150,7.50,no
2026-10-05T04:28:34.912027Z,KXXRP15M-26OCT050030-30,0.0130,77.53,no
2026-10-05T04:28:35.049147Z,KXXRP15M-26OCT050030-30,0.0150,5.00,no
2026-10-05T04:28:35.438824Z,KXXRP15M-26OCT050030-30,0.0160,10.00,yes
2026-10-05T04:28:35.438824Z,KXXRP15M-26OCT050030-30,0.0150,40.00,yes
2026-10-05T04:28:36.138874Z,KXXRP15M-26OCT050030-30,0.0160,29.23,yes
2026-10-05T04:28:36.187547Z,KXXRP15M-26OCT050030-30,0.0160,0.77,yes
2026-10-05T04:28:36.187547Z,KXXRP15M-26OCT050030-30,0.0170,1.23,yes
2026-10-05T04:28:36.506449Z,KXXRP15M-26OCT050030-30,0.0130,5.00,no
2026-10-05T04:28:36.506449Z,KXXRP15M-26OCT050030-30,0.0150,0.10,no
2026-10-05T04:28:36.506449Z,KXXRP15M-26OCT050030-30,0.0140,7.00,no
2026-10-05T04:28:36.506449Z,KXXRP15M-26OCT050030-30,0.0140,5.00,no
2026-10-05T04:28:36.506449Z,KXXRP15M-26OCT050030-30,0.0110,5.48,no
2026-10-05T04:28:36.506449Z,KXXRP15M-26OCT050030-30,0.0110,5.49,no
2026-10-05T04:28:36.506449Z,KXXRP15M-26OCT050030-30,0.0110,1.00,no
2026-10-05T04:28:36.506449Z,KXXRP15M-26OCT050030-30,0.0110,1.00,no
2026-10-05T04:28:36.506449Z,KXXRP15M-26OCT050030-30,0.0120,40.00,no
2026-10-05T04:28:36.506449Z,KXXRP15M-26OCT050030-30,0.0130,40.00,no
2026-10-05T04:28:36.506449Z,KXXRP15M-26OCT050030-30,0.0100,59.12,no
2026-10-05T04:28:36.506449Z,KXXRP15M-26OCT050030-30,0.0130,107.28,no
2026-10-05T04:28:36.506449Z,KXXRP15M-26OCT050030-30,0.0110,20.00,no
2026-10-05T04:28:36.506449Z,KXXRP15M-26OCT050030-30,0.0110,40.00,no
2026-10-05T04:28:36.506449Z,KXXRP15M-26OCT050030-30,0.0110,2.00,no
2026-10-05T04:28:36.506449Z,KXXRP15M-26OCT050030-30,0.0110,1.00,no
2026-10-05T04:28:36.506449Z,KXXRP15M-26OCT050030-30,0.0110,100.00,no
2026-10-05T04:28:36.506449Z,KXXRP15M-26OCT050030-30,0.0110,10.00,no
2026-10-05T04:28:36.506449Z,KXXRP15M-26OCT050030-30,0.0110,20.00,no
2026-10-05T04:28:36.506449Z,KXXRP15M-26OCT050030-30,0.0110,2.00,no
2026-10-05T04:28:36.506449Z,KXXRP15M-26OCT050030-30,0.0110,1.00,no
2026-10-05T04:28:36.506449Z,KXXRP15M-26OCT050030-30,0.0110,5.75,no
2026-10-05T04:28:36.506449Z,KXXRP15M-26OCT050030-30,0.0110,5.51,no
2026-10-05T04:28:36.506449Z,KXXRP15M-26OCT050030-30,0.0110,0.68,no
2026-10-05T04:28:36.506449Z,KXXRP15M-26OCT050030-30,0.0110,4.79,no
2026-10-05T04:28:36.506449Z,KXXRP15M-26OCT050030-30,0.0110,5.26,no
2026-10-05T04:28:36.506449Z,KXXRP15M-26OCT050030-30,0.0110,5.44,no
2026-10-05T04:28:36.506449Z,KXXRP15M-26OCT050030-30,0.0110,5.55,no
2026-10-05T04:28:36.71848Z,KXXRP15M-26OCT050030-30,0.0150,7.69,yes
2026-10-05T04:28:36.911566Z,KXXRP15M-26OCT050030-30,0.0150,0.20,yes
2026-10-05T04:28:37.240585Z,KXXRP15M-26OCT050030-30,0.0110,3.00,no
2026-10-05T04:28:37.240585Z,KXXRP15M-26OCT050030-30,0.0120,5.00,no
2026-10-05T04:28:37.366562Z,KXXRP15M-26OCT050030-30,0.0140,3.08,yes
2026-10-05T04:28:37.805241Z,KXXRP15M-26OCT050030-30,0.0100,4.00,no
2026-10-05T04:28:37.985523Z,KXXRP15M-26OCT050030-30,0.0100,56.78,no
2026-10-05T04:28:38.220425Z,KXXRP15M-26OCT050030-30,0.0100,15.00,no
2026-10-05T04:28:38.417837Z,KXXRP15M-26OCT050030-30,0.0110,9.79,yes
2026-10-05T04:28:38.417837Z,KXXRP15M-26OCT050030-30,0.0110,40.00,yes
2026-10-05T04:28:38.576716Z,KXXRP15M-26OCT050030-30,0.0130,8.19,yes
2026-10-05T04:28:38.629857Z,KXXRP15M-26OCT050030-30,0.0130,31.81,yes
2026-10-05T04:28:38.629857Z,KXXRP15M-26OCT050030-30,0.0140,32.11,yes
2026-10-05T04:28:38.658155Z,KXXRP15M-26OCT050030-30,0.0150,28.00,no
2026-10-05T04:28:38.667221Z,KXXRP15M-26OCT050030-30,0.0150,0.08,no
2026-10-05T04:28:39.065901Z,KXXRP15M-26OCT050030-30,0.0110,8.00,no
2026-10-05T04:28:39.065901Z,KXXRP15M-26OCT050030-30,0.0110,19.21,no
2026-10-05T04:28:39.265353Z,KXXRP15M-26OCT050030-30,0.0100,1.00,no
2026-10-05T04:28:39.749352Z,KXXRP15M-26OCT050030-30,0.0160,5.84,yes
2026-10-05T04:28:40.165126Z,KXXRP15M-26OCT050030-30,0.0150,0.57,yes
2026-10-05T04:28:40.431703Z,KXXRP15M-26OCT050030-30,0.0110,8.00,no
2026-10-05T04:28:40.431703Z,KXXRP15M-26OCT050030-30,0.0100,17.23,no
2026-10-05T04:28:40.558236Z,KXXRP15M-26OCT050030-30,0.0100,1.01,no
2026-10-05T04:28:41.141744Z,KXXRP15M-26OCT050030-30,0.0120,5.00,yes
2026-10-05T04:28:41.141744Z,KXXRP15M-26OCT050030-30,0.0160,13.00,yes
2026-10-05T04:28:41.141744Z,KXXRP15M-26OCT050030-30,0.0210,10.00,yes
2026-10-05T04:28:41.141744Z,KXXRP15M-26OCT050030-30,0.0200,7.50,yes
2026-10-05T04:28:41.141744Z,KXXRP15M-26OCT050030-30,0.0130,0.10,yes
2026-10-05T04:28:41.141744Z,KXXRP15M-26OCT050030-30,0.0120,3.00,yes
2026-10-05T04:28:41.141744Z,KXXRP15M-26OCT050030-30,0.0200,15.00,yes
2026-10-05T04:28:41.141744Z,KXXRP15M-26OCT050030-30,0.0190,5.00,yes
2026-10-05T04:28:41.141744Z,KXXRP15M-26OCT050030-30,0.0200,5.00,yes
2026-10-05T04:28:41.141744Z,KXXRP15M-26OCT050030-30,0.0190,1.00,yes
2026-10-05T04:28:41.141744Z,KXXRP15M-26OCT050030-30,0.0190,20.00,yes
2026-10-05T04:28:41.141744Z,KXXRP15M-26OCT050030-30,0.0180,15.57,yes
2026-10-05T04:28:41.141744Z,KXXRP15M-26OCT050030-30,0.0170,38.77,yes
2026-10-05T04:28:41.141744Z,KXXRP15M-26OCT050030-30,0.0240,10.48,yes
2026-10-05T04:28:41.175136Z,KXXRP15M-26OCT050030-30,0.0210,5.00,yes
2026-10-05T04:28:41.175136Z,KXXRP15M-26OCT050030-30,0.0240,10.00,yes
2026-10-05T04:28:41.175136Z,KXXRP15M-26OCT050030-30,0.0220,5.00,yes
2026-10-05T04:28:41.175136Z,KXXRP15M-26OCT050030-30,0.0250,4.83,yes
2026-10-05T04:28:41.225403Z,KXXRP15M-26OCT050030-30,0.0150,5.00,no
2026-10-05T04:28:41.233193Z,KXXRP15M-26OCT050030-30,0.0150,2.00,no
2026-10-05T04:28:41.628855Z,KXXRP15M-26OCT050030-30,0.0140,5.00,no
2026-10-05T04:28:41.825597Z,KXXRP15M-26OCT050030-30,0.0140,5.00,no
2026-10-05T04:28:42.313764Z,KXXRP15M-26OCT050030-30,0.0250,19.00,yes
2026-10-05T04:28:42.313764Z,KXXRP15M-26OCT050030-30,0.0220,0.10,yes
2026-10-05T04:28:42.313764Z,KXXRP15M-26OCT050030-30,0.0240,5.00,yes
2026-10-05T04:28:42.313764Z,KXXRP15M-26OCT050030-30,0.0220,10.00,yes
2026-10-05T04:28:42.313764Z,KXXRP15M-26OCT050030-30,0.0230,5.00,yes
2026-10-05T04:28:42.702641Z,KXXRP15M-26OCT050030-30,0.0200,7.50,yes
2026-10-05T04:28:42.702641Z,KXXRP15M-26OCT050030-30,0.0240,5.00,yes
2026-10-05T04:28:42.702641Z,KXXRP15M-26OCT050030-30,0.0250,5.00,yes
2026-10-05T04:28:42.702641Z,KXXRP15M-26OCT050030-30,0.0260,10.00,yes
2026-10-05T04:28:42.702641Z,KXXRP15M-26OCT050030-30,0.0250,7.50,yes
2026-10-05T04:28:42.702641Z,KXXRP15M-26OCT050030-30,0.0270,60.92,yes
2026-10-05T04:28:42.702641Z,KXXRP15M-26OCT050030-30,0.0270,77.53,yes
2026-10-05T04:28:42.702641Z,KXXRP15M-26OCT050030-30,0.0270,3.19,yes
2026-10-05T04:28:42.721423Z,KXXRP15M-26OCT050030-30,0.0170,1.01,no
2026-10-05T04:28:43.546248Z,KXXRP15M-26OCT050030-30,0.0170,2.00,no
2026-10-05T04:28:44.172498Z,KXXRP15M-26OCT050030-30,0.0230,35.98,yes
2026-10-05T04:28:44.438106Z,KXXRP15M-26OCT050030-30,0.0160,5.00,no
2026-10-05T04:28:44.63703Z,KXXRP15M-26OCT050030-30,0.0150,5.00,no
2026-10-05T04:28:45.498337Z,KXXRP15M-26OCT050030-30,0.0240,5.00,yes
2026-10-05T04:28:45.498337Z,KXXRP15M-26OCT050030-30,0.0230,5.00,yes
2026-10-05T04:28:45.498337Z,KXXRP15M-26OCT050030-30,0.0260,7.52,yes
2026-10-05T04:28:45.498337Z,KXXRP15M-26OCT050030-30,0.0240,1.00,yes
2026-10-05T04:28:45.498337Z,KXXRP15M-26OCT050030-30,0.0250,7.50,yes
2026-10-05T04:28:45.609502Z,KXXRP15M-26OCT050030-30,0.0160,2.00,no
2026-10-05T04:28:45.623813Z,KXXRP15M-26OCT050030-30,0.0160,3.00,no
2026-10-05T04:28:45.634914Z,KXXRP15M-26OCT050030-30,0.0250,7.50,yes
2026-10-05T04:28:45.634914Z,KXXRP15M-26OCT050030-30,0.0240,5.00,yes
2026-10-05T04:28:45.634914Z,KXXRP15M-26OCT050030-30,0.0250,5.00,yes
2026-10-05T04:28:45.634914Z,KXXRP15M-26OCT050030-30,0.0250,10.00,yes
2026-10-05T04:28:45.634914Z,KXXRP15M-26OCT050030-30,0.0270,8.62,yes
2026-10-05T04:28:45.712747Z,KXXRP15M-26OCT050030-30,0.0170,4.00,no
2026-10-05T04:28:45.719411Z,KXXRP15M-26OCT050030-30,0.0170,1.00,no
2026-10-05T04:28:45.803173Z,KXXRP15M-26OCT050030-30,0.0160,5.00,no
2026-10-05T04:28:45.803173Z,KXXRP15M-26OCT050030-30,0.0160,3.25,no
2026-10-05T04:28:45.845245Z,KXXRP15M-26OCT050030-30,0.0240,5.00,yes
2026-10-05T04:28:45.845245Z,KXXRP15M-26OCT050030-30,0.0250,5.00,yes
2026-10-05T04:28:45.845245Z,KXXRP15M-26OCT050030-30,0.0260,9.94,yes
2026-10-05T04:28:45.925791Z,KXXRP15M-26OCT050030-30,0.0170,4.00,no
2026-10-05T04:28:45.95765Z,KXXRP15M-26OCT050030-30,0.0110,8.00,no
2026-10-05T04:28:45.95765Z,KXXRP15M-26OCT050030-30,0.0150,5.00,no
2026-10-05T04:28:45.95765Z,KXXRP15M-26OCT050030-30,0.0150,7.50,no
2026-10-05T04:28:45.95765Z,KXXRP15M-26OCT050030-30,0.0160,5.00,no
2026-10-05T04:28:45.95765Z,KXXRP15M-26OCT050030-30,0.0100,51.73,no
2026-10-05T04:28:46.05601Z,KXXRP15M-26OCT050030-30,0.0140,5.00,no
2026-10-05T04:28:46.225382Z,KXXRP15M-26OCT050030-30,0.0130,5.00,no
2026-10-05T04:28:46.425065Z,KXXRP15M-26OCT050030-30,0.0120,5.00,no
2026-10-05T04:28:47.18245Z,KXXRP15M-26OCT050030-30,0.0130,2.00,yes
2026-10-05T04:28:47.18245Z,KXXRP15M-26OCT050030-30,0.0200,0.60,yes
2026-10-05T04:28:47.18245Z,KXXRP15M-26OCT050030-30,0.0150,20.00,yes
2026-10-05T04:28:47.18245Z,KXXRP15M-26OCT050030-30,0.0140,1.00,yes
2026-10-05T04:28:47.18245Z,KXXRP15M-26OCT050030-30,0.0190,12.00,yes
2026-10-05T04:28:47.279198Z,KXXRP15M-26OCT050030-30,0.0110,2.00,no
2026-10-05T04:28:48.066527Z,KXXRP15M-26OCT050030-30,0.0110,2.00,no
2026-10-05T04:28:48.066527Z,KXXRP15M-26OCT050030-30,0.0110,5.00,no
2026-10-05T04:28:48.066527Z,KXXRP15M-26OCT050030-30,0.0110,6.00,no
2026-10-05T04:28:48.066527Z,KXXRP15M-26OCT050030-30,0.0100,62.71,no
2026-10-05T04:28:48.207585Z,KXXRP15M-26OCT050030-30,0.0140,58.47,yes
2026-10-05T04:28:48.514867Z,KXXRP15M-26OCT050030-30,0.0100,31.42,no
2026-10-05T04:28:48.514867Z,KXXRP15M-26OCT050030-30,0.0100,14.03,no
2026-10-05T04:28:49.041326Z,KXXRP15M-26OCT050030-30,0.0100,0.98,no
2026-10-05T04:28:49.105104Z,KXXRP15M-26OCT050030-30,0.0100,2.02,no
2026-10-05T04:28:49.14626Z,KXXRP15M-26OCT050030-30,0.0100,350.00,no
2026-10-05T04:28:49.689601Z,KXXRP15M-26OCT050030-30,0.0250,7.50,yes
2026-10-05T04:28:49.689601Z,KXXRP15M-26OCT050030-30,0.0200,49.40,yes
2026-10-05T04:28:49.689601Z,KXXRP15M-26OCT050030-30,0.0200,5.00,yes
2026-10-05T04:28:49.689601Z,KXXRP15M-26OCT050030-30,0.0190,5.00,yes
2026-10-05T04:28:49.689601Z,KXXRP15M-26OCT050030-30,0.0200,10.00,yes
2026-10-05T04:28:49.689601Z,KXXRP15M-26OCT050030-30,0.0260,10.00,yes
2026-10-05T04:28:49.689601Z,KXXRP15M-26OCT050030-30,0.0280,1.40,yes
2026-10-05T04:28:49.689601Z,KXXRP15M-26OCT050030-30,0.0280,17.00,yes
2026-10-05T04:28:49.689601Z,KXXRP15M-26OCT050030-30,0.0280,2.09,yes
2026-10-05T04:28:49.689601Z,KXXRP15M-26OCT050030-30,0.0280,5.00,yes
2026-10-05T04:28:49.689601Z,KXXRP15M-26OCT050030-30,0.0280,1.00,yes
2026-10-05T04:28:49.689601Z,KXXRP15M-26OCT050030-30,0.0300,3.12,yes
2026-10-05T04:28:49.689601Z,KXXRP15M-26OCT050030-30,0.0280,33.51,yes
2026-10-05T04:28:49.689601Z,KXXRP15M-26OCT050030-30,0.0270,37.74,yes
2026-10-05T04:28:49.689601Z,KXXRP15M-26OCT050030-30,0.0260,1.00,yes
2026-10-05T04:28:49.739992Z,KXXRP15M-26OCT050030-30,0.0120,5.00,no
2026-10-05T04:28:49.837312Z,KXXRP15M-26OCT050030-30,0.0110,5.00,no
2026-10-05T04:28:49.837312Z,KXXRP15M-26OCT050030-30,0.0110,8.00,no
2026-10-05T04:28:49.864749Z,KXXRP15M-26OCT050030-30,0.0100,13.00,no
2026-10-05T04:28:49.870416Z,KXXRP15M-26OCT050030-30,0.0100,6.00,no
2026-10-05T04:28:49.87977Z,KXXRP15M-26OCT050030-30,0.0100,3.00,no
2026-10-05T04:28:49.888154Z,KXXRP15M-26OCT050030-30,0.0100,1.00,no
2026-10-05T04:28:49.895093Z,KXXRP15M-26OCT050030-30,0.0100,1.00,no
2026-10-05T04:28:49.945249Z,KXXRP15M-26OCT050030-30,0.0100,8.03,no
2026-10-05T04:28:49.945249Z,KXXRP15M-26OCT050030-30,0.0100,8.97,no
2026-10-05T04:28:49.95561Z,KXXRP15M-26OCT050030-30,0.0160,9.00,no
2026-10-05T04:28:49.963119Z,KXXRP15M-26OCT050030-30,0.0160,155.00,no
2026-10-05T04:28:49.970461Z,KXXRP15M-26OCT050030-30,0.0160,106.00,no
2026-10-05T04:28:49.977499Z,KXXRP15M-26OCT050030-30,0.0160,68.00,no
2026-10-05T04:28:49.980686Z,KXXRP15M-26OCT050030-30,0.0160,46.00,no
2026-10-05T04:28:50.063742Z,KXXRP15M-26OCT050030-30,0.0170,38.61,yes
2026-10-05T04:28:50.063742Z,KXXRP15M-26OCT050030-30,0.0170,8.03,yes
2026-10-05T04:28:50.079226Z,KXXRP15M-26OCT050030-30,0.0160,16.00,no
2026-10-05T04:28:50.333819Z,KXXRP15M-26OCT050030-30,0.0100,10.00,no
2026-10-05T04:28:50.346741Z,KXXRP15M-26OCT050030-30,0.0100,10.00,no
2026-10-05T04:28:50.372356Z,KXXRP15M-26OCT050030-30,0.0160,11.71,no
2026-10-05T04:28:50.427892Z,KXXRP15M-26OCT050030-30,0.0160,10.73,no
2026-10-05T04:28:50.501737Z,KXXRP15M-26OCT050030-30,0.0160,11.00,no
2026-10-05T04:28:50.593212Z,KXXRP15M-26OCT050030-30,0.0160,26.56,no
2026-10-05T04:28:50.593212Z,KXXRP15M-26OCT050030-30,0.0110,8.00,no
2026-10-05T04:28:50.593212Z,KXXRP15M-26OCT050030-30,0.0100,50.57,no
2026-10-05T04:28:50.593212Z,KXXRP15M-26OCT050030-30,0.0100,2.90,no
2026-10-05T04:28:50.593212Z,KXXRP15M-26OCT050030-30,0.0100,11.97,no
2026-10-05T04:28:50.593212Z,KXXRP15M-26OCT050030-30,0.0100,1.00,no
2026-10-05T04:28:50.593212Z,KXXRP15M-26OCT050030-30,0.0100,25.00,no
2026-10-05T04:28:50.729485Z,KXXRP15M-26OCT050030-30,0.0120,10.00,yes
2026-10-05T04:28:50.873242Z,KXXRP15M-26OCT050030-30,0.0130,1.00,yes
2026-10-05T04:28:51.400713Z,KXXRP15M-26OCT050030-30,0.0130,9.00,yes
2026-10-05T04:28:51.40153Z,KXXRP15M-26OCT050030-30,0.0120,10.00,no
2026-10-05T04:28:51.40153Z,KXXRP15M-26OCT050030-30,0.0120,40.46,no
2026-10-05T04:28:51.409439Z,KXXRP15M-26OCT050030-30,0.0130,1.97,yes
2026-10-05T04:28:51.409439Z,KXXRP15M-26OCT050030-30,0.0130,6.03,yes
2026-10-05T04:28:51.543826Z,KXXRP15M-26OCT050030-30,0.0130,3.97,yes
2026-10-05T04:28:51.543826Z,KXXRP15M-26OCT050030-30,0.0150,3.07,yes
2026-10-05T04:28:51.691386Z,KXXRP15M-26OCT050030-30,0.0110,23.48,no
2026-10-05T04:28:52.890983Z,KXXRP15M-26OCT050030-30,0.0110,8.00,no
2026-10-05T04:28:52.890983Z,KXXRP15M-26OCT050030-30,0.0110,0.10,no
2026-10-05T04:28:52.890983Z,KXXRP15M-26OCT050030-30,0.0100,5.08,no
2026-10-05T04:28:53.090038Z,KXXRP15M-26OCT050030-30,0.0100,25.00,no
2026-10-05T04:28:53.090038Z,KXXRP15M-26OCT050030-30,0.0100,8.00,no
2026-10-05T04:28:53.090038Z,KXXRP15M-26OCT050030-30,0.0100,3.72,no
2026-10-05T04:28:53.090038Z,KXXRP15M-26OCT050030-30,0.0100,27.90,no
2026-10-05T04:28:53.090038Z,KXXRP15M-26OCT050030-30,0.0100,20.00,no
2026-10-05T04:28:53.090038Z,KXXRP15M-26OCT050030-30,0.0100,50.00,no
2026-10-05T04:28:53.090038Z,KXXRP15M-26OCT050030-30,0.0100,6.16,no
2026-10-05T04:28:53.216835Z,KXXRP15M-26OCT050030-30,0.0090,16.00,no
2026-10-05T04:28:53.230385Z,KXXRP15M-26OCT050030-30,0.0100,51.08,yes
2026-10-05T04:28:53.236064Z,KXXRP15M-26OCT050030-30,0.0100,166.33,yes
2026-10-05T04:28:53.256783Z,KXXRP15M-26OCT050030-30,0.0090,5.00,no
2026-10-05T04:28:53.256783Z,KXXRP15M-26OCT050030-30,0.0080,12.01,no
2026-10-05T04:28:53.256783Z,KXXRP15M-26OCT050030-30,0.0090,24.00,no
2026-10-05T04:28:53.300602Z,KXXRP15M-26OCT050030-30,0.0100,87.99,yes
2026-10-05T04:28:53.300602Z,KXXRP15M-26OCT050030-30,0.0090,12.01,yes
2026-10-05T04:28:53.596179Z,KXXRP15M-26OCT050030-30,0.0080,24.00,no
2026-10-05T04:28:53.602885Z,KXXRP15M-26OCT050030-30,0.0090,72.52,yes
2026-10-05T04:28:53.602923Z,KXXRP15M-26OCT050030-30,0.0080,5.00,no
2026-10-05T04:28:53.602923Z,KXXRP15M-26OCT050030-30,0.0080,6.01,no
2026-10-05T04:28:53.602923Z,KXXRP15M-26OCT050030-30,0.0080,3.99,no
2026-10-05T04:28:53.698516Z,KXXRP15M-26OCT050030-30,0.0080,28.00,no
2026-10-05T04:28:53.732959Z,KXXRP15M-26OCT050030-30,0.0080,6.00,no
2026-10-05T04:28:54.450274Z,KXXRP15M-26OCT050030-30,0.0080,60.00,no
2026-10-05T04:28:55.11531Z,KXXRP15M-26OCT050030-30,0.0080,299.99,no
2026-10-05T04:28:55.11531Z,KXXRP15M-26OCT050030-30,0.0070,5.00,no
2026-10-05T04:28:55.11531Z,KXXRP15M-26OCT050030-30,0.0070,40.00,no
2026-10-05T04:28:55.11531Z,KXXRP15M-26OCT050030-30,0.0060,34.01,no
2026-10-05T04:28:55.233319Z,KXXRP15M-26OCT050030-30,0.0060,10.00,no
2026-10-05T04:28:55.233319Z,KXXRP15M-26OCT050030-30,0.0060,5.00,no
2026-10-05T04:28:55.233319Z,KXXRP15M-26OCT050030-30,0.0050,0.01,no
2026-10-05T04:28:55.233319Z,KXXRP15M-26OCT050030-30,0.0060,5.99,no
2026-10-05T04:28:55.2592Z,KXXRP15M-26OCT050030-30,0.0050,8.00,no
2026-10-05T04:28:55.2592Z,KXXRP15M-26OCT050030-30,0.0050,5.00,no
2026-10-05T04:28:55.2592Z,KXXRP15M-26OCT050030-30,0.0050,11.00,no
2026-10-05T04:28:55.2592Z,KXXRP15M-26OCT050030-30,0.0050,39.99,no
2026-10-05T04:28:56.092327Z,KXXRP15M-26OCT050030-30,0.0040,5.00,no
2026-10-05T04:28:56.092327Z,KXXRP15M-26OCT050030-30,0.0040,7.00,no
2026-10-05T04:28:56.092327Z,KXXRP15M-26OCT050030-30,0.0030,5.00,no
2026-10-05T04:28:56.092327Z,KXXRP15M-26OCT050030-30,0.0040,13.00,no
2026-10-05T04:28:56.092327Z,KXXRP15M-26OCT050030-30,0.0030,2.00,no
2026-10-05T04:28:56.092327Z,KXXRP15M-26OCT050030-30,0.0040,1.00,no
2026-10-05T04:28:56.092327Z,KXXRP15M-26OCT050030-30,0.0030,18.00,no
2026-10-05T04:28:56.092327Z,KXXRP15M-26OCT050030-30,0.0030,2.00,no
2026-10-05T04:28:56.092327Z,KXXRP15M-26OCT050030-30,0.0040,1.00,no
2026-10-05T04:28:56.092327Z,KXXRP15M-26OCT050030-30,0.0040,1.00,no
2026-10-05T04:28:56.092327Z,KXXRP15M-26OCT050030-30,0.0030,2.00,no
2026-10-05T04:28:56.092327Z,KXXRP15M-26OCT050030-30,0.0030,2.00,no
2026-10-05T04:28:56.092327Z,KXXRP15M-26OCT050030-30,0.0040,1.00,no
2026-10-05T04:28:56.092327Z,KXXRP15M-26OCT050030-30,0.0030,2.00,no
2026-10-05T04:28:56.092327Z,KXXRP15M-26OCT050030-30,0.0040,1.00,no
2026-10-05T04:28:56.092327Z,KXXRP15M-26OCT050030-30,0.0030,250.00,no
2026-10-05T04:28:56.092327Z,KXXRP15M-26OCT050030-30,0.0030,40.00,no
2026-10-05T04:28:56.092327Z,KXXRP15M-26OCT050030-30,0.0040,40.00,no
2026-10-05T04:28:56.092327Z,KXXRP15M-26OCT050030-30,0.0020,87.00,no
2026-10-05T04:28:56.092327Z,KXXRP15M-26OCT050030-30,0.0030,400.00,no
2026-10-05T04:28:56.145253Z,KXXRP15M-26OCT050030-30,0.0050,146.97,yes
2026-10-05T04:28:56.145253Z,KXXRP15M-26OCT050030-30,0.0040,40.00,yes
2026-10-05T04:28:56.402736Z,KXXRP15M-26OCT050030-30,0.0030,34.00,no
2026-10-05T04:28:56.402736Z,KXXRP15M-26OCT050030-30,0.0030,10.00,no
2026-10-05T04:28:56.402736Z,KXXRP15M-26OCT050030-30,0.0020,3.03,no
2026-10-05T04:28:56.884239Z,KXXRP15M-26OCT050030-30,0.0020,24.91,no
2026-10-05T04:28:57.099199Z,KXXRP15M-26OCT050030-30,0.0020,8.84,no
2026-10-05T04:28:57.171579Z,KXXRP15M-26OCT050030-30,0.0020,52.00,no
2026-10-05T04:28:58.571079Z,KXXRP15M-26OCT050030-30,0.0050,357.04,yes
2026-10-05T04:28:58.571079Z,KXXRP15M-26OCT050030-30,0.0050,0.10,yes
2026-10-05T04:28:58.571079Z,KXXRP15M-26OCT050030-30,0.0050,14.95,yes
2026-10-05T04:28:58.571079Z,KXXRP15M-26OCT050030-30,0.0040,0.10,yes
2026-10-05T04:29:00.093043Z,KXXRP15M-26OCT050030-30,0.0020,2.89,no
2026-10-05T04:29:00.103071Z,KXXRP15M-26OCT050030-30,0.0020,1.00,no
2026-10-05T04:29:00.158633Z,KXXRP15M-26OCT050030-30,0.0020,36.00,no
2026-10-05T04:29:00.430106Z,KXXRP15M-26OCT050030-30,0.0030,24.78,yes
2026-10-05T04:29:00.495238Z,KXXRP15M-26OCT050030-30,0.0020,2.00,no
2026-10-05T04:29:00.644262Z,KXXRP15M-26OCT050030-30,0.0020,182.33,no
2026-10-05T04:29:00.644262Z,KXXRP15M-26OCT050030-30,0.0020,44.58,no
2026-10-05T04:29:01.026615Z,KXXRP15M-26OCT050030-30,0.0020,585.00,no
2026-10-05T04:29:01.49865Z,KXXRP15M-26OCT050030-30,0.0020,54.00,no
2026-10-05T04:29:01.607993Z,KXXRP15M-26OCT050030-30,0.0040,25.00,yes
2026-10-05T04:29:01.607993Z,KXXRP15M-26OCT050030-30,0.0030,25.00,yes
2026-10-05T04:29:01.607993Z,KXXRP15M-26OCT050030-30,0.0050,25.05,yes
2026-10-05T04:29:01.607993Z,KXXRP15M-26OCT050030-30,0.0050,51.61,yes
2026-10-05T04:29:01.607993Z,KXXRP15M-26OCT050030-30,0.0040,0.10,yes
2026-10-05T04:29:01.607993Z,KXXRP15M-26OCT050030-30,0.0040,35.00,yes
2026-10-05T04:29:01.607993Z,KXXRP15M-26OCT050030-30,0.0040,0.01,yes
2026-10-05T04:29:01.607993Z,KXXRP15M-26OCT050030-30,0.0030,75.22,yes
2026-10-05T04:29:01.607993Z,KXXRP15M-26OCT050030-30,0.0030,0.10,yes
2026-10-05T04:29:02.352426Z,KXXRP15M-26OCT050030-30,0.0040,0.10,yes
2026-10-05T04:29:02.352426Z,KXXRP15M-26OCT050030-30,0.0050,198.39,yes
2026-10-05T04:29:02.352426Z,KXXRP15M-26OCT050030-30,0.0050,736.40,yes
2026-10-05T04:29:02.541537Z,KXXRP15M-26OCT050030-30,0.0020,100.00,no
2026-10-05T04:29:02.66312Z,KXXRP15M-26OCT050030-30,0.0050,524.80,yes
2026-10-05T04:29:02.733404Z,KXXRP15M-26OCT050030-30,0.0020,20.03,no
2026-10-05T04:29:03.021461Z,KXXRP15M-26OCT050030-30,0.0040,116.00,yes
2026-10-05T04:29:03.021461Z,KXXRP15M-26OCT050030-30,0.0050,13.17,yes
2026-10-05T04:29:03.021461Z,KXXRP15M-26OCT050030-30,0.0050,57.80,yes
2026-10-05T04:29:03.870184Z,KXXRP15M-26OCT050030-30,0.0040,5.00,yes
2026-10-05T04:29:03.870184Z,KXXRP15M-26OCT050030-30,0.0040,0.10,yes
2026-10-05T04:29:03.870184Z,KXXRP15M-26OCT050030-30,0.0050,3.83,yes
2026-10-05T04:29:03.870184Z,KXXRP15M-26OCT050030-30,0.0050,0.10,yes
2026-10-05T04:29:03.870184Z,KXXRP15M-26OCT050030-30,0.0050,9.16,yes
2026-10-05T04:29:04.195356Z,KXXRP15M-26OCT050030-30,0.0020,900.00,no
2026-10-05T04:29:04.528556Z,KXXRP15M-26OCT050030-30,0.0030,0.10,yes
2026-10-05T04:29:04.528556Z,KXXRP15M-26OCT050030-30,0.0040,0.10,yes
2026-10-05T04:29:04.528556Z,KXXRP15M-26OCT050030-30,0.0030,67.00,yes
2026-10-05T04:29:04.528556Z,KXXRP15M-26OCT050030-30,0.0040,35.00,yes
2026-10-05T04:29:04.528556Z,KXXRP15M-26OCT050030-30,0.0050,13.80,yes
2026-10-05T04:29:05.42872Z,KXXRP15M-26OCT050030-30,0.0030,0.10,yes
2026-10-05T04:29:05.42872Z,KXXRP15M-26OCT050030-30,0.0030,30.00,yes
2026-10-05T04:29:05.42872Z,KXXRP15M-26OCT050030-30,0.0030,87.00,yes
2026-10-05T04:29:05.42872Z,KXXRP15M-26OCT050030-30,0.0040,0.01,yes
2026-10-05T04:29:05.42872Z,KXXRP15M-26OCT050030-30,0.0040,35.00,yes
2026-10-05T04:29:05.42872Z,KXXRP15M-26OCT050030-30,0.0040,0.10,yes
2026-10-05T04:29:05.42872Z,KXXRP15M-26OCT050030-30,0.0050,33.00,yes
2026-10-05T04:29:06.438451Z,KXXRP15M-26OCT050030-30,0.0040,12.00,yes
2026-10-05T04:29:06.438451Z,KXXRP15M-26OCT050030-30,0.0040,0.10,yes
2026-10-05T04:29:06.438451Z,KXXRP15M-26OCT050030-30,0.0050,176.63,yes
2026-10-05T04:29:06.836809Z,KXXRP15M-26OCT050030-30,0.0030,61.00,yes
2026-10-05T04:29:06.836809Z,KXXRP15M-26OCT050030-30,0.0050,126.85,yes
2026-10-05T04:29:07.139872Z,KXXRP15M-26OCT050030-30,0.0020,50.00,no
2026-10-05T04:29:07.529018Z,KXXRP15M-26OCT050030-30,0.0050,13.00,yes
2026-10-05T04:29:07.529018Z,KXXRP15M-26OCT050030-30,0.0040,35.00,yes
2026-10-05T04:29:07.529018Z,KXXRP15M-26OCT050030-30,0.0050,0.10,yes
2026-10-05T04:29:07.529018Z,KXXRP15M-26OCT050030-30,0.0050,572.66,yes
2026-10-05T04:29:07.529018Z,KXXRP15M-26OCT050030-30,0.0030,42.00,yes
2026-10-05T04:29:07.529018Z,KXXRP15M-26OCT050030-30,0.0030,0.10,yes
2026-10-05T04:29:07.529018Z,KXXRP15M-26OCT050030-30,0.0040,0.11,yes
2026-10-05T04:29:07.529018Z,KXXRP15M-26OCT050030-30,0.0050,270.14,yes
2026-10-05T04:29:07.959749Z,KXXRP15M-26OCT050030-30,0.0020,200.00,no
2026-10-05T04:29:08.753799Z,KXXRP15M-26OCT050030-30,0.0020,80.60,no
2026-10-05T04:29:09.359791Z,KXXRP15M-26OCT050030-30,0.0020,30.00,no
2026-10-05T04:29:09.360868Z,KXXRP15M-26OCT050030-30,0.0020,30.00,no
2026-10-05T04:29:09.387116Z,KXXRP15M-26OCT050030-30,0.0020,25.00,no
2026-10-05T04:29:09.436542Z,KXXRP15M-26OCT050030-30,0.0020,30.00,no
2026-10-05T04:29:09.439909Z,KXXRP15M-26OCT050030-30,0.0020,30.00,no
2026-10-05T04:29:09.442201Z,KXXRP15M-26OCT050030-30,0.0020,30.00,no
2026-10-05T04:29:09.457679Z,KXXRP15M-26OCT050030-30,0.0020,30.00,no
2026-10-05T04:29:10.367967Z,KXXRP15M-26OCT050030-30,0.0020,87.78,no
2026-10-05T04:29:10.599704Z,KXXRP15M-26OCT050030-30,0.0020,88.00,no
2026-10-05T04:29:11.115611Z,KXXRP15M-26OCT050030-30,0.0020,100.00,no
2026-10-05T04:29:12.525762Z,KXXRP15M-26OCT050030-30,0.0030,93.00,yes
2026-10-05T04:29:12.525762Z,KXXRP15M-26OCT050030-30,0.0040,7.92,yes
2026-10-05T04:29:12.525762Z,KXXRP15M-26OCT050030-30,0.0030,0.12,yes
2026-10-05T04:29:12.525762Z,KXXRP15M-26OCT050030-30,0.0040,0.13,yes
2026-10-05T04:29:12.582089Z,KXXRP15M-26OCT050030-30,0.0020,1.37,no
2026-10-05T04:29:12.582089Z,KXXRP15M-26OCT050030-30,0.0020,500.00,no
2026-10-05T04:29:12.606778Z,KXXRP15M-26OCT050030-30,0.0020,5.00,no
2026-10-05T04:29:12.606778Z,KXXRP15M-26OCT050030-30,0.0020,34.00,no
2026-10-05T04:29:12.606778Z,KXXRP15M-26OCT050030-30,0.0020,5.00,no
2026-10-05T04:29:12.606778Z,KXXRP15M-26OCT050030-30,0.0020,38.63,no
2026-10-05T04:29:12.606778Z,KXXRP15M-26OCT050030-30,0.0020,3.00,no
2026-10-05T04:29:12.606778Z,KXXRP15M-26OCT050030-30,0.0020,3.00,no
2026-10-05T04:29:12.606778Z,KXXRP15M-26OCT050030-30,0.0020,26.00,no
2026-10-05T04:29:12.606778Z,KXXRP15M-26OCT050030-30,0.0020,3.00,no
2026-10-05T04:29:12.606778Z,KXXRP15M-26OCT050030-30,0.0020,3.00,no
2026-10-05T04:29:12.606778Z,KXXRP15M-26OCT050030-30,0.0020,3.00,no
2026-10-05T04:29:12.62873Z,KXXRP15M-26OCT050030-30,0.0020,73.64,yes
2026-10-05T04:29:13.050039Z,KXXRP15M-26OCT050030-30,0.0020,17.94,yes
2026-10-05T04:29:13.432764Z,KXXRP15M-26OCT050030-30,0.0020,107.20,yes
2026-10-05T04:29:13.432764Z,KXXRP15M-26OCT050030-30,0.0020,34.79,yes
2026-10-05T04:29:13.6324Z,KXXRP15M-26OCT050030-30,0.0010,575.00,no
2026-10-05T04:29:14.09596Z,KXXRP15M-26OCT050030-30,0.0010,40.00,no
2026-10-05T04:29:14.09596Z,KXXRP15M-26OCT050030-30,0.0010,5.00,no
2026-10-05T04:29:14.09596Z,KXXRP15M-26OCT050030-30,0.0010,400.00,no
2026-10-05T04:29:14.09596Z,KXXRP15M-26OCT050030-30,0.0010,43.00,no
2026-10-05T04:29:14.09596Z,KXXRP15M-26OCT050030-30,0.0010,50.00,no
2026-10-05T04:29:14.09596Z,KXXRP15M-26OCT050030-30,0.0010,225.00,no
2026-10-05T04:29:14.09596Z,KXXRP15M-26OCT050030-30,0.0010,1.00,no
2026-10-05T04:29:14.09596Z,KXXRP15M-26OCT050030-30,0.0010,350.00,no
2026-10-05T04:29:14.09596Z,KXXRP15M-26OCT050030-30,0.0010,500.00,no
2026-10-05T04:29:14.09596Z,KXXRP15M-26OCT050030-30,0.0010,500.00,no
2026-10-05T04:29:14.09596Z,KXXRP15M-26OCT050030-30,0.0010,1.00,no
2026-10-05T04:29:14.09596Z,KXXRP15M-26OCT050030-30,0.0010,40.00,no
2026-10-05T04:29:14.09596Z,KXXRP15M-26OCT050030-30,0.0010,1.00,no
2026-10-05T04:29:15.36074Z,KXXRP15M-26OCT050030-30,0.0010,467.36,yes
2026-10-05T04:29:16.594207Z,KXXRP15M-26OCT050030-30,0.0010,164.92,yes
2026-10-05T04:29:16.994528Z,KXXRP15M-26OCT050030-30,0.0010,50.46,yes
2026-10-05T04:29:20.10193Z,KXXRP15M-26OCT050030-30,0.0010,9.20,yes
2026-10-05T04:29:20.886684Z,KXXRP15M-26OCT050030-30,0.0010,1.00,yes
2026-10-05T04:29:21.539407Z,KXXRP15M-26OCT050030-30,0.0010,607.93,yes
2026-10-05T04:29:21.539407Z,KXXRP15M-26OCT050030-30,0.0010,308.06,yes
2026-10-05T04:29:21.549432Z,KXXRP15M-26OCT050030-30,0.0010,9.20,yes
2026-10-05T04:29:22.573515Z,KXXRP15M-26OCT050030-30,0.0010,915.99,yes
2026-10-05T04:29:24.180656Z,KXXRP15M-26OCT050030-30,0.0010,9.20,yes
2026-10-05T04:29:26.341434Z,KXXRP15M-26OCT050030-30,0.0010,5.94,yes
2026-10-05T04:29:26.341434Z,KXXRP15M-26OCT050030-30,0.0010,85.68,yes
2026-10-05T04:29:27.497026Z,KXXRP15M-26OCT050030-30,0.0030,40.00,yes
2026-10-05T04:29:27.497026Z,KXXRP15M-26OCT050030-30,0.0040,21.00,yes
2026-10-05T04:29:27.497026Z,KXXRP15M-26OCT050030-30,0.0010,2000.00,yes
2026-10-05T04:29:27.497026Z,KXXRP15M-26OCT050030-30,0.0010,6.06,yes
2026-10-05T04:29:27.497026Z,KXXRP15M-26OCT050030-30,0.0040,71.00,yes
2026-10-05T04:29:27.497026Z,KXXRP15M-26OCT050030-30,0.0010,71.00,yes
2026-10-05T04:29:27.497026Z,KXXRP15M-26OCT050030-30,0.0020,71.00,yes
2026-10-05T04:29:27.497026Z,KXXRP15M-26OCT050030-30,0.0030,40.00,yes
2026-10-05T04:29:27.497026Z,KXXRP15M-26OCT050030-30,0.0050,108.37,yes
2026-10-05T04:29:27.497026Z,KXXRP15M-26OCT050030-30,0.0040,500.00,yes
2026-10-05T04:29:27.497026Z,KXXRP15M-26OCT050030-30,0.0030,38.63,yes
2026-10-05T04:29:27.497026Z,KXXRP15M-26OCT050030-30,0.0020,0.12,yes
2026-10-05T04:29:27.497026Z,KXXRP15M-26OCT050030-30,0.0050,335.78,yes
2026-10-05T04:29:27.497026Z,KXXRP15M-26OCT050030-30,0.0030,1.37,yes
2026-10-05T04:29:27.497026Z,KXXRP15M-26OCT050030-30,0.0030,0.12,yes
2026-10-05T04:29:27.497026Z,KXXRP15M-26OCT050030-30,0.0040,0.13,yes
2026-10-05T04:29:27.497026Z,KXXRP15M-26OCT050030-30,0.0020,500.00,yes
2026-10-05T04:29:27.497026Z,KXXRP15M-26OCT050030-30,0.0020,40.00,yes
2026-10-05T04:29:27.497026Z,KXXRP15M-26OCT050030-30,0.0020,500.00,yes
2026-10-05T04:29:27.497026Z,KXXRP15M-26OCT050030-30,0.0050,0.12,yes
2026-10-05T04:29:27.514956Z,KXXRP15M-26OCT050030-30,0.0010,500.00,no
2026-10-05T04:29:27.589515Z,KXXRP15M-26OCT050030-30,0.0010,43.00,no
2026-10-05T04:29:27.589515Z,KXXRP15M-26OCT050030-30,0.0010,40.00,no
2026-10-05T04:29:27.74189Z,KXXRP15M-26OCT050030-30,0.0010,108.00,no
2026-10-05T04:29:27.824715Z,KXXRP15M-26OCT050030-30,0.0010,42.63,no
2026-10-05T04:29:27.824715Z,KXXRP15M-26OCT050030-30,0.0010,0.37,no
2026-10-05T04:29:27.902804Z,KXXRP15M-26OCT050030-30,0.0010,40.00,no
2026-10-05T04:29:27.902804Z,KXXRP15M-26OCT050030-30,0.0010,500.00,no
2026-10-05T04:29:27.902804Z,KXXRP15M-26OCT050030-30,0.0010,43.00,no
2026-10-05T04:29:28.900339Z,KXXRP15M-26OCT050030-30,0.0020,441.01,yes
2026-10-05T04:29:28.900339Z,KXXRP15M-26OCT050030-30,0.0020,17.00,yes
2026-10-05T04:29:28.918168Z,KXXRP15M-26OCT050030-30,0.0010,441.00,no
2026-10-05T04:29:29.006935Z,KXXRP15M-26OCT050030-30,0.0010,0.01,no
2026-10-05T04:29:29.006935Z,KXXRP15M-26OCT050030-30,0.0010,39.99,no
2026-10-05T04:29:29.006935Z,KXXRP15M-26OCT050030-30,0.0010,43.00,no
2026-10-05T04:29:29.124662Z,KXXRP15M-26OCT050030-30,0.0010,42.99,no
2026-10-05T04:29:29.124662Z,KXXRP15M-26OCT050030-30,0.0010,0.01,no
2026-10-05T04:29:41.148888Z,KXXRP15M-26OCT050030-30,0.0010,458.04,yes
2026-10-05T04:29:51.172557Z,KXXRP15M-26OCT050030-30,0.0010,4579.77,yes
2026-10-05T04:29:53.649966Z,KXXRP15M-26OCT050030-30,0.0010,20.03,yes
2026-10-05T04:28:03.850345Z,KXNEAR15M-26OCT050030-30,0.0750,1.00,yes
2026-10-05T04:28:04.184122Z,KXNEAR15M-26OCT050030-30,0.0750,0.27,yes
2026-10-05T04:28:04.184122Z,KXNEAR15M-26OCT050030-30,0.0750,0.73,yes
2026-10-05T04:28:04.517156Z,KXNEAR15M-26OCT050030-30,0.0730,1.00,no
2026-10-05T04:28:04.517156Z,KXNEAR15M-26OCT050030-30,0.0740,0.18,no
2026-10-05T04:28:04.517156Z,KXNEAR15M-26OCT050030-30,0.0720,0.82,no
2026-10-05T04:28:04.685575Z,KXNEAR15M-26OCT050030-30,0.0720,0.18,no
2026-10-05T04:28:04.685575Z,KXNEAR15M-26OCT050030-30,0.0710,0.82,no
2026-10-05T04:28:04.691424Z,KXNEAR15M-26OCT050030-30,0.0710,0.18,no
2026-10-05T04:28:04.691424Z,KXNEAR15M-26OCT050030-30,0.0700,0.82,no
2026-10-05T04:28:05.057132Z,KXNEAR15M-26OCT050030-30,0.0710,10.00,yes
2026-10-05T04:28:05.057132Z,KXNEAR15M-26OCT050030-30,0.0710,6.73,yes
2026-10-05T04:28:05.057132Z,KXNEAR15M-26OCT050030-30,0.0730,1.00,yes
2026-10-05T04:28:05.057132Z,KXNEAR15M-26OCT050030-30,0.0720,104.00,yes
2026-10-05T04:28:05.057132Z,KXNEAR15M-26OCT050030-30,0.0710,5.00,yes
2026-10-05T04:28:05.057132Z,KXNEAR15M-26OCT050030-30,0.0740,2.64,yes
2026-10-05T04:28:05.075363Z,KXNEAR15M-26OCT050030-30,0.0630,2.00,no
2026-10-05T04:28:05.075363Z,KXNEAR15M-26OCT050030-30,0.0640,2.00,no
2026-10-05T04:28:05.075363Z,KXNEAR15M-26OCT050030-30,0.0670,1.00,no
2026-10-05T04:28:05.075363Z,KXNEAR15M-26OCT050030-30,0.0640,1.00,no
2026-10-05T04:28:05.075363Z,KXNEAR15M-26OCT050030-30,0.0660,1.00,no
2026-10-05T04:28:05.075363Z,KXNEAR15M-26OCT050030-30,0.0620,1.00,no
2026-10-05T04:28:05.075363Z,KXNEAR15M-26OCT050030-30,0.0690,1.00,no
2026-10-05T04:28:05.075363Z,KXNEAR15M-26OCT050030-30,0.0650,1.00,no
2026-10-05T04:28:05.075363Z,KXNEAR15M-26OCT050030-30,0.0590,1.00,no
2026-10-05T04:28:05.075363Z,KXNEAR15M-26OCT050030-30,0.0630,1.00,no
2026-10-05T04:28:05.075363Z,KXNEAR15M-26OCT050030-30,0.0600,1.00,no
2026-10-05T04:28:05.075363Z,KXNEAR15M-26OCT050030-30,0.0610,1.00,no
2026-10-05T04:28:05.075363Z,KXNEAR15M-26OCT050030-30,0.0700,0.18,no
2026-10-05T04:28:05.075363Z,KXNEAR15M-26OCT050030-30,0.0680,1.00,no
2026-10-05T04:28:05.075363Z,KXNEAR15M-26OCT050030-30,0.0580,0.82,no
2026-10-05T04:28:05.075363Z,KXNEAR15M-26OCT050030-30,0.0610,1.00,no
2026-10-05T04:28:05.089382Z,KXNEAR15M-26OCT050030-30,0.0570,0.85,no
2026-10-05T04:28:05.089382Z,KXNEAR15M-26OCT050030-30,0.0580,0.18,no
2026-10-05T04:28:05.60498Z,KXNEAR15M-26OCT050030-30,0.0560,0.88,no
2026-10-05T04:28:05.60498Z,KXNEAR15M-26OCT050030-30,0.0570,0.15,no
2026-10-05T04:28:06.108284Z,KXNEAR15M-26OCT050030-30,0.0560,0.91,no
2026-10-05T04:28:06.108284Z,KXNEAR15M-26OCT050030-30,0.0560,0.12,no
2026-10-05T04:28:06.551444Z,KXNEAR15M-26OCT050030-30,0.0660,27.92,yes
2026-10-05T04:28:06.609792Z,KXNEAR15M-26OCT050030-30,0.0550,0.03,no
2026-10-05T04:28:06.609792Z,KXNEAR15M-26OCT050030-30,0.0550,1.00,no
2026-10-05T04:28:07.035724Z,KXNEAR15M-26OCT050030-30,0.0530,1.00,no
2026-10-05T04:28:07.035724Z,KXNEAR15M-26OCT050030-30,0.0540,1.00,no
2026-10-05T04:28:07.118703Z,KXNEAR15M-26OCT050030-30,0.0520,0.02,no
2026-10-05T04:28:07.118703Z,KXNEAR15M-26OCT050030-30,0.0520,1.00,no
2026-10-05T04:28:07.175093Z,KXNEAR15M-26OCT050030-30,0.0510,4.00,no
2026-10-05T04:28:07.175093Z,KXNEAR15M-26OCT050030-30,0.0510,1.00,no
2026-10-05T04:28:07.254094Z,KXNEAR15M-26OCT050030-30,0.0620,20.00,yes
2026-10-05T04:28:07.64789Z,KXNEAR15M-26OCT050030-30,0.0560,1.03,no
2026-10-05T04:28:08.155402Z,KXNEAR15M-26OCT050030-30,0.0560,0.97,no
2026-10-05T04:28:08.155402Z,KXNEAR15M-26OCT050030-30,0.0540,0.06,no
2026-10-05T04:28:08.172884Z,KXNEAR15M-26OCT050030-30,0.0660,3.00,yes
2026-10-05T04:28:08.205355Z,KXNEAR15M-26OCT050030-30,0.0670,1.00,no
2026-10-05T04:28:08.306191Z,KXNEAR15M-26OCT050030-30,0.0670,1.00,no
2026-10-05T04:28:09.056145Z,KXNEAR15M-26OCT050030-30,0.0660,37.00,no
2026-10-05T04:28:10.340305Z,KXNEAR15M-26OCT050030-30,0.0540,1.02,no
2026-10-05T04:28:10.945173Z,KXNEAR15M-26OCT050030-30,0.0540,1.02,no
2026-10-05T04:28:11.029538Z,KXNEAR15M-26OCT050030-30,0.0530,42.00,no
2026-10-05T04:28:11.029538Z,KXNEAR15M-26OCT050030-30,0.0530,2.00,no
2026-10-05T04:28:11.456596Z,KXNEAR15M-26OCT050030-30,0.0500,1.00,no
2026-10-05T04:28:11.456596Z,KXNEAR15M-26OCT050030-30,0.0500,0.02,no
2026-10-05T04:28:11.792093Z,KXNEAR15M-26OCT050030-30,0.0500,1.02,no
2026-10-05T04:28:11.792093Z,KXNEAR15M-26OCT050030-30,0.0500,2.98,no
2026-10-05T04:28:11.792093Z,KXNEAR15M-26OCT050030-30,0.0500,1.00,no
2026-10-05T04:28:12.004784Z,KXNEAR15M-26OCT050030-30,0.0500,1.02,no
2026-10-05T04:28:12.576543Z,KXNEAR15M-26OCT050030-30,0.0500,1.02,no
2026-10-05T04:28:13.085908Z,KXNEAR15M-26OCT050030-30,0.0500,1.02,no
2026-10-05T04:28:13.599643Z,KXNEAR15M-26OCT050030-30,0.0500,1.02,no
2026-10-05T04:28:13.871486Z,KXNEAR15M-26OCT050030-30,0.0500,11.80,no
2026-10-05T04:28:14.110566Z,KXNEAR15M-26OCT050030-30,0.0480,0.02,no
2026-10-05T04:28:14.110566Z,KXNEAR15M-26OCT050030-30,0.0490,1.00,no
2026-10-05T04:28:14.42608Z,KXNEAR15M-26OCT050030-30,0.0480,0.98,no
2026-10-05T04:28:14.42608Z,KXNEAR15M-26OCT050030-30,0.0470,1.00,no
2026-10-05T04:28:14.42608Z,KXNEAR15M-26OCT050030-30,0.0450,1.00,no
2026-10-05T04:28:14.42608Z,KXNEAR15M-26OCT050030-30,0.0460,1.00,no
2026-10-05T04:28:14.651436Z,KXNEAR15M-26OCT050030-30,0.0430,0.01,no
2026-10-05T04:28:14.651436Z,KXNEAR15M-26OCT050030-30,0.0440,1.00,no
2026-10-05T04:28:15.155698Z,KXNEAR15M-26OCT050030-30,0.0430,0.99,no
2026-10-05T04:28:15.155698Z,KXNEAR15M-26OCT050030-30,0.0420,0.02,no
2026-10-05T04:28:15.68385Z,KXNEAR15M-26OCT050030-30,0.0420,0.98,no
2026-10-05T04:28:15.68385Z,KXNEAR15M-26OCT050030-30,0.0410,0.03,no
2026-10-05T04:28:16.192945Z,KXNEAR15M-26OCT050030-30,0.0410,0.97,no
2026-10-05T04:28:16.192945Z,KXNEAR15M-26OCT050030-30,0.0400,0.04,no
2026-10-05T04:28:16.729535Z,KXNEAR15M-26OCT050030-30,0.0430,1.01,no
2026-10-05T04:28:17.169848Z,KXNEAR15M-26OCT050030-30,0.0430,0.99,no
2026-10-05T04:28:17.238308Z,KXNEAR15M-26OCT050030-30,0.0390,0.05,no
2026-10-05T04:28:17.238308Z,KXNEAR15M-26OCT050030-30,0.0400,0.96,no
2026-10-05T04:28:17.349072Z,KXNEAR15M-26OCT050030-30,0.0390,0.95,no
2026-10-05T04:28:17.349072Z,KXNEAR15M-26OCT050030-30,0.0380,1.00,no
2026-10-05T04:28:17.349072Z,KXNEAR15M-26OCT050030-30,0.0370,0.87,no
2026-10-05T04:28:17.512Z,KXNEAR15M-26OCT050030-30,0.0480,37.50,yes
2026-10-05T04:28:17.744318Z,KXNEAR15M-26OCT050030-30,0.0360,0.88,no
2026-10-05T04:28:17.744318Z,KXNEAR15M-26OCT050030-30,0.0370,0.13,no
2026-10-05T04:28:18.342499Z,KXNEAR15M-26OCT050030-30,0.0360,0.89,no
2026-10-05T04:28:18.342499Z,KXNEAR15M-26OCT050030-30,0.0360,0.12,no
2026-10-05T04:28:18.396996Z,KXNEAR15M-26OCT050030-30,0.0440,1.71,yes
2026-10-05T04:28:18.617996Z,KXNEAR15M-26OCT050030-30,0.0300,21.34,no
2026-10-05T04:28:18.617996Z,KXNEAR15M-26OCT050030-30,0.0310,4.00,no
2026-10-05T04:28:18.617996Z,KXNEAR15M-26OCT050030-30,0.0340,1.00,no
2026-10-05T04:28:18.617996Z,KXNEAR15M-26OCT050030-30,0.0310,1.00,no
2026-10-05T04:28:18.617996Z,KXNEAR15M-26OCT050030-30,0.0320,1.00,no
2026-10-05T04:28:18.617996Z,KXNEAR15M-26OCT050030-30,0.0300,1.00,no
2026-10-05T04:28:18.617996Z,KXNEAR15M-26OCT050030-30,0.0350,1.00,no
2026-10-05T04:28:18.617996Z,KXNEAR15M-26OCT050030-30,0.0330,1.00,no
2026-10-05T04:28:18.617996Z,KXNEAR15M-26OCT050030-30,0.0300,12.00,no
2026-10-05T04:28:18.617996Z,KXNEAR15M-26OCT050030-30,0.0310,1.00,no
2026-10-05T04:28:18.617996Z,KXNEAR15M-26OCT050030-30,0.0300,6.66,no
2026-10-05T04:28:18.917728Z,KXNEAR15M-26OCT050030-30,0.0300,1.00,no
2026-10-05T04:28:19.441767Z,KXNEAR15M-26OCT050030-30,0.0300,1.00,no
2026-10-05T04:28:19.943844Z,KXNEAR15M-26OCT050030-30,0.0310,1.00,no
2026-10-05T04:28:20.473256Z,KXNEAR15M-26OCT050030-30,0.0310,1.00,no
2026-10-05T04:28:21.004359Z,KXNEAR15M-26OCT050030-30,0.0300,1.00,no
2026-10-05T04:28:22.031642Z,KXNEAR15M-26OCT050030-30,0.0370,58.00,yes
2026-10-05T04:28:22.118747Z,KXNEAR15M-26OCT050030-30,0.0300,12.00,no
2026-10-05T04:28:22.206695Z,KXNEAR15M-26OCT050030-30,0.0300,1.00,no
2026-10-05T04:28:22.59389Z,KXNEAR15M-26OCT050030-30,0.0300,1.00,no
2026-10-05T04:28:23.390985Z,KXNEAR15M-26OCT050030-30,0.0300,1.00,no
2026-10-05T04:28:23.770789Z,KXNEAR15M-26OCT050030-30,0.0300,1.00,no
2026-10-05T04:28:23.971261Z,KXNEAR15M-26OCT050030-30,0.0300,2.00,no
2026-10-05T04:28:24.056235Z,KXNEAR15M-26OCT050030-30,0.0310,21.27,yes
2026-10-05T04:28:24.096677Z,KXNEAR15M-26OCT050030-30,0.0300,1.00,no
2026-10-05T04:28:24.145275Z,KXNEAR15M-26OCT050030-30,0.0300,5.00,no
2026-10-05T04:28:27.141006Z,KXNEAR15M-26OCT050030-30,0.0300,1.00,no
2026-10-05T04:28:27.257543Z,KXNEAR15M-26OCT050030-30,0.0300,0.66,no
2026-10-05T04:28:27.257543Z,KXNEAR15M-26OCT050030-30,0.0290,0.34,no
2026-10-05T04:28:27.262163Z,KXNEAR15M-26OCT050030-30,0.0290,0.66,no
2026-10-05T04:28:27.449176Z,KXNEAR15M-26OCT050030-30,0.0290,2.46,yes
2026-10-05T04:28:27.841559Z,KXNEAR15M-26OCT050030-30,0.0290,5.36,yes
2026-10-05T04:28:27.903122Z,KXNEAR15M-26OCT050030-30,0.0280,1.00,no
2026-10-05T04:28:28.85667Z,KXNEAR15M-26OCT050030-30,0.0270,1.00,no
2026-10-05T04:28:29.440396Z,KXNEAR15M-26OCT050030-30,0.0260,1.00,no
2026-10-05T04:28:29.49214Z,KXNEAR15M-26OCT050030-30,0.0240,1.00,no
2026-10-05T04:28:29.49214Z,KXNEAR15M-26OCT050030-30,0.0250,1.00,no
2026-10-05T04:28:29.49214Z,KXNEAR15M-26OCT050030-30,0.0240,14.00,no
2026-10-05T04:28:29.492178Z,KXNEAR15M-26OCT050030-30,0.0240,1.00,no
2026-10-05T04:28:29.684449Z,KXNEAR15M-26OCT050030-30,0.0240,10.00,no
2026-10-05T04:28:31.143648Z,KXNEAR15M-26OCT050030-30,0.0240,1.00,no
2026-10-05T04:28:31.25458Z,KXNEAR15M-26OCT050030-30,0.0240,1.00,no
2026-10-05T04:28:31.595017Z,KXNEAR15M-26OCT050030-30,0.0240,1.00,no
2026-10-05T04:28:31.804735Z,KXNEAR15M-26OCT050030-30,0.0240,1.00,no
2026-10-05T04:28:32.734522Z,KXNEAR15M-26OCT050030-30,0.0240,2.00,no
2026-10-05T04:28:33.069815Z,KXNEAR15M-26OCT050030-30,0.0240,1.00,no
2026-10-05T04:28:33.154788Z,KXNEAR15M-26OCT050030-30,0.0240,2.00,no
2026-10-05T04:28:33.225897Z,KXNEAR15M-26OCT050030-30,0.0240,5.00,no
2026-10-05T04:28:33.5849Z,KXNEAR15M-26OCT050030-30,0.0240,1.00,no
2026-10-05T04:28:33.989677Z,KXNEAR15M-26OCT050030-30,0.0250,1.62,yes
2026-10-05T04:28:34.904111Z,KXNEAR15M-26OCT050030-30,0.0240,1.00,no
2026-10-05T04:28:35.195299Z,KXNEAR15M-26OCT050030-30,0.0240,1.00,no
2026-10-05T04:28:35.421065Z,KXNEAR15M-26OCT050030-30,0.0240,1.00,no
2026-10-05T04:28:35.835723Z,KXNEAR15M-26OCT050030-30,0.0240,1.00,no
2026-10-05T04:28:35.947899Z,KXNEAR15M-26OCT050030-30,0.0240,1.00,no
2026-10-05T04:28:36.184168Z,KXNEAR15M-26OCT050030-30,0.0240,1.00,no
2026-10-05T04:28:36.444828Z,KXNEAR15M-26OCT050030-30,0.0210,3.27,no
2026-10-05T04:28:36.444828Z,KXNEAR15M-26OCT050030-30,0.0240,15.73,no
2026-10-05T04:28:36.444828Z,KXNEAR15M-26OCT050030-30,0.0210,1.00,no
2026-10-05T04:28:37.001026Z,KXNEAR15M-26OCT050030-30,0.0200,1.00,no
2026-10-05T04:28:40.457466Z,KXNEAR15M-26OCT050030-30,0.0200,1.00,no
2026-10-05T04:28:40.561517Z,KXNEAR15M-26OCT050030-30,0.0200,1.00,no
2026-10-05T04:28:40.863796Z,KXNEAR15M-26OCT050030-30,0.0200,1.00,no
2026-10-05T04:28:40.970235Z,KXNEAR15M-26OCT050030-30,0.0200,1.00,no
2026-10-05T04:28:40.975489Z,KXNEAR15M-26OCT050030-30,0.0200,1.00,no
2026-10-05T04:28:41.041658Z,KXNEAR15M-26OCT050030-30,0.0200,10.00,no
2026-10-05T04:28:41.041658Z,KXNEAR15M-26OCT050030-30,0.0200,5.00,no
2026-10-05T04:28:41.041658Z,KXNEAR15M-26OCT050030-30,0.0200,0.28,no
2026-10-05T04:28:41.218785Z,KXNEAR15M-26OCT050030-30,0.0200,0.33,no
2026-10-05T04:28:41.218785Z,KXNEAR15M-26OCT050030-30,0.0200,0.67,no
2026-10-05T04:28:41.560425Z,KXNEAR15M-26OCT050030-30,0.0200,1.00,no
2026-10-05T04:28:41.585676Z,KXNEAR15M-26OCT050030-30,0.0200,5.09,no
2026-10-05T04:28:42.303955Z,KXNEAR15M-26OCT050030-30,0.0200,1.00,no
2026-10-05T04:28:42.747024Z,KXNEAR15M-26OCT050030-30,0.0200,1.00,no
2026-10-05T04:28:43.103073Z,KXNEAR15M-26OCT050030-30,0.0200,1.00,no
2026-10-05T04:28:43.180248Z,KXNEAR15M-26OCT050030-30,0.0200,40.58,no
2026-10-05T04:28:43.910374Z,KXNEAR15M-26OCT050030-30,0.0190,1.00,yes
2026-10-05T04:28:43.910374Z,KXNEAR15M-26OCT050030-30,0.0200,10.75,yes
2026-10-05T04:28:43.910374Z,KXNEAR15M-26OCT050030-30,0.0190,10.00,yes
2026-10-05T04:28:43.910374Z,KXNEAR15M-26OCT050030-30,0.0190,1.64,yes
2026-10-05T04:28:45.272697Z,KXNEAR15M-26OCT050030-30,0.0190,1.00,yes
2026-10-05T04:28:45.272697Z,KXNEAR15M-26OCT050030-30,0.0190,9.00,yes
2026-10-05T04:28:48.097645Z,KXNEAR15M-26OCT050030-30,0.0180,2.00,no
2026-10-05T04:28:48.106393Z,KXNEAR15M-26OCT050030-30,0.0180,1.00,no
2026-10-05T04:28:48.171832Z,KXNEAR15M-26OCT050030-30,0.0140,10.00,no
2026-10-05T04:28:48.535974Z,KXNEAR15M-26OCT050030-30,0.0140,3.00,no
2026-10-05T04:28:49.105708Z,KXNEAR15M-26OCT050030-30,0.0120,4.00,no
2026-10-05T04:28:49.105708Z,KXNEAR15M-26OCT050030-30,0.0140,20.83,no
2026-10-05T04:28:49.105708Z,KXNEAR15M-26OCT050030-30,0.0100,1.50,no
2026-10-05T04:28:49.105708Z,KXNEAR15M-26OCT050030-30,0.0100,1.00,no
2026-10-05T04:28:49.105708Z,KXNEAR15M-26OCT050030-30,0.0100,3.00,no
2026-10-05T04:28:49.105708Z,KXNEAR15M-26OCT050030-30,0.0100,20.00,no
2026-10-05T04:28:49.105708Z,KXNEAR15M-26OCT050030-30,0.0110,2.00,no
2026-10-05T04:28:49.105708Z,KXNEAR15M-26OCT050030-30,0.0110,1.00,no
2026-10-05T04:28:49.105708Z,KXNEAR15M-26OCT050030-30,0.0110,20.00,no
2026-10-05T04:28:49.105708Z,KXNEAR15M-26OCT050030-30,0.0110,100.00,no
2026-10-05T04:28:49.105708Z,KXNEAR15M-26OCT050030-30,0.0110,2.00,no
2026-10-05T04:28:49.105708Z,KXNEAR15M-26OCT050030-30,0.0110,10.00,no
2026-10-05T04:28:49.105708Z,KXNEAR15M-26OCT050030-30,0.0110,1.00,no
2026-10-05T04:28:49.105708Z,KXNEAR15M-26OCT050030-30,0.0100,25.00,no
2026-10-05T04:28:49.105708Z,KXNEAR15M-26OCT050030-30,0.0100,10.00,no
2026-10-05T04:28:49.468805Z,KXNEAR15M-26OCT050030-30,0.0100,10.00,no
2026-10-05T04:28:50.45314Z,KXNEAR15M-26OCT050030-30,0.0110,7.01,yes
2026-10-05T04:28:50.45314Z,KXNEAR15M-26OCT050030-30,0.0100,10.00,yes
2026-10-05T04:28:51.348316Z,KXNEAR15M-26OCT050030-30,0.0090,5.00,no
2026-10-05T04:28:51.356464Z,KXNEAR15M-26OCT050030-30,0.0300,51.68,yes
2026-10-05T04:28:51.356464Z,KXNEAR15M-26OCT050030-30,0.0200,1.00,yes
2026-10-05T04:28:51.356464Z,KXNEAR15M-26OCT050030-30,0.0250,0.38,yes
2026-10-05T04:28:51.356464Z,KXNEAR15M-26OCT050030-30,0.0280,2.00,yes
2026-10-05T04:28:51.356464Z,KXNEAR15M-26OCT050030-30,0.0250,1.00,yes
2026-10-05T04:28:51.356464Z,KXNEAR15M-26OCT050030-30,0.0230,1.00,yes
2026-10-05T04:28:51.356464Z,KXNEAR15M-26OCT050030-30,0.0290,8.50,yes
2026-10-05T04:28:51.356464Z,KXNEAR15M-26OCT050030-30,0.0110,2.99,yes
2026-10-05T04:28:51.356464Z,KXNEAR15M-26OCT050030-30,0.0140,104.00,yes
2026-10-05T04:28:51.356464Z,KXNEAR15M-26OCT050030-30,0.0270,8.00,yes
2026-10-05T04:28:51.356464Z,KXNEAR15M-26OCT050030-30,0.0150,25.00,yes
2026-10-05T04:28:51.356464Z,KXNEAR15M-26OCT050030-30,0.0190,4.00,yes
2026-10-05T04:28:51.356464Z,KXNEAR15M-26OCT050030-30,0.0280,8.49,yes
2026-10-05T04:28:51.356464Z,KXNEAR15M-26OCT050030-30,0.0250,4.00,yes
2026-10-05T04:28:51.356464Z,KXNEAR15M-26OCT050030-30,0.0160,104.00,yes
2026-10-05T04:28:51.356464Z,KXNEAR15M-26OCT050030-30,0.0160,10.00,yes
2026-10-05T04:28:51.356464Z,KXNEAR15M-26OCT050030-30,0.0280,1.00,yes
2026-10-05T04:28:51.356464Z,KXNEAR15M-26OCT050030-30,0.0300,1.00,yes
2026-10-05T04:28:51.356464Z,KXNEAR15M-26OCT050030-30,0.0180,9.00,yes
2026-10-05T04:28:51.744673Z,KXNEAR15M-26OCT050030-30,0.0120,5.04,no
2026-10-05T04:28:52.108081Z,KXNEAR15M-26OCT050030-30,0.0120,28.66,no
2026-10-05T04:28:52.246539Z,KXNEAR15M-26OCT050030-30,0.0100,104.00,no
2026-10-05T04:28:52.246539Z,KXNEAR15M-26OCT050030-30,0.0100,3.00,no
2026-10-05T04:28:52.748723Z,KXNEAR15M-26OCT050030-30,0.0090,52.62,no
2026-10-05T04:28:52.748723Z,KXNEAR15M-26OCT050030-30,0.0090,5.00,no
2026-10-05T04:28:52.748723Z,KXNEAR15M-26OCT050030-30,0.0100,3.00,no
2026-10-05T04:28:52.748723Z,KXNEAR15M-26OCT050030-30,0.0080,104.00,no
2026-10-05T04:28:52.748723Z,KXNEAR15M-26OCT050030-30,0.0100,104.00,no
2026-10-05T04:28:52.748723Z,KXNEAR15M-26OCT050030-30,0.0040,1.00,no
2026-10-05T04:28:52.748723Z,KXNEAR15M-26OCT050030-30,0.0040,1.00,no
2026-10-05T04:28:52.748723Z,KXNEAR15M-26OCT050030-30,0.0040,1.00,no
2026-10-05T04:28:52.748723Z,KXNEAR15M-26OCT050030-30,0.0040,13.00,no
2026-10-05T04:28:52.748723Z,KXNEAR15M-26OCT050030-30,0.0050,11.00,no
2026-10-05T04:28:52.748723Z,KXNEAR15M-26OCT050030-30,0.0040,1.00,no
2026-10-05T04:28:52.748723Z,KXNEAR15M-26OCT050030-30,0.0040,1.00,no
2026-10-05T04:28:52.748723Z,KXNEAR15M-26OCT050030-30,0.0030,88.38,no
2026-10-05T04:28:52.748723Z,KXNEAR15M-26OCT050030-30,0.0090,5.00,no
2026-10-05T04:28:52.748723Z,KXNEAR15M-26OCT050030-30,0.0080,10.00,no
2026-10-05T04:28:52.748723Z,KXNEAR15M-26OCT050030-30,0.0070,10.00,no
2026-10-05T04:28:52.748723Z,KXNEAR15M-26OCT050030-30,0.0060,10.00,no
2026-10-05T04:28:52.748723Z,KXNEAR15M-26OCT050030-30,0.0030,10.00,no
2026-10-05T04:28:52.748723Z,KXNEAR15M-26OCT050030-30,0.0050,10.00,no
2026-10-05T04:28:52.748723Z,KXNEAR15M-26OCT050030-30,0.0040,10.00,no
2026-10-05T04:28:53.117813Z,KXNEAR15M-26OCT050030-30,0.0040,3.00,no
2026-10-05T04:28:53.117813Z,KXNEAR15M-26OCT050030-30,0.0040,4.00,no
2026-10-05T04:28:53.117813Z,KXNEAR15M-26OCT050030-30,0.0060,20.00,no
2026-10-05T04:28:53.117813Z,KXNEAR15M-26OCT050030-30,0.0020,26.00,no
2026-10-05T04:28:53.117813Z,KXNEAR15M-26OCT050030-30,0.0030,18.00,no
2026-10-05T04:28:53.117813Z,KXNEAR15M-26OCT050030-30,0.0020,3.00,no
2026-10-05T04:28:53.117813Z,KXNEAR15M-26OCT050030-30,0.0030,2.00,no
2026-10-05T04:28:53.117813Z,KXNEAR15M-26OCT050030-30,0.0030,2.00,no
2026-10-05T04:28:53.117813Z,KXNEAR15M-26OCT050030-30,0.0020,3.00,no
2026-10-05T04:28:53.117813Z,KXNEAR15M-26OCT050030-30,0.0020,3.00,no
2026-10-05T04:28:53.117813Z,KXNEAR15M-26OCT050030-30,0.0030,2.00,no
2026-10-05T04:28:53.117813Z,KXNEAR15M-26OCT050030-30,0.0020,3.00,no
2026-10-05T04:28:53.117813Z,KXNEAR15M-26OCT050030-30,0.0030,2.00,no
2026-10-05T04:28:53.117813Z,KXNEAR15M-26OCT050030-30,0.0020,3.00,no
2026-10-05T04:28:53.117813Z,KXNEAR15M-26OCT050030-30,0.0030,2.00,no
2026-10-05T04:28:53.117813Z,KXNEAR15M-26OCT050030-30,0.0020,200.00,no
2026-10-05T04:28:53.117813Z,KXNEAR15M-26OCT050030-30,0.0020,100.00,no
2026-10-05T04:28:53.117813Z,KXNEAR15M-26OCT050030-30,0.0020,10.00,no
2026-10-05T04:28:53.117813Z,KXNEAR15M-26OCT050030-30,0.0030,161.62,no
2026-10-05T04:28:53.117813Z,KXNEAR15M-26OCT050030-30,0.0020,500.00,no
2026-10-05T04:28:54.10546Z,KXNEAR15M-26OCT050030-30,0.0010,1.00,no
2026-10-05T04:28:55.14413Z,KXNEAR15M-26OCT050030-30,0.0010,1.05,no
2026-10-05T04:28:55.786318Z,KXNEAR15M-26OCT050030-30,0.0010,20.01,no
2026-10-05T04:28:56.425144Z,KXNEAR15M-26OCT050030-30,0.0010,54.00,no
2026-10-05T04:28:57.150132Z,KXNEAR15M-26OCT050030-30,0.0020,3.98,yes
2026-10-05T04:28:57.950865Z,KXNEAR15M-26OCT050030-30,0.0020,291.02,yes
2026-10-05T04:28:57.950865Z,KXNEAR15M-26OCT050030-30,0.0020,157.64,yes
2026-10-05T04:28:58.282156Z,KXNEAR15M-26OCT050030-30,0.0020,1.12,yes
2026-10-05T04:29:00.033934Z,KXNEAR15M-26OCT050030-30,0.0020,5.00,yes
2026-10-05T04:29:00.047199Z,KXNEAR15M-26OCT050030-30,0.0010,42.00,no
2026-10-05T04:29:00.309497Z,KXNEAR15M-26OCT050030-30,0.0010,36.00,no
2026-10-05T04:29:06.924268Z,KXNEAR15M-26OCT050030-30,0.0010,22.09,no
2026-10-05T04:29:07.070212Z,KXNEAR15M-26OCT050030-30,0.0010,29.15,no
2026-10-05T04:29:07.070212Z,KXNEAR15M-26OCT050030-30,0.0010,80.00,no
2026-10-05T04:29:07.070212Z,KXNEAR15M-26OCT050030-30,0.0010,1.00,no
2026-10-05T04:29:07.070212Z,KXNEAR15M-26OCT050030-30,0.0010,23.85,no
2026-10-05T04:29:07.070212Z,KXNEAR15M-26OCT050030-30,0.0010,1.00,no
2026-10-05T04:29:07.070212Z,KXNEAR15M-26OCT050030-30,0.0010,10.00,no
2026-10-05T04:29:07.070212Z,KXNEAR15M-26OCT050030-30,0.0010,1.00,no
2026-10-05T04:29:10.630837Z,KXNEAR15M-26OCT050030-30,0.0010,16.14,yes
2026-10-05T04:29:10.630837Z,KXNEAR15M-26OCT050030-30,0.0010,104.00,yes
2026-10-05T04:29:11.226415Z,KXNEAR15M-26OCT050030-30,0.0010,36.00,yes
2026-10-05T04:29:30.452795Z,KXNEAR15M-26OCT050030-30,0.0010,52.90,yes
2026-10-05T04:29:30.452795Z,KXNEAR15M-26OCT050030-30,0.0010,18.86,yes
2026-10-05T04:29:47.313174Z,KXNEAR15M-26OCT050030-30,0.0010,22.44,yes
2026-10-05T04:28:34.005361Z,KXSOL15M-26OCT050030-30,0.9440,3.00,no
2026-10-05T04:28:34.082546Z,KXSOL15M-26OCT050030-30,0.9400,6.00,no
2026-10-05T04:28:34.082546Z,KXSOL15M-26OCT050030-30,0.9350,3.22,no
2026-10-05T04:28:34.082546Z,KXSOL15M-26OCT050030-30,0.9420,3.00,no
2026-10-05T04:28:34.082546Z,KXSOL15M-26OCT050030-30,0.9410,3.00,no
2026-10-05T04:28:34.101395Z,KXSOL15M-26OCT050030-30,0.9340,1.00,no
2026-10-05T04:28:34.101395Z,KXSOL15M-26OCT050030-30,0.9390,3.00,no
2026-10-05T04:28:34.101395Z,KXSOL15M-26OCT050030-30,0.9400,3.00,no
2026-10-05T04:28:34.374828Z,KXSOL15M-26OCT050030-30,0.9680,7.19,yes
2026-10-05T04:28:34.374828Z,KXSOL15M-26OCT050030-30,0.9580,6.00,yes
2026-10-05T04:28:34.374828Z,KXSOL15M-26OCT050030-30,0.9590,100.00,yes
2026-10-05T04:28:34.374828Z,KXSOL15M-26OCT050030-30,0.9470,3.00,yes
2026-10-05T04:28:34.374828Z,KXSOL15M-26OCT050030-30,0.9480,3.00,yes
2026-10-05T04:28:34.374828Z,KXSOL15M-26OCT050030-30,0.9550,6.00,yes
2026-10-05T04:28:34.374828Z,KXSOL15M-26OCT050030-30,0.9680,1.00,yes
2026-10-05T04:28:34.374828Z,KXSOL15M-26OCT050030-30,0.9640,1.00,yes
2026-10-05T04:28:34.374828Z,KXSOL15M-26OCT050030-30,0.9670,1.00,yes
2026-10-05T04:28:34.374828Z,KXSOL15M-26OCT050030-30,0.9660,1.00,yes
2026-10-05T04:28:34.374828Z,KXSOL15M-26OCT050030-30,0.9650,1.00,yes
2026-10-05T04:28:34.464414Z,KXSOL15M-26OCT050030-30,0.9400,3.00,no
2026-10-05T04:28:34.464414Z,KXSOL15M-26OCT050030-30,0.9400,6.00,no
2026-10-05T04:28:34.464414Z,KXSOL15M-26OCT050030-30,0.9410,3.00,no
2026-10-05T04:28:34.464414Z,KXSOL15M-26OCT050030-30,0.9420,29.00,no
2026-10-05T04:28:34.464414Z,KXSOL15M-26OCT050030-30,0.9350,3.22,no
2026-10-05T04:28:34.590752Z,KXSOL15M-26OCT050030-30,0.9380,7.77,no
2026-10-05T04:28:34.590752Z,KXSOL15M-26OCT050030-30,0.9310,10.57,no
2026-10-05T04:28:34.590752Z,KXSOL15M-26OCT050030-30,0.9380,3.00,no
2026-10-05T04:28:34.590752Z,KXSOL15M-26OCT050030-30,0.9370,3.00,no
2026-10-05T04:28:34.590752Z,KXSOL15M-26OCT050030-30,0.9320,6.00,no
2026-10-05T04:28:34.590752Z,KXSOL15M-26OCT050030-30,0.9350,2.78,no
2026-10-05T04:28:34.643246Z,KXSOL15M-26OCT050030-30,0.9450,3.00,yes
2026-10-05T04:28:34.74489Z,KXSOL15M-26OCT050030-30,0.9440,3.00,yes
2026-10-05T04:28:34.74489Z,KXSOL15M-26OCT050030-30,0.9430,3.00,yes
2026-10-05T04:28:34.989933Z,KXSOL15M-26OCT050030-30,0.9460,2.11,yes
2026-10-05T04:28:35.068082Z,KXSOL15M-26OCT050030-30,0.9470,0.74,yes
2026-10-05T04:28:35.171288Z,KXSOL15M-26OCT050030-30,0.9500,3.00,yes
2026-10-05T04:28:35.171288Z,KXSOL15M-26OCT050030-30,0.9490,3.00,yes
2026-10-05T04:28:35.171288Z,KXSOL15M-26OCT050030-30,0.9660,3.47,yes
2026-10-05T04:28:35.171288Z,KXSOL15M-26OCT050030-30,0.9500,6.00,yes
2026-10-05T04:28:35.171288Z,KXSOL15M-26OCT050030-30,0.9650,5.00,yes
2026-10-05T04:28:35.18764Z,KXSOL15M-26OCT050030-30,0.9450,6.00,no
2026-10-05T04:28:35.18764Z,KXSOL15M-26OCT050030-30,0.9420,2.00,no
2026-10-05T04:28:35.220067Z,KXSOL15M-26OCT050030-30,0.9520,3.00,yes
2026-10-05T04:28:35.220067Z,KXSOL15M-26OCT050030-30,0.9510,3.00,yes
2026-10-05T04:28:35.220067Z,KXSOL15M-26OCT050030-30,0.9610,0.02,yes
2026-10-05T04:28:35.342071Z,KXSOL15M-26OCT050030-30,0.9610,4.00,yes
2026-10-05T04:28:35.342071Z,KXSOL15M-26OCT050030-30,0.9530,3.00,yes
2026-10-05T04:28:35.342071Z,KXSOL15M-26OCT050030-30,0.9620,6.88,yes
2026-10-05T04:28:35.342071Z,KXSOL15M-26OCT050030-30,0.9550,6.00,yes
2026-10-05T04:28:35.342071Z,KXSOL15M-26OCT050030-30,0.9540,3.00,yes
2026-10-05T04:28:35.596554Z,KXSOL15M-26OCT050030-30,0.9550,0.01,yes
2026-10-05T04:28:35.770238Z,KXSOL15M-26OCT050030-30,0.9460,1.67,no
2026-10-05T04:28:36.246339Z,KXSOL15M-26OCT050030-30,0.9600,3.00,yes
2026-10-05T04:28:36.246339Z,KXSOL15M-26OCT050030-30,0.9610,3.00,yes
2026-10-05T04:28:36.246339Z,KXSOL15M-26OCT050030-30,0.9610,4.00,yes
2026-10-05T04:28:36.246339Z,KXSOL15M-26OCT050030-30,0.9630,11.00,yes
2026-10-05T04:28:36.246339Z,KXSOL15M-26OCT050030-30,0.9620,100.00,yes
2026-10-05T04:28:36.246339Z,KXSOL15M-26OCT050030-30,0.9650,6.00,yes
2026-10-05T04:28:36.246339Z,KXSOL15M-26OCT050030-30,0.9600,6.34,yes
2026-10-05T04:28:36.246339Z,KXSOL15M-26OCT050030-30,0.9700,10.00,yes
2026-10-05T04:28:36.246339Z,KXSOL15M-26OCT050030-30,0.9690,20.00,yes
2026-10-05T04:28:36.246339Z,KXSOL15M-26OCT050030-30,0.9700,10.69,yes
2026-10-05T04:28:36.246339Z,KXSOL15M-26OCT050030-30,0.9700,1.20,yes
2026-10-05T04:28:36.246339Z,KXSOL15M-26OCT050030-30,0.9700,2.00,yes
2026-10-05T04:28:36.246339Z,KXSOL15M-26OCT050030-30,0.9700,25.00,yes
2026-10-05T04:28:36.246339Z,KXSOL15M-26OCT050030-30,0.9700,1.00,yes
2026-10-05T04:28:36.246339Z,KXSOL15M-26OCT050030-30,0.9690,1.00,yes
2026-10-05T04:28:36.246339Z,KXSOL15M-26OCT050030-30,0.9700,6.66,yes
2026-10-05T04:28:36.246339Z,KXSOL15M-26OCT050030-30,0.9700,30.00,yes
2026-10-05T04:28:36.246339Z,KXSOL15M-26OCT050030-30,0.9700,66.00,yes
2026-10-05T04:28:36.246339Z,KXSOL15M-26OCT050030-30,0.9700,1.00,yes
2026-10-05T04:28:36.246339Z,KXSOL15M-26OCT050030-30,0.9690,1.00,yes
2026-10-05T04:28:36.633031Z,KXSOL15M-26OCT050030-30,0.9540,1.51,no
2026-10-05T04:28:36.883266Z,KXSOL15M-26OCT050030-30,0.9430,6.00,no
2026-10-05T04:28:36.883266Z,KXSOL15M-26OCT050030-30,0.9500,6.00,no
2026-10-05T04:28:36.883266Z,KXSOL15M-26OCT050030-30,0.9540,8.49,no
2026-10-05T04:28:36.883266Z,KXSOL15M-26OCT050030-30,0.9510,3.00,no
2026-10-05T04:28:36.883266Z,KXSOL15M-26OCT050030-30,0.9520,3.00,no
2026-10-05T04:28:36.883266Z,KXSOL15M-26OCT050030-30,0.9420,9.43,no
2026-10-05T04:28:37.146151Z,KXSOL15M-26OCT050030-30,0.9600,3.00,yes
2026-10-05T04:28:37.146151Z,KXSOL15M-26OCT050030-30,0.9610,1.00,yes
2026-10-05T04:28:37.489373Z,KXSOL15M-26OCT050030-30,0.9650,1.24,yes
2026-10-05T04:28:37.489373Z,KXSOL15M-26OCT050030-30,0.9620,3.00,yes
2026-10-05T04:28:37.489373Z,KXSOL15M-26OCT050030-30,0.9630,3.00,yes
2026-10-05T04:28:37.495965Z,KXSOL15M-26OCT050030-30,0.9530,3.00,no
2026-10-05T04:28:37.495965Z,KXSOL15M-26OCT050030-30,0.9530,0.90,no
2026-10-05T04:28:37.506171Z,KXSOL15M-26OCT050030-30,0.9550,6.00,no
2026-10-05T04:28:37.506171Z,KXSOL15M-26OCT050030-30,0.9540,4.42,no
2026-10-05T04:28:38.190283Z,KXSOL15M-26OCT050030-30,0.9550,3.00,no
2026-10-05T04:28:38.190283Z,KXSOL15M-26OCT050030-30,0.9540,0.38,no
2026-10-05T04:28:38.190405Z,KXSOL15M-26OCT050030-30,0.9650,1.13,yes
2026-10-05T04:28:38.190405Z,KXSOL15M-26OCT050030-30,0.9640,3.00,yes
2026-10-05T04:28:38.267929Z,KXSOL15M-26OCT050030-30,0.9550,3.00,no
2026-10-05T04:28:38.267929Z,KXSOL15M-26OCT050030-30,0.9540,6.00,no
2026-10-05T04:28:38.267929Z,KXSOL15M-26OCT050030-30,0.9540,2.62,no
2026-10-05T04:28:38.267929Z,KXSOL15M-26OCT050030-30,0.9510,144.15,no
2026-10-05T04:28:38.267929Z,KXSOL15M-26OCT050030-30,0.9520,9.00,no
2026-10-05T04:28:38.267929Z,KXSOL15M-26OCT050030-30,0.9530,14.57,no
2026-10-05T04:28:38.648825Z,KXSOL15M-26OCT050030-30,0.9690,6.00,yes
2026-10-05T04:28:38.648825Z,KXSOL15M-26OCT050030-30,0.9650,6.00,yes
2026-10-05T04:28:38.648825Z,KXSOL15M-26OCT050030-30,0.9630,3.00,yes
2026-10-05T04:28:38.648825Z,KXSOL15M-26OCT050030-30,0.9620,3.00,yes
2026-10-05T04:28:38.648825Z,KXSOL15M-26OCT050030-30,0.9700,14.78,yes
2026-10-05T04:28:38.978558Z,KXSOL15M-26OCT050030-30,0.9560,2.03,no
2026-10-05T04:28:39.019332Z,KXSOL15M-26OCT050030-30,0.9690,25.00,yes
2026-10-05T04:28:39.019332Z,KXSOL15M-26OCT050030-30,0.9770,83.19,yes
2026-10-05T04:28:39.019332Z,KXSOL15M-26OCT050030-30,0.9650,3.00,yes
2026-10-05T04:28:39.019332Z,KXSOL15M-26OCT050030-30,0.9660,3.00,yes
2026-10-05T04:28:39.019332Z,KXSOL15M-26OCT050030-30,0.9640,6.00,yes
2026-10-05T04:28:39.019332Z,KXSOL15M-26OCT050030-30,0.9650,6.00,yes
2026-10-05T04:28:39.019332Z,KXSOL15M-26OCT050030-30,0.9640,18.00,yes
2026-10-05T04:28:39.019332Z,KXSOL15M-26OCT050030-30,0.9700,6.00,yes
2026-10-05T04:28:39.019332Z,KXSOL15M-26OCT050030-30,0.9710,11.00,yes
2026-10-05T04:28:39.019332Z,KXSOL15M-26OCT050030-30,0.9700,20.42,yes
2026-10-05T04:28:39.019332Z,KXSOL15M-26OCT050030-30,0.9740,1.00,yes
2026-10-05T04:28:39.019332Z,KXSOL15M-26OCT050030-30,0.9750,1.00,yes
2026-10-05T04:28:39.019332Z,KXSOL15M-26OCT050030-30,0.9770,1.00,yes
2026-10-05T04:28:39.019332Z,KXSOL15M-26OCT050030-30,0.9760,1.00,yes
2026-10-05T04:28:39.019332Z,KXSOL15M-26OCT050030-30,0.9720,1.00,yes
2026-10-05T04:28:39.019332Z,KXSOL15M-26OCT050030-30,0.9730,1.00,yes
2026-10-05T04:28:39.019332Z,KXSOL15M-26OCT050030-30,0.9710,1.00,yes
2026-10-05T04:28:39.291359Z,KXSOL15M-26OCT050030-30,0.9580,3.00,no
2026-10-05T04:28:39.291359Z,KXSOL15M-26OCT050030-30,0.9540,0.97,no
2026-10-05T04:28:39.291359Z,KXSOL15M-26OCT050030-30,0.9600,6.00,no
2026-10-05T04:28:39.291359Z,KXSOL15M-26OCT050030-30,0.9550,7.00,no
2026-10-05T04:28:39.291359Z,KXSOL15M-26OCT050030-30,0.9570,3.00,no
2026-10-05T04:28:39.400812Z,KXSOL15M-26OCT050030-30,0.9560,3.00,no
2026-10-05T04:28:39.400812Z,KXSOL15M-26OCT050030-30,0.9560,3.00,no
2026-10-05T04:28:39.616511Z,KXSOL15M-26OCT050030-30,0.9580,66.65,no
2026-10-05T04:28:39.655718Z,KXSOL15M-26OCT050030-30,0.9550,3.00,no
2026-10-05T04:28:39.655718Z,KXSOL15M-26OCT050030-30,0.9540,3.00,no
2026-10-05T04:28:39.655718Z,KXSOL15M-26OCT050030-30,0.9560,7.00,no
2026-10-05T04:28:39.655718Z,KXSOL15M-26OCT050030-30,0.9550,6.00,no
2026-10-05T04:28:39.655718Z,KXSOL15M-26OCT050030-30,0.9560,16.00,no
2026-10-05T04:28:39.728314Z,KXSOL15M-26OCT050030-30,0.9590,3.00,yes
2026-10-05T04:28:39.728314Z,KXSOL15M-26OCT050030-30,0.9600,2.15,yes
2026-10-05T04:28:40.261296Z,KXSOL15M-26OCT050030-30,0.9560,20.37,no
2026-10-05T04:28:40.283938Z,KXSOL15M-26OCT050030-30,0.9560,28.38,no
2026-10-05T04:28:40.354304Z,KXSOL15M-26OCT050030-30,0.9560,10.18,no
2026-10-05T04:28:40.36052Z,KXSOL15M-26OCT050030-30,0.9620,3.00,yes
2026-10-05T04:28:41.195639Z,KXSOL15M-26OCT050030-30,0.9660,3.00,yes
2026-10-05T04:28:41.195639Z,KXSOL15M-26OCT050030-30,0.9750,6.00,yes
2026-10-05T04:28:41.195639Z,KXSOL15M-26OCT050030-30,0.9750,3.92,yes
2026-10-05T04:28:41.195639Z,KXSOL15M-26OCT050030-30,0.9650,3.00,yes
2026-10-05T04:28:41.195639Z,KXSOL15M-26OCT050030-30,0.9700,6.00,yes
2026-10-05T04:28:41.297587Z,KXSOL15M-26OCT050030-30,0.9600,2.00,no
2026-10-05T04:28:41.315386Z,KXSOL15M-26OCT050030-30,0.9600,4.00,no
2026-10-05T04:28:41.606895Z,KXSOL15M-26OCT050030-30,0.9610,7.00,no
2026-10-05T04:28:41.662164Z,KXSOL15M-26OCT050030-30,0.9610,6.86,no
2026-10-05T04:28:41.962223Z,KXSOL15M-26OCT050030-30,0.9610,24.02,no
2026-10-05T04:28:42.082735Z,KXSOL15M-26OCT050030-30,0.9620,7.00,no
2026-10-05T04:28:42.082735Z,KXSOL15M-26OCT050030-30,0.9620,24.00,no
2026-10-05T04:28:42.082735Z,KXSOL15M-26OCT050030-30,0.9610,312.12,no
2026-10-05T04:28:42.082735Z,KXSOL15M-26OCT050030-30,0.9600,6.00,no
2026-10-05T04:28:42.236274Z,KXSOL15M-26OCT050030-30,0.9600,3.00,no
2026-10-05T04:28:42.236274Z,KXSOL15M-26OCT050030-30,0.9590,3.00,no
2026-10-05T04:28:42.27145Z,KXSOL15M-26OCT050030-30,0.9750,6.00,yes
2026-10-05T04:28:42.27145Z,KXSOL15M-26OCT050030-30,0.9720,36.00,yes
2026-10-05T04:28:42.27145Z,KXSOL15M-26OCT050030-30,0.9700,6.00,yes
2026-10-05T04:28:42.27145Z,KXSOL15M-26OCT050030-30,0.9650,6.00,yes
2026-10-05T04:28:42.27145Z,KXSOL15M-26OCT050030-30,0.9670,3.00,yes
2026-10-05T04:28:42.27145Z,KXSOL15M-26OCT050030-30,0.9660,3.00,yes
2026-10-05T04:28:42.27145Z,KXSOL15M-26OCT050030-30,0.9710,6.00,yes
2026-10-05T04:28:42.580561Z,KXSOL15M-26OCT050030-30,0.9610,35.07,no
2026-10-05T04:28:42.580561Z,KXSOL15M-26OCT050030-30,0.9620,24.00,no
2026-10-05T04:28:42.580561Z,KXSOL15M-26OCT050030-30,0.9630,3.00,no
2026-10-05T04:28:42.580561Z,KXSOL15M-26OCT050030-30,0.9640,3.00,no
2026-10-05T04:28:42.580561Z,KXSOL15M-26OCT050030-30,0.9620,7.00,no
2026-10-05T04:28:42.753379Z,KXSOL15M-26OCT050030-30,0.9620,3.40,no
2026-10-05T04:28:43.030574Z,KXSOL15M-26OCT050030-30,0.9710,0.15,yes
2026-10-05T04:28:43.030574Z,KXSOL15M-26OCT050030-30,0.9700,3.00,yes
2026-10-05T04:28:43.231669Z,KXSOL15M-26OCT050030-30,0.9720,0.01,yes
2026-10-05T04:28:43.237918Z,KXSOL15M-26OCT050030-30,0.9720,2.99,yes
2026-10-05T04:28:43.237918Z,KXSOL15M-26OCT050030-30,0.9730,2.95,yes
2026-10-05T04:28:43.402507Z,KXSOL15M-26OCT050030-30,0.9710,130.00,no
2026-10-05T04:28:43.637818Z,KXSOL15M-26OCT050030-30,0.9710,0.72,no
2026-10-05T04:28:43.653158Z,KXSOL15M-26OCT050030-30,0.9710,155.00,no
2026-10-05T04:28:43.666685Z,KXSOL15M-26OCT050030-30,0.9750,3.00,yes
2026-10-05T04:28:43.666685Z,KXSOL15M-26OCT050030-30,0.9760,1.46,yes
2026-10-05T04:28:43.666685Z,KXSOL15M-26OCT050030-30,0.9730,24.00,yes
2026-10-05T04:28:43.666685Z,KXSOL15M-26OCT050030-30,0.9740,15.00,yes
2026-10-05T04:28:43.666685Z,KXSOL15M-26OCT050030-30,0.9750,12.18,yes
2026-10-05T04:28:44.338246Z,KXSOL15M-26OCT050030-30,0.9710,32.30,no
2026-10-05T04:28:44.476593Z,KXSOL15M-26OCT050030-30,0.9710,5.00,no
2026-10-05T04:28:44.499674Z,KXSOL15M-26OCT050030-30,0.9720,3.00,no
2026-10-05T04:28:44.522018Z,KXSOL15M-26OCT050030-30,0.9770,1.02,yes
2026-10-05T04:28:44.826354Z,KXSOL15M-26OCT050030-30,0.9760,2.04,yes
2026-10-05T04:28:45.113685Z,KXSOL15M-26OCT050030-30,0.9770,28.00,yes
2026-10-05T04:28:45.113685Z,KXSOL15M-26OCT050030-30,0.9770,19.00,yes
2026-10-05T04:28:45.113685Z,KXSOL15M-26OCT050030-30,0.9770,6.00,yes
2026-10-05T04:28:45.113685Z,KXSOL15M-26OCT050030-30,0.9770,26.98,yes
2026-10-05T04:28:45.113685Z,KXSOL15M-26OCT050030-30,0.9780,12.02,yes
2026-10-05T04:28:45.114533Z,KXSOL15M-26OCT050030-30,0.9780,16.00,yes
2026-10-05T04:28:45.114784Z,KXSOL15M-26OCT050030-30,0.9780,1.00,yes
2026-10-05T04:28:45.114784Z,KXSOL15M-26OCT050030-30,0.9780,1.00,yes
2026-10-05T04:28:45.114784Z,KXSOL15M-26OCT050030-30,0.9780,11.98,yes
2026-10-05T04:28:45.114784Z,KXSOL15M-26OCT050030-30,0.9790,31.02,yes
2026-10-05T04:28:45.127835Z,KXSOL15M-26OCT050030-30,0.9780,6.00,yes
2026-10-05T04:28:45.127835Z,KXSOL15M-26OCT050030-30,0.9780,6.00,yes
2026-10-05T04:28:45.130442Z,KXSOL15M-26OCT050030-30,0.9780,28.00,yes
2026-10-05T04:28:45.327412Z,KXSOL15M-26OCT050030-30,0.9790,5.00,yes
2026-10-05T04:28:45.327412Z,KXSOL15M-26OCT050030-30,0.9790,1.00,yes
2026-10-05T04:28:45.327412Z,KXSOL15M-26OCT050030-30,0.9790,1.00,yes
2026-10-05T04:28:45.327412Z,KXSOL15M-26OCT050030-30,0.9800,19.02,yes
2026-10-05T04:28:45.327412Z,KXSOL15M-26OCT050030-30,0.9800,11.00,yes
2026-10-05T04:28:45.327412Z,KXSOL15M-26OCT050030-30,0.9800,40.00,yes
2026-10-05T04:28:45.327412Z,KXSOL15M-26OCT050030-30,0.9790,8.98,yes
2026-10-05T04:28:45.36011Z,KXSOL15M-26OCT050030-30,0.9800,49.33,yes
2026-10-05T04:28:45.427563Z,KXSOL15M-26OCT050030-30,0.9800,0.02,yes
2026-10-05T04:28:45.427563Z,KXSOL15M-26OCT050030-30,0.9800,2.24,yes
2026-10-05T04:28:45.427563Z,KXSOL15M-26OCT050030-30,0.9800,10.00,yes
2026-10-05T04:28:45.427563Z,KXSOL15M-26OCT050030-30,0.9800,5.00,yes
2026-10-05T04:28:45.427563Z,KXSOL15M-26OCT050030-30,0.9800,8.74,yes
2026-10-05T04:28:45.427563Z,KXSOL15M-26OCT050030-30,0.9800,1.00,yes
2026-10-05T04:28:45.625173Z,KXSOL15M-26OCT050030-30,0.9750,31.02,no
2026-10-05T04:28:45.625173Z,KXSOL15M-26OCT050030-30,0.9750,6.00,no
2026-10-05T04:28:45.625173Z,KXSOL15M-26OCT050030-30,0.9750,16.00,no
2026-10-05T04:28:45.625173Z,KXSOL15M-26OCT050030-30,0.9700,6.00,no
2026-10-05T04:28:45.625173Z,KXSOL15M-26OCT050030-30,0.9750,11.98,no
2026-10-05T04:28:45.625173Z,KXSOL15M-26OCT050030-30,0.9780,3.00,no
2026-10-05T04:28:45.625173Z,KXSOL15M-26OCT050030-30,0.9790,3.00,no
2026-10-05T04:28:45.625173Z,KXSOL15M-26OCT050030-30,0.9750,12.02,no
2026-10-05T04:28:45.625173Z,KXSOL15M-26OCT050030-30,0.9710,26.98,no
2026-10-05T04:28:45.642695Z,KXSOL15M-26OCT050030-30,0.9790,1.53,no
2026-10-05T04:28:45.693245Z,KXSOL15M-26OCT050030-30,0.9790,10.89,no
2026-10-05T04:28:45.741921Z,KXSOL15M-26OCT050030-30,0.9800,3.00,yes
2026-10-05T04:28:45.756236Z,KXSOL15M-26OCT050030-30,0.9800,0.99,yes
2026-10-05T04:28:45.847299Z,KXSOL15M-26OCT050030-30,0.9800,3.00,yes
2026-10-05T04:28:45.949184Z,KXSOL15M-26OCT050030-30,0.9800,1.00,yes
2026-10-05T04:28:45.973819Z,KXSOL15M-26OCT050030-30,0.9800,9.98,yes
2026-10-05T04:28:46.038859Z,KXSOL15M-26OCT050030-30,0.9800,0.67,yes
2026-10-05T04:28:46.084566Z,KXSOL15M-26OCT050030-30,0.9800,9.30,yes
2026-10-05T04:28:46.167137Z,KXSOL15M-26OCT050030-30,0.9790,1.04,no
2026-10-05T04:28:46.183313Z,KXSOL15M-26OCT050030-30,0.9790,2.13,no
2026-10-05T04:28:46.390195Z,KXSOL15M-26OCT050030-30,0.9800,16.00,yes
2026-10-05T04:28:46.49479Z,KXSOL15M-26OCT050030-30,0.9790,24.00,no
2026-10-05T04:28:46.549078Z,KXSOL15M-26OCT050030-30,0.9790,297.78,no
2026-10-05T04:28:46.657562Z,KXSOL15M-26OCT050030-30,0.9790,28.93,no
2026-10-05T04:28:46.657562Z,KXSOL15M-26OCT050030-30,0.9790,12.63,no
2026-10-05T04:28:46.657562Z,KXSOL15M-26OCT050030-30,0.9790,3.00,no
2026-10-05T04:28:46.682281Z,KXSOL15M-26OCT050030-30,0.9790,76.27,no
2026-10-05T04:28:46.682281Z,KXSOL15M-26OCT050030-30,0.9790,11.07,no
2026-10-05T04:28:46.710592Z,KXSOL15M-26OCT050030-30,0.9790,154.44,no
2026-10-05T04:28:46.721184Z,KXSOL15M-26OCT050030-30,0.9800,8.35,yes
2026-10-05T04:28:46.721184Z,KXSOL15M-26OCT050030-30,0.9810,21.87,yes
2026-10-05T04:28:46.747021Z,KXSOL15M-26OCT050030-30,0.9800,21.87,no
2026-10-05T04:28:46.747021Z,KXSOL15M-26OCT050030-30,0.9790,119.29,no
2026-10-05T04:28:46.747021Z,KXSOL15M-26OCT050030-30,0.9630,49.00,no
2026-10-05T04:28:46.747021Z,KXSOL15M-26OCT050030-30,0.9650,20.00,no
2026-10-05T04:28:46.747021Z,KXSOL15M-26OCT050030-30,0.9660,8.00,no
2026-10-05T04:28:46.747021Z,KXSOL15M-26OCT050030-30,0.9770,8.98,no
2026-10-05T04:28:46.747021Z,KXSOL15M-26OCT050030-30,0.9780,3.00,no
2026-10-05T04:28:46.747021Z,KXSOL15M-26OCT050030-30,0.9640,1.00,no
2026-10-05T04:28:46.747021Z,KXSOL15M-26OCT050030-30,0.9750,6.00,no
2026-10-05T04:28:46.747021Z,KXSOL15M-26OCT050030-30,0.9620,23.03,no
2026-10-05T04:28:47.187305Z,KXSOL15M-26OCT050030-30,0.9810,0.87,yes
2026-10-05T04:28:47.187305Z,KXSOL15M-26OCT050030-30,0.9810,1.00,yes
2026-10-05T04:28:47.187305Z,KXSOL15M-26OCT050030-30,0.9810,18.13,yes
2026-10-05T04:28:47.255256Z,KXSOL15M-26OCT050030-30,0.9790,5.57,no
2026-10-05T04:28:47.359604Z,KXSOL15M-26OCT050030-30,0.9790,12.56,no
2026-10-05T04:28:47.359604Z,KXSOL15M-26OCT050030-30,0.9770,9.00,no
2026-10-05T04:28:47.359604Z,KXSOL15M-26OCT050030-30,0.9770,3.00,no
2026-10-05T04:28:47.359604Z,KXSOL15M-26OCT050030-30,0.9780,7.00,no
2026-10-05T04:28:47.359604Z,KXSOL15M-26OCT050030-30,0.9780,3.00,no
2026-10-05T04:28:47.359604Z,KXSOL15M-26OCT050030-30,0.9760,4.62,no
2026-10-05T04:28:47.373657Z,KXSOL15M-26OCT050030-30,0.9810,20.13,yes
2026-10-05T04:28:47.373657Z,KXSOL15M-26OCT050030-30,0.9820,7.00,yes
2026-10-05T04:28:47.373657Z,KXSOL15M-26OCT050030-30,0.9820,1.00,yes
2026-10-05T04:28:47.373657Z,KXSOL15M-26OCT050030-30,0.9830,21.59,yes
2026-10-05T04:28:47.373657Z,KXSOL15M-26OCT050030-30,0.9820,40.00,yes
2026-10-05T04:28:47.873109Z,KXSOL15M-26OCT050030-30,0.9820,1.06,no
2026-10-05T04:28:48.082739Z,KXSOL15M-26OCT050030-30,0.9820,1.00,no
2026-10-05T04:28:48.104296Z,KXSOL15M-26OCT050030-30,0.9840,3.00,yes
2026-10-05T04:28:48.104296Z,KXSOL15M-26OCT050030-30,0.9840,6.00,yes
2026-10-05T04:28:48.104296Z,KXSOL15M-26OCT050030-30,0.9830,18.41,yes
2026-10-05T04:28:48.104296Z,KXSOL15M-26OCT050030-30,0.9840,40.00,yes
2026-10-05T04:28:48.104296Z,KXSOL15M-26OCT050030-30,0.9850,32.07,yes
2026-10-05T04:28:48.104296Z,KXSOL15M-26OCT050030-30,0.9830,1.00,yes
2026-10-05T04:28:48.104296Z,KXSOL15M-26OCT050030-30,0.9840,1.00,yes
2026-10-05T04:28:48.166637Z,KXSOL15M-26OCT050030-30,0.9820,17.47,no
2026-10-05T04:28:48.166637Z,KXSOL15M-26OCT050030-30,0.9820,19.53,no
2026-10-05T04:28:48.535501Z,KXSOL15M-26OCT050030-30,0.9780,0.11,no
2026-10-05T04:28:48.554847Z,KXSOL15M-26OCT050030-30,0.9850,6.00,yes
2026-10-05T04:28:48.554847Z,KXSOL15M-26OCT050030-30,0.9840,6.00,yes
2026-10-05T04:28:48.554847Z,KXSOL15M-26OCT050030-30,0.9840,40.00,yes
2026-10-05T04:28:48.554847Z,KXSOL15M-26OCT050030-30,0.9850,3.00,yes
2026-10-05T04:28:48.554847Z,KXSOL15M-26OCT050030-30,0.9850,36.83,yes
2026-10-05T04:28:48.554847Z,KXSOL15M-26OCT050030-30,0.9850,7.93,yes
2026-10-05T04:28:48.554847Z,KXSOL15M-26OCT050030-30,0.9860,0.59,yes
2026-10-05T04:28:48.554847Z,KXSOL15M-26OCT050030-30,0.9850,1.00,yes
2026-10-05T04:28:48.75337Z,KXSOL15M-26OCT050030-30,0.9820,0.94,no
2026-10-05T04:28:48.75337Z,KXSOL15M-26OCT050030-30,0.9820,5.69,no
2026-10-05T04:28:48.923373Z,KXSOL15M-26OCT050030-30,0.9850,0.22,no
2026-10-05T04:28:49.034075Z,KXSOL15M-26OCT050030-30,0.9850,0.37,no
2026-10-05T04:28:49.034075Z,KXSOL15M-26OCT050030-30,0.9840,9.63,no
2026-10-05T04:28:49.234053Z,KXSOL15M-26OCT050030-30,0.9860,6.38,yes
2026-10-05T04:28:49.665284Z,KXSOL15M-26OCT050030-30,0.9760,16.38,no
2026-10-05T04:28:49.665284Z,KXSOL15M-26OCT050030-30,0.9810,39.89,no
2026-10-05T04:28:49.665284Z,KXSOL15M-26OCT050030-30,0.9780,3.00,no
2026-10-05T04:28:49.665284Z,KXSOL15M-26OCT050030-30,0.9840,22.44,no
2026-10-05T04:28:49.665284Z,KXSOL15M-26OCT050030-30,0.9830,34.31,no
2026-10-05T04:28:49.665284Z,KXSOL15M-26OCT050030-30,0.9770,9.00,no
2026-10-05T04:28:49.665284Z,KXSOL15M-26OCT050030-30,0.9840,7.93,no
2026-10-05T04:28:49.665284Z,KXSOL15M-26OCT050030-30,0.9770,3.00,no
2026-10-05T04:28:49.665284Z,KXSOL15M-26OCT050030-30,0.9800,6.00,no
2026-10-05T04:28:49.665284Z,KXSOL15M-26OCT050030-30,0.9850,6.38,no
2026-10-05T04:28:49.750241Z,KXSOL15M-26OCT050030-30,0.9760,50.78,no
2026-10-05T04:28:49.752782Z,KXSOL15M-26OCT050030-30,0.9760,1.00,no
2026-10-05T04:28:49.805748Z,KXSOL15M-26OCT050030-30,0.9760,20.48,no
2026-10-05T04:28:49.977548Z,KXSOL15M-26OCT050030-30,0.9840,3.00,yes
2026-10-05T04:28:49.977548Z,KXSOL15M-26OCT050030-30,0.9850,60.42,yes
2026-10-05T04:28:49.977548Z,KXSOL15M-26OCT050030-30,0.9820,35.00,yes
2026-10-05T04:28:49.977548Z,KXSOL15M-26OCT050030-30,0.9830,3.00,yes
2026-10-05T04:28:49.982777Z,KXSOL15M-26OCT050030-30,0.9840,3.78,yes
2026-10-05T04:28:49.989461Z,KXSOL15M-26OCT050030-30,0.9760,13.75,no
2026-10-05T04:28:49.989461Z,KXSOL15M-26OCT050030-30,0.9770,3.00,no
2026-10-05T04:28:50.192432Z,KXSOL15M-26OCT050030-30,0.9760,43.00,no
2026-10-05T04:28:50.192432Z,KXSOL15M-26OCT050030-30,0.9780,20.00,no
2026-10-05T04:28:50.192432Z,KXSOL15M-26OCT050030-30,0.9770,9.00,no
2026-10-05T04:28:50.192455Z,KXSOL15M-26OCT050030-30,0.9760,99.00,no
2026-10-05T04:28:50.192548Z,KXSOL15M-26OCT050030-30,0.9760,99.00,no
2026-10-05T04:28:50.201414Z,KXSOL15M-26OCT050030-30,0.9810,3.00,yes
2026-10-05T04:28:50.201414Z,KXSOL15M-26OCT050030-30,0.9820,3.00,yes
2026-10-05T04:28:50.412333Z,KXSOL15M-26OCT050030-30,0.9610,117.93,no
2026-10-05T04:28:50.412333Z,KXSOL15M-26OCT050030-30,0.9620,0.97,no
2026-10-05T04:28:50.412333Z,KXSOL15M-26OCT050030-30,0.9650,8.00,no
2026-10-05T04:28:50.412333Z,KXSOL15M-26OCT050030-30,0.9640,85.00,no
2026-10-05T04:28:50.412333Z,KXSOL15M-26OCT050030-30,0.9750,3.00,no
2026-10-05T04:28:50.412333Z,KXSOL15M-26OCT050030-30,0.9760,3.00,no
2026-10-05T04:28:50.412333Z,KXSOL15M-26OCT050030-30,0.9620,32.00,no
2026-10-05T04:28:50.412333Z,KXSOL15M-26OCT050030-30,0.9760,1.99,no
2026-10-05T04:28:50.412333Z,KXSOL15M-26OCT050030-30,0.9620,51.00,no
2026-10-05T04:28:50.412333Z,KXSOL15M-26OCT050030-30,0.9750,6.00,no
2026-10-05T04:28:50.502577Z,KXSOL15M-26OCT050030-30,0.9790,10.92,no
2026-10-05T04:28:50.592498Z,KXSOL15M-26OCT050030-30,0.9610,25.24,no
2026-10-05T04:28:50.592498Z,KXSOL15M-26OCT050030-30,0.9630,7.00,no
2026-10-05T04:28:50.592498Z,KXSOL15M-26OCT050030-30,0.9720,3.00,no
2026-10-05T04:28:50.592498Z,KXSOL15M-26OCT050030-30,0.9760,350.00,no
2026-10-05T04:28:50.592498Z,KXSOL15M-26OCT050030-30,0.9750,6.00,no
2026-10-05T04:28:50.592498Z,KXSOL15M-26OCT050030-30,0.9620,34.00,no
2026-10-05T04:28:50.592498Z,KXSOL15M-26OCT050030-30,0.9730,3.00,no
2026-10-05T04:28:50.645645Z,KXSOL15M-26OCT050030-30,0.9710,28.38,no
2026-10-05T04:28:50.656386Z,KXSOL15M-26OCT050030-30,0.9800,2.02,yes
2026-10-05T04:28:51.090243Z,KXSOL15M-26OCT050030-30,0.9750,1.14,no
2026-10-05T04:28:51.667472Z,KXSOL15M-26OCT050030-30,0.9790,20.00,no
2026-10-05T04:28:51.667472Z,KXSOL15M-26OCT050030-30,0.9730,2.77,no
2026-10-05T04:28:51.667472Z,KXSOL15M-26OCT050030-30,0.9750,4.86,no
2026-10-05T04:28:51.870983Z,KXSOL15M-26OCT050030-30,0.9820,1.46,yes
2026-10-05T04:28:52.157642Z,KXSOL15M-26OCT050030-30,0.9730,0.23,no
2026-10-05T04:28:52.157642Z,KXSOL15M-26OCT050030-30,0.9720,8.00,no
2026-10-05T04:28:52.157642Z,KXSOL15M-26OCT050030-30,0.9710,27.92,no
2026-10-05T04:28:52.157642Z,KXSOL15M-26OCT050030-30,0.9750,6.00,no
2026-10-05T04:28:52.157642Z,KXSOL15M-26OCT050030-30,0.9770,20.00,no
2026-10-05T04:28:52.157642Z,KXSOL15M-26OCT050030-30,0.9720,3.00,no
2026-10-05T04:28:52.810717Z,KXSOL15M-26OCT050030-30,0.9850,5.00,yes
2026-10-05T04:28:52.810717Z,KXSOL15M-26OCT050030-30,0.9830,3.00,yes
2026-10-05T04:28:52.810717Z,KXSOL15M-26OCT050030-30,0.9820,3.00,yes
2026-10-05T04:28:52.888181Z,KXSOL15M-26OCT050030-30,0.9710,128.05,no
2026-10-05T04:28:52.888181Z,KXSOL15M-26OCT050030-30,0.9750,3.00,no
2026-10-05T04:28:52.888181Z,KXSOL15M-26OCT050030-30,0.9720,8.00,no
2026-10-05T04:28:52.888181Z,KXSOL15M-26OCT050030-30,0.9760,3.00,no
2026-10-05T04:28:52.888181Z,KXSOL15M-26OCT050030-30,0.9740,1.00,no
2026-10-05T04:28:52.888181Z,KXSOL15M-26OCT050030-30,0.9740,20.00,no
2026-10-05T04:28:52.941758Z,KXSOL15M-26OCT050030-30,0.9870,1.00,yes
2026-10-05T04:28:52.941758Z,KXSOL15M-26OCT050030-30,0.9850,2.00,yes
2026-10-05T04:28:52.941758Z,KXSOL15M-26OCT050030-30,0.9820,3.00,yes
2026-10-05T04:28:52.941758Z,KXSOL15M-26OCT050030-30,0.9850,43.00,yes
2026-10-05T04:28:52.941758Z,KXSOL15M-26OCT050030-30,0.9850,5.00,yes
2026-10-05T04:28:52.941758Z,KXSOL15M-26OCT050030-30,0.9830,3.00,yes
2026-10-05T04:28:52.941758Z,KXSOL15M-26OCT050030-30,0.9850,6.00,yes
2026-10-05T04:28:52.941758Z,KXSOL15M-26OCT050030-30,0.9860,1.00,yes
2026-10-05T04:28:52.941758Z,KXSOL15M-26OCT050030-30,0.9890,1.00,yes
2026-10-05T04:28:52.941758Z,KXSOL15M-26OCT050030-30,0.9870,1.00,yes
2026-10-05T04:28:52.941758Z,KXSOL15M-26OCT050030-30,0.9880,1.00,yes
2026-10-05T04:28:52.941758Z,KXSOL15M-26OCT050030-30,0.9860,33.03,yes
2026-10-05T04:28:52.941758Z,KXSOL15M-26OCT050030-30,0.9870,40.00,yes
2026-10-05T04:28:52.941758Z,KXSOL15M-26OCT050030-30,0.9880,40.00,yes
2026-10-05T04:28:52.941758Z,KXSOL15M-26OCT050030-30,0.9890,24.18,yes
2026-10-05T04:28:53.087879Z,KXSOL15M-26OCT050030-30,0.9790,39.97,no
2026-10-05T04:28:53.087879Z,KXSOL15M-26OCT050030-30,0.9790,33.03,no
2026-10-05T04:28:53.140368Z,KXSOL15M-26OCT050030-30,0.9740,3.00,no
2026-10-05T04:28:53.195883Z,KXSOL15M-26OCT050030-30,0.9720,3.00,no
2026-10-05T04:28:53.199532Z,KXSOL15M-26OCT050030-30,0.9710,1.00,no
2026-10-05T04:28:53.22055Z,KXSOL15M-26OCT050030-30,0.9670,11.10,no
2026-10-05T04:28:53.22055Z,KXSOL15M-26OCT050030-30,0.9680,3.00,no
2026-10-05T04:28:53.221199Z,KXSOL15M-26OCT050030-30,0.9670,25.90,no
2026-10-05T04:28:53.429352Z,KXSOL15M-26OCT050030-30,0.9670,1.00,no
2026-10-05T04:28:53.517902Z,KXSOL15M-26OCT050030-30,0.9700,6.00,yes
2026-10-05T04:28:53.517902Z,KXSOL15M-26OCT050030-30,0.9740,6.00,yes
2026-10-05T04:28:53.517902Z,KXSOL15M-26OCT050030-30,0.9750,26.00,yes
2026-10-05T04:28:53.524867Z,KXSOL15M-26OCT050030-30,0.9700,6.00,yes
2026-10-05T04:28:53.79031Z,KXSOL15M-26OCT050030-30,0.9500,8.26,no
2026-10-05T04:28:53.79031Z,KXSOL15M-26OCT050030-30,0.9510,7.00,no
2026-10-05T04:28:53.79031Z,KXSOL15M-26OCT050030-30,0.9670,2.00,no
2026-10-05T04:28:53.79031Z,KXSOL15M-26OCT050030-30,0.9680,3.00,no
2026-10-05T04:28:53.796675Z,KXSOL15M-26OCT050030-30,0.9500,3.97,no
2026-10-05T04:28:53.872443Z,KXSOL15M-26OCT050030-30,0.9540,111.00,yes
2026-10-05T04:28:53.915221Z,KXSOL15M-26OCT050030-30,0.9540,11.26,yes
2026-10-05T04:28:54.131767Z,KXSOL15M-26OCT050030-30,0.9540,1.00,yes
2026-10-05T04:28:54.174765Z,KXSOL15M-26OCT050030-30,0.9540,16.00,yes
2026-10-05T04:28:54.262417Z,KXSOL15M-26OCT050030-30,0.9540,23.22,yes
2026-10-05T04:28:54.26363Z,KXSOL15M-26OCT050030-30,0.9240,24.18,no
2026-10-05T04:28:54.26363Z,KXSOL15M-26OCT050030-30,0.9320,6.00,no
2026-10-05T04:28:54.26363Z,KXSOL15M-26OCT050030-30,0.9200,350.00,no
2026-10-05T04:28:54.26363Z,KXSOL15M-26OCT050030-30,0.9510,3.00,no
2026-10-05T04:28:54.26363Z,KXSOL15M-26OCT050030-30,0.9300,32.00,no
2026-10-05T04:28:54.26363Z,KXSOL15M-26OCT050030-30,0.9230,10.00,no
2026-10-05T04:28:54.26363Z,KXSOL15M-26OCT050030-30,0.9520,3.00,no
2026-10-05T04:28:54.26363Z,KXSOL15M-26OCT050030-30,0.9500,50.00,no
2026-10-05T04:28:54.26363Z,KXSOL15M-26OCT050030-30,0.9500,12.77,no
2026-10-05T04:28:54.26363Z,KXSOL15M-26OCT050030-30,0.9310,100.00,no
2026-10-05T04:28:54.26363Z,KXSOL15M-26OCT050030-30,0.9100,13.79,no
2026-10-05T04:28:54.280735Z,KXSOL15M-26OCT050030-30,0.9500,6.00,yes
2026-10-05T04:28:54.280735Z,KXSOL15M-26OCT050030-30,0.9530,5.00,yes
2026-10-05T04:28:54.280735Z,KXSOL15M-26OCT050030-30,0.9540,12.22,yes
2026-10-05T04:28:54.282418Z,KXSOL15M-26OCT050030-30,0.9540,23.22,yes
2026-10-05T04:28:54.299532Z,KXSOL15M-26OCT050030-30,0.9540,15.22,yes
2026-10-05T04:28:54.314082Z,KXSOL15M-26OCT050030-30,0.9540,15.22,yes
2026-10-05T04:28:54.314895Z,KXSOL15M-26OCT050030-30,0.9540,15.22,yes
2026-10-05T04:28:54.327274Z,KXSOL15M-26OCT050030-30,0.9540,8.00,yes
2026-10-05T04:28:54.627457Z,KXSOL15M-26OCT050030-30,0.9540,34.00,yes
2026-10-05T04:28:55.511192Z,KXSOL15M-26OCT050030-30,0.9210,17.00,no
2026-10-05T04:28:55.511192Z,KXSOL15M-26OCT050030-30,0.9200,163.47,no
2026-10-05T04:28:55.511192Z,KXSOL15M-26OCT050030-30,0.9250,3.00,no
2026-10-05T04:28:55.511192Z,KXSOL15M-26OCT050030-30,0.9250,6.00,no
2026-10-05T04:28:55.511192Z,KXSOL15M-26OCT050030-30,0.9250,0.03,no
2026-10-05T04:28:55.511192Z,KXSOL15M-26OCT050030-30,0.9260,6.00,no
2026-10-05T04:28:55.511192Z,KXSOL15M-26OCT050030-30,0.9410,5.30,no
2026-10-05T04:28:55.516376Z,KXSOL15M-26OCT050030-30,0.9500,6.00,yes
2026-10-05T04:28:55.516376Z,KXSOL15M-26OCT050030-30,0.9540,27.00,yes
2026-10-05T04:28:55.683211Z,KXSOL15M-26OCT050030-30,0.9550,6.00,yes
2026-10-05T04:28:55.683211Z,KXSOL15M-26OCT050030-30,0.9620,19.00,yes
2026-10-05T04:28:55.683211Z,KXSOL15M-26OCT050030-30,0.9610,4.00,yes
2026-10-05T04:28:55.683211Z,KXSOL15M-26OCT050030-30,0.9620,1.00,yes
2026-10-05T04:28:55.683211Z,KXSOL15M-26OCT050030-30,0.9540,37.42,yes
2026-10-05T04:28:55.683211Z,KXSOL15M-26OCT050030-30,0.9630,17.41,yes
2026-10-05T04:28:55.789091Z,KXSOL15M-26OCT050030-30,0.9370,66.33,no
2026-10-05T04:28:55.878579Z,KXSOL15M-26OCT050030-30,0.9360,21.83,no
2026-10-05T04:28:55.896588Z,KXSOL15M-26OCT050030-30,0.9510,37.00,yes
2026-10-05T04:28:56.214138Z,KXSOL15M-26OCT050030-30,0.9630,13.00,yes
2026-10-05T04:28:56.214138Z,KXSOL15M-26OCT050030-30,0.9600,6.00,yes
2026-10-05T04:28:56.214138Z,KXSOL15M-26OCT050030-30,0.9620,6.00,yes
2026-10-05T04:28:56.383578Z,KXSOL15M-26OCT050030-30,0.9630,108.94,yes
2026-10-05T04:28:56.383578Z,KXSOL15M-26OCT050030-30,0.9590,48.00,yes
2026-10-05T04:28:56.383578Z,KXSOL15M-26OCT050030-30,0.9600,6.00,yes
2026-10-05T04:28:56.383578Z,KXSOL15M-26OCT050030-30,0.9590,6.00,yes
2026-10-05T04:28:56.383578Z,KXSOL15M-26OCT050030-30,0.9550,6.00,yes
2026-10-05T04:28:56.533362Z,KXSOL15M-26OCT050030-30,0.9350,3.30,no
2026-10-05T04:28:56.793892Z,KXSOL15M-26OCT050030-30,0.9420,2.01,no
2026-10-05T04:28:56.793892Z,KXSOL15M-26OCT050030-30,0.9450,6.00,no
2026-10-05T04:28:56.793892Z,KXSOL15M-26OCT050030-30,0.9430,6.00,no
2026-10-05T04:28:56.809603Z,KXSOL15M-26OCT050030-30,0.9450,0.12,no
2026-10-05T04:28:56.82811Z,KXSOL15M-26OCT050030-30,0.9420,12.99,no
2026-10-05T04:28:56.82811Z,KXSOL15M-26OCT050030-30,0.9430,6.00,no
2026-10-05T04:28:56.82811Z,KXSOL15M-26OCT050030-30,0.9450,5.88,no
2026-10-05T04:28:57.070138Z,KXSOL15M-26OCT050030-30,0.9600,5.17,yes
2026-10-05T04:28:57.364232Z,KXSOL15M-26OCT050030-30,0.9510,9.00,no
2026-10-05T04:28:57.364232Z,KXSOL15M-26OCT050030-30,0.9510,7.00,no
2026-10-05T04:28:57.364232Z,KXSOL15M-26OCT050030-30,0.9570,7.00,no
2026-10-05T04:28:57.364232Z,KXSOL15M-26OCT050030-30,0.9560,5.29,no
2026-10-05T04:28:57.364232Z,KXSOL15M-26OCT050030-30,0.9500,50.57,no
2026-10-05T04:28:57.369929Z,KXSOL15M-26OCT050030-30,0.9600,34.00,yes
2026-10-05T04:28:57.438713Z,KXSOL15M-26OCT050030-30,0.9600,10.41,yes
2026-10-05T04:28:58.05216Z,KXSOL15M-26OCT050030-30,0.9600,14.77,no
2026-10-05T04:28:58.327116Z,KXSOL15M-26OCT050030-30,0.9700,18.00,yes
2026-10-05T04:28:58.433837Z,KXSOL15M-26OCT050030-30,0.9700,7.00,yes
2026-10-05T04:28:58.433837Z,KXSOL15M-26OCT050030-30,0.9730,1.00,yes
2026-10-05T04:28:58.531288Z,KXSOL15M-26OCT050030-30,0.9740,1.00,yes
2026-10-05T04:28:58.791015Z,KXSOL15M-26OCT050030-30,0.9690,5.45,no
2026-10-05T04:28:58.791015Z,KXSOL15M-26OCT050030-30,0.9620,7.00,no
2026-10-05T04:28:58.791015Z,KXSOL15M-26OCT050030-30,0.9610,0.55,no
2026-10-05T04:28:58.791015Z,KXSOL15M-26OCT050030-30,0.9620,24.00,no
2026-10-05T04:28:58.791015Z,KXSOL15M-26OCT050030-30,0.9690,44.00,no
2026-10-05T04:28:58.840766Z,KXSOL15M-26OCT050030-30,0.9620,24.00,no
2026-10-05T04:28:58.840766Z,KXSOL15M-26OCT050030-30,0.9610,5.32,no
2026-10-05T04:28:59.077129Z,KXSOL15M-26OCT050030-30,0.9600,335.23,no
2026-10-05T04:28:59.077129Z,KXSOL15M-26OCT050030-30,0.9500,66.60,no
2026-10-05T04:28:59.077129Z,KXSOL15M-26OCT050030-30,0.9630,7.00,no
2026-10-05T04:28:59.077129Z,KXSOL15M-26OCT050030-30,0.9610,24.00,no
2026-10-05T04:28:59.373436Z,KXSOL15M-26OCT050030-30,0.9870,6.00,yes
2026-10-05T04:28:59.373436Z,KXSOL15M-26OCT050030-30,0.9880,22.00,yes
2026-10-05T04:28:59.373436Z,KXSOL15M-26OCT050030-30,0.9800,6.00,yes
2026-10-05T04:28:59.373436Z,KXSOL15M-26OCT050030-30,0.9780,3.00,yes
2026-10-05T04:28:59.373436Z,KXSOL15M-26OCT050030-30,0.9770,3.00,yes
2026-10-05T04:28:59.373436Z,KXSOL15M-26OCT050030-30,0.9890,51.35,yes
2026-10-05T04:28:59.373436Z,KXSOL15M-26OCT050030-30,0.9890,15.82,yes
2026-10-05T04:28:59.719265Z,KXSOL15M-26OCT050030-30,0.9690,5.35,no
2026-10-05T04:29:00.061561Z,KXSOL15M-26OCT050030-30,0.9810,3.00,yes
2026-10-05T04:29:00.061561Z,KXSOL15M-26OCT050030-30,0.9850,4.00,yes
2026-10-05T04:29:00.061561Z,KXSOL15M-26OCT050030-30,0.9820,3.00,yes
2026-10-05T04:29:00.092265Z,KXSOL15M-26OCT050030-30,0.9870,4.00,yes
2026-10-05T04:29:00.092265Z,KXSOL15M-26OCT050030-30,0.9850,3.00,yes
2026-10-05T04:29:00.092265Z,KXSOL15M-26OCT050030-30,0.9840,3.00,yes
2026-10-05T04:29:00.193688Z,KXSOL15M-26OCT050030-30,0.9870,1.01,yes
2026-10-05T04:29:00.225254Z,KXSOL15M-26OCT050030-30,0.9730,5.68,no
2026-10-05T04:29:00.225254Z,KXSOL15M-26OCT050030-30,0.9790,15.82,no
2026-10-05T04:29:00.225254Z,KXSOL15M-26OCT050030-30,0.9780,3.00,no
2026-10-05T04:29:00.225254Z,KXSOL15M-26OCT050030-30,0.9770,3.00,no
2026-10-05T04:29:00.260088Z,KXSOL15M-26OCT050030-30,0.9880,70.00,yes
2026-10-05T04:29:00.260088Z,KXSOL15M-26OCT050030-30,0.9870,2.00,yes
2026-10-05T04:29:00.260088Z,KXSOL15M-26OCT050030-30,0.9870,1.01,yes
2026-10-05T04:29:00.260088Z,KXSOL15M-26OCT050030-30,0.9840,3.00,yes
2026-10-05T04:29:00.260088Z,KXSOL15M-26OCT050030-30,0.9870,2.99,yes
2026-10-05T04:29:00.260088Z,KXSOL15M-26OCT050030-30,0.9850,3.00,yes
2026-10-05T04:29:00.260088Z,KXSOL15M-26OCT050030-30,0.9890,1.00,yes
2026-10-05T04:29:00.260088Z,KXSOL15M-26OCT050030-30,0.9890,2.00,yes
2026-10-05T04:29:00.260088Z,KXSOL15M-26OCT050030-30,0.9890,20.00,yes
2026-10-05T04:29:00.260088Z,KXSOL15M-26OCT050030-30,0.9890,2.00,yes
2026-10-05T04:29:00.260088Z,KXSOL15M-26OCT050030-30,0.9890,10.00,yes
2026-10-05T04:29:00.260088Z,KXSOL15M-26OCT050030-30,0.9890,48.65,yes
2026-10-05T04:29:00.260088Z,KXSOL15M-26OCT050030-30,0.9890,1.00,yes
2026-10-05T04:29:00.260088Z,KXSOL15M-26OCT050030-30,0.9900,1.00,yes
2026-10-05T04:29:00.260088Z,KXSOL15M-26OCT050030-30,0.9900,36.56,yes
2026-10-05T04:29:00.320781Z,KXSOL15M-26OCT050030-30,0.9810,36.56,no
2026-10-05T04:29:00.320781Z,KXSOL15M-26OCT050030-30,0.9720,21.00,no
2026-10-05T04:29:00.320781Z,KXSOL15M-26OCT050030-30,0.9630,0.16,no
2026-10-05T04:29:00.320781Z,KXSOL15M-26OCT050030-30,0.9800,0.01,no
2026-10-05T04:29:00.320781Z,KXSOL15M-26OCT050030-30,0.9780,3.00,no
2026-10-05T04:29:00.320781Z,KXSOL15M-26OCT050030-30,0.9770,3.00,no
2026-10-05T04:29:00.48689Z,KXSOL15M-26OCT050030-30,0.9740,3.00,no
2026-10-05T04:29:00.48689Z,KXSOL15M-26OCT050030-30,0.9750,3.00,no
2026-10-05T04:29:00.48689Z,KXSOL15M-26OCT050030-30,0.9650,2.07,no
2026-10-05T04:29:00.548784Z,KXSOL15M-26OCT050030-30,0.9830,3.00,yes
2026-10-05T04:29:00.548784Z,KXSOL15M-26OCT050030-30,0.9820,3.00,yes
2026-10-05T04:29:00.815994Z,KXSOL15M-26OCT050030-30,0.9850,3.00,yes
2026-10-05T04:29:01.488362Z,KXSOL15M-26OCT050030-30,0.9780,10.00,no
2026-10-05T04:29:01.88166Z,KXSOL15M-26OCT050030-30,0.9720,48.64,no
2026-10-05T04:29:01.88166Z,KXSOL15M-26OCT050030-30,0.9770,3.00,no
2026-10-05T04:29:01.88166Z,KXSOL15M-26OCT050030-30,0.9730,8.00,no
2026-10-05T04:29:01.88166Z,KXSOL15M-26OCT050030-30,0.9760,3.00,no
2026-10-05T04:29:01.946031Z,KXSOL15M-26OCT050030-30,0.9850,3.00,yes
2026-10-05T04:29:01.946031Z,KXSOL15M-26OCT050030-30,0.9840,40.00,yes
2026-10-05T04:29:01.946031Z,KXSOL15M-26OCT050030-30,0.9860,2.00,yes
2026-10-05T04:29:02.051451Z,KXSOL15M-26OCT050030-30,0.9900,5.70,yes
2026-10-05T04:29:02.051451Z,KXSOL15M-26OCT050030-30,0.9900,0.55,yes
2026-10-05T04:29:02.051451Z,KXSOL15M-26OCT050030-30,0.9900,30.81,yes
2026-10-05T04:29:02.051451Z,KXSOL15M-26OCT050030-30,0.9900,34.27,yes
2026-10-05T04:29:02.051451Z,KXSOL15M-26OCT050030-30,0.9870,3.00,yes
2026-10-05T04:29:02.051451Z,KXSOL15M-26OCT050030-30,0.9860,1.00,yes
2026-10-05T04:29:02.051451Z,KXSOL15M-26OCT050030-30,0.9890,5.00,yes
2026-10-05T04:29:02.051451Z,KXSOL15M-26OCT050030-30,0.9900,41.34,yes
2026-10-05T04:29:02.051451Z,KXSOL15M-26OCT050030-30,0.9900,3.44,yes
2026-10-05T04:29:02.051451Z,KXSOL15M-26OCT050030-30,0.9900,2.00,yes
2026-10-05T04:29:02.051451Z,KXSOL15M-26OCT050030-30,0.9900,25.00,yes
2026-10-05T04:29:02.051451Z,KXSOL15M-26OCT050030-30,0.9900,3.95,yes
2026-10-05T04:29:02.051451Z,KXSOL15M-26OCT050030-30,0.9900,48.15,yes
2026-10-05T04:29:02.051501Z,KXSOL15M-26OCT050030-30,0.9620,1.13,no
2026-10-05T04:29:02.487668Z,KXSOL15M-26OCT050030-30,0.9880,4.19,yes
2026-10-05T04:29:02.487668Z,KXSOL15M-26OCT050030-30,0.9880,3.00,yes
2026-10-05T04:29:02.573411Z,KXSOL15M-26OCT050030-30,0.9890,3.00,yes
2026-10-05T04:29:02.573411Z,KXSOL15M-26OCT050030-30,0.9890,5.00,yes
2026-10-05T04:29:02.58004Z,KXSOL15M-26OCT050030-30,0.9900,7.00,yes
2026-10-05T04:29:02.58004Z,KXSOL15M-26OCT050030-30,0.9900,3.00,yes
2026-10-05T04:29:02.58004Z,KXSOL15M-26OCT050030-30,0.9900,13.91,yes
2026-10-05T04:29:02.58004Z,KXSOL15M-26OCT050030-30,0.9910,0.32,yes
2026-10-05T04:29:02.62887Z,KXSOL15M-26OCT050030-30,0.9920,3.00,yes
2026-10-05T04:29:02.62887Z,KXSOL15M-26OCT050030-30,0.9910,7.00,yes
2026-10-05T04:29:02.62887Z,KXSOL15M-26OCT050030-30,0.9930,3.00,yes
2026-10-05T04:29:02.62887Z,KXSOL15M-26OCT050030-30,0.9920,100.00,yes
2026-10-05T04:29:02.62887Z,KXSOL15M-26OCT050030-30,0.9960,20.00,yes
2026-10-05T04:29:02.62887Z,KXSOL15M-26OCT050030-30,0.9950,1.00,yes
2026-10-05T04:29:02.62887Z,KXSOL15M-26OCT050030-30,0.9910,40.00,yes
2026-10-05T04:29:02.62887Z,KXSOL15M-26OCT050030-30,0.9960,40.00,yes
2026-10-05T04:29:02.62887Z,KXSOL15M-26OCT050030-30,0.9920,40.00,yes
2026-10-05T04:29:02.62887Z,KXSOL15M-26OCT050030-30,0.9950,40.00,yes
2026-10-05T04:29:02.62887Z,KXSOL15M-26OCT050030-30,0.9940,40.00,yes
2026-10-05T04:29:02.62887Z,KXSOL15M-26OCT050030-30,0.9930,40.00,yes
2026-10-05T04:29:02.62887Z,KXSOL15M-26OCT050030-30,0.9970,40.00,yes
2026-10-05T04:29:02.62887Z,KXSOL15M-26OCT050030-30,0.9930,1.00,yes
2026-10-05T04:29:02.62887Z,KXSOL15M-26OCT050030-30,0.9940,1.00,yes
2026-10-05T04:29:02.62887Z,KXSOL15M-26OCT050030-30,0.9920,1.00,yes
2026-10-05T04:29:02.62887Z,KXSOL15M-26OCT050030-30,0.9910,0.68,yes
2026-10-05T04:29:02.62887Z,KXSOL15M-26OCT050030-30,0.9970,1.00,yes
2026-10-05T04:29:02.62887Z,KXSOL15M-26OCT050030-30,0.9950,1.00,yes
2026-10-05T04:29:02.62887Z,KXSOL15M-26OCT050030-30,0.9960,1.00,yes
2026-10-05T04:29:02.62887Z,KXSOL15M-26OCT050030-30,0.9960,78.00,yes
2026-10-05T04:29:02.62887Z,KXSOL15M-26OCT050030-30,0.9980,29.32,yes
2026-10-05T04:29:02.62887Z,KXSOL15M-26OCT050030-30,0.9960,1.00,yes
2026-10-05T04:29:02.62887Z,KXSOL15M-26OCT050030-30,0.9970,2.00,yes
2026-10-05T04:29:02.62887Z,KXSOL15M-26OCT050030-30,0.9960,1.00,yes
2026-10-05T04:29:02.62887Z,KXSOL15M-26OCT050030-30,0.9970,2.00,yes
2026-10-05T04:29:02.62887Z,KXSOL15M-26OCT050030-30,0.9970,2.00,yes
2026-10-05T04:29:02.62887Z,KXSOL15M-26OCT050030-30,0.9960,1.00,yes
2026-10-05T04:29:02.62887Z,KXSOL15M-26OCT050030-30,0.9970,2.00,yes
2026-10-05T04:29:02.62887Z,KXSOL15M-26OCT050030-30,0.9960,1.00,yes
2026-10-05T04:29:02.62887Z,KXSOL15M-26OCT050030-30,0.9970,2.00,yes
2026-10-05T04:29:02.62887Z,KXSOL15M-26OCT050030-30,0.9960,1.00,yes
2026-10-05T04:29:02.62887Z,KXSOL15M-26OCT050030-30,0.9960,13.00,yes
2026-10-05T04:29:02.62887Z,KXSOL15M-26OCT050030-30,0.9970,18.00,yes
2026-10-05T04:29:02.62887Z,KXSOL15M-26OCT050030-30,0.9950,11.00,yes
2026-10-05T04:29:02.687048Z,KXSOL15M-26OCT050030-30,0.9880,78.00,no
2026-10-05T04:29:02.687048Z,KXSOL15M-26OCT050030-30,0.9850,40.00,no
2026-10-05T04:29:02.687048Z,KXSOL15M-26OCT050030-30,0.9850,40.00,no
2026-10-05T04:29:02.687048Z,KXSOL15M-26OCT050030-30,0.9850,40.00,no
2026-10-05T04:29:02.687048Z,KXSOL15M-26OCT050030-30,0.9850,3.00,no
2026-10-05T04:29:02.687048Z,KXSOL15M-26OCT050030-30,0.9850,1.00,no
2026-10-05T04:29:02.687048Z,KXSOL15M-26OCT050030-30,0.9860,12.00,no
2026-10-05T04:29:02.729064Z,KXSOL15M-26OCT050030-30,0.9930,2.00,yes
2026-10-05T04:29:02.784984Z,KXSOL15M-26OCT050030-30,0.9900,40.00,no
2026-10-05T04:29:02.828557Z,KXSOL15M-26OCT050030-30,0.9910,36.00,no
2026-10-05T04:29:02.919979Z,KXSOL15M-26OCT050030-30,0.9930,0.98,yes
2026-10-05T04:29:02.995938Z,KXSOL15M-26OCT050030-30,0.9910,16.00,no
2026-10-05T04:29:02.995938Z,KXSOL15M-26OCT050030-30,0.9910,4.00,no
2026-10-05T04:29:03.070036Z,KXSOL15M-26OCT050030-30,0.9910,6.74,no
2026-10-05T04:29:03.148923Z,KXSOL15M-26OCT050030-30,0.9910,38.91,no
2026-10-05T04:29:03.148923Z,KXSOL15M-26OCT050030-30,0.9910,16.26,no
2026-10-05T04:29:03.149155Z,KXSOL15M-26OCT050030-30,0.9930,0.04,yes
2026-10-05T04:29:03.239253Z,KXSOL15M-26OCT050030-30,0.9910,2.04,no
2026-10-05T04:29:03.239253Z,KXSOL15M-26OCT050030-30,0.9910,1.09,no
2026-10-05T04:29:03.332619Z,KXSOL15M-26OCT050030-30,0.9940,3.00,yes
2026-10-05T04:29:03.332619Z,KXSOL15M-26OCT050030-30,0.9930,4.96,yes
2026-10-05T04:29:03.332619Z,KXSOL15M-26OCT050030-30,0.9960,13.04,yes
2026-10-05T04:29:03.332619Z,KXSOL15M-26OCT050030-30,0.9950,3.00,yes
2026-10-05T04:29:03.332619Z,KXSOL15M-26OCT050030-30,0.9940,7.00,yes
2026-10-05T04:29:03.857261Z,KXSOL15M-26OCT050030-30,0.9870,3.00,no
2026-10-05T04:29:03.857261Z,KXSOL15M-26OCT050030-30,0.9880,3.00,no
2026-10-05T04:29:03.857261Z,KXSOL15M-26OCT050030-30,0.9820,0.01,no
2026-10-05T04:29:03.857261Z,KXSOL15M-26OCT050030-30,0.9820,9.55,no
2026-10-05T04:29:03.857261Z,KXSOL15M-26OCT050030-30,0.9890,3.44,no
2026-10-05T04:29:03.93657Z,KXSOL15M-26OCT050030-30,0.9780,9.00,no
2026-10-05T04:29:03.93657Z,KXSOL15M-26OCT050030-30,0.9840,3.00,no
2026-10-05T04:29:03.93657Z,KXSOL15M-26OCT050030-30,0.9850,3.00,no
2026-10-05T04:29:03.93657Z,KXSOL15M-26OCT050030-30,0.9720,2.00,no
2026-10-05T04:29:03.93657Z,KXSOL15M-26OCT050030-30,0.9770,100.00,no
2026-10-05T04:29:03.93657Z,KXSOL15M-26OCT050030-30,0.9760,20.00,no
2026-10-05T04:29:03.93657Z,KXSOL15M-26OCT050030-30,0.9810,27.28,no
2026-10-05T04:29:03.93657Z,KXSOL15M-26OCT050030-30,0.9710,20.17,no
2026-10-05T04:29:03.93657Z,KXSOL15M-26OCT050030-30,0.9790,16.00,no
2026-10-05T04:29:04.133857Z,KXSOL15M-26OCT050030-30,0.9920,20.00,yes
2026-10-05T04:29:04.133857Z,KXSOL15M-26OCT050030-30,0.9920,3.00,yes
2026-10-05T04:29:04.133857Z,KXSOL15M-26OCT050030-30,0.9920,8.00,yes
2026-10-05T04:29:04.168227Z,KXSOL15M-26OCT050030-30,0.9920,34.00,no
2026-10-05T04:29:04.358192Z,KXSOL15M-26OCT050030-30,0.9830,3.00,no
2026-10-05T04:29:04.358192Z,KXSOL15M-26OCT050030-30,0.9810,24.00,no
2026-10-05T04:29:04.358192Z,KXSOL15M-26OCT050030-30,0.9710,74.10,no
2026-10-05T04:29:04.358192Z,KXSOL15M-26OCT050030-30,0.9760,20.00,no
2026-10-05T04:29:04.358192Z,KXSOL15M-26OCT050030-30,0.9840,3.00,no
2026-10-05T04:29:04.358192Z,KXSOL15M-26OCT050030-30,0.9820,11.00,no
2026-10-05T04:29:04.358192Z,KXSOL15M-26OCT050030-30,0.9780,47.00,no
2026-10-05T04:29:04.358192Z,KXSOL15M-26OCT050030-30,0.9920,25.00,no
2026-10-05T04:29:04.512481Z,KXSOL15M-26OCT050030-30,0.9890,20.00,yes
2026-10-05T04:29:04.593503Z,KXSOL15M-26OCT050030-30,0.9930,20.00,yes
2026-10-05T04:29:04.593503Z,KXSOL15M-26OCT050030-30,0.9960,100.00,yes
2026-10-05T04:29:04.593503Z,KXSOL15M-26OCT050030-30,0.9910,3.00,yes
2026-10-05T04:29:04.593503Z,KXSOL15M-26OCT050030-30,0.9950,6.00,yes
2026-10-05T04:29:04.593503Z,KXSOL15M-26OCT050030-30,0.9920,4.00,yes
2026-10-05T04:29:04.593503Z,KXSOL15M-26OCT050030-30,0.9900,64.00,yes
2026-10-05T04:29:04.593503Z,KXSOL15M-26OCT050030-30,0.9920,3.00,yes
2026-10-05T04:29:04.593503Z,KXSOL15M-26OCT050030-30,0.9980,334.34,yes
2026-10-05T04:29:04.615061Z,KXSOL15M-26OCT050030-30,0.9840,1.93,no
2026-10-05T04:29:04.633472Z,KXSOL15M-26OCT050030-30,0.9840,1.07,no
2026-10-05T04:29:04.633472Z,KXSOL15M-26OCT050030-30,0.9830,0.86,no
2026-10-05T04:29:04.633842Z,KXSOL15M-26OCT050030-30,0.9830,1.93,no
2026-10-05T04:29:05.109148Z,KXSOL15M-26OCT050030-30,0.9930,20.00,yes
2026-10-05T04:29:05.109148Z,KXSOL15M-26OCT050030-30,0.9910,3.00,yes
2026-10-05T04:29:05.109148Z,KXSOL15M-26OCT050030-30,0.9920,3.00,yes
2026-10-05T04:29:05.685418Z,KXSOL15M-26OCT050030-30,0.9910,71.95,no
2026-10-05T04:29:06.077435Z,KXSOL15M-26OCT050030-30,0.9930,5.41,no
2026-10-05T04:29:06.235535Z,KXSOL15M-26OCT050030-30,0.9930,3.00,no
2026-10-05T04:29:06.253844Z,KXSOL15M-26OCT050030-30,0.9970,2.00,yes
2026-10-05T04:29:06.253844Z,KXSOL15M-26OCT050030-30,0.9940,3.00,yes
2026-10-05T04:29:06.253844Z,KXSOL15M-26OCT050030-30,0.9950,3.00,yes
2026-10-05T04:29:06.253844Z,KXSOL15M-26OCT050030-30,0.9960,22.00,yes
2026-10-05T04:29:06.253844Z,KXSOL15M-26OCT050030-30,0.9980,20.16,yes
2026-10-05T04:29:06.369624Z,KXSOL15M-26OCT050030-30,0.9930,78.00,no
2026-10-05T04:29:06.379329Z,KXSOL15M-26OCT050030-30,0.9930,5.00,no
2026-10-05T04:29:06.456705Z,KXSOL15M-26OCT050030-30,0.9970,3.00,yes
2026-10-05T04:29:06.456705Z,KXSOL15M-26OCT050030-30,0.9970,2.00,yes
2026-10-05T04:29:06.456705Z,KXSOL15M-26OCT050030-30,0.9980,78.68,yes
2026-10-05T04:29:06.472276Z,KXSOL15M-26OCT050030-30,0.9930,2.00,no
2026-10-05T04:29:06.663952Z,KXSOL15M-26OCT050030-30,0.9930,8.50,no
2026-10-05T04:29:06.772846Z,KXSOL15M-26OCT050030-30,0.9910,1.02,no
2026-10-05T04:29:06.806536Z,KXSOL15M-26OCT050030-30,0.9910,7.24,no
2026-10-05T04:29:06.983897Z,KXSOL15M-26OCT050030-30,0.9910,5.17,no
2026-10-05T04:29:06.996118Z,KXSOL15M-26OCT050030-30,0.9910,180.00,no
2026-10-05T04:29:07.018093Z,KXSOL15M-26OCT050030-30,0.9950,90.24,yes
2026-10-05T04:29:07.516445Z,KXSOL15M-26OCT050030-30,0.9710,81.85,no
2026-10-05T04:29:07.516445Z,KXSOL15M-26OCT050030-30,0.9900,100.00,no
2026-10-05T04:29:07.516445Z,KXSOL15M-26OCT050030-30,0.9840,3.00,no
2026-10-05T04:29:07.516445Z,KXSOL15M-26OCT050030-30,0.9720,24.00,no
2026-10-05T04:29:07.516445Z,KXSOL15M-26OCT050030-30,0.9910,65.89,no
2026-10-05T04:29:07.516445Z,KXSOL15M-26OCT050030-30,0.9800,20.00,no
2026-10-05T04:29:07.516445Z,KXSOL15M-26OCT050030-30,0.9910,18.00,no
2026-10-05T04:29:07.516445Z,KXSOL15M-26OCT050030-30,0.9720,8.00,no
2026-10-05T04:29:07.516445Z,KXSOL15M-26OCT050030-30,0.9820,124.00,no
2026-10-05T04:29:07.516445Z,KXSOL15M-26OCT050030-30,0.9850,6.00,no
2026-10-05T04:29:07.516445Z,KXSOL15M-26OCT050030-30,0.9900,6.00,no
2026-10-05T04:29:07.516445Z,KXSOL15M-26OCT050030-30,0.9910,93.00,no
2026-10-05T04:29:07.516445Z,KXSOL15M-26OCT050030-30,0.9890,12.78,no
2026-10-05T04:29:07.516445Z,KXSOL15M-26OCT050030-30,0.9880,3.00,no
2026-10-05T04:29:07.516445Z,KXSOL15M-26OCT050030-30,0.9750,4.00,no
2026-10-05T04:29:07.516445Z,KXSOL15M-26OCT050030-30,0.9890,3.00,no
2026-10-05T04:29:07.724039Z,KXSOL15M-26OCT050030-30,0.9950,6.00,yes
2026-10-05T04:29:07.724039Z,KXSOL15M-26OCT050030-30,0.9950,6.00,yes
2026-10-05T04:29:07.724039Z,KXSOL15M-26OCT050030-30,0.9960,3.00,yes
2026-10-05T04:29:07.724039Z,KXSOL15M-26OCT050030-30,0.9950,23.00,yes
2026-10-05T04:29:07.724039Z,KXSOL15M-26OCT050030-30,0.9950,3.00,yes
2026-10-05T04:29:07.724039Z,KXSOL15M-26OCT050030-30,0.9970,46.34,yes
2026-10-05T04:29:07.963305Z,KXSOL15M-26OCT050030-30,0.9900,5.22,no
2026-10-05T04:29:08.100245Z,KXSOL15M-26OCT050030-30,0.9980,1.00,yes
2026-10-05T04:29:08.97614Z,KXSOL15M-26OCT050030-30,0.9960,3.00,no
2026-10-05T04:29:08.97614Z,KXSOL15M-26OCT050030-30,0.9950,76.72,no
2026-10-05T04:29:09.058921Z,KXSOL15M-26OCT050030-30,0.9980,30.03,yes
2026-10-05T04:29:09.20911Z,KXSOL15M-26OCT050030-30,0.9970,20.00,yes
2026-10-05T04:29:09.484256Z,KXSOL15M-26OCT050030-30,0.9880,3.00,no
2026-10-05T04:29:09.484256Z,KXSOL15M-26OCT050030-30,0.9820,17.00,no
2026-10-05T04:29:09.484256Z,KXSOL15M-26OCT050030-30,0.9830,11.00,no
2026-10-05T04:29:09.484256Z,KXSOL15M-26OCT050030-30,0.9790,20.00,no
2026-10-05T04:29:09.484256Z,KXSOL15M-26OCT050030-30,0.9890,3.00,no
2026-10-05T04:29:09.484256Z,KXSOL15M-26OCT050030-30,0.9910,1.00,no
2026-10-05T04:29:09.484256Z,KXSOL15M-26OCT050030-30,0.9920,2.00,no
2026-10-05T04:29:09.484256Z,KXSOL15M-26OCT050030-30,0.9790,75.00,no
2026-10-05T04:29:09.484256Z,KXSOL15M-26OCT050030-30,0.9900,14.00,no
2026-10-05T04:29:09.484256Z,KXSOL15M-26OCT050030-30,0.9750,16.13,no
2026-10-05T04:29:09.484256Z,KXSOL15M-26OCT050030-30,0.9800,32.00,no
2026-10-05T04:29:09.484256Z,KXSOL15M-26OCT050030-30,0.9810,31.03,no
2026-10-05T04:29:09.95083Z,KXSOL15M-26OCT050030-30,0.9860,3.00,no
2026-10-05T04:29:09.95083Z,KXSOL15M-26OCT050030-30,0.9850,3.00,no
2026-10-05T04:29:09.967167Z,KXSOL15M-26OCT050030-30,0.9930,3.00,yes
2026-10-05T04:29:09.97684Z,KXSOL15M-26OCT050030-30,0.9930,10.00,yes
2026-10-05T04:29:09.983325Z,KXSOL15M-26OCT050030-30,0.9930,10.00,yes
2026-10-05T04:29:10.148246Z,KXSOL15M-26OCT050030-30,0.9940,3.00,yes
2026-10-05T04:29:10.148246Z,KXSOL15M-26OCT050030-30,0.9960,6.00,yes
2026-10-05T04:29:10.148246Z,KXSOL15M-26OCT050030-30,0.9950,3.00,yes
2026-10-05T04:29:10.349207Z,KXSOL15M-26OCT050030-30,0.9920,10.92,no
2026-10-05T04:29:10.609694Z,KXSOL15M-26OCT050030-30,0.9970,3.00,yes
2026-10-05T04:29:10.609694Z,KXSOL15M-26OCT050030-30,0.9970,2.00,yes
2026-10-05T04:29:10.609694Z,KXSOL15M-26OCT050030-30,0.9980,35.95,yes
2026-10-05T04:29:11.018578Z,KXSOL15M-26OCT050030-30,0.9810,11.00,no
2026-10-05T04:29:11.018578Z,KXSOL15M-26OCT050030-30,0.9800,17.56,no
2026-10-05T04:29:11.018578Z,KXSOL15M-26OCT050030-30,0.9890,3.00,no
2026-10-05T04:29:11.018578Z,KXSOL15M-26OCT050030-30,0.9880,3.00,no
2026-10-05T04:29:11.018578Z,KXSOL15M-26OCT050030-30,0.9850,6.00,no
2026-10-05T04:29:11.018578Z,KXSOL15M-26OCT050030-30,0.9800,6.00,no
2026-10-05T04:29:11.088432Z,KXSOL15M-26OCT050030-30,0.9950,6.00,yes
2026-10-05T04:29:11.095543Z,KXSOL15M-26OCT050030-30,0.9950,6.00,yes
2026-10-05T04:29:11.133964Z,KXSOL15M-26OCT050030-30,0.9800,18.39,no
2026-10-05T04:29:11.133964Z,KXSOL15M-26OCT050030-30,0.9810,11.00,no
2026-10-05T04:29:11.133964Z,KXSOL15M-26OCT050030-30,0.9860,3.00,no
2026-10-05T04:29:11.133964Z,KXSOL15M-26OCT050030-30,0.9870,3.00,no
2026-10-05T04:29:11.133964Z,KXSOL15M-26OCT050030-30,0.9800,5.76,no
2026-10-05T04:29:11.133964Z,KXSOL15M-26OCT050030-30,0.9770,2.53,no
2026-10-05T04:29:11.209286Z,KXSOL15M-26OCT050030-30,0.9930,3.00,yes
2026-10-05T04:29:11.209286Z,KXSOL15M-26OCT050030-30,0.9930,9.00,yes
2026-10-05T04:29:11.488835Z,KXSOL15M-26OCT050030-30,0.9930,50.60,no
2026-10-05T04:29:11.772464Z,KXSOL15M-26OCT050030-30,0.9940,3.00,yes
2026-10-05T04:29:11.772464Z,KXSOL15M-26OCT050030-30,0.9970,2.00,yes
2026-10-05T04:29:11.772464Z,KXSOL15M-26OCT050030-30,0.9980,367.70,yes
2026-10-05T04:29:12.099339Z,KXSOL15M-26OCT050030-30,0.9900,64.77,no
2026-10-05T04:29:12.11109Z,KXSOL15M-26OCT050030-30,0.9900,29.48,no
2026-10-05T04:29:12.64035Z,KXSOL15M-26OCT050030-30,0.9970,2.00,yes
2026-10-05T04:29:12.64035Z,KXSOL15M-26OCT050030-30,0.9970,3.00,yes
2026-10-05T04:29:12.64035Z,KXSOL15M-26OCT050030-30,0.9960,3.00,yes
2026-10-05T04:29:12.64035Z,KXSOL15M-26OCT050030-30,0.9980,3.02,yes
2026-10-05T04:29:13.101105Z,KXSOL15M-26OCT050030-30,0.9930,74.94,no
2026-10-05T04:29:13.101105Z,KXSOL15M-26OCT050030-30,0.9950,100.00,no
2026-10-05T04:29:13.653507Z,KXSOL15M-26OCT050030-30,0.9910,89.26,no
2026-10-05T04:29:14.046406Z,KXSOL15M-26OCT050030-30,0.9900,0.01,no
2026-10-05T04:29:14.046406Z,KXSOL15M-26OCT050030-30,0.9930,201.53,no
2026-10-05T04:29:14.046406Z,KXSOL15M-26OCT050030-30,0.9890,3.00,no
2026-10-05T04:29:14.046406Z,KXSOL15M-26OCT050030-30,0.9880,3.00,no
2026-10-05T04:29:14.046406Z,KXSOL15M-26OCT050030-30,0.9900,6.00,no
2026-10-05T04:29:14.046406Z,KXSOL15M-26OCT050030-30,0.9900,0.01,no
2026-10-05T04:29:14.046406Z,KXSOL15M-26OCT050030-30,0.9850,132.00,no
2026-10-05T04:29:14.046406Z,KXSOL15M-26OCT050030-30,0.9800,4.35,no
2026-10-05T04:29:14.046406Z,KXSOL15M-26OCT050030-30,0.9850,6.00,no
2026-10-05T04:29:14.046406Z,KXSOL15M-26OCT050030-30,0.9800,6.00,no
2026-10-05T04:29:14.046406Z,KXSOL15M-26OCT050030-30,0.9810,14.47,no
2026-10-05T04:29:14.089718Z,KXSOL15M-26OCT050030-30,0.9800,2.93,no
2026-10-05T04:29:14.089718Z,KXSOL15M-26OCT050030-30,0.9880,17.00,no
2026-10-05T04:29:14.089718Z,KXSOL15M-26OCT050030-30,0.9860,3.00,no
2026-10-05T04:29:14.089718Z,KXSOL15M-26OCT050030-30,0.9870,3.00,no
2026-10-05T04:29:14.089718Z,KXSOL15M-26OCT050030-30,0.9900,6.04,no
2026-10-05T04:29:14.128494Z,KXSOL15M-26OCT050030-30,0.9930,3.00,yes
2026-10-05T04:29:14.128494Z,KXSOL15M-26OCT050030-30,0.9950,19.00,yes
2026-10-05T04:29:14.128494Z,KXSOL15M-26OCT050030-30,0.9940,3.00,yes
2026-10-05T04:29:14.355199Z,KXSOL15M-26OCT050030-30,0.9940,53.69,no
2026-10-05T04:29:15.08838Z,KXSOL15M-26OCT050030-30,0.9960,3.00,yes
2026-10-05T04:29:15.08838Z,KXSOL15M-26OCT050030-30,0.9960,6.00,yes
2026-10-05T04:29:15.225016Z,KXSOL15M-26OCT050030-30,0.9970,3.00,yes
2026-10-05T04:29:15.225016Z,KXSOL15M-26OCT050030-30,0.9970,2.00,yes
2026-10-05T04:29:15.225016Z,KXSOL15M-26OCT050030-30,0.9980,15.26,yes
2026-10-05T04:29:15.252863Z,KXSOL15M-26OCT050030-30,0.9910,1.00,no
2026-10-05T04:29:15.252863Z,KXSOL15M-26OCT050030-30,0.9900,2.74,no
2026-10-05T04:29:16.002347Z,KXSOL15M-26OCT050030-30,0.9980,52.53,yes
2026-10-05T04:29:16.207526Z,KXSOL15M-26OCT050030-30,0.9900,7.61,no
2026-10-05T04:29:16.207526Z,KXSOL15M-26OCT050030-30,0.9960,100.00,no
2026-10-05T04:29:16.207526Z,KXSOL15M-26OCT050030-30,0.9900,5.00,no
2026-10-05T04:29:16.207526Z,KXSOL15M-26OCT050030-30,0.9880,3.00,no
2026-10-05T04:29:16.207526Z,KXSOL15M-26OCT050030-30,0.9890,3.00,no
2026-10-05T04:29:16.207526Z,KXSOL15M-26OCT050030-30,0.9910,15.26,no
2026-10-05T04:29:16.207526Z,KXSOL15M-26OCT050030-30,0.9900,5.00,no
2026-10-05T04:29:16.207526Z,KXSOL15M-26OCT050030-30,0.9900,10.00,no
2026-10-05T04:29:16.207526Z,KXSOL15M-26OCT050030-30,0.9850,2.49,no
2026-10-05T04:29:16.358023Z,KXSOL15M-26OCT050030-30,0.9870,3.00,no
2026-10-05T04:29:16.358023Z,KXSOL15M-26OCT050030-30,0.9900,0.01,no
2026-10-05T04:29:16.358023Z,KXSOL15M-26OCT050030-30,0.9850,8.25,no
2026-10-05T04:29:16.373578Z,KXSOL15M-26OCT050030-30,0.9970,2.00,yes
2026-10-05T04:29:16.373578Z,KXSOL15M-26OCT050030-30,0.9940,3.00,yes
2026-10-05T04:29:16.373578Z,KXSOL15M-26OCT050030-30,0.9950,6.00,yes
2026-10-05T04:29:16.373578Z,KXSOL15M-26OCT050030-30,0.9950,3.00,yes
2026-10-05T04:29:16.373578Z,KXSOL15M-26OCT050030-30,0.9980,32.01,yes
2026-10-05T04:29:16.373578Z,KXSOL15M-26OCT050030-30,0.9980,53.99,yes
2026-10-05T04:29:16.399121Z,KXSOL15M-26OCT050030-30,0.9970,2.00,yes
2026-10-05T04:29:16.399121Z,KXSOL15M-26OCT050030-30,0.9970,3.00,yes
2026-10-05T04:29:16.594975Z,KXSOL15M-26OCT050030-30,0.9950,6.00,yes
2026-10-05T04:29:16.818968Z,KXSOL15M-26OCT050030-30,0.9780,84.54,no
2026-10-05T04:29:16.818968Z,KXSOL15M-26OCT050030-30,0.9890,3.00,no
2026-10-05T04:29:16.818968Z,KXSOL15M-26OCT050030-30,0.9820,8.00,no
2026-10-05T04:29:16.818968Z,KXSOL15M-26OCT050030-30,0.9880,3.00,no
2026-10-05T04:29:16.818968Z,KXSOL15M-26OCT050030-30,0.9790,10.00,no
2026-10-05T04:29:16.818968Z,KXSOL15M-26OCT050030-30,0.9850,20.00,no
2026-10-05T04:29:16.818968Z,KXSOL15M-26OCT050030-30,0.9850,6.00,no
2026-10-05T04:29:16.818968Z,KXSOL15M-26OCT050030-30,0.9920,12.00,no
2026-10-05T04:29:16.818968Z,KXSOL15M-26OCT050030-30,0.9800,6.00,no
2026-10-05T04:29:16.818968Z,KXSOL15M-26OCT050030-30,0.9740,7.28,no
2026-10-05T04:29:16.818968Z,KXSOL15M-26OCT050030-30,0.9850,20.00,no
2026-10-05T04:29:16.818968Z,KXSOL15M-26OCT050030-30,0.9850,9.26,no
2026-10-05T04:29:16.818968Z,KXSOL15M-26OCT050030-30,0.9750,6.00,no
2026-10-05T04:29:17.304821Z,KXSOL15M-26OCT050030-30,0.9960,3.00,yes
2026-10-05T04:29:17.352818Z,KXSOL15M-26OCT050030-30,0.9970,2.00,yes
2026-10-05T04:29:17.358683Z,KXSOL15M-26OCT050030-30,0.9970,2.00,yes
2026-10-05T04:29:17.8881Z,KXSOL15M-26OCT050030-30,0.9970,85.00,no
2026-10-05T04:29:17.895106Z,KXSOL15M-26OCT050030-30,0.9970,8.00,no
2026-10-05T04:29:18.319341Z,KXSOL15M-26OCT050030-30,0.9980,70.00,yes
2026-10-05T04:29:18.326482Z,KXSOL15M-26OCT050030-30,0.9980,10.00,yes
2026-10-05T04:29:18.442179Z,KXSOL15M-26OCT050030-30,0.9970,0.01,no
2026-10-05T04:29:18.442179Z,KXSOL15M-26OCT050030-30,0.9970,40.00,no
2026-10-05T04:29:18.442179Z,KXSOL15M-26OCT050030-30,0.9920,37.95,no
2026-10-05T04:29:18.581857Z,KXSOL15M-26OCT050030-30,0.9900,24.45,no
2026-10-05T04:29:18.581857Z,KXSOL15M-26OCT050030-30,0.9750,8.00,no
2026-10-05T04:29:18.581857Z,KXSOL15M-26OCT050030-30,0.9740,20.00,no
2026-10-05T04:29:18.581857Z,KXSOL15M-26OCT050030-30,0.9890,3.00,no
2026-10-05T04:29:18.581857Z,KXSOL15M-26OCT050030-30,0.9920,15.05,no
2026-10-05T04:29:18.581857Z,KXSOL15M-26OCT050030-30,0.9880,3.00,no
2026-10-05T04:29:18.581857Z,KXSOL15M-26OCT050030-30,0.9730,24.00,no
2026-10-05T04:29:18.581857Z,KXSOL15M-26OCT050030-30,0.9710,79.55,no
2026-10-05T04:29:18.655662Z,KXSOL15M-26OCT050030-30,0.9950,1.00,yes
2026-10-05T04:29:18.925092Z,KXSOL15M-26OCT050030-30,0.9900,9.35,no
2026-10-05T04:29:19.032994Z,KXSOL15M-26OCT050030-30,0.9950,2.00,yes
2026-10-05T04:29:19.032994Z,KXSOL15M-26OCT050030-30,0.9970,13.00,yes
2026-10-05T04:29:19.032994Z,KXSOL15M-26OCT050030-30,0.9960,3.00,yes
2026-10-05T04:29:19.032994Z,KXSOL15M-26OCT050030-30,0.9970,2.00,yes
2026-10-05T04:29:19.088159Z,KXSOL15M-26OCT050030-30,0.9970,1.00,yes
2026-10-05T04:29:19.213563Z,KXSOL15M-26OCT050030-30,0.9960,97.00,no
2026-10-05T04:29:20.10747Z,KXSOL15M-26OCT050030-30,0.9960,8.00,yes
2026-10-05T04:29:20.10747Z,KXSOL15M-26OCT050030-30,0.9970,4.00,yes
2026-10-05T04:29:20.477793Z,KXSOL15M-26OCT050030-30,0.9970,5.94,no
2026-10-05T04:29:20.500452Z,KXSOL15M-26OCT050030-30,0.9930,4.00,no
2026-10-05T04:29:20.500452Z,KXSOL15M-26OCT050030-30,0.9920,40.00,no
2026-10-05T04:29:20.500452Z,KXSOL15M-26OCT050030-30,0.9910,114.27,no
2026-10-05T04:29:20.500452Z,KXSOL15M-26OCT050030-30,0.9930,4.00,no
2026-10-05T04:29:20.500452Z,KXSOL15M-26OCT050030-30,0.9920,80.00,no
2026-10-05T04:29:21.212802Z,KXSOL15M-26OCT050030-30,0.9920,0.18,no
2026-10-05T04:29:21.212802Z,KXSOL15M-26OCT050030-30,0.9930,4.00,no
2026-10-05T04:29:21.654945Z,KXSOL15M-26OCT050030-30,0.9970,2.00,yes
2026-10-05T04:29:21.654945Z,KXSOL15M-26OCT050030-30,0.9970,2.00,yes
2026-10-05T04:29:21.723629Z,KXSOL15M-26OCT050030-30,0.9960,164.70,no
2026-10-05T04:29:21.723629Z,KXSOL15M-26OCT050030-30,0.9970,36.00,no
2026-10-05T04:29:21.926388Z,KXSOL15M-26OCT050030-30,0.9920,40.00,no
2026-10-05T04:29:21.926388Z,KXSOL15M-26OCT050030-30,0.9950,6.00,no
2026-10-05T04:29:21.926388Z,KXSOL15M-26OCT050030-30,0.9920,25.00,no
2026-10-05T04:29:21.926388Z,KXSOL15M-26OCT050030-30,0.9920,50.00,no
2026-10-05T04:29:21.926388Z,KXSOL15M-26OCT050030-30,0.9970,65.00,no
2026-10-05T04:29:21.926388Z,KXSOL15M-26OCT050030-30,0.9920,50.00,no
2026-10-05T04:29:21.926388Z,KXSOL15M-26OCT050030-30,0.9960,100.00,no
2026-10-05T04:29:21.926388Z,KXSOL15M-26OCT050030-30,0.9920,24.82,no
2026-10-05T04:29:21.926388Z,KXSOL15M-26OCT050030-30,0.9920,40.00,no
2026-10-05T04:29:21.926388Z,KXSOL15M-26OCT050030-30,0.9920,40.00,no
2026-10-05T04:29:21.926388Z,KXSOL15M-26OCT050030-30,0.9920,20.00,no
2026-10-05T04:29:21.926388Z,KXSOL15M-26OCT050030-30,0.9910,352.17,no
2026-10-05T04:29:21.926388Z,KXSOL15M-26OCT050030-30,0.9930,21.00,no
2026-10-05T04:29:22.232555Z,KXSOL15M-26OCT050030-30,0.9930,3.00,no
2026-10-05T04:29:22.362916Z,KXSOL15M-26OCT050030-30,0.9920,25.00,no
2026-10-05T04:29:22.362916Z,KXSOL15M-26OCT050030-30,0.9930,1.00,no
2026-10-05T04:29:22.362916Z,KXSOL15M-26OCT050030-30,0.9920,18.00,no
2026-10-05T04:29:22.362916Z,KXSOL15M-26OCT050030-30,0.9920,40.00,no
2026-10-05T04:29:22.362916Z,KXSOL15M-26OCT050030-30,0.9910,19.91,no
2026-10-05T04:29:22.460324Z,KXSOL15M-26OCT050030-30,0.9980,2.99,yes
2026-10-05T04:29:22.460324Z,KXSOL15M-26OCT050030-30,0.9980,416.01,yes
2026-10-05T04:29:22.460324Z,KXSOL15M-26OCT050030-30,0.9980,40.00,yes
2026-10-05T04:29:22.460324Z,KXSOL15M-26OCT050030-30,0.9980,3.00,yes
2026-10-05T04:29:22.460324Z,KXSOL15M-26OCT050030-30,0.9980,3.00,yes
2026-10-05T04:29:22.460324Z,KXSOL15M-26OCT050030-30,0.9980,3.00,yes
2026-10-05T04:29:22.460324Z,KXSOL15M-26OCT050030-30,0.9980,3.00,yes
2026-10-05T04:29:22.460324Z,KXSOL15M-26OCT050030-30,0.9980,3.00,yes
2026-10-05T04:29:22.460324Z,KXSOL15M-26OCT050030-30,0.9980,26.00,yes
2026-10-05T04:29:22.707767Z,KXSOL15M-26OCT050030-30,0.9920,11.11,no
2026-10-05T04:29:22.707767Z,KXSOL15M-26OCT050030-30,0.9920,40.00,no
2026-10-05T04:29:22.796058Z,KXSOL15M-26OCT050030-30,0.9980,0.43,yes
2026-10-05T04:29:23.324532Z,KXSOL15M-26OCT050030-30,0.9970,11.69,no
2026-10-05T04:29:24.178848Z,KXSOL15M-26OCT050030-30,0.9980,1.50,yes
2026-10-05T04:29:24.308027Z,KXSOL15M-26OCT050030-30,0.9930,151.68,no
2026-10-05T04:29:24.308027Z,KXSOL15M-26OCT050030-30,0.9940,400.00,no
2026-10-05T04:29:24.308027Z,KXSOL15M-26OCT050030-30,0.9940,23.00,no
2026-10-05T04:29:24.308027Z,KXSOL15M-26OCT050030-30,0.9930,3.42,no
2026-10-05T04:29:24.408057Z,KXSOL15M-26OCT050030-30,0.9970,100.00,no
2026-10-05T04:29:24.408057Z,KXSOL15M-26OCT050030-30,0.9940,16.80,no
2026-10-05T04:29:25.075576Z,KXSOL15M-26OCT050030-30,0.9930,1.55,no
2026-10-05T04:29:25.234082Z,KXSOL15M-26OCT050030-30,0.9980,1.00,yes
2026-10-05T04:29:25.253408Z,KXSOL15M-26OCT050030-30,0.9980,5.00,yes
2026-10-05T04:29:25.480435Z,KXSOL15M-26OCT050030-30,0.9940,23.00,no
2026-10-05T04:29:25.480435Z,KXSOL15M-26OCT050030-30,0.9970,100.00,no
2026-10-05T04:29:25.480435Z,KXSOL15M-26OCT050030-30,0.9930,10.58,no
2026-10-05T04:29:25.76903Z,KXSOL15M-26OCT050030-30,0.9980,1.00,yes
2026-10-05T04:29:25.76903Z,KXSOL15M-26OCT050030-30,0.9980,10.00,yes
2026-10-05T04:29:25.781754Z,KXSOL15M-26OCT050030-30,0.9980,34.00,yes
2026-10-05T04:29:25.781754Z,KXSOL15M-26OCT050030-30,0.9980,2.00,yes
2026-10-05T04:29:25.957039Z,KXSOL15M-26OCT050030-30,0.9980,55.10,yes
2026-10-05T04:29:25.983687Z,KXSOL15M-26OCT050030-30,0.9980,42.07,yes
2026-10-05T04:29:26.691422Z,KXSOL15M-26OCT050030-30,0.9980,37.39,yes
2026-10-05T04:29:26.830958Z,KXSOL15M-26OCT050030-30,0.9980,0.21,yes
2026-10-05T04:29:26.945903Z,KXSOL15M-26OCT050030-30,0.9980,55.00,yes
2026-10-05T04:29:26.952197Z,KXSOL15M-26OCT050030-30,0.9980,32.00,yes
2026-10-05T04:29:26.96086Z,KXSOL15M-26OCT050030-30,0.9980,20.00,yes
2026-10-05T04:29:26.966568Z,KXSOL15M-26OCT050030-30,0.9980,10.00,yes
2026-10-05T04:29:26.972444Z,KXSOL15M-26OCT050030-30,0.9980,5.00,yes
2026-10-05T04:29:26.979603Z,KXSOL15M-26OCT050030-30,0.9980,5.00,yes
2026-10-05T04:29:26.98559Z,KXSOL15M-26OCT050030-30,0.9980,2.00,yes
2026-10-05T04:29:26.991911Z,KXSOL15M-26OCT050030-30,0.9980,2.00,yes
2026-10-05T04:29:26.997679Z,KXSOL15M-26OCT050030-30,0.9980,2.00,yes
2026-10-05T04:29:27.003775Z,KXSOL15M-26OCT050030-30,0.9980,2.00,yes
2026-10-05T04:29:27.010745Z,KXSOL15M-26OCT050030-30,0.9980,2.00,yes
2026-10-05T04:29:27.017979Z,KXSOL15M-26OCT050030-30,0.9980,2.00,yes
2026-10-05T04:29:27.022615Z,KXSOL15M-26OCT050030-30,0.9980,2.00,yes
2026-10-05T04:29:27.028688Z,KXSOL15M-26OCT050030-30,0.9980,2.00,yes
2026-10-05T04:29:27.035719Z,KXSOL15M-26OCT050030-30,0.9980,2.00,yes
2026-10-05T04:29:27.041027Z,KXSOL15M-26OCT050030-30,0.9980,2.00,yes
2026-10-05T04:29:27.046119Z,KXSOL15M-26OCT050030-30,0.9980,2.00,yes
2026-10-05T04:29:27.08808Z,KXSOL15M-26OCT050030-30,0.9980,27.00,yes
2026-10-05T04:29:27.094876Z,KXSOL15M-26OCT050030-30,0.9980,17.00,yes
2026-10-05T04:29:27.103131Z,KXSOL15M-26OCT050030-30,0.9980,10.00,yes
2026-10-05T04:29:27.110742Z,KXSOL15M-26OCT050030-30,0.9980,7.00,yes
2026-10-05T04:29:27.117478Z,KXSOL15M-26OCT050030-30,0.9980,5.00,yes
2026-10-05T04:29:27.12374Z,KXSOL15M-26OCT050030-30,0.9980,2.00,yes
2026-10-05T04:29:27.130844Z,KXSOL15M-26OCT050030-30,0.9980,2.00,yes
2026-10-05T04:29:27.137133Z,KXSOL15M-26OCT050030-30,0.9980,2.00,yes
2026-10-05T04:29:27.244735Z,KXSOL15M-26OCT050030-30,0.9970,29.91,no
2026-10-05T04:29:27.594175Z,KXSOL15M-26OCT050030-30,0.9980,35.00,yes
2026-10-05T04:29:27.602517Z,KXSOL15M-26OCT050030-30,0.9980,22.00,yes
2026-10-05T04:29:27.610012Z,KXSOL15M-26OCT050030-30,0.9980,15.00,yes
2026-10-05T04:29:27.61559Z,KXSOL15M-26OCT050030-30,0.9980,10.00,yes
2026-10-05T04:29:29.08932Z,KXSOL15M-26OCT050030-30,0.9980,13.00,yes
2026-10-05T04:29:29.096335Z,KXSOL15M-26OCT050030-30,0.9980,8.00,yes
2026-10-05T04:29:29.101707Z,KXSOL15M-26OCT050030-30,0.9980,5.00,yes
2026-10-05T04:29:29.106286Z,KXSOL15M-26OCT050030-30,0.9980,5.00,yes
2026-10-05T04:29:29.111142Z,KXSOL15M-26OCT050030-30,0.9980,3.00,yes
2026-10-05T04:29:29.12911Z,KXSOL15M-26OCT050030-30,0.9800,105.00,no
2026-10-05T04:29:29.12911Z,KXSOL15M-26OCT050030-30,0.9860,145.00,no
2026-10-05T04:29:29.12911Z,KXSOL15M-26OCT050030-30,0.9910,92.65,no
2026-10-05T04:29:29.12911Z,KXSOL15M-26OCT050030-30,0.9900,15.10,no
2026-10-05T04:29:29.12911Z,KXSOL15M-26OCT050030-30,0.9940,23.00,no
2026-10-05T04:29:29.12911Z,KXSOL15M-26OCT050030-30,0.9920,75.00,no
2026-10-05T04:29:29.12911Z,KXSOL15M-26OCT050030-30,0.9930,473.27,no
2026-10-05T04:29:29.12911Z,KXSOL15M-26OCT050030-30,0.9900,8.00,no
2026-10-05T04:29:29.12911Z,KXSOL15M-26OCT050030-30,0.9900,0.01,no
2026-10-05T04:29:29.12911Z,KXSOL15M-26OCT050030-30,0.9900,1.00,no
2026-10-05T04:29:29.12911Z,KXSOL15M-26OCT050030-30,0.9920,417.00,no
2026-10-05T04:29:29.12911Z,KXSOL15M-26OCT050030-30,0.9970,0.08,no
2026-10-05T04:29:29.12911Z,KXSOL15M-26OCT050030-30,0.9970,120.00,no
2026-10-05T04:29:29.12911Z,KXSOL15M-26OCT050030-30,0.9800,15.00,no
2026-10-05T04:29:29.12911Z,KXSOL15M-26OCT050030-30,0.9810,1.00,no
2026-10-05T04:29:29.12911Z,KXSOL15M-26OCT050030-30,0.9920,40.00,no
2026-10-05T04:29:29.12911Z,KXSOL15M-26OCT050030-30,0.9950,0.09,no
2026-10-05T04:29:29.12911Z,KXSOL15M-26OCT050030-30,0.9920,5.00,no
2026-10-05T04:29:29.12911Z,KXSOL15M-26OCT050030-30,0.9900,40.00,no
2026-10-05T04:29:29.12911Z,KXSOL15M-26OCT050030-30,0.9900,20.00,no
2026-10-05T04:29:29.12911Z,KXSOL15M-26OCT050030-30,0.9850,110.00,no
2026-10-05T04:29:29.12911Z,KXSOL15M-26OCT050030-30,0.9900,40.00,no
2026-10-05T04:29:29.12911Z,KXSOL15M-26OCT050030-30,0.9900,10.00,no
2026-10-05T04:29:29.12911Z,KXSOL15M-26OCT050030-30,0.9920,5.00,no
2026-10-05T04:29:29.12911Z,KXSOL15M-26OCT050030-30,0.9920,25.00,no
2026-10-05T04:29:29.12911Z,KXSOL15M-26OCT050030-30,0.9900,40.00,no
2026-10-05T04:29:29.12911Z,KXSOL15M-26OCT050030-30,0.9900,40.00,no
2026-10-05T04:29:29.12911Z,KXSOL15M-26OCT050030-30,0.9970,100.00,no
2026-10-05T04:29:29.12911Z,KXSOL15M-26OCT050030-30,0.9900,30.00,no
2026-10-05T04:29:29.12911Z,KXSOL15M-26OCT050030-30,0.9900,8.00,no
2026-10-05T04:29:29.12911Z,KXSOL15M-26OCT050030-30,0.9920,40.00,no
2026-10-05T04:29:29.12911Z,KXSOL15M-26OCT050030-30,0.9920,40.00,no
2026-10-05T04:29:29.12911Z,KXSOL15M-26OCT050030-30,0.9920,10.00,no
2026-10-05T04:29:29.12911Z,KXSOL15M-26OCT050030-30,0.9900,15.00,no
2026-10-05T04:29:29.12911Z,KXSOL15M-26OCT050030-30,0.9970,0.01,no
2026-10-05T04:29:29.12911Z,KXSOL15M-26OCT050030-30,0.9900,20.00,no
2026-10-05T04:29:29.12911Z,KXSOL15M-26OCT050030-30,0.9900,25.00,no
2026-10-05T04:29:29.12911Z,KXSOL15M-26OCT050030-30,0.9850,40.00,no
2026-10-05T04:29:29.12911Z,KXSOL15M-26OCT050030-30,0.9920,40.00,no
2026-10-05T04:29:29.12911Z,KXSOL15M-26OCT050030-30,0.9900,6.00,no
2026-10-05T04:29:29.12911Z,KXSOL15M-26OCT050030-30,0.9970,100.00,no
2026-10-05T04:29:30.065882Z,KXSOL15M-26OCT050030-30,0.9980,100.00,yes
2026-10-05T04:29:30.069468Z,KXSOL15M-26OCT050030-30,0.9980,866.00,yes
2026-10-05T04:29:30.069468Z,KXSOL15M-26OCT050030-30,0.9980,16.00,yes
2026-10-05T04:29:30.097437Z,KXSOL15M-26OCT050030-30,0.9990,2.00,yes
2026-10-05T04:29:30.177755Z,KXSOL15M-26OCT050030-30,0.9990,92.00,yes
2026-10-05T04:29:30.177755Z,KXSOL15M-26OCT050030-30,0.9980,320.00,yes
2026-10-05T04:29:30.177755Z,KXSOL15M-26OCT050030-30,0.9980,16.00,yes
2026-10-05T04:29:30.177755Z,KXSOL15M-26OCT050030-30,0.9990,1.00,yes
2026-10-05T04:29:30.177755Z,KXSOL15M-26OCT050030-30,0.9990,498.00,yes
2026-10-05T04:29:30.177755Z,KXSOL15M-26OCT050030-30,0.9990,200.00,yes
2026-10-05T04:29:30.177755Z,KXSOL15M-26OCT050030-30,0.9990,300.00,yes
2026-10-05T04:29:30.177755Z,KXSOL15M-26OCT050030-30,0.9990,480.00,yes
2026-10-05T04:29:30.177755Z,KXSOL15M-26OCT050030-30,0.9990,1.00,yes
2026-10-05T04:29:30.177755Z,KXSOL15M-26OCT050030-30,0.9990,40.00,yes
2026-10-05T04:29:30.177755Z,KXSOL15M-26OCT050030-30,0.9990,1.00,yes
2026-10-05T04:29:30.191073Z,KXSOL15M-26OCT050030-30,0.9990,258.00,yes
2026-10-05T04:29:30.191073Z,KXSOL15M-26OCT050030-30,0.9990,42.00,yes
2026-10-05T04:29:30.191073Z,KXSOL15M-26OCT050030-30,0.9990,3.00,yes
2026-10-05T04:29:30.6431Z,KXSOL15M-26OCT050030-30,0.9990,177.00,no
2026-10-05T04:29:30.6431Z,KXSOL15M-26OCT050030-30,0.9990,71.00,no
2026-10-05T04:29:30.6431Z,KXSOL15M-26OCT050030-30,0.9990,153.00,no
2026-10-05T04:29:32.295152Z,KXSOL15M-26OCT050030-30,0.9990,8.00,yes
2026-10-05T04:29:32.624725Z,KXSOL15M-26OCT050030-30,0.9980,4.59,no
2026-10-05T04:29:33.108023Z,KXSOL15M-26OCT050030-30,0.9980,200.00,no
2026-10-05T04:29:33.108023Z,KXSOL15M-26OCT050030-30,0.9980,47.67,no
2026-10-05T04:29:33.108023Z,KXSOL15M-26OCT050030-30,0.9980,40.00,no
2026-10-05T04:29:33.348126Z,KXSOL15M-26OCT050030-30,0.9980,23.33,no
2026-10-05T04:29:33.348126Z,KXSOL15M-26OCT050030-30,0.9980,66.39,no
2026-10-05T04:29:33.952273Z,KXSOL15M-26OCT050030-30,0.9980,91.62,no
2026-10-05T04:29:34.884417Z,KXSOL15M-26OCT050030-30,0.9980,142.08,no
2026-10-05T04:29:34.924221Z,KXSOL15M-26OCT050030-30,0.9980,1.14,no
2026-10-05T04:29:36.64791Z,KXSOL15M-26OCT050030-30,0.9980,9.98,no
2026-10-05T04:29:37.448347Z,KXSOL15M-26OCT050030-30,0.9990,38.06,no
2026-10-05T04:29:37.771661Z,KXSOL15M-26OCT050030-30,0.9990,1318.94,no
2026-10-05T04:29:37.771661Z,KXSOL15M-26OCT050030-30,0.9990,144.00,no
2026-10-05T04:29:37.771661Z,KXSOL15M-26OCT050030-30,0.9980,1213.08,no
2026-10-05T04:29:37.771661Z,KXSOL15M-26OCT050030-30,0.9990,99.00,no
2026-10-05T04:29:37.771661Z,KXSOL15M-26OCT050030-30,0.9980,188.79,no
2026-10-05T04:29:37.771661Z,KXSOL15M-26OCT050030-30,0.9980,100.00,no
2026-10-05T04:29:40.802739Z,KXSOL15M-26OCT050030-30,0.9990,133.48,no
2026-10-05T04:29:40.921612Z,KXSOL15M-26OCT050030-30,0.9990,458.04,no
2026-10-05T04:29:44.873358Z,KXSOL15M-26OCT050030-30,0.9990,526.86,no
2026-10-05T04:29:45.690731Z,KXSOL15M-26OCT050030-30,0.9990,30.22,no
2026-10-05T04:29:49.380959Z,KXSOL15M-26OCT050030-30,0.9990,1.00,no
2026-10-05T04:29:49.47799Z,KXSOL15M-26OCT050030-30,0.9990,89.75,no
2026-10-05T04:29:53.687623Z,KXSOL15M-26OCT050030-30,0.9990,915.99,no
2026-10-05T04:29:01.992229Z,KXGBPUSD15M-26OCT050030-30,0.0200,1.00,no
2026-10-05T04:29:03.069193Z,KXGBPUSD15M-26OCT050030-30,0.0100,8.00,no
2026-10-05T04:29:16.418197Z,KXGBPUSD15M-26OCT050030-30,0.0100,1.00,no
2026-10-05T04:29:16.418197Z,KXGBPUSD15M-26OCT050030-30,0.0100,80.00,no
2026-10-05T04:29:16.418197Z,KXGBPUSD15M-26OCT050030-30,0.0100,2.00,no
2026-10-05T04:29:16.418197Z,KXGBPUSD15M-26OCT050030-30,0.0100,2.00,no
2026-10-05T04:29:16.418197Z,KXGBPUSD15M-26OCT050030-30,0.0100,1.00,no
2026-10-05T04:29:16.418197Z,KXGBPUSD15M-26OCT050030-30,0.0100,19.00,no
2026-10-05T04:29:20.659964Z,KXGBPUSD15M-26OCT050030-30,0.0100,0.32,no
2026-10-05T04:39:16.745513Z,KXETH15M-26OCT050045-45,0.0280,10.04,yes
2026-10-05T04:39:17.456352Z,KXETH15M-26OCT050045-45,0.0270,58.50,no
2026-10-05T04:39:17.456352Z,KXETH15M-26OCT050045-45,0.0270,22.00,no
2026-10-05T04:39:18.349742Z,KXETH15M-26OCT050045-45,0.0240,15.00,no
2026-10-05T04:39:19.02947Z,KXETH15M-26OCT050045-45,0.0250,14.00,yes
2026-10-05T04:39:19.02947Z,KXETH15M-26OCT050045-45,0.0240,8.00,yes
2026-10-05T04:39:19.02947Z,KXETH15M-26OCT050045-45,0.0240,0.08,yes
2026-10-05T04:39:19.02947Z,KXETH15M-26OCT050045-45,0.0250,5.00,yes
2026-10-05T04:39:19.02947Z,KXETH15M-26OCT050045-45,0.0250,7.00,yes
2026-10-05T04:39:19.02947Z,KXETH15M-26OCT050045-45,0.0250,8.00,yes
2026-10-05T04:39:19.02947Z,KXETH15M-26OCT050045-45,0.0250,0.08,yes
2026-10-05T04:39:20.01558Z,KXETH15M-26OCT050045-45,0.0230,13.85,no
2026-10-05T04:39:20.01558Z,KXETH15M-26OCT050045-45,0.0230,3.15,no
2026-10-05T04:39:20.01558Z,KXETH15M-26OCT050045-45,0.0230,83.00,no
2026-10-05T04:39:20.066665Z,KXETH15M-26OCT050045-45,0.0290,4.00,yes
2026-10-05T04:39:20.066665Z,KXETH15M-26OCT050045-45,0.0250,0.08,yes
2026-10-05T04:39:20.066665Z,KXETH15M-26OCT050045-45,0.0260,22.00,yes
2026-10-05T04:39:20.066665Z,KXETH15M-26OCT050045-45,0.0260,11.00,yes
2026-10-05T04:39:20.066665Z,KXETH15M-26OCT050045-45,0.0250,5.00,yes
2026-10-05T04:39:20.066665Z,KXETH15M-26OCT050045-45,0.0290,22.00,yes
2026-10-05T04:39:20.066665Z,KXETH15M-26OCT050045-45,0.0260,8.00,yes
2026-10-05T04:39:20.066665Z,KXETH15M-26OCT050045-45,0.0280,4.00,yes
2026-10-05T04:39:20.066665Z,KXETH15M-26OCT050045-45,0.0290,4.00,yes
2026-10-05T04:39:20.066665Z,KXETH15M-26OCT050045-45,0.0260,0.08,yes
2026-10-05T04:39:20.066665Z,KXETH15M-26OCT050045-45,0.0280,0.01,yes
2026-10-05T04:39:20.066665Z,KXETH15M-26OCT050045-45,0.0270,0.08,yes
2026-10-05T04:39:20.066665Z,KXETH15M-26OCT050045-45,0.0290,4.00,yes
2026-10-05T04:39:20.066665Z,KXETH15M-26OCT050045-45,0.0280,0.08,yes
2026-10-05T04:39:20.066665Z,KXETH15M-26OCT050045-45,0.0280,10.92,yes
2026-10-05T04:39:20.066665Z,KXETH15M-26OCT050045-45,0.0290,0.08,yes
2026-10-05T04:39:20.066665Z,KXETH15M-26OCT050045-45,0.0280,6.15,yes
2026-10-05T04:39:20.066665Z,KXETH15M-26OCT050045-45,0.0300,0.08,yes
2026-10-05T04:39:20.066665Z,KXETH15M-26OCT050045-45,0.0290,2.00,yes
2026-10-05T04:39:20.066665Z,KXETH15M-26OCT050045-45,0.0300,60.72,yes
2026-10-05T04:39:20.614534Z,KXETH15M-26OCT050045-45,0.0220,148.00,no
2026-10-05T04:39:20.614534Z,KXETH15M-26OCT050045-45,0.0230,20.00,no
2026-10-05T04:39:20.614534Z,KXETH15M-26OCT050045-45,0.0240,22.00,no
2026-10-05T04:39:20.614534Z,KXETH15M-26OCT050045-45,0.0230,10.00,no
2026-10-05T04:39:20.867574Z,KXETH15M-26OCT050045-45,0.0230,3.06,no
2026-10-05T04:39:21.124929Z,KXETH15M-26OCT050045-45,0.0230,2.75,no
2026-10-05T04:39:21.871321Z,KXETH15M-26OCT050045-45,0.0250,2.00,yes
2026-10-05T04:39:21.939712Z,KXETH15M-26OCT050045-45,0.0250,2.00,yes
2026-10-05T04:39:21.954141Z,KXETH15M-26OCT050045-45,0.0250,1.00,yes
2026-10-05T04:39:22.11054Z,KXETH15M-26OCT050045-45,0.0250,0.08,yes
2026-10-05T04:39:22.11054Z,KXETH15M-26OCT050045-45,0.0250,20.00,yes
2026-10-05T04:39:22.11054Z,KXETH15M-26OCT050045-45,0.0260,51.81,yes
2026-10-05T04:39:22.11054Z,KXETH15M-26OCT050045-45,0.0260,0.08,yes
2026-10-05T04:39:22.31155Z,KXETH15M-26OCT050045-45,0.0260,0.01,yes
2026-10-05T04:39:22.339879Z,KXETH15M-26OCT050045-45,0.0260,3.92,yes
2026-10-05T04:39:22.663057Z,KXETH15M-26OCT050045-45,0.0270,4.00,yes
2026-10-05T04:39:22.663057Z,KXETH15M-26OCT050045-45,0.0270,16.60,yes
2026-10-05T04:39:22.663057Z,KXETH15M-26OCT050045-45,0.0240,41.00,yes
2026-10-05T04:39:22.663057Z,KXETH15M-26OCT050045-45,0.0260,22.00,yes
2026-10-05T04:39:22.663057Z,KXETH15M-26OCT050045-45,0.0260,1.00,yes
2026-10-05T04:39:22.663057Z,KXETH15M-26OCT050045-45,0.0250,41.00,yes
2026-10-05T04:39:22.663057Z,KXETH15M-26OCT050045-45,0.0270,1.00,yes
2026-10-05T04:39:22.663057Z,KXETH15M-26OCT050045-45,0.0270,0.08,yes
2026-10-05T04:39:22.663057Z,KXETH15M-26OCT050045-45,0.0270,11.00,yes
2026-10-05T04:39:22.663057Z,KXETH15M-26OCT050045-45,0.0280,0.09,yes
2026-10-05T04:39:22.663057Z,KXETH15M-26OCT050045-45,0.0280,49.98,yes
2026-10-05T04:39:22.663057Z,KXETH15M-26OCT050045-45,0.0250,14.00,yes
2026-10-05T04:39:22.715516Z,KXETH15M-26OCT050045-45,0.0240,24.00,yes
2026-10-05T04:39:22.724617Z,KXETH15M-26OCT050045-45,0.0240,7.00,yes
2026-10-05T04:39:22.733131Z,KXETH15M-26OCT050045-45,0.0240,4.00,yes
2026-10-05T04:39:22.742107Z,KXETH15M-26OCT050045-45,0.0240,2.00,yes
2026-10-05T04:39:22.755616Z,KXETH15M-26OCT050045-45,0.0240,2.00,yes
2026-10-05T04:39:22.781887Z,KXETH15M-26OCT050045-45,0.0240,2.00,yes
2026-10-05T04:39:22.805325Z,KXETH15M-26OCT050045-45,0.0220,45.00,no
2026-10-05T04:39:22.905336Z,KXETH15M-26OCT050045-45,0.0220,75.00,no
2026-10-05T04:39:22.921593Z,KXETH15M-26OCT050045-45,0.0240,2.00,yes
2026-10-05T04:39:22.930675Z,KXETH15M-26OCT050045-45,0.0240,2.00,yes
2026-10-05T04:39:22.943608Z,KXETH15M-26OCT050045-45,0.0240,5.00,yes
2026-10-05T04:39:22.955363Z,KXETH15M-26OCT050045-45,0.0240,2.00,yes
2026-10-05T04:39:23.102687Z,KXETH15M-26OCT050045-45,0.0220,58.00,no
2026-10-05T04:39:23.102687Z,KXETH15M-26OCT050045-45,0.0230,10.00,no
2026-10-05T04:39:23.102687Z,KXETH15M-26OCT050045-45,0.0230,33.00,no
2026-10-05T04:39:23.257764Z,KXETH15M-26OCT050045-45,0.0220,3.00,no
2026-10-05T04:39:23.285551Z,KXETH15M-26OCT050045-45,0.0220,1.00,no
2026-10-05T04:39:23.285551Z,KXETH15M-26OCT050045-45,0.0170,100.00,no
2026-10-05T04:39:23.285551Z,KXETH15M-26OCT050045-45,0.0220,90.00,no
2026-10-05T04:39:23.285551Z,KXETH15M-26OCT050045-45,0.0210,75.00,no
2026-10-05T04:39:23.285551Z,KXETH15M-26OCT050045-45,0.0150,1.00,no
2026-10-05T04:39:23.285551Z,KXETH15M-26OCT050045-45,0.0200,1.00,no
2026-10-05T04:39:23.285551Z,KXETH15M-26OCT050045-45,0.0150,50.00,no
2026-10-05T04:39:23.285551Z,KXETH15M-26OCT050045-45,0.0220,21.00,no
2026-10-05T04:39:23.285551Z,KXETH15M-26OCT050045-45,0.0180,100.00,no
2026-10-05T04:39:23.285551Z,KXETH15M-26OCT050045-45,0.0150,835.64,no
2026-10-05T04:39:23.285551Z,KXETH15M-26OCT050045-45,0.0160,100.00,no
2026-10-05T04:39:23.285551Z,KXETH15M-26OCT050045-45,0.0200,11.00,no
2026-10-05T04:39:23.285551Z,KXETH15M-26OCT050045-45,0.0200,1.00,no
2026-10-05T04:39:23.285551Z,KXETH15M-26OCT050045-45,0.0180,1.00,no
2026-10-05T04:39:23.285551Z,KXETH15M-26OCT050045-45,0.0160,1.00,no
2026-10-05T04:39:23.285551Z,KXETH15M-26OCT050045-45,0.0170,1.00,no
2026-10-05T04:39:23.285551Z,KXETH15M-26OCT050045-45,0.0190,1.00,no
2026-10-05T04:39:23.285551Z,KXETH15M-26OCT050045-45,0.0210,1.00,no
2026-10-05T04:39:23.285551Z,KXETH15M-26OCT050045-45,0.0200,50.00,no
2026-10-05T04:39:23.285551Z,KXETH15M-26OCT050045-45,0.0200,25.00,no
2026-10-05T04:39:23.285551Z,KXETH15M-26OCT050045-45,0.0200,10.00,no
2026-10-05T04:39:23.285551Z,KXETH15M-26OCT050045-45,0.0160,60.00,no
2026-10-05T04:39:23.285551Z,KXETH15M-26OCT050045-45,0.0200,1.00,no
2026-10-05T04:39:23.285551Z,KXETH15M-26OCT050045-45,0.0200,0.95,no
2026-10-05T04:39:23.285551Z,KXETH15M-26OCT050045-45,0.0210,1.00,no
2026-10-05T04:39:23.285551Z,KXETH15M-26OCT050045-45,0.0200,100.00,no
2026-10-05T04:39:23.285551Z,KXETH15M-26OCT050045-45,0.0220,50.00,no
2026-10-05T04:39:23.285551Z,KXETH15M-26OCT050045-45,0.0190,24.00,no
2026-10-05T04:39:23.285551Z,KXETH15M-26OCT050045-45,0.0160,0.97,no
2026-10-05T04:39:23.285551Z,KXETH15M-26OCT050045-45,0.0200,9.00,no
2026-10-05T04:39:23.285551Z,KXETH15M-26OCT050045-45,0.0200,22.00,no
2026-10-05T04:39:23.285551Z,KXETH15M-26OCT050045-45,0.0180,50.00,no
2026-10-05T04:39:23.285551Z,KXETH15M-26OCT050045-45,0.0220,10.00,no
2026-10-05T04:39:23.285551Z,KXETH15M-26OCT050045-45,0.0180,4.00,no
2026-10-05T04:39:23.285551Z,KXETH15M-26OCT050045-45,0.0190,100.00,no
2026-10-05T04:39:23.285551Z,KXETH15M-26OCT050045-45,0.0200,4.00,no
2026-10-05T04:39:23.285551Z,KXETH15M-26OCT050045-45,0.0170,4.00,no
2026-10-05T04:39:23.285551Z,KXETH15M-26OCT050045-45,0.0210,4.00,no
2026-10-05T04:39:23.285551Z,KXETH15M-26OCT050045-45,0.0200,9.00,no
2026-10-05T04:39:23.285551Z,KXETH15M-26OCT050045-45,0.0190,4.00,no
2026-10-05T04:39:23.285551Z,KXETH15M-26OCT050045-45,0.0210,20.00,no
2026-10-05T04:39:23.698658Z,KXETH15M-26OCT050045-45,0.0210,16.49,yes
2026-10-05T04:39:23.698658Z,KXETH15M-26OCT050045-45,0.0210,22.00,yes
2026-10-05T04:39:25.402655Z,KXETH15M-26OCT050045-45,0.0190,5.75,yes
2026-10-05T04:39:25.871715Z,KXETH15M-26OCT050045-45,0.0190,8.91,yes
2026-10-05T04:39:25.884882Z,KXETH15M-26OCT050045-45,0.0190,19.46,yes
2026-10-05T04:39:26.068479Z,KXETH15M-26OCT050045-45,0.0190,2.75,yes
2026-10-05T04:39:26.609919Z,KXETH15M-26OCT050045-45,0.0170,1.01,no
2026-10-05T04:39:26.863006Z,KXETH15M-26OCT050045-45,0.0190,3.00,yes
2026-10-05T04:39:26.863006Z,KXETH15M-26OCT050045-45,0.0190,0.10,yes
2026-10-05T04:39:26.863006Z,KXETH15M-26OCT050045-45,0.0190,100.00,yes
2026-10-05T04:39:26.863006Z,KXETH15M-26OCT050045-45,0.0190,100.00,yes
2026-10-05T04:39:26.863006Z,KXETH15M-26OCT050045-45,0.0190,63.13,yes
2026-10-05T04:39:26.879442Z,KXETH15M-26OCT050045-45,0.0200,0.11,yes
2026-10-05T04:39:26.879442Z,KXETH15M-26OCT050045-45,0.0200,83.51,yes
2026-10-05T04:39:26.894436Z,KXETH15M-26OCT050045-45,0.0210,0.10,yes
2026-10-05T04:39:26.946679Z,KXETH15M-26OCT050045-45,0.0220,0.11,yes
2026-10-05T04:39:26.976748Z,KXETH15M-26OCT050045-45,0.0230,13.00,yes
2026-10-05T04:39:26.976748Z,KXETH15M-26OCT050045-45,0.0230,0.12,yes
2026-10-05T04:39:26.976748Z,KXETH15M-26OCT050045-45,0.0230,1.88,yes
2026-10-05T04:39:26.980024Z,KXETH15M-26OCT050045-45,0.0230,8.00,yes
2026-10-05T04:39:26.983527Z,KXETH15M-26OCT050045-45,0.0230,5.00,yes
2026-10-05T04:39:27.582761Z,KXETH15M-26OCT050045-45,0.0240,1.00,yes
2026-10-05T04:39:28.06616Z,KXETH15M-26OCT050045-45,0.0230,0.51,no
2026-10-05T04:39:28.314719Z,KXETH15M-26OCT050045-45,0.0230,50.00,no
2026-10-05T04:39:29.897546Z,KXETH15M-26OCT050045-45,0.0220,3.88,no
2026-10-05T04:39:30.00516Z,KXETH15M-26OCT050045-45,0.0230,5.12,yes
2026-10-05T04:39:30.00516Z,KXETH15M-26OCT050045-45,0.0230,13.00,yes
2026-10-05T04:39:30.00516Z,KXETH15M-26OCT050045-45,0.0230,22.00,yes
2026-10-05T04:39:30.00516Z,KXETH15M-26OCT050045-45,0.0230,4.78,yes
2026-10-05T04:39:30.00516Z,KXETH15M-26OCT050045-45,0.0230,1.00,yes
2026-10-05T04:39:30.00516Z,KXETH15M-26OCT050045-45,0.0230,0.10,yes
2026-10-05T04:39:30.00516Z,KXETH15M-26OCT050045-45,0.0230,4.00,yes
2026-10-05T04:39:30.544561Z,KXETH15M-26OCT050045-45,0.0240,5.00,yes
2026-10-05T04:39:30.557607Z,KXETH15M-26OCT050045-45,0.0240,3.00,yes
2026-10-05T04:39:31.33825Z,KXETH15M-26OCT050045-45,0.0230,2.10,no
2026-10-05T04:39:31.607801Z,KXETH15M-26OCT050045-45,0.0200,22.00,no
2026-10-05T04:39:31.607801Z,KXETH15M-26OCT050045-45,0.0230,80.90,no
2026-10-05T04:39:31.607801Z,KXETH15M-26OCT050045-45,0.0210,10.00,no
2026-10-05T04:39:31.607801Z,KXETH15M-26OCT050045-45,0.0170,50.00,no
2026-10-05T04:39:31.607801Z,KXETH15M-26OCT050045-45,0.0180,4.00,no
2026-10-05T04:39:31.607801Z,KXETH15M-26OCT050045-45,0.0190,4.00,no
2026-10-05T04:39:31.607801Z,KXETH15M-26OCT050045-45,0.0170,4.00,no
2026-10-05T04:39:31.607801Z,KXETH15M-26OCT050045-45,0.0220,79.12,no
2026-10-05T04:39:31.607801Z,KXETH15M-26OCT050045-45,0.0160,12.00,no
2026-10-05T04:39:31.607801Z,KXETH15M-26OCT050045-45,0.0200,30.00,no
2026-10-05T04:39:31.607801Z,KXETH15M-26OCT050045-45,0.0160,4.04,no
2026-10-05T04:39:31.607801Z,KXETH15M-26OCT050045-45,0.0180,1.01,no
2026-10-05T04:39:31.607801Z,KXETH15M-26OCT050045-45,0.0150,8.09,no
2026-10-05T04:39:31.607801Z,KXETH15M-26OCT050045-45,0.0170,6.99,no
2026-10-05T04:39:31.607801Z,KXETH15M-26OCT050045-45,0.0160,20.00,no
2026-10-05T04:39:31.607801Z,KXETH15M-26OCT050045-45,0.0230,19.00,no
2026-10-05T04:39:31.607801Z,KXETH15M-26OCT050045-45,0.0160,1.00,no
2026-10-05T04:39:31.607801Z,KXETH15M-26OCT050045-45,0.0150,60.00,no
2026-10-05T04:39:31.607801Z,KXETH15M-26OCT050045-45,0.0150,2.00,no
2026-10-05T04:39:31.607801Z,KXETH15M-26OCT050045-45,0.0150,1.00,no
2026-10-05T04:39:31.607801Z,KXETH15M-26OCT050045-45,0.0140,65.00,no
2026-10-05T04:39:31.607801Z,KXETH15M-26OCT050045-45,0.0150,100.00,no
2026-10-05T04:39:31.607801Z,KXETH15M-26OCT050045-45,0.0140,112.24,no
2026-10-05T04:39:31.607801Z,KXETH15M-26OCT050045-45,0.0150,664.36,no
2026-10-05T04:39:31.669864Z,KXETH15M-26OCT050045-45,0.0210,83.00,no
2026-10-05T04:39:31.669864Z,KXETH15M-26OCT050045-45,0.0200,19.24,no
2026-10-05T04:39:31.669864Z,KXETH15M-26OCT050045-45,0.0210,10.00,no
2026-10-05T04:39:32.188383Z,KXETH15M-26OCT050045-45,0.0230,40.69,yes
2026-10-05T04:39:33.031637Z,KXETH15M-26OCT050045-45,0.0230,13.00,yes
2026-10-05T04:39:33.031637Z,KXETH15M-26OCT050045-45,0.0230,59.31,yes
2026-10-05T04:39:33.031637Z,KXETH15M-26OCT050045-45,0.0230,9.08,yes
2026-10-05T04:39:33.376768Z,KXETH15M-26OCT050045-45,0.0230,9.42,yes
2026-10-05T04:39:33.376768Z,KXETH15M-26OCT050045-45,0.0230,10.92,yes
2026-10-05T04:39:34.013158Z,KXETH15M-26OCT050045-45,0.0220,2.75,no
2026-10-05T04:39:34.029471Z,KXETH15M-26OCT050045-45,0.0230,13.00,yes
2026-10-05T04:39:34.029471Z,KXETH15M-26OCT050045-45,0.0230,0.10,yes
2026-10-05T04:39:34.029471Z,KXETH15M-26OCT050045-45,0.0240,15.14,yes
2026-10-05T04:39:35.566314Z,KXETH15M-26OCT050045-45,0.0240,39.00,yes
2026-10-05T04:39:36.292967Z,KXETH15M-26OCT050045-45,0.0230,11.00,yes
2026-10-05T04:39:36.292967Z,KXETH15M-26OCT050045-45,0.0230,22.00,yes
2026-10-05T04:39:36.292967Z,KXETH15M-26OCT050045-45,0.0230,4.00,yes
2026-10-05T04:39:36.292967Z,KXETH15M-26OCT050045-45,0.0230,7.00,yes
2026-10-05T04:39:36.292967Z,KXETH15M-26OCT050045-45,0.0240,144.00,yes
2026-10-05T04:39:37.319886Z,KXETH15M-26OCT050045-45,0.0230,19.00,yes
2026-10-05T04:39:37.319934Z,KXETH15M-26OCT050045-45,0.0230,20.00,yes
2026-10-05T04:39:37.334748Z,KXETH15M-26OCT050045-45,0.0230,6.00,yes
2026-10-05T04:39:37.338253Z,KXETH15M-26OCT050045-45,0.0230,17.00,yes
2026-10-05T04:39:37.346464Z,KXETH15M-26OCT050045-45,0.0230,0.10,yes
2026-10-05T04:39:37.346464Z,KXETH15M-26OCT050045-45,0.0230,1.00,yes
2026-10-05T04:39:37.346464Z,KXETH15M-26OCT050045-45,0.0230,3.00,yes
2026-10-05T04:39:38.361809Z,KXETH15M-26OCT050045-45,0.0230,2.04,yes
2026-10-05T04:39:38.361809Z,KXETH15M-26OCT050045-45,0.0230,12.00,yes
2026-10-05T04:39:39.209681Z,KXETH15M-26OCT050045-45,0.0210,0.10,yes
2026-10-05T04:39:39.209681Z,KXETH15M-26OCT050045-45,0.0220,2.65,yes
2026-10-05T04:39:39.862106Z,KXETH15M-26OCT050045-45,0.0230,0.96,yes
2026-10-05T04:39:39.862106Z,KXETH15M-26OCT050045-45,0.0230,83.00,yes
2026-10-05T04:39:39.862106Z,KXETH15M-26OCT050045-45,0.0230,0.10,yes
2026-10-05T04:39:39.862106Z,KXETH15M-26OCT050045-45,0.0220,1.35,yes
2026-10-05T04:39:39.862106Z,KXETH15M-26OCT050045-45,0.0230,4.00,yes
2026-10-05T04:39:39.862106Z,KXETH15M-26OCT050045-45,0.0220,0.11,yes
2026-10-05T04:39:39.862106Z,KXETH15M-26OCT050045-45,0.0220,9.00,yes
2026-10-05T04:39:39.862106Z,KXETH15M-26OCT050045-45,0.0210,0.10,yes
2026-10-05T04:39:39.862106Z,KXETH15M-26OCT050045-45,0.0220,16.00,yes
2026-10-05T04:39:39.862106Z,KXETH15M-26OCT050045-45,0.0210,2.00,yes
2026-10-05T04:39:39.862106Z,KXETH15M-26OCT050045-45,0.0240,151.76,yes
2026-10-05T04:39:39.862106Z,KXETH15M-26OCT050045-45,0.0230,10.00,yes
2026-10-05T04:39:40.342324Z,KXETH15M-26OCT050045-45,0.0230,7.00,yes
2026-10-05T04:39:40.342324Z,KXETH15M-26OCT050045-45,0.0230,10.00,yes
2026-10-05T04:39:40.342324Z,KXETH15M-26OCT050045-45,0.0230,7.00,yes
2026-10-05T04:39:40.342324Z,KXETH15M-26OCT050045-45,0.0230,1.00,yes
2026-10-05T04:39:40.342324Z,KXETH15M-26OCT050045-45,0.0240,14.47,yes
2026-10-05T04:39:41.219904Z,KXETH15M-26OCT050045-45,0.0210,1.75,yes
2026-10-05T04:39:43.221713Z,KXETH15M-26OCT050045-45,0.0220,83.00,yes
2026-10-05T04:39:43.221713Z,KXETH15M-26OCT050045-45,0.0220,39.30,yes
2026-10-05T04:39:43.312136Z,KXETH15M-26OCT050045-45,0.0210,31.00,no
2026-10-05T04:39:43.424165Z,KXETH15M-26OCT050045-45,0.0210,14.00,yes
2026-10-05T04:39:43.424165Z,KXETH15M-26OCT050045-45,0.0210,1.00,yes
2026-10-05T04:39:43.424165Z,KXETH15M-26OCT050045-45,0.0220,197.71,yes
2026-10-05T04:39:43.870252Z,KXETH15M-26OCT050045-45,0.0200,20.01,yes
2026-10-05T04:39:43.960732Z,KXETH15M-26OCT050045-45,0.0200,427.99,yes
2026-10-05T04:39:43.960732Z,KXETH15M-26OCT050045-45,0.0200,441.62,yes
2026-10-05T04:39:45.13401Z,KXETH15M-26OCT050045-45,0.0190,1.01,no
2026-10-05T04:39:45.13401Z,KXETH15M-26OCT050045-45,0.0200,0.01,no
2026-10-05T04:39:46.248069Z,KXETH15M-26OCT050045-45,0.0210,3.03,no
2026-10-05T04:39:46.943415Z,KXETH15M-26OCT050045-45,0.0210,50.00,no
2026-10-05T04:39:47.179111Z,KXETH15M-26OCT050045-45,0.0220,0.01,yes
2026-10-05T04:39:47.346664Z,KXETH15M-26OCT050045-45,0.0210,29.97,no
2026-10-05T04:39:47.346664Z,KXETH15M-26OCT050045-45,0.0210,10.00,no
2026-10-05T04:39:47.346664Z,KXETH15M-26OCT050045-45,0.0210,53.00,no
2026-10-05T04:39:47.840308Z,KXETH15M-26OCT050045-45,0.0200,0.52,no
2026-10-05T04:39:48.590127Z,KXETH15M-26OCT050045-45,0.0230,0.10,yes
2026-10-05T04:39:48.590127Z,KXETH15M-26OCT050045-45,0.0220,13.00,yes
2026-10-05T04:39:48.590127Z,KXETH15M-26OCT050045-45,0.0230,5.00,yes
2026-10-05T04:39:48.590127Z,KXETH15M-26OCT050045-45,0.0220,1.01,yes
2026-10-05T04:39:48.590127Z,KXETH15M-26OCT050045-45,0.0230,20.00,yes
2026-10-05T04:39:48.590127Z,KXETH15M-26OCT050045-45,0.0220,1.00,yes
2026-10-05T04:39:48.590127Z,KXETH15M-26OCT050045-45,0.0230,68.30,yes
2026-10-05T04:39:50.139756Z,KXETH15M-26OCT050045-45,0.0220,2.78,no
2026-10-05T04:39:50.435922Z,KXETH15M-26OCT050045-45,0.0230,56.17,yes
2026-10-05T04:39:51.41659Z,KXETH15M-26OCT050045-45,0.0150,20.00,no
2026-10-05T04:39:51.41659Z,KXETH15M-26OCT050045-45,0.0190,22.00,no
2026-10-05T04:39:51.41659Z,KXETH15M-26OCT050045-45,0.0150,9.00,no
2026-10-05T04:39:51.41659Z,KXETH15M-26OCT050045-45,0.0160,12.00,no
2026-10-05T04:39:51.41659Z,KXETH15M-26OCT050045-45,0.0190,1.00,no
2026-10-05T04:39:51.41659Z,KXETH15M-26OCT050045-45,0.0150,6.57,no
2026-10-05T04:39:51.41659Z,KXETH15M-26OCT050045-45,0.0150,1.00,no
2026-10-05T04:39:52.145663Z,KXETH15M-26OCT050045-45,0.0180,83.00,yes
2026-10-05T04:39:52.145663Z,KXETH15M-26OCT050045-45,0.0180,8.32,yes
2026-10-05T04:39:52.975315Z,KXETH15M-26OCT050045-45,0.0160,1.00,no
2026-10-05T04:39:52.975315Z,KXETH15M-26OCT050045-45,0.0150,20.00,no
2026-10-05T04:39:52.975315Z,KXETH15M-26OCT050045-45,0.0150,22.00,no
2026-10-05T04:39:52.975315Z,KXETH15M-26OCT050045-45,0.0150,12.00,no
2026-10-05T04:39:53.058174Z,KXETH15M-26OCT050045-45,0.0160,1.00,no
2026-10-05T04:39:53.553214Z,KXETH15M-26OCT050045-45,0.0150,12.00,no
2026-10-05T04:39:53.553214Z,KXETH15M-26OCT050045-45,0.0150,20.00,no
2026-10-05T04:39:53.783569Z,KXETH15M-26OCT050045-45,0.0170,12.00,yes
2026-10-05T04:39:53.783569Z,KXETH15M-26OCT050045-45,0.0200,9.00,yes
2026-10-05T04:39:53.783569Z,KXETH15M-26OCT050045-45,0.0210,4.00,yes
2026-10-05T04:39:53.783569Z,KXETH15M-26OCT050045-45,0.0210,3.97,yes
2026-10-05T04:39:53.783569Z,KXETH15M-26OCT050045-45,0.0200,10.00,yes
2026-10-05T04:39:53.783569Z,KXETH15M-26OCT050045-45,0.0200,4.00,yes
2026-10-05T04:39:53.783569Z,KXETH15M-26OCT050045-45,0.0200,4.00,yes
2026-10-05T04:39:53.783569Z,KXETH15M-26OCT050045-45,0.0180,21.00,yes
2026-10-05T04:39:53.783569Z,KXETH15M-26OCT050045-45,0.0170,41.00,yes
2026-10-05T04:39:53.783569Z,KXETH15M-26OCT050045-45,0.0200,9.00,yes
2026-10-05T04:39:53.783569Z,KXETH15M-26OCT050045-45,0.0190,4.00,yes
2026-10-05T04:39:53.783569Z,KXETH15M-26OCT050045-45,0.0210,5.00,yes
2026-10-05T04:39:53.783569Z,KXETH15M-26OCT050045-45,0.0180,22.00,yes
2026-10-05T04:39:53.859146Z,KXETH15M-26OCT050045-45,0.0160,27.79,no
2026-10-05T04:39:54.398718Z,KXETH15M-26OCT050045-45,0.0150,20.00,no
2026-10-05T04:39:54.398718Z,KXETH15M-26OCT050045-45,0.0150,12.00,no
2026-10-05T04:39:54.398718Z,KXETH15M-26OCT050045-45,0.0150,22.00,no
2026-10-05T04:39:54.592104Z,KXETH15M-26OCT050045-45,0.0180,21.47,yes
2026-10-05T04:39:54.607036Z,KXETH15M-26OCT050045-45,0.0180,3.00,yes
2026-10-05T04:39:54.607036Z,KXETH15M-26OCT050045-45,0.0190,8.81,yes
2026-10-05T04:39:54.607036Z,KXETH15M-26OCT050045-45,0.0180,19.53,yes
2026-10-05T04:39:54.607036Z,KXETH15M-26OCT050045-45,0.0180,8.00,yes
2026-10-05T04:39:54.607036Z,KXETH15M-26OCT050045-45,0.0180,12.00,yes
2026-10-05T04:39:54.699426Z,KXETH15M-26OCT050045-45,0.0150,51.00,no
2026-10-05T04:39:54.699426Z,KXETH15M-26OCT050045-45,0.0150,12.00,no
2026-10-05T04:39:54.867275Z,KXETH15M-26OCT050045-45,0.0180,22.00,yes
2026-10-05T04:39:54.867275Z,KXETH15M-26OCT050045-45,0.0170,18.00,yes
2026-10-05T04:39:54.867275Z,KXETH15M-26OCT050045-45,0.0180,11.00,yes
2026-10-05T04:39:54.867275Z,KXETH15M-26OCT050045-45,0.0180,41.00,yes
2026-10-05T04:39:55.093668Z,KXETH15M-26OCT050045-45,0.0140,17.00,no
2026-10-05T04:39:55.093668Z,KXETH15M-26OCT050045-45,0.0140,7.00,no
2026-10-05T04:39:55.093668Z,KXETH15M-26OCT050045-45,0.0140,20.00,no
2026-10-05T04:39:55.093668Z,KXETH15M-26OCT050045-45,0.0140,100.00,no
2026-10-05T04:39:55.093668Z,KXETH15M-26OCT050045-45,0.0140,83.00,no
2026-10-05T04:39:55.093668Z,KXETH15M-26OCT050045-45,0.0140,22.00,no
2026-10-05T04:39:55.093668Z,KXETH15M-26OCT050045-45,0.0140,12.00,no
2026-10-05T04:39:55.093668Z,KXETH15M-26OCT050045-45,0.0140,60.00,no
2026-10-05T04:39:55.093668Z,KXETH15M-26OCT050045-45,0.0140,1.00,no
2026-10-05T04:39:55.093668Z,KXETH15M-26OCT050045-45,0.0140,237.76,no
2026-10-05T04:39:55.807183Z,KXETH15M-26OCT050045-45,0.0140,12.00,no
2026-10-05T04:39:55.807183Z,KXETH15M-26OCT050045-45,0.0140,20.00,no
2026-10-05T04:39:56.497925Z,KXETH15M-26OCT050045-45,0.0150,10.00,no
2026-10-05T04:39:56.559907Z,KXETH15M-26OCT050045-45,0.0150,41.00,no
2026-10-05T04:39:56.559907Z,KXETH15M-26OCT050045-45,0.0150,4.00,no
2026-10-05T04:39:56.559907Z,KXETH15M-26OCT050045-45,0.0150,4.00,no
2026-10-05T04:39:57.01371Z,KXETH15M-26OCT050045-45,0.0160,183.36,yes
2026-10-05T04:39:57.01371Z,KXETH15M-26OCT050045-45,0.0150,3.00,yes
2026-10-05T04:39:57.01371Z,KXETH15M-26OCT050045-45,0.0150,100.00,yes
2026-10-05T04:39:57.01371Z,KXETH15M-26OCT050045-45,0.0150,6.00,yes
2026-10-05T04:39:57.310053Z,KXETH15M-26OCT050045-45,0.0140,12.00,no
2026-10-05T04:39:57.310053Z,KXETH15M-26OCT050045-45,0.0140,20.00,no
2026-10-05T04:39:57.310053Z,KXETH15M-26OCT050045-45,0.0140,4.00,no
2026-10-05T04:39:57.509341Z,KXETH15M-26OCT050045-45,0.0160,54.40,yes
2026-10-05T04:39:57.509341Z,KXETH15M-26OCT050045-45,0.0160,1.00,yes
2026-10-05T04:39:57.509341Z,KXETH15M-26OCT050045-45,0.0160,19.00,yes
2026-10-05T04:39:58.01293Z,KXETH15M-26OCT050045-45,0.0170,20.00,no
2026-10-05T04:39:58.01293Z,KXETH15M-26OCT050045-45,0.0150,4.00,no
2026-10-05T04:39:58.01293Z,KXETH15M-26OCT050045-45,0.0170,83.00,no
2026-10-05T04:39:58.01293Z,KXETH15M-26OCT050045-45,0.0150,9.00,no
2026-10-05T04:39:58.01293Z,KXETH15M-26OCT050045-45,0.0150,9.00,no
2026-10-05T04:39:58.01293Z,KXETH15M-26OCT050045-45,0.0150,26.00,no
2026-10-05T04:39:58.069339Z,KXETH15M-26OCT050045-45,0.0150,83.00,no
2026-10-05T04:39:58.817447Z,KXETH15M-26OCT050045-45,0.0150,12.00,no
2026-10-05T04:39:58.817447Z,KXETH15M-26OCT050045-45,0.0150,83.00,no
2026-10-05T04:39:59.072008Z,KXETH15M-26OCT050045-45,0.0170,5.19,yes
2026-10-05T04:39:59.093355Z,KXETH15M-26OCT050045-45,0.0140,4.86,no
2026-10-05T04:39:59.24905Z,KXETH15M-26OCT050045-45,0.0190,20.00,yes
2026-10-05T04:39:59.24905Z,KXETH15M-26OCT050045-45,0.0180,22.00,yes
2026-10-05T04:39:59.24905Z,KXETH15M-26OCT050045-45,0.0180,7.00,yes
2026-10-05T04:39:59.24905Z,KXETH15M-26OCT050045-45,0.0170,10.00,yes
2026-10-05T04:39:59.24905Z,KXETH15M-26OCT050045-45,0.0170,2.81,yes
2026-10-05T04:39:59.24905Z,KXETH15M-26OCT050045-45,0.0190,38.26,yes
2026-10-05T04:39:59.564252Z,KXETH15M-26OCT050045-45,0.0140,12.00,no
2026-10-05T04:39:59.564252Z,KXETH15M-26OCT050045-45,0.0140,4.00,no
2026-10-05T04:39:59.564252Z,KXETH15M-26OCT050045-45,0.0140,20.00,no
2026-10-05T04:39:59.564252Z,KXETH15M-26OCT050045-45,0.0140,78.14,no
2026-10-05T04:39:59.821603Z,KXETH15M-26OCT050045-45,0.0160,5.15,no
2026-10-05T04:40:00.073351Z,KXETH15M-26OCT050045-45,0.0150,10.00,no
2026-10-05T04:40:00.104329Z,KXETH15M-26OCT050045-45,0.0180,41.98,yes
2026-10-05T04:40:00.104329Z,KXETH15M-26OCT050045-45,0.0180,9.00,yes
2026-10-05T04:40:00.104329Z,KXETH15M-26OCT050045-45,0.0180,1.00,yes
2026-10-05T04:40:00.305626Z,KXETH15M-26OCT050045-45,0.0150,10.00,no
2026-10-05T04:40:00.305626Z,KXETH15M-26OCT050045-45,0.0190,41.00,no
2026-10-05T04:40:00.305626Z,KXETH15M-26OCT050045-45,0.0150,9.00,no
2026-10-05T04:40:00.305626Z,KXETH15M-26OCT050045-45,0.0160,12.00,no
2026-10-05T04:40:00.305626Z,KXETH15M-26OCT050045-45,0.0140,4.00,no
2026-10-05T04:40:00.305626Z,KXETH15M-26OCT050045-45,0.0150,9.00,no
2026-10-05T04:40:00.305626Z,KXETH15M-26OCT050045-45,0.0180,41.00,no
2026-10-05T04:40:00.305626Z,KXETH15M-26OCT050045-45,0.0140,20.00,no
2026-10-05T04:40:00.643126Z,KXETH15M-26OCT050045-45,0.0160,40.00,no
2026-10-05T04:40:00.93426Z,KXETH15M-26OCT050045-45,0.0200,2.78,yes
2026-10-05T04:40:01.0637Z,KXETH15M-26OCT050045-45,0.0160,40.00,no
2026-10-05T04:40:01.0637Z,KXETH15M-26OCT050045-45,0.0150,22.00,no
2026-10-05T04:40:01.0637Z,KXETH15M-26OCT050045-45,0.0140,12.00,no
2026-10-05T04:40:01.0637Z,KXETH15M-26OCT050045-45,0.0150,41.00,no
2026-10-05T04:40:01.0637Z,KXETH15M-26OCT050045-45,0.0160,1.00,no
2026-10-05T04:40:01.0637Z,KXETH15M-26OCT050045-45,0.0140,20.00,no
2026-10-05T04:40:01.605205Z,KXETH15M-26OCT050045-45,0.0150,1.98,no
2026-10-05T04:40:01.686143Z,KXETH15M-26OCT050045-45,0.0190,3.83,yes
2026-10-05T04:40:01.686143Z,KXETH15M-26OCT050045-45,0.0180,6.00,yes
2026-10-05T04:40:01.686143Z,KXETH15M-26OCT050045-45,0.0180,4.00,yes
2026-10-05T04:40:01.686143Z,KXETH15M-26OCT050045-45,0.0180,19.00,yes
2026-10-05T04:40:01.686143Z,KXETH15M-26OCT050045-45,0.0190,12.00,yes
2026-10-05T04:40:01.686143Z,KXETH15M-26OCT050045-45,0.0180,20.00,yes
2026-10-05T04:40:01.686143Z,KXETH15M-26OCT050045-45,0.0180,12.00,yes
2026-10-05T04:40:01.809054Z,KXETH15M-26OCT050045-45,0.0150,12.00,no
2026-10-05T04:40:01.809054Z,KXETH15M-26OCT050045-45,0.0150,39.02,no
2026-10-05T04:40:01.809054Z,KXETH15M-26OCT050045-45,0.0140,20.00,no
2026-10-05T04:40:01.809054Z,KXETH15M-26OCT050045-45,0.0140,41.00,no
2026-10-05T04:40:02.562364Z,KXETH15M-26OCT050045-45,0.0140,41.00,no
2026-10-05T04:40:02.562364Z,KXETH15M-26OCT050045-45,0.0150,41.00,no
2026-10-05T04:40:02.562364Z,KXETH15M-26OCT050045-45,0.0140,20.00,no
2026-10-05T04:40:02.562364Z,KXETH15M-26OCT050045-45,0.0150,12.00,no
2026-10-05T04:40:03.055612Z,KXETH15M-26OCT050045-45,0.0140,12.00,no
2026-10-05T04:40:03.055612Z,KXETH15M-26OCT050045-45,0.0140,41.00,no
2026-10-05T04:40:03.055612Z,KXETH15M-26OCT050045-45,0.0140,20.00,no
2026-10-05T04:40:03.308896Z,KXETH15M-26OCT050045-45,0.0140,12.00,no
2026-10-05T04:40:03.308896Z,KXETH15M-26OCT050045-45,0.0140,41.00,no
2026-10-05T04:40:03.308896Z,KXETH15M-26OCT050045-45,0.0140,20.00,no
2026-10-05T04:40:03.566703Z,KXETH15M-26OCT050045-45,0.0170,22.00,yes
2026-10-05T04:40:03.566703Z,KXETH15M-26OCT050045-45,0.0160,6.00,yes
2026-10-05T04:40:03.566703Z,KXETH15M-26OCT050045-45,0.0160,12.00,yes
2026-10-05T04:40:03.566703Z,KXETH15M-26OCT050045-45,0.0170,12.00,yes
2026-10-05T04:40:03.566703Z,KXETH15M-26OCT050045-45,0.0190,4.00,yes
2026-10-05T04:40:03.566703Z,KXETH15M-26OCT050045-45,0.0190,20.00,yes
2026-10-05T04:40:03.566703Z,KXETH15M-26OCT050045-45,0.0190,12.00,yes
2026-10-05T04:40:03.718558Z,KXETH15M-26OCT050045-45,0.0180,3.88,yes
2026-10-05T04:40:03.77707Z,KXETH15M-26OCT050045-45,0.0150,10.13,no
2026-10-05T04:40:03.824588Z,KXETH15M-26OCT050045-45,0.0150,1.87,no
2026-10-05T04:40:03.824588Z,KXETH15M-26OCT050045-45,0.0150,4.13,no
2026-10-05T04:40:04.065096Z,KXETH15M-26OCT050045-45,0.0140,41.00,no
2026-10-05T04:40:04.065096Z,KXETH15M-26OCT050045-45,0.0140,22.00,no
2026-10-05T04:40:04.065096Z,KXETH15M-26OCT050045-45,0.0140,20.00,no
2026-10-05T04:40:04.065096Z,KXETH15M-26OCT050045-45,0.0140,12.00,no
2026-10-05T04:40:04.811039Z,KXETH15M-26OCT050045-45,0.0140,20.00,no
2026-10-05T04:40:04.811039Z,KXETH15M-26OCT050045-45,0.0140,12.00,no
2026-10-05T04:40:05.158113Z,KXETH15M-26OCT050045-45,0.0200,16.48,yes
2026-10-05T04:40:05.158113Z,KXETH15M-26OCT050045-45,0.0180,4.00,yes
2026-10-05T04:40:05.158113Z,KXETH15M-26OCT050045-45,0.0160,41.00,yes
2026-10-05T04:40:05.158113Z,KXETH15M-26OCT050045-45,0.0180,4.00,yes
2026-10-05T04:40:05.158113Z,KXETH15M-26OCT050045-45,0.0190,4.00,yes
2026-10-05T04:40:05.158113Z,KXETH15M-26OCT050045-45,0.0150,41.00,yes
2026-10-05T04:40:05.158113Z,KXETH15M-26OCT050045-45,0.0190,12.00,yes
2026-10-05T04:40:05.158113Z,KXETH15M-26OCT050045-45,0.0190,4.00,yes
2026-10-05T04:40:05.158113Z,KXETH15M-26OCT050045-45,0.0160,9.00,yes
2026-10-05T04:40:05.158113Z,KXETH15M-26OCT050045-45,0.0160,10.00,yes
2026-10-05T04:40:05.158113Z,KXETH15M-26OCT050045-45,0.0190,20.00,yes
2026-10-05T04:40:05.158113Z,KXETH15M-26OCT050045-45,0.0150,22.00,yes
2026-10-05T04:40:05.565955Z,KXETH15M-26OCT050045-45,0.0130,12.00,no
2026-10-05T04:40:05.565955Z,KXETH15M-26OCT050045-45,0.0130,20.00,no
2026-10-05T04:40:05.565955Z,KXETH15M-26OCT050045-45,0.0130,60.00,no
2026-10-05T04:40:05.565955Z,KXETH15M-26OCT050045-45,0.0130,1.00,no
2026-10-05T04:40:05.565955Z,KXETH15M-26OCT050045-45,0.0130,50.00,no
2026-10-05T04:40:06.315145Z,KXETH15M-26OCT050045-45,0.0130,20.00,no
2026-10-05T04:40:06.315145Z,KXETH15M-26OCT050045-45,0.0130,12.00,no
2026-10-05T04:40:06.327684Z,KXETH15M-26OCT050045-45,0.0140,41.00,yes
2026-10-05T04:40:06.506889Z,KXETH15M-26OCT050045-45,0.0140,1.01,no
2026-10-05T04:40:07.067871Z,KXETH15M-26OCT050045-45,0.0140,27.99,no
2026-10-05T04:40:07.525168Z,KXETH15M-26OCT050045-45,0.0160,24.00,yes
2026-10-05T04:40:07.525168Z,KXETH15M-26OCT050045-45,0.0160,28.04,yes
2026-10-05T04:40:07.525168Z,KXETH15M-26OCT050045-45,0.0160,10.00,yes
2026-10-05T04:40:07.817901Z,KXETH15M-26OCT050045-45,0.0140,54.00,no
2026-10-05T04:40:08.098708Z,KXETH15M-26OCT050045-45,0.0130,12.00,no
2026-10-05T04:40:08.098708Z,KXETH15M-26OCT050045-45,0.0130,20.00,no
2026-10-05T04:40:08.569691Z,KXETH15M-26OCT050045-45,0.0120,18.00,no
2026-10-05T04:40:08.569691Z,KXETH15M-26OCT050045-45,0.0120,41.00,no
2026-10-05T04:40:08.569691Z,KXETH15M-26OCT050045-45,0.0120,12.00,no
2026-10-05T04:40:08.569691Z,KXETH15M-26OCT050045-45,0.0120,20.00,no
2026-10-05T04:40:08.569691Z,KXETH15M-26OCT050045-45,0.0120,4.00,no
2026-10-05T04:40:08.569691Z,KXETH15M-26OCT050045-45,0.0120,100.00,no
2026-10-05T04:40:08.569691Z,KXETH15M-26OCT050045-45,0.0120,13.00,no
2026-10-05T04:40:08.569691Z,KXETH15M-26OCT050045-45,0.0120,350.00,no
2026-10-05T04:40:08.569691Z,KXETH15M-26OCT050045-45,0.0120,1.00,no
2026-10-05T04:40:09.297688Z,KXETH15M-26OCT050045-45,0.0110,6.00,no
2026-10-05T04:40:09.297688Z,KXETH15M-26OCT050045-45,0.0110,12.00,no
2026-10-05T04:40:09.320981Z,KXETH15M-26OCT050045-45,0.0110,1.35,no
2026-10-05T04:40:09.320981Z,KXETH15M-26OCT050045-45,0.0110,12.00,no
2026-10-05T04:40:09.320981Z,KXETH15M-26OCT050045-45,0.0110,7.00,no
2026-10-05T04:40:09.320981Z,KXETH15M-26OCT050045-45,0.0110,1.00,no
2026-10-05T04:40:09.320981Z,KXETH15M-26OCT050045-45,0.0110,1.00,no
2026-10-05T04:40:09.320981Z,KXETH15M-26OCT050045-45,0.0110,1.00,no
2026-10-05T04:40:09.320981Z,KXETH15M-26OCT050045-45,0.0110,194.00,no
2026-10-05T04:40:09.320981Z,KXETH15M-26OCT050045-45,0.0110,100.00,no
2026-10-05T04:40:09.320981Z,KXETH15M-26OCT050045-45,0.0110,2.00,no
2026-10-05T04:40:09.320981Z,KXETH15M-26OCT050045-45,0.0110,20.00,no
2026-10-05T04:40:09.320981Z,KXETH15M-26OCT050045-45,0.0110,2.00,no
2026-10-05T04:40:09.320981Z,KXETH15M-26OCT050045-45,0.0110,100.00,no
2026-10-05T04:40:09.320981Z,KXETH15M-26OCT050045-45,0.0110,10.00,no
2026-10-05T04:40:09.320981Z,KXETH15M-26OCT050045-45,0.0110,1.00,no
2026-10-05T04:40:09.42933Z,KXETH15M-26OCT050045-45,0.0100,6.00,no
2026-10-05T04:40:09.605213Z,KXETH15M-26OCT050045-45,0.0100,15.59,no
2026-10-05T04:40:09.605213Z,KXETH15M-26OCT050045-45,0.0100,6.00,no
2026-10-05T04:40:09.629014Z,KXETH15M-26OCT050045-45,0.0110,71.95,yes
2026-10-05T04:40:10.071139Z,KXETH15M-26OCT050045-45,0.0100,3.00,no
2026-10-05T04:40:10.071139Z,KXETH15M-26OCT050045-45,0.0100,124.00,no
2026-10-05T04:40:10.071139Z,KXETH15M-26OCT050045-45,0.0090,27.00,no
2026-10-05T04:40:10.071139Z,KXETH15M-26OCT050045-45,0.0080,16.47,no
2026-10-05T04:40:10.071139Z,KXETH15M-26OCT050045-45,0.0090,4.00,no
2026-10-05T04:40:10.071139Z,KXETH15M-26OCT050045-45,0.0080,4.00,no
2026-10-05T04:40:10.071139Z,KXETH15M-26OCT050045-45,0.0080,4.00,no
2026-10-05T04:40:10.071139Z,KXETH15M-26OCT050045-45,0.0100,1.00,no
2026-10-05T04:40:10.071139Z,KXETH15M-26OCT050045-45,0.0100,10.22,no
2026-10-05T04:40:10.071139Z,KXETH15M-26OCT050045-45,0.0100,20.00,no
2026-10-05T04:40:10.071139Z,KXETH15M-26OCT050045-45,0.0100,41.70,no
2026-10-05T04:40:10.071139Z,KXETH15M-26OCT050045-45,0.0100,25.00,no
2026-10-05T04:40:10.071139Z,KXETH15M-26OCT050045-45,0.0100,2.00,no
2026-10-05T04:40:10.071139Z,KXETH15M-26OCT050045-45,0.0100,1.20,no
2026-10-05T04:40:10.071139Z,KXETH15M-26OCT050045-45,0.0080,100.00,no
2026-10-05T04:40:10.071139Z,KXETH15M-26OCT050045-45,0.0090,100.00,no
2026-10-05T04:40:10.071139Z,KXETH15M-26OCT050045-45,0.0100,34.41,no
2026-10-05T04:40:10.071139Z,KXETH15M-26OCT050045-45,0.0100,100.00,no
2026-10-05T04:40:10.071139Z,KXETH15M-26OCT050045-45,0.0100,1.00,no
2026-10-05T04:40:10.071139Z,KXETH15M-26OCT050045-45,0.0100,220.00,no
2026-10-05T04:40:10.071139Z,KXETH15M-26OCT050045-45,0.0100,1.00,no
2026-10-05T04:40:10.071139Z,KXETH15M-26OCT050045-45,0.0090,1.00,no
2026-10-05T04:40:10.071139Z,KXETH15M-26OCT050045-45,0.0080,1.00,no
2026-10-05T04:40:10.071139Z,KXETH15M-26OCT050045-45,0.0100,75.00,no
2026-10-05T04:40:10.071139Z,KXETH15M-26OCT050045-45,0.0100,1.00,no
2026-10-05T04:40:10.231855Z,KXETH15M-26OCT050045-45,0.0130,100.00,yes
2026-10-05T04:40:10.231855Z,KXETH15M-26OCT050045-45,0.0120,12.00,yes
2026-10-05T04:40:10.231855Z,KXETH15M-26OCT050045-45,0.0170,13.00,yes
2026-10-05T04:40:10.231855Z,KXETH15M-26OCT050045-45,0.0170,20.00,yes
2026-10-05T04:40:10.231855Z,KXETH15M-26OCT050045-45,0.0100,100.00,yes
2026-10-05T04:40:10.231855Z,KXETH15M-26OCT050045-45,0.0110,7.00,yes
2026-10-05T04:40:10.231855Z,KXETH15M-26OCT050045-45,0.0140,0.16,yes
2026-10-05T04:40:10.231855Z,KXETH15M-26OCT050045-45,0.0100,100.00,yes
2026-10-05T04:40:10.231855Z,KXETH15M-26OCT050045-45,0.0160,0.19,yes
2026-10-05T04:40:10.231855Z,KXETH15M-26OCT050045-45,0.0160,4.00,yes
2026-10-05T04:40:10.231855Z,KXETH15M-26OCT050045-45,0.0150,9.00,yes
2026-10-05T04:40:10.231855Z,KXETH15M-26OCT050045-45,0.0110,100.00,yes
2026-10-05T04:40:10.231855Z,KXETH15M-26OCT050045-45,0.0150,1.01,yes
2026-10-05T04:40:10.231855Z,KXETH15M-26OCT050045-45,0.0170,31.63,yes
2026-10-05T04:40:10.231855Z,KXETH15M-26OCT050045-45,0.0120,41.00,yes
2026-10-05T04:40:10.231855Z,KXETH15M-26OCT050045-45,0.0120,0.13,yes
2026-10-05T04:40:10.231855Z,KXETH15M-26OCT050045-45,0.0150,0.17,yes
2026-10-05T04:40:10.231855Z,KXETH15M-26OCT050045-45,0.0110,0.12,yes
2026-10-05T04:40:10.231855Z,KXETH15M-26OCT050045-45,0.0130,0.15,yes
2026-10-05T04:40:10.231855Z,KXETH15M-26OCT050045-45,0.0110,13.00,yes
2026-10-05T04:40:10.231855Z,KXETH15M-26OCT050045-45,0.0110,28.05,yes
2026-10-05T04:40:10.231855Z,KXETH15M-26OCT050045-45,0.0150,9.00,yes
2026-10-05T04:40:10.812619Z,KXETH15M-26OCT050045-45,0.0090,20.00,no
2026-10-05T04:40:10.812619Z,KXETH15M-26OCT050045-45,0.0080,20.00,no
2026-10-05T04:40:10.812619Z,KXETH15M-26OCT050045-45,0.0090,84.00,no
2026-10-05T04:40:10.812619Z,KXETH15M-26OCT050045-45,0.0060,4.00,no
2026-10-05T04:40:10.812619Z,KXETH15M-26OCT050045-45,0.0080,41.00,no
2026-10-05T04:40:10.812619Z,KXETH15M-26OCT050045-45,0.0080,4.00,no
2026-10-05T04:40:10.812619Z,KXETH15M-26OCT050045-45,0.0060,22.00,no
2026-10-05T04:40:10.812619Z,KXETH15M-26OCT050045-45,0.0090,41.00,no
2026-10-05T04:40:10.812619Z,KXETH15M-26OCT050045-45,0.0060,4.00,no
2026-10-05T04:40:10.812619Z,KXETH15M-26OCT050045-45,0.0070,4.00,no
2026-10-05T04:40:10.812619Z,KXETH15M-26OCT050045-45,0.0070,4.00,no
2026-10-05T04:40:10.812619Z,KXETH15M-26OCT050045-45,0.0090,13.00,no
2026-10-05T04:40:10.812619Z,KXETH15M-26OCT050045-45,0.0060,100.00,no
2026-10-05T04:40:10.812619Z,KXETH15M-26OCT050045-45,0.0070,100.00,no
2026-10-05T04:40:10.812619Z,KXETH15M-26OCT050045-45,0.0050,31.59,no
2026-10-05T04:40:10.812619Z,KXETH15M-26OCT050045-45,0.0060,1.00,no
2026-10-05T04:40:10.812619Z,KXETH15M-26OCT050045-45,0.0070,1.00,no
2026-10-05T04:40:10.940819Z,KXETH15M-26OCT050045-45,0.0090,100.00,yes
2026-10-05T04:40:10.940819Z,KXETH15M-26OCT050045-45,0.0110,42.92,yes
2026-10-05T04:40:10.940819Z,KXETH15M-26OCT050045-45,0.0100,0.14,yes
2026-10-05T04:40:10.940819Z,KXETH15M-26OCT050045-45,0.0090,100.00,yes
2026-10-05T04:40:10.940819Z,KXETH15M-26OCT050045-45,0.0090,18.00,yes
2026-10-05T04:40:11.548573Z,KXETH15M-26OCT050045-45,0.0080,7.00,no
2026-10-05T04:40:11.987648Z,KXETH15M-26OCT050045-45,0.0070,3.83,no
2026-10-05T04:40:12.220762Z,KXETH15M-26OCT050045-45,0.0090,25.97,yes
2026-10-05T04:40:14.80978Z,KXETH15M-26OCT050045-45,0.0100,9.00,yes
2026-10-05T04:40:14.80978Z,KXETH15M-26OCT050045-45,0.0080,16.00,yes
2026-10-05T04:40:14.80978Z,KXETH15M-26OCT050045-45,0.0100,9.00,yes
2026-10-05T04:40:14.80978Z,KXETH15M-26OCT050045-45,0.0080,87.00,yes
2026-10-05T04:40:14.80978Z,KXETH15M-26OCT050045-45,0.0110,26.17,yes
2026-10-05T04:40:14.80978Z,KXETH15M-26OCT050045-45,0.0100,100.00,yes
2026-10-05T04:40:14.80978Z,KXETH15M-26OCT050045-45,0.0090,5.03,yes
2026-10-05T04:40:15.044851Z,KXETH15M-26OCT050045-45,0.0070,2.01,no
2026-10-05T04:40:16.184523Z,KXETH15M-26OCT050045-45,0.0070,1.00,no
2026-10-05T04:40:16.184523Z,KXETH15M-26OCT050045-45,0.0070,13.00,no
2026-10-05T04:40:16.193009Z,KXETH15M-26OCT050045-45,0.0070,13.00,no
2026-10-05T04:40:16.685947Z,KXETH15M-26OCT050045-45,0.0070,23.44,yes
2026-10-05T04:40:17.65072Z,KXETH15M-26OCT050045-45,0.0070,17.56,yes
2026-10-05T04:40:17.65072Z,KXETH15M-26OCT050045-45,0.0070,238.90,yes
2026-10-05T04:40:17.667515Z,KXETH15M-26OCT050045-45,0.0070,87.21,yes
2026-10-05T04:40:18.236539Z,KXETH15M-26OCT050045-45,0.0080,0.20,yes
2026-10-05T04:40:18.8169Z,KXETH15M-26OCT050045-45,0.0080,19.00,yes
2026-10-05T04:40:18.8169Z,KXETH15M-26OCT050045-45,0.0080,35.00,yes
2026-10-05T04:40:18.8169Z,KXETH15M-26OCT050045-45,0.0100,4.00,yes
2026-10-05T04:40:18.8169Z,KXETH15M-26OCT050045-45,0.0080,40.80,yes
2026-10-05T04:40:18.8169Z,KXETH15M-26OCT050045-45,0.0100,8.83,yes
2026-10-05T04:40:18.8169Z,KXETH15M-26OCT050045-45,0.0100,4.00,yes
2026-10-05T04:40:19.339093Z,KXETH15M-26OCT050045-45,0.0070,4.03,no
2026-10-05T04:40:19.339093Z,KXETH15M-26OCT050045-45,0.0070,1.00,no
2026-10-05T04:40:20.375613Z,KXETH15M-26OCT050045-45,0.0090,19.00,yes
2026-10-05T04:40:20.375613Z,KXETH15M-26OCT050045-45,0.0090,41.00,yes
2026-10-05T04:40:20.375613Z,KXETH15M-26OCT050045-45,0.0090,34.00,yes
2026-10-05T04:40:20.375613Z,KXETH15M-26OCT050045-45,0.0100,1.17,yes
2026-10-05T04:40:20.375613Z,KXETH15M-26OCT050045-45,0.0100,7.24,yes
2026-10-05T04:40:20.663135Z,KXETH15M-26OCT050045-45,0.0110,5.91,yes
2026-10-05T04:40:20.663135Z,KXETH15M-26OCT050045-45,0.0110,8.00,yes
2026-10-05T04:40:20.663135Z,KXETH15M-26OCT050045-45,0.0120,8.00,yes
2026-10-05T04:40:20.663135Z,KXETH15M-26OCT050045-45,0.0100,41.00,yes
2026-10-05T04:40:20.663135Z,KXETH15M-26OCT050045-45,0.0090,15.00,yes
2026-10-05T04:40:20.663135Z,KXETH15M-26OCT050045-45,0.0090,12.00,yes
2026-10-05T04:40:20.663135Z,KXETH15M-26OCT050045-45,0.0130,15.68,yes
2026-10-05T04:40:20.663135Z,KXETH15M-26OCT050045-45,0.0110,41.00,yes
2026-10-05T04:40:20.663135Z,KXETH15M-26OCT050045-45,0.0130,20.00,yes
2026-10-05T04:40:20.663135Z,KXETH15M-26OCT050045-45,0.0130,15.00,yes
2026-10-05T04:40:20.663135Z,KXETH15M-26OCT050045-45,0.0100,2.76,yes
2026-10-05T04:40:20.663135Z,KXETH15M-26OCT050045-45,0.0120,4.00,yes
2026-10-05T04:40:20.663135Z,KXETH15M-26OCT050045-45,0.0110,4.00,yes
2026-10-05T04:40:20.663135Z,KXETH15M-26OCT050045-45,0.0110,4.00,yes
2026-10-05T04:40:20.663135Z,KXETH15M-26OCT050045-45,0.0120,4.00,yes
2026-10-05T04:40:21.055904Z,KXETH15M-26OCT050045-45,0.0100,14.00,yes
2026-10-05T04:40:21.055904Z,KXETH15M-26OCT050045-45,0.0100,20.00,yes
2026-10-05T04:40:21.055904Z,KXETH15M-26OCT050045-45,0.0110,16.12,yes
2026-10-05T04:40:21.055904Z,KXETH15M-26OCT050045-45,0.0100,41.00,yes
2026-10-05T04:40:21.110883Z,KXETH15M-26OCT050045-45,0.0100,2.01,yes
2026-10-05T04:40:23.469231Z,KXETH15M-26OCT050045-45,0.0100,9.35,yes
2026-10-05T04:40:24.286962Z,KXETH15M-26OCT050045-45,0.0090,21.47,no
2026-10-05T04:40:24.423474Z,KXETH15M-26OCT050045-45,0.0100,10.65,yes
2026-10-05T04:40:24.423474Z,KXETH15M-26OCT050045-45,0.0100,15.60,yes
2026-10-05T04:40:26.559633Z,KXETH15M-26OCT050045-45,0.0100,13.00,yes
2026-10-05T04:40:26.559633Z,KXETH15M-26OCT050045-45,0.0100,20.00,yes
2026-10-05T04:40:26.875557Z,KXETH15M-26OCT050045-45,0.0100,1.00,no
2026-10-05T04:40:28.167894Z,KXETH15M-26OCT050045-45,0.0110,31.00,no
2026-10-05T04:40:29.329116Z,KXETH15M-26OCT050045-45,0.0110,22.00,yes
2026-10-05T04:40:29.329116Z,KXETH15M-26OCT050045-45,0.0120,16.65,yes
2026-10-05T04:40:29.329116Z,KXETH15M-26OCT050045-45,0.0110,9.00,yes
2026-10-05T04:40:29.329116Z,KXETH15M-26OCT050045-45,0.0110,16.00,yes
2026-10-05T04:40:29.854031Z,KXETH15M-26OCT050045-45,0.0160,0.16,yes
2026-10-05T04:40:29.854031Z,KXETH15M-26OCT050045-45,0.0150,1.01,yes
2026-10-05T04:40:29.854031Z,KXETH15M-26OCT050045-45,0.0190,4.04,yes
2026-10-05T04:40:29.854031Z,KXETH15M-26OCT050045-45,0.0170,4.04,yes
2026-10-05T04:40:29.854031Z,KXETH15M-26OCT050045-45,0.0150,0.14,yes
2026-10-05T04:40:29.854031Z,KXETH15M-26OCT050045-45,0.0170,0.25,yes
2026-10-05T04:40:29.854031Z,KXETH15M-26OCT050045-45,0.0180,0.27,yes
2026-10-05T04:40:29.854031Z,KXETH15M-26OCT050045-45,0.0190,0.33,yes
2026-10-05T04:40:29.854031Z,KXETH15M-26OCT050045-45,0.0190,1.00,yes
2026-10-05T04:40:29.854031Z,KXETH15M-26OCT050045-45,0.0140,350.00,yes
2026-10-05T04:40:29.854031Z,KXETH15M-26OCT050045-45,0.0120,11.00,yes
2026-10-05T04:40:29.854031Z,KXETH15M-26OCT050045-45,0.0130,15.00,yes
2026-10-05T04:40:29.854031Z,KXETH15M-26OCT050045-45,0.0160,4.00,yes
2026-10-05T04:40:29.854031Z,KXETH15M-26OCT050045-45,0.0190,6.45,yes
2026-10-05T04:40:29.854031Z,KXETH15M-26OCT050045-45,0.0130,20.00,yes
2026-10-05T04:40:29.854031Z,KXETH15M-26OCT050045-45,0.0150,4.00,yes
2026-10-05T04:40:29.854031Z,KXETH15M-26OCT050045-45,0.0120,3.35,yes
2026-10-05T04:40:29.854031Z,KXETH15M-26OCT050045-45,0.0120,20.00,yes
2026-10-05T04:40:29.854031Z,KXETH15M-26OCT050045-45,0.0160,4.00,yes
2026-10-05T04:40:29.854031Z,KXETH15M-26OCT050045-45,0.0150,4.00,yes
2026-10-05T04:40:29.854031Z,KXETH15M-26OCT050045-45,0.0130,22.00,yes
2026-10-05T04:40:29.854031Z,KXETH15M-26OCT050045-45,0.0150,9.00,yes
2026-10-05T04:40:29.854031Z,KXETH15M-26OCT050045-45,0.0170,50.00,yes
2026-10-05T04:40:29.854031Z,KXETH15M-26OCT050045-45,0.0120,17.00,yes
2026-10-05T04:40:29.854031Z,KXETH15M-26OCT050045-45,0.0110,26.00,yes
2026-10-05T04:40:29.854031Z,KXETH15M-26OCT050045-45,0.0150,9.00,yes
2026-10-05T04:40:29.854031Z,KXETH15M-26OCT050045-45,0.0140,4.00,yes
2026-10-05T04:40:29.854031Z,KXETH15M-26OCT050045-45,0.0140,4.00,yes
2026-10-05T04:40:30.176156Z,KXETH15M-26OCT050045-45,0.0120,11.95,yes
2026-10-05T04:40:31.007258Z,KXETH15M-26OCT050045-45,0.0090,8.75,no
2026-10-05T04:40:31.750856Z,KXETH15M-26OCT050045-45,0.0170,1.01,yes
2026-10-05T04:40:31.750856Z,KXETH15M-26OCT050045-45,0.0160,22.00,yes
2026-10-05T04:40:31.750856Z,KXETH15M-26OCT050045-45,0.0150,9.00,yes
2026-10-05T04:40:31.750856Z,KXETH15M-26OCT050045-45,0.0160,50.00,yes
2026-10-05T04:40:31.750856Z,KXETH15M-26OCT050045-45,0.0190,4.04,yes
2026-10-05T04:40:31.750856Z,KXETH15M-26OCT050045-45,0.0160,4.00,yes
2026-10-05T04:40:31.750856Z,KXETH15M-26OCT050045-45,0.0160,4.00,yes
2026-10-05T04:40:31.750856Z,KXETH15M-26OCT050045-45,0.0180,50.00,yes
2026-10-05T04:40:31.750856Z,KXETH15M-26OCT050045-45,0.0190,0.23,yes
2026-10-05T04:40:31.750856Z,KXETH15M-26OCT050045-45,0.0150,20.00,yes
2026-10-05T04:40:31.750856Z,KXETH15M-26OCT050045-45,0.0120,12.00,yes
2026-10-05T04:40:31.750856Z,KXETH15M-26OCT050045-45,0.0170,0.19,yes
2026-10-05T04:40:31.750856Z,KXETH15M-26OCT050045-45,0.0180,0.21,yes
2026-10-05T04:40:31.750856Z,KXETH15M-26OCT050045-45,0.0120,18.00,yes
2026-10-05T04:40:31.750856Z,KXETH15M-26OCT050045-45,0.0170,4.00,yes
2026-10-05T04:40:31.750856Z,KXETH15M-26OCT050045-45,0.0170,4.00,yes
2026-10-05T04:40:31.750856Z,KXETH15M-26OCT050045-45,0.0130,20.00,yes
2026-10-05T04:40:31.750856Z,KXETH15M-26OCT050045-45,0.0180,4.00,yes
2026-10-05T04:40:31.750856Z,KXETH15M-26OCT050045-45,0.0140,15.00,yes
2026-10-05T04:40:31.750856Z,KXETH15M-26OCT050045-45,0.0120,8.05,yes
2026-10-05T04:40:31.750856Z,KXETH15M-26OCT050045-45,0.0150,9.00,yes
2026-10-05T04:40:31.750856Z,KXETH15M-26OCT050045-45,0.0180,4.00,yes
2026-10-05T04:40:31.750856Z,KXETH15M-26OCT050045-45,0.0200,29.20,yes
2026-10-05T04:40:32.0218Z,KXETH15M-26OCT050045-45,0.0130,25.00,yes
2026-10-05T04:40:32.0218Z,KXETH15M-26OCT050045-45,0.0130,20.00,yes
2026-10-05T04:40:32.0218Z,KXETH15M-26OCT050045-45,0.0120,20.00,yes
2026-10-05T04:40:32.0218Z,KXETH15M-26OCT050045-45,0.0130,8.05,yes
2026-10-05T04:40:32.640373Z,KXETH15M-26OCT050045-45,0.0130,11.18,yes
2026-10-05T04:40:32.640373Z,KXETH15M-26OCT050045-45,0.0130,20.00,yes
2026-10-05T04:40:32.640373Z,KXETH15M-26OCT050045-45,0.0120,20.00,yes
2026-10-05T04:40:32.640373Z,KXETH15M-26OCT050045-45,0.0130,12.00,yes
2026-10-05T04:40:33.298085Z,KXETH15M-26OCT050045-45,0.0120,19.10,yes
2026-10-05T04:40:33.931761Z,KXETH15M-26OCT050045-45,0.0120,0.90,yes
2026-10-05T04:40:33.931761Z,KXETH15M-26OCT050045-45,0.0120,6.89,yes
2026-10-05T04:40:34.430394Z,KXETH15M-26OCT050045-45,0.0110,69.00,no
2026-10-05T04:40:34.430394Z,KXETH15M-26OCT050045-45,0.0100,4.00,no
2026-10-05T04:40:34.430394Z,KXETH15M-26OCT050045-45,0.0090,4.00,no
2026-10-05T04:40:34.430394Z,KXETH15M-26OCT050045-45,0.0080,4.00,no
2026-10-05T04:40:34.430394Z,KXETH15M-26OCT050045-45,0.0090,4.00,no
2026-10-05T04:40:34.430394Z,KXETH15M-26OCT050045-45,0.0110,22.00,no
2026-10-05T04:40:34.430394Z,KXETH15M-26OCT050045-45,0.0080,4.00,no
2026-10-05T04:40:34.430394Z,KXETH15M-26OCT050045-45,0.0100,4.00,no
2026-10-05T04:40:34.430394Z,KXETH15M-26OCT050045-45,0.0090,13.00,no
2026-10-05T04:40:34.430394Z,KXETH15M-26OCT050045-45,0.0080,30.00,no
2026-10-05T04:40:34.430394Z,KXETH15M-26OCT050045-45,0.0080,41.00,no
2026-10-05T04:40:34.430394Z,KXETH15M-26OCT050045-45,0.0080,18.00,no
2026-10-05T04:40:34.430394Z,KXETH15M-26OCT050045-45,0.0070,284.20,no
2026-10-05T04:40:35.124963Z,KXETH15M-26OCT050045-45,0.0120,4.55,yes
2026-10-05T04:40:35.124963Z,KXETH15M-26OCT050045-45,0.0100,9.00,yes
2026-10-05T04:40:35.855872Z,KXETH15M-26OCT050045-45,0.0110,21.00,yes
2026-10-05T04:40:36.031182Z,KXETH15M-26OCT050045-45,0.0130,19.00,yes
2026-10-05T04:40:36.37875Z,KXETH15M-26OCT050045-45,0.0130,8.00,no
2026-10-05T04:40:36.923595Z,KXETH15M-26OCT050045-45,0.0130,23.00,yes
2026-10-05T04:40:36.930491Z,KXETH15M-26OCT050045-45,0.0140,20.00,yes
2026-10-05T04:40:37.714889Z,KXETH15M-26OCT050045-45,0.0130,10.10,no
2026-10-05T04:40:38.054315Z,KXETH15M-26OCT050045-45,0.0130,0.91,no
2026-10-05T04:40:38.123464Z,KXETH15M-26OCT050045-45,0.0130,14.00,no
2026-10-05T04:40:38.164146Z,KXETH15M-26OCT050045-45,0.0130,4.00,no
2026-10-05T04:40:38.456286Z,KXETH15M-26OCT050045-45,0.0160,25.00,yes
2026-10-05T04:40:38.456286Z,KXETH15M-26OCT050045-45,0.0150,20.00,yes
2026-10-05T04:40:38.456286Z,KXETH15M-26OCT050045-45,0.0160,20.00,yes
2026-10-05T04:40:38.456286Z,KXETH15M-26OCT050045-45,0.0170,1.00,yes
2026-10-05T04:40:38.456286Z,KXETH15M-26OCT050045-45,0.0170,5.00,yes
2026-10-05T04:40:38.63256Z,KXETH15M-26OCT050045-45,0.0160,2.00,no
2026-10-05T04:40:39.546838Z,KXETH15M-26OCT050045-45,0.0170,50.00,yes
2026-10-05T04:40:39.546838Z,KXETH15M-26OCT050045-45,0.0170,3.93,yes
2026-10-05T04:40:40.558782Z,KXETH15M-26OCT050045-45,0.0170,16.07,yes
2026-10-05T04:40:40.558782Z,KXETH15M-26OCT050045-45,0.0170,20.93,yes
2026-10-05T04:40:41.944277Z,KXETH15M-26OCT050045-45,0.0140,1.01,no
2026-10-05T04:40:42.288885Z,KXETH15M-26OCT050045-45,0.0170,20.00,yes
2026-10-05T04:40:42.288885Z,KXETH15M-26OCT050045-45,0.0190,5.28,yes
2026-10-05T04:40:42.288885Z,KXETH15M-26OCT050045-45,0.0190,20.00,yes
2026-10-05T04:40:42.288885Z,KXETH15M-26OCT050045-45,0.0170,10.07,yes
2026-10-05T04:40:42.288885Z,KXETH15M-26OCT050045-45,0.0180,20.00,yes
2026-10-05T04:40:42.288885Z,KXETH15M-26OCT050045-45,0.0170,3.00,yes
2026-10-05T04:40:42.288885Z,KXETH15M-26OCT050045-45,0.0190,4.00,yes
2026-10-05T04:40:42.288885Z,KXETH15M-26OCT050045-45,0.0190,4.00,yes
2026-10-05T04:40:42.288885Z,KXETH15M-26OCT050045-45,0.0170,7.00,yes
2026-10-05T04:40:42.288885Z,KXETH15M-26OCT050045-45,0.0190,0.21,yes
2026-10-05T04:40:42.288885Z,KXETH15M-26OCT050045-45,0.0170,11.00,yes
2026-10-05T04:40:42.288885Z,KXETH15M-26OCT050045-45,0.0180,0.19,yes
2026-10-05T04:40:42.486721Z,KXETH15M-26OCT050045-45,0.0140,29.38,no
2026-10-05T04:40:42.650188Z,KXETH15M-26OCT050045-45,0.0140,10.78,no
2026-10-05T04:40:42.651028Z,KXETH15M-26OCT050045-45,0.0140,20.22,no
2026-10-05T04:40:42.651028Z,KXETH15M-26OCT050045-45,0.0120,41.00,no
2026-10-05T04:40:42.651028Z,KXETH15M-26OCT050045-45,0.0110,1.84,no
2026-10-05T04:40:42.651028Z,KXETH15M-26OCT050045-45,0.0120,17.00,no
2026-10-05T04:40:42.704174Z,KXETH15M-26OCT050045-45,0.0100,70.47,no
2026-10-05T04:40:42.704174Z,KXETH15M-26OCT050045-45,0.0130,22.00,no
2026-10-05T04:40:42.704174Z,KXETH15M-26OCT050045-45,0.0110,41.00,no
2026-10-05T04:40:42.704174Z,KXETH15M-26OCT050045-45,0.0120,41.00,no
2026-10-05T04:40:42.704174Z,KXETH15M-26OCT050045-45,0.0130,12.00,no
2026-10-05T04:40:42.704174Z,KXETH15M-26OCT050045-45,0.0100,4.00,no
2026-10-05T04:40:42.704174Z,KXETH15M-26OCT050045-45,0.0100,4.00,no
2026-10-05T04:40:42.704174Z,KXETH15M-26OCT050045-45,0.0110,20.00,no
2026-10-05T04:40:42.704174Z,KXETH15M-26OCT050045-45,0.0100,9.00,no
2026-10-05T04:40:42.784077Z,KXETH15M-26OCT050045-45,0.0140,54.00,no
2026-10-05T04:40:42.784077Z,KXETH15M-26OCT050045-45,0.0120,41.00,no
2026-10-05T04:40:42.784077Z,KXETH15M-26OCT050045-45,0.0110,22.12,no
2026-10-05T04:40:43.603947Z,KXETH15M-26OCT050045-45,0.0130,6.00,yes
2026-10-05T04:40:43.922276Z,KXETH15M-26OCT050045-45,0.0130,12.00,yes
2026-10-05T04:40:43.922276Z,KXETH15M-26OCT050045-45,0.0130,6.06,yes
2026-10-05T04:40:44.112425Z,KXETH15M-26OCT050045-45,0.0150,22.00,yes
2026-10-05T04:40:44.112425Z,KXETH15M-26OCT050045-45,0.0140,22.00,yes
2026-10-05T04:40:44.112425Z,KXETH15M-26OCT050045-45,0.0190,20.00,yes
2026-10-05T04:40:44.112425Z,KXETH15M-26OCT050045-45,0.0140,23.00,yes
2026-10-05T04:40:44.112425Z,KXETH15M-26OCT050045-45,0.0140,3.00,yes
2026-10-05T04:40:44.112425Z,KXETH15M-26OCT050045-45,0.0160,20.00,yes
2026-10-05T04:40:44.112425Z,KXETH15M-26OCT050045-45,0.0150,20.00,yes
2026-10-05T04:40:44.112425Z,KXETH15M-26OCT050045-45,0.0190,4.00,yes
2026-10-05T04:40:44.112425Z,KXETH15M-26OCT050045-45,0.0160,14.00,yes
2026-10-05T04:40:44.112425Z,KXETH15M-26OCT050045-45,0.0190,4.00,yes
2026-10-05T04:40:44.112425Z,KXETH15M-26OCT050045-45,0.0180,0.19,yes
2026-10-05T04:40:44.112425Z,KXETH15M-26OCT050045-45,0.0160,14.00,yes
2026-10-05T04:40:44.112425Z,KXETH15M-26OCT050045-45,0.0190,0.21,yes
2026-10-05T04:40:44.112425Z,KXETH15M-26OCT050045-45,0.0180,4.00,yes
2026-10-05T04:40:44.112425Z,KXETH15M-26OCT050045-45,0.0170,4.00,yes
2026-10-05T04:40:44.112425Z,KXETH15M-26OCT050045-45,0.0180,4.00,yes
2026-10-05T04:40:44.112425Z,KXETH15M-26OCT050045-45,0.0160,70.47,yes
2026-10-05T04:40:44.112425Z,KXETH15M-26OCT050045-45,0.0200,7.08,yes
2026-10-05T04:40:45.45355Z,KXETH15M-26OCT050045-45,0.0170,45.00,no
2026-10-05T04:40:45.45355Z,KXETH15M-26OCT050045-45,0.0170,41.00,no
2026-10-05T04:40:45.45355Z,KXETH15M-26OCT050045-45,0.0170,17.00,no
2026-10-05T04:40:46.311623Z,KXETH15M-26OCT050045-45,0.0170,41.00,no
2026-10-05T04:40:46.311623Z,KXETH15M-26OCT050045-45,0.0160,9.23,no
2026-10-05T04:40:48.025522Z,KXETH15M-26OCT050045-45,0.0180,0.19,yes
2026-10-05T04:40:48.4272Z,KXETH15M-26OCT050045-45,0.0200,13.86,yes
2026-10-05T04:40:48.4272Z,KXETH15M-26OCT050045-45,0.0190,1.00,yes
2026-10-05T04:40:48.4272Z,KXETH15M-26OCT050045-45,0.0190,12.00,yes
2026-10-05T04:40:48.4272Z,KXETH15M-26OCT050045-45,0.0190,20.00,yes
2026-10-05T04:40:48.4272Z,KXETH15M-26OCT050045-45,0.0190,0.21,yes
2026-10-05T04:40:48.654131Z,KXETH15M-26OCT050045-45,0.0210,0.25,yes
2026-10-05T04:40:48.654131Z,KXETH15M-26OCT050045-45,0.0200,0.23,yes
2026-10-05T04:40:48.654131Z,KXETH15M-26OCT050045-45,0.0200,30.60,yes
2026-10-05T04:40:48.654131Z,KXETH15M-26OCT050045-45,0.0210,19.58,yes
2026-10-05T04:40:48.654131Z,KXETH15M-26OCT050045-45,0.0210,1.00,yes
2026-10-05T04:40:48.654131Z,KXETH15M-26OCT050045-45,0.0200,15.00,yes
2026-10-05T04:40:48.654131Z,KXETH15M-26OCT050045-45,0.0200,13.00,yes
2026-10-05T04:40:48.654131Z,KXETH15M-26OCT050045-45,0.0200,13.00,yes
2026-10-05T04:40:48.724948Z,KXETH15M-26OCT050045-45,0.0200,30.00,no
2026-10-05T04:40:48.729157Z,KXETH15M-26OCT050045-45,0.0200,8.00,no
2026-10-05T04:40:49.171858Z,KXETH15M-26OCT050045-45,0.0180,20.78,no
2026-10-05T04:40:49.171858Z,KXETH15M-26OCT050045-45,0.0180,41.00,no
2026-10-05T04:40:49.644063Z,KXETH15M-26OCT050045-45,0.0180,9.11,no
2026-10-05T04:40:51.26045Z,KXETH15M-26OCT050045-45,0.0180,10.00,no
2026-10-05T04:40:51.26045Z,KXETH15M-26OCT050045-45,0.0180,41.00,no
2026-10-05T04:40:52.798466Z,KXETH15M-26OCT050045-45,0.0110,20.00,no
2026-10-05T04:40:52.798492Z,KXETH15M-26OCT050045-45,0.0110,18.00,no
2026-10-05T04:40:52.798492Z,KXETH15M-26OCT050045-45,0.0110,1.00,no
2026-10-05T04:40:53.441461Z,KXETH15M-26OCT050045-45,0.0130,1.10,yes
2026-10-05T04:40:54.664145Z,KXETH15M-26OCT050045-45,0.0130,16.00,yes
2026-10-05T04:40:54.664145Z,KXETH15M-26OCT050045-45,0.0130,15.00,yes
2026-10-05T04:40:54.664145Z,KXETH15M-26OCT050045-45,0.0130,39.90,yes
2026-10-05T04:40:55.278626Z,KXETH15M-26OCT050045-45,0.0190,1.00,yes
2026-10-05T04:40:55.278626Z,KXETH15M-26OCT050045-45,0.0170,4.00,yes
2026-10-05T04:40:55.278626Z,KXETH15M-26OCT050045-45,0.0200,1.00,yes
2026-10-05T04:40:55.278626Z,KXETH15M-26OCT050045-45,0.0200,0.21,yes
2026-10-05T04:40:55.278626Z,KXETH15M-26OCT050045-45,0.0190,0.19,yes
2026-10-05T04:40:55.278626Z,KXETH15M-26OCT050045-45,0.0200,1.01,yes
2026-10-05T04:40:55.278626Z,KXETH15M-26OCT050045-45,0.0200,9.00,yes
2026-10-05T04:40:55.278626Z,KXETH15M-26OCT050045-45,0.0150,1.00,yes
2026-10-05T04:40:55.278626Z,KXETH15M-26OCT050045-45,0.0200,4.00,yes
2026-10-05T04:40:55.278626Z,KXETH15M-26OCT050045-45,0.0190,4.00,yes
2026-10-05T04:40:55.278626Z,KXETH15M-26OCT050045-45,0.0180,4.00,yes
2026-10-05T04:40:55.278626Z,KXETH15M-26OCT050045-45,0.0200,9.00,yes
2026-10-05T04:40:55.278626Z,KXETH15M-26OCT050045-45,0.0200,30.00,yes
2026-10-05T04:40:55.278626Z,KXETH15M-26OCT050045-45,0.0190,4.00,yes
2026-10-05T04:40:55.278626Z,KXETH15M-26OCT050045-45,0.0140,41.00,yes
2026-10-05T04:40:55.278626Z,KXETH15M-26OCT050045-45,0.0130,41.00,yes
2026-10-05T04:40:55.278626Z,KXETH15M-26OCT050045-45,0.0140,18.00,yes
2026-10-05T04:40:55.278626Z,KXETH15M-26OCT050045-45,0.0190,12.00,yes
2026-10-05T04:40:55.278626Z,KXETH15M-26OCT050045-45,0.0150,22.00,yes
2026-10-05T04:40:55.278626Z,KXETH15M-26OCT050045-45,0.0200,32.35,yes
2026-10-05T04:40:55.278626Z,KXETH15M-26OCT050045-45,0.0140,22.00,yes
2026-10-05T04:40:55.278626Z,KXETH15M-26OCT050045-45,0.0190,20.00,yes
2026-10-05T04:40:55.288314Z,KXETH15M-26OCT050045-45,0.0130,9.00,yes
2026-10-05T04:40:55.300395Z,KXETH15M-26OCT050045-45,0.0130,2.00,yes
2026-10-05T04:40:55.911945Z,KXETH15M-26OCT050045-45,0.0120,1.01,no
2026-10-05T04:40:56.271365Z,KXETH15M-26OCT050045-45,0.0130,1.00,yes
2026-10-05T04:40:56.297548Z,KXETH15M-26OCT050045-45,0.0130,1.00,yes
2026-10-05T04:40:58.349527Z,KXETH15M-26OCT050045-45,0.0160,0.37,yes
2026-10-05T04:40:58.349527Z,KXETH15M-26OCT050045-45,0.0140,20.00,yes
2026-10-05T04:40:58.349527Z,KXETH15M-26OCT050045-45,0.0150,1.00,yes
2026-10-05T04:40:58.349527Z,KXETH15M-26OCT050045-45,0.0150,20.00,yes
2026-10-05T04:40:58.349527Z,KXETH15M-26OCT050045-45,0.0150,21.00,yes
2026-10-05T04:40:59.362883Z,KXETH15M-26OCT050045-45,0.0160,23.00,yes
2026-10-05T04:40:59.362883Z,KXETH15M-26OCT050045-45,0.0150,14.00,yes
2026-10-05T04:40:59.362883Z,KXETH15M-26OCT050045-45,0.0200,19.67,yes
2026-10-05T04:40:59.362883Z,KXETH15M-26OCT050045-45,0.0160,17.00,yes
2026-10-05T04:40:59.362883Z,KXETH15M-26OCT050045-45,0.0190,0.19,yes
2026-10-05T04:40:59.362883Z,KXETH15M-26OCT050045-45,0.0190,20.00,yes
2026-10-05T04:40:59.362883Z,KXETH15M-26OCT050045-45,0.0180,1.01,yes
2026-10-05T04:40:59.362883Z,KXETH15M-26OCT050045-45,0.0150,20.00,yes
2026-10-05T04:40:59.362883Z,KXETH15M-26OCT050045-45,0.0140,20.00,yes
2026-10-05T04:40:59.362883Z,KXETH15M-26OCT050045-45,0.0180,22.00,yes
2026-10-05T04:40:59.362883Z,KXETH15M-26OCT050045-45,0.0200,2.65,yes
2026-10-05T04:40:59.854522Z,KXETH15M-26OCT050045-45,0.0150,20.00,yes
2026-10-05T04:40:59.854522Z,KXETH15M-26OCT050045-45,0.0160,20.00,yes
2026-10-05T04:40:59.854522Z,KXETH15M-26OCT050045-45,0.0170,18.04,yes
2026-10-05T04:41:00.551561Z,KXETH15M-26OCT050045-45,0.0250,150.00,yes
2026-10-05T04:41:00.551561Z,KXETH15M-26OCT050045-45,0.0260,60.00,yes
2026-10-05T04:41:00.551561Z,KXETH15M-26OCT050045-45,0.0260,0.15,yes
2026-10-05T04:41:00.551561Z,KXETH15M-26OCT050045-45,0.0240,0.13,yes
2026-10-05T04:41:00.551561Z,KXETH15M-26OCT050045-45,0.0250,0.14,yes
2026-10-05T04:41:00.551561Z,KXETH15M-26OCT050045-45,0.0250,60.00,yes
2026-10-05T04:41:00.551561Z,KXETH15M-26OCT050045-45,0.0230,1.00,yes
2026-10-05T04:41:00.551561Z,KXETH15M-26OCT050045-45,0.0240,1.00,yes
2026-10-05T04:41:00.551561Z,KXETH15M-26OCT050045-45,0.0230,0.10,yes
2026-10-05T04:41:00.551561Z,KXETH15M-26OCT050045-45,0.0240,60.00,yes
2026-10-05T04:41:00.551561Z,KXETH15M-26OCT050045-45,0.0230,60.00,yes
2026-10-05T04:41:00.551561Z,KXETH15M-26OCT050045-45,0.0230,300.02,yes
2026-10-05T04:41:00.551561Z,KXETH15M-26OCT050045-45,0.0220,0.27,yes
2026-10-05T04:41:00.551561Z,KXETH15M-26OCT050045-45,0.0260,22.85,yes
2026-10-05T04:41:00.551561Z,KXETH15M-26OCT050045-45,0.0220,1.00,yes
2026-10-05T04:41:00.551561Z,KXETH15M-26OCT050045-45,0.0200,0.21,yes
2026-10-05T04:41:00.551561Z,KXETH15M-26OCT050045-45,0.0220,10.00,yes
2026-10-05T04:41:00.551561Z,KXETH15M-26OCT050045-45,0.0210,4.00,yes
2026-10-05T04:41:00.551561Z,KXETH15M-26OCT050045-45,0.0200,10.33,yes
2026-10-05T04:41:00.551561Z,KXETH15M-26OCT050045-45,0.0220,4.00,yes
2026-10-05T04:41:00.551561Z,KXETH15M-26OCT050045-45,0.0230,4.00,yes
2026-10-05T04:41:00.551561Z,KXETH15M-26OCT050045-45,0.0220,4.00,yes
2026-10-05T04:41:00.551561Z,KXETH15M-26OCT050045-45,0.0250,100.00,yes
2026-10-05T04:41:00.551561Z,KXETH15M-26OCT050045-45,0.0200,9.00,yes
2026-10-05T04:41:00.551561Z,KXETH15M-26OCT050045-45,0.0160,20.00,yes
2026-10-05T04:41:00.551561Z,KXETH15M-26OCT050045-45,0.0190,20.00,yes
2026-10-05T04:41:00.551561Z,KXETH15M-26OCT050045-45,0.0200,4.00,yes
2026-10-05T04:41:00.551561Z,KXETH15M-26OCT050045-45,0.0190,0.19,yes
2026-10-05T04:41:00.551561Z,KXETH15M-26OCT050045-45,0.0160,12.00,yes
2026-10-05T04:41:00.551561Z,KXETH15M-26OCT050045-45,0.0150,20.00,yes
2026-10-05T04:41:00.551561Z,KXETH15M-26OCT050045-45,0.0200,9.00,yes
2026-10-05T04:41:00.551561Z,KXETH15M-26OCT050045-45,0.0190,12.00,yes
2026-10-05T04:41:00.551561Z,KXETH15M-26OCT050045-45,0.0240,1.00,yes
2026-10-05T04:41:00.551561Z,KXETH15M-26OCT050045-45,0.0250,7.00,yes
2026-10-05T04:41:00.551561Z,KXETH15M-26OCT050045-45,0.0160,23.00,yes
2026-10-05T04:41:00.551561Z,KXETH15M-26OCT050045-45,0.0250,96.00,yes
2026-10-05T04:41:00.551561Z,KXETH15M-26OCT050045-45,0.0220,20.00,yes
2026-10-05T04:41:00.551561Z,KXETH15M-26OCT050045-45,0.0250,9.00,yes
2026-10-05T04:41:00.551561Z,KXETH15M-26OCT050045-45,0.0210,14.17,yes
2026-10-05T04:41:00.551561Z,KXETH15M-26OCT050045-45,0.0210,0.23,yes
2026-10-05T04:41:00.551561Z,KXETH15M-26OCT050045-45,0.0250,9.00,yes
2026-10-05T04:41:00.551561Z,KXETH15M-26OCT050045-45,0.0210,4.00,yes
2026-10-05T04:41:00.551561Z,KXETH15M-26OCT050045-45,0.0220,50.00,yes
2026-10-05T04:41:01.492817Z,KXETH15M-26OCT050045-45,0.0160,3.04,yes
2026-10-05T04:41:01.848366Z,KXETH15M-26OCT050045-45,0.0150,2.00,no
2026-10-05T04:41:01.89637Z,KXETH15M-26OCT050045-45,0.0150,20.00,no
2026-10-05T04:41:01.89637Z,KXETH15M-26OCT050045-45,0.0150,20.00,no
2026-10-05T04:41:01.911541Z,KXETH15M-26OCT050045-45,0.0100,4.53,no
2026-10-05T04:41:01.911541Z,KXETH15M-26OCT050045-45,0.0100,12.00,no
2026-10-05T04:41:01.911541Z,KXETH15M-26OCT050045-45,0.0130,4.00,no
2026-10-05T04:41:01.911541Z,KXETH15M-26OCT050045-45,0.0140,4.00,no
2026-10-05T04:41:01.911541Z,KXETH15M-26OCT050045-45,0.0130,4.00,no
2026-10-05T04:41:01.911541Z,KXETH15M-26OCT050045-45,0.0120,4.00,no
2026-10-05T04:41:01.911541Z,KXETH15M-26OCT050045-45,0.0100,0.47,no
2026-10-05T04:41:01.911541Z,KXETH15M-26OCT050045-45,0.0110,4.00,no
2026-10-05T04:41:01.911541Z,KXETH15M-26OCT050045-45,0.0120,4.00,no
2026-10-05T04:41:02.144368Z,KXETH15M-26OCT050045-45,0.0190,16.75,yes
2026-10-05T04:41:02.144368Z,KXETH15M-26OCT050045-45,0.0160,11.00,yes
2026-10-05T04:41:02.144368Z,KXETH15M-26OCT050045-45,0.0190,4.00,yes
2026-10-05T04:41:02.144368Z,KXETH15M-26OCT050045-45,0.0150,4.53,yes
2026-10-05T04:41:02.144368Z,KXETH15M-26OCT050045-45,0.0150,20.00,yes
2026-10-05T04:41:02.144368Z,KXETH15M-26OCT050045-45,0.0190,4.00,yes
2026-10-05T04:41:02.144368Z,KXETH15M-26OCT050045-45,0.0140,20.00,yes
2026-10-05T04:41:02.144368Z,KXETH15M-26OCT050045-45,0.0190,12.00,yes
2026-10-05T04:41:02.144368Z,KXETH15M-26OCT050045-45,0.0150,12.00,yes
2026-10-05T04:41:02.672803Z,KXETH15M-26OCT050045-45,0.0280,60.09,yes
2026-10-05T04:41:02.672803Z,KXETH15M-26OCT050045-45,0.0270,0.17,yes
2026-10-05T04:41:02.672803Z,KXETH15M-26OCT050045-45,0.0260,10.15,yes
2026-10-05T04:41:02.672803Z,KXETH15M-26OCT050045-45,0.0250,0.30,yes
2026-10-05T04:41:02.672803Z,KXETH15M-26OCT050045-45,0.0210,10.00,yes
2026-10-05T04:41:02.672803Z,KXETH15M-26OCT050045-45,0.0200,0.19,yes
2026-10-05T04:41:02.672803Z,KXETH15M-26OCT050045-45,0.0210,0.21,yes
2026-10-05T04:41:02.672803Z,KXETH15M-26OCT050045-45,0.0240,0.27,yes
2026-10-05T04:41:02.672803Z,KXETH15M-26OCT050045-45,0.0220,1.62,yes
2026-10-05T04:41:02.672803Z,KXETH15M-26OCT050045-45,0.0200,19.00,yes
2026-10-05T04:41:02.672803Z,KXETH15M-26OCT050045-45,0.0200,1.01,yes
2026-10-05T04:41:02.672803Z,KXETH15M-26OCT050045-45,0.0230,0.25,yes
2026-10-05T04:41:02.672803Z,KXETH15M-26OCT050045-45,0.0240,50.00,yes
2026-10-05T04:41:02.672803Z,KXETH15M-26OCT050045-45,0.0220,0.23,yes
2026-10-05T04:41:02.672803Z,KXETH15M-26OCT050045-45,0.0200,4.00,yes
2026-10-05T04:41:02.672803Z,KXETH15M-26OCT050045-45,0.0200,4.00,yes
2026-10-05T04:41:02.672803Z,KXETH15M-26OCT050045-45,0.0210,4.00,yes
2026-10-05T04:41:02.672803Z,KXETH15M-26OCT050045-45,0.0210,4.00,yes
2026-10-05T04:41:02.672803Z,KXETH15M-26OCT050045-45,0.0260,0.33,yes
2026-10-05T04:41:02.672803Z,KXETH15M-26OCT050045-45,0.0190,20.00,yes
2026-10-05T04:41:02.672803Z,KXETH15M-26OCT050045-45,0.0250,64.00,yes
2026-10-05T04:41:02.672803Z,KXETH15M-26OCT050045-45,0.0200,5.91,yes
2026-10-05T04:41:02.672803Z,KXETH15M-26OCT050045-45,0.0150,20.00,yes
2026-10-05T04:41:02.672803Z,KXETH15M-26OCT050045-45,0.0210,55.00,yes
2026-10-05T04:41:02.672803Z,KXETH15M-26OCT050045-45,0.0220,4.00,yes
2026-10-05T04:41:02.672803Z,KXETH15M-26OCT050045-45,0.0210,22.00,yes
2026-10-05T04:41:02.672803Z,KXETH15M-26OCT050045-45,0.0160,20.00,yes
2026-10-05T04:41:02.672803Z,KXETH15M-26OCT050045-45,0.0220,4.00,yes
2026-10-05T04:41:02.672803Z,KXETH15M-26OCT050045-45,0.0150,14.00,yes
2026-10-05T04:41:02.672803Z,KXETH15M-26OCT050045-45,0.0170,15.00,yes
2026-10-05T04:41:02.672803Z,KXETH15M-26OCT050045-45,0.0190,12.00,yes
2026-10-05T04:41:02.672803Z,KXETH15M-26OCT050045-45,0.0250,6.42,yes
2026-10-05T04:41:03.02772Z,KXETH15M-26OCT050045-45,0.0160,17.52,yes
2026-10-05T04:41:03.02772Z,KXETH15M-26OCT050045-45,0.0150,20.00,yes
2026-10-05T04:41:03.02772Z,KXETH15M-26OCT050045-45,0.0160,20.00,yes
2026-10-05T04:41:04.597622Z,KXETH15M-26OCT050045-45,0.0170,22.00,no
2026-10-05T04:41:04.597622Z,KXETH15M-26OCT050045-45,0.0150,4.00,no
2026-10-05T04:41:04.597622Z,KXETH15M-26OCT050045-45,0.0150,12.00,no
2026-10-05T04:41:04.597622Z,KXETH15M-26OCT050045-45,0.0140,4.00,no
2026-10-05T04:41:04.597622Z,KXETH15M-26OCT050045-45,0.0150,4.00,no
2026-10-05T04:41:04.597622Z,KXETH15M-26OCT050045-45,0.0140,4.00,no
2026-10-05T04:41:04.597622Z,KXETH15M-26OCT050045-45,0.0130,24.38,no
2026-10-05T04:41:04.597622Z,KXETH15M-26OCT050045-45,0.0160,4.00,no
2026-10-05T04:41:04.597622Z,KXETH15M-26OCT050045-45,0.0160,4.00,no
2026-10-05T04:41:04.597622Z,KXETH15M-26OCT050045-45,0.0140,19.00,no
2026-10-05T04:41:05.981024Z,KXETH15M-26OCT050045-45,0.0170,20.00,yes
2026-10-05T04:41:05.981024Z,KXETH15M-26OCT050045-45,0.0180,20.00,yes
2026-10-05T04:41:05.981024Z,KXETH15M-26OCT050045-45,0.0180,12.74,yes
2026-10-05T04:41:06.664706Z,KXETH15M-26OCT050045-45,0.0180,42.00,no
2026-10-05T04:41:06.674394Z,KXETH15M-26OCT050045-45,0.0140,12.00,no
2026-10-05T04:41:07.332994Z,KXETH15M-26OCT050045-45,0.0140,20.00,yes
2026-10-05T04:41:07.332994Z,KXETH15M-26OCT050045-45,0.0140,11.18,yes
2026-10-05T04:41:07.657418Z,KXETH15M-26OCT050045-45,0.0200,22.00,yes
2026-10-05T04:41:07.657418Z,KXETH15M-26OCT050045-45,0.0260,5.69,yes
2026-10-05T04:41:07.657418Z,KXETH15M-26OCT050045-45,0.0250,36.00,yes
2026-10-05T04:41:07.657418Z,KXETH15M-26OCT050045-45,0.0140,20.00,yes
2026-10-05T04:41:07.657418Z,KXETH15M-26OCT050045-45,0.0190,24.38,yes
2026-10-05T04:41:07.657418Z,KXETH15M-26OCT050045-45,0.0260,0.30,yes
2026-10-05T04:41:07.657418Z,KXETH15M-26OCT050045-45,0.0230,0.23,yes
2026-10-05T04:41:07.657418Z,KXETH15M-26OCT050045-45,0.0210,0.19,yes
2026-10-05T04:41:07.657418Z,KXETH15M-26OCT050045-45,0.0240,0.25,yes
2026-10-05T04:41:07.657418Z,KXETH15M-26OCT050045-45,0.0250,0.27,yes
2026-10-05T04:41:07.657418Z,KXETH15M-26OCT050045-45,0.0220,0.21,yes
2026-10-05T04:41:07.657418Z,KXETH15M-26OCT050045-45,0.0240,14.00,yes
2026-10-05T04:41:07.657418Z,KXETH15M-26OCT050045-45,0.0150,20.00,yes
2026-10-05T04:41:07.657418Z,KXETH15M-26OCT050045-45,0.0150,2.00,yes
2026-10-05T04:41:07.657418Z,KXETH15M-26OCT050045-45,0.0150,21.00,yes
2026-10-05T04:41:07.657418Z,KXETH15M-26OCT050045-45,0.0190,4.00,yes
2026-10-05T04:41:07.657418Z,KXETH15M-26OCT050045-45,0.0200,4.00,yes
2026-10-05T04:41:07.657418Z,KXETH15M-26OCT050045-45,0.0180,4.00,yes
2026-10-05T04:41:07.657418Z,KXETH15M-26OCT050045-45,0.0190,4.00,yes
2026-10-05T04:41:07.657418Z,KXETH15M-26OCT050045-45,0.0180,4.00,yes
2026-10-05T04:41:07.657418Z,KXETH15M-26OCT050045-45,0.0200,4.00,yes
2026-10-05T04:41:07.657418Z,KXETH15M-26OCT050045-45,0.0240,20.00,yes
2026-10-05T04:41:07.657418Z,KXETH15M-26OCT050045-45,0.0150,20.00,yes
2026-10-05T04:41:09.55002Z,KXETH15M-26OCT050045-45,0.0140,13.27,yes
2026-10-05T04:41:09.654625Z,KXETH15M-26OCT050045-45,0.0220,0.19,yes
2026-10-05T04:41:09.654625Z,KXETH15M-26OCT050045-45,0.0200,4.00,yes
2026-10-05T04:41:09.654625Z,KXETH15M-26OCT050045-45,0.0210,4.00,yes
2026-10-05T04:41:09.654625Z,KXETH15M-26OCT050045-45,0.0140,6.73,yes
2026-10-05T04:41:09.654625Z,KXETH15M-26OCT050045-45,0.0220,4.00,yes
2026-10-05T04:41:09.654625Z,KXETH15M-26OCT050045-45,0.0150,8.00,yes
2026-10-05T04:41:09.654625Z,KXETH15M-26OCT050045-45,0.0150,20.00,yes
2026-10-05T04:41:09.654625Z,KXETH15M-26OCT050045-45,0.0180,1.00,yes
2026-10-05T04:41:09.654625Z,KXETH15M-26OCT050045-45,0.0210,4.00,yes
2026-10-05T04:41:09.654625Z,KXETH15M-26OCT050045-45,0.0150,12.00,yes
2026-10-05T04:41:09.654625Z,KXETH15M-26OCT050045-45,0.0150,12.00,yes
2026-10-05T04:41:09.654625Z,KXETH15M-26OCT050045-45,0.0190,4.00,yes
2026-10-05T04:41:09.654625Z,KXETH15M-26OCT050045-45,0.0200,4.00,yes
2026-10-05T04:41:09.654625Z,KXETH15M-26OCT050045-45,0.0140,14.00,yes
2026-10-05T04:41:09.654625Z,KXETH15M-26OCT050045-45,0.0220,7.74,yes
2026-10-05T04:41:10.078419Z,KXETH15M-26OCT050045-45,0.0130,3.00,no
2026-10-05T04:41:10.091152Z,KXETH15M-26OCT050045-45,0.0180,20.00,yes
2026-10-05T04:41:10.091152Z,KXETH15M-26OCT050045-45,0.0150,3.00,yes
2026-10-05T04:41:10.091152Z,KXETH15M-26OCT050045-45,0.0150,9.00,yes
2026-10-05T04:41:10.091152Z,KXETH15M-26OCT050045-45,0.0190,11.99,yes
2026-10-05T04:41:10.091152Z,KXETH15M-26OCT050045-45,0.0140,13.00,yes
2026-10-05T04:41:10.091152Z,KXETH15M-26OCT050045-45,0.0180,12.00,yes
2026-10-05T04:41:10.091152Z,KXETH15M-26OCT050045-45,0.0150,20.00,yes
2026-10-05T04:41:10.091152Z,KXETH15M-26OCT050045-45,0.0140,20.00,yes
2026-10-05T04:41:10.854544Z,KXETH15M-26OCT050045-45,0.0140,20.00,yes
2026-10-05T04:41:10.854544Z,KXETH15M-26OCT050045-45,0.0140,8.00,yes
2026-10-05T04:41:10.854544Z,KXETH15M-26OCT050045-45,0.0140,30.00,yes
2026-10-05T04:41:11.05129Z,KXETH15M-26OCT050045-45,0.0130,57.91,no
2026-10-05T04:41:11.05129Z,KXETH15M-26OCT050045-45,0.0130,24.38,no
2026-10-05T04:41:11.05129Z,KXETH15M-26OCT050045-45,0.0130,22.00,no
2026-10-05T04:41:11.05129Z,KXETH15M-26OCT050045-45,0.0130,32.71,no
2026-10-05T04:41:11.181943Z,KXETH15M-26OCT050045-45,0.0140,21.00,yes
2026-10-05T04:41:11.181943Z,KXETH15M-26OCT050045-45,0.0140,16.00,yes
2026-10-05T04:41:12.364745Z,KXETH15M-26OCT050045-45,0.0130,22.00,no
2026-10-05T04:41:12.364745Z,KXETH15M-26OCT050045-45,0.0130,0.09,no
2026-10-05T04:41:12.620682Z,KXETH15M-26OCT050045-45,0.0110,4.00,no
2026-10-05T04:41:12.620682Z,KXETH15M-26OCT050045-45,0.0110,4.00,no
2026-10-05T04:41:13.038721Z,KXETH15M-26OCT050045-45,0.0110,20.00,yes
2026-10-05T04:41:13.038721Z,KXETH15M-26OCT050045-45,0.0120,7.00,yes
2026-10-05T04:41:13.038721Z,KXETH15M-26OCT050045-45,0.0120,20.00,yes
2026-10-05T04:41:13.038721Z,KXETH15M-26OCT050045-45,0.0110,16.00,yes
2026-10-05T04:41:13.038721Z,KXETH15M-26OCT050045-45,0.0140,2.37,yes
2026-10-05T04:41:14.141828Z,KXETH15M-26OCT050045-45,0.0100,7.59,no
2026-10-05T04:41:14.141828Z,KXETH15M-26OCT050045-45,0.0100,2.29,no
2026-10-05T04:41:14.141828Z,KXETH15M-26OCT050045-45,0.0100,10.12,no
2026-10-05T04:41:14.509955Z,KXETH15M-26OCT050045-45,0.0100,20.00,yes
2026-10-05T04:41:14.509955Z,KXETH15M-26OCT050045-45,0.0110,0.23,yes
2026-10-05T04:41:14.509955Z,KXETH15M-26OCT050045-45,0.0110,8.00,yes
2026-10-05T04:41:14.509955Z,KXETH15M-26OCT050045-45,0.0110,4.00,yes
2026-10-05T04:41:14.509955Z,KXETH15M-26OCT050045-45,0.0110,2.00,yes
2026-10-05T04:41:14.509955Z,KXETH15M-26OCT050045-45,0.0120,25.44,yes
2026-10-05T04:41:14.509955Z,KXETH15M-26OCT050045-45,0.0110,20.00,yes
2026-10-05T04:41:14.988218Z,KXETH15M-26OCT050045-45,0.0090,4.00,no
2026-10-05T04:41:14.988218Z,KXETH15M-26OCT050045-45,0.0090,4.00,no
2026-10-05T04:41:14.988218Z,KXETH15M-26OCT050045-45,0.0090,13.00,no
2026-10-05T04:41:14.988218Z,KXETH15M-26OCT050045-45,0.0090,50.00,no
2026-10-05T04:41:15.788526Z,KXETH15M-26OCT050045-45,0.0120,2.56,yes
2026-10-05T04:41:15.788526Z,KXETH15M-26OCT050045-45,0.0110,16.00,yes
2026-10-05T04:41:15.788526Z,KXETH15M-26OCT050045-45,0.0120,0.26,yes
2026-10-05T04:41:15.788526Z,KXETH15M-26OCT050045-45,0.0130,0.28,yes
2026-10-05T04:41:15.788526Z,KXETH15M-26OCT050045-45,0.0130,22.00,yes
2026-10-05T04:41:15.788526Z,KXETH15M-26OCT050045-45,0.0100,0.23,yes
2026-10-05T04:41:15.788526Z,KXETH15M-26OCT050045-45,0.0100,20.00,yes
2026-10-05T04:41:15.788526Z,KXETH15M-26OCT050045-45,0.0110,20.00,yes
2026-10-05T04:41:15.788526Z,KXETH15M-26OCT050045-45,0.0110,0.26,yes
2026-10-05T04:41:15.788526Z,KXETH15M-26OCT050045-45,0.0140,0.55,yes
2026-10-05T04:41:15.89567Z,KXETH15M-26OCT050045-45,0.0110,22.00,no
2026-10-05T04:41:16.170253Z,KXETH15M-26OCT050045-45,0.0100,76.00,no
2026-10-05T04:41:16.170253Z,KXETH15M-26OCT050045-45,0.0100,22.00,no
2026-10-05T04:41:16.273296Z,KXETH15M-26OCT050045-45,0.0080,18.00,no
2026-10-05T04:41:16.273296Z,KXETH15M-26OCT050045-45,0.0080,4.00,no
2026-10-05T04:41:16.273296Z,KXETH15M-26OCT050045-45,0.0080,12.00,no
2026-10-05T04:41:16.273296Z,KXETH15M-26OCT050045-45,0.0080,4.00,no
2026-10-05T04:41:16.273296Z,KXETH15M-26OCT050045-45,0.0080,37.00,no
2026-10-05T04:41:16.273296Z,KXETH15M-26OCT050045-45,0.0070,28.65,no
2026-10-05T04:41:16.72025Z,KXETH15M-26OCT050045-45,0.0100,9.00,no
2026-10-05T04:41:17.020012Z,KXETH15M-26OCT050045-45,0.0100,9.00,no
2026-10-05T04:41:17.020012Z,KXETH15M-26OCT050045-45,0.0100,33.00,no
2026-10-05T04:41:17.68444Z,KXETH15M-26OCT050045-45,0.0100,9.00,no
2026-10-05T04:41:18.39007Z,KXETH15M-26OCT050045-45,0.0100,14.00,yes
2026-10-05T04:41:18.39007Z,KXETH15M-26OCT050045-45,0.0100,0.23,yes
2026-10-05T04:41:18.39007Z,KXETH15M-26OCT050045-45,0.0110,0.23,yes
2026-10-05T04:41:18.39007Z,KXETH15M-26OCT050045-45,0.0100,11.00,yes
2026-10-05T04:41:18.39007Z,KXETH15M-26OCT050045-45,0.0110,19.00,yes
2026-10-05T04:41:19.244469Z,KXETH15M-26OCT050045-45,0.0070,36.15,no
2026-10-05T04:41:19.244469Z,KXETH15M-26OCT050045-45,0.0070,30.53,no
2026-10-05T04:41:19.244469Z,KXETH15M-26OCT050045-45,0.0080,18.00,no
2026-10-05T04:41:19.244469Z,KXETH15M-26OCT050045-45,0.0070,4.00,no
2026-10-05T04:41:19.244469Z,KXETH15M-26OCT050045-45,0.0080,12.00,no
2026-10-05T04:41:19.408636Z,KXETH15M-26OCT050045-45,0.0100,24.00,yes
2026-10-05T04:41:19.408636Z,KXETH15M-26OCT050045-45,0.0110,27.00,yes
2026-10-05T04:41:19.408636Z,KXETH15M-26OCT050045-45,0.0110,0.23,yes
2026-10-05T04:41:19.408636Z,KXETH15M-26OCT050045-45,0.0120,0.23,yes
2026-10-05T04:41:19.408636Z,KXETH15M-26OCT050045-45,0.0130,0.23,yes
2026-10-05T04:41:19.408636Z,KXETH15M-26OCT050045-45,0.0140,26.41,yes
2026-10-05T04:41:20.663778Z,KXETH15M-26OCT050045-45,0.0060,8.00,no
2026-10-05T04:41:20.663778Z,KXETH15M-26OCT050045-45,0.0070,13.00,no
2026-10-05T04:41:20.663778Z,KXETH15M-26OCT050045-45,0.0070,4.00,no
2026-10-05T04:41:20.663778Z,KXETH15M-26OCT050045-45,0.0080,4.00,no
2026-10-05T04:41:20.663778Z,KXETH15M-26OCT050045-45,0.0070,20.00,no
2026-10-05T04:41:20.663778Z,KXETH15M-26OCT050045-45,0.0080,26.00,no
2026-10-05T04:41:20.663778Z,KXETH15M-26OCT050045-45,0.0070,4.00,no
2026-10-05T04:41:20.663778Z,KXETH15M-26OCT050045-45,0.0060,4.00,no
2026-10-05T04:41:20.663778Z,KXETH15M-26OCT050045-45,0.0060,4.00,no
2026-10-05T04:41:20.663778Z,KXETH15M-26OCT050045-45,0.0050,13.63,no
2026-10-05T04:41:20.848811Z,KXETH15M-26OCT050045-45,0.0100,0.23,yes
2026-10-05T04:41:21.062265Z,KXETH15M-26OCT050045-45,0.0100,5.00,no
2026-10-05T04:41:21.062265Z,KXETH15M-26OCT050045-45,0.0100,9.00,no
2026-10-05T04:41:21.109581Z,KXETH15M-26OCT050045-45,0.0100,6.41,no
2026-10-05T04:41:21.28332Z,KXETH15M-26OCT050045-45,0.0120,0.23,yes
2026-10-05T04:41:21.28332Z,KXETH15M-26OCT050045-45,0.0110,0.26,yes
2026-10-05T04:41:21.343275Z,KXETH15M-26OCT050045-45,0.0130,0.26,yes
2026-10-05T04:41:21.371025Z,KXETH15M-26OCT050045-45,0.0140,1.00,yes
2026-10-05T04:41:22.692441Z,KXETH15M-26OCT050045-45,0.0140,2.57,yes
2026-10-05T04:41:22.692441Z,KXETH15M-26OCT050045-45,0.0140,0.34,yes
2026-10-05T04:41:22.692441Z,KXETH15M-26OCT050045-45,0.0140,0.09,yes
2026-10-05T04:41:23.219121Z,KXETH15M-26OCT050045-45,0.0130,48.50,no
2026-10-05T04:41:23.508641Z,KXETH15M-26OCT050045-45,0.0100,30.00,no
2026-10-05T04:41:23.508641Z,KXETH15M-26OCT050045-45,0.0100,9.00,no
2026-10-05T04:41:23.508641Z,KXETH15M-26OCT050045-45,0.0110,12.00,no
2026-10-05T04:41:23.508641Z,KXETH15M-26OCT050045-45,0.0080,5.37,no
2026-10-05T04:41:23.508641Z,KXETH15M-26OCT050045-45,0.0100,9.00,no
2026-10-05T04:41:23.508641Z,KXETH15M-26OCT050045-45,0.0080,41.00,no
2026-10-05T04:41:23.508641Z,KXETH15M-26OCT050045-45,0.0090,20.00,no
2026-10-05T04:41:23.508641Z,KXETH15M-26OCT050045-45,0.0120,38.00,no
2026-10-05T04:41:25.570704Z,KXETH15M-26OCT050045-45,0.0100,9.00,no
2026-10-05T04:41:25.570704Z,KXETH15M-26OCT050045-45,0.0100,9.00,no
2026-10-05T04:41:25.570704Z,KXETH15M-26OCT050045-45,0.0110,69.00,no
2026-10-05T04:41:25.570704Z,KXETH15M-26OCT050045-45,0.0100,11.43,no
2026-10-05T04:41:25.570704Z,KXETH15M-26OCT050045-45,0.0110,42.00,no
2026-10-05T04:41:25.570704Z,KXETH15M-26OCT050045-45,0.0100,0.01,no
2026-10-05T04:41:25.570704Z,KXETH15M-26OCT050045-45,0.0100,41.00,no
2026-10-05T04:41:25.684344Z,KXETH15M-26OCT050045-45,0.0110,29.00,yes
2026-10-05T04:41:25.684344Z,KXETH15M-26OCT050045-45,0.0110,22.00,yes
2026-10-05T04:41:25.698193Z,KXETH15M-26OCT050045-45,0.0120,0.62,yes
2026-10-05T04:41:25.698331Z,KXETH15M-26OCT050045-45,0.0130,0.62,yes
2026-10-05T04:41:25.698331Z,KXETH15M-26OCT050045-45,0.0140,0.38,yes
2026-10-05T04:41:25.920664Z,KXETH15M-26OCT050045-45,0.0140,1.00,yes
2026-10-05T04:41:25.920757Z,KXETH15M-26OCT050045-45,0.0150,0.37,yes
2026-10-05T04:41:25.920757Z,KXETH15M-26OCT050045-45,0.0150,7.00,yes
2026-10-05T04:41:25.920757Z,KXETH15M-26OCT050045-45,0.0150,6.35,yes
2026-10-05T04:41:25.920757Z,KXETH15M-26OCT050045-45,0.0140,0.23,yes
2026-10-05T04:41:25.920757Z,KXETH15M-26OCT050045-45,0.0140,4.05,yes
2026-10-05T04:41:25.938573Z,KXETH15M-26OCT050045-45,0.0130,10.00,no
2026-10-05T04:41:26.041433Z,KXETH15M-26OCT050045-45,0.0150,9.00,no
2026-10-05T04:41:26.934661Z,KXETH15M-26OCT050045-45,0.0160,1.00,yes
2026-10-05T04:41:26.934661Z,KXETH15M-26OCT050045-45,0.0190,6.95,yes
2026-10-05T04:41:26.934661Z,KXETH15M-26OCT050045-45,0.0160,0.41,yes
2026-10-05T04:41:26.934661Z,KXETH15M-26OCT050045-45,0.0170,0.45,yes
2026-10-05T04:41:26.934661Z,KXETH15M-26OCT050045-45,0.0180,0.49,yes
2026-10-05T04:41:26.934661Z,KXETH15M-26OCT050045-45,0.0180,4.00,yes
2026-10-05T04:41:26.934661Z,KXETH15M-26OCT050045-45,0.0150,20.00,yes
2026-10-05T04:41:26.934661Z,KXETH15M-26OCT050045-45,0.0160,12.00,yes
2026-10-05T04:41:26.934661Z,KXETH15M-26OCT050045-45,0.0160,26.00,yes
2026-10-05T04:41:26.934661Z,KXETH15M-26OCT050045-45,0.0150,42.00,yes
2026-10-05T04:41:26.934661Z,KXETH15M-26OCT050045-45,0.0160,20.00,yes
2026-10-05T04:41:26.934661Z,KXETH15M-26OCT050045-45,0.0170,20.00,yes
2026-10-05T04:41:26.934661Z,KXETH15M-26OCT050045-45,0.0180,12.00,yes
2026-10-05T04:41:26.934661Z,KXETH15M-26OCT050045-45,0.0180,4.00,yes
2026-10-05T04:41:28.527383Z,KXETH15M-26OCT050045-45,0.0130,7.16,no
2026-10-05T04:41:28.527383Z,KXETH15M-26OCT050045-45,0.0140,41.00,no
2026-10-05T04:41:28.527383Z,KXETH15M-26OCT050045-45,0.0140,26.00,no
2026-10-05T04:41:28.595934Z,KXETH15M-26OCT050045-45,0.0170,19.00,yes
2026-10-05T04:41:28.595934Z,KXETH15M-26OCT050045-45,0.0170,4.00,yes
2026-10-05T04:41:28.595934Z,KXETH15M-26OCT050045-45,0.0180,15.82,yes
2026-10-05T04:41:28.595934Z,KXETH15M-26OCT050045-45,0.0170,13.00,yes
2026-10-05T04:41:28.763914Z,KXETH15M-26OCT050045-45,0.0140,41.00,no
2026-10-05T04:41:28.763914Z,KXETH15M-26OCT050045-45,0.0130,33.84,no
2026-10-05T04:41:28.763914Z,KXETH15M-26OCT050045-45,0.0130,24.00,no
2026-10-05T04:41:28.763914Z,KXETH15M-26OCT050045-45,0.0140,22.00,no
2026-10-05T04:41:28.86775Z,KXETH15M-26OCT050045-45,0.0180,22.00,yes
2026-10-05T04:41:28.86775Z,KXETH15M-26OCT050045-45,0.0180,0.74,yes
2026-10-05T04:41:28.86775Z,KXETH15M-26OCT050045-45,0.0180,4.00,yes
2026-10-05T04:41:28.86775Z,KXETH15M-26OCT050045-45,0.0180,12.00,yes
2026-10-05T04:41:28.86775Z,KXETH15M-26OCT050045-45,0.0180,20.00,yes
2026-10-05T04:41:28.86775Z,KXETH15M-26OCT050045-45,0.0180,4.00,yes
2026-10-05T04:41:28.86775Z,KXETH15M-26OCT050045-45,0.0180,18.00,yes
2026-10-05T04:41:28.86775Z,KXETH15M-26OCT050045-45,0.0180,4.18,yes
2026-10-05T04:41:28.86775Z,KXETH15M-26OCT050045-45,0.0180,17.00,yes
2026-10-05T04:41:28.86775Z,KXETH15M-26OCT050045-45,0.0190,64.08,yes
2026-10-05T04:41:28.936222Z,KXETH15M-26OCT050045-45,0.0060,632.45,no
2026-10-05T04:41:28.936222Z,KXETH15M-26OCT050045-45,0.0110,4.00,no
2026-10-05T04:41:28.936222Z,KXETH15M-26OCT050045-45,0.0130,41.00,no
2026-10-05T04:41:28.936222Z,KXETH15M-26OCT050045-45,0.0070,13.00,no
2026-10-05T04:41:28.936222Z,KXETH15M-26OCT050045-45,0.0140,41.00,no
2026-10-05T04:41:28.936222Z,KXETH15M-26OCT050045-45,0.0130,25.00,no
2026-10-05T04:41:28.936222Z,KXETH15M-26OCT050045-45,0.0140,22.00,no
2026-10-05T04:41:28.936222Z,KXETH15M-26OCT050045-45,0.0100,4.00,no
2026-10-05T04:41:28.936222Z,KXETH15M-26OCT050045-45,0.0080,4.00,no
2026-10-05T04:41:28.936222Z,KXETH15M-26OCT050045-45,0.0090,50.00,no
2026-10-05T04:41:28.936222Z,KXETH15M-26OCT050045-45,0.0090,4.00,no
2026-10-05T04:41:28.936222Z,KXETH15M-26OCT050045-45,0.0100,4.00,no
2026-10-05T04:41:28.936222Z,KXETH15M-26OCT050045-45,0.0100,9.00,no
2026-10-05T04:41:28.936222Z,KXETH15M-26OCT050045-45,0.0060,2.57,no
2026-10-05T04:41:28.936222Z,KXETH15M-26OCT050045-45,0.0100,9.00,no
2026-10-05T04:41:28.936222Z,KXETH15M-26OCT050045-45,0.0100,18.57,no
2026-10-05T04:41:28.936222Z,KXETH15M-26OCT050045-45,0.0090,4.00,no
2026-10-05T04:41:28.936222Z,KXETH15M-26OCT050045-45,0.0080,18.00,no
2026-10-05T04:41:29.020845Z,KXETH15M-26OCT050045-45,0.0130,7.93,no
2026-10-05T04:41:29.305425Z,KXETH15M-26OCT050045-45,0.0160,22.00,yes
2026-10-05T04:41:29.305425Z,KXETH15M-26OCT050045-45,0.0160,20.00,yes
2026-10-05T04:41:29.305425Z,KXETH15M-26OCT050045-45,0.0160,4.00,yes
2026-10-05T04:41:29.305425Z,KXETH15M-26OCT050045-45,0.0160,8.59,yes
2026-10-05T04:41:29.680885Z,KXETH15M-26OCT050045-45,0.0170,4.12,yes
2026-10-05T04:41:30.162084Z,KXETH15M-26OCT050045-45,0.0130,41.00,no
2026-10-05T04:41:30.162084Z,KXETH15M-26OCT050045-45,0.0120,39.43,no
2026-10-05T04:41:30.639453Z,KXETH15M-26OCT050045-45,0.0160,3.45,yes
2026-10-05T04:41:30.639453Z,KXETH15M-26OCT050045-45,0.0150,2.00,yes
2026-10-05T04:41:30.639453Z,KXETH15M-26OCT050045-45,0.0160,18.00,yes
2026-10-05T04:41:30.639453Z,KXETH15M-26OCT050045-45,0.0160,0.68,yes
2026-10-05T04:41:30.639453Z,KXETH15M-26OCT050045-45,0.0160,20.00,yes
2026-10-05T04:41:30.639453Z,KXETH15M-26OCT050045-45,0.0150,14.00,yes
2026-10-05T04:41:31.496617Z,KXETH15M-26OCT050045-45,0.0160,3.45,yes
2026-10-05T04:41:31.496617Z,KXETH15M-26OCT050045-45,0.0160,4.00,yes
2026-10-05T04:41:31.496617Z,KXETH15M-26OCT050045-45,0.0160,14.00,yes
2026-10-05T04:41:31.496617Z,KXETH15M-26OCT050045-45,0.0160,16.55,yes
2026-10-05T04:41:31.496617Z,KXETH15M-26OCT050045-45,0.0160,12.00,yes
2026-10-05T04:41:32.250714Z,KXETH15M-26OCT050045-45,0.0120,40.00,no
2026-10-05T04:41:32.250714Z,KXETH15M-26OCT050045-45,0.0120,1.57,no
2026-10-05T04:41:32.394695Z,KXETH15M-26OCT050045-45,0.0120,4.00,yes
2026-10-05T04:41:32.394895Z,KXETH15M-26OCT050045-45,0.0120,10.00,yes
2026-10-05T04:41:32.405951Z,KXETH15M-26OCT050045-45,0.0120,3.00,yes
2026-10-05T04:41:32.417853Z,KXETH15M-26OCT050045-45,0.0120,3.00,yes
2026-10-05T04:41:32.425001Z,KXETH15M-26OCT050045-45,0.0120,3.00,yes
2026-10-05T04:41:32.435573Z,KXETH15M-26OCT050045-45,0.0120,3.00,yes
2026-10-05T04:41:32.906662Z,KXETH15M-26OCT050045-45,0.0110,41.00,no
2026-10-05T04:41:32.906662Z,KXETH15M-26OCT050045-45,0.0110,38.26,no
2026-10-05T04:41:33.513289Z,KXETH15M-26OCT050045-45,0.0110,41.00,no
2026-10-05T04:41:33.513289Z,KXETH15M-26OCT050045-45,0.0100,41.00,no
2026-10-05T04:41:33.513289Z,KXETH15M-26OCT050045-45,0.0110,32.74,no
2026-10-05T04:41:33.513289Z,KXETH15M-26OCT050045-45,0.0100,14.82,no
2026-10-05T04:41:35.104976Z,KXETH15M-26OCT050045-45,0.0110,18.00,yes
2026-10-05T04:41:35.104976Z,KXETH15M-26OCT050045-45,0.0110,15.00,yes
2026-10-05T04:41:35.104976Z,KXETH15M-26OCT050045-45,0.0110,15.00,yes
2026-10-05T04:41:35.104976Z,KXETH15M-26OCT050045-45,0.0120,9.94,yes
2026-10-05T04:41:35.104976Z,KXETH15M-26OCT050045-45,0.0110,20.00,yes
2026-10-05T04:41:37.018144Z,KXETH15M-26OCT050045-45,0.0110,18.00,yes
2026-10-05T04:41:37.018144Z,KXETH15M-26OCT050045-45,0.0110,20.00,yes
2026-10-05T04:41:37.018144Z,KXETH15M-26OCT050045-45,0.0110,4.51,yes
2026-10-05T04:41:37.406266Z,KXETH15M-26OCT050045-45,0.0110,22.49,yes
2026-10-05T04:41:37.406266Z,KXETH15M-26OCT050045-45,0.0110,18.00,yes
2026-10-05T04:41:37.406266Z,KXETH15M-26OCT050045-45,0.0110,20.00,yes
2026-10-05T04:41:37.406266Z,KXETH15M-26OCT050045-45,0.0120,29.62,yes
2026-10-05T04:41:37.929317Z,KXETH15M-26OCT050045-45,0.0050,11.00,no
2026-10-05T04:41:37.929317Z,KXETH15M-26OCT050045-45,0.0040,144.11,no
2026-10-05T04:41:37.929317Z,KXETH15M-26OCT050045-45,0.0050,54.78,no
2026-10-05T04:41:37.929317Z,KXETH15M-26OCT050045-45,0.0050,100.00,no
2026-10-05T04:41:37.929317Z,KXETH15M-26OCT050045-45,0.0050,1.00,no
2026-10-05T04:41:37.929317Z,KXETH15M-26OCT050045-45,0.0070,41.00,no
2026-10-05T04:41:37.929317Z,KXETH15M-26OCT050045-45,0.0050,9.00,no
2026-10-05T04:41:37.929317Z,KXETH15M-26OCT050045-45,0.0060,4.00,no
2026-10-05T04:41:37.929317Z,KXETH15M-26OCT050045-45,0.0060,4.00,no
2026-10-05T04:41:37.929317Z,KXETH15M-26OCT050045-45,0.0060,0.38,no
2026-10-05T04:41:37.929317Z,KXETH15M-26OCT050045-45,0.0070,32.00,no
2026-10-05T04:41:37.929317Z,KXETH15M-26OCT050045-45,0.0060,1.00,no
2026-10-05T04:41:37.929317Z,KXETH15M-26OCT050045-45,0.0060,4.05,no
2026-10-05T04:41:37.929317Z,KXETH15M-26OCT050045-45,0.0070,20.00,no
2026-10-05T04:41:37.929317Z,KXETH15M-26OCT050045-45,0.0080,12.00,no
2026-10-05T04:41:37.929317Z,KXETH15M-26OCT050045-45,0.0050,4.00,no
2026-10-05T04:41:37.929317Z,KXETH15M-26OCT050045-45,0.0050,4.00,no
2026-10-05T04:41:37.929317Z,KXETH15M-26OCT050045-45,0.0050,9.00,no
2026-10-05T04:41:37.929317Z,KXETH15M-26OCT050045-45,0.0080,41.00,no
2026-10-05T04:41:37.929317Z,KXETH15M-26OCT050045-45,0.0060,2.00,no
2026-10-05T04:41:37.929317Z,KXETH15M-26OCT050045-45,0.0080,22.00,no
2026-10-05T04:41:37.929317Z,KXETH15M-26OCT050045-45,0.0050,5.00,no
2026-10-05T04:41:39.091853Z,KXETH15M-26OCT050045-45,0.0080,5.00,yes
2026-10-05T04:41:39.101903Z,KXETH15M-26OCT050045-45,0.0080,1.00,yes
2026-10-05T04:41:39.110853Z,KXETH15M-26OCT050045-45,0.0080,1.00,yes
2026-10-05T04:41:39.124627Z,KXETH15M-26OCT050045-45,0.0080,3.00,yes
2026-10-05T04:41:39.225821Z,KXETH15M-26OCT050045-45,0.0080,69.83,yes
2026-10-05T04:41:39.303628Z,KXETH15M-26OCT050045-45,0.0080,3.00,yes
2026-10-05T04:41:39.317432Z,KXETH15M-26OCT050045-45,0.0080,3.00,yes
2026-10-05T04:41:39.326808Z,KXETH15M-26OCT050045-45,0.0070,41.00,no
2026-10-05T04:41:39.326808Z,KXETH15M-26OCT050045-45,0.0070,13.00,no
2026-10-05T04:41:39.326808Z,KXETH15M-26OCT050045-45,0.0070,45.60,no
2026-10-05T04:41:39.807345Z,KXETH15M-26OCT050045-45,0.0080,14.17,yes
2026-10-05T04:41:39.807345Z,KXETH15M-26OCT050045-45,0.0080,10.00,yes
2026-10-05T04:41:39.857859Z,KXETH15M-26OCT050045-45,0.0090,8.00,yes
2026-10-05T04:41:39.866103Z,KXETH15M-26OCT050045-45,0.0090,8.00,yes
2026-10-05T04:41:39.970672Z,KXETH15M-26OCT050045-45,0.0090,39.00,yes
2026-10-05T04:41:40.174595Z,KXETH15M-26OCT050045-45,0.0110,10.00,no
2026-10-05T04:41:40.920452Z,KXETH15M-26OCT050045-45,0.0100,16.22,no
2026-10-05T04:41:40.920452Z,KXETH15M-26OCT050045-45,0.0100,9.00,no
2026-10-05T04:41:41.424059Z,KXETH15M-26OCT050045-45,0.0120,6.00,yes
2026-10-05T04:41:41.424059Z,KXETH15M-26OCT050045-45,0.0120,8.00,yes
2026-10-05T04:41:41.424059Z,KXETH15M-26OCT050045-45,0.0130,18.02,yes
2026-10-05T04:41:41.424059Z,KXETH15M-26OCT050045-45,0.0130,28.00,yes
2026-10-05T04:41:41.424059Z,KXETH15M-26OCT050045-45,0.0130,11.00,yes
2026-10-05T04:41:41.838505Z,KXETH15M-26OCT050045-45,0.0090,21.00,no
2026-10-05T04:41:41.838505Z,KXETH15M-26OCT050045-45,0.0060,2.19,no
2026-10-05T04:41:41.838505Z,KXETH15M-26OCT050045-45,0.0060,4.00,no
2026-10-05T04:41:41.838505Z,KXETH15M-26OCT050045-45,0.0120,63.00,no
2026-10-05T04:41:41.838505Z,KXETH15M-26OCT050045-45,0.0110,41.00,no
2026-10-05T04:41:41.838505Z,KXETH15M-26OCT050045-45,0.0100,41.00,no
2026-10-05T04:41:41.838505Z,KXETH15M-26OCT050045-45,0.0100,9.00,no
2026-10-05T04:41:41.838505Z,KXETH15M-26OCT050045-45,0.0070,1.01,no
2026-10-05T04:41:43.33416Z,KXETH15M-26OCT050045-45,0.0140,4.72,yes
2026-10-05T04:41:43.33416Z,KXETH15M-26OCT050045-45,0.0140,20.00,yes
2026-10-05T04:41:43.33416Z,KXETH15M-26OCT050045-45,0.0140,4.00,yes
2026-10-05T04:41:43.33416Z,KXETH15M-26OCT050045-45,0.0110,13.00,yes
2026-10-05T04:41:43.33416Z,KXETH15M-26OCT050045-45,0.0120,4.00,yes
2026-10-05T04:41:43.33416Z,KXETH15M-26OCT050045-45,0.0130,4.00,yes
2026-10-05T04:41:43.33416Z,KXETH15M-26OCT050045-45,0.0140,4.00,yes
2026-10-05T04:41:43.33416Z,KXETH15M-26OCT050045-45,0.0130,4.00,yes
2026-10-05T04:41:43.33416Z,KXETH15M-26OCT050045-45,0.0100,3.00,yes
2026-10-05T04:41:43.33416Z,KXETH15M-26OCT050045-45,0.0100,13.00,yes
2026-10-05T04:41:45.454159Z,KXETH15M-26OCT050045-45,0.0120,20.00,yes
2026-10-05T04:41:45.454159Z,KXETH15M-26OCT050045-45,0.0110,4.00,yes
2026-10-05T04:41:45.454159Z,KXETH15M-26OCT050045-45,0.0110,24.00,yes
2026-10-05T04:41:45.454159Z,KXETH15M-26OCT050045-45,0.0110,12.00,yes
2026-10-05T04:41:45.454159Z,KXETH15M-26OCT050045-45,0.0130,14.71,yes
2026-10-05T04:41:47.408071Z,KXETH15M-26OCT050045-45,0.0150,167.00,yes
2026-10-05T04:41:47.408071Z,KXETH15M-26OCT050045-45,0.0140,15.00,yes
2026-10-05T04:41:47.408071Z,KXETH15M-26OCT050045-45,0.0140,20.00,yes
2026-10-05T04:41:47.408071Z,KXETH15M-26OCT050045-45,0.0150,9.00,yes
2026-10-05T04:41:47.408071Z,KXETH15M-26OCT050045-45,0.0130,5.29,yes
2026-10-05T04:41:47.408071Z,KXETH15M-26OCT050045-45,0.0130,15.00,yes
2026-10-05T04:41:47.408071Z,KXETH15M-26OCT050045-45,0.0120,20.00,yes
2026-10-05T04:41:47.408071Z,KXETH15M-26OCT050045-45,0.0150,4.00,yes
2026-10-05T04:41:47.408071Z,KXETH15M-26OCT050045-45,0.0150,4.00,yes
2026-10-05T04:41:47.408071Z,KXETH15M-26OCT050045-45,0.0120,1.00,yes
2026-10-05T04:41:47.408071Z,KXETH15M-26OCT050045-45,0.0120,18.00,yes
2026-10-05T04:41:47.408071Z,KXETH15M-26OCT050045-45,0.0150,0.34,yes
2026-10-05T04:41:47.408071Z,KXETH15M-26OCT050045-45,0.0100,22.00,yes
2026-10-05T04:41:47.408071Z,KXETH15M-26OCT050045-45,0.0110,11.00,yes
2026-10-05T04:41:47.408071Z,KXETH15M-26OCT050045-45,0.0110,22.00,yes
2026-10-05T04:41:47.408071Z,KXETH15M-26OCT050045-45,0.0150,0.62,yes
2026-10-05T04:41:48.191472Z,KXETH15M-26OCT050045-45,0.0110,20.00,yes
2026-10-05T04:41:48.191472Z,KXETH15M-26OCT050045-45,0.0150,0.62,yes
2026-10-05T04:41:48.191472Z,KXETH15M-26OCT050045-45,0.0150,4.00,yes
2026-10-05T04:41:48.191472Z,KXETH15M-26OCT050045-45,0.0100,11.00,yes
2026-10-05T04:41:48.191472Z,KXETH15M-26OCT050045-45,0.0100,15.00,yes
2026-10-05T04:41:48.191472Z,KXETH15M-26OCT050045-45,0.0150,9.00,yes
2026-10-05T04:41:48.191472Z,KXETH15M-26OCT050045-45,0.0100,20.00,yes
2026-10-05T04:41:48.191472Z,KXETH15M-26OCT050045-45,0.0150,9.00,yes
2026-10-05T04:41:48.191472Z,KXETH15M-26OCT050045-45,0.0150,14.00,yes
2026-10-05T04:41:48.191472Z,KXETH15M-26OCT050045-45,0.0150,4.00,yes
2026-10-05T04:41:48.191472Z,KXETH15M-26OCT050045-45,0.0110,19.00,yes
2026-10-05T04:41:48.191472Z,KXETH15M-26OCT050045-45,0.0140,20.00,yes
2026-10-05T04:41:48.191472Z,KXETH15M-26OCT050045-45,0.0160,23.31,yes
2026-10-05T04:41:48.191472Z,KXETH15M-26OCT050045-45,0.0160,0.68,yes
2026-10-05T04:41:49.950981Z,KXETH15M-26OCT050045-45,0.0090,12.00,yes
2026-10-05T04:41:49.959271Z,KXETH15M-26OCT050045-45,0.0090,4.00,yes
2026-10-05T04:41:49.966497Z,KXETH15M-26OCT050045-45,0.0090,4.00,yes
2026-10-05T04:41:50.694424Z,KXETH15M-26OCT050045-45,0.0110,20.00,yes
2026-10-05T04:41:50.694424Z,KXETH15M-26OCT050045-45,0.0100,1.00,yes
2026-10-05T04:41:50.694424Z,KXETH15M-26OCT050045-45,0.0110,19.00,yes
2026-10-05T04:41:50.694424Z,KXETH15M-26OCT050045-45,0.0140,9.35,yes
2026-10-05T04:41:50.694424Z,KXETH15M-26OCT050045-45,0.0100,20.00,yes
2026-10-05T04:41:50.694424Z,KXETH15M-26OCT050045-45,0.0110,14.00,yes
2026-10-05T04:41:50.718294Z,KXETH15M-26OCT050045-45,0.0100,15.00,yes
2026-10-05T04:41:50.725031Z,KXETH15M-26OCT050045-45,0.0100,5.00,yes
2026-10-05T04:41:50.733369Z,KXETH15M-26OCT050045-45,0.0110,2.70,yes
2026-10-05T04:41:50.733369Z,KXETH15M-26OCT050045-45,0.0100,20.00,yes
2026-10-05T04:41:50.800698Z,KXETH15M-26OCT050045-45,0.0110,1.00,yes
2026-10-05T04:41:50.800899Z,KXETH15M-26OCT050045-45,0.0120,20.00,yes
2026-10-05T04:41:51.001087Z,KXETH15M-26OCT050045-45,0.0130,58.00,no
2026-10-05T04:41:51.672655Z,KXETH15M-26OCT050045-45,0.0100,4.54,yes
2026-10-05T04:41:51.76405Z,KXETH15M-26OCT050045-45,0.0100,4.00,yes
2026-10-05T04:41:51.773208Z,KXETH15M-26OCT050045-45,0.0100,2.00,yes
2026-10-05T04:41:51.871551Z,KXETH15M-26OCT050045-45,0.0100,9.46,yes
2026-10-05T04:41:51.871551Z,KXETH15M-26OCT050045-45,0.0110,12.63,yes
2026-10-05T04:41:53.176076Z,KXETH15M-26OCT050045-45,0.0150,9.00,yes
2026-10-05T04:41:53.176076Z,KXETH15M-26OCT050045-45,0.0130,28.00,yes
2026-10-05T04:41:53.176076Z,KXETH15M-26OCT050045-45,0.0150,5.07,yes
2026-10-05T04:41:53.176076Z,KXETH15M-26OCT050045-45,0.0130,22.00,yes
2026-10-05T04:41:53.176076Z,KXETH15M-26OCT050045-45,0.0110,7.37,yes
2026-10-05T04:41:53.176076Z,KXETH15M-26OCT050045-45,0.0150,20.00,yes
2026-10-05T04:41:53.176076Z,KXETH15M-26OCT050045-45,0.0120,1.00,yes
2026-10-05T04:41:53.176076Z,KXETH15M-26OCT050045-45,0.0110,13.00,yes
2026-10-05T04:41:53.176076Z,KXETH15M-26OCT050045-45,0.0150,4.00,yes
2026-10-05T04:41:53.176076Z,KXETH15M-26OCT050045-45,0.0120,20.00,yes
2026-10-05T04:41:53.176076Z,KXETH15M-26OCT050045-45,0.0120,13.00,yes
2026-10-05T04:41:53.622013Z,KXETH15M-26OCT050045-45,0.0130,22.00,yes
2026-10-05T04:41:53.622013Z,KXETH15M-26OCT050045-45,0.0130,20.00,yes
2026-10-05T04:41:53.631274Z,KXETH15M-26OCT050045-45,0.0140,15.00,yes
2026-10-05T04:41:53.631274Z,KXETH15M-26OCT050045-45,0.0130,20.00,yes
2026-10-05T04:41:54.731343Z,KXETH15M-26OCT050045-45,0.0160,2.00,yes
2026-10-05T04:41:55.062568Z,KXETH15M-26OCT050045-45,0.0150,51.00,no
2026-10-05T04:41:55.062568Z,KXETH15M-26OCT050045-45,0.0150,3.00,no
2026-10-05T04:41:55.062568Z,KXETH15M-26OCT050045-45,0.0150,22.00,no
2026-10-05T04:41:55.312289Z,KXETH15M-26OCT050045-45,0.0160,36.83,yes
2026-10-05T04:41:56.071609Z,KXETH15M-26OCT050045-45,0.0160,0.62,yes
2026-10-05T04:41:56.071609Z,KXETH15M-26OCT050045-45,0.0160,81.97,yes
2026-10-05T04:41:56.071609Z,KXETH15M-26OCT050045-45,0.0180,20.00,yes
2026-10-05T04:41:56.071609Z,KXETH15M-26OCT050045-45,0.0150,14.00,yes
2026-10-05T04:41:56.071609Z,KXETH15M-26OCT050045-45,0.0160,16.00,yes
2026-10-05T04:41:56.071609Z,KXETH15M-26OCT050045-45,0.0180,4.00,yes
2026-10-05T04:41:56.071609Z,KXETH15M-26OCT050045-45,0.0160,20.00,yes
2026-10-05T04:41:56.071609Z,KXETH15M-26OCT050045-45,0.0150,20.00,yes
2026-10-05T04:41:56.071609Z,KXETH15M-26OCT050045-45,0.0180,22.00,yes
2026-10-05T04:41:56.071609Z,KXETH15M-26OCT050045-45,0.0190,214.00,yes
2026-10-05T04:41:56.071609Z,KXETH15M-26OCT050045-45,0.0180,0.82,yes
2026-10-05T04:41:56.071609Z,KXETH15M-26OCT050045-45,0.0170,0.74,yes
2026-10-05T04:41:56.749781Z,KXETH15M-26OCT050045-45,0.0230,97.00,yes
2026-10-05T04:41:56.749781Z,KXETH15M-26OCT050045-45,0.0230,10.78,yes
2026-10-05T04:41:56.749781Z,KXETH15M-26OCT050045-45,0.0170,0.68,yes
2026-10-05T04:41:56.749781Z,KXETH15M-26OCT050045-45,0.0180,12.00,yes
2026-10-05T04:41:56.749781Z,KXETH15M-26OCT050045-45,0.0200,4.00,yes
2026-10-05T04:41:56.749781Z,KXETH15M-26OCT050045-45,0.0210,4.00,yes
2026-10-05T04:41:56.749781Z,KXETH15M-26OCT050045-45,0.0200,4.00,yes
2026-10-05T04:41:56.749781Z,KXETH15M-26OCT050045-45,0.0180,19.28,yes
2026-10-05T04:41:56.749781Z,KXETH15M-26OCT050045-45,0.0220,4.00,yes
2026-10-05T04:41:56.749781Z,KXETH15M-26OCT050045-45,0.0190,4.00,yes
2026-10-05T04:41:56.749781Z,KXETH15M-26OCT050045-45,0.0200,20.00,yes
2026-10-05T04:41:56.749781Z,KXETH15M-26OCT050045-45,0.0210,4.00,yes
2026-10-05T04:41:56.749781Z,KXETH15M-26OCT050045-45,0.0200,12.00,yes
2026-10-05T04:41:56.749781Z,KXETH15M-26OCT050045-45,0.0210,1.01,yes
2026-10-05T04:41:56.749781Z,KXETH15M-26OCT050045-45,0.0200,0.59,yes
2026-10-05T04:41:56.749781Z,KXETH15M-26OCT050045-45,0.0210,0.65,yes
2026-10-05T04:41:56.749781Z,KXETH15M-26OCT050045-45,0.0190,0.54,yes
2026-10-05T04:41:56.749781Z,KXETH15M-26OCT050045-45,0.0190,24.38,yes
2026-10-05T04:41:56.749781Z,KXETH15M-26OCT050045-45,0.0190,32.71,yes
2026-10-05T04:41:56.749781Z,KXETH15M-26OCT050045-45,0.0230,0.21,yes
2026-10-05T04:41:56.749781Z,KXETH15M-26OCT050045-45,0.0220,0.19,yes
2026-10-05T04:41:56.749781Z,KXETH15M-26OCT050045-45,0.0190,3.00,yes
2026-10-05T04:41:56.749781Z,KXETH15M-26OCT050045-45,0.0190,202.98,yes
2026-10-05T04:41:57.151404Z,KXETH15M-26OCT050045-45,0.0150,20.00,no
2026-10-05T04:41:57.151404Z,KXETH15M-26OCT050045-45,0.0180,22.00,no
2026-10-05T04:41:57.151404Z,KXETH15M-26OCT050045-45,0.0170,60.09,no
2026-10-05T04:41:57.151404Z,KXETH15M-26OCT050045-45,0.0150,41.00,no
2026-10-05T04:41:57.151404Z,KXETH15M-26OCT050045-45,0.0150,9.00,no
2026-10-05T04:41:57.151404Z,KXETH15M-26OCT050045-45,0.0140,2.91,no
2026-10-05T04:41:57.151404Z,KXETH15M-26OCT050045-45,0.0170,45.00,no
2026-10-05T04:41:57.645555Z,KXETH15M-26OCT050045-45,0.0150,44.25,no
2026-10-05T04:41:58.135877Z,KXETH15M-26OCT050045-45,0.0190,6.06,yes
2026-10-05T04:41:58.135877Z,KXETH15M-26OCT050045-45,0.0160,29.00,yes
2026-10-05T04:41:58.135877Z,KXETH15M-26OCT050045-45,0.0180,20.00,yes
2026-10-05T04:41:59.797782Z,KXETH15M-26OCT050045-45,0.0170,20.00,yes
2026-10-05T04:41:59.797782Z,KXETH15M-26OCT050045-45,0.0170,0.62,yes
2026-10-05T04:42:00.230413Z,KXETH15M-26OCT050045-45,0.0180,0.68,yes
2026-10-05T04:42:00.230413Z,KXETH15M-26OCT050045-45,0.0180,4.00,yes
2026-10-05T04:42:00.418962Z,KXETH15M-26OCT050045-45,0.0220,1.00,yes
2026-10-05T04:42:00.418962Z,KXETH15M-26OCT050045-45,0.0240,4.00,yes
2026-10-05T04:42:00.418962Z,KXETH15M-26OCT050045-45,0.0250,4.00,yes
2026-10-05T04:42:00.418962Z,KXETH15M-26OCT050045-45,0.0230,9.00,yes
2026-10-05T04:42:00.418962Z,KXETH15M-26OCT050045-45,0.0220,14.00,yes
2026-10-05T04:42:00.418962Z,KXETH15M-26OCT050045-45,0.0250,4.00,yes
2026-10-05T04:42:00.418962Z,KXETH15M-26OCT050045-45,0.0260,4.00,yes
2026-10-05T04:42:00.418962Z,KXETH15M-26OCT050045-45,0.0240,4.00,yes
2026-10-05T04:42:00.418962Z,KXETH15M-26OCT050045-45,0.0240,97.00,yes
2026-10-05T04:42:00.418962Z,KXETH15M-26OCT050045-45,0.0240,22.00,yes
2026-10-05T04:42:00.418962Z,KXETH15M-26OCT050045-45,0.0260,4.00,yes
2026-10-05T04:42:00.418962Z,KXETH15M-26OCT050045-45,0.0230,1.08,yes
2026-10-05T04:42:00.418962Z,KXETH15M-26OCT050045-45,0.0220,0.99,yes
2026-10-05T04:42:00.418962Z,KXETH15M-26OCT050045-45,0.0210,0.90,yes
2026-10-05T04:42:00.418962Z,KXETH15M-26OCT050045-45,0.0200,0.82,yes
2026-10-05T04:42:00.418962Z,KXETH15M-26OCT050045-45,0.0270,12.00,yes
2026-10-05T04:42:00.418962Z,KXETH15M-26OCT050045-45,0.0190,0.74,yes
2026-10-05T04:42:00.418962Z,KXETH15M-26OCT050045-45,0.0230,13.00,yes
2026-10-05T04:42:00.418962Z,KXETH15M-26OCT050045-45,0.0230,60.09,yes
2026-10-05T04:42:00.418962Z,KXETH15M-26OCT050045-45,0.0300,0.20,yes
2026-10-05T04:42:00.418962Z,KXETH15M-26OCT050045-45,0.0280,500.00,yes
2026-10-05T04:42:00.418962Z,KXETH15M-26OCT050045-45,0.0300,50.00,yes
2026-10-05T04:42:00.418962Z,KXETH15M-26OCT050045-45,0.0280,0.18,yes
2026-10-05T04:42:00.418962Z,KXETH15M-26OCT050045-45,0.0260,0.27,yes
2026-10-05T04:42:00.418962Z,KXETH15M-26OCT050045-45,0.0250,0.25,yes
2026-10-05T04:42:00.418962Z,KXETH15M-26OCT050045-45,0.0240,0.23,yes
2026-10-05T04:42:00.418962Z,KXETH15M-26OCT050045-45,0.0270,0.33,yes
2026-10-05T04:42:00.418962Z,KXETH15M-26OCT050045-45,0.0280,29.91,yes
2026-10-05T04:42:00.418962Z,KXETH15M-26OCT050045-45,0.0290,75.00,yes
2026-10-05T04:42:00.418962Z,KXETH15M-26OCT050045-45,0.0300,0.08,yes
2026-10-05T04:42:00.418962Z,KXETH15M-26OCT050045-45,0.0290,0.08,yes
2026-10-05T04:42:00.418962Z,KXETH15M-26OCT050045-45,0.0300,100.00,yes
2026-10-05T04:42:00.418962Z,KXETH15M-26OCT050045-45,0.0300,39.28,yes
2026-10-05T04:42:00.480039Z,KXETH15M-26OCT050045-45,0.0210,36.00,no
2026-10-05T04:42:00.50895Z,KXETH15M-26OCT050045-45,0.0220,3.00,no
2026-10-05T04:42:00.530782Z,KXETH15M-26OCT050045-45,0.0220,57.09,no
2026-10-05T04:42:00.530782Z,KXETH15M-26OCT050045-45,0.0220,29.91,no
2026-10-05T04:42:00.556698Z,KXETH15M-26OCT050045-45,0.0170,7.60,no
2026-10-05T04:42:01.697885Z,KXETH15M-26OCT050045-45,0.0160,4.00,no
2026-10-05T04:42:01.697885Z,KXETH15M-26OCT050045-45,0.0160,1.00,no
2026-10-05T04:42:01.697885Z,KXETH15M-26OCT050045-45,0.0170,4.00,no
2026-10-05T04:42:01.697885Z,KXETH15M-26OCT050045-45,0.0170,41.00,no
2026-10-05T04:42:02.280695Z,KXETH15M-26OCT050045-45,0.0300,9.39,yes
2026-10-05T04:42:02.280695Z,KXETH15M-26OCT050045-45,0.0300,19.80,yes
2026-10-05T04:42:02.280695Z,KXETH15M-26OCT050045-45,0.0250,9.00,yes
2026-10-05T04:42:02.280695Z,KXETH15M-26OCT050045-45,0.0280,29.91,yes
2026-10-05T04:42:02.280695Z,KXETH15M-26OCT050045-45,0.0210,14.00,yes
2026-10-05T04:42:02.280695Z,KXETH15M-26OCT050045-45,0.0280,57.09,yes
2026-10-05T04:42:02.280695Z,KXETH15M-26OCT050045-45,0.0230,500.00,yes
2026-10-05T04:42:02.280695Z,KXETH15M-26OCT050045-45,0.0250,9.00,yes
2026-10-05T04:42:02.280695Z,KXETH15M-26OCT050045-45,0.0280,3.00,yes
2026-10-05T04:42:02.280695Z,KXETH15M-26OCT050045-45,0.0220,20.00,yes
2026-10-05T04:42:02.280695Z,KXETH15M-26OCT050045-45,0.0210,20.00,yes
2026-10-05T04:42:02.280695Z,KXETH15M-26OCT050045-45,0.0240,98.00,yes
2026-10-05T04:42:02.280695Z,KXETH15M-26OCT050045-45,0.0260,4.00,yes
2026-10-05T04:42:02.280695Z,KXETH15M-26OCT050045-45,0.0260,1.19,yes
2026-10-05T04:42:02.280695Z,KXETH15M-26OCT050045-45,0.0210,0.74,yes
2026-10-05T04:42:02.280695Z,KXETH15M-26OCT050045-45,0.0230,0.90,yes
2026-10-05T04:42:02.280695Z,KXETH15M-26OCT050045-45,0.0200,0.68,yes
2026-10-05T04:42:02.280695Z,KXETH15M-26OCT050045-45,0.0200,50.00,yes
2026-10-05T04:42:02.280695Z,KXETH15M-26OCT050045-45,0.0250,1.08,yes
2026-10-05T04:42:02.280695Z,KXETH15M-26OCT050045-45,0.0270,1.31,yes
2026-10-05T04:42:02.280695Z,KXETH15M-26OCT050045-45,0.0190,12.00,yes
2026-10-05T04:42:02.280695Z,KXETH15M-26OCT050045-45,0.0240,4.00,yes
2026-10-05T04:42:02.280695Z,KXETH15M-26OCT050045-45,0.0250,4.00,yes
2026-10-05T04:42:02.280695Z,KXETH15M-26OCT050045-45,0.0190,8.00,yes
2026-10-05T04:42:02.280695Z,KXETH15M-26OCT050045-45,0.0280,1.44,yes
2026-10-05T04:42:02.280695Z,KXETH15M-26OCT050045-45,0.0220,0.82,yes
2026-10-05T04:42:02.280695Z,KXETH15M-26OCT050045-45,0.0290,1.58,yes
2026-10-05T04:42:02.280695Z,KXETH15M-26OCT050045-45,0.0240,0.90,yes
2026-10-05T04:42:02.280695Z,KXETH15M-26OCT050045-45,0.0240,50.00,yes
2026-10-05T04:42:02.280695Z,KXETH15M-26OCT050045-45,0.0190,19.00,yes
2026-10-05T04:42:02.775609Z,KXETH15M-26OCT050045-45,0.0180,2.00,no
2026-10-05T04:42:02.838599Z,KXETH15M-26OCT050045-45,0.0170,4.00,no
2026-10-05T04:42:02.838599Z,KXETH15M-26OCT050045-45,0.0180,42.00,no
2026-10-05T04:42:02.838599Z,KXETH15M-26OCT050045-45,0.0170,12.00,no
2026-10-05T04:42:02.838599Z,KXETH15M-26OCT050045-45,0.0180,2.00,no
2026-10-05T04:42:02.898691Z,KXETH15M-26OCT050045-45,0.0200,10.00,yes
2026-10-05T04:42:03.066516Z,KXETH15M-26OCT050045-45,0.0180,5.72,yes
2026-10-05T04:42:03.202941Z,KXETH15M-26OCT050045-45,0.0160,4.59,yes
2026-10-05T04:42:03.210993Z,KXETH15M-26OCT050045-45,0.0150,1.00,no
2026-10-05T04:42:03.33813Z,KXETH15M-26OCT050045-45,0.0150,0.28,yes
2026-10-05T04:42:03.391845Z,KXETH15M-26OCT050045-45,0.0130,3.04,no
2026-10-05T04:42:04.776087Z,KXETH15M-26OCT050045-45,0.0090,1.00,no
2026-10-05T04:42:04.776087Z,KXETH15M-26OCT050045-45,0.0130,4.00,no
2026-10-05T04:42:04.776087Z,KXETH15M-26OCT050045-45,0.0140,90.00,no
2026-10-05T04:42:04.776087Z,KXETH15M-26OCT050045-45,0.0140,4.00,no
2026-10-05T04:42:04.776087Z,KXETH15M-26OCT050045-45,0.0150,4.00,no
2026-10-05T04:42:04.776087Z,KXETH15M-26OCT050045-45,0.0130,4.00,no
2026-10-05T04:42:04.776087Z,KXETH15M-26OCT050045-45,0.0150,4.00,no
2026-10-05T04:42:04.776087Z,KXETH15M-26OCT050045-45,0.0140,41.00,no
2026-10-05T04:42:04.776087Z,KXETH15M-26OCT050045-45,0.0150,12.00,no
2026-10-05T04:42:04.776087Z,KXETH15M-26OCT050045-45,0.0100,9.00,no
2026-10-05T04:42:04.776087Z,KXETH15M-26OCT050045-45,0.0100,9.00,no
2026-10-05T04:42:04.776087Z,KXETH15M-26OCT050045-45,0.0140,4.00,no
2026-10-05T04:42:04.776087Z,KXETH15M-26OCT050045-45,0.0100,25.00,no
2026-10-05T04:42:04.776087Z,KXETH15M-26OCT050045-45,0.0060,497.31,no
2026-10-05T04:42:04.776087Z,KXETH15M-26OCT050045-45,0.0140,29.00,no
2026-10-05T04:42:04.776087Z,KXETH15M-26OCT050045-45,0.0110,20.00,no
2026-10-05T04:42:04.776087Z,KXETH15M-26OCT050045-45,0.0090,33.19,no
2026-10-05T04:42:05.716022Z,KXETH15M-26OCT050045-45,0.0180,6.43,yes
2026-10-05T04:42:05.716022Z,KXETH15M-26OCT050045-45,0.0180,25.00,yes
2026-10-05T04:42:05.716022Z,KXETH15M-26OCT050045-45,0.0170,20.00,yes
2026-10-05T04:42:05.716022Z,KXETH15M-26OCT050045-45,0.0180,0.31,yes
2026-10-05T04:42:05.716022Z,KXETH15M-26OCT050045-45,0.0170,0.34,yes
2026-10-05T04:42:05.968295Z,KXETH15M-26OCT050045-45,0.0130,1.77,no
2026-10-05T04:42:06.744404Z,KXETH15M-26OCT050045-45,0.0170,7.00,yes
2026-10-05T04:42:06.84192Z,KXETH15M-26OCT050045-45,0.0160,1.00,no
2026-10-05T04:42:07.368889Z,KXETH15M-26OCT050045-45,0.0190,0.34,yes
2026-10-05T04:42:07.625262Z,KXETH15M-26OCT050045-45,0.0200,1.00,yes
2026-10-05T04:42:07.627271Z,KXETH15M-26OCT050045-45,0.0200,15.00,yes
2026-10-05T04:42:07.634974Z,KXETH15M-26OCT050045-45,0.0200,4.00,yes
2026-10-05T04:42:07.650608Z,KXETH15M-26OCT050045-45,0.0190,40.00,no
2026-10-05T04:42:08.072923Z,KXETH15M-26OCT050045-45,0.0160,48.00,no
2026-10-05T04:42:08.072923Z,KXETH15M-26OCT050045-45,0.0160,4.00,no
2026-10-05T04:42:08.072923Z,KXETH15M-26OCT050045-45,0.0150,9.00,no
2026-10-05T04:42:08.072923Z,KXETH15M-26OCT050045-45,0.0180,100.00,no
2026-10-05T04:42:08.072923Z,KXETH15M-26OCT050045-45,0.0150,4.00,no
2026-10-05T04:42:08.072923Z,KXETH15M-26OCT050045-45,0.0150,22.00,no
2026-10-05T04:42:08.072923Z,KXETH15M-26OCT050045-45,0.0140,4.00,no
2026-10-05T04:42:08.072923Z,KXETH15M-26OCT050045-45,0.0150,4.00,no
2026-10-05T04:42:08.072923Z,KXETH15M-26OCT050045-45,0.0130,1.01,no
2026-10-05T04:42:08.072923Z,KXETH15M-26OCT050045-45,0.0150,9.00,no
2026-10-05T04:42:08.072923Z,KXETH15M-26OCT050045-45,0.0160,20.00,no
2026-10-05T04:42:08.287105Z,KXETH15M-26OCT050045-45,0.0110,4.00,no
2026-10-05T04:42:08.287105Z,KXETH15M-26OCT050045-45,0.0110,4.00,no
2026-10-05T04:42:08.287105Z,KXETH15M-26OCT050045-45,0.0110,0.10,no
2026-10-05T04:42:08.637835Z,KXETH15M-26OCT050045-45,0.0120,3.00,yes
2026-10-05T04:42:08.650003Z,KXETH15M-26OCT050045-45,0.0120,4.31,yes
2026-10-05T04:42:08.871867Z,KXETH15M-26OCT050045-45,0.0120,264.99,yes
2026-10-05T04:42:08.871867Z,KXETH15M-26OCT050045-45,0.0150,0.19,yes
2026-10-05T04:42:08.871867Z,KXETH15M-26OCT050045-45,0.0140,0.30,yes
2026-10-05T04:42:08.871867Z,KXETH15M-26OCT050045-45,0.0120,0.25,yes
2026-10-05T04:42:08.871867Z,KXETH15M-26OCT050045-45,0.0130,0.27,yes
2026-10-05T04:42:08.871867Z,KXETH15M-26OCT050045-45,0.0150,22.00,yes
2026-10-05T04:42:09.04997Z,KXETH15M-26OCT050045-45,0.0140,29.00,no
2026-10-05T04:42:09.04997Z,KXETH15M-26OCT050045-45,0.0140,22.00,no
2026-10-05T04:42:09.194232Z,KXETH15M-26OCT050045-45,0.0140,19.37,no
2026-10-05T04:42:09.194232Z,KXETH15M-26OCT050045-45,0.0140,19.00,no
2026-10-05T04:42:09.485817Z,KXETH15M-26OCT050045-45,0.0150,2.83,yes
2026-10-05T04:42:09.485817Z,KXETH15M-26OCT050045-45,0.0150,1.00,yes
2026-10-05T04:42:10.11817Z,KXETH15M-26OCT050045-45,0.0130,41.00,no
2026-10-05T04:42:10.11817Z,KXETH15M-26OCT050045-45,0.0100,9.00,no
2026-10-05T04:42:10.11817Z,KXETH15M-26OCT050045-45,0.0090,4.00,no
2026-10-05T04:42:10.11817Z,KXETH15M-26OCT050045-45,0.0070,4.00,no
2026-10-05T04:42:10.11817Z,KXETH15M-26OCT050045-45,0.0070,4.04,no
2026-10-05T04:42:10.11817Z,KXETH15M-26OCT050045-45,0.0140,41.00,no
2026-10-05T04:42:10.11817Z,KXETH15M-26OCT050045-45,0.0090,1.01,no
2026-10-05T04:42:10.11817Z,KXETH15M-26OCT050045-45,0.0080,4.00,no
2026-10-05T04:42:10.11817Z,KXETH15M-26OCT050045-45,0.0140,19.00,no
2026-10-05T04:42:10.11817Z,KXETH15M-26OCT050045-45,0.0120,29.00,no
2026-10-05T04:42:10.11817Z,KXETH15M-26OCT050045-45,0.0110,50.00,no
2026-10-05T04:42:10.11817Z,KXETH15M-26OCT050045-45,0.0100,9.00,no
2026-10-05T04:42:10.11817Z,KXETH15M-26OCT050045-45,0.0110,4.00,no
2026-10-05T04:42:10.11817Z,KXETH15M-26OCT050045-45,0.0110,20.00,no
2026-10-05T04:42:10.11817Z,KXETH15M-26OCT050045-45,0.0090,4.00,no
2026-10-05T04:42:10.11817Z,KXETH15M-26OCT050045-45,0.0050,3.10,no
2026-10-05T04:42:10.11817Z,KXETH15M-26OCT050045-45,0.0100,4.00,no
2026-10-05T04:42:10.11817Z,KXETH15M-26OCT050045-45,0.0100,30.00,no
2026-10-05T04:42:10.11817Z,KXETH15M-26OCT050045-45,0.0050,9.00,no
2026-10-05T04:42:10.11817Z,KXETH15M-26OCT050045-45,0.0050,8.00,no
2026-10-05T04:42:10.185801Z,KXETH15M-26OCT050045-45,0.0120,39.24,no
2026-10-05T04:42:11.434223Z,KXETH15M-26OCT050045-45,0.0150,1.61,yes
2026-10-05T04:42:11.434223Z,KXETH15M-26OCT050045-45,0.0140,4.00,yes
2026-10-05T04:42:11.434223Z,KXETH15M-26OCT050045-45,0.0130,4.00,yes
2026-10-05T04:42:11.434223Z,KXETH15M-26OCT050045-45,0.0150,4.00,yes
2026-10-05T04:42:11.434223Z,KXETH15M-26OCT050045-45,0.0130,21.00,yes
2026-10-05T04:42:12.648003Z,KXETH15M-26OCT050045-45,0.0120,2.02,no
2026-10-05T04:42:13.164032Z,KXETH15M-26OCT050045-45,0.0110,13.55,no
2026-10-05T04:42:15.345327Z,KXETH15M-26OCT050045-45,0.0130,4.00,yes
2026-10-05T04:42:15.345327Z,KXETH15M-26OCT050045-45,0.0130,13.63,yes
2026-10-05T04:42:16.680334Z,KXETH15M-26OCT050045-45,0.0140,13.00,yes
2026-10-05T04:42:16.680334Z,KXETH15M-26OCT050045-45,0.0130,21.00,yes
2026-10-05T04:42:16.680334Z,KXETH15M-26OCT050045-45,0.0150,4.00,yes
2026-10-05T04:42:16.680334Z,KXETH15M-26OCT050045-45,0.0150,10.71,yes
2026-10-05T04:42:16.680334Z,KXETH15M-26OCT050045-45,0.0130,6.00,yes
2026-10-05T04:42:16.680334Z,KXETH15M-26OCT050045-45,0.0150,4.00,yes
2026-10-05T04:42:16.680334Z,KXETH15M-26OCT050045-45,0.0140,8.00,yes
2026-10-05T04:42:17.598029Z,KXETH15M-26OCT050045-45,0.0100,19.00,no
2026-10-05T04:42:17.908483Z,KXETH15M-26OCT050045-45,0.0120,5.00,yes
2026-10-05T04:42:17.908483Z,KXETH15M-26OCT050045-45,0.0120,9.60,yes
2026-10-05T04:42:17.908483Z,KXETH15M-26OCT050045-45,0.0120,20.00,yes
2026-10-05T04:42:17.908483Z,KXETH15M-26OCT050045-45,0.0120,4.00,yes
2026-10-05T04:42:17.908483Z,KXETH15M-26OCT050045-45,0.0120,4.00,yes
2026-10-05T04:42:17.908483Z,KXETH15M-26OCT050045-45,0.0120,2.00,yes
2026-10-05T04:42:17.908483Z,KXETH15M-26OCT050045-45,0.0120,19.00,yes
2026-10-05T04:42:18.064797Z,KXETH15M-26OCT050045-45,0.0100,0.01,no
2026-10-05T04:42:18.064797Z,KXETH15M-26OCT050045-45,0.0100,6.00,no
2026-10-05T04:42:18.148972Z,KXETH15M-26OCT050045-45,0.0060,15.31,no
2026-10-05T04:42:18.501512Z,KXETH15M-26OCT050045-45,0.0200,0.38,yes
2026-10-05T04:42:18.501512Z,KXETH15M-26OCT050045-45,0.0200,71.00,yes
2026-10-05T04:42:18.501512Z,KXETH15M-26OCT050045-45,0.0190,18.39,yes
2026-10-05T04:42:18.501512Z,KXETH15M-26OCT050045-45,0.0200,4.39,yes
2026-10-05T04:42:18.501512Z,KXETH15M-26OCT050045-45,0.0200,9.00,yes
2026-10-05T04:42:18.501512Z,KXETH15M-26OCT050045-45,0.0200,9.00,yes
2026-10-05T04:42:18.501512Z,KXETH15M-26OCT050045-45,0.0170,0.40,yes
2026-10-05T04:42:18.501512Z,KXETH15M-26OCT050045-45,0.0160,1.00,yes
2026-10-05T04:42:18.501512Z,KXETH15M-26OCT050045-45,0.0190,0.25,yes
2026-10-05T04:42:18.501512Z,KXETH15M-26OCT050045-45,0.0180,0.44,yes
2026-10-05T04:42:18.501512Z,KXETH15M-26OCT050045-45,0.0120,4.00,yes
2026-10-05T04:42:18.501512Z,KXETH15M-26OCT050045-45,0.0180,1.01,yes
2026-10-05T04:42:18.501512Z,KXETH15M-26OCT050045-45,0.0100,20.00,yes
2026-10-05T04:42:18.501512Z,KXETH15M-26OCT050045-45,0.0100,22.00,yes
2026-10-05T04:42:18.501512Z,KXETH15M-26OCT050045-45,0.0130,4.00,yes
2026-10-05T04:42:18.501512Z,KXETH15M-26OCT050045-45,0.0140,4.00,yes
2026-10-05T04:42:18.501512Z,KXETH15M-26OCT050045-45,0.0140,4.00,yes
2026-10-05T04:42:18.501512Z,KXETH15M-26OCT050045-45,0.0150,9.00,yes
2026-10-05T04:42:18.501512Z,KXETH15M-26OCT050045-45,0.0160,4.04,yes
2026-10-05T04:42:18.501512Z,KXETH15M-26OCT050045-45,0.0110,6.00,yes
2026-10-05T04:42:18.501512Z,KXETH15M-26OCT050045-45,0.0150,4.00,yes
2026-10-05T04:42:18.501512Z,KXETH15M-26OCT050045-45,0.0090,20.00,yes
2026-10-05T04:42:18.501512Z,KXETH15M-26OCT050045-45,0.0130,22.00,yes
2026-10-05T04:42:18.501512Z,KXETH15M-26OCT050045-45,0.0150,9.00,yes
2026-10-05T04:42:18.501512Z,KXETH15M-26OCT050045-45,0.0140,1.01,yes
2026-10-05T04:42:18.501512Z,KXETH15M-26OCT050045-45,0.0130,4.00,yes
2026-10-05T04:42:18.501512Z,KXETH15M-26OCT050045-45,0.0120,9.40,yes
2026-10-05T04:42:18.501512Z,KXETH15M-26OCT050045-45,0.0190,12.00,yes
2026-10-05T04:42:18.549226Z,KXETH15M-26OCT050045-45,0.0080,1.00,yes
2026-10-05T04:42:18.557288Z,KXETH15M-26OCT050045-45,0.0080,1.00,yes
2026-10-05T04:42:18.566011Z,KXETH15M-26OCT050045-45,0.0080,3.00,yes
2026-10-05T04:42:18.574243Z,KXETH15M-26OCT050045-45,0.0080,3.00,yes
2026-10-05T04:42:18.741278Z,KXETH15M-26OCT050045-45,0.0080,5.00,yes
2026-10-05T04:42:18.753915Z,KXETH15M-26OCT050045-45,0.0080,1.00,yes
2026-10-05T04:42:18.951074Z,KXETH15M-26OCT050045-45,0.0080,14.00,yes
2026-10-05T04:42:18.951074Z,KXETH15M-26OCT050045-45,0.0080,6.00,yes
2026-10-05T04:42:20.433417Z,KXETH15M-26OCT050045-45,0.0200,14.61,yes
2026-10-05T04:42:20.433417Z,KXETH15M-26OCT050045-45,0.0200,22.63,yes
2026-10-05T04:42:20.433417Z,KXETH15M-26OCT050045-45,0.0190,12.00,yes
2026-10-05T04:42:20.433417Z,KXETH15M-26OCT050045-45,0.0170,4.00,yes
2026-10-05T04:42:20.433417Z,KXETH15M-26OCT050045-45,0.0100,1.00,yes
2026-10-05T04:42:20.433417Z,KXETH15M-26OCT050045-45,0.0170,4.00,yes
2026-10-05T04:42:20.433417Z,KXETH15M-26OCT050045-45,0.0140,22.00,yes
2026-10-05T04:42:20.433417Z,KXETH15M-26OCT050045-45,0.0180,4.00,yes
2026-10-05T04:42:20.433417Z,KXETH15M-26OCT050045-45,0.0160,4.00,yes
2026-10-05T04:42:20.433417Z,KXETH15M-26OCT050045-45,0.0160,4.00,yes
2026-10-05T04:42:20.433417Z,KXETH15M-26OCT050045-45,0.0110,19.00,yes
2026-10-05T04:42:20.433417Z,KXETH15M-26OCT050045-45,0.0100,20.00,yes
2026-10-05T04:42:20.433417Z,KXETH15M-26OCT050045-45,0.0090,20.00,yes
2026-10-05T04:42:20.433417Z,KXETH15M-26OCT050045-45,0.0100,80.00,yes
2026-10-05T04:42:20.433417Z,KXETH15M-26OCT050045-45,0.0150,9.00,yes
2026-10-05T04:42:20.433417Z,KXETH15M-26OCT050045-45,0.0180,0.31,yes
2026-10-05T04:42:20.433417Z,KXETH15M-26OCT050045-45,0.0190,0.34,yes
2026-10-05T04:42:20.433417Z,KXETH15M-26OCT050045-45,0.0100,24.00,yes
2026-10-05T04:42:20.433417Z,KXETH15M-26OCT050045-45,0.0150,4.00,yes
2026-10-05T04:42:20.433417Z,KXETH15M-26OCT050045-45,0.0150,9.00,yes
2026-10-05T04:42:20.433417Z,KXETH15M-26OCT050045-45,0.0190,50.00,yes
2026-10-05T04:42:20.714597Z,KXETH15M-26OCT050045-45,0.0090,3.00,yes
2026-10-05T04:42:22.062448Z,KXETH15M-26OCT050045-45,0.0150,2.49,yes
2026-10-05T04:42:22.062448Z,KXETH15M-26OCT050045-45,0.0100,20.00,yes
2026-10-05T04:42:22.062448Z,KXETH15M-26OCT050045-45,0.0140,2.00,yes
2026-10-05T04:42:22.062448Z,KXETH15M-26OCT050045-45,0.0110,14.00,yes
2026-10-05T04:42:22.062448Z,KXETH15M-26OCT050045-45,0.0110,26.00,yes
2026-10-05T04:42:22.062448Z,KXETH15M-26OCT050045-45,0.0110,20.00,yes
2026-10-05T04:42:22.080923Z,KXETH15M-26OCT050045-45,0.0100,1.00,yes
2026-10-05T04:42:22.091087Z,KXETH15M-26OCT050045-45,0.0100,3.00,yes
2026-10-05T04:42:22.095575Z,KXETH15M-26OCT050045-45,0.0100,1.00,yes
2026-10-05T04:42:22.103648Z,KXETH15M-26OCT050045-45,0.0100,1.00,yes
2026-10-05T04:42:22.110741Z,KXETH15M-26OCT050045-45,0.0100,1.00,yes
2026-10-05T04:42:23.086103Z,KXETH15M-26OCT050045-45,0.0090,15.84,no
2026-10-05T04:42:23.086103Z,KXETH15M-26OCT050045-45,0.0100,9.00,no
2026-10-05T04:42:23.086103Z,KXETH15M-26OCT050045-45,0.0100,4.00,no
2026-10-05T04:42:23.086103Z,KXETH15M-26OCT050045-45,0.0100,4.00,no
2026-10-05T04:42:23.086103Z,KXETH15M-26OCT050045-45,0.0110,4.00,no
2026-10-05T04:42:23.086103Z,KXETH15M-26OCT050045-45,0.0120,22.00,no
2026-10-05T04:42:23.086103Z,KXETH15M-26OCT050045-45,0.0100,12.00,no
2026-10-05T04:42:23.086103Z,KXETH15M-26OCT050045-45,0.0090,4.00,no
2026-10-05T04:42:23.086103Z,KXETH15M-26OCT050045-45,0.0090,4.00,no
2026-10-05T04:42:23.172214Z,KXETH15M-26OCT050045-45,0.0090,74.16,no
2026-10-05T04:42:23.708846Z,KXETH15M-26OCT050045-45,0.0080,41.00,yes
2026-10-05T04:42:23.708846Z,KXETH15M-26OCT050045-45,0.0080,20.00,yes
2026-10-05T04:42:24.358161Z,KXETH15M-26OCT050045-45,0.0090,16.00,yes
2026-10-05T04:42:24.358161Z,KXETH15M-26OCT050045-45,0.0090,20.00,yes
2026-10-05T04:42:24.358161Z,KXETH15M-26OCT050045-45,0.0100,23.00,yes
2026-10-05T04:42:24.358161Z,KXETH15M-26OCT050045-45,0.0080,20.00,yes
2026-10-05T04:42:24.358161Z,KXETH15M-26OCT050045-45,0.0090,22.00,yes
2026-10-05T04:42:24.483205Z,KXETH15M-26OCT050045-45,0.0100,7.00,yes
2026-10-05T04:42:24.483205Z,KXETH15M-26OCT050045-45,0.0100,20.00,yes
2026-10-05T04:42:24.483205Z,KXETH15M-26OCT050045-45,0.0120,5.00,yes
2026-10-05T04:42:24.483205Z,KXETH15M-26OCT050045-45,0.0090,20.00,yes
2026-10-05T04:42:24.483205Z,KXETH15M-26OCT050045-45,0.0100,22.00,yes
2026-10-05T04:42:26.422138Z,KXETH15M-26OCT050045-45,0.0090,3.00,yes
2026-10-05T04:42:26.422138Z,KXETH15M-26OCT050045-45,0.0090,27.00,yes
2026-10-05T04:42:26.422138Z,KXETH15M-26OCT050045-45,0.0100,7.00,yes
2026-10-05T04:42:26.422138Z,KXETH15M-26OCT050045-45,0.0080,20.00,yes
2026-10-05T04:42:26.422138Z,KXETH15M-26OCT050045-45,0.0090,20.00,yes
2026-10-05T04:42:26.422138Z,KXETH15M-26OCT050045-45,0.0090,23.00,yes
2026-10-05T04:42:26.430711Z,KXETH15M-26OCT050045-45,0.0080,9.00,yes
2026-10-05T04:42:26.779428Z,KXETH15M-26OCT050045-45,0.0080,1.00,yes
2026-10-05T04:42:26.795881Z,KXETH15M-26OCT050045-45,0.0080,10.00,yes
2026-10-05T04:42:26.850311Z,KXETH15M-26OCT050045-45,0.0080,5.00,yes
2026-10-05T04:42:26.939258Z,KXETH15M-26OCT050045-45,0.0080,1.00,yes
2026-10-05T04:42:26.94707Z,KXETH15M-26OCT050045-45,0.0080,1.00,yes
2026-10-05T04:42:26.953691Z,KXETH15M-26OCT050045-45,0.0080,3.00,yes
2026-10-05T04:42:27.860515Z,KXETH15M-26OCT050045-45,0.0080,1.00,no
2026-10-05T04:42:28.4438Z,KXETH15M-26OCT050045-45,0.0080,1.93,no
2026-10-05T04:42:28.445519Z,KXETH15M-26OCT050045-45,0.0130,1.00,yes
2026-10-05T04:42:28.445519Z,KXETH15M-26OCT050045-45,0.0100,23.00,yes
2026-10-05T04:42:28.445519Z,KXETH15M-26OCT050045-45,0.0090,20.00,yes
2026-10-05T04:42:28.445519Z,KXETH15M-26OCT050045-45,0.0110,31.00,yes
2026-10-05T04:42:28.445519Z,KXETH15M-26OCT050045-45,0.0100,17.00,yes
2026-10-05T04:42:28.445519Z,KXETH15M-26OCT050045-45,0.0130,22.00,yes
2026-10-05T04:42:28.445519Z,KXETH15M-26OCT050045-45,0.0100,20.00,yes
2026-10-05T04:42:28.445519Z,KXETH15M-26OCT050045-45,0.0150,11.20,yes
2026-10-05T04:42:28.445519Z,KXETH15M-26OCT050045-45,0.0140,4.00,yes
2026-10-05T04:42:28.445519Z,KXETH15M-26OCT050045-45,0.0140,15.00,yes
2026-10-05T04:42:28.667115Z,KXETH15M-26OCT050045-45,0.0070,0.10,no
2026-10-05T04:42:29.698003Z,KXETH15M-26OCT050045-45,0.0100,20.00,yes
2026-10-05T04:42:29.698003Z,KXETH15M-26OCT050045-45,0.0100,10.00,yes
2026-10-05T04:42:29.698003Z,KXETH15M-26OCT050045-45,0.0100,20.00,yes
2026-10-05T04:42:29.698003Z,KXETH15M-26OCT050045-45,0.0090,20.00,yes
2026-10-05T04:42:29.698003Z,KXETH15M-26OCT050045-45,0.0120,20.67,yes
2026-10-05T04:42:29.810501Z,KXETH15M-26OCT050045-45,0.0090,4.00,yes
2026-10-05T04:42:29.975723Z,KXETH15M-26OCT050045-45,0.0090,16.00,yes
2026-10-05T04:42:30.469169Z,KXETH15M-26OCT050045-45,0.0150,4.64,yes
2026-10-05T04:42:30.469169Z,KXETH15M-26OCT050045-45,0.0150,30.27,yes
2026-10-05T04:42:30.469169Z,KXETH15M-26OCT050045-45,0.0120,9.33,yes
2026-10-05T04:42:30.469169Z,KXETH15M-26OCT050045-45,0.0140,1.00,yes
2026-10-05T04:42:30.469169Z,KXETH15M-26OCT050045-45,0.0110,20.00,yes
2026-10-05T04:42:30.469169Z,KXETH15M-26OCT050045-45,0.0100,20.00,yes
2026-10-05T04:42:30.469169Z,KXETH15M-26OCT050045-45,0.0110,28.00,yes
2026-10-05T04:42:30.469169Z,KXETH15M-26OCT050045-45,0.0140,15.00,yes
2026-10-05T04:42:31.752597Z,KXETH15M-26OCT050045-45,0.0110,22.00,no
2026-10-05T04:42:32.023315Z,KXETH15M-26OCT050045-45,0.0110,22.00,no
2026-10-05T04:42:32.4794Z,KXETH15M-26OCT050045-45,0.0090,4.00,no
2026-10-05T04:42:33.877689Z,KXETH15M-26OCT050045-45,0.0100,1.00,yes
2026-10-05T04:42:34.035562Z,KXETH15M-26OCT050045-45,0.0120,31.00,yes
2026-10-05T04:42:34.035562Z,KXETH15M-26OCT050045-45,0.0110,20.00,yes
2026-10-05T04:42:34.035562Z,KXETH15M-26OCT050045-45,0.0120,20.00,yes
2026-10-05T04:42:34.121663Z,KXETH15M-26OCT050045-45,0.0100,76.00,no
2026-10-05T04:42:34.190611Z,KXETH15M-26OCT050045-45,0.0080,2.89,no
2026-10-05T04:42:34.190611Z,KXETH15M-26OCT050045-45,0.0090,46.11,no
2026-10-05T04:42:34.190611Z,KXETH15M-26OCT050045-45,0.0080,49.00,no
2026-10-05T04:42:35.353943Z,KXETH15M-26OCT050045-45,0.0090,33.00,yes
2026-10-05T04:42:35.377326Z,KXETH15M-26OCT050045-45,0.0120,11.00,yes
2026-10-05T04:42:36.943482Z,KXETH15M-26OCT050045-45,0.0120,1.00,no
2026-10-05T04:42:36.943482Z,KXETH15M-26OCT050045-45,0.0110,4.00,no
2026-10-05T04:42:37.106049Z,KXETH15M-26OCT050045-45,0.0110,9.96,no
2026-10-05T04:42:37.39598Z,KXETH15M-26OCT050045-45,0.0130,20.00,yes
2026-10-05T04:42:37.39598Z,KXETH15M-26OCT050045-45,0.0120,20.00,yes
2026-10-05T04:42:37.39598Z,KXETH15M-26OCT050045-45,0.0130,20.00,yes
2026-10-05T04:42:37.68511Z,KXETH15M-26OCT050045-45,0.0100,1.97,no
2026-10-05T04:42:38.184559Z,KXETH15M-26OCT050045-45,0.0100,1.00,no
2026-10-05T04:42:38.766784Z,KXETH15M-26OCT050045-45,0.0120,6.68,yes
2026-10-05T04:42:40.513523Z,KXETH15M-26OCT050045-45,0.0120,1.77,yes
2026-10-05T04:42:40.515268Z,KXETH15M-26OCT050045-45,0.0130,6.00,yes
2026-10-05T04:42:40.515268Z,KXETH15M-26OCT050045-45,0.0120,18.23,yes
2026-10-05T04:42:40.515268Z,KXETH15M-26OCT050045-45,0.0130,20.00,yes
2026-10-05T04:42:40.515268Z,KXETH15M-26OCT050045-45,0.0130,10.00,yes
2026-10-05T04:42:40.554177Z,KXETH15M-26OCT050045-45,0.0100,27.00,no
2026-10-05T04:42:40.554177Z,KXETH15M-26OCT050045-45,0.0090,12.56,no
2026-10-05T04:42:41.934208Z,KXETH15M-26OCT050045-45,0.0080,40.30,no
2026-10-05T04:42:42.015767Z,KXETH15M-26OCT050045-45,0.0110,20.00,yes
2026-10-05T04:42:42.015767Z,KXETH15M-26OCT050045-45,0.0110,22.00,yes
2026-10-05T04:42:42.015767Z,KXETH15M-26OCT050045-45,0.0120,20.00,yes
2026-10-05T04:42:42.015767Z,KXETH15M-26OCT050045-45,0.0130,22.00,yes
2026-10-05T04:42:42.015767Z,KXETH15M-26OCT050045-45,0.0120,15.00,yes
2026-10-05T04:42:43.462779Z,KXETH15M-26OCT050045-45,0.0090,4.00,yes
2026-10-05T04:42:43.47177Z,KXETH15M-26OCT050045-45,0.0090,16.00,yes
2026-10-05T04:42:43.525131Z,KXETH15M-26OCT050045-45,0.0100,1.00,yes
2026-10-05T04:42:43.595911Z,KXETH15M-26OCT050045-45,0.0100,3.00,yes
2026-10-05T04:42:43.602756Z,KXETH15M-26OCT050045-45,0.0100,2.00,yes
2026-10-05T04:42:43.612205Z,KXETH15M-26OCT050045-45,0.0100,1.00,yes
2026-10-05T04:42:43.940879Z,KXETH15M-26OCT050045-45,0.0100,5.00,yes
2026-10-05T04:42:43.948293Z,KXETH15M-26OCT050045-45,0.0100,2.00,yes
2026-10-05T04:42:43.954726Z,KXETH15M-26OCT050045-45,0.0100,1.00,yes
2026-10-05T04:42:43.975586Z,KXETH15M-26OCT050045-45,0.0100,5.00,yes
2026-10-05T04:42:43.975586Z,KXETH15M-26OCT050045-45,0.0110,20.00,yes
2026-10-05T04:42:43.975586Z,KXETH15M-26OCT050045-45,0.0210,38.13,yes
2026-10-05T04:42:43.975586Z,KXETH15M-26OCT050045-45,0.0200,12.00,yes
2026-10-05T04:42:43.975586Z,KXETH15M-26OCT050045-45,0.0150,9.00,yes
2026-10-05T04:42:43.975586Z,KXETH15M-26OCT050045-45,0.0130,4.00,yes
2026-10-05T04:42:43.975586Z,KXETH15M-26OCT050045-45,0.0150,9.00,yes
2026-10-05T04:42:43.975586Z,KXETH15M-26OCT050045-45,0.0120,2.00,yes
2026-10-05T04:42:43.975586Z,KXETH15M-26OCT050045-45,0.0120,22.00,yes
2026-10-05T04:42:43.975586Z,KXETH15M-26OCT050045-45,0.0140,22.00,yes
2026-10-05T04:42:43.975586Z,KXETH15M-26OCT050045-45,0.0150,4.00,yes
2026-10-05T04:42:43.975586Z,KXETH15M-26OCT050045-45,0.0140,4.00,yes
2026-10-05T04:42:43.975586Z,KXETH15M-26OCT050045-45,0.0110,17.00,yes
2026-10-05T04:42:43.975586Z,KXETH15M-26OCT050045-45,0.0130,13.96,yes
2026-10-05T04:42:43.975586Z,KXETH15M-26OCT050045-45,0.0140,4.00,yes
2026-10-05T04:42:43.975586Z,KXETH15M-26OCT050045-45,0.0210,10.00,yes
2026-10-05T04:42:43.975586Z,KXETH15M-26OCT050045-45,0.0160,4.00,yes
2026-10-05T04:42:43.975586Z,KXETH15M-26OCT050045-45,0.0150,4.00,yes
2026-10-05T04:42:43.975586Z,KXETH15M-26OCT050045-45,0.0200,9.00,yes
2026-10-05T04:42:43.975586Z,KXETH15M-26OCT050045-45,0.0150,46.11,yes
2026-10-05T04:42:43.975586Z,KXETH15M-26OCT050045-45,0.0150,43.89,yes
2026-10-05T04:42:43.975586Z,KXETH15M-26OCT050045-45,0.0200,0.38,yes
2026-10-05T04:42:43.975586Z,KXETH15M-26OCT050045-45,0.0190,0.31,yes
2026-10-05T04:42:43.975586Z,KXETH15M-26OCT050045-45,0.0210,0.62,yes
2026-10-05T04:42:43.983489Z,KXETH15M-26OCT050045-45,0.0100,5.00,yes
2026-10-05T04:42:43.997538Z,KXETH15M-26OCT050045-45,0.0100,5.00,yes
2026-10-05T04:42:44.018697Z,KXETH15M-26OCT050045-45,0.0100,2.00,yes
2026-10-05T04:42:44.019717Z,KXETH15M-26OCT050045-45,0.0100,3.00,yes
2026-10-05T04:42:44.909553Z,KXETH15M-26OCT050045-45,0.0110,1.00,yes
2026-10-05T04:42:44.916433Z,KXETH15M-26OCT050045-45,0.0110,1.00,yes
2026-10-05T04:42:44.938519Z,KXETH15M-26OCT050045-45,0.0110,4.00,yes
2026-10-05T04:42:44.945425Z,KXETH15M-26OCT050045-45,0.0110,3.00,yes
2026-10-05T04:42:45.453262Z,KXETH15M-26OCT050045-45,0.0110,1.00,yes
2026-10-05T04:42:46.253115Z,KXETH15M-26OCT050045-45,0.0100,12.00,no
2026-10-05T04:42:46.253115Z,KXETH15M-26OCT050045-45,0.0100,4.00,no
2026-10-05T04:42:46.253115Z,KXETH15M-26OCT050045-45,0.0100,22.00,no
2026-10-05T04:42:46.253115Z,KXETH15M-26OCT050045-45,0.0090,12.92,no
2026-10-05T04:42:46.253115Z,KXETH15M-26OCT050045-45,0.0100,0.01,no
2026-10-05T04:42:46.253115Z,KXETH15M-26OCT050045-45,0.0100,1.00,no
2026-10-05T04:42:46.253115Z,KXETH15M-26OCT050045-45,0.0100,76.00,no
2026-10-05T04:42:47.34059Z,KXETH15M-26OCT050045-45,0.0100,1.00,yes
2026-10-05T04:42:47.34059Z,KXETH15M-26OCT050045-45,0.0110,10.00,yes
2026-10-05T04:42:47.926632Z,KXETH15M-26OCT050045-45,0.0120,37.00,yes
2026-10-05T04:42:47.926632Z,KXETH15M-26OCT050045-45,0.0120,20.00,yes
2026-10-05T04:42:47.926632Z,KXETH15M-26OCT050045-45,0.0120,26.00,yes
2026-10-05T04:42:48.062503Z,KXETH15M-26OCT050045-45,0.0130,22.00,no
2026-10-05T04:42:48.294704Z,KXETH15M-26OCT050045-45,0.0080,4.00,no
2026-10-05T04:42:48.294704Z,KXETH15M-26OCT050045-45,0.0070,4.00,no
2026-10-05T04:42:48.294704Z,KXETH15M-26OCT050045-45,0.0070,18.33,no
2026-10-05T04:42:48.294704Z,KXETH15M-26OCT050045-45,0.0080,4.00,no
2026-10-05T04:42:48.294704Z,KXETH15M-26OCT050045-45,0.0090,77.08,no
2026-10-05T04:42:48.294704Z,KXETH15M-26OCT050045-45,0.0090,4.00,no
2026-10-05T04:42:48.294704Z,KXETH15M-26OCT050045-45,0.0090,4.00,no
2026-10-05T04:42:48.294704Z,KXETH15M-26OCT050045-45,0.0100,12.00,no
2026-10-05T04:42:48.294704Z,KXETH15M-26OCT050045-45,0.0110,87.00,no
2026-10-05T04:42:48.294704Z,KXETH15M-26OCT050045-45,0.0090,22.00,no
2026-10-05T04:42:48.294704Z,KXETH15M-26OCT050045-45,0.0070,0.90,no
2026-10-05T04:42:48.294704Z,KXETH15M-26OCT050045-45,0.0090,28.00,no
2026-10-05T04:42:48.972377Z,KXETH15M-26OCT050045-45,0.0100,4.00,yes
2026-10-05T04:42:49.526037Z,KXETH15M-26OCT050045-45,0.0040,112.33,no
2026-10-05T04:42:49.526037Z,KXETH15M-26OCT050045-45,0.0050,4.00,no
2026-10-05T04:42:49.526037Z,KXETH15M-26OCT050045-45,0.0060,4.00,no
2026-10-05T04:42:49.526037Z,KXETH15M-26OCT050045-45,0.0050,9.00,no
2026-10-05T04:42:49.526037Z,KXETH15M-26OCT050045-45,0.0050,4.00,no
2026-10-05T04:42:49.526037Z,KXETH15M-26OCT050045-45,0.0080,39.00,no
2026-10-05T04:42:49.526037Z,KXETH15M-26OCT050045-45,0.0080,12.00,no
2026-10-05T04:42:49.526037Z,KXETH15M-26OCT050045-45,0.0050,9.00,no
2026-10-05T04:42:49.526037Z,KXETH15M-26OCT050045-45,0.0060,41.00,no
2026-10-05T04:42:49.526037Z,KXETH15M-26OCT050045-45,0.0070,22.67,no
2026-10-05T04:42:49.526037Z,KXETH15M-26OCT050045-45,0.0070,5.43,no
2026-10-05T04:42:49.526037Z,KXETH15M-26OCT050045-45,0.0060,20.00,no
2026-10-05T04:42:51.069628Z,KXETH15M-26OCT050045-45,0.0090,41.00,no
2026-10-05T04:42:52.402006Z,KXETH15M-26OCT050045-45,0.0080,23.00,yes
2026-10-05T04:42:52.402006Z,KXETH15M-26OCT050045-45,0.0080,12.00,yes
2026-10-05T04:42:52.402006Z,KXETH15M-26OCT050045-45,0.0080,0.43,yes
2026-10-05T04:42:52.402006Z,KXETH15M-26OCT050045-45,0.0090,10.00,yes
2026-10-05T04:42:52.402006Z,KXETH15M-26OCT050045-45,0.0080,17.00,yes
2026-10-05T04:42:55.254243Z,KXETH15M-26OCT050045-45,0.0090,9.95,yes
2026-10-05T04:42:55.254243Z,KXETH15M-26OCT050045-45,0.0070,0.43,yes
2026-10-05T04:42:55.254243Z,KXETH15M-26OCT050045-45,0.0090,20.00,yes
2026-10-05T04:42:55.254243Z,KXETH15M-26OCT050045-45,0.0080,0.43,yes
2026-10-05T04:42:55.254243Z,KXETH15M-26OCT050045-45,0.0080,11.00,yes
2026-10-05T04:42:55.254243Z,KXETH15M-26OCT050045-45,0.0090,0.43,yes
2026-10-05T04:42:55.254243Z,KXETH15M-26OCT050045-45,0.0080,12.00,yes
2026-10-05T04:42:55.254243Z,KXETH15M-26OCT050045-45,0.0080,20.00,yes
2026-10-05T04:42:55.254243Z,KXETH15M-26OCT050045-45,0.0090,33.00,yes
2026-10-05T04:42:55.58063Z,KXETH15M-26OCT050045-45,0.0080,20.00,yes
2026-10-05T04:42:55.58063Z,KXETH15M-26OCT050045-45,0.0090,18.26,yes
2026-10-05T04:42:55.58063Z,KXETH15M-26OCT050045-45,0.0090,31.05,yes
2026-10-05T04:42:56.837598Z,KXETH15M-26OCT050045-45,0.0070,25.16,no
2026-10-05T04:42:57.714728Z,KXETH15M-26OCT050045-45,0.0070,20.00,yes
2026-10-05T04:42:57.839792Z,KXETH15M-26OCT050045-45,0.0070,20.00,yes
2026-10-05T04:42:57.839792Z,KXETH15M-26OCT050045-45,0.0070,19.00,yes
2026-10-05T04:42:58.271511Z,KXETH15M-26OCT050045-45,0.0070,5.00,yes
2026-10-05T04:42:58.277376Z,KXETH15M-26OCT050045-45,0.0070,2.00,yes
2026-10-05T04:42:58.284804Z,KXETH15M-26OCT050045-45,0.0070,1.00,yes
2026-10-05T04:42:58.292351Z,KXETH15M-26OCT050045-45,0.0070,1.00,yes
2026-10-05T04:42:58.723959Z,KXETH15M-26OCT050045-45,0.0080,7.46,yes
2026-10-05T04:42:58.723959Z,KXETH15M-26OCT050045-45,0.0070,0.55,yes
2026-10-05T04:42:58.723959Z,KXETH15M-26OCT050045-45,0.0070,11.00,yes
2026-10-05T04:42:58.723959Z,KXETH15M-26OCT050045-45,0.0080,0.55,yes
2026-10-05T04:42:58.723959Z,KXETH15M-26OCT050045-45,0.0080,20.00,yes
2026-10-05T04:42:58.730112Z,KXETH15M-26OCT050045-45,0.0070,1.00,yes
2026-10-05T04:42:59.494668Z,KXETH15M-26OCT050045-45,0.0060,5.02,no
2026-10-05T04:43:00.350022Z,KXETH15M-26OCT050045-45,0.0060,7.00,no
2026-10-05T04:43:01.118181Z,KXETH15M-26OCT050045-45,0.0040,11.28,no
2026-10-05T04:43:01.118181Z,KXETH15M-26OCT050045-45,0.0040,306.56,no
2026-10-05T04:43:01.118181Z,KXETH15M-26OCT050045-45,0.0050,12.00,no
2026-10-05T04:43:01.118181Z,KXETH15M-26OCT050045-45,0.0050,20.00,no
2026-10-05T04:43:01.118181Z,KXETH15M-26OCT050045-45,0.0050,152.00,no
2026-10-05T04:43:01.914534Z,KXETH15M-26OCT050045-45,0.0050,25.00,yes
2026-10-05T04:43:01.914534Z,KXETH15M-26OCT050045-45,0.0050,39.00,yes
2026-10-05T04:43:01.914534Z,KXETH15M-26OCT050045-45,0.0050,11.28,yes
2026-10-05T04:43:01.914534Z,KXETH15M-26OCT050045-45,0.0050,0.55,yes
2026-10-05T04:43:02.010241Z,KXETH15M-26OCT050045-45,0.0090,0.49,yes
2026-10-05T04:43:02.010241Z,KXETH15M-26OCT050045-45,0.0070,28.00,yes
2026-10-05T04:43:02.010241Z,KXETH15M-26OCT050045-45,0.0100,0.43,yes
2026-10-05T04:43:02.010241Z,KXETH15M-26OCT050045-45,0.0100,1.00,yes
2026-10-05T04:43:02.010241Z,KXETH15M-26OCT050045-45,0.0050,6.00,yes
2026-10-05T04:43:02.010241Z,KXETH15M-26OCT050045-45,0.0050,21.00,yes
2026-10-05T04:43:02.010241Z,KXETH15M-26OCT050045-45,0.0060,0.55,yes
2026-10-05T04:43:02.010241Z,KXETH15M-26OCT050045-45,0.0100,4.00,yes
2026-10-05T04:43:02.010241Z,KXETH15M-26OCT050045-45,0.0100,4.00,yes
2026-10-05T04:43:02.010241Z,KXETH15M-26OCT050045-45,0.0070,0.55,yes
2026-10-05T04:43:02.010241Z,KXETH15M-26OCT050045-45,0.0080,0.61,yes
2026-10-05T04:43:02.010241Z,KXETH15M-26OCT050045-45,0.0060,20.00,yes
2026-10-05T04:43:02.010241Z,KXETH15M-26OCT050045-45,0.0100,10.62,yes
2026-10-05T04:43:02.010241Z,KXETH15M-26OCT050045-45,0.0090,10.00,yes
2026-10-05T04:43:02.063269Z,KXETH15M-26OCT050045-45,0.0050,5.00,no
2026-10-05T04:43:02.245074Z,KXETH15M-26OCT050045-45,0.0040,8.91,no
2026-10-05T04:43:02.820849Z,KXETH15M-26OCT050045-45,0.0040,10.03,no
2026-10-05T04:43:03.143848Z,KXETH15M-26OCT050045-45,0.0050,8.91,yes
2026-10-05T04:43:03.143848Z,KXETH15M-26OCT050045-45,0.0050,7.00,yes
2026-10-05T04:43:03.143848Z,KXETH15M-26OCT050045-45,0.0050,21.00,yes
2026-10-05T04:43:03.143848Z,KXETH15M-26OCT050045-45,0.0050,10.03,yes
2026-10-05T04:43:03.143848Z,KXETH15M-26OCT050045-45,0.0050,0.55,yes
2026-10-05T04:43:05.215947Z,KXETH15M-26OCT050045-45,0.0080,0.74,yes
2026-10-05T04:43:05.215947Z,KXETH15M-26OCT050045-45,0.0090,0.81,yes
2026-10-05T04:43:05.215947Z,KXETH15M-26OCT050045-45,0.0080,26.00,yes
2026-10-05T04:43:05.215947Z,KXETH15M-26OCT050045-45,0.0070,0.55,yes
2026-10-05T04:43:05.215947Z,KXETH15M-26OCT050045-45,0.0060,0.55,yes
2026-10-05T04:43:05.215947Z,KXETH15M-26OCT050045-45,0.0090,21.09,yes
2026-10-05T04:43:05.215947Z,KXETH15M-26OCT050045-45,0.0060,10.00,yes
2026-10-05T04:43:05.215947Z,KXETH15M-26OCT050045-45,0.0060,24.00,yes
2026-10-05T04:43:06.342819Z,KXETH15M-26OCT050045-45,0.0080,27.00,yes
2026-10-05T04:43:06.342819Z,KXETH15M-26OCT050045-45,0.0080,0.25,yes
2026-10-05T04:43:06.342819Z,KXETH15M-26OCT050045-45,0.0090,5.47,yes
2026-10-05T04:43:06.342819Z,KXETH15M-26OCT050045-45,0.0070,9.00,yes
2026-10-05T04:43:06.342819Z,KXETH15M-26OCT050045-45,0.0070,0.55,yes
2026-10-05T04:43:06.342819Z,KXETH15M-26OCT050045-45,0.0070,16.00,yes
2026-10-05T04:43:06.461016Z,KXETH15M-26OCT050045-45,0.0070,1.00,yes
2026-10-05T04:43:06.461016Z,KXETH15M-26OCT050045-45,0.0070,26.00,yes
2026-10-05T04:43:06.461016Z,KXETH15M-26OCT050045-45,0.0080,39.00,yes
2026-10-05T04:43:06.461016Z,KXETH15M-26OCT050045-45,0.0100,24.00,yes
2026-10-05T04:43:06.461016Z,KXETH15M-26OCT050045-45,0.0100,10.00,yes
2026-10-05T04:43:06.461016Z,KXETH15M-26OCT050045-45,0.0100,364.73,yes
2026-10-05T04:43:06.461016Z,KXETH15M-26OCT050045-45,0.0100,5.68,yes
2026-10-05T04:43:07.457843Z,KXETH15M-26OCT050045-45,0.0090,21.00,yes
2026-10-05T04:43:07.457843Z,KXETH15M-26OCT050045-45,0.0090,20.00,yes
2026-10-05T04:43:07.457843Z,KXETH15M-26OCT050045-45,0.0080,17.00,yes
2026-10-05T04:43:07.457843Z,KXETH15M-26OCT050045-45,0.0100,413.18,yes
2026-10-05T04:43:07.505713Z,KXETH15M-26OCT050045-45,0.0080,2.01,no
2026-10-05T04:43:07.645318Z,KXETH15M-26OCT050045-45,0.0070,109.00,no
2026-10-05T04:43:07.645318Z,KXETH15M-26OCT050045-45,0.0070,48.00,no
2026-10-05T04:43:07.760262Z,KXETH15M-26OCT050045-45,0.0090,6.39,yes
2026-10-05T04:43:07.760262Z,KXETH15M-26OCT050045-45,0.0090,4.00,yes
2026-10-05T04:43:07.822344Z,KXETH15M-26OCT050045-45,0.0090,21.00,yes
2026-10-05T04:43:07.822344Z,KXETH15M-26OCT050045-45,0.0080,18.00,yes
2026-10-05T04:43:07.822344Z,KXETH15M-26OCT050045-45,0.0100,899.78,yes
2026-10-05T04:43:08.992004Z,KXETH15M-26OCT050045-45,0.0090,5.19,yes
2026-10-05T04:43:10.693549Z,KXETH15M-26OCT050045-45,0.0090,16.00,yes
2026-10-05T04:43:10.693549Z,KXETH15M-26OCT050045-45,0.0090,23.00,yes
2026-10-05T04:43:10.693549Z,KXETH15M-26OCT050045-45,0.0090,15.81,yes
2026-10-05T04:43:10.693549Z,KXETH15M-26OCT050045-45,0.0090,8.14,yes
2026-10-05T04:43:10.693549Z,KXETH15M-26OCT050045-45,0.0090,1.00,yes
2026-10-05T04:43:10.693549Z,KXETH15M-26OCT050045-45,0.0090,5.19,yes
2026-10-05T04:43:10.693549Z,KXETH15M-26OCT050045-45,0.0090,1.00,yes
2026-10-05T04:43:10.693549Z,KXETH15M-26OCT050045-45,0.0090,9.00,yes
2026-10-05T04:43:10.693549Z,KXETH15M-26OCT050045-45,0.0100,21.31,yes
2026-10-05T04:43:10.763379Z,KXETH15M-26OCT050045-45,0.0050,0.80,no
2026-10-05T04:43:10.987603Z,KXETH15M-26OCT050045-45,0.0050,0.80,no
2026-10-05T04:43:10.987603Z,KXETH15M-26OCT050045-45,0.0050,71.00,no
2026-10-05T04:43:10.987603Z,KXETH15M-26OCT050045-45,0.0050,11.20,no
2026-10-05T04:43:11.094858Z,KXETH15M-26OCT050045-45,0.0050,70.00,yes
2026-10-05T04:43:11.104219Z,KXETH15M-26OCT050045-45,0.0050,62.00,yes
2026-10-05T04:43:11.112737Z,KXETH15M-26OCT050045-45,0.0050,20.00,yes
2026-10-05T04:43:11.133615Z,KXETH15M-26OCT050045-45,0.0050,99.61,yes
2026-10-05T04:43:12.374135Z,KXETH15M-26OCT050045-45,0.0100,83.23,yes
2026-10-05T04:43:12.374135Z,KXETH15M-26OCT050045-45,0.0070,26.00,yes
2026-10-05T04:43:12.374135Z,KXETH15M-26OCT050045-45,0.0090,21.00,yes
2026-10-05T04:43:12.374135Z,KXETH15M-26OCT050045-45,0.0080,10.00,yes
2026-10-05T04:43:12.374135Z,KXETH15M-26OCT050045-45,0.0050,665.39,yes
2026-10-05T04:43:12.374135Z,KXETH15M-26OCT050045-45,0.0050,0.62,yes
2026-10-05T04:43:12.374135Z,KXETH15M-26OCT050045-45,0.0070,0.74,yes
2026-10-05T04:43:12.374135Z,KXETH15M-26OCT050045-45,0.0090,0.90,yes
2026-10-05T04:43:12.374135Z,KXETH15M-26OCT050045-45,0.0060,0.68,yes
2026-10-05T04:43:12.374135Z,KXETH15M-26OCT050045-45,0.0080,0.82,yes
2026-10-05T04:43:13.552262Z,KXETH15M-26OCT050045-45,0.0040,69.78,no
2026-10-05T04:43:13.552262Z,KXETH15M-26OCT050045-45,0.0040,13.00,no
2026-10-05T04:43:13.552262Z,KXETH15M-26OCT050045-45,0.0040,0.97,no
2026-10-05T04:43:13.552262Z,KXETH15M-26OCT050045-45,0.0040,1.00,no
2026-10-05T04:43:14.204253Z,KXETH15M-26OCT050045-45,0.0050,69.78,yes
2026-10-05T04:43:14.204253Z,KXETH15M-26OCT050045-45,0.0090,21.00,yes
2026-10-05T04:43:14.204253Z,KXETH15M-26OCT050045-45,0.0060,0.62,yes
2026-10-05T04:43:14.204253Z,KXETH15M-26OCT050045-45,0.0050,0.62,yes
2026-10-05T04:43:14.204253Z,KXETH15M-26OCT050045-45,0.0050,17.00,yes
2026-10-05T04:43:14.204253Z,KXETH15M-26OCT050045-45,0.0080,0.68,yes
2026-10-05T04:43:14.204253Z,KXETH15M-26OCT050045-45,0.0090,0.74,yes
2026-10-05T04:43:14.204253Z,KXETH15M-26OCT050045-45,0.0070,27.00,yes
2026-10-05T04:43:14.204253Z,KXETH15M-26OCT050045-45,0.0070,0.62,yes
2026-10-05T04:43:14.204253Z,KXETH15M-26OCT050045-45,0.0100,348.94,yes
2026-10-05T04:43:14.57655Z,KXETH15M-26OCT050045-45,0.0060,26.00,yes
2026-10-05T04:43:15.753108Z,KXETH15M-26OCT050045-45,0.0040,1.00,no
2026-10-05T04:43:15.753108Z,KXETH15M-26OCT050045-45,0.0040,1.00,no
2026-10-05T04:43:15.753108Z,KXETH15M-26OCT050045-45,0.0040,1.00,no
2026-10-05T04:43:15.753108Z,KXETH15M-26OCT050045-45,0.0040,0.03,no
2026-10-05T04:43:15.753108Z,KXETH15M-26OCT050045-45,0.0040,7.00,no
2026-10-05T04:43:16.097376Z,KXETH15M-26OCT050045-45,0.0040,8.40,no
2026-10-05T04:43:16.097376Z,KXETH15M-26OCT050045-45,0.0040,1.00,no
2026-10-05T04:43:16.106176Z,KXETH15M-26OCT050045-45,0.0060,3.38,yes
2026-10-05T04:43:16.106176Z,KXETH15M-26OCT050045-45,0.0060,0.62,yes
2026-10-05T04:43:17.899941Z,KXETH15M-26OCT050045-45,0.0060,16.62,yes
2026-10-05T04:43:17.899941Z,KXETH15M-26OCT050045-45,0.0060,21.00,yes
2026-10-05T04:43:17.899941Z,KXETH15M-26OCT050045-45,0.0060,0.62,yes
2026-10-05T04:43:18.037186Z,KXETH15M-26OCT050045-45,0.0060,21.00,yes
2026-10-05T04:43:18.037186Z,KXETH15M-26OCT050045-45,0.0070,0.62,yes
2026-10-05T04:43:18.037186Z,KXETH15M-26OCT050045-45,0.0080,0.62,yes
2026-10-05T04:43:18.037186Z,KXETH15M-26OCT050045-45,0.0090,0.62,yes
2026-10-05T04:43:18.037186Z,KXETH15M-26OCT050045-45,0.0070,29.00,yes
2026-10-05T04:43:18.037186Z,KXETH15M-26OCT050045-45,0.0060,4.00,yes
2026-10-05T04:43:18.037186Z,KXETH15M-26OCT050045-45,0.0090,7.31,yes
2026-10-05T04:43:18.037186Z,KXETH15M-26OCT050045-45,0.0090,8.40,yes
2026-10-05T04:43:18.843823Z,KXETH15M-26OCT050045-45,0.0030,69.07,no
2026-10-05T04:43:18.843823Z,KXETH15M-26OCT050045-45,0.0040,10.00,no
2026-10-05T04:43:18.843823Z,KXETH15M-26OCT050045-45,0.0040,11.60,no
2026-10-05T04:43:19.195059Z,KXETH15M-26OCT050045-45,0.0060,15.00,yes
2026-10-05T04:43:19.195059Z,KXETH15M-26OCT050045-45,0.0060,0.62,yes
2026-10-05T04:43:19.290419Z,KXETH15M-26OCT050045-45,0.0060,29.00,yes
2026-10-05T04:43:19.475863Z,KXETH15M-26OCT050045-45,0.0070,0.68,yes
2026-10-05T04:43:19.475863Z,KXETH15M-26OCT050045-45,0.0070,35.00,yes
2026-10-05T04:43:20.049816Z,KXETH15M-26OCT050045-45,0.0070,0.68,yes
2026-10-05T04:43:20.049816Z,KXETH15M-26OCT050045-45,0.0090,21.00,yes
2026-10-05T04:43:20.049816Z,KXETH15M-26OCT050045-45,0.0070,34.00,yes
2026-10-05T04:43:20.049816Z,KXETH15M-26OCT050045-45,0.0060,0.62,yes
2026-10-05T04:43:20.049816Z,KXETH15M-26OCT050045-45,0.0090,69.07,yes
2026-10-05T04:43:20.049816Z,KXETH15M-26OCT050045-45,0.0090,0.82,yes
2026-10-05T04:43:20.049816Z,KXETH15M-26OCT050045-45,0.0080,11.60,yes
2026-10-05T04:43:20.049816Z,KXETH15M-26OCT050045-45,0.0080,0.74,yes
2026-10-05T04:43:20.049816Z,KXETH15M-26OCT050045-45,0.0100,16.54,yes
2026-10-05T04:43:21.539346Z,KXETH15M-26OCT050045-45,0.0100,8.00,yes
2026-10-05T04:43:21.539346Z,KXETH15M-26OCT050045-45,0.0100,60.00,yes
2026-10-05T04:43:21.539346Z,KXETH15M-26OCT050045-45,0.0070,19.00,yes
2026-10-05T04:43:21.539346Z,KXETH15M-26OCT050045-45,0.0100,9.00,yes
2026-10-05T04:43:21.539346Z,KXETH15M-26OCT050045-45,0.0070,34.00,yes
2026-10-05T04:43:21.539346Z,KXETH15M-26OCT050045-45,0.0080,0.62,yes
2026-10-05T04:43:21.539346Z,KXETH15M-26OCT050045-45,0.0070,16.00,yes
2026-10-05T04:43:21.539346Z,KXETH15M-26OCT050045-45,0.0090,0.62,yes
2026-10-05T04:43:21.539346Z,KXETH15M-26OCT050045-45,0.0090,21.00,yes
2026-10-05T04:43:21.539346Z,KXETH15M-26OCT050045-45,0.0070,0.62,yes
2026-10-05T04:43:21.539346Z,KXETH15M-26OCT050045-45,0.0150,12.92,yes
2026-10-05T04:43:21.539346Z,KXETH15M-26OCT050045-45,0.0150,9.00,yes
2026-10-05T04:43:21.539346Z,KXETH15M-26OCT050045-45,0.0150,77.08,yes
2026-10-05T04:43:21.539346Z,KXETH15M-26OCT050045-45,0.0140,0.63,yes
2026-10-05T04:43:21.539346Z,KXETH15M-26OCT050045-45,0.0160,88.21,yes
2026-10-05T04:43:21.539346Z,KXETH15M-26OCT050045-45,0.0130,0.57,yes
2026-10-05T04:43:21.539346Z,KXETH15M-26OCT050045-45,0.0120,0.52,yes
2026-10-05T04:43:21.539346Z,KXETH15M-26OCT050045-45,0.0150,0.69,yes
2026-10-05T04:43:21.539346Z,KXETH15M-26OCT050045-45,0.0130,4.00,yes
2026-10-05T04:43:21.539346Z,KXETH15M-26OCT050045-45,0.0150,36.03,yes
2026-10-05T04:43:21.539346Z,KXETH15M-26OCT050045-45,0.0100,832.29,yes
2026-10-05T04:43:21.539346Z,KXETH15M-26OCT050045-45,0.0120,4.00,yes
2026-10-05T04:43:21.539346Z,KXETH15M-26OCT050045-45,0.0100,10.00,yes
2026-10-05T04:43:21.539346Z,KXETH15M-26OCT050045-45,0.0120,4.00,yes
2026-10-05T04:43:21.539346Z,KXETH15M-26OCT050045-45,0.0130,4.00,yes
2026-10-05T04:43:21.539346Z,KXETH15M-26OCT050045-45,0.0110,1.08,yes
2026-10-05T04:43:21.539346Z,KXETH15M-26OCT050045-45,0.0110,4.00,yes
2026-10-05T04:43:21.539346Z,KXETH15M-26OCT050045-45,0.0110,4.00,yes
2026-10-05T04:43:21.539346Z,KXETH15M-26OCT050045-45,0.0100,0.99,yes
2026-10-05T04:43:22.518401Z,KXETH15M-26OCT050045-45,0.0060,13.00,yes
2026-10-05T04:43:22.518401Z,KXETH15M-26OCT050045-45,0.0060,0.35,yes
2026-10-05T04:43:22.563532Z,KXETH15M-26OCT050045-45,0.0060,0.62,yes
2026-10-05T04:43:22.563532Z,KXETH15M-26OCT050045-45,0.0060,27.65,yes
2026-10-05T04:43:23.128642Z,KXETH15M-26OCT050045-45,0.0070,21.00,yes
2026-10-05T04:43:23.128642Z,KXETH15M-26OCT050045-45,0.0080,0.62,yes
2026-10-05T04:43:23.128642Z,KXETH15M-26OCT050045-45,0.0070,0.62,yes
2026-10-05T04:43:23.128642Z,KXETH15M-26OCT050045-45,0.0100,0.82,yes
2026-10-05T04:43:23.128642Z,KXETH15M-26OCT050045-45,0.0090,0.68,yes
2026-10-05T04:43:23.128642Z,KXETH15M-26OCT050045-45,0.0100,5.46,yes
2026-10-05T04:43:23.128642Z,KXETH15M-26OCT050045-45,0.0070,11.00,yes
2026-10-05T04:43:23.128642Z,KXETH15M-26OCT050045-45,0.0080,69.00,yes
2026-10-05T04:43:23.128642Z,KXETH15M-26OCT050045-45,0.0100,5.00,yes
2026-10-05T04:43:25.950904Z,KXETH15M-26OCT050045-45,0.0050,4.00,no
2026-10-05T04:43:26.225722Z,KXETH15M-26OCT050045-45,0.0050,242.03,yes
2026-10-05T04:43:26.554208Z,KXETH15M-26OCT050045-45,0.0050,358.97,yes
2026-10-05T04:43:26.898299Z,KXETH15M-26OCT050045-45,0.0040,76.50,no
2026-10-05T04:43:26.898299Z,KXETH15M-26OCT050045-45,0.0040,4.00,no
2026-10-05T04:43:26.898299Z,KXETH15M-26OCT050045-45,0.0040,20.00,no
2026-10-05T04:43:26.984391Z,KXETH15M-26OCT050045-45,0.0050,14.95,yes
2026-10-05T04:43:29.039676Z,KXETH15M-26OCT050045-45,0.0020,500.00,no
2026-10-05T04:43:29.039676Z,KXETH15M-26OCT050045-45,0.0020,959.25,no
2026-10-05T04:43:29.039676Z,KXETH15M-26OCT050045-45,0.0030,100.00,no
2026-10-05T04:43:29.039676Z,KXETH15M-26OCT050045-45,0.0030,250.00,no
2026-10-05T04:43:29.039676Z,KXETH15M-26OCT050045-45,0.0030,18.00,no
2026-10-05T04:43:29.039676Z,KXETH15M-26OCT050045-45,0.0030,2.00,no
2026-10-05T04:43:29.039676Z,KXETH15M-26OCT050045-45,0.0030,2.00,no
2026-10-05T04:43:29.039676Z,KXETH15M-26OCT050045-45,0.0030,2.00,no
2026-10-05T04:43:29.039676Z,KXETH15M-26OCT050045-45,0.0030,2.00,no
2026-10-05T04:43:29.039676Z,KXETH15M-26OCT050045-45,0.0030,2.00,no
2026-10-05T04:43:29.039676Z,KXETH15M-26OCT050045-45,0.0030,114.00,no
2026-10-05T04:43:29.039676Z,KXETH15M-26OCT050045-45,0.0030,4.00,no
2026-10-05T04:43:29.039676Z,KXETH15M-26OCT050045-45,0.0030,4.00,no
2026-10-05T04:43:29.039676Z,KXETH15M-26OCT050045-45,0.0030,17.00,no
2026-10-05T04:43:29.039676Z,KXETH15M-26OCT050045-45,0.0040,8.00,no
2026-10-05T04:43:29.039676Z,KXETH15M-26OCT050045-45,0.0040,20.00,no
2026-10-05T04:43:29.925809Z,KXETH15M-26OCT050045-45,0.0020,420.31,no
2026-10-05T04:43:30.112115Z,KXETH15M-26OCT050045-45,0.0020,146.00,no
2026-10-05T04:43:30.380425Z,KXETH15M-26OCT050045-45,0.0020,54.00,no
2026-10-05T04:43:30.661312Z,KXETH15M-26OCT050045-45,0.0030,89.75,yes
2026-10-05T04:43:30.875508Z,KXETH15M-26OCT050045-45,0.0030,229.10,yes
2026-10-05T04:43:30.875508Z,KXETH15M-26OCT050045-45,0.0030,76.25,yes
2026-10-05T04:43:32.277013Z,KXETH15M-26OCT050045-45,0.0030,2.12,yes
2026-10-05T04:43:32.333872Z,KXETH15M-26OCT050045-45,0.0020,47.56,no
2026-10-05T04:43:32.333872Z,KXETH15M-26OCT050045-45,0.0020,1420.44,no
2026-10-05T04:43:32.410902Z,KXETH15M-26OCT050045-45,0.0020,500.00,no
2026-10-05T04:43:32.410902Z,KXETH15M-26OCT050045-45,0.0020,52.44,no
2026-10-05T04:43:32.410902Z,KXETH15M-26OCT050045-45,0.0020,3.00,no
2026-10-05T04:43:32.410902Z,KXETH15M-26OCT050045-45,0.0020,3.00,no
2026-10-05T04:43:32.410902Z,KXETH15M-26OCT050045-45,0.0020,26.00,no
2026-10-05T04:43:32.410902Z,KXETH15M-26OCT050045-45,0.0020,3.00,no
2026-10-05T04:43:32.410902Z,KXETH15M-26OCT050045-45,0.0020,3.00,no
2026-10-05T04:43:32.410902Z,KXETH15M-26OCT050045-45,0.0020,3.00,no
2026-10-05T04:43:32.410902Z,KXETH15M-26OCT050045-45,0.0020,5.00,no
2026-10-05T04:43:32.410902Z,KXETH15M-26OCT050045-45,0.0020,18.56,no
2026-10-05T04:43:32.410902Z,KXETH15M-26OCT050045-45,0.0020,7.00,no
2026-10-05T04:43:32.410902Z,KXETH15M-26OCT050045-45,0.0020,4.00,no
2026-10-05T04:43:32.410902Z,KXETH15M-26OCT050045-45,0.0020,4.00,no
2026-10-05T04:43:32.49393Z,KXETH15M-26OCT050045-45,0.0030,48.86,yes
2026-10-05T04:43:32.794231Z,KXETH15M-26OCT050045-45,0.0020,42.07,no
2026-10-05T04:43:33.379929Z,KXETH15M-26OCT050045-45,0.0020,73.34,no
2026-10-05T04:43:33.379929Z,KXETH15M-26OCT050045-45,0.0020,7.00,no
2026-10-05T04:43:33.379929Z,KXETH15M-26OCT050045-45,0.0020,69.93,no
2026-10-05T04:43:33.536396Z,KXETH15M-26OCT050045-45,0.0030,305.35,yes
2026-10-05T04:43:33.776243Z,KXETH15M-26OCT050045-45,0.0030,305.35,yes
2026-10-05T04:43:33.811859Z,KXETH15M-26OCT050045-45,0.0020,55.12,no
2026-10-05T04:43:34.58252Z,KXETH15M-26OCT050045-45,0.0030,610.72,yes
2026-10-05T04:43:34.792226Z,KXETH15M-26OCT050045-45,0.0030,1526.80,yes
2026-10-05T04:43:36.201758Z,KXETH15M-26OCT050045-45,0.0010,555.70,no
2026-10-05T04:43:36.201758Z,KXETH15M-26OCT050045-45,0.0020,7.00,no
2026-10-05T04:43:36.201758Z,KXETH15M-26OCT050045-45,0.0020,15.00,no
2026-10-05T04:43:36.201758Z,KXETH15M-26OCT050045-45,0.0020,371.54,no
2026-10-05T04:43:37.145808Z,KXETH15M-26OCT050045-45,0.0020,462.59,yes
2026-10-05T04:43:37.219657Z,KXETH15M-26OCT050045-45,0.0010,92.00,no
2026-10-05T04:43:37.249293Z,KXETH15M-26OCT050045-45,0.0020,93.11,yes
2026-10-05T04:43:37.249293Z,KXETH15M-26OCT050045-45,0.0020,364.90,yes
2026-10-05T04:43:38.383707Z,KXETH15M-26OCT050045-45,0.0020,229.01,yes
2026-10-05T04:43:39.89796Z,KXETH15M-26OCT050045-45,0.0020,1768.35,yes
2026-10-05T04:43:40.557495Z,KXETH15M-26OCT050045-45,0.0020,44.87,yes
2026-10-05T04:43:41.976039Z,KXETH15M-26OCT050045-45,0.0020,300.33,yes
2026-10-05T04:43:42.50366Z,KXETH15M-26OCT050045-45,0.0020,1.00,yes
2026-10-05T04:43:42.848945Z,KXETH15M-26OCT050045-45,0.0020,0.80,yes
2026-10-05T04:43:42.912428Z,KXETH15M-26OCT050045-45,0.0010,100.09,no
2026-10-05T04:43:43.009394Z,KXETH15M-26OCT050045-45,0.0020,532.95,yes
2026-10-05T04:43:43.009394Z,KXETH15M-26OCT050045-45,0.0020,18.56,yes
2026-10-05T04:43:43.009394Z,KXETH15M-26OCT050045-45,0.0020,92.00,yes
2026-10-05T04:43:43.009394Z,KXETH15M-26OCT050045-45,0.0020,1645.74,yes
2026-10-05T04:43:43.009394Z,KXETH15M-26OCT050045-45,0.0020,0.80,yes
2026-10-05T04:43:43.271674Z,KXETH15M-26OCT050045-45,0.0010,1097.00,no
2026-10-05T04:43:43.408113Z,KXETH15M-26OCT050045-45,0.0020,22.92,yes
2026-10-05T04:43:43.734478Z,KXETH15M-26OCT050045-45,0.0020,104.92,yes
2026-10-05T04:43:43.734478Z,KXETH15M-26OCT050045-45,0.0020,77.17,yes
2026-10-05T04:43:43.933187Z,KXETH15M-26OCT050045-45,0.0010,80.00,no
2026-10-05T04:43:43.939148Z,KXETH15M-26OCT050045-45,0.0010,80.00,no
2026-10-05T04:43:43.975707Z,KXETH15M-26OCT050045-45,0.0010,80.00,no
2026-10-05T04:43:43.976585Z,KXETH15M-26OCT050045-45,0.0010,80.00,no
2026-10-05T04:43:43.977448Z,KXETH15M-26OCT050045-45,0.0010,80.00,no
2026-10-05T04:43:44.035349Z,KXETH15M-26OCT050045-45,0.0010,80.00,no
2026-10-05T04:43:44.288647Z,KXETH15M-26OCT050045-45,0.0010,68.00,no
2026-10-05T04:43:46.10572Z,KXETH15M-26OCT050045-45,0.0020,9.00,yes
2026-10-05T04:43:46.981137Z,KXETH15M-26OCT050045-45,0.0010,32.00,no
2026-10-05T04:43:47.418978Z,KXETH15M-26OCT050045-45,0.0020,2.12,yes
2026-10-05T04:43:47.797614Z,KXETH15M-26OCT050045-45,0.0010,426.00,no
2026-10-05T04:43:48.517554Z,KXETH15M-26OCT050045-45,0.0010,376.00,no
2026-10-05T04:43:52.465435Z,KXETH15M-26OCT050045-45,0.0020,40.30,yes
2026-10-05T04:43:53.565726Z,KXETH15M-26OCT050045-45,0.0010,1.00,no
2026-10-05T04:43:54.260816Z,KXETH15M-26OCT050045-45,0.0010,4003.72,no
2026-10-05T04:43:54.674373Z,KXETH15M-26OCT050045-45,0.0020,93.66,yes
2026-10-05T04:43:54.674373Z,KXETH15M-26OCT050045-45,0.0020,500.00,yes
2026-10-05T04:43:54.674373Z,KXETH15M-26OCT050045-45,0.0020,55.12,yes
2026-10-05T04:43:54.674373Z,KXETH15M-26OCT050045-45,0.0020,73.34,yes
2026-10-05T04:43:54.674373Z,KXETH15M-26OCT050045-45,0.0020,371.54,yes
2026-10-05T04:43:54.674373Z,KXETH15M-26OCT050045-45,0.0020,1097.00,yes
2026-10-05T04:43:54.674373Z,KXETH15M-26OCT050045-45,0.0020,18.59,yes
2026-10-05T04:43:54.674373Z,KXETH15M-26OCT050045-45,0.0020,0.80,yes
2026-10-05T04:43:54.674373Z,KXETH15M-26OCT050045-45,0.0020,80.00,yes
2026-10-05T04:43:54.705219Z,KXETH15M-26OCT050045-45,0.0010,83.35,no
2026-10-05T04:43:55.438685Z,KXETH15M-26OCT050045-45,0.0010,1112.03,no
2026-10-05T04:43:56.524236Z,KXETH15M-26OCT050045-45,0.0020,80.00,yes
2026-10-05T04:43:56.524236Z,KXETH15M-26OCT050045-45,0.0020,61.41,yes
2026-10-05T04:43:56.524236Z,KXETH15M-26OCT050045-45,0.0020,80.00,yes
2026-10-05T04:43:56.524236Z,KXETH15M-26OCT050045-45,0.0020,43.90,yes
2026-10-05T04:43:56.591941Z,KXETH15M-26OCT050045-45,0.0020,36.10,yes
2026-10-05T04:43:56.591941Z,KXETH15M-26OCT050045-45,0.0020,9.70,yes
2026-10-05T04:43:57.007693Z,KXETH15M-26OCT050045-45,0.0020,58.71,yes
2026-10-05T04:43:57.007693Z,KXETH15M-26OCT050045-45,0.0020,32.00,yes
2026-10-05T04:43:57.007693Z,KXETH15M-26OCT050045-45,0.0020,70.30,yes
2026-10-05T04:43:57.007693Z,KXETH15M-26OCT050045-45,0.0020,68.00,yes
2026-10-05T04:43:58.325553Z,KXETH15M-26OCT050045-45,0.0010,55.06,no
2026-10-05T04:43:59.288758Z,KXETH15M-26OCT050045-45,0.0010,400.00,no
2026-10-05T04:43:59.686518Z,KXETH15M-26OCT050045-45,0.0010,250.00,no
2026-10-05T04:43:59.997452Z,KXETH15M-26OCT050045-45,0.0010,107.25,no
2026-10-05T04:44:00.031523Z,KXETH15M-26OCT050045-45,0.0010,1.00,no
2026-10-05T04:44:00.078299Z,KXETH15M-26OCT050045-45,0.0010,500.00,no
2026-10-05T04:44:00.1507Z,KXETH15M-26OCT050045-45,0.0010,14.00,no
2026-10-05T04:44:00.216888Z,KXETH15M-26OCT050045-45,0.0010,5.00,no
2026-10-05T04:44:00.221327Z,KXETH15M-26OCT050045-45,0.0010,36.00,no
2026-10-05T04:44:00.432964Z,KXETH15M-26OCT050045-45,0.0010,2.00,no
2026-10-05T04:44:00.554459Z,KXETH15M-26OCT050045-45,0.0010,11.00,no
2026-10-05T04:44:00.586621Z,KXETH15M-26OCT050045-45,0.0010,1627.08,no
2026-10-05T04:44:00.97148Z,KXETH15M-26OCT050045-45,0.0010,2500.00,no
2026-10-05T04:44:01.027451Z,KXETH15M-26OCT050045-45,0.0010,586.00,no
2026-10-05T04:44:01.033492Z,KXETH15M-26OCT050045-45,0.0010,100.00,no
2026-10-05T04:44:01.746165Z,KXETH15M-26OCT050045-45,0.0010,10.01,no
2026-10-05T04:44:01.830902Z,KXETH15M-26OCT050045-45,0.0010,1001.00,no
2026-10-05T04:44:03.551764Z,KXETH15M-26OCT050045-45,0.0020,1.00,yes
2026-10-05T04:44:03.551764Z,KXETH15M-26OCT050045-45,0.0020,48.74,yes
2026-10-05T04:44:03.551764Z,KXETH15M-26OCT050045-45,0.0020,581.00,yes
2026-10-05T04:44:03.551764Z,KXETH15M-26OCT050045-45,0.0020,376.00,yes
2026-10-05T04:44:03.551764Z,KXETH15M-26OCT050045-45,0.0020,367.29,yes
2026-10-05T04:44:03.762178Z,KXETH15M-26OCT050045-45,0.0010,197.71,no
2026-10-05T04:44:03.762178Z,KXETH15M-26OCT050045-45,0.0010,302.29,no
2026-10-05T04:44:04.118866Z,KXETH15M-26OCT050045-45,0.0010,48.86,no
2026-10-05T04:44:04.151588Z,KXETH15M-26OCT050045-45,0.0010,10.00,no
2026-10-05T04:44:04.218344Z,KXETH15M-26OCT050045-45,0.0010,40.16,no
2026-10-05T04:44:04.218344Z,KXETH15M-26OCT050045-45,0.0010,38.85,no
2026-10-05T04:44:04.218425Z,KXETH15M-26OCT050045-45,0.0010,83.35,no
2026-10-05T04:44:04.218967Z,KXETH15M-26OCT050045-45,0.0010,250.00,no
2026-10-05T04:44:04.21896Z,KXETH15M-26OCT050045-45,0.0010,124.51,no
2026-10-05T04:44:04.21896Z,KXETH15M-26OCT050045-45,0.0010,876.49,no
2026-10-05T04:44:04.219048Z,KXETH15M-26OCT050045-45,0.0010,500.00,no
2026-10-05T04:44:04.219091Z,KXETH15M-26OCT050045-45,0.0010,1125.49,no
2026-10-05T04:44:04.219091Z,KXETH15M-26OCT050045-45,0.0010,501.59,no
2026-10-05T04:44:04.219246Z,KXETH15M-26OCT050045-45,0.0010,72.00,no
2026-10-05T04:44:04.219246Z,KXETH15M-26OCT050045-45,0.0010,4.00,no
2026-10-05T04:44:04.219246Z,KXETH15M-26OCT050045-45,0.0010,4.00,no
2026-10-05T04:44:04.219246Z,KXETH15M-26OCT050045-45,0.0010,110.00,no
2026-10-05T04:44:04.219246Z,KXETH15M-26OCT050045-45,0.0010,66.00,no
2026-10-05T04:44:04.219246Z,KXETH15M-26OCT050045-45,0.0010,1.00,no
2026-10-05T04:44:04.219246Z,KXETH15M-26OCT050045-45,0.0010,1.00,no
2026-10-05T04:44:04.219246Z,KXETH15M-26OCT050045-45,0.0010,478.41,no
2026-10-05T04:44:04.219246Z,KXETH15M-26OCT050045-45,0.0010,1.00,no
2026-10-05T04:44:04.219246Z,KXETH15M-26OCT050045-45,0.0010,30.93,no
2026-10-05T04:44:04.219246Z,KXETH15M-26OCT050045-45,0.0010,100.00,no
2026-10-05T04:44:06.728323Z,KXETH15M-26OCT050045-45,0.0010,915.99,yes
2026-10-05T04:44:11.452576Z,KXETH15M-26OCT050045-45,0.0010,715.67,yes
2026-10-05T04:44:11.452576Z,KXETH15M-26OCT050045-45,0.0010,200.32,yes
2026-10-05T04:44:13.917275Z,KXETH15M-26OCT050045-45,0.0010,1.00,yes
2026-10-05T04:44:14.307676Z,KXETH15M-26OCT050045-45,0.0010,18.69,yes
2026-10-05T04:44:16.424142Z,KXETH15M-26OCT050045-45,0.0010,52.91,yes
2026-10-05T04:44:17.829461Z,KXETH15M-26OCT050045-45,0.0010,2.68,yes
2026-10-05T04:44:19.760426Z,KXETH15M-26OCT050045-45,0.0010,915.99,yes
2026-10-05T04:44:26.340962Z,KXETH15M-26OCT050045-45,0.0010,549.57,yes
2026-10-05T04:44:34.494941Z,KXETH15M-26OCT050045-45,0.0010,2.11,yes
2026-10-05T04:44:42.151769Z,KXETH15M-26OCT050045-45,0.0010,503.80,yes
2026-10-05T04:44:44.290093Z,KXETH15M-26OCT050045-45,0.0010,9.01,yes
2026-10-05T04:44:46.37893Z,KXETH15M-26OCT050045-45,0.0010,915.99,yes
2026-10-05T04:44:46.880383Z,KXETH15M-26OCT050045-45,0.0010,84.34,yes
2026-10-05T04:44:46.880383Z,KXETH15M-26OCT050045-45,0.0010,831.65,yes
2026-10-05T04:44:50.062435Z,KXETH15M-26OCT050045-45,0.0010,100.00,yes
2026-10-05T04:44:50.062435Z,KXETH15M-26OCT050045-45,0.0010,400.00,yes
2026-10-05T04:44:50.062435Z,KXETH15M-26OCT050045-45,0.0010,302.62,yes
2026-10-05T04:44:50.062435Z,KXETH15M-26OCT050045-45,0.0010,113.37,yes
2026-10-05T04:44:50.276531Z,KXETH15M-26OCT050045-45,0.0010,586.00,yes
2026-10-05T04:44:50.276531Z,KXETH15M-26OCT050045-45,0.0010,107.25,yes
2026-10-05T04:44:50.276531Z,KXETH15M-26OCT050045-45,0.0010,55.06,yes
2026-10-05T04:44:50.276531Z,KXETH15M-26OCT050045-45,0.0010,809.41,yes
2026-10-05T04:44:50.276531Z,KXETH15M-26OCT050045-45,0.0010,10.00,yes
2026-10-05T04:44:50.276531Z,KXETH15M-26OCT050045-45,0.0010,81.00,yes
2026-10-05T04:44:50.276531Z,KXETH15M-26OCT050045-45,0.0010,183.18,yes
2026-10-05T04:44:51.881192Z,KXETH15M-26OCT050045-45,0.0010,1.00,yes
2026-10-05T04:44:55.103575Z,KXETH15M-26OCT050045-45,0.0010,915.99,yes
2026-10-05T04:44:59.866587Z,KXETH15M-26OCT050045-45,0.0010,8.81,yes
2026-10-05T04:39:33.39001Z,KXEURUSD15M-26OCT050045-30,0.9700,62.42,no
2026-10-05T04:39:59.759491Z,KXEURUSD15M-26OCT050045-30,0.9700,15.60,no
2026-10-05T04:39:59.93842Z,KXEURUSD15M-26OCT050045-30,0.9900,1.00,yes
2026-10-05T04:39:59.93842Z,KXEURUSD15M-26OCT050045-30,0.9900,1.00,yes
2026-10-05T04:39:59.93842Z,KXEURUSD15M-26OCT050045-30,0.9900,50.00,yes
2026-10-05T04:39:59.93842Z,KXEURUSD15M-26OCT050045-30,0.9800,1.00,yes
2026-10-05T04:39:59.93842Z,KXEURUSD15M-26OCT050045-30,0.9900,2.00,yes
2026-10-05T04:39:59.93842Z,KXEURUSD15M-26OCT050045-30,0.9900,1.00,yes
2026-10-05T04:39:59.93842Z,KXEURUSD15M-26OCT050045-30,0.9900,1.00,yes
2026-10-05T04:39:59.93842Z,KXEURUSD15M-26OCT050045-30,0.9900,10.00,yes
2026-10-05T04:39:59.93842Z,KXEURUSD15M-26OCT050045-30,0.9900,160.00,yes
2026-10-05T04:41:25.464264Z,KXEURUSD15M-26OCT050045-30,0.9900,30.00,no
2026-10-05T04:41:25.464264Z,KXEURUSD15M-26OCT050045-30,0.9900,16.75,no
2026-10-05T04:43:36.085592Z,KXEURUSD15M-26OCT050045-30,0.9900,2.16,no
2026-10-05T04:44:11.33376Z,KXEURUSD15M-26OCT050045-30,0.9900,1.05,no
2026-10-05T04:40:21.064514Z,KXGOLD15M-26OCT050045-45,0.9770,13.00,yes
2026-10-05T04:40:21.064514Z,KXGOLD15M-26OCT050045-45,0.9770,7.11,yes
2026-10-05T04:40:21.368801Z,KXGOLD15M-26OCT050045-45,0.9770,11.04,yes
2026-10-05T04:40:21.368801Z,KXGOLD15M-26OCT050045-45,0.9760,40.00,yes
2026-10-05T04:40:21.373901Z,KXGOLD15M-26OCT050045-45,0.9770,52.96,yes
2026-10-05T04:40:21.37986Z,KXGOLD15M-26OCT050045-45,0.9770,11.04,yes
2026-10-05T04:40:21.442654Z,KXGOLD15M-26OCT050045-45,0.9780,300.00,yes
2026-10-05T04:40:21.761207Z,KXGOLD15M-26OCT050045-45,0.9790,1.01,no
2026-10-05T04:40:21.761207Z,KXGOLD15M-26OCT050045-45,0.9790,30.00,no
2026-10-05T04:40:21.852869Z,KXGOLD15M-26OCT050045-45,0.9800,7.48,yes
2026-10-05T04:40:21.852869Z,KXGOLD15M-26OCT050045-45,0.9800,153.50,yes
2026-10-05T04:40:21.910534Z,KXGOLD15M-26OCT050045-45,0.9790,27.07,no
2026-10-05T04:40:22.063077Z,KXGOLD15M-26OCT050045-45,0.9800,2.00,yes
2026-10-05T04:40:22.101815Z,KXGOLD15M-26OCT050045-45,0.9800,16.60,yes
2026-10-05T04:40:22.522828Z,KXGOLD15M-26OCT050045-45,0.9790,505.06,no
2026-10-05T04:40:22.671092Z,KXGOLD15M-26OCT050045-45,0.9790,44.56,no
2026-10-05T04:40:22.687916Z,KXGOLD15M-26OCT050045-45,0.9790,44.56,no
2026-10-05T04:40:22.886876Z,KXGOLD15M-26OCT050045-45,0.9790,4.45,no
2026-10-05T04:40:23.3924Z,KXGOLD15M-26OCT050045-45,0.9790,1.04,no
2026-10-05T04:40:23.635909Z,KXGOLD15M-26OCT050045-45,0.9800,4.95,yes
2026-10-05T04:40:23.639253Z,KXGOLD15M-26OCT050045-45,0.9790,107.96,no
2026-10-05T04:40:24.248138Z,KXGOLD15M-26OCT050045-45,0.9790,44.56,no
2026-10-05T04:40:24.338794Z,KXGOLD15M-26OCT050045-45,0.9800,1.93,yes
2026-10-05T04:40:24.395223Z,KXGOLD15M-26OCT050045-45,0.9800,60.00,yes
2026-10-05T04:40:24.657413Z,KXGOLD15M-26OCT050045-45,0.9790,89.13,no
2026-10-05T04:40:24.816708Z,KXGOLD15M-26OCT050045-45,0.9790,5.32,no
2026-10-05T04:40:25.308437Z,KXGOLD15M-26OCT050045-45,0.9800,57.22,yes
2026-10-05T04:40:25.858956Z,KXGOLD15M-26OCT050045-45,0.9790,16.08,no
2026-10-05T04:40:26.143358Z,KXGOLD15M-26OCT050045-45,0.9790,100.00,no
2026-10-05T04:40:26.143358Z,KXGOLD15M-26OCT050045-45,0.9790,262.21,no
2026-10-05T04:40:26.143358Z,KXGOLD15M-26OCT050045-45,0.9790,5.00,no
2026-10-05T04:40:26.143358Z,KXGOLD15M-26OCT050045-45,0.9790,68.00,no
2026-10-05T04:40:26.143358Z,KXGOLD15M-26OCT050045-45,0.9790,609.20,no
2026-10-05T04:40:26.150821Z,KXGOLD15M-26OCT050045-45,0.9790,100.00,no
2026-10-05T04:40:26.150821Z,KXGOLD15M-26OCT050045-45,0.9790,29.36,no
2026-10-05T04:40:26.150821Z,KXGOLD15M-26OCT050045-45,0.9780,7.79,no
2026-10-05T04:40:26.150821Z,KXGOLD15M-26OCT050045-45,0.9780,51.64,no
2026-10-05T04:40:26.155865Z,KXGOLD15M-26OCT050045-45,0.9790,129.36,no
2026-10-05T04:40:26.160204Z,KXGOLD15M-26OCT050045-45,0.9780,129.36,no
2026-10-05T04:40:26.175822Z,KXGOLD15M-26OCT050045-45,0.9790,76.00,no
2026-10-05T04:40:26.250893Z,KXGOLD15M-26OCT050045-45,0.9800,2.98,yes
2026-10-05T04:40:26.890726Z,KXGOLD15M-26OCT050045-45,0.9800,56.04,yes
2026-10-05T04:40:27.065536Z,KXGOLD15M-26OCT050045-45,0.9790,89.13,no
2026-10-05T04:40:27.093639Z,KXGOLD15M-26OCT050045-45,0.9790,0.89,no
2026-10-05T04:40:27.153127Z,KXGOLD15M-26OCT050045-45,0.9800,4.78,yes
2026-10-05T04:40:27.266571Z,KXGOLD15M-26OCT050045-45,0.9800,60.00,yes
2026-10-05T04:40:27.354903Z,KXGOLD15M-26OCT050045-45,0.9800,1.82,yes
2026-10-05T04:40:27.460217Z,KXGOLD15M-26OCT050045-45,0.9800,50.00,yes
2026-10-05T04:40:27.460217Z,KXGOLD15M-26OCT050045-45,0.9800,88.72,yes
2026-10-05T04:40:27.533231Z,KXGOLD15M-26OCT050045-45,0.9800,57.70,yes
2026-10-05T04:40:27.62563Z,KXGOLD15M-26OCT050045-45,0.9790,1.02,no
2026-10-05T04:40:27.702279Z,KXGOLD15M-26OCT050045-45,0.9800,165.00,no
2026-10-05T04:40:28.067774Z,KXGOLD15M-26OCT050045-45,0.9800,22.28,no
2026-10-05T04:40:28.530447Z,KXGOLD15M-26OCT050045-45,0.9800,4.45,no
2026-10-05T04:40:28.794082Z,KXGOLD15M-26OCT050045-45,0.9810,400.00,yes
2026-10-05T04:40:29.163112Z,KXGOLD15M-26OCT050045-45,0.9830,12.00,no
2026-10-05T04:40:29.163112Z,KXGOLD15M-26OCT050045-45,0.9830,34.79,no
2026-10-05T04:40:29.405395Z,KXGOLD15M-26OCT050045-45,0.9830,53.93,no
2026-10-05T04:40:29.937964Z,KXGOLD15M-26OCT050045-45,0.9840,300.00,yes
2026-10-05T04:40:29.937964Z,KXGOLD15M-26OCT050045-45,0.9840,100.00,yes
2026-10-05T04:40:29.946093Z,KXGOLD15M-26OCT050045-45,0.9850,100.00,yes
2026-10-05T04:40:29.946093Z,KXGOLD15M-26OCT050045-45,0.9850,40.00,yes
2026-10-05T04:40:29.979115Z,KXGOLD15M-26OCT050045-45,0.9850,0.72,no
2026-10-05T04:40:30.216452Z,KXGOLD15M-26OCT050045-45,0.9860,25.00,yes
2026-10-05T04:40:30.263862Z,KXGOLD15M-26OCT050045-45,0.9850,25.57,no
2026-10-05T04:40:30.532915Z,KXGOLD15M-26OCT050045-45,0.9860,8.66,yes
2026-10-05T04:40:30.576701Z,KXGOLD15M-26OCT050045-45,0.9850,13.76,no
2026-10-05T04:40:30.642898Z,KXGOLD15M-26OCT050045-45,0.9850,12.51,no
2026-10-05T04:40:31.04115Z,KXGOLD15M-26OCT050045-45,0.9850,62.36,no
2026-10-05T04:40:31.207747Z,KXGOLD15M-26OCT050045-45,0.9860,5.06,yes
2026-10-05T04:40:31.46218Z,KXGOLD15M-26OCT050045-45,0.9850,83.42,no
2026-10-05T04:40:31.773415Z,KXGOLD15M-26OCT050045-45,0.9850,1.43,no
2026-10-05T04:40:31.819405Z,KXGOLD15M-26OCT050045-45,0.9880,150.57,yes
2026-10-05T04:40:31.819405Z,KXGOLD15M-26OCT050045-45,0.9860,61.28,yes
2026-10-05T04:40:31.839999Z,KXGOLD15M-26OCT050045-45,0.9880,57.58,yes
2026-10-05T04:40:31.9785Z,KXGOLD15M-26OCT050045-45,0.9880,2.02,yes
2026-10-05T04:40:32.032848Z,KXGOLD15M-26OCT050045-45,0.9870,11.22,no
2026-10-05T04:40:32.060726Z,KXGOLD15M-26OCT050045-45,0.9880,2.02,yes
2026-10-05T04:40:32.44188Z,KXGOLD15M-26OCT050045-45,0.9880,22.11,yes
2026-10-05T04:40:33.078368Z,KXGOLD15M-26OCT050045-45,0.9870,53.96,no
2026-10-05T04:40:33.375085Z,KXGOLD15M-26OCT050045-45,0.9870,352.56,no
2026-10-05T04:40:33.611487Z,KXGOLD15M-26OCT050045-45,0.9870,101.00,no
2026-10-05T04:40:33.611487Z,KXGOLD15M-26OCT050045-45,0.9870,100.00,no
2026-10-05T04:40:33.629553Z,KXGOLD15M-26OCT050045-45,0.9850,8.66,no
2026-10-05T04:40:33.629553Z,KXGOLD15M-26OCT050045-45,0.9850,25.00,no
2026-10-05T04:40:33.629553Z,KXGOLD15M-26OCT050045-45,0.9850,5.06,no
2026-10-05T04:40:33.629553Z,KXGOLD15M-26OCT050045-45,0.9850,61.28,no
2026-10-05T04:40:33.629553Z,KXGOLD15M-26OCT050045-45,0.9850,300.00,no
2026-10-05T04:40:33.94869Z,KXGOLD15M-26OCT050045-45,0.9850,62.36,no
2026-10-05T04:40:34.215053Z,KXGOLD15M-26OCT050045-45,0.9850,62.36,no
2026-10-05T04:40:34.892479Z,KXGOLD15M-26OCT050045-45,0.9850,0.12,no
2026-10-05T04:40:35.149193Z,KXGOLD15M-26OCT050045-45,0.9870,3.13,yes
2026-10-05T04:40:35.365674Z,KXGOLD15M-26OCT050045-45,0.9850,32.59,no
2026-10-05T04:40:35.89033Z,KXGOLD15M-26OCT050045-45,0.9850,62.36,no
2026-10-05T04:40:36.019246Z,KXGOLD15M-26OCT050045-45,0.9850,222.82,no
2026-10-05T04:40:36.036006Z,KXGOLD15M-26OCT050045-45,0.9880,24.79,yes
2026-10-05T04:40:36.126736Z,KXGOLD15M-26OCT050045-45,0.9850,20.65,no
2026-10-05T04:40:36.298703Z,KXGOLD15M-26OCT050045-45,0.9850,31.18,no
2026-10-05T04:40:36.390511Z,KXGOLD15M-26OCT050045-45,0.9860,62.36,no
2026-10-05T04:40:36.473321Z,KXGOLD15M-26OCT050045-45,0.9860,311.83,no
2026-10-05T04:40:36.657922Z,KXGOLD15M-26OCT050045-45,0.9880,24.91,yes
2026-10-05T04:40:36.657922Z,KXGOLD15M-26OCT050045-45,0.9880,31.62,yes
2026-10-05T04:40:36.657922Z,KXGOLD15M-26OCT050045-45,0.9880,1.00,yes
2026-10-05T04:40:37.205995Z,KXGOLD15M-26OCT050045-45,0.9860,30.74,no
2026-10-05T04:40:37.205995Z,KXGOLD15M-26OCT050045-45,0.9860,31.62,no
2026-10-05T04:40:37.658488Z,KXGOLD15M-26OCT050045-45,0.9870,119.32,yes
2026-10-05T04:40:38.389626Z,KXGOLD15M-26OCT050045-45,0.9860,15.78,no
2026-10-05T04:40:38.494396Z,KXGOLD15M-26OCT050045-45,0.9880,10.34,yes
2026-10-05T04:40:38.548678Z,KXGOLD15M-26OCT050045-45,0.9870,0.67,no
2026-10-05T04:40:38.767665Z,KXGOLD15M-26OCT050045-45,0.9880,10.11,yes
2026-10-05T04:40:39.576164Z,KXGOLD15M-26OCT050045-45,0.9870,39.89,yes
2026-10-05T04:40:39.580506Z,KXGOLD15M-26OCT050045-45,0.9860,10.34,no
2026-10-05T04:40:39.580506Z,KXGOLD15M-26OCT050045-45,0.9860,10.11,no
2026-10-05T04:40:39.580506Z,KXGOLD15M-26OCT050045-45,0.9860,11.85,no
2026-10-05T04:40:39.727592Z,KXGOLD15M-26OCT050045-45,0.9860,65.48,no
2026-10-05T04:40:40.318899Z,KXGOLD15M-26OCT050045-45,0.9880,0.40,yes
2026-10-05T04:40:40.815422Z,KXGOLD15M-26OCT050045-45,0.9850,41.00,no
2026-10-05T04:40:40.815422Z,KXGOLD15M-26OCT050045-45,0.9840,19.29,no
2026-10-05T04:40:40.815422Z,KXGOLD15M-26OCT050045-45,0.9860,0.40,no
2026-10-05T04:40:40.867717Z,KXGOLD15M-26OCT050045-45,0.9850,60.69,no
2026-10-05T04:40:40.957979Z,KXGOLD15M-26OCT050045-45,0.9860,24.00,yes
2026-10-05T04:40:40.957979Z,KXGOLD15M-26OCT050045-45,0.9880,146.06,yes
2026-10-05T04:40:40.994791Z,KXGOLD15M-26OCT050045-45,0.9870,66.82,no
2026-10-05T04:40:41.191893Z,KXGOLD15M-26OCT050045-45,0.9860,58.12,no
2026-10-05T04:40:41.229386Z,KXGOLD15M-26OCT050045-45,0.9870,19.95,yes
2026-10-05T04:40:41.531862Z,KXGOLD15M-26OCT050045-45,0.9870,566.18,no
2026-10-05T04:40:42.196962Z,KXGOLD15M-26OCT050045-45,0.9880,19.83,yes
2026-10-05T04:40:42.351535Z,KXGOLD15M-26OCT050045-45,0.9880,386.87,yes
2026-10-05T04:40:42.618289Z,KXGOLD15M-26OCT050045-45,0.9870,50.78,no
2026-10-05T04:40:42.720156Z,KXGOLD15M-26OCT050045-45,0.9880,14.47,yes
2026-10-05T04:40:43.103144Z,KXGOLD15M-26OCT050045-45,0.9870,10.11,yes
2026-10-05T04:40:43.165536Z,KXGOLD15M-26OCT050045-45,0.9870,29.83,yes
2026-10-05T04:40:43.175411Z,KXGOLD15M-26OCT050045-45,0.9860,3.58,no
2026-10-05T04:40:43.535116Z,KXGOLD15M-26OCT050045-45,0.9870,46.10,no
2026-10-05T04:40:43.571989Z,KXGOLD15M-26OCT050045-45,0.9860,65.48,no
2026-10-05T04:40:43.736383Z,KXGOLD15M-26OCT050045-45,0.9870,334.08,no
2026-10-05T04:40:43.951093Z,KXGOLD15M-26OCT050045-45,0.9870,16.70,no
2026-10-05T04:40:44.164601Z,KXGOLD15M-26OCT050045-45,0.9870,7.19,no
2026-10-05T04:40:44.273423Z,KXGOLD15M-26OCT050045-45,0.9870,133.63,no
2026-10-05T04:40:44.967405Z,KXGOLD15M-26OCT050045-45,0.9870,103.61,no
2026-10-05T04:40:45.359318Z,KXGOLD15M-26OCT050045-45,0.9880,41.30,yes
2026-10-05T04:40:45.981117Z,KXGOLD15M-26OCT050045-45,0.9880,71.95,no
2026-10-05T04:40:45.992455Z,KXGOLD15M-26OCT050045-45,0.9890,0.50,yes
2026-10-05T04:40:46.242662Z,KXGOLD15M-26OCT050045-45,0.9880,664.84,no
2026-10-05T04:40:46.242662Z,KXGOLD15M-26OCT050045-45,0.9880,99.00,no
2026-10-05T04:40:46.43459Z,KXGOLD15M-26OCT050045-45,0.9890,12.35,yes
2026-10-05T04:40:46.488757Z,KXGOLD15M-26OCT050045-45,0.9880,77.94,no
2026-10-05T04:40:46.829857Z,KXGOLD15M-26OCT050045-45,0.9870,6.62,no
2026-10-05T04:40:46.829857Z,KXGOLD15M-26OCT050045-45,0.9880,757.22,no
2026-10-05T04:40:46.953063Z,KXGOLD15M-26OCT050045-45,0.9880,25.25,yes
2026-10-05T04:40:47.777814Z,KXGOLD15M-26OCT050045-45,0.9870,311.56,no
2026-10-05T04:40:47.777814Z,KXGOLD15M-26OCT050045-45,0.9870,41.00,no
2026-10-05T04:40:48.564268Z,KXGOLD15M-26OCT050045-45,0.9880,11.12,yes
2026-10-05T04:40:49.184373Z,KXGOLD15M-26OCT050045-45,0.9870,9.24,no
2026-10-05T04:40:49.246856Z,KXGOLD15M-26OCT050045-45,0.9870,84.00,no
2026-10-05T04:40:49.357291Z,KXGOLD15M-26OCT050045-45,0.9870,2.00,no
2026-10-05T04:40:49.45448Z,KXGOLD15M-26OCT050045-45,0.9870,454.00,no
2026-10-05T04:40:50.001145Z,KXGOLD15M-26OCT050045-45,0.9870,54.77,no
2026-10-05T04:40:50.28748Z,KXGOLD15M-26OCT050045-45,0.9880,359.76,no
2026-10-05T04:40:50.365776Z,KXGOLD15M-26OCT050045-45,0.9890,0.38,yes
2026-10-05T04:40:50.516401Z,KXGOLD15M-26OCT050045-45,0.9880,6.11,no
2026-10-05T04:40:50.608997Z,KXGOLD15M-26OCT050045-45,0.9890,505.17,yes
2026-10-05T04:40:50.906381Z,KXGOLD15M-26OCT050045-45,0.9890,10.04,yes
2026-10-05T04:40:50.909669Z,KXGOLD15M-26OCT050045-45,0.9880,77.94,no
2026-10-05T04:40:51.286187Z,KXGOLD15M-26OCT050045-45,0.9890,15.00,yes
2026-10-05T04:40:51.445036Z,KXGOLD15M-26OCT050045-45,0.9890,43.30,yes
2026-10-05T04:40:51.518466Z,KXGOLD15M-26OCT050045-45,0.9880,13.00,no
2026-10-05T04:40:51.546154Z,KXGOLD15M-26OCT050045-45,0.9880,74.68,yes
2026-10-05T04:40:52.377988Z,KXGOLD15M-26OCT050045-45,0.9880,78.80,yes
2026-10-05T04:40:52.901059Z,KXGOLD15M-26OCT050045-45,0.9880,337.63,yes
2026-10-05T04:40:53.257217Z,KXGOLD15M-26OCT050045-45,0.9870,53.45,no
2026-10-05T04:40:53.325766Z,KXGOLD15M-26OCT050045-45,0.9870,22.04,no
2026-10-05T04:40:53.367923Z,KXGOLD15M-26OCT050045-45,0.9880,94.48,yes
2026-10-05T04:40:53.36804Z,KXGOLD15M-26OCT050045-45,0.9880,386.87,yes
2026-10-05T04:40:53.904203Z,KXGOLD15M-26OCT050045-45,0.9870,66.82,no
2026-10-05T04:40:53.925257Z,KXGOLD15M-26OCT050045-45,0.9870,200.45,no
2026-10-05T04:40:53.948421Z,KXGOLD15M-26OCT050045-45,0.9870,143.90,no
2026-10-05T04:40:54.21556Z,KXGOLD15M-26OCT050045-45,0.9880,28.35,yes
2026-10-05T04:40:54.859957Z,KXGOLD15M-26OCT050045-45,0.9870,4.78,no
2026-10-05T04:40:54.906741Z,KXGOLD15M-26OCT050045-45,0.9870,71.95,no
2026-10-05T04:40:55.215028Z,KXGOLD15M-26OCT050045-45,0.9880,310.89,yes
2026-10-05T04:40:55.632685Z,KXGOLD15M-26OCT050045-45,0.9880,5.05,yes
2026-10-05T04:40:55.653146Z,KXGOLD15M-26OCT050045-45,0.9880,18.95,yes
2026-10-05T04:40:56.139818Z,KXGOLD15M-26OCT050045-45,0.9860,66.42,no
2026-10-05T04:40:56.232088Z,KXGOLD15M-26OCT050045-45,0.9870,52.38,yes
2026-10-05T04:40:56.43851Z,KXGOLD15M-26OCT050045-45,0.9870,12.32,yes
2026-10-05T04:40:57.110248Z,KXGOLD15M-26OCT050045-45,0.9870,0.40,no
2026-10-05T04:40:57.121332Z,KXGOLD15M-26OCT050045-45,0.9870,66.82,no
2026-10-05T04:40:57.191276Z,KXGOLD15M-26OCT050045-45,0.9890,2.00,yes
2026-10-05T04:40:57.191276Z,KXGOLD15M-26OCT050045-45,0.9890,13.26,yes
2026-10-05T04:40:57.191276Z,KXGOLD15M-26OCT050045-45,0.9890,4.57,yes
2026-10-05T04:40:57.208965Z,KXGOLD15M-26OCT050045-45,0.9870,1.04,no
2026-10-05T04:40:57.328829Z,KXGOLD15M-26OCT050045-45,0.9890,41.88,yes
2026-10-05T04:40:57.803095Z,KXGOLD15M-26OCT050045-45,0.9880,355.19,no
2026-10-05T04:40:57.803095Z,KXGOLD15M-26OCT050045-45,0.9880,4.57,no
2026-10-05T04:40:58.646078Z,KXGOLD15M-26OCT050045-45,0.9880,41.88,no
2026-10-05T04:40:58.646078Z,KXGOLD15M-26OCT050045-45,0.9880,29.47,no
2026-10-05T04:40:59.009912Z,KXGOLD15M-26OCT050045-45,0.9890,2.02,yes
2026-10-05T04:40:59.166989Z,KXGOLD15M-26OCT050045-45,0.9880,104.45,no
2026-10-05T04:40:59.436231Z,KXGOLD15M-26OCT050045-45,0.9880,69.93,no
2026-10-05T04:40:59.436231Z,KXGOLD15M-26OCT050045-45,0.9880,2.02,no
2026-10-05T04:40:59.768879Z,KXGOLD15M-26OCT050045-45,0.9880,763.84,no
2026-10-05T04:40:59.841738Z,KXGOLD15M-26OCT050045-45,0.9890,0.72,yes
2026-10-05T04:41:00.097562Z,KXGOLD15M-26OCT050045-45,0.9880,0.72,no
2026-10-05T04:41:00.120555Z,KXGOLD15M-26OCT050045-45,0.9870,3.81,no
2026-10-05T04:41:00.343435Z,KXGOLD15M-26OCT050045-45,0.9870,0.76,no
2026-10-05T04:41:00.514241Z,KXGOLD15M-26OCT050045-45,0.9870,71.95,no
2026-10-05T04:41:00.568315Z,KXGOLD15M-26OCT050045-45,0.9880,20.27,yes
2026-10-05T04:41:00.686847Z,KXGOLD15M-26OCT050045-45,0.9880,204.00,yes
2026-10-05T04:41:00.786719Z,KXGOLD15M-26OCT050045-45,0.9870,35.97,no
2026-10-05T04:41:01.028526Z,KXGOLD15M-26OCT050045-45,0.9890,109.00,yes
2026-10-05T04:41:01.028526Z,KXGOLD15M-26OCT050045-45,0.9890,327.64,yes
2026-10-05T04:41:01.028526Z,KXGOLD15M-26OCT050045-45,0.9890,300.81,yes
2026-10-05T04:41:01.028526Z,KXGOLD15M-26OCT050045-45,0.9890,2.00,yes
2026-10-05T04:41:01.028526Z,KXGOLD15M-26OCT050045-45,0.9890,100.00,yes
2026-10-05T04:41:01.028526Z,KXGOLD15M-26OCT050045-45,0.9890,1.00,yes
2026-10-05T04:41:01.028526Z,KXGOLD15M-26OCT050045-45,0.9890,20.00,yes
2026-10-05T04:41:01.028526Z,KXGOLD15M-26OCT050045-45,0.9890,10.00,yes
2026-10-05T04:41:01.028526Z,KXGOLD15M-26OCT050045-45,0.9890,2.00,yes
2026-10-05T04:41:01.043456Z,KXGOLD15M-26OCT050045-45,0.9880,10.42,no
2026-10-05T04:41:01.446632Z,KXGOLD15M-26OCT050045-45,0.9890,15.00,no
2026-10-05T04:41:01.446632Z,KXGOLD15M-26OCT050045-45,0.9890,344.76,no
2026-10-05T04:41:02.00297Z,KXGOLD15M-26OCT050045-45,0.9900,1.00,yes
2026-10-05T04:41:02.00297Z,KXGOLD15M-26OCT050045-45,0.9900,21.76,yes
2026-10-05T04:41:02.948538Z,KXGOLD15M-26OCT050045-45,0.9890,85.02,no
2026-10-05T04:41:03.638724Z,KXGOLD15M-26OCT050045-45,0.9900,4.03,yes
2026-10-05T04:41:03.798669Z,KXGOLD15M-26OCT050045-45,0.9900,6.80,yes
2026-10-05T04:41:04.397961Z,KXGOLD15M-26OCT050045-45,0.9890,4.03,no
2026-10-05T04:41:04.397961Z,KXGOLD15M-26OCT050045-45,0.9890,6.80,no
2026-10-05T04:41:04.397961Z,KXGOLD15M-26OCT050045-45,0.9890,21.76,no
2026-10-05T04:41:04.397961Z,KXGOLD15M-26OCT050045-45,0.9890,46.85,no
2026-10-05T04:41:04.727146Z,KXGOLD15M-26OCT050045-45,0.9890,85.02,no
2026-10-05T04:41:04.739149Z,KXGOLD15M-26OCT050045-45,0.9890,80.13,no
2026-10-05T04:41:04.852207Z,KXGOLD15M-26OCT050045-45,0.9890,20.83,no
2026-10-05T04:41:05.649428Z,KXGOLD15M-26OCT050045-45,0.9830,50.00,no
2026-10-05T04:41:05.649428Z,KXGOLD15M-26OCT050045-45,0.9870,41.00,no
2026-10-05T04:41:05.649428Z,KXGOLD15M-26OCT050045-45,0.9830,50.00,no
2026-10-05T04:41:05.649428Z,KXGOLD15M-26OCT050045-45,0.9860,40.00,no
2026-10-05T04:41:05.649428Z,KXGOLD15M-26OCT050045-45,0.9880,1500.00,no
2026-10-05T04:41:05.649428Z,KXGOLD15M-26OCT050045-45,0.9810,300.00,no
2026-10-05T04:41:05.649428Z,KXGOLD15M-26OCT050045-45,0.9860,1.00,no
2026-10-05T04:41:05.649428Z,KXGOLD15M-26OCT050045-45,0.9870,18.00,no
2026-10-05T04:41:05.649428Z,KXGOLD15M-26OCT050045-45,0.9800,172.00,no
2026-10-05T04:41:05.649428Z,KXGOLD15M-26OCT050045-45,0.9880,300.81,no
2026-10-05T04:41:05.649428Z,KXGOLD15M-26OCT050045-45,0.9820,101.00,no
2026-10-05T04:41:05.649428Z,KXGOLD15M-26OCT050045-45,0.9800,280.91,no
2026-10-05T04:41:05.649428Z,KXGOLD15M-26OCT050045-45,0.9880,53.00,no
2026-10-05T04:41:05.649428Z,KXGOLD15M-26OCT050045-45,0.9860,2.00,no
2026-10-05T04:41:05.649428Z,KXGOLD15M-26OCT050045-45,0.9800,25.09,no
2026-10-05T04:41:05.649428Z,KXGOLD15M-26OCT050045-45,0.9830,100.00,no
2026-10-05T04:41:05.649428Z,KXGOLD15M-26OCT050045-45,0.9840,80.71,no
2026-10-05T04:41:05.649428Z,KXGOLD15M-26OCT050045-45,0.9800,40.00,no
2026-10-05T04:41:05.655673Z,KXGOLD15M-26OCT050045-45,0.9890,312.83,yes
2026-10-05T04:41:06.597331Z,KXGOLD15M-26OCT050045-45,0.9880,308.38,no
2026-10-05T04:41:06.597331Z,KXGOLD15M-26OCT050045-45,0.9880,300.00,no
2026-10-05T04:41:06.597331Z,KXGOLD15M-26OCT050045-45,0.9880,26.00,no
2026-10-05T04:41:07.026109Z,KXGOLD15M-26OCT050045-45,0.9880,389.71,no
2026-10-05T04:41:07.863775Z,KXGOLD15M-26OCT050045-45,0.9880,77.94,no
2026-10-05T04:41:08.468236Z,KXGOLD15M-26OCT050045-45,0.9880,7.79,no
2026-10-05T04:41:08.633903Z,KXGOLD15M-26OCT050045-45,0.9880,14.94,no
2026-10-05T04:41:08.633903Z,KXGOLD15M-26OCT050045-45,0.9880,63.00,no
2026-10-05T04:41:08.975066Z,KXGOLD15M-26OCT050045-45,0.9880,77.94,no
2026-10-05T04:41:09.934041Z,KXGOLD15M-26OCT050045-45,0.9890,10.20,yes
2026-10-05T04:41:09.945032Z,KXGOLD15M-26OCT050045-45,0.9890,29.80,yes
2026-10-05T04:41:09.945032Z,KXGOLD15M-26OCT050045-45,0.9900,70.20,yes
2026-10-05T04:41:10.291891Z,KXGOLD15M-26OCT050045-45,0.9900,2.96,yes
2026-10-05T04:41:10.62666Z,KXGOLD15M-26OCT050045-45,0.9890,9.47,no
2026-10-05T04:41:10.935539Z,KXGOLD15M-26OCT050045-45,0.9890,10.40,no
2026-10-05T04:41:12.225299Z,KXGOLD15M-26OCT050045-45,0.9900,18.60,yes
2026-10-05T04:41:12.657956Z,KXGOLD15M-26OCT050045-45,0.9890,19.82,no
2026-10-05T04:41:13.93978Z,KXGOLD15M-26OCT050045-45,0.9900,30.28,yes
2026-10-05T04:41:14.175783Z,KXGOLD15M-26OCT050045-45,0.9900,595.37,yes
2026-10-05T04:41:14.175783Z,KXGOLD15M-26OCT050045-45,0.9900,1.22,yes
2026-10-05T04:41:14.175783Z,KXGOLD15M-26OCT050045-45,0.9900,57.83,yes
2026-10-05T04:41:14.175783Z,KXGOLD15M-26OCT050045-45,0.9900,1.00,yes
2026-10-05T04:41:14.175783Z,KXGOLD15M-26OCT050045-45,0.9900,75.00,yes
2026-10-05T04:41:14.322992Z,KXGOLD15M-26OCT050045-45,0.9890,2.96,no
2026-10-05T04:41:14.322992Z,KXGOLD15M-26OCT050045-45,0.9890,50.38,no
2026-10-05T04:41:14.322992Z,KXGOLD15M-26OCT050045-45,0.9890,31.68,no
2026-10-05T04:41:14.644719Z,KXGOLD15M-26OCT050045-45,0.9890,17.00,no
2026-10-05T04:41:14.669422Z,KXGOLD15M-26OCT050045-45,0.9900,6.98,yes
2026-10-05T04:41:14.669422Z,KXGOLD15M-26OCT050045-45,0.9900,0.08,yes
2026-10-05T04:41:14.752995Z,KXGOLD15M-26OCT050045-45,0.9890,249.96,no
2026-10-05T04:41:15.098079Z,KXGOLD15M-26OCT050045-45,0.9890,85.02,no
2026-10-05T04:41:15.311551Z,KXGOLD15M-26OCT050045-45,0.9900,2.00,yes
2026-10-05T04:41:15.311551Z,KXGOLD15M-26OCT050045-45,0.9900,10.63,yes
2026-10-05T04:41:15.311551Z,KXGOLD15M-26OCT050045-45,0.9900,0.05,yes
2026-10-05T04:41:15.311551Z,KXGOLD15M-26OCT050045-45,0.9900,42.12,yes
2026-10-05T04:41:15.337934Z,KXGOLD15M-26OCT050045-45,0.9900,3.60,yes
2026-10-05T04:41:15.337934Z,KXGOLD15M-26OCT050045-45,0.9900,46.86,yes
2026-10-05T04:41:15.370885Z,KXGOLD15M-26OCT050045-45,0.9890,85.02,no
2026-10-05T04:41:15.869652Z,KXGOLD15M-26OCT050045-45,0.9900,17.58,yes
2026-10-05T04:41:15.869652Z,KXGOLD15M-26OCT050045-45,0.9900,2.40,yes
2026-10-05T04:41:15.869652Z,KXGOLD15M-26OCT050045-45,0.9900,5.88,yes
2026-10-05T04:41:15.869652Z,KXGOLD15M-26OCT050045-45,0.9900,4.94,yes
2026-10-05T04:41:15.869652Z,KXGOLD15M-26OCT050045-45,0.9900,2.53,yes
2026-10-05T04:41:15.869652Z,KXGOLD15M-26OCT050045-45,0.9900,9.47,yes
2026-10-05T04:41:15.869652Z,KXGOLD15M-26OCT050045-45,0.9900,9.84,yes
2026-10-05T04:41:15.869652Z,KXGOLD15M-26OCT050045-45,0.9900,153.14,yes
2026-10-05T04:41:15.869652Z,KXGOLD15M-26OCT050045-45,0.9900,4.23,yes
2026-10-05T04:41:15.869652Z,KXGOLD15M-26OCT050045-45,0.9900,1.34,yes
2026-10-05T04:41:15.869652Z,KXGOLD15M-26OCT050045-45,0.9900,0.68,yes
2026-10-05T04:41:15.869652Z,KXGOLD15M-26OCT050045-45,0.9900,0.51,yes
2026-10-05T04:41:15.869652Z,KXGOLD15M-26OCT050045-45,0.9900,1.79,yes
2026-10-05T04:41:15.869652Z,KXGOLD15M-26OCT050045-45,0.9900,25.02,yes
2026-10-05T04:41:16.046761Z,KXGOLD15M-26OCT050045-45,0.9890,166.64,no
2026-10-05T04:41:16.569233Z,KXGOLD15M-26OCT050045-45,0.9890,75.08,no
2026-10-05T04:41:17.064807Z,KXGOLD15M-26OCT050045-45,0.9900,382.42,yes
2026-10-05T04:41:17.064807Z,KXGOLD15M-26OCT050045-45,0.9900,5.51,yes
2026-10-05T04:41:17.064807Z,KXGOLD15M-26OCT050045-45,0.9900,47.33,yes
2026-10-05T04:41:17.064807Z,KXGOLD15M-26OCT050045-45,0.9900,51.17,yes
2026-10-05T04:41:17.064807Z,KXGOLD15M-26OCT050045-45,0.9900,5.16,yes
2026-10-05T04:41:17.064807Z,KXGOLD15M-26OCT050045-45,0.9900,60.00,yes
2026-10-05T04:41:17.197208Z,KXGOLD15M-26OCT050045-45,0.9890,166.64,no
2026-10-05T04:41:17.304226Z,KXGOLD15M-26OCT050045-45,0.9910,55.67,yes
2026-10-05T04:41:17.304226Z,KXGOLD15M-26OCT050045-45,0.9900,23.83,yes
2026-10-05T04:41:17.363137Z,KXGOLD15M-26OCT050045-45,0.9900,303.53,no
2026-10-05T04:41:17.767001Z,KXGOLD15M-26OCT050045-45,0.9900,20.00,no
2026-10-05T04:41:17.933703Z,KXGOLD15M-26OCT050045-45,0.9910,40.33,yes
2026-10-05T04:41:18.023261Z,KXGOLD15M-26OCT050045-45,0.9900,300.00,no
2026-10-05T04:41:18.023261Z,KXGOLD15M-26OCT050045-45,0.9900,30.00,no
2026-10-05T04:41:18.023261Z,KXGOLD15M-26OCT050045-45,0.9900,23.83,no
2026-10-05T04:41:18.034579Z,KXGOLD15M-26OCT050045-45,0.9890,30.28,no
2026-10-05T04:41:18.034579Z,KXGOLD15M-26OCT050045-45,0.9890,15.00,no
2026-10-05T04:41:18.034579Z,KXGOLD15M-26OCT050045-45,0.9890,595.37,no
2026-10-05T04:41:18.034579Z,KXGOLD15M-26OCT050045-45,0.9890,41.00,no
2026-10-05T04:41:18.034579Z,KXGOLD15M-26OCT050045-45,0.9890,75.00,no
2026-10-05T04:41:18.034579Z,KXGOLD15M-26OCT050045-45,0.9890,18.60,no
2026-10-05T04:41:18.034579Z,KXGOLD15M-26OCT050045-45,0.9890,51.17,no
2026-10-05T04:41:18.041744Z,KXGOLD15M-26OCT050045-45,0.9860,2.00,no
2026-10-05T04:41:18.105909Z,KXGOLD15M-26OCT050045-45,0.9850,202.00,yes
2026-10-05T04:41:18.896019Z,KXGOLD15M-26OCT050045-45,0.9850,32.93,yes
2026-10-05T04:41:18.90406Z,KXGOLD15M-26OCT050045-45,0.9850,21.00,yes
2026-10-05T04:41:18.90406Z,KXGOLD15M-26OCT050045-45,0.9850,100.00,yes
2026-10-05T04:41:19.087538Z,KXGOLD15M-26OCT050045-45,0.9850,10.00,yes
2026-10-05T04:41:19.633596Z,KXGOLD15M-26OCT050045-45,0.9850,89.10,yes
2026-10-05T04:41:21.460272Z,KXGOLD15M-26OCT050045-45,0.9850,62.36,no
2026-10-05T04:41:21.648885Z,KXGOLD15M-26OCT050045-45,0.9870,1.01,yes
2026-10-05T04:41:21.811397Z,KXGOLD15M-26OCT050045-45,0.9890,80.35,yes
2026-10-05T04:41:21.93824Z,KXGOLD15M-26OCT050045-45,0.9890,44.03,yes
2026-10-05T04:41:22.745752Z,KXGOLD15M-26OCT050045-45,0.9880,1148.14,no
2026-10-05T04:41:22.745752Z,KXGOLD15M-26OCT050045-45,0.9880,21.00,no
2026-10-05T04:41:22.803753Z,KXGOLD15M-26OCT050045-45,0.9900,22.03,yes
2026-10-05T04:41:23.561295Z,KXGOLD15M-26OCT050045-45,0.9900,86.84,yes
2026-10-05T04:41:24.236339Z,KXGOLD15M-26OCT050045-45,0.9880,5.06,no
2026-10-05T04:41:24.258231Z,KXGOLD15M-26OCT050045-45,0.9880,31.94,no
2026-10-05T04:41:24.258231Z,KXGOLD15M-26OCT050045-45,0.9880,46.00,no
2026-10-05T04:41:24.788699Z,KXGOLD15M-26OCT050045-45,0.9900,17.15,yes
2026-10-05T04:41:25.334534Z,KXGOLD15M-26OCT050045-45,0.9900,0.25,yes
2026-10-05T04:41:25.498999Z,KXGOLD15M-26OCT050045-45,0.9880,3.08,no
2026-10-05T04:41:26.744692Z,KXGOLD15M-26OCT050045-45,0.9880,77.94,no
2026-10-05T04:41:27.342237Z,KXGOLD15M-26OCT050045-45,0.9900,1169.14,yes
2026-10-05T04:41:27.415636Z,KXGOLD15M-26OCT050045-45,0.9910,0.69,yes
2026-10-05T04:41:27.510143Z,KXGOLD15M-26OCT050045-45,0.9880,0.74,no
2026-10-05T04:41:27.884505Z,KXGOLD15M-26OCT050045-45,0.9880,7.79,no
2026-10-05T04:41:27.966209Z,KXGOLD15M-26OCT050045-45,0.9890,77.94,no
2026-10-05T04:41:28.240271Z,KXGOLD15M-26OCT050045-45,0.9910,203.31,yes
2026-10-05T04:41:28.240271Z,KXGOLD15M-26OCT050045-45,0.9910,1.00,yes
2026-10-05T04:41:28.482653Z,KXGOLD15M-26OCT050045-45,0.9920,2.01,yes
2026-10-05T04:41:28.826129Z,KXGOLD15M-26OCT050045-45,0.9920,27.32,yes
2026-10-05T04:41:29.090581Z,KXGOLD15M-26OCT050045-45,0.9910,101.83,no
2026-10-05T04:41:29.171781Z,KXGOLD15M-26OCT050045-45,0.9920,114.28,yes
2026-10-05T04:41:29.621724Z,KXGOLD15M-26OCT050045-45,0.9910,17.76,no
2026-10-05T04:41:30.135503Z,KXGOLD15M-26OCT050045-45,0.9910,2.02,no
2026-10-05T04:41:30.222158Z,KXGOLD15M-26OCT050045-45,0.9910,101.83,no
2026-10-05T04:41:30.248332Z,KXGOLD15M-26OCT050045-45,0.9910,101.83,no
2026-10-05T04:41:30.493868Z,KXGOLD15M-26OCT050045-45,0.9910,3.65,no
2026-10-05T04:41:31.109531Z,KXGOLD15M-26OCT050045-45,0.9920,1.00,yes
2026-10-05T04:41:31.527507Z,KXGOLD15M-26OCT050045-45,0.9920,51.00,yes
2026-10-05T04:41:31.52856Z,KXGOLD15M-26OCT050045-45,0.9920,300.00,yes
2026-10-05T04:41:31.536848Z,KXGOLD15M-26OCT050045-45,0.9930,500.00,yes
2026-10-05T04:41:31.546283Z,KXGOLD15M-26OCT050045-45,0.9930,5.94,yes
2026-10-05T04:41:31.549137Z,KXGOLD15M-26OCT050045-45,0.9920,16.63,no
2026-10-05T04:41:31.562516Z,KXGOLD15M-26OCT050045-45,0.9920,50.50,no
2026-10-05T04:41:31.708116Z,KXGOLD15M-26OCT050045-45,0.9930,51.95,no
2026-10-05T04:41:31.717474Z,KXGOLD15M-26OCT050045-45,0.9930,103.91,no
2026-10-05T04:41:32.289659Z,KXGOLD15M-26OCT050045-45,0.9930,130.90,no
2026-10-05T04:41:32.465357Z,KXGOLD15M-26OCT050045-45,0.9930,130.90,no
2026-10-05T04:41:33.144504Z,KXGOLD15M-26OCT050045-45,0.9930,132.85,no
2026-10-05T04:41:33.166433Z,KXGOLD15M-26OCT050045-45,0.9930,25.25,no
2026-10-05T04:41:33.379233Z,KXGOLD15M-26OCT050045-45,0.9930,3.38,no
2026-10-05T04:41:33.389451Z,KXGOLD15M-26OCT050045-45,0.9930,78.80,no
2026-10-05T04:41:33.440869Z,KXGOLD15M-26OCT050045-45,0.9940,1.92,yes
2026-10-05T04:41:33.601938Z,KXGOLD15M-26OCT050045-45,0.9930,130.90,no
2026-10-05T04:41:33.980362Z,KXGOLD15M-26OCT050045-45,0.9930,267.14,no
2026-10-05T04:41:34.107217Z,KXGOLD15M-26OCT050045-45,0.9930,0.25,no
2026-10-05T04:41:34.285232Z,KXGOLD15M-26OCT050045-45,0.9930,130.90,no
2026-10-05T04:41:35.387778Z,KXGOLD15M-26OCT050045-45,0.9940,0.76,yes
2026-10-05T04:41:36.763071Z,KXGOLD15M-26OCT050045-45,0.9930,130.90,no
2026-10-05T04:41:37.034846Z,KXGOLD15M-26OCT050045-45,0.9940,11.18,yes
2026-10-05T04:41:37.292667Z,KXGOLD15M-26OCT050045-45,0.9930,13.35,no
2026-10-05T04:41:37.329538Z,KXGOLD15M-26OCT050045-45,0.9940,182.59,yes
2026-10-05T04:41:37.503882Z,KXGOLD15M-26OCT050045-45,0.9940,5.02,yes
2026-10-05T04:41:37.591239Z,KXGOLD15M-26OCT050045-45,0.9930,0.76,no
2026-10-05T04:41:37.591239Z,KXGOLD15M-26OCT050045-45,0.9930,11.18,no
2026-10-05T04:41:37.591239Z,KXGOLD15M-26OCT050045-45,0.9930,75.29,no
2026-10-05T04:41:37.591239Z,KXGOLD15M-26OCT050045-45,0.9930,168.62,no
2026-10-05T04:41:37.591239Z,KXGOLD15M-26OCT050045-45,0.9930,1.92,no
2026-10-05T04:41:38.26715Z,KXGOLD15M-26OCT050045-45,0.9940,298.53,yes
2026-10-05T04:41:38.26715Z,KXGOLD15M-26OCT050045-45,0.9940,105.96,yes
2026-10-05T04:41:38.26715Z,KXGOLD15M-26OCT050045-45,0.9940,100.00,yes
2026-10-05T04:41:38.26715Z,KXGOLD15M-26OCT050045-45,0.9940,300.00,yes
2026-10-05T04:41:38.52503Z,KXGOLD15M-26OCT050045-45,0.9950,1.00,yes
2026-10-05T04:41:38.620404Z,KXGOLD15M-26OCT050045-45,0.9940,259.14,no
2026-10-05T04:41:39.29829Z,KXGOLD15M-26OCT050045-45,0.9950,0.50,yes
2026-10-05T04:41:39.324051Z,KXGOLD15M-26OCT050045-45,0.9930,107.30,no
2026-10-05T04:41:39.324051Z,KXGOLD15M-26OCT050045-45,0.9930,5.02,no
2026-10-05T04:41:39.324051Z,KXGOLD15M-26OCT050045-45,0.9940,1240.86,no
2026-10-05T04:41:39.324051Z,KXGOLD15M-26OCT050045-45,0.9920,100.00,no
2026-10-05T04:41:39.324051Z,KXGOLD15M-26OCT050045-45,0.9930,33.00,no
2026-10-05T04:41:39.324051Z,KXGOLD15M-26OCT050045-45,0.9920,500.00,no
2026-10-05T04:41:39.324051Z,KXGOLD15M-26OCT050045-45,0.9910,11.64,no
2026-10-05T04:41:39.324051Z,KXGOLD15M-26OCT050045-45,0.9940,100.00,no
2026-10-05T04:41:39.814397Z,KXGOLD15M-26OCT050045-45,0.9940,4.03,no
2026-10-05T04:41:39.982386Z,KXGOLD15M-26OCT050045-45,0.9940,152.71,no
2026-10-05T04:41:40.424489Z,KXGOLD15M-26OCT050045-45,0.9940,26.98,yes
2026-10-05T04:41:40.596364Z,KXGOLD15M-26OCT050045-45,0.9940,13.66,yes
2026-10-05T04:41:40.779308Z,KXGOLD15M-26OCT050045-45,0.9930,1430.29,no
2026-10-05T04:41:40.779308Z,KXGOLD15M-26OCT050045-45,0.9930,39.00,no
2026-10-05T04:41:40.8599Z,KXGOLD15M-26OCT050045-45,0.9940,173.41,yes
2026-10-05T04:41:40.932612Z,KXGOLD15M-26OCT050045-45,0.9930,13.35,no
2026-10-05T04:41:41.830661Z,KXGOLD15M-26OCT050045-45,0.9910,153.51,no
2026-10-05T04:41:41.830661Z,KXGOLD15M-26OCT050045-45,0.9930,1.00,no
2026-10-05T04:41:41.830661Z,KXGOLD15M-26OCT050045-45,0.9920,66.00,no
2026-10-05T04:41:41.830661Z,KXGOLD15M-26OCT050045-45,0.9930,298.53,no
2026-10-05T04:41:41.830661Z,KXGOLD15M-26OCT050045-45,0.9930,56.36,no
2026-10-05T04:41:41.830661Z,KXGOLD15M-26OCT050045-45,0.9930,0.50,no
2026-10-05T04:41:41.830661Z,KXGOLD15M-26OCT050045-45,0.9910,29.36,no
2026-10-05T04:41:41.874404Z,KXGOLD15M-26OCT050045-45,0.9940,129.40,yes
2026-10-05T04:41:42.573401Z,KXGOLD15M-26OCT050045-45,0.9940,10.05,yes
2026-10-05T04:41:42.676232Z,KXGOLD15M-26OCT050045-45,0.9940,545.30,yes
2026-10-05T04:41:42.731654Z,KXGOLD15M-26OCT050045-45,0.9930,284.42,no
2026-10-05T04:41:42.731654Z,KXGOLD15M-26OCT050045-45,0.9930,300.00,no
2026-10-05T04:41:42.913646Z,KXGOLD15M-26OCT050045-45,0.9920,116.88,no
2026-10-05T04:41:43.573686Z,KXGOLD15M-26OCT050045-45,0.9940,25.14,yes
2026-10-05T04:41:44.012852Z,KXGOLD15M-26OCT050045-45,0.9940,222.24,yes
2026-10-05T04:41:45.058208Z,KXGOLD15M-26OCT050045-45,0.9940,85.02,yes
2026-10-05T04:41:45.386943Z,KXGOLD15M-26OCT050045-45,0.9930,1.31,no
2026-10-05T04:41:45.426799Z,KXGOLD15M-26OCT050045-45,0.9930,256.46,no
2026-10-05T04:41:45.617274Z,KXGOLD15M-26OCT050045-45,0.9930,130.90,no
2026-10-05T04:41:46.075342Z,KXGOLD15M-26OCT050045-45,0.9940,0.15,yes
2026-10-05T04:41:46.858123Z,KXGOLD15M-26OCT050045-45,0.9930,13.35,no
2026-10-05T04:41:47.138889Z,KXGOLD15M-26OCT050045-45,0.9930,0.01,no
2026-10-05T04:41:48.617927Z,KXGOLD15M-26OCT050045-45,0.9930,64.11,no
2026-10-05T04:41:48.940817Z,KXGOLD15M-26OCT050045-45,0.9930,130.90,no
2026-10-05T04:41:49.203156Z,KXGOLD15M-26OCT050045-45,0.9930,13.63,no
2026-10-05T04:41:49.203156Z,KXGOLD15M-26OCT050045-45,0.9930,117.27,no
2026-10-05T04:41:49.542934Z,KXGOLD15M-26OCT050045-45,0.9940,11.80,yes
2026-10-05T04:41:49.875424Z,KXGOLD15M-26OCT050045-45,0.9930,2.67,no
2026-10-05T04:41:49.958181Z,KXGOLD15M-26OCT050045-45,0.9950,138.89,yes
2026-10-05T04:41:49.958181Z,KXGOLD15M-26OCT050045-45,0.9940,288.20,yes
2026-10-05T04:41:49.98275Z,KXGOLD15M-26OCT050045-45,0.9950,500.00,yes
2026-10-05T04:41:50.048863Z,KXGOLD15M-26OCT050045-45,0.9940,400.72,no
2026-10-05T04:41:51.012265Z,KXGOLD15M-26OCT050045-45,0.9950,109.61,yes
2026-10-05T04:41:51.012265Z,KXGOLD15M-26OCT050045-45,0.9950,35.60,yes
2026-10-05T04:41:51.208543Z,KXGOLD15M-26OCT050045-45,0.9960,27.46,yes
2026-10-05T04:41:51.399509Z,KXGOLD15M-26OCT050045-45,0.9960,24.60,yes
2026-10-05T04:41:51.418393Z,KXGOLD15M-26OCT050045-45,0.9950,779.13,no
2026-10-05T04:41:51.567974Z,KXGOLD15M-26OCT050045-45,0.9950,92.00,no
2026-10-05T04:41:52.013786Z,KXGOLD15M-26OCT050045-45,0.9950,0.05,no
2026-10-05T04:41:52.584723Z,KXGOLD15M-26OCT050045-45,0.9950,45.81,no
2026-10-05T04:41:53.167985Z,KXGOLD15M-26OCT050045-45,0.9960,0.69,yes
2026-10-05T04:41:53.50345Z,KXGOLD15M-26OCT050045-45,0.9950,560.93,no
2026-10-05T04:41:53.746432Z,KXGOLD15M-26OCT050045-45,0.9950,0.69,no
2026-10-05T04:41:53.746432Z,KXGOLD15M-26OCT050045-45,0.9930,41.00,no
2026-10-05T04:41:53.746432Z,KXGOLD15M-26OCT050045-45,0.9940,27.46,no
2026-10-05T04:41:53.746432Z,KXGOLD15M-26OCT050045-45,0.9950,24.60,no
2026-10-05T04:41:53.746432Z,KXGOLD15M-26OCT050045-45,0.9930,60.00,no
2026-10-05T04:41:53.746432Z,KXGOLD15M-26OCT050045-45,0.9930,138.89,no
2026-10-05T04:41:53.746432Z,KXGOLD15M-26OCT050045-45,0.9950,22.08,no
2026-10-05T04:41:53.746432Z,KXGOLD15M-26OCT050045-45,0.9920,100.00,no
2026-10-05T04:41:53.746432Z,KXGOLD15M-26OCT050045-45,0.9940,109.61,no
2026-10-05T04:41:53.746432Z,KXGOLD15M-26OCT050045-45,0.9940,500.00,no
2026-10-05T04:41:53.746432Z,KXGOLD15M-26OCT050045-45,0.9940,300.00,no
2026-10-05T04:41:53.746432Z,KXGOLD15M-26OCT050045-45,0.9910,1094.05,no
2026-10-05T04:41:53.746432Z,KXGOLD15M-26OCT050045-45,0.9920,64.00,no
2026-10-05T04:41:54.011652Z,KXGOLD15M-26OCT050045-45,0.9960,390.30,yes
2026-10-05T04:41:54.406901Z,KXGOLD15M-26OCT050045-45,0.9930,467.53,no
2026-10-05T04:41:54.822747Z,KXGOLD15M-26OCT050045-45,0.9960,19.78,yes
2026-10-05T04:41:55.389258Z,KXGOLD15M-26OCT050045-45,0.9950,29.64,no
2026-10-05T04:41:55.407262Z,KXGOLD15M-26OCT050045-45,0.9950,179.49,no
2026-10-05T04:41:55.407262Z,KXGOLD15M-26OCT050045-45,0.9950,192.36,no
2026-10-05T04:41:55.932944Z,KXGOLD15M-26OCT050045-45,0.9960,12.29,yes
2026-10-05T04:41:56.016926Z,KXGOLD15M-26OCT050045-45,0.9940,152.71,no
2026-10-05T04:41:56.633089Z,KXGOLD15M-26OCT050045-45,0.9950,137.07,no
2026-10-05T04:41:57.16682Z,KXGOLD15M-26OCT050045-45,0.9950,186.97,no
2026-10-05T04:41:57.16723Z,KXGOLD15M-26OCT050045-45,0.9950,5.20,no
2026-10-05T04:41:57.201886Z,KXGOLD15M-26OCT050045-45,0.9960,14.53,yes
2026-10-05T04:41:57.395394Z,KXGOLD15M-26OCT050045-45,0.9950,9.16,no
2026-10-05T04:41:57.453043Z,KXGOLD15M-26OCT050045-45,0.9950,114.84,no
2026-10-05T04:41:57.453043Z,KXGOLD15M-26OCT050045-45,0.9950,51.90,no
2026-10-05T04:41:58.004096Z,KXGOLD15M-26OCT050045-45,0.9950,560.93,no
2026-10-05T04:41:58.023997Z,KXGOLD15M-26OCT050045-45,0.9950,12.56,no
2026-10-05T04:41:58.394522Z,KXGOLD15M-26OCT050045-45,0.9950,1500.00,no
2026-10-05T04:41:58.394522Z,KXGOLD15M-26OCT050045-45,0.9950,12.29,no
2026-10-05T04:41:58.394522Z,KXGOLD15M-26OCT050045-45,0.9950,7.22,no
2026-10-05T04:41:58.394522Z,KXGOLD15M-26OCT050045-45,0.9930,220.97,no
2026-10-05T04:41:59.773797Z,KXGOLD15M-26OCT050045-45,0.9950,4.16,no
2026-10-05T04:41:59.773797Z,KXGOLD15M-26OCT050045-45,0.9950,14.53,no
2026-10-05T04:41:59.947959Z,KXGOLD15M-26OCT050045-45,0.9960,500.00,yes
2026-10-05T04:41:59.958596Z,KXGOLD15M-26OCT050045-45,0.9960,10.35,yes
2026-10-05T04:41:59.958596Z,KXGOLD15M-26OCT050045-45,0.9960,4.65,yes
2026-10-05T04:42:00.462659Z,KXGOLD15M-26OCT050045-45,0.9940,152.71,no
2026-10-05T04:42:00.490247Z,KXGOLD15M-26OCT050045-45,0.9940,10.51,no
2026-10-05T04:42:00.645915Z,KXGOLD15M-26OCT050045-45,0.9950,45.00,yes
2026-10-05T04:42:01.500211Z,KXGOLD15M-26OCT050045-45,0.9940,155.00,no
2026-10-05T04:42:01.525586Z,KXGOLD15M-26OCT050045-45,0.9940,149.59,no
2026-10-05T04:42:01.53697Z,KXGOLD15M-26OCT050045-45,0.9940,1.52,no
2026-10-05T04:42:02.217731Z,KXGOLD15M-26OCT050045-45,0.9950,178.00,yes
2026-10-05T04:42:03.314847Z,KXGOLD15M-26OCT050045-45,0.9950,46.94,yes
2026-10-05T04:42:03.575214Z,KXGOLD15M-26OCT050045-45,0.9940,4.27,no
2026-10-05T04:42:04.014159Z,KXGOLD15M-26OCT050045-45,0.9940,152.71,no
2026-10-05T04:42:04.206912Z,KXGOLD15M-26OCT050045-45,0.9950,7.56,yes
2026-10-05T04:42:04.830278Z,KXGOLD15M-26OCT050045-45,0.9950,1.00,yes
2026-10-05T04:42:05.794578Z,KXGOLD15M-26OCT050045-45,0.9960,0.15,yes
2026-10-05T04:42:06.013139Z,KXGOLD15M-26OCT050045-45,0.9960,11.44,yes
2026-10-05T04:42:06.082305Z,KXGOLD15M-26OCT050045-45,0.9950,2.18,no
2026-10-05T04:42:06.395506Z,KXGOLD15M-26OCT050045-45,0.9950,916.19,no
2026-10-05T04:42:06.949522Z,KXGOLD15M-26OCT050045-45,0.9960,14.66,yes
2026-10-05T04:42:06.9915Z,KXGOLD15M-26OCT050045-45,0.9950,8.94,no
2026-10-05T04:42:06.999584Z,KXGOLD15M-26OCT050045-45,0.9960,27.21,yes
2026-10-05T04:42:08.769584Z,KXGOLD15M-26OCT050045-45,0.9960,0.91,yes
2026-10-05T04:42:09.447864Z,KXGOLD15M-26OCT050045-45,0.9950,0.16,no
2026-10-05T04:42:09.923092Z,KXGOLD15M-26OCT050045-45,0.9950,1433.59,no
2026-10-05T04:42:10.479918Z,KXGOLD15M-26OCT050045-45,0.9950,21.52,no
2026-10-05T04:42:10.721641Z,KXGOLD15M-26OCT050045-45,0.9950,44.89,no
2026-10-05T04:42:10.721641Z,KXGOLD15M-26OCT050045-45,0.9940,194.27,no
2026-10-05T04:42:11.645234Z,KXGOLD15M-26OCT050045-45,0.9950,1500.00,no
2026-10-05T04:42:11.645234Z,KXGOLD15M-26OCT050045-45,0.9940,306.98,no
2026-10-05T04:42:11.796622Z,KXGOLD15M-26OCT050045-45,0.9950,166.14,no
2026-10-05T04:42:12.244289Z,KXGOLD15M-26OCT050045-45,0.9950,2.96,no
2026-10-05T04:42:12.245986Z,KXGOLD15M-26OCT050045-45,0.9950,1.56,no
2026-10-05T04:42:12.311638Z,KXGOLD15M-26OCT050045-45,0.9950,373.95,no
2026-10-05T04:42:12.473862Z,KXGOLD15M-26OCT050045-45,0.9950,916.19,no
2026-10-05T04:42:12.642433Z,KXGOLD15M-26OCT050045-45,0.9950,39.20,no
2026-10-05T04:42:12.642433Z,KXGOLD15M-26OCT050045-45,0.9910,48.08,no
2026-10-05T04:42:12.642433Z,KXGOLD15M-26OCT050045-45,0.9930,60.00,no
2026-10-05T04:42:12.642433Z,KXGOLD15M-26OCT050045-45,0.9940,1.00,no
2026-10-05T04:42:12.642433Z,KXGOLD15M-26OCT050045-45,0.9940,9.10,no
2026-10-05T04:42:12.642433Z,KXGOLD15M-26OCT050045-45,0.9940,146.00,no
2026-10-05T04:42:12.642433Z,KXGOLD15M-26OCT050045-45,0.9930,300.00,no
2026-10-05T04:42:12.642433Z,KXGOLD15M-26OCT050045-45,0.9920,52.00,no
2026-10-05T04:42:12.94253Z,KXGOLD15M-26OCT050045-45,0.9950,0.21,no
2026-10-05T04:42:13.034412Z,KXGOLD15M-26OCT050045-45,0.9960,3.01,yes
2026-10-05T04:42:13.629017Z,KXGOLD15M-26OCT050045-45,0.9950,186.97,no
2026-10-05T04:42:13.712159Z,KXGOLD15M-26OCT050045-45,0.9960,0.41,yes
2026-10-05T04:42:14.052579Z,KXGOLD15M-26OCT050045-45,0.9960,0.42,yes
2026-10-05T04:42:14.101389Z,KXGOLD15M-26OCT050045-45,0.9920,129.59,no
2026-10-05T04:42:14.101389Z,KXGOLD15M-26OCT050045-45,0.9950,1312.82,no
2026-10-05T04:42:14.101389Z,KXGOLD15M-26OCT050045-45,0.9920,44.00,no
2026-10-05T04:42:14.101389Z,KXGOLD15M-26OCT050045-45,0.9940,41.00,no
2026-10-05T04:42:14.437744Z,KXGOLD15M-26OCT050045-45,0.9920,93.51,no
2026-10-05T04:42:14.527595Z,KXGOLD15M-26OCT050045-45,0.9920,10.41,no
2026-10-05T04:42:14.673016Z,KXGOLD15M-26OCT050045-45,0.9960,2.98,yes
2026-10-05T04:42:14.673633Z,KXGOLD15M-26OCT050045-45,0.9940,1.92,no
2026-10-05T04:42:14.868263Z,KXGOLD15M-26OCT050045-45,0.9940,58.44,no
2026-10-05T04:42:15.573926Z,KXGOLD15M-26OCT050045-45,0.9940,152.71,no
2026-10-05T04:42:15.781281Z,KXGOLD15M-26OCT050045-45,0.9940,152.71,no
2026-10-05T04:42:15.947193Z,KXGOLD15M-26OCT050045-45,0.9960,14.80,yes
2026-10-05T04:42:16.012918Z,KXGOLD15M-26OCT050045-45,0.9960,16.05,yes
2026-10-05T04:42:16.022373Z,KXGOLD15M-26OCT050045-45,0.9940,29.64,no
2026-10-05T04:42:16.053858Z,KXGOLD15M-26OCT050045-45,0.9940,372.63,no
2026-10-05T04:42:16.071939Z,KXGOLD15M-26OCT050045-45,0.9960,5.35,yes
2026-10-05T04:42:16.071939Z,KXGOLD15M-26OCT050045-45,0.9960,14.21,yes
2026-10-05T04:42:16.78331Z,KXGOLD15M-26OCT050045-45,0.9940,10.69,no
2026-10-05T04:42:16.84588Z,KXGOLD15M-26OCT050045-45,0.9940,723.18,no
2026-10-05T04:42:16.84588Z,KXGOLD15M-26OCT050045-45,0.9930,40.36,no
2026-10-05T04:42:18.601754Z,KXGOLD15M-26OCT050045-45,0.9930,0.30,no
2026-10-05T04:42:18.879935Z,KXGOLD15M-26OCT050045-45,0.9930,29.38,no
2026-10-05T04:42:18.918724Z,KXGOLD15M-26OCT050045-45,0.9930,594.51,no
2026-10-05T04:42:18.918724Z,KXGOLD15M-26OCT050045-45,0.9930,60.00,no
2026-10-05T04:42:19.042Z,KXGOLD15M-26OCT050045-45,0.9930,10.69,no
2026-10-05T04:42:19.554234Z,KXGOLD15M-26OCT050045-45,0.9930,654.51,no
2026-10-05T04:42:19.891986Z,KXGOLD15M-26OCT050045-45,0.9930,130.90,no
2026-10-05T04:42:20.328157Z,KXGOLD15M-26OCT050045-45,0.9930,261.80,no
2026-10-05T04:42:20.491706Z,KXGOLD15M-26OCT050045-45,0.9930,133.52,no
2026-10-05T04:42:21.636756Z,KXGOLD15M-26OCT050045-45,0.9940,4.86,no
2026-10-05T04:42:21.899345Z,KXGOLD15M-26OCT050045-45,0.9940,15.58,no
2026-10-05T04:42:22.226428Z,KXGOLD15M-26OCT050045-45,0.9940,6.16,no
2026-10-05T04:42:22.610957Z,KXGOLD15M-26OCT050045-45,0.9950,20.09,yes
2026-10-05T04:42:23.014196Z,KXGOLD15M-26OCT050045-45,0.9940,10.00,no
2026-10-05T04:42:23.262084Z,KXGOLD15M-26OCT050045-45,0.9940,0.69,no
2026-10-05T04:42:23.611084Z,KXGOLD15M-26OCT050045-45,0.9940,77.91,no
2026-10-05T04:42:23.727027Z,KXGOLD15M-26OCT050045-45,0.9940,155.00,no
2026-10-05T04:42:23.829678Z,KXGOLD15M-26OCT050045-45,0.9940,155.00,no
2026-10-05T04:42:24.206629Z,KXGOLD15M-26OCT050045-45,0.9950,82.38,yes
2026-10-05T04:42:24.342104Z,KXGOLD15M-26OCT050045-45,0.9960,22.31,yes
2026-10-05T04:42:24.86909Z,KXGOLD15M-26OCT050045-45,0.9940,26.07,no
2026-10-05T04:42:25.054627Z,KXGOLD15M-26OCT050045-45,0.9960,82.08,yes
2026-10-05T04:42:25.054627Z,KXGOLD15M-26OCT050045-45,0.9960,16.05,yes
2026-10-05T04:42:25.054627Z,KXGOLD15M-26OCT050045-45,0.9960,14.21,yes
2026-10-05T04:42:25.054627Z,KXGOLD15M-26OCT050045-45,0.9960,150.00,yes
2026-10-05T04:42:25.054627Z,KXGOLD15M-26OCT050045-45,0.9960,0.41,yes
2026-10-05T04:42:25.054627Z,KXGOLD15M-26OCT050045-45,0.9960,3.01,yes
2026-10-05T04:42:25.054627Z,KXGOLD15M-26OCT050045-45,0.9960,0.42,yes
2026-10-05T04:42:25.054627Z,KXGOLD15M-26OCT050045-45,0.9960,2.98,yes
2026-10-05T04:42:25.054627Z,KXGOLD15M-26OCT050045-45,0.9960,14.80,yes
2026-10-05T04:42:25.054627Z,KXGOLD15M-26OCT050045-45,0.9960,0.91,yes
2026-10-05T04:42:25.054627Z,KXGOLD15M-26OCT050045-45,0.9960,27.21,yes
2026-10-05T04:42:25.054627Z,KXGOLD15M-26OCT050045-45,0.9960,272.34,yes
2026-10-05T04:42:25.244312Z,KXGOLD15M-26OCT050045-45,0.9940,152.71,no
2026-10-05T04:42:25.371483Z,KXGOLD15M-26OCT050045-45,0.9960,5.01,yes
2026-10-05T04:42:25.763801Z,KXGOLD15M-26OCT050045-45,0.9940,152.71,no
2026-10-05T04:42:25.952328Z,KXGOLD15M-26OCT050045-45,0.9960,27.32,yes
2026-10-05T04:42:26.273779Z,KXGOLD15M-26OCT050045-45,0.9960,1.62,yes
2026-10-05T04:42:26.273779Z,KXGOLD15M-26OCT050045-45,0.9960,1467.67,yes
2026-10-05T04:42:26.524295Z,KXGOLD15M-26OCT050045-45,0.9940,152.71,no
2026-10-05T04:42:26.551952Z,KXGOLD15M-26OCT050045-45,0.9940,152.71,no
2026-10-05T04:42:27.034102Z,KXGOLD15M-26OCT050045-45,0.9940,772.69,no
2026-10-05T04:42:27.042325Z,KXGOLD15M-26OCT050045-45,0.9950,1.00,yes
2026-10-05T04:42:27.126335Z,KXGOLD15M-26OCT050045-45,0.9950,4.73,yes
2026-10-05T04:42:27.591652Z,KXGOLD15M-26OCT050045-45,0.9940,1.04,no
2026-10-05T04:42:27.601685Z,KXGOLD15M-26OCT050045-45,0.9940,0.79,no
2026-10-05T04:42:27.77432Z,KXGOLD15M-26OCT050045-45,0.9940,152.71,no
2026-10-05T04:42:27.784896Z,KXGOLD15M-26OCT050045-45,0.9940,8.23,no
2026-10-05T04:42:27.947203Z,KXGOLD15M-26OCT050045-45,0.9970,121.63,yes
2026-10-05T04:42:27.947203Z,KXGOLD15M-26OCT050045-45,0.9960,80.00,yes
2026-10-05T04:42:27.947203Z,KXGOLD15M-26OCT050045-45,0.9950,300.00,yes
2026-10-05T04:42:28.648002Z,KXGOLD15M-26OCT050045-45,0.9950,41.70,no
2026-10-05T04:42:28.648002Z,KXGOLD15M-26OCT050045-45,0.9950,5.73,no
2026-10-05T04:42:28.656025Z,KXGOLD15M-26OCT050045-45,0.9940,14.89,no
2026-10-05T04:42:28.660694Z,KXGOLD15M-26OCT050045-45,0.9960,1.00,yes
2026-10-05T04:42:28.951028Z,KXGOLD15M-26OCT050045-45,0.9940,152.71,no
2026-10-05T04:42:29.279981Z,KXGOLD15M-26OCT050045-45,0.9940,115.31,no
2026-10-05T04:42:29.330115Z,KXGOLD15M-26OCT050045-45,0.9940,1.01,no
2026-10-05T04:42:29.984274Z,KXGOLD15M-26OCT050045-45,0.9940,26.92,no
2026-10-05T04:42:30.318203Z,KXGOLD15M-26OCT050045-45,0.9940,77.91,no
2026-10-05T04:42:30.689173Z,KXGOLD15M-26OCT050045-45,0.9940,20.85,no
2026-10-05T04:42:31.113513Z,KXGOLD15M-26OCT050045-45,0.9940,623.29,no
2026-10-05T04:42:31.349835Z,KXGOLD15M-26OCT050045-45,0.9940,152.71,no
2026-10-05T04:42:32.168296Z,KXGOLD15M-26OCT050045-45,0.9940,15.58,no
2026-10-05T04:42:32.574667Z,KXGOLD15M-26OCT050045-45,0.9950,33.68,yes
2026-10-05T04:42:33.481753Z,KXGOLD15M-26OCT050045-45,0.9940,152.71,no
2026-10-05T04:42:33.549444Z,KXGOLD15M-26OCT050045-45,0.9940,77.91,no
2026-10-05T04:42:33.724832Z,KXGOLD15M-26OCT050045-45,0.9950,100.00,yes
2026-10-05T04:42:33.904342Z,KXGOLD15M-26OCT050045-45,0.9950,115.30,yes
2026-10-05T04:42:34.222711Z,KXGOLD15M-26OCT050045-45,0.9940,77.91,no
2026-10-05T04:42:34.407002Z,KXGOLD15M-26OCT050045-45,0.9970,383.84,yes
2026-10-05T04:42:34.407002Z,KXGOLD15M-26OCT050045-45,0.9960,300.00,yes
2026-10-05T04:42:34.407002Z,KXGOLD15M-26OCT050045-45,0.9960,80.00,yes
2026-10-05T04:42:35.506614Z,KXGOLD15M-26OCT050045-45,0.9960,1090.78,no
2026-10-05T04:42:35.519154Z,KXGOLD15M-26OCT050045-45,0.9960,4.67,no
2026-10-05T04:42:36.506249Z,KXGOLD15M-26OCT050045-45,0.9960,46.74,no
2026-10-05T04:42:36.912298Z,KXGOLD15M-26OCT050045-45,0.9970,259.14,yes
2026-10-05T04:42:37.447627Z,KXGOLD15M-26OCT050045-45,0.9960,10.11,no
2026-10-05T04:42:37.532076Z,KXGOLD15M-26OCT050045-45,0.9920,100.00,no
2026-10-05T04:42:37.532076Z,KXGOLD15M-26OCT050045-45,0.9900,50.00,no
2026-10-05T04:42:37.532076Z,KXGOLD15M-26OCT050045-45,0.9930,60.00,no
2026-10-05T04:42:37.532076Z,KXGOLD15M-26OCT050045-45,0.9920,300.00,no
2026-10-05T04:42:37.532076Z,KXGOLD15M-26OCT050045-45,0.9930,60.00,no
2026-10-05T04:42:37.532076Z,KXGOLD15M-26OCT050045-45,0.9950,505.47,no
2026-10-05T04:42:37.532076Z,KXGOLD15M-26OCT050045-45,0.9900,300.00,no
2026-10-05T04:42:37.532076Z,KXGOLD15M-26OCT050045-45,0.9960,347.70,no
2026-10-05T04:42:37.532076Z,KXGOLD15M-26OCT050045-45,0.9900,319.77,no
2026-10-05T04:42:37.532076Z,KXGOLD15M-26OCT050045-45,0.9950,259.14,no
2026-10-05T04:42:37.532076Z,KXGOLD15M-26OCT050045-45,0.9950,80.00,no
2026-10-05T04:42:37.532076Z,KXGOLD15M-26OCT050045-45,0.9950,60.00,no
2026-10-05T04:42:37.532076Z,KXGOLD15M-26OCT050045-45,0.9950,30.00,no
2026-10-05T04:42:37.532076Z,KXGOLD15M-26OCT050045-45,0.9950,30.00,no
2026-10-05T04:42:37.532076Z,KXGOLD15M-26OCT050045-45,0.9940,41.00,no
2026-10-05T04:42:37.532076Z,KXGOLD15M-26OCT050045-45,0.9900,50.00,no
2026-10-05T04:42:37.532076Z,KXGOLD15M-26OCT050045-45,0.9900,50.00,no
2026-10-05T04:42:38.245156Z,KXGOLD15M-26OCT050045-45,0.9930,130.90,no
2026-10-05T04:42:40.068481Z,KXGOLD15M-26OCT050045-45,0.9950,7.35,no
2026-10-05T04:42:40.176175Z,KXGOLD15M-26OCT050045-45,0.9950,24.86,no
2026-10-05T04:42:40.176175Z,KXGOLD15M-26OCT050045-45,0.9950,197.65,no
2026-10-05T04:42:40.389106Z,KXGOLD15M-26OCT050045-45,0.9970,325.56,yes
2026-10-05T04:42:40.389106Z,KXGOLD15M-26OCT050045-45,0.9960,96.00,yes
2026-10-05T04:42:40.389106Z,KXGOLD15M-26OCT050045-45,0.9960,80.00,yes
2026-10-05T04:42:40.609719Z,KXGOLD15M-26OCT050045-45,0.9970,20.83,yes
2026-10-05T04:42:41.159498Z,KXGOLD15M-26OCT050045-45,0.9960,1.00,no
2026-10-05T04:42:41.767253Z,KXGOLD15M-26OCT050045-45,0.9960,229.04,no
2026-10-05T04:42:41.853195Z,KXGOLD15M-26OCT050045-45,0.9970,89.13,yes
2026-10-05T04:42:42.022925Z,KXGOLD15M-26OCT050045-45,0.9970,373.95,yes
2026-10-05T04:42:42.286948Z,KXGOLD15M-26OCT050045-45,0.9960,10.05,no
2026-10-05T04:42:42.359803Z,KXGOLD15M-26OCT050045-45,0.9970,71.59,yes
2026-10-05T04:42:42.513171Z,KXGOLD15M-26OCT050045-45,0.9960,69.99,no
2026-10-05T04:42:42.926146Z,KXGOLD15M-26OCT050045-45,0.9970,7.31,yes
2026-10-05T04:42:43.213761Z,KXGOLD15M-26OCT050045-45,0.9960,12.12,no
2026-10-05T04:42:44.242102Z,KXGOLD15M-26OCT050045-45,0.9970,130.90,yes
2026-10-05T04:42:44.435237Z,KXGOLD15M-26OCT050045-45,0.9960,50.46,no
2026-10-05T04:42:44.815067Z,KXGOLD15M-26OCT050045-45,0.9960,2.29,no
2026-10-05T04:42:44.916295Z,KXGOLD15M-26OCT050045-45,0.9960,458.07,no
2026-10-05T04:42:45.055199Z,KXGOLD15M-26OCT050045-45,0.9960,229.04,no
2026-10-05T04:42:46.226249Z,KXGOLD15M-26OCT050045-45,0.9960,229.04,no
2026-10-05T04:42:46.296721Z,KXGOLD15M-26OCT050045-45,0.9970,62.36,yes
2026-10-05T04:42:47.346234Z,KXGOLD15M-26OCT050045-45,0.9960,96.20,no
2026-10-05T04:42:49.106994Z,KXGOLD15M-26OCT050045-45,0.9960,41.00,no
2026-10-05T04:42:49.106994Z,KXGOLD15M-26OCT050045-45,0.9950,60.00,no
2026-10-05T04:42:49.106994Z,KXGOLD15M-26OCT050045-45,0.9950,3.57,no
2026-10-05T04:42:49.106994Z,KXGOLD15M-26OCT050045-45,0.9960,112.70,no
2026-10-05T04:42:49.197787Z,KXGOLD15M-26OCT050045-45,0.9970,82.79,yes
2026-10-05T04:42:49.239447Z,KXGOLD15M-26OCT050045-45,0.9960,12.32,no
2026-10-05T04:42:49.446623Z,KXGOLD15M-26OCT050045-45,0.9960,217.27,no
2026-10-05T04:42:49.602441Z,KXGOLD15M-26OCT050045-45,0.9960,630.40,no
2026-10-05T04:42:50.095505Z,KXGOLD15M-26OCT050045-45,0.9970,37.91,yes
2026-10-05T04:42:50.164785Z,KXGOLD15M-26OCT050045-45,0.9960,458.07,no
2026-10-05T04:42:50.673968Z,KXGOLD15M-26OCT050045-45,0.9960,5.30,no
2026-10-05T04:42:50.788116Z,KXGOLD15M-26OCT050045-45,0.9970,209.00,yes
2026-10-05T04:42:51.260334Z,KXGOLD15M-26OCT050045-45,0.9960,2.01,no
2026-10-05T04:42:51.349122Z,KXGOLD15M-26OCT050045-45,0.9960,10.73,no
2026-10-05T04:42:52.070226Z,KXGOLD15M-26OCT050045-45,0.9970,55.87,yes
2026-10-05T04:42:54.873009Z,KXGOLD15M-26OCT050045-45,0.9960,163.90,no
2026-10-05T04:42:54.873009Z,KXGOLD15M-26OCT050045-45,0.9950,151.20,no
2026-10-05T04:42:54.873009Z,KXGOLD15M-26OCT050045-45,0.9950,30.00,no
2026-10-05T04:42:54.873009Z,KXGOLD15M-26OCT050045-45,0.9950,60.00,no
2026-10-05T04:42:55.026982Z,KXGOLD15M-26OCT050045-45,0.9960,100.00,no
2026-10-05T04:42:56.701218Z,KXGOLD15M-26OCT050045-45,0.9960,229.04,no
2026-10-05T04:42:57.202103Z,KXGOLD15M-26OCT050045-45,0.9960,229.04,no
2026-10-05T04:42:57.520157Z,KXGOLD15M-26OCT050045-45,0.9970,10.00,yes
2026-10-05T04:42:57.520157Z,KXGOLD15M-26OCT050045-45,0.9970,250.00,yes
2026-10-05T04:42:57.520157Z,KXGOLD15M-26OCT050045-45,0.9970,1768.19,yes
2026-10-05T04:42:57.520157Z,KXGOLD15M-26OCT050045-45,0.9970,1250.00,yes
2026-10-05T04:42:57.520157Z,KXGOLD15M-26OCT050045-45,0.9970,105.00,yes
2026-10-05T04:42:57.520157Z,KXGOLD15M-26OCT050045-45,0.9970,250.00,yes
2026-10-05T04:42:57.520157Z,KXGOLD15M-26OCT050045-45,0.9970,81.00,yes
2026-10-05T04:42:57.520157Z,KXGOLD15M-26OCT050045-45,0.9970,300.00,yes
2026-10-05T04:42:57.918582Z,KXGOLD15M-26OCT050045-45,0.9970,233.72,no
2026-10-05T04:42:58.056369Z,KXGOLD15M-26OCT050045-45,0.9980,22.28,yes
2026-10-05T04:42:58.098435Z,KXGOLD15M-26OCT050045-45,0.9980,16.00,yes
2026-10-05T04:42:58.422678Z,KXGOLD15M-26OCT050045-45,0.9980,21.30,yes
2026-10-05T04:42:58.460584Z,KXGOLD15M-26OCT050045-45,0.9970,30.53,no
2026-10-05T04:42:59.554562Z,KXGOLD15M-26OCT050045-45,0.9980,2093.70,yes
2026-10-05T04:42:59.688739Z,KXGOLD15M-26OCT050045-45,0.9980,65.48,yes
2026-10-05T04:43:00.533143Z,KXGOLD15M-26OCT050045-45,0.9980,62.90,yes
2026-10-05T04:43:01.507339Z,KXGOLD15M-26OCT050045-45,0.9980,100.00,yes
2026-10-05T04:43:02.516426Z,KXGOLD15M-26OCT050045-45,0.9980,128.06,yes
2026-10-05T04:43:02.516426Z,KXGOLD15M-26OCT050045-45,0.9980,18.34,yes
2026-10-05T04:43:03.256847Z,KXGOLD15M-26OCT050045-45,0.9980,29.51,yes
2026-10-05T04:43:03.310778Z,KXGOLD15M-26OCT050045-45,0.9970,191.45,no
2026-10-05T04:43:04.127429Z,KXGOLD15M-26OCT050045-45,0.9980,35.06,yes
2026-10-05T04:43:04.224207Z,KXGOLD15M-26OCT050045-45,0.9970,305.35,no
2026-10-05T04:43:04.663201Z,KXGOLD15M-26OCT050045-45,0.9970,1.94,no
2026-10-05T04:43:04.817029Z,KXGOLD15M-26OCT050045-45,0.9980,1.00,yes
2026-10-05T04:43:04.837411Z,KXGOLD15M-26OCT050045-45,0.9970,22.76,no
2026-10-05T04:43:05.319638Z,KXGOLD15M-26OCT050045-45,0.9980,98.45,yes
2026-10-05T04:43:08.402383Z,KXGOLD15M-26OCT050045-45,0.9970,155.79,no
2026-10-05T04:43:09.496303Z,KXGOLD15M-26OCT050045-45,0.9970,558.46,no
2026-10-05T04:43:09.496303Z,KXGOLD15M-26OCT050045-45,0.9970,1273.67,no
2026-10-05T04:43:09.598089Z,KXGOLD15M-26OCT050045-45,0.9980,100.18,yes
2026-10-05T04:43:09.861988Z,KXGOLD15M-26OCT050045-45,0.9970,442.79,no
2026-10-05T04:43:10.649269Z,KXGOLD15M-26OCT050045-45,0.9970,934.76,no
2026-10-05T04:43:10.678778Z,KXGOLD15M-26OCT050045-45,0.9970,5.17,no
2026-10-05T04:43:11.651527Z,KXGOLD15M-26OCT050045-45,0.9970,1526.80,no
2026-10-05T04:43:11.834344Z,KXGOLD15M-26OCT050045-45,0.9970,305.35,no
2026-10-05T04:43:11.991077Z,KXGOLD15M-26OCT050045-45,0.9970,305.35,no
2026-10-05T04:43:12.082144Z,KXGOLD15M-26OCT050045-45,0.9980,216.27,yes
2026-10-05T04:43:12.229075Z,KXGOLD15M-26OCT050045-45,0.9970,610.72,no
2026-10-05T04:43:13.236948Z,KXGOLD15M-26OCT050045-45,0.9970,305.35,no
2026-10-05T04:43:13.483702Z,KXGOLD15M-26OCT050045-45,0.9980,190.02,yes
2026-10-05T04:43:14.222187Z,KXGOLD15M-26OCT050045-45,0.9980,227.87,yes
2026-10-05T04:43:14.718055Z,KXGOLD15M-26OCT050045-45,0.9970,610.72,no
2026-10-05T04:43:14.812826Z,KXGOLD15M-26OCT050045-45,0.9970,1000.00,no
2026-10-05T04:43:15.2375Z,KXGOLD15M-26OCT050045-45,0.9980,500.00,yes
2026-10-05T04:43:15.2375Z,KXGOLD15M-26OCT050045-45,0.9980,223.58,yes
2026-10-05T04:43:15.2375Z,KXGOLD15M-26OCT050045-45,0.9980,5.00,yes
2026-10-05T04:43:15.2375Z,KXGOLD15M-26OCT050045-45,0.9980,5.00,yes
2026-10-05T04:43:15.2375Z,KXGOLD15M-26OCT050045-45,0.9980,5.00,yes
2026-10-05T04:43:15.2375Z,KXGOLD15M-26OCT050045-45,0.9980,263.28,yes
2026-10-05T04:43:15.696125Z,KXGOLD15M-26OCT050045-45,0.9980,458.07,yes
2026-10-05T04:43:15.766496Z,KXGOLD15M-26OCT050045-45,0.9970,250.00,no
2026-10-05T04:43:15.766496Z,KXGOLD15M-26OCT050045-45,0.9970,150.00,no
2026-10-05T04:43:15.766496Z,KXGOLD15M-26OCT050045-45,0.9970,679.32,no
2026-10-05T04:43:15.766496Z,KXGOLD15M-26OCT050045-45,0.9970,60.68,no
2026-10-05T04:43:15.817359Z,KXGOLD15M-26OCT050045-45,0.9970,305.35,no
2026-10-05T04:43:16.98432Z,KXGOLD15M-26OCT050045-45,0.9980,99.17,yes
2026-10-05T04:43:17.318255Z,KXGOLD15M-26OCT050045-45,0.9970,3.06,no
2026-10-05T04:43:17.72795Z,KXGOLD15M-26OCT050045-45,0.9970,15.27,no
2026-10-05T04:43:17.830794Z,KXGOLD15M-26OCT050045-45,0.9970,305.35,no
2026-10-05T04:43:17.959094Z,KXGOLD15M-26OCT050045-45,0.9980,66.42,yes
2026-10-05T04:43:18.363682Z,KXGOLD15M-26OCT050045-45,0.9980,0.96,yes
2026-10-05T04:43:18.517607Z,KXGOLD15M-26OCT050045-45,0.9980,61.01,yes
2026-10-05T04:43:18.616017Z,KXGOLD15M-26OCT050045-45,0.9970,45.82,no
2026-10-05T04:43:19.360154Z,KXGOLD15M-26OCT050045-45,0.9980,125.88,yes
2026-10-05T04:43:20.540196Z,KXGOLD15M-26OCT050045-45,0.9970,29.51,no
2026-10-05T04:43:20.540196Z,KXGOLD15M-26OCT050045-45,0.9970,25.00,no
2026-10-05T04:43:20.540196Z,KXGOLD15M-26OCT050045-45,0.9970,128.06,no
2026-10-05T04:43:20.540196Z,KXGOLD15M-26OCT050045-45,0.9970,25.00,no
2026-10-05T04:43:20.540196Z,KXGOLD15M-26OCT050045-45,0.9970,98.45,no
2026-10-05T04:43:20.540196Z,KXGOLD15M-26OCT050045-45,0.9970,35.06,no
2026-10-05T04:43:20.540196Z,KXGOLD15M-26OCT050045-45,0.9970,1.00,no
2026-10-05T04:43:20.540196Z,KXGOLD15M-26OCT050045-45,0.9970,264.47,no
2026-10-05T04:43:20.540196Z,KXGOLD15M-26OCT050045-45,0.9970,895.25,no
2026-10-05T04:43:20.540196Z,KXGOLD15M-26OCT050045-45,0.9970,25.00,no
2026-10-05T04:43:20.596056Z,KXGOLD15M-26OCT050045-45,0.9970,311.59,no
2026-10-05T04:43:20.860951Z,KXGOLD15M-26OCT050045-45,0.9980,200.00,yes
2026-10-05T04:43:21.119382Z,KXGOLD15M-26OCT050045-45,0.9980,50.00,yes
2026-10-05T04:43:21.523649Z,KXGOLD15M-26OCT050045-45,0.9980,1.00,yes
2026-10-05T04:43:21.614372Z,KXGOLD15M-26OCT050045-45,0.9980,145.90,yes
2026-10-05T04:43:22.059368Z,KXGOLD15M-26OCT050045-45,0.9980,1.00,yes
2026-10-05T04:43:24.430455Z,KXGOLD15M-26OCT050045-45,0.9970,30.53,no
2026-10-05T04:43:25.113153Z,KXGOLD15M-26OCT050045-45,0.9980,56.76,yes
2026-10-05T04:43:26.412552Z,KXGOLD15M-26OCT050045-45,0.9980,4.00,yes
2026-10-05T04:43:26.993512Z,KXGOLD15M-26OCT050045-45,0.9970,155.79,no
2026-10-05T04:43:28.413926Z,KXGOLD15M-26OCT050045-45,0.9970,37.28,no
2026-10-05T04:43:28.413926Z,KXGOLD15M-26OCT050045-45,0.9970,106.84,no
2026-10-05T04:43:28.413926Z,KXGOLD15M-26OCT050045-45,0.9970,100.18,no
2026-10-05T04:43:29.231314Z,KXGOLD15M-26OCT050045-45,0.9970,6.46,no
2026-10-05T04:43:29.231314Z,KXGOLD15M-26OCT050045-45,0.9970,3.72,no
2026-10-05T04:43:29.91244Z,KXGOLD15M-26OCT050045-45,0.9970,209.81,no
2026-10-05T04:43:29.91244Z,KXGOLD15M-26OCT050045-45,0.9970,8.32,no
2026-10-05T04:43:30.428176Z,KXGOLD15M-26OCT050045-45,0.9980,22.04,yes
2026-10-05T04:43:30.771408Z,KXGOLD15M-26OCT050045-45,0.9980,1.21,yes
2026-10-05T04:43:31.90776Z,KXGOLD15M-26OCT050045-45,0.9980,15.02,yes
2026-10-05T04:43:32.246683Z,KXGOLD15M-26OCT050045-45,0.9970,6.00,no
2026-10-05T04:43:33.193075Z,KXGOLD15M-26OCT050045-45,0.9980,77.91,yes
2026-10-05T04:43:33.487025Z,KXGOLD15M-26OCT050045-45,0.9980,1.00,yes
2026-10-05T04:43:34.835231Z,KXGOLD15M-26OCT050045-45,0.9970,71.66,no
2026-10-05T04:43:35.418426Z,KXGOLD15M-26OCT050045-45,0.9970,13.00,no
2026-10-05T04:43:35.62904Z,KXGOLD15M-26OCT050045-45,0.9980,0.50,yes
2026-10-05T04:43:35.862527Z,KXGOLD15M-26OCT050045-45,0.9970,68.23,no
2026-10-05T04:43:35.862527Z,KXGOLD15M-26OCT050045-45,0.9970,223.58,no
2026-10-05T04:43:35.862527Z,KXGOLD15M-26OCT050045-45,0.9970,227.87,no
2026-10-05T04:43:35.862527Z,KXGOLD15M-26OCT050045-45,0.9970,91.04,no
2026-10-05T04:43:35.870539Z,KXGOLD15M-26OCT050045-45,0.9980,1.00,yes
2026-10-05T04:43:35.950128Z,KXGOLD15M-26OCT050045-45,0.9980,229.04,yes
2026-10-05T04:43:36.565941Z,KXGOLD15M-26OCT050045-45,0.9970,2.92,no
2026-10-05T04:43:36.917386Z,KXGOLD15M-26OCT050045-45,0.9980,5.27,yes
2026-10-05T04:43:38.371473Z,KXGOLD15M-26OCT050045-45,0.9980,613.56,yes
2026-10-05T04:43:38.371473Z,KXGOLD15M-26OCT050045-45,0.9980,100.00,yes
2026-10-05T04:43:38.371473Z,KXGOLD15M-26OCT050045-45,0.9980,87.93,yes
2026-10-05T04:43:38.670478Z,KXGOLD15M-26OCT050045-45,0.9980,1.91,yes
2026-10-05T04:43:39.437002Z,KXGOLD15M-26OCT050045-45,0.9980,4.02,yes
2026-10-05T04:43:40.253226Z,KXGOLD15M-26OCT050045-45,0.9970,272.43,no
2026-10-05T04:43:41.533484Z,KXGOLD15M-26OCT050045-45,0.9970,0.96,no
2026-10-05T04:43:41.980157Z,KXGOLD15M-26OCT050045-45,0.9980,1.56,yes
2026-10-05T04:43:42.053704Z,KXGOLD15M-26OCT050045-45,0.9970,25.00,no
2026-10-05T04:43:42.053704Z,KXGOLD15M-26OCT050045-45,0.9970,913.54,no
2026-10-05T04:43:42.053704Z,KXGOLD15M-26OCT050045-45,0.9970,274.84,no
2026-10-05T04:43:42.053704Z,KXGOLD15M-26OCT050045-45,0.9970,157.96,no
2026-10-05T04:43:42.053704Z,KXGOLD15M-26OCT050045-45,0.9970,155.46,no
2026-10-05T04:43:42.944596Z,KXGOLD15M-26OCT050045-45,0.9970,61.08,no
2026-10-05T04:43:43.670689Z,KXGOLD15M-26OCT050045-45,0.9970,25.38,no
2026-10-05T04:43:43.670689Z,KXGOLD15M-26OCT050045-45,0.9970,30.00,no
2026-10-05T04:43:43.670689Z,KXGOLD15M-26OCT050045-45,0.9970,9.91,no
2026-10-05T04:43:43.670689Z,KXGOLD15M-26OCT050045-45,0.9970,75.52,no
2026-10-05T04:43:43.670689Z,KXGOLD15M-26OCT050045-45,0.9970,87.81,no
2026-10-05T04:43:43.670689Z,KXGOLD15M-26OCT050045-45,0.9970,37.17,no
2026-10-05T04:43:43.670689Z,KXGOLD15M-26OCT050045-45,0.9970,45.80,no
2026-10-05T04:43:46.404253Z,KXGOLD15M-26OCT050045-45,0.9970,15.27,no
2026-10-05T04:43:46.622834Z,KXGOLD15M-26OCT050045-45,0.9980,40.20,yes
2026-10-05T04:43:48.229197Z,KXGOLD15M-26OCT050045-45,0.9980,152.71,yes
2026-10-05T04:43:48.555574Z,KXGOLD15M-26OCT050045-45,0.9980,1.00,yes
2026-10-05T04:43:49.61993Z,KXGOLD15M-26OCT050045-45,0.9980,4.52,yes
2026-10-05T04:43:49.61993Z,KXGOLD15M-26OCT050045-45,0.9980,14.00,yes
2026-10-05T04:43:49.61993Z,KXGOLD15M-26OCT050045-45,0.9980,55.61,yes
2026-10-05T04:43:49.783024Z,KXGOLD15M-26OCT050045-45,0.9970,22.60,no
2026-10-05T04:43:49.783024Z,KXGOLD15M-26OCT050045-45,0.9970,0.43,no
2026-10-05T04:43:49.985386Z,KXGOLD15M-26OCT050045-45,0.9970,87.11,no
2026-10-05T04:43:49.985386Z,KXGOLD15M-26OCT050045-45,0.9970,12.61,no
2026-10-05T04:43:49.985386Z,KXGOLD15M-26OCT050045-45,0.9970,26.33,no
2026-10-05T04:43:49.985386Z,KXGOLD15M-26OCT050045-45,0.9970,23.10,no
2026-10-05T04:43:49.985386Z,KXGOLD15M-26OCT050045-45,0.9970,6.64,no
2026-10-05T04:43:50.171385Z,KXGOLD15M-26OCT050045-45,0.9980,43.91,yes
2026-10-05T04:43:50.414897Z,KXGOLD15M-26OCT050045-45,0.9980,16.42,yes
2026-10-05T04:43:50.643237Z,KXGOLD15M-26OCT050045-45,0.9980,0.39,yes
2026-10-05T04:43:51.835993Z,KXGOLD15M-26OCT050045-45,0.9970,20.09,no
2026-10-05T04:43:55.125102Z,KXGOLD15M-26OCT050045-45,0.9980,59.66,yes
2026-10-05T04:43:56.435294Z,KXGOLD15M-26OCT050045-45,0.9980,70.36,yes
2026-10-05T04:43:57.364158Z,KXGOLD15M-26OCT050045-45,0.9970,6.70,no
2026-10-05T04:43:57.364158Z,KXGOLD15M-26OCT050045-45,0.9970,139.83,no
2026-10-05T04:43:57.364158Z,KXGOLD15M-26OCT050045-45,0.9970,26.33,no
2026-10-05T04:43:57.364158Z,KXGOLD15M-26OCT050045-45,0.9970,26.68,no
2026-10-05T04:43:57.364158Z,KXGOLD15M-26OCT050045-45,0.9970,34.15,no
2026-10-05T04:43:57.372656Z,KXGOLD15M-26OCT050045-45,0.9970,305.35,no
2026-10-05T04:43:57.45038Z,KXGOLD15M-26OCT050045-45,0.9970,380.00,no
2026-10-05T04:43:57.462841Z,KXGOLD15M-26OCT050045-45,0.9970,6.20,no
2026-10-05T04:43:57.462841Z,KXGOLD15M-26OCT050045-45,0.9970,1.00,no
2026-10-05T04:43:57.462841Z,KXGOLD15M-26OCT050045-45,0.9970,5.27,no
2026-10-05T04:43:57.462841Z,KXGOLD15M-26OCT050045-45,0.9970,229.04,no
2026-10-05T04:43:57.462841Z,KXGOLD15M-26OCT050045-45,0.9970,0.40,no
2026-10-05T04:43:57.462841Z,KXGOLD15M-26OCT050045-45,0.9970,5.00,no
2026-10-05T04:43:57.462841Z,KXGOLD15M-26OCT050045-45,0.9970,15.02,no
2026-10-05T04:43:57.462841Z,KXGOLD15M-26OCT050045-45,0.9970,15.09,no
2026-10-05T04:43:57.462841Z,KXGOLD15M-26OCT050045-45,0.9970,23.25,no
2026-10-05T04:43:57.462841Z,KXGOLD15M-26OCT050045-45,0.9970,25.67,no
2026-10-05T04:43:57.462841Z,KXGOLD15M-26OCT050045-45,0.9970,71.33,no
2026-10-05T04:43:57.462841Z,KXGOLD15M-26OCT050045-45,0.9970,77.91,no
2026-10-05T04:43:57.462841Z,KXGOLD15M-26OCT050045-45,0.9970,1.00,no
2026-10-05T04:43:57.462841Z,KXGOLD15M-26OCT050045-45,0.9970,0.40,no
2026-10-05T04:43:57.462841Z,KXGOLD15M-26OCT050045-45,0.9970,0.10,no
2026-10-05T04:43:57.462841Z,KXGOLD15M-26OCT050045-45,0.9970,5.67,no
2026-10-05T04:43:57.462841Z,KXGOLD15M-26OCT050045-45,0.9970,465.79,no
2026-10-05T04:43:57.462841Z,KXGOLD15M-26OCT050045-45,0.9970,50.82,no
2026-10-05T04:43:57.462841Z,KXGOLD15M-26OCT050045-45,0.9970,98.89,no
2026-10-05T04:43:57.462841Z,KXGOLD15M-26OCT050045-45,0.9970,787.97,no
2026-10-05T04:43:57.462841Z,KXGOLD15M-26OCT050045-45,0.9970,114.18,no
2026-10-05T04:43:57.565158Z,KXGOLD15M-26OCT050045-45,0.9970,1.04,no
2026-10-05T04:43:58.260516Z,KXGOLD15M-26OCT050045-45,0.9980,65.96,yes
2026-10-05T04:43:58.474219Z,KXGOLD15M-26OCT050045-45,0.9980,20.32,yes
2026-10-05T04:43:59.093705Z,KXGOLD15M-26OCT050045-45,0.9980,0.37,yes
2026-10-05T04:43:59.093705Z,KXGOLD15M-26OCT050045-45,0.9980,0.63,yes
2026-10-05T04:43:59.427349Z,KXGOLD15M-26OCT050045-45,0.9980,0.63,yes
2026-10-05T04:43:59.427349Z,KXGOLD15M-26OCT050045-45,0.9980,300.00,yes
2026-10-05T04:43:59.427349Z,KXGOLD15M-26OCT050045-45,0.9980,99.37,yes
2026-10-05T04:43:59.427349Z,KXGOLD15M-26OCT050045-45,0.9980,1.00,yes
2026-10-05T04:43:59.463609Z,KXGOLD15M-26OCT050045-45,0.9980,566.46,no
2026-10-05T04:44:00.59996Z,KXGOLD15M-26OCT050045-45,0.9980,119.10,no
2026-10-05T04:44:00.939666Z,KXGOLD15M-26OCT050045-45,0.9990,72.00,yes
2026-10-05T04:44:01.038994Z,KXGOLD15M-26OCT050045-45,0.9990,112.10,yes
2026-10-05T04:44:01.507122Z,KXGOLD15M-26OCT050045-45,0.9980,687.01,no
2026-10-05T04:44:01.715937Z,KXGOLD15M-26OCT050045-45,0.9990,305.35,yes
2026-10-05T04:44:02.023893Z,KXGOLD15M-26OCT050045-45,0.9980,133.00,no
2026-10-05T04:44:02.023893Z,KXGOLD15M-26OCT050045-45,0.9980,0.01,no
2026-10-05T04:44:02.023893Z,KXGOLD15M-26OCT050045-45,0.9980,127.43,no
2026-10-05T04:44:02.023893Z,KXGOLD15M-26OCT050045-45,0.9960,60.00,no
2026-10-05T04:44:02.023893Z,KXGOLD15M-26OCT050045-45,0.9960,30.00,no
2026-10-05T04:44:02.023893Z,KXGOLD15M-26OCT050045-45,0.9970,100.00,no
2026-10-05T04:44:02.023893Z,KXGOLD15M-26OCT050045-45,0.9960,692.92,no
2026-10-05T04:44:02.023893Z,KXGOLD15M-26OCT050045-45,0.9980,145.00,no
2026-10-05T04:44:02.023893Z,KXGOLD15M-26OCT050045-45,0.9970,41.00,no
2026-10-05T04:44:02.023893Z,KXGOLD15M-26OCT050045-45,0.9980,146.73,no
2026-10-05T04:44:02.673356Z,KXGOLD15M-26OCT050045-45,0.9990,1288.45,yes
2026-10-05T04:44:02.673356Z,KXGOLD15M-26OCT050045-45,0.9990,310.55,yes
2026-10-05T04:44:03.095424Z,KXGOLD15M-26OCT050045-45,0.9990,2.00,yes
2026-10-05T04:44:03.767696Z,KXGOLD15M-26OCT050045-45,0.9990,2916.44,yes
2026-10-05T04:44:05.698672Z,KXGOLD15M-26OCT050045-45,0.9980,7.06,no
2026-10-05T04:44:05.769207Z,KXGOLD15M-26OCT050045-45,0.9980,458.01,no
2026-10-05T04:44:06.130472Z,KXGOLD15M-26OCT050045-45,0.9990,793.11,yes
2026-10-05T04:44:06.130472Z,KXGOLD15M-26OCT050045-45,0.9990,73.06,yes
2026-10-05T04:44:06.21218Z,KXGOLD15M-26OCT050045-45,0.9980,458.01,no
2026-10-05T04:44:06.287603Z,KXGOLD15M-26OCT050045-45,0.9990,170.00,yes
2026-10-05T04:44:06.408105Z,KXGOLD15M-26OCT050045-45,0.9980,2.00,no
2026-10-05T04:44:06.408105Z,KXGOLD15M-26OCT050045-45,0.9980,2712.69,no
2026-10-05T04:44:06.408105Z,KXGOLD15M-26OCT050045-45,0.9980,1500.00,no
2026-10-05T04:44:06.408105Z,KXGOLD15M-26OCT050045-45,0.9980,365.37,no
2026-10-05T04:44:06.641906Z,KXGOLD15M-26OCT050045-45,0.9980,0.01,no
2026-10-05T04:44:06.641906Z,KXGOLD15M-26OCT050045-45,0.9980,622.26,no
2026-10-05T04:44:06.641906Z,KXGOLD15M-26OCT050045-45,0.9980,203.75,no
2026-10-05T04:44:06.641906Z,KXGOLD15M-26OCT050045-45,0.9980,60.00,no
2026-10-05T04:44:06.641906Z,KXGOLD15M-26OCT050045-45,0.9980,30.00,no
2026-10-05T04:44:07.51024Z,KXGOLD15M-26OCT050045-45,0.9980,4.59,no
2026-10-05T04:44:07.867139Z,KXGOLD15M-26OCT050045-45,0.9990,1.00,yes
2026-10-05T04:44:07.874842Z,KXGOLD15M-26OCT050045-45,0.9990,34.81,yes
2026-10-05T04:44:07.874842Z,KXGOLD15M-26OCT050045-45,0.9990,5.94,yes
2026-10-05T04:44:08.00892Z,KXGOLD15M-26OCT050045-45,0.9990,145.15,yes
2026-10-05T04:44:08.538721Z,KXGOLD15M-26OCT050045-45,0.9990,1.00,yes
2026-10-05T04:44:09.29298Z,KXGOLD15M-26OCT050045-45,0.9990,500.00,yes
2026-10-05T04:44:09.29298Z,KXGOLD15M-26OCT050045-45,0.9990,236.94,yes
2026-10-05T04:44:09.29298Z,KXGOLD15M-26OCT050045-45,0.9990,1069.04,yes
2026-10-05T04:44:09.29298Z,KXGOLD15M-26OCT050045-45,0.9990,1.00,yes
2026-10-05T04:44:09.953335Z,KXGOLD15M-26OCT050045-45,0.9980,166.26,no
2026-10-05T04:44:09.953335Z,KXGOLD15M-26OCT050045-45,0.9980,73.06,no
2026-10-05T04:44:09.953335Z,KXGOLD15M-26OCT050045-45,0.9980,48.69,no
2026-10-05T04:44:09.953335Z,KXGOLD15M-26OCT050045-45,0.9980,170.00,no
2026-10-05T04:44:10.090664Z,KXGOLD15M-26OCT050045-45,0.9990,25.00,yes
2026-10-05T04:44:10.412258Z,KXGOLD15M-26OCT050045-45,0.9990,0.80,yes
2026-10-05T04:44:10.798497Z,KXGOLD15M-26OCT050045-45,0.9980,22.92,no
2026-10-05T04:44:11.78519Z,KXGOLD15M-26OCT050045-45,0.9990,137.26,yes
2026-10-05T04:44:11.78519Z,KXGOLD15M-26OCT050045-45,0.9990,112.74,yes
2026-10-05T04:44:12.657759Z,KXGOLD15M-26OCT050045-45,0.9980,46.74,no
2026-10-05T04:44:12.801272Z,KXGOLD15M-26OCT050045-45,0.9990,14.47,yes
2026-10-05T04:44:13.239741Z,KXGOLD15M-26OCT050045-45,0.9990,5.00,yes
2026-10-05T04:44:14.343477Z,KXGOLD15M-26OCT050045-45,0.9980,458.01,no
2026-10-05T04:44:15.335941Z,KXGOLD15M-26OCT050045-45,0.9970,100.00,no
2026-10-05T04:44:15.335941Z,KXGOLD15M-26OCT050045-45,0.9970,174.36,no
2026-10-05T04:44:15.335941Z,KXGOLD15M-26OCT050045-45,0.9970,483.91,no
2026-10-05T04:44:15.335941Z,KXGOLD15M-26OCT050045-45,0.9970,209.80,no
2026-10-05T04:44:15.335941Z,KXGOLD15M-26OCT050045-45,0.9970,1.32,no
2026-10-05T04:44:15.335941Z,KXGOLD15M-26OCT050045-45,0.9970,2.00,no
2026-10-05T04:44:15.335941Z,KXGOLD15M-26OCT050045-45,0.9980,1069.04,no
2026-10-05T04:44:15.335941Z,KXGOLD15M-26OCT050045-45,0.9980,0.01,no
2026-10-05T04:44:15.335941Z,KXGOLD15M-26OCT050045-45,0.9980,5.94,no
2026-10-05T04:44:15.335941Z,KXGOLD15M-26OCT050045-45,0.9980,1.00,no
2026-10-05T04:44:15.335941Z,KXGOLD15M-26OCT050045-45,0.9980,34.81,no
2026-10-05T04:44:15.335941Z,KXGOLD15M-26OCT050045-45,0.9980,60.00,no
2026-10-05T04:44:15.335941Z,KXGOLD15M-26OCT050045-45,0.9980,40.00,no
2026-10-05T04:44:15.335941Z,KXGOLD15M-26OCT050045-45,0.9980,30.00,no
2026-10-05T04:44:15.335941Z,KXGOLD15M-26OCT050045-45,0.9980,1.00,no
2026-10-05T04:44:15.335941Z,KXGOLD15M-26OCT050045-45,0.9980,145.15,no
2026-10-05T04:44:15.335941Z,KXGOLD15M-26OCT050045-45,0.9980,923.64,no
2026-10-05T04:44:15.580336Z,KXGOLD15M-26OCT050045-45,0.9980,458.01,no
2026-10-05T04:44:15.581975Z,KXGOLD15M-26OCT050045-45,0.9990,150.13,yes
2026-10-05T04:44:16.151711Z,KXGOLD15M-26OCT050045-45,0.9990,24.97,yes
2026-10-05T04:44:16.633399Z,KXGOLD15M-26OCT050045-45,0.9990,1.61,yes
2026-10-05T04:44:16.716581Z,KXGOLD15M-26OCT050045-45,0.9980,1041.99,no
2026-10-05T04:44:16.716581Z,KXGOLD15M-26OCT050045-45,0.9980,958.01,no
2026-10-05T04:44:17.407412Z,KXGOLD15M-26OCT050045-45,0.9980,9.34,no
2026-10-05T04:44:19.258262Z,KXGOLD15M-26OCT050045-45,0.9990,150.13,yes
2026-10-05T04:44:19.735777Z,KXGOLD15M-26OCT050045-45,0.9990,4.00,yes
2026-10-05T04:44:19.952162Z,KXGOLD15M-26OCT050045-45,0.9980,1.00,no
2026-10-05T04:44:20.505326Z,KXGOLD15M-26OCT050045-45,0.9990,400.00,yes
2026-10-05T04:44:20.505326Z,KXGOLD15M-26OCT050045-45,0.9990,100.00,yes
2026-10-05T04:44:20.505326Z,KXGOLD15M-26OCT050045-45,0.9990,2.00,yes
2026-10-05T04:44:20.505326Z,KXGOLD15M-26OCT050045-45,0.9990,365.37,yes
2026-10-05T04:44:20.505326Z,KXGOLD15M-26OCT050045-45,0.9990,458.01,yes
2026-10-05T04:44:20.505326Z,KXGOLD15M-26OCT050045-45,0.9990,7.06,yes
2026-10-05T04:44:20.505326Z,KXGOLD15M-26OCT050045-45,0.9990,458.01,yes
2026-10-05T04:44:20.505326Z,KXGOLD15M-26OCT050045-45,0.9990,1000.00,yes
2026-10-05T04:44:20.505326Z,KXGOLD15M-26OCT050045-45,0.9990,200.00,yes
2026-10-05T04:44:20.505326Z,KXGOLD15M-26OCT050045-45,0.9990,122.00,yes
2026-10-05T04:44:20.505326Z,KXGOLD15M-26OCT050045-45,0.9990,436.95,yes
2026-10-05T04:44:23.641527Z,KXGOLD15M-26OCT050045-45,0.9990,1.39,no
2026-10-05T04:44:25.737684Z,KXGOLD15M-26OCT050045-45,0.9990,915.99,no
2026-10-05T04:44:25.802147Z,KXGOLD15M-26OCT050045-45,0.9990,222.24,no
2026-10-05T04:44:26.251262Z,KXGOLD15M-26OCT050045-45,0.9990,915.99,no
2026-10-05T04:44:26.522942Z,KXGOLD15M-26OCT050045-45,0.9990,915.99,no
2026-10-05T04:44:27.382645Z,KXGOLD15M-26OCT050045-45,0.9990,9.20,no
2026-10-05T04:44:28.21741Z,KXGOLD15M-26OCT050045-45,0.9990,458.04,no
2026-10-05T04:44:28.39676Z,KXGOLD15M-26OCT050045-45,0.9990,89.75,no
2026-10-05T04:44:30.216537Z,KXGOLD15M-26OCT050045-45,0.9990,4579.77,no
2026-10-05T04:44:30.391439Z,KXGOLD15M-26OCT050045-45,0.9990,198.00,no
2026-10-05T04:44:31.292961Z,KXGOLD15M-26OCT050045-45,0.9990,2336.79,no
2026-10-05T04:44:32.541628Z,KXGOLD15M-26OCT050045-45,0.9990,28.35,no
2026-10-05T04:44:34.841779Z,KXGOLD15M-26OCT050045-45,0.9990,732.83,no
2026-10-05T04:44:35.268932Z,KXGOLD15M-26OCT050045-45,0.9990,10.14,no
2026-10-05T04:44:39.741608Z,KXGOLD15M-26OCT050045-45,0.9990,1.07,no
2026-10-05T04:44:41.275512Z,KXGOLD15M-26OCT050045-45,0.9990,2355.29,no
2026-10-05T04:44:42.097371Z,KXGOLD15M-26OCT050045-45,0.9990,9.20,no
2026-10-05T04:44:44.25652Z,KXGOLD15M-26OCT050045-45,0.9990,100.18,no
2026-10-05T04:44:45.07519Z,KXGOLD15M-26OCT050045-45,0.9990,26.80,no
2026-10-05T04:44:47.089734Z,KXGOLD15M-26OCT050045-45,0.9990,879.35,no
2026-10-05T04:44:47.15335Z,KXGOLD15M-26OCT050045-45,0.9990,915.99,no
2026-10-05T04:44:47.398501Z,KXGOLD15M-26OCT050045-45,0.9990,357.29,no
2026-10-05T04:44:48.582963Z,KXGOLD15M-26OCT050045-45,0.9990,93.49,no
2026-10-05T04:44:53.068773Z,KXGOLD15M-26OCT050045-45,0.9990,9.65,no
2026-10-05T04:44:54.208249Z,KXGOLD15M-26OCT050045-45,0.9990,17.15,no
2026-10-05T04:44:55.190472Z,KXGOLD15M-26OCT050045-45,0.9990,1.00,no
2026-10-05T04:44:56.215731Z,KXGOLD15M-26OCT050045-45,0.9990,915.99,no
2026-10-05T04:40:37.149959Z,KXBTC15M-26OCT050045-45,0.0160,36.25,no
2026-10-05T04:40:37.25035Z,KXBTC15M-26OCT050045-45,0.0160,0.41,no
2026-10-05T04:40:37.260537Z,KXBTC15M-26OCT050045-45,0.0160,10.04,no
2026-10-05T04:40:37.268947Z,KXBTC15M-26OCT050045-45,0.0170,97.22,yes
2026-10-05T04:40:37.268947Z,KXBTC15M-26OCT050045-45,0.0170,126.96,yes
2026-10-05T04:40:37.345483Z,KXBTC15M-26OCT050045-45,0.0160,79.59,no
2026-10-05T04:40:37.345483Z,KXBTC15M-26OCT050045-45,0.0160,0.01,no
2026-10-05T04:40:37.345483Z,KXBTC15M-26OCT050045-45,0.0160,1.00,no
2026-10-05T04:40:37.345483Z,KXBTC15M-26OCT050045-45,0.0160,400.00,no
2026-10-05T04:40:37.345483Z,KXBTC15M-26OCT050045-45,0.0160,0.10,no
2026-10-05T04:40:37.345483Z,KXBTC15M-26OCT050045-45,0.0160,800.00,no
2026-10-05T04:40:37.345483Z,KXBTC15M-26OCT050045-45,0.0160,422.00,no
2026-10-05T04:40:37.345483Z,KXBTC15M-26OCT050045-45,0.0160,0.01,no
2026-10-05T04:40:37.345483Z,KXBTC15M-26OCT050045-45,0.0160,326.29,no
2026-10-05T04:40:37.392351Z,KXBTC15M-26OCT050045-45,0.0170,53.93,yes
2026-10-05T04:40:37.598059Z,KXBTC15M-26OCT050045-45,0.0160,420.41,no
2026-10-05T04:40:37.598059Z,KXBTC15M-26OCT050045-45,0.0160,1609.83,no
2026-10-05T04:40:37.804054Z,KXBTC15M-26OCT050045-45,0.0160,10.15,no
2026-10-05T04:40:37.893732Z,KXBTC15M-26OCT050045-45,0.0170,0.02,yes
2026-10-05T04:40:37.899874Z,KXBTC15M-26OCT050045-45,0.0170,2.09,yes
2026-10-05T04:40:37.90466Z,KXBTC15M-26OCT050045-45,0.0160,3.65,no
2026-10-05T04:40:37.969474Z,KXBTC15M-26OCT050045-45,0.0170,220.14,yes
2026-10-05T04:40:38.101367Z,KXBTC15M-26OCT050045-45,0.0170,275.18,yes
2026-10-05T04:40:38.12649Z,KXBTC15M-26OCT050045-45,0.0170,28.69,yes
2026-10-05T04:40:38.135018Z,KXBTC15M-26OCT050045-45,0.0160,25.00,no
2026-10-05T04:40:38.379617Z,KXBTC15M-26OCT050045-45,0.0170,29.46,yes
2026-10-05T04:40:38.570164Z,KXBTC15M-26OCT050045-45,0.0160,1.00,no
2026-10-05T04:40:38.789807Z,KXBTC15M-26OCT050045-45,0.0170,5.50,yes
2026-10-05T04:40:38.869549Z,KXBTC15M-26OCT050045-45,0.0160,75.67,no
2026-10-05T04:40:38.886714Z,KXBTC15M-26OCT050045-45,0.0160,429.10,no
2026-10-05T04:40:38.886714Z,KXBTC15M-26OCT050045-45,0.0160,10.00,no
2026-10-05T04:40:38.886714Z,KXBTC15M-26OCT050045-45,0.0160,29.88,no
2026-10-05T04:40:38.939059Z,KXBTC15M-26OCT050045-45,0.0160,10.00,no
2026-10-05T04:40:38.939059Z,KXBTC15M-26OCT050045-45,0.0160,100.55,no
2026-10-05T04:40:38.939059Z,KXBTC15M-26OCT050045-45,0.0160,1.00,no
2026-10-05T04:40:38.939059Z,KXBTC15M-26OCT050045-45,0.0160,0.01,no
2026-10-05T04:40:38.939059Z,KXBTC15M-26OCT050045-45,0.0160,0.01,no
2026-10-05T04:40:38.939059Z,KXBTC15M-26OCT050045-45,0.0160,69.12,no
2026-10-05T04:40:39.048009Z,KXBTC15M-26OCT050045-45,0.0170,550.36,yes
2026-10-05T04:40:39.158593Z,KXBTC15M-26OCT050045-45,0.0170,53.93,yes
2026-10-05T04:40:39.180459Z,KXBTC15M-26OCT050045-45,0.0170,15.00,yes
2026-10-05T04:40:39.180459Z,KXBTC15M-26OCT050045-45,0.0170,0.01,yes
2026-10-05T04:40:39.180459Z,KXBTC15M-26OCT050045-45,0.0170,50.00,yes
2026-10-05T04:40:39.180459Z,KXBTC15M-26OCT050045-45,0.0170,44.06,yes
2026-10-05T04:40:39.180459Z,KXBTC15M-26OCT050045-45,0.0170,1.00,yes
2026-10-05T04:40:39.270115Z,KXBTC15M-26OCT050045-45,0.0130,1038.00,no
2026-10-05T04:40:39.270115Z,KXBTC15M-26OCT050045-45,0.0160,0.01,no
2026-10-05T04:40:39.270115Z,KXBTC15M-26OCT050045-45,0.0160,0.01,no
2026-10-05T04:40:39.270115Z,KXBTC15M-26OCT050045-45,0.0150,4.00,no
2026-10-05T04:40:39.270115Z,KXBTC15M-26OCT050045-45,0.0160,1.00,no
2026-10-05T04:40:39.270115Z,KXBTC15M-26OCT050045-45,0.0150,85.00,no
2026-10-05T04:40:39.270115Z,KXBTC15M-26OCT050045-45,0.0160,10.00,no
2026-10-05T04:40:39.270115Z,KXBTC15M-26OCT050045-45,0.0160,10.00,no
2026-10-05T04:40:39.270115Z,KXBTC15M-26OCT050045-45,0.0150,150.00,no
2026-10-05T04:40:39.270115Z,KXBTC15M-26OCT050045-45,0.0130,15.00,no
2026-10-05T04:40:39.270115Z,KXBTC15M-26OCT050045-45,0.0140,17.00,no
2026-10-05T04:40:39.270115Z,KXBTC15M-26OCT050045-45,0.0150,17.00,no
2026-10-05T04:40:39.270115Z,KXBTC15M-26OCT050045-45,0.0160,500.00,no
2026-10-05T04:40:39.270115Z,KXBTC15M-26OCT050045-45,0.0160,299.45,no
2026-10-05T04:40:39.270115Z,KXBTC15M-26OCT050045-45,0.0130,14.00,no
2026-10-05T04:40:39.270115Z,KXBTC15M-26OCT050045-45,0.0140,15.00,no
2026-10-05T04:40:39.270115Z,KXBTC15M-26OCT050045-45,0.0150,6.00,no
2026-10-05T04:40:39.270115Z,KXBTC15M-26OCT050045-45,0.0150,10.00,no
2026-10-05T04:40:39.270115Z,KXBTC15M-26OCT050045-45,0.0120,195.83,no
2026-10-05T04:40:39.304784Z,KXBTC15M-26OCT050045-45,0.0160,0.01,yes
2026-10-05T04:40:39.304784Z,KXBTC15M-26OCT050045-45,0.0160,0.10,yes
2026-10-05T04:40:39.304784Z,KXBTC15M-26OCT050045-45,0.0160,0.01,yes
2026-10-05T04:40:39.304784Z,KXBTC15M-26OCT050045-45,0.0160,108.54,yes
2026-10-05T04:40:39.304784Z,KXBTC15M-26OCT050045-45,0.0160,150.00,yes
2026-10-05T04:40:39.304784Z,KXBTC15M-26OCT050045-45,0.0160,200.00,yes
2026-10-05T04:40:39.304784Z,KXBTC15M-26OCT050045-45,0.0160,13.00,yes
2026-10-05T04:40:39.614681Z,KXBTC15M-26OCT050045-45,0.0160,138.61,yes
2026-10-05T04:40:39.726381Z,KXBTC15M-26OCT050045-45,0.0150,20.98,no
2026-10-05T04:40:39.763354Z,KXBTC15M-26OCT050045-45,0.0150,129.02,no
2026-10-05T04:40:39.763354Z,KXBTC15M-26OCT050045-45,0.0150,266.16,no
2026-10-05T04:40:39.763354Z,KXBTC15M-26OCT050045-45,0.0150,0.01,no
2026-10-05T04:40:39.763354Z,KXBTC15M-26OCT050045-45,0.0150,0.01,no
2026-10-05T04:40:39.869766Z,KXBTC15M-26OCT050045-45,0.0160,35.00,yes
2026-10-05T04:40:39.932753Z,KXBTC15M-26OCT050045-45,0.0150,1.00,no
2026-10-05T04:40:39.932753Z,KXBTC15M-26OCT050045-45,0.0150,133.84,no
2026-10-05T04:40:39.932753Z,KXBTC15M-26OCT050045-45,0.0150,500.00,no
2026-10-05T04:40:39.932753Z,KXBTC15M-26OCT050045-45,0.0150,0.01,no
2026-10-05T04:40:39.932753Z,KXBTC15M-26OCT050045-45,0.0150,0.01,no
2026-10-05T04:40:39.932753Z,KXBTC15M-26OCT050045-45,0.0150,10.00,no
2026-10-05T04:40:39.932753Z,KXBTC15M-26OCT050045-45,0.0150,6.00,no
2026-10-05T04:40:39.932753Z,KXBTC15M-26OCT050045-45,0.0150,10.00,no
2026-10-05T04:40:39.932753Z,KXBTC15M-26OCT050045-45,0.0150,10.00,no
2026-10-05T04:40:40.076796Z,KXBTC15M-26OCT050045-45,0.0160,103.77,yes
2026-10-05T04:40:40.076796Z,KXBTC15M-26OCT050045-45,0.0150,0.01,yes
2026-10-05T04:40:40.076796Z,KXBTC15M-26OCT050045-45,0.0150,0.10,yes
2026-10-05T04:40:40.076796Z,KXBTC15M-26OCT050045-45,0.0150,0.01,yes
2026-10-05T04:40:40.076796Z,KXBTC15M-26OCT050045-45,0.0160,130.00,yes
2026-10-05T04:40:40.360583Z,KXBTC15M-26OCT050045-45,0.0160,0.68,yes
2026-10-05T04:40:40.360583Z,KXBTC15M-26OCT050045-45,0.0160,0.01,yes
2026-10-05T04:40:40.642002Z,KXBTC15M-26OCT050045-45,0.0160,16.07,yes
2026-10-05T04:40:40.642002Z,KXBTC15M-26OCT050045-45,0.0160,0.01,yes
2026-10-05T04:40:40.642002Z,KXBTC15M-26OCT050045-45,0.0160,861.00,yes
2026-10-05T04:40:40.655187Z,KXBTC15M-26OCT050045-45,0.0160,10.27,yes
2026-10-05T04:40:40.692189Z,KXBTC15M-26OCT050045-45,0.0150,8.19,no
2026-10-05T04:40:40.945017Z,KXBTC15M-26OCT050045-45,0.0150,50.70,no
2026-10-05T04:40:40.964461Z,KXBTC15M-26OCT050045-45,0.0160,2.92,yes
2026-10-05T04:40:41.064293Z,KXBTC15M-26OCT050045-45,0.0160,35.08,yes
2026-10-05T04:40:41.097389Z,KXBTC15M-26OCT050045-45,0.0160,58.47,yes
2026-10-05T04:40:41.109712Z,KXBTC15M-26OCT050045-45,0.0150,91.11,no
2026-10-05T04:40:41.109712Z,KXBTC15M-26OCT050045-45,0.0150,60.31,no
2026-10-05T04:40:41.109712Z,KXBTC15M-26OCT050045-45,0.0150,4.00,no
2026-10-05T04:40:41.109712Z,KXBTC15M-26OCT050045-45,0.0150,0.10,no
2026-10-05T04:40:41.109712Z,KXBTC15M-26OCT050045-45,0.0150,10.00,no
2026-10-05T04:40:41.109712Z,KXBTC15M-26OCT050045-45,0.0150,0.01,no
2026-10-05T04:40:41.109712Z,KXBTC15M-26OCT050045-45,0.0150,6.00,no
2026-10-05T04:40:41.109712Z,KXBTC15M-26OCT050045-45,0.0150,10.00,no
2026-10-05T04:40:41.109712Z,KXBTC15M-26OCT050045-45,0.0150,0.01,no
2026-10-05T04:40:41.109712Z,KXBTC15M-26OCT050045-45,0.0150,1.00,no
2026-10-05T04:40:41.159408Z,KXBTC15M-26OCT050045-45,0.0150,18.12,no
2026-10-05T04:40:41.17654Z,KXBTC15M-26OCT050045-45,0.0160,264.28,yes
2026-10-05T04:40:41.17654Z,KXBTC15M-26OCT050045-45,0.0160,15.00,yes
2026-10-05T04:40:41.17654Z,KXBTC15M-26OCT050045-45,0.0160,227.23,yes
2026-10-05T04:40:41.17654Z,KXBTC15M-26OCT050045-45,0.0160,0.01,yes
2026-10-05T04:40:41.17654Z,KXBTC15M-26OCT050045-45,0.0160,0.01,yes
2026-10-05T04:40:41.17654Z,KXBTC15M-26OCT050045-45,0.0160,1.00,yes
2026-10-05T04:40:41.17654Z,KXBTC15M-26OCT050045-45,0.0160,77.19,yes
2026-10-05T04:40:41.185948Z,KXBTC15M-26OCT050045-45,0.0160,116.94,yes
2026-10-05T04:40:41.384657Z,KXBTC15M-26OCT050045-45,0.0160,0.01,yes
2026-10-05T04:40:41.384657Z,KXBTC15M-26OCT050045-45,0.0160,0.01,yes
2026-10-05T04:40:41.384657Z,KXBTC15M-26OCT050045-45,0.0160,16.09,yes
2026-10-05T04:40:41.416046Z,KXBTC15M-26OCT050045-45,0.0160,4.95,yes
2026-10-05T04:40:41.531249Z,KXBTC15M-26OCT050045-45,0.0150,1.01,no
2026-10-05T04:40:41.580424Z,KXBTC15M-26OCT050045-45,0.0160,116.94,yes
2026-10-05T04:40:41.721968Z,KXBTC15M-26OCT050045-45,0.0160,58.47,yes
2026-10-05T04:40:42.105042Z,KXBTC15M-26OCT050045-45,0.0160,0.01,yes
2026-10-05T04:40:42.105042Z,KXBTC15M-26OCT050045-45,0.0160,202.55,yes
2026-10-05T04:40:42.105042Z,KXBTC15M-26OCT050045-45,0.0160,0.01,yes
2026-10-05T04:40:42.143958Z,KXBTC15M-26OCT050045-45,0.0170,135.00,yes
2026-10-05T04:40:42.143958Z,KXBTC15M-26OCT050045-45,0.0170,15.00,yes
2026-10-05T04:40:42.19199Z,KXBTC15M-26OCT050045-45,0.0170,0.01,yes
2026-10-05T04:40:42.19199Z,KXBTC15M-26OCT050045-45,0.0170,0.01,yes
2026-10-05T04:40:42.19199Z,KXBTC15M-26OCT050045-45,0.0170,72.00,yes
2026-10-05T04:40:42.19199Z,KXBTC15M-26OCT050045-45,0.0170,19.00,yes
2026-10-05T04:40:42.21799Z,KXBTC15M-26OCT050045-45,0.0180,41.00,yes
2026-10-05T04:40:42.302638Z,KXBTC15M-26OCT050045-45,0.0150,150.00,no
2026-10-05T04:40:42.302638Z,KXBTC15M-26OCT050045-45,0.0150,93.75,no
2026-10-05T04:40:42.302638Z,KXBTC15M-26OCT050045-45,0.0160,4.00,no
2026-10-05T04:40:42.302638Z,KXBTC15M-26OCT050045-45,0.0160,0.01,no
2026-10-05T04:40:42.302638Z,KXBTC15M-26OCT050045-45,0.0160,0.01,no
2026-10-05T04:40:42.302638Z,KXBTC15M-26OCT050045-45,0.0170,397.00,no
2026-10-05T04:40:42.302638Z,KXBTC15M-26OCT050045-45,0.0170,6.00,no
2026-10-05T04:40:42.302638Z,KXBTC15M-26OCT050045-45,0.0170,4.00,no
2026-10-05T04:40:42.302638Z,KXBTC15M-26OCT050045-45,0.0170,0.01,no
2026-10-05T04:40:42.302638Z,KXBTC15M-26OCT050045-45,0.0170,0.01,no
2026-10-05T04:40:42.302638Z,KXBTC15M-26OCT050045-45,0.0150,15.00,no
2026-10-05T04:40:42.302638Z,KXBTC15M-26OCT050045-45,0.0150,93.75,no
2026-10-05T04:40:42.302638Z,KXBTC15M-26OCT050045-45,0.0150,15.00,no
2026-10-05T04:40:42.302638Z,KXBTC15M-26OCT050045-45,0.0160,10.00,no
2026-10-05T04:40:42.302638Z,KXBTC15M-26OCT050045-45,0.0150,10.00,no
2026-10-05T04:40:42.302638Z,KXBTC15M-26OCT050045-45,0.0150,1914.44,no
2026-10-05T04:40:42.302638Z,KXBTC15M-26OCT050045-45,0.0170,1.00,no
2026-10-05T04:40:42.302638Z,KXBTC15M-26OCT050045-45,0.0160,63.00,no
2026-10-05T04:40:42.315823Z,KXBTC15M-26OCT050045-45,0.0150,32.00,no
2026-10-05T04:40:42.315823Z,KXBTC15M-26OCT050045-45,0.0150,150.00,no
2026-10-05T04:40:42.315823Z,KXBTC15M-26OCT050045-45,0.0150,4.00,no
2026-10-05T04:40:42.315823Z,KXBTC15M-26OCT050045-45,0.0150,800.00,no
2026-10-05T04:40:42.347931Z,KXBTC15M-26OCT050045-45,0.0170,149.90,yes
2026-10-05T04:40:42.347931Z,KXBTC15M-26OCT050045-45,0.0170,0.10,yes
2026-10-05T04:40:42.392494Z,KXBTC15M-26OCT050045-45,0.0170,1.90,yes
2026-10-05T04:40:42.392494Z,KXBTC15M-26OCT050045-45,0.0170,150.00,yes
2026-10-05T04:40:42.392494Z,KXBTC15M-26OCT050045-45,0.0170,150.00,yes
2026-10-05T04:40:42.392494Z,KXBTC15M-26OCT050045-45,0.0170,0.10,yes
2026-10-05T04:40:42.392494Z,KXBTC15M-26OCT050045-45,0.0160,141.00,yes
2026-10-05T04:40:42.392494Z,KXBTC15M-26OCT050045-45,0.0170,150.00,yes
2026-10-05T04:40:42.433311Z,KXBTC15M-26OCT050045-45,0.0160,58.47,yes
2026-10-05T04:40:42.462533Z,KXBTC15M-26OCT050045-45,0.0160,27.45,yes
2026-10-05T04:40:42.462533Z,KXBTC15M-26OCT050045-45,0.0160,46.53,yes
2026-10-05T04:40:42.462533Z,KXBTC15M-26OCT050045-45,0.0160,0.01,yes
2026-10-05T04:40:42.462533Z,KXBTC15M-26OCT050045-45,0.0160,0.01,yes
2026-10-05T04:40:42.595692Z,KXBTC15M-26OCT050045-45,0.0170,189.00,yes
2026-10-05T04:40:42.595692Z,KXBTC15M-26OCT050045-45,0.0170,85.65,yes
2026-10-05T04:40:42.722198Z,KXBTC15M-26OCT050045-45,0.0180,51.98,yes
2026-10-05T04:40:42.836199Z,KXBTC15M-26OCT050045-45,0.0170,93.37,no
2026-10-05T04:40:42.836199Z,KXBTC15M-26OCT050045-45,0.0170,32.45,no
2026-10-05T04:40:42.836199Z,KXBTC15M-26OCT050045-45,0.0170,0.01,no
2026-10-05T04:40:42.836199Z,KXBTC15M-26OCT050045-45,0.0170,0.01,no
2026-10-05T04:40:42.923821Z,KXBTC15M-26OCT050045-45,0.0170,1.68,no
2026-10-05T04:40:42.966968Z,KXBTC15M-26OCT050045-45,0.0180,25.99,yes
2026-10-05T04:40:42.971619Z,KXBTC15M-26OCT050045-45,0.0180,26.05,yes
2026-10-05T04:40:43.013565Z,KXBTC15M-26OCT050045-45,0.0180,5.42,yes
2026-10-05T04:40:43.031017Z,KXBTC15M-26OCT050045-45,0.0170,30.45,no
2026-10-05T04:40:43.258369Z,KXBTC15M-26OCT050045-45,0.0150,10.00,no
2026-10-05T04:40:43.258369Z,KXBTC15M-26OCT050045-45,0.0130,17.00,no
2026-10-05T04:40:43.258369Z,KXBTC15M-26OCT050045-45,0.0150,54.00,no
2026-10-05T04:40:43.258369Z,KXBTC15M-26OCT050045-45,0.0140,17.00,no
2026-10-05T04:40:43.258369Z,KXBTC15M-26OCT050045-45,0.0160,1.00,no
2026-10-05T04:40:43.258369Z,KXBTC15M-26OCT050045-45,0.0170,4.00,no
2026-10-05T04:40:43.258369Z,KXBTC15M-26OCT050045-45,0.0170,6.00,no
2026-10-05T04:40:43.258369Z,KXBTC15M-26OCT050045-45,0.0170,0.01,no
2026-10-05T04:40:43.258369Z,KXBTC15M-26OCT050045-45,0.0160,10.00,no
2026-10-05T04:40:43.258369Z,KXBTC15M-26OCT050045-45,0.0130,14.00,no
2026-10-05T04:40:43.258369Z,KXBTC15M-26OCT050045-45,0.0170,274.50,no
2026-10-05T04:40:43.258369Z,KXBTC15M-26OCT050045-45,0.0170,0.01,no
2026-10-05T04:40:43.258369Z,KXBTC15M-26OCT050045-45,0.0160,32.45,no
2026-10-05T04:40:43.258369Z,KXBTC15M-26OCT050045-45,0.0130,1.17,no
2026-10-05T04:40:43.258369Z,KXBTC15M-26OCT050045-45,0.0160,317.00,no
2026-10-05T04:40:43.263914Z,KXBTC15M-26OCT050045-45,0.0170,45.96,yes
2026-10-05T04:40:43.270533Z,KXBTC15M-26OCT050045-45,0.0160,0.10,no
2026-10-05T04:40:43.59315Z,KXBTC15M-26OCT050045-45,0.0170,0.01,yes
2026-10-05T04:40:43.59315Z,KXBTC15M-26OCT050045-45,0.0170,0.10,yes
2026-10-05T04:40:43.59315Z,KXBTC15M-26OCT050045-45,0.0170,0.01,yes
2026-10-05T04:40:43.59315Z,KXBTC15M-26OCT050045-45,0.0180,224.64,yes
2026-10-05T04:40:43.660932Z,KXBTC15M-26OCT050045-45,0.0160,0.01,no
2026-10-05T04:40:43.660932Z,KXBTC15M-26OCT050045-45,0.0160,0.01,no
2026-10-05T04:40:43.660932Z,KXBTC15M-26OCT050045-45,0.0160,133.61,no
2026-10-05T04:40:43.705054Z,KXBTC15M-26OCT050045-45,0.0160,7.30,no
2026-10-05T04:40:43.757335Z,KXBTC15M-26OCT050045-45,0.0160,15.22,no
2026-10-05T04:40:43.79242Z,KXBTC15M-26OCT050045-45,0.0160,1.54,no
2026-10-05T04:40:43.970542Z,KXBTC15M-26OCT050045-45,0.0160,4.70,no
2026-10-05T04:40:43.977932Z,KXBTC15M-26OCT050045-45,0.0160,436.92,no
2026-10-05T04:40:43.977932Z,KXBTC15M-26OCT050045-45,0.0160,0.01,no
2026-10-05T04:40:43.977932Z,KXBTC15M-26OCT050045-45,0.0160,1.00,no
2026-10-05T04:40:43.977932Z,KXBTC15M-26OCT050045-45,0.0160,844.00,no
2026-10-05T04:40:43.977932Z,KXBTC15M-26OCT050045-45,0.0160,15.00,no
2026-10-05T04:40:43.977932Z,KXBTC15M-26OCT050045-45,0.0160,400.46,no
2026-10-05T04:40:43.977932Z,KXBTC15M-26OCT050045-45,0.0160,4.00,no
2026-10-05T04:40:43.977932Z,KXBTC15M-26OCT050045-45,0.0160,10.00,no
2026-10-05T04:40:43.977932Z,KXBTC15M-26OCT050045-45,0.0160,237.63,no
2026-10-05T04:40:43.977932Z,KXBTC15M-26OCT050045-45,0.0160,0.01,no
2026-10-05T04:40:44.033506Z,KXBTC15M-26OCT050045-45,0.0160,6.00,no
2026-10-05T04:40:44.033506Z,KXBTC15M-26OCT050045-45,0.0160,0.01,no
2026-10-05T04:40:44.033506Z,KXBTC15M-26OCT050045-45,0.0160,1.82,no
2026-10-05T04:40:44.033506Z,KXBTC15M-26OCT050045-45,0.0160,0.01,no
2026-10-05T04:40:44.192376Z,KXBTC15M-26OCT050045-45,0.0160,0.01,no
2026-10-05T04:40:44.192376Z,KXBTC15M-26OCT050045-45,0.0160,53.78,no
2026-10-05T04:40:44.192376Z,KXBTC15M-26OCT050045-45,0.0160,0.01,no
2026-10-05T04:40:44.214818Z,KXBTC15M-26OCT050045-45,0.0170,25.57,yes
2026-10-05T04:40:44.214818Z,KXBTC15M-26OCT050045-45,0.0170,0.01,yes
2026-10-05T04:40:44.214818Z,KXBTC15M-26OCT050045-45,0.0170,0.01,yes
2026-10-05T04:40:44.3039Z,KXBTC15M-26OCT050045-45,0.0160,668.90,no
2026-10-05T04:40:44.3039Z,KXBTC15M-26OCT050045-45,0.0160,346.22,no
2026-10-05T04:40:44.378557Z,KXBTC15M-26OCT050045-45,0.0160,1.01,no
2026-10-05T04:40:44.527659Z,KXBTC15M-26OCT050045-45,0.0170,51.48,yes
2026-10-05T04:40:44.636745Z,KXBTC15M-26OCT050045-45,0.0170,0.02,yes
2026-10-05T04:40:44.660479Z,KXBTC15M-26OCT050045-45,0.0170,275.18,yes
2026-10-05T04:40:44.969106Z,KXBTC15M-26OCT050045-45,0.0170,0.01,yes
2026-10-05T04:40:44.969106Z,KXBTC15M-26OCT050045-45,0.0170,0.01,yes
2026-10-05T04:40:45.208593Z,KXBTC15M-26OCT050045-45,0.0180,137.23,yes
2026-10-05T04:40:45.215468Z,KXBTC15M-26OCT050045-45,0.0180,0.02,yes
2026-10-05T04:40:45.216101Z,KXBTC15M-26OCT050045-45,0.0180,0.02,yes
2026-10-05T04:40:45.222254Z,KXBTC15M-26OCT050045-45,0.0180,468.27,yes
2026-10-05T04:40:45.251594Z,KXBTC15M-26OCT050045-45,0.0170,0.02,no
2026-10-05T04:40:45.454385Z,KXBTC15M-26OCT050045-45,0.0170,500.00,no
2026-10-05T04:40:45.454385Z,KXBTC15M-26OCT050045-45,0.0170,88.89,no
2026-10-05T04:40:45.454385Z,KXBTC15M-26OCT050045-45,0.0170,1.00,no
2026-10-05T04:40:45.454385Z,KXBTC15M-26OCT050045-45,0.0170,400.00,no
2026-10-05T04:40:45.454385Z,KXBTC15M-26OCT050045-45,0.0170,0.01,no
2026-10-05T04:40:45.454385Z,KXBTC15M-26OCT050045-45,0.0170,0.10,no
2026-10-05T04:40:45.454385Z,KXBTC15M-26OCT050045-45,0.0170,10.00,no
2026-10-05T04:40:45.716331Z,KXBTC15M-26OCT050045-45,0.0180,0.02,yes
2026-10-05T04:40:45.959972Z,KXBTC15M-26OCT050045-45,0.0180,0.62,yes
2026-10-05T04:40:45.959972Z,KXBTC15M-26OCT050045-45,0.0180,19.36,yes
2026-10-05T04:40:46.15642Z,KXBTC15M-26OCT050045-45,0.0170,150.00,no
2026-10-05T04:40:46.15642Z,KXBTC15M-26OCT050045-45,0.0170,0.01,no
2026-10-05T04:40:46.15642Z,KXBTC15M-26OCT050045-45,0.0170,28.64,no
2026-10-05T04:40:46.15642Z,KXBTC15M-26OCT050045-45,0.0170,0.01,no
2026-10-05T04:40:46.16444Z,KXBTC15M-26OCT050045-45,0.0180,0.02,yes
2026-10-05T04:40:46.215452Z,KXBTC15M-26OCT050045-45,0.0180,1.55,yes
2026-10-05T04:40:46.215452Z,KXBTC15M-26OCT050045-45,0.0180,23.31,yes
2026-10-05T04:40:46.215452Z,KXBTC15M-26OCT050045-45,0.0180,25.39,yes
2026-10-05T04:40:46.230112Z,KXBTC15M-26OCT050045-45,0.0180,4.69,yes
2026-10-05T04:40:46.230112Z,KXBTC15M-26OCT050045-45,0.0180,33.00,yes
2026-10-05T04:40:46.230112Z,KXBTC15M-26OCT050045-45,0.0180,34.13,yes
2026-10-05T04:40:46.245032Z,KXBTC15M-26OCT050045-45,0.0180,91.29,yes
2026-10-05T04:40:46.245032Z,KXBTC15M-26OCT050045-45,0.0180,7.22,yes
2026-10-05T04:40:46.245032Z,KXBTC15M-26OCT050045-45,0.0180,0.01,yes
2026-10-05T04:40:46.377377Z,KXBTC15M-26OCT050045-45,0.0170,10.16,no
2026-10-05T04:40:46.385495Z,KXBTC15M-26OCT050045-45,0.0180,2.28,yes
2026-10-05T04:40:46.485273Z,KXBTC15M-26OCT050045-45,0.0170,33.52,no
2026-10-05T04:40:46.575757Z,KXBTC15M-26OCT050045-45,0.0180,1.01,yes
2026-10-05T04:40:46.611884Z,KXBTC15M-26OCT050045-45,0.0170,1.01,no
2026-10-05T04:40:46.621114Z,KXBTC15M-26OCT050045-45,0.0190,472.38,yes
2026-10-05T04:40:46.621114Z,KXBTC15M-26OCT050045-45,0.0190,342.38,yes
2026-10-05T04:40:46.621114Z,KXBTC15M-26OCT050045-45,0.0190,43.50,yes
2026-10-05T04:40:46.621114Z,KXBTC15M-26OCT050045-45,0.0190,10.00,yes
2026-10-05T04:40:46.621114Z,KXBTC15M-26OCT050045-45,0.0190,49.78,yes
2026-10-05T04:40:46.621114Z,KXBTC15M-26OCT050045-45,0.0190,124.76,yes
2026-10-05T04:40:46.621114Z,KXBTC15M-26OCT050045-45,0.0180,200.00,yes
2026-10-05T04:40:46.621114Z,KXBTC15M-26OCT050045-45,0.0180,126.66,yes
2026-10-05T04:40:46.621114Z,KXBTC15M-26OCT050045-45,0.0180,0.01,yes
2026-10-05T04:40:46.621114Z,KXBTC15M-26OCT050045-45,0.0180,0.01,yes
2026-10-05T04:40:46.621114Z,KXBTC15M-26OCT050045-45,0.0180,154.00,yes
2026-10-05T04:40:46.621114Z,KXBTC15M-26OCT050045-45,0.0180,108.49,yes
2026-10-05T04:40:46.621114Z,KXBTC15M-26OCT050045-45,0.0180,1.00,yes
2026-10-05T04:40:46.667095Z,KXBTC15M-26OCT050045-45,0.0190,2.68,yes
2026-10-05T04:40:46.667095Z,KXBTC15M-26OCT050045-45,0.0190,15.00,yes
2026-10-05T04:40:46.683615Z,KXBTC15M-26OCT050045-45,0.0180,0.01,no
2026-10-05T04:40:46.683615Z,KXBTC15M-26OCT050045-45,0.0180,17.00,no
2026-10-05T04:40:46.683615Z,KXBTC15M-26OCT050045-45,0.0180,0.01,no
2026-10-05T04:40:46.683615Z,KXBTC15M-26OCT050045-45,0.0180,150.00,no
2026-10-05T04:40:46.683615Z,KXBTC15M-26OCT050045-45,0.0180,332.98,no
2026-10-05T04:40:46.716996Z,KXBTC15M-26OCT050045-45,0.0190,0.02,yes
2026-10-05T04:40:46.72575Z,KXBTC15M-26OCT050045-45,0.0180,0.17,no
2026-10-05T04:40:46.818127Z,KXBTC15M-26OCT050045-45,0.0180,0.02,no
2026-10-05T04:40:46.842388Z,KXBTC15M-26OCT050045-45,0.0190,0.62,yes
2026-10-05T04:40:47.181005Z,KXBTC15M-26OCT050045-45,0.0200,145.67,yes
2026-10-05T04:40:47.181005Z,KXBTC15M-26OCT050045-45,0.0200,50.00,yes
2026-10-05T04:40:47.181005Z,KXBTC15M-26OCT050045-45,0.0190,0.01,yes
2026-10-05T04:40:47.181005Z,KXBTC15M-26OCT050045-45,0.0190,2.00,yes
2026-10-05T04:40:47.181005Z,KXBTC15M-26OCT050045-45,0.0190,0.01,yes
2026-10-05T04:40:47.181005Z,KXBTC15M-26OCT050045-45,0.0200,15.00,yes
2026-10-05T04:40:47.181005Z,KXBTC15M-26OCT050045-45,0.0190,2.00,yes
2026-10-05T04:40:47.181005Z,KXBTC15M-26OCT050045-45,0.0200,2.00,yes
2026-10-05T04:40:47.181005Z,KXBTC15M-26OCT050045-45,0.0200,2.00,yes
2026-10-05T04:40:47.181005Z,KXBTC15M-26OCT050045-45,0.0190,11.68,yes
2026-10-05T04:40:47.263697Z,KXBTC15M-26OCT050045-45,0.0190,17.00,no
2026-10-05T04:40:47.263697Z,KXBTC15M-26OCT050045-45,0.0190,2.30,no
2026-10-05T04:40:47.282028Z,KXBTC15M-26OCT050045-45,0.0190,0.01,no
2026-10-05T04:40:47.282028Z,KXBTC15M-26OCT050045-45,0.0190,0.10,no
2026-10-05T04:40:47.282028Z,KXBTC15M-26OCT050045-45,0.0190,2.18,no
2026-10-05T04:40:47.282028Z,KXBTC15M-26OCT050045-45,0.0190,0.01,no
2026-10-05T04:40:47.282028Z,KXBTC15M-26OCT050045-45,0.0190,7.70,no
2026-10-05T04:40:47.344743Z,KXBTC15M-26OCT050045-45,0.0200,4.82,yes
2026-10-05T04:40:47.346716Z,KXBTC15M-26OCT050045-45,0.0190,9.12,no
2026-10-05T04:40:47.346716Z,KXBTC15M-26OCT050045-45,0.0190,0.01,no
2026-10-05T04:40:47.346716Z,KXBTC15M-26OCT050045-45,0.0190,0.01,no
2026-10-05T04:40:47.528874Z,KXBTC15M-26OCT050045-45,0.0200,235.84,yes
2026-10-05T04:40:47.528874Z,KXBTC15M-26OCT050045-45,0.0200,296.51,yes
2026-10-05T04:40:47.627324Z,KXBTC15M-26OCT050045-45,0.0190,58.98,no
2026-10-05T04:40:47.635276Z,KXBTC15M-26OCT050045-45,0.0200,46.55,yes
2026-10-05T04:40:47.673811Z,KXBTC15M-26OCT050045-45,0.0190,9.69,no
2026-10-05T04:40:47.712222Z,KXBTC15M-26OCT050045-45,0.0210,57.15,yes
2026-10-05T04:40:47.712222Z,KXBTC15M-26OCT050045-45,0.0200,270.61,yes
2026-10-05T04:40:47.712222Z,KXBTC15M-26OCT050045-45,0.0210,50.00,yes
2026-10-05T04:40:47.712222Z,KXBTC15M-26OCT050045-45,0.0210,95.89,yes
2026-10-05T04:40:47.712222Z,KXBTC15M-26OCT050045-45,0.0210,42.87,yes
2026-10-05T04:40:47.712222Z,KXBTC15M-26OCT050045-45,0.0200,0.01,yes
2026-10-05T04:40:47.712222Z,KXBTC15M-26OCT050045-45,0.0200,50.00,yes
2026-10-05T04:40:47.712222Z,KXBTC15M-26OCT050045-45,0.0200,14.00,yes
2026-10-05T04:40:47.712222Z,KXBTC15M-26OCT050045-45,0.0200,200.00,yes
2026-10-05T04:40:47.712222Z,KXBTC15M-26OCT050045-45,0.0200,0.01,yes
2026-10-05T04:40:47.712222Z,KXBTC15M-26OCT050045-45,0.0200,273.00,yes
2026-10-05T04:40:47.712222Z,KXBTC15M-26OCT050045-45,0.0200,1.00,yes
2026-10-05T04:40:47.810176Z,KXBTC15M-26OCT050045-45,0.0200,0.15,no
2026-10-05T04:40:48.048062Z,KXBTC15M-26OCT050045-45,0.0200,0.01,no
2026-10-05T04:40:48.048062Z,KXBTC15M-26OCT050045-45,0.0200,6.00,no
2026-10-05T04:40:48.048062Z,KXBTC15M-26OCT050045-45,0.0200,70.01,no
2026-10-05T04:40:48.048062Z,KXBTC15M-26OCT050045-45,0.0200,21.87,no
2026-10-05T04:40:48.048062Z,KXBTC15M-26OCT050045-45,0.0200,0.10,no
2026-10-05T04:40:48.048062Z,KXBTC15M-26OCT050045-45,0.0200,1.00,no
2026-10-05T04:40:48.048062Z,KXBTC15M-26OCT050045-45,0.0200,50.00,no
2026-10-05T04:40:48.048062Z,KXBTC15M-26OCT050045-45,0.0200,1.00,no
2026-10-05T04:40:48.048062Z,KXBTC15M-26OCT050045-45,0.0200,0.01,no
2026-10-05T04:40:48.056594Z,KXBTC15M-26OCT050045-45,0.0200,71.19,no
2026-10-05T04:40:48.117736Z,KXBTC15M-26OCT050045-45,0.0210,37.00,yes
2026-10-05T04:40:48.117736Z,KXBTC15M-26OCT050045-45,0.0210,12.00,yes
2026-10-05T04:40:48.117736Z,KXBTC15M-26OCT050045-45,0.0210,9.00,yes
2026-10-05T04:40:48.117736Z,KXBTC15M-26OCT050045-45,0.0210,1.00,yes
2026-10-05T04:40:48.117736Z,KXBTC15M-26OCT050045-45,0.0210,22.00,yes
2026-10-05T04:40:48.117736Z,KXBTC15M-26OCT050045-45,0.0210,183.09,yes
2026-10-05T04:40:48.117736Z,KXBTC15M-26OCT050045-45,0.0210,21.00,yes
2026-10-05T04:40:48.117736Z,KXBTC15M-26OCT050045-45,0.0210,1.00,yes
2026-10-05T04:40:48.117736Z,KXBTC15M-26OCT050045-45,0.0210,0.01,yes
2026-10-05T04:40:48.117736Z,KXBTC15M-26OCT050045-45,0.0210,196.00,yes
2026-10-05T04:40:48.117736Z,KXBTC15M-26OCT050045-45,0.0210,0.01,yes
2026-10-05T04:40:48.117736Z,KXBTC15M-26OCT050045-45,0.0210,2.00,yes
2026-10-05T04:40:48.117736Z,KXBTC15M-26OCT050045-45,0.0210,31.00,yes
2026-10-05T04:40:48.117736Z,KXBTC15M-26OCT050045-45,0.0210,88.89,yes
2026-10-05T04:40:48.118962Z,KXBTC15M-26OCT050045-45,0.0220,8.92,yes
2026-10-05T04:40:48.403054Z,KXBTC15M-26OCT050045-45,0.0200,1375.37,no
2026-10-05T04:40:48.403054Z,KXBTC15M-26OCT050045-45,0.0210,0.10,no
2026-10-05T04:40:48.403054Z,KXBTC15M-26OCT050045-45,0.0200,181.00,no
2026-10-05T04:40:48.403054Z,KXBTC15M-26OCT050045-45,0.0210,0.01,no
2026-10-05T04:40:48.403054Z,KXBTC15M-26OCT050045-45,0.0200,50.00,no
2026-10-05T04:40:48.403054Z,KXBTC15M-26OCT050045-45,0.0210,150.00,no
2026-10-05T04:40:48.403054Z,KXBTC15M-26OCT050045-45,0.0210,150.00,no
2026-10-05T04:40:48.403054Z,KXBTC15M-26OCT050045-45,0.0210,4.00,no
2026-10-05T04:40:48.403054Z,KXBTC15M-26OCT050045-45,0.0210,1.00,no
2026-10-05T04:40:48.403054Z,KXBTC15M-26OCT050045-45,0.0210,0.01,no
2026-10-05T04:40:48.403054Z,KXBTC15M-26OCT050045-45,0.0210,500.00,no
2026-10-05T04:40:48.403054Z,KXBTC15M-26OCT050045-45,0.0200,1.00,no
2026-10-05T04:40:48.403054Z,KXBTC15M-26OCT050045-45,0.0210,1.00,no
2026-10-05T04:40:48.403054Z,KXBTC15M-26OCT050045-45,0.0200,4.00,no
2026-10-05T04:40:48.403054Z,KXBTC15M-26OCT050045-45,0.0190,3.62,no
2026-10-05T04:40:48.403054Z,KXBTC15M-26OCT050045-45,0.0200,344.89,no
2026-10-05T04:40:48.403054Z,KXBTC15M-26OCT050045-45,0.0210,234.00,no
2026-10-05T04:40:48.442782Z,KXBTC15M-26OCT050045-45,0.0210,2.00,yes
2026-10-05T04:40:48.451092Z,KXBTC15M-26OCT050045-45,0.0200,50.00,no
2026-10-05T04:40:48.451092Z,KXBTC15M-26OCT050045-45,0.0200,17.16,no
2026-10-05T04:40:48.451092Z,KXBTC15M-26OCT050045-45,0.0200,0.01,no
2026-10-05T04:40:48.451092Z,KXBTC15M-26OCT050045-45,0.0200,0.01,no
2026-10-05T04:40:48.651128Z,KXBTC15M-26OCT050045-45,0.0210,0.01,yes
2026-10-05T04:40:48.651128Z,KXBTC15M-26OCT050045-45,0.0210,13.00,yes
2026-10-05T04:40:48.651128Z,KXBTC15M-26OCT050045-45,0.0210,0.10,yes
2026-10-05T04:40:48.651128Z,KXBTC15M-26OCT050045-45,0.0210,0.01,yes
2026-10-05T04:40:48.651942Z,KXBTC15M-26OCT050045-45,0.0220,4.00,yes
2026-10-05T04:40:48.656834Z,KXBTC15M-26OCT050045-45,0.0220,2.08,yes
2026-10-05T04:40:48.656834Z,KXBTC15M-26OCT050045-45,0.0220,380.80,yes
2026-10-05T04:40:48.660905Z,KXBTC15M-26OCT050045-45,0.0220,34.00,yes
2026-10-05T04:40:48.756126Z,KXBTC15M-26OCT050045-45,0.0230,273.98,yes
2026-10-05T04:40:48.756126Z,KXBTC15M-26OCT050045-45,0.0220,15.00,yes
2026-10-05T04:40:48.756126Z,KXBTC15M-26OCT050045-45,0.0220,0.01,yes
2026-10-05T04:40:48.756126Z,KXBTC15M-26OCT050045-45,0.0220,0.01,yes
2026-10-05T04:40:48.756126Z,KXBTC15M-26OCT050045-45,0.0220,15.00,yes
2026-10-05T04:40:48.842295Z,KXBTC15M-26OCT050045-45,0.0220,17.00,no
2026-10-05T04:40:48.842295Z,KXBTC15M-26OCT050045-45,0.0220,6.00,no
2026-10-05T04:40:48.842295Z,KXBTC15M-26OCT050045-45,0.0220,0.10,no
2026-10-05T04:40:48.842295Z,KXBTC15M-26OCT050045-45,0.0220,0.01,no
2026-10-05T04:40:48.842295Z,KXBTC15M-26OCT050045-45,0.0220,0.01,no
2026-10-05T04:40:48.842295Z,KXBTC15M-26OCT050045-45,0.0220,10.00,no
2026-10-05T04:40:48.842295Z,KXBTC15M-26OCT050045-45,0.0220,104.57,no
2026-10-05T04:40:49.046106Z,KXBTC15M-26OCT050045-45,0.0240,10.23,yes
2026-10-05T04:40:49.046106Z,KXBTC15M-26OCT050045-45,0.0240,16.00,yes
2026-10-05T04:40:49.046106Z,KXBTC15M-26OCT050045-45,0.0230,15.00,yes
2026-10-05T04:40:49.046106Z,KXBTC15M-26OCT050045-45,0.0230,0.01,yes
2026-10-05T04:40:49.046106Z,KXBTC15M-26OCT050045-45,0.0230,0.01,yes
2026-10-05T04:40:49.313553Z,KXBTC15M-26OCT050045-45,0.0230,0.01,no
2026-10-05T04:40:49.313553Z,KXBTC15M-26OCT050045-45,0.0230,0.01,no
2026-10-05T04:40:49.313553Z,KXBTC15M-26OCT050045-45,0.0230,17.00,no
2026-10-05T04:40:49.313553Z,KXBTC15M-26OCT050045-45,0.0220,122.98,no
2026-10-05T04:40:49.313553Z,KXBTC15M-26OCT050045-45,0.0220,15.00,no
2026-10-05T04:40:49.409119Z,KXBTC15M-26OCT050045-45,0.0230,146.67,yes
2026-10-05T04:40:49.521545Z,KXBTC15M-26OCT050045-45,0.0240,15.98,yes
2026-10-05T04:40:49.521545Z,KXBTC15M-26OCT050045-45,0.0240,8.77,yes
2026-10-05T04:40:49.521545Z,KXBTC15M-26OCT050045-45,0.0230,0.01,yes
2026-10-05T04:40:49.521545Z,KXBTC15M-26OCT050045-45,0.0230,0.10,yes
2026-10-05T04:40:49.521545Z,KXBTC15M-26OCT050045-45,0.0230,15.00,yes
2026-10-05T04:40:49.521545Z,KXBTC15M-26OCT050045-45,0.0230,0.01,yes
2026-10-05T04:40:49.528153Z,KXBTC15M-26OCT050045-45,0.0220,0.01,no
2026-10-05T04:40:49.528153Z,KXBTC15M-26OCT050045-45,0.0220,4.00,no
2026-10-05T04:40:49.528153Z,KXBTC15M-26OCT050045-45,0.0220,0.01,no
2026-10-05T04:40:49.528153Z,KXBTC15M-26OCT050045-45,0.0220,6.00,no
2026-10-05T04:40:49.528153Z,KXBTC15M-26OCT050045-45,0.0230,150.00,no
2026-10-05T04:40:49.528153Z,KXBTC15M-26OCT050045-45,0.0220,184.02,no
2026-10-05T04:40:49.528153Z,KXBTC15M-26OCT050045-45,0.0220,19.73,no
2026-10-05T04:40:49.547437Z,KXBTC15M-26OCT050045-45,0.0230,13.39,yes
2026-10-05T04:40:49.68874Z,KXBTC15M-26OCT050045-45,0.0230,23.21,yes
2026-10-05T04:40:49.796409Z,KXBTC15M-26OCT050045-45,0.0240,21.02,yes
2026-10-05T04:40:49.796409Z,KXBTC15M-26OCT050045-45,0.0240,0.86,yes
2026-10-05T04:40:49.796409Z,KXBTC15M-26OCT050045-45,0.0230,2.00,yes
2026-10-05T04:40:49.796409Z,KXBTC15M-26OCT050045-45,0.0230,0.01,yes
2026-10-05T04:40:49.796409Z,KXBTC15M-26OCT050045-45,0.0230,0.01,yes
2026-10-05T04:40:49.796409Z,KXBTC15M-26OCT050045-45,0.0230,0.10,yes
2026-10-05T04:40:49.796409Z,KXBTC15M-26OCT050045-45,0.0230,15.00,yes
2026-10-05T04:40:49.801345Z,KXBTC15M-26OCT050045-45,0.0240,3.72,yes
2026-10-05T04:40:49.841245Z,KXBTC15M-26OCT050045-45,0.0220,15.00,no
2026-10-05T04:40:49.841245Z,KXBTC15M-26OCT050045-45,0.0220,0.01,no
2026-10-05T04:40:49.841245Z,KXBTC15M-26OCT050045-45,0.0220,0.01,no
2026-10-05T04:40:49.841245Z,KXBTC15M-26OCT050045-45,0.0220,15.00,no
2026-10-05T04:40:49.841245Z,KXBTC15M-26OCT050045-45,0.0220,4.00,no
2026-10-05T04:40:49.841245Z,KXBTC15M-26OCT050045-45,0.0220,900.32,no
2026-10-05T04:40:49.841245Z,KXBTC15M-26OCT050045-45,0.0220,15.00,no
2026-10-05T04:40:49.841245Z,KXBTC15M-26OCT050045-45,0.0220,1.00,no
2026-10-05T04:40:49.841245Z,KXBTC15M-26OCT050045-45,0.0220,121.62,no
2026-10-05T04:40:49.867403Z,KXBTC15M-26OCT050045-45,0.0230,0.01,yes
2026-10-05T04:40:49.867403Z,KXBTC15M-26OCT050045-45,0.0230,39.88,yes
2026-10-05T04:40:49.887055Z,KXBTC15M-26OCT050045-45,0.0230,16.38,yes
2026-10-05T04:40:49.893387Z,KXBTC15M-26OCT050045-45,0.0230,3.90,yes
2026-10-05T04:40:49.943839Z,KXBTC15M-26OCT050045-45,0.0230,81.30,yes
2026-10-05T04:40:50.019029Z,KXBTC15M-26OCT050045-45,0.0230,10.16,yes
2026-10-05T04:40:50.019029Z,KXBTC15M-26OCT050045-45,0.0230,15.00,yes
2026-10-05T04:40:50.019029Z,KXBTC15M-26OCT050045-45,0.0230,0.01,yes
2026-10-05T04:40:50.038414Z,KXBTC15M-26OCT050045-45,0.0230,61.45,yes
2026-10-05T04:40:50.038414Z,KXBTC15M-26OCT050045-45,0.0230,0.01,yes
2026-10-05T04:40:50.038414Z,KXBTC15M-26OCT050045-45,0.0230,15.00,yes
2026-10-05T04:40:50.038414Z,KXBTC15M-26OCT050045-45,0.0230,1.84,yes
2026-10-05T04:40:50.099089Z,KXBTC15M-26OCT050045-45,0.0240,5.00,yes
2026-10-05T04:40:50.099089Z,KXBTC15M-26OCT050045-45,0.0240,15.00,yes
2026-10-05T04:40:50.099089Z,KXBTC15M-26OCT050045-45,0.0240,3.00,yes
2026-10-05T04:40:50.099089Z,KXBTC15M-26OCT050045-45,0.0240,9.00,yes
2026-10-05T04:40:50.099089Z,KXBTC15M-26OCT050045-45,0.0240,87.42,yes
2026-10-05T04:40:50.099089Z,KXBTC15M-26OCT050045-45,0.0230,10.16,yes
2026-10-05T04:40:50.099089Z,KXBTC15M-26OCT050045-45,0.0230,1.84,yes
2026-10-05T04:40:50.099089Z,KXBTC15M-26OCT050045-45,0.0230,15.00,yes
2026-10-05T04:40:50.099089Z,KXBTC15M-26OCT050045-45,0.0230,0.01,yes
2026-10-05T04:40:50.099089Z,KXBTC15M-26OCT050045-45,0.0230,0.01,yes
2026-10-05T04:40:50.099089Z,KXBTC15M-26OCT050045-45,0.0230,162.55,yes
2026-10-05T04:40:50.099089Z,KXBTC15M-26OCT050045-45,0.0240,24.65,yes
2026-10-05T04:40:50.099089Z,KXBTC15M-26OCT050045-45,0.0240,2.00,yes
2026-10-05T04:40:50.099089Z,KXBTC15M-26OCT050045-45,0.0240,15.00,yes
2026-10-05T04:40:50.13988Z,KXBTC15M-26OCT050045-45,0.0230,0.01,yes
2026-10-05T04:40:50.13988Z,KXBTC15M-26OCT050045-45,0.0230,15.00,yes
2026-10-05T04:40:50.13988Z,KXBTC15M-26OCT050045-45,0.0230,12.00,yes
2026-10-05T04:40:50.13988Z,KXBTC15M-26OCT050045-45,0.0230,0.01,yes
2026-10-05T04:40:50.13988Z,KXBTC15M-26OCT050045-45,0.0240,20.96,yes
2026-10-05T04:40:50.41994Z,KXBTC15M-26OCT050045-45,0.0220,8.13,no
2026-10-05T04:40:50.41994Z,KXBTC15M-26OCT050045-45,0.0220,0.01,no
2026-10-05T04:40:50.41994Z,KXBTC15M-26OCT050045-45,0.0220,0.01,no
2026-10-05T04:40:50.551686Z,KXBTC15M-26OCT050045-45,0.0220,15.00,no
2026-10-05T04:40:50.551686Z,KXBTC15M-26OCT050045-45,0.0220,15.00,no
2026-10-05T04:40:50.551686Z,KXBTC15M-26OCT050045-45,0.0220,0.01,no
2026-10-05T04:40:50.551686Z,KXBTC15M-26OCT050045-45,0.0220,6.87,no
2026-10-05T04:40:50.551686Z,KXBTC15M-26OCT050045-45,0.0220,307.00,no
2026-10-05T04:40:50.551686Z,KXBTC15M-26OCT050045-45,0.0220,0.01,no
2026-10-05T04:40:50.551686Z,KXBTC15M-26OCT050045-45,0.0220,15.00,no
2026-10-05T04:40:50.634049Z,KXBTC15M-26OCT050045-45,0.0210,0.01,no
2026-10-05T04:40:50.634049Z,KXBTC15M-26OCT050045-45,0.0210,6.00,no
2026-10-05T04:40:50.634049Z,KXBTC15M-26OCT050045-45,0.0210,0.01,no
2026-10-05T04:40:50.634049Z,KXBTC15M-26OCT050045-45,0.0200,50.00,no
2026-10-05T04:40:50.634049Z,KXBTC15M-26OCT050045-45,0.0200,2.71,no
2026-10-05T04:40:50.634049Z,KXBTC15M-26OCT050045-45,0.0210,150.00,no
2026-10-05T04:40:50.634049Z,KXBTC15M-26OCT050045-45,0.0210,17.00,no
2026-10-05T04:40:50.634049Z,KXBTC15M-26OCT050045-45,0.0200,1.00,no
2026-10-05T04:40:50.634049Z,KXBTC15M-26OCT050045-45,0.0210,15.00,no
2026-10-05T04:40:50.634049Z,KXBTC15M-26OCT050045-45,0.0210,15.00,no
2026-10-05T04:40:50.655967Z,KXBTC15M-26OCT050045-45,0.0210,39.59,yes
2026-10-05T04:40:50.71274Z,KXBTC15M-26OCT050045-45,0.0210,39.30,yes
2026-10-05T04:40:50.782978Z,KXBTC15M-26OCT050045-45,0.0210,1.04,yes
2026-10-05T04:40:51.120481Z,KXBTC15M-26OCT050045-45,0.0210,57.57,yes
2026-10-05T04:40:51.120481Z,KXBTC15M-26OCT050045-45,0.0210,150.00,yes
2026-10-05T04:40:51.120481Z,KXBTC15M-26OCT050045-45,0.0210,70.07,yes
2026-10-05T04:40:51.120481Z,KXBTC15M-26OCT050045-45,0.0210,150.00,yes
2026-10-05T04:40:51.120481Z,KXBTC15M-26OCT050045-45,0.0210,150.00,yes
2026-10-05T04:40:51.120481Z,KXBTC15M-26OCT050045-45,0.0210,150.00,yes
2026-10-05T04:40:51.151365Z,KXBTC15M-26OCT050045-45,0.0200,425.73,no
2026-10-05T04:40:51.151365Z,KXBTC15M-26OCT050045-45,0.0200,15.00,no
2026-10-05T04:40:51.151365Z,KXBTC15M-26OCT050045-45,0.0200,12.29,no
2026-10-05T04:40:51.151365Z,KXBTC15M-26OCT050045-45,0.0200,959.96,no
2026-10-05T04:40:51.151365Z,KXBTC15M-26OCT050045-45,0.0200,150.00,no
2026-10-05T04:40:51.151365Z,KXBTC15M-26OCT050045-45,0.0200,0.01,no
2026-10-05T04:40:51.151365Z,KXBTC15M-26OCT050045-45,0.0200,50.00,no
2026-10-05T04:40:51.151365Z,KXBTC15M-26OCT050045-45,0.0200,15.00,no
2026-10-05T04:40:51.173878Z,KXBTC15M-26OCT050045-45,0.0210,39.58,yes
2026-10-05T04:40:51.201547Z,KXBTC15M-26OCT050045-45,0.0210,44.56,yes
2026-10-05T04:40:51.258801Z,KXBTC15M-26OCT050045-45,0.0200,0.02,no
2026-10-05T04:40:51.281092Z,KXBTC15M-26OCT050045-45,0.0200,23.42,no
2026-10-05T04:40:51.281092Z,KXBTC15M-26OCT050045-45,0.0200,0.01,no
2026-10-05T04:40:51.326655Z,KXBTC15M-26OCT050045-45,0.0210,57.29,yes
2026-10-05T04:40:51.326655Z,KXBTC15M-26OCT050045-45,0.0210,13.00,yes
2026-10-05T04:40:51.326655Z,KXBTC15M-26OCT050045-45,0.0210,8.29,yes
2026-10-05T04:40:51.326655Z,KXBTC15M-26OCT050045-45,0.0210,0.01,yes
2026-10-05T04:40:51.360582Z,KXBTC15M-26OCT050045-45,0.0180,1.37,no
2026-10-05T04:40:51.360582Z,KXBTC15M-26OCT050045-45,0.0190,1.00,no
2026-10-05T04:40:51.360582Z,KXBTC15M-26OCT050045-45,0.0180,1.00,no
2026-10-05T04:40:51.360582Z,KXBTC15M-26OCT050045-45,0.0200,0.01,no
2026-10-05T04:40:51.360582Z,KXBTC15M-26OCT050045-45,0.0200,0.01,no
2026-10-05T04:40:51.360582Z,KXBTC15M-26OCT050045-45,0.0200,26.58,no
2026-10-05T04:40:51.401185Z,KXBTC15M-26OCT050045-45,0.0180,0.71,no
2026-10-05T04:40:51.562682Z,KXBTC15M-26OCT050045-45,0.0190,44.56,yes
2026-10-05T04:40:51.667803Z,KXBTC15M-26OCT050045-45,0.0190,236.68,yes
2026-10-05T04:40:51.667803Z,KXBTC15M-26OCT050045-45,0.0190,10.00,yes
2026-10-05T04:40:51.667803Z,KXBTC15M-26OCT050045-45,0.0190,1.00,yes
2026-10-05T04:40:51.667803Z,KXBTC15M-26OCT050045-45,0.0190,13.00,yes
2026-10-05T04:40:51.667803Z,KXBTC15M-26OCT050045-45,0.0190,0.01,yes
2026-10-05T04:40:51.667803Z,KXBTC15M-26OCT050045-45,0.0190,15.00,yes
2026-10-05T04:40:51.667803Z,KXBTC15M-26OCT050045-45,0.0190,115.60,yes
2026-10-05T04:40:51.667803Z,KXBTC15M-26OCT050045-45,0.0190,0.01,yes
2026-10-05T04:40:51.667803Z,KXBTC15M-26OCT050045-45,0.0190,100.00,yes
2026-10-05T04:40:51.667803Z,KXBTC15M-26OCT050045-45,0.0190,400.00,yes
2026-10-05T04:40:51.78041Z,KXBTC15M-26OCT050045-45,0.0190,0.01,yes
2026-10-05T04:40:51.78041Z,KXBTC15M-26OCT050045-45,0.0190,100.00,yes
2026-10-05T04:40:51.78041Z,KXBTC15M-26OCT050045-45,0.0190,0.01,yes
2026-10-05T04:40:51.78041Z,KXBTC15M-26OCT050045-45,0.0190,14.07,yes
2026-10-05T04:40:51.814189Z,KXBTC15M-26OCT050045-45,0.0190,0.93,yes
2026-10-05T04:40:51.814189Z,KXBTC15M-26OCT050045-45,0.0190,29.24,yes
2026-10-05T04:40:51.814189Z,KXBTC15M-26OCT050045-45,0.0190,13.00,yes
2026-10-05T04:40:51.832801Z,KXBTC15M-26OCT050045-45,0.0190,44.56,yes
2026-10-05T04:40:51.888382Z,KXBTC15M-26OCT050045-45,0.0190,241.32,yes
2026-10-05T04:40:51.906566Z,KXBTC15M-26OCT050045-45,0.0190,84.88,yes
2026-10-05T04:40:51.906566Z,KXBTC15M-26OCT050045-45,0.0190,56.00,yes
2026-10-05T04:40:51.906566Z,KXBTC15M-26OCT050045-45,0.0190,0.01,yes
2026-10-05T04:40:51.906566Z,KXBTC15M-26OCT050045-45,0.0190,15.00,yes
2026-10-05T04:40:51.906566Z,KXBTC15M-26OCT050045-45,0.0190,0.01,yes
2026-10-05T04:40:51.906566Z,KXBTC15M-26OCT050045-45,0.0190,100.00,yes
2026-10-05T04:40:51.906566Z,KXBTC15M-26OCT050045-45,0.0190,87.84,yes
2026-10-05T04:40:51.906566Z,KXBTC15M-26OCT050045-45,0.0190,1.00,yes
2026-10-05T04:40:52.007706Z,KXBTC15M-26OCT050045-45,0.0190,21.85,yes
2026-10-05T04:40:52.229816Z,KXBTC15M-26OCT050045-45,0.0190,76.36,yes
2026-10-05T04:40:52.229816Z,KXBTC15M-26OCT050045-45,0.0190,90.31,yes
2026-10-05T04:40:52.422121Z,KXBTC15M-26OCT050045-45,0.0190,200.00,yes
2026-10-05T04:40:52.422121Z,KXBTC15M-26OCT050045-45,0.0190,0.01,yes
2026-10-05T04:40:52.422121Z,KXBTC15M-26OCT050045-45,0.0190,84.64,yes
2026-10-05T04:40:52.422121Z,KXBTC15M-26OCT050045-45,0.0190,15.00,yes
2026-10-05T04:40:52.422121Z,KXBTC15M-26OCT050045-45,0.0190,0.01,yes
2026-10-05T04:40:52.422121Z,KXBTC15M-26OCT050045-45,0.0200,17.00,yes
2026-10-05T04:40:52.422121Z,KXBTC15M-26OCT050045-45,0.0190,1.00,yes
2026-10-05T04:40:52.422121Z,KXBTC15M-26OCT050045-45,0.0190,400.00,yes
2026-10-05T04:40:52.422121Z,KXBTC15M-26OCT050045-45,0.0200,50.00,yes
2026-10-05T04:40:52.422121Z,KXBTC15M-26OCT050045-45,0.0190,100.00,yes
2026-10-05T04:40:52.422121Z,KXBTC15M-26OCT050045-45,0.0190,10.00,yes
2026-10-05T04:40:52.422121Z,KXBTC15M-26OCT050045-45,0.0200,874.74,yes
2026-10-05T04:40:52.422121Z,KXBTC15M-26OCT050045-45,0.0190,500.00,yes
2026-10-05T04:40:52.503459Z,KXBTC15M-26OCT050045-45,0.0180,0.01,no
2026-10-05T04:40:52.503459Z,KXBTC15M-26OCT050045-45,0.0180,0.01,no
2026-10-05T04:40:52.503459Z,KXBTC15M-26OCT050045-45,0.0180,5.29,no
2026-10-05T04:40:52.503459Z,KXBTC15M-26OCT050045-45,0.0180,1.94,no
2026-10-05T04:40:52.533931Z,KXBTC15M-26OCT050045-45,0.0190,4.92,yes
2026-10-05T04:40:52.542849Z,KXBTC15M-26OCT050045-45,0.0180,207.47,no
2026-10-05T04:40:52.551532Z,KXBTC15M-26OCT050045-45,0.0190,1.19,yes
2026-10-05T04:40:52.555668Z,KXBTC15M-26OCT050045-45,0.0190,0.01,yes
2026-10-05T04:40:52.555668Z,KXBTC15M-26OCT050045-45,0.0190,13.81,yes
2026-10-05T04:40:52.555668Z,KXBTC15M-26OCT050045-45,0.0190,14.74,yes
2026-10-05T04:40:52.564815Z,KXBTC15M-26OCT050045-45,0.0190,0.26,yes
2026-10-05T04:40:52.564815Z,KXBTC15M-26OCT050045-45,0.0190,6.05,yes
2026-10-05T04:40:52.586436Z,KXBTC15M-26OCT050045-45,0.0180,101.70,no
2026-10-05T04:40:52.684582Z,KXBTC15M-26OCT050045-45,0.0190,3.86,yes
2026-10-05T04:40:52.806042Z,KXBTC15M-26OCT050045-45,0.0180,3.00,no
2026-10-05T04:40:52.806042Z,KXBTC15M-26OCT050045-45,0.0180,15.00,no
2026-10-05T04:40:52.806042Z,KXBTC15M-26OCT050045-45,0.0180,1.00,no
2026-10-05T04:40:52.809054Z,KXBTC15M-26OCT050045-45,0.0180,15.00,no
2026-10-05T04:40:52.809054Z,KXBTC15M-26OCT050045-45,0.0180,15.00,no
2026-10-05T04:40:52.809054Z,KXBTC15M-26OCT050045-45,0.0180,0.01,no
2026-10-05T04:40:52.809054Z,KXBTC15M-26OCT050045-45,0.0180,15.00,no
2026-10-05T04:40:52.809054Z,KXBTC15M-26OCT050045-45,0.0180,0.01,no
2026-10-05T04:40:52.809054Z,KXBTC15M-26OCT050045-45,0.0180,15.00,no
2026-10-05T04:40:52.809054Z,KXBTC15M-26OCT050045-45,0.0180,9.00,no
2026-10-05T04:40:52.809054Z,KXBTC15M-26OCT050045-45,0.0180,15.00,no
2026-10-05T04:40:52.809054Z,KXBTC15M-26OCT050045-45,0.0180,14.98,no
2026-10-05T04:40:52.809947Z,KXBTC15M-26OCT050045-45,0.0190,200.00,yes
2026-10-05T04:40:52.809947Z,KXBTC15M-26OCT050045-45,0.0190,400.00,yes
2026-10-05T04:40:52.809947Z,KXBTC15M-26OCT050045-45,0.0190,1.00,yes
2026-10-05T04:40:52.809947Z,KXBTC15M-26OCT050045-45,0.0190,10.00,yes
2026-10-05T04:40:52.809947Z,KXBTC15M-26OCT050045-45,0.0190,0.01,yes
2026-10-05T04:40:52.809947Z,KXBTC15M-26OCT050045-45,0.0190,0.01,yes
2026-10-05T04:40:52.809947Z,KXBTC15M-26OCT050045-45,0.0190,90.09,yes
2026-10-05T04:40:52.809947Z,KXBTC15M-26OCT050045-45,0.0190,15.00,yes
2026-10-05T04:40:52.809947Z,KXBTC15M-26OCT050045-45,0.0190,245.65,yes
2026-10-05T04:40:52.847101Z,KXBTC15M-26OCT050045-45,0.0180,5.08,no
2026-10-05T04:40:52.970074Z,KXBTC15M-26OCT050045-45,0.0180,77.89,no
2026-10-05T04:40:53.080652Z,KXBTC15M-26OCT050045-45,0.0190,0.01,yes
2026-10-05T04:40:53.080652Z,KXBTC15M-26OCT050045-45,0.0190,98.47,yes
2026-10-05T04:40:53.080652Z,KXBTC15M-26OCT050045-45,0.0190,0.01,yes
2026-10-05T04:40:53.166965Z,KXBTC15M-26OCT050045-45,0.0190,127.94,yes
2026-10-05T04:40:53.259616Z,KXBTC15M-26OCT050045-45,0.0180,5.76,no
2026-10-05T04:40:53.382011Z,KXBTC15M-26OCT050045-45,0.0180,182.66,no
2026-10-05T04:40:53.525531Z,KXBTC15M-26OCT050045-45,0.0180,309.97,no
2026-10-05T04:40:53.525531Z,KXBTC15M-26OCT050045-45,0.0170,364.91,no
2026-10-05T04:40:53.525531Z,KXBTC15M-26OCT050045-45,0.0170,15.00,no
2026-10-05T04:40:53.525531Z,KXBTC15M-26OCT050045-45,0.0180,1.00,no
2026-10-05T04:40:53.525531Z,KXBTC15M-26OCT050045-45,0.0180,0.01,no
2026-10-05T04:40:53.525531Z,KXBTC15M-26OCT050045-45,0.0180,3.00,no
2026-10-05T04:40:53.525531Z,KXBTC15M-26OCT050045-45,0.0180,15.00,no
2026-10-05T04:40:53.525531Z,KXBTC15M-26OCT050045-45,0.0180,6.00,no
2026-10-05T04:40:53.525531Z,KXBTC15M-26OCT050045-45,0.0180,15.00,no
2026-10-05T04:40:53.525531Z,KXBTC15M-26OCT050045-45,0.0180,3.00,no
2026-10-05T04:40:53.525531Z,KXBTC15M-26OCT050045-45,0.0180,4.00,no
2026-10-05T04:40:53.525531Z,KXBTC15M-26OCT050045-45,0.0180,0.01,no
2026-10-05T04:40:53.580592Z,KXBTC15M-26OCT050045-45,0.0180,0.01,yes
2026-10-05T04:40:53.580592Z,KXBTC15M-26OCT050045-45,0.0180,17.00,yes
2026-10-05T04:40:53.580592Z,KXBTC15M-26OCT050045-45,0.0180,0.01,yes
2026-10-05T04:40:53.580592Z,KXBTC15M-26OCT050045-45,0.0180,2.98,yes
2026-10-05T04:40:53.598969Z,KXBTC15M-26OCT050045-45,0.0180,49.25,yes
2026-10-05T04:40:53.614142Z,KXBTC15M-26OCT050045-45,0.0180,2.46,yes
2026-10-05T04:40:53.67981Z,KXBTC15M-26OCT050045-45,0.0180,111.26,yes
2026-10-05T04:40:53.67981Z,KXBTC15M-26OCT050045-45,0.0180,15.00,yes
2026-10-05T04:40:53.67981Z,KXBTC15M-26OCT050045-45,0.0180,345.31,yes
2026-10-05T04:40:53.67981Z,KXBTC15M-26OCT050045-45,0.0180,15.00,yes
2026-10-05T04:40:53.67981Z,KXBTC15M-26OCT050045-45,0.0180,1.00,yes
2026-10-05T04:40:53.704512Z,KXBTC15M-26OCT050045-45,0.0180,10.61,yes
2026-10-05T04:40:53.704512Z,KXBTC15M-26OCT050045-45,0.0180,0.01,yes
2026-10-05T04:40:53.807177Z,KXBTC15M-26OCT050045-45,0.0180,4.92,yes
2026-10-05T04:40:53.812022Z,KXBTC15M-26OCT050045-45,0.0180,400.00,yes
2026-10-05T04:40:53.812022Z,KXBTC15M-26OCT050045-45,0.0180,0.01,yes
2026-10-05T04:40:53.812022Z,KXBTC15M-26OCT050045-45,0.0180,10.00,yes
2026-10-05T04:40:53.812022Z,KXBTC15M-26OCT050045-45,0.0180,1.47,yes
2026-10-05T04:40:53.812022Z,KXBTC15M-26OCT050045-45,0.0180,0.01,yes
2026-10-05T04:40:53.812022Z,KXBTC15M-26OCT050045-45,0.0180,9.31,yes
2026-10-05T04:40:53.812022Z,KXBTC15M-26OCT050045-45,0.0180,1.00,yes
2026-10-05T04:40:53.812022Z,KXBTC15M-26OCT050045-45,0.0180,15.00,yes
2026-10-05T04:40:53.814234Z,KXBTC15M-26OCT050045-45,0.0170,2.07,no
2026-10-05T04:40:53.819761Z,KXBTC15M-26OCT050045-45,0.0180,75.00,yes
2026-10-05T04:40:53.819761Z,KXBTC15M-26OCT050045-45,0.0190,15.00,yes
2026-10-05T04:40:53.819761Z,KXBTC15M-26OCT050045-45,0.0190,10.00,yes
2026-10-05T04:40:53.819761Z,KXBTC15M-26OCT050045-45,0.0190,47.75,yes
2026-10-05T04:40:53.836629Z,KXBTC15M-26OCT050045-45,0.0190,48.26,yes
2026-10-05T04:40:53.905017Z,KXBTC15M-26OCT050045-45,0.0190,316.56,yes
2026-10-05T04:40:53.905017Z,KXBTC15M-26OCT050045-45,0.0190,171.01,yes
2026-10-05T04:40:54.13567Z,KXBTC15M-26OCT050045-45,0.0190,3.29,yes
2026-10-05T04:40:54.170822Z,KXBTC15M-26OCT050045-45,0.0190,26.87,yes
2026-10-05T04:40:54.25295Z,KXBTC15M-26OCT050045-45,0.0190,1.83,yes
2026-10-05T04:40:54.390543Z,KXBTC15M-26OCT050045-45,0.0180,6.67,no
2026-10-05T04:40:54.426467Z,KXBTC15M-26OCT050045-45,0.0180,2.54,no
2026-10-05T04:40:54.451803Z,KXBTC15M-26OCT050045-45,0.0190,1.68,yes
2026-10-05T04:40:54.467384Z,KXBTC15M-26OCT050045-45,0.0190,48.26,yes
2026-10-05T04:40:54.605332Z,KXBTC15M-26OCT050045-45,0.0190,1.04,yes
2026-10-05T04:40:54.634625Z,KXBTC15M-26OCT050045-45,0.0190,1.00,yes
2026-10-05T04:40:54.634625Z,KXBTC15M-26OCT050045-45,0.0190,32.78,yes
2026-10-05T04:40:54.634625Z,KXBTC15M-26OCT050045-45,0.0190,15.00,yes
2026-10-05T04:40:54.634625Z,KXBTC15M-26OCT050045-45,0.0190,0.47,yes
2026-10-05T04:40:54.64544Z,KXBTC15M-26OCT050045-45,0.0180,0.01,no
2026-10-05T04:40:54.64544Z,KXBTC15M-26OCT050045-45,0.0180,0.01,no
2026-10-05T04:40:54.64544Z,KXBTC15M-26OCT050045-45,0.0180,2.79,no
2026-10-05T04:40:54.64544Z,KXBTC15M-26OCT050045-45,0.0180,30.91,no
2026-10-05T04:40:54.64544Z,KXBTC15M-26OCT050045-45,0.0180,0.10,no
2026-10-05T04:40:54.889432Z,KXBTC15M-26OCT050045-45,0.0190,5.25,yes
2026-10-05T04:40:55.13013Z,KXBTC15M-26OCT050045-45,0.0190,4.75,yes
2026-10-05T04:40:55.13013Z,KXBTC15M-26OCT050045-45,0.0190,50.00,yes
2026-10-05T04:40:55.13013Z,KXBTC15M-26OCT050045-45,0.0190,33.25,yes
2026-10-05T04:40:55.346898Z,KXBTC15M-26OCT050045-45,0.0190,56.75,yes
2026-10-05T04:40:55.346898Z,KXBTC15M-26OCT050045-45,0.0190,41.74,yes
2026-10-05T04:40:55.391965Z,KXBTC15M-26OCT050045-45,0.0180,0.01,no
2026-10-05T04:40:55.391965Z,KXBTC15M-26OCT050045-45,0.0180,8.96,no
2026-10-05T04:40:55.391965Z,KXBTC15M-26OCT050045-45,0.0180,0.01,no
2026-10-05T04:40:55.457188Z,KXBTC15M-26OCT050045-45,0.0180,91.57,no
2026-10-05T04:40:55.457188Z,KXBTC15M-26OCT050045-45,0.0180,6.04,no
2026-10-05T04:40:55.526872Z,KXBTC15M-26OCT050045-45,0.0180,0.01,no
2026-10-05T04:40:55.526872Z,KXBTC15M-26OCT050045-45,0.0180,0.01,no
2026-10-05T04:40:55.526872Z,KXBTC15M-26OCT050045-45,0.0170,9.74,no
2026-10-05T04:40:55.554314Z,KXBTC15M-26OCT050045-45,0.0170,2.03,no
2026-10-05T04:40:55.587429Z,KXBTC15M-26OCT050045-45,0.0180,0.10,yes
2026-10-05T04:40:55.587429Z,KXBTC15M-26OCT050045-45,0.0180,66.37,yes
2026-10-05T04:40:55.587429Z,KXBTC15M-26OCT050045-45,0.0180,0.01,yes
2026-10-05T04:40:55.587429Z,KXBTC15M-26OCT050045-45,0.0180,0.01,yes
2026-10-05T04:40:55.587429Z,KXBTC15M-26OCT050045-45,0.0180,17.00,yes
2026-10-05T04:40:55.587429Z,KXBTC15M-26OCT050045-45,0.0180,15.00,yes
2026-10-05T04:40:55.694687Z,KXBTC15M-26OCT050045-45,0.0180,129.76,yes
2026-10-05T04:40:55.91174Z,KXBTC15M-26OCT050045-45,0.0180,10.18,yes
2026-10-05T04:40:55.919798Z,KXBTC15M-26OCT050045-45,0.0180,49.25,yes
2026-10-05T04:40:55.96136Z,KXBTC15M-26OCT050045-45,0.0180,46.98,yes
2026-10-05T04:40:56.225091Z,KXBTC15M-26OCT050045-45,0.0180,25.00,yes
2026-10-05T04:40:56.27356Z,KXBTC15M-26OCT050045-45,0.0170,0.02,no
2026-10-05T04:40:56.294672Z,KXBTC15M-26OCT050045-45,0.0170,0.02,no
2026-10-05T04:40:56.299121Z,KXBTC15M-26OCT050045-45,0.0190,10.00,yes
2026-10-05T04:40:56.299121Z,KXBTC15M-26OCT050045-45,0.0180,17.00,yes
2026-10-05T04:40:56.299121Z,KXBTC15M-26OCT050045-45,0.0180,50.00,yes
2026-10-05T04:40:56.299121Z,KXBTC15M-26OCT050045-45,0.0180,10.00,yes
2026-10-05T04:40:56.299121Z,KXBTC15M-26OCT050045-45,0.0190,35.00,yes
2026-10-05T04:40:56.299121Z,KXBTC15M-26OCT050045-45,0.0180,126.00,yes
2026-10-05T04:40:56.299121Z,KXBTC15M-26OCT050045-45,0.0180,15.00,yes
2026-10-05T04:40:56.299121Z,KXBTC15M-26OCT050045-45,0.0180,15.00,yes
2026-10-05T04:40:56.299121Z,KXBTC15M-26OCT050045-45,0.0180,0.01,yes
2026-10-05T04:40:56.299121Z,KXBTC15M-26OCT050045-45,0.0180,0.01,yes
2026-10-05T04:40:56.299121Z,KXBTC15M-26OCT050045-45,0.0180,72.46,yes
2026-10-05T04:40:56.299121Z,KXBTC15M-26OCT050045-45,0.0190,90.00,yes
2026-10-05T04:40:56.299121Z,KXBTC15M-26OCT050045-45,0.0180,2.00,yes
2026-10-05T04:40:56.299121Z,KXBTC15M-26OCT050045-45,0.0180,2.00,yes
2026-10-05T04:40:56.299121Z,KXBTC15M-26OCT050045-45,0.0190,74.27,yes
2026-10-05T04:40:56.299121Z,KXBTC15M-26OCT050045-45,0.0180,500.00,yes
2026-10-05T04:40:56.299121Z,KXBTC15M-26OCT050045-45,0.0180,1.00,yes
2026-10-05T04:40:56.299121Z,KXBTC15M-26OCT050045-45,0.0190,140.00,yes
2026-10-05T04:40:56.385726Z,KXBTC15M-26OCT050045-45,0.0180,11.51,yes
2026-10-05T04:40:56.417169Z,KXBTC15M-26OCT050045-45,0.0180,5.49,yes
2026-10-05T04:40:56.417169Z,KXBTC15M-26OCT050045-45,0.0180,49.00,yes
2026-10-05T04:40:56.417169Z,KXBTC15M-26OCT050045-45,0.0180,121.47,yes
2026-10-05T04:40:56.417169Z,KXBTC15M-26OCT050045-45,0.0180,0.01,yes
2026-10-05T04:40:56.417169Z,KXBTC15M-26OCT050045-45,0.0180,0.01,yes
2026-10-05T04:40:56.417169Z,KXBTC15M-26OCT050045-45,0.0180,15.00,yes
2026-10-05T04:40:56.417169Z,KXBTC15M-26OCT050045-45,0.0180,39.00,yes
2026-10-05T04:40:56.417169Z,KXBTC15M-26OCT050045-45,0.0180,243.62,yes
2026-10-05T04:40:56.441395Z,KXBTC15M-26OCT050045-45,0.0180,7.05,yes
2026-10-05T04:40:56.442675Z,KXBTC15M-26OCT050045-45,0.0180,259.91,yes
2026-10-05T04:40:56.488582Z,KXBTC15M-26OCT050045-45,0.0180,15.00,yes
2026-10-05T04:40:56.488582Z,KXBTC15M-26OCT050045-45,0.0190,64.72,yes
2026-10-05T04:40:56.488582Z,KXBTC15M-26OCT050045-45,0.0180,11.57,yes
2026-10-05T04:40:56.488582Z,KXBTC15M-26OCT050045-45,0.0180,10.00,yes
2026-10-05T04:40:56.488595Z,KXBTC15M-26OCT050045-45,0.0190,20.04,yes
2026-10-05T04:40:56.499509Z,KXBTC15M-26OCT050045-45,0.0180,86.11,no
2026-10-05T04:40:56.499509Z,KXBTC15M-26OCT050045-45,0.0180,150.00,no
2026-10-05T04:40:56.499509Z,KXBTC15M-26OCT050045-45,0.0180,150.00,no
2026-10-05T04:40:56.554886Z,KXBTC15M-26OCT050045-45,0.0190,9.30,yes
2026-10-05T04:40:56.556012Z,KXBTC15M-26OCT050045-45,0.0180,0.01,no
2026-10-05T04:40:56.556012Z,KXBTC15M-26OCT050045-45,0.0180,115.84,no
2026-10-05T04:40:56.556012Z,KXBTC15M-26OCT050045-45,0.0180,150.00,no
2026-10-05T04:40:56.556012Z,KXBTC15M-26OCT050045-45,0.0180,0.01,no
2026-10-05T04:40:56.556012Z,KXBTC15M-26OCT050045-45,0.0180,150.00,no
2026-10-05T04:40:56.556012Z,KXBTC15M-26OCT050045-45,0.0180,63.89,no
2026-10-05T04:40:56.556012Z,KXBTC15M-26OCT050045-45,0.0180,150.00,no
2026-10-05T04:40:56.556012Z,KXBTC15M-26OCT050045-45,0.0180,0.10,no
2026-10-05T04:40:56.556012Z,KXBTC15M-26OCT050045-45,0.0180,4.00,no
2026-10-05T04:40:56.663478Z,KXBTC15M-26OCT050045-45,0.0190,5.70,yes
2026-10-05T04:40:56.663478Z,KXBTC15M-26OCT050045-45,0.0190,277.80,yes
2026-10-05T04:40:56.663478Z,KXBTC15M-26OCT050045-45,0.0190,64.00,yes
2026-10-05T04:40:56.738132Z,KXBTC15M-26OCT050045-45,0.0190,5.08,yes
2026-10-05T04:40:56.967806Z,KXBTC15M-26OCT050045-45,0.0180,0.01,no
2026-10-05T04:40:56.967806Z,KXBTC15M-26OCT050045-45,0.0180,58.91,no
2026-10-05T04:40:56.967806Z,KXBTC15M-26OCT050045-45,0.0180,0.01,no
2026-10-05T04:40:57.02196Z,KXBTC15M-26OCT050045-45,0.0190,12.00,yes
2026-10-05T04:40:57.113324Z,KXBTC15M-26OCT050045-45,0.0190,500.00,yes
2026-10-05T04:40:57.113324Z,KXBTC15M-26OCT050045-45,0.0190,105.12,yes
2026-10-05T04:40:57.113324Z,KXBTC15M-26OCT050045-45,0.0190,13.00,yes
2026-10-05T04:40:57.113324Z,KXBTC15M-26OCT050045-45,0.0190,200.00,yes
2026-10-05T04:40:57.113324Z,KXBTC15M-26OCT050045-45,0.0190,0.01,yes
2026-10-05T04:40:57.113324Z,KXBTC15M-26OCT050045-45,0.0190,14.00,yes
2026-10-05T04:40:57.113324Z,KXBTC15M-26OCT050045-45,0.0190,0.01,yes
2026-10-05T04:40:57.113324Z,KXBTC15M-26OCT050045-45,0.0190,1.00,yes
2026-10-05T04:40:57.113324Z,KXBTC15M-26OCT050045-45,0.0190,10.00,yes
2026-10-05T04:40:57.113324Z,KXBTC15M-26OCT050045-45,0.0190,931.00,yes
2026-10-05T04:40:57.113324Z,KXBTC15M-26OCT050045-45,0.0190,50.00,yes
2026-10-05T04:40:57.173226Z,KXBTC15M-26OCT050045-45,0.0190,0.01,yes
2026-10-05T04:40:57.173226Z,KXBTC15M-26OCT050045-45,0.0190,0.01,yes
2026-10-05T04:40:57.173226Z,KXBTC15M-26OCT050045-45,0.0190,73.59,yes
2026-10-05T04:40:57.173226Z,KXBTC15M-26OCT050045-45,0.0190,13.00,yes
2026-10-05T04:40:57.17786Z,KXBTC15M-26OCT050045-45,0.0190,65.00,yes
2026-10-05T04:40:57.213315Z,KXBTC15M-26OCT050045-45,0.0190,4.92,yes
2026-10-05T04:40:57.219994Z,KXBTC15M-26OCT050045-45,0.0180,344.30,no
2026-10-05T04:40:57.219994Z,KXBTC15M-26OCT050045-45,0.0180,1.00,no
2026-10-05T04:40:57.219994Z,KXBTC15M-26OCT050045-45,0.0180,0.01,no
2026-10-05T04:40:57.219994Z,KXBTC15M-26OCT050045-45,0.0180,15.00,no
2026-10-05T04:40:57.219994Z,KXBTC15M-26OCT050045-45,0.0180,0.01,no
2026-10-05T04:40:57.219994Z,KXBTC15M-26OCT050045-45,0.0180,73.91,no
2026-10-05T04:40:57.228514Z,KXBTC15M-26OCT050045-45,0.0190,30.45,yes
2026-10-05T04:40:57.378657Z,KXBTC15M-26OCT050045-45,0.0190,134.00,yes
2026-10-05T04:40:57.418326Z,KXBTC15M-26OCT050045-45,0.0190,5.82,yes
2026-10-05T04:40:57.453342Z,KXBTC15M-26OCT050045-45,0.0190,86.22,yes
2026-10-05T04:40:57.453342Z,KXBTC15M-26OCT050045-45,0.0190,1.00,yes
2026-10-05T04:40:57.453342Z,KXBTC15M-26OCT050045-45,0.0190,25.06,yes
2026-10-05T04:40:57.461255Z,KXBTC15M-26OCT050045-45,0.0190,98.49,yes
2026-10-05T04:40:57.530837Z,KXBTC15M-26OCT050045-45,0.0190,310.76,yes
2026-10-05T04:40:57.530837Z,KXBTC15M-26OCT050045-45,0.0190,10.00,yes
2026-10-05T04:40:57.530837Z,KXBTC15M-26OCT050045-45,0.0190,0.01,yes
2026-10-05T04:40:57.530837Z,KXBTC15M-26OCT050045-45,0.0190,13.00,yes
2026-10-05T04:40:57.530837Z,KXBTC15M-26OCT050045-45,0.0190,0.01,yes
2026-10-05T04:40:57.530837Z,KXBTC15M-26OCT050045-45,0.0190,77.11,yes
2026-10-05T04:40:57.530837Z,KXBTC15M-26OCT050045-45,0.0190,76.45,yes
2026-10-05T04:40:57.530837Z,KXBTC15M-26OCT050045-45,0.0190,15.00,yes
2026-10-05T04:40:57.662421Z,KXBTC15M-26OCT050045-45,0.0190,98.49,yes
2026-10-05T04:40:57.741307Z,KXBTC15M-26OCT050045-45,0.0190,93.57,yes
2026-10-05T04:40:57.776347Z,KXBTC15M-26OCT050045-45,0.0180,26.38,no
2026-10-05T04:40:57.816063Z,KXBTC15M-26OCT050045-45,0.0190,37.93,yes
2026-10-05T04:40:57.824314Z,KXBTC15M-26OCT050045-45,0.0190,48.26,yes
2026-10-05T04:40:57.829251Z,KXBTC15M-26OCT050045-45,0.0190,144.64,yes
2026-10-05T04:40:57.829251Z,KXBTC15M-26OCT050045-45,0.0190,96.68,yes
2026-10-05T04:40:57.853813Z,KXBTC15M-26OCT050045-45,0.0190,48.26,yes
2026-10-05T04:40:57.883869Z,KXBTC15M-26OCT050045-45,0.0190,48.26,yes
2026-10-05T04:40:57.964722Z,KXBTC15M-26OCT050045-45,0.0190,3.56,yes
2026-10-05T04:40:57.967639Z,KXBTC15M-26OCT050045-45,0.0190,117.72,yes
2026-10-05T04:40:57.996821Z,KXBTC15M-26OCT050045-45,0.0190,85.52,yes
2026-10-05T04:40:57.996821Z,KXBTC15M-26OCT050045-45,0.0190,1.00,yes
2026-10-05T04:40:57.996821Z,KXBTC15M-26OCT050045-45,0.0190,11.97,yes
2026-10-05T04:40:57.999085Z,KXBTC15M-26OCT050045-45,0.0190,1.03,yes
2026-10-05T04:40:57.999085Z,KXBTC15M-26OCT050045-45,0.0190,7.86,yes
2026-10-05T04:40:57.999085Z,KXBTC15M-26OCT050045-45,0.0190,200.00,yes
2026-10-05T04:40:58.009116Z,KXBTC15M-26OCT050045-45,0.0180,45.60,no
2026-10-05T04:40:58.034521Z,KXBTC15M-26OCT050045-45,0.0190,0.83,yes
2026-10-05T04:40:58.108021Z,KXBTC15M-26OCT050045-45,0.0180,67.37,no
2026-10-05T04:40:58.129396Z,KXBTC15M-26OCT050045-45,0.0190,11.25,yes
2026-10-05T04:40:58.165802Z,KXBTC15M-26OCT050045-45,0.0190,19.12,yes
2026-10-05T04:40:58.293329Z,KXBTC15M-26OCT050045-45,0.0190,196.99,yes
2026-10-05T04:40:58.382046Z,KXBTC15M-26OCT050045-45,0.0180,10.00,no
2026-10-05T04:40:58.529268Z,KXBTC15M-26OCT050045-45,0.0190,33.00,yes
2026-10-05T04:40:58.623685Z,KXBTC15M-26OCT050045-45,0.0190,36.20,yes
2026-10-05T04:40:58.668036Z,KXBTC15M-26OCT050045-45,0.0190,75.00,yes
2026-10-05T04:40:58.668036Z,KXBTC15M-26OCT050045-45,0.0190,6.23,yes
2026-10-05T04:40:58.668036Z,KXBTC15M-26OCT050045-45,0.0190,146.09,yes
2026-10-05T04:40:58.668036Z,KXBTC15M-26OCT050045-45,0.0190,1.03,yes
2026-10-05T04:40:58.668036Z,KXBTC15M-26OCT050045-45,0.0190,11.97,yes
2026-10-05T04:40:58.668036Z,KXBTC15M-26OCT050045-45,0.0190,1.00,yes
2026-10-05T04:40:58.743056Z,KXBTC15M-26OCT050045-45,0.0190,49.25,yes
2026-10-05T04:40:58.850263Z,KXBTC15M-26OCT050045-45,0.0190,48.26,yes
2026-10-05T04:40:58.890821Z,KXBTC15M-26OCT050045-45,0.0190,48.26,yes
2026-10-05T04:40:58.930571Z,KXBTC15M-26OCT050045-45,0.0190,59.78,yes
2026-10-05T04:40:58.933451Z,KXBTC15M-26OCT050045-45,0.0190,101.96,yes
2026-10-05T04:40:58.933451Z,KXBTC15M-26OCT050045-45,0.0190,90.00,yes
2026-10-05T04:40:58.933451Z,KXBTC15M-26OCT050045-45,0.0190,48.36,yes
2026-10-05T04:40:58.933451Z,KXBTC15M-26OCT050045-45,0.0190,1.00,yes
2026-10-05T04:40:58.981478Z,KXBTC15M-26OCT050045-45,0.0190,12.38,yes
2026-10-05T04:40:58.981478Z,KXBTC15M-26OCT050045-45,0.0190,13.00,yes
2026-10-05T04:40:59.016378Z,KXBTC15M-26OCT050045-45,0.0190,21.62,yes
2026-10-05T04:40:59.016378Z,KXBTC15M-26OCT050045-45,0.0190,13.00,yes
2026-10-05T04:40:59.016378Z,KXBTC15M-26OCT050045-45,0.0190,400.00,yes
2026-10-05T04:40:59.016378Z,KXBTC15M-26OCT050045-45,0.0190,1.00,yes
2026-10-05T04:40:59.016378Z,KXBTC15M-26OCT050045-45,0.0190,7.53,yes
2026-10-05T04:40:59.104451Z,KXBTC15M-26OCT050045-45,0.0180,62.92,no
2026-10-05T04:40:59.144987Z,KXBTC15M-26OCT050045-45,0.0190,48.26,yes
2026-10-05T04:40:59.165153Z,KXBTC15M-26OCT050045-45,0.0190,37.91,yes
2026-10-05T04:40:59.186712Z,KXBTC15M-26OCT050045-45,0.0190,98.49,yes
2026-10-05T04:40:59.189843Z,KXBTC15M-26OCT050045-45,0.0190,5.68,yes
2026-10-05T04:40:59.267035Z,KXBTC15M-26OCT050045-45,0.0190,19.48,yes
2026-10-05T04:40:59.267035Z,KXBTC15M-26OCT050045-45,0.0190,2.13,yes
2026-10-05T04:40:59.304935Z,KXBTC15M-26OCT050045-45,0.0190,48.26,yes
2026-10-05T04:40:59.476001Z,KXBTC15M-26OCT050045-45,0.0190,50.00,yes
2026-10-05T04:40:59.476001Z,KXBTC15M-26OCT050045-45,0.0190,8.47,yes
2026-10-05T04:40:59.476001Z,KXBTC15M-26OCT050045-45,0.0190,22.26,yes
2026-10-05T04:40:59.483365Z,KXBTC15M-26OCT050045-45,0.0180,0.01,no
2026-10-05T04:40:59.483365Z,KXBTC15M-26OCT050045-45,0.0180,0.01,no
2026-10-05T04:40:59.483365Z,KXBTC15M-26OCT050045-45,0.0180,25.16,no
2026-10-05T04:40:59.483365Z,KXBTC15M-26OCT050045-45,0.0180,88.82,no
2026-10-05T04:40:59.483365Z,KXBTC15M-26OCT050045-45,0.0180,1.00,no
2026-10-05T04:40:59.599139Z,KXBTC15M-26OCT050045-45,0.0190,4.53,yes
2026-10-05T04:40:59.599139Z,KXBTC15M-26OCT050045-45,0.0190,236.79,yes
2026-10-05T04:40:59.658867Z,KXBTC15M-26OCT050045-45,0.0190,0.49,yes
2026-10-05T04:40:59.698633Z,KXBTC15M-26OCT050045-45,0.0190,162.72,yes
2026-10-05T04:40:59.698633Z,KXBTC15M-26OCT050045-45,0.0190,1.00,yes
2026-10-05T04:40:59.698633Z,KXBTC15M-26OCT050045-45,0.0190,0.48,yes
2026-10-05T04:40:59.764849Z,KXBTC15M-26OCT050045-45,0.0180,11.18,no
2026-10-05T04:40:59.833417Z,KXBTC15M-26OCT050045-45,0.0190,1.00,yes
2026-10-05T04:40:59.833417Z,KXBTC15M-26OCT050045-45,0.0190,0.01,yes
2026-10-05T04:40:59.833417Z,KXBTC15M-26OCT050045-45,0.0190,8.47,yes
2026-10-05T04:40:59.833417Z,KXBTC15M-26OCT050045-45,0.0190,199.52,yes
2026-10-05T04:40:59.833417Z,KXBTC15M-26OCT050045-45,0.0190,0.01,yes
2026-10-05T04:40:59.833417Z,KXBTC15M-26OCT050045-45,0.0190,174.57,yes
2026-10-05T04:40:59.865936Z,KXBTC15M-26OCT050045-45,0.0190,4.53,yes
2026-10-05T04:40:59.865936Z,KXBTC15M-26OCT050045-45,0.0190,33.53,yes
2026-10-05T04:40:59.865936Z,KXBTC15M-26OCT050045-45,0.0190,35.00,yes
2026-10-05T04:40:59.865936Z,KXBTC15M-26OCT050045-45,0.0190,25.43,yes
2026-10-05T04:40:59.919339Z,KXBTC15M-26OCT050045-45,0.0190,48.26,yes
2026-10-05T04:40:59.93719Z,KXBTC15M-26OCT050045-45,0.0190,48.26,yes
2026-10-05T04:40:59.981994Z,KXBTC15M-26OCT050045-45,0.0180,186.09,no
2026-10-05T04:40:59.982408Z,KXBTC15M-26OCT050045-45,0.0190,269.95,yes
2026-10-05T04:40:59.982408Z,KXBTC15M-26OCT050045-45,0.0190,1.00,yes
2026-10-05T04:40:59.982408Z,KXBTC15M-26OCT050045-45,0.0190,3.22,yes
2026-10-05T04:40:59.982408Z,KXBTC15M-26OCT050045-45,0.0190,200.00,yes
2026-10-05T04:40:59.982408Z,KXBTC15M-26OCT050045-45,0.0190,8.47,yes
2026-10-05T04:40:59.988631Z,KXBTC15M-26OCT050045-45,0.0180,20.34,no
2026-10-05T04:41:00.013871Z,KXBTC15M-26OCT050045-45,0.0190,467.00,no
2026-10-05T04:41:00.021766Z,KXBTC15M-26OCT050045-45,0.0190,50.00,no
2026-10-05T04:41:00.063659Z,KXBTC15M-26OCT050045-45,0.0190,30.57,no
2026-10-05T04:41:00.241128Z,KXBTC15M-26OCT050045-45,0.0190,700.00,no
2026-10-05T04:41:00.366299Z,KXBTC15M-26OCT050045-45,0.0200,29.79,yes
2026-10-05T04:41:00.366299Z,KXBTC15M-26OCT050045-45,0.0200,17.00,yes
2026-10-05T04:41:00.489733Z,KXBTC15M-26OCT050045-45,0.0190,211.49,no
2026-10-05T04:41:00.592869Z,KXBTC15M-26OCT050045-45,0.0200,5.42,yes
2026-10-05T04:41:00.648129Z,KXBTC15M-26OCT050045-45,0.0190,0.20,no
2026-10-05T04:41:00.662624Z,KXBTC15M-26OCT050045-45,0.0190,110.20,no
2026-10-05T04:41:00.760431Z,KXBTC15M-26OCT050045-45,0.0200,17.00,yes
2026-10-05T04:41:00.760431Z,KXBTC15M-26OCT050045-45,0.0200,14.79,yes
2026-10-05T04:41:00.760431Z,KXBTC15M-26OCT050045-45,0.0200,15.00,yes
2026-10-05T04:41:00.788785Z,KXBTC15M-26OCT050045-45,0.0190,125.00,no
2026-10-05T04:41:00.798119Z,KXBTC15M-26OCT050045-45,0.0190,12.29,no
2026-10-05T04:41:00.84535Z,KXBTC15M-26OCT050045-45,0.0200,6.24,yes
2026-10-05T04:41:00.900248Z,KXBTC15M-26OCT050045-45,0.0180,131.23,no
2026-10-05T04:41:00.900248Z,KXBTC15M-26OCT050045-45,0.0180,15.00,no
2026-10-05T04:41:00.900248Z,KXBTC15M-26OCT050045-45,0.0180,4.00,no
2026-10-05T04:41:00.900248Z,KXBTC15M-26OCT050045-45,0.0190,1.00,no
2026-10-05T04:41:00.900248Z,KXBTC15M-26OCT050045-45,0.0180,15.00,no
2026-10-05T04:41:00.900248Z,KXBTC15M-26OCT050045-45,0.0190,1434.25,no
2026-10-05T04:41:00.900248Z,KXBTC15M-26OCT050045-45,0.0190,0.01,no
2026-10-05T04:41:00.900248Z,KXBTC15M-26OCT050045-45,0.0180,394.00,no
2026-10-05T04:41:00.900248Z,KXBTC15M-26OCT050045-45,0.0190,0.01,no
2026-10-05T04:41:00.901788Z,KXBTC15M-26OCT050045-45,0.0170,0.02,no
2026-10-05T04:41:00.969488Z,KXBTC15M-26OCT050045-45,0.0180,13.79,yes
2026-10-05T04:41:01.030877Z,KXBTC15M-26OCT050045-45,0.0170,74.00,no
2026-10-05T04:41:01.134372Z,KXBTC15M-26OCT050045-45,0.0180,46.79,yes
2026-10-05T04:41:01.179016Z,KXBTC15M-26OCT050045-45,0.0180,935.80,yes
2026-10-05T04:41:01.189348Z,KXBTC15M-26OCT050045-45,0.0170,74.00,no
2026-10-05T04:41:01.207968Z,KXBTC15M-26OCT050045-45,0.0180,29.02,yes
2026-10-05T04:41:01.233518Z,KXBTC15M-26OCT050045-45,0.0180,93.58,yes
2026-10-05T04:41:01.32407Z,KXBTC15M-26OCT050045-45,0.0180,1.10,yes
2026-10-05T04:41:01.326103Z,KXBTC15M-26OCT050045-45,0.0180,18.57,yes
2026-10-05T04:41:01.364641Z,KXBTC15M-26OCT050045-45,0.0180,1.12,yes
2026-10-05T04:41:01.513086Z,KXBTC15M-26OCT050045-45,0.0180,103.96,yes
2026-10-05T04:41:01.526845Z,KXBTC15M-26OCT050045-45,0.0180,1.10,yes
2026-10-05T04:41:01.549965Z,KXBTC15M-26OCT050045-45,0.0180,20.79,yes
2026-10-05T04:41:01.725928Z,KXBTC15M-26OCT050045-45,0.0170,15.00,no
2026-10-05T04:41:01.725928Z,KXBTC15M-26OCT050045-45,0.0170,11.81,no
2026-10-05T04:41:01.725928Z,KXBTC15M-26OCT050045-45,0.0170,473.19,no
2026-10-05T04:41:01.777795Z,KXBTC15M-26OCT050045-45,0.0180,64.00,yes
2026-10-05T04:41:01.885075Z,KXBTC15M-26OCT050045-45,0.0180,233.95,yes
2026-10-05T04:41:01.892335Z,KXBTC15M-26OCT050045-45,0.0180,103.96,yes
2026-10-05T04:41:01.922726Z,KXBTC15M-26OCT050045-45,0.0180,183.71,yes
2026-10-05T04:41:01.922726Z,KXBTC15M-26OCT050045-45,0.0180,76.20,yes
2026-10-05T04:41:01.93389Z,KXBTC15M-26OCT050045-45,0.0180,183.39,yes
2026-10-05T04:41:01.996597Z,KXBTC15M-26OCT050045-45,0.0170,0.32,no
2026-10-05T04:41:02.036285Z,KXBTC15M-26OCT050045-45,0.0180,10.00,yes
2026-10-05T04:41:02.036285Z,KXBTC15M-26OCT050045-45,0.0180,38.96,yes
2026-10-05T04:41:02.036285Z,KXBTC15M-26OCT050045-45,0.0180,15.00,yes
2026-10-05T04:41:02.040167Z,KXBTC15M-26OCT050045-45,0.0180,51.98,yes
2026-10-05T04:41:02.076943Z,KXBTC15M-26OCT050045-45,0.0180,150.85,yes
2026-10-05T04:41:02.076943Z,KXBTC15M-26OCT050045-45,0.0180,109.06,yes
2026-10-05T04:41:02.152318Z,KXBTC15M-26OCT050045-45,0.0170,2.00,no
2026-10-05T04:41:02.375081Z,KXBTC15M-26OCT050045-45,0.0180,0.51,yes
2026-10-05T04:41:02.399329Z,KXBTC15M-26OCT050045-45,0.0180,122.83,yes
2026-10-05T04:41:02.432616Z,KXBTC15M-26OCT050045-45,0.0180,51.98,yes
2026-10-05T04:41:02.457721Z,KXBTC15M-26OCT050045-45,0.0180,37.00,yes
2026-10-05T04:41:02.457721Z,KXBTC15M-26OCT050045-45,0.0180,73.83,yes
2026-10-05T04:41:02.457721Z,KXBTC15M-26OCT050045-45,0.0180,0.01,yes
2026-10-05T04:41:02.457721Z,KXBTC15M-26OCT050045-45,0.0180,245.80,yes
2026-10-05T04:41:02.457721Z,KXBTC15M-26OCT050045-45,0.0180,0.01,yes
2026-10-05T04:41:02.479326Z,KXBTC15M-26OCT050045-45,0.0180,26.03,yes
2026-10-05T04:41:02.479392Z,KXBTC15M-26OCT050045-45,0.0170,15.00,no
2026-10-05T04:41:02.479392Z,KXBTC15M-26OCT050045-45,0.0170,0.87,no
2026-10-05T04:41:02.479392Z,KXBTC15M-26OCT050045-45,0.0170,15.00,no
2026-10-05T04:41:02.479392Z,KXBTC15M-26OCT050045-45,0.0170,15.00,no
2026-10-05T04:41:02.479392Z,KXBTC15M-26OCT050045-45,0.0170,15.00,no
2026-10-05T04:41:02.479392Z,KXBTC15M-26OCT050045-45,0.0170,5.73,no
2026-10-05T04:41:02.7235Z,KXBTC15M-26OCT050045-45,0.0180,5.16,yes
2026-10-05T04:41:02.785641Z,KXBTC15M-26OCT050045-45,0.0180,103.96,yes
2026-10-05T04:41:02.807426Z,KXBTC15M-26OCT050045-45,0.0170,9.27,no
2026-10-05T04:41:02.807426Z,KXBTC15M-26OCT050045-45,0.0170,1.00,no
2026-10-05T04:41:02.807426Z,KXBTC15M-26OCT050045-45,0.0170,44.71,no
2026-10-05T04:41:02.807426Z,KXBTC15M-26OCT050045-45,0.0170,0.01,no
2026-10-05T04:41:02.807426Z,KXBTC15M-26OCT050045-45,0.0170,0.01,no
2026-10-05T04:41:02.819883Z,KXBTC15M-26OCT050045-45,0.0180,259.91,yes
2026-10-05T04:41:02.822532Z,KXBTC15M-26OCT050045-45,0.0180,103.96,yes
2026-10-05T04:41:02.841911Z,KXBTC15M-26OCT050045-45,0.0180,51.98,yes
2026-10-05T04:41:02.847976Z,KXBTC15M-26OCT050045-45,0.0180,6.00,yes
2026-10-05T04:41:02.887291Z,KXBTC15M-26OCT050045-45,0.0180,4.00,yes
2026-10-05T04:41:02.939923Z,KXBTC15M-26OCT050045-45,0.0180,27.31,yes
2026-10-05T04:41:02.983617Z,KXBTC15M-26OCT050045-45,0.0180,51.98,yes
2026-10-05T04:41:03.00997Z,KXBTC15M-26OCT050045-45,0.0180,52.22,yes
2026-10-05T04:41:03.105877Z,KXBTC15M-26OCT050045-45,0.0170,67.00,no
2026-10-05T04:41:03.324645Z,KXBTC15M-26OCT050045-45,0.0180,10.91,yes
2026-10-05T04:41:03.466568Z,KXBTC15M-26OCT050045-45,0.0180,20.80,yes
2026-10-05T04:41:03.507558Z,KXBTC15M-26OCT050045-45,0.0180,1.00,yes
2026-10-05T04:41:03.507558Z,KXBTC15M-26OCT050045-45,0.0180,1.00,yes
2026-10-05T04:41:03.507558Z,KXBTC15M-26OCT050045-45,0.0180,81.76,yes
2026-10-05T04:41:03.507558Z,KXBTC15M-26OCT050045-45,0.0180,436.06,yes
2026-10-05T04:41:03.921895Z,KXBTC15M-26OCT050045-45,0.0180,25.99,yes
2026-10-05T04:41:04.036933Z,KXBTC15M-26OCT050045-45,0.0180,70.07,yes
2026-10-05T04:41:04.036933Z,KXBTC15M-26OCT050045-45,0.0180,101.93,yes
2026-10-05T04:41:04.199786Z,KXBTC15M-26OCT050045-45,0.0180,4.93,yes
2026-10-05T04:41:04.199786Z,KXBTC15M-26OCT050045-45,0.0180,254.98,yes
2026-10-05T04:41:04.200777Z,KXBTC15M-26OCT050045-45,0.0180,50.00,yes
2026-10-05T04:41:04.200777Z,KXBTC15M-26OCT050045-45,0.0180,245.02,yes
2026-10-05T04:41:04.200777Z,KXBTC15M-26OCT050045-45,0.0180,15.00,yes
2026-10-05T04:41:04.200777Z,KXBTC15M-26OCT050045-45,0.0180,90.00,yes
2026-10-05T04:41:04.200777Z,KXBTC15M-26OCT050045-45,0.0180,202.44,yes
2026-10-05T04:41:04.209567Z,KXBTC15M-26OCT050045-45,0.0180,3.06,yes
2026-10-05T04:41:04.231598Z,KXBTC15M-26OCT050045-45,0.0170,2.03,no
2026-10-05T04:41:04.280853Z,KXBTC15M-26OCT050045-45,0.0180,103.96,yes
2026-10-05T04:41:04.346846Z,KXBTC15M-26OCT050045-45,0.0170,0.10,no
2026-10-05T04:41:04.346846Z,KXBTC15M-26OCT050045-45,0.0170,15.00,no
2026-10-05T04:41:04.346846Z,KXBTC15M-26OCT050045-45,0.0170,225.63,no
2026-10-05T04:41:04.346846Z,KXBTC15M-26OCT050045-45,0.0170,0.01,no
2026-10-05T04:41:04.346846Z,KXBTC15M-26OCT050045-45,0.0170,15.00,no
2026-10-05T04:41:04.346846Z,KXBTC15M-26OCT050045-45,0.0170,0.01,no
2026-10-05T04:41:04.346846Z,KXBTC15M-26OCT050045-45,0.0170,45.25,no
2026-10-05T04:41:04.635767Z,KXBTC15M-26OCT050045-45,0.0170,60.43,no
2026-10-05T04:41:05.157884Z,KXBTC15M-26OCT050045-45,0.0170,58.55,no
2026-10-05T04:41:05.275311Z,KXBTC15M-26OCT050045-45,0.0170,10.50,no
2026-10-05T04:41:05.310945Z,KXBTC15M-26OCT050045-45,0.0180,28.44,yes
2026-10-05T04:41:05.310945Z,KXBTC15M-26OCT050045-45,0.0180,0.01,yes
2026-10-05T04:41:05.310945Z,KXBTC15M-26OCT050045-45,0.0180,90.54,yes
2026-10-05T04:41:05.310945Z,KXBTC15M-26OCT050045-45,0.0180,0.01,yes
2026-10-05T04:41:05.310945Z,KXBTC15M-26OCT050045-45,0.0180,53.00,yes
2026-10-05T04:41:05.314967Z,KXBTC15M-26OCT050045-45,0.0180,51.98,yes
2026-10-05T04:41:05.330755Z,KXBTC15M-26OCT050045-45,0.0180,1.00,yes
2026-10-05T04:41:05.330755Z,KXBTC15M-26OCT050045-45,0.0180,0.10,yes
2026-10-05T04:41:05.330755Z,KXBTC15M-26OCT050045-45,0.0180,9.58,yes
2026-10-05T04:41:05.330755Z,KXBTC15M-26OCT050045-45,0.0180,1.00,yes
2026-10-05T04:41:05.330755Z,KXBTC15M-26OCT050045-45,0.0180,9.15,yes
2026-10-05T04:41:05.423047Z,KXBTC15M-26OCT050045-45,0.0180,46.13,yes
2026-10-05T04:41:05.423047Z,KXBTC15M-26OCT050045-45,0.0180,5.85,yes
2026-10-05T04:41:05.467223Z,KXBTC15M-26OCT050045-45,0.0180,1.32,yes
2026-10-05T04:41:05.467223Z,KXBTC15M-26OCT050045-45,0.0180,3.87,yes
2026-10-05T04:41:05.579183Z,KXBTC15M-26OCT050045-45,0.0180,12.31,yes
2026-10-05T04:41:05.579183Z,KXBTC15M-26OCT050045-45,0.0180,13.68,yes
2026-10-05T04:41:05.771702Z,KXBTC15M-26OCT050045-45,0.0180,66.27,yes
2026-10-05T04:41:05.771702Z,KXBTC15M-26OCT050045-45,0.0180,37.69,yes
2026-10-05T04:41:05.804568Z,KXBTC15M-26OCT050045-45,0.0180,51.98,yes
2026-10-05T04:41:05.895431Z,KXBTC15M-26OCT050045-45,0.0180,2.10,yes
2026-10-05T04:41:05.895974Z,KXBTC15M-26OCT050045-45,0.0180,10.39,yes
2026-10-05T04:41:05.955038Z,KXBTC15M-26OCT050045-45,0.0180,1.28,yes
2026-10-05T04:41:05.981247Z,KXBTC15M-26OCT050045-45,0.0180,367.98,yes
2026-10-05T04:41:05.981247Z,KXBTC15M-26OCT050045-45,0.0180,35.00,yes
2026-10-05T04:41:05.981247Z,KXBTC15M-26OCT050045-45,0.0180,134.07,yes
2026-10-05T04:41:06.027768Z,KXBTC15M-26OCT050045-45,0.0180,62.43,yes
2026-10-05T04:41:06.12335Z,KXBTC15M-26OCT050045-45,0.0170,15.24,no
2026-10-05T04:41:06.168791Z,KXBTC15M-26OCT050045-45,0.0180,2599.11,yes
2026-10-05T04:41:06.181976Z,KXBTC15M-26OCT050045-45,0.0180,167.00,yes
2026-10-05T04:41:06.248288Z,KXBTC15M-26OCT050045-45,0.0180,20.00,yes
2026-10-05T04:41:06.531431Z,KXBTC15M-26OCT050045-45,0.0180,103.96,yes
2026-10-05T04:41:06.59998Z,KXBTC15M-26OCT050045-45,0.0180,25.99,yes
2026-10-05T04:41:06.61673Z,KXBTC15M-26OCT050045-45,0.0180,0.77,yes
2026-10-05T04:41:06.662179Z,KXBTC15M-26OCT050045-45,0.0170,0.01,no
2026-10-05T04:41:06.662179Z,KXBTC15M-26OCT050045-45,0.0170,289.46,no
2026-10-05T04:41:06.662179Z,KXBTC15M-26OCT050045-45,0.0170,1.00,no
2026-10-05T04:41:06.662179Z,KXBTC15M-26OCT050045-45,0.0160,422.00,no
2026-10-05T04:41:06.662179Z,KXBTC15M-26OCT050045-45,0.0160,260.00,no
2026-10-05T04:41:06.662179Z,KXBTC15M-26OCT050045-45,0.0140,150.00,no
2026-10-05T04:41:06.662179Z,KXBTC15M-26OCT050045-45,0.0160,500.00,no
2026-10-05T04:41:06.662179Z,KXBTC15M-26OCT050045-45,0.0170,15.00,no
2026-10-05T04:41:06.662179Z,KXBTC15M-26OCT050045-45,0.0150,20.00,no
2026-10-05T04:41:06.662179Z,KXBTC15M-26OCT050045-45,0.0170,0.10,no
2026-10-05T04:41:06.662179Z,KXBTC15M-26OCT050045-45,0.0160,15.00,no
2026-10-05T04:41:06.662179Z,KXBTC15M-26OCT050045-45,0.0130,15.00,no
2026-10-05T04:41:06.662179Z,KXBTC15M-26OCT050045-45,0.0140,13.00,no
2026-10-05T04:41:06.662179Z,KXBTC15M-26OCT050045-45,0.0140,98.00,no
2026-10-05T04:41:06.662179Z,KXBTC15M-26OCT050045-45,0.0130,1000.00,no
2026-10-05T04:41:06.662179Z,KXBTC15M-26OCT050045-45,0.0150,6.00,no
2026-10-05T04:41:06.662179Z,KXBTC15M-26OCT050045-45,0.0140,964.00,no
2026-10-05T04:41:06.662179Z,KXBTC15M-26OCT050045-45,0.0130,96.40,no
2026-10-05T04:41:06.662179Z,KXBTC15M-26OCT050045-45,0.0140,75.00,no
2026-10-05T04:41:06.662179Z,KXBTC15M-26OCT050045-45,0.0170,60.03,no
2026-10-05T04:41:06.66221Z,KXBTC15M-26OCT050045-45,0.0130,0.02,no
2026-10-05T04:41:06.662912Z,KXBTC15M-26OCT050045-45,0.0130,0.02,no
2026-10-05T04:41:06.663085Z,KXBTC15M-26OCT050045-45,0.0130,0.02,no
2026-10-05T04:41:06.666425Z,KXBTC15M-26OCT050045-45,0.0130,2.57,no
2026-10-05T04:41:06.666445Z,KXBTC15M-26OCT050045-45,0.0130,2.57,no
2026-10-05T04:41:06.669266Z,KXBTC15M-26OCT050045-45,0.0130,2.00,no
2026-10-05T04:41:06.67173Z,KXBTC15M-26OCT050045-45,0.0140,1.01,no
2026-10-05T04:41:06.67173Z,KXBTC15M-26OCT050045-45,0.0130,434.78,no
2026-10-05T04:41:06.67173Z,KXBTC15M-26OCT050045-45,0.0140,1.01,no
2026-10-05T04:41:06.674064Z,KXBTC15M-26OCT050045-45,0.0130,41.54,no
2026-10-05T04:41:06.694848Z,KXBTC15M-26OCT050045-45,0.0130,844.19,no
2026-10-05T04:41:06.695471Z,KXBTC15M-26OCT050045-45,0.0140,2.00,yes
2026-10-05T04:41:06.695471Z,KXBTC15M-26OCT050045-45,0.0140,0.01,yes
2026-10-05T04:41:06.695471Z,KXBTC15M-26OCT050045-45,0.0140,0.01,yes
2026-10-05T04:41:06.695471Z,KXBTC15M-26OCT050045-45,0.0140,2.00,yes
2026-10-05T04:41:06.695471Z,KXBTC15M-26OCT050045-45,0.0140,45.98,yes
2026-10-05T04:41:06.695471Z,KXBTC15M-26OCT050045-45,0.0140,1.00,yes
2026-10-05T04:41:06.695659Z,KXBTC15M-26OCT050045-45,0.0140,249.00,yes
2026-10-05T04:41:06.740837Z,KXBTC15M-26OCT050045-45,0.0140,0.02,yes
2026-10-05T04:41:06.745846Z,KXBTC15M-26OCT050045-45,0.0140,1.00,yes
2026-10-05T04:41:06.790291Z,KXBTC15M-26OCT050045-45,0.0140,335.00,yes
2026-10-05T04:41:06.81813Z,KXBTC15M-26OCT050045-45,0.0140,5.19,yes
2026-10-05T04:41:06.888925Z,KXBTC15M-26OCT050045-45,0.0130,14.00,no
2026-10-05T04:41:06.888925Z,KXBTC15M-26OCT050045-45,0.0120,2.00,no
2026-10-05T04:41:06.888925Z,KXBTC15M-26OCT050045-45,0.0130,0.01,no
2026-10-05T04:41:06.888925Z,KXBTC15M-26OCT050045-45,0.0130,100.00,no
2026-10-05T04:41:06.888925Z,KXBTC15M-26OCT050045-45,0.0120,390.00,no
2026-10-05T04:41:06.888925Z,KXBTC15M-26OCT050045-45,0.0130,0.01,no
2026-10-05T04:41:06.888925Z,KXBTC15M-26OCT050045-45,0.0120,4.00,no
2026-10-05T04:41:06.888925Z,KXBTC15M-26OCT050045-45,0.0130,15.00,no
2026-10-05T04:41:06.888925Z,KXBTC15M-26OCT050045-45,0.0120,1.00,no
2026-10-05T04:41:06.888925Z,KXBTC15M-26OCT050045-45,0.0120,8.00,no
2026-10-05T04:41:06.888925Z,KXBTC15M-26OCT050045-45,0.0120,256.00,no
2026-10-05T04:41:06.888925Z,KXBTC15M-26OCT050045-45,0.0120,1647.32,no
2026-10-05T04:41:06.888925Z,KXBTC15M-26OCT050045-45,0.0120,256.00,no
2026-10-05T04:41:06.888925Z,KXBTC15M-26OCT050045-45,0.0110,1212.66,no
2026-10-05T04:41:06.888925Z,KXBTC15M-26OCT050045-45,0.0120,256.00,no
2026-10-05T04:41:06.888925Z,KXBTC15M-26OCT050045-45,0.0120,330.00,no
2026-10-05T04:41:06.888925Z,KXBTC15M-26OCT050045-45,0.0120,256.00,no
2026-10-05T04:41:07.091751Z,KXBTC15M-26OCT050045-45,0.0110,95.00,no
2026-10-05T04:41:07.091751Z,KXBTC15M-26OCT050045-45,0.0110,500.00,no
2026-10-05T04:41:07.091751Z,KXBTC15M-26OCT050045-45,0.0110,17.00,no
2026-10-05T04:41:07.091751Z,KXBTC15M-26OCT050045-45,0.0110,15.00,no
2026-10-05T04:41:07.091751Z,KXBTC15M-26OCT050045-45,0.0110,1.00,no
2026-10-05T04:41:07.091751Z,KXBTC15M-26OCT050045-45,0.0110,2.00,no
2026-10-05T04:41:07.091751Z,KXBTC15M-26OCT050045-45,0.0110,0.01,no
2026-10-05T04:41:07.091751Z,KXBTC15M-26OCT050045-45,0.0110,0.01,no
2026-10-05T04:41:07.091751Z,KXBTC15M-26OCT050045-45,0.0110,1.00,no
2026-10-05T04:41:07.091751Z,KXBTC15M-26OCT050045-45,0.0110,352.00,no
2026-10-05T04:41:07.091751Z,KXBTC15M-26OCT050045-45,0.0110,1.00,no
2026-10-05T04:41:07.091751Z,KXBTC15M-26OCT050045-45,0.0110,2.00,no
2026-10-05T04:41:07.091751Z,KXBTC15M-26OCT050045-45,0.0110,100.00,no
2026-10-05T04:41:07.091751Z,KXBTC15M-26OCT050045-45,0.0110,20.00,no
2026-10-05T04:41:07.091751Z,KXBTC15M-26OCT050045-45,0.0110,10.00,no
2026-10-05T04:41:07.091751Z,KXBTC15M-26OCT050045-45,0.0110,1.00,no
2026-10-05T04:41:07.091751Z,KXBTC15M-26OCT050045-45,0.0110,2.00,no
2026-10-05T04:41:07.091751Z,KXBTC15M-26OCT050045-45,0.0110,1.00,no
2026-10-05T04:41:07.091751Z,KXBTC15M-26OCT050045-45,0.0100,512.00,no
2026-10-05T04:41:07.091751Z,KXBTC15M-26OCT050045-45,0.0100,92.00,no
2026-10-05T04:41:07.091751Z,KXBTC15M-26OCT050045-45,0.0110,512.00,no
2026-10-05T04:41:07.091751Z,KXBTC15M-26OCT050045-45,0.0100,1.00,no
2026-10-05T04:41:07.091751Z,KXBTC15M-26OCT050045-45,0.0100,512.00,no
2026-10-05T04:41:07.091751Z,KXBTC15M-26OCT050045-45,0.0110,133.64,no
2026-10-05T04:41:07.091751Z,KXBTC15M-26OCT050045-45,0.0100,327.00,no
2026-10-05T04:41:07.091751Z,KXBTC15M-26OCT050045-45,0.0110,1287.34,no
2026-10-05T04:41:07.091751Z,KXBTC15M-26OCT050045-45,0.0110,512.00,no
2026-10-05T04:41:07.091751Z,KXBTC15M-26OCT050045-45,0.0110,300.00,no
2026-10-05T04:41:07.091751Z,KXBTC15M-26OCT050045-45,0.0100,512.00,no
2026-10-05T04:41:07.091751Z,KXBTC15M-26OCT050045-45,0.0100,147.00,no
2026-10-05T04:41:07.091751Z,KXBTC15M-26OCT050045-45,0.0110,512.00,no
2026-10-05T04:41:07.091751Z,KXBTC15M-26OCT050045-45,0.0110,1.00,no
2026-10-05T04:41:07.137467Z,KXBTC15M-26OCT050045-45,0.0120,0.01,yes
2026-10-05T04:41:07.137467Z,KXBTC15M-26OCT050045-45,0.0120,236.71,yes
2026-10-05T04:41:07.137467Z,KXBTC15M-26OCT050045-45,0.0120,283.10,yes
2026-10-05T04:41:07.139562Z,KXBTC15M-26OCT050045-45,0.0110,0.99,no
2026-10-05T04:41:07.139562Z,KXBTC15M-26OCT050045-45,0.0110,0.01,no
2026-10-05T04:41:07.343299Z,KXBTC15M-26OCT050045-45,0.0110,0.01,no
2026-10-05T04:41:07.343299Z,KXBTC15M-26OCT050045-45,0.0110,6.00,no
2026-10-05T04:41:07.343299Z,KXBTC15M-26OCT050045-45,0.0110,0.01,no
2026-10-05T04:41:07.343299Z,KXBTC15M-26OCT050045-45,0.0110,17.00,no
2026-10-05T04:41:07.343299Z,KXBTC15M-26OCT050045-45,0.0110,200.00,no
2026-10-05T04:41:07.343299Z,KXBTC15M-26OCT050045-45,0.0110,4.00,no
2026-10-05T04:41:07.343299Z,KXBTC15M-26OCT050045-45,0.0100,482.03,no
2026-10-05T04:41:07.343299Z,KXBTC15M-26OCT050045-45,0.0100,200.00,no
2026-10-05T04:41:07.343299Z,KXBTC15M-26OCT050045-45,0.0100,7.05,no
2026-10-05T04:41:07.343299Z,KXBTC15M-26OCT050045-45,0.0100,75.00,no
2026-10-05T04:41:07.343299Z,KXBTC15M-26OCT050045-45,0.0100,28.20,no
2026-10-05T04:41:07.343299Z,KXBTC15M-26OCT050045-45,0.0100,200.00,no
2026-10-05T04:41:07.343299Z,KXBTC15M-26OCT050045-45,0.0100,25.77,no
2026-10-05T04:41:07.343299Z,KXBTC15M-26OCT050045-45,0.0100,1.00,no
2026-10-05T04:41:07.343299Z,KXBTC15M-26OCT050045-45,0.0100,50.00,no
2026-10-05T04:41:07.343299Z,KXBTC15M-26OCT050045-45,0.0100,1.00,no
2026-10-05T04:41:07.343299Z,KXBTC15M-26OCT050045-45,0.0100,352.00,no
2026-10-05T04:41:07.343299Z,KXBTC15M-26OCT050045-45,0.0100,58.00,no
2026-10-05T04:41:07.343299Z,KXBTC15M-26OCT050045-45,0.0100,73.00,no
2026-10-05T04:41:07.343299Z,KXBTC15M-26OCT050045-45,0.0100,1047.00,no
2026-10-05T04:41:07.384757Z,KXBTC15M-26OCT050045-45,0.0110,259.91,yes
2026-10-05T04:41:07.423961Z,KXBTC15M-26OCT050045-45,0.0110,133.63,yes
2026-10-05T04:41:07.470618Z,KXBTC15M-26OCT050045-45,0.0110,51.52,yes
2026-10-05T04:41:07.486546Z,KXBTC15M-26OCT050045-45,0.0110,33.41,yes
2026-10-05T04:41:07.568408Z,KXBTC15M-26OCT050045-45,0.0110,284.33,yes
2026-10-05T04:41:07.572815Z,KXBTC15M-26OCT050045-45,0.0110,22.60,yes
2026-10-05T04:41:07.580829Z,KXBTC15M-26OCT050045-45,0.0110,34.00,yes
2026-10-05T04:41:07.601684Z,KXBTC15M-26OCT050045-45,0.0110,155.89,yes
2026-10-05T04:41:07.704016Z,KXBTC15M-26OCT050045-45,0.0100,131.30,no
2026-10-05T04:41:07.704016Z,KXBTC15M-26OCT050045-45,0.0100,200.00,no
2026-10-05T04:41:07.704016Z,KXBTC15M-26OCT050045-45,0.0100,111.50,no
2026-10-05T04:41:07.704016Z,KXBTC15M-26OCT050045-45,0.0100,57.98,no
2026-10-05T04:41:07.704016Z,KXBTC15M-26OCT050045-45,0.0100,250.00,no
2026-10-05T04:41:07.704016Z,KXBTC15M-26OCT050045-45,0.0100,31.68,no
2026-10-05T04:41:07.704016Z,KXBTC15M-26OCT050045-45,0.0100,103.81,no
2026-10-05T04:41:07.704016Z,KXBTC15M-26OCT050045-45,0.0100,1.00,no
2026-10-05T04:41:07.704016Z,KXBTC15M-26OCT050045-45,0.0100,167.22,no
2026-10-05T04:41:07.704016Z,KXBTC15M-26OCT050045-45,0.0100,198.89,no
2026-10-05T04:41:07.704016Z,KXBTC15M-26OCT050045-45,0.0100,50.00,no
2026-10-05T04:41:07.704016Z,KXBTC15M-26OCT050045-45,0.0100,1.05,no
2026-10-05T04:41:07.704016Z,KXBTC15M-26OCT050045-45,0.0100,136.10,no
2026-10-05T04:41:07.704016Z,KXBTC15M-26OCT050045-45,0.0100,1.00,no
2026-10-05T04:41:07.704016Z,KXBTC15M-26OCT050045-45,0.0100,1.82,no
2026-10-05T04:41:07.704016Z,KXBTC15M-26OCT050045-45,0.0100,55.16,no
2026-10-05T04:41:07.704016Z,KXBTC15M-26OCT050045-45,0.0100,1.00,no
2026-10-05T04:41:07.704016Z,KXBTC15M-26OCT050045-45,0.0100,57.23,no
2026-10-05T04:41:07.704016Z,KXBTC15M-26OCT050045-45,0.0100,0.97,no
2026-10-05T04:41:07.704016Z,KXBTC15M-26OCT050045-45,0.0100,500.00,no
2026-10-05T04:41:07.704016Z,KXBTC15M-26OCT050045-45,0.0100,729.09,no
2026-10-05T04:41:07.704016Z,KXBTC15M-26OCT050045-45,0.0100,128.81,no
2026-10-05T04:41:07.704016Z,KXBTC15M-26OCT050045-45,0.0100,49.26,no
2026-10-05T04:41:07.704016Z,KXBTC15M-26OCT050045-45,0.0100,29.55,no
2026-10-05T04:41:07.704016Z,KXBTC15M-26OCT050045-45,0.0100,9.85,no
2026-10-05T04:41:07.704016Z,KXBTC15M-26OCT050045-45,0.0100,39.40,no
2026-10-05T04:41:07.704016Z,KXBTC15M-26OCT050045-45,0.0100,15.16,no
2026-10-05T04:41:07.704016Z,KXBTC15M-26OCT050045-45,0.0100,16.15,no
2026-10-05T04:41:07.704016Z,KXBTC15M-26OCT050045-45,0.0100,9.47,no
2026-10-05T04:41:07.704016Z,KXBTC15M-26OCT050045-45,0.0100,0.34,no
2026-10-05T04:41:07.704016Z,KXBTC15M-26OCT050045-45,0.0100,4.65,no
2026-10-05T04:41:07.704016Z,KXBTC15M-26OCT050045-45,0.0100,1.59,no
2026-10-05T04:41:07.704016Z,KXBTC15M-26OCT050045-45,0.0100,0.20,no
2026-10-05T04:41:07.704016Z,KXBTC15M-26OCT050045-45,0.0100,32.02,no
2026-10-05T04:41:07.704016Z,KXBTC15M-26OCT050045-45,0.0100,62.37,no
2026-10-05T04:41:07.704016Z,KXBTC15M-26OCT050045-45,0.0100,3.14,no
2026-10-05T04:41:07.704016Z,KXBTC15M-26OCT050045-45,0.0100,0.50,no
2026-10-05T04:41:07.704016Z,KXBTC15M-26OCT050045-45,0.0100,1.17,no
2026-10-05T04:41:07.704016Z,KXBTC15M-26OCT050045-45,0.0100,1.15,no
2026-10-05T04:41:07.704016Z,KXBTC15M-26OCT050045-45,0.0100,58.85,no
2026-10-05T04:41:07.704016Z,KXBTC15M-26OCT050045-45,0.0100,2.37,no
2026-10-05T04:41:07.704016Z,KXBTC15M-26OCT050045-45,0.0100,0.85,no
2026-10-05T04:41:07.704016Z,KXBTC15M-26OCT050045-45,0.0100,8.23,no
2026-10-05T04:41:07.704016Z,KXBTC15M-26OCT050045-45,0.0100,84.88,no
2026-10-05T04:41:07.704016Z,KXBTC15M-26OCT050045-45,0.0100,1.31,no
2026-10-05T04:41:07.704016Z,KXBTC15M-26OCT050045-45,0.0100,125.79,no
2026-10-05T04:41:07.704016Z,KXBTC15M-26OCT050045-45,0.0100,14.70,no
2026-10-05T04:41:07.704016Z,KXBTC15M-26OCT050045-45,0.0100,54.06,no
2026-10-05T04:41:07.704016Z,KXBTC15M-26OCT050045-45,0.0100,0.35,no
2026-10-05T04:41:07.704016Z,KXBTC15M-26OCT050045-45,0.0100,31.42,no
2026-10-05T04:41:07.704016Z,KXBTC15M-26OCT050045-45,0.0100,62.84,no
2026-10-05T04:41:07.704016Z,KXBTC15M-26OCT050045-45,0.0100,15.71,no
2026-10-05T04:41:07.704016Z,KXBTC15M-26OCT050045-45,0.0100,25.12,no
2026-10-05T04:41:07.704016Z,KXBTC15M-26OCT050045-45,0.0100,50.00,no
2026-10-05T04:41:07.704016Z,KXBTC15M-26OCT050045-45,0.0100,283.05,no
2026-10-05T04:41:07.704016Z,KXBTC15M-26OCT050045-45,0.0100,81.06,no
2026-10-05T04:41:07.704016Z,KXBTC15M-26OCT050045-45,0.0100,16.74,no
2026-10-05T04:41:07.704016Z,KXBTC15M-26OCT050045-45,0.0100,32.95,no
2026-10-05T04:41:07.704016Z,KXBTC15M-26OCT050045-45,0.0100,4.94,no
2026-10-05T04:41:07.704016Z,KXBTC15M-26OCT050045-45,0.0100,1.79,no
2026-10-05T04:41:07.704016Z,KXBTC15M-26OCT050045-45,0.0100,20.00,no
2026-10-05T04:41:07.704016Z,KXBTC15M-26OCT050045-45,0.0100,2.30,no
2026-10-05T04:41:07.704016Z,KXBTC15M-26OCT050045-45,0.0100,4.83,no
2026-10-05T04:41:07.704016Z,KXBTC15M-26OCT050045-45,0.0100,4.28,no
2026-10-05T04:41:07.704016Z,KXBTC15M-26OCT050045-45,0.0100,9.66,no
2026-10-05T04:41:07.704016Z,KXBTC15M-26OCT050045-45,0.0100,15.45,no
2026-10-05T04:41:07.704016Z,KXBTC15M-26OCT050045-45,0.0100,19.32,no
2026-10-05T04:41:07.704016Z,KXBTC15M-26OCT050045-45,0.0100,1.54,no
2026-10-05T04:41:07.704016Z,KXBTC15M-26OCT050045-45,0.0100,55.76,no
2026-10-05T04:41:07.704016Z,KXBTC15M-26OCT050045-45,0.0100,8.37,no
2026-10-05T04:41:07.704016Z,KXBTC15M-26OCT050045-45,0.0100,0.33,no
2026-10-05T04:41:07.704016Z,KXBTC15M-26OCT050045-45,0.0100,1.68,no
2026-10-05T04:41:07.704016Z,KXBTC15M-26OCT050045-45,0.0100,452.22,no
2026-10-05T04:41:07.704016Z,KXBTC15M-26OCT050045-45,0.0100,1.66,no
2026-10-05T04:41:07.704016Z,KXBTC15M-26OCT050045-45,0.0100,3.65,no
2026-10-05T04:41:07.704016Z,KXBTC15M-26OCT050045-45,0.0100,4.75,no
2026-10-05T04:41:07.704016Z,KXBTC15M-26OCT050045-45,0.0100,266.26,no
2026-10-05T04:41:07.704016Z,KXBTC15M-26OCT050045-45,0.0100,2.30,no
2026-10-05T04:41:07.704016Z,KXBTC15M-26OCT050045-45,0.0100,116.42,no
2026-10-05T04:41:07.704016Z,KXBTC15M-26OCT050045-45,0.0100,320.47,no
2026-10-05T04:41:07.704016Z,KXBTC15M-26OCT050045-45,0.0100,5.82,no
2026-10-05T04:41:07.704016Z,KXBTC15M-26OCT050045-45,0.0100,1.11,no
2026-10-05T04:41:07.704016Z,KXBTC15M-26OCT050045-45,0.0100,1.19,no
2026-10-05T04:41:07.704016Z,KXBTC15M-26OCT050045-45,0.0100,10.54,no
2026-10-05T04:41:07.704016Z,KXBTC15M-26OCT050045-45,0.0100,5.82,no
2026-10-05T04:41:07.704016Z,KXBTC15M-26OCT050045-45,0.0100,1.16,no
2026-10-05T04:41:07.704016Z,KXBTC15M-26OCT050045-45,0.0100,6.31,no
2026-10-05T04:41:07.704016Z,KXBTC15M-26OCT050045-45,0.0100,2.39,no
2026-10-05T04:41:07.704016Z,KXBTC15M-26OCT050045-45,0.0100,5.07,no
2026-10-05T04:41:07.704016Z,KXBTC15M-26OCT050045-45,0.0100,2.97,no
2026-10-05T04:41:07.704016Z,KXBTC15M-26OCT050045-45,0.0100,23.33,no
2026-10-05T04:41:07.704016Z,KXBTC15M-26OCT050045-45,0.0100,23.81,no
2026-10-05T04:41:07.704016Z,KXBTC15M-26OCT050045-45,0.0100,9.50,no
2026-10-05T04:41:07.704016Z,KXBTC15M-26OCT050045-45,0.0100,117.03,no
2026-10-05T04:41:07.704016Z,KXBTC15M-26OCT050045-45,0.0100,0.11,no
2026-10-05T04:41:07.704016Z,KXBTC15M-26OCT050045-45,0.0100,1.00,no
2026-10-05T04:41:07.704016Z,KXBTC15M-26OCT050045-45,0.0100,55.00,no
2026-10-05T04:41:07.704016Z,KXBTC15M-26OCT050045-45,0.0100,75.00,no
2026-10-05T04:41:07.704016Z,KXBTC15M-26OCT050045-45,0.0100,5.00,no
2026-10-05T04:41:07.830423Z,KXBTC15M-26OCT050045-45,0.0100,73.00,no
2026-10-05T04:41:07.846021Z,KXBTC15M-26OCT050045-45,0.0110,6.12,yes
2026-10-05T04:41:07.850701Z,KXBTC15M-26OCT050045-45,0.0110,85.02,yes
2026-10-05T04:41:07.923446Z,KXBTC15M-26OCT050045-45,0.0110,160.96,yes
2026-10-05T04:41:07.989794Z,KXBTC15M-26OCT050045-45,0.0110,85.02,yes
2026-10-05T04:41:08.043234Z,KXBTC15M-26OCT050045-45,0.0110,104.12,yes
2026-10-05T04:41:08.048183Z,KXBTC15M-26OCT050045-45,0.0110,425.11,yes
2026-10-05T04:41:08.149283Z,KXBTC15M-26OCT050045-45,0.0110,16.00,yes
2026-10-05T04:41:08.149283Z,KXBTC15M-26OCT050045-45,0.0110,7.21,yes
2026-10-05T04:41:08.149283Z,KXBTC15M-26OCT050045-45,0.0110,0.01,yes
2026-10-05T04:41:08.149283Z,KXBTC15M-26OCT050045-45,0.0110,0.01,yes
2026-10-05T04:41:08.149283Z,KXBTC15M-26OCT050045-45,0.0110,10.00,yes
2026-10-05T04:41:08.149283Z,KXBTC15M-26OCT050045-45,0.0110,0.10,yes
2026-10-05T04:41:08.149283Z,KXBTC15M-26OCT050045-45,0.0110,58.00,yes
2026-10-05T04:41:08.192117Z,KXBTC15M-26OCT050045-45,0.0110,22.30,yes
2026-10-05T04:41:08.218408Z,KXBTC15M-26OCT050045-45,0.0100,257.39,no
2026-10-05T04:41:08.333082Z,KXBTC15M-26OCT050045-45,0.0110,40.62,yes
2026-10-05T04:41:08.379511Z,KXBTC15M-26OCT050045-45,0.0100,76.00,no
2026-10-05T04:41:08.45135Z,KXBTC15M-26OCT050045-45,0.0110,1.00,yes
2026-10-05T04:41:08.45135Z,KXBTC15M-26OCT050045-45,0.0110,92.00,yes
2026-10-05T04:41:08.45135Z,KXBTC15M-26OCT050045-45,0.0110,129.87,yes
2026-10-05T04:41:08.45135Z,KXBTC15M-26OCT050045-45,0.0110,15.00,yes
2026-10-05T04:41:08.45135Z,KXBTC15M-26OCT050045-45,0.0110,27.22,yes
2026-10-05T04:41:08.45135Z,KXBTC15M-26OCT050045-45,0.0110,75.00,yes
2026-10-05T04:41:08.465764Z,KXBTC15M-26OCT050045-45,0.0100,2.01,no
2026-10-05T04:41:08.49216Z,KXBTC15M-26OCT050045-45,0.0110,1706.43,yes
2026-10-05T04:41:08.49216Z,KXBTC15M-26OCT050045-45,0.0110,0.08,yes
2026-10-05T04:41:08.49216Z,KXBTC15M-26OCT050045-45,0.0110,372.78,yes
2026-10-05T04:41:08.513147Z,KXBTC15M-26OCT050045-45,0.0100,1.00,no
2026-10-05T04:41:08.590743Z,KXBTC15M-26OCT050045-45,0.0110,490.51,yes
2026-10-05T04:41:08.596655Z,KXBTC15M-26OCT050045-45,0.0110,58.98,yes
2026-10-05T04:41:08.60696Z,KXBTC15M-26OCT050045-45,0.0110,17.52,yes
2026-10-05T04:41:08.679952Z,KXBTC15M-26OCT050045-45,0.0110,9.00,yes
2026-10-05T04:41:08.789428Z,KXBTC15M-26OCT050045-45,0.0100,10.50,no
2026-10-05T04:41:08.838733Z,KXBTC15M-26OCT050045-45,0.0110,249.96,yes
2026-10-05T04:41:08.899703Z,KXBTC15M-26OCT050045-45,0.0110,112.45,yes
2026-10-05T04:41:08.967642Z,KXBTC15M-26OCT050045-45,0.0100,3.00,no
2026-10-05T04:41:08.967642Z,KXBTC15M-26OCT050045-45,0.0100,6.02,no
2026-10-05T04:41:08.967642Z,KXBTC15M-26OCT050045-45,0.0100,281.18,no
2026-10-05T04:41:08.967642Z,KXBTC15M-26OCT050045-45,0.0100,6.00,no
2026-10-05T04:41:08.967642Z,KXBTC15M-26OCT050045-45,0.0100,6.00,no
2026-10-05T04:41:08.967642Z,KXBTC15M-26OCT050045-45,0.0100,54.30,no
2026-10-05T04:41:08.967642Z,KXBTC15M-26OCT050045-45,0.0100,51.01,no
2026-10-05T04:41:08.967642Z,KXBTC15M-26OCT050045-45,0.0100,200.00,no
2026-10-05T04:41:08.967642Z,KXBTC15M-26OCT050045-45,0.0100,200.00,no
2026-10-05T04:41:08.983238Z,KXBTC15M-26OCT050045-45,0.0110,1.12,yes
2026-10-05T04:41:08.984179Z,KXBTC15M-26OCT050045-45,0.0110,425.11,yes
2026-10-05T04:41:09.028256Z,KXBTC15M-26OCT050045-45,0.0100,26.43,no
2026-10-05T04:41:09.048831Z,KXBTC15M-26OCT050045-45,0.0110,124.74,yes
2026-10-05T04:41:09.263153Z,KXBTC15M-26OCT050045-45,0.0110,492.49,yes
2026-10-05T04:41:09.271157Z,KXBTC15M-26OCT050045-45,0.0110,85.73,yes
2026-10-05T04:41:09.279058Z,KXBTC15M-26OCT050045-45,0.0110,0.01,yes
2026-10-05T04:41:09.279058Z,KXBTC15M-26OCT050045-45,0.0110,15.00,yes
2026-10-05T04:41:09.279058Z,KXBTC15M-26OCT050045-45,0.0110,0.01,yes
2026-10-05T04:41:09.279058Z,KXBTC15M-26OCT050045-45,0.0110,370.05,yes
2026-10-05T04:41:09.279058Z,KXBTC15M-26OCT050045-45,0.0110,16.00,yes
2026-10-05T04:41:09.279058Z,KXBTC15M-26OCT050045-45,0.0110,0.10,yes
2026-10-05T04:41:09.279058Z,KXBTC15M-26OCT050045-45,0.0110,200.00,yes
2026-10-05T04:41:09.279058Z,KXBTC15M-26OCT050045-45,0.0110,10.00,yes
2026-10-05T04:41:09.279058Z,KXBTC15M-26OCT050045-45,0.0110,388.83,yes
2026-10-05T04:41:09.300422Z,KXBTC15M-26OCT050045-45,0.0110,293.32,yes
2026-10-05T04:41:09.300422Z,KXBTC15M-26OCT050045-45,0.0110,29.95,yes
2026-10-05T04:41:09.300422Z,KXBTC15M-26OCT050045-45,0.0110,1.00,yes
2026-10-05T04:41:09.316395Z,KXBTC15M-26OCT050045-45,0.0110,0.10,yes
2026-10-05T04:41:09.316395Z,KXBTC15M-26OCT050045-45,0.0110,0.75,yes
2026-10-05T04:41:09.330748Z,KXBTC15M-26OCT050045-45,0.0110,2.99,yes
2026-10-05T04:41:09.364857Z,KXBTC15M-26OCT050045-45,0.0110,418.85,yes
2026-10-05T04:41:09.364857Z,KXBTC15M-26OCT050045-45,0.0110,6.26,yes
2026-10-05T04:41:09.401815Z,KXBTC15M-26OCT050045-45,0.0110,0.01,yes
2026-10-05T04:41:09.401815Z,KXBTC15M-26OCT050045-45,0.0110,0.01,yes
2026-10-05T04:41:09.401815Z,KXBTC15M-26OCT050045-45,0.0110,17.27,yes
2026-10-05T04:41:09.426461Z,KXBTC15M-26OCT050045-45,0.0100,281.72,no
2026-10-05T04:41:09.426461Z,KXBTC15M-26OCT050045-45,0.0100,0.01,no
2026-10-05T04:41:09.426461Z,KXBTC15M-26OCT050045-45,0.0100,15.00,no
2026-10-05T04:41:09.426461Z,KXBTC15M-26OCT050045-45,0.0100,6.00,no
2026-10-05T04:41:09.426461Z,KXBTC15M-26OCT050045-45,0.0100,0.10,no
2026-10-05T04:41:09.426461Z,KXBTC15M-26OCT050045-45,0.0100,1.00,no
2026-10-05T04:41:09.426461Z,KXBTC15M-26OCT050045-45,0.0100,75.00,no
2026-10-05T04:41:09.426461Z,KXBTC15M-26OCT050045-45,0.0100,0.01,no
2026-10-05T04:41:09.426461Z,KXBTC15M-26OCT050045-45,0.0100,50.00,no
2026-10-05T04:41:09.426461Z,KXBTC15M-26OCT050045-45,0.0100,150.00,no
2026-10-05T04:41:09.426461Z,KXBTC15M-26OCT050045-45,0.0100,3.19,no
2026-10-05T04:41:09.426461Z,KXBTC15M-26OCT050045-45,0.0100,6.00,no
2026-10-05T04:41:09.426461Z,KXBTC15M-26OCT050045-45,0.0100,100.00,no
2026-10-05T04:41:09.426461Z,KXBTC15M-26OCT050045-45,0.0100,5.09,no
2026-10-05T04:41:09.426461Z,KXBTC15M-26OCT050045-45,0.0100,602.46,no
2026-10-05T04:41:09.426461Z,KXBTC15M-26OCT050045-45,0.0100,4.99,no
2026-10-05T04:41:09.426461Z,KXBTC15M-26OCT050045-45,0.0100,177.80,no
2026-10-05T04:41:09.426461Z,KXBTC15M-26OCT050045-45,0.0100,25.33,no
2026-10-05T04:41:09.426461Z,KXBTC15M-26OCT050045-45,0.0100,15.69,no
2026-10-05T04:41:09.426461Z,KXBTC15M-26OCT050045-45,0.0100,392.39,no
2026-10-05T04:41:09.426461Z,KXBTC15M-26OCT050045-45,0.0100,7.00,no
2026-10-05T04:41:09.426461Z,KXBTC15M-26OCT050045-45,0.0100,100.00,no
2026-10-05T04:41:09.464679Z,KXBTC15M-26OCT050045-45,0.0120,166.67,yes
2026-10-05T04:41:09.464679Z,KXBTC15M-26OCT050045-45,0.0110,84.00,yes
2026-10-05T04:41:09.464679Z,KXBTC15M-26OCT050045-45,0.0110,182.73,yes
2026-10-05T04:41:09.464679Z,KXBTC15M-26OCT050045-45,0.0110,16.00,yes
2026-10-05T04:41:09.464679Z,KXBTC15M-26OCT050045-45,0.0110,15.00,yes
2026-10-05T04:41:09.464679Z,KXBTC15M-26OCT050045-45,0.0110,0.01,yes
2026-10-05T04:41:09.464679Z,KXBTC15M-26OCT050045-45,0.0110,400.00,yes
2026-10-05T04:41:09.464679Z,KXBTC15M-26OCT050045-45,0.0110,0.01,yes
2026-10-05T04:41:09.464679Z,KXBTC15M-26OCT050045-45,0.0110,1.00,yes
2026-10-05T04:41:09.464679Z,KXBTC15M-26OCT050045-45,0.0120,15.00,yes
2026-10-05T04:41:09.479424Z,KXBTC15M-26OCT050045-45,0.0110,53.34,yes
2026-10-05T04:41:09.502837Z,KXBTC15M-26OCT050045-45,0.0100,15.00,no
2026-10-05T04:41:09.502837Z,KXBTC15M-26OCT050045-45,0.0100,0.01,no
2026-10-05T04:41:09.502837Z,KXBTC15M-26OCT050045-45,0.0100,7.46,no
2026-10-05T04:41:09.502837Z,KXBTC15M-26OCT050045-45,0.0100,50.00,no
2026-10-05T04:41:09.502837Z,KXBTC15M-26OCT050045-45,0.0100,0.01,no
2026-10-05T04:41:09.630302Z,KXBTC15M-26OCT050045-45,0.0110,10.00,yes
2026-10-05T04:41:09.630302Z,KXBTC15M-26OCT050045-45,0.0110,21.66,yes
2026-10-05T04:41:09.630302Z,KXBTC15M-26OCT050045-45,0.0110,12.36,yes
2026-10-05T04:41:09.630302Z,KXBTC15M-26OCT050045-45,0.0110,15.00,yes
2026-10-05T04:41:09.630302Z,KXBTC15M-26OCT050045-45,0.0110,10.00,yes
2026-10-05T04:41:09.630302Z,KXBTC15M-26OCT050045-45,0.0110,16.00,yes
2026-10-05T04:41:09.663414Z,KXBTC15M-26OCT050045-45,0.0110,2.64,yes
2026-10-05T04:41:09.663414Z,KXBTC15M-26OCT050045-45,0.0110,178.05,yes
2026-10-05T04:41:09.690087Z,KXBTC15M-26OCT050045-45,0.0110,85.02,yes
2026-10-05T04:41:09.750281Z,KXBTC15M-26OCT050045-45,0.0110,1.00,yes
2026-10-05T04:41:09.750281Z,KXBTC15M-26OCT050045-45,0.0110,0.01,yes
2026-10-05T04:41:09.750281Z,KXBTC15M-26OCT050045-45,0.0110,0.10,yes
2026-10-05T04:41:09.750281Z,KXBTC15M-26OCT050045-45,0.0110,136.93,yes
2026-10-05T04:41:09.750281Z,KXBTC15M-26OCT050045-45,0.0110,16.00,yes
2026-10-05T04:41:09.750281Z,KXBTC15M-26OCT050045-45,0.0110,0.01,yes
2026-10-05T04:41:09.750281Z,KXBTC15M-26OCT050045-45,0.0110,200.00,yes
2026-10-05T04:41:09.750281Z,KXBTC15M-26OCT050045-45,0.0110,1312.40,yes
2026-10-05T04:41:09.887084Z,KXBTC15M-26OCT050045-45,0.0110,3.40,yes
2026-10-05T04:41:10.002755Z,KXBTC15M-26OCT050045-45,0.0100,9.09,no
2026-10-05T04:41:10.002755Z,KXBTC15M-26OCT050045-45,0.0100,1.00,no
2026-10-05T04:41:10.005893Z,KXBTC15M-26OCT050045-45,0.0110,11.60,yes
2026-10-05T04:41:10.005893Z,KXBTC15M-26OCT050045-45,0.0110,10.00,yes
2026-10-05T04:41:10.005893Z,KXBTC15M-26OCT050045-45,0.0110,0.01,yes
2026-10-05T04:41:10.005893Z,KXBTC15M-26OCT050045-45,0.0110,11.22,yes
2026-10-05T04:41:10.005893Z,KXBTC15M-26OCT050045-45,0.0110,16.00,yes
2026-10-05T04:41:10.115521Z,KXBTC15M-26OCT050045-45,0.0110,0.97,yes
2026-10-05T04:41:10.137481Z,KXBTC15M-26OCT050045-45,0.0100,14.09,no
2026-10-05T04:41:10.137481Z,KXBTC15M-26OCT050045-45,0.0100,5.91,no
2026-10-05T04:41:10.204537Z,KXBTC15M-26OCT050045-45,0.0110,118.00,yes
2026-10-05T04:41:10.209108Z,KXBTC15M-26OCT050045-45,0.0100,3.61,no
2026-10-05T04:41:10.326044Z,KXBTC15M-26OCT050045-45,0.0110,67.18,yes
2026-10-05T04:41:10.333306Z,KXBTC15M-26OCT050045-45,0.0110,31.70,yes
2026-10-05T04:41:10.430718Z,KXBTC15M-26OCT050045-45,0.0110,52.60,yes
2026-10-05T04:41:10.474374Z,KXBTC15M-26OCT050045-45,0.0110,2.12,yes
2026-10-05T04:41:10.488733Z,KXBTC15M-26OCT050045-45,0.0100,21.00,no
2026-10-05T04:41:10.570418Z,KXBTC15M-26OCT050045-45,0.0100,0.04,no
2026-10-05T04:41:10.63622Z,KXBTC15M-26OCT050045-45,0.0120,352.00,yes
2026-10-05T04:41:10.63622Z,KXBTC15M-26OCT050045-45,0.0120,362.30,yes
2026-10-05T04:41:10.63622Z,KXBTC15M-26OCT050045-45,0.0110,21.00,yes
2026-10-05T04:41:10.63622Z,KXBTC15M-26OCT050045-45,0.0110,0.10,yes
2026-10-05T04:41:10.63622Z,KXBTC15M-26OCT050045-45,0.0110,15.00,yes
2026-10-05T04:41:10.63622Z,KXBTC15M-26OCT050045-45,0.0110,3.61,yes
2026-10-05T04:41:10.63622Z,KXBTC15M-26OCT050045-45,0.0110,0.10,yes
2026-10-05T04:41:10.63622Z,KXBTC15M-26OCT050045-45,0.0110,14.09,yes
2026-10-05T04:41:10.63622Z,KXBTC15M-26OCT050045-45,0.0110,1.00,yes
2026-10-05T04:41:10.63622Z,KXBTC15M-26OCT050045-45,0.0110,500.00,yes
2026-10-05T04:41:10.63622Z,KXBTC15M-26OCT050045-45,0.0110,16.00,yes
2026-10-05T04:41:10.63622Z,KXBTC15M-26OCT050045-45,0.0110,0.04,yes
2026-10-05T04:41:10.63622Z,KXBTC15M-26OCT050045-45,0.0110,200.00,yes
2026-10-05T04:41:10.63622Z,KXBTC15M-26OCT050045-45,0.0110,116.21,yes
2026-10-05T04:41:10.739608Z,KXBTC15M-26OCT050045-45,0.0120,90.52,yes
2026-10-05T04:41:10.744487Z,KXBTC15M-26OCT050045-45,0.0120,59.18,yes
2026-10-05T04:41:10.744487Z,KXBTC15M-26OCT050045-45,0.0120,96.75,yes
2026-10-05T04:41:10.80264Z,KXBTC15M-26OCT050045-45,0.0110,0.01,no
2026-10-05T04:41:10.80264Z,KXBTC15M-26OCT050045-45,0.0110,0.01,no
2026-10-05T04:41:10.80264Z,KXBTC15M-26OCT050045-45,0.0110,354.27,no
2026-10-05T04:41:10.955277Z,KXBTC15M-26OCT050045-45,0.0110,0.03,no
2026-10-05T04:41:11.182363Z,KXBTC15M-26OCT050045-45,0.0120,96.56,yes
2026-10-05T04:41:11.199902Z,KXBTC15M-26OCT050045-45,0.0110,5.00,no
2026-10-05T04:41:11.311251Z,KXBTC15M-26OCT050045-45,0.0120,77.94,yes
2026-10-05T04:41:11.427661Z,KXBTC15M-26OCT050045-45,0.0120,240.75,yes
2026-10-05T04:41:11.427661Z,KXBTC15M-26OCT050045-45,0.0120,159.27,yes
2026-10-05T04:41:11.579491Z,KXBTC15M-26OCT050045-45,0.0120,103.96,yes
2026-10-05T04:41:11.690386Z,KXBTC15M-26OCT050045-45,0.0120,40.20,yes
2026-10-05T04:41:11.743787Z,KXBTC15M-26OCT050045-45,0.0120,66.73,yes
2026-10-05T04:41:11.743787Z,KXBTC15M-26OCT050045-45,0.0120,512.00,yes
2026-10-05T04:41:11.743787Z,KXBTC15M-26OCT050045-45,0.0120,208.57,yes
2026-10-05T04:41:11.743787Z,KXBTC15M-26OCT050045-45,0.0120,512.00,yes
2026-10-05T04:41:11.749703Z,KXBTC15M-26OCT050045-45,0.0120,147.75,yes
2026-10-05T04:41:11.762436Z,KXBTC15M-26OCT050045-45,0.0110,72.91,no
2026-10-05T04:41:11.800884Z,KXBTC15M-26OCT050045-45,0.0110,0.20,no
2026-10-05T04:41:11.936104Z,KXBTC15M-26OCT050045-45,0.0110,3.77,no
2026-10-05T04:41:11.949426Z,KXBTC15M-26OCT050045-45,0.0120,25.37,yes
2026-10-05T04:41:11.970769Z,KXBTC15M-26OCT050045-45,0.0120,272.15,yes
2026-10-05T04:41:11.970769Z,KXBTC15M-26OCT050045-45,0.0120,39.62,yes
2026-10-05T04:41:12.025Z,KXBTC15M-26OCT050045-45,0.0120,77.94,yes
2026-10-05T04:41:12.056979Z,KXBTC15M-26OCT050045-45,0.0110,35.23,no
2026-10-05T04:41:12.190348Z,KXBTC15M-26OCT050045-45,0.0110,31.32,no
2026-10-05T04:41:12.352339Z,KXBTC15M-26OCT050045-45,0.0110,0.10,no
2026-10-05T04:41:12.352339Z,KXBTC15M-26OCT050045-45,0.0110,513.45,no
2026-10-05T04:41:12.352339Z,KXBTC15M-26OCT050045-45,0.0100,102.00,no
2026-10-05T04:41:12.352339Z,KXBTC15M-26OCT050045-45,0.0100,288.53,no
2026-10-05T04:41:12.352339Z,KXBTC15M-26OCT050045-45,0.0100,15.00,no
2026-10-05T04:41:12.352339Z,KXBTC15M-26OCT050045-45,0.0110,725.27,no
2026-10-05T04:41:12.352339Z,KXBTC15M-26OCT050045-45,0.0100,15.00,no
2026-10-05T04:41:12.352339Z,KXBTC15M-26OCT050045-45,0.0110,0.01,no
2026-10-05T04:41:12.352339Z,KXBTC15M-26OCT050045-45,0.0110,1.00,no
2026-10-05T04:41:12.352339Z,KXBTC15M-26OCT050045-45,0.0100,36.26,no
2026-10-05T04:41:12.352339Z,KXBTC15M-26OCT050045-45,0.0100,50.00,no
2026-10-05T04:41:12.352339Z,KXBTC15M-26OCT050045-45,0.0100,15.00,no
2026-10-05T04:41:12.352339Z,KXBTC15M-26OCT050045-45,0.0100,6.00,no
2026-10-05T04:41:12.352339Z,KXBTC15M-26OCT050045-45,0.0100,15.00,no
2026-10-05T04:41:12.352556Z,KXBTC15M-26OCT050045-45,0.0090,0.02,no
2026-10-05T04:41:12.354793Z,KXBTC15M-26OCT050045-45,0.0090,0.02,no
2026-10-05T04:41:12.443442Z,KXBTC15M-26OCT050045-45,0.0090,1.64,no
2026-10-05T04:41:12.447091Z,KXBTC15M-26OCT050045-45,0.0100,93.75,yes
2026-10-05T04:41:12.447091Z,KXBTC15M-26OCT050045-45,0.0100,78.97,yes
2026-10-05T04:41:12.850206Z,KXBTC15M-26OCT050045-45,0.0100,0.10,yes
2026-10-05T04:41:12.850206Z,KXBTC15M-26OCT050045-45,0.0100,876.90,yes
2026-10-05T04:41:12.850206Z,KXBTC15M-26OCT050045-45,0.0100,50.00,yes
2026-10-05T04:41:12.850206Z,KXBTC15M-26OCT050045-45,0.0100,1.00,yes
2026-10-05T04:41:12.949078Z,KXBTC15M-26OCT050045-45,0.0090,400.28,no
2026-10-05T04:41:12.949078Z,KXBTC15M-26OCT050045-45,0.0090,118.32,no
2026-10-05T04:41:12.993163Z,KXBTC15M-26OCT050045-45,0.0100,25.00,yes
2026-10-05T04:41:13.067709Z,KXBTC15M-26OCT050045-45,0.0090,125.79,no
2026-10-05T04:41:13.100486Z,KXBTC15M-26OCT050045-45,0.0100,3.00,yes
2026-10-05T04:41:13.161031Z,KXBTC15M-26OCT050045-45,0.0100,1.00,yes
2026-10-05T04:41:13.172516Z,KXBTC15M-26OCT050045-45,0.0100,8.00,yes
2026-10-05T04:41:13.285757Z,KXBTC15M-26OCT050045-45,0.0100,20.00,yes
2026-10-05T04:41:13.366611Z,KXBTC15M-26OCT050045-45,0.0090,43.36,no
2026-10-05T04:41:13.395767Z,KXBTC15M-26OCT050045-45,0.0090,7.00,no
2026-10-05T04:41:13.449484Z,KXBTC15M-26OCT050045-45,0.0100,3.12,yes
2026-10-05T04:41:13.457106Z,KXBTC15M-26OCT050045-45,0.0100,736.90,yes
2026-10-05T04:41:13.470044Z,KXBTC15M-26OCT050045-45,0.0100,7.16,yes
2026-10-05T04:41:13.497353Z,KXBTC15M-26OCT050045-45,0.0100,333.00,yes
2026-10-05T04:41:13.501489Z,KXBTC15M-26OCT050045-45,0.0100,53.80,yes
2026-10-05T04:41:13.557808Z,KXBTC15M-26OCT050045-45,0.0100,179.40,yes
2026-10-05T04:41:13.643975Z,KXBTC15M-26OCT050045-45,0.0100,48.00,yes
2026-10-05T04:41:13.653539Z,KXBTC15M-26OCT050045-45,0.0100,5.46,yes
2026-10-05T04:41:13.68297Z,KXBTC15M-26OCT050045-45,0.0100,93.51,yes
2026-10-05T04:41:13.709142Z,KXBTC15M-26OCT050045-45,0.0100,2.19,yes
2026-10-05T04:41:13.755365Z,KXBTC15M-26OCT050045-45,0.0100,93.51,yes
2026-10-05T04:41:13.763541Z,KXBTC15M-26OCT050045-45,0.0090,1.00,no
2026-10-05T04:41:13.763541Z,KXBTC15M-26OCT050045-45,0.0090,750.00,no
2026-10-05T04:41:13.763541Z,KXBTC15M-26OCT050045-45,0.0090,6.00,no
2026-10-05T04:41:13.763541Z,KXBTC15M-26OCT050045-45,0.0090,0.01,no
2026-10-05T04:41:13.763541Z,KXBTC15M-26OCT050045-45,0.0090,15.00,no
2026-10-05T04:41:13.763541Z,KXBTC15M-26OCT050045-45,0.0090,85.13,no
2026-10-05T04:41:13.763541Z,KXBTC15M-26OCT050045-45,0.0090,422.57,no
2026-10-05T04:41:13.837624Z,KXBTC15M-26OCT050045-45,0.0100,4.00,yes
2026-10-05T04:41:13.896591Z,KXBTC15M-26OCT050045-45,0.0100,16.83,yes
2026-10-05T04:41:13.913819Z,KXBTC15M-26OCT050045-45,0.0090,0.10,no
2026-10-05T04:41:13.913819Z,KXBTC15M-26OCT050045-45,0.0090,0.01,no
2026-10-05T04:41:13.913819Z,KXBTC15M-26OCT050045-45,0.0090,133.52,no
2026-10-05T04:41:14.012795Z,KXBTC15M-26OCT050045-45,0.0100,9.35,yes
2026-10-05T04:41:14.057089Z,KXBTC15M-26OCT050045-45,0.0100,45.55,yes
2026-10-05T04:41:14.137767Z,KXBTC15M-26OCT050045-45,0.0090,0.01,no
2026-10-05T04:41:14.137767Z,KXBTC15M-26OCT050045-45,0.0090,0.01,no
2026-10-05T04:41:14.137767Z,KXBTC15M-26OCT050045-45,0.0080,61.40,no
2026-10-05T04:41:14.186647Z,KXBTC15M-26OCT050045-45,0.0090,17.76,yes
2026-10-05T04:41:14.193378Z,KXBTC15M-26OCT050045-45,0.0080,2.00,no
2026-10-05T04:41:14.193378Z,KXBTC15M-26OCT050045-45,0.0080,844.00,no
2026-10-05T04:41:14.193378Z,KXBTC15M-26OCT050045-45,0.0080,1.00,no
2026-10-05T04:41:14.193378Z,KXBTC15M-26OCT050045-45,0.0080,28.55,no
2026-10-05T04:41:14.193378Z,KXBTC15M-26OCT050045-45,0.0080,58.60,no
2026-10-05T04:41:14.208695Z,KXBTC15M-26OCT050045-45,0.0080,20.00,no
2026-10-05T04:41:14.21215Z,KXBTC15M-26OCT050045-45,0.0090,8.98,yes
2026-10-05T04:41:14.219331Z,KXBTC15M-26OCT050045-45,0.0090,123.26,yes
2026-10-05T04:41:14.219331Z,KXBTC15M-26OCT050045-45,0.0090,56.65,yes
2026-10-05T04:41:14.238613Z,KXBTC15M-26OCT050045-45,0.0090,77.94,yes
2026-10-05T04:41:14.271922Z,KXBTC15M-26OCT050045-45,0.0080,96.80,no
2026-10-05T04:41:14.493451Z,KXBTC15M-26OCT050045-45,0.0090,0.93,yes
2026-10-05T04:41:14.675207Z,KXBTC15M-26OCT050045-45,0.0080,0.01,no
2026-10-05T04:41:14.675207Z,KXBTC15M-26OCT050045-45,0.0080,86.00,no
2026-10-05T04:41:14.675207Z,KXBTC15M-26OCT050045-45,0.0080,6.00,no
2026-10-05T04:41:14.675207Z,KXBTC15M-26OCT050045-45,0.0080,0.01,no
2026-10-05T04:41:14.675207Z,KXBTC15M-26OCT050045-45,0.0080,15.00,no
2026-10-05T04:41:14.675207Z,KXBTC15M-26OCT050045-45,0.0080,4.65,no
2026-10-05T04:41:14.675207Z,KXBTC15M-26OCT050045-45,0.0070,500.09,no
2026-10-05T04:41:14.744969Z,KXBTC15M-26OCT050045-45,0.0080,0.01,no
2026-10-05T04:41:14.744969Z,KXBTC15M-26OCT050045-45,0.0080,150.00,no
2026-10-05T04:41:14.744969Z,KXBTC15M-26OCT050045-45,0.0080,0.01,no
2026-10-05T04:41:14.744969Z,KXBTC15M-26OCT050045-45,0.0070,1.10,no
2026-10-05T04:41:14.761129Z,KXBTC15M-26OCT050045-45,0.0070,8.00,no
2026-10-05T04:41:14.775435Z,KXBTC15M-26OCT050045-45,0.0070,37.00,no
2026-10-05T04:41:14.781753Z,KXBTC15M-26OCT050045-45,0.0070,1280.00,no
2026-10-05T04:41:14.781753Z,KXBTC15M-26OCT050045-45,0.0070,170.48,no
2026-10-05T04:41:14.781753Z,KXBTC15M-26OCT050045-45,0.0070,733.81,no
2026-10-05T04:41:14.789696Z,KXBTC15M-26OCT050045-45,0.0070,15.00,no
2026-10-05T04:41:14.795023Z,KXBTC15M-26OCT050045-45,0.0080,103.91,yes
2026-10-05T04:41:14.805009Z,KXBTC15M-26OCT050045-45,0.0070,7.00,no
2026-10-05T04:41:14.83438Z,KXBTC15M-26OCT050045-45,0.0070,82.00,no
2026-10-05T04:41:14.849591Z,KXBTC15M-26OCT050045-45,0.0070,33.00,no
2026-10-05T04:41:14.864727Z,KXBTC15M-26OCT050045-45,0.0070,215.00,no
2026-10-05T04:41:14.905973Z,KXBTC15M-26OCT050045-45,0.0080,1.96,yes
2026-10-05T04:41:14.905973Z,KXBTC15M-26OCT050045-45,0.0080,0.01,yes
2026-10-05T04:41:14.905973Z,KXBTC15M-26OCT050045-45,0.0080,0.01,yes
2026-10-05T04:41:14.905973Z,KXBTC15M-26OCT050045-45,0.0080,0.10,yes
2026-10-05T04:41:14.946527Z,KXBTC15M-26OCT050045-45,0.0070,0.25,no
2026-10-05T04:41:14.952935Z,KXBTC15M-26OCT050045-45,0.0070,32.28,no
2026-10-05T04:41:15.03509Z,KXBTC15M-26OCT050045-45,0.0070,26.26,no
2026-10-05T04:41:15.10815Z,KXBTC15M-26OCT050045-45,0.0080,1.00,yes
2026-10-05T04:41:15.10815Z,KXBTC15M-26OCT050045-45,0.0080,30.96,yes
2026-10-05T04:41:15.10815Z,KXBTC15M-26OCT050045-45,0.0080,13.04,yes
2026-10-05T04:41:15.10815Z,KXBTC15M-26OCT050045-45,0.0080,8.00,yes
2026-10-05T04:41:15.10815Z,KXBTC15M-26OCT050045-45,0.0080,1.00,yes
2026-10-05T04:41:15.234471Z,KXBTC15M-26OCT050045-45,0.0070,402.62,no
2026-10-05T04:41:15.269489Z,KXBTC15M-26OCT050045-45,0.0070,43.14,no
2026-10-05T04:41:15.307595Z,KXBTC15M-26OCT050045-45,0.0080,6.04,yes
2026-10-05T04:41:15.307595Z,KXBTC15M-26OCT050045-45,0.0080,72.81,yes
2026-10-05T04:41:15.332153Z,KXBTC15M-26OCT050045-45,0.0070,0.05,no
2026-10-05T04:41:15.366632Z,KXBTC15M-26OCT050045-45,0.0070,120.00,no
2026-10-05T04:41:15.366632Z,KXBTC15M-26OCT050045-45,0.0070,252.92,no
2026-10-05T04:41:15.366632Z,KXBTC15M-26OCT050045-45,0.0070,1237.56,no
2026-10-05T04:41:15.381166Z,KXBTC15M-26OCT050045-45,0.0080,1.09,yes
2026-10-05T04:41:15.566566Z,KXBTC15M-26OCT050045-45,0.0070,5.82,no
2026-10-05T04:41:15.566566Z,KXBTC15M-26OCT050045-45,0.0070,42.44,no
2026-10-05T04:41:15.579886Z,KXBTC15M-26OCT050045-45,0.0080,8.97,yes
2026-10-05T04:41:15.601491Z,KXBTC15M-26OCT050045-45,0.0070,240.52,no
2026-10-05T04:41:15.622559Z,KXBTC15M-26OCT050045-45,0.0080,29.27,yes
2026-10-05T04:41:15.622559Z,KXBTC15M-26OCT050045-45,0.0080,87.61,yes
2026-10-05T04:41:15.715726Z,KXBTC15M-26OCT050045-45,0.0070,0.50,no
2026-10-05T04:41:15.773795Z,KXBTC15M-26OCT050045-45,0.0070,259.91,no
2026-10-05T04:41:15.780365Z,KXBTC15M-26OCT050045-45,0.0070,1.00,no
2026-10-05T04:41:15.906442Z,KXBTC15M-26OCT050045-45,0.0080,50.00,yes
2026-10-05T04:41:15.953672Z,KXBTC15M-26OCT050045-45,0.0080,100.00,yes
2026-10-05T04:41:15.988912Z,KXBTC15M-26OCT050045-45,0.0070,6.00,no
2026-10-05T04:41:16.002926Z,KXBTC15M-26OCT050045-45,0.0080,90.20,yes
2026-10-05T04:41:16.071226Z,KXBTC15M-26OCT050045-45,0.0060,10.00,no
2026-10-05T04:41:16.071226Z,KXBTC15M-26OCT050045-45,0.0070,10.00,no
2026-10-05T04:41:16.071226Z,KXBTC15M-26OCT050045-45,0.0060,2.00,no
2026-10-05T04:41:16.071226Z,KXBTC15M-26OCT050045-45,0.0060,2.00,no
2026-10-05T04:41:16.071226Z,KXBTC15M-26OCT050045-45,0.0070,0.10,no
2026-10-05T04:41:16.071226Z,KXBTC15M-26OCT050045-45,0.0070,46.59,no
2026-10-05T04:41:16.071226Z,KXBTC15M-26OCT050045-45,0.0070,0.01,no
2026-10-05T04:41:16.071226Z,KXBTC15M-26OCT050045-45,0.0070,1.00,no
2026-10-05T04:41:16.071226Z,KXBTC15M-26OCT050045-45,0.0070,150.00,no
2026-10-05T04:41:16.071226Z,KXBTC15M-26OCT050045-45,0.0060,270.00,no
2026-10-05T04:41:16.071226Z,KXBTC15M-26OCT050045-45,0.0070,15.00,no
2026-10-05T04:41:16.071226Z,KXBTC15M-26OCT050045-45,0.0070,0.01,no
2026-10-05T04:41:16.071226Z,KXBTC15M-26OCT050045-45,0.0060,100.00,no
2026-10-05T04:41:16.071226Z,KXBTC15M-26OCT050045-45,0.0070,129.00,no
2026-10-05T04:41:16.071226Z,KXBTC15M-26OCT050045-45,0.0070,2.00,no
2026-10-05T04:41:16.071226Z,KXBTC15M-26OCT050045-45,0.0060,1125.00,no
2026-10-05T04:41:16.071226Z,KXBTC15M-26OCT050045-45,0.0070,6.00,no
2026-10-05T04:41:16.071226Z,KXBTC15M-26OCT050045-45,0.0060,20.00,no
2026-10-05T04:41:16.071226Z,KXBTC15M-26OCT050045-45,0.0070,2627.25,no
2026-10-05T04:41:16.071226Z,KXBTC15M-26OCT050045-45,0.0060,120.00,no
2026-10-05T04:41:16.071226Z,KXBTC15M-26OCT050045-45,0.0050,2000.00,no
2026-10-05T04:41:16.071226Z,KXBTC15M-26OCT050045-45,0.0060,1280.00,no
2026-10-05T04:41:16.071226Z,KXBTC15M-26OCT050045-45,0.0060,1230.00,no
2026-10-05T04:41:16.071226Z,KXBTC15M-26OCT050045-45,0.0050,2000.00,no
2026-10-05T04:41:16.071226Z,KXBTC15M-26OCT050045-45,0.0050,321.39,no
2026-10-05T04:41:16.071226Z,KXBTC15M-26OCT050045-45,0.0060,50.00,no
2026-10-05T04:41:16.071226Z,KXBTC15M-26OCT050045-45,0.0060,1280.00,no
2026-10-05T04:41:16.071226Z,KXBTC15M-26OCT050045-45,0.0060,1280.00,no
2026-10-05T04:41:16.074162Z,KXBTC15M-26OCT050045-45,0.0080,116.88,yes
2026-10-05T04:41:16.122767Z,KXBTC15M-26OCT050045-45,0.0070,116.88,yes
2026-10-05T04:41:16.128766Z,KXBTC15M-26OCT050045-45,0.0060,1.00,no
2026-10-05T04:41:16.128766Z,KXBTC15M-26OCT050045-45,0.0060,0.01,no
2026-10-05T04:41:16.128766Z,KXBTC15M-26OCT050045-45,0.0060,100.00,no
2026-10-05T04:41:16.128766Z,KXBTC15M-26OCT050045-45,0.0060,400.00,no
2026-10-05T04:41:16.128766Z,KXBTC15M-26OCT050045-45,0.0060,0.01,no
2026-10-05T04:41:16.128766Z,KXBTC15M-26OCT050045-45,0.0060,20.00,no
2026-10-05T04:41:16.128766Z,KXBTC15M-26OCT050045-45,0.0060,150.00,no
2026-10-05T04:41:16.137823Z,KXBTC15M-26OCT050045-45,0.0060,68.96,yes
2026-10-05T04:41:16.14612Z,KXBTC15M-26OCT050045-45,0.0050,82.00,no
2026-10-05T04:41:16.158292Z,KXBTC15M-26OCT050045-45,0.0050,212.00,no
2026-10-05T04:41:16.175011Z,KXBTC15M-26OCT050045-45,0.0050,33.00,no
2026-10-05T04:41:16.200259Z,KXBTC15M-26OCT050045-45,0.0050,42.03,no
2026-10-05T04:41:16.234179Z,KXBTC15M-26OCT050045-45,0.0050,986.41,no
2026-10-05T04:41:16.311006Z,KXBTC15M-26OCT050045-45,0.0060,100.00,yes
2026-10-05T04:41:16.313623Z,KXBTC15M-26OCT050045-45,0.0060,5.00,yes
2026-10-05T04:41:16.471462Z,KXBTC15M-26OCT050045-45,0.0060,111.04,yes
2026-10-05T04:41:16.52795Z,KXBTC15M-26OCT050045-45,0.0060,1000.00,yes
2026-10-05T04:41:16.573414Z,KXBTC15M-26OCT050045-45,0.0050,2.27,no
2026-10-05T04:41:16.578356Z,KXBTC15M-26OCT050045-45,0.0050,320.90,no
2026-10-05T04:41:16.578356Z,KXBTC15M-26OCT050045-45,0.0050,614.90,no
2026-10-05T04:41:16.607337Z,KXBTC15M-26OCT050045-45,0.0060,0.02,yes
2026-10-05T04:41:16.610254Z,KXBTC15M-26OCT050045-45,0.0060,0.01,yes
2026-10-05T04:41:16.610254Z,KXBTC15M-26OCT050045-45,0.0060,645.93,yes
2026-10-05T04:41:16.610254Z,KXBTC15M-26OCT050045-45,0.0060,15.00,yes
2026-10-05T04:41:16.610254Z,KXBTC15M-26OCT050045-45,0.0060,43.96,yes
2026-10-05T04:41:16.610254Z,KXBTC15M-26OCT050045-45,0.0060,1.00,yes
2026-10-05T04:41:16.610254Z,KXBTC15M-26OCT050045-45,0.0060,212.00,yes
2026-10-05T04:41:16.610254Z,KXBTC15M-26OCT050045-45,0.0060,0.10,yes
2026-10-05T04:41:16.610254Z,KXBTC15M-26OCT050045-45,0.0060,82.00,yes
2026-10-05T04:41:16.610664Z,KXBTC15M-26OCT050045-45,0.0060,35.64,yes
2026-10-05T04:41:16.621386Z,KXBTC15M-26OCT050045-45,0.0060,0.02,yes
2026-10-05T04:41:16.623858Z,KXBTC15M-26OCT050045-45,0.0060,0.02,yes
2026-10-05T04:41:16.673195Z,KXBTC15M-26OCT050045-45,0.0060,153.46,yes
2026-10-05T04:41:16.796792Z,KXBTC15M-26OCT050045-45,0.0050,19.02,no
2026-10-05T04:41:16.840641Z,KXBTC15M-26OCT050045-45,0.0050,7.84,no
2026-10-05T04:41:16.850402Z,KXBTC15M-26OCT050045-45,0.0050,12.58,no
2026-10-05T04:41:16.921818Z,KXBTC15M-26OCT050045-45,0.0060,72.75,yes
2026-10-05T04:41:16.921818Z,KXBTC15M-26OCT050045-45,0.0060,42.03,yes
2026-10-05T04:41:16.921818Z,KXBTC15M-26OCT050045-45,0.0060,4.93,yes
2026-10-05T04:41:16.921818Z,KXBTC15M-26OCT050045-45,0.0060,33.00,yes
2026-10-05T04:41:16.949856Z,KXBTC15M-26OCT050045-45,0.0050,1.96,no
2026-10-05T04:41:16.976856Z,KXBTC15M-26OCT050045-45,0.0050,748.94,no
2026-10-05T04:41:17.006378Z,KXBTC15M-26OCT050045-45,0.0060,152.71,yes
2026-10-05T04:41:17.123336Z,KXBTC15M-26OCT050045-45,0.0060,1.00,yes
2026-10-05T04:41:17.136835Z,KXBTC15M-26OCT050045-45,0.0060,69.27,yes
2026-10-05T04:41:17.136835Z,KXBTC15M-26OCT050045-45,0.0060,60.54,yes
2026-10-05T04:41:17.144437Z,KXBTC15M-26OCT050045-45,0.0050,557.59,no
2026-10-05T04:41:17.154359Z,KXBTC15M-26OCT050045-45,0.0050,120.00,no
2026-10-05T04:41:17.154359Z,KXBTC15M-26OCT050045-45,0.0050,37.17,no
2026-10-05T04:41:17.154359Z,KXBTC15M-26OCT050045-45,0.0050,1.38,no
2026-10-05T04:41:17.182391Z,KXBTC15M-26OCT050045-45,0.0060,3.11,yes
2026-10-05T04:41:17.193306Z,KXBTC15M-26OCT050045-45,0.0060,200.45,yes
2026-10-05T04:41:17.213799Z,KXBTC15M-26OCT050045-45,0.0060,2.27,yes
2026-10-05T04:41:17.213799Z,KXBTC15M-26OCT050045-45,0.0060,713.58,yes
2026-10-05T04:41:17.213799Z,KXBTC15M-26OCT050045-45,0.0060,227.49,yes
2026-10-05T04:41:17.213799Z,KXBTC15M-26OCT050045-45,0.0060,614.90,yes
2026-10-05T04:41:17.302006Z,KXBTC15M-26OCT050045-45,0.0060,13.29,yes
2026-10-05T04:41:17.370185Z,KXBTC15M-26OCT050045-45,0.0060,17.32,yes
2026-10-05T04:41:17.454298Z,KXBTC15M-26OCT050045-45,0.0060,1.96,yes
2026-10-05T04:41:17.454298Z,KXBTC15M-26OCT050045-45,0.0060,1.00,yes
2026-10-05T04:41:17.454298Z,KXBTC15M-26OCT050045-45,0.0060,1.00,yes
2026-10-05T04:41:17.454298Z,KXBTC15M-26OCT050045-45,0.0060,0.01,yes
2026-10-05T04:41:17.454298Z,KXBTC15M-26OCT050045-45,0.0060,0.01,yes
2026-10-05T04:41:17.454298Z,KXBTC15M-26OCT050045-45,0.0060,62.80,yes
2026-10-05T04:41:17.454298Z,KXBTC15M-26OCT050045-45,0.0060,15.00,yes
2026-10-05T04:41:17.454298Z,KXBTC15M-26OCT050045-45,0.0060,19.02,yes
2026-10-05T04:41:17.454298Z,KXBTC15M-26OCT050045-45,0.0060,31.39,yes
2026-10-05T04:41:17.454298Z,KXBTC15M-26OCT050045-45,0.0060,0.10,yes
2026-10-05T04:41:17.454298Z,KXBTC15M-26OCT050045-45,0.0060,12.58,yes
2026-10-05T04:41:17.454298Z,KXBTC15M-26OCT050045-45,0.0060,7.84,yes
2026-10-05T04:41:17.501749Z,KXBTC15M-26OCT050045-45,0.0050,3.74,no
2026-10-05T04:41:17.635536Z,KXBTC15M-26OCT050045-45,0.0050,105.07,no
2026-10-05T04:41:17.676051Z,KXBTC15M-26OCT050045-45,0.0050,112.28,no
2026-10-05T04:41:17.676614Z,KXBTC15M-26OCT050045-45,0.0060,77.91,yes
2026-10-05T04:41:17.727024Z,KXBTC15M-26OCT050045-45,0.0060,7.30,yes
2026-10-05T04:41:17.789056Z,KXBTC15M-26OCT050045-45,0.0050,0.02,no
2026-10-05T04:41:17.824015Z,KXBTC15M-26OCT050045-45,0.0060,178.00,yes
2026-10-05T04:41:17.837685Z,KXBTC15M-26OCT050045-45,0.0050,311.77,no
2026-10-05T04:41:17.884492Z,KXBTC15M-26OCT050045-45,0.0050,5.02,no
2026-10-05T04:41:17.922489Z,KXBTC15M-26OCT050045-45,0.0060,0.01,yes
2026-10-05T04:41:17.922489Z,KXBTC15M-26OCT050045-45,0.0060,120.00,yes
2026-10-05T04:41:17.922489Z,KXBTC15M-26OCT050045-45,0.0060,0.02,yes
2026-10-05T04:41:17.922489Z,KXBTC15M-26OCT050045-45,0.0060,112.28,yes
2026-10-05T04:41:17.922489Z,KXBTC15M-26OCT050045-45,0.0060,3.74,yes
2026-10-05T04:41:17.922489Z,KXBTC15M-26OCT050045-45,0.0060,105.88,yes
2026-10-05T04:41:17.922489Z,KXBTC15M-26OCT050045-45,0.0060,37.17,yes
2026-10-05T04:41:17.922489Z,KXBTC15M-26OCT050045-45,0.0060,1.00,yes
2026-10-05T04:41:17.922489Z,KXBTC15M-26OCT050045-45,0.0060,105.07,yes
2026-10-05T04:41:17.922489Z,KXBTC15M-26OCT050045-45,0.0060,15.00,yes
2026-10-05T04:41:17.922489Z,KXBTC15M-26OCT050045-45,0.0060,557.59,yes
2026-10-05T04:41:17.922489Z,KXBTC15M-26OCT050045-45,0.0060,44.75,yes
2026-10-05T04:41:17.922489Z,KXBTC15M-26OCT050045-45,0.0060,1.38,yes
2026-10-05T04:41:17.922489Z,KXBTC15M-26OCT050045-45,0.0060,0.01,yes
2026-10-05T04:41:17.922489Z,KXBTC15M-26OCT050045-45,0.0060,454.34,yes
2026-10-05T04:41:17.984313Z,KXBTC15M-26OCT050045-45,0.0060,77.91,yes
2026-10-05T04:41:18.040969Z,KXBTC15M-26OCT050045-45,0.0060,0.01,yes
2026-10-05T04:41:18.040969Z,KXBTC15M-26OCT050045-45,0.0060,15.00,yes
2026-10-05T04:41:18.040969Z,KXBTC15M-26OCT050045-45,0.0060,127.98,yes
2026-10-05T04:41:18.040969Z,KXBTC15M-26OCT050045-45,0.0060,5.02,yes
2026-10-05T04:41:18.040969Z,KXBTC15M-26OCT050045-45,0.0060,0.01,yes
2026-10-05T04:41:18.051993Z,KXBTC15M-26OCT050045-45,0.0060,40.05,no
2026-10-05T04:41:18.056136Z,KXBTC15M-26OCT050045-45,0.0060,20.00,no
2026-10-05T04:41:18.056136Z,KXBTC15M-26OCT050045-45,0.0060,109.95,no
2026-10-05T04:41:18.056136Z,KXBTC15M-26OCT050045-45,0.0060,0.01,no
2026-10-05T04:41:18.056136Z,KXBTC15M-26OCT050045-45,0.0060,673.03,no
2026-10-05T04:41:18.056136Z,KXBTC15M-26OCT050045-45,0.0060,0.01,no
2026-10-05T04:41:18.056136Z,KXBTC15M-26OCT050045-45,0.0060,10.00,no
2026-10-05T04:41:18.056136Z,KXBTC15M-26OCT050045-45,0.0060,10.00,no
2026-10-05T04:41:18.056136Z,KXBTC15M-26OCT050045-45,0.0060,177.00,no
2026-10-05T04:41:18.156819Z,KXBTC15M-26OCT050045-45,0.0060,1.00,no
2026-10-05T04:41:18.236422Z,KXBTC15M-26OCT050045-45,0.0070,0.02,yes
2026-10-05T04:41:18.256958Z,KXBTC15M-26OCT050045-45,0.0060,17.40,no
2026-10-05T04:41:18.371351Z,KXBTC15M-26OCT050045-45,0.0070,1279.98,yes
2026-10-05T04:41:18.371351Z,KXBTC15M-26OCT050045-45,0.0070,1280.00,yes
2026-10-05T04:41:18.371351Z,KXBTC15M-26OCT050045-45,0.0070,120.00,yes
2026-10-05T04:41:18.371351Z,KXBTC15M-26OCT050045-45,0.0070,50.00,yes
2026-10-05T04:41:18.371351Z,KXBTC15M-26OCT050045-45,0.0070,127.16,yes
2026-10-05T04:41:18.425121Z,KXBTC15M-26OCT050045-45,0.0060,4.00,no
2026-10-05T04:41:18.425121Z,KXBTC15M-26OCT050045-45,0.0060,150.00,no
2026-10-05T04:41:18.425121Z,KXBTC15M-26OCT050045-45,0.0060,400.00,no
2026-10-05T04:41:18.425121Z,KXBTC15M-26OCT050045-45,0.0060,0.01,no
2026-10-05T04:41:18.425121Z,KXBTC15M-26OCT050045-45,0.0060,0.10,no
2026-10-05T04:41:18.425121Z,KXBTC15M-26OCT050045-45,0.0060,100.00,no
2026-10-05T04:41:18.425121Z,KXBTC15M-26OCT050045-45,0.0060,10.00,no
2026-10-05T04:41:18.425121Z,KXBTC15M-26OCT050045-45,0.0060,81.60,no
2026-10-05T04:41:18.425121Z,KXBTC15M-26OCT050045-45,0.0060,10.00,no
2026-10-05T04:41:18.425121Z,KXBTC15M-26OCT050045-45,0.0060,0.01,no
2026-10-05T04:41:18.425121Z,KXBTC15M-26OCT050045-45,0.0060,0.10,no
2026-10-05T04:41:18.425121Z,KXBTC15M-26OCT050045-45,0.0060,20.00,no
2026-10-05T04:41:18.425121Z,KXBTC15M-26OCT050045-45,0.0060,1.00,no
2026-10-05T04:41:18.425121Z,KXBTC15M-26OCT050045-45,0.0050,484.72,no
2026-10-05T04:41:18.425121Z,KXBTC15M-26OCT050045-45,0.0050,100.00,no
2026-10-05T04:41:18.425121Z,KXBTC15M-26OCT050045-45,0.0050,50.00,no
2026-10-05T04:41:18.425121Z,KXBTC15M-26OCT050045-45,0.0050,50.00,no
2026-10-05T04:41:18.425121Z,KXBTC15M-26OCT050045-45,0.0050,50.00,no
2026-10-05T04:41:18.425121Z,KXBTC15M-26OCT050045-45,0.0050,90.00,no
2026-10-05T04:41:18.425121Z,KXBTC15M-26OCT050045-45,0.0050,11.00,no
2026-10-05T04:41:18.425121Z,KXBTC15M-26OCT050045-45,0.0050,287.46,no
2026-10-05T04:41:18.425121Z,KXBTC15M-26OCT050045-45,0.0050,100.00,no
2026-10-05T04:41:18.663469Z,KXBTC15M-26OCT050045-45,0.0060,0.01,yes
2026-10-05T04:41:18.663469Z,KXBTC15M-26OCT050045-45,0.0060,11.90,yes
2026-10-05T04:41:18.663469Z,KXBTC15M-26OCT050045-45,0.0060,0.01,yes
2026-10-05T04:41:18.663469Z,KXBTC15M-26OCT050045-45,0.0060,0.10,yes
2026-10-05T04:41:18.670922Z,KXBTC15M-26OCT050045-45,0.0060,3.10,yes
2026-10-05T04:41:18.670922Z,KXBTC15M-26OCT050045-45,0.0060,18.90,yes
2026-10-05T04:41:18.682245Z,KXBTC15M-26OCT050045-45,0.0060,152.71,yes
2026-10-05T04:41:18.872896Z,KXBTC15M-26OCT050045-45,0.0050,8.66,no
2026-10-05T04:41:18.891252Z,KXBTC15M-26OCT050045-45,0.0050,3.88,no
2026-10-05T04:41:18.891252Z,KXBTC15M-26OCT050045-45,0.0050,87.54,no
2026-10-05T04:41:18.914992Z,KXBTC15M-26OCT050045-45,0.0050,2.46,no
2026-10-05T04:41:18.914992Z,KXBTC15M-26OCT050045-45,0.0050,69.83,no
2026-10-05T04:41:19.11407Z,KXBTC15M-26OCT050045-45,0.0060,155.83,yes
2026-10-05T04:41:19.18941Z,KXBTC15M-26OCT050045-45,0.0050,18.00,no
2026-10-05T04:41:19.209247Z,KXBTC15M-26OCT050045-45,0.0060,23.43,yes
2026-10-05T04:41:19.311511Z,KXBTC15M-26OCT050045-45,0.0050,300.00,no
2026-10-05T04:41:19.311511Z,KXBTC15M-26OCT050045-45,0.0050,100.00,no
2026-10-05T04:41:19.311511Z,KXBTC15M-26OCT050045-45,0.0050,35.00,no
2026-10-05T04:41:19.311511Z,KXBTC15M-26OCT050045-45,0.0050,35.00,no
2026-10-05T04:41:19.311511Z,KXBTC15M-26OCT050045-45,0.0050,2.17,no
2026-10-05T04:41:19.311511Z,KXBTC15M-26OCT050045-45,0.0050,116.24,no
2026-10-05T04:41:19.311511Z,KXBTC15M-26OCT050045-45,0.0050,150.00,no
2026-10-05T04:41:19.311511Z,KXBTC15M-26OCT050045-45,0.0050,100.00,no
2026-10-05T04:41:19.311511Z,KXBTC15M-26OCT050045-45,0.0050,50.00,no
2026-10-05T04:41:19.311511Z,KXBTC15M-26OCT050045-45,0.0050,100.00,no
2026-10-05T04:41:19.311511Z,KXBTC15M-26OCT050045-45,0.0050,90.00,no
2026-10-05T04:41:19.311511Z,KXBTC15M-26OCT050045-45,0.0050,100.00,no
2026-10-05T04:41:19.311511Z,KXBTC15M-26OCT050045-45,0.0050,50.00,no
2026-10-05T04:41:19.311511Z,KXBTC15M-26OCT050045-45,0.0050,100.00,no
2026-10-05T04:41:19.311511Z,KXBTC15M-26OCT050045-45,0.0050,50.00,no
2026-10-05T04:41:19.326283Z,KXBTC15M-26OCT050045-45,0.0060,152.71,yes
2026-10-05T04:41:19.333955Z,KXBTC15M-26OCT050045-45,0.0060,200.00,yes
2026-10-05T04:41:19.333955Z,KXBTC15M-26OCT050045-45,0.0060,386.26,yes
2026-10-05T04:41:19.333955Z,KXBTC15M-26OCT050045-45,0.0060,0.01,yes
2026-10-05T04:41:19.333955Z,KXBTC15M-26OCT050045-45,0.0060,833.00,yes
2026-10-05T04:41:19.333955Z,KXBTC15M-26OCT050045-45,0.0060,15.00,yes
2026-10-05T04:41:19.333955Z,KXBTC15M-26OCT050045-45,0.0060,1.00,yes
2026-10-05T04:41:19.333955Z,KXBTC15M-26OCT050045-45,0.0060,1330.42,yes
2026-10-05T04:41:19.333955Z,KXBTC15M-26OCT050045-45,0.0060,0.10,yes
2026-10-05T04:41:19.333955Z,KXBTC15M-26OCT050045-45,0.0060,0.01,yes
2026-10-05T04:41:19.333955Z,KXBTC15M-26OCT050045-45,0.0070,263.98,yes
2026-10-05T04:41:19.338198Z,KXBTC15M-26OCT050045-45,0.0070,43.84,yes
2026-10-05T04:41:19.689321Z,KXBTC15M-26OCT050045-45,0.0070,96.95,yes
2026-10-05T04:41:19.752832Z,KXBTC15M-26OCT050045-45,0.0060,150.00,no
2026-10-05T04:41:19.752832Z,KXBTC15M-26OCT050045-45,0.0060,0.10,no
2026-10-05T04:41:19.752832Z,KXBTC15M-26OCT050045-45,0.0060,150.00,no
2026-10-05T04:41:19.752832Z,KXBTC15M-26OCT050045-45,0.0060,0.01,no
2026-10-05T04:41:19.752832Z,KXBTC15M-26OCT050045-45,0.0060,65.29,no
2026-10-05T04:41:19.752832Z,KXBTC15M-26OCT050045-45,0.0060,100.00,no
2026-10-05T04:41:19.752832Z,KXBTC15M-26OCT050045-45,0.0060,0.01,no
2026-10-05T04:41:19.752832Z,KXBTC15M-26OCT050045-45,0.0060,10.00,no
2026-10-05T04:41:19.752832Z,KXBTC15M-26OCT050045-45,0.0060,20.00,no
2026-10-05T04:41:19.833669Z,KXBTC15M-26OCT050045-45,0.0070,40.20,yes
2026-10-05T04:41:19.925483Z,KXBTC15M-26OCT050045-45,0.0060,0.10,no
2026-10-05T04:41:19.925483Z,KXBTC15M-26OCT050045-45,0.0060,147.76,no
2026-10-05T04:41:19.925483Z,KXBTC15M-26OCT050045-45,0.0060,4.00,no
2026-10-05T04:41:19.925483Z,KXBTC15M-26OCT050045-45,0.0060,334.71,no
2026-10-05T04:41:19.925483Z,KXBTC15M-26OCT050045-45,0.0060,1.00,no
2026-10-05T04:41:19.944088Z,KXBTC15M-26OCT050045-45,0.0070,130.90,yes
2026-10-05T04:41:19.953617Z,KXBTC15M-26OCT050045-45,0.0070,60.22,yes
2026-10-05T04:41:19.967301Z,KXBTC15M-26OCT050045-45,0.0070,130.90,yes
2026-10-05T04:41:19.971448Z,KXBTC15M-26OCT050045-45,0.0060,30.16,no
2026-10-05T04:41:20.01967Z,KXBTC15M-26OCT050045-45,0.0060,290.50,no
2026-10-05T04:41:20.054493Z,KXBTC15M-26OCT050045-45,0.0060,20.79,no
2026-10-05T04:41:20.06153Z,KXBTC15M-26OCT050045-45,0.0070,40.60,yes
2026-10-05T04:41:20.06153Z,KXBTC15M-26OCT050045-45,0.0070,1230.00,yes
2026-10-05T04:41:20.06153Z,KXBTC15M-26OCT050045-45,0.0070,385.85,yes
2026-10-05T04:41:20.223118Z,KXBTC15M-26OCT050045-45,0.0070,280.79,yes
2026-10-05T04:41:20.223118Z,KXBTC15M-26OCT050045-45,0.0070,111.91,yes
2026-10-05T04:41:20.247473Z,KXBTC15M-26OCT050045-45,0.0060,36.20,no
2026-10-05T04:41:20.366172Z,KXBTC15M-26OCT050045-45,0.0060,18.13,no
2026-10-05T04:41:20.389569Z,KXBTC15M-26OCT050045-45,0.0070,261.80,yes
2026-10-05T04:41:20.404597Z,KXBTC15M-26OCT050045-45,0.0070,165.41,yes
2026-10-05T04:41:20.478856Z,KXBTC15M-26OCT050045-45,0.0060,59.50,no
2026-10-05T04:41:20.564337Z,KXBTC15M-26OCT050045-45,0.0060,554.95,no
2026-10-05T04:41:20.835557Z,KXBTC15M-26OCT050045-45,0.0070,0.02,yes
2026-10-05T04:41:20.841938Z,KXBTC15M-26OCT050045-45,0.0070,0.02,yes
2026-10-05T04:41:20.842982Z,KXBTC15M-26OCT050045-45,0.0070,36.30,yes
2026-10-05T04:41:20.882696Z,KXBTC15M-26OCT050045-45,0.0070,0.02,yes
2026-10-05T04:41:20.937273Z,KXBTC15M-26OCT050045-45,0.0070,8.19,yes
2026-10-05T04:41:21.037931Z,KXBTC15M-26OCT050045-45,0.0060,970.41,no
2026-10-05T04:41:21.045732Z,KXBTC15M-26OCT050045-45,0.0070,654.51,yes
2026-10-05T04:41:21.181141Z,KXBTC15M-26OCT050045-45,0.0060,42.15,no
2026-10-05T04:41:21.202288Z,KXBTC15M-26OCT050045-45,0.0070,261.80,yes
2026-10-05T04:41:21.37825Z,KXBTC15M-26OCT050045-45,0.0070,130.90,yes
2026-10-05T04:41:21.427546Z,KXBTC15M-26OCT050045-45,0.0070,0.02,yes
2026-10-05T04:41:21.427948Z,KXBTC15M-26OCT050045-45,0.0070,99.00,yes
2026-10-05T04:41:21.428142Z,KXBTC15M-26OCT050045-45,0.0070,99.00,yes
2026-10-05T04:41:21.431566Z,KXBTC15M-26OCT050045-45,0.0070,0.01,yes
2026-10-05T04:41:21.431566Z,KXBTC15M-26OCT050045-45,0.0070,15.00,yes
2026-10-05T04:41:21.431566Z,KXBTC15M-26OCT050045-45,0.0070,1.00,yes
2026-10-05T04:41:21.431566Z,KXBTC15M-26OCT050045-45,0.0070,15.00,yes
2026-10-05T04:41:21.431566Z,KXBTC15M-26OCT050045-45,0.0070,0.01,yes
2026-10-05T04:41:21.431566Z,KXBTC15M-26OCT050045-45,0.0070,0.10,yes
2026-10-05T04:41:21.431566Z,KXBTC15M-26OCT050045-45,0.0070,484.72,yes
2026-10-05T04:41:21.431566Z,KXBTC15M-26OCT050045-45,0.0070,171.10,yes
2026-10-05T04:41:21.431566Z,KXBTC15M-26OCT050045-45,0.0070,36.26,yes
2026-10-05T04:41:21.536025Z,KXBTC15M-26OCT050045-45,0.0070,0.02,no
2026-10-05T04:41:21.57364Z,KXBTC15M-26OCT050045-45,0.0070,31.46,no
2026-10-05T04:41:21.588321Z,KXBTC15M-26OCT050045-45,0.0070,18.28,no
2026-10-05T04:41:21.623324Z,KXBTC15M-26OCT050045-45,0.0070,18.33,no
2026-10-05T04:41:21.656981Z,KXBTC15M-26OCT050045-45,0.0070,0.10,no
2026-10-05T04:41:21.656981Z,KXBTC15M-26OCT050045-45,0.0070,100.00,no
2026-10-05T04:41:21.656981Z,KXBTC15M-26OCT050045-45,0.0070,543.25,no
2026-10-05T04:41:21.656981Z,KXBTC15M-26OCT050045-45,0.0070,0.01,no
2026-10-05T04:41:21.656981Z,KXBTC15M-26OCT050045-45,0.0070,6.00,no
2026-10-05T04:41:21.656981Z,KXBTC15M-26OCT050045-45,0.0070,431.93,no
2026-10-05T04:41:21.656981Z,KXBTC15M-26OCT050045-45,0.0070,150.00,no
2026-10-05T04:41:21.656981Z,KXBTC15M-26OCT050045-45,0.0070,10.00,no
2026-10-05T04:41:21.656981Z,KXBTC15M-26OCT050045-45,0.0070,66.00,no
2026-10-05T04:41:21.811566Z,KXBTC15M-26OCT050045-45,0.0070,31.17,no
2026-10-05T04:41:21.821458Z,KXBTC15M-26OCT050045-45,0.0080,17.50,yes
2026-10-05T04:41:21.823377Z,KXBTC15M-26OCT050045-45,0.0070,1750.00,no
2026-10-05T04:41:21.843162Z,KXBTC15M-26OCT050045-45,0.0070,0.02,no
2026-10-05T04:41:21.847136Z,KXBTC15M-26OCT050045-45,0.0070,1303.49,no
2026-10-05T04:41:21.848223Z,KXBTC15M-26OCT050045-45,0.0070,82.46,no
2026-10-05T04:41:21.863647Z,KXBTC15M-26OCT050045-45,0.0070,3.13,no
2026-10-05T04:41:21.959931Z,KXBTC15M-26OCT050045-45,0.0070,17.00,no
2026-10-05T04:41:21.959931Z,KXBTC15M-26OCT050045-45,0.0070,277.47,no
2026-10-05T04:41:21.959931Z,KXBTC15M-26OCT050045-45,0.0070,17.56,no
2026-10-05T04:41:21.984967Z,KXBTC15M-26OCT050045-45,0.0050,35.00,no
2026-10-05T04:41:21.984967Z,KXBTC15M-26OCT050045-45,0.0050,50.00,no
2026-10-05T04:41:21.984967Z,KXBTC15M-26OCT050045-45,0.0050,100.00,no
2026-10-05T04:41:21.984967Z,KXBTC15M-26OCT050045-45,0.0050,53.73,no
2026-10-05T04:41:21.984967Z,KXBTC15M-26OCT050045-45,0.0050,50.00,no
2026-10-05T04:41:21.984967Z,KXBTC15M-26OCT050045-45,0.0050,50.00,no
2026-10-05T04:41:21.984967Z,KXBTC15M-26OCT050045-45,0.0050,90.00,no
2026-10-05T04:41:21.984967Z,KXBTC15M-26OCT050045-45,0.0050,50.00,no
2026-10-05T04:41:21.984967Z,KXBTC15M-26OCT050045-45,0.0050,50.00,no
2026-10-05T04:41:21.984967Z,KXBTC15M-26OCT050045-45,0.0050,35.00,no
2026-10-05T04:41:21.984967Z,KXBTC15M-26OCT050045-45,0.0050,50.00,no
2026-10-05T04:41:21.984967Z,KXBTC15M-26OCT050045-45,0.0050,200.00,no
2026-10-05T04:41:21.984967Z,KXBTC15M-26OCT050045-45,0.0050,150.00,no
2026-10-05T04:41:21.984967Z,KXBTC15M-26OCT050045-45,0.0060,15.00,no
2026-10-05T04:41:21.984967Z,KXBTC15M-26OCT050045-45,0.0070,0.01,no
2026-10-05T04:41:21.984967Z,KXBTC15M-26OCT050045-45,0.0070,10.00,no
2026-10-05T04:41:21.984967Z,KXBTC15M-26OCT050045-45,0.0070,100.00,no
2026-10-05T04:41:21.984967Z,KXBTC15M-26OCT050045-45,0.0070,0.01,no
2026-10-05T04:41:21.984967Z,KXBTC15M-26OCT050045-45,0.0070,4.00,no
2026-10-05T04:41:21.984967Z,KXBTC15M-26OCT050045-45,0.0060,4.00,no
2026-10-05T04:41:21.984967Z,KXBTC15M-26OCT050045-45,0.0070,150.00,no
2026-10-05T04:41:21.984967Z,KXBTC15M-26OCT050045-45,0.0060,179.00,no
2026-10-05T04:41:21.984967Z,KXBTC15M-26OCT050045-45,0.0070,59.00,no
2026-10-05T04:41:21.984967Z,KXBTC15M-26OCT050045-45,0.0070,122.53,no
2026-10-05T04:41:21.984967Z,KXBTC15M-26OCT050045-45,0.0060,1204.45,no
2026-10-05T04:41:21.984967Z,KXBTC15M-26OCT050045-45,0.0060,100.00,no
2026-10-05T04:41:21.984967Z,KXBTC15M-26OCT050045-45,0.0070,1.00,no
2026-10-05T04:41:21.984967Z,KXBTC15M-26OCT050045-45,0.0060,20.00,no
2026-10-05T04:41:21.984967Z,KXBTC15M-26OCT050045-45,0.0060,1.00,no
2026-10-05T04:41:21.984967Z,KXBTC15M-26OCT050045-45,0.0060,10.00,no
2026-10-05T04:41:21.984967Z,KXBTC15M-26OCT050045-45,0.0050,100.00,no
2026-10-05T04:41:21.984967Z,KXBTC15M-26OCT050045-45,0.0050,150.00,no
2026-10-05T04:41:21.984967Z,KXBTC15M-26OCT050045-45,0.0050,450.00,no
2026-10-05T04:41:21.984967Z,KXBTC15M-26OCT050045-45,0.0050,270.00,no
2026-10-05T04:41:21.984967Z,KXBTC15M-26OCT050045-45,0.0050,180.00,no
2026-10-05T04:41:21.984967Z,KXBTC15M-26OCT050045-45,0.0050,300.00,no
2026-10-05T04:41:21.984967Z,KXBTC15M-26OCT050045-45,0.0050,100.00,no
2026-10-05T04:41:21.984967Z,KXBTC15M-26OCT050045-45,0.0050,153.76,no
2026-10-05T04:41:21.984967Z,KXBTC15M-26OCT050045-45,0.0050,140.00,no
2026-10-05T04:41:21.984967Z,KXBTC15M-26OCT050045-45,0.0050,90.00,no
2026-10-05T04:41:21.984967Z,KXBTC15M-26OCT050045-45,0.0050,50.00,no
2026-10-05T04:41:22.055878Z,KXBTC15M-26OCT050045-45,0.0080,116.88,yes
2026-10-05T04:41:22.116573Z,KXBTC15M-26OCT050045-45,0.0080,116.88,yes
2026-10-05T04:41:22.143474Z,KXBTC15M-26OCT050045-45,0.0080,72.47,yes
2026-10-05T04:41:22.173159Z,KXBTC15M-26OCT050045-45,0.0080,40.42,yes
2026-10-05T04:41:22.173159Z,KXBTC15M-26OCT050045-45,0.0080,23.73,yes
2026-10-05T04:41:22.212491Z,KXBTC15M-26OCT050045-45,0.0080,572.73,yes
2026-10-05T04:41:22.218608Z,KXBTC15M-26OCT050045-45,0.0080,11.45,yes
2026-10-05T04:41:22.335008Z,KXBTC15M-26OCT050045-45,0.0080,178.21,yes
2026-10-05T04:41:22.38427Z,KXBTC15M-26OCT050045-45,0.0070,150.00,no
2026-10-05T04:41:22.38427Z,KXBTC15M-26OCT050045-45,0.0070,29.29,no
2026-10-05T04:41:22.38427Z,KXBTC15M-26OCT050045-45,0.0070,0.01,no
2026-10-05T04:41:22.38427Z,KXBTC15M-26OCT050045-45,0.0070,0.01,no
2026-10-05T04:41:22.394249Z,KXBTC15M-26OCT050045-45,0.0080,12.79,yes
2026-10-05T04:41:22.402715Z,KXBTC15M-26OCT050045-45,0.0070,105.55,no
2026-10-05T04:41:22.50853Z,KXBTC15M-26OCT050045-45,0.0070,11.07,no
2026-10-05T04:41:22.536087Z,KXBTC15M-26OCT050045-45,0.0080,116.88,yes
2026-10-05T04:41:22.736908Z,KXBTC15M-26OCT050045-45,0.0070,6.00,no
2026-10-05T04:41:22.736908Z,KXBTC15M-26OCT050045-45,0.0070,4.00,no
2026-10-05T04:41:22.736908Z,KXBTC15M-26OCT050045-45,0.0070,0.10,no
2026-10-05T04:41:22.736908Z,KXBTC15M-26OCT050045-45,0.0070,254.09,no
2026-10-05T04:41:22.736908Z,KXBTC15M-26OCT050045-45,0.0070,10.00,no
2026-10-05T04:41:22.736908Z,KXBTC15M-26OCT050045-45,0.0070,0.01,no
2026-10-05T04:41:22.736908Z,KXBTC15M-26OCT050045-45,0.0070,0.01,no
2026-10-05T04:41:22.736908Z,KXBTC15M-26OCT050045-45,0.0070,17.00,no
2026-10-05T04:41:22.845167Z,KXBTC15M-26OCT050045-45,0.0050,100.00,no
2026-10-05T04:41:22.845167Z,KXBTC15M-26OCT050045-45,0.0050,35.00,no
2026-10-05T04:41:22.845167Z,KXBTC15M-26OCT050045-45,0.0050,100.00,no
2026-10-05T04:41:22.845167Z,KXBTC15M-26OCT050045-45,0.0050,50.00,no
2026-10-05T04:41:22.845167Z,KXBTC15M-26OCT050045-45,0.0050,100.00,no
2026-10-05T04:41:22.845167Z,KXBTC15M-26OCT050045-45,0.0050,90.00,no
2026-10-05T04:41:22.845167Z,KXBTC15M-26OCT050045-45,0.0050,50.00,no
2026-10-05T04:41:22.845167Z,KXBTC15M-26OCT050045-45,0.0050,36.27,no
2026-10-05T04:41:22.845167Z,KXBTC15M-26OCT050045-45,0.0050,50.00,no
2026-10-05T04:41:22.845167Z,KXBTC15M-26OCT050045-45,0.0050,90.00,no
2026-10-05T04:41:22.845167Z,KXBTC15M-26OCT050045-45,0.0050,167.11,no
2026-10-05T04:41:22.845167Z,KXBTC15M-26OCT050045-45,0.0050,180.00,no
2026-10-05T04:41:22.845167Z,KXBTC15M-26OCT050045-45,0.0060,90.00,no
2026-10-05T04:41:22.845167Z,KXBTC15M-26OCT050045-45,0.0070,1.00,no
2026-10-05T04:41:22.845167Z,KXBTC15M-26OCT050045-45,0.0070,17.00,no
2026-10-05T04:41:22.845167Z,KXBTC15M-26OCT050045-45,0.0070,0.01,no
2026-10-05T04:41:22.845167Z,KXBTC15M-26OCT050045-45,0.0060,10.00,no
2026-10-05T04:41:22.845167Z,KXBTC15M-26OCT050045-45,0.0070,0.01,no
2026-10-05T04:41:22.845167Z,KXBTC15M-26OCT050045-45,0.0060,4.00,no
2026-10-05T04:41:22.845167Z,KXBTC15M-26OCT050045-45,0.0070,400.00,no
2026-10-05T04:41:22.845167Z,KXBTC15M-26OCT050045-45,0.0060,20.00,no
2026-10-05T04:41:22.845167Z,KXBTC15M-26OCT050045-45,0.0060,100.00,no
2026-10-05T04:41:22.845167Z,KXBTC15M-26OCT050045-45,0.0070,150.00,no
2026-10-05T04:41:22.845167Z,KXBTC15M-26OCT050045-45,0.0060,68.00,no
2026-10-05T04:41:22.845167Z,KXBTC15M-26OCT050045-45,0.0050,70.00,no
2026-10-05T04:41:22.942884Z,KXBTC15M-26OCT050045-45,0.0070,0.10,yes
2026-10-05T04:41:22.942884Z,KXBTC15M-26OCT050045-45,0.0070,200.00,yes
2026-10-05T04:41:22.942884Z,KXBTC15M-26OCT050045-45,0.0070,0.01,yes
2026-10-05T04:41:22.942884Z,KXBTC15M-26OCT050045-45,0.0070,0.01,yes
2026-10-05T04:41:22.942884Z,KXBTC15M-26OCT050045-45,0.0070,1.00,yes
2026-10-05T04:41:22.942884Z,KXBTC15M-26OCT050045-45,0.0070,15.00,yes
2026-10-05T04:41:22.942884Z,KXBTC15M-26OCT050045-45,0.0080,33.00,yes
2026-10-05T04:41:22.942884Z,KXBTC15M-26OCT050045-45,0.0080,15.00,yes
2026-10-05T04:41:22.942884Z,KXBTC15M-26OCT050045-45,0.0080,82.00,yes
2026-10-05T04:41:22.942884Z,KXBTC15M-26OCT050045-45,0.0080,347.52,yes
2026-10-05T04:41:22.942884Z,KXBTC15M-26OCT050045-45,0.0080,56.92,yes
2026-10-05T04:41:22.942884Z,KXBTC15M-26OCT050045-45,0.0080,7.00,yes
2026-10-05T04:41:23.021717Z,KXBTC15M-26OCT050045-45,0.0080,1.12,yes
2026-10-05T04:41:23.225105Z,KXBTC15M-26OCT050045-45,0.0070,4.00,no
2026-10-05T04:41:23.225105Z,KXBTC15M-26OCT050045-45,0.0070,17.00,no
2026-10-05T04:41:23.225105Z,KXBTC15M-26OCT050045-45,0.0070,1.00,no
2026-10-05T04:41:23.225105Z,KXBTC15M-26OCT050045-45,0.0070,0.01,no
2026-10-05T04:41:23.225105Z,KXBTC15M-26OCT050045-45,0.0060,20.00,no
2026-10-05T04:41:23.225105Z,KXBTC15M-26OCT050045-45,0.0070,10.00,no
2026-10-05T04:41:23.225105Z,KXBTC15M-26OCT050045-45,0.0070,400.00,no
2026-10-05T04:41:23.225105Z,KXBTC15M-26OCT050045-45,0.0070,150.00,no
2026-10-05T04:41:23.225105Z,KXBTC15M-26OCT050045-45,0.0060,0.44,no
2026-10-05T04:41:23.225105Z,KXBTC15M-26OCT050045-45,0.0070,0.01,no
2026-10-05T04:41:23.458319Z,KXBTC15M-26OCT050045-45,0.0080,5.57,yes
2026-10-05T04:41:23.491652Z,KXBTC15M-26OCT050045-45,0.0080,58.44,yes
2026-10-05T04:41:23.496926Z,KXBTC15M-26OCT050045-45,0.0080,88.13,yes
2026-10-05T04:41:23.532551Z,KXBTC15M-26OCT050045-45,0.0080,4.52,yes
2026-10-05T04:41:23.532551Z,KXBTC15M-26OCT050045-45,0.0080,0.25,yes
2026-10-05T04:41:23.532551Z,KXBTC15M-26OCT050045-45,0.0080,4.82,yes
2026-10-05T04:41:23.566123Z,KXBTC15M-26OCT050045-45,0.0080,1.14,yes
2026-10-05T04:41:23.633717Z,KXBTC15M-26OCT050045-45,0.0070,4.99,no
2026-10-05T04:41:23.633717Z,KXBTC15M-26OCT050045-45,0.0070,0.01,no
2026-10-05T04:41:23.688132Z,KXBTC15M-26OCT050045-45,0.0080,26.26,yes
2026-10-05T04:41:23.688132Z,KXBTC15M-26OCT050045-45,0.0080,125.33,yes
2026-10-05T04:41:23.688132Z,KXBTC15M-26OCT050045-45,0.0080,26.62,yes
2026-10-05T04:41:23.720705Z,KXBTC15M-26OCT050045-45,0.0080,1.14,yes
2026-10-05T04:41:23.903475Z,KXBTC15M-26OCT050045-45,0.0060,171.03,no
2026-10-05T04:41:23.903475Z,KXBTC15M-26OCT050045-45,0.0070,17.00,no
2026-10-05T04:41:23.903475Z,KXBTC15M-26OCT050045-45,0.0070,4.00,no
2026-10-05T04:41:23.903475Z,KXBTC15M-26OCT050045-45,0.0070,0.10,no
2026-10-05T04:41:23.903475Z,KXBTC15M-26OCT050045-45,0.0070,0.01,no
2026-10-05T04:41:23.903475Z,KXBTC15M-26OCT050045-45,0.0070,150.00,no
2026-10-05T04:41:23.903475Z,KXBTC15M-26OCT050045-45,0.0070,10.00,no
2026-10-05T04:41:23.903475Z,KXBTC15M-26OCT050045-45,0.0070,0.01,no
2026-10-05T04:41:23.903475Z,KXBTC15M-26OCT050045-45,0.0070,1.00,no
2026-10-05T04:41:23.903475Z,KXBTC15M-26OCT050045-45,0.0070,400.00,no
2026-10-05T04:41:23.903475Z,KXBTC15M-26OCT050045-45,0.0060,100.00,no
2026-10-05T04:41:23.903475Z,KXBTC15M-26OCT050045-45,0.0060,10.00,no
2026-10-05T04:41:23.903475Z,KXBTC15M-26OCT050045-45,0.0060,15.00,no
2026-10-05T04:41:23.903475Z,KXBTC15M-26OCT050045-45,0.0060,3.56,no
2026-10-05T04:41:23.903475Z,KXBTC15M-26OCT050045-45,0.0060,45.00,no
2026-10-05T04:41:23.911251Z,KXBTC15M-26OCT050045-45,0.0070,4.68,yes
2026-10-05T04:41:23.917995Z,KXBTC15M-26OCT050045-45,0.0060,2661.38,no
2026-10-05T04:41:23.983425Z,KXBTC15M-26OCT050045-45,0.0070,0.37,yes
2026-10-05T04:41:24.052292Z,KXBTC15M-26OCT050045-45,0.0070,0.34,yes
2026-10-05T04:41:24.063232Z,KXBTC15M-26OCT050045-45,0.0060,9.85,no
2026-10-05T04:41:24.219497Z,KXBTC15M-26OCT050045-45,0.0070,15.00,yes
2026-10-05T04:41:24.219497Z,KXBTC15M-26OCT050045-45,0.0070,0.10,yes
2026-10-05T04:41:24.219497Z,KXBTC15M-26OCT050045-45,0.0070,0.01,yes
2026-10-05T04:41:24.219497Z,KXBTC15M-26OCT050045-45,0.0070,0.01,yes
2026-10-05T04:41:24.219497Z,KXBTC15M-26OCT050045-45,0.0070,1.00,yes
2026-10-05T04:41:24.219497Z,KXBTC15M-26OCT050045-45,0.0070,2.02,yes
2026-10-05T04:41:24.262656Z,KXBTC15M-26OCT050045-45,0.0070,79.48,yes
2026-10-05T04:41:24.275426Z,KXBTC15M-26OCT050045-45,0.0060,20.00,no
2026-10-05T04:41:24.275426Z,KXBTC15M-26OCT050045-45,0.0060,100.00,no
2026-10-05T04:41:24.275426Z,KXBTC15M-26OCT050045-45,0.0060,340.65,no
2026-10-05T04:41:24.330405Z,KXBTC15M-26OCT050045-45,0.0060,8.76,no
2026-10-05T04:41:24.390895Z,KXBTC15M-26OCT050045-45,0.0060,150.59,no
2026-10-05T04:41:24.390895Z,KXBTC15M-26OCT050045-45,0.0060,321.57,no
2026-10-05T04:41:24.566903Z,KXBTC15M-26OCT050045-45,0.0060,5.02,no
2026-10-05T04:41:24.821326Z,KXBTC15M-26OCT050045-45,0.0070,6.96,yes
2026-10-05T04:41:24.838359Z,KXBTC15M-26OCT050045-45,0.0060,45.25,no
2026-10-05T04:41:24.900176Z,KXBTC15M-26OCT050045-45,0.0060,2.95,no
2026-10-05T04:41:24.98202Z,KXBTC15M-26OCT050045-45,0.0070,0.01,yes
2026-10-05T04:41:24.98202Z,KXBTC15M-26OCT050045-45,0.0070,107.54,yes
2026-10-05T04:41:24.98202Z,KXBTC15M-26OCT050045-45,0.0070,8.34,yes
2026-10-05T04:41:24.98202Z,KXBTC15M-26OCT050045-45,0.0070,15.00,yes
2026-10-05T04:41:24.98202Z,KXBTC15M-26OCT050045-45,0.0070,0.01,yes
2026-10-05T04:41:25.112842Z,KXBTC15M-26OCT050045-45,0.0060,12.00,no
2026-10-05T04:41:25.190786Z,KXBTC15M-26OCT050045-45,0.0060,105.07,no
2026-10-05T04:41:25.244662Z,KXBTC15M-26OCT050045-45,0.0070,0.10,yes
2026-10-05T04:41:25.244662Z,KXBTC15M-26OCT050045-45,0.0070,67.66,yes
2026-10-05T04:41:25.244662Z,KXBTC15M-26OCT050045-45,0.0070,35.09,yes
2026-10-05T04:41:25.556587Z,KXBTC15M-26OCT050045-45,0.0070,70.00,yes
2026-10-05T04:41:25.556587Z,KXBTC15M-26OCT050045-45,0.0070,1.00,yes
2026-10-05T04:41:25.556587Z,KXBTC15M-26OCT050045-45,0.0070,38.69,yes
2026-10-05T04:41:25.556587Z,KXBTC15M-26OCT050045-45,0.0070,125.00,yes
2026-10-05T04:41:25.556587Z,KXBTC15M-26OCT050045-45,0.0070,0.01,yes
2026-10-05T04:41:25.556587Z,KXBTC15M-26OCT050045-45,0.0070,0.01,yes
2026-10-05T04:41:25.556587Z,KXBTC15M-26OCT050045-45,0.0070,164.91,yes
2026-10-05T04:41:25.610166Z,KXBTC15M-26OCT050045-45,0.0070,1.12,yes
2026-10-05T04:41:25.627184Z,KXBTC15M-26OCT050045-45,0.0080,276.15,yes
2026-10-05T04:41:25.627184Z,KXBTC15M-26OCT050045-45,0.0080,33.73,yes
2026-10-05T04:41:25.627184Z,KXBTC15M-26OCT050045-45,0.0070,0.01,yes
2026-10-05T04:41:25.627184Z,KXBTC15M-26OCT050045-45,0.0070,0.01,yes
2026-10-05T04:41:25.627184Z,KXBTC15M-26OCT050045-45,0.0070,48.66,yes
2026-10-05T04:41:25.632352Z,KXBTC15M-26OCT050045-45,0.0080,9.41,yes
2026-10-05T04:41:25.632352Z,KXBTC15M-26OCT050045-45,0.0080,15.54,yes
2026-10-05T04:41:25.632352Z,KXBTC15M-26OCT050045-45,0.0080,0.05,yes
2026-10-05T04:41:25.70434Z,KXBTC15M-26OCT050045-45,0.0050,180.00,no
2026-10-05T04:41:25.70434Z,KXBTC15M-26OCT050045-45,0.0050,100.00,no
2026-10-05T04:41:25.70434Z,KXBTC15M-26OCT050045-45,0.0050,70.00,no
2026-10-05T04:41:25.70434Z,KXBTC15M-26OCT050045-45,0.0050,35.00,no
2026-10-05T04:41:25.70434Z,KXBTC15M-26OCT050045-45,0.0050,50.00,no
2026-10-05T04:41:25.70434Z,KXBTC15M-26OCT050045-45,0.0050,50.00,no
2026-10-05T04:41:25.70434Z,KXBTC15M-26OCT050045-45,0.0050,35.00,no
2026-10-05T04:41:25.70434Z,KXBTC15M-26OCT050045-45,0.0050,90.00,no
2026-10-05T04:41:25.70434Z,KXBTC15M-26OCT050045-45,0.0050,50.00,no
2026-10-05T04:41:25.70434Z,KXBTC15M-26OCT050045-45,0.0050,90.00,no
2026-10-05T04:41:25.70434Z,KXBTC15M-26OCT050045-45,0.0050,32.89,no
2026-10-05T04:41:25.70434Z,KXBTC15M-26OCT050045-45,0.0050,50.00,no
2026-10-05T04:41:25.70434Z,KXBTC15M-26OCT050045-45,0.0050,90.00,no
2026-10-05T04:41:25.70434Z,KXBTC15M-26OCT050045-45,0.0050,90.00,no
2026-10-05T04:41:25.70434Z,KXBTC15M-26OCT050045-45,0.0050,50.00,no
2026-10-05T04:41:25.70434Z,KXBTC15M-26OCT050045-45,0.0050,50.00,no
2026-10-05T04:41:25.70434Z,KXBTC15M-26OCT050045-45,0.0050,50.00,no
2026-10-05T04:41:25.70434Z,KXBTC15M-26OCT050045-45,0.0050,50.00,no
2026-10-05T04:41:25.70434Z,KXBTC15M-26OCT050045-45,0.0050,90.00,no
2026-10-05T04:41:25.70434Z,KXBTC15M-26OCT050045-45,0.0050,90.00,no
2026-10-05T04:41:25.70434Z,KXBTC15M-26OCT050045-45,0.0050,90.00,no
2026-10-05T04:41:25.70434Z,KXBTC15M-26OCT050045-45,0.0050,35.00,no
2026-10-05T04:41:25.70434Z,KXBTC15M-26OCT050045-45,0.0070,400.00,no
2026-10-05T04:41:25.70434Z,KXBTC15M-26OCT050045-45,0.0070,0.01,no
2026-10-05T04:41:25.70434Z,KXBTC15M-26OCT050045-45,0.0070,4.00,no
2026-10-05T04:41:25.70434Z,KXBTC15M-26OCT050045-45,0.0070,0.01,no
2026-10-05T04:41:25.70434Z,KXBTC15M-26OCT050045-45,0.0070,0.10,no
2026-10-05T04:41:25.70434Z,KXBTC15M-26OCT050045-45,0.0070,150.00,no
2026-10-05T04:41:25.70434Z,KXBTC15M-26OCT050045-45,0.0060,0.01,no
2026-10-05T04:41:25.70434Z,KXBTC15M-26OCT050045-45,0.0060,0.01,no
2026-10-05T04:41:25.70434Z,KXBTC15M-26OCT050045-45,0.0060,15.00,no
2026-10-05T04:41:25.70434Z,KXBTC15M-26OCT050045-45,0.0060,25.00,no
2026-10-05T04:41:25.70434Z,KXBTC15M-26OCT050045-45,0.0070,1.00,no
2026-10-05T04:41:25.70434Z,KXBTC15M-26OCT050045-45,0.0060,20.00,no
2026-10-05T04:41:25.70434Z,KXBTC15M-26OCT050045-45,0.0060,15.00,no
2026-10-05T04:41:25.70434Z,KXBTC15M-26OCT050045-45,0.0060,10.00,no
2026-10-05T04:41:25.70434Z,KXBTC15M-26OCT050045-45,0.0060,100.00,no
2026-10-05T04:41:25.70434Z,KXBTC15M-26OCT050045-45,0.0060,4.00,no
2026-10-05T04:41:25.70434Z,KXBTC15M-26OCT050045-45,0.0070,10.00,no
2026-10-05T04:41:25.70434Z,KXBTC15M-26OCT050045-45,0.0060,6.00,no
2026-10-05T04:41:25.70434Z,KXBTC15M-26OCT050045-45,0.0070,66.00,no
2026-10-05T04:41:25.70434Z,KXBTC15M-26OCT050045-45,0.0050,366.80,no
2026-10-05T04:41:25.756848Z,KXBTC15M-26OCT050045-45,0.0070,0.01,no
2026-10-05T04:41:25.756848Z,KXBTC15M-26OCT050045-45,0.0070,98.98,no
2026-10-05T04:41:25.756848Z,KXBTC15M-26OCT050045-45,0.0070,0.01,no
2026-10-05T04:41:25.756848Z,KXBTC15M-26OCT050045-45,0.0070,1.00,no
2026-10-05T04:41:25.839188Z,KXBTC15M-26OCT050045-45,0.0080,53.00,yes
2026-10-05T04:41:26.052108Z,KXBTC15M-26OCT050045-45,0.0080,58.44,yes
2026-10-05T04:41:26.087452Z,KXBTC15M-26OCT050045-45,0.0080,2.03,yes
2026-10-05T04:41:26.134682Z,KXBTC15M-26OCT050045-45,0.0070,2.51,no
2026-10-05T04:41:26.190923Z,KXBTC15M-26OCT050045-45,0.0080,116.88,yes
2026-10-05T04:41:26.331423Z,KXBTC15M-26OCT050045-45,0.0070,2.24,no
2026-10-05T04:41:26.389531Z,KXBTC15M-26OCT050045-45,0.0080,116.88,yes
2026-10-05T04:41:26.467584Z,KXBTC15M-26OCT050045-45,0.0080,454.92,yes
2026-10-05T04:41:26.467584Z,KXBTC15M-26OCT050045-45,0.0080,252.92,yes
2026-10-05T04:41:26.467584Z,KXBTC15M-26OCT050045-45,0.0080,874.79,yes
2026-10-05T04:41:26.467584Z,KXBTC15M-26OCT050045-45,0.0080,120.00,yes
2026-10-05T04:41:26.467584Z,KXBTC15M-26OCT050045-45,0.0080,42.44,yes
2026-10-05T04:41:26.511959Z,KXBTC15M-26OCT050045-45,0.0080,592.08,yes
2026-10-05T04:41:26.511959Z,KXBTC15M-26OCT050045-45,0.0080,15.00,yes
2026-10-05T04:41:26.511959Z,KXBTC15M-26OCT050045-45,0.0080,243.15,yes
2026-10-05T04:41:26.748071Z,KXBTC15M-26OCT050045-45,0.0080,30.00,yes
2026-10-05T04:41:26.755888Z,KXBTC15M-26OCT050045-45,0.0080,35.88,yes
2026-10-05T04:41:26.881171Z,KXBTC15M-26OCT050045-45,0.0080,116.88,yes
2026-10-05T04:41:26.94481Z,KXBTC15M-26OCT050045-45,0.0080,2.00,yes
2026-10-05T04:41:26.971508Z,KXBTC15M-26OCT050045-45,0.0080,2.00,yes
2026-10-05T04:41:26.971612Z,KXBTC15M-26OCT050045-45,0.0080,3.00,yes
2026-10-05T04:41:27.041289Z,KXBTC15M-26OCT050045-45,0.0070,15.09,no
2026-10-05T04:41:27.062696Z,KXBTC15M-26OCT050045-45,0.0070,31.18,no
2026-10-05T04:41:27.062696Z,KXBTC15M-26OCT050045-45,0.0070,2623.71,no
2026-10-05T04:41:27.062696Z,KXBTC15M-26OCT050045-45,0.0070,400.00,no
2026-10-05T04:41:27.086437Z,KXBTC15M-26OCT050045-45,0.0080,19.87,yes
2026-10-05T04:41:27.104111Z,KXBTC15M-26OCT050045-45,0.0080,343.64,yes
2026-10-05T04:41:27.256198Z,KXBTC15M-26OCT050045-45,0.0070,503.27,no
2026-10-05T04:41:27.552169Z,KXBTC15M-26OCT050045-45,0.0070,100.65,no
2026-10-05T04:41:27.568076Z,KXBTC15M-26OCT050045-45,0.0070,10.00,no
2026-10-05T04:41:27.568076Z,KXBTC15M-26OCT050045-45,0.0070,150.00,no
2026-10-05T04:41:27.568076Z,KXBTC15M-26OCT050045-45,0.0070,964.00,no
2026-10-05T04:41:27.568076Z,KXBTC15M-26OCT050045-45,0.0070,10.00,no
2026-10-05T04:41:27.568076Z,KXBTC15M-26OCT050045-45,0.0070,500.00,no
2026-10-05T04:41:27.568076Z,KXBTC15M-26OCT050045-45,0.0070,400.00,no
2026-10-05T04:41:27.568076Z,KXBTC15M-26OCT050045-45,0.0070,5.00,no
2026-10-05T04:41:27.568076Z,KXBTC15M-26OCT050045-45,0.0070,0.10,no
2026-10-05T04:41:27.568076Z,KXBTC15M-26OCT050045-45,0.0070,500.00,no
2026-10-05T04:41:27.568076Z,KXBTC15M-26OCT050045-45,0.0070,500.00,no
2026-10-05T04:41:27.568076Z,KXBTC15M-26OCT050045-45,0.0070,4.00,no
2026-10-05T04:41:27.568076Z,KXBTC15M-26OCT050045-45,0.0070,10.00,no
2026-10-05T04:41:27.568076Z,KXBTC15M-26OCT050045-45,0.0070,0.01,no
2026-10-05T04:41:27.568076Z,KXBTC15M-26OCT050045-45,0.0060,1100.28,no
2026-10-05T04:41:27.568076Z,KXBTC15M-26OCT050045-45,0.0070,426.32,no
2026-10-05T04:41:27.568076Z,KXBTC15M-26OCT050045-45,0.0070,0.01,no
2026-10-05T04:41:27.568076Z,KXBTC15M-26OCT050045-45,0.0070,17.00,no
2026-10-05T04:41:27.568076Z,KXBTC15M-26OCT050045-45,0.0070,1.00,no
2026-10-05T04:41:27.568076Z,KXBTC15M-26OCT050045-45,0.0070,115.00,no
2026-10-05T04:41:27.568076Z,KXBTC15M-26OCT050045-45,0.0070,263.28,no
2026-10-05T04:41:27.688942Z,KXBTC15M-26OCT050045-45,0.0080,101.76,yes
2026-10-05T04:41:27.688942Z,KXBTC15M-26OCT050045-45,0.0080,0.10,yes
2026-10-05T04:41:27.688942Z,KXBTC15M-26OCT050045-45,0.0080,0.01,yes
2026-10-05T04:41:27.688942Z,KXBTC15M-26OCT050045-45,0.0080,0.01,yes
2026-10-05T04:41:27.688942Z,KXBTC15M-26OCT050045-45,0.0080,15.00,yes
2026-10-05T04:41:27.820095Z,KXBTC15M-26OCT050045-45,0.0050,100.00,no
2026-10-05T04:41:27.820095Z,KXBTC15M-26OCT050045-45,0.0050,35.00,no
2026-10-05T04:41:27.820095Z,KXBTC15M-26OCT050045-45,0.0050,100.00,no
2026-10-05T04:41:27.820095Z,KXBTC15M-26OCT050045-45,0.0050,50.00,no
2026-10-05T04:41:27.820095Z,KXBTC15M-26OCT050045-45,0.0050,50.00,no
2026-10-05T04:41:27.820095Z,KXBTC15M-26OCT050045-45,0.0050,50.00,no
2026-10-05T04:41:27.820095Z,KXBTC15M-26OCT050045-45,0.0050,72.14,no
2026-10-05T04:41:27.820095Z,KXBTC15M-26OCT050045-45,0.0050,200.00,no
2026-10-05T04:41:27.820095Z,KXBTC15M-26OCT050045-45,0.0050,90.00,no
2026-10-05T04:41:27.820095Z,KXBTC15M-26OCT050045-45,0.0050,35.00,no
2026-10-05T04:41:27.820095Z,KXBTC15M-26OCT050045-45,0.0050,50.00,no
2026-10-05T04:41:27.820095Z,KXBTC15M-26OCT050045-45,0.0050,90.00,no
2026-10-05T04:41:27.820095Z,KXBTC15M-26OCT050045-45,0.0070,0.01,no
2026-10-05T04:41:27.820095Z,KXBTC15M-26OCT050045-45,0.0070,150.00,no
2026-10-05T04:41:27.820095Z,KXBTC15M-26OCT050045-45,0.0070,15.00,no
2026-10-05T04:41:27.820095Z,KXBTC15M-26OCT050045-45,0.0070,78.00,no
2026-10-05T04:41:27.820095Z,KXBTC15M-26OCT050045-45,0.0070,1.00,no
2026-10-05T04:41:27.820095Z,KXBTC15M-26OCT050045-45,0.0070,4.00,no
2026-10-05T04:41:27.820095Z,KXBTC15M-26OCT050045-45,0.0070,10.00,no
2026-10-05T04:41:27.820095Z,KXBTC15M-26OCT050045-45,0.0060,4.00,no
2026-10-05T04:41:27.820095Z,KXBTC15M-26OCT050045-45,0.0070,0.01,no
2026-10-05T04:41:27.820095Z,KXBTC15M-26OCT050045-45,0.0070,10.00,no
2026-10-05T04:41:27.820095Z,KXBTC15M-26OCT050045-45,0.0070,400.00,no
2026-10-05T04:41:27.820095Z,KXBTC15M-26OCT050045-45,0.0070,17.00,no
2026-10-05T04:41:27.820095Z,KXBTC15M-26OCT050045-45,0.0060,15.00,no
2026-10-05T04:41:27.820095Z,KXBTC15M-26OCT050045-45,0.0060,100.00,no
2026-10-05T04:41:27.820095Z,KXBTC15M-26OCT050045-45,0.0060,20.00,no
2026-10-05T04:41:27.820095Z,KXBTC15M-26OCT050045-45,0.0060,13.00,no
2026-10-05T04:41:27.820095Z,KXBTC15M-26OCT050045-45,0.0050,173.20,no
2026-10-05T04:41:27.86869Z,KXBTC15M-26OCT050045-45,0.0080,105.01,yes
2026-10-05T04:41:27.904209Z,KXBTC15M-26OCT050045-45,0.0080,1168.83,yes
2026-10-05T04:41:27.972169Z,KXBTC15M-26OCT050045-45,0.0070,17.00,no
2026-10-05T04:41:27.972169Z,KXBTC15M-26OCT050045-45,0.0070,60.50,no
2026-10-05T04:41:28.001106Z,KXBTC15M-26OCT050045-45,0.0080,303.02,yes
2026-10-05T04:41:28.176466Z,KXBTC15M-26OCT050045-45,0.0050,116.32,no
2026-10-05T04:41:28.176466Z,KXBTC15M-26OCT050045-45,0.0070,5.00,no
2026-10-05T04:41:28.176466Z,KXBTC15M-26OCT050045-45,0.0070,1.00,no
2026-10-05T04:41:28.176466Z,KXBTC15M-26OCT050045-45,0.0070,0.01,no
2026-10-05T04:41:28.176466Z,KXBTC15M-26OCT050045-45,0.0070,400.00,no
2026-10-05T04:41:28.176466Z,KXBTC15M-26OCT050045-45,0.0070,10.00,no
2026-10-05T04:41:28.176466Z,KXBTC15M-26OCT050045-45,0.0070,98.00,no
2026-10-05T04:41:28.176466Z,KXBTC15M-26OCT050045-45,0.0070,10.00,no
2026-10-05T04:41:28.176466Z,KXBTC15M-26OCT050045-45,0.0060,1125.00,no
2026-10-05T04:41:28.176466Z,KXBTC15M-26OCT050045-45,0.0060,4.00,no
2026-10-05T04:41:28.176466Z,KXBTC15M-26OCT050045-45,0.0060,84.00,no
2026-10-05T04:41:28.176466Z,KXBTC15M-26OCT050045-45,0.0060,20.00,no
2026-10-05T04:41:28.176466Z,KXBTC15M-26OCT050045-45,0.0060,6.00,no
2026-10-05T04:41:28.176466Z,KXBTC15M-26OCT050045-45,0.0070,89.50,no
2026-10-05T04:41:28.176466Z,KXBTC15M-26OCT050045-45,0.0070,0.01,no
2026-10-05T04:41:28.176466Z,KXBTC15M-26OCT050045-45,0.0070,4.00,no
2026-10-05T04:41:28.194423Z,KXBTC15M-26OCT050045-45,0.0080,58.44,yes
2026-10-05T04:41:28.210722Z,KXBTC15M-26OCT050045-45,0.0080,58.44,yes
2026-10-05T04:41:28.299631Z,KXBTC15M-26OCT050045-45,0.0080,10.43,yes
2026-10-05T04:41:28.669425Z,KXBTC15M-26OCT050045-45,0.0070,1.00,no
2026-10-05T04:41:28.669425Z,KXBTC15M-26OCT050045-45,0.0070,10.00,no
2026-10-05T04:41:28.669425Z,KXBTC15M-26OCT050045-45,0.0070,400.00,no
2026-10-05T04:41:28.669425Z,KXBTC15M-26OCT050045-45,0.0070,10.00,no
2026-10-05T04:41:28.669425Z,KXBTC15M-26OCT050045-45,0.0070,0.01,no
2026-10-05T04:41:28.669425Z,KXBTC15M-26OCT050045-45,0.0060,20.00,no
2026-10-05T04:41:28.669425Z,KXBTC15M-26OCT050045-45,0.0060,4.00,no
2026-10-05T04:41:28.669425Z,KXBTC15M-26OCT050045-45,0.0060,1.00,no
2026-10-05T04:41:28.669425Z,KXBTC15M-26OCT050045-45,0.0070,0.10,no
2026-10-05T04:41:28.669425Z,KXBTC15M-26OCT050045-45,0.0070,4.00,no
2026-10-05T04:41:28.669425Z,KXBTC15M-26OCT050045-45,0.0060,100.00,no
2026-10-05T04:41:28.669425Z,KXBTC15M-26OCT050045-45,0.0060,3.00,no
2026-10-05T04:41:28.669425Z,KXBTC15M-26OCT050045-45,0.0070,1.00,no
2026-10-05T04:41:28.669425Z,KXBTC15M-26OCT050045-45,0.0070,17.00,no
2026-10-05T04:41:28.669425Z,KXBTC15M-26OCT050045-45,0.0070,0.01,no
2026-10-05T04:41:28.784076Z,KXBTC15M-26OCT050045-45,0.0080,11.22,yes
2026-10-05T04:41:28.846188Z,KXBTC15M-26OCT050045-45,0.0080,29.22,yes
2026-10-05T04:41:28.868135Z,KXBTC15M-26OCT050045-45,0.0080,233.77,yes
2026-10-05T04:41:28.878735Z,KXBTC15M-26OCT050045-45,0.0080,0.90,yes
2026-10-05T04:41:28.987857Z,KXBTC15M-26OCT050045-45,0.0080,1.00,yes
2026-10-05T04:41:28.987857Z,KXBTC15M-26OCT050045-45,0.0080,95.96,yes
2026-10-05T04:41:28.987857Z,KXBTC15M-26OCT050045-45,0.0080,147.04,yes
2026-10-05T04:41:29.209741Z,KXBTC15M-26OCT050045-45,0.0080,99.51,yes
2026-10-05T04:41:29.209741Z,KXBTC15M-26OCT050045-45,0.0080,15.00,yes
2026-10-05T04:41:29.209741Z,KXBTC15M-26OCT050045-45,0.0080,377.96,yes
2026-10-05T04:41:29.209741Z,KXBTC15M-26OCT050045-45,0.0080,0.01,yes
2026-10-05T04:41:29.209741Z,KXBTC15M-26OCT050045-45,0.0080,0.01,yes
2026-10-05T04:41:29.321649Z,KXBTC15M-26OCT050045-45,0.0080,44.38,yes
2026-10-05T04:41:29.404626Z,KXBTC15M-26OCT050045-45,0.0080,0.10,yes
2026-10-05T04:41:29.404626Z,KXBTC15M-26OCT050045-45,0.0080,39.35,yes
2026-10-05T04:41:29.404626Z,KXBTC15M-26OCT050045-45,0.0080,20.11,yes
2026-10-05T04:41:29.451343Z,KXBTC15M-26OCT050045-45,0.0080,116.88,yes
2026-10-05T04:41:29.501818Z,KXBTC15M-26OCT050045-45,0.0070,8.74,no
2026-10-05T04:41:29.501818Z,KXBTC15M-26OCT050045-45,0.0070,400.00,no
2026-10-05T04:41:29.501818Z,KXBTC15M-26OCT050045-45,0.0070,2321.05,no
2026-10-05T04:41:29.501818Z,KXBTC15M-26OCT050045-45,0.0070,98.00,no
2026-10-05T04:41:29.501818Z,KXBTC15M-26OCT050045-45,0.0070,500.00,no
2026-10-05T04:41:29.501818Z,KXBTC15M-26OCT050045-45,0.0070,0.01,no
2026-10-05T04:41:29.501818Z,KXBTC15M-26OCT050045-45,0.0070,1.00,no
2026-10-05T04:41:29.501818Z,KXBTC15M-26OCT050045-45,0.0070,0.01,no
2026-10-05T04:41:29.501818Z,KXBTC15M-26OCT050045-45,0.0070,15.00,no
2026-10-05T04:41:29.501818Z,KXBTC15M-26OCT050045-45,0.0070,1.00,no
2026-10-05T04:41:29.501818Z,KXBTC15M-26OCT050045-45,0.0070,5.00,no
2026-10-05T04:41:29.505356Z,KXBTC15M-26OCT050045-45,0.0070,170.64,no
2026-10-05T04:41:29.576675Z,KXBTC15M-26OCT050045-45,0.0080,58.44,yes
2026-10-05T04:41:29.598731Z,KXBTC15M-26OCT050045-45,0.0080,98.00,yes
2026-10-05T04:41:29.598731Z,KXBTC15M-26OCT050045-45,0.0080,83.65,yes
2026-10-05T04:41:29.598731Z,KXBTC15M-26OCT050045-45,0.0080,14.00,yes
2026-10-05T04:41:29.598731Z,KXBTC15M-26OCT050045-45,0.0080,9.00,yes
2026-10-05T04:41:29.598731Z,KXBTC15M-26OCT050045-45,0.0080,0.01,yes
2026-10-05T04:41:29.598731Z,KXBTC15M-26OCT050045-45,0.0080,1.00,yes
2026-10-05T04:41:29.598731Z,KXBTC15M-26OCT050045-45,0.0080,0.01,yes
2026-10-05T04:41:29.598731Z,KXBTC15M-26OCT050045-45,0.0080,15.00,yes
2026-10-05T04:41:29.598731Z,KXBTC15M-26OCT050045-45,0.0080,15.00,yes
2026-10-05T04:41:29.598731Z,KXBTC15M-26OCT050045-45,0.0080,83.00,yes
2026-10-05T04:41:29.598731Z,KXBTC15M-26OCT050045-45,0.0080,189.33,yes
2026-10-05T04:41:29.66123Z,KXBTC15M-26OCT050045-45,0.0080,0.01,yes
2026-10-05T04:41:29.66123Z,KXBTC15M-26OCT050045-45,0.0080,0.01,yes
2026-10-05T04:41:29.782389Z,KXBTC15M-26OCT050045-45,0.0080,0.06,no
2026-10-05T04:41:29.832024Z,KXBTC15M-26OCT050045-45,0.0090,27.41,yes
2026-10-05T04:41:29.832024Z,KXBTC15M-26OCT050045-45,0.0090,61.40,yes
2026-10-05T04:41:29.832024Z,KXBTC15M-26OCT050045-45,0.0090,58.60,yes
2026-10-05T04:41:29.832948Z,KXBTC15M-26OCT050045-45,0.0080,0.75,no
2026-10-05T04:41:29.991117Z,KXBTC15M-26OCT050045-45,0.0090,0.02,yes
2026-10-05T04:41:30.007548Z,KXBTC15M-26OCT050045-45,0.0090,1038.01,yes
2026-10-05T04:41:30.087633Z,KXBTC15M-26OCT050045-45,0.0090,22.29,yes
2026-10-05T04:41:30.648815Z,KXBTC15M-26OCT050045-45,0.0090,20.78,yes
2026-10-05T04:41:30.693002Z,KXBTC15M-26OCT050045-45,0.0080,120.76,no
2026-10-05T04:41:30.699134Z,KXBTC15M-26OCT050045-45,0.0090,200.00,yes
2026-10-05T04:41:30.753837Z,KXBTC15M-26OCT050045-45,0.0080,0.10,no
2026-10-05T04:41:30.753837Z,KXBTC15M-26OCT050045-45,0.0080,0.01,no
2026-10-05T04:41:30.753837Z,KXBTC15M-26OCT050045-45,0.0080,334.47,no
2026-10-05T04:41:30.753837Z,KXBTC15M-26OCT050045-45,0.0080,78.41,no
2026-10-05T04:41:30.753837Z,KXBTC15M-26OCT050045-45,0.0080,1.00,no
2026-10-05T04:41:30.753837Z,KXBTC15M-26OCT050045-45,0.0080,1.00,no
2026-10-05T04:41:30.753837Z,KXBTC15M-26OCT050045-45,0.0080,17.00,no
2026-10-05T04:41:30.874432Z,KXBTC15M-26OCT050045-45,0.0080,116.54,no
2026-10-05T04:41:31.036285Z,KXBTC15M-26OCT050045-45,0.0090,311.71,yes
2026-10-05T04:41:31.245266Z,KXBTC15M-26OCT050045-45,0.0090,30.15,yes
2026-10-05T04:41:31.267501Z,KXBTC15M-26OCT050045-45,0.0090,159.49,yes
2026-10-05T04:41:31.267501Z,KXBTC15M-26OCT050045-45,0.0090,349.63,yes
2026-10-05T04:41:31.344452Z,KXBTC15M-26OCT050045-45,0.0080,1.00,no
2026-10-05T04:41:31.365114Z,KXBTC15M-26OCT050045-45,0.0090,10.39,yes
2026-10-05T04:41:31.43462Z,KXBTC15M-26OCT050045-45,0.0080,4.00,no
2026-10-05T04:41:31.43462Z,KXBTC15M-26OCT050045-45,0.0080,0.01,no
2026-10-05T04:41:31.43462Z,KXBTC15M-26OCT050045-45,0.0080,1.00,no
2026-10-05T04:41:31.43462Z,KXBTC15M-26OCT050045-45,0.0080,0.01,no
2026-10-05T04:41:31.43462Z,KXBTC15M-26OCT050045-45,0.0080,3.13,no
2026-10-05T04:41:31.698131Z,KXBTC15M-26OCT050045-45,0.0090,150.81,yes
2026-10-05T04:41:31.698131Z,KXBTC15M-26OCT050045-45,0.0090,1.10,yes
2026-10-05T04:41:31.698131Z,KXBTC15M-26OCT050045-45,0.0090,330.21,yes
2026-10-05T04:41:31.698131Z,KXBTC15M-26OCT050045-45,0.0090,10.00,yes
2026-10-05T04:41:31.698131Z,KXBTC15M-26OCT050045-45,0.0090,17.00,yes
2026-10-05T04:41:31.702044Z,KXBTC15M-26OCT050045-45,0.0080,135.00,no
2026-10-05T04:41:31.726359Z,KXBTC15M-26OCT050045-45,0.0090,30.15,yes
2026-10-05T04:41:31.800436Z,KXBTC15M-26OCT050045-45,0.0090,101.83,yes
2026-10-05T04:41:31.831433Z,KXBTC15M-26OCT050045-45,0.0090,9.27,yes
2026-10-05T04:41:31.831433Z,KXBTC15M-26OCT050045-45,0.0090,0.10,yes
2026-10-05T04:41:31.831433Z,KXBTC15M-26OCT050045-45,0.0090,1.00,yes
2026-10-05T04:41:31.831433Z,KXBTC15M-26OCT050045-45,0.0090,0.01,yes
2026-10-05T04:41:31.831433Z,KXBTC15M-26OCT050045-45,0.0090,0.01,yes
2026-10-05T04:41:31.923894Z,KXBTC15M-26OCT050045-45,0.0090,101.83,yes
2026-10-05T04:41:32.147138Z,KXBTC15M-26OCT050045-45,0.0090,263.84,yes
2026-10-05T04:41:32.147138Z,KXBTC15M-26OCT050045-45,0.0090,147.00,yes
2026-10-05T04:41:32.147138Z,KXBTC15M-26OCT050045-45,0.0090,10.00,yes
2026-10-05T04:41:32.147138Z,KXBTC15M-26OCT050045-45,0.0090,10.00,yes
2026-10-05T04:41:32.147138Z,KXBTC15M-26OCT050045-45,0.0090,7.00,yes
2026-10-05T04:41:32.147138Z,KXBTC15M-26OCT050045-45,0.0090,819.90,yes
2026-10-05T04:41:32.147138Z,KXBTC15M-26OCT050045-45,0.0090,264.24,yes
2026-10-05T04:41:32.147138Z,KXBTC15M-26OCT050045-45,0.0090,200.00,yes
2026-10-05T04:41:32.147138Z,KXBTC15M-26OCT050045-45,0.0090,0.01,yes
2026-10-05T04:41:32.147138Z,KXBTC15M-26OCT050045-45,0.0090,17.00,yes
2026-10-05T04:41:32.147138Z,KXBTC15M-26OCT050045-45,0.0090,0.01,yes
2026-10-05T04:41:32.147138Z,KXBTC15M-26OCT050045-45,0.0090,10.00,yes
2026-10-05T04:41:32.147138Z,KXBTC15M-26OCT050045-45,0.0090,1.00,yes
2026-10-05T04:41:32.217411Z,KXBTC15M-26OCT050045-45,0.0090,0.01,yes
2026-10-05T04:41:32.217411Z,KXBTC15M-26OCT050045-45,0.0090,0.01,yes
2026-10-05T04:41:32.217411Z,KXBTC15M-26OCT050045-45,0.0090,15.00,yes
2026-10-05T04:41:32.217411Z,KXBTC15M-26OCT050045-45,0.0090,10.00,yes
2026-10-05T04:41:32.366027Z,KXBTC15M-26OCT050045-45,0.0100,23.00,yes
2026-10-05T04:41:32.366027Z,KXBTC15M-26OCT050045-45,0.0100,118.32,yes
2026-10-05T04:41:32.366027Z,KXBTC15M-26OCT050045-45,0.0100,0.02,yes
2026-10-05T04:41:32.366027Z,KXBTC15M-26OCT050045-45,0.0100,50.00,yes
2026-10-05T04:41:32.366027Z,KXBTC15M-26OCT050045-45,0.0100,1.64,yes
2026-10-05T04:41:32.366027Z,KXBTC15M-26OCT050045-45,0.0100,0.02,yes
2026-10-05T04:41:32.366027Z,KXBTC15M-26OCT050045-45,0.0100,140.00,yes
2026-10-05T04:41:32.394473Z,KXBTC15M-26OCT050045-45,0.0090,1.00,no
2026-10-05T04:41:32.394473Z,KXBTC15M-26OCT050045-45,0.0090,0.01,no
2026-10-05T04:41:32.394473Z,KXBTC15M-26OCT050045-45,0.0090,0.01,no
2026-10-05T04:41:32.394473Z,KXBTC15M-26OCT050045-45,0.0090,150.00,no
2026-10-05T04:41:32.394473Z,KXBTC15M-26OCT050045-45,0.0090,848.98,no
2026-10-05T04:41:32.464891Z,KXBTC15M-26OCT050045-45,0.0090,0.01,no
2026-10-05T04:41:32.464891Z,KXBTC15M-26OCT050045-45,0.0090,1.00,no
2026-10-05T04:41:32.464891Z,KXBTC15M-26OCT050045-45,0.0090,82.18,no
2026-10-05T04:41:32.464891Z,KXBTC15M-26OCT050045-45,0.0090,0.01,no
2026-10-05T04:41:32.623209Z,KXBTC15M-26OCT050045-45,0.0100,24.00,yes
2026-10-05T04:41:32.623209Z,KXBTC15M-26OCT050045-45,0.0100,334.81,yes
2026-10-05T04:41:32.631549Z,KXBTC15M-26OCT050045-45,0.0100,93.51,yes
2026-10-05T04:41:32.718797Z,KXBTC15M-26OCT050045-45,0.0080,2.00,no
2026-10-05T04:41:32.718797Z,KXBTC15M-26OCT050045-45,0.0090,1.00,no
2026-10-05T04:41:32.718797Z,KXBTC15M-26OCT050045-45,0.0090,0.10,no
2026-10-05T04:41:32.718797Z,KXBTC15M-26OCT050045-45,0.0080,12.77,no
2026-10-05T04:41:32.718797Z,KXBTC15M-26OCT050045-45,0.0090,0.01,no
2026-10-05T04:41:32.718797Z,KXBTC15M-26OCT050045-45,0.0090,67.82,no
2026-10-05T04:41:32.718797Z,KXBTC15M-26OCT050045-45,0.0090,0.01,no
2026-10-05T04:41:32.718797Z,KXBTC15M-26OCT050045-45,0.0080,5.00,no
2026-10-05T04:41:32.805541Z,KXBTC15M-26OCT050045-45,0.0070,2.68,no
2026-10-05T04:41:32.805541Z,KXBTC15M-26OCT050045-45,0.0080,2.23,no
2026-10-05T04:41:32.805541Z,KXBTC15M-26OCT050045-45,0.0080,0.01,no
2026-10-05T04:41:32.805541Z,KXBTC15M-26OCT050045-45,0.0080,0.01,no
2026-10-05T04:41:32.809177Z,KXBTC15M-26OCT050045-45,0.0080,103.91,yes
2026-10-05T04:41:33.053835Z,KXBTC15M-26OCT050045-45,0.0070,8.54,no
2026-10-05T04:41:33.147239Z,KXBTC15M-26OCT050045-45,0.0080,0.01,yes
2026-10-05T04:41:33.147239Z,KXBTC15M-26OCT050045-45,0.0080,0.01,yes
2026-10-05T04:41:33.147239Z,KXBTC15M-26OCT050045-45,0.0080,14.59,yes
2026-10-05T04:41:33.480553Z,KXBTC15M-26OCT050045-45,0.0080,1.00,yes
2026-10-05T04:41:33.480553Z,KXBTC15M-26OCT050045-45,0.0080,0.01,yes
2026-10-05T04:41:33.480553Z,KXBTC15M-26OCT050045-45,0.0080,0.01,yes
2026-10-05T04:41:33.480553Z,KXBTC15M-26OCT050045-45,0.0080,0.10,yes
2026-10-05T04:41:33.480553Z,KXBTC15M-26OCT050045-45,0.0080,7.00,yes
2026-10-05T04:41:33.480553Z,KXBTC15M-26OCT050045-45,0.0090,378.50,yes
2026-10-05T04:41:33.480553Z,KXBTC15M-26OCT050045-45,0.0080,651.00,yes
2026-10-05T04:41:33.480553Z,KXBTC15M-26OCT050045-45,0.0080,0.41,yes
2026-10-05T04:41:33.480553Z,KXBTC15M-26OCT050045-45,0.0080,1.00,yes
2026-10-05T04:41:33.702902Z,KXBTC15M-26OCT050045-45,0.0090,2.92,yes
2026-10-05T04:41:33.764187Z,KXBTC15M-26OCT050045-45,0.0100,2.22,yes
2026-10-05T04:41:33.764187Z,KXBTC15M-26OCT050045-45,0.0090,0.01,yes
2026-10-05T04:41:33.764187Z,KXBTC15M-26OCT050045-45,0.0090,0.01,yes
2026-10-05T04:41:33.775138Z,KXBTC15M-26OCT050045-45,0.0100,1.03,yes
2026-10-05T04:41:33.83378Z,KXBTC15M-26OCT050045-45,0.0090,150.00,no
2026-10-05T04:41:33.83378Z,KXBTC15M-26OCT050045-45,0.0090,53.27,no
2026-10-05T04:41:33.83378Z,KXBTC15M-26OCT050045-45,0.0090,150.00,no
2026-10-05T04:41:33.83378Z,KXBTC15M-26OCT050045-45,0.0090,150.00,no
2026-10-05T04:41:33.857836Z,KXBTC15M-26OCT050045-45,0.0090,26.02,no
2026-10-05T04:41:34.319864Z,KXBTC15M-26OCT050045-45,0.0100,46.75,yes
2026-10-05T04:41:34.33908Z,KXBTC15M-26OCT050045-45,0.0090,1.00,no
2026-10-05T04:41:34.33908Z,KXBTC15M-26OCT050045-45,0.0090,0.01,no
2026-10-05T04:41:34.33908Z,KXBTC15M-26OCT050045-45,0.0090,402.35,no
2026-10-05T04:41:34.33908Z,KXBTC15M-26OCT050045-45,0.0090,0.01,no
2026-10-05T04:41:34.342871Z,KXBTC15M-26OCT050045-45,0.0100,654.63,yes
2026-10-05T04:41:34.53221Z,KXBTC15M-26OCT050045-45,0.0090,0.13,no
2026-10-05T04:41:34.53221Z,KXBTC15M-26OCT050045-45,0.0090,0.01,no
2026-10-05T04:41:34.53221Z,KXBTC15M-26OCT050045-45,0.0090,0.01,no
2026-10-05T04:41:34.581692Z,KXBTC15M-26OCT050045-45,0.0100,280.55,yes
2026-10-05T04:41:34.675Z,KXBTC15M-26OCT050045-45,0.0090,6.05,no
2026-10-05T04:41:34.900002Z,KXBTC15M-26OCT050045-45,0.0100,30.86,yes
2026-10-05T04:41:34.934481Z,KXBTC15M-26OCT050045-45,0.0090,12.39,no
2026-10-05T04:41:34.97249Z,KXBTC15M-26OCT050045-45,0.0080,86.00,no
2026-10-05T04:41:34.97249Z,KXBTC15M-26OCT050045-45,0.0070,17.00,no
2026-10-05T04:41:34.97249Z,KXBTC15M-26OCT050045-45,0.0070,3.78,no
2026-10-05T04:41:34.97249Z,KXBTC15M-26OCT050045-45,0.0070,15.00,no
2026-10-05T04:41:34.97249Z,KXBTC15M-26OCT050045-45,0.0090,0.01,no
2026-10-05T04:41:34.97249Z,KXBTC15M-26OCT050045-45,0.0080,52.00,no
2026-10-05T04:41:34.97249Z,KXBTC15M-26OCT050045-45,0.0090,0.10,no
2026-10-05T04:41:34.97249Z,KXBTC15M-26OCT050045-45,0.0090,0.01,no
2026-10-05T04:41:34.97249Z,KXBTC15M-26OCT050045-45,0.0090,131.43,no
2026-10-05T04:41:34.97249Z,KXBTC15M-26OCT050045-45,0.0070,178.17,no
2026-10-05T04:41:35.100647Z,KXBTC15M-26OCT050045-45,0.0090,2.58,yes
2026-10-05T04:41:35.105534Z,KXBTC15M-26OCT050045-45,0.0090,147.42,yes
2026-10-05T04:41:35.105534Z,KXBTC15M-26OCT050045-45,0.0090,39.61,yes
2026-10-05T04:41:35.176683Z,KXBTC15M-26OCT050045-45,0.0090,93.51,yes
2026-10-05T04:41:35.291129Z,KXBTC15M-26OCT050045-45,0.0090,76.63,yes
2026-10-05T04:41:35.291129Z,KXBTC15M-26OCT050045-45,0.0090,16.88,yes
2026-10-05T04:41:35.458042Z,KXBTC15M-26OCT050045-45,0.0090,73.37,yes
2026-10-05T04:41:35.458042Z,KXBTC15M-26OCT050045-45,0.0090,28.46,yes
2026-10-05T04:41:35.516857Z,KXBTC15M-26OCT050045-45,0.0090,107.00,yes
2026-10-05T04:41:35.559429Z,KXBTC15M-26OCT050045-45,0.0080,32.28,no
2026-10-05T04:41:35.579273Z,KXBTC15M-26OCT050045-45,0.0090,37.41,yes
2026-10-05T04:41:35.579273Z,KXBTC15M-26OCT050045-45,0.0090,14.54,yes
2026-10-05T04:41:35.605966Z,KXBTC15M-26OCT050045-45,0.0090,9.04,yes
2026-10-05T04:41:35.663476Z,KXBTC15M-26OCT050045-45,0.0090,150.00,yes
2026-10-05T04:41:35.663476Z,KXBTC15M-26OCT050045-45,0.0090,0.10,yes
2026-10-05T04:41:35.663476Z,KXBTC15M-26OCT050045-45,0.0090,150.00,yes
2026-10-05T04:41:35.663476Z,KXBTC15M-26OCT050045-45,0.0090,103.55,yes
2026-10-05T04:41:35.663476Z,KXBTC15M-26OCT050045-45,0.0090,0.01,yes
2026-10-05T04:41:35.663476Z,KXBTC15M-26OCT050045-45,0.0090,0.01,yes
2026-10-05T04:41:35.663476Z,KXBTC15M-26OCT050045-45,0.0090,17.00,yes
2026-10-05T04:41:35.663476Z,KXBTC15M-26OCT050045-45,0.0090,46.92,yes
2026-10-05T04:41:35.704183Z,KXBTC15M-26OCT050045-45,0.0090,106.00,yes
2026-10-05T04:41:35.749667Z,KXBTC15M-26OCT050045-45,0.0090,93.59,yes
2026-10-05T04:41:35.807016Z,KXBTC15M-26OCT050045-45,0.0080,4.03,no
2026-10-05T04:41:35.841456Z,KXBTC15M-26OCT050045-45,0.0080,22.60,no
2026-10-05T04:41:35.909256Z,KXBTC15M-26OCT050045-45,0.0090,99.75,yes
2026-10-05T04:41:36.247617Z,KXBTC15M-26OCT050045-45,0.0070,1.00,no
2026-10-05T04:41:36.247617Z,KXBTC15M-26OCT050045-45,0.0070,1.00,no
2026-10-05T04:41:36.247617Z,KXBTC15M-26OCT050045-45,0.0080,4.00,no
2026-10-05T04:41:36.247617Z,KXBTC15M-26OCT050045-45,0.0080,0.10,no
2026-10-05T04:41:36.247617Z,KXBTC15M-26OCT050045-45,0.0080,1.00,no
2026-10-05T04:41:36.247617Z,KXBTC15M-26OCT050045-45,0.0060,13.61,no
2026-10-05T04:41:36.247617Z,KXBTC15M-26OCT050045-45,0.0080,246.04,no
2026-10-05T04:41:36.247617Z,KXBTC15M-26OCT050045-45,0.0070,4.00,no
2026-10-05T04:41:36.247617Z,KXBTC15M-26OCT050045-45,0.0080,0.01,no
2026-10-05T04:41:36.247617Z,KXBTC15M-26OCT050045-45,0.0070,26.00,no
2026-10-05T04:41:36.247617Z,KXBTC15M-26OCT050045-45,0.0080,0.01,no
2026-10-05T04:41:36.247617Z,KXBTC15M-26OCT050045-45,0.0070,15.00,no
2026-10-05T04:41:36.247617Z,KXBTC15M-26OCT050045-45,0.0070,5.00,no
2026-10-05T04:41:36.265083Z,KXBTC15M-26OCT050045-45,0.0080,150.00,no
2026-10-05T04:41:36.265083Z,KXBTC15M-26OCT050045-45,0.0080,0.01,no
2026-10-05T04:41:36.265083Z,KXBTC15M-26OCT050045-45,0.0070,538.00,no
2026-10-05T04:41:36.265083Z,KXBTC15M-26OCT050045-45,0.0080,0.01,no
2026-10-05T04:41:36.265083Z,KXBTC15M-26OCT050045-45,0.0070,1.00,no
2026-10-05T04:41:36.265083Z,KXBTC15M-26OCT050045-45,0.0080,1.00,no
2026-10-05T04:41:36.265083Z,KXBTC15M-26OCT050045-45,0.0060,90.76,no
2026-10-05T04:41:36.265083Z,KXBTC15M-26OCT050045-45,0.0060,1.00,no
2026-10-05T04:41:36.265083Z,KXBTC15M-26OCT050045-45,0.0060,6.39,no
2026-10-05T04:41:36.265083Z,KXBTC15M-26OCT050045-45,0.0060,100.00,no
2026-10-05T04:41:36.418519Z,KXBTC15M-26OCT050045-45,0.0070,50.16,no
2026-10-05T04:41:36.461063Z,KXBTC15M-26OCT050045-45,0.0080,0.01,yes
2026-10-05T04:41:36.461063Z,KXBTC15M-26OCT050045-45,0.0080,15.00,yes
2026-10-05T04:41:36.461063Z,KXBTC15M-26OCT050045-45,0.0080,71.40,yes
2026-10-05T04:41:36.461063Z,KXBTC15M-26OCT050045-45,0.0080,15.00,yes
2026-10-05T04:41:36.461063Z,KXBTC15M-26OCT050045-45,0.0080,200.00,yes
2026-10-05T04:41:36.461063Z,KXBTC15M-26OCT050045-45,0.0080,217.00,yes
2026-10-05T04:41:36.461063Z,KXBTC15M-26OCT050045-45,0.0080,0.01,yes
2026-10-05T04:41:36.461063Z,KXBTC15M-26OCT050045-45,0.0080,0.10,yes
2026-10-05T04:41:36.461063Z,KXBTC15M-26OCT050045-45,0.0080,1.00,yes
2026-10-05T04:41:36.462726Z,KXBTC15M-26OCT050045-45,0.0080,3.00,yes
2026-10-05T04:41:36.484085Z,KXBTC15M-26OCT050045-45,0.0080,11.11,yes
2026-10-05T04:41:36.690732Z,KXBTC15M-26OCT050045-45,0.0070,0.01,no
2026-10-05T04:41:36.690732Z,KXBTC15M-26OCT050045-45,0.0070,15.00,no
2026-10-05T04:41:36.690732Z,KXBTC15M-26OCT050045-45,0.0070,4.00,no
2026-10-05T04:41:36.690732Z,KXBTC15M-26OCT050045-45,0.0070,1.00,no
2026-10-05T04:41:36.690732Z,KXBTC15M-26OCT050045-45,0.0070,15.00,no
2026-10-05T04:41:36.690732Z,KXBTC15M-26OCT050045-45,0.0070,150.00,no
2026-10-05T04:41:36.690732Z,KXBTC15M-26OCT050045-45,0.0070,15.00,no
2026-10-05T04:41:36.690732Z,KXBTC15M-26OCT050045-45,0.0060,299.98,no
2026-10-05T04:41:36.690732Z,KXBTC15M-26OCT050045-45,0.0070,400.00,no
2026-10-05T04:41:36.690732Z,KXBTC15M-26OCT050045-45,0.0070,0.01,no
2026-10-05T04:41:36.749196Z,KXBTC15M-26OCT050045-45,0.0080,103.91,yes
2026-10-05T04:41:36.79542Z,KXBTC15M-26OCT050045-45,0.0080,94.00,yes
2026-10-05T04:41:36.8426Z,KXBTC15M-26OCT050045-45,0.0080,0.01,yes
2026-10-05T04:41:36.8426Z,KXBTC15M-26OCT050045-45,0.0080,52.58,yes
2026-10-05T04:41:36.8426Z,KXBTC15M-26OCT050045-45,0.0080,176.49,yes
2026-10-05T04:41:36.8426Z,KXBTC15M-26OCT050045-45,0.0080,0.01,yes
2026-10-05T04:41:36.852184Z,KXBTC15M-26OCT050045-45,0.0080,8.60,yes
2026-10-05T04:41:36.872917Z,KXBTC15M-26OCT050045-45,0.0080,14.91,yes
2026-10-05T04:41:36.872917Z,KXBTC15M-26OCT050045-45,0.0080,8.00,yes
2026-10-05T04:41:36.997212Z,KXBTC15M-26OCT050045-45,0.0070,10.74,no
2026-10-05T04:41:37.03338Z,KXBTC15M-26OCT050045-45,0.0080,5.19,yes
2026-10-05T04:41:37.0775Z,KXBTC15M-26OCT050045-45,0.0070,1.00,no
2026-10-05T04:41:37.094822Z,KXBTC15M-26OCT050045-45,0.0080,41.23,yes
2026-10-05T04:41:37.235098Z,KXBTC15M-26OCT050045-45,0.0080,2.19,yes
2026-10-05T04:41:37.239753Z,KXBTC15M-26OCT050045-45,0.0080,30.92,yes
2026-10-05T04:41:37.307883Z,KXBTC15M-26OCT050045-45,0.0070,1.91,no
2026-10-05T04:41:37.509609Z,KXBTC15M-26OCT050045-45,0.0080,8.35,yes
2026-10-05T04:41:37.533853Z,KXBTC15M-26OCT050045-45,0.0080,229.09,yes
2026-10-05T04:41:37.650767Z,KXBTC15M-26OCT050045-45,0.0080,451.17,yes
2026-10-05T04:41:37.664929Z,KXBTC15M-26OCT050045-45,0.0070,0.85,no
2026-10-05T04:41:38.188111Z,KXBTC15M-26OCT050045-45,0.0080,116.88,yes
2026-10-05T04:41:38.189894Z,KXBTC15M-26OCT050045-45,0.0080,16.21,yes
2026-10-05T04:41:38.263617Z,KXBTC15M-26OCT050045-45,0.0070,0.01,no
2026-10-05T04:41:38.263617Z,KXBTC15M-26OCT050045-45,0.0070,0.50,no
2026-10-05T04:41:38.263617Z,KXBTC15M-26OCT050045-45,0.0070,1.48,no
2026-10-05T04:41:38.263617Z,KXBTC15M-26OCT050045-45,0.0070,0.01,no
2026-10-05T04:41:38.281718Z,KXBTC15M-26OCT050045-45,0.0080,51.95,yes
2026-10-05T04:41:38.360571Z,KXBTC15M-26OCT050045-45,0.0080,84.05,yes
2026-10-05T04:41:38.375084Z,KXBTC15M-26OCT050045-45,0.0080,58.44,yes
2026-10-05T04:41:38.378246Z,KXBTC15M-26OCT050045-45,0.0080,33.45,yes
2026-10-05T04:41:38.506166Z,KXBTC15M-26OCT050045-45,0.0080,15.00,yes
2026-10-05T04:41:38.506166Z,KXBTC15M-26OCT050045-45,0.0080,0.01,yes
2026-10-05T04:41:38.506166Z,KXBTC15M-26OCT050045-45,0.0080,167.83,yes
2026-10-05T04:41:38.506166Z,KXBTC15M-26OCT050045-45,0.0080,388.88,yes
2026-10-05T04:41:38.506166Z,KXBTC15M-26OCT050045-45,0.0080,0.01,yes
2026-10-05T04:41:38.506166Z,KXBTC15M-26OCT050045-45,0.0080,1.00,yes
2026-10-05T04:41:38.914897Z,KXBTC15M-26OCT050045-45,0.0080,0.10,yes
2026-10-05T04:41:38.914897Z,KXBTC15M-26OCT050045-45,0.0080,0.01,yes
2026-10-05T04:41:38.914897Z,KXBTC15M-26OCT050045-45,0.0080,0.01,yes
2026-10-05T04:41:38.914897Z,KXBTC15M-26OCT050045-45,0.0080,15.00,yes
2026-10-05T04:41:38.914897Z,KXBTC15M-26OCT050045-45,0.0090,91.25,yes
2026-10-05T04:41:38.923834Z,KXBTC15M-26OCT050045-45,0.0090,17.00,yes
2026-10-05T04:41:38.923834Z,KXBTC15M-26OCT050045-45,0.0090,20.18,yes
2026-10-05T04:41:38.924743Z,KXBTC15M-26OCT050045-45,0.0090,35.00,yes
2026-10-05T04:41:38.929356Z,KXBTC15M-26OCT050045-45,0.0090,73.99,yes
2026-10-05T04:41:38.973078Z,KXBTC15M-26OCT050045-45,0.0090,4.60,yes
2026-10-05T04:41:38.973078Z,KXBTC15M-26OCT050045-45,0.0090,1.00,yes
2026-10-05T04:41:39.030673Z,KXBTC15M-26OCT050045-45,0.0090,103.39,yes
2026-10-05T04:41:39.058331Z,KXBTC15M-26OCT050045-45,0.0090,51.41,yes
2026-10-05T04:41:39.103229Z,KXBTC15M-26OCT050045-45,0.0090,40.60,yes
2026-10-05T04:41:39.103229Z,KXBTC15M-26OCT050045-45,0.0090,0.01,yes
2026-10-05T04:41:39.103229Z,KXBTC15M-26OCT050045-45,0.0090,22.45,yes
2026-10-05T04:41:39.103229Z,KXBTC15M-26OCT050045-45,0.0090,109.00,yes
2026-10-05T04:41:39.396259Z,KXBTC15M-26OCT050045-45,0.0090,0.01,yes
2026-10-05T04:41:39.396259Z,KXBTC15M-26OCT050045-45,0.0090,400.00,yes
2026-10-05T04:41:39.396259Z,KXBTC15M-26OCT050045-45,0.0090,77.55,yes
2026-10-05T04:41:39.396259Z,KXBTC15M-26OCT050045-45,0.0090,17.00,yes
2026-10-05T04:41:39.396259Z,KXBTC15M-26OCT050045-45,0.0090,0.01,yes
2026-10-05T04:41:39.396259Z,KXBTC15M-26OCT050045-45,0.0090,1.00,yes
2026-10-05T04:41:39.396259Z,KXBTC15M-26OCT050045-45,0.0090,10.00,yes
2026-10-05T04:41:39.396259Z,KXBTC15M-26OCT050045-45,0.0090,10.00,yes
2026-10-05T04:41:39.396259Z,KXBTC15M-26OCT050045-45,0.0100,1938.33,yes
2026-10-05T04:41:39.470501Z,KXBTC15M-26OCT050045-45,0.0100,0.33,yes
2026-10-05T04:41:39.809732Z,KXBTC15M-26OCT050045-45,0.0090,5.03,no
2026-10-05T04:41:40.428595Z,KXBTC15M-26OCT050045-45,0.0100,109.98,yes
2026-10-05T04:41:40.428595Z,KXBTC15M-26OCT050045-45,0.0100,77.05,yes
2026-10-05T04:41:40.484877Z,KXBTC15M-26OCT050045-45,0.0100,41.00,yes
2026-10-05T04:41:40.600645Z,KXBTC15M-26OCT050045-45,0.0100,93.51,yes
2026-10-05T04:41:40.704227Z,KXBTC15M-26OCT050045-45,0.0090,0.10,no
2026-10-05T04:41:40.704227Z,KXBTC15M-26OCT050045-45,0.0090,205.95,no
2026-10-05T04:41:40.704227Z,KXBTC15M-26OCT050045-45,0.0090,1.00,no
2026-10-05T04:41:40.704227Z,KXBTC15M-26OCT050045-45,0.0090,144.97,no
2026-10-05T04:41:40.704227Z,KXBTC15M-26OCT050045-45,0.0090,500.00,no
2026-10-05T04:41:40.704227Z,KXBTC15M-26OCT050045-45,0.0090,500.00,no
2026-10-05T04:41:40.704227Z,KXBTC15M-26OCT050045-45,0.0090,4.00,no
2026-10-05T04:41:40.704227Z,KXBTC15M-26OCT050045-45,0.0090,0.10,no
2026-10-05T04:41:40.704227Z,KXBTC15M-26OCT050045-45,0.0090,0.01,no
2026-10-05T04:41:40.704227Z,KXBTC15M-26OCT050045-45,0.0090,750.00,no
2026-10-05T04:41:40.704227Z,KXBTC15M-26OCT050045-45,0.0090,0.01,no
2026-10-05T04:41:40.704227Z,KXBTC15M-26OCT050045-45,0.0090,750.00,no
2026-10-05T04:41:40.704227Z,KXBTC15M-26OCT050045-45,0.0090,1.00,no
2026-10-05T04:41:40.772945Z,KXBTC15M-26OCT050045-45,0.0100,207.52,yes
2026-10-05T04:41:40.857853Z,KXBTC15M-26OCT050045-45,0.0100,159.91,yes
2026-10-05T04:41:40.885017Z,KXBTC15M-26OCT050045-45,0.0090,0.01,no
2026-10-05T04:41:40.885017Z,KXBTC15M-26OCT050045-45,0.0090,0.01,no
2026-10-05T04:41:40.885017Z,KXBTC15M-26OCT050045-45,0.0090,0.18,no
2026-10-05T04:41:40.922218Z,KXBTC15M-26OCT050045-45,0.0100,12.15,yes
2026-10-05T04:41:40.956606Z,KXBTC15M-26OCT050045-45,0.0100,3.74,yes
2026-10-05T04:41:40.976176Z,KXBTC15M-26OCT050045-45,0.0090,91.30,no
2026-10-05T04:41:40.976176Z,KXBTC15M-26OCT050045-45,0.0090,83.82,no
2026-10-05T04:41:41.145279Z,KXBTC15M-26OCT050045-45,0.0080,60.02,no
2026-10-05T04:41:41.145279Z,KXBTC15M-26OCT050045-45,0.0080,1.00,no
2026-10-05T04:41:41.145279Z,KXBTC15M-26OCT050045-45,0.0090,1.00,no
2026-10-05T04:41:41.145279Z,KXBTC15M-26OCT050045-45,0.0090,0.01,no
2026-10-05T04:41:41.145279Z,KXBTC15M-26OCT050045-45,0.0090,84.00,no
2026-10-05T04:41:41.145279Z,KXBTC15M-26OCT050045-45,0.0090,500.00,no
2026-10-05T04:41:41.145279Z,KXBTC15M-26OCT050045-45,0.0090,1.00,no
2026-10-05T04:41:41.145279Z,KXBTC15M-26OCT050045-45,0.0090,58.70,no
2026-10-05T04:41:41.145279Z,KXBTC15M-26OCT050045-45,0.0090,0.01,no
2026-10-05T04:41:41.257235Z,KXBTC15M-26OCT050045-45,0.0090,0.10,yes
2026-10-05T04:41:41.257235Z,KXBTC15M-26OCT050045-45,0.0090,2.00,yes
2026-10-05T04:41:41.257235Z,KXBTC15M-26OCT050045-45,0.0090,0.01,yes
2026-10-05T04:41:41.257235Z,KXBTC15M-26OCT050045-45,0.0090,0.01,yes
2026-10-05T04:41:41.257235Z,KXBTC15M-26OCT050045-45,0.0090,0.10,yes
2026-10-05T04:41:41.257235Z,KXBTC15M-26OCT050045-45,0.0090,15.00,yes
2026-10-05T04:41:41.257235Z,KXBTC15M-26OCT050045-45,0.0100,83.43,yes
2026-10-05T04:41:41.355662Z,KXBTC15M-26OCT050045-45,0.0100,187.03,yes
2026-10-05T04:41:41.463085Z,KXBTC15M-26OCT050045-45,0.0100,93.51,yes
2026-10-05T04:41:41.507436Z,KXBTC15M-26OCT050045-45,0.0100,16.00,yes
2026-10-05T04:41:41.507436Z,KXBTC15M-26OCT050045-45,0.0100,10.00,yes
2026-10-05T04:41:41.507436Z,KXBTC15M-26OCT050045-45,0.0100,147.00,yes
2026-10-05T04:41:41.507436Z,KXBTC15M-26OCT050045-45,0.0100,2.00,yes
2026-10-05T04:41:41.507436Z,KXBTC15M-26OCT050045-45,0.0100,30.00,yes
2026-10-05T04:41:41.507436Z,KXBTC15M-26OCT050045-45,0.0100,88.15,yes
2026-10-05T04:41:41.507436Z,KXBTC15M-26OCT050045-45,0.0100,15.00,yes
2026-10-05T04:41:41.507436Z,KXBTC15M-26OCT050045-45,0.0100,375.00,yes
2026-10-05T04:41:41.507436Z,KXBTC15M-26OCT050045-45,0.0100,15.00,yes
2026-10-05T04:41:41.507436Z,KXBTC15M-26OCT050045-45,0.0100,50.00,yes
2026-10-05T04:41:41.670007Z,KXBTC15M-26OCT050045-45,0.0100,45.66,yes
2026-10-05T04:41:41.680283Z,KXBTC15M-26OCT050045-45,0.0100,52.34,yes
2026-10-05T04:41:41.680283Z,KXBTC15M-26OCT050045-45,0.0100,31.82,yes
2026-10-05T04:41:41.700605Z,KXBTC15M-26OCT050045-45,0.0100,93.51,yes
2026-10-05T04:41:41.766239Z,KXBTC15M-26OCT050045-45,0.0090,1.45,no
2026-10-05T04:41:42.054399Z,KXBTC15M-26OCT050045-45,0.0100,27.64,yes
2026-10-05T04:41:42.054399Z,KXBTC15M-26OCT050045-45,0.0100,126.67,yes
2026-10-05T04:41:42.054399Z,KXBTC15M-26OCT050045-45,0.0100,500.00,yes
2026-10-05T04:41:42.054399Z,KXBTC15M-26OCT050045-45,0.0100,1.00,yes
2026-10-05T04:41:42.054399Z,KXBTC15M-26OCT050045-45,0.0100,269.88,yes
2026-10-05T04:41:42.054399Z,KXBTC15M-26OCT050045-45,0.0100,10.00,yes
2026-10-05T04:41:42.075233Z,KXBTC15M-26OCT050045-45,0.0100,93.51,yes
2026-10-05T04:41:42.208562Z,KXBTC15M-26OCT050045-45,0.0100,2.00,yes
2026-10-05T04:41:42.265862Z,KXBTC15M-26OCT050045-45,0.0100,93.51,yes
2026-10-05T04:41:42.355955Z,KXBTC15M-26OCT050045-45,0.0090,23.67,no
2026-10-05T04:41:42.36287Z,KXBTC15M-26OCT050045-45,0.0100,283.34,yes
2026-10-05T04:41:42.36287Z,KXBTC15M-26OCT050045-45,0.0100,231.00,yes
2026-10-05T04:41:42.36287Z,KXBTC15M-26OCT050045-45,0.0100,10.00,yes
2026-10-05T04:41:42.36287Z,KXBTC15M-26OCT050045-45,0.0100,59.00,yes
2026-10-05T04:41:42.36287Z,KXBTC15M-26OCT050045-45,0.0100,30.00,yes
2026-10-05T04:41:42.36287Z,KXBTC15M-26OCT050045-45,0.0100,0.01,yes
2026-10-05T04:41:42.36287Z,KXBTC15M-26OCT050045-45,0.0100,322.00,yes
2026-10-05T04:41:42.36287Z,KXBTC15M-26OCT050045-45,0.0100,518.00,yes
2026-10-05T04:41:42.36287Z,KXBTC15M-26OCT050045-45,0.0100,3.00,yes
2026-10-05T04:41:42.36287Z,KXBTC15M-26OCT050045-45,0.0100,0.01,yes
2026-10-05T04:41:42.36287Z,KXBTC15M-26OCT050045-45,0.0100,200.00,yes
2026-10-05T04:41:42.36287Z,KXBTC15M-26OCT050045-45,0.0100,50.00,yes
2026-10-05T04:41:42.36287Z,KXBTC15M-26OCT050045-45,0.0100,14.00,yes
2026-10-05T04:41:42.36287Z,KXBTC15M-26OCT050045-45,0.0100,500.00,yes
2026-10-05T04:41:42.36287Z,KXBTC15M-26OCT050045-45,0.0100,400.00,yes
2026-10-05T04:41:42.36287Z,KXBTC15M-26OCT050045-45,0.0100,100.00,yes
2026-10-05T04:41:42.36287Z,KXBTC15M-26OCT050045-45,0.0100,0.10,yes
2026-10-05T04:41:42.36287Z,KXBTC15M-26OCT050045-45,0.0100,1.00,yes
2026-10-05T04:41:42.36287Z,KXBTC15M-26OCT050045-45,0.0100,10.00,yes
2026-10-05T04:41:42.36287Z,KXBTC15M-26OCT050045-45,0.0100,29.00,yes
2026-10-05T04:41:42.36287Z,KXBTC15M-26OCT050045-45,0.0100,104.00,yes
2026-10-05T04:41:42.394667Z,KXBTC15M-26OCT050045-45,0.0100,1.00,no
2026-10-05T04:41:42.394667Z,KXBTC15M-26OCT050045-45,0.0100,150.00,no
2026-10-05T04:41:42.394667Z,KXBTC15M-26OCT050045-45,0.0100,0.01,no
2026-10-05T04:41:42.394667Z,KXBTC15M-26OCT050045-45,0.0100,0.01,no
2026-10-05T04:41:42.394667Z,KXBTC15M-26OCT050045-45,0.0100,5.00,no
2026-10-05T04:41:42.394667Z,KXBTC15M-26OCT050045-45,0.0100,50.00,no
2026-10-05T04:41:42.431935Z,KXBTC15M-26OCT050045-45,0.0090,0.01,no
2026-10-05T04:41:42.431935Z,KXBTC15M-26OCT050045-45,0.0090,1.00,no
2026-10-05T04:41:42.431935Z,KXBTC15M-26OCT050045-45,0.0090,0.01,no
2026-10-05T04:41:42.431935Z,KXBTC15M-26OCT050045-45,0.0090,100.99,no
2026-10-05T04:41:42.606272Z,KXBTC15M-26OCT050045-45,0.0100,0.93,yes
2026-10-05T04:41:42.666646Z,KXBTC15M-26OCT050045-45,0.0080,15.00,no
2026-10-05T04:41:42.666646Z,KXBTC15M-26OCT050045-45,0.0090,1.00,no
2026-10-05T04:41:42.666646Z,KXBTC15M-26OCT050045-45,0.0080,15.00,no
2026-10-05T04:41:42.666646Z,KXBTC15M-26OCT050045-45,0.0070,39.25,no
2026-10-05T04:41:42.666646Z,KXBTC15M-26OCT050045-45,0.0080,1.00,no
2026-10-05T04:41:42.666646Z,KXBTC15M-26OCT050045-45,0.0090,0.01,no
2026-10-05T04:41:42.666646Z,KXBTC15M-26OCT050045-45,0.0090,0.01,no
2026-10-05T04:41:42.666646Z,KXBTC15M-26OCT050045-45,0.0090,649.01,no
2026-10-05T04:41:42.666646Z,KXBTC15M-26OCT050045-45,0.0090,750.00,no
2026-10-05T04:41:42.666646Z,KXBTC15M-26OCT050045-45,0.0090,0.10,no
2026-10-05T04:41:42.666646Z,KXBTC15M-26OCT050045-45,0.0070,15.00,no
2026-10-05T04:41:42.666646Z,KXBTC15M-26OCT050045-45,0.0070,15.00,no
2026-10-05T04:41:42.666646Z,KXBTC15M-26OCT050045-45,0.0070,1.00,no
2026-10-05T04:41:42.666646Z,KXBTC15M-26OCT050045-45,0.0070,10.00,no
2026-10-05T04:41:42.817584Z,KXBTC15M-26OCT050045-45,0.0090,4.02,yes
2026-10-05T04:41:42.945563Z,KXBTC15M-26OCT050045-45,0.0090,33.82,yes
2026-10-05T04:41:42.992185Z,KXBTC15M-26OCT050045-45,0.0080,0.01,no
2026-10-05T04:41:42.992185Z,KXBTC15M-26OCT050045-45,0.0080,65.15,no
2026-10-05T04:41:42.992185Z,KXBTC15M-26OCT050045-45,0.0080,0.01,no
2026-10-05T04:41:42.996428Z,KXBTC15M-26OCT050045-45,0.0080,7.05,no
2026-10-05T04:41:43.113629Z,KXBTC15M-26OCT050045-45,0.0080,34.58,no
2026-10-05T04:41:43.209639Z,KXBTC15M-26OCT050045-45,0.0080,86.00,no
2026-10-05T04:41:43.209639Z,KXBTC15M-26OCT050045-45,0.0070,226.52,no
2026-10-05T04:41:43.209639Z,KXBTC15M-26OCT050045-45,0.0080,43.22,no
2026-10-05T04:41:43.209639Z,KXBTC15M-26OCT050045-45,0.0080,5.00,no
2026-10-05T04:41:43.209639Z,KXBTC15M-26OCT050045-45,0.0080,0.01,no
2026-10-05T04:41:43.209639Z,KXBTC15M-26OCT050045-45,0.0080,1.00,no
2026-10-05T04:41:43.209639Z,KXBTC15M-26OCT050045-45,0.0080,0.01,no
2026-10-05T04:41:43.209639Z,KXBTC15M-26OCT050045-45,0.0080,4.00,no
2026-10-05T04:41:43.222585Z,KXBTC15M-26OCT050045-45,0.0070,0.50,no
2026-10-05T04:41:43.524345Z,KXBTC15M-26OCT050045-45,0.0070,85.57,no
2026-10-05T04:41:43.611746Z,KXBTC15M-26OCT050045-45,0.0070,20.00,no
2026-10-05T04:41:43.632116Z,KXBTC15M-26OCT050045-45,0.0070,147.01,no
2026-10-05T04:41:43.632116Z,KXBTC15M-26OCT050045-45,0.0070,54.34,no
2026-10-05T04:41:43.63851Z,KXBTC15M-26OCT050045-45,0.0080,0.01,yes
2026-10-05T04:41:43.63851Z,KXBTC15M-26OCT050045-45,0.0080,0.10,yes
2026-10-05T04:41:43.63851Z,KXBTC15M-26OCT050045-45,0.0080,0.10,yes
2026-10-05T04:41:43.63851Z,KXBTC15M-26OCT050045-45,0.0080,0.01,yes
2026-10-05T04:41:43.63851Z,KXBTC15M-26OCT050045-45,0.0080,15.00,yes
2026-10-05T04:41:43.63851Z,KXBTC15M-26OCT050045-45,0.0080,15.00,yes
2026-10-05T04:41:43.63851Z,KXBTC15M-26OCT050045-45,0.0080,1.00,yes
2026-10-05T04:41:43.63851Z,KXBTC15M-26OCT050045-45,0.0080,85.66,yes
2026-10-05T04:41:43.699235Z,KXBTC15M-26OCT050045-45,0.0080,48.00,yes
2026-10-05T04:41:44.043235Z,KXBTC15M-26OCT050045-45,0.0080,243.00,yes
2026-10-05T04:41:44.074338Z,KXBTC15M-26OCT050045-45,0.0070,187.22,no
2026-10-05T04:41:44.13277Z,KXBTC15M-26OCT050045-45,0.0080,1.00,yes
2026-10-05T04:41:44.13277Z,KXBTC15M-26OCT050045-45,0.0080,273.00,yes
2026-10-05T04:41:44.13277Z,KXBTC15M-26OCT050045-45,0.0080,127.66,yes
2026-10-05T04:41:44.13277Z,KXBTC15M-26OCT050045-45,0.0080,85.34,yes
2026-10-05T04:41:44.168653Z,KXBTC15M-26OCT050045-45,0.0080,7.12,yes
2026-10-05T04:41:44.168653Z,KXBTC15M-26OCT050045-45,0.0080,0.01,yes
2026-10-05T04:41:44.168653Z,KXBTC15M-26OCT050045-45,0.0080,72.34,yes
2026-10-05T04:41:44.168653Z,KXBTC15M-26OCT050045-45,0.0080,0.01,yes
2026-10-05T04:41:44.18798Z,KXBTC15M-26OCT050045-45,0.0080,116.88,yes
2026-10-05T04:41:44.372963Z,KXBTC15M-26OCT050045-45,0.0080,116.88,yes
2026-10-05T04:41:44.397Z,KXBTC15M-26OCT050045-45,0.0070,1.00,no
2026-10-05T04:41:44.397Z,KXBTC15M-26OCT050045-45,0.0070,12.78,no
2026-10-05T04:41:44.397Z,KXBTC15M-26OCT050045-45,0.0070,1.00,no
2026-10-05T04:41:44.397Z,KXBTC15M-26OCT050045-45,0.0070,10.38,no
2026-10-05T04:41:44.414941Z,KXBTC15M-26OCT050045-45,0.0070,59.02,no
2026-10-05T04:41:44.414941Z,KXBTC15M-26OCT050045-45,0.0070,15.00,no
2026-10-05T04:41:44.414941Z,KXBTC15M-26OCT050045-45,0.0070,0.01,no
2026-10-05T04:41:44.414941Z,KXBTC15M-26OCT050045-45,0.0070,5.00,no
2026-10-05T04:41:44.414941Z,KXBTC15M-26OCT050045-45,0.0070,15.00,no
2026-10-05T04:41:44.414941Z,KXBTC15M-26OCT050045-45,0.0070,100.00,no
2026-10-05T04:41:44.414941Z,KXBTC15M-26OCT050045-45,0.0070,36.55,no
2026-10-05T04:41:44.414941Z,KXBTC15M-26OCT050045-45,0.0070,87.62,no
2026-10-05T04:41:44.414941Z,KXBTC15M-26OCT050045-45,0.0070,150.00,no
2026-10-05T04:41:44.414941Z,KXBTC15M-26OCT050045-45,0.0070,0.10,no
2026-10-05T04:41:44.414941Z,KXBTC15M-26OCT050045-45,0.0070,400.00,no
2026-10-05T04:41:44.414941Z,KXBTC15M-26OCT050045-45,0.0070,0.01,no
2026-10-05T04:41:44.435004Z,KXBTC15M-26OCT050045-45,0.0080,116.88,yes
2026-10-05T04:41:44.515803Z,KXBTC15M-26OCT050045-45,0.0080,50.00,yes
2026-10-05T04:41:44.603187Z,KXBTC15M-26OCT050045-45,0.0080,1.14,yes
2026-10-05T04:41:44.759413Z,KXBTC15M-26OCT050045-45,0.0080,0.02,yes
2026-10-05T04:41:44.89549Z,KXBTC15M-26OCT050045-45,0.0070,0.50,no
2026-10-05T04:41:44.923144Z,KXBTC15M-26OCT050045-45,0.0080,1.01,yes
2026-10-05T04:41:44.928377Z,KXBTC15M-26OCT050045-45,0.0080,0.02,yes
2026-10-05T04:41:44.987251Z,KXBTC15M-26OCT050045-45,0.0080,0.10,yes
2026-10-05T04:41:44.987251Z,KXBTC15M-26OCT050045-45,0.0080,0.01,yes
2026-10-05T04:41:44.987251Z,KXBTC15M-26OCT050045-45,0.0080,15.00,yes
2026-10-05T04:41:44.988904Z,KXBTC15M-26OCT050045-45,0.0080,0.01,yes
2026-10-05T04:41:44.988904Z,KXBTC15M-26OCT050045-45,0.0080,1.00,yes
2026-10-05T04:41:45.097265Z,KXBTC15M-26OCT050045-45,0.0090,0.02,yes
2026-10-05T04:41:45.099158Z,KXBTC15M-26OCT050045-45,0.0090,0.02,yes
2026-10-05T04:41:45.099405Z,KXBTC15M-26OCT050045-45,0.0090,0.01,yes
2026-10-05T04:41:45.099405Z,KXBTC15M-26OCT050045-45,0.0090,0.96,yes
2026-10-05T04:41:45.099405Z,KXBTC15M-26OCT050045-45,0.0090,0.01,yes
2026-10-05T04:41:45.099405Z,KXBTC15M-26OCT050045-45,0.0090,15.00,yes
2026-10-05T04:41:45.102741Z,KXBTC15M-26OCT050045-45,0.0100,16.03,yes
2026-10-05T04:41:45.117742Z,KXBTC15M-26OCT050045-45,0.0100,33.97,yes
2026-10-05T04:41:45.117742Z,KXBTC15M-26OCT050045-45,0.0100,14.48,yes
2026-10-05T04:41:45.464334Z,KXBTC15M-26OCT050045-45,0.0100,200.00,yes
2026-10-05T04:41:45.464334Z,KXBTC15M-26OCT050045-45,0.0100,50.00,yes
2026-10-05T04:41:45.464334Z,KXBTC15M-26OCT050045-45,0.0100,100.00,yes
2026-10-05T04:41:45.464334Z,KXBTC15M-26OCT050045-45,0.0100,0.01,yes
2026-10-05T04:41:45.464334Z,KXBTC15M-26OCT050045-45,0.0100,93.75,yes
2026-10-05T04:41:45.464334Z,KXBTC15M-26OCT050045-45,0.0100,93.75,yes
2026-10-05T04:41:45.464334Z,KXBTC15M-26OCT050045-45,0.0100,16.00,yes
2026-10-05T04:41:45.464334Z,KXBTC15M-26OCT050045-45,0.0100,0.01,yes
2026-10-05T04:41:45.464334Z,KXBTC15M-26OCT050045-45,0.0100,2.00,yes
2026-10-05T04:41:45.464334Z,KXBTC15M-26OCT050045-45,0.0110,182.52,yes
2026-10-05T04:41:45.464334Z,KXBTC15M-26OCT050045-45,0.0100,1.00,yes
2026-10-05T04:41:45.464334Z,KXBTC15M-26OCT050045-45,0.0100,15.00,yes
2026-10-05T04:41:45.464334Z,KXBTC15M-26OCT050045-45,0.0100,2.00,yes
2026-10-05T04:41:45.464334Z,KXBTC15M-26OCT050045-45,0.0100,59.00,yes
2026-10-05T04:41:45.464334Z,KXBTC15M-26OCT050045-45,0.0100,101.00,yes
2026-10-05T04:41:45.464334Z,KXBTC15M-26OCT050045-45,0.0100,0.52,yes
2026-10-05T04:41:45.649241Z,KXBTC15M-26OCT050045-45,0.0100,50.00,no
2026-10-05T04:41:45.649241Z,KXBTC15M-26OCT050045-45,0.0100,0.01,no
2026-10-05T04:41:45.649241Z,KXBTC15M-26OCT050045-45,0.0100,0.01,no
2026-10-05T04:41:45.649241Z,KXBTC15M-26OCT050045-45,0.0100,150.00,no
2026-10-05T04:41:45.649241Z,KXBTC15M-26OCT050045-45,0.0100,202.71,no
2026-10-05T04:41:45.752867Z,KXBTC15M-26OCT050045-45,0.0100,50.00,no
2026-10-05T04:41:45.752867Z,KXBTC15M-26OCT050045-45,0.0100,1.00,no
2026-10-05T04:41:45.752867Z,KXBTC15M-26OCT050045-45,0.0100,472.29,no
2026-10-05T04:41:45.752867Z,KXBTC15M-26OCT050045-45,0.0100,150.00,no
2026-10-05T04:41:45.752867Z,KXBTC15M-26OCT050045-45,0.0100,0.01,no
2026-10-05T04:41:45.752867Z,KXBTC15M-26OCT050045-45,0.0100,0.01,no
2026-10-05T04:41:45.760205Z,KXBTC15M-26OCT050045-45,0.0090,6.00,no
2026-10-05T04:41:45.760205Z,KXBTC15M-26OCT050045-45,0.0090,0.01,no
2026-10-05T04:41:45.894215Z,KXBTC15M-26OCT050045-45,0.0100,150.00,yes
2026-10-05T04:41:45.894215Z,KXBTC15M-26OCT050045-45,0.0100,150.00,yes
2026-10-05T04:41:45.894215Z,KXBTC15M-26OCT050045-45,0.0100,15.00,yes
2026-10-05T04:41:45.894215Z,KXBTC15M-26OCT050045-45,0.0100,93.75,yes
2026-10-05T04:41:45.894215Z,KXBTC15M-26OCT050045-45,0.0100,93.75,yes
2026-10-05T04:41:45.894215Z,KXBTC15M-26OCT050045-45,0.0100,337.50,yes
2026-10-05T04:41:45.894215Z,KXBTC15M-26OCT050045-45,0.0100,10.00,yes
2026-10-05T04:41:46.200673Z,KXBTC15M-26OCT050045-45,0.0100,10.00,yes
2026-10-05T04:41:46.200673Z,KXBTC15M-26OCT050045-45,0.0100,15.00,yes
2026-10-05T04:41:46.200673Z,KXBTC15M-26OCT050045-45,0.0100,0.10,yes
2026-10-05T04:41:46.200673Z,KXBTC15M-26OCT050045-45,0.0100,0.01,yes
2026-10-05T04:41:46.200673Z,KXBTC15M-26OCT050045-45,0.0100,93.75,yes
2026-10-05T04:41:46.200673Z,KXBTC15M-26OCT050045-45,0.0100,50.00,yes
2026-10-05T04:41:46.200673Z,KXBTC15M-26OCT050045-45,0.0100,15.00,yes
2026-10-05T04:41:46.200673Z,KXBTC15M-26OCT050045-45,0.0100,16.00,yes
2026-10-05T04:41:46.200673Z,KXBTC15M-26OCT050045-45,0.0100,0.10,yes
2026-10-05T04:41:46.200673Z,KXBTC15M-26OCT050045-45,0.0100,0.01,yes
2026-10-05T04:41:46.200673Z,KXBTC15M-26OCT050045-45,0.0100,162.50,yes
2026-10-05T04:41:46.200673Z,KXBTC15M-26OCT050045-45,0.0100,500.00,yes
2026-10-05T04:41:46.200673Z,KXBTC15M-26OCT050045-45,0.0100,1.00,yes
2026-10-05T04:41:46.200673Z,KXBTC15M-26OCT050045-45,0.0100,93.75,yes
2026-10-05T04:41:46.200673Z,KXBTC15M-26OCT050045-45,0.0100,3293.93,yes
2026-10-05T04:41:46.30414Z,KXBTC15M-26OCT050045-45,0.0090,150.00,no
2026-10-05T04:41:46.30414Z,KXBTC15M-26OCT050045-45,0.0090,0.01,no
2026-10-05T04:41:46.30414Z,KXBTC15M-26OCT050045-45,0.0090,0.10,no
2026-10-05T04:41:46.30414Z,KXBTC15M-26OCT050045-45,0.0090,0.01,no
2026-10-05T04:41:46.30414Z,KXBTC15M-26OCT050045-45,0.0090,197.86,no
2026-10-05T04:41:46.458272Z,KXBTC15M-26OCT050045-45,0.0100,93.51,yes
2026-10-05T04:41:46.543882Z,KXBTC15M-26OCT050045-45,0.0090,255.03,no
2026-10-05T04:41:46.566763Z,KXBTC15M-26OCT050045-45,0.0100,93.51,yes
2026-10-05T04:41:46.731552Z,KXBTC15M-26OCT050045-45,0.0100,18.70,yes
2026-10-05T04:41:46.883924Z,KXBTC15M-26OCT050045-45,0.0100,115.74,yes
2026-10-05T04:41:46.883924Z,KXBTC15M-26OCT050045-45,0.0100,24.53,yes
2026-10-05T04:41:46.943261Z,KXBTC15M-26OCT050045-45,0.0100,0.01,yes
2026-10-05T04:41:46.943261Z,KXBTC15M-26OCT050045-45,0.0100,0.01,yes
2026-10-05T04:41:46.943261Z,KXBTC15M-26OCT050045-45,0.0100,25.47,yes
2026-10-05T04:41:46.964923Z,KXBTC15M-26OCT050045-45,0.0110,1.11,yes
2026-10-05T04:41:47.009949Z,KXBTC15M-26OCT050045-45,0.0110,12.36,yes
2026-10-05T04:41:47.176069Z,KXBTC15M-26OCT050045-45,0.0100,20.16,no
2026-10-05T04:41:47.227071Z,KXBTC15M-26OCT050045-45,0.0110,61.96,yes
2026-10-05T04:41:47.276465Z,KXBTC15M-26OCT050045-45,0.0110,9.16,yes
2026-10-05T04:41:47.347625Z,KXBTC15M-26OCT050045-45,0.0110,40.30,yes
2026-10-05T04:41:47.347625Z,KXBTC15M-26OCT050045-45,0.0110,1.00,yes
2026-10-05T04:41:47.347625Z,KXBTC15M-26OCT050045-45,0.0110,2.00,yes
2026-10-05T04:41:47.44336Z,KXBTC15M-26OCT050045-45,0.0110,59.70,yes
2026-10-05T04:41:47.44336Z,KXBTC15M-26OCT050045-45,0.0110,32.79,yes
2026-10-05T04:41:47.590645Z,KXBTC15M-26OCT050045-45,0.0100,0.10,no
2026-10-05T04:41:47.590645Z,KXBTC15M-26OCT050045-45,0.0100,0.01,no
2026-10-05T04:41:47.590645Z,KXBTC15M-26OCT050045-45,0.0100,129.84,no
2026-10-05T04:41:47.590645Z,KXBTC15M-26OCT050045-45,0.0100,495.05,no
2026-10-05T04:41:47.590645Z,KXBTC15M-26OCT050045-45,0.0100,50.00,no
2026-10-05T04:41:47.592511Z,KXBTC15M-26OCT050045-45,0.0100,1.00,no
2026-10-05T04:41:47.592511Z,KXBTC15M-26OCT050045-45,0.0100,90.05,no
2026-10-05T04:41:47.592511Z,KXBTC15M-26OCT050045-45,0.0100,304.95,no
2026-10-05T04:41:47.59507Z,KXBTC15M-26OCT050045-45,0.0100,0.02,no
2026-10-05T04:41:47.598812Z,KXBTC15M-26OCT050045-45,0.0100,99.00,no
2026-10-05T04:41:47.60297Z,KXBTC15M-26OCT050045-45,0.0100,0.02,no
2026-10-05T04:41:47.796765Z,KXBTC15M-26OCT050045-45,0.0110,82.90,yes
2026-10-05T04:41:47.796765Z,KXBTC15M-26OCT050045-45,0.0110,0.10,yes
2026-10-05T04:41:47.796765Z,KXBTC15M-26OCT050045-45,0.0110,2.00,yes
2026-10-05T04:41:47.796765Z,KXBTC15M-26OCT050045-45,0.0110,0.01,yes
2026-10-05T04:41:47.796765Z,KXBTC15M-26OCT050045-45,0.0110,0.01,yes
2026-10-05T04:41:48.479855Z,KXBTC15M-26OCT050045-45,0.0110,25.41,yes
2026-10-05T04:41:48.479855Z,KXBTC15M-26OCT050045-45,0.0110,17.10,yes
2026-10-05T04:41:48.510855Z,KXBTC15M-26OCT050045-45,0.0100,21.39,no
2026-10-05T04:41:48.511547Z,KXBTC15M-26OCT050045-45,0.0110,42.51,yes
2026-10-05T04:41:48.518692Z,KXBTC15M-26OCT050045-45,0.0100,60.00,no
2026-10-05T04:41:48.595852Z,KXBTC15M-26OCT050045-45,0.0100,709.00,no
2026-10-05T04:41:48.725093Z,KXBTC15M-26OCT050045-45,0.0100,0.10,no
2026-10-05T04:41:48.725093Z,KXBTC15M-26OCT050045-45,0.0100,0.01,no
2026-10-05T04:41:48.725093Z,KXBTC15M-26OCT050045-45,0.0100,50.00,no
2026-10-05T04:41:48.725093Z,KXBTC15M-26OCT050045-45,0.0100,373.33,no
2026-10-05T04:41:48.725093Z,KXBTC15M-26OCT050045-45,0.0100,1.00,no
2026-10-05T04:41:48.725093Z,KXBTC15M-26OCT050045-45,0.0100,0.01,no
2026-10-05T04:41:48.725093Z,KXBTC15M-26OCT050045-45,0.0100,1520.52,no
2026-10-05T04:41:48.725093Z,KXBTC15M-26OCT050045-45,0.0100,675.00,no
2026-10-05T04:41:48.819731Z,KXBTC15M-26OCT050045-45,0.0110,5.57,yes
2026-10-05T04:41:48.887877Z,KXBTC15M-26OCT050045-45,0.0110,4.46,yes
2026-10-05T04:41:48.937158Z,KXBTC15M-26OCT050045-45,0.0110,85.02,yes
2026-10-05T04:41:48.994899Z,KXBTC15M-26OCT050045-45,0.0100,3.65,no
2026-10-05T04:41:48.994899Z,KXBTC15M-26OCT050045-45,0.0100,0.01,no
2026-10-05T04:41:48.994899Z,KXBTC15M-26OCT050045-45,0.0100,0.01,no
2026-10-05T04:41:49.03537Z,KXBTC15M-26OCT050045-45,0.0100,0.01,no
2026-10-05T04:41:49.03537Z,KXBTC15M-26OCT050045-45,0.0100,46.35,no
2026-10-05T04:41:49.055571Z,KXBTC15M-26OCT050045-45,0.0090,71.74,no
2026-10-05T04:41:49.055571Z,KXBTC15M-26OCT050045-45,0.0090,6.00,no
2026-10-05T04:41:49.055571Z,KXBTC15M-26OCT050045-45,0.0090,15.00,no
2026-10-05T04:41:49.115861Z,KXBTC15M-26OCT050045-45,0.0100,75.02,yes
2026-10-05T04:41:49.115861Z,KXBTC15M-26OCT050045-45,0.0100,10.00,yes
2026-10-05T04:41:49.145441Z,KXBTC15M-26OCT050045-45,0.0080,5.63,no
2026-10-05T04:41:49.145441Z,KXBTC15M-26OCT050045-45,0.0080,15.00,no
2026-10-05T04:41:49.145441Z,KXBTC15M-26OCT050045-45,0.0090,78.26,no
2026-10-05T04:41:49.145441Z,KXBTC15M-26OCT050045-45,0.0090,0.01,no
2026-10-05T04:41:49.145441Z,KXBTC15M-26OCT050045-45,0.0090,0.01,no
2026-10-05T04:41:49.380872Z,KXBTC15M-26OCT050045-45,0.0080,9.37,no
2026-10-05T04:41:49.380872Z,KXBTC15M-26OCT050045-45,0.0080,210.77,no
2026-10-05T04:41:49.517744Z,KXBTC15M-26OCT050045-45,0.0090,137.58,yes
2026-10-05T04:41:49.536002Z,KXBTC15M-26OCT050045-45,0.0080,30.00,no
2026-10-05T04:41:49.536002Z,KXBTC15M-26OCT050045-45,0.0080,268.00,no
2026-10-05T04:41:49.536002Z,KXBTC15M-26OCT050045-45,0.0080,1.00,no
2026-10-05T04:41:49.536002Z,KXBTC15M-26OCT050045-45,0.0080,4.00,no
2026-10-05T04:41:49.698551Z,KXBTC15M-26OCT050045-45,0.0090,1.00,yes
2026-10-05T04:41:50.041459Z,KXBTC15M-26OCT050045-45,0.0080,15.00,no
2026-10-05T04:41:50.041459Z,KXBTC15M-26OCT050045-45,0.0080,0.01,no
2026-10-05T04:41:50.041459Z,KXBTC15M-26OCT050045-45,0.0080,0.01,no
2026-10-05T04:41:50.041459Z,KXBTC15M-26OCT050045-45,0.0080,2.29,no
2026-10-05T04:41:50.094906Z,KXBTC15M-26OCT050045-45,0.0090,0.01,yes
2026-10-05T04:41:50.094906Z,KXBTC15M-26OCT050045-45,0.0090,15.00,yes
2026-10-05T04:41:50.094906Z,KXBTC15M-26OCT050045-45,0.0090,0.10,yes
2026-10-05T04:41:50.094906Z,KXBTC15M-26OCT050045-45,0.0090,0.01,yes
2026-10-05T04:41:50.094906Z,KXBTC15M-26OCT050045-45,0.0090,86.71,yes
2026-10-05T04:41:50.106286Z,KXBTC15M-26OCT050045-45,0.0090,15.00,yes
2026-10-05T04:41:50.106286Z,KXBTC15M-26OCT050045-45,0.0090,15.00,yes
2026-10-05T04:41:50.405725Z,KXBTC15M-26OCT050045-45,0.0090,172.06,yes
2026-10-05T04:41:50.429691Z,KXBTC15M-26OCT050045-45,0.0090,50.00,yes
2026-10-05T04:41:50.430107Z,KXBTC15M-26OCT050045-45,0.0090,101.83,yes
2026-10-05T04:41:50.493376Z,KXBTC15M-26OCT050045-45,0.0090,101.83,yes
2026-10-05T04:41:50.596533Z,KXBTC15M-26OCT050045-45,0.0090,1.01,yes
2026-10-05T04:41:50.63136Z,KXBTC15M-26OCT050045-45,0.0090,13.27,yes
2026-10-05T04:41:50.63136Z,KXBTC15M-26OCT050045-45,0.0090,87.56,yes
2026-10-05T04:41:50.63136Z,KXBTC15M-26OCT050045-45,0.0090,1.00,yes
2026-10-05T04:41:50.633345Z,KXBTC15M-26OCT050045-45,0.0080,0.10,no
2026-10-05T04:41:50.633345Z,KXBTC15M-26OCT050045-45,0.0080,6.00,no
2026-10-05T04:41:50.633345Z,KXBTC15M-26OCT050045-45,0.0080,14.16,no
2026-10-05T04:41:50.633345Z,KXBTC15M-26OCT050045-45,0.0080,0.01,no
2026-10-05T04:41:50.633345Z,KXBTC15M-26OCT050045-45,0.0080,0.01,no
2026-10-05T04:41:50.650444Z,KXBTC15M-26OCT050045-45,0.0070,1.00,no
2026-10-05T04:41:50.650444Z,KXBTC15M-26OCT050045-45,0.0070,301.00,no
2026-10-05T04:41:50.650444Z,KXBTC15M-26OCT050045-45,0.0070,642.58,no
2026-10-05T04:41:50.650444Z,KXBTC15M-26OCT050045-45,0.0080,150.00,no
2026-10-05T04:41:50.650444Z,KXBTC15M-26OCT050045-45,0.0080,0.01,no
2026-10-05T04:41:50.650444Z,KXBTC15M-26OCT050045-45,0.0080,0.01,no
2026-10-05T04:41:50.650444Z,KXBTC15M-26OCT050045-45,0.0080,0.84,no
2026-10-05T04:41:50.650444Z,KXBTC15M-26OCT050045-45,0.0070,98.00,no
2026-10-05T04:41:50.650444Z,KXBTC15M-26OCT050045-45,0.0070,15.00,no
2026-10-05T04:41:50.800794Z,KXBTC15M-26OCT050045-45,0.0080,14.26,yes
2026-10-05T04:41:50.851161Z,KXBTC15M-26OCT050045-45,0.0080,5.64,yes
2026-10-05T04:41:50.851161Z,KXBTC15M-26OCT050045-45,0.0080,0.01,yes
2026-10-05T04:41:50.851161Z,KXBTC15M-26OCT050045-45,0.0080,0.10,yes
2026-10-05T04:41:50.851161Z,KXBTC15M-26OCT050045-45,0.0080,0.01,yes
2026-10-05T04:41:51.015122Z,KXBTC15M-26OCT050045-45,0.0070,0.01,no
2026-10-05T04:41:51.015122Z,KXBTC15M-26OCT050045-45,0.0070,14.49,no
2026-10-05T04:41:51.024008Z,KXBTC15M-26OCT050045-45,0.0080,285.35,yes
2026-10-05T04:41:51.024008Z,KXBTC15M-26OCT050045-45,0.0080,15.00,yes
2026-10-05T04:41:51.024008Z,KXBTC15M-26OCT050045-45,0.0080,1.00,yes
2026-10-05T04:41:51.024008Z,KXBTC15M-26OCT050045-45,0.0080,1.00,yes
2026-10-05T04:41:51.024008Z,KXBTC15M-26OCT050045-45,0.0080,9.36,yes
2026-10-05T04:41:51.079103Z,KXBTC15M-26OCT050045-45,0.0080,1039.03,yes
2026-10-05T04:41:51.142003Z,KXBTC15M-26OCT050045-45,0.0080,3.08,yes
2026-10-05T04:41:51.189176Z,KXBTC15M-26OCT050045-45,0.0080,6.22,yes
2026-10-05T04:41:51.284084Z,KXBTC15M-26OCT050045-45,0.0080,103.91,yes
2026-10-05T04:41:51.289362Z,KXBTC15M-26OCT050045-45,0.0080,58.44,yes
2026-10-05T04:41:51.564543Z,KXBTC15M-26OCT050045-45,0.0070,5.12,no
2026-10-05T04:41:51.582767Z,KXBTC15M-26OCT050045-45,0.0080,20.34,yes
2026-10-05T04:41:51.610227Z,KXBTC15M-26OCT050045-45,0.0080,18.91,yes
2026-10-05T04:41:51.610227Z,KXBTC15M-26OCT050045-45,0.0080,307.98,yes
2026-10-05T04:41:51.857021Z,KXBTC15M-26OCT050045-45,0.0080,84.96,yes
2026-10-05T04:41:52.016296Z,KXBTC15M-26OCT050045-45,0.0080,8.70,yes
2026-10-05T04:41:52.016296Z,KXBTC15M-26OCT050045-45,0.0080,1.00,yes
2026-10-05T04:41:52.016296Z,KXBTC15M-26OCT050045-45,0.0080,0.01,yes
2026-10-05T04:41:52.016296Z,KXBTC15M-26OCT050045-45,0.0080,0.01,yes
2026-10-05T04:41:52.016296Z,KXBTC15M-26OCT050045-45,0.0080,0.10,yes
2026-10-05T04:41:52.016296Z,KXBTC15M-26OCT050045-45,0.0080,107.06,yes
2026-10-05T04:41:52.21543Z,KXBTC15M-26OCT050045-45,0.0080,549.95,yes
2026-10-05T04:41:52.21543Z,KXBTC15M-26OCT050045-45,0.0080,6.30,yes
2026-10-05T04:41:52.272862Z,KXBTC15M-26OCT050045-45,0.0080,102.00,yes
2026-10-05T04:41:52.476014Z,KXBTC15M-26OCT050045-45,0.0080,233.75,yes
2026-10-05T04:41:52.83782Z,KXBTC15M-26OCT050045-45,0.0080,13.74,yes
2026-10-05T04:41:52.891689Z,KXBTC15M-26OCT050045-45,0.0080,11.62,yes
2026-10-05T04:41:52.939339Z,KXBTC15M-26OCT050045-45,0.0080,24.54,yes
2026-10-05T04:41:52.961772Z,KXBTC15M-26OCT050045-45,0.0080,572.73,yes
2026-10-05T04:41:53.102572Z,KXBTC15M-26OCT050045-45,0.0070,39.24,no
2026-10-05T04:41:53.244179Z,KXBTC15M-26OCT050045-45,0.0080,1086.00,yes
2026-10-05T04:41:53.254853Z,KXBTC15M-26OCT050045-45,0.0080,503.27,yes
2026-10-05T04:41:53.292701Z,KXBTC15M-26OCT050045-45,0.0080,116.88,yes
2026-10-05T04:41:53.362871Z,KXBTC15M-26OCT050045-45,0.0080,5.12,yes
2026-10-05T04:41:53.524134Z,KXBTC15M-26OCT050045-45,0.0080,11.45,yes
2026-10-05T04:41:53.617482Z,KXBTC15M-26OCT050045-45,0.0080,0.02,yes
2026-10-05T04:41:53.61832Z,KXBTC15M-26OCT050045-45,0.0080,0.02,yes
2026-10-05T04:41:53.619698Z,KXBTC15M-26OCT050045-45,0.0080,0.10,yes
2026-10-05T04:41:53.619698Z,KXBTC15M-26OCT050045-45,0.0080,0.01,yes
2026-10-05T04:41:53.619698Z,KXBTC15M-26OCT050045-45,0.0080,0.01,yes
2026-10-05T04:41:53.619698Z,KXBTC15M-26OCT050045-45,0.0080,1.00,yes
2026-10-05T04:41:53.619698Z,KXBTC15M-26OCT050045-45,0.0080,34.50,yes
2026-10-05T04:41:53.62701Z,KXBTC15M-26OCT050045-45,0.0090,927.72,yes
2026-10-05T04:41:53.62701Z,KXBTC15M-26OCT050045-45,0.0090,1.00,yes
2026-10-05T04:41:53.638308Z,KXBTC15M-26OCT050045-45,0.0100,1.13,yes
2026-10-05T04:41:53.823237Z,KXBTC15M-26OCT050045-45,0.0090,5.00,no
2026-10-05T04:41:53.911814Z,KXBTC15M-26OCT050045-45,0.0090,30.19,no
2026-10-05T04:41:53.913154Z,KXBTC15M-26OCT050045-45,0.0090,7.04,no
2026-10-05T04:41:54.033166Z,KXBTC15M-26OCT050045-45,0.0090,11.59,no
2026-10-05T04:41:54.215793Z,KXBTC15M-26OCT050045-45,0.0090,0.43,no
2026-10-05T04:41:54.235838Z,KXBTC15M-26OCT050045-45,0.0100,48.87,yes
2026-10-05T04:41:54.235838Z,KXBTC15M-26OCT050045-45,0.0100,40.00,yes
2026-10-05T04:41:54.235838Z,KXBTC15M-26OCT050045-45,0.0100,4.64,yes
2026-10-05T04:41:54.543476Z,KXBTC15M-26OCT050045-45,0.0090,85.51,no
2026-10-05T04:41:54.543476Z,KXBTC15M-26OCT050045-45,0.0090,95.75,no
2026-10-05T04:41:54.582402Z,KXBTC15M-26OCT050045-45,0.0100,0.01,yes
2026-10-05T04:41:54.582402Z,KXBTC15M-26OCT050045-45,0.0100,0.01,yes
2026-10-05T04:41:54.582402Z,KXBTC15M-26OCT050045-45,0.0100,25.28,yes
2026-10-05T04:41:54.582402Z,KXBTC15M-26OCT050045-45,0.0100,10.36,yes
2026-10-05T04:41:54.638917Z,KXBTC15M-26OCT050045-45,0.0090,64.49,no
2026-10-05T04:41:54.638917Z,KXBTC15M-26OCT050045-45,0.0090,24.83,no
2026-10-05T04:41:54.638917Z,KXBTC15M-26OCT050045-45,0.0090,0.01,no
2026-10-05T04:41:54.638917Z,KXBTC15M-26OCT050045-45,0.0090,0.01,no
2026-10-05T04:41:54.88206Z,KXBTC15M-26OCT050045-45,0.0090,50.00,no
2026-10-05T04:41:54.91346Z,KXBTC15M-26OCT050045-45,0.0090,500.00,no
2026-10-05T04:41:54.91346Z,KXBTC15M-26OCT050045-45,0.0080,4.00,no
2026-10-05T04:41:54.91346Z,KXBTC15M-26OCT050045-45,0.0090,0.10,no
2026-10-05T04:41:54.91346Z,KXBTC15M-26OCT050045-45,0.0090,0.10,no
2026-10-05T04:41:54.91346Z,KXBTC15M-26OCT050045-45,0.0090,400.00,no
2026-10-05T04:41:54.91346Z,KXBTC15M-26OCT050045-45,0.0090,25.17,no
2026-10-05T04:41:54.91346Z,KXBTC15M-26OCT050045-45,0.0090,500.00,no
2026-10-05T04:41:54.91346Z,KXBTC15M-26OCT050045-45,0.0080,1.00,no
2026-10-05T04:41:54.91346Z,KXBTC15M-26OCT050045-45,0.0070,1.00,no
2026-10-05T04:41:54.91346Z,KXBTC15M-26OCT050045-45,0.0090,4.00,no
2026-10-05T04:41:54.91346Z,KXBTC15M-26OCT050045-45,0.0070,17.00,no
2026-10-05T04:41:54.91346Z,KXBTC15M-26OCT050045-45,0.0090,6.00,no
2026-10-05T04:41:54.91346Z,KXBTC15M-26OCT050045-45,0.0090,1500.00,no
2026-10-05T04:41:54.91346Z,KXBTC15M-26OCT050045-45,0.0080,454.00,no
2026-10-05T04:41:54.91346Z,KXBTC15M-26OCT050045-45,0.0070,15.00,no
2026-10-05T04:41:54.91346Z,KXBTC15M-26OCT050045-45,0.0090,17.00,no
2026-10-05T04:41:54.91346Z,KXBTC15M-26OCT050045-45,0.0090,2202.45,no
2026-10-05T04:41:54.91346Z,KXBTC15M-26OCT050045-45,0.0080,15.00,no
2026-10-05T04:41:54.91346Z,KXBTC15M-26OCT050045-45,0.0090,0.01,no
2026-10-05T04:41:54.91346Z,KXBTC15M-26OCT050045-45,0.0090,0.01,no
2026-10-05T04:41:54.91346Z,KXBTC15M-26OCT050045-45,0.0060,15.00,no
2026-10-05T04:41:54.91346Z,KXBTC15M-26OCT050045-45,0.0070,10.00,no
2026-10-05T04:41:54.91346Z,KXBTC15M-26OCT050045-45,0.0080,395.44,no
2026-10-05T04:41:54.91346Z,KXBTC15M-26OCT050045-45,0.0060,598.72,no
2026-10-05T04:41:54.91346Z,KXBTC15M-26OCT050045-45,0.0070,15.00,no
2026-10-05T04:41:54.91346Z,KXBTC15M-26OCT050045-45,0.0070,15.00,no
2026-10-05T04:41:54.91346Z,KXBTC15M-26OCT050045-45,0.0090,1.00,no
2026-10-05T04:41:54.91346Z,KXBTC15M-26OCT050045-45,0.0090,84.00,no
2026-10-05T04:41:54.91346Z,KXBTC15M-26OCT050045-45,0.0090,18.00,no
2026-10-05T04:41:54.91346Z,KXBTC15M-26OCT050045-45,0.0060,10.00,no
2026-10-05T04:41:54.91346Z,KXBTC15M-26OCT050045-45,0.0090,166.00,no
2026-10-05T04:41:54.91346Z,KXBTC15M-26OCT050045-45,0.0090,10.00,no
2026-10-05T04:41:55.083607Z,KXBTC15M-26OCT050045-45,0.0090,60.94,no
2026-10-05T04:41:55.083607Z,KXBTC15M-26OCT050045-45,0.0090,17.00,no
2026-10-05T04:41:55.141969Z,KXBTC15M-26OCT050045-45,0.0100,1.79,yes
2026-10-05T04:41:55.172218Z,KXBTC15M-26OCT050045-45,0.0090,9.79,no
2026-10-05T04:41:55.223006Z,KXBTC15M-26OCT050045-45,0.0090,0.01,no
2026-10-05T04:41:55.223006Z,KXBTC15M-26OCT050045-45,0.0090,9.95,no
2026-10-05T04:41:55.223006Z,KXBTC15M-26OCT050045-45,0.0090,0.01,no
2026-10-05T04:41:55.223006Z,KXBTC15M-26OCT050045-45,0.0090,29.27,no
2026-10-05T04:41:55.225976Z,KXBTC15M-26OCT050045-45,0.0090,173.37,no
2026-10-05T04:41:55.311881Z,KXBTC15M-26OCT050045-45,0.0100,0.01,yes
2026-10-05T04:41:55.311881Z,KXBTC15M-26OCT050045-45,0.0100,0.10,yes
2026-10-05T04:41:55.311881Z,KXBTC15M-26OCT050045-45,0.0100,0.01,yes
2026-10-05T04:41:55.311881Z,KXBTC15M-26OCT050045-45,0.0100,22.93,yes
2026-10-05T04:41:55.311881Z,KXBTC15M-26OCT050045-45,0.0100,15.00,yes
2026-10-05T04:41:55.311881Z,KXBTC15M-26OCT050045-45,0.0120,43.68,yes
2026-10-05T04:41:55.368Z,KXBTC15M-26OCT050045-45,0.0120,8.92,yes
2026-10-05T04:41:55.368Z,KXBTC15M-26OCT050045-45,0.0120,15.00,yes
2026-10-05T04:41:55.368Z,KXBTC15M-26OCT050045-45,0.0120,190.76,yes
2026-10-05T04:41:55.368Z,KXBTC15M-26OCT050045-45,0.0120,5.00,yes
2026-10-05T04:41:55.368Z,KXBTC15M-26OCT050045-45,0.0120,15.00,yes
2026-10-05T04:41:55.368Z,KXBTC15M-26OCT050045-45,0.0120,15.00,yes
2026-10-05T04:41:55.376612Z,KXBTC15M-26OCT050045-45,0.0120,4.57,yes
2026-10-05T04:41:55.528717Z,KXBTC15M-26OCT050045-45,0.0110,100.00,no
2026-10-05T04:41:55.528717Z,KXBTC15M-26OCT050045-45,0.0110,0.01,no
2026-10-05T04:41:55.528717Z,KXBTC15M-26OCT050045-45,0.0110,10.00,no
2026-10-05T04:41:55.528717Z,KXBTC15M-26OCT050045-45,0.0110,278.39,no
2026-10-05T04:41:55.868202Z,KXBTC15M-26OCT050045-45,0.0110,121.07,no
2026-10-05T04:41:55.869252Z,KXBTC15M-26OCT050045-45,0.0120,0.31,yes
2026-10-05T04:41:55.984998Z,KXBTC15M-26OCT050045-45,0.0110,112.46,no
2026-10-05T04:41:55.984998Z,KXBTC15M-26OCT050045-45,0.0110,214.54,no
2026-10-05T04:41:56.036509Z,KXBTC15M-26OCT050045-45,0.0110,98.50,no
2026-10-05T04:41:56.108892Z,KXBTC15M-26OCT050045-45,0.0110,189.04,no
2026-10-05T04:41:56.108892Z,KXBTC15M-26OCT050045-45,0.0110,18.07,no
2026-10-05T04:41:56.146552Z,KXBTC15M-26OCT050045-45,0.0120,15.00,yes
2026-10-05T04:41:56.146552Z,KXBTC15M-26OCT050045-45,0.0120,0.01,yes
2026-10-05T04:41:56.146552Z,KXBTC15M-26OCT050045-45,0.0120,0.01,yes
2026-10-05T04:41:56.146552Z,KXBTC15M-26OCT050045-45,0.0120,43.72,yes
2026-10-05T04:41:56.146552Z,KXBTC15M-26OCT050045-45,0.0120,2.00,yes
2026-10-05T04:41:56.146552Z,KXBTC15M-26OCT050045-45,0.0120,1.00,yes
2026-10-05T04:41:56.146552Z,KXBTC15M-26OCT050045-45,0.0120,15.00,yes
2026-10-05T04:41:56.146552Z,KXBTC15M-26OCT050045-45,0.0120,1.20,yes
2026-10-05T04:41:56.151796Z,KXBTC15M-26OCT050045-45,0.0110,116.88,no
2026-10-05T04:41:56.203546Z,KXBTC15M-26OCT050045-45,0.0120,0.02,yes
2026-10-05T04:41:56.203802Z,KXBTC15M-26OCT050045-45,0.0120,0.02,yes
2026-10-05T04:41:56.204017Z,KXBTC15M-26OCT050045-45,0.0120,1.00,yes
2026-10-05T04:41:56.204017Z,KXBTC15M-26OCT050045-45,0.0120,15.00,yes
2026-10-05T04:41:56.204017Z,KXBTC15M-26OCT050045-45,0.0120,224.00,yes
2026-10-05T04:41:56.204017Z,KXBTC15M-26OCT050045-45,0.0120,15.00,yes
2026-10-05T04:41:56.204017Z,KXBTC15M-26OCT050045-45,0.0120,14.00,yes
2026-10-05T04:41:56.204017Z,KXBTC15M-26OCT050045-45,0.0120,0.01,yes
2026-10-05T04:41:56.204017Z,KXBTC15M-26OCT050045-45,0.0120,200.00,yes
2026-10-05T04:41:56.204017Z,KXBTC15M-26OCT050045-45,0.0120,327.76,yes
2026-10-05T04:41:56.204017Z,KXBTC15M-26OCT050045-45,0.0120,96.86,yes
2026-10-05T04:41:56.204017Z,KXBTC15M-26OCT050045-45,0.0130,194.37,yes
2026-10-05T04:41:56.204017Z,KXBTC15M-26OCT050045-45,0.0130,256.00,yes
2026-10-05T04:41:56.204198Z,KXBTC15M-26OCT050045-45,0.0130,0.02,yes
2026-10-05T04:41:56.211303Z,KXBTC15M-26OCT050045-45,0.0130,2.00,yes
2026-10-05T04:41:56.318888Z,KXBTC15M-26OCT050045-45,0.0130,39.39,yes
2026-10-05T04:41:56.318888Z,KXBTC15M-26OCT050045-45,0.0130,59.61,yes
2026-10-05T04:41:56.384355Z,KXBTC15M-26OCT050045-45,0.0120,5.05,no
2026-10-05T04:41:56.398412Z,KXBTC15M-26OCT050045-45,0.0130,49.13,yes
2026-10-05T04:41:56.398574Z,KXBTC15M-26OCT050045-45,0.0130,49.13,yes
2026-10-05T04:41:56.398889Z,KXBTC15M-26OCT050045-45,0.0120,144.95,no
2026-10-05T04:41:56.398889Z,KXBTC15M-26OCT050045-45,0.0120,0.01,no
2026-10-05T04:41:56.398889Z,KXBTC15M-26OCT050045-45,0.0120,150.00,no
2026-10-05T04:41:56.398889Z,KXBTC15M-26OCT050045-45,0.0120,127.36,no
2026-10-05T04:41:56.452244Z,KXBTC15M-26OCT050045-45,0.0060,3377.32,no
2026-10-05T04:41:56.452244Z,KXBTC15M-26OCT050045-45,0.0100,93.75,no
2026-10-05T04:41:56.452244Z,KXBTC15M-26OCT050045-45,0.0120,150.00,no
2026-10-05T04:41:56.452244Z,KXBTC15M-26OCT050045-45,0.0110,15.00,no
2026-10-05T04:41:56.452244Z,KXBTC15M-26OCT050045-45,0.0120,0.10,no
2026-10-05T04:41:56.452244Z,KXBTC15M-26OCT050045-45,0.0120,500.00,no
2026-10-05T04:41:56.452244Z,KXBTC15M-26OCT050045-45,0.0100,93.75,no
2026-10-05T04:41:56.452244Z,KXBTC15M-26OCT050045-45,0.0100,64.00,no
2026-10-05T04:41:56.452244Z,KXBTC15M-26OCT050045-45,0.0100,15.00,no
2026-10-05T04:41:56.452244Z,KXBTC15M-26OCT050045-45,0.0120,1.01,no
2026-10-05T04:41:56.452244Z,KXBTC15M-26OCT050045-45,0.0120,30.84,no
2026-10-05T04:41:56.452244Z,KXBTC15M-26OCT050045-45,0.0120,1823.31,no
2026-10-05T04:41:56.452244Z,KXBTC15M-26OCT050045-45,0.0110,15.00,no
2026-10-05T04:41:56.452244Z,KXBTC15M-26OCT050045-45,0.0120,1126.00,no
2026-10-05T04:41:56.452244Z,KXBTC15M-26OCT050045-45,0.0110,17.00,no
2026-10-05T04:41:56.452244Z,KXBTC15M-26OCT050045-45,0.0120,1.00,no
2026-10-05T04:41:56.452244Z,KXBTC15M-26OCT050045-45,0.0100,15.00,no
2026-10-05T04:41:56.452244Z,KXBTC15M-26OCT050045-45,0.0100,64.00,no
2026-10-05T04:41:56.452244Z,KXBTC15M-26OCT050045-45,0.0120,100.00,no
2026-10-05T04:41:56.452244Z,KXBTC15M-26OCT050045-45,0.0100,30.00,no
2026-10-05T04:41:56.452244Z,KXBTC15M-26OCT050045-45,0.0120,0.01,no
2026-10-05T04:41:56.452244Z,KXBTC15M-26OCT050045-45,0.0120,400.00,no
2026-10-05T04:41:56.452244Z,KXBTC15M-26OCT050045-45,0.0100,15.00,no
2026-10-05T04:41:56.452244Z,KXBTC15M-26OCT050045-45,0.0090,10.00,no
2026-10-05T04:41:56.452244Z,KXBTC15M-26OCT050045-45,0.0080,15.00,no
2026-10-05T04:41:56.452244Z,KXBTC15M-26OCT050045-45,0.0080,17.00,no
2026-10-05T04:41:56.452244Z,KXBTC15M-26OCT050045-45,0.0090,17.00,no
2026-10-05T04:41:56.452244Z,KXBTC15M-26OCT050045-45,0.0120,189.00,no
2026-10-05T04:41:56.452244Z,KXBTC15M-26OCT050045-45,0.0120,1.00,no
2026-10-05T04:41:56.452244Z,KXBTC15M-26OCT050045-45,0.0110,4.00,no
2026-10-05T04:41:56.452244Z,KXBTC15M-26OCT050045-45,0.0120,500.00,no
2026-10-05T04:41:56.452244Z,KXBTC15M-26OCT050045-45,0.0110,6.00,no
2026-10-05T04:41:56.452244Z,KXBTC15M-26OCT050045-45,0.0100,10.00,no
2026-10-05T04:41:56.452244Z,KXBTC15M-26OCT050045-45,0.0080,86.00,no
2026-10-05T04:41:56.452244Z,KXBTC15M-26OCT050045-45,0.0100,50.00,no
2026-10-05T04:41:56.452244Z,KXBTC15M-26OCT050045-45,0.0120,10.00,no
2026-10-05T04:41:56.452244Z,KXBTC15M-26OCT050045-45,0.0070,964.00,no
2026-10-05T04:41:56.452244Z,KXBTC15M-26OCT050045-45,0.0090,15.00,no
2026-10-05T04:41:56.452244Z,KXBTC15M-26OCT050045-45,0.0110,223.51,no
2026-10-05T04:41:56.496081Z,KXBTC15M-26OCT050045-45,0.0120,0.01,no
2026-10-05T04:41:56.496081Z,KXBTC15M-26OCT050045-45,0.0120,100.00,no
2026-10-05T04:41:56.496081Z,KXBTC15M-26OCT050045-45,0.0120,0.01,no
2026-10-05T04:41:56.50841Z,KXBTC15M-26OCT050045-45,0.0110,42.34,yes
2026-10-05T04:41:56.513225Z,KXBTC15M-26OCT050045-45,0.0110,15.39,yes
2026-10-05T04:41:56.520582Z,KXBTC15M-26OCT050045-45,0.0060,90.57,no
2026-10-05T04:41:56.520582Z,KXBTC15M-26OCT050045-45,0.0100,1.00,no
2026-10-05T04:41:56.520582Z,KXBTC15M-26OCT050045-45,0.0100,0.01,no
2026-10-05T04:41:56.520582Z,KXBTC15M-26OCT050045-45,0.0100,46.00,no
2026-10-05T04:41:56.520582Z,KXBTC15M-26OCT050045-45,0.0100,1.01,no
2026-10-05T04:41:56.520582Z,KXBTC15M-26OCT050045-45,0.0100,25.87,no
2026-10-05T04:41:56.520582Z,KXBTC15M-26OCT050045-45,0.0090,17.00,no
2026-10-05T04:41:56.520582Z,KXBTC15M-26OCT050045-45,0.0080,844.00,no
2026-10-05T04:41:56.520582Z,KXBTC15M-26OCT050045-45,0.0100,0.01,no
2026-10-05T04:41:56.520582Z,KXBTC15M-26OCT050045-45,0.0090,25.87,no
2026-10-05T04:41:56.520582Z,KXBTC15M-26OCT050045-45,0.0100,17.00,no
2026-10-05T04:41:56.520582Z,KXBTC15M-26OCT050045-45,0.0070,1928.00,no
2026-10-05T04:41:56.520582Z,KXBTC15M-26OCT050045-45,0.0100,50.00,no
2026-10-05T04:41:56.520582Z,KXBTC15M-26OCT050045-45,0.0080,17.00,no
2026-10-05T04:41:56.529815Z,KXBTC15M-26OCT050045-45,0.0110,15.00,yes
2026-10-05T04:41:56.529815Z,KXBTC15M-26OCT050045-45,0.0110,0.01,yes
2026-10-05T04:41:56.529815Z,KXBTC15M-26OCT050045-45,0.0110,0.01,yes
2026-10-05T04:41:56.554896Z,KXBTC15M-26OCT050045-45,0.0100,0.09,no
2026-10-05T04:41:56.554896Z,KXBTC15M-26OCT050045-45,0.0100,0.01,no
2026-10-05T04:41:56.589092Z,KXBTC15M-26OCT050045-45,0.0110,68.17,yes
2026-10-05T04:41:56.648352Z,KXBTC15M-26OCT050045-45,0.0120,280.00,yes
2026-10-05T04:41:56.648352Z,KXBTC15M-26OCT050045-45,0.0110,413.00,yes
2026-10-05T04:41:56.648352Z,KXBTC15M-26OCT050045-45,0.0120,252.00,yes
2026-10-05T04:41:56.648352Z,KXBTC15M-26OCT050045-45,0.0110,15.00,yes
2026-10-05T04:41:56.648352Z,KXBTC15M-26OCT050045-45,0.0110,0.01,yes
2026-10-05T04:41:56.648352Z,KXBTC15M-26OCT050045-45,0.0110,16.00,yes
2026-10-05T04:41:56.648352Z,KXBTC15M-26OCT050045-45,0.0110,1.00,yes
2026-10-05T04:41:56.648352Z,KXBTC15M-26OCT050045-45,0.0110,0.01,yes
2026-10-05T04:41:56.648352Z,KXBTC15M-26OCT050045-45,0.0110,235.77,yes
2026-10-05T04:41:56.798633Z,KXBTC15M-26OCT050045-45,0.0130,0.75,yes
2026-10-05T04:41:56.895821Z,KXBTC15M-26OCT050045-45,0.0130,48.00,yes
2026-10-05T04:41:56.916122Z,KXBTC15M-26OCT050045-45,0.0120,2.02,no
2026-10-05T04:41:56.955358Z,KXBTC15M-26OCT050045-45,0.0120,116.88,no
2026-10-05T04:41:57.131959Z,KXBTC15M-26OCT050045-45,0.0120,31.10,no
2026-10-05T04:41:57.131959Z,KXBTC15M-26OCT050045-45,0.0120,17.00,no
2026-10-05T04:41:57.131959Z,KXBTC15M-26OCT050045-45,0.0120,10.00,no
2026-10-05T04:41:57.131959Z,KXBTC15M-26OCT050045-45,0.0120,127.92,no
2026-10-05T04:41:57.131959Z,KXBTC15M-26OCT050045-45,0.0120,0.01,no
2026-10-05T04:41:57.131959Z,KXBTC15M-26OCT050045-45,0.0120,1.00,no
2026-10-05T04:41:57.188876Z,KXBTC15M-26OCT050045-45,0.0120,3.22,no
2026-10-05T04:41:57.188876Z,KXBTC15M-26OCT050045-45,0.0120,0.01,no
2026-10-05T04:41:57.38116Z,KXBTC15M-26OCT050045-45,0.0120,0.01,no
2026-10-05T04:41:57.38116Z,KXBTC15M-26OCT050045-45,0.0120,5.80,no
2026-10-05T04:41:57.461645Z,KXBTC15M-26OCT050045-45,0.0120,109.28,no
2026-10-05T04:41:57.542039Z,KXBTC15M-26OCT050045-45,0.0130,143.90,yes
2026-10-05T04:41:57.564964Z,KXBTC15M-26OCT050045-45,0.0130,32.00,yes
2026-10-05T04:41:57.616898Z,KXBTC15M-26OCT050045-45,0.0120,34.92,no
2026-10-05T04:41:57.616898Z,KXBTC15M-26OCT050045-45,0.0120,152.11,no
2026-10-05T04:41:57.660449Z,KXBTC15M-26OCT050045-45,0.0120,22.91,no
2026-10-05T04:41:57.728348Z,KXBTC15M-26OCT050045-45,0.0120,179.38,no
2026-10-05T04:41:57.74365Z,KXBTC15M-26OCT050045-45,0.0130,63.99,yes
2026-10-05T04:41:57.827454Z,KXBTC15M-26OCT050045-45,0.0120,0.10,no
2026-10-05T04:41:57.827454Z,KXBTC15M-26OCT050045-45,0.0120,1.00,no
2026-10-05T04:41:57.827454Z,KXBTC15M-26OCT050045-45,0.0120,0.01,no
2026-10-05T04:41:57.827454Z,KXBTC15M-26OCT050045-45,0.0120,10.00,no
2026-10-05T04:41:57.827454Z,KXBTC15M-26OCT050045-45,0.0120,6.00,no
2026-10-05T04:41:57.827454Z,KXBTC15M-26OCT050045-45,0.0120,30.86,no
2026-10-05T04:41:57.827454Z,KXBTC15M-26OCT050045-45,0.0120,45.60,no
2026-10-05T04:41:57.827454Z,KXBTC15M-26OCT050045-45,0.0120,0.01,no
2026-10-05T04:41:58.052223Z,KXBTC15M-26OCT050045-45,0.0120,105.85,no
2026-10-05T04:41:58.099622Z,KXBTC15M-26OCT050045-45,0.0120,236.13,no
2026-10-05T04:41:58.17982Z,KXBTC15M-26OCT050045-45,0.0130,57.56,yes
2026-10-05T04:41:58.189975Z,KXBTC15M-26OCT050045-45,0.0130,0.70,yes
2026-10-05T04:41:58.358704Z,KXBTC15M-26OCT050045-45,0.0060,403.88,no
2026-10-05T04:41:58.358704Z,KXBTC15M-26OCT050045-45,0.0120,15.00,no
2026-10-05T04:41:58.358704Z,KXBTC15M-26OCT050045-45,0.0110,118.00,no
2026-10-05T04:41:58.358704Z,KXBTC15M-26OCT050045-45,0.0110,15.53,no
2026-10-05T04:41:58.358704Z,KXBTC15M-26OCT050045-45,0.0110,17.00,no
2026-10-05T04:41:58.358704Z,KXBTC15M-26OCT050045-45,0.0100,15.00,no
2026-10-05T04:41:58.358704Z,KXBTC15M-26OCT050045-45,0.0070,98.00,no
2026-10-05T04:41:58.358704Z,KXBTC15M-26OCT050045-45,0.0100,9.91,no
2026-10-05T04:41:58.358704Z,KXBTC15M-26OCT050045-45,0.0070,15.00,no
2026-10-05T04:41:58.358704Z,KXBTC15M-26OCT050045-45,0.0100,15.00,no
2026-10-05T04:41:58.358704Z,KXBTC15M-26OCT050045-45,0.0090,10.00,no
2026-10-05T04:41:58.358704Z,KXBTC15M-26OCT050045-45,0.0100,50.00,no
2026-10-05T04:41:58.358704Z,KXBTC15M-26OCT050045-45,0.0100,64.00,no
2026-10-05T04:41:58.358704Z,KXBTC15M-26OCT050045-45,0.0110,23.00,no
2026-10-05T04:41:58.358704Z,KXBTC15M-26OCT050045-45,0.0100,30.00,no
2026-10-05T04:41:58.358704Z,KXBTC15M-26OCT050045-45,0.0120,457.34,no
2026-10-05T04:41:58.358704Z,KXBTC15M-26OCT050045-45,0.0120,0.01,no
2026-10-05T04:41:58.358704Z,KXBTC15M-26OCT050045-45,0.0120,1.00,no
2026-10-05T04:41:58.358704Z,KXBTC15M-26OCT050045-45,0.0120,4.64,no
2026-10-05T04:41:58.358704Z,KXBTC15M-26OCT050045-45,0.0100,93.75,no
2026-10-05T04:41:58.358704Z,KXBTC15M-26OCT050045-45,0.0100,93.75,no
2026-10-05T04:41:58.358704Z,KXBTC15M-26OCT050045-45,0.0120,4.00,no
2026-10-05T04:41:58.358704Z,KXBTC15M-26OCT050045-45,0.0120,400.00,no
2026-10-05T04:41:58.358704Z,KXBTC15M-26OCT050045-45,0.0100,64.00,no
2026-10-05T04:41:58.408528Z,KXBTC15M-26OCT050045-45,0.0070,17.00,no
2026-10-05T04:41:58.408528Z,KXBTC15M-26OCT050045-45,0.0070,1.00,no
2026-10-05T04:41:58.408528Z,KXBTC15M-26OCT050045-45,0.0070,75.43,no
2026-10-05T04:41:58.408528Z,KXBTC15M-26OCT050045-45,0.0110,12.00,no
2026-10-05T04:41:58.408528Z,KXBTC15M-26OCT050045-45,0.0120,0.01,no
2026-10-05T04:41:58.408528Z,KXBTC15M-26OCT050045-45,0.0080,86.00,no
2026-10-05T04:41:58.408528Z,KXBTC15M-26OCT050045-45,0.0120,6.00,no
2026-10-05T04:41:58.408528Z,KXBTC15M-26OCT050045-45,0.0080,17.00,no
2026-10-05T04:41:58.408528Z,KXBTC15M-26OCT050045-45,0.0100,50.00,no
2026-10-05T04:41:58.408528Z,KXBTC15M-26OCT050045-45,0.0120,400.00,no
2026-10-05T04:41:58.408528Z,KXBTC15M-26OCT050045-45,0.0070,270.75,no
2026-10-05T04:41:58.422528Z,KXBTC15M-26OCT050045-45,0.0070,151.30,no
2026-10-05T04:41:58.422528Z,KXBTC15M-26OCT050045-45,0.0080,6.00,no
2026-10-05T04:41:58.427728Z,KXBTC15M-26OCT050045-45,0.0110,14.39,yes
2026-10-05T04:41:58.442835Z,KXBTC15M-26OCT050045-45,0.0110,284.67,yes
2026-10-05T04:41:58.442835Z,KXBTC15M-26OCT050045-45,0.0110,500.00,yes
2026-10-05T04:41:58.442835Z,KXBTC15M-26OCT050045-45,0.0110,70.79,yes
2026-10-05T04:41:58.472038Z,KXBTC15M-26OCT050045-45,0.0110,0.01,yes
2026-10-05T04:41:58.472038Z,KXBTC15M-26OCT050045-45,0.0110,0.01,yes
2026-10-05T04:41:58.472038Z,KXBTC15M-26OCT050045-45,0.0110,14.37,yes
2026-10-05T04:41:58.479308Z,KXBTC15M-26OCT050045-45,0.0100,5.66,no
2026-10-05T04:41:58.59594Z,KXBTC15M-26OCT050045-45,0.0100,11.34,no
2026-10-05T04:41:58.59594Z,KXBTC15M-26OCT050045-45,0.0100,9.31,no
2026-10-05T04:41:58.639328Z,KXBTC15M-26OCT050045-45,0.0110,255.08,yes
2026-10-05T04:41:58.639328Z,KXBTC15M-26OCT050045-45,0.0110,0.01,yes
2026-10-05T04:41:58.639328Z,KXBTC15M-26OCT050045-45,0.0110,14.37,yes
2026-10-05T04:41:58.639328Z,KXBTC15M-26OCT050045-45,0.0110,49.00,yes
2026-10-05T04:41:58.639328Z,KXBTC15M-26OCT050045-45,0.0110,0.01,yes
2026-10-05T04:41:58.639328Z,KXBTC15M-26OCT050045-45,0.0110,266.00,yes
2026-10-05T04:41:58.639328Z,KXBTC15M-26OCT050045-45,0.0110,224.00,yes
2026-10-05T04:41:58.639328Z,KXBTC15M-26OCT050045-45,0.0110,189.57,yes
2026-10-05T04:41:58.639328Z,KXBTC15M-26OCT050045-45,0.0110,1.00,yes
2026-10-05T04:41:58.639328Z,KXBTC15M-26OCT050045-45,0.0110,1.63,yes
2026-10-05T04:41:58.907762Z,KXBTC15M-26OCT050045-45,0.0110,85.02,yes
2026-10-05T04:41:59.158037Z,KXBTC15M-26OCT050045-45,0.0100,0.10,no
2026-10-05T04:41:59.158037Z,KXBTC15M-26OCT050045-45,0.0100,400.00,no
2026-10-05T04:41:59.158037Z,KXBTC15M-26OCT050045-45,0.0100,1.00,no
2026-10-05T04:41:59.158037Z,KXBTC15M-26OCT050045-45,0.0100,0.01,no
2026-10-05T04:41:59.158037Z,KXBTC15M-26OCT050045-45,0.0100,40.69,no
2026-10-05T04:41:59.158037Z,KXBTC15M-26OCT050045-45,0.0100,6.00,no
2026-10-05T04:41:59.158037Z,KXBTC15M-26OCT050045-45,0.0100,0.01,no
2026-10-05T04:41:59.185904Z,KXBTC15M-26OCT050045-45,0.0100,21.08,yes
2026-10-05T04:41:59.365517Z,KXBTC15M-26OCT050045-45,0.0110,63.15,yes
2026-10-05T04:41:59.365517Z,KXBTC15M-26OCT050045-45,0.0100,0.10,yes
2026-10-05T04:41:59.365517Z,KXBTC15M-26OCT050045-45,0.0100,0.01,yes
2026-10-05T04:41:59.365517Z,KXBTC15M-26OCT050045-45,0.0100,50.00,yes
2026-10-05T04:41:59.365517Z,KXBTC15M-26OCT050045-45,0.0100,0.01,yes
2026-10-05T04:41:59.365517Z,KXBTC15M-26OCT050045-45,0.0100,15.00,yes
2026-10-05T04:41:59.48628Z,KXBTC15M-26OCT050045-45,0.0110,43.11,yes
2026-10-05T04:41:59.57588Z,KXBTC15M-26OCT050045-45,0.0100,19.04,no
2026-10-05T04:41:59.612638Z,KXBTC15M-26OCT050045-45,0.0100,37.33,no
2026-10-05T04:41:59.657736Z,KXBTC15M-26OCT050045-45,0.0100,343.98,no
2026-10-05T04:41:59.657736Z,KXBTC15M-26OCT050045-45,0.0100,50.00,no
2026-10-05T04:41:59.657736Z,KXBTC15M-26OCT050045-45,0.0100,93.63,no
2026-10-05T04:41:59.657736Z,KXBTC15M-26OCT050045-45,0.0100,17.00,no
2026-10-05T04:41:59.657736Z,KXBTC15M-26OCT050045-45,0.0100,0.01,no
2026-10-05T04:41:59.657736Z,KXBTC15M-26OCT050045-45,0.0100,0.01,no
2026-10-05T04:41:59.668316Z,KXBTC15M-26OCT050045-45,0.0100,31.35,no
2026-10-05T04:41:59.668316Z,KXBTC15M-26OCT050045-45,0.0100,1.00,no
2026-10-05T04:41:59.668316Z,KXBTC15M-26OCT050045-45,0.0100,12.47,no
2026-10-05T04:41:59.668316Z,KXBTC15M-26OCT050045-45,0.0100,56.02,no
2026-10-05T04:41:59.776726Z,KXBTC15M-26OCT050045-45,0.0110,539.00,yes
2026-10-05T04:41:59.776726Z,KXBTC15M-26OCT050045-45,0.0110,12.74,yes
2026-10-05T04:41:59.776726Z,KXBTC15M-26OCT050045-45,0.0110,88.26,yes
2026-10-05T04:41:59.777962Z,KXBTC15M-26OCT050045-45,0.0130,10.00,yes
2026-10-05T04:41:59.777962Z,KXBTC15M-26OCT050045-45,0.0120,189.00,yes
2026-10-05T04:41:59.777962Z,KXBTC15M-26OCT050045-45,0.0130,364.00,yes
2026-10-05T04:41:59.777962Z,KXBTC15M-26OCT050045-45,0.0120,469.00,yes
2026-10-05T04:41:59.777962Z,KXBTC15M-26OCT050045-45,0.0110,211.74,yes
2026-10-05T04:41:59.777962Z,KXBTC15M-26OCT050045-45,0.0130,1019.79,yes
2026-10-05T04:41:59.777962Z,KXBTC15M-26OCT050045-45,0.0120,266.00,yes
2026-10-05T04:41:59.777962Z,KXBTC15M-26OCT050045-45,0.0110,0.01,yes
2026-10-05T04:41:59.777962Z,KXBTC15M-26OCT050045-45,0.0110,0.01,yes
2026-10-05T04:41:59.777962Z,KXBTC15M-26OCT050045-45,0.0120,15.00,yes
2026-10-05T04:41:59.777962Z,KXBTC15M-26OCT050045-45,0.0110,1.00,yes
2026-10-05T04:41:59.777962Z,KXBTC15M-26OCT050045-45,0.0130,364.00,yes
2026-10-05T04:41:59.777962Z,KXBTC15M-26OCT050045-45,0.0130,294.00,yes
2026-10-05T04:41:59.777962Z,KXBTC15M-26OCT050045-45,0.0130,562.45,yes
2026-10-05T04:41:59.904714Z,KXBTC15M-26OCT050045-45,0.0120,2.01,no
2026-10-05T04:41:59.915507Z,KXBTC15M-26OCT050045-45,0.0120,2.08,no
2026-10-05T04:42:00.008625Z,KXBTC15M-26OCT050045-45,0.0120,50.46,no
2026-10-05T04:42:00.058573Z,KXBTC15M-26OCT050045-45,0.0120,563.00,no
2026-10-05T04:42:00.058573Z,KXBTC15M-26OCT050045-45,0.0120,95.45,no
2026-10-05T04:42:00.058573Z,KXBTC15M-26OCT050045-45,0.0120,4.00,no
2026-10-05T04:42:00.058573Z,KXBTC15M-26OCT050045-45,0.0120,43.62,no
2026-10-05T04:42:00.177549Z,KXBTC15M-26OCT050045-45,0.0130,25.02,yes
2026-10-05T04:42:00.219403Z,KXBTC15M-26OCT050045-45,0.0120,55.00,no
2026-10-05T04:42:00.27105Z,KXBTC15M-26OCT050045-45,0.0130,30.00,yes
2026-10-05T04:42:00.353462Z,KXBTC15M-26OCT050045-45,0.0130,96.85,yes
2026-10-05T04:42:00.439304Z,KXBTC15M-26OCT050045-45,0.0130,884.31,yes
2026-10-05T04:42:00.706672Z,KXBTC15M-26OCT050045-45,0.0130,903.32,yes
2026-10-05T04:42:00.739589Z,KXBTC15M-26OCT050045-45,0.0130,1.00,yes
2026-10-05T04:42:00.848805Z,KXBTC15M-26OCT050045-45,0.0120,0.20,no
2026-10-05T04:42:00.891588Z,KXBTC15M-26OCT050045-45,0.0130,35.97,yes
2026-10-05T04:42:00.895541Z,KXBTC15M-26OCT050045-45,0.0120,0.02,no
2026-10-05T04:42:00.952523Z,KXBTC15M-26OCT050045-45,0.0120,13.71,no
2026-10-05T04:42:00.952523Z,KXBTC15M-26OCT050045-45,0.0120,0.78,no
2026-10-05T04:42:00.952523Z,KXBTC15M-26OCT050045-45,0.0120,0.01,no
2026-10-05T04:42:00.98471Z,KXBTC15M-26OCT050045-45,0.0120,130.90,no
2026-10-05T04:42:01.004288Z,KXBTC15M-26OCT050045-45,0.0120,20.78,no
2026-10-05T04:42:01.007554Z,KXBTC15M-26OCT050045-45,0.0120,2.02,no
2026-10-05T04:42:01.092801Z,KXBTC15M-26OCT050045-45,0.0130,153.64,yes
2026-10-05T04:42:01.145659Z,KXBTC15M-26OCT050045-45,0.0120,14.15,no
2026-10-05T04:42:01.177588Z,KXBTC15M-26OCT050045-45,0.0120,8.55,no
2026-10-05T04:42:01.209296Z,KXBTC15M-26OCT050045-45,0.0120,8.58,no
2026-10-05T04:42:01.232079Z,KXBTC15M-26OCT050045-45,0.0120,2.00,no
2026-10-05T04:42:01.309648Z,KXBTC15M-26OCT050045-45,0.0130,71.95,yes
2026-10-05T04:42:01.422311Z,KXBTC15M-26OCT050045-45,0.0130,5.75,yes
2026-10-05T04:42:01.444441Z,KXBTC15M-26OCT050045-45,0.0120,1.00,no
2026-10-05T04:42:01.456445Z,KXBTC15M-26OCT050045-45,0.0120,1.00,no
2026-10-05T04:42:01.456445Z,KXBTC15M-26OCT050045-45,0.0120,562.30,no
2026-10-05T04:42:01.456445Z,KXBTC15M-26OCT050045-45,0.0120,0.01,no
2026-10-05T04:42:01.456445Z,KXBTC15M-26OCT050045-45,0.0120,0.01,no
2026-10-05T04:42:01.456445Z,KXBTC15M-26OCT050045-45,0.0120,150.00,no
2026-10-05T04:42:01.562834Z,KXBTC15M-26OCT050045-45,0.0120,4.00,yes
2026-10-05T04:42:01.606601Z,KXBTC15M-26OCT050045-45,0.0120,35.97,yes
2026-10-05T04:42:01.637713Z,KXBTC15M-26OCT050045-45,0.0110,80.52,no
2026-10-05T04:42:01.637713Z,KXBTC15M-26OCT050045-45,0.0110,150.00,no
2026-10-05T04:42:01.637713Z,KXBTC15M-26OCT050045-45,0.0110,0.01,no
2026-10-05T04:42:01.637713Z,KXBTC15M-26OCT050045-45,0.0110,0.01,no
2026-10-05T04:42:01.637713Z,KXBTC15M-26OCT050045-45,0.0110,6.00,no
2026-10-05T04:42:01.637713Z,KXBTC15M-26OCT050045-45,0.0110,1.00,no
2026-10-05T04:42:01.678461Z,KXBTC15M-26OCT050045-45,0.0110,50.00,no
2026-10-05T04:42:01.721856Z,KXBTC15M-26OCT050045-45,0.0120,143.90,yes
2026-10-05T04:42:01.81015Z,KXBTC15M-26OCT050045-45,0.0110,51.95,no
2026-10-05T04:42:01.979846Z,KXBTC15M-26OCT050045-45,0.0110,1.00,no
2026-10-05T04:42:01.979846Z,KXBTC15M-26OCT050045-45,0.0110,49.76,no
2026-10-05T04:42:02.021241Z,KXBTC15M-26OCT050045-45,0.0120,763.84,yes
2026-10-05T04:42:02.132284Z,KXBTC15M-26OCT050045-45,0.0120,30.93,yes
2026-10-05T04:42:02.232413Z,KXBTC15M-26OCT050045-45,0.0110,15.00,no
2026-10-05T04:42:02.354079Z,KXBTC15M-26OCT050045-45,0.0110,5.90,no
2026-10-05T04:42:02.437372Z,KXBTC15M-26OCT050045-45,0.0120,30.93,yes
2026-10-05T04:42:02.481295Z,KXBTC15M-26OCT050045-45,0.0120,225.37,yes
2026-10-05T04:42:02.652292Z,KXBTC15M-26OCT050045-45,0.0120,77.00,yes
2026-10-05T04:42:02.794035Z,KXBTC15M-26OCT050045-45,0.0110,85.00,no
2026-10-05T04:42:02.794035Z,KXBTC15M-26OCT050045-45,0.0100,50.00,no
2026-10-05T04:42:02.794035Z,KXBTC15M-26OCT050045-45,0.0100,1076.23,no
2026-10-05T04:42:02.794035Z,KXBTC15M-26OCT050045-45,0.0110,6.00,no
2026-10-05T04:42:02.794035Z,KXBTC15M-26OCT050045-45,0.0110,79.34,no
2026-10-05T04:42:02.794035Z,KXBTC15M-26OCT050045-45,0.0110,17.00,no
2026-10-05T04:42:02.816714Z,KXBTC15M-26OCT050045-45,0.0110,38.97,yes
2026-10-05T04:42:02.832363Z,KXBTC15M-26OCT050045-45,0.0110,16.00,yes
2026-10-05T04:42:02.832363Z,KXBTC15M-26OCT050045-45,0.0110,115.94,yes
2026-10-05T04:42:02.832363Z,KXBTC15M-26OCT050045-45,0.0110,0.01,yes
2026-10-05T04:42:02.832363Z,KXBTC15M-26OCT050045-45,0.0110,111.03,yes
2026-10-05T04:42:02.866532Z,KXBTC15M-26OCT050045-45,0.0100,17.00,no
2026-10-05T04:42:02.866532Z,KXBTC15M-26OCT050045-45,0.0100,169.61,no
2026-10-05T04:42:02.944116Z,KXBTC15M-26OCT050045-45,0.0110,395.41,yes
2026-10-05T04:42:02.944116Z,KXBTC15M-26OCT050045-45,0.0110,100.00,yes
2026-10-05T04:42:02.944116Z,KXBTC15M-26OCT050045-45,0.0110,266.00,yes
2026-10-05T04:42:02.944116Z,KXBTC15M-26OCT050045-45,0.0110,0.01,yes
2026-10-05T04:42:02.944116Z,KXBTC15M-26OCT050045-45,0.0110,16.00,yes
2026-10-05T04:42:02.944116Z,KXBTC15M-26OCT050045-45,0.0110,0.01,yes
2026-10-05T04:42:02.944116Z,KXBTC15M-26OCT050045-45,0.0110,2.00,yes
2026-10-05T04:42:02.962993Z,KXBTC15M-26OCT050045-45,0.0110,2.03,yes
2026-10-05T04:42:03.062376Z,KXBTC15M-26OCT050045-45,0.0110,0.01,yes
2026-10-05T04:42:03.062376Z,KXBTC15M-26OCT050045-45,0.0110,70.00,yes
2026-10-05T04:42:03.062376Z,KXBTC15M-26OCT050045-45,0.0110,200.00,yes
2026-10-05T04:42:03.062376Z,KXBTC15M-26OCT050045-45,0.0110,193.97,yes
2026-10-05T04:42:03.062376Z,KXBTC15M-26OCT050045-45,0.0110,16.00,yes
2026-10-05T04:42:03.062376Z,KXBTC15M-26OCT050045-45,0.0110,0.01,yes
2026-10-05T04:42:03.062376Z,KXBTC15M-26OCT050045-45,0.0110,1.00,yes
2026-10-05T04:42:03.062376Z,KXBTC15M-26OCT050045-45,0.0110,15.00,yes
2026-10-05T04:42:03.062376Z,KXBTC15M-26OCT050045-45,0.0120,127.55,yes
2026-10-05T04:42:03.113158Z,KXBTC15M-26OCT050045-45,0.0110,0.01,no
2026-10-05T04:42:03.113158Z,KXBTC15M-26OCT050045-45,0.0110,0.01,no
2026-10-05T04:42:03.113158Z,KXBTC15M-26OCT050045-45,0.0110,150.00,no
2026-10-05T04:42:03.128055Z,KXBTC15M-26OCT050045-45,0.0110,85.02,yes
2026-10-05T04:42:03.152104Z,KXBTC15M-26OCT050045-45,0.0100,1.00,no
2026-10-05T04:42:03.152104Z,KXBTC15M-26OCT050045-45,0.0100,0.01,no
2026-10-05T04:42:03.152104Z,KXBTC15M-26OCT050045-45,0.0100,17.00,no
2026-10-05T04:42:03.152104Z,KXBTC15M-26OCT050045-45,0.0100,50.00,no
2026-10-05T04:42:03.152104Z,KXBTC15M-26OCT050045-45,0.0100,0.01,no
2026-10-05T04:42:03.152104Z,KXBTC15M-26OCT050045-45,0.0100,210.85,no
2026-10-05T04:42:03.208314Z,KXBTC15M-26OCT050045-45,0.0100,402.17,no
2026-10-05T04:42:03.214281Z,KXBTC15M-26OCT050045-45,0.0100,10.09,no
2026-10-05T04:42:03.227381Z,KXBTC15M-26OCT050045-45,0.0100,99.00,no
2026-10-05T04:42:03.423354Z,KXBTC15M-26OCT050045-45,0.0110,3.02,yes
2026-10-05T04:42:03.423354Z,KXBTC15M-26OCT050045-45,0.0110,16.00,yes
2026-10-05T04:42:03.423354Z,KXBTC15M-26OCT050045-45,0.0110,64.98,yes
2026-10-05T04:42:03.44657Z,KXBTC15M-26OCT050045-45,0.0100,23.21,no
2026-10-05T04:42:03.560055Z,KXBTC15M-26OCT050045-45,0.0110,11.98,yes
2026-10-05T04:42:03.560055Z,KXBTC15M-26OCT050045-45,0.0110,0.01,yes
2026-10-05T04:42:03.560055Z,KXBTC15M-26OCT050045-45,0.0110,0.01,yes
2026-10-05T04:42:03.560055Z,KXBTC15M-26OCT050045-45,0.0110,9.82,yes
2026-10-05T04:42:03.592888Z,KXBTC15M-26OCT050045-45,0.0110,84.84,yes
2026-10-05T04:42:03.592888Z,KXBTC15M-26OCT050045-45,0.0110,0.18,yes
2026-10-05T04:42:03.597684Z,KXBTC15M-26OCT050045-45,0.0110,85.02,yes
2026-10-05T04:42:03.887669Z,KXBTC15M-26OCT050045-45,0.0100,24.16,no
2026-10-05T04:42:03.985083Z,KXBTC15M-26OCT050045-45,0.0110,491.49,yes
2026-10-05T04:42:03.985083Z,KXBTC15M-26OCT050045-45,0.0110,1.00,yes
2026-10-05T04:42:04.010711Z,KXBTC15M-26OCT050045-45,0.0110,166.64,yes
2026-10-05T04:42:04.052149Z,KXBTC15M-26OCT050045-45,0.0110,85.02,yes
2026-10-05T04:42:04.071426Z,KXBTC15M-26OCT050045-45,0.0100,34.31,no
2026-10-05T04:42:04.091575Z,KXBTC15M-26OCT050045-45,0.0110,251.09,yes
2026-10-05T04:42:04.091575Z,KXBTC15M-26OCT050045-45,0.0110,30.14,yes
2026-10-05T04:42:04.091575Z,KXBTC15M-26OCT050045-45,0.0110,0.01,yes
2026-10-05T04:42:04.091575Z,KXBTC15M-26OCT050045-45,0.0110,10.00,yes
2026-10-05T04:42:04.091575Z,KXBTC15M-26OCT050045-45,0.0110,15.00,yes
2026-10-05T04:42:04.091575Z,KXBTC15M-26OCT050045-45,0.0110,0.01,yes
2026-10-05T04:42:04.091575Z,KXBTC15M-26OCT050045-45,0.0110,16.00,yes
2026-10-05T04:42:04.149466Z,KXBTC15M-26OCT050045-45,0.0110,7.15,yes
2026-10-05T04:42:04.183806Z,KXBTC15M-26OCT050045-45,0.0110,166.64,yes
2026-10-05T04:42:04.224727Z,KXBTC15M-26OCT050045-45,0.0110,400.00,yes
2026-10-05T04:42:04.224727Z,KXBTC15M-26OCT050045-45,0.0110,16.00,yes
2026-10-05T04:42:04.224727Z,KXBTC15M-26OCT050045-45,0.0110,100.00,yes
2026-10-05T04:42:04.224727Z,KXBTC15M-26OCT050045-45,0.0110,0.01,yes
2026-10-05T04:42:04.224727Z,KXBTC15M-26OCT050045-45,0.0110,200.00,yes
2026-10-05T04:42:04.224727Z,KXBTC15M-26OCT050045-45,0.0110,0.01,yes
2026-10-05T04:42:04.224727Z,KXBTC15M-26OCT050045-45,0.0110,1.00,yes
2026-10-05T04:42:04.224727Z,KXBTC15M-26OCT050045-45,0.0110,6.07,yes
2026-10-05T04:42:04.224727Z,KXBTC15M-26OCT050045-45,0.0120,231.00,yes
2026-10-05T04:42:04.224727Z,KXBTC15M-26OCT050045-45,0.0120,698.02,yes
2026-10-05T04:42:04.224727Z,KXBTC15M-26OCT050045-45,0.0120,2847.19,yes
2026-10-05T04:42:04.224727Z,KXBTC15M-26OCT050045-45,0.0120,525.00,yes
2026-10-05T04:42:04.301919Z,KXBTC15M-26OCT050045-45,0.0120,0.15,yes
2026-10-05T04:42:04.460798Z,KXBTC15M-26OCT050045-45,0.0110,2.00,no
2026-10-05T04:42:04.900256Z,KXBTC15M-26OCT050045-45,0.0120,10.00,yes
2026-10-05T04:42:04.900256Z,KXBTC15M-26OCT050045-45,0.0120,10.00,yes
2026-10-05T04:42:04.900256Z,KXBTC15M-26OCT050045-45,0.0120,0.01,yes
2026-10-05T04:42:04.900256Z,KXBTC15M-26OCT050045-45,0.0120,0.01,yes
2026-10-05T04:42:04.900256Z,KXBTC15M-26OCT050045-45,0.0120,57.92,yes
2026-10-05T04:42:04.966906Z,KXBTC15M-26OCT050045-45,0.0120,342.08,yes
2026-10-05T04:42:04.966906Z,KXBTC15M-26OCT050045-45,0.0120,47.63,yes
2026-10-05T04:42:05.013245Z,KXBTC15M-26OCT050045-45,0.0120,25.57,yes
2026-10-05T04:42:05.013245Z,KXBTC15M-26OCT050045-45,0.0120,52.37,yes
2026-10-05T04:42:05.064806Z,KXBTC15M-26OCT050045-45,0.0110,401.01,no
2026-10-05T04:42:05.064806Z,KXBTC15M-26OCT050045-45,0.0110,1.00,no
2026-10-05T04:42:05.064806Z,KXBTC15M-26OCT050045-45,0.0110,500.00,no
2026-10-05T04:42:05.064806Z,KXBTC15M-26OCT050045-45,0.0110,614.00,no
2026-10-05T04:42:05.064806Z,KXBTC15M-26OCT050045-45,0.0110,0.01,no
2026-10-05T04:42:05.064806Z,KXBTC15M-26OCT050045-45,0.0110,0.01,no
2026-10-05T04:42:05.064806Z,KXBTC15M-26OCT050045-45,0.0110,148.00,no
2026-10-05T04:42:05.155077Z,KXBTC15M-26OCT050045-45,0.0120,174.43,yes
2026-10-05T04:42:05.155077Z,KXBTC15M-26OCT050045-45,0.0120,0.01,yes
2026-10-05T04:42:05.155077Z,KXBTC15M-26OCT050045-45,0.0120,215.26,yes
2026-10-05T04:42:05.155077Z,KXBTC15M-26OCT050045-45,0.0120,0.01,yes
2026-10-05T04:42:05.272406Z,KXBTC15M-26OCT050045-45,0.0120,77.94,yes
2026-10-05T04:42:05.317164Z,KXBTC15M-26OCT050045-45,0.0120,77.94,yes
2026-10-05T04:42:05.321701Z,KXBTC15M-26OCT050045-45,0.0110,0.36,no
2026-10-05T04:42:05.504173Z,KXBTC15M-26OCT050045-45,0.0110,0.64,no
2026-10-05T04:42:05.504173Z,KXBTC15M-26OCT050045-45,0.0110,58.34,no
2026-10-05T04:42:05.504173Z,KXBTC15M-26OCT050045-45,0.0110,0.01,no
2026-10-05T04:42:05.504173Z,KXBTC15M-26OCT050045-45,0.0110,1.00,no
2026-10-05T04:42:05.504173Z,KXBTC15M-26OCT050045-45,0.0110,0.01,no
2026-10-05T04:42:05.624083Z,KXBTC15M-26OCT050045-45,0.0110,20.00,no
2026-10-05T04:42:05.732648Z,KXBTC15M-26OCT050045-45,0.0110,0.02,no
2026-10-05T04:42:05.736798Z,KXBTC15M-26OCT050045-45,0.0110,988.00,no
2026-10-05T04:42:05.753328Z,KXBTC15M-26OCT050045-45,0.0110,0.01,no
2026-10-05T04:42:05.753328Z,KXBTC15M-26OCT050045-45,0.0110,0.01,no
2026-10-05T04:42:05.753328Z,KXBTC15M-26OCT050045-45,0.0110,110.34,no
2026-10-05T04:42:05.753328Z,KXBTC15M-26OCT050045-45,0.0110,150.00,no
2026-10-05T04:42:06.000684Z,KXBTC15M-26OCT050045-45,0.0110,89.71,yes
2026-10-05T04:42:06.000684Z,KXBTC15M-26OCT050045-45,0.0110,150.00,yes
2026-10-05T04:42:06.000684Z,KXBTC15M-26OCT050045-45,0.0110,150.00,yes
2026-10-05T04:42:06.098653Z,KXBTC15M-26OCT050045-45,0.0110,86.00,yes
2026-10-05T04:42:06.098653Z,KXBTC15M-26OCT050045-45,0.0110,92.87,yes
2026-10-05T04:42:06.098653Z,KXBTC15M-26OCT050045-45,0.0110,150.00,yes
2026-10-05T04:42:06.098653Z,KXBTC15M-26OCT050045-45,0.0110,60.29,yes
2026-10-05T04:42:06.133611Z,KXBTC15M-26OCT050045-45,0.0110,150.00,yes
2026-10-05T04:42:06.133611Z,KXBTC15M-26OCT050045-45,0.0110,57.13,yes
2026-10-05T04:42:06.133611Z,KXBTC15M-26OCT050045-45,0.0110,26.70,yes
2026-10-05T04:42:06.267413Z,KXBTC15M-26OCT050045-45,0.0110,1.00,yes
2026-10-05T04:42:06.29408Z,KXBTC15M-26OCT050045-45,0.0100,177.52,no
2026-10-05T04:42:06.29408Z,KXBTC15M-26OCT050045-45,0.0100,15.00,no
2026-10-05T04:42:06.29408Z,KXBTC15M-26OCT050045-45,0.0100,0.01,no
2026-10-05T04:42:06.29408Z,KXBTC15M-26OCT050045-45,0.0100,0.01,no
2026-10-05T04:42:06.29408Z,KXBTC15M-26OCT050045-45,0.0100,15.00,no
2026-10-05T04:42:06.29408Z,KXBTC15M-26OCT050045-45,0.0100,15.00,no
2026-10-05T04:42:06.29408Z,KXBTC15M-26OCT050045-45,0.0100,6.00,no
2026-10-05T04:42:06.29408Z,KXBTC15M-26OCT050045-45,0.0100,50.00,no
2026-10-05T04:42:06.323907Z,KXBTC15M-26OCT050045-45,0.0110,85.02,yes
2026-10-05T04:42:06.386834Z,KXBTC15M-26OCT050045-45,0.0110,500.00,yes
2026-10-05T04:42:06.386834Z,KXBTC15M-26OCT050045-45,0.0110,37.28,yes
2026-10-05T04:42:06.386834Z,KXBTC15M-26OCT050045-45,0.0110,0.01,yes
2026-10-05T04:42:06.386834Z,KXBTC15M-26OCT050045-45,0.0110,0.01,yes
2026-10-05T04:42:06.386834Z,KXBTC15M-26OCT050045-45,0.0110,312.93,yes
2026-10-05T04:42:06.590315Z,KXBTC15M-26OCT050045-45,0.0110,166.64,yes
2026-10-05T04:42:06.620837Z,KXBTC15M-26OCT050045-45,0.0110,238.93,yes
2026-10-05T04:42:06.620837Z,KXBTC15M-26OCT050045-45,0.0110,1.00,yes
2026-10-05T04:42:06.620837Z,KXBTC15M-26OCT050045-45,0.0110,20.43,yes
2026-10-05T04:42:06.659364Z,KXBTC15M-26OCT050045-45,0.0110,85.02,yes
2026-10-05T04:42:06.678166Z,KXBTC15M-26OCT050045-45,0.0110,0.01,yes
2026-10-05T04:42:06.678166Z,KXBTC15M-26OCT050045-45,0.0110,15.00,yes
2026-10-05T04:42:06.678166Z,KXBTC15M-26OCT050045-45,0.0110,1.00,yes
2026-10-05T04:42:06.678166Z,KXBTC15M-26OCT050045-45,0.0110,0.01,yes
2026-10-05T04:42:06.678166Z,KXBTC15M-26OCT050045-45,0.0110,400.00,yes
2026-10-05T04:42:06.678166Z,KXBTC15M-26OCT050045-45,0.0110,100.00,yes
2026-10-05T04:42:06.678166Z,KXBTC15M-26OCT050045-45,0.0120,535.00,yes
2026-10-05T04:42:06.678166Z,KXBTC15M-26OCT050045-45,0.0120,15.00,yes
2026-10-05T04:42:06.678166Z,KXBTC15M-26OCT050045-45,0.0120,10.00,yes
2026-10-05T04:42:06.678166Z,KXBTC15M-26OCT050045-45,0.0110,4.98,yes
2026-10-05T04:42:06.678166Z,KXBTC15M-26OCT050045-45,0.0120,224.00,yes
2026-10-05T04:42:06.678166Z,KXBTC15M-26OCT050045-45,0.0120,2.00,yes
2026-10-05T04:42:06.678166Z,KXBTC15M-26OCT050045-45,0.0120,2.00,yes
2026-10-05T04:42:06.678166Z,KXBTC15M-26OCT050045-45,0.0120,406.00,yes
2026-10-05T04:42:06.678166Z,KXBTC15M-26OCT050045-45,0.0120,10.00,yes
2026-10-05T04:42:07.048306Z,KXBTC15M-26OCT050045-45,0.0110,150.00,no
2026-10-05T04:42:07.048306Z,KXBTC15M-26OCT050045-45,0.0110,0.68,no
2026-10-05T04:42:07.048306Z,KXBTC15M-26OCT050045-45,0.0110,150.00,no
2026-10-05T04:42:07.102527Z,KXBTC15M-26OCT050045-45,0.0120,1.00,yes
2026-10-05T04:42:07.102527Z,KXBTC15M-26OCT050045-45,0.0120,15.00,yes
2026-10-05T04:42:07.102527Z,KXBTC15M-26OCT050045-45,0.0120,0.01,yes
2026-10-05T04:42:07.102527Z,KXBTC15M-26OCT050045-45,0.0120,21.75,yes
2026-10-05T04:42:07.102527Z,KXBTC15M-26OCT050045-45,0.0120,15.00,yes
2026-10-05T04:42:07.102527Z,KXBTC15M-26OCT050045-45,0.0120,100.00,yes
2026-10-05T04:42:07.102527Z,KXBTC15M-26OCT050045-45,0.0120,0.01,yes
2026-10-05T04:42:07.19188Z,KXBTC15M-26OCT050045-45,0.0120,389.71,yes
2026-10-05T04:42:07.22997Z,KXBTC15M-26OCT050045-45,0.0120,6.00,yes
2026-10-05T04:42:07.264458Z,KXBTC15M-26OCT050045-45,0.0120,77.94,yes
2026-10-05T04:42:07.28556Z,KXBTC15M-26OCT050045-45,0.0110,87.42,no
2026-10-05T04:42:07.28556Z,KXBTC15M-26OCT050045-45,0.0110,0.01,no
2026-10-05T04:42:07.28556Z,KXBTC15M-26OCT050045-45,0.0110,1.00,no
2026-10-05T04:42:07.28556Z,KXBTC15M-26OCT050045-45,0.0110,0.01,no
2026-10-05T04:42:07.28556Z,KXBTC15M-26OCT050045-45,0.0110,149.32,no
2026-10-05T04:42:07.28556Z,KXBTC15M-26OCT050045-45,0.0110,4.00,no
2026-10-05T04:42:07.28556Z,KXBTC15M-26OCT050045-45,0.0110,6.00,no
2026-10-05T04:42:07.288952Z,KXBTC15M-26OCT050045-45,0.0110,14.72,no
2026-10-05T04:42:07.305255Z,KXBTC15M-26OCT050045-45,0.0120,77.94,yes
2026-10-05T04:42:07.329726Z,KXBTC15M-26OCT050045-45,0.0120,77.94,yes
2026-10-05T04:42:07.345253Z,KXBTC15M-26OCT050045-45,0.0120,591.61,yes
2026-10-05T04:42:07.345253Z,KXBTC15M-26OCT050045-45,0.0120,408.39,yes
2026-10-05T04:42:07.495623Z,KXBTC15M-26OCT050045-45,0.0130,10.00,yes
2026-10-05T04:42:07.495623Z,KXBTC15M-26OCT050045-45,0.0130,15.00,yes
2026-10-05T04:42:07.495623Z,KXBTC15M-26OCT050045-45,0.0130,8.00,yes
2026-10-05T04:42:07.495623Z,KXBTC15M-26OCT050045-45,0.0120,0.01,yes
2026-10-05T04:42:07.495623Z,KXBTC15M-26OCT050045-45,0.0120,15.00,yes
2026-10-05T04:42:07.495623Z,KXBTC15M-26OCT050045-45,0.0120,0.01,yes
2026-10-05T04:42:07.495623Z,KXBTC15M-26OCT050045-45,0.0140,3.17,yes
2026-10-05T04:42:07.626123Z,KXBTC15M-26OCT050045-45,0.0130,356.41,no
2026-10-05T04:42:07.626123Z,KXBTC15M-26OCT050045-45,0.0130,131.67,no
2026-10-05T04:42:07.626123Z,KXBTC15M-26OCT050045-45,0.0130,100.00,no
2026-10-05T04:42:07.626123Z,KXBTC15M-26OCT050045-45,0.0130,0.01,no
2026-10-05T04:42:07.626123Z,KXBTC15M-26OCT050045-45,0.0130,1038.00,no
2026-10-05T04:42:07.626123Z,KXBTC15M-26OCT050045-45,0.0130,0.01,no
2026-10-05T04:42:07.626123Z,KXBTC15M-26OCT050045-45,0.0130,15.54,no
2026-10-05T04:42:07.626123Z,KXBTC15M-26OCT050045-45,0.0130,858.36,no
2026-10-05T04:42:07.732792Z,KXBTC15M-26OCT050045-45,0.0140,491.17,yes
2026-10-05T04:42:07.732792Z,KXBTC15M-26OCT050045-45,0.0140,252.83,yes
2026-10-05T04:42:07.732792Z,KXBTC15M-26OCT050045-45,0.0140,256.00,yes
2026-10-05T04:42:07.770188Z,KXBTC15M-26OCT050045-45,0.0140,100.84,yes
2026-10-05T04:42:07.82627Z,KXBTC15M-26OCT050045-45,0.0140,17.35,yes
2026-10-05T04:42:08.114129Z,KXBTC15M-26OCT050045-45,0.0130,1.00,no
2026-10-05T04:42:08.114129Z,KXBTC15M-26OCT050045-45,0.0130,1.02,no
2026-10-05T04:42:08.121068Z,KXBTC15M-26OCT050045-45,0.0140,334.08,yes
2026-10-05T04:42:08.235262Z,KXBTC15M-26OCT050045-45,0.0140,3.92,yes
2026-10-05T04:42:08.256369Z,KXBTC15M-26OCT050045-45,0.0130,1.00,no
2026-10-05T04:42:08.256369Z,KXBTC15M-26OCT050045-45,0.0130,0.01,no
2026-10-05T04:42:08.256369Z,KXBTC15M-26OCT050045-45,0.0130,150.00,no
2026-10-05T04:42:08.256369Z,KXBTC15M-26OCT050045-45,0.0130,100.00,no
2026-10-05T04:42:08.256369Z,KXBTC15M-26OCT050045-45,0.0130,6.00,no
2026-10-05T04:42:08.256369Z,KXBTC15M-26OCT050045-45,0.0130,398.98,no
2026-10-05T04:42:08.256369Z,KXBTC15M-26OCT050045-45,0.0130,4.00,no
2026-10-05T04:42:08.256369Z,KXBTC15M-26OCT050045-45,0.0130,0.01,no
2026-10-05T04:42:08.287689Z,KXBTC15M-26OCT050045-45,0.0130,66.82,yes
2026-10-05T04:42:08.317017Z,KXBTC15M-26OCT050045-45,0.0130,1.76,yes
2026-10-05T04:42:08.334231Z,KXBTC15M-26OCT050045-45,0.0130,81.42,yes
2026-10-05T04:42:08.334231Z,KXBTC15M-26OCT050045-45,0.0130,56.13,yes
2026-10-05T04:42:08.385532Z,KXBTC15M-26OCT050045-45,0.0130,66.82,yes
2026-10-05T04:42:08.413889Z,KXBTC15M-26OCT050045-45,0.0130,27.05,yes
2026-10-05T04:42:08.413889Z,KXBTC15M-26OCT050045-45,0.0130,13.71,yes
2026-10-05T04:42:08.496869Z,KXBTC15M-26OCT050045-45,0.0130,14.00,yes
2026-10-05T04:42:08.496869Z,KXBTC15M-26OCT050045-45,0.0130,0.01,yes
2026-10-05T04:42:08.496869Z,KXBTC15M-26OCT050045-45,0.0130,645.98,yes
2026-10-05T04:42:08.496869Z,KXBTC15M-26OCT050045-45,0.0130,0.01,yes
2026-10-05T04:42:08.504948Z,KXBTC15M-26OCT050045-45,0.0130,0.01,yes
2026-10-05T04:42:08.504948Z,KXBTC15M-26OCT050045-45,0.0130,0.01,yes
2026-10-05T04:42:08.504948Z,KXBTC15M-26OCT050045-45,0.0130,1.00,yes
2026-10-05T04:42:08.504948Z,KXBTC15M-26OCT050045-45,0.0130,26.02,yes
2026-10-05T04:42:08.552887Z,KXBTC15M-26OCT050045-45,0.0150,0.10,yes
2026-10-05T04:42:08.552887Z,KXBTC15M-26OCT050045-45,0.0140,0.01,yes
2026-10-05T04:42:08.552887Z,KXBTC15M-26OCT050045-45,0.0140,0.01,yes
2026-10-05T04:42:08.552887Z,KXBTC15M-26OCT050045-45,0.0150,6.42,yes
2026-10-05T04:42:08.669888Z,KXBTC15M-26OCT050045-45,0.0140,150.00,no
2026-10-05T04:42:08.669888Z,KXBTC15M-26OCT050045-45,0.0140,133.16,no
2026-10-05T04:42:08.773677Z,KXBTC15M-26OCT050045-45,0.0140,1.00,no
2026-10-05T04:42:08.865059Z,KXBTC15M-26OCT050045-45,0.0140,47.16,no
2026-10-05T04:42:08.865059Z,KXBTC15M-26OCT050045-45,0.0140,15.84,no
2026-10-05T04:42:09.161841Z,KXBTC15M-26OCT050045-45,0.0140,8.28,no
2026-10-05T04:42:09.233569Z,KXBTC15M-26OCT050045-45,0.0160,0.11,yes
2026-10-05T04:42:09.233569Z,KXBTC15M-26OCT050045-45,0.0150,0.01,yes
2026-10-05T04:42:09.233569Z,KXBTC15M-26OCT050045-45,0.0150,0.01,yes
2026-10-05T04:42:09.233569Z,KXBTC15M-26OCT050045-45,0.0160,14.15,yes
2026-10-05T04:42:09.761149Z,KXBTC15M-26OCT050045-45,0.0150,32.45,no
2026-10-05T04:42:09.815677Z,KXBTC15M-26OCT050045-45,0.0160,1.90,yes
2026-10-05T04:42:09.816997Z,KXBTC15M-26OCT050045-45,0.0160,5.84,yes
2026-10-05T04:42:09.838872Z,KXBTC15M-26OCT050045-45,0.0160,200.00,yes
2026-10-05T04:42:09.838872Z,KXBTC15M-26OCT050045-45,0.0160,0.01,yes
2026-10-05T04:42:09.838872Z,KXBTC15M-26OCT050045-45,0.0160,0.01,yes
2026-10-05T04:42:09.838872Z,KXBTC15M-26OCT050045-45,0.0160,1.00,yes
2026-10-05T04:42:09.838872Z,KXBTC15M-26OCT050045-45,0.0160,2.00,yes
2026-10-05T04:42:09.838872Z,KXBTC15M-26OCT050045-45,0.0160,70.00,yes
2026-10-05T04:42:09.838872Z,KXBTC15M-26OCT050045-45,0.0160,2.00,yes
2026-10-05T04:42:09.838872Z,KXBTC15M-26OCT050045-45,0.0160,174.11,yes
2026-10-05T04:42:09.838872Z,KXBTC15M-26OCT050045-45,0.0160,179.53,yes
2026-10-05T04:42:09.878741Z,KXBTC15M-26OCT050045-45,0.0160,0.01,yes
2026-10-05T04:42:09.878741Z,KXBTC15M-26OCT050045-45,0.0160,192.34,yes
2026-10-05T04:42:09.878741Z,KXBTC15M-26OCT050045-45,0.0160,100.00,yes
2026-10-05T04:42:09.878741Z,KXBTC15M-26OCT050045-45,0.0160,0.01,yes
2026-10-05T04:42:09.890627Z,KXBTC15M-26OCT050045-45,0.0150,57.79,no
2026-10-05T04:42:09.906561Z,KXBTC15M-26OCT050045-45,0.0150,21.00,no
2026-10-05T04:42:09.925773Z,KXBTC15M-26OCT050045-45,0.0160,11.69,yes
2026-10-05T04:42:10.011465Z,KXBTC15M-26OCT050045-45,0.0160,58.47,yes
2026-10-05T04:42:10.016102Z,KXBTC15M-26OCT050045-45,0.0160,58.47,yes
2026-10-05T04:42:10.112637Z,KXBTC15M-26OCT050045-45,0.0160,58.47,yes
2026-10-05T04:42:10.190649Z,KXBTC15M-26OCT050045-45,0.0160,154.85,yes
2026-10-05T04:42:10.190649Z,KXBTC15M-26OCT050045-45,0.0160,20.56,yes
2026-10-05T04:42:10.247185Z,KXBTC15M-26OCT050045-45,0.0160,2.51,yes
2026-10-05T04:42:10.395218Z,KXBTC15M-26OCT050045-45,0.0160,58.47,yes
2026-10-05T04:42:10.454085Z,KXBTC15M-26OCT050045-45,0.0160,1.00,yes
2026-10-05T04:42:10.454085Z,KXBTC15M-26OCT050045-45,0.0160,4.48,yes
2026-10-05T04:42:10.454085Z,KXBTC15M-26OCT050045-45,0.0160,15.17,yes
2026-10-05T04:42:10.537679Z,KXBTC15M-26OCT050045-45,0.0160,0.58,yes
2026-10-05T04:42:10.699875Z,KXBTC15M-26OCT050045-45,0.0160,5.84,yes
2026-10-05T04:42:10.816172Z,KXBTC15M-26OCT050045-45,0.0150,0.01,no
2026-10-05T04:42:10.816172Z,KXBTC15M-26OCT050045-45,0.0150,38.76,no
2026-10-05T04:42:10.816172Z,KXBTC15M-26OCT050045-45,0.0150,0.01,no
2026-10-05T04:42:10.816172Z,KXBTC15M-26OCT050045-45,0.0150,1.00,no
2026-10-05T04:42:10.816172Z,KXBTC15M-26OCT050045-45,0.0150,2.73,no
2026-10-05T04:42:10.835633Z,KXBTC15M-26OCT050045-45,0.0160,58.47,yes
2026-10-05T04:42:10.840628Z,KXBTC15M-26OCT050045-45,0.0150,0.01,no
2026-10-05T04:42:10.840628Z,KXBTC15M-26OCT050045-45,0.0140,1000.00,no
2026-10-05T04:42:10.840628Z,KXBTC15M-26OCT050045-45,0.0150,0.01,no
2026-10-05T04:42:10.840628Z,KXBTC15M-26OCT050045-45,0.0150,150.00,no
2026-10-05T04:42:10.840628Z,KXBTC15M-26OCT050045-45,0.0150,1.00,no
2026-10-05T04:42:10.840628Z,KXBTC15M-26OCT050045-45,0.0120,25.00,no
2026-10-05T04:42:10.840628Z,KXBTC15M-26OCT050045-45,0.0150,687.38,no
2026-10-05T04:42:10.840628Z,KXBTC15M-26OCT050045-45,0.0140,15.00,no
2026-10-05T04:42:10.840628Z,KXBTC15M-26OCT050045-45,0.0140,1.00,no
2026-10-05T04:42:10.840628Z,KXBTC15M-26OCT050045-45,0.0110,17.00,no
2026-10-05T04:42:10.840628Z,KXBTC15M-26OCT050045-45,0.0140,6.42,no
2026-10-05T04:42:10.840628Z,KXBTC15M-26OCT050045-45,0.0150,15.00,no
2026-10-05T04:42:10.840628Z,KXBTC15M-26OCT050045-45,0.0140,17.00,no
2026-10-05T04:42:10.840628Z,KXBTC15M-26OCT050045-45,0.0140,6.00,no
2026-10-05T04:42:10.840628Z,KXBTC15M-26OCT050045-45,0.0110,95.00,no
2026-10-05T04:42:10.840628Z,KXBTC15M-26OCT050045-45,0.0110,15.00,no
2026-10-05T04:42:10.840628Z,KXBTC15M-26OCT050045-45,0.0120,86.00,no
2026-10-05T04:42:10.840628Z,KXBTC15M-26OCT050045-45,0.0110,15.00,no
2026-10-05T04:42:10.840628Z,KXBTC15M-26OCT050045-45,0.0150,497.27,no
2026-10-05T04:42:10.840628Z,KXBTC15M-26OCT050045-45,0.0110,10.00,no
2026-10-05T04:42:11.143165Z,KXBTC15M-26OCT050045-45,0.0110,58.47,yes
2026-10-05T04:42:11.254736Z,KXBTC15M-26OCT050045-45,0.0110,5.84,yes
2026-10-05T04:42:11.50733Z,KXBTC15M-26OCT050045-45,0.0110,85.02,yes
2026-10-05T04:42:11.509109Z,KXBTC15M-26OCT050045-45,0.0110,100.00,yes
2026-10-05T04:42:11.729489Z,KXBTC15M-26OCT050045-45,0.0100,15.00,no
2026-10-05T04:42:11.729489Z,KXBTC15M-26OCT050045-45,0.0100,50.00,no
2026-10-05T04:42:11.729489Z,KXBTC15M-26OCT050045-45,0.0100,668.96,no
2026-10-05T04:42:11.77604Z,KXBTC15M-26OCT050045-45,0.0110,249.96,yes
2026-10-05T04:42:11.807204Z,KXBTC15M-26OCT050045-45,0.0110,85.02,yes
2026-10-05T04:42:11.832166Z,KXBTC15M-26OCT050045-45,0.0110,16.15,yes
2026-10-05T04:42:11.85567Z,KXBTC15M-26OCT050045-45,0.0110,85.02,yes
2026-10-05T04:42:11.878568Z,KXBTC15M-26OCT050045-45,0.0110,85.02,yes
2026-10-05T04:42:11.896516Z,KXBTC15M-26OCT050045-45,0.0110,8.50,yes
2026-10-05T04:42:11.986404Z,KXBTC15M-26OCT050045-45,0.0110,85.02,yes
2026-10-05T04:42:12.109469Z,KXBTC15M-26OCT050045-45,0.0100,26.75,no
2026-10-05T04:42:12.256219Z,KXBTC15M-26OCT050045-45,0.0110,249.96,yes
2026-10-05T04:42:12.296845Z,KXBTC15M-26OCT050045-45,0.0110,403.00,yes
2026-10-05T04:42:12.325318Z,KXBTC15M-26OCT050045-45,0.0110,14.45,yes
2026-10-05T04:42:12.515322Z,KXBTC15M-26OCT050045-45,0.0100,0.01,no
2026-10-05T04:42:12.515322Z,KXBTC15M-26OCT050045-45,0.0100,100.00,no
2026-10-05T04:42:12.515322Z,KXBTC15M-26OCT050045-45,0.0100,405.72,no
2026-10-05T04:42:12.515322Z,KXBTC15M-26OCT050045-45,0.0100,1.00,no
2026-10-05T04:42:12.515322Z,KXBTC15M-26OCT050045-45,0.0100,0.01,no
2026-10-05T04:42:12.515322Z,KXBTC15M-26OCT050045-45,0.0100,675.00,no
2026-10-05T04:42:12.515322Z,KXBTC15M-26OCT050045-45,0.0100,400.00,no
2026-10-05T04:42:12.515322Z,KXBTC15M-26OCT050045-45,0.0100,150.00,no
2026-10-05T04:42:12.515322Z,KXBTC15M-26OCT050045-45,0.0100,500.00,no
2026-10-05T04:42:12.515322Z,KXBTC15M-26OCT050045-45,0.0100,104.29,no
2026-10-05T04:42:12.515322Z,KXBTC15M-26OCT050045-45,0.0100,115.00,no
2026-10-05T04:42:12.527197Z,KXBTC15M-26OCT050045-45,0.0110,1.00,yes
2026-10-05T04:42:12.527197Z,KXBTC15M-26OCT050045-45,0.0110,200.00,yes
2026-10-05T04:42:12.527197Z,KXBTC15M-26OCT050045-45,0.0110,1.00,yes
2026-10-05T04:42:12.527197Z,KXBTC15M-26OCT050045-45,0.0110,0.01,yes
2026-10-05T04:42:12.527197Z,KXBTC15M-26OCT050045-45,0.0110,0.01,yes
2026-10-05T04:42:12.527197Z,KXBTC15M-26OCT050045-45,0.0110,581.48,yes
2026-10-05T04:42:12.527197Z,KXBTC15M-26OCT050045-45,0.0110,49.72,yes
2026-10-05T04:42:12.651394Z,KXBTC15M-26OCT050045-45,0.0120,0.01,yes
2026-10-05T04:42:12.651394Z,KXBTC15M-26OCT050045-45,0.0120,0.01,yes
2026-10-05T04:42:12.651394Z,KXBTC15M-26OCT050045-45,0.0120,1.00,yes
2026-10-05T04:42:12.651394Z,KXBTC15M-26OCT050045-45,0.0120,23.14,yes
2026-10-05T04:42:12.752481Z,KXBTC15M-26OCT050045-45,0.0120,763.84,yes
2026-10-05T04:42:12.773049Z,KXBTC15M-26OCT050045-45,0.0110,143.90,no
2026-10-05T04:42:12.818261Z,KXBTC15M-26OCT050045-45,0.0120,0.01,yes
2026-10-05T04:42:12.818261Z,KXBTC15M-26OCT050045-45,0.0130,19.51,yes
2026-10-05T04:42:12.818261Z,KXBTC15M-26OCT050045-45,0.0120,0.01,yes
2026-10-05T04:42:12.939314Z,KXBTC15M-26OCT050045-45,0.0130,1.00,yes
2026-10-05T04:42:12.939314Z,KXBTC15M-26OCT050045-45,0.0130,37.34,yes
2026-10-05T04:42:12.97436Z,KXBTC15M-26OCT050045-45,0.0130,18.84,yes
2026-10-05T04:42:13.031099Z,KXBTC15M-26OCT050045-45,0.0120,5.04,no
2026-10-05T04:42:13.245245Z,KXBTC15M-26OCT050045-45,0.0130,7.63,yes
2026-10-05T04:42:13.315009Z,KXBTC15M-26OCT050045-45,0.0130,71.95,yes
2026-10-05T04:42:13.506931Z,KXBTC15M-26OCT050045-45,0.0130,0.01,yes
2026-10-05T04:42:13.506931Z,KXBTC15M-26OCT050045-45,0.0130,0.01,yes
2026-10-05T04:42:13.506931Z,KXBTC15M-26OCT050045-45,0.0130,7.61,yes
2026-10-05T04:42:13.641578Z,KXBTC15M-26OCT050045-45,0.0130,17.63,yes
2026-10-05T04:42:14.244912Z,KXBTC15M-26OCT050045-45,0.0130,0.01,yes
2026-10-05T04:42:14.244912Z,KXBTC15M-26OCT050045-45,0.0130,0.01,yes
2026-10-05T04:42:14.319856Z,KXBTC15M-26OCT050045-45,0.0130,3.02,no
2026-10-05T04:42:14.356712Z,KXBTC15M-26OCT050045-45,0.0130,0.01,no
2026-10-05T04:42:14.356712Z,KXBTC15M-26OCT050045-45,0.0130,4.00,no
2026-10-05T04:42:14.356712Z,KXBTC15M-26OCT050045-45,0.0130,150.00,no
2026-10-05T04:42:14.356712Z,KXBTC15M-26OCT050045-45,0.0130,0.01,no
2026-10-05T04:42:14.356712Z,KXBTC15M-26OCT050045-45,0.0130,146.98,no
2026-10-05T04:42:14.356712Z,KXBTC15M-26OCT050045-45,0.0130,1.00,no
2026-10-05T04:42:14.356712Z,KXBTC15M-26OCT050045-45,0.0130,698.00,no
2026-10-05T04:42:14.630014Z,KXBTC15M-26OCT050045-45,0.0140,49.00,yes
2026-10-05T04:42:14.630014Z,KXBTC15M-26OCT050045-45,0.0140,133.00,yes
2026-10-05T04:42:14.630014Z,KXBTC15M-26OCT050045-45,0.0140,1.00,yes
2026-10-05T04:42:14.630014Z,KXBTC15M-26OCT050045-45,0.0140,86.00,yes
2026-10-05T04:42:14.630014Z,KXBTC15M-26OCT050045-45,0.0140,500.00,yes
2026-10-05T04:42:14.630657Z,KXBTC15M-26OCT050045-45,0.0140,0.02,yes
2026-10-05T04:42:14.631417Z,KXBTC15M-26OCT050045-45,0.0140,13.98,yes
2026-10-05T04:42:14.631417Z,KXBTC15M-26OCT050045-45,0.0140,85.02,yes
2026-10-05T04:42:14.66498Z,KXBTC15M-26OCT050045-45,0.0130,136.85,no
2026-10-05T04:42:14.66498Z,KXBTC15M-26OCT050045-45,0.0130,1.00,no
2026-10-05T04:42:14.66498Z,KXBTC15M-26OCT050045-45,0.0130,14.00,no
2026-10-05T04:42:14.66498Z,KXBTC15M-26OCT050045-45,0.0130,16.19,no
2026-10-05T04:42:14.66498Z,KXBTC15M-26OCT050045-45,0.0130,1.01,no
2026-10-05T04:42:14.66498Z,KXBTC15M-26OCT050045-45,0.0130,0.01,no
2026-10-05T04:42:14.66498Z,KXBTC15M-26OCT050045-45,0.0130,519.00,no
2026-10-05T04:42:14.66498Z,KXBTC15M-26OCT050045-45,0.0130,150.00,no
2026-10-05T04:42:14.66498Z,KXBTC15M-26OCT050045-45,0.0130,100.00,no
2026-10-05T04:42:14.66498Z,KXBTC15M-26OCT050045-45,0.0130,0.01,no
2026-10-05T04:42:14.66498Z,KXBTC15M-26OCT050045-45,0.0130,424.19,no
2026-10-05T04:42:14.66498Z,KXBTC15M-26OCT050045-45,0.0130,500.00,no
2026-10-05T04:42:14.66498Z,KXBTC15M-26OCT050045-45,0.0120,162.03,no
2026-10-05T04:42:14.840978Z,KXBTC15M-26OCT050045-45,0.0130,100.00,no
2026-10-05T04:42:14.840978Z,KXBTC15M-26OCT050045-45,0.0130,17.00,no
2026-10-05T04:42:14.840978Z,KXBTC15M-26OCT050045-45,0.0130,344.23,no
2026-10-05T04:42:14.840978Z,KXBTC15M-26OCT050045-45,0.0130,0.01,no
2026-10-05T04:42:14.840978Z,KXBTC15M-26OCT050045-45,0.0130,0.01,no
2026-10-05T04:42:14.840978Z,KXBTC15M-26OCT050045-45,0.0130,150.00,no
2026-10-05T04:42:14.840978Z,KXBTC15M-26OCT050045-45,0.0130,1.00,no
2026-10-05T04:42:14.840978Z,KXBTC15M-26OCT050045-45,0.0130,400.00,no
2026-10-05T04:42:15.097336Z,KXBTC15M-26OCT050045-45,0.0160,0.34,yes
2026-10-05T04:42:15.097336Z,KXBTC15M-26OCT050045-45,0.0150,0.31,yes
2026-10-05T04:42:15.097336Z,KXBTC15M-26OCT050045-45,0.0140,0.01,yes
2026-10-05T04:42:15.097336Z,KXBTC15M-26OCT050045-45,0.0160,13.00,yes
2026-10-05T04:42:15.097336Z,KXBTC15M-26OCT050045-45,0.0160,2.00,yes
2026-10-05T04:42:15.097336Z,KXBTC15M-26OCT050045-45,0.0140,0.01,yes
2026-10-05T04:42:15.097336Z,KXBTC15M-26OCT050045-45,0.0160,21.35,yes
2026-10-05T04:42:15.097336Z,KXBTC15M-26OCT050045-45,0.0150,1.00,yes
2026-10-05T04:42:15.097336Z,KXBTC15M-26OCT050045-45,0.0150,200.00,yes
2026-10-05T04:42:15.097336Z,KXBTC15M-26OCT050045-45,0.0150,1000.00,yes
2026-10-05T04:42:15.097336Z,KXBTC15M-26OCT050045-45,0.0150,100.00,yes
2026-10-05T04:42:15.097336Z,KXBTC15M-26OCT050045-45,0.0150,177.00,yes
2026-10-05T04:42:15.260717Z,KXBTC15M-26OCT050045-45,0.0160,83.04,yes
2026-10-05T04:42:15.260717Z,KXBTC15M-26OCT050045-45,0.0160,0.01,yes
2026-10-05T04:42:15.311334Z,KXBTC15M-26OCT050045-45,0.0170,1047.00,yes
2026-10-05T04:42:15.311334Z,KXBTC15M-26OCT050045-45,0.0170,0.08,yes
2026-10-05T04:42:15.311334Z,KXBTC15M-26OCT050045-45,0.0180,0.08,yes
2026-10-05T04:42:15.311334Z,KXBTC15M-26OCT050045-45,0.0190,0.09,yes
2026-10-05T04:42:15.311334Z,KXBTC15M-26OCT050045-45,0.0200,223.40,yes
2026-10-05T04:42:15.311334Z,KXBTC15M-26OCT050045-45,0.0160,500.00,yes
2026-10-05T04:42:15.311334Z,KXBTC15M-26OCT050045-45,0.0190,2.00,yes
2026-10-05T04:42:15.311334Z,KXBTC15M-26OCT050045-45,0.0160,1.00,yes
2026-10-05T04:42:15.311334Z,KXBTC15M-26OCT050045-45,0.0160,0.01,yes
2026-10-05T04:42:15.311334Z,KXBTC15M-26OCT050045-45,0.0170,200.00,yes
2026-10-05T04:42:15.311334Z,KXBTC15M-26OCT050045-45,0.0160,116.96,yes
2026-10-05T04:42:15.311334Z,KXBTC15M-26OCT050045-45,0.0160,400.00,yes
2026-10-05T04:42:15.311334Z,KXBTC15M-26OCT050045-45,0.0170,871.00,yes
2026-10-05T04:42:15.311334Z,KXBTC15M-26OCT050045-45,0.0160,49.00,yes
2026-10-05T04:42:15.311334Z,KXBTC15M-26OCT050045-45,0.0160,100.00,yes
2026-10-05T04:42:15.311334Z,KXBTC15M-26OCT050045-45,0.0170,189.00,yes
2026-10-05T04:42:15.311334Z,KXBTC15M-26OCT050045-45,0.0160,500.00,yes
2026-10-05T04:42:15.311334Z,KXBTC15M-26OCT050045-45,0.0160,336.00,yes
2026-10-05T04:42:15.311334Z,KXBTC15M-26OCT050045-45,0.0160,0.01,yes
2026-10-05T04:42:15.311334Z,KXBTC15M-26OCT050045-45,0.0160,13.00,yes
2026-10-05T04:42:15.311334Z,KXBTC15M-26OCT050045-45,0.0180,2.00,yes
2026-10-05T04:42:15.311334Z,KXBTC15M-26OCT050045-45,0.0180,2.00,yes
2026-10-05T04:42:15.311334Z,KXBTC15M-26OCT050045-45,0.0170,2.00,yes
2026-10-05T04:42:15.311334Z,KXBTC15M-26OCT050045-45,0.0190,2.00,yes
2026-10-05T04:42:15.311334Z,KXBTC15M-26OCT050045-45,0.0160,267.41,yes
2026-10-05T04:42:15.311334Z,KXBTC15M-26OCT050045-45,0.0190,10.00,yes
2026-10-05T04:42:15.724742Z,KXBTC15M-26OCT050045-45,0.0160,0.01,no
2026-10-05T04:42:15.770113Z,KXBTC15M-26OCT050045-45,0.0170,0.01,yes
2026-10-05T04:42:15.770113Z,KXBTC15M-26OCT050045-45,0.0170,0.54,yes
2026-10-05T04:42:15.770113Z,KXBTC15M-26OCT050045-45,0.0170,0.01,yes
2026-10-05T04:42:15.789109Z,KXBTC15M-26OCT050045-45,0.0200,2304.36,yes
2026-10-05T04:42:15.789109Z,KXBTC15M-26OCT050045-45,0.0200,337.06,yes
2026-10-05T04:42:15.789109Z,KXBTC15M-26OCT050045-45,0.0200,1.00,yes
2026-10-05T04:42:15.789109Z,KXBTC15M-26OCT050045-45,0.0200,6.00,yes
2026-10-05T04:42:15.789109Z,KXBTC15M-26OCT050045-45,0.0200,50.00,yes
2026-10-05T04:42:15.789109Z,KXBTC15M-26OCT050045-45,0.0200,1.00,yes
2026-10-05T04:42:15.789109Z,KXBTC15M-26OCT050045-45,0.0190,13.00,yes
2026-10-05T04:42:15.789109Z,KXBTC15M-26OCT050045-45,0.0180,175.00,yes
2026-10-05T04:42:15.789109Z,KXBTC15M-26OCT050045-45,0.0170,0.01,yes
2026-10-05T04:42:15.789109Z,KXBTC15M-26OCT050045-45,0.0190,343.00,yes
2026-10-05T04:42:15.789109Z,KXBTC15M-26OCT050045-45,0.0170,0.46,yes
2026-10-05T04:42:15.789109Z,KXBTC15M-26OCT050045-45,0.0190,0.41,yes
2026-10-05T04:42:15.789109Z,KXBTC15M-26OCT050045-45,0.0180,218.00,yes
2026-10-05T04:42:15.789109Z,KXBTC15M-26OCT050045-45,0.0170,500.00,yes
2026-10-05T04:42:15.789109Z,KXBTC15M-26OCT050045-45,0.0180,200.00,yes
2026-10-05T04:42:15.789109Z,KXBTC15M-26OCT050045-45,0.0180,1.00,yes
2026-10-05T04:42:15.789109Z,KXBTC15M-26OCT050045-45,0.0180,171.99,yes
2026-10-05T04:42:15.789109Z,KXBTC15M-26OCT050045-45,0.0170,400.00,yes
2026-10-05T04:42:15.789109Z,KXBTC15M-26OCT050045-45,0.0170,200.00,yes
2026-10-05T04:42:15.789109Z,KXBTC15M-26OCT050045-45,0.0170,0.01,yes
2026-10-05T04:42:15.789109Z,KXBTC15M-26OCT050045-45,0.0190,196.00,yes
2026-10-05T04:42:15.926268Z,KXBTC15M-26OCT050045-45,0.0170,38.91,yes
2026-10-05T04:42:15.926268Z,KXBTC15M-26OCT050045-45,0.0170,0.01,yes
2026-10-05T04:42:15.926268Z,KXBTC15M-26OCT050045-45,0.0170,15.00,yes
2026-10-05T04:42:15.926268Z,KXBTC15M-26OCT050045-45,0.0170,0.01,yes
2026-10-05T04:42:16.018363Z,KXBTC15M-26OCT050045-45,0.0160,0.01,no
2026-10-05T04:42:16.018363Z,KXBTC15M-26OCT050045-45,0.0160,15.82,no
2026-10-05T04:42:16.018363Z,KXBTC15M-26OCT050045-45,0.0160,1.00,no
2026-10-05T04:42:16.080073Z,KXBTC15M-26OCT050045-45,0.0170,361.09,yes
2026-10-05T04:42:16.080073Z,KXBTC15M-26OCT050045-45,0.0170,99.47,yes
2026-10-05T04:42:16.080073Z,KXBTC15M-26OCT050045-45,0.0170,1.00,yes
2026-10-05T04:42:16.080073Z,KXBTC15M-26OCT050045-45,0.0170,0.01,yes
2026-10-05T04:42:16.080073Z,KXBTC15M-26OCT050045-45,0.0170,0.01,yes
2026-10-05T04:42:16.084833Z,KXBTC15M-26OCT050045-45,0.0160,1.00,no
2026-10-05T04:42:16.084833Z,KXBTC15M-26OCT050045-45,0.0150,150.00,no
2026-10-05T04:42:16.084833Z,KXBTC15M-26OCT050045-45,0.0150,1.00,no
2026-10-05T04:42:16.084833Z,KXBTC15M-26OCT050045-45,0.0160,4.00,no
2026-10-05T04:42:16.084833Z,KXBTC15M-26OCT050045-45,0.0160,0.01,no
2026-10-05T04:42:16.084833Z,KXBTC15M-26OCT050045-45,0.0160,406.18,no
2026-10-05T04:42:16.084833Z,KXBTC15M-26OCT050045-45,0.0150,4.00,no
2026-10-05T04:42:16.084833Z,KXBTC15M-26OCT050045-45,0.0160,15.00,no
2026-10-05T04:42:16.084833Z,KXBTC15M-26OCT050045-45,0.0140,13.00,no
2026-10-05T04:42:16.084833Z,KXBTC15M-26OCT050045-45,0.0140,6.00,no
2026-10-05T04:42:16.084833Z,KXBTC15M-26OCT050045-45,0.0150,1000.00,no
2026-10-05T04:42:16.084833Z,KXBTC15M-26OCT050045-45,0.0160,0.01,no
2026-10-05T04:42:16.084833Z,KXBTC15M-26OCT050045-45,0.0130,250.44,no
2026-10-05T04:42:16.084833Z,KXBTC15M-26OCT050045-45,0.0140,120.00,no
2026-10-05T04:42:16.084833Z,KXBTC15M-26OCT050045-45,0.0140,42.47,no
2026-10-05T04:42:16.142907Z,KXBTC15M-26OCT050045-45,0.0150,85.02,no
2026-10-05T04:42:16.218786Z,KXBTC15M-26OCT050045-45,0.0170,1.00,yes
2026-10-05T04:42:16.218786Z,KXBTC15M-26OCT050045-45,0.0160,15.00,yes
2026-10-05T04:42:16.218786Z,KXBTC15M-26OCT050045-45,0.0160,0.01,yes
2026-10-05T04:42:16.218786Z,KXBTC15M-26OCT050045-45,0.0160,0.01,yes
2026-10-05T04:42:16.218786Z,KXBTC15M-26OCT050045-45,0.0170,3.68,yes
2026-10-05T04:42:16.534602Z,KXBTC15M-26OCT050045-45,0.0170,77.94,no
2026-10-05T04:42:16.660074Z,KXBTC15M-26OCT050045-45,0.0180,51.62,yes
2026-10-05T04:42:16.660074Z,KXBTC15M-26OCT050045-45,0.0180,0.01,yes
2026-10-05T04:42:16.660074Z,KXBTC15M-26OCT050045-45,0.0180,0.01,yes
2026-10-05T04:42:16.660074Z,KXBTC15M-26OCT050045-45,0.0180,0.34,yes
2026-10-05T04:42:16.669753Z,KXBTC15M-26OCT050045-45,0.0170,38.64,no
2026-10-05T04:42:16.7082Z,KXBTC15M-26OCT050045-45,0.0180,13.00,yes
2026-10-05T04:42:16.7082Z,KXBTC15M-26OCT050045-45,0.0180,0.01,yes
2026-10-05T04:42:16.7082Z,KXBTC15M-26OCT050045-45,0.0180,0.01,yes
2026-10-05T04:42:16.7082Z,KXBTC15M-26OCT050045-45,0.0190,0.38,yes
2026-10-05T04:42:16.7082Z,KXBTC15M-26OCT050045-45,0.0190,6.70,yes
2026-10-05T04:42:16.802608Z,KXBTC15M-26OCT050045-45,0.0180,13.00,yes
2026-10-05T04:42:16.802608Z,KXBTC15M-26OCT050045-45,0.0180,0.01,yes
2026-10-05T04:42:16.802608Z,KXBTC15M-26OCT050045-45,0.0180,0.01,yes
2026-10-05T04:42:16.802608Z,KXBTC15M-26OCT050045-45,0.0180,246.89,yes
2026-10-05T04:42:16.809548Z,KXBTC15M-26OCT050045-45,0.0180,115.67,yes
2026-10-05T04:42:16.809548Z,KXBTC15M-26OCT050045-45,0.0180,153.11,yes
2026-10-05T04:42:16.809548Z,KXBTC15M-26OCT050045-45,0.0180,1.00,yes
2026-10-05T04:42:16.840036Z,KXBTC15M-26OCT050045-45,0.0180,0.01,yes
2026-10-05T04:42:16.840036Z,KXBTC15M-26OCT050045-45,0.0180,259.89,yes
2026-10-05T04:42:16.840036Z,KXBTC15M-26OCT050045-45,0.0180,0.01,yes
2026-10-05T04:42:16.916821Z,KXBTC15M-26OCT050045-45,0.0170,133.00,no
2026-10-05T04:42:17.053691Z,KXBTC15M-26OCT050045-45,0.0180,51.96,yes
2026-10-05T04:42:17.053691Z,KXBTC15M-26OCT050045-45,0.0180,0.01,yes
2026-10-05T04:42:17.053691Z,KXBTC15M-26OCT050045-45,0.0180,0.01,yes
2026-10-05T04:42:17.078678Z,KXBTC15M-26OCT050045-45,0.0180,51.98,yes
2026-10-05T04:42:17.109387Z,KXBTC15M-26OCT050045-45,0.0170,0.02,no
2026-10-05T04:42:17.112573Z,KXBTC15M-26OCT050045-45,0.0180,51.98,yes
2026-10-05T04:42:17.254194Z,KXBTC15M-26OCT050045-45,0.0180,11.84,yes
2026-10-05T04:42:17.420085Z,KXBTC15M-26OCT050045-45,0.0170,0.01,no
2026-10-05T04:42:17.420085Z,KXBTC15M-26OCT050045-45,0.0150,35.63,no
2026-10-05T04:42:17.420085Z,KXBTC15M-26OCT050045-45,0.0160,4.00,no
2026-10-05T04:42:17.420085Z,KXBTC15M-26OCT050045-45,0.0160,674.00,no
2026-10-05T04:42:17.420085Z,KXBTC15M-26OCT050045-45,0.0160,1.00,no
2026-10-05T04:42:17.420085Z,KXBTC15M-26OCT050045-45,0.0150,14.00,no
2026-10-05T04:42:17.420085Z,KXBTC15M-26OCT050045-45,0.0170,0.01,no
2026-10-05T04:42:17.420085Z,KXBTC15M-26OCT050045-45,0.0150,15.00,no
2026-10-05T04:42:17.420085Z,KXBTC15M-26OCT050045-45,0.0170,15.00,no
2026-10-05T04:42:17.49162Z,KXBTC15M-26OCT050045-45,0.0160,0.01,no
2026-10-05T04:42:17.49162Z,KXBTC15M-26OCT050045-45,0.0160,15.00,no
2026-10-05T04:42:17.49162Z,KXBTC15M-26OCT050045-45,0.0160,422.00,no
2026-10-05T04:42:17.49162Z,KXBTC15M-26OCT050045-45,0.0160,0.01,no
2026-10-05T04:42:17.492054Z,KXBTC15M-26OCT050045-45,0.0160,1.00,no
2026-10-05T04:42:17.492054Z,KXBTC15M-26OCT050045-45,0.0160,3.99,no
2026-10-05T04:42:17.496089Z,KXBTC15M-26OCT050045-45,0.0150,0.02,no
2026-10-05T04:42:17.49646Z,KXBTC15M-26OCT050045-45,0.0150,100.00,no
2026-10-05T04:42:17.49939Z,KXBTC15M-26OCT050045-45,0.0150,0.01,no
2026-10-05T04:42:17.49939Z,KXBTC15M-26OCT050045-45,0.0150,14.00,no
2026-10-05T04:42:17.49939Z,KXBTC15M-26OCT050045-45,0.0140,32.20,no
2026-10-05T04:42:17.499446Z,KXBTC15M-26OCT050045-45,0.0140,4.23,no
2026-10-05T04:42:17.500033Z,KXBTC15M-26OCT050045-45,0.0140,54.00,no
2026-10-05T04:42:17.501495Z,KXBTC15M-26OCT050045-45,0.0140,0.02,no
2026-10-05T04:42:17.504816Z,KXBTC15M-26OCT050045-45,0.0140,4.23,no
2026-10-05T04:42:17.504935Z,KXBTC15M-26OCT050045-45,0.0140,2.32,no
2026-10-05T04:42:17.510417Z,KXBTC15M-26OCT050045-45,0.0140,4.24,no
2026-10-05T04:42:17.510462Z,KXBTC15M-26OCT050045-45,0.0140,2.32,no
2026-10-05T04:42:17.51632Z,KXBTC15M-26OCT050045-45,0.0140,2.32,no
2026-10-05T04:42:17.51676Z,KXBTC15M-26OCT050045-45,0.0140,4.24,no
2026-10-05T04:42:17.522165Z,KXBTC15M-26OCT050045-45,0.0140,0.01,no
2026-10-05T04:42:17.522165Z,KXBTC15M-26OCT050045-45,0.0140,0.01,no
2026-10-05T04:42:17.522165Z,KXBTC15M-26OCT050045-45,0.0130,4.22,no
2026-10-05T04:42:17.522519Z,KXBTC15M-26OCT050045-45,0.0130,2.32,no
2026-10-05T04:42:17.530055Z,KXBTC15M-26OCT050045-45,0.0130,2.33,no
2026-10-05T04:42:17.530615Z,KXBTC15M-26OCT050045-45,0.0130,4.24,no
2026-10-05T04:42:17.53552Z,KXBTC15M-26OCT050045-45,0.0130,1.57,no
2026-10-05T04:42:17.535921Z,KXBTC15M-26OCT050045-45,0.0130,2.34,no
2026-10-05T04:42:17.542355Z,KXBTC15M-26OCT050045-45,0.0140,1.00,yes
2026-10-05T04:42:17.591199Z,KXBTC15M-26OCT050045-45,0.0130,37.43,no
2026-10-05T04:42:17.61608Z,KXBTC15M-26OCT050045-45,0.0140,149.00,yes
2026-10-05T04:42:17.61608Z,KXBTC15M-26OCT050045-45,0.0140,18.00,yes
2026-10-05T04:42:17.734209Z,KXBTC15M-26OCT050045-45,0.0140,150.00,yes
2026-10-05T04:42:17.734209Z,KXBTC15M-26OCT050045-45,0.0140,132.00,yes
2026-10-05T04:42:17.734209Z,KXBTC15M-26OCT050045-45,0.0140,150.00,yes
2026-10-05T04:42:17.734209Z,KXBTC15M-26OCT050045-45,0.0140,15.50,yes
2026-10-05T04:42:17.734209Z,KXBTC15M-26OCT050045-45,0.0140,150.00,yes
2026-10-05T04:42:17.734209Z,KXBTC15M-26OCT050045-45,0.0140,150.00,yes
2026-10-05T04:42:17.734209Z,KXBTC15M-26OCT050045-45,0.0140,150.00,yes
2026-10-05T04:42:17.734209Z,KXBTC15M-26OCT050045-45,0.0140,150.00,yes
2026-10-05T04:42:17.736849Z,KXBTC15M-26OCT050045-45,0.0140,103.96,yes
2026-10-05T04:42:17.782496Z,KXBTC15M-26OCT050045-45,0.0140,12.99,yes
2026-10-05T04:42:17.791682Z,KXBTC15M-26OCT050045-45,0.0140,12.08,yes
2026-10-05T04:42:17.791682Z,KXBTC15M-26OCT050045-45,0.0140,17.55,yes
2026-10-05T04:42:17.892519Z,KXBTC15M-26OCT050045-45,0.0130,79.58,no
2026-10-05T04:42:17.928433Z,KXBTC15M-26OCT050045-45,0.0140,103.96,yes
2026-10-05T04:42:17.936196Z,KXBTC15M-26OCT050045-45,0.0140,366.88,yes
2026-10-05T04:42:17.936196Z,KXBTC15M-26OCT050045-45,0.0140,15.00,yes
2026-10-05T04:42:17.936196Z,KXBTC15M-26OCT050045-45,0.0140,0.01,yes
2026-10-05T04:42:17.936196Z,KXBTC15M-26OCT050045-45,0.0140,33.96,yes
2026-10-05T04:42:17.936196Z,KXBTC15M-26OCT050045-45,0.0140,0.01,yes
2026-10-05T04:42:17.94165Z,KXBTC15M-26OCT050045-45,0.0140,33.12,yes
2026-10-05T04:42:17.94165Z,KXBTC15M-26OCT050045-45,0.0140,403.90,yes
2026-10-05T04:42:17.99298Z,KXBTC15M-26OCT050045-45,0.0140,10.00,yes
2026-10-05T04:42:17.99298Z,KXBTC15M-26OCT050045-45,0.0140,17.39,yes
2026-10-05T04:42:17.99298Z,KXBTC15M-26OCT050045-45,0.0140,0.01,yes
2026-10-05T04:42:17.99298Z,KXBTC15M-26OCT050045-45,0.0140,6.00,yes
2026-10-05T04:42:17.99298Z,KXBTC15M-26OCT050045-45,0.0140,0.01,yes
2026-10-05T04:42:18.00023Z,KXBTC15M-26OCT050045-45,0.0140,143.02,yes
2026-10-05T04:42:18.067999Z,KXBTC15M-26OCT050045-45,0.0130,5.90,no
2026-10-05T04:42:18.068047Z,KXBTC15M-26OCT050045-45,0.0130,5.58,no
2026-10-05T04:42:18.07451Z,KXBTC15M-26OCT050045-45,0.0130,17.00,no
2026-10-05T04:42:18.086004Z,KXBTC15M-26OCT050045-45,0.0140,1.76,yes
2026-10-05T04:42:18.086004Z,KXBTC15M-26OCT050045-45,0.0140,332.30,yes
2026-10-05T04:42:18.086004Z,KXBTC15M-26OCT050045-45,0.0140,0.01,yes
2026-10-05T04:42:18.086004Z,KXBTC15M-26OCT050045-45,0.0140,0.01,yes
2026-10-05T04:42:18.128819Z,KXBTC15M-26OCT050045-45,0.0140,3.52,yes
2026-10-05T04:42:18.137971Z,KXBTC15M-26OCT050045-45,0.0140,186.48,yes
2026-10-05T04:42:18.137971Z,KXBTC15M-26OCT050045-45,0.0140,400.00,yes
2026-10-05T04:42:18.137971Z,KXBTC15M-26OCT050045-45,0.0140,0.01,yes
2026-10-05T04:42:18.137971Z,KXBTC15M-26OCT050045-45,0.0140,0.01,yes
2026-10-05T04:42:18.176988Z,KXBTC15M-26OCT050045-45,0.0160,10.00,yes
2026-10-05T04:42:18.176988Z,KXBTC15M-26OCT050045-45,0.0140,400.00,yes
2026-10-05T04:42:18.176988Z,KXBTC15M-26OCT050045-45,0.0140,0.01,yes
2026-10-05T04:42:18.176988Z,KXBTC15M-26OCT050045-45,0.0150,412.00,yes
2026-10-05T04:42:18.176988Z,KXBTC15M-26OCT050045-45,0.0170,2.00,yes
2026-10-05T04:42:18.176988Z,KXBTC15M-26OCT050045-45,0.0180,92.00,yes
2026-10-05T04:42:18.176988Z,KXBTC15M-26OCT050045-45,0.0140,0.01,yes
2026-10-05T04:42:18.176988Z,KXBTC15M-26OCT050045-45,0.0140,10.00,yes
2026-10-05T04:42:18.176988Z,KXBTC15M-26OCT050045-45,0.0170,100.00,yes
2026-10-05T04:42:18.176988Z,KXBTC15M-26OCT050045-45,0.0180,2.00,yes
2026-10-05T04:42:18.176988Z,KXBTC15M-26OCT050045-45,0.0180,2.00,yes
2026-10-05T04:42:18.176988Z,KXBTC15M-26OCT050045-45,0.0150,269.14,yes
2026-10-05T04:42:18.235432Z,KXBTC15M-26OCT050045-45,0.0150,0.01,yes
2026-10-05T04:42:18.235432Z,KXBTC15M-26OCT050045-45,0.0150,183.93,yes
2026-10-05T04:42:18.25682Z,KXBTC15M-26OCT050045-45,0.0150,6.54,yes
2026-10-05T04:42:18.396993Z,KXBTC15M-26OCT050045-45,0.0140,0.01,no
2026-10-05T04:42:18.396993Z,KXBTC15M-26OCT050045-45,0.0140,111.48,no
2026-10-05T04:42:18.396993Z,KXBTC15M-26OCT050045-45,0.0140,0.01,no
2026-10-05T04:42:18.396993Z,KXBTC15M-26OCT050045-45,0.0140,13.00,no
2026-10-05T04:42:18.436378Z,KXBTC15M-26OCT050045-45,0.0150,311.33,yes
2026-10-05T04:42:18.474676Z,KXBTC15M-26OCT050045-45,0.0150,20.00,yes
2026-10-05T04:42:18.477897Z,KXBTC15M-26OCT050045-45,0.0150,11.18,yes
2026-10-05T04:42:18.557401Z,KXBTC15M-26OCT050045-45,0.0140,29.30,no
2026-10-05T04:42:18.587503Z,KXBTC15M-26OCT050045-45,0.0150,62.36,yes
2026-10-05T04:42:18.624198Z,KXBTC15M-26OCT050045-45,0.0140,60.79,no
2026-10-05T04:42:18.75165Z,KXBTC15M-26OCT050045-45,0.0130,74.60,no
2026-10-05T04:42:18.75165Z,KXBTC15M-26OCT050045-45,0.0140,13.00,no
2026-10-05T04:42:18.75165Z,KXBTC15M-26OCT050045-45,0.0140,280.43,no
2026-10-05T04:42:18.75165Z,KXBTC15M-26OCT050045-45,0.0140,0.01,no
2026-10-05T04:42:18.75165Z,KXBTC15M-26OCT050045-45,0.0140,4.00,no
2026-10-05T04:42:18.75165Z,KXBTC15M-26OCT050045-45,0.0140,0.01,no
2026-10-05T04:42:18.808712Z,KXBTC15M-26OCT050045-45,0.0150,8.46,yes
2026-10-05T04:42:18.808712Z,KXBTC15M-26OCT050045-45,0.0150,1.00,yes
2026-10-05T04:42:18.819822Z,KXBTC15M-26OCT050045-45,0.0150,12.47,yes
2026-10-05T04:42:18.824043Z,KXBTC15M-26OCT050045-45,0.0150,379.07,yes
2026-10-05T04:42:18.824043Z,KXBTC15M-26OCT050045-45,0.0150,31.70,yes
2026-10-05T04:42:18.86932Z,KXBTC15M-26OCT050045-45,0.0130,29.76,no
2026-10-05T04:42:18.86932Z,KXBTC15M-26OCT050045-45,0.0140,0.01,no
2026-10-05T04:42:18.86932Z,KXBTC15M-26OCT050045-45,0.0140,13.00,no
2026-10-05T04:42:18.86932Z,KXBTC15M-26OCT050045-45,0.0140,0.01,no
2026-10-05T04:42:18.89347Z,KXBTC15M-26OCT050045-45,0.0220,661.79,yes
2026-10-05T04:42:18.89347Z,KXBTC15M-26OCT050045-45,0.0210,0.18,yes
2026-10-05T04:42:18.89347Z,KXBTC15M-26OCT050045-45,0.0200,0.15,yes
2026-10-05T04:42:18.89347Z,KXBTC15M-26OCT050045-45,0.0200,1.00,yes
2026-10-05T04:42:18.89347Z,KXBTC15M-26OCT050045-45,0.0200,200.00,yes
2026-10-05T04:42:18.89347Z,KXBTC15M-26OCT050045-45,0.0190,10.00,yes
2026-10-05T04:42:18.89347Z,KXBTC15M-26OCT050045-45,0.0200,50.00,yes
2026-10-05T04:42:18.89347Z,KXBTC15M-26OCT050045-45,0.0200,30.00,yes
2026-10-05T04:42:18.89347Z,KXBTC15M-26OCT050045-45,0.0200,93.75,yes
2026-10-05T04:42:18.89347Z,KXBTC15M-26OCT050045-45,0.0200,64.00,yes
2026-10-05T04:42:18.89347Z,KXBTC15M-26OCT050045-45,0.0150,1.00,yes
2026-10-05T04:42:18.89347Z,KXBTC15M-26OCT050045-45,0.0210,55.00,yes
2026-10-05T04:42:18.89347Z,KXBTC15M-26OCT050045-45,0.0150,206.00,yes
2026-10-05T04:42:18.89347Z,KXBTC15M-26OCT050045-45,0.0150,1.00,yes
2026-10-05T04:42:18.89347Z,KXBTC15M-26OCT050045-45,0.0140,150.00,yes
2026-10-05T04:42:18.89347Z,KXBTC15M-26OCT050045-45,0.0180,250.00,yes
2026-10-05T04:42:18.89347Z,KXBTC15M-26OCT050045-45,0.0210,2.00,yes
2026-10-05T04:42:18.89347Z,KXBTC15M-26OCT050045-45,0.0140,400.00,yes
2026-10-05T04:42:18.89347Z,KXBTC15M-26OCT050045-45,0.0190,13.00,yes
2026-10-05T04:42:18.89347Z,KXBTC15M-26OCT050045-45,0.0150,0.01,yes
2026-10-05T04:42:18.89347Z,KXBTC15M-26OCT050045-45,0.0200,10.00,yes
2026-10-05T04:42:18.89347Z,KXBTC15M-26OCT050045-45,0.0150,168.30,yes
2026-10-05T04:42:18.89347Z,KXBTC15M-26OCT050045-45,0.0140,10.00,yes
2026-10-05T04:42:18.89347Z,KXBTC15M-26OCT050045-45,0.0210,2.00,yes
2026-10-05T04:42:18.89347Z,KXBTC15M-26OCT050045-45,0.0150,52.00,yes
2026-10-05T04:42:18.89347Z,KXBTC15M-26OCT050045-45,0.0150,0.01,yes
2026-10-05T04:42:18.89347Z,KXBTC15M-26OCT050045-45,0.0190,763.00,yes
2026-10-05T04:42:18.89347Z,KXBTC15M-26OCT050045-45,0.0190,105.00,yes
2026-10-05T04:42:18.89347Z,KXBTC15M-26OCT050045-45,0.0140,0.01,yes
2026-10-05T04:42:18.89347Z,KXBTC15M-26OCT050045-45,0.0200,64.00,yes
2026-10-05T04:42:18.89347Z,KXBTC15M-26OCT050045-45,0.0140,150.00,yes
2026-10-05T04:42:18.89347Z,KXBTC15M-26OCT050045-45,0.0140,0.01,yes
2026-10-05T04:42:18.89347Z,KXBTC15M-26OCT050045-45,0.0200,93.75,yes
2026-10-05T04:42:18.89347Z,KXBTC15M-26OCT050045-45,0.0200,15.00,yes
2026-10-05T04:42:18.89347Z,KXBTC15M-26OCT050045-45,0.0200,15.00,yes
2026-10-05T04:42:18.89347Z,KXBTC15M-26OCT050045-45,0.0200,2.00,yes
2026-10-05T04:42:18.89347Z,KXBTC15M-26OCT050045-45,0.0200,1.00,yes
2026-10-05T04:42:18.906048Z,KXBTC15M-26OCT050045-45,0.0160,3.22,no
2026-10-05T04:42:18.939624Z,KXBTC15M-26OCT050045-45,0.0160,3.23,no
2026-10-05T04:42:19.151865Z,KXBTC15M-26OCT050045-45,0.0160,85.02,no
2026-10-05T04:42:19.180665Z,KXBTC15M-26OCT050045-45,0.0170,0.01,yes
2026-10-05T04:42:19.180665Z,KXBTC15M-26OCT050045-45,0.0170,0.01,yes
2026-10-05T04:42:19.180665Z,KXBTC15M-26OCT050045-45,0.0170,51.67,yes
2026-10-05T04:42:19.19236Z,KXBTC15M-26OCT050045-45,0.0170,1.00,yes
2026-10-05T04:42:19.258944Z,KXBTC15M-26OCT050045-45,0.0160,10.00,no
2026-10-05T04:42:19.356946Z,KXBTC15M-26OCT050045-45,0.0160,467.00,no
2026-10-05T04:42:19.361929Z,KXBTC15M-26OCT050045-45,0.0160,8.55,no
2026-10-05T04:42:19.36802Z,KXBTC15M-26OCT050045-45,0.0160,2563.98,no
2026-10-05T04:42:19.36802Z,KXBTC15M-26OCT050045-45,0.0160,436.00,no
2026-10-05T04:42:19.36802Z,KXBTC15M-26OCT050045-45,0.0160,0.01,no
2026-10-05T04:42:19.36802Z,KXBTC15M-26OCT050045-45,0.0160,0.01,no
2026-10-05T04:42:19.428648Z,KXBTC15M-26OCT050045-45,0.0160,1.00,no
2026-10-05T04:42:19.428648Z,KXBTC15M-26OCT050045-45,0.0160,712.01,no
2026-10-05T04:42:19.428648Z,KXBTC15M-26OCT050045-45,0.0160,52.29,no
2026-10-05T04:42:19.481594Z,KXBTC15M-26OCT050045-45,0.0160,3.51,no
2026-10-05T04:42:19.538494Z,KXBTC15M-26OCT050045-45,0.0150,2.00,no
2026-10-05T04:42:19.538494Z,KXBTC15M-26OCT050045-45,0.0160,11.49,no
2026-10-05T04:42:19.538494Z,KXBTC15M-26OCT050045-45,0.0160,0.01,no
2026-10-05T04:42:19.538494Z,KXBTC15M-26OCT050045-45,0.0150,23.77,no
2026-10-05T04:42:19.538494Z,KXBTC15M-26OCT050045-45,0.0160,0.01,no
2026-10-05T04:42:19.715439Z,KXBTC15M-26OCT050045-45,0.0140,2.00,no
2026-10-05T04:42:19.715439Z,KXBTC15M-26OCT050045-45,0.0150,15.00,no
2026-10-05T04:42:19.715439Z,KXBTC15M-26OCT050045-45,0.0150,0.01,no
2026-10-05T04:42:19.715439Z,KXBTC15M-26OCT050045-45,0.0140,149.62,no
2026-10-05T04:42:19.715439Z,KXBTC15M-26OCT050045-45,0.0150,0.01,no
2026-10-05T04:42:19.731425Z,KXBTC15M-26OCT050045-45,0.0140,586.50,no
2026-10-05T04:42:19.772042Z,KXBTC15M-26OCT050045-45,0.0140,2.53,no
2026-10-05T04:42:19.779412Z,KXBTC15M-26OCT050045-45,0.0150,35.00,yes
2026-10-05T04:42:19.793177Z,KXBTC15M-26OCT050045-45,0.0140,1000.00,no
2026-10-05T04:42:19.803241Z,KXBTC15M-26OCT050045-45,0.0150,55.04,yes
2026-10-05T04:42:19.827133Z,KXBTC15M-26OCT050045-45,0.0150,1236.23,yes
2026-10-05T04:42:19.872183Z,KXBTC15M-26OCT050045-45,0.0150,103.90,yes
2026-10-05T04:42:20.007022Z,KXBTC15M-26OCT050045-45,0.0140,77.98,no
2026-10-05T04:42:20.007022Z,KXBTC15M-26OCT050045-45,0.0140,816.35,no
2026-10-05T04:42:20.007022Z,KXBTC15M-26OCT050045-45,0.0140,1.00,no
2026-10-05T04:42:20.033544Z,KXBTC15M-26OCT050045-45,0.0150,55.04,yes
2026-10-05T04:42:20.198325Z,KXBTC15M-26OCT050045-45,0.0150,62.36,yes
2026-10-05T04:42:20.212384Z,KXBTC15M-26OCT050045-45,0.0150,62.36,yes
2026-10-05T04:42:20.234687Z,KXBTC15M-26OCT050045-45,0.0130,15.00,no
2026-10-05T04:42:20.234687Z,KXBTC15M-26OCT050045-45,0.0130,15.00,no
2026-10-05T04:42:20.234687Z,KXBTC15M-26OCT050045-45,0.0130,2.00,no
2026-10-05T04:42:20.234687Z,KXBTC15M-26OCT050045-45,0.0140,422.02,no
2026-10-05T04:42:20.234687Z,KXBTC15M-26OCT050045-45,0.0130,15.00,no
2026-10-05T04:42:20.234687Z,KXBTC15M-26OCT050045-45,0.0140,0.01,no
2026-10-05T04:42:20.234687Z,KXBTC15M-26OCT050045-45,0.0140,0.01,no
2026-10-05T04:42:20.234687Z,KXBTC15M-26OCT050045-45,0.0140,1.00,no
2026-10-05T04:42:20.234687Z,KXBTC15M-26OCT050045-45,0.0130,497.89,no
2026-10-05T04:42:20.244459Z,KXBTC15M-26OCT050045-45,0.0150,12.47,yes
2026-10-05T04:42:20.335293Z,KXBTC15M-26OCT050045-45,0.0150,62.36,yes
2026-10-05T04:42:20.483697Z,KXBTC15M-26OCT050045-45,0.0150,124.73,yes
2026-10-05T04:42:20.484957Z,KXBTC15M-26OCT050045-45,0.0150,62.36,yes
2026-10-05T04:42:20.501509Z,KXBTC15M-26OCT050045-45,0.0150,311.83,yes
2026-10-05T04:42:20.534801Z,KXBTC15M-26OCT050045-45,0.0150,296.81,yes
2026-10-05T04:42:20.534801Z,KXBTC15M-26OCT050045-45,0.0150,0.01,yes
2026-10-05T04:42:20.534801Z,KXBTC15M-26OCT050045-45,0.0150,0.01,yes
2026-10-05T04:42:20.534801Z,KXBTC15M-26OCT050045-45,0.0150,15.00,yes
2026-10-05T04:42:20.550868Z,KXBTC15M-26OCT050045-45,0.0150,6.88,yes
2026-10-05T04:42:20.550868Z,KXBTC15M-26OCT050045-45,0.0150,103.19,yes
2026-10-05T04:42:20.840957Z,KXBTC15M-26OCT050045-45,0.0140,2.00,no
2026-10-05T04:42:20.840957Z,KXBTC15M-26OCT050045-45,0.0140,0.01,no
2026-10-05T04:42:20.840957Z,KXBTC15M-26OCT050045-45,0.0140,0.01,no
2026-10-05T04:42:20.878033Z,KXBTC15M-26OCT050045-45,0.0110,16.27,no
2026-10-05T04:42:20.878033Z,KXBTC15M-26OCT050045-45,0.0120,2.00,no
2026-10-05T04:42:20.878033Z,KXBTC15M-26OCT050045-45,0.0130,41.84,no
2026-10-05T04:42:20.878033Z,KXBTC15M-26OCT050045-45,0.0120,15.00,no
2026-10-05T04:42:20.878033Z,KXBTC15M-26OCT050045-45,0.0140,13.00,no
2026-10-05T04:42:20.878033Z,KXBTC15M-26OCT050045-45,0.0120,4.00,no
2026-10-05T04:42:20.878033Z,KXBTC15M-26OCT050045-45,0.0140,0.01,no
2026-10-05T04:42:20.878033Z,KXBTC15M-26OCT050045-45,0.0140,0.01,no
2026-10-05T04:42:20.878033Z,KXBTC15M-26OCT050045-45,0.0130,1.00,no
2026-10-05T04:42:20.878033Z,KXBTC15M-26OCT050045-45,0.0130,1000.00,no
2026-10-05T04:42:20.954813Z,KXBTC15M-26OCT050045-45,0.0140,16.18,yes
2026-10-05T04:42:20.954813Z,KXBTC15M-26OCT050045-45,0.0140,15.00,yes
2026-10-05T04:42:20.958718Z,KXBTC15M-26OCT050045-45,0.0140,124.73,yes
2026-10-05T04:42:21.05274Z,KXBTC15M-26OCT050045-45,0.0130,0.14,no
2026-10-05T04:42:21.110409Z,KXBTC15M-26OCT050045-45,0.0140,0.01,yes
2026-10-05T04:42:21.110409Z,KXBTC15M-26OCT050045-45,0.0140,6.21,yes
2026-10-05T04:42:21.110409Z,KXBTC15M-26OCT050045-45,0.0140,0.01,yes
2026-10-05T04:42:21.12143Z,KXBTC15M-26OCT050045-45,0.0140,35.00,yes
2026-10-05T04:42:21.138708Z,KXBTC15M-26OCT050045-45,0.0140,62.36,yes
2026-10-05T04:42:21.337296Z,KXBTC15M-26OCT050045-45,0.0130,90.00,no
2026-10-05T04:42:21.347928Z,KXBTC15M-26OCT050045-45,0.0140,0.01,yes
2026-10-05T04:42:21.347928Z,KXBTC15M-26OCT050045-45,0.0140,0.01,yes
2026-10-05T04:42:21.347928Z,KXBTC15M-26OCT050045-45,0.0140,10.00,yes
2026-10-05T04:42:21.347928Z,KXBTC15M-26OCT050045-45,0.0140,1.00,yes
2026-10-05T04:42:21.347928Z,KXBTC15M-26OCT050045-45,0.0150,295.00,yes
2026-10-05T04:42:21.347928Z,KXBTC15M-26OCT050045-45,0.0140,15.00,yes
2026-10-05T04:42:21.347928Z,KXBTC15M-26OCT050045-45,0.0140,302.64,yes
2026-10-05T04:42:21.407473Z,KXBTC15M-26OCT050045-45,0.0140,3.34,yes
2026-10-05T04:42:21.426256Z,KXBTC15M-26OCT050045-45,0.0140,0.01,yes
2026-10-05T04:42:21.426256Z,KXBTC15M-26OCT050045-45,0.0140,11.66,yes
2026-10-05T04:42:21.426256Z,KXBTC15M-26OCT050045-45,0.0140,239.32,yes
2026-10-05T04:42:21.426256Z,KXBTC15M-26OCT050045-45,0.0140,0.01,yes
2026-10-05T04:42:21.510672Z,KXBTC15M-26OCT050045-45,0.0130,50.61,no
2026-10-05T04:42:21.631613Z,KXBTC15M-26OCT050045-45,0.0140,51.80,yes
2026-10-05T04:42:21.631613Z,KXBTC15M-26OCT050045-45,0.0140,0.01,yes
2026-10-05T04:42:21.631613Z,KXBTC15M-26OCT050045-45,0.0140,0.01,yes
2026-10-05T04:42:21.631613Z,KXBTC15M-26OCT050045-45,0.0140,15.00,yes
2026-10-05T04:42:21.705406Z,KXBTC15M-26OCT050045-45,0.0140,65.48,yes
2026-10-05T04:42:21.718289Z,KXBTC15M-26OCT050045-45,0.0200,87.65,yes
2026-10-05T04:42:21.718289Z,KXBTC15M-26OCT050045-45,0.0180,15.00,yes
2026-10-05T04:42:21.718289Z,KXBTC15M-26OCT050045-45,0.0180,1.00,yes
2026-10-05T04:42:21.718289Z,KXBTC15M-26OCT050045-45,0.0140,1.00,yes
2026-10-05T04:42:21.718289Z,KXBTC15M-26OCT050045-45,0.0150,200.00,yes
2026-10-05T04:42:21.718289Z,KXBTC15M-26OCT050045-45,0.0140,0.01,yes
2026-10-05T04:42:21.718289Z,KXBTC15M-26OCT050045-45,0.0150,714.00,yes
2026-10-05T04:42:21.718289Z,KXBTC15M-26OCT050045-45,0.0180,10.00,yes
2026-10-05T04:42:21.718289Z,KXBTC15M-26OCT050045-45,0.0140,200.00,yes
2026-10-05T04:42:21.718289Z,KXBTC15M-26OCT050045-45,0.0160,15.00,yes
2026-10-05T04:42:21.718289Z,KXBTC15M-26OCT050045-45,0.0200,15.00,yes
2026-10-05T04:42:21.718289Z,KXBTC15M-26OCT050045-45,0.0140,282.72,yes
2026-10-05T04:42:21.718289Z,KXBTC15M-26OCT050045-45,0.0140,15.00,yes
2026-10-05T04:42:21.718289Z,KXBTC15M-26OCT050045-45,0.0140,0.01,yes
2026-10-05T04:42:21.718289Z,KXBTC15M-26OCT050045-45,0.0180,97.00,yes
2026-10-05T04:42:21.718289Z,KXBTC15M-26OCT050045-45,0.0200,30.00,yes
2026-10-05T04:42:21.718289Z,KXBTC15M-26OCT050045-45,0.0200,50.00,yes
2026-10-05T04:42:21.718289Z,KXBTC15M-26OCT050045-45,0.0190,212.52,yes
2026-10-05T04:42:21.718289Z,KXBTC15M-26OCT050045-45,0.0180,0.31,yes
2026-10-05T04:42:21.718289Z,KXBTC15M-26OCT050045-45,0.0170,50.00,yes
2026-10-05T04:42:21.718289Z,KXBTC15M-26OCT050045-45,0.0200,64.00,yes
2026-10-05T04:42:21.718289Z,KXBTC15M-26OCT050045-45,0.0160,67.00,yes
2026-10-05T04:42:21.718289Z,KXBTC15M-26OCT050045-45,0.0200,10.00,yes
2026-10-05T04:42:21.718289Z,KXBTC15M-26OCT050045-45,0.0150,395.56,yes
2026-10-05T04:42:21.718289Z,KXBTC15M-26OCT050045-45,0.0160,15.00,yes
2026-10-05T04:42:21.718289Z,KXBTC15M-26OCT050045-45,0.0190,0.34,yes
2026-10-05T04:42:21.718289Z,KXBTC15M-26OCT050045-45,0.0200,15.00,yes
2026-10-05T04:42:21.718289Z,KXBTC15M-26OCT050045-45,0.0190,1047.00,yes
2026-10-05T04:42:21.718289Z,KXBTC15M-26OCT050045-45,0.0170,15.00,yes
2026-10-05T04:42:21.718289Z,KXBTC15M-26OCT050045-45,0.0200,93.75,yes
2026-10-05T04:42:21.718289Z,KXBTC15M-26OCT050045-45,0.0170,1047.00,yes
2026-10-05T04:42:21.718289Z,KXBTC15M-26OCT050045-45,0.0200,10.00,yes
2026-10-05T04:42:21.718289Z,KXBTC15M-26OCT050045-45,0.0170,90.00,yes
2026-10-05T04:42:21.718289Z,KXBTC15M-26OCT050045-45,0.0200,93.75,yes
2026-10-05T04:42:21.718289Z,KXBTC15M-26OCT050045-45,0.0200,0.38,yes
2026-10-05T04:42:21.718289Z,KXBTC15M-26OCT050045-45,0.0200,64.00,yes
2026-10-05T04:42:21.718289Z,KXBTC15M-26OCT050045-45,0.0200,15.00,yes
2026-10-05T04:42:21.718289Z,KXBTC15M-26OCT050045-45,0.0180,73.00,yes
2026-10-05T04:42:21.718289Z,KXBTC15M-26OCT050045-45,0.0160,13.00,yes
2026-10-05T04:42:21.718289Z,KXBTC15M-26OCT050045-45,0.0200,2.00,yes
2026-10-05T04:42:21.718289Z,KXBTC15M-26OCT050045-45,0.0200,2.00,yes
2026-10-05T04:42:21.718289Z,KXBTC15M-26OCT050045-45,0.0160,385.00,yes
2026-10-05T04:42:21.731001Z,KXBTC15M-26OCT050045-45,0.0190,4.32,no
2026-10-05T04:42:21.731402Z,KXBTC15M-26OCT050045-45,0.0190,5.34,no
2026-10-05T04:42:21.828764Z,KXBTC15M-26OCT050045-45,0.0190,0.01,no
2026-10-05T04:42:21.828764Z,KXBTC15M-26OCT050045-45,0.0190,0.01,no
2026-10-05T04:42:21.828764Z,KXBTC15M-26OCT050045-45,0.0190,3131.34,no
2026-10-05T04:42:21.828764Z,KXBTC15M-26OCT050045-45,0.0190,55.57,no
2026-10-05T04:42:21.828764Z,KXBTC15M-26OCT050045-45,0.0190,1.00,no
2026-10-05T04:42:21.992857Z,KXBTC15M-26OCT050045-45,0.0190,10.08,no
2026-10-05T04:42:22.051599Z,KXBTC15M-26OCT050045-45,0.0190,1.00,no
2026-10-05T04:42:22.051599Z,KXBTC15M-26OCT050045-45,0.0190,0.01,no
2026-10-05T04:42:22.051599Z,KXBTC15M-26OCT050045-45,0.0190,0.01,no
2026-10-05T04:42:22.051599Z,KXBTC15M-26OCT050045-45,0.0190,4.92,no
2026-10-05T04:42:22.15271Z,KXBTC15M-26OCT050045-45,0.0190,10.70,yes
2026-10-05T04:42:22.43562Z,KXBTC15M-26OCT050045-45,0.0190,47.28,yes
2026-10-05T04:42:22.568248Z,KXBTC15M-26OCT050045-45,0.0190,26.08,yes
2026-10-05T04:42:22.568248Z,KXBTC15M-26OCT050045-45,0.0190,22.18,yes
2026-10-05T04:42:22.598982Z,KXBTC15M-26OCT050045-45,0.0190,48.26,yes
2026-10-05T04:42:22.723329Z,KXBTC15M-26OCT050045-45,0.0190,13.00,yes
2026-10-05T04:42:22.723329Z,KXBTC15M-26OCT050045-45,0.0190,79.56,yes
2026-10-05T04:42:22.723329Z,KXBTC15M-26OCT050045-45,0.0190,0.01,yes
2026-10-05T04:42:22.723329Z,KXBTC15M-26OCT050045-45,0.0190,0.01,yes
2026-10-05T04:42:22.723329Z,KXBTC15M-26OCT050045-45,0.0190,35.36,yes
2026-10-05T04:42:22.75724Z,KXBTC15M-26OCT050045-45,0.0190,14.64,yes
2026-10-05T04:42:22.75724Z,KXBTC15M-26OCT050045-45,0.0190,15.00,yes
2026-10-05T04:42:22.75724Z,KXBTC15M-26OCT050045-45,0.0190,62.85,yes
2026-10-05T04:42:22.75724Z,KXBTC15M-26OCT050045-45,0.0190,400.00,yes
2026-10-05T04:42:22.867699Z,KXBTC15M-26OCT050045-45,0.0190,48.26,yes
2026-10-05T04:42:22.875195Z,KXBTC15M-26OCT050045-45,0.0190,49.25,yes
2026-10-05T04:42:22.882128Z,KXBTC15M-26OCT050045-45,0.0170,344.68,no
2026-10-05T04:42:22.882128Z,KXBTC15M-26OCT050045-45,0.0180,0.01,no
2026-10-05T04:42:22.882128Z,KXBTC15M-26OCT050045-45,0.0180,15.00,no
2026-10-05T04:42:22.882128Z,KXBTC15M-26OCT050045-45,0.0180,0.01,no
2026-10-05T04:42:22.942351Z,KXBTC15M-26OCT050045-45,0.0180,98.42,yes
2026-10-05T04:42:23.01505Z,KXBTC15M-26OCT050045-45,0.0180,194.67,yes
2026-10-05T04:42:23.01505Z,KXBTC15M-26OCT050045-45,0.0180,51.58,yes
2026-10-05T04:42:23.01718Z,KXBTC15M-26OCT050045-45,0.0180,49.25,yes
2026-10-05T04:42:23.122889Z,KXBTC15M-26OCT050045-45,0.0140,15.00,no
2026-10-05T04:42:23.122889Z,KXBTC15M-26OCT050045-45,0.0140,15.00,no
2026-10-05T04:42:23.122889Z,KXBTC15M-26OCT050045-45,0.0140,15.00,no
2026-10-05T04:42:23.122889Z,KXBTC15M-26OCT050045-45,0.0170,0.01,no
2026-10-05T04:42:23.122889Z,KXBTC15M-26OCT050045-45,0.0140,4.84,no
2026-10-05T04:42:23.122889Z,KXBTC15M-26OCT050045-45,0.0170,0.01,no
2026-10-05T04:42:23.123042Z,KXBTC15M-26OCT050045-45,0.0140,4.30,no
2026-10-05T04:42:23.12304Z,KXBTC15M-26OCT050045-45,0.0140,4.44,no
2026-10-05T04:42:23.171471Z,KXBTC15M-26OCT050045-45,0.0170,0.01,no
2026-10-05T04:42:23.171471Z,KXBTC15M-26OCT050045-45,0.0170,0.01,no
2026-10-05T04:42:23.172098Z,KXBTC15M-26OCT050045-45,0.0160,0.01,no
2026-10-05T04:42:23.172098Z,KXBTC15M-26OCT050045-45,0.0170,0.01,no
2026-10-05T04:42:23.173765Z,KXBTC15M-26OCT050045-45,0.0130,3.00,no
2026-10-05T04:42:23.17412Z,KXBTC15M-26OCT050045-45,0.0130,3.00,no
2026-10-05T04:42:23.174628Z,KXBTC15M-26OCT050045-45,0.0130,8.62,no
2026-10-05T04:42:23.174655Z,KXBTC15M-26OCT050045-45,0.0130,1.17,no
2026-10-05T04:42:23.174655Z,KXBTC15M-26OCT050045-45,0.0130,0.38,no
2026-10-05T04:42:23.174815Z,KXBTC15M-26OCT050045-45,0.0130,1.55,no
2026-10-05T04:42:23.178123Z,KXBTC15M-26OCT050045-45,0.0130,2.50,no
2026-10-05T04:42:23.180254Z,KXBTC15M-26OCT050045-45,0.0130,3.37,no
2026-10-05T04:42:23.180885Z,KXBTC15M-26OCT050045-45,0.0130,4.83,no
2026-10-05T04:42:23.203671Z,KXBTC15M-26OCT050045-45,0.0130,15.00,no
2026-10-05T04:42:23.203671Z,KXBTC15M-26OCT050045-45,0.0130,15.00,no
2026-10-05T04:42:23.203671Z,KXBTC15M-26OCT050045-45,0.0130,15.00,no
2026-10-05T04:42:23.203671Z,KXBTC15M-26OCT050045-45,0.0130,1.58,no
2026-10-05T04:42:23.203671Z,KXBTC15M-26OCT050045-45,0.0130,0.01,no
2026-10-05T04:42:23.203671Z,KXBTC15M-26OCT050045-45,0.0130,23.11,no
2026-10-05T04:42:23.2301Z,KXBTC15M-26OCT050045-45,0.0140,4.92,yes
2026-10-05T04:42:23.317845Z,KXBTC15M-26OCT050045-45,0.0140,202.08,yes
2026-10-05T04:42:23.317845Z,KXBTC15M-26OCT050045-45,0.0140,932.92,yes
2026-10-05T04:42:23.348596Z,KXBTC15M-26OCT050045-45,0.0140,42.49,yes
2026-10-05T04:42:23.59022Z,KXBTC15M-26OCT050045-45,0.0130,0.01,no
2026-10-05T04:42:23.59022Z,KXBTC15M-26OCT050045-45,0.0130,0.01,no
2026-10-05T04:42:23.59022Z,KXBTC15M-26OCT050045-45,0.0110,13.92,no
2026-10-05T04:42:23.63514Z,KXBTC15M-26OCT050045-45,0.0120,10.00,yes
2026-10-05T04:42:23.63514Z,KXBTC15M-26OCT050045-45,0.0120,22.00,yes
2026-10-05T04:42:23.706333Z,KXBTC15M-26OCT050045-45,0.0120,86.00,yes
2026-10-05T04:42:23.706333Z,KXBTC15M-26OCT050045-45,0.0120,187.99,yes
2026-10-05T04:42:23.706333Z,KXBTC15M-26OCT050045-45,0.0120,200.00,yes
2026-10-05T04:42:23.706333Z,KXBTC15M-26OCT050045-45,0.0120,14.00,yes
2026-10-05T04:42:23.706333Z,KXBTC15M-26OCT050045-45,0.0120,15.00,yes
2026-10-05T04:42:23.706333Z,KXBTC15M-26OCT050045-45,0.0120,497.00,yes
2026-10-05T04:42:23.706333Z,KXBTC15M-26OCT050045-45,0.0120,0.01,yes
2026-10-05T04:42:23.747463Z,KXBTC15M-26OCT050045-45,0.0120,0.02,yes
2026-10-05T04:42:23.853596Z,KXBTC15M-26OCT050045-45,0.0120,15.00,yes
2026-10-05T04:42:23.853596Z,KXBTC15M-26OCT050045-45,0.0120,37.63,yes
2026-10-05T04:42:23.853596Z,KXBTC15M-26OCT050045-45,0.0120,76.98,yes
2026-10-05T04:42:23.853596Z,KXBTC15M-26OCT050045-45,0.0120,0.01,yes
2026-10-05T04:42:23.869264Z,KXBTC15M-26OCT050045-45,0.0110,0.02,no
2026-10-05T04:42:23.908842Z,KXBTC15M-26OCT050045-45,0.0110,85.87,no
2026-10-05T04:42:23.928312Z,KXBTC15M-26OCT050045-45,0.0120,0.67,yes
2026-10-05T04:42:24.009784Z,KXBTC15M-26OCT050045-45,0.0120,200.00,yes
2026-10-05T04:42:24.009784Z,KXBTC15M-26OCT050045-45,0.0120,400.00,yes
2026-10-05T04:42:24.009784Z,KXBTC15M-26OCT050045-45,0.0120,15.00,yes
2026-10-05T04:42:24.009784Z,KXBTC15M-26OCT050045-45,0.0120,0.01,yes
2026-10-05T04:42:24.009784Z,KXBTC15M-26OCT050045-45,0.0120,56.00,yes
2026-10-05T04:42:24.009784Z,KXBTC15M-26OCT050045-45,0.0120,9.33,yes
2026-10-05T04:42:24.009784Z,KXBTC15M-26OCT050045-45,0.0120,1.00,yes
2026-10-05T04:42:24.009784Z,KXBTC15M-26OCT050045-45,0.0120,0.01,yes
2026-10-05T04:42:24.009784Z,KXBTC15M-26OCT050045-45,0.0130,82.49,yes
2026-10-05T04:42:24.166355Z,KXBTC15M-26OCT050045-45,0.0120,6.68,yes
2026-10-05T04:42:24.166355Z,KXBTC15M-26OCT050045-45,0.0120,0.01,yes
2026-10-05T04:42:24.166355Z,KXBTC15M-26OCT050045-45,0.0120,0.01,yes
2026-10-05T04:42:24.166355Z,KXBTC15M-26OCT050045-45,0.0120,10.00,yes
2026-10-05T04:42:24.305381Z,KXBTC15M-26OCT050045-45,0.0110,1.02,no
2026-10-05T04:42:24.456414Z,KXBTC15M-26OCT050045-45,0.0120,15.00,yes
2026-10-05T04:42:24.456414Z,KXBTC15M-26OCT050045-45,0.0120,54.62,yes
2026-10-05T04:42:24.456414Z,KXBTC15M-26OCT050045-45,0.0120,8.32,yes
2026-10-05T04:42:24.51389Z,KXBTC15M-26OCT050045-45,0.0120,77.94,yes
2026-10-05T04:42:24.524508Z,KXBTC15M-26OCT050045-45,0.0120,167.00,yes
2026-10-05T04:42:24.528639Z,KXBTC15M-26OCT050045-45,0.0120,77.94,yes
2026-10-05T04:42:24.580865Z,KXBTC15M-26OCT050045-45,0.0120,0.01,yes
2026-10-05T04:42:24.580865Z,KXBTC15M-26OCT050045-45,0.0120,26.48,yes
2026-10-05T04:42:24.580865Z,KXBTC15M-26OCT050045-45,0.0120,0.01,yes
2026-10-05T04:42:24.580865Z,KXBTC15M-26OCT050045-45,0.0120,22.50,yes
2026-10-05T04:42:24.580865Z,KXBTC15M-26OCT050045-45,0.0120,15.00,yes
2026-10-05T04:42:24.597514Z,KXBTC15M-26OCT050045-45,0.0120,0.01,yes
2026-10-05T04:42:24.597514Z,KXBTC15M-26OCT050045-45,0.0130,214.06,yes
2026-10-05T04:42:24.597514Z,KXBTC15M-26OCT050045-45,0.0130,31.00,yes
2026-10-05T04:42:24.597514Z,KXBTC15M-26OCT050045-45,0.0120,15.00,yes
2026-10-05T04:42:24.597514Z,KXBTC15M-26OCT050045-45,0.0130,10.00,yes
2026-10-05T04:42:24.597514Z,KXBTC15M-26OCT050045-45,0.0130,64.00,yes
2026-10-05T04:42:24.597514Z,KXBTC15M-26OCT050045-45,0.0120,0.01,yes
2026-10-05T04:42:24.611149Z,KXBTC15M-26OCT050045-45,0.0140,15.00,yes
2026-10-05T04:42:24.611149Z,KXBTC15M-26OCT050045-45,0.0140,97.00,yes
2026-10-05T04:42:24.611149Z,KXBTC15M-26OCT050045-45,0.0140,1.00,yes
2026-10-05T04:42:24.611149Z,KXBTC15M-26OCT050045-45,0.0140,7.99,yes
2026-10-05T04:42:24.611149Z,KXBTC15M-26OCT050045-45,0.0130,0.01,yes
2026-10-05T04:42:24.799196Z,KXBTC15M-26OCT050045-45,0.0120,15.00,no
2026-10-05T04:42:24.799196Z,KXBTC15M-26OCT050045-45,0.0120,10.23,no
2026-10-05T04:42:24.799196Z,KXBTC15M-26OCT050045-45,0.0120,0.01,no
2026-10-05T04:42:24.799196Z,KXBTC15M-26OCT050045-45,0.0120,0.01,no
2026-10-05T04:42:24.822702Z,KXBTC15M-26OCT050045-45,0.0120,15.15,no
2026-10-05T04:42:24.846768Z,KXBTC15M-26OCT050045-45,0.0130,0.01,yes
2026-10-05T04:42:24.846768Z,KXBTC15M-26OCT050045-45,0.0130,47.11,yes
2026-10-05T04:42:24.846768Z,KXBTC15M-26OCT050045-45,0.0130,0.01,yes
2026-10-05T04:42:24.927841Z,KXBTC15M-26OCT050045-45,0.0120,1.00,no
2026-10-05T04:42:24.927841Z,KXBTC15M-26OCT050045-45,0.0120,0.01,no
2026-10-05T04:42:24.927841Z,KXBTC15M-26OCT050045-45,0.0120,15.00,no
2026-10-05T04:42:24.927841Z,KXBTC15M-26OCT050045-45,0.0120,0.01,no
2026-10-05T04:42:24.927841Z,KXBTC15M-26OCT050045-45,0.0120,563.00,no
2026-10-05T04:42:24.978509Z,KXBTC15M-26OCT050045-45,0.0120,0.01,no
2026-10-05T04:42:24.978509Z,KXBTC15M-26OCT050045-45,0.0120,0.01,no
2026-10-05T04:42:24.979712Z,KXBTC15M-26OCT050045-45,0.0130,0.01,yes
2026-10-05T04:42:24.979712Z,KXBTC15M-26OCT050045-45,0.0130,0.01,yes
2026-10-05T04:42:24.979712Z,KXBTC15M-26OCT050045-45,0.0130,22.93,yes
2026-10-05T04:42:24.979712Z,KXBTC15M-26OCT050045-45,0.0130,49.00,yes
2026-10-05T04:42:25.031707Z,KXBTC15M-26OCT050045-45,0.0120,0.01,no
2026-10-05T04:42:25.031707Z,KXBTC15M-26OCT050045-45,0.0120,0.01,no
2026-10-05T04:42:25.041645Z,KXBTC15M-26OCT050045-45,0.0130,278.54,yes
2026-10-05T04:42:25.081376Z,KXBTC15M-26OCT050045-45,0.0120,0.01,no
2026-10-05T04:42:25.172903Z,KXBTC15M-26OCT050045-45,0.0050,300.00,no
2026-10-05T04:42:25.172903Z,KXBTC15M-26OCT050045-45,0.0070,4.65,no
2026-10-05T04:42:25.172903Z,KXBTC15M-26OCT050045-45,0.0110,0.01,no
2026-10-05T04:42:25.172903Z,KXBTC15M-26OCT050045-45,0.0100,1.00,no
2026-10-05T04:42:25.172903Z,KXBTC15M-26OCT050045-45,0.0120,0.01,no
2026-10-05T04:42:25.172903Z,KXBTC15M-26OCT050045-45,0.0080,2.00,no
2026-10-05T04:42:25.172903Z,KXBTC15M-26OCT050045-45,0.0060,20.00,no
2026-10-05T04:42:25.172903Z,KXBTC15M-26OCT050045-45,0.0120,0.01,no
2026-10-05T04:42:25.172903Z,KXBTC15M-26OCT050045-45,0.0090,2.00,no
2026-10-05T04:42:25.172903Z,KXBTC15M-26OCT050045-45,0.0110,15.00,no
2026-10-05T04:42:25.172903Z,KXBTC15M-26OCT050045-45,0.0090,2.00,no
2026-10-05T04:42:25.172903Z,KXBTC15M-26OCT050045-45,0.0110,2.00,no
2026-10-05T04:42:25.172903Z,KXBTC15M-26OCT050045-45,0.0100,2.00,no
2026-10-05T04:42:25.172903Z,KXBTC15M-26OCT050045-45,0.0100,2.00,no
2026-10-05T04:42:25.172903Z,KXBTC15M-26OCT050045-45,0.0110,15.00,no
2026-10-05T04:42:25.172903Z,KXBTC15M-26OCT050045-45,0.0060,5.00,no
2026-10-05T04:42:25.172903Z,KXBTC15M-26OCT050045-45,0.0110,352.04,no
2026-10-05T04:42:25.172903Z,KXBTC15M-26OCT050045-45,0.0110,15.00,no
2026-10-05T04:42:25.172903Z,KXBTC15M-26OCT050045-45,0.0110,15.00,no
2026-10-05T04:42:25.172903Z,KXBTC15M-26OCT050045-45,0.0110,0.01,no
2026-10-05T04:42:25.172903Z,KXBTC15M-26OCT050045-45,0.0110,15.00,no
2026-10-05T04:42:25.172903Z,KXBTC15M-26OCT050045-45,0.0110,1.00,no
2026-10-05T04:42:25.172903Z,KXBTC15M-26OCT050045-45,0.0100,234.00,no
2026-10-05T04:42:25.172903Z,KXBTC15M-26OCT050045-45,0.0110,15.00,no
2026-10-05T04:42:25.172903Z,KXBTC15M-26OCT050045-45,0.0110,15.00,no
2026-10-05T04:42:25.172903Z,KXBTC15M-26OCT050045-45,0.0110,94.00,no
2026-10-05T04:42:25.172903Z,KXBTC15M-26OCT050045-45,0.0100,25.00,no
2026-10-05T04:42:25.172903Z,KXBTC15M-26OCT050045-45,0.0070,1047.00,no
2026-10-05T04:42:25.172903Z,KXBTC15M-26OCT050045-45,0.0110,946.17,no
2026-10-05T04:42:25.172903Z,KXBTC15M-26OCT050045-45,0.0100,50.00,no
2026-10-05T04:42:25.172903Z,KXBTC15M-26OCT050045-45,0.0100,1.00,no
2026-10-05T04:42:25.172903Z,KXBTC15M-26OCT050045-45,0.0060,10.00,no
2026-10-05T04:42:25.172903Z,KXBTC15M-26OCT050045-45,0.0050,100.00,no
2026-10-05T04:42:25.172903Z,KXBTC15M-26OCT050045-45,0.0050,11.54,no
2026-10-05T04:42:25.172903Z,KXBTC15M-26OCT050045-45,0.0050,50.00,no
2026-10-05T04:42:25.172903Z,KXBTC15M-26OCT050045-45,0.0050,11.44,no
2026-10-05T04:42:25.172903Z,KXBTC15M-26OCT050045-45,0.0050,50.00,no
2026-10-05T04:42:25.172903Z,KXBTC15M-26OCT050045-45,0.0050,100.00,no
2026-10-05T04:42:25.172903Z,KXBTC15M-26OCT050045-45,0.0050,50.00,no
2026-10-05T04:42:25.172903Z,KXBTC15M-26OCT050045-45,0.0050,90.00,no
2026-10-05T04:42:25.172903Z,KXBTC15M-26OCT050045-45,0.0050,100.00,no
2026-10-05T04:42:25.172903Z,KXBTC15M-26OCT050045-45,0.0050,35.00,no
2026-10-05T04:42:25.172903Z,KXBTC15M-26OCT050045-45,0.0050,90.00,no
2026-10-05T04:42:25.172903Z,KXBTC15M-26OCT050045-45,0.0050,50.00,no
2026-10-05T04:42:25.172903Z,KXBTC15M-26OCT050045-45,0.0050,100.00,no
2026-10-05T04:42:25.172903Z,KXBTC15M-26OCT050045-45,0.0050,35.00,no
2026-10-05T04:42:25.172903Z,KXBTC15M-26OCT050045-45,0.0050,5.00,no
2026-10-05T04:42:25.172903Z,KXBTC15M-26OCT050045-45,0.0050,100.00,no
2026-10-05T04:42:25.172903Z,KXBTC15M-26OCT050045-45,0.0050,90.00,no
2026-10-05T04:42:25.172903Z,KXBTC15M-26OCT050045-45,0.0050,50.00,no
2026-10-05T04:42:25.172903Z,KXBTC15M-26OCT050045-45,0.0050,50.00,no
2026-10-05T04:42:25.172903Z,KXBTC15M-26OCT050045-45,0.0050,35.00,no
2026-10-05T04:42:25.172903Z,KXBTC15M-26OCT050045-45,0.0050,50.00,no
2026-10-05T04:42:25.172903Z,KXBTC15M-26OCT050045-45,0.0050,50.00,no
2026-10-05T04:42:25.172903Z,KXBTC15M-26OCT050045-45,0.0050,90.00,no
2026-10-05T04:42:25.172903Z,KXBTC15M-26OCT050045-45,0.0050,180.00,no
2026-10-05T04:42:25.172903Z,KXBTC15M-26OCT050045-45,0.0050,200.00,no
2026-10-05T04:42:25.172903Z,KXBTC15M-26OCT050045-45,0.0050,35.00,no
2026-10-05T04:42:25.172903Z,KXBTC15M-26OCT050045-45,0.0050,35.00,no
2026-10-05T04:42:25.172903Z,KXBTC15M-26OCT050045-45,0.0050,50.00,no
2026-10-05T04:42:25.172903Z,KXBTC15M-26OCT050045-45,0.0050,50.00,no
2026-10-05T04:42:25.172903Z,KXBTC15M-26OCT050045-45,0.0050,90.00,no
2026-10-05T04:42:25.172903Z,KXBTC15M-26OCT050045-45,0.0050,100.00,no
2026-10-05T04:42:25.172903Z,KXBTC15M-26OCT050045-45,0.0050,100.00,no
2026-10-05T04:42:25.172903Z,KXBTC15M-26OCT050045-45,0.0050,90.00,no
2026-10-05T04:42:25.172903Z,KXBTC15M-26OCT050045-45,0.0050,50.00,no
2026-10-05T04:42:25.172903Z,KXBTC15M-26OCT050045-45,0.0050,90.00,no
2026-10-05T04:42:25.172903Z,KXBTC15M-26OCT050045-45,0.0050,90.00,no
2026-10-05T04:42:25.172903Z,KXBTC15M-26OCT050045-45,0.0050,50.00,no
2026-10-05T04:42:25.207093Z,KXBTC15M-26OCT050045-45,0.0070,71.95,yes
2026-10-05T04:42:25.272948Z,KXBTC15M-26OCT050045-45,0.0070,77.94,yes
2026-10-05T04:42:25.273185Z,KXBTC15M-26OCT050045-45,0.0060,2.00,no
2026-10-05T04:42:25.273185Z,KXBTC15M-26OCT050045-45,0.0060,260.69,no
2026-10-05T04:42:25.302143Z,KXBTC15M-26OCT050045-45,0.0070,1570.00,yes
2026-10-05T04:42:25.366317Z,KXBTC15M-26OCT050045-45,0.0080,31.93,yes
2026-10-05T04:42:25.366317Z,KXBTC15M-26OCT050045-45,0.0070,0.01,yes
2026-10-05T04:42:25.366317Z,KXBTC15M-26OCT050045-45,0.0070,15.00,yes
2026-10-05T04:42:25.366317Z,KXBTC15M-26OCT050045-45,0.0070,25.00,yes
2026-10-05T04:42:25.366317Z,KXBTC15M-26OCT050045-45,0.0070,0.01,yes
2026-10-05T04:42:25.436195Z,KXBTC15M-26OCT050045-45,0.0070,0.01,yes
2026-10-05T04:42:25.436195Z,KXBTC15M-26OCT050045-45,0.0070,0.01,yes
2026-10-05T04:42:25.436195Z,KXBTC15M-26OCT050045-45,0.0070,15.00,yes
2026-10-05T04:42:25.436195Z,KXBTC15M-26OCT050045-45,0.0070,15.00,yes
2026-10-05T04:42:25.438909Z,KXBTC15M-26OCT050045-45,0.0080,11.07,yes
2026-10-05T04:42:25.438909Z,KXBTC15M-26OCT050045-45,0.0080,200.00,yes
2026-10-05T04:42:25.438909Z,KXBTC15M-26OCT050045-45,0.0080,148.69,yes
2026-10-05T04:42:25.568072Z,KXBTC15M-26OCT050045-45,0.0080,0.01,yes
2026-10-05T04:42:25.568072Z,KXBTC15M-26OCT050045-45,0.0080,0.01,yes
2026-10-05T04:42:25.568072Z,KXBTC15M-26OCT050045-45,0.0080,9.96,yes
2026-10-05T04:42:25.581366Z,KXBTC15M-26OCT050045-45,0.0070,1.00,no
2026-10-05T04:42:25.601333Z,KXBTC15M-26OCT050045-45,0.0080,359.76,yes
2026-10-05T04:42:25.612358Z,KXBTC15M-26OCT050045-45,0.0090,21.00,yes
2026-10-05T04:42:25.612358Z,KXBTC15M-26OCT050045-45,0.0100,50.00,yes
2026-10-05T04:42:25.612358Z,KXBTC15M-26OCT050045-45,0.0110,15.00,yes
2026-10-05T04:42:25.612358Z,KXBTC15M-26OCT050045-45,0.0110,16.00,yes
2026-10-05T04:42:25.612358Z,KXBTC15M-26OCT050045-45,0.0080,30.28,yes
2026-10-05T04:42:25.612358Z,KXBTC15M-26OCT050045-45,0.0080,0.01,yes
2026-10-05T04:42:25.612358Z,KXBTC15M-26OCT050045-45,0.0080,0.01,yes
2026-10-05T04:42:25.612358Z,KXBTC15M-26OCT050045-45,0.0080,15.00,yes
2026-10-05T04:42:25.612358Z,KXBTC15M-26OCT050045-45,0.0110,240.95,yes
2026-10-05T04:42:25.612358Z,KXBTC15M-26OCT050045-45,0.0100,10.00,yes
2026-10-05T04:42:25.612358Z,KXBTC15M-26OCT050045-45,0.0100,10.00,yes
2026-10-05T04:42:25.745265Z,KXBTC15M-26OCT050045-45,0.0090,15.00,yes
2026-10-05T04:42:25.745265Z,KXBTC15M-26OCT050045-45,0.0090,23.98,yes
2026-10-05T04:42:25.745265Z,KXBTC15M-26OCT050045-45,0.0090,0.01,yes
2026-10-05T04:42:25.745265Z,KXBTC15M-26OCT050045-45,0.0090,0.01,yes
2026-10-05T04:42:25.765599Z,KXBTC15M-26OCT050045-45,0.0090,359.76,yes
2026-10-05T04:42:25.953479Z,KXBTC15M-26OCT050045-45,0.0090,88.05,yes
2026-10-05T04:42:25.953479Z,KXBTC15M-26OCT050045-45,0.0090,0.01,yes
2026-10-05T04:42:25.953479Z,KXBTC15M-26OCT050045-45,0.0090,15.00,yes
2026-10-05T04:42:25.953479Z,KXBTC15M-26OCT050045-45,0.0090,0.27,yes
2026-10-05T04:42:26.071268Z,KXBTC15M-26OCT050045-45,0.0080,0.01,no
2026-10-05T04:42:26.071268Z,KXBTC15M-26OCT050045-45,0.0080,1.96,no
2026-10-05T04:42:26.141732Z,KXBTC15M-26OCT050045-45,0.0080,3.07,no
2026-10-05T04:42:26.166581Z,KXBTC15M-26OCT050045-45,0.0090,15.00,yes
2026-10-05T04:42:26.166581Z,KXBTC15M-26OCT050045-45,0.0090,90.64,yes
2026-10-05T04:42:26.166581Z,KXBTC15M-26OCT050045-45,0.0090,400.00,yes
2026-10-05T04:42:26.258278Z,KXBTC15M-26OCT050045-45,0.0090,203.65,yes
2026-10-05T04:42:26.259346Z,KXBTC15M-26OCT050045-45,0.0090,92.17,yes
2026-10-05T04:42:26.282671Z,KXBTC15M-26OCT050045-45,0.0090,104.92,yes
2026-10-05T04:42:26.284851Z,KXBTC15M-26OCT050045-45,0.0090,111.50,yes
2026-10-05T04:42:26.352516Z,KXBTC15M-26OCT050045-45,0.0090,5.65,yes
2026-10-05T04:42:26.437319Z,KXBTC15M-26OCT050045-45,0.0090,147.92,yes
2026-10-05T04:42:26.641242Z,KXBTC15M-26OCT050045-45,0.0090,49.90,yes
2026-10-05T04:42:26.652642Z,KXBTC15M-26OCT050045-45,0.0090,25.97,yes
2026-10-05T04:42:26.670822Z,KXBTC15M-26OCT050045-45,0.0090,509.12,yes
2026-10-05T04:42:26.733592Z,KXBTC15M-26OCT050045-45,0.0090,50.50,yes
2026-10-05T04:42:26.740546Z,KXBTC15M-26OCT050045-45,0.0090,203.65,yes
2026-10-05T04:42:26.78134Z,KXBTC15M-26OCT050045-45,0.0090,579.07,yes
2026-10-05T04:42:26.816819Z,KXBTC15M-26OCT050045-45,0.0090,101.83,yes
2026-10-05T04:42:27.041317Z,KXBTC15M-26OCT050045-45,0.0090,51.95,yes
2026-10-05T04:42:27.07684Z,KXBTC15M-26OCT050045-45,0.0090,101.83,yes
2026-10-05T04:42:27.102385Z,KXBTC15M-26OCT050045-45,0.0090,101.83,yes
2026-10-05T04:42:27.167779Z,KXBTC15M-26OCT050045-45,0.0090,103.33,yes
2026-10-05T04:42:27.184928Z,KXBTC15M-26OCT050045-45,0.0090,311.71,yes
2026-10-05T04:42:27.294582Z,KXBTC15M-26OCT050045-45,0.0080,15.00,no
2026-10-05T04:42:27.294582Z,KXBTC15M-26OCT050045-45,0.0080,15.00,no
2026-10-05T04:42:27.294582Z,KXBTC15M-26OCT050045-45,0.0080,0.01,no
2026-10-05T04:42:27.294582Z,KXBTC15M-26OCT050045-45,0.0080,15.00,no
2026-10-05T04:42:27.294582Z,KXBTC15M-26OCT050045-45,0.0080,1088.41,no
2026-10-05T04:42:27.294582Z,KXBTC15M-26OCT050045-45,0.0080,0.01,no
2026-10-05T04:42:27.295781Z,KXBTC15M-26OCT050045-45,0.0090,10.20,yes
2026-10-05T04:42:27.311395Z,KXBTC15M-26OCT050045-45,0.0090,103.33,yes
2026-10-05T04:42:27.403166Z,KXBTC15M-26OCT050045-45,0.0090,101.83,yes
2026-10-05T04:42:27.5038Z,KXBTC15M-26OCT050045-45,0.0080,99.00,no
2026-10-05T04:42:27.5038Z,KXBTC15M-26OCT050045-45,0.0080,1.00,no
2026-10-05T04:42:27.5038Z,KXBTC15M-26OCT050045-45,0.0080,4.00,no
2026-10-05T04:42:27.5038Z,KXBTC15M-26OCT050045-45,0.0080,400.00,no
2026-10-05T04:42:27.529819Z,KXBTC15M-26OCT050045-45,0.0090,54.00,yes
2026-10-05T04:42:27.542896Z,KXBTC15M-26OCT050045-45,0.0090,1000.00,yes
2026-10-05T04:42:27.543421Z,KXBTC15M-26OCT050045-45,0.0090,40.79,yes
2026-10-05T04:42:27.556757Z,KXBTC15M-26OCT050045-45,0.0090,509.12,yes
2026-10-05T04:42:27.633884Z,KXBTC15M-26OCT050045-45,0.0090,101.83,yes
2026-10-05T04:42:27.689928Z,KXBTC15M-26OCT050045-45,0.0090,4.07,yes
2026-10-05T04:42:27.777091Z,KXBTC15M-26OCT050045-45,0.0090,101.83,yes
2026-10-05T04:42:27.793774Z,KXBTC15M-26OCT050045-45,0.0090,1.00,yes
2026-10-05T04:42:27.793774Z,KXBTC15M-26OCT050045-45,0.0090,0.01,yes
2026-10-05T04:42:27.793774Z,KXBTC15M-26OCT050045-45,0.0090,25.86,yes
2026-10-05T04:42:27.793774Z,KXBTC15M-26OCT050045-45,0.0090,2.68,yes
2026-10-05T04:42:27.870103Z,KXBTC15M-26OCT050045-45,0.0090,11.54,yes
2026-10-05T04:42:27.870103Z,KXBTC15M-26OCT050045-45,0.0090,0.01,yes
2026-10-05T04:42:27.870103Z,KXBTC15M-26OCT050045-45,0.0090,0.01,yes
2026-10-05T04:42:27.870103Z,KXBTC15M-26OCT050045-45,0.0090,12.32,yes
2026-10-05T04:42:27.870103Z,KXBTC15M-26OCT050045-45,0.0090,15.00,yes
2026-10-05T04:42:27.998117Z,KXBTC15M-26OCT050045-45,0.0090,44.64,yes
2026-10-05T04:42:28.113514Z,KXBTC15M-26OCT050045-45,0.0080,147.03,no
2026-10-05T04:42:28.113514Z,KXBTC15M-26OCT050045-45,0.0080,0.01,no
2026-10-05T04:42:28.113514Z,KXBTC15M-26OCT050045-45,0.0080,0.01,no
2026-10-05T04:42:28.154694Z,KXBTC15M-26OCT050045-45,0.0090,6.62,yes
2026-10-05T04:42:28.199309Z,KXBTC15M-26OCT050045-45,0.0090,33.06,yes
2026-10-05T04:42:28.262986Z,KXBTC15M-26OCT050045-45,0.0080,82.00,no
2026-10-05T04:42:28.262986Z,KXBTC15M-26OCT050045-45,0.0070,15.00,no
2026-10-05T04:42:28.262986Z,KXBTC15M-26OCT050045-45,0.0070,15.00,no
2026-10-05T04:42:28.262986Z,KXBTC15M-26OCT050045-45,0.0070,994.61,no
2026-10-05T04:42:28.262986Z,KXBTC15M-26OCT050045-45,0.0080,15.00,no
2026-10-05T04:42:28.262986Z,KXBTC15M-26OCT050045-45,0.0080,15.00,no
2026-10-05T04:42:28.262986Z,KXBTC15M-26OCT050045-45,0.0080,1.00,no
2026-10-05T04:42:28.262986Z,KXBTC15M-26OCT050045-45,0.0080,500.00,no
2026-10-05T04:42:28.262986Z,KXBTC15M-26OCT050045-45,0.0080,500.00,no
2026-10-05T04:42:28.262986Z,KXBTC15M-26OCT050045-45,0.0080,0.01,no
2026-10-05T04:42:28.262986Z,KXBTC15M-26OCT050045-45,0.0080,0.01,no
2026-10-05T04:42:28.281029Z,KXBTC15M-26OCT050045-45,0.0090,51.14,yes
2026-10-05T04:42:28.281029Z,KXBTC15M-26OCT050045-45,0.0090,15.00,yes
2026-10-05T04:42:28.281029Z,KXBTC15M-26OCT050045-45,0.0090,1.00,yes
2026-10-05T04:42:28.281029Z,KXBTC15M-26OCT050045-45,0.0090,0.25,yes
2026-10-05T04:42:28.281029Z,KXBTC15M-26OCT050045-45,0.0090,34.44,yes
2026-10-05T04:42:28.381323Z,KXBTC15M-26OCT050045-45,0.0090,11.86,yes
2026-10-05T04:42:28.488836Z,KXBTC15M-26OCT050045-45,0.0090,12.13,yes
2026-10-05T04:42:28.526487Z,KXBTC15M-26OCT050045-45,0.0070,1.00,no
2026-10-05T04:42:28.526487Z,KXBTC15M-26OCT050045-45,0.0080,0.01,no
2026-10-05T04:42:28.526487Z,KXBTC15M-26OCT050045-45,0.0080,0.01,no
2026-10-05T04:42:28.526487Z,KXBTC15M-26OCT050045-45,0.0070,24.76,no
2026-10-05T04:42:28.526487Z,KXBTC15M-26OCT050045-45,0.0070,10.00,no
2026-10-05T04:42:28.541816Z,KXBTC15M-26OCT050045-45,0.0090,50.76,yes
2026-10-05T04:42:28.543315Z,KXBTC15M-26OCT050045-45,0.0090,25.81,yes
2026-10-05T04:42:28.543315Z,KXBTC15M-26OCT050045-45,0.0080,0.01,yes
2026-10-05T04:42:28.543315Z,KXBTC15M-26OCT050045-45,0.0090,76.00,yes
2026-10-05T04:42:28.543315Z,KXBTC15M-26OCT050045-45,0.0080,0.01,yes
2026-10-05T04:42:28.550978Z,KXBTC15M-26OCT050045-45,0.0080,0.01,no
2026-10-05T04:42:28.63959Z,KXBTC15M-26OCT050045-45,0.0090,1.00,yes
2026-10-05T04:42:28.63959Z,KXBTC15M-26OCT050045-45,0.0080,1.00,yes
2026-10-05T04:42:28.63959Z,KXBTC15M-26OCT050045-45,0.0090,0.01,yes
2026-10-05T04:42:28.63959Z,KXBTC15M-26OCT050045-45,0.0090,59.89,yes
2026-10-05T04:42:28.63959Z,KXBTC15M-26OCT050045-45,0.0090,42.00,yes
2026-10-05T04:42:28.63959Z,KXBTC15M-26OCT050045-45,0.0090,0.01,yes
2026-10-05T04:42:28.677455Z,KXBTC15M-26OCT050045-45,0.0080,100.75,no
2026-10-05T04:42:28.68539Z,KXBTC15M-26OCT050045-45,0.0100,47.51,yes
2026-10-05T04:42:28.68539Z,KXBTC15M-26OCT050045-45,0.0090,0.01,yes
2026-10-05T04:42:28.68539Z,KXBTC15M-26OCT050045-45,0.0090,0.01,yes
2026-10-05T04:42:28.68539Z,KXBTC15M-26OCT050045-45,0.0090,0.25,yes
2026-10-05T04:42:28.68539Z,KXBTC15M-26OCT050045-45,0.0090,1.00,yes
2026-10-05T04:42:28.68539Z,KXBTC15M-26OCT050045-45,0.0090,1.00,yes
2026-10-05T04:42:29.06608Z,KXBTC15M-26OCT050045-45,0.0080,0.01,no
2026-10-05T04:42:29.06608Z,KXBTC15M-26OCT050045-45,0.0080,0.98,no
2026-10-05T04:42:29.06608Z,KXBTC15M-26OCT050045-45,0.0080,0.01,no
2026-10-05T04:42:29.073232Z,KXBTC15M-26OCT050045-45,0.0080,0.01,no
2026-10-05T04:42:29.073232Z,KXBTC15M-26OCT050045-45,0.0080,0.01,no
2026-10-05T04:42:29.073232Z,KXBTC15M-26OCT050045-45,0.0080,16.02,no
2026-10-05T04:42:29.073232Z,KXBTC15M-26OCT050045-45,0.0070,35.94,no
2026-10-05T04:42:29.075112Z,KXBTC15M-26OCT050045-45,0.0090,48.47,yes
2026-10-05T04:42:29.075112Z,KXBTC15M-26OCT050045-45,0.0090,257.00,yes
2026-10-05T04:42:29.080687Z,KXBTC15M-26OCT050045-45,0.0080,0.01,no
2026-10-05T04:42:29.352172Z,KXBTC15M-26OCT050045-45,0.0080,0.01,yes
2026-10-05T04:42:29.352172Z,KXBTC15M-26OCT050045-45,0.0090,448.00,yes
2026-10-05T04:42:29.352172Z,KXBTC15M-26OCT050045-45,0.0080,1.00,yes
2026-10-05T04:42:29.352172Z,KXBTC15M-26OCT050045-45,0.0080,0.01,yes
2026-10-05T04:42:29.352172Z,KXBTC15M-26OCT050045-45,0.0090,200.00,yes
2026-10-05T04:42:29.352172Z,KXBTC15M-26OCT050045-45,0.0090,1.00,yes
2026-10-05T04:42:29.352172Z,KXBTC15M-26OCT050045-45,0.0100,116.51,yes
2026-10-05T04:42:29.352172Z,KXBTC15M-26OCT050045-45,0.0090,2744.16,yes
2026-10-05T04:42:29.352172Z,KXBTC15M-26OCT050045-45,0.0090,559.00,yes
2026-10-05T04:42:29.352172Z,KXBTC15M-26OCT050045-45,0.0100,0.30,yes
2026-10-05T04:42:29.352172Z,KXBTC15M-26OCT050045-45,0.0100,2.49,yes
2026-10-05T04:42:29.352172Z,KXBTC15M-26OCT050045-45,0.0100,1.00,yes
2026-10-05T04:42:29.352172Z,KXBTC15M-26OCT050045-45,0.0100,15.00,yes
2026-10-05T04:42:29.352172Z,KXBTC15M-26OCT050045-45,0.0090,266.00,yes
2026-10-05T04:42:29.352172Z,KXBTC15M-26OCT050045-45,0.0090,1.00,yes
2026-10-05T04:42:29.3602Z,KXBTC15M-26OCT050045-45,0.0080,10.68,no
2026-10-05T04:42:29.525607Z,KXBTC15M-26OCT050045-45,0.0090,0.01,yes
2026-10-05T04:42:29.525607Z,KXBTC15M-26OCT050045-45,0.0090,0.01,yes
2026-10-05T04:42:29.706036Z,KXBTC15M-26OCT050045-45,0.0080,139.32,no
2026-10-05T04:42:29.706036Z,KXBTC15M-26OCT050045-45,0.0080,7.63,no
2026-10-05T04:42:29.889127Z,KXBTC15M-26OCT050045-45,0.0090,1.00,yes
2026-10-05T04:42:29.889127Z,KXBTC15M-26OCT050045-45,0.0090,0.01,yes
2026-10-05T04:42:29.905767Z,KXBTC15M-26OCT050045-45,0.0090,80.60,no
2026-10-05T04:42:29.916297Z,KXBTC15M-26OCT050045-45,0.0080,41.94,no
2026-10-05T04:42:29.916297Z,KXBTC15M-26OCT050045-45,0.0080,0.01,no
2026-10-05T04:42:29.916297Z,KXBTC15M-26OCT050045-45,0.0090,0.01,no
2026-10-05T04:42:29.916297Z,KXBTC15M-26OCT050045-45,0.0080,25.39,no
2026-10-05T04:42:29.916297Z,KXBTC15M-26OCT050045-45,0.0090,0.01,no
2026-10-05T04:42:29.916297Z,KXBTC15M-26OCT050045-45,0.0090,69.40,no
2026-10-05T04:42:29.916297Z,KXBTC15M-26OCT050045-45,0.0080,0.01,no
2026-10-05T04:42:29.916297Z,KXBTC15M-26OCT050045-45,0.0080,15.00,no
2026-10-05T04:42:29.916297Z,KXBTC15M-26OCT050045-45,0.0080,1.00,no
2026-10-05T04:42:30.058415Z,KXBTC15M-26OCT050045-45,0.0100,26.43,yes
2026-10-05T04:42:30.137251Z,KXBTC15M-26OCT050045-45,0.0100,433.74,yes
2026-10-05T04:42:30.137251Z,KXBTC15M-26OCT050045-45,0.0100,23.57,yes
2026-10-05T04:42:30.137251Z,KXBTC15M-26OCT050045-45,0.0100,1.00,yes
2026-10-05T04:42:30.202982Z,KXBTC15M-26OCT050045-45,0.0100,3.31,yes
2026-10-05T04:42:30.202982Z,KXBTC15M-26OCT050045-45,0.0100,63.26,yes
2026-10-05T04:42:30.202982Z,KXBTC15M-26OCT050045-45,0.0100,0.01,yes
2026-10-05T04:42:30.202982Z,KXBTC15M-26OCT050045-45,0.0100,1.00,yes
2026-10-05T04:42:30.202982Z,KXBTC15M-26OCT050045-45,0.0100,400.00,yes
2026-10-05T04:42:30.202982Z,KXBTC15M-26OCT050045-45,0.0100,0.01,yes
2026-10-05T04:42:30.570467Z,KXBTC15M-26OCT050045-45,0.0090,200.00,no
2026-10-05T04:42:30.570467Z,KXBTC15M-26OCT050045-45,0.0090,750.00,no
2026-10-05T04:42:30.570467Z,KXBTC15M-26OCT050045-45,0.0090,0.01,no
2026-10-05T04:42:30.570467Z,KXBTC15M-26OCT050045-45,0.0090,500.00,no
2026-10-05T04:42:30.570467Z,KXBTC15M-26OCT050045-45,0.0090,0.01,no
2026-10-05T04:42:30.570467Z,KXBTC15M-26OCT050045-45,0.0090,1.00,no
2026-10-05T04:42:30.570467Z,KXBTC15M-26OCT050045-45,0.0080,565.33,no
2026-10-05T04:42:30.61412Z,KXBTC15M-26OCT050045-45,0.0100,88.69,yes
2026-10-05T04:42:30.61412Z,KXBTC15M-26OCT050045-45,0.0100,0.01,yes
2026-10-05T04:42:30.61412Z,KXBTC15M-26OCT050045-45,0.0100,0.01,yes
2026-10-05T04:42:30.61412Z,KXBTC15M-26OCT050045-45,0.0100,1.00,yes
2026-10-05T04:42:30.61412Z,KXBTC15M-26OCT050045-45,0.0100,126.88,yes
2026-10-05T04:42:30.61412Z,KXBTC15M-26OCT050045-45,0.0100,1.00,yes
2026-10-05T04:42:30.61412Z,KXBTC15M-26OCT050045-45,0.0100,50.00,yes
2026-10-05T04:42:30.61412Z,KXBTC15M-26OCT050045-45,0.0100,200.00,yes
2026-10-05T04:42:30.637438Z,KXBTC15M-26OCT050045-45,0.0090,187.03,yes
2026-10-05T04:42:30.639875Z,KXBTC15M-26OCT050045-45,0.0090,0.02,yes
2026-10-05T04:42:30.640688Z,KXBTC15M-26OCT050045-45,0.0090,253.95,yes
2026-10-05T04:42:30.640688Z,KXBTC15M-26OCT050045-45,0.0100,0.01,yes
2026-10-05T04:42:30.640688Z,KXBTC15M-26OCT050045-45,0.0100,50.00,yes
2026-10-05T04:42:30.640688Z,KXBTC15M-26OCT050045-45,0.0100,261.92,yes
2026-10-05T04:42:30.640688Z,KXBTC15M-26OCT050045-45,0.0100,400.00,yes
2026-10-05T04:42:30.640688Z,KXBTC15M-26OCT050045-45,0.0100,34.12,yes
2026-10-05T04:42:30.65263Z,KXBTC15M-26OCT050045-45,0.0100,0.01,yes
2026-10-05T04:42:30.65263Z,KXBTC15M-26OCT050045-45,0.0100,50.00,yes
2026-10-05T04:42:30.65263Z,KXBTC15M-26OCT050045-45,0.0100,102.08,yes
2026-10-05T04:42:30.691208Z,KXBTC15M-26OCT050045-45,0.0110,3.28,yes
2026-10-05T04:42:30.691208Z,KXBTC15M-26OCT050045-45,0.0110,0.30,yes
2026-10-05T04:42:30.714353Z,KXBTC15M-26OCT050045-45,0.0110,64.19,yes
2026-10-05T04:42:30.803292Z,KXBTC15M-26OCT050045-45,0.0110,9.85,yes
2026-10-05T04:42:30.958942Z,KXBTC15M-26OCT050045-45,0.0100,2.00,no
2026-10-05T04:42:30.9782Z,KXBTC15M-26OCT050045-45,0.0100,10.07,no
2026-10-05T04:42:31.250424Z,KXBTC15M-26OCT050045-45,0.0100,0.01,no
2026-10-05T04:42:31.250424Z,KXBTC15M-26OCT050045-45,0.0100,37.93,no
2026-10-05T04:42:31.250424Z,KXBTC15M-26OCT050045-45,0.0100,0.01,no
2026-10-05T04:42:31.250424Z,KXBTC15M-26OCT050045-45,0.0100,456.13,no
2026-10-05T04:42:31.273367Z,KXBTC15M-26OCT050045-45,0.0110,1.00,yes
2026-10-05T04:42:31.273367Z,KXBTC15M-26OCT050045-45,0.0110,11.51,yes
2026-10-05T04:42:31.273367Z,KXBTC15M-26OCT050045-45,0.0110,16.00,yes
2026-10-05T04:42:31.273367Z,KXBTC15M-26OCT050045-45,0.0110,1.00,yes
2026-10-05T04:42:31.273367Z,KXBTC15M-26OCT050045-45,0.0110,15.00,yes
2026-10-05T04:42:31.273367Z,KXBTC15M-26OCT050045-45,0.0110,19.68,yes
2026-10-05T04:42:31.476659Z,KXBTC15M-26OCT050045-45,0.0110,11.15,yes
2026-10-05T04:42:31.519337Z,KXBTC15M-26OCT050045-45,0.0060,20.00,no
2026-10-05T04:42:31.519337Z,KXBTC15M-26OCT050045-45,0.0070,964.00,no
2026-10-05T04:42:31.519337Z,KXBTC15M-26OCT050045-45,0.0100,0.01,no
2026-10-05T04:42:31.519337Z,KXBTC15M-26OCT050045-45,0.0090,1.00,no
2026-10-05T04:42:31.519337Z,KXBTC15M-26OCT050045-45,0.0090,990.00,no
2026-10-05T04:42:31.519337Z,KXBTC15M-26OCT050045-45,0.0100,0.01,no
2026-10-05T04:42:31.519337Z,KXBTC15M-26OCT050045-45,0.0090,15.00,no
2026-10-05T04:42:31.519337Z,KXBTC15M-26OCT050045-45,0.0100,50.00,no
2026-10-05T04:42:31.519337Z,KXBTC15M-26OCT050045-45,0.0060,2.00,no
2026-10-05T04:42:31.519337Z,KXBTC15M-26OCT050045-45,0.0060,15.00,no
2026-10-05T04:42:31.519337Z,KXBTC15M-26OCT050045-45,0.0060,15.00,no
2026-10-05T04:42:31.519337Z,KXBTC15M-26OCT050045-45,0.0060,10.00,no
2026-10-05T04:42:31.519337Z,KXBTC15M-26OCT050045-45,0.0060,15.00,no
2026-10-05T04:42:31.519337Z,KXBTC15M-26OCT050045-45,0.0070,214.06,no
2026-10-05T04:42:31.519337Z,KXBTC15M-26OCT050045-45,0.0070,15.00,no
2026-10-05T04:42:31.519337Z,KXBTC15M-26OCT050045-45,0.0070,81.00,no
2026-10-05T04:42:31.519337Z,KXBTC15M-26OCT050045-45,0.0100,10.00,no
2026-10-05T04:42:31.519337Z,KXBTC15M-26OCT050045-45,0.0050,35.00,no
2026-10-05T04:42:31.519337Z,KXBTC15M-26OCT050045-45,0.0050,35.00,no
2026-10-05T04:42:31.519337Z,KXBTC15M-26OCT050045-45,0.0050,100.00,no
2026-10-05T04:42:31.519337Z,KXBTC15M-26OCT050045-45,0.0050,50.00,no
2026-10-05T04:42:31.519337Z,KXBTC15M-26OCT050045-45,0.0050,50.00,no
2026-10-05T04:42:31.519337Z,KXBTC15M-26OCT050045-45,0.0050,90.00,no
2026-10-05T04:42:31.519337Z,KXBTC15M-26OCT050045-45,0.0050,90.00,no
2026-10-05T04:42:31.519337Z,KXBTC15M-26OCT050045-45,0.0050,100.00,no
2026-10-05T04:42:31.519337Z,KXBTC15M-26OCT050045-45,0.0050,90.00,no
2026-10-05T04:42:31.519337Z,KXBTC15M-26OCT050045-45,0.0050,50.00,no
2026-10-05T04:42:31.519337Z,KXBTC15M-26OCT050045-45,0.0050,50.20,no
2026-10-05T04:42:31.519337Z,KXBTC15M-26OCT050045-45,0.0050,50.00,no
2026-10-05T04:42:31.519337Z,KXBTC15M-26OCT050045-45,0.0050,90.00,no
2026-10-05T04:42:31.519337Z,KXBTC15M-26OCT050045-45,0.0050,90.00,no
2026-10-05T04:42:31.519337Z,KXBTC15M-26OCT050045-45,0.0050,90.00,no
2026-10-05T04:42:31.519337Z,KXBTC15M-26OCT050045-45,0.0050,38.56,no
2026-10-05T04:42:31.519337Z,KXBTC15M-26OCT050045-45,0.0050,50.00,no
2026-10-05T04:42:31.519337Z,KXBTC15M-26OCT050045-45,0.0050,90.00,no
2026-10-05T04:42:31.519337Z,KXBTC15M-26OCT050045-45,0.0050,50.00,no
2026-10-05T04:42:31.519337Z,KXBTC15M-26OCT050045-45,0.0050,35.00,no
2026-10-05T04:42:31.519337Z,KXBTC15M-26OCT050045-45,0.0050,5.00,no
2026-10-05T04:42:31.519337Z,KXBTC15M-26OCT050045-45,0.0050,50.00,no
2026-10-05T04:42:31.519337Z,KXBTC15M-26OCT050045-45,0.0050,90.00,no
2026-10-05T04:42:31.519337Z,KXBTC15M-26OCT050045-45,0.0050,180.00,no
2026-10-05T04:42:31.519337Z,KXBTC15M-26OCT050045-45,0.0050,100.00,no
2026-10-05T04:42:31.519337Z,KXBTC15M-26OCT050045-45,0.0050,100.00,no
2026-10-05T04:42:31.519337Z,KXBTC15M-26OCT050045-45,0.0050,200.00,no
2026-10-05T04:42:31.519337Z,KXBTC15M-26OCT050045-45,0.0050,50.00,no
2026-10-05T04:42:31.519337Z,KXBTC15M-26OCT050045-45,0.0050,50.00,no
2026-10-05T04:42:31.519337Z,KXBTC15M-26OCT050045-45,0.0050,90.00,no
2026-10-05T04:42:31.519337Z,KXBTC15M-26OCT050045-45,0.0050,35.00,no
2026-10-05T04:42:31.519337Z,KXBTC15M-26OCT050045-45,0.0050,100.00,no
2026-10-05T04:42:31.519337Z,KXBTC15M-26OCT050045-45,0.0050,90.00,no
2026-10-05T04:42:31.519337Z,KXBTC15M-26OCT050045-45,0.0050,50.00,no
2026-10-05T04:42:31.558248Z,KXBTC15M-26OCT050045-45,0.0090,0.01,no
2026-10-05T04:42:31.558248Z,KXBTC15M-26OCT050045-45,0.0090,0.01,no
2026-10-05T04:42:31.558248Z,KXBTC15M-26OCT050045-45,0.0080,14.98,no
2026-10-05T04:42:31.612174Z,KXBTC15M-26OCT050045-45,0.0100,70.00,yes
2026-10-05T04:42:31.612174Z,KXBTC15M-26OCT050045-45,0.0090,15.00,yes
2026-10-05T04:42:31.612174Z,KXBTC15M-26OCT050045-45,0.0090,0.01,yes
2026-10-05T04:42:31.612174Z,KXBTC15M-26OCT050045-45,0.0090,0.01,yes
2026-10-05T04:42:31.617734Z,KXBTC15M-26OCT050045-45,0.0100,11.00,yes
2026-10-05T04:42:31.617734Z,KXBTC15M-26OCT050045-45,0.0100,40.01,yes
2026-10-05T04:42:31.713188Z,KXBTC15M-26OCT050045-45,0.0100,159.99,yes
2026-10-05T04:42:31.713188Z,KXBTC15M-26OCT050045-45,0.0100,16.00,yes
2026-10-05T04:42:31.713188Z,KXBTC15M-26OCT050045-45,0.0090,0.01,yes
2026-10-05T04:42:31.713188Z,KXBTC15M-26OCT050045-45,0.0100,50.00,yes
2026-10-05T04:42:31.713188Z,KXBTC15M-26OCT050045-45,0.0090,15.00,yes
2026-10-05T04:42:31.713188Z,KXBTC15M-26OCT050045-45,0.0090,15.00,yes
2026-10-05T04:42:31.713188Z,KXBTC15M-26OCT050045-45,0.0100,142.97,yes
2026-10-05T04:42:31.713188Z,KXBTC15M-26OCT050045-45,0.0100,0.01,yes
2026-10-05T04:42:31.713188Z,KXBTC15M-26OCT050045-45,0.0100,0.01,yes
2026-10-05T04:42:31.713188Z,KXBTC15M-26OCT050045-45,0.0100,1.00,yes
2026-10-05T04:42:31.713188Z,KXBTC15M-26OCT050045-45,0.0090,0.01,yes
2026-10-05T04:42:31.771339Z,KXBTC15M-26OCT050045-45,0.0100,50.00,yes
2026-10-05T04:42:31.771339Z,KXBTC15M-26OCT050045-45,0.0100,200.00,yes
2026-10-05T04:42:31.771339Z,KXBTC15M-26OCT050045-45,0.0100,1.00,yes
2026-10-05T04:42:31.771339Z,KXBTC15M-26OCT050045-45,0.0100,500.00,yes
2026-10-05T04:42:31.771339Z,KXBTC15M-26OCT050045-45,0.0100,82.98,yes
2026-10-05T04:42:31.771339Z,KXBTC15M-26OCT050045-45,0.0100,16.00,yes
2026-10-05T04:42:31.771339Z,KXBTC15M-26OCT050045-45,0.0100,0.25,yes
2026-10-05T04:42:31.82153Z,KXBTC15M-26OCT050045-45,0.0080,313.09,no
2026-10-05T04:42:31.82153Z,KXBTC15M-26OCT050045-45,0.0080,0.01,no
2026-10-05T04:42:31.82153Z,KXBTC15M-26OCT050045-45,0.0090,0.01,no
2026-10-05T04:42:31.82153Z,KXBTC15M-26OCT050045-45,0.0090,0.01,no
2026-10-05T04:42:31.82153Z,KXBTC15M-26OCT050045-45,0.0080,1.00,no
2026-10-05T04:42:31.82504Z,KXBTC15M-26OCT050045-45,0.0100,0.33,yes
2026-10-05T04:42:31.946214Z,KXBTC15M-26OCT050045-45,0.0080,11.80,no
2026-10-05T04:42:31.95523Z,KXBTC15M-26OCT050045-45,0.0080,1.80,no
2026-10-05T04:42:31.95523Z,KXBTC15M-26OCT050045-45,0.0080,3.20,no
2026-10-05T04:42:31.981446Z,KXBTC15M-26OCT050045-45,0.0090,0.01,yes
2026-10-05T04:42:31.981446Z,KXBTC15M-26OCT050045-45,0.0090,8.49,yes
2026-10-05T04:42:32.270465Z,KXBTC15M-26OCT050045-45,0.0090,17.00,yes
2026-10-05T04:42:32.270465Z,KXBTC15M-26OCT050045-45,0.0090,6.51,yes
2026-10-05T04:42:32.270465Z,KXBTC15M-26OCT050045-45,0.0090,192.08,yes
2026-10-05T04:42:32.270465Z,KXBTC15M-26OCT050045-45,0.0090,252.00,yes
2026-10-05T04:42:32.337345Z,KXBTC15M-26OCT050045-45,0.0090,158.14,yes
2026-10-05T04:42:32.510407Z,KXBTC15M-26OCT050045-45,0.0090,164.96,yes
2026-10-05T04:42:32.537998Z,KXBTC15M-26OCT050045-45,0.0090,1.00,yes
2026-10-05T04:42:32.537998Z,KXBTC15M-26OCT050045-45,0.0090,288.67,yes
2026-10-05T04:42:32.537998Z,KXBTC15M-26OCT050045-45,0.0090,1.00,yes
2026-10-05T04:42:32.537998Z,KXBTC15M-26OCT050045-45,0.0090,176.90,yes
2026-10-05T04:42:32.537998Z,KXBTC15M-26OCT050045-45,0.0090,0.01,yes
2026-10-05T04:42:32.537998Z,KXBTC15M-26OCT050045-45,0.0090,0.01,yes
2026-10-05T04:42:32.602522Z,KXBTC15M-26OCT050045-45,0.0080,400.00,no
2026-10-05T04:42:32.602522Z,KXBTC15M-26OCT050045-45,0.0080,4.00,no
2026-10-05T04:42:32.602522Z,KXBTC15M-26OCT050045-45,0.0080,100.00,no
2026-10-05T04:42:32.602522Z,KXBTC15M-26OCT050045-45,0.0080,15.00,no
2026-10-05T04:42:32.602522Z,KXBTC15M-26OCT050045-45,0.0070,21.75,no
2026-10-05T04:42:32.602522Z,KXBTC15M-26OCT050045-45,0.0080,0.01,no
2026-10-05T04:42:32.602522Z,KXBTC15M-26OCT050045-45,0.0080,0.01,no
2026-10-05T04:42:32.602522Z,KXBTC15M-26OCT050045-45,0.0080,1.00,no
2026-10-05T04:42:32.602522Z,KXBTC15M-26OCT050045-45,0.0080,15.00,no
2026-10-05T04:42:32.602522Z,KXBTC15M-26OCT050045-45,0.0070,10.00,no
2026-10-05T04:42:32.602522Z,KXBTC15M-26OCT050045-45,0.0080,13.20,no
2026-10-05T04:42:32.611902Z,KXBTC15M-26OCT050045-45,0.0090,101.83,yes
2026-10-05T04:42:32.732846Z,KXBTC15M-26OCT050045-45,0.0090,101.83,yes
2026-10-05T04:42:32.81492Z,KXBTC15M-26OCT050045-45,0.0080,0.01,no
2026-10-05T04:42:32.81492Z,KXBTC15M-26OCT050045-45,0.0080,100.00,no
2026-10-05T04:42:32.81492Z,KXBTC15M-26OCT050045-45,0.0080,0.01,no
2026-10-05T04:42:32.81492Z,KXBTC15M-26OCT050045-45,0.0080,144.64,no
2026-10-05T04:42:32.882905Z,KXBTC15M-26OCT050045-45,0.0090,99.75,yes
2026-10-05T04:42:32.922391Z,KXBTC15M-26OCT050045-45,0.0090,68.62,yes
2026-10-05T04:42:32.991959Z,KXBTC15M-26OCT050045-45,0.0090,0.01,yes
2026-10-05T04:42:32.991959Z,KXBTC15M-26OCT050045-45,0.0090,15.00,yes
2026-10-05T04:42:32.991959Z,KXBTC15M-26OCT050045-45,0.0090,180.81,yes
2026-10-05T04:42:32.991959Z,KXBTC15M-26OCT050045-45,0.0100,239.17,yes
2026-10-05T04:42:32.991959Z,KXBTC15M-26OCT050045-45,0.0100,1.00,yes
2026-10-05T04:42:32.991959Z,KXBTC15M-26OCT050045-45,0.0090,1.00,yes
2026-10-05T04:42:32.991959Z,KXBTC15M-26OCT050045-45,0.0090,0.01,yes
2026-10-05T04:42:32.991959Z,KXBTC15M-26OCT050045-45,0.0100,50.00,yes
2026-10-05T04:42:33.030677Z,KXBTC15M-26OCT050045-45,0.0090,0.01,no
2026-10-05T04:42:33.030677Z,KXBTC15M-26OCT050045-45,0.0080,0.96,no
2026-10-05T04:42:33.030677Z,KXBTC15M-26OCT050045-45,0.0090,0.01,no
2026-10-05T04:42:33.030677Z,KXBTC15M-26OCT050045-45,0.0080,0.01,no
2026-10-05T04:42:33.030677Z,KXBTC15M-26OCT050045-45,0.0080,0.01,no
2026-10-05T04:42:33.129441Z,KXBTC15M-26OCT050045-45,0.0090,15.00,yes
2026-10-05T04:42:33.129441Z,KXBTC15M-26OCT050045-45,0.0090,0.01,yes
2026-10-05T04:42:33.129441Z,KXBTC15M-26OCT050045-45,0.0090,0.01,yes
2026-10-05T04:42:33.129441Z,KXBTC15M-26OCT050045-45,0.0090,15.00,yes
2026-10-05T04:42:33.129441Z,KXBTC15M-26OCT050045-45,0.0090,1.00,yes
2026-10-05T04:42:33.129441Z,KXBTC15M-26OCT050045-45,0.0100,182.75,yes
2026-10-05T04:42:33.251436Z,KXBTC15M-26OCT050045-45,0.0090,1.90,yes
2026-10-05T04:42:33.336533Z,KXBTC15M-26OCT050045-45,0.0090,9.85,yes
2026-10-05T04:42:33.417505Z,KXBTC15M-26OCT050045-45,0.0090,0.01,yes
2026-10-05T04:42:33.417505Z,KXBTC15M-26OCT050045-45,0.0090,1.00,yes
2026-10-05T04:42:33.417505Z,KXBTC15M-26OCT050045-45,0.0090,3.25,yes
2026-10-05T04:42:33.417505Z,KXBTC15M-26OCT050045-45,0.0090,89.24,yes
2026-10-05T04:42:33.417505Z,KXBTC15M-26OCT050045-45,0.0090,0.01,yes
2026-10-05T04:42:33.459647Z,KXBTC15M-26OCT050045-45,0.0080,14.04,no
2026-10-05T04:42:33.459647Z,KXBTC15M-26OCT050045-45,0.0080,0.01,no
2026-10-05T04:42:33.459647Z,KXBTC15M-26OCT050045-45,0.0080,15.00,no
2026-10-05T04:42:33.459647Z,KXBTC15M-26OCT050045-45,0.0080,0.01,no
2026-10-05T04:42:33.459647Z,KXBTC15M-26OCT050045-45,0.0080,11.24,no
2026-10-05T04:42:33.762051Z,KXBTC15M-26OCT050045-45,0.0090,0.01,yes
2026-10-05T04:42:33.762051Z,KXBTC15M-26OCT050045-45,0.0090,45.87,yes
2026-10-05T04:42:33.762051Z,KXBTC15M-26OCT050045-45,0.0090,126.00,yes
2026-10-05T04:42:33.762051Z,KXBTC15M-26OCT050045-45,0.0090,0.01,yes
2026-10-05T04:42:33.762051Z,KXBTC15M-26OCT050045-45,0.0090,295.76,yes
2026-10-05T04:42:33.762051Z,KXBTC15M-26OCT050045-45,0.0090,1.00,yes
2026-10-05T04:42:33.896373Z,KXBTC15M-26OCT050045-45,0.0090,84.51,yes
2026-10-05T04:42:33.916465Z,KXBTC15M-26OCT050045-45,0.0090,0.01,yes
2026-10-05T04:42:33.916465Z,KXBTC15M-26OCT050045-45,0.0100,1.00,yes
2026-10-05T04:42:33.916465Z,KXBTC15M-26OCT050045-45,0.0090,15.00,yes
2026-10-05T04:42:33.916465Z,KXBTC15M-26OCT050045-45,0.0090,56.62,yes
2026-10-05T04:42:33.916465Z,KXBTC15M-26OCT050045-45,0.0090,160.00,yes
2026-10-05T04:42:33.916465Z,KXBTC15M-26OCT050045-45,0.0100,223.33,yes
2026-10-05T04:42:33.916465Z,KXBTC15M-26OCT050045-45,0.0090,1.00,yes
2026-10-05T04:42:33.916465Z,KXBTC15M-26OCT050045-45,0.0090,0.01,yes
2026-10-05T04:42:33.916465Z,KXBTC15M-26OCT050045-45,0.0100,292.03,yes
2026-10-05T04:42:33.916465Z,KXBTC15M-26OCT050045-45,0.0100,50.00,yes
2026-10-05T04:42:33.916465Z,KXBTC15M-26OCT050045-45,0.0100,1.00,yes
2026-10-05T04:42:33.916465Z,KXBTC15M-26OCT050045-45,0.0100,200.00,yes
2026-10-05T04:42:34.144811Z,KXBTC15M-26OCT050045-45,0.0080,1.00,no
2026-10-05T04:42:34.144811Z,KXBTC15M-26OCT050045-45,0.0080,284.44,no
2026-10-05T04:42:34.144811Z,KXBTC15M-26OCT050045-45,0.0080,15.00,no
2026-10-05T04:42:34.144811Z,KXBTC15M-26OCT050045-45,0.0080,3.76,no
2026-10-05T04:42:34.144811Z,KXBTC15M-26OCT050045-45,0.0080,15.00,no
2026-10-05T04:42:34.144811Z,KXBTC15M-26OCT050045-45,0.0080,514.00,no
2026-10-05T04:42:34.144811Z,KXBTC15M-26OCT050045-45,0.0090,0.01,no
2026-10-05T04:42:34.144811Z,KXBTC15M-26OCT050045-45,0.0090,0.01,no
2026-10-05T04:42:34.329038Z,KXBTC15M-26OCT050045-45,0.0100,29.39,yes
2026-10-05T04:42:34.377582Z,KXBTC15M-26OCT050045-45,0.0100,88.12,yes
2026-10-05T04:42:34.377582Z,KXBTC15M-26OCT050045-45,0.0100,20.61,yes
2026-10-05T04:42:34.377582Z,KXBTC15M-26OCT050045-45,0.0100,16.00,yes
2026-10-05T04:42:34.600169Z,KXBTC15M-26OCT050045-45,0.0080,4.00,no
2026-10-05T04:42:34.600169Z,KXBTC15M-26OCT050045-45,0.0090,0.01,no
2026-10-05T04:42:34.600169Z,KXBTC15M-26OCT050045-45,0.0090,0.01,no
2026-10-05T04:42:34.600169Z,KXBTC15M-26OCT050045-45,0.0080,5.38,no
2026-10-05T04:42:34.600169Z,KXBTC15M-26OCT050045-45,0.0090,45.00,no
2026-10-05T04:42:34.702957Z,KXBTC15M-26OCT050045-45,0.0090,0.01,yes
2026-10-05T04:42:34.702957Z,KXBTC15M-26OCT050045-45,0.0090,15.00,yes
2026-10-05T04:42:34.702957Z,KXBTC15M-26OCT050045-45,0.0090,14.06,yes
2026-10-05T04:42:34.702957Z,KXBTC15M-26OCT050045-45,0.0090,0.01,yes
2026-10-05T04:42:34.702957Z,KXBTC15M-26OCT050045-45,0.0090,358.00,yes
2026-10-05T04:42:34.831391Z,KXBTC15M-26OCT050045-45,0.0090,1.00,yes
2026-10-05T04:42:34.831391Z,KXBTC15M-26OCT050045-45,0.0090,0.01,yes
2026-10-05T04:42:34.831391Z,KXBTC15M-26OCT050045-45,0.0090,0.01,yes
2026-10-05T04:42:34.831391Z,KXBTC15M-26OCT050045-45,0.0090,0.94,yes
2026-10-05T04:42:34.842462Z,KXBTC15M-26OCT050045-45,0.0090,0.20,no
2026-10-05T04:42:35.199023Z,KXBTC15M-26OCT050045-45,0.0100,91.72,yes
2026-10-05T04:42:35.214126Z,KXBTC15M-26OCT050045-45,0.0050,24.88,no
2026-10-05T04:42:35.214126Z,KXBTC15M-26OCT050045-45,0.0050,90.00,no
2026-10-05T04:42:35.214126Z,KXBTC15M-26OCT050045-45,0.0050,50.00,no
2026-10-05T04:42:35.214126Z,KXBTC15M-26OCT050045-45,0.0050,35.00,no
2026-10-05T04:42:35.214126Z,KXBTC15M-26OCT050045-45,0.0050,90.00,no
2026-10-05T04:42:35.214126Z,KXBTC15M-26OCT050045-45,0.0050,100.00,no
2026-10-05T04:42:35.214126Z,KXBTC15M-26OCT050045-45,0.0050,50.00,no
2026-10-05T04:42:35.214126Z,KXBTC15M-26OCT050045-45,0.0070,10.00,no
2026-10-05T04:42:35.214126Z,KXBTC15M-26OCT050045-45,0.0060,10.00,no
2026-10-05T04:42:35.214126Z,KXBTC15M-26OCT050045-45,0.0060,74.00,no
2026-10-05T04:42:35.214126Z,KXBTC15M-26OCT050045-45,0.0060,20.00,no
2026-10-05T04:42:35.214126Z,KXBTC15M-26OCT050045-45,0.0080,254.00,no
2026-10-05T04:42:35.214126Z,KXBTC15M-26OCT050045-45,0.0080,4.00,no
2026-10-05T04:42:35.214126Z,KXBTC15M-26OCT050045-45,0.0070,1.00,no
2026-10-05T04:42:35.214126Z,KXBTC15M-26OCT050045-45,0.0070,1.00,no
2026-10-05T04:42:35.214126Z,KXBTC15M-26OCT050045-45,0.0080,15.00,no
2026-10-05T04:42:35.214126Z,KXBTC15M-26OCT050045-45,0.0090,0.01,no
2026-10-05T04:42:35.214126Z,KXBTC15M-26OCT050045-45,0.0090,0.01,no
2026-10-05T04:42:35.214126Z,KXBTC15M-26OCT050045-45,0.0070,4.00,no
2026-10-05T04:42:35.214126Z,KXBTC15M-26OCT050045-45,0.0080,15.00,no
2026-10-05T04:42:35.214126Z,KXBTC15M-26OCT050045-45,0.0070,964.00,no
2026-10-05T04:42:35.214126Z,KXBTC15M-26OCT050045-45,0.0050,39.80,no
2026-10-05T04:42:35.214126Z,KXBTC15M-26OCT050045-45,0.0050,100.00,no
2026-10-05T04:42:35.214126Z,KXBTC15M-26OCT050045-45,0.0050,100.00,no
2026-10-05T04:42:35.214126Z,KXBTC15M-26OCT050045-45,0.0050,90.00,no
2026-10-05T04:42:35.214126Z,KXBTC15M-26OCT050045-45,0.0050,50.00,no
2026-10-05T04:42:35.214126Z,KXBTC15M-26OCT050045-45,0.0050,100.00,no
2026-10-05T04:42:35.214126Z,KXBTC15M-26OCT050045-45,0.0050,35.00,no
2026-10-05T04:42:35.214126Z,KXBTC15M-26OCT050045-45,0.0050,50.00,no
2026-10-05T04:42:35.214126Z,KXBTC15M-26OCT050045-45,0.0050,90.00,no
2026-10-05T04:42:35.267345Z,KXBTC15M-26OCT050045-45,0.0100,18.41,yes
2026-10-05T04:42:35.331731Z,KXBTC15M-26OCT050045-45,0.0080,83.76,no
2026-10-05T04:42:35.331731Z,KXBTC15M-26OCT050045-45,0.0090,0.01,no
2026-10-05T04:42:35.331731Z,KXBTC15M-26OCT050045-45,0.0090,0.01,no
2026-10-05T04:42:35.335792Z,KXBTC15M-26OCT050045-45,0.0080,1.00,no
2026-10-05T04:42:35.336446Z,KXBTC15M-26OCT050045-45,0.0080,10.68,no
2026-10-05T04:42:35.356145Z,KXBTC15M-26OCT050045-45,0.0090,13.85,yes
2026-10-05T04:42:35.357484Z,KXBTC15M-26OCT050045-45,0.0090,0.02,yes
2026-10-05T04:42:35.360797Z,KXBTC15M-26OCT050045-45,0.0090,0.02,yes
2026-10-05T04:42:35.487594Z,KXBTC15M-26OCT050045-45,0.0090,0.01,yes
2026-10-05T04:42:35.487594Z,KXBTC15M-26OCT050045-45,0.0090,15.00,yes
2026-10-05T04:42:35.487594Z,KXBTC15M-26OCT050045-45,0.0090,1.11,yes
2026-10-05T04:42:35.487594Z,KXBTC15M-26OCT050045-45,0.0090,26.89,yes
2026-10-05T04:42:35.577562Z,KXBTC15M-26OCT050045-45,0.0090,46.75,yes
2026-10-05T04:42:35.669134Z,KXBTC15M-26OCT050045-45,0.0080,283.80,no
2026-10-05T04:42:35.669134Z,KXBTC15M-26OCT050045-45,0.0080,100.00,no
2026-10-05T04:42:35.669134Z,KXBTC15M-26OCT050045-45,0.0080,109.84,no
2026-10-05T04:42:35.669134Z,KXBTC15M-26OCT050045-45,0.0080,0.01,no
2026-10-05T04:42:35.669134Z,KXBTC15M-26OCT050045-45,0.0080,400.00,no
2026-10-05T04:42:35.669134Z,KXBTC15M-26OCT050045-45,0.0080,1.00,no
2026-10-05T04:42:35.669134Z,KXBTC15M-26OCT050045-45,0.0080,0.01,no
2026-10-05T04:42:35.693075Z,KXBTC15M-26OCT050045-45,0.0080,15.00,no
2026-10-05T04:42:35.693075Z,KXBTC15M-26OCT050045-45,0.0080,43.51,no
2026-10-05T04:42:35.693075Z,KXBTC15M-26OCT050045-45,0.0080,36.33,no
2026-10-05T04:42:35.693075Z,KXBTC15M-26OCT050045-45,0.0080,390.16,no
2026-10-05T04:42:35.693075Z,KXBTC15M-26OCT050045-45,0.0080,15.00,no
2026-10-05T04:42:35.693075Z,KXBTC15M-26OCT050045-45,0.0080,500.00,no
2026-10-05T04:42:35.713288Z,KXBTC15M-26OCT050045-45,0.0090,0.67,yes
2026-10-05T04:42:35.721043Z,KXBTC15M-26OCT050045-45,0.0090,41.30,yes
2026-10-05T04:42:35.721043Z,KXBTC15M-26OCT050045-45,0.0090,392.00,yes
2026-10-05T04:42:35.721043Z,KXBTC15M-26OCT050045-45,0.0090,1.00,yes
2026-10-05T04:42:35.721043Z,KXBTC15M-26OCT050045-45,0.0090,0.01,yes
2026-10-05T04:42:35.721043Z,KXBTC15M-26OCT050045-45,0.0090,1.00,yes
2026-10-05T04:42:35.721043Z,KXBTC15M-26OCT050045-45,0.0090,64.69,yes
2026-10-05T04:42:35.759863Z,KXBTC15M-26OCT050045-45,0.0100,50.00,yes
2026-10-05T04:42:35.759863Z,KXBTC15M-26OCT050045-45,0.0100,62.94,yes
2026-10-05T04:42:35.759863Z,KXBTC15M-26OCT050045-45,0.0100,0.27,yes
2026-10-05T04:42:35.759863Z,KXBTC15M-26OCT050045-45,0.0090,34.70,yes
2026-10-05T04:42:35.759863Z,KXBTC15M-26OCT050045-45,0.0090,0.01,yes
2026-10-05T04:42:35.759863Z,KXBTC15M-26OCT050045-45,0.0090,0.01,yes
2026-10-05T04:42:35.759863Z,KXBTC15M-26OCT050045-45,0.0090,15.00,yes
2026-10-05T04:42:35.9233Z,KXBTC15M-26OCT050045-45,0.0090,0.10,no
2026-10-05T04:42:36.126208Z,KXBTC15M-26OCT050045-45,0.0090,9.50,no
2026-10-05T04:42:36.196207Z,KXBTC15M-26OCT050045-45,0.0110,15.00,yes
2026-10-05T04:42:36.196207Z,KXBTC15M-26OCT050045-45,0.0110,0.25,yes
2026-10-05T04:42:36.196207Z,KXBTC15M-26OCT050045-45,0.0100,37.06,yes
2026-10-05T04:42:36.196207Z,KXBTC15M-26OCT050045-45,0.0110,49.33,yes
2026-10-05T04:42:36.196207Z,KXBTC15M-26OCT050045-45,0.0100,50.00,yes
2026-10-05T04:42:36.196207Z,KXBTC15M-26OCT050045-45,0.0100,15.00,yes
2026-10-05T04:42:36.196207Z,KXBTC15M-26OCT050045-45,0.0100,0.01,yes
2026-10-05T04:42:36.196207Z,KXBTC15M-26OCT050045-45,0.0100,0.01,yes
2026-10-05T04:42:36.196207Z,KXBTC15M-26OCT050045-45,0.0100,16.00,yes
2026-10-05T04:42:36.30722Z,KXBTC15M-26OCT050045-45,0.0110,4.07,yes
2026-10-05T04:42:36.343931Z,KXBTC15M-26OCT050045-45,0.0100,344.20,no
2026-10-05T04:42:36.343931Z,KXBTC15M-26OCT050045-45,0.0100,0.01,no
2026-10-05T04:42:36.343931Z,KXBTC15M-26OCT050045-45,0.0100,0.01,no
2026-10-05T04:42:36.343931Z,KXBTC15M-26OCT050045-45,0.0100,100.00,no
2026-10-05T04:42:36.343931Z,KXBTC15M-26OCT050045-45,0.0100,50.00,no
2026-10-05T04:42:36.343931Z,KXBTC15M-26OCT050045-45,0.0100,10.00,no
2026-10-05T04:42:36.348516Z,KXBTC15M-26OCT050045-45,0.0100,55.80,no
2026-10-05T04:42:36.348516Z,KXBTC15M-26OCT050045-45,0.0100,100.00,no
2026-10-05T04:42:36.348516Z,KXBTC15M-26OCT050045-45,0.0100,4.00,no
2026-10-05T04:42:36.348516Z,KXBTC15M-26OCT050045-45,0.0100,50.00,no
2026-10-05T04:42:36.348516Z,KXBTC15M-26OCT050045-45,0.0100,1.00,no
2026-10-05T04:42:36.538391Z,KXBTC15M-26OCT050045-45,0.0090,1.80,no
2026-10-05T04:42:36.538391Z,KXBTC15M-26OCT050045-45,0.0090,15.00,no
2026-10-05T04:42:36.544295Z,KXBTC15M-26OCT050045-45,0.0100,9.35,yes
2026-10-05T04:42:36.69083Z,KXBTC15M-26OCT050045-45,0.0120,185.14,yes
2026-10-05T04:42:36.69083Z,KXBTC15M-26OCT050045-45,0.0100,0.01,yes
2026-10-05T04:42:36.69083Z,KXBTC15M-26OCT050045-45,0.0100,0.25,yes
2026-10-05T04:42:36.69083Z,KXBTC15M-26OCT050045-45,0.0110,329.10,yes
2026-10-05T04:42:36.69083Z,KXBTC15M-26OCT050045-45,0.0100,0.01,yes
2026-10-05T04:42:36.69083Z,KXBTC15M-26OCT050045-45,0.0100,50.00,yes
2026-10-05T04:42:36.69083Z,KXBTC15M-26OCT050045-45,0.0110,1.00,yes
2026-10-05T04:42:36.69083Z,KXBTC15M-26OCT050045-45,0.0100,15.00,yes
2026-10-05T04:42:36.69083Z,KXBTC15M-26OCT050045-45,0.0110,0.27,yes
2026-10-05T04:42:36.69083Z,KXBTC15M-26OCT050045-45,0.0110,200.00,yes
2026-10-05T04:42:36.69083Z,KXBTC15M-26OCT050045-45,0.0100,29.85,yes
2026-10-05T04:42:36.788506Z,KXBTC15M-26OCT050045-45,0.0100,183.67,no
2026-10-05T04:42:36.788506Z,KXBTC15M-26OCT050045-45,0.0100,10.00,no
2026-10-05T04:42:36.788506Z,KXBTC15M-26OCT050045-45,0.0100,0.01,no
2026-10-05T04:42:36.788506Z,KXBTC15M-26OCT050045-45,0.0100,0.01,no
2026-10-05T04:42:36.788506Z,KXBTC15M-26OCT050045-45,0.0100,50.00,no
2026-10-05T04:42:36.788506Z,KXBTC15M-26OCT050045-45,0.0100,75.00,no
2026-10-05T04:42:36.788506Z,KXBTC15M-26OCT050045-45,0.0100,150.00,no
2026-10-05T04:42:36.788506Z,KXBTC15M-26OCT050045-45,0.0100,36.00,no
2026-10-05T04:42:36.924255Z,KXBTC15M-26OCT050045-45,0.0100,10.47,no
2026-10-05T04:42:36.949441Z,KXBTC15M-26OCT050045-45,0.0100,29.63,no
2026-10-05T04:42:37.026056Z,KXBTC15M-26OCT050045-45,0.0100,500.00,no
2026-10-05T04:42:37.026056Z,KXBTC15M-26OCT050045-45,0.0100,1.00,no
2026-10-05T04:42:37.026056Z,KXBTC15M-26OCT050045-45,0.0100,4.00,no
2026-10-05T04:42:37.026056Z,KXBTC15M-26OCT050045-45,0.0100,0.01,no
2026-10-05T04:42:37.026056Z,KXBTC15M-26OCT050045-45,0.0100,50.00,no
2026-10-05T04:42:37.026056Z,KXBTC15M-26OCT050045-45,0.0100,10.00,no
2026-10-05T04:42:37.026056Z,KXBTC15M-26OCT050045-45,0.0100,0.01,no
2026-10-05T04:42:37.026056Z,KXBTC15M-26OCT050045-45,0.0100,176.23,no
2026-10-05T04:42:37.026056Z,KXBTC15M-26OCT050045-45,0.0100,2061.02,no
2026-10-05T04:42:37.06558Z,KXBTC15M-26OCT050045-45,0.0100,42.51,yes
2026-10-05T04:42:37.248927Z,KXBTC15M-26OCT050045-45,0.0100,85.02,yes
2026-10-05T04:42:37.387871Z,KXBTC15M-26OCT050045-45,0.0090,9.00,no
2026-10-05T04:42:37.670673Z,KXBTC15M-26OCT050045-45,0.0100,280.55,yes
2026-10-05T04:42:37.719501Z,KXBTC15M-26OCT050045-45,0.0100,91.64,yes
2026-10-05T04:42:37.768373Z,KXBTC15M-26OCT050045-45,0.0100,16.83,yes
2026-10-05T04:42:37.822513Z,KXBTC15M-26OCT050045-45,0.0100,0.29,yes
2026-10-05T04:42:37.928294Z,KXBTC15M-26OCT050045-45,0.0100,66.33,yes
2026-10-05T04:42:37.971274Z,KXBTC15M-26OCT050045-45,0.0090,0.01,no
2026-10-05T04:42:37.971274Z,KXBTC15M-26OCT050045-45,0.0090,0.01,no
2026-10-05T04:42:37.971274Z,KXBTC15M-26OCT050045-45,0.0090,1.00,no
2026-10-05T04:42:37.971274Z,KXBTC15M-26OCT050045-45,0.0090,400.00,no
2026-10-05T04:42:37.971274Z,KXBTC15M-26OCT050045-45,0.0080,4.00,no
2026-10-05T04:42:37.971274Z,KXBTC15M-26OCT050045-45,0.0090,15.00,no
2026-10-05T04:42:37.971274Z,KXBTC15M-26OCT050045-45,0.0070,14.85,no
2026-10-05T04:42:37.971274Z,KXBTC15M-26OCT050045-45,0.0090,15.00,no
2026-10-05T04:42:37.971274Z,KXBTC15M-26OCT050045-45,0.0090,15.00,no
2026-10-05T04:42:37.971274Z,KXBTC15M-26OCT050045-45,0.0080,15.00,no
2026-10-05T04:42:37.971274Z,KXBTC15M-26OCT050045-45,0.0090,14.20,no
2026-10-05T04:42:38.022293Z,KXBTC15M-26OCT050045-45,0.0100,0.93,yes
2026-10-05T04:42:38.052194Z,KXBTC15M-26OCT050045-45,0.0100,5.21,yes
2026-10-05T04:42:38.112341Z,KXBTC15M-26OCT050045-45,0.0090,1.00,no
2026-10-05T04:42:38.112341Z,KXBTC15M-26OCT050045-45,0.0090,248.87,no
2026-10-05T04:42:38.112341Z,KXBTC15M-26OCT050045-45,0.0090,0.01,no
2026-10-05T04:42:38.112341Z,KXBTC15M-26OCT050045-45,0.0090,400.00,no
2026-10-05T04:42:38.112341Z,KXBTC15M-26OCT050045-45,0.0090,0.01,no
2026-10-05T04:42:38.183302Z,KXBTC15M-26OCT050045-45,0.0100,0.02,yes
2026-10-05T04:42:38.186603Z,KXBTC15M-26OCT050045-45,0.0100,0.02,yes
2026-10-05T04:42:38.20222Z,KXBTC15M-26OCT050045-45,0.0100,561.11,yes
2026-10-05T04:42:38.21428Z,KXBTC15M-26OCT050045-45,0.0100,257.53,yes
2026-10-05T04:42:38.219338Z,KXBTC15M-26OCT050045-45,0.0100,0.93,yes
2026-10-05T04:42:38.243178Z,KXBTC15M-26OCT050045-45,0.0100,9.35,yes
2026-10-05T04:42:38.244118Z,KXBTC15M-26OCT050045-45,0.0100,93.51,yes
2026-10-05T04:42:38.335298Z,KXBTC15M-26OCT050045-45,0.0100,9.35,yes
2026-10-05T04:42:38.453674Z,KXBTC15M-26OCT050045-45,0.0090,4.14,no
2026-10-05T04:42:38.566124Z,KXBTC15M-26OCT050045-45,0.0100,72.00,yes
2026-10-05T04:42:38.596072Z,KXBTC15M-26OCT050045-45,0.0100,54.24,yes
2026-10-05T04:42:38.65975Z,KXBTC15M-26OCT050045-45,0.0100,28.00,yes
2026-10-05T04:42:38.731854Z,KXBTC15M-26OCT050045-45,0.0100,46.75,yes
2026-10-05T04:42:38.920767Z,KXBTC15M-26OCT050045-45,0.0090,57.18,no
2026-10-05T04:42:39.063141Z,KXBTC15M-26OCT050045-45,0.0100,93.51,yes
2026-10-05T04:42:39.064832Z,KXBTC15M-26OCT050045-45,0.0100,194.56,yes
2026-10-05T04:42:39.194333Z,KXBTC15M-26OCT050045-45,0.0100,5.07,yes
2026-10-05T04:42:39.426214Z,KXBTC15M-26OCT050045-45,0.0100,935.19,yes
2026-10-05T04:42:39.482216Z,KXBTC15M-26OCT050045-45,0.0090,1008.44,no
2026-10-05T04:42:39.520852Z,KXBTC15M-26OCT050045-45,0.0090,0.01,no
2026-10-05T04:42:39.520852Z,KXBTC15M-26OCT050045-45,0.0090,4.00,no
2026-10-05T04:42:39.520852Z,KXBTC15M-26OCT050045-45,0.0090,1047.81,no
2026-10-05T04:42:39.520852Z,KXBTC15M-26OCT050045-45,0.0090,57.46,no
2026-10-05T04:42:39.520852Z,KXBTC15M-26OCT050045-45,0.0090,0.01,no
2026-10-05T04:42:39.557142Z,KXBTC15M-26OCT050045-45,0.0100,93.51,yes
2026-10-05T04:42:39.708878Z,KXBTC15M-26OCT050045-45,0.0100,37.40,yes
2026-10-05T04:42:39.745477Z,KXBTC15M-26OCT050045-45,0.0100,10.53,yes
2026-10-05T04:42:39.90693Z,KXBTC15M-26OCT050045-45,0.0100,93.51,yes
2026-10-05T04:42:40.129062Z,KXBTC15M-26OCT050045-45,0.0100,93.51,yes
2026-10-05T04:42:40.202197Z,KXBTC15M-26OCT050045-45,0.0100,36.53,yes
2026-10-05T04:42:40.31341Z,KXBTC15M-26OCT050045-45,0.0100,48.00,yes
2026-10-05T04:42:40.372022Z,KXBTC15M-26OCT050045-45,0.0090,1.00,no
2026-10-05T04:42:40.372022Z,KXBTC15M-26OCT050045-45,0.0090,400.00,no
2026-10-05T04:42:40.372022Z,KXBTC15M-26OCT050045-45,0.0090,0.01,no
2026-10-05T04:42:40.372022Z,KXBTC15M-26OCT050045-45,0.0090,0.01,no
2026-10-05T04:42:40.519922Z,KXBTC15M-26OCT050045-45,0.0080,0.10,no
2026-10-05T04:42:40.783526Z,KXBTC15M-26OCT050045-45,0.0080,75.90,no
2026-10-05T04:42:40.783526Z,KXBTC15M-26OCT050045-45,0.0080,1.00,no
2026-10-05T04:42:40.783526Z,KXBTC15M-26OCT050045-45,0.0080,8.10,no
2026-10-05T04:42:40.783526Z,KXBTC15M-26OCT050045-45,0.0080,0.01,no
2026-10-05T04:42:40.783526Z,KXBTC15M-26OCT050045-45,0.0080,0.01,no
2026-10-05T04:42:40.85791Z,KXBTC15M-26OCT050045-45,0.0090,93.51,yes
2026-10-05T04:42:41.229379Z,KXBTC15M-26OCT050045-45,0.0090,101.83,yes
2026-10-05T04:42:41.238833Z,KXBTC15M-26OCT050045-45,0.0090,814.60,yes
2026-10-05T04:42:41.291023Z,KXBTC15M-26OCT050045-45,0.0090,311.71,yes
2026-10-05T04:42:41.555801Z,KXBTC15M-26OCT050045-45,0.0080,177.93,no
2026-10-05T04:42:41.555801Z,KXBTC15M-26OCT050045-45,0.0080,0.01,no
2026-10-05T04:42:41.555801Z,KXBTC15M-26OCT050045-45,0.0080,0.01,no
2026-10-05T04:42:41.555801Z,KXBTC15M-26OCT050045-45,0.0080,400.00,no
2026-10-05T04:42:41.662512Z,KXBTC15M-26OCT050045-45,0.0090,467.59,yes
2026-10-05T04:42:41.754503Z,KXBTC15M-26OCT050045-45,0.0090,101.83,yes
2026-10-05T04:42:41.805648Z,KXBTC15M-26OCT050045-45,0.0090,10.39,yes
2026-10-05T04:42:41.87015Z,KXBTC15M-26OCT050045-45,0.0080,14.97,no
2026-10-05T04:42:41.948526Z,KXBTC15M-26OCT050045-45,0.0090,256.00,yes
2026-10-05T04:42:42.125065Z,KXBTC15M-26OCT050045-45,0.0090,25.97,yes
2026-10-05T04:42:42.187082Z,KXBTC15M-26OCT050045-45,0.0090,25.97,yes
2026-10-05T04:42:42.241913Z,KXBTC15M-26OCT050045-45,0.0080,251.87,no
2026-10-05T04:42:42.488925Z,KXBTC15M-26OCT050045-45,0.0080,160.90,no
2026-10-05T04:42:42.579103Z,KXBTC15M-26OCT050045-45,0.0080,394.04,no
2026-10-05T04:42:42.996846Z,KXBTC15M-26OCT050045-45,0.0090,711.89,yes
2026-10-05T04:42:42.998341Z,KXBTC15M-26OCT050045-45,0.0090,10.39,yes
2026-10-05T04:42:43.138102Z,KXBTC15M-26OCT050045-45,0.0080,418.62,no
2026-10-05T04:42:43.279288Z,KXBTC15M-26OCT050045-45,0.0090,101.83,yes
2026-10-05T04:42:43.621465Z,KXBTC15M-26OCT050045-45,0.0080,3.02,no
2026-10-05T04:42:43.8521Z,KXBTC15M-26OCT050045-45,0.0090,203.65,yes
2026-10-05T04:42:43.887829Z,KXBTC15M-26OCT050045-45,0.0090,78.96,yes
2026-10-05T04:42:43.995656Z,KXBTC15M-26OCT050045-45,0.0040,1800.00,no
2026-10-05T04:42:43.995656Z,KXBTC15M-26OCT050045-45,0.0040,1800.00,no
2026-10-05T04:42:43.995656Z,KXBTC15M-26OCT050045-45,0.0040,94.41,no
2026-10-05T04:42:43.995656Z,KXBTC15M-26OCT050045-45,0.0070,250.00,no
2026-10-05T04:42:43.995656Z,KXBTC15M-26OCT050045-45,0.0080,0.01,no
2026-10-05T04:42:43.995656Z,KXBTC15M-26OCT050045-45,0.0080,0.01,no
2026-10-05T04:42:43.995656Z,KXBTC15M-26OCT050045-45,0.0080,456.38,no
2026-10-05T04:42:43.995656Z,KXBTC15M-26OCT050045-45,0.0050,3141.00,no
2026-10-05T04:42:43.995656Z,KXBTC15M-26OCT050045-45,0.0050,5.00,no
2026-10-05T04:42:43.995656Z,KXBTC15M-26OCT050045-45,0.0060,150.00,no
2026-10-05T04:42:43.995656Z,KXBTC15M-26OCT050045-45,0.0070,65.00,no
2026-10-05T04:42:43.995656Z,KXBTC15M-26OCT050045-45,0.0060,20.00,no
2026-10-05T04:42:43.995656Z,KXBTC15M-26OCT050045-45,0.0060,10.00,no
2026-10-05T04:42:43.995656Z,KXBTC15M-26OCT050045-45,0.0060,1125.00,no
2026-10-05T04:42:43.995656Z,KXBTC15M-26OCT050045-45,0.0050,15.00,no
2026-10-05T04:42:43.995656Z,KXBTC15M-26OCT050045-45,0.0070,285.15,no
2026-10-05T04:42:43.995656Z,KXBTC15M-26OCT050045-45,0.0060,1000.00,no
2026-10-05T04:42:43.995656Z,KXBTC15M-26OCT050045-45,0.0050,4772.00,no
2026-10-05T04:42:43.995656Z,KXBTC15M-26OCT050045-45,0.0050,90.00,no
2026-10-05T04:42:43.995656Z,KXBTC15M-26OCT050045-45,0.0070,10.00,no
2026-10-05T04:42:43.995656Z,KXBTC15M-26OCT050045-45,0.0050,50.00,no
2026-10-05T04:42:43.995656Z,KXBTC15M-26OCT050045-45,0.0050,90.00,no
2026-10-05T04:42:43.995656Z,KXBTC15M-26OCT050045-45,0.0050,100.00,no
2026-10-05T04:42:43.995656Z,KXBTC15M-26OCT050045-45,0.0050,180.00,no
2026-10-05T04:42:43.995656Z,KXBTC15M-26OCT050045-45,0.0050,100.00,no
2026-10-05T04:42:43.995656Z,KXBTC15M-26OCT050045-45,0.0050,180.00,no
2026-10-05T04:42:43.995656Z,KXBTC15M-26OCT050045-45,0.0050,50.00,no
2026-10-05T04:42:43.995656Z,KXBTC15M-26OCT050045-45,0.0050,100.00,no
2026-10-05T04:42:43.995656Z,KXBTC15M-26OCT050045-45,0.0050,50.00,no
2026-10-05T04:42:43.995656Z,KXBTC15M-26OCT050045-45,0.0050,50.00,no
2026-10-05T04:42:43.995656Z,KXBTC15M-26OCT050045-45,0.0050,90.00,no
2026-10-05T04:42:43.995656Z,KXBTC15M-26OCT050045-45,0.0050,100.00,no
2026-10-05T04:42:43.995656Z,KXBTC15M-26OCT050045-45,0.0050,180.00,no
2026-10-05T04:42:43.995656Z,KXBTC15M-26OCT050045-45,0.0050,100.00,no
2026-10-05T04:42:43.995656Z,KXBTC15M-26OCT050045-45,0.0050,50.00,no
2026-10-05T04:42:43.995656Z,KXBTC15M-26OCT050045-45,0.0050,35.00,no
2026-10-05T04:42:43.995656Z,KXBTC15M-26OCT050045-45,0.0050,70.00,no
2026-10-05T04:42:43.995656Z,KXBTC15M-26OCT050045-45,0.0050,100.00,no
2026-10-05T04:42:43.995656Z,KXBTC15M-26OCT050045-45,0.0050,180.00,no
2026-10-05T04:42:43.995656Z,KXBTC15M-26OCT050045-45,0.0050,100.00,no
2026-10-05T04:42:43.995656Z,KXBTC15M-26OCT050045-45,0.0050,100.00,no
2026-10-05T04:42:43.995656Z,KXBTC15M-26OCT050045-45,0.0050,35.00,no
2026-10-05T04:42:43.995656Z,KXBTC15M-26OCT050045-45,0.0050,90.00,no
2026-10-05T04:42:43.995656Z,KXBTC15M-26OCT050045-45,0.0050,90.00,no
2026-10-05T04:42:43.995656Z,KXBTC15M-26OCT050045-45,0.0050,90.00,no
2026-10-05T04:42:43.995656Z,KXBTC15M-26OCT050045-45,0.0050,90.00,no
2026-10-05T04:42:43.995656Z,KXBTC15M-26OCT050045-45,0.0050,100.00,no
2026-10-05T04:42:43.995656Z,KXBTC15M-26OCT050045-45,0.0050,100.00,no
2026-10-05T04:42:43.995656Z,KXBTC15M-26OCT050045-45,0.0050,50.00,no
2026-10-05T04:42:43.995656Z,KXBTC15M-26OCT050045-45,0.0050,90.00,no
2026-10-05T04:42:43.995656Z,KXBTC15M-26OCT050045-45,0.0050,100.00,no
2026-10-05T04:42:43.995656Z,KXBTC15M-26OCT050045-45,0.0050,50.00,no
2026-10-05T04:42:43.995656Z,KXBTC15M-26OCT050045-45,0.0050,100.00,no
2026-10-05T04:42:43.995656Z,KXBTC15M-26OCT050045-45,0.0050,50.00,no
2026-10-05T04:42:43.995656Z,KXBTC15M-26OCT050045-45,0.0050,180.00,no
2026-10-05T04:42:43.995656Z,KXBTC15M-26OCT050045-45,0.0050,200.00,no
2026-10-05T04:42:43.995656Z,KXBTC15M-26OCT050045-45,0.0050,180.00,no
2026-10-05T04:42:43.995656Z,KXBTC15M-26OCT050045-45,0.0050,100.00,no
2026-10-05T04:42:43.995656Z,KXBTC15M-26OCT050045-45,0.0050,100.00,no
2026-10-05T04:42:43.995656Z,KXBTC15M-26OCT050045-45,0.0050,70.00,no
2026-10-05T04:42:43.995656Z,KXBTC15M-26OCT050045-45,0.0050,100.00,no
2026-10-05T04:42:43.995656Z,KXBTC15M-26OCT050045-45,0.0050,105.00,no
2026-10-05T04:42:43.995656Z,KXBTC15M-26OCT050045-45,0.0050,100.00,no
2026-10-05T04:42:43.995656Z,KXBTC15M-26OCT050045-45,0.0050,50.00,no
2026-10-05T04:42:43.995656Z,KXBTC15M-26OCT050045-45,0.0050,65.12,no
2026-10-05T04:42:43.995656Z,KXBTC15M-26OCT050045-45,0.0050,100.00,no
2026-10-05T04:42:43.995656Z,KXBTC15M-26OCT050045-45,0.0050,50.00,no
2026-10-05T04:42:43.995656Z,KXBTC15M-26OCT050045-45,0.0050,180.00,no
2026-10-05T04:42:43.995656Z,KXBTC15M-26OCT050045-45,0.0050,100.00,no
2026-10-05T04:42:43.995656Z,KXBTC15M-26OCT050045-45,0.0050,100.00,no
2026-10-05T04:42:43.995656Z,KXBTC15M-26OCT050045-45,0.0050,35.00,no
2026-10-05T04:42:43.996875Z,KXBTC15M-26OCT050045-45,0.0080,101.83,yes
2026-10-05T04:42:44.118973Z,KXBTC15M-26OCT050045-45,0.0060,0.01,yes
2026-10-05T04:42:44.118973Z,KXBTC15M-26OCT050045-45,0.0060,103.27,yes
2026-10-05T04:42:44.118973Z,KXBTC15M-26OCT050045-45,0.0060,0.01,yes
2026-10-05T04:42:44.118973Z,KXBTC15M-26OCT050045-45,0.0060,287.92,yes
2026-10-05T04:42:44.118973Z,KXBTC15M-26OCT050045-45,0.0060,15.00,yes
2026-10-05T04:42:44.121509Z,KXBTC15M-26OCT050045-45,0.0060,51.95,yes
2026-10-05T04:42:44.191812Z,KXBTC15M-26OCT050045-45,0.0060,110.07,yes
2026-10-05T04:42:44.196731Z,KXBTC15M-26OCT050045-45,0.0060,1534.71,yes
2026-10-05T04:42:44.196731Z,KXBTC15M-26OCT050045-45,0.0060,594.94,yes
2026-10-05T04:42:44.196731Z,KXBTC15M-26OCT050045-45,0.0060,1.00,yes
2026-10-05T04:42:44.196731Z,KXBTC15M-26OCT050045-45,0.0060,500.00,yes
2026-10-05T04:42:44.196731Z,KXBTC15M-26OCT050045-45,0.0060,500.00,yes
2026-10-05T04:42:44.41453Z,KXBTC15M-26OCT050045-45,0.0050,36.55,no
2026-10-05T04:42:44.41453Z,KXBTC15M-26OCT050045-45,0.0050,22.00,no
2026-10-05T04:42:44.41453Z,KXBTC15M-26OCT050045-45,0.0050,0.01,no
2026-10-05T04:42:44.41453Z,KXBTC15M-26OCT050045-45,0.0050,0.01,no
2026-10-05T04:42:44.41453Z,KXBTC15M-26OCT050045-45,0.0050,17.00,no
2026-10-05T04:42:44.756016Z,KXBTC15M-26OCT050045-45,0.0060,0.01,yes
2026-10-05T04:42:44.756016Z,KXBTC15M-26OCT050045-45,0.0060,0.01,yes
2026-10-05T04:42:44.756016Z,KXBTC15M-26OCT050045-45,0.0070,101.23,yes
2026-10-05T04:42:44.756016Z,KXBTC15M-26OCT050045-45,0.0060,15.00,yes
2026-10-05T04:42:44.955225Z,KXBTC15M-26OCT050045-45,0.0060,1.52,yes
2026-10-05T04:42:45.007757Z,KXBTC15M-26OCT050045-45,0.0060,12.80,yes
2026-10-05T04:42:45.217133Z,KXBTC15M-26OCT050045-45,0.0050,26.26,no
2026-10-05T04:42:45.245485Z,KXBTC15M-26OCT050045-45,0.0050,183.75,no
2026-10-05T04:42:45.305099Z,KXBTC15M-26OCT050045-45,0.0060,0.25,yes
2026-10-05T04:42:45.305099Z,KXBTC15M-26OCT050045-45,0.0060,0.01,yes
2026-10-05T04:42:45.305099Z,KXBTC15M-26OCT050045-45,0.0060,0.68,yes
2026-10-05T04:42:45.305099Z,KXBTC15M-26OCT050045-45,0.0060,15.00,yes
2026-10-05T04:42:45.305099Z,KXBTC15M-26OCT050045-45,0.0060,0.01,yes
2026-10-05T04:42:45.305099Z,KXBTC15M-26OCT050045-45,0.0070,33.66,yes
2026-10-05T04:42:45.32932Z,KXBTC15M-26OCT050045-45,0.0050,6.01,no
2026-10-05T04:42:45.32932Z,KXBTC15M-26OCT050045-45,0.0050,4.00,no
2026-10-05T04:42:45.32932Z,KXBTC15M-26OCT050045-45,0.0050,189.99,no
2026-10-05T04:42:45.453817Z,KXBTC15M-26OCT050045-45,0.0050,500.00,no
2026-10-05T04:42:45.453817Z,KXBTC15M-26OCT050045-45,0.0050,13.00,no
2026-10-05T04:42:45.453817Z,KXBTC15M-26OCT050045-45,0.0050,110.99,no
2026-10-05T04:42:45.453817Z,KXBTC15M-26OCT050045-45,0.0050,22.00,no
2026-10-05T04:42:45.453817Z,KXBTC15M-26OCT050045-45,0.0050,138.69,no
2026-10-05T04:42:45.453817Z,KXBTC15M-26OCT050045-45,0.0050,15.00,no
2026-10-05T04:42:45.453817Z,KXBTC15M-26OCT050045-45,0.0050,0.01,no
2026-10-05T04:42:45.453817Z,KXBTC15M-26OCT050045-45,0.0050,1.00,no
2026-10-05T04:42:45.453817Z,KXBTC15M-26OCT050045-45,0.0050,5.00,no
2026-10-05T04:42:45.453817Z,KXBTC15M-26OCT050045-45,0.0050,0.01,no
2026-10-05T04:42:45.559831Z,KXBTC15M-26OCT050045-45,0.0060,0.01,yes
2026-10-05T04:42:45.559831Z,KXBTC15M-26OCT050045-45,0.0060,15.00,yes
2026-10-05T04:42:45.559831Z,KXBTC15M-26OCT050045-45,0.0060,0.25,yes
2026-10-05T04:42:45.559831Z,KXBTC15M-26OCT050045-45,0.0060,0.01,yes
2026-10-05T04:42:45.559831Z,KXBTC15M-26OCT050045-45,0.0070,504.25,yes
2026-10-05T04:42:45.649308Z,KXBTC15M-26OCT050045-45,0.0050,126.02,no
2026-10-05T04:42:45.649308Z,KXBTC15M-26OCT050045-45,0.0050,361.31,no
2026-10-05T04:42:45.649308Z,KXBTC15M-26OCT050045-45,0.0050,15.00,no
2026-10-05T04:42:45.720958Z,KXBTC15M-26OCT050045-45,0.0070,82.37,yes
2026-10-05T04:42:46.024064Z,KXBTC15M-26OCT050045-45,0.0070,1.00,yes
2026-10-05T04:42:46.024064Z,KXBTC15M-26OCT050045-45,0.0070,325.49,yes
2026-10-05T04:42:46.024064Z,KXBTC15M-26OCT050045-45,0.0070,200.00,yes
2026-10-05T04:42:46.024064Z,KXBTC15M-26OCT050045-45,0.0070,0.25,yes
2026-10-05T04:42:46.024064Z,KXBTC15M-26OCT050045-45,0.0070,0.01,yes
2026-10-05T04:42:46.024064Z,KXBTC15M-26OCT050045-45,0.0070,0.01,yes
2026-10-05T04:42:46.024064Z,KXBTC15M-26OCT050045-45,0.0070,133.63,yes
2026-10-05T04:42:46.032125Z,KXBTC15M-26OCT050045-45,0.0060,2.53,yes
2026-10-05T04:42:46.061446Z,KXBTC15M-26OCT050045-45,0.0050,12.05,no
2026-10-05T04:42:46.079981Z,KXBTC15M-26OCT050045-45,0.0060,134.83,yes
2026-10-05T04:42:46.298469Z,KXBTC15M-26OCT050045-45,0.0060,500.00,yes
2026-10-05T04:42:46.329004Z,KXBTC15M-26OCT050045-45,0.0060,311.64,yes
2026-10-05T04:42:46.357458Z,KXBTC15M-26OCT050045-45,0.0060,135.24,yes
2026-10-05T04:42:46.67786Z,KXBTC15M-26OCT050045-45,0.0060,1.00,yes
2026-10-05T04:42:46.67786Z,KXBTC15M-26OCT050045-45,0.0060,0.01,yes
2026-10-05T04:42:46.67786Z,KXBTC15M-26OCT050045-45,0.0060,15.00,yes
2026-10-05T04:42:46.67786Z,KXBTC15M-26OCT050045-45,0.0060,0.25,yes
2026-10-05T04:42:46.67786Z,KXBTC15M-26OCT050045-45,0.0060,0.01,yes
2026-10-05T04:42:46.774673Z,KXBTC15M-26OCT050045-45,0.0070,0.01,yes
2026-10-05T04:42:46.774673Z,KXBTC15M-26OCT050045-45,0.0070,0.27,yes
2026-10-05T04:42:46.774673Z,KXBTC15M-26OCT050045-45,0.0070,3.75,yes
2026-10-05T04:42:46.774673Z,KXBTC15M-26OCT050045-45,0.0070,0.01,yes
2026-10-05T04:42:46.816821Z,KXBTC15M-26OCT050045-45,0.0080,15.00,yes
2026-10-05T04:42:46.816821Z,KXBTC15M-26OCT050045-45,0.0080,0.27,yes
2026-10-05T04:42:46.816821Z,KXBTC15M-26OCT050045-45,0.0080,472.46,yes
2026-10-05T04:42:46.816821Z,KXBTC15M-26OCT050045-45,0.0070,11.25,yes
2026-10-05T04:42:46.816821Z,KXBTC15M-26OCT050045-45,0.0070,0.01,yes
2026-10-05T04:42:46.816821Z,KXBTC15M-26OCT050045-45,0.0070,1.00,yes
2026-10-05T04:42:46.816821Z,KXBTC15M-26OCT050045-45,0.0070,0.01,yes
2026-10-05T04:42:46.82968Z,KXBTC15M-26OCT050045-45,0.0080,192.46,yes
2026-10-05T04:42:46.82968Z,KXBTC15M-26OCT050045-45,0.0070,15.00,yes
2026-10-05T04:42:46.82968Z,KXBTC15M-26OCT050045-45,0.0070,0.01,yes
2026-10-05T04:42:46.874259Z,KXBTC15M-26OCT050045-45,0.0080,109.60,yes
2026-10-05T04:42:46.888792Z,KXBTC15M-26OCT050045-45,0.0080,9.48,yes
2026-10-05T04:42:46.888792Z,KXBTC15M-26OCT050045-45,0.0080,14.00,yes
2026-10-05T04:42:46.888792Z,KXBTC15M-26OCT050045-45,0.0080,8.57,yes
2026-10-05T04:42:46.888792Z,KXBTC15M-26OCT050045-45,0.0080,1.00,yes
2026-10-05T04:42:46.888792Z,KXBTC15M-26OCT050045-45,0.0080,21.00,yes
2026-10-05T04:42:46.94857Z,KXBTC15M-26OCT050045-45,0.0080,2.92,yes
2026-10-05T04:42:46.94857Z,KXBTC15M-26OCT050045-45,0.0080,0.01,yes
2026-10-05T04:42:46.94857Z,KXBTC15M-26OCT050045-45,0.0080,15.00,yes
2026-10-05T04:42:46.94857Z,KXBTC15M-26OCT050045-45,0.0080,0.01,yes
2026-10-05T04:42:47.009696Z,KXBTC15M-26OCT050045-45,0.0080,0.01,yes
2026-10-05T04:42:47.009696Z,KXBTC15M-26OCT050045-45,0.0080,0.01,yes
2026-10-05T04:42:47.009696Z,KXBTC15M-26OCT050045-45,0.0080,14.00,yes
2026-10-05T04:42:47.009696Z,KXBTC15M-26OCT050045-45,0.0090,17.01,yes
2026-10-05T04:42:47.057598Z,KXBTC15M-26OCT050045-45,0.0070,100.00,no
2026-10-05T04:42:47.804385Z,KXBTC15M-26OCT050045-45,0.0080,0.01,no
2026-10-05T04:42:47.804385Z,KXBTC15M-26OCT050045-45,0.0060,1431.66,no
2026-10-05T04:42:47.804385Z,KXBTC15M-26OCT050045-45,0.0080,844.00,no
2026-10-05T04:42:47.804385Z,KXBTC15M-26OCT050045-45,0.0070,4.00,no
2026-10-05T04:42:47.804385Z,KXBTC15M-26OCT050045-45,0.0080,0.01,no
2026-10-05T04:42:47.804385Z,KXBTC15M-26OCT050045-45,0.0070,5.00,no
2026-10-05T04:42:47.804385Z,KXBTC15M-26OCT050045-45,0.0060,15.00,no
2026-10-05T04:42:47.804385Z,KXBTC15M-26OCT050045-45,0.0070,864.00,no
2026-10-05T04:42:47.804385Z,KXBTC15M-26OCT050045-45,0.0060,15.00,no
2026-10-05T04:42:47.804385Z,KXBTC15M-26OCT050045-45,0.0070,15.00,no
2026-10-05T04:42:47.804385Z,KXBTC15M-26OCT050045-45,0.0060,15.00,no
2026-10-05T04:42:47.804385Z,KXBTC15M-26OCT050045-45,0.0060,11.73,no
2026-10-05T04:42:47.804385Z,KXBTC15M-26OCT050045-45,0.0080,1.00,no
2026-10-05T04:42:47.852415Z,KXBTC15M-26OCT050045-45,0.0070,103.91,yes
2026-10-05T04:42:47.910322Z,KXBTC15M-26OCT050045-45,0.0040,68.04,no
2026-10-05T04:42:47.910322Z,KXBTC15M-26OCT050045-45,0.0040,120.00,no
2026-10-05T04:42:47.910322Z,KXBTC15M-26OCT050045-45,0.0040,1705.59,no
2026-10-05T04:42:47.910322Z,KXBTC15M-26OCT050045-45,0.0060,1.00,no
2026-10-05T04:42:47.910322Z,KXBTC15M-26OCT050045-45,0.0060,4.00,no
2026-10-05T04:42:47.910322Z,KXBTC15M-26OCT050045-45,0.0060,0.01,no
2026-10-05T04:42:47.910322Z,KXBTC15M-26OCT050045-45,0.0050,4.00,no
2026-10-05T04:42:47.910322Z,KXBTC15M-26OCT050045-45,0.0060,500.00,no
2026-10-05T04:42:47.910322Z,KXBTC15M-26OCT050045-45,0.0060,400.00,no
2026-10-05T04:42:47.910322Z,KXBTC15M-26OCT050045-45,0.0060,500.00,no
2026-10-05T04:42:47.910322Z,KXBTC15M-26OCT050045-45,0.0050,2.00,no
2026-10-05T04:42:47.910322Z,KXBTC15M-26OCT050045-45,0.0060,939.42,no
2026-10-05T04:42:47.910322Z,KXBTC15M-26OCT050045-45,0.0060,0.01,no
2026-10-05T04:42:47.910322Z,KXBTC15M-26OCT050045-45,0.0050,22.00,no
2026-10-05T04:42:47.910322Z,KXBTC15M-26OCT050045-45,0.0050,15.00,no
2026-10-05T04:42:47.910322Z,KXBTC15M-26OCT050045-45,0.0050,100.00,no
2026-10-05T04:42:47.910322Z,KXBTC15M-26OCT050045-45,0.0050,15.00,no
2026-10-05T04:42:47.910322Z,KXBTC15M-26OCT050045-45,0.0050,15.00,no
2026-10-05T04:42:47.910322Z,KXBTC15M-26OCT050045-45,0.0050,11.93,no
2026-10-05T04:42:47.910322Z,KXBTC15M-26OCT050045-45,0.0050,15.00,no
2026-10-05T04:42:48.005223Z,KXBTC15M-26OCT050045-45,0.0070,28.72,yes
2026-10-05T04:42:48.008393Z,KXBTC15M-26OCT050045-45,0.0070,1.04,yes
2026-10-05T04:42:48.041214Z,KXBTC15M-26OCT050045-45,0.0060,0.01,no
2026-10-05T04:42:48.041214Z,KXBTC15M-26OCT050045-45,0.0060,249.98,no
2026-10-05T04:42:48.041214Z,KXBTC15M-26OCT050045-45,0.0060,0.01,no
2026-10-05T04:42:48.043902Z,KXBTC15M-26OCT050045-45,0.0050,3.00,no
2026-10-05T04:42:48.043902Z,KXBTC15M-26OCT050045-45,0.0050,150.00,no
2026-10-05T04:42:48.043902Z,KXBTC15M-26OCT050045-45,0.0060,150.02,no
2026-10-05T04:42:48.043902Z,KXBTC15M-26OCT050045-45,0.0050,4.00,no
2026-10-05T04:42:48.043902Z,KXBTC15M-26OCT050045-45,0.0060,4.00,no
2026-10-05T04:42:48.057818Z,KXBTC15M-26OCT050045-45,0.0050,519.52,yes
2026-10-05T04:42:48.06551Z,KXBTC15M-26OCT050045-45,0.0050,71.69,yes
2026-10-05T04:42:48.108459Z,KXBTC15M-26OCT050045-45,0.0040,7.25,no
2026-10-05T04:42:48.210039Z,KXBTC15M-26OCT050045-45,0.0050,29.68,yes
2026-10-05T04:42:48.210039Z,KXBTC15M-26OCT050045-45,0.0050,0.01,yes
2026-10-05T04:42:48.210039Z,KXBTC15M-26OCT050045-45,0.0050,15.00,yes
2026-10-05T04:42:48.210039Z,KXBTC15M-26OCT050045-45,0.0050,0.01,yes
2026-10-05T04:42:48.210039Z,KXBTC15M-26OCT050045-45,0.0050,7.25,yes
2026-10-05T04:42:48.338069Z,KXBTC15M-26OCT050045-45,0.0070,161.81,yes
2026-10-05T04:42:48.338069Z,KXBTC15M-26OCT050045-45,0.0050,15.00,yes
2026-10-05T04:42:48.338069Z,KXBTC15M-26OCT050045-45,0.0050,0.01,yes
2026-10-05T04:42:48.338069Z,KXBTC15M-26OCT050045-45,0.0050,0.01,yes
2026-10-05T04:42:48.338069Z,KXBTC15M-26OCT050045-45,0.0050,90.32,yes
2026-10-05T04:42:48.470505Z,KXBTC15M-26OCT050045-45,0.0070,110.43,yes
2026-10-05T04:42:48.470505Z,KXBTC15M-26OCT050045-45,0.0070,20.47,yes
2026-10-05T04:42:48.518519Z,KXBTC15M-26OCT050045-45,0.0070,6.00,yes
2026-10-05T04:42:48.746563Z,KXBTC15M-26OCT050045-45,0.0070,25.40,yes
2026-10-05T04:42:48.76468Z,KXBTC15M-26OCT050045-45,0.0070,16.17,yes
2026-10-05T04:42:48.76468Z,KXBTC15M-26OCT050045-45,0.0070,114.73,yes
2026-10-05T04:42:48.815823Z,KXBTC15M-26OCT050045-45,0.0070,37.91,yes
2026-10-05T04:42:49.098822Z,KXBTC15M-26OCT050045-45,0.0070,127.36,yes
2026-10-05T04:42:49.098822Z,KXBTC15M-26OCT050045-45,0.0070,0.87,yes
2026-10-05T04:42:49.12071Z,KXBTC15M-26OCT050045-45,0.0060,0.01,no
2026-10-05T04:42:49.12071Z,KXBTC15M-26OCT050045-45,0.0060,0.01,no
2026-10-05T04:42:49.12071Z,KXBTC15M-26OCT050045-45,0.0060,54.44,no
2026-10-05T04:42:49.130615Z,KXBTC15M-26OCT050045-45,0.0060,97.00,no
2026-10-05T04:42:49.224116Z,KXBTC15M-26OCT050045-45,0.0060,0.98,no
2026-10-05T04:42:49.224116Z,KXBTC15M-26OCT050045-45,0.0060,0.01,no
2026-10-05T04:42:49.224116Z,KXBTC15M-26OCT050045-45,0.0060,0.01,no
2026-10-05T04:42:49.247255Z,KXBTC15M-26OCT050045-45,0.0070,126.97,yes
2026-10-05T04:42:49.27469Z,KXBTC15M-26OCT050045-45,0.0070,13.35,yes
2026-10-05T04:42:49.35916Z,KXBTC15M-26OCT050045-45,0.0070,654.51,yes
2026-10-05T04:42:49.431382Z,KXBTC15M-26OCT050045-45,0.0060,202.67,no
2026-10-05T04:42:49.431382Z,KXBTC15M-26OCT050045-45,0.0060,0.01,no
2026-10-05T04:42:49.431382Z,KXBTC15M-26OCT050045-45,0.0060,0.01,no
2026-10-05T04:42:49.507362Z,KXBTC15M-26OCT050045-45,0.0070,261.80,yes
2026-10-05T04:42:49.588714Z,KXBTC15M-26OCT050045-45,0.0060,0.01,no
2026-10-05T04:42:49.588714Z,KXBTC15M-26OCT050045-45,0.0060,2.37,no
2026-10-05T04:42:49.588714Z,KXBTC15M-26OCT050045-45,0.0060,0.01,no
2026-10-05T04:42:49.622441Z,KXBTC15M-26OCT050045-45,0.0070,21.37,yes
2026-10-05T04:42:49.81293Z,KXBTC15M-26OCT050045-45,0.0070,261.80,yes
2026-10-05T04:42:49.884043Z,KXBTC15M-26OCT050045-45,0.0070,1.00,yes
2026-10-05T04:42:49.904521Z,KXBTC15M-26OCT050045-45,0.0070,4.04,yes
2026-10-05T04:42:49.931913Z,KXBTC15M-26OCT050045-45,0.0040,306.41,no
2026-10-05T04:42:49.931913Z,KXBTC15M-26OCT050045-45,0.0050,2.00,no
2026-10-05T04:42:49.931913Z,KXBTC15M-26OCT050045-45,0.0060,17.63,no
2026-10-05T04:42:49.931913Z,KXBTC15M-26OCT050045-45,0.0050,4.00,no
2026-10-05T04:42:49.931913Z,KXBTC15M-26OCT050045-45,0.0060,0.01,no
2026-10-05T04:42:49.931913Z,KXBTC15M-26OCT050045-45,0.0060,0.01,no
2026-10-05T04:42:49.931913Z,KXBTC15M-26OCT050045-45,0.0050,22.00,no
2026-10-05T04:42:49.931913Z,KXBTC15M-26OCT050045-45,0.0050,150.00,no
2026-10-05T04:42:49.95207Z,KXBTC15M-26OCT050045-45,0.0060,0.01,no
2026-10-05T04:42:50.00625Z,KXBTC15M-26OCT050045-45,0.0060,0.01,no
2026-10-05T04:42:50.033881Z,KXBTC15M-26OCT050045-45,0.0070,130.90,yes
2026-10-05T04:42:50.24197Z,KXBTC15M-26OCT050045-45,0.0070,200.00,yes
2026-10-05T04:42:50.24197Z,KXBTC15M-26OCT050045-45,0.0070,306.41,yes
2026-10-05T04:42:50.24197Z,KXBTC15M-26OCT050045-45,0.0070,6.00,yes
2026-10-05T04:42:50.24197Z,KXBTC15M-26OCT050045-45,0.0070,2198.74,yes
2026-10-05T04:42:50.24197Z,KXBTC15M-26OCT050045-45,0.0070,161.00,yes
2026-10-05T04:42:50.24197Z,KXBTC15M-26OCT050045-45,0.0070,0.25,yes
2026-10-05T04:42:50.24197Z,KXBTC15M-26OCT050045-45,0.0070,500.00,yes
2026-10-05T04:42:50.24197Z,KXBTC15M-26OCT050045-45,0.0080,205.15,yes
2026-10-05T04:42:50.24197Z,KXBTC15M-26OCT050045-45,0.0080,282.00,yes
2026-10-05T04:42:50.24197Z,KXBTC15M-26OCT050045-45,0.0070,228.98,yes
2026-10-05T04:42:50.24197Z,KXBTC15M-26OCT050045-45,0.0070,217.00,yes
2026-10-05T04:42:50.24197Z,KXBTC15M-26OCT050045-45,0.0070,15.00,yes
2026-10-05T04:42:50.24197Z,KXBTC15M-26OCT050045-45,0.0070,15.00,yes
2026-10-05T04:42:50.24197Z,KXBTC15M-26OCT050045-45,0.0070,1.00,yes
2026-10-05T04:42:50.24197Z,KXBTC15M-26OCT050045-45,0.0070,0.01,yes
2026-10-05T04:42:50.24197Z,KXBTC15M-26OCT050045-45,0.0070,0.01,yes
2026-10-05T04:42:50.24197Z,KXBTC15M-26OCT050045-45,0.0070,500.00,yes
2026-10-05T04:42:50.24197Z,KXBTC15M-26OCT050045-45,0.0070,10.00,yes
2026-10-05T04:42:50.249132Z,KXBTC15M-26OCT050045-45,0.0060,0.01,no
2026-10-05T04:42:50.249132Z,KXBTC15M-26OCT050045-45,0.0060,0.01,no
2026-10-05T04:42:50.249132Z,KXBTC15M-26OCT050045-45,0.0060,76.34,no
2026-10-05T04:42:50.256253Z,KXBTC15M-26OCT050045-45,0.0070,0.01,yes
2026-10-05T04:42:50.256253Z,KXBTC15M-26OCT050045-45,0.0070,0.01,yes
2026-10-05T04:42:50.256253Z,KXBTC15M-26OCT050045-45,0.0070,6.52,yes
2026-10-05T04:42:50.321772Z,KXBTC15M-26OCT050045-45,0.0070,0.24,yes
2026-10-05T04:42:50.380475Z,KXBTC15M-26OCT050045-45,0.0060,3.09,no
2026-10-05T04:42:50.402701Z,KXBTC15M-26OCT050045-45,0.0070,0.01,yes
2026-10-05T04:42:50.402701Z,KXBTC15M-26OCT050045-45,0.0070,10.00,yes
2026-10-05T04:42:50.402701Z,KXBTC15M-26OCT050045-45,0.0070,8.24,yes
2026-10-05T04:42:50.402701Z,KXBTC15M-26OCT050045-45,0.0070,0.01,yes
2026-10-05T04:42:50.402701Z,KXBTC15M-26OCT050045-45,0.0070,15.00,yes
2026-10-05T04:42:50.402701Z,KXBTC15M-26OCT050045-45,0.0080,347.85,yes
2026-10-05T04:42:50.402701Z,KXBTC15M-26OCT050045-45,0.0080,540.08,yes
2026-10-05T04:42:50.402701Z,KXBTC15M-26OCT050045-45,0.0080,14.00,yes
2026-10-05T04:42:50.446095Z,KXBTC15M-26OCT050045-45,0.0070,4.00,no
2026-10-05T04:42:50.446095Z,KXBTC15M-26OCT050045-45,0.0070,150.00,no
2026-10-05T04:42:50.446095Z,KXBTC15M-26OCT050045-45,0.0070,0.01,no
2026-10-05T04:42:50.446095Z,KXBTC15M-26OCT050045-45,0.0070,695.98,no
2026-10-05T04:42:50.446095Z,KXBTC15M-26OCT050045-45,0.0070,150.00,no
2026-10-05T04:42:50.446095Z,KXBTC15M-26OCT050045-45,0.0070,0.01,no
2026-10-05T04:42:50.516719Z,KXBTC15M-26OCT050045-45,0.0060,0.82,no
2026-10-05T04:42:50.516719Z,KXBTC15M-26OCT050045-45,0.0070,0.01,no
2026-10-05T04:42:50.516719Z,KXBTC15M-26OCT050045-45,0.0060,15.00,no
2026-10-05T04:42:50.516719Z,KXBTC15M-26OCT050045-45,0.0060,15.00,no
2026-10-05T04:42:50.516719Z,KXBTC15M-26OCT050045-45,0.0070,4.00,no
2026-10-05T04:42:50.516719Z,KXBTC15M-26OCT050045-45,0.0060,15.00,no
2026-10-05T04:42:50.516719Z,KXBTC15M-26OCT050045-45,0.0070,268.02,no
2026-10-05T04:42:50.516719Z,KXBTC15M-26OCT050045-45,0.0060,0.91,no
2026-10-05T04:42:50.516719Z,KXBTC15M-26OCT050045-45,0.0070,0.01,no
2026-10-05T04:42:50.791428Z,KXBTC15M-26OCT050045-45,0.0050,22.00,no
2026-10-05T04:42:50.791428Z,KXBTC15M-26OCT050045-45,0.0060,119.18,no
2026-10-05T04:42:50.791428Z,KXBTC15M-26OCT050045-45,0.0070,0.01,no
2026-10-05T04:42:50.791428Z,KXBTC15M-26OCT050045-45,0.0060,4.00,no
2026-10-05T04:42:50.791428Z,KXBTC15M-26OCT050045-45,0.0050,15.00,no
2026-10-05T04:42:50.791428Z,KXBTC15M-26OCT050045-45,0.0050,448.41,no
2026-10-05T04:42:50.791428Z,KXBTC15M-26OCT050045-45,0.0070,0.01,no
2026-10-05T04:42:50.827357Z,KXBTC15M-26OCT050045-45,0.0080,0.27,yes
2026-10-05T04:42:50.827357Z,KXBTC15M-26OCT050045-45,0.0080,0.98,yes
2026-10-05T04:42:50.827357Z,KXBTC15M-26OCT050045-45,0.0080,0.01,yes
2026-10-05T04:42:50.827357Z,KXBTC15M-26OCT050045-45,0.0080,0.01,yes
2026-10-05T04:42:50.827357Z,KXBTC15M-26OCT050045-45,0.0080,1.00,yes
2026-10-05T04:42:50.827357Z,KXBTC15M-26OCT050045-45,0.0080,15.00,yes
2026-10-05T04:42:50.827357Z,KXBTC15M-26OCT050045-45,0.0080,14.00,yes
2026-10-05T04:42:50.827357Z,KXBTC15M-26OCT050045-45,0.0080,200.00,yes
2026-10-05T04:42:50.827357Z,KXBTC15M-26OCT050045-45,0.0080,142.31,yes
2026-10-05T04:42:50.827357Z,KXBTC15M-26OCT050045-45,0.0080,10.00,yes
2026-10-05T04:42:50.827357Z,KXBTC15M-26OCT050045-45,0.0080,142.00,yes
2026-10-05T04:42:50.831251Z,KXBTC15M-26OCT050045-45,0.0060,61.00,no
2026-10-05T04:42:50.831251Z,KXBTC15M-26OCT050045-45,0.0070,0.01,no
2026-10-05T04:42:50.831251Z,KXBTC15M-26OCT050045-45,0.0070,0.01,no
2026-10-05T04:42:50.852858Z,KXBTC15M-26OCT050045-45,0.0060,15.00,yes
2026-10-05T04:42:50.891808Z,KXBTC15M-26OCT050045-45,0.0050,1.00,no
2026-10-05T04:42:50.891808Z,KXBTC15M-26OCT050045-45,0.0050,165.64,no
2026-10-05T04:42:51.055346Z,KXBTC15M-26OCT050045-45,0.0060,0.02,yes
2026-10-05T04:42:51.055677Z,KXBTC15M-26OCT050045-45,0.0060,0.02,yes
2026-10-05T04:42:51.055886Z,KXBTC15M-26OCT050045-45,0.0060,312.00,yes
2026-10-05T04:42:51.056055Z,KXBTC15M-26OCT050045-45,0.0060,0.02,yes
2026-10-05T04:42:51.056719Z,KXBTC15M-26OCT050045-45,0.0060,306.79,yes
2026-10-05T04:42:51.056719Z,KXBTC15M-26OCT050045-45,0.0060,500.00,yes
2026-10-05T04:42:51.056719Z,KXBTC15M-26OCT050045-45,0.0060,3193.21,yes
2026-10-05T04:42:51.05713Z,KXBTC15M-26OCT050045-45,0.0060,0.02,yes
2026-10-05T04:42:51.060444Z,KXBTC15M-26OCT050045-45,0.0050,69.00,no
2026-10-05T04:42:51.060444Z,KXBTC15M-26OCT050045-45,0.0050,0.01,no
2026-10-05T04:42:51.060444Z,KXBTC15M-26OCT050045-45,0.0050,4.00,no
2026-10-05T04:42:51.060444Z,KXBTC15M-26OCT050045-45,0.0050,0.01,no
2026-10-05T04:42:51.060444Z,KXBTC15M-26OCT050045-45,0.0050,400.00,no
2026-10-05T04:42:51.060444Z,KXBTC15M-26OCT050045-45,0.0050,1.00,no
2026-10-05T04:42:51.060444Z,KXBTC15M-26OCT050045-45,0.0050,22.00,no
2026-10-05T04:42:51.067462Z,KXBTC15M-26OCT050045-45,0.0050,40.32,no
2026-10-05T04:42:51.106184Z,KXBTC15M-26OCT050045-45,0.0050,2.00,no
2026-10-05T04:42:51.106184Z,KXBTC15M-26OCT050045-45,0.0050,39.25,no
2026-10-05T04:42:51.174003Z,KXBTC15M-26OCT050045-45,0.0050,22.00,no
2026-10-05T04:42:51.174003Z,KXBTC15M-26OCT050045-45,0.0050,0.01,no
2026-10-05T04:42:51.174003Z,KXBTC15M-26OCT050045-45,0.0050,400.00,no
2026-10-05T04:42:51.174003Z,KXBTC15M-26OCT050045-45,0.0050,10.00,no
2026-10-05T04:42:51.17416Z,KXBTC15M-26OCT050045-45,0.0040,0.02,no
2026-10-05T04:42:51.175419Z,KXBTC15M-26OCT050045-45,0.0050,0.01,no
2026-10-05T04:42:51.176806Z,KXBTC15M-26OCT050045-45,0.0050,30.00,no
2026-10-05T04:42:51.197022Z,KXBTC15M-26OCT050045-45,0.0060,0.02,yes
2026-10-05T04:42:51.197022Z,KXBTC15M-26OCT050045-45,0.0060,17.00,yes
2026-10-05T04:42:51.197022Z,KXBTC15M-26OCT050045-45,0.0060,100.00,yes
2026-10-05T04:42:51.197022Z,KXBTC15M-26OCT050045-45,0.0060,40.32,yes
2026-10-05T04:42:51.197022Z,KXBTC15M-26OCT050045-45,0.0060,0.01,yes
2026-10-05T04:42:51.197022Z,KXBTC15M-26OCT050045-45,0.0060,0.01,yes
2026-10-05T04:42:51.197022Z,KXBTC15M-26OCT050045-45,0.0060,16.18,yes
2026-10-05T04:42:51.197022Z,KXBTC15M-26OCT050045-45,0.0060,15.00,yes
2026-10-05T04:42:51.209088Z,KXBTC15M-26OCT050045-45,0.0060,116.88,yes
2026-10-05T04:42:51.259565Z,KXBTC15M-26OCT050045-45,0.0060,15.00,yes
2026-10-05T04:42:51.259565Z,KXBTC15M-26OCT050045-45,0.0060,0.01,yes
2026-10-05T04:42:51.259565Z,KXBTC15M-26OCT050045-45,0.0060,0.01,yes
2026-10-05T04:42:51.259565Z,KXBTC15M-26OCT050045-45,0.0060,134.57,yes
2026-10-05T04:42:51.327619Z,KXBTC15M-26OCT050045-45,0.0060,116.88,yes
2026-10-05T04:42:51.36573Z,KXBTC15M-26OCT050045-45,0.0060,1.52,yes
2026-10-05T04:42:51.473193Z,KXBTC15M-26OCT050045-45,0.0060,24.62,yes
2026-10-05T04:42:51.477309Z,KXBTC15M-26OCT050045-45,0.0060,107.74,yes
2026-10-05T04:42:51.700702Z,KXBTC15M-26OCT050045-45,0.0060,15.58,yes
2026-10-05T04:42:51.706359Z,KXBTC15M-26OCT050045-45,0.0060,2.25,yes
2026-10-05T04:42:51.934903Z,KXBTC15M-26OCT050045-45,0.0060,77.91,yes
2026-10-05T04:42:51.950648Z,KXBTC15M-26OCT050045-45,0.0060,292.71,yes
2026-10-05T04:42:51.950648Z,KXBTC15M-26OCT050045-45,0.0060,18.93,yes
2026-10-05T04:42:51.999329Z,KXBTC15M-26OCT050045-45,0.0030,1395.00,no
2026-10-05T04:42:51.999329Z,KXBTC15M-26OCT050045-45,0.0030,771.77,no
2026-10-05T04:42:51.999329Z,KXBTC15M-26OCT050045-45,0.0040,130.28,no
2026-10-05T04:42:51.999329Z,KXBTC15M-26OCT050045-45,0.0040,1.00,no
2026-10-05T04:42:51.999329Z,KXBTC15M-26OCT050045-45,0.0040,1.00,no
2026-10-05T04:42:51.999329Z,KXBTC15M-26OCT050045-45,0.0040,13.00,no
2026-10-05T04:42:51.999329Z,KXBTC15M-26OCT050045-45,0.0040,1.00,no
2026-10-05T04:42:51.999329Z,KXBTC15M-26OCT050045-45,0.0040,1.00,no
2026-10-05T04:42:51.999329Z,KXBTC15M-26OCT050045-45,0.0040,1.00,no
2026-10-05T04:42:51.999329Z,KXBTC15M-26OCT050045-45,0.0040,15.00,no
2026-10-05T04:42:51.999329Z,KXBTC15M-26OCT050045-45,0.0040,15.00,no
2026-10-05T04:42:51.999329Z,KXBTC15M-26OCT050045-45,0.0050,15.00,no
2026-10-05T04:42:51.999329Z,KXBTC15M-26OCT050045-45,0.0050,0.01,no
2026-10-05T04:42:51.999329Z,KXBTC15M-26OCT050045-45,0.0050,0.01,no
2026-10-05T04:42:51.999329Z,KXBTC15M-26OCT050045-45,0.0040,4.00,no
2026-10-05T04:42:51.999329Z,KXBTC15M-26OCT050045-45,0.0050,15.00,no
2026-10-05T04:42:51.999329Z,KXBTC15M-26OCT050045-45,0.0050,22.00,no
2026-10-05T04:42:51.999329Z,KXBTC15M-26OCT050045-45,0.0040,150.00,no
2026-10-05T04:42:51.999329Z,KXBTC15M-26OCT050045-45,0.0050,24.06,no
2026-10-05T04:42:51.999329Z,KXBTC15M-26OCT050045-45,0.0050,100.00,no
2026-10-05T04:42:51.999329Z,KXBTC15M-26OCT050045-45,0.0050,400.00,no
2026-10-05T04:42:51.999329Z,KXBTC15M-26OCT050045-45,0.0040,8.00,no
2026-10-05T04:42:51.999329Z,KXBTC15M-26OCT050045-45,0.0040,10.00,no
2026-10-05T04:42:52.009069Z,KXBTC15M-26OCT050045-45,0.0040,20.00,no
2026-10-05T04:42:52.009069Z,KXBTC15M-26OCT050045-45,0.0050,0.01,no
2026-10-05T04:42:52.009069Z,KXBTC15M-26OCT050045-45,0.0050,0.01,no
2026-10-05T04:42:52.009069Z,KXBTC15M-26OCT050045-45,0.0040,254.28,no
2026-10-05T04:42:52.022098Z,KXBTC15M-26OCT050045-45,0.0040,37.39,yes
2026-10-05T04:42:52.140395Z,KXBTC15M-26OCT050045-45,0.0040,125.99,yes
2026-10-05T04:42:52.197752Z,KXBTC15M-26OCT050045-45,0.0050,200.79,yes
2026-10-05T04:42:52.197752Z,KXBTC15M-26OCT050045-45,0.0040,0.01,yes
2026-10-05T04:42:52.197752Z,KXBTC15M-26OCT050045-45,0.0040,0.01,yes
2026-10-05T04:42:52.197752Z,KXBTC15M-26OCT050045-45,0.0040,562.32,yes
2026-10-05T04:42:52.197752Z,KXBTC15M-26OCT050045-45,0.0040,15.00,yes
2026-10-05T04:42:52.197752Z,KXBTC15M-26OCT050045-45,0.0040,1.00,yes
2026-10-05T04:42:52.233483Z,KXBTC15M-26OCT050045-45,0.0050,1.00,yes
2026-10-05T04:42:52.233483Z,KXBTC15M-26OCT050045-45,0.0050,500.00,yes
2026-10-05T04:42:52.233483Z,KXBTC15M-26OCT050045-45,0.0060,265.62,yes
2026-10-05T04:42:52.233483Z,KXBTC15M-26OCT050045-45,0.0060,17.00,yes
2026-10-05T04:42:52.233483Z,KXBTC15M-26OCT050045-45,0.0050,0.01,yes
2026-10-05T04:42:52.233483Z,KXBTC15M-26OCT050045-45,0.0060,130.28,yes
2026-10-05T04:42:52.233483Z,KXBTC15M-26OCT050045-45,0.0050,179.21,yes
2026-10-05T04:42:52.233483Z,KXBTC15M-26OCT050045-45,0.0050,0.01,yes
2026-10-05T04:42:52.233483Z,KXBTC15M-26OCT050045-45,0.0050,10.00,yes
2026-10-05T04:42:52.233483Z,KXBTC15M-26OCT050045-45,0.0060,0.25,yes
2026-10-05T04:42:52.301082Z,KXBTC15M-26OCT050045-45,0.0050,15.00,yes
2026-10-05T04:42:52.301082Z,KXBTC15M-26OCT050045-45,0.0060,54.12,yes
2026-10-05T04:42:52.301082Z,KXBTC15M-26OCT050045-45,0.0050,0.01,yes
2026-10-05T04:42:52.301082Z,KXBTC15M-26OCT050045-45,0.0050,15.00,yes
2026-10-05T04:42:52.301082Z,KXBTC15M-26OCT050045-45,0.0050,0.01,yes
2026-10-05T04:42:52.343089Z,KXBTC15M-26OCT050045-45,0.0050,0.01,yes
2026-10-05T04:42:52.343089Z,KXBTC15M-26OCT050045-45,0.0060,23.05,yes
2026-10-05T04:42:52.343089Z,KXBTC15M-26OCT050045-45,0.0050,0.01,yes
2026-10-05T04:42:52.343089Z,KXBTC15M-26OCT050045-45,0.0050,15.00,yes
2026-10-05T04:42:52.460573Z,KXBTC15M-26OCT050045-45,0.0050,0.01,yes
2026-10-05T04:42:52.460573Z,KXBTC15M-26OCT050045-45,0.0060,23.94,yes
2026-10-05T04:42:52.460573Z,KXBTC15M-26OCT050045-45,0.0050,15.00,yes
2026-10-05T04:42:52.460573Z,KXBTC15M-26OCT050045-45,0.0050,0.01,yes
2026-10-05T04:42:52.463896Z,KXBTC15M-26OCT050045-45,0.0030,120.00,no
2026-10-05T04:42:52.463896Z,KXBTC15M-26OCT050045-45,0.0030,1028.23,no
2026-10-05T04:42:52.463896Z,KXBTC15M-26OCT050045-45,0.0030,1800.00,no
2026-10-05T04:42:52.463896Z,KXBTC15M-26OCT050045-45,0.0020,1101.45,no
2026-10-05T04:42:52.463896Z,KXBTC15M-26OCT050045-45,0.0030,1800.00,no
2026-10-05T04:42:52.463896Z,KXBTC15M-26OCT050045-45,0.0030,250.00,no
2026-10-05T04:42:52.463896Z,KXBTC15M-26OCT050045-45,0.0030,18.00,no
2026-10-05T04:42:52.463896Z,KXBTC15M-26OCT050045-45,0.0030,2.00,no
2026-10-05T04:42:52.463896Z,KXBTC15M-26OCT050045-45,0.0030,2.00,no
2026-10-05T04:42:52.463896Z,KXBTC15M-26OCT050045-45,0.0030,2.00,no
2026-10-05T04:42:52.463896Z,KXBTC15M-26OCT050045-45,0.0030,2.00,no
2026-10-05T04:42:52.463896Z,KXBTC15M-26OCT050045-45,0.0030,2.00,no
2026-10-05T04:42:52.463896Z,KXBTC15M-26OCT050045-45,0.0030,10.00,no
2026-10-05T04:42:52.463896Z,KXBTC15M-26OCT050045-45,0.0040,15.00,no
2026-10-05T04:42:52.463896Z,KXBTC15M-26OCT050045-45,0.0040,20.00,no
2026-10-05T04:42:52.463896Z,KXBTC15M-26OCT050045-45,0.0030,15.00,no
2026-10-05T04:42:52.463896Z,KXBTC15M-26OCT050045-45,0.0040,150.00,no
2026-10-05T04:42:52.463896Z,KXBTC15M-26OCT050045-45,0.0030,15000.00,no
2026-10-05T04:42:52.463896Z,KXBTC15M-26OCT050045-45,0.0040,15.00,no
2026-10-05T04:42:52.463896Z,KXBTC15M-26OCT050045-45,0.0040,15.00,no
2026-10-05T04:42:52.463896Z,KXBTC15M-26OCT050045-45,0.0030,17.00,no
2026-10-05T04:42:52.463896Z,KXBTC15M-26OCT050045-45,0.0040,500.00,no
2026-10-05T04:42:52.463896Z,KXBTC15M-26OCT050045-45,0.0040,500.00,no
2026-10-05T04:42:52.463896Z,KXBTC15M-26OCT050045-45,0.0040,400.00,no
2026-10-05T04:42:52.463896Z,KXBTC15M-26OCT050045-45,0.0040,15.00,no
2026-10-05T04:42:52.463896Z,KXBTC15M-26OCT050045-45,0.0040,0.01,no
2026-10-05T04:42:52.463896Z,KXBTC15M-26OCT050045-45,0.0040,1.00,no
2026-10-05T04:42:52.463896Z,KXBTC15M-26OCT050045-45,0.0040,0.01,no
2026-10-05T04:42:52.463896Z,KXBTC15M-26OCT050045-45,0.0030,4.00,no
2026-10-05T04:42:52.463896Z,KXBTC15M-26OCT050045-45,0.0030,63.00,no
2026-10-05T04:42:52.463896Z,KXBTC15M-26OCT050045-45,0.0030,10.00,no
2026-10-05T04:42:52.463896Z,KXBTC15M-26OCT050045-45,0.0030,2.00,no
2026-10-05T04:42:52.471881Z,KXBTC15M-26OCT050045-45,0.0040,0.01,no
2026-10-05T04:42:52.471881Z,KXBTC15M-26OCT050045-45,0.0040,0.01,no
2026-10-05T04:42:52.471881Z,KXBTC15M-26OCT050045-45,0.0030,25.00,no
2026-10-05T04:42:52.495451Z,KXBTC15M-26OCT050045-45,0.0020,24.00,no
2026-10-05T04:42:52.522894Z,KXBTC15M-26OCT050045-45,0.0030,313.11,yes
2026-10-05T04:42:52.522894Z,KXBTC15M-26OCT050045-45,0.0030,1.00,yes
2026-10-05T04:42:52.522894Z,KXBTC15M-26OCT050045-45,0.0030,200.00,yes
2026-10-05T04:42:52.522894Z,KXBTC15M-26OCT050045-45,0.0030,24.00,yes
2026-10-05T04:42:52.522894Z,KXBTC15M-26OCT050045-45,0.0040,120.00,yes
2026-10-05T04:42:52.522894Z,KXBTC15M-26OCT050045-45,0.0030,0.01,yes
2026-10-05T04:42:52.522894Z,KXBTC15M-26OCT050045-45,0.0040,23.00,yes
2026-10-05T04:42:52.522894Z,KXBTC15M-26OCT050045-45,0.0030,15.00,yes
2026-10-05T04:42:52.522894Z,KXBTC15M-26OCT050045-45,0.0050,199.20,yes
2026-10-05T04:42:52.522894Z,KXBTC15M-26OCT050045-45,0.0050,0.01,yes
2026-10-05T04:42:52.522894Z,KXBTC15M-26OCT050045-45,0.0030,1076.43,yes
2026-10-05T04:42:52.522894Z,KXBTC15M-26OCT050045-45,0.0040,1028.23,yes
2026-10-05T04:42:52.522894Z,KXBTC15M-26OCT050045-45,0.0030,0.01,yes
2026-10-05T04:42:52.546164Z,KXBTC15M-26OCT050045-45,0.0030,150.00,no
2026-10-05T04:42:52.546164Z,KXBTC15M-26OCT050045-45,0.0030,0.01,no
2026-10-05T04:42:52.546164Z,KXBTC15M-26OCT050045-45,0.0030,19.65,no
2026-10-05T04:42:52.546164Z,KXBTC15M-26OCT050045-45,0.0030,25.00,no
2026-10-05T04:42:52.546164Z,KXBTC15M-26OCT050045-45,0.0030,0.01,no
2026-10-05T04:42:52.546164Z,KXBTC15M-26OCT050045-45,0.0030,55.33,no
2026-10-05T04:42:52.566193Z,KXBTC15M-26OCT050045-45,0.0030,10.00,no
2026-10-05T04:42:52.566193Z,KXBTC15M-26OCT050045-45,0.0030,0.01,no
2026-10-05T04:42:52.566193Z,KXBTC15M-26OCT050045-45,0.0030,25.00,no
2026-10-05T04:42:52.566193Z,KXBTC15M-26OCT050045-45,0.0030,0.01,no
2026-10-05T04:42:52.566193Z,KXBTC15M-26OCT050045-45,0.0030,4.08,no
2026-10-05T04:42:52.575499Z,KXBTC15M-26OCT050045-45,0.0040,0.01,yes
2026-10-05T04:42:52.575499Z,KXBTC15M-26OCT050045-45,0.0040,15.00,yes
2026-10-05T04:42:52.575499Z,KXBTC15M-26OCT050045-45,0.0040,0.01,yes
2026-10-05T04:42:52.575499Z,KXBTC15M-26OCT050045-45,0.0050,104.97,yes
2026-10-05T04:42:52.594442Z,KXBTC15M-26OCT050045-45,0.0050,155.83,yes
2026-10-05T04:42:52.603937Z,KXBTC15M-26OCT050045-45,0.0050,60.57,yes
2026-10-05T04:42:52.617145Z,KXBTC15M-26OCT050045-45,0.0050,332.97,yes
2026-10-05T04:42:52.617145Z,KXBTC15M-26OCT050045-45,0.0050,1279.43,yes
2026-10-05T04:42:52.620417Z,KXBTC15M-26OCT050045-45,0.0050,155.83,yes
2026-10-05T04:42:52.620786Z,KXBTC15M-26OCT050045-45,0.0040,0.01,no
2026-10-05T04:42:52.620786Z,KXBTC15M-26OCT050045-45,0.0040,0.01,no
2026-10-05T04:42:52.620786Z,KXBTC15M-26OCT050045-45,0.0040,20.00,no
2026-10-05T04:42:52.620786Z,KXBTC15M-26OCT050045-45,0.0040,150.00,no
2026-10-05T04:42:52.620786Z,KXBTC15M-26OCT050045-45,0.0040,400.00,no
2026-10-05T04:42:52.687391Z,KXBTC15M-26OCT050045-45,0.0040,155.83,yes
2026-10-05T04:42:52.71969Z,KXBTC15M-26OCT050045-45,0.0040,156.82,yes
2026-10-05T04:42:52.767325Z,KXBTC15M-26OCT050045-45,0.0040,0.41,yes
2026-10-05T04:42:52.80278Z,KXBTC15M-26OCT050045-45,0.0040,156.82,yes
2026-10-05T04:42:52.82579Z,KXBTC15M-26OCT050045-45,0.0040,312.65,yes
2026-10-05T04:42:52.865367Z,KXBTC15M-26OCT050045-45,0.0030,0.02,no
2026-10-05T04:42:52.865595Z,KXBTC15M-26OCT050045-45,0.0030,0.02,no
2026-10-05T04:42:52.866379Z,KXBTC15M-26OCT050045-45,0.0030,0.02,no
2026-10-05T04:42:52.872241Z,KXBTC15M-26OCT050045-45,0.0030,0.02,no
2026-10-05T04:42:52.913128Z,KXBTC15M-26OCT050045-45,0.0040,27.29,yes
2026-10-05T04:42:52.961553Z,KXBTC15M-26OCT050045-45,0.0040,483.50,yes
2026-10-05T04:42:53.108508Z,KXBTC15M-26OCT050045-45,0.0040,19.08,yes
2026-10-05T04:42:53.133573Z,KXBTC15M-26OCT050045-45,0.0040,111.50,yes
2026-10-05T04:42:53.298533Z,KXBTC15M-26OCT050045-45,0.0040,0.01,yes
2026-10-05T04:42:53.298533Z,KXBTC15M-26OCT050045-45,0.0040,0.01,yes
2026-10-05T04:42:53.298533Z,KXBTC15M-26OCT050045-45,0.0040,0.25,yes
2026-10-05T04:42:53.298533Z,KXBTC15M-26OCT050045-45,0.0040,227.77,yes
2026-10-05T04:42:53.298533Z,KXBTC15M-26OCT050045-45,0.0040,1.00,yes
2026-10-05T04:42:53.352626Z,KXBTC15M-26OCT050045-45,0.0040,540.00,yes
2026-10-05T04:42:53.410188Z,KXBTC15M-26OCT050045-45,0.0040,458.07,yes
2026-10-05T04:42:53.425359Z,KXBTC15M-26OCT050045-45,0.0030,24.62,no
2026-10-05T04:42:53.436275Z,KXBTC15M-26OCT050045-45,0.0040,116.87,yes
2026-10-05T04:42:53.458447Z,KXBTC15M-26OCT050045-45,0.0040,114.53,yes
2026-10-05T04:42:53.523982Z,KXBTC15M-26OCT050045-45,0.0030,33.09,no
2026-10-05T04:42:53.531576Z,KXBTC15M-26OCT050045-45,0.0040,25.66,yes
2026-10-05T04:42:53.543514Z,KXBTC15M-26OCT050045-45,0.0040,229.04,yes
2026-10-05T04:42:53.574047Z,KXBTC15M-26OCT050045-45,0.0040,185.13,yes
2026-10-05T04:42:53.668671Z,KXBTC15M-26OCT050045-45,0.0040,0.13,yes
2026-10-05T04:42:53.775382Z,KXBTC15M-26OCT050045-45,0.0040,229.04,yes
2026-10-05T04:42:53.829239Z,KXBTC15M-26OCT050045-45,0.0040,20.10,yes
2026-10-05T04:42:53.896293Z,KXBTC15M-26OCT050045-45,0.0040,885.21,yes
2026-10-05T04:42:53.896293Z,KXBTC15M-26OCT050045-45,0.0040,250.73,yes
2026-10-05T04:42:53.896293Z,KXBTC15M-26OCT050045-45,0.0040,500.00,yes
2026-10-05T04:42:53.907633Z,KXBTC15M-26OCT050045-45,0.0040,229.04,yes
2026-10-05T04:42:54.030298Z,KXBTC15M-26OCT050045-45,0.0040,229.04,yes
2026-10-05T04:42:54.078028Z,KXBTC15M-26OCT050045-45,0.0040,229.04,yes
2026-10-05T04:42:54.278879Z,KXBTC15M-26OCT050045-45,0.0040,354.29,yes
2026-10-05T04:42:54.303932Z,KXBTC15M-26OCT050045-45,0.0040,102.51,yes
2026-10-05T04:42:54.388788Z,KXBTC15M-26OCT050045-45,0.0040,112.19,yes
2026-10-05T04:42:54.495731Z,KXBTC15M-26OCT050045-45,0.0040,72.29,yes
2026-10-05T04:42:54.496942Z,KXBTC15M-26OCT050045-45,0.0040,229.04,yes
2026-10-05T04:42:54.52136Z,KXBTC15M-26OCT050045-45,0.0040,232.49,yes
2026-10-05T04:42:55.141607Z,KXBTC15M-26OCT050045-45,0.0040,39.40,yes
2026-10-05T04:42:55.441461Z,KXBTC15M-26OCT050045-45,0.0040,229.04,yes
2026-10-05T04:42:55.486204Z,KXBTC15M-26OCT050045-45,0.0040,11.45,yes
2026-10-05T04:42:55.534075Z,KXBTC15M-26OCT050045-45,0.0040,229.04,yes
2026-10-05T04:42:55.590666Z,KXBTC15M-26OCT050045-45,0.0040,224.37,yes
2026-10-05T04:42:55.700488Z,KXBTC15M-26OCT050045-45,0.0040,69.70,yes
2026-10-05T04:42:55.710199Z,KXBTC15M-26OCT050045-45,0.0030,501.39,no
2026-10-05T04:42:55.724264Z,KXBTC15M-26OCT050045-45,0.0040,4.94,yes
2026-10-05T04:42:55.73335Z,KXBTC15M-26OCT050045-45,0.0030,376.13,no
2026-10-05T04:42:55.78309Z,KXBTC15M-26OCT050045-45,0.0030,60.16,no
2026-10-05T04:42:55.794276Z,KXBTC15M-26OCT050045-45,0.0040,229.04,yes
2026-10-05T04:42:55.874087Z,KXBTC15M-26OCT050045-45,0.0040,500.00,yes
2026-10-05T04:42:55.874087Z,KXBTC15M-26OCT050045-45,0.0040,1287.88,yes
2026-10-05T04:42:55.874087Z,KXBTC15M-26OCT050045-45,0.0040,0.01,yes
2026-10-05T04:42:55.874087Z,KXBTC15M-26OCT050045-45,0.0040,0.01,yes
2026-10-05T04:42:55.874087Z,KXBTC15M-26OCT050045-45,0.0040,502.42,yes
2026-10-05T04:42:56.055931Z,KXBTC15M-26OCT050045-45,0.0040,113.35,yes
2026-10-05T04:42:56.172271Z,KXBTC15M-26OCT050045-45,0.0040,219.88,yes
2026-10-05T04:42:56.188717Z,KXBTC15M-26OCT050045-45,0.0040,81.84,yes
2026-10-05T04:42:56.258416Z,KXBTC15M-26OCT050045-45,0.0040,229.04,yes
2026-10-05T04:42:56.316545Z,KXBTC15M-26OCT050045-45,0.0040,1.38,yes
2026-10-05T04:42:56.374226Z,KXBTC15M-26OCT050045-45,0.0040,705.74,yes
2026-10-05T04:42:56.429294Z,KXBTC15M-26OCT050045-45,0.0030,25.00,no
2026-10-05T04:42:56.429294Z,KXBTC15M-26OCT050045-45,0.0030,15.00,no
2026-10-05T04:42:56.429294Z,KXBTC15M-26OCT050045-45,0.0030,0.01,no
2026-10-05T04:42:56.429294Z,KXBTC15M-26OCT050045-45,0.0030,4.11,no
2026-10-05T04:42:56.463105Z,KXBTC15M-26OCT050045-45,0.0040,159.00,yes
2026-10-05T04:42:56.723308Z,KXBTC15M-26OCT050045-45,0.0040,2.29,yes
2026-10-05T04:42:56.741474Z,KXBTC15M-26OCT050045-45,0.0040,78.14,yes
2026-10-05T04:42:56.741474Z,KXBTC15M-26OCT050045-45,0.0040,510.00,yes
2026-10-05T04:42:56.741474Z,KXBTC15M-26OCT050045-45,0.0040,38.71,yes
2026-10-05T04:42:56.741474Z,KXBTC15M-26OCT050045-45,0.0040,500.00,yes
2026-10-05T04:42:56.741474Z,KXBTC15M-26OCT050045-45,0.0040,0.01,yes
2026-10-05T04:42:56.741474Z,KXBTC15M-26OCT050045-45,0.0040,0.01,yes
2026-10-05T04:42:56.741474Z,KXBTC15M-26OCT050045-45,0.0040,1.00,yes
2026-10-05T04:42:56.741474Z,KXBTC15M-26OCT050045-45,0.0040,17.00,yes
2026-10-05T04:42:56.741474Z,KXBTC15M-26OCT050045-45,0.0040,0.04,yes
2026-10-05T04:42:56.741474Z,KXBTC15M-26OCT050045-45,0.0040,0.25,yes
2026-10-05T04:42:56.794014Z,KXBTC15M-26OCT050045-45,0.0030,65.17,no
2026-10-05T04:42:56.875379Z,KXBTC15M-26OCT050045-45,0.0030,10.00,no
2026-10-05T04:42:56.875379Z,KXBTC15M-26OCT050045-45,0.0030,80.72,no
2026-10-05T04:42:56.875379Z,KXBTC15M-26OCT050045-45,0.0030,473.24,no
2026-10-05T04:42:56.875379Z,KXBTC15M-26OCT050045-45,0.0030,25.00,no
2026-10-05T04:42:56.875379Z,KXBTC15M-26OCT050045-45,0.0030,0.01,no
2026-10-05T04:42:56.875379Z,KXBTC15M-26OCT050045-45,0.0030,0.01,no
2026-10-05T04:42:56.91275Z,KXBTC15M-26OCT050045-45,0.0040,2290.32,yes
2026-10-05T04:42:56.918733Z,KXBTC15M-26OCT050045-45,0.0040,458.07,yes
2026-10-05T04:42:56.950101Z,KXBTC15M-26OCT050045-45,0.0020,4884.27,no
2026-10-05T04:42:56.950101Z,KXBTC15M-26OCT050045-45,0.0030,0.01,no
2026-10-05T04:42:56.950101Z,KXBTC15M-26OCT050045-45,0.0030,0.01,no
2026-10-05T04:42:56.950101Z,KXBTC15M-26OCT050045-45,0.0030,25.00,no
2026-10-05T04:42:56.958446Z,KXBTC15M-26OCT050045-45,0.0030,0.01,no
2026-10-05T04:42:57.07464Z,KXBTC15M-26OCT050045-45,0.0030,233.72,yes
2026-10-05T04:42:57.118245Z,KXBTC15M-26OCT050045-45,0.0030,2337.07,yes
2026-10-05T04:42:57.151512Z,KXBTC15M-26OCT050045-45,0.0030,233.72,yes
2026-10-05T04:42:57.268021Z,KXBTC15M-26OCT050045-45,0.0030,5.11,yes
2026-10-05T04:42:57.294386Z,KXBTC15M-26OCT050045-45,0.0020,659.75,no
2026-10-05T04:42:57.296324Z,KXBTC15M-26OCT050045-45,0.0020,798.67,no
2026-10-05T04:42:57.325192Z,KXBTC15M-26OCT050045-45,0.0030,2117.36,yes
2026-10-05T04:42:57.325192Z,KXBTC15M-26OCT050045-45,0.0030,0.01,yes
2026-10-05T04:42:57.325192Z,KXBTC15M-26OCT050045-45,0.0030,2074.64,yes
2026-10-05T04:42:57.325192Z,KXBTC15M-26OCT050045-45,0.0030,15.00,yes
2026-10-05T04:42:57.325192Z,KXBTC15M-26OCT050045-45,0.0030,1.00,yes
2026-10-05T04:42:57.325192Z,KXBTC15M-26OCT050045-45,0.0030,0.01,yes
2026-10-05T04:42:57.472629Z,KXBTC15M-26OCT050045-45,0.0030,46.74,yes
2026-10-05T04:42:57.743699Z,KXBTC15M-26OCT050045-45,0.0030,169.62,yes
2026-10-05T04:42:57.752944Z,KXBTC15M-26OCT050045-45,0.0030,31.16,yes
2026-10-05T04:42:57.777846Z,KXBTC15M-26OCT050045-45,0.0030,469.80,yes
2026-10-05T04:42:57.777846Z,KXBTC15M-26OCT050045-45,0.0030,698.74,yes
2026-10-05T04:42:57.822021Z,KXBTC15M-26OCT050045-45,0.0030,305.35,yes
2026-10-05T04:42:57.866109Z,KXBTC15M-26OCT050045-45,0.0030,1.00,yes
2026-10-05T04:42:57.866109Z,KXBTC15M-26OCT050045-45,0.0030,0.25,yes
2026-10-05T04:42:57.866109Z,KXBTC15M-26OCT050045-45,0.0030,798.67,yes
2026-10-05T04:42:57.866109Z,KXBTC15M-26OCT050045-45,0.0030,1318.14,yes
2026-10-05T04:42:57.866109Z,KXBTC15M-26OCT050045-45,0.0030,659.75,yes
2026-10-05T04:42:57.866109Z,KXBTC15M-26OCT050045-45,0.0030,0.01,yes
2026-10-05T04:42:57.866109Z,KXBTC15M-26OCT050045-45,0.0030,0.01,yes
2026-10-05T04:42:57.866109Z,KXBTC15M-26OCT050045-45,0.0030,110.95,yes
2026-10-05T04:42:57.866109Z,KXBTC15M-26OCT050045-45,0.0030,1418.66,yes
2026-10-05T04:42:57.866109Z,KXBTC15M-26OCT050045-45,0.0030,10.00,yes
2026-10-05T04:42:57.920402Z,KXBTC15M-26OCT050045-45,0.0090,0.25,yes
2026-10-05T04:42:57.920402Z,KXBTC15M-26OCT050045-45,0.0090,6265.85,yes
2026-10-05T04:42:57.920402Z,KXBTC15M-26OCT050045-45,0.0070,10.00,yes
2026-10-05T04:42:57.920402Z,KXBTC15M-26OCT050045-45,0.0030,181.86,yes
2026-10-05T04:42:57.920402Z,KXBTC15M-26OCT050045-45,0.0030,0.01,yes
2026-10-05T04:42:57.920402Z,KXBTC15M-26OCT050045-45,0.0040,1.00,yes
2026-10-05T04:42:57.920402Z,KXBTC15M-26OCT050045-45,0.0030,0.01,yes
2026-10-05T04:42:57.920402Z,KXBTC15M-26OCT050045-45,0.0040,1006.08,yes
2026-10-05T04:42:57.920402Z,KXBTC15M-26OCT050045-45,0.0040,0.25,yes
2026-10-05T04:42:57.920402Z,KXBTC15M-26OCT050045-45,0.0080,14.00,yes
2026-10-05T04:42:57.920402Z,KXBTC15M-26OCT050045-45,0.0040,200.00,yes
2026-10-05T04:42:57.920402Z,KXBTC15M-26OCT050045-45,0.0070,15.00,yes
2026-10-05T04:42:57.920402Z,KXBTC15M-26OCT050045-45,0.0050,15.00,yes
2026-10-05T04:42:57.920402Z,KXBTC15M-26OCT050045-45,0.0040,17.00,yes
2026-10-05T04:42:57.920402Z,KXBTC15M-26OCT050045-45,0.0050,0.27,yes
2026-10-05T04:42:57.920402Z,KXBTC15M-26OCT050045-45,0.0060,405.04,yes
2026-10-05T04:42:57.920402Z,KXBTC15M-26OCT050045-45,0.0080,267.06,yes
2026-10-05T04:42:57.920402Z,KXBTC15M-26OCT050045-45,0.0080,1.00,yes
2026-10-05T04:42:57.920402Z,KXBTC15M-26OCT050045-45,0.0060,0.27,yes
2026-10-05T04:42:57.920402Z,KXBTC15M-26OCT050045-45,0.0060,17.00,yes
2026-10-05T04:42:57.920402Z,KXBTC15M-26OCT050045-45,0.0040,10.00,yes
2026-10-05T04:42:57.920402Z,KXBTC15M-26OCT050045-45,0.0050,1311.20,yes
2026-10-05T04:42:57.920402Z,KXBTC15M-26OCT050045-45,0.0080,0.30,yes
2026-10-05T04:42:57.920402Z,KXBTC15M-26OCT050045-45,0.0070,0.25,yes
2026-10-05T04:42:57.920402Z,KXBTC15M-26OCT050045-45,0.0040,129.00,yes
2026-10-05T04:42:57.920402Z,KXBTC15M-26OCT050045-45,0.0090,151.56,yes
2026-10-05T04:42:57.920402Z,KXBTC15M-26OCT050045-45,0.0090,15.00,yes
2026-10-05T04:42:57.920402Z,KXBTC15M-26OCT050045-45,0.0090,10.00,yes
2026-10-05T04:42:57.948716Z,KXBTC15M-26OCT050045-45,0.0030,0.01,yes
2026-10-05T04:42:57.948716Z,KXBTC15M-26OCT050045-45,0.0030,0.01,yes
2026-10-05T04:42:57.95514Z,KXBTC15M-26OCT050045-45,0.0050,15.00,yes
2026-10-05T04:42:57.95514Z,KXBTC15M-26OCT050045-45,0.0050,17.00,yes
2026-10-05T04:42:57.95514Z,KXBTC15M-26OCT050045-45,0.0030,0.01,yes
2026-10-05T04:42:57.95514Z,KXBTC15M-26OCT050045-45,0.0070,5.38,yes
2026-10-05T04:42:57.95514Z,KXBTC15M-26OCT050045-45,0.0040,17.00,yes
2026-10-05T04:42:57.95514Z,KXBTC15M-26OCT050045-45,0.0030,0.01,yes
2026-10-05T04:42:58.044233Z,KXBTC15M-26OCT050045-45,0.0110,0.25,yes
2026-10-05T04:42:58.044233Z,KXBTC15M-26OCT050045-45,0.0100,50.00,yes
2026-10-05T04:42:58.044233Z,KXBTC15M-26OCT050045-45,0.0200,1.00,yes
2026-10-05T04:42:58.044233Z,KXBTC15M-26OCT050045-45,0.0100,0.25,yes
2026-10-05T04:42:58.044233Z,KXBTC15M-26OCT050045-45,0.0180,0.58,yes
2026-10-05T04:42:58.044233Z,KXBTC15M-26OCT050045-45,0.0160,0.48,yes
2026-10-05T04:42:58.044233Z,KXBTC15M-26OCT050045-45,0.0170,0.53,yes
2026-10-05T04:42:58.044233Z,KXBTC15M-26OCT050045-45,0.0150,0.44,yes
2026-10-05T04:42:58.044233Z,KXBTC15M-26OCT050045-45,0.0140,0.30,yes
2026-10-05T04:42:58.044233Z,KXBTC15M-26OCT050045-45,0.0130,0.27,yes
2026-10-05T04:42:58.044233Z,KXBTC15M-26OCT050045-45,0.0120,861.86,yes
2026-10-05T04:42:58.044233Z,KXBTC15M-26OCT050045-45,0.0120,0.25,yes
2026-10-05T04:42:58.044233Z,KXBTC15M-26OCT050045-45,0.0140,1047.00,yes
2026-10-05T04:42:58.044233Z,KXBTC15M-26OCT050045-45,0.0210,0.41,yes
2026-10-05T04:42:58.044233Z,KXBTC15M-26OCT050045-45,0.0190,0.31,yes
2026-10-05T04:42:58.044233Z,KXBTC15M-26OCT050045-45,0.0200,0.34,yes
2026-10-05T04:42:58.044233Z,KXBTC15M-26OCT050045-45,0.0180,1047.00,yes
2026-10-05T04:42:58.044233Z,KXBTC15M-26OCT050045-45,0.0220,685.77,yes
2026-10-05T04:42:58.044233Z,KXBTC15M-26OCT050045-45,0.0200,50.00,yes
2026-10-05T04:42:58.044233Z,KXBTC15M-26OCT050045-45,0.0200,1047.00,yes
2026-10-05T04:42:58.044233Z,KXBTC15M-26OCT050045-45,0.0200,312.35,yes
2026-10-05T04:42:58.044233Z,KXBTC15M-26OCT050045-45,0.0050,117.00,yes
2026-10-05T04:42:58.044233Z,KXBTC15M-26OCT050045-45,0.0040,10.00,yes
2026-10-05T04:42:58.044233Z,KXBTC15M-26OCT050045-45,0.0210,30.00,yes
2026-10-05T04:42:58.044233Z,KXBTC15M-26OCT050045-45,0.0090,10.00,yes
2026-10-05T04:42:58.044233Z,KXBTC15M-26OCT050045-45,0.0050,1000.00,yes
2026-10-05T04:42:58.044233Z,KXBTC15M-26OCT050045-45,0.0040,10.00,yes
2026-10-05T04:42:58.044233Z,KXBTC15M-26OCT050045-45,0.0050,200.00,yes
2026-10-05T04:42:58.044233Z,KXBTC15M-26OCT050045-45,0.0040,1.00,yes
2026-10-05T04:42:58.044233Z,KXBTC15M-26OCT050045-45,0.0200,780.00,yes
2026-10-05T04:42:58.044233Z,KXBTC15M-26OCT050045-45,0.0210,45.00,yes
2026-10-05T04:42:58.044233Z,KXBTC15M-26OCT050045-45,0.0130,1.00,yes
2026-10-05T04:42:58.044233Z,KXBTC15M-26OCT050045-45,0.0200,15.00,yes
2026-10-05T04:42:58.044233Z,KXBTC15M-26OCT050045-45,0.0050,17.00,yes
2026-10-05T04:42:58.044233Z,KXBTC15M-26OCT050045-45,0.0100,5000.00,yes
2026-10-05T04:42:58.044233Z,KXBTC15M-26OCT050045-45,0.0050,0.01,yes
2026-10-05T04:42:58.044233Z,KXBTC15M-26OCT050045-45,0.0180,227.79,yes
2026-10-05T04:42:58.044233Z,KXBTC15M-26OCT050045-45,0.0200,120.00,yes
2026-10-05T04:42:58.044233Z,KXBTC15M-26OCT050045-45,0.0080,14.00,yes
2026-10-05T04:42:58.044233Z,KXBTC15M-26OCT050045-45,0.0210,35.00,yes
2026-10-05T04:42:58.044233Z,KXBTC15M-26OCT050045-45,0.0100,104.00,yes
2026-10-05T04:42:58.044233Z,KXBTC15M-26OCT050045-45,0.0040,0.01,yes
2026-10-05T04:42:58.044233Z,KXBTC15M-26OCT050045-45,0.0210,55.00,yes
2026-10-05T04:42:58.044233Z,KXBTC15M-26OCT050045-45,0.0040,17.00,yes
2026-10-05T04:42:58.044233Z,KXBTC15M-26OCT050045-45,0.0210,40.00,yes
2026-10-05T04:42:58.044233Z,KXBTC15M-26OCT050045-45,0.0040,400.00,yes
2026-10-05T04:42:58.044233Z,KXBTC15M-26OCT050045-45,0.0210,40.00,yes
2026-10-05T04:42:58.044233Z,KXBTC15M-26OCT050045-45,0.0100,2.00,yes
2026-10-05T04:42:58.044233Z,KXBTC15M-26OCT050045-45,0.0110,2.00,yes
2026-10-05T04:42:58.044233Z,KXBTC15M-26OCT050045-45,0.0120,2.00,yes
2026-10-05T04:42:58.044233Z,KXBTC15M-26OCT050045-45,0.0100,15.00,yes
2026-10-05T04:42:58.044233Z,KXBTC15M-26OCT050045-45,0.0100,2.00,yes
2026-10-05T04:42:58.044233Z,KXBTC15M-26OCT050045-45,0.0120,2.00,yes
2026-10-05T04:42:58.044233Z,KXBTC15M-26OCT050045-45,0.0110,2.00,yes
2026-10-05T04:42:58.044233Z,KXBTC15M-26OCT050045-45,0.0100,250.00,yes
2026-10-05T04:42:58.044233Z,KXBTC15M-26OCT050045-45,0.0100,5.99,yes
2026-10-05T04:42:58.044233Z,KXBTC15M-26OCT050045-45,0.0210,40.00,yes
2026-10-05T04:42:58.044233Z,KXBTC15M-26OCT050045-45,0.0210,40.00,yes
2026-10-05T04:42:58.044233Z,KXBTC15M-26OCT050045-45,0.0080,371.00,yes
2026-10-05T04:42:58.044233Z,KXBTC15M-26OCT050045-45,0.0210,8.00,yes
2026-10-05T04:42:58.044233Z,KXBTC15M-26OCT050045-45,0.0090,15.00,yes
2026-10-05T04:42:58.044233Z,KXBTC15M-26OCT050045-45,0.0210,40.00,yes
2026-10-05T04:42:58.044233Z,KXBTC15M-26OCT050045-45,0.0210,40.00,yes
2026-10-05T04:42:58.044233Z,KXBTC15M-26OCT050045-45,0.0210,10.00,yes
2026-10-05T04:42:58.044233Z,KXBTC15M-26OCT050045-45,0.0210,10.00,yes
2026-10-05T04:42:58.044233Z,KXBTC15M-26OCT050045-45,0.0150,250.00,yes
2026-10-05T04:42:58.044233Z,KXBTC15M-26OCT050045-45,0.0120,1000.00,yes
2026-10-05T04:42:58.044233Z,KXBTC15M-26OCT050045-45,0.0190,8.00,yes
2026-10-05T04:42:58.044233Z,KXBTC15M-26OCT050045-45,0.0090,1800.00,yes
2026-10-05T04:42:58.044233Z,KXBTC15M-26OCT050045-45,0.0090,94.41,yes
2026-10-05T04:42:58.044233Z,KXBTC15M-26OCT050045-45,0.0090,895.44,yes
2026-10-05T04:42:58.044233Z,KXBTC15M-26OCT050045-45,0.0200,90.00,yes
2026-10-05T04:42:58.044233Z,KXBTC15M-26OCT050045-45,0.0220,0.20,yes
2026-10-05T04:42:58.071573Z,KXBTC15M-26OCT050045-45,0.0100,1.00,yes
2026-10-05T04:42:58.071573Z,KXBTC15M-26OCT050045-45,0.0150,93.75,yes
2026-10-05T04:42:58.071573Z,KXBTC15M-26OCT050045-45,0.0160,2.00,yes
2026-10-05T04:42:58.071573Z,KXBTC15M-26OCT050045-45,0.0140,2.00,yes
2026-10-05T04:42:58.071573Z,KXBTC15M-26OCT050045-45,0.0200,15.00,yes
2026-10-05T04:42:58.071573Z,KXBTC15M-26OCT050045-45,0.0090,100.00,yes
2026-10-05T04:42:58.071573Z,KXBTC15M-26OCT050045-45,0.0140,2.00,yes
2026-10-05T04:42:58.071573Z,KXBTC15M-26OCT050045-45,0.0100,50.00,yes
2026-10-05T04:42:58.071573Z,KXBTC15M-26OCT050045-45,0.0200,38.69,yes
2026-10-05T04:42:58.071573Z,KXBTC15M-26OCT050045-45,0.0200,93.75,yes
2026-10-05T04:42:58.071573Z,KXBTC15M-26OCT050045-45,0.0090,17.00,yes
2026-10-05T04:42:58.071573Z,KXBTC15M-26OCT050045-45,0.0100,17.00,yes
2026-10-05T04:42:58.071573Z,KXBTC15M-26OCT050045-45,0.0150,15.00,yes
2026-10-05T04:42:58.071573Z,KXBTC15M-26OCT050045-45,0.0160,2.00,yes
2026-10-05T04:42:58.071573Z,KXBTC15M-26OCT050045-45,0.0150,2.00,yes
2026-10-05T04:42:58.071573Z,KXBTC15M-26OCT050045-45,0.0200,15.00,yes
2026-10-05T04:42:58.071573Z,KXBTC15M-26OCT050045-45,0.0150,2.00,yes
2026-10-05T04:42:58.071573Z,KXBTC15M-26OCT050045-45,0.0090,0.01,yes
2026-10-05T04:42:58.071573Z,KXBTC15M-26OCT050045-45,0.0150,93.75,yes
2026-10-05T04:42:58.071573Z,KXBTC15M-26OCT050045-45,0.0150,15.00,yes
2026-10-05T04:42:58.071573Z,KXBTC15M-26OCT050045-45,0.0100,1.00,yes
2026-10-05T04:42:58.083543Z,KXBTC15M-26OCT050045-45,0.0170,3.36,no
2026-10-05T04:42:58.106941Z,KXBTC15M-26OCT050045-45,0.0170,55.94,no
2026-10-05T04:42:58.112752Z,KXBTC15M-26OCT050045-45,0.0170,843.00,no
2026-10-05T04:42:58.112901Z,KXBTC15M-26OCT050045-45,0.0170,0.01,no
2026-10-05T04:42:58.112901Z,KXBTC15M-26OCT050045-45,0.0140,13.00,no
2026-10-05T04:42:58.112901Z,KXBTC15M-26OCT050045-45,0.0170,144.70,no
2026-10-05T04:42:58.112901Z,KXBTC15M-26OCT050045-45,0.0170,0.01,no
2026-10-05T04:42:58.112901Z,KXBTC15M-26OCT050045-45,0.0130,362.28,no
2026-10-05T04:42:58.126521Z,KXBTC15M-26OCT050045-45,0.0170,63.00,no
2026-10-05T04:42:58.132179Z,KXBTC15M-26OCT050045-45,0.0170,100.00,no
2026-10-05T04:42:58.152295Z,KXBTC15M-26OCT050045-45,0.0180,359.99,yes
2026-10-05T04:42:58.152295Z,KXBTC15M-26OCT050045-45,0.0180,150.00,yes
2026-10-05T04:42:58.152295Z,KXBTC15M-26OCT050045-45,0.0180,0.01,yes
2026-10-05T04:42:58.187019Z,KXBTC15M-26OCT050045-45,0.0180,40.01,yes
2026-10-05T04:42:58.187019Z,KXBTC15M-26OCT050045-45,0.0180,159.39,yes
2026-10-05T04:42:58.200849Z,KXBTC15M-26OCT050045-45,0.0170,500.10,no
2026-10-05T04:42:58.209796Z,KXBTC15M-26OCT050045-45,0.0170,3.36,no
2026-10-05T04:42:58.213164Z,KXBTC15M-26OCT050045-45,0.0180,0.02,yes
2026-10-05T04:42:58.21723Z,KXBTC15M-26OCT050045-45,0.0180,0.02,yes
2026-10-05T04:42:58.22145Z,KXBTC15M-26OCT050045-45,0.0170,71.96,no
2026-10-05T04:42:58.239509Z,KXBTC15M-26OCT050045-45,0.0170,1000.00,no
2026-10-05T04:42:58.363707Z,KXBTC15M-26OCT050045-45,0.0170,0.60,no
2026-10-05T04:42:58.368263Z,KXBTC15M-26OCT050045-45,0.0210,2.00,yes
2026-10-05T04:42:58.368263Z,KXBTC15M-26OCT050045-45,0.0220,2.00,yes
2026-10-05T04:42:58.368263Z,KXBTC15M-26OCT050045-45,0.0180,35.00,yes
2026-10-05T04:42:58.368263Z,KXBTC15M-26OCT050045-45,0.0180,9.96,yes
2026-10-05T04:42:58.368263Z,KXBTC15M-26OCT050045-45,0.0180,10.00,yes
2026-10-05T04:42:58.368263Z,KXBTC15M-26OCT050045-45,0.0200,17.00,yes
2026-10-05T04:42:58.368263Z,KXBTC15M-26OCT050045-45,0.0180,1.00,yes
2026-10-05T04:42:58.368263Z,KXBTC15M-26OCT050045-45,0.0190,2.00,yes
2026-10-05T04:42:58.368263Z,KXBTC15M-26OCT050045-45,0.0190,17.00,yes
2026-10-05T04:42:58.368263Z,KXBTC15M-26OCT050045-45,0.0180,100.00,yes
2026-10-05T04:42:58.368263Z,KXBTC15M-26OCT050045-45,0.0180,1.00,yes
2026-10-05T04:42:58.368263Z,KXBTC15M-26OCT050045-45,0.0180,0.01,yes
2026-10-05T04:42:58.368263Z,KXBTC15M-26OCT050045-45,0.0200,11.31,yes
2026-10-05T04:42:58.368263Z,KXBTC15M-26OCT050045-45,0.0180,150.00,yes
2026-10-05T04:42:58.368263Z,KXBTC15M-26OCT050045-45,0.0240,12.00,yes
2026-10-05T04:42:58.368263Z,KXBTC15M-26OCT050045-45,0.0180,0.01,yes
2026-10-05T04:42:58.368263Z,KXBTC15M-26OCT050045-45,0.0210,40.00,yes
2026-10-05T04:42:58.368263Z,KXBTC15M-26OCT050045-45,0.0190,150.00,yes
2026-10-05T04:42:58.368263Z,KXBTC15M-26OCT050045-45,0.0180,500.00,yes
2026-10-05T04:42:58.368263Z,KXBTC15M-26OCT050045-45,0.0180,400.00,yes
2026-10-05T04:42:58.368263Z,KXBTC15M-26OCT050045-45,0.0210,2.00,yes
2026-10-05T04:42:58.368263Z,KXBTC15M-26OCT050045-45,0.0210,40.00,yes
2026-10-05T04:42:58.368263Z,KXBTC15M-26OCT050045-45,0.0200,2.00,yes
2026-10-05T04:42:58.368263Z,KXBTC15M-26OCT050045-45,0.0250,477.99,yes
2026-10-05T04:42:58.368263Z,KXBTC15M-26OCT050045-45,0.0200,2.00,yes
2026-10-05T04:42:58.368263Z,KXBTC15M-26OCT050045-45,0.0250,10.00,yes
2026-10-05T04:42:58.368263Z,KXBTC15M-26OCT050045-45,0.0250,4.00,yes
2026-10-05T04:42:58.368263Z,KXBTC15M-26OCT050045-45,0.0240,0.24,yes
2026-10-05T04:42:58.368263Z,KXBTC15M-26OCT050045-45,0.0250,0.26,yes
2026-10-05T04:42:58.368263Z,KXBTC15M-26OCT050045-45,0.0230,0.22,yes
2026-10-05T04:42:58.368263Z,KXBTC15M-26OCT050045-45,0.0230,1.00,yes
2026-10-05T04:42:58.376219Z,KXBTC15M-26OCT050045-45,0.0180,2.00,no
2026-10-05T04:42:58.379455Z,KXBTC15M-26OCT050045-45,0.0200,5.33,no
2026-10-05T04:42:58.402185Z,KXBTC15M-26OCT050045-45,0.0200,0.01,no
2026-10-05T04:42:58.402185Z,KXBTC15M-26OCT050045-45,0.0200,5.33,no
2026-10-05T04:42:58.412001Z,KXBTC15M-26OCT050045-45,0.0200,44.67,no
2026-10-05T04:42:58.412001Z,KXBTC15M-26OCT050045-45,0.0220,0.01,no
2026-10-05T04:42:58.412001Z,KXBTC15M-26OCT050045-45,0.0200,0.01,no
2026-10-05T04:42:58.412001Z,KXBTC15M-26OCT050045-45,0.0200,0.01,no
2026-10-05T04:42:58.489334Z,KXBTC15M-26OCT050045-45,0.0210,0.60,yes
2026-10-05T04:42:58.497804Z,KXBTC15M-26OCT050045-45,0.0200,0.01,no
2026-10-05T04:42:58.497804Z,KXBTC15M-26OCT050045-45,0.0200,50.00,no
2026-10-05T04:42:58.497804Z,KXBTC15M-26OCT050045-45,0.0190,0.01,no
2026-10-05T04:42:58.497804Z,KXBTC15M-26OCT050045-45,0.0190,345.96,no
2026-10-05T04:42:58.497804Z,KXBTC15M-26OCT050045-45,0.0190,0.01,no
2026-10-05T04:42:58.497804Z,KXBTC15M-26OCT050045-45,0.0200,4.00,no
2026-10-05T04:42:58.497804Z,KXBTC15M-26OCT050045-45,0.0200,0.01,no
2026-10-05T04:42:58.506923Z,KXBTC15M-26OCT050045-45,0.0190,4.67,no
2026-10-05T04:42:58.537679Z,KXBTC15M-26OCT050045-45,0.0190,0.01,no
2026-10-05T04:42:58.537679Z,KXBTC15M-26OCT050045-45,0.0190,0.01,no
2026-10-05T04:42:58.537679Z,KXBTC15M-26OCT050045-45,0.0170,0.98,no
2026-10-05T04:42:58.62566Z,KXBTC15M-26OCT050045-45,0.0180,201.35,yes
2026-10-05T04:42:58.664532Z,KXBTC15M-26OCT050045-45,0.0170,150.00,no
2026-10-05T04:42:58.664879Z,KXBTC15M-26OCT050045-45,0.0170,2.00,no
2026-10-05T04:42:58.735359Z,KXBTC15M-26OCT050045-45,0.0170,39.00,no
2026-10-05T04:42:58.738412Z,KXBTC15M-26OCT050045-45,0.0170,10.16,no
2026-10-05T04:42:58.752794Z,KXBTC15M-26OCT050045-45,0.0190,807.61,yes
2026-10-05T04:42:58.752794Z,KXBTC15M-26OCT050045-45,0.0180,10.00,yes
2026-10-05T04:42:58.752794Z,KXBTC15M-26OCT050045-45,0.0180,1.00,yes
2026-10-05T04:42:58.752794Z,KXBTC15M-26OCT050045-45,0.0180,0.01,yes
2026-10-05T04:42:58.752794Z,KXBTC15M-26OCT050045-45,0.0180,0.37,yes
2026-10-05T04:42:58.752794Z,KXBTC15M-26OCT050045-45,0.0180,200.00,yes
2026-10-05T04:42:58.752794Z,KXBTC15M-26OCT050045-45,0.0180,10.00,yes
2026-10-05T04:42:58.752794Z,KXBTC15M-26OCT050045-45,0.0180,1.00,yes
2026-10-05T04:42:58.752794Z,KXBTC15M-26OCT050045-45,0.0180,1.00,yes
2026-10-05T04:42:58.752794Z,KXBTC15M-26OCT050045-45,0.0180,400.00,yes
2026-10-05T04:42:58.752794Z,KXBTC15M-26OCT050045-45,0.0180,188.00,yes
2026-10-05T04:42:58.752794Z,KXBTC15M-26OCT050045-45,0.0180,100.00,yes
2026-10-05T04:42:58.752794Z,KXBTC15M-26OCT050045-45,0.0180,0.01,yes
2026-10-05T04:42:58.789872Z,KXBTC15M-26OCT050045-45,0.0180,0.02,yes
2026-10-05T04:42:58.802896Z,KXBTC15M-26OCT050045-45,0.0170,177.78,no
2026-10-05T04:42:58.82125Z,KXBTC15M-26OCT050045-45,0.0150,2.00,no
2026-10-05T04:42:58.82125Z,KXBTC15M-26OCT050045-45,0.0170,1022.06,no
2026-10-05T04:42:58.82125Z,KXBTC15M-26OCT050045-45,0.0110,480.20,no
2026-10-05T04:42:58.82125Z,KXBTC15M-26OCT050045-45,0.0130,2.00,no
2026-10-05T04:42:58.82125Z,KXBTC15M-26OCT050045-45,0.0160,171.00,no
2026-10-05T04:42:58.82125Z,KXBTC15M-26OCT050045-45,0.0130,684.72,no
2026-10-05T04:42:58.82125Z,KXBTC15M-26OCT050045-45,0.0140,2.00,no
2026-10-05T04:42:58.82125Z,KXBTC15M-26OCT050045-45,0.0120,15.00,no
2026-10-05T04:42:58.82125Z,KXBTC15M-26OCT050045-45,0.0150,2.00,no
2026-10-05T04:42:58.82125Z,KXBTC15M-26OCT050045-45,0.0140,2.00,no
2026-10-05T04:42:58.82125Z,KXBTC15M-26OCT050045-45,0.0170,0.01,no
2026-10-05T04:42:58.82125Z,KXBTC15M-26OCT050045-45,0.0170,0.01,no
2026-10-05T04:42:58.82125Z,KXBTC15M-26OCT050045-45,0.0130,2.00,no
2026-10-05T04:42:59.026117Z,KXBTC15M-26OCT050045-45,0.0110,11.84,no
2026-10-05T04:42:59.077179Z,KXBTC15M-26OCT050045-45,0.0110,41.00,no
2026-10-05T04:42:59.27851Z,KXBTC15M-26OCT050045-45,0.0100,1.00,no
2026-10-05T04:42:59.27851Z,KXBTC15M-26OCT050045-45,0.0100,4.00,no
2026-10-05T04:42:59.27851Z,KXBTC15M-26OCT050045-45,0.0100,330.00,no
2026-10-05T04:42:59.27851Z,KXBTC15M-26OCT050045-45,0.0090,4.00,no
2026-10-05T04:42:59.27851Z,KXBTC15M-26OCT050045-45,0.0080,865.97,no
2026-10-05T04:42:59.27851Z,KXBTC15M-26OCT050045-45,0.0110,0.01,no
2026-10-05T04:42:59.27851Z,KXBTC15M-26OCT050045-45,0.0090,2.00,no
2026-10-05T04:42:59.27851Z,KXBTC15M-26OCT050045-45,0.0090,335.01,no
2026-10-05T04:42:59.27851Z,KXBTC15M-26OCT050045-45,0.0100,2.00,no
2026-10-05T04:42:59.27851Z,KXBTC15M-26OCT050045-45,0.0100,2.00,no
2026-10-05T04:42:59.27851Z,KXBTC15M-26OCT050045-45,0.0100,50.00,no
2026-10-05T04:42:59.27851Z,KXBTC15M-26OCT050045-45,0.0090,2.00,no
2026-10-05T04:42:59.27851Z,KXBTC15M-26OCT050045-45,0.0110,0.01,no
2026-10-05T04:42:59.27851Z,KXBTC15M-26OCT050045-45,0.0100,152.00,no
2026-10-05T04:42:59.313661Z,KXBTC15M-26OCT050045-45,0.0100,17.00,yes
2026-10-05T04:42:59.313661Z,KXBTC15M-26OCT050045-45,0.0100,49.82,yes
2026-10-05T04:42:59.326537Z,KXBTC15M-26OCT050045-45,0.0090,0.01,no
2026-10-05T04:42:59.326537Z,KXBTC15M-26OCT050045-45,0.0090,0.01,no
2026-10-05T04:42:59.326537Z,KXBTC15M-26OCT050045-45,0.0080,1037.99,no
2026-10-05T04:42:59.332394Z,KXBTC15M-26OCT050045-45,0.0100,34.98,yes
2026-10-05T04:42:59.332394Z,KXBTC15M-26OCT050045-45,0.0090,17.00,yes
2026-10-05T04:42:59.356686Z,KXBTC15M-26OCT050045-45,0.0080,1235.53,no
2026-10-05T04:42:59.425203Z,KXBTC15M-26OCT050045-45,0.0080,0.01,no
2026-10-05T04:42:59.425203Z,KXBTC15M-26OCT050045-45,0.0080,116.86,no
2026-10-05T04:42:59.425203Z,KXBTC15M-26OCT050045-45,0.0080,0.01,no
2026-10-05T04:42:59.551245Z,KXBTC15M-26OCT050045-45,0.0090,17.00,yes
2026-10-05T04:42:59.551245Z,KXBTC15M-26OCT050045-45,0.0090,1135.12,yes
2026-10-05T04:42:59.551245Z,KXBTC15M-26OCT050045-45,0.0090,0.01,yes
2026-10-05T04:42:59.551245Z,KXBTC15M-26OCT050045-45,0.0090,0.01,yes
2026-10-05T04:42:59.551245Z,KXBTC15M-26OCT050045-45,0.0090,17.00,yes
2026-10-05T04:42:59.577877Z,KXBTC15M-26OCT050045-45,0.0080,4.00,no
2026-10-05T04:42:59.577877Z,KXBTC15M-26OCT050045-45,0.0080,1.00,no
2026-10-05T04:42:59.577877Z,KXBTC15M-26OCT050045-45,0.0080,35.55,no
2026-10-05T04:42:59.578085Z,KXBTC15M-26OCT050045-45,0.0080,50.61,no
2026-10-05T04:42:59.603051Z,KXBTC15M-26OCT050045-45,0.0090,77.94,yes
2026-10-05T04:42:59.617799Z,KXBTC15M-26OCT050045-45,0.0080,93.51,no
2026-10-05T04:42:59.637092Z,KXBTC15M-26OCT050045-45,0.0100,50.00,yes
2026-10-05T04:42:59.637092Z,KXBTC15M-26OCT050045-45,0.0090,298.68,yes
2026-10-05T04:42:59.637092Z,KXBTC15M-26OCT050045-45,0.0090,0.01,yes
2026-10-05T04:42:59.637092Z,KXBTC15M-26OCT050045-45,0.0100,200.00,yes
2026-10-05T04:42:59.637092Z,KXBTC15M-26OCT050045-45,0.0090,3720.68,yes
2026-10-05T04:42:59.637092Z,KXBTC15M-26OCT050045-45,0.0090,116.00,yes
2026-10-05T04:42:59.637092Z,KXBTC15M-26OCT050045-45,0.0090,17.00,yes
2026-10-05T04:42:59.637092Z,KXBTC15M-26OCT050045-45,0.0100,3056.20,yes
2026-10-05T04:42:59.637092Z,KXBTC15M-26OCT050045-45,0.0090,0.01,yes
2026-10-05T04:42:59.637092Z,KXBTC15M-26OCT050045-45,0.0090,200.00,yes
2026-10-05T04:42:59.637092Z,KXBTC15M-26OCT050045-45,0.0100,197.86,yes
2026-10-05T04:42:59.690152Z,KXBTC15M-26OCT050045-45,0.0100,50.00,yes
2026-10-05T04:42:59.690152Z,KXBTC15M-26OCT050045-45,0.0090,0.01,yes
2026-10-05T04:42:59.690152Z,KXBTC15M-26OCT050045-45,0.0100,225.30,yes
2026-10-05T04:42:59.690152Z,KXBTC15M-26OCT050045-45,0.0090,23.39,yes
2026-10-05T04:42:59.690152Z,KXBTC15M-26OCT050045-45,0.0100,0.01,yes
2026-10-05T04:42:59.690152Z,KXBTC15M-26OCT050045-45,0.0090,0.01,yes
2026-10-05T04:42:59.690152Z,KXBTC15M-26OCT050045-45,0.0090,17.00,yes
2026-10-05T04:42:59.750238Z,KXBTC15M-26OCT050045-45,0.0080,2.01,no
2026-10-05T04:42:59.779111Z,KXBTC15M-26OCT050045-45,0.0100,76.49,yes
2026-10-05T04:42:59.779111Z,KXBTC15M-26OCT050045-45,0.0090,0.01,yes
2026-10-05T04:42:59.779111Z,KXBTC15M-26OCT050045-45,0.0090,17.00,yes
2026-10-05T04:42:59.779111Z,KXBTC15M-26OCT050045-45,0.0090,0.01,yes
2026-10-05T04:42:59.797175Z,KXBTC15M-26OCT050045-45,0.0100,77.94,yes
2026-10-05T04:42:59.983263Z,KXBTC15M-26OCT050045-45,0.0090,13.35,no
2026-10-05T04:43:00.009923Z,KXBTC15M-26OCT050045-45,0.0090,7.00,no
2026-10-05T04:43:00.067204Z,KXBTC15M-26OCT050045-45,0.0090,48.26,no
2026-10-05T04:43:00.134927Z,KXBTC15M-26OCT050045-45,0.0090,500.00,no
2026-10-05T04:43:00.134927Z,KXBTC15M-26OCT050045-45,0.0090,4.00,no
2026-10-05T04:43:00.134927Z,KXBTC15M-26OCT050045-45,0.0090,150.00,no
2026-10-05T04:43:00.134927Z,KXBTC15M-26OCT050045-45,0.0090,150.00,no
2026-10-05T04:43:00.134927Z,KXBTC15M-26OCT050045-45,0.0090,81.39,no
2026-10-05T04:43:00.134927Z,KXBTC15M-26OCT050045-45,0.0090,125.00,no
2026-10-05T04:43:00.134927Z,KXBTC15M-26OCT050045-45,0.0090,500.00,no
2026-10-05T04:43:00.134927Z,KXBTC15M-26OCT050045-45,0.0090,0.01,no
2026-10-05T04:43:00.134927Z,KXBTC15M-26OCT050045-45,0.0090,1.00,no
2026-10-05T04:43:00.134927Z,KXBTC15M-26OCT050045-45,0.0090,150.00,no
2026-10-05T04:43:00.134927Z,KXBTC15M-26OCT050045-45,0.0090,150.00,no
2026-10-05T04:43:00.134927Z,KXBTC15M-26OCT050045-45,0.0090,0.01,no
2026-10-05T04:43:00.173287Z,KXBTC15M-26OCT050045-45,0.0080,0.01,no
2026-10-05T04:43:00.173287Z,KXBTC15M-26OCT050045-45,0.0080,100.00,no
2026-10-05T04:43:00.173287Z,KXBTC15M-26OCT050045-45,0.0080,400.00,no
2026-10-05T04:43:00.173287Z,KXBTC15M-26OCT050045-45,0.0080,0.01,no
2026-10-05T04:43:00.208311Z,KXBTC15M-26OCT050045-45,0.0080,0.01,no
2026-10-05T04:43:00.208311Z,KXBTC15M-26OCT050045-45,0.0080,0.01,no
2026-10-05T04:43:00.208311Z,KXBTC15M-26OCT050045-45,0.0080,100.00,no
2026-10-05T04:43:00.208311Z,KXBTC15M-26OCT050045-45,0.0070,2.00,no
2026-10-05T04:43:00.208311Z,KXBTC15M-26OCT050045-45,0.0070,2.00,no
2026-10-05T04:43:00.208311Z,KXBTC15M-26OCT050045-45,0.0070,567.55,no
2026-10-05T04:43:00.208311Z,KXBTC15M-26OCT050045-45,0.0080,17.00,no
2026-10-05T04:43:00.232326Z,KXBTC15M-26OCT050045-45,0.0090,0.01,yes
2026-10-05T04:43:00.232326Z,KXBTC15M-26OCT050045-45,0.0090,17.00,yes
2026-10-05T04:43:00.232326Z,KXBTC15M-26OCT050045-45,0.0090,0.01,yes
2026-10-05T04:43:00.232326Z,KXBTC15M-26OCT050045-45,0.0100,0.01,yes
2026-10-05T04:43:00.232326Z,KXBTC15M-26OCT050045-45,0.0100,0.01,yes
2026-10-05T04:43:00.232326Z,KXBTC15M-26OCT050045-45,0.0100,77.60,yes
2026-10-05T04:43:00.323594Z,KXBTC15M-26OCT050045-45,0.0100,77.94,yes
2026-10-05T04:43:00.350169Z,KXBTC15M-26OCT050045-45,0.0100,4.07,yes
2026-10-05T04:43:00.375835Z,KXBTC15M-26OCT050045-45,0.0100,93.87,yes
2026-10-05T04:43:00.375835Z,KXBTC15M-26OCT050045-45,0.0100,0.01,yes
2026-10-05T04:43:00.375835Z,KXBTC15M-26OCT050045-45,0.0100,0.01,yes
2026-10-05T04:43:00.375835Z,KXBTC15M-26OCT050045-45,0.0100,16.30,yes
2026-10-05T04:43:00.375835Z,KXBTC15M-26OCT050045-45,0.0100,500.00,yes
2026-10-05T04:43:00.375835Z,KXBTC15M-26OCT050045-45,0.0100,110.66,yes
2026-10-05T04:43:00.395538Z,KXBTC15M-26OCT050045-45,0.0080,96.00,no
2026-10-05T04:43:00.395538Z,KXBTC15M-26OCT050045-45,0.0090,0.01,no
2026-10-05T04:43:00.395538Z,KXBTC15M-26OCT050045-45,0.0080,4.00,no
2026-10-05T04:43:00.395538Z,KXBTC15M-26OCT050045-45,0.0080,500.00,no
2026-10-05T04:43:00.395538Z,KXBTC15M-26OCT050045-45,0.0090,0.01,no
2026-10-05T04:43:00.395538Z,KXBTC15M-26OCT050045-45,0.0050,22.00,no
2026-10-05T04:43:00.395538Z,KXBTC15M-26OCT050045-45,0.0050,64.00,no
2026-10-05T04:43:00.395538Z,KXBTC15M-26OCT050045-45,0.0070,4.00,no
2026-10-05T04:43:00.395538Z,KXBTC15M-26OCT050045-45,0.0070,479.45,no
2026-10-05T04:43:00.395538Z,KXBTC15M-26OCT050045-45,0.0050,2.00,no
2026-10-05T04:43:00.395538Z,KXBTC15M-26OCT050045-45,0.0050,2.00,no
2026-10-05T04:43:00.395538Z,KXBTC15M-26OCT050045-45,0.0040,1423.53,no
2026-10-05T04:43:00.395538Z,KXBTC15M-26OCT050045-45,0.0040,25.00,no
2026-10-05T04:43:00.395538Z,KXBTC15M-26OCT050045-45,0.0040,1047.00,no
2026-10-05T04:43:00.395538Z,KXBTC15M-26OCT050045-45,0.0050,15.00,no
2026-10-05T04:43:00.395538Z,KXBTC15M-26OCT050045-45,0.0040,10.00,no
2026-10-05T04:43:00.395538Z,KXBTC15M-26OCT050045-45,0.0040,10.00,no
2026-10-05T04:43:00.497041Z,KXBTC15M-26OCT050045-45,0.0070,7.64,yes
2026-10-05T04:43:00.511089Z,KXBTC15M-26OCT050045-45,0.0070,9.36,yes
2026-10-05T04:43:00.511089Z,KXBTC15M-26OCT050045-45,0.0070,0.01,yes
2026-10-05T04:43:00.511089Z,KXBTC15M-26OCT050045-45,0.0070,0.01,yes
2026-10-05T04:43:00.559304Z,KXBTC15M-26OCT050045-45,0.0070,0.01,no
2026-10-05T04:43:00.559304Z,KXBTC15M-26OCT050045-45,0.0080,100.00,no
2026-10-05T04:43:00.559304Z,KXBTC15M-26OCT050045-45,0.0070,107.00,no
2026-10-05T04:43:00.559304Z,KXBTC15M-26OCT050045-45,0.0050,64.00,no
2026-10-05T04:43:00.559304Z,KXBTC15M-26OCT050045-45,0.0050,93.75,no
2026-10-05T04:43:00.559304Z,KXBTC15M-26OCT050045-45,0.0080,0.01,no
2026-10-05T04:43:00.559304Z,KXBTC15M-26OCT050045-45,0.0060,0.01,no
2026-10-05T04:43:00.559304Z,KXBTC15M-26OCT050045-45,0.0040,2.00,no
2026-10-05T04:43:00.559304Z,KXBTC15M-26OCT050045-45,0.0040,1627.81,no
2026-10-05T04:43:00.559304Z,KXBTC15M-26OCT050045-45,0.0050,93.75,no
2026-10-05T04:43:00.559304Z,KXBTC15M-26OCT050045-45,0.0050,64.00,no
2026-10-05T04:43:00.559304Z,KXBTC15M-26OCT050045-45,0.0070,0.01,no
2026-10-05T04:43:00.559304Z,KXBTC15M-26OCT050045-45,0.0080,400.00,no
2026-10-05T04:43:00.559304Z,KXBTC15M-26OCT050045-45,0.0050,15.00,no
2026-10-05T04:43:00.559304Z,KXBTC15M-26OCT050045-45,0.0060,0.01,no
2026-10-05T04:43:00.559304Z,KXBTC15M-26OCT050045-45,0.0060,20.00,no
2026-10-05T04:43:00.559304Z,KXBTC15M-26OCT050045-45,0.0080,500.00,no
2026-10-05T04:43:00.559304Z,KXBTC15M-26OCT050045-45,0.0070,24.44,no
2026-10-05T04:43:00.559304Z,KXBTC15M-26OCT050045-45,0.0080,0.01,no
2026-10-05T04:43:00.559304Z,KXBTC15M-26OCT050045-45,0.0080,24.44,no
2026-10-05T04:43:00.559304Z,KXBTC15M-26OCT050045-45,0.0080,500.00,no
2026-10-05T04:43:00.559304Z,KXBTC15M-26OCT050045-45,0.0040,8.00,no
2026-10-05T04:43:00.559304Z,KXBTC15M-26OCT050045-45,0.0080,316.19,no
2026-10-05T04:43:00.592417Z,KXBTC15M-26OCT050045-45,0.0050,22.00,no
2026-10-05T04:43:00.592417Z,KXBTC15M-26OCT050045-45,0.0050,0.01,no
2026-10-05T04:43:00.592417Z,KXBTC15M-26OCT050045-45,0.0040,10.00,no
2026-10-05T04:43:00.592417Z,KXBTC15M-26OCT050045-45,0.0040,10.00,no
2026-10-05T04:43:00.592417Z,KXBTC15M-26OCT050045-45,0.0050,0.01,no
2026-10-05T04:43:00.592417Z,KXBTC15M-26OCT050045-45,0.0030,14.98,no
2026-10-05T04:43:00.592417Z,KXBTC15M-26OCT050045-45,0.0030,15.00,no
2026-10-05T04:43:00.592417Z,KXBTC15M-26OCT050045-45,0.0030,7.62,no
2026-10-05T04:43:00.592417Z,KXBTC15M-26OCT050045-45,0.0030,5.38,no
2026-10-05T04:43:00.592417Z,KXBTC15M-26OCT050045-45,0.0030,15.00,no
2026-10-05T04:43:00.643683Z,KXBTC15M-26OCT050045-45,0.0070,7.62,yes
2026-10-05T04:43:00.668771Z,KXBTC15M-26OCT050045-45,0.0060,111.00,no
2026-10-05T04:43:00.668771Z,KXBTC15M-26OCT050045-45,0.0040,11.55,no
2026-10-05T04:43:00.668771Z,KXBTC15M-26OCT050045-45,0.0060,0.01,no
2026-10-05T04:43:00.668771Z,KXBTC15M-26OCT050045-45,0.0050,0.01,no
2026-10-05T04:43:00.668771Z,KXBTC15M-26OCT050045-45,0.0060,400.00,no
2026-10-05T04:43:00.668771Z,KXBTC15M-26OCT050045-45,0.0060,0.01,no
2026-10-05T04:43:00.668771Z,KXBTC15M-26OCT050045-45,0.0050,0.01,no
2026-10-05T04:43:00.668771Z,KXBTC15M-26OCT050045-45,0.0060,277.41,no
2026-10-05T04:43:00.677666Z,KXBTC15M-26OCT050045-45,0.0060,93.51,yes
2026-10-05T04:43:00.747366Z,KXBTC15M-26OCT050045-45,0.0050,93.51,yes
2026-10-05T04:43:00.865774Z,KXBTC15M-26OCT050045-45,0.0040,20.00,no
2026-10-05T04:43:00.865774Z,KXBTC15M-26OCT050045-45,0.0040,0.01,no
2026-10-05T04:43:00.865774Z,KXBTC15M-26OCT050045-45,0.0040,110.88,no
2026-10-05T04:43:00.865774Z,KXBTC15M-26OCT050045-45,0.0040,0.01,no
2026-10-05T04:43:00.877032Z,KXBTC15M-26OCT050045-45,0.0050,56.49,yes
2026-10-05T04:43:00.877032Z,KXBTC15M-26OCT050045-45,0.0050,37.02,yes
2026-10-05T04:43:00.903227Z,KXBTC15M-26OCT050045-45,0.0040,0.02,no
2026-10-05T04:43:00.963558Z,KXBTC15M-26OCT050045-45,0.0050,46.56,yes
2026-10-05T04:43:01.070378Z,KXBTC15M-26OCT050045-45,0.0040,146.95,no
2026-10-05T04:43:01.368547Z,KXBTC15M-26OCT050045-45,0.0040,17.00,no
2026-10-05T04:43:01.464228Z,KXBTC15M-26OCT050045-45,0.0050,186.97,yes
2026-10-05T04:43:01.543615Z,KXBTC15M-26OCT050045-45,0.0050,179.31,yes
2026-10-05T04:43:01.585077Z,KXBTC15M-26OCT050045-45,0.0050,2.08,yes
2026-10-05T04:43:01.618734Z,KXBTC15M-26OCT050045-45,0.0050,0.01,yes
2026-10-05T04:43:01.618734Z,KXBTC15M-26OCT050045-45,0.0050,0.01,yes
2026-10-05T04:43:01.618734Z,KXBTC15M-26OCT050045-45,0.0050,38.31,yes
2026-10-05T04:43:01.618734Z,KXBTC15M-26OCT050045-45,0.0050,17.00,yes
2026-10-05T04:43:01.618734Z,KXBTC15M-26OCT050045-45,0.0050,131.64,yes
2026-10-05T04:43:01.621525Z,KXBTC15M-26OCT050045-45,0.0040,134.00,no
2026-10-05T04:43:01.621525Z,KXBTC15M-26OCT050045-45,0.0040,125.15,no
2026-10-05T04:43:01.621525Z,KXBTC15M-26OCT050045-45,0.0040,0.01,no
2026-10-05T04:43:01.621525Z,KXBTC15M-26OCT050045-45,0.0030,2.00,no
2026-10-05T04:43:01.621525Z,KXBTC15M-26OCT050045-45,0.0040,0.01,no
2026-10-05T04:43:01.621525Z,KXBTC15M-26OCT050045-45,0.0040,20.00,no
2026-10-05T04:43:01.621525Z,KXBTC15M-26OCT050045-45,0.0040,14.66,no
2026-10-05T04:43:01.621525Z,KXBTC15M-26OCT050045-45,0.0030,931.79,no
2026-10-05T04:43:01.621525Z,KXBTC15M-26OCT050045-45,0.0030,7.38,no
2026-10-05T04:43:01.648526Z,KXBTC15M-26OCT050045-45,0.0050,186.97,yes
2026-10-05T04:43:01.653388Z,KXBTC15M-26OCT050045-45,0.0050,13.03,yes
2026-10-05T04:43:01.653388Z,KXBTC15M-26OCT050045-45,0.0050,360.92,yes
2026-10-05T04:43:01.720061Z,KXBTC15M-26OCT050045-45,0.0040,0.01,no
2026-10-05T04:43:01.720061Z,KXBTC15M-26OCT050045-45,0.0040,0.01,no
2026-10-05T04:43:01.720061Z,KXBTC15M-26OCT050045-45,0.0040,3.98,no
2026-10-05T04:43:01.907018Z,KXBTC15M-26OCT050045-45,0.0050,186.97,yes
2026-10-05T04:43:01.9445Z,KXBTC15M-26OCT050045-45,0.0050,186.97,yes
2026-10-05T04:43:02.06077Z,KXBTC15M-26OCT050045-45,0.0050,8.55,yes
2026-10-05T04:43:02.074177Z,KXBTC15M-26OCT050045-45,0.0050,186.97,yes
2026-10-05T04:43:02.270775Z,KXBTC15M-26OCT050045-45,0.0050,116.43,yes
2026-10-05T04:43:02.328789Z,KXBTC15M-26OCT050045-45,0.0050,0.01,yes
2026-10-05T04:43:02.328789Z,KXBTC15M-26OCT050045-45,0.0050,0.01,yes
2026-10-05T04:43:02.328789Z,KXBTC15M-26OCT050045-45,0.0050,167.00,yes
2026-10-05T04:43:02.328789Z,KXBTC15M-26OCT050045-45,0.0050,17.00,yes
2026-10-05T04:43:02.328789Z,KXBTC15M-26OCT050045-45,0.0050,221.87,yes
2026-10-05T04:43:02.328789Z,KXBTC15M-26OCT050045-45,0.0050,48.30,yes
2026-10-05T04:43:02.328789Z,KXBTC15M-26OCT050045-45,0.0050,462.00,yes
2026-10-05T04:43:02.360285Z,KXBTC15M-26OCT050045-45,0.0050,95.28,yes
2026-10-05T04:43:02.432627Z,KXBTC15M-26OCT050045-45,0.0040,20.00,no
2026-10-05T04:43:02.432627Z,KXBTC15M-26OCT050045-45,0.0040,0.01,no
2026-10-05T04:43:02.432627Z,KXBTC15M-26OCT050045-45,0.0040,0.01,no
2026-10-05T04:43:02.432627Z,KXBTC15M-26OCT050045-45,0.0040,396.02,no
2026-10-05T04:43:02.432627Z,KXBTC15M-26OCT050045-45,0.0040,13.73,no
2026-10-05T04:43:02.432627Z,KXBTC15M-26OCT050045-45,0.0030,4584.61,no
2026-10-05T04:43:02.512957Z,KXBTC15M-26OCT050045-45,0.0050,45.81,yes
2026-10-05T04:43:02.560802Z,KXBTC15M-26OCT050045-45,0.0050,331.54,yes
2026-10-05T04:43:02.560802Z,KXBTC15M-26OCT050045-45,0.0050,17.00,yes
2026-10-05T04:43:02.560802Z,KXBTC15M-26OCT050045-45,0.0050,0.01,yes
2026-10-05T04:43:02.560802Z,KXBTC15M-26OCT050045-45,0.0050,154.19,yes
2026-10-05T04:43:02.560802Z,KXBTC15M-26OCT050045-45,0.0050,0.01,yes
2026-10-05T04:43:02.560802Z,KXBTC15M-26OCT050045-45,0.0060,10.00,yes
2026-10-05T04:43:02.560802Z,KXBTC15M-26OCT050045-45,0.0060,62.25,yes
2026-10-05T04:43:02.595718Z,KXBTC15M-26OCT050045-45,0.0050,0.99,yes
2026-10-05T04:43:02.595718Z,KXBTC15M-26OCT050045-45,0.0050,0.01,yes
2026-10-05T04:43:02.601459Z,KXBTC15M-26OCT050045-45,0.0050,8.10,yes
2026-10-05T04:43:02.627146Z,KXBTC15M-26OCT050045-45,0.0040,0.01,no
2026-10-05T04:43:02.627146Z,KXBTC15M-26OCT050045-45,0.0040,0.01,no
2026-10-05T04:43:02.627146Z,KXBTC15M-26OCT050045-45,0.0040,12.59,no
2026-10-05T04:43:02.627545Z,KXBTC15M-26OCT050045-45,0.0040,7.41,no
2026-10-05T04:43:02.627545Z,KXBTC15M-26OCT050045-45,0.0040,92.59,no
2026-10-05T04:43:02.768943Z,KXBTC15M-26OCT050045-45,0.0050,0.01,yes
2026-10-05T04:43:02.768943Z,KXBTC15M-26OCT050045-45,0.0050,83.69,yes
2026-10-05T04:43:02.768943Z,KXBTC15M-26OCT050045-45,0.0050,0.01,yes
2026-10-05T04:43:02.768943Z,KXBTC15M-26OCT050045-45,0.0050,7.91,yes
2026-10-05T04:43:02.805814Z,KXBTC15M-26OCT050045-45,0.0050,11.21,yes
2026-10-05T04:43:03.14352Z,KXBTC15M-26OCT050045-45,0.0050,17.00,yes
2026-10-05T04:43:03.14352Z,KXBTC15M-26OCT050045-45,0.0050,0.01,yes
2026-10-05T04:43:03.14352Z,KXBTC15M-26OCT050045-45,0.0050,0.01,yes
2026-10-05T04:43:03.14352Z,KXBTC15M-26OCT050045-45,0.0050,218.18,yes
2026-10-05T04:43:03.157511Z,KXBTC15M-26OCT050045-45,0.0060,79.93,yes
2026-10-05T04:43:03.157511Z,KXBTC15M-26OCT050045-45,0.0060,631.56,yes
2026-10-05T04:43:03.157511Z,KXBTC15M-26OCT050045-45,0.0060,52.18,yes
2026-10-05T04:43:03.199703Z,KXBTC15M-26OCT050045-45,0.0050,5.00,no
2026-10-05T04:43:03.394271Z,KXBTC15M-26OCT050045-45,0.0050,10.00,no
2026-10-05T04:43:03.402575Z,KXBTC15M-26OCT050045-45,0.0050,1.00,no
2026-10-05T04:43:03.424717Z,KXBTC15M-26OCT050045-45,0.0060,8.41,yes
2026-10-05T04:43:03.501665Z,KXBTC15M-26OCT050045-45,0.0050,150.00,no
2026-10-05T04:43:03.501665Z,KXBTC15M-26OCT050045-45,0.0050,150.00,no
2026-10-05T04:43:03.501665Z,KXBTC15M-26OCT050045-45,0.0050,150.00,no
2026-10-05T04:43:03.501665Z,KXBTC15M-26OCT050045-45,0.0050,134.00,no
2026-10-05T04:43:03.501665Z,KXBTC15M-26OCT050045-45,0.0050,16.00,no
2026-10-05T04:43:03.57377Z,KXBTC15M-26OCT050045-45,0.0050,134.00,no
2026-10-05T04:43:03.57377Z,KXBTC15M-26OCT050045-45,0.0050,42.98,no
2026-10-05T04:43:03.57377Z,KXBTC15M-26OCT050045-45,0.0050,0.01,no
2026-10-05T04:43:03.57377Z,KXBTC15M-26OCT050045-45,0.0050,0.01,no
2026-10-05T04:43:03.837728Z,KXBTC15M-26OCT050045-45,0.0050,26.91,no
2026-10-05T04:43:03.966935Z,KXBTC15M-26OCT050045-45,0.0070,62.02,yes
2026-10-05T04:43:03.966935Z,KXBTC15M-26OCT050045-45,0.0070,9.38,yes
2026-10-05T04:43:03.966935Z,KXBTC15M-26OCT050045-45,0.0060,500.00,yes
2026-10-05T04:43:03.966935Z,KXBTC15M-26OCT050045-45,0.0060,417.44,yes
2026-10-05T04:43:03.966935Z,KXBTC15M-26OCT050045-45,0.0060,14.92,yes
2026-10-05T04:43:03.966935Z,KXBTC15M-26OCT050045-45,0.0060,0.01,yes
2026-10-05T04:43:03.966935Z,KXBTC15M-26OCT050045-45,0.0060,0.01,yes
2026-10-05T04:43:03.966935Z,KXBTC15M-26OCT050045-45,0.0060,523.29,yes
2026-10-05T04:43:04.076362Z,KXBTC15M-26OCT050045-45,0.0050,500.00,no
2026-10-05T04:43:04.076362Z,KXBTC15M-26OCT050045-45,0.0060,400.00,no
2026-10-05T04:43:04.076362Z,KXBTC15M-26OCT050045-45,0.0050,0.01,no
2026-10-05T04:43:04.076362Z,KXBTC15M-26OCT050045-45,0.0060,0.01,no
2026-10-05T04:43:04.076362Z,KXBTC15M-26OCT050045-45,0.0060,20.00,no
2026-10-05T04:43:04.076362Z,KXBTC15M-26OCT050045-45,0.0050,35.00,no
2026-10-05T04:43:04.076362Z,KXBTC15M-26OCT050045-45,0.0060,0.01,no
2026-10-05T04:43:04.076362Z,KXBTC15M-26OCT050045-45,0.0050,0.01,no
2026-10-05T04:43:04.076362Z,KXBTC15M-26OCT050045-45,0.0050,50.98,no
2026-10-05T04:43:04.076362Z,KXBTC15M-26OCT050045-45,0.0060,150.00,no
2026-10-05T04:43:04.076362Z,KXBTC15M-26OCT050045-45,0.0060,500.00,no
2026-10-05T04:43:04.076362Z,KXBTC15M-26OCT050045-45,0.0060,50.98,no
2026-10-05T04:43:04.208332Z,KXBTC15M-26OCT050045-45,0.0050,0.01,yes
2026-10-05T04:43:04.208332Z,KXBTC15M-26OCT050045-45,0.0050,608.11,yes
2026-10-05T04:43:04.208332Z,KXBTC15M-26OCT050045-45,0.0050,154.00,yes
2026-10-05T04:43:04.208332Z,KXBTC15M-26OCT050045-45,0.0050,0.01,yes
2026-10-05T04:43:04.208332Z,KXBTC15M-26OCT050045-45,0.0050,17.00,yes
2026-10-05T04:43:04.250274Z,KXBTC15M-26OCT050045-45,0.0040,91.00,no
2026-10-05T04:43:04.250274Z,KXBTC15M-26OCT050045-45,0.0030,677.61,no
2026-10-05T04:43:04.250274Z,KXBTC15M-26OCT050045-45,0.0040,2000.00,no
2026-10-05T04:43:04.250274Z,KXBTC15M-26OCT050045-45,0.0040,400.00,no
2026-10-05T04:43:04.250274Z,KXBTC15M-26OCT050045-45,0.0040,20.00,no
2026-10-05T04:43:04.250274Z,KXBTC15M-26OCT050045-45,0.0040,500.00,no
2026-10-05T04:43:04.250274Z,KXBTC15M-26OCT050045-45,0.0040,30.59,no
2026-10-05T04:43:04.250274Z,KXBTC15M-26OCT050045-45,0.0030,30.59,no
2026-10-05T04:43:04.250274Z,KXBTC15M-26OCT050045-45,0.0040,0.01,no
2026-10-05T04:43:04.250274Z,KXBTC15M-26OCT050045-45,0.0040,0.01,no
2026-10-05T04:43:04.250274Z,KXBTC15M-26OCT050045-45,0.0040,500.00,no
2026-10-05T04:43:04.250274Z,KXBTC15M-26OCT050045-45,0.0040,275.83,no
2026-10-05T04:43:04.260471Z,KXBTC15M-26OCT050045-45,0.0030,799.98,no
2026-10-05T04:43:04.260471Z,KXBTC15M-26OCT050045-45,0.0040,0.01,no
2026-10-05T04:43:04.260471Z,KXBTC15M-26OCT050045-45,0.0040,0.01,no
2026-10-05T04:43:04.265628Z,KXBTC15M-26OCT050045-45,0.0030,1983.72,no
2026-10-05T04:43:04.265628Z,KXBTC15M-26OCT050045-45,0.0040,20.00,no
2026-10-05T04:43:04.334856Z,KXBTC15M-26OCT050045-45,0.0050,77.91,yes
2026-10-05T04:43:04.47068Z,KXBTC15M-26OCT050045-45,0.0040,0.01,no
2026-10-05T04:43:04.47068Z,KXBTC15M-26OCT050045-45,0.0040,8.71,no
2026-10-05T04:43:04.47068Z,KXBTC15M-26OCT050045-45,0.0040,0.01,no
2026-10-05T04:43:04.82195Z,KXBTC15M-26OCT050045-45,0.0040,47.32,no
2026-10-05T04:43:04.82195Z,KXBTC15M-26OCT050045-45,0.0040,11.29,no
2026-10-05T04:43:04.97715Z,KXBTC15M-26OCT050045-45,0.0050,89.75,yes
2026-10-05T04:43:05.01184Z,KXBTC15M-26OCT050045-45,0.0050,144.72,yes
2026-10-05T04:43:05.01184Z,KXBTC15M-26OCT050045-45,0.0050,0.01,yes
2026-10-05T04:43:05.01184Z,KXBTC15M-26OCT050045-45,0.0050,25.23,yes
2026-10-05T04:43:05.01184Z,KXBTC15M-26OCT050045-45,0.0050,17.00,yes
2026-10-05T04:43:05.01184Z,KXBTC15M-26OCT050045-45,0.0050,0.01,yes
2026-10-05T04:43:05.095676Z,KXBTC15M-26OCT050045-45,0.0050,4.76,yes
2026-10-05T04:43:05.100987Z,KXBTC15M-26OCT050045-45,0.0050,8.23,yes
2026-10-05T04:43:05.107016Z,KXBTC15M-26OCT050045-45,0.0040,8.71,no
2026-10-05T04:43:05.107016Z,KXBTC15M-26OCT050045-45,0.0040,0.01,no
2026-10-05T04:43:05.107016Z,KXBTC15M-26OCT050045-45,0.0040,0.01,no
2026-10-05T04:43:05.107016Z,KXBTC15M-26OCT050045-45,0.0040,1.11,no
2026-10-05T04:43:05.166283Z,KXBTC15M-26OCT050045-45,0.0060,85.74,yes
2026-10-05T04:43:05.166283Z,KXBTC15M-26OCT050045-45,0.0060,3.72,yes
2026-10-05T04:43:05.166283Z,KXBTC15M-26OCT050045-45,0.0050,883.60,yes
2026-10-05T04:43:05.166283Z,KXBTC15M-26OCT050045-45,0.0050,500.00,yes
2026-10-05T04:43:05.166283Z,KXBTC15M-26OCT050045-45,0.0050,342.29,yes
2026-10-05T04:43:05.166283Z,KXBTC15M-26OCT050045-45,0.0050,17.00,yes
2026-10-05T04:43:05.166283Z,KXBTC15M-26OCT050045-45,0.0050,0.01,yes
2026-10-05T04:43:05.166283Z,KXBTC15M-26OCT050045-45,0.0050,0.01,yes
2026-10-05T04:43:05.16707Z,KXBTC15M-26OCT050045-45,0.0060,18.62,yes
2026-10-05T04:43:05.16707Z,KXBTC15M-26OCT050045-45,0.0060,26.09,yes
2026-10-05T04:43:05.16707Z,KXBTC15M-26OCT050045-45,0.0060,1196.42,yes
2026-10-05T04:43:05.197182Z,KXBTC15M-26OCT050045-45,0.0040,10.18,no
2026-10-05T04:43:05.197182Z,KXBTC15M-26OCT050045-45,0.0040,239.82,no
2026-10-05T04:43:05.208663Z,KXBTC15M-26OCT050045-45,0.0030,220.80,no
2026-10-05T04:43:05.208663Z,KXBTC15M-26OCT050045-45,0.0040,18.36,no
2026-10-05T04:43:05.208663Z,KXBTC15M-26OCT050045-45,0.0040,9.82,no
2026-10-05T04:43:05.208663Z,KXBTC15M-26OCT050045-45,0.0040,0.01,no
2026-10-05T04:43:05.208663Z,KXBTC15M-26OCT050045-45,0.0040,1.00,no
2026-10-05T04:43:05.208663Z,KXBTC15M-26OCT050045-45,0.0040,0.01,no
2026-10-05T04:43:05.262292Z,KXBTC15M-26OCT050045-45,0.0040,0.01,no
2026-10-05T04:43:05.262292Z,KXBTC15M-26OCT050045-45,0.0040,20.00,no
2026-10-05T04:43:05.262292Z,KXBTC15M-26OCT050045-45,0.0040,0.01,no
2026-10-05T04:43:05.262292Z,KXBTC15M-26OCT050045-45,0.0040,27.32,no
2026-10-05T04:43:05.309621Z,KXBTC15M-26OCT050045-45,0.0040,1.00,no
2026-10-05T04:43:05.309621Z,KXBTC15M-26OCT050045-45,0.0040,0.01,no
2026-10-05T04:43:05.309621Z,KXBTC15M-26OCT050045-45,0.0040,0.01,no
2026-10-05T04:43:05.309621Z,KXBTC15M-26OCT050045-45,0.0040,15.03,no
2026-10-05T04:43:05.43304Z,KXBTC15M-26OCT050045-45,0.0050,1.00,yes
2026-10-05T04:43:05.43304Z,KXBTC15M-26OCT050045-45,0.0050,0.01,yes
2026-10-05T04:43:05.43304Z,KXBTC15M-26OCT050045-45,0.0050,168.95,yes
2026-10-05T04:43:05.43304Z,KXBTC15M-26OCT050045-45,0.0050,17.00,yes
2026-10-05T04:43:05.43304Z,KXBTC15M-26OCT050045-45,0.0050,0.01,yes
2026-10-05T04:43:05.479912Z,KXBTC15M-26OCT050045-45,0.0040,20.70,no
2026-10-05T04:43:05.479912Z,KXBTC15M-26OCT050045-45,0.0040,4.97,no
2026-10-05T04:43:05.618723Z,KXBTC15M-26OCT050045-45,0.0050,70.50,yes
2026-10-05T04:43:05.664158Z,KXBTC15M-26OCT050045-45,0.0050,1.09,yes
2026-10-05T04:43:05.687568Z,KXBTC15M-26OCT050045-45,0.0050,186.97,yes
2026-10-05T04:43:05.744548Z,KXBTC15M-26OCT050045-45,0.0040,20.00,no
2026-10-05T04:43:05.772663Z,KXBTC15M-26OCT050045-45,0.0050,0.01,yes
2026-10-05T04:43:05.772663Z,KXBTC15M-26OCT050045-45,0.0050,1.00,yes
2026-10-05T04:43:05.772663Z,KXBTC15M-26OCT050045-45,0.0050,298.77,yes
2026-10-05T04:43:05.772663Z,KXBTC15M-26OCT050045-45,0.0050,14.29,yes
2026-10-05T04:43:05.772663Z,KXBTC15M-26OCT050045-45,0.0050,0.01,yes
2026-10-05T04:43:05.802535Z,KXBTC15M-26OCT050045-45,0.0050,50.00,yes
2026-10-05T04:43:05.851969Z,KXBTC15M-26OCT050045-45,0.0050,5.00,yes
2026-10-05T04:43:05.854323Z,KXBTC15M-26OCT050045-45,0.0060,7.98,yes
2026-10-05T04:43:05.854323Z,KXBTC15M-26OCT050045-45,0.0050,0.01,yes
2026-10-05T04:43:05.854323Z,KXBTC15M-26OCT050045-45,0.0050,12.00,yes
2026-10-05T04:43:05.854323Z,KXBTC15M-26OCT050045-45,0.0050,0.01,yes
2026-10-05T04:43:05.888549Z,KXBTC15M-26OCT050045-45,0.0050,17.00,yes
2026-10-05T04:43:05.888549Z,KXBTC15M-26OCT050045-45,0.0050,0.01,yes
2026-10-05T04:43:05.888549Z,KXBTC15M-26OCT050045-45,0.0050,0.01,yes
2026-10-05T04:43:05.889121Z,KXBTC15M-26OCT050045-45,0.0050,233.72,no
2026-10-05T04:43:05.906371Z,KXBTC15M-26OCT050045-45,0.0060,75.00,yes
2026-10-05T04:43:05.906371Z,KXBTC15M-26OCT050045-45,0.0070,15.00,yes
2026-10-05T04:43:05.906371Z,KXBTC15M-26OCT050045-45,0.0070,17.00,yes
2026-10-05T04:43:05.906371Z,KXBTC15M-26OCT050045-45,0.0060,192.02,yes
2026-10-05T04:43:05.906371Z,KXBTC15M-26OCT050045-45,0.0070,164.96,yes
2026-10-05T04:43:05.906371Z,KXBTC15M-26OCT050045-45,0.0060,0.01,yes
2026-10-05T04:43:05.906371Z,KXBTC15M-26OCT050045-45,0.0060,0.01,yes
2026-10-05T04:43:05.916384Z,KXBTC15M-26OCT050045-45,0.0060,31.42,yes
2026-10-05T04:43:05.929383Z,KXBTC15M-26OCT050045-45,0.0060,40.20,yes
2026-10-05T04:43:06.004941Z,KXBTC15M-26OCT050045-45,0.0050,1.00,no
2026-10-05T04:43:06.034211Z,KXBTC15M-26OCT050045-45,0.0060,250.00,yes
2026-10-05T04:43:06.045699Z,KXBTC15M-26OCT050045-45,0.0060,300.00,yes
2026-10-05T04:43:06.063168Z,KXBTC15M-26OCT050045-45,0.0050,0.01,no
2026-10-05T04:43:06.063168Z,KXBTC15M-26OCT050045-45,0.0050,500.00,no
2026-10-05T04:43:06.063168Z,KXBTC15M-26OCT050045-45,0.0050,400.00,no
2026-10-05T04:43:06.063168Z,KXBTC15M-26OCT050045-45,0.0050,1498.26,no
2026-10-05T04:43:06.063168Z,KXBTC15M-26OCT050045-45,0.0050,0.01,no
2026-10-05T04:43:06.063168Z,KXBTC15M-26OCT050045-45,0.0050,15.00,no
2026-10-05T04:43:06.063168Z,KXBTC15M-26OCT050045-45,0.0050,16.28,no
2026-10-05T04:43:06.063168Z,KXBTC15M-26OCT050045-45,0.0050,500.00,no
2026-10-05T04:43:06.063168Z,KXBTC15M-26OCT050045-45,0.0040,3.92,no
2026-10-05T04:43:06.148573Z,KXBTC15M-26OCT050045-45,0.0060,15.72,yes
2026-10-05T04:43:06.152947Z,KXBTC15M-26OCT050045-45,0.0040,8.50,no
2026-10-05T04:43:06.205892Z,KXBTC15M-26OCT050045-45,0.0040,14.82,no
2026-10-05T04:43:06.205892Z,KXBTC15M-26OCT050045-45,0.0040,0.01,no
2026-10-05T04:43:06.205892Z,KXBTC15M-26OCT050045-45,0.0040,0.01,no
2026-10-05T04:43:06.205892Z,KXBTC15M-26OCT050045-45,0.0040,11.50,no
2026-10-05T04:43:06.208186Z,KXBTC15M-26OCT050045-45,0.0060,152.71,yes
2026-10-05T04:43:06.232559Z,KXBTC15M-26OCT050045-45,0.0060,5.00,yes
2026-10-05T04:43:06.237682Z,KXBTC15M-26OCT050045-45,0.0060,170.00,yes
2026-10-05T04:43:06.299922Z,KXBTC15M-26OCT050045-45,0.0040,0.01,no
2026-10-05T04:43:06.299922Z,KXBTC15M-26OCT050045-45,0.0040,385.18,no
2026-10-05T04:43:06.299922Z,KXBTC15M-26OCT050045-45,0.0040,83.64,no
2026-10-05T04:43:06.299922Z,KXBTC15M-26OCT050045-45,0.0040,0.01,no
2026-10-05T04:43:06.299922Z,KXBTC15M-26OCT050045-45,0.0040,8.50,no
2026-10-05T04:43:06.299922Z,KXBTC15M-26OCT050045-45,0.0040,11.50,no
2026-10-05T04:43:06.299922Z,KXBTC15M-26OCT050045-45,0.0040,1.00,no
2026-10-05T04:43:06.299922Z,KXBTC15M-26OCT050045-45,0.0030,916.79,no
2026-10-05T04:43:06.299922Z,KXBTC15M-26OCT050045-45,0.0030,75.00,no
2026-10-05T04:43:06.411258Z,KXBTC15M-26OCT050045-45,0.0020,1415.29,no
2026-10-05T04:43:06.411258Z,KXBTC15M-26OCT050045-45,0.0040,0.01,no
2026-10-05T04:43:06.411258Z,KXBTC15M-26OCT050045-45,0.0040,20.00,no
2026-10-05T04:43:06.411258Z,KXBTC15M-26OCT050045-45,0.0040,66.91,no
2026-10-05T04:43:06.411258Z,KXBTC15M-26OCT050045-45,0.0030,66.91,no
2026-10-05T04:43:06.411258Z,KXBTC15M-26OCT050045-45,0.0030,0.01,no
2026-10-05T04:43:06.411258Z,KXBTC15M-26OCT050045-45,0.0030,0.01,no
2026-10-05T04:43:06.411258Z,KXBTC15M-26OCT050045-45,0.0040,0.01,no
2026-10-05T04:43:06.411258Z,KXBTC15M-26OCT050045-45,0.0040,400.00,no
2026-10-05T04:43:06.41923Z,KXBTC15M-26OCT050045-45,0.0030,25.00,no
2026-10-05T04:43:06.41923Z,KXBTC15M-26OCT050045-45,0.0040,0.01,no
2026-10-05T04:43:06.41923Z,KXBTC15M-26OCT050045-45,0.0040,0.01,no
2026-10-05T04:43:06.424624Z,KXBTC15M-26OCT050045-45,0.0030,36.64,yes
2026-10-05T04:43:06.603398Z,KXBTC15M-26OCT050045-45,0.0030,764.80,yes
2026-10-05T04:43:06.710879Z,KXBTC15M-26OCT050045-45,0.0030,8.58,yes
2026-10-05T04:43:06.722067Z,KXBTC15M-26OCT050045-45,0.0020,37.70,no
2026-10-05T04:43:06.888879Z,KXBTC15M-26OCT050045-45,0.0030,37.70,yes
2026-10-05T04:43:06.888879Z,KXBTC15M-26OCT050045-45,0.0030,580.25,yes
2026-10-05T04:43:06.888879Z,KXBTC15M-26OCT050045-45,0.0030,0.01,yes
2026-10-05T04:43:06.888879Z,KXBTC15M-26OCT050045-45,0.0030,0.01,yes
2026-10-05T04:43:06.888879Z,KXBTC15M-26OCT050045-45,0.0030,1.00,yes
2026-10-05T04:43:06.956085Z,KXBTC15M-26OCT050045-45,0.0040,0.01,no
2026-10-05T04:43:06.956085Z,KXBTC15M-26OCT050045-45,0.0040,23.91,no
2026-10-05T04:43:06.956085Z,KXBTC15M-26OCT050045-45,0.0040,20.00,no
2026-10-05T04:43:06.956085Z,KXBTC15M-26OCT050045-45,0.0040,0.01,no
2026-10-05T04:43:06.956085Z,KXBTC15M-26OCT050045-45,0.0040,10.00,no
2026-10-05T04:43:07.049251Z,KXBTC15M-26OCT050045-45,0.0020,2844.43,no
2026-10-05T04:43:07.049251Z,KXBTC15M-26OCT050045-45,0.0030,40.14,no
2026-10-05T04:43:07.049251Z,KXBTC15M-26OCT050045-45,0.0040,500.00,no
2026-10-05T04:43:07.049251Z,KXBTC15M-26OCT050045-45,0.0040,40.14,no
2026-10-05T04:43:07.049251Z,KXBTC15M-26OCT050045-45,0.0030,63.00,no
2026-10-05T04:43:07.049251Z,KXBTC15M-26OCT050045-45,0.0030,25.00,no
2026-10-05T04:43:07.049251Z,KXBTC15M-26OCT050045-45,0.0040,0.01,no
2026-10-05T04:43:07.049251Z,KXBTC15M-26OCT050045-45,0.0040,376.09,no
2026-10-05T04:43:07.049251Z,KXBTC15M-26OCT050045-45,0.0040,500.00,no
2026-10-05T04:43:07.049251Z,KXBTC15M-26OCT050045-45,0.0040,300.00,no
2026-10-05T04:43:07.049251Z,KXBTC15M-26OCT050045-45,0.0040,0.01,no
2026-10-05T04:43:07.049251Z,KXBTC15M-26OCT050045-45,0.0040,10.00,no
2026-10-05T04:43:07.049251Z,KXBTC15M-26OCT050045-45,0.0040,295.46,no
2026-10-05T04:43:07.059108Z,KXBTC15M-26OCT050045-45,0.0040,20.00,no
2026-10-05T04:43:07.059108Z,KXBTC15M-26OCT050045-45,0.0040,0.01,no
2026-10-05T04:43:07.059108Z,KXBTC15M-26OCT050045-45,0.0040,0.01,no
2026-10-05T04:43:07.194617Z,KXBTC15M-26OCT050045-45,0.0020,77.94,no
2026-10-05T04:43:07.201304Z,KXBTC15M-26OCT050045-45,0.0030,305.35,yes
2026-10-05T04:43:07.223382Z,KXBTC15M-26OCT050045-45,0.0020,25.04,no
2026-10-05T04:43:07.233172Z,KXBTC15M-26OCT050045-45,0.0030,184.93,yes
2026-10-05T04:43:07.257105Z,KXBTC15M-26OCT050045-45,0.0030,3.06,yes
2026-10-05T04:43:07.265688Z,KXBTC15M-26OCT050045-45,0.0030,411.75,yes
2026-10-05T04:43:07.296313Z,KXBTC15M-26OCT050045-45,0.0030,155.83,yes
2026-10-05T04:43:07.365913Z,KXBTC15M-26OCT050045-45,0.0030,184.93,yes
2026-10-05T04:43:07.369999Z,KXBTC15M-26OCT050045-45,0.0020,3.92,no
2026-10-05T04:43:07.440033Z,KXBTC15M-26OCT050045-45,0.0030,305.35,yes
2026-10-05T04:43:07.583608Z,KXBTC15M-26OCT050045-45,0.0030,25.04,yes
2026-10-05T04:43:07.583608Z,KXBTC15M-26OCT050045-45,0.0030,1618.19,yes
2026-10-05T04:43:07.583608Z,KXBTC15M-26OCT050045-45,0.0030,1273.21,yes
2026-10-05T04:43:07.583608Z,KXBTC15M-26OCT050045-45,0.0030,0.01,yes
2026-10-05T04:43:07.583608Z,KXBTC15M-26OCT050045-45,0.0030,77.94,yes
2026-10-05T04:43:07.583608Z,KXBTC15M-26OCT050045-45,0.0030,0.01,yes
2026-10-05T04:43:07.583608Z,KXBTC15M-26OCT050045-45,0.0030,3.92,yes
2026-10-05T04:43:07.627032Z,KXBTC15M-26OCT050045-45,0.0020,10.01,no
2026-10-05T04:43:07.629935Z,KXBTC15M-26OCT050045-45,0.0020,571.40,no
2026-10-05T04:43:07.760257Z,KXBTC15M-26OCT050045-45,0.0030,0.01,yes
2026-10-05T04:43:07.760257Z,KXBTC15M-26OCT050045-45,0.0030,299.09,yes
2026-10-05T04:43:07.760257Z,KXBTC15M-26OCT050045-45,0.0030,91.40,yes
2026-10-05T04:43:07.760257Z,KXBTC15M-26OCT050045-45,0.0030,10.01,yes
2026-10-05T04:43:07.760257Z,KXBTC15M-26OCT050045-45,0.0030,0.01,yes
2026-10-05T04:43:07.860585Z,KXBTC15M-26OCT050045-45,0.0030,272.31,yes
2026-10-05T04:43:07.860585Z,KXBTC15M-26OCT050045-45,0.0030,102.68,yes
2026-10-05T04:43:07.860585Z,KXBTC15M-26OCT050045-45,0.0030,625.01,yes
2026-10-05T04:43:07.898604Z,KXBTC15M-26OCT050045-45,0.0030,0.01,yes
2026-10-05T04:43:07.898604Z,KXBTC15M-26OCT050045-45,0.0030,0.01,yes
2026-10-05T04:43:07.898604Z,KXBTC15M-26OCT050045-45,0.0030,65.02,yes
2026-10-05T04:43:07.898604Z,KXBTC15M-26OCT050045-45,0.0030,240.31,yes
2026-10-05T04:43:07.970457Z,KXBTC15M-26OCT050045-45,0.0030,138.16,yes
2026-10-05T04:43:08.079586Z,KXBTC15M-26OCT050045-45,0.0030,0.01,yes
2026-10-05T04:43:08.079586Z,KXBTC15M-26OCT050045-45,0.0030,0.01,yes
2026-10-05T04:43:08.117557Z,KXBTC15M-26OCT050045-45,0.0050,2.54,yes
2026-10-05T04:43:08.30444Z,KXBTC15M-26OCT050045-45,0.0040,10.00,no
2026-10-05T04:43:08.30444Z,KXBTC15M-26OCT050045-45,0.0030,25.00,no
2026-10-05T04:43:08.30444Z,KXBTC15M-26OCT050045-45,0.0040,400.00,no
2026-10-05T04:43:08.30444Z,KXBTC15M-26OCT050045-45,0.0030,554.79,no
2026-10-05T04:43:08.30444Z,KXBTC15M-26OCT050045-45,0.0040,0.01,no
2026-10-05T04:43:08.30444Z,KXBTC15M-26OCT050045-45,0.0030,24.09,no
2026-10-05T04:43:08.30444Z,KXBTC15M-26OCT050045-45,0.0040,24.09,no
2026-10-05T04:43:08.30444Z,KXBTC15M-26OCT050045-45,0.0040,0.01,no
2026-10-05T04:43:08.305645Z,KXBTC15M-26OCT050045-45,0.0030,1235.53,no
2026-10-05T04:43:08.338203Z,KXBTC15M-26OCT050045-45,0.0050,6.92,yes
2026-10-05T04:43:08.398386Z,KXBTC15M-26OCT050045-45,0.0030,73.16,no
2026-10-05T04:43:08.398386Z,KXBTC15M-26OCT050045-45,0.0030,0.01,no
2026-10-05T04:43:08.398386Z,KXBTC15M-26OCT050045-45,0.0030,0.01,no
2026-10-05T04:43:08.398386Z,KXBTC15M-26OCT050045-45,0.0030,25.00,no
2026-10-05T04:43:08.399395Z,KXBTC15M-26OCT050045-45,0.0040,3000.00,yes
2026-10-05T04:43:08.406172Z,KXBTC15M-26OCT050045-45,0.0040,39.40,yes
2026-10-05T04:43:08.460228Z,KXBTC15M-26OCT050045-45,0.0040,14.25,yes
2026-10-05T04:43:08.526712Z,KXBTC15M-26OCT050045-45,0.0040,1469.29,yes
2026-10-05T04:43:08.532063Z,KXBTC15M-26OCT050045-45,0.0040,38.28,yes
2026-10-05T04:43:08.646562Z,KXBTC15M-26OCT050045-45,0.0030,17.21,no
2026-10-05T04:43:08.646562Z,KXBTC15M-26OCT050045-45,0.0030,0.01,no
2026-10-05T04:43:08.646562Z,KXBTC15M-26OCT050045-45,0.0030,25.00,no
2026-10-05T04:43:08.646562Z,KXBTC15M-26OCT050045-45,0.0030,10.00,no
2026-10-05T04:43:08.646562Z,KXBTC15M-26OCT050045-45,0.0030,0.01,no
2026-10-05T04:43:08.798205Z,KXBTC15M-26OCT050045-45,0.0050,336.91,yes
2026-10-05T04:43:08.798205Z,KXBTC15M-26OCT050045-45,0.0050,15.00,yes
2026-10-05T04:43:08.798205Z,KXBTC15M-26OCT050045-45,0.0040,500.00,yes
2026-10-05T04:43:08.798205Z,KXBTC15M-26OCT050045-45,0.0040,500.00,yes
2026-10-05T04:43:08.798205Z,KXBTC15M-26OCT050045-45,0.0050,675.06,yes
2026-10-05T04:43:08.798205Z,KXBTC15M-26OCT050045-45,0.0040,5438.78,yes
2026-10-05T04:43:08.798205Z,KXBTC15M-26OCT050045-45,0.0040,0.01,yes
2026-10-05T04:43:08.798205Z,KXBTC15M-26OCT050045-45,0.0050,17.00,yes
2026-10-05T04:43:08.798205Z,KXBTC15M-26OCT050045-45,0.0040,814.11,yes
2026-10-05T04:43:08.798205Z,KXBTC15M-26OCT050045-45,0.0050,1216.20,yes
2026-10-05T04:43:08.798205Z,KXBTC15M-26OCT050045-45,0.0050,107.41,yes
2026-10-05T04:43:08.798205Z,KXBTC15M-26OCT050045-45,0.0040,0.01,yes
2026-10-05T04:43:08.877663Z,KXBTC15M-26OCT050045-45,0.0050,353.98,no
2026-10-05T04:43:08.881946Z,KXBTC15M-26OCT050045-45,0.0050,1.00,no
2026-10-05T04:43:08.944767Z,KXBTC15M-26OCT050045-45,0.0050,5.55,no
2026-10-05T04:43:09.160548Z,KXBTC15M-26OCT050045-45,0.0060,113.00,yes
2026-10-05T04:43:09.160548Z,KXBTC15M-26OCT050045-45,0.0060,44.60,yes
2026-10-05T04:43:09.160548Z,KXBTC15M-26OCT050045-45,0.0060,0.01,yes
2026-10-05T04:43:09.160548Z,KXBTC15M-26OCT050045-45,0.0060,200.52,yes
2026-10-05T04:43:09.160548Z,KXBTC15M-26OCT050045-45,0.0060,0.01,yes
2026-10-05T04:43:09.160548Z,KXBTC15M-26OCT050045-45,0.0060,17.00,yes
2026-10-05T04:43:09.160548Z,KXBTC15M-26OCT050045-45,0.0060,287.37,yes
2026-10-05T04:43:09.246151Z,KXBTC15M-26OCT050045-45,0.0050,0.01,no
2026-10-05T04:43:09.246151Z,KXBTC15M-26OCT050045-45,0.0050,0.01,no
2026-10-05T04:43:09.246151Z,KXBTC15M-26OCT050045-45,0.0050,261.55,no
2026-10-05T04:43:09.246151Z,KXBTC15M-26OCT050045-45,0.0050,18.98,no
2026-10-05T04:43:09.285888Z,KXBTC15M-26OCT050045-45,0.0050,5.60,no
2026-10-05T04:43:09.378733Z,KXBTC15M-26OCT050045-45,0.0050,8.02,no
2026-10-05T04:43:09.565186Z,KXBTC15M-26OCT050045-45,0.0060,46.74,yes
2026-10-05T04:43:09.623067Z,KXBTC15M-26OCT050045-45,0.0050,233.13,no
2026-10-05T04:43:09.641463Z,KXBTC15M-26OCT050045-45,0.0050,22.90,no
2026-10-05T04:43:09.734564Z,KXBTC15M-26OCT050045-45,0.0050,11.05,no
2026-10-05T04:43:09.797458Z,KXBTC15M-26OCT050045-45,0.0050,39.24,no
2026-10-05T04:43:09.798662Z,KXBTC15M-26OCT050045-45,0.0050,99.40,no
2026-10-05T04:43:09.842949Z,KXBTC15M-26OCT050045-45,0.0060,200.00,yes
2026-10-05T04:43:09.870571Z,KXBTC15M-26OCT050045-45,0.0060,1.52,yes
2026-10-05T04:43:09.986368Z,KXBTC15M-26OCT050045-45,0.0050,306.66,no
2026-10-05T04:43:09.986368Z,KXBTC15M-26OCT050045-45,0.0040,10.00,no
2026-10-05T04:43:09.986368Z,KXBTC15M-26OCT050045-45,0.0030,25.00,no
2026-10-05T04:43:09.986368Z,KXBTC15M-26OCT050045-45,0.0030,15.00,no
2026-10-05T04:43:09.986368Z,KXBTC15M-26OCT050045-45,0.0050,0.01,no
2026-10-05T04:43:09.986368Z,KXBTC15M-26OCT050045-45,0.0050,11.73,no
2026-10-05T04:43:09.986368Z,KXBTC15M-26OCT050045-45,0.0050,0.01,no
2026-10-05T04:43:09.986368Z,KXBTC15M-26OCT050045-45,0.0050,94.28,no
2026-10-05T04:43:09.986368Z,KXBTC15M-26OCT050045-45,0.0030,1263.58,no
2026-10-05T04:43:09.986368Z,KXBTC15M-26OCT050045-45,0.0040,11.73,no
2026-10-05T04:43:09.986368Z,KXBTC15M-26OCT050045-45,0.0050,400.00,no
2026-10-05T04:43:10.079093Z,KXBTC15M-26OCT050045-45,0.0040,25.42,no
2026-10-05T04:43:10.090636Z,KXBTC15M-26OCT050045-45,0.0040,474.58,no
2026-10-05T04:43:10.090636Z,KXBTC15M-26OCT050045-45,0.0040,149.08,no
2026-10-05T04:43:10.274405Z,KXBTC15M-26OCT050045-45,0.0050,14.14,yes
2026-10-05T04:43:10.274405Z,KXBTC15M-26OCT050045-45,0.0050,17.00,yes
2026-10-05T04:43:10.274405Z,KXBTC15M-26OCT050045-45,0.0050,0.01,yes
2026-10-05T04:43:10.274405Z,KXBTC15M-26OCT050045-45,0.0050,0.01,yes
2026-10-05T04:43:10.561517Z,KXBTC15M-26OCT050045-45,0.0040,0.01,no
2026-10-05T04:43:10.561517Z,KXBTC15M-26OCT050045-45,0.0040,17.70,no
2026-10-05T04:43:10.602828Z,KXBTC15M-26OCT050045-45,0.0050,238.56,yes
2026-10-05T04:43:10.602828Z,KXBTC15M-26OCT050045-45,0.0050,0.01,yes
2026-10-05T04:43:10.602828Z,KXBTC15M-26OCT050045-45,0.0050,0.01,yes
2026-10-05T04:43:10.602828Z,KXBTC15M-26OCT050045-45,0.0050,112.19,yes
2026-10-05T04:43:10.742485Z,KXBTC15M-26OCT050045-45,0.0040,1.77,no
2026-10-05T04:43:10.742485Z,KXBTC15M-26OCT050045-45,0.0040,2.30,no
2026-10-05T04:43:10.893821Z,KXBTC15M-26OCT050045-45,0.0040,5.39,no
2026-10-05T04:43:10.920618Z,KXBTC15M-26OCT050045-45,0.0050,186.97,yes
2026-10-05T04:43:10.950595Z,KXBTC15M-26OCT050045-45,0.0050,93.49,yes
2026-10-05T04:43:10.992251Z,KXBTC15M-26OCT050045-45,0.0050,380.78,yes
2026-10-05T04:43:10.992251Z,KXBTC15M-26OCT050045-45,0.0050,343.78,yes
2026-10-05T04:43:10.992251Z,KXBTC15M-26OCT050045-45,0.0050,8.39,yes
2026-10-05T04:43:11.053552Z,KXBTC15M-26OCT050045-45,0.0050,67.75,yes
2026-10-05T04:43:11.053552Z,KXBTC15M-26OCT050045-45,0.0050,119.22,yes
2026-10-05T04:43:11.100498Z,KXBTC15M-26OCT050045-45,0.0050,14.95,yes
2026-10-05T04:43:11.119335Z,KXBTC15M-26OCT050045-45,0.0050,186.97,yes
2026-10-05T04:43:11.140791Z,KXBTC15M-26OCT050045-45,0.0040,3.00,no
2026-10-05T04:43:11.166983Z,KXBTC15M-26OCT050045-45,0.0040,30.11,no
2026-10-05T04:43:11.21596Z,KXBTC15M-26OCT050045-45,0.0050,158.26,yes
2026-10-05T04:43:11.229622Z,KXBTC15M-26OCT050045-45,0.0040,0.01,no
2026-10-05T04:43:11.229622Z,KXBTC15M-26OCT050045-45,0.0040,0.01,no
2026-10-05T04:43:11.229622Z,KXBTC15M-26OCT050045-45,0.0040,17.70,no
2026-10-05T04:43:11.229622Z,KXBTC15M-26OCT050045-45,0.0040,2.30,no
2026-10-05T04:43:11.229622Z,KXBTC15M-26OCT050045-45,0.0040,1.00,no
2026-10-05T04:43:11.229622Z,KXBTC15M-26OCT050045-45,0.0040,5.13,no
2026-10-05T04:43:11.251741Z,KXBTC15M-26OCT050045-45,0.0050,72.07,yes
2026-10-05T04:43:11.251741Z,KXBTC15M-26OCT050045-45,0.0050,114.90,yes
2026-10-05T04:43:11.252156Z,KXBTC15M-26OCT050045-45,0.0030,27.24,no
2026-10-05T04:43:11.252156Z,KXBTC15M-26OCT050045-45,0.0040,0.01,no
2026-10-05T04:43:11.252156Z,KXBTC15M-26OCT050045-45,0.0040,0.01,no
2026-10-05T04:43:11.252156Z,KXBTC15M-26OCT050045-45,0.0040,20.00,no
2026-10-05T04:43:11.252156Z,KXBTC15M-26OCT050045-45,0.0040,1.00,no
2026-10-05T04:43:11.269331Z,KXBTC15M-26OCT050045-45,0.0050,85.62,yes
2026-10-05T04:43:11.269331Z,KXBTC15M-26OCT050045-45,0.0050,42.36,yes
2026-10-05T04:43:11.269331Z,KXBTC15M-26OCT050045-45,0.0050,0.01,yes
2026-10-05T04:43:11.269331Z,KXBTC15M-26OCT050045-45,0.0050,0.01,yes
2026-10-05T04:43:11.357462Z,KXBTC15M-26OCT050045-45,0.0050,0.49,yes
2026-10-05T04:43:11.357462Z,KXBTC15M-26OCT050045-45,0.0050,99.16,yes
2026-10-05T04:43:11.393758Z,KXBTC15M-26OCT050045-45,0.0050,200.03,yes
2026-10-05T04:43:11.393758Z,KXBTC15M-26OCT050045-45,0.0050,84.72,yes
2026-10-05T04:43:11.526886Z,KXBTC15M-26OCT050045-45,0.0040,0.01,no
2026-10-05T04:43:11.526886Z,KXBTC15M-26OCT050045-45,0.0040,0.99,no
2026-10-05T04:43:11.555084Z,KXBTC15M-26OCT050045-45,0.0040,58.93,no
2026-10-05T04:43:11.555084Z,KXBTC15M-26OCT050045-45,0.0040,19.01,no
2026-10-05T04:43:11.61856Z,KXBTC15M-26OCT050045-45,0.0040,21.01,no
2026-10-05T04:43:11.713066Z,KXBTC15M-26OCT050045-45,0.0040,1.00,no
2026-10-05T04:43:11.869284Z,KXBTC15M-26OCT050045-45,0.0050,115.28,yes
2026-10-05T04:43:11.869284Z,KXBTC15M-26OCT050045-45,0.0050,52.99,yes
2026-10-05T04:43:12.015499Z,KXBTC15M-26OCT050045-45,0.0040,1.00,no
2026-10-05T04:43:12.015499Z,KXBTC15M-26OCT050045-45,0.0040,7.04,no
2026-10-05T04:43:12.015499Z,KXBTC15M-26OCT050045-45,0.0040,319.06,no
2026-10-05T04:43:12.015499Z,KXBTC15M-26OCT050045-45,0.0030,12397.11,no
2026-10-05T04:43:12.015499Z,KXBTC15M-26OCT050045-45,0.0040,0.99,no
2026-10-05T04:43:12.015499Z,KXBTC15M-26OCT050045-45,0.0040,19.01,no
2026-10-05T04:43:12.015499Z,KXBTC15M-26OCT050045-45,0.0040,0.01,no
2026-10-05T04:43:12.015499Z,KXBTC15M-26OCT050045-45,0.0040,0.01,no
2026-10-05T04:43:12.015499Z,KXBTC15M-26OCT050045-45,0.0030,7.04,no
2026-10-05T04:43:12.015499Z,KXBTC15M-26OCT050045-45,0.0030,1.00,no
2026-10-05T04:43:12.081231Z,KXBTC15M-26OCT050045-45,0.0050,12.07,yes
2026-10-05T04:43:12.085479Z,KXBTC15M-26OCT050045-45,0.0040,20.00,no
2026-10-05T04:43:12.085479Z,KXBTC15M-26OCT050045-45,0.0040,0.01,no
2026-10-05T04:43:12.085479Z,KXBTC15M-26OCT050045-45,0.0040,381.59,no
2026-10-05T04:43:12.095175Z,KXBTC15M-26OCT050045-45,0.0050,15.17,yes
2026-10-05T04:43:12.125159Z,KXBTC15M-26OCT050045-45,0.0040,20.00,no
2026-10-05T04:43:12.125159Z,KXBTC15M-26OCT050045-45,0.0040,0.01,no
2026-10-05T04:43:12.125159Z,KXBTC15M-26OCT050045-45,0.0040,18.41,no
2026-10-05T04:43:12.515922Z,KXBTC15M-26OCT050045-45,0.0030,0.01,no
2026-10-05T04:43:12.515922Z,KXBTC15M-26OCT050045-45,0.0030,7.30,no
2026-10-05T04:43:12.604227Z,KXBTC15M-26OCT050045-45,0.0030,2.35,no
2026-10-05T04:43:12.664008Z,KXBTC15M-26OCT050045-45,0.0040,114.53,yes
2026-10-05T04:43:12.708295Z,KXBTC15M-26OCT050045-45,0.0040,38.94,yes
2026-10-05T04:43:12.712417Z,KXBTC15M-26OCT050045-45,0.0040,0.02,yes
2026-10-05T04:43:12.720542Z,KXBTC15M-26OCT050045-45,0.0040,0.02,yes
2026-10-05T04:43:12.728439Z,KXBTC15M-26OCT050045-45,0.0040,0.02,yes
2026-10-05T04:43:12.979378Z,KXBTC15M-26OCT050045-45,0.0040,229.04,yes
2026-10-05T04:43:12.990074Z,KXBTC15M-26OCT050045-45,0.0040,2.29,yes
2026-10-05T04:43:13.068447Z,KXBTC15M-26OCT050045-45,0.0040,1145.16,yes
2026-10-05T04:43:13.18795Z,KXBTC15M-26OCT050045-45,0.0040,50.42,yes
2026-10-05T04:43:13.249813Z,KXBTC15M-26OCT050045-45,0.0030,26.76,no
2026-10-05T04:43:13.249813Z,KXBTC15M-26OCT050045-45,0.0030,15.35,no
2026-10-05T04:43:13.447005Z,KXBTC15M-26OCT050045-45,0.0020,1000.00,no
2026-10-05T04:43:13.447005Z,KXBTC15M-26OCT050045-45,0.0020,100.00,no
2026-10-05T04:43:13.447005Z,KXBTC15M-26OCT050045-45,0.0020,1000.00,no
2026-10-05T04:43:13.447005Z,KXBTC15M-26OCT050045-45,0.0020,1000.00,no
2026-10-05T04:43:13.447005Z,KXBTC15M-26OCT050045-45,0.0020,1300.00,no
2026-10-05T04:43:13.447005Z,KXBTC15M-26OCT050045-45,0.0020,20000.00,no
2026-10-05T04:43:13.447005Z,KXBTC15M-26OCT050045-45,0.0020,7546.13,no
2026-10-05T04:43:13.447005Z,KXBTC15M-26OCT050045-45,0.0020,120.00,no
2026-10-05T04:43:13.447005Z,KXBTC15M-26OCT050045-45,0.0020,500.00,no
2026-10-05T04:43:13.447005Z,KXBTC15M-26OCT050045-45,0.0020,200.00,no
2026-10-05T04:43:13.447005Z,KXBTC15M-26OCT050045-45,0.0020,200.00,no
2026-10-05T04:43:13.447005Z,KXBTC15M-26OCT050045-45,0.0020,26.00,no
2026-10-05T04:43:13.447005Z,KXBTC15M-26OCT050045-45,0.0020,3.00,no
2026-10-05T04:43:13.447005Z,KXBTC15M-26OCT050045-45,0.0020,3.00,no
2026-10-05T04:43:13.447005Z,KXBTC15M-26OCT050045-45,0.0020,3.00,no
2026-10-05T04:43:13.447005Z,KXBTC15M-26OCT050045-45,0.0020,3.00,no
2026-10-05T04:43:13.447005Z,KXBTC15M-26OCT050045-45,0.0020,3.00,no
2026-10-05T04:43:13.447005Z,KXBTC15M-26OCT050045-45,0.0020,20.00,no
2026-10-05T04:43:13.447005Z,KXBTC15M-26OCT050045-45,0.0020,5.00,no
2026-10-05T04:43:13.447005Z,KXBTC15M-26OCT050045-45,0.0020,10.00,no
2026-10-05T04:43:13.447005Z,KXBTC15M-26OCT050045-45,0.0020,15.00,no
2026-10-05T04:43:13.447005Z,KXBTC15M-26OCT050045-45,0.0020,15.00,no
2026-10-05T04:43:13.447005Z,KXBTC15M-26OCT050045-45,0.0020,300.00,no
2026-10-05T04:43:13.447005Z,KXBTC15M-26OCT050045-45,0.0020,15.00,no
2026-10-05T04:43:13.447005Z,KXBTC15M-26OCT050045-45,0.0020,2.00,no
2026-10-05T04:43:13.447005Z,KXBTC15M-26OCT050045-45,0.0020,2.00,no
2026-10-05T04:43:13.447005Z,KXBTC15M-26OCT050045-45,0.0020,10000.00,no
2026-10-05T04:43:13.447005Z,KXBTC15M-26OCT050045-45,0.0020,112.00,no
2026-10-05T04:43:13.447005Z,KXBTC15M-26OCT050045-45,0.0020,17.00,no
2026-10-05T04:43:13.447005Z,KXBTC15M-26OCT050045-45,0.0030,254.58,no
2026-10-05T04:43:13.447005Z,KXBTC15M-26OCT050045-45,0.0030,15.35,no
2026-10-05T04:43:13.447005Z,KXBTC15M-26OCT050045-45,0.0020,1.00,no
2026-10-05T04:43:13.447005Z,KXBTC15M-26OCT050045-45,0.0030,1.00,no
2026-10-05T04:43:13.447005Z,KXBTC15M-26OCT050045-45,0.0030,2.35,no
2026-10-05T04:43:13.447005Z,KXBTC15M-26OCT050045-45,0.0020,44.22,no
2026-10-05T04:43:13.447005Z,KXBTC15M-26OCT050045-45,0.0030,0.01,no
2026-10-05T04:43:13.447005Z,KXBTC15M-26OCT050045-45,0.0030,7.30,no
2026-10-05T04:43:13.447005Z,KXBTC15M-26OCT050045-45,0.0020,3750.00,no
2026-10-05T04:43:13.447005Z,KXBTC15M-26OCT050045-45,0.0030,373.24,no
2026-10-05T04:43:13.447005Z,KXBTC15M-26OCT050045-45,0.0030,44.22,no
2026-10-05T04:43:13.447005Z,KXBTC15M-26OCT050045-45,0.0020,1360.66,no
2026-10-05T04:43:13.447005Z,KXBTC15M-26OCT050045-45,0.0020,14.73,no
2026-10-05T04:43:13.518081Z,KXBTC15M-26OCT050045-45,0.0020,233.72,yes
2026-10-05T04:43:13.596453Z,KXBTC15M-26OCT050045-45,0.0020,2466.70,yes
2026-10-05T04:43:13.636119Z,KXBTC15M-26OCT050045-45,0.0020,133.22,yes
2026-10-05T04:43:13.644554Z,KXBTC15M-26OCT050045-45,0.0020,1028.00,yes
2026-10-05T04:43:13.647843Z,KXBTC15M-26OCT050045-45,0.0020,101.16,yes
2026-10-05T04:43:13.659654Z,KXBTC15M-26OCT050045-45,0.0010,1964.31,no
2026-10-05T04:43:13.734982Z,KXBTC15M-26OCT050045-45,0.0020,233.72,yes
2026-10-05T04:43:13.760083Z,KXBTC15M-26OCT050045-45,0.0020,780.00,yes
2026-10-05T04:43:13.770364Z,KXBTC15M-26OCT050045-45,0.0020,1000.00,yes
2026-10-05T04:43:13.958648Z,KXBTC15M-26OCT050045-45,0.0020,38.64,yes
2026-10-05T04:43:14.075663Z,KXBTC15M-26OCT050045-45,0.0020,23367.54,yes
2026-10-05T04:43:14.104738Z,KXBTC15M-26OCT050045-45,0.0020,458.01,yes
2026-10-05T04:43:14.223133Z,KXBTC15M-26OCT050045-45,0.0010,467.59,no
2026-10-05T04:43:14.365549Z,KXBTC15M-26OCT050045-45,0.0010,8.50,no
2026-10-05T04:43:14.383964Z,KXBTC15M-26OCT050045-45,0.0020,4.69,yes
2026-10-05T04:43:14.391362Z,KXBTC15M-26OCT050045-45,0.0020,742.72,yes
2026-10-05T04:43:14.438121Z,KXBTC15M-26OCT050045-45,0.0020,916.02,yes
2026-10-05T04:43:14.535818Z,KXBTC15M-26OCT050045-45,0.0020,458.01,yes
2026-10-05T04:43:14.570057Z,KXBTC15M-26OCT050045-45,0.0020,2337.07,yes
2026-10-05T04:43:14.571995Z,KXBTC15M-26OCT050045-45,0.0020,0.02,yes
2026-10-05T04:43:14.593762Z,KXBTC15M-26OCT050045-45,0.0020,0.02,yes
2026-10-05T04:43:14.609076Z,KXBTC15M-26OCT050045-45,0.0020,200.00,yes
2026-10-05T04:43:14.615373Z,KXBTC15M-26OCT050045-45,0.0020,141.99,yes
2026-10-05T04:43:14.749498Z,KXBTC15M-26OCT050045-45,0.0020,458.01,yes
2026-10-05T04:43:14.819673Z,KXBTC15M-26OCT050045-45,0.0020,45.25,yes
2026-10-05T04:43:14.87239Z,KXBTC15M-26OCT050045-45,0.0020,69.29,yes
2026-10-05T04:43:14.942271Z,KXBTC15M-26OCT050045-45,0.0020,3423.98,yes
2026-10-05T04:43:15.140583Z,KXBTC15M-26OCT050045-45,0.0010,259.91,no
2026-10-05T04:43:15.199592Z,KXBTC15M-26OCT050045-45,0.0020,7.30,yes
2026-10-05T04:43:15.323339Z,KXBTC15M-26OCT050045-45,0.0020,15.35,yes
2026-10-05T04:43:15.407046Z,KXBTC15M-26OCT050045-45,0.0020,26.22,yes
2026-10-05T04:43:15.517166Z,KXBTC15M-26OCT050045-45,0.0020,74.27,yes
2026-10-05T04:43:15.558299Z,KXBTC15M-26OCT050045-45,0.0010,10.00,no
2026-10-05T04:43:15.695302Z,KXBTC15M-26OCT050045-45,0.0020,458.01,yes
2026-10-05T04:43:15.698271Z,KXBTC15M-26OCT050045-45,0.0020,301.05,yes
2026-10-05T04:43:15.714822Z,KXBTC15M-26OCT050045-45,0.0020,2290.05,yes
2026-10-05T04:43:15.768136Z,KXBTC15M-26OCT050045-45,0.0020,3.07,yes
2026-10-05T04:43:15.811935Z,KXBTC15M-26OCT050045-45,0.0020,65.53,yes
2026-10-05T04:43:15.825804Z,KXBTC15M-26OCT050045-45,0.0010,20018.61,no
2026-10-05T04:43:15.846168Z,KXBTC15M-26OCT050045-45,0.0020,233.69,yes
2026-10-05T04:43:15.866609Z,KXBTC15M-26OCT050045-45,0.0010,0.12,no
2026-10-05T04:43:15.877342Z,KXBTC15M-26OCT050045-45,0.0020,229.01,yes
2026-10-05T04:43:15.957854Z,KXBTC15M-26OCT050045-45,0.0020,458.01,yes
2026-10-05T04:43:16.120472Z,KXBTC15M-26OCT050045-45,0.0020,5023.72,yes
2026-10-05T04:43:16.142918Z,KXBTC15M-26OCT050045-45,0.0020,10.00,yes
2026-10-05T04:43:16.160206Z,KXBTC15M-26OCT050045-45,0.0020,0.02,yes
2026-10-05T04:43:16.163479Z,KXBTC15M-26OCT050045-45,0.0020,8.54,yes
2026-10-05T04:43:16.273172Z,KXBTC15M-26OCT050045-45,0.0010,93.51,no
2026-10-05T04:43:16.390336Z,KXBTC15M-26OCT050045-45,0.0020,153.00,yes
2026-10-05T04:43:16.427432Z,KXBTC15M-26OCT050045-45,0.0010,187.03,no
2026-10-05T04:43:16.511069Z,KXBTC15M-26OCT050045-45,0.0020,291.06,yes
2026-10-05T04:43:16.614677Z,KXBTC15M-26OCT050045-45,0.0010,10.39,no
2026-10-05T04:43:16.63943Z,KXBTC15M-26OCT050045-45,0.0010,0.02,no
2026-10-05T04:43:16.672708Z,KXBTC15M-26OCT050045-45,0.0010,11.69,no
2026-10-05T04:43:16.709769Z,KXBTC15M-26OCT050045-45,0.0020,9472.64,yes
2026-10-05T04:43:16.709769Z,KXBTC15M-26OCT050045-45,0.0020,202.81,yes
2026-10-05T04:43:16.709769Z,KXBTC15M-26OCT050045-45,0.0020,5639.07,yes
2026-10-05T04:43:16.709769Z,KXBTC15M-26OCT050045-45,0.0020,9.61,yes
2026-10-05T04:43:16.709769Z,KXBTC15M-26OCT050045-45,0.0020,0.01,yes
2026-10-05T04:43:16.709769Z,KXBTC15M-26OCT050045-45,0.0020,2324.53,yes
2026-10-05T04:43:16.709769Z,KXBTC15M-26OCT050045-45,0.0020,0.43,yes
2026-10-05T04:43:16.709769Z,KXBTC15M-26OCT050045-45,0.0020,100.00,yes
2026-10-05T04:43:16.709769Z,KXBTC15M-26OCT050045-45,0.0020,1964.31,yes
2026-10-05T04:43:16.709769Z,KXBTC15M-26OCT050045-45,0.0020,141.52,yes
2026-10-05T04:43:16.749642Z,KXBTC15M-26OCT050045-45,0.0020,129.34,yes
2026-10-05T04:43:16.789498Z,KXBTC15M-26OCT050045-45,0.0020,247.76,yes
2026-10-05T04:43:16.899778Z,KXBTC15M-26OCT050045-45,0.0020,2290.05,yes
2026-10-05T04:43:16.917555Z,KXBTC15M-26OCT050045-45,0.0020,45.80,yes
2026-10-05T04:43:16.919961Z,KXBTC15M-26OCT050045-45,0.0020,15.68,yes
2026-10-05T04:43:16.932746Z,KXBTC15M-26OCT050045-45,0.0020,2290.05,yes
2026-10-05T04:43:16.951458Z,KXBTC15M-26OCT050045-45,0.0020,133.58,yes
2026-10-05T04:43:17.135338Z,KXBTC15M-26OCT050045-45,0.0020,221.97,yes
2026-10-05T04:43:17.179171Z,KXBTC15M-26OCT050045-45,0.0020,229.01,yes
2026-10-05T04:43:17.226678Z,KXBTC15M-26OCT050045-45,0.0010,7000.00,no
2026-10-05T04:43:17.232834Z,KXBTC15M-26OCT050045-45,0.0020,1652.00,yes
2026-10-05T04:43:17.236266Z,KXBTC15M-26OCT050045-45,0.0020,3206.06,yes
2026-10-05T04:43:17.267619Z,KXBTC15M-26OCT050045-45,0.0020,66.06,yes
2026-10-05T04:43:17.267619Z,KXBTC15M-26OCT050045-45,0.0020,391.95,yes
2026-10-05T04:43:17.296463Z,KXBTC15M-26OCT050045-45,0.0020,467.36,yes
2026-10-05T04:43:17.33182Z,KXBTC15M-26OCT050045-45,0.0010,58.47,no
2026-10-05T04:43:17.434231Z,KXBTC15M-26OCT050045-45,0.0020,1978.40,yes
2026-10-05T04:43:17.488621Z,KXBTC15M-26OCT050045-45,0.0020,20.23,yes
2026-10-05T04:43:17.590152Z,KXBTC15M-26OCT050045-45,0.0020,229.01,yes
2026-10-05T04:43:17.616348Z,KXBTC15M-26OCT050045-45,0.0020,38.36,yes
2026-10-05T04:43:17.639271Z,KXBTC15M-26OCT050045-45,0.0010,3937.14,no
2026-10-05T04:43:17.752531Z,KXBTC15M-26OCT050045-45,0.0010,274.25,no
2026-10-05T04:43:18.006755Z,KXBTC15M-26OCT050045-45,0.0020,45.80,yes
2026-10-05T04:43:18.192667Z,KXBTC15M-26OCT050045-45,0.0020,174.00,yes
2026-10-05T04:43:18.208672Z,KXBTC15M-26OCT050045-45,0.0010,103.33,no
2026-10-05T04:43:18.316473Z,KXBTC15M-26OCT050045-45,0.0020,20.00,yes
2026-10-05T04:43:18.336584Z,KXBTC15M-26OCT050045-45,0.0020,458.01,yes
2026-10-05T04:43:18.378807Z,KXBTC15M-26OCT050045-45,0.0020,458.01,yes
2026-10-05T04:43:18.476931Z,KXBTC15M-26OCT050045-45,0.0020,40.01,yes
2026-10-05T04:43:18.476931Z,KXBTC15M-26OCT050045-45,0.0020,467.59,yes
2026-10-05T04:43:18.476931Z,KXBTC15M-26OCT050045-45,0.0020,544.13,yes
2026-10-05T04:43:18.476931Z,KXBTC15M-26OCT050045-45,0.0020,8.50,yes
2026-10-05T04:43:18.476931Z,KXBTC15M-26OCT050045-45,0.0020,3265.00,yes
2026-10-05T04:43:18.476931Z,KXBTC15M-26OCT050045-45,0.0020,248.73,yes
2026-10-05T04:43:18.476931Z,KXBTC15M-26OCT050045-45,0.0020,6.10,yes
2026-10-05T04:43:18.517285Z,KXBTC15M-26OCT050045-45,0.0020,10.00,yes
2026-10-05T04:43:18.722051Z,KXBTC15M-26OCT050045-45,0.0020,10.00,yes
2026-10-05T04:43:18.722051Z,KXBTC15M-26OCT050045-45,0.0020,209.90,yes
2026-10-05T04:43:18.722051Z,KXBTC15M-26OCT050045-45,0.0020,1154.13,yes
2026-10-05T04:43:18.795452Z,KXBTC15M-26OCT050045-45,0.0020,91.62,yes
2026-10-05T04:43:18.818439Z,KXBTC15M-26OCT050045-45,0.0010,1205.12,no
2026-10-05T04:43:18.855761Z,KXBTC15M-26OCT050045-45,0.0020,56.46,yes
2026-10-05T04:43:19.034468Z,KXBTC15M-26OCT050045-45,0.0020,467.36,yes
2026-10-05T04:43:19.273593Z,KXBTC15M-26OCT050045-45,0.0020,326.00,yes
2026-10-05T04:43:19.287385Z,KXBTC15M-26OCT050045-45,0.0020,34.58,yes
2026-10-05T04:43:19.470404Z,KXBTC15M-26OCT050045-45,0.0020,407.00,yes
2026-10-05T04:43:19.522506Z,KXBTC15M-26OCT050045-45,0.0020,121.36,yes
2026-10-05T04:43:19.560374Z,KXBTC15M-26OCT050045-45,0.0010,62.41,no
2026-10-05T04:43:19.839757Z,KXBTC15M-26OCT050045-45,0.0020,335.26,yes
2026-10-05T04:43:19.889696Z,KXBTC15M-26OCT050045-45,0.0020,45.05,yes
2026-10-05T04:43:20.013286Z,KXBTC15M-26OCT050045-45,0.0020,4.50,yes
2026-10-05T04:43:20.082264Z,KXBTC15M-26OCT050045-45,0.0010,100.29,no
2026-10-05T04:43:20.150299Z,KXBTC15M-26OCT050045-45,0.0010,153.85,no
2026-10-05T04:43:20.197577Z,KXBTC15M-26OCT050045-45,0.0020,458.01,yes
2026-10-05T04:43:20.242312Z,KXBTC15M-26OCT050045-45,0.0010,0.50,no
2026-10-05T04:43:20.358722Z,KXBTC15M-26OCT050045-45,0.0020,1008.44,yes
2026-10-05T04:43:20.421401Z,KXBTC15M-26OCT050045-45,0.0020,4.59,yes
2026-10-05T04:43:20.498591Z,KXBTC15M-26OCT050045-45,0.0020,80.40,yes
2026-10-05T04:43:20.591627Z,KXBTC15M-26OCT050045-45,0.0010,202.18,no
2026-10-05T04:43:20.695107Z,KXBTC15M-26OCT050045-45,0.0020,44.29,yes
2026-10-05T04:43:20.718563Z,KXBTC15M-26OCT050045-45,0.0020,47.13,yes
2026-10-05T04:43:20.772648Z,KXBTC15M-26OCT050045-45,0.0020,42.11,yes
2026-10-05T04:43:21.03457Z,KXBTC15M-26OCT050045-45,0.0020,229.01,yes
2026-10-05T04:43:21.100543Z,KXBTC15M-26OCT050045-45,0.0020,8.82,yes
2026-10-05T04:43:21.211014Z,KXBTC15M-26OCT050045-45,0.0020,45.00,yes
2026-10-05T04:43:21.249116Z,KXBTC15M-26OCT050045-45,0.0020,239.21,yes
2026-10-05T04:43:21.393856Z,KXBTC15M-26OCT050045-45,0.0020,458.01,yes
2026-10-05T04:43:21.524238Z,KXBTC15M-26OCT050045-45,0.0020,10.00,yes
2026-10-05T04:43:21.52598Z,KXBTC15M-26OCT050045-45,0.0020,458.01,yes
2026-10-05T04:43:21.590382Z,KXBTC15M-26OCT050045-45,0.0010,31.18,no
2026-10-05T04:43:21.627102Z,KXBTC15M-26OCT050045-45,0.0020,386.11,yes
2026-10-05T04:43:21.751021Z,KXBTC15M-26OCT050045-45,0.0020,67.33,yes
2026-10-05T04:43:21.754913Z,KXBTC15M-26OCT050045-45,0.0010,152.71,no
2026-10-05T04:43:21.769141Z,KXBTC15M-26OCT050045-45,0.0020,430.55,yes
2026-10-05T04:43:21.851221Z,KXBTC15M-26OCT050045-45,0.0020,44.87,yes
2026-10-05T04:43:22.017558Z,KXBTC15M-26OCT050045-45,0.0020,114.50,yes
2026-10-05T04:43:22.027764Z,KXBTC15M-26OCT050045-45,0.0010,0.02,no
2026-10-05T04:43:22.05575Z,KXBTC15M-26OCT050045-45,0.0020,916.02,yes
2026-10-05T04:43:22.420838Z,KXBTC15M-26OCT050045-45,0.0010,186.97,no
2026-10-05T04:43:22.462611Z,KXBTC15M-26OCT050045-45,0.0020,2691.97,yes
2026-10-05T04:43:22.484452Z,KXBTC15M-26OCT050045-45,0.0010,35.97,no
2026-10-05T04:43:22.70369Z,KXBTC15M-26OCT050045-45,0.0010,51.30,no
2026-10-05T04:43:22.731911Z,KXBTC15M-26OCT050045-45,0.0020,4.59,yes
2026-10-05T04:43:23.169491Z,KXBTC15M-26OCT050045-45,0.0010,6.00,no
2026-10-05T04:43:23.217919Z,KXBTC15M-26OCT050045-45,0.0010,15.69,no
2026-10-05T04:43:23.372103Z,KXBTC15M-26OCT050045-45,0.0010,389.71,no
2026-10-05T04:43:23.398104Z,KXBTC15M-26OCT050045-45,0.0010,362.16,no
2026-10-05T04:43:23.484719Z,KXBTC15M-26OCT050045-45,0.0020,45.80,yes
2026-10-05T04:43:23.76406Z,KXBTC15M-26OCT050045-45,0.0020,458.01,yes
2026-10-05T04:43:23.764529Z,KXBTC15M-26OCT050045-45,0.0020,467.36,yes
2026-10-05T04:43:23.769112Z,KXBTC15M-26OCT050045-45,0.0020,2290.05,yes
2026-10-05T04:43:23.78906Z,KXBTC15M-26OCT050045-45,0.0020,125.68,yes
2026-10-05T04:43:23.891288Z,KXBTC15M-26OCT050045-45,0.0010,94.99,no
2026-10-05T04:43:23.927815Z,KXBTC15M-26OCT050045-45,0.0020,13.31,yes
2026-10-05T04:43:24.082957Z,KXBTC15M-26OCT050045-45,0.0010,51.95,no
2026-10-05T04:43:24.083306Z,KXBTC15M-26OCT050045-45,0.0020,188.66,yes
2026-10-05T04:43:24.115889Z,KXBTC15M-26OCT050045-45,0.0010,46.74,no
2026-10-05T04:43:24.145589Z,KXBTC15M-26OCT050045-45,0.0020,467.36,yes
2026-10-05T04:43:24.170175Z,KXBTC15M-26OCT050045-45,0.0010,18.00,no
2026-10-05T04:43:24.286026Z,KXBTC15M-26OCT050045-45,0.0010,100.00,no
2026-10-05T04:43:24.359796Z,KXBTC15M-26OCT050045-45,0.0010,55.05,no
2026-10-05T04:43:24.426403Z,KXBTC15M-26OCT050045-45,0.0020,540.00,yes
2026-10-05T04:43:24.48343Z,KXBTC15M-26OCT050045-45,0.0020,17.85,yes
2026-10-05T04:43:24.732254Z,KXBTC15M-26OCT050045-45,0.0020,8.81,yes
2026-10-05T04:43:24.828146Z,KXBTC15M-26OCT050045-45,0.0020,0.01,yes
2026-10-05T04:43:24.828146Z,KXBTC15M-26OCT050045-45,0.0020,93.51,yes
2026-10-05T04:43:24.828146Z,KXBTC15M-26OCT050045-45,0.0020,187.03,yes
2026-10-05T04:43:24.828146Z,KXBTC15M-26OCT050045-45,0.0020,0.43,yes
2026-10-05T04:43:24.828146Z,KXBTC15M-26OCT050045-45,0.0020,10.39,yes
2026-10-05T04:43:24.828146Z,KXBTC15M-26OCT050045-45,0.0020,0.02,yes
2026-10-05T04:43:24.828146Z,KXBTC15M-26OCT050045-45,0.0020,11.69,yes
2026-10-05T04:43:24.828146Z,KXBTC15M-26OCT050045-45,0.0020,6583.48,yes
2026-10-05T04:43:24.828146Z,KXBTC15M-26OCT050045-45,0.0020,4563.43,yes
2026-10-05T04:43:24.828146Z,KXBTC15M-26OCT050045-45,0.0020,0.12,yes
2026-10-05T04:43:24.883471Z,KXBTC15M-26OCT050045-45,0.0020,940.38,yes
2026-10-05T04:43:24.883471Z,KXBTC15M-26OCT050045-45,0.0020,58.47,yes
2026-10-05T04:43:24.883471Z,KXBTC15M-26OCT050045-45,0.0020,416.52,yes
2026-10-05T04:43:24.923241Z,KXBTC15M-26OCT050045-45,0.0020,103.33,yes
2026-10-05T04:43:24.923241Z,KXBTC15M-26OCT050045-45,0.0020,15.00,yes
2026-10-05T04:43:24.923241Z,KXBTC15M-26OCT050045-45,0.0020,292.51,yes
2026-10-05T04:43:24.923241Z,KXBTC15M-26OCT050045-45,0.0020,2996.76,yes
2026-10-05T04:43:24.923241Z,KXBTC15M-26OCT050045-45,0.0020,274.25,yes
2026-10-05T04:43:25.000447Z,KXBTC15M-26OCT050045-45,0.0020,186.09,yes
2026-10-05T04:43:25.006949Z,KXBTC15M-26OCT050045-45,0.0010,8.00,no
2026-10-05T04:43:25.106759Z,KXBTC15M-26OCT050045-45,0.0010,0.03,no
2026-10-05T04:43:25.188999Z,KXBTC15M-26OCT050045-45,0.0020,30.19,yes
2026-10-05T04:43:25.246737Z,KXBTC15M-26OCT050045-45,0.0020,418.18,yes
2026-10-05T04:43:25.485206Z,KXBTC15M-26OCT050045-45,0.0020,338.94,yes
2026-10-05T04:43:25.485206Z,KXBTC15M-26OCT050045-45,0.0020,100.29,yes
2026-10-05T04:43:25.485206Z,KXBTC15M-26OCT050045-45,0.0020,153.85,yes
2026-10-05T04:43:25.485206Z,KXBTC15M-26OCT050045-45,0.0020,0.50,yes
2026-10-05T04:43:25.485206Z,KXBTC15M-26OCT050045-45,0.0020,278.15,yes
2026-10-05T04:43:25.485206Z,KXBTC15M-26OCT050045-45,0.0020,62.41,yes
2026-10-05T04:43:25.485206Z,KXBTC15M-26OCT050045-45,0.0020,0.01,yes
2026-10-05T04:43:25.599054Z,KXBTC15M-26OCT050045-45,0.0020,0.12,yes
2026-10-05T04:43:25.630978Z,KXBTC15M-26OCT050045-45,0.0020,160.94,yes
2026-10-05T04:43:25.630978Z,KXBTC15M-26OCT050045-45,0.0020,202.18,yes
2026-10-05T04:43:25.630978Z,KXBTC15M-26OCT050045-45,0.0020,152.71,yes
2026-10-05T04:43:25.630978Z,KXBTC15M-26OCT050045-45,0.0020,31.18,yes
2026-10-05T04:43:25.630978Z,KXBTC15M-26OCT050045-45,0.0020,51.30,yes
2026-10-05T04:43:25.630978Z,KXBTC15M-26OCT050045-45,0.0020,13.67,yes
2026-10-05T04:43:25.630978Z,KXBTC15M-26OCT050045-45,0.0020,35.97,yes
2026-10-05T04:43:25.630978Z,KXBTC15M-26OCT050045-45,0.0020,0.02,yes
2026-10-05T04:43:25.630978Z,KXBTC15M-26OCT050045-45,0.0020,186.97,yes
2026-10-05T04:43:25.630978Z,KXBTC15M-26OCT050045-45,0.0020,6.00,yes
2026-10-05T04:43:25.630978Z,KXBTC15M-26OCT050045-45,0.0020,15.69,yes
2026-10-05T04:43:25.630978Z,KXBTC15M-26OCT050045-45,0.0020,22.76,yes
2026-10-05T04:43:25.974938Z,KXBTC15M-26OCT050045-45,0.0010,4904.56,no
2026-10-05T04:43:26.023696Z,KXBTC15M-26OCT050045-45,0.0010,2478.00,no
2026-10-05T04:43:26.023696Z,KXBTC15M-26OCT050045-45,0.0010,881.75,no
2026-10-05T04:43:26.023696Z,KXBTC15M-26OCT050045-45,0.0010,1644.90,no
2026-10-05T04:43:26.147258Z,KXBTC15M-26OCT050045-45,0.0010,5.00,no
2026-10-05T04:43:26.233065Z,KXBTC15M-26OCT050045-45,0.0020,46.13,yes
2026-10-05T04:43:26.233065Z,KXBTC15M-26OCT050045-45,0.0020,366.95,yes
2026-10-05T04:43:26.233065Z,KXBTC15M-26OCT050045-45,0.0020,362.16,yes
2026-10-05T04:43:26.233065Z,KXBTC15M-26OCT050045-45,0.0020,94.99,yes
2026-10-05T04:43:26.281218Z,KXBTC15M-26OCT050045-45,0.0010,0.20,no
2026-10-05T04:43:26.341426Z,KXBTC15M-26OCT050045-45,0.0020,5.82,yes
2026-10-05T04:43:26.341426Z,KXBTC15M-26OCT050045-45,0.0020,18.00,yes
2026-10-05T04:43:26.341426Z,KXBTC15M-26OCT050045-45,0.0020,46.74,yes
2026-10-05T04:43:26.341426Z,KXBTC15M-26OCT050045-45,0.0020,36.12,yes
2026-10-05T04:43:26.44142Z,KXBTC15M-26OCT050045-45,0.0020,327.64,yes
2026-10-05T04:43:26.44142Z,KXBTC15M-26OCT050045-45,0.0020,0.01,yes
2026-10-05T04:43:26.44142Z,KXBTC15M-26OCT050045-45,0.0020,55.05,yes
2026-10-05T04:43:26.44142Z,KXBTC15M-26OCT050045-45,0.0020,63.88,yes
2026-10-05T04:43:26.44142Z,KXBTC15M-26OCT050045-45,0.0020,0.43,yes
2026-10-05T04:43:26.44142Z,KXBTC15M-26OCT050045-45,0.0020,0.01,yes
2026-10-05T04:43:26.44142Z,KXBTC15M-26OCT050045-45,0.0020,1835.00,yes
2026-10-05T04:43:26.44142Z,KXBTC15M-26OCT050045-45,0.0020,8.00,yes
2026-10-05T04:43:26.44142Z,KXBTC15M-26OCT050045-45,0.0020,0.03,yes
2026-10-05T04:43:26.544316Z,KXBTC15M-26OCT050045-45,0.0020,89.49,yes
2026-10-05T04:43:26.55916Z,KXBTC15M-26OCT050045-45,0.0020,206.13,yes
2026-10-05T04:43:26.592386Z,KXBTC15M-26OCT050045-45,0.0020,224.43,yes
2026-10-05T04:43:26.630849Z,KXBTC15M-26OCT050045-45,0.0020,12.07,yes
2026-10-05T04:43:26.658321Z,KXBTC15M-26OCT050045-45,0.0020,15.19,yes
2026-10-05T04:43:26.742194Z,KXBTC15M-26OCT050045-45,0.0010,30.90,no
2026-10-05T04:43:26.801458Z,KXBTC15M-26OCT050045-45,0.0020,458.01,yes
2026-10-05T04:43:26.839448Z,KXBTC15M-26OCT050045-45,0.0010,0.36,no
2026-10-05T04:43:26.901118Z,KXBTC15M-26OCT050045-45,0.0010,492.49,no
2026-10-05T04:43:27.126469Z,KXBTC15M-26OCT050045-45,0.0020,56.34,yes
2026-10-05T04:43:27.201397Z,KXBTC15M-26OCT050045-45,0.0020,110.51,yes
2026-10-05T04:43:27.647073Z,KXBTC15M-26OCT050045-45,0.0010,20.01,no
2026-10-05T04:43:27.676832Z,KXBTC15M-26OCT050045-45,0.0020,916.02,yes
2026-10-05T04:43:27.807067Z,KXBTC15M-26OCT050045-45,0.0020,20.00,yes
2026-10-05T04:43:27.852891Z,KXBTC15M-26OCT050045-45,0.0020,53.78,yes
2026-10-05T04:43:27.943845Z,KXBTC15M-26OCT050045-45,0.0020,1.00,yes
2026-10-05T04:43:28.16132Z,KXBTC15M-26OCT050045-45,0.0020,0.50,yes
2026-10-05T04:43:28.198422Z,KXBTC15M-26OCT050045-45,0.0020,458.01,yes
2026-10-05T04:43:28.325696Z,KXBTC15M-26OCT050045-45,0.0020,5.00,yes
2026-10-05T04:43:28.343675Z,KXBTC15M-26OCT050045-45,0.0010,100.00,no
2026-10-05T04:43:28.348117Z,KXBTC15M-26OCT050045-45,0.0030,32.00,yes
2026-10-05T04:43:28.348117Z,KXBTC15M-26OCT050045-45,0.0030,1000.00,yes
2026-10-05T04:43:28.348117Z,KXBTC15M-26OCT050045-45,0.0030,1000.00,yes
2026-10-05T04:43:28.348117Z,KXBTC15M-26OCT050045-45,0.0030,1000.00,yes
2026-10-05T04:43:28.348117Z,KXBTC15M-26OCT050045-45,0.0030,0.48,yes
2026-10-05T04:43:28.348117Z,KXBTC15M-26OCT050045-45,0.0030,120.00,yes
2026-10-05T04:43:28.348117Z,KXBTC15M-26OCT050045-45,0.0030,6.79,yes
2026-10-05T04:43:28.348117Z,KXBTC15M-26OCT050045-45,0.0020,0.20,yes
2026-10-05T04:43:28.348117Z,KXBTC15M-26OCT050045-45,0.0020,1644.90,yes
2026-10-05T04:43:28.348117Z,KXBTC15M-26OCT050045-45,0.0020,492.49,yes
2026-10-05T04:43:28.348117Z,KXBTC15M-26OCT050045-45,0.0020,5.00,yes
2026-10-05T04:43:28.348117Z,KXBTC15M-26OCT050045-45,0.0020,0.01,yes
2026-10-05T04:43:28.348117Z,KXBTC15M-26OCT050045-45,0.0020,2478.00,yes
2026-10-05T04:43:28.348117Z,KXBTC15M-26OCT050045-45,0.0020,881.75,yes
2026-10-05T04:43:28.348117Z,KXBTC15M-26OCT050045-45,0.0020,0.43,yes
2026-10-05T04:43:28.348117Z,KXBTC15M-26OCT050045-45,0.0020,0.01,yes
2026-10-05T04:43:28.348117Z,KXBTC15M-26OCT050045-45,0.0020,0.36,yes
2026-10-05T04:43:28.348117Z,KXBTC15M-26OCT050045-45,0.0020,30.90,yes
2026-10-05T04:43:28.348117Z,KXBTC15M-26OCT050045-45,0.0030,200.00,yes
2026-10-05T04:43:28.348117Z,KXBTC15M-26OCT050045-45,0.0020,20.01,yes
2026-10-05T04:43:28.348117Z,KXBTC15M-26OCT050045-45,0.0020,443.08,yes
2026-10-05T04:43:28.349085Z,KXBTC15M-26OCT050045-45,0.0030,100.00,no
2026-10-05T04:43:28.352225Z,KXBTC15M-26OCT050045-45,0.0040,0.43,yes
2026-10-05T04:43:28.352225Z,KXBTC15M-26OCT050045-45,0.0040,7.57,yes
2026-10-05T04:43:28.352773Z,KXBTC15M-26OCT050045-45,0.0040,4.00,yes
2026-10-05T04:43:28.35509Z,KXBTC15M-26OCT050045-45,0.0030,56.47,no
2026-10-05T04:43:28.743963Z,KXBTC15M-26OCT050045-45,0.0030,212.86,no
2026-10-05T04:43:28.743963Z,KXBTC15M-26OCT050045-45,0.0030,0.01,no
2026-10-05T04:43:28.743963Z,KXBTC15M-26OCT050045-45,0.0030,487.12,no
2026-10-05T04:43:28.743963Z,KXBTC15M-26OCT050045-45,0.0030,0.01,no
2026-10-05T04:43:28.816257Z,KXBTC15M-26OCT050045-45,0.0040,3.43,yes
2026-10-05T04:43:28.816257Z,KXBTC15M-26OCT050045-45,0.0040,72.46,yes
2026-10-05T04:43:28.911205Z,KXBTC15M-26OCT050045-45,0.0040,28.89,yes
2026-10-05T04:43:28.981691Z,KXBTC15M-26OCT050045-45,0.0040,232.50,yes
2026-10-05T04:43:29.083741Z,KXBTC15M-26OCT050045-45,0.0040,1.00,yes
2026-10-05T04:43:29.2521Z,KXBTC15M-26OCT050045-45,0.0040,50.00,yes
2026-10-05T04:43:29.759785Z,KXBTC15M-26OCT050045-45,0.0040,1145.16,yes
2026-10-05T04:43:29.760978Z,KXBTC15M-26OCT050045-45,0.0040,3.75,yes
2026-10-05T04:43:29.79975Z,KXBTC15M-26OCT050045-45,0.0040,46.74,yes
2026-10-05T04:43:29.837465Z,KXBTC15M-26OCT050045-45,0.0040,229.04,yes
2026-10-05T04:43:30.091245Z,KXBTC15M-26OCT050045-45,0.0030,29.98,no
2026-10-05T04:43:30.091245Z,KXBTC15M-26OCT050045-45,0.0030,0.01,no
2026-10-05T04:43:30.091245Z,KXBTC15M-26OCT050045-45,0.0030,0.01,no
2026-10-05T04:43:30.113599Z,KXBTC15M-26OCT050045-45,0.0040,0.55,yes
2026-10-05T04:43:30.177974Z,KXBTC15M-26OCT050045-45,0.0040,25.84,yes
2026-10-05T04:43:30.196057Z,KXBTC15M-26OCT050045-45,0.0030,0.01,no
2026-10-05T04:43:30.196057Z,KXBTC15M-26OCT050045-45,0.0030,66.53,no
2026-10-05T04:43:30.196057Z,KXBTC15M-26OCT050045-45,0.0030,370.02,no
2026-10-05T04:43:30.30317Z,KXBTC15M-26OCT050045-45,0.0030,145.00,yes
2026-10-05T04:43:30.30317Z,KXBTC15M-26OCT050045-45,0.0030,0.01,yes
2026-10-05T04:43:30.30317Z,KXBTC15M-26OCT050045-45,0.0030,17.00,yes
2026-10-05T04:43:30.30317Z,KXBTC15M-26OCT050045-45,0.0030,0.01,yes
2026-10-05T04:43:30.30317Z,KXBTC15M-26OCT050045-45,0.0030,15.00,yes
2026-10-05T04:43:30.30317Z,KXBTC15M-26OCT050045-45,0.0030,991.52,yes
2026-10-05T04:43:30.38179Z,KXBTC15M-26OCT050045-45,0.0020,0.01,no
2026-10-05T04:43:30.38179Z,KXBTC15M-26OCT050045-45,0.0020,156.99,no
2026-10-05T04:43:30.38179Z,KXBTC15M-26OCT050045-45,0.0020,15.00,no
2026-10-05T04:43:30.38179Z,KXBTC15M-26OCT050045-45,0.0020,28.00,no
2026-10-05T04:43:30.425124Z,KXBTC15M-26OCT050045-45,0.0010,1787.15,no
2026-10-05T04:43:30.425124Z,KXBTC15M-26OCT050045-45,0.0010,379.14,no
2026-10-05T04:43:30.425124Z,KXBTC15M-26OCT050045-45,0.0020,0.01,no
2026-10-05T04:43:30.425124Z,KXBTC15M-26OCT050045-45,0.0020,15.00,no
2026-10-05T04:43:30.425124Z,KXBTC15M-26OCT050045-45,0.0020,2500.00,no
2026-10-05T04:43:30.425124Z,KXBTC15M-26OCT050045-45,0.0020,0.01,no
2026-10-05T04:43:30.425124Z,KXBTC15M-26OCT050045-45,0.0020,53.23,no
2026-10-05T04:43:30.425124Z,KXBTC15M-26OCT050045-45,0.0020,243.01,no
2026-10-05T04:43:30.425124Z,KXBTC15M-26OCT050045-45,0.0020,28.00,no
2026-10-05T04:43:30.431842Z,KXBTC15M-26OCT050045-45,0.0030,0.01,yes
2026-10-05T04:43:30.431842Z,KXBTC15M-26OCT050045-45,0.0030,0.43,yes
2026-10-05T04:43:30.431842Z,KXBTC15M-26OCT050045-45,0.0030,0.01,yes
2026-10-05T04:43:30.432734Z,KXBTC15M-26OCT050045-45,0.0020,28.00,no
2026-10-05T04:43:30.480042Z,KXBTC15M-26OCT050045-45,0.0020,0.42,yes
2026-10-05T04:43:30.490603Z,KXBTC15M-26OCT050045-45,0.0020,14.58,yes
2026-10-05T04:43:30.490603Z,KXBTC15M-26OCT050045-45,0.0020,295.42,yes
2026-10-05T04:43:30.504646Z,KXBTC15M-26OCT050045-45,0.0020,1.00,yes
2026-10-05T04:43:30.515405Z,KXBTC15M-26OCT050045-45,0.0030,30.00,yes
2026-10-05T04:43:30.515405Z,KXBTC15M-26OCT050045-45,0.0030,1083.79,yes
2026-10-05T04:43:30.515405Z,KXBTC15M-26OCT050045-45,0.0020,0.01,yes
2026-10-05T04:43:30.515405Z,KXBTC15M-26OCT050045-45,0.0020,54.72,yes
2026-10-05T04:43:30.515405Z,KXBTC15M-26OCT050045-45,0.0030,0.01,yes
2026-10-05T04:43:30.515405Z,KXBTC15M-26OCT050045-45,0.0020,0.01,yes
2026-10-05T04:43:30.617915Z,KXBTC15M-26OCT050045-45,0.0010,12.00,no
2026-10-05T04:43:30.750401Z,KXBTC15M-26OCT050045-45,0.0020,0.01,yes
2026-10-05T04:43:30.750401Z,KXBTC15M-26OCT050045-45,0.0020,0.01,yes
2026-10-05T04:43:30.750401Z,KXBTC15M-26OCT050045-45,0.0020,1212.32,yes
2026-10-05T04:43:30.886455Z,KXBTC15M-26OCT050045-45,0.0010,26.33,no
2026-10-05T04:43:31.138002Z,KXBTC15M-26OCT050045-45,0.0010,336.48,no
2026-10-05T04:43:31.138002Z,KXBTC15M-26OCT050045-45,0.0010,255.52,no
2026-10-05T04:43:31.149213Z,KXBTC15M-26OCT050045-45,0.0010,1.00,no
2026-10-05T04:43:31.168986Z,KXBTC15M-26OCT050045-45,0.0010,49.13,no
2026-10-05T04:43:31.193298Z,KXBTC15M-26OCT050045-45,0.0020,458.01,yes
2026-10-05T04:43:31.229158Z,KXBTC15M-26OCT050045-45,0.0020,311.59,yes
2026-10-05T04:43:31.256306Z,KXBTC15M-26OCT050045-45,0.0010,1.00,no
2026-10-05T04:43:31.426298Z,KXBTC15M-26OCT050045-45,0.0010,72.14,no
2026-10-05T04:43:31.455953Z,KXBTC15M-26OCT050045-45,0.0020,298.25,yes
2026-10-05T04:43:31.455953Z,KXBTC15M-26OCT050045-45,0.0020,0.43,yes
2026-10-05T04:43:31.455953Z,KXBTC15M-26OCT050045-45,0.0020,12.00,yes
2026-10-05T04:43:31.455953Z,KXBTC15M-26OCT050045-45,0.0020,147.33,yes
2026-10-05T04:43:31.712048Z,KXBTC15M-26OCT050045-45,0.0020,4580.06,yes
2026-10-05T04:43:31.769026Z,KXBTC15M-26OCT050045-45,0.0020,458.01,yes
2026-10-05T04:43:31.851201Z,KXBTC15M-26OCT050045-45,0.0020,916.02,yes
2026-10-05T04:43:31.950126Z,KXBTC15M-26OCT050045-45,0.0010,30.00,no
2026-10-05T04:43:31.98859Z,KXBTC15M-26OCT050045-45,0.0020,295.32,yes
2026-10-05T04:43:31.98859Z,KXBTC15M-26OCT050045-45,0.0020,162.69,yes
2026-10-05T04:43:32.007456Z,KXBTC15M-26OCT050045-45,0.0020,51.19,yes
2026-10-05T04:43:32.060549Z,KXBTC15M-26OCT050045-45,0.0020,233.72,yes
2026-10-05T04:43:32.130888Z,KXBTC15M-26OCT050045-45,0.0020,2290.05,yes
2026-10-05T04:43:32.255418Z,KXBTC15M-26OCT050045-45,0.0020,45.80,yes
2026-10-05T04:43:32.393195Z,KXBTC15M-26OCT050045-45,0.0020,2290.05,yes
2026-10-05T04:43:32.437145Z,KXBTC15M-26OCT050045-45,0.0020,1832.05,yes
2026-10-05T04:43:32.485269Z,KXBTC15M-26OCT050045-45,0.0010,182.41,no
2026-10-05T04:43:32.489655Z,KXBTC15M-26OCT050045-45,0.0010,0.02,no
2026-10-05T04:43:32.51333Z,KXBTC15M-26OCT050045-45,0.0010,0.02,no
2026-10-05T04:43:32.514133Z,KXBTC15M-26OCT050045-45,0.0020,13.85,yes
2026-10-05T04:43:32.520694Z,KXBTC15M-26OCT050045-45,0.0010,0.02,no
2026-10-05T04:43:32.581142Z,KXBTC15M-26OCT050045-45,0.0010,1.00,no
2026-10-05T04:43:32.581319Z,KXBTC15M-26OCT050045-45,0.0020,0.39,yes
2026-10-05T04:43:32.583514Z,KXBTC15M-26OCT050045-45,0.0010,1382.78,no
2026-10-05T04:43:32.583514Z,KXBTC15M-26OCT050045-45,0.0010,2307.22,no
2026-10-05T04:43:32.59992Z,KXBTC15M-26OCT050045-45,0.0020,366.41,yes
2026-10-05T04:43:32.666024Z,KXBTC15M-26OCT050045-45,0.0020,0.20,yes
2026-10-05T04:43:32.677231Z,KXBTC15M-26OCT050045-45,0.0020,832.82,yes
2026-10-05T04:43:32.677231Z,KXBTC15M-26OCT050045-45,0.0020,0.01,yes
2026-10-05T04:43:32.677231Z,KXBTC15M-26OCT050045-45,0.0020,26.33,yes
2026-10-05T04:43:32.677231Z,KXBTC15M-26OCT050045-45,0.0020,0.01,yes
2026-10-05T04:43:32.677231Z,KXBTC15M-26OCT050045-45,0.0020,4858.54,yes
2026-10-05T04:43:32.677231Z,KXBTC15M-26OCT050045-45,0.0020,336.48,yes
2026-10-05T04:43:32.677231Z,KXBTC15M-26OCT050045-45,0.0020,1.00,yes
2026-10-05T04:43:32.677231Z,KXBTC15M-26OCT050045-45,0.0020,49.13,yes
2026-10-05T04:43:32.677231Z,KXBTC15M-26OCT050045-45,0.0020,1.00,yes
2026-10-05T04:43:32.677231Z,KXBTC15M-26OCT050045-45,0.0020,255.52,yes
2026-10-05T04:43:32.677231Z,KXBTC15M-26OCT050045-45,0.0020,72.14,yes
2026-10-05T04:43:32.677231Z,KXBTC15M-26OCT050045-45,0.0020,0.43,yes
2026-10-05T04:43:32.677231Z,KXBTC15M-26OCT050045-45,0.0020,436.67,yes
2026-10-05T04:43:32.69721Z,KXBTC15M-26OCT050045-45,0.0020,458.01,yes
2026-10-05T04:43:32.724927Z,KXBTC15M-26OCT050045-45,0.0020,1378.41,yes
2026-10-05T04:43:32.764131Z,KXBTC15M-26OCT050045-45,0.0010,100.00,no
2026-10-05T04:43:32.833243Z,KXBTC15M-26OCT050045-45,0.0020,4.59,yes
2026-10-05T04:43:32.845782Z,KXBTC15M-26OCT050045-45,0.0020,45.80,yes
2026-10-05T04:43:32.907906Z,KXBTC15M-26OCT050045-45,0.0010,285.68,no
2026-10-05T04:43:32.907906Z,KXBTC15M-26OCT050045-45,0.0010,214.78,no
2026-10-05T04:43:32.979693Z,KXBTC15M-26OCT050045-45,0.0020,13.47,yes
2026-10-05T04:43:33.067491Z,KXBTC15M-26OCT050045-45,0.0020,45.80,yes
2026-10-05T04:43:33.15679Z,KXBTC15M-26OCT050045-45,0.0020,5954.07,yes
2026-10-05T04:43:33.302159Z,KXBTC15M-26OCT050045-45,0.0020,2290.05,yes
2026-10-05T04:43:33.382057Z,KXBTC15M-26OCT050045-45,0.0010,337.03,no
2026-10-05T04:43:33.445115Z,KXBTC15M-26OCT050045-45,0.0020,448.66,yes
2026-10-05T04:43:33.539486Z,KXBTC15M-26OCT050045-45,0.0010,1.00,no
2026-10-05T04:43:33.571728Z,KXBTC15M-26OCT050045-45,0.0010,25.99,no
2026-10-05T04:43:33.640322Z,KXBTC15M-26OCT050045-45,0.0010,65.81,no
2026-10-05T04:43:33.653276Z,KXBTC15M-26OCT050045-45,0.0010,101.89,no
2026-10-05T04:43:33.70257Z,KXBTC15M-26OCT050045-45,0.0020,175.99,yes
2026-10-05T04:43:33.787669Z,KXBTC15M-26OCT050045-45,0.0020,2290.05,yes
2026-10-05T04:43:33.789694Z,KXBTC15M-26OCT050045-45,0.0020,25.80,yes
2026-10-05T04:43:33.79278Z,KXBTC15M-26OCT050045-45,0.0020,0.02,yes
2026-10-05T04:43:33.893108Z,KXBTC15M-26OCT050045-45,0.0010,63.22,no
2026-10-05T04:43:33.961561Z,KXBTC15M-26OCT050045-45,0.0020,45.80,yes
2026-10-05T04:43:34.008457Z,KXBTC15M-26OCT050045-45,0.0010,117.10,no
2026-10-05T04:43:34.10838Z,KXBTC15M-26OCT050045-45,0.0010,5.00,no
2026-10-05T04:43:34.116451Z,KXBTC15M-26OCT050045-45,0.0020,9834.87,yes
2026-10-05T04:43:34.116451Z,KXBTC15M-26OCT050045-45,0.0020,1382.78,yes
2026-10-05T04:43:34.116451Z,KXBTC15M-26OCT050045-45,0.0020,1.00,yes
2026-10-05T04:43:34.116451Z,KXBTC15M-26OCT050045-45,0.0020,182.41,yes
2026-10-05T04:43:34.116451Z,KXBTC15M-26OCT050045-45,0.0020,1.00,yes
2026-10-05T04:43:34.116451Z,KXBTC15M-26OCT050045-45,0.0020,1843.00,yes
2026-10-05T04:43:34.116451Z,KXBTC15M-26OCT050045-45,0.0020,0.02,yes
2026-10-05T04:43:34.116451Z,KXBTC15M-26OCT050045-45,0.0020,100.00,yes
2026-10-05T04:43:34.116451Z,KXBTC15M-26OCT050045-45,0.0020,0.43,yes
2026-10-05T04:43:34.116451Z,KXBTC15M-26OCT050045-45,0.0020,214.78,yes
2026-10-05T04:43:34.116451Z,KXBTC15M-26OCT050045-45,0.0020,0.02,yes
2026-10-05T04:43:34.116451Z,KXBTC15M-26OCT050045-45,0.0020,2307.22,yes
2026-10-05T04:43:34.116451Z,KXBTC15M-26OCT050045-45,0.0020,285.68,yes
2026-10-05T04:43:34.116451Z,KXBTC15M-26OCT050045-45,0.0020,0.01,yes
2026-10-05T04:43:34.116451Z,KXBTC15M-26OCT050045-45,0.0020,759.00,yes
2026-10-05T04:43:34.116451Z,KXBTC15M-26OCT050045-45,0.0020,0.02,yes
2026-10-05T04:43:34.116451Z,KXBTC15M-26OCT050045-45,0.0020,1761.00,yes
2026-10-05T04:43:34.116451Z,KXBTC15M-26OCT050045-45,0.0020,30.00,yes
2026-10-05T04:43:34.116451Z,KXBTC15M-26OCT050045-45,0.0020,4186.94,yes
2026-10-05T04:43:34.116451Z,KXBTC15M-26OCT050045-45,0.0020,10.00,yes
2026-10-05T04:43:34.383284Z,KXBTC15M-26OCT050045-45,0.0010,54.00,no
2026-10-05T04:43:34.517766Z,KXBTC15M-26OCT050045-45,0.0020,1374.03,yes
2026-10-05T04:43:34.548721Z,KXBTC15M-26OCT050045-45,0.0020,412.00,yes
2026-10-05T04:43:34.669315Z,KXBTC15M-26OCT050045-45,0.0020,551.69,yes
2026-10-05T04:43:34.769554Z,KXBTC15M-26OCT050045-45,0.0020,3.65,yes
2026-10-05T04:43:34.841274Z,KXBTC15M-26OCT050045-45,0.0020,124.75,yes
2026-10-05T04:43:34.8933Z,KXBTC15M-26OCT050045-45,0.0020,40.20,yes
2026-10-05T04:43:34.903064Z,KXBTC15M-26OCT050045-45,0.0010,88.08,no
2026-10-05T04:43:34.919379Z,KXBTC15M-26OCT050045-45,0.0010,12.47,no
2026-10-05T04:43:34.995058Z,KXBTC15M-26OCT050045-45,0.0020,229.01,yes
2026-10-05T04:43:35.013871Z,KXBTC15M-26OCT050045-45,0.0020,608.61,yes
2026-10-05T04:43:35.042047Z,KXBTC15M-26OCT050045-45,0.0010,10.00,no
2026-10-05T04:43:35.365534Z,KXBTC15M-26OCT050045-45,0.0020,18.31,yes
2026-10-05T04:43:35.385013Z,KXBTC15M-26OCT050045-45,0.0010,868.73,no
2026-10-05T04:43:35.385013Z,KXBTC15M-26OCT050045-45,0.0010,522.27,no
2026-10-05T04:43:35.405194Z,KXBTC15M-26OCT050045-45,0.0020,2290.05,yes
2026-10-05T04:43:35.410816Z,KXBTC15M-26OCT050045-45,0.0020,448.66,yes
2026-10-05T04:43:35.464542Z,KXBTC15M-26OCT050045-45,0.0020,44.87,yes
2026-10-05T04:43:35.46625Z,KXBTC15M-26OCT050045-45,0.0010,105.07,no
2026-10-05T04:43:35.485168Z,KXBTC15M-26OCT050045-45,0.0020,1.00,yes
2026-10-05T04:43:35.485168Z,KXBTC15M-26OCT050045-45,0.0020,337.03,yes
2026-10-05T04:43:35.485168Z,KXBTC15M-26OCT050045-45,0.0020,19.30,yes
2026-10-05T04:43:35.485168Z,KXBTC15M-26OCT050045-45,0.0020,0.01,yes
2026-10-05T04:43:35.485168Z,KXBTC15M-26OCT050045-45,0.0020,25.99,yes
2026-10-05T04:43:35.485168Z,KXBTC15M-26OCT050045-45,0.0020,101.89,yes
2026-10-05T04:43:35.485168Z,KXBTC15M-26OCT050045-45,0.0020,65.81,yes
2026-10-05T04:43:35.485168Z,KXBTC15M-26OCT050045-45,0.0020,63.22,yes
2026-10-05T04:43:35.485168Z,KXBTC15M-26OCT050045-45,0.0020,7.83,yes
2026-10-05T04:43:35.485168Z,KXBTC15M-26OCT050045-45,0.0020,10.00,yes
2026-10-05T04:43:35.485168Z,KXBTC15M-26OCT050045-45,0.0020,5.00,yes
2026-10-05T04:43:35.485168Z,KXBTC15M-26OCT050045-45,0.0020,200.00,yes
2026-10-05T04:43:35.485168Z,KXBTC15M-26OCT050045-45,0.0020,12.47,yes
2026-10-05T04:43:35.485168Z,KXBTC15M-26OCT050045-45,0.0020,117.10,yes
2026-10-05T04:43:35.485168Z,KXBTC15M-26OCT050045-45,0.0020,0.01,yes
2026-10-05T04:43:35.485168Z,KXBTC15M-26OCT050045-45,0.0020,0.55,yes
2026-10-05T04:43:35.485168Z,KXBTC15M-26OCT050045-45,0.0020,54.00,yes
2026-10-05T04:43:35.485168Z,KXBTC15M-26OCT050045-45,0.0020,88.08,yes
2026-10-05T04:43:35.505491Z,KXBTC15M-26OCT050045-45,0.0020,32.14,yes
2026-10-05T04:43:35.505491Z,KXBTC15M-26OCT050045-45,0.0020,2.17,yes
2026-10-05T04:43:35.550509Z,KXBTC15M-26OCT050045-45,0.0020,62.41,yes
2026-10-05T04:43:35.595491Z,KXBTC15M-26OCT050045-45,0.0020,458.01,yes
2026-10-05T04:43:35.595504Z,KXBTC15M-26OCT050045-45,0.0010,207.58,no
2026-10-05T04:43:35.611834Z,KXBTC15M-26OCT050045-45,0.0020,15.00,yes
2026-10-05T04:43:35.738022Z,KXBTC15M-26OCT050045-45,0.0020,229.01,yes
2026-10-05T04:43:35.740022Z,KXBTC15M-26OCT050045-45,0.0020,178.64,yes
2026-10-05T04:43:35.740022Z,KXBTC15M-26OCT050045-45,0.0020,72.16,yes
2026-10-05T04:43:35.875311Z,KXBTC15M-26OCT050045-45,0.0020,105.07,yes
2026-10-05T04:43:35.875311Z,KXBTC15M-26OCT050045-45,0.0020,8.29,yes
2026-10-05T04:43:35.875311Z,KXBTC15M-26OCT050045-45,0.0020,0.01,yes
2026-10-05T04:43:35.875311Z,KXBTC15M-26OCT050045-45,0.0020,1.00,yes
2026-10-05T04:43:35.875311Z,KXBTC15M-26OCT050045-45,0.0020,343.63,yes
2026-10-05T04:43:35.875311Z,KXBTC15M-26OCT050045-45,0.0020,0.01,yes
2026-10-05T04:43:36.126603Z,KXBTC15M-26OCT050045-45,0.0010,0.24,no
2026-10-05T04:43:36.166781Z,KXBTC15M-26OCT050045-45,0.0020,82.46,yes
2026-10-05T04:43:36.327524Z,KXBTC15M-26OCT050045-45,0.0010,897.00,no
2026-10-05T04:43:36.445016Z,KXBTC15M-26OCT050045-45,0.0010,80.00,no
2026-10-05T04:43:36.452012Z,KXBTC15M-26OCT050045-45,0.0020,64.09,yes
2026-10-05T04:43:36.561676Z,KXBTC15M-26OCT050045-45,0.0020,145.45,yes
2026-10-05T04:43:36.561676Z,KXBTC15M-26OCT050045-45,0.0020,0.24,yes
2026-10-05T04:43:36.561676Z,KXBTC15M-26OCT050045-45,0.0020,1.00,yes
2026-10-05T04:43:36.561676Z,KXBTC15M-26OCT050045-45,0.0020,0.55,yes
2026-10-05T04:43:36.561676Z,KXBTC15M-26OCT050045-45,0.0020,0.01,yes
2026-10-05T04:43:36.561676Z,KXBTC15M-26OCT050045-45,0.0020,0.01,yes
2026-10-05T04:43:36.561676Z,KXBTC15M-26OCT050045-45,0.0020,52.74,yes
2026-10-05T04:43:36.59737Z,KXBTC15M-26OCT050045-45,0.0010,80.00,no
2026-10-05T04:43:36.640454Z,KXBTC15M-26OCT050045-45,0.0020,39.40,yes
2026-10-05T04:43:36.652162Z,KXBTC15M-26OCT050045-45,0.0020,45.50,yes
2026-10-05T04:43:36.659729Z,KXBTC15M-26OCT050045-45,0.0010,80.00,no
2026-10-05T04:43:36.744641Z,KXBTC15M-26OCT050045-45,0.0010,92.00,no
2026-10-05T04:43:36.80436Z,KXBTC15M-26OCT050045-45,0.0010,23.84,no
2026-10-05T04:43:36.80436Z,KXBTC15M-26OCT050045-45,0.0010,56.16,no
2026-10-05T04:43:36.931191Z,KXBTC15M-26OCT050045-45,0.0010,68.00,no
2026-10-05T04:43:37.025404Z,KXBTC15M-26OCT050045-45,0.0010,80.00,no
2026-10-05T04:43:37.057984Z,KXBTC15M-26OCT050045-45,0.0020,9.34,yes
2026-10-05T04:43:37.10292Z,KXBTC15M-26OCT050045-45,0.0020,458.01,yes
2026-10-05T04:43:37.111962Z,KXBTC15M-26OCT050045-45,0.0010,80.00,no
2026-10-05T04:43:37.116079Z,KXBTC15M-26OCT050045-45,0.0020,5.76,yes
2026-10-05T04:43:37.278715Z,KXBTC15M-26OCT050045-45,0.0040,800.00,yes
2026-10-05T04:43:37.278715Z,KXBTC15M-26OCT050045-45,0.0040,252.00,yes
2026-10-05T04:43:37.278715Z,KXBTC15M-26OCT050045-45,0.0040,0.43,yes
2026-10-05T04:43:37.278715Z,KXBTC15M-26OCT050045-45,0.0030,1.00,yes
2026-10-05T04:43:37.278715Z,KXBTC15M-26OCT050045-45,0.0030,703.36,yes
2026-10-05T04:43:37.278715Z,KXBTC15M-26OCT050045-45,0.0030,0.48,yes
2026-10-05T04:43:37.278715Z,KXBTC15M-26OCT050045-45,0.0020,80.00,yes
2026-10-05T04:43:37.278715Z,KXBTC15M-26OCT050045-45,0.0020,80.00,yes
2026-10-05T04:43:37.278715Z,KXBTC15M-26OCT050045-45,0.0020,80.00,yes
2026-10-05T04:43:37.278715Z,KXBTC15M-26OCT050045-45,0.0020,92.00,yes
2026-10-05T04:43:37.278715Z,KXBTC15M-26OCT050045-45,0.0020,56.16,yes
2026-10-05T04:43:37.278715Z,KXBTC15M-26OCT050045-45,0.0020,0.55,yes
2026-10-05T04:43:37.278715Z,KXBTC15M-26OCT050045-45,0.0020,80.00,yes
2026-10-05T04:43:37.278715Z,KXBTC15M-26OCT050045-45,0.0020,80.00,yes
2026-10-05T04:43:37.278715Z,KXBTC15M-26OCT050045-45,0.0020,68.00,yes
2026-10-05T04:43:37.278715Z,KXBTC15M-26OCT050045-45,0.0020,0.01,yes
2026-10-05T04:43:37.278715Z,KXBTC15M-26OCT050045-45,0.0020,193.54,yes
2026-10-05T04:43:37.278715Z,KXBTC15M-26OCT050045-45,0.0020,0.01,yes
2026-10-05T04:43:37.278715Z,KXBTC15M-26OCT050045-45,0.0020,23.84,yes
2026-10-05T04:43:37.278715Z,KXBTC15M-26OCT050045-45,0.0020,1.00,yes
2026-10-05T04:43:37.278715Z,KXBTC15M-26OCT050045-45,0.0030,30.00,yes
2026-10-05T04:43:37.278715Z,KXBTC15M-26OCT050045-45,0.0030,107.00,yes
2026-10-05T04:43:37.278715Z,KXBTC15M-26OCT050045-45,0.0040,208.17,yes
2026-10-05T04:43:37.320138Z,KXBTC15M-26OCT050045-45,0.0020,0.01,yes
2026-10-05T04:43:37.320138Z,KXBTC15M-26OCT050045-45,0.0020,0.01,yes
2026-10-05T04:43:37.333277Z,KXBTC15M-26OCT050045-45,0.0010,208.38,no
2026-10-05T04:43:37.333277Z,KXBTC15M-26OCT050045-45,0.0020,28.00,no
2026-10-05T04:43:37.333277Z,KXBTC15M-26OCT050045-45,0.0020,0.01,no
2026-10-05T04:43:37.333277Z,KXBTC15M-26OCT050045-45,0.0020,0.01,no
2026-10-05T04:43:37.333277Z,KXBTC15M-26OCT050045-45,0.0020,3.98,no
2026-10-05T04:43:37.341411Z,KXBTC15M-26OCT050045-45,0.0020,0.01,no
2026-10-05T04:43:37.341411Z,KXBTC15M-26OCT050045-45,0.0020,0.01,no
2026-10-05T04:43:37.341411Z,KXBTC15M-26OCT050045-45,0.0020,28.00,no
2026-10-05T04:43:37.680138Z,KXBTC15M-26OCT050045-45,0.0010,5.90,no
2026-10-05T04:43:37.815399Z,KXBTC15M-26OCT050045-45,0.0020,1.10,yes
2026-10-05T04:43:37.911694Z,KXBTC15M-26OCT050045-45,0.0020,0.01,yes
2026-10-05T04:43:37.911694Z,KXBTC15M-26OCT050045-45,0.0020,179.26,yes
2026-10-05T04:43:37.911694Z,KXBTC15M-26OCT050045-45,0.0030,17.00,yes
2026-10-05T04:43:37.911694Z,KXBTC15M-26OCT050045-45,0.0020,5.90,yes
2026-10-05T04:43:37.911694Z,KXBTC15M-26OCT050045-45,0.0020,1.00,yes
2026-10-05T04:43:37.911694Z,KXBTC15M-26OCT050045-45,0.0030,23.83,yes
2026-10-05T04:43:37.911694Z,KXBTC15M-26OCT050045-45,0.0020,0.01,yes
2026-10-05T04:43:37.911694Z,KXBTC15M-26OCT050045-45,0.0030,200.00,yes
2026-10-05T04:43:37.911694Z,KXBTC15M-26OCT050045-45,0.0020,0.55,yes
2026-10-05T04:43:37.93336Z,KXBTC15M-26OCT050045-45,0.0030,0.09,yes
2026-10-05T04:43:37.93336Z,KXBTC15M-26OCT050045-45,0.0020,0.01,yes
2026-10-05T04:43:37.93336Z,KXBTC15M-26OCT050045-45,0.0020,1.00,yes
2026-10-05T04:43:37.93336Z,KXBTC15M-26OCT050045-45,0.0020,0.01,yes
2026-10-05T04:43:38.25317Z,KXBTC15M-26OCT050045-45,0.0020,0.55,yes
2026-10-05T04:43:38.25317Z,KXBTC15M-26OCT050045-45,0.0030,0.09,yes
2026-10-05T04:43:38.25317Z,KXBTC15M-26OCT050045-45,0.0040,16.21,yes
2026-10-05T04:43:38.25317Z,KXBTC15M-26OCT050045-45,0.0040,17.00,yes
2026-10-05T04:43:38.25317Z,KXBTC15M-26OCT050045-45,0.0020,0.01,yes
2026-10-05T04:43:38.25317Z,KXBTC15M-26OCT050045-45,0.0030,0.52,yes
2026-10-05T04:43:38.25317Z,KXBTC15M-26OCT050045-45,0.0040,0.67,yes
2026-10-05T04:43:38.25317Z,KXBTC15M-26OCT050045-45,0.0040,69.00,yes
2026-10-05T04:43:38.25317Z,KXBTC15M-26OCT050045-45,0.0020,0.01,yes
2026-10-05T04:43:38.25317Z,KXBTC15M-26OCT050045-45,0.0040,15.00,yes
2026-10-05T04:43:38.272136Z,KXBTC15M-26OCT050045-45,0.0050,20.00,yes
2026-10-05T04:43:38.272136Z,KXBTC15M-26OCT050045-45,0.0050,0.43,yes
2026-10-05T04:43:38.272136Z,KXBTC15M-26OCT050045-45,0.0020,0.01,yes
2026-10-05T04:43:38.272136Z,KXBTC15M-26OCT050045-45,0.0020,0.01,yes
2026-10-05T04:43:38.272136Z,KXBTC15M-26OCT050045-45,0.0040,16.21,yes
2026-10-05T04:43:38.272136Z,KXBTC15M-26OCT050045-45,0.0030,17.00,yes
2026-10-05T04:43:38.272136Z,KXBTC15M-26OCT050045-45,0.0040,17.00,yes
2026-10-05T04:43:38.272136Z,KXBTC15M-26OCT050045-45,0.0030,0.01,yes
2026-10-05T04:43:38.272136Z,KXBTC15M-26OCT050045-45,0.0040,6.79,yes
2026-10-05T04:43:38.272136Z,KXBTC15M-26OCT050045-45,0.0050,0.29,yes
2026-10-05T04:43:38.277088Z,KXBTC15M-26OCT050045-45,0.0020,0.01,yes
2026-10-05T04:43:38.277088Z,KXBTC15M-26OCT050045-45,0.0020,0.01,yes
2026-10-05T04:43:38.285526Z,KXBTC15M-26OCT050045-45,0.0010,1168.54,no
2026-10-05T04:43:38.453753Z,KXBTC15M-26OCT050045-45,0.0020,239.17,yes
2026-10-05T04:43:38.492844Z,KXBTC15M-26OCT050045-45,0.0020,153.69,yes
2026-10-05T04:43:38.493083Z,KXBTC15M-26OCT050045-45,0.0020,239.17,yes
2026-10-05T04:43:38.679101Z,KXBTC15M-26OCT050045-45,0.0020,373.69,yes
2026-10-05T04:43:38.797623Z,KXBTC15M-26OCT050045-45,0.0040,719.35,yes
2026-10-05T04:43:38.797623Z,KXBTC15M-26OCT050045-45,0.0030,0.61,yes
2026-10-05T04:43:38.797623Z,KXBTC15M-26OCT050045-45,0.0020,0.55,yes
2026-10-05T04:43:38.797623Z,KXBTC15M-26OCT050045-45,0.0040,15.00,yes
2026-10-05T04:43:38.797623Z,KXBTC15M-26OCT050045-45,0.0020,0.01,yes
2026-10-05T04:43:38.797623Z,KXBTC15M-26OCT050045-45,0.0020,0.01,yes
2026-10-05T04:43:38.797623Z,KXBTC15M-26OCT050045-45,0.0040,17.00,yes
2026-10-05T04:43:38.797623Z,KXBTC15M-26OCT050045-45,0.0040,23.00,yes
2026-10-05T04:43:38.797623Z,KXBTC15M-26OCT050045-45,0.0020,162.82,yes
2026-10-05T04:43:38.797623Z,KXBTC15M-26OCT050045-45,0.0040,0.67,yes
2026-10-05T04:43:38.797623Z,KXBTC15M-26OCT050045-45,0.0030,17.00,yes
2026-10-05T04:43:38.965126Z,KXBTC15M-26OCT050045-45,0.0020,1.00,no
2026-10-05T04:43:39.16416Z,KXBTC15M-26OCT050045-45,0.0020,14.00,no
2026-10-05T04:43:39.16416Z,KXBTC15M-26OCT050045-45,0.0020,20.78,no
2026-10-05T04:43:39.166388Z,KXBTC15M-26OCT050045-45,0.0030,0.55,yes
2026-10-05T04:43:39.166388Z,KXBTC15M-26OCT050045-45,0.0040,175.15,yes
2026-10-05T04:43:39.166388Z,KXBTC15M-26OCT050045-45,0.0040,44.00,yes
2026-10-05T04:43:39.166388Z,KXBTC15M-26OCT050045-45,0.0040,17.00,yes
2026-10-05T04:43:39.166388Z,KXBTC15M-26OCT050045-45,0.0030,17.00,yes
2026-10-05T04:43:39.166388Z,KXBTC15M-26OCT050045-45,0.0030,0.01,yes
2026-10-05T04:43:39.166388Z,KXBTC15M-26OCT050045-45,0.0030,0.01,yes
2026-10-05T04:43:39.166388Z,KXBTC15M-26OCT050045-45,0.0030,500.00,yes
2026-10-05T04:43:39.166388Z,KXBTC15M-26OCT050045-45,0.0030,500.00,yes
2026-10-05T04:43:39.349392Z,KXBTC15M-26OCT050045-45,0.0030,10.00,no
2026-10-05T04:43:39.590532Z,KXBTC15M-26OCT050045-45,0.0030,20.03,no
2026-10-05T04:43:39.610328Z,KXBTC15M-26OCT050045-45,0.0040,17.00,yes
2026-10-05T04:43:39.610328Z,KXBTC15M-26OCT050045-45,0.0040,0.61,yes
2026-10-05T04:43:39.610328Z,KXBTC15M-26OCT050045-45,0.0040,0.01,yes
2026-10-05T04:43:39.610328Z,KXBTC15M-26OCT050045-45,0.0040,0.01,yes
2026-10-05T04:43:39.610328Z,KXBTC15M-26OCT050045-45,0.0050,9.95,yes
2026-10-05T04:43:39.648281Z,KXBTC15M-26OCT050045-45,0.0040,0.01,yes
2026-10-05T04:43:39.648281Z,KXBTC15M-26OCT050045-45,0.0040,0.01,yes
2026-10-05T04:43:39.648281Z,KXBTC15M-26OCT050045-45,0.0040,17.00,yes
2026-10-05T04:43:39.648281Z,KXBTC15M-26OCT050045-45,0.0050,150.78,yes
2026-10-05T04:43:39.648281Z,KXBTC15M-26OCT050045-45,0.0050,769.76,yes
2026-10-05T04:43:39.744455Z,KXBTC15M-26OCT050045-45,0.0030,188.52,no
2026-10-05T04:43:39.928812Z,KXBTC15M-26OCT050045-45,0.0010,1233.02,no
2026-10-05T04:43:39.928812Z,KXBTC15M-26OCT050045-45,0.0010,170.41,no
2026-10-05T04:43:39.928812Z,KXBTC15M-26OCT050045-45,0.0010,1843.00,no
2026-10-05T04:43:39.928812Z,KXBTC15M-26OCT050045-45,0.0020,14.98,no
2026-10-05T04:43:39.928812Z,KXBTC15M-26OCT050045-45,0.0030,0.01,no
2026-10-05T04:43:39.928812Z,KXBTC15M-26OCT050045-45,0.0030,500.00,no
2026-10-05T04:43:39.928812Z,KXBTC15M-26OCT050045-45,0.0020,20.78,no
2026-10-05T04:43:39.928812Z,KXBTC15M-26OCT050045-45,0.0030,500.00,no
2026-10-05T04:43:39.928812Z,KXBTC15M-26OCT050045-45,0.0030,0.01,no
2026-10-05T04:43:39.928812Z,KXBTC15M-26OCT050045-45,0.0020,157.61,no
2026-10-05T04:43:39.928812Z,KXBTC15M-26OCT050045-45,0.0030,157.61,no
2026-10-05T04:43:39.928812Z,KXBTC15M-26OCT050045-45,0.0030,400.00,no
2026-10-05T04:43:39.928812Z,KXBTC15M-26OCT050045-45,0.0020,7.22,no
2026-10-05T04:43:39.93499Z,KXBTC15M-26OCT050045-45,0.0030,0.01,no
2026-10-05T04:43:39.93499Z,KXBTC15M-26OCT050045-45,0.0030,0.01,no
2026-10-05T04:43:39.95204Z,KXBTC15M-26OCT050045-45,0.0010,510.46,no
2026-10-05T04:43:39.95204Z,KXBTC15M-26OCT050045-45,0.0010,1779.59,no
2026-10-05T04:43:39.969687Z,KXBTC15M-26OCT050045-45,0.0010,10.46,no
2026-10-05T04:43:39.969687Z,KXBTC15M-26OCT050045-45,0.0010,2000.00,no
2026-10-05T04:43:39.969687Z,KXBTC15M-26OCT050045-45,0.0010,1989.54,no
2026-10-05T04:43:39.978943Z,KXBTC15M-26OCT050045-45,0.0010,543.46,no
2026-10-05T04:43:39.978943Z,KXBTC15M-26OCT050045-45,0.0010,100.00,no
2026-10-05T04:43:39.978943Z,KXBTC15M-26OCT050045-45,0.0010,189.54,no
2026-10-05T04:43:39.978943Z,KXBTC15M-26OCT050045-45,0.0010,200.00,no
2026-10-05T04:43:39.978943Z,KXBTC15M-26OCT050045-45,0.0010,200.00,no
2026-10-05T04:43:39.979118Z,KXBTC15M-26OCT050045-45,0.0010,170.41,no
2026-10-05T04:43:39.979604Z,KXBTC15M-26OCT050045-45,0.0010,1.00,no
2026-10-05T04:43:39.979604Z,KXBTC15M-26OCT050045-45,0.0010,1.00,no
2026-10-05T04:43:39.979604Z,KXBTC15M-26OCT050045-45,0.0010,463.63,no
2026-10-05T04:43:39.979604Z,KXBTC15M-26OCT050045-45,0.0010,120.00,no
2026-10-05T04:43:39.979604Z,KXBTC15M-26OCT050045-45,0.0010,1.00,no
2026-10-05T04:43:39.979604Z,KXBTC15M-26OCT050045-45,0.0010,75.00,no
2026-10-05T04:43:39.979604Z,KXBTC15M-26OCT050045-45,0.0010,75.00,no
2026-10-05T04:43:39.979604Z,KXBTC15M-26OCT050045-45,0.0010,75.00,no
2026-10-05T04:43:39.979604Z,KXBTC15M-26OCT050045-45,0.0010,967.96,no
2026-10-05T04:43:39.980599Z,KXBTC15M-26OCT050045-45,0.0010,510.46,no
2026-10-05T04:43:39.980825Z,KXBTC15M-26OCT050045-45,0.0010,1843.00,no
2026-10-05T04:43:39.982159Z,KXBTC15M-26OCT050045-45,0.0010,1989.54,no
2026-10-05T04:43:40.110655Z,KXBTC15M-26OCT050045-45,0.0020,0.01,yes
2026-10-05T04:43:40.110655Z,KXBTC15M-26OCT050045-45,0.0020,0.01,yes
2026-10-05T04:43:40.110655Z,KXBTC15M-26OCT050045-45,0.0020,189.01,yes
2026-10-05T04:43:40.156084Z,KXBTC15M-26OCT050045-45,0.0010,19.64,no
2026-10-05T04:43:40.212753Z,KXBTC15M-26OCT050045-45,0.0010,458.01,no
2026-10-05T04:43:40.318453Z,KXBTC15M-26OCT050045-45,0.0020,114.50,yes
2026-10-05T04:43:40.347863Z,KXBTC15M-26OCT050045-45,0.0010,0.02,no
2026-10-05T04:43:40.482258Z,KXBTC15M-26OCT050045-45,0.0010,88.54,no
2026-10-05T04:43:40.575557Z,KXBTC15M-26OCT050045-45,0.0010,71.06,no
2026-10-05T04:43:40.646782Z,KXBTC15M-26OCT050045-45,0.0020,916.02,yes
2026-10-05T04:43:40.715074Z,KXBTC15M-26OCT050045-45,0.0010,2.00,no
2026-10-05T04:43:40.755582Z,KXBTC15M-26OCT050045-45,0.0020,0.55,yes
2026-10-05T04:43:40.755582Z,KXBTC15M-26OCT050045-45,0.0020,0.01,yes
2026-10-05T04:43:40.755582Z,KXBTC15M-26OCT050045-45,0.0020,477.41,yes
2026-10-05T04:43:40.755582Z,KXBTC15M-26OCT050045-45,0.0020,189.54,yes
2026-10-05T04:43:40.755582Z,KXBTC15M-26OCT050045-45,0.0020,0.01,yes
2026-10-05T04:43:40.755582Z,KXBTC15M-26OCT050045-45,0.0020,200.00,yes
2026-10-05T04:43:40.755582Z,KXBTC15M-26OCT050045-45,0.0020,780.47,yes
2026-10-05T04:43:40.755582Z,KXBTC15M-26OCT050045-45,0.0020,200.00,yes
2026-10-05T04:43:40.755582Z,KXBTC15M-26OCT050045-45,0.0020,120.00,yes
2026-10-05T04:43:40.755582Z,KXBTC15M-26OCT050045-45,0.0020,10.46,yes
2026-10-05T04:43:40.755582Z,KXBTC15M-26OCT050045-45,0.0020,311.60,yes
2026-10-05T04:43:40.936552Z,KXBTC15M-26OCT050045-45,0.0020,2336.79,yes
2026-10-05T04:43:40.989791Z,KXBTC15M-26OCT050045-45,0.0010,350.77,no
2026-10-05T04:43:41.027686Z,KXBTC15M-26OCT050045-45,0.0010,5.08,no
2026-10-05T04:43:41.059444Z,KXBTC15M-26OCT050045-45,0.0020,44.99,yes
2026-10-05T04:43:41.067746Z,KXBTC15M-26OCT050045-45,0.0020,3.94,yes
2026-10-05T04:43:41.086848Z,KXBTC15M-26OCT050045-45,0.0010,1.00,no
2026-10-05T04:43:41.095028Z,KXBTC15M-26OCT050045-45,0.0020,458.01,yes
2026-10-05T04:43:41.270447Z,KXBTC15M-26OCT050045-45,0.0020,458.01,yes
2026-10-05T04:43:41.290106Z,KXBTC15M-26OCT050045-45,0.0020,458.01,yes
2026-10-05T04:43:41.558296Z,KXBTC15M-26OCT050045-45,0.0020,11.15,yes
2026-10-05T04:43:41.585738Z,KXBTC15M-26OCT050045-45,0.0020,44.24,yes
2026-10-05T04:43:41.674273Z,KXBTC15M-26OCT050045-45,0.0020,916.02,yes
2026-10-05T04:43:41.809116Z,KXBTC15M-26OCT050045-45,0.0170,1047.00,yes
2026-10-05T04:43:41.809116Z,KXBTC15M-26OCT050045-45,0.0120,0.59,yes
2026-10-05T04:43:41.809116Z,KXBTC15M-26OCT050045-45,0.0150,1047.00,yes
2026-10-05T04:43:41.809116Z,KXBTC15M-26OCT050045-45,0.0130,0.65,yes
2026-10-05T04:43:41.809116Z,KXBTC15M-26OCT050045-45,0.0110,2.00,yes
2026-10-05T04:43:41.809116Z,KXBTC15M-26OCT050045-45,0.0150,36.03,yes
2026-10-05T04:43:41.809116Z,KXBTC15M-26OCT050045-45,0.0190,1047.00,yes
2026-10-05T04:43:41.809116Z,KXBTC15M-26OCT050045-45,0.0110,1047.00,yes
2026-10-05T04:43:41.809116Z,KXBTC15M-26OCT050045-45,0.0150,0.95,yes
2026-10-05T04:43:41.809116Z,KXBTC15M-26OCT050045-45,0.0160,1.05,yes
2026-10-05T04:43:41.809116Z,KXBTC15M-26OCT050045-45,0.0170,1.15,yes
2026-10-05T04:43:41.809116Z,KXBTC15M-26OCT050045-45,0.0090,3141.00,yes
2026-10-05T04:43:41.809116Z,KXBTC15M-26OCT050045-45,0.0140,0.72,yes
2026-10-05T04:43:41.809116Z,KXBTC15M-26OCT050045-45,0.0180,1.00,yes
2026-10-05T04:43:41.809116Z,KXBTC15M-26OCT050045-45,0.0070,10.00,yes
2026-10-05T04:43:41.809116Z,KXBTC15M-26OCT050045-45,0.0050,10.00,yes
2026-10-05T04:43:41.809116Z,KXBTC15M-26OCT050045-45,0.0100,24.00,yes
2026-10-05T04:43:41.809116Z,KXBTC15M-26OCT050045-45,0.0180,1.26,yes
2026-10-05T04:43:41.809116Z,KXBTC15M-26OCT050045-45,0.0110,2.00,yes
2026-10-05T04:43:41.809116Z,KXBTC15M-26OCT050045-45,0.0200,1.53,yes
2026-10-05T04:43:41.809116Z,KXBTC15M-26OCT050045-45,0.0190,1.39,yes
2026-10-05T04:43:41.809116Z,KXBTC15M-26OCT050045-45,0.0100,2.00,yes
2026-10-05T04:43:41.809116Z,KXBTC15M-26OCT050045-45,0.0060,15.00,yes
2026-10-05T04:43:41.809116Z,KXBTC15M-26OCT050045-45,0.0080,15.00,yes
2026-10-05T04:43:41.809116Z,KXBTC15M-26OCT050045-45,0.0090,2.00,yes
2026-10-05T04:43:41.809116Z,KXBTC15M-26OCT050045-45,0.0090,2.00,yes
2026-10-05T04:43:41.809116Z,KXBTC15M-26OCT050045-45,0.0040,372.48,yes
2026-10-05T04:43:41.809116Z,KXBTC15M-26OCT050045-45,0.0100,2.00,yes
2026-10-05T04:43:41.809116Z,KXBTC15M-26OCT050045-45,0.0110,0.76,yes
2026-10-05T04:43:41.809116Z,KXBTC15M-26OCT050045-45,0.0100,0.69,yes
2026-10-05T04:43:41.809116Z,KXBTC15M-26OCT050045-45,0.0090,0.63,yes
2026-10-05T04:43:41.809116Z,KXBTC15M-26OCT050045-45,0.0060,0.48,yes
2026-10-05T04:43:41.809116Z,KXBTC15M-26OCT050045-45,0.0080,0.57,yes
2026-10-05T04:43:41.809116Z,KXBTC15M-26OCT050045-45,0.0070,0.52,yes
2026-10-05T04:43:41.809116Z,KXBTC15M-26OCT050045-45,0.0200,120.00,yes
2026-10-05T04:43:41.809116Z,KXBTC15M-26OCT050045-45,0.0050,185.22,yes
2026-10-05T04:43:41.809116Z,KXBTC15M-26OCT050045-45,0.0050,500.00,yes
2026-10-05T04:43:41.809116Z,KXBTC15M-26OCT050045-45,0.0050,250.00,yes
2026-10-05T04:43:41.809116Z,KXBTC15M-26OCT050045-45,0.0080,10.00,yes
2026-10-05T04:43:41.809116Z,KXBTC15M-26OCT050045-45,0.0200,632.94,yes
2026-10-05T04:43:41.809116Z,KXBTC15M-26OCT050045-45,0.0110,1.00,yes
2026-10-05T04:43:41.809116Z,KXBTC15M-26OCT050045-45,0.0020,5.08,yes
2026-10-05T04:43:41.809116Z,KXBTC15M-26OCT050045-45,0.0080,100.00,yes
2026-10-05T04:43:41.809116Z,KXBTC15M-26OCT050045-45,0.0080,1.00,yes
2026-10-05T04:43:41.809116Z,KXBTC15M-26OCT050045-45,0.0020,0.01,yes
2026-10-05T04:43:41.809116Z,KXBTC15M-26OCT050045-45,0.0020,458.01,yes
2026-10-05T04:43:41.809116Z,KXBTC15M-26OCT050045-45,0.0050,64.00,yes
2026-10-05T04:43:41.809116Z,KXBTC15M-26OCT050045-45,0.0020,102.39,yes
2026-10-05T04:43:41.809116Z,KXBTC15M-26OCT050045-45,0.0090,265.78,yes
2026-10-05T04:43:41.809116Z,KXBTC15M-26OCT050045-45,0.0020,0.02,yes
2026-10-05T04:43:41.809116Z,KXBTC15M-26OCT050045-45,0.0020,2.00,yes
2026-10-05T04:43:41.809116Z,KXBTC15M-26OCT050045-45,0.0020,0.55,yes
2026-10-05T04:43:41.809116Z,KXBTC15M-26OCT050045-45,0.0020,88.54,yes
2026-10-05T04:43:41.809116Z,KXBTC15M-26OCT050045-45,0.0020,0.01,yes
2026-10-05T04:43:41.809116Z,KXBTC15M-26OCT050045-45,0.0020,71.06,yes
2026-10-05T04:43:41.809116Z,KXBTC15M-26OCT050045-45,0.0030,0.61,yes
2026-10-05T04:43:41.809116Z,KXBTC15M-26OCT050045-45,0.0020,19.64,yes
2026-10-05T04:43:41.809116Z,KXBTC15M-26OCT050045-45,0.0050,64.00,yes
2026-10-05T04:43:41.809116Z,KXBTC15M-26OCT050045-45,0.0040,15.00,yes
2026-10-05T04:43:41.809116Z,KXBTC15M-26OCT050045-45,0.0060,17.00,yes
2026-10-05T04:43:41.809116Z,KXBTC15M-26OCT050045-45,0.0040,17.00,yes
2026-10-05T04:43:41.809116Z,KXBTC15M-26OCT050045-45,0.0120,500.00,yes
2026-10-05T04:43:41.809116Z,KXBTC15M-26OCT050045-45,0.0040,0.55,yes
2026-10-05T04:43:41.809116Z,KXBTC15M-26OCT050045-45,0.0040,43.00,yes
2026-10-05T04:43:41.809116Z,KXBTC15M-26OCT050045-45,0.0080,14.00,yes
2026-10-05T04:43:41.809116Z,KXBTC15M-26OCT050045-45,0.0100,15.00,yes
2026-10-05T04:43:41.809116Z,KXBTC15M-26OCT050045-45,0.0120,500.00,yes
2026-10-05T04:43:41.809116Z,KXBTC15M-26OCT050045-45,0.0080,40.00,yes
2026-10-05T04:43:41.809116Z,KXBTC15M-26OCT050045-45,0.0100,64.00,yes
2026-10-05T04:43:41.809116Z,KXBTC15M-26OCT050045-45,0.0050,0.74,yes
2026-10-05T04:43:41.809116Z,KXBTC15M-26OCT050045-45,0.0100,64.00,yes
2026-10-05T04:43:41.809116Z,KXBTC15M-26OCT050045-45,0.0100,300.00,yes
2026-10-05T04:43:41.809116Z,KXBTC15M-26OCT050045-45,0.0120,100.00,yes
2026-10-05T04:43:41.809116Z,KXBTC15M-26OCT050045-45,0.0120,8.00,yes
2026-10-05T04:43:41.809116Z,KXBTC15M-26OCT050045-45,0.0100,559.00,yes
2026-10-05T04:43:41.809116Z,KXBTC15M-26OCT050045-45,0.0100,1000.00,yes
2026-10-05T04:43:41.828953Z,KXBTC15M-26OCT050045-45,0.0070,187.45,no
2026-10-05T04:43:41.845086Z,KXBTC15M-26OCT050045-45,0.0070,101.16,no
2026-10-05T04:43:41.857589Z,KXBTC15M-26OCT050045-45,0.0070,5.00,no
2026-10-05T04:43:42.03Z,KXBTC15M-26OCT050045-45,0.0070,9.09,no
2026-10-05T04:43:42.093132Z,KXBTC15M-26OCT050045-45,0.0010,13692.92,no
2026-10-05T04:43:42.093132Z,KXBTC15M-26OCT050045-45,0.0010,150.00,no
2026-10-05T04:43:42.093132Z,KXBTC15M-26OCT050045-45,0.0010,75.00,no
2026-10-05T04:43:42.093132Z,KXBTC15M-26OCT050045-45,0.0010,75.00,no
2026-10-05T04:43:42.093132Z,KXBTC15M-26OCT050045-45,0.0010,225.00,no
2026-10-05T04:43:42.093132Z,KXBTC15M-26OCT050045-45,0.0010,75.00,no
2026-10-05T04:43:42.093132Z,KXBTC15M-26OCT050045-45,0.0010,75.00,no
2026-10-05T04:43:42.093132Z,KXBTC15M-26OCT050045-45,0.0010,225.00,no
2026-10-05T04:43:42.093132Z,KXBTC15M-26OCT050045-45,0.0010,75.00,no
2026-10-05T04:43:42.093132Z,KXBTC15M-26OCT050045-45,0.0010,11.03,no
2026-10-05T04:43:42.093132Z,KXBTC15M-26OCT050045-45,0.0010,25.23,no
2026-10-05T04:43:42.093132Z,KXBTC15M-26OCT050045-45,0.0010,75.00,no
2026-10-05T04:43:42.093132Z,KXBTC15M-26OCT050045-45,0.0010,75.00,no
2026-10-05T04:43:42.093132Z,KXBTC15M-26OCT050045-45,0.0010,75.00,no
2026-10-05T04:43:42.093132Z,KXBTC15M-26OCT050045-45,0.0010,75.00,no
2026-10-05T04:43:42.093132Z,KXBTC15M-26OCT050045-45,0.0010,75.00,no
2026-10-05T04:43:42.093132Z,KXBTC15M-26OCT050045-45,0.0010,75.00,no
2026-10-05T04:43:42.093132Z,KXBTC15M-26OCT050045-45,0.0010,30.00,no
2026-10-05T04:43:42.093132Z,KXBTC15M-26OCT050045-45,0.0010,75.00,no
2026-10-05T04:43:42.093132Z,KXBTC15M-26OCT050045-45,0.0010,75.00,no
2026-10-05T04:43:42.093132Z,KXBTC15M-26OCT050045-45,0.0010,75.00,no
2026-10-05T04:43:42.093132Z,KXBTC15M-26OCT050045-45,0.0010,75.00,no
2026-10-05T04:43:42.093132Z,KXBTC15M-26OCT050045-45,0.0010,75.00,no
2026-10-05T04:43:42.093132Z,KXBTC15M-26OCT050045-45,0.0010,75.00,no
2026-10-05T04:43:42.093132Z,KXBTC15M-26OCT050045-45,0.0010,150.00,no
2026-10-05T04:43:42.093132Z,KXBTC15M-26OCT050045-45,0.0010,75.00,no
2026-10-05T04:43:42.093132Z,KXBTC15M-26OCT050045-45,0.0010,10.14,no
2026-10-05T04:43:42.093132Z,KXBTC15M-26OCT050045-45,0.0010,58.00,no
2026-10-05T04:43:42.093132Z,KXBTC15M-26OCT050045-45,0.0010,75.00,no
2026-10-05T04:43:42.093132Z,KXBTC15M-26OCT050045-45,0.0010,75.00,no
2026-10-05T04:43:42.093132Z,KXBTC15M-26OCT050045-45,0.0010,10.00,no
2026-10-05T04:43:42.093132Z,KXBTC15M-26OCT050045-45,0.0010,150.00,no
2026-10-05T04:43:42.093132Z,KXBTC15M-26OCT050045-45,0.0010,150.00,no
2026-10-05T04:43:42.093132Z,KXBTC15M-26OCT050045-45,0.0010,75.00,no
2026-10-05T04:43:42.093132Z,KXBTC15M-26OCT050045-45,0.0010,225.00,no
2026-10-05T04:43:42.093132Z,KXBTC15M-26OCT050045-45,0.0010,25.40,no
2026-10-05T04:43:42.093132Z,KXBTC15M-26OCT050045-45,0.0010,23.00,no
2026-10-05T04:43:42.093132Z,KXBTC15M-26OCT050045-45,0.0010,75.00,no
2026-10-05T04:43:42.093132Z,KXBTC15M-26OCT050045-45,0.0010,100.00,no
2026-10-05T04:43:42.093132Z,KXBTC15M-26OCT050045-45,0.0010,10.00,no
2026-10-05T04:43:42.093132Z,KXBTC15M-26OCT050045-45,0.0010,1000.00,no
2026-10-05T04:43:42.093132Z,KXBTC15M-26OCT050045-45,0.0010,20.00,no
2026-10-05T04:43:42.093132Z,KXBTC15M-26OCT050045-45,0.0010,1.20,no
2026-10-05T04:43:42.093132Z,KXBTC15M-26OCT050045-45,0.0010,1047.00,no
2026-10-05T04:43:42.093132Z,KXBTC15M-26OCT050045-45,0.0010,15.00,no
2026-10-05T04:43:42.093132Z,KXBTC15M-26OCT050045-45,0.0010,10.00,no
2026-10-05T04:43:42.093132Z,KXBTC15M-26OCT050045-45,0.0010,50.00,no
2026-10-05T04:43:42.093132Z,KXBTC15M-26OCT050045-45,0.0010,3000.00,no
2026-10-05T04:43:42.093132Z,KXBTC15M-26OCT050045-45,0.0010,10.00,no
2026-10-05T04:43:42.093132Z,KXBTC15M-26OCT050045-45,0.0010,10.00,no
2026-10-05T04:43:42.093132Z,KXBTC15M-26OCT050045-45,0.0010,5000.00,no
2026-10-05T04:43:42.093132Z,KXBTC15M-26OCT050045-45,0.0010,1618.86,no
2026-10-05T04:43:42.093132Z,KXBTC15M-26OCT050045-45,0.0070,500.00,no
2026-10-05T04:43:42.093132Z,KXBTC15M-26OCT050045-45,0.0070,0.01,no
2026-10-05T04:43:42.093132Z,KXBTC15M-26OCT050045-45,0.0020,28.00,no
2026-10-05T04:43:42.093132Z,KXBTC15M-26OCT050045-45,0.0020,15.00,no
2026-10-05T04:43:42.093132Z,KXBTC15M-26OCT050045-45,0.0040,2.00,no
2026-10-05T04:43:42.093132Z,KXBTC15M-26OCT050045-45,0.0070,94.57,no
2026-10-05T04:43:42.093132Z,KXBTC15M-26OCT050045-45,0.0040,2.00,no
2026-10-05T04:43:42.093132Z,KXBTC15M-26OCT050045-45,0.0020,2.00,no
2026-10-05T04:43:42.093132Z,KXBTC15M-26OCT050045-45,0.0030,2.00,no
2026-10-05T04:43:42.093132Z,KXBTC15M-26OCT050045-45,0.0050,2.00,no
2026-10-05T04:43:42.093132Z,KXBTC15M-26OCT050045-45,0.0050,1047.00,no
2026-10-05T04:43:42.093132Z,KXBTC15M-26OCT050045-45,0.0070,0.01,no
2026-10-05T04:43:42.093132Z,KXBTC15M-26OCT050045-45,0.0060,94.57,no
2026-10-05T04:43:42.093132Z,KXBTC15M-26OCT050045-45,0.0030,2.00,no
2026-10-05T04:43:42.093132Z,KXBTC15M-26OCT050045-45,0.0070,500.00,no
2026-10-05T04:43:42.093132Z,KXBTC15M-26OCT050045-45,0.0070,744.30,no
2026-10-05T04:43:42.093132Z,KXBTC15M-26OCT050045-45,0.0020,15.00,no
2026-10-05T04:43:42.093132Z,KXBTC15M-26OCT050045-45,0.0020,15.00,no
2026-10-05T04:43:42.093132Z,KXBTC15M-26OCT050045-45,0.0010,916.02,no
2026-10-05T04:43:42.093132Z,KXBTC15M-26OCT050045-45,0.0010,114.50,no
2026-10-05T04:43:42.093132Z,KXBTC15M-26OCT050045-45,0.0010,780.47,no
2026-10-05T04:43:42.093132Z,KXBTC15M-26OCT050045-45,0.0010,189.01,no
2026-10-05T04:43:42.093132Z,KXBTC15M-26OCT050045-45,0.0010,139.00,no
2026-10-05T04:43:42.093132Z,KXBTC15M-26OCT050045-45,0.0020,1300.00,no
2026-10-05T04:43:42.093132Z,KXBTC15M-26OCT050045-45,0.0050,303.30,no
2026-10-05T04:43:42.093132Z,KXBTC15M-26OCT050045-45,0.0010,2400.97,no
2026-10-05T04:43:42.093132Z,KXBTC15M-26OCT050045-45,0.0010,15.00,no
2026-10-05T04:43:42.126173Z,KXBTC15M-26OCT050045-45,0.0010,462.69,yes
2026-10-05T04:43:42.195385Z,KXBTC15M-26OCT050045-45,0.0010,3.92,yes
2026-10-05T04:43:42.231965Z,KXBTC15M-26OCT050045-45,0.0010,542.00,yes
2026-10-05T04:43:42.34747Z,KXBTC15M-26OCT050045-45,0.0010,233.77,yes
2026-10-05T04:43:42.612391Z,KXBTC15M-26OCT050045-45,0.0010,1041.81,yes
2026-10-05T04:43:42.617125Z,KXBTC15M-26OCT050045-45,0.0010,183.25,yes
2026-10-05T04:43:43.117038Z,KXBTC15M-26OCT050045-45,0.0010,283.16,yes
2026-10-05T04:43:43.161809Z,KXBTC15M-26OCT050045-45,0.0010,4579.77,yes
2026-10-05T04:43:43.365324Z,KXBTC15M-26OCT050045-45,0.0010,180.53,yes
2026-10-05T04:43:43.555377Z,KXBTC15M-26OCT050045-45,0.0010,1831.90,yes
2026-10-05T04:43:43.714494Z,KXBTC15M-26OCT050045-45,0.0010,10.16,yes
2026-10-05T04:43:43.73674Z,KXBTC15M-26OCT050045-45,0.0010,536.62,yes
2026-10-05T04:43:43.935828Z,KXBTC15M-26OCT050045-45,0.0010,64.18,yes
2026-10-05T04:43:44.035812Z,KXBTC15M-26OCT050045-45,0.0010,2747.91,yes
2026-10-05T04:43:44.056109Z,KXBTC15M-26OCT050045-45,0.0010,116.84,yes
2026-10-05T04:43:44.472736Z,KXBTC15M-26OCT050045-45,0.0010,183.25,yes
2026-10-05T04:43:44.532283Z,KXBTC15M-26OCT050045-45,0.0010,904.00,yes
2026-10-05T04:43:44.583453Z,KXBTC15M-26OCT050045-45,0.0010,34.06,yes
2026-10-05T04:43:44.595307Z,KXBTC15M-26OCT050045-45,0.0010,5000.00,yes
2026-10-05T04:43:44.595307Z,KXBTC15M-26OCT050045-45,0.0010,1811.00,yes
2026-10-05T04:43:44.595307Z,KXBTC15M-26OCT050045-45,0.0010,3983.99,yes
2026-10-05T04:43:44.595307Z,KXBTC15M-26OCT050045-45,0.0010,3091.85,yes
2026-10-05T04:43:44.595307Z,KXBTC15M-26OCT050045-45,0.0010,1845.00,yes
2026-10-05T04:43:44.595307Z,KXBTC15M-26OCT050045-45,0.0010,1845.00,yes
2026-10-05T04:43:44.595307Z,KXBTC15M-26OCT050045-45,0.0010,1845.00,yes
2026-10-05T04:43:44.595307Z,KXBTC15M-26OCT050045-45,0.0010,367.83,yes
2026-10-05T04:43:44.595307Z,KXBTC15M-26OCT050045-45,0.0010,14044.69,yes
2026-10-05T04:43:44.595307Z,KXBTC15M-26OCT050045-45,0.0010,15.00,yes
2026-10-05T04:43:44.595307Z,KXBTC15M-26OCT050045-45,0.0010,11198.08,yes
2026-10-05T04:43:44.595307Z,KXBTC15M-26OCT050045-45,0.0010,750.00,yes
2026-10-05T04:43:44.906107Z,KXBTC15M-26OCT050045-45,0.0010,32.32,yes
2026-10-05T04:43:44.963149Z,KXBTC15M-26OCT050045-45,0.0010,18.69,yes
2026-10-05T04:43:45.522051Z,KXBTC15M-26OCT050045-45,0.0010,485.48,yes
2026-10-05T04:43:45.775474Z,KXBTC15M-26OCT050045-45,0.0010,732.83,yes
2026-10-05T04:43:45.961057Z,KXBTC15M-26OCT050045-45,0.0010,915.99,yes
2026-10-05T04:43:46.013404Z,KXBTC15M-26OCT050045-45,0.0010,20.00,yes
2026-10-05T04:43:46.421079Z,KXBTC15M-26OCT050045-45,0.0010,467.36,yes
2026-10-05T04:43:46.802162Z,KXBTC15M-26OCT050045-45,0.0010,43.30,yes
2026-10-05T04:43:46.819604Z,KXBTC15M-26OCT050045-45,0.0010,5.45,yes
2026-10-05T04:43:47.016041Z,KXBTC15M-26OCT050045-45,0.0010,9.20,yes
2026-10-05T04:43:47.054308Z,KXBTC15M-26OCT050045-45,0.0010,209.79,yes
2026-10-05T04:43:47.220102Z,KXBTC15M-26OCT050045-45,0.0010,915.99,yes
2026-10-05T04:43:47.254959Z,KXBTC15M-26OCT050045-45,0.0010,91.62,yes
2026-10-05T04:43:47.313779Z,KXBTC15M-26OCT050045-45,0.0010,915.99,yes
2026-10-05T04:43:47.47574Z,KXBTC15M-26OCT050045-45,0.0010,915.99,yes
2026-10-05T04:43:47.738585Z,KXBTC15M-26OCT050045-45,0.0010,11.52,yes
2026-10-05T04:43:47.958393Z,KXBTC15M-26OCT050045-45,0.0010,9.91,yes
2026-10-05T04:43:48.020972Z,KXBTC15M-26OCT050045-45,0.0010,915.99,yes
2026-10-05T04:43:48.029917Z,KXBTC15M-26OCT050045-45,0.0010,33.26,yes
2026-10-05T04:43:48.050673Z,KXBTC15M-26OCT050045-45,0.0010,78.82,yes
2026-10-05T04:43:48.134945Z,KXBTC15M-26OCT050045-45,0.0010,4579.77,yes
2026-10-05T04:43:48.163696Z,KXBTC15M-26OCT050045-45,0.0010,3.02,yes
2026-10-05T04:43:48.338911Z,KXBTC15M-26OCT050045-45,0.0010,0.19,yes
2026-10-05T04:43:48.384593Z,KXBTC15M-26OCT050045-45,0.0010,915.99,yes
2026-10-05T04:43:48.423345Z,KXBTC15M-26OCT050045-45,0.0010,915.99,yes
2026-10-05T04:43:48.539549Z,KXBTC15M-26OCT050045-45,0.0010,5.01,yes
2026-10-05T04:43:48.594469Z,KXBTC15M-26OCT050045-45,0.0010,9.21,yes
2026-10-05T04:43:48.76399Z,KXBTC15M-26OCT050045-45,0.0010,915.99,yes
2026-10-05T04:43:48.935273Z,KXBTC15M-26OCT050045-45,0.0010,915.99,yes
2026-10-05T04:43:48.972387Z,KXBTC15M-26OCT050045-45,0.0010,1.44,yes
2026-10-05T04:43:48.985095Z,KXBTC15M-26OCT050045-45,0.0010,897.30,yes
2026-10-05T04:43:49.011551Z,KXBTC15M-26OCT050045-45,0.0010,9.01,yes
2026-10-05T04:43:49.050396Z,KXBTC15M-26OCT050045-45,0.0010,229.01,yes
2026-10-05T04:43:49.204756Z,KXBTC15M-26OCT050045-45,0.0010,915.99,yes
2026-10-05T04:43:49.21868Z,KXBTC15M-26OCT050045-45,0.0010,879.34,yes
2026-10-05T04:43:49.378206Z,KXBTC15M-26OCT050045-45,0.0010,241.95,yes
2026-10-05T04:43:49.569782Z,KXBTC15M-26OCT050045-45,0.0010,213.74,yes
2026-10-05T04:43:49.634435Z,KXBTC15M-26OCT050045-45,0.0010,44.91,yes
2026-10-05T04:43:49.718599Z,KXBTC15M-26OCT050045-45,0.0010,869.00,yes
2026-10-05T04:43:50.01382Z,KXBTC15M-26OCT050045-45,0.0010,915.99,yes
2026-10-05T04:43:50.044045Z,KXBTC15M-26OCT050045-45,0.0010,5.00,yes
2026-10-05T04:43:50.10592Z,KXBTC15M-26OCT050045-45,0.0010,19.86,yes
2026-10-05T04:43:50.15482Z,KXBTC15M-26OCT050045-45,0.0010,0.02,yes
2026-10-05T04:43:50.155015Z,KXBTC15M-26OCT050045-45,0.0010,0.02,yes
2026-10-05T04:43:50.383811Z,KXBTC15M-26OCT050045-45,0.0010,9159.55,yes
2026-10-05T04:43:50.478009Z,KXBTC15M-26OCT050045-45,0.0010,118.00,yes
2026-10-05T04:43:50.502262Z,KXBTC15M-26OCT050045-45,0.0010,52.23,yes
2026-10-05T04:43:50.594417Z,KXBTC15M-26OCT050045-45,0.0010,0.03,yes
2026-10-05T04:43:50.836875Z,KXBTC15M-26OCT050045-45,0.0010,4579.77,yes
2026-10-05T04:43:51.043474Z,KXBTC15M-26OCT050045-45,0.0010,915.99,yes
2026-10-05T04:43:51.462881Z,KXBTC15M-26OCT050045-45,0.0010,16.50,yes
2026-10-05T04:43:51.772462Z,KXBTC15M-26OCT050045-45,0.0010,915.99,yes
2026-10-05T04:43:51.809553Z,KXBTC15M-26OCT050045-45,0.0010,29.34,yes
2026-10-05T04:43:51.814533Z,KXBTC15M-26OCT050045-45,0.0010,18.26,yes
2026-10-05T04:43:51.963784Z,KXBTC15M-26OCT050045-45,0.0010,282.34,yes
2026-10-05T04:43:52.041067Z,KXBTC15M-26OCT050045-45,0.0010,9.20,yes
2026-10-05T04:43:52.22929Z,KXBTC15M-26OCT050045-45,0.0010,1.16,yes
2026-10-05T04:43:52.408681Z,KXBTC15M-26OCT050045-45,0.0010,665.47,yes
2026-10-05T04:43:52.580805Z,KXBTC15M-26OCT050045-45,0.0010,406.54,yes
2026-10-05T04:43:52.855982Z,KXBTC15M-26OCT050045-45,0.0010,372.05,yes
2026-10-05T04:43:52.983137Z,KXBTC15M-26OCT050045-45,0.0010,27.52,yes
2026-10-05T04:43:53.155986Z,KXBTC15M-26OCT050045-45,0.0010,937.56,yes
2026-10-05T04:43:53.292261Z,KXBTC15M-26OCT050045-45,0.0010,2910.63,yes
2026-10-05T04:43:53.43588Z,KXBTC15M-26OCT050045-45,0.0010,7.73,yes
2026-10-05T04:43:53.525946Z,KXBTC15M-26OCT050045-45,0.0010,915.99,yes
2026-10-05T04:43:53.599087Z,KXBTC15M-26OCT050045-45,0.0010,915.99,yes
2026-10-05T04:43:54.381335Z,KXBTC15M-26OCT050045-45,0.0010,915.99,yes
2026-10-05T04:43:54.522236Z,KXBTC15M-26OCT050045-45,0.0010,10.94,yes
2026-10-05T04:43:54.699694Z,KXBTC15M-26OCT050045-45,0.0010,183.25,yes
2026-10-05T04:43:55.038318Z,KXBTC15M-26OCT050045-45,0.0010,915.99,yes
2026-10-05T04:43:55.400411Z,KXBTC15M-26OCT050045-45,0.0010,5.38,yes
2026-10-05T04:43:55.4437Z,KXBTC15M-26OCT050045-45,0.0010,0.10,yes
2026-10-05T04:43:55.943313Z,KXBTC15M-26OCT050045-45,0.0010,80.00,yes
2026-10-05T04:43:55.943313Z,KXBTC15M-26OCT050045-45,0.0010,1047.63,yes
2026-10-05T04:43:55.943313Z,KXBTC15M-26OCT050045-45,0.0010,393.28,yes
2026-10-05T04:43:55.943313Z,KXBTC15M-26OCT050045-45,0.0010,5.00,yes
2026-10-05T04:43:55.943313Z,KXBTC15M-26OCT050045-45,0.0010,1222.00,yes
2026-10-05T04:43:56.004868Z,KXBTC15M-26OCT050045-45,0.0010,278.00,yes
2026-10-05T04:43:56.004868Z,KXBTC15M-26OCT050045-45,0.0010,857.00,yes
2026-10-05T04:43:56.004868Z,KXBTC15M-26OCT050045-45,0.0010,99.00,yes
2026-10-05T04:43:56.004868Z,KXBTC15M-26OCT050045-45,0.0010,16.53,yes
2026-10-05T04:43:56.004868Z,KXBTC15M-26OCT050045-45,0.0010,581.37,yes
2026-10-05T04:43:56.162349Z,KXBTC15M-26OCT050045-45,0.0010,9.01,yes
2026-10-05T04:43:56.163526Z,KXBTC15M-26OCT050045-45,0.0010,27.52,yes
2026-10-05T04:43:56.167705Z,KXBTC15M-26OCT050045-45,0.0010,30.00,yes
2026-10-05T04:43:56.219761Z,KXBTC15M-26OCT050045-45,0.0010,540.00,yes
2026-10-05T04:43:56.246983Z,KXBTC15M-26OCT050045-45,0.0010,0.02,yes
2026-10-05T04:43:56.828438Z,KXBTC15M-26OCT050045-45,0.0010,17.78,yes
2026-10-05T04:43:56.894981Z,KXBTC15M-26OCT050045-45,0.0010,1500.00,yes
2026-10-05T04:43:56.894981Z,KXBTC15M-26OCT050045-45,0.0010,1359.14,yes
2026-10-05T04:43:56.894981Z,KXBTC15M-26OCT050045-45,0.0010,1000.00,yes
2026-10-05T04:43:56.894981Z,KXBTC15M-26OCT050045-45,0.0010,720.63,yes
2026-10-05T04:43:57.014525Z,KXBTC15M-26OCT050045-45,0.0010,91.62,yes
2026-10-05T04:43:57.265267Z,KXBTC15M-26OCT050045-45,0.0010,344.15,yes
2026-10-05T04:43:57.265267Z,KXBTC15M-26OCT050045-45,0.0010,187.75,yes
2026-10-05T04:43:57.265267Z,KXBTC15M-26OCT050045-45,0.0010,300.00,yes
2026-10-05T04:43:57.265267Z,KXBTC15M-26OCT050045-45,0.0010,500.00,yes
2026-10-05T04:43:57.265267Z,KXBTC15M-26OCT050045-45,0.0010,500.00,yes
2026-10-05T04:43:57.480903Z,KXBTC15M-26OCT050045-45,0.0010,183.25,yes
2026-10-05T04:43:57.763958Z,KXBTC15M-26OCT050045-45,0.0010,934.69,yes
2026-10-05T04:43:57.909207Z,KXBTC15M-26OCT050045-45,0.0010,192.65,yes
2026-10-05T04:43:57.909207Z,KXBTC15M-26OCT050045-45,0.0010,227.48,yes
2026-10-05T04:43:57.909207Z,KXBTC15M-26OCT050045-45,0.0010,37.91,yes
2026-10-05T04:43:58.557017Z,KXBTC15M-26OCT050045-45,0.0010,11.34,yes
2026-10-05T04:43:58.557017Z,KXBTC15M-26OCT050045-45,0.0010,7.35,yes
2026-10-05T04:43:58.612322Z,KXBTC15M-26OCT050045-45,0.0010,100.00,yes
2026-10-05T04:43:58.612322Z,KXBTC15M-26OCT050045-45,0.0010,100.00,yes
2026-10-05T04:43:58.612322Z,KXBTC15M-26OCT050045-45,0.0010,188.66,yes
2026-10-05T04:43:58.612322Z,KXBTC15M-26OCT050045-45,0.0010,100.00,yes
2026-10-05T04:43:58.612322Z,KXBTC15M-26OCT050045-45,0.0010,427.33,yes
2026-10-05T04:43:59.191131Z,KXBTC15M-26OCT050045-45,0.0010,0.20,yes
2026-10-05T04:43:59.365793Z,KXBTC15M-26OCT050045-45,0.0010,1.23,yes
2026-10-05T04:43:59.381793Z,KXBTC15M-26OCT050045-45,0.0010,59.19,yes
2026-10-05T04:43:59.537111Z,KXBTC15M-26OCT050045-45,0.0010,5.02,yes
2026-10-05T04:43:59.629114Z,KXBTC15M-26OCT050045-45,0.0010,71.06,yes
2026-10-05T04:43:59.665462Z,KXBTC15M-26OCT050045-45,0.0010,183.25,yes
2026-10-05T04:43:59.932663Z,KXBTC15M-26OCT050045-45,0.0010,915.99,yes
2026-10-05T04:43:59.974581Z,KXBTC15M-26OCT050045-45,0.0010,27.10,yes
2026-10-05T04:44:00.107711Z,KXBTC15M-26OCT050045-45,0.0010,458.04,yes
2026-10-05T04:44:00.516129Z,KXBTC15M-26OCT050045-45,0.0010,1.00,yes
2026-10-05T04:44:00.533706Z,KXBTC15M-26OCT050045-45,0.0010,1831.90,yes
2026-10-05T04:44:00.833442Z,KXBTC15M-26OCT050045-45,0.0010,0.91,yes
2026-10-05T04:44:01.530541Z,KXBTC15M-26OCT050045-45,0.0010,52.68,yes
2026-10-05T04:44:01.542035Z,KXBTC15M-26OCT050045-45,0.0010,3.62,yes
2026-10-05T04:44:01.863373Z,KXBTC15M-26OCT050045-45,0.0010,91.62,yes
2026-10-05T04:44:01.90157Z,KXBTC15M-26OCT050045-45,0.0010,91.62,yes
2026-10-05T04:44:01.954323Z,KXBTC15M-26OCT050045-45,0.0010,11.39,yes
2026-10-05T04:44:01.977578Z,KXBTC15M-26OCT050045-45,0.0010,930.00,yes
2026-10-05T04:44:02.320552Z,KXBTC15M-26OCT050045-45,0.0010,117.24,yes
2026-10-05T04:44:02.402531Z,KXBTC15M-26OCT050045-45,0.0010,29.55,yes
2026-10-05T04:44:02.61496Z,KXBTC15M-26OCT050045-45,0.0010,33.44,yes
2026-10-05T04:44:02.655861Z,KXBTC15M-26OCT050045-45,0.0010,1.66,yes
2026-10-05T04:44:03.163741Z,KXBTC15M-26OCT050045-45,0.0010,0.94,yes
2026-10-05T04:44:03.230699Z,KXBTC15M-26OCT050045-45,0.0010,1831.90,yes
2026-10-05T04:44:03.572338Z,KXBTC15M-26OCT050045-45,0.0010,2206.77,yes
2026-10-05T04:44:03.595276Z,KXBTC15M-26OCT050045-45,0.0010,56.43,yes
2026-10-05T04:44:04.038809Z,KXBTC15M-26OCT050045-45,0.0010,3.21,yes
2026-10-05T04:44:04.125153Z,KXBTC15M-26OCT050045-45,0.0010,915.99,yes
2026-10-05T04:44:04.260067Z,KXBTC15M-26OCT050045-45,0.0010,5.95,yes
2026-10-05T04:44:04.352572Z,KXBTC15M-26OCT050045-45,0.0010,390.00,yes
2026-10-05T04:44:04.554674Z,KXBTC15M-26OCT050045-45,0.0010,25.00,yes
2026-10-05T04:44:05.196584Z,KXBTC15M-26OCT050045-45,0.0010,91.62,yes
2026-10-05T04:44:05.426459Z,KXBTC15M-26OCT050045-45,0.0010,0.02,yes
2026-10-05T04:44:06.23164Z,KXBTC15M-26OCT050045-45,0.0010,91.62,yes
2026-10-05T04:44:06.682979Z,KXBTC15M-26OCT050045-45,0.0010,2267.02,yes
2026-10-05T04:44:06.956828Z,KXBTC15M-26OCT050045-45,0.0010,9.72,yes
2026-10-05T04:44:06.958927Z,KXBTC15M-26OCT050045-45,0.0010,1.00,yes
2026-10-05T04:44:07.424237Z,KXBTC15M-26OCT050045-45,0.0010,915.99,yes
2026-10-05T04:44:07.729221Z,KXBTC15M-26OCT050045-45,0.0010,915.99,yes
2026-10-05T04:44:07.790089Z,KXBTC15M-26OCT050045-45,0.0010,661.00,yes
2026-10-05T04:44:07.990541Z,KXBTC15M-26OCT050045-45,0.0010,915.99,yes
2026-10-05T04:44:08.276589Z,KXBTC15M-26OCT050045-45,0.0010,90.00,yes
2026-10-05T04:44:08.309053Z,KXBTC15M-26OCT050045-45,0.0010,49.24,yes
2026-10-05T04:44:08.596647Z,KXBTC15M-26OCT050045-45,0.0010,915.99,yes
2026-10-05T04:44:09.096445Z,KXBTC15M-26OCT050045-45,0.0010,33.49,yes
2026-10-05T04:44:09.102706Z,KXBTC15M-26OCT050045-45,0.0010,915.99,yes
2026-10-05T04:44:09.177832Z,KXBTC15M-26OCT050045-45,0.0010,229.39,yes
2026-10-05T04:44:09.291146Z,KXBTC15M-26OCT050045-45,0.0010,915.99,yes
2026-10-05T04:44:09.621143Z,KXBTC15M-26OCT050045-45,0.0010,0.03,yes
2026-10-05T04:44:10.443508Z,KXBTC15M-26OCT050045-45,0.0010,9.20,yes
2026-10-05T04:44:11.161607Z,KXBTC15M-26OCT050045-45,0.0010,128.27,yes
2026-10-05T04:44:11.352466Z,KXBTC15M-26OCT050045-45,0.0010,40.55,yes
2026-10-05T04:44:12.427313Z,KXBTC15M-26OCT050045-45,0.0010,91.62,yes
2026-10-05T04:44:12.427437Z,KXBTC15M-26OCT050045-45,0.0010,915.99,yes
2026-10-05T04:44:12.973027Z,KXBTC15M-26OCT050045-45,0.0010,376.43,yes
2026-10-05T04:44:13.510906Z,KXBTC15M-26OCT050045-45,0.0010,34.53,yes
2026-10-05T04:44:13.745458Z,KXBTC15M-26OCT050045-45,0.0010,50.00,yes
2026-10-05T04:44:14.256225Z,KXBTC15M-26OCT050045-45,0.0010,915.99,yes
2026-10-05T04:44:14.303059Z,KXBTC15M-26OCT050045-45,0.0010,32.00,yes
2026-10-05T04:44:14.346032Z,KXBTC15M-26OCT050045-45,0.0010,31.42,yes
2026-10-05T04:44:14.599114Z,KXBTC15M-26OCT050045-45,0.0010,2013.11,yes
2026-10-05T04:44:14.755563Z,KXBTC15M-26OCT050045-45,0.0010,91.62,yes
2026-10-05T04:44:14.83074Z,KXBTC15M-26OCT050045-45,0.0010,514.80,yes
2026-10-05T04:44:15.13646Z,KXBTC15M-26OCT050045-45,0.0010,1.00,yes
2026-10-05T04:44:15.468018Z,KXBTC15M-26OCT050045-45,0.0010,915.99,yes
2026-10-05T04:44:15.776534Z,KXBTC15M-26OCT050045-45,0.0010,4579.77,yes
2026-10-05T04:44:16.503043Z,KXBTC15M-26OCT050045-45,0.0010,557.24,yes
2026-10-05T04:44:17.553735Z,KXBTC15M-26OCT050045-45,0.0010,237.61,yes
2026-10-05T04:44:17.631083Z,KXBTC15M-26OCT050045-45,0.0010,91.62,yes
2026-10-05T04:44:17.697689Z,KXBTC15M-26OCT050045-45,0.0010,915.99,yes
2026-10-05T04:44:19.502847Z,KXBTC15M-26OCT050045-45,0.0010,9159.55,yes
2026-10-05T04:44:19.749371Z,KXBTC15M-26OCT050045-45,0.0010,440.66,yes
2026-10-05T04:44:20.128264Z,KXBTC15M-26OCT050045-45,0.0010,31.05,yes
2026-10-05T04:44:20.12843Z,KXBTC15M-26OCT050045-45,0.0010,458.04,yes
2026-10-05T04:44:20.337568Z,KXBTC15M-26OCT050045-45,0.0010,1.00,yes
2026-10-05T04:44:21.781658Z,KXBTC15M-26OCT050045-45,0.0010,14.17,yes
2026-10-05T04:44:21.799345Z,KXBTC15M-26OCT050045-45,0.0010,1611.62,yes
2026-10-05T04:44:22.142355Z,KXBTC15M-26OCT050045-45,0.0010,915.99,yes
2026-10-05T04:44:23.199491Z,KXBTC15M-26OCT050045-45,0.0010,1264.06,yes
2026-10-05T04:44:23.241606Z,KXBTC15M-26OCT050045-45,0.0010,91.62,yes
2026-10-05T04:44:23.323861Z,KXBTC15M-26OCT050045-45,0.0010,9159.55,yes
2026-10-05T04:44:23.329616Z,KXBTC15M-26OCT050045-45,0.0010,915.99,yes
2026-10-05T04:44:23.881177Z,KXBTC15M-26OCT050045-45,0.0010,1.03,yes
2026-10-05T04:44:23.927761Z,KXBTC15M-26OCT050045-45,0.0010,164.92,yes
2026-10-05T04:44:24.850729Z,KXBTC15M-26OCT050045-45,0.0010,0.02,yes
2026-10-05T04:44:25.962513Z,KXBTC15M-26OCT050045-45,0.0010,3.78,yes
2026-10-05T04:44:26.919601Z,KXBTC15M-26OCT050045-45,0.0010,0.80,yes
2026-10-05T04:44:27.044379Z,KXBTC15M-26OCT050045-45,0.0010,229.01,yes
2026-10-05T04:44:27.073641Z,KXBTC15M-26OCT050045-45,0.0010,12.25,yes
2026-10-05T04:44:27.356011Z,KXBTC15M-26OCT050045-45,0.0010,915.99,yes
2026-10-05T04:44:27.736234Z,KXBTC15M-26OCT050045-45,0.0010,114.67,yes
2026-10-05T04:44:28.609775Z,KXBTC15M-26OCT050045-45,0.0010,4.40,yes
2026-10-05T04:44:28.89724Z,KXBTC15M-26OCT050045-45,0.0010,268.38,yes
2026-10-05T04:44:29.318287Z,KXBTC15M-26OCT050045-45,0.0010,9.20,yes
2026-10-05T04:44:29.982736Z,KXBTC15M-26OCT050045-45,0.0010,0.02,yes
2026-10-05T04:44:30.021242Z,KXBTC15M-26OCT050045-45,0.0010,121.60,yes
2026-10-05T04:44:30.027212Z,KXBTC15M-26OCT050045-45,0.0010,417.04,yes
2026-10-05T04:44:30.028189Z,KXBTC15M-26OCT050045-45,0.0010,135.85,yes
2026-10-05T04:44:30.374268Z,KXBTC15M-26OCT050045-45,0.0010,60.30,yes
2026-10-05T04:44:31.029939Z,KXBTC15M-26OCT050045-45,0.0010,1831.90,yes
2026-10-05T04:44:31.384804Z,KXBTC15M-26OCT050045-45,0.0010,0.02,yes
2026-10-05T04:44:31.537155Z,KXBTC15M-26OCT050045-45,0.0010,0.02,yes
2026-10-05T04:44:31.913434Z,KXBTC15M-26OCT050045-45,0.0010,93.86,yes
2026-10-05T04:44:32.001419Z,KXBTC15M-26OCT050045-45,0.0010,915.99,yes
2026-10-05T04:44:32.445235Z,KXBTC15M-26OCT050045-45,0.0010,732.83,yes
2026-10-05T04:44:32.834696Z,KXBTC15M-26OCT050045-45,0.0010,16.47,yes
2026-10-05T04:44:33.575423Z,KXBTC15M-26OCT050045-45,0.0010,35.88,yes
2026-10-05T04:44:34.432924Z,KXBTC15M-26OCT050045-45,0.0010,4.54,yes
2026-10-05T04:44:36.253348Z,KXBTC15M-26OCT050045-45,0.0010,0.02,yes
2026-10-05T04:44:36.539569Z,KXBTC15M-26OCT050045-45,0.0010,1.78,yes
2026-10-05T04:44:36.777151Z,KXBTC15M-26OCT050045-45,0.0010,22.28,yes
2026-10-05T04:44:36.879742Z,KXBTC15M-26OCT050045-45,0.0010,27.52,yes
2026-10-05T04:44:37.532146Z,KXBTC15M-26OCT050045-45,0.0010,1.93,yes
2026-10-05T04:44:37.605596Z,KXBTC15M-26OCT050045-45,0.0010,9.20,yes
2026-10-05T04:44:37.683762Z,KXBTC15M-26OCT050045-45,0.0010,915.99,yes
2026-10-05T04:44:38.080286Z,KXBTC15M-26OCT050045-45,0.0010,2.45,yes
2026-10-05T04:44:39.004435Z,KXBTC15M-26OCT050045-45,0.0010,121.59,yes
2026-10-05T04:44:39.311569Z,KXBTC15M-26OCT050045-45,0.0010,915.99,yes
2026-10-05T04:44:39.61129Z,KXBTC15M-26OCT050045-45,0.0010,9.01,yes
2026-10-05T04:44:39.639524Z,KXBTC15M-26OCT050045-45,0.0010,8.10,yes
2026-10-05T04:44:40.166643Z,KXBTC15M-26OCT050045-45,0.0010,0.02,yes
2026-10-05T04:44:40.872058Z,KXBTC15M-26OCT050045-45,0.0010,9.00,yes
2026-10-05T04:44:41.93678Z,KXBTC15M-26OCT050045-45,0.0010,41217.71,yes
2026-10-05T04:44:42.054229Z,KXBTC15M-26OCT050045-45,0.0010,2.60,yes
2026-10-05T04:44:42.410858Z,KXBTC15M-26OCT050045-45,0.0010,915.99,yes
2026-10-05T04:44:42.859228Z,KXBTC15M-26OCT050045-45,0.0010,56.74,yes
2026-10-05T04:44:42.875763Z,KXBTC15M-26OCT050045-45,0.0010,1831.90,yes
2026-10-05T04:44:43.698425Z,KXBTC15M-26OCT050045-45,0.0010,18.58,yes
2026-10-05T04:44:44.390934Z,KXBTC15M-26OCT050045-45,0.0010,915.99,yes
2026-10-05T04:44:44.48322Z,KXBTC15M-26OCT050045-45,0.0010,915.99,yes
2026-10-05T04:44:44.512329Z,KXBTC15M-26OCT050045-45,0.0010,8.15,yes
2026-10-05T04:44:44.52782Z,KXBTC15M-26OCT050045-45,0.0010,1.10,yes
2026-10-05T04:44:44.609346Z,KXBTC15M-26OCT050045-45,0.0010,5.02,yes
2026-10-05T04:44:45.153051Z,KXBTC15M-26OCT050045-45,0.0010,25235.29,yes
2026-10-05T04:44:45.38185Z,KXBTC15M-26OCT050045-45,0.0010,915.99,yes
2026-10-05T04:44:45.475025Z,KXBTC15M-26OCT050045-45,0.0010,4579.77,yes
2026-10-05T04:44:45.744377Z,KXBTC15M-26OCT050045-45,0.0010,915.99,yes
2026-10-05T04:44:46.03142Z,KXBTC15M-26OCT050045-45,0.0010,915.99,yes
2026-10-05T04:44:46.540893Z,KXBTC15M-26OCT050045-45,0.0010,71.19,yes
2026-10-05T04:44:46.561539Z,KXBTC15M-26OCT050045-45,0.0010,4579.77,yes
2026-10-05T04:44:47.273435Z,KXBTC15M-26OCT050045-45,0.0010,1.00,yes
2026-10-05T04:44:47.732747Z,KXBTC15M-26OCT050045-45,0.0010,897.30,yes
2026-10-05T04:44:48.192635Z,KXBTC15M-26OCT050045-45,0.0010,18.72,yes
2026-10-05T04:44:48.419508Z,KXBTC15M-26OCT050045-45,0.0010,47.14,yes
2026-10-05T04:44:49.668967Z,KXBTC15M-26OCT050045-45,0.0010,9346.48,yes
2026-10-05T04:44:49.725602Z,KXBTC15M-26OCT050045-45,0.0010,915.99,yes
2026-10-05T04:44:50.415281Z,KXBTC15M-26OCT050045-45,0.0010,0.66,yes
2026-10-05T04:44:50.461189Z,KXBTC15M-26OCT050045-45,0.0010,915.99,yes
2026-10-05T04:44:50.484481Z,KXBTC15M-26OCT050045-45,0.0010,6.09,yes
2026-10-05T04:44:50.704292Z,KXBTC15M-26OCT050045-45,0.0010,915.99,yes
2026-10-05T04:44:50.921245Z,KXBTC15M-26OCT050045-45,0.0010,7327.64,yes
2026-10-05T04:44:51.008642Z,KXBTC15M-26OCT050045-45,0.0010,915.99,yes
2026-10-05T04:44:51.120929Z,KXBTC15M-26OCT050045-45,0.0010,2747.91,yes
2026-10-05T04:44:51.242489Z,KXBTC15M-26OCT050045-45,0.0010,3.72,yes
2026-10-05T04:44:51.318036Z,KXBTC15M-26OCT050045-45,0.0010,195.07,yes
2026-10-05T04:44:51.396531Z,KXBTC15M-26OCT050045-45,0.0010,915.99,yes
2026-10-05T04:44:52.102063Z,KXBTC15M-26OCT050045-45,0.0010,183.25,yes
2026-10-05T04:44:52.143052Z,KXBTC15M-26OCT050045-45,0.0010,56.34,yes
2026-10-05T04:44:52.369836Z,KXBTC15M-26OCT050045-45,0.0010,11.03,yes
2026-10-05T04:44:53.034904Z,KXBTC15M-26OCT050045-45,0.0010,1831.90,yes
2026-10-05T04:44:53.272807Z,KXBTC15M-26OCT050045-45,0.0010,27.87,yes
2026-10-05T04:44:53.474187Z,KXBTC15M-26OCT050045-45,0.0010,915.99,yes
2026-10-05T04:44:53.537434Z,KXBTC15M-26OCT050045-45,0.0010,130.64,yes
2026-10-05T04:44:53.620078Z,KXBTC15M-26OCT050045-45,0.0010,458.04,yes
2026-10-05T04:44:53.624096Z,KXBTC15M-26OCT050045-45,0.0010,0.02,yes
2026-10-05T04:44:53.783499Z,KXBTC15M-26OCT050045-45,0.0010,915.99,yes
2026-10-05T04:44:53.955944Z,KXBTC15M-26OCT050045-45,0.0010,0.75,yes
2026-10-05T04:44:54.188348Z,KXBTC15M-26OCT050045-45,0.0010,44.85,yes
2026-10-05T04:44:54.273929Z,KXBTC15M-26OCT050045-45,0.0010,90.00,yes
2026-10-05T04:44:54.284739Z,KXBTC15M-26OCT050045-45,0.0010,264.39,yes
2026-10-05T04:44:54.954172Z,KXBTC15M-26OCT050045-45,0.0010,48.27,yes
2026-10-05T04:44:54.962364Z,KXBTC15M-26OCT050045-45,0.0010,915.99,yes
2026-10-05T04:44:55.489919Z,KXBTC15M-26OCT050045-45,0.0010,50.00,yes
2026-10-05T04:44:55.601382Z,KXBTC15M-26OCT050045-45,0.0010,915.99,yes
2026-10-05T04:44:55.926916Z,KXBTC15M-26OCT050045-45,0.0010,9.20,yes
2026-10-05T04:44:56.20241Z,KXBTC15M-26OCT050045-45,0.0010,1831.90,yes
2026-10-05T04:44:56.21152Z,KXBTC15M-26OCT050045-45,0.0010,24.31,yes
2026-10-05T04:44:56.227206Z,KXBTC15M-26OCT050045-45,0.0010,915.99,yes
2026-10-05T04:44:56.286979Z,KXBTC15M-26OCT050045-45,0.0010,915.99,yes
2026-10-05T04:44:58.190358Z,KXBTC15M-26OCT050045-45,0.0010,1.59,yes
2026-10-05T04:44:58.817123Z,KXBTC15M-26OCT050045-45,0.0010,1831.90,yes
2026-10-05T04:44:59.033416Z,KXBTC15M-26OCT050045-45,0.0010,7.46,yes
2026-10-05T04:44:59.207352Z,KXBTC15M-26OCT050045-45,0.0010,9159.55,yes
2026-10-05T04:44:59.328572Z,KXBTC15M-26OCT050045-45,0.0010,29.29,yes
2026-10-05T04:44:59.883562Z,KXBTC15M-26OCT050045-45,0.0010,18.69,yes
2026-10-05T04:40:59.939749Z,KXGBPUSD15M-26OCT050045-30,0.9900,10.00,yes
2026-10-05T04:40:59.939749Z,KXGBPUSD15M-26OCT050045-30,0.9900,59.56,yes
2026-10-05T04:40:59.939749Z,KXGBPUSD15M-26OCT050045-30,0.9900,1.00,yes
2026-10-05T04:40:59.939749Z,KXGBPUSD15M-26OCT050045-30,0.9900,1.00,yes
2026-10-05T04:40:59.939749Z,KXGBPUSD15M-26OCT050045-30,0.9900,1.44,yes
2026-10-05T04:41:07.40999Z,KXGBPUSD15M-26OCT050045-30,0.9300,75.00,no
2026-10-05T04:41:07.40999Z,KXGBPUSD15M-26OCT050045-30,0.8900,66.45,no
2026-10-05T04:41:07.40999Z,KXGBPUSD15M-26OCT050045-30,0.8500,75.00,no
2026-10-05T04:41:07.40999Z,KXGBPUSD15M-26OCT050045-30,0.9800,30.00,no
2026-10-05T04:41:07.40999Z,KXGBPUSD15M-26OCT050045-30,0.9800,10.00,no
2026-10-05T04:41:07.40999Z,KXGBPUSD15M-26OCT050045-30,0.9200,49.00,no
2026-10-05T04:41:07.40999Z,KXGBPUSD15M-26OCT050045-30,0.9800,300.00,no
2026-10-05T04:41:07.40999Z,KXGBPUSD15M-26OCT050045-30,0.9800,2.00,no
2026-10-05T04:41:07.40999Z,KXGBPUSD15M-26OCT050045-30,0.9800,60.00,no
2026-10-05T04:41:07.40999Z,KXGBPUSD15M-26OCT050045-30,0.9700,80.00,no
2026-10-05T04:41:07.40999Z,KXGBPUSD15M-26OCT050045-30,0.6800,17.68,no
2026-10-05T04:41:07.40999Z,KXGBPUSD15M-26OCT050045-30,0.7700,75.00,no
2026-10-05T04:41:07.40999Z,KXGBPUSD15M-26OCT050045-30,0.7300,75.00,no
2026-10-05T04:41:07.40999Z,KXGBPUSD15M-26OCT050045-30,0.8100,69.53,no
2026-10-05T04:41:14.766225Z,KXGBPUSD15M-26OCT050045-30,0.9900,0.10,yes
2026-10-05T04:41:38.844868Z,KXGBPUSD15M-26OCT050045-30,0.9900,0.46,yes
2026-10-05T04:41:38.844868Z,KXGBPUSD15M-26OCT050045-30,0.9900,0.04,yes
2026-10-05T04:41:38.94079Z,KXGBPUSD15M-26OCT050045-30,0.9900,50.04,yes
2026-10-05T04:41:38.94079Z,KXGBPUSD15M-26OCT050045-30,0.9900,79.96,yes
2026-10-05T04:41:10.099961Z,KXZEC15M-26OCT050045-45,0.0150,20.00,no
2026-10-05T04:41:10.099961Z,KXZEC15M-26OCT050045-45,0.0150,78.50,no
2026-10-05T04:41:10.099961Z,KXZEC15M-26OCT050045-45,0.0140,40.00,no
2026-10-05T04:41:11.557095Z,KXZEC15M-26OCT050045-45,0.0130,1.38,no
2026-10-05T04:41:11.727789Z,KXZEC15M-26OCT050045-45,0.0130,1.00,no
2026-10-05T04:41:11.764946Z,KXZEC15M-26OCT050045-45,0.0130,22.38,no
2026-10-05T04:41:11.764946Z,KXZEC15M-26OCT050045-45,0.0130,37.62,no
2026-10-05T04:41:13.059447Z,KXZEC15M-26OCT050045-45,0.0130,77.62,no
2026-10-05T04:41:13.059447Z,KXZEC15M-26OCT050045-45,0.0110,25.00,no
2026-10-05T04:41:13.059447Z,KXZEC15M-26OCT050045-45,0.0100,6.38,no
2026-10-05T04:41:13.059447Z,KXZEC15M-26OCT050045-45,0.0110,20.00,no
2026-10-05T04:41:13.059447Z,KXZEC15M-26OCT050045-45,0.0110,1.00,no
2026-10-05T04:41:13.059447Z,KXZEC15M-26OCT050045-45,0.0110,1.00,no
2026-10-05T04:41:13.953775Z,KXZEC15M-26OCT050045-45,0.0110,100.00,no
2026-10-05T04:41:13.953775Z,KXZEC15M-26OCT050045-45,0.0110,25.00,no
2026-10-05T04:41:14.410956Z,KXZEC15M-26OCT050045-45,0.0100,1.13,no
2026-10-05T04:41:14.410956Z,KXZEC15M-26OCT050045-45,0.0100,1.00,no
2026-10-05T04:41:14.410956Z,KXZEC15M-26OCT050045-45,0.0100,3.00,no
2026-10-05T04:41:14.410956Z,KXZEC15M-26OCT050045-45,0.0100,19.93,no
2026-10-05T04:41:14.410956Z,KXZEC15M-26OCT050045-45,0.0100,10.62,no
2026-10-05T04:41:14.410956Z,KXZEC15M-26OCT050045-45,0.0100,20.00,no
2026-10-05T04:41:14.410956Z,KXZEC15M-26OCT050045-45,0.0100,75.00,no
2026-10-05T04:41:14.410956Z,KXZEC15M-26OCT050045-45,0.0100,2.32,no
2026-10-05T04:41:14.410956Z,KXZEC15M-26OCT050045-45,0.0100,25.00,no
2026-10-05T04:41:14.410956Z,KXZEC15M-26OCT050045-45,0.0100,20.00,no
2026-10-05T04:41:21.672012Z,KXZEC15M-26OCT050045-45,0.0110,2.01,yes
2026-10-05T04:41:23.654409Z,KXZEC15M-26OCT050045-45,0.0110,9.00,yes
2026-10-05T04:41:25.709899Z,KXZEC15M-26OCT050045-45,0.0110,20.00,yes
2026-10-05T04:41:25.709899Z,KXZEC15M-26OCT050045-45,0.0110,8.99,yes
2026-10-05T04:41:25.709899Z,KXZEC15M-26OCT050045-45,0.0110,0.10,yes
2026-10-05T04:41:25.709899Z,KXZEC15M-26OCT050045-45,0.0110,0.91,yes
2026-10-05T04:41:28.95869Z,KXZEC15M-26OCT050045-45,0.0110,0.85,yes
2026-10-05T04:41:31.396372Z,KXZEC15M-26OCT050045-45,0.0110,73.00,yes
2026-10-05T04:41:31.684953Z,KXZEC15M-26OCT050045-45,0.0110,0.19,yes
2026-10-05T04:41:37.08031Z,KXZEC15M-26OCT050045-45,0.0100,1.00,no
2026-10-05T04:41:40.298009Z,KXZEC15M-26OCT050045-45,0.0120,1.00,yes
2026-10-05T04:41:47.261444Z,KXZEC15M-26OCT050045-45,0.0090,20.00,no
2026-10-05T04:41:47.261444Z,KXZEC15M-26OCT050045-45,0.0080,20.00,no
2026-10-05T04:41:47.261444Z,KXZEC15M-26OCT050045-45,0.0080,370.00,no
2026-10-05T04:41:47.261444Z,KXZEC15M-26OCT050045-45,0.0100,74.00,no
2026-10-05T04:41:47.261444Z,KXZEC15M-26OCT050045-45,0.0100,18.00,no
2026-10-05T04:41:47.261444Z,KXZEC15M-26OCT050045-45,0.0090,100.00,no
2026-10-05T04:41:47.261444Z,KXZEC15M-26OCT050045-45,0.0090,1.00,no
2026-10-05T04:41:49.253061Z,KXZEC15M-26OCT050045-45,0.0100,20.00,yes
2026-10-05T04:41:49.253061Z,KXZEC15M-26OCT050045-45,0.0090,20.00,yes
2026-10-05T04:41:49.253061Z,KXZEC15M-26OCT050045-45,0.0100,100.00,yes
2026-10-05T04:41:51.315438Z,KXZEC15M-26OCT050045-45,0.0100,93.51,yes
2026-10-05T04:41:55.606872Z,KXZEC15M-26OCT050045-45,0.0050,11.00,no
2026-10-05T04:41:55.606872Z,KXZEC15M-26OCT050045-45,0.0070,20.00,no
2026-10-05T04:41:55.606872Z,KXZEC15M-26OCT050045-45,0.0050,20.00,no
2026-10-05T04:41:55.606872Z,KXZEC15M-26OCT050045-45,0.0060,20.00,no
2026-10-05T04:41:55.606872Z,KXZEC15M-26OCT050045-45,0.0050,1.00,no
2026-10-05T04:41:55.606872Z,KXZEC15M-26OCT050045-45,0.0080,1.00,no
2026-10-05T04:41:55.606872Z,KXZEC15M-26OCT050045-45,0.0070,100.00,no
2026-10-05T04:41:55.606872Z,KXZEC15M-26OCT050045-45,0.0080,34.00,no
2026-10-05T04:41:55.606872Z,KXZEC15M-26OCT050045-45,0.0060,1.16,no
2026-10-05T04:41:55.606872Z,KXZEC15M-26OCT050045-45,0.0050,600.00,no
2026-10-05T04:41:55.606872Z,KXZEC15M-26OCT050045-45,0.0070,428.00,no
2026-10-05T04:41:55.606872Z,KXZEC15M-26OCT050045-45,0.0060,500.00,no
2026-10-05T04:41:55.669647Z,KXZEC15M-26OCT050045-45,0.0070,0.24,no
2026-10-05T04:41:56.72244Z,KXZEC15M-26OCT050045-45,0.0050,1.00,no
2026-10-05T04:41:56.72244Z,KXZEC15M-26OCT050045-45,0.0050,100.00,no
2026-10-05T04:41:56.72244Z,KXZEC15M-26OCT050045-45,0.0050,26.00,no
2026-10-05T04:41:57.09941Z,KXZEC15M-26OCT050045-45,0.0060,69.22,yes
2026-10-05T04:41:57.09941Z,KXZEC15M-26OCT050045-45,0.0060,1.00,yes
2026-10-05T04:41:57.09941Z,KXZEC15M-26OCT050045-45,0.0060,20.00,yes
2026-10-05T04:42:00.315157Z,KXZEC15M-26OCT050045-45,0.0080,0.23,yes
2026-10-05T04:42:00.315157Z,KXZEC15M-26OCT050045-45,0.0070,0.19,yes
2026-10-05T04:42:00.315157Z,KXZEC15M-26OCT050045-45,0.0060,0.19,yes
2026-10-05T04:42:00.315157Z,KXZEC15M-26OCT050045-45,0.0080,90.81,yes
2026-10-05T04:42:00.315157Z,KXZEC15M-26OCT050045-45,0.0070,113.00,yes
2026-10-05T04:42:00.315157Z,KXZEC15M-26OCT050045-45,0.0070,20.00,yes
2026-10-05T04:42:00.315157Z,KXZEC15M-26OCT050045-45,0.0080,20.00,yes
2026-10-05T04:42:00.315157Z,KXZEC15M-26OCT050045-45,0.0070,4.78,yes
2026-10-05T04:42:01.719793Z,KXZEC15M-26OCT050045-45,0.0050,4.00,no
2026-10-05T04:42:01.719793Z,KXZEC15M-26OCT050045-45,0.0050,26.00,no
2026-10-05T04:42:07.023712Z,KXZEC15M-26OCT050045-45,0.0040,731.81,no
2026-10-05T04:42:07.285158Z,KXZEC15M-26OCT050045-45,0.0040,6.25,no
2026-10-05T04:42:09.435638Z,KXZEC15M-26OCT050045-45,0.0060,124.00,yes
2026-10-05T04:42:09.435638Z,KXZEC15M-26OCT050045-45,0.0070,124.00,yes
2026-10-05T04:42:09.435638Z,KXZEC15M-26OCT050045-45,0.0070,4.00,yes
2026-10-05T04:42:09.435638Z,KXZEC15M-26OCT050045-45,0.0070,0.19,yes
2026-10-05T04:42:09.533416Z,KXZEC15M-26OCT050045-45,0.0080,17.50,yes
2026-10-05T04:42:09.85427Z,KXZEC15M-26OCT050045-45,0.0070,0.27,yes
2026-10-05T04:42:09.85427Z,KXZEC15M-26OCT050045-45,0.0060,0.25,yes
2026-10-05T04:42:09.85427Z,KXZEC15M-26OCT050045-45,0.0080,70.57,yes
2026-10-05T04:42:10.178104Z,KXZEC15M-26OCT050045-45,0.0080,0.35,yes
2026-10-05T04:42:11.519018Z,KXZEC15M-26OCT050045-45,0.0050,4.00,no
2026-10-05T04:42:11.519018Z,KXZEC15M-26OCT050045-45,0.0050,26.00,no
2026-10-05T04:42:19.58321Z,KXZEC15M-26OCT050045-45,0.0080,52.59,yes
2026-10-05T04:42:19.58321Z,KXZEC15M-26OCT050045-45,0.0060,1.00,yes
2026-10-05T04:42:19.58321Z,KXZEC15M-26OCT050045-45,0.0070,0.27,yes
2026-10-05T04:42:19.58321Z,KXZEC15M-26OCT050045-45,0.0070,4.00,yes
2026-10-05T04:42:19.58321Z,KXZEC15M-26OCT050045-45,0.0070,1.00,yes
2026-10-05T04:42:19.58321Z,KXZEC15M-26OCT050045-45,0.0060,0.25,yes
2026-10-05T04:42:21.290333Z,KXZEC15M-26OCT050045-45,0.0070,4.00,no
2026-10-05T04:42:21.290333Z,KXZEC15M-26OCT050045-45,0.0060,18.00,no
2026-10-05T04:42:27.632601Z,KXZEC15M-26OCT050045-45,0.0060,0.25,yes
2026-10-05T04:42:27.632601Z,KXZEC15M-26OCT050045-45,0.0060,100.00,yes
2026-10-05T04:42:28.083339Z,KXZEC15M-26OCT050045-45,0.0040,1.00,no
2026-10-05T04:42:28.083339Z,KXZEC15M-26OCT050045-45,0.0040,1.00,no
2026-10-05T04:42:28.083339Z,KXZEC15M-26OCT050045-45,0.0040,1.00,no
2026-10-05T04:42:28.083339Z,KXZEC15M-26OCT050045-45,0.0040,1.00,no
2026-10-05T04:42:28.083339Z,KXZEC15M-26OCT050045-45,0.0040,1.00,no
2026-10-05T04:42:28.083339Z,KXZEC15M-26OCT050045-45,0.0040,13.00,no
2026-10-05T04:42:28.083339Z,KXZEC15M-26OCT050045-45,0.0040,20.00,no
2026-10-05T04:42:28.083339Z,KXZEC15M-26OCT050045-45,0.0040,12.00,no
2026-10-05T04:42:34.915859Z,KXZEC15M-26OCT050045-45,0.0050,2.00,yes
2026-10-05T04:42:34.915859Z,KXZEC15M-26OCT050045-45,0.0050,20.00,yes
2026-10-05T04:42:34.915859Z,KXZEC15M-26OCT050045-45,0.0050,0.25,yes
2026-10-05T04:42:38.165935Z,KXZEC15M-26OCT050045-45,0.0030,4.00,no
2026-10-05T04:42:41.042229Z,KXZEC15M-26OCT050045-45,0.0050,0.25,yes
2026-10-05T04:42:41.042229Z,KXZEC15M-26OCT050045-45,0.0050,4.00,yes
2026-10-05T04:42:46.839267Z,KXZEC15M-26OCT050045-45,0.0030,16.00,no
2026-10-05T04:42:46.839267Z,KXZEC15M-26OCT050045-45,0.0030,40.16,no
2026-10-05T04:42:46.839267Z,KXZEC15M-26OCT050045-45,0.0040,4.00,no
2026-10-05T04:42:47.117577Z,KXZEC15M-26OCT050045-45,0.0050,1.00,yes
2026-10-05T04:42:50.046527Z,KXZEC15M-26OCT050045-45,0.0050,0.25,yes
2026-10-05T04:42:50.046527Z,KXZEC15M-26OCT050045-45,0.0050,4.00,yes
2026-10-05T04:42:50.046527Z,KXZEC15M-26OCT050045-45,0.0050,15.00,yes
2026-10-05T04:42:50.046527Z,KXZEC15M-26OCT050045-45,0.0070,57.00,yes
2026-10-05T04:42:50.046527Z,KXZEC15M-26OCT050045-45,0.0060,0.25,yes
2026-10-05T04:42:50.046527Z,KXZEC15M-26OCT050045-45,0.0070,0.27,yes
2026-10-05T04:42:51.131795Z,KXZEC15M-26OCT050045-45,0.0080,5.18,yes
2026-10-05T04:42:51.131795Z,KXZEC15M-26OCT050045-45,0.0080,0.19,yes
2026-10-05T04:42:51.131795Z,KXZEC15M-26OCT050045-45,0.0080,40.43,yes
2026-10-05T04:42:52.912401Z,KXZEC15M-26OCT050045-45,0.0050,4.00,no
2026-10-05T04:42:52.912401Z,KXZEC15M-26OCT050045-45,0.0050,26.00,no
2026-10-05T04:42:57.642809Z,KXZEC15M-26OCT050045-45,0.0070,0.25,yes
2026-10-05T04:42:57.642809Z,KXZEC15M-26OCT050045-45,0.0070,4.00,yes
2026-10-05T04:43:00.561072Z,KXZEC15M-26OCT050045-45,0.0070,5.00,no
2026-10-05T04:43:01.610993Z,KXZEC15M-26OCT050045-45,0.0030,5.00,no
2026-10-05T04:43:02.964601Z,KXZEC15M-26OCT050045-45,0.0030,74.75,no
2026-10-05T04:43:02.964601Z,KXZEC15M-26OCT050045-45,0.0040,20.00,no
2026-10-05T04:43:02.964601Z,KXZEC15M-26OCT050045-45,0.0040,4.00,no
2026-10-05T04:43:06.107461Z,KXZEC15M-26OCT050045-45,0.0030,3.63,no
2026-10-05T04:43:10.898658Z,KXZEC15M-26OCT050045-45,0.0040,23.37,yes
2026-10-05T04:43:12.397115Z,KXZEC15M-26OCT050045-45,0.0060,16.03,yes
2026-10-05T04:43:12.397115Z,KXZEC15M-26OCT050045-45,0.0040,16.79,yes
2026-10-05T04:43:12.397115Z,KXZEC15M-26OCT050045-45,0.0060,0.25,yes
2026-10-05T04:43:12.397115Z,KXZEC15M-26OCT050045-45,0.0050,0.25,yes
2026-10-05T04:43:12.397115Z,KXZEC15M-26OCT050045-45,0.0040,0.25,yes
2026-10-05T04:43:30.345541Z,KXZEC15M-26OCT050045-45,0.0030,54.00,no
2026-10-05T04:43:32.807389Z,KXZEC15M-26OCT050045-45,0.0030,72.46,no
2026-10-05T04:43:32.807389Z,KXZEC15M-26OCT050045-45,0.0030,2.00,no
2026-10-05T04:43:32.807389Z,KXZEC15M-26OCT050045-45,0.0030,2.00,no
2026-10-05T04:43:32.807389Z,KXZEC15M-26OCT050045-45,0.0030,2.00,no
2026-10-05T04:43:32.807389Z,KXZEC15M-26OCT050045-45,0.0030,2.00,no
2026-10-05T04:43:32.807389Z,KXZEC15M-26OCT050045-45,0.0030,2.00,no
2026-10-05T04:43:32.807389Z,KXZEC15M-26OCT050045-45,0.0030,18.00,no
2026-10-05T04:43:32.807389Z,KXZEC15M-26OCT050045-45,0.0030,100.00,no
2026-10-05T04:43:32.807389Z,KXZEC15M-26OCT050045-45,0.0030,1.00,no
2026-10-05T04:43:35.080182Z,KXZEC15M-26OCT050045-45,0.0030,86.52,yes
2026-10-05T04:43:36.672287Z,KXZEC15M-26OCT050045-45,0.0020,4.00,no
2026-10-05T04:43:37.893331Z,KXZEC15M-26OCT050045-45,0.0020,20.00,no
2026-10-05T04:43:37.893331Z,KXZEC15M-26OCT050045-45,0.0020,500.00,no
2026-10-05T04:43:37.893331Z,KXZEC15M-26OCT050045-45,0.0020,200.00,no
2026-10-05T04:43:37.893331Z,KXZEC15M-26OCT050045-45,0.0020,96.00,no
2026-10-05T04:43:37.893331Z,KXZEC15M-26OCT050045-45,0.0020,26.00,no
2026-10-05T04:43:37.893331Z,KXZEC15M-26OCT050045-45,0.0020,3.00,no
2026-10-05T04:43:37.893331Z,KXZEC15M-26OCT050045-45,0.0020,3.00,no
2026-10-05T04:43:37.893331Z,KXZEC15M-26OCT050045-45,0.0020,3.00,no
2026-10-05T04:43:37.893331Z,KXZEC15M-26OCT050045-45,0.0020,3.00,no
2026-10-05T04:43:37.893331Z,KXZEC15M-26OCT050045-45,0.0020,3.00,no
2026-10-05T04:43:37.893331Z,KXZEC15M-26OCT050045-45,0.0020,1.00,no
2026-10-05T04:43:37.893331Z,KXZEC15M-26OCT050045-45,0.0020,1.00,no
2026-10-05T04:43:41.097792Z,KXZEC15M-26OCT050045-45,0.0010,5.00,no
2026-10-05T04:43:41.327897Z,KXZEC15M-26OCT050045-45,0.0020,152.00,yes
2026-10-05T04:43:41.951573Z,KXZEC15M-26OCT050045-45,0.0010,18.69,no
2026-10-05T04:43:42.709338Z,KXZEC15M-26OCT050045-45,0.0010,18.69,no
2026-10-05T04:43:43.473413Z,KXZEC15M-26OCT050045-45,0.0010,18.69,no
2026-10-05T04:43:44.23405Z,KXZEC15M-26OCT050045-45,0.0010,18.68,no
2026-10-05T04:43:45.280857Z,KXZEC15M-26OCT050045-45,0.0010,1.00,no
2026-10-05T04:43:45.739637Z,KXZEC15M-26OCT050045-45,0.0010,34.42,no
2026-10-05T04:43:49.039186Z,KXZEC15M-26OCT050045-45,0.0010,225.17,no
2026-10-05T04:43:49.039186Z,KXZEC15M-26OCT050045-45,0.0010,20.00,no
2026-10-05T04:43:49.039186Z,KXZEC15M-26OCT050045-45,0.0010,84.83,no
2026-10-05T04:43:49.039186Z,KXZEC15M-26OCT050045-45,0.0010,1.00,no
2026-10-05T04:43:49.039186Z,KXZEC15M-26OCT050045-45,0.0010,1.00,no
2026-10-05T04:43:51.639903Z,KXZEC15M-26OCT050045-45,0.0010,2.63,no
2026-10-05T04:43:51.639903Z,KXZEC15M-26OCT050045-45,0.0010,1.00,no
2026-10-05T04:43:54.924029Z,KXZEC15M-26OCT050045-45,0.0020,28.96,yes
2026-10-05T04:43:54.924029Z,KXZEC15M-26OCT050045-45,0.0020,145.00,yes
2026-10-05T04:43:54.924029Z,KXZEC15M-26OCT050045-45,0.0020,54.00,yes
2026-10-05T04:43:54.924029Z,KXZEC15M-26OCT050045-45,0.0020,72.46,yes
2026-10-05T04:43:54.924029Z,KXZEC15M-26OCT050045-45,0.0020,500.00,yes
2026-10-05T04:43:54.924029Z,KXZEC15M-26OCT050045-45,0.0020,0.43,yes
2026-10-05T04:43:54.924029Z,KXZEC15M-26OCT050045-45,0.0020,5.00,yes
2026-10-05T04:43:54.924029Z,KXZEC15M-26OCT050045-45,0.0020,18.69,yes
2026-10-05T04:43:54.924029Z,KXZEC15M-26OCT050045-45,0.0020,18.69,yes
2026-10-05T04:43:54.924029Z,KXZEC15M-26OCT050045-45,0.0020,18.69,yes
2026-10-05T04:43:54.924029Z,KXZEC15M-26OCT050045-45,0.0020,34.42,yes
2026-10-05T04:43:54.924029Z,KXZEC15M-26OCT050045-45,0.0020,1.00,yes
2026-10-05T04:43:54.924029Z,KXZEC15M-26OCT050045-45,0.0020,18.68,yes
2026-10-05T04:43:59.51489Z,KXZEC15M-26OCT050045-45,0.0010,36.00,no
2026-10-05T04:43:59.516056Z,KXZEC15M-26OCT050045-45,0.0010,2.11,no
2026-10-05T04:43:59.516056Z,KXZEC15M-26OCT050045-45,0.0010,8.00,no
2026-10-05T04:43:59.516056Z,KXZEC15M-26OCT050045-45,0.0010,2.00,no
2026-10-05T04:43:59.516056Z,KXZEC15M-26OCT050045-45,0.0010,1.00,no
2026-10-05T04:43:59.516056Z,KXZEC15M-26OCT050045-45,0.0010,8.00,no
2026-10-05T04:43:59.516056Z,KXZEC15M-26OCT050045-45,0.0010,61.37,no
2026-10-05T04:44:00.071122Z,KXZEC15M-26OCT050045-45,0.0010,16.04,no
2026-10-05T04:44:00.071122Z,KXZEC15M-26OCT050045-45,0.0010,18.69,no
2026-10-05T04:44:00.071122Z,KXZEC15M-26OCT050045-45,0.0010,18.69,no
2026-10-05T04:44:00.071122Z,KXZEC15M-26OCT050045-45,0.0010,2.89,no
2026-10-05T04:44:00.071122Z,KXZEC15M-26OCT050045-45,0.0010,18.69,no
2026-10-05T04:44:01.025621Z,KXZEC15M-26OCT050045-45,0.0010,1.00,no
2026-10-05T04:44:01.064325Z,KXZEC15M-26OCT050045-45,0.0010,1.64,no
2026-10-05T04:44:01.064325Z,KXZEC15M-26OCT050045-45,0.0010,1.00,no
2026-10-05T04:44:01.064325Z,KXZEC15M-26OCT050045-45,0.0010,4.36,no
2026-10-05T04:44:06.155951Z,KXZEC15M-26OCT050045-45,0.0010,14.00,no
2026-10-05T04:44:07.223162Z,KXZEC15M-26OCT050045-45,0.0010,16.06,no
2026-10-05T04:44:07.223162Z,KXZEC15M-26OCT050045-45,0.0010,28.96,no
2026-10-05T04:44:08.065389Z,KXZEC15M-26OCT050045-45,0.0010,100.00,yes
2026-10-05T04:44:08.065389Z,KXZEC15M-26OCT050045-45,0.0010,1.00,yes
2026-10-05T04:44:08.065389Z,KXZEC15M-26OCT050045-45,0.0010,71.00,yes
2026-10-05T04:44:40.391456Z,KXZEC15M-26OCT050045-45,0.0010,61.01,yes
2026-10-05T04:44:40.391456Z,KXZEC15M-26OCT050045-45,0.0010,10.16,yes
2026-10-05T04:44:40.391456Z,KXZEC15M-26OCT050045-45,0.0020,610.00,yes
2026-10-05T04:44:40.391456Z,KXZEC15M-26OCT050045-45,0.0020,42.41,yes
2026-10-05T04:44:40.391456Z,KXZEC15M-26OCT050045-45,0.0020,20.00,yes
2026-10-05T04:44:40.391456Z,KXZEC15M-26OCT050045-45,0.0010,225.17,yes
2026-10-05T04:44:40.391456Z,KXZEC15M-26OCT050045-45,0.0020,55.87,yes
2026-10-05T04:44:40.391456Z,KXZEC15M-26OCT050045-45,0.0010,100.00,yes
2026-10-05T04:44:51.093281Z,KXZEC15M-26OCT050045-45,0.0010,9.20,yes
2026-10-05T04:41:10.009159Z,KXHYPE15M-26OCT050045-45,0.9690,1.00,yes
2026-10-05T04:41:10.009159Z,KXHYPE15M-26OCT050045-45,0.9700,1.00,yes
2026-10-05T04:41:10.009159Z,KXHYPE15M-26OCT050045-45,0.9560,2.00,yes
2026-10-05T04:41:10.009159Z,KXHYPE15M-26OCT050045-45,0.9570,2.00,yes
2026-10-05T04:41:10.084481Z,KXHYPE15M-26OCT050045-45,0.9600,1.00,yes
2026-10-05T04:41:10.089288Z,KXHYPE15M-26OCT050045-45,0.9600,1.00,yes
2026-10-05T04:41:10.122675Z,KXHYPE15M-26OCT050045-45,0.9540,1.00,no
2026-10-05T04:41:10.122675Z,KXHYPE15M-26OCT050045-45,0.9600,1.00,no
2026-10-05T04:41:10.364019Z,KXHYPE15M-26OCT050045-45,0.9410,11.44,no
2026-10-05T04:41:10.364019Z,KXHYPE15M-26OCT050045-45,0.9490,2.00,no
2026-10-05T04:41:10.364019Z,KXHYPE15M-26OCT050045-45,0.9470,1.00,no
2026-10-05T04:41:10.364019Z,KXHYPE15M-26OCT050045-45,0.9500,2.00,no
2026-10-05T04:41:11.562362Z,KXHYPE15M-26OCT050045-45,0.9730,2.00,yes
2026-10-05T04:41:11.562362Z,KXHYPE15M-26OCT050045-45,0.9790,15.09,yes
2026-10-05T04:41:11.562362Z,KXHYPE15M-26OCT050045-45,0.9720,2.00,yes
2026-10-05T04:41:11.562362Z,KXHYPE15M-26OCT050045-45,0.9720,1.00,yes
2026-10-05T04:41:11.562362Z,KXHYPE15M-26OCT050045-45,0.9790,1.00,yes
2026-10-05T04:41:12.250554Z,KXHYPE15M-26OCT050045-45,0.9500,1.06,no
2026-10-05T04:41:13.03556Z,KXHYPE15M-26OCT050045-45,0.9470,1.06,no
2026-10-05T04:41:13.03556Z,KXHYPE15M-26OCT050045-45,0.9500,3.94,no
2026-10-05T04:41:13.322395Z,KXHYPE15M-26OCT050045-45,0.9660,0.02,yes
2026-10-05T04:41:13.322395Z,KXHYPE15M-26OCT050045-45,0.9610,1.00,yes
2026-10-05T04:41:13.493176Z,KXHYPE15M-26OCT050045-45,0.9500,2.00,no
2026-10-05T04:41:13.493176Z,KXHYPE15M-26OCT050045-45,0.9410,0.13,no
2026-10-05T04:41:13.493176Z,KXHYPE15M-26OCT050045-45,0.9490,2.00,no
2026-10-05T04:41:14.439506Z,KXHYPE15M-26OCT050045-45,0.9630,1.03,yes
2026-10-05T04:41:16.26545Z,KXHYPE15M-26OCT050045-45,0.9510,1.02,no
2026-10-05T04:41:19.867964Z,KXHYPE15M-26OCT050045-45,0.9660,1.00,yes
2026-10-05T04:41:21.18114Z,KXHYPE15M-26OCT050045-45,0.9690,1.00,yes
2026-10-05T04:41:21.461121Z,KXHYPE15M-26OCT050045-45,0.9740,80.35,yes
2026-10-05T04:41:21.521994Z,KXHYPE15M-26OCT050045-45,0.9740,7.23,yes
2026-10-05T04:41:22.352299Z,KXHYPE15M-26OCT050045-45,0.9730,2.00,yes
2026-10-05T04:41:23.070573Z,KXHYPE15M-26OCT050045-45,0.9740,1.02,yes
2026-10-05T04:41:24.130155Z,KXHYPE15M-26OCT050045-45,0.9740,136.40,yes
2026-10-05T04:41:24.130155Z,KXHYPE15M-26OCT050045-45,0.9790,26.00,yes
2026-10-05T04:41:24.130155Z,KXHYPE15M-26OCT050045-45,0.9780,2.00,yes
2026-10-05T04:41:24.130155Z,KXHYPE15M-26OCT050045-45,0.9800,38.43,yes
2026-10-05T04:41:24.130155Z,KXHYPE15M-26OCT050045-45,0.9790,2.00,yes
2026-10-05T04:41:24.130155Z,KXHYPE15M-26OCT050045-45,0.9800,1.00,yes
2026-10-05T04:41:24.130155Z,KXHYPE15M-26OCT050045-45,0.9800,2.00,yes
2026-10-05T04:41:24.130155Z,KXHYPE15M-26OCT050045-45,0.9800,10.00,yes
2026-10-05T04:41:24.200547Z,KXHYPE15M-26OCT050045-45,0.9800,25.12,yes
2026-10-05T04:41:24.813439Z,KXHYPE15M-26OCT050045-45,0.9510,1.00,no
2026-10-05T04:41:24.813439Z,KXHYPE15M-26OCT050045-45,0.9540,1.00,no
2026-10-05T04:41:24.813439Z,KXHYPE15M-26OCT050045-45,0.9610,2.00,no
2026-10-05T04:41:24.813439Z,KXHYPE15M-26OCT050045-45,0.9620,2.00,no
2026-10-05T04:41:24.813439Z,KXHYPE15M-26OCT050045-45,0.9510,23.67,no
2026-10-05T04:41:25.266593Z,KXHYPE15M-26OCT050045-45,0.9400,1.00,no
2026-10-05T04:41:25.266593Z,KXHYPE15M-26OCT050045-45,0.9500,25.00,no
2026-10-05T04:41:25.266593Z,KXHYPE15M-26OCT050045-45,0.9400,107.93,no
2026-10-05T04:41:25.266593Z,KXHYPE15M-26OCT050045-45,0.9620,2.00,no
2026-10-05T04:41:25.266593Z,KXHYPE15M-26OCT050045-45,0.9520,25.00,no
2026-10-05T04:41:25.266593Z,KXHYPE15M-26OCT050045-45,0.9610,2.00,no
2026-10-05T04:41:25.266593Z,KXHYPE15M-26OCT050045-45,0.9510,1.00,no
2026-10-05T04:41:25.266593Z,KXHYPE15M-26OCT050045-45,0.9500,1.00,no
2026-10-05T04:41:25.266593Z,KXHYPE15M-26OCT050045-45,0.9410,1.00,no
2026-10-05T04:41:26.035101Z,KXHYPE15M-26OCT050045-45,0.9770,2.00,yes
2026-10-05T04:41:26.035101Z,KXHYPE15M-26OCT050045-45,0.9760,2.00,yes
2026-10-05T04:41:26.035101Z,KXHYPE15M-26OCT050045-45,0.9810,16.00,yes
2026-10-05T04:41:26.095808Z,KXHYPE15M-26OCT050045-45,0.9800,0.99,yes
2026-10-05T04:41:26.265884Z,KXHYPE15M-26OCT050045-45,0.9760,2.00,yes
2026-10-05T04:41:26.265884Z,KXHYPE15M-26OCT050045-45,0.9770,2.00,yes
2026-10-05T04:41:26.265884Z,KXHYPE15M-26OCT050045-45,0.9810,24.00,yes
2026-10-05T04:41:26.265884Z,KXHYPE15M-26OCT050045-45,0.9820,4.00,yes
2026-10-05T04:41:26.265884Z,KXHYPE15M-26OCT050045-45,0.9840,5.44,yes
2026-10-05T04:41:27.301094Z,KXHYPE15M-26OCT050045-45,0.9700,6.00,yes
2026-10-05T04:41:27.301488Z,KXHYPE15M-26OCT050045-45,0.9700,8.00,yes
2026-10-05T04:41:27.92026Z,KXHYPE15M-26OCT050045-45,0.9700,10.00,yes
2026-10-05T04:41:27.920689Z,KXHYPE15M-26OCT050045-45,0.9700,1.00,yes
2026-10-05T04:41:27.920689Z,KXHYPE15M-26OCT050045-45,0.9830,9.00,yes
2026-10-05T04:41:28.072579Z,KXHYPE15M-26OCT050045-45,0.9690,5.44,no
2026-10-05T04:41:28.072579Z,KXHYPE15M-26OCT050045-45,0.9690,1.00,no
2026-10-05T04:41:28.072579Z,KXHYPE15M-26OCT050045-45,0.9680,2.00,no
2026-10-05T04:41:28.179652Z,KXHYPE15M-26OCT050045-45,0.9800,11.00,yes
2026-10-05T04:41:29.386917Z,KXHYPE15M-26OCT050045-45,0.9690,40.00,no
2026-10-05T04:41:29.386917Z,KXHYPE15M-26OCT050045-45,0.9700,1.00,no
2026-10-05T04:41:30.454109Z,KXHYPE15M-26OCT050045-45,0.9630,2.00,no
2026-10-05T04:41:30.454109Z,KXHYPE15M-26OCT050045-45,0.9640,2.00,no
2026-10-05T04:41:30.454109Z,KXHYPE15M-26OCT050045-45,0.9590,0.68,no
2026-10-05T04:41:30.454109Z,KXHYPE15M-26OCT050045-45,0.9790,4.00,no
2026-10-05T04:41:30.454109Z,KXHYPE15M-26OCT050045-45,0.9790,8.00,no
2026-10-05T04:41:30.454109Z,KXHYPE15M-26OCT050045-45,0.9670,1.00,no
2026-10-05T04:41:30.890196Z,KXHYPE15M-26OCT050045-45,0.9640,1.00,no
2026-10-05T04:41:30.890196Z,KXHYPE15M-26OCT050045-45,0.9600,1.00,no
2026-10-05T04:41:31.170213Z,KXHYPE15M-26OCT050045-45,0.9800,0.50,no
2026-10-05T04:41:31.260003Z,KXHYPE15M-26OCT050045-45,0.9790,6.24,yes
2026-10-05T04:41:31.557703Z,KXHYPE15M-26OCT050045-45,0.9660,2.00,no
2026-10-05T04:41:31.557703Z,KXHYPE15M-26OCT050045-45,0.9650,1.00,no
2026-10-05T04:41:31.557703Z,KXHYPE15M-26OCT050045-45,0.9650,2.00,no
2026-10-05T04:41:31.557703Z,KXHYPE15M-26OCT050045-45,0.9610,17.88,no
2026-10-05T04:41:32.412932Z,KXHYPE15M-26OCT050045-45,0.9610,100.00,no
2026-10-05T04:41:32.412932Z,KXHYPE15M-26OCT050045-45,0.9600,1.00,no
2026-10-05T04:41:32.412932Z,KXHYPE15M-26OCT050045-45,0.9610,13.12,no
2026-10-05T04:41:32.412932Z,KXHYPE15M-26OCT050045-45,0.9400,27.96,no
2026-10-05T04:41:32.412932Z,KXHYPE15M-26OCT050045-45,0.9550,1.00,no
2026-10-05T04:41:32.412932Z,KXHYPE15M-26OCT050045-45,0.9640,2.00,no
2026-10-05T04:41:32.412932Z,KXHYPE15M-26OCT050045-45,0.9690,40.00,no
2026-10-05T04:41:32.412932Z,KXHYPE15M-26OCT050045-45,0.9410,1.00,no
2026-10-05T04:41:32.412932Z,KXHYPE15M-26OCT050045-45,0.9630,2.00,no
2026-10-05T04:41:32.412932Z,KXHYPE15M-26OCT050045-45,0.9600,10.00,no
2026-10-05T04:41:32.412932Z,KXHYPE15M-26OCT050045-45,0.9470,1.00,no
2026-10-05T04:41:32.412932Z,KXHYPE15M-26OCT050045-45,0.9520,1.00,no
2026-10-05T04:41:32.412932Z,KXHYPE15M-26OCT050045-45,0.9440,1.00,no
2026-10-05T04:41:32.882969Z,KXHYPE15M-26OCT050045-45,0.9780,1.00,yes
2026-10-05T04:41:35.429275Z,KXHYPE15M-26OCT050045-45,0.9630,2.00,no
2026-10-05T04:41:35.429275Z,KXHYPE15M-26OCT050045-45,0.9640,2.00,no
2026-10-05T04:41:35.429275Z,KXHYPE15M-26OCT050045-45,0.9620,10.00,no
2026-10-05T04:41:35.429275Z,KXHYPE15M-26OCT050045-45,0.9620,10.00,no
2026-10-05T04:41:35.429275Z,KXHYPE15M-26OCT050045-45,0.9620,1.00,no
2026-10-05T04:41:36.315632Z,KXHYPE15M-26OCT050045-45,0.9630,10.00,no
2026-10-05T04:41:36.315632Z,KXHYPE15M-26OCT050045-45,0.9630,14.56,no
2026-10-05T04:41:36.430939Z,KXHYPE15M-26OCT050045-45,0.9630,5.51,no
2026-10-05T04:41:36.857088Z,KXHYPE15M-26OCT050045-45,0.9630,4.49,no
2026-10-05T04:41:36.857088Z,KXHYPE15M-26OCT050045-45,0.9620,0.46,no
2026-10-05T04:41:36.923747Z,KXHYPE15M-26OCT050045-45,0.9620,0.46,no
2026-10-05T04:41:36.923747Z,KXHYPE15M-26OCT050045-45,0.9630,10.00,no
2026-10-05T04:41:36.923747Z,KXHYPE15M-26OCT050045-45,0.9620,2.00,no
2026-10-05T04:41:36.923747Z,KXHYPE15M-26OCT050045-45,0.9610,0.76,no
2026-10-05T04:41:36.923747Z,KXHYPE15M-26OCT050045-45,0.9610,2.00,no
2026-10-05T04:41:36.923747Z,KXHYPE15M-26OCT050045-45,0.9610,10.00,no
2026-10-05T04:41:36.923747Z,KXHYPE15M-26OCT050045-45,0.9620,23.54,no
2026-10-05T04:41:39.815297Z,KXHYPE15M-26OCT050045-45,0.9800,1.00,yes
2026-10-05T04:41:39.815297Z,KXHYPE15M-26OCT050045-45,0.9770,2.00,yes
2026-10-05T04:41:39.815297Z,KXHYPE15M-26OCT050045-45,0.9870,3.94,yes
2026-10-05T04:41:39.815297Z,KXHYPE15M-26OCT050045-45,0.9760,2.00,yes
2026-10-05T04:41:39.815297Z,KXHYPE15M-26OCT050045-45,0.9850,6.00,yes
2026-10-05T04:41:40.269328Z,KXHYPE15M-26OCT050045-45,0.9700,2.00,no
2026-10-05T04:41:40.269328Z,KXHYPE15M-26OCT050045-45,0.9700,2.68,no
2026-10-05T04:41:40.344277Z,KXHYPE15M-26OCT050045-45,0.9790,1.00,yes
2026-10-05T04:41:40.344515Z,KXHYPE15M-26OCT050045-45,0.9800,1.00,yes
2026-10-05T04:41:40.344515Z,KXHYPE15M-26OCT050045-45,0.9790,1.00,yes
2026-10-05T04:41:40.345095Z,KXHYPE15M-26OCT050045-45,0.9800,1.00,yes
2026-10-05T04:41:40.345095Z,KXHYPE15M-26OCT050045-45,0.9870,6.00,yes
2026-10-05T04:41:40.346808Z,KXHYPE15M-26OCT050045-45,0.9870,7.00,yes
2026-10-05T04:41:40.406819Z,KXHYPE15M-26OCT050045-45,0.9740,2.00,no
2026-10-05T04:41:40.406819Z,KXHYPE15M-26OCT050045-45,0.9740,1.12,no
2026-10-05T04:41:41.162682Z,KXHYPE15M-26OCT050045-45,0.9740,2.00,no
2026-10-05T04:41:41.162682Z,KXHYPE15M-26OCT050045-45,0.9750,2.00,no
2026-10-05T04:41:41.162682Z,KXHYPE15M-26OCT050045-45,0.9750,10.00,no
2026-10-05T04:41:41.162682Z,KXHYPE15M-26OCT050045-45,0.9760,10.00,no
2026-10-05T04:41:42.035532Z,KXHYPE15M-26OCT050045-45,0.9800,5.00,no
2026-10-05T04:41:42.184692Z,KXHYPE15M-26OCT050045-45,0.9790,28.00,no
2026-10-05T04:41:43.10176Z,KXHYPE15M-26OCT050045-45,0.9790,17.00,no
2026-10-05T04:41:43.10176Z,KXHYPE15M-26OCT050045-45,0.9790,10.00,no
2026-10-05T04:41:43.10176Z,KXHYPE15M-26OCT050045-45,0.9790,40.00,no
2026-10-05T04:41:43.10176Z,KXHYPE15M-26OCT050045-45,0.9790,40.00,no
2026-10-05T04:41:43.10176Z,KXHYPE15M-26OCT050045-45,0.9790,20.00,no
2026-10-05T04:41:44.02692Z,KXHYPE15M-26OCT050045-45,0.9690,11.77,no
2026-10-05T04:41:44.02692Z,KXHYPE15M-26OCT050045-45,0.9730,10.00,no
2026-10-05T04:41:44.02692Z,KXHYPE15M-26OCT050045-45,0.9710,10.00,no
2026-10-05T04:41:44.02692Z,KXHYPE15M-26OCT050045-45,0.9720,33.00,no
2026-10-05T04:41:44.795599Z,KXHYPE15M-26OCT050045-45,0.9790,2.00,yes
2026-10-05T04:41:44.795599Z,KXHYPE15M-26OCT050045-45,0.9800,2.00,yes
2026-10-05T04:41:46.532513Z,KXHYPE15M-26OCT050045-45,0.9810,4.43,no
2026-10-05T04:41:47.788751Z,KXHYPE15M-26OCT050045-45,0.9800,0.36,no
2026-10-05T04:41:48.6378Z,KXHYPE15M-26OCT050045-45,0.9800,10.64,no
2026-10-05T04:41:48.6378Z,KXHYPE15M-26OCT050045-45,0.9800,10.00,no
2026-10-05T04:41:48.6378Z,KXHYPE15M-26OCT050045-45,0.9790,40.00,no
2026-10-05T04:41:48.6378Z,KXHYPE15M-26OCT050045-45,0.9790,40.00,no
2026-10-05T04:41:48.6378Z,KXHYPE15M-26OCT050045-45,0.9790,40.00,no
2026-10-05T04:41:48.6378Z,KXHYPE15M-26OCT050045-45,0.9790,40.00,no
2026-10-05T04:41:48.6378Z,KXHYPE15M-26OCT050045-45,0.9800,30.00,no
2026-10-05T04:41:48.6378Z,KXHYPE15M-26OCT050045-45,0.9790,14.25,no
2026-10-05T04:41:51.752058Z,KXHYPE15M-26OCT050045-45,0.9880,27.00,yes
2026-10-05T04:41:51.752058Z,KXHYPE15M-26OCT050045-45,0.9870,2.00,yes
2026-10-05T04:41:51.752058Z,KXHYPE15M-26OCT050045-45,0.9860,2.00,yes
2026-10-05T04:41:51.752058Z,KXHYPE15M-26OCT050045-45,0.9870,29.00,yes
2026-10-05T04:41:52.420159Z,KXHYPE15M-26OCT050045-45,0.9820,0.52,no
2026-10-05T04:41:52.420159Z,KXHYPE15M-26OCT050045-45,0.9830,10.00,no
2026-10-05T04:41:54.07342Z,KXHYPE15M-26OCT050045-45,0.9890,2.91,yes
2026-10-05T04:41:54.07342Z,KXHYPE15M-26OCT050045-45,0.9880,10.00,yes
2026-10-05T04:41:54.07342Z,KXHYPE15M-26OCT050045-45,0.9880,34.00,yes
2026-10-05T04:41:54.510951Z,KXHYPE15M-26OCT050045-45,0.9820,2.91,no
2026-10-05T04:41:54.510951Z,KXHYPE15M-26OCT050045-45,0.9820,0.80,no
2026-10-05T04:41:54.510951Z,KXHYPE15M-26OCT050045-45,0.9820,10.00,no
2026-10-05T04:41:54.510951Z,KXHYPE15M-26OCT050045-45,0.9820,26.48,no
2026-10-05T04:41:54.510951Z,KXHYPE15M-26OCT050045-45,0.9820,100.00,no
2026-10-05T04:41:54.922829Z,KXHYPE15M-26OCT050045-45,0.9820,0.19,no
2026-10-05T04:41:54.922829Z,KXHYPE15M-26OCT050045-45,0.9830,0.19,no
2026-10-05T04:41:54.922829Z,KXHYPE15M-26OCT050045-45,0.9830,10.00,no
2026-10-05T04:41:54.922829Z,KXHYPE15M-26OCT050045-45,0.9820,10.00,no
2026-10-05T04:41:54.922829Z,KXHYPE15M-26OCT050045-45,0.9820,9.20,no
2026-10-05T04:41:56.992709Z,KXHYPE15M-26OCT050045-45,0.9820,1.00,no
2026-10-05T04:41:56.992709Z,KXHYPE15M-26OCT050045-45,0.9820,1.93,no
2026-10-05T04:41:56.992709Z,KXHYPE15M-26OCT050045-45,0.9850,0.19,no
2026-10-05T04:41:57.036078Z,KXHYPE15M-26OCT050045-45,0.9890,1.00,yes
2026-10-05T04:41:57.036078Z,KXHYPE15M-26OCT050045-45,0.9890,1.00,yes
2026-10-05T04:41:57.036078Z,KXHYPE15M-26OCT050045-45,0.9890,1.00,yes
2026-10-05T04:41:57.036078Z,KXHYPE15M-26OCT050045-45,0.9890,7.09,yes
2026-10-05T04:41:57.036078Z,KXHYPE15M-26OCT050045-45,0.9890,180.00,yes
2026-10-05T04:41:57.036078Z,KXHYPE15M-26OCT050045-45,0.9900,10.00,yes
2026-10-05T04:41:57.036078Z,KXHYPE15M-26OCT050045-45,0.9900,15.17,yes
2026-10-05T04:41:57.036078Z,KXHYPE15M-26OCT050045-45,0.9890,32.00,yes
2026-10-05T04:41:57.036078Z,KXHYPE15M-26OCT050045-45,0.9890,1.00,yes
2026-10-05T04:41:58.925185Z,KXHYPE15M-26OCT050045-45,0.9900,16.42,yes
2026-10-05T04:41:58.925185Z,KXHYPE15M-26OCT050045-45,0.9900,2.00,yes
2026-10-05T04:41:58.925185Z,KXHYPE15M-26OCT050045-45,0.9900,6.73,yes
2026-10-05T04:41:58.925185Z,KXHYPE15M-26OCT050045-45,0.9900,20.00,yes
2026-10-05T04:41:58.925185Z,KXHYPE15M-26OCT050045-45,0.9950,11.00,yes
2026-10-05T04:41:58.925185Z,KXHYPE15M-26OCT050045-45,0.9900,75.00,yes
2026-10-05T04:41:58.925185Z,KXHYPE15M-26OCT050045-45,0.9950,1.00,yes
2026-10-05T04:41:58.925185Z,KXHYPE15M-26OCT050045-45,0.9940,20.00,yes
2026-10-05T04:41:58.925185Z,KXHYPE15M-26OCT050045-45,0.9950,20.00,yes
2026-10-05T04:41:58.925185Z,KXHYPE15M-26OCT050045-45,0.9930,20.00,yes
2026-10-05T04:41:58.925185Z,KXHYPE15M-26OCT050045-45,0.9910,20.00,yes
2026-10-05T04:41:58.925185Z,KXHYPE15M-26OCT050045-45,0.9920,20.00,yes
2026-10-05T04:41:58.925185Z,KXHYPE15M-26OCT050045-45,0.9900,20.00,yes
2026-10-05T04:41:58.925185Z,KXHYPE15M-26OCT050045-45,0.9900,209.83,yes
2026-10-05T04:41:58.925185Z,KXHYPE15M-26OCT050045-45,0.9950,177.00,yes
2026-10-05T04:41:58.925185Z,KXHYPE15M-26OCT050045-45,0.9930,2.00,yes
2026-10-05T04:41:58.925185Z,KXHYPE15M-26OCT050045-45,0.9940,2.00,yes
2026-10-05T04:41:58.925185Z,KXHYPE15M-26OCT050045-45,0.9940,37.00,yes
2026-10-05T04:41:58.925185Z,KXHYPE15M-26OCT050045-45,0.9940,0.57,yes
2026-10-05T04:41:58.925185Z,KXHYPE15M-26OCT050045-45,0.9900,54.76,yes
2026-10-05T04:41:58.925185Z,KXHYPE15M-26OCT050045-45,0.9900,0.58,yes
2026-10-05T04:41:58.925185Z,KXHYPE15M-26OCT050045-45,0.9900,4.00,yes
2026-10-05T04:41:58.925185Z,KXHYPE15M-26OCT050045-45,0.9900,8.79,yes
2026-10-05T04:41:58.925185Z,KXHYPE15M-26OCT050045-45,0.9900,6.39,yes
2026-10-05T04:41:58.925185Z,KXHYPE15M-26OCT050045-45,0.9900,2.24,yes
2026-10-05T04:41:59.462851Z,KXHYPE15M-26OCT050045-45,0.9860,20.00,no
2026-10-05T04:41:59.462851Z,KXHYPE15M-26OCT050045-45,0.9860,10.00,no
2026-10-05T04:41:59.462851Z,KXHYPE15M-26OCT050045-45,0.9860,28.47,no
2026-10-05T04:41:59.973829Z,KXHYPE15M-26OCT050045-45,0.9890,20.00,no
2026-10-05T04:41:59.973829Z,KXHYPE15M-26OCT050045-45,0.9890,10.00,no
2026-10-05T04:41:59.973829Z,KXHYPE15M-26OCT050045-45,0.9890,20.00,no
2026-10-05T04:41:59.973829Z,KXHYPE15M-26OCT050045-45,0.9890,20.00,no
2026-10-05T04:42:00.170833Z,KXHYPE15M-26OCT050045-45,0.9950,27.00,yes
2026-10-05T04:42:00.170833Z,KXHYPE15M-26OCT050045-45,0.9950,10.00,yes
2026-10-05T04:42:00.170833Z,KXHYPE15M-26OCT050045-45,0.9940,10.00,yes
2026-10-05T04:42:00.796412Z,KXHYPE15M-26OCT050045-45,0.9960,1.00,yes
2026-10-05T04:42:00.796412Z,KXHYPE15M-26OCT050045-45,0.9960,1.00,yes
2026-10-05T04:42:00.796412Z,KXHYPE15M-26OCT050045-45,0.9960,1.00,yes
2026-10-05T04:42:00.796412Z,KXHYPE15M-26OCT050045-45,0.9960,1.00,yes
2026-10-05T04:42:00.796412Z,KXHYPE15M-26OCT050045-45,0.9960,1.00,yes
2026-10-05T04:42:00.796412Z,KXHYPE15M-26OCT050045-45,0.9960,13.00,yes
2026-10-05T04:42:00.796412Z,KXHYPE15M-26OCT050045-45,0.9960,20.00,yes
2026-10-05T04:42:00.796412Z,KXHYPE15M-26OCT050045-45,0.9960,22.00,yes
2026-10-05T04:42:00.796412Z,KXHYPE15M-26OCT050045-45,0.9960,2.00,yes
2026-10-05T04:42:00.856816Z,KXHYPE15M-26OCT050045-45,0.9900,0.19,no
2026-10-05T04:42:00.856816Z,KXHYPE15M-26OCT050045-45,0.9910,0.19,no
2026-10-05T04:42:00.856816Z,KXHYPE15M-26OCT050045-45,0.9900,10.00,no
2026-10-05T04:42:00.856816Z,KXHYPE15M-26OCT050045-45,0.9940,20.00,no
2026-10-05T04:42:00.856816Z,KXHYPE15M-26OCT050045-45,0.9930,20.00,no
2026-10-05T04:42:00.856816Z,KXHYPE15M-26OCT050045-45,0.9890,9.78,no
2026-10-05T04:42:00.856816Z,KXHYPE15M-26OCT050045-45,0.9920,20.00,no
2026-10-05T04:42:00.856816Z,KXHYPE15M-26OCT050045-45,0.9890,0.19,no
2026-10-05T04:42:01.101148Z,KXHYPE15M-26OCT050045-45,0.9890,0.22,no
2026-10-05T04:42:01.101148Z,KXHYPE15M-26OCT050045-45,0.9890,10.00,no
2026-10-05T04:42:02.443298Z,KXHYPE15M-26OCT050045-45,0.9890,9.78,yes
2026-10-05T04:42:03.038956Z,KXHYPE15M-26OCT050045-45,0.9950,10.00,yes
2026-10-05T04:42:03.316019Z,KXHYPE15M-26OCT050045-45,0.9960,22.00,yes
2026-10-05T04:42:03.316019Z,KXHYPE15M-26OCT050045-45,0.9960,10.00,yes
2026-10-05T04:42:03.316019Z,KXHYPE15M-26OCT050045-45,0.9960,3.00,yes
2026-10-05T04:42:04.479147Z,KXHYPE15M-26OCT050045-45,0.9970,10.06,yes
2026-10-05T04:42:04.49099Z,KXHYPE15M-26OCT050045-45,0.9950,2.00,no
2026-10-05T04:42:04.49099Z,KXHYPE15M-26OCT050045-45,0.9900,0.19,no
2026-10-05T04:42:04.49099Z,KXHYPE15M-26OCT050045-45,0.9890,0.23,no
2026-10-05T04:42:04.49099Z,KXHYPE15M-26OCT050045-45,0.9910,0.19,no
2026-10-05T04:42:04.49099Z,KXHYPE15M-26OCT050045-45,0.9870,44.00,no
2026-10-05T04:42:04.49099Z,KXHYPE15M-26OCT050045-45,0.9900,10.00,no
2026-10-05T04:42:04.49099Z,KXHYPE15M-26OCT050045-45,0.9910,10.00,no
2026-10-05T04:42:04.49099Z,KXHYPE15M-26OCT050045-45,0.9870,5.00,no
2026-10-05T04:42:04.49099Z,KXHYPE15M-26OCT050045-45,0.9880,4.00,no
2026-10-05T04:42:04.49099Z,KXHYPE15M-26OCT050045-45,0.9850,0.19,no
2026-10-05T04:42:04.49099Z,KXHYPE15M-26OCT050045-45,0.9860,148.53,no
2026-10-05T04:42:04.49099Z,KXHYPE15M-26OCT050045-45,0.9880,0.21,no
2026-10-05T04:42:04.49099Z,KXHYPE15M-26OCT050045-45,0.9900,17.09,no
2026-10-05T04:42:04.49099Z,KXHYPE15M-26OCT050045-45,0.9860,0.19,no
2026-10-05T04:42:04.49099Z,KXHYPE15M-26OCT050045-45,0.9870,0.19,no
2026-10-05T04:42:04.49099Z,KXHYPE15M-26OCT050045-45,0.9840,94.03,no
2026-10-05T04:42:05.79686Z,KXHYPE15M-26OCT050045-45,0.9960,19.00,yes
2026-10-05T04:42:05.79686Z,KXHYPE15M-26OCT050045-45,0.9950,10.00,yes
2026-10-05T04:42:06.935894Z,KXHYPE15M-26OCT050045-45,0.9960,5.01,yes
2026-10-05T04:42:08.36376Z,KXHYPE15M-26OCT050045-45,0.9960,5.01,yes
2026-10-05T04:42:08.36376Z,KXHYPE15M-26OCT050045-45,0.9960,5.00,yes
2026-10-05T04:42:08.36376Z,KXHYPE15M-26OCT050045-45,0.9960,19.00,yes
2026-10-05T04:42:08.36376Z,KXHYPE15M-26OCT050045-45,0.9960,4.00,yes
2026-10-05T04:42:08.36376Z,KXHYPE15M-26OCT050045-45,0.9960,4.99,yes
2026-10-05T04:42:09.636871Z,KXHYPE15M-26OCT050045-45,0.9950,916.19,no
2026-10-05T04:42:10.006613Z,KXHYPE15M-26OCT050045-45,0.9950,186.67,no
2026-10-05T04:42:11.794904Z,KXHYPE15M-26OCT050045-45,0.9970,2.00,yes
2026-10-05T04:42:11.794904Z,KXHYPE15M-26OCT050045-45,0.9970,2.00,yes
2026-10-05T04:42:11.794904Z,KXHYPE15M-26OCT050045-45,0.9970,2.00,yes
2026-10-05T04:42:11.794904Z,KXHYPE15M-26OCT050045-45,0.9970,2.00,yes
2026-10-05T04:42:11.794904Z,KXHYPE15M-26OCT050045-45,0.9970,2.00,yes
2026-10-05T04:42:11.794904Z,KXHYPE15M-26OCT050045-45,0.9970,18.00,yes
2026-10-05T04:42:11.794904Z,KXHYPE15M-26OCT050045-45,0.9970,9.94,yes
2026-10-05T04:42:11.794904Z,KXHYPE15M-26OCT050045-45,0.9970,250.00,yes
2026-10-05T04:42:11.794904Z,KXHYPE15M-26OCT050045-45,0.9970,0.06,yes
2026-10-05T04:42:12.770264Z,KXHYPE15M-26OCT050045-45,0.9970,30.53,no
2026-10-05T04:42:12.896664Z,KXHYPE15M-26OCT050045-45,0.9970,30.53,no
2026-10-05T04:42:13.422683Z,KXHYPE15M-26OCT050045-45,0.9980,5.00,yes
2026-10-05T04:42:13.443526Z,KXHYPE15M-26OCT050045-45,0.9980,20.00,yes
2026-10-05T04:42:13.443526Z,KXHYPE15M-26OCT050045-45,0.9980,88.00,yes
2026-10-05T04:42:13.443526Z,KXHYPE15M-26OCT050045-45,0.9980,195.00,yes
2026-10-05T04:42:13.44797Z,KXHYPE15M-26OCT050045-45,0.9970,29.91,no
2026-10-05T04:42:13.987549Z,KXHYPE15M-26OCT050045-45,0.9970,6.03,no
2026-10-05T04:42:13.987549Z,KXHYPE15M-26OCT050045-45,0.9970,0.19,no
2026-10-05T04:42:13.987549Z,KXHYPE15M-26OCT050045-45,0.9970,4.02,no
2026-10-05T04:42:14.494563Z,KXHYPE15M-26OCT050045-45,0.9970,12.04,no
2026-10-05T04:42:15.83486Z,KXHYPE15M-26OCT050045-45,0.9960,250.00,no
2026-10-05T04:42:15.83486Z,KXHYPE15M-26OCT050045-45,0.9960,9.94,no
2026-10-05T04:42:15.83486Z,KXHYPE15M-26OCT050045-45,0.9960,10.06,no
2026-10-05T04:42:15.83486Z,KXHYPE15M-26OCT050045-45,0.9960,0.19,no
2026-10-05T04:42:15.83486Z,KXHYPE15M-26OCT050045-45,0.9970,0.19,no
2026-10-05T04:42:15.83486Z,KXHYPE15M-26OCT050045-45,0.9950,55.50,no
2026-10-05T04:42:15.83486Z,KXHYPE15M-26OCT050045-45,0.9970,20.00,no
2026-10-05T04:42:15.83486Z,KXHYPE15M-26OCT050045-45,0.9970,88.00,no
2026-10-05T04:42:15.83486Z,KXHYPE15M-26OCT050045-45,0.9970,58.94,no
2026-10-05T04:42:15.83486Z,KXHYPE15M-26OCT050045-45,0.9950,0.19,no
2026-10-05T04:42:17.285899Z,KXHYPE15M-26OCT050045-45,0.9940,0.19,no
2026-10-05T04:42:17.285899Z,KXHYPE15M-26OCT050045-45,0.9940,18.50,no
2026-10-05T04:42:17.285899Z,KXHYPE15M-26OCT050045-45,0.9960,0.31,no
2026-10-05T04:42:17.285899Z,KXHYPE15M-26OCT050045-45,0.9950,0.34,no
2026-10-05T04:42:17.285899Z,KXHYPE15M-26OCT050045-45,0.9950,10.00,no
2026-10-05T04:42:17.285899Z,KXHYPE15M-26OCT050045-45,0.9960,10.00,no
2026-10-05T04:42:17.285899Z,KXHYPE15M-26OCT050045-45,0.9950,144.50,no
2026-10-05T04:42:18.260145Z,KXHYPE15M-26OCT050045-45,0.9840,25.75,no
2026-10-05T04:42:18.260145Z,KXHYPE15M-26OCT050045-45,0.9860,0.40,no
2026-10-05T04:42:18.260145Z,KXHYPE15M-26OCT050045-45,0.9850,0.44,no
2026-10-05T04:42:18.260145Z,KXHYPE15M-26OCT050045-45,0.9870,0.36,no
2026-10-05T04:42:18.260145Z,KXHYPE15M-26OCT050045-45,0.9880,0.33,no
2026-10-05T04:42:18.260145Z,KXHYPE15M-26OCT050045-45,0.9890,0.30,no
2026-10-05T04:42:18.260145Z,KXHYPE15M-26OCT050045-45,0.9900,0.27,no
2026-10-05T04:42:18.260145Z,KXHYPE15M-26OCT050045-45,0.9930,0.19,no
2026-10-05T04:42:18.260145Z,KXHYPE15M-26OCT050045-45,0.9920,0.21,no
2026-10-05T04:42:18.260145Z,KXHYPE15M-26OCT050045-45,0.9910,0.25,no
2026-10-05T04:42:18.260145Z,KXHYPE15M-26OCT050045-45,0.9900,0.10,no
2026-10-05T04:42:18.260145Z,KXHYPE15M-26OCT050045-45,0.9860,10.00,no
2026-10-05T04:42:18.260145Z,KXHYPE15M-26OCT050045-45,0.9900,1.00,no
2026-10-05T04:42:18.260145Z,KXHYPE15M-26OCT050045-45,0.9910,68.00,no
2026-10-05T04:42:18.260145Z,KXHYPE15M-26OCT050045-45,0.9900,4.00,no
2026-10-05T04:42:18.260145Z,KXHYPE15M-26OCT050045-45,0.9930,45.00,no
2026-10-05T04:42:18.260145Z,KXHYPE15M-26OCT050045-45,0.9960,2.00,no
2026-10-05T04:42:18.260145Z,KXHYPE15M-26OCT050045-45,0.9950,2.00,no
2026-10-05T04:42:18.260145Z,KXHYPE15M-26OCT050045-45,0.9940,0.34,no
2026-10-05T04:42:18.260145Z,KXHYPE15M-26OCT050045-45,0.9950,0.31,no
2026-10-05T04:42:18.260145Z,KXHYPE15M-26OCT050045-45,0.9900,300.00,no
2026-10-05T04:42:18.378344Z,KXHYPE15M-26OCT050045-45,0.9890,25.75,yes
2026-10-05T04:42:18.496533Z,KXHYPE15M-26OCT050045-45,0.9900,9.82,no
2026-10-05T04:42:18.496533Z,KXHYPE15M-26OCT050045-45,0.9940,100.00,no
2026-10-05T04:42:18.496533Z,KXHYPE15M-26OCT050045-45,0.9930,2.00,no
2026-10-05T04:42:18.496533Z,KXHYPE15M-26OCT050045-45,0.9920,2.00,no
2026-10-05T04:42:19.142043Z,KXHYPE15M-26OCT050045-45,0.9980,0.10,yes
2026-10-05T04:42:21.293393Z,KXHYPE15M-26OCT050045-45,0.9960,0.31,no
2026-10-05T04:42:21.293393Z,KXHYPE15M-26OCT050045-45,0.9930,54.77,no
2026-10-05T04:42:21.293393Z,KXHYPE15M-26OCT050045-45,0.9960,0.10,no
2026-10-05T04:42:21.293393Z,KXHYPE15M-26OCT050045-45,0.9940,10.00,no
2026-10-05T04:42:21.293393Z,KXHYPE15M-26OCT050045-45,0.9950,0.34,no
2026-10-05T04:42:21.293393Z,KXHYPE15M-26OCT050045-45,0.9940,0.38,no
2026-10-05T04:42:21.682756Z,KXHYPE15M-26OCT050045-45,0.9950,0.31,no
2026-10-05T04:42:21.682756Z,KXHYPE15M-26OCT050045-45,0.9940,0.34,no
2026-10-05T04:42:21.682756Z,KXHYPE15M-26OCT050045-45,0.9950,10.00,no
2026-10-05T04:42:21.682756Z,KXHYPE15M-26OCT050045-45,0.9930,1.82,no
2026-10-05T04:42:25.364284Z,KXHYPE15M-26OCT050045-45,0.9960,4.00,yes
2026-10-05T04:42:25.364284Z,KXHYPE15M-26OCT050045-45,0.9970,28.00,yes
2026-10-05T04:42:26.732207Z,KXHYPE15M-26OCT050045-45,0.9980,1.00,yes
2026-10-05T04:42:33.549195Z,KXHYPE15M-26OCT050045-45,0.9950,0.18,no
2026-10-05T04:42:33.549195Z,KXHYPE15M-26OCT050045-45,0.9960,0.34,no
2026-10-05T04:42:33.549195Z,KXHYPE15M-26OCT050045-45,0.9970,0.31,no
2026-10-05T04:42:33.549195Z,KXHYPE15M-26OCT050045-45,0.9960,2.00,no
2026-10-05T04:42:33.549195Z,KXHYPE15M-26OCT050045-45,0.9950,0.31,no
2026-10-05T04:42:34.681423Z,KXHYPE15M-26OCT050045-45,0.9950,0.31,no
2026-10-05T04:42:34.681423Z,KXHYPE15M-26OCT050045-45,0.9960,2.00,no
2026-10-05T04:42:34.681423Z,KXHYPE15M-26OCT050045-45,0.9970,2.00,no
2026-10-05T04:42:34.681423Z,KXHYPE15M-26OCT050045-45,0.9950,0.80,no
2026-10-05T04:42:36.769364Z,KXHYPE15M-26OCT050045-45,0.9980,5.55,yes
2026-10-05T04:42:39.192393Z,KXHYPE15M-26OCT050045-45,0.9960,0.09,no
2026-10-05T04:42:41.732622Z,KXHYPE15M-26OCT050045-45,0.9880,50.00,no
2026-10-05T04:42:41.732622Z,KXHYPE15M-26OCT050045-45,0.9970,2.00,no
2026-10-05T04:42:41.732622Z,KXHYPE15M-26OCT050045-45,0.9960,2.00,no
2026-10-05T04:42:41.732622Z,KXHYPE15M-26OCT050045-45,0.9930,10.00,no
2026-10-05T04:42:41.732622Z,KXHYPE15M-26OCT050045-45,0.9950,5.55,no
2026-10-05T04:42:41.732622Z,KXHYPE15M-26OCT050045-45,0.9950,10.00,no
2026-10-05T04:42:41.732622Z,KXHYPE15M-26OCT050045-45,0.9900,80.00,no
2026-10-05T04:42:41.732622Z,KXHYPE15M-26OCT050045-45,0.9880,10.00,no
2026-10-05T04:42:41.732622Z,KXHYPE15M-26OCT050045-45,0.9930,70.00,no
2026-10-05T04:42:41.732622Z,KXHYPE15M-26OCT050045-45,0.9900,4.00,no
2026-10-05T04:42:41.732622Z,KXHYPE15M-26OCT050045-45,0.9940,1.00,no
2026-10-05T04:42:41.732622Z,KXHYPE15M-26OCT050045-45,0.9800,7.19,no
2026-10-05T04:42:41.732622Z,KXHYPE15M-26OCT050045-45,0.9840,25.75,no
2026-10-05T04:42:41.732622Z,KXHYPE15M-26OCT050045-45,0.9920,100.00,no
2026-10-05T04:42:41.732622Z,KXHYPE15M-26OCT050045-45,0.9800,1.00,no
2026-10-05T04:42:41.732622Z,KXHYPE15M-26OCT050045-45,0.9860,0.79,no
2026-10-05T04:42:41.732622Z,KXHYPE15M-26OCT050045-45,0.9850,0.87,no
2026-10-05T04:42:41.732622Z,KXHYPE15M-26OCT050045-45,0.9880,0.66,no
2026-10-05T04:42:41.732622Z,KXHYPE15M-26OCT050045-45,0.9870,0.72,no
2026-10-05T04:42:41.732622Z,KXHYPE15M-26OCT050045-45,0.9820,0.19,no
2026-10-05T04:42:41.732622Z,KXHYPE15M-26OCT050045-45,0.9840,60.22,no
2026-10-05T04:42:41.732622Z,KXHYPE15M-26OCT050045-45,0.9830,0.21,no
2026-10-05T04:42:41.732622Z,KXHYPE15M-26OCT050045-45,0.9840,0.19,no
2026-10-05T04:42:41.732622Z,KXHYPE15M-26OCT050045-45,0.9800,0.23,no
2026-10-05T04:42:41.732622Z,KXHYPE15M-26OCT050045-45,0.9810,0.21,no
2026-10-05T04:42:42.158014Z,KXHYPE15M-26OCT050045-45,0.9900,21.09,no
2026-10-05T04:42:42.887446Z,KXHYPE15M-26OCT050045-45,0.9920,2.00,no
2026-10-05T04:42:42.887446Z,KXHYPE15M-26OCT050045-45,0.9910,91.51,no
2026-10-05T04:42:44.961086Z,KXHYPE15M-26OCT050045-45,0.9980,263.00,yes
2026-10-05T04:42:44.961086Z,KXHYPE15M-26OCT050045-45,0.9960,4.00,yes
2026-10-05T04:42:44.961086Z,KXHYPE15M-26OCT050045-45,0.9970,33.00,yes
2026-10-05T04:42:46.944499Z,KXHYPE15M-26OCT050045-45,0.9910,16.71,no
2026-10-05T04:42:46.944499Z,KXHYPE15M-26OCT050045-45,0.9920,2.00,no
2026-10-05T04:42:46.944499Z,KXHYPE15M-26OCT050045-45,0.9930,2.00,no
2026-10-05T04:42:49.217803Z,KXHYPE15M-26OCT050045-45,0.9970,187.03,no
2026-10-05T04:42:49.499759Z,KXHYPE15M-26OCT050045-45,0.9980,4.95,yes
2026-10-05T04:42:49.709886Z,KXHYPE15M-26OCT050045-45,0.9980,137.40,yes
2026-10-05T04:42:49.709886Z,KXHYPE15M-26OCT050045-45,0.9980,3.00,yes
2026-10-05T04:42:49.709886Z,KXHYPE15M-26OCT050045-45,0.9980,3.00,yes
2026-10-05T04:42:49.709886Z,KXHYPE15M-26OCT050045-45,0.9980,3.00,yes
2026-10-05T04:42:49.709886Z,KXHYPE15M-26OCT050045-45,0.9980,3.00,yes
2026-10-05T04:42:49.709886Z,KXHYPE15M-26OCT050045-45,0.9980,3.00,yes
2026-10-05T04:42:49.709886Z,KXHYPE15M-26OCT050045-45,0.9980,26.00,yes
2026-10-05T04:42:49.709886Z,KXHYPE15M-26OCT050045-45,0.9980,50.00,yes
2026-10-05T04:42:49.709886Z,KXHYPE15M-26OCT050045-45,0.9980,1.00,yes
2026-10-05T04:42:49.709886Z,KXHYPE15M-26OCT050045-45,0.9980,642.60,yes
2026-10-05T04:42:49.709886Z,KXHYPE15M-26OCT050045-45,0.9980,100.00,yes
2026-10-05T04:42:49.709886Z,KXHYPE15M-26OCT050045-45,0.9980,200.00,yes
2026-10-05T04:42:56.27258Z,KXHYPE15M-26OCT050045-45,0.9970,64.26,no
2026-10-05T04:42:56.27258Z,KXHYPE15M-26OCT050045-45,0.9970,4.95,no
2026-10-05T04:42:56.27258Z,KXHYPE15M-26OCT050045-45,0.9970,81.52,no
2026-10-05T04:42:56.27258Z,KXHYPE15M-26OCT050045-45,0.9970,64.26,no
2026-10-05T04:42:59.433161Z,KXHYPE15M-26OCT050045-45,0.9970,5.01,no
2026-10-05T04:42:59.83532Z,KXHYPE15M-26OCT050045-45,0.9980,109.00,yes
2026-10-05T04:42:59.83532Z,KXHYPE15M-26OCT050045-45,0.9980,100.00,yes
2026-10-05T04:42:59.959502Z,KXHYPE15M-26OCT050045-45,0.9980,300.00,yes
2026-10-05T04:43:00.219872Z,KXHYPE15M-26OCT050045-45,0.9980,1.00,yes
2026-10-05T04:43:01.702557Z,KXHYPE15M-26OCT050045-45,0.9980,5.00,yes
2026-10-05T04:43:08.707431Z,KXHYPE15M-26OCT050045-45,0.9980,85.00,yes
2026-10-05T04:43:08.707431Z,KXHYPE15M-26OCT050045-45,0.9980,315.00,yes
2026-10-05T04:43:22.189305Z,KXHYPE15M-26OCT050045-45,0.9970,29.91,no
2026-10-05T04:43:22.420226Z,KXHYPE15M-26OCT050045-45,0.9980,15.02,yes
2026-10-05T04:43:23.942239Z,KXHYPE15M-26OCT050045-45,0.9980,91.41,yes
2026-10-05T04:43:27.110472Z,KXHYPE15M-26OCT050045-45,0.9980,200.00,yes
2026-10-05T04:43:29.528228Z,KXHYPE15M-26OCT050045-45,0.9970,49.86,no
2026-10-05T04:43:30.035075Z,KXHYPE15M-26OCT050045-45,0.9990,2500.00,yes
2026-10-05T04:43:30.035075Z,KXHYPE15M-26OCT050045-45,0.9990,20.00,yes
2026-10-05T04:43:30.035075Z,KXHYPE15M-26OCT050045-45,0.9990,1.00,yes
2026-10-05T04:43:30.035075Z,KXHYPE15M-26OCT050045-45,0.9990,300.00,yes
2026-10-05T04:43:30.035075Z,KXHYPE15M-26OCT050045-45,0.9990,500.00,yes
2026-10-05T04:43:30.035075Z,KXHYPE15M-26OCT050045-45,0.9990,1.00,yes
2026-10-05T04:43:30.035075Z,KXHYPE15M-26OCT050045-45,0.9990,1.00,yes
2026-10-05T04:43:30.035075Z,KXHYPE15M-26OCT050045-45,0.9980,500.00,yes
2026-10-05T04:43:30.035075Z,KXHYPE15M-26OCT050045-45,0.9980,100.00,yes
2026-10-05T04:43:31.055496Z,KXHYPE15M-26OCT050045-45,0.9990,36.70,no
2026-10-05T04:43:33.236115Z,KXHYPE15M-26OCT050045-45,0.9990,6.18,no
2026-10-05T04:43:36.257655Z,KXHYPE15M-26OCT050045-45,0.9990,91.62,no
2026-10-05T04:43:36.911604Z,KXHYPE15M-26OCT050045-45,0.9990,24.62,no
2026-10-05T04:43:36.911604Z,KXHYPE15M-26OCT050045-45,0.9990,2.90,no
2026-10-05T04:43:40.053738Z,KXHYPE15M-26OCT050045-45,0.9990,1.00,no
2026-10-05T04:43:40.053738Z,KXHYPE15M-26OCT050045-45,0.9990,75.38,no
2026-10-05T04:43:40.053738Z,KXHYPE15M-26OCT050045-45,0.9990,15.24,no
2026-10-05T04:43:41.169599Z,KXHYPE15M-26OCT050045-45,0.9990,2.23,no
2026-10-05T04:43:41.169599Z,KXHYPE15M-26OCT050045-45,0.9990,5.00,no
2026-10-05T04:43:41.169599Z,KXHYPE15M-26OCT050045-45,0.9990,908.76,no
2026-10-05T04:43:44.179622Z,KXHYPE15M-26OCT050045-45,0.9990,1.00,no
2026-10-05T04:43:53.124431Z,KXHYPE15M-26OCT050045-45,0.9990,0.10,no
2026-10-05T04:43:56.161431Z,KXHYPE15M-26OCT050045-45,0.9990,85.00,no
2026-10-05T04:43:56.161431Z,KXHYPE15M-26OCT050045-45,0.9990,296.67,no
2026-10-05T04:43:56.161431Z,KXHYPE15M-26OCT050045-45,0.9990,109.00,no
2026-10-05T04:43:56.161431Z,KXHYPE15M-26OCT050045-45,0.9990,178.22,no
2026-10-05T04:43:56.161431Z,KXHYPE15M-26OCT050045-45,0.9990,500.00,no
2026-10-05T04:43:56.161431Z,KXHYPE15M-26OCT050045-45,0.9990,1053.99,no
2026-10-05T04:43:56.161431Z,KXHYPE15M-26OCT050045-45,0.9990,2060.27,no
2026-10-05T04:43:56.161431Z,KXHYPE15M-26OCT050045-45,0.9990,272.00,no
2026-10-05T04:43:56.161431Z,KXHYPE15M-26OCT050045-45,0.9990,24.62,no
2026-10-05T04:43:57.983067Z,KXHYPE15M-26OCT050045-45,0.9990,1.00,no
2026-10-05T04:43:57.983067Z,KXHYPE15M-26OCT050045-45,0.9990,100.00,no
2026-10-05T04:43:57.983067Z,KXHYPE15M-26OCT050045-45,0.9980,20.00,no
2026-10-05T04:43:57.983067Z,KXHYPE15M-26OCT050045-45,0.9980,500.00,no
2026-10-05T04:43:57.983067Z,KXHYPE15M-26OCT050045-45,0.9990,439.73,no
2026-10-05T04:43:57.983067Z,KXHYPE15M-26OCT050045-45,0.9980,143.64,no
2026-10-05T04:43:58.883665Z,KXHYPE15M-26OCT050045-45,0.9990,200.00,yes
2026-10-05T04:43:59.424895Z,KXHYPE15M-26OCT050045-45,0.9980,1.17,no
2026-10-05T04:43:59.659717Z,KXHYPE15M-26OCT050045-45,0.9990,43.87,yes
2026-10-05T04:43:59.965367Z,KXHYPE15M-26OCT050045-45,0.9990,36.00,yes
2026-10-05T04:44:00.093421Z,KXHYPE15M-26OCT050045-45,0.9990,5.00,yes
2026-10-05T04:44:00.459106Z,KXHYPE15M-26OCT050045-45,0.9990,1.00,yes
2026-10-05T04:44:01.046631Z,KXHYPE15M-26OCT050045-45,0.9990,214.13,yes
2026-10-05T04:44:01.046631Z,KXHYPE15M-26OCT050045-45,0.9990,199.87,yes
2026-10-05T04:44:03.614088Z,KXHYPE15M-26OCT050045-45,0.9990,300.00,no
2026-10-05T04:44:03.614088Z,KXHYPE15M-26OCT050045-45,0.9990,100.00,no
2026-10-05T04:44:03.614088Z,KXHYPE15M-26OCT050045-45,0.9980,172.94,no
2026-10-05T04:44:04.925235Z,KXHYPE15M-26OCT050045-45,0.9980,5.75,no
2026-10-05T04:44:05.44745Z,KXHYPE15M-26OCT050045-45,0.9990,100.00,no
2026-10-05T04:44:05.44745Z,KXHYPE15M-26OCT050045-45,0.9990,71.00,no
2026-10-05T04:44:05.44745Z,KXHYPE15M-26OCT050045-45,0.9980,296.36,no
2026-10-05T04:44:06.083314Z,KXHYPE15M-26OCT050045-45,0.9980,261.14,no
2026-10-05T04:44:06.083314Z,KXHYPE15M-26OCT050045-45,0.9980,187.52,no
2026-10-05T04:44:09.214347Z,KXHYPE15M-26OCT050045-45,0.9980,214.13,no
2026-10-05T04:44:09.214347Z,KXHYPE15M-26OCT050045-45,0.9980,43.87,no
2026-10-05T04:44:09.214347Z,KXHYPE15M-26OCT050045-45,0.9980,36.00,no
2026-10-05T04:44:09.214347Z,KXHYPE15M-26OCT050045-45,0.9980,5.00,no
2026-10-05T04:44:09.214347Z,KXHYPE15M-26OCT050045-45,0.9980,1.00,no
2026-10-05T04:44:09.214347Z,KXHYPE15M-26OCT050045-45,0.9980,0.92,no
2026-10-05T04:44:09.214347Z,KXHYPE15M-26OCT050045-45,0.9980,200.00,no
2026-10-05T04:44:09.214347Z,KXHYPE15M-26OCT050045-45,0.9960,71.00,no
2026-10-05T04:44:09.214347Z,KXHYPE15M-26OCT050045-45,0.9980,71.00,no
2026-10-05T04:44:09.214347Z,KXHYPE15M-26OCT050045-45,0.9960,10.11,no
2026-10-05T04:44:09.214347Z,KXHYPE15M-26OCT050045-45,0.9980,192.48,no
2026-10-05T04:44:09.214347Z,KXHYPE15M-26OCT050045-45,0.9960,0.68,no
2026-10-05T04:44:09.214347Z,KXHYPE15M-26OCT050045-45,0.9970,0.62,no
2026-10-05T04:44:12.473088Z,KXHYPE15M-26OCT050045-45,0.9990,224.34,no
2026-10-05T04:44:13.92527Z,KXHYPE15M-26OCT050045-45,0.9990,15.02,no
2026-10-05T04:44:16.2298Z,KXHYPE15M-26OCT050045-45,0.9990,174.03,no
2026-10-05T04:44:18.152178Z,KXHYPE15M-26OCT050045-45,0.9990,915.99,no
2026-10-05T04:44:21.980661Z,KXHYPE15M-26OCT050045-45,0.9990,36.00,no
2026-10-05T04:44:54.545771Z,KXHYPE15M-26OCT050045-45,0.9990,91.62,no
2026-10-05T04:41:41.656195Z,KXSILVER15M-26OCT050045-45,0.9770,147.94,yes
2026-10-05T04:41:42.560752Z,KXSILVER15M-26OCT050045-45,0.9770,25.14,yes
2026-10-05T04:41:42.603882Z,KXSILVER15M-26OCT050045-45,0.9760,127.00,no
2026-10-05T04:41:42.603882Z,KXSILVER15M-26OCT050045-45,0.9760,10.00,no
2026-10-05T04:41:45.305848Z,KXSILVER15M-26OCT050045-45,0.9770,17.00,yes
2026-10-05T04:41:50.986819Z,KXSILVER15M-26OCT050045-45,0.9760,19.50,no
2026-10-05T04:41:52.06478Z,KXSILVER15M-26OCT050045-45,0.9800,1.00,yes
2026-10-05T04:41:52.06478Z,KXSILVER15M-26OCT050045-45,0.9780,1.00,yes
2026-10-05T04:41:52.06478Z,KXSILVER15M-26OCT050045-45,0.9800,169.34,yes
2026-10-05T04:41:52.06478Z,KXSILVER15M-26OCT050045-45,0.9770,0.64,yes
2026-10-05T04:41:52.06478Z,KXSILVER15M-26OCT050045-45,0.9800,1.00,yes
2026-10-05T04:41:52.134873Z,KXSILVER15M-26OCT050045-45,0.9770,40.00,yes
2026-10-05T04:41:52.430903Z,KXSILVER15M-26OCT050045-45,0.9770,249.18,yes
2026-10-05T04:41:54.888134Z,KXSILVER15M-26OCT050045-45,0.9770,316.31,yes
2026-10-05T04:41:58.861734Z,KXSILVER15M-26OCT050045-45,0.9770,94.51,yes
2026-10-05T04:41:59.006794Z,KXSILVER15M-26OCT050045-45,0.9860,9.75,no
2026-10-05T04:41:59.314069Z,KXSILVER15M-26OCT050045-45,0.9850,137.00,no
2026-10-05T04:41:59.923686Z,KXSILVER15M-26OCT050045-45,0.9890,119.00,yes
2026-10-05T04:41:59.923686Z,KXSILVER15M-26OCT050045-45,0.9890,100.00,yes
2026-10-05T04:41:59.923686Z,KXSILVER15M-26OCT050045-45,0.9890,2.00,yes
2026-10-05T04:41:59.923686Z,KXSILVER15M-26OCT050045-45,0.9890,10.00,yes
2026-10-05T04:41:59.923686Z,KXSILVER15M-26OCT050045-45,0.9890,2.00,yes
2026-10-05T04:41:59.923686Z,KXSILVER15M-26OCT050045-45,0.9890,20.00,yes
2026-10-05T04:41:59.923686Z,KXSILVER15M-26OCT050045-45,0.9890,1.00,yes
2026-10-05T04:41:59.923686Z,KXSILVER15M-26OCT050045-45,0.9890,55.00,yes
2026-10-05T04:41:59.923686Z,KXSILVER15M-26OCT050045-45,0.9880,10.00,yes
2026-10-05T04:41:59.923686Z,KXSILVER15M-26OCT050045-45,0.9880,350.00,yes
2026-10-05T04:41:59.932667Z,KXSILVER15M-26OCT050045-45,0.9850,55.00,yes
2026-10-05T04:41:59.940924Z,KXSILVER15M-26OCT050045-45,0.9850,119.00,yes
2026-10-05T04:42:01.404023Z,KXSILVER15M-26OCT050045-45,0.9840,29.23,no
2026-10-05T04:42:04.509814Z,KXSILVER15M-26OCT050045-45,0.9850,81.00,yes
2026-10-05T04:42:05.705141Z,KXSILVER15M-26OCT050045-45,0.9840,116.94,no
2026-10-05T04:42:10.765062Z,KXSILVER15M-26OCT050045-45,0.9840,58.47,no
2026-10-05T04:42:11.582727Z,KXSILVER15M-26OCT050045-45,0.9840,77.52,no
2026-10-05T04:42:12.665255Z,KXSILVER15M-26OCT050045-45,0.9820,5.19,no
2026-10-05T04:42:13.360982Z,KXSILVER15M-26OCT050045-45,0.9820,51.98,no
2026-10-05T04:42:13.811781Z,KXSILVER15M-26OCT050045-45,0.9850,1.00,yes
2026-10-05T04:42:14.211216Z,KXSILVER15M-26OCT050045-45,0.9820,18.00,no
2026-10-05T04:42:14.211216Z,KXSILVER15M-26OCT050045-45,0.9820,9.00,no
2026-10-05T04:42:14.211216Z,KXSILVER15M-26OCT050045-45,0.9810,23.64,no
2026-10-05T04:42:16.426523Z,KXSILVER15M-26OCT050045-45,0.9850,22.00,yes
2026-10-05T04:42:17.181818Z,KXSILVER15M-26OCT050045-45,0.9840,28.75,no
2026-10-05T04:42:22.109061Z,KXSILVER15M-26OCT050045-45,0.9850,380.31,yes
2026-10-05T04:42:23.056573Z,KXSILVER15M-26OCT050045-45,0.9900,3.98,yes
2026-10-05T04:42:23.056573Z,KXSILVER15M-26OCT050045-45,0.9900,2.00,yes
2026-10-05T04:42:23.056573Z,KXSILVER15M-26OCT050045-45,0.9900,6.63,yes
2026-10-05T04:42:23.056573Z,KXSILVER15M-26OCT050045-45,0.9900,100.00,yes
2026-10-05T04:42:23.056573Z,KXSILVER15M-26OCT050045-45,0.9890,222.00,yes
2026-10-05T04:42:23.056573Z,KXSILVER15M-26OCT050045-45,0.9900,200.00,yes
2026-10-05T04:42:23.056573Z,KXSILVER15M-26OCT050045-45,0.9900,1.00,yes
2026-10-05T04:42:23.056573Z,KXSILVER15M-26OCT050045-45,0.9900,25.00,yes
2026-10-05T04:42:23.056573Z,KXSILVER15M-26OCT050045-45,0.9880,28.00,yes
2026-10-05T04:42:23.056573Z,KXSILVER15M-26OCT050045-45,0.9850,41.69,yes
2026-10-05T04:42:23.056573Z,KXSILVER15M-26OCT050045-45,0.9880,10.00,yes
2026-10-05T04:42:23.056573Z,KXSILVER15M-26OCT050045-45,0.9900,15.95,yes
2026-10-05T04:42:23.056573Z,KXSILVER15M-26OCT050045-45,0.9900,1.00,yes
2026-10-05T04:42:23.056573Z,KXSILVER15M-26OCT050045-45,0.9900,520.21,yes
2026-10-05T04:42:24.134725Z,KXSILVER15M-26OCT050045-45,0.9860,30.00,no
2026-10-05T04:42:24.134725Z,KXSILVER15M-26OCT050045-45,0.9860,1.00,no
2026-10-05T04:42:24.134725Z,KXSILVER15M-26OCT050045-45,0.9870,150.00,no
2026-10-05T04:42:28.0487Z,KXSILVER15M-26OCT050045-45,0.9860,16.70,no
2026-10-05T04:42:28.134089Z,KXSILVER15M-26OCT050045-45,0.9880,178.00,yes
2026-10-05T04:42:29.417244Z,KXSILVER15M-26OCT050045-45,0.9880,72.65,yes
2026-10-05T04:42:30.686706Z,KXSILVER15M-26OCT050045-45,0.9880,8.77,yes
2026-10-05T04:42:31.189807Z,KXSILVER15M-26OCT050045-45,0.9870,5.76,no
2026-10-05T04:42:32.262553Z,KXSILVER15M-26OCT050045-45,0.9870,21.00,no
2026-10-05T04:42:32.262553Z,KXSILVER15M-26OCT050045-45,0.9870,46.77,no
2026-10-05T04:42:32.723892Z,KXSILVER15M-26OCT050045-45,0.9880,440.58,yes
2026-10-05T04:42:32.723892Z,KXSILVER15M-26OCT050045-45,0.9890,10.00,yes
2026-10-05T04:42:32.723892Z,KXSILVER15M-26OCT050045-45,0.9900,114.42,yes
2026-10-05T04:42:32.814276Z,KXSILVER15M-26OCT050045-45,0.9900,3.00,yes
2026-10-05T04:42:33.964119Z,KXSILVER15M-26OCT050045-45,0.9900,100.00,yes
2026-10-05T04:42:35.286202Z,KXSILVER15M-26OCT050045-45,0.9920,28.62,yes
2026-10-05T04:42:35.286202Z,KXSILVER15M-26OCT050045-45,0.9900,25.00,yes
2026-10-05T04:42:35.286202Z,KXSILVER15M-26OCT050045-45,0.9900,155.38,yes
2026-10-05T04:42:35.625181Z,KXSILVER15M-26OCT050045-45,0.9930,2.00,yes
2026-10-05T04:42:40.219156Z,KXSILVER15M-26OCT050045-45,0.9920,58.44,no
2026-10-05T04:42:41.166844Z,KXSILVER15M-26OCT050045-45,0.9920,113.14,no
2026-10-05T04:42:41.166844Z,KXSILVER15M-26OCT050045-45,0.9920,25.00,no
2026-10-05T04:42:41.166844Z,KXSILVER15M-26OCT050045-45,0.9920,116.86,no
2026-10-05T04:42:41.166844Z,KXSILVER15M-26OCT050045-45,0.9920,10.00,no
2026-10-05T04:42:42.05482Z,KXSILVER15M-26OCT050045-45,0.9910,10.39,no
2026-10-05T04:42:42.117278Z,KXSILVER15M-26OCT050045-45,0.9930,3.18,yes
2026-10-05T04:42:43.615413Z,KXSILVER15M-26OCT050045-45,0.9910,300.00,no
2026-10-05T04:42:43.615413Z,KXSILVER15M-26OCT050045-45,0.9890,26.00,no
2026-10-05T04:42:43.615413Z,KXSILVER15M-26OCT050045-45,0.9860,150.00,no
2026-10-05T04:42:43.615413Z,KXSILVER15M-26OCT050045-45,0.9880,25.00,no
2026-10-05T04:42:43.615413Z,KXSILVER15M-26OCT050045-45,0.9910,60.00,no
2026-10-05T04:42:43.615413Z,KXSILVER15M-26OCT050045-45,0.9870,9.00,no
2026-10-05T04:42:43.615413Z,KXSILVER15M-26OCT050045-45,0.9810,740.71,no
2026-10-05T04:42:44.001983Z,KXSILVER15M-26OCT050045-45,0.9970,14.85,yes
2026-10-05T04:42:44.001983Z,KXSILVER15M-26OCT050045-45,0.9960,1.00,yes
2026-10-05T04:42:44.001983Z,KXSILVER15M-26OCT050045-45,0.9960,1.00,yes
2026-10-05T04:42:44.001983Z,KXSILVER15M-26OCT050045-45,0.9960,13.00,yes
2026-10-05T04:42:44.001983Z,KXSILVER15M-26OCT050045-45,0.9950,11.00,yes
2026-10-05T04:42:44.001983Z,KXSILVER15M-26OCT050045-45,0.9960,1.00,yes
2026-10-05T04:42:44.001983Z,KXSILVER15M-26OCT050045-45,0.9960,1.00,yes
2026-10-05T04:42:44.001983Z,KXSILVER15M-26OCT050045-45,0.9960,1.00,yes
2026-10-05T04:42:44.001983Z,KXSILVER15M-26OCT050045-45,0.9950,10.00,yes
2026-10-05T04:42:44.001983Z,KXSILVER15M-26OCT050045-45,0.9930,1.00,yes
2026-10-05T04:42:44.001983Z,KXSILVER15M-26OCT050045-45,0.9960,6.00,yes
2026-10-05T04:42:44.001983Z,KXSILVER15M-26OCT050045-45,0.9930,70.00,yes
2026-10-05T04:42:44.001983Z,KXSILVER15M-26OCT050045-45,0.9930,144.82,yes
2026-10-05T04:42:47.304389Z,KXSILVER15M-26OCT050045-45,0.9940,14.85,yes
2026-10-05T04:42:51.286859Z,KXSILVER15M-26OCT050045-45,0.9930,60.00,no
2026-10-05T04:42:53.388584Z,KXSILVER15M-26OCT050045-45,0.9940,135.15,yes
2026-10-05T04:42:53.705743Z,KXSILVER15M-26OCT050045-45,0.9930,60.00,no
2026-10-05T04:42:53.705743Z,KXSILVER15M-26OCT050045-45,0.9930,16.03,no
2026-10-05T04:42:53.705743Z,KXSILVER15M-26OCT050045-45,0.9930,29.00,no
2026-10-05T04:42:54.491412Z,KXSILVER15M-26OCT050045-45,0.9970,207.36,yes
2026-10-05T04:42:54.491412Z,KXSILVER15M-26OCT050045-45,0.9960,81.00,yes
2026-10-05T04:42:54.491412Z,KXSILVER15M-26OCT050045-45,0.9960,6.00,yes
2026-10-05T04:42:55.422685Z,KXSILVER15M-26OCT050045-45,0.9950,128.50,yes
2026-10-05T04:42:55.536746Z,KXSILVER15M-26OCT050045-45,0.9970,19.70,yes
2026-10-05T04:42:57.961923Z,KXSILVER15M-26OCT050045-45,0.9940,152.71,no
2026-10-05T04:42:59.154064Z,KXSILVER15M-26OCT050045-45,0.9950,1.00,yes
2026-10-05T04:42:59.154064Z,KXSILVER15M-26OCT050045-45,0.9950,150.00,yes
2026-10-05T04:42:59.240613Z,KXSILVER15M-26OCT050045-45,0.9930,150.78,no
2026-10-05T04:42:59.240613Z,KXSILVER15M-26OCT050045-45,0.9940,19.70,no
2026-10-05T04:42:59.240613Z,KXSILVER15M-26OCT050045-45,0.9940,60.00,no
2026-10-05T04:42:59.240613Z,KXSILVER15M-26OCT050045-45,0.9940,30.00,no
2026-10-05T04:43:00.89512Z,KXSILVER15M-26OCT050045-45,0.9930,6.61,no
2026-10-05T04:43:00.89512Z,KXSILVER15M-26OCT050045-45,0.9930,45.00,no
2026-10-05T04:43:00.89512Z,KXSILVER15M-26OCT050045-45,0.9930,13.00,no
2026-10-05T04:43:00.89512Z,KXSILVER15M-26OCT050045-45,0.9930,10.00,no
2026-10-05T04:43:02.131764Z,KXSILVER15M-26OCT050045-45,0.9950,50.00,yes
2026-10-05T04:43:02.131764Z,KXSILVER15M-26OCT050045-45,0.9930,150.00,yes
2026-10-05T04:43:02.131764Z,KXSILVER15M-26OCT050045-45,0.9930,4.97,yes
2026-10-05T04:43:02.141185Z,KXSILVER15M-26OCT050045-45,0.9970,15.00,yes
2026-10-05T04:43:03.677274Z,KXSILVER15M-26OCT050045-45,0.9920,55.00,no
2026-10-05T04:43:03.677274Z,KXSILVER15M-26OCT050045-45,0.9920,30.00,no
2026-10-05T04:43:03.677274Z,KXSILVER15M-26OCT050045-45,0.9950,15.00,no
2026-10-05T04:43:09.175103Z,KXSILVER15M-26OCT050045-45,0.9940,77.00,yes
2026-10-05T04:43:09.256584Z,KXSILVER15M-26OCT050045-45,0.9930,300.00,no
2026-10-05T04:43:09.256584Z,KXSILVER15M-26OCT050045-45,0.9930,27.00,no
2026-10-05T04:43:09.256584Z,KXSILVER15M-26OCT050045-45,0.9930,30.00,no
2026-10-05T04:43:09.256584Z,KXSILVER15M-26OCT050045-45,0.9920,23.31,no
2026-10-05T04:43:11.230003Z,KXSILVER15M-26OCT050045-45,0.9940,150.00,yes
2026-10-05T04:43:16.633597Z,KXSILVER15M-26OCT050045-45,0.9920,60.00,no
2026-10-05T04:43:16.633597Z,KXSILVER15M-26OCT050045-45,0.9930,13.00,no
2026-10-05T04:43:16.633597Z,KXSILVER15M-26OCT050045-45,0.9920,25.00,no
2026-10-05T04:43:16.633597Z,KXSILVER15M-26OCT050045-45,0.9920,25.00,no
2026-10-05T04:43:16.633597Z,KXSILVER15M-26OCT050045-45,0.9910,25.00,no
2026-10-05T04:43:16.633597Z,KXSILVER15M-26OCT050045-45,0.9930,30.00,no
2026-10-05T04:43:16.633597Z,KXSILVER15M-26OCT050045-45,0.9910,228.53,no
2026-10-05T04:43:16.633597Z,KXSILVER15M-26OCT050045-45,0.9930,24.00,no
2026-10-05T04:43:16.633597Z,KXSILVER15M-26OCT050045-45,0.9920,129.05,no
2026-10-05T04:43:17.674992Z,KXSILVER15M-26OCT050045-45,0.9940,150.00,yes
2026-10-05T04:43:17.824065Z,KXSILVER15M-26OCT050045-45,0.9960,30.94,yes
2026-10-05T04:43:18.967107Z,KXSILVER15M-26OCT050045-45,0.9950,31.16,no
2026-10-05T04:43:22.705732Z,KXSILVER15M-26OCT050045-45,0.9950,30.00,no
2026-10-05T04:43:22.705732Z,KXSILVER15M-26OCT050045-45,0.9950,60.00,no
2026-10-05T04:43:24.416042Z,KXSILVER15M-26OCT050045-45,0.9960,50.00,yes
2026-10-05T04:43:26.986051Z,KXSILVER15M-26OCT050045-45,0.9960,100.00,yes
2026-10-05T04:43:28.390692Z,KXSILVER15M-26OCT050045-45,0.9940,76.36,no
2026-10-05T04:43:28.390692Z,KXSILVER15M-26OCT050045-45,0.9950,60.00,no
2026-10-05T04:43:28.390692Z,KXSILVER15M-26OCT050045-45,0.9950,30.00,no
2026-10-05T04:43:30.02294Z,KXSILVER15M-26OCT050045-45,0.9970,7.94,yes
2026-10-05T04:43:30.02294Z,KXSILVER15M-26OCT050045-45,0.9980,307.06,yes
2026-10-05T04:43:30.02294Z,KXSILVER15M-26OCT050045-45,0.9970,2.00,yes
2026-10-05T04:43:30.02294Z,KXSILVER15M-26OCT050045-45,0.9970,2.00,yes
2026-10-05T04:43:30.02294Z,KXSILVER15M-26OCT050045-45,0.9970,2.00,yes
2026-10-05T04:43:30.02294Z,KXSILVER15M-26OCT050045-45,0.9970,2.00,yes
2026-10-05T04:43:30.02294Z,KXSILVER15M-26OCT050045-45,0.9970,2.00,yes
2026-10-05T04:43:30.02294Z,KXSILVER15M-26OCT050045-45,0.9970,18.00,yes
2026-10-05T04:43:30.02294Z,KXSILVER15M-26OCT050045-45,0.9960,150.00,yes
2026-10-05T04:43:30.02294Z,KXSILVER15M-26OCT050045-45,0.9960,1.00,yes
2026-10-05T04:43:30.02294Z,KXSILVER15M-26OCT050045-45,0.9970,6.00,yes
2026-10-05T04:43:30.994724Z,KXSILVER15M-26OCT050045-45,0.9950,30.00,no
2026-10-05T04:43:30.994724Z,KXSILVER15M-26OCT050045-45,0.9950,60.00,no
2026-10-05T04:43:30.994724Z,KXSILVER15M-26OCT050045-45,0.9950,34.83,no
2026-10-05T04:43:30.994724Z,KXSILVER15M-26OCT050045-45,0.9950,31.00,no
2026-10-05T04:43:31.942462Z,KXSILVER15M-26OCT050045-45,0.9940,2.86,no
2026-10-05T04:43:32.623786Z,KXSILVER15M-26OCT050045-45,0.9960,1.00,yes
2026-10-05T04:43:33.833771Z,KXSILVER15M-26OCT050045-45,0.9950,20.15,no
2026-10-05T04:43:35.70634Z,KXSILVER15M-26OCT050045-45,0.9960,1.00,yes
2026-10-05T04:43:43.513185Z,KXSILVER15M-26OCT050045-45,0.9960,1.00,yes
2026-10-05T04:43:43.513185Z,KXSILVER15M-26OCT050045-45,0.9960,148.00,yes
2026-10-05T04:43:43.513185Z,KXSILVER15M-26OCT050045-45,0.9970,3.71,yes
2026-10-05T04:43:44.160372Z,KXSILVER15M-26OCT050045-45,0.9940,537.59,no
2026-10-05T04:43:44.160372Z,KXSILVER15M-26OCT050045-45,0.9950,110.17,no
2026-10-05T04:43:44.160372Z,KXSILVER15M-26OCT050045-45,0.9950,30.00,no
2026-10-05T04:43:44.160372Z,KXSILVER15M-26OCT050045-45,0.9950,60.00,no
2026-10-05T04:43:44.160372Z,KXSILVER15M-26OCT050045-45,0.9950,31.00,no
2026-10-05T04:43:44.160372Z,KXSILVER15M-26OCT050045-45,0.9950,7.94,no
2026-10-05T04:43:44.160372Z,KXSILVER15M-26OCT050045-45,0.9950,25.00,no
2026-10-05T04:43:44.160372Z,KXSILVER15M-26OCT050045-45,0.9950,25.00,no
2026-10-05T04:43:49.350093Z,KXSILVER15M-26OCT050045-45,0.9960,23.37,no
2026-10-05T04:43:51.841183Z,KXSILVER15M-26OCT050045-45,0.9970,91.78,yes
2026-10-05T04:43:51.841183Z,KXSILVER15M-26OCT050045-45,0.9970,2.29,yes
2026-10-05T04:43:54.916921Z,KXSILVER15M-26OCT050045-45,0.9960,60.00,no
2026-10-05T04:43:54.916921Z,KXSILVER15M-26OCT050045-45,0.9960,91.78,no
2026-10-05T04:43:54.916921Z,KXSILVER15M-26OCT050045-45,0.9930,25.00,no
2026-10-05T04:43:54.916921Z,KXSILVER15M-26OCT050045-45,0.9940,233.19,no
2026-10-05T04:43:54.916921Z,KXSILVER15M-26OCT050045-45,0.9940,25.00,no
2026-10-05T04:43:54.916921Z,KXSILVER15M-26OCT050045-45,0.9930,292.91,no
2026-10-05T04:43:54.916921Z,KXSILVER15M-26OCT050045-45,0.9950,33.00,no
2026-10-05T04:43:54.916921Z,KXSILVER15M-26OCT050045-45,0.9960,30.00,no
2026-10-05T04:44:00.010483Z,KXSILVER15M-26OCT050045-45,0.9970,1.00,yes
2026-10-05T04:44:00.010483Z,KXSILVER15M-26OCT050045-45,0.9970,2.29,yes
2026-10-05T04:44:00.010483Z,KXSILVER15M-26OCT050045-45,0.9970,79.00,yes
2026-10-05T04:44:00.010483Z,KXSILVER15M-26OCT050045-45,0.9970,3.71,yes
2026-10-05T04:44:00.010483Z,KXSILVER15M-26OCT050045-45,0.9970,150.00,yes
2026-10-05T04:44:00.010483Z,KXSILVER15M-26OCT050045-45,0.9980,264.00,yes
2026-10-05T04:44:00.0429Z,KXSILVER15M-26OCT050045-45,0.9980,25.00,yes
2026-10-05T04:44:03.175737Z,KXSILVER15M-26OCT050045-45,0.9970,133.00,no
2026-10-05T04:44:03.175737Z,KXSILVER15M-26OCT050045-45,0.9970,0.01,no
2026-10-05T04:44:03.175737Z,KXSILVER15M-26OCT050045-45,0.9940,34.27,no
2026-10-05T04:44:03.175737Z,KXSILVER15M-26OCT050045-45,0.9950,39.00,no
2026-10-05T04:44:03.175737Z,KXSILVER15M-26OCT050045-45,0.9950,25.00,no
2026-10-05T04:44:05.544274Z,KXSILVER15M-26OCT050045-45,0.9980,25.78,yes
2026-10-05T04:44:05.544274Z,KXSILVER15M-26OCT050045-45,0.9980,3.94,yes
2026-10-05T04:44:07.41853Z,KXSILVER15M-26OCT050045-45,0.9940,25.00,no
2026-10-05T04:44:07.41853Z,KXSILVER15M-26OCT050045-45,0.9930,25.00,no
2026-10-05T04:44:07.41853Z,KXSILVER15M-26OCT050045-45,0.9940,30.00,no
2026-10-05T04:44:07.41853Z,KXSILVER15M-26OCT050045-45,0.9950,60.00,no
2026-10-05T04:44:07.41853Z,KXSILVER15M-26OCT050045-45,0.9600,144.94,no
2026-10-05T04:44:07.41853Z,KXSILVER15M-26OCT050045-45,0.9770,0.10,no
2026-10-05T04:44:07.41853Z,KXSILVER15M-26OCT050045-45,0.9950,33.00,no
2026-10-05T04:44:07.41853Z,KXSILVER15M-26OCT050045-45,0.9880,0.10,no
2026-10-05T04:44:07.41853Z,KXSILVER15M-26OCT050045-45,0.9700,41.00,no
2026-10-05T04:44:07.41853Z,KXSILVER15M-26OCT050045-45,0.9670,6.00,no
2026-10-05T04:44:07.41853Z,KXSILVER15M-26OCT050045-45,0.9800,1.00,no
2026-10-05T04:44:07.41853Z,KXSILVER15M-26OCT050045-45,0.9770,1.00,no
2026-10-05T04:44:07.41853Z,KXSILVER15M-26OCT050045-45,0.9600,1.00,no
2026-10-05T04:44:07.41853Z,KXSILVER15M-26OCT050045-45,0.9760,1.00,no
2026-10-05T04:44:07.41853Z,KXSILVER15M-26OCT050045-45,0.9650,1.00,no
2026-10-05T04:44:07.41853Z,KXSILVER15M-26OCT050045-45,0.9610,6.00,no
2026-10-05T04:44:07.41853Z,KXSILVER15M-26OCT050045-45,0.9920,25.00,no
2026-10-05T04:44:07.41853Z,KXSILVER15M-26OCT050045-45,0.9900,300.00,no
2026-10-05T04:44:07.41853Z,KXSILVER15M-26OCT050045-45,0.9930,307.09,no
2026-10-05T04:44:07.41853Z,KXSILVER15M-26OCT050045-45,0.9700,2.00,no
2026-10-05T04:44:07.570316Z,KXSILVER15M-26OCT050045-45,0.9600,4.33,no
2026-10-05T04:44:15.044591Z,KXSILVER15M-26OCT050045-45,0.9950,6.00,yes
2026-10-05T04:44:18.612343Z,KXSILVER15M-26OCT050045-45,0.9920,58.43,no
2026-10-05T04:44:18.612343Z,KXSILVER15M-26OCT050045-45,0.9940,60.00,no
2026-10-05T04:44:18.612343Z,KXSILVER15M-26OCT050045-45,0.9950,0.01,no
2026-10-05T04:44:18.612343Z,KXSILVER15M-26OCT050045-45,0.9950,19.78,no
2026-10-05T04:44:23.962722Z,KXSILVER15M-26OCT050045-45,0.9980,15.57,yes
2026-10-05T04:44:26.136611Z,KXSILVER15M-26OCT050045-45,0.9940,15.58,no
2026-10-05T04:44:26.977928Z,KXSILVER15M-26OCT050045-45,0.9980,10.00,yes
2026-10-05T04:44:26.977928Z,KXSILVER15M-26OCT050045-45,0.9980,78.57,yes
2026-10-05T04:44:26.977928Z,KXSILVER15M-26OCT050045-45,0.9980,1.00,yes
2026-10-05T04:44:26.977928Z,KXSILVER15M-26OCT050045-45,0.9980,1.00,yes
2026-10-05T04:44:26.977928Z,KXSILVER15M-26OCT050045-45,0.9980,1.00,yes
2026-10-05T04:44:26.977928Z,KXSILVER15M-26OCT050045-45,0.9980,3.00,yes
2026-10-05T04:44:26.977928Z,KXSILVER15M-26OCT050045-45,0.9980,10.43,yes
2026-10-05T04:44:26.977928Z,KXSILVER15M-26OCT050045-45,0.9980,3.00,yes
2026-10-05T04:44:26.977928Z,KXSILVER15M-26OCT050045-45,0.9980,3.00,yes
2026-10-05T04:44:26.977928Z,KXSILVER15M-26OCT050045-45,0.9980,3.00,yes
2026-10-05T04:44:26.977928Z,KXSILVER15M-26OCT050045-45,0.9980,3.00,yes
2026-10-05T04:44:27.422215Z,KXSILVER15M-26OCT050045-45,0.9940,0.01,no
2026-10-05T04:44:27.422215Z,KXSILVER15M-26OCT050045-45,0.9910,68.87,no
2026-10-05T04:44:27.422215Z,KXSILVER15M-26OCT050045-45,0.9940,28.42,no
2026-10-05T04:44:27.796752Z,KXSILVER15M-26OCT050045-45,0.9980,5.00,yes
2026-10-05T04:44:33.907065Z,KXSILVER15M-26OCT050045-45,0.9940,1.00,no
2026-10-05T04:44:33.907065Z,KXSILVER15M-26OCT050045-45,0.9940,0.52,no
2026-10-05T04:44:35.434169Z,KXSILVER15M-26OCT050045-45,0.9980,5.01,yes
2026-10-05T04:44:36.173827Z,KXSILVER15M-26OCT050045-45,0.9980,3.00,yes
2026-10-05T04:44:38.416664Z,KXSILVER15M-26OCT050045-45,0.9980,100.00,yes
2026-10-05T04:44:39.313426Z,KXSILVER15M-26OCT050045-45,0.9980,41.00,yes
2026-10-05T04:44:40.303415Z,KXSILVER15M-26OCT050045-45,0.9980,138.00,yes
2026-10-05T04:44:40.553132Z,KXSILVER15M-26OCT050045-45,0.9940,0.01,no
2026-10-05T04:44:40.553132Z,KXSILVER15M-26OCT050045-45,0.9940,91.00,no
2026-10-05T04:44:40.553132Z,KXSILVER15M-26OCT050045-45,0.9910,42.60,no
2026-10-05T04:44:40.563843Z,KXSILVER15M-26OCT050045-45,0.9980,104.00,yes
2026-10-05T04:44:40.788897Z,KXSILVER15M-26OCT050045-45,0.9980,5.00,yes
2026-10-05T04:44:40.788897Z,KXSILVER15M-26OCT050045-45,0.9980,3.00,yes
2026-10-05T04:44:43.349403Z,KXSILVER15M-26OCT050045-45,0.9940,67.00,no
2026-10-05T04:44:43.349403Z,KXSILVER15M-26OCT050045-45,0.9940,0.01,no
2026-10-05T04:44:45.558362Z,KXSILVER15M-26OCT050045-45,0.9940,1.49,no
2026-10-05T04:44:46.48681Z,KXSILVER15M-26OCT050045-45,0.9980,349.90,yes
2026-10-05T04:44:46.48681Z,KXSILVER15M-26OCT050045-45,0.9980,106.00,yes
2026-10-05T04:44:46.48681Z,KXSILVER15M-26OCT050045-45,0.9980,5.00,yes
2026-10-05T04:44:47.11968Z,KXSILVER15M-26OCT050045-45,0.9980,39.10,no
2026-10-05T04:44:47.11968Z,KXSILVER15M-26OCT050045-45,0.9980,300.96,no
2026-10-05T04:44:47.612047Z,KXSILVER15M-26OCT050045-45,0.9990,60.00,yes
2026-10-05T04:44:48.539244Z,KXSILVER15M-26OCT050045-45,0.9990,33.00,yes
2026-10-05T04:44:49.751387Z,KXSILVER15M-26OCT050045-45,0.9990,4.00,yes
2026-10-05T04:44:49.999208Z,KXSILVER15M-26OCT050045-45,0.9990,8.00,yes
2026-10-05T04:44:54.591322Z,KXSILVER15M-26OCT050045-45,0.9990,132.26,yes
2026-10-05T04:44:54.591322Z,KXSILVER15M-26OCT050045-45,0.9990,1.00,yes
2026-10-05T04:44:54.591322Z,KXSILVER15M-26OCT050045-45,0.9990,1.00,yes
2026-10-05T04:44:56.828039Z,KXSILVER15M-26OCT050045-45,0.9990,10.00,yes
2026-10-05T04:44:56.828039Z,KXSILVER15M-26OCT050045-45,0.9990,101.00,yes
2026-10-05T04:44:56.828039Z,KXSILVER15M-26OCT050045-45,0.9990,217.74,yes
2026-10-05T04:44:57.57666Z,KXSILVER15M-26OCT050045-45,0.9990,662.66,no
2026-10-05T04:41:59.509331Z,KXWTI15M-26OCT050045-45,0.9880,1.27,yes
2026-10-05T04:42:02.361848Z,KXWTI15M-26OCT050045-45,0.9880,170.01,yes
2026-10-05T04:42:02.361848Z,KXWTI15M-26OCT050045-45,0.9880,105.05,yes
2026-10-05T04:42:03.562758Z,KXWTI15M-26OCT050045-45,0.9880,1.03,yes
2026-10-05T04:42:04.625719Z,KXWTI15M-26OCT050045-45,0.9880,15.16,yes
2026-10-05T04:42:06.997851Z,KXWTI15M-26OCT050045-45,0.9880,1.00,yes
2026-10-05T04:42:13.579458Z,KXWTI15M-26OCT050045-45,0.9870,90.96,no
2026-10-05T04:42:14.458714Z,KXWTI15M-26OCT050045-45,0.9880,46.79,yes
2026-10-05T04:42:14.577478Z,KXWTI15M-26OCT050045-45,0.9880,2.65,yes
2026-10-05T04:42:15.172558Z,KXWTI15M-26OCT050045-45,0.9870,71.95,no
2026-10-05T04:42:16.404576Z,KXWTI15M-26OCT050045-45,0.9880,44.49,yes
2026-10-05T04:42:17.56208Z,KXWTI15M-26OCT050045-45,0.9870,143.90,no
2026-10-05T04:42:17.759583Z,KXWTI15M-26OCT050045-45,0.9870,3.59,no
2026-10-05T04:42:17.869245Z,KXWTI15M-26OCT050045-45,0.9880,3.00,yes
2026-10-05T04:42:20.459917Z,KXWTI15M-26OCT050045-45,0.9870,705.12,no
2026-10-05T04:42:22.087133Z,KXWTI15M-26OCT050045-45,0.9880,53.28,yes
2026-10-05T04:42:22.152096Z,KXWTI15M-26OCT050045-45,0.9870,7.19,no
2026-10-05T04:42:24.261643Z,KXWTI15M-26OCT050045-45,0.9880,19.67,yes
2026-10-05T04:42:24.261643Z,KXWTI15M-26OCT050045-45,0.9880,143.72,yes
2026-10-05T04:42:24.261643Z,KXWTI15M-26OCT050045-45,0.9880,1.00,yes
2026-10-05T04:42:25.271641Z,KXWTI15M-26OCT050045-45,0.9870,352.56,no
2026-10-05T04:42:28.093669Z,KXWTI15M-26OCT050045-45,0.9880,229.90,yes
2026-10-05T04:42:28.593677Z,KXWTI15M-26OCT050045-45,0.9870,7.19,no
2026-10-05T04:42:30.659463Z,KXWTI15M-26OCT050045-45,0.9880,770.10,yes
2026-10-05T04:42:30.659463Z,KXWTI15M-26OCT050045-45,0.9880,200.00,yes
2026-10-05T04:42:30.659463Z,KXWTI15M-26OCT050045-45,0.9890,126.00,yes
2026-10-05T04:42:30.659463Z,KXWTI15M-26OCT050045-45,0.9880,10.00,yes
2026-10-05T04:42:30.659463Z,KXWTI15M-26OCT050045-45,0.9900,19.00,yes
2026-10-05T04:42:30.659463Z,KXWTI15M-26OCT050045-45,0.9900,25.00,yes
2026-10-05T04:42:30.659463Z,KXWTI15M-26OCT050045-45,0.9910,849.90,yes
2026-10-05T04:42:31.090613Z,KXWTI15M-26OCT050045-45,0.9900,15.60,yes
2026-10-05T04:42:31.848151Z,KXWTI15M-26OCT050045-45,0.9890,389.71,no
2026-10-05T04:42:33.458103Z,KXWTI15M-26OCT050045-45,0.9890,20.83,no
2026-10-05T04:42:35.530163Z,KXWTI15M-26OCT050045-45,0.9920,18.00,yes
2026-10-05T04:42:35.530163Z,KXWTI15M-26OCT050045-45,0.9900,97.40,yes
2026-10-05T04:42:38.140309Z,KXWTI15M-26OCT050045-45,0.9940,309.00,yes
2026-10-05T04:42:38.140309Z,KXWTI15M-26OCT050045-45,0.9950,15.00,yes
2026-10-05T04:42:38.140309Z,KXWTI15M-26OCT050045-45,0.9960,46.56,yes
2026-10-05T04:42:38.140309Z,KXWTI15M-26OCT050045-45,0.9940,2.00,yes
2026-10-05T04:42:38.174131Z,KXWTI15M-26OCT050045-45,0.9960,200.00,yes
2026-10-05T04:42:38.191794Z,KXWTI15M-26OCT050045-45,0.9960,200.00,yes
2026-10-05T04:42:38.204358Z,KXWTI15M-26OCT050045-45,0.9960,200.00,yes
2026-10-05T04:42:41.063241Z,KXWTI15M-26OCT050045-45,0.9940,30.00,no
2026-10-05T04:42:41.063241Z,KXWTI15M-26OCT050045-45,0.9940,201.00,no
2026-10-05T04:42:41.063241Z,KXWTI15M-26OCT050045-45,0.9940,30.00,no
2026-10-05T04:42:41.063241Z,KXWTI15M-26OCT050045-45,0.9930,9.73,no
2026-10-05T04:42:41.063241Z,KXWTI15M-26OCT050045-45,0.9930,25.00,no
2026-10-05T04:42:41.063241Z,KXWTI15M-26OCT050045-45,0.9940,10.00,no
2026-10-05T04:42:46.122022Z,KXWTI15M-26OCT050045-45,0.9940,30.00,no
2026-10-05T04:42:46.122022Z,KXWTI15M-26OCT050045-45,0.9940,30.00,no
2026-10-05T04:42:46.122022Z,KXWTI15M-26OCT050045-45,0.9930,32.00,no
2026-10-05T04:42:46.122022Z,KXWTI15M-26OCT050045-45,0.9930,41.00,no
2026-10-05T04:42:46.122022Z,KXWTI15M-26OCT050045-45,0.9920,123.89,no
2026-10-05T04:42:46.812815Z,KXWTI15M-26OCT050045-45,0.9960,1608.08,yes
2026-10-05T04:42:46.812815Z,KXWTI15M-26OCT050045-45,0.9950,187.00,yes
2026-10-05T04:42:46.812815Z,KXWTI15M-26OCT050045-45,0.9960,18.00,yes
2026-10-05T04:42:46.833291Z,KXWTI15M-26OCT050045-45,0.9930,200.00,yes
2026-10-05T04:42:46.848241Z,KXWTI15M-26OCT050045-45,0.9960,200.00,yes
2026-10-05T04:42:46.885422Z,KXWTI15M-26OCT050045-45,0.9970,100.00,yes
2026-10-05T04:42:46.885422Z,KXWTI15M-26OCT050045-45,0.9970,100.00,yes
2026-10-05T04:42:47.311809Z,KXWTI15M-26OCT050045-45,0.9920,11.45,no
2026-10-05T04:42:47.874495Z,KXWTI15M-26OCT050045-45,0.9950,0.10,yes
2026-10-05T04:42:54.136952Z,KXWTI15M-26OCT050045-45,0.9940,4.00,yes
2026-10-05T04:42:54.150144Z,KXWTI15M-26OCT050045-45,0.9940,4.12,yes
2026-10-05T04:42:55.51886Z,KXWTI15M-26OCT050045-45,0.9950,9.23,yes
2026-10-05T04:42:55.51886Z,KXWTI15M-26OCT050045-45,0.9940,191.88,yes
2026-10-05T04:42:57.417154Z,KXWTI15M-26OCT050045-45,0.9950,63.18,yes
2026-10-05T04:42:59.446326Z,KXWTI15M-26OCT050045-45,0.9940,200.00,yes
2026-10-05T04:42:59.446326Z,KXWTI15M-26OCT050045-45,0.9940,1.00,yes
2026-10-05T04:42:59.446326Z,KXWTI15M-26OCT050045-45,0.9940,19.00,yes
2026-10-05T04:42:59.446326Z,KXWTI15M-26OCT050045-45,0.9950,555.21,yes
2026-10-05T04:43:00.010051Z,KXWTI15M-26OCT050045-45,0.9950,50.00,yes
2026-10-05T04:43:00.010659Z,KXWTI15M-26OCT050045-45,0.9950,50.00,yes
2026-10-05T04:43:00.011082Z,KXWTI15M-26OCT050045-45,0.9950,50.00,yes
2026-10-05T04:43:00.011705Z,KXWTI15M-26OCT050045-45,0.9950,50.00,yes
2026-10-05T04:43:00.012117Z,KXWTI15M-26OCT050045-45,0.9950,50.00,yes
2026-10-05T04:43:01.608304Z,KXWTI15M-26OCT050045-45,0.9940,15.58,no
2026-10-05T04:43:01.815407Z,KXWTI15M-26OCT050045-45,0.9950,57.00,yes
2026-10-05T04:43:02.424637Z,KXWTI15M-26OCT050045-45,0.9950,74.61,yes
2026-10-05T04:43:02.424637Z,KXWTI15M-26OCT050045-45,0.9950,5.39,yes
2026-10-05T04:43:05.207933Z,KXWTI15M-26OCT050045-45,0.9940,34.42,no
2026-10-05T04:43:05.207933Z,KXWTI15M-26OCT050045-45,0.9940,3.76,no
2026-10-05T04:43:05.239644Z,KXWTI15M-26OCT050045-45,0.9950,9.61,yes
2026-10-05T04:43:05.239644Z,KXWTI15M-26OCT050045-45,0.9950,5.46,yes
2026-10-05T04:43:05.307826Z,KXWTI15M-26OCT050045-45,0.9950,7.76,yes
2026-10-05T04:43:07.989479Z,KXWTI15M-26OCT050045-45,0.9950,5.39,yes
2026-10-05T04:43:07.989479Z,KXWTI15M-26OCT050045-45,0.9950,186.78,yes
2026-10-05T04:43:07.989479Z,KXWTI15M-26OCT050045-45,0.9950,9.61,yes
2026-10-05T04:43:08.038593Z,KXWTI15M-26OCT050045-45,0.9950,148.31,no
2026-10-05T04:43:08.198757Z,KXWTI15M-26OCT050045-45,0.9950,148.31,no
2026-10-05T04:43:09.148816Z,KXWTI15M-26OCT050045-45,0.9980,800.00,yes
2026-10-05T04:43:09.148816Z,KXWTI15M-26OCT050045-45,0.9980,1000.00,yes
2026-10-05T04:43:09.148816Z,KXWTI15M-26OCT050045-45,0.9970,10.00,yes
2026-10-05T04:43:09.148816Z,KXWTI15M-26OCT050045-45,0.9970,150.00,yes
2026-10-05T04:43:09.148816Z,KXWTI15M-26OCT050045-45,0.9980,500.00,yes
2026-10-05T04:43:09.148816Z,KXWTI15M-26OCT050045-45,0.9980,10.00,yes
2026-10-05T04:43:09.148816Z,KXWTI15M-26OCT050045-45,0.9980,5.00,yes
2026-10-05T04:43:09.148816Z,KXWTI15M-26OCT050045-45,0.9980,1.00,yes
2026-10-05T04:43:09.148816Z,KXWTI15M-26OCT050045-45,0.9980,1.00,yes
2026-10-05T04:43:09.148816Z,KXWTI15M-26OCT050045-45,0.9960,18.00,yes
2026-10-05T04:43:09.148816Z,KXWTI15M-26OCT050045-45,0.9960,129.00,yes
2026-10-05T04:43:09.148816Z,KXWTI15M-26OCT050045-45,0.9980,1000.00,yes
2026-10-05T04:43:09.148816Z,KXWTI15M-26OCT050045-45,0.9970,500.00,yes
2026-10-05T04:43:11.611536Z,KXWTI15M-26OCT050045-45,0.9990,86.83,yes
2026-10-05T04:43:16.201175Z,KXWTI15M-26OCT050045-45,0.9980,458.01,no
2026-10-05T04:43:17.591382Z,KXWTI15M-26OCT050045-45,0.9980,114.50,no
2026-10-05T04:43:18.517395Z,KXWTI15M-26OCT050045-45,0.9990,123.06,yes
2026-10-05T04:43:20.524491Z,KXWTI15M-26OCT050045-45,0.9990,86.83,yes
2026-10-05T04:43:20.524583Z,KXWTI15M-26OCT050045-45,0.9990,123.06,yes
2026-10-05T04:43:21.521768Z,KXWTI15M-26OCT050045-45,0.9990,24.02,yes
2026-10-05T04:43:22.262169Z,KXWTI15M-26OCT050045-45,0.9990,61.54,yes
2026-10-05T04:43:27.63807Z,KXWTI15M-26OCT050045-45,0.9990,200.00,yes
2026-10-05T04:43:27.887895Z,KXWTI15M-26OCT050045-45,0.9990,1.00,yes
2026-10-05T04:43:27.887895Z,KXWTI15M-26OCT050045-45,0.9990,4.55,yes
2026-10-05T04:43:27.887895Z,KXWTI15M-26OCT050045-45,0.9990,44.45,yes
2026-10-05T04:43:28.154388Z,KXWTI15M-26OCT050045-45,0.9990,46.00,yes
2026-10-05T04:43:29.429237Z,KXWTI15M-26OCT050045-45,0.9980,448.66,no
2026-10-05T04:43:31.198843Z,KXWTI15M-26OCT050045-45,0.9990,200.00,yes
2026-10-05T04:43:31.215836Z,KXWTI15M-26OCT050045-45,0.9990,200.00,yes
2026-10-05T04:43:31.231422Z,KXWTI15M-26OCT050045-45,0.9990,200.00,yes
2026-10-05T04:43:31.282209Z,KXWTI15M-26OCT050045-45,0.9990,200.00,yes
2026-10-05T04:43:31.413393Z,KXWTI15M-26OCT050045-45,0.9990,200.00,yes
2026-10-05T04:43:31.447188Z,KXWTI15M-26OCT050045-45,0.9990,200.00,yes
2026-10-05T04:43:31.624605Z,KXWTI15M-26OCT050045-45,0.9990,200.00,yes
2026-10-05T04:43:31.638944Z,KXWTI15M-26OCT050045-45,0.9990,200.00,yes
2026-10-05T04:43:31.703962Z,KXWTI15M-26OCT050045-45,0.9990,200.00,yes
2026-10-05T04:43:31.837791Z,KXWTI15M-26OCT050045-45,0.9990,200.00,yes
2026-10-05T04:43:31.887866Z,KXWTI15M-26OCT050045-45,0.9990,200.00,yes
2026-10-05T04:43:32.050214Z,KXWTI15M-26OCT050045-45,0.9990,200.00,yes
2026-10-05T04:43:32.063201Z,KXWTI15M-26OCT050045-45,0.9990,9.55,yes
2026-10-05T04:43:32.063201Z,KXWTI15M-26OCT050045-45,0.9990,190.45,yes
2026-10-05T04:43:32.12203Z,KXWTI15M-26OCT050045-45,0.9990,32.00,yes
2026-10-05T04:43:32.84878Z,KXWTI15M-26OCT050045-45,0.9980,2290.05,no
2026-10-05T04:43:32.922557Z,KXWTI15M-26OCT050045-45,0.9980,458.01,no
2026-10-05T04:43:33.179211Z,KXWTI15M-26OCT050045-45,0.9980,458.01,no
2026-10-05T04:43:34.145771Z,KXWTI15M-26OCT050045-45,0.9990,25.00,yes
2026-10-05T04:43:34.253134Z,KXWTI15M-26OCT050045-45,0.9980,2.02,no
2026-10-05T04:43:34.92881Z,KXWTI15M-26OCT050045-45,0.9990,2.55,yes
2026-10-05T04:43:34.92881Z,KXWTI15M-26OCT050045-45,0.9990,22.45,yes
2026-10-05T04:43:34.95044Z,KXWTI15M-26OCT050045-45,0.9990,200.00,yes
2026-10-05T04:43:34.969675Z,KXWTI15M-26OCT050045-45,0.9990,200.00,yes
2026-10-05T04:43:34.994516Z,KXWTI15M-26OCT050045-45,0.9990,25.00,yes
2026-10-05T04:43:34.994516Z,KXWTI15M-26OCT050045-45,0.9990,175.00,yes
2026-10-05T04:43:35.68816Z,KXWTI15M-26OCT050045-45,0.9990,25.00,yes
2026-10-05T04:43:35.74629Z,KXWTI15M-26OCT050045-45,0.9990,1.00,yes
2026-10-05T04:43:36.446177Z,KXWTI15M-26OCT050045-45,0.9990,25.00,yes
2026-10-05T04:43:42.790787Z,KXWTI15M-26OCT050045-45,0.9980,458.01,no
2026-10-05T04:43:44.63529Z,KXWTI15M-26OCT050045-45,0.9980,271.80,no
2026-10-05T04:43:45.243669Z,KXWTI15M-26OCT050045-45,0.9990,37.50,yes
2026-10-05T04:43:45.655399Z,KXWTI15M-26OCT050045-45,0.9980,13.75,no
2026-10-05T04:43:46.066648Z,KXWTI15M-26OCT050045-45,0.9990,37.50,yes
2026-10-05T04:43:46.825432Z,KXWTI15M-26OCT050045-45,0.9990,37.50,yes
2026-10-05T04:43:46.83072Z,KXWTI15M-26OCT050045-45,0.9980,4.00,no
2026-10-05T04:43:46.83072Z,KXWTI15M-26OCT050045-45,0.9980,4.33,no
2026-10-05T04:43:46.83072Z,KXWTI15M-26OCT050045-45,0.9980,902.18,no
2026-10-05T04:43:46.83072Z,KXWTI15M-26OCT050045-45,0.9980,1.24,no
2026-10-05T04:43:46.83072Z,KXWTI15M-26OCT050045-45,0.9980,600.00,no
2026-10-05T04:43:46.83072Z,KXWTI15M-26OCT050045-45,0.9980,500.00,no
2026-10-05T04:43:46.83072Z,KXWTI15M-26OCT050045-45,0.9980,100.00,no
2026-10-05T04:43:46.83072Z,KXWTI15M-26OCT050045-45,0.9980,100.00,no
2026-10-05T04:43:46.83072Z,KXWTI15M-26OCT050045-45,0.9980,78.30,no
2026-10-05T04:43:47.585698Z,KXWTI15M-26OCT050045-45,0.9990,37.50,yes
2026-10-05T04:43:47.636259Z,KXWTI15M-26OCT050045-45,0.9990,115.62,yes
2026-10-05T04:43:50.140052Z,KXWTI15M-26OCT050045-45,0.9980,21.70,no
2026-10-05T04:43:50.140052Z,KXWTI15M-26OCT050045-45,0.9980,100.00,no
2026-10-05T04:43:50.140052Z,KXWTI15M-26OCT050045-45,0.9980,40.00,no
2026-10-05T04:43:50.140052Z,KXWTI15M-26OCT050045-45,0.9980,123.06,no
2026-10-05T04:43:50.140052Z,KXWTI15M-26OCT050045-45,0.9980,86.83,no
2026-10-05T04:43:50.140052Z,KXWTI15M-26OCT050045-45,0.9980,24.02,no
2026-10-05T04:43:50.140052Z,KXWTI15M-26OCT050045-45,0.9980,59.38,no
2026-10-05T04:43:50.140052Z,KXWTI15M-26OCT050045-45,0.9980,10.00,no
2026-10-05T04:43:50.214919Z,KXWTI15M-26OCT050045-45,0.9980,1.02,no
2026-10-05T04:43:51.712018Z,KXWTI15M-26OCT050045-45,0.9990,72.49,yes
2026-10-05T04:43:53.271387Z,KXWTI15M-26OCT050045-45,0.9980,90.48,no
2026-10-05T04:43:53.271387Z,KXWTI15M-26OCT050045-45,0.9980,1.14,no
2026-10-05T04:43:54.071467Z,KXWTI15M-26OCT050045-45,0.9990,200.00,yes
2026-10-05T04:43:54.087718Z,KXWTI15M-26OCT050045-45,0.9990,200.00,yes
2026-10-05T04:43:54.099284Z,KXWTI15M-26OCT050045-45,0.9990,86.89,yes
2026-10-05T04:43:54.099284Z,KXWTI15M-26OCT050045-45,0.9990,81.11,yes
2026-10-05T04:43:55.790755Z,KXWTI15M-26OCT050045-45,0.9990,25.00,yes
2026-10-05T04:43:55.790755Z,KXWTI15M-26OCT050045-45,0.9990,25.00,yes
2026-10-05T04:43:56.059456Z,KXWTI15M-26OCT050045-45,0.9980,9.34,no
2026-10-05T04:43:56.553912Z,KXWTI15M-26OCT050045-45,0.9990,50.00,yes
2026-10-05T04:43:56.582065Z,KXWTI15M-26OCT050045-45,0.9970,200.00,no
2026-10-05T04:43:56.582065Z,KXWTI15M-26OCT050045-45,0.9970,200.00,no
2026-10-05T04:43:56.582065Z,KXWTI15M-26OCT050045-45,0.9970,151.53,no
2026-10-05T04:43:56.582065Z,KXWTI15M-26OCT050045-45,0.9980,100.18,no
2026-10-05T04:43:56.582065Z,KXWTI15M-26OCT050045-45,0.9980,4.55,no
2026-10-05T04:43:57.011932Z,KXWTI15M-26OCT050045-45,0.9990,100.10,yes
2026-10-05T04:43:57.318101Z,KXWTI15M-26OCT050045-45,0.9990,50.00,yes
2026-10-05T04:43:57.944043Z,KXWTI15M-26OCT050045-45,0.9990,8.55,yes
2026-10-05T04:43:58.092166Z,KXWTI15M-26OCT050045-45,0.9990,50.00,yes
2026-10-05T04:43:58.1841Z,KXWTI15M-26OCT050045-45,0.9990,37.50,yes
2026-10-05T04:43:58.951996Z,KXWTI15M-26OCT050045-45,0.9990,37.50,yes
2026-10-05T04:43:59.735208Z,KXWTI15M-26OCT050045-45,0.9990,37.50,yes
2026-10-05T04:44:00.176513Z,KXWTI15M-26OCT050045-45,0.9990,250.00,yes
2026-10-05T04:44:00.367285Z,KXWTI15M-26OCT050045-45,0.9990,4.55,yes
2026-10-05T04:44:00.367285Z,KXWTI15M-26OCT050045-45,0.9990,9.34,yes
2026-10-05T04:44:00.367285Z,KXWTI15M-26OCT050045-45,0.9990,100.18,yes
2026-10-05T04:44:00.367285Z,KXWTI15M-26OCT050045-45,0.9990,25.00,yes
2026-10-05T04:44:00.367285Z,KXWTI15M-26OCT050045-45,0.9990,123.06,yes
2026-10-05T04:44:00.367285Z,KXWTI15M-26OCT050045-45,0.9990,86.83,yes
2026-10-05T04:44:00.367285Z,KXWTI15M-26OCT050045-45,0.9990,1.02,yes
2026-10-05T04:44:00.367285Z,KXWTI15M-26OCT050045-45,0.9990,59.38,yes
2026-10-05T04:44:00.367285Z,KXWTI15M-26OCT050045-45,0.9990,24.02,yes
2026-10-05T04:44:00.367285Z,KXWTI15M-26OCT050045-45,0.9990,750.00,yes
2026-10-05T04:44:00.367285Z,KXWTI15M-26OCT050045-45,0.9990,1.14,yes
2026-10-05T04:44:00.367285Z,KXWTI15M-26OCT050045-45,0.9990,90.48,yes
2026-10-05T04:44:00.367285Z,KXWTI15M-26OCT050045-45,0.9990,90.00,yes
2026-10-05T04:44:00.367285Z,KXWTI15M-26OCT050045-45,0.9990,200.00,yes
2026-10-05T04:44:00.367285Z,KXWTI15M-26OCT050045-45,0.9990,353.85,yes
2026-10-05T04:44:00.471202Z,KXWTI15M-26OCT050045-45,0.9990,253.69,no
2026-10-05T04:44:02.558323Z,KXWTI15M-26OCT050045-45,0.9990,1831.90,no
2026-10-05T04:44:07.94707Z,KXWTI15M-26OCT050045-45,0.9990,9.20,no
2026-10-05T04:44:08.060008Z,KXWTI15M-26OCT050045-45,0.9990,467.36,no
2026-10-05T04:44:08.988424Z,KXWTI15M-26OCT050045-45,0.9990,961.76,no
2026-10-05T04:44:09.542524Z,KXWTI15M-26OCT050045-45,0.9990,4.07,no
2026-10-05T04:44:17.993881Z,KXWTI15M-26OCT050045-45,0.9990,1000.00,no
2026-10-05T04:44:20.297059Z,KXWTI15M-26OCT050045-45,0.9990,1.03,no
2026-10-05T04:44:25.162639Z,KXWTI15M-26OCT050045-45,0.9990,1831.90,no
2026-10-05T04:44:26.549354Z,KXWTI15M-26OCT050045-45,0.9990,183.25,no
2026-10-05T04:44:28.066702Z,KXWTI15M-26OCT050045-45,0.9990,1000.00,no
2026-10-05T04:44:28.07088Z,KXWTI15M-26OCT050045-45,0.9990,915.99,no
2026-10-05T04:44:31.827422Z,KXWTI15M-26OCT050045-45,0.9990,915.99,no
2026-10-05T04:44:32.137166Z,KXWTI15M-26OCT050045-45,0.9990,915.99,no
2026-10-05T04:44:33.997571Z,KXWTI15M-26OCT050045-45,0.9990,915.99,no
2026-10-05T04:44:36.30464Z,KXWTI15M-26OCT050045-45,0.9990,10000.00,no
2026-10-05T04:44:41.515008Z,KXWTI15M-26OCT050045-45,0.9990,1.27,no
2026-10-05T04:44:41.732676Z,KXWTI15M-26OCT050045-45,0.9990,915.99,no
2026-10-05T04:44:41.874376Z,KXWTI15M-26OCT050045-45,0.9990,100.00,no
2026-10-05T04:44:50.110984Z,KXWTI15M-26OCT050045-45,0.9990,9.20,no
2026-10-05T04:44:50.133641Z,KXWTI15M-26OCT050045-45,0.9990,915.99,no
2026-10-05T04:44:56.358755Z,KXWTI15M-26OCT050045-45,0.9990,462.33,no
2026-10-05T04:44:56.358755Z,KXWTI15M-26OCT050045-45,0.9990,3635.62,no
2026-10-05T04:44:56.358755Z,KXWTI15M-26OCT050045-45,0.9990,3818.58,no
2026-10-05T04:44:56.358755Z,KXWTI15M-26OCT050045-45,0.9990,40.00,no
2026-10-05T04:44:56.358755Z,KXWTI15M-26OCT050045-45,0.9990,145.00,no
2026-10-05T04:44:56.358755Z,KXWTI15M-26OCT050045-45,0.9990,200.00,no
2026-10-05T04:44:56.358755Z,KXWTI15M-26OCT050045-45,0.9990,9.55,no
2026-10-05T04:44:56.358755Z,KXWTI15M-26OCT050045-45,0.9990,200.00,no
2026-10-05T04:44:56.358755Z,KXWTI15M-26OCT050045-45,0.9990,200.00,no
2026-10-05T04:44:56.358755Z,KXWTI15M-26OCT050045-45,0.9990,200.00,no
2026-10-05T04:44:56.358755Z,KXWTI15M-26OCT050045-45,0.9990,48.47,no
2026-10-05T04:44:56.358755Z,KXWTI15M-26OCT050045-45,0.9990,200.00,no
2026-10-05T04:44:56.917823Z,KXWTI15M-26OCT050045-45,0.9990,1831.90,no
2026-10-05T04:44:58.100426Z,KXWTI15M-26OCT050045-45,0.9990,1831.90,no
2026-10-05T04:44:58.509293Z,KXWTI15M-26OCT050045-45,0.9990,183.25,no
2026-10-05T04:41:59.360853Z,KXDOGE15M-26OCT050045-45,0.0250,3.00,yes
2026-10-05T04:41:59.360853Z,KXDOGE15M-26OCT050045-45,0.0240,0.31,yes
2026-10-05T04:41:59.360853Z,KXDOGE15M-26OCT050045-45,0.0260,0.23,yes
2026-10-05T04:41:59.360853Z,KXDOGE15M-26OCT050045-45,0.0250,0.34,yes
2026-10-05T04:41:59.360853Z,KXDOGE15M-26OCT050045-45,0.0260,0.12,yes
2026-10-05T04:41:59.665675Z,KXDOGE15M-26OCT050045-45,0.0260,1.00,yes
2026-10-05T04:41:59.770022Z,KXDOGE15M-26OCT050045-45,0.0270,0.03,yes
2026-10-05T04:41:59.770022Z,KXDOGE15M-26OCT050045-45,0.0260,1.77,yes
2026-10-05T04:41:59.770022Z,KXDOGE15M-26OCT050045-45,0.0270,0.20,yes
2026-10-05T04:41:59.777957Z,KXDOGE15M-26OCT050045-45,0.0270,2.00,yes
2026-10-05T04:41:59.885592Z,KXDOGE15M-26OCT050045-45,0.0280,2.90,yes
2026-10-05T04:41:59.885592Z,KXDOGE15M-26OCT050045-45,0.0280,0.10,yes
2026-10-05T04:41:59.893803Z,KXDOGE15M-26OCT050045-45,0.0280,0.10,yes
2026-10-05T04:42:00.005709Z,KXDOGE15M-26OCT050045-45,0.0270,1.85,no
2026-10-05T04:42:00.014917Z,KXDOGE15M-26OCT050045-45,0.0290,0.89,yes
2026-10-05T04:42:00.014917Z,KXDOGE15M-26OCT050045-45,0.0290,0.11,yes
2026-10-05T04:42:00.015017Z,KXDOGE15M-26OCT050045-45,0.0280,10.25,no
2026-10-05T04:42:00.105051Z,KXDOGE15M-26OCT050045-45,0.0280,21.75,no
2026-10-05T04:42:00.134997Z,KXDOGE15M-26OCT050045-45,0.0220,2.00,no
2026-10-05T04:42:00.142818Z,KXDOGE15M-26OCT050045-45,0.0250,3.00,yes
2026-10-05T04:42:00.502799Z,KXDOGE15M-26OCT050045-45,0.0140,22.00,no
2026-10-05T04:42:00.502799Z,KXDOGE15M-26OCT050045-45,0.0180,3.00,no
2026-10-05T04:42:00.502799Z,KXDOGE15M-26OCT050045-45,0.0190,3.00,no
2026-10-05T04:42:00.502799Z,KXDOGE15M-26OCT050045-45,0.0140,1.00,no
2026-10-05T04:42:00.502799Z,KXDOGE15M-26OCT050045-45,0.0200,10.00,no
2026-10-05T04:42:00.502799Z,KXDOGE15M-26OCT050045-45,0.0130,5.00,no
2026-10-05T04:42:00.502799Z,KXDOGE15M-26OCT050045-45,0.0130,4.00,no
2026-10-05T04:42:00.502799Z,KXDOGE15M-26OCT050045-45,0.0130,10.93,no
2026-10-05T04:42:00.502799Z,KXDOGE15M-26OCT050045-45,0.0130,13.60,no
2026-10-05T04:42:00.590409Z,KXDOGE15M-26OCT050045-45,0.0190,13.60,yes
2026-10-05T04:42:00.590409Z,KXDOGE15M-26OCT050045-45,0.0210,14.40,yes
2026-10-05T04:42:00.597984Z,KXDOGE15M-26OCT050045-45,0.0190,5.00,yes
2026-10-05T04:42:00.597984Z,KXDOGE15M-26OCT050045-45,0.0210,11.00,yes
2026-10-05T04:42:00.76591Z,KXDOGE15M-26OCT050045-45,0.0190,4.00,yes
2026-10-05T04:42:01.167581Z,KXDOGE15M-26OCT050045-45,0.0160,1.00,no
2026-10-05T04:42:01.646928Z,KXDOGE15M-26OCT050045-45,0.0160,50.00,no
2026-10-05T04:42:01.804547Z,KXDOGE15M-26OCT050045-45,0.0310,40.00,yes
2026-10-05T04:42:01.804547Z,KXDOGE15M-26OCT050045-45,0.0310,60.00,yes
2026-10-05T04:42:01.804547Z,KXDOGE15M-26OCT050045-45,0.0250,0.25,yes
2026-10-05T04:42:01.804547Z,KXDOGE15M-26OCT050045-45,0.0190,10.93,yes
2026-10-05T04:42:01.804547Z,KXDOGE15M-26OCT050045-45,0.0210,14.60,yes
2026-10-05T04:42:01.804547Z,KXDOGE15M-26OCT050045-45,0.0310,60.00,yes
2026-10-05T04:42:01.804547Z,KXDOGE15M-26OCT050045-45,0.0260,0.34,yes
2026-10-05T04:42:01.804547Z,KXDOGE15M-26OCT050045-45,0.0310,43.01,yes
2026-10-05T04:42:01.804547Z,KXDOGE15M-26OCT050045-45,0.0310,25.00,yes
2026-10-05T04:42:01.804547Z,KXDOGE15M-26OCT050045-45,0.0280,0.41,yes
2026-10-05T04:42:01.804547Z,KXDOGE15M-26OCT050045-45,0.0290,0.45,yes
2026-10-05T04:42:01.804547Z,KXDOGE15M-26OCT050045-45,0.0270,33.00,yes
2026-10-05T04:42:01.804547Z,KXDOGE15M-26OCT050045-45,0.0240,13.00,yes
2026-10-05T04:42:01.804547Z,KXDOGE15M-26OCT050045-45,0.0270,0.38,yes
2026-10-05T04:42:01.804547Z,KXDOGE15M-26OCT050045-45,0.0250,0.31,yes
2026-10-05T04:42:01.804547Z,KXDOGE15M-26OCT050045-45,0.0300,0.12,yes
2026-10-05T04:42:01.804547Z,KXDOGE15M-26OCT050045-45,0.0280,10.00,yes
2026-10-05T04:42:01.804547Z,KXDOGE15M-26OCT050045-45,0.0310,0.17,yes
2026-10-05T04:42:01.911961Z,KXDOGE15M-26OCT050045-45,0.0310,31.99,yes
2026-10-05T04:42:01.911961Z,KXDOGE15M-26OCT050045-45,0.0310,24.85,yes
2026-10-05T04:42:01.911961Z,KXDOGE15M-26OCT050045-45,0.0300,10.00,yes
2026-10-05T04:42:01.911961Z,KXDOGE15M-26OCT050045-45,0.0300,31.00,yes
2026-10-05T04:42:02.343119Z,KXDOGE15M-26OCT050045-45,0.0280,1.08,yes
2026-10-05T04:42:02.716716Z,KXDOGE15M-26OCT050045-45,0.0170,2.00,no
2026-10-05T04:42:03.686073Z,KXDOGE15M-26OCT050045-45,0.0210,20.00,yes
2026-10-05T04:42:03.686073Z,KXDOGE15M-26OCT050045-45,0.0230,10.35,yes
2026-10-05T04:42:04.440503Z,KXDOGE15M-26OCT050045-45,0.0170,1.00,no
2026-10-05T04:42:04.506753Z,KXDOGE15M-26OCT050045-45,0.0210,6.00,yes
2026-10-05T04:42:04.506753Z,KXDOGE15M-26OCT050045-45,0.0200,13.00,yes
2026-10-05T04:42:04.506753Z,KXDOGE15M-26OCT050045-45,0.0200,1.00,yes
2026-10-05T04:42:04.506753Z,KXDOGE15M-26OCT050045-45,0.0210,30.00,yes
2026-10-05T04:42:04.513926Z,KXDOGE15M-26OCT050045-45,0.0210,8.49,yes
2026-10-05T04:42:04.513926Z,KXDOGE15M-26OCT050045-45,0.0210,34.00,yes
2026-10-05T04:42:06.776321Z,KXDOGE15M-26OCT050045-45,0.0170,19.53,no
2026-10-05T04:42:08.932771Z,KXDOGE15M-26OCT050045-45,0.0190,23.00,no
2026-10-05T04:42:12.487827Z,KXDOGE15M-26OCT050045-45,0.0160,2.00,no
2026-10-05T04:42:13.049078Z,KXDOGE15M-26OCT050045-45,0.0130,2.58,no
2026-10-05T04:42:13.049078Z,KXDOGE15M-26OCT050045-45,0.0130,1.88,no
2026-10-05T04:42:13.049078Z,KXDOGE15M-26OCT050045-45,0.0130,14.42,no
2026-10-05T04:42:13.049078Z,KXDOGE15M-26OCT050045-45,0.0140,7.12,no
2026-10-05T04:42:13.049078Z,KXDOGE15M-26OCT050045-45,0.0150,21.00,no
2026-10-05T04:42:13.049078Z,KXDOGE15M-26OCT050045-45,0.0140,3.00,no
2026-10-05T04:42:13.049078Z,KXDOGE15M-26OCT050045-45,0.0150,1.00,no
2026-10-05T04:42:13.049078Z,KXDOGE15M-26OCT050045-45,0.0150,3.00,no
2026-10-05T04:42:14.627454Z,KXDOGE15M-26OCT050045-45,0.0140,1.00,no
2026-10-05T04:42:14.633781Z,KXDOGE15M-26OCT050045-45,0.0140,1.00,no
2026-10-05T04:42:16.361005Z,KXDOGE15M-26OCT050045-45,0.0130,4.00,no
2026-10-05T04:42:16.361005Z,KXDOGE15M-26OCT050045-45,0.0130,1.28,no
2026-10-05T04:42:16.361005Z,KXDOGE15M-26OCT050045-45,0.0130,25.00,no
2026-10-05T04:42:16.361005Z,KXDOGE15M-26OCT050045-45,0.0130,4.00,no
2026-10-05T04:42:16.361005Z,KXDOGE15M-26OCT050045-45,0.0130,3.00,no
2026-10-05T04:42:16.361005Z,KXDOGE15M-26OCT050045-45,0.0130,12.01,no
2026-10-05T04:42:16.361005Z,KXDOGE15M-26OCT050045-45,0.0130,2.72,no
2026-10-05T04:42:16.361005Z,KXDOGE15M-26OCT050045-45,0.0130,8.26,no
2026-10-05T04:42:16.361005Z,KXDOGE15M-26OCT050045-45,0.0130,3.74,no
2026-10-05T04:42:16.361005Z,KXDOGE15M-26OCT050045-45,0.0130,4.00,no
2026-10-05T04:42:16.361005Z,KXDOGE15M-26OCT050045-45,0.0130,0.57,no
2026-10-05T04:42:16.361005Z,KXDOGE15M-26OCT050045-45,0.0130,1.42,no
2026-10-05T04:42:16.361005Z,KXDOGE15M-26OCT050045-45,0.0130,10.93,no
2026-10-05T04:42:16.361005Z,KXDOGE15M-26OCT050045-45,0.0130,4.00,no
2026-10-05T04:42:16.361005Z,KXDOGE15M-26OCT050045-45,0.0130,13.60,no
2026-10-05T04:42:16.361005Z,KXDOGE15M-26OCT050045-45,0.0130,5.00,no
2026-10-05T04:42:16.361005Z,KXDOGE15M-26OCT050045-45,0.0130,1.01,no
2026-10-05T04:42:16.361005Z,KXDOGE15M-26OCT050045-45,0.0130,11.96,no
2026-10-05T04:42:16.361005Z,KXDOGE15M-26OCT050045-45,0.0130,14.62,no
2026-10-05T04:42:16.361005Z,KXDOGE15M-26OCT050045-45,0.0130,7.75,no
2026-10-05T04:42:16.361005Z,KXDOGE15M-26OCT050045-45,0.0130,2.00,no
2026-10-05T04:42:16.361005Z,KXDOGE15M-26OCT050045-45,0.0130,0.25,no
2026-10-05T04:42:16.361005Z,KXDOGE15M-26OCT050045-45,0.0130,3.00,no
2026-10-05T04:42:17.896584Z,KXDOGE15M-26OCT050045-45,0.0120,6.00,no
2026-10-05T04:42:17.901541Z,KXDOGE15M-26OCT050045-45,0.0120,3.00,no
2026-10-05T04:42:18.076715Z,KXDOGE15M-26OCT050045-45,0.0120,3.00,no
2026-10-05T04:42:18.083964Z,KXDOGE15M-26OCT050045-45,0.0120,3.00,no
2026-10-05T04:42:18.357178Z,KXDOGE15M-26OCT050045-45,0.0120,3.00,no
2026-10-05T04:42:18.365231Z,KXDOGE15M-26OCT050045-45,0.0120,3.00,no
2026-10-05T04:42:18.371311Z,KXDOGE15M-26OCT050045-45,0.0120,3.00,no
2026-10-05T04:42:19.401472Z,KXDOGE15M-26OCT050045-45,0.0120,0.90,no
2026-10-05T04:42:22.663683Z,KXDOGE15M-26OCT050045-45,0.0130,12.00,yes
2026-10-05T04:42:22.663683Z,KXDOGE15M-26OCT050045-45,0.0130,6.00,yes
2026-10-05T04:42:22.663683Z,KXDOGE15M-26OCT050045-45,0.0130,7.00,yes
2026-10-05T04:42:22.948731Z,KXDOGE15M-26OCT050045-45,0.0120,10.00,no
2026-10-05T04:42:23.13802Z,KXDOGE15M-26OCT050045-45,0.0110,45.90,no
2026-10-05T04:42:23.13802Z,KXDOGE15M-26OCT050045-45,0.0120,31.10,no
2026-10-05T04:42:23.13802Z,KXDOGE15M-26OCT050045-45,0.0120,3.00,no
2026-10-05T04:42:23.13802Z,KXDOGE15M-26OCT050045-45,0.0120,20.00,no
2026-10-05T04:42:23.682283Z,KXDOGE15M-26OCT050045-45,0.0110,47.90,no
2026-10-05T04:42:23.682283Z,KXDOGE15M-26OCT050045-45,0.0110,12.10,no
2026-10-05T04:42:25.127842Z,KXDOGE15M-26OCT050045-45,0.0110,3.00,no
2026-10-05T04:42:25.133172Z,KXDOGE15M-26OCT050045-45,0.0110,3.00,no
2026-10-05T04:42:25.228779Z,KXDOGE15M-26OCT050045-45,0.0110,4.00,no
2026-10-05T04:42:25.235586Z,KXDOGE15M-26OCT050045-45,0.0110,3.00,no
2026-10-05T04:42:25.241045Z,KXDOGE15M-26OCT050045-45,0.0110,0.90,no
2026-10-05T04:42:25.241045Z,KXDOGE15M-26OCT050045-45,0.0110,0.10,no
2026-10-05T04:42:26.914277Z,KXDOGE15M-26OCT050045-45,0.0110,53.00,no
2026-10-05T04:42:27.491009Z,KXDOGE15M-26OCT050045-45,0.0110,3.00,no
2026-10-05T04:42:27.498239Z,KXDOGE15M-26OCT050045-45,0.0110,1.00,no
2026-10-05T04:42:27.798691Z,KXDOGE15M-26OCT050045-45,0.0110,8.00,no
2026-10-05T04:42:27.804937Z,KXDOGE15M-26OCT050045-45,0.0110,3.00,no
2026-10-05T04:42:27.809615Z,KXDOGE15M-26OCT050045-45,0.0110,3.00,no
2026-10-05T04:42:27.814428Z,KXDOGE15M-26OCT050045-45,0.0110,1.00,no
2026-10-05T04:42:28.093477Z,KXDOGE15M-26OCT050045-45,0.0120,3.00,yes
2026-10-05T04:42:28.093477Z,KXDOGE15M-26OCT050045-45,0.0120,2.00,yes
2026-10-05T04:42:28.872746Z,KXDOGE15M-26OCT050045-45,0.0120,0.93,yes
2026-10-05T04:42:30.076822Z,KXDOGE15M-26OCT050045-45,0.0110,1.00,no
2026-10-05T04:42:30.083538Z,KXDOGE15M-26OCT050045-45,0.0110,1.00,no
2026-10-05T04:42:30.136033Z,KXDOGE15M-26OCT050045-45,0.0110,2.00,no
2026-10-05T04:42:31.33698Z,KXDOGE15M-26OCT050045-45,0.0130,0.19,yes
2026-10-05T04:42:31.33698Z,KXDOGE15M-26OCT050045-45,0.0120,1.07,yes
2026-10-05T04:42:31.33698Z,KXDOGE15M-26OCT050045-45,0.0120,0.19,yes
2026-10-05T04:42:31.33698Z,KXDOGE15M-26OCT050045-45,0.0130,39.80,yes
2026-10-05T04:42:31.33698Z,KXDOGE15M-26OCT050045-45,0.0140,12.02,yes
2026-10-05T04:42:31.33698Z,KXDOGE15M-26OCT050045-45,0.0120,19.00,yes
2026-10-05T04:42:35.290469Z,KXDOGE15M-26OCT050045-45,0.0110,1.00,no
2026-10-05T04:42:35.290469Z,KXDOGE15M-26OCT050045-45,0.0110,1.00,no
2026-10-05T04:42:35.290469Z,KXDOGE15M-26OCT050045-45,0.0110,39.90,no
2026-10-05T04:42:35.290469Z,KXDOGE15M-26OCT050045-45,0.0110,2.00,no
2026-10-05T04:42:35.290469Z,KXDOGE15M-26OCT050045-45,0.0110,1.00,no
2026-10-05T04:42:35.290469Z,KXDOGE15M-26OCT050045-45,0.0110,10.00,no
2026-10-05T04:42:35.290469Z,KXDOGE15M-26OCT050045-45,0.0110,23.10,no
2026-10-05T04:42:35.290469Z,KXDOGE15M-26OCT050045-45,0.0110,20.00,no
2026-10-05T04:42:35.290469Z,KXDOGE15M-26OCT050045-45,0.0110,2.00,no
2026-10-05T04:42:37.895422Z,KXDOGE15M-26OCT050045-45,0.0100,20.00,no
2026-10-05T04:42:37.895422Z,KXDOGE15M-26OCT050045-45,0.0110,470.10,no
2026-10-05T04:42:37.895422Z,KXDOGE15M-26OCT050045-45,0.0100,5.00,no
2026-10-05T04:42:37.895422Z,KXDOGE15M-26OCT050045-45,0.0090,5.00,no
2026-10-05T04:42:37.895422Z,KXDOGE15M-26OCT050045-45,0.0100,100.00,no
2026-10-05T04:42:37.895422Z,KXDOGE15M-26OCT050045-45,0.0100,2.00,no
2026-10-05T04:42:37.895422Z,KXDOGE15M-26OCT050045-45,0.0050,127.20,no
2026-10-05T04:42:37.895422Z,KXDOGE15M-26OCT050045-45,0.0100,25.00,no
2026-10-05T04:42:37.895422Z,KXDOGE15M-26OCT050045-45,0.0060,5.00,no
2026-10-05T04:42:37.895422Z,KXDOGE15M-26OCT050045-45,0.0080,5.00,no
2026-10-05T04:42:37.895422Z,KXDOGE15M-26OCT050045-45,0.0050,5.00,no
2026-10-05T04:42:37.895422Z,KXDOGE15M-26OCT050045-45,0.0070,5.00,no
2026-10-05T04:42:37.895422Z,KXDOGE15M-26OCT050045-45,0.0070,10.00,no
2026-10-05T04:42:37.895422Z,KXDOGE15M-26OCT050045-45,0.0100,2.00,no
2026-10-05T04:42:37.895422Z,KXDOGE15M-26OCT050045-45,0.0100,3.00,no
2026-10-05T04:42:37.895422Z,KXDOGE15M-26OCT050045-45,0.0090,3.00,no
2026-10-05T04:42:37.895422Z,KXDOGE15M-26OCT050045-45,0.0060,34.00,no
2026-10-05T04:42:37.895422Z,KXDOGE15M-26OCT050045-45,0.0090,1.29,no
2026-10-05T04:42:37.895422Z,KXDOGE15M-26OCT050045-45,0.0110,6.00,no
2026-10-05T04:42:38.424743Z,KXDOGE15M-26OCT050045-45,0.0110,5.00,yes
2026-10-05T04:42:38.424743Z,KXDOGE15M-26OCT050045-45,0.0110,15.00,yes
2026-10-05T04:42:40.605152Z,KXDOGE15M-26OCT050045-45,0.0050,17.78,no
2026-10-05T04:42:40.605152Z,KXDOGE15M-26OCT050045-45,0.0050,1.00,no
2026-10-05T04:42:40.605152Z,KXDOGE15M-26OCT050045-45,0.0070,3.00,no
2026-10-05T04:42:40.605152Z,KXDOGE15M-26OCT050045-45,0.0080,3.00,no
2026-10-05T04:42:40.605152Z,KXDOGE15M-26OCT050045-45,0.0070,1.00,no
2026-10-05T04:42:40.605152Z,KXDOGE15M-26OCT050045-45,0.0100,2.00,no
2026-10-05T04:42:40.605152Z,KXDOGE15M-26OCT050045-45,0.0100,1.00,no
2026-10-05T04:42:41.726238Z,KXDOGE15M-26OCT050045-45,0.0090,3.00,yes
2026-10-05T04:42:41.732483Z,KXDOGE15M-26OCT050045-45,0.0090,2.00,yes
2026-10-05T04:42:43.191318Z,KXDOGE15M-26OCT050045-45,0.0070,5.00,yes
2026-10-05T04:42:43.191318Z,KXDOGE15M-26OCT050045-45,0.0070,5.00,yes
2026-10-05T04:42:43.191318Z,KXDOGE15M-26OCT050045-45,0.0070,64.00,yes
2026-10-05T04:42:43.191318Z,KXDOGE15M-26OCT050045-45,0.0080,78.10,yes
2026-10-05T04:42:43.191318Z,KXDOGE15M-26OCT050045-45,0.0080,248.65,yes
2026-10-05T04:42:46.608259Z,KXDOGE15M-26OCT050045-45,0.0070,0.25,yes
2026-10-05T04:42:46.608259Z,KXDOGE15M-26OCT050045-45,0.0070,6.00,yes
2026-10-05T04:42:46.608259Z,KXDOGE15M-26OCT050045-45,0.0080,93.75,yes
2026-10-05T04:42:46.871952Z,KXDOGE15M-26OCT050045-45,0.0050,92.20,no
2026-10-05T04:42:46.871952Z,KXDOGE15M-26OCT050045-45,0.0060,1.00,no
2026-10-05T04:42:46.871952Z,KXDOGE15M-26OCT050045-45,0.0060,34.00,no
2026-10-05T04:42:51.183809Z,KXDOGE15M-26OCT050045-45,0.0070,0.31,yes
2026-10-05T04:42:52.045118Z,KXDOGE15M-26OCT050045-45,0.0040,5.00,no
2026-10-05T04:42:52.045118Z,KXDOGE15M-26OCT050045-45,0.0030,5.00,no
2026-10-05T04:42:52.045118Z,KXDOGE15M-26OCT050045-45,0.0030,61.40,no
2026-10-05T04:42:52.045118Z,KXDOGE15M-26OCT050045-45,0.0050,10.02,no
2026-10-05T04:42:52.045118Z,KXDOGE15M-26OCT050045-45,0.0040,13.00,no
2026-10-05T04:42:52.045118Z,KXDOGE15M-26OCT050045-45,0.0050,11.00,no
2026-10-05T04:42:52.045118Z,KXDOGE15M-26OCT050045-45,0.0040,1.00,no
2026-10-05T04:42:52.045118Z,KXDOGE15M-26OCT050045-45,0.0040,1.00,no
2026-10-05T04:42:52.045118Z,KXDOGE15M-26OCT050045-45,0.0040,1.00,no
2026-10-05T04:42:52.045118Z,KXDOGE15M-26OCT050045-45,0.0040,1.00,no
2026-10-05T04:42:52.045118Z,KXDOGE15M-26OCT050045-45,0.0040,1.00,no
2026-10-05T04:42:52.045118Z,KXDOGE15M-26OCT050045-45,0.0060,1.00,no
2026-10-05T04:42:52.045118Z,KXDOGE15M-26OCT050045-45,0.0060,1.00,no
2026-10-05T04:42:52.045118Z,KXDOGE15M-26OCT050045-45,0.0040,27.00,no
2026-10-05T04:42:52.045118Z,KXDOGE15M-26OCT050045-45,0.0050,3.00,no
2026-10-05T04:42:52.045118Z,KXDOGE15M-26OCT050045-45,0.0040,3.00,no
2026-10-05T04:42:52.045118Z,KXDOGE15M-26OCT050045-45,0.0040,10.00,no
2026-10-05T04:42:52.179327Z,KXDOGE15M-26OCT050045-45,0.0060,5.00,yes
2026-10-05T04:42:52.179327Z,KXDOGE15M-26OCT050045-45,0.0060,17.00,yes
2026-10-05T04:42:52.188344Z,KXDOGE15M-26OCT050045-45,0.0060,16.00,yes
2026-10-05T04:42:52.195523Z,KXDOGE15M-26OCT050045-45,0.0060,5.00,yes
2026-10-05T04:42:52.202107Z,KXDOGE15M-26OCT050045-45,0.0060,5.00,yes
2026-10-05T04:42:52.208268Z,KXDOGE15M-26OCT050045-45,0.0060,4.00,yes
2026-10-05T04:42:53.094032Z,KXDOGE15M-26OCT050045-45,0.0060,11.57,yes
2026-10-05T04:42:53.228356Z,KXDOGE15M-26OCT050045-45,0.0060,2.83,yes
2026-10-05T04:42:53.228356Z,KXDOGE15M-26OCT050045-45,0.0060,1.17,yes
2026-10-05T04:42:53.658545Z,KXDOGE15M-26OCT050045-45,0.0060,0.17,yes
2026-10-05T04:42:53.658545Z,KXDOGE15M-26OCT050045-45,0.0060,3.83,yes
2026-10-05T04:42:53.66476Z,KXDOGE15M-26OCT050045-45,0.0060,0.08,yes
2026-10-05T04:42:54.614727Z,KXDOGE15M-26OCT050045-45,0.0060,74.00,no
2026-10-05T04:42:59.621218Z,KXDOGE15M-26OCT050045-45,0.0050,1.00,no
2026-10-05T04:42:59.786227Z,KXDOGE15M-26OCT050045-45,0.0030,188.60,no
2026-10-05T04:42:59.786227Z,KXDOGE15M-26OCT050045-45,0.0030,20.40,no
2026-10-05T04:43:00.099688Z,KXDOGE15M-26OCT050045-45,0.0040,25.00,yes
2026-10-05T04:43:00.099688Z,KXDOGE15M-26OCT050045-45,0.0040,42.70,yes
2026-10-05T04:43:00.231759Z,KXDOGE15M-26OCT050045-45,0.0040,45.00,yes
2026-10-05T04:43:00.242084Z,KXDOGE15M-26OCT050045-45,0.0040,16.00,yes
2026-10-05T04:43:00.248446Z,KXDOGE15M-26OCT050045-45,0.0040,5.00,yes
2026-10-05T04:43:00.256823Z,KXDOGE15M-26OCT050045-45,0.0040,2.00,yes
2026-10-05T04:43:00.263935Z,KXDOGE15M-26OCT050045-45,0.0040,1.00,yes
2026-10-05T04:43:00.32841Z,KXDOGE15M-26OCT050045-45,0.0030,1.00,no
2026-10-05T04:43:03.787532Z,KXDOGE15M-26OCT050045-45,0.0050,36.61,yes
2026-10-05T04:43:03.787532Z,KXDOGE15M-26OCT050045-45,0.0050,86.80,yes
2026-10-05T04:43:03.787532Z,KXDOGE15M-26OCT050045-45,0.0040,0.31,yes
2026-10-05T04:43:03.787532Z,KXDOGE15M-26OCT050045-45,0.0040,76.90,yes
2026-10-05T04:43:04.779167Z,KXDOGE15M-26OCT050045-45,0.0030,8.60,no
2026-10-05T04:43:04.779167Z,KXDOGE15M-26OCT050045-45,0.0020,400.00,no
2026-10-05T04:43:04.779167Z,KXDOGE15M-26OCT050045-45,0.0020,1386.62,no
2026-10-05T04:43:04.779167Z,KXDOGE15M-26OCT050045-45,0.0030,18.00,no
2026-10-05T04:43:04.779167Z,KXDOGE15M-26OCT050045-45,0.0030,2.00,no
2026-10-05T04:43:04.779167Z,KXDOGE15M-26OCT050045-45,0.0030,2.00,no
2026-10-05T04:43:04.779167Z,KXDOGE15M-26OCT050045-45,0.0030,2.00,no
2026-10-05T04:43:04.779167Z,KXDOGE15M-26OCT050045-45,0.0030,2.00,no
2026-10-05T04:43:04.779167Z,KXDOGE15M-26OCT050045-45,0.0030,2.00,no
2026-10-05T04:43:04.779167Z,KXDOGE15M-26OCT050045-45,0.0040,1.00,no
2026-10-05T04:43:04.779167Z,KXDOGE15M-26OCT050045-45,0.0040,27.00,no
2026-10-05T04:43:04.779167Z,KXDOGE15M-26OCT050045-45,0.0030,3.00,no
2026-10-05T04:43:04.779167Z,KXDOGE15M-26OCT050045-45,0.0030,250.00,no
2026-10-05T04:43:05.046141Z,KXDOGE15M-26OCT050045-45,0.0040,1.00,no
2026-10-05T04:43:08.123504Z,KXDOGE15M-26OCT050045-45,0.0050,17.09,yes
2026-10-05T04:43:08.123504Z,KXDOGE15M-26OCT050045-45,0.0050,7.60,yes
2026-10-05T04:43:08.123504Z,KXDOGE15M-26OCT050045-45,0.0050,0.31,yes
2026-10-05T04:43:10.347326Z,KXDOGE15M-26OCT050045-45,0.0050,5.00,yes
2026-10-05T04:43:13.892821Z,KXDOGE15M-26OCT050045-45,0.0040,229.04,yes
2026-10-05T04:43:15.014324Z,KXDOGE15M-26OCT050045-45,0.0040,229.04,yes
2026-10-05T04:43:15.974317Z,KXDOGE15M-26OCT050045-45,0.0030,4.45,no
2026-10-05T04:43:16.319499Z,KXDOGE15M-26OCT050045-45,0.0020,566.99,no
2026-10-05T04:43:16.319499Z,KXDOGE15M-26OCT050045-45,0.0030,40.00,no
2026-10-05T04:43:16.319499Z,KXDOGE15M-26OCT050045-45,0.0030,143.55,no
2026-10-05T04:43:17.090202Z,KXDOGE15M-26OCT050045-45,0.0030,12.86,yes
2026-10-05T04:43:17.090202Z,KXDOGE15M-26OCT050045-45,0.0030,21.00,yes
2026-10-05T04:43:17.903851Z,KXDOGE15M-26OCT050045-45,0.0030,23.14,yes
2026-10-05T04:43:17.903851Z,KXDOGE15M-26OCT050045-45,0.0030,0.37,yes
2026-10-05T04:43:17.903851Z,KXDOGE15M-26OCT050045-45,0.0040,72.20,yes
2026-10-05T04:43:17.903851Z,KXDOGE15M-26OCT050045-45,0.0040,903.92,yes
2026-10-05T04:43:17.903851Z,KXDOGE15M-26OCT050045-45,0.0040,0.37,yes
2026-10-05T04:43:18.879513Z,KXDOGE15M-26OCT050045-45,0.0040,0.37,yes
2026-10-05T04:43:18.879513Z,KXDOGE15M-26OCT050045-45,0.0050,186.60,yes
2026-10-05T04:43:19.634937Z,KXDOGE15M-26OCT050045-45,0.0030,10.00,yes
2026-10-05T04:43:19.634937Z,KXDOGE15M-26OCT050045-45,0.0050,8.69,yes
2026-10-05T04:43:21.523951Z,KXDOGE15M-26OCT050045-45,0.0020,51.59,no
2026-10-05T04:43:21.523951Z,KXDOGE15M-26OCT050045-45,0.0020,46.39,no
2026-10-05T04:43:23.098923Z,KXDOGE15M-26OCT050045-45,0.0050,15.31,yes
2026-10-05T04:43:23.098923Z,KXDOGE15M-26OCT050045-45,0.0030,9.00,yes
2026-10-05T04:43:23.098923Z,KXDOGE15M-26OCT050045-45,0.0040,82.00,yes
2026-10-05T04:43:23.098923Z,KXDOGE15M-26OCT050045-45,0.0030,0.37,yes
2026-10-05T04:43:23.098923Z,KXDOGE15M-26OCT050045-45,0.0040,0.41,yes
2026-10-05T04:43:25.569078Z,KXDOGE15M-26OCT050045-45,0.0030,14.15,yes
2026-10-05T04:43:25.569078Z,KXDOGE15M-26OCT050045-45,0.0030,62.00,yes
2026-10-05T04:43:25.569078Z,KXDOGE15M-26OCT050045-45,0.0030,10.00,yes
2026-10-05T04:43:25.569078Z,KXDOGE15M-26OCT050045-45,0.0030,0.37,yes
2026-10-05T04:43:27.652983Z,KXDOGE15M-26OCT050045-45,0.0030,235.85,yes
2026-10-05T04:43:27.652983Z,KXDOGE15M-26OCT050045-45,0.0050,1.87,yes
2026-10-05T04:43:27.652983Z,KXDOGE15M-26OCT050045-45,0.0040,0.37,yes
2026-10-05T04:43:27.652983Z,KXDOGE15M-26OCT050045-45,0.0030,0.37,yes
2026-10-05T04:43:27.652983Z,KXDOGE15M-26OCT050045-45,0.0030,33.00,yes
2026-10-05T04:43:27.652983Z,KXDOGE15M-26OCT050045-45,0.0040,20.00,yes
2026-10-05T04:43:27.652983Z,KXDOGE15M-26OCT050045-45,0.0030,10.00,yes
2026-10-05T04:43:30.064725Z,KXDOGE15M-26OCT050045-45,0.0020,92.59,no
2026-10-05T04:43:30.064725Z,KXDOGE15M-26OCT050045-45,0.0020,5.00,no
2026-10-05T04:43:30.064725Z,KXDOGE15M-26OCT050045-45,0.0020,48.41,no
2026-10-05T04:43:30.113243Z,KXDOGE15M-26OCT050045-45,0.0020,14.77,no
2026-10-05T04:43:30.318948Z,KXDOGE15M-26OCT050045-45,0.0020,272.00,no
2026-10-05T04:43:30.403282Z,KXDOGE15M-26OCT050045-45,0.0020,54.00,no
2026-10-05T04:43:32.220856Z,KXDOGE15M-26OCT050045-45,0.0030,14.77,yes
2026-10-05T04:43:32.220856Z,KXDOGE15M-26OCT050045-45,0.0040,2.00,yes
2026-10-05T04:43:32.220856Z,KXDOGE15M-26OCT050045-45,0.0030,92.59,yes
2026-10-05T04:43:32.220856Z,KXDOGE15M-26OCT050045-45,0.0040,2.00,yes
2026-10-05T04:43:32.220856Z,KXDOGE15M-26OCT050045-45,0.0030,272.00,yes
2026-10-05T04:43:32.220856Z,KXDOGE15M-26OCT050045-45,0.0030,54.00,yes
2026-10-05T04:43:32.220856Z,KXDOGE15M-26OCT050045-45,0.0030,5.00,yes
2026-10-05T04:43:32.220856Z,KXDOGE15M-26OCT050045-45,0.0030,0.37,yes
2026-10-05T04:43:32.220856Z,KXDOGE15M-26OCT050045-45,0.0030,8.00,yes
2026-10-05T04:43:32.220856Z,KXDOGE15M-26OCT050045-45,0.0030,10.00,yes
2026-10-05T04:43:32.220856Z,KXDOGE15M-26OCT050045-45,0.0030,34.00,yes
2026-10-05T04:43:32.220856Z,KXDOGE15M-26OCT050045-45,0.0040,0.37,yes
2026-10-05T04:43:32.220856Z,KXDOGE15M-26OCT050045-45,0.0040,1.00,yes
2026-10-05T04:43:32.220856Z,KXDOGE15M-26OCT050045-45,0.0050,635.85,yes
2026-10-05T04:43:32.848588Z,KXDOGE15M-26OCT050045-45,0.0020,66.64,no
2026-10-05T04:43:32.848588Z,KXDOGE15M-26OCT050045-45,0.0010,22.39,no
2026-10-05T04:43:32.848588Z,KXDOGE15M-26OCT050045-45,0.0020,26.00,no
2026-10-05T04:43:32.848588Z,KXDOGE15M-26OCT050045-45,0.0020,3.00,no
2026-10-05T04:43:32.848588Z,KXDOGE15M-26OCT050045-45,0.0020,3.00,no
2026-10-05T04:43:32.848588Z,KXDOGE15M-26OCT050045-45,0.0020,3.00,no
2026-10-05T04:43:32.848588Z,KXDOGE15M-26OCT050045-45,0.0020,3.00,no
2026-10-05T04:43:32.848588Z,KXDOGE15M-26OCT050045-45,0.0020,3.00,no
2026-10-05T04:43:32.848588Z,KXDOGE15M-26OCT050045-45,0.0020,1.00,no
2026-10-05T04:43:32.848588Z,KXDOGE15M-26OCT050045-45,0.0020,15.00,no
2026-10-05T04:43:33.065774Z,KXDOGE15M-26OCT050045-45,0.0020,22.39,yes
2026-10-05T04:43:33.065774Z,KXDOGE15M-26OCT050045-45,0.0020,11.47,yes
2026-10-05T04:43:34.916576Z,KXDOGE15M-26OCT050045-45,0.0020,97.46,yes
2026-10-05T04:43:34.916576Z,KXDOGE15M-26OCT050045-45,0.0020,0.37,yes
2026-10-05T04:43:34.916576Z,KXDOGE15M-26OCT050045-45,0.0020,55.17,yes
2026-10-05T04:43:41.771991Z,KXDOGE15M-26OCT050045-45,0.0010,1.00,no
2026-10-05T04:43:46.368983Z,KXDOGE15M-26OCT050045-45,0.0010,1.00,no
2026-10-05T04:43:48.172368Z,KXDOGE15M-26OCT050045-45,0.0020,489.54,yes
2026-10-05T04:43:48.172368Z,KXDOGE15M-26OCT050045-45,0.0020,0.37,yes
2026-10-05T04:43:48.172368Z,KXDOGE15M-26OCT050045-45,0.0020,426.11,yes
2026-10-05T04:43:49.412513Z,KXDOGE15M-26OCT050045-45,0.0010,463.00,no
2026-10-05T04:43:52.331078Z,KXDOGE15M-26OCT050045-45,0.0020,103.00,yes
2026-10-05T04:43:52.331078Z,KXDOGE15M-26OCT050045-45,0.0020,0.43,yes
2026-10-05T04:43:52.331078Z,KXDOGE15M-26OCT050045-45,0.0020,441.71,yes
2026-10-05T04:43:52.331078Z,KXDOGE15M-26OCT050045-45,0.0020,1.00,yes
2026-10-05T04:43:52.331078Z,KXDOGE15M-26OCT050045-45,0.0020,253.00,yes
2026-10-05T04:43:52.331078Z,KXDOGE15M-26OCT050045-45,0.0020,1.00,yes
2026-10-05T04:43:52.331078Z,KXDOGE15M-26OCT050045-45,0.0020,573.89,yes
2026-10-05T04:43:52.9715Z,KXDOGE15M-26OCT050045-45,0.0010,12.61,no
2026-10-05T04:43:52.9715Z,KXDOGE15M-26OCT050045-45,0.0010,218.39,no
2026-10-05T04:43:53.37974Z,KXDOGE15M-26OCT050045-45,0.0010,116.00,no
2026-10-05T04:43:53.718262Z,KXDOGE15M-26OCT050045-45,0.0010,34.39,no
2026-10-05T04:43:53.718262Z,KXDOGE15M-26OCT050045-45,0.0010,1.00,no
2026-10-05T04:43:53.718262Z,KXDOGE15M-26OCT050045-45,0.0010,5.00,no
2026-10-05T04:43:53.718262Z,KXDOGE15M-26OCT050045-45,0.0010,1.00,no
2026-10-05T04:43:53.718262Z,KXDOGE15M-26OCT050045-45,0.0010,15.61,no
2026-10-05T04:43:53.718262Z,KXDOGE15M-26OCT050045-45,0.0010,1.00,no
2026-10-05T04:43:54.01969Z,KXDOGE15M-26OCT050045-45,0.0010,29.00,no
2026-10-05T04:43:59.686849Z,KXDOGE15M-26OCT050045-45,0.0010,10.00,no
2026-10-05T04:43:59.686849Z,KXDOGE15M-26OCT050045-45,0.0010,3.00,no
2026-10-05T04:43:59.686849Z,KXDOGE15M-26OCT050045-45,0.0010,50.39,no
2026-10-05T04:43:59.686849Z,KXDOGE15M-26OCT050045-45,0.0010,136.61,no
2026-10-05T04:44:00.040282Z,KXDOGE15M-26OCT050045-45,0.0010,36.00,no
2026-10-05T04:44:00.24873Z,KXDOGE15M-26OCT050045-45,0.0010,34.00,no
2026-10-05T04:44:00.250091Z,KXDOGE15M-26OCT050045-45,0.0010,40.00,no
2026-10-05T04:44:00.434209Z,KXDOGE15M-26OCT050045-45,0.0010,1.00,no
2026-10-05T04:44:00.582108Z,KXDOGE15M-26OCT050045-45,0.0010,40.00,no
2026-10-05T04:44:00.58291Z,KXDOGE15M-26OCT050045-45,0.0010,8.00,no
2026-10-05T04:44:00.58291Z,KXDOGE15M-26OCT050045-45,0.0010,1.00,no
2026-10-05T04:44:00.58291Z,KXDOGE15M-26OCT050045-45,0.0010,1.00,no
2026-10-05T04:44:00.58291Z,KXDOGE15M-26OCT050045-45,0.0010,22.39,no
2026-10-05T04:44:00.58291Z,KXDOGE15M-26OCT050045-45,0.0010,7.61,no
2026-10-05T04:44:00.74567Z,KXDOGE15M-26OCT050045-45,0.0010,1.00,no
2026-10-05T04:44:01.061035Z,KXDOGE15M-26OCT050045-45,0.0010,432.71,no
2026-10-05T04:44:01.061035Z,KXDOGE15M-26OCT050045-45,0.0010,16.90,no
2026-10-05T04:44:01.061035Z,KXDOGE15M-26OCT050045-45,0.0010,6.00,no
2026-10-05T04:44:01.061035Z,KXDOGE15M-26OCT050045-45,0.0010,34.00,no
2026-10-05T04:44:01.061035Z,KXDOGE15M-26OCT050045-45,0.0010,36.00,no
2026-10-05T04:44:01.061035Z,KXDOGE15M-26OCT050045-45,0.0010,10.00,no
2026-10-05T04:44:01.061035Z,KXDOGE15M-26OCT050045-45,0.0010,50.39,no
2026-10-05T04:44:02.095485Z,KXDOGE15M-26OCT050045-45,0.0010,33.87,yes
2026-10-05T04:44:06.422692Z,KXDOGE15M-26OCT050045-45,0.0010,4.00,yes
2026-10-05T04:44:06.422692Z,KXDOGE15M-26OCT050045-45,0.0010,716.13,yes
2026-10-05T04:44:06.422692Z,KXDOGE15M-26OCT050045-45,0.0010,195.86,yes
2026-10-05T04:44:16.294289Z,KXDOGE15M-26OCT050045-45,0.0010,4.14,yes
2026-10-05T04:44:16.294289Z,KXDOGE15M-26OCT050045-45,0.0010,720.85,yes
2026-10-05T04:44:16.294289Z,KXDOGE15M-26OCT050045-45,0.0010,71.00,yes
2026-10-05T04:44:16.294289Z,KXDOGE15M-26OCT050045-45,0.0010,40.00,yes
2026-10-05T04:44:16.294289Z,KXDOGE15M-26OCT050045-45,0.0010,40.00,yes
2026-10-05T04:44:16.294289Z,KXDOGE15M-26OCT050045-45,0.0010,40.00,yes
2026-10-05T04:44:17.133538Z,KXDOGE15M-26OCT050045-45,0.0010,915.99,yes
2026-10-05T04:44:22.704313Z,KXDOGE15M-26OCT050045-45,0.0010,1831.90,yes
2026-10-05T04:44:25.441067Z,KXDOGE15M-26OCT050045-45,0.0010,915.99,yes
2026-10-05T04:44:30.149061Z,KXDOGE15M-26OCT050045-45,0.0010,915.99,yes
2026-10-05T04:44:30.334123Z,KXDOGE15M-26OCT050045-45,0.0010,47.14,yes
2026-10-05T04:44:47.905233Z,KXDOGE15M-26OCT050045-45,0.0010,1.00,yes
2026-10-05T04:42:14.185271Z,KXXRP15M-26OCT050045-45,0.0300,1.16,yes
2026-10-05T04:42:14.185271Z,KXXRP15M-26OCT050045-45,0.0310,0.34,yes
2026-10-05T04:42:14.185271Z,KXXRP15M-26OCT050045-45,0.0370,0.33,yes
2026-10-05T04:42:14.185271Z,KXXRP15M-26OCT050045-45,0.0350,0.27,yes
2026-10-05T04:42:14.185271Z,KXXRP15M-26OCT050045-45,0.0360,0.30,yes
2026-10-05T04:42:14.185271Z,KXXRP15M-26OCT050045-45,0.0380,0.36,yes
2026-10-05T04:42:14.185271Z,KXXRP15M-26OCT050045-45,0.0390,0.40,yes
2026-10-05T04:42:14.185271Z,KXXRP15M-26OCT050045-45,0.0330,0.23,yes
2026-10-05T04:42:14.185271Z,KXXRP15M-26OCT050045-45,0.0340,0.25,yes
2026-10-05T04:42:14.185271Z,KXXRP15M-26OCT050045-45,0.0320,0.21,yes
2026-10-05T04:42:14.185271Z,KXXRP15M-26OCT050045-45,0.0400,0.32,yes
2026-10-05T04:42:14.185271Z,KXXRP15M-26OCT050045-45,0.0400,2.00,yes
2026-10-05T04:42:14.185271Z,KXXRP15M-26OCT050045-45,0.0380,20.00,yes
2026-10-05T04:42:14.185271Z,KXXRP15M-26OCT050045-45,0.0350,7.50,yes
2026-10-05T04:42:14.185271Z,KXXRP15M-26OCT050045-45,0.0310,5.00,yes
2026-10-05T04:42:14.185271Z,KXXRP15M-26OCT050045-45,0.0300,5.00,yes
2026-10-05T04:42:14.185271Z,KXXRP15M-26OCT050045-45,0.0390,3.75,yes
2026-10-05T04:42:14.185271Z,KXXRP15M-26OCT050045-45,0.0300,1.00,yes
2026-10-05T04:42:14.283001Z,KXXRP15M-26OCT050045-45,0.0340,5.00,yes
2026-10-05T04:42:14.283001Z,KXXRP15M-26OCT050045-45,0.0340,20.85,yes
2026-10-05T04:42:14.300494Z,KXXRP15M-26OCT050045-45,0.0340,90.00,yes
2026-10-05T04:42:14.303797Z,KXXRP15M-26OCT050045-45,0.0320,2.00,no
2026-10-05T04:42:14.303797Z,KXXRP15M-26OCT050045-45,0.0320,0.32,no
2026-10-05T04:42:14.303797Z,KXXRP15M-26OCT050045-45,0.0290,7.19,no
2026-10-05T04:42:14.398852Z,KXXRP15M-26OCT050045-45,0.0230,7.00,no
2026-10-05T04:42:14.398852Z,KXXRP15M-26OCT050045-45,0.0260,5.00,no
2026-10-05T04:42:14.398852Z,KXXRP15M-26OCT050045-45,0.0250,5.00,no
2026-10-05T04:42:14.398852Z,KXXRP15M-26OCT050045-45,0.0250,7.50,no
2026-10-05T04:42:14.398852Z,KXXRP15M-26OCT050045-45,0.0270,1.00,no
2026-10-05T04:42:14.398852Z,KXXRP15M-26OCT050045-45,0.0260,19.70,no
2026-10-05T04:42:14.398852Z,KXXRP15M-26OCT050045-45,0.0220,10.29,no
2026-10-05T04:42:14.436089Z,KXXRP15M-26OCT050045-45,0.0320,3.06,yes
2026-10-05T04:42:15.970434Z,KXXRP15M-26OCT050045-45,0.0330,5.00,yes
2026-10-05T04:42:15.970434Z,KXXRP15M-26OCT050045-45,0.0330,10.00,yes
2026-10-05T04:42:15.970434Z,KXXRP15M-26OCT050045-45,0.0330,0.99,yes
2026-10-05T04:42:15.970434Z,KXXRP15M-26OCT050045-45,0.0340,38.66,yes
2026-10-05T04:42:16.217087Z,KXXRP15M-26OCT050045-45,0.0320,3.00,no
2026-10-05T04:42:16.439702Z,KXXRP15M-26OCT050045-45,0.0340,7.47,yes
2026-10-05T04:42:16.439702Z,KXXRP15M-26OCT050045-45,0.0340,0.49,yes
2026-10-05T04:42:17.334209Z,KXXRP15M-26OCT050045-45,0.0340,5.18,yes
2026-10-05T04:42:17.334209Z,KXXRP15M-26OCT050045-45,0.0350,4.32,yes
2026-10-05T04:42:17.334209Z,KXXRP15M-26OCT050045-45,0.0340,1.08,yes
2026-10-05T04:42:17.334209Z,KXXRP15M-26OCT050045-45,0.0350,1.19,yes
2026-10-05T04:42:17.334209Z,KXXRP15M-26OCT050045-45,0.0340,12.23,yes
2026-10-05T04:42:17.334209Z,KXXRP15M-26OCT050045-45,0.0340,5.00,yes
2026-10-05T04:42:17.341973Z,KXXRP15M-26OCT050045-45,0.0350,0.68,yes
2026-10-05T04:42:17.374304Z,KXXRP15M-26OCT050045-45,0.0350,4.00,yes
2026-10-05T04:42:17.471563Z,KXXRP15M-26OCT050045-45,0.0320,12.23,no
2026-10-05T04:42:17.471563Z,KXXRP15M-26OCT050045-45,0.0320,7.47,no
2026-10-05T04:42:17.471563Z,KXXRP15M-26OCT050045-45,0.0300,1.62,no
2026-10-05T04:42:17.471563Z,KXXRP15M-26OCT050045-45,0.0320,12.11,no
2026-10-05T04:42:17.805637Z,KXXRP15M-26OCT050045-45,0.0270,5.00,no
2026-10-05T04:42:18.1899Z,KXXRP15M-26OCT050045-45,0.0400,11.15,yes
2026-10-05T04:42:18.1899Z,KXXRP15M-26OCT050045-45,0.0360,1.31,yes
2026-10-05T04:42:18.1899Z,KXXRP15M-26OCT050045-45,0.0390,1.74,yes
2026-10-05T04:42:18.1899Z,KXXRP15M-26OCT050045-45,0.0370,7.19,yes
2026-10-05T04:42:18.1899Z,KXXRP15M-26OCT050045-45,0.0380,1.58,yes
2026-10-05T04:42:18.1899Z,KXXRP15M-26OCT050045-45,0.0370,1.44,yes
2026-10-05T04:42:18.1899Z,KXXRP15M-26OCT050045-45,0.0340,34.00,yes
2026-10-05T04:42:18.1899Z,KXXRP15M-26OCT050045-45,0.0330,0.10,yes
2026-10-05T04:42:18.1899Z,KXXRP15M-26OCT050045-45,0.0350,150.00,yes
2026-10-05T04:42:18.1899Z,KXXRP15M-26OCT050045-45,0.0350,7.50,yes
2026-10-05T04:42:18.1899Z,KXXRP15M-26OCT050045-45,0.0360,5.00,yes
2026-10-05T04:42:18.1899Z,KXXRP15M-26OCT050045-45,0.0330,6.00,yes
2026-10-05T04:42:18.1899Z,KXXRP15M-26OCT050045-45,0.0350,1.00,yes
2026-10-05T04:42:18.1899Z,KXXRP15M-26OCT050045-45,0.0380,20.00,yes
2026-10-05T04:42:18.1899Z,KXXRP15M-26OCT050045-45,0.0350,1.08,yes
2026-10-05T04:42:18.1899Z,KXXRP15M-26OCT050045-45,0.0340,10.00,yes
2026-10-05T04:42:18.537156Z,KXXRP15M-26OCT050045-45,0.0320,7.19,no
2026-10-05T04:42:18.537156Z,KXXRP15M-26OCT050045-45,0.0320,11.15,no
2026-10-05T04:42:19.132038Z,KXXRP15M-26OCT050045-45,0.0310,26.08,yes
2026-10-05T04:42:19.529068Z,KXXRP15M-26OCT050045-45,0.0230,21.50,no
2026-10-05T04:42:19.529068Z,KXXRP15M-26OCT050045-45,0.0260,5.00,no
2026-10-05T04:42:19.529068Z,KXXRP15M-26OCT050045-45,0.0240,7.00,no
2026-10-05T04:42:19.529068Z,KXXRP15M-26OCT050045-45,0.0270,5.00,no
2026-10-05T04:42:19.529068Z,KXXRP15M-26OCT050045-45,0.0290,34.00,no
2026-10-05T04:42:19.529068Z,KXXRP15M-26OCT050045-45,0.0250,7.50,no
2026-10-05T04:42:20.298935Z,KXXRP15M-26OCT050045-45,0.0300,9.00,yes
2026-10-05T04:42:20.298935Z,KXXRP15M-26OCT050045-45,0.0300,10.00,yes
2026-10-05T04:42:20.298935Z,KXXRP15M-26OCT050045-45,0.0310,40.00,yes
2026-10-05T04:42:20.298935Z,KXXRP15M-26OCT050045-45,0.0310,0.58,yes
2026-10-05T04:42:20.298935Z,KXXRP15M-26OCT050045-45,0.0310,138.93,yes
2026-10-05T04:42:20.298935Z,KXXRP15M-26OCT050045-45,0.0300,0.10,yes
2026-10-05T04:42:21.207644Z,KXXRP15M-26OCT050045-45,0.0310,8.35,yes
2026-10-05T04:42:21.207644Z,KXXRP15M-26OCT050045-45,0.0310,11.07,yes
2026-10-05T04:42:21.207644Z,KXXRP15M-26OCT050045-45,0.0300,1.00,yes
2026-10-05T04:42:21.207644Z,KXXRP15M-26OCT050045-45,0.0300,10.00,yes
2026-10-05T04:42:23.281883Z,KXXRP15M-26OCT050045-45,0.0260,18.00,no
2026-10-05T04:42:23.32605Z,KXXRP15M-26OCT050045-45,0.0240,5.00,no
2026-10-05T04:42:23.32605Z,KXXRP15M-26OCT050045-45,0.0230,2.00,no
2026-10-05T04:42:23.363803Z,KXXRP15M-26OCT050045-45,0.0220,5.00,no
2026-10-05T04:42:23.363803Z,KXXRP15M-26OCT050045-45,0.0210,2.00,no
2026-10-05T04:42:23.629284Z,KXXRP15M-26OCT050045-45,0.0270,15.10,yes
2026-10-05T04:42:23.848837Z,KXXRP15M-26OCT050045-45,0.0220,5.00,no
2026-10-05T04:42:25.007635Z,KXXRP15M-26OCT050045-45,0.0210,10.00,no
2026-10-05T04:42:25.236786Z,KXXRP15M-26OCT050045-45,0.0200,5.00,no
2026-10-05T04:42:25.236786Z,KXXRP15M-26OCT050045-45,0.0200,0.01,no
2026-10-05T04:42:26.308828Z,KXXRP15M-26OCT050045-45,0.0250,5.36,yes
2026-10-05T04:42:26.308828Z,KXXRP15M-26OCT050045-45,0.0200,2.00,yes
2026-10-05T04:42:26.308828Z,KXXRP15M-26OCT050045-45,0.0220,31.00,yes
2026-10-05T04:42:26.401339Z,KXXRP15M-26OCT050045-45,0.0280,0.01,yes
2026-10-05T04:42:26.423114Z,KXXRP15M-26OCT050045-45,0.0200,6.94,no
2026-10-05T04:42:27.243041Z,KXXRP15M-26OCT050045-45,0.0280,49.31,yes
2026-10-05T04:42:27.243041Z,KXXRP15M-26OCT050045-45,0.0250,20.00,yes
2026-10-05T04:42:27.243041Z,KXXRP15M-26OCT050045-45,0.0260,11.00,yes
2026-10-05T04:42:27.243041Z,KXXRP15M-26OCT050045-45,0.0260,10.00,yes
2026-10-05T04:42:27.243041Z,KXXRP15M-26OCT050045-45,0.0270,10.00,yes
2026-10-05T04:42:27.894447Z,KXXRP15M-26OCT050045-45,0.0280,66.87,yes
2026-10-05T04:42:28.856211Z,KXXRP15M-26OCT050045-45,0.0400,4.53,yes
2026-10-05T04:42:28.856211Z,KXXRP15M-26OCT050045-45,0.0400,0.43,yes
2026-10-05T04:42:28.856211Z,KXXRP15M-26OCT050045-45,0.0330,40.00,yes
2026-10-05T04:42:28.856211Z,KXXRP15M-26OCT050045-45,0.0400,17.94,yes
2026-10-05T04:42:28.856211Z,KXXRP15M-26OCT050045-45,0.0280,33.82,yes
2026-10-05T04:42:28.856211Z,KXXRP15M-26OCT050045-45,0.0280,5.00,yes
2026-10-05T04:42:28.856211Z,KXXRP15M-26OCT050045-45,0.0380,10.00,yes
2026-10-05T04:42:28.856211Z,KXXRP15M-26OCT050045-45,0.0300,7.50,yes
2026-10-05T04:42:28.856211Z,KXXRP15M-26OCT050045-45,0.0270,56.00,yes
2026-10-05T04:42:28.856211Z,KXXRP15M-26OCT050045-45,0.0350,7.50,yes
2026-10-05T04:42:28.856211Z,KXXRP15M-26OCT050045-45,0.0370,0.90,yes
2026-10-05T04:42:28.856211Z,KXXRP15M-26OCT050045-45,0.0340,0.99,yes
2026-10-05T04:42:28.856211Z,KXXRP15M-26OCT050045-45,0.0380,0.99,yes
2026-10-05T04:42:28.856211Z,KXXRP15M-26OCT050045-45,0.0390,20.00,yes
2026-10-05T04:42:28.856211Z,KXXRP15M-26OCT050045-45,0.0350,0.90,yes
2026-10-05T04:42:28.856211Z,KXXRP15M-26OCT050045-45,0.0360,0.99,yes
2026-10-05T04:42:28.856211Z,KXXRP15M-26OCT050045-45,0.0320,0.68,yes
2026-10-05T04:42:28.856211Z,KXXRP15M-26OCT050045-45,0.0330,0.74,yes
2026-10-05T04:42:28.856211Z,KXXRP15M-26OCT050045-45,0.0390,1.31,yes
2026-10-05T04:42:28.856211Z,KXXRP15M-26OCT050045-45,0.0310,0.62,yes
2026-10-05T04:42:28.856211Z,KXXRP15M-26OCT050045-45,0.0290,5.00,yes
2026-10-05T04:42:28.856211Z,KXXRP15M-26OCT050045-45,0.0310,31.00,yes
2026-10-05T04:42:29.091841Z,KXXRP15M-26OCT050045-45,0.0270,8.36,yes
2026-10-05T04:42:29.39285Z,KXXRP15M-26OCT050045-45,0.0220,0.71,no
2026-10-05T04:42:29.518705Z,KXXRP15M-26OCT050045-45,0.0270,1.00,yes
2026-10-05T04:42:29.949021Z,KXXRP15M-26OCT050045-45,0.0310,4.53,yes
2026-10-05T04:42:29.949021Z,KXXRP15M-26OCT050045-45,0.0310,5.00,yes
2026-10-05T04:42:30.00484Z,KXXRP15M-26OCT050045-45,0.0220,0.82,no
2026-10-05T04:42:30.442069Z,KXXRP15M-26OCT050045-45,0.0250,4.00,yes
2026-10-05T04:42:30.57431Z,KXXRP15M-26OCT050045-45,0.0300,10.00,yes
2026-10-05T04:42:30.57431Z,KXXRP15M-26OCT050045-45,0.0300,14.00,yes
2026-10-05T04:42:30.57431Z,KXXRP15M-26OCT050045-45,0.0310,6.69,yes
2026-10-05T04:42:30.865335Z,KXXRP15M-26OCT050045-45,0.0310,118.44,yes
2026-10-05T04:42:31.733381Z,KXXRP15M-26OCT050045-45,0.0230,2.00,no
2026-10-05T04:42:32.534113Z,KXXRP15M-26OCT050045-45,0.0310,15.10,yes
2026-10-05T04:42:32.834657Z,KXXRP15M-26OCT050045-45,0.0230,23.06,no
2026-10-05T04:42:32.834657Z,KXXRP15M-26OCT050045-45,0.0240,62.29,no
2026-10-05T04:42:32.834657Z,KXXRP15M-26OCT050045-45,0.0210,5.00,no
2026-10-05T04:42:32.834657Z,KXXRP15M-26OCT050045-45,0.0200,7.50,no
2026-10-05T04:42:32.834657Z,KXXRP15M-26OCT050045-45,0.0220,4.18,no
2026-10-05T04:42:32.834657Z,KXXRP15M-26OCT050045-45,0.0220,4.53,no
2026-10-05T04:42:32.834657Z,KXXRP15M-26OCT050045-45,0.0240,0.10,no
2026-10-05T04:42:32.834657Z,KXXRP15M-26OCT050045-45,0.0230,7.00,no
2026-10-05T04:42:32.834657Z,KXXRP15M-26OCT050045-45,0.0200,151.61,no
2026-10-05T04:42:32.834657Z,KXXRP15M-26OCT050045-45,0.0210,39.44,no
2026-10-05T04:42:33.083178Z,KXXRP15M-26OCT050045-45,0.0290,1.99,yes
2026-10-05T04:42:33.705033Z,KXXRP15M-26OCT050045-45,0.0300,0.48,yes
2026-10-05T04:42:33.705033Z,KXXRP15M-26OCT050045-45,0.0290,0.43,yes
2026-10-05T04:42:33.705033Z,KXXRP15M-26OCT050045-45,0.0310,1.80,yes
2026-10-05T04:42:33.705033Z,KXXRP15M-26OCT050045-45,0.0300,4.53,yes
2026-10-05T04:42:33.705033Z,KXXRP15M-26OCT050045-45,0.0290,3.01,yes
2026-10-05T04:42:33.705033Z,KXXRP15M-26OCT050045-45,0.0300,5.00,yes
2026-10-05T04:42:33.945883Z,KXXRP15M-26OCT050045-45,0.0320,15.00,yes
2026-10-05T04:42:33.945883Z,KXXRP15M-26OCT050045-45,0.0310,5.00,yes
2026-10-05T04:42:33.945883Z,KXXRP15M-26OCT050045-45,0.0310,21.00,yes
2026-10-05T04:42:33.945883Z,KXXRP15M-26OCT050045-45,0.0320,0.48,yes
2026-10-05T04:42:33.945883Z,KXXRP15M-26OCT050045-45,0.0310,0.43,yes
2026-10-05T04:42:33.945883Z,KXXRP15M-26OCT050045-45,0.0320,5.00,yes
2026-10-05T04:42:33.945883Z,KXXRP15M-26OCT050045-45,0.0340,1.00,yes
2026-10-05T04:42:33.945883Z,KXXRP15M-26OCT050045-45,0.0350,0.74,yes
2026-10-05T04:42:33.945883Z,KXXRP15M-26OCT050045-45,0.0340,0.68,yes
2026-10-05T04:42:33.945883Z,KXXRP15M-26OCT050045-45,0.0350,5.28,yes
2026-10-05T04:42:33.945883Z,KXXRP15M-26OCT050045-45,0.0330,0.62,yes
2026-10-05T04:42:33.945883Z,KXXRP15M-26OCT050045-45,0.0310,3.44,yes
2026-10-05T04:42:34.040111Z,KXXRP15M-26OCT050045-45,0.0240,5.00,no
2026-10-05T04:42:35.249504Z,KXXRP15M-26OCT050045-45,0.0300,0.01,no
2026-10-05T04:42:35.249504Z,KXXRP15M-26OCT050045-45,0.0260,9.99,no
2026-10-05T04:42:36.16384Z,KXXRP15M-26OCT050045-45,0.0110,1.00,no
2026-10-05T04:42:36.16384Z,KXXRP15M-26OCT050045-45,0.0110,1.00,no
2026-10-05T04:42:36.16384Z,KXXRP15M-26OCT050045-45,0.0110,2.00,no
2026-10-05T04:42:36.16384Z,KXXRP15M-26OCT050045-45,0.0110,2.00,no
2026-10-05T04:42:36.16384Z,KXXRP15M-26OCT050045-45,0.0110,10.00,no
2026-10-05T04:42:36.16384Z,KXXRP15M-26OCT050045-45,0.0110,1.00,no
2026-10-05T04:42:36.16384Z,KXXRP15M-26OCT050045-45,0.0110,20.00,no
2026-10-05T04:42:36.16384Z,KXXRP15M-26OCT050045-45,0.0110,100.00,no
2026-10-05T04:42:36.16384Z,KXXRP15M-26OCT050045-45,0.0110,5.54,no
2026-10-05T04:42:36.16384Z,KXXRP15M-26OCT050045-45,0.0110,0.75,no
2026-10-05T04:42:36.16384Z,KXXRP15M-26OCT050045-45,0.0120,350.00,no
2026-10-05T04:42:36.16384Z,KXXRP15M-26OCT050045-45,0.0120,94.00,no
2026-10-05T04:42:36.16384Z,KXXRP15M-26OCT050045-45,0.0130,146.05,no
2026-10-05T04:42:36.16384Z,KXXRP15M-26OCT050045-45,0.0110,20.00,no
2026-10-05T04:42:36.16384Z,KXXRP15M-26OCT050045-45,0.0110,101.00,no
2026-10-05T04:42:36.16384Z,KXXRP15M-26OCT050045-45,0.0110,1.00,no
2026-10-05T04:42:36.16384Z,KXXRP15M-26OCT050045-45,0.0120,10.00,no
2026-10-05T04:42:36.16384Z,KXXRP15M-26OCT050045-45,0.0150,7.50,no
2026-10-05T04:42:36.16384Z,KXXRP15M-26OCT050045-45,0.0180,40.00,no
2026-10-05T04:42:36.16384Z,KXXRP15M-26OCT050045-45,0.0200,7.50,no
2026-10-05T04:42:36.16384Z,KXXRP15M-26OCT050045-45,0.0210,17.00,no
2026-10-05T04:42:36.16384Z,KXXRP15M-26OCT050045-45,0.0140,65.00,no
2026-10-05T04:42:36.16384Z,KXXRP15M-26OCT050045-45,0.0250,0.10,no
2026-10-05T04:42:36.16384Z,KXXRP15M-26OCT050045-45,0.0200,1.00,no
2026-10-05T04:42:36.16384Z,KXXRP15M-26OCT050045-45,0.0230,5.00,no
2026-10-05T04:42:36.16384Z,KXXRP15M-26OCT050045-45,0.0220,3.86,no
2026-10-05T04:42:36.16384Z,KXXRP15M-26OCT050045-45,0.0240,5.00,no
2026-10-05T04:42:36.16384Z,KXXRP15M-26OCT050045-45,0.0190,8.00,no
2026-10-05T04:42:36.172232Z,KXXRP15M-26OCT050045-45,0.0220,7.00,no
2026-10-05T04:42:36.225507Z,KXXRP15M-26OCT050045-45,0.0150,87.00,yes
2026-10-05T04:42:36.225507Z,KXXRP15M-26OCT050045-45,0.0150,101.00,yes
2026-10-05T04:42:36.233677Z,KXXRP15M-26OCT050045-45,0.0180,5.00,no
2026-10-05T04:42:36.420604Z,KXXRP15M-26OCT050045-45,0.0250,14.00,yes
2026-10-05T04:42:36.420604Z,KXXRP15M-26OCT050045-45,0.0260,58.34,yes
2026-10-05T04:42:36.420604Z,KXXRP15M-26OCT050045-45,0.0240,10.00,yes
2026-10-05T04:42:36.420604Z,KXXRP15M-26OCT050045-45,0.0190,1.00,yes
2026-10-05T04:42:36.420604Z,KXXRP15M-26OCT050045-45,0.0260,115.54,yes
2026-10-05T04:42:36.420604Z,KXXRP15M-26OCT050045-45,0.0190,20.00,yes
2026-10-05T04:42:36.420604Z,KXXRP15M-26OCT050045-45,0.0260,58.35,yes
2026-10-05T04:42:36.420604Z,KXXRP15M-26OCT050045-45,0.0240,19.00,yes
2026-10-05T04:42:36.559443Z,KXXRP15M-26OCT050045-45,0.0200,5.00,no
2026-10-05T04:42:36.670717Z,KXXRP15M-26OCT050045-45,0.0260,18.81,yes
2026-10-05T04:42:36.670717Z,KXXRP15M-26OCT050045-45,0.0250,10.00,yes
2026-10-05T04:42:36.670717Z,KXXRP15M-26OCT050045-45,0.0260,10.00,yes
2026-10-05T04:42:36.670717Z,KXXRP15M-26OCT050045-45,0.0210,107.77,yes
2026-10-05T04:42:36.732619Z,KXXRP15M-26OCT050045-45,0.0270,12.63,yes
2026-10-05T04:42:36.732619Z,KXXRP15M-26OCT050045-45,0.0260,10.00,yes
2026-10-05T04:42:36.732619Z,KXXRP15M-26OCT050045-45,0.0250,0.37,yes
2026-10-05T04:42:36.732619Z,KXXRP15M-26OCT050045-45,0.0260,10.00,yes
2026-10-05T04:42:38.416499Z,KXXRP15M-26OCT050045-45,0.0260,0.37,yes
2026-10-05T04:42:38.416499Z,KXXRP15M-26OCT050045-45,0.0260,9.00,yes
2026-10-05T04:42:38.416499Z,KXXRP15M-26OCT050045-45,0.0270,38.36,yes
2026-10-05T04:42:38.416499Z,KXXRP15M-26OCT050045-45,0.0250,0.10,yes
2026-10-05T04:42:38.416499Z,KXXRP15M-26OCT050045-45,0.0250,0.37,yes
2026-10-05T04:42:38.416499Z,KXXRP15M-26OCT050045-45,0.0260,9.00,yes
2026-10-05T04:42:38.416499Z,KXXRP15M-26OCT050045-45,0.0260,13.00,yes
2026-10-05T04:42:39.037513Z,KXXRP15M-26OCT050045-45,0.0230,10.21,no
2026-10-05T04:42:39.098515Z,KXXRP15M-26OCT050045-45,0.0260,4.00,yes
2026-10-05T04:42:39.098515Z,KXXRP15M-26OCT050045-45,0.0260,6.00,yes
2026-10-05T04:42:39.098515Z,KXXRP15M-26OCT050045-45,0.0270,92.00,yes
2026-10-05T04:42:40.234633Z,KXXRP15M-26OCT050045-45,0.0290,3.88,yes
2026-10-05T04:42:40.234633Z,KXXRP15M-26OCT050045-45,0.0270,3.06,yes
2026-10-05T04:42:40.234633Z,KXXRP15M-26OCT050045-45,0.0270,0.41,yes
2026-10-05T04:42:40.234633Z,KXXRP15M-26OCT050045-45,0.0280,5.00,yes
2026-10-05T04:42:40.234633Z,KXXRP15M-26OCT050045-45,0.0280,0.41,yes
2026-10-05T04:42:40.234633Z,KXXRP15M-26OCT050045-45,0.0250,7.00,yes
2026-10-05T04:42:40.234633Z,KXXRP15M-26OCT050045-45,0.0220,6.00,yes
2026-10-05T04:42:40.234633Z,KXXRP15M-26OCT050045-45,0.0250,18.00,yes
2026-10-05T04:42:40.940283Z,KXXRP15M-26OCT050045-45,0.0250,0.22,yes
2026-10-05T04:42:41.332447Z,KXXRP15M-26OCT050045-45,0.0240,19.00,yes
2026-10-05T04:42:41.332447Z,KXXRP15M-26OCT050045-45,0.0300,7.50,yes
2026-10-05T04:42:41.332447Z,KXXRP15M-26OCT050045-45,0.0300,5.00,yes
2026-10-05T04:42:41.332447Z,KXXRP15M-26OCT050045-45,0.0290,150.00,yes
2026-10-05T04:42:41.332447Z,KXXRP15M-26OCT050045-45,0.0250,1.00,yes
2026-10-05T04:42:41.332447Z,KXXRP15M-26OCT050045-45,0.0280,0.43,yes
2026-10-05T04:42:41.332447Z,KXXRP15M-26OCT050045-45,0.0380,20.00,yes
2026-10-05T04:42:41.332447Z,KXXRP15M-26OCT050045-45,0.0280,10.00,yes
2026-10-05T04:42:41.332447Z,KXXRP15M-26OCT050045-45,0.0370,20.00,yes
2026-10-05T04:42:41.332447Z,KXXRP15M-26OCT050045-45,0.0390,9.83,yes
2026-10-05T04:42:41.332447Z,KXXRP15M-26OCT050045-45,0.0360,1.00,yes
2026-10-05T04:42:41.332447Z,KXXRP15M-26OCT050045-45,0.0320,0.65,yes
2026-10-05T04:42:41.332447Z,KXXRP15M-26OCT050045-45,0.0310,0.45,yes
2026-10-05T04:42:41.332447Z,KXXRP15M-26OCT050045-45,0.0300,0.41,yes
2026-10-05T04:42:41.332447Z,KXXRP15M-26OCT050045-45,0.0330,0.72,yes
2026-10-05T04:42:41.332447Z,KXXRP15M-26OCT050045-45,0.0290,0.37,yes
2026-10-05T04:42:41.332447Z,KXXRP15M-26OCT050045-45,0.0290,1.12,yes
2026-10-05T04:42:41.332447Z,KXXRP15M-26OCT050045-45,0.0350,0.48,yes
2026-10-05T04:42:41.332447Z,KXXRP15M-26OCT050045-45,0.0340,0.43,yes
2026-10-05T04:42:41.332447Z,KXXRP15M-26OCT050045-45,0.0390,1.08,yes
2026-10-05T04:42:41.332447Z,KXXRP15M-26OCT050045-45,0.0380,0.99,yes
2026-10-05T04:42:41.332447Z,KXXRP15M-26OCT050045-45,0.0370,0.90,yes
2026-10-05T04:42:41.332447Z,KXXRP15M-26OCT050045-45,0.0360,0.82,yes
2026-10-05T04:42:41.332447Z,KXXRP15M-26OCT050045-45,0.0360,40.00,yes
2026-10-05T04:42:41.969622Z,KXXRP15M-26OCT050045-45,0.0210,5.00,no
2026-10-05T04:42:41.969622Z,KXXRP15M-26OCT050045-45,0.0180,7.00,no
2026-10-05T04:42:41.969622Z,KXXRP15M-26OCT050045-45,0.0200,5.00,no
2026-10-05T04:42:41.969622Z,KXXRP15M-26OCT050045-45,0.0200,4.53,no
2026-10-05T04:42:41.969622Z,KXXRP15M-26OCT050045-45,0.0220,9.66,no
2026-10-05T04:42:41.969622Z,KXXRP15M-26OCT050045-45,0.0180,40.00,no
2026-10-05T04:42:41.969622Z,KXXRP15M-26OCT050045-45,0.0170,87.42,no
2026-10-05T04:42:42.053852Z,KXXRP15M-26OCT050045-45,0.0100,59.30,no
2026-10-05T04:42:42.053852Z,KXXRP15M-26OCT050045-45,0.0110,5.88,no
2026-10-05T04:42:42.053852Z,KXXRP15M-26OCT050045-45,0.0110,5.58,no
2026-10-05T04:42:42.053852Z,KXXRP15M-26OCT050045-45,0.0110,5.15,no
2026-10-05T04:42:42.053852Z,KXXRP15M-26OCT050045-45,0.0110,5.24,no
2026-10-05T04:42:42.053852Z,KXXRP15M-26OCT050045-45,0.0110,5.43,no
2026-10-05T04:42:42.053852Z,KXXRP15M-26OCT050045-45,0.0110,5.29,no
2026-10-05T04:42:42.053852Z,KXXRP15M-26OCT050045-45,0.0110,0.71,no
2026-10-05T04:42:42.053852Z,KXXRP15M-26OCT050045-45,0.0110,4.71,no
2026-10-05T04:42:42.053852Z,KXXRP15M-26OCT050045-45,0.0110,5.62,no
2026-10-05T04:42:42.053852Z,KXXRP15M-26OCT050045-45,0.0190,5.00,no
2026-10-05T04:42:42.053852Z,KXXRP15M-26OCT050045-45,0.0130,7.00,no
2026-10-05T04:42:42.053852Z,KXXRP15M-26OCT050045-45,0.0180,5.00,no
2026-10-05T04:42:42.053852Z,KXXRP15M-26OCT050045-45,0.0150,7.50,no
2026-10-05T04:42:42.053852Z,KXXRP15M-26OCT050045-45,0.0120,33.00,no
2026-10-05T04:42:42.053852Z,KXXRP15M-26OCT050045-45,0.0110,4.04,no
2026-10-05T04:42:42.053852Z,KXXRP15M-26OCT050045-45,0.0110,40.00,no
2026-10-05T04:42:42.059772Z,KXXRP15M-26OCT050045-45,0.0150,7.50,no
2026-10-05T04:42:42.224814Z,KXXRP15M-26OCT050045-45,0.0130,40.00,yes
2026-10-05T04:42:42.224814Z,KXXRP15M-26OCT050045-45,0.0130,0.10,yes
2026-10-05T04:42:42.224814Z,KXXRP15M-26OCT050045-45,0.0150,21.90,yes
2026-10-05T04:42:42.783967Z,KXXRP15M-26OCT050045-45,0.0150,3.00,yes
2026-10-05T04:42:42.815638Z,KXXRP15M-26OCT050045-45,0.0140,1.00,no
2026-10-05T04:42:44.054718Z,KXXRP15M-26OCT050045-45,0.0210,0.76,yes
2026-10-05T04:42:44.054718Z,KXXRP15M-26OCT050045-45,0.0200,0.69,yes
2026-10-05T04:42:44.054718Z,KXXRP15M-26OCT050045-45,0.0230,0.92,yes
2026-10-05T04:42:44.054718Z,KXXRP15M-26OCT050045-45,0.0220,0.84,yes
2026-10-05T04:42:44.054718Z,KXXRP15M-26OCT050045-45,0.0240,1.01,yes
2026-10-05T04:42:44.054718Z,KXXRP15M-26OCT050045-45,0.0240,19.00,yes
2026-10-05T04:42:44.054718Z,KXXRP15M-26OCT050045-45,0.0270,39.97,yes
2026-10-05T04:42:44.054718Z,KXXRP15M-26OCT050045-45,0.0260,0.48,yes
2026-10-05T04:42:44.054718Z,KXXRP15M-26OCT050045-45,0.0160,0.48,yes
2026-10-05T04:42:44.054718Z,KXXRP15M-26OCT050045-45,0.0150,2.00,yes
2026-10-05T04:42:44.054718Z,KXXRP15M-26OCT050045-45,0.0230,10.00,yes
2026-10-05T04:42:44.054718Z,KXXRP15M-26OCT050045-45,0.0150,0.43,yes
2026-10-05T04:42:44.054718Z,KXXRP15M-26OCT050045-45,0.0250,0.43,yes
2026-10-05T04:42:44.054718Z,KXXRP15M-26OCT050045-45,0.0170,0.52,yes
2026-10-05T04:42:44.054718Z,KXXRP15M-26OCT050045-45,0.0190,0.63,yes
2026-10-05T04:42:44.054718Z,KXXRP15M-26OCT050045-45,0.0200,7.50,yes
2026-10-05T04:42:44.054718Z,KXXRP15M-26OCT050045-45,0.0180,0.57,yes
2026-10-05T04:42:44.054718Z,KXXRP15M-26OCT050045-45,0.0260,5.00,yes
2026-10-05T04:42:44.054718Z,KXXRP15M-26OCT050045-45,0.0150,26.90,yes
2026-10-05T04:42:44.054718Z,KXXRP15M-26OCT050045-45,0.0250,5.00,yes
2026-10-05T04:42:44.974106Z,KXXRP15M-26OCT050045-45,0.0190,0.10,no
2026-10-05T04:42:45.121283Z,KXXRP15M-26OCT050045-45,0.0190,2.03,no
2026-10-05T04:42:45.639391Z,KXXRP15M-26OCT050045-45,0.0270,1.34,yes
2026-10-05T04:42:45.639391Z,KXXRP15M-26OCT050045-45,0.0270,25.90,yes
2026-10-05T04:42:45.639391Z,KXXRP15M-26OCT050045-45,0.0270,5.00,yes
2026-10-05T04:42:48.99027Z,KXXRP15M-26OCT050045-45,0.0200,5.00,no
2026-10-05T04:42:49.676613Z,KXXRP15M-26OCT050045-45,0.0180,2.00,no
2026-10-05T04:42:49.880386Z,KXXRP15M-26OCT050045-45,0.0180,3.00,no
2026-10-05T04:42:50.206469Z,KXXRP15M-26OCT050045-45,0.0120,7.00,no
2026-10-05T04:42:50.206469Z,KXXRP15M-26OCT050045-45,0.0160,5.00,no
2026-10-05T04:42:50.206469Z,KXXRP15M-26OCT050045-45,0.0170,5.00,no
2026-10-05T04:42:50.206469Z,KXXRP15M-26OCT050045-45,0.0120,3.25,no
2026-10-05T04:42:51.935341Z,KXXRP15M-26OCT050045-45,0.0110,9.41,no
2026-10-05T04:42:51.935341Z,KXXRP15M-26OCT050045-45,0.0120,6.75,no
2026-10-05T04:42:51.935341Z,KXXRP15M-26OCT050045-45,0.0150,5.00,no
2026-10-05T04:42:51.935341Z,KXXRP15M-26OCT050045-45,0.0140,5.00,no
2026-10-05T04:42:51.935341Z,KXXRP15M-26OCT050045-45,0.0120,7.00,no
2026-10-05T04:42:52.309605Z,KXXRP15M-26OCT050045-45,0.0150,0.10,no
2026-10-05T04:42:52.309605Z,KXXRP15M-26OCT050045-45,0.0130,5.00,no
2026-10-05T04:42:52.309605Z,KXXRP15M-26OCT050045-45,0.0130,7.79,no
2026-10-05T04:42:53.435804Z,KXXRP15M-26OCT050045-45,0.0160,4.00,yes
2026-10-05T04:42:53.435804Z,KXXRP15M-26OCT050045-45,0.0160,17.00,yes
2026-10-05T04:42:53.435804Z,KXXRP15M-26OCT050045-45,0.0190,12.00,yes
2026-10-05T04:42:53.435804Z,KXXRP15M-26OCT050045-45,0.0200,15.73,yes
2026-10-05T04:42:53.869128Z,KXXRP15M-26OCT050045-45,0.0160,17.54,yes
2026-10-05T04:42:55.021439Z,KXXRP15M-26OCT050045-45,0.0130,74.63,no
2026-10-05T04:42:55.021439Z,KXXRP15M-26OCT050045-45,0.0130,0.10,no
2026-10-05T04:42:56.306762Z,KXXRP15M-26OCT050045-45,0.0150,7.00,no
2026-10-05T04:42:56.306762Z,KXXRP15M-26OCT050045-45,0.0140,8.00,no
2026-10-05T04:42:56.306762Z,KXXRP15M-26OCT050045-45,0.0150,10.00,no
2026-10-05T04:42:56.498174Z,KXXRP15M-26OCT050045-45,0.0100,0.61,no
2026-10-05T04:42:56.498174Z,KXXRP15M-26OCT050045-45,0.0110,9.10,no
2026-10-05T04:42:56.498174Z,KXXRP15M-26OCT050045-45,0.0110,6.29,no
2026-10-05T04:42:56.498174Z,KXXRP15M-26OCT050045-45,0.0110,5.00,no
2026-10-05T04:42:56.498174Z,KXXRP15M-26OCT050045-45,0.0150,7.00,no
2026-10-05T04:42:56.498174Z,KXXRP15M-26OCT050045-45,0.0150,10.00,no
2026-10-05T04:42:56.498174Z,KXXRP15M-26OCT050045-45,0.0140,62.00,no
2026-10-05T04:42:56.505559Z,KXXRP15M-26OCT050045-45,0.0150,0.61,no
2026-10-05T04:42:57.309022Z,KXXRP15M-26OCT050045-45,0.0190,5.00,yes
2026-10-05T04:42:57.309022Z,KXXRP15M-26OCT050045-45,0.0190,0.55,yes
2026-10-05T04:42:57.309022Z,KXXRP15M-26OCT050045-45,0.0200,41.24,yes
2026-10-05T04:42:59.442998Z,KXXRP15M-26OCT050045-45,0.0180,0.55,yes
2026-10-05T04:42:59.442998Z,KXXRP15M-26OCT050045-45,0.0190,0.55,yes
2026-10-05T04:42:59.442998Z,KXXRP15M-26OCT050045-45,0.0200,45.69,yes
2026-10-05T04:42:59.884938Z,KXXRP15M-26OCT050045-45,0.0100,2.00,no
2026-10-05T04:42:59.884938Z,KXXRP15M-26OCT050045-45,0.0130,77.00,no
2026-10-05T04:42:59.884938Z,KXXRP15M-26OCT050045-45,0.0110,5.00,no
2026-10-05T04:42:59.884938Z,KXXRP15M-26OCT050045-45,0.0110,8.00,no
2026-10-05T04:42:59.884938Z,KXXRP15M-26OCT050045-45,0.0110,10.00,no
2026-10-05T04:42:59.894633Z,KXXRP15M-26OCT050045-45,0.0150,2.00,no
2026-10-05T04:42:59.984693Z,KXXRP15M-26OCT050045-45,0.0120,7.00,no
2026-10-05T04:42:59.984693Z,KXXRP15M-26OCT050045-45,0.0120,10.00,no
2026-10-05T04:42:59.984693Z,KXXRP15M-26OCT050045-45,0.0110,83.95,no
2026-10-05T04:43:00.008203Z,KXXRP15M-26OCT050045-45,0.0100,13.95,no
2026-10-05T04:43:00.008203Z,KXXRP15M-26OCT050045-45,0.0110,8.00,no
2026-10-05T04:43:00.008203Z,KXXRP15M-26OCT050045-45,0.0110,7.05,no
2026-10-05T04:43:00.008203Z,KXXRP15M-26OCT050045-45,0.0120,10.00,no
2026-10-05T04:43:00.009103Z,KXXRP15M-26OCT050045-45,0.0100,4.00,no
2026-10-05T04:43:00.265771Z,KXXRP15M-26OCT050045-45,0.0100,1.00,no
2026-10-05T04:43:01.049885Z,KXXRP15M-26OCT050045-45,0.0110,0.71,yes
2026-10-05T04:43:01.089769Z,KXXRP15M-26OCT050045-45,0.0100,5.00,no
2026-10-05T04:43:01.097515Z,KXXRP15M-26OCT050045-45,0.0100,2.00,no
2026-10-05T04:43:01.100913Z,KXXRP15M-26OCT050045-45,0.0100,7.14,no
2026-10-05T04:43:01.100913Z,KXXRP15M-26OCT050045-45,0.0100,55.86,no
2026-10-05T04:43:01.161208Z,KXXRP15M-26OCT050045-45,0.0100,11.00,no
2026-10-05T04:43:01.169403Z,KXXRP15M-26OCT050045-45,0.0100,3.00,no
2026-10-05T04:43:01.178098Z,KXXRP15M-26OCT050045-45,0.0100,1.00,no
2026-10-05T04:43:01.186402Z,KXXRP15M-26OCT050045-45,0.0100,1.00,no
2026-10-05T04:43:01.225963Z,KXXRP15M-26OCT050045-45,0.0100,12.00,no
2026-10-05T04:43:01.236308Z,KXXRP15M-26OCT050045-45,0.0100,3.00,no
2026-10-05T04:43:01.244515Z,KXXRP15M-26OCT050045-45,0.0100,1.00,no
2026-10-05T04:43:01.328555Z,KXXRP15M-26OCT050045-45,0.0100,11.00,no
2026-10-05T04:43:01.336057Z,KXXRP15M-26OCT050045-45,0.0100,1.00,no
2026-10-05T04:43:01.399411Z,KXXRP15M-26OCT050045-45,0.0100,9.00,no
2026-10-05T04:43:01.433091Z,KXXRP15M-26OCT050045-45,0.0110,9.08,yes
2026-10-05T04:43:01.451619Z,KXXRP15M-26OCT050045-45,0.0100,107.08,no
2026-10-05T04:43:01.451619Z,KXXRP15M-26OCT050045-45,0.0110,10.92,no
2026-10-05T04:43:01.451619Z,KXXRP15M-26OCT050045-45,0.0110,8.00,no
2026-10-05T04:43:01.46336Z,KXXRP15M-26OCT050045-45,0.0110,2.02,no
2026-10-05T04:43:01.488345Z,KXXRP15M-26OCT050045-45,0.0110,7.00,no
2026-10-05T04:43:01.932607Z,KXXRP15M-26OCT050045-45,0.0150,7.14,yes
2026-10-05T04:43:01.932607Z,KXXRP15M-26OCT050045-45,0.0150,2.00,yes
2026-10-05T04:43:01.932607Z,KXXRP15M-26OCT050045-45,0.0180,23.39,yes
2026-10-05T04:43:01.932607Z,KXXRP15M-26OCT050045-45,0.0150,5.00,yes
2026-10-05T04:43:01.932607Z,KXXRP15M-26OCT050045-45,0.0150,1.00,yes
2026-10-05T04:43:01.932607Z,KXXRP15M-26OCT050045-45,0.0130,0.10,yes
2026-10-05T04:43:01.932607Z,KXXRP15M-26OCT050045-45,0.0150,4.00,yes
2026-10-05T04:43:01.932607Z,KXXRP15M-26OCT050045-45,0.0150,13.95,yes
2026-10-05T04:43:02.091486Z,KXXRP15M-26OCT050045-45,0.0100,1.02,no
2026-10-05T04:43:02.091486Z,KXXRP15M-26OCT050045-45,0.0110,8.00,no
2026-10-05T04:43:02.091486Z,KXXRP15M-26OCT050045-45,0.0110,0.98,no
2026-10-05T04:43:02.589586Z,KXXRP15M-26OCT050045-45,0.0110,10.00,no
2026-10-05T04:43:02.733886Z,KXXRP15M-26OCT050045-45,0.0110,1.00,no
2026-10-05T04:43:02.842569Z,KXXRP15M-26OCT050045-45,0.0110,9.00,no
2026-10-05T04:43:02.944098Z,KXXRP15M-26OCT050045-45,0.0100,25.00,no
2026-10-05T04:43:02.950872Z,KXXRP15M-26OCT050045-45,0.0100,9.00,no
2026-10-05T04:43:02.956185Z,KXXRP15M-26OCT050045-45,0.0100,4.00,no
2026-10-05T04:43:03.367445Z,KXXRP15M-26OCT050045-45,0.0110,4.53,yes
2026-10-05T04:43:04.061958Z,KXXRP15M-26OCT050045-45,0.0100,31.00,no
2026-10-05T04:43:04.366047Z,KXXRP15M-26OCT050045-45,0.0100,1.00,no
2026-10-05T04:43:04.366047Z,KXXRP15M-26OCT050045-45,0.0100,25.00,no
2026-10-05T04:43:04.366047Z,KXXRP15M-26OCT050045-45,0.0100,50.77,no
2026-10-05T04:43:04.366047Z,KXXRP15M-26OCT050045-45,0.0100,14.04,no
2026-10-05T04:43:04.366047Z,KXXRP15M-26OCT050045-45,0.0100,40.00,no
2026-10-05T04:43:04.366047Z,KXXRP15M-26OCT050045-45,0.0100,1.21,no
2026-10-05T04:43:04.366047Z,KXXRP15M-26OCT050045-45,0.0100,2.00,no
2026-10-05T04:43:04.366047Z,KXXRP15M-26OCT050045-45,0.0100,20.00,no
2026-10-05T04:43:04.366047Z,KXXRP15M-26OCT050045-45,0.0100,5.00,no
2026-10-05T04:43:04.366047Z,KXXRP15M-26OCT050045-45,0.0110,10.00,no
2026-10-05T04:43:04.366047Z,KXXRP15M-26OCT050045-45,0.0100,3.98,no
2026-10-05T04:43:04.366047Z,KXXRP15M-26OCT050045-45,0.0110,8.00,no
2026-10-05T04:43:04.366047Z,KXXRP15M-26OCT050045-45,0.0100,5.00,no
2026-10-05T04:43:04.55439Z,KXXRP15M-26OCT050045-45,0.0100,0.10,no
2026-10-05T04:43:04.840005Z,KXXRP15M-26OCT050045-45,0.0110,5.84,yes
2026-10-05T04:43:05.644828Z,KXXRP15M-26OCT050045-45,0.0100,13.00,no
2026-10-05T04:43:05.658404Z,KXXRP15M-26OCT050045-45,0.0100,12.00,no
2026-10-05T04:43:06.118446Z,KXXRP15M-26OCT050045-45,0.0100,21.26,yes
2026-10-05T04:43:08.352159Z,KXXRP15M-26OCT050045-45,0.0100,100.00,yes
2026-10-05T04:43:09.650627Z,KXXRP15M-26OCT050045-45,0.0110,2.74,yes
2026-10-05T04:43:09.662932Z,KXXRP15M-26OCT050045-45,0.0090,40.00,no
2026-10-05T04:43:09.662932Z,KXXRP15M-26OCT050045-45,0.0090,5.00,no
2026-10-05T04:43:09.662932Z,KXXRP15M-26OCT050045-45,0.0090,5.42,no
2026-10-05T04:43:10.267259Z,KXXRP15M-26OCT050045-45,0.0100,15.00,yes
2026-10-05T04:43:10.89682Z,KXXRP15M-26OCT050045-45,0.0100,25.00,yes
2026-10-05T04:43:10.89682Z,KXXRP15M-26OCT050045-45,0.0110,37.26,yes
2026-10-05T04:43:10.89682Z,KXXRP15M-26OCT050045-45,0.0110,11.81,yes
2026-10-05T04:43:10.89682Z,KXXRP15M-26OCT050045-45,0.0110,13.00,yes
2026-10-05T04:43:11.081857Z,KXXRP15M-26OCT050045-45,0.0080,40.00,no
2026-10-05T04:43:11.081857Z,KXXRP15M-26OCT050045-45,0.0080,144.61,no
2026-10-05T04:43:11.081857Z,KXXRP15M-26OCT050045-45,0.0090,10.00,no
2026-10-05T04:43:11.081857Z,KXXRP15M-26OCT050045-45,0.0090,5.42,no
2026-10-05T04:43:11.081857Z,KXXRP15M-26OCT050045-45,0.0090,1.58,no
2026-10-05T04:43:11.507456Z,KXXRP15M-26OCT050045-45,0.0100,27.52,yes
2026-10-05T04:43:11.924826Z,KXXRP15M-26OCT050045-45,0.0100,5.00,yes
2026-10-05T04:43:12.597971Z,KXXRP15M-26OCT050045-45,0.0100,25.00,yes
2026-10-05T04:43:12.597971Z,KXXRP15M-26OCT050045-45,0.0180,21.66,yes
2026-10-05T04:43:12.597971Z,KXXRP15M-26OCT050045-45,0.0130,0.19,yes
2026-10-05T04:43:12.597971Z,KXXRP15M-26OCT050045-45,0.0180,18.00,yes
2026-10-05T04:43:12.597971Z,KXXRP15M-26OCT050045-45,0.0100,7.48,yes
2026-10-05T04:43:12.597971Z,KXXRP15M-26OCT050045-45,0.0170,13.00,yes
2026-10-05T04:43:12.597971Z,KXXRP15M-26OCT050045-45,0.0150,7.50,yes
2026-10-05T04:43:12.597971Z,KXXRP15M-26OCT050045-45,0.0100,17.00,yes
2026-10-05T04:43:12.597971Z,KXXRP15M-26OCT050045-45,0.0160,5.00,yes
2026-10-05T04:43:12.597971Z,KXXRP15M-26OCT050045-45,0.0170,5.00,yes
2026-10-05T04:43:14.731634Z,KXXRP15M-26OCT050045-45,0.0100,0.01,no
2026-10-05T04:43:14.731634Z,KXXRP15M-26OCT050045-45,0.0100,10.00,no
2026-10-05T04:43:14.731634Z,KXXRP15M-26OCT050045-45,0.0100,8.00,no
2026-10-05T04:43:14.731634Z,KXXRP15M-26OCT050045-45,0.0090,0.10,no
2026-10-05T04:43:14.731634Z,KXXRP15M-26OCT050045-45,0.0090,5.00,no
2026-10-05T04:43:14.731634Z,KXXRP15M-26OCT050045-45,0.0080,24.36,no
2026-10-05T04:43:16.825314Z,KXXRP15M-26OCT050045-45,0.0070,40.00,no
2026-10-05T04:43:16.825314Z,KXXRP15M-26OCT050045-45,0.0090,10.00,no
2026-10-05T04:43:16.825314Z,KXXRP15M-26OCT050045-45,0.0070,5.00,no
2026-10-05T04:43:16.825314Z,KXXRP15M-26OCT050045-45,0.0100,0.10,no
2026-10-05T04:43:16.825314Z,KXXRP15M-26OCT050045-45,0.0090,7.00,no
2026-10-05T04:43:16.825314Z,KXXRP15M-26OCT050045-45,0.0080,1.65,no
2026-10-05T04:43:16.825314Z,KXXRP15M-26OCT050045-45,0.0080,5.00,no
2026-10-05T04:43:16.825314Z,KXXRP15M-26OCT050045-45,0.0080,31.03,no
2026-10-05T04:43:17.098285Z,KXXRP15M-26OCT050045-45,0.0120,22.36,yes
2026-10-05T04:43:17.098285Z,KXXRP15M-26OCT050045-45,0.0100,40.00,yes
2026-10-05T04:43:19.624897Z,KXXRP15M-26OCT050045-45,0.0100,0.45,yes
2026-10-05T04:43:19.624897Z,KXXRP15M-26OCT050045-45,0.0090,0.55,yes
2026-10-05T04:43:19.814543Z,KXXRP15M-26OCT050045-45,0.0090,3.56,no
2026-10-05T04:43:20.638434Z,KXXRP15M-26OCT050045-45,0.0100,92.03,yes
2026-10-05T04:43:20.638434Z,KXXRP15M-26OCT050045-45,0.0090,0.55,yes
2026-10-05T04:43:20.638434Z,KXXRP15M-26OCT050045-45,0.0100,0.10,yes
2026-10-05T04:43:21.22968Z,KXXRP15M-26OCT050045-45,0.0060,4.90,no
2026-10-05T04:43:21.22968Z,KXXRP15M-26OCT050045-45,0.0080,0.10,no
2026-10-05T04:43:21.22968Z,KXXRP15M-26OCT050045-45,0.0070,9.00,no
2026-10-05T04:43:22.452928Z,KXXRP15M-26OCT050045-45,0.0070,0.10,no
2026-10-05T04:43:22.452928Z,KXXRP15M-26OCT050045-45,0.0070,81.42,no
2026-10-05T04:43:22.452928Z,KXXRP15M-26OCT050045-45,0.0070,10.00,no
2026-10-05T04:43:22.452928Z,KXXRP15M-26OCT050045-45,0.0070,9.00,no
2026-10-05T04:43:22.918544Z,KXXRP15M-26OCT050045-45,0.0080,15.00,yes
2026-10-05T04:43:22.918544Z,KXXRP15M-26OCT050045-45,0.0080,4.90,yes
2026-10-05T04:43:22.918544Z,KXXRP15M-26OCT050045-45,0.0080,0.55,yes
2026-10-05T04:43:22.918544Z,KXXRP15M-26OCT050045-45,0.0080,13.00,yes
2026-10-05T04:43:22.918544Z,KXXRP15M-26OCT050045-45,0.0100,7.96,yes
2026-10-05T04:43:22.918544Z,KXXRP15M-26OCT050045-45,0.0090,0.55,yes
2026-10-05T04:43:22.924501Z,KXXRP15M-26OCT050045-45,0.0100,0.45,yes
2026-10-05T04:43:22.924501Z,KXXRP15M-26OCT050045-45,0.0100,24.00,yes
2026-10-05T04:43:22.924501Z,KXXRP15M-26OCT050045-45,0.0100,0.01,yes
2026-10-05T04:43:22.924501Z,KXXRP15M-26OCT050045-45,0.0120,0.67,yes
2026-10-05T04:43:22.924501Z,KXXRP15M-26OCT050045-45,0.0110,0.61,yes
2026-10-05T04:43:22.924501Z,KXXRP15M-26OCT050045-45,0.0130,0.74,yes
2026-10-05T04:43:22.924501Z,KXXRP15M-26OCT050045-45,0.0140,0.81,yes
2026-10-05T04:43:22.924501Z,KXXRP15M-26OCT050045-45,0.0150,0.39,yes
2026-10-05T04:43:23.506056Z,KXXRP15M-26OCT050045-45,0.0060,11.55,no
2026-10-05T04:43:25.297258Z,KXXRP15M-26OCT050045-45,0.0060,0.10,no
2026-10-05T04:43:26.792892Z,KXXRP15M-26OCT050045-45,0.0150,10.71,yes
2026-10-05T04:43:26.792892Z,KXXRP15M-26OCT050045-45,0.0140,14.00,yes
2026-10-05T04:43:26.792892Z,KXXRP15M-26OCT050045-45,0.0070,0.55,yes
2026-10-05T04:43:26.792892Z,KXXRP15M-26OCT050045-45,0.0100,1.00,yes
2026-10-05T04:43:26.792892Z,KXXRP15M-26OCT050045-45,0.0070,24.00,yes
2026-10-05T04:43:26.792892Z,KXXRP15M-26OCT050045-45,0.0070,21.00,yes
2026-10-05T04:43:26.792892Z,KXXRP15M-26OCT050045-45,0.0070,0.10,yes
2026-10-05T04:43:26.792892Z,KXXRP15M-26OCT050045-45,0.0070,11.55,yes
2026-10-05T04:43:26.792892Z,KXXRP15M-26OCT050045-45,0.0080,0.55,yes
2026-10-05T04:43:26.792892Z,KXXRP15M-26OCT050045-45,0.0120,0.74,yes
2026-10-05T04:43:26.792892Z,KXXRP15M-26OCT050045-45,0.0110,0.67,yes
2026-10-05T04:43:26.792892Z,KXXRP15M-26OCT050045-45,0.0130,0.81,yes
2026-10-05T04:43:26.792892Z,KXXRP15M-26OCT050045-45,0.0100,0.61,yes
2026-10-05T04:43:26.792892Z,KXXRP15M-26OCT050045-45,0.0090,0.55,yes
2026-10-05T04:43:26.792892Z,KXXRP15M-26OCT050045-45,0.0140,0.89,yes
2026-10-05T04:43:26.792892Z,KXXRP15M-26OCT050045-45,0.0150,4.61,yes
2026-10-05T04:43:26.792892Z,KXXRP15M-26OCT050045-45,0.0150,0.89,yes
2026-10-05T04:43:27.935387Z,KXXRP15M-26OCT050045-45,0.0060,1.00,no
2026-10-05T04:43:28.377683Z,KXXRP15M-26OCT050045-45,0.0050,40.00,no
2026-10-05T04:43:28.377683Z,KXXRP15M-26OCT050045-45,0.0040,40.00,no
2026-10-05T04:43:28.377683Z,KXXRP15M-26OCT050045-45,0.0060,22.45,no
2026-10-05T04:43:28.377683Z,KXXRP15M-26OCT050045-45,0.0030,237.45,no
2026-10-05T04:43:28.377683Z,KXXRP15M-26OCT050045-45,0.0040,13.00,no
2026-10-05T04:43:28.377683Z,KXXRP15M-26OCT050045-45,0.0050,11.00,no
2026-10-05T04:43:28.377683Z,KXXRP15M-26OCT050045-45,0.0040,1.00,no
2026-10-05T04:43:28.377683Z,KXXRP15M-26OCT050045-45,0.0040,1.00,no
2026-10-05T04:43:28.377683Z,KXXRP15M-26OCT050045-45,0.0040,1.00,no
2026-10-05T04:43:28.377683Z,KXXRP15M-26OCT050045-45,0.0040,1.00,no
2026-10-05T04:43:28.377683Z,KXXRP15M-26OCT050045-45,0.0040,1.00,no
2026-10-05T04:43:28.377683Z,KXXRP15M-26OCT050045-45,0.0050,5.00,no
2026-10-05T04:43:28.377683Z,KXXRP15M-26OCT050045-45,0.0040,2.00,no
2026-10-05T04:43:28.377683Z,KXXRP15M-26OCT050045-45,0.0040,40.00,no
2026-10-05T04:43:28.377683Z,KXXRP15M-26OCT050045-45,0.0060,6.00,no
2026-10-05T04:43:28.377683Z,KXXRP15M-26OCT050045-45,0.0050,5.00,no
2026-10-05T04:43:28.377683Z,KXXRP15M-26OCT050045-45,0.0060,5.00,no
2026-10-05T04:43:28.377683Z,KXXRP15M-26OCT050045-45,0.0070,0.10,no
2026-10-05T04:43:28.377683Z,KXXRP15M-26OCT050045-45,0.0070,10.00,no
2026-10-05T04:43:28.377683Z,KXXRP15M-26OCT050045-45,0.0070,9.00,no
2026-10-05T04:43:29.438047Z,KXXRP15M-26OCT050045-45,0.0030,40.00,no
2026-10-05T04:43:29.438047Z,KXXRP15M-26OCT050045-45,0.0030,11.39,no
2026-10-05T04:43:29.438047Z,KXXRP15M-26OCT050045-45,0.0040,5.00,no
2026-10-05T04:43:29.438047Z,KXXRP15M-26OCT050045-45,0.0040,10.00,no
2026-10-05T04:43:29.438047Z,KXXRP15M-26OCT050045-45,0.0040,7.00,no
2026-10-05T04:43:29.438047Z,KXXRP15M-26OCT050045-45,0.0050,5.00,no
2026-10-05T04:43:29.516057Z,KXXRP15M-26OCT050045-45,0.0050,31.16,yes
2026-10-05T04:43:29.917078Z,KXXRP15M-26OCT050045-45,0.0120,40.00,yes
2026-10-05T04:43:29.917078Z,KXXRP15M-26OCT050045-45,0.0200,3.34,yes
2026-10-05T04:43:29.917078Z,KXXRP15M-26OCT050045-45,0.0200,0.61,yes
2026-10-05T04:43:29.917078Z,KXXRP15M-26OCT050045-45,0.0180,1.18,yes
2026-10-05T04:43:29.917078Z,KXXRP15M-26OCT050045-45,0.0160,0.98,yes
2026-10-05T04:43:29.917078Z,KXXRP15M-26OCT050045-45,0.0190,1.30,yes
2026-10-05T04:43:29.917078Z,KXXRP15M-26OCT050045-45,0.0170,1.07,yes
2026-10-05T04:43:29.917078Z,KXXRP15M-26OCT050045-45,0.0190,65.00,yes
2026-10-05T04:43:29.917078Z,KXXRP15M-26OCT050045-45,0.0160,15.00,yes
2026-10-05T04:43:29.917078Z,KXXRP15M-26OCT050045-45,0.0080,0.62,yes
2026-10-05T04:43:29.917078Z,KXXRP15M-26OCT050045-45,0.0070,0.62,yes
2026-10-05T04:43:29.917078Z,KXXRP15M-26OCT050045-45,0.0070,1.00,yes
2026-10-05T04:43:29.917078Z,KXXRP15M-26OCT050045-45,0.0100,0.62,yes
2026-10-05T04:43:29.917078Z,KXXRP15M-26OCT050045-45,0.0060,40.00,yes
2026-10-05T04:43:29.917078Z,KXXRP15M-26OCT050045-45,0.0060,0.62,yes
2026-10-05T04:43:29.917078Z,KXXRP15M-26OCT050045-45,0.0090,0.62,yes
2026-10-05T04:43:29.917078Z,KXXRP15M-26OCT050045-45,0.0070,22.45,yes
2026-10-05T04:43:29.917078Z,KXXRP15M-26OCT050045-45,0.0090,0.10,yes
2026-10-05T04:43:29.917078Z,KXXRP15M-26OCT050045-45,0.0090,237.45,yes
2026-10-05T04:43:29.917078Z,KXXRP15M-26OCT050045-45,0.0050,8.84,yes
2026-10-05T04:43:29.917078Z,KXXRP15M-26OCT050045-45,0.0100,7.50,yes
2026-10-05T04:43:29.917078Z,KXXRP15M-26OCT050045-45,0.0050,40.00,yes
2026-10-05T04:43:29.917078Z,KXXRP15M-26OCT050045-45,0.0200,9.54,yes
2026-10-05T04:43:29.917078Z,KXXRP15M-26OCT050045-45,0.0130,5.00,yes
2026-10-05T04:43:29.917078Z,KXXRP15M-26OCT050045-45,0.0060,11.39,yes
2026-10-05T04:43:29.917078Z,KXXRP15M-26OCT050045-45,0.0050,0.62,yes
2026-10-05T04:43:29.917078Z,KXXRP15M-26OCT050045-45,0.0120,5.00,yes
2026-10-05T04:43:29.917078Z,KXXRP15M-26OCT050045-45,0.0140,0.62,yes
2026-10-05T04:43:29.917078Z,KXXRP15M-26OCT050045-45,0.0150,0.68,yes
2026-10-05T04:43:29.917078Z,KXXRP15M-26OCT050045-45,0.0190,12.00,yes
2026-10-05T04:43:29.917078Z,KXXRP15M-26OCT050045-45,0.0110,0.62,yes
2026-10-05T04:43:29.917078Z,KXXRP15M-26OCT050045-45,0.0120,0.62,yes
2026-10-05T04:43:29.917078Z,KXXRP15M-26OCT050045-45,0.0150,7.50,yes
2026-10-05T04:43:29.917078Z,KXXRP15M-26OCT050045-45,0.0130,0.62,yes
2026-10-05T04:43:30.717075Z,KXXRP15M-26OCT050045-45,0.0060,0.10,no
2026-10-05T04:43:31.627985Z,KXXRP15M-26OCT050045-45,0.0030,11.00,no
2026-10-05T04:43:31.627985Z,KXXRP15M-26OCT050045-45,0.0040,5.00,no
2026-10-05T04:43:31.627985Z,KXXRP15M-26OCT050045-45,0.0040,10.00,no
2026-10-05T04:43:31.627985Z,KXXRP15M-26OCT050045-45,0.0040,21.00,no
2026-10-05T04:43:31.627985Z,KXXRP15M-26OCT050045-45,0.0050,5.00,no
2026-10-05T04:43:31.627985Z,KXXRP15M-26OCT050045-45,0.0050,8.00,no
2026-10-05T04:43:31.98805Z,KXXRP15M-26OCT050045-45,0.0030,20.00,no
2026-10-05T04:43:32.238279Z,KXXRP15M-26OCT050045-45,0.0050,0.10,yes
2026-10-05T04:43:32.932972Z,KXXRP15M-26OCT050045-45,0.0030,18.00,no
2026-10-05T04:43:32.932972Z,KXXRP15M-26OCT050045-45,0.0030,2.00,no
2026-10-05T04:43:32.932972Z,KXXRP15M-26OCT050045-45,0.0030,2.00,no
2026-10-05T04:43:32.932972Z,KXXRP15M-26OCT050045-45,0.0030,2.00,no
2026-10-05T04:43:32.932972Z,KXXRP15M-26OCT050045-45,0.0030,2.00,no
2026-10-05T04:43:32.932972Z,KXXRP15M-26OCT050045-45,0.0030,2.00,no
2026-10-05T04:43:32.932972Z,KXXRP15M-26OCT050045-45,0.0030,207.61,no
2026-10-05T04:43:32.932972Z,KXXRP15M-26OCT050045-45,0.0020,344.39,no
2026-10-05T04:43:32.932972Z,KXXRP15M-26OCT050045-45,0.0040,10.00,no
2026-10-05T04:43:32.932972Z,KXXRP15M-26OCT050045-45,0.0040,7.00,no
2026-10-05T04:43:32.932972Z,KXXRP15M-26OCT050045-45,0.0030,5.00,no
2026-10-05T04:43:33.062412Z,KXXRP15M-26OCT050045-45,0.0020,324.39,no
2026-10-05T04:43:33.062412Z,KXXRP15M-26OCT050045-45,0.0020,55.61,no
2026-10-05T04:43:33.551819Z,KXXRP15M-26OCT050045-45,0.0050,9.16,yes
2026-10-05T04:43:33.758407Z,KXXRP15M-26OCT050045-45,0.0050,198.45,yes
2026-10-05T04:43:33.758407Z,KXXRP15M-26OCT050045-45,0.0050,175.50,yes
2026-10-05T04:43:33.856879Z,KXXRP15M-26OCT050045-45,0.0050,2.00,yes
2026-10-05T04:43:33.867369Z,KXXRP15M-26OCT050045-45,0.0050,16.00,yes
2026-10-05T04:43:33.874645Z,KXXRP15M-26OCT050045-45,0.0050,8.00,yes
2026-10-05T04:43:33.880812Z,KXXRP15M-26OCT050045-45,0.0050,2.00,yes
2026-10-05T04:43:33.887361Z,KXXRP15M-26OCT050045-45,0.0050,2.00,yes
2026-10-05T04:43:33.892498Z,KXXRP15M-26OCT050045-45,0.0050,2.00,yes
2026-10-05T04:43:33.900531Z,KXXRP15M-26OCT050045-45,0.0050,2.00,yes
2026-10-05T04:43:33.90607Z,KXXRP15M-26OCT050045-45,0.0050,2.00,yes
2026-10-05T04:43:33.927656Z,KXXRP15M-26OCT050045-45,0.0050,16.00,yes
2026-10-05T04:43:33.934559Z,KXXRP15M-26OCT050045-45,0.0050,6.00,yes
2026-10-05T04:43:33.939517Z,KXXRP15M-26OCT050045-45,0.0050,2.00,yes
2026-10-05T04:43:33.944098Z,KXXRP15M-26OCT050045-45,0.0050,2.00,yes
2026-10-05T04:43:33.949527Z,KXXRP15M-26OCT050045-45,0.0050,2.00,yes
2026-10-05T04:43:34.967443Z,KXXRP15M-26OCT050045-45,0.0040,0.10,yes
2026-10-05T04:43:34.967443Z,KXXRP15M-26OCT050045-45,0.0050,4.81,yes
2026-10-05T04:43:35.962692Z,KXXRP15M-26OCT050045-45,0.0050,373.95,yes
2026-10-05T04:43:37.159946Z,KXXRP15M-26OCT050045-45,0.0030,1.00,no
2026-10-05T04:43:37.41317Z,KXXRP15M-26OCT050045-45,0.0030,9.00,no
2026-10-05T04:43:37.41317Z,KXXRP15M-26OCT050045-45,0.0030,10.00,no
2026-10-05T04:43:37.41317Z,KXXRP15M-26OCT050045-45,0.0030,1.00,no
2026-10-05T04:43:37.67659Z,KXXRP15M-26OCT050045-45,0.0050,324.39,yes
2026-10-05T04:43:37.67659Z,KXXRP15M-26OCT050045-45,0.0050,283.74,yes
2026-10-05T04:43:37.67659Z,KXXRP15M-26OCT050045-45,0.0050,468.86,yes
2026-10-05T04:43:37.67659Z,KXXRP15M-26OCT050045-45,0.0040,32.00,yes
2026-10-05T04:43:37.67659Z,KXXRP15M-26OCT050045-45,0.0040,22.00,yes
2026-10-05T04:43:37.921793Z,KXXRP15M-26OCT050045-45,0.0050,14.00,yes
2026-10-05T04:43:37.921793Z,KXXRP15M-26OCT050045-45,0.0050,99.14,yes
2026-10-05T04:43:39.22746Z,KXXRP15M-26OCT050045-45,0.0040,37.39,yes
2026-10-05T04:43:39.828452Z,KXXRP15M-26OCT050045-45,0.0020,676.90,no
2026-10-05T04:43:39.828452Z,KXXRP15M-26OCT050045-45,0.0030,0.10,no
2026-10-05T04:43:39.828452Z,KXXRP15M-26OCT050045-45,0.0030,10.00,no
2026-10-05T04:43:39.828452Z,KXXRP15M-26OCT050045-45,0.0030,10.00,no
2026-10-05T04:43:40.341211Z,KXXRP15M-26OCT050045-45,0.0040,5.00,yes
2026-10-05T04:43:40.341211Z,KXXRP15M-26OCT050045-45,0.0050,95.60,yes
2026-10-05T04:43:40.341211Z,KXXRP15M-26OCT050045-45,0.0040,34.00,yes
2026-10-05T04:43:40.341211Z,KXXRP15M-26OCT050045-45,0.0040,22.00,yes
2026-10-05T04:43:40.341211Z,KXXRP15M-26OCT050045-45,0.0040,1.61,yes
2026-10-05T04:43:40.341211Z,KXXRP15M-26OCT050045-45,0.0050,0.10,yes
2026-10-05T04:43:41.35798Z,KXXRP15M-26OCT050045-45,0.0030,8.00,no
2026-10-05T04:43:41.868452Z,KXXRP15M-26OCT050045-45,0.0030,2.00,no
2026-10-05T04:43:41.868452Z,KXXRP15M-26OCT050045-45,0.0030,7.00,no
2026-10-05T04:43:41.913301Z,KXXRP15M-26OCT050045-45,0.0020,3.00,no
2026-10-05T04:43:41.913301Z,KXXRP15M-26OCT050045-45,0.0030,10.00,no
2026-10-05T04:43:41.913301Z,KXXRP15M-26OCT050045-45,0.0030,10.00,no
2026-10-05T04:43:42.239081Z,KXXRP15M-26OCT050045-45,0.0030,24.78,yes
2026-10-05T04:43:43.01897Z,KXXRP15M-26OCT050045-45,0.0050,170.15,yes
2026-10-05T04:43:43.01897Z,KXXRP15M-26OCT050045-45,0.0030,975.22,yes
2026-10-05T04:43:43.01897Z,KXXRP15M-26OCT050045-45,0.0040,223.00,yes
2026-10-05T04:43:43.130275Z,KXXRP15M-26OCT050045-45,0.0050,204.45,yes
2026-10-05T04:43:43.342005Z,KXXRP15M-26OCT050045-45,0.0020,2.00,no
2026-10-05T04:43:43.40471Z,KXXRP15M-26OCT050045-45,0.0020,444.81,no
2026-10-05T04:43:43.425507Z,KXXRP15M-26OCT050045-45,0.0020,88.16,no
2026-10-05T04:43:46.361128Z,KXXRP15M-26OCT050045-45,0.0030,0.10,no
2026-10-05T04:43:46.361128Z,KXXRP15M-26OCT050045-45,0.0030,10.00,no
2026-10-05T04:43:46.361128Z,KXXRP15M-26OCT050045-45,0.0030,10.00,no
2026-10-05T04:43:46.699647Z,KXXRP15M-26OCT050045-45,0.0030,59.80,yes
2026-10-05T04:43:46.699647Z,KXXRP15M-26OCT050045-45,0.0040,984.74,yes
2026-10-05T04:43:46.699647Z,KXXRP15M-26OCT050045-45,0.0030,124.00,yes
2026-10-05T04:43:47.747741Z,KXXRP15M-26OCT050045-45,0.0030,21.30,yes
2026-10-05T04:43:48.703833Z,KXXRP15M-26OCT050045-45,0.0030,378.77,yes
2026-10-05T04:43:50.538666Z,KXXRP15M-26OCT050045-45,0.0030,0.10,yes
2026-10-05T04:43:50.870724Z,KXXRP15M-26OCT050045-45,0.0030,248.83,yes
2026-10-05T04:43:50.870724Z,KXXRP15M-26OCT050045-45,0.0030,101.00,yes
2026-10-05T04:43:50.881802Z,KXXRP15M-26OCT050045-45,0.0030,30.00,yes
2026-10-05T04:43:51.710979Z,KXXRP15M-26OCT050045-45,0.0030,11.00,yes
2026-10-05T04:43:52.341476Z,KXXRP15M-26OCT050045-45,0.0020,444.81,no
2026-10-05T04:43:53.026269Z,KXXRP15M-26OCT050045-45,0.0030,43.00,yes
2026-10-05T04:43:53.026269Z,KXXRP15M-26OCT050045-45,0.0030,61.00,yes
2026-10-05T04:43:53.026269Z,KXXRP15M-26OCT050045-45,0.0030,20.00,yes
2026-10-05T04:43:53.026269Z,KXXRP15M-26OCT050045-45,0.0050,18.69,yes
2026-10-05T04:43:54.359316Z,KXXRP15M-26OCT050045-45,0.0030,0.10,no
2026-10-05T04:43:54.359316Z,KXXRP15M-26OCT050045-45,0.0030,10.00,no
2026-10-05T04:43:54.359316Z,KXXRP15M-26OCT050045-45,0.0030,10.00,no
2026-10-05T04:43:54.359316Z,KXXRP15M-26OCT050045-45,0.0020,10.59,no
2026-10-05T04:43:54.412872Z,KXXRP15M-26OCT050045-45,0.0020,0.10,no
2026-10-05T04:43:54.79237Z,KXXRP15M-26OCT050045-45,0.0020,196.37,no
2026-10-05T04:43:55.455467Z,KXXRP15M-26OCT050045-45,0.0040,110.00,yes
2026-10-05T04:43:55.455467Z,KXXRP15M-26OCT050045-45,0.0050,76.97,yes
2026-10-05T04:43:56.591729Z,KXXRP15M-26OCT050045-45,0.0030,14.02,yes
2026-10-05T04:43:56.679457Z,KXXRP15M-26OCT050045-45,0.0020,12.00,no
2026-10-05T04:43:57.606288Z,KXXRP15M-26OCT050045-45,0.0030,30.00,yes
2026-10-05T04:43:57.606288Z,KXXRP15M-26OCT050045-45,0.0030,15.98,yes
2026-10-05T04:43:57.606288Z,KXXRP15M-26OCT050045-45,0.0030,25.00,yes
2026-10-05T04:43:57.606288Z,KXXRP15M-26OCT050045-45,0.0030,30.00,yes
2026-10-05T04:43:57.606288Z,KXXRP15M-26OCT050045-45,0.0030,102.00,yes
2026-10-05T04:43:57.606288Z,KXXRP15M-26OCT050045-45,0.0050,63.57,yes
2026-10-05T04:43:58.016045Z,KXXRP15M-26OCT050045-45,0.0020,200.00,no
2026-10-05T04:43:58.027896Z,KXXRP15M-26OCT050045-45,0.0020,200.00,no
2026-10-05T04:43:58.039544Z,KXXRP15M-26OCT050045-45,0.0020,200.00,no
2026-10-05T04:43:58.109092Z,KXXRP15M-26OCT050045-45,0.0020,200.00,no
2026-10-05T04:43:58.185571Z,KXXRP15M-26OCT050045-45,0.0020,200.00,no
2026-10-05T04:43:58.274175Z,KXXRP15M-26OCT050045-45,0.0020,200.00,no
2026-10-05T04:43:58.35103Z,KXXRP15M-26OCT050045-45,0.0020,200.00,no
2026-10-05T04:43:58.499424Z,KXXRP15M-26OCT050045-45,0.0020,127.00,no
2026-10-05T04:43:58.578266Z,KXXRP15M-26OCT050045-45,0.0020,500.00,no
2026-10-05T04:43:58.578266Z,KXXRP15M-26OCT050045-45,0.0020,269.87,no
2026-10-05T04:43:58.578266Z,KXXRP15M-26OCT050045-45,0.0020,40.00,no
2026-10-05T04:43:58.578266Z,KXXRP15M-26OCT050045-45,0.0020,303.19,no
2026-10-05T04:43:59.30788Z,KXXRP15M-26OCT050045-45,0.0030,40.00,yes
2026-10-05T04:43:59.30788Z,KXXRP15M-26OCT050045-45,0.0030,60.00,yes
2026-10-05T04:43:59.30788Z,KXXRP15M-26OCT050045-45,0.0030,303.19,yes
2026-10-05T04:43:59.30788Z,KXXRP15M-26OCT050045-45,0.0030,72.00,yes
2026-10-05T04:43:59.30788Z,KXXRP15M-26OCT050045-45,0.0040,35.00,yes
2026-10-05T04:43:59.30788Z,KXXRP15M-26OCT050045-45,0.0050,375.45,yes
2026-10-05T04:43:59.30788Z,KXXRP15M-26OCT050045-45,0.0050,47.47,yes
2026-10-05T04:43:59.687826Z,KXXRP15M-26OCT050045-45,0.0020,109.69,no
2026-10-05T04:43:59.687826Z,KXXRP15M-26OCT050045-45,0.0020,10.00,no
2026-10-05T04:43:59.687826Z,KXXRP15M-26OCT050045-45,0.0020,5.00,no
2026-10-05T04:43:59.687826Z,KXXRP15M-26OCT050045-45,0.0020,5.00,no
2026-10-05T04:43:59.687826Z,KXXRP15M-26OCT050045-45,0.0020,24.31,no
2026-10-05T04:43:59.687826Z,KXXRP15M-26OCT050045-45,0.0020,5.00,no
2026-10-05T04:43:59.687826Z,KXXRP15M-26OCT050045-45,0.0020,3.00,no
2026-10-05T04:43:59.687826Z,KXXRP15M-26OCT050045-45,0.0020,3.00,no
2026-10-05T04:43:59.687826Z,KXXRP15M-26OCT050045-45,0.0020,3.00,no
2026-10-05T04:43:59.687826Z,KXXRP15M-26OCT050045-45,0.0020,3.00,no
2026-10-05T04:43:59.687826Z,KXXRP15M-26OCT050045-45,0.0020,3.00,no
2026-10-05T04:43:59.687826Z,KXXRP15M-26OCT050045-45,0.0020,26.00,no
2026-10-05T04:44:00.078382Z,KXXRP15M-26OCT050045-45,0.0020,1.00,no
2026-10-05T04:44:00.14575Z,KXXRP15M-26OCT050045-45,0.0020,2.00,no
2026-10-05T04:44:00.149522Z,KXXRP15M-26OCT050045-45,0.0030,39.75,yes
2026-10-05T04:44:00.149522Z,KXXRP15M-26OCT050045-45,0.0030,0.86,yes
2026-10-05T04:44:00.149522Z,KXXRP15M-26OCT050045-45,0.0030,30.00,yes
2026-10-05T04:44:00.149522Z,KXXRP15M-26OCT050045-45,0.0030,30.00,yes
2026-10-05T04:44:00.149522Z,KXXRP15M-26OCT050045-45,0.0030,79.00,yes
2026-10-05T04:44:00.149522Z,KXXRP15M-26OCT050045-45,0.0030,30.00,yes
2026-10-05T04:44:00.174361Z,KXXRP15M-26OCT050045-45,0.0020,100.00,no
2026-10-05T04:44:00.277678Z,KXXRP15M-26OCT050045-45,0.0020,87.83,no
2026-10-05T04:44:00.598104Z,KXXRP15M-26OCT050045-45,0.0020,1.00,no
2026-10-05T04:44:00.678848Z,KXXRP15M-26OCT050045-45,0.0020,198.48,no
2026-10-05T04:44:00.678848Z,KXXRP15M-26OCT050045-45,0.0020,5.00,no
2026-10-05T04:44:00.678848Z,KXXRP15M-26OCT050045-45,0.0020,10.00,no
2026-10-05T04:44:00.989399Z,KXXRP15M-26OCT050045-45,0.0020,77.89,yes
2026-10-05T04:44:01.027857Z,KXXRP15M-26OCT050045-45,0.0010,586.00,no
2026-10-05T04:44:01.082955Z,KXXRP15M-26OCT050045-45,0.0020,28.11,yes
2026-10-05T04:44:01.082955Z,KXXRP15M-26OCT050045-45,0.0020,45.53,yes
2026-10-05T04:44:01.088603Z,KXXRP15M-26OCT050045-45,0.0020,28.47,yes
2026-10-05T04:44:01.088603Z,KXXRP15M-26OCT050045-45,0.0020,0.86,yes
2026-10-05T04:44:01.094762Z,KXXRP15M-26OCT050045-45,0.0020,28.47,yes
2026-10-05T04:44:01.454455Z,KXXRP15M-26OCT050045-45,0.0010,214.00,no
2026-10-05T04:44:01.454455Z,KXXRP15M-26OCT050045-45,0.0010,136.00,no
2026-10-05T04:44:02.012156Z,KXXRP15M-26OCT050045-45,0.0010,36.00,no
2026-10-05T04:44:02.664591Z,KXXRP15M-26OCT050045-45,0.0020,24.00,yes
2026-10-05T04:44:02.791729Z,KXXRP15M-26OCT050045-45,0.0010,10.00,no
2026-10-05T04:44:02.791729Z,KXXRP15M-26OCT050045-45,0.0010,43.00,no
2026-10-05T04:44:02.791729Z,KXXRP15M-26OCT050045-45,0.0010,1.00,no
2026-10-05T04:44:02.791729Z,KXXRP15M-26OCT050045-45,0.0010,80.00,no
2026-10-05T04:44:02.791729Z,KXXRP15M-26OCT050045-45,0.0010,40.00,no
2026-10-05T04:44:02.791729Z,KXXRP15M-26OCT050045-45,0.0010,200.00,no
2026-10-05T04:44:02.791729Z,KXXRP15M-26OCT050045-45,0.0010,5.00,no
2026-10-05T04:44:02.791729Z,KXXRP15M-26OCT050045-45,0.0010,71.17,no
2026-10-05T04:44:02.791729Z,KXXRP15M-26OCT050045-45,0.0010,400.00,no
2026-10-05T04:44:02.791729Z,KXXRP15M-26OCT050045-45,0.0010,15.00,no
2026-10-05T04:44:02.791729Z,KXXRP15M-26OCT050045-45,0.0010,328.00,no
2026-10-05T04:44:02.791729Z,KXXRP15M-26OCT050045-45,0.0010,500.00,no
2026-10-05T04:44:02.791729Z,KXXRP15M-26OCT050045-45,0.0010,350.00,no
2026-10-05T04:44:02.791729Z,KXXRP15M-26OCT050045-45,0.0010,1.00,no
2026-10-05T04:44:02.791729Z,KXXRP15M-26OCT050045-45,0.0010,1.00,no
2026-10-05T04:44:02.791729Z,KXXRP15M-26OCT050045-45,0.0010,40.00,no
2026-10-05T04:44:02.791729Z,KXXRP15M-26OCT050045-45,0.0010,1.00,no
2026-10-05T04:44:03.023034Z,KXXRP15M-26OCT050045-45,0.0010,36.00,yes
2026-10-05T04:44:03.854803Z,KXXRP15M-26OCT050045-45,0.0020,103.22,yes
2026-10-05T04:44:03.854803Z,KXXRP15M-26OCT050045-45,0.0010,377.83,yes
2026-10-05T04:44:03.854803Z,KXXRP15M-26OCT050045-45,0.0020,36.00,yes
2026-10-05T04:44:03.854803Z,KXXRP15M-26OCT050045-45,0.0020,0.86,yes
2026-10-05T04:44:03.854803Z,KXXRP15M-26OCT050045-45,0.0020,136.00,yes
2026-10-05T04:44:03.987674Z,KXXRP15M-26OCT050045-45,0.0010,400.00,no
2026-10-05T04:44:03.987674Z,KXXRP15M-26OCT050045-45,0.0010,40.00,no
2026-10-05T04:44:03.987674Z,KXXRP15M-26OCT050045-45,0.0010,15.00,no
2026-10-05T04:44:03.987674Z,KXXRP15M-26OCT050045-45,0.0010,103.22,no
2026-10-05T04:44:03.987674Z,KXXRP15M-26OCT050045-45,0.0010,43.00,no
2026-10-05T04:44:04.029534Z,KXXRP15M-26OCT050045-45,0.0010,153.00,yes
2026-10-05T04:44:04.815933Z,KXXRP15M-26OCT050045-45,0.0010,246.78,yes
2026-10-05T04:44:04.815933Z,KXXRP15M-26OCT050045-45,0.0020,341.19,yes
2026-10-05T04:44:05.569804Z,KXXRP15M-26OCT050045-45,0.0010,14.00,no
2026-10-05T04:44:05.788784Z,KXXRP15M-26OCT050045-45,0.0010,89.99,no
2026-10-05T04:44:06.279229Z,KXXRP15M-26OCT050045-45,0.0010,32.24,no
2026-10-05T04:44:06.427732Z,KXXRP15M-26OCT050045-45,0.0020,34.42,yes
2026-10-05T04:44:06.427732Z,KXXRP15M-26OCT050045-45,0.0020,55.59,yes
2026-10-05T04:44:06.427732Z,KXXRP15M-26OCT050045-45,0.0020,328.00,yes
2026-10-05T04:44:06.427732Z,KXXRP15M-26OCT050045-45,0.0020,40.00,yes
2026-10-05T04:44:06.500909Z,KXXRP15M-26OCT050045-45,0.0010,2.00,no
2026-10-05T04:44:06.827427Z,KXXRP15M-26OCT050045-45,0.0020,31.73,yes
2026-10-05T04:44:06.827427Z,KXXRP15M-26OCT050045-45,0.0020,68.80,yes
2026-10-05T04:44:06.827427Z,KXXRP15M-26OCT050045-45,0.0020,0.98,yes
2026-10-05T04:44:06.991842Z,KXXRP15M-26OCT050045-45,0.0010,43.00,no
2026-10-05T04:44:06.991842Z,KXXRP15M-26OCT050045-45,0.0010,261.77,no
2026-10-05T04:44:06.991842Z,KXXRP15M-26OCT050045-45,0.0010,40.00,no
2026-10-05T04:44:06.991842Z,KXXRP15M-26OCT050045-45,0.0010,15.00,no
2026-10-05T04:44:06.991842Z,KXXRP15M-26OCT050045-45,0.0010,341.19,no
2026-10-05T04:44:08.186632Z,KXXRP15M-26OCT050045-45,0.0040,0.94,yes
2026-10-05T04:44:08.186632Z,KXXRP15M-26OCT050045-45,0.0030,0.86,yes
2026-10-05T04:44:08.186632Z,KXXRP15M-26OCT050045-45,0.0020,1.16,yes
2026-10-05T04:44:08.186632Z,KXXRP15M-26OCT050045-45,0.0020,60.00,yes
2026-10-05T04:44:08.186632Z,KXXRP15M-26OCT050045-45,0.0040,28.10,yes
2026-10-05T04:44:08.186632Z,KXXRP15M-26OCT050045-45,0.0020,341.19,yes
2026-10-05T04:44:09.300226Z,KXXRP15M-26OCT050045-45,0.0050,109.39,yes
2026-10-05T04:44:09.300226Z,KXXRP15M-26OCT050045-45,0.0020,214.00,yes
2026-10-05T04:44:09.300226Z,KXXRP15M-26OCT050045-45,0.0040,35.00,yes
2026-10-05T04:44:09.300226Z,KXXRP15M-26OCT050045-45,0.0050,74.36,yes
2026-10-05T04:44:09.853363Z,KXXRP15M-26OCT050045-45,0.0020,0.07,no
2026-10-05T04:44:09.974384Z,KXXRP15M-26OCT050045-45,0.0020,499.93,no
2026-10-05T04:44:09.974384Z,KXXRP15M-26OCT050045-45,0.0010,40.00,no
2026-10-05T04:44:09.974384Z,KXXRP15M-26OCT050045-45,0.0010,43.00,no
2026-10-05T04:44:09.974384Z,KXXRP15M-26OCT050045-45,0.0010,10.00,no
2026-10-05T04:44:10.415759Z,KXXRP15M-26OCT050045-45,0.0020,159.36,yes
2026-10-05T04:44:10.415759Z,KXXRP15M-26OCT050045-45,0.0020,74.36,yes
2026-10-05T04:44:12.181688Z,KXXRP15M-26OCT050045-45,0.0010,10.21,yes
2026-10-05T04:44:12.331183Z,KXXRP15M-26OCT050045-45,0.0010,280.44,yes
2026-10-05T04:44:12.801657Z,KXXRP15M-26OCT050045-45,0.0010,4579.77,yes
2026-10-05T04:44:12.964018Z,KXXRP15M-26OCT050045-45,0.0010,1831.90,yes
2026-10-05T04:44:13.962224Z,KXXRP15M-26OCT050045-45,0.0010,2.03,yes
2026-10-05T04:44:14.014281Z,KXXRP15M-26OCT050045-45,0.0010,180.00,yes
2026-10-05T04:44:15.827879Z,KXXRP15M-26OCT050045-45,0.0010,915.99,yes
2026-10-05T04:44:16.307348Z,KXXRP15M-26OCT050045-45,0.0010,3663.81,yes
2026-10-05T04:44:17.180643Z,KXXRP15M-26OCT050045-45,0.0010,458.04,yes
2026-10-05T04:44:20.685543Z,KXXRP15M-26OCT050045-45,0.0010,180.00,yes
2026-10-05T04:44:22.235939Z,KXXRP15M-26OCT050045-45,0.0010,25.45,yes
2026-10-05T04:44:23.470195Z,KXXRP15M-26OCT050045-45,0.0010,94.76,yes
2026-10-05T04:44:23.471694Z,KXXRP15M-26OCT050045-45,0.0010,2.00,yes
2026-10-05T04:44:24.382306Z,KXXRP15M-26OCT050045-45,0.0010,915.99,yes
2026-10-05T04:44:25.830766Z,KXXRP15M-26OCT050045-45,0.0010,458.04,yes
2026-10-05T04:44:26.188867Z,KXXRP15M-26OCT050045-45,0.0010,1648.74,yes
2026-10-05T04:44:26.587933Z,KXXRP15M-26OCT050045-45,0.0010,180.00,yes
2026-10-05T04:44:27.274114Z,KXXRP15M-26OCT050045-45,0.0010,915.99,yes
2026-10-05T04:44:27.447475Z,KXXRP15M-26OCT050045-45,0.0010,915.99,yes
2026-10-05T04:44:27.781406Z,KXXRP15M-26OCT050045-45,0.0010,1831.90,yes
2026-10-05T04:44:27.833277Z,KXXRP15M-26OCT050045-45,0.0010,89.75,yes
2026-10-05T04:44:28.774479Z,KXXRP15M-26OCT050045-45,0.0010,1831.90,yes
2026-10-05T04:44:29.202803Z,KXXRP15M-26OCT050045-45,0.0010,36.64,yes
2026-10-05T04:44:29.324995Z,KXXRP15M-26OCT050045-45,0.0010,90.00,yes
2026-10-05T04:44:31.507032Z,KXXRP15M-26OCT050045-45,0.0010,915.99,yes
2026-10-05T04:44:32.890348Z,KXXRP15M-26OCT050045-45,0.0010,71.00,yes
2026-10-05T04:44:32.890348Z,KXXRP15M-26OCT050045-45,0.0010,166.67,yes
2026-10-05T04:44:32.890348Z,KXXRP15M-26OCT050045-45,0.0010,678.32,yes
2026-10-05T04:44:33.267298Z,KXXRP15M-26OCT050045-45,0.0010,180.00,yes
2026-10-05T04:44:34.618128Z,KXXRP15M-26OCT050045-45,0.0010,915.99,yes
2026-10-05T04:44:37.435789Z,KXXRP15M-26OCT050045-45,0.0010,142.38,yes
2026-10-05T04:44:40.647132Z,KXXRP15M-26OCT050045-45,0.0010,915.99,yes
2026-10-05T04:44:43.007155Z,KXXRP15M-26OCT050045-45,0.0010,915.99,yes
2026-10-05T04:44:43.220533Z,KXXRP15M-26OCT050045-45,0.0010,915.99,yes
2026-10-05T04:44:45.422939Z,KXXRP15M-26OCT050045-45,0.0010,915.99,yes
2026-10-05T04:44:48.197106Z,KXXRP15M-26OCT050045-45,0.0010,1661.45,yes
2026-10-05T04:44:48.197106Z,KXXRP15M-26OCT050045-45,0.0010,4582.10,yes
2026-10-05T04:44:48.197106Z,KXXRP15M-26OCT050045-45,0.0010,2000.00,yes
2026-10-05T04:44:49.389189Z,KXXRP15M-26OCT050045-45,0.0010,7327.64,yes
2026-10-05T04:44:54.882901Z,KXXRP15M-26OCT050045-45,0.0010,86.31,yes
2026-10-05T04:42:51.710548Z,KXPALLADIUM15M-26OCT050045-45,0.9900,15.00,yes
2026-10-05T04:42:51.913864Z,KXPALLADIUM15M-26OCT050045-45,0.9900,10.00,yes
2026-10-05T04:42:52.996582Z,KXPALLADIUM15M-26OCT050045-45,0.9900,300.00,yes
2026-10-05T04:42:55.75948Z,KXPALLADIUM15M-26OCT050045-45,0.9900,52.00,yes
2026-10-05T04:42:57.849499Z,KXPALLADIUM15M-26OCT050045-45,0.9900,200.00,yes
2026-10-05T04:42:58.431542Z,KXPALLADIUM15M-26OCT050045-45,0.9800,6.09,no
2026-10-05T04:43:10.69899Z,KXPALLADIUM15M-26OCT050045-45,0.9900,100.93,yes
2026-10-05T04:43:20.129908Z,KXPALLADIUM15M-26OCT050045-45,0.9800,2.33,no
2026-10-05T04:43:20.856771Z,KXPALLADIUM15M-26OCT050045-45,0.9900,20.00,yes
2026-10-05T04:43:20.856771Z,KXPALLADIUM15M-26OCT050045-45,0.9900,26.23,yes
2026-10-05T04:43:20.856771Z,KXPALLADIUM15M-26OCT050045-45,0.9900,1.00,yes
2026-10-05T04:43:20.856771Z,KXPALLADIUM15M-26OCT050045-45,0.9900,2.00,yes
2026-10-05T04:43:20.856771Z,KXPALLADIUM15M-26OCT050045-45,0.9900,1.00,yes
2026-10-05T04:43:20.856771Z,KXPALLADIUM15M-26OCT050045-45,0.9900,100.00,yes
2026-10-05T04:43:20.856771Z,KXPALLADIUM15M-26OCT050045-45,0.9900,10.00,yes
2026-10-05T04:43:20.856771Z,KXPALLADIUM15M-26OCT050045-45,0.9900,2.00,yes
2026-10-05T04:43:20.856771Z,KXPALLADIUM15M-26OCT050045-45,0.9900,20.00,yes
2026-10-05T04:43:20.856771Z,KXPALLADIUM15M-26OCT050045-45,0.9900,4.00,yes
2026-10-05T04:43:20.856771Z,KXPALLADIUM15M-26OCT050045-45,0.9900,6.00,yes
2026-10-05T04:43:20.856771Z,KXPALLADIUM15M-26OCT050045-45,0.9900,157.77,yes
2026-10-05T04:43:30.776833Z,KXPALLADIUM15M-26OCT050045-45,0.9800,6.02,no
2026-10-05T04:43:50.385265Z,KXPALLADIUM15M-26OCT050045-45,0.9900,0.93,no
2026-10-05T04:44:16.895437Z,KXPALLADIUM15M-26OCT050045-45,0.9900,9.28,no
2026-10-05T04:44:16.895437Z,KXPALLADIUM15M-26OCT050045-45,0.9900,0.07,no
2026-10-05T04:44:46.56407Z,KXPALLADIUM15M-26OCT050045-45,0.9900,0.82,no
2026-10-05T04:42:47.578465Z,KXSOL15M-26OCT050045-45,0.0250,6.00,yes
2026-10-05T04:42:47.578465Z,KXSOL15M-26OCT050045-45,0.0280,4.00,yes
2026-10-05T04:42:47.578465Z,KXSOL15M-26OCT050045-45,0.0260,3.00,yes
2026-10-05T04:42:47.578465Z,KXSOL15M-26OCT050045-45,0.0270,3.00,yes
2026-10-05T04:42:48.437411Z,KXSOL15M-26OCT050045-45,0.0250,4.00,yes
2026-10-05T04:42:48.44208Z,KXSOL15M-26OCT050045-45,0.0250,4.00,yes
2026-10-05T04:42:50.601386Z,KXSOL15M-26OCT050045-45,0.0270,3.00,yes
2026-10-05T04:42:50.601386Z,KXSOL15M-26OCT050045-45,0.0280,2.00,yes
2026-10-05T04:42:50.601386Z,KXSOL15M-26OCT050045-45,0.0250,2.00,yes
2026-10-05T04:42:51.075279Z,KXSOL15M-26OCT050045-45,0.0300,20.00,yes
2026-10-05T04:42:51.075279Z,KXSOL15M-26OCT050045-45,0.0320,7.00,yes
2026-10-05T04:42:51.081953Z,KXSOL15M-26OCT050045-45,0.0320,7.00,yes
2026-10-05T04:42:51.081953Z,KXSOL15M-26OCT050045-45,0.0320,1.00,yes
2026-10-05T04:42:51.119127Z,KXSOL15M-26OCT050045-45,0.0200,20.00,no
2026-10-05T04:42:51.119127Z,KXSOL15M-26OCT050045-45,0.0200,73.64,no
2026-10-05T04:42:51.119127Z,KXSOL15M-26OCT050045-45,0.0280,1.00,no
2026-10-05T04:42:51.119127Z,KXSOL15M-26OCT050045-45,0.0210,7.00,no
2026-10-05T04:42:51.186522Z,KXSOL15M-26OCT050045-45,0.0260,3.00,yes
2026-10-05T04:42:51.186564Z,KXSOL15M-26OCT050045-45,0.0230,10.00,no
2026-10-05T04:42:51.186564Z,KXSOL15M-26OCT050045-45,0.0160,0.39,no
2026-10-05T04:42:51.186564Z,KXSOL15M-26OCT050045-45,0.0170,3.00,no
2026-10-05T04:42:51.186564Z,KXSOL15M-26OCT050045-45,0.0220,7.00,no
2026-10-05T04:42:51.294235Z,KXSOL15M-26OCT050045-45,0.0320,1.00,yes
2026-10-05T04:42:51.294235Z,KXSOL15M-26OCT050045-45,0.0270,3.00,yes
2026-10-05T04:42:51.294235Z,KXSOL15M-26OCT050045-45,0.0260,3.00,yes
2026-10-05T04:42:51.294235Z,KXSOL15M-26OCT050045-45,0.0300,6.00,yes
2026-10-05T04:42:52.188553Z,KXSOL15M-26OCT050045-45,0.0300,6.00,yes
2026-10-05T04:42:52.188553Z,KXSOL15M-26OCT050045-45,0.0300,4.25,yes
2026-10-05T04:42:52.285794Z,KXSOL15M-26OCT050045-45,0.0250,3.00,no
2026-10-05T04:42:52.285794Z,KXSOL15M-26OCT050045-45,0.0240,3.00,no
2026-10-05T04:42:52.815579Z,KXSOL15M-26OCT050045-45,0.0280,10.00,yes
2026-10-05T04:42:53.33684Z,KXSOL15M-26OCT050045-45,0.0210,22.00,no
2026-10-05T04:42:54.201004Z,KXSOL15M-26OCT050045-45,0.0250,10.00,yes
2026-10-05T04:42:54.201004Z,KXSOL15M-26OCT050045-45,0.0270,3.00,yes
2026-10-05T04:42:54.201004Z,KXSOL15M-26OCT050045-45,0.0260,9.00,yes
2026-10-05T04:42:54.201004Z,KXSOL15M-26OCT050045-45,0.0270,10.00,yes
2026-10-05T04:42:55.025222Z,KXSOL15M-26OCT050045-45,0.0240,9.00,yes
2026-10-05T04:42:55.025222Z,KXSOL15M-26OCT050045-45,0.0240,10.00,yes
2026-10-05T04:42:55.025222Z,KXSOL15M-26OCT050045-45,0.0270,3.00,yes
2026-10-05T04:42:55.025222Z,KXSOL15M-26OCT050045-45,0.0250,6.00,yes
2026-10-05T04:42:55.025222Z,KXSOL15M-26OCT050045-45,0.0280,3.00,yes
2026-10-05T04:42:55.025222Z,KXSOL15M-26OCT050045-45,0.0270,21.00,yes
2026-10-05T04:42:55.025222Z,KXSOL15M-26OCT050045-45,0.0310,22.22,yes
2026-10-05T04:42:55.025222Z,KXSOL15M-26OCT050045-45,0.0300,6.00,yes
2026-10-05T04:42:55.025222Z,KXSOL15M-26OCT050045-45,0.0280,20.00,yes
2026-10-05T04:42:55.233531Z,KXSOL15M-26OCT050045-45,0.0200,3.00,no
2026-10-05T04:42:55.233531Z,KXSOL15M-26OCT050045-45,0.0210,3.00,no
2026-10-05T04:42:55.233531Z,KXSOL15M-26OCT050045-45,0.0140,1.94,no
2026-10-05T04:42:55.233531Z,KXSOL15M-26OCT050045-45,0.0150,6.00,no
2026-10-05T04:42:55.710441Z,KXSOL15M-26OCT050045-45,0.0120,0.10,no
2026-10-05T04:42:55.710441Z,KXSOL15M-26OCT050045-45,0.0160,10.00,no
2026-10-05T04:42:55.710441Z,KXSOL15M-26OCT050045-45,0.0170,3.00,no
2026-10-05T04:42:55.710441Z,KXSOL15M-26OCT050045-45,0.0170,7.00,no
2026-10-05T04:42:55.710441Z,KXSOL15M-26OCT050045-45,0.0150,6.00,no
2026-10-05T04:42:55.710441Z,KXSOL15M-26OCT050045-45,0.0180,3.00,no
2026-10-05T04:42:55.710441Z,KXSOL15M-26OCT050045-45,0.0150,43.00,no
2026-10-05T04:42:55.710441Z,KXSOL15M-26OCT050045-45,0.0130,98.00,no
2026-10-05T04:42:57.643219Z,KXSOL15M-26OCT050045-45,0.0130,34.00,no
2026-10-05T04:42:57.643219Z,KXSOL15M-26OCT050045-45,0.0140,3.00,no
2026-10-05T04:42:57.643219Z,KXSOL15M-26OCT050045-45,0.0140,7.00,no
2026-10-05T04:42:57.643219Z,KXSOL15M-26OCT050045-45,0.0140,10.00,no
2026-10-05T04:42:57.643261Z,KXSOL15M-26OCT050045-45,0.0120,32.00,no
2026-10-05T04:42:57.643261Z,KXSOL15M-26OCT050045-45,0.0130,3.00,no
2026-10-05T04:42:57.643261Z,KXSOL15M-26OCT050045-45,0.0130,64.00,no
2026-10-05T04:42:57.643419Z,KXSOL15M-26OCT050045-45,0.0120,68.48,no
2026-10-05T04:42:57.643419Z,KXSOL15M-26OCT050045-45,0.0120,30.52,no
2026-10-05T04:42:57.927783Z,KXSOL15M-26OCT050045-45,0.0170,32.00,yes
2026-10-05T04:42:57.927783Z,KXSOL15M-26OCT050045-45,0.0160,8.00,yes
2026-10-05T04:42:57.927783Z,KXSOL15M-26OCT050045-45,0.0170,0.38,yes
2026-10-05T04:42:57.927783Z,KXSOL15M-26OCT050045-45,0.0170,0.10,yes
2026-10-05T04:42:58.693051Z,KXSOL15M-26OCT050045-45,0.0160,1.00,yes
2026-10-05T04:42:58.693051Z,KXSOL15M-26OCT050045-45,0.0160,8.00,yes
2026-10-05T04:42:58.693051Z,KXSOL15M-26OCT050045-45,0.0170,58.23,yes
2026-10-05T04:42:59.985503Z,KXSOL15M-26OCT050045-45,0.0170,1.03,yes
2026-10-05T04:43:00.395386Z,KXSOL15M-26OCT050045-45,0.0170,2.00,yes
2026-10-05T04:43:00.395386Z,KXSOL15M-26OCT050045-45,0.0170,2.00,yes
2026-10-05T04:43:00.395386Z,KXSOL15M-26OCT050045-45,0.0200,3.00,yes
2026-10-05T04:43:00.395386Z,KXSOL15M-26OCT050045-45,0.0190,3.00,yes
2026-10-05T04:43:00.395386Z,KXSOL15M-26OCT050045-45,0.0180,30.52,yes
2026-10-05T04:43:00.395386Z,KXSOL15M-26OCT050045-45,0.0200,13.00,yes
2026-10-05T04:43:00.395386Z,KXSOL15M-26OCT050045-45,0.0170,8.84,yes
2026-10-05T04:43:00.395386Z,KXSOL15M-26OCT050045-45,0.0200,10.00,yes
2026-10-05T04:43:00.395386Z,KXSOL15M-26OCT050045-45,0.0230,10.00,yes
2026-10-05T04:43:00.395386Z,KXSOL15M-26OCT050045-45,0.0240,6.63,yes
2026-10-05T04:43:00.395386Z,KXSOL15M-26OCT050045-45,0.0210,5.00,yes
2026-10-05T04:43:00.831515Z,KXSOL15M-26OCT050045-45,0.0140,7.00,no
2026-10-05T04:43:00.831515Z,KXSOL15M-26OCT050045-45,0.0140,10.00,no
2026-10-05T04:43:01.228302Z,KXSOL15M-26OCT050045-45,0.0130,10.00,no
2026-10-05T04:43:01.228302Z,KXSOL15M-26OCT050045-45,0.0130,7.00,no
2026-10-05T04:43:01.233271Z,KXSOL15M-26OCT050045-45,0.0130,7.00,no
2026-10-05T04:43:01.315687Z,KXSOL15M-26OCT050045-45,0.0120,1.00,no
2026-10-05T04:43:01.315687Z,KXSOL15M-26OCT050045-45,0.0130,7.00,no
2026-10-05T04:43:01.315687Z,KXSOL15M-26OCT050045-45,0.0130,10.00,no
2026-10-05T04:43:01.324684Z,KXSOL15M-26OCT050045-45,0.0120,3.00,no
2026-10-05T04:43:01.54226Z,KXSOL15M-26OCT050045-45,0.0120,10.00,no
2026-10-05T04:43:01.548506Z,KXSOL15M-26OCT050045-45,0.0120,3.00,no
2026-10-05T04:43:01.654125Z,KXSOL15M-26OCT050045-45,0.0120,122.77,no
2026-10-05T04:43:01.893672Z,KXSOL15M-26OCT050045-45,0.0130,5.00,no
2026-10-05T04:43:01.912995Z,KXSOL15M-26OCT050045-45,0.0180,3.00,yes
2026-10-05T04:43:01.912995Z,KXSOL15M-26OCT050045-45,0.0180,3.94,yes
2026-10-05T04:43:01.912995Z,KXSOL15M-26OCT050045-45,0.0180,3.00,yes
2026-10-05T04:43:01.912995Z,KXSOL15M-26OCT050045-45,0.0180,1.00,yes
2026-10-05T04:43:01.912995Z,KXSOL15M-26OCT050045-45,0.0180,4.00,yes
2026-10-05T04:43:02.156699Z,KXSOL15M-26OCT050045-45,0.0150,1.01,no
2026-10-05T04:43:02.269149Z,KXSOL15M-26OCT050045-45,0.0130,10.00,no
2026-10-05T04:43:02.269149Z,KXSOL15M-26OCT050045-45,0.0130,10.00,no
2026-10-05T04:43:03.205292Z,KXSOL15M-26OCT050045-45,0.0200,6.97,yes
2026-10-05T04:43:03.205292Z,KXSOL15M-26OCT050045-45,0.0220,5.00,yes
2026-10-05T04:43:03.205292Z,KXSOL15M-26OCT050045-45,0.0200,3.00,yes
2026-10-05T04:43:03.205292Z,KXSOL15M-26OCT050045-45,0.0180,122.77,yes
2026-10-05T04:43:03.205292Z,KXSOL15M-26OCT050045-45,0.0180,3.00,yes
2026-10-05T04:43:03.205292Z,KXSOL15M-26OCT050045-45,0.0190,10.00,yes
2026-10-05T04:43:03.205292Z,KXSOL15M-26OCT050045-45,0.0230,7.69,yes
2026-10-05T04:43:03.205292Z,KXSOL15M-26OCT050045-45,0.0210,3.00,yes
2026-10-05T04:43:03.205292Z,KXSOL15M-26OCT050045-45,0.0180,6.06,yes
2026-10-05T04:43:03.205292Z,KXSOL15M-26OCT050045-45,0.0200,6.00,yes
2026-10-05T04:43:04.21144Z,KXSOL15M-26OCT050045-45,0.0160,3.00,no
2026-10-05T04:43:04.21144Z,KXSOL15M-26OCT050045-45,0.0160,3.00,no
2026-10-05T04:43:06.830921Z,KXSOL15M-26OCT050045-45,0.0170,3.00,no
2026-10-05T04:43:06.918633Z,KXSOL15M-26OCT050045-45,0.0210,2.00,yes
2026-10-05T04:43:06.918633Z,KXSOL15M-26OCT050045-45,0.0200,10.00,yes
2026-10-05T04:43:06.918633Z,KXSOL15M-26OCT050045-45,0.0200,17.00,yes
2026-10-05T04:43:06.918633Z,KXSOL15M-26OCT050045-45,0.0210,5.00,yes
2026-10-05T04:43:06.918633Z,KXSOL15M-26OCT050045-45,0.0200,65.00,yes
2026-10-05T04:43:06.918822Z,KXSOL15M-26OCT050045-45,0.0220,1.00,yes
2026-10-05T04:43:06.918822Z,KXSOL15M-26OCT050045-45,0.0210,9.00,yes
2026-10-05T04:43:06.918822Z,KXSOL15M-26OCT050045-45,0.0220,26.00,yes
2026-10-05T04:43:06.918822Z,KXSOL15M-26OCT050045-45,0.0230,18.00,yes
2026-10-05T04:43:06.918822Z,KXSOL15M-26OCT050045-45,0.0230,45.00,yes
2026-10-05T04:43:10.76246Z,KXSOL15M-26OCT050045-45,0.0160,10.00,no
2026-10-05T04:43:16.42449Z,KXSOL15M-26OCT050045-45,0.0150,7.00,no
2026-10-05T04:43:16.42449Z,KXSOL15M-26OCT050045-45,0.0130,14.00,no
2026-10-05T04:43:16.42449Z,KXSOL15M-26OCT050045-45,0.0150,10.00,no
2026-10-05T04:43:16.42449Z,KXSOL15M-26OCT050045-45,0.0140,19.00,no
2026-10-05T04:43:16.734071Z,KXSOL15M-26OCT050045-45,0.0180,3.00,yes
2026-10-05T04:43:19.631901Z,KXSOL15M-26OCT050045-45,0.0120,179.71,no
2026-10-05T04:43:19.631901Z,KXSOL15M-26OCT050045-45,0.0120,40.00,no
2026-10-05T04:43:19.631901Z,KXSOL15M-26OCT050045-45,0.0110,19.00,no
2026-10-05T04:43:19.631901Z,KXSOL15M-26OCT050045-45,0.0120,1.00,no
2026-10-05T04:43:19.631901Z,KXSOL15M-26OCT050045-45,0.0110,1.00,no
2026-10-05T04:43:19.631901Z,KXSOL15M-26OCT050045-45,0.0110,21.90,no
2026-10-05T04:43:19.631901Z,KXSOL15M-26OCT050045-45,0.0130,35.00,no
2026-10-05T04:43:19.631901Z,KXSOL15M-26OCT050045-45,0.0160,10.00,no
2026-10-05T04:43:19.631901Z,KXSOL15M-26OCT050045-45,0.0160,8.00,no
2026-10-05T04:43:19.631901Z,KXSOL15M-26OCT050045-45,0.0150,6.00,no
2026-10-05T04:43:19.631901Z,KXSOL15M-26OCT050045-45,0.0160,40.00,no
2026-10-05T04:43:19.631901Z,KXSOL15M-26OCT050045-45,0.0130,98.00,no
2026-10-05T04:43:19.631901Z,KXSOL15M-26OCT050045-45,0.0140,46.00,no
2026-10-05T04:43:20.296413Z,KXSOL15M-26OCT050045-45,0.0120,0.04,no
2026-10-05T04:43:20.565985Z,KXSOL15M-26OCT050045-45,0.0120,3.00,no
2026-10-05T04:43:20.667406Z,KXSOL15M-26OCT050045-45,0.0110,6.90,no
2026-10-05T04:43:20.667406Z,KXSOL15M-26OCT050045-45,0.0110,18.10,no
2026-10-05T04:43:20.667406Z,KXSOL15M-26OCT050045-45,0.0120,7.00,no
2026-10-05T04:43:20.667406Z,KXSOL15M-26OCT050045-45,0.0120,7.00,no
2026-10-05T04:43:20.943823Z,KXSOL15M-26OCT050045-45,0.0110,8.00,no
2026-10-05T04:43:20.994493Z,KXSOL15M-26OCT050045-45,0.0110,10.00,no
2026-10-05T04:43:21.059148Z,KXSOL15M-26OCT050045-45,0.0110,16.00,no
2026-10-05T04:43:21.068374Z,KXSOL15M-26OCT050045-45,0.0120,18.10,yes
2026-10-05T04:43:21.068374Z,KXSOL15M-26OCT050045-45,0.0120,21.90,yes
2026-10-05T04:43:21.068374Z,KXSOL15M-26OCT050045-45,0.0130,40.00,yes
2026-10-05T04:43:21.821975Z,KXSOL15M-26OCT050045-45,0.0160,15.57,yes
2026-10-05T04:43:21.821975Z,KXSOL15M-26OCT050045-45,0.0150,55.00,yes
2026-10-05T04:43:22.869059Z,KXSOL15M-26OCT050045-45,0.0120,14.00,no
2026-10-05T04:43:23.029674Z,KXSOL15M-26OCT050045-45,0.0120,9.96,no
2026-10-05T04:43:23.061144Z,KXSOL15M-26OCT050045-45,0.0150,51.00,yes
2026-10-05T04:43:23.061144Z,KXSOL15M-26OCT050045-45,0.0140,3.00,yes
2026-10-05T04:43:24.028178Z,KXSOL15M-26OCT050045-45,0.0130,2.73,no
2026-10-05T04:43:25.345927Z,KXSOL15M-26OCT050045-45,0.0110,9.69,no
2026-10-05T04:43:25.345927Z,KXSOL15M-26OCT050045-45,0.0120,7.00,no
2026-10-05T04:43:25.345927Z,KXSOL15M-26OCT050045-45,0.0120,7.27,no
2026-10-05T04:43:25.345927Z,KXSOL15M-26OCT050045-45,0.0120,1.04,no
2026-10-05T04:43:25.352686Z,KXSOL15M-26OCT050045-45,0.0110,16.00,no
2026-10-05T04:43:25.674405Z,KXSOL15M-26OCT050045-45,0.0120,10.00,no
2026-10-05T04:43:25.682025Z,KXSOL15M-26OCT050045-45,0.0120,3.00,no
2026-10-05T04:43:25.737197Z,KXSOL15M-26OCT050045-45,0.0170,12.00,yes
2026-10-05T04:43:25.737197Z,KXSOL15M-26OCT050045-45,0.0180,54.55,yes
2026-10-05T04:43:25.737197Z,KXSOL15M-26OCT050045-45,0.0160,19.00,yes
2026-10-05T04:43:25.737197Z,KXSOL15M-26OCT050045-45,0.0170,10.00,yes
2026-10-05T04:43:25.737197Z,KXSOL15M-26OCT050045-45,0.0150,29.00,yes
2026-10-05T04:43:25.737197Z,KXSOL15M-26OCT050045-45,0.0140,1.00,yes
2026-10-05T04:43:25.737197Z,KXSOL15M-26OCT050045-45,0.0170,10.00,yes
2026-10-05T04:43:26.087842Z,KXSOL15M-26OCT050045-45,0.0110,6.00,no
2026-10-05T04:43:26.087842Z,KXSOL15M-26OCT050045-45,0.0120,10.00,no
2026-10-05T04:43:26.087842Z,KXSOL15M-26OCT050045-45,0.0120,7.00,no
2026-10-05T04:43:26.168392Z,KXSOL15M-26OCT050045-45,0.0110,5.00,no
2026-10-05T04:43:26.426537Z,KXSOL15M-26OCT050045-45,0.0110,6.00,no
2026-10-05T04:43:26.430869Z,KXSOL15M-26OCT050045-45,0.0110,3.00,no
2026-10-05T04:43:26.528687Z,KXSOL15M-26OCT050045-45,0.0110,11.00,no
2026-10-05T04:43:26.845763Z,KXSOL15M-26OCT050045-45,0.0110,20.00,no
2026-10-05T04:43:26.845763Z,KXSOL15M-26OCT050045-45,0.0110,2.00,no
2026-10-05T04:43:26.845763Z,KXSOL15M-26OCT050045-45,0.0110,10.00,no
2026-10-05T04:43:26.845763Z,KXSOL15M-26OCT050045-45,0.0110,2.41,no
2026-10-05T04:43:26.845763Z,KXSOL15M-26OCT050045-45,0.0110,1.00,no
2026-10-05T04:43:26.845763Z,KXSOL15M-26OCT050045-45,0.0110,2.00,no
2026-10-05T04:43:26.845763Z,KXSOL15M-26OCT050045-45,0.0110,1.00,no
2026-10-05T04:43:26.845763Z,KXSOL15M-26OCT050045-45,0.0110,9.00,no
2026-10-05T04:43:26.845763Z,KXSOL15M-26OCT050045-45,0.0110,4.75,no
2026-10-05T04:43:27.278553Z,KXSOL15M-26OCT050045-45,0.0110,2.25,no
2026-10-05T04:43:27.278553Z,KXSOL15M-26OCT050045-45,0.0110,10.00,no
2026-10-05T04:43:27.278553Z,KXSOL15M-26OCT050045-45,0.0110,4.75,no
2026-10-05T04:43:27.285429Z,KXSOL15M-26OCT050045-45,0.0110,4.00,no
2026-10-05T04:43:28.246882Z,KXSOL15M-26OCT050045-45,0.0110,1.00,no
2026-10-05T04:43:28.246882Z,KXSOL15M-26OCT050045-45,0.0110,7.00,no
2026-10-05T04:43:28.895608Z,KXSOL15M-26OCT050045-45,0.0110,11.51,no
2026-10-05T04:43:29.145891Z,KXSOL15M-26OCT050045-45,0.0110,0.80,no
2026-10-05T04:43:29.185391Z,KXSOL15M-26OCT050045-45,0.0110,56.00,no
2026-10-05T04:43:29.190641Z,KXSOL15M-26OCT050045-45,0.0110,3.00,no
2026-10-05T04:43:29.20766Z,KXSOL15M-26OCT050045-45,0.0110,3.00,no
2026-10-05T04:43:29.211098Z,KXSOL15M-26OCT050045-45,0.0120,100.00,yes
2026-10-05T04:43:29.211098Z,KXSOL15M-26OCT050045-45,0.0200,0.80,yes
2026-10-05T04:43:29.211098Z,KXSOL15M-26OCT050045-45,0.0180,8.47,yes
2026-10-05T04:43:29.211098Z,KXSOL15M-26OCT050045-45,0.0160,40.00,yes
2026-10-05T04:43:29.211098Z,KXSOL15M-26OCT050045-45,0.0180,3.00,yes
2026-10-05T04:43:29.211098Z,KXSOL15M-26OCT050045-45,0.0190,65.00,yes
2026-10-05T04:43:29.211098Z,KXSOL15M-26OCT050045-45,0.0170,3.00,yes
2026-10-05T04:43:29.211098Z,KXSOL15M-26OCT050045-45,0.0160,10.00,yes
2026-10-05T04:43:29.211098Z,KXSOL15M-26OCT050045-45,0.0150,1.00,yes
2026-10-05T04:43:29.211098Z,KXSOL15M-26OCT050045-45,0.0190,11.00,yes
2026-10-05T04:43:29.524133Z,KXSOL15M-26OCT050045-45,0.0110,2.02,no
2026-10-05T04:43:30.107429Z,KXSOL15M-26OCT050045-45,0.0110,2.02,no
2026-10-05T04:43:30.492275Z,KXSOL15M-26OCT050045-45,0.0130,5.00,yes
2026-10-05T04:43:30.738067Z,KXSOL15M-26OCT050045-45,0.0120,5.00,no
2026-10-05T04:43:31.476181Z,KXSOL15M-26OCT050045-45,0.0120,5.00,no
2026-10-05T04:43:31.476181Z,KXSOL15M-26OCT050045-45,0.0120,2.00,no
2026-10-05T04:43:31.476181Z,KXSOL15M-26OCT050045-45,0.0120,9.00,no
2026-10-05T04:43:31.566811Z,KXSOL15M-26OCT050045-45,0.0130,2.32,yes
2026-10-05T04:43:31.629203Z,KXSOL15M-26OCT050045-45,0.0110,100.00,no
2026-10-05T04:43:32.153924Z,KXSOL15M-26OCT050045-45,0.0110,122.67,no
2026-10-05T04:43:32.500351Z,KXSOL15M-26OCT050045-45,0.0110,99.00,no
2026-10-05T04:43:32.500487Z,KXSOL15M-26OCT050045-45,0.0110,7.00,no
2026-10-05T04:43:32.500487Z,KXSOL15M-26OCT050045-45,0.0110,10.00,no
2026-10-05T04:43:32.500487Z,KXSOL15M-26OCT050045-45,0.0110,12.48,no
2026-10-05T04:43:32.524615Z,KXSOL15M-26OCT050045-45,0.0100,18.00,no
2026-10-05T04:43:32.524615Z,KXSOL15M-26OCT050045-45,0.0100,1.00,no
2026-10-05T04:43:32.524615Z,KXSOL15M-26OCT050045-45,0.0100,40.00,no
2026-10-05T04:43:32.524615Z,KXSOL15M-26OCT050045-45,0.0100,10.00,no
2026-10-05T04:43:32.558603Z,KXSOL15M-26OCT050045-45,0.0100,7.00,no
2026-10-05T04:43:32.558603Z,KXSOL15M-26OCT050045-45,0.0100,5.99,no
2026-10-05T04:43:32.558603Z,KXSOL15M-26OCT050045-45,0.0100,4.01,no
2026-10-05T04:43:32.558603Z,KXSOL15M-26OCT050045-45,0.0100,20.00,no
2026-10-05T04:43:32.658018Z,KXSOL15M-26OCT050045-45,0.0100,2.00,no
2026-10-05T04:43:32.658018Z,KXSOL15M-26OCT050045-45,0.0100,6.44,no
2026-10-05T04:43:32.658018Z,KXSOL15M-26OCT050045-45,0.0100,26.56,no
2026-10-05T04:43:32.839753Z,KXSOL15M-26OCT050045-45,0.0100,13.00,no
2026-10-05T04:43:32.971178Z,KXSOL15M-26OCT050045-45,0.0120,7.00,yes
2026-10-05T04:43:32.971178Z,KXSOL15M-26OCT050045-45,0.0110,40.00,yes
2026-10-05T04:43:32.971178Z,KXSOL15M-26OCT050045-45,0.0130,16.93,yes
2026-10-05T04:43:32.971178Z,KXSOL15M-26OCT050045-45,0.0110,100.00,yes
2026-10-05T04:43:32.979536Z,KXSOL15M-26OCT050045-45,0.0100,5.00,no
2026-10-05T04:43:32.985259Z,KXSOL15M-26OCT050045-45,0.0100,8.21,no
2026-10-05T04:43:32.985259Z,KXSOL15M-26OCT050045-45,0.0100,37.79,no
2026-10-05T04:43:33.113607Z,KXSOL15M-26OCT050045-45,0.0100,1.00,no
2026-10-05T04:43:33.121417Z,KXSOL15M-26OCT050045-45,0.0100,5.21,no
2026-10-05T04:43:33.121417Z,KXSOL15M-26OCT050045-45,0.0100,1.31,no
2026-10-05T04:43:33.121417Z,KXSOL15M-26OCT050045-45,0.0100,6.09,no
2026-10-05T04:43:33.121417Z,KXSOL15M-26OCT050045-45,0.0100,6.31,no
2026-10-05T04:43:33.121417Z,KXSOL15M-26OCT050045-45,0.0100,1.80,no
2026-10-05T04:43:33.121417Z,KXSOL15M-26OCT050045-45,0.0100,9.28,no
2026-10-05T04:43:33.121417Z,KXSOL15M-26OCT050045-45,0.0100,6.00,no
2026-10-05T04:43:33.121417Z,KXSOL15M-26OCT050045-45,0.0100,25.00,no
2026-10-05T04:43:33.142902Z,KXSOL15M-26OCT050045-45,0.0090,0.28,no
2026-10-05T04:43:33.142902Z,KXSOL15M-26OCT050045-45,0.0100,0.72,no
2026-10-05T04:43:33.245819Z,KXSOL15M-26OCT050045-45,0.0090,24.00,no
2026-10-05T04:43:33.245819Z,KXSOL15M-26OCT050045-45,0.0100,10.00,no
2026-10-05T04:43:33.245819Z,KXSOL15M-26OCT050045-45,0.0100,6.00,no
2026-10-05T04:43:33.831871Z,KXSOL15M-26OCT050045-45,0.0100,0.28,yes
2026-10-05T04:43:33.831871Z,KXSOL15M-26OCT050045-45,0.0100,23.72,yes
2026-10-05T04:43:33.991268Z,KXSOL15M-26OCT050045-45,0.0090,15.72,no
2026-10-05T04:43:34.134532Z,KXSOL15M-26OCT050045-45,0.0100,0.28,yes
2026-10-05T04:43:34.134532Z,KXSOL15M-26OCT050045-45,0.0100,2.72,yes
2026-10-05T04:43:34.144545Z,KXSOL15M-26OCT050045-45,0.0090,11.09,no
2026-10-05T04:43:34.176463Z,KXSOL15M-26OCT050045-45,0.0090,59.91,no
2026-10-05T04:43:34.681275Z,KXSOL15M-26OCT050045-45,0.0080,40.00,no
2026-10-05T04:43:34.681275Z,KXSOL15M-26OCT050045-45,0.0080,0.26,no
2026-10-05T04:43:35.668439Z,KXSOL15M-26OCT050045-45,0.0090,1.14,yes
2026-10-05T04:43:35.852724Z,KXSOL15M-26OCT050045-45,0.0090,4.00,yes
2026-10-05T04:43:36.342885Z,KXSOL15M-26OCT050045-45,0.0090,1.02,yes
2026-10-05T04:43:36.348039Z,KXSOL15M-26OCT050045-45,0.0090,2.00,yes
2026-10-05T04:43:37.541815Z,KXSOL15M-26OCT050045-45,0.0080,2.74,no
2026-10-05T04:43:37.899144Z,KXSOL15M-26OCT050045-45,0.0070,1.00,no
2026-10-05T04:43:38.293784Z,KXSOL15M-26OCT050045-45,0.0080,2.00,yes
2026-10-05T04:43:38.799728Z,KXSOL15M-26OCT050045-45,0.0080,11.00,yes
2026-10-05T04:43:38.799728Z,KXSOL15M-26OCT050045-45,0.0080,0.62,yes
2026-10-05T04:43:38.799728Z,KXSOL15M-26OCT050045-45,0.0080,100.00,yes
2026-10-05T04:43:38.799728Z,KXSOL15M-26OCT050045-45,0.0080,5.26,yes
2026-10-05T04:43:39.254011Z,KXSOL15M-26OCT050045-45,0.0070,39.00,no
2026-10-05T04:43:39.254011Z,KXSOL15M-26OCT050045-45,0.0070,1.96,no
2026-10-05T04:43:39.760699Z,KXSOL15M-26OCT050045-45,0.0080,5.84,yes
2026-10-05T04:43:39.760699Z,KXSOL15M-26OCT050045-45,0.0080,0.38,yes
2026-10-05T04:43:39.860389Z,KXSOL15M-26OCT050045-45,0.0060,2.01,no
2026-10-05T04:43:41.106953Z,KXSOL15M-26OCT050045-45,0.0060,4.00,no
2026-10-05T04:43:41.550904Z,KXSOL15M-26OCT050045-45,0.0060,5.00,no
2026-10-05T04:43:41.556596Z,KXSOL15M-26OCT050045-45,0.0060,5.00,no
2026-10-05T04:43:41.662052Z,KXSOL15M-26OCT050045-45,0.0070,11.24,yes
2026-10-05T04:43:41.815929Z,KXSOL15M-26OCT050045-45,0.0070,0.08,yes
2026-10-05T04:43:41.815929Z,KXSOL15M-26OCT050045-45,0.0070,2.01,yes
2026-10-05T04:43:41.873649Z,KXSOL15M-26OCT050045-45,0.0060,5.00,no
2026-10-05T04:43:42.085327Z,KXSOL15M-26OCT050045-45,0.0060,18.99,no
2026-10-05T04:43:42.085327Z,KXSOL15M-26OCT050045-45,0.0060,15.01,no
2026-10-05T04:43:42.089619Z,KXSOL15M-26OCT050045-45,0.0060,3.00,no
2026-10-05T04:43:42.089619Z,KXSOL15M-26OCT050045-45,0.0060,4.99,no
2026-10-05T04:43:43.076151Z,KXSOL15M-26OCT050045-45,0.0040,40.00,no
2026-10-05T04:43:43.076151Z,KXSOL15M-26OCT050045-45,0.0050,40.00,no
2026-10-05T04:43:43.076151Z,KXSOL15M-26OCT050045-45,0.0050,1.00,no
2026-10-05T04:43:43.076151Z,KXSOL15M-26OCT050045-45,0.0040,1.00,no
2026-10-05T04:43:43.076151Z,KXSOL15M-26OCT050045-45,0.0050,11.00,no
2026-10-05T04:43:43.076151Z,KXSOL15M-26OCT050045-45,0.0040,1.00,no
2026-10-05T04:43:43.076151Z,KXSOL15M-26OCT050045-45,0.0040,1.00,no
2026-10-05T04:43:43.076151Z,KXSOL15M-26OCT050045-45,0.0040,1.00,no
2026-10-05T04:43:43.076151Z,KXSOL15M-26OCT050045-45,0.0040,13.00,no
2026-10-05T04:43:43.076151Z,KXSOL15M-26OCT050045-45,0.0040,1.00,no
2026-10-05T04:43:43.076151Z,KXSOL15M-26OCT050045-45,0.0050,5.00,no
2026-10-05T04:43:43.076151Z,KXSOL15M-26OCT050045-45,0.0040,7.00,no
2026-10-05T04:43:43.076151Z,KXSOL15M-26OCT050045-45,0.0040,3.00,no
2026-10-05T04:43:43.076151Z,KXSOL15M-26OCT050045-45,0.0040,10.00,no
2026-10-05T04:43:43.129728Z,KXSOL15M-26OCT050045-45,0.0040,1.00,no
2026-10-05T04:43:44.068498Z,KXSOL15M-26OCT050045-45,0.0040,10.00,no
2026-10-05T04:43:44.068498Z,KXSOL15M-26OCT050045-45,0.0040,7.00,no
2026-10-05T04:43:44.068498Z,KXSOL15M-26OCT050045-45,0.0040,159.00,no
2026-10-05T04:43:44.457491Z,KXSOL15M-26OCT050045-45,0.0030,11.03,no
2026-10-05T04:43:44.509049Z,KXSOL15M-26OCT050045-45,0.0040,11.03,yes
2026-10-05T04:43:44.509049Z,KXSOL15M-26OCT050045-45,0.0040,0.25,yes
2026-10-05T04:43:44.509049Z,KXSOL15M-26OCT050045-45,0.0040,12.00,yes
2026-10-05T04:43:44.509049Z,KXSOL15M-26OCT050045-45,0.0040,25.00,yes
2026-10-05T04:43:44.509049Z,KXSOL15M-26OCT050045-45,0.0050,40.00,yes
2026-10-05T04:43:44.509049Z,KXSOL15M-26OCT050045-45,0.0050,97.23,yes
2026-10-05T04:43:45.160405Z,KXSOL15M-26OCT050045-45,0.0030,7.10,no
2026-10-05T04:43:46.760662Z,KXSOL15M-26OCT050045-45,0.0070,0.99,yes
2026-10-05T04:43:46.760662Z,KXSOL15M-26OCT050045-45,0.0070,25.00,yes
2026-10-05T04:43:46.760662Z,KXSOL15M-26OCT050045-45,0.0070,5.00,yes
2026-10-05T04:43:46.760662Z,KXSOL15M-26OCT050045-45,0.0070,0.19,yes
2026-10-05T04:43:46.760662Z,KXSOL15M-26OCT050045-45,0.0070,0.89,yes
2026-10-05T04:43:46.760662Z,KXSOL15M-26OCT050045-45,0.0070,4.00,yes
2026-10-05T04:43:46.760662Z,KXSOL15M-26OCT050045-45,0.0060,0.25,yes
2026-10-05T04:43:46.760662Z,KXSOL15M-26OCT050045-45,0.0060,40.00,yes
2026-10-05T04:43:46.760662Z,KXSOL15M-26OCT050045-45,0.0050,0.25,yes
2026-10-05T04:43:46.760662Z,KXSOL15M-26OCT050045-45,0.0040,100.00,yes
2026-10-05T04:43:46.760662Z,KXSOL15M-26OCT050045-45,0.0040,0.31,yes
2026-10-05T04:43:46.760662Z,KXSOL15M-26OCT050045-45,0.0040,7.10,yes
2026-10-05T04:43:47.936578Z,KXSOL15M-26OCT050045-45,0.0030,21.56,no
2026-10-05T04:43:48.032274Z,KXSOL15M-26OCT050045-45,0.0030,12.10,no
2026-10-05T04:43:48.032274Z,KXSOL15M-26OCT050045-45,0.0030,0.31,no
2026-10-05T04:43:48.158056Z,KXSOL15M-26OCT050045-45,0.0040,0.31,yes
2026-10-05T04:43:48.158056Z,KXSOL15M-26OCT050045-45,0.0040,23.06,yes
2026-10-05T04:43:48.561099Z,KXSOL15M-26OCT050045-45,0.0030,10.00,no
2026-10-05T04:43:48.571643Z,KXSOL15M-26OCT050045-45,0.0030,10.00,no
2026-10-05T04:43:49.421969Z,KXSOL15M-26OCT050045-45,0.0030,10.00,no
2026-10-05T04:43:49.454398Z,KXSOL15M-26OCT050045-45,0.0030,15.04,no
2026-10-05T04:43:49.53272Z,KXSOL15M-26OCT050045-45,0.0030,7.00,no
2026-10-05T04:43:50.273892Z,KXSOL15M-26OCT050045-45,0.0030,32.00,no
2026-10-05T04:43:51.024449Z,KXSOL15M-26OCT050045-45,0.0040,2.51,yes
2026-10-05T04:43:51.160829Z,KXSOL15M-26OCT050045-45,0.0040,11.45,yes
2026-10-05T04:43:51.63497Z,KXSOL15M-26OCT050045-45,0.0030,10.00,no
2026-10-05T04:43:52.364155Z,KXSOL15M-26OCT050045-45,0.0030,26.26,no
2026-10-05T04:43:52.756406Z,KXSOL15M-26OCT050045-45,0.0030,10.00,no
2026-10-05T04:43:52.761348Z,KXSOL15M-26OCT050045-45,0.0030,10.00,no
2026-10-05T04:43:52.833634Z,KXSOL15M-26OCT050045-45,0.0030,8.00,no
2026-10-05T04:43:54.317798Z,KXSOL15M-26OCT050045-45,0.0030,18.00,no
2026-10-05T04:43:54.317798Z,KXSOL15M-26OCT050045-45,0.0030,2.00,no
2026-10-05T04:43:54.317798Z,KXSOL15M-26OCT050045-45,0.0030,1.71,no
2026-10-05T04:43:54.317798Z,KXSOL15M-26OCT050045-45,0.0030,89.60,no
2026-10-05T04:43:55.20297Z,KXSOL15M-26OCT050045-45,0.0030,2.71,no
2026-10-05T04:43:55.20297Z,KXSOL15M-26OCT050045-45,0.0030,2.00,no
2026-10-05T04:43:55.20297Z,KXSOL15M-26OCT050045-45,0.0030,0.29,no
2026-10-05T04:43:55.20297Z,KXSOL15M-26OCT050045-45,0.0030,2.00,no
2026-10-05T04:43:55.20297Z,KXSOL15M-26OCT050045-45,0.0030,2.00,no
2026-10-05T04:43:55.626228Z,KXSOL15M-26OCT050045-45,0.0030,7.00,no
2026-10-05T04:43:57.088471Z,KXSOL15M-26OCT050045-45,0.0030,1.00,no
2026-10-05T04:43:57.088471Z,KXSOL15M-26OCT050045-45,0.0030,9.00,no
2026-10-05T04:43:57.095398Z,KXSOL15M-26OCT050045-45,0.0030,4.00,no
2026-10-05T04:43:57.095398Z,KXSOL15M-26OCT050045-45,0.0030,1.00,no
2026-10-05T04:43:57.799564Z,KXSOL15M-26OCT050045-45,0.0020,2.00,no
2026-10-05T04:43:57.807481Z,KXSOL15M-26OCT050045-45,0.0020,2.00,no
2026-10-05T04:43:58.487648Z,KXSOL15M-26OCT050045-45,0.0020,106.69,no
2026-10-05T04:43:59.213635Z,KXSOL15M-26OCT050045-45,0.0020,25.04,no
2026-10-05T04:43:59.422262Z,KXSOL15M-26OCT050045-45,0.0020,36.00,no
2026-10-05T04:43:59.501619Z,KXSOL15M-26OCT050045-45,0.0020,54.00,no
2026-10-05T04:43:59.591659Z,KXSOL15M-26OCT050045-45,0.0020,144.26,no
2026-10-05T04:43:59.686648Z,KXSOL15M-26OCT050045-45,0.0020,11.00,no
2026-10-05T04:44:00.07413Z,KXSOL15M-26OCT050045-45,0.0020,1.00,no
2026-10-05T04:44:00.429373Z,KXSOL15M-26OCT050045-45,0.0020,3.00,no
2026-10-05T04:44:00.845555Z,KXSOL15M-26OCT050045-45,0.0020,165.01,no
2026-10-05T04:44:00.845555Z,KXSOL15M-26OCT050045-45,0.0020,62.04,no
2026-10-05T04:44:01.025952Z,KXSOL15M-26OCT050045-45,0.0020,586.00,no
2026-10-05T04:44:01.028282Z,KXSOL15M-26OCT050045-45,0.0020,351.96,no
2026-10-05T04:44:01.028282Z,KXSOL15M-26OCT050045-45,0.0020,248.04,no
2026-10-05T04:44:01.311675Z,KXSOL15M-26OCT050045-45,0.0020,2.16,no
2026-10-05T04:44:01.311675Z,KXSOL15M-26OCT050045-45,0.0020,3.00,no
2026-10-05T04:44:01.311675Z,KXSOL15M-26OCT050045-45,0.0020,5.00,no
2026-10-05T04:44:01.311675Z,KXSOL15M-26OCT050045-45,0.0020,26.00,no
2026-10-05T04:44:01.311675Z,KXSOL15M-26OCT050045-45,0.0020,3.00,no
2026-10-05T04:44:01.311675Z,KXSOL15M-26OCT050045-45,0.0020,3.00,no
2026-10-05T04:44:01.311675Z,KXSOL15M-26OCT050045-45,0.0020,3.00,no
2026-10-05T04:44:01.311675Z,KXSOL15M-26OCT050045-45,0.0020,3.00,no
2026-10-05T04:44:01.311675Z,KXSOL15M-26OCT050045-45,0.0020,3.00,no
2026-10-05T04:44:01.311675Z,KXSOL15M-26OCT050045-45,0.0020,40.00,no
2026-10-05T04:44:01.967305Z,KXSOL15M-26OCT050045-45,0.0030,9.32,yes
2026-10-05T04:44:01.967305Z,KXSOL15M-26OCT050045-45,0.0020,0.37,yes
2026-10-05T04:44:01.967305Z,KXSOL15M-26OCT050045-45,0.0030,0.31,yes
2026-10-05T04:44:02.34312Z,KXSOL15M-26OCT050045-45,0.0030,20.39,yes
2026-10-05T04:44:05.432364Z,KXSOL15M-26OCT050045-45,0.0010,2.00,no
2026-10-05T04:44:05.668639Z,KXSOL15M-26OCT050045-45,0.0010,200.00,no
2026-10-05T04:44:06.097412Z,KXSOL15M-26OCT050045-45,0.0020,9.00,yes
2026-10-05T04:44:07.786016Z,KXSOL15M-26OCT050045-45,0.0020,84.04,yes
2026-10-05T04:44:09.088907Z,KXSOL15M-26OCT050045-45,0.0010,4.00,no
2026-10-05T04:44:09.282191Z,KXSOL15M-26OCT050045-45,0.0020,76.76,yes
2026-10-05T04:44:09.282191Z,KXSOL15M-26OCT050045-45,0.0020,6.96,yes
2026-10-05T04:44:09.580836Z,KXSOL15M-26OCT050045-45,0.0010,7.84,no
2026-10-05T04:44:09.580836Z,KXSOL15M-26OCT050045-45,0.0010,3.00,no
2026-10-05T04:44:09.580836Z,KXSOL15M-26OCT050045-45,0.0010,38.00,no
2026-10-05T04:44:09.580836Z,KXSOL15M-26OCT050045-45,0.0010,54.00,no
2026-10-05T04:44:09.580836Z,KXSOL15M-26OCT050045-45,0.0010,1.00,no
2026-10-05T04:44:09.580836Z,KXSOL15M-26OCT050045-45,0.0010,40.00,no
2026-10-05T04:44:09.580836Z,KXSOL15M-26OCT050045-45,0.0010,1.00,no
2026-10-05T04:44:09.580836Z,KXSOL15M-26OCT050045-45,0.0010,1.00,no
2026-10-05T04:44:09.580836Z,KXSOL15M-26OCT050045-45,0.0010,200.00,no
2026-10-05T04:44:09.580836Z,KXSOL15M-26OCT050045-45,0.0010,75.00,no
2026-10-05T04:44:09.580836Z,KXSOL15M-26OCT050045-45,0.0010,294.00,no
2026-10-05T04:44:11.157683Z,KXSOL15M-26OCT050045-45,0.0010,372.16,yes
2026-10-05T04:44:11.157683Z,KXSOL15M-26OCT050045-45,0.0010,65.21,yes
2026-10-05T04:44:11.157683Z,KXSOL15M-26OCT050045-45,0.0010,68.24,yes
2026-10-05T04:44:17.410069Z,KXSOL15M-26OCT050045-45,0.0010,89.60,yes
2026-10-05T04:44:17.410069Z,KXSOL15M-26OCT050045-45,0.0010,10.00,yes
2026-10-05T04:44:17.410069Z,KXSOL15M-26OCT050045-45,0.0010,26.26,yes
2026-10-05T04:44:17.410069Z,KXSOL15M-26OCT050045-45,0.0010,8.00,yes
2026-10-05T04:44:17.410069Z,KXSOL15M-26OCT050045-45,0.0010,10.00,yes
2026-10-05T04:44:17.410069Z,KXSOL15M-26OCT050045-45,0.0010,10.00,yes
2026-10-05T04:44:17.410069Z,KXSOL15M-26OCT050045-45,0.0010,32.00,yes
2026-10-05T04:44:17.410069Z,KXSOL15M-26OCT050045-45,0.0010,7.00,yes
2026-10-05T04:44:17.410069Z,KXSOL15M-26OCT050045-45,0.0040,0.31,yes
2026-10-05T04:44:17.410069Z,KXSOL15M-26OCT050045-45,0.0040,0.31,yes
2026-10-05T04:44:17.410069Z,KXSOL15M-26OCT050045-45,0.0040,7.60,yes
2026-10-05T04:44:17.410069Z,KXSOL15M-26OCT050045-45,0.0030,0.37,yes
2026-10-05T04:44:17.410069Z,KXSOL15M-26OCT050045-45,0.0040,275.36,yes
2026-10-05T04:44:17.410069Z,KXSOL15M-26OCT050045-45,0.0030,40.00,yes
2026-10-05T04:44:17.410069Z,KXSOL15M-26OCT050045-45,0.0030,218.33,yes
2026-10-05T04:44:17.410069Z,KXSOL15M-26OCT050045-45,0.0020,294.00,yes
2026-10-05T04:44:17.410069Z,KXSOL15M-26OCT050045-45,0.0020,4.00,yes
2026-10-05T04:44:17.410069Z,KXSOL15M-26OCT050045-45,0.0020,200.00,yes
2026-10-05T04:44:17.410069Z,KXSOL15M-26OCT050045-45,0.0020,40.00,yes
2026-10-05T04:44:17.410069Z,KXSOL15M-26OCT050045-45,0.0010,5.79,yes
2026-10-05T04:44:17.410069Z,KXSOL15M-26OCT050045-45,0.0020,71.00,yes
2026-10-05T04:44:17.410069Z,KXSOL15M-26OCT050045-45,0.0020,200.00,yes
2026-10-05T04:44:17.410069Z,KXSOL15M-26OCT050045-45,0.0020,2.00,yes
2026-10-05T04:44:17.410069Z,KXSOL15M-26OCT050045-45,0.0020,5.00,yes
2026-10-05T04:44:17.410069Z,KXSOL15M-26OCT050045-45,0.0020,0.43,yes
2026-10-05T04:44:17.410069Z,KXSOL15M-26OCT050045-45,0.0020,400.00,yes
2026-10-05T04:44:17.78772Z,KXSOL15M-26OCT050045-45,0.0010,20.00,no
2026-10-05T04:44:17.815195Z,KXSOL15M-26OCT050045-45,0.0010,5.00,no
2026-10-05T04:44:17.868795Z,KXSOL15M-26OCT050045-45,0.0010,275.36,no
2026-10-05T04:44:17.868795Z,KXSOL15M-26OCT050045-45,0.0010,33.00,no
2026-10-05T04:44:17.868795Z,KXSOL15M-26OCT050045-45,0.0010,4.64,no
2026-10-05T04:44:17.957936Z,KXSOL15M-26OCT050045-45,0.0010,10.00,no
2026-10-05T04:44:25.417621Z,KXSOL15M-26OCT050045-45,0.0030,13.33,yes
2026-10-05T04:44:29.973482Z,KXSOL15M-26OCT050045-45,0.0010,29.44,yes
2026-10-05T04:44:42.300068Z,KXSOL15M-26OCT050045-45,0.0010,1.52,yes
2026-10-05T04:44:44.634Z,KXSOL15M-26OCT050045-45,0.0010,22.94,yes
2026-10-05T04:44:49.022269Z,KXSOL15M-26OCT050045-45,0.0010,16.35,yes
2026-10-05T04:44:50.067739Z,KXSOL15M-26OCT050045-45,0.0010,139.00,yes
2026-10-05T04:44:50.067739Z,KXSOL15M-26OCT050045-45,0.0010,28.75,yes
2026-10-05T04:44:50.067739Z,KXSOL15M-26OCT050045-45,0.0010,748.24,yes
2026-10-05T04:44:52.572974Z,KXSOL15M-26OCT050045-45,0.0010,4579.77,yes
2026-10-05T04:44:52.841548Z,KXSOL15M-26OCT050045-45,0.0010,90.00,yes
2026-10-05T04:44:54.90828Z,KXSOL15M-26OCT050045-45,0.0010,915.99,yes
2026-10-05T04:44:56.396127Z,KXSOL15M-26OCT050045-45,0.0010,9.39,yes
2026-10-05T04:44:59.517573Z,KXSOL15M-26OCT050045-45,0.0010,27.19,yes
2026-10-05T04:44:59.517573Z,KXSOL15M-26OCT050045-45,0.0010,876.80,yes
2026-10-05T04:44:59.517573Z,KXSOL15M-26OCT050045-45,0.0010,12.00,yes
2026-10-05T04:43:15.876833Z,KXCOPPER15M-26OCT050045-45,0.9900,20.00,yes
2026-10-05T04:43:15.876833Z,KXCOPPER15M-26OCT050045-45,0.9900,1.00,yes
2026-10-05T04:43:15.876833Z,KXCOPPER15M-26OCT050045-45,0.9900,1.00,yes
2026-10-05T04:43:15.876833Z,KXCOPPER15M-26OCT050045-45,0.9900,10.00,yes
2026-10-05T04:43:15.876833Z,KXCOPPER15M-26OCT050045-45,0.9900,35.00,yes
2026-10-05T04:43:18.839812Z,KXCOPPER15M-26OCT050045-45,0.9900,1.00,yes
2026-10-05T04:43:18.839812Z,KXCOPPER15M-26OCT050045-45,0.9900,100.00,yes
2026-10-05T04:43:18.839812Z,KXCOPPER15M-26OCT050045-45,0.9900,2.00,yes
2026-10-05T04:43:18.839812Z,KXCOPPER15M-26OCT050045-45,0.9900,8.59,yes
2026-10-05T04:43:18.839812Z,KXCOPPER15M-26OCT050045-45,0.9900,2.00,yes
2026-10-05T04:43:18.839812Z,KXCOPPER15M-26OCT050045-45,0.9900,1.00,yes
2026-10-05T04:43:18.839812Z,KXCOPPER15M-26OCT050045-45,0.9900,65.00,yes
2026-10-05T04:43:18.839812Z,KXCOPPER15M-26OCT050045-45,0.9900,2.00,yes
2026-10-05T04:43:18.839812Z,KXCOPPER15M-26OCT050045-45,0.9900,20.00,yes
2026-10-05T04:43:18.839812Z,KXCOPPER15M-26OCT050045-45,0.9900,6.34,yes
2026-10-05T04:43:24.035286Z,KXCOPPER15M-26OCT050045-45,0.9800,30.00,no
2026-10-05T04:43:24.035286Z,KXCOPPER15M-26OCT050045-45,0.9800,41.00,no
2026-10-05T04:43:24.035286Z,KXCOPPER15M-26OCT050045-45,0.9800,22.58,no
2026-10-05T04:43:29.644316Z,KXCOPPER15M-26OCT050045-45,0.9900,25.08,yes
2026-10-05T04:43:29.644316Z,KXCOPPER15M-26OCT050045-45,0.9900,120.92,yes
2026-10-05T04:43:30.971788Z,KXCOPPER15M-26OCT050045-45,0.9900,5.00,yes
2026-10-05T04:43:32.895719Z,KXCOPPER15M-26OCT050045-45,0.9800,0.97,no
2026-10-05T04:43:33.797478Z,KXCOPPER15M-26OCT050045-45,0.9900,46.00,yes
2026-10-05T04:43:33.903904Z,KXCOPPER15M-26OCT050045-45,0.9800,16.79,no
2026-10-05T04:43:33.903904Z,KXCOPPER15M-26OCT050045-45,0.9800,30.00,no
2026-10-05T04:43:34.080439Z,KXCOPPER15M-26OCT050045-45,0.9900,50.00,yes
2026-10-05T04:43:34.64785Z,KXCOPPER15M-26OCT050045-45,0.9800,11.69,no
2026-10-05T04:43:36.887666Z,KXCOPPER15M-26OCT050045-45,0.9900,201.87,yes
2026-10-05T04:43:52.43924Z,KXCOPPER15M-26OCT050045-45,0.9900,20.00,yes
2026-10-05T04:43:52.43924Z,KXCOPPER15M-26OCT050045-45,0.9900,5.00,yes
2026-10-05T04:43:52.43924Z,KXCOPPER15M-26OCT050045-45,0.9900,7.00,yes
2026-10-05T04:43:52.43924Z,KXCOPPER15M-26OCT050045-45,0.9900,50.00,yes
2026-10-05T04:43:52.43924Z,KXCOPPER15M-26OCT050045-45,0.9900,159.43,yes
2026-10-05T04:44:05.579557Z,KXCOPPER15M-26OCT050045-45,0.9900,9.00,no
2026-10-05T04:44:05.579557Z,KXCOPPER15M-26OCT050045-45,0.9900,1.00,no
2026-10-05T04:44:05.579557Z,KXCOPPER15M-26OCT050045-45,0.9900,26.11,no
2026-10-05T04:44:05.579557Z,KXCOPPER15M-26OCT050045-45,0.9900,20.00,no
2026-10-05T04:44:10.095944Z,KXCOPPER15M-26OCT050045-45,0.9900,20.00,no
2026-10-05T04:44:10.095944Z,KXCOPPER15M-26OCT050045-45,0.9900,14.89,no
2026-10-05T04:44:10.095944Z,KXCOPPER15M-26OCT050045-45,0.9900,11.86,no
2026-10-05T04:44:23.635631Z,KXCOPPER15M-26OCT050045-45,0.9900,4.67,no
2026-10-05T04:44:26.116073Z,KXCOPPER15M-26OCT050045-45,0.9900,4.33,no
2026-10-05T04:44:26.116073Z,KXCOPPER15M-26OCT050045-45,0.9900,5.02,no
2026-10-05T04:44:29.916592Z,KXCOPPER15M-26OCT050045-45,0.9900,0.93,no
2026-10-05T04:44:36.355563Z,KXCOPPER15M-26OCT050045-45,0.9900,41.00,no
2026-10-05T04:44:36.355563Z,KXCOPPER15M-26OCT050045-45,0.9800,26.20,no
2026-10-05T04:44:36.667516Z,KXCOPPER15M-26OCT050045-45,0.9900,5.05,yes
2026-10-05T04:44:36.676435Z,KXCOPPER15M-26OCT050045-45,0.9900,15.00,yes
2026-10-05T04:44:36.711526Z,KXCOPPER15M-26OCT050045-45,0.9900,9.00,yes
2026-10-05T04:44:38.543975Z,KXCOPPER15M-26OCT050045-45,0.9800,13.00,no
2026-10-05T04:44:38.543975Z,KXCOPPER15M-26OCT050045-45,0.9800,6.00,no
2026-10-05T04:44:38.543975Z,KXCOPPER15M-26OCT050045-45,0.9800,17.33,no
2026-10-05T04:44:38.544044Z,KXCOPPER15M-26OCT050045-45,0.9800,9.12,no
2026-10-05T04:44:41.493758Z,KXCOPPER15M-26OCT050045-45,0.9900,3.00,yes
2026-10-05T04:44:47.11013Z,KXCOPPER15M-26OCT050045-45,0.9900,7.00,yes
2026-10-05T04:44:47.11013Z,KXCOPPER15M-26OCT050045-45,0.9900,17.95,yes
2026-10-05T04:44:47.437093Z,KXCOPPER15M-26OCT050045-45,0.9900,14.00,yes
2026-10-05T04:44:48.136012Z,KXCOPPER15M-26OCT050045-45,0.9900,1.00,yes
2026-10-05T04:44:48.647658Z,KXCOPPER15M-26OCT050045-45,0.9900,7.00,yes
2026-10-05T04:44:48.647658Z,KXCOPPER15M-26OCT050045-45,0.9900,35.00,yes
2026-10-05T04:44:48.868562Z,KXCOPPER15M-26OCT050045-45,0.9800,5.00,no
2026-10-05T04:44:48.868562Z,KXCOPPER15M-26OCT050045-45,0.9800,18.39,no
2026-10-05T04:44:49.273514Z,KXCOPPER15M-26OCT050045-45,0.9900,3.00,yes
2026-10-05T04:44:49.61687Z,KXCOPPER15M-26OCT050045-45,0.9900,13.00,yes
2026-10-05T04:44:50.460204Z,KXCOPPER15M-26OCT050045-45,0.9900,10.00,yes
2026-10-05T04:44:51.618459Z,KXCOPPER15M-26OCT050045-45,0.9900,7.00,yes
2026-10-05T04:44:52.135217Z,KXCOPPER15M-26OCT050045-45,0.9900,7.00,yes
2026-10-05T04:44:52.135217Z,KXCOPPER15M-26OCT050045-45,0.9900,17.00,yes
2026-10-05T04:44:52.290888Z,KXCOPPER15M-26OCT050045-45,0.9900,12.00,yes
2026-10-05T04:44:52.618808Z,KXCOPPER15M-26OCT050045-45,0.9900,11.00,yes
2026-10-05T04:44:53.618639Z,KXCOPPER15M-26OCT050045-45,0.9900,8.00,yes
2026-10-05T04:44:54.61887Z,KXCOPPER15M-26OCT050045-45,0.9900,6.00,yes
2026-10-05T04:44:55.031952Z,KXCOPPER15M-26OCT050045-45,0.9900,5.00,yes
2026-10-05T04:44:55.048324Z,KXCOPPER15M-26OCT050045-45,0.9900,8.00,yes
2026-10-05T04:44:55.571742Z,KXCOPPER15M-26OCT050045-45,0.9900,14.00,yes
2026-10-05T04:44:56.089026Z,KXCOPPER15M-26OCT050045-45,0.9900,23.80,yes
2026-10-05T04:44:56.098178Z,KXCOPPER15M-26OCT050045-45,0.9900,4.00,yes
2026-10-05T04:44:56.331625Z,KXCOPPER15M-26OCT050045-45,0.9900,8.20,yes
2026-10-05T04:44:56.331625Z,KXCOPPER15M-26OCT050045-45,0.9900,3.51,yes
2026-10-05T04:44:56.618544Z,KXCOPPER15M-26OCT050045-45,0.9900,14.00,yes
2026-10-05T04:44:57.15113Z,KXCOPPER15M-26OCT050045-45,0.9900,25.86,yes
2026-10-05T04:44:58.540513Z,KXCOPPER15M-26OCT050045-45,0.9900,7.00,yes
2026-10-05T04:44:58.540513Z,KXCOPPER15M-26OCT050045-45,0.9900,10.14,yes
2026-10-05T04:44:58.724705Z,KXCOPPER15M-26OCT050045-45,0.9900,7.00,yes
2026-10-05T04:44:58.724705Z,KXCOPPER15M-26OCT050045-45,0.9900,50.00,yes
2026-10-05T04:44:58.843407Z,KXCOPPER15M-26OCT050045-45,0.9900,7.00,yes
2026-10-05T04:44:58.843407Z,KXCOPPER15M-26OCT050045-45,0.9900,50.00,yes
2026-10-05T04:44:59.075257Z,KXCOPPER15M-26OCT050045-45,0.9900,50.00,yes
2026-10-05T04:44:59.075257Z,KXCOPPER15M-26OCT050045-45,0.9900,7.00,yes
2026-10-05T04:43:36.314992Z,KXBNB15M-26OCT050045-45,0.7300,2.68,yes
2026-10-05T04:43:36.405735Z,KXBNB15M-26OCT050045-45,0.7000,0.19,no
2026-10-05T04:43:36.871729Z,KXBNB15M-26OCT050045-45,0.7000,32.00,yes
2026-10-05T04:43:36.871729Z,KXBNB15M-26OCT050045-45,0.7200,0.83,yes
2026-10-05T04:43:36.871729Z,KXBNB15M-26OCT050045-45,0.7400,1.00,yes
2026-10-05T04:43:36.871729Z,KXBNB15M-26OCT050045-45,0.7000,10.00,yes
2026-10-05T04:43:36.871729Z,KXBNB15M-26OCT050045-45,0.7500,23.23,yes
2026-10-05T04:43:36.871729Z,KXBNB15M-26OCT050045-45,0.7500,1.00,yes
2026-10-05T04:43:36.871729Z,KXBNB15M-26OCT050045-45,0.7400,3.00,yes
2026-10-05T04:43:37.575329Z,KXBNB15M-26OCT050045-45,0.8000,45.71,yes
2026-10-05T04:43:37.575329Z,KXBNB15M-26OCT050045-45,0.7800,162.00,yes
2026-10-05T04:43:37.575329Z,KXBNB15M-26OCT050045-45,0.7800,1.00,yes
2026-10-05T04:43:37.575329Z,KXBNB15M-26OCT050045-45,0.7700,1.00,yes
2026-10-05T04:43:37.575329Z,KXBNB15M-26OCT050045-45,0.7800,60.00,yes
2026-10-05T04:43:37.575329Z,KXBNB15M-26OCT050045-45,0.7600,6.00,yes
2026-10-05T04:43:37.575329Z,KXBNB15M-26OCT050045-45,0.7500,24.00,yes
2026-10-05T04:43:37.575329Z,KXBNB15M-26OCT050045-45,0.7600,60.00,yes
2026-10-05T04:43:37.575329Z,KXBNB15M-26OCT050045-45,0.7400,10.00,yes
2026-10-05T04:43:37.575329Z,KXBNB15M-26OCT050045-45,0.7700,6.00,yes
2026-10-05T04:43:37.575329Z,KXBNB15M-26OCT050045-45,0.7800,5.00,yes
2026-10-05T04:43:38.039312Z,KXBNB15M-26OCT050045-45,0.7600,3.88,yes
2026-10-05T04:43:38.191081Z,KXBNB15M-26OCT050045-45,0.7800,6.00,yes
2026-10-05T04:43:38.191081Z,KXBNB15M-26OCT050045-45,0.7800,2.85,yes
2026-10-05T04:43:38.191081Z,KXBNB15M-26OCT050045-45,0.7700,10.00,yes
2026-10-05T04:43:38.237732Z,KXBNB15M-26OCT050045-45,0.7200,3.09,no
2026-10-05T04:43:38.623735Z,KXBNB15M-26OCT050045-45,0.7200,28.73,no
2026-10-05T04:43:38.695707Z,KXBNB15M-26OCT050045-45,0.7200,9.53,no
2026-10-05T04:43:38.751806Z,KXBNB15M-26OCT050045-45,0.7200,3.82,no
2026-10-05T04:43:38.844709Z,KXBNB15M-26OCT050045-45,0.7400,10.00,yes
2026-10-05T04:43:38.844709Z,KXBNB15M-26OCT050045-45,0.7900,1.00,yes
2026-10-05T04:43:38.844709Z,KXBNB15M-26OCT050045-45,0.7900,6.00,yes
2026-10-05T04:43:38.844709Z,KXBNB15M-26OCT050045-45,0.7500,2.15,yes
2026-10-05T04:43:38.844709Z,KXBNB15M-26OCT050045-45,0.7900,4.00,yes
2026-10-05T04:43:38.844709Z,KXBNB15M-26OCT050045-45,0.8000,2.45,yes
2026-10-05T04:43:39.150853Z,KXBNB15M-26OCT050045-45,0.7200,14.83,no
2026-10-05T04:43:39.399407Z,KXBNB15M-26OCT050045-45,0.7900,10.00,yes
2026-10-05T04:43:39.399407Z,KXBNB15M-26OCT050045-45,0.8000,58.14,yes
2026-10-05T04:43:39.490368Z,KXBNB15M-26OCT050045-45,0.7000,3.40,no
2026-10-05T04:43:39.583241Z,KXBNB15M-26OCT050045-45,0.7800,3.74,yes
2026-10-05T04:43:39.760502Z,KXBNB15M-26OCT050045-45,0.7200,57.19,no
2026-10-05T04:43:39.848872Z,KXBNB15M-26OCT050045-45,0.7200,2.81,no
2026-10-05T04:43:39.848872Z,KXBNB15M-26OCT050045-45,0.7100,0.52,no
2026-10-05T04:43:40.015039Z,KXBNB15M-26OCT050045-45,0.7600,1.19,yes
2026-10-05T04:43:40.041397Z,KXBNB15M-26OCT050045-45,0.7100,16.00,no
2026-10-05T04:43:40.168075Z,KXBNB15M-26OCT050045-45,0.7700,1.00,yes
2026-10-05T04:43:40.168075Z,KXBNB15M-26OCT050045-45,0.7700,16.00,yes
2026-10-05T04:43:40.168075Z,KXBNB15M-26OCT050045-45,0.7700,1.00,yes
2026-10-05T04:43:40.168075Z,KXBNB15M-26OCT050045-45,0.7600,10.00,yes
2026-10-05T04:43:40.168075Z,KXBNB15M-26OCT050045-45,0.7800,95.50,yes
2026-10-05T04:43:40.526432Z,KXBNB15M-26OCT050045-45,0.7400,1.29,yes
2026-10-05T04:43:40.655228Z,KXBNB15M-26OCT050045-45,0.7600,5.00,yes
2026-10-05T04:43:40.667477Z,KXBNB15M-26OCT050045-45,0.6700,5.00,no
2026-10-05T04:43:40.667477Z,KXBNB15M-26OCT050045-45,0.6800,60.00,no
2026-10-05T04:43:40.667477Z,KXBNB15M-26OCT050045-45,0.6800,27.00,no
2026-10-05T04:43:40.667477Z,KXBNB15M-26OCT050045-45,0.6700,46.85,no
2026-10-05T04:43:40.667477Z,KXBNB15M-26OCT050045-45,0.6800,2.00,no
2026-10-05T04:43:40.87507Z,KXBNB15M-26OCT050045-45,0.7000,27.49,no
2026-10-05T04:43:41.138799Z,KXBNB15M-26OCT050045-45,0.7000,60.00,yes
2026-10-05T04:43:41.138799Z,KXBNB15M-26OCT050045-45,0.7200,6.00,yes
2026-10-05T04:43:41.138799Z,KXBNB15M-26OCT050045-45,0.6800,10.00,yes
2026-10-05T04:43:41.138799Z,KXBNB15M-26OCT050045-45,0.6900,24.00,yes
2026-10-05T04:43:41.254526Z,KXBNB15M-26OCT050045-45,0.7000,10.00,yes
2026-10-05T04:43:41.254526Z,KXBNB15M-26OCT050045-45,0.7100,1.00,yes
2026-10-05T04:43:41.263317Z,KXBNB15M-26OCT050045-45,0.7000,8.00,yes
2026-10-05T04:43:41.358163Z,KXBNB15M-26OCT050045-45,0.6700,13.00,no
2026-10-05T04:43:41.421382Z,KXBNB15M-26OCT050045-45,0.6700,14.25,no
2026-10-05T04:43:41.453163Z,KXBNB15M-26OCT050045-45,0.6700,0.90,no
2026-10-05T04:43:41.517615Z,KXBNB15M-26OCT050045-45,0.6500,17.50,no
2026-10-05T04:43:41.634699Z,KXBNB15M-26OCT050045-45,0.7100,5.00,yes
2026-10-05T04:43:41.634699Z,KXBNB15M-26OCT050045-45,0.7100,1.00,yes
2026-10-05T04:43:41.634699Z,KXBNB15M-26OCT050045-45,0.6800,32.00,yes
2026-10-05T04:43:41.634699Z,KXBNB15M-26OCT050045-45,0.6900,10.00,yes
2026-10-05T04:43:41.634699Z,KXBNB15M-26OCT050045-45,0.7100,13.00,yes
2026-10-05T04:43:42.197862Z,KXBNB15M-26OCT050045-45,0.7100,5.46,no
2026-10-05T04:43:42.251393Z,KXBNB15M-26OCT050045-45,0.7300,2.73,no
2026-10-05T04:43:42.300345Z,KXBNB15M-26OCT050045-45,0.7700,4.00,yes
2026-10-05T04:43:42.300345Z,KXBNB15M-26OCT050045-45,0.7800,47.00,yes
2026-10-05T04:43:42.300345Z,KXBNB15M-26OCT050045-45,0.7600,10.00,yes
2026-10-05T04:43:42.365301Z,KXBNB15M-26OCT050045-45,0.7100,14.00,no
2026-10-05T04:43:42.767304Z,KXBNB15M-26OCT050045-45,0.7700,1.00,yes
2026-10-05T04:43:42.767304Z,KXBNB15M-26OCT050045-45,0.7800,1.56,yes
2026-10-05T04:43:42.767304Z,KXBNB15M-26OCT050045-45,0.7600,10.00,yes
2026-10-05T04:43:43.234368Z,KXBNB15M-26OCT050045-45,0.7100,19.71,no
2026-10-05T04:43:43.298498Z,KXBNB15M-26OCT050045-45,0.7100,3.06,no
2026-10-05T04:43:43.336767Z,KXBNB15M-26OCT050045-45,0.7900,10.00,yes
2026-10-05T04:43:43.920673Z,KXBNB15M-26OCT050045-45,0.7900,9.97,yes
2026-10-05T04:43:44.02104Z,KXBNB15M-26OCT050045-45,0.8000,2.44,yes
2026-10-05T04:43:44.02104Z,KXBNB15M-26OCT050045-45,0.7900,10.00,yes
2026-10-05T04:43:44.092246Z,KXBNB15M-26OCT050045-45,0.7100,37.23,no
2026-10-05T04:43:44.164514Z,KXBNB15M-26OCT050045-45,0.7700,1.00,yes
2026-10-05T04:43:44.310388Z,KXBNB15M-26OCT050045-45,0.7500,7.00,yes
2026-10-05T04:43:44.662755Z,KXBNB15M-26OCT050045-45,0.6700,11.09,no
2026-10-05T04:43:44.70214Z,KXBNB15M-26OCT050045-45,0.7700,0.62,yes
2026-10-05T04:43:44.799621Z,KXBNB15M-26OCT050045-45,0.8000,35.05,yes
2026-10-05T04:43:44.799621Z,KXBNB15M-26OCT050045-45,0.8000,19.97,yes
2026-10-05T04:43:44.799621Z,KXBNB15M-26OCT050045-45,0.7700,10.00,yes
2026-10-05T04:43:44.799621Z,KXBNB15M-26OCT050045-45,0.7800,60.00,yes
2026-10-05T04:43:45.414231Z,KXBNB15M-26OCT050045-45,0.7700,1.00,yes
2026-10-05T04:43:45.414231Z,KXBNB15M-26OCT050045-45,0.7800,7.88,yes
2026-10-05T04:43:45.414231Z,KXBNB15M-26OCT050045-45,0.7600,10.00,yes
2026-10-05T04:43:45.470162Z,KXBNB15M-26OCT050045-45,0.8000,1.47,yes
2026-10-05T04:43:45.470162Z,KXBNB15M-26OCT050045-45,0.7100,5.00,yes
2026-10-05T04:43:45.738142Z,KXBNB15M-26OCT050045-45,0.8400,38.25,yes
2026-10-05T04:43:45.738142Z,KXBNB15M-26OCT050045-45,0.8200,50.09,yes
2026-10-05T04:43:45.738142Z,KXBNB15M-26OCT050045-45,0.8000,3.48,yes
2026-10-05T04:43:45.738142Z,KXBNB15M-26OCT050045-45,0.8000,60.00,yes
2026-10-05T04:43:45.738142Z,KXBNB15M-26OCT050045-45,0.7800,60.00,yes
2026-10-05T04:43:45.738142Z,KXBNB15M-26OCT050045-45,0.8200,1.00,yes
2026-10-05T04:43:45.738142Z,KXBNB15M-26OCT050045-45,0.8100,1.00,yes
2026-10-05T04:43:45.738142Z,KXBNB15M-26OCT050045-45,0.7700,10.00,yes
2026-10-05T04:43:45.743953Z,KXBNB15M-26OCT050045-45,0.7800,25.00,yes
2026-10-05T04:43:45.958441Z,KXBNB15M-26OCT050045-45,0.7600,4.00,yes
2026-10-05T04:43:46.130449Z,KXBNB15M-26OCT050045-45,0.7600,1.20,yes
2026-10-05T04:43:46.185653Z,KXBNB15M-26OCT050045-45,0.7500,17.50,no
2026-10-05T04:43:46.34617Z,KXBNB15M-26OCT050045-45,0.7700,3.00,yes
2026-10-05T04:43:46.34617Z,KXBNB15M-26OCT050045-45,0.7800,18.57,yes
2026-10-05T04:43:46.34617Z,KXBNB15M-26OCT050045-45,0.7600,10.00,yes
2026-10-05T04:43:46.474206Z,KXBNB15M-26OCT050045-45,0.7500,42.50,no
2026-10-05T04:43:46.474206Z,KXBNB15M-26OCT050045-45,0.7500,1000.00,no
2026-10-05T04:43:46.505738Z,KXBNB15M-26OCT050045-45,0.7500,18.81,no
2026-10-05T04:43:46.906831Z,KXBNB15M-26OCT050045-45,0.7600,28.36,yes
2026-10-05T04:43:46.907457Z,KXBNB15M-26OCT050045-45,0.7600,3.64,yes
2026-10-05T04:43:46.907457Z,KXBNB15M-26OCT050045-45,0.7600,10.00,yes
2026-10-05T04:43:46.907457Z,KXBNB15M-26OCT050045-45,0.7700,9.80,yes
2026-10-05T04:43:46.920172Z,KXBNB15M-26OCT050045-45,0.7600,10.00,yes
2026-10-05T04:43:46.930594Z,KXBNB15M-26OCT050045-45,0.7600,10.00,yes
2026-10-05T04:43:47.017263Z,KXBNB15M-26OCT050045-45,0.7800,115.14,yes
2026-10-05T04:43:47.017263Z,KXBNB15M-26OCT050045-45,0.7600,2.50,yes
2026-10-05T04:43:47.017263Z,KXBNB15M-26OCT050045-45,0.7700,1.00,yes
2026-10-05T04:43:47.021092Z,KXBNB15M-26OCT050045-45,0.7800,28.29,yes
2026-10-05T04:43:47.095736Z,KXBNB15M-26OCT050045-45,0.7900,5.83,no
2026-10-05T04:43:47.144102Z,KXBNB15M-26OCT050045-45,0.7900,22.48,no
2026-10-05T04:43:47.604111Z,KXBNB15M-26OCT050045-45,0.7700,60.00,no
2026-10-05T04:43:47.604111Z,KXBNB15M-26OCT050045-45,0.7600,25.00,no
2026-10-05T04:43:47.604111Z,KXBNB15M-26OCT050045-45,0.7500,41.19,no
2026-10-05T04:43:48.119136Z,KXBNB15M-26OCT050045-45,0.7500,0.82,no
2026-10-05T04:43:48.158638Z,KXBNB15M-26OCT050045-45,0.7500,7.60,no
2026-10-05T04:43:48.447842Z,KXBNB15M-26OCT050045-45,0.8300,11.00,yes
2026-10-05T04:43:48.447842Z,KXBNB15M-26OCT050045-45,0.8300,1.00,yes
2026-10-05T04:43:48.447842Z,KXBNB15M-26OCT050045-45,0.8300,1.00,yes
2026-10-05T04:43:48.447842Z,KXBNB15M-26OCT050045-45,0.8300,22.00,yes
2026-10-05T04:43:48.522394Z,KXBNB15M-26OCT050045-45,0.7500,3.65,no
2026-10-05T04:43:48.58338Z,KXBNB15M-26OCT050045-45,0.8300,0.99,yes
2026-10-05T04:43:48.58338Z,KXBNB15M-26OCT050045-45,0.8300,0.01,yes
2026-10-05T04:43:48.638467Z,KXBNB15M-26OCT050045-45,0.8100,1.00,yes
2026-10-05T04:43:48.640726Z,KXBNB15M-26OCT050045-45,0.8100,3.00,yes
2026-10-05T04:43:48.640726Z,KXBNB15M-26OCT050045-45,0.8100,9.00,yes
2026-10-05T04:43:48.640726Z,KXBNB15M-26OCT050045-45,0.8200,5.00,yes
2026-10-05T04:43:48.881087Z,KXBNB15M-26OCT050045-45,0.7500,10.00,yes
2026-10-05T04:43:48.881087Z,KXBNB15M-26OCT050045-45,0.8200,28.87,yes
2026-10-05T04:43:48.915698Z,KXBNB15M-26OCT050045-45,0.8100,10.00,yes
2026-10-05T04:43:48.915698Z,KXBNB15M-26OCT050045-45,0.8200,10.00,yes
2026-10-05T04:43:48.915698Z,KXBNB15M-26OCT050045-45,0.8200,26.13,yes
2026-10-05T04:43:48.97038Z,KXBNB15M-26OCT050045-45,0.8100,10.00,yes
2026-10-05T04:43:48.975885Z,KXBNB15M-26OCT050045-45,0.8300,1.00,yes
2026-10-05T04:43:48.975885Z,KXBNB15M-26OCT050045-45,0.8200,10.00,yes
2026-10-05T04:43:49.035262Z,KXBNB15M-26OCT050045-45,0.8400,7.72,yes
2026-10-05T04:43:49.099114Z,KXBNB15M-26OCT050045-45,0.8000,24.66,no
2026-10-05T04:43:49.108525Z,KXBNB15M-26OCT050045-45,0.8000,19.81,no
2026-10-05T04:43:49.2928Z,KXBNB15M-26OCT050045-45,0.8400,0.49,yes
2026-10-05T04:43:49.54548Z,KXBNB15M-26OCT050045-45,0.8400,7.06,yes
2026-10-05T04:43:49.761688Z,KXBNB15M-26OCT050045-45,0.8000,15.53,no
2026-10-05T04:43:49.761688Z,KXBNB15M-26OCT050045-45,0.7800,3.10,no
2026-10-05T04:43:49.845161Z,KXBNB15M-26OCT050045-45,0.8200,4.00,yes
2026-10-05T04:43:49.845161Z,KXBNB15M-26OCT050045-45,0.8300,3.68,yes
2026-10-05T04:43:49.845161Z,KXBNB15M-26OCT050045-45,0.8200,10.00,yes
2026-10-05T04:43:50.078832Z,KXBNB15M-26OCT050045-45,0.7900,44.69,no
2026-10-05T04:43:50.155431Z,KXBNB15M-26OCT050045-45,0.8300,109.40,yes
2026-10-05T04:43:50.240773Z,KXBNB15M-26OCT050045-45,0.8100,1.59,no
2026-10-05T04:43:50.27134Z,KXBNB15M-26OCT050045-45,0.8300,35.58,yes
2026-10-05T04:43:50.273301Z,KXBNB15M-26OCT050045-45,0.8300,11.00,yes
2026-10-05T04:43:50.273301Z,KXBNB15M-26OCT050045-45,0.8300,51.34,yes
2026-10-05T04:43:50.273839Z,KXBNB15M-26OCT050045-45,0.8500,5.00,yes
2026-10-05T04:43:50.274645Z,KXBNB15M-26OCT050045-45,0.7800,10.28,no
2026-10-05T04:43:50.274645Z,KXBNB15M-26OCT050045-45,0.7900,15.31,no
2026-10-05T04:43:50.274645Z,KXBNB15M-26OCT050045-45,0.8100,58.41,no
2026-10-05T04:43:50.288045Z,KXBNB15M-26OCT050045-45,0.8500,6.00,yes
2026-10-05T04:43:50.28813Z,KXBNB15M-26OCT050045-45,0.8500,1.00,yes
2026-10-05T04:43:50.28813Z,KXBNB15M-26OCT050045-45,0.8500,13.00,yes
2026-10-05T04:43:50.28813Z,KXBNB15M-26OCT050045-45,0.8600,3.00,yes
2026-10-05T04:43:50.41061Z,KXBNB15M-26OCT050045-45,0.8300,15.42,no
2026-10-05T04:43:50.5464Z,KXBNB15M-26OCT050045-45,0.8300,0.01,no
2026-10-05T04:43:50.5464Z,KXBNB15M-26OCT050045-45,0.8200,13.52,no
2026-10-05T04:43:50.706111Z,KXBNB15M-26OCT050045-45,0.8400,11.00,yes
2026-10-05T04:43:50.706111Z,KXBNB15M-26OCT050045-45,0.8500,12.00,yes
2026-10-05T04:43:50.706111Z,KXBNB15M-26OCT050045-45,0.8600,6.16,yes
2026-10-05T04:43:50.772688Z,KXBNB15M-26OCT050045-45,0.8500,12.00,yes
2026-10-05T04:43:50.772688Z,KXBNB15M-26OCT050045-45,0.8400,11.00,yes
2026-10-05T04:43:50.772688Z,KXBNB15M-26OCT050045-45,0.8600,14.00,yes
2026-10-05T04:43:50.772688Z,KXBNB15M-26OCT050045-45,0.8700,11.88,yes
2026-10-05T04:43:50.772688Z,KXBNB15M-26OCT050045-45,0.8700,17.00,yes
2026-10-05T04:43:50.772688Z,KXBNB15M-26OCT050045-45,0.8600,0.80,yes
2026-10-05T04:43:51.373272Z,KXBNB15M-26OCT050045-45,0.8400,2.34,yes
2026-10-05T04:43:51.400754Z,KXBNB15M-26OCT050045-45,0.7900,6.00,no
2026-10-05T04:43:51.541427Z,KXBNB15M-26OCT050045-45,0.7600,16.00,yes
2026-10-05T04:43:51.676702Z,KXBNB15M-26OCT050045-45,0.7600,44.00,yes
2026-10-05T04:43:51.676702Z,KXBNB15M-26OCT050045-45,0.7800,31.82,yes
2026-10-05T04:43:51.676702Z,KXBNB15M-26OCT050045-45,0.7700,6.00,yes
2026-10-05T04:43:51.676702Z,KXBNB15M-26OCT050045-45,0.7700,1.00,yes
2026-10-05T04:43:51.870339Z,KXBNB15M-26OCT050045-45,0.6800,6.00,no
2026-10-05T04:43:51.870339Z,KXBNB15M-26OCT050045-45,0.6800,27.00,no
2026-10-05T04:43:51.870339Z,KXBNB15M-26OCT050045-45,0.6700,48.91,no
2026-10-05T04:43:51.870339Z,KXBNB15M-26OCT050045-45,0.6400,60.00,no
2026-10-05T04:43:51.870339Z,KXBNB15M-26OCT050045-45,0.6200,60.00,no
2026-10-05T04:43:51.870339Z,KXBNB15M-26OCT050045-45,0.6000,60.00,no
2026-10-05T04:43:51.870339Z,KXBNB15M-26OCT050045-45,0.6400,5.00,no
2026-10-05T04:43:51.870339Z,KXBNB15M-26OCT050045-45,0.6400,1.00,no
2026-10-05T04:43:51.870339Z,KXBNB15M-26OCT050045-45,0.5800,53.64,no
2026-10-05T04:43:52.132452Z,KXBNB15M-26OCT050045-45,0.7300,1.00,yes
2026-10-05T04:43:52.132452Z,KXBNB15M-26OCT050045-45,0.8200,10.00,yes
2026-10-05T04:43:52.132452Z,KXBNB15M-26OCT050045-45,0.8300,60.00,yes
2026-10-05T04:43:52.132452Z,KXBNB15M-26OCT050045-45,0.7300,25.00,yes
2026-10-05T04:43:52.132452Z,KXBNB15M-26OCT050045-45,0.8100,60.00,yes
2026-10-05T04:43:52.132452Z,KXBNB15M-26OCT050045-45,0.7500,17.00,yes
2026-10-05T04:43:52.132452Z,KXBNB15M-26OCT050045-45,0.8000,6.00,yes
2026-10-05T04:43:52.406858Z,KXBNB15M-26OCT050045-45,0.8000,24.02,no
2026-10-05T04:43:52.41051Z,KXBNB15M-26OCT050045-45,0.8000,15.43,no
2026-10-05T04:43:52.431562Z,KXBNB15M-26OCT050045-45,0.8000,23.62,no
2026-10-05T04:43:52.532269Z,KXBNB15M-26OCT050045-45,0.8000,16.93,no
2026-10-05T04:43:52.891733Z,KXBNB15M-26OCT050045-45,0.7900,1.00,yes
2026-10-05T04:43:52.91418Z,KXBNB15M-26OCT050045-45,0.7900,45.00,yes
2026-10-05T04:43:53.074986Z,KXBNB15M-26OCT050045-45,0.7000,0.68,no
2026-10-05T04:43:53.150536Z,KXBNB15M-26OCT050045-45,0.8000,8.00,yes
2026-10-05T04:43:53.150536Z,KXBNB15M-26OCT050045-45,0.8100,60.00,yes
2026-10-05T04:43:53.150536Z,KXBNB15M-26OCT050045-45,0.8300,14.97,yes
2026-10-05T04:43:53.150536Z,KXBNB15M-26OCT050045-45,0.7900,14.00,yes
2026-10-05T04:43:53.17873Z,KXBNB15M-26OCT050045-45,0.8500,3.64,yes
2026-10-05T04:43:53.17873Z,KXBNB15M-26OCT050045-45,0.8300,45.03,yes
2026-10-05T04:43:53.17873Z,KXBNB15M-26OCT050045-45,0.8300,32.00,yes
2026-10-05T04:43:53.17873Z,KXBNB15M-26OCT050045-45,0.8200,1.00,yes
2026-10-05T04:43:53.17873Z,KXBNB15M-26OCT050045-45,0.8100,60.00,yes
2026-10-05T04:43:53.17873Z,KXBNB15M-26OCT050045-45,0.8100,10.00,yes
2026-10-05T04:43:53.393985Z,KXBNB15M-26OCT050045-45,0.7500,0.25,no
2026-10-05T04:43:53.393985Z,KXBNB15M-26OCT050045-45,0.8000,5.00,no
2026-10-05T04:43:53.617209Z,KXBNB15M-26OCT050045-45,0.7900,1.06,yes
2026-10-05T04:43:53.791596Z,KXBNB15M-26OCT050045-45,0.7900,6.02,yes
2026-10-05T04:43:53.824269Z,KXBNB15M-26OCT050045-45,0.8000,2.00,yes
2026-10-05T04:43:53.824269Z,KXBNB15M-26OCT050045-45,0.8300,60.00,yes
2026-10-05T04:43:53.824269Z,KXBNB15M-26OCT050045-45,0.8100,60.00,yes
2026-10-05T04:43:53.824269Z,KXBNB15M-26OCT050045-45,0.7900,47.92,yes
2026-10-05T04:43:54.001044Z,KXBNB15M-26OCT050045-45,0.8100,10.00,yes
2026-10-05T04:43:54.001044Z,KXBNB15M-26OCT050045-45,0.8300,11.00,yes
2026-10-05T04:43:54.001044Z,KXBNB15M-26OCT050045-45,0.8300,2.00,yes
2026-10-05T04:43:54.001044Z,KXBNB15M-26OCT050045-45,0.8300,60.00,yes
2026-10-05T04:43:54.007806Z,KXBNB15M-26OCT050045-45,0.8300,5.00,yes
2026-10-05T04:43:54.007806Z,KXBNB15M-26OCT050045-45,0.8200,10.00,yes
2026-10-05T04:43:54.057534Z,KXBNB15M-26OCT050045-45,0.7500,18.28,no
2026-10-05T04:43:54.175895Z,KXBNB15M-26OCT050045-45,0.7400,5.32,no
2026-10-05T04:43:54.175895Z,KXBNB15M-26OCT050045-45,0.7300,60.00,no
2026-10-05T04:43:54.175895Z,KXBNB15M-26OCT050045-45,0.7400,24.00,no
2026-10-05T04:43:54.175895Z,KXBNB15M-26OCT050045-45,0.7100,38.85,no
2026-10-05T04:43:54.175895Z,KXBNB15M-26OCT050045-45,0.7500,41.72,no
2026-10-05T04:43:54.254264Z,KXBNB15M-26OCT050045-45,0.8300,52.86,yes
2026-10-05T04:43:54.254264Z,KXBNB15M-26OCT050045-45,0.8300,6.00,yes
2026-10-05T04:43:54.300791Z,KXBNB15M-26OCT050045-45,0.7500,1.00,no
2026-10-05T04:43:54.310815Z,KXBNB15M-26OCT050045-45,0.7700,1.21,yes
2026-10-05T04:43:54.326305Z,KXBNB15M-26OCT050045-45,0.7700,15.79,yes
2026-10-05T04:43:54.461366Z,KXBNB15M-26OCT050045-45,0.8200,2.00,yes
2026-10-05T04:43:54.469441Z,KXBNB15M-26OCT050045-45,0.7800,60.00,no
2026-10-05T04:43:54.771467Z,KXBNB15M-26OCT050045-45,0.7800,17.00,yes
2026-10-05T04:43:55.041891Z,KXBNB15M-26OCT050045-45,0.7900,1.00,no
2026-10-05T04:43:55.6803Z,KXBNB15M-26OCT050045-45,0.7900,11.94,no
2026-10-05T04:43:55.773734Z,KXBNB15M-26OCT050045-45,0.8100,17.00,yes
2026-10-05T04:43:55.773734Z,KXBNB15M-26OCT050045-45,0.8200,8.00,yes
2026-10-05T04:43:55.988386Z,KXBNB15M-26OCT050045-45,0.8500,60.00,yes
2026-10-05T04:43:55.988386Z,KXBNB15M-26OCT050045-45,0.8100,17.00,yes
2026-10-05T04:43:55.988386Z,KXBNB15M-26OCT050045-45,0.8100,10.00,yes
2026-10-05T04:43:55.988386Z,KXBNB15M-26OCT050045-45,0.8200,10.00,yes
2026-10-05T04:43:55.988386Z,KXBNB15M-26OCT050045-45,0.8400,20.00,yes
2026-10-05T04:43:55.988386Z,KXBNB15M-26OCT050045-45,0.8700,60.00,yes
2026-10-05T04:43:55.988386Z,KXBNB15M-26OCT050045-45,0.8900,298.98,yes
2026-10-05T04:43:55.988386Z,KXBNB15M-26OCT050045-45,0.8900,60.00,yes
2026-10-05T04:43:55.988386Z,KXBNB15M-26OCT050045-45,0.8900,1.29,yes
2026-10-05T04:43:55.988386Z,KXBNB15M-26OCT050045-45,0.8900,2.00,yes
2026-10-05T04:43:55.988386Z,KXBNB15M-26OCT050045-45,0.8800,1.00,yes
2026-10-05T04:43:56.318811Z,KXBNB15M-26OCT050045-45,0.7900,21.55,no
2026-10-05T04:43:56.363515Z,KXBNB15M-26OCT050045-45,0.8100,17.00,yes
2026-10-05T04:43:56.363515Z,KXBNB15M-26OCT050045-45,0.8100,10.00,yes
2026-10-05T04:43:56.826126Z,KXBNB15M-26OCT050045-45,0.7900,0.04,no
2026-10-05T04:43:57.303617Z,KXBNB15M-26OCT050045-45,0.8100,7.09,yes
2026-10-05T04:43:57.341436Z,KXBNB15M-26OCT050045-45,0.8200,17.00,yes
2026-10-05T04:43:57.341436Z,KXBNB15M-26OCT050045-45,0.8200,10.00,yes
2026-10-05T04:43:57.341436Z,KXBNB15M-26OCT050045-45,0.8100,2.91,yes
2026-10-05T04:43:57.35665Z,KXBNB15M-26OCT050045-45,0.8300,84.00,no
2026-10-05T04:43:57.403262Z,KXBNB15M-26OCT050045-45,0.8300,1.12,no
2026-10-05T04:43:57.437094Z,KXBNB15M-26OCT050045-45,0.8300,99.00,no
2026-10-05T04:43:57.437098Z,KXBNB15M-26OCT050045-45,0.8300,99.00,no
2026-10-05T04:43:57.437332Z,KXBNB15M-26OCT050045-45,0.8300,100.00,no
2026-10-05T04:43:57.437537Z,KXBNB15M-26OCT050045-45,0.8300,87.39,no
2026-10-05T04:43:57.43818Z,KXBNB15M-26OCT050045-45,0.8300,31.99,no
2026-10-05T04:43:57.438593Z,KXBNB15M-26OCT050045-45,0.8300,50.18,no
2026-10-05T04:43:57.439604Z,KXBNB15M-26OCT050045-45,0.8300,86.97,no
2026-10-05T04:43:57.44025Z,KXBNB15M-26OCT050045-45,0.8300,1.00,no
2026-10-05T04:43:57.441435Z,KXBNB15M-26OCT050045-45,0.8300,216.27,no
2026-10-05T04:43:57.442895Z,KXBNB15M-26OCT050045-45,0.8300,11.00,no
2026-10-05T04:43:57.447931Z,KXBNB15M-26OCT050045-45,0.8300,4.00,no
2026-10-05T04:43:57.448229Z,KXBNB15M-26OCT050045-45,0.8300,2.00,no
2026-10-05T04:43:57.448518Z,KXBNB15M-26OCT050045-45,0.8300,72.12,no
2026-10-05T04:43:57.448833Z,KXBNB15M-26OCT050045-45,0.8300,4.00,no
2026-10-05T04:43:57.448944Z,KXBNB15M-26OCT050045-45,0.8300,4.00,no
2026-10-05T04:43:57.44954Z,KXBNB15M-26OCT050045-45,0.8300,16.05,no
2026-10-05T04:43:57.449564Z,KXBNB15M-26OCT050045-45,0.7600,8.00,no
2026-10-05T04:43:57.449652Z,KXBNB15M-26OCT050045-45,0.7600,3.00,no
2026-10-05T04:43:57.502578Z,KXBNB15M-26OCT050045-45,0.7600,8.22,yes
2026-10-05T04:43:57.604327Z,KXBNB15M-26OCT050045-45,0.8000,6.00,yes
2026-10-05T04:43:57.604327Z,KXBNB15M-26OCT050045-45,0.8000,18.19,yes
2026-10-05T04:43:57.613153Z,KXBNB15M-26OCT050045-45,0.7500,7.00,no
2026-10-05T04:43:57.613444Z,KXBNB15M-26OCT050045-45,0.7500,6.00,no
2026-10-05T04:43:57.613523Z,KXBNB15M-26OCT050045-45,0.7500,37.00,no
2026-10-05T04:43:57.613523Z,KXBNB15M-26OCT050045-45,0.7400,24.00,no
2026-10-05T04:43:57.791479Z,KXBNB15M-26OCT050045-45,0.7000,22.00,no
2026-10-05T04:43:58.025523Z,KXBNB15M-26OCT050045-45,0.8000,25.00,yes
2026-10-05T04:43:58.025523Z,KXBNB15M-26OCT050045-45,0.8400,130.00,yes
2026-10-05T04:43:58.025523Z,KXBNB15M-26OCT050045-45,0.7300,5.00,yes
2026-10-05T04:43:58.025523Z,KXBNB15M-26OCT050045-45,0.8100,60.00,yes
2026-10-05T04:43:58.025523Z,KXBNB15M-26OCT050045-45,0.8400,60.00,yes
2026-10-05T04:43:58.072857Z,KXBNB15M-26OCT050045-45,0.8100,2.44,yes
2026-10-05T04:43:58.157151Z,KXBNB15M-26OCT050045-45,0.7400,0.37,no
2026-10-05T04:43:58.895895Z,KXBNB15M-26OCT050045-45,0.8100,18.57,yes
2026-10-05T04:43:58.895895Z,KXBNB15M-26OCT050045-45,0.8100,7.56,yes
2026-10-05T04:43:58.900824Z,KXBNB15M-26OCT050045-45,0.8100,17.68,yes
2026-10-05T04:43:58.928517Z,KXBNB15M-26OCT050045-45,0.8300,11.00,yes
2026-10-05T04:43:59.008833Z,KXBNB15M-26OCT050045-45,0.8700,13.00,yes
2026-10-05T04:43:59.017798Z,KXBNB15M-26OCT050045-45,0.7200,60.00,no
2026-10-05T04:43:59.017798Z,KXBNB15M-26OCT050045-45,0.8500,27.00,no
2026-10-05T04:43:59.017798Z,KXBNB15M-26OCT050045-45,0.8000,60.00,no
2026-10-05T04:43:59.017798Z,KXBNB15M-26OCT050045-45,0.7800,60.00,no
2026-10-05T04:43:59.017798Z,KXBNB15M-26OCT050045-45,0.8200,60.00,no
2026-10-05T04:43:59.017798Z,KXBNB15M-26OCT050045-45,0.8600,60.00,no
2026-10-05T04:43:59.017798Z,KXBNB15M-26OCT050045-45,0.7400,59.63,no
2026-10-05T04:43:59.017798Z,KXBNB15M-26OCT050045-45,0.8400,60.00,no
2026-10-05T04:43:59.017798Z,KXBNB15M-26OCT050045-45,0.7600,60.00,no
2026-10-05T04:43:59.017798Z,KXBNB15M-26OCT050045-45,0.7000,38.00,no
2026-10-05T04:43:59.107161Z,KXBNB15M-26OCT050045-45,0.8400,5.00,no
2026-10-05T04:43:59.11322Z,KXBNB15M-26OCT050045-45,0.8400,5.00,no
2026-10-05T04:43:59.289437Z,KXBNB15M-26OCT050045-45,0.9060,9.66,yes
2026-10-05T04:43:59.289437Z,KXBNB15M-26OCT050045-45,0.8900,15.00,yes
2026-10-05T04:43:59.394569Z,KXBNB15M-26OCT050045-45,0.9060,1.00,yes
2026-10-05T04:43:59.394569Z,KXBNB15M-26OCT050045-45,0.9050,1.00,yes
2026-10-05T04:43:59.410546Z,KXBNB15M-26OCT050045-45,0.8200,60.00,no
2026-10-05T04:43:59.410546Z,KXBNB15M-26OCT050045-45,0.8200,6.00,no
2026-10-05T04:43:59.713793Z,KXBNB15M-26OCT050045-45,0.8100,2.23,yes
2026-10-05T04:43:59.9469Z,KXBNB15M-26OCT050045-45,0.8000,23.67,no
2026-10-05T04:43:59.952665Z,KXBNB15M-26OCT050045-45,0.8200,10.00,yes
2026-10-05T04:43:59.952665Z,KXBNB15M-26OCT050045-45,0.8100,29.77,yes
2026-10-05T04:43:59.972659Z,KXBNB15M-26OCT050045-45,0.8100,10.00,yes
2026-10-05T04:43:59.979235Z,KXBNB15M-26OCT050045-45,0.8300,2.18,yes
2026-10-05T04:44:00.035148Z,KXBNB15M-26OCT050045-45,0.8100,24.00,no
2026-10-05T04:44:00.035148Z,KXBNB15M-26OCT050045-45,0.7800,55.46,no
2026-10-05T04:44:00.035148Z,KXBNB15M-26OCT050045-45,0.8200,60.00,no
2026-10-05T04:44:00.035148Z,KXBNB15M-26OCT050045-45,0.8000,36.33,no
2026-10-05T04:44:00.07536Z,KXBNB15M-26OCT050045-45,0.8300,8.82,yes
2026-10-05T04:44:00.07536Z,KXBNB15M-26OCT050045-45,0.8300,17.00,yes
2026-10-05T04:44:00.08888Z,KXBNB15M-26OCT050045-45,0.8200,17.00,no
2026-10-05T04:44:00.108595Z,KXBNB15M-26OCT050045-45,0.9170,12.00,yes
2026-10-05T04:44:00.108595Z,KXBNB15M-26OCT050045-45,0.8800,17.00,yes
2026-10-05T04:44:00.108595Z,KXBNB15M-26OCT050045-45,0.9190,63.00,yes
2026-10-05T04:44:00.108595Z,KXBNB15M-26OCT050045-45,0.8800,6.00,yes
2026-10-05T04:44:00.108595Z,KXBNB15M-26OCT050045-45,0.9180,1.00,yes
2026-10-05T04:44:00.109533Z,KXBNB15M-26OCT050045-45,0.9190,9.00,yes
2026-10-05T04:44:00.11013Z,KXBNB15M-26OCT050045-45,0.9190,3.00,yes
2026-10-05T04:44:00.286723Z,KXBNB15M-26OCT050045-45,0.8800,1.32,no
2026-10-05T04:44:00.504267Z,KXBNB15M-26OCT050045-45,0.8800,40.52,no
2026-10-05T04:44:00.50474Z,KXBNB15M-26OCT050045-45,0.8800,27.02,no
2026-10-05T04:44:00.509941Z,KXBNB15M-26OCT050045-45,0.8800,15.14,no
2026-10-05T04:44:00.640126Z,KXBNB15M-26OCT050045-45,0.8800,23.00,yes
2026-10-05T04:44:00.640126Z,KXBNB15M-26OCT050045-45,0.8500,60.00,yes
2026-10-05T04:44:00.640126Z,KXBNB15M-26OCT050045-45,0.8700,60.00,yes
2026-10-05T04:44:00.640126Z,KXBNB15M-26OCT050045-45,0.8800,2.00,yes
2026-10-05T04:44:00.776848Z,KXBNB15M-26OCT050045-45,0.8100,22.00,no
2026-10-05T04:44:01.192111Z,KXBNB15M-26OCT050045-45,0.8200,21.00,yes
2026-10-05T04:44:01.192111Z,KXBNB15M-26OCT050045-45,0.8300,60.00,yes
2026-10-05T04:44:01.192111Z,KXBNB15M-26OCT050045-45,0.8500,60.00,yes
2026-10-05T04:44:01.192111Z,KXBNB15M-26OCT050045-45,0.8200,17.00,yes
2026-10-05T04:44:01.350318Z,KXBNB15M-26OCT050045-45,0.8100,60.00,yes
2026-10-05T04:44:01.350318Z,KXBNB15M-26OCT050045-45,0.8300,10.41,yes
2026-10-05T04:44:01.350318Z,KXBNB15M-26OCT050045-45,0.8200,21.00,yes
2026-10-05T04:44:01.46271Z,KXBNB15M-26OCT050045-45,0.8300,10.29,yes
2026-10-05T04:44:01.670799Z,KXBNB15M-26OCT050045-45,0.8500,4.59,yes
2026-10-05T04:44:01.798052Z,KXBNB15M-26OCT050045-45,0.8500,1.14,yes
2026-10-05T04:44:01.860643Z,KXBNB15M-26OCT050045-45,0.8700,24.66,yes
2026-10-05T04:44:01.860643Z,KXBNB15M-26OCT050045-45,0.8500,54.27,yes
2026-10-05T04:44:01.860643Z,KXBNB15M-26OCT050045-45,0.8600,6.00,yes
2026-10-05T04:44:02.064272Z,KXBNB15M-26OCT050045-45,0.7600,25.00,no
2026-10-05T04:44:02.064272Z,KXBNB15M-26OCT050045-45,0.7600,6.00,no
2026-10-05T04:44:02.064272Z,KXBNB15M-26OCT050045-45,0.7700,60.00,no
2026-10-05T04:44:02.064272Z,KXBNB15M-26OCT050045-45,0.7500,6.00,no
2026-10-05T04:44:02.192953Z,KXBNB15M-26OCT050045-45,0.7700,3.80,no
2026-10-05T04:44:02.276914Z,KXBNB15M-26OCT050045-45,0.7700,3.80,no
2026-10-05T04:44:02.965609Z,KXBNB15M-26OCT050045-45,0.8400,17.49,yes
2026-10-05T04:44:02.966001Z,KXBNB15M-26OCT050045-45,0.8400,3.96,yes
2026-10-05T04:44:02.966001Z,KXBNB15M-26OCT050045-45,0.8400,2.51,yes
2026-10-05T04:44:03.014044Z,KXBNB15M-26OCT050045-45,0.8500,5.64,yes
2026-10-05T04:44:03.103454Z,KXBNB15M-26OCT050045-45,0.7600,0.73,no
2026-10-05T04:44:03.530006Z,KXBNB15M-26OCT050045-45,0.8000,60.00,no
2026-10-05T04:44:03.530006Z,KXBNB15M-26OCT050045-45,0.8200,60.00,no
2026-10-05T04:44:03.530006Z,KXBNB15M-26OCT050045-45,0.7800,54.39,no
2026-10-05T04:44:03.530006Z,KXBNB15M-26OCT050045-45,0.7900,23.00,no
2026-10-05T04:44:03.537273Z,KXBNB15M-26OCT050045-45,0.8400,60.00,no
2026-10-05T04:44:03.811994Z,KXBNB15M-26OCT050045-45,0.8500,17.00,yes
2026-10-05T04:44:03.842532Z,KXBNB15M-26OCT050045-45,0.8100,0.81,no
2026-10-05T04:44:03.842532Z,KXBNB15M-26OCT050045-45,0.8500,58.00,no
2026-10-05T04:44:04.09036Z,KXBNB15M-26OCT050045-45,0.8900,18.63,yes
2026-10-05T04:44:04.770694Z,KXBNB15M-26OCT050045-45,0.8400,1.00,yes
2026-10-05T04:44:04.925289Z,KXBNB15M-26OCT050045-45,0.8900,574.02,yes
2026-10-05T04:44:04.925289Z,KXBNB15M-26OCT050045-45,0.8400,16.00,yes
2026-10-05T04:44:04.925289Z,KXBNB15M-26OCT050045-45,0.9070,60.00,yes
2026-10-05T04:44:04.925289Z,KXBNB15M-26OCT050045-45,0.8800,23.00,yes
2026-10-05T04:44:04.925289Z,KXBNB15M-26OCT050045-45,0.9190,429.00,yes
2026-10-05T04:44:05.01206Z,KXBNB15M-26OCT050045-45,0.8600,17.00,yes
2026-10-05T04:44:05.1307Z,KXBNB15M-26OCT050045-45,0.8800,24.00,no
2026-10-05T04:44:05.1307Z,KXBNB15M-26OCT050045-45,0.8900,60.00,no
2026-10-05T04:44:05.140886Z,KXBNB15M-26OCT050045-45,0.9000,1.00,yes
2026-10-05T04:44:05.284941Z,KXBNB15M-26OCT050045-45,0.8500,3.88,no
2026-10-05T04:44:05.651108Z,KXBNB15M-26OCT050045-45,0.8500,3.00,no
2026-10-05T04:44:05.651108Z,KXBNB15M-26OCT050045-45,0.8500,2.14,no
2026-10-05T04:44:05.651108Z,KXBNB15M-26OCT050045-45,0.8500,1.12,no
2026-10-05T04:44:05.785567Z,KXBNB15M-26OCT050045-45,0.8300,83.83,no
2026-10-05T04:44:05.786182Z,KXBNB15M-26OCT050045-45,0.8300,0.01,no
2026-10-05T04:44:05.786182Z,KXBNB15M-26OCT050045-45,0.8300,81.47,no
2026-10-05T04:44:05.790739Z,KXBNB15M-26OCT050045-45,0.7900,4.10,no
2026-10-05T04:44:06.367147Z,KXBNB15M-26OCT050045-45,0.8400,7.00,yes
2026-10-05T04:44:06.367147Z,KXBNB15M-26OCT050045-45,0.8400,20.00,yes
2026-10-05T04:44:06.368644Z,KXBNB15M-26OCT050045-45,0.9300,14.09,yes
2026-10-05T04:44:06.368644Z,KXBNB15M-26OCT050045-45,0.9300,1.00,yes
2026-10-05T04:44:06.368686Z,KXBNB15M-26OCT050045-45,0.9480,87.81,yes
2026-10-05T04:44:06.368686Z,KXBNB15M-26OCT050045-45,0.9400,24.19,yes
2026-10-05T04:44:06.368686Z,KXBNB15M-26OCT050045-45,0.9400,1.00,yes
2026-10-05T04:44:06.369661Z,KXBNB15M-26OCT050045-45,0.9480,98.79,yes
2026-10-05T04:44:06.370266Z,KXBNB15M-26OCT050045-45,0.9480,196.48,yes
2026-10-05T04:44:06.375296Z,KXBNB15M-26OCT050045-45,0.9480,89.73,yes
2026-10-05T04:44:06.375972Z,KXBNB15M-26OCT050045-45,0.9480,164.91,yes
2026-10-05T04:44:06.377816Z,KXBNB15M-26OCT050045-45,0.9500,1.00,yes
2026-10-05T04:44:06.377816Z,KXBNB15M-26OCT050045-45,0.9500,1.00,yes
2026-10-05T04:44:06.377816Z,KXBNB15M-26OCT050045-45,0.9500,6.00,yes
2026-10-05T04:44:06.377816Z,KXBNB15M-26OCT050045-45,0.9500,3.00,yes
2026-10-05T04:44:06.377816Z,KXBNB15M-26OCT050045-45,0.9500,6.00,yes
2026-10-05T04:44:06.377816Z,KXBNB15M-26OCT050045-45,0.9590,67.00,yes
2026-10-05T04:44:06.421612Z,KXBNB15M-26OCT050045-45,0.9700,10.00,yes
2026-10-05T04:44:06.421612Z,KXBNB15M-26OCT050045-45,0.9700,1.00,yes
2026-10-05T04:44:06.421612Z,KXBNB15M-26OCT050045-45,0.9700,12.00,yes
2026-10-05T04:44:06.421612Z,KXBNB15M-26OCT050045-45,0.9700,12.00,yes
2026-10-05T04:44:06.421612Z,KXBNB15M-26OCT050045-45,0.9690,1.00,yes
2026-10-05T04:44:06.458343Z,KXBNB15M-26OCT050045-45,0.9700,0.01,yes
2026-10-05T04:44:06.494555Z,KXBNB15M-26OCT050045-45,0.9790,5.00,yes
2026-10-05T04:44:06.494555Z,KXBNB15M-26OCT050045-45,0.9790,1.00,yes
2026-10-05T04:44:06.494555Z,KXBNB15M-26OCT050045-45,0.9780,2.00,yes
2026-10-05T04:44:06.494555Z,KXBNB15M-26OCT050045-45,0.9750,2.00,yes
2026-10-05T04:44:06.622735Z,KXBNB15M-26OCT050045-45,0.9800,1.00,yes
2026-10-05T04:44:06.821352Z,KXBNB15M-26OCT050045-45,0.9800,10.00,yes
2026-10-05T04:44:06.821352Z,KXBNB15M-26OCT050045-45,0.9800,5.00,yes
2026-10-05T04:44:06.887072Z,KXBNB15M-26OCT050045-45,0.9800,5.06,yes
2026-10-05T04:44:06.916735Z,KXBNB15M-26OCT050045-45,0.9800,6.00,yes
2026-10-05T04:44:06.916774Z,KXBNB15M-26OCT050045-45,0.9800,2.00,yes
2026-10-05T04:44:06.916867Z,KXBNB15M-26OCT050045-45,0.9800,19.00,yes
2026-10-05T04:44:06.916867Z,KXBNB15M-26OCT050045-45,0.9800,50.00,yes
2026-10-05T04:44:06.916867Z,KXBNB15M-26OCT050045-45,0.9800,1.00,yes
2026-10-05T04:44:06.916867Z,KXBNB15M-26OCT050045-45,0.9800,1.94,yes
2026-10-05T04:44:06.916867Z,KXBNB15M-26OCT050045-45,0.9810,20.00,yes
2026-10-05T04:44:06.916867Z,KXBNB15M-26OCT050045-45,0.9820,8.06,yes
2026-10-05T04:44:06.916884Z,KXBNB15M-26OCT050045-45,0.9820,11.94,yes
2026-10-05T04:44:06.923016Z,KXBNB15M-26OCT050045-45,0.9830,20.00,yes
2026-10-05T04:44:06.938569Z,KXBNB15M-26OCT050045-45,0.9840,18.00,yes
2026-10-05T04:44:06.938569Z,KXBNB15M-26OCT050045-45,0.9840,20.00,yes
2026-10-05T04:44:06.938569Z,KXBNB15M-26OCT050045-45,0.9850,20.00,yes
2026-10-05T04:44:06.943307Z,KXBNB15M-26OCT050045-45,0.9850,1.00,yes
2026-10-05T04:44:06.943307Z,KXBNB15M-26OCT050045-45,0.9860,20.00,yes
2026-10-05T04:44:07.016446Z,KXBNB15M-26OCT050045-45,0.9870,1.01,yes
2026-10-05T04:44:07.069781Z,KXBNB15M-26OCT050045-45,0.9870,18.99,yes
2026-10-05T04:44:07.101844Z,KXBNB15M-26OCT050045-45,0.9870,1.99,no
2026-10-05T04:44:07.101844Z,KXBNB15M-26OCT050045-45,0.9870,0.01,no
2026-10-05T04:44:07.139065Z,KXBNB15M-26OCT050045-45,0.9880,2.00,yes
2026-10-05T04:44:07.19275Z,KXBNB15M-26OCT050045-45,0.9880,1.36,yes
2026-10-05T04:44:07.255318Z,KXBNB15M-26OCT050045-45,0.9890,3.36,yes
2026-10-05T04:44:07.255318Z,KXBNB15M-26OCT050045-45,0.9880,16.64,yes
2026-10-05T04:44:07.255678Z,KXBNB15M-26OCT050045-45,0.9900,13.22,yes
2026-10-05T04:44:07.255678Z,KXBNB15M-26OCT050045-45,0.9900,0.37,yes
2026-10-05T04:44:07.255678Z,KXBNB15M-26OCT050045-45,0.9900,1.19,yes
2026-10-05T04:44:07.255678Z,KXBNB15M-26OCT050045-45,0.9900,3.72,yes
2026-10-05T04:44:07.255678Z,KXBNB15M-26OCT050045-45,0.9900,0.86,yes
2026-10-05T04:44:07.255678Z,KXBNB15M-26OCT050045-45,0.9900,3.00,yes
2026-10-05T04:44:07.255678Z,KXBNB15M-26OCT050045-45,0.9890,1.00,yes
2026-10-05T04:44:07.255678Z,KXBNB15M-26OCT050045-45,0.9900,25.00,yes
2026-10-05T04:44:07.255678Z,KXBNB15M-26OCT050045-45,0.9890,1.00,yes
2026-10-05T04:44:07.255678Z,KXBNB15M-26OCT050045-45,0.9900,1.00,yes
2026-10-05T04:44:07.255678Z,KXBNB15M-26OCT050045-45,0.9890,16.64,yes
2026-10-05T04:44:07.255678Z,KXBNB15M-26OCT050045-45,0.9900,20.00,yes
2026-10-05T04:44:07.255678Z,KXBNB15M-26OCT050045-45,0.9890,1.00,yes
2026-10-05T04:44:07.259394Z,KXBNB15M-26OCT050045-45,0.9900,6.78,yes
2026-10-05T04:44:07.301791Z,KXBNB15M-26OCT050045-45,0.9910,2.00,yes
2026-10-05T04:44:07.301791Z,KXBNB15M-26OCT050045-45,0.9920,18.95,yes
2026-10-05T04:44:07.301791Z,KXBNB15M-26OCT050045-45,0.9910,20.00,yes
2026-10-05T04:44:07.482069Z,KXBNB15M-26OCT050045-45,0.9900,2.00,no
2026-10-05T04:44:07.482069Z,KXBNB15M-26OCT050045-45,0.9900,6.50,no
2026-10-05T04:44:07.482069Z,KXBNB15M-26OCT050045-45,0.9910,2.00,no
2026-10-05T04:44:07.482069Z,KXBNB15M-26OCT050045-45,0.9910,18.95,no
2026-10-05T04:44:07.482069Z,KXBNB15M-26OCT050045-45,0.9900,10.00,no
2026-10-05T04:44:07.686651Z,KXBNB15M-26OCT050045-45,0.9900,10.89,no
2026-10-05T04:44:07.789353Z,KXBNB15M-26OCT050045-45,0.9900,1.13,no
2026-10-05T04:44:07.789353Z,KXBNB15M-26OCT050045-45,0.9900,2.61,no
2026-10-05T04:44:07.8376Z,KXBNB15M-26OCT050045-45,0.9920,1.95,yes
2026-10-05T04:44:07.8376Z,KXBNB15M-26OCT050045-45,0.9920,1.05,yes
2026-10-05T04:44:08.00176Z,KXBNB15M-26OCT050045-45,0.9920,1.36,yes
2026-10-05T04:44:08.039654Z,KXBNB15M-26OCT050045-45,0.9900,8.87,no
2026-10-05T04:44:08.039654Z,KXBNB15M-26OCT050045-45,0.9910,2.00,no
2026-10-05T04:44:08.039654Z,KXBNB15M-26OCT050045-45,0.9910,1.05,no
2026-10-05T04:44:08.039654Z,KXBNB15M-26OCT050045-45,0.9900,1.17,no
2026-10-05T04:44:08.051816Z,KXBNB15M-26OCT050045-45,0.9900,1.03,no
2026-10-05T04:44:08.051816Z,KXBNB15M-26OCT050045-45,0.9890,5.03,no
2026-10-05T04:44:08.051816Z,KXBNB15M-26OCT050045-45,0.9900,8.83,no
2026-10-05T04:44:08.051816Z,KXBNB15M-26OCT050045-45,0.9900,2.00,no
2026-10-05T04:44:08.051816Z,KXBNB15M-26OCT050045-45,0.9900,5.00,no
2026-10-05T04:44:08.068569Z,KXBNB15M-26OCT050045-45,0.9920,1.00,yes
2026-10-05T04:44:08.093808Z,KXBNB15M-26OCT050045-45,0.9920,2.01,yes
2026-10-05T04:44:08.120915Z,KXBNB15M-26OCT050045-45,0.9920,18.68,yes
2026-10-05T04:44:08.189191Z,KXBNB15M-26OCT050045-45,0.9890,14.97,no
2026-10-05T04:44:08.189191Z,KXBNB15M-26OCT050045-45,0.9880,3.36,no
2026-10-05T04:44:08.189191Z,KXBNB15M-26OCT050045-45,0.9870,19.00,no
2026-10-05T04:44:08.189191Z,KXBNB15M-26OCT050045-45,0.9880,16.64,no
2026-10-05T04:44:08.189191Z,KXBNB15M-26OCT050045-45,0.9870,16.64,no
2026-10-05T04:44:08.189191Z,KXBNB15M-26OCT050045-45,0.9870,1.36,no
2026-10-05T04:44:08.189191Z,KXBNB15M-26OCT050045-45,0.9870,2.00,no
2026-10-05T04:44:08.189191Z,KXBNB15M-26OCT050045-45,0.9860,13.56,no
2026-10-05T04:44:08.189191Z,KXBNB15M-26OCT050045-45,0.9910,2.00,no
2026-10-05T04:44:08.189191Z,KXBNB15M-26OCT050045-45,0.9900,5.00,no
2026-10-05T04:44:08.189191Z,KXBNB15M-26OCT050045-45,0.9900,2.44,no
2026-10-05T04:44:08.203183Z,KXBNB15M-26OCT050045-45,0.9930,1.00,yes
2026-10-05T04:44:08.203183Z,KXBNB15M-26OCT050045-45,0.9950,11.00,yes
2026-10-05T04:44:08.203183Z,KXBNB15M-26OCT050045-45,0.9950,20.00,yes
2026-10-05T04:44:08.203183Z,KXBNB15M-26OCT050045-45,0.9940,20.00,yes
2026-10-05T04:44:08.203183Z,KXBNB15M-26OCT050045-45,0.9930,20.00,yes
2026-10-05T04:44:08.203183Z,KXBNB15M-26OCT050045-45,0.9950,30.00,yes
2026-10-05T04:44:08.272471Z,KXBNB15M-26OCT050045-45,0.9930,7.97,no
2026-10-05T04:44:08.272471Z,KXBNB15M-26OCT050045-45,0.9940,2.00,no
2026-10-05T04:44:08.338948Z,KXBNB15M-26OCT050045-45,0.9960,1.00,yes
2026-10-05T04:44:08.338948Z,KXBNB15M-26OCT050045-45,0.9980,3.00,yes
2026-10-05T04:44:08.338948Z,KXBNB15M-26OCT050045-45,0.9970,2.00,yes
2026-10-05T04:44:08.338948Z,KXBNB15M-26OCT050045-45,0.9980,3.00,yes
2026-10-05T04:44:08.338948Z,KXBNB15M-26OCT050045-45,0.9960,1.00,yes
2026-10-05T04:44:08.338948Z,KXBNB15M-26OCT050045-45,0.9980,3.00,yes
2026-10-05T04:44:08.338948Z,KXBNB15M-26OCT050045-45,0.9960,1.00,yes
2026-10-05T04:44:08.338948Z,KXBNB15M-26OCT050045-45,0.9960,1.00,yes
2026-10-05T04:44:08.338948Z,KXBNB15M-26OCT050045-45,0.9970,2.00,yes
2026-10-05T04:44:08.338948Z,KXBNB15M-26OCT050045-45,0.9960,1.00,yes
2026-10-05T04:44:08.338948Z,KXBNB15M-26OCT050045-45,0.9970,2.00,yes
2026-10-05T04:44:08.338948Z,KXBNB15M-26OCT050045-45,0.9980,26.00,yes
2026-10-05T04:44:08.338948Z,KXBNB15M-26OCT050045-45,0.9990,1.00,yes
2026-10-05T04:44:08.338948Z,KXBNB15M-26OCT050045-45,0.9960,13.00,yes
2026-10-05T04:44:08.338948Z,KXBNB15M-26OCT050045-45,0.9970,18.00,yes
2026-10-05T04:44:08.338948Z,KXBNB15M-26OCT050045-45,0.9970,2.00,yes
2026-10-05T04:44:08.338948Z,KXBNB15M-26OCT050045-45,0.9960,1.00,yes
2026-10-05T04:44:08.338948Z,KXBNB15M-26OCT050045-45,0.9980,3.00,yes
2026-10-05T04:44:08.338948Z,KXBNB15M-26OCT050045-45,0.9970,2.00,yes
2026-10-05T04:44:08.338948Z,KXBNB15M-26OCT050045-45,0.9980,3.00,yes
2026-10-05T04:44:08.338948Z,KXBNB15M-26OCT050045-45,0.9970,20.00,yes
2026-10-05T04:44:08.338948Z,KXBNB15M-26OCT050045-45,0.9960,20.00,yes
2026-10-05T04:44:08.338948Z,KXBNB15M-26OCT050045-45,0.9980,20.00,yes
2026-10-05T04:44:08.338948Z,KXBNB15M-26OCT050045-45,0.9990,20.00,yes
2026-10-05T04:44:08.338948Z,KXBNB15M-26OCT050045-45,0.9990,1.00,yes
2026-10-05T04:44:08.338948Z,KXBNB15M-26OCT050045-45,0.9970,100.00,yes
2026-10-05T04:44:08.338948Z,KXBNB15M-26OCT050045-45,0.9990,1.00,yes
2026-10-05T04:44:08.338948Z,KXBNB15M-26OCT050045-45,0.9990,100.00,yes
2026-10-05T04:44:08.338948Z,KXBNB15M-26OCT050045-45,0.9980,200.00,yes
2026-10-05T04:44:08.644891Z,KXBNB15M-26OCT050045-45,0.9960,1.14,no
2026-10-05T04:44:08.84159Z,KXBNB15M-26OCT050045-45,0.9990,15.00,yes
2026-10-05T04:44:09.116601Z,KXBNB15M-26OCT050045-45,0.9970,2.00,no
2026-10-05T04:44:09.116601Z,KXBNB15M-26OCT050045-45,0.9980,2.00,no
2026-10-05T04:44:09.116601Z,KXBNB15M-26OCT050045-45,0.9980,20.00,no
2026-10-05T04:44:09.116601Z,KXBNB15M-26OCT050045-45,0.9960,56.00,no
2026-10-05T04:44:09.116601Z,KXBNB15M-26OCT050045-45,0.9970,20.00,no
2026-10-05T04:44:09.126611Z,KXBNB15M-26OCT050045-45,0.9960,20.00,no
2026-10-05T04:44:09.126611Z,KXBNB15M-26OCT050045-45,0.9960,42.86,no
2026-10-05T04:44:09.126611Z,KXBNB15M-26OCT050045-45,0.9960,21.14,no
2026-10-05T04:44:09.214811Z,KXBNB15M-26OCT050045-45,0.9950,20.00,no
2026-10-05T04:44:09.214811Z,KXBNB15M-26OCT050045-45,0.9950,14.03,no
2026-10-05T04:44:09.235066Z,KXBNB15M-26OCT050045-45,0.9850,20.00,no
2026-10-05T04:44:09.235066Z,KXBNB15M-26OCT050045-45,0.9860,21.14,no
2026-10-05T04:44:09.235066Z,KXBNB15M-26OCT050045-45,0.9910,0.01,no
2026-10-05T04:44:09.235066Z,KXBNB15M-26OCT050045-45,0.9850,20.00,no
2026-10-05T04:44:09.235066Z,KXBNB15M-26OCT050045-45,0.9810,1.00,no
2026-10-05T04:44:09.235066Z,KXBNB15M-26OCT050045-45,0.9800,20.00,no
2026-10-05T04:44:09.235066Z,KXBNB15M-26OCT050045-45,0.9820,20.00,no
2026-10-05T04:44:09.235066Z,KXBNB15M-26OCT050045-45,0.9840,20.00,no
2026-10-05T04:44:09.235066Z,KXBNB15M-26OCT050045-45,0.9810,8.06,no
2026-10-05T04:44:09.235066Z,KXBNB15M-26OCT050045-45,0.9860,5.43,no
2026-10-05T04:44:09.235066Z,KXBNB15M-26OCT050045-45,0.9810,11.94,no
2026-10-05T04:44:09.235066Z,KXBNB15M-26OCT050045-45,0.9860,1.01,no
2026-10-05T04:44:09.235066Z,KXBNB15M-26OCT050045-45,0.9830,20.00,no
2026-10-05T04:44:09.235066Z,KXBNB15M-26OCT050045-45,0.9800,6.56,no
2026-10-05T04:44:09.235066Z,KXBNB15M-26OCT050045-45,0.9950,200.97,no
2026-10-05T04:44:09.235066Z,KXBNB15M-26OCT050045-45,0.9900,2.44,no
2026-10-05T04:44:09.235066Z,KXBNB15M-26OCT050045-45,0.9900,15.00,no
2026-10-05T04:44:09.235066Z,KXBNB15M-26OCT050045-45,0.9920,20.00,no
2026-10-05T04:44:09.235066Z,KXBNB15M-26OCT050045-45,0.9900,25.00,no
2026-10-05T04:44:09.235066Z,KXBNB15M-26OCT050045-45,0.9940,20.00,no
2026-10-05T04:44:09.235066Z,KXBNB15M-26OCT050045-45,0.9820,22.00,no
2026-10-05T04:44:09.235066Z,KXBNB15M-26OCT050045-45,0.9860,9.86,no
2026-10-05T04:44:09.235066Z,KXBNB15M-26OCT050045-45,0.9820,30.00,no
2026-10-05T04:44:09.235066Z,KXBNB15M-26OCT050045-45,0.9900,10.00,no
2026-10-05T04:44:09.235066Z,KXBNB15M-26OCT050045-45,0.9830,16.00,no
2026-10-05T04:44:09.235066Z,KXBNB15M-26OCT050045-45,0.9930,12.03,no
2026-10-05T04:44:09.235066Z,KXBNB15M-26OCT050045-45,0.9850,110.00,no
2026-10-05T04:44:09.49132Z,KXBNB15M-26OCT050045-45,0.9910,2.00,no
2026-10-05T04:44:09.49132Z,KXBNB15M-26OCT050045-45,0.9850,40.00,no
2026-10-05T04:44:09.49132Z,KXBNB15M-26OCT050045-45,0.9900,0.01,no
2026-10-05T04:44:09.49132Z,KXBNB15M-26OCT050045-45,0.9800,20.00,no
2026-10-05T04:44:09.49132Z,KXBNB15M-26OCT050045-45,0.9920,2.00,no
2026-10-05T04:44:09.49132Z,KXBNB15M-26OCT050045-45,0.9920,1.00,no
2026-10-05T04:44:09.49132Z,KXBNB15M-26OCT050045-45,0.9860,31.00,no
2026-10-05T04:44:09.49132Z,KXBNB15M-26OCT050045-45,0.9790,1.94,no
2026-10-05T04:44:09.49132Z,KXBNB15M-26OCT050045-45,0.9790,2.00,no
2026-10-05T04:44:09.49132Z,KXBNB15M-26OCT050045-45,0.9790,5.00,no
2026-10-05T04:44:09.49132Z,KXBNB15M-26OCT050045-45,0.9790,6.00,no
2026-10-05T04:44:09.49132Z,KXBNB15M-26OCT050045-45,0.9800,84.00,no
2026-10-05T04:44:09.49132Z,KXBNB15M-26OCT050045-45,0.9790,5.06,no
2026-10-05T04:44:09.49132Z,KXBNB15M-26OCT050045-45,0.9750,15.55,no
2026-10-05T04:44:09.49132Z,KXBNB15M-26OCT050045-45,0.9800,15.00,no
2026-10-05T04:44:09.49132Z,KXBNB15M-26OCT050045-45,0.9790,10.00,no
2026-10-05T04:44:09.49132Z,KXBNB15M-26OCT050045-45,0.9800,55.44,no
2026-10-05T04:44:09.49132Z,KXBNB15M-26OCT050045-45,0.9790,4.00,no
2026-10-05T04:44:09.66251Z,KXBNB15M-26OCT050045-45,0.9980,2.00,no
2026-10-05T04:44:09.66251Z,KXBNB15M-26OCT050045-45,0.9970,0.81,no
2026-10-05T04:44:09.853963Z,KXBNB15M-26OCT050045-45,0.9920,76.81,no
2026-10-05T04:44:09.853963Z,KXBNB15M-26OCT050045-45,0.9970,1.19,no
2026-10-05T04:44:09.853963Z,KXBNB15M-26OCT050045-45,0.9960,2.00,no
2026-10-05T04:44:09.935622Z,KXBNB15M-26OCT050045-45,0.9920,10.29,no
2026-10-05T04:44:10.181021Z,KXBNB15M-26OCT050045-45,0.9920,12.90,no
2026-10-05T04:44:10.181021Z,KXBNB15M-26OCT050045-45,0.9980,2.00,no
2026-10-05T04:44:10.181021Z,KXBNB15M-26OCT050045-45,0.9920,30.10,no
2026-10-05T04:44:10.181021Z,KXBNB15M-26OCT050045-45,0.9980,1.00,no
2026-10-05T04:44:10.181021Z,KXBNB15M-26OCT050045-45,0.9980,2.00,no
2026-10-05T04:44:10.181021Z,KXBNB15M-26OCT050045-45,0.9970,2.00,no
2026-10-05T04:44:10.183224Z,KXBNB15M-26OCT050045-45,0.9920,18.49,no
2026-10-05T04:44:10.277737Z,KXBNB15M-26OCT050045-45,0.9930,59.00,no
2026-10-05T04:44:10.277737Z,KXBNB15M-26OCT050045-45,0.9940,2.00,no
2026-10-05T04:44:10.277737Z,KXBNB15M-26OCT050045-45,0.9920,16.34,no
2026-10-05T04:44:10.277737Z,KXBNB15M-26OCT050045-45,0.9950,2.00,no
2026-10-05T04:44:10.277737Z,KXBNB15M-26OCT050045-45,0.9950,3.00,no
2026-10-05T04:44:10.277737Z,KXBNB15M-26OCT050045-45,0.9920,51.41,no
2026-10-05T04:44:10.277737Z,KXBNB15M-26OCT050045-45,0.9950,1.00,no
2026-10-05T04:44:10.407666Z,KXBNB15M-26OCT050045-45,0.9920,15.00,no
2026-10-05T04:44:10.789548Z,KXBNB15M-26OCT050045-45,0.9920,0.74,no
2026-10-05T04:44:10.943436Z,KXBNB15M-26OCT050045-45,0.9920,64.92,no
2026-10-05T04:44:10.943436Z,KXBNB15M-26OCT050045-45,0.9920,164.17,no
2026-10-05T04:44:10.974717Z,KXBNB15M-26OCT050045-45,0.9920,23.47,no
2026-10-05T04:44:10.999848Z,KXBNB15M-26OCT050045-45,0.9920,12.36,no
2026-10-05T04:44:10.999848Z,KXBNB15M-26OCT050045-45,0.9920,12.35,no
2026-10-05T04:44:11.10043Z,KXBNB15M-26OCT050045-45,0.9920,2.75,no
2026-10-05T04:44:11.236956Z,KXBNB15M-26OCT050045-45,0.9920,1.64,no
2026-10-05T04:44:11.321677Z,KXBNB15M-26OCT050045-45,0.9920,16.64,no
2026-10-05T04:44:11.407111Z,KXBNB15M-26OCT050045-45,0.9950,49.51,yes
2026-10-05T04:44:11.889819Z,KXBNB15M-26OCT050045-45,0.9920,52.24,no
2026-10-05T04:44:11.889819Z,KXBNB15M-26OCT050045-45,0.9920,6.62,no
2026-10-05T04:44:12.104009Z,KXBNB15M-26OCT050045-45,0.9920,34.04,no
2026-10-05T04:44:12.131203Z,KXBNB15M-26OCT050045-45,0.9950,100.50,yes
2026-10-05T04:44:12.155997Z,KXBNB15M-26OCT050045-45,0.9920,3.72,no
2026-10-05T04:44:12.155997Z,KXBNB15M-26OCT050045-45,0.9900,15.13,no
2026-10-05T04:44:12.206167Z,KXBNB15M-26OCT050045-45,0.9870,2.00,no
2026-10-05T04:44:12.206167Z,KXBNB15M-26OCT050045-45,0.9860,2.00,no
2026-10-05T04:44:12.206167Z,KXBNB15M-26OCT050045-45,0.9900,20.00,no
2026-10-05T04:44:12.206167Z,KXBNB15M-26OCT050045-45,0.9810,41.00,no
2026-10-05T04:44:12.206167Z,KXBNB15M-26OCT050045-45,0.9900,4.87,no
2026-10-05T04:44:12.206167Z,KXBNB15M-26OCT050045-45,0.9860,4.00,no
2026-10-05T04:44:12.388914Z,KXBNB15M-26OCT050045-45,0.9810,21.88,no
2026-10-05T04:44:12.388914Z,KXBNB15M-26OCT050045-45,0.9830,2.00,no
2026-10-05T04:44:12.388914Z,KXBNB15M-26OCT050045-45,0.9840,2.00,no
2026-10-05T04:44:12.989972Z,KXBNB15M-26OCT050045-45,0.9820,2.00,no
2026-10-05T04:44:12.989972Z,KXBNB15M-26OCT050045-45,0.9820,21.67,no
2026-10-05T04:44:13.015446Z,KXBNB15M-26OCT050045-45,0.9900,2.00,yes
2026-10-05T04:44:13.46872Z,KXBNB15M-26OCT050045-45,0.9900,1.00,no
2026-10-05T04:44:13.474163Z,KXBNB15M-26OCT050045-45,0.9920,2.00,yes
2026-10-05T04:44:13.474163Z,KXBNB15M-26OCT050045-45,0.9930,2.00,yes
2026-10-05T04:44:13.474163Z,KXBNB15M-26OCT050045-45,0.9950,23.26,yes
2026-10-05T04:44:13.474163Z,KXBNB15M-26OCT050045-45,0.9940,24.00,yes
2026-10-05T04:44:13.641421Z,KXBNB15M-26OCT050045-45,0.9900,5.00,no
2026-10-05T04:44:13.666084Z,KXBNB15M-26OCT050045-45,0.9900,1.04,no
2026-10-05T04:44:13.770343Z,KXBNB15M-26OCT050045-45,0.9860,1.60,no
2026-10-05T04:44:13.770343Z,KXBNB15M-26OCT050045-45,0.9900,10.96,no
2026-10-05T04:44:14.126158Z,KXBNB15M-26OCT050045-45,0.9650,60.00,no
2026-10-05T04:44:14.126158Z,KXBNB15M-26OCT050045-45,0.9690,5.00,no
2026-10-05T04:44:14.126158Z,KXBNB15M-26OCT050045-45,0.9800,84.00,no
2026-10-05T04:44:14.126158Z,KXBNB15M-26OCT050045-45,0.9560,0.69,no
2026-10-05T04:44:14.126158Z,KXBNB15M-26OCT050045-45,0.9860,0.40,no
2026-10-05T04:44:14.126158Z,KXBNB15M-26OCT050045-45,0.9850,2.00,no
2026-10-05T04:44:14.126158Z,KXBNB15M-26OCT050045-45,0.9850,20.00,no
2026-10-05T04:44:14.126158Z,KXBNB15M-26OCT050045-45,0.9820,0.01,no
2026-10-05T04:44:14.126158Z,KXBNB15M-26OCT050045-45,0.9810,41.00,no
2026-10-05T04:44:14.126158Z,KXBNB15M-26OCT050045-45,0.9700,0.58,no
2026-10-05T04:44:14.126158Z,KXBNB15M-26OCT050045-45,0.9600,5.00,no
2026-10-05T04:44:14.734251Z,KXBNB15M-26OCT050045-45,0.9840,2.00,no
2026-10-05T04:44:14.734251Z,KXBNB15M-26OCT050045-45,0.9900,0.01,no
2026-10-05T04:44:14.734251Z,KXBNB15M-26OCT050045-45,0.9900,10.00,no
2026-10-05T04:44:14.734251Z,KXBNB15M-26OCT050045-45,0.9850,2.00,no
2026-10-05T04:44:14.993584Z,KXBNB15M-26OCT050045-45,0.9930,2.00,yes
2026-10-05T04:44:14.993584Z,KXBNB15M-26OCT050045-45,0.9940,3.17,yes
2026-10-05T04:44:14.993584Z,KXBNB15M-26OCT050045-45,0.9920,2.00,yes
2026-10-05T04:44:15.394176Z,KXBNB15M-26OCT050045-45,0.9860,2.00,no
2026-10-05T04:44:15.394176Z,KXBNB15M-26OCT050045-45,0.9850,2.00,no
2026-10-05T04:44:15.394176Z,KXBNB15M-26OCT050045-45,0.9840,20.00,no
2026-10-05T04:44:15.565408Z,KXBNB15M-26OCT050045-45,0.9930,1.00,yes
2026-10-05T04:44:16.376213Z,KXBNB15M-26OCT050045-45,0.9910,88.00,no
2026-10-05T04:44:16.376213Z,KXBNB15M-26OCT050045-45,0.9900,50.00,no
2026-10-05T04:44:16.42769Z,KXBNB15M-26OCT050045-45,0.9790,10.00,no
2026-10-05T04:44:16.42769Z,KXBNB15M-26OCT050045-45,0.9800,1.04,no
2026-10-05T04:44:16.42769Z,KXBNB15M-26OCT050045-45,0.9760,5.30,no
2026-10-05T04:44:16.42769Z,KXBNB15M-26OCT050045-45,0.9850,2.00,no
2026-10-05T04:44:16.42769Z,KXBNB15M-26OCT050045-45,0.9840,20.00,no
2026-10-05T04:44:16.42769Z,KXBNB15M-26OCT050045-45,0.9900,5.00,no
2026-10-05T04:44:16.748749Z,KXBNB15M-26OCT050045-45,0.9920,2.00,yes
2026-10-05T04:44:17.124629Z,KXBNB15M-26OCT050045-45,0.9760,22.00,no
2026-10-05T04:44:17.124629Z,KXBNB15M-26OCT050045-45,0.9890,7.94,no
2026-10-05T04:44:17.124629Z,KXBNB15M-26OCT050045-45,0.9800,0.01,no
2026-10-05T04:44:17.124629Z,KXBNB15M-26OCT050045-45,0.9850,2.00,no
2026-10-05T04:44:17.124629Z,KXBNB15M-26OCT050045-45,0.9750,5.13,no
2026-10-05T04:44:17.248299Z,KXBNB15M-26OCT050045-45,0.9750,37.08,no
2026-10-05T04:44:17.483652Z,KXBNB15M-26OCT050045-45,0.9760,5.05,no
2026-10-05T04:44:17.577756Z,KXBNB15M-26OCT050045-45,0.9930,2.00,yes
2026-10-05T04:44:17.577756Z,KXBNB15M-26OCT050045-45,0.9940,2.00,yes
2026-10-05T04:44:17.577756Z,KXBNB15M-26OCT050045-45,0.9930,24.00,yes
2026-10-05T04:44:17.577756Z,KXBNB15M-26OCT050045-45,0.9950,36.24,yes
2026-10-05T04:44:17.793647Z,KXBNB15M-26OCT050045-45,0.9950,11.00,yes
2026-10-05T04:44:17.981972Z,KXBNB15M-26OCT050045-45,0.9760,3.00,no
2026-10-05T04:44:18.128776Z,KXBNB15M-26OCT050045-45,0.9950,4.00,yes
2026-10-05T04:44:18.185436Z,KXBNB15M-26OCT050045-45,0.9760,11.31,no
2026-10-05T04:44:18.268757Z,KXBNB15M-26OCT050045-45,0.9760,11.64,no
2026-10-05T04:44:18.268757Z,KXBNB15M-26OCT050045-45,0.9750,3.36,no
2026-10-05T04:44:18.483933Z,KXBNB15M-26OCT050045-45,0.9950,40.00,yes
2026-10-05T04:44:18.537664Z,KXBNB15M-26OCT050045-45,0.9950,40.00,yes
2026-10-05T04:44:18.827087Z,KXBNB15M-26OCT050045-45,0.9950,0.78,yes
2026-10-05T04:44:19.200205Z,KXBNB15M-26OCT050045-45,0.9900,0.95,no
2026-10-05T04:44:19.200205Z,KXBNB15M-26OCT050045-45,0.9870,2.00,no
2026-10-05T04:44:19.200205Z,KXBNB15M-26OCT050045-45,0.9760,6.54,no
2026-10-05T04:44:19.200205Z,KXBNB15M-26OCT050045-45,0.9770,29.00,no
2026-10-05T04:44:19.468157Z,KXBNB15M-26OCT050045-45,0.9900,5.00,no
2026-10-05T04:44:19.468157Z,KXBNB15M-26OCT050045-45,0.9900,5.00,no
2026-10-05T04:44:19.468157Z,KXBNB15M-26OCT050045-45,0.9810,11.13,no
2026-10-05T04:44:19.496308Z,KXBNB15M-26OCT050045-45,0.9910,22.00,yes
2026-10-05T04:44:19.617641Z,KXBNB15M-26OCT050045-45,0.9950,21.55,yes
2026-10-05T04:44:19.982982Z,KXBNB15M-26OCT050045-45,0.9950,14.28,yes
2026-10-05T04:44:19.984108Z,KXBNB15M-26OCT050045-45,0.9920,5.06,no
2026-10-05T04:44:20.141707Z,KXBNB15M-26OCT050045-45,0.9810,0.39,no
2026-10-05T04:44:20.141707Z,KXBNB15M-26OCT050045-45,0.9920,12.94,no
2026-10-05T04:44:20.141707Z,KXBNB15M-26OCT050045-45,0.9920,40.00,no
2026-10-05T04:44:20.337623Z,KXBNB15M-26OCT050045-45,0.9800,1.00,no
2026-10-05T04:44:20.697156Z,KXBNB15M-26OCT050045-45,0.9770,31.00,no
2026-10-05T04:44:20.697156Z,KXBNB15M-26OCT050045-45,0.9750,18.34,no
2026-10-05T04:44:21.064397Z,KXBNB15M-26OCT050045-45,0.9950,103.00,yes
2026-10-05T04:44:21.152557Z,KXBNB15M-26OCT050045-45,0.9750,20.00,no
2026-10-05T04:44:21.152557Z,KXBNB15M-26OCT050045-45,0.9710,31.00,no
2026-10-05T04:44:21.152557Z,KXBNB15M-26OCT050045-45,0.9750,1.00,no
2026-10-05T04:44:21.152557Z,KXBNB15M-26OCT050045-45,0.9700,56.03,no
2026-10-05T04:44:21.356778Z,KXBNB15M-26OCT050045-45,0.9920,20.00,no
2026-10-05T04:44:21.356778Z,KXBNB15M-26OCT050045-45,0.9920,14.97,no
2026-10-05T04:44:21.702117Z,KXBNB15M-26OCT050045-45,0.9950,54.00,yes
2026-10-05T04:44:22.074516Z,KXBNB15M-26OCT050045-45,0.9950,9.66,yes
2026-10-05T04:44:22.302065Z,KXBNB15M-26OCT050045-45,0.9920,17.97,no
2026-10-05T04:44:22.302065Z,KXBNB15M-26OCT050045-45,0.9920,25.00,no
2026-10-05T04:44:22.302065Z,KXBNB15M-26OCT050045-45,0.9920,10.03,no
2026-10-05T04:44:22.421845Z,KXBNB15M-26OCT050045-45,0.9790,75.00,no
2026-10-05T04:44:22.421845Z,KXBNB15M-26OCT050045-45,0.9840,31.00,no
2026-10-05T04:44:22.421845Z,KXBNB15M-26OCT050045-45,0.9790,15.00,no
2026-10-05T04:44:22.421845Z,KXBNB15M-26OCT050045-45,0.9920,32.03,no
2026-10-05T04:44:22.421845Z,KXBNB15M-26OCT050045-45,0.9800,33.00,no
2026-10-05T04:44:22.421845Z,KXBNB15M-26OCT050045-45,0.9700,0.14,no
2026-10-05T04:44:22.421845Z,KXBNB15M-26OCT050045-45,0.9700,27.97,no
2026-10-05T04:44:22.485428Z,KXBNB15M-26OCT050045-45,0.9920,40.00,no
2026-10-05T04:44:22.754715Z,KXBNB15M-26OCT050045-45,0.9920,40.00,no
2026-10-05T04:44:22.754715Z,KXBNB15M-26OCT050045-45,0.9920,40.00,no
2026-10-05T04:44:23.40178Z,KXBNB15M-26OCT050045-45,0.9950,20.16,yes
2026-10-05T04:44:24.111458Z,KXBNB15M-26OCT050045-45,0.9920,10.00,no
2026-10-05T04:44:24.111458Z,KXBNB15M-26OCT050045-45,0.9920,40.00,no
2026-10-05T04:44:24.111458Z,KXBNB15M-26OCT050045-45,0.9920,36.03,no
2026-10-05T04:44:24.111458Z,KXBNB15M-26OCT050045-45,0.9920,40.00,no
2026-10-05T04:44:24.111458Z,KXBNB15M-26OCT050045-45,0.9920,25.00,no
2026-10-05T04:44:24.130225Z,KXBNB15M-26OCT050045-45,0.9920,0.01,no
2026-10-05T04:44:24.130225Z,KXBNB15M-26OCT050045-45,0.9920,6.90,no
2026-10-05T04:44:24.130225Z,KXBNB15M-26OCT050045-45,0.9920,109.97,no
2026-10-05T04:44:24.238686Z,KXBNB15M-26OCT050045-45,0.9920,46.90,no
2026-10-05T04:44:24.238686Z,KXBNB15M-26OCT050045-45,0.9920,33.10,no
2026-10-05T04:44:24.335239Z,KXBNB15M-26OCT050045-45,0.9950,1.50,yes
2026-10-05T04:44:25.101044Z,KXBNB15M-26OCT050045-45,0.9920,40.00,no
2026-10-05T04:44:25.101044Z,KXBNB15M-26OCT050045-45,0.9920,3.10,no
2026-10-05T04:44:25.101044Z,KXBNB15M-26OCT050045-45,0.9710,31.00,no
2026-10-05T04:44:25.101044Z,KXBNB15M-26OCT050045-45,0.9850,31.00,no
2026-10-05T04:44:25.101044Z,KXBNB15M-26OCT050045-45,0.9700,1.20,no
2026-10-05T04:44:25.101044Z,KXBNB15M-26OCT050045-45,0.9720,6.00,no
2026-10-05T04:44:25.412293Z,KXBNB15M-26OCT050045-45,0.9920,49.46,no
2026-10-05T04:44:25.459646Z,KXBNB15M-26OCT050045-45,0.9800,6.03,no
2026-10-05T04:44:25.459646Z,KXBNB15M-26OCT050045-45,0.9920,25.54,no
2026-10-05T04:44:26.187733Z,KXBNB15M-26OCT050045-45,0.9800,4.03,no
2026-10-05T04:44:26.187733Z,KXBNB15M-26OCT050045-45,0.9800,13.97,no
2026-10-05T04:44:26.278947Z,KXBNB15M-26OCT050045-45,0.9920,1.22,yes
2026-10-05T04:44:27.017485Z,KXBNB15M-26OCT050045-45,0.9920,11.00,yes
2026-10-05T04:44:27.032238Z,KXBNB15M-26OCT050045-45,0.9920,11.00,yes
2026-10-05T04:44:27.099682Z,KXBNB15M-26OCT050045-45,0.9920,1.78,yes
2026-10-05T04:44:27.405291Z,KXBNB15M-26OCT050045-45,0.9940,6.00,yes
2026-10-05T04:44:27.405291Z,KXBNB15M-26OCT050045-45,0.9940,8.00,yes
2026-10-05T04:44:27.56361Z,KXBNB15M-26OCT050045-45,0.9800,31.34,no
2026-10-05T04:44:27.56361Z,KXBNB15M-26OCT050045-45,0.9920,38.22,no
2026-10-05T04:44:27.677916Z,KXBNB15M-26OCT050045-45,0.9950,10.00,yes
2026-10-05T04:44:28.059712Z,KXBNB15M-26OCT050045-45,0.9950,1.00,yes
2026-10-05T04:44:28.383077Z,KXBNB15M-26OCT050045-45,0.9950,2.37,yes
2026-10-05T04:44:28.881092Z,KXBNB15M-26OCT050045-45,0.9900,40.00,no
2026-10-05T04:44:28.881092Z,KXBNB15M-26OCT050045-45,0.9920,40.00,no
2026-10-05T04:44:28.881092Z,KXBNB15M-26OCT050045-45,0.9920,25.00,no
2026-10-05T04:44:28.881092Z,KXBNB15M-26OCT050045-45,0.9900,40.00,no
2026-10-05T04:44:28.881092Z,KXBNB15M-26OCT050045-45,0.9920,40.00,no
2026-10-05T04:44:28.881092Z,KXBNB15M-26OCT050045-45,0.9900,20.00,no
2026-10-05T04:44:28.881092Z,KXBNB15M-26OCT050045-45,0.9800,27.49,no
2026-10-05T04:44:28.881092Z,KXBNB15M-26OCT050045-45,0.9810,41.00,no
2026-10-05T04:44:28.881092Z,KXBNB15M-26OCT050045-45,0.9900,1.00,no
2026-10-05T04:44:29.00013Z,KXBNB15M-26OCT050045-45,0.9950,42.81,yes
2026-10-05T04:44:29.00013Z,KXBNB15M-26OCT050045-45,0.9950,57.19,yes
2026-10-05T04:44:29.00766Z,KXBNB15M-26OCT050045-45,0.9950,32.12,yes
2026-10-05T04:44:29.425333Z,KXBNB15M-26OCT050045-45,0.9950,0.07,yes
2026-10-05T04:44:29.425333Z,KXBNB15M-26OCT050045-45,0.9960,0.69,yes
2026-10-05T04:44:29.425333Z,KXBNB15M-26OCT050045-45,0.9960,0.32,yes
2026-10-05T04:44:29.556499Z,KXBNB15M-26OCT050045-45,0.9910,31.91,no
2026-10-05T04:44:29.598034Z,KXBNB15M-26OCT050045-45,0.9900,40.00,no
2026-10-05T04:44:29.598034Z,KXBNB15M-26OCT050045-45,0.9900,40.00,no
2026-10-05T04:44:29.598034Z,KXBNB15M-26OCT050045-45,0.9900,0.01,no
2026-10-05T04:44:29.598034Z,KXBNB15M-26OCT050045-45,0.9910,168.09,no
2026-10-05T04:44:29.598034Z,KXBNB15M-26OCT050045-45,0.9900,8.00,no
2026-10-05T04:44:29.936585Z,KXBNB15M-26OCT050045-45,0.9960,1.68,yes
2026-10-05T04:44:29.936585Z,KXBNB15M-26OCT050045-45,0.9970,2.00,yes
2026-10-05T04:44:29.936585Z,KXBNB15M-26OCT050045-45,0.9980,34.41,yes
2026-10-05T04:44:30.077397Z,KXBNB15M-26OCT050045-45,0.9990,50.00,yes
2026-10-05T04:44:30.077397Z,KXBNB15M-26OCT050045-45,0.9990,50.00,yes
2026-10-05T04:44:30.104446Z,KXBNB15M-26OCT050045-45,0.9990,2.00,yes
2026-10-05T04:44:30.314021Z,KXBNB15M-26OCT050045-45,0.9930,1.00,no
2026-10-05T04:44:30.314021Z,KXBNB15M-26OCT050045-45,0.9920,40.00,no
2026-10-05T04:44:30.314021Z,KXBNB15M-26OCT050045-45,0.9900,7.93,no
2026-10-05T04:44:30.449166Z,KXBNB15M-26OCT050045-45,0.9990,36.00,yes
2026-10-05T04:44:30.449166Z,KXBNB15M-26OCT050045-45,0.9990,58.18,yes
2026-10-05T04:44:30.531767Z,KXBNB15M-26OCT050045-45,0.9820,6.00,no
2026-10-05T04:44:30.531767Z,KXBNB15M-26OCT050045-45,0.9790,13.31,no
2026-10-05T04:44:30.531767Z,KXBNB15M-26OCT050045-45,0.9800,22.51,no
2026-10-05T04:44:30.531767Z,KXBNB15M-26OCT050045-45,0.9810,1.00,no
2026-10-05T04:44:30.531767Z,KXBNB15M-26OCT050045-45,0.9960,71.00,no
2026-10-05T04:44:30.531767Z,KXBNB15M-26OCT050045-45,0.9980,71.00,no
2026-10-05T04:44:30.531767Z,KXBNB15M-26OCT050045-45,0.9900,2.07,no
2026-10-05T04:44:30.531767Z,KXBNB15M-26OCT050045-45,0.9990,71.00,no
2026-10-05T04:44:30.531767Z,KXBNB15M-26OCT050045-45,0.9940,71.00,no
2026-10-05T04:44:30.587084Z,KXBNB15M-26OCT050045-45,0.9980,2.00,yes
2026-10-05T04:44:31.080654Z,KXBNB15M-26OCT050045-45,0.9920,5.00,no
2026-10-05T04:44:31.080654Z,KXBNB15M-26OCT050045-45,0.9920,5.00,no
2026-10-05T04:44:31.833034Z,KXBNB15M-26OCT050045-45,0.9800,21.99,no
2026-10-05T04:44:31.833034Z,KXBNB15M-26OCT050045-45,0.9810,6.00,no
2026-10-05T04:44:31.867771Z,KXBNB15M-26OCT050045-45,0.9990,10.00,yes
2026-10-05T04:44:31.867771Z,KXBNB15M-26OCT050045-45,0.9990,2.00,yes
2026-10-05T04:44:32.878943Z,KXBNB15M-26OCT050045-45,0.9800,26.32,no
2026-10-05T04:44:32.878943Z,KXBNB15M-26OCT050045-45,0.9800,6.00,no
2026-10-05T04:44:36.255618Z,KXBNB15M-26OCT050045-45,0.9990,3.00,no
2026-10-05T04:44:36.255618Z,KXBNB15M-26OCT050045-45,0.9990,49.15,no
2026-10-05T04:44:36.331369Z,KXBNB15M-26OCT050045-45,0.9990,22.53,no
2026-10-05T04:44:36.973536Z,KXBNB15M-26OCT050045-45,0.9990,1.50,no
2026-10-05T04:44:37.182141Z,KXBNB15M-26OCT050045-45,0.9990,26.82,no
2026-10-05T04:44:37.856609Z,KXBNB15M-26OCT050045-45,0.9900,10.00,no
2026-10-05T04:44:37.856609Z,KXBNB15M-26OCT050045-45,0.9900,10.00,no
2026-10-05T04:44:37.856609Z,KXBNB15M-26OCT050045-45,0.9900,30.00,no
2026-10-05T04:44:37.856609Z,KXBNB15M-26OCT050045-45,0.9900,20.00,no
2026-10-05T04:44:37.856609Z,KXBNB15M-26OCT050045-45,0.9830,1.65,no
2026-10-05T04:44:37.856609Z,KXBNB15M-26OCT050045-45,0.9920,25.00,no
2026-10-05T04:44:38.74115Z,KXBNB15M-26OCT050045-45,0.9990,1.97,yes
2026-10-05T04:44:38.868574Z,KXBNB15M-26OCT050045-45,0.9990,20.00,yes
2026-10-05T04:44:39.094958Z,KXBNB15M-26OCT050045-45,0.9990,3.00,yes
2026-10-05T04:44:40.04831Z,KXBNB15M-26OCT050045-45,0.9990,145.03,yes
2026-10-05T04:44:40.04831Z,KXBNB15M-26OCT050045-45,0.9990,14.00,yes
2026-10-05T04:44:40.04831Z,KXBNB15M-26OCT050045-45,0.9990,80.00,yes
2026-10-05T04:44:40.739488Z,KXBNB15M-26OCT050045-45,0.9990,10.00,no
2026-10-05T04:44:40.908937Z,KXBNB15M-26OCT050045-45,0.9990,15.00,no
2026-10-05T04:44:41.046331Z,KXBNB15M-26OCT050045-45,0.9990,123.50,no
2026-10-05T04:44:41.3929Z,KXBNB15M-26OCT050045-45,0.9990,118.64,no
2026-10-05T04:44:41.584102Z,KXBNB15M-26OCT050045-45,0.9990,183.25,no
2026-10-05T04:44:42.432101Z,KXBNB15M-26OCT050045-45,0.9990,148.00,no
2026-10-05T04:44:43.893445Z,KXBNB15M-26OCT050045-45,0.9790,20.00,no
2026-10-05T04:44:43.893445Z,KXBNB15M-26OCT050045-45,0.9800,1.00,no
2026-10-05T04:44:43.893445Z,KXBNB15M-26OCT050045-45,0.9990,375.82,no
2026-10-05T04:44:43.893445Z,KXBNB15M-26OCT050045-45,0.9800,15.00,no
2026-10-05T04:44:43.893445Z,KXBNB15M-26OCT050045-45,0.9800,5.00,no
2026-10-05T04:44:43.893445Z,KXBNB15M-26OCT050045-45,0.9790,8.00,no
2026-10-05T04:44:43.893445Z,KXBNB15M-26OCT050045-45,0.9790,40.00,no
2026-10-05T04:44:43.893445Z,KXBNB15M-26OCT050045-45,0.9790,30.00,no
2026-10-05T04:44:43.893445Z,KXBNB15M-26OCT050045-45,0.9900,10.00,no
2026-10-05T04:44:43.893445Z,KXBNB15M-26OCT050045-45,0.9900,10.00,no
2026-10-05T04:44:43.893445Z,KXBNB15M-26OCT050045-45,0.9790,3.17,no
2026-10-05T04:44:43.911242Z,KXBNB15M-26OCT050045-45,0.9790,18.28,no
2026-10-05T04:44:44.250528Z,KXBNB15M-26OCT050045-45,0.9790,33.55,no
2026-10-05T04:44:44.250528Z,KXBNB15M-26OCT050045-45,0.9790,19.17,no
2026-10-05T04:44:51.10769Z,KXBNB15M-26OCT050045-45,0.9950,100.00,no
2026-10-05T04:44:52.086106Z,KXBNB15M-26OCT050045-45,0.9930,5.00,no
2026-10-05T04:44:57.831811Z,KXBNB15M-26OCT050045-45,0.9990,458.04,no
2026-10-05T04:54:59.545101Z,KXNEAR15M-26OCT050100-00,0.9680,4.00,yes
2026-10-05T04:54:59.545101Z,KXNEAR15M-26OCT050100-00,0.9640,1.00,yes
2026-10-05T04:54:59.545101Z,KXNEAR15M-26OCT050100-00,0.9680,4.00,yes
2026-10-05T04:54:59.545101Z,KXNEAR15M-26OCT050100-00,0.9670,1.00,yes
2026-10-05T04:55:00.445039Z,KXNEAR15M-26OCT050100-00,0.9700,1.00,yes
2026-10-05T04:55:00.618081Z,KXNEAR15M-26OCT050100-00,0.9700,24.00,yes
2026-10-05T04:55:01.13637Z,KXNEAR15M-26OCT050100-00,0.9730,1.00,yes
2026-10-05T04:55:01.152615Z,KXNEAR15M-26OCT050100-00,0.9680,104.00,no
2026-10-05T04:55:01.152615Z,KXNEAR15M-26OCT050100-00,0.9660,80.00,no
2026-10-05T04:55:01.152615Z,KXNEAR15M-26OCT050100-00,0.9670,16.00,no
2026-10-05T04:55:01.562423Z,KXNEAR15M-26OCT050100-00,0.9660,1.00,no
2026-10-05T04:55:01.689308Z,KXNEAR15M-26OCT050100-00,0.9660,2.00,no
2026-10-05T04:55:02.237276Z,KXNEAR15M-26OCT050100-00,0.9690,1.00,no
2026-10-05T04:55:02.452883Z,KXNEAR15M-26OCT050100-00,0.9690,2.00,no
2026-10-05T04:55:02.507894Z,KXNEAR15M-26OCT050100-00,0.9690,7.00,no
2026-10-05T04:55:02.507894Z,KXNEAR15M-26OCT050100-00,0.9690,5.00,no
2026-10-05T04:55:02.507894Z,KXNEAR15M-26OCT050100-00,0.9640,4.00,no
2026-10-05T04:55:02.507894Z,KXNEAR15M-26OCT050100-00,0.9630,1.00,no
2026-10-05T04:55:02.507894Z,KXNEAR15M-26OCT050100-00,0.9630,33.64,no
2026-10-05T04:55:03.014919Z,KXNEAR15M-26OCT050100-00,0.9740,10.00,yes
2026-10-05T04:55:09.016955Z,KXNEAR15M-26OCT050100-00,0.9730,4.00,yes
2026-10-05T04:55:10.189962Z,KXNEAR15M-26OCT050100-00,0.9790,104.00,yes
2026-10-05T04:55:10.189962Z,KXNEAR15M-26OCT050100-00,0.9810,104.00,yes
2026-10-05T04:55:10.189962Z,KXNEAR15M-26OCT050100-00,0.9780,4.00,yes
2026-10-05T04:55:10.189962Z,KXNEAR15M-26OCT050100-00,0.9780,5.00,yes
2026-10-05T04:55:10.189962Z,KXNEAR15M-26OCT050100-00,0.9820,4.00,yes
2026-10-05T04:55:10.189962Z,KXNEAR15M-26OCT050100-00,0.9780,1.00,yes
2026-10-05T04:55:10.189962Z,KXNEAR15M-26OCT050100-00,0.9860,1.00,yes
2026-10-05T04:55:10.189962Z,KXNEAR15M-26OCT050100-00,0.9830,1.00,yes
2026-10-05T04:55:10.382764Z,KXNEAR15M-26OCT050100-00,0.9880,5.00,yes
2026-10-05T04:55:10.504832Z,KXNEAR15M-26OCT050100-00,0.9740,3.67,no
2026-10-05T04:55:11.024961Z,KXNEAR15M-26OCT050100-00,0.9860,1.00,yes
2026-10-05T04:55:11.024961Z,KXNEAR15M-26OCT050100-00,0.9890,8.00,yes
2026-10-05T04:55:11.024961Z,KXNEAR15M-26OCT050100-00,0.9890,1.00,yes
2026-10-05T04:55:11.212029Z,KXNEAR15M-26OCT050100-00,0.9900,10.00,yes
2026-10-05T04:55:11.212029Z,KXNEAR15M-26OCT050100-00,0.9900,1.00,yes
2026-10-05T04:55:11.212029Z,KXNEAR15M-26OCT050100-00,0.9860,1.00,yes
2026-10-05T04:55:11.212029Z,KXNEAR15M-26OCT050100-00,0.9890,14.00,yes
2026-10-05T04:55:11.444783Z,KXNEAR15M-26OCT050100-00,0.9870,10.00,no
2026-10-05T04:55:11.444783Z,KXNEAR15M-26OCT050100-00,0.9860,90.00,no
2026-10-05T04:55:12.127675Z,KXNEAR15M-26OCT050100-00,0.9900,7.00,yes
2026-10-05T04:55:12.127675Z,KXNEAR15M-26OCT050100-00,0.9890,2.00,yes
2026-10-05T04:55:12.127675Z,KXNEAR15M-26OCT050100-00,0.9890,1.00,yes
2026-10-05T04:55:12.127675Z,KXNEAR15M-26OCT050100-00,0.9880,10.00,yes
2026-10-05T04:55:12.13113Z,KXNEAR15M-26OCT050100-00,0.9900,20.00,yes
2026-10-05T04:55:14.254789Z,KXNEAR15M-26OCT050100-00,0.9880,1.00,yes
2026-10-05T04:55:14.762329Z,KXNEAR15M-26OCT050100-00,0.9900,9.00,yes
2026-10-05T04:55:14.762329Z,KXNEAR15M-26OCT050100-00,0.9890,1.00,yes
2026-10-05T04:55:15.358102Z,KXNEAR15M-26OCT050100-00,0.9800,1.00,no
2026-10-05T04:55:15.358102Z,KXNEAR15M-26OCT050100-00,0.9810,4.00,no
2026-10-05T04:55:15.358102Z,KXNEAR15M-26OCT050100-00,0.9840,104.00,no
2026-10-05T04:55:15.358102Z,KXNEAR15M-26OCT050100-00,0.9840,20.00,no
2026-10-05T04:55:15.358102Z,KXNEAR15M-26OCT050100-00,0.9790,13.72,no
2026-10-05T04:55:15.358102Z,KXNEAR15M-26OCT050100-00,0.9840,7.00,no
2026-10-05T04:55:15.358102Z,KXNEAR15M-26OCT050100-00,0.9830,6.00,no
2026-10-05T04:55:15.358102Z,KXNEAR15M-26OCT050100-00,0.9820,104.00,no
2026-10-05T04:55:15.358102Z,KXNEAR15M-26OCT050100-00,0.9840,9.00,no
2026-10-05T04:55:16.259225Z,KXNEAR15M-26OCT050100-00,0.9860,2.00,yes
2026-10-05T04:55:16.753722Z,KXNEAR15M-26OCT050100-00,0.9870,1.01,yes
2026-10-05T04:55:23.872179Z,KXNEAR15M-26OCT050100-00,0.9840,50.00,yes
2026-10-05T04:55:24.110796Z,KXNEAR15M-26OCT050100-00,0.9840,4.00,yes
2026-10-05T04:55:30.128444Z,KXNEAR15M-26OCT050100-00,0.9890,4.00,yes
2026-10-05T04:55:30.128444Z,KXNEAR15M-26OCT050100-00,0.9890,1.59,yes
2026-10-05T04:55:32.561157Z,KXNEAR15M-26OCT050100-00,0.9900,2.00,yes
2026-10-05T04:55:36.960427Z,KXNEAR15M-26OCT050100-00,0.9900,4.00,yes
2026-10-05T04:55:37.062445Z,KXNEAR15M-26OCT050100-00,0.9900,19.00,yes
2026-10-05T04:55:37.266468Z,KXNEAR15M-26OCT050100-00,0.9900,4.00,yes
2026-10-05T04:55:37.581299Z,KXNEAR15M-26OCT050100-00,0.9900,1.00,yes
2026-10-05T04:55:39.240343Z,KXNEAR15M-26OCT050100-00,0.9890,8.50,no
2026-10-05T04:55:41.376692Z,KXNEAR15M-26OCT050100-00,0.9900,1.00,yes
2026-10-05T04:55:41.724985Z,KXNEAR15M-26OCT050100-00,0.9890,7.00,no
2026-10-05T04:55:41.724985Z,KXNEAR15M-26OCT050100-00,0.9890,1.00,no
2026-10-05T04:55:41.724985Z,KXNEAR15M-26OCT050100-00,0.9890,1.00,no
2026-10-05T04:55:41.724985Z,KXNEAR15M-26OCT050100-00,0.9890,4.00,no
2026-10-05T04:55:41.724985Z,KXNEAR15M-26OCT050100-00,0.9880,2.59,no
2026-10-05T04:55:43.008785Z,KXNEAR15M-26OCT050100-00,0.9890,49.31,no
2026-10-05T04:55:43.282027Z,KXNEAR15M-26OCT050100-00,0.9900,0.50,yes
2026-10-05T04:55:45.867421Z,KXNEAR15M-26OCT050100-00,0.9890,1.00,no
2026-10-05T04:55:45.867421Z,KXNEAR15M-26OCT050100-00,0.9890,16.37,no
2026-10-05T04:55:45.867421Z,KXNEAR15M-26OCT050100-00,0.9890,2.00,no
2026-10-05T04:55:45.867421Z,KXNEAR15M-26OCT050100-00,0.9890,0.50,no
2026-10-05T04:55:45.867421Z,KXNEAR15M-26OCT050100-00,0.9890,0.10,no
2026-10-05T04:55:45.948074Z,KXNEAR15M-26OCT050100-00,0.9890,4.00,no
2026-10-05T04:55:46.864932Z,KXNEAR15M-26OCT050100-00,0.9900,6.50,yes
2026-10-05T04:55:46.864932Z,KXNEAR15M-26OCT050100-00,0.9900,2.50,yes
2026-10-05T04:55:46.871788Z,KXNEAR15M-26OCT050100-00,0.9900,2.00,yes
2026-10-05T04:55:47.075352Z,KXNEAR15M-26OCT050100-00,0.9900,0.50,yes
2026-10-05T04:55:47.495568Z,KXNEAR15M-26OCT050100-00,0.9900,6.00,yes
2026-10-05T04:55:47.501104Z,KXNEAR15M-26OCT050100-00,0.9900,2.00,yes
2026-10-05T04:55:50.699788Z,KXNEAR15M-26OCT050100-00,0.9900,7.00,yes
2026-10-05T04:55:50.699788Z,KXNEAR15M-26OCT050100-00,0.9900,75.00,yes
2026-10-05T04:55:50.699788Z,KXNEAR15M-26OCT050100-00,0.9900,8.00,yes
2026-10-05T04:55:51.444696Z,KXNEAR15M-26OCT050100-00,0.9910,4.00,yes
2026-10-05T04:55:51.449961Z,KXNEAR15M-26OCT050100-00,0.9910,2.00,yes
2026-10-05T04:55:52.663528Z,KXNEAR15M-26OCT050100-00,0.9900,2.00,no
2026-10-05T04:55:57.127056Z,KXNEAR15M-26OCT050100-00,0.9900,7.51,no
2026-10-05T04:55:57.127056Z,KXNEAR15M-26OCT050100-00,0.9900,75.00,no
2026-10-05T04:55:57.127056Z,KXNEAR15M-26OCT050100-00,0.9900,2.00,no
2026-10-05T04:55:57.127056Z,KXNEAR15M-26OCT050100-00,0.9900,4.00,no
2026-10-05T04:55:57.127056Z,KXNEAR15M-26OCT050100-00,0.9900,3.00,no
2026-10-05T04:55:57.127056Z,KXNEAR15M-26OCT050100-00,0.9900,2.00,no
2026-10-05T04:55:58.38116Z,KXNEAR15M-26OCT050100-00,0.9910,2.00,yes
2026-10-05T04:55:58.483779Z,KXNEAR15M-26OCT050100-00,0.9910,2.00,yes
2026-10-05T04:55:58.56294Z,KXNEAR15M-26OCT050100-00,0.9920,5.00,yes
2026-10-05T04:55:58.568905Z,KXNEAR15M-26OCT050100-00,0.9920,1.00,yes
2026-10-05T04:55:58.689575Z,KXNEAR15M-26OCT050100-00,0.9930,2.00,yes
2026-10-05T04:55:58.689575Z,KXNEAR15M-26OCT050100-00,0.9920,4.00,yes
2026-10-05T04:56:00.094812Z,KXNEAR15M-26OCT050100-00,0.9950,1.15,yes
2026-10-05T04:56:00.094812Z,KXNEAR15M-26OCT050100-00,0.9930,8.00,yes
2026-10-05T04:56:00.094812Z,KXNEAR15M-26OCT050100-00,0.9950,10.00,yes
2026-10-05T04:56:00.094812Z,KXNEAR15M-26OCT050100-00,0.9940,10.00,yes
2026-10-05T04:56:02.20698Z,KXNEAR15M-26OCT050100-00,0.9940,2.00,no
2026-10-05T04:56:02.3709Z,KXNEAR15M-26OCT050100-00,0.9940,10.00,no
2026-10-05T04:56:02.3709Z,KXNEAR15M-26OCT050100-00,0.9930,28.06,no
2026-10-05T04:56:02.3709Z,KXNEAR15M-26OCT050100-00,0.9940,0.19,no
2026-10-05T04:56:02.3709Z,KXNEAR15M-26OCT050100-00,0.9940,7.00,no
2026-10-05T04:56:02.3709Z,KXNEAR15M-26OCT050100-00,0.9940,2.00,no
2026-10-05T04:56:02.3709Z,KXNEAR15M-26OCT050100-00,0.9940,4.00,no
2026-10-05T04:56:02.3709Z,KXNEAR15M-26OCT050100-00,0.9940,19.00,no
2026-10-05T04:56:02.3709Z,KXNEAR15M-26OCT050100-00,0.9940,2.00,no
2026-10-05T04:56:03.851274Z,KXNEAR15M-26OCT050100-00,0.9950,9.85,yes
2026-10-05T04:56:03.851274Z,KXNEAR15M-26OCT050100-00,0.9960,208.74,yes
2026-10-05T04:56:03.851274Z,KXNEAR15M-26OCT050100-00,0.9950,104.00,yes
2026-10-05T04:56:03.851274Z,KXNEAR15M-26OCT050100-00,0.9950,2.00,yes
2026-10-05T04:56:05.260319Z,KXNEAR15M-26OCT050100-00,0.9960,10.56,yes
2026-10-05T04:56:05.803551Z,KXNEAR15M-26OCT050100-00,0.9950,2.00,no
2026-10-05T04:56:05.808706Z,KXNEAR15M-26OCT050100-00,0.9950,2.00,no
2026-10-05T04:56:09.060664Z,KXNEAR15M-26OCT050100-00,0.9960,1.00,yes
2026-10-05T04:56:09.060664Z,KXNEAR15M-26OCT050100-00,0.9960,1.00,yes
2026-10-05T04:56:09.060664Z,KXNEAR15M-26OCT050100-00,0.9960,13.00,yes
2026-10-05T04:56:09.060664Z,KXNEAR15M-26OCT050100-00,0.9960,1.00,yes
2026-10-05T04:56:09.060664Z,KXNEAR15M-26OCT050100-00,0.9960,1.00,yes
2026-10-05T04:56:09.060664Z,KXNEAR15M-26OCT050100-00,0.9960,1.00,yes
2026-10-05T04:56:09.060664Z,KXNEAR15M-26OCT050100-00,0.9960,10.00,yes
2026-10-05T04:56:09.060664Z,KXNEAR15M-26OCT050100-00,0.9960,5.00,yes
2026-10-05T04:56:09.219376Z,KXNEAR15M-26OCT050100-00,0.9970,10.00,yes
2026-10-05T04:56:09.219376Z,KXNEAR15M-26OCT050100-00,0.9970,176.30,yes
2026-10-05T04:56:09.46832Z,KXNEAR15M-26OCT050100-00,0.9960,1.00,no
2026-10-05T04:56:09.560667Z,KXNEAR15M-26OCT050100-00,0.9960,6.50,no
2026-10-05T04:56:09.560667Z,KXNEAR15M-26OCT050100-00,0.9960,136.91,no
2026-10-05T04:56:09.560667Z,KXNEAR15M-26OCT050100-00,0.9960,9.00,no
2026-10-05T04:56:17.086467Z,KXNEAR15M-26OCT050100-00,0.9970,5.00,yes
2026-10-05T04:56:17.092334Z,KXNEAR15M-26OCT050100-00,0.9970,2.00,yes
2026-10-05T04:56:17.548663Z,KXNEAR15M-26OCT050100-00,0.9970,3.00,yes
2026-10-05T04:56:18.459739Z,KXNEAR15M-26OCT050100-00,0.9960,5.00,no
2026-10-05T04:56:18.459739Z,KXNEAR15M-26OCT050100-00,0.9960,0.25,no
2026-10-05T04:56:18.459739Z,KXNEAR15M-26OCT050100-00,0.9960,39.39,no
2026-10-05T04:56:18.459739Z,KXNEAR15M-26OCT050100-00,0.9960,2.00,no
2026-10-05T04:56:18.459739Z,KXNEAR15M-26OCT050100-00,0.9960,5.00,no
2026-10-05T04:56:18.459739Z,KXNEAR15M-26OCT050100-00,0.9960,1.63,no
2026-10-05T04:56:18.459739Z,KXNEAR15M-26OCT050100-00,0.9960,4.00,no
2026-10-05T04:56:21.274261Z,KXNEAR15M-26OCT050100-00,0.9970,8.50,yes
2026-10-05T04:56:24.65682Z,KXNEAR15M-26OCT050100-00,0.9970,13.68,yes
2026-10-05T04:56:25.839773Z,KXNEAR15M-26OCT050100-00,0.9960,8.50,no
2026-10-05T04:56:25.839773Z,KXNEAR15M-26OCT050100-00,0.9960,11.42,no
2026-10-05T04:56:25.839773Z,KXNEAR15M-26OCT050100-00,0.9960,5.00,no
2026-10-05T04:56:25.839773Z,KXNEAR15M-26OCT050100-00,0.9960,0.31,no
2026-10-05T04:56:27.516114Z,KXNEAR15M-26OCT050100-00,0.9950,100.00,no
2026-10-05T04:56:27.516114Z,KXNEAR15M-26OCT050100-00,0.9860,1.00,no
2026-10-05T04:56:27.516114Z,KXNEAR15M-26OCT050100-00,0.9950,9.00,no
2026-10-05T04:56:27.516114Z,KXNEAR15M-26OCT050100-00,0.9850,110.00,no
2026-10-05T04:56:27.516114Z,KXNEAR15M-26OCT050100-00,0.9860,10.00,no
2026-10-05T04:56:27.516114Z,KXNEAR15M-26OCT050100-00,0.9850,200.00,no
2026-10-05T04:56:27.516114Z,KXNEAR15M-26OCT050100-00,0.9800,14.50,no
2026-10-05T04:56:27.516114Z,KXNEAR15M-26OCT050100-00,0.9950,2.26,no
2026-10-05T04:56:27.516114Z,KXNEAR15M-26OCT050100-00,0.9810,0.53,no
2026-10-05T04:56:27.516114Z,KXNEAR15M-26OCT050100-00,0.9830,0.44,no
2026-10-05T04:56:27.516114Z,KXNEAR15M-26OCT050100-00,0.9800,0.58,no
2026-10-05T04:56:27.516114Z,KXNEAR15M-26OCT050100-00,0.9820,0.48,no
2026-10-05T04:56:27.516114Z,KXNEAR15M-26OCT050100-00,0.9840,0.40,no
2026-10-05T04:56:27.516114Z,KXNEAR15M-26OCT050100-00,0.9900,0.19,no
2026-10-05T04:56:27.516114Z,KXNEAR15M-26OCT050100-00,0.9900,2.00,no
2026-10-05T04:56:27.516114Z,KXNEAR15M-26OCT050100-00,0.9920,2.00,no
2026-10-05T04:56:27.516114Z,KXNEAR15M-26OCT050100-00,0.9910,1.00,no
2026-10-05T04:56:27.516114Z,KXNEAR15M-26OCT050100-00,0.9860,0.30,no
2026-10-05T04:56:27.516114Z,KXNEAR15M-26OCT050100-00,0.9920,0.19,no
2026-10-05T04:56:27.516114Z,KXNEAR15M-26OCT050100-00,0.9910,4.00,no
2026-10-05T04:56:27.516114Z,KXNEAR15M-26OCT050100-00,0.9850,0.36,no
2026-10-05T04:56:27.516114Z,KXNEAR15M-26OCT050100-00,0.9890,0.21,no
2026-10-05T04:56:27.516114Z,KXNEAR15M-26OCT050100-00,0.9870,0.27,no
2026-10-05T04:56:27.516114Z,KXNEAR15M-26OCT050100-00,0.9880,0.23,no
2026-10-05T04:56:27.516114Z,KXNEAR15M-26OCT050100-00,0.9910,0.19,no
2026-10-05T04:56:27.516114Z,KXNEAR15M-26OCT050100-00,0.9910,5.00,no
2026-10-05T04:56:27.516114Z,KXNEAR15M-26OCT050100-00,0.9900,2.00,no
2026-10-05T04:56:27.516114Z,KXNEAR15M-26OCT050100-00,0.9930,10.00,no
2026-10-05T04:56:27.516114Z,KXNEAR15M-26OCT050100-00,0.9920,8.00,no
2026-10-05T04:56:27.516114Z,KXNEAR15M-26OCT050100-00,0.9930,75.94,no
2026-10-05T04:56:27.516114Z,KXNEAR15M-26OCT050100-00,0.9930,0.19,no
2026-10-05T04:56:27.516114Z,KXNEAR15M-26OCT050100-00,0.9950,0.25,no
2026-10-05T04:56:27.516114Z,KXNEAR15M-26OCT050100-00,0.9940,0.25,no
2026-10-05T04:56:27.516114Z,KXNEAR15M-26OCT050100-00,0.9950,100.00,no
2026-10-05T04:56:27.516114Z,KXNEAR15M-26OCT050100-00,0.9900,4.00,no
2026-10-05T04:56:27.516114Z,KXNEAR15M-26OCT050100-00,0.9950,10.00,no
2026-10-05T04:56:27.516114Z,KXNEAR15M-26OCT050100-00,0.9900,30.00,no
2026-10-05T04:56:27.516114Z,KXNEAR15M-26OCT050100-00,0.9950,1.37,no
2026-10-05T04:56:27.568792Z,KXNEAR15M-26OCT050100-00,0.9890,101.00,yes
2026-10-05T04:56:27.587366Z,KXNEAR15M-26OCT050100-00,0.9890,3.00,yes
2026-10-05T04:56:27.587366Z,KXNEAR15M-26OCT050100-00,0.9890,2.00,yes
2026-10-05T04:56:27.705375Z,KXNEAR15M-26OCT050100-00,0.9900,8.00,yes
2026-10-05T04:56:28.880892Z,KXNEAR15M-26OCT050100-00,0.9960,1.01,yes
2026-10-05T04:56:30.927648Z,KXNEAR15M-26OCT050100-00,0.9940,2.00,no
2026-10-05T04:56:30.927648Z,KXNEAR15M-26OCT050100-00,0.9940,3.00,no
2026-10-05T04:56:35.076331Z,KXNEAR15M-26OCT050100-00,0.9900,1.00,yes
2026-10-05T04:56:36.954735Z,KXNEAR15M-26OCT050100-00,0.9870,5.76,no
2026-10-05T04:56:36.954735Z,KXNEAR15M-26OCT050100-00,0.9900,1.00,no
2026-10-05T04:56:36.954735Z,KXNEAR15M-26OCT050100-00,0.9920,104.00,no
2026-10-05T04:56:36.954735Z,KXNEAR15M-26OCT050100-00,0.9910,104.00,no
2026-10-05T04:56:37.264847Z,KXNEAR15M-26OCT050100-00,0.9860,9.63,no
2026-10-05T04:56:37.264847Z,KXNEAR15M-26OCT050100-00,0.9860,0.37,no
2026-10-05T04:56:37.264847Z,KXNEAR15M-26OCT050100-00,0.9860,1.00,no
2026-10-05T04:56:37.273769Z,KXNEAR15M-26OCT050100-00,0.9860,6.00,no
2026-10-05T04:56:37.3027Z,KXNEAR15M-26OCT050100-00,0.9860,5.00,no
2026-10-05T04:56:37.308569Z,KXNEAR15M-26OCT050100-00,0.9860,3.00,no
2026-10-05T04:56:37.314668Z,KXNEAR15M-26OCT050100-00,0.9860,2.00,no
2026-10-05T04:56:37.322627Z,KXNEAR15M-26OCT050100-00,0.9860,2.00,no
2026-10-05T04:56:37.329208Z,KXNEAR15M-26OCT050100-00,0.9860,1.00,no
2026-10-05T04:56:37.479328Z,KXNEAR15M-26OCT050100-00,0.9860,5.00,no
2026-10-05T04:56:37.484557Z,KXNEAR15M-26OCT050100-00,0.9860,5.00,no
2026-10-05T04:56:38.072779Z,KXNEAR15M-26OCT050100-00,0.9860,2.00,no
2026-10-05T04:56:38.081371Z,KXNEAR15M-26OCT050100-00,0.9860,1.00,no
2026-10-05T04:56:38.084242Z,KXNEAR15M-26OCT050100-00,0.9870,6.00,yes
2026-10-05T04:56:39.216609Z,KXNEAR15M-26OCT050100-00,0.9870,5.00,yes
2026-10-05T04:56:39.22423Z,KXNEAR15M-26OCT050100-00,0.9870,2.00,yes
2026-10-05T04:56:39.353931Z,KXNEAR15M-26OCT050100-00,0.9860,1.00,no
2026-10-05T04:56:39.353931Z,KXNEAR15M-26OCT050100-00,0.9860,22.00,no
2026-10-05T04:56:39.353931Z,KXNEAR15M-26OCT050100-00,0.9860,7.00,no
2026-10-05T04:56:39.353931Z,KXNEAR15M-26OCT050100-00,0.9860,10.00,no
2026-10-05T04:56:42.523569Z,KXNEAR15M-26OCT050100-00,0.9900,12.00,no
2026-10-05T04:56:42.5309Z,KXNEAR15M-26OCT050100-00,0.9900,1.00,no
2026-10-05T04:56:42.612566Z,KXNEAR15M-26OCT050100-00,0.9900,6.00,yes
2026-10-05T04:56:44.054786Z,KXNEAR15M-26OCT050100-00,0.9890,2.00,no
2026-10-05T04:56:44.061082Z,KXNEAR15M-26OCT050100-00,0.9890,1.00,no
2026-10-05T04:56:44.161975Z,KXNEAR15M-26OCT050100-00,0.9900,4.00,no
2026-10-05T04:56:44.168263Z,KXNEAR15M-26OCT050100-00,0.9900,1.00,no
2026-10-05T04:56:44.176291Z,KXNEAR15M-26OCT050100-00,0.9900,1.00,no
2026-10-05T04:56:45.570768Z,KXNEAR15M-26OCT050100-00,0.9930,10.00,yes
2026-10-05T04:56:47.116893Z,KXNEAR15M-26OCT050100-00,0.9950,2.00,yes
2026-10-05T04:56:47.116893Z,KXNEAR15M-26OCT050100-00,0.9930,94.00,yes
2026-10-05T04:56:47.116893Z,KXNEAR15M-26OCT050100-00,0.9930,17.00,yes
2026-10-05T04:56:47.116893Z,KXNEAR15M-26OCT050100-00,0.9950,104.00,yes
2026-10-05T04:56:47.173949Z,KXNEAR15M-26OCT050100-00,0.9950,10.00,no
2026-10-05T04:56:47.182977Z,KXNEAR15M-26OCT050100-00,0.9950,4.00,no
2026-10-05T04:56:47.32927Z,KXNEAR15M-26OCT050100-00,0.9950,2.00,no
2026-10-05T04:56:47.34367Z,KXNEAR15M-26OCT050100-00,0.9950,2.00,no
2026-10-05T04:56:49.773174Z,KXNEAR15M-26OCT050100-00,0.9950,29.91,no
2026-10-05T04:56:51.907114Z,KXNEAR15M-26OCT050100-00,0.9950,2.00,no
2026-10-05T04:57:00.121739Z,KXNEAR15M-26OCT050100-00,0.9960,5.00,yes
2026-10-05T04:57:00.127073Z,KXNEAR15M-26OCT050100-00,0.9960,1.00,yes
2026-10-05T04:57:00.246336Z,KXNEAR15M-26OCT050100-00,0.9960,4.00,yes
2026-10-05T04:57:00.246336Z,KXNEAR15M-26OCT050100-00,0.9960,2.00,yes
2026-10-05T04:57:00.906675Z,KXNEAR15M-26OCT050100-00,0.9970,1.00,yes
2026-10-05T04:57:00.906675Z,KXNEAR15M-26OCT050100-00,0.9970,18.00,yes
2026-10-05T04:57:00.906675Z,KXNEAR15M-26OCT050100-00,0.9970,2.00,yes
2026-10-05T04:57:00.906675Z,KXNEAR15M-26OCT050100-00,0.9970,2.00,yes
2026-10-05T04:57:00.906675Z,KXNEAR15M-26OCT050100-00,0.9970,2.00,yes
2026-10-05T04:57:00.906675Z,KXNEAR15M-26OCT050100-00,0.9970,2.00,yes
2026-10-05T04:57:00.906675Z,KXNEAR15M-26OCT050100-00,0.9970,2.00,yes
2026-10-05T04:57:00.906675Z,KXNEAR15M-26OCT050100-00,0.9970,250.00,yes
2026-10-05T04:57:08.849352Z,KXNEAR15M-26OCT050100-00,0.9960,29.15,no
2026-10-05T04:57:10.267083Z,KXNEAR15M-26OCT050100-00,0.9960,1.00,no
2026-10-05T04:57:10.273855Z,KXNEAR15M-26OCT050100-00,0.9960,1.00,no
2026-10-05T04:57:10.280749Z,KXNEAR15M-26OCT050100-00,0.9960,2.00,no
2026-10-05T04:57:11.253486Z,KXNEAR15M-26OCT050100-00,0.9970,41.00,yes
2026-10-05T04:57:11.253486Z,KXNEAR15M-26OCT050100-00,0.9970,1.00,yes
2026-10-05T04:57:15.026149Z,KXNEAR15M-26OCT050100-00,0.9960,64.76,no
2026-10-05T04:57:27.400557Z,KXNEAR15M-26OCT050100-00,0.9960,229.04,no
2026-10-05T04:57:31.241084Z,KXNEAR15M-26OCT050100-00,0.9970,50.87,no
2026-10-05T04:57:31.722531Z,KXNEAR15M-26OCT050100-00,0.9980,7.00,yes
2026-10-05T04:57:31.728784Z,KXNEAR15M-26OCT050100-00,0.9980,2.00,yes
2026-10-05T04:57:32.526815Z,KXNEAR15M-26OCT050100-00,0.9980,2.00,yes
2026-10-05T04:57:32.74599Z,KXNEAR15M-26OCT050100-00,0.9980,2.00,yes
2026-10-05T04:57:32.752643Z,KXNEAR15M-26OCT050100-00,0.9980,2.00,yes
2026-10-05T04:57:33.668683Z,KXNEAR15M-26OCT050100-00,0.9980,2.00,yes
2026-10-05T04:57:33.675658Z,KXNEAR15M-26OCT050100-00,0.9980,2.00,yes
2026-10-05T04:57:36.090198Z,KXNEAR15M-26OCT050100-00,0.9980,2.00,yes
2026-10-05T04:57:36.09961Z,KXNEAR15M-26OCT050100-00,0.9980,2.00,yes
2026-10-05T04:57:36.30167Z,KXNEAR15M-26OCT050100-00,0.9980,2.00,yes
2026-10-05T04:57:36.308888Z,KXNEAR15M-26OCT050100-00,0.9980,2.00,yes
2026-10-05T04:57:36.892756Z,KXNEAR15M-26OCT050100-00,0.9980,2.00,yes
2026-10-05T04:57:36.89942Z,KXNEAR15M-26OCT050100-00,0.9980,2.00,yes
2026-10-05T04:57:37.035161Z,KXNEAR15M-26OCT050100-00,0.9980,2.00,yes
2026-10-05T04:57:37.274403Z,KXNEAR15M-26OCT050100-00,0.9980,2.00,yes
2026-10-05T04:57:37.424951Z,KXNEAR15M-26OCT050100-00,0.9970,7.00,no
2026-10-05T04:57:37.828979Z,KXNEAR15M-26OCT050100-00,0.9970,3.00,no
2026-10-05T04:57:39.146554Z,KXNEAR15M-26OCT050100-00,0.9970,3.00,no
2026-10-05T04:57:42.076884Z,KXNEAR15M-26OCT050100-00,0.9970,25.00,no
2026-10-05T04:57:43.108973Z,KXNEAR15M-26OCT050100-00,0.9980,5.00,yes
2026-10-05T04:57:43.11358Z,KXNEAR15M-26OCT050100-00,0.9980,2.00,yes
2026-10-05T04:57:43.446999Z,KXNEAR15M-26OCT050100-00,0.9980,2.00,yes
2026-10-05T04:57:43.453311Z,KXNEAR15M-26OCT050100-00,0.9980,2.00,yes
2026-10-05T04:57:43.55248Z,KXNEAR15M-26OCT050100-00,0.9980,10.00,yes
2026-10-05T04:57:43.557478Z,KXNEAR15M-26OCT050100-00,0.9980,2.00,yes
2026-10-05T04:57:43.64371Z,KXNEAR15M-26OCT050100-00,0.9970,311.59,no
2026-10-05T04:57:43.678526Z,KXNEAR15M-26OCT050100-00,0.9980,2.00,yes
2026-10-05T04:57:43.882404Z,KXNEAR15M-26OCT050100-00,0.9980,2.00,yes
2026-10-05T04:57:43.890842Z,KXNEAR15M-26OCT050100-00,0.9980,2.00,yes
2026-10-05T04:57:47.518651Z,KXNEAR15M-26OCT050100-00,0.9980,7.00,yes
2026-10-05T04:57:47.596015Z,KXNEAR15M-26OCT050100-00,0.9980,2.00,yes
2026-10-05T04:57:47.602959Z,KXNEAR15M-26OCT050100-00,0.9980,2.00,yes
2026-10-05T04:57:47.769294Z,KXNEAR15M-26OCT050100-00,0.9980,7.00,yes
2026-10-05T04:57:47.776118Z,KXNEAR15M-26OCT050100-00,0.9980,2.00,yes
2026-10-05T04:57:47.892644Z,KXNEAR15M-26OCT050100-00,0.9980,17.00,yes
2026-10-05T04:57:47.897036Z,KXNEAR15M-26OCT050100-00,0.9980,7.00,yes
2026-10-05T04:57:47.904749Z,KXNEAR15M-26OCT050100-00,0.9980,5.00,yes
2026-10-05T04:57:47.909315Z,KXNEAR15M-26OCT050100-00,0.9980,2.00,yes
2026-10-05T04:57:48.967658Z,KXNEAR15M-26OCT050100-00,0.9980,2.00,yes
2026-10-05T04:57:48.97298Z,KXNEAR15M-26OCT050100-00,0.9980,2.00,yes
2026-10-05T04:57:48.979561Z,KXNEAR15M-26OCT050100-00,0.9980,2.00,yes
2026-10-05T04:57:49.433204Z,KXNEAR15M-26OCT050100-00,0.9980,2.00,yes
2026-10-05T04:57:49.85864Z,KXNEAR15M-26OCT050100-00,0.9980,2.00,yes
2026-10-05T04:57:49.865101Z,KXNEAR15M-26OCT050100-00,0.9980,2.00,yes
2026-10-05T04:57:49.870434Z,KXNEAR15M-26OCT050100-00,0.9980,2.00,yes
2026-10-05T04:57:49.877389Z,KXNEAR15M-26OCT050100-00,0.9980,2.00,yes
2026-10-05T04:57:50.971162Z,KXNEAR15M-26OCT050100-00,0.9980,2.00,yes
2026-10-05T04:57:51.469059Z,KXNEAR15M-26OCT050100-00,0.9980,2.00,yes
2026-10-05T04:57:51.475134Z,KXNEAR15M-26OCT050100-00,0.9970,4.00,no
2026-10-05T04:57:51.476596Z,KXNEAR15M-26OCT050100-00,0.9970,1.00,no
2026-10-05T04:57:51.481056Z,KXNEAR15M-26OCT050100-00,0.9970,8.00,no
2026-10-05T04:57:51.487977Z,KXNEAR15M-26OCT050100-00,0.9970,4.00,no
2026-10-05T04:57:52.496636Z,KXNEAR15M-26OCT050100-00,0.9970,10.00,no
2026-10-05T04:57:52.502996Z,KXNEAR15M-26OCT050100-00,0.9970,3.00,no
2026-10-05T04:57:54.628683Z,KXNEAR15M-26OCT050100-00,0.9970,4.00,no
2026-10-05T04:57:54.739101Z,KXNEAR15M-26OCT050100-00,0.9970,3.00,no
2026-10-05T04:58:00.515925Z,KXNEAR15M-26OCT050100-00,0.9980,6.18,yes
2026-10-05T04:58:00.515925Z,KXNEAR15M-26OCT050100-00,0.9980,589.82,yes
2026-10-05T04:58:00.515925Z,KXNEAR15M-26OCT050100-00,0.9980,3.00,yes
2026-10-05T04:58:00.515925Z,KXNEAR15M-26OCT050100-00,0.9980,3.00,yes
2026-10-05T04:58:00.515925Z,KXNEAR15M-26OCT050100-00,0.9980,26.00,yes
2026-10-05T04:58:00.515925Z,KXNEAR15M-26OCT050100-00,0.9980,3.00,yes
2026-10-05T04:58:00.515925Z,KXNEAR15M-26OCT050100-00,0.9980,3.00,yes
2026-10-05T04:58:00.515925Z,KXNEAR15M-26OCT050100-00,0.9980,3.00,yes
2026-10-05T04:58:00.515925Z,KXNEAR15M-26OCT050100-00,0.9980,50.00,yes
2026-10-05T04:58:00.515925Z,KXNEAR15M-26OCT050100-00,0.9980,10.00,yes
2026-10-05T04:58:00.515925Z,KXNEAR15M-26OCT050100-00,0.9980,500.00,yes
2026-10-05T04:58:00.515925Z,KXNEAR15M-26OCT050100-00,0.9980,100.00,yes
2026-10-05T04:58:00.515925Z,KXNEAR15M-26OCT050100-00,0.9980,65.00,yes
2026-10-05T04:58:00.917855Z,KXNEAR15M-26OCT050100-00,0.9980,5.00,yes
2026-10-05T04:58:01.377043Z,KXNEAR15M-26OCT050100-00,0.9980,1.50,yes
2026-10-05T04:58:05.368859Z,KXNEAR15M-26OCT050100-00,0.9980,2.00,yes
2026-10-05T04:58:05.506524Z,KXNEAR15M-26OCT050100-00,0.9980,5.00,yes
2026-10-05T04:58:05.512492Z,KXNEAR15M-26OCT050100-00,0.9980,2.00,yes
2026-10-05T04:58:05.517437Z,KXNEAR15M-26OCT050100-00,0.9980,2.00,yes
2026-10-05T04:58:05.524323Z,KXNEAR15M-26OCT050100-00,0.9980,2.00,yes
2026-10-05T04:58:06.788514Z,KXNEAR15M-26OCT050100-00,0.9980,2.00,yes
2026-10-05T04:58:06.788514Z,KXNEAR15M-26OCT050100-00,0.9980,7.96,yes
2026-10-05T04:58:06.788514Z,KXNEAR15M-26OCT050100-00,0.9980,36.54,yes
2026-10-05T04:58:06.788514Z,KXNEAR15M-26OCT050100-00,0.9980,5.50,yes
2026-10-05T04:58:08.180555Z,KXNEAR15M-26OCT050100-00,0.9980,362.54,yes
2026-10-05T04:58:13.041491Z,KXNEAR15M-26OCT050100-00,0.9980,1.47,yes
2026-10-05T04:58:13.041491Z,KXNEAR15M-26OCT050100-00,0.9980,100.92,yes
2026-10-05T04:58:18.722539Z,KXNEAR15M-26OCT050100-00,0.9970,52.99,no
2026-10-05T04:58:18.722539Z,KXNEAR15M-26OCT050100-00,0.9980,20.96,no
2026-10-05T04:58:18.722539Z,KXNEAR15M-26OCT050100-00,0.9980,7.00,no
2026-10-05T04:58:18.722539Z,KXNEAR15M-26OCT050100-00,0.9980,7.00,no
2026-10-05T04:58:18.722539Z,KXNEAR15M-26OCT050100-00,0.9980,1.53,no
2026-10-05T04:58:21.37035Z,KXNEAR15M-26OCT050100-00,0.9990,1.00,yes
2026-10-05T04:58:21.37035Z,KXNEAR15M-26OCT050100-00,0.9990,1.00,yes
2026-10-05T04:58:21.37035Z,KXNEAR15M-26OCT050100-00,0.9990,200.00,yes
2026-10-05T04:58:21.37035Z,KXNEAR15M-26OCT050100-00,0.9990,195.68,yes
2026-10-05T04:58:21.37035Z,KXNEAR15M-26OCT050100-00,0.9990,10.00,yes
2026-10-05T04:58:25.532278Z,KXNEAR15M-26OCT050100-00,0.9990,100.00,yes
2026-10-05T04:58:25.532278Z,KXNEAR15M-26OCT050100-00,0.9990,104.00,yes
2026-10-05T04:58:25.532278Z,KXNEAR15M-26OCT050100-00,0.9990,50.00,yes
2026-10-05T04:58:25.532278Z,KXNEAR15M-26OCT050100-00,0.9990,1.00,yes
2026-10-05T04:58:25.532278Z,KXNEAR15M-26OCT050100-00,0.9990,2304.32,yes
2026-10-05T04:58:32.699157Z,KXNEAR15M-26OCT050100-00,0.9990,104.00,no
2026-10-05T04:58:32.699157Z,KXNEAR15M-26OCT050100-00,0.9990,811.99,no
2026-10-05T04:58:38.548776Z,KXNEAR15M-26OCT050100-00,0.9990,36.64,no
2026-10-05T04:58:48.403237Z,KXNEAR15M-26OCT050100-00,0.9990,1.50,no
2026-10-05T04:58:51.482523Z,KXNEAR15M-26OCT050100-00,0.9990,934.69,no
2026-10-05T04:58:55.006442Z,KXNEAR15M-26OCT050100-00,0.9990,519.50,no
2026-10-05T04:58:55.006442Z,KXNEAR15M-26OCT050100-00,0.9990,396.49,no
2026-10-05T04:58:57.407892Z,KXNEAR15M-26OCT050100-00,0.9950,200.00,no
2026-10-05T04:58:57.407892Z,KXNEAR15M-26OCT050100-00,0.9990,194.80,no
2026-10-05T04:58:57.407892Z,KXNEAR15M-26OCT050100-00,0.9990,272.00,no
2026-10-05T04:58:57.407892Z,KXNEAR15M-26OCT050100-00,0.9990,145.00,no
2026-10-05T04:58:57.407892Z,KXNEAR15M-26OCT050100-00,0.9990,209.02,no
2026-10-05T04:58:57.407892Z,KXNEAR15M-26OCT050100-00,0.9980,1.47,no
2026-10-05T04:58:57.407892Z,KXNEAR15M-26OCT050100-00,0.9990,195.68,no
2026-10-05T04:58:57.407892Z,KXNEAR15M-26OCT050100-00,0.9980,200.00,no
2026-10-05T04:58:57.407892Z,KXNEAR15M-26OCT050100-00,0.9980,10.00,no
2026-10-05T04:58:57.407892Z,KXNEAR15M-26OCT050100-00,0.9990,362.54,no
2026-10-05T04:58:57.407892Z,KXNEAR15M-26OCT050100-00,0.9990,100.92,no
2026-10-05T04:58:57.407892Z,KXNEAR15M-26OCT050100-00,0.9990,500.00,no
2026-10-05T04:58:57.407892Z,KXNEAR15M-26OCT050100-00,0.9970,10.00,no
2026-10-05T04:58:57.407892Z,KXNEAR15M-26OCT050100-00,0.9950,1.41,no
2026-10-05T04:58:57.407892Z,KXNEAR15M-26OCT050100-00,0.9960,1.28,no
2026-10-05T04:58:57.407892Z,KXNEAR15M-26OCT050100-00,0.9970,1.16,no
2026-10-05T04:58:57.407892Z,KXNEAR15M-26OCT050100-00,0.9940,1.63,no
2026-10-05T04:58:57.407892Z,KXNEAR15M-26OCT050100-00,0.9990,36.54,no
2026-10-05T04:58:57.407892Z,KXNEAR15M-26OCT050100-00,0.9940,193.15,no
2026-10-05T04:58:57.407892Z,KXNEAR15M-26OCT050100-00,0.9990,1.00,no
2026-10-05T04:58:59.865564Z,KXNEAR15M-26OCT050100-00,0.9990,36.00,yes
2026-10-05T04:59:01.139039Z,KXNEAR15M-26OCT050100-00,0.9990,65.00,yes
2026-10-05T04:59:05.062099Z,KXNEAR15M-26OCT050100-00,0.9980,0.01,no
2026-10-05T04:59:05.062099Z,KXNEAR15M-26OCT050100-00,0.9980,11.00,no
2026-10-05T04:59:05.062099Z,KXNEAR15M-26OCT050100-00,0.9970,1.83,no
2026-10-05T04:59:05.062099Z,KXNEAR15M-26OCT050100-00,0.9980,20.00,no
2026-10-05T04:59:05.062099Z,KXNEAR15M-26OCT050100-00,0.9980,36.00,no
2026-10-05T04:59:05.062099Z,KXNEAR15M-26OCT050100-00,0.9960,104.00,no
2026-10-05T04:59:05.062099Z,KXNEAR15M-26OCT050100-00,0.9960,1.83,no
2026-10-05T04:59:05.062099Z,KXNEAR15M-26OCT050100-00,0.9950,41.13,no
2026-10-05T04:59:05.062099Z,KXNEAR15M-26OCT050100-00,0.9980,1.83,no
2026-10-05T04:59:05.062099Z,KXNEAR15M-26OCT050100-00,0.9980,10.00,no
2026-10-05T04:59:05.062099Z,KXNEAR15M-26OCT050100-00,0.9980,65.00,no
2026-10-05T04:59:05.726261Z,KXNEAR15M-26OCT050100-00,0.9980,104.00,yes
2026-10-05T04:59:05.726261Z,KXNEAR15M-26OCT050100-00,0.9980,77.50,yes
2026-10-05T04:59:05.726261Z,KXNEAR15M-26OCT050100-00,0.9980,25.00,yes
2026-10-05T04:59:06.178935Z,KXNEAR15M-26OCT050100-00,0.9980,7.00,yes
2026-10-05T04:59:06.18481Z,KXNEAR15M-26OCT050100-00,0.9980,5.00,yes
2026-10-05T04:59:06.776256Z,KXNEAR15M-26OCT050100-00,0.9980,2.00,yes
2026-10-05T04:59:07.072079Z,KXNEAR15M-26OCT050100-00,0.9980,2.00,yes
2026-10-05T04:59:07.07729Z,KXNEAR15M-26OCT050100-00,0.9980,2.00,yes
2026-10-05T04:59:07.082738Z,KXNEAR15M-26OCT050100-00,0.9980,2.00,yes
2026-10-05T04:59:07.08895Z,KXNEAR15M-26OCT050100-00,0.9980,2.00,yes
2026-10-05T04:59:07.096135Z,KXNEAR15M-26OCT050100-00,0.9970,10.00,no
2026-10-05T04:59:07.096135Z,KXNEAR15M-26OCT050100-00,0.9970,1.83,no
2026-10-05T04:59:07.096135Z,KXNEAR15M-26OCT050100-00,0.9940,91.50,no
2026-10-05T04:59:07.096135Z,KXNEAR15M-26OCT050100-00,0.9970,21.00,no
2026-10-05T04:59:07.096135Z,KXNEAR15M-26OCT050100-00,0.9960,1.83,no
2026-10-05T04:59:07.096135Z,KXNEAR15M-26OCT050100-00,0.9960,2.01,no
2026-10-05T04:59:07.096135Z,KXNEAR15M-26OCT050100-00,0.9940,14.00,no
2026-10-05T04:59:07.096135Z,KXNEAR15M-26OCT050100-00,0.9950,2.01,no
2026-10-05T04:59:07.096135Z,KXNEAR15M-26OCT050100-00,0.9940,2.21,no
2026-10-05T04:59:07.096135Z,KXNEAR15M-26OCT050100-00,0.9920,57.98,no
2026-10-05T04:59:07.096135Z,KXNEAR15M-26OCT050100-00,0.9930,1.79,no
2026-10-05T04:59:07.096135Z,KXNEAR15M-26OCT050100-00,0.9920,1.96,no
2026-10-05T04:59:07.096135Z,KXNEAR15M-26OCT050100-00,0.9930,50.00,no
2026-10-05T04:59:07.475415Z,KXNEAR15M-26OCT050100-00,0.9980,2.00,yes
2026-10-05T04:59:07.482159Z,KXNEAR15M-26OCT050100-00,0.9980,2.00,yes
2026-10-05T04:59:07.489607Z,KXNEAR15M-26OCT050100-00,0.9980,2.00,yes
2026-10-05T04:59:07.494594Z,KXNEAR15M-26OCT050100-00,0.9980,2.00,yes
2026-10-05T04:59:07.512906Z,KXNEAR15M-26OCT050100-00,0.9980,17.00,yes
2026-10-05T04:59:07.512906Z,KXNEAR15M-26OCT050100-00,0.9980,108.50,yes
2026-10-05T04:59:07.560559Z,KXNEAR15M-26OCT050100-00,0.9980,5.00,yes
2026-10-05T04:59:07.565099Z,KXNEAR15M-26OCT050100-00,0.9980,5.00,yes
2026-10-05T04:59:07.572161Z,KXNEAR15M-26OCT050100-00,0.9980,2.00,yes
2026-10-05T04:59:07.83025Z,KXNEAR15M-26OCT050100-00,0.9980,2.00,yes
2026-10-05T04:59:07.835794Z,KXNEAR15M-26OCT050100-00,0.9980,2.00,yes
2026-10-05T04:59:07.842631Z,KXNEAR15M-26OCT050100-00,0.9980,2.00,yes
2026-10-05T04:59:08.253923Z,KXNEAR15M-26OCT050100-00,0.9960,1.83,no
2026-10-05T04:59:08.253923Z,KXNEAR15M-26OCT050100-00,0.9960,104.00,no
2026-10-05T04:59:08.253923Z,KXNEAR15M-26OCT050100-00,0.9970,1.83,no
2026-10-05T04:59:08.253923Z,KXNEAR15M-26OCT050100-00,0.9970,6.00,no
2026-10-05T04:59:08.253923Z,KXNEAR15M-26OCT050100-00,0.9970,15.00,no
2026-10-05T04:59:08.253923Z,KXNEAR15M-26OCT050100-00,0.9950,86.01,no
2026-10-05T04:59:09.337091Z,KXNEAR15M-26OCT050100-00,0.9980,2.00,yes
2026-10-05T04:59:09.337091Z,KXNEAR15M-26OCT050100-00,0.9980,2.00,yes
2026-10-05T04:59:09.337091Z,KXNEAR15M-26OCT050100-00,0.9980,2.00,yes
2026-10-05T04:59:09.337091Z,KXNEAR15M-26OCT050100-00,0.9980,2.00,yes
2026-10-05T04:59:09.337091Z,KXNEAR15M-26OCT050100-00,0.9980,17.00,yes
2026-10-05T04:59:09.337091Z,KXNEAR15M-26OCT050100-00,0.9970,104.00,yes
2026-10-05T04:59:09.337091Z,KXNEAR15M-26OCT050100-00,0.9980,5.50,yes
2026-10-05T04:59:09.337091Z,KXNEAR15M-26OCT050100-00,0.9980,65.50,yes
2026-10-05T04:59:11.442663Z,KXNEAR15M-26OCT050100-00,0.9970,101.92,yes
2026-10-05T04:59:12.732094Z,KXNEAR15M-26OCT050100-00,0.9990,50.00,yes
2026-10-05T04:59:12.732094Z,KXNEAR15M-26OCT050100-00,0.9990,40.00,yes
2026-10-05T04:59:12.732094Z,KXNEAR15M-26OCT050100-00,0.9990,65.00,yes
2026-10-05T04:59:12.732094Z,KXNEAR15M-26OCT050100-00,0.9990,36.00,yes
2026-10-05T04:59:12.732094Z,KXNEAR15M-26OCT050100-00,0.9990,99.00,yes
2026-10-05T04:59:42.280332Z,KXNEAR15M-26OCT050100-00,0.9990,2.25,no
2026-10-05T04:55:56.294564Z,KXBNB15M-26OCT050100-00,0.0400,39.08,yes
2026-10-05T04:55:56.294564Z,KXBNB15M-26OCT050100-00,0.0400,5.00,yes
2026-10-05T04:55:56.294564Z,KXBNB15M-26OCT050100-00,0.0400,15.00,yes
2026-10-05T04:55:56.294564Z,KXBNB15M-26OCT050100-00,0.0300,30.00,yes
2026-10-05T04:55:56.294564Z,KXBNB15M-26OCT050100-00,0.0300,30.00,yes
2026-10-05T04:55:56.294564Z,KXBNB15M-26OCT050100-00,0.0290,15.00,yes
2026-10-05T04:55:56.294564Z,KXBNB15M-26OCT050100-00,0.0290,1.00,yes
2026-10-05T04:56:00.149957Z,KXBNB15M-26OCT050100-00,0.0280,2.00,yes
2026-10-05T04:56:00.149957Z,KXBNB15M-26OCT050100-00,0.0270,2.00,yes
2026-10-05T04:56:04.722247Z,KXBNB15M-26OCT050100-00,0.0220,2.00,yes
2026-10-05T04:56:04.722247Z,KXBNB15M-26OCT050100-00,0.0210,2.00,yes
2026-10-05T04:56:04.954915Z,KXBNB15M-26OCT050100-00,0.0240,2.00,yes
2026-10-05T04:56:04.954915Z,KXBNB15M-26OCT050100-00,0.0230,2.00,yes
2026-10-05T04:56:04.954915Z,KXBNB15M-26OCT050100-00,0.0300,1.15,yes
2026-10-05T04:56:04.954915Z,KXBNB15M-26OCT050100-00,0.0250,20.00,yes
2026-10-05T04:56:04.954915Z,KXBNB15M-26OCT050100-00,0.0290,10.00,yes
2026-10-05T04:56:08.528986Z,KXBNB15M-26OCT050100-00,0.0280,1.00,yes
2026-10-05T04:56:08.528986Z,KXBNB15M-26OCT050100-00,0.0280,10.00,yes
2026-10-05T04:56:08.528986Z,KXBNB15M-26OCT050100-00,0.0280,2.00,yes
2026-10-05T04:56:09.2453Z,KXBNB15M-26OCT050100-00,0.0280,1.00,yes
2026-10-05T04:56:09.957264Z,KXBNB15M-26OCT050100-00,0.0280,3.34,yes
2026-10-05T04:56:10.044367Z,KXBNB15M-26OCT050100-00,0.0290,6.00,yes
2026-10-05T04:56:10.044367Z,KXBNB15M-26OCT050100-00,0.0300,14.04,yes
2026-10-05T04:56:10.044367Z,KXBNB15M-26OCT050100-00,0.0290,2.00,yes
2026-10-05T04:56:10.044367Z,KXBNB15M-26OCT050100-00,0.0280,10.00,yes
2026-10-05T04:56:13.320181Z,KXBNB15M-26OCT050100-00,0.0210,4.45,yes
2026-10-05T04:56:16.651331Z,KXBNB15M-26OCT050100-00,0.0200,0.46,no
2026-10-05T04:56:16.651331Z,KXBNB15M-26OCT050100-00,0.0200,29.00,no
2026-10-05T04:56:16.651331Z,KXBNB15M-26OCT050100-00,0.0200,10.00,no
2026-10-05T04:56:16.651331Z,KXBNB15M-26OCT050100-00,0.0200,2.00,no
2026-10-05T04:56:16.651331Z,KXBNB15M-26OCT050100-00,0.0200,5.00,no
2026-10-05T04:56:16.651331Z,KXBNB15M-26OCT050100-00,0.0190,3.54,no
2026-10-05T04:56:21.365397Z,KXBNB15M-26OCT050100-00,0.0200,2.00,yes
2026-10-05T04:56:21.502929Z,KXBNB15M-26OCT050100-00,0.0150,1.00,no
2026-10-05T04:56:21.502929Z,KXBNB15M-26OCT050100-00,0.0120,10.00,no
2026-10-05T04:56:21.502929Z,KXBNB15M-26OCT050100-00,0.0190,0.91,no
2026-10-05T04:56:21.502929Z,KXBNB15M-26OCT050100-00,0.0150,23.64,no
2026-10-05T04:56:21.502929Z,KXBNB15M-26OCT050100-00,0.0120,12.44,no
2026-10-05T04:56:21.502929Z,KXBNB15M-26OCT050100-00,0.0170,6.00,no
2026-10-05T04:56:21.502929Z,KXBNB15M-26OCT050100-00,0.0150,2.01,no
2026-10-05T04:56:21.502929Z,KXBNB15M-26OCT050100-00,0.0190,4.00,no
2026-10-05T04:56:23.163602Z,KXBNB15M-26OCT050100-00,0.0150,1.42,yes
2026-10-05T04:56:24.806702Z,KXBNB15M-26OCT050100-00,0.0110,1.00,no
2026-10-05T04:56:24.806702Z,KXBNB15M-26OCT050100-00,0.0110,1.00,no
2026-10-05T04:56:24.806702Z,KXBNB15M-26OCT050100-00,0.0100,20.00,no
2026-10-05T04:56:24.806702Z,KXBNB15M-26OCT050100-00,0.0110,10.00,no
2026-10-05T04:56:24.806702Z,KXBNB15M-26OCT050100-00,0.0100,10.00,no
2026-10-05T04:56:24.806702Z,KXBNB15M-26OCT050100-00,0.0100,53.25,no
2026-10-05T04:56:24.806702Z,KXBNB15M-26OCT050100-00,0.0110,1.00,no
2026-10-05T04:56:24.806702Z,KXBNB15M-26OCT050100-00,0.0120,2.00,no
2026-10-05T04:56:24.806702Z,KXBNB15M-26OCT050100-00,0.0130,2.00,no
2026-10-05T04:56:24.806702Z,KXBNB15M-26OCT050100-00,0.0120,30.00,no
2026-10-05T04:56:24.998857Z,KXBNB15M-26OCT050100-00,0.0150,10.00,yes
2026-10-05T04:56:24.998857Z,KXBNB15M-26OCT050100-00,0.0210,28.44,yes
2026-10-05T04:56:24.998857Z,KXBNB15M-26OCT050100-00,0.0140,20.00,yes
2026-10-05T04:56:24.998857Z,KXBNB15M-26OCT050100-00,0.0190,1.00,yes
2026-10-05T04:56:24.998857Z,KXBNB15M-26OCT050100-00,0.0150,10.00,yes
2026-10-05T04:56:24.998857Z,KXBNB15M-26OCT050100-00,0.0140,53.25,yes
2026-10-05T04:56:24.998857Z,KXBNB15M-26OCT050100-00,0.0210,40.00,yes
2026-10-05T04:56:24.998857Z,KXBNB15M-26OCT050100-00,0.0210,50.00,yes
2026-10-05T04:56:24.998857Z,KXBNB15M-26OCT050100-00,0.0150,4.00,yes
2026-10-05T04:56:24.998857Z,KXBNB15M-26OCT050100-00,0.0210,40.00,yes
2026-10-05T04:56:24.998857Z,KXBNB15M-26OCT050100-00,0.0210,55.00,yes
2026-10-05T04:56:24.998857Z,KXBNB15M-26OCT050100-00,0.0190,46.65,yes
2026-10-05T04:56:24.998857Z,KXBNB15M-26OCT050100-00,0.0200,18.00,yes
2026-10-05T04:56:24.998857Z,KXBNB15M-26OCT050100-00,0.0200,19.00,yes
2026-10-05T04:56:24.998857Z,KXBNB15M-26OCT050100-00,0.0200,15.00,yes
2026-10-05T04:56:24.998857Z,KXBNB15M-26OCT050100-00,0.0150,8.58,yes
2026-10-05T04:56:24.998857Z,KXBNB15M-26OCT050100-00,0.0180,31.00,yes
2026-10-05T04:56:24.998857Z,KXBNB15M-26OCT050100-00,0.0180,6.00,yes
2026-10-05T04:56:32.226384Z,KXBNB15M-26OCT050100-00,0.0100,1.00,no
2026-10-05T04:56:32.226384Z,KXBNB15M-26OCT050100-00,0.0100,21.75,no
2026-10-05T04:56:32.226384Z,KXBNB15M-26OCT050100-00,0.0100,20.00,no
2026-10-05T04:56:32.226384Z,KXBNB15M-26OCT050100-00,0.0100,8.00,no
2026-10-05T04:56:32.226384Z,KXBNB15M-26OCT050100-00,0.0110,6.00,no
2026-10-05T04:56:32.226384Z,KXBNB15M-26OCT050100-00,0.0110,37.00,no
2026-10-05T04:56:33.14729Z,KXBNB15M-26OCT050100-00,0.0100,6.00,no
2026-10-05T04:56:33.671201Z,KXBNB15M-26OCT050100-00,0.0120,70.00,yes
2026-10-05T04:56:34.159645Z,KXBNB15M-26OCT050100-00,0.0100,23.00,no
2026-10-05T04:56:34.159645Z,KXBNB15M-26OCT050100-00,0.0100,2.00,no
2026-10-05T04:56:34.159645Z,KXBNB15M-26OCT050100-00,0.0100,2.00,no
2026-10-05T04:56:34.729207Z,KXBNB15M-26OCT050100-00,0.0120,3.00,yes
2026-10-05T04:56:35.327307Z,KXBNB15M-26OCT050100-00,0.0120,4.00,yes
2026-10-05T04:56:35.327307Z,KXBNB15M-26OCT050100-00,0.0120,0.25,yes
2026-10-05T04:56:35.380811Z,KXBNB15M-26OCT050100-00,0.0090,20.00,no
2026-10-05T04:56:35.380811Z,KXBNB15M-26OCT050100-00,0.0080,20.00,no
2026-10-05T04:56:35.380811Z,KXBNB15M-26OCT050100-00,0.0050,30.00,no
2026-10-05T04:56:35.380811Z,KXBNB15M-26OCT050100-00,0.0040,20.00,no
2026-10-05T04:56:35.380811Z,KXBNB15M-26OCT050100-00,0.0060,20.00,no
2026-10-05T04:56:35.380811Z,KXBNB15M-26OCT050100-00,0.0050,20.00,no
2026-10-05T04:56:35.380811Z,KXBNB15M-26OCT050100-00,0.0070,20.00,no
2026-10-05T04:56:35.380811Z,KXBNB15M-26OCT050100-00,0.0040,507.32,no
2026-10-05T04:56:35.380811Z,KXBNB15M-26OCT050100-00,0.0050,11.00,no
2026-10-05T04:56:35.380811Z,KXBNB15M-26OCT050100-00,0.0110,37.00,no
2026-10-05T04:56:35.380811Z,KXBNB15M-26OCT050100-00,0.0100,17.00,no
2026-10-05T04:56:35.380811Z,KXBNB15M-26OCT050100-00,0.0060,10.00,no
2026-10-05T04:56:35.380811Z,KXBNB15M-26OCT050100-00,0.0110,2.00,no
2026-10-05T04:56:35.380811Z,KXBNB15M-26OCT050100-00,0.0110,17.00,no
2026-10-05T04:56:35.380811Z,KXBNB15M-26OCT050100-00,0.0070,4.00,no
2026-10-05T04:56:36.081407Z,KXBNB15M-26OCT050100-00,0.0100,2.00,no
2026-10-05T04:56:42.553777Z,KXBNB15M-26OCT050100-00,0.0060,0.34,no
2026-10-05T04:56:43.195945Z,KXBNB15M-26OCT050100-00,0.0080,91.00,yes
2026-10-05T04:56:43.548347Z,KXBNB15M-26OCT050100-00,0.0080,2.00,yes
2026-10-05T04:56:43.548968Z,KXBNB15M-26OCT050100-00,0.0080,2.00,yes
2026-10-05T04:56:43.660378Z,KXBNB15M-26OCT050100-00,0.0080,9.00,yes
2026-10-05T04:56:43.749052Z,KXBNB15M-26OCT050100-00,0.0080,3.00,yes
2026-10-05T04:56:44.261142Z,KXBNB15M-26OCT050100-00,0.0080,20.75,yes
2026-10-05T04:56:44.261142Z,KXBNB15M-26OCT050100-00,0.0080,20.00,yes
2026-10-05T04:56:44.261142Z,KXBNB15M-26OCT050100-00,0.0080,20.00,yes
2026-10-05T04:56:44.261142Z,KXBNB15M-26OCT050100-00,0.0080,20.00,yes
2026-10-05T04:56:44.261142Z,KXBNB15M-26OCT050100-00,0.0080,20.00,yes
2026-10-05T04:56:44.261142Z,KXBNB15M-26OCT050100-00,0.0080,0.25,yes
2026-10-05T04:56:44.34502Z,KXBNB15M-26OCT050100-00,0.0040,13.00,no
2026-10-05T04:56:44.34502Z,KXBNB15M-26OCT050100-00,0.0040,1.00,no
2026-10-05T04:56:44.34502Z,KXBNB15M-26OCT050100-00,0.0040,1.00,no
2026-10-05T04:56:44.34502Z,KXBNB15M-26OCT050100-00,0.0030,100.00,no
2026-10-05T04:56:44.34502Z,KXBNB15M-26OCT050100-00,0.0030,20.00,no
2026-10-05T04:56:44.34502Z,KXBNB15M-26OCT050100-00,0.0030,164.32,no
2026-10-05T04:56:44.34502Z,KXBNB15M-26OCT050100-00,0.0040,1.00,no
2026-10-05T04:56:44.34502Z,KXBNB15M-26OCT050100-00,0.0040,1.00,no
2026-10-05T04:56:44.34502Z,KXBNB15M-26OCT050100-00,0.0040,1.00,no
2026-10-05T04:56:44.34502Z,KXBNB15M-26OCT050100-00,0.0040,30.00,no
2026-10-05T04:56:44.34502Z,KXBNB15M-26OCT050100-00,0.0070,10.00,no
2026-10-05T04:56:44.34502Z,KXBNB15M-26OCT050100-00,0.0070,2.00,no
2026-10-05T04:56:44.34502Z,KXBNB15M-26OCT050100-00,0.0050,17.00,no
2026-10-05T04:56:44.34502Z,KXBNB15M-26OCT050100-00,0.0070,17.00,no
2026-10-05T04:56:44.34502Z,KXBNB15M-26OCT050100-00,0.0040,19.00,no
2026-10-05T04:56:44.34502Z,KXBNB15M-26OCT050100-00,0.0070,1.00,no
2026-10-05T04:56:44.34502Z,KXBNB15M-26OCT050100-00,0.0060,2.00,no
2026-10-05T04:56:45.203007Z,KXBNB15M-26OCT050100-00,0.0080,17.00,no
2026-10-05T04:56:45.203007Z,KXBNB15M-26OCT050100-00,0.0080,10.00,no
2026-10-05T04:56:55.341383Z,KXBNB15M-26OCT050100-00,0.0190,42.00,yes
2026-10-05T04:56:55.341383Z,KXBNB15M-26OCT050100-00,0.0200,720.03,yes
2026-10-05T04:56:55.341383Z,KXBNB15M-26OCT050100-00,0.0080,164.32,yes
2026-10-05T04:56:55.341383Z,KXBNB15M-26OCT050100-00,0.0090,0.27,yes
2026-10-05T04:56:55.341383Z,KXBNB15M-26OCT050100-00,0.0110,0.33,yes
2026-10-05T04:56:55.341383Z,KXBNB15M-26OCT050100-00,0.0100,0.30,yes
2026-10-05T04:56:55.341383Z,KXBNB15M-26OCT050100-00,0.0090,20.00,yes
2026-10-05T04:56:55.341383Z,KXBNB15M-26OCT050100-00,0.0100,20.00,yes
2026-10-05T04:56:55.341383Z,KXBNB15M-26OCT050100-00,0.0100,40.00,yes
2026-10-05T04:56:55.341383Z,KXBNB15M-26OCT050100-00,0.0080,0.31,yes
2026-10-05T04:56:55.341383Z,KXBNB15M-26OCT050100-00,0.0080,73.00,yes
2026-10-05T04:56:55.341383Z,KXBNB15M-26OCT050100-00,0.0080,20.00,yes
2026-10-05T04:56:55.341383Z,KXBNB15M-26OCT050100-00,0.0180,30.00,yes
2026-10-05T04:56:55.341383Z,KXBNB15M-26OCT050100-00,0.0120,0.25,yes
2026-10-05T04:56:55.341383Z,KXBNB15M-26OCT050100-00,0.0080,1.00,yes
2026-10-05T04:56:55.341383Z,KXBNB15M-26OCT050100-00,0.0140,0.30,yes
2026-10-05T04:56:55.341383Z,KXBNB15M-26OCT050100-00,0.0160,0.36,yes
2026-10-05T04:56:55.341383Z,KXBNB15M-26OCT050100-00,0.0150,0.33,yes
2026-10-05T04:56:55.341383Z,KXBNB15M-26OCT050100-00,0.0130,0.27,yes
2026-10-05T04:56:55.341383Z,KXBNB15M-26OCT050100-00,0.0170,0.40,yes
2026-10-05T04:56:55.341383Z,KXBNB15M-26OCT050100-00,0.0190,0.48,yes
2026-10-05T04:56:55.341383Z,KXBNB15M-26OCT050100-00,0.0200,0.53,yes
2026-10-05T04:56:55.341383Z,KXBNB15M-26OCT050100-00,0.0180,0.44,yes
2026-10-05T04:56:57.32846Z,KXBNB15M-26OCT050100-00,0.0140,2.00,yes
2026-10-05T04:56:57.32846Z,KXBNB15M-26OCT050100-00,0.0150,2.00,yes
2026-10-05T04:56:57.32846Z,KXBNB15M-26OCT050100-00,0.0160,0.31,yes
2026-10-05T04:56:57.32846Z,KXBNB15M-26OCT050100-00,0.0170,0.16,yes
2026-10-05T04:57:03.870841Z,KXBNB15M-26OCT050100-00,0.0130,2.00,no
2026-10-05T04:57:04.299166Z,KXBNB15M-26OCT050100-00,0.0160,0.31,yes
2026-10-05T04:57:04.559864Z,KXBNB15M-26OCT050100-00,0.0100,23.00,no
2026-10-05T04:57:04.559864Z,KXBNB15M-26OCT050100-00,0.0100,2.00,no
2026-10-05T04:57:05.267873Z,KXBNB15M-26OCT050100-00,0.0100,0.01,no
2026-10-05T04:57:05.267873Z,KXBNB15M-26OCT050100-00,0.0090,0.99,no
2026-10-05T04:57:06.421906Z,KXBNB15M-26OCT050100-00,0.0170,2.00,yes
2026-10-05T04:57:06.421906Z,KXBNB15M-26OCT050100-00,0.0270,24.52,yes
2026-10-05T04:57:06.421906Z,KXBNB15M-26OCT050100-00,0.0180,2.00,yes
2026-10-05T04:57:06.421906Z,KXBNB15M-26OCT050100-00,0.0170,0.18,yes
2026-10-05T04:57:06.421906Z,KXBNB15M-26OCT050100-00,0.0190,0.41,yes
2026-10-05T04:57:06.421906Z,KXBNB15M-26OCT050100-00,0.0200,0.45,yes
2026-10-05T04:57:06.421906Z,KXBNB15M-26OCT050100-00,0.0180,0.38,yes
2026-10-05T04:57:06.421906Z,KXBNB15M-26OCT050100-00,0.0200,4.00,yes
2026-10-05T04:57:06.421906Z,KXBNB15M-26OCT050100-00,0.0170,0.16,yes
2026-10-05T04:57:06.421906Z,KXBNB15M-26OCT050100-00,0.0270,0.44,yes
2026-10-05T04:57:06.421906Z,KXBNB15M-26OCT050100-00,0.0210,0.25,yes
2026-10-05T04:57:06.421906Z,KXBNB15M-26OCT050100-00,0.0230,0.30,yes
2026-10-05T04:57:06.421906Z,KXBNB15M-26OCT050100-00,0.0240,0.33,yes
2026-10-05T04:57:06.421906Z,KXBNB15M-26OCT050100-00,0.0260,0.40,yes
2026-10-05T04:57:06.421906Z,KXBNB15M-26OCT050100-00,0.0220,0.27,yes
2026-10-05T04:57:06.421906Z,KXBNB15M-26OCT050100-00,0.0250,0.36,yes
2026-10-05T04:57:07.898394Z,KXBNB15M-26OCT050100-00,0.0290,19.00,yes
2026-10-05T04:57:07.898394Z,KXBNB15M-26OCT050100-00,0.0210,2.00,yes
2026-10-05T04:57:07.898394Z,KXBNB15M-26OCT050100-00,0.0270,0.66,yes
2026-10-05T04:57:07.898394Z,KXBNB15M-26OCT050100-00,0.0220,0.41,yes
2026-10-05T04:57:07.898394Z,KXBNB15M-26OCT050100-00,0.0230,0.45,yes
2026-10-05T04:57:07.898394Z,KXBNB15M-26OCT050100-00,0.0250,0.54,yes
2026-10-05T04:57:07.898394Z,KXBNB15M-26OCT050100-00,0.0210,0.38,yes
2026-10-05T04:57:07.898394Z,KXBNB15M-26OCT050100-00,0.0290,30.00,yes
2026-10-05T04:57:07.898394Z,KXBNB15M-26OCT050100-00,0.0240,0.50,yes
2026-10-05T04:57:07.898394Z,KXBNB15M-26OCT050100-00,0.0220,2.00,yes
2026-10-05T04:57:07.898394Z,KXBNB15M-26OCT050100-00,0.0260,0.60,yes
2026-10-05T04:57:07.898394Z,KXBNB15M-26OCT050100-00,0.0300,42.72,yes
2026-10-05T04:57:07.898394Z,KXBNB15M-26OCT050100-00,0.0300,1.00,yes
2026-10-05T04:57:07.898394Z,KXBNB15M-26OCT050100-00,0.0290,0.53,yes
2026-10-05T04:57:07.898394Z,KXBNB15M-26OCT050100-00,0.0280,0.48,yes
2026-10-05T04:57:07.898394Z,KXBNB15M-26OCT050100-00,0.0300,0.58,yes
2026-10-05T04:57:07.898394Z,KXBNB15M-26OCT050100-00,0.0280,6.00,yes
2026-10-05T04:57:07.898394Z,KXBNB15M-26OCT050100-00,0.0300,50.00,yes
2026-10-05T04:57:08.958577Z,KXBNB15M-26OCT050100-00,0.0100,1.00,no
2026-10-05T04:57:10.262241Z,KXBNB15M-26OCT050100-00,0.0110,19.00,no
2026-10-05T04:57:10.262241Z,KXBNB15M-26OCT050100-00,0.0120,6.00,no
2026-10-05T04:57:10.925634Z,KXBNB15M-26OCT050100-00,0.0220,2.00,yes
2026-10-05T04:57:10.925634Z,KXBNB15M-26OCT050100-00,0.0210,2.00,yes
2026-10-05T04:57:10.925634Z,KXBNB15M-26OCT050100-00,0.0290,18.91,yes
2026-10-05T04:57:10.925634Z,KXBNB15M-26OCT050100-00,0.0240,0.38,yes
2026-10-05T04:57:10.925634Z,KXBNB15M-26OCT050100-00,0.0290,0.60,yes
2026-10-05T04:57:10.925634Z,KXBNB15M-26OCT050100-00,0.0260,0.45,yes
2026-10-05T04:57:10.925634Z,KXBNB15M-26OCT050100-00,0.0280,0.54,yes
2026-10-05T04:57:10.925634Z,KXBNB15M-26OCT050100-00,0.0270,0.50,yes
2026-10-05T04:57:10.925634Z,KXBNB15M-26OCT050100-00,0.0250,0.41,yes
2026-10-05T04:57:10.925634Z,KXBNB15M-26OCT050100-00,0.0220,0.31,yes
2026-10-05T04:57:10.925634Z,KXBNB15M-26OCT050100-00,0.0230,0.34,yes
2026-10-05T04:57:10.925634Z,KXBNB15M-26OCT050100-00,0.0280,6.00,yes
2026-10-05T04:57:13.130094Z,KXBNB15M-26OCT050100-00,0.0140,4.00,no
2026-10-05T04:57:17.490906Z,KXBNB15M-26OCT050100-00,0.0230,0.31,yes
2026-10-05T04:57:21.359212Z,KXBNB15M-26OCT050100-00,0.0350,5.00,yes
2026-10-05T04:57:21.359212Z,KXBNB15M-26OCT050100-00,0.0280,0.50,yes
2026-10-05T04:57:21.359212Z,KXBNB15M-26OCT050100-00,0.0270,0.45,yes
2026-10-05T04:57:21.359212Z,KXBNB15M-26OCT050100-00,0.0250,0.38,yes
2026-10-05T04:57:21.359212Z,KXBNB15M-26OCT050100-00,0.0260,0.41,yes
2026-10-05T04:57:21.359212Z,KXBNB15M-26OCT050100-00,0.0290,0.54,yes
2026-10-05T04:57:21.359212Z,KXBNB15M-26OCT050100-00,0.0240,0.34,yes
2026-10-05T04:57:21.359212Z,KXBNB15M-26OCT050100-00,0.0380,6.90,yes
2026-10-05T04:57:21.359212Z,KXBNB15M-26OCT050100-00,0.0340,2.00,yes
2026-10-05T04:57:21.359212Z,KXBNB15M-26OCT050100-00,0.0350,2.00,yes
2026-10-05T04:57:21.359212Z,KXBNB15M-26OCT050100-00,0.0380,0.63,yes
2026-10-05T04:57:21.359212Z,KXBNB15M-26OCT050100-00,0.0380,0.77,yes
2026-10-05T04:57:21.359212Z,KXBNB15M-26OCT050100-00,0.0300,0.66,yes
2026-10-05T04:57:21.359212Z,KXBNB15M-26OCT050100-00,0.0320,0.70,yes
2026-10-05T04:57:21.359212Z,KXBNB15M-26OCT050100-00,0.0350,0.93,yes
2026-10-05T04:57:21.359212Z,KXBNB15M-26OCT050100-00,0.0360,1.02,yes
2026-10-05T04:57:21.359212Z,KXBNB15M-26OCT050100-00,0.0310,0.64,yes
2026-10-05T04:57:21.359212Z,KXBNB15M-26OCT050100-00,0.0330,0.77,yes
2026-10-05T04:57:21.359212Z,KXBNB15M-26OCT050100-00,0.0340,0.84,yes
2026-10-05T04:57:21.359212Z,KXBNB15M-26OCT050100-00,0.0370,1.12,yes
2026-10-05T04:57:24.485556Z,KXBNB15M-26OCT050100-00,0.0210,10.00,yes
2026-10-05T04:57:24.540766Z,KXBNB15M-26OCT050100-00,0.0150,29.45,no
2026-10-05T04:57:24.540766Z,KXBNB15M-26OCT050100-00,0.0150,7.00,no
2026-10-05T04:57:29.531018Z,KXBNB15M-26OCT050100-00,0.0190,2.00,no
2026-10-05T04:57:29.531018Z,KXBNB15M-26OCT050100-00,0.0180,2.00,no
2026-10-05T04:57:30.773885Z,KXBNB15M-26OCT050100-00,0.0210,0.19,yes
2026-10-05T04:57:30.773885Z,KXBNB15M-26OCT050100-00,0.0210,30.00,yes
2026-10-05T04:57:35.950634Z,KXBNB15M-26OCT050100-00,0.0380,6.00,yes
2026-10-05T04:57:35.950634Z,KXBNB15M-26OCT050100-00,0.1200,0.01,yes
2026-10-05T04:57:35.950634Z,KXBNB15M-26OCT050100-00,0.0510,2.00,yes
2026-10-05T04:57:35.950634Z,KXBNB15M-26OCT050100-00,0.0340,2.00,yes
2026-10-05T04:57:35.950634Z,KXBNB15M-26OCT050100-00,0.0330,2.00,yes
2026-10-05T04:57:35.950634Z,KXBNB15M-26OCT050100-00,0.0250,4.00,yes
2026-10-05T04:57:35.950634Z,KXBNB15M-26OCT050100-00,0.0340,10.00,yes
2026-10-05T04:57:35.950634Z,KXBNB15M-26OCT050100-00,0.0400,140.00,yes
2026-10-05T04:57:35.950634Z,KXBNB15M-26OCT050100-00,0.0330,23.00,yes
2026-10-05T04:57:35.950634Z,KXBNB15M-26OCT050100-00,0.0710,40.00,yes
2026-10-05T04:57:35.950634Z,KXBNB15M-26OCT050100-00,0.1200,32.00,yes
2026-10-05T04:57:35.950634Z,KXBNB15M-26OCT050100-00,0.0500,70.00,yes
2026-10-05T04:57:35.950634Z,KXBNB15M-26OCT050100-00,0.0300,3.00,yes
2026-10-05T04:57:35.950634Z,KXBNB15M-26OCT050100-00,0.0410,60.00,yes
2026-10-05T04:57:35.950634Z,KXBNB15M-26OCT050100-00,0.0750,10.00,yes
2026-10-05T04:57:35.950634Z,KXBNB15M-26OCT050100-00,0.1000,30.00,yes
2026-10-05T04:57:35.950634Z,KXBNB15M-26OCT050100-00,0.1200,1.00,yes
2026-10-05T04:57:35.950634Z,KXBNB15M-26OCT050100-00,0.1200,30.00,yes
2026-10-05T04:57:35.950634Z,KXBNB15M-26OCT050100-00,0.0390,1.00,yes
2026-10-05T04:57:35.950634Z,KXBNB15M-26OCT050100-00,0.1100,60.00,yes
2026-10-05T04:57:35.950634Z,KXBNB15M-26OCT050100-00,0.0670,1.00,yes
2026-10-05T04:57:35.950634Z,KXBNB15M-26OCT050100-00,0.0680,30.00,yes
2026-10-05T04:57:35.950634Z,KXBNB15M-26OCT050100-00,0.0570,1.00,yes
2026-10-05T04:57:35.950634Z,KXBNB15M-26OCT050100-00,0.0500,1.00,yes
2026-10-05T04:57:35.950634Z,KXBNB15M-26OCT050100-00,0.0940,60.00,yes
2026-10-05T04:57:35.950634Z,KXBNB15M-26OCT050100-00,0.0840,30.00,yes
2026-10-05T04:57:35.974788Z,KXBNB15M-26OCT050100-00,0.0260,10.25,no
2026-10-05T04:57:38.867309Z,KXBNB15M-26OCT050100-00,0.0500,0.01,yes
2026-10-05T04:57:39.800644Z,KXBNB15M-26OCT050100-00,0.0270,26.00,no
2026-10-05T04:57:39.800644Z,KXBNB15M-26OCT050100-00,0.0260,18.00,no
2026-10-05T04:57:39.800644Z,KXBNB15M-26OCT050100-00,0.0280,6.00,no
2026-10-05T04:57:43.050315Z,KXBNB15M-26OCT050100-00,0.0300,3.23,yes
2026-10-05T04:57:43.055681Z,KXBNB15M-26OCT050100-00,0.0210,1.00,no
2026-10-05T04:57:43.12267Z,KXBNB15M-26OCT050100-00,0.0210,1.02,yes
2026-10-05T04:57:43.248657Z,KXBNB15M-26OCT050100-00,0.0210,7.98,yes
2026-10-05T04:57:43.248657Z,KXBNB15M-26OCT050100-00,0.0280,10.00,yes
2026-10-05T04:57:43.248657Z,KXBNB15M-26OCT050100-00,0.0320,0.30,yes
2026-10-05T04:57:43.248657Z,KXBNB15M-26OCT050100-00,0.0300,10.00,yes
2026-10-05T04:57:45.123848Z,KXBNB15M-26OCT050100-00,0.0200,2.04,no
2026-10-05T04:57:45.42074Z,KXBNB15M-26OCT050100-00,0.0200,0.01,no
2026-10-05T04:57:45.42074Z,KXBNB15M-26OCT050100-00,0.0200,9.99,no
2026-10-05T04:57:47.749948Z,KXBNB15M-26OCT050100-00,0.0190,20.00,no
2026-10-05T04:57:48.627257Z,KXBNB15M-26OCT050100-00,0.0190,4.00,no
2026-10-05T04:57:50.737816Z,KXBNB15M-26OCT050100-00,0.0100,5.22,no
2026-10-05T04:57:50.737816Z,KXBNB15M-26OCT050100-00,0.0150,2.00,no
2026-10-05T04:57:50.737816Z,KXBNB15M-26OCT050100-00,0.0140,2.00,no
2026-10-05T04:57:50.737816Z,KXBNB15M-26OCT050100-00,0.0110,37.00,no
2026-10-05T04:57:50.737816Z,KXBNB15M-26OCT050100-00,0.0190,36.00,no
2026-10-05T04:57:50.737816Z,KXBNB15M-26OCT050100-00,0.0110,0.19,no
2026-10-05T04:57:59.170273Z,KXBNB15M-26OCT050100-00,0.0100,7.47,no
2026-10-05T04:57:59.170273Z,KXBNB15M-26OCT050100-00,0.0100,19.78,no
2026-10-05T04:57:59.331438Z,KXBNB15M-26OCT050100-00,0.0220,1.00,yes
2026-10-05T04:57:59.331438Z,KXBNB15M-26OCT050100-00,0.0230,19.78,yes
2026-10-05T04:57:59.331438Z,KXBNB15M-26OCT050100-00,0.0240,10.00,yes
2026-10-05T04:57:59.331438Z,KXBNB15M-26OCT050100-00,0.0230,2.00,yes
2026-10-05T04:57:59.331438Z,KXBNB15M-26OCT050100-00,0.0220,2.00,yes
2026-10-05T04:57:59.331438Z,KXBNB15M-26OCT050100-00,0.0250,1.61,yes
2026-10-05T04:58:00.008773Z,KXBNB15M-26OCT050100-00,0.0110,2.00,no
2026-10-05T04:58:00.008773Z,KXBNB15M-26OCT050100-00,0.0110,37.00,no
2026-10-05T04:58:00.717756Z,KXBNB15M-26OCT050100-00,0.0100,25.00,no
2026-10-05T04:58:03.232098Z,KXBNB15M-26OCT050100-00,0.0070,0.14,no
2026-10-05T04:58:03.232098Z,KXBNB15M-26OCT050100-00,0.0070,4.00,no
2026-10-05T04:58:07.37591Z,KXBNB15M-26OCT050100-00,0.0100,1.62,yes
2026-10-05T04:58:07.37591Z,KXBNB15M-26OCT050100-00,0.0180,4.16,yes
2026-10-05T04:58:16.291506Z,KXBNB15M-26OCT050100-00,0.0030,210.00,no
2026-10-05T04:58:17.275853Z,KXBNB15M-26OCT050100-00,0.0120,2.00,yes
2026-10-05T04:58:17.658875Z,KXBNB15M-26OCT050100-00,0.0170,26.41,yes
2026-10-05T04:58:17.658875Z,KXBNB15M-26OCT050100-00,0.0140,2.00,yes
2026-10-05T04:58:17.658875Z,KXBNB15M-26OCT050100-00,0.0130,2.00,yes
2026-10-05T04:58:20.435123Z,KXBNB15M-26OCT050100-00,0.0070,2.00,no
2026-10-05T04:58:20.896136Z,KXBNB15M-26OCT050100-00,0.0120,13.00,yes
2026-10-05T04:58:21.847155Z,KXBNB15M-26OCT050100-00,0.0080,2.00,no
2026-10-05T04:58:21.847155Z,KXBNB15M-26OCT050100-00,0.0070,2.00,no
2026-10-05T04:58:25.893144Z,KXBNB15M-26OCT050100-00,0.0040,3.61,yes
2026-10-05T04:58:25.893144Z,KXBNB15M-26OCT050100-00,0.0040,170.13,yes
2026-10-05T04:58:25.893144Z,KXBNB15M-26OCT050100-00,0.0040,28.00,yes
2026-10-05T04:58:25.893144Z,KXBNB15M-26OCT050100-00,0.0040,25.00,yes
2026-10-05T04:58:26.316605Z,KXBNB15M-26OCT050100-00,0.0030,40.00,no
2026-10-05T04:58:26.316605Z,KXBNB15M-26OCT050100-00,0.0030,0.95,no
2026-10-05T04:58:26.431487Z,KXBNB15M-26OCT050100-00,0.0030,17.05,no
2026-10-05T04:58:26.431487Z,KXBNB15M-26OCT050100-00,0.0030,0.95,no
2026-10-05T04:58:26.431487Z,KXBNB15M-26OCT050100-00,0.0030,2.00,no
2026-10-05T04:58:28.165478Z,KXBNB15M-26OCT050100-00,0.0030,21.98,no
2026-10-05T04:58:28.165478Z,KXBNB15M-26OCT050100-00,0.0030,2.00,no
2026-10-05T04:58:28.165478Z,KXBNB15M-26OCT050100-00,0.0030,2.00,no
2026-10-05T04:58:28.165478Z,KXBNB15M-26OCT050100-00,0.0030,2.00,no
2026-10-05T04:58:28.165478Z,KXBNB15M-26OCT050100-00,0.0030,1.05,no
2026-10-05T04:58:29.417715Z,KXBNB15M-26OCT050100-00,0.0030,16.00,no
2026-10-05T04:58:30.359672Z,KXBNB15M-26OCT050100-00,0.0030,7.02,no
2026-10-05T04:58:30.359672Z,KXBNB15M-26OCT050100-00,0.0030,46.98,no
2026-10-05T04:58:30.940808Z,KXBNB15M-26OCT050100-00,0.0040,13.46,yes
2026-10-05T04:58:30.940808Z,KXBNB15M-26OCT050100-00,0.0040,40.00,yes
2026-10-05T04:58:30.940808Z,KXBNB15M-26OCT050100-00,0.0040,145.00,yes
2026-10-05T04:58:30.940808Z,KXBNB15M-26OCT050100-00,0.0040,46.98,yes
2026-10-05T04:58:30.940808Z,KXBNB15M-26OCT050100-00,0.0040,0.19,yes
2026-10-05T04:58:31.000562Z,KXBNB15M-26OCT050100-00,0.0030,20.00,no
2026-10-05T04:58:32.107782Z,KXBNB15M-26OCT050100-00,0.0020,1.00,no
2026-10-05T04:58:32.107782Z,KXBNB15M-26OCT050100-00,0.0030,183.02,no
2026-10-05T04:58:32.107782Z,KXBNB15M-26OCT050100-00,0.0030,2.00,no
2026-10-05T04:58:32.107782Z,KXBNB15M-26OCT050100-00,0.0030,1.02,no
2026-10-05T04:58:32.107782Z,KXBNB15M-26OCT050100-00,0.0030,4.00,no
2026-10-05T04:58:32.107782Z,KXBNB15M-26OCT050100-00,0.0030,21.98,no
2026-10-05T04:58:32.107782Z,KXBNB15M-26OCT050100-00,0.0020,30.00,no
2026-10-05T04:58:32.107782Z,KXBNB15M-26OCT050100-00,0.0020,26.00,no
2026-10-05T04:58:32.107782Z,KXBNB15M-26OCT050100-00,0.0020,3.00,no
2026-10-05T04:58:32.107782Z,KXBNB15M-26OCT050100-00,0.0020,3.00,no
2026-10-05T04:58:32.107782Z,KXBNB15M-26OCT050100-00,0.0020,20.00,no
2026-10-05T04:58:32.107782Z,KXBNB15M-26OCT050100-00,0.0020,500.00,no
2026-10-05T04:58:32.107782Z,KXBNB15M-26OCT050100-00,0.0020,200.00,no
2026-10-05T04:58:32.107782Z,KXBNB15M-26OCT050100-00,0.0020,3.00,no
2026-10-05T04:58:32.107782Z,KXBNB15M-26OCT050100-00,0.0020,3.00,no
2026-10-05T04:58:32.107782Z,KXBNB15M-26OCT050100-00,0.0020,3.00,no
2026-10-05T04:58:33.063696Z,KXBNB15M-26OCT050100-00,0.0010,1.86,no
2026-10-05T04:58:33.722052Z,KXBNB15M-26OCT050100-00,0.0010,96.08,no
2026-10-05T04:58:35.257028Z,KXBNB15M-26OCT050100-00,0.0010,16.64,no
2026-10-05T04:58:35.257028Z,KXBNB15M-26OCT050100-00,0.0010,2.06,no
2026-10-05T04:58:36.858964Z,KXBNB15M-26OCT050100-00,0.0010,1.00,no
2026-10-05T04:58:37.885028Z,KXBNB15M-26OCT050100-00,0.0010,9.00,no
2026-10-05T04:58:37.885028Z,KXBNB15M-26OCT050100-00,0.0010,1.00,no
2026-10-05T04:58:37.885028Z,KXBNB15M-26OCT050100-00,0.0010,57.36,no
2026-10-05T04:58:37.885028Z,KXBNB15M-26OCT050100-00,0.0010,1.00,no
2026-10-05T04:58:37.885028Z,KXBNB15M-26OCT050100-00,0.0010,84.87,no
2026-10-05T04:58:37.885028Z,KXBNB15M-26OCT050100-00,0.0010,20.00,no
2026-10-05T04:58:47.615837Z,KXBNB15M-26OCT050100-00,0.0040,74.00,yes
2026-10-05T04:58:47.615837Z,KXBNB15M-26OCT050100-00,0.0050,0.21,yes
2026-10-05T04:58:47.615837Z,KXBNB15M-26OCT050100-00,0.0020,20.00,yes
2026-10-05T04:58:47.615837Z,KXBNB15M-26OCT050100-00,0.0030,20.00,yes
2026-10-05T04:58:47.615837Z,KXBNB15M-26OCT050100-00,0.0030,0.41,yes
2026-10-05T04:58:47.615837Z,KXBNB15M-26OCT050100-00,0.0040,200.00,yes
2026-10-05T04:58:47.615837Z,KXBNB15M-26OCT050100-00,0.0020,183.02,yes
2026-10-05T04:58:47.615837Z,KXBNB15M-26OCT050100-00,0.0040,0.45,yes
2026-10-05T04:58:47.615837Z,KXBNB15M-26OCT050100-00,0.0020,0.37,yes
2026-10-05T04:58:47.615837Z,KXBNB15M-26OCT050100-00,0.0020,500.00,yes
2026-10-05T04:58:47.615837Z,KXBNB15M-26OCT050100-00,0.0020,96.08,yes
2026-10-05T04:58:47.615837Z,KXBNB15M-26OCT050100-00,0.0020,1.86,yes
2026-10-05T04:58:47.615837Z,KXBNB15M-26OCT050100-00,0.0020,2.06,yes
2026-10-05T04:58:47.615837Z,KXBNB15M-26OCT050100-00,0.0020,20.00,yes
2026-10-05T04:58:47.615837Z,KXBNB15M-26OCT050100-00,0.0020,84.87,yes
2026-10-05T04:58:47.615837Z,KXBNB15M-26OCT050100-00,0.0020,172.00,yes
2026-10-05T04:58:47.615837Z,KXBNB15M-26OCT050100-00,0.0020,507.00,yes
2026-10-05T04:58:47.615837Z,KXBNB15M-26OCT050100-00,0.0050,65.24,yes
2026-10-05T04:58:49.217028Z,KXBNB15M-26OCT050100-00,0.0010,1633.00,no
2026-10-05T04:58:59.670002Z,KXBNB15M-26OCT050100-00,0.0010,60.00,no
2026-10-05T04:58:59.670002Z,KXBNB15M-26OCT050100-00,0.0010,26.81,no
2026-10-05T04:58:59.670002Z,KXBNB15M-26OCT050100-00,0.0010,1.00,no
2026-10-05T04:59:00.20431Z,KXBNB15M-26OCT050100-00,0.0010,4.00,no
2026-10-05T04:59:00.694807Z,KXBNB15M-26OCT050100-00,0.0010,14.00,no
2026-10-05T04:59:01.045298Z,KXBNB15M-26OCT050100-00,0.0010,43.19,no
2026-10-05T04:59:01.045298Z,KXBNB15M-26OCT050100-00,0.0010,200.00,no
2026-10-05T04:59:01.045298Z,KXBNB15M-26OCT050100-00,0.0010,92.00,no
2026-10-05T04:59:01.045298Z,KXBNB15M-26OCT050100-00,0.0010,2.06,no
2026-10-05T04:59:01.045298Z,KXBNB15M-26OCT050100-00,0.0010,1.86,no
2026-10-05T04:59:01.045298Z,KXBNB15M-26OCT050100-00,0.0010,96.08,no
2026-10-05T04:59:01.045298Z,KXBNB15M-26OCT050100-00,0.0010,7.00,no
2026-10-05T04:59:01.045298Z,KXBNB15M-26OCT050100-00,0.0010,30.00,no
2026-10-05T04:59:01.045298Z,KXBNB15M-26OCT050100-00,0.0010,0.81,no
2026-10-05T04:59:04.051252Z,KXBNB15M-26OCT050100-00,0.0010,1.81,yes
2026-10-05T04:59:04.051252Z,KXBNB15M-26OCT050100-00,0.0010,5.00,yes
2026-10-05T04:59:32.172825Z,KXBNB15M-26OCT050100-00,0.0010,20.00,yes
2026-10-05T04:59:32.172825Z,KXBNB15M-26OCT050100-00,0.0010,20.00,yes
2026-10-05T04:59:32.172825Z,KXBNB15M-26OCT050100-00,0.0010,17.00,yes
2026-10-05T04:59:32.172825Z,KXBNB15M-26OCT050100-00,0.0010,20.00,yes
2026-10-05T04:59:32.172825Z,KXBNB15M-26OCT050100-00,0.0010,8.00,yes
2026-10-05T04:59:32.172825Z,KXBNB15M-26OCT050100-00,0.0010,20.00,yes
2026-10-05T04:59:32.172825Z,KXBNB15M-26OCT050100-00,0.0010,20.00,yes
2026-10-05T04:59:32.172825Z,KXBNB15M-26OCT050100-00,0.0010,20.00,yes
2026-10-05T04:59:32.172825Z,KXBNB15M-26OCT050100-00,0.0010,522.71,yes
2026-10-05T04:59:32.172825Z,KXBNB15M-26OCT050100-00,0.0010,71.00,yes
2026-10-05T04:59:32.172825Z,KXBNB15M-26OCT050100-00,0.0010,12.00,yes
2026-10-05T04:59:32.172825Z,KXBNB15M-26OCT050100-00,0.0010,159.00,yes
2026-10-05T04:59:32.172825Z,KXBNB15M-26OCT050100-00,0.0010,1633.00,yes
2026-10-05T04:59:32.172825Z,KXBNB15M-26OCT050100-00,0.0010,5651.19,yes
2026-10-05T04:59:35.53491Z,KXBNB15M-26OCT050100-00,0.0010,30.48,yes
2026-10-05T04:57:18.515664Z,KXSILVER15M-26OCT050100-00,0.0350,1.00,yes
2026-10-05T04:57:18.691463Z,KXSILVER15M-26OCT050100-00,0.0380,4.84,yes
2026-10-05T04:57:20.141417Z,KXSILVER15M-26OCT050100-00,0.0340,2.83,yes
2026-10-05T04:57:25.757614Z,KXSILVER15M-26OCT050100-00,0.0300,48.00,yes
2026-10-05T04:57:25.859046Z,KXSILVER15M-26OCT050100-00,0.0220,1.34,no
2026-10-05T04:57:26.11215Z,KXSILVER15M-26OCT050100-00,0.0300,42.00,yes
2026-10-05T04:57:26.11215Z,KXSILVER15M-26OCT050100-00,0.0330,2.17,yes
2026-10-05T04:57:26.11215Z,KXSILVER15M-26OCT050100-00,0.0320,8.00,yes
2026-10-05T04:57:26.11215Z,KXSILVER15M-26OCT050100-00,0.0300,9.00,yes
2026-10-05T04:57:28.429831Z,KXSILVER15M-26OCT050100-00,0.0290,8.00,yes
2026-10-05T04:57:28.429831Z,KXSILVER15M-26OCT050100-00,0.0290,10.00,yes
2026-10-05T04:57:28.429831Z,KXSILVER15M-26OCT050100-00,0.0300,11.55,yes
2026-10-05T04:57:31.660068Z,KXSILVER15M-26OCT050100-00,0.0220,2.84,no
2026-10-05T04:57:37.185754Z,KXSILVER15M-26OCT050100-00,0.0200,2.84,yes
2026-10-05T04:57:38.071101Z,KXSILVER15M-26OCT050100-00,0.0200,21.03,yes
2026-10-05T04:57:41.131125Z,KXSILVER15M-26OCT050100-00,0.0270,13.00,yes
2026-10-05T04:57:41.131125Z,KXSILVER15M-26OCT050100-00,0.0290,45.52,yes
2026-10-05T04:57:41.131125Z,KXSILVER15M-26OCT050100-00,0.0280,7.00,yes
2026-10-05T04:57:44.105188Z,KXSILVER15M-26OCT050100-00,0.0140,5.73,no
2026-10-05T04:57:46.412533Z,KXSILVER15M-26OCT050100-00,0.0130,2.53,no
2026-10-05T04:57:49.332916Z,KXSILVER15M-26OCT050100-00,0.0220,10.00,yes
2026-10-05T04:57:49.332916Z,KXSILVER15M-26OCT050100-00,0.0250,136.67,yes
2026-10-05T04:57:49.332916Z,KXSILVER15M-26OCT050100-00,0.0200,90.00,yes
2026-10-05T04:57:49.332916Z,KXSILVER15M-26OCT050100-00,0.0240,7.00,yes
2026-10-05T04:57:52.365758Z,KXSILVER15M-26OCT050100-00,0.0250,2.53,yes
2026-10-05T04:57:54.846146Z,KXSILVER15M-26OCT050100-00,0.0250,31.79,yes
2026-10-05T04:57:58.60122Z,KXSILVER15M-26OCT050100-00,0.0130,2.10,no
2026-10-05T04:58:02.245465Z,KXSILVER15M-26OCT050100-00,0.0130,10.00,no
2026-10-05T04:58:05.391104Z,KXSILVER15M-26OCT050100-00,0.0130,101.90,no
2026-10-05T04:58:05.391104Z,KXSILVER15M-26OCT050100-00,0.0100,60.00,no
2026-10-05T04:58:05.391104Z,KXSILVER15M-26OCT050100-00,0.0100,24.00,no
2026-10-05T04:58:05.391104Z,KXSILVER15M-26OCT050100-00,0.0120,10.00,no
2026-10-05T04:58:05.391104Z,KXSILVER15M-26OCT050100-00,0.0130,10.00,no
2026-10-05T04:58:05.391104Z,KXSILVER15M-26OCT050100-00,0.0100,21.86,no
2026-10-05T04:58:05.391104Z,KXSILVER15M-26OCT050100-00,0.0100,2.00,no
2026-10-05T04:58:05.391104Z,KXSILVER15M-26OCT050100-00,0.0100,1.00,no
2026-10-05T04:58:05.391104Z,KXSILVER15M-26OCT050100-00,0.0100,2.00,no
2026-10-05T04:58:05.391104Z,KXSILVER15M-26OCT050100-00,0.0110,2.00,no
2026-10-05T04:58:05.391104Z,KXSILVER15M-26OCT050100-00,0.0100,25.00,no
2026-10-05T04:58:05.391104Z,KXSILVER15M-26OCT050100-00,0.0110,1.00,no
2026-10-05T04:58:05.391104Z,KXSILVER15M-26OCT050100-00,0.0110,10.00,no
2026-10-05T04:58:05.391104Z,KXSILVER15M-26OCT050100-00,0.0110,100.00,no
2026-10-05T04:58:05.391104Z,KXSILVER15M-26OCT050100-00,0.0110,2.00,no
2026-10-05T04:58:05.391104Z,KXSILVER15M-26OCT050100-00,0.0110,20.00,no
2026-10-05T04:58:05.391104Z,KXSILVER15M-26OCT050100-00,0.0110,2.00,no
2026-10-05T04:58:05.43469Z,KXSILVER15M-26OCT050100-00,0.0090,22.75,no
2026-10-05T04:58:05.43469Z,KXSILVER15M-26OCT050100-00,0.0090,10.00,no
2026-10-05T04:58:05.43469Z,KXSILVER15M-26OCT050100-00,0.0080,9.00,no
2026-10-05T04:58:05.43469Z,KXSILVER15M-26OCT050100-00,0.0070,17.76,no
2026-10-05T04:58:10.352657Z,KXSILVER15M-26OCT050100-00,0.0080,0.10,yes
2026-10-05T04:58:15.375835Z,KXSILVER15M-26OCT050100-00,0.0190,11.66,yes
2026-10-05T04:58:15.375835Z,KXSILVER15M-26OCT050100-00,0.0190,4.00,yes
2026-10-05T04:58:17.845222Z,KXSILVER15M-26OCT050100-00,0.0190,27.00,yes
2026-10-05T04:58:17.845222Z,KXSILVER15M-26OCT050100-00,0.0200,11.84,yes
2026-10-05T04:58:17.845222Z,KXSILVER15M-26OCT050100-00,0.0200,9.00,yes
2026-10-05T04:58:24.047205Z,KXSILVER15M-26OCT050100-00,0.0140,65.48,yes
2026-10-05T04:58:24.252833Z,KXSILVER15M-26OCT050100-00,0.0140,33.44,yes
2026-10-05T04:58:25.086784Z,KXSILVER15M-26OCT050100-00,0.0070,272.93,no
2026-10-05T04:58:25.096241Z,KXSILVER15M-26OCT050100-00,0.0070,15.00,no
2026-10-05T04:58:25.420929Z,KXSILVER15M-26OCT050100-00,0.0140,6.82,yes
2026-10-05T04:58:25.420929Z,KXSILVER15M-26OCT050100-00,0.0100,30.00,yes
2026-10-05T04:58:25.420929Z,KXSILVER15M-26OCT050100-00,0.0130,11.00,yes
2026-10-05T04:58:25.420929Z,KXSILVER15M-26OCT050100-00,0.0080,0.10,yes
2026-10-05T04:58:29.069955Z,KXSILVER15M-26OCT050100-00,0.0050,143.00,no
2026-10-05T04:58:29.069955Z,KXSILVER15M-26OCT050100-00,0.0050,12.00,no
2026-10-05T04:58:29.069955Z,KXSILVER15M-26OCT050100-00,0.0050,11.00,no
2026-10-05T04:58:29.822326Z,KXSILVER15M-26OCT050100-00,0.0040,34.79,no
2026-10-05T04:58:29.822326Z,KXSILVER15M-26OCT050100-00,0.0040,10.00,no
2026-10-05T04:58:29.822326Z,KXSILVER15M-26OCT050100-00,0.0040,150.00,no
2026-10-05T04:58:29.822326Z,KXSILVER15M-26OCT050100-00,0.0040,13.00,no
2026-10-05T04:58:29.822326Z,KXSILVER15M-26OCT050100-00,0.0040,1.00,no
2026-10-05T04:58:29.822326Z,KXSILVER15M-26OCT050100-00,0.0040,1.00,no
2026-10-05T04:58:29.822326Z,KXSILVER15M-26OCT050100-00,0.0040,1.00,no
2026-10-05T04:58:29.822326Z,KXSILVER15M-26OCT050100-00,0.0040,1.00,no
2026-10-05T04:58:29.822326Z,KXSILVER15M-26OCT050100-00,0.0040,1.00,no
2026-10-05T04:58:30.177621Z,KXSILVER15M-26OCT050100-00,0.0050,25.00,yes
2026-10-05T04:58:30.177621Z,KXSILVER15M-26OCT050100-00,0.0080,34.51,yes
2026-10-05T04:58:31.519802Z,KXSILVER15M-26OCT050100-00,0.0080,0.10,yes
2026-10-05T04:58:31.519802Z,KXSILVER15M-26OCT050100-00,0.0120,150.00,yes
2026-10-05T04:58:31.519802Z,KXSILVER15M-26OCT050100-00,0.0100,60.00,yes
2026-10-05T04:58:31.519802Z,KXSILVER15M-26OCT050100-00,0.0130,11.00,yes
2026-10-05T04:58:31.519802Z,KXSILVER15M-26OCT050100-00,0.0080,62.49,yes
2026-10-05T04:58:31.519802Z,KXSILVER15M-26OCT050100-00,0.0130,114.92,yes
2026-10-05T04:58:34.115285Z,KXSILVER15M-26OCT050100-00,0.0120,15.27,yes
2026-10-05T04:58:35.58406Z,KXSILVER15M-26OCT050100-00,0.0040,1.00,no
2026-10-05T04:58:39.298485Z,KXSILVER15M-26OCT050100-00,0.0110,39.84,yes
2026-10-05T04:58:39.298485Z,KXSILVER15M-26OCT050100-00,0.0090,30.00,yes
2026-10-05T04:58:39.785751Z,KXSILVER15M-26OCT050100-00,0.0040,92.00,no
2026-10-05T04:58:39.785751Z,KXSILVER15M-26OCT050100-00,0.0040,9.00,no
2026-10-05T04:58:39.785751Z,KXSILVER15M-26OCT050100-00,0.0040,1.00,no
2026-10-05T04:58:39.785751Z,KXSILVER15M-26OCT050100-00,0.0030,108.00,no
2026-10-05T04:58:41.055571Z,KXSILVER15M-26OCT050100-00,0.0090,51.95,yes
2026-10-05T04:58:45.126755Z,KXSILVER15M-26OCT050100-00,0.0090,46.05,yes
2026-10-05T04:58:45.126755Z,KXSILVER15M-26OCT050100-00,0.0090,63.04,yes
2026-10-05T04:58:47.105251Z,KXSILVER15M-26OCT050100-00,0.0040,1.72,no
2026-10-05T04:58:54.70272Z,KXSILVER15M-26OCT050100-00,0.0090,56.87,yes
2026-10-05T04:58:54.70272Z,KXSILVER15M-26OCT050100-00,0.0090,44.96,yes
2026-10-05T04:59:01.183638Z,KXSILVER15M-26OCT050100-00,0.0040,11.86,no
2026-10-05T04:59:01.183638Z,KXSILVER15M-26OCT050100-00,0.0040,8.28,no
2026-10-05T04:59:01.183638Z,KXSILVER15M-26OCT050100-00,0.0040,1.72,no
2026-10-05T04:59:09.054909Z,KXSILVER15M-26OCT050100-00,0.0080,1.14,yes
2026-10-05T04:59:12.076272Z,KXSILVER15M-26OCT050100-00,0.0030,2.00,no
2026-10-05T04:59:12.076272Z,KXSILVER15M-26OCT050100-00,0.0030,18.00,no
2026-10-05T04:59:12.076272Z,KXSILVER15M-26OCT050100-00,0.0030,2.00,no
2026-10-05T04:59:12.076272Z,KXSILVER15M-26OCT050100-00,0.0030,2.00,no
2026-10-05T04:59:12.076272Z,KXSILVER15M-26OCT050100-00,0.0030,2.00,no
2026-10-05T04:59:12.076272Z,KXSILVER15M-26OCT050100-00,0.0030,2.00,no
2026-10-05T04:59:12.076272Z,KXSILVER15M-26OCT050100-00,0.0030,1.00,no
2026-10-05T04:59:12.076272Z,KXSILVER15M-26OCT050100-00,0.0030,9.00,no
2026-10-05T04:59:15.046098Z,KXSILVER15M-26OCT050100-00,0.0020,500.00,no
2026-10-05T04:59:16.562698Z,KXSILVER15M-26OCT050100-00,0.0020,80.00,no
2026-10-05T04:59:19.454381Z,KXSILVER15M-26OCT050100-00,0.0020,3.00,no
2026-10-05T04:59:19.454381Z,KXSILVER15M-26OCT050100-00,0.0020,26.00,no
2026-10-05T04:59:19.454381Z,KXSILVER15M-26OCT050100-00,0.0020,3.00,no
2026-10-05T04:59:19.454381Z,KXSILVER15M-26OCT050100-00,0.0020,3.00,no
2026-10-05T04:59:19.454381Z,KXSILVER15M-26OCT050100-00,0.0020,3.00,no
2026-10-05T04:59:19.454381Z,KXSILVER15M-26OCT050100-00,0.0020,3.00,no
2026-10-05T04:59:19.454381Z,KXSILVER15M-26OCT050100-00,0.0020,620.00,no
2026-10-05T04:59:19.454381Z,KXSILVER15M-26OCT050100-00,0.0010,227.00,no
2026-10-05T04:59:19.454381Z,KXSILVER15M-26OCT050100-00,0.0020,9.00,no
2026-10-05T04:59:19.454381Z,KXSILVER15M-26OCT050100-00,0.0020,1.00,no
2026-10-05T04:59:24.257545Z,KXSILVER15M-26OCT050100-00,0.0010,1.00,no
2026-10-05T04:59:28.549286Z,KXSILVER15M-26OCT050100-00,0.0010,350.00,no
2026-10-05T04:59:28.549286Z,KXSILVER15M-26OCT050100-00,0.0010,1.00,no
2026-10-05T04:59:28.549286Z,KXSILVER15M-26OCT050100-00,0.0010,1.00,no
2026-10-05T04:59:28.549286Z,KXSILVER15M-26OCT050100-00,0.0010,272.00,no
2026-10-05T04:59:28.549286Z,KXSILVER15M-26OCT050100-00,0.0010,10.00,no
2026-10-05T04:59:41.613477Z,KXSILVER15M-26OCT050100-00,0.0020,88.13,yes
2026-10-05T04:59:41.613477Z,KXSILVER15M-26OCT050100-00,0.0020,141.88,yes
2026-10-05T04:59:41.613477Z,KXSILVER15M-26OCT050100-00,0.0020,227.00,yes
2026-10-05T04:59:41.613477Z,KXSILVER15M-26OCT050100-00,0.0020,1.00,yes
2026-10-05T04:59:41.636069Z,KXSILVER15M-26OCT050100-00,0.0010,25.00,no
2026-10-05T04:59:42.641337Z,KXSILVER15M-26OCT050100-00,0.0010,53.00,no
2026-10-05T04:59:42.79093Z,KXSILVER15M-26OCT050100-00,0.0010,1.00,no
2026-10-05T04:59:43.268441Z,KXSILVER15M-26OCT050100-00,0.0010,40.00,no
2026-10-05T04:59:43.6506Z,KXSILVER15M-26OCT050100-00,0.0010,30.00,no
2026-10-05T04:59:44.10512Z,KXSILVER15M-26OCT050100-00,0.0010,22.00,no
2026-10-05T04:59:44.511486Z,KXSILVER15M-26OCT050100-00,0.0010,17.00,no
2026-10-05T04:59:44.922205Z,KXSILVER15M-26OCT050100-00,0.0010,12.00,no
2026-10-05T04:59:45.652171Z,KXSILVER15M-26OCT050100-00,0.0010,9.00,no
2026-10-05T04:59:46.575866Z,KXSILVER15M-26OCT050100-00,0.0010,7.00,no
2026-10-05T04:59:47.648756Z,KXSILVER15M-26OCT050100-00,0.0010,5.00,no
2026-10-05T04:59:48.011143Z,KXSILVER15M-26OCT050100-00,0.0010,4.00,no
2026-10-05T04:59:48.04528Z,KXSILVER15M-26OCT050100-00,0.0010,2.00,no
2026-10-05T04:59:48.04528Z,KXSILVER15M-26OCT050100-00,0.0010,10.00,no
2026-10-05T04:59:48.04528Z,KXSILVER15M-26OCT050100-00,0.0010,1.00,no
2026-10-05T04:59:48.04528Z,KXSILVER15M-26OCT050100-00,0.0010,1.00,no
2026-10-05T04:59:53.83247Z,KXSILVER15M-26OCT050100-00,0.0020,458.01,yes
2026-10-05T04:59:59.525365Z,KXSILVER15M-26OCT050100-00,0.0010,46.74,yes
2026-10-05T04:57:17.379913Z,KXSOL15M-26OCT050100-00,0.9450,15.00,no
2026-10-05T04:57:17.379913Z,KXSOL15M-26OCT050100-00,0.9310,28.05,no
2026-10-05T04:57:17.379913Z,KXSOL15M-26OCT050100-00,0.9370,1.00,no
2026-10-05T04:57:17.379913Z,KXSOL15M-26OCT050100-00,0.9440,350.00,no
2026-10-05T04:57:17.379913Z,KXSOL15M-26OCT050100-00,0.9460,6.00,no
2026-10-05T04:57:17.379913Z,KXSOL15M-26OCT050100-00,0.9480,3.00,no
2026-10-05T04:57:17.379913Z,KXSOL15M-26OCT050100-00,0.9490,3.00,no
2026-10-05T04:57:17.638013Z,KXSOL15M-26OCT050100-00,0.9570,1.00,yes
2026-10-05T04:57:17.638013Z,KXSOL15M-26OCT050100-00,0.9560,3.00,yes
2026-10-05T04:57:17.638287Z,KXSOL15M-26OCT050100-00,0.9570,3.64,yes
2026-10-05T04:57:17.638287Z,KXSOL15M-26OCT050100-00,0.9570,3.00,yes
2026-10-05T04:57:17.842143Z,KXSOL15M-26OCT050100-00,0.9430,12.76,no
2026-10-05T04:57:18.746723Z,KXSOL15M-26OCT050100-00,0.9600,3.00,yes
2026-10-05T04:57:18.746723Z,KXSOL15M-26OCT050100-00,0.9590,3.00,yes
2026-10-05T04:57:18.746723Z,KXSOL15M-26OCT050100-00,0.9630,2.00,yes
2026-10-05T04:57:19.078632Z,KXSOL15M-26OCT050100-00,0.9510,3.00,no
2026-10-05T04:57:19.078632Z,KXSOL15M-26OCT050100-00,0.9450,17.49,no
2026-10-05T04:57:19.078632Z,KXSOL15M-26OCT050100-00,0.9520,3.00,no
2026-10-05T04:57:19.078632Z,KXSOL15M-26OCT050100-00,0.9450,2.00,no
2026-10-05T04:57:19.078632Z,KXSOL15M-26OCT050100-00,0.9460,2.24,no
2026-10-05T04:57:19.078632Z,KXSOL15M-26OCT050100-00,0.9460,6.00,no
2026-10-05T04:57:20.278355Z,KXSOL15M-26OCT050100-00,0.9550,9.54,no
2026-10-05T04:57:21.676962Z,KXSOL15M-26OCT050100-00,0.9570,90.00,no
2026-10-05T04:57:21.794697Z,KXSOL15M-26OCT050100-00,0.9440,3.00,no
2026-10-05T04:57:21.794697Z,KXSOL15M-26OCT050100-00,0.9400,6.00,no
2026-10-05T04:57:21.975009Z,KXSOL15M-26OCT050100-00,0.9500,6.00,yes
2026-10-05T04:57:22.104054Z,KXSOL15M-26OCT050100-00,0.9540,9.62,yes
2026-10-05T04:57:22.104054Z,KXSOL15M-26OCT050100-00,0.9500,6.00,yes
2026-10-05T04:57:22.232587Z,KXSOL15M-26OCT050100-00,0.9410,3.00,yes
2026-10-05T04:57:22.232587Z,KXSOL15M-26OCT050100-00,0.9450,17.00,yes
2026-10-05T04:57:22.256271Z,KXSOL15M-26OCT050100-00,0.9420,2.08,yes
2026-10-05T04:57:22.39058Z,KXSOL15M-26OCT050100-00,0.9350,3.00,no
2026-10-05T04:57:22.39058Z,KXSOL15M-26OCT050100-00,0.9340,3.00,no
2026-10-05T04:57:22.39058Z,KXSOL15M-26OCT050100-00,0.9320,6.00,no
2026-10-05T04:57:22.39058Z,KXSOL15M-26OCT050100-00,0.9350,6.00,no
2026-10-05T04:57:22.39058Z,KXSOL15M-26OCT050100-00,0.9350,54.00,no
2026-10-05T04:57:22.39058Z,KXSOL15M-26OCT050100-00,0.9310,12.58,no
2026-10-05T04:57:22.57359Z,KXSOL15M-26OCT050100-00,0.9340,10.00,no
2026-10-05T04:57:22.735592Z,KXSOL15M-26OCT050100-00,0.9500,8.00,yes
2026-10-05T04:57:22.735592Z,KXSOL15M-26OCT050100-00,0.9490,10.00,yes
2026-10-05T04:57:22.735592Z,KXSOL15M-26OCT050100-00,0.9420,3.00,yes
2026-10-05T04:57:22.735592Z,KXSOL15M-26OCT050100-00,0.9450,6.00,yes
2026-10-05T04:57:22.735592Z,KXSOL15M-26OCT050100-00,0.9430,3.00,yes
2026-10-05T04:57:22.762915Z,KXSOL15M-26OCT050100-00,0.9360,13.95,no
2026-10-05T04:57:23.023525Z,KXSOL15M-26OCT050100-00,0.9390,3.00,no
2026-10-05T04:57:23.441116Z,KXSOL15M-26OCT050100-00,0.9410,3.00,no
2026-10-05T04:57:23.639479Z,KXSOL15M-26OCT050100-00,0.9570,32.00,yes
2026-10-05T04:57:23.639479Z,KXSOL15M-26OCT050100-00,0.9550,6.00,yes
2026-10-05T04:57:23.639479Z,KXSOL15M-26OCT050100-00,0.9620,44.91,yes
2026-10-05T04:57:23.639479Z,KXSOL15M-26OCT050100-00,0.9520,20.00,yes
2026-10-05T04:57:23.639479Z,KXSOL15M-26OCT050100-00,0.9600,48.00,yes
2026-10-05T04:57:23.639479Z,KXSOL15M-26OCT050100-00,0.9500,6.00,yes
2026-10-05T04:57:23.639479Z,KXSOL15M-26OCT050100-00,0.9490,3.00,yes
2026-10-05T04:57:23.639479Z,KXSOL15M-26OCT050100-00,0.9510,17.00,yes
2026-10-05T04:57:23.639479Z,KXSOL15M-26OCT050100-00,0.9560,10.00,yes
2026-10-05T04:57:23.639479Z,KXSOL15M-26OCT050100-00,0.9480,3.00,yes
2026-10-05T04:57:23.639479Z,KXSOL15M-26OCT050100-00,0.9480,5.00,yes
2026-10-05T04:57:23.639479Z,KXSOL15M-26OCT050100-00,0.9600,32.00,yes
2026-10-05T04:57:24.249548Z,KXSOL15M-26OCT050100-00,0.9530,5.00,yes
2026-10-05T04:57:24.249548Z,KXSOL15M-26OCT050100-00,0.9520,15.00,yes
2026-10-05T04:57:24.249548Z,KXSOL15M-26OCT050100-00,0.9480,3.00,yes
2026-10-05T04:57:24.249548Z,KXSOL15M-26OCT050100-00,0.9530,18.00,yes
2026-10-05T04:57:24.249548Z,KXSOL15M-26OCT050100-00,0.9540,7.34,yes
2026-10-05T04:57:24.249548Z,KXSOL15M-26OCT050100-00,0.9490,3.00,yes
2026-10-05T04:57:24.782867Z,KXSOL15M-26OCT050100-00,0.9430,3.00,no
2026-10-05T04:57:24.782867Z,KXSOL15M-26OCT050100-00,0.9440,3.00,no
2026-10-05T04:57:25.117953Z,KXSOL15M-26OCT050100-00,0.9540,3.45,yes
2026-10-05T04:57:25.117953Z,KXSOL15M-26OCT050100-00,0.9520,3.00,yes
2026-10-05T04:57:25.117953Z,KXSOL15M-26OCT050100-00,0.9510,3.00,yes
2026-10-05T04:57:25.260825Z,KXSOL15M-26OCT050100-00,0.9430,2.00,no
2026-10-05T04:57:25.260825Z,KXSOL15M-26OCT050100-00,0.9440,3.00,no
2026-10-05T04:57:26.303495Z,KXSOL15M-26OCT050100-00,0.9430,3.00,no
2026-10-05T04:57:26.303495Z,KXSOL15M-26OCT050100-00,0.9440,3.00,no
2026-10-05T04:57:26.441467Z,KXSOL15M-26OCT050100-00,0.9420,3.00,no
2026-10-05T04:57:26.622973Z,KXSOL15M-26OCT050100-00,0.9430,3.00,no
2026-10-05T04:57:26.622973Z,KXSOL15M-26OCT050100-00,0.9430,2.88,no
2026-10-05T04:57:26.90865Z,KXSOL15M-26OCT050100-00,0.9420,3.00,no
2026-10-05T04:57:26.90865Z,KXSOL15M-26OCT050100-00,0.9410,3.00,no
2026-10-05T04:57:26.90865Z,KXSOL15M-26OCT050100-00,0.9400,3.00,no
2026-10-05T04:57:26.964474Z,KXSOL15M-26OCT050100-00,0.9480,3.00,yes
2026-10-05T04:57:27.026975Z,KXSOL15M-26OCT050100-00,0.9410,3.00,no
2026-10-05T04:57:27.026975Z,KXSOL15M-26OCT050100-00,0.9410,3.00,no
2026-10-05T04:57:27.0662Z,KXSOL15M-26OCT050100-00,0.9480,3.00,yes
2026-10-05T04:57:27.476822Z,KXSOL15M-26OCT050100-00,0.9510,3.00,yes
2026-10-05T04:57:27.61766Z,KXSOL15M-26OCT050100-00,0.9450,0.79,no
2026-10-05T04:57:28.130791Z,KXSOL15M-26OCT050100-00,0.9500,10.00,yes
2026-10-05T04:57:28.837916Z,KXSOL15M-26OCT050100-00,0.9550,3.00,yes
2026-10-05T04:57:28.837916Z,KXSOL15M-26OCT050100-00,0.9690,63.00,yes
2026-10-05T04:57:28.837916Z,KXSOL15M-26OCT050100-00,0.9690,21.00,yes
2026-10-05T04:57:28.837916Z,KXSOL15M-26OCT050100-00,0.9560,3.00,yes
2026-10-05T04:57:28.837916Z,KXSOL15M-26OCT050100-00,0.9710,1.00,yes
2026-10-05T04:57:28.837916Z,KXSOL15M-26OCT050100-00,0.9590,16.00,yes
2026-10-05T04:57:28.837916Z,KXSOL15M-26OCT050100-00,0.9610,10.00,yes
2026-10-05T04:57:28.837916Z,KXSOL15M-26OCT050100-00,0.9600,6.00,yes
2026-10-05T04:57:28.837916Z,KXSOL15M-26OCT050100-00,0.9580,6.00,yes
2026-10-05T04:57:28.837916Z,KXSOL15M-26OCT050100-00,0.9610,10.00,yes
2026-10-05T04:57:28.837916Z,KXSOL15M-26OCT050100-00,0.9640,20.00,yes
2026-10-05T04:57:28.837916Z,KXSOL15M-26OCT050100-00,0.9700,6.66,yes
2026-10-05T04:57:28.837916Z,KXSOL15M-26OCT050100-00,0.9700,25.00,yes
2026-10-05T04:57:28.837916Z,KXSOL15M-26OCT050100-00,0.9720,16.09,yes
2026-10-05T04:57:28.837916Z,KXSOL15M-26OCT050100-00,0.9700,1.00,yes
2026-10-05T04:57:28.837916Z,KXSOL15M-26OCT050100-00,0.9690,1.00,yes
2026-10-05T04:57:28.837916Z,KXSOL15M-26OCT050100-00,0.9700,66.00,yes
2026-10-05T04:57:28.837916Z,KXSOL15M-26OCT050100-00,0.9670,1.00,yes
2026-10-05T04:57:28.837916Z,KXSOL15M-26OCT050100-00,0.9650,1.00,yes
2026-10-05T04:57:28.837916Z,KXSOL15M-26OCT050100-00,0.9690,1.00,yes
2026-10-05T04:57:28.837916Z,KXSOL15M-26OCT050100-00,0.9720,1.00,yes
2026-10-05T04:57:28.837916Z,KXSOL15M-26OCT050100-00,0.9710,1.00,yes
2026-10-05T04:57:28.837916Z,KXSOL15M-26OCT050100-00,0.9660,1.00,yes
2026-10-05T04:57:28.837916Z,KXSOL15M-26OCT050100-00,0.9680,1.00,yes
2026-10-05T04:57:28.837916Z,KXSOL15M-26OCT050100-00,0.9640,0.99,yes
2026-10-05T04:57:28.837916Z,KXSOL15M-26OCT050100-00,0.9700,1.00,yes
2026-10-05T04:57:28.837916Z,KXSOL15M-26OCT050100-00,0.9700,1.00,yes
2026-10-05T04:57:28.866038Z,KXSOL15M-26OCT050100-00,0.9580,2.10,yes
2026-10-05T04:57:28.866038Z,KXSOL15M-26OCT050100-00,0.9570,3.00,yes
2026-10-05T04:57:29.25418Z,KXSOL15M-26OCT050100-00,0.9510,1.00,no
2026-10-05T04:57:29.25418Z,KXSOL15M-26OCT050100-00,0.9510,7.00,no
2026-10-05T04:57:29.25418Z,KXSOL15M-26OCT050100-00,0.9510,11.70,no
2026-10-05T04:57:29.674997Z,KXSOL15M-26OCT050100-00,0.9540,51.00,no
2026-10-05T04:57:29.973395Z,KXSOL15M-26OCT050100-00,0.9510,7.00,no
2026-10-05T04:57:29.973395Z,KXSOL15M-26OCT050100-00,0.9510,2.83,no
2026-10-05T04:57:29.973395Z,KXSOL15M-26OCT050100-00,0.9510,9.30,no
2026-10-05T04:57:30.668013Z,KXSOL15M-26OCT050100-00,0.9670,19.00,yes
2026-10-05T04:57:30.668013Z,KXSOL15M-26OCT050100-00,0.9620,3.00,yes
2026-10-05T04:57:30.668013Z,KXSOL15M-26OCT050100-00,0.9590,5.00,yes
2026-10-05T04:57:30.668013Z,KXSOL15M-26OCT050100-00,0.9630,3.00,yes
2026-10-05T04:57:30.668013Z,KXSOL15M-26OCT050100-00,0.9660,6.00,yes
2026-10-05T04:57:30.668013Z,KXSOL15M-26OCT050100-00,0.9690,0.90,yes
2026-10-05T04:57:31.935836Z,KXSOL15M-26OCT050100-00,0.9750,1.00,yes
2026-10-05T04:57:31.935836Z,KXSOL15M-26OCT050100-00,0.9730,1.00,yes
2026-10-05T04:57:31.935836Z,KXSOL15M-26OCT050100-00,0.9750,1.00,yes
2026-10-05T04:57:31.935836Z,KXSOL15M-26OCT050100-00,0.9740,1.00,yes
2026-10-05T04:57:32.064798Z,KXSOL15M-26OCT050100-00,0.9680,3.00,no
2026-10-05T04:57:32.064798Z,KXSOL15M-26OCT050100-00,0.9690,3.00,no
2026-10-05T04:57:32.064798Z,KXSOL15M-26OCT050100-00,0.9680,19.00,no
2026-10-05T04:57:32.517229Z,KXSOL15M-26OCT050100-00,0.9620,2.73,no
2026-10-05T04:57:32.517229Z,KXSOL15M-26OCT050100-00,0.9630,7.00,no
2026-10-05T04:57:32.517229Z,KXSOL15M-26OCT050100-00,0.9670,3.00,no
2026-10-05T04:57:32.517229Z,KXSOL15M-26OCT050100-00,0.9660,3.00,no
2026-10-05T04:57:32.517229Z,KXSOL15M-26OCT050100-00,0.9640,15.00,no
2026-10-05T04:57:33.103172Z,KXSOL15M-26OCT050100-00,0.9740,3.00,yes
2026-10-05T04:57:33.103172Z,KXSOL15M-26OCT050100-00,0.9740,2.12,yes
2026-10-05T04:57:34.178146Z,KXSOL15M-26OCT050100-00,0.9730,3.00,yes
2026-10-05T04:57:34.568656Z,KXSOL15M-26OCT050100-00,0.9770,6.00,yes
2026-10-05T04:57:34.568656Z,KXSOL15M-26OCT050100-00,0.9770,28.00,yes
2026-10-05T04:57:34.568656Z,KXSOL15M-26OCT050100-00,0.9780,3.00,yes
2026-10-05T04:57:34.568656Z,KXSOL15M-26OCT050100-00,0.9780,40.00,yes
2026-10-05T04:57:34.568656Z,KXSOL15M-26OCT050100-00,0.9790,30.00,yes
2026-10-05T04:57:34.568656Z,KXSOL15M-26OCT050100-00,0.9780,1.00,yes
2026-10-05T04:57:34.568656Z,KXSOL15M-26OCT050100-00,0.9760,1.00,yes
2026-10-05T04:57:34.568656Z,KXSOL15M-26OCT050100-00,0.9770,1.00,yes
2026-10-05T04:57:34.584778Z,KXSOL15M-26OCT050100-00,0.9790,3.00,yes
2026-10-05T04:57:34.584778Z,KXSOL15M-26OCT050100-00,0.9790,10.00,yes
2026-10-05T04:57:34.584778Z,KXSOL15M-26OCT050100-00,0.9790,1.00,yes
2026-10-05T04:57:34.584778Z,KXSOL15M-26OCT050100-00,0.9790,1.00,yes
2026-10-05T04:57:34.613035Z,KXSOL15M-26OCT050100-00,0.9730,9.15,no
2026-10-05T04:57:34.613035Z,KXSOL15M-26OCT050100-00,0.9760,3.00,no
2026-10-05T04:57:34.63838Z,KXSOL15M-26OCT050100-00,0.9800,4.00,yes
2026-10-05T04:57:34.63838Z,KXSOL15M-26OCT050100-00,0.9800,11.00,yes
2026-10-05T04:57:34.680705Z,KXSOL15M-26OCT050100-00,0.9800,4.00,yes
2026-10-05T04:57:34.680705Z,KXSOL15M-26OCT050100-00,0.9800,36.00,yes
2026-10-05T04:57:34.697172Z,KXSOL15M-26OCT050100-00,0.9790,4.00,no
2026-10-05T04:57:34.794181Z,KXSOL15M-26OCT050100-00,0.9770,28.57,no
2026-10-05T04:57:34.839252Z,KXSOL15M-26OCT050100-00,0.9790,4.00,yes
2026-10-05T04:57:34.839252Z,KXSOL15M-26OCT050100-00,0.9790,25.00,yes
2026-10-05T04:57:34.839252Z,KXSOL15M-26OCT050100-00,0.9800,1.00,yes
2026-10-05T04:57:34.839252Z,KXSOL15M-26OCT050100-00,0.9800,10.00,yes
2026-10-05T04:57:34.943954Z,KXSOL15M-26OCT050100-00,0.9790,5.00,yes
2026-10-05T04:57:35.017784Z,KXSOL15M-26OCT050100-00,0.9790,43.00,no
2026-10-05T04:57:35.088766Z,KXSOL15M-26OCT050100-00,0.9790,27.00,no
2026-10-05T04:57:35.088766Z,KXSOL15M-26OCT050100-00,0.9790,2.00,no
2026-10-05T04:57:35.088766Z,KXSOL15M-26OCT050100-00,0.9790,4.00,no
2026-10-05T04:57:35.189436Z,KXSOL15M-26OCT050100-00,0.9790,3.00,no
2026-10-05T04:57:35.290287Z,KXSOL15M-26OCT050100-00,0.9800,52.00,yes
2026-10-05T04:57:35.619059Z,KXSOL15M-26OCT050100-00,0.9790,12.75,no
2026-10-05T04:57:35.746696Z,KXSOL15M-26OCT050100-00,0.9790,4.00,no
2026-10-05T04:57:35.753383Z,KXSOL15M-26OCT050100-00,0.9790,4.00,no
2026-10-05T04:57:36.187488Z,KXSOL15M-26OCT050100-00,0.9800,64.00,yes
2026-10-05T04:57:36.187488Z,KXSOL15M-26OCT050100-00,0.9800,6.00,yes
2026-10-05T04:57:36.187488Z,KXSOL15M-26OCT050100-00,0.9810,3.00,yes
2026-10-05T04:57:36.187488Z,KXSOL15M-26OCT050100-00,0.9810,40.00,yes
2026-10-05T04:57:36.187488Z,KXSOL15M-26OCT050100-00,0.9810,1.00,yes
2026-10-05T04:57:36.43546Z,KXSOL15M-26OCT050100-00,0.9830,49.00,yes
2026-10-05T04:57:36.43546Z,KXSOL15M-26OCT050100-00,0.9820,3.00,yes
2026-10-05T04:57:36.43546Z,KXSOL15M-26OCT050100-00,0.9830,3.00,yes
2026-10-05T04:57:36.43546Z,KXSOL15M-26OCT050100-00,0.9820,7.00,yes
2026-10-05T04:57:36.43546Z,KXSOL15M-26OCT050100-00,0.9850,15.00,yes
2026-10-05T04:57:36.43546Z,KXSOL15M-26OCT050100-00,0.9840,40.00,yes
2026-10-05T04:57:36.43546Z,KXSOL15M-26OCT050100-00,0.9830,40.00,yes
2026-10-05T04:57:36.43546Z,KXSOL15M-26OCT050100-00,0.9820,40.00,yes
2026-10-05T04:57:36.43546Z,KXSOL15M-26OCT050100-00,0.9820,1.00,yes
2026-10-05T04:57:36.43546Z,KXSOL15M-26OCT050100-00,0.9840,1.00,yes
2026-10-05T04:57:36.43546Z,KXSOL15M-26OCT050100-00,0.9830,1.00,yes
2026-10-05T04:57:36.442138Z,KXSOL15M-26OCT050100-00,0.9850,20.00,yes
2026-10-05T04:57:36.442138Z,KXSOL15M-26OCT050100-00,0.9830,7.00,yes
2026-10-05T04:57:36.442138Z,KXSOL15M-26OCT050100-00,0.9850,7.00,yes
2026-10-05T04:57:36.442138Z,KXSOL15M-26OCT050100-00,0.9850,25.00,yes
2026-10-05T04:57:36.442138Z,KXSOL15M-26OCT050100-00,0.9860,40.00,yes
2026-10-05T04:57:36.442138Z,KXSOL15M-26OCT050100-00,0.9850,1.00,yes
2026-10-05T04:57:36.581605Z,KXSOL15M-26OCT050100-00,0.9810,1.00,no
2026-10-05T04:57:37.449288Z,KXSOL15M-26OCT050100-00,0.9810,25.00,no
2026-10-05T04:57:37.456552Z,KXSOL15M-26OCT050100-00,0.9810,1.00,no
2026-10-05T04:57:37.532491Z,KXSOL15M-26OCT050100-00,0.9810,13.00,no
2026-10-05T04:57:37.532491Z,KXSOL15M-26OCT050100-00,0.9810,15.00,no
2026-10-05T04:57:37.635274Z,KXSOL15M-26OCT050100-00,0.9810,5.00,no
2026-10-05T04:57:37.970984Z,KXSOL15M-26OCT050100-00,0.9840,19.00,yes
2026-10-05T04:57:38.672859Z,KXSOL15M-26OCT050100-00,0.9830,5.30,no
2026-10-05T04:57:38.755002Z,KXSOL15M-26OCT050100-00,0.9830,34.70,no
2026-10-05T04:57:38.755002Z,KXSOL15M-26OCT050100-00,0.9830,14.55,no
2026-10-05T04:57:39.279815Z,KXSOL15M-26OCT050100-00,0.9830,4.48,no
2026-10-05T04:57:39.279815Z,KXSOL15M-26OCT050100-00,0.9830,0.45,no
2026-10-05T04:57:39.381814Z,KXSOL15M-26OCT050100-00,0.9830,33.51,no
2026-10-05T04:57:39.381814Z,KXSOL15M-26OCT050100-00,0.9830,20.52,no
2026-10-05T04:57:40.339911Z,KXSOL15M-26OCT050100-00,0.9820,20.00,no
2026-10-05T04:57:40.339911Z,KXSOL15M-26OCT050100-00,0.9830,6.49,no
2026-10-05T04:57:40.339911Z,KXSOL15M-26OCT050100-00,0.9810,7.00,no
2026-10-05T04:57:40.339911Z,KXSOL15M-26OCT050100-00,0.9810,5.00,no
2026-10-05T04:57:40.339911Z,KXSOL15M-26OCT050100-00,0.9800,12.85,no
2026-10-05T04:57:41.754979Z,KXSOL15M-26OCT050100-00,0.9850,8.00,yes
2026-10-05T04:57:43.25108Z,KXSOL15M-26OCT050100-00,0.9840,1.00,no
2026-10-05T04:57:43.395929Z,KXSOL15M-26OCT050100-00,0.9840,20.00,no
2026-10-05T04:57:43.501872Z,KXSOL15M-26OCT050100-00,0.9840,1.00,no
2026-10-05T04:57:43.644959Z,KXSOL15M-26OCT050100-00,0.9840,1.00,no
2026-10-05T04:57:44.02449Z,KXSOL15M-26OCT050100-00,0.9840,5.84,no
2026-10-05T04:57:44.081165Z,KXSOL15M-26OCT050100-00,0.9810,2.70,no
2026-10-05T04:57:44.081165Z,KXSOL15M-26OCT050100-00,0.9840,91.16,no
2026-10-05T04:57:44.081165Z,KXSOL15M-26OCT050100-00,0.9810,5.00,no
2026-10-05T04:57:44.081165Z,KXSOL15M-26OCT050100-00,0.9810,7.00,no
2026-10-05T04:57:44.947068Z,KXSOL15M-26OCT050100-00,0.9860,2.00,yes
2026-10-05T04:57:44.947068Z,KXSOL15M-26OCT050100-00,0.9860,1.00,yes
2026-10-05T04:57:46.722256Z,KXSOL15M-26OCT050100-00,0.9870,6.00,yes
2026-10-05T04:57:46.722256Z,KXSOL15M-26OCT050100-00,0.9870,1.00,yes
2026-10-05T04:57:46.722256Z,KXSOL15M-26OCT050100-00,0.9870,40.00,yes
2026-10-05T04:57:46.886586Z,KXSOL15M-26OCT050100-00,0.9850,2.08,no
2026-10-05T04:57:47.611322Z,KXSOL15M-26OCT050100-00,0.9880,10.00,yes
2026-10-05T04:57:47.611322Z,KXSOL15M-26OCT050100-00,0.9880,5.47,yes
2026-10-05T04:57:48.566951Z,KXSOL15M-26OCT050100-00,0.9870,49.00,yes
2026-10-05T04:57:48.566951Z,KXSOL15M-26OCT050100-00,0.9870,6.00,yes
2026-10-05T04:57:48.566951Z,KXSOL15M-26OCT050100-00,0.9880,114.53,yes
2026-10-05T04:57:48.566951Z,KXSOL15M-26OCT050100-00,0.9880,218.47,yes
2026-10-05T04:57:49.880029Z,KXSOL15M-26OCT050100-00,0.9830,4.95,no
2026-10-05T04:57:49.880029Z,KXSOL15M-26OCT050100-00,0.9840,76.00,no
2026-10-05T04:57:49.880029Z,KXSOL15M-26OCT050100-00,0.9850,37.92,no
2026-10-05T04:57:51.538551Z,KXSOL15M-26OCT050100-00,0.9830,15.11,no
2026-10-05T04:57:51.538551Z,KXSOL15M-26OCT050100-00,0.9830,0.52,no
2026-10-05T04:57:51.741684Z,KXSOL15M-26OCT050100-00,0.9880,83.00,yes
2026-10-05T04:57:51.748406Z,KXSOL15M-26OCT050100-00,0.9880,3.00,yes
2026-10-05T04:57:51.753262Z,KXSOL15M-26OCT050100-00,0.9880,3.00,yes
2026-10-05T04:57:51.759408Z,KXSOL15M-26OCT050100-00,0.9880,3.00,yes
2026-10-05T04:57:52.057385Z,KXSOL15M-26OCT050100-00,0.9880,2.02,yes
2026-10-05T04:57:52.675311Z,KXSOL15M-26OCT050100-00,0.9830,93.71,no
2026-10-05T04:57:52.675311Z,KXSOL15M-26OCT050100-00,0.9850,10.00,no
2026-10-05T04:57:52.675311Z,KXSOL15M-26OCT050100-00,0.9840,1.00,no
2026-10-05T04:57:53.638087Z,KXSOL15M-26OCT050100-00,0.9880,11.00,yes
2026-10-05T04:57:53.653926Z,KXSOL15M-26OCT050100-00,0.9880,6.00,yes
2026-10-05T04:57:53.653926Z,KXSOL15M-26OCT050100-00,0.9880,3.00,yes
2026-10-05T04:57:53.653926Z,KXSOL15M-26OCT050100-00,0.9880,1.00,yes
2026-10-05T04:57:53.653926Z,KXSOL15M-26OCT050100-00,0.9880,26.51,yes
2026-10-05T04:57:53.653926Z,KXSOL15M-26OCT050100-00,0.9880,40.00,yes
2026-10-05T04:57:56.989044Z,KXSOL15M-26OCT050100-00,0.9840,27.50,no
2026-10-05T04:57:57.993796Z,KXSOL15M-26OCT050100-00,0.9890,8.00,yes
2026-10-05T04:57:58.000484Z,KXSOL15M-26OCT050100-00,0.9890,1.00,yes
2026-10-05T04:57:58.007571Z,KXSOL15M-26OCT050100-00,0.9890,3.00,yes
2026-10-05T04:57:58.430972Z,KXSOL15M-26OCT050100-00,0.9840,1.00,no
2026-10-05T04:57:58.809679Z,KXSOL15M-26OCT050100-00,0.9830,11.00,no
2026-10-05T04:57:58.809679Z,KXSOL15M-26OCT050100-00,0.9830,5.71,no
2026-10-05T04:57:58.809679Z,KXSOL15M-26OCT050100-00,0.9820,20.23,no
2026-10-05T04:57:58.809679Z,KXSOL15M-26OCT050100-00,0.9840,11.50,no
2026-10-05T04:57:58.809679Z,KXSOL15M-26OCT050100-00,0.9840,3.00,no
2026-10-05T04:57:58.809679Z,KXSOL15M-26OCT050100-00,0.9830,3.00,no
2026-10-05T04:58:00.992627Z,KXSOL15M-26OCT050100-00,0.9870,3.00,yes
2026-10-05T04:58:01.058036Z,KXSOL15M-26OCT050100-00,0.9880,3.00,yes
2026-10-05T04:58:01.058036Z,KXSOL15M-26OCT050100-00,0.9880,10.00,yes
2026-10-05T04:58:01.058036Z,KXSOL15M-26OCT050100-00,0.9880,6.00,yes
2026-10-05T04:58:01.058036Z,KXSOL15M-26OCT050100-00,0.9880,45.21,yes
2026-10-05T04:58:01.127786Z,KXSOL15M-26OCT050100-00,0.9820,96.00,no
2026-10-05T04:58:01.127858Z,KXSOL15M-26OCT050100-00,0.9820,99.00,no
2026-10-05T04:58:01.267087Z,KXSOL15M-26OCT050100-00,0.9840,3.00,yes
2026-10-05T04:58:01.373238Z,KXSOL15M-26OCT050100-00,0.9850,3.00,yes
2026-10-05T04:58:01.373238Z,KXSOL15M-26OCT050100-00,0.9850,4.00,yes
2026-10-05T04:58:03.688357Z,KXSOL15M-26OCT050100-00,0.9850,12.00,no
2026-10-05T04:58:03.688357Z,KXSOL15M-26OCT050100-00,0.9840,3.00,no
2026-10-05T04:58:03.688357Z,KXSOL15M-26OCT050100-00,0.9810,4.61,no
2026-10-05T04:58:03.688357Z,KXSOL15M-26OCT050100-00,0.9820,14.84,no
2026-10-05T04:58:03.688357Z,KXSOL15M-26OCT050100-00,0.9820,3.24,no
2026-10-05T04:58:03.688357Z,KXSOL15M-26OCT050100-00,0.9810,12.00,no
2026-10-05T04:58:04.125971Z,KXSOL15M-26OCT050100-00,0.9880,2.00,yes
2026-10-05T04:58:04.125971Z,KXSOL15M-26OCT050100-00,0.9880,10.00,yes
2026-10-05T04:58:04.125971Z,KXSOL15M-26OCT050100-00,0.9880,4.00,yes
2026-10-05T04:58:04.125971Z,KXSOL15M-26OCT050100-00,0.9880,44.67,yes
2026-10-05T04:58:04.967415Z,KXSOL15M-26OCT050100-00,0.9900,14.96,yes
2026-10-05T04:58:04.967415Z,KXSOL15M-26OCT050100-00,0.9940,10.00,yes
2026-10-05T04:58:04.967415Z,KXSOL15M-26OCT050100-00,0.9890,100.00,yes
2026-10-05T04:58:04.967415Z,KXSOL15M-26OCT050100-00,0.9890,5.00,yes
2026-10-05T04:58:04.967415Z,KXSOL15M-26OCT050100-00,0.9920,3.00,yes
2026-10-05T04:58:04.967415Z,KXSOL15M-26OCT050100-00,0.9930,3.00,yes
2026-10-05T04:58:04.967415Z,KXSOL15M-26OCT050100-00,0.9890,10.00,yes
2026-10-05T04:58:04.967415Z,KXSOL15M-26OCT050100-00,0.9930,91.00,yes
2026-10-05T04:58:04.967415Z,KXSOL15M-26OCT050100-00,0.9940,107.00,yes
2026-10-05T04:58:04.967415Z,KXSOL15M-26OCT050100-00,0.9920,80.00,yes
2026-10-05T04:58:04.967415Z,KXSOL15M-26OCT050100-00,0.9930,91.00,yes
2026-10-05T04:58:04.967415Z,KXSOL15M-26OCT050100-00,0.9940,214.00,yes
2026-10-05T04:58:04.967415Z,KXSOL15M-26OCT050100-00,0.9900,5.88,yes
2026-10-05T04:58:04.967415Z,KXSOL15M-26OCT050100-00,0.9900,20.00,yes
2026-10-05T04:58:04.967415Z,KXSOL15M-26OCT050100-00,0.9890,1.00,yes
2026-10-05T04:58:04.967415Z,KXSOL15M-26OCT050100-00,0.9900,25.00,yes
2026-10-05T04:58:04.967415Z,KXSOL15M-26OCT050100-00,0.9900,10.00,yes
2026-10-05T04:58:04.967415Z,KXSOL15M-26OCT050100-00,0.9890,1.00,yes
2026-10-05T04:58:04.967415Z,KXSOL15M-26OCT050100-00,0.9890,40.00,yes
2026-10-05T04:58:04.967415Z,KXSOL15M-26OCT050100-00,0.9900,1.00,yes
2026-10-05T04:58:04.967415Z,KXSOL15M-26OCT050100-00,0.9920,1.00,yes
2026-10-05T04:58:04.967415Z,KXSOL15M-26OCT050100-00,0.9910,1.00,yes
2026-10-05T04:58:04.967415Z,KXSOL15M-26OCT050100-00,0.9930,1.00,yes
2026-10-05T04:58:04.967415Z,KXSOL15M-26OCT050100-00,0.9940,1.00,yes
2026-10-05T04:58:04.967415Z,KXSOL15M-26OCT050100-00,0.9890,1.00,yes
2026-10-05T04:58:04.967415Z,KXSOL15M-26OCT050100-00,0.9950,15.34,yes
2026-10-05T04:58:04.967415Z,KXSOL15M-26OCT050100-00,0.9920,40.00,yes
2026-10-05T04:58:04.967415Z,KXSOL15M-26OCT050100-00,0.9930,40.00,yes
2026-10-05T04:58:04.967415Z,KXSOL15M-26OCT050100-00,0.9940,40.00,yes
2026-10-05T04:58:04.967415Z,KXSOL15M-26OCT050100-00,0.9950,1.00,yes
2026-10-05T04:58:04.967415Z,KXSOL15M-26OCT050100-00,0.9910,40.00,yes
2026-10-05T04:58:04.967415Z,KXSOL15M-26OCT050100-00,0.9900,40.00,yes
2026-10-05T04:58:04.967415Z,KXSOL15M-26OCT050100-00,0.9890,1.00,yes
2026-10-05T04:58:04.967415Z,KXSOL15M-26OCT050100-00,0.9890,2.00,yes
2026-10-05T04:58:04.967415Z,KXSOL15M-26OCT050100-00,0.9890,20.00,yes
2026-10-05T04:58:04.967415Z,KXSOL15M-26OCT050100-00,0.9890,10.00,yes
2026-10-05T04:58:04.967415Z,KXSOL15M-26OCT050100-00,0.9890,2.00,yes
2026-10-05T04:58:04.967415Z,KXSOL15M-26OCT050100-00,0.9890,100.00,yes
2026-10-05T04:58:04.967415Z,KXSOL15M-26OCT050100-00,0.9900,25.00,yes
2026-10-05T04:58:04.974367Z,KXSOL15M-26OCT050100-00,0.9890,5.00,yes
2026-10-05T04:58:05.621093Z,KXSOL15M-26OCT050100-00,0.9910,29.55,no
2026-10-05T04:58:05.624978Z,KXSOL15M-26OCT050100-00,0.9910,17.55,no
2026-10-05T04:58:05.624978Z,KXSOL15M-26OCT050100-00,0.9910,40.00,no
2026-10-05T04:58:05.624978Z,KXSOL15M-26OCT050100-00,0.9910,10.45,no
2026-10-05T04:58:06.02562Z,KXSOL15M-26OCT050100-00,0.9920,11.00,yes
2026-10-05T04:58:06.32305Z,KXSOL15M-26OCT050100-00,0.9900,27.91,no
2026-10-05T04:58:06.32305Z,KXSOL15M-26OCT050100-00,0.9900,25.00,no
2026-10-05T04:58:06.32305Z,KXSOL15M-26OCT050100-00,0.9930,15.34,no
2026-10-05T04:58:06.32305Z,KXSOL15M-26OCT050100-00,0.9920,3.00,no
2026-10-05T04:58:06.32305Z,KXSOL15M-26OCT050100-00,0.9910,3.00,no
2026-10-05T04:58:06.32305Z,KXSOL15M-26OCT050100-00,0.9930,22.45,no
2026-10-05T04:58:07.035847Z,KXSOL15M-26OCT050100-00,0.9940,1.00,yes
2026-10-05T04:58:07.082426Z,KXSOL15M-26OCT050100-00,0.9920,100.00,yes
2026-10-05T04:58:07.899254Z,KXSOL15M-26OCT050100-00,0.9940,1.00,yes
2026-10-05T04:58:07.899254Z,KXSOL15M-26OCT050100-00,0.9940,10.00,yes
2026-10-05T04:58:07.899254Z,KXSOL15M-26OCT050100-00,0.9940,6.00,yes
2026-10-05T04:58:08.000472Z,KXSOL15M-26OCT050100-00,0.9900,10.00,no
2026-10-05T04:58:08.000472Z,KXSOL15M-26OCT050100-00,0.9900,6.00,no
2026-10-05T04:58:08.000472Z,KXSOL15M-26OCT050100-00,0.9900,10.00,no
2026-10-05T04:58:08.000472Z,KXSOL15M-26OCT050100-00,0.9900,24.00,no
2026-10-05T04:58:08.000472Z,KXSOL15M-26OCT050100-00,0.9890,35.04,no
2026-10-05T04:58:08.000472Z,KXSOL15M-26OCT050100-00,0.9900,12.09,no
2026-10-05T04:58:08.000472Z,KXSOL15M-26OCT050100-00,0.9900,80.00,no
2026-10-05T04:58:08.405208Z,KXSOL15M-26OCT050100-00,0.9940,7.00,yes
2026-10-05T04:58:08.405208Z,KXSOL15M-26OCT050100-00,0.9940,10.00,yes
2026-10-05T04:58:08.405208Z,KXSOL15M-26OCT050100-00,0.9940,82.69,yes
2026-10-05T04:58:08.482591Z,KXSOL15M-26OCT050100-00,0.9950,11.60,yes
2026-10-05T04:58:08.482591Z,KXSOL15M-26OCT050100-00,0.9950,1.00,yes
2026-10-05T04:58:08.482591Z,KXSOL15M-26OCT050100-00,0.9950,24.66,yes
2026-10-05T04:58:08.482591Z,KXSOL15M-26OCT050100-00,0.9950,11.00,yes
2026-10-05T04:58:09.296617Z,KXSOL15M-26OCT050100-00,0.9950,116.00,yes
2026-10-05T04:58:09.296617Z,KXSOL15M-26OCT050100-00,0.9970,852.00,yes
2026-10-05T04:58:09.296617Z,KXSOL15M-26OCT050100-00,0.9950,6.00,yes
2026-10-05T04:58:09.296617Z,KXSOL15M-26OCT050100-00,0.9960,160.00,yes
2026-10-05T04:58:09.296617Z,KXSOL15M-26OCT050100-00,0.9950,10.00,yes
2026-10-05T04:58:09.296617Z,KXSOL15M-26OCT050100-00,0.9960,160.00,yes
2026-10-05T04:58:09.296617Z,KXSOL15M-26OCT050100-00,0.9950,128.00,yes
2026-10-05T04:58:09.296617Z,KXSOL15M-26OCT050100-00,0.9970,20.00,yes
2026-10-05T04:58:09.296617Z,KXSOL15M-26OCT050100-00,0.9970,250.00,yes
2026-10-05T04:58:09.296617Z,KXSOL15M-26OCT050100-00,0.9970,30.00,yes
2026-10-05T04:58:09.296617Z,KXSOL15M-26OCT050100-00,0.9970,40.00,yes
2026-10-05T04:58:09.296617Z,KXSOL15M-26OCT050100-00,0.9960,1.00,yes
2026-10-05T04:58:09.296617Z,KXSOL15M-26OCT050100-00,0.9970,1.00,yes
2026-10-05T04:58:09.296617Z,KXSOL15M-26OCT050100-00,0.9960,40.00,yes
2026-10-05T04:58:09.296617Z,KXSOL15M-26OCT050100-00,0.9980,246.13,yes
2026-10-05T04:58:09.296617Z,KXSOL15M-26OCT050100-00,0.9960,1.00,yes
2026-10-05T04:58:09.296617Z,KXSOL15M-26OCT050100-00,0.9970,2.00,yes
2026-10-05T04:58:09.296617Z,KXSOL15M-26OCT050100-00,0.9970,2.00,yes
2026-10-05T04:58:09.296617Z,KXSOL15M-26OCT050100-00,0.9970,2.00,yes
2026-10-05T04:58:09.296617Z,KXSOL15M-26OCT050100-00,0.9960,1.00,yes
2026-10-05T04:58:09.296617Z,KXSOL15M-26OCT050100-00,0.9970,18.00,yes
2026-10-05T04:58:09.296617Z,KXSOL15M-26OCT050100-00,0.9960,13.00,yes
2026-10-05T04:58:09.296617Z,KXSOL15M-26OCT050100-00,0.9960,1.00,yes
2026-10-05T04:58:09.296617Z,KXSOL15M-26OCT050100-00,0.9970,2.00,yes
2026-10-05T04:58:09.296617Z,KXSOL15M-26OCT050100-00,0.9970,2.00,yes
2026-10-05T04:58:09.296617Z,KXSOL15M-26OCT050100-00,0.9960,1.00,yes
2026-10-05T04:58:09.296617Z,KXSOL15M-26OCT050100-00,0.9960,1.00,yes
2026-10-05T04:58:09.639603Z,KXSOL15M-26OCT050100-00,0.9960,16.78,no
2026-10-05T04:58:10.533828Z,KXSOL15M-26OCT050100-00,0.9970,1.00,yes
2026-10-05T04:58:11.198417Z,KXSOL15M-26OCT050100-00,0.9960,40.00,no
2026-10-05T04:58:11.208969Z,KXSOL15M-26OCT050100-00,0.9950,40.00,no
2026-10-05T04:58:11.271096Z,KXSOL15M-26OCT050100-00,0.9940,6.00,no
2026-10-05T04:58:11.271116Z,KXSOL15M-26OCT050100-00,0.9920,11.34,no
2026-10-05T04:58:11.271116Z,KXSOL15M-26OCT050100-00,0.9940,18.66,no
2026-10-05T04:58:11.271116Z,KXSOL15M-26OCT050100-00,0.9940,30.00,no
2026-10-05T04:58:11.271138Z,KXSOL15M-26OCT050100-00,0.9920,9.00,no
2026-10-05T04:58:11.27117Z,KXSOL15M-26OCT050100-00,0.9920,15.00,no
2026-10-05T04:58:11.280754Z,KXSOL15M-26OCT050100-00,0.9950,10.00,yes
2026-10-05T04:58:11.280754Z,KXSOL15M-26OCT050100-00,0.9950,10.00,yes
2026-10-05T04:58:11.286571Z,KXSOL15M-26OCT050100-00,0.9950,10.00,yes
2026-10-05T04:58:12.002551Z,KXSOL15M-26OCT050100-00,0.9930,100.00,yes
2026-10-05T04:58:12.002551Z,KXSOL15M-26OCT050100-00,0.9940,3.00,yes
2026-10-05T04:58:12.002551Z,KXSOL15M-26OCT050100-00,0.9940,10.00,yes
2026-10-05T04:58:12.002551Z,KXSOL15M-26OCT050100-00,0.9930,3.00,yes
2026-10-05T04:58:12.037808Z,KXSOL15M-26OCT050100-00,0.9940,10.00,yes
2026-10-05T04:58:12.037808Z,KXSOL15M-26OCT050100-00,0.9940,3.00,yes
2026-10-05T04:58:12.088398Z,KXSOL15M-26OCT050100-00,0.9940,3.00,yes
2026-10-05T04:58:12.088398Z,KXSOL15M-26OCT050100-00,0.9940,10.00,yes
2026-10-05T04:58:12.116106Z,KXSOL15M-26OCT050100-00,0.9940,3.00,yes
2026-10-05T04:58:12.116106Z,KXSOL15M-26OCT050100-00,0.9930,3.00,yes
2026-10-05T04:58:12.116106Z,KXSOL15M-26OCT050100-00,0.9940,10.00,yes
2026-10-05T04:58:12.122436Z,KXSOL15M-26OCT050100-00,0.9940,5.00,yes
2026-10-05T04:58:12.127713Z,KXSOL15M-26OCT050100-00,0.9940,5.00,yes
2026-10-05T04:58:12.132552Z,KXSOL15M-26OCT050100-00,0.9940,5.00,yes
2026-10-05T04:58:12.138982Z,KXSOL15M-26OCT050100-00,0.9940,2.00,yes
2026-10-05T04:58:12.574828Z,KXSOL15M-26OCT050100-00,0.9950,2.40,yes
2026-10-05T04:58:12.574828Z,KXSOL15M-26OCT050100-00,0.9950,10.00,yes
2026-10-05T04:58:13.086451Z,KXSOL15M-26OCT050100-00,0.9930,100.00,yes
2026-10-05T04:58:13.645193Z,KXSOL15M-26OCT050100-00,0.9930,1.87,no
2026-10-05T04:58:14.22085Z,KXSOL15M-26OCT050100-00,0.9940,1.00,yes
2026-10-05T04:58:14.429008Z,KXSOL15M-26OCT050100-00,0.9890,4.42,no
2026-10-05T04:58:14.429008Z,KXSOL15M-26OCT050100-00,0.9920,210.66,no
2026-10-05T04:58:14.429008Z,KXSOL15M-26OCT050100-00,0.9910,250.00,no
2026-10-05T04:58:14.429008Z,KXSOL15M-26OCT050100-00,0.9930,98.13,no
2026-10-05T04:58:15.285252Z,KXSOL15M-26OCT050100-00,0.9900,100.00,yes
2026-10-05T04:58:16.306419Z,KXSOL15M-26OCT050100-00,0.9950,1.00,yes
2026-10-05T04:58:17.087126Z,KXSOL15M-26OCT050100-00,0.9910,1.00,yes
2026-10-05T04:58:17.58383Z,KXSOL15M-26OCT050100-00,0.9820,20.00,no
2026-10-05T04:58:17.58383Z,KXSOL15M-26OCT050100-00,0.9770,11.43,no
2026-10-05T04:58:17.58383Z,KXSOL15M-26OCT050100-00,0.9770,30.00,no
2026-10-05T04:58:17.58383Z,KXSOL15M-26OCT050100-00,0.9790,10.25,no
2026-10-05T04:58:17.58383Z,KXSOL15M-26OCT050100-00,0.9770,0.85,no
2026-10-05T04:58:17.58383Z,KXSOL15M-26OCT050100-00,0.9800,27.15,no
2026-10-05T04:58:17.58383Z,KXSOL15M-26OCT050100-00,0.9850,6.00,no
2026-10-05T04:58:17.58383Z,KXSOL15M-26OCT050100-00,0.9900,1.00,no
2026-10-05T04:58:17.58383Z,KXSOL15M-26OCT050100-00,0.9900,100.00,no
2026-10-05T04:58:17.58383Z,KXSOL15M-26OCT050100-00,0.9900,3.00,no
2026-10-05T04:58:17.58383Z,KXSOL15M-26OCT050100-00,0.9750,8.00,no
2026-10-05T04:58:17.58383Z,KXSOL15M-26OCT050100-00,0.9890,3.00,no
2026-10-05T04:58:17.58383Z,KXSOL15M-26OCT050100-00,0.9750,1.40,no
2026-10-05T04:58:17.58383Z,KXSOL15M-26OCT050100-00,0.9840,3.00,no
2026-10-05T04:58:17.58383Z,KXSOL15M-26OCT050100-00,0.9820,12.00,no
2026-10-05T04:58:17.58383Z,KXSOL15M-26OCT050100-00,0.9880,40.00,no
2026-10-05T04:58:17.58383Z,KXSOL15M-26OCT050100-00,0.9890,0.54,no
2026-10-05T04:58:17.58383Z,KXSOL15M-26OCT050100-00,0.9800,6.95,no
2026-10-05T04:58:17.58383Z,KXSOL15M-26OCT050100-00,0.9780,9.00,no
2026-10-05T04:58:17.896602Z,KXSOL15M-26OCT050100-00,0.9950,5.00,yes
2026-10-05T04:58:17.896602Z,KXSOL15M-26OCT050100-00,0.9950,5.00,yes
2026-10-05T04:58:17.903265Z,KXSOL15M-26OCT050100-00,0.9950,2.00,yes
2026-10-05T04:58:17.907849Z,KXSOL15M-26OCT050100-00,0.9950,2.00,yes
2026-10-05T04:58:17.912714Z,KXSOL15M-26OCT050100-00,0.9950,1.00,yes
2026-10-05T04:58:17.912714Z,KXSOL15M-26OCT050100-00,0.9950,1.00,yes
2026-10-05T04:58:17.917565Z,KXSOL15M-26OCT050100-00,0.9950,2.00,yes
2026-10-05T04:58:17.925064Z,KXSOL15M-26OCT050100-00,0.9950,2.00,yes
2026-10-05T04:58:17.931148Z,KXSOL15M-26OCT050100-00,0.9950,2.00,yes
2026-10-05T04:58:17.93619Z,KXSOL15M-26OCT050100-00,0.9950,2.00,yes
2026-10-05T04:58:17.940379Z,KXSOL15M-26OCT050100-00,0.9950,2.00,yes
2026-10-05T04:58:18.088636Z,KXSOL15M-26OCT050100-00,0.9950,1.00,yes
2026-10-05T04:58:18.088636Z,KXSOL15M-26OCT050100-00,0.9950,1.00,yes
2026-10-05T04:58:18.096758Z,KXSOL15M-26OCT050100-00,0.9950,2.00,yes
2026-10-05T04:58:18.104246Z,KXSOL15M-26OCT050100-00,0.9910,2.00,yes
2026-10-05T04:58:18.110806Z,KXSOL15M-26OCT050100-00,0.9910,98.00,yes
2026-10-05T04:58:18.437795Z,KXSOL15M-26OCT050100-00,0.9950,2.00,yes
2026-10-05T04:58:18.437795Z,KXSOL15M-26OCT050100-00,0.9950,8.00,yes
2026-10-05T04:58:18.437795Z,KXSOL15M-26OCT050100-00,0.9950,2.00,yes
2026-10-05T04:58:18.437795Z,KXSOL15M-26OCT050100-00,0.9950,2.00,yes
2026-10-05T04:58:18.56026Z,KXSOL15M-26OCT050100-00,0.9950,6.17,no
2026-10-05T04:58:19.048193Z,KXSOL15M-26OCT050100-00,0.9960,21.00,yes
2026-10-05T04:58:19.15013Z,KXSOL15M-26OCT050100-00,0.9960,14.00,yes
2026-10-05T04:58:19.649468Z,KXSOL15M-26OCT050100-00,0.9960,99.00,yes
2026-10-05T04:58:19.654847Z,KXSOL15M-26OCT050100-00,0.9960,2.00,yes
2026-10-05T04:58:20.219708Z,KXSOL15M-26OCT050100-00,0.9930,3.00,no
2026-10-05T04:58:20.219708Z,KXSOL15M-26OCT050100-00,0.9940,3.00,no
2026-10-05T04:58:20.219708Z,KXSOL15M-26OCT050100-00,0.9950,7.83,no
2026-10-05T04:58:20.219708Z,KXSOL15M-26OCT050100-00,0.9920,18.23,no
2026-10-05T04:58:20.219708Z,KXSOL15M-26OCT050100-00,0.9920,21.00,no
2026-10-05T04:58:20.219708Z,KXSOL15M-26OCT050100-00,0.9920,14.00,no
2026-10-05T04:58:20.337936Z,KXSOL15M-26OCT050100-00,0.9960,19.00,yes
2026-10-05T04:58:20.344681Z,KXSOL15M-26OCT050100-00,0.9960,5.00,yes
2026-10-05T04:58:20.349936Z,KXSOL15M-26OCT050100-00,0.9960,5.00,yes
2026-10-05T04:58:20.357173Z,KXSOL15M-26OCT050100-00,0.9950,3.00,no
2026-10-05T04:58:20.406669Z,KXSOL15M-26OCT050100-00,0.9940,7.00,yes
2026-10-05T04:58:20.406669Z,KXSOL15M-26OCT050100-00,0.9940,10.00,yes
2026-10-05T04:58:20.406669Z,KXSOL15M-26OCT050100-00,0.9950,97.00,yes
2026-10-05T04:58:20.406669Z,KXSOL15M-26OCT050100-00,0.9940,100.00,yes
2026-10-05T04:58:21.89429Z,KXSOL15M-26OCT050100-00,0.9920,36.23,no
2026-10-05T04:58:21.89429Z,KXSOL15M-26OCT050100-00,0.9930,3.00,no
2026-10-05T04:58:21.89429Z,KXSOL15M-26OCT050100-00,0.9950,122.00,no
2026-10-05T04:58:21.947952Z,KXSOL15M-26OCT050100-00,0.9940,100.00,yes
2026-10-05T04:58:21.947952Z,KXSOL15M-26OCT050100-00,0.9950,1.00,yes
2026-10-05T04:58:24.077373Z,KXSOL15M-26OCT050100-00,0.9950,1.00,yes
2026-10-05T04:58:24.077373Z,KXSOL15M-26OCT050100-00,0.9950,10.00,yes
2026-10-05T04:58:24.077373Z,KXSOL15M-26OCT050100-00,0.9950,5.00,yes
2026-10-05T04:58:24.077373Z,KXSOL15M-26OCT050100-00,0.9960,85.00,yes
2026-10-05T04:58:24.082213Z,KXSOL15M-26OCT050100-00,0.9960,3.00,yes
2026-10-05T04:58:24.307795Z,KXSOL15M-26OCT050100-00,0.9800,29.21,no
2026-10-05T04:58:24.307795Z,KXSOL15M-26OCT050100-00,0.9810,16.00,no
2026-10-05T04:58:24.307795Z,KXSOL15M-26OCT050100-00,0.9930,3.00,no
2026-10-05T04:58:24.307795Z,KXSOL15M-26OCT050100-00,0.9900,16.69,no
2026-10-05T04:58:24.307795Z,KXSOL15M-26OCT050100-00,0.9900,3.00,no
2026-10-05T04:58:24.307795Z,KXSOL15M-26OCT050100-00,0.9940,3.00,no
2026-10-05T04:58:24.307795Z,KXSOL15M-26OCT050100-00,0.9920,68.31,no
2026-10-05T04:58:24.307795Z,KXSOL15M-26OCT050100-00,0.9820,20.00,no
2026-10-05T04:58:24.307795Z,KXSOL15M-26OCT050100-00,0.9820,12.00,no
2026-10-05T04:58:24.307795Z,KXSOL15M-26OCT050100-00,0.9830,1.00,no
2026-10-05T04:58:24.307795Z,KXSOL15M-26OCT050100-00,0.9940,100.00,no
2026-10-05T04:58:24.307795Z,KXSOL15M-26OCT050100-00,0.9920,2.00,no
2026-10-05T04:58:24.307795Z,KXSOL15M-26OCT050100-00,0.9920,44.54,no
2026-10-05T04:58:24.307795Z,KXSOL15M-26OCT050100-00,0.9830,11.00,no
2026-10-05T04:58:24.307795Z,KXSOL15M-26OCT050100-00,0.9920,19.00,no
2026-10-05T04:58:24.307795Z,KXSOL15M-26OCT050100-00,0.9920,5.00,no
2026-10-05T04:58:24.307795Z,KXSOL15M-26OCT050100-00,0.9920,5.00,no
2026-10-05T04:58:24.973291Z,KXSOL15M-26OCT050100-00,0.9810,1.21,no
2026-10-05T04:58:26.087059Z,KXSOL15M-26OCT050100-00,0.9950,2.00,yes
2026-10-05T04:58:26.09265Z,KXSOL15M-26OCT050100-00,0.9950,2.00,yes
2026-10-05T04:58:26.098375Z,KXSOL15M-26OCT050100-00,0.9950,2.00,yes
2026-10-05T04:58:26.255947Z,KXSOL15M-26OCT050100-00,0.9790,2.59,no
2026-10-05T04:58:26.255947Z,KXSOL15M-26OCT050100-00,0.9910,3.00,no
2026-10-05T04:58:26.255947Z,KXSOL15M-26OCT050100-00,0.9800,6.00,no
2026-10-05T04:58:26.255947Z,KXSOL15M-26OCT050100-00,0.9900,3.00,no
2026-10-05T04:58:26.255947Z,KXSOL15M-26OCT050100-00,0.9820,11.00,no
2026-10-05T04:58:26.255947Z,KXSOL15M-26OCT050100-00,0.9810,12.00,no
2026-10-05T04:58:26.255947Z,KXSOL15M-26OCT050100-00,0.9810,8.79,no
2026-10-05T04:58:26.576234Z,KXSOL15M-26OCT050100-00,0.9810,6.00,no
2026-10-05T04:58:26.576269Z,KXSOL15M-26OCT050100-00,0.9810,3.00,no
2026-10-05T04:58:26.576378Z,KXSOL15M-26OCT050100-00,0.9810,3.00,no
2026-10-05T04:58:27.005242Z,KXSOL15M-26OCT050100-00,0.9890,3.00,yes
2026-10-05T04:58:27.088105Z,KXSOL15M-26OCT050100-00,0.9910,20.00,yes
2026-10-05T04:58:27.611184Z,KXSOL15M-26OCT050100-00,0.9800,35.79,no
2026-10-05T04:58:27.611184Z,KXSOL15M-26OCT050100-00,0.9850,3.00,no
2026-10-05T04:58:27.611184Z,KXSOL15M-26OCT050100-00,0.9840,3.00,no
2026-10-05T04:58:27.611184Z,KXSOL15M-26OCT050100-00,0.9910,20.00,no
2026-10-05T04:58:27.611184Z,KXSOL15M-26OCT050100-00,0.9790,27.53,no
2026-10-05T04:58:27.611184Z,KXSOL15M-26OCT050100-00,0.9830,11.00,no
2026-10-05T04:58:27.611184Z,KXSOL15M-26OCT050100-00,0.9820,12.00,no
2026-10-05T04:58:27.611184Z,KXSOL15M-26OCT050100-00,0.9800,6.00,no
2026-10-05T04:58:27.611184Z,KXSOL15M-26OCT050100-00,0.9820,6.00,no
2026-10-05T04:58:27.611184Z,KXSOL15M-26OCT050100-00,0.9790,15.00,no
2026-10-05T04:58:27.611184Z,KXSOL15M-26OCT050100-00,0.9790,40.00,no
2026-10-05T04:58:27.611184Z,KXSOL15M-26OCT050100-00,0.9810,15.00,no
2026-10-05T04:58:27.611184Z,KXSOL15M-26OCT050100-00,0.9790,30.00,no
2026-10-05T04:58:27.611184Z,KXSOL15M-26OCT050100-00,0.9790,5.00,no
2026-10-05T04:58:27.611184Z,KXSOL15M-26OCT050100-00,0.9790,3.41,no
2026-10-05T04:58:27.733502Z,KXSOL15M-26OCT050100-00,0.9920,3.00,yes
2026-10-05T04:58:27.733502Z,KXSOL15M-26OCT050100-00,0.9920,18.00,yes
2026-10-05T04:58:27.733502Z,KXSOL15M-26OCT050100-00,0.9920,8.00,yes
2026-10-05T04:58:27.733502Z,KXSOL15M-26OCT050100-00,0.9930,3.00,yes
2026-10-05T04:58:27.740188Z,KXSOL15M-26OCT050100-00,0.9900,6.00,yes
2026-10-05T04:58:28.967838Z,KXSOL15M-26OCT050100-00,0.9940,2.01,yes
2026-10-05T04:58:29.516801Z,KXSOL15M-26OCT050100-00,0.9910,10.00,yes
2026-10-05T04:58:29.522528Z,KXSOL15M-26OCT050100-00,0.9910,10.00,yes
2026-10-05T04:58:30.341441Z,KXSOL15M-26OCT050100-00,0.9790,3.00,yes
2026-10-05T04:58:30.341441Z,KXSOL15M-26OCT050100-00,0.9780,3.00,yes
2026-10-05T04:58:30.596956Z,KXSOL15M-26OCT050100-00,0.9820,1.20,yes
2026-10-05T04:58:30.596956Z,KXSOL15M-26OCT050100-00,0.9810,3.00,yes
2026-10-05T04:58:30.762171Z,KXSOL15M-26OCT050100-00,0.9840,3.00,yes
2026-10-05T04:58:30.852918Z,KXSOL15M-26OCT050100-00,0.9840,17.00,yes
2026-10-05T04:58:30.859811Z,KXSOL15M-26OCT050100-00,0.9840,3.00,yes
2026-10-05T04:58:30.859811Z,KXSOL15M-26OCT050100-00,0.9850,3.00,yes
2026-10-05T04:58:31.180543Z,KXSOL15M-26OCT050100-00,0.9790,7.95,no
2026-10-05T04:58:31.180543Z,KXSOL15M-26OCT050100-00,0.9790,10.00,no
2026-10-05T04:58:31.180543Z,KXSOL15M-26OCT050100-00,0.9790,6.00,no
2026-10-05T04:58:31.276187Z,KXSOL15M-26OCT050100-00,0.9870,3.00,yes
2026-10-05T04:58:31.276187Z,KXSOL15M-26OCT050100-00,0.9860,3.00,yes
2026-10-05T04:58:31.427935Z,KXSOL15M-26OCT050100-00,0.9780,55.94,no
2026-10-05T04:58:31.427935Z,KXSOL15M-26OCT050100-00,0.9860,3.00,no
2026-10-05T04:58:31.427935Z,KXSOL15M-26OCT050100-00,0.9800,9.00,no
2026-10-05T04:58:31.427935Z,KXSOL15M-26OCT050100-00,0.9790,2.05,no
2026-10-05T04:58:31.427935Z,KXSOL15M-26OCT050100-00,0.9780,12.00,no
2026-10-05T04:58:31.467904Z,KXSOL15M-26OCT050100-00,0.9900,20.00,yes
2026-10-05T04:58:32.8925Z,KXSOL15M-26OCT050100-00,0.9910,1.85,yes
2026-10-05T04:58:33.144015Z,KXSOL15M-26OCT050100-00,0.9820,3.00,no
2026-10-05T04:58:33.144015Z,KXSOL15M-26OCT050100-00,0.9830,3.00,no
2026-10-05T04:58:33.144015Z,KXSOL15M-26OCT050100-00,0.9780,9.06,no
2026-10-05T04:58:33.144015Z,KXSOL15M-26OCT050100-00,0.9810,12.00,no
2026-10-05T04:58:33.144015Z,KXSOL15M-26OCT050100-00,0.9810,20.00,no
2026-10-05T04:58:35.087225Z,KXSOL15M-26OCT050100-00,0.9910,4.00,yes
2026-10-05T04:58:35.100183Z,KXSOL15M-26OCT050100-00,0.9910,1.00,yes
2026-10-05T04:58:35.100183Z,KXSOL15M-26OCT050100-00,0.9910,3.00,yes
2026-10-05T04:58:36.485508Z,KXSOL15M-26OCT050100-00,0.9820,7.00,no
2026-10-05T04:58:36.485508Z,KXSOL15M-26OCT050100-00,0.9770,17.49,no
2026-10-05T04:58:36.485508Z,KXSOL15M-26OCT050100-00,0.9830,5.00,no
2026-10-05T04:58:36.485508Z,KXSOL15M-26OCT050100-00,0.9780,9.00,no
2026-10-05T04:58:36.485508Z,KXSOL15M-26OCT050100-00,0.9840,3.00,no
2026-10-05T04:58:36.485508Z,KXSOL15M-26OCT050100-00,0.9850,3.00,no
2026-10-05T04:58:37.088316Z,KXSOL15M-26OCT050100-00,0.9890,1.00,yes
2026-10-05T04:58:37.256595Z,KXSOL15M-26OCT050100-00,0.9760,42.00,no
2026-10-05T04:58:37.256595Z,KXSOL15M-26OCT050100-00,0.9750,18.00,no
2026-10-05T04:58:37.256595Z,KXSOL15M-26OCT050100-00,0.9840,2.00,no
2026-10-05T04:58:37.256595Z,KXSOL15M-26OCT050100-00,0.9770,10.00,no
2026-10-05T04:58:37.256595Z,KXSOL15M-26OCT050100-00,0.9810,3.00,no
2026-10-05T04:58:37.256595Z,KXSOL15M-26OCT050100-00,0.9770,9.00,no
2026-10-05T04:58:37.256595Z,KXSOL15M-26OCT050100-00,0.9800,10.00,no
2026-10-05T04:58:37.256595Z,KXSOL15M-26OCT050100-00,0.9820,3.00,no
2026-10-05T04:58:37.256595Z,KXSOL15M-26OCT050100-00,0.9730,19.00,no
2026-10-05T04:58:37.256595Z,KXSOL15M-26OCT050100-00,0.9710,194.66,no
2026-10-05T04:58:37.256595Z,KXSOL15M-26OCT050100-00,0.9710,4.00,no
2026-10-05T04:58:37.256595Z,KXSOL15M-26OCT050100-00,0.9710,28.00,no
2026-10-05T04:58:37.283728Z,KXSOL15M-26OCT050100-00,0.9890,3.00,yes
2026-10-05T04:58:38.087876Z,KXSOL15M-26OCT050100-00,0.9880,3.00,yes
2026-10-05T04:58:38.336737Z,KXSOL15M-26OCT050100-00,0.9870,3.00,yes
2026-10-05T04:58:38.918827Z,KXSOL15M-26OCT050100-00,0.9760,3.00,no
2026-10-05T04:58:38.918827Z,KXSOL15M-26OCT050100-00,0.9770,3.00,no
2026-10-05T04:58:38.918827Z,KXSOL15M-26OCT050100-00,0.9820,1.00,no
2026-10-05T04:58:38.918827Z,KXSOL15M-26OCT050100-00,0.9830,5.00,no
2026-10-05T04:58:38.918827Z,KXSOL15M-26OCT050100-00,0.9710,8.00,no
2026-10-05T04:58:38.918827Z,KXSOL15M-26OCT050100-00,0.9640,10.00,no
2026-10-05T04:58:38.918827Z,KXSOL15M-26OCT050100-00,0.9780,31.00,no
2026-10-05T04:58:38.918827Z,KXSOL15M-26OCT050100-00,0.9810,7.00,no
2026-10-05T04:58:38.918827Z,KXSOL15M-26OCT050100-00,0.9630,15.00,no
2026-10-05T04:58:38.918827Z,KXSOL15M-26OCT050100-00,0.9620,21.27,no
2026-10-05T04:58:38.918827Z,KXSOL15M-26OCT050100-00,0.9700,3.00,no
2026-10-05T04:58:38.918827Z,KXSOL15M-26OCT050100-00,0.9620,1.00,no
2026-10-05T04:58:38.918827Z,KXSOL15M-26OCT050100-00,0.9700,34.00,no
2026-10-05T04:58:38.918827Z,KXSOL15M-26OCT050100-00,0.9620,129.92,no
2026-10-05T04:58:38.918827Z,KXSOL15M-26OCT050100-00,0.9700,1.00,no
2026-10-05T04:58:38.918827Z,KXSOL15M-26OCT050100-00,0.9650,1.00,no
2026-10-05T04:58:39.538941Z,KXSOL15M-26OCT050100-00,0.9760,3.00,yes
2026-10-05T04:58:39.538941Z,KXSOL15M-26OCT050100-00,0.9750,3.00,yes
2026-10-05T04:58:39.607034Z,KXSOL15M-26OCT050100-00,0.9770,3.00,yes
2026-10-05T04:58:39.63252Z,KXSOL15M-26OCT050100-00,0.9780,3.00,yes
2026-10-05T04:58:39.710471Z,KXSOL15M-26OCT050100-00,0.9790,2.00,yes
2026-10-05T04:58:39.790266Z,KXSOL15M-26OCT050100-00,0.9720,3.00,no
2026-10-05T04:58:39.790266Z,KXSOL15M-26OCT050100-00,0.9710,3.00,no
2026-10-05T04:58:39.790266Z,KXSOL15M-26OCT050100-00,0.9700,6.00,no
2026-10-05T04:58:40.352119Z,KXSOL15M-26OCT050100-00,0.9740,3.00,yes
2026-10-05T04:58:40.352119Z,KXSOL15M-26OCT050100-00,0.9730,1.00,yes
2026-10-05T04:58:41.207901Z,KXSOL15M-26OCT050100-00,0.9830,21.14,yes
2026-10-05T04:58:41.207901Z,KXSOL15M-26OCT050100-00,0.9800,6.00,yes
2026-10-05T04:58:41.207901Z,KXSOL15M-26OCT050100-00,0.9820,7.00,yes
2026-10-05T04:58:41.207901Z,KXSOL15M-26OCT050100-00,0.9840,25.86,yes
2026-10-05T04:58:41.456133Z,KXSOL15M-26OCT050100-00,0.9680,0.77,no
2026-10-05T04:58:41.456133Z,KXSOL15M-26OCT050100-00,0.9700,3.00,no
2026-10-05T04:58:41.456133Z,KXSOL15M-26OCT050100-00,0.9690,3.00,no
2026-10-05T04:58:41.456133Z,KXSOL15M-26OCT050100-00,0.9700,6.00,no
2026-10-05T04:58:41.83922Z,KXSOL15M-26OCT050100-00,0.9670,11.06,no
2026-10-05T04:58:41.83922Z,KXSOL15M-26OCT050100-00,0.9680,7.00,no
2026-10-05T04:58:41.83922Z,KXSOL15M-26OCT050100-00,0.9680,10.00,no
2026-10-05T04:58:42.088348Z,KXSOL15M-26OCT050100-00,0.9780,2.00,yes
2026-10-05T04:58:42.137199Z,KXSOL15M-26OCT050100-00,0.9780,1.00,yes
2026-10-05T04:58:42.137199Z,KXSOL15M-26OCT050100-00,0.9790,3.00,yes
2026-10-05T04:58:42.247053Z,KXSOL15M-26OCT050100-00,0.9800,6.00,yes
2026-10-05T04:58:42.247053Z,KXSOL15M-26OCT050100-00,0.9800,3.00,yes
2026-10-05T04:58:42.247053Z,KXSOL15M-26OCT050100-00,0.9800,3.00,yes
2026-10-05T04:58:43.201155Z,KXSOL15M-26OCT050100-00,0.9650,16.75,no
2026-10-05T04:58:43.201155Z,KXSOL15M-26OCT050100-00,0.9670,3.94,no
2026-10-05T04:58:43.201155Z,KXSOL15M-26OCT050100-00,0.9660,10.00,no
2026-10-05T04:58:43.201155Z,KXSOL15M-26OCT050100-00,0.9700,6.00,no
2026-10-05T04:58:43.201155Z,KXSOL15M-26OCT050100-00,0.9750,6.00,no
2026-10-05T04:58:43.201155Z,KXSOL15M-26OCT050100-00,0.9680,7.00,no
2026-10-05T04:58:43.201155Z,KXSOL15M-26OCT050100-00,0.9780,3.00,no
2026-10-05T04:58:43.201155Z,KXSOL15M-26OCT050100-00,0.9790,3.00,no
2026-10-05T04:58:44.036825Z,KXSOL15M-26OCT050100-00,0.9830,19.00,yes
2026-10-05T04:58:44.036825Z,KXSOL15M-26OCT050100-00,0.9850,6.00,yes
2026-10-05T04:58:44.036825Z,KXSOL15M-26OCT050100-00,0.9840,6.00,yes
2026-10-05T04:58:44.079069Z,KXSOL15M-26OCT050100-00,0.9850,4.00,yes
2026-10-05T04:58:44.079069Z,KXSOL15M-26OCT050100-00,0.9850,6.00,yes
2026-10-05T04:58:44.307158Z,KXSOL15M-26OCT050100-00,0.9860,0.10,yes
2026-10-05T04:58:44.845035Z,KXSOL15M-26OCT050100-00,0.9860,2.10,yes
2026-10-05T04:58:44.872742Z,KXSOL15M-26OCT050100-00,0.9860,21.00,yes
2026-10-05T04:58:44.879337Z,KXSOL15M-26OCT050100-00,0.9860,0.90,yes
2026-10-05T04:58:47.290807Z,KXSOL15M-26OCT050100-00,0.9900,25.00,yes
2026-10-05T04:58:47.290807Z,KXSOL15M-26OCT050100-00,0.9890,5.00,yes
2026-10-05T04:58:47.290807Z,KXSOL15M-26OCT050100-00,0.9890,10.00,yes
2026-10-05T04:58:47.290807Z,KXSOL15M-26OCT050100-00,0.9930,15.48,yes
2026-10-05T04:58:47.410313Z,KXSOL15M-26OCT050100-00,0.9680,12.39,no
2026-10-05T04:58:47.410313Z,KXSOL15M-26OCT050100-00,0.9790,1.00,no
2026-10-05T04:58:47.410313Z,KXSOL15M-26OCT050100-00,0.9750,6.00,no
2026-10-05T04:58:47.410313Z,KXSOL15M-26OCT050100-00,0.9800,6.00,no
2026-10-05T04:58:47.410313Z,KXSOL15M-26OCT050100-00,0.9860,3.00,no
2026-10-05T04:58:47.410313Z,KXSOL15M-26OCT050100-00,0.9870,3.00,no
2026-10-05T04:58:47.410313Z,KXSOL15M-26OCT050100-00,0.9690,7.00,no
2026-10-05T04:58:47.410313Z,KXSOL15M-26OCT050100-00,0.9850,25.00,no
2026-10-05T04:58:47.817973Z,KXSOL15M-26OCT050100-00,0.9670,13.61,no
2026-10-05T04:58:47.817973Z,KXSOL15M-26OCT050100-00,0.9680,1.61,no
2026-10-05T04:58:47.817973Z,KXSOL15M-26OCT050100-00,0.9800,6.00,no
2026-10-05T04:58:47.817973Z,KXSOL15M-26OCT050100-00,0.9680,7.00,no
2026-10-05T04:58:47.817973Z,KXSOL15M-26OCT050100-00,0.9840,3.00,no
2026-10-05T04:58:47.817973Z,KXSOL15M-26OCT050100-00,0.9850,3.00,no
2026-10-05T04:58:48.952969Z,KXSOL15M-26OCT050100-00,0.9920,8.00,yes
2026-10-05T04:58:48.952969Z,KXSOL15M-26OCT050100-00,0.9910,12.00,yes
2026-10-05T04:58:49.05435Z,KXSOL15M-26OCT050100-00,0.9920,20.00,no
2026-10-05T04:58:49.44618Z,KXSOL15M-26OCT050100-00,0.9920,1.00,yes
2026-10-05T04:58:49.540423Z,KXSOL15M-26OCT050100-00,0.9920,1.00,yes
2026-10-05T04:58:50.099519Z,KXSOL15M-26OCT050100-00,0.9840,3.00,no
2026-10-05T04:58:50.099519Z,KXSOL15M-26OCT050100-00,0.9850,3.00,no
2026-10-05T04:58:50.099519Z,KXSOL15M-26OCT050100-00,0.9800,4.00,no
2026-10-05T04:58:50.439079Z,KXSOL15M-26OCT050100-00,0.9710,8.00,no
2026-10-05T04:58:50.439079Z,KXSOL15M-26OCT050100-00,0.9830,3.00,no
2026-10-05T04:58:50.439079Z,KXSOL15M-26OCT050100-00,0.9820,3.00,no
2026-10-05T04:58:50.439079Z,KXSOL15M-26OCT050100-00,0.9630,0.82,no
2026-10-05T04:58:50.439079Z,KXSOL15M-26OCT050100-00,0.9650,18.25,no
2026-10-05T04:58:50.439079Z,KXSOL15M-26OCT050100-00,0.9640,62.00,no
2026-10-05T04:58:50.439079Z,KXSOL15M-26OCT050100-00,0.9670,13.00,no
2026-10-05T04:58:50.439079Z,KXSOL15M-26OCT050100-00,0.9700,6.00,no
2026-10-05T04:58:50.439079Z,KXSOL15M-26OCT050100-00,0.9650,6.00,no
2026-10-05T04:58:50.439079Z,KXSOL15M-26OCT050100-00,0.9660,16.00,no
2026-10-05T04:58:50.439079Z,KXSOL15M-26OCT050100-00,0.9670,1.39,no
2026-10-05T04:58:51.246309Z,KXSOL15M-26OCT050100-00,0.9890,19.00,yes
2026-10-05T04:58:51.514658Z,KXSOL15M-26OCT050100-00,0.9900,5.00,yes
2026-10-05T04:58:51.52144Z,KXSOL15M-26OCT050100-00,0.9900,4.00,yes
2026-10-05T04:58:51.52144Z,KXSOL15M-26OCT050100-00,0.9900,1.00,yes
2026-10-05T04:58:51.910449Z,KXSOL15M-26OCT050100-00,0.9900,3.00,yes
2026-10-05T04:58:52.197939Z,KXSOL15M-26OCT050100-00,0.9900,3.00,yes
2026-10-05T04:58:52.42375Z,KXSOL15M-26OCT050100-00,0.9900,12.00,no
2026-10-05T04:58:53.088745Z,KXSOL15M-26OCT050100-00,0.9900,39.36,no
2026-10-05T04:58:53.521207Z,KXSOL15M-26OCT050100-00,0.9900,4.00,no
2026-10-05T04:58:55.27543Z,KXSOL15M-26OCT050100-00,0.9900,5.20,no
2026-10-05T04:58:57.13663Z,KXSOL15M-26OCT050100-00,0.9900,45.00,no
2026-10-05T04:58:57.143593Z,KXSOL15M-26OCT050100-00,0.9900,1.00,no
2026-10-05T04:58:57.14529Z,KXSOL15M-26OCT050100-00,0.9900,3.00,no
2026-10-05T04:58:57.187581Z,KXSOL15M-26OCT050100-00,0.9900,47.00,no
2026-10-05T04:58:57.382105Z,KXSOL15M-26OCT050100-00,0.9920,10.04,yes
2026-10-05T04:58:58.537865Z,KXSOL15M-26OCT050100-00,0.9900,10.00,no
2026-10-05T04:58:58.587101Z,KXSOL15M-26OCT050100-00,0.9850,6.00,no
2026-10-05T04:58:58.587101Z,KXSOL15M-26OCT050100-00,0.9900,0.44,no
2026-10-05T04:58:58.587101Z,KXSOL15M-26OCT050100-00,0.9800,6.00,no
2026-10-05T04:58:58.587101Z,KXSOL15M-26OCT050100-00,0.9750,2.56,no
2026-10-05T04:58:58.587216Z,KXSOL15M-26OCT050100-00,0.9750,5.44,no
2026-10-05T04:58:58.587275Z,KXSOL15M-26OCT050100-00,0.9740,15.00,no
2026-10-05T04:58:58.587275Z,KXSOL15M-26OCT050100-00,0.9730,2.00,no
2026-10-05T04:58:58.695125Z,KXSOL15M-26OCT050100-00,0.9900,3.00,yes
2026-10-05T04:58:58.969057Z,KXSOL15M-26OCT050100-00,0.9840,2.00,yes
2026-10-05T04:58:59.460671Z,KXSOL15M-26OCT050100-00,0.9890,7.00,yes
2026-10-05T04:58:59.460671Z,KXSOL15M-26OCT050100-00,0.9890,5.00,yes
2026-10-05T04:58:59.563944Z,KXSOL15M-26OCT050100-00,0.9890,3.00,yes
2026-10-05T04:59:00.106071Z,KXSOL15M-26OCT050100-00,0.9900,2.00,yes
2026-10-05T04:59:00.182882Z,KXSOL15M-26OCT050100-00,0.9900,2.00,yes
2026-10-05T04:59:00.285248Z,KXSOL15M-26OCT050100-00,0.9900,3.00,yes
2026-10-05T04:59:00.285248Z,KXSOL15M-26OCT050100-00,0.9900,13.00,yes
2026-10-05T04:59:00.390605Z,KXSOL15M-26OCT050100-00,0.9900,7.00,yes
2026-10-05T04:59:01.218584Z,KXSOL15M-26OCT050100-00,0.9930,3.00,yes
2026-10-05T04:59:01.626847Z,KXSOL15M-26OCT050100-00,0.9950,2.99,no
2026-10-05T04:59:02.094077Z,KXSOL15M-26OCT050100-00,0.9900,5.69,no
2026-10-05T04:59:02.094077Z,KXSOL15M-26OCT050100-00,0.9930,3.00,no
2026-10-05T04:59:02.094077Z,KXSOL15M-26OCT050100-00,0.9900,120.00,no
2026-10-05T04:59:02.094077Z,KXSOL15M-26OCT050100-00,0.9940,3.00,no
2026-10-05T04:59:02.094077Z,KXSOL15M-26OCT050100-00,0.9900,10.00,no
2026-10-05T04:59:02.094077Z,KXSOL15M-26OCT050100-00,0.9900,10.00,no
2026-10-05T04:59:02.094077Z,KXSOL15M-26OCT050100-00,0.9900,33.81,no
2026-10-05T04:59:02.170744Z,KXSOL15M-26OCT050100-00,0.9970,4.00,yes
2026-10-05T04:59:03.638023Z,KXSOL15M-26OCT050100-00,0.9970,3.00,yes
2026-10-05T04:59:03.638023Z,KXSOL15M-26OCT050100-00,0.9970,6.00,yes
2026-10-05T04:59:03.638023Z,KXSOL15M-26OCT050100-00,0.9970,2.00,yes
2026-10-05T04:59:03.772094Z,KXSOL15M-26OCT050100-00,0.9920,7.00,no
2026-10-05T04:59:03.941227Z,KXSOL15M-26OCT050100-00,0.9900,15.00,no
2026-10-05T04:59:03.941227Z,KXSOL15M-26OCT050100-00,0.9900,0.94,no
2026-10-05T04:59:03.941227Z,KXSOL15M-26OCT050100-00,0.9920,83.00,no
2026-10-05T04:59:03.941227Z,KXSOL15M-26OCT050100-00,0.9900,10.33,no
2026-10-05T04:59:04.272958Z,KXSOL15M-26OCT050100-00,0.9900,10.00,no
2026-10-05T04:59:04.272958Z,KXSOL15M-26OCT050100-00,0.9900,24.00,no
2026-10-05T04:59:04.280324Z,KXSOL15M-26OCT050100-00,0.9900,0.39,no
2026-10-05T04:59:04.376962Z,KXSOL15M-26OCT050100-00,0.9920,2.00,no
2026-10-05T04:59:04.47895Z,KXSOL15M-26OCT050100-00,0.9920,22.00,no
2026-10-05T04:59:04.486184Z,KXSOL15M-26OCT050100-00,0.9920,22.00,no
2026-10-05T04:59:05.066993Z,KXSOL15M-26OCT050100-00,0.9980,188.00,yes
2026-10-05T04:59:05.066993Z,KXSOL15M-26OCT050100-00,0.9970,2.00,yes
2026-10-05T04:59:05.066993Z,KXSOL15M-26OCT050100-00,0.9970,10.00,yes
2026-10-05T04:59:05.41776Z,KXSOL15M-26OCT050100-00,0.9920,4.00,no
2026-10-05T04:59:05.41776Z,KXSOL15M-26OCT050100-00,0.9920,57.00,no
2026-10-05T04:59:05.426887Z,KXSOL15M-26OCT050100-00,0.9920,4.00,no
2026-10-05T04:59:10.072032Z,KXSOL15M-26OCT050100-00,0.9970,10.00,yes
2026-10-05T04:59:10.174254Z,KXSOL15M-26OCT050100-00,0.9970,10.00,yes
2026-10-05T04:59:10.174254Z,KXSOL15M-26OCT050100-00,0.9970,2.00,yes
2026-10-05T04:59:10.57625Z,KXSOL15M-26OCT050100-00,0.9980,115.87,yes
2026-10-05T04:59:10.57625Z,KXSOL15M-26OCT050100-00,0.9980,471.13,yes
2026-10-05T04:59:10.590301Z,KXSOL15M-26OCT050100-00,0.9980,40.96,yes
2026-10-05T04:59:10.723295Z,KXSOL15M-26OCT050100-00,0.9980,33.00,yes
2026-10-05T04:59:10.729085Z,KXSOL15M-26OCT050100-00,0.9980,61.00,yes
2026-10-05T04:59:10.811926Z,KXSOL15M-26OCT050100-00,0.9980,38.00,yes
2026-10-05T04:59:10.862458Z,KXSOL15M-26OCT050100-00,0.9980,126.00,yes
2026-10-05T04:59:10.865452Z,KXSOL15M-26OCT050100-00,0.9980,106.00,yes
2026-10-05T04:59:11.070555Z,KXSOL15M-26OCT050100-00,0.9980,1.00,yes
2026-10-05T04:59:11.072151Z,KXSOL15M-26OCT050100-00,0.9980,1.00,yes
2026-10-05T04:59:11.116342Z,KXSOL15M-26OCT050100-00,0.9980,12.00,yes
2026-10-05T04:59:12.043327Z,KXSOL15M-26OCT050100-00,0.9980,20.00,yes
2026-10-05T04:59:12.146033Z,KXSOL15M-26OCT050100-00,0.9950,70.00,no
2026-10-05T04:59:12.146033Z,KXSOL15M-26OCT050100-00,0.9960,100.00,no
2026-10-05T04:59:12.204046Z,KXSOL15M-26OCT050100-00,0.9980,36.00,yes
2026-10-05T04:59:13.576453Z,KXSOL15M-26OCT050100-00,0.9970,100.00,no
2026-10-05T04:59:13.576453Z,KXSOL15M-26OCT050100-00,0.9960,11.00,no
2026-10-05T04:59:13.576453Z,KXSOL15M-26OCT050100-00,0.9930,44.75,no
2026-10-05T04:59:13.576453Z,KXSOL15M-26OCT050100-00,0.9930,21.00,no
2026-10-05T04:59:13.576453Z,KXSOL15M-26OCT050100-00,0.9940,3.00,no
2026-10-05T04:59:13.576453Z,KXSOL15M-26OCT050100-00,0.9950,33.00,no
2026-10-05T04:59:13.576453Z,KXSOL15M-26OCT050100-00,0.9930,3.00,no
2026-10-05T04:59:13.576453Z,KXSOL15M-26OCT050100-00,0.9940,65.00,no
2026-10-05T04:59:14.006533Z,KXSOL15M-26OCT050100-00,0.9980,2.00,yes
2026-10-05T04:59:14.013477Z,KXSOL15M-26OCT050100-00,0.9980,2.00,yes
2026-10-05T04:59:14.021088Z,KXSOL15M-26OCT050100-00,0.9980,2.00,yes
2026-10-05T04:59:14.028242Z,KXSOL15M-26OCT050100-00,0.9980,2.00,yes
2026-10-05T04:59:14.030159Z,KXSOL15M-26OCT050100-00,0.9980,15.00,yes
2026-10-05T04:59:14.0364Z,KXSOL15M-26OCT050100-00,0.9980,15.00,yes
2026-10-05T04:59:14.190877Z,KXSOL15M-26OCT050100-00,0.9980,2.00,yes
2026-10-05T04:59:14.190877Z,KXSOL15M-26OCT050100-00,0.9980,8.00,yes
2026-10-05T04:59:14.198432Z,KXSOL15M-26OCT050100-00,0.9980,2.00,yes
2026-10-05T04:59:14.205693Z,KXSOL15M-26OCT050100-00,0.9980,2.00,yes
2026-10-05T04:59:14.209819Z,KXSOL15M-26OCT050100-00,0.9980,3.00,yes
2026-10-05T04:59:14.209819Z,KXSOL15M-26OCT050100-00,0.9980,3.00,yes
2026-10-05T04:59:14.209819Z,KXSOL15M-26OCT050100-00,0.9980,3.00,yes
2026-10-05T04:59:14.209819Z,KXSOL15M-26OCT050100-00,0.9980,3.00,yes
2026-10-05T04:59:14.209819Z,KXSOL15M-26OCT050100-00,0.9980,3.00,yes
2026-10-05T04:59:14.209819Z,KXSOL15M-26OCT050100-00,0.9980,14.00,yes
2026-10-05T04:59:14.209819Z,KXSOL15M-26OCT050100-00,0.9980,1.00,yes
2026-10-05T04:59:14.217753Z,KXSOL15M-26OCT050100-00,0.9980,2.00,yes
2026-10-05T04:59:14.224328Z,KXSOL15M-26OCT050100-00,0.9980,2.00,yes
2026-10-05T04:59:14.232453Z,KXSOL15M-26OCT050100-00,0.9980,2.00,yes
2026-10-05T04:59:14.238775Z,KXSOL15M-26OCT050100-00,0.9980,2.00,yes
2026-10-05T04:59:14.244962Z,KXSOL15M-26OCT050100-00,0.9980,2.00,yes
2026-10-05T04:59:14.521804Z,KXSOL15M-26OCT050100-00,0.9980,10.00,yes
2026-10-05T04:59:14.521804Z,KXSOL15M-26OCT050100-00,0.9980,2.77,yes
2026-10-05T04:59:14.826996Z,KXSOL15M-26OCT050100-00,0.9930,88.65,no
2026-10-05T04:59:14.826996Z,KXSOL15M-26OCT050100-00,0.9970,15.00,no
2026-10-05T04:59:14.826996Z,KXSOL15M-26OCT050100-00,0.9970,2.00,no
2026-10-05T04:59:14.826996Z,KXSOL15M-26OCT050100-00,0.9970,100.00,no
2026-10-05T04:59:14.826996Z,KXSOL15M-26OCT050100-00,0.9970,2.00,no
2026-10-05T04:59:14.826996Z,KXSOL15M-26OCT050100-00,0.9970,15.00,no
2026-10-05T04:59:14.826996Z,KXSOL15M-26OCT050100-00,0.9970,2.00,no
2026-10-05T04:59:14.826996Z,KXSOL15M-26OCT050100-00,0.9970,2.00,no
2026-10-05T04:59:14.826996Z,KXSOL15M-26OCT050100-00,0.9970,2.00,no
2026-10-05T04:59:14.826996Z,KXSOL15M-26OCT050100-00,0.9970,32.00,no
2026-10-05T04:59:14.826996Z,KXSOL15M-26OCT050100-00,0.9940,10.00,no
2026-10-05T04:59:14.826996Z,KXSOL15M-26OCT050100-00,0.9970,56.00,no
2026-10-05T04:59:14.826996Z,KXSOL15M-26OCT050100-00,0.9940,23.00,no
2026-10-05T04:59:16.108975Z,KXSOL15M-26OCT050100-00,0.9980,5.00,yes
2026-10-05T04:59:16.126827Z,KXSOL15M-26OCT050100-00,0.9980,2.00,yes
2026-10-05T04:59:16.229644Z,KXSOL15M-26OCT050100-00,0.9980,35.77,yes
2026-10-05T04:59:16.229644Z,KXSOL15M-26OCT050100-00,0.9980,2.00,yes
2026-10-05T04:59:16.229644Z,KXSOL15M-26OCT050100-00,0.9980,2.00,yes
2026-10-05T04:59:16.229644Z,KXSOL15M-26OCT050100-00,0.9980,2.00,yes
2026-10-05T04:59:16.229644Z,KXSOL15M-26OCT050100-00,0.9980,10.00,yes
2026-10-05T04:59:16.229644Z,KXSOL15M-26OCT050100-00,0.9980,0.23,yes
2026-10-05T04:59:16.293792Z,KXSOL15M-26OCT050100-00,0.9980,54.00,yes
2026-10-05T04:59:16.752912Z,KXSOL15M-26OCT050100-00,0.9980,15.00,yes
2026-10-05T04:59:16.760498Z,KXSOL15M-26OCT050100-00,0.9980,7.00,yes
2026-10-05T04:59:16.768196Z,KXSOL15M-26OCT050100-00,0.9980,2.00,yes
2026-10-05T04:59:16.774167Z,KXSOL15M-26OCT050100-00,0.9980,2.00,yes
2026-10-05T04:59:16.782404Z,KXSOL15M-26OCT050100-00,0.9980,2.00,yes
2026-10-05T04:59:16.790013Z,KXSOL15M-26OCT050100-00,0.9980,2.00,yes
2026-10-05T04:59:16.797345Z,KXSOL15M-26OCT050100-00,0.9980,2.00,yes
2026-10-05T04:59:16.803923Z,KXSOL15M-26OCT050100-00,0.9980,2.00,yes
2026-10-05T04:59:16.810832Z,KXSOL15M-26OCT050100-00,0.9980,2.00,yes
2026-10-05T04:59:16.816055Z,KXSOL15M-26OCT050100-00,0.9980,2.00,yes
2026-10-05T04:59:16.82209Z,KXSOL15M-26OCT050100-00,0.9980,2.00,yes
2026-10-05T04:59:17.059095Z,KXSOL15M-26OCT050100-00,0.9970,21.00,no
2026-10-05T04:59:17.059095Z,KXSOL15M-26OCT050100-00,0.9970,78.00,no
2026-10-05T04:59:17.059095Z,KXSOL15M-26OCT050100-00,0.9960,52.11,no
2026-10-05T04:59:17.059095Z,KXSOL15M-26OCT050100-00,0.9970,100.00,no
2026-10-05T04:59:17.287173Z,KXSOL15M-26OCT050100-00,0.9980,5.00,yes
2026-10-05T04:59:17.532799Z,KXSOL15M-26OCT050100-00,0.9980,2.00,yes
2026-10-05T04:59:17.540972Z,KXSOL15M-26OCT050100-00,0.9980,2.00,yes
2026-10-05T04:59:17.549882Z,KXSOL15M-26OCT050100-00,0.9980,2.00,yes
2026-10-05T04:59:17.560979Z,KXSOL15M-26OCT050100-00,0.9980,2.00,yes
2026-10-05T04:59:17.567546Z,KXSOL15M-26OCT050100-00,0.9980,2.00,yes
2026-10-05T04:59:17.884494Z,KXSOL15M-26OCT050100-00,0.9980,42.54,yes
2026-10-05T04:59:17.884494Z,KXSOL15M-26OCT050100-00,0.9980,16.00,yes
2026-10-05T04:59:17.884494Z,KXSOL15M-26OCT050100-00,0.9980,14.00,yes
2026-10-05T04:59:19.518896Z,KXSOL15M-26OCT050100-00,0.9950,701.17,no
2026-10-05T04:59:19.518896Z,KXSOL15M-26OCT050100-00,0.9960,47.89,no
2026-10-05T04:59:19.518896Z,KXSOL15M-26OCT050100-00,0.9960,27.00,no
2026-10-05T04:59:19.518896Z,KXSOL15M-26OCT050100-00,0.9970,100.00,no
2026-10-05T04:59:19.518896Z,KXSOL15M-26OCT050100-00,0.9970,0.01,no
2026-10-05T04:59:19.518896Z,KXSOL15M-26OCT050100-00,0.9970,40.00,no
2026-10-05T04:59:19.518896Z,KXSOL15M-26OCT050100-00,0.9970,40.00,no
2026-10-05T04:59:19.518896Z,KXSOL15M-26OCT050100-00,0.9970,106.00,no
2026-10-05T04:59:20.089528Z,KXSOL15M-26OCT050100-00,0.9980,2.00,yes
2026-10-05T04:59:20.094072Z,KXSOL15M-26OCT050100-00,0.9970,31.16,no
2026-10-05T04:59:20.095018Z,KXSOL15M-26OCT050100-00,0.9980,2.00,yes
2026-10-05T04:59:20.482229Z,KXSOL15M-26OCT050100-00,0.9970,47.00,no
2026-10-05T04:59:20.482229Z,KXSOL15M-26OCT050100-00,0.9940,0.25,no
2026-10-05T04:59:20.482229Z,KXSOL15M-26OCT050100-00,0.9970,0.19,no
2026-10-05T04:59:20.482229Z,KXSOL15M-26OCT050100-00,0.9960,0.21,no
2026-10-05T04:59:20.482229Z,KXSOL15M-26OCT050100-00,0.9940,23.00,no
2026-10-05T04:59:20.482229Z,KXSOL15M-26OCT050100-00,0.9950,0.23,no
2026-10-05T04:59:20.482229Z,KXSOL15M-26OCT050100-00,0.9970,43.84,no
2026-10-05T04:59:20.482229Z,KXSOL15M-26OCT050100-00,0.9940,45.00,no
2026-10-05T04:59:20.482229Z,KXSOL15M-26OCT050100-00,0.9930,12.00,no
2026-10-05T04:59:20.482229Z,KXSOL15M-26OCT050100-00,0.9930,214.33,no
2026-10-05T04:59:21.474921Z,KXSOL15M-26OCT050100-00,0.9970,5.12,no
2026-10-05T04:59:21.607909Z,KXSOL15M-26OCT050100-00,0.9980,132.43,yes
2026-10-05T04:59:21.607909Z,KXSOL15M-26OCT050100-00,0.9980,6.00,yes
2026-10-05T04:59:21.607909Z,KXSOL15M-26OCT050100-00,0.9980,16.00,yes
2026-10-05T04:59:22.437466Z,KXSOL15M-26OCT050100-00,0.9980,46.38,yes
2026-10-05T04:59:23.042973Z,KXSOL15M-26OCT050100-00,0.9980,3.00,yes
2026-10-05T04:59:23.43075Z,KXSOL15M-26OCT050100-00,0.9980,500.00,yes
2026-10-05T04:59:24.020964Z,KXSOL15M-26OCT050100-00,0.9980,5.00,yes
2026-10-05T04:59:24.031169Z,KXSOL15M-26OCT050100-00,0.9980,2.00,yes
2026-10-05T04:59:24.039164Z,KXSOL15M-26OCT050100-00,0.9980,2.00,yes
2026-10-05T04:59:24.046418Z,KXSOL15M-26OCT050100-00,0.9980,2.00,yes
2026-10-05T04:59:24.052021Z,KXSOL15M-26OCT050100-00,0.9980,2.00,yes
2026-10-05T04:59:24.058927Z,KXSOL15M-26OCT050100-00,0.9980,2.00,yes
2026-10-05T04:59:24.065785Z,KXSOL15M-26OCT050100-00,0.9980,2.00,yes
2026-10-05T04:59:24.074805Z,KXSOL15M-26OCT050100-00,0.9980,2.00,yes
2026-10-05T04:59:24.083485Z,KXSOL15M-26OCT050100-00,0.9980,2.00,yes
2026-10-05T04:59:24.088954Z,KXSOL15M-26OCT050100-00,0.9980,2.00,yes
2026-10-05T04:59:24.095565Z,KXSOL15M-26OCT050100-00,0.9980,2.00,yes
2026-10-05T04:59:24.103098Z,KXSOL15M-26OCT050100-00,0.9980,2.00,yes
2026-10-05T04:59:24.108046Z,KXSOL15M-26OCT050100-00,0.9980,2.00,yes
2026-10-05T04:59:24.109106Z,KXSOL15M-26OCT050100-00,0.9980,10.00,yes
2026-10-05T04:59:24.109106Z,KXSOL15M-26OCT050100-00,0.9980,16.00,yes
2026-10-05T04:59:24.109106Z,KXSOL15M-26OCT050100-00,0.9980,204.69,yes
2026-10-05T04:59:25.058743Z,KXSOL15M-26OCT050100-00,0.9990,11.01,yes
2026-10-05T04:59:25.235257Z,KXSOL15M-26OCT050100-00,0.9990,1.00,yes
2026-10-05T04:59:26.009599Z,KXSOL15M-26OCT050100-00,0.9980,458.01,no
2026-10-05T04:59:27.147225Z,KXSOL15M-26OCT050100-00,0.9980,91.00,no
2026-10-05T04:59:27.333122Z,KXSOL15M-26OCT050100-00,0.9980,442.00,no
2026-10-05T04:59:27.333122Z,KXSOL15M-26OCT050100-00,0.9980,5.00,no
2026-10-05T04:59:27.333122Z,KXSOL15M-26OCT050100-00,0.9980,156.00,no
2026-10-05T04:59:27.333122Z,KXSOL15M-26OCT050100-00,0.9980,25.17,no
2026-10-05T04:59:27.333122Z,KXSOL15M-26OCT050100-00,0.9980,304.30,no
2026-10-05T04:59:27.333122Z,KXSOL15M-26OCT050100-00,0.9980,0.25,no
2026-10-05T04:59:27.333122Z,KXSOL15M-26OCT050100-00,0.9980,2.00,no
2026-10-05T04:59:30.085808Z,KXSOL15M-26OCT050100-00,0.9990,100.00,yes
2026-10-05T04:59:30.106357Z,KXSOL15M-26OCT050100-00,0.9990,2.00,yes
2026-10-05T04:59:30.203105Z,KXSOL15M-26OCT050100-00,0.9980,0.01,no
2026-10-05T04:59:30.203105Z,KXSOL15M-26OCT050100-00,0.9960,0.21,no
2026-10-05T04:59:30.203105Z,KXSOL15M-26OCT050100-00,0.9970,0.19,no
2026-10-05T04:59:30.203105Z,KXSOL15M-26OCT050100-00,0.9970,100.00,no
2026-10-05T04:59:30.203105Z,KXSOL15M-26OCT050100-00,0.9960,27.00,no
2026-10-05T04:59:30.203105Z,KXSOL15M-26OCT050100-00,0.9980,119.83,no
2026-10-05T04:59:30.203105Z,KXSOL15M-26OCT050100-00,0.9980,140.00,no
2026-10-05T04:59:30.203105Z,KXSOL15M-26OCT050100-00,0.9980,0.31,no
2026-10-05T04:59:30.203105Z,KXSOL15M-26OCT050100-00,0.9960,933.33,no
2026-10-05T04:59:30.336506Z,KXSOL15M-26OCT050100-00,0.9990,1.00,yes
2026-10-05T04:59:31.105921Z,KXSOL15M-26OCT050100-00,0.9990,40.00,yes
2026-10-05T04:59:31.105921Z,KXSOL15M-26OCT050100-00,0.9990,184.99,yes
2026-10-05T04:59:31.105921Z,KXSOL15M-26OCT050100-00,0.9990,500.00,yes
2026-10-05T04:59:31.105921Z,KXSOL15M-26OCT050100-00,0.9990,200.00,yes
2026-10-05T04:59:31.105921Z,KXSOL15M-26OCT050100-00,0.9990,1.00,yes
2026-10-05T04:59:31.105921Z,KXSOL15M-26OCT050100-00,0.9990,1.00,yes
2026-10-05T04:59:31.105921Z,KXSOL15M-26OCT050100-00,0.9990,350.00,yes
2026-10-05T04:59:31.105921Z,KXSOL15M-26OCT050100-00,0.9990,1.00,yes
2026-10-05T04:59:31.105921Z,KXSOL15M-26OCT050100-00,0.9990,33.00,yes
2026-10-05T04:59:31.105921Z,KXSOL15M-26OCT050100-00,0.9990,10.00,yes
2026-10-05T04:59:31.105921Z,KXSOL15M-26OCT050100-00,0.9990,933.01,yes
2026-10-05T04:59:31.105921Z,KXSOL15M-26OCT050100-00,0.9990,53.00,yes
2026-10-05T04:59:31.181681Z,KXSOL15M-26OCT050100-00,0.9990,0.32,yes
2026-10-05T04:59:31.181681Z,KXSOL15M-26OCT050100-00,0.9990,32.68,yes
2026-10-05T04:59:48.388209Z,KXSOL15M-26OCT050100-00,0.9990,12.40,no
2026-10-05T04:59:52.763704Z,KXSOL15M-26OCT050100-00,0.9990,15.47,no
2026-10-05T04:57:49.033583Z,KXBTC15M-26OCT050100-00,0.1000,1.03,yes
2026-10-05T04:57:49.057288Z,KXBTC15M-26OCT050100-00,0.1000,6.16,yes
2026-10-05T04:57:49.077242Z,KXBTC15M-26OCT050100-00,0.0990,70.00,no
2026-10-05T04:57:49.079665Z,KXBTC15M-26OCT050100-00,0.1000,8.55,yes
2026-10-05T04:57:49.146598Z,KXBTC15M-26OCT050100-00,0.1000,0.01,yes
2026-10-05T04:57:49.146598Z,KXBTC15M-26OCT050100-00,0.1000,0.01,yes
2026-10-05T04:57:49.146598Z,KXBTC15M-26OCT050100-00,0.1000,34.26,yes
2026-10-05T04:57:49.202519Z,KXBTC15M-26OCT050100-00,0.1100,0.92,yes
2026-10-05T04:57:49.23577Z,KXBTC15M-26OCT050100-00,0.1100,0.92,yes
2026-10-05T04:57:49.251407Z,KXBTC15M-26OCT050100-00,0.1100,34.23,yes
2026-10-05T04:57:49.331264Z,KXBTC15M-26OCT050100-00,0.1100,56.55,yes
2026-10-05T04:57:49.331712Z,KXBTC15M-26OCT050100-00,0.1100,83.08,yes
2026-10-05T04:57:49.331881Z,KXBTC15M-26OCT050100-00,0.1100,1.05,yes
2026-10-05T04:57:49.331881Z,KXBTC15M-26OCT050100-00,0.1100,47.39,yes
2026-10-05T04:57:49.331881Z,KXBTC15M-26OCT050100-00,0.1100,1.01,yes
2026-10-05T04:57:49.331881Z,KXBTC15M-26OCT050100-00,0.1100,2.17,yes
2026-10-05T04:57:49.331881Z,KXBTC15M-26OCT050100-00,0.1100,50.00,yes
2026-10-05T04:57:49.331881Z,KXBTC15M-26OCT050100-00,0.1100,10.00,yes
2026-10-05T04:57:49.334427Z,KXBTC15M-26OCT050100-00,0.1100,14.15,yes
2026-10-05T04:57:49.334427Z,KXBTC15M-26OCT050100-00,0.1100,340.57,yes
2026-10-05T04:57:49.334427Z,KXBTC15M-26OCT050100-00,0.1100,0.01,yes
2026-10-05T04:57:49.334427Z,KXBTC15M-26OCT050100-00,0.1100,100.00,yes
2026-10-05T04:57:49.334427Z,KXBTC15M-26OCT050100-00,0.1100,7.00,yes
2026-10-05T04:57:49.334696Z,KXBTC15M-26OCT050100-00,0.1100,400.00,yes
2026-10-05T04:57:49.334696Z,KXBTC15M-26OCT050100-00,0.1100,59.43,yes
2026-10-05T04:57:49.334696Z,KXBTC15M-26OCT050100-00,0.1100,0.01,yes
2026-10-05T04:57:49.334696Z,KXBTC15M-26OCT050100-00,0.1100,3.17,yes
2026-10-05T04:57:49.338211Z,KXBTC15M-26OCT050100-00,0.1200,95.00,yes
2026-10-05T04:57:49.338211Z,KXBTC15M-26OCT050100-00,0.1200,5.00,yes
2026-10-05T04:57:49.34177Z,KXBTC15M-26OCT050100-00,0.1200,50.00,yes
2026-10-05T04:57:49.3527Z,KXBTC15M-26OCT050100-00,0.1200,49.99,yes
2026-10-05T04:57:49.3527Z,KXBTC15M-26OCT050100-00,0.1200,0.01,yes
2026-10-05T04:57:49.353491Z,KXBTC15M-26OCT050100-00,0.1200,10.00,yes
2026-10-05T04:57:49.392232Z,KXBTC15M-26OCT050100-00,0.1300,4.00,no
2026-10-05T04:57:49.392732Z,KXBTC15M-26OCT050100-00,0.1300,5.00,no
2026-10-05T04:57:49.402832Z,KXBTC15M-26OCT050100-00,0.1300,8.54,no
2026-10-05T04:57:49.402832Z,KXBTC15M-26OCT050100-00,0.1300,93.75,no
2026-10-05T04:57:49.402832Z,KXBTC15M-26OCT050100-00,0.1300,41.00,no
2026-10-05T04:57:49.437365Z,KXBTC15M-26OCT050100-00,0.1300,215.66,no
2026-10-05T04:57:49.52084Z,KXBTC15M-26OCT050100-00,0.1400,24.44,yes
2026-10-05T04:57:49.522552Z,KXBTC15M-26OCT050100-00,0.1300,5.82,no
2026-10-05T04:57:49.522552Z,KXBTC15M-26OCT050100-00,0.1300,4.00,no
2026-10-05T04:57:49.522552Z,KXBTC15M-26OCT050100-00,0.1300,100.00,no
2026-10-05T04:57:49.522552Z,KXBTC15M-26OCT050100-00,0.1300,0.01,no
2026-10-05T04:57:49.522552Z,KXBTC15M-26OCT050100-00,0.1300,506.17,no
2026-10-05T04:57:49.522552Z,KXBTC15M-26OCT050100-00,0.1300,384.00,no
2026-10-05T04:57:49.523378Z,KXBTC15M-26OCT050100-00,0.1300,4.18,no
2026-10-05T04:57:49.523378Z,KXBTC15M-26OCT050100-00,0.1300,400.00,no
2026-10-05T04:57:49.523378Z,KXBTC15M-26OCT050100-00,0.1300,595.82,no
2026-10-05T04:57:49.523531Z,KXBTC15M-26OCT050100-00,0.1300,40.84,no
2026-10-05T04:57:49.53006Z,KXBTC15M-26OCT050100-00,0.1300,0.01,no
2026-10-05T04:57:49.53006Z,KXBTC15M-26OCT050100-00,0.1300,0.01,no
2026-10-05T04:57:49.617449Z,KXBTC15M-26OCT050100-00,0.1100,42.78,yes
2026-10-05T04:57:49.617515Z,KXBTC15M-26OCT050100-00,0.1100,0.68,yes
2026-10-05T04:57:49.68312Z,KXBTC15M-26OCT050100-00,0.1100,0.68,yes
2026-10-05T04:57:49.732298Z,KXBTC15M-26OCT050100-00,0.1000,1.46,no
2026-10-05T04:57:49.757548Z,KXBTC15M-26OCT050100-00,0.1000,27.20,no
2026-10-05T04:57:49.943392Z,KXBTC15M-26OCT050100-00,0.1100,8.55,yes
2026-10-05T04:57:49.999593Z,KXBTC15M-26OCT050100-00,0.1100,17.47,yes
2026-10-05T04:57:49.999593Z,KXBTC15M-26OCT050100-00,0.1100,97.31,yes
2026-10-05T04:57:50.17514Z,KXBTC15M-26OCT050100-00,0.1100,68.46,yes
2026-10-05T04:57:50.234671Z,KXBTC15M-26OCT050100-00,0.1000,2.92,no
2026-10-05T04:57:50.234671Z,KXBTC15M-26OCT050100-00,0.1000,68.00,no
2026-10-05T04:57:50.234671Z,KXBTC15M-26OCT050100-00,0.1000,0.01,no
2026-10-05T04:57:50.234671Z,KXBTC15M-26OCT050100-00,0.1000,135.00,no
2026-10-05T04:57:50.234671Z,KXBTC15M-26OCT050100-00,0.1000,0.01,no
2026-10-05T04:57:50.234671Z,KXBTC15M-26OCT050100-00,0.1000,37.06,no
2026-10-05T04:57:50.395095Z,KXBTC15M-26OCT050100-00,0.1100,8.55,yes
2026-10-05T04:57:50.764346Z,KXBTC15M-26OCT050100-00,0.1100,17.11,yes
2026-10-05T04:57:50.767951Z,KXBTC15M-26OCT050100-00,0.1100,20.00,yes
2026-10-05T04:57:50.82918Z,KXBTC15M-26OCT050100-00,0.1000,110.08,no
2026-10-05T04:57:50.82918Z,KXBTC15M-26OCT050100-00,0.1000,0.01,no
2026-10-05T04:57:50.82918Z,KXBTC15M-26OCT050100-00,0.1000,0.01,no
2026-10-05T04:57:50.904094Z,KXBTC15M-26OCT050100-00,0.1000,54.00,no
2026-10-05T04:57:50.916117Z,KXBTC15M-26OCT050100-00,0.1100,2.13,yes
2026-10-05T04:57:50.93438Z,KXBTC15M-26OCT050100-00,0.1100,2.00,yes
2026-10-05T04:57:51.071892Z,KXBTC15M-26OCT050100-00,0.1100,9.67,yes
2026-10-05T04:57:51.119807Z,KXBTC15M-26OCT050100-00,0.1100,2.00,yes
2026-10-05T04:57:51.144034Z,KXBTC15M-26OCT050100-00,0.1000,22.04,no
2026-10-05T04:57:51.158116Z,KXBTC15M-26OCT050100-00,0.1100,0.85,yes
2026-10-05T04:57:51.450273Z,KXBTC15M-26OCT050100-00,0.1100,6.79,yes
2026-10-05T04:57:51.450273Z,KXBTC15M-26OCT050100-00,0.1100,1.76,yes
2026-10-05T04:57:51.452623Z,KXBTC15M-26OCT050100-00,0.1100,17.11,yes
2026-10-05T04:57:51.47359Z,KXBTC15M-26OCT050100-00,0.1100,200.00,yes
2026-10-05T04:57:51.47359Z,KXBTC15M-26OCT050100-00,0.1100,93.75,yes
2026-10-05T04:57:51.47359Z,KXBTC15M-26OCT050100-00,0.1100,15.00,yes
2026-10-05T04:57:51.47359Z,KXBTC15M-26OCT050100-00,0.1100,0.01,yes
2026-10-05T04:57:51.47359Z,KXBTC15M-26OCT050100-00,0.1100,7.00,yes
2026-10-05T04:57:51.47359Z,KXBTC15M-26OCT050100-00,0.1100,126.10,yes
2026-10-05T04:57:51.47359Z,KXBTC15M-26OCT050100-00,0.1100,15.00,yes
2026-10-05T04:57:51.47359Z,KXBTC15M-26OCT050100-00,0.1100,50.00,yes
2026-10-05T04:57:51.47359Z,KXBTC15M-26OCT050100-00,0.1100,93.75,yes
2026-10-05T04:57:51.47359Z,KXBTC15M-26OCT050100-00,0.1100,1399.38,yes
2026-10-05T04:57:51.47359Z,KXBTC15M-26OCT050100-00,0.1100,0.01,yes
2026-10-05T04:57:51.484367Z,KXBTC15M-26OCT050100-00,0.1100,198.78,yes
2026-10-05T04:57:51.484367Z,KXBTC15M-26OCT050100-00,0.1100,400.00,yes
2026-10-05T04:57:51.54589Z,KXBTC15M-26OCT050100-00,0.1100,17.11,yes
2026-10-05T04:57:51.630566Z,KXBTC15M-26OCT050100-00,0.1000,104.31,no
2026-10-05T04:57:51.630566Z,KXBTC15M-26OCT050100-00,0.1000,0.01,no
2026-10-05T04:57:51.630566Z,KXBTC15M-26OCT050100-00,0.1000,0.01,no
2026-10-05T04:57:51.630566Z,KXBTC15M-26OCT050100-00,0.1000,6.00,no
2026-10-05T04:57:51.697253Z,KXBTC15M-26OCT050100-00,0.1100,8.53,yes
2026-10-05T04:57:51.697253Z,KXBTC15M-26OCT050100-00,0.1100,0.01,yes
2026-10-05T04:57:51.697253Z,KXBTC15M-26OCT050100-00,0.1100,0.01,yes
2026-10-05T04:57:51.707888Z,KXBTC15M-26OCT050100-00,0.1100,41.47,yes
2026-10-05T04:57:51.707888Z,KXBTC15M-26OCT050100-00,0.1100,44.10,yes
2026-10-05T04:57:51.845802Z,KXBTC15M-26OCT050100-00,0.1100,42.78,yes
2026-10-05T04:57:51.881259Z,KXBTC15M-26OCT050100-00,0.1100,34.23,yes
2026-10-05T04:57:51.951702Z,KXBTC15M-26OCT050100-00,0.1100,7.00,yes
2026-10-05T04:57:51.957659Z,KXBTC15M-26OCT050100-00,0.1100,6.84,yes
2026-10-05T04:57:51.973031Z,KXBTC15M-26OCT050100-00,0.1000,4.95,no
2026-10-05T04:57:52.054599Z,KXBTC15M-26OCT050100-00,0.1000,4.41,no
2026-10-05T04:57:52.246885Z,KXBTC15M-26OCT050100-00,0.1100,8.55,yes
2026-10-05T04:57:52.286535Z,KXBTC15M-26OCT050100-00,0.1000,3.56,no
2026-10-05T04:57:52.290969Z,KXBTC15M-26OCT050100-00,0.1100,3.47,yes
2026-10-05T04:57:52.290969Z,KXBTC15M-26OCT050100-00,0.1100,32.54,yes
2026-10-05T04:57:52.290969Z,KXBTC15M-26OCT050100-00,0.1100,2.01,yes
2026-10-05T04:57:52.290969Z,KXBTC15M-26OCT050100-00,0.1100,112.00,yes
2026-10-05T04:57:52.33107Z,KXBTC15M-26OCT050100-00,0.1000,206.33,no
2026-10-05T04:57:52.508889Z,KXBTC15M-26OCT050100-00,0.1100,20.00,yes
2026-10-05T04:57:52.516039Z,KXBTC15M-26OCT050100-00,0.1000,55.16,no
2026-10-05T04:57:52.536246Z,KXBTC15M-26OCT050100-00,0.1000,12.52,no
2026-10-05T04:57:52.602173Z,KXBTC15M-26OCT050100-00,0.1000,1.10,no
2026-10-05T04:57:52.635122Z,KXBTC15M-26OCT050100-00,0.1100,2.31,yes
2026-10-05T04:57:52.697492Z,KXBTC15M-26OCT050100-00,0.1100,17.11,yes
2026-10-05T04:57:52.718375Z,KXBTC15M-26OCT050100-00,0.1100,22.57,yes
2026-10-05T04:57:52.718375Z,KXBTC15M-26OCT050100-00,0.1100,63.00,yes
2026-10-05T04:57:52.741796Z,KXBTC15M-26OCT050100-00,0.1000,0.95,no
2026-10-05T04:57:52.786743Z,KXBTC15M-26OCT050100-00,0.1000,0.11,no
2026-10-05T04:57:52.848286Z,KXBTC15M-26OCT050100-00,0.1100,5.26,yes
2026-10-05T04:57:52.861137Z,KXBTC15M-26OCT050100-00,0.1100,16.21,yes
2026-10-05T04:57:52.992758Z,KXBTC15M-26OCT050100-00,0.1100,17.11,yes
2026-10-05T04:57:53.006943Z,KXBTC15M-26OCT050100-00,0.1100,85.57,yes
2026-10-05T04:57:53.013255Z,KXBTC15M-26OCT050100-00,0.1000,55.16,no
2026-10-05T04:57:53.08867Z,KXBTC15M-26OCT050100-00,0.1100,213.94,yes
2026-10-05T04:57:53.175656Z,KXBTC15M-26OCT050100-00,0.1100,1.71,yes
2026-10-05T04:57:53.19206Z,KXBTC15M-26OCT050100-00,0.1000,1.00,no
2026-10-05T04:57:53.19206Z,KXBTC15M-26OCT050100-00,0.1000,1.00,no
2026-10-05T04:57:53.19206Z,KXBTC15M-26OCT050100-00,0.1000,0.01,no
2026-10-05T04:57:53.19206Z,KXBTC15M-26OCT050100-00,0.1000,0.01,no
2026-10-05T04:57:53.19206Z,KXBTC15M-26OCT050100-00,0.1000,40.00,no
2026-10-05T04:57:53.19206Z,KXBTC15M-26OCT050100-00,0.1000,39.98,no
2026-10-05T04:57:53.200302Z,KXBTC15M-26OCT050100-00,0.0990,108.12,no
2026-10-05T04:57:53.222254Z,KXBTC15M-26OCT050100-00,0.0970,0.01,no
2026-10-05T04:57:53.222254Z,KXBTC15M-26OCT050100-00,0.0970,0.01,no
2026-10-05T04:57:53.222254Z,KXBTC15M-26OCT050100-00,0.0960,3.16,no
2026-10-05T04:57:53.222254Z,KXBTC15M-26OCT050100-00,0.0960,7.00,no
2026-10-05T04:57:53.24445Z,KXBTC15M-26OCT050100-00,0.0960,270.32,no
2026-10-05T04:57:53.35264Z,KXBTC15M-26OCT050100-00,0.0970,72.48,yes
2026-10-05T04:57:53.35264Z,KXBTC15M-26OCT050100-00,0.0970,150.00,yes
2026-10-05T04:57:53.35264Z,KXBTC15M-26OCT050100-00,0.0970,0.01,yes
2026-10-05T04:57:53.35264Z,KXBTC15M-26OCT050100-00,0.0970,0.01,yes
2026-10-05T04:57:53.382207Z,KXBTC15M-26OCT050100-00,0.0970,3.78,yes
2026-10-05T04:57:53.403283Z,KXBTC15M-26OCT050100-00,0.0970,45.50,yes
2026-10-05T04:57:53.444051Z,KXBTC15M-26OCT050100-00,0.0970,1.05,yes
2026-10-05T04:57:53.444051Z,KXBTC15M-26OCT050100-00,0.0970,27.00,yes
2026-10-05T04:57:53.444051Z,KXBTC15M-26OCT050100-00,0.0970,0.01,yes
2026-10-05T04:57:53.444051Z,KXBTC15M-26OCT050100-00,0.0970,27.72,yes
2026-10-05T04:57:53.444051Z,KXBTC15M-26OCT050100-00,0.0970,0.01,yes
2026-10-05T04:57:53.444051Z,KXBTC15M-26OCT050100-00,0.0970,28.77,yes
2026-10-05T04:57:53.444051Z,KXBTC15M-26OCT050100-00,0.0970,1.01,yes
2026-10-05T04:57:53.530759Z,KXBTC15M-26OCT050100-00,0.0970,10.78,yes
2026-10-05T04:57:53.533931Z,KXBTC15M-26OCT050100-00,0.0970,1.17,yes
2026-10-05T04:57:53.595591Z,KXBTC15M-26OCT050100-00,0.0970,33.72,yes
2026-10-05T04:57:53.649911Z,KXBTC15M-26OCT050100-00,0.0950,83.29,no
2026-10-05T04:57:53.649911Z,KXBTC15M-26OCT050100-00,0.0960,7.00,no
2026-10-05T04:57:53.649911Z,KXBTC15M-26OCT050100-00,0.0960,7.00,no
2026-10-05T04:57:53.649911Z,KXBTC15M-26OCT050100-00,0.0960,0.01,no
2026-10-05T04:57:53.649911Z,KXBTC15M-26OCT050100-00,0.0960,0.01,no
2026-10-05T04:57:53.678642Z,KXBTC15M-26OCT050100-00,0.0960,5.38,no
2026-10-05T04:57:53.678642Z,KXBTC15M-26OCT050100-00,0.0960,0.01,no
2026-10-05T04:57:53.691281Z,KXBTC15M-26OCT050100-00,0.0970,151.50,yes
2026-10-05T04:57:53.842673Z,KXBTC15M-26OCT050100-00,0.0950,14.51,no
2026-10-05T04:57:53.842673Z,KXBTC15M-26OCT050100-00,0.0960,0.01,no
2026-10-05T04:57:53.842673Z,KXBTC15M-26OCT050100-00,0.0960,0.01,no
2026-10-05T04:57:53.842673Z,KXBTC15M-26OCT050100-00,0.0960,1.62,no
2026-10-05T04:57:53.842673Z,KXBTC15M-26OCT050100-00,0.0960,5.38,no
2026-10-05T04:57:53.852021Z,KXBTC15M-26OCT050100-00,0.0960,71.49,yes
2026-10-05T04:57:53.970219Z,KXBTC15M-26OCT050100-00,0.0960,11.81,yes
2026-10-05T04:57:54.034548Z,KXBTC15M-26OCT050100-00,0.0900,0.16,no
2026-10-05T04:57:54.034548Z,KXBTC15M-26OCT050100-00,0.0950,0.01,no
2026-10-05T04:57:54.034548Z,KXBTC15M-26OCT050100-00,0.0950,0.01,no
2026-10-05T04:57:54.222061Z,KXBTC15M-26OCT050100-00,0.0910,4.47,yes
2026-10-05T04:57:54.293685Z,KXBTC15M-26OCT050100-00,0.0900,0.01,no
2026-10-05T04:57:54.293685Z,KXBTC15M-26OCT050100-00,0.0900,0.01,no
2026-10-05T04:57:54.293685Z,KXBTC15M-26OCT050100-00,0.0900,10.73,no
2026-10-05T04:57:54.360764Z,KXBTC15M-26OCT050100-00,0.0910,0.01,yes
2026-10-05T04:57:54.360764Z,KXBTC15M-26OCT050100-00,0.0910,0.01,yes
2026-10-05T04:57:54.360764Z,KXBTC15M-26OCT050100-00,0.0910,42.00,yes
2026-10-05T04:57:54.360764Z,KXBTC15M-26OCT050100-00,0.0910,1.43,yes
2026-10-05T04:57:54.360764Z,KXBTC15M-26OCT050100-00,0.0910,5.53,yes
2026-10-05T04:57:54.408269Z,KXBTC15M-26OCT050100-00,0.0910,19.59,yes
2026-10-05T04:57:54.432159Z,KXBTC15M-26OCT050100-00,0.0910,34.87,yes
2026-10-05T04:57:54.457695Z,KXBTC15M-26OCT050100-00,0.0910,0.01,yes
2026-10-05T04:57:54.457695Z,KXBTC15M-26OCT050100-00,0.0910,84.11,yes
2026-10-05T04:57:54.457695Z,KXBTC15M-26OCT050100-00,0.0910,10.00,yes
2026-10-05T04:57:54.457695Z,KXBTC15M-26OCT050100-00,0.0910,0.01,yes
2026-10-05T04:57:54.457695Z,KXBTC15M-26OCT050100-00,0.0910,27.00,yes
2026-10-05T04:57:54.457695Z,KXBTC15M-26OCT050100-00,0.0930,59.59,yes
2026-10-05T04:57:54.457695Z,KXBTC15M-26OCT050100-00,0.0920,210.00,yes
2026-10-05T04:57:54.457695Z,KXBTC15M-26OCT050100-00,0.0910,1.01,yes
2026-10-05T04:57:54.457695Z,KXBTC15M-26OCT050100-00,0.0910,1.04,yes
2026-10-05T04:57:54.471221Z,KXBTC15M-26OCT050100-00,0.0930,96.96,yes
2026-10-05T04:57:54.478484Z,KXBTC15M-26OCT050100-00,0.0930,0.01,yes
2026-10-05T04:57:54.478484Z,KXBTC15M-26OCT050100-00,0.0930,81.99,yes
2026-10-05T04:57:54.574196Z,KXBTC15M-26OCT050100-00,0.0930,0.01,yes
2026-10-05T04:57:54.574196Z,KXBTC15M-26OCT050100-00,0.0930,0.01,yes
2026-10-05T04:57:54.574196Z,KXBTC15M-26OCT050100-00,0.0930,10.00,yes
2026-10-05T04:57:54.612697Z,KXBTC15M-26OCT050100-00,0.0990,80.00,no
2026-10-05T04:57:54.79431Z,KXBTC15M-26OCT050100-00,0.1000,0.01,yes
2026-10-05T04:57:54.79431Z,KXBTC15M-26OCT050100-00,0.1000,0.01,yes
2026-10-05T04:57:54.79431Z,KXBTC15M-26OCT050100-00,0.1000,36.98,yes
2026-10-05T04:57:54.79431Z,KXBTC15M-26OCT050100-00,0.1000,3.00,yes
2026-10-05T04:57:54.875759Z,KXBTC15M-26OCT050100-00,0.1000,14.14,no
2026-10-05T04:57:54.923708Z,KXBTC15M-26OCT050100-00,0.1000,16.41,no
2026-10-05T04:57:55.117494Z,KXBTC15M-26OCT050100-00,0.1000,119.45,no
2026-10-05T04:57:55.117494Z,KXBTC15M-26OCT050100-00,0.1000,45.88,no
2026-10-05T04:57:55.138872Z,KXBTC15M-26OCT050100-00,0.1100,15.00,yes
2026-10-05T04:57:55.138872Z,KXBTC15M-26OCT050100-00,0.1100,32.28,yes
2026-10-05T04:57:55.138872Z,KXBTC15M-26OCT050100-00,0.1100,32.35,yes
2026-10-05T04:57:55.150777Z,KXBTC15M-26OCT050100-00,0.1000,38.57,no
2026-10-05T04:57:55.152712Z,KXBTC15M-26OCT050100-00,0.1100,25.64,yes
2026-10-05T04:57:55.212635Z,KXBTC15M-26OCT050100-00,0.1100,78.50,yes
2026-10-05T04:57:55.216492Z,KXBTC15M-26OCT050100-00,0.1100,8.54,yes
2026-10-05T04:57:55.275757Z,KXBTC15M-26OCT050100-00,0.1000,5.51,no
2026-10-05T04:57:55.286823Z,KXBTC15M-26OCT050100-00,0.1000,150.00,no
2026-10-05T04:57:55.286823Z,KXBTC15M-26OCT050100-00,0.1000,150.00,no
2026-10-05T04:57:55.286823Z,KXBTC15M-26OCT050100-00,0.1000,60.04,no
2026-10-05T04:57:55.286823Z,KXBTC15M-26OCT050100-00,0.1000,150.00,no
2026-10-05T04:57:55.286823Z,KXBTC15M-26OCT050100-00,0.1000,12.50,no
2026-10-05T04:57:55.286823Z,KXBTC15M-26OCT050100-00,0.1000,24.59,no
2026-10-05T04:57:55.292928Z,KXBTC15M-26OCT050100-00,0.1000,16.00,no
2026-10-05T04:57:55.330449Z,KXBTC15M-26OCT050100-00,0.1000,14.34,no
2026-10-05T04:57:55.422709Z,KXBTC15M-26OCT050100-00,0.1000,5.96,no
2026-10-05T04:57:55.463314Z,KXBTC15M-26OCT050100-00,0.1100,28.06,yes
2026-10-05T04:57:55.472756Z,KXBTC15M-26OCT050100-00,0.1000,0.12,no
2026-10-05T04:57:55.501218Z,KXBTC15M-26OCT050100-00,0.1100,2.41,yes
2026-10-05T04:57:55.54896Z,KXBTC15M-26OCT050100-00,0.1000,67.62,no
2026-10-05T04:57:55.553848Z,KXBTC15M-26OCT050100-00,0.1000,5.51,no
2026-10-05T04:57:55.565189Z,KXBTC15M-26OCT050100-00,0.1100,80.00,yes
2026-10-05T04:57:55.587178Z,KXBTC15M-26OCT050100-00,0.1000,2.75,no
2026-10-05T04:57:55.670416Z,KXBTC15M-26OCT050100-00,0.1100,8.55,yes
2026-10-05T04:57:55.675108Z,KXBTC15M-26OCT050100-00,0.1000,26.72,no
2026-10-05T04:57:55.675108Z,KXBTC15M-26OCT050100-00,0.1000,13.11,no
2026-10-05T04:57:55.675108Z,KXBTC15M-26OCT050100-00,0.1000,0.01,no
2026-10-05T04:57:55.682679Z,KXBTC15M-26OCT050100-00,0.1000,0.62,no
2026-10-05T04:57:55.705955Z,KXBTC15M-26OCT050100-00,0.1000,95.99,no
2026-10-05T04:57:55.764556Z,KXBTC15M-26OCT050100-00,0.1000,61.35,no
2026-10-05T04:57:55.776221Z,KXBTC15M-26OCT050100-00,0.1100,85.57,yes
2026-10-05T04:57:55.778533Z,KXBTC15M-26OCT050100-00,0.1000,17.03,no
2026-10-05T04:57:55.819477Z,KXBTC15M-26OCT050100-00,0.1000,1177.31,no
2026-10-05T04:57:55.833216Z,KXBTC15M-26OCT050100-00,0.1000,14.14,no
2026-10-05T04:57:55.845241Z,KXBTC15M-26OCT050100-00,0.1000,50.75,no
2026-10-05T04:57:55.884196Z,KXBTC15M-26OCT050100-00,0.1100,8.55,yes
2026-10-05T04:57:55.890611Z,KXBTC15M-26OCT050100-00,0.1100,17.11,yes
2026-10-05T04:57:55.9213Z,KXBTC15M-26OCT050100-00,0.1000,1.94,no
2026-10-05T04:57:55.9213Z,KXBTC15M-26OCT050100-00,0.1000,0.01,no
2026-10-05T04:57:55.966013Z,KXBTC15M-26OCT050100-00,0.1000,0.01,no
2026-10-05T04:57:55.966013Z,KXBTC15M-26OCT050100-00,0.1000,1.94,no
2026-10-05T04:57:55.966013Z,KXBTC15M-26OCT050100-00,0.1000,1.00,no
2026-10-05T04:57:55.966013Z,KXBTC15M-26OCT050100-00,0.1000,0.01,no
2026-10-05T04:57:55.966013Z,KXBTC15M-26OCT050100-00,0.1000,4.06,no
2026-10-05T04:57:55.966013Z,KXBTC15M-26OCT050100-00,0.0990,546.61,no
2026-10-05T04:57:56.190482Z,KXBTC15M-26OCT050100-00,0.1100,23.99,yes
2026-10-05T04:57:56.232311Z,KXBTC15M-26OCT050100-00,0.0980,25.93,no
2026-10-05T04:57:56.232311Z,KXBTC15M-26OCT050100-00,0.1000,0.01,no
2026-10-05T04:57:56.232311Z,KXBTC15M-26OCT050100-00,0.1000,0.01,no
2026-10-05T04:57:56.313167Z,KXBTC15M-26OCT050100-00,0.0980,0.01,no
2026-10-05T04:57:56.313167Z,KXBTC15M-26OCT050100-00,0.0980,0.01,no
2026-10-05T04:57:56.379634Z,KXBTC15M-26OCT050100-00,0.0940,10.18,no
2026-10-05T04:57:56.379634Z,KXBTC15M-26OCT050100-00,0.0940,0.01,no
2026-10-05T04:57:56.379634Z,KXBTC15M-26OCT050100-00,0.0940,0.01,no
2026-10-05T04:57:56.427904Z,KXBTC15M-26OCT050100-00,0.0950,0.01,yes
2026-10-05T04:57:56.427904Z,KXBTC15M-26OCT050100-00,0.0950,0.06,yes
2026-10-05T04:57:56.427904Z,KXBTC15M-26OCT050100-00,0.0950,0.01,yes
2026-10-05T04:57:56.462864Z,KXBTC15M-26OCT050100-00,0.0950,62.06,yes
2026-10-05T04:57:56.462864Z,KXBTC15M-26OCT050100-00,0.0950,8.00,yes
2026-10-05T04:57:56.462864Z,KXBTC15M-26OCT050100-00,0.0950,9.94,yes
2026-10-05T04:57:56.508987Z,KXBTC15M-26OCT050100-00,0.0950,80.42,yes
2026-10-05T04:57:56.508987Z,KXBTC15M-26OCT050100-00,0.0950,37.94,yes
2026-10-05T04:57:56.508987Z,KXBTC15M-26OCT050100-00,0.0950,10.00,yes
2026-10-05T04:57:56.549122Z,KXBTC15M-26OCT050100-00,0.0940,4.07,no
2026-10-05T04:57:56.549122Z,KXBTC15M-26OCT050100-00,0.0940,0.01,no
2026-10-05T04:57:56.549122Z,KXBTC15M-26OCT050100-00,0.0940,0.01,no
2026-10-05T04:57:56.561899Z,KXBTC15M-26OCT050100-00,0.0930,50.00,no
2026-10-05T04:57:56.576325Z,KXBTC15M-26OCT050100-00,0.0940,128.36,yes
2026-10-05T04:57:56.749168Z,KXBTC15M-26OCT050100-00,0.0850,104.24,no
2026-10-05T04:57:56.749168Z,KXBTC15M-26OCT050100-00,0.0930,0.01,no
2026-10-05T04:57:56.749168Z,KXBTC15M-26OCT050100-00,0.0930,0.01,no
2026-10-05T04:57:56.749168Z,KXBTC15M-26OCT050100-00,0.0900,1.00,no
2026-10-05T04:57:56.78818Z,KXBTC15M-26OCT050100-00,0.0870,0.01,yes
2026-10-05T04:57:56.78818Z,KXBTC15M-26OCT050100-00,0.0900,0.01,yes
2026-10-05T04:57:56.78818Z,KXBTC15M-26OCT050100-00,0.0900,0.01,yes
2026-10-05T04:57:56.78818Z,KXBTC15M-26OCT050100-00,0.0870,10.00,yes
2026-10-05T04:57:56.78818Z,KXBTC15M-26OCT050100-00,0.0930,46.10,yes
2026-10-05T04:57:56.78818Z,KXBTC15M-26OCT050100-00,0.0920,140.00,yes
2026-10-05T04:57:56.78818Z,KXBTC15M-26OCT050100-00,0.0900,50.00,yes
2026-10-05T04:57:56.78818Z,KXBTC15M-26OCT050100-00,0.0870,0.01,yes
2026-10-05T04:57:56.78818Z,KXBTC15M-26OCT050100-00,0.0910,7.00,yes
2026-10-05T04:57:56.804379Z,KXBTC15M-26OCT050100-00,0.0880,18.98,yes
2026-10-05T04:57:56.823004Z,KXBTC15M-26OCT050100-00,0.0880,0.01,yes
2026-10-05T04:57:56.823004Z,KXBTC15M-26OCT050100-00,0.0880,0.01,yes
2026-10-05T04:57:56.823004Z,KXBTC15M-26OCT050100-00,0.0890,9.87,yes
2026-10-05T04:57:56.894194Z,KXBTC15M-26OCT050100-00,0.0870,3.73,no
2026-10-05T04:57:56.915762Z,KXBTC15M-26OCT050100-00,0.0880,0.01,yes
2026-10-05T04:57:56.915762Z,KXBTC15M-26OCT050100-00,0.0890,0.57,yes
2026-10-05T04:57:56.915762Z,KXBTC15M-26OCT050100-00,0.0880,0.01,yes
2026-10-05T04:57:57.002899Z,KXBTC15M-26OCT050100-00,0.0880,0.01,yes
2026-10-05T04:57:57.002899Z,KXBTC15M-26OCT050100-00,0.0890,4.95,yes
2026-10-05T04:57:57.002899Z,KXBTC15M-26OCT050100-00,0.0890,0.01,yes
2026-10-05T04:57:57.002899Z,KXBTC15M-26OCT050100-00,0.0890,0.01,yes
2026-10-05T04:57:57.002899Z,KXBTC15M-26OCT050100-00,0.0880,0.01,yes
2026-10-05T04:57:57.023831Z,KXBTC15M-26OCT050100-00,0.0890,10.00,yes
2026-10-05T04:57:57.145322Z,KXBTC15M-26OCT050100-00,0.0880,15.48,no
2026-10-05T04:57:57.145322Z,KXBTC15M-26OCT050100-00,0.0880,0.01,no
2026-10-05T04:57:57.145322Z,KXBTC15M-26OCT050100-00,0.0880,0.01,no
2026-10-05T04:57:57.202571Z,KXBTC15M-26OCT050100-00,0.0880,10.88,no
2026-10-05T04:57:57.21806Z,KXBTC15M-26OCT050100-00,0.0890,0.01,yes
2026-10-05T04:57:57.21806Z,KXBTC15M-26OCT050100-00,0.0890,0.01,yes
2026-10-05T04:57:57.21806Z,KXBTC15M-26OCT050100-00,0.0890,10.45,yes
2026-10-05T04:57:57.230356Z,KXBTC15M-26OCT050100-00,0.0890,40.00,yes
2026-10-05T04:57:57.290227Z,KXBTC15M-26OCT050100-00,0.0890,31.33,yes
2026-10-05T04:57:57.294888Z,KXBTC15M-26OCT050100-00,0.0890,105.53,yes
2026-10-05T04:57:57.309956Z,KXBTC15M-26OCT050100-00,0.0880,0.01,no
2026-10-05T04:57:57.309956Z,KXBTC15M-26OCT050100-00,0.0880,0.01,no
2026-10-05T04:57:57.309956Z,KXBTC15M-26OCT050100-00,0.0870,1.06,no
2026-10-05T04:57:57.335863Z,KXBTC15M-26OCT050100-00,0.0880,45.71,yes
2026-10-05T04:57:57.372151Z,KXBTC15M-26OCT050100-00,0.0880,150.00,yes
2026-10-05T04:57:57.372151Z,KXBTC15M-26OCT050100-00,0.0880,0.01,yes
2026-10-05T04:57:57.372151Z,KXBTC15M-26OCT050100-00,0.0880,104.29,yes
2026-10-05T04:57:57.372151Z,KXBTC15M-26OCT050100-00,0.0880,0.01,yes
2026-10-05T04:57:57.372151Z,KXBTC15M-26OCT050100-00,0.0880,7.00,yes
2026-10-05T04:57:57.389846Z,KXBTC15M-26OCT050100-00,0.0880,0.01,yes
2026-10-05T04:57:57.389846Z,KXBTC15M-26OCT050100-00,0.0880,0.01,yes
2026-10-05T04:57:57.389846Z,KXBTC15M-26OCT050100-00,0.0880,10.45,yes
2026-10-05T04:57:57.476967Z,KXBTC15M-26OCT050100-00,0.0870,0.01,no
2026-10-05T04:57:57.476967Z,KXBTC15M-26OCT050100-00,0.0870,30.95,no
2026-10-05T04:57:57.478195Z,KXBTC15M-26OCT050100-00,0.0870,5.44,no
2026-10-05T04:57:57.537758Z,KXBTC15M-26OCT050100-00,0.0880,0.01,yes
2026-10-05T04:57:57.537758Z,KXBTC15M-26OCT050100-00,0.0880,0.01,yes
2026-10-05T04:57:57.774225Z,KXBTC15M-26OCT050100-00,0.0900,12.26,yes
2026-10-05T04:57:57.904285Z,KXBTC15M-26OCT050100-00,0.0900,10.46,yes
2026-10-05T04:57:58.177551Z,KXBTC15M-26OCT050100-00,0.0900,27.28,yes
2026-10-05T04:57:58.177551Z,KXBTC15M-26OCT050100-00,0.0900,0.01,yes
2026-10-05T04:57:58.177551Z,KXBTC15M-26OCT050100-00,0.0900,74.70,yes
2026-10-05T04:57:58.177551Z,KXBTC15M-26OCT050100-00,0.0900,0.01,yes
2026-10-05T04:57:58.184415Z,KXBTC15M-26OCT050100-00,0.0900,1.41,yes
2026-10-05T04:57:58.210028Z,KXBTC15M-26OCT050100-00,0.0900,491.81,yes
2026-10-05T04:57:58.251588Z,KXBTC15M-26OCT050100-00,0.0900,52.22,yes
2026-10-05T04:57:58.26552Z,KXBTC15M-26OCT050100-00,0.0890,1.09,no
2026-10-05T04:57:58.327929Z,KXBTC15M-26OCT050100-00,0.0890,0.01,no
2026-10-05T04:57:58.327929Z,KXBTC15M-26OCT050100-00,0.0890,150.91,no
2026-10-05T04:57:58.327929Z,KXBTC15M-26OCT050100-00,0.0890,67.24,no
2026-10-05T04:57:58.327929Z,KXBTC15M-26OCT050100-00,0.0890,0.01,no
2026-10-05T04:57:58.340158Z,KXBTC15M-26OCT050100-00,0.0900,0.01,yes
2026-10-05T04:57:58.340158Z,KXBTC15M-26OCT050100-00,0.0900,0.01,yes
2026-10-05T04:57:58.340158Z,KXBTC15M-26OCT050100-00,0.0930,23.31,yes
2026-10-05T04:57:58.352913Z,KXBTC15M-26OCT050100-00,0.0910,50.00,no
2026-10-05T04:57:58.374159Z,KXBTC15M-26OCT050100-00,0.0920,22.88,yes
2026-10-05T04:57:58.393188Z,KXBTC15M-26OCT050100-00,0.0920,0.01,yes
2026-10-05T04:57:58.393188Z,KXBTC15M-26OCT050100-00,0.0920,0.01,yes
2026-10-05T04:57:58.393188Z,KXBTC15M-26OCT050100-00,0.0920,44.19,yes
2026-10-05T04:57:58.445748Z,KXBTC15M-26OCT050100-00,0.0920,10.23,yes
2026-10-05T04:57:58.459408Z,KXBTC15M-26OCT050100-00,0.0920,0.10,yes
2026-10-05T04:57:58.474594Z,KXBTC15M-26OCT050100-00,0.0920,25.58,yes
2026-10-05T04:57:58.54092Z,KXBTC15M-26OCT050100-00,0.0920,15.88,yes
2026-10-05T04:57:58.619781Z,KXBTC15M-26OCT050100-00,0.0920,30.04,yes
2026-10-05T04:57:58.697949Z,KXBTC15M-26OCT050100-00,0.0910,500.00,no
2026-10-05T04:57:58.697949Z,KXBTC15M-26OCT050100-00,0.0910,0.01,no
2026-10-05T04:57:58.697949Z,KXBTC15M-26OCT050100-00,0.0900,380.89,no
2026-10-05T04:57:58.697949Z,KXBTC15M-26OCT050100-00,0.0910,0.01,no
2026-10-05T04:57:58.700606Z,KXBTC15M-26OCT050100-00,0.0910,5.11,yes
2026-10-05T04:57:58.805449Z,KXBTC15M-26OCT050100-00,0.0890,24.57,no
2026-10-05T04:57:58.805449Z,KXBTC15M-26OCT050100-00,0.0900,0.01,no
2026-10-05T04:57:58.805449Z,KXBTC15M-26OCT050100-00,0.0900,0.01,no
2026-10-05T04:57:58.929416Z,KXBTC15M-26OCT050100-00,0.0900,43.00,no
2026-10-05T04:57:58.990713Z,KXBTC15M-26OCT050100-00,0.0900,24.59,no
2026-10-05T04:57:59.029486Z,KXBTC15M-26OCT050100-00,0.0910,20.44,yes
2026-10-05T04:57:59.130317Z,KXBTC15M-26OCT050100-00,0.0900,0.01,no
2026-10-05T04:57:59.130317Z,KXBTC15M-26OCT050100-00,0.0900,0.01,no
2026-10-05T04:57:59.130317Z,KXBTC15M-26OCT050100-00,0.0890,5.43,no
2026-10-05T04:57:59.156294Z,KXBTC15M-26OCT050100-00,0.0900,10.33,yes
2026-10-05T04:57:59.193324Z,KXBTC15M-26OCT050100-00,0.0890,108.94,no
2026-10-05T04:57:59.193324Z,KXBTC15M-26OCT050100-00,0.0890,0.14,no
2026-10-05T04:57:59.21232Z,KXBTC15M-26OCT050100-00,0.0900,111.50,yes
2026-10-05T04:57:59.260735Z,KXBTC15M-26OCT050100-00,0.0890,0.25,no
2026-10-05T04:57:59.260735Z,KXBTC15M-26OCT050100-00,0.0890,0.01,no
2026-10-05T04:57:59.260735Z,KXBTC15M-26OCT050100-00,0.0890,0.01,no
2026-10-05T04:57:59.335925Z,KXBTC15M-26OCT050100-00,0.0890,0.01,no
2026-10-05T04:57:59.335925Z,KXBTC15M-26OCT050100-00,0.0890,66.00,no
2026-10-05T04:57:59.335925Z,KXBTC15M-26OCT050100-00,0.0890,186.98,no
2026-10-05T04:57:59.335925Z,KXBTC15M-26OCT050100-00,0.0890,100.00,no
2026-10-05T04:57:59.335925Z,KXBTC15M-26OCT050100-00,0.0890,0.01,no
2026-10-05T04:57:59.335925Z,KXBTC15M-26OCT050100-00,0.0890,200.00,no
2026-10-05T04:57:59.343069Z,KXBTC15M-26OCT050100-00,0.0890,3.38,no
2026-10-05T04:57:59.359291Z,KXBTC15M-26OCT050100-00,0.0890,0.01,no
2026-10-05T04:57:59.359291Z,KXBTC15M-26OCT050100-00,0.0890,0.01,no
2026-10-05T04:57:59.359291Z,KXBTC15M-26OCT050100-00,0.0890,100.00,no
2026-10-05T04:57:59.368822Z,KXBTC15M-26OCT050100-00,0.0880,0.01,no
2026-10-05T04:57:59.368822Z,KXBTC15M-26OCT050100-00,0.0880,68.10,no
2026-10-05T04:57:59.368822Z,KXBTC15M-26OCT050100-00,0.0880,77.00,no
2026-10-05T04:57:59.368822Z,KXBTC15M-26OCT050100-00,0.0880,100.00,no
2026-10-05T04:57:59.389128Z,KXBTC15M-26OCT050100-00,0.0870,0.01,no
2026-10-05T04:57:59.389128Z,KXBTC15M-26OCT050100-00,0.0870,0.01,no
2026-10-05T04:57:59.389128Z,KXBTC15M-26OCT050100-00,0.0870,500.00,no
2026-10-05T04:57:59.467473Z,KXBTC15M-26OCT050100-00,0.0840,0.01,no
2026-10-05T04:57:59.467473Z,KXBTC15M-26OCT050100-00,0.0840,0.01,no
2026-10-05T04:57:59.467473Z,KXBTC15M-26OCT050100-00,0.0840,316.14,no
2026-10-05T04:57:59.467473Z,KXBTC15M-26OCT050100-00,0.0840,100.00,no
2026-10-05T04:57:59.484015Z,KXBTC15M-26OCT050100-00,0.0840,0.01,no
2026-10-05T04:57:59.484015Z,KXBTC15M-26OCT050100-00,0.0840,0.14,no
2026-10-05T04:57:59.484015Z,KXBTC15M-26OCT050100-00,0.0840,0.01,no
2026-10-05T04:57:59.492564Z,KXBTC15M-26OCT050100-00,0.0840,0.01,no
2026-10-05T04:57:59.492564Z,KXBTC15M-26OCT050100-00,0.0840,0.01,no
2026-10-05T04:57:59.492564Z,KXBTC15M-26OCT050100-00,0.0830,24.00,no
2026-10-05T04:57:59.492564Z,KXBTC15M-26OCT050100-00,0.0840,1.00,no
2026-10-05T04:57:59.492564Z,KXBTC15M-26OCT050100-00,0.0810,23.36,no
2026-10-05T04:57:59.492564Z,KXBTC15M-26OCT050100-00,0.0830,6.00,no
2026-10-05T04:57:59.493391Z,KXBTC15M-26OCT050100-00,0.0810,1.88,no
2026-10-05T04:57:59.496828Z,KXBTC15M-26OCT050100-00,0.0810,42.24,no
2026-10-05T04:57:59.496828Z,KXBTC15M-26OCT050100-00,0.0810,57.76,no
2026-10-05T04:57:59.499181Z,KXBTC15M-26OCT050100-00,0.0810,4.10,no
2026-10-05T04:57:59.499845Z,KXBTC15M-26OCT050100-00,0.0810,6.91,no
2026-10-05T04:57:59.510387Z,KXBTC15M-26OCT050100-00,0.0810,83.00,no
2026-10-05T04:57:59.510387Z,KXBTC15M-26OCT050100-00,0.0810,96.75,no
2026-10-05T04:57:59.510387Z,KXBTC15M-26OCT050100-00,0.0810,0.01,no
2026-10-05T04:57:59.516213Z,KXBTC15M-26OCT050100-00,0.0800,8.23,no
2026-10-05T04:57:59.618573Z,KXBTC15M-26OCT050100-00,0.0810,52.22,yes
2026-10-05T04:57:59.629565Z,KXBTC15M-26OCT050100-00,0.0810,10.45,yes
2026-10-05T04:57:59.696355Z,KXBTC15M-26OCT050100-00,0.0800,4.77,no
2026-10-05T04:57:59.719119Z,KXBTC15M-26OCT050100-00,0.0760,51.08,no
2026-10-05T04:57:59.719119Z,KXBTC15M-26OCT050100-00,0.0800,0.01,no
2026-10-05T04:57:59.719119Z,KXBTC15M-26OCT050100-00,0.0800,500.00,no
2026-10-05T04:57:59.719119Z,KXBTC15M-26OCT050100-00,0.0800,1387.66,no
2026-10-05T04:57:59.719119Z,KXBTC15M-26OCT050100-00,0.0800,153.00,no
2026-10-05T04:57:59.773493Z,KXBTC15M-26OCT050100-00,0.0760,1.07,no
2026-10-05T04:57:59.809429Z,KXBTC15M-26OCT050100-00,0.0760,23.57,no
2026-10-05T04:57:59.860714Z,KXBTC15M-26OCT050100-00,0.0770,96.00,yes
2026-10-05T04:57:59.932042Z,KXBTC15M-26OCT050100-00,0.0770,231.99,yes
2026-10-05T04:57:59.957445Z,KXBTC15M-26OCT050100-00,0.0760,38.13,no
2026-10-05T04:57:59.979275Z,KXBTC15M-26OCT050100-00,0.0760,36.15,no
2026-10-05T04:57:59.979275Z,KXBTC15M-26OCT050100-00,0.0680,59.76,no
2026-10-05T04:57:59.979275Z,KXBTC15M-26OCT050100-00,0.0720,2.00,no
2026-10-05T04:57:59.979275Z,KXBTC15M-26OCT050100-00,0.0680,2.00,no
2026-10-05T04:57:59.979275Z,KXBTC15M-26OCT050100-00,0.0760,0.01,no
2026-10-05T04:57:59.979275Z,KXBTC15M-26OCT050100-00,0.0690,2.00,no
2026-10-05T04:57:59.979275Z,KXBTC15M-26OCT050100-00,0.0730,2.00,no
2026-10-05T04:57:59.979275Z,KXBTC15M-26OCT050100-00,0.0710,2.00,no
2026-10-05T04:58:00.002846Z,KXBTC15M-26OCT050100-00,0.0670,0.50,no
2026-10-05T04:58:00.002846Z,KXBTC15M-26OCT050100-00,0.0690,2.00,no
2026-10-05T04:58:00.002846Z,KXBTC15M-26OCT050100-00,0.0690,1.00,no
2026-10-05T04:58:00.002846Z,KXBTC15M-26OCT050100-00,0.0690,9.00,no
2026-10-05T04:58:00.002846Z,KXBTC15M-26OCT050100-00,0.0680,2.00,no
2026-10-05T04:58:00.014151Z,KXBTC15M-26OCT050100-00,0.0680,41.00,no
2026-10-05T04:58:00.041412Z,KXBTC15M-26OCT050100-00,0.0700,0.01,yes
2026-10-05T04:58:00.041412Z,KXBTC15M-26OCT050100-00,0.0700,0.01,yes
2026-10-05T04:58:00.041412Z,KXBTC15M-26OCT050100-00,0.0710,9.98,yes
2026-10-05T04:58:00.041412Z,KXBTC15M-26OCT050100-00,0.0700,14.00,yes
2026-10-05T04:58:00.041412Z,KXBTC15M-26OCT050100-00,0.0700,21.00,yes
2026-10-05T04:58:00.041412Z,KXBTC15M-26OCT050100-00,0.0700,10.00,yes
2026-10-05T04:58:00.057725Z,KXBTC15M-26OCT050100-00,0.0700,2.13,no
2026-10-05T04:58:00.079952Z,KXBTC15M-26OCT050100-00,0.0730,63.00,yes
2026-10-05T04:58:00.079952Z,KXBTC15M-26OCT050100-00,0.0740,285.46,yes
2026-10-05T04:58:00.079952Z,KXBTC15M-26OCT050100-00,0.0710,0.01,yes
2026-10-05T04:58:00.079952Z,KXBTC15M-26OCT050100-00,0.0730,42.00,yes
2026-10-05T04:58:00.079952Z,KXBTC15M-26OCT050100-00,0.0730,7.00,yes
2026-10-05T04:58:00.079952Z,KXBTC15M-26OCT050100-00,0.0710,0.01,yes
2026-10-05T04:58:00.079952Z,KXBTC15M-26OCT050100-00,0.0720,20.00,yes
2026-10-05T04:58:00.086288Z,KXBTC15M-26OCT050100-00,0.0730,91.56,yes
2026-10-05T04:58:00.086288Z,KXBTC15M-26OCT050100-00,0.0730,7.00,yes
2026-10-05T04:58:00.1094Z,KXBTC15M-26OCT050100-00,0.0720,36.25,no
2026-10-05T04:58:00.201756Z,KXBTC15M-26OCT050100-00,0.0720,33.49,no
2026-10-05T04:58:00.276983Z,KXBTC15M-26OCT050100-00,0.0730,42.78,yes
2026-10-05T04:58:00.288231Z,KXBTC15M-26OCT050100-00,0.0730,4.41,yes
2026-10-05T04:58:00.298643Z,KXBTC15M-26OCT050100-00,0.0730,11.59,yes
2026-10-05T04:58:00.351816Z,KXBTC15M-26OCT050100-00,0.0730,0.01,yes
2026-10-05T04:58:00.351816Z,KXBTC15M-26OCT050100-00,0.0730,0.01,yes
2026-10-05T04:58:00.351816Z,KXBTC15M-26OCT050100-00,0.0730,2.77,yes
2026-10-05T04:58:00.417072Z,KXBTC15M-26OCT050100-00,0.0730,13.44,yes
2026-10-05T04:58:00.423101Z,KXBTC15M-26OCT050100-00,0.0720,28.94,no
2026-10-05T04:58:00.425793Z,KXBTC15M-26OCT050100-00,0.0730,1.25,yes
2026-10-05T04:58:00.431023Z,KXBTC15M-26OCT050100-00,0.0750,8.63,yes
2026-10-05T04:58:00.431023Z,KXBTC15M-26OCT050100-00,0.0730,14.54,yes
2026-10-05T04:58:00.431023Z,KXBTC15M-26OCT050100-00,0.0730,0.01,yes
2026-10-05T04:58:00.431023Z,KXBTC15M-26OCT050100-00,0.0730,0.01,yes
2026-10-05T04:58:00.453718Z,KXBTC15M-26OCT050100-00,0.0730,39.03,no
2026-10-05T04:58:00.476556Z,KXBTC15M-26OCT050100-00,0.0740,21.98,yes
2026-10-05T04:58:00.476556Z,KXBTC15M-26OCT050100-00,0.0740,0.01,yes
2026-10-05T04:58:00.476556Z,KXBTC15M-26OCT050100-00,0.0740,0.01,yes
2026-10-05T04:58:00.48279Z,KXBTC15M-26OCT050100-00,0.0740,76.00,yes
2026-10-05T04:58:00.495137Z,KXBTC15M-26OCT050100-00,0.0770,89.90,yes
2026-10-05T04:58:00.495137Z,KXBTC15M-26OCT050100-00,0.0740,396.97,yes
2026-10-05T04:58:00.495137Z,KXBTC15M-26OCT050100-00,0.0740,0.01,yes
2026-10-05T04:58:00.495137Z,KXBTC15M-26OCT050100-00,0.0760,7.00,yes
2026-10-05T04:58:00.495137Z,KXBTC15M-26OCT050100-00,0.0760,49.00,yes
2026-10-05T04:58:00.495137Z,KXBTC15M-26OCT050100-00,0.0760,7.00,yes
2026-10-05T04:58:00.495137Z,KXBTC15M-26OCT050100-00,0.0740,0.01,yes
2026-10-05T04:58:00.495137Z,KXBTC15M-26OCT050100-00,0.0740,127.11,yes
2026-10-05T04:58:00.554277Z,KXBTC15M-26OCT050100-00,0.0750,0.01,no
2026-10-05T04:58:00.554277Z,KXBTC15M-26OCT050100-00,0.0700,15.58,no
2026-10-05T04:58:00.554277Z,KXBTC15M-26OCT050100-00,0.0730,0.05,no
2026-10-05T04:58:00.554277Z,KXBTC15M-26OCT050100-00,0.0700,8.00,no
2026-10-05T04:58:00.554277Z,KXBTC15M-26OCT050100-00,0.0730,0.01,no
2026-10-05T04:58:00.554277Z,KXBTC15M-26OCT050100-00,0.0740,0.01,no
2026-10-05T04:58:00.554277Z,KXBTC15M-26OCT050100-00,0.0740,0.01,no
2026-10-05T04:58:00.554277Z,KXBTC15M-26OCT050100-00,0.0750,0.01,no
2026-10-05T04:58:00.554277Z,KXBTC15M-26OCT050100-00,0.0730,0.01,no
2026-10-05T04:58:00.554277Z,KXBTC15M-26OCT050100-00,0.0750,150.00,no
2026-10-05T04:58:00.570643Z,KXBTC15M-26OCT050100-00,0.0730,0.01,yes
2026-10-05T04:58:00.570643Z,KXBTC15M-26OCT050100-00,0.0730,0.01,yes
2026-10-05T04:58:00.570643Z,KXBTC15M-26OCT050100-00,0.0730,98.25,yes
2026-10-05T04:58:00.570643Z,KXBTC15M-26OCT050100-00,0.0730,20.00,yes
2026-10-05T04:58:00.570643Z,KXBTC15M-26OCT050100-00,0.0730,7.00,yes
2026-10-05T04:58:00.577907Z,KXBTC15M-26OCT050100-00,0.0730,1.75,yes
2026-10-05T04:58:00.577907Z,KXBTC15M-26OCT050100-00,0.0730,6.00,yes
2026-10-05T04:58:00.577907Z,KXBTC15M-26OCT050100-00,0.0740,2.56,yes
2026-10-05T04:58:00.592012Z,KXBTC15M-26OCT050100-00,0.0740,2.66,yes
2026-10-05T04:58:00.646544Z,KXBTC15M-26OCT050100-00,0.0740,12.60,yes
2026-10-05T04:58:00.701244Z,KXBTC15M-26OCT050100-00,0.0740,190.00,yes
2026-10-05T04:58:00.76101Z,KXBTC15M-26OCT050100-00,0.0740,126.90,yes
2026-10-05T04:58:00.766408Z,KXBTC15M-26OCT050100-00,0.0740,41.00,yes
2026-10-05T04:58:00.766408Z,KXBTC15M-26OCT050100-00,0.0740,237.33,yes
2026-10-05T04:58:00.961581Z,KXBTC15M-26OCT050100-00,0.0740,0.01,yes
2026-10-05T04:58:00.961581Z,KXBTC15M-26OCT050100-00,0.0740,0.01,yes
2026-10-05T04:58:00.961581Z,KXBTC15M-26OCT050100-00,0.0740,1.98,yes
2026-10-05T04:58:01.032491Z,KXBTC15M-26OCT050100-00,0.0740,0.42,yes
2026-10-05T04:58:01.043826Z,KXBTC15M-26OCT050100-00,0.0730,20.62,no
2026-10-05T04:58:01.064916Z,KXBTC15M-26OCT050100-00,0.0740,12.60,yes
2026-10-05T04:58:01.14467Z,KXBTC15M-26OCT050100-00,0.0740,3.47,yes
2026-10-05T04:58:01.155164Z,KXBTC15M-26OCT050100-00,0.0740,40.94,yes
2026-10-05T04:58:01.174344Z,KXBTC15M-26OCT050100-00,0.0740,9.14,yes
2026-10-05T04:58:01.21237Z,KXBTC15M-26OCT050100-00,0.0730,17.75,no
2026-10-05T04:58:01.297297Z,KXBTC15M-26OCT050100-00,0.0730,3.00,no
2026-10-05T04:58:01.337751Z,KXBTC15M-26OCT050100-00,0.0730,100.00,no
2026-10-05T04:58:01.33948Z,KXBTC15M-26OCT050100-00,0.0740,53.08,yes
2026-10-05T04:58:01.358828Z,KXBTC15M-26OCT050100-00,0.0740,126.90,yes
2026-10-05T04:58:01.454719Z,KXBTC15M-26OCT050100-00,0.0740,31.17,yes
2026-10-05T04:58:01.493799Z,KXBTC15M-26OCT050100-00,0.0740,63.45,yes
2026-10-05T04:58:01.495482Z,KXBTC15M-26OCT050100-00,0.0740,123.35,yes
2026-10-05T04:58:01.505001Z,KXBTC15M-26OCT050100-00,0.0740,32.80,yes
2026-10-05T04:58:01.511675Z,KXBTC15M-26OCT050100-00,0.0730,7.25,no
2026-10-05T04:58:01.575381Z,KXBTC15M-26OCT050100-00,0.0740,220.67,yes
2026-10-05T04:58:01.866816Z,KXBTC15M-26OCT050100-00,0.0740,24.49,yes
2026-10-05T04:58:01.911469Z,KXBTC15M-26OCT050100-00,0.0740,71.61,yes
2026-10-05T04:58:01.923091Z,KXBTC15M-26OCT050100-00,0.0730,1.38,no
2026-10-05T04:58:01.923091Z,KXBTC15M-26OCT050100-00,0.0730,0.01,no
2026-10-05T04:58:01.923091Z,KXBTC15M-26OCT050100-00,0.0730,0.01,no
2026-10-05T04:58:01.923091Z,KXBTC15M-26OCT050100-00,0.0730,0.76,no
2026-10-05T04:58:01.923091Z,KXBTC15M-26OCT050100-00,0.0730,1.00,no
2026-10-05T04:58:01.923091Z,KXBTC15M-26OCT050100-00,0.0730,0.05,no
2026-10-05T04:58:01.951317Z,KXBTC15M-26OCT050100-00,0.0740,5.63,yes
2026-10-05T04:58:01.954819Z,KXBTC15M-26OCT050100-00,0.0740,15.47,yes
2026-10-05T04:58:02.052787Z,KXBTC15M-26OCT050100-00,0.0740,6.62,yes
2026-10-05T04:58:02.116816Z,KXBTC15M-26OCT050100-00,0.0730,1.07,no
2026-10-05T04:58:02.124262Z,KXBTC15M-26OCT050100-00,0.0730,5.36,no
2026-10-05T04:58:02.163339Z,KXBTC15M-26OCT050100-00,0.0740,63.45,yes
2026-10-05T04:58:02.164103Z,KXBTC15M-26OCT050100-00,0.0740,84.16,yes
2026-10-05T04:58:02.17745Z,KXBTC15M-26OCT050100-00,0.0740,11.00,yes
2026-10-05T04:58:02.197199Z,KXBTC15M-26OCT050100-00,0.0740,10.53,yes
2026-10-05T04:58:02.203377Z,KXBTC15M-26OCT050100-00,0.0730,37.56,no
2026-10-05T04:58:02.297152Z,KXBTC15M-26OCT050100-00,0.0740,317.27,yes
2026-10-05T04:58:02.297322Z,KXBTC15M-26OCT050100-00,0.0740,1810.80,yes
2026-10-05T04:58:02.297322Z,KXBTC15M-26OCT050100-00,0.0740,0.01,yes
2026-10-05T04:58:02.297322Z,KXBTC15M-26OCT050100-00,0.0740,0.01,yes
2026-10-05T04:58:02.297322Z,KXBTC15M-26OCT050100-00,0.0740,435.70,yes
2026-10-05T04:58:02.297322Z,KXBTC15M-26OCT050100-00,0.0740,200.00,yes
2026-10-05T04:58:02.297322Z,KXBTC15M-26OCT050100-00,0.0740,1.00,yes
2026-10-05T04:58:02.297322Z,KXBTC15M-26OCT050100-00,0.0740,500.00,yes
2026-10-05T04:58:02.499443Z,KXBTC15M-26OCT050100-00,0.0740,100.00,no
2026-10-05T04:58:02.504318Z,KXBTC15M-26OCT050100-00,0.0740,3.64,no
2026-10-05T04:58:02.504318Z,KXBTC15M-26OCT050100-00,0.0740,0.01,no
2026-10-05T04:58:02.504318Z,KXBTC15M-26OCT050100-00,0.0740,0.01,no
2026-10-05T04:58:02.504318Z,KXBTC15M-26OCT050100-00,0.0740,50.00,no
2026-10-05T04:58:02.542224Z,KXBTC15M-26OCT050100-00,0.0770,22.00,yes
2026-10-05T04:58:02.542224Z,KXBTC15M-26OCT050100-00,0.0780,16.88,yes
2026-10-05T04:58:02.542224Z,KXBTC15M-26OCT050100-00,0.0750,0.01,yes
2026-10-05T04:58:02.542224Z,KXBTC15M-26OCT050100-00,0.0750,0.01,yes
2026-10-05T04:58:02.550306Z,KXBTC15M-26OCT050100-00,0.0750,57.95,no
2026-10-05T04:58:02.622319Z,KXBTC15M-26OCT050100-00,0.0770,0.01,yes
2026-10-05T04:58:02.622319Z,KXBTC15M-26OCT050100-00,0.0770,0.01,yes
2026-10-05T04:58:02.622319Z,KXBTC15M-26OCT050100-00,0.0770,0.98,yes
2026-10-05T04:58:02.656226Z,KXBTC15M-26OCT050100-00,0.0770,11.03,yes
2026-10-05T04:58:02.722047Z,KXBTC15M-26OCT050100-00,0.0770,0.01,yes
2026-10-05T04:58:02.722047Z,KXBTC15M-26OCT050100-00,0.0770,0.01,yes
2026-10-05T04:58:02.722047Z,KXBTC15M-26OCT050100-00,0.0770,9.98,yes
2026-10-05T04:58:02.730858Z,KXBTC15M-26OCT050100-00,0.0760,20.00,no
2026-10-05T04:58:02.801091Z,KXBTC15M-26OCT050100-00,0.0760,319.00,no
2026-10-05T04:58:02.817663Z,KXBTC15M-26OCT050100-00,0.0760,0.77,no
2026-10-05T04:58:02.883735Z,KXBTC15M-26OCT050100-00,0.0760,105.00,no
2026-10-05T04:58:02.954192Z,KXBTC15M-26OCT050100-00,0.0770,192.09,yes
2026-10-05T04:58:02.954192Z,KXBTC15M-26OCT050100-00,0.0770,0.01,yes
2026-10-05T04:58:02.954192Z,KXBTC15M-26OCT050100-00,0.0770,0.01,yes
2026-10-05T04:58:02.986083Z,KXBTC15M-26OCT050100-00,0.0770,23.73,yes
2026-10-05T04:58:03.013585Z,KXBTC15M-26OCT050100-00,0.0760,10.58,no
2026-10-05T04:58:03.063202Z,KXBTC15M-26OCT050100-00,0.0770,24.39,yes
2026-10-05T04:58:03.263946Z,KXBTC15M-26OCT050100-00,0.0770,29.04,yes
2026-10-05T04:58:03.267989Z,KXBTC15M-26OCT050100-00,0.0770,44.62,yes
2026-10-05T04:58:03.276731Z,KXBTC15M-26OCT050100-00,0.0770,55.83,yes
2026-10-05T04:58:03.364252Z,KXBTC15M-26OCT050100-00,0.0850,92.51,yes
2026-10-05T04:58:03.364252Z,KXBTC15M-26OCT050100-00,0.0820,2.00,yes
2026-10-05T04:58:03.364252Z,KXBTC15M-26OCT050100-00,0.0810,2.00,yes
2026-10-05T04:58:03.364252Z,KXBTC15M-26OCT050100-00,0.0770,100.00,yes
2026-10-05T04:58:03.364252Z,KXBTC15M-26OCT050100-00,0.0810,21.00,yes
2026-10-05T04:58:03.364252Z,KXBTC15M-26OCT050100-00,0.0770,0.01,yes
2026-10-05T04:58:03.364252Z,KXBTC15M-26OCT050100-00,0.0770,0.01,yes
2026-10-05T04:58:03.364252Z,KXBTC15M-26OCT050100-00,0.0830,2.00,yes
2026-10-05T04:58:03.364252Z,KXBTC15M-26OCT050100-00,0.0770,30.30,yes
2026-10-05T04:58:03.364252Z,KXBTC15M-26OCT050100-00,0.0830,14.00,yes
2026-10-05T04:58:03.364252Z,KXBTC15M-26OCT050100-00,0.0840,28.00,yes
2026-10-05T04:58:03.364252Z,KXBTC15M-26OCT050100-00,0.0810,2.00,yes
2026-10-05T04:58:03.364252Z,KXBTC15M-26OCT050100-00,0.0820,2.00,yes
2026-10-05T04:58:03.364252Z,KXBTC15M-26OCT050100-00,0.0830,6.00,yes
2026-10-05T04:58:03.364252Z,KXBTC15M-26OCT050100-00,0.0830,2.00,yes
2026-10-05T04:58:03.364252Z,KXBTC15M-26OCT050100-00,0.0830,245.00,yes
2026-10-05T04:58:03.395346Z,KXBTC15M-26OCT050100-00,0.0820,0.01,yes
2026-10-05T04:58:03.395346Z,KXBTC15M-26OCT050100-00,0.0820,27.87,yes
2026-10-05T04:58:03.395346Z,KXBTC15M-26OCT050100-00,0.0820,1.05,yes
2026-10-05T04:58:03.395346Z,KXBTC15M-26OCT050100-00,0.0820,1.01,yes
2026-10-05T04:58:03.504527Z,KXBTC15M-26OCT050100-00,0.0800,0.01,no
2026-10-05T04:58:03.504527Z,KXBTC15M-26OCT050100-00,0.0800,0.01,no
2026-10-05T04:58:03.504527Z,KXBTC15M-26OCT050100-00,0.0800,215.28,no
2026-10-05T04:58:03.696031Z,KXBTC15M-26OCT050100-00,0.0810,5.82,yes
2026-10-05T04:58:03.696031Z,KXBTC15M-26OCT050100-00,0.0810,0.01,yes
2026-10-05T04:58:03.696031Z,KXBTC15M-26OCT050100-00,0.0810,0.01,yes
2026-10-05T04:58:03.737932Z,KXBTC15M-26OCT050100-00,0.0810,42.16,yes
2026-10-05T04:58:03.738341Z,KXBTC15M-26OCT050100-00,0.0810,11.45,yes
2026-10-05T04:58:03.780952Z,KXBTC15M-26OCT050100-00,0.0810,57.29,yes
2026-10-05T04:58:03.832618Z,KXBTC15M-26OCT050100-00,0.0810,93.78,yes
2026-10-05T04:58:03.88579Z,KXBTC15M-26OCT050100-00,0.0800,0.01,no
2026-10-05T04:58:03.88579Z,KXBTC15M-26OCT050100-00,0.0800,0.01,no
2026-10-05T04:58:03.88579Z,KXBTC15M-26OCT050100-00,0.0800,0.05,no
2026-10-05T04:58:03.88579Z,KXBTC15M-26OCT050100-00,0.0790,16.11,no
2026-10-05T04:58:03.96624Z,KXBTC15M-26OCT050100-00,0.0810,2.27,yes
2026-10-05T04:58:03.970922Z,KXBTC15M-26OCT050100-00,0.0810,187.23,yes
2026-10-05T04:58:03.970922Z,KXBTC15M-26OCT050100-00,0.0810,35.48,yes
2026-10-05T04:58:03.983524Z,KXBTC15M-26OCT050100-00,0.0810,2.86,yes
2026-10-05T04:58:04.015042Z,KXBTC15M-26OCT050100-00,0.0810,38.29,yes
2026-10-05T04:58:04.015042Z,KXBTC15M-26OCT050100-00,0.0810,7.00,yes
2026-10-05T04:58:04.015042Z,KXBTC15M-26OCT050100-00,0.0810,61.66,yes
2026-10-05T04:58:04.043958Z,KXBTC15M-26OCT050100-00,0.0810,43.73,yes
2026-10-05T04:58:04.0964Z,KXBTC15M-26OCT050100-00,0.0810,11.45,yes
2026-10-05T04:58:04.098958Z,KXBTC15M-26OCT050100-00,0.0810,12.64,yes
2026-10-05T04:58:04.18011Z,KXBTC15M-26OCT050100-00,0.0800,5.39,no
2026-10-05T04:58:04.18011Z,KXBTC15M-26OCT050100-00,0.0800,0.01,no
2026-10-05T04:58:04.242034Z,KXBTC15M-26OCT050100-00,0.0810,115.99,yes
2026-10-05T04:58:04.266766Z,KXBTC15M-26OCT050100-00,0.0800,1.00,no
2026-10-05T04:58:04.29329Z,KXBTC15M-26OCT050100-00,0.0790,10.82,no
2026-10-05T04:58:04.29329Z,KXBTC15M-26OCT050100-00,0.0800,0.01,no
2026-10-05T04:58:04.29329Z,KXBTC15M-26OCT050100-00,0.0800,61.61,no
2026-10-05T04:58:04.29329Z,KXBTC15M-26OCT050100-00,0.0800,0.01,no
2026-10-05T04:58:04.29329Z,KXBTC15M-26OCT050100-00,0.0800,0.05,no
2026-10-05T04:58:04.326946Z,KXBTC15M-26OCT050100-00,0.0790,0.21,no
2026-10-05T04:58:04.412613Z,KXBTC15M-26OCT050100-00,0.0790,0.41,no
2026-10-05T04:58:04.419263Z,KXBTC15M-26OCT050100-00,0.0790,57.45,no
2026-10-05T04:58:04.419263Z,KXBTC15M-26OCT050100-00,0.0770,48.53,no
2026-10-05T04:58:04.419263Z,KXBTC15M-26OCT050100-00,0.0790,0.01,no
2026-10-05T04:58:04.419263Z,KXBTC15M-26OCT050100-00,0.0790,0.01,no
2026-10-05T04:58:04.491228Z,KXBTC15M-26OCT050100-00,0.0780,91.19,yes
2026-10-05T04:58:04.491228Z,KXBTC15M-26OCT050100-00,0.0780,2.00,yes
2026-10-05T04:58:04.491228Z,KXBTC15M-26OCT050100-00,0.0780,0.01,yes
2026-10-05T04:58:04.491228Z,KXBTC15M-26OCT050100-00,0.0780,0.01,yes
2026-10-05T04:58:04.491228Z,KXBTC15M-26OCT050100-00,0.0780,2.00,yes
2026-10-05T04:58:04.500273Z,KXBTC15M-26OCT050100-00,0.0780,231.99,yes
2026-10-05T04:58:04.553611Z,KXBTC15M-26OCT050100-00,0.0780,57.99,yes
2026-10-05T04:58:04.610239Z,KXBTC15M-26OCT050100-00,0.0780,11.59,yes
2026-10-05T04:58:04.625713Z,KXBTC15M-26OCT050100-00,0.0760,87.85,no
2026-10-05T04:58:04.625713Z,KXBTC15M-26OCT050100-00,0.0770,8.00,no
2026-10-05T04:58:04.625713Z,KXBTC15M-26OCT050100-00,0.0770,10.00,no
2026-10-05T04:58:04.625713Z,KXBTC15M-26OCT050100-00,0.0770,0.01,no
2026-10-05T04:58:04.625713Z,KXBTC15M-26OCT050100-00,0.0770,0.01,no
2026-10-05T04:58:04.664677Z,KXBTC15M-26OCT050100-00,0.0770,9.99,no
2026-10-05T04:58:04.664677Z,KXBTC15M-26OCT050100-00,0.0770,0.01,no
2026-10-05T04:58:04.71026Z,KXBTC15M-26OCT050100-00,0.0780,11.74,yes
2026-10-05T04:58:04.849048Z,KXBTC15M-26OCT050100-00,0.0780,12.04,yes
2026-10-05T04:58:04.914039Z,KXBTC15M-26OCT050100-00,0.0770,27.79,no
2026-10-05T04:58:04.992503Z,KXBTC15M-26OCT050100-00,0.0760,295.13,no
2026-10-05T04:58:04.992503Z,KXBTC15M-26OCT050100-00,0.0770,0.01,no
2026-10-05T04:58:04.992503Z,KXBTC15M-26OCT050100-00,0.0770,8.00,no
2026-10-05T04:58:04.992503Z,KXBTC15M-26OCT050100-00,0.0770,10.00,no
2026-10-05T04:58:04.992503Z,KXBTC15M-26OCT050100-00,0.0770,0.01,no
2026-10-05T04:58:04.992503Z,KXBTC15M-26OCT050100-00,0.0770,30.22,no
2026-10-05T04:58:04.992503Z,KXBTC15M-26OCT050100-00,0.0770,0.05,no
2026-10-05T04:58:05.029522Z,KXBTC15M-26OCT050100-00,0.0770,2.00,yes
2026-10-05T04:58:05.029522Z,KXBTC15M-26OCT050100-00,0.0770,22.06,yes
2026-10-05T04:58:05.029522Z,KXBTC15M-26OCT050100-00,0.0770,0.01,yes
2026-10-05T04:58:05.029522Z,KXBTC15M-26OCT050100-00,0.0770,0.01,yes
2026-10-05T04:58:05.044175Z,KXBTC15M-26OCT050100-00,0.0760,0.01,no
2026-10-05T04:58:05.044175Z,KXBTC15M-26OCT050100-00,0.0760,0.01,no
2026-10-05T04:58:05.044175Z,KXBTC15M-26OCT050100-00,0.0760,500.00,no
2026-10-05T04:58:05.044175Z,KXBTC15M-26OCT050100-00,0.0760,264.10,no
2026-10-05T04:58:05.074193Z,KXBTC15M-26OCT050100-00,0.0770,53.98,yes
2026-10-05T04:58:05.074193Z,KXBTC15M-26OCT050100-00,0.0770,1.00,yes
2026-10-05T04:58:05.074193Z,KXBTC15M-26OCT050100-00,0.0770,0.01,yes
2026-10-05T04:58:05.074193Z,KXBTC15M-26OCT050100-00,0.0770,0.01,yes
2026-10-05T04:58:05.157698Z,KXBTC15M-26OCT050100-00,0.0770,400.00,yes
2026-10-05T04:58:05.157698Z,KXBTC15M-26OCT050100-00,0.0770,7.00,yes
2026-10-05T04:58:05.157698Z,KXBTC15M-26OCT050100-00,0.0770,63.00,yes
2026-10-05T04:58:05.157698Z,KXBTC15M-26OCT050100-00,0.0770,0.01,yes
2026-10-05T04:58:05.157698Z,KXBTC15M-26OCT050100-00,0.0770,0.01,yes
2026-10-05T04:58:05.157698Z,KXBTC15M-26OCT050100-00,0.0770,132.14,yes
2026-10-05T04:58:05.265162Z,KXBTC15M-26OCT050100-00,0.0760,0.01,no
2026-10-05T04:58:05.265162Z,KXBTC15M-26OCT050100-00,0.0760,0.01,no
2026-10-05T04:58:05.265162Z,KXBTC15M-26OCT050100-00,0.0760,0.51,no
2026-10-05T04:58:05.303842Z,KXBTC15M-26OCT050100-00,0.0760,8.00,no
2026-10-05T04:58:05.316965Z,KXBTC15M-26OCT050100-00,0.0770,12.04,yes
2026-10-05T04:58:05.359707Z,KXBTC15M-26OCT050100-00,0.0750,20.00,no
2026-10-05T04:58:05.359707Z,KXBTC15M-26OCT050100-00,0.0760,0.05,no
2026-10-05T04:58:05.359707Z,KXBTC15M-26OCT050100-00,0.0760,0.01,no
2026-10-05T04:58:05.359707Z,KXBTC15M-26OCT050100-00,0.0760,0.01,no
2026-10-05T04:58:05.359707Z,KXBTC15M-26OCT050100-00,0.0740,8.40,no
2026-10-05T04:58:05.368624Z,KXBTC15M-26OCT050100-00,0.0750,20.00,yes
2026-10-05T04:58:05.368624Z,KXBTC15M-26OCT050100-00,0.0760,100.43,yes
2026-10-05T04:58:05.391895Z,KXBTC15M-26OCT050100-00,0.0780,1.00,yes
2026-10-05T04:58:05.391895Z,KXBTC15M-26OCT050100-00,0.0790,1.00,yes
2026-10-05T04:58:05.391895Z,KXBTC15M-26OCT050100-00,0.0790,2.00,yes
2026-10-05T04:58:05.391895Z,KXBTC15M-26OCT050100-00,0.0790,2.00,yes
2026-10-05T04:58:05.391895Z,KXBTC15M-26OCT050100-00,0.0800,1.00,yes
2026-10-05T04:58:05.391895Z,KXBTC15M-26OCT050100-00,0.0750,0.01,yes
2026-10-05T04:58:05.391895Z,KXBTC15M-26OCT050100-00,0.0800,10.84,yes
2026-10-05T04:58:05.391895Z,KXBTC15M-26OCT050100-00,0.0770,0.01,yes
2026-10-05T04:58:05.391895Z,KXBTC15M-26OCT050100-00,0.0760,1.00,yes
2026-10-05T04:58:05.391895Z,KXBTC15M-26OCT050100-00,0.0750,0.01,yes
2026-10-05T04:58:05.391895Z,KXBTC15M-26OCT050100-00,0.0780,2.00,yes
2026-10-05T04:58:05.391895Z,KXBTC15M-26OCT050100-00,0.0770,2.00,yes
2026-10-05T04:58:05.391895Z,KXBTC15M-26OCT050100-00,0.0760,0.01,yes
2026-10-05T04:58:05.391895Z,KXBTC15M-26OCT050100-00,0.0760,0.01,yes
2026-10-05T04:58:05.391895Z,KXBTC15M-26OCT050100-00,0.0770,0.01,yes
2026-10-05T04:58:05.391895Z,KXBTC15M-26OCT050100-00,0.0770,1.00,yes
2026-10-05T04:58:05.414988Z,KXBTC15M-26OCT050100-00,0.0780,1.00,yes
2026-10-05T04:58:05.414988Z,KXBTC15M-26OCT050100-00,0.0780,1.05,yes
2026-10-05T04:58:05.414988Z,KXBTC15M-26OCT050100-00,0.0780,0.01,yes
2026-10-05T04:58:05.414988Z,KXBTC15M-26OCT050100-00,0.0780,7.00,yes
2026-10-05T04:58:05.414988Z,KXBTC15M-26OCT050100-00,0.0780,91.23,yes
2026-10-05T04:58:05.459184Z,KXBTC15M-26OCT050100-00,0.0780,0.01,yes
2026-10-05T04:58:05.459184Z,KXBTC15M-26OCT050100-00,0.0780,0.01,yes
2026-10-05T04:58:05.459184Z,KXBTC15M-26OCT050100-00,0.0790,46.38,yes
2026-10-05T04:58:05.459184Z,KXBTC15M-26OCT050100-00,0.0770,0.01,yes
2026-10-05T04:58:05.459184Z,KXBTC15M-26OCT050100-00,0.0770,0.01,yes
2026-10-05T04:58:05.459184Z,KXBTC15M-26OCT050100-00,0.0780,200.00,yes
2026-10-05T04:58:05.497539Z,KXBTC15M-26OCT050100-00,0.0760,0.01,no
2026-10-05T04:58:05.497539Z,KXBTC15M-26OCT050100-00,0.0750,12.96,no
2026-10-05T04:58:05.497539Z,KXBTC15M-26OCT050100-00,0.0760,400.00,no
2026-10-05T04:58:05.497539Z,KXBTC15M-26OCT050100-00,0.0770,0.01,no
2026-10-05T04:58:05.497539Z,KXBTC15M-26OCT050100-00,0.0770,0.01,no
2026-10-05T04:58:05.497539Z,KXBTC15M-26OCT050100-00,0.0770,150.00,no
2026-10-05T04:58:05.497539Z,KXBTC15M-26OCT050100-00,0.0760,0.01,no
2026-10-05T04:58:05.497539Z,KXBTC15M-26OCT050100-00,0.0770,500.00,no
2026-10-05T04:58:05.753836Z,KXBTC15M-26OCT050100-00,0.0780,0.01,yes
2026-10-05T04:58:05.753836Z,KXBTC15M-26OCT050100-00,0.0780,2.51,yes
2026-10-05T04:58:05.841838Z,KXBTC15M-26OCT050100-00,0.0780,16.00,yes
2026-10-05T04:58:05.875996Z,KXBTC15M-26OCT050100-00,0.0770,0.05,no
2026-10-05T04:58:05.875996Z,KXBTC15M-26OCT050100-00,0.0770,0.01,no
2026-10-05T04:58:05.875996Z,KXBTC15M-26OCT050100-00,0.0770,0.01,no
2026-10-05T04:58:05.875996Z,KXBTC15M-26OCT050100-00,0.0770,29.04,no
2026-10-05T04:58:05.875996Z,KXBTC15M-26OCT050100-00,0.0770,100.00,no
2026-10-05T04:58:05.919593Z,KXBTC15M-26OCT050100-00,0.0780,9.83,yes
2026-10-05T04:58:05.955468Z,KXBTC15M-26OCT050100-00,0.0780,129.72,yes
2026-10-05T04:58:05.987239Z,KXBTC15M-26OCT050100-00,0.0780,10.93,yes
2026-10-05T04:58:06.143597Z,KXBTC15M-26OCT050100-00,0.0790,0.18,yes
2026-10-05T04:58:06.143597Z,KXBTC15M-26OCT050100-00,0.0780,1.00,yes
2026-10-05T04:58:06.143597Z,KXBTC15M-26OCT050100-00,0.0780,0.01,yes
2026-10-05T04:58:06.143597Z,KXBTC15M-26OCT050100-00,0.0780,0.01,yes
2026-10-05T04:58:06.148812Z,KXBTC15M-26OCT050100-00,0.0790,2.00,yes
2026-10-05T04:58:06.148812Z,KXBTC15M-26OCT050100-00,0.0790,0.82,yes
2026-10-05T04:58:06.175483Z,KXBTC15M-26OCT050100-00,0.0800,1.00,yes
2026-10-05T04:58:06.175483Z,KXBTC15M-26OCT050100-00,0.0800,2.00,yes
2026-10-05T04:58:06.175483Z,KXBTC15M-26OCT050100-00,0.0800,1.59,yes
2026-10-05T04:58:06.222011Z,KXBTC15M-26OCT050100-00,0.0790,5.00,no
2026-10-05T04:58:06.239844Z,KXBTC15M-26OCT050100-00,0.0800,0.01,yes
2026-10-05T04:58:06.239844Z,KXBTC15M-26OCT050100-00,0.0800,4.95,yes
2026-10-05T04:58:06.239844Z,KXBTC15M-26OCT050100-00,0.0800,5.41,yes
2026-10-05T04:58:06.346268Z,KXBTC15M-26OCT050100-00,0.0820,1.00,yes
2026-10-05T04:58:06.346268Z,KXBTC15M-26OCT050100-00,0.0810,1.00,yes
2026-10-05T04:58:06.346268Z,KXBTC15M-26OCT050100-00,0.0810,2.69,yes
2026-10-05T04:58:06.346268Z,KXBTC15M-26OCT050100-00,0.0830,2.00,yes
2026-10-05T04:58:06.346268Z,KXBTC15M-26OCT050100-00,0.0820,2.00,yes
2026-10-05T04:58:06.346268Z,KXBTC15M-26OCT050100-00,0.0800,1.00,yes
2026-10-05T04:58:06.346268Z,KXBTC15M-26OCT050100-00,0.0810,2.00,yes
2026-10-05T04:58:06.346268Z,KXBTC15M-26OCT050100-00,0.0830,1.00,yes
2026-10-05T04:58:06.346268Z,KXBTC15M-26OCT050100-00,0.0800,0.01,yes
2026-10-05T04:58:06.346268Z,KXBTC15M-26OCT050100-00,0.0830,3.19,yes
2026-10-05T04:58:06.346268Z,KXBTC15M-26OCT050100-00,0.0820,2.00,yes
2026-10-05T04:58:06.346268Z,KXBTC15M-26OCT050100-00,0.0800,0.01,yes
2026-10-05T04:58:06.346268Z,KXBTC15M-26OCT050100-00,0.0820,60.10,yes
2026-10-05T04:58:06.39078Z,KXBTC15M-26OCT050100-00,0.0810,21.55,no
2026-10-05T04:58:06.431872Z,KXBTC15M-26OCT050100-00,0.0810,500.00,no
2026-10-05T04:58:06.431872Z,KXBTC15M-26OCT050100-00,0.0810,8.00,no
2026-10-05T04:58:06.431872Z,KXBTC15M-26OCT050100-00,0.0810,128.45,no
2026-10-05T04:58:06.431872Z,KXBTC15M-26OCT050100-00,0.0810,0.01,no
2026-10-05T04:58:06.431872Z,KXBTC15M-26OCT050100-00,0.0810,13.53,no
2026-10-05T04:58:06.431872Z,KXBTC15M-26OCT050100-00,0.0810,200.00,no
2026-10-05T04:58:06.431872Z,KXBTC15M-26OCT050100-00,0.0810,150.00,no
2026-10-05T04:58:06.431872Z,KXBTC15M-26OCT050100-00,0.0810,0.01,no
2026-10-05T04:58:06.539289Z,KXBTC15M-26OCT050100-00,0.0820,1.04,yes
2026-10-05T04:58:06.539289Z,KXBTC15M-26OCT050100-00,0.0820,1.00,yes
2026-10-05T04:58:06.539289Z,KXBTC15M-26OCT050100-00,0.0830,0.73,yes
2026-10-05T04:58:06.539289Z,KXBTC15M-26OCT050100-00,0.0820,0.01,yes
2026-10-05T04:58:06.539289Z,KXBTC15M-26OCT050100-00,0.0830,3.81,yes
2026-10-05T04:58:06.539289Z,KXBTC15M-26OCT050100-00,0.0830,21.00,yes
2026-10-05T04:58:06.539289Z,KXBTC15M-26OCT050100-00,0.0820,0.01,yes
2026-10-05T04:58:06.54367Z,KXBTC15M-26OCT050100-00,0.0820,18.60,no
2026-10-05T04:58:06.749613Z,KXBTC15M-26OCT050100-00,0.0770,4.92,no
2026-10-05T04:58:06.749613Z,KXBTC15M-26OCT050100-00,0.0830,0.01,no
2026-10-05T04:58:06.749613Z,KXBTC15M-26OCT050100-00,0.0830,0.01,no
2026-10-05T04:58:06.749613Z,KXBTC15M-26OCT050100-00,0.0810,57.61,no
2026-10-05T04:58:06.784003Z,KXBTC15M-26OCT050100-00,0.0780,246.98,no
2026-10-05T04:58:06.784003Z,KXBTC15M-26OCT050100-00,0.0780,0.01,no
2026-10-05T04:58:06.784003Z,KXBTC15M-26OCT050100-00,0.0780,100.00,no
2026-10-05T04:58:06.784003Z,KXBTC15M-26OCT050100-00,0.0780,0.01,no
2026-10-05T04:58:06.787117Z,KXBTC15M-26OCT050100-00,0.0800,11.74,yes
2026-10-05T04:58:06.941836Z,KXBTC15M-26OCT050100-00,0.0780,0.01,no
2026-10-05T04:58:06.941836Z,KXBTC15M-26OCT050100-00,0.0780,0.01,no
2026-10-05T04:58:06.941836Z,KXBTC15M-26OCT050100-00,0.0780,75.27,no
2026-10-05T04:58:07.009628Z,KXBTC15M-26OCT050100-00,0.0790,0.01,yes
2026-10-05T04:58:07.009628Z,KXBTC15M-26OCT050100-00,0.0810,5.57,yes
2026-10-05T04:58:07.009628Z,KXBTC15M-26OCT050100-00,0.0790,0.01,yes
2026-10-05T04:58:07.018556Z,KXBTC15M-26OCT050100-00,0.0810,26.85,yes
2026-10-05T04:58:07.032426Z,KXBTC15M-26OCT050100-00,0.0800,134.03,no
2026-10-05T04:58:07.127458Z,KXBTC15M-26OCT050100-00,0.0800,1.07,no
2026-10-05T04:58:07.155396Z,KXBTC15M-26OCT050100-00,0.0810,400.00,yes
2026-10-05T04:58:07.155396Z,KXBTC15M-26OCT050100-00,0.0820,588.94,yes
2026-10-05T04:58:07.155396Z,KXBTC15M-26OCT050100-00,0.0810,0.01,yes
2026-10-05T04:58:07.155396Z,KXBTC15M-26OCT050100-00,0.0810,0.01,yes
2026-10-05T04:58:07.155396Z,KXBTC15M-26OCT050100-00,0.0810,7.00,yes
2026-10-05T04:58:07.155396Z,KXBTC15M-26OCT050100-00,0.0810,117.58,yes
2026-10-05T04:58:07.158303Z,KXBTC15M-26OCT050100-00,0.0810,11.35,yes
2026-10-05T04:58:07.172297Z,KXBTC15M-26OCT050100-00,0.0810,11.59,yes
2026-10-05T04:58:07.246837Z,KXBTC15M-26OCT050100-00,0.0810,10.06,yes
2026-10-05T04:58:07.294994Z,KXBTC15M-26OCT050100-00,0.0810,12.80,yes
2026-10-05T04:58:07.546015Z,KXBTC15M-26OCT050100-00,0.0800,0.01,no
2026-10-05T04:58:07.546015Z,KXBTC15M-26OCT050100-00,0.0800,9.98,no
2026-10-05T04:58:07.546015Z,KXBTC15M-26OCT050100-00,0.0800,0.01,no
2026-10-05T04:58:07.583461Z,KXBTC15M-26OCT050100-00,0.0810,35.06,yes
2026-10-05T04:58:07.601705Z,KXBTC15M-26OCT050100-00,0.0800,1.08,no
2026-10-05T04:58:07.65258Z,KXBTC15M-26OCT050100-00,0.0800,0.43,no
2026-10-05T04:58:07.844371Z,KXBTC15M-26OCT050100-00,0.0810,5.79,yes
2026-10-05T04:58:07.863317Z,KXBTC15M-26OCT050100-00,0.0810,97.96,yes
2026-10-05T04:58:07.909752Z,KXBTC15M-26OCT050100-00,0.0800,0.01,no
2026-10-05T04:58:07.909752Z,KXBTC15M-26OCT050100-00,0.0780,3.37,no
2026-10-05T04:58:07.909752Z,KXBTC15M-26OCT050100-00,0.0800,0.01,no
2026-10-05T04:58:07.909752Z,KXBTC15M-26OCT050100-00,0.0780,7.00,no
2026-10-05T04:58:07.909752Z,KXBTC15M-26OCT050100-00,0.0800,0.05,no
2026-10-05T04:58:07.929301Z,KXBTC15M-26OCT050100-00,0.0790,200.00,yes
2026-10-05T04:58:07.929301Z,KXBTC15M-26OCT050100-00,0.0790,0.01,yes
2026-10-05T04:58:07.929301Z,KXBTC15M-26OCT050100-00,0.0790,100.00,yes
2026-10-05T04:58:07.929301Z,KXBTC15M-26OCT050100-00,0.0790,0.01,yes
2026-10-05T04:58:07.929301Z,KXBTC15M-26OCT050100-00,0.0790,7.00,yes
2026-10-05T04:58:07.929301Z,KXBTC15M-26OCT050100-00,0.0790,273.95,yes
2026-10-05T04:58:07.929301Z,KXBTC15M-26OCT050100-00,0.0790,500.00,yes
2026-10-05T04:58:07.954724Z,KXBTC15M-26OCT050100-00,0.0780,17.57,no
2026-10-05T04:58:07.954724Z,KXBTC15M-26OCT050100-00,0.0780,9.11,no
2026-10-05T04:58:07.99064Z,KXBTC15M-26OCT050100-00,0.0790,2.58,yes
2026-10-05T04:58:07.996319Z,KXBTC15M-26OCT050100-00,0.0790,109.00,yes
2026-10-05T04:58:07.997348Z,KXBTC15M-26OCT050100-00,0.0780,20.53,no
2026-10-05T04:58:08.010842Z,KXBTC15M-26OCT050100-00,0.0790,23.19,yes
2026-10-05T04:58:08.063315Z,KXBTC15M-26OCT050100-00,0.0790,11.59,yes
2026-10-05T04:58:08.076561Z,KXBTC15M-26OCT050100-00,0.0790,11.59,yes
2026-10-05T04:58:08.083858Z,KXBTC15M-26OCT050100-00,0.0780,3.85,no
2026-10-05T04:58:08.087662Z,KXBTC15M-26OCT050100-00,0.0790,76.82,yes
2026-10-05T04:58:08.087662Z,KXBTC15M-26OCT050100-00,0.0790,0.01,yes
2026-10-05T04:58:08.087662Z,KXBTC15M-26OCT050100-00,0.0790,0.01,yes
2026-10-05T04:58:08.087662Z,KXBTC15M-26OCT050100-00,0.0790,39.15,yes
2026-10-05T04:58:08.184953Z,KXBTC15M-26OCT050100-00,0.0780,26.96,no
2026-10-05T04:58:08.185533Z,KXBTC15M-26OCT050100-00,0.0780,1.05,no
2026-10-05T04:58:08.208682Z,KXBTC15M-26OCT050100-00,0.0780,2.15,no
2026-10-05T04:58:08.23712Z,KXBTC15M-26OCT050100-00,0.0790,1.00,yes
2026-10-05T04:58:08.23712Z,KXBTC15M-26OCT050100-00,0.0790,0.01,yes
2026-10-05T04:58:08.23712Z,KXBTC15M-26OCT050100-00,0.0790,100.00,yes
2026-10-05T04:58:08.23712Z,KXBTC15M-26OCT050100-00,0.0790,38.17,yes
2026-10-05T04:58:08.23712Z,KXBTC15M-26OCT050100-00,0.0790,0.01,yes
2026-10-05T04:58:08.301964Z,KXBTC15M-26OCT050100-00,0.0790,0.01,yes
2026-10-05T04:58:08.301964Z,KXBTC15M-26OCT050100-00,0.0790,131.97,yes
2026-10-05T04:58:08.301964Z,KXBTC15M-26OCT050100-00,0.0790,0.01,yes
2026-10-05T04:58:08.301964Z,KXBTC15M-26OCT050100-00,0.0790,100.00,yes
2026-10-05T04:58:08.363312Z,KXBTC15M-26OCT050100-00,0.0830,6.00,yes
2026-10-05T04:58:08.363312Z,KXBTC15M-26OCT050100-00,0.0830,1.00,yes
2026-10-05T04:58:08.363312Z,KXBTC15M-26OCT050100-00,0.0820,1.00,yes
2026-10-05T04:58:08.363312Z,KXBTC15M-26OCT050100-00,0.0800,1.00,yes
2026-10-05T04:58:08.363312Z,KXBTC15M-26OCT050100-00,0.0810,1.00,yes
2026-10-05T04:58:08.363312Z,KXBTC15M-26OCT050100-00,0.0790,100.00,yes
2026-10-05T04:58:08.363312Z,KXBTC15M-26OCT050100-00,0.0830,38.95,yes
2026-10-05T04:58:08.363312Z,KXBTC15M-26OCT050100-00,0.0790,400.00,yes
2026-10-05T04:58:08.363312Z,KXBTC15M-26OCT050100-00,0.0790,1.00,yes
2026-10-05T04:58:08.363312Z,KXBTC15M-26OCT050100-00,0.0790,0.01,yes
2026-10-05T04:58:08.363312Z,KXBTC15M-26OCT050100-00,0.0790,0.01,yes
2026-10-05T04:58:08.434523Z,KXBTC15M-26OCT050100-00,0.0790,0.01,yes
2026-10-05T04:58:08.434523Z,KXBTC15M-26OCT050100-00,0.0790,3.24,yes
2026-10-05T04:58:08.434523Z,KXBTC15M-26OCT050100-00,0.0790,0.01,yes
2026-10-05T04:58:08.452836Z,KXBTC15M-26OCT050100-00,0.0830,1.14,yes
2026-10-05T04:58:08.452836Z,KXBTC15M-26OCT050100-00,0.0830,0.01,yes
2026-10-05T04:58:08.452836Z,KXBTC15M-26OCT050100-00,0.0830,0.01,yes
2026-10-05T04:58:08.506307Z,KXBTC15M-26OCT050100-00,0.0800,21.59,no
2026-10-05T04:58:08.522986Z,KXBTC15M-26OCT050100-00,0.0810,0.01,yes
2026-10-05T04:58:08.522986Z,KXBTC15M-26OCT050100-00,0.0810,1.00,yes
2026-10-05T04:58:08.522986Z,KXBTC15M-26OCT050100-00,0.0830,0.01,yes
2026-10-05T04:58:08.522986Z,KXBTC15M-26OCT050100-00,0.0840,18.49,yes
2026-10-05T04:58:08.522986Z,KXBTC15M-26OCT050100-00,0.0830,0.01,yes
2026-10-05T04:58:08.522986Z,KXBTC15M-26OCT050100-00,0.0830,1.00,yes
2026-10-05T04:58:08.522986Z,KXBTC15M-26OCT050100-00,0.0820,1.00,yes
2026-10-05T04:58:08.522986Z,KXBTC15M-26OCT050100-00,0.0810,0.01,yes
2026-10-05T04:58:08.522986Z,KXBTC15M-26OCT050100-00,0.0840,1.00,yes
2026-10-05T04:58:08.678767Z,KXBTC15M-26OCT050100-00,0.0830,0.01,yes
2026-10-05T04:58:08.678767Z,KXBTC15M-26OCT050100-00,0.0830,0.01,yes
2026-10-05T04:58:08.678767Z,KXBTC15M-26OCT050100-00,0.0830,3.39,yes
2026-10-05T04:58:08.730071Z,KXBTC15M-26OCT050100-00,0.0830,1.36,yes
2026-10-05T04:58:08.815616Z,KXBTC15M-26OCT050100-00,0.0810,0.01,no
2026-10-05T04:58:08.815616Z,KXBTC15M-26OCT050100-00,0.0810,0.01,no
2026-10-05T04:58:08.815616Z,KXBTC15M-26OCT050100-00,0.0810,0.05,no
2026-10-05T04:58:08.815616Z,KXBTC15M-26OCT050100-00,0.0790,9.63,no
2026-10-05T04:58:08.85623Z,KXBTC15M-26OCT050100-00,0.0780,2.11,no
2026-10-05T04:58:08.896495Z,KXBTC15M-26OCT050100-00,0.0780,39.24,no
2026-10-05T04:58:08.911878Z,KXBTC15M-26OCT050100-00,0.0780,95.00,no
2026-10-05T04:58:08.911878Z,KXBTC15M-26OCT050100-00,0.0780,0.01,no
2026-10-05T04:58:08.911878Z,KXBTC15M-26OCT050100-00,0.0780,0.01,no
2026-10-05T04:58:08.921779Z,KXBTC15M-26OCT050100-00,0.0750,2.82,no
2026-10-05T04:58:08.92942Z,KXBTC15M-26OCT050100-00,0.0780,1.16,yes
2026-10-05T04:58:09.013393Z,KXBTC15M-26OCT050100-00,0.0780,33.96,yes
2026-10-05T04:58:09.241826Z,KXBTC15M-26OCT050100-00,0.0780,2.89,yes
2026-10-05T04:58:09.262789Z,KXBTC15M-26OCT050100-00,0.0780,24.08,yes
2026-10-05T04:58:09.276878Z,KXBTC15M-26OCT050100-00,0.0780,35.40,yes
2026-10-05T04:58:09.431931Z,KXBTC15M-26OCT050100-00,0.0770,0.01,no
2026-10-05T04:58:09.431931Z,KXBTC15M-26OCT050100-00,0.0770,0.01,no
2026-10-05T04:58:09.431931Z,KXBTC15M-26OCT050100-00,0.0770,109.08,no
2026-10-05T04:58:09.431931Z,KXBTC15M-26OCT050100-00,0.0770,0.05,no
2026-10-05T04:58:09.448875Z,KXBTC15M-26OCT050100-00,0.0740,198.66,yes
2026-10-05T04:58:09.475558Z,KXBTC15M-26OCT050100-00,0.0700,2.21,no
2026-10-05T04:58:09.475558Z,KXBTC15M-26OCT050100-00,0.0720,1.00,no
2026-10-05T04:58:09.475558Z,KXBTC15M-26OCT050100-00,0.0710,0.01,no
2026-10-05T04:58:09.475558Z,KXBTC15M-26OCT050100-00,0.0710,0.01,no
2026-10-05T04:58:09.475558Z,KXBTC15M-26OCT050100-00,0.0720,0.01,no
2026-10-05T04:58:09.475558Z,KXBTC15M-26OCT050100-00,0.0710,2.00,no
2026-10-05T04:58:09.475558Z,KXBTC15M-26OCT050100-00,0.0720,0.01,no
2026-10-05T04:58:09.530043Z,KXBTC15M-26OCT050100-00,0.0710,5.85,yes
2026-10-05T04:58:09.536328Z,KXBTC15M-26OCT050100-00,0.0710,120.43,yes
2026-10-05T04:58:09.588507Z,KXBTC15M-26OCT050100-00,0.0710,6.62,yes
2026-10-05T04:58:09.596759Z,KXBTC15M-26OCT050100-00,0.0710,152.71,yes
2026-10-05T04:58:09.596759Z,KXBTC15M-26OCT050100-00,0.0710,27.93,yes
2026-10-05T04:58:09.635102Z,KXBTC15M-26OCT050100-00,0.0710,0.01,yes
2026-10-05T04:58:09.635102Z,KXBTC15M-26OCT050100-00,0.0710,0.01,yes
2026-10-05T04:58:09.635102Z,KXBTC15M-26OCT050100-00,0.0710,11.87,yes
2026-10-05T04:58:09.6468Z,KXBTC15M-26OCT050100-00,0.0710,12.04,yes
2026-10-05T04:58:09.65087Z,KXBTC15M-26OCT050100-00,0.0710,120.43,yes
2026-10-05T04:58:09.76814Z,KXBTC15M-26OCT050100-00,0.0700,10.69,no
2026-10-05T04:58:09.793478Z,KXBTC15M-26OCT050100-00,0.0700,40.87,no
2026-10-05T04:58:09.793478Z,KXBTC15M-26OCT050100-00,0.0700,492.09,no
2026-10-05T04:58:09.793478Z,KXBTC15M-26OCT050100-00,0.0700,0.01,no
2026-10-05T04:58:09.793478Z,KXBTC15M-26OCT050100-00,0.0700,0.01,no
2026-10-05T04:58:09.885261Z,KXBTC15M-26OCT050100-00,0.0670,1.00,no
2026-10-05T04:58:09.885261Z,KXBTC15M-26OCT050100-00,0.0670,8.93,no
2026-10-05T04:58:09.885261Z,KXBTC15M-26OCT050100-00,0.0700,0.01,no
2026-10-05T04:58:09.885261Z,KXBTC15M-26OCT050100-00,0.0700,0.01,no
2026-10-05T04:58:09.903901Z,KXBTC15M-26OCT050100-00,0.0700,0.02,yes
2026-10-05T04:58:09.908107Z,KXBTC15M-26OCT050100-00,0.0700,500.00,yes
2026-10-05T04:58:09.908107Z,KXBTC15M-26OCT050100-00,0.0700,7.00,yes
2026-10-05T04:58:09.908107Z,KXBTC15M-26OCT050100-00,0.0700,0.01,yes
2026-10-05T04:58:09.908107Z,KXBTC15M-26OCT050100-00,0.0700,100.00,yes
2026-10-05T04:58:09.908107Z,KXBTC15M-26OCT050100-00,0.0700,150.00,yes
2026-10-05T04:58:09.908107Z,KXBTC15M-26OCT050100-00,0.0700,0.01,yes
2026-10-05T04:58:09.908107Z,KXBTC15M-26OCT050100-00,0.0700,149.98,yes
2026-10-05T04:58:09.931732Z,KXBTC15M-26OCT050100-00,0.0700,0.01,yes
2026-10-05T04:58:09.931732Z,KXBTC15M-26OCT050100-00,0.0710,0.01,yes
2026-10-05T04:58:09.931732Z,KXBTC15M-26OCT050100-00,0.0760,4.96,yes
2026-10-05T04:58:09.931732Z,KXBTC15M-26OCT050100-00,0.0710,0.01,yes
2026-10-05T04:58:09.931732Z,KXBTC15M-26OCT050100-00,0.0700,0.01,yes
2026-10-05T04:58:09.996917Z,KXBTC15M-26OCT050100-00,0.0700,63.11,no
2026-10-05T04:58:10.066256Z,KXBTC15M-26OCT050100-00,0.0700,16.95,no
2026-10-05T04:58:10.066256Z,KXBTC15M-26OCT050100-00,0.0700,86.89,no
2026-10-05T04:58:10.066256Z,KXBTC15M-26OCT050100-00,0.0700,150.00,no
2026-10-05T04:58:10.096243Z,KXBTC15M-26OCT050100-00,0.0750,124.34,yes
2026-10-05T04:58:10.096243Z,KXBTC15M-26OCT050100-00,0.0710,0.01,yes
2026-10-05T04:58:10.096243Z,KXBTC15M-26OCT050100-00,0.0710,0.01,yes
2026-10-05T04:58:10.112938Z,KXBTC15M-26OCT050100-00,0.0710,500.00,no
2026-10-05T04:58:10.112938Z,KXBTC15M-26OCT050100-00,0.0710,150.00,no
2026-10-05T04:58:10.112938Z,KXBTC15M-26OCT050100-00,0.0710,0.01,no
2026-10-05T04:58:10.112938Z,KXBTC15M-26OCT050100-00,0.0710,0.01,no
2026-10-05T04:58:10.112938Z,KXBTC15M-26OCT050100-00,0.0710,150.00,no
2026-10-05T04:58:10.112938Z,KXBTC15M-26OCT050100-00,0.0710,98.98,no
2026-10-05T04:58:10.112938Z,KXBTC15M-26OCT050100-00,0.0710,8.00,no
2026-10-05T04:58:10.114761Z,KXBTC15M-26OCT050100-00,0.0710,0.02,no
2026-10-05T04:58:10.114768Z,KXBTC15M-26OCT050100-00,0.0700,500.00,no
2026-10-05T04:58:10.114768Z,KXBTC15M-26OCT050100-00,0.0710,101.00,no
2026-10-05T04:58:10.114768Z,KXBTC15M-26OCT050100-00,0.0700,0.01,no
2026-10-05T04:58:10.114768Z,KXBTC15M-26OCT050100-00,0.0650,150.00,no
2026-10-05T04:58:10.114768Z,KXBTC15M-26OCT050100-00,0.0650,15.00,no
2026-10-05T04:58:10.114768Z,KXBTC15M-26OCT050100-00,0.0700,0.05,no
2026-10-05T04:58:10.114768Z,KXBTC15M-26OCT050100-00,0.0710,0.01,no
2026-10-05T04:58:10.114768Z,KXBTC15M-26OCT050100-00,0.0700,1.00,no
2026-10-05T04:58:10.114768Z,KXBTC15M-26OCT050100-00,0.0660,9.89,no
2026-10-05T04:58:10.114768Z,KXBTC15M-26OCT050100-00,0.0660,5.00,no
2026-10-05T04:58:10.118318Z,KXBTC15M-26OCT050100-00,0.0600,15.00,no
2026-10-05T04:58:10.118318Z,KXBTC15M-26OCT050100-00,0.0600,15.00,no
2026-10-05T04:58:10.118318Z,KXBTC15M-26OCT050100-00,0.0700,8.00,no
2026-10-05T04:58:10.118318Z,KXBTC15M-26OCT050100-00,0.0630,35.00,no
2026-10-05T04:58:10.124468Z,KXBTC15M-26OCT050100-00,0.0630,9.00,no
2026-10-05T04:58:10.124468Z,KXBTC15M-26OCT050100-00,0.0600,8.00,no
2026-10-05T04:58:10.124468Z,KXBTC15M-26OCT050100-00,0.0660,9.00,no
2026-10-05T04:58:10.131909Z,KXBTC15M-26OCT050100-00,0.0590,1.99,no
2026-10-05T04:58:10.131909Z,KXBTC15M-26OCT050100-00,0.0630,0.01,no
2026-10-05T04:58:10.173258Z,KXBTC15M-26OCT050100-00,0.0530,120.00,yes
2026-10-05T04:58:10.173726Z,KXBTC15M-26OCT050100-00,0.0530,30.00,yes
2026-10-05T04:58:10.199337Z,KXBTC15M-26OCT050100-00,0.0530,26.44,yes
2026-10-05T04:58:10.227312Z,KXBTC15M-26OCT050100-00,0.0530,43.00,yes
2026-10-05T04:58:10.298526Z,KXBTC15M-26OCT050100-00,0.0530,4.27,yes
2026-10-05T04:58:10.302821Z,KXBTC15M-26OCT050100-00,0.0500,3.26,no
2026-10-05T04:58:10.302821Z,KXBTC15M-26OCT050100-00,0.0520,0.01,no
2026-10-05T04:58:10.302821Z,KXBTC15M-26OCT050100-00,0.0520,0.01,no
2026-10-05T04:58:10.306948Z,KXBTC15M-26OCT050100-00,0.0520,58.54,yes
2026-10-05T04:58:10.306948Z,KXBTC15M-26OCT050100-00,0.0520,150.00,yes
2026-10-05T04:58:10.32561Z,KXBTC15M-26OCT050100-00,0.0500,28.31,no
2026-10-05T04:58:10.42286Z,KXBTC15M-26OCT050100-00,0.0510,2.00,yes
2026-10-05T04:58:10.42286Z,KXBTC15M-26OCT050100-00,0.0510,2.00,yes
2026-10-05T04:58:10.42286Z,KXBTC15M-26OCT050100-00,0.0510,26.61,yes
2026-10-05T04:58:10.507617Z,KXBTC15M-26OCT050100-00,0.0510,100.00,yes
2026-10-05T04:58:10.543663Z,KXBTC15M-26OCT050100-00,0.0510,10.00,yes
2026-10-05T04:58:10.543663Z,KXBTC15M-26OCT050100-00,0.0510,20.00,yes
2026-10-05T04:58:10.543663Z,KXBTC15M-26OCT050100-00,0.0510,99.44,yes
2026-10-05T04:58:10.543663Z,KXBTC15M-26OCT050100-00,0.0510,0.01,yes
2026-10-05T04:58:10.543663Z,KXBTC15M-26OCT050100-00,0.0510,97.94,yes
2026-10-05T04:58:10.543663Z,KXBTC15M-26OCT050100-00,0.0510,0.01,yes
2026-10-05T04:58:10.543663Z,KXBTC15M-26OCT050100-00,0.0510,100.00,yes
2026-10-05T04:58:10.585111Z,KXBTC15M-26OCT050100-00,0.0510,0.01,yes
2026-10-05T04:58:10.585111Z,KXBTC15M-26OCT050100-00,0.0510,21.00,yes
2026-10-05T04:58:10.585111Z,KXBTC15M-26OCT050100-00,0.0510,100.00,yes
2026-10-05T04:58:10.585111Z,KXBTC15M-26OCT050100-00,0.0510,37.99,yes
2026-10-05T04:58:10.585111Z,KXBTC15M-26OCT050100-00,0.0510,0.01,yes
2026-10-05T04:58:10.591499Z,KXBTC15M-26OCT050100-00,0.0510,328.31,yes
2026-10-05T04:58:10.601887Z,KXBTC15M-26OCT050100-00,0.0510,3.52,yes
2026-10-05T04:58:10.601887Z,KXBTC15M-26OCT050100-00,0.0510,33.70,yes
2026-10-05T04:58:10.602308Z,KXBTC15M-26OCT050100-00,0.0500,12.88,no
2026-10-05T04:58:10.634747Z,KXBTC15M-26OCT050100-00,0.0500,0.25,no
2026-10-05T04:58:10.634747Z,KXBTC15M-26OCT050100-00,0.0500,1.12,no
2026-10-05T04:58:10.634747Z,KXBTC15M-26OCT050100-00,0.0500,55.55,no
2026-10-05T04:58:10.634747Z,KXBTC15M-26OCT050100-00,0.0500,138.08,no
2026-10-05T04:58:10.651797Z,KXBTC15M-26OCT050100-00,0.0510,0.01,yes
2026-10-05T04:58:10.651797Z,KXBTC15M-26OCT050100-00,0.0510,0.01,yes
2026-10-05T04:58:10.651797Z,KXBTC15M-26OCT050100-00,0.0510,42.97,yes
2026-10-05T04:58:10.651797Z,KXBTC15M-26OCT050100-00,0.0510,45.48,yes
2026-10-05T04:58:10.692864Z,KXBTC15M-26OCT050100-00,0.0510,79.04,yes
2026-10-05T04:58:10.76291Z,KXBTC15M-26OCT050100-00,0.0510,83.00,yes
2026-10-05T04:58:10.76291Z,KXBTC15M-26OCT050100-00,0.0510,0.01,yes
2026-10-05T04:58:10.76291Z,KXBTC15M-26OCT050100-00,0.0510,2.00,yes
2026-10-05T04:58:10.76291Z,KXBTC15M-26OCT050100-00,0.0510,0.96,yes
2026-10-05T04:58:10.76291Z,KXBTC15M-26OCT050100-00,0.0510,0.01,yes
2026-10-05T04:58:10.76291Z,KXBTC15M-26OCT050100-00,0.0510,77.22,yes
2026-10-05T04:58:10.76291Z,KXBTC15M-26OCT050100-00,0.0510,17.00,yes
2026-10-05T04:58:10.76291Z,KXBTC15M-26OCT050100-00,0.0510,2.00,yes
2026-10-05T04:58:10.76291Z,KXBTC15M-26OCT050100-00,0.0510,200.00,yes
2026-10-05T04:58:10.76291Z,KXBTC15M-26OCT050100-00,0.0510,146.80,yes
2026-10-05T04:58:10.766392Z,KXBTC15M-26OCT050100-00,0.0510,13.99,yes
2026-10-05T04:58:10.766392Z,KXBTC15M-26OCT050100-00,0.0510,22.78,yes
2026-10-05T04:58:10.775588Z,KXBTC15M-26OCT050100-00,0.0500,839.16,no
2026-10-05T04:58:10.792318Z,KXBTC15M-26OCT050100-00,0.0500,103.08,no
2026-10-05T04:58:10.874893Z,KXBTC15M-26OCT050100-00,0.0510,0.01,yes
2026-10-05T04:58:10.874893Z,KXBTC15M-26OCT050100-00,0.0510,47.88,yes
2026-10-05T04:58:10.874893Z,KXBTC15M-26OCT050100-00,0.0510,28.00,yes
2026-10-05T04:58:10.874893Z,KXBTC15M-26OCT050100-00,0.0510,0.01,yes
2026-10-05T04:58:10.894653Z,KXBTC15M-26OCT050100-00,0.0500,10.86,no
2026-10-05T04:58:10.9241Z,KXBTC15M-26OCT050100-00,0.0500,52.44,no
2026-10-05T04:58:10.951507Z,KXBTC15M-26OCT050100-00,0.0500,52.00,no
2026-10-05T04:58:10.960669Z,KXBTC15M-26OCT050100-00,0.0500,13.00,no
2026-10-05T04:58:10.960826Z,KXBTC15M-26OCT050100-00,0.0500,41.00,no
2026-10-05T04:58:10.980403Z,KXBTC15M-26OCT050100-00,0.0510,36.77,yes
2026-10-05T04:58:11.021809Z,KXBTC15M-26OCT050100-00,0.0510,25.11,yes
2026-10-05T04:58:11.021809Z,KXBTC15M-26OCT050100-00,0.0510,55.35,yes
2026-10-05T04:58:11.035532Z,KXBTC15M-26OCT050100-00,0.0500,4.00,no
2026-10-05T04:58:11.05813Z,KXBTC15M-26OCT050100-00,0.0500,10.62,no
2026-10-05T04:58:11.058327Z,KXBTC15M-26OCT050100-00,0.0500,64.69,no
2026-10-05T04:58:11.058491Z,KXBTC15M-26OCT050100-00,0.0500,1000.00,no
2026-10-05T04:58:11.0584Z,KXBTC15M-26OCT050100-00,0.0500,64.69,no
2026-10-05T04:58:11.064755Z,KXBTC15M-26OCT050100-00,0.0500,64.69,no
2026-10-05T04:58:11.064874Z,KXBTC15M-26OCT050100-00,0.0500,64.69,no
2026-10-05T04:58:11.070092Z,KXBTC15M-26OCT050100-00,0.0500,64.75,no
2026-10-05T04:58:11.074043Z,KXBTC15M-26OCT050100-00,0.0500,62.42,no
2026-10-05T04:58:11.089651Z,KXBTC15M-26OCT050100-00,0.0510,109.00,yes
2026-10-05T04:58:11.090311Z,KXBTC15M-26OCT050100-00,0.0510,58.00,yes
2026-10-05T04:58:11.090927Z,KXBTC15M-26OCT050100-00,0.0510,7.89,yes
2026-10-05T04:58:11.090927Z,KXBTC15M-26OCT050100-00,0.0510,63.51,yes
2026-10-05T04:58:11.110345Z,KXBTC15M-26OCT050100-00,0.0510,30.75,yes
2026-10-05T04:58:11.1338Z,KXBTC15M-26OCT050100-00,0.0510,5.74,yes
2026-10-05T04:58:11.1338Z,KXBTC15M-26OCT050100-00,0.0510,2.00,yes
2026-10-05T04:58:11.1338Z,KXBTC15M-26OCT050100-00,0.0510,2.00,yes
2026-10-05T04:58:11.1338Z,KXBTC15M-26OCT050100-00,0.0510,12.56,yes
2026-10-05T04:58:11.140332Z,KXBTC15M-26OCT050100-00,0.0510,36.04,yes
2026-10-05T04:58:11.163824Z,KXBTC15M-26OCT050100-00,0.0450,28.94,no
2026-10-05T04:58:11.163824Z,KXBTC15M-26OCT050100-00,0.0500,0.01,no
2026-10-05T04:58:11.163824Z,KXBTC15M-26OCT050100-00,0.0400,169.40,no
2026-10-05T04:58:11.163824Z,KXBTC15M-26OCT050100-00,0.0420,9.00,no
2026-10-05T04:58:11.163824Z,KXBTC15M-26OCT050100-00,0.0410,330.00,no
2026-10-05T04:58:11.163824Z,KXBTC15M-26OCT050100-00,0.0410,165.00,no
2026-10-05T04:58:11.163824Z,KXBTC15M-26OCT050100-00,0.0500,0.01,no
2026-10-05T04:58:11.163824Z,KXBTC15M-26OCT050100-00,0.0500,0.05,no
2026-10-05T04:58:11.163824Z,KXBTC15M-26OCT050100-00,0.0400,250.00,no
2026-10-05T04:58:11.163824Z,KXBTC15M-26OCT050100-00,0.0500,349.83,no
2026-10-05T04:58:11.163824Z,KXBTC15M-26OCT050100-00,0.0500,1.08,no
2026-10-05T04:58:11.163824Z,KXBTC15M-26OCT050100-00,0.0500,100.00,no
2026-10-05T04:58:11.163824Z,KXBTC15M-26OCT050100-00,0.0500,22.53,no
2026-10-05T04:58:11.163824Z,KXBTC15M-26OCT050100-00,0.0400,5.34,no
2026-10-05T04:58:11.163824Z,KXBTC15M-26OCT050100-00,0.0500,66.00,no
2026-10-05T04:58:11.163824Z,KXBTC15M-26OCT050100-00,0.0400,64.81,no
2026-10-05T04:58:11.171023Z,KXBTC15M-26OCT050100-00,0.0410,64.91,no
2026-10-05T04:58:11.174069Z,KXBTC15M-26OCT050100-00,0.0420,1.00,no
2026-10-05T04:58:11.239665Z,KXBTC15M-26OCT050100-00,0.0360,17.00,yes
2026-10-05T04:58:11.239665Z,KXBTC15M-26OCT050100-00,0.0360,0.01,yes
2026-10-05T04:58:11.239665Z,KXBTC15M-26OCT050100-00,0.0360,10.00,yes
2026-10-05T04:58:11.239665Z,KXBTC15M-26OCT050100-00,0.0360,83.30,yes
2026-10-05T04:58:11.239808Z,KXBTC15M-26OCT050100-00,0.0360,3.29,yes
2026-10-05T04:58:11.239808Z,KXBTC15M-26OCT050100-00,0.0360,0.01,yes
2026-10-05T04:58:11.239808Z,KXBTC15M-26OCT050100-00,0.0360,16.70,yes
2026-10-05T04:58:11.272329Z,KXBTC15M-26OCT050100-00,0.0360,5.39,yes
2026-10-05T04:58:11.335529Z,KXBTC15M-26OCT050100-00,0.0360,1.00,yes
2026-10-05T04:58:11.344816Z,KXBTC15M-26OCT050100-00,0.0360,5.26,yes
2026-10-05T04:58:11.403036Z,KXBTC15M-26OCT050100-00,0.0360,393.74,yes
2026-10-05T04:58:11.403036Z,KXBTC15M-26OCT050100-00,0.0360,3.81,yes
2026-10-05T04:58:11.409571Z,KXBTC15M-26OCT050100-00,0.0360,3.80,yes
2026-10-05T04:58:11.409571Z,KXBTC15M-26OCT050100-00,0.0360,0.01,yes
2026-10-05T04:58:11.409571Z,KXBTC15M-26OCT050100-00,0.0360,96.19,yes
2026-10-05T04:58:11.415605Z,KXBTC15M-26OCT050100-00,0.0360,2.20,yes
2026-10-05T04:58:11.415605Z,KXBTC15M-26OCT050100-00,0.0360,56.14,yes
2026-10-05T04:58:11.416416Z,KXBTC15M-26OCT050100-00,0.0360,18.38,yes
2026-10-05T04:58:11.443406Z,KXBTC15M-26OCT050100-00,0.0360,2.02,yes
2026-10-05T04:58:11.443406Z,KXBTC15M-26OCT050100-00,0.0360,0.01,yes
2026-10-05T04:58:11.453876Z,KXBTC15M-26OCT050100-00,0.0360,58.00,yes
2026-10-05T04:58:11.498528Z,KXBTC15M-26OCT050100-00,0.0350,0.01,no
2026-10-05T04:58:11.498528Z,KXBTC15M-26OCT050100-00,0.0350,25.32,no
2026-10-05T04:58:11.498528Z,KXBTC15M-26OCT050100-00,0.0350,0.01,no
2026-10-05T04:58:11.503558Z,KXBTC15M-26OCT050100-00,0.0350,1.00,no
2026-10-05T04:58:11.509738Z,KXBTC15M-26OCT050100-00,0.0360,23.99,yes
2026-10-05T04:58:11.516121Z,KXBTC15M-26OCT050100-00,0.0350,51.00,no
2026-10-05T04:58:11.605415Z,KXBTC15M-26OCT050100-00,0.0350,168.49,no
2026-10-05T04:58:11.632117Z,KXBTC15M-26OCT050100-00,0.0360,0.01,yes
2026-10-05T04:58:11.632117Z,KXBTC15M-26OCT050100-00,0.0360,15.99,yes
2026-10-05T04:58:11.632117Z,KXBTC15M-26OCT050100-00,0.0360,34.33,yes
2026-10-05T04:58:11.688295Z,KXBTC15M-26OCT050100-00,0.0360,2.60,yes
2026-10-05T04:58:11.691814Z,KXBTC15M-26OCT050100-00,0.0350,6.00,no
2026-10-05T04:58:11.702909Z,KXBTC15M-26OCT050100-00,0.0360,13.01,yes
2026-10-05T04:58:11.706526Z,KXBTC15M-26OCT050100-00,0.0360,52.04,yes
2026-10-05T04:58:11.70794Z,KXBTC15M-26OCT050100-00,0.0360,10.84,yes
2026-10-05T04:58:11.737795Z,KXBTC15M-26OCT050100-00,0.0360,112.00,yes
2026-10-05T04:58:11.739744Z,KXBTC15M-26OCT050100-00,0.0360,1.10,yes
2026-10-05T04:58:11.772286Z,KXBTC15M-26OCT050100-00,0.0360,2.00,yes
2026-10-05T04:58:11.790659Z,KXBTC15M-26OCT050100-00,0.0360,6.23,yes
2026-10-05T04:58:11.80616Z,KXBTC15M-26OCT050100-00,0.0360,52.04,yes
2026-10-05T04:58:11.809039Z,KXBTC15M-26OCT050100-00,0.0360,0.01,yes
2026-10-05T04:58:11.809039Z,KXBTC15M-26OCT050100-00,0.0360,100.00,yes
2026-10-05T04:58:11.809039Z,KXBTC15M-26OCT050100-00,0.0360,113.81,yes
2026-10-05T04:58:11.809039Z,KXBTC15M-26OCT050100-00,0.0360,22.10,yes
2026-10-05T04:58:11.809039Z,KXBTC15M-26OCT050100-00,0.0360,0.01,yes
2026-10-05T04:58:11.809039Z,KXBTC15M-26OCT050100-00,0.0360,21.02,yes
2026-10-05T04:58:11.829589Z,KXBTC15M-26OCT050100-00,0.0360,0.01,yes
2026-10-05T04:58:11.829589Z,KXBTC15M-26OCT050100-00,0.0360,0.01,yes
2026-10-05T04:58:11.829589Z,KXBTC15M-26OCT050100-00,0.0360,100.00,yes
2026-10-05T04:58:11.829589Z,KXBTC15M-26OCT050100-00,0.0360,73.95,yes
2026-10-05T04:58:11.871391Z,KXBTC15M-26OCT050100-00,0.0350,34.06,no
2026-10-05T04:58:11.894067Z,KXBTC15M-26OCT050100-00,0.0350,0.02,no
2026-10-05T04:58:11.895159Z,KXBTC15M-26OCT050100-00,0.0360,3.19,yes
2026-10-05T04:58:11.895159Z,KXBTC15M-26OCT050100-00,0.0360,0.01,yes
2026-10-05T04:58:11.913077Z,KXBTC15M-26OCT050100-00,0.0340,1047.00,no
2026-10-05T04:58:11.913077Z,KXBTC15M-26OCT050100-00,0.0350,1.00,no
2026-10-05T04:58:11.913077Z,KXBTC15M-26OCT050100-00,0.0330,2.00,no
2026-10-05T04:58:11.913077Z,KXBTC15M-26OCT050100-00,0.0350,500.00,no
2026-10-05T04:58:11.913077Z,KXBTC15M-26OCT050100-00,0.0350,500.00,no
2026-10-05T04:58:11.913077Z,KXBTC15M-26OCT050100-00,0.0350,2.00,no
2026-10-05T04:58:11.913077Z,KXBTC15M-26OCT050100-00,0.0350,0.01,no
2026-10-05T04:58:11.913077Z,KXBTC15M-26OCT050100-00,0.0350,206.86,no
2026-10-05T04:58:11.913077Z,KXBTC15M-26OCT050100-00,0.0340,2.00,no
2026-10-05T04:58:11.913077Z,KXBTC15M-26OCT050100-00,0.0350,0.01,no
2026-10-05T04:58:11.913077Z,KXBTC15M-26OCT050100-00,0.0330,223.00,no
2026-10-05T04:58:11.913077Z,KXBTC15M-26OCT050100-00,0.0320,7.12,no
2026-10-05T04:58:12.081467Z,KXBTC15M-26OCT050100-00,0.0340,30.77,yes
2026-10-05T04:58:12.086514Z,KXBTC15M-26OCT050100-00,0.0340,52.04,yes
2026-10-05T04:58:12.096743Z,KXBTC15M-26OCT050100-00,0.0340,11.00,yes
2026-10-05T04:58:12.096743Z,KXBTC15M-26OCT050100-00,0.0340,67.19,yes
2026-10-05T04:58:12.096743Z,KXBTC15M-26OCT050100-00,0.0340,16.67,yes
2026-10-05T04:58:12.09715Z,KXBTC15M-26OCT050100-00,0.0310,10.00,no
2026-10-05T04:58:12.09715Z,KXBTC15M-26OCT050100-00,0.0320,2.00,no
2026-10-05T04:58:12.09715Z,KXBTC15M-26OCT050100-00,0.0330,215.41,no
2026-10-05T04:58:12.09715Z,KXBTC15M-26OCT050100-00,0.0310,2.00,no
2026-10-05T04:58:12.09715Z,KXBTC15M-26OCT050100-00,0.0330,2.00,no
2026-10-05T04:58:12.09715Z,KXBTC15M-26OCT050100-00,0.0320,2.00,no
2026-10-05T04:58:12.09715Z,KXBTC15M-26OCT050100-00,0.0330,0.01,no
2026-10-05T04:58:12.09715Z,KXBTC15M-26OCT050100-00,0.0310,2.00,no
2026-10-05T04:58:12.09715Z,KXBTC15M-26OCT050100-00,0.0330,0.01,no
2026-10-05T04:58:12.09715Z,KXBTC15M-26OCT050100-00,0.0320,2.88,no
2026-10-05T04:58:12.09715Z,KXBTC15M-26OCT050100-00,0.0300,7.12,no
2026-10-05T04:58:12.09715Z,KXBTC15M-26OCT050100-00,0.0300,260.00,no
2026-10-05T04:58:12.09715Z,KXBTC15M-26OCT050100-00,0.0300,1.00,no
2026-10-05T04:58:12.106907Z,KXBTC15M-26OCT050100-00,0.0330,120.32,yes
2026-10-05T04:58:12.106907Z,KXBTC15M-26OCT050100-00,0.0330,150.00,yes
2026-10-05T04:58:12.113031Z,KXBTC15M-26OCT050100-00,0.0330,13.12,yes
2026-10-05T04:58:12.113031Z,KXBTC15M-26OCT050100-00,0.0330,29.68,yes
2026-10-05T04:58:12.115497Z,KXBTC15M-26OCT050100-00,0.0330,44.10,yes
2026-10-05T04:58:12.115497Z,KXBTC15M-26OCT050100-00,0.0330,0.01,yes
2026-10-05T04:58:12.115497Z,KXBTC15M-26OCT050100-00,0.0330,3.88,yes
2026-10-05T04:58:12.115497Z,KXBTC15M-26OCT050100-00,0.0330,0.01,yes
2026-10-05T04:58:12.115497Z,KXBTC15M-26OCT050100-00,0.0330,11.00,yes
2026-10-05T04:58:12.148522Z,KXBTC15M-26OCT050100-00,0.0330,5.56,yes
2026-10-05T04:58:12.160317Z,KXBTC15M-26OCT050100-00,0.0320,117.82,no
2026-10-05T04:58:12.160317Z,KXBTC15M-26OCT050100-00,0.0320,0.01,no
2026-10-05T04:58:12.160317Z,KXBTC15M-26OCT050100-00,0.0320,0.01,no
2026-10-05T04:58:12.160317Z,KXBTC15M-26OCT050100-00,0.0320,388.60,no
2026-10-05T04:58:12.190806Z,KXBTC15M-26OCT050100-00,0.0330,10.44,yes
2026-10-05T04:58:12.210104Z,KXBTC15M-26OCT050100-00,0.0330,30.96,yes
2026-10-05T04:58:12.214599Z,KXBTC15M-26OCT050100-00,0.0330,3.21,yes
2026-10-05T04:58:12.222653Z,KXBTC15M-26OCT050100-00,0.0330,4.59,yes
2026-10-05T04:58:12.224894Z,KXBTC15M-26OCT050100-00,0.0330,1.14,yes
2026-10-05T04:58:12.224894Z,KXBTC15M-26OCT050100-00,0.0330,51.49,yes
2026-10-05T04:58:12.236569Z,KXBTC15M-26OCT050100-00,0.0330,110.00,yes
2026-10-05T04:58:12.263654Z,KXBTC15M-26OCT050100-00,0.0330,11.10,yes
2026-10-05T04:58:12.297212Z,KXBTC15M-26OCT050100-00,0.0330,16.01,yes
2026-10-05T04:58:12.318239Z,KXBTC15M-26OCT050100-00,0.0330,52.04,yes
2026-10-05T04:58:12.338668Z,KXBTC15M-26OCT050100-00,0.0330,39.52,yes
2026-10-05T04:58:12.338668Z,KXBTC15M-26OCT050100-00,0.0330,159.36,yes
2026-10-05T04:58:12.36563Z,KXBTC15M-26OCT050100-00,0.0330,13.55,yes
2026-10-05T04:58:12.378975Z,KXBTC15M-26OCT050100-00,0.0330,0.01,yes
2026-10-05T04:58:12.378975Z,KXBTC15M-26OCT050100-00,0.0330,146.93,yes
2026-10-05T04:58:12.378975Z,KXBTC15M-26OCT050100-00,0.0330,0.01,yes
2026-10-05T04:58:12.378975Z,KXBTC15M-26OCT050100-00,0.0330,39.96,yes
2026-10-05T04:58:12.378975Z,KXBTC15M-26OCT050100-00,0.0330,58.99,yes
2026-10-05T04:58:12.417399Z,KXBTC15M-26OCT050100-00,0.0320,10.12,no
2026-10-05T04:58:12.441391Z,KXBTC15M-26OCT050100-00,0.0330,128.24,yes
2026-10-05T04:58:12.48313Z,KXBTC15M-26OCT050100-00,0.0320,0.01,no
2026-10-05T04:58:12.48313Z,KXBTC15M-26OCT050100-00,0.0320,288.44,no
2026-10-05T04:58:12.48313Z,KXBTC15M-26OCT050100-00,0.0320,372.06,no
2026-10-05T04:58:12.549181Z,KXBTC15M-26OCT050100-00,0.0330,5.37,yes
2026-10-05T04:58:12.558664Z,KXBTC15M-26OCT050100-00,0.0330,15.72,yes
2026-10-05T04:58:12.563275Z,KXBTC15M-26OCT050100-00,0.0320,25.26,no
2026-10-05T04:58:12.563275Z,KXBTC15M-26OCT050100-00,0.0320,0.01,no
2026-10-05T04:58:12.585361Z,KXBTC15M-26OCT050100-00,0.0330,21.53,yes
2026-10-05T04:58:12.592365Z,KXBTC15M-26OCT050100-00,0.0330,6.47,yes
2026-10-05T04:58:12.594268Z,KXBTC15M-26OCT050100-00,0.0330,22.00,yes
2026-10-05T04:58:12.615175Z,KXBTC15M-26OCT050100-00,0.0330,2.83,yes
2026-10-05T04:58:12.617425Z,KXBTC15M-26OCT050100-00,0.0330,5.39,yes
2026-10-05T04:58:12.62961Z,KXBTC15M-26OCT050100-00,0.0330,146.38,yes
2026-10-05T04:58:12.637444Z,KXBTC15M-26OCT050100-00,0.0330,0.01,yes
2026-10-05T04:58:12.637444Z,KXBTC15M-26OCT050100-00,0.0330,46.07,yes
2026-10-05T04:58:12.637444Z,KXBTC15M-26OCT050100-00,0.0330,0.01,yes
2026-10-05T04:58:12.637444Z,KXBTC15M-26OCT050100-00,0.0330,36.55,yes
2026-10-05T04:58:12.669604Z,KXBTC15M-26OCT050100-00,0.0320,0.01,no
2026-10-05T04:58:12.669604Z,KXBTC15M-26OCT050100-00,0.0310,7.98,no
2026-10-05T04:58:12.669604Z,KXBTC15M-26OCT050100-00,0.0320,0.01,no
2026-10-05T04:58:12.67964Z,KXBTC15M-26OCT050100-00,0.0320,2.09,yes
2026-10-05T04:58:12.74295Z,KXBTC15M-26OCT050100-00,0.0320,9.09,yes
2026-10-05T04:58:12.74295Z,KXBTC15M-26OCT050100-00,0.0320,147.91,yes
2026-10-05T04:58:12.761566Z,KXBTC15M-26OCT050100-00,0.0310,10.00,no
2026-10-05T04:58:12.762887Z,KXBTC15M-26OCT050100-00,0.0320,64.86,yes
2026-10-05T04:58:12.765654Z,KXBTC15M-26OCT050100-00,0.0310,20.00,no
2026-10-05T04:58:12.782921Z,KXBTC15M-26OCT050100-00,0.0320,14.19,yes
2026-10-05T04:58:12.783683Z,KXBTC15M-26OCT050100-00,0.0320,61.86,yes
2026-10-05T04:58:12.783683Z,KXBTC15M-26OCT050100-00,0.0320,0.01,yes
2026-10-05T04:58:12.783683Z,KXBTC15M-26OCT050100-00,0.0320,17.00,yes
2026-10-05T04:58:12.783683Z,KXBTC15M-26OCT050100-00,0.0320,249.77,yes
2026-10-05T04:58:12.799032Z,KXBTC15M-26OCT050100-00,0.0320,28.38,yes
2026-10-05T04:58:12.819826Z,KXBTC15M-26OCT050100-00,0.0310,0.01,no
2026-10-05T04:58:12.819826Z,KXBTC15M-26OCT050100-00,0.0310,0.01,no
2026-10-05T04:58:12.819826Z,KXBTC15M-26OCT050100-00,0.0300,13.75,no
2026-10-05T04:58:12.819826Z,KXBTC15M-26OCT050100-00,0.0300,1.00,no
2026-10-05T04:58:12.819826Z,KXBTC15M-26OCT050100-00,0.0300,85.22,no
2026-10-05T04:58:12.836973Z,KXBTC15M-26OCT050100-00,0.0310,131.38,yes
2026-10-05T04:58:12.839805Z,KXBTC15M-26OCT050100-00,0.0310,115.38,yes
2026-10-05T04:58:12.839805Z,KXBTC15M-26OCT050100-00,0.0310,17.00,yes
2026-10-05T04:58:12.839805Z,KXBTC15M-26OCT050100-00,0.0310,18.62,yes
2026-10-05T04:58:12.902414Z,KXBTC15M-26OCT050100-00,0.0310,0.01,yes
2026-10-05T04:58:12.902414Z,KXBTC15M-26OCT050100-00,0.0310,0.01,yes
2026-10-05T04:58:12.902414Z,KXBTC15M-26OCT050100-00,0.0310,28.45,yes
2026-10-05T04:58:12.902414Z,KXBTC15M-26OCT050100-00,0.0310,34.62,yes
2026-10-05T04:58:12.923106Z,KXBTC15M-26OCT050100-00,0.0310,0.01,yes
2026-10-05T04:58:12.923106Z,KXBTC15M-26OCT050100-00,0.0320,0.01,yes
2026-10-05T04:58:12.923106Z,KXBTC15M-26OCT050100-00,0.0320,200.00,yes
2026-10-05T04:58:12.923106Z,KXBTC15M-26OCT050100-00,0.0340,161.00,yes
2026-10-05T04:58:12.923106Z,KXBTC15M-26OCT050100-00,0.0340,42.00,yes
2026-10-05T04:58:12.923106Z,KXBTC15M-26OCT050100-00,0.0330,17.00,yes
2026-10-05T04:58:12.923106Z,KXBTC15M-26OCT050100-00,0.0340,11.00,yes
2026-10-05T04:58:12.923106Z,KXBTC15M-26OCT050100-00,0.0310,400.00,yes
2026-10-05T04:58:12.923106Z,KXBTC15M-26OCT050100-00,0.0310,100.00,yes
2026-10-05T04:58:12.923106Z,KXBTC15M-26OCT050100-00,0.0310,171.55,yes
2026-10-05T04:58:12.923106Z,KXBTC15M-26OCT050100-00,0.0320,0.01,yes
2026-10-05T04:58:12.923106Z,KXBTC15M-26OCT050100-00,0.0310,0.01,yes
2026-10-05T04:58:12.923106Z,KXBTC15M-26OCT050100-00,0.0320,186.72,yes
2026-10-05T04:58:12.923106Z,KXBTC15M-26OCT050100-00,0.0350,1955.82,yes
2026-10-05T04:58:12.924426Z,KXBTC15M-26OCT050100-00,0.0350,5.57,yes
2026-10-05T04:58:12.928848Z,KXBTC15M-26OCT050100-00,0.0310,65.00,yes
2026-10-05T04:58:12.991978Z,KXBTC15M-26OCT050100-00,0.0310,5.61,yes
2026-10-05T04:58:12.991978Z,KXBTC15M-26OCT050100-00,0.0310,5.00,yes
2026-10-05T04:58:13.015254Z,KXBTC15M-26OCT050100-00,0.0310,200.00,yes
2026-10-05T04:58:13.048296Z,KXBTC15M-26OCT050100-00,0.0300,1.02,no
2026-10-05T04:58:13.059413Z,KXBTC15M-26OCT050100-00,0.0310,15.01,yes
2026-10-05T04:58:13.086873Z,KXBTC15M-26OCT050100-00,0.0310,110.78,yes
2026-10-05T04:58:13.100811Z,KXBTC15M-26OCT050100-00,0.0310,38.61,yes
2026-10-05T04:58:13.128546Z,KXBTC15M-26OCT050100-00,0.0300,113.76,no
2026-10-05T04:58:13.128546Z,KXBTC15M-26OCT050100-00,0.0300,135.26,no
2026-10-05T04:58:13.154275Z,KXBTC15M-26OCT050100-00,0.0300,2.50,no
2026-10-05T04:58:13.154275Z,KXBTC15M-26OCT050100-00,0.0300,64.74,no
2026-10-05T04:58:13.154275Z,KXBTC15M-26OCT050100-00,0.0300,6.66,no
2026-10-05T04:58:13.154275Z,KXBTC15M-26OCT050100-00,0.0300,25.00,no
2026-10-05T04:58:13.17024Z,KXBTC15M-26OCT050100-00,0.0310,6.37,yes
2026-10-05T04:58:13.239738Z,KXBTC15M-26OCT050100-00,0.0310,2.52,yes
2026-10-05T04:58:13.246961Z,KXBTC15M-26OCT050100-00,0.0310,26.71,yes
2026-10-05T04:58:13.246961Z,KXBTC15M-26OCT050100-00,0.0340,11.00,yes
2026-10-05T04:58:13.246961Z,KXBTC15M-26OCT050100-00,0.0340,17.00,yes
2026-10-05T04:58:13.246961Z,KXBTC15M-26OCT050100-00,0.0310,277.61,yes
2026-10-05T04:58:13.246961Z,KXBTC15M-26OCT050100-00,0.0340,7.00,yes
2026-10-05T04:58:13.246961Z,KXBTC15M-26OCT050100-00,0.0310,100.00,yes
2026-10-05T04:58:13.246961Z,KXBTC15M-26OCT050100-00,0.0340,7.00,yes
2026-10-05T04:58:13.261775Z,KXBTC15M-26OCT050100-00,0.0310,128.58,no
2026-10-05T04:58:13.273541Z,KXBTC15M-26OCT050100-00,0.0310,85.00,no
2026-10-05T04:58:13.273541Z,KXBTC15M-26OCT050100-00,0.0310,150.00,no
2026-10-05T04:58:13.273541Z,KXBTC15M-26OCT050100-00,0.0310,150.00,no
2026-10-05T04:58:13.273541Z,KXBTC15M-26OCT050100-00,0.0310,0.01,no
2026-10-05T04:58:13.273541Z,KXBTC15M-26OCT050100-00,0.0310,150.00,no
2026-10-05T04:58:13.273541Z,KXBTC15M-26OCT050100-00,0.0310,149.33,no
2026-10-05T04:58:13.273541Z,KXBTC15M-26OCT050100-00,0.0310,0.01,no
2026-10-05T04:58:13.273541Z,KXBTC15M-26OCT050100-00,0.0310,150.00,no
2026-10-05T04:58:13.273541Z,KXBTC15M-26OCT050100-00,0.0310,21.42,no
2026-10-05T04:58:13.282151Z,KXBTC15M-26OCT050100-00,0.0340,1.05,yes
2026-10-05T04:58:13.282151Z,KXBTC15M-26OCT050100-00,0.0350,17.00,yes
2026-10-05T04:58:13.282151Z,KXBTC15M-26OCT050100-00,0.0350,15.00,yes
2026-10-05T04:58:13.282151Z,KXBTC15M-26OCT050100-00,0.0340,1.00,yes
2026-10-05T04:58:13.282151Z,KXBTC15M-26OCT050100-00,0.0350,84.00,yes
2026-10-05T04:58:13.282151Z,KXBTC15M-26OCT050100-00,0.0340,0.01,yes
2026-10-05T04:58:13.282151Z,KXBTC15M-26OCT050100-00,0.0350,2.00,yes
2026-10-05T04:58:13.282151Z,KXBTC15M-26OCT050100-00,0.0350,67.84,yes
2026-10-05T04:58:13.282151Z,KXBTC15M-26OCT050100-00,0.0340,100.00,yes
2026-10-05T04:58:13.282151Z,KXBTC15M-26OCT050100-00,0.0340,400.00,yes
2026-10-05T04:58:13.282151Z,KXBTC15M-26OCT050100-00,0.0340,0.01,yes
2026-10-05T04:58:13.297746Z,KXBTC15M-26OCT050100-00,0.0320,60.00,no
2026-10-05T04:58:13.298703Z,KXBTC15M-26OCT050100-00,0.0320,75.00,no
2026-10-05T04:58:13.323518Z,KXBTC15M-26OCT050100-00,0.0320,5.14,no
2026-10-05T04:58:13.338356Z,KXBTC15M-26OCT050100-00,0.0310,3.36,no
2026-10-05T04:58:13.338356Z,KXBTC15M-26OCT050100-00,0.0320,0.01,no
2026-10-05T04:58:13.338356Z,KXBTC15M-26OCT050100-00,0.0310,0.01,no
2026-10-05T04:58:13.338356Z,KXBTC15M-26OCT050100-00,0.0320,0.01,no
2026-10-05T04:58:13.338356Z,KXBTC15M-26OCT050100-00,0.0310,0.01,no
2026-10-05T04:58:13.368728Z,KXBTC15M-26OCT050100-00,0.0320,18.75,yes
2026-10-05T04:58:13.379847Z,KXBTC15M-26OCT050100-00,0.0320,17.48,yes
2026-10-05T04:58:13.415822Z,KXBTC15M-26OCT050100-00,0.0310,0.01,no
2026-10-05T04:58:13.415822Z,KXBTC15M-26OCT050100-00,0.0310,0.01,no
2026-10-05T04:58:13.447046Z,KXBTC15M-26OCT050100-00,0.0310,74.98,yes
2026-10-05T04:58:13.447046Z,KXBTC15M-26OCT050100-00,0.0310,13.85,yes
2026-10-05T04:58:13.447951Z,KXBTC15M-26OCT050100-00,0.0300,18.27,no
2026-10-05T04:58:13.447951Z,KXBTC15M-26OCT050100-00,0.0300,33.84,no
2026-10-05T04:58:13.447951Z,KXBTC15M-26OCT050100-00,0.0300,13.10,no
2026-10-05T04:58:13.447951Z,KXBTC15M-26OCT050100-00,0.0300,28.64,no
2026-10-05T04:58:13.447951Z,KXBTC15M-26OCT050100-00,0.0300,13.61,no
2026-10-05T04:58:13.447951Z,KXBTC15M-26OCT050100-00,0.0300,0.43,no
2026-10-05T04:58:13.447951Z,KXBTC15M-26OCT050100-00,0.0300,20.70,no
2026-10-05T04:58:13.456669Z,KXBTC15M-26OCT050100-00,0.0300,21.04,no
2026-10-05T04:58:13.463081Z,KXBTC15M-26OCT050100-00,0.0310,85.98,yes
2026-10-05T04:58:13.468517Z,KXBTC15M-26OCT050100-00,0.0310,12.28,yes
2026-10-05T04:58:13.494979Z,KXBTC15M-26OCT050100-00,0.0300,42.17,no
2026-10-05T04:58:13.513035Z,KXBTC15M-26OCT050100-00,0.0300,8.55,no
2026-10-05T04:58:13.5279Z,KXBTC15M-26OCT050100-00,0.0310,1.05,yes
2026-10-05T04:58:13.531145Z,KXBTC15M-26OCT050100-00,0.0310,5.51,yes
2026-10-05T04:58:13.612579Z,KXBTC15M-26OCT050100-00,0.0310,9.63,yes
2026-10-05T04:58:13.633988Z,KXBTC15M-26OCT050100-00,0.0310,3.02,yes
2026-10-05T04:58:13.642386Z,KXBTC15M-26OCT050100-00,0.0310,7.00,yes
2026-10-05T04:58:13.642386Z,KXBTC15M-26OCT050100-00,0.0320,174.66,yes
2026-10-05T04:58:13.642386Z,KXBTC15M-26OCT050100-00,0.0310,0.01,yes
2026-10-05T04:58:13.642386Z,KXBTC15M-26OCT050100-00,0.0310,100.00,yes
2026-10-05T04:58:13.642386Z,KXBTC15M-26OCT050100-00,0.0310,0.01,yes
2026-10-05T04:58:13.642386Z,KXBTC15M-26OCT050100-00,0.0310,17.00,yes
2026-10-05T04:58:13.642386Z,KXBTC15M-26OCT050100-00,0.0310,21.00,yes
2026-10-05T04:58:13.642386Z,KXBTC15M-26OCT050100-00,0.0310,150.00,yes
2026-10-05T04:58:13.642386Z,KXBTC15M-26OCT050100-00,0.0310,150.00,yes
2026-10-05T04:58:13.642386Z,KXBTC15M-26OCT050100-00,0.0310,400.00,yes
2026-10-05T04:58:13.642386Z,KXBTC15M-26OCT050100-00,0.0310,18.68,yes
2026-10-05T04:58:13.730772Z,KXBTC15M-26OCT050100-00,0.0310,42.98,yes
2026-10-05T04:58:13.730772Z,KXBTC15M-26OCT050100-00,0.0310,0.01,yes
2026-10-05T04:58:13.730772Z,KXBTC15M-26OCT050100-00,0.0310,0.01,yes
2026-10-05T04:58:13.753199Z,KXBTC15M-26OCT050100-00,0.0300,10.69,no
2026-10-05T04:58:13.762958Z,KXBTC15M-26OCT050100-00,0.0320,17.00,yes
2026-10-05T04:58:13.762958Z,KXBTC15M-26OCT050100-00,0.0320,0.01,yes
2026-10-05T04:58:13.762958Z,KXBTC15M-26OCT050100-00,0.0320,0.01,yes
2026-10-05T04:58:13.762958Z,KXBTC15M-26OCT050100-00,0.0320,41.98,yes
2026-10-05T04:58:13.777417Z,KXBTC15M-26OCT050100-00,0.0320,168.02,yes
2026-10-05T04:58:13.777417Z,KXBTC15M-26OCT050100-00,0.0320,38.31,yes
2026-10-05T04:58:13.795545Z,KXBTC15M-26OCT050100-00,0.0320,2.20,yes
2026-10-05T04:58:13.844911Z,KXBTC15M-26OCT050100-00,0.0310,4.39,yes
2026-10-05T04:58:13.844911Z,KXBTC15M-26OCT050100-00,0.0310,17.00,yes
2026-10-05T04:58:13.946458Z,KXBTC15M-26OCT050100-00,0.0310,10.00,no
2026-10-05T04:58:13.946458Z,KXBTC15M-26OCT050100-00,0.0310,0.01,no
2026-10-05T04:58:13.946458Z,KXBTC15M-26OCT050100-00,0.0310,0.01,no
2026-10-05T04:58:13.946458Z,KXBTC15M-26OCT050100-00,0.0310,92.85,no
2026-10-05T04:58:14.000437Z,KXBTC15M-26OCT050100-00,0.0310,9.98,no
2026-10-05T04:58:14.000437Z,KXBTC15M-26OCT050100-00,0.0310,0.01,no
2026-10-05T04:58:14.000437Z,KXBTC15M-26OCT050100-00,0.0310,0.01,no
2026-10-05T04:58:14.042483Z,KXBTC15M-26OCT050100-00,0.0300,9.73,no
2026-10-05T04:58:14.042483Z,KXBTC15M-26OCT050100-00,0.0300,6.98,no
2026-10-05T04:58:14.042483Z,KXBTC15M-26OCT050100-00,0.0310,0.01,no
2026-10-05T04:58:14.042483Z,KXBTC15M-26OCT050100-00,0.0310,0.02,no
2026-10-05T04:58:14.042483Z,KXBTC15M-26OCT050100-00,0.0310,0.01,no
2026-10-05T04:58:14.042483Z,KXBTC15M-26OCT050100-00,0.0310,9.98,no
2026-10-05T04:58:14.052445Z,KXBTC15M-26OCT050100-00,0.0310,1.10,yes
2026-10-05T04:58:14.074073Z,KXBTC15M-26OCT050100-00,0.0310,148.90,yes
2026-10-05T04:58:14.074073Z,KXBTC15M-26OCT050100-00,0.0310,150.00,yes
2026-10-05T04:58:14.074073Z,KXBTC15M-26OCT050100-00,0.0310,56.50,yes
2026-10-05T04:58:14.096186Z,KXBTC15M-26OCT050100-00,0.0310,93.50,yes
2026-10-05T04:58:14.096186Z,KXBTC15M-26OCT050100-00,0.0310,0.01,yes
2026-10-05T04:58:14.096186Z,KXBTC15M-26OCT050100-00,0.0310,2.47,yes
2026-10-05T04:58:14.096186Z,KXBTC15M-26OCT050100-00,0.0310,0.01,yes
2026-10-05T04:58:14.10215Z,KXBTC15M-26OCT050100-00,0.0300,11.46,no
2026-10-05T04:58:14.10215Z,KXBTC15M-26OCT050100-00,0.0300,2.38,no
2026-10-05T04:58:14.10215Z,KXBTC15M-26OCT050100-00,0.0300,12.11,no
2026-10-05T04:58:14.108912Z,KXBTC15M-26OCT050100-00,0.0310,0.95,yes
2026-10-05T04:58:14.113326Z,KXBTC15M-26OCT050100-00,0.0310,29.32,yes
2026-10-05T04:58:14.139403Z,KXBTC15M-26OCT050100-00,0.0300,1.00,no
2026-10-05T04:58:14.143767Z,KXBTC15M-26OCT050100-00,0.0300,5.00,no
2026-10-05T04:58:14.143814Z,KXBTC15M-26OCT050100-00,0.0310,0.01,yes
2026-10-05T04:58:14.143814Z,KXBTC15M-26OCT050100-00,0.0310,0.01,yes
2026-10-05T04:58:14.143814Z,KXBTC15M-26OCT050100-00,0.0310,14.98,yes
2026-10-05T04:58:14.165705Z,KXBTC15M-26OCT050100-00,0.0300,14.89,no
2026-10-05T04:58:14.165705Z,KXBTC15M-26OCT050100-00,0.0300,5.11,no
2026-10-05T04:58:14.190206Z,KXBTC15M-26OCT050100-00,0.0310,84.00,yes
2026-10-05T04:58:14.190206Z,KXBTC15M-26OCT050100-00,0.0310,5.00,yes
2026-10-05T04:58:14.190206Z,KXBTC15M-26OCT050100-00,0.0340,2.00,yes
2026-10-05T04:58:14.190206Z,KXBTC15M-26OCT050100-00,0.0310,0.01,yes
2026-10-05T04:58:14.190206Z,KXBTC15M-26OCT050100-00,0.0340,11.00,yes
2026-10-05T04:58:14.190206Z,KXBTC15M-26OCT050100-00,0.0310,400.00,yes
2026-10-05T04:58:14.190206Z,KXBTC15M-26OCT050100-00,0.0310,85.02,yes
2026-10-05T04:58:14.190206Z,KXBTC15M-26OCT050100-00,0.0310,0.01,yes
2026-10-05T04:58:14.190206Z,KXBTC15M-26OCT050100-00,0.0320,159.49,yes
2026-10-05T04:58:14.190206Z,KXBTC15M-26OCT050100-00,0.0340,17.00,yes
2026-10-05T04:58:14.190206Z,KXBTC15M-26OCT050100-00,0.0330,10.00,yes
2026-10-05T04:58:14.190206Z,KXBTC15M-26OCT050100-00,0.0320,17.00,yes
2026-10-05T04:58:14.190206Z,KXBTC15M-26OCT050100-00,0.0350,93.75,yes
2026-10-05T04:58:14.190206Z,KXBTC15M-26OCT050100-00,0.0350,32.61,yes
2026-10-05T04:58:14.190206Z,KXBTC15M-26OCT050100-00,0.0330,195.00,yes
2026-10-05T04:58:14.190206Z,KXBTC15M-26OCT050100-00,0.0350,15.00,yes
2026-10-05T04:58:14.240806Z,KXBTC15M-26OCT050100-00,0.0310,0.01,no
2026-10-05T04:58:14.240806Z,KXBTC15M-26OCT050100-00,0.0310,0.01,no
2026-10-05T04:58:14.240806Z,KXBTC15M-26OCT050100-00,0.0310,4.98,no
2026-10-05T04:58:14.242956Z,KXBTC15M-26OCT050100-00,0.0310,5.00,no
2026-10-05T04:58:14.255286Z,KXBTC15M-26OCT050100-00,0.0320,31.56,yes
2026-10-05T04:58:14.279186Z,KXBTC15M-26OCT050100-00,0.0320,29.26,yes
2026-10-05T04:58:14.362372Z,KXBTC15M-26OCT050100-00,0.0320,59.00,yes
2026-10-05T04:58:14.420199Z,KXBTC15M-26OCT050100-00,0.0310,0.01,no
2026-10-05T04:58:14.420199Z,KXBTC15M-26OCT050100-00,0.0310,4.98,no
2026-10-05T04:58:14.420199Z,KXBTC15M-26OCT050100-00,0.0310,0.01,no
2026-10-05T04:58:14.420199Z,KXBTC15M-26OCT050100-00,0.0310,3.00,no
2026-10-05T04:58:14.461423Z,KXBTC15M-26OCT050100-00,0.0320,24.28,yes
2026-10-05T04:58:14.502236Z,KXBTC15M-26OCT050100-00,0.0320,103.99,yes
2026-10-05T04:58:14.512789Z,KXBTC15M-26OCT050100-00,0.0320,65.07,yes
2026-10-05T04:58:14.532263Z,KXBTC15M-26OCT050100-00,0.0300,1.00,no
2026-10-05T04:58:14.532263Z,KXBTC15M-26OCT050100-00,0.0300,18.93,no
2026-10-05T04:58:14.532263Z,KXBTC15M-26OCT050100-00,0.0300,19.85,no
2026-10-05T04:58:14.532263Z,KXBTC15M-26OCT050100-00,0.0310,0.01,no
2026-10-05T04:58:14.532263Z,KXBTC15M-26OCT050100-00,0.0310,0.01,no
2026-10-05T04:58:14.532263Z,KXBTC15M-26OCT050100-00,0.0310,10.00,no
2026-10-05T04:58:14.535378Z,KXBTC15M-26OCT050100-00,0.0310,2.15,yes
2026-10-05T04:58:14.597126Z,KXBTC15M-26OCT050100-00,0.0300,33.87,no
2026-10-05T04:58:14.597126Z,KXBTC15M-26OCT050100-00,0.0300,1.07,no
2026-10-05T04:58:14.597126Z,KXBTC15M-26OCT050100-00,0.0300,10.00,no
2026-10-05T04:58:14.597126Z,KXBTC15M-26OCT050100-00,0.0300,499.82,no
2026-10-05T04:58:14.597126Z,KXBTC15M-26OCT050100-00,0.0300,50.00,no
2026-10-05T04:58:14.597126Z,KXBTC15M-26OCT050100-00,0.0300,1.00,no
2026-10-05T04:58:14.597126Z,KXBTC15M-26OCT050100-00,0.0300,400.00,no
2026-10-05T04:58:14.597126Z,KXBTC15M-26OCT050100-00,0.0300,33.00,no
2026-10-05T04:58:14.62999Z,KXBTC15M-26OCT050100-00,0.0310,5.48,yes
2026-10-05T04:58:14.644723Z,KXBTC15M-26OCT050100-00,0.0310,1.07,yes
2026-10-05T04:58:14.666848Z,KXBTC15M-26OCT050100-00,0.0310,264.55,yes
2026-10-05T04:58:14.666848Z,KXBTC15M-26OCT050100-00,0.0310,150.00,yes
2026-10-05T04:58:14.666848Z,KXBTC15M-26OCT050100-00,0.0310,141.30,yes
2026-10-05T04:58:14.666848Z,KXBTC15M-26OCT050100-00,0.0310,100.00,yes
2026-10-05T04:58:14.666848Z,KXBTC15M-26OCT050100-00,0.0310,17.00,yes
2026-10-05T04:58:14.666848Z,KXBTC15M-26OCT050100-00,0.0310,0.01,yes
2026-10-05T04:58:14.666848Z,KXBTC15M-26OCT050100-00,0.0310,0.01,yes
2026-10-05T04:58:14.69759Z,KXBTC15M-26OCT050100-00,0.0310,95.33,yes
2026-10-05T04:58:14.69759Z,KXBTC15M-26OCT050100-00,0.0310,0.01,yes
2026-10-05T04:58:14.69759Z,KXBTC15M-26OCT050100-00,0.0310,5.00,yes
2026-10-05T04:58:14.69759Z,KXBTC15M-26OCT050100-00,0.0310,0.01,yes
2026-10-05T04:58:14.709353Z,KXBTC15M-26OCT050100-00,0.0310,80.00,yes
2026-10-05T04:58:14.747638Z,KXBTC15M-26OCT050100-00,0.0300,63.78,no
2026-10-05T04:58:14.762129Z,KXBTC15M-26OCT050100-00,0.0300,19.62,no
2026-10-05T04:58:14.796312Z,KXBTC15M-26OCT050100-00,0.0300,20.00,no
2026-10-05T04:58:14.824143Z,KXBTC15M-26OCT050100-00,0.0310,2.02,yes
2026-10-05T04:58:14.824143Z,KXBTC15M-26OCT050100-00,0.0310,100.00,yes
2026-10-05T04:58:14.824143Z,KXBTC15M-26OCT050100-00,0.0310,49.00,yes
2026-10-05T04:58:14.824143Z,KXBTC15M-26OCT050100-00,0.0310,0.01,yes
2026-10-05T04:58:14.824143Z,KXBTC15M-26OCT050100-00,0.0310,0.01,yes
2026-10-05T04:58:14.839936Z,KXBTC15M-26OCT050100-00,0.0310,198.30,yes
2026-10-05T04:58:14.839936Z,KXBTC15M-26OCT050100-00,0.0310,18.98,yes
2026-10-05T04:58:14.880382Z,KXBTC15M-26OCT050100-00,0.0320,200.00,yes
2026-10-05T04:58:14.880382Z,KXBTC15M-26OCT050100-00,0.0320,220.28,yes
2026-10-05T04:58:14.880382Z,KXBTC15M-26OCT050100-00,0.0320,17.00,yes
2026-10-05T04:58:14.880382Z,KXBTC15M-26OCT050100-00,0.0320,100.00,yes
2026-10-05T04:58:14.8845Z,KXBTC15M-26OCT050100-00,0.0310,0.01,no
2026-10-05T04:58:14.8845Z,KXBTC15M-26OCT050100-00,0.0310,9.98,no
2026-10-05T04:58:14.8845Z,KXBTC15M-26OCT050100-00,0.0310,0.01,no
2026-10-05T04:58:14.903851Z,KXBTC15M-26OCT050100-00,0.0320,59.00,yes
2026-10-05T04:58:14.913427Z,KXBTC15M-26OCT050100-00,0.0320,26.30,yes
2026-10-05T04:58:14.913427Z,KXBTC15M-26OCT050100-00,0.0320,500.00,yes
2026-10-05T04:58:14.913427Z,KXBTC15M-26OCT050100-00,0.0320,120.72,yes
2026-10-05T04:58:14.918966Z,KXBTC15M-26OCT050100-00,0.0310,0.02,no
2026-10-05T04:58:14.918966Z,KXBTC15M-26OCT050100-00,0.0310,0.01,no
2026-10-05T04:58:14.918966Z,KXBTC15M-26OCT050100-00,0.0310,0.01,no
2026-10-05T04:58:14.918966Z,KXBTC15M-26OCT050100-00,0.0310,9.96,no
2026-10-05T04:58:14.938293Z,KXBTC15M-26OCT050100-00,0.0320,42.61,yes
2026-10-05T04:58:14.952964Z,KXBTC15M-26OCT050100-00,0.0320,29.26,yes
2026-10-05T04:58:15.006505Z,KXBTC15M-26OCT050100-00,0.0300,10.98,no
2026-10-05T04:58:15.006505Z,KXBTC15M-26OCT050100-00,0.0310,0.01,no
2026-10-05T04:58:15.006505Z,KXBTC15M-26OCT050100-00,0.0310,7.00,no
2026-10-05T04:58:15.006505Z,KXBTC15M-26OCT050100-00,0.0310,0.01,no
2026-10-05T04:58:15.006505Z,KXBTC15M-26OCT050100-00,0.0310,10.00,no
2026-10-05T04:58:15.065096Z,KXBTC15M-26OCT050100-00,0.0310,0.01,yes
2026-10-05T04:58:15.065096Z,KXBTC15M-26OCT050100-00,0.0310,0.01,yes
2026-10-05T04:58:15.065096Z,KXBTC15M-26OCT050100-00,0.0310,13.98,yes
2026-10-05T04:58:15.065096Z,KXBTC15M-26OCT050100-00,0.0310,100.00,yes
2026-10-05T04:58:15.190892Z,KXBTC15M-26OCT050100-00,0.0310,0.01,yes
2026-10-05T04:58:15.190892Z,KXBTC15M-26OCT050100-00,0.0310,0.01,yes
2026-10-05T04:58:15.190892Z,KXBTC15M-26OCT050100-00,0.0310,58.18,yes
2026-10-05T04:58:15.198296Z,KXBTC15M-26OCT050100-00,0.0300,9.44,no
2026-10-05T04:58:15.272195Z,KXBTC15M-26OCT050100-00,0.0310,117.06,yes
2026-10-05T04:58:15.289005Z,KXBTC15M-26OCT050100-00,0.0310,100.00,yes
2026-10-05T04:58:15.289005Z,KXBTC15M-26OCT050100-00,0.0310,0.01,yes
2026-10-05T04:58:15.289005Z,KXBTC15M-26OCT050100-00,0.0310,0.01,yes
2026-10-05T04:58:15.289005Z,KXBTC15M-26OCT050100-00,0.0310,282.94,yes
2026-10-05T04:58:15.289005Z,KXBTC15M-26OCT050100-00,0.0310,17.04,yes
2026-10-05T04:58:15.332785Z,KXBTC15M-26OCT050100-00,0.0310,11.08,yes
2026-10-05T04:58:15.34273Z,KXBTC15M-26OCT050100-00,0.0310,6.45,yes
2026-10-05T04:58:15.34273Z,KXBTC15M-26OCT050100-00,0.0310,11.88,yes
2026-10-05T04:58:15.406551Z,KXBTC15M-26OCT050100-00,0.0310,88.92,yes
2026-10-05T04:58:15.406551Z,KXBTC15M-26OCT050100-00,0.0310,17.00,yes
2026-10-05T04:58:15.457544Z,KXBTC15M-26OCT050100-00,0.0310,8.59,yes
2026-10-05T04:58:15.457544Z,KXBTC15M-26OCT050100-00,0.0310,11.08,yes
2026-10-05T04:58:15.461654Z,KXBTC15M-26OCT050100-00,0.0310,4.59,yes
2026-10-05T04:58:15.461654Z,KXBTC15M-26OCT050100-00,0.0310,54.41,yes
2026-10-05T04:58:15.475281Z,KXBTC15M-26OCT050100-00,0.0310,15.10,yes
2026-10-05T04:58:15.47699Z,KXBTC15M-26OCT050100-00,0.0310,308.00,yes
2026-10-05T04:58:15.508697Z,KXBTC15M-26OCT050100-00,0.0300,308.63,no
2026-10-05T04:58:15.538239Z,KXBTC15M-26OCT050100-00,0.0320,10.00,yes
2026-10-05T04:58:15.646445Z,KXBTC15M-26OCT050100-00,0.0320,72.47,yes
2026-10-05T04:58:15.672433Z,KXBTC15M-26OCT050100-00,0.0320,12.13,yes
2026-10-05T04:58:15.673103Z,KXBTC15M-26OCT050100-00,0.0310,2.00,no
2026-10-05T04:58:15.673103Z,KXBTC15M-26OCT050100-00,0.0310,10.00,no
2026-10-05T04:58:15.673103Z,KXBTC15M-26OCT050100-00,0.0310,0.01,no
2026-10-05T04:58:15.673103Z,KXBTC15M-26OCT050100-00,0.0310,0.01,no
2026-10-05T04:58:15.683816Z,KXBTC15M-26OCT050100-00,0.0310,15.10,yes
2026-10-05T04:58:15.712534Z,KXBTC15M-26OCT050100-00,0.0310,30.20,yes
2026-10-05T04:58:15.712763Z,KXBTC15M-26OCT050100-00,0.0300,2.05,no
2026-10-05T04:58:15.732618Z,KXBTC15M-26OCT050100-00,0.0310,20.73,yes
2026-10-05T04:58:15.752158Z,KXBTC15M-26OCT050100-00,0.0310,15.24,yes
2026-10-05T04:58:15.824514Z,KXBTC15M-26OCT050100-00,0.0310,11.11,yes
2026-10-05T04:58:15.837429Z,KXBTC15M-26OCT050100-00,0.0310,11.11,yes
2026-10-05T04:58:15.84216Z,KXBTC15M-26OCT050100-00,0.0300,11.42,no
2026-10-05T04:58:15.945601Z,KXBTC15M-26OCT050100-00,0.0300,269.21,no
2026-10-05T04:58:15.961494Z,KXBTC15M-26OCT050100-00,0.0310,7.59,yes
2026-10-05T04:58:15.961494Z,KXBTC15M-26OCT050100-00,0.0310,46.51,yes
2026-10-05T04:58:15.968606Z,KXBTC15M-26OCT050100-00,0.0310,32.80,yes
2026-10-05T04:58:16.014394Z,KXBTC15M-26OCT050100-00,0.0310,109.61,yes
2026-10-05T04:58:16.014394Z,KXBTC15M-26OCT050100-00,0.0310,150.00,yes
2026-10-05T04:58:16.014394Z,KXBTC15M-26OCT050100-00,0.0310,58.05,yes
2026-10-05T04:58:16.014394Z,KXBTC15M-26OCT050100-00,0.0310,150.00,yes
2026-10-05T04:58:16.014394Z,KXBTC15M-26OCT050100-00,0.0310,150.00,yes
2026-10-05T04:58:16.023344Z,KXBTC15M-26OCT050100-00,0.0310,0.01,yes
2026-10-05T04:58:16.023344Z,KXBTC15M-26OCT050100-00,0.0310,91.95,yes
2026-10-05T04:58:16.023344Z,KXBTC15M-26OCT050100-00,0.0310,100.00,yes
2026-10-05T04:58:16.023344Z,KXBTC15M-26OCT050100-00,0.0310,155.04,yes
2026-10-05T04:58:16.111373Z,KXBTC15M-26OCT050100-00,0.0310,23.97,yes
2026-10-05T04:58:16.134857Z,KXBTC15M-26OCT050100-00,0.0300,9.04,no
2026-10-05T04:58:16.140518Z,KXBTC15M-26OCT050100-00,0.0310,20.99,yes
2026-10-05T04:58:16.140518Z,KXBTC15M-26OCT050100-00,0.0310,9.21,yes
2026-10-05T04:58:16.25035Z,KXBTC15M-26OCT050100-00,0.0310,30.20,yes
2026-10-05T04:58:16.27537Z,KXBTC15M-26OCT050100-00,0.0310,2.18,yes
2026-10-05T04:58:16.27893Z,KXBTC15M-26OCT050100-00,0.0300,10.28,no
2026-10-05T04:58:16.291538Z,KXBTC15M-26OCT050100-00,0.0310,4.52,yes
2026-10-05T04:58:16.318563Z,KXBTC15M-26OCT050100-00,0.0310,60.41,yes
2026-10-05T04:58:16.321457Z,KXBTC15M-26OCT050100-00,0.0310,54.10,yes
2026-10-05T04:58:16.376363Z,KXBTC15M-26OCT050100-00,0.0310,151.04,yes
2026-10-05T04:58:16.406056Z,KXBTC15M-26OCT050100-00,0.0300,0.84,no
2026-10-05T04:58:16.423193Z,KXBTC15M-26OCT050100-00,0.0310,57.40,yes
2026-10-05T04:58:16.440752Z,KXBTC15M-26OCT050100-00,0.0310,19.17,yes
2026-10-05T04:58:16.465972Z,KXBTC15M-26OCT050100-00,0.0310,100.00,yes
2026-10-05T04:58:16.465972Z,KXBTC15M-26OCT050100-00,0.0310,11.77,yes
2026-10-05T04:58:16.465972Z,KXBTC15M-26OCT050100-00,0.0310,347.46,yes
2026-10-05T04:58:16.465972Z,KXBTC15M-26OCT050100-00,0.0310,0.01,yes
2026-10-05T04:58:16.465972Z,KXBTC15M-26OCT050100-00,0.0320,44.17,yes
2026-10-05T04:58:16.501523Z,KXBTC15M-26OCT050100-00,0.0310,4.11,no
2026-10-05T04:58:16.501523Z,KXBTC15M-26OCT050100-00,0.0310,0.01,no
2026-10-05T04:58:16.548802Z,KXBTC15M-26OCT050100-00,0.0310,0.01,no
2026-10-05T04:58:16.548802Z,KXBTC15M-26OCT050100-00,0.0310,0.01,no
2026-10-05T04:58:16.548802Z,KXBTC15M-26OCT050100-00,0.0300,0.01,no
2026-10-05T04:58:16.548802Z,KXBTC15M-26OCT050100-00,0.0300,0.01,no
2026-10-05T04:58:16.548802Z,KXBTC15M-26OCT050100-00,0.0300,12.23,no
2026-10-05T04:58:16.548802Z,KXBTC15M-26OCT050100-00,0.0300,50.00,no
2026-10-05T04:58:16.548802Z,KXBTC15M-26OCT050100-00,0.0300,388.53,no
2026-10-05T04:58:16.601872Z,KXBTC15M-26OCT050100-00,0.0310,30.19,yes
2026-10-05T04:58:16.603764Z,KXBTC15M-26OCT050100-00,0.0310,100.50,yes
2026-10-05T04:58:16.642867Z,KXBTC15M-26OCT050100-00,0.0310,9.29,yes
2026-10-05T04:58:16.642867Z,KXBTC15M-26OCT050100-00,0.0310,19.31,yes
2026-10-05T04:58:16.695996Z,KXBTC15M-26OCT050100-00,0.0310,65.65,yes
2026-10-05T04:58:16.733601Z,KXBTC15M-26OCT050100-00,0.0310,75.06,yes
2026-10-05T04:58:16.733601Z,KXBTC15M-26OCT050100-00,0.0310,34.47,yes
2026-10-05T04:58:16.735455Z,KXBTC15M-26OCT050100-00,0.0310,115.53,yes
2026-10-05T04:58:16.735455Z,KXBTC15M-26OCT050100-00,0.0310,0.88,yes
2026-10-05T04:58:16.735455Z,KXBTC15M-26OCT050100-00,0.0310,0.01,yes
2026-10-05T04:58:16.73948Z,KXBTC15M-26OCT050100-00,0.0300,5.14,no
2026-10-05T04:58:16.743242Z,KXBTC15M-26OCT050100-00,0.0310,110.33,yes
2026-10-05T04:58:16.751168Z,KXBTC15M-26OCT050100-00,0.0310,86.16,yes
2026-10-05T04:58:16.798332Z,KXBTC15M-26OCT050100-00,0.0310,15.08,yes
2026-10-05T04:58:16.798332Z,KXBTC15M-26OCT050100-00,0.0310,0.01,yes
2026-10-05T04:58:16.798332Z,KXBTC15M-26OCT050100-00,0.0310,0.01,yes
2026-10-05T04:58:16.803135Z,KXBTC15M-26OCT050100-00,0.0310,119.14,yes
2026-10-05T04:58:16.803135Z,KXBTC15M-26OCT050100-00,0.0310,84.92,yes
2026-10-05T04:58:16.865661Z,KXBTC15M-26OCT050100-00,0.0300,4.44,no
2026-10-05T04:58:16.878904Z,KXBTC15M-26OCT050100-00,0.0300,17.11,no
2026-10-05T04:58:16.882016Z,KXBTC15M-26OCT050100-00,0.0310,9.63,yes
2026-10-05T04:58:16.882016Z,KXBTC15M-26OCT050100-00,0.0310,0.01,yes
2026-10-05T04:58:16.882016Z,KXBTC15M-26OCT050100-00,0.0310,0.01,yes
2026-10-05T04:58:16.899413Z,KXBTC15M-26OCT050100-00,0.0310,1.07,yes
2026-10-05T04:58:16.904183Z,KXBTC15M-26OCT050100-00,0.0310,120.83,yes
2026-10-05T04:58:16.942777Z,KXBTC15M-26OCT050100-00,0.0320,5.24,yes
2026-10-05T04:58:16.942777Z,KXBTC15M-26OCT050100-00,0.0320,17.00,yes
2026-10-05T04:58:16.956048Z,KXBTC15M-26OCT050100-00,0.0320,235.12,yes
2026-10-05T04:58:16.982528Z,KXBTC15M-26OCT050100-00,0.0310,100.00,yes
2026-10-05T04:58:16.982528Z,KXBTC15M-26OCT050100-00,0.0310,42.00,yes
2026-10-05T04:58:16.982528Z,KXBTC15M-26OCT050100-00,0.0320,17.00,yes
2026-10-05T04:58:16.982528Z,KXBTC15M-26OCT050100-00,0.0320,70.00,yes
2026-10-05T04:58:17.044863Z,KXBTC15M-26OCT050100-00,0.0310,17.00,yes
2026-10-05T04:58:17.044863Z,KXBTC15M-26OCT050100-00,0.0310,134.04,yes
2026-10-05T04:58:17.054776Z,KXBTC15M-26OCT050100-00,0.0320,66.78,yes
2026-10-05T04:58:17.054776Z,KXBTC15M-26OCT050100-00,0.0320,17.00,yes
2026-10-05T04:58:17.090876Z,KXBTC15M-26OCT050100-00,0.0350,93.75,yes
2026-10-05T04:58:17.090876Z,KXBTC15M-26OCT050100-00,0.0360,42.00,yes
2026-10-05T04:58:17.090876Z,KXBTC15M-26OCT050100-00,0.0320,80.22,yes
2026-10-05T04:58:17.090876Z,KXBTC15M-26OCT050100-00,0.0320,11.00,yes
2026-10-05T04:58:17.090876Z,KXBTC15M-26OCT050100-00,0.0340,133.00,yes
2026-10-05T04:58:17.090876Z,KXBTC15M-26OCT050100-00,0.0360,118.09,yes
2026-10-05T04:58:17.090876Z,KXBTC15M-26OCT050100-00,0.0340,21.00,yes
2026-10-05T04:58:17.090876Z,KXBTC15M-26OCT050100-00,0.0350,15.00,yes
2026-10-05T04:58:17.090876Z,KXBTC15M-26OCT050100-00,0.0330,2.00,yes
2026-10-05T04:58:17.090876Z,KXBTC15M-26OCT050100-00,0.0330,2.00,yes
2026-10-05T04:58:17.090876Z,KXBTC15M-26OCT050100-00,0.0320,400.00,yes
2026-10-05T04:58:17.090876Z,KXBTC15M-26OCT050100-00,0.0360,35.00,yes
2026-10-05T04:58:17.090876Z,KXBTC15M-26OCT050100-00,0.0340,17.00,yes
2026-10-05T04:58:17.090876Z,KXBTC15M-26OCT050100-00,0.0330,157.99,yes
2026-10-05T04:58:17.090876Z,KXBTC15M-26OCT050100-00,0.0360,14.00,yes
2026-10-05T04:58:17.090876Z,KXBTC15M-26OCT050100-00,0.0360,49.00,yes
2026-10-05T04:58:17.090876Z,KXBTC15M-26OCT050100-00,0.0350,64.00,yes
2026-10-05T04:58:17.090876Z,KXBTC15M-26OCT050100-00,0.0350,15.00,yes
2026-10-05T04:58:17.090876Z,KXBTC15M-26OCT050100-00,0.0350,2.00,yes
2026-10-05T04:58:17.090876Z,KXBTC15M-26OCT050100-00,0.0340,2.00,yes
2026-10-05T04:58:17.090876Z,KXBTC15M-26OCT050100-00,0.0340,2.00,yes
2026-10-05T04:58:17.090876Z,KXBTC15M-26OCT050100-00,0.0350,308.00,yes
2026-10-05T04:58:17.090876Z,KXBTC15M-26OCT050100-00,0.0350,93.75,yes
2026-10-05T04:58:17.090876Z,KXBTC15M-26OCT050100-00,0.0350,64.00,yes
2026-10-05T04:58:17.090876Z,KXBTC15M-26OCT050100-00,0.0370,297.23,yes
2026-10-05T04:58:17.090876Z,KXBTC15M-26OCT050100-00,0.0350,2.00,yes
2026-10-05T04:58:17.090876Z,KXBTC15M-26OCT050100-00,0.0330,172.37,yes
2026-10-05T04:58:17.090876Z,KXBTC15M-26OCT050100-00,0.0320,500.00,yes
2026-10-05T04:58:17.099142Z,KXBTC15M-26OCT050100-00,0.0310,53.64,no
2026-10-05T04:58:17.102689Z,KXBTC15M-26OCT050100-00,0.0310,8.55,no
2026-10-05T04:58:17.127755Z,KXBTC15M-26OCT050100-00,0.0340,17.00,yes
2026-10-05T04:58:17.127755Z,KXBTC15M-26OCT050100-00,0.0340,44.40,yes
2026-10-05T04:58:17.127755Z,KXBTC15M-26OCT050100-00,0.0340,1.00,yes
2026-10-05T04:58:17.127755Z,KXBTC15M-26OCT050100-00,0.0340,1.05,yes
2026-10-05T04:58:17.173571Z,KXBTC15M-26OCT050100-00,0.0310,12.78,no
2026-10-05T04:58:17.185577Z,KXBTC15M-26OCT050100-00,0.0360,0.84,yes
2026-10-05T04:58:17.305059Z,KXBTC15M-26OCT050100-00,0.0340,25.71,no
2026-10-05T04:58:17.306691Z,KXBTC15M-26OCT050100-00,0.0340,77.15,no
2026-10-05T04:58:17.379756Z,KXBTC15M-26OCT050100-00,0.0340,20.57,no
2026-10-05T04:58:17.409048Z,KXBTC15M-26OCT050100-00,0.0320,0.12,no
2026-10-05T04:58:17.409048Z,KXBTC15M-26OCT050100-00,0.0340,0.01,no
2026-10-05T04:58:17.409048Z,KXBTC15M-26OCT050100-00,0.0340,0.01,no
2026-10-05T04:58:17.409048Z,KXBTC15M-26OCT050100-00,0.0340,296.43,no
2026-10-05T04:58:17.410236Z,KXBTC15M-26OCT050100-00,0.0350,10.47,yes
2026-10-05T04:58:17.41044Z,KXBTC15M-26OCT050100-00,0.0350,21.59,yes
2026-10-05T04:58:17.420656Z,KXBTC15M-26OCT050100-00,0.0350,87.95,yes
2026-10-05T04:58:17.420656Z,KXBTC15M-26OCT050100-00,0.0340,17.00,yes
2026-10-05T04:58:17.445104Z,KXBTC15M-26OCT050100-00,0.0320,0.90,no
2026-10-05T04:58:17.445104Z,KXBTC15M-26OCT050100-00,0.0320,0.01,no
2026-10-05T04:58:17.445104Z,KXBTC15M-26OCT050100-00,0.0320,0.01,no
2026-10-05T04:58:17.450481Z,KXBTC15M-26OCT050100-00,0.0320,3.08,no
2026-10-05T04:58:17.455965Z,KXBTC15M-26OCT050100-00,0.0320,0.01,no
2026-10-05T04:58:17.455965Z,KXBTC15M-26OCT050100-00,0.0320,0.01,no
2026-10-05T04:58:17.455965Z,KXBTC15M-26OCT050100-00,0.0310,1.67,no
2026-10-05T04:58:17.484582Z,KXBTC15M-26OCT050100-00,0.0340,17.00,yes
2026-10-05T04:58:17.484582Z,KXBTC15M-26OCT050100-00,0.0340,0.01,yes
2026-10-05T04:58:17.484582Z,KXBTC15M-26OCT050100-00,0.0340,100.00,yes
2026-10-05T04:58:17.484582Z,KXBTC15M-26OCT050100-00,0.0340,0.01,yes
2026-10-05T04:58:17.484582Z,KXBTC15M-26OCT050100-00,0.0340,41.86,yes
2026-10-05T04:58:17.515622Z,KXBTC15M-26OCT050100-00,0.0310,23.36,no
2026-10-05T04:58:17.515622Z,KXBTC15M-26OCT050100-00,0.0330,358.12,no
2026-10-05T04:58:17.515622Z,KXBTC15M-26OCT050100-00,0.0320,0.01,no
2026-10-05T04:58:17.515622Z,KXBTC15M-26OCT050100-00,0.0320,0.01,no
2026-10-05T04:58:17.515622Z,KXBTC15M-26OCT050100-00,0.0320,10.00,no
2026-10-05T04:58:17.515622Z,KXBTC15M-26OCT050100-00,0.0310,177.16,no
2026-10-05T04:58:17.515622Z,KXBTC15M-26OCT050100-00,0.0330,0.01,no
2026-10-05T04:58:17.515622Z,KXBTC15M-26OCT050100-00,0.0330,0.01,no
2026-10-05T04:58:17.515622Z,KXBTC15M-26OCT050100-00,0.0310,28.00,no
2026-10-05T04:58:17.547423Z,KXBTC15M-26OCT050100-00,0.0330,260.21,yes
2026-10-05T04:58:17.555043Z,KXBTC15M-26OCT050100-00,0.0330,9.62,yes
2026-10-05T04:58:17.58614Z,KXBTC15M-26OCT050100-00,0.0330,68.30,yes
2026-10-05T04:58:17.602099Z,KXBTC15M-26OCT050100-00,0.0330,0.53,yes
2026-10-05T04:58:17.615722Z,KXBTC15M-26OCT050100-00,0.0330,384.01,yes
2026-10-05T04:58:17.615722Z,KXBTC15M-26OCT050100-00,0.0330,0.01,yes
2026-10-05T04:58:17.615722Z,KXBTC15M-26OCT050100-00,0.0330,0.01,yes
2026-10-05T04:58:17.615722Z,KXBTC15M-26OCT050100-00,0.0330,16.47,yes
2026-10-05T04:58:17.630645Z,KXBTC15M-26OCT050100-00,0.0320,70.00,no
2026-10-05T04:58:17.713048Z,KXBTC15M-26OCT050100-00,0.0330,15.99,yes
2026-10-05T04:58:17.713048Z,KXBTC15M-26OCT050100-00,0.0330,54.62,yes
2026-10-05T04:58:17.736257Z,KXBTC15M-26OCT050100-00,0.0330,105.99,yes
2026-10-05T04:58:17.74551Z,KXBTC15M-26OCT050100-00,0.0330,184.00,yes
2026-10-05T04:58:17.74551Z,KXBTC15M-26OCT050100-00,0.0330,0.01,yes
2026-10-05T04:58:17.74551Z,KXBTC15M-26OCT050100-00,0.0330,99.61,yes
2026-10-05T04:58:17.74551Z,KXBTC15M-26OCT050100-00,0.0330,0.01,yes
2026-10-05T04:58:17.771835Z,KXBTC15M-26OCT050100-00,0.0330,0.01,yes
2026-10-05T04:58:17.771835Z,KXBTC15M-26OCT050100-00,0.0330,0.01,yes
2026-10-05T04:58:17.771835Z,KXBTC15M-26OCT050100-00,0.0330,50.73,yes
2026-10-05T04:58:17.827501Z,KXBTC15M-26OCT050100-00,0.0320,39.24,no
2026-10-05T04:58:17.918093Z,KXBTC15M-26OCT050100-00,0.0320,100.47,no
2026-10-05T04:58:17.933019Z,KXBTC15M-26OCT050100-00,0.0330,0.62,yes
2026-10-05T04:58:17.933019Z,KXBTC15M-26OCT050100-00,0.0330,0.01,yes
2026-10-05T04:58:17.933019Z,KXBTC15M-26OCT050100-00,0.0330,0.01,yes
2026-10-05T04:58:17.957965Z,KXBTC15M-26OCT050100-00,0.0320,4.00,no
2026-10-05T04:58:18.094239Z,KXBTC15M-26OCT050100-00,0.0330,187.13,yes
2026-10-05T04:58:18.098493Z,KXBTC15M-26OCT050100-00,0.0330,14.19,yes
2026-10-05T04:58:18.114491Z,KXBTC15M-26OCT050100-00,0.0320,16.02,no
2026-10-05T04:58:18.120884Z,KXBTC15M-26OCT050100-00,0.0340,40.95,yes
2026-10-05T04:58:18.120884Z,KXBTC15M-26OCT050100-00,0.0340,17.00,yes
2026-10-05T04:58:18.148232Z,KXBTC15M-26OCT050100-00,0.0340,2.71,yes
2026-10-05T04:58:18.205932Z,KXBTC15M-26OCT050100-00,0.0330,26.25,no
2026-10-05T04:58:18.205932Z,KXBTC15M-26OCT050100-00,0.0330,10.00,no
2026-10-05T04:58:18.217949Z,KXBTC15M-26OCT050100-00,0.0330,178.75,no
2026-10-05T04:58:18.217949Z,KXBTC15M-26OCT050100-00,0.0330,0.01,no
2026-10-05T04:58:18.217949Z,KXBTC15M-26OCT050100-00,0.0330,97.47,no
2026-10-05T04:58:18.218714Z,KXBTC15M-26OCT050100-00,0.0330,126.28,no
2026-10-05T04:58:18.269272Z,KXBTC15M-26OCT050100-00,0.0330,91.36,no
2026-10-05T04:58:18.304224Z,KXBTC15M-26OCT050100-00,0.0330,147.02,no
2026-10-05T04:58:18.342255Z,KXBTC15M-26OCT050100-00,0.0330,11.71,no
2026-10-05T04:58:18.354591Z,KXBTC15M-26OCT050100-00,0.0330,1.72,no
2026-10-05T04:58:18.363805Z,KXBTC15M-26OCT050100-00,0.0340,5.57,yes
2026-10-05T04:58:18.43155Z,KXBTC15M-26OCT050100-00,0.0340,0.01,yes
2026-10-05T04:58:18.43155Z,KXBTC15M-26OCT050100-00,0.0340,8.72,yes
2026-10-05T04:58:18.43155Z,KXBTC15M-26OCT050100-00,0.0340,162.00,yes
2026-10-05T04:58:18.432261Z,KXBTC15M-26OCT050100-00,0.0340,10.00,no
2026-10-05T04:58:18.444404Z,KXBTC15M-26OCT050100-00,0.0360,17.00,yes
2026-10-05T04:58:18.444404Z,KXBTC15M-26OCT050100-00,0.0360,0.01,yes
2026-10-05T04:58:18.444404Z,KXBTC15M-26OCT050100-00,0.0360,1.04,yes
2026-10-05T04:58:18.444404Z,KXBTC15M-26OCT050100-00,0.0360,1.00,yes
2026-10-05T04:58:18.456257Z,KXBTC15M-26OCT050100-00,0.0380,17.00,yes
2026-10-05T04:58:18.456257Z,KXBTC15M-26OCT050100-00,0.0380,16.00,yes
2026-10-05T04:58:18.473872Z,KXBTC15M-26OCT050100-00,0.0380,40.68,no
2026-10-05T04:58:18.481465Z,KXBTC15M-26OCT050100-00,0.0390,150.00,no
2026-10-05T04:58:18.481465Z,KXBTC15M-26OCT050100-00,0.0390,150.00,no
2026-10-05T04:58:18.481465Z,KXBTC15M-26OCT050100-00,0.0380,89.00,no
2026-10-05T04:58:18.516026Z,KXBTC15M-26OCT050100-00,0.0390,150.00,no
2026-10-05T04:58:18.516026Z,KXBTC15M-26OCT050100-00,0.0390,121.00,no
2026-10-05T04:58:18.516026Z,KXBTC15M-26OCT050100-00,0.0390,150.00,no
2026-10-05T04:58:18.516026Z,KXBTC15M-26OCT050100-00,0.0390,150.00,no
2026-10-05T04:58:18.533461Z,KXBTC15M-26OCT050100-00,0.0390,10.00,no
2026-10-05T04:58:18.533461Z,KXBTC15M-26OCT050100-00,0.0390,0.01,no
2026-10-05T04:58:18.533461Z,KXBTC15M-26OCT050100-00,0.0390,0.01,no
2026-10-05T04:58:18.533461Z,KXBTC15M-26OCT050100-00,0.0390,29.00,no
2026-10-05T04:58:18.533461Z,KXBTC15M-26OCT050100-00,0.0390,10.98,no
2026-10-05T04:58:18.546538Z,KXBTC15M-26OCT050100-00,0.0400,9.72,yes
2026-10-05T04:58:18.550353Z,KXBTC15M-26OCT050100-00,0.0400,51.88,yes
2026-10-05T04:58:18.550353Z,KXBTC15M-26OCT050100-00,0.0400,0.28,yes
2026-10-05T04:58:18.588804Z,KXBTC15M-26OCT050100-00,0.0390,1.94,no
2026-10-05T04:58:18.62893Z,KXBTC15M-26OCT050100-00,0.0400,7.23,yes
2026-10-05T04:58:18.62893Z,KXBTC15M-26OCT050100-00,0.0400,2.00,yes
2026-10-05T04:58:18.62893Z,KXBTC15M-26OCT050100-00,0.0400,40.00,yes
2026-10-05T04:58:18.62893Z,KXBTC15M-26OCT050100-00,0.0400,5.00,yes
2026-10-05T04:58:18.695676Z,KXBTC15M-26OCT050100-00,0.0400,2.77,yes
2026-10-05T04:58:18.695676Z,KXBTC15M-26OCT050100-00,0.0400,3.46,yes
2026-10-05T04:58:18.696681Z,KXBTC15M-26OCT050100-00,0.0400,11.03,yes
2026-10-05T04:58:18.701185Z,KXBTC15M-26OCT050100-00,0.0400,2.51,yes
2026-10-05T04:58:18.701185Z,KXBTC15M-26OCT050100-00,0.0400,26.98,yes
2026-10-05T04:58:18.701185Z,KXBTC15M-26OCT050100-00,0.0400,0.01,yes
2026-10-05T04:58:18.725411Z,KXBTC15M-26OCT050100-00,0.0390,2.57,no
2026-10-05T04:58:18.759557Z,KXBTC15M-26OCT050100-00,0.0400,13.02,yes
2026-10-05T04:58:18.759557Z,KXBTC15M-26OCT050100-00,0.0400,46.51,yes
2026-10-05T04:58:18.772607Z,KXBTC15M-26OCT050100-00,0.0390,22.19,no
2026-10-05T04:58:18.772972Z,KXBTC15M-26OCT050100-00,0.0390,16.52,no
2026-10-05T04:58:18.852724Z,KXBTC15M-26OCT050100-00,0.0390,17.11,no
2026-10-05T04:58:18.87933Z,KXBTC15M-26OCT050100-00,0.0400,1.08,yes
2026-10-05T04:58:18.904405Z,KXBTC15M-26OCT050100-00,0.0400,104.97,yes
2026-10-05T04:58:18.928864Z,KXBTC15M-26OCT050100-00,0.0390,17.26,no
2026-10-05T04:58:18.966318Z,KXBTC15M-26OCT050100-00,0.0390,6.27,no
2026-10-05T04:58:19.072335Z,KXBTC15M-26OCT050100-00,0.0400,23.42,yes
2026-10-05T04:58:19.106869Z,KXBTC15M-26OCT050100-00,0.0380,10.00,no
2026-10-05T04:58:19.106869Z,KXBTC15M-26OCT050100-00,0.0390,0.01,no
2026-10-05T04:58:19.106869Z,KXBTC15M-26OCT050100-00,0.0360,42.98,no
2026-10-05T04:58:19.106869Z,KXBTC15M-26OCT050100-00,0.0390,0.01,no
2026-10-05T04:58:19.113317Z,KXBTC15M-26OCT050100-00,0.0390,6.42,yes
2026-10-05T04:58:19.113317Z,KXBTC15M-26OCT050100-00,0.0380,17.00,yes
2026-10-05T04:58:19.192322Z,KXBTC15M-26OCT050100-00,0.0370,8.48,yes
2026-10-05T04:58:19.235628Z,KXBTC15M-26OCT050100-00,0.0370,0.01,yes
2026-10-05T04:58:19.235628Z,KXBTC15M-26OCT050100-00,0.0370,0.01,yes
2026-10-05T04:58:19.235628Z,KXBTC15M-26OCT050100-00,0.0370,8.52,yes
2026-10-05T04:58:19.235628Z,KXBTC15M-26OCT050100-00,0.0380,64.93,yes
2026-10-05T04:58:19.235628Z,KXBTC15M-26OCT050100-00,0.0380,70.00,yes
2026-10-05T04:58:19.255566Z,KXBTC15M-26OCT050100-00,0.0370,81.34,no
2026-10-05T04:58:19.501516Z,KXBTC15M-26OCT050100-00,0.0370,13.29,no
2026-10-05T04:58:19.523479Z,KXBTC15M-26OCT050100-00,0.0370,4.14,no
2026-10-05T04:58:19.526541Z,KXBTC15M-26OCT050100-00,0.0380,3.14,yes
2026-10-05T04:58:19.53361Z,KXBTC15M-26OCT050100-00,0.0380,5.00,yes
2026-10-05T04:58:19.604137Z,KXBTC15M-26OCT050100-00,0.0370,5.50,no
2026-10-05T04:58:19.677003Z,KXBTC15M-26OCT050100-00,0.0390,17.00,yes
2026-10-05T04:58:19.677003Z,KXBTC15M-26OCT050100-00,0.0380,1.86,yes
2026-10-05T04:58:19.677003Z,KXBTC15M-26OCT050100-00,0.0390,5.34,yes
2026-10-05T04:58:19.729348Z,KXBTC15M-26OCT050100-00,0.0380,17.00,yes
2026-10-05T04:58:19.729348Z,KXBTC15M-26OCT050100-00,0.0390,3.66,yes
2026-10-05T04:58:19.793512Z,KXBTC15M-26OCT050100-00,0.0390,23.20,yes
2026-10-05T04:58:19.816769Z,KXBTC15M-26OCT050100-00,0.0390,145.00,yes
2026-10-05T04:58:19.820707Z,KXBTC15M-26OCT050100-00,0.0370,150.00,no
2026-10-05T04:58:19.820707Z,KXBTC15M-26OCT050100-00,0.0370,150.00,no
2026-10-05T04:58:19.820707Z,KXBTC15M-26OCT050100-00,0.0370,150.00,no
2026-10-05T04:58:19.820707Z,KXBTC15M-26OCT050100-00,0.0370,116.53,no
2026-10-05T04:58:19.820707Z,KXBTC15M-26OCT050100-00,0.0370,45.73,no
2026-10-05T04:58:19.832291Z,KXBTC15M-26OCT050100-00,0.0390,6.68,yes
2026-10-05T04:58:19.832291Z,KXBTC15M-26OCT050100-00,0.0390,17.00,yes
2026-10-05T04:58:19.871798Z,KXBTC15M-26OCT050100-00,0.0390,6.96,yes
2026-10-05T04:58:19.871798Z,KXBTC15M-26OCT050100-00,0.0390,17.00,yes
2026-10-05T04:58:19.891826Z,KXBTC15M-26OCT050100-00,0.0390,17.00,yes
2026-10-05T04:58:19.891826Z,KXBTC15M-26OCT050100-00,0.0390,6.68,yes
2026-10-05T04:58:19.953591Z,KXBTC15M-26OCT050100-00,0.0390,17.00,yes
2026-10-05T04:58:19.953591Z,KXBTC15M-26OCT050100-00,0.0390,6.96,yes
2026-10-05T04:58:20.009315Z,KXBTC15M-26OCT050100-00,0.0390,7.02,yes
2026-10-05T04:58:20.009315Z,KXBTC15M-26OCT050100-00,0.0390,17.00,yes
2026-10-05T04:58:20.014557Z,KXBTC15M-26OCT050100-00,0.0400,258.87,yes
2026-10-05T04:58:20.014557Z,KXBTC15M-26OCT050100-00,0.0390,3.98,yes
2026-10-05T04:58:20.014557Z,KXBTC15M-26OCT050100-00,0.0390,7.02,yes
2026-10-05T04:58:20.08123Z,KXBTC15M-26OCT050100-00,0.0370,0.01,no
2026-10-05T04:58:20.08123Z,KXBTC15M-26OCT050100-00,0.0370,73.65,no
2026-10-05T04:58:20.08123Z,KXBTC15M-26OCT050100-00,0.0370,0.01,no
2026-10-05T04:58:20.08123Z,KXBTC15M-26OCT050100-00,0.0370,100.00,no
2026-10-05T04:58:20.08123Z,KXBTC15M-26OCT050100-00,0.0370,33.47,no
2026-10-05T04:58:20.171289Z,KXBTC15M-26OCT050100-00,0.0380,49.23,yes
2026-10-05T04:58:20.177072Z,KXBTC15M-26OCT050100-00,0.0370,47.03,no
2026-10-05T04:58:20.185805Z,KXBTC15M-26OCT050100-00,0.0390,77.13,yes
2026-10-05T04:58:20.185805Z,KXBTC15M-26OCT050100-00,0.0380,75.29,yes
2026-10-05T04:58:20.185805Z,KXBTC15M-26OCT050100-00,0.0390,0.01,yes
2026-10-05T04:58:20.185805Z,KXBTC15M-26OCT050100-00,0.0390,0.01,yes
2026-10-05T04:58:20.185805Z,KXBTC15M-26OCT050100-00,0.0390,17.00,yes
2026-10-05T04:58:20.185805Z,KXBTC15M-26OCT050100-00,0.0390,11.00,yes
2026-10-05T04:58:20.187611Z,KXBTC15M-26OCT050100-00,0.0390,20.03,yes
2026-10-05T04:58:20.210586Z,KXBTC15M-26OCT050100-00,0.0380,17.00,yes
2026-10-05T04:58:20.210586Z,KXBTC15M-26OCT050100-00,0.0390,7.02,yes
2026-10-05T04:58:20.225801Z,KXBTC15M-26OCT050100-00,0.0370,29.83,no
2026-10-05T04:58:20.233556Z,KXBTC15M-26OCT050100-00,0.0370,20.71,no
2026-10-05T04:58:20.302727Z,KXBTC15M-26OCT050100-00,0.0370,28.78,no
2026-10-05T04:58:20.302727Z,KXBTC15M-26OCT050100-00,0.0370,65.26,no
2026-10-05T04:58:20.311349Z,KXBTC15M-26OCT050100-00,0.0390,6.00,yes
2026-10-05T04:58:20.347902Z,KXBTC15M-26OCT050100-00,0.0370,500.00,no
2026-10-05T04:58:20.347902Z,KXBTC15M-26OCT050100-00,0.0370,500.00,no
2026-10-05T04:58:20.347902Z,KXBTC15M-26OCT050100-00,0.0320,419.28,no
2026-10-05T04:58:20.347902Z,KXBTC15M-26OCT050100-00,0.0330,205.00,no
2026-10-05T04:58:20.347902Z,KXBTC15M-26OCT050100-00,0.0320,689.22,no
2026-10-05T04:58:20.347902Z,KXBTC15M-26OCT050100-00,0.0330,81.00,no
2026-10-05T04:58:20.347902Z,KXBTC15M-26OCT050100-00,0.0330,10.00,no
2026-10-05T04:58:20.347902Z,KXBTC15M-26OCT050100-00,0.0360,200.00,no
2026-10-05T04:58:20.347902Z,KXBTC15M-26OCT050100-00,0.0370,334.74,no
2026-10-05T04:58:20.347902Z,KXBTC15M-26OCT050100-00,0.0370,0.01,no
2026-10-05T04:58:20.347902Z,KXBTC15M-26OCT050100-00,0.0360,2.00,no
2026-10-05T04:58:20.347902Z,KXBTC15M-26OCT050100-00,0.0330,410.00,no
2026-10-05T04:58:20.347902Z,KXBTC15M-26OCT050100-00,0.0340,2.00,no
2026-10-05T04:58:20.347902Z,KXBTC15M-26OCT050100-00,0.0350,2.00,no
2026-10-05T04:58:20.347902Z,KXBTC15M-26OCT050100-00,0.0370,100.00,no
2026-10-05T04:58:20.347902Z,KXBTC15M-26OCT050100-00,0.0370,0.01,no
2026-10-05T04:58:20.347902Z,KXBTC15M-26OCT050100-00,0.0360,2.00,no
2026-10-05T04:58:20.347902Z,KXBTC15M-26OCT050100-00,0.0350,2.00,no
2026-10-05T04:58:20.347902Z,KXBTC15M-26OCT050100-00,0.0340,2.00,no
2026-10-05T04:58:20.365716Z,KXBTC15M-26OCT050100-00,0.0370,45.01,yes
2026-10-05T04:58:20.365716Z,KXBTC15M-26OCT050100-00,0.0360,10.00,yes
2026-10-05T04:58:20.365716Z,KXBTC15M-26OCT050100-00,0.0360,17.00,yes
2026-10-05T04:58:20.367418Z,KXBTC15M-26OCT050100-00,0.0370,0.33,yes
2026-10-05T04:58:20.412888Z,KXBTC15M-26OCT050100-00,0.0340,1.00,no
2026-10-05T04:58:20.412888Z,KXBTC15M-26OCT050100-00,0.0340,1.00,no
2026-10-05T04:58:20.412888Z,KXBTC15M-26OCT050100-00,0.0340,0.01,no
2026-10-05T04:58:20.412888Z,KXBTC15M-26OCT050100-00,0.0340,23.35,no
2026-10-05T04:58:20.412888Z,KXBTC15M-26OCT050100-00,0.0340,0.01,no
2026-10-05T04:58:20.501792Z,KXBTC15M-26OCT050100-00,0.0350,39.98,yes
2026-10-05T04:58:20.501792Z,KXBTC15M-26OCT050100-00,0.0350,0.01,yes
2026-10-05T04:58:20.501792Z,KXBTC15M-26OCT050100-00,0.0350,0.01,yes
2026-10-05T04:58:20.501792Z,KXBTC15M-26OCT050100-00,0.0350,17.00,yes
2026-10-05T04:58:20.545151Z,KXBTC15M-26OCT050100-00,0.0340,1.45,no
2026-10-05T04:58:20.559162Z,KXBTC15M-26OCT050100-00,0.0340,0.51,no
2026-10-05T04:58:20.55973Z,KXBTC15M-26OCT050100-00,0.0350,2.40,yes
2026-10-05T04:58:20.620343Z,KXBTC15M-26OCT050100-00,0.0340,10.14,no
2026-10-05T04:58:20.6961Z,KXBTC15M-26OCT050100-00,0.0350,41.89,yes
2026-10-05T04:58:20.698397Z,KXBTC15M-26OCT050100-00,0.0350,25.25,yes
2026-10-05T04:58:20.728224Z,KXBTC15M-26OCT050100-00,0.0350,24.02,yes
2026-10-05T04:58:20.759627Z,KXBTC15M-26OCT050100-00,0.0350,48.84,yes
2026-10-05T04:58:20.759627Z,KXBTC15M-26OCT050100-00,0.0350,0.01,yes
2026-10-05T04:58:20.759627Z,KXBTC15M-26OCT050100-00,0.0350,83.46,yes
2026-10-05T04:58:20.759627Z,KXBTC15M-26OCT050100-00,0.0350,0.01,yes
2026-10-05T04:58:20.768636Z,KXBTC15M-26OCT050100-00,0.0340,1.00,no
2026-10-05T04:58:20.79578Z,KXBTC15M-26OCT050100-00,0.0350,96.77,yes
2026-10-05T04:58:20.827058Z,KXBTC15M-26OCT050100-00,0.0360,1.00,yes
2026-10-05T04:58:20.827058Z,KXBTC15M-26OCT050100-00,0.0350,1.00,yes
2026-10-05T04:58:20.827058Z,KXBTC15M-26OCT050100-00,0.0370,3.24,yes
2026-10-05T04:58:20.855446Z,KXBTC15M-26OCT050100-00,0.0360,42.78,no
2026-10-05T04:58:20.929294Z,KXBTC15M-26OCT050100-00,0.0370,3.12,yes
2026-10-05T04:58:21.00198Z,KXBTC15M-26OCT050100-00,0.0360,253.75,no
2026-10-05T04:58:21.054773Z,KXBTC15M-26OCT050100-00,0.0360,36.14,no
2026-10-05T04:58:21.122315Z,KXBTC15M-26OCT050100-00,0.0360,159.24,no
2026-10-05T04:58:21.155966Z,KXBTC15M-26OCT050100-00,0.0370,1.00,yes
2026-10-05T04:58:21.155966Z,KXBTC15M-26OCT050100-00,0.0370,98.30,yes
2026-10-05T04:58:21.155966Z,KXBTC15M-26OCT050100-00,0.0370,17.00,yes
2026-10-05T04:58:21.155966Z,KXBTC15M-26OCT050100-00,0.0370,135.01,yes
2026-10-05T04:58:21.16425Z,KXBTC15M-26OCT050100-00,0.0360,12.79,no
2026-10-05T04:58:21.198176Z,KXBTC15M-26OCT050100-00,0.0370,234.62,yes
2026-10-05T04:58:21.219943Z,KXBTC15M-26OCT050100-00,0.0360,33.81,no
2026-10-05T04:58:21.224482Z,KXBTC15M-26OCT050100-00,0.0360,0.59,no
2026-10-05T04:58:21.254652Z,KXBTC15M-26OCT050100-00,0.0360,1.00,no
2026-10-05T04:58:21.309906Z,KXBTC15M-26OCT050100-00,0.0360,14.66,no
2026-10-05T04:58:21.309906Z,KXBTC15M-26OCT050100-00,0.0360,2.68,no
2026-10-05T04:58:21.309906Z,KXBTC15M-26OCT050100-00,0.0360,0.01,no
2026-10-05T04:58:21.309906Z,KXBTC15M-26OCT050100-00,0.0360,500.00,no
2026-10-05T04:58:21.309906Z,KXBTC15M-26OCT050100-00,0.0360,0.01,no
2026-10-05T04:58:21.325796Z,KXBTC15M-26OCT050100-00,0.0360,20.61,no
2026-10-05T04:58:21.339633Z,KXBTC15M-26OCT050100-00,0.0360,56.91,no
2026-10-05T04:58:21.341052Z,KXBTC15M-26OCT050100-00,0.0360,5.11,no
2026-10-05T04:58:21.36003Z,KXBTC15M-26OCT050100-00,0.0370,24.70,yes
2026-10-05T04:58:21.576898Z,KXBTC15M-26OCT050100-00,0.0370,0.01,yes
2026-10-05T04:58:21.576898Z,KXBTC15M-26OCT050100-00,0.0370,200.00,yes
2026-10-05T04:58:21.576898Z,KXBTC15M-26OCT050100-00,0.0370,0.01,yes
2026-10-05T04:58:21.576898Z,KXBTC15M-26OCT050100-00,0.0370,502.60,yes
2026-10-05T04:58:21.576898Z,KXBTC15M-26OCT050100-00,0.0370,17.00,yes
2026-10-05T04:58:21.58786Z,KXBTC15M-26OCT050100-00,0.0370,150.00,no
2026-10-05T04:58:21.58786Z,KXBTC15M-26OCT050100-00,0.0360,0.01,no
2026-10-05T04:58:21.58786Z,KXBTC15M-26OCT050100-00,0.0360,0.01,no
2026-10-05T04:58:21.58786Z,KXBTC15M-26OCT050100-00,0.0360,134.61,no
2026-10-05T04:58:21.58786Z,KXBTC15M-26OCT050100-00,0.0370,150.00,no
2026-10-05T04:58:21.58786Z,KXBTC15M-26OCT050100-00,0.0360,100.00,no
2026-10-05T04:58:21.58786Z,KXBTC15M-26OCT050100-00,0.0360,102.71,no
2026-10-05T04:58:21.58786Z,KXBTC15M-26OCT050100-00,0.0360,400.00,no
2026-10-05T04:58:21.611492Z,KXBTC15M-26OCT050100-00,0.0390,3.79,yes
2026-10-05T04:58:21.611492Z,KXBTC15M-26OCT050100-00,0.0390,11.00,yes
2026-10-05T04:58:21.61956Z,KXBTC15M-26OCT050100-00,0.0390,0.74,yes
2026-10-05T04:58:21.626283Z,KXBTC15M-26OCT050100-00,0.0390,6.55,yes
2026-10-05T04:58:21.702187Z,KXBTC15M-26OCT050100-00,0.0280,154.44,no
2026-10-05T04:58:21.702187Z,KXBTC15M-26OCT050100-00,0.0280,1047.00,no
2026-10-05T04:58:21.702187Z,KXBTC15M-26OCT050100-00,0.0380,10.26,no
2026-10-05T04:58:21.702187Z,KXBTC15M-26OCT050100-00,0.0370,200.00,no
2026-10-05T04:58:21.702187Z,KXBTC15M-26OCT050100-00,0.0280,2.00,no
2026-10-05T04:58:21.702187Z,KXBTC15M-26OCT050100-00,0.0330,81.00,no
2026-10-05T04:58:21.702187Z,KXBTC15M-26OCT050100-00,0.0300,552.83,no
2026-10-05T04:58:21.702187Z,KXBTC15M-26OCT050100-00,0.0340,199.00,no
2026-10-05T04:58:21.702187Z,KXBTC15M-26OCT050100-00,0.0370,0.01,no
2026-10-05T04:58:21.702187Z,KXBTC15M-26OCT050100-00,0.0370,0.01,no
2026-10-05T04:58:21.702187Z,KXBTC15M-26OCT050100-00,0.0280,500.00,no
2026-10-05T04:58:21.702187Z,KXBTC15M-26OCT050100-00,0.0380,0.01,no
2026-10-05T04:58:21.702187Z,KXBTC15M-26OCT050100-00,0.0360,200.00,no
2026-10-05T04:58:21.702187Z,KXBTC15M-26OCT050100-00,0.0370,500.00,no
2026-10-05T04:58:21.702187Z,KXBTC15M-26OCT050100-00,0.0380,0.01,no
2026-10-05T04:58:21.702187Z,KXBTC15M-26OCT050100-00,0.0310,436.00,no
2026-10-05T04:58:21.702187Z,KXBTC15M-26OCT050100-00,0.0330,10.00,no
2026-10-05T04:58:21.702187Z,KXBTC15M-26OCT050100-00,0.0330,205.00,no
2026-10-05T04:58:21.702187Z,KXBTC15M-26OCT050100-00,0.0300,10.00,no
2026-10-05T04:58:21.702187Z,KXBTC15M-26OCT050100-00,0.0310,1.00,no
2026-10-05T04:58:21.702187Z,KXBTC15M-26OCT050100-00,0.0300,2.00,no
2026-10-05T04:58:21.702187Z,KXBTC15M-26OCT050100-00,0.0300,64.00,no
2026-10-05T04:58:21.702187Z,KXBTC15M-26OCT050100-00,0.0280,2.00,no
2026-10-05T04:58:21.702187Z,KXBTC15M-26OCT050100-00,0.0290,2.00,no
2026-10-05T04:58:21.702187Z,KXBTC15M-26OCT050100-00,0.0300,93.75,no
2026-10-05T04:58:21.702187Z,KXBTC15M-26OCT050100-00,0.0300,2.00,no
2026-10-05T04:58:21.702187Z,KXBTC15M-26OCT050100-00,0.0300,93.75,no
2026-10-05T04:58:21.702187Z,KXBTC15M-26OCT050100-00,0.0300,15.00,no
2026-10-05T04:58:21.702187Z,KXBTC15M-26OCT050100-00,0.0300,100.00,no
2026-10-05T04:58:21.702187Z,KXBTC15M-26OCT050100-00,0.0300,15.00,no
2026-10-05T04:58:21.702187Z,KXBTC15M-26OCT050100-00,0.0290,2.00,no
2026-10-05T04:58:21.702187Z,KXBTC15M-26OCT050100-00,0.0300,64.00,no
2026-10-05T04:58:21.702187Z,KXBTC15M-26OCT050100-00,0.0310,1032.02,no
2026-10-05T04:58:21.702187Z,KXBTC15M-26OCT050100-00,0.0310,24.00,no
2026-10-05T04:58:21.702187Z,KXBTC15M-26OCT050100-00,0.0310,0.84,no
2026-10-05T04:58:21.702187Z,KXBTC15M-26OCT050100-00,0.0330,35.00,no
2026-10-05T04:58:21.702187Z,KXBTC15M-26OCT050100-00,0.0320,357.78,no
2026-10-05T04:58:21.702187Z,KXBTC15M-26OCT050100-00,0.0300,59.00,no
2026-10-05T04:58:21.702187Z,KXBTC15M-26OCT050100-00,0.0290,1.00,no
2026-10-05T04:58:21.702187Z,KXBTC15M-26OCT050100-00,0.0280,1.00,no
2026-10-05T04:58:21.702187Z,KXBTC15M-26OCT050100-00,0.0270,1.00,no
2026-10-05T04:58:21.702187Z,KXBTC15M-26OCT050100-00,0.0260,839.99,no
2026-10-05T04:58:21.847379Z,KXBTC15M-26OCT050100-00,0.0300,257.27,yes
2026-10-05T04:58:21.911359Z,KXBTC15M-26OCT050100-00,0.0300,0.01,yes
2026-10-05T04:58:21.911359Z,KXBTC15M-26OCT050100-00,0.0300,256.12,yes
2026-10-05T04:58:21.911359Z,KXBTC15M-26OCT050100-00,0.0300,11.00,yes
2026-10-05T04:58:21.911359Z,KXBTC15M-26OCT050100-00,0.0300,0.01,yes
2026-10-05T04:58:21.911359Z,KXBTC15M-26OCT050100-00,0.0300,789.73,yes
2026-10-05T04:58:21.923203Z,KXBTC15M-26OCT050100-00,0.0290,100.00,no
2026-10-05T04:58:21.923203Z,KXBTC15M-26OCT050100-00,0.0290,0.01,no
2026-10-05T04:58:21.923203Z,KXBTC15M-26OCT050100-00,0.0290,400.00,no
2026-10-05T04:58:21.923203Z,KXBTC15M-26OCT050100-00,0.0290,288.46,no
2026-10-05T04:58:21.923203Z,KXBTC15M-26OCT050100-00,0.0290,408.10,no
2026-10-05T04:58:21.923203Z,KXBTC15M-26OCT050100-00,0.0290,0.01,no
2026-10-05T04:58:21.923203Z,KXBTC15M-26OCT050100-00,0.0290,1.00,no
2026-10-05T04:58:21.923203Z,KXBTC15M-26OCT050100-00,0.0290,1.00,no
2026-10-05T04:58:21.942855Z,KXBTC15M-26OCT050100-00,0.0290,0.43,no
2026-10-05T04:58:21.947159Z,KXBTC15M-26OCT050100-00,0.0290,79.12,no
2026-10-05T04:58:22.006714Z,KXBTC15M-26OCT050100-00,0.0290,15.10,no
2026-10-05T04:58:22.062533Z,KXBTC15M-26OCT050100-00,0.0290,1.00,no
2026-10-05T04:58:22.065809Z,KXBTC15M-26OCT050100-00,0.0300,0.50,yes
2026-10-05T04:58:22.129588Z,KXBTC15M-26OCT050100-00,0.0300,6.99,yes
2026-10-05T04:58:22.150575Z,KXBTC15M-26OCT050100-00,0.0290,20.70,no
2026-10-05T04:58:22.150796Z,KXBTC15M-26OCT050100-00,0.0300,24.02,yes
2026-10-05T04:58:22.159972Z,KXBTC15M-26OCT050100-00,0.0290,2.05,no
2026-10-05T04:58:22.195426Z,KXBTC15M-26OCT050100-00,0.0290,1.02,no
2026-10-05T04:58:22.274492Z,KXBTC15M-26OCT050100-00,0.0300,126.60,yes
2026-10-05T04:58:22.308655Z,KXBTC15M-26OCT050100-00,0.0300,25.32,yes
2026-10-05T04:58:22.35672Z,KXBTC15M-26OCT050100-00,0.0300,126.60,yes
2026-10-05T04:58:22.481601Z,KXBTC15M-26OCT050100-00,0.0300,62.42,yes
2026-10-05T04:58:22.490406Z,KXBTC15M-26OCT050100-00,0.0300,0.01,yes
2026-10-05T04:58:22.490406Z,KXBTC15M-26OCT050100-00,0.0300,162.00,yes
2026-10-05T04:58:22.490406Z,KXBTC15M-26OCT050100-00,0.0310,17.00,yes
2026-10-05T04:58:22.490406Z,KXBTC15M-26OCT050100-00,0.0300,100.00,yes
2026-10-05T04:58:22.490406Z,KXBTC15M-26OCT050100-00,0.0320,17.00,yes
2026-10-05T04:58:22.490406Z,KXBTC15M-26OCT050100-00,0.0300,100.00,yes
2026-10-05T04:58:22.490406Z,KXBTC15M-26OCT050100-00,0.0320,105.15,yes
2026-10-05T04:58:22.490406Z,KXBTC15M-26OCT050100-00,0.0300,0.01,yes
2026-10-05T04:58:22.490406Z,KXBTC15M-26OCT050100-00,0.0300,43.43,yes
2026-10-05T04:58:22.490406Z,KXBTC15M-26OCT050100-00,0.0300,81.00,yes
2026-10-05T04:58:22.490406Z,KXBTC15M-26OCT050100-00,0.0310,200.00,yes
2026-10-05T04:58:22.490406Z,KXBTC15M-26OCT050100-00,0.0300,24.00,yes
2026-10-05T04:58:22.516745Z,KXBTC15M-26OCT050100-00,0.0320,261.43,yes
2026-10-05T04:58:22.516745Z,KXBTC15M-26OCT050100-00,0.0320,1.05,yes
2026-10-05T04:58:22.516745Z,KXBTC15M-26OCT050100-00,0.0320,182.85,yes
2026-10-05T04:58:22.516745Z,KXBTC15M-26OCT050100-00,0.0330,597.25,yes
2026-10-05T04:58:22.516745Z,KXBTC15M-26OCT050100-00,0.0320,200.00,yes
2026-10-05T04:58:22.516745Z,KXBTC15M-26OCT050100-00,0.0310,17.00,yes
2026-10-05T04:58:22.516745Z,KXBTC15M-26OCT050100-00,0.0310,0.01,yes
2026-10-05T04:58:22.516745Z,KXBTC15M-26OCT050100-00,0.0320,1.00,yes
2026-10-05T04:58:22.516745Z,KXBTC15M-26OCT050100-00,0.0320,17.00,yes
2026-10-05T04:58:22.516745Z,KXBTC15M-26OCT050100-00,0.0310,0.01,yes
2026-10-05T04:58:22.517505Z,KXBTC15M-26OCT050100-00,0.0290,14.91,no
2026-10-05T04:58:22.530778Z,KXBTC15M-26OCT050100-00,0.0310,4.58,no
2026-10-05T04:58:22.534945Z,KXBTC15M-26OCT050100-00,0.0310,138.81,no
2026-10-05T04:58:22.534945Z,KXBTC15M-26OCT050100-00,0.0310,0.01,no
2026-10-05T04:58:22.534945Z,KXBTC15M-26OCT050100-00,0.0310,0.01,no
2026-10-05T04:58:22.537889Z,KXBTC15M-26OCT050100-00,0.0340,2.00,yes
2026-10-05T04:58:22.537889Z,KXBTC15M-26OCT050100-00,0.0330,449.75,yes
2026-10-05T04:58:22.537889Z,KXBTC15M-26OCT050100-00,0.0340,2.00,yes
2026-10-05T04:58:22.537889Z,KXBTC15M-26OCT050100-00,0.0330,17.00,yes
2026-10-05T04:58:22.537889Z,KXBTC15M-26OCT050100-00,0.0320,17.00,yes
2026-10-05T04:58:22.537889Z,KXBTC15M-26OCT050100-00,0.0330,0.01,yes
2026-10-05T04:58:22.537889Z,KXBTC15M-26OCT050100-00,0.0330,200.00,yes
2026-10-05T04:58:22.537889Z,KXBTC15M-26OCT050100-00,0.0340,51.23,yes
2026-10-05T04:58:22.537889Z,KXBTC15M-26OCT050100-00,0.0320,11.00,yes
2026-10-05T04:58:22.537889Z,KXBTC15M-26OCT050100-00,0.0330,0.01,yes
2026-10-05T04:58:22.585077Z,KXBTC15M-26OCT050100-00,0.0330,206.00,yes
2026-10-05T04:58:22.585077Z,KXBTC15M-26OCT050100-00,0.0330,17.00,yes
2026-10-05T04:58:22.585077Z,KXBTC15M-26OCT050100-00,0.0330,77.00,yes
2026-10-05T04:58:22.587479Z,KXBTC15M-26OCT050100-00,0.0330,18.64,yes
2026-10-05T04:58:22.628504Z,KXBTC15M-26OCT050100-00,0.0400,365.15,yes
2026-10-05T04:58:22.628504Z,KXBTC15M-26OCT050100-00,0.0360,17.00,yes
2026-10-05T04:58:22.628504Z,KXBTC15M-26OCT050100-00,0.0400,882.38,yes
2026-10-05T04:58:22.628504Z,KXBTC15M-26OCT050100-00,0.0350,1047.00,yes
2026-10-05T04:58:22.628504Z,KXBTC15M-26OCT050100-00,0.0390,200.00,yes
2026-10-05T04:58:22.628504Z,KXBTC15M-26OCT050100-00,0.0350,2.00,yes
2026-10-05T04:58:22.628504Z,KXBTC15M-26OCT050100-00,0.0360,2.00,yes
2026-10-05T04:58:22.628504Z,KXBTC15M-26OCT050100-00,0.0390,195.00,yes
2026-10-05T04:58:22.628504Z,KXBTC15M-26OCT050100-00,0.0370,1047.00,yes
2026-10-05T04:58:22.628504Z,KXBTC15M-26OCT050100-00,0.0360,2.00,yes
2026-10-05T04:58:22.628504Z,KXBTC15M-26OCT050100-00,0.0370,2.00,yes
2026-10-05T04:58:22.628504Z,KXBTC15M-26OCT050100-00,0.0330,147.00,yes
2026-10-05T04:58:22.628504Z,KXBTC15M-26OCT050100-00,0.0340,200.00,yes
2026-10-05T04:58:22.628504Z,KXBTC15M-26OCT050100-00,0.0380,77.00,yes
2026-10-05T04:58:22.628504Z,KXBTC15M-26OCT050100-00,0.0360,63.00,yes
2026-10-05T04:58:22.628504Z,KXBTC15M-26OCT050100-00,0.0390,154.09,yes
2026-10-05T04:58:22.628504Z,KXBTC15M-26OCT050100-00,0.0340,0.01,yes
2026-10-05T04:58:22.628504Z,KXBTC15M-26OCT050100-00,0.0380,2.00,yes
2026-10-05T04:58:22.628504Z,KXBTC15M-26OCT050100-00,0.0330,42.00,yes
2026-10-05T04:58:22.628504Z,KXBTC15M-26OCT050100-00,0.0370,2.00,yes
2026-10-05T04:58:22.628504Z,KXBTC15M-26OCT050100-00,0.0340,0.01,yes
2026-10-05T04:58:22.628504Z,KXBTC15M-26OCT050100-00,0.0340,11.00,yes
2026-10-05T04:58:22.628504Z,KXBTC15M-26OCT050100-00,0.0340,17.00,yes
2026-10-05T04:58:22.628504Z,KXBTC15M-26OCT050100-00,0.0330,1.00,yes
2026-10-05T04:58:22.642416Z,KXBTC15M-26OCT050100-00,0.0340,1.00,no
2026-10-05T04:58:22.669873Z,KXBTC15M-26OCT050100-00,0.0350,0.01,yes
2026-10-05T04:58:22.669873Z,KXBTC15M-26OCT050100-00,0.0360,1.06,yes
2026-10-05T04:58:22.69855Z,KXBTC15M-26OCT050100-00,0.0350,10.27,no
2026-10-05T04:58:22.75156Z,KXBTC15M-26OCT050100-00,0.0360,17.00,yes
2026-10-05T04:58:22.75156Z,KXBTC15M-26OCT050100-00,0.0360,1.00,yes
2026-10-05T04:58:22.862243Z,KXBTC15M-26OCT050100-00,0.0360,15.95,no
2026-10-05T04:58:22.991451Z,KXBTC15M-26OCT050100-00,0.0360,12.76,no
2026-10-05T04:58:23.016445Z,KXBTC15M-26OCT050100-00,0.0400,19.08,yes
2026-10-05T04:58:23.016445Z,KXBTC15M-26OCT050100-00,0.0400,100.00,yes
2026-10-05T04:58:23.016445Z,KXBTC15M-26OCT050100-00,0.0400,15.00,yes
2026-10-05T04:58:23.016445Z,KXBTC15M-26OCT050100-00,0.0370,28.00,yes
2026-10-05T04:58:23.016445Z,KXBTC15M-26OCT050100-00,0.0370,56.00,yes
2026-10-05T04:58:23.016445Z,KXBTC15M-26OCT050100-00,0.0370,7.00,yes
2026-10-05T04:58:23.016445Z,KXBTC15M-26OCT050100-00,0.0380,17.00,yes
2026-10-05T04:58:23.016445Z,KXBTC15M-26OCT050100-00,0.0370,14.00,yes
2026-10-05T04:58:23.016445Z,KXBTC15M-26OCT050100-00,0.0390,2.00,yes
2026-10-05T04:58:23.016445Z,KXBTC15M-26OCT050100-00,0.0380,18.00,yes
2026-10-05T04:58:23.029529Z,KXBTC15M-26OCT050100-00,0.0390,1.02,no
2026-10-05T04:58:23.059472Z,KXBTC15M-26OCT050100-00,0.0390,97.98,no
2026-10-05T04:58:23.115944Z,KXBTC15M-26OCT050100-00,0.0400,17.00,yes
2026-10-05T04:58:23.115944Z,KXBTC15M-26OCT050100-00,0.0400,19.23,yes
2026-10-05T04:58:23.115944Z,KXBTC15M-26OCT050100-00,0.0400,20.92,yes
2026-10-05T04:58:23.115944Z,KXBTC15M-26OCT050100-00,0.0400,2.00,yes
2026-10-05T04:58:23.217515Z,KXBTC15M-26OCT050100-00,0.0390,820.54,no
2026-10-05T04:58:23.233289Z,KXBTC15M-26OCT050100-00,0.0390,3.50,no
2026-10-05T04:58:23.355046Z,KXBTC15M-26OCT050100-00,0.0390,1.02,no
2026-10-05T04:58:23.3653Z,KXBTC15M-26OCT050100-00,0.0390,153.14,no
2026-10-05T04:58:23.399448Z,KXBTC15M-26OCT050100-00,0.0390,27.60,no
2026-10-05T04:58:23.432358Z,KXBTC15M-26OCT050100-00,0.0390,156.99,no
2026-10-05T04:58:23.534997Z,KXBTC15M-26OCT050100-00,0.0390,25.87,no
2026-10-05T04:58:23.549483Z,KXBTC15M-26OCT050100-00,0.0400,42.41,yes
2026-10-05T04:58:23.565196Z,KXBTC15M-26OCT050100-00,0.0390,22.60,no
2026-10-05T04:58:23.594151Z,KXBTC15M-26OCT050100-00,0.0390,10.00,no
2026-10-05T04:58:23.604407Z,KXBTC15M-26OCT050100-00,0.0390,0.15,no
2026-10-05T04:58:23.652904Z,KXBTC15M-26OCT050100-00,0.0400,23.42,yes
2026-10-05T04:58:23.712898Z,KXBTC15M-26OCT050100-00,0.0390,0.01,no
2026-10-05T04:58:23.712898Z,KXBTC15M-26OCT050100-00,0.0370,201.34,no
2026-10-05T04:58:23.712898Z,KXBTC15M-26OCT050100-00,0.0390,0.01,no
2026-10-05T04:58:23.757291Z,KXBTC15M-26OCT050100-00,0.0380,17.00,yes
2026-10-05T04:58:23.757291Z,KXBTC15M-26OCT050100-00,0.0380,6.42,yes
2026-10-05T04:58:23.794092Z,KXBTC15M-26OCT050100-00,0.0380,27.79,no
2026-10-05T04:58:23.800708Z,KXBTC15M-26OCT050100-00,0.0390,0.01,yes
2026-10-05T04:58:23.800708Z,KXBTC15M-26OCT050100-00,0.0390,6.41,yes
2026-10-05T04:58:23.800708Z,KXBTC15M-26OCT050100-00,0.0390,17.00,yes
2026-10-05T04:58:23.850205Z,KXBTC15M-26OCT050100-00,0.0380,2.00,no
2026-10-05T04:58:23.867515Z,KXBTC15M-26OCT050100-00,0.0390,0.74,yes
2026-10-05T04:58:23.889491Z,KXBTC15M-26OCT050100-00,0.0390,10.04,yes
2026-10-05T04:58:23.889491Z,KXBTC15M-26OCT050100-00,0.0390,16.26,yes
2026-10-05T04:58:23.897087Z,KXBTC15M-26OCT050100-00,0.0380,18.81,no
2026-10-05T04:58:23.957026Z,KXBTC15M-26OCT050100-00,0.0380,76.67,no
2026-10-05T04:58:24.031773Z,KXBTC15M-26OCT050100-00,0.0380,0.52,no
2026-10-05T04:58:24.038396Z,KXBTC15M-26OCT050100-00,0.0390,21.00,yes
2026-10-05T04:58:24.038396Z,KXBTC15M-26OCT050100-00,0.0390,161.00,yes
2026-10-05T04:58:24.083961Z,KXBTC15M-26OCT050100-00,0.0380,0.01,no
2026-10-05T04:58:24.083961Z,KXBTC15M-26OCT050100-00,0.0350,193.00,no
2026-10-05T04:58:24.083961Z,KXBTC15M-26OCT050100-00,0.0380,200.00,no
2026-10-05T04:58:24.083961Z,KXBTC15M-26OCT050100-00,0.0380,0.01,no
2026-10-05T04:58:24.083961Z,KXBTC15M-26OCT050100-00,0.0370,845.66,no
2026-10-05T04:58:24.083961Z,KXBTC15M-26OCT050100-00,0.0390,43.23,no
2026-10-05T04:58:24.083961Z,KXBTC15M-26OCT050100-00,0.0390,150.00,no
2026-10-05T04:58:24.083961Z,KXBTC15M-26OCT050100-00,0.0390,0.01,no
2026-10-05T04:58:24.083961Z,KXBTC15M-26OCT050100-00,0.0390,0.01,no
2026-10-05T04:58:24.083961Z,KXBTC15M-26OCT050100-00,0.0390,10.00,no
2026-10-05T04:58:24.083961Z,KXBTC15M-26OCT050100-00,0.0350,35.46,no
2026-10-05T04:58:24.083961Z,KXBTC15M-26OCT050100-00,0.0350,64.00,no
2026-10-05T04:58:24.083961Z,KXBTC15M-26OCT050100-00,0.0390,200.00,no
2026-10-05T04:58:24.083961Z,KXBTC15M-26OCT050100-00,0.0390,500.00,no
2026-10-05T04:58:24.083961Z,KXBTC15M-26OCT050100-00,0.0360,409.19,no
2026-10-05T04:58:24.187766Z,KXBTC15M-26OCT050100-00,0.0350,193.00,no
2026-10-05T04:58:24.187766Z,KXBTC15M-26OCT050100-00,0.0360,0.01,no
2026-10-05T04:58:24.187766Z,KXBTC15M-26OCT050100-00,0.0350,0.01,no
2026-10-05T04:58:24.187766Z,KXBTC15M-26OCT050100-00,0.0350,200.00,no
2026-10-05T04:58:24.187766Z,KXBTC15M-26OCT050100-00,0.0360,0.01,no
2026-10-05T04:58:24.187766Z,KXBTC15M-26OCT050100-00,0.0360,10.00,no
2026-10-05T04:58:24.187766Z,KXBTC15M-26OCT050100-00,0.0340,145.07,no
2026-10-05T04:58:24.214945Z,KXBTC15M-26OCT050100-00,0.0350,0.01,no
2026-10-05T04:58:24.214945Z,KXBTC15M-26OCT050100-00,0.0350,7.24,no
2026-10-05T04:58:24.308401Z,KXBTC15M-26OCT050100-00,0.0350,7.25,no
2026-10-05T04:58:24.395959Z,KXBTC15M-26OCT050100-00,0.0360,123.27,yes
2026-10-05T04:58:24.423044Z,KXBTC15M-26OCT050100-00,0.0360,0.01,yes
2026-10-05T04:58:24.423044Z,KXBTC15M-26OCT050100-00,0.0360,17.00,yes
2026-10-05T04:58:24.423044Z,KXBTC15M-26OCT050100-00,0.0360,26.73,yes
2026-10-05T04:58:24.423044Z,KXBTC15M-26OCT050100-00,0.0360,0.01,yes
2026-10-05T04:58:24.423044Z,KXBTC15M-26OCT050100-00,0.0360,26.52,yes
2026-10-05T04:58:24.447965Z,KXBTC15M-26OCT050100-00,0.0360,9.70,yes
2026-10-05T04:58:24.44956Z,KXBTC15M-26OCT050100-00,0.0350,9.58,no
2026-10-05T04:58:24.488652Z,KXBTC15M-26OCT050100-00,0.0370,43.53,yes
2026-10-05T04:58:24.488652Z,KXBTC15M-26OCT050100-00,0.0360,0.01,yes
2026-10-05T04:58:24.488652Z,KXBTC15M-26OCT050100-00,0.0360,0.01,yes
2026-10-05T04:58:24.488652Z,KXBTC15M-26OCT050100-00,0.0370,203.00,yes
2026-10-05T04:58:24.536774Z,KXBTC15M-26OCT050100-00,0.0360,137.28,no
2026-10-05T04:58:24.633307Z,KXBTC15M-26OCT050100-00,0.0370,12.61,yes
2026-10-05T04:58:24.640938Z,KXBTC15M-26OCT050100-00,0.0360,12.72,no
2026-10-05T04:58:24.640938Z,KXBTC15M-26OCT050100-00,0.0360,469.32,no
2026-10-05T04:58:24.640938Z,KXBTC15M-26OCT050100-00,0.0360,500.00,no
2026-10-05T04:58:24.724343Z,KXBTC15M-26OCT050100-00,0.0360,2.09,no
2026-10-05T04:58:24.724343Z,KXBTC15M-26OCT050100-00,0.0360,0.01,no
2026-10-05T04:58:24.724343Z,KXBTC15M-26OCT050100-00,0.0360,0.01,no
2026-10-05T04:58:24.724488Z,KXBTC15M-26OCT050100-00,0.0360,2.11,no
2026-10-05T04:58:24.734443Z,KXBTC15M-26OCT050100-00,0.0360,103.37,no
2026-10-05T04:58:24.73775Z,KXBTC15M-26OCT050100-00,0.0370,83.13,yes
2026-10-05T04:58:24.73775Z,KXBTC15M-26OCT050100-00,0.0370,0.01,yes
2026-10-05T04:58:24.73775Z,KXBTC15M-26OCT050100-00,0.0370,0.01,yes
2026-10-05T04:58:24.73775Z,KXBTC15M-26OCT050100-00,0.0370,4.39,yes
2026-10-05T04:58:24.809972Z,KXBTC15M-26OCT050100-00,0.0360,0.01,no
2026-10-05T04:58:24.809972Z,KXBTC15M-26OCT050100-00,0.0360,11.43,no
2026-10-05T04:58:24.809972Z,KXBTC15M-26OCT050100-00,0.0360,0.01,no
2026-10-05T04:58:24.875391Z,KXBTC15M-26OCT050100-00,0.0360,0.01,no
2026-10-05T04:58:24.875391Z,KXBTC15M-26OCT050100-00,0.0360,0.01,no
2026-10-05T04:58:24.875391Z,KXBTC15M-26OCT050100-00,0.0360,6.18,no
2026-10-05T04:58:24.890541Z,KXBTC15M-26OCT050100-00,0.0360,0.01,no
2026-10-05T04:58:24.890541Z,KXBTC15M-26OCT050100-00,0.0360,1.70,no
2026-10-05T04:58:24.890541Z,KXBTC15M-26OCT050100-00,0.0360,0.01,no
2026-10-05T04:58:24.892054Z,KXBTC15M-26OCT050100-00,0.0360,76.00,no
2026-10-05T04:58:24.932213Z,KXBTC15M-26OCT050100-00,0.0320,2.00,no
2026-10-05T04:58:24.932213Z,KXBTC15M-26OCT050100-00,0.0320,2.00,no
2026-10-05T04:58:24.932213Z,KXBTC15M-26OCT050100-00,0.0320,10.00,no
2026-10-05T04:58:24.932213Z,KXBTC15M-26OCT050100-00,0.0320,228.37,no
2026-10-05T04:58:24.941427Z,KXBTC15M-26OCT050100-00,0.0320,5.05,no
2026-10-05T04:58:25.002322Z,KXBTC15M-26OCT050100-00,0.0350,500.00,yes
2026-10-05T04:58:25.002322Z,KXBTC15M-26OCT050100-00,0.0350,500.00,yes
2026-10-05T04:58:25.002322Z,KXBTC15M-26OCT050100-00,0.0350,0.01,yes
2026-10-05T04:58:25.002322Z,KXBTC15M-26OCT050100-00,0.0350,0.01,yes
2026-10-05T04:58:25.002322Z,KXBTC15M-26OCT050100-00,0.0350,17.00,yes
2026-10-05T04:58:25.002322Z,KXBTC15M-26OCT050100-00,0.0350,93.75,yes
2026-10-05T04:58:25.002322Z,KXBTC15M-26OCT050100-00,0.0350,200.00,yes
2026-10-05T04:58:25.002322Z,KXBTC15M-26OCT050100-00,0.0350,11.00,yes
2026-10-05T04:58:25.002322Z,KXBTC15M-26OCT050100-00,0.0350,320.62,yes
2026-10-05T04:58:25.023221Z,KXBTC15M-26OCT050100-00,0.0350,50.62,no
2026-10-05T04:58:25.041103Z,KXBTC15M-26OCT050100-00,0.0350,30.47,no
2026-10-05T04:58:25.085483Z,KXBTC15M-26OCT050100-00,0.0360,10.00,yes
2026-10-05T04:58:25.085483Z,KXBTC15M-26OCT050100-00,0.0360,0.01,yes
2026-10-05T04:58:25.085483Z,KXBTC15M-26OCT050100-00,0.0360,4.55,yes
2026-10-05T04:58:25.085483Z,KXBTC15M-26OCT050100-00,0.0360,0.01,yes
2026-10-05T04:58:25.085483Z,KXBTC15M-26OCT050100-00,0.0360,24.00,yes
2026-10-05T04:58:25.141256Z,KXBTC15M-26OCT050100-00,0.0360,120.20,yes
2026-10-05T04:58:25.142073Z,KXBTC15M-26OCT050100-00,0.0360,51.90,yes
2026-10-05T04:58:25.165564Z,KXBTC15M-26OCT050100-00,0.0350,100.00,no
2026-10-05T04:58:25.165564Z,KXBTC15M-26OCT050100-00,0.0350,0.01,no
2026-10-05T04:58:25.165564Z,KXBTC15M-26OCT050100-00,0.0350,0.01,no
2026-10-05T04:58:25.179486Z,KXBTC15M-26OCT050100-00,0.0350,0.01,no
2026-10-05T04:58:25.179486Z,KXBTC15M-26OCT050100-00,0.0340,8.26,no
2026-10-05T04:58:25.179486Z,KXBTC15M-26OCT050100-00,0.0350,0.01,no
2026-10-05T04:58:25.192293Z,KXBTC15M-26OCT050100-00,0.0340,2.89,no
2026-10-05T04:58:25.194426Z,KXBTC15M-26OCT050100-00,0.0350,89.92,yes
2026-10-05T04:58:25.194426Z,KXBTC15M-26OCT050100-00,0.0350,150.00,yes
2026-10-05T04:58:25.201665Z,KXBTC15M-26OCT050100-00,0.0340,31.68,no
2026-10-05T04:58:25.205579Z,KXBTC15M-26OCT050100-00,0.0340,10.33,no
2026-10-05T04:58:25.277008Z,KXBTC15M-26OCT050100-00,0.0340,0.01,no
2026-10-05T04:58:25.277008Z,KXBTC15M-26OCT050100-00,0.0340,0.01,no
2026-10-05T04:58:25.277008Z,KXBTC15M-26OCT050100-00,0.0340,145.84,no
2026-10-05T04:58:25.277008Z,KXBTC15M-26OCT050100-00,0.0340,96.25,no
2026-10-05T04:58:25.283611Z,KXBTC15M-26OCT050100-00,0.0360,8.02,yes
2026-10-05T04:58:25.283611Z,KXBTC15M-26OCT050100-00,0.0350,0.01,yes
2026-10-05T04:58:25.283611Z,KXBTC15M-26OCT050100-00,0.0360,0.01,yes
2026-10-05T04:58:25.283611Z,KXBTC15M-26OCT050100-00,0.0350,0.01,yes
2026-10-05T04:58:25.283611Z,KXBTC15M-26OCT050100-00,0.0360,0.01,yes
2026-10-05T04:58:25.283611Z,KXBTC15M-26OCT050100-00,0.0350,17.00,yes
2026-10-05T04:58:25.314629Z,KXBTC15M-26OCT050100-00,0.0340,0.01,no
2026-10-05T04:58:25.314629Z,KXBTC15M-26OCT050100-00,0.0350,0.01,no
2026-10-05T04:58:25.314629Z,KXBTC15M-26OCT050100-00,0.0340,200.00,no
2026-10-05T04:58:25.314629Z,KXBTC15M-26OCT050100-00,0.0340,0.01,no
2026-10-05T04:58:25.314629Z,KXBTC15M-26OCT050100-00,0.0350,0.01,no
2026-10-05T04:58:25.314629Z,KXBTC15M-26OCT050100-00,0.0330,116.52,no
2026-10-05T04:58:25.35252Z,KXBTC15M-26OCT050100-00,0.0350,116.79,yes
2026-10-05T04:58:25.35252Z,KXBTC15M-26OCT050100-00,0.0340,17.00,yes
2026-10-05T04:58:25.35252Z,KXBTC15M-26OCT050100-00,0.0340,0.01,yes
2026-10-05T04:58:25.35252Z,KXBTC15M-26OCT050100-00,0.0340,0.01,yes
2026-10-05T04:58:25.366374Z,KXBTC15M-26OCT050100-00,0.0310,1.00,no
2026-10-05T04:58:25.366374Z,KXBTC15M-26OCT050100-00,0.0300,1047.00,no
2026-10-05T04:58:25.366374Z,KXBTC15M-26OCT050100-00,0.0310,1.01,no
2026-10-05T04:58:25.366374Z,KXBTC15M-26OCT050100-00,0.0300,2.00,no
2026-10-05T04:58:25.366374Z,KXBTC15M-26OCT050100-00,0.0300,2.00,no
2026-10-05T04:58:25.366374Z,KXBTC15M-26OCT050100-00,0.0330,400.00,no
2026-10-05T04:58:25.366374Z,KXBTC15M-26OCT050100-00,0.0330,10.00,no
2026-10-05T04:58:25.366374Z,KXBTC15M-26OCT050100-00,0.0330,100.00,no
2026-10-05T04:58:25.366374Z,KXBTC15M-26OCT050100-00,0.0300,39.51,no
2026-10-05T04:58:25.366374Z,KXBTC15M-26OCT050100-00,0.0310,0.01,no
2026-10-05T04:58:25.366374Z,KXBTC15M-26OCT050100-00,0.0310,0.01,no
2026-10-05T04:58:25.366374Z,KXBTC15M-26OCT050100-00,0.0340,150.00,no
2026-10-05T04:58:25.366374Z,KXBTC15M-26OCT050100-00,0.0300,15.00,no
2026-10-05T04:58:25.366374Z,KXBTC15M-26OCT050100-00,0.0330,0.01,no
2026-10-05T04:58:25.366374Z,KXBTC15M-26OCT050100-00,0.0330,0.01,no
2026-10-05T04:58:25.366374Z,KXBTC15M-26OCT050100-00,0.0300,93.75,no
2026-10-05T04:58:25.366374Z,KXBTC15M-26OCT050100-00,0.0310,218.00,no
2026-10-05T04:58:25.366374Z,KXBTC15M-26OCT050100-00,0.0310,50.00,no
2026-10-05T04:58:25.366374Z,KXBTC15M-26OCT050100-00,0.0330,500.00,no
2026-10-05T04:58:25.426598Z,KXBTC15M-26OCT050100-00,0.0330,50.64,yes
2026-10-05T04:58:25.461259Z,KXBTC15M-26OCT050100-00,0.0330,52.04,yes
2026-10-05T04:58:25.466374Z,KXBTC15M-26OCT050100-00,0.0320,192.27,no
2026-10-05T04:58:25.466374Z,KXBTC15M-26OCT050100-00,0.0320,0.01,no
2026-10-05T04:58:25.504071Z,KXBTC15M-26OCT050100-00,0.0330,26.76,yes
2026-10-05T04:58:25.504265Z,KXBTC15M-26OCT050100-00,0.0320,33.49,no
2026-10-05T04:58:25.509092Z,KXBTC15M-26OCT050100-00,0.0330,196.00,yes
2026-10-05T04:58:25.521977Z,KXBTC15M-26OCT050100-00,0.0330,119.58,yes
2026-10-05T04:58:25.523253Z,KXBTC15M-26OCT050100-00,0.0320,60.99,no
2026-10-05T04:58:25.561927Z,KXBTC15M-26OCT050100-00,0.0350,33.21,yes
2026-10-05T04:58:25.561927Z,KXBTC15M-26OCT050100-00,0.0330,601.98,yes
2026-10-05T04:58:25.561927Z,KXBTC15M-26OCT050100-00,0.0350,49.41,yes
2026-10-05T04:58:25.561927Z,KXBTC15M-26OCT050100-00,0.0330,0.01,yes
2026-10-05T04:58:25.561927Z,KXBTC15M-26OCT050100-00,0.0350,11.00,yes
2026-10-05T04:58:25.561927Z,KXBTC15M-26OCT050100-00,0.0330,0.01,yes
2026-10-05T04:58:25.561927Z,KXBTC15M-26OCT050100-00,0.0330,500.00,yes
2026-10-05T04:58:25.561927Z,KXBTC15M-26OCT050100-00,0.0330,168.60,yes
2026-10-05T04:58:25.561927Z,KXBTC15M-26OCT050100-00,0.0330,17.00,yes
2026-10-05T04:58:25.561927Z,KXBTC15M-26OCT050100-00,0.0330,500.00,yes
2026-10-05T04:58:25.608603Z,KXBTC15M-26OCT050100-00,0.0330,0.01,yes
2026-10-05T04:58:25.608603Z,KXBTC15M-26OCT050100-00,0.0340,146.98,yes
2026-10-05T04:58:25.608603Z,KXBTC15M-26OCT050100-00,0.0330,7.00,yes
2026-10-05T04:58:25.608603Z,KXBTC15M-26OCT050100-00,0.0330,35.00,yes
2026-10-05T04:58:25.608603Z,KXBTC15M-26OCT050100-00,0.0330,0.01,yes
2026-10-05T04:58:25.622504Z,KXBTC15M-26OCT050100-00,0.0330,0.10,no
2026-10-05T04:58:25.647644Z,KXBTC15M-26OCT050100-00,0.0350,0.01,yes
2026-10-05T04:58:25.647644Z,KXBTC15M-26OCT050100-00,0.0350,1.25,yes
2026-10-05T04:58:25.647644Z,KXBTC15M-26OCT050100-00,0.0340,0.01,yes
2026-10-05T04:58:25.647644Z,KXBTC15M-26OCT050100-00,0.0340,17.00,yes
2026-10-05T04:58:25.647644Z,KXBTC15M-26OCT050100-00,0.0340,0.01,yes
2026-10-05T04:58:25.658741Z,KXBTC15M-26OCT050100-00,0.0330,0.01,no
2026-10-05T04:58:25.658741Z,KXBTC15M-26OCT050100-00,0.0330,150.00,no
2026-10-05T04:58:25.658741Z,KXBTC15M-26OCT050100-00,0.0330,382.08,no
2026-10-05T04:58:25.658741Z,KXBTC15M-26OCT050100-00,0.0330,150.00,no
2026-10-05T04:58:25.658741Z,KXBTC15M-26OCT050100-00,0.0330,150.00,no
2026-10-05T04:58:25.658741Z,KXBTC15M-26OCT050100-00,0.0330,0.01,no
2026-10-05T04:58:25.658741Z,KXBTC15M-26OCT050100-00,0.0330,150.00,no
2026-10-05T04:58:25.658741Z,KXBTC15M-26OCT050100-00,0.0330,149.90,no
2026-10-05T04:58:25.658741Z,KXBTC15M-26OCT050100-00,0.0330,150.00,no
2026-10-05T04:58:25.658741Z,KXBTC15M-26OCT050100-00,0.0330,100.00,no
2026-10-05T04:58:25.658741Z,KXBTC15M-26OCT050100-00,0.0330,10.00,no
2026-10-05T04:58:25.843034Z,KXBTC15M-26OCT050100-00,0.0330,10.00,no
2026-10-05T04:58:25.843034Z,KXBTC15M-26OCT050100-00,0.0330,0.01,no
2026-10-05T04:58:25.843034Z,KXBTC15M-26OCT050100-00,0.0330,0.01,no
2026-10-05T04:58:25.843034Z,KXBTC15M-26OCT050100-00,0.0330,84.17,no
2026-10-05T04:58:25.901219Z,KXBTC15M-26OCT050100-00,0.0330,20.27,no
2026-10-05T04:58:25.979015Z,KXBTC15M-26OCT050100-00,0.0330,1.36,no
2026-10-05T04:58:25.982308Z,KXBTC15M-26OCT050100-00,0.0350,8.82,yes
2026-10-05T04:58:25.982308Z,KXBTC15M-26OCT050100-00,0.0350,0.01,yes
2026-10-05T04:58:25.982308Z,KXBTC15M-26OCT050100-00,0.0350,0.01,yes
2026-10-05T04:58:25.982308Z,KXBTC15M-26OCT050100-00,0.0350,15.75,yes
2026-10-05T04:58:26.019276Z,KXBTC15M-26OCT050100-00,0.0330,100.00,no
2026-10-05T04:58:26.019276Z,KXBTC15M-26OCT050100-00,0.0330,200.00,no
2026-10-05T04:58:26.019276Z,KXBTC15M-26OCT050100-00,0.0330,500.00,no
2026-10-05T04:58:26.019276Z,KXBTC15M-26OCT050100-00,0.0330,249.79,no
2026-10-05T04:58:26.019276Z,KXBTC15M-26OCT050100-00,0.0330,394.20,no
2026-10-05T04:58:26.026756Z,KXBTC15M-26OCT050100-00,0.0330,0.01,no
2026-10-05T04:58:26.026756Z,KXBTC15M-26OCT050100-00,0.0330,0.01,no
2026-10-05T04:58:26.026756Z,KXBTC15M-26OCT050100-00,0.0330,150.21,no
2026-10-05T04:58:26.045343Z,KXBTC15M-26OCT050100-00,0.0310,25.00,no
2026-10-05T04:58:26.068235Z,KXBTC15M-26OCT050100-00,0.0310,5.04,no
2026-10-05T04:58:26.074742Z,KXBTC15M-26OCT050100-00,0.0310,0.02,no
2026-10-05T04:58:26.075363Z,KXBTC15M-26OCT050100-00,0.0320,5.51,yes
2026-10-05T04:58:26.095118Z,KXBTC15M-26OCT050100-00,0.0320,11.49,yes
2026-10-05T04:58:26.095118Z,KXBTC15M-26OCT050100-00,0.0320,69.00,yes
2026-10-05T04:58:26.095118Z,KXBTC15M-26OCT050100-00,0.0320,345.05,yes
2026-10-05T04:58:26.12362Z,KXBTC15M-26OCT050100-00,0.0310,42.78,no
2026-10-05T04:58:26.129767Z,KXBTC15M-26OCT050100-00,0.0260,169.94,no
2026-10-05T04:58:26.129767Z,KXBTC15M-26OCT050100-00,0.0300,107.54,no
2026-10-05T04:58:26.129767Z,KXBTC15M-26OCT050100-00,0.0300,0.60,no
2026-10-05T04:58:26.129767Z,KXBTC15M-26OCT050100-00,0.0300,0.01,no
2026-10-05T04:58:26.129767Z,KXBTC15M-26OCT050100-00,0.0310,344.16,no
2026-10-05T04:58:26.129767Z,KXBTC15M-26OCT050100-00,0.0310,0.01,no
2026-10-05T04:58:26.129767Z,KXBTC15M-26OCT050100-00,0.0270,10.00,no
2026-10-05T04:58:26.129767Z,KXBTC15M-26OCT050100-00,0.0310,0.01,no
2026-10-05T04:58:26.129767Z,KXBTC15M-26OCT050100-00,0.0260,1.00,no
2026-10-05T04:58:26.145712Z,KXBTC15M-26OCT050100-00,0.0280,5.75,yes
2026-10-05T04:58:26.145712Z,KXBTC15M-26OCT050100-00,0.0280,0.01,yes
2026-10-05T04:58:26.145712Z,KXBTC15M-26OCT050100-00,0.0280,21.00,yes
2026-10-05T04:58:26.170953Z,KXBTC15M-26OCT050100-00,0.0270,0.01,no
2026-10-05T04:58:26.170953Z,KXBTC15M-26OCT050100-00,0.0270,0.01,no
2026-10-05T04:58:26.170953Z,KXBTC15M-26OCT050100-00,0.0270,72.48,no
2026-10-05T04:58:26.209817Z,KXBTC15M-26OCT050100-00,0.0270,4.27,no
2026-10-05T04:58:26.212731Z,KXBTC15M-26OCT050100-00,0.0280,56.37,yes
2026-10-05T04:58:26.215667Z,KXBTC15M-26OCT050100-00,0.0280,0.26,yes
2026-10-05T04:58:26.226971Z,KXBTC15M-26OCT050100-00,0.0280,100.00,yes
2026-10-05T04:58:26.226971Z,KXBTC15M-26OCT050100-00,0.0280,0.01,yes
2026-10-05T04:58:26.226971Z,KXBTC15M-26OCT050100-00,0.0280,0.01,yes
2026-10-05T04:58:26.226971Z,KXBTC15M-26OCT050100-00,0.0280,37.62,yes
2026-10-05T04:58:26.226971Z,KXBTC15M-26OCT050100-00,0.0280,254.69,yes
2026-10-05T04:58:26.256301Z,KXBTC15M-26OCT050100-00,0.0280,2.67,yes
2026-10-05T04:58:26.315738Z,KXBTC15M-26OCT050100-00,0.0280,38.26,yes
2026-10-05T04:58:26.375531Z,KXBTC15M-26OCT050100-00,0.0270,190.19,no
2026-10-05T04:58:26.382719Z,KXBTC15M-26OCT050100-00,0.0280,20.00,yes
2026-10-05T04:58:26.430802Z,KXBTC15M-26OCT050100-00,0.0250,2177.25,no
2026-10-05T04:58:26.430802Z,KXBTC15M-26OCT050100-00,0.0250,500.00,no
2026-10-05T04:58:26.430802Z,KXBTC15M-26OCT050100-00,0.0270,0.01,no
2026-10-05T04:58:26.430802Z,KXBTC15M-26OCT050100-00,0.0270,0.01,no
2026-10-05T04:58:26.430802Z,KXBTC15M-26OCT050100-00,0.0260,10.00,no
2026-10-05T04:58:26.430802Z,KXBTC15M-26OCT050100-00,0.0270,88.73,no
2026-10-05T04:58:26.430802Z,KXBTC15M-26OCT050100-00,0.0260,200.00,no
2026-10-05T04:58:26.430802Z,KXBTC15M-26OCT050100-00,0.0250,200.00,no
2026-10-05T04:58:26.430802Z,KXBTC15M-26OCT050100-00,0.0250,200.00,no
2026-10-05T04:58:26.430802Z,KXBTC15M-26OCT050100-00,0.0250,1.00,no
2026-10-05T04:58:26.433677Z,KXBTC15M-26OCT050100-00,0.0200,10.61,no
2026-10-05T04:58:26.433677Z,KXBTC15M-26OCT050100-00,0.0200,277.08,no
2026-10-05T04:58:26.433677Z,KXBTC15M-26OCT050100-00,0.0200,1.00,no
2026-10-05T04:58:26.433677Z,KXBTC15M-26OCT050100-00,0.0200,500.00,no
2026-10-05T04:58:26.433677Z,KXBTC15M-26OCT050100-00,0.0250,3380.75,no
2026-10-05T04:58:26.433677Z,KXBTC15M-26OCT050100-00,0.0200,0.95,no
2026-10-05T04:58:26.433677Z,KXBTC15M-26OCT050100-00,0.0200,13.43,no
2026-10-05T04:58:26.433677Z,KXBTC15M-26OCT050100-00,0.0250,400.00,no
2026-10-05T04:58:26.433677Z,KXBTC15M-26OCT050100-00,0.0210,8.20,no
2026-10-05T04:58:26.433677Z,KXBTC15M-26OCT050100-00,0.0200,1.00,no
2026-10-05T04:58:26.433677Z,KXBTC15M-26OCT050100-00,0.0200,59.00,no
2026-10-05T04:58:26.433677Z,KXBTC15M-26OCT050100-00,0.0210,36.00,no
2026-10-05T04:58:26.433677Z,KXBTC15M-26OCT050100-00,0.0200,50.00,no
2026-10-05T04:58:26.433677Z,KXBTC15M-26OCT050100-00,0.0200,150.00,no
2026-10-05T04:58:26.433677Z,KXBTC15M-26OCT050100-00,0.0200,2.00,no
2026-10-05T04:58:26.433677Z,KXBTC15M-26OCT050100-00,0.0200,1000.00,no
2026-10-05T04:58:26.433677Z,KXBTC15M-26OCT050100-00,0.0200,400.00,no
2026-10-05T04:58:26.433677Z,KXBTC15M-26OCT050100-00,0.0200,27.05,no
2026-10-05T04:58:26.433677Z,KXBTC15M-26OCT050100-00,0.0200,35.88,no
2026-10-05T04:58:26.433677Z,KXBTC15M-26OCT050100-00,0.0200,50.00,no
2026-10-05T04:58:26.433677Z,KXBTC15M-26OCT050100-00,0.0240,1.00,no
2026-10-05T04:58:26.433677Z,KXBTC15M-26OCT050100-00,0.0230,1.00,no
2026-10-05T04:58:26.433677Z,KXBTC15M-26OCT050100-00,0.0210,1.00,no
2026-10-05T04:58:26.433677Z,KXBTC15M-26OCT050100-00,0.0200,1.00,no
2026-10-05T04:58:26.433677Z,KXBTC15M-26OCT050100-00,0.0220,1.00,no
2026-10-05T04:58:26.433677Z,KXBTC15M-26OCT050100-00,0.0200,1.00,no
2026-10-05T04:58:26.433677Z,KXBTC15M-26OCT050100-00,0.0200,330.00,no
2026-10-05T04:58:26.433677Z,KXBTC15M-26OCT050100-00,0.0200,44.25,no
2026-10-05T04:58:26.433677Z,KXBTC15M-26OCT050100-00,0.0240,160.00,no
2026-10-05T04:58:26.433677Z,KXBTC15M-26OCT050100-00,0.0200,260.00,no
2026-10-05T04:58:26.433677Z,KXBTC15M-26OCT050100-00,0.0200,11.00,no
2026-10-05T04:58:26.433677Z,KXBTC15M-26OCT050100-00,0.0220,330.00,no
2026-10-05T04:58:26.433677Z,KXBTC15M-26OCT050100-00,0.0200,1047.00,no
2026-10-05T04:58:26.433677Z,KXBTC15M-26OCT050100-00,0.0200,25.00,no
2026-10-05T04:58:26.433677Z,KXBTC15M-26OCT050100-00,0.0200,10.00,no
2026-10-05T04:58:26.433677Z,KXBTC15M-26OCT050100-00,0.0210,1.00,no
2026-10-05T04:58:26.433677Z,KXBTC15M-26OCT050100-00,0.0200,20.51,no
2026-10-05T04:58:26.433677Z,KXBTC15M-26OCT050100-00,0.0200,27.24,no
2026-10-05T04:58:26.433677Z,KXBTC15M-26OCT050100-00,0.0200,0.77,no
2026-10-05T04:58:26.44188Z,KXBTC15M-26OCT050100-00,0.0270,3.12,yes
2026-10-05T04:58:26.450696Z,KXBTC15M-26OCT050100-00,0.0200,11.00,no
2026-10-05T04:58:26.450696Z,KXBTC15M-26OCT050100-00,0.0210,0.01,no
2026-10-05T04:58:26.450696Z,KXBTC15M-26OCT050100-00,0.0190,8.55,no
2026-10-05T04:58:26.450696Z,KXBTC15M-26OCT050100-00,0.0190,136.42,no
2026-10-05T04:58:26.450696Z,KXBTC15M-26OCT050100-00,0.0200,1.00,no
2026-10-05T04:58:26.450696Z,KXBTC15M-26OCT050100-00,0.0210,11.00,no
2026-10-05T04:58:26.450696Z,KXBTC15M-26OCT050100-00,0.0190,1.00,no
2026-10-05T04:58:26.463965Z,KXBTC15M-26OCT050100-00,0.0220,41.19,no
2026-10-05T04:58:26.66483Z,KXBTC15M-26OCT050100-00,0.0220,129.67,no
2026-10-05T04:58:26.676078Z,KXBTC15M-26OCT050100-00,0.0220,0.01,no
2026-10-05T04:58:26.676078Z,KXBTC15M-26OCT050100-00,0.0220,0.01,no
2026-10-05T04:58:26.676078Z,KXBTC15M-26OCT050100-00,0.0200,50.00,no
2026-10-05T04:58:26.677741Z,KXBTC15M-26OCT050100-00,0.0190,1.00,no
2026-10-05T04:58:26.690014Z,KXBTC15M-26OCT050100-00,0.0190,0.01,no
2026-10-05T04:58:26.690014Z,KXBTC15M-26OCT050100-00,0.0190,50.00,no
2026-10-05T04:58:26.690014Z,KXBTC15M-26OCT050100-00,0.0180,39.00,no
2026-10-05T04:58:26.690014Z,KXBTC15M-26OCT050100-00,0.0200,0.01,no
2026-10-05T04:58:26.690014Z,KXBTC15M-26OCT050100-00,0.0170,18.98,no
2026-10-05T04:58:26.690014Z,KXBTC15M-26OCT050100-00,0.0170,1.00,no
2026-10-05T04:58:26.690014Z,KXBTC15M-26OCT050100-00,0.0180,1.00,no
2026-10-05T04:58:26.714708Z,KXBTC15M-26OCT050100-00,0.0190,0.01,no
2026-10-05T04:58:26.714708Z,KXBTC15M-26OCT050100-00,0.0190,0.01,no
2026-10-05T04:58:26.714708Z,KXBTC15M-26OCT050100-00,0.0190,1.00,no
2026-10-05T04:58:26.714708Z,KXBTC15M-26OCT050100-00,0.0170,19.07,no
2026-10-05T04:58:26.727645Z,KXBTC15M-26OCT050100-00,0.0170,14.78,no
2026-10-05T04:58:26.755438Z,KXBTC15M-26OCT050100-00,0.0180,71.88,yes
2026-10-05T04:58:26.77407Z,KXBTC15M-26OCT050100-00,0.0180,53.52,yes
2026-10-05T04:58:26.776216Z,KXBTC15M-26OCT050100-00,0.0180,87.47,yes
2026-10-05T04:58:26.790117Z,KXBTC15M-26OCT050100-00,0.0170,0.01,no
2026-10-05T04:58:26.790117Z,KXBTC15M-26OCT050100-00,0.0170,0.01,no
2026-10-05T04:58:26.790117Z,KXBTC15M-26OCT050100-00,0.0170,99.17,no
2026-10-05T04:58:26.790117Z,KXBTC15M-26OCT050100-00,0.0160,0.81,no
2026-10-05T04:58:26.790905Z,KXBTC15M-26OCT050100-00,0.0160,384.00,no
2026-10-05T04:58:26.790905Z,KXBTC15M-26OCT050100-00,0.0160,355.17,no
2026-10-05T04:58:26.790905Z,KXBTC15M-26OCT050100-00,0.0160,660.00,no
2026-10-05T04:58:26.790905Z,KXBTC15M-26OCT050100-00,0.0160,987.19,no
2026-10-05T04:58:26.796246Z,KXBTC15M-26OCT050100-00,0.0160,0.13,no
2026-10-05T04:58:26.80167Z,KXBTC15M-26OCT050100-00,0.0160,15.69,no
2026-10-05T04:58:26.812221Z,KXBTC15M-26OCT050100-00,0.0160,4.00,no
2026-10-05T04:58:26.812257Z,KXBTC15M-26OCT050100-00,0.0160,2.00,no
2026-10-05T04:58:26.818328Z,KXBTC15M-26OCT050100-00,0.0170,150.00,yes
2026-10-05T04:58:26.856072Z,KXBTC15M-26OCT050100-00,0.0170,100.00,yes
2026-10-05T04:58:26.857719Z,KXBTC15M-26OCT050100-00,0.0170,0.01,yes
2026-10-05T04:58:26.857719Z,KXBTC15M-26OCT050100-00,0.0170,100.00,yes
2026-10-05T04:58:26.857719Z,KXBTC15M-26OCT050100-00,0.0170,49.99,yes
2026-10-05T04:58:26.857719Z,KXBTC15M-26OCT050100-00,0.0170,50.00,yes
2026-10-05T04:58:26.864587Z,KXBTC15M-26OCT050100-00,0.0160,7.01,no
2026-10-05T04:58:26.864587Z,KXBTC15M-26OCT050100-00,0.0160,92.99,no
2026-10-05T04:58:26.865644Z,KXBTC15M-26OCT050100-00,0.0170,500.00,yes
2026-10-05T04:58:26.865644Z,KXBTC15M-26OCT050100-00,0.0170,500.00,yes
2026-10-05T04:58:26.865644Z,KXBTC15M-26OCT050100-00,0.0170,15.69,yes
2026-10-05T04:58:26.865644Z,KXBTC15M-26OCT050100-00,0.0170,4.00,yes
2026-10-05T04:58:26.865644Z,KXBTC15M-26OCT050100-00,0.0170,355.17,yes
2026-10-05T04:58:26.865644Z,KXBTC15M-26OCT050100-00,0.0170,48.01,yes
2026-10-05T04:58:26.865644Z,KXBTC15M-26OCT050100-00,0.0170,13.00,yes
2026-10-05T04:58:26.865644Z,KXBTC15M-26OCT050100-00,0.0170,400.00,yes
2026-10-05T04:58:26.865644Z,KXBTC15M-26OCT050100-00,0.0170,100.00,yes
2026-10-05T04:58:26.865644Z,KXBTC15M-26OCT050100-00,0.0170,0.01,yes
2026-10-05T04:58:26.865644Z,KXBTC15M-26OCT050100-00,0.0170,0.13,yes
2026-10-05T04:58:26.882086Z,KXBTC15M-26OCT050100-00,0.0170,0.01,yes
2026-10-05T04:58:26.882086Z,KXBTC15M-26OCT050100-00,0.0170,76.98,yes
2026-10-05T04:58:26.882086Z,KXBTC15M-26OCT050100-00,0.0170,2.00,yes
2026-10-05T04:58:26.882086Z,KXBTC15M-26OCT050100-00,0.0170,100.00,yes
2026-10-05T04:58:26.882086Z,KXBTC15M-26OCT050100-00,0.0170,0.01,yes
2026-10-05T04:58:26.888867Z,KXBTC15M-26OCT050100-00,0.0160,1.00,no
2026-10-05T04:58:26.888867Z,KXBTC15M-26OCT050100-00,0.0160,291.01,no
2026-10-05T04:58:26.888867Z,KXBTC15M-26OCT050100-00,0.0160,175.99,no
2026-10-05T04:58:26.891834Z,KXBTC15M-26OCT050100-00,0.0160,15.00,no
2026-10-05T04:58:26.891834Z,KXBTC15M-26OCT050100-00,0.0160,0.01,no
2026-10-05T04:58:26.891834Z,KXBTC15M-26OCT050100-00,0.0160,0.01,no
2026-10-05T04:58:26.891834Z,KXBTC15M-26OCT050100-00,0.0160,13.00,no
2026-10-05T04:58:26.891834Z,KXBTC15M-26OCT050100-00,0.0150,0.08,no
2026-10-05T04:58:26.891834Z,KXBTC15M-26OCT050100-00,0.0160,208.01,no
2026-10-05T04:58:26.898793Z,KXBTC15M-26OCT050100-00,0.0160,13.00,no
2026-10-05T04:58:26.898793Z,KXBTC15M-26OCT050100-00,0.0150,186.08,no
2026-10-05T04:58:26.898793Z,KXBTC15M-26OCT050100-00,0.0150,0.92,no
2026-10-05T04:58:26.917386Z,KXBTC15M-26OCT050100-00,0.0170,3.24,yes
2026-10-05T04:58:26.920287Z,KXBTC15M-26OCT050100-00,0.0170,95.20,yes
2026-10-05T04:58:26.920287Z,KXBTC15M-26OCT050100-00,0.0170,0.01,yes
2026-10-05T04:58:26.920287Z,KXBTC15M-26OCT050100-00,0.0170,7.01,yes
2026-10-05T04:58:26.920287Z,KXBTC15M-26OCT050100-00,0.0170,0.01,yes
2026-10-05T04:58:26.920287Z,KXBTC15M-26OCT050100-00,0.0170,12.77,yes
2026-10-05T04:58:26.925577Z,KXBTC15M-26OCT050100-00,0.0160,0.01,no
2026-10-05T04:58:26.925577Z,KXBTC15M-26OCT050100-00,0.0160,0.01,no
2026-10-05T04:58:26.925577Z,KXBTC15M-26OCT050100-00,0.0150,103.83,no
2026-10-05T04:58:26.953525Z,KXBTC15M-26OCT050100-00,0.0150,94.09,no
2026-10-05T04:58:26.953525Z,KXBTC15M-26OCT050100-00,0.0150,5.91,no
2026-10-05T04:58:26.958598Z,KXBTC15M-26OCT050100-00,0.0150,40.00,no
2026-10-05T04:58:26.966439Z,KXBTC15M-26OCT050100-00,0.0160,15.00,yes
2026-10-05T04:58:26.967056Z,KXBTC15M-26OCT050100-00,0.0160,0.01,yes
2026-10-05T04:58:26.967056Z,KXBTC15M-26OCT050100-00,0.0160,100.00,yes
2026-10-05T04:58:26.967056Z,KXBTC15M-26OCT050100-00,0.0160,0.01,yes
2026-10-05T04:58:26.967056Z,KXBTC15M-26OCT050100-00,0.0160,88.83,yes
2026-10-05T04:58:26.967056Z,KXBTC15M-26OCT050100-00,0.0160,50.15,yes
2026-10-05T04:58:27.024112Z,KXBTC15M-26OCT050100-00,0.0160,4.14,yes
2026-10-05T04:58:27.072111Z,KXBTC15M-26OCT050100-00,0.0150,26.91,no
2026-10-05T04:58:27.072111Z,KXBTC15M-26OCT050100-00,0.0150,1.00,no
2026-10-05T04:58:27.072111Z,KXBTC15M-26OCT050100-00,0.0150,338.09,no
2026-10-05T04:58:27.072111Z,KXBTC15M-26OCT050100-00,0.0150,384.00,no
2026-10-05T04:58:27.075313Z,KXBTC15M-26OCT050100-00,0.0160,19.50,yes
2026-10-05T04:58:27.091907Z,KXBTC15M-26OCT050100-00,0.0160,10.92,yes
2026-10-05T04:58:27.10461Z,KXBTC15M-26OCT050100-00,0.0150,1.00,no
2026-10-05T04:58:27.10461Z,KXBTC15M-26OCT050100-00,0.0150,150.00,no
2026-10-05T04:58:27.10461Z,KXBTC15M-26OCT050100-00,0.0150,0.01,no
2026-10-05T04:58:27.10461Z,KXBTC15M-26OCT050100-00,0.0150,0.01,no
2026-10-05T04:58:27.10461Z,KXBTC15M-26OCT050100-00,0.0150,168.00,no
2026-10-05T04:58:27.10461Z,KXBTC15M-26OCT050100-00,0.0150,16.89,no
2026-10-05T04:58:27.10461Z,KXBTC15M-26OCT050100-00,0.0150,14.00,no
2026-10-05T04:58:27.10461Z,KXBTC15M-26OCT050100-00,0.0150,10.00,no
2026-10-05T04:58:27.10461Z,KXBTC15M-26OCT050100-00,0.0150,10.00,no
2026-10-05T04:58:27.10461Z,KXBTC15M-26OCT050100-00,0.0150,10.00,no
2026-10-05T04:58:27.10461Z,KXBTC15M-26OCT050100-00,0.0150,10.00,no
2026-10-05T04:58:27.10461Z,KXBTC15M-26OCT050100-00,0.0150,357.09,no
2026-10-05T04:58:27.10461Z,KXBTC15M-26OCT050100-00,0.0150,3.00,no
2026-10-05T04:58:27.105825Z,KXBTC15M-26OCT050100-00,0.0160,17.32,yes
2026-10-05T04:58:27.120782Z,KXBTC15M-26OCT050100-00,0.0160,3.00,yes
2026-10-05T04:58:27.130593Z,KXBTC15M-26OCT050100-00,0.0150,150.00,no
2026-10-05T04:58:27.130593Z,KXBTC15M-26OCT050100-00,0.0150,0.01,no
2026-10-05T04:58:27.130593Z,KXBTC15M-26OCT050100-00,0.0150,0.01,no
2026-10-05T04:58:27.137908Z,KXBTC15M-26OCT050100-00,0.0140,53.50,no
2026-10-05T04:58:27.137908Z,KXBTC15M-26OCT050100-00,0.0140,384.00,no
2026-10-05T04:58:27.141582Z,KXBTC15M-26OCT050100-00,0.0150,46.84,yes
2026-10-05T04:58:27.147391Z,KXBTC15M-26OCT050100-00,0.0140,80.00,no
2026-10-05T04:58:27.157465Z,KXBTC15M-26OCT050100-00,0.0150,53.52,yes
2026-10-05T04:58:27.1664Z,KXBTC15M-26OCT050100-00,0.0150,167.19,yes
2026-10-05T04:58:27.168195Z,KXBTC15M-26OCT050100-00,0.0140,60.00,no
2026-10-05T04:58:27.199985Z,KXBTC15M-26OCT050100-00,0.0140,232.50,no
2026-10-05T04:58:27.199985Z,KXBTC15M-26OCT050100-00,0.0140,384.00,no
2026-10-05T04:58:27.199985Z,KXBTC15M-26OCT050100-00,0.0140,133.50,no
2026-10-05T04:58:27.232614Z,KXBTC15M-26OCT050100-00,0.0140,151.50,no
2026-10-05T04:58:27.232614Z,KXBTC15M-26OCT050100-00,0.0140,598.50,no
2026-10-05T04:58:27.253994Z,KXBTC15M-26OCT050100-00,0.0150,0.01,yes
2026-10-05T04:58:27.253994Z,KXBTC15M-26OCT050100-00,0.0150,0.01,yes
2026-10-05T04:58:27.253994Z,KXBTC15M-26OCT050100-00,0.0150,11.75,yes
2026-10-05T04:58:27.265306Z,KXBTC15M-26OCT050100-00,0.0140,0.98,no
2026-10-05T04:58:27.265306Z,KXBTC15M-26OCT050100-00,0.0140,0.01,no
2026-10-05T04:58:27.265306Z,KXBTC15M-26OCT050100-00,0.0140,0.01,no
2026-10-05T04:58:27.265306Z,KXBTC15M-26OCT050100-00,0.0140,13.00,no
2026-10-05T04:58:27.265306Z,KXBTC15M-26OCT050100-00,0.0140,1.00,no
2026-10-05T04:58:27.265306Z,KXBTC15M-26OCT050100-00,0.0140,150.00,no
2026-10-05T04:58:27.265306Z,KXBTC15M-26OCT050100-00,0.0140,200.00,no
2026-10-05T04:58:27.265306Z,KXBTC15M-26OCT050100-00,0.0140,384.00,no
2026-10-05T04:58:27.265306Z,KXBTC15M-26OCT050100-00,0.0140,1.00,no
2026-10-05T04:58:27.269101Z,KXBTC15M-26OCT050100-00,0.0150,3.70,yes
2026-10-05T04:58:27.284422Z,KXBTC15M-26OCT050100-00,0.0140,123.77,no
2026-10-05T04:58:27.296334Z,KXBTC15M-26OCT050100-00,0.0140,500.00,no
2026-10-05T04:58:27.296334Z,KXBTC15M-26OCT050100-00,0.0140,25.25,no
2026-10-05T04:58:27.296334Z,KXBTC15M-26OCT050100-00,0.0140,206.75,no
2026-10-05T04:58:27.296334Z,KXBTC15M-26OCT050100-00,0.0140,18.00,no
2026-10-05T04:58:27.296366Z,KXBTC15M-26OCT050100-00,0.0150,23.06,yes
2026-10-05T04:58:27.327454Z,KXBTC15M-26OCT050100-00,0.0140,200.00,no
2026-10-05T04:58:27.327454Z,KXBTC15M-26OCT050100-00,0.0140,32.43,no
2026-10-05T04:58:27.327454Z,KXBTC15M-26OCT050100-00,0.0140,0.01,no
2026-10-05T04:58:27.327454Z,KXBTC15M-26OCT050100-00,0.0140,0.01,no
2026-10-05T04:58:27.376098Z,KXBTC15M-26OCT050100-00,0.0150,167.19,yes
2026-10-05T04:58:27.391151Z,KXBTC15M-26OCT050100-00,0.0140,13.20,no
2026-10-05T04:58:27.391353Z,KXBTC15M-26OCT050100-00,0.0150,96.48,yes
2026-10-05T04:58:27.394101Z,KXBTC15M-26OCT050100-00,0.0150,232.50,yes
2026-10-05T04:58:27.394101Z,KXBTC15M-26OCT050100-00,0.0150,384.00,yes
2026-10-05T04:58:27.394101Z,KXBTC15M-26OCT050100-00,0.0150,384.00,yes
2026-10-05T04:58:27.394101Z,KXBTC15M-26OCT050100-00,0.0150,81.82,yes
2026-10-05T04:58:27.394101Z,KXBTC15M-26OCT050100-00,0.0150,0.01,yes
2026-10-05T04:58:27.394101Z,KXBTC15M-26OCT050100-00,0.0150,151.50,yes
2026-10-05T04:58:27.394101Z,KXBTC15M-26OCT050100-00,0.0160,26.91,yes
2026-10-05T04:58:27.394101Z,KXBTC15M-26OCT050100-00,0.0150,13.00,yes
2026-10-05T04:58:27.394101Z,KXBTC15M-26OCT050100-00,0.0160,2.98,yes
2026-10-05T04:58:27.394101Z,KXBTC15M-26OCT050100-00,0.0160,384.00,yes
2026-10-05T04:58:27.394101Z,KXBTC15M-26OCT050100-00,0.0150,200.00,yes
2026-10-05T04:58:27.394101Z,KXBTC15M-26OCT050100-00,0.0150,17.00,yes
2026-10-05T04:58:27.394101Z,KXBTC15M-26OCT050100-00,0.0160,338.09,yes
2026-10-05T04:58:27.394101Z,KXBTC15M-26OCT050100-00,0.0150,150.00,yes
2026-10-05T04:58:27.394101Z,KXBTC15M-26OCT050100-00,0.0150,0.01,yes
2026-10-05T04:58:27.394101Z,KXBTC15M-26OCT050100-00,0.0150,500.00,yes
2026-10-05T04:58:27.394101Z,KXBTC15M-26OCT050100-00,0.0160,5.91,yes
2026-10-05T04:58:27.394101Z,KXBTC15M-26OCT050100-00,0.0160,40.00,yes
2026-10-05T04:58:27.394101Z,KXBTC15M-26OCT050100-00,0.0160,94.09,yes
2026-10-05T04:58:27.410483Z,KXBTC15M-26OCT050100-00,0.0140,1.00,no
2026-10-05T04:58:27.421563Z,KXBTC15M-26OCT050100-00,0.0140,74.53,no
2026-10-05T04:58:27.434739Z,KXBTC15M-26OCT050100-00,0.0140,30.40,no
2026-10-05T04:58:27.434739Z,KXBTC15M-26OCT050100-00,0.0140,0.01,no
2026-10-05T04:58:27.434739Z,KXBTC15M-26OCT050100-00,0.0140,13.00,no
2026-10-05T04:58:27.434739Z,KXBTC15M-26OCT050100-00,0.0140,0.01,no
2026-10-05T04:58:27.434739Z,KXBTC15M-26OCT050100-00,0.0140,28.84,no
2026-10-05T04:58:27.515175Z,KXBTC15M-26OCT050100-00,0.0140,7.95,no
2026-10-05T04:58:27.523022Z,KXBTC15M-26OCT050100-00,0.0150,0.01,yes
2026-10-05T04:58:27.523022Z,KXBTC15M-26OCT050100-00,0.0150,17.00,yes
2026-10-05T04:58:27.523022Z,KXBTC15M-26OCT050100-00,0.0150,0.01,yes
2026-10-05T04:58:27.523022Z,KXBTC15M-26OCT050100-00,0.0160,88.98,yes
2026-10-05T04:58:27.527685Z,KXBTC15M-26OCT050100-00,0.0150,150.00,no
2026-10-05T04:58:27.527685Z,KXBTC15M-26OCT050100-00,0.0140,161.65,no
2026-10-05T04:58:27.527685Z,KXBTC15M-26OCT050100-00,0.0140,91.86,no
2026-10-05T04:58:27.567052Z,KXBTC15M-26OCT050100-00,0.0160,15.00,yes
2026-10-05T04:58:27.598101Z,KXBTC15M-26OCT050100-00,0.0160,6.10,yes
2026-10-05T04:58:27.601848Z,KXBTC15M-26OCT050100-00,0.0160,21.32,yes
2026-10-05T04:58:27.614466Z,KXBTC15M-26OCT050100-00,0.0160,24.76,yes
2026-10-05T04:58:27.712082Z,KXBTC15M-26OCT050100-00,0.0160,9.50,yes
2026-10-05T04:58:27.712082Z,KXBTC15M-26OCT050100-00,0.0160,197.95,yes
2026-10-05T04:58:27.797637Z,KXBTC15M-26OCT050100-00,0.0150,4.03,no
2026-10-05T04:58:27.797637Z,KXBTC15M-26OCT050100-00,0.0150,0.01,no
2026-10-05T04:58:27.797637Z,KXBTC15M-26OCT050100-00,0.0150,0.01,no
2026-10-05T04:58:27.834225Z,KXBTC15M-26OCT050100-00,0.0160,75.29,yes
2026-10-05T04:58:27.901793Z,KXBTC15M-26OCT050100-00,0.0160,23.84,yes
2026-10-05T04:58:27.914881Z,KXBTC15M-26OCT050100-00,0.0160,52.69,yes
2026-10-05T04:58:27.917782Z,KXBTC15M-26OCT050100-00,0.0160,38.68,yes
2026-10-05T04:58:27.917782Z,KXBTC15M-26OCT050100-00,0.0160,242.60,yes
2026-10-05T04:58:27.927467Z,KXBTC15M-26OCT050100-00,0.0160,20.46,yes
2026-10-05T04:58:27.98746Z,KXBTC15M-26OCT050100-00,0.0160,32.83,yes
2026-10-05T04:58:28.018719Z,KXBTC15M-26OCT050100-00,0.0160,109.73,yes
2026-10-05T04:58:28.03454Z,KXBTC15M-26OCT050100-00,0.0160,10.55,yes
2026-10-05T04:58:28.043526Z,KXBTC15M-26OCT050100-00,0.0160,21.39,yes
2026-10-05T04:58:28.047328Z,KXBTC15M-26OCT050100-00,0.0150,0.01,no
2026-10-05T04:58:28.047328Z,KXBTC15M-26OCT050100-00,0.0140,150.00,no
2026-10-05T04:58:28.047328Z,KXBTC15M-26OCT050100-00,0.0150,145.97,no
2026-10-05T04:58:28.047328Z,KXBTC15M-26OCT050100-00,0.0140,200.00,no
2026-10-05T04:58:28.047328Z,KXBTC15M-26OCT050100-00,0.0150,0.01,no
2026-10-05T04:58:28.047328Z,KXBTC15M-26OCT050100-00,0.0150,450.00,no
2026-10-05T04:58:28.047328Z,KXBTC15M-26OCT050100-00,0.0140,13.00,no
2026-10-05T04:58:28.047328Z,KXBTC15M-26OCT050100-00,0.0130,53.86,no
2026-10-05T04:58:28.069475Z,KXBTC15M-26OCT050100-00,0.0150,0.01,yes
2026-10-05T04:58:28.069475Z,KXBTC15M-26OCT050100-00,0.0150,0.01,yes
2026-10-05T04:58:28.069475Z,KXBTC15M-26OCT050100-00,0.0150,17.00,yes
2026-10-05T04:58:28.069475Z,KXBTC15M-26OCT050100-00,0.0150,82.98,yes
2026-10-05T04:58:28.134002Z,KXBTC15M-26OCT050100-00,0.0150,15.59,yes
2026-10-05T04:58:28.150221Z,KXBTC15M-26OCT050100-00,0.0140,0.82,no
2026-10-05T04:58:28.169784Z,KXBTC15M-26OCT050100-00,0.0150,2.42,yes
2026-10-05T04:58:28.174707Z,KXBTC15M-26OCT050100-00,0.0150,24.59,yes
2026-10-05T04:58:28.192748Z,KXBTC15M-26OCT050100-00,0.0140,5.41,no
2026-10-05T04:58:28.204288Z,KXBTC15M-26OCT050100-00,0.0150,58.47,yes
2026-10-05T04:58:28.236656Z,KXBTC15M-26OCT050100-00,0.0140,0.01,no
2026-10-05T04:58:28.236656Z,KXBTC15M-26OCT050100-00,0.0140,13.00,no
2026-10-05T04:58:28.236656Z,KXBTC15M-26OCT050100-00,0.0140,0.01,no
2026-10-05T04:58:28.236656Z,KXBTC15M-26OCT050100-00,0.0140,295.90,no
2026-10-05T04:58:28.248911Z,KXBTC15M-26OCT050100-00,0.0140,53.58,no
2026-10-05T04:58:28.248911Z,KXBTC15M-26OCT050100-00,0.0140,104.10,no
2026-10-05T04:58:28.255671Z,KXBTC15M-26OCT050100-00,0.0150,58.47,yes
2026-10-05T04:58:28.26385Z,KXBTC15M-26OCT050100-00,0.0140,9.93,no
2026-10-05T04:58:28.271265Z,KXBTC15M-26OCT050100-00,0.0150,12.29,yes
2026-10-05T04:58:28.275217Z,KXBTC15M-26OCT050100-00,0.0140,2.02,no
2026-10-05T04:58:28.291166Z,KXBTC15M-26OCT050100-00,0.0140,145.01,no
2026-10-05T04:58:28.298624Z,KXBTC15M-26OCT050100-00,0.0150,20.31,yes
2026-10-05T04:58:28.298624Z,KXBTC15M-26OCT050100-00,0.0150,7.71,yes
2026-10-05T04:58:28.305915Z,KXBTC15M-26OCT050100-00,0.0150,21.42,yes
2026-10-05T04:58:28.37087Z,KXBTC15M-26OCT050100-00,0.0150,23.53,yes
2026-10-05T04:58:28.383647Z,KXBTC15M-26OCT050100-00,0.0150,88.73,yes
2026-10-05T04:58:28.387567Z,KXBTC15M-26OCT050100-00,0.0150,56.85,yes
2026-10-05T04:58:28.392048Z,KXBTC15M-26OCT050100-00,0.0140,50.00,no
2026-10-05T04:58:28.397Z,KXBTC15M-26OCT050100-00,0.0140,60.00,no
2026-10-05T04:58:28.466128Z,KXBTC15M-26OCT050100-00,0.0150,500.00,yes
2026-10-05T04:58:28.466128Z,KXBTC15M-26OCT050100-00,0.0170,47.11,yes
2026-10-05T04:58:28.466128Z,KXBTC15M-26OCT050100-00,0.0170,17.00,yes
2026-10-05T04:58:28.466128Z,KXBTC15M-26OCT050100-00,0.0170,175.99,yes
2026-10-05T04:58:28.466128Z,KXBTC15M-26OCT050100-00,0.0150,289.16,yes
2026-10-05T04:58:28.466128Z,KXBTC15M-26OCT050100-00,0.0160,200.00,yes
2026-10-05T04:58:28.466128Z,KXBTC15M-26OCT050100-00,0.0160,4.03,yes
2026-10-05T04:58:28.466128Z,KXBTC15M-26OCT050100-00,0.0150,3.00,yes
2026-10-05T04:58:28.466128Z,KXBTC15M-26OCT050100-00,0.0160,53.86,yes
2026-10-05T04:58:28.466128Z,KXBTC15M-26OCT050100-00,0.0150,20.00,yes
2026-10-05T04:58:28.466128Z,KXBTC15M-26OCT050100-00,0.0150,200.00,yes
2026-10-05T04:58:28.466128Z,KXBTC15M-26OCT050100-00,0.0160,145.97,yes
2026-10-05T04:58:28.466128Z,KXBTC15M-26OCT050100-00,0.0150,0.01,yes
2026-10-05T04:58:28.466128Z,KXBTC15M-26OCT050100-00,0.0150,17.00,yes
2026-10-05T04:58:28.466128Z,KXBTC15M-26OCT050100-00,0.0150,0.01,yes
2026-10-05T04:58:28.466155Z,KXBTC15M-26OCT050100-00,0.0140,4.59,no
2026-10-05T04:58:28.4816Z,KXBTC15M-26OCT050100-00,0.0160,17.00,yes
2026-10-05T04:58:28.4816Z,KXBTC15M-26OCT050100-00,0.0160,0.01,yes
2026-10-05T04:58:28.4816Z,KXBTC15M-26OCT050100-00,0.0160,7.61,yes
2026-10-05T04:58:28.4816Z,KXBTC15M-26OCT050100-00,0.0160,0.01,yes
2026-10-05T04:58:28.48884Z,KXBTC15M-26OCT050100-00,0.0160,10.25,yes
2026-10-05T04:58:28.526343Z,KXBTC15M-26OCT050100-00,0.0140,55.00,no
2026-10-05T04:58:28.553358Z,KXBTC15M-26OCT050100-00,0.0160,0.01,yes
2026-10-05T04:58:28.553358Z,KXBTC15M-26OCT050100-00,0.0160,0.01,yes
2026-10-05T04:58:28.553358Z,KXBTC15M-26OCT050100-00,0.0150,0.01,yes
2026-10-05T04:58:28.553358Z,KXBTC15M-26OCT050100-00,0.0150,0.01,yes
2026-10-05T04:58:28.553358Z,KXBTC15M-26OCT050100-00,0.0160,158.37,yes
2026-10-05T04:58:28.553358Z,KXBTC15M-26OCT050100-00,0.0150,17.00,yes
2026-10-05T04:58:28.59207Z,KXBTC15M-26OCT050100-00,0.0140,7.25,no
2026-10-05T04:58:28.612885Z,KXBTC15M-26OCT050100-00,0.0140,1.54,no
2026-10-05T04:58:28.623235Z,KXBTC15M-26OCT050100-00,0.0170,118.76,yes
2026-10-05T04:58:28.623235Z,KXBTC15M-26OCT050100-00,0.0150,0.01,yes
2026-10-05T04:58:28.623235Z,KXBTC15M-26OCT050100-00,0.0150,17.00,yes
2026-10-05T04:58:28.623235Z,KXBTC15M-26OCT050100-00,0.0150,0.01,yes
2026-10-05T04:58:28.694203Z,KXBTC15M-26OCT050100-00,0.0150,16.12,yes
2026-10-05T04:58:28.694203Z,KXBTC15M-26OCT050100-00,0.0150,17.00,yes
2026-10-05T04:58:28.697517Z,KXBTC15M-26OCT050100-00,0.0150,15.47,yes
2026-10-05T04:58:28.70209Z,KXBTC15M-26OCT050100-00,0.0140,13.88,no
2026-10-05T04:58:28.719863Z,KXBTC15M-26OCT050100-00,0.0150,10.25,yes
2026-10-05T04:58:28.723635Z,KXBTC15M-26OCT050100-00,0.0150,0.01,yes
2026-10-05T04:58:28.723635Z,KXBTC15M-26OCT050100-00,0.0150,85.51,yes
2026-10-05T04:58:28.723635Z,KXBTC15M-26OCT050100-00,0.0150,0.01,yes
2026-10-05T04:58:28.723635Z,KXBTC15M-26OCT050100-00,0.0150,58.16,yes
2026-10-05T04:58:28.740022Z,KXBTC15M-26OCT050100-00,0.0150,62.36,yes
2026-10-05T04:58:28.741235Z,KXBTC15M-26OCT050100-00,0.0150,6.23,yes
2026-10-05T04:58:28.747312Z,KXBTC15M-26OCT050100-00,0.0150,108.12,yes
2026-10-05T04:58:28.76746Z,KXBTC15M-26OCT050100-00,0.0150,236.41,yes
2026-10-05T04:58:28.76746Z,KXBTC15M-26OCT050100-00,0.0150,137.78,yes
2026-10-05T04:58:28.802964Z,KXBTC15M-26OCT050100-00,0.0150,55.16,yes
2026-10-05T04:58:28.813987Z,KXBTC15M-26OCT050100-00,0.0150,0.01,yes
2026-10-05T04:58:28.813987Z,KXBTC15M-26OCT050100-00,0.0150,500.00,yes
2026-10-05T04:58:28.813987Z,KXBTC15M-26OCT050100-00,0.0150,208.43,yes
2026-10-05T04:58:28.813987Z,KXBTC15M-26OCT050100-00,0.0150,17.00,yes
2026-10-05T04:58:28.813987Z,KXBTC15M-26OCT050100-00,0.0160,94.54,yes
2026-10-05T04:58:28.813987Z,KXBTC15M-26OCT050100-00,0.0150,400.00,yes
2026-10-05T04:58:28.813987Z,KXBTC15M-26OCT050100-00,0.0150,200.00,yes
2026-10-05T04:58:28.813987Z,KXBTC15M-26OCT050100-00,0.0150,100.00,yes
2026-10-05T04:58:28.813987Z,KXBTC15M-26OCT050100-00,0.0150,0.01,yes
2026-10-05T04:58:28.905576Z,KXBTC15M-26OCT050100-00,0.0150,0.01,yes
2026-10-05T04:58:28.905576Z,KXBTC15M-26OCT050100-00,0.0160,200.00,yes
2026-10-05T04:58:28.905576Z,KXBTC15M-26OCT050100-00,0.0150,200.00,yes
2026-10-05T04:58:28.905576Z,KXBTC15M-26OCT050100-00,0.0150,0.01,yes
2026-10-05T04:58:28.905576Z,KXBTC15M-26OCT050100-00,0.0150,17.00,yes
2026-10-05T04:58:28.905576Z,KXBTC15M-26OCT050100-00,0.0150,400.00,yes
2026-10-05T04:58:28.905576Z,KXBTC15M-26OCT050100-00,0.0150,100.00,yes
2026-10-05T04:58:28.938906Z,KXBTC15M-26OCT050100-00,0.0160,40.58,no
2026-10-05T04:58:28.962751Z,KXBTC15M-26OCT050100-00,0.0140,13.00,no
2026-10-05T04:58:28.962751Z,KXBTC15M-26OCT050100-00,0.0140,0.01,no
2026-10-05T04:58:28.962751Z,KXBTC15M-26OCT050100-00,0.0140,38.28,no
2026-10-05T04:58:28.962751Z,KXBTC15M-26OCT050100-00,0.0160,0.01,no
2026-10-05T04:58:28.962751Z,KXBTC15M-26OCT050100-00,0.0140,0.01,no
2026-10-05T04:58:28.962751Z,KXBTC15M-26OCT050100-00,0.0160,261.40,no
2026-10-05T04:58:28.962751Z,KXBTC15M-26OCT050100-00,0.0140,20.00,no
2026-10-05T04:58:28.962751Z,KXBTC15M-26OCT050100-00,0.0140,20.00,no
2026-10-05T04:58:28.962751Z,KXBTC15M-26OCT050100-00,0.0160,0.01,no
2026-10-05T04:58:28.991081Z,KXBTC15M-26OCT050100-00,0.0140,50.02,no
2026-10-05T04:58:29.019024Z,KXBTC15M-26OCT050100-00,0.0140,231.01,no
2026-10-05T04:58:29.022419Z,KXBTC15M-26OCT050100-00,0.0140,1.05,no
2026-10-05T04:58:29.06279Z,KXBTC15M-26OCT050100-00,0.0150,355.73,yes
2026-10-05T04:58:29.06279Z,KXBTC15M-26OCT050100-00,0.0150,20.00,yes
2026-10-05T04:58:29.06279Z,KXBTC15M-26OCT050100-00,0.0150,13.00,yes
2026-10-05T04:58:29.06279Z,KXBTC15M-26OCT050100-00,0.0150,20.00,yes
2026-10-05T04:58:29.06279Z,KXBTC15M-26OCT050100-00,0.0150,17.00,yes
2026-10-05T04:58:29.066237Z,KXBTC15M-26OCT050100-00,0.0150,6.23,yes
2026-10-05T04:58:29.077929Z,KXBTC15M-26OCT050100-00,0.0140,175.43,no
2026-10-05T04:58:29.107415Z,KXBTC15M-26OCT050100-00,0.0140,20.00,no
2026-10-05T04:58:29.107415Z,KXBTC15M-26OCT050100-00,0.0140,209.98,no
2026-10-05T04:58:29.107415Z,KXBTC15M-26OCT050100-00,0.0140,0.01,no
2026-10-05T04:58:29.107415Z,KXBTC15M-26OCT050100-00,0.0140,0.01,no
2026-10-05T04:58:29.107415Z,KXBTC15M-26OCT050100-00,0.0140,20.00,no
2026-10-05T04:58:29.136406Z,KXBTC15M-26OCT050100-00,0.0140,0.01,no
2026-10-05T04:58:29.136406Z,KXBTC15M-26OCT050100-00,0.0140,0.01,no
2026-10-05T04:58:29.136406Z,KXBTC15M-26OCT050100-00,0.0140,0.78,no
2026-10-05T04:58:29.147433Z,KXBTC15M-26OCT050100-00,0.0140,7.09,no
2026-10-05T04:58:29.199323Z,KXBTC15M-26OCT050100-00,0.0150,62.36,yes
2026-10-05T04:58:29.25885Z,KXBTC15M-26OCT050100-00,0.0140,0.01,no
2026-10-05T04:58:29.25885Z,KXBTC15M-26OCT050100-00,0.0140,0.01,no
2026-10-05T04:58:29.25885Z,KXBTC15M-26OCT050100-00,0.0130,126.44,no
2026-10-05T04:58:29.25885Z,KXBTC15M-26OCT050100-00,0.0130,202.14,no
2026-10-05T04:58:29.25885Z,KXBTC15M-26OCT050100-00,0.0130,256.00,no
2026-10-05T04:58:29.280269Z,KXBTC15M-26OCT050100-00,0.0140,11.47,yes
2026-10-05T04:58:29.335135Z,KXBTC15M-26OCT050100-00,0.0140,6.42,yes
2026-10-05T04:58:29.364973Z,KXBTC15M-26OCT050100-00,0.0140,0.01,yes
2026-10-05T04:58:29.364973Z,KXBTC15M-26OCT050100-00,0.0140,132.11,yes
2026-10-05T04:58:29.364973Z,KXBTC15M-26OCT050100-00,0.0140,17.00,yes
2026-10-05T04:58:29.364973Z,KXBTC15M-26OCT050100-00,0.0140,60.98,yes
2026-10-05T04:58:29.364973Z,KXBTC15M-26OCT050100-00,0.0140,0.01,yes
2026-10-05T04:58:29.372475Z,KXBTC15M-26OCT050100-00,0.0140,5.49,yes
2026-10-05T04:58:29.402215Z,KXBTC15M-26OCT050100-00,0.0140,115.96,yes
2026-10-05T04:58:29.403313Z,KXBTC15M-26OCT050100-00,0.0140,363.95,yes
2026-10-05T04:58:29.403313Z,KXBTC15M-26OCT050100-00,0.0140,17.57,yes
2026-10-05T04:58:29.403313Z,KXBTC15M-26OCT050100-00,0.0140,20.00,yes
2026-10-05T04:58:29.403313Z,KXBTC15M-26OCT050100-00,0.0140,202.14,yes
2026-10-05T04:58:29.403313Z,KXBTC15M-26OCT050100-00,0.0140,20.00,yes
2026-10-05T04:58:29.42667Z,KXBTC15M-26OCT050100-00,0.0130,50.00,no
2026-10-05T04:58:29.460535Z,KXBTC15M-26OCT050100-00,0.0140,62.36,yes
2026-10-05T04:58:29.471486Z,KXBTC15M-26OCT050100-00,0.0130,12.90,no
2026-10-05T04:58:29.471897Z,KXBTC15M-26OCT050100-00,0.0140,29.13,yes
2026-10-05T04:58:29.546441Z,KXBTC15M-26OCT050100-00,0.0130,13.19,no
2026-10-05T04:58:29.569471Z,KXBTC15M-26OCT050100-00,0.0140,50.44,yes
2026-10-05T04:58:29.608631Z,KXBTC15M-26OCT050100-00,0.0130,6.09,no
2026-10-05T04:58:29.630477Z,KXBTC15M-26OCT050100-00,0.0140,6.20,yes
2026-10-05T04:58:29.671169Z,KXBTC15M-26OCT050100-00,0.0140,1.10,yes
2026-10-05T04:58:29.681843Z,KXBTC15M-26OCT050100-00,0.0140,139.23,yes
2026-10-05T04:58:29.681843Z,KXBTC15M-26OCT050100-00,0.0140,0.01,yes
2026-10-05T04:58:29.681843Z,KXBTC15M-26OCT050100-00,0.0140,0.01,yes
2026-10-05T04:58:29.681843Z,KXBTC15M-26OCT050100-00,0.0140,100.00,yes
2026-10-05T04:58:29.681843Z,KXBTC15M-26OCT050100-00,0.0140,106.77,yes
2026-10-05T04:58:29.692526Z,KXBTC15M-26OCT050100-00,0.0140,9.35,yes
2026-10-05T04:58:29.692526Z,KXBTC15M-26OCT050100-00,0.0140,56.13,yes
2026-10-05T04:58:29.74864Z,KXBTC15M-26OCT050100-00,0.0130,73.55,no
2026-10-05T04:58:29.74864Z,KXBTC15M-26OCT050100-00,0.0130,1.00,no
2026-10-05T04:58:29.74864Z,KXBTC15M-26OCT050100-00,0.0130,47.38,no
2026-10-05T04:58:29.765812Z,KXBTC15M-26OCT050100-00,0.0130,49.00,no
2026-10-05T04:58:29.766257Z,KXBTC15M-26OCT050100-00,0.0130,25.00,no
2026-10-05T04:58:29.766257Z,KXBTC15M-26OCT050100-00,0.0130,20.00,no
2026-10-05T04:58:29.766257Z,KXBTC15M-26OCT050100-00,0.0130,150.00,no
2026-10-05T04:58:29.766257Z,KXBTC15M-26OCT050100-00,0.0130,20.00,no
2026-10-05T04:58:29.766257Z,KXBTC15M-26OCT050100-00,0.0130,0.01,no
2026-10-05T04:58:29.766257Z,KXBTC15M-26OCT050100-00,0.0130,0.01,no
2026-10-05T04:58:29.766257Z,KXBTC15M-26OCT050100-00,0.0130,14.00,no
2026-10-05T04:58:29.766257Z,KXBTC15M-26OCT050100-00,0.0130,133.45,no
2026-10-05T04:58:29.766257Z,KXBTC15M-26OCT050100-00,0.0120,1370.53,no
2026-10-05T04:58:29.794157Z,KXBTC15M-26OCT050100-00,0.0130,86.00,yes
2026-10-05T04:58:29.794157Z,KXBTC15M-26OCT050100-00,0.0130,150.00,yes
2026-10-05T04:58:29.794157Z,KXBTC15M-26OCT050100-00,0.0130,64.00,yes
2026-10-05T04:58:29.796038Z,KXBTC15M-26OCT050100-00,0.0130,0.01,yes
2026-10-05T04:58:29.796038Z,KXBTC15M-26OCT050100-00,0.0130,86.00,yes
2026-10-05T04:58:29.796038Z,KXBTC15M-26OCT050100-00,0.0130,156.29,yes
2026-10-05T04:58:29.796038Z,KXBTC15M-26OCT050100-00,0.0130,0.01,yes
2026-10-05T04:58:29.796038Z,KXBTC15M-26OCT050100-00,0.0130,6.15,yes
2026-10-05T04:58:29.812354Z,KXBTC15M-26OCT050100-00,0.0130,92.85,yes
2026-10-05T04:58:29.812354Z,KXBTC15M-26OCT050100-00,0.0130,18.15,yes
2026-10-05T04:58:29.827253Z,KXBTC15M-26OCT050100-00,0.0120,66.46,no
2026-10-05T04:58:29.861788Z,KXBTC15M-26OCT050100-00,0.0130,66.42,yes
2026-10-05T04:58:29.879686Z,KXBTC15M-26OCT050100-00,0.0130,293.39,yes
2026-10-05T04:58:29.97073Z,KXBTC15M-26OCT050100-00,0.0130,5.44,yes
2026-10-05T04:58:29.989015Z,KXBTC15M-26OCT050100-00,0.0130,12.24,yes
2026-10-05T04:58:29.989015Z,KXBTC15M-26OCT050100-00,0.0130,0.01,yes
2026-10-05T04:58:29.989015Z,KXBTC15M-26OCT050100-00,0.0130,98.00,yes
2026-10-05T04:58:29.989015Z,KXBTC15M-26OCT050100-00,0.0130,20.00,yes
2026-10-05T04:58:29.989015Z,KXBTC15M-26OCT050100-00,0.0130,14.56,yes
2026-10-05T04:58:29.989015Z,KXBTC15M-26OCT050100-00,0.0130,0.01,yes
2026-10-05T04:58:29.989015Z,KXBTC15M-26OCT050100-00,0.0130,28.00,yes
2026-10-05T04:58:30.054508Z,KXBTC15M-26OCT050100-00,0.0130,15.33,yes
2026-10-05T04:58:30.054508Z,KXBTC15M-26OCT050100-00,0.0130,0.01,yes
2026-10-05T04:58:30.054508Z,KXBTC15M-26OCT050100-00,0.0130,0.01,yes
2026-10-05T04:58:30.077771Z,KXBTC15M-26OCT050100-00,0.0130,1.67,yes
2026-10-05T04:58:30.077771Z,KXBTC15M-26OCT050100-00,0.0130,17.91,yes
2026-10-05T04:58:30.0792Z,KXBTC15M-26OCT050100-00,0.0120,10.00,no
2026-10-05T04:58:30.084411Z,KXBTC15M-26OCT050100-00,0.0130,27.69,yes
2026-10-05T04:58:30.108262Z,KXBTC15M-26OCT050100-00,0.0130,0.01,yes
2026-10-05T04:58:30.108262Z,KXBTC15M-26OCT050100-00,0.0130,0.01,yes
2026-10-05T04:58:30.108262Z,KXBTC15M-26OCT050100-00,0.0140,4.07,yes
2026-10-05T04:58:30.112463Z,KXBTC15M-26OCT050100-00,0.0140,12.90,yes
2026-10-05T04:58:30.112463Z,KXBTC15M-26OCT050100-00,0.0140,13.19,yes
2026-10-05T04:58:30.112463Z,KXBTC15M-26OCT050100-00,0.0140,6.09,yes
2026-10-05T04:58:30.112463Z,KXBTC15M-26OCT050100-00,0.0140,46.91,yes
2026-10-05T04:58:30.112463Z,KXBTC15M-26OCT050100-00,0.0140,73.55,yes
2026-10-05T04:58:30.112463Z,KXBTC15M-26OCT050100-00,0.0140,45.93,yes
2026-10-05T04:58:30.112463Z,KXBTC15M-26OCT050100-00,0.0140,98.00,yes
2026-10-05T04:58:30.178727Z,KXBTC15M-26OCT050100-00,0.0140,0.47,yes
2026-10-05T04:58:30.178727Z,KXBTC15M-26OCT050100-00,0.0140,26.25,yes
2026-10-05T04:58:30.193402Z,KXBTC15M-26OCT050100-00,0.0130,1.01,no
2026-10-05T04:58:30.215151Z,KXBTC15M-26OCT050100-00,0.0140,41.03,yes
2026-10-05T04:58:30.215151Z,KXBTC15M-26OCT050100-00,0.0140,22.75,yes
2026-10-05T04:58:30.220355Z,KXBTC15M-26OCT050100-00,0.0130,9.40,no
2026-10-05T04:58:30.223023Z,KXBTC15M-26OCT050100-00,0.0140,66.46,yes
2026-10-05T04:58:30.257585Z,KXBTC15M-26OCT050100-00,0.0140,25.96,yes
2026-10-05T04:58:30.257585Z,KXBTC15M-26OCT050100-00,0.0140,24.04,yes
2026-10-05T04:58:30.258034Z,KXBTC15M-26OCT050100-00,0.0130,0.01,no
2026-10-05T04:58:30.258034Z,KXBTC15M-26OCT050100-00,0.0130,99.21,no
2026-10-05T04:58:30.258034Z,KXBTC15M-26OCT050100-00,0.0130,0.01,no
2026-10-05T04:58:30.258034Z,KXBTC15M-26OCT050100-00,0.0130,139.59,no
2026-10-05T04:58:30.258034Z,KXBTC15M-26OCT050100-00,0.0130,14.00,no
2026-10-05T04:58:30.264463Z,KXBTC15M-26OCT050100-00,0.0140,0.01,yes
2026-10-05T04:58:30.264463Z,KXBTC15M-26OCT050100-00,0.0140,400.00,yes
2026-10-05T04:58:30.264463Z,KXBTC15M-26OCT050100-00,0.0140,0.01,yes
2026-10-05T04:58:30.264463Z,KXBTC15M-26OCT050100-00,0.0150,2.00,yes
2026-10-05T04:58:30.264463Z,KXBTC15M-26OCT050100-00,0.0150,126.44,yes
2026-10-05T04:58:30.264463Z,KXBTC15M-26OCT050100-00,0.0150,36.64,yes
2026-10-05T04:58:30.264463Z,KXBTC15M-26OCT050100-00,0.0150,17.00,yes
2026-10-05T04:58:30.264463Z,KXBTC15M-26OCT050100-00,0.0150,13.00,yes
2026-10-05T04:58:30.264463Z,KXBTC15M-26OCT050100-00,0.0140,125.96,yes
2026-10-05T04:58:30.264463Z,KXBTC15M-26OCT050100-00,0.0140,500.00,yes
2026-10-05T04:58:30.264463Z,KXBTC15M-26OCT050100-00,0.0160,703.03,yes
2026-10-05T04:58:30.264463Z,KXBTC15M-26OCT050100-00,0.0140,75.91,yes
2026-10-05T04:58:30.269553Z,KXBTC15M-26OCT050100-00,0.0150,17.00,yes
2026-10-05T04:58:30.269553Z,KXBTC15M-26OCT050100-00,0.0160,83.40,yes
2026-10-05T04:58:30.276529Z,KXBTC15M-26OCT050100-00,0.0150,2.15,yes
2026-10-05T04:58:30.324793Z,KXBTC15M-26OCT050100-00,0.0130,14.00,no
2026-10-05T04:58:30.324793Z,KXBTC15M-26OCT050100-00,0.0130,0.01,no
2026-10-05T04:58:30.324793Z,KXBTC15M-26OCT050100-00,0.0140,150.00,no
2026-10-05T04:58:30.324793Z,KXBTC15M-26OCT050100-00,0.0140,150.00,no
2026-10-05T04:58:30.324793Z,KXBTC15M-26OCT050100-00,0.0140,0.01,no
2026-10-05T04:58:30.324793Z,KXBTC15M-26OCT050100-00,0.0140,0.01,no
2026-10-05T04:58:30.324793Z,KXBTC15M-26OCT050100-00,0.0140,200.00,no
2026-10-05T04:58:30.324793Z,KXBTC15M-26OCT050100-00,0.0130,0.01,no
2026-10-05T04:58:30.324793Z,KXBTC15M-26OCT050100-00,0.0130,28.00,no
2026-10-05T04:58:30.324793Z,KXBTC15M-26OCT050100-00,0.0120,299.55,no
2026-10-05T04:58:30.360709Z,KXBTC15M-26OCT050100-00,0.0140,17.00,yes
2026-10-05T04:58:30.360709Z,KXBTC15M-26OCT050100-00,0.0140,10.07,yes
2026-10-05T04:58:30.366306Z,KXBTC15M-26OCT050100-00,0.0130,0.01,no
2026-10-05T04:58:30.366306Z,KXBTC15M-26OCT050100-00,0.0120,0.01,no
2026-10-05T04:58:30.366306Z,KXBTC15M-26OCT050100-00,0.0120,20.00,no
2026-10-05T04:58:30.366306Z,KXBTC15M-26OCT050100-00,0.0130,14.00,no
2026-10-05T04:58:30.366306Z,KXBTC15M-26OCT050100-00,0.0130,0.01,no
2026-10-05T04:58:30.366306Z,KXBTC15M-26OCT050100-00,0.0120,20.00,no
2026-10-05T04:58:30.366306Z,KXBTC15M-26OCT050100-00,0.0120,800.00,no
2026-10-05T04:58:30.366306Z,KXBTC15M-26OCT050100-00,0.0120,256.00,no
2026-10-05T04:58:30.366306Z,KXBTC15M-26OCT050100-00,0.0120,753.46,no
2026-10-05T04:58:30.366306Z,KXBTC15M-26OCT050100-00,0.0120,256.00,no
2026-10-05T04:58:30.366306Z,KXBTC15M-26OCT050100-00,0.0120,330.00,no
2026-10-05T04:58:30.366306Z,KXBTC15M-26OCT050100-00,0.0120,256.00,no
2026-10-05T04:58:30.366306Z,KXBTC15M-26OCT050100-00,0.0110,769.51,no
2026-10-05T04:58:30.366306Z,KXBTC15M-26OCT050100-00,0.0120,256.00,no
2026-10-05T04:58:30.371511Z,KXBTC15M-26OCT050100-00,0.0140,1.00,yes
2026-10-05T04:58:30.374681Z,KXBTC15M-26OCT050100-00,0.0140,148.64,yes
2026-10-05T04:58:30.385975Z,KXBTC15M-26OCT050100-00,0.0140,17.00,yes
2026-10-05T04:58:30.385975Z,KXBTC15M-26OCT050100-00,0.0140,21.00,yes
2026-10-05T04:58:30.404171Z,KXBTC15M-26OCT050100-00,0.0120,0.01,no
2026-10-05T04:58:30.404171Z,KXBTC15M-26OCT050100-00,0.0120,0.01,no
2026-10-05T04:58:30.404171Z,KXBTC15M-26OCT050100-00,0.0120,15.00,no
2026-10-05T04:58:30.404171Z,KXBTC15M-26OCT050100-00,0.0110,84.98,no
2026-10-05T04:58:30.447658Z,KXBTC15M-26OCT050100-00,0.0130,13.36,yes
2026-10-05T04:58:30.493246Z,KXBTC15M-26OCT050100-00,0.0120,0.01,no
2026-10-05T04:58:30.493246Z,KXBTC15M-26OCT050100-00,0.0120,0.01,no
2026-10-05T04:58:30.493246Z,KXBTC15M-26OCT050100-00,0.0120,9.98,no
2026-10-05T04:58:30.49417Z,KXBTC15M-26OCT050100-00,0.0120,4.98,no
2026-10-05T04:58:30.49417Z,KXBTC15M-26OCT050100-00,0.0120,5.02,no
2026-10-05T04:58:30.507404Z,KXBTC15M-26OCT050100-00,0.0130,183.89,yes
2026-10-05T04:58:30.549353Z,KXBTC15M-26OCT050100-00,0.0130,256.00,yes
2026-10-05T04:58:30.549353Z,KXBTC15M-26OCT050100-00,0.0130,304.32,yes
2026-10-05T04:58:30.549353Z,KXBTC15M-26OCT050100-00,0.0130,17.00,yes
2026-10-05T04:58:30.549353Z,KXBTC15M-26OCT050100-00,0.0130,20.00,yes
2026-10-05T04:58:30.549353Z,KXBTC15M-26OCT050100-00,0.0130,0.01,yes
2026-10-05T04:58:30.549353Z,KXBTC15M-26OCT050100-00,0.0130,58.75,yes
2026-10-05T04:58:30.549353Z,KXBTC15M-26OCT050100-00,0.0130,0.01,yes
2026-10-05T04:58:30.558653Z,KXBTC15M-26OCT050100-00,0.0120,0.97,no
2026-10-05T04:58:30.558653Z,KXBTC15M-26OCT050100-00,0.0120,49.02,no
2026-10-05T04:58:30.558653Z,KXBTC15M-26OCT050100-00,0.0120,0.01,no
2026-10-05T04:58:30.612929Z,KXBTC15M-26OCT050100-00,0.0130,20.00,yes
2026-10-05T04:58:30.612929Z,KXBTC15M-26OCT050100-00,0.0130,130.98,yes
2026-10-05T04:58:30.612929Z,KXBTC15M-26OCT050100-00,0.0130,0.01,yes
2026-10-05T04:58:30.612929Z,KXBTC15M-26OCT050100-00,0.0130,0.01,yes
2026-10-05T04:58:30.61617Z,KXBTC15M-26OCT050100-00,0.0130,27.50,yes
2026-10-05T04:58:30.618682Z,KXBTC15M-26OCT050100-00,0.0130,7.91,yes
2026-10-05T04:58:30.638992Z,KXBTC15M-26OCT050100-00,0.0130,133.63,yes
2026-10-05T04:58:30.664672Z,KXBTC15M-26OCT050100-00,0.0120,64.17,no
2026-10-05T04:58:30.664672Z,KXBTC15M-26OCT050100-00,0.0120,15.00,no
2026-10-05T04:58:30.664672Z,KXBTC15M-26OCT050100-00,0.0120,20.00,no
2026-10-05T04:58:30.664672Z,KXBTC15M-26OCT050100-00,0.0120,0.01,no
2026-10-05T04:58:30.664672Z,KXBTC15M-26OCT050100-00,0.0120,0.01,no
2026-10-05T04:58:30.665452Z,KXBTC15M-26OCT050100-00,0.0120,89.27,no
2026-10-05T04:58:30.671089Z,KXBTC15M-26OCT050100-00,0.0120,11.89,no
2026-10-05T04:58:30.67279Z,KXBTC15M-26OCT050100-00,0.0130,0.01,yes
2026-10-05T04:58:30.67279Z,KXBTC15M-26OCT050100-00,0.0140,105.91,yes
2026-10-05T04:58:30.67279Z,KXBTC15M-26OCT050100-00,0.0130,0.01,yes
2026-10-05T04:58:30.740103Z,KXBTC15M-26OCT050100-00,0.0140,129.09,yes
2026-10-05T04:58:30.740103Z,KXBTC15M-26OCT050100-00,0.0140,4.54,yes
2026-10-05T04:58:30.740701Z,KXBTC15M-26OCT050100-00,0.0140,111.50,yes
2026-10-05T04:58:30.787084Z,KXBTC15M-26OCT050100-00,0.0130,1.00,no
2026-10-05T04:58:30.822017Z,KXBTC15M-26OCT050100-00,0.0150,185.06,yes
2026-10-05T04:58:30.822017Z,KXBTC15M-26OCT050100-00,0.0140,139.96,yes
2026-10-05T04:58:30.822017Z,KXBTC15M-26OCT050100-00,0.0140,17.00,yes
2026-10-05T04:58:30.822017Z,KXBTC15M-26OCT050100-00,0.0150,10.00,yes
2026-10-05T04:58:30.822017Z,KXBTC15M-26OCT050100-00,0.0140,400.00,yes
2026-10-05T04:58:30.822017Z,KXBTC15M-26OCT050100-00,0.0150,13.00,yes
2026-10-05T04:58:30.822017Z,KXBTC15M-26OCT050100-00,0.0140,185.06,yes
2026-10-05T04:58:30.822017Z,KXBTC15M-26OCT050100-00,0.0140,0.01,yes
2026-10-05T04:58:30.822017Z,KXBTC15M-26OCT050100-00,0.0140,0.01,yes
2026-10-05T04:58:30.907439Z,KXBTC15M-26OCT050100-00,0.0160,51.90,yes
2026-10-05T04:58:31.071114Z,KXBTC15M-26OCT050100-00,0.0160,10.47,yes
2026-10-05T04:58:31.074251Z,KXBTC15M-26OCT050100-00,0.0150,0.01,no
2026-10-05T04:58:31.074251Z,KXBTC15M-26OCT050100-00,0.0150,0.01,no
2026-10-05T04:58:31.074251Z,KXBTC15M-26OCT050100-00,0.0120,20.00,no
2026-10-05T04:58:31.074251Z,KXBTC15M-26OCT050100-00,0.0150,160.90,no
2026-10-05T04:58:31.074251Z,KXBTC15M-26OCT050100-00,0.0120,15.00,no
2026-10-05T04:58:31.074251Z,KXBTC15M-26OCT050100-00,0.0140,289.59,no
2026-10-05T04:58:31.074251Z,KXBTC15M-26OCT050100-00,0.0110,140.13,no
2026-10-05T04:58:31.150759Z,KXBTC15M-26OCT050100-00,0.0130,17.00,yes
2026-10-05T04:58:31.150759Z,KXBTC15M-26OCT050100-00,0.0130,28.34,yes
2026-10-05T04:58:31.150759Z,KXBTC15M-26OCT050100-00,0.0130,0.01,yes
2026-10-05T04:58:31.150759Z,KXBTC15M-26OCT050100-00,0.0130,0.01,yes
2026-10-05T04:58:31.159658Z,KXBTC15M-26OCT050100-00,0.0120,1.00,no
2026-10-05T04:58:31.162442Z,KXBTC15M-26OCT050100-00,0.0140,0.01,yes
2026-10-05T04:58:31.162442Z,KXBTC15M-26OCT050100-00,0.0130,0.01,yes
2026-10-05T04:58:31.162442Z,KXBTC15M-26OCT050100-00,0.0130,0.01,yes
2026-10-05T04:58:31.162442Z,KXBTC15M-26OCT050100-00,0.0130,371.66,yes
2026-10-05T04:58:31.162442Z,KXBTC15M-26OCT050100-00,0.0140,0.01,yes
2026-10-05T04:58:31.162442Z,KXBTC15M-26OCT050100-00,0.0130,20.00,yes
2026-10-05T04:58:31.162442Z,KXBTC15M-26OCT050100-00,0.0140,17.00,yes
2026-10-05T04:58:31.162442Z,KXBTC15M-26OCT050100-00,0.0150,0.01,yes
2026-10-05T04:58:31.162442Z,KXBTC15M-26OCT050100-00,0.0150,0.01,yes
2026-10-05T04:58:31.162442Z,KXBTC15M-26OCT050100-00,0.0150,2.00,yes
2026-10-05T04:58:31.162442Z,KXBTC15M-26OCT050100-00,0.0150,13.00,yes
2026-10-05T04:58:31.162442Z,KXBTC15M-26OCT050100-00,0.0160,185.44,yes
2026-10-05T04:58:31.162442Z,KXBTC15M-26OCT050100-00,0.0160,2.00,yes
2026-10-05T04:58:31.162442Z,KXBTC15M-26OCT050100-00,0.0160,2.00,yes
2026-10-05T04:58:31.162442Z,KXBTC15M-26OCT050100-00,0.0160,2292.20,yes
2026-10-05T04:58:31.162655Z,KXBTC15M-26OCT050100-00,0.0160,111.04,yes
2026-10-05T04:58:31.162655Z,KXBTC15M-26OCT050100-00,0.0160,29.56,yes
2026-10-05T04:58:31.162655Z,KXBTC15M-26OCT050100-00,0.0160,98.00,yes
2026-10-05T04:58:31.162655Z,KXBTC15M-26OCT050100-00,0.0160,282.98,yes
2026-10-05T04:58:31.162655Z,KXBTC15M-26OCT050100-00,0.0170,42.14,yes
2026-10-05T04:58:31.162655Z,KXBTC15M-26OCT050100-00,0.0170,48.54,yes
2026-10-05T04:58:31.186308Z,KXBTC15M-26OCT050100-00,0.0140,0.01,yes
2026-10-05T04:58:31.186308Z,KXBTC15M-26OCT050100-00,0.0160,0.01,yes
2026-10-05T04:58:31.186308Z,KXBTC15M-26OCT050100-00,0.0160,0.01,yes
2026-10-05T04:58:31.186308Z,KXBTC15M-26OCT050100-00,0.0140,17.00,yes
2026-10-05T04:58:31.186308Z,KXBTC15M-26OCT050100-00,0.0140,0.01,yes
2026-10-05T04:58:31.186308Z,KXBTC15M-26OCT050100-00,0.0170,80.94,yes
2026-10-05T04:58:31.227954Z,KXBTC15M-26OCT050100-00,0.0170,1.02,yes
2026-10-05T04:58:31.270238Z,KXBTC15M-26OCT050100-00,0.0170,7.73,yes
2026-10-05T04:58:31.283199Z,KXBTC15M-26OCT050100-00,0.0170,60.91,yes
2026-10-05T04:58:31.290369Z,KXBTC15M-26OCT050100-00,0.0160,101.41,no
2026-10-05T04:58:31.315293Z,KXBTC15M-26OCT050100-00,0.0170,0.02,yes
2026-10-05T04:58:31.327063Z,KXBTC15M-26OCT050100-00,0.0170,0.01,yes
2026-10-05T04:58:31.327063Z,KXBTC15M-26OCT050100-00,0.0170,400.00,yes
2026-10-05T04:58:31.327063Z,KXBTC15M-26OCT050100-00,0.0170,186.08,yes
2026-10-05T04:58:31.327063Z,KXBTC15M-26OCT050100-00,0.0170,91.85,yes
2026-10-05T04:58:31.327063Z,KXBTC15M-26OCT050100-00,0.0170,0.01,yes
2026-10-05T04:58:31.330795Z,KXBTC15M-26OCT050100-00,0.0170,0.01,yes
2026-10-05T04:58:31.330795Z,KXBTC15M-26OCT050100-00,0.0180,99.99,yes
2026-10-05T04:58:31.345873Z,KXBTC15M-26OCT050100-00,0.0170,14.00,no
2026-10-05T04:58:31.390675Z,KXBTC15M-26OCT050100-00,0.0170,4.05,no
2026-10-05T04:58:31.423226Z,KXBTC15M-26OCT050100-00,0.0170,2.00,no
2026-10-05T04:58:31.423278Z,KXBTC15M-26OCT050100-00,0.0170,4.42,no
2026-10-05T04:58:31.44331Z,KXBTC15M-26OCT050100-00,0.0170,200.00,no
2026-10-05T04:58:31.44331Z,KXBTC15M-26OCT050100-00,0.0170,0.01,no
2026-10-05T04:58:31.44331Z,KXBTC15M-26OCT050100-00,0.0170,150.00,no
2026-10-05T04:58:31.44331Z,KXBTC15M-26OCT050100-00,0.0170,125.53,no
2026-10-05T04:58:31.44331Z,KXBTC15M-26OCT050100-00,0.0170,12.00,no
2026-10-05T04:58:31.44331Z,KXBTC15M-26OCT050100-00,0.0170,150.00,no
2026-10-05T04:58:31.44331Z,KXBTC15M-26OCT050100-00,0.0170,224.23,no
2026-10-05T04:58:31.44331Z,KXBTC15M-26OCT050100-00,0.0170,0.01,no
2026-10-05T04:58:31.44331Z,KXBTC15M-26OCT050100-00,0.0170,150.00,no
2026-10-05T04:58:31.481949Z,KXBTC15M-26OCT050100-00,0.0180,19.07,yes
2026-10-05T04:58:31.495276Z,KXBTC15M-26OCT050100-00,0.0180,23.54,yes
2026-10-05T04:58:31.537603Z,KXBTC15M-26OCT050100-00,0.0170,9.00,no
2026-10-05T04:58:31.577666Z,KXBTC15M-26OCT050100-00,0.0180,1.10,yes
2026-10-05T04:58:31.614812Z,KXBTC15M-26OCT050100-00,0.0170,19.74,no
2026-10-05T04:58:31.630179Z,KXBTC15M-26OCT050100-00,0.0170,81.73,no
2026-10-05T04:58:31.656119Z,KXBTC15M-26OCT050100-00,0.0180,5.39,yes
2026-10-05T04:58:31.701322Z,KXBTC15M-26OCT050100-00,0.0180,1.11,yes
2026-10-05T04:58:31.713527Z,KXBTC15M-26OCT050100-00,0.0180,12.99,yes
2026-10-05T04:58:31.740549Z,KXBTC15M-26OCT050100-00,0.0170,18.28,no
2026-10-05T04:58:31.753597Z,KXBTC15M-26OCT050100-00,0.0170,1.00,no
2026-10-05T04:58:31.759805Z,KXBTC15M-26OCT050100-00,0.0180,184.84,yes
2026-10-05T04:58:31.775995Z,KXBTC15M-26OCT050100-00,0.0180,2.17,yes
2026-10-05T04:58:31.792728Z,KXBTC15M-26OCT050100-00,0.0170,400.00,no
2026-10-05T04:58:31.792728Z,KXBTC15M-26OCT050100-00,0.0170,39.84,no
2026-10-05T04:58:31.792728Z,KXBTC15M-26OCT050100-00,0.0170,370.25,no
2026-10-05T04:58:31.792728Z,KXBTC15M-26OCT050100-00,0.0170,500.00,no
2026-10-05T04:58:31.794843Z,KXBTC15M-26OCT050100-00,0.0170,5.94,no
2026-10-05T04:58:31.810042Z,KXBTC15M-26OCT050100-00,0.0180,20.61,yes
2026-10-05T04:58:31.813566Z,KXBTC15M-26OCT050100-00,0.0170,2.00,no
2026-10-05T04:58:31.891117Z,KXBTC15M-26OCT050100-00,0.0180,4.58,yes
2026-10-05T04:58:31.904351Z,KXBTC15M-26OCT050100-00,0.0170,20.00,no
2026-10-05T04:58:31.965011Z,KXBTC15M-26OCT050100-00,0.0180,24.81,yes
2026-10-05T04:58:31.965011Z,KXBTC15M-26OCT050100-00,0.0180,39.00,yes
2026-10-05T04:58:31.965011Z,KXBTC15M-26OCT050100-00,0.0180,52.00,yes
2026-10-05T04:58:31.965011Z,KXBTC15M-26OCT050100-00,0.0180,35.50,yes
2026-10-05T04:58:31.965011Z,KXBTC15M-26OCT050100-00,0.0180,108.60,yes
2026-10-05T04:58:31.967471Z,KXBTC15M-26OCT050100-00,0.0170,4.00,no
2026-10-05T04:58:31.995903Z,KXBTC15M-26OCT050100-00,0.0180,51.98,yes
2026-10-05T04:58:32.002004Z,KXBTC15M-26OCT050100-00,0.0170,28.22,no
2026-10-05T04:58:32.002004Z,KXBTC15M-26OCT050100-00,0.0170,0.01,no
2026-10-05T04:58:32.002004Z,KXBTC15M-26OCT050100-00,0.0170,200.00,no
2026-10-05T04:58:32.002004Z,KXBTC15M-26OCT050100-00,0.0170,269.97,no
2026-10-05T04:58:32.002004Z,KXBTC15M-26OCT050100-00,0.0170,12.00,no
2026-10-05T04:58:32.002004Z,KXBTC15M-26OCT050100-00,0.0170,298.82,no
2026-10-05T04:58:32.002004Z,KXBTC15M-26OCT050100-00,0.0170,0.01,no
2026-10-05T04:58:32.015164Z,KXBTC15M-26OCT050100-00,0.0180,0.01,yes
2026-10-05T04:58:32.015164Z,KXBTC15M-26OCT050100-00,0.0180,0.01,yes
2026-10-05T04:58:32.015164Z,KXBTC15M-26OCT050100-00,0.0190,46.86,yes
2026-10-05T04:58:32.015164Z,KXBTC15M-26OCT050100-00,0.0180,82.00,yes
2026-10-05T04:58:32.015164Z,KXBTC15M-26OCT050100-00,0.0180,10.71,yes
2026-10-05T04:58:32.023642Z,KXBTC15M-26OCT050100-00,0.0170,3.00,no
2026-10-05T04:58:32.120694Z,KXBTC15M-26OCT050100-00,0.0170,100.00,no
2026-10-05T04:58:32.120694Z,KXBTC15M-26OCT050100-00,0.0170,5.03,no
2026-10-05T04:58:32.120694Z,KXBTC15M-26OCT050100-00,0.0170,98.18,no
2026-10-05T04:58:32.131525Z,KXBTC15M-26OCT050100-00,0.0180,20.00,yes
2026-10-05T04:58:32.131525Z,KXBTC15M-26OCT050100-00,0.0180,0.01,yes
2026-10-05T04:58:32.131525Z,KXBTC15M-26OCT050100-00,0.0180,0.01,yes
2026-10-05T04:58:32.131525Z,KXBTC15M-26OCT050100-00,0.0190,1.88,yes
2026-10-05T04:58:32.138956Z,KXBTC15M-26OCT050100-00,0.0170,0.01,no
2026-10-05T04:58:32.138956Z,KXBTC15M-26OCT050100-00,0.0170,6.97,no
2026-10-05T04:58:32.138956Z,KXBTC15M-26OCT050100-00,0.0170,39.66,no
2026-10-05T04:58:32.138956Z,KXBTC15M-26OCT050100-00,0.0170,0.01,no
2026-10-05T04:58:32.150415Z,KXBTC15M-26OCT050100-00,0.0180,17.00,yes
2026-10-05T04:58:32.150415Z,KXBTC15M-26OCT050100-00,0.0180,0.01,yes
2026-10-05T04:58:32.150415Z,KXBTC15M-26OCT050100-00,0.0180,0.01,yes
2026-10-05T04:58:32.150415Z,KXBTC15M-26OCT050100-00,0.0190,33.48,yes
2026-10-05T04:58:32.204016Z,KXBTC15M-26OCT050100-00,0.0200,85.11,yes
2026-10-05T04:58:32.204016Z,KXBTC15M-26OCT050100-00,0.0180,0.01,yes
2026-10-05T04:58:32.204016Z,KXBTC15M-26OCT050100-00,0.0180,0.01,yes
2026-10-05T04:58:32.204016Z,KXBTC15M-26OCT050100-00,0.0190,17.00,yes
2026-10-05T04:58:32.204016Z,KXBTC15M-26OCT050100-00,0.0190,500.00,yes
2026-10-05T04:58:32.204016Z,KXBTC15M-26OCT050100-00,0.0200,15.00,yes
2026-10-05T04:58:32.204016Z,KXBTC15M-26OCT050100-00,0.0190,905.78,yes
2026-10-05T04:58:32.205429Z,KXBTC15M-26OCT050100-00,0.0200,83.72,yes
2026-10-05T04:58:32.205429Z,KXBTC15M-26OCT050100-00,0.0200,15.00,yes
2026-10-05T04:58:32.205429Z,KXBTC15M-26OCT050100-00,0.0210,147.18,yes
2026-10-05T04:58:32.239622Z,KXBTC15M-26OCT050100-00,0.0170,10.16,no
2026-10-05T04:58:32.258396Z,KXBTC15M-26OCT050100-00,0.0180,0.01,yes
2026-10-05T04:58:32.258396Z,KXBTC15M-26OCT050100-00,0.0180,0.01,yes
2026-10-05T04:58:32.258396Z,KXBTC15M-26OCT050100-00,0.0180,51.96,yes
2026-10-05T04:58:32.315106Z,KXBTC15M-26OCT050100-00,0.0170,10.15,no
2026-10-05T04:58:32.356419Z,KXBTC15M-26OCT050100-00,0.0170,9.40,no
2026-10-05T04:58:32.358359Z,KXBTC15M-26OCT050100-00,0.0170,1.01,no
2026-10-05T04:58:32.406838Z,KXBTC15M-26OCT050100-00,0.0170,17.61,no
2026-10-05T04:58:32.504186Z,KXBTC15M-26OCT050100-00,0.0190,17.00,yes
2026-10-05T04:58:32.504186Z,KXBTC15M-26OCT050100-00,0.0180,0.01,yes
2026-10-05T04:58:32.504186Z,KXBTC15M-26OCT050100-00,0.0180,0.01,yes
2026-10-05T04:58:32.504186Z,KXBTC15M-26OCT050100-00,0.0200,80.37,yes
2026-10-05T04:58:32.504186Z,KXBTC15M-26OCT050100-00,0.0180,17.00,yes
2026-10-05T04:58:32.504186Z,KXBTC15M-26OCT050100-00,0.0200,100.00,yes
2026-10-05T04:58:32.50783Z,KXBTC15M-26OCT050100-00,0.0170,4.00,no
2026-10-05T04:58:32.513174Z,KXBTC15M-26OCT050100-00,0.0170,39.88,no
2026-10-05T04:58:32.580844Z,KXBTC15M-26OCT050100-00,0.0180,49.50,yes
2026-10-05T04:58:32.638981Z,KXBTC15M-26OCT050100-00,0.0170,14.02,no
2026-10-05T04:58:32.641609Z,KXBTC15M-26OCT050100-00,0.0180,88.27,yes
2026-10-05T04:58:32.75015Z,KXBTC15M-26OCT050100-00,0.0190,17.00,yes
2026-10-05T04:58:32.75015Z,KXBTC15M-26OCT050100-00,0.0200,17.00,yes
2026-10-05T04:58:32.75015Z,KXBTC15M-26OCT050100-00,0.0180,0.01,yes
2026-10-05T04:58:32.75015Z,KXBTC15M-26OCT050100-00,0.0210,50.47,yes
2026-10-05T04:58:32.75015Z,KXBTC15M-26OCT050100-00,0.0210,2.82,yes
2026-10-05T04:58:32.760004Z,KXBTC15M-26OCT050100-00,0.0190,0.01,yes
2026-10-05T04:58:32.760004Z,KXBTC15M-26OCT050100-00,0.0180,17.00,yes
2026-10-05T04:58:32.760004Z,KXBTC15M-26OCT050100-00,0.0190,17.00,yes
2026-10-05T04:58:32.760004Z,KXBTC15M-26OCT050100-00,0.0200,286.14,yes
2026-10-05T04:58:32.760004Z,KXBTC15M-26OCT050100-00,0.0210,186.29,yes
2026-10-05T04:58:32.794225Z,KXBTC15M-26OCT050100-00,0.0200,16.51,no
2026-10-05T04:58:32.888425Z,KXBTC15M-26OCT050100-00,0.0200,152.41,no
2026-10-05T04:58:32.906093Z,KXBTC15M-26OCT050100-00,0.0200,422.69,no
2026-10-05T04:58:32.909069Z,KXBTC15M-26OCT050100-00,0.0200,51.00,no
2026-10-05T04:58:32.909474Z,KXBTC15M-26OCT050100-00,0.0210,3.59,yes
2026-10-05T04:58:32.915573Z,KXBTC15M-26OCT050100-00,0.0200,2.00,no
2026-10-05T04:58:32.985499Z,KXBTC15M-26OCT050100-00,0.0200,11.42,no
2026-10-05T04:58:32.998347Z,KXBTC15M-26OCT050100-00,0.0210,5.51,yes
2026-10-05T04:58:33.031469Z,KXBTC15M-26OCT050100-00,0.0210,45.00,yes
2026-10-05T04:58:33.031469Z,KXBTC15M-26OCT050100-00,0.0210,15.00,yes
2026-10-05T04:58:33.031469Z,KXBTC15M-26OCT050100-00,0.0210,15.55,yes
2026-10-05T04:58:33.031469Z,KXBTC15M-26OCT050100-00,0.0210,4.00,yes
2026-10-05T04:58:33.031469Z,KXBTC15M-26OCT050100-00,0.0210,6.00,yes
2026-10-05T04:58:33.031469Z,KXBTC15M-26OCT050100-00,0.0210,33.00,yes
2026-10-05T04:58:33.031469Z,KXBTC15M-26OCT050100-00,0.0210,8.00,yes
2026-10-05T04:58:33.031469Z,KXBTC15M-26OCT050100-00,0.0210,45.00,yes
2026-10-05T04:58:33.031469Z,KXBTC15M-26OCT050100-00,0.0210,2.00,yes
2026-10-05T04:58:33.031469Z,KXBTC15M-26OCT050100-00,0.0210,6.00,yes
2026-10-05T04:58:33.031469Z,KXBTC15M-26OCT050100-00,0.0210,20.00,yes
2026-10-05T04:58:33.031469Z,KXBTC15M-26OCT050100-00,0.0210,33.00,yes
2026-10-05T04:58:33.031469Z,KXBTC15M-26OCT050100-00,0.0210,13.00,yes
2026-10-05T04:58:33.031469Z,KXBTC15M-26OCT050100-00,0.0210,15.00,yes
2026-10-05T04:58:33.031469Z,KXBTC15M-26OCT050100-00,0.0210,183.14,yes
2026-10-05T04:58:33.054015Z,KXBTC15M-26OCT050100-00,0.0230,22.00,yes
2026-10-05T04:58:33.054015Z,KXBTC15M-26OCT050100-00,0.0230,12.00,yes
2026-10-05T04:58:33.054015Z,KXBTC15M-26OCT050100-00,0.0210,10.00,yes
2026-10-05T04:58:33.054015Z,KXBTC15M-26OCT050100-00,0.0210,24.45,yes
2026-10-05T04:58:33.054015Z,KXBTC15M-26OCT050100-00,0.0210,100.00,yes
2026-10-05T04:58:33.054015Z,KXBTC15M-26OCT050100-00,0.0210,30.00,yes
2026-10-05T04:58:33.054015Z,KXBTC15M-26OCT050100-00,0.0230,2.00,yes
2026-10-05T04:58:33.054015Z,KXBTC15M-26OCT050100-00,0.0230,2.00,yes
2026-10-05T04:58:33.054015Z,KXBTC15M-26OCT050100-00,0.0240,2.00,yes
2026-10-05T04:58:33.054015Z,KXBTC15M-26OCT050100-00,0.0240,2.00,yes
2026-10-05T04:58:33.054015Z,KXBTC15M-26OCT050100-00,0.0220,53.00,yes
2026-10-05T04:58:33.054015Z,KXBTC15M-26OCT050100-00,0.0240,5.00,yes
2026-10-05T04:58:33.054015Z,KXBTC15M-26OCT050100-00,0.0240,6.00,yes
2026-10-05T04:58:33.054015Z,KXBTC15M-26OCT050100-00,0.0240,8.00,yes
2026-10-05T04:58:33.054015Z,KXBTC15M-26OCT050100-00,0.0240,13.00,yes
2026-10-05T04:58:33.054015Z,KXBTC15M-26OCT050100-00,0.0240,100.00,yes
2026-10-05T04:58:33.054015Z,KXBTC15M-26OCT050100-00,0.0240,165.00,yes
2026-10-05T04:58:33.054015Z,KXBTC15M-26OCT050100-00,0.0250,5.50,yes
2026-10-05T04:58:33.055914Z,KXBTC15M-26OCT050100-00,0.0200,0.50,no
2026-10-05T04:58:33.076717Z,KXBTC15M-26OCT050100-00,0.0200,2484.47,no
2026-10-05T04:58:33.076717Z,KXBTC15M-26OCT050100-00,0.0200,500.00,no
2026-10-05T04:58:33.076717Z,KXBTC15M-26OCT050100-00,0.0200,15.53,no
2026-10-05T04:58:33.086281Z,KXBTC15M-26OCT050100-00,0.0200,10.00,no
2026-10-05T04:58:33.086524Z,KXBTC15M-26OCT050100-00,0.0200,204.97,no
2026-10-05T04:58:33.23313Z,KXBTC15M-26OCT050100-00,0.0200,42.76,no
2026-10-05T04:58:33.277966Z,KXBTC15M-26OCT050100-00,0.0210,22.28,yes
2026-10-05T04:58:33.38103Z,KXBTC15M-26OCT050100-00,0.0210,89.13,yes
2026-10-05T04:58:33.393834Z,KXBTC15M-26OCT050100-00,0.0200,7.23,no
2026-10-05T04:58:33.400589Z,KXBTC15M-26OCT050100-00,0.0210,44.56,yes
2026-10-05T04:58:33.403222Z,KXBTC15M-26OCT050100-00,0.0210,44.56,yes
2026-10-05T04:58:33.435874Z,KXBTC15M-26OCT050100-00,0.0200,10.00,no
2026-10-05T04:58:33.435874Z,KXBTC15M-26OCT050100-00,0.0170,2.00,no
2026-10-05T04:58:33.435874Z,KXBTC15M-26OCT050100-00,0.0170,2.00,no
2026-10-05T04:58:33.435874Z,KXBTC15M-26OCT050100-00,0.0200,0.01,no
2026-10-05T04:58:33.435874Z,KXBTC15M-26OCT050100-00,0.0170,20.00,no
2026-10-05T04:58:33.435874Z,KXBTC15M-26OCT050100-00,0.0200,0.01,no
2026-10-05T04:58:33.435874Z,KXBTC15M-26OCT050100-00,0.0200,0.01,no
2026-10-05T04:58:33.435874Z,KXBTC15M-26OCT050100-00,0.0160,31.87,no
2026-10-05T04:58:33.447372Z,KXBTC15M-26OCT050100-00,0.0170,178.26,yes
2026-10-05T04:58:33.459802Z,KXBTC15M-26OCT050100-00,0.0170,22.28,yes
2026-10-05T04:58:33.472184Z,KXBTC15M-26OCT050100-00,0.0160,90.87,no
2026-10-05T04:58:33.472184Z,KXBTC15M-26OCT050100-00,0.0160,2.00,no
2026-10-05T04:58:33.472184Z,KXBTC15M-26OCT050100-00,0.0160,13.13,no
2026-10-05T04:58:33.472184Z,KXBTC15M-26OCT050100-00,0.0160,44.00,no
2026-10-05T04:58:33.477701Z,KXBTC15M-26OCT050100-00,0.0170,396.00,yes
2026-10-05T04:58:33.491237Z,KXBTC15M-26OCT050100-00,0.0170,89.13,yes
2026-10-05T04:58:33.512591Z,KXBTC15M-26OCT050100-00,0.0160,0.01,no
2026-10-05T04:58:33.512591Z,KXBTC15M-26OCT050100-00,0.0160,0.01,no
2026-10-05T04:58:33.538812Z,KXBTC15M-26OCT050100-00,0.0160,150.00,yes
2026-10-05T04:58:33.569744Z,KXBTC15M-26OCT050100-00,0.0160,28.32,yes
2026-10-05T04:58:33.569744Z,KXBTC15M-26OCT050100-00,0.0160,17.00,yes
2026-10-05T04:58:33.571915Z,KXBTC15M-26OCT050100-00,0.0160,24.32,yes
2026-10-05T04:58:33.571915Z,KXBTC15M-26OCT050100-00,0.0160,121.68,yes
2026-10-05T04:58:33.579097Z,KXBTC15M-26OCT050100-00,0.0160,3.67,yes
2026-10-05T04:58:33.588315Z,KXBTC15M-26OCT050100-00,0.0160,89.13,yes
2026-10-05T04:58:33.602573Z,KXBTC15M-26OCT050100-00,0.0150,0.01,no
2026-10-05T04:58:33.602573Z,KXBTC15M-26OCT050100-00,0.0150,1.00,no
2026-10-05T04:58:33.645921Z,KXBTC15M-26OCT050100-00,0.0150,11.41,no
2026-10-05T04:58:33.645921Z,KXBTC15M-26OCT050100-00,0.0150,100.00,no
2026-10-05T04:58:33.645921Z,KXBTC15M-26OCT050100-00,0.0150,1.99,no
2026-10-05T04:58:33.645921Z,KXBTC15M-26OCT050100-00,0.0150,0.01,no
2026-10-05T04:58:33.677837Z,KXBTC15M-26OCT050100-00,0.0160,222.82,yes
2026-10-05T04:58:33.684681Z,KXBTC15M-26OCT050100-00,0.0160,44.56,yes
2026-10-05T04:58:33.713012Z,KXBTC15M-26OCT050100-00,0.0160,89.13,yes
2026-10-05T04:58:33.824347Z,KXBTC15M-26OCT050100-00,0.0150,10.93,no
2026-10-05T04:58:33.903476Z,KXBTC15M-26OCT050100-00,0.0160,44.56,yes
2026-10-05T04:58:33.951178Z,KXBTC15M-26OCT050100-00,0.0160,55.04,yes
2026-10-05T04:58:33.96107Z,KXBTC15M-26OCT050100-00,0.0160,58.12,yes
2026-10-05T04:58:34.021816Z,KXBTC15M-26OCT050100-00,0.0150,5.07,no
2026-10-05T04:58:34.135381Z,KXBTC15M-26OCT050100-00,0.0160,20.00,yes
2026-10-05T04:58:34.135381Z,KXBTC15M-26OCT050100-00,0.0160,138.34,yes
2026-10-05T04:58:34.135381Z,KXBTC15M-26OCT050100-00,0.0160,13.00,yes
2026-10-05T04:58:34.135381Z,KXBTC15M-26OCT050100-00,0.0160,368.65,yes
2026-10-05T04:58:34.135381Z,KXBTC15M-26OCT050100-00,0.0160,0.01,yes
2026-10-05T04:58:34.153617Z,KXBTC15M-26OCT050100-00,0.0160,0.01,yes
2026-10-05T04:58:34.153617Z,KXBTC15M-26OCT050100-00,0.0170,599.98,yes
2026-10-05T04:58:34.153617Z,KXBTC15M-26OCT050100-00,0.0160,0.01,yes
2026-10-05T04:58:34.17295Z,KXBTC15M-26OCT050100-00,0.0150,159.57,no
2026-10-05T04:58:34.241249Z,KXBTC15M-26OCT050100-00,0.0170,0.01,yes
2026-10-05T04:58:34.241249Z,KXBTC15M-26OCT050100-00,0.0170,99.99,yes
2026-10-05T04:58:34.241249Z,KXBTC15M-26OCT050100-00,0.0170,17.00,yes
2026-10-05T04:58:34.277316Z,KXBTC15M-26OCT050100-00,0.0170,1.15,yes
2026-10-05T04:58:34.301518Z,KXBTC15M-26OCT050100-00,0.0170,1.15,yes
2026-10-05T04:58:34.301518Z,KXBTC15M-26OCT050100-00,0.0170,15.85,yes
2026-10-05T04:58:34.328571Z,KXBTC15M-26OCT050100-00,0.0170,17.00,yes
2026-10-05T04:58:34.328571Z,KXBTC15M-26OCT050100-00,0.0170,24.89,yes
2026-10-05T04:58:34.410105Z,KXBTC15M-26OCT050100-00,0.0170,2.05,yes
2026-10-05T04:58:34.443188Z,KXBTC15M-26OCT050100-00,0.0190,17.00,yes
2026-10-05T04:58:34.443188Z,KXBTC15M-26OCT050100-00,0.0190,136.45,yes
2026-10-05T04:58:34.443188Z,KXBTC15M-26OCT050100-00,0.0170,100.00,yes
2026-10-05T04:58:34.443188Z,KXBTC15M-26OCT050100-00,0.0170,14.95,yes
2026-10-05T04:58:34.443188Z,KXBTC15M-26OCT050100-00,0.0190,1047.00,yes
2026-10-05T04:58:34.44848Z,KXBTC15M-26OCT050100-00,0.0160,96.96,no
2026-10-05T04:58:34.461346Z,KXBTC15M-26OCT050100-00,0.0190,17.00,yes
2026-10-05T04:58:34.461346Z,KXBTC15M-26OCT050100-00,0.0230,20.00,yes
2026-10-05T04:58:34.461346Z,KXBTC15M-26OCT050100-00,0.0220,2.00,yes
2026-10-05T04:58:34.461346Z,KXBTC15M-26OCT050100-00,0.0190,400.00,yes
2026-10-05T04:58:34.461346Z,KXBTC15M-26OCT050100-00,0.0240,12.00,yes
2026-10-05T04:58:34.461346Z,KXBTC15M-26OCT050100-00,0.0180,17.00,yes
2026-10-05T04:58:34.461346Z,KXBTC15M-26OCT050100-00,0.0250,43.81,yes
2026-10-05T04:58:34.461346Z,KXBTC15M-26OCT050100-00,0.0230,100.00,yes
2026-10-05T04:58:34.461346Z,KXBTC15M-26OCT050100-00,0.0220,2.00,yes
2026-10-05T04:58:34.461346Z,KXBTC15M-26OCT050100-00,0.0210,44.00,yes
2026-10-05T04:58:34.461346Z,KXBTC15M-26OCT050100-00,0.0230,2.00,yes
2026-10-05T04:58:34.461346Z,KXBTC15M-26OCT050100-00,0.0210,97.00,yes
2026-10-05T04:58:34.461346Z,KXBTC15M-26OCT050100-00,0.0240,2.00,yes
2026-10-05T04:58:34.461346Z,KXBTC15M-26OCT050100-00,0.0210,10.00,yes
2026-10-05T04:58:34.461346Z,KXBTC15M-26OCT050100-00,0.0240,168.38,yes
2026-10-05T04:58:34.461346Z,KXBTC15M-26OCT050100-00,0.0240,2.00,yes
2026-10-05T04:58:34.461346Z,KXBTC15M-26OCT050100-00,0.0230,2.00,yes
2026-10-05T04:58:34.461346Z,KXBTC15M-26OCT050100-00,0.0210,500.00,yes
2026-10-05T04:58:34.461346Z,KXBTC15M-26OCT050100-00,0.0240,100.00,yes
2026-10-05T04:58:34.461346Z,KXBTC15M-26OCT050100-00,0.0250,100.00,yes
2026-10-05T04:58:34.461346Z,KXBTC15M-26OCT050100-00,0.0210,6.96,yes
2026-10-05T04:58:34.52187Z,KXBTC15M-26OCT050100-00,0.0170,399.73,no
2026-10-05T04:58:34.52187Z,KXBTC15M-26OCT050100-00,0.0170,500.00,no
2026-10-05T04:58:34.52187Z,KXBTC15M-26OCT050100-00,0.0170,285.93,no
2026-10-05T04:58:34.539609Z,KXBTC15M-26OCT050100-00,0.0180,17.00,yes
2026-10-05T04:58:34.539609Z,KXBTC15M-26OCT050100-00,0.0190,39.34,yes
2026-10-05T04:58:34.546671Z,KXBTC15M-26OCT050100-00,0.0170,12.00,no
2026-10-05T04:58:34.546671Z,KXBTC15M-26OCT050100-00,0.0170,2.00,no
2026-10-05T04:58:34.546671Z,KXBTC15M-26OCT050100-00,0.0170,0.01,no
2026-10-05T04:58:34.546671Z,KXBTC15M-26OCT050100-00,0.0170,0.01,no
2026-10-05T04:58:34.546671Z,KXBTC15M-26OCT050100-00,0.0170,2.00,no
2026-10-05T04:58:34.546671Z,KXBTC15M-26OCT050100-00,0.0170,23.98,no
2026-10-05T04:58:34.580774Z,KXBTC15M-26OCT050100-00,0.0140,2.00,no
2026-10-05T04:58:34.580774Z,KXBTC15M-26OCT050100-00,0.0160,0.01,no
2026-10-05T04:58:34.580774Z,KXBTC15M-26OCT050100-00,0.0150,2.00,no
2026-10-05T04:58:34.580774Z,KXBTC15M-26OCT050100-00,0.0130,1047.00,no
2026-10-05T04:58:34.580774Z,KXBTC15M-26OCT050100-00,0.0160,2.00,no
2026-10-05T04:58:34.580774Z,KXBTC15M-26OCT050100-00,0.0170,0.01,no
2026-10-05T04:58:34.580774Z,KXBTC15M-26OCT050100-00,0.0130,2.00,no
2026-10-05T04:58:34.580774Z,KXBTC15M-26OCT050100-00,0.0140,2.00,no
2026-10-05T04:58:34.580774Z,KXBTC15M-26OCT050100-00,0.0140,13.00,no
2026-10-05T04:58:34.580774Z,KXBTC15M-26OCT050100-00,0.0170,0.01,no
2026-10-05T04:58:34.580774Z,KXBTC15M-26OCT050100-00,0.0160,0.01,no
2026-10-05T04:58:34.580774Z,KXBTC15M-26OCT050100-00,0.0150,2.00,no
2026-10-05T04:58:34.580774Z,KXBTC15M-26OCT050100-00,0.0150,20.00,no
2026-10-05T04:58:34.580774Z,KXBTC15M-26OCT050100-00,0.0160,1047.00,no
2026-10-05T04:58:34.580774Z,KXBTC15M-26OCT050100-00,0.0120,172.51,no
2026-10-05T04:58:34.580774Z,KXBTC15M-26OCT050100-00,0.0150,48.00,no
2026-10-05T04:58:34.580774Z,KXBTC15M-26OCT050100-00,0.0130,141.84,no
2026-10-05T04:58:34.580774Z,KXBTC15M-26OCT050100-00,0.0120,20.00,no
2026-10-05T04:58:34.580774Z,KXBTC15M-26OCT050100-00,0.0130,3.38,no
2026-10-05T04:58:34.580774Z,KXBTC15M-26OCT050100-00,0.0120,150.00,no
2026-10-05T04:58:34.580774Z,KXBTC15M-26OCT050100-00,0.0130,10.00,no
2026-10-05T04:58:34.585369Z,KXBTC15M-26OCT050100-00,0.0120,42.77,no
2026-10-05T04:58:34.76499Z,KXBTC15M-26OCT050100-00,0.0170,0.01,yes
2026-10-05T04:58:34.76499Z,KXBTC15M-26OCT050100-00,0.0170,13.00,yes
2026-10-05T04:58:34.76499Z,KXBTC15M-26OCT050100-00,0.0170,0.01,yes
2026-10-05T04:58:34.76499Z,KXBTC15M-26OCT050100-00,0.0170,233.23,yes
2026-10-05T04:58:34.802565Z,KXBTC15M-26OCT050100-00,0.0170,53.93,yes
2026-10-05T04:58:34.856033Z,KXBTC15M-26OCT050100-00,0.0170,52.83,yes
2026-10-05T04:58:34.863689Z,KXBTC15M-26OCT050100-00,0.0160,0.01,no
2026-10-05T04:58:34.863689Z,KXBTC15M-26OCT050100-00,0.0160,0.01,no
2026-10-05T04:58:34.863689Z,KXBTC15M-26OCT050100-00,0.0150,72.51,no
2026-10-05T04:58:34.8981Z,KXBTC15M-26OCT050100-00,0.0150,0.01,no
2026-10-05T04:58:34.8981Z,KXBTC15M-26OCT050100-00,0.0150,12.58,no
2026-10-05T04:58:34.8981Z,KXBTC15M-26OCT050100-00,0.0150,0.01,no
2026-10-05T04:58:35.006085Z,KXBTC15M-26OCT050100-00,0.0160,0.01,yes
2026-10-05T04:58:35.006085Z,KXBTC15M-26OCT050100-00,0.0160,10.50,yes
2026-10-05T04:58:35.006085Z,KXBTC15M-26OCT050100-00,0.0160,17.00,yes
2026-10-05T04:58:35.006085Z,KXBTC15M-26OCT050100-00,0.0160,0.01,yes
2026-10-05T04:58:35.021246Z,KXBTC15M-26OCT050100-00,0.0160,0.01,yes
2026-10-05T04:58:35.021246Z,KXBTC15M-26OCT050100-00,0.0160,0.01,yes
2026-10-05T04:58:35.021246Z,KXBTC15M-26OCT050100-00,0.0180,2.73,yes
2026-10-05T04:58:35.021246Z,KXBTC15M-26OCT050100-00,0.0160,9.50,yes
2026-10-05T04:58:35.021246Z,KXBTC15M-26OCT050100-00,0.0160,20.00,yes
2026-10-05T04:58:35.021246Z,KXBTC15M-26OCT050100-00,0.0180,17.00,yes
2026-10-05T04:58:35.021253Z,KXBTC15M-26OCT050100-00,0.0150,17.90,no
2026-10-05T04:58:35.032169Z,KXBTC15M-26OCT050100-00,0.0170,82.24,yes
2026-10-05T04:58:35.032169Z,KXBTC15M-26OCT050100-00,0.0170,17.00,yes
2026-10-05T04:58:35.04161Z,KXBTC15M-26OCT050100-00,0.0170,30.00,yes
2026-10-05T04:58:35.082054Z,KXBTC15M-26OCT050100-00,0.0170,4.68,yes
2026-10-05T04:58:35.124559Z,KXBTC15M-26OCT050100-00,0.0170,1.34,yes
2026-10-05T04:58:35.166965Z,KXBTC15M-26OCT050100-00,0.0160,101.51,no
2026-10-05T04:58:35.169179Z,KXBTC15M-26OCT050100-00,0.0160,4.06,no
2026-10-05T04:58:35.169223Z,KXBTC15M-26OCT050100-00,0.0160,9.93,no
2026-10-05T04:58:35.172876Z,KXBTC15M-26OCT050100-00,0.0160,30.00,no
2026-10-05T04:58:35.255028Z,KXBTC15M-26OCT050100-00,0.0170,166.35,yes
2026-10-05T04:58:35.255028Z,KXBTC15M-26OCT050100-00,0.0170,13.00,yes
2026-10-05T04:58:35.255028Z,KXBTC15M-26OCT050100-00,0.0170,0.01,yes
2026-10-05T04:58:35.255028Z,KXBTC15M-26OCT050100-00,0.0170,149.60,yes
2026-10-05T04:58:35.255028Z,KXBTC15M-26OCT050100-00,0.0170,0.01,yes
2026-10-05T04:58:35.255028Z,KXBTC15M-26OCT050100-00,0.0170,90.03,yes
2026-10-05T04:58:35.266534Z,KXBTC15M-26OCT050100-00,0.0170,0.01,yes
2026-10-05T04:58:35.266534Z,KXBTC15M-26OCT050100-00,0.0170,0.40,yes
2026-10-05T04:58:35.266534Z,KXBTC15M-26OCT050100-00,0.0170,0.01,yes
2026-10-05T04:58:35.266534Z,KXBTC15M-26OCT050100-00,0.0170,8.83,yes
2026-10-05T04:58:35.303839Z,KXBTC15M-26OCT050100-00,0.0160,1.02,no
2026-10-05T04:58:35.319384Z,KXBTC15M-26OCT050100-00,0.0160,1.59,no
2026-10-05T04:58:35.319384Z,KXBTC15M-26OCT050100-00,0.0160,3.48,no
2026-10-05T04:58:35.336525Z,KXBTC15M-26OCT050100-00,0.0160,9.53,no
2026-10-05T04:58:35.3664Z,KXBTC15M-26OCT050100-00,0.0170,1.08,yes
2026-10-05T04:58:35.380653Z,KXBTC15M-26OCT050100-00,0.0170,8.92,yes
2026-10-05T04:58:35.380653Z,KXBTC15M-26OCT050100-00,0.0170,13.00,yes
2026-10-05T04:58:35.59825Z,KXBTC15M-26OCT050100-00,0.0180,5.39,yes
2026-10-05T04:58:35.627047Z,KXBTC15M-26OCT050100-00,0.0170,0.01,no
2026-10-05T04:58:35.627047Z,KXBTC15M-26OCT050100-00,0.0150,20.00,no
2026-10-05T04:58:35.627047Z,KXBTC15M-26OCT050100-00,0.0170,0.01,no
2026-10-05T04:58:35.627047Z,KXBTC15M-26OCT050100-00,0.0150,6.31,no
2026-10-05T04:58:35.627047Z,KXBTC15M-26OCT050100-00,0.0150,20.00,no
2026-10-05T04:58:35.627047Z,KXBTC15M-26OCT050100-00,0.0150,43.00,no
2026-10-05T04:58:35.65417Z,KXBTC15M-26OCT050100-00,0.0130,14.00,no
2026-10-05T04:58:35.65417Z,KXBTC15M-26OCT050100-00,0.0150,0.01,no
2026-10-05T04:58:35.65417Z,KXBTC15M-26OCT050100-00,0.0150,0.01,no
2026-10-05T04:58:35.65417Z,KXBTC15M-26OCT050100-00,0.0130,5.93,no
2026-10-05T04:58:35.671067Z,KXBTC15M-26OCT050100-00,0.0130,3.38,no
2026-10-05T04:58:35.671067Z,KXBTC15M-26OCT050100-00,0.0150,0.01,no
2026-10-05T04:58:35.671067Z,KXBTC15M-26OCT050100-00,0.0130,0.01,no
2026-10-05T04:58:35.671067Z,KXBTC15M-26OCT050100-00,0.0150,0.01,no
2026-10-05T04:58:35.688952Z,KXBTC15M-26OCT050100-00,0.0160,14.92,yes
2026-10-05T04:58:35.688952Z,KXBTC15M-26OCT050100-00,0.0160,17.00,yes
2026-10-05T04:58:35.700279Z,KXBTC15M-26OCT050100-00,0.0130,14.00,no
2026-10-05T04:58:35.700279Z,KXBTC15M-26OCT050100-00,0.0130,0.01,no
2026-10-05T04:58:35.700279Z,KXBTC15M-26OCT050100-00,0.0120,0.01,no
2026-10-05T04:58:35.700279Z,KXBTC15M-26OCT050100-00,0.0130,200.00,no
2026-10-05T04:58:35.700279Z,KXBTC15M-26OCT050100-00,0.0120,0.01,no
2026-10-05T04:58:35.700279Z,KXBTC15M-26OCT050100-00,0.0130,100.00,no
2026-10-05T04:58:35.700279Z,KXBTC15M-26OCT050100-00,0.0120,200.00,no
2026-10-05T04:58:35.700279Z,KXBTC15M-26OCT050100-00,0.0120,15.00,no
2026-10-05T04:58:35.700279Z,KXBTC15M-26OCT050100-00,0.0130,0.01,no
2026-10-05T04:58:35.700279Z,KXBTC15M-26OCT050100-00,0.0120,10.00,no
2026-10-05T04:58:35.700279Z,KXBTC15M-26OCT050100-00,0.0110,217.72,no
2026-10-05T04:58:35.727903Z,KXBTC15M-26OCT050100-00,0.0150,0.01,yes
2026-10-05T04:58:35.727903Z,KXBTC15M-26OCT050100-00,0.0150,0.01,yes
2026-10-05T04:58:35.727903Z,KXBTC15M-26OCT050100-00,0.0150,21.95,yes
2026-10-05T04:58:35.727903Z,KXBTC15M-26OCT050100-00,0.0150,17.00,yes
2026-10-05T04:58:35.74529Z,KXBTC15M-26OCT050100-00,0.0140,217.84,no
2026-10-05T04:58:35.820225Z,KXBTC15M-26OCT050100-00,0.0140,15.69,no
2026-10-05T04:58:35.837551Z,KXBTC15M-26OCT050100-00,0.0150,20.00,yes
2026-10-05T04:58:35.837551Z,KXBTC15M-26OCT050100-00,0.0160,17.00,yes
2026-10-05T04:58:35.837551Z,KXBTC15M-26OCT050100-00,0.0150,0.01,yes
2026-10-05T04:58:35.837551Z,KXBTC15M-26OCT050100-00,0.0160,0.01,yes
2026-10-05T04:58:35.837551Z,KXBTC15M-26OCT050100-00,0.0150,0.01,yes
2026-10-05T04:58:35.837551Z,KXBTC15M-26OCT050100-00,0.0160,0.01,yes
2026-10-05T04:58:35.837551Z,KXBTC15M-26OCT050100-00,0.0180,69.04,yes
2026-10-05T04:58:35.887199Z,KXBTC15M-26OCT050100-00,0.0150,34.00,no
2026-10-05T04:58:35.897018Z,KXBTC15M-26OCT050100-00,0.0160,1.04,yes
2026-10-05T04:58:35.900372Z,KXBTC15M-26OCT050100-00,0.0150,34.32,no
2026-10-05T04:58:35.922854Z,KXBTC15M-26OCT050100-00,0.0150,44.76,no
2026-10-05T04:58:35.929027Z,KXBTC15M-26OCT050100-00,0.0150,36.92,no
2026-10-05T04:58:35.929027Z,KXBTC15M-26OCT050100-00,0.0150,413.08,no
2026-10-05T04:58:35.94695Z,KXBTC15M-26OCT050100-00,0.0150,136.94,no
2026-10-05T04:58:35.94695Z,KXBTC15M-26OCT050100-00,0.0150,0.01,no
2026-10-05T04:58:35.94695Z,KXBTC15M-26OCT050100-00,0.0150,0.01,no
2026-10-05T04:58:35.94695Z,KXBTC15M-26OCT050100-00,0.0150,86.92,no
2026-10-05T04:58:35.959989Z,KXBTC15M-26OCT050100-00,0.0150,63.06,no
2026-10-05T04:58:35.959989Z,KXBTC15M-26OCT050100-00,0.0150,45.70,no
2026-10-05T04:58:35.964227Z,KXBTC15M-26OCT050100-00,0.0170,11.62,yes
2026-10-05T04:58:35.964227Z,KXBTC15M-26OCT050100-00,0.0160,15.96,yes
2026-10-05T04:58:35.964227Z,KXBTC15M-26OCT050100-00,0.0160,0.01,yes
2026-10-05T04:58:35.964227Z,KXBTC15M-26OCT050100-00,0.0160,0.01,yes
2026-10-05T04:58:36.027648Z,KXBTC15M-26OCT050100-00,0.0180,1006.60,yes
2026-10-05T04:58:36.027648Z,KXBTC15M-26OCT050100-00,0.0170,13.00,yes
2026-10-05T04:58:36.027648Z,KXBTC15M-26OCT050100-00,0.0160,20.00,yes
2026-10-05T04:58:36.027648Z,KXBTC15M-26OCT050100-00,0.0170,0.01,yes
2026-10-05T04:58:36.027648Z,KXBTC15M-26OCT050100-00,0.0160,0.01,yes
2026-10-05T04:58:36.027648Z,KXBTC15M-26OCT050100-00,0.0170,0.01,yes
2026-10-05T04:58:36.027648Z,KXBTC15M-26OCT050100-00,0.0160,0.01,yes
2026-10-05T04:58:36.068302Z,KXBTC15M-26OCT050100-00,0.0150,20.00,no
2026-10-05T04:58:36.068302Z,KXBTC15M-26OCT050100-00,0.0150,0.01,no
2026-10-05T04:58:36.068302Z,KXBTC15M-26OCT050100-00,0.0130,30.39,no
2026-10-05T04:58:36.068302Z,KXBTC15M-26OCT050100-00,0.0140,20.00,no
2026-10-05T04:58:36.068302Z,KXBTC15M-26OCT050100-00,0.0150,0.01,no
2026-10-05T04:58:36.068556Z,KXBTC15M-26OCT050100-00,0.0120,15.00,no
2026-10-05T04:58:36.068556Z,KXBTC15M-26OCT050100-00,0.0120,563.00,no
2026-10-05T04:58:36.068556Z,KXBTC15M-26OCT050100-00,0.0120,181.90,no
2026-10-05T04:58:36.068556Z,KXBTC15M-26OCT050100-00,0.0120,1.00,no
2026-10-05T04:58:36.068556Z,KXBTC15M-26OCT050100-00,0.0130,21.61,no
2026-10-05T04:58:36.068556Z,KXBTC15M-26OCT050100-00,0.0110,1287.66,no
2026-10-05T04:58:36.068556Z,KXBTC15M-26OCT050100-00,0.0110,512.00,no
2026-10-05T04:58:36.068556Z,KXBTC15M-26OCT050100-00,0.0110,105.07,no
2026-10-05T04:58:36.125788Z,KXBTC15M-26OCT050100-00,0.0150,105.07,yes
2026-10-05T04:58:36.125788Z,KXBTC15M-26OCT050100-00,0.0150,0.01,yes
2026-10-05T04:58:36.125788Z,KXBTC15M-26OCT050100-00,0.0150,256.92,yes
2026-10-05T04:58:36.134997Z,KXBTC15M-26OCT050100-00,0.0140,9.10,no
2026-10-05T04:58:36.134997Z,KXBTC15M-26OCT050100-00,0.0140,0.01,no
2026-10-05T04:58:36.15381Z,KXBTC15M-26OCT050100-00,0.0140,99.38,no
2026-10-05T04:58:36.201845Z,KXBTC15M-26OCT050100-00,0.0150,26.91,yes
2026-10-05T04:58:36.202046Z,KXBTC15M-26OCT050100-00,0.0150,105.91,yes
2026-10-05T04:58:36.221911Z,KXBTC15M-26OCT050100-00,0.0140,19.00,no
2026-10-05T04:58:36.224052Z,KXBTC15M-26OCT050100-00,0.0150,104.89,yes
2026-10-05T04:58:36.251992Z,KXBTC15M-26OCT050100-00,0.0150,0.01,yes
2026-10-05T04:58:36.251992Z,KXBTC15M-26OCT050100-00,0.0150,20.00,yes
2026-10-05T04:58:36.251992Z,KXBTC15M-26OCT050100-00,0.0150,0.01,yes
2026-10-05T04:58:36.251992Z,KXBTC15M-26OCT050100-00,0.0150,17.37,yes
2026-10-05T04:58:36.251992Z,KXBTC15M-26OCT050100-00,0.0180,16.54,yes
2026-10-05T04:58:36.309227Z,KXBTC15M-26OCT050100-00,0.0180,1.64,yes
2026-10-05T04:58:36.309227Z,KXBTC15M-26OCT050100-00,0.0180,0.46,yes
2026-10-05T04:58:36.354638Z,KXBTC15M-26OCT050100-00,0.0150,500.00,no
2026-10-05T04:58:36.354638Z,KXBTC15M-26OCT050100-00,0.0140,307.07,no
2026-10-05T04:58:36.354638Z,KXBTC15M-26OCT050100-00,0.0150,0.01,no
2026-10-05T04:58:36.354638Z,KXBTC15M-26OCT050100-00,0.0120,47.00,no
2026-10-05T04:58:36.354638Z,KXBTC15M-26OCT050100-00,0.0150,93.75,no
2026-10-05T04:58:36.354638Z,KXBTC15M-26OCT050100-00,0.0140,200.00,no
2026-10-05T04:58:36.354638Z,KXBTC15M-26OCT050100-00,0.0140,0.01,no
2026-10-05T04:58:36.354638Z,KXBTC15M-26OCT050100-00,0.0140,20.00,no
2026-10-05T04:58:36.354638Z,KXBTC15M-26OCT050100-00,0.0140,0.01,no
2026-10-05T04:58:36.354638Z,KXBTC15M-26OCT050100-00,0.0150,15.00,no
2026-10-05T04:58:36.354638Z,KXBTC15M-26OCT050100-00,0.0120,15.00,no
2026-10-05T04:58:36.354638Z,KXBTC15M-26OCT050100-00,0.0150,0.01,no
2026-10-05T04:58:36.354638Z,KXBTC15M-26OCT050100-00,0.0150,93.75,no
2026-10-05T04:58:36.354638Z,KXBTC15M-26OCT050100-00,0.0150,500.00,no
2026-10-05T04:58:36.354638Z,KXBTC15M-26OCT050100-00,0.0150,200.00,no
2026-10-05T04:58:36.354638Z,KXBTC15M-26OCT050100-00,0.0110,32.13,no
2026-10-05T04:58:36.381909Z,KXBTC15M-26OCT050100-00,0.0160,5.84,yes
2026-10-05T04:58:36.383449Z,KXBTC15M-26OCT050100-00,0.0180,2.84,yes
2026-10-05T04:58:36.383449Z,KXBTC15M-26OCT050100-00,0.0180,150.30,yes
2026-10-05T04:58:36.383449Z,KXBTC15M-26OCT050100-00,0.0170,10.00,yes
2026-10-05T04:58:36.383449Z,KXBTC15M-26OCT050100-00,0.0160,11.16,yes
2026-10-05T04:58:36.383449Z,KXBTC15M-26OCT050100-00,0.0180,0.01,yes
2026-10-05T04:58:36.383449Z,KXBTC15M-26OCT050100-00,0.0180,0.01,yes
2026-10-05T04:58:36.383449Z,KXBTC15M-26OCT050100-00,0.0160,0.01,yes
2026-10-05T04:58:36.383449Z,KXBTC15M-26OCT050100-00,0.0160,0.01,yes
2026-10-05T04:58:36.383449Z,KXBTC15M-26OCT050100-00,0.0160,20.00,yes
2026-10-05T04:58:36.383449Z,KXBTC15M-26OCT050100-00,0.0160,32.13,yes
2026-10-05T04:58:36.383449Z,KXBTC15M-26OCT050100-00,0.0180,14.36,yes
2026-10-05T04:58:36.383449Z,KXBTC15M-26OCT050100-00,0.0160,20.00,yes
2026-10-05T04:58:36.387464Z,KXBTC15M-26OCT050100-00,0.0150,0.01,no
2026-10-05T04:58:36.387464Z,KXBTC15M-26OCT050100-00,0.0150,54.99,no
2026-10-05T04:58:36.42028Z,KXBTC15M-26OCT050100-00,0.0200,2.00,yes
2026-10-05T04:58:36.42028Z,KXBTC15M-26OCT050100-00,0.0190,102.00,yes
2026-10-05T04:58:36.42028Z,KXBTC15M-26OCT050100-00,0.0220,308.41,yes
2026-10-05T04:58:36.42028Z,KXBTC15M-26OCT050100-00,0.0200,1047.00,yes
2026-10-05T04:58:36.42028Z,KXBTC15M-26OCT050100-00,0.0200,2.00,yes
2026-10-05T04:58:36.42028Z,KXBTC15M-26OCT050100-00,0.0210,2.00,yes
2026-10-05T04:58:36.42028Z,KXBTC15M-26OCT050100-00,0.0210,2.00,yes
2026-10-05T04:58:36.42028Z,KXBTC15M-26OCT050100-00,0.0170,100.00,yes
2026-10-05T04:58:36.42028Z,KXBTC15M-26OCT050100-00,0.0190,2.00,yes
2026-10-05T04:58:36.42028Z,KXBTC15M-26OCT050100-00,0.0170,17.00,yes
2026-10-05T04:58:36.42028Z,KXBTC15M-26OCT050100-00,0.0170,0.01,yes
2026-10-05T04:58:36.42028Z,KXBTC15M-26OCT050100-00,0.0180,400.00,yes
2026-10-05T04:58:36.42028Z,KXBTC15M-26OCT050100-00,0.0190,13.00,yes
2026-10-05T04:58:36.42028Z,KXBTC15M-26OCT050100-00,0.0170,0.01,yes
2026-10-05T04:58:36.42028Z,KXBTC15M-26OCT050100-00,0.0180,17.00,yes
2026-10-05T04:58:36.42028Z,KXBTC15M-26OCT050100-00,0.0210,55.00,yes
2026-10-05T04:58:36.42028Z,KXBTC15M-26OCT050100-00,0.0210,55.00,yes
2026-10-05T04:58:36.42028Z,KXBTC15M-26OCT050100-00,0.0180,268.08,yes
2026-10-05T04:58:36.482932Z,KXBTC15M-26OCT050100-00,0.0190,0.01,yes
2026-10-05T04:58:36.482932Z,KXBTC15M-26OCT050100-00,0.0190,9.99,yes
2026-10-05T04:58:36.549254Z,KXBTC15M-26OCT050100-00,0.0180,49.18,no
2026-10-05T04:58:36.62362Z,KXBTC15M-26OCT050100-00,0.0180,1.01,no
2026-10-05T04:58:36.640433Z,KXBTC15M-26OCT050100-00,0.0220,2.00,yes
2026-10-05T04:58:36.640433Z,KXBTC15M-26OCT050100-00,0.0250,910.55,yes
2026-10-05T04:58:36.640433Z,KXBTC15M-26OCT050100-00,0.0240,12.00,yes
2026-10-05T04:58:36.640433Z,KXBTC15M-26OCT050100-00,0.0240,2.00,yes
2026-10-05T04:58:36.640433Z,KXBTC15M-26OCT050100-00,0.0200,17.00,yes
2026-10-05T04:58:36.640433Z,KXBTC15M-26OCT050100-00,0.0240,2.00,yes
2026-10-05T04:58:36.640433Z,KXBTC15M-26OCT050100-00,0.0230,2.00,yes
2026-10-05T04:58:36.640433Z,KXBTC15M-26OCT050100-00,0.0210,17.00,yes
2026-10-05T04:58:36.640433Z,KXBTC15M-26OCT050100-00,0.0200,77.00,yes
2026-10-05T04:58:36.640433Z,KXBTC15M-26OCT050100-00,0.0200,400.00,yes
2026-10-05T04:58:36.640433Z,KXBTC15M-26OCT050100-00,0.0200,3.00,yes
2026-10-05T04:58:36.652354Z,KXBTC15M-26OCT050100-00,0.0220,24.00,no
2026-10-05T04:58:36.697805Z,KXBTC15M-26OCT050100-00,0.0220,42.78,no
2026-10-05T04:58:36.712107Z,KXBTC15M-26OCT050100-00,0.0220,2.02,no
2026-10-05T04:58:36.716891Z,KXBTC15M-26OCT050100-00,0.0220,14.50,no
2026-10-05T04:58:36.751177Z,KXBTC15M-26OCT050100-00,0.0220,674.41,no
2026-10-05T04:58:36.759269Z,KXBTC15M-26OCT050100-00,0.0220,289.29,no
2026-10-05T04:58:36.759269Z,KXBTC15M-26OCT050100-00,0.0220,70.74,no
2026-10-05T04:58:36.81413Z,KXBTC15M-26OCT050100-00,0.0220,60.00,no
2026-10-05T04:58:36.847176Z,KXBTC15M-26OCT050100-00,0.0220,0.01,no
2026-10-05T04:58:36.847176Z,KXBTC15M-26OCT050100-00,0.0200,2.00,no
2026-10-05T04:58:36.847176Z,KXBTC15M-26OCT050100-00,0.0220,0.01,no
2026-10-05T04:58:36.847244Z,KXBTC15M-26OCT050100-00,0.0200,10.33,no
2026-10-05T04:58:36.927042Z,KXBTC15M-26OCT050100-00,0.0200,10.47,no
2026-10-05T04:58:36.954767Z,KXBTC15M-26OCT050100-00,0.0200,150.00,no
2026-10-05T04:58:37.022093Z,KXBTC15M-26OCT050100-00,0.0200,88.69,no
2026-10-05T04:58:37.082903Z,KXBTC15M-26OCT050100-00,0.0200,282.00,no
2026-10-05T04:58:37.088898Z,KXBTC15M-26OCT050100-00,0.0200,95.89,no
2026-10-05T04:58:37.091889Z,KXBTC15M-26OCT050100-00,0.0210,46.31,yes
2026-10-05T04:58:37.120506Z,KXBTC15M-26OCT050100-00,0.0210,97.00,yes
2026-10-05T04:58:37.120506Z,KXBTC15M-26OCT050100-00,0.0240,98.00,yes
2026-10-05T04:58:37.120506Z,KXBTC15M-26OCT050100-00,0.0210,0.01,yes
2026-10-05T04:58:37.120506Z,KXBTC15M-26OCT050100-00,0.0240,17.00,yes
2026-10-05T04:58:37.120506Z,KXBTC15M-26OCT050100-00,0.0250,14.67,yes
2026-10-05T04:58:37.120506Z,KXBTC15M-26OCT050100-00,0.0220,17.00,yes
2026-10-05T04:58:37.120506Z,KXBTC15M-26OCT050100-00,0.0230,97.00,yes
2026-10-05T04:58:37.120506Z,KXBTC15M-26OCT050100-00,0.0210,353.69,yes
2026-10-05T04:58:37.120506Z,KXBTC15M-26OCT050100-00,0.0240,12.00,yes
2026-10-05T04:58:37.120506Z,KXBTC15M-26OCT050100-00,0.0210,26.00,yes
2026-10-05T04:58:37.167329Z,KXBTC15M-26OCT050100-00,0.0230,17.00,yes
2026-10-05T04:58:37.167329Z,KXBTC15M-26OCT050100-00,0.0230,38.57,yes
2026-10-05T04:58:37.203785Z,KXBTC15M-26OCT050100-00,0.0200,11.59,no
2026-10-05T04:58:37.245616Z,KXBTC15M-26OCT050100-00,0.0220,112.42,yes
2026-10-05T04:58:37.245616Z,KXBTC15M-26OCT050100-00,0.0220,17.00,yes
2026-10-05T04:58:37.270889Z,KXBTC15M-26OCT050100-00,0.0200,200.00,no
2026-10-05T04:58:37.284727Z,KXBTC15M-26OCT050100-00,0.0220,29.73,yes
2026-10-05T04:58:37.284727Z,KXBTC15M-26OCT050100-00,0.0220,19.00,yes
2026-10-05T04:58:37.314737Z,KXBTC15M-26OCT050100-00,0.0200,0.01,no
2026-10-05T04:58:37.314737Z,KXBTC15M-26OCT050100-00,0.0200,0.01,no
2026-10-05T04:58:37.314737Z,KXBTC15M-26OCT050100-00,0.0200,0.18,no
2026-10-05T04:58:37.395167Z,KXBTC15M-26OCT050100-00,0.0200,7.84,no
2026-10-05T04:58:37.431648Z,KXBTC15M-26OCT050100-00,0.0200,50.94,no
2026-10-05T04:58:37.449409Z,KXBTC15M-26OCT050100-00,0.0200,15.00,no
2026-10-05T04:58:37.449409Z,KXBTC15M-26OCT050100-00,0.0200,0.01,no
2026-10-05T04:58:37.449409Z,KXBTC15M-26OCT050100-00,0.0200,50.00,no
2026-10-05T04:58:37.449409Z,KXBTC15M-26OCT050100-00,0.0200,0.01,no
2026-10-05T04:58:37.449409Z,KXBTC15M-26OCT050100-00,0.0200,93.75,no
2026-10-05T04:58:37.449409Z,KXBTC15M-26OCT050100-00,0.0200,10.00,no
2026-10-05T04:58:37.449409Z,KXBTC15M-26OCT050100-00,0.0190,7.41,no
2026-10-05T04:58:37.480067Z,KXBTC15M-26OCT050100-00,0.0190,91.25,no
2026-10-05T04:58:37.480067Z,KXBTC15M-26OCT050100-00,0.0190,0.01,no
2026-10-05T04:58:37.480067Z,KXBTC15M-26OCT050100-00,0.0190,0.01,no
2026-10-05T04:58:37.581496Z,KXBTC15M-26OCT050100-00,0.0190,150.00,no
2026-10-05T04:58:37.624526Z,KXBTC15M-26OCT050100-00,0.0190,12.12,no
2026-10-05T04:58:37.653847Z,KXBTC15M-26OCT050100-00,0.0190,637.88,no
2026-10-05T04:58:37.653847Z,KXBTC15M-26OCT050100-00,0.0190,0.01,no
2026-10-05T04:58:37.653847Z,KXBTC15M-26OCT050100-00,0.0190,0.01,no
2026-10-05T04:58:37.653847Z,KXBTC15M-26OCT050100-00,0.0180,200.00,no
2026-10-05T04:58:37.653847Z,KXBTC15M-26OCT050100-00,0.0190,200.00,no
2026-10-05T04:58:37.653847Z,KXBTC15M-26OCT050100-00,0.0160,845.46,no
2026-10-05T04:58:37.653847Z,KXBTC15M-26OCT050100-00,0.0180,1047.00,no
2026-10-05T04:58:37.653847Z,KXBTC15M-26OCT050100-00,0.0170,2.00,no
2026-10-05T04:58:37.654994Z,KXBTC15M-26OCT050100-00,0.0160,97.03,no
2026-10-05T04:58:37.676777Z,KXBTC15M-26OCT050100-00,0.0170,53.00,yes
2026-10-05T04:58:37.712052Z,KXBTC15M-26OCT050100-00,0.0160,0.78,no
2026-10-05T04:58:37.804839Z,KXBTC15M-26OCT050100-00,0.0170,50.00,yes
2026-10-05T04:58:37.834946Z,KXBTC15M-26OCT050100-00,0.0160,6.60,no
2026-10-05T04:58:37.841818Z,KXBTC15M-26OCT050100-00,0.0160,2.00,no
2026-10-05T04:58:37.867203Z,KXBTC15M-26OCT050100-00,0.0160,0.01,no
2026-10-05T04:58:37.867203Z,KXBTC15M-26OCT050100-00,0.0160,0.01,no
2026-10-05T04:58:37.921137Z,KXBTC15M-26OCT050100-00,0.0140,2.00,no
2026-10-05T04:58:37.921137Z,KXBTC15M-26OCT050100-00,0.0150,0.01,no
2026-10-05T04:58:37.921137Z,KXBTC15M-26OCT050100-00,0.0150,2.00,no
2026-10-05T04:58:37.921137Z,KXBTC15M-26OCT050100-00,0.0150,0.01,no
2026-10-05T04:58:37.921137Z,KXBTC15M-26OCT050100-00,0.0130,2.00,no
2026-10-05T04:58:37.921137Z,KXBTC15M-26OCT050100-00,0.0130,2.00,no
2026-10-05T04:58:37.921137Z,KXBTC15M-26OCT050100-00,0.0140,2.00,no
2026-10-05T04:58:37.921137Z,KXBTC15M-26OCT050100-00,0.0150,2.00,no
2026-10-05T04:58:37.921137Z,KXBTC15M-26OCT050100-00,0.0150,20.00,no
2026-10-05T04:58:37.921137Z,KXBTC15M-26OCT050100-00,0.0150,20.00,no
2026-10-05T04:58:37.921137Z,KXBTC15M-26OCT050100-00,0.0150,27.00,no
2026-10-05T04:58:37.921137Z,KXBTC15M-26OCT050100-00,0.0110,220.27,no
2026-10-05T04:58:37.924717Z,KXBTC15M-26OCT050100-00,0.0110,56.99,no
2026-10-05T04:58:37.973918Z,KXBTC15M-26OCT050100-00,0.0120,3.16,no
2026-10-05T04:58:37.973918Z,KXBTC15M-26OCT050100-00,0.0120,0.01,no
2026-10-05T04:58:38.081302Z,KXBTC15M-26OCT050100-00,0.0120,349.17,no
2026-10-05T04:58:38.084922Z,KXBTC15M-26OCT050100-00,0.0120,147.67,no
2026-10-05T04:58:38.084922Z,KXBTC15M-26OCT050100-00,0.0120,1.42,no
2026-10-05T04:58:38.092701Z,KXBTC15M-26OCT050100-00,0.0130,35.81,yes
2026-10-05T04:58:38.092701Z,KXBTC15M-26OCT050100-00,0.0130,20.00,yes
2026-10-05T04:58:38.092701Z,KXBTC15M-26OCT050100-00,0.0130,17.00,yes
2026-10-05T04:58:38.092701Z,KXBTC15M-26OCT050100-00,0.0130,0.01,yes
2026-10-05T04:58:38.092701Z,KXBTC15M-26OCT050100-00,0.0130,0.01,yes
2026-10-05T04:58:38.163408Z,KXBTC15M-26OCT050100-00,0.0120,2.92,no
2026-10-05T04:58:38.164795Z,KXBTC15M-26OCT050100-00,0.0120,67.30,no
2026-10-05T04:58:38.164795Z,KXBTC15M-26OCT050100-00,0.0120,20.00,no
2026-10-05T04:58:38.164795Z,KXBTC15M-26OCT050100-00,0.0120,12.08,no
2026-10-05T04:58:38.164795Z,KXBTC15M-26OCT050100-00,0.0120,0.01,no
2026-10-05T04:58:38.164795Z,KXBTC15M-26OCT050100-00,0.0120,0.01,no
2026-10-05T04:58:38.201001Z,KXBTC15M-26OCT050100-00,0.0120,2.92,no
2026-10-05T04:58:38.201001Z,KXBTC15M-26OCT050100-00,0.0120,6.40,no
2026-10-05T04:58:38.20409Z,KXBTC15M-26OCT050100-00,0.0130,11.00,yes
2026-10-05T04:58:38.2047Z,KXBTC15M-26OCT050100-00,0.0130,100.00,yes
2026-10-05T04:58:38.229176Z,KXBTC15M-26OCT050100-00,0.0130,25.99,yes
2026-10-05T04:58:38.23705Z,KXBTC15M-26OCT050100-00,0.0130,201.42,yes
2026-10-05T04:58:38.261056Z,KXBTC15M-26OCT050100-00,0.0120,0.01,no
2026-10-05T04:58:38.261056Z,KXBTC15M-26OCT050100-00,0.0120,0.09,no
2026-10-05T04:58:38.266679Z,KXBTC15M-26OCT050100-00,0.0120,5.63,no
2026-10-05T04:58:38.272418Z,KXBTC15M-26OCT050100-00,0.0120,0.01,no
2026-10-05T04:58:38.272418Z,KXBTC15M-26OCT050100-00,0.0120,3.44,no
2026-10-05T04:58:38.272418Z,KXBTC15M-26OCT050100-00,0.0120,0.09,no
2026-10-05T04:58:38.272418Z,KXBTC15M-26OCT050100-00,0.0120,0.01,no
2026-10-05T04:58:38.272418Z,KXBTC15M-26OCT050100-00,0.0120,2.92,no
2026-10-05T04:58:38.272418Z,KXBTC15M-26OCT050100-00,0.0120,2.92,no
2026-10-05T04:58:38.272418Z,KXBTC15M-26OCT050100-00,0.0110,2.35,no
2026-10-05T04:58:38.274109Z,KXBTC15M-26OCT050100-00,0.0110,104.80,no
2026-10-05T04:58:38.274109Z,KXBTC15M-26OCT050100-00,0.0110,512.00,no
2026-10-05T04:58:38.274109Z,KXBTC15M-26OCT050100-00,0.0110,95.19,no
2026-10-05T04:58:38.278019Z,KXBTC15M-26OCT050100-00,0.0110,1.01,no
2026-10-05T04:58:38.279058Z,KXBTC15M-26OCT050100-00,0.0120,150.00,yes
2026-10-05T04:58:38.279058Z,KXBTC15M-26OCT050100-00,0.0120,15.33,yes
2026-10-05T04:58:38.280838Z,KXBTC15M-26OCT050100-00,0.0110,7.84,no
2026-10-05T04:58:38.300988Z,KXBTC15M-26OCT050100-00,0.0110,9.27,no
2026-10-05T04:58:38.300988Z,KXBTC15M-26OCT050100-00,0.0110,19.99,no
2026-10-05T04:58:38.329245Z,KXBTC15M-26OCT050100-00,0.0110,0.01,no
2026-10-05T04:58:38.329245Z,KXBTC15M-26OCT050100-00,0.0110,17.00,no
2026-10-05T04:58:38.329245Z,KXBTC15M-26OCT050100-00,0.0110,52.00,no
2026-10-05T04:58:38.329245Z,KXBTC15M-26OCT050100-00,0.0110,20.00,no
2026-10-05T04:58:38.329245Z,KXBTC15M-26OCT050100-00,0.0110,0.01,no
2026-10-05T04:58:38.329245Z,KXBTC15M-26OCT050100-00,0.0110,1.00,no
2026-10-05T04:58:38.329245Z,KXBTC15M-26OCT050100-00,0.0100,512.00,no
2026-10-05T04:58:38.329245Z,KXBTC15M-26OCT050100-00,0.0100,260.00,no
2026-10-05T04:58:38.329245Z,KXBTC15M-26OCT050100-00,0.0100,360.94,no
2026-10-05T04:58:38.329245Z,KXBTC15M-26OCT050100-00,0.0110,290.73,no
2026-10-05T04:58:38.329245Z,KXBTC15M-26OCT050100-00,0.0110,150.00,no
2026-10-05T04:58:38.329245Z,KXBTC15M-26OCT050100-00,0.0100,327.00,no
2026-10-05T04:58:38.329245Z,KXBTC15M-26OCT050100-00,0.0100,1.00,no
2026-10-05T04:58:38.329245Z,KXBTC15M-26OCT050100-00,0.0100,512.00,no
2026-10-05T04:58:38.329245Z,KXBTC15M-26OCT050100-00,0.0110,352.00,no
2026-10-05T04:58:38.329245Z,KXBTC15M-26OCT050100-00,0.0110,20.00,no
2026-10-05T04:58:38.329245Z,KXBTC15M-26OCT050100-00,0.0110,100.00,no
2026-10-05T04:58:38.329245Z,KXBTC15M-26OCT050100-00,0.0110,1.00,no
2026-10-05T04:58:38.329245Z,KXBTC15M-26OCT050100-00,0.0110,2.00,no
2026-10-05T04:58:38.329245Z,KXBTC15M-26OCT050100-00,0.0110,10.00,no
2026-10-05T04:58:38.329245Z,KXBTC15M-26OCT050100-00,0.0110,2.00,no
2026-10-05T04:58:38.329245Z,KXBTC15M-26OCT050100-00,0.0110,1.00,no
2026-10-05T04:58:38.329245Z,KXBTC15M-26OCT050100-00,0.0110,1.00,no
2026-10-05T04:58:38.34233Z,KXBTC15M-26OCT050100-00,0.0100,15.95,no
2026-10-05T04:58:38.351979Z,KXBTC15M-26OCT050100-00,0.0100,1.00,no
2026-10-05T04:58:38.351979Z,KXBTC15M-26OCT050100-00,0.0100,22.88,no
2026-10-05T04:58:38.351979Z,KXBTC15M-26OCT050100-00,0.0100,10.25,no
2026-10-05T04:58:38.351979Z,KXBTC15M-26OCT050100-00,0.0100,6.28,no
2026-10-05T04:58:38.351979Z,KXBTC15M-26OCT050100-00,0.0100,0.99,no
2026-10-05T04:58:38.351979Z,KXBTC15M-26OCT050100-00,0.0100,30.77,no
2026-10-05T04:58:38.351979Z,KXBTC15M-26OCT050100-00,0.0100,4.47,no
2026-10-05T04:58:38.351979Z,KXBTC15M-26OCT050100-00,0.0100,1.04,no
2026-10-05T04:58:38.351979Z,KXBTC15M-26OCT050100-00,0.0100,4.10,no
2026-10-05T04:58:38.351979Z,KXBTC15M-26OCT050100-00,0.0100,12.28,no
2026-10-05T04:58:38.351979Z,KXBTC15M-26OCT050100-00,0.0100,16.41,no
2026-10-05T04:58:38.351979Z,KXBTC15M-26OCT050100-00,0.0100,11.44,no
2026-10-05T04:58:38.351979Z,KXBTC15M-26OCT050100-00,0.0100,20.00,no
2026-10-05T04:58:38.351979Z,KXBTC15M-26OCT050100-00,0.0100,22.88,no
2026-10-05T04:58:38.351979Z,KXBTC15M-26OCT050100-00,0.0100,2.81,no
2026-10-05T04:58:38.351979Z,KXBTC15M-26OCT050100-00,0.0100,4.02,no
2026-10-05T04:58:38.351979Z,KXBTC15M-26OCT050100-00,0.0100,2.28,no
2026-10-05T04:58:38.351979Z,KXBTC15M-26OCT050100-00,0.0100,449.86,no
2026-10-05T04:58:38.351979Z,KXBTC15M-26OCT050100-00,0.0100,150.00,no
2026-10-05T04:58:38.351979Z,KXBTC15M-26OCT050100-00,0.0100,147.00,no
2026-10-05T04:58:38.351979Z,KXBTC15M-26OCT050100-00,0.0100,73.00,no
2026-10-05T04:58:38.351979Z,KXBTC15M-26OCT050100-00,0.0100,135.11,no
2026-10-05T04:58:38.351979Z,KXBTC15M-26OCT050100-00,0.0100,352.00,no
2026-10-05T04:58:38.351979Z,KXBTC15M-26OCT050100-00,0.0100,106.99,no
2026-10-05T04:58:38.351979Z,KXBTC15M-26OCT050100-00,0.0100,200.00,no
2026-10-05T04:58:38.351979Z,KXBTC15M-26OCT050100-00,0.0100,4.88,no
2026-10-05T04:58:38.351979Z,KXBTC15M-26OCT050100-00,0.0100,1.00,no
2026-10-05T04:58:38.351979Z,KXBTC15M-26OCT050100-00,0.0100,213.98,no
2026-10-05T04:58:38.351979Z,KXBTC15M-26OCT050100-00,0.0100,213.98,no
2026-10-05T04:58:38.351979Z,KXBTC15M-26OCT050100-00,0.0100,25.00,no
2026-10-05T04:58:38.351979Z,KXBTC15M-26OCT050100-00,0.0100,10.69,no
2026-10-05T04:58:38.351979Z,KXBTC15M-26OCT050100-00,0.0100,10.69,no
2026-10-05T04:58:38.351979Z,KXBTC15M-26OCT050100-00,0.0100,16.41,no
2026-10-05T04:58:38.351979Z,KXBTC15M-26OCT050100-00,0.0100,200.00,no
2026-10-05T04:58:38.351979Z,KXBTC15M-26OCT050100-00,0.0100,2.05,no
2026-10-05T04:58:38.351979Z,KXBTC15M-26OCT050100-00,0.0100,117.09,no
2026-10-05T04:58:38.351979Z,KXBTC15M-26OCT050100-00,0.0100,1.14,no
2026-10-05T04:58:38.351979Z,KXBTC15M-26OCT050100-00,0.0100,187.80,no
2026-10-05T04:58:38.351979Z,KXBTC15M-26OCT050100-00,0.0100,123.09,no
2026-10-05T04:58:38.351979Z,KXBTC15M-26OCT050100-00,0.0100,10.25,no
2026-10-05T04:58:38.351979Z,KXBTC15M-26OCT050100-00,0.0100,2.39,no
2026-10-05T04:58:38.351979Z,KXBTC15M-26OCT050100-00,0.0100,30.06,no
2026-10-05T04:58:38.351979Z,KXBTC15M-26OCT050100-00,0.0100,16.42,no
2026-10-05T04:58:38.351979Z,KXBTC15M-26OCT050100-00,0.0100,25.22,no
2026-10-05T04:58:38.362226Z,KXBTC15M-26OCT050100-00,0.0100,7.00,no
2026-10-05T04:58:38.36566Z,KXBTC15M-26OCT050100-00,0.0110,0.01,yes
2026-10-05T04:58:38.36566Z,KXBTC15M-26OCT050100-00,0.0110,0.01,yes
2026-10-05T04:58:38.36566Z,KXBTC15M-26OCT050100-00,0.0110,55.02,yes
2026-10-05T04:58:38.417895Z,KXBTC15M-26OCT050100-00,0.0100,7.84,no
2026-10-05T04:58:38.425876Z,KXBTC15M-26OCT050100-00,0.0110,71.95,yes
2026-10-05T04:58:38.435404Z,KXBTC15M-26OCT050100-00,0.0100,23.99,no
2026-10-05T04:58:38.435404Z,KXBTC15M-26OCT050100-00,0.0100,25.22,no
2026-10-05T04:58:38.435404Z,KXBTC15M-26OCT050100-00,0.0100,1.19,no
2026-10-05T04:58:38.435404Z,KXBTC15M-26OCT050100-00,0.0100,2.39,no
2026-10-05T04:58:38.435404Z,KXBTC15M-26OCT050100-00,0.0100,37.28,no
2026-10-05T04:58:38.435404Z,KXBTC15M-26OCT050100-00,0.0100,22.88,no
2026-10-05T04:58:38.435404Z,KXBTC15M-26OCT050100-00,0.0100,22.88,no
2026-10-05T04:58:38.435404Z,KXBTC15M-26OCT050100-00,0.0100,34.32,no
2026-10-05T04:58:38.435404Z,KXBTC15M-26OCT050100-00,0.0100,23.42,no
2026-10-05T04:58:38.435404Z,KXBTC15M-26OCT050100-00,0.0100,24.59,no
2026-10-05T04:58:38.435404Z,KXBTC15M-26OCT050100-00,0.0100,2.39,no
2026-10-05T04:58:38.435404Z,KXBTC15M-26OCT050100-00,0.0100,0.21,no
2026-10-05T04:58:38.435404Z,KXBTC15M-26OCT050100-00,0.0100,25.88,no
2026-10-05T04:58:38.435404Z,KXBTC15M-26OCT050100-00,0.0100,3.81,no
2026-10-05T04:58:38.435404Z,KXBTC15M-26OCT050100-00,0.0100,153.96,no
2026-10-05T04:58:38.435404Z,KXBTC15M-26OCT050100-00,0.0100,7.85,no
2026-10-05T04:58:38.435404Z,KXBTC15M-26OCT050100-00,0.0100,114.88,no
2026-10-05T04:58:38.435404Z,KXBTC15M-26OCT050100-00,0.0100,20.53,no
2026-10-05T04:58:38.435404Z,KXBTC15M-26OCT050100-00,0.0100,43.17,no
2026-10-05T04:58:38.461592Z,KXBTC15M-26OCT050100-00,0.0100,68.92,no
2026-10-05T04:58:38.465853Z,KXBTC15M-26OCT050100-00,0.0110,23.03,yes
2026-10-05T04:58:38.465853Z,KXBTC15M-26OCT050100-00,0.0110,48.92,yes
2026-10-05T04:58:38.515331Z,KXBTC15M-26OCT050100-00,0.0110,100.00,yes
2026-10-05T04:58:38.517813Z,KXBTC15M-26OCT050100-00,0.0100,0.96,no
2026-10-05T04:58:38.523596Z,KXBTC15M-26OCT050100-00,0.0100,89.13,no
2026-10-05T04:58:38.54967Z,KXBTC15M-26OCT050100-00,0.0110,51.28,yes
2026-10-05T04:58:38.615584Z,KXBTC15M-26OCT050100-00,0.0110,143.90,yes
2026-10-05T04:58:38.621597Z,KXBTC15M-26OCT050100-00,0.0110,55.90,yes
2026-10-05T04:58:38.621597Z,KXBTC15M-26OCT050100-00,0.0110,16.05,yes
2026-10-05T04:58:38.643174Z,KXBTC15M-26OCT050100-00,0.0100,37.02,no
2026-10-05T04:58:38.643174Z,KXBTC15M-26OCT050100-00,0.0100,34.05,no
2026-10-05T04:58:38.643174Z,KXBTC15M-26OCT050100-00,0.0100,12.00,no
2026-10-05T04:58:38.643174Z,KXBTC15M-26OCT050100-00,0.0100,3.07,no
2026-10-05T04:58:38.643174Z,KXBTC15M-26OCT050100-00,0.0100,0.06,no
2026-10-05T04:58:38.643174Z,KXBTC15M-26OCT050100-00,0.0100,13.52,no
2026-10-05T04:58:38.643174Z,KXBTC15M-26OCT050100-00,0.0100,217.16,no
2026-10-05T04:58:38.643174Z,KXBTC15M-26OCT050100-00,0.0100,16.34,no
2026-10-05T04:58:38.643174Z,KXBTC15M-26OCT050100-00,0.0100,152.62,no
2026-10-05T04:58:38.643174Z,KXBTC15M-26OCT050100-00,0.0100,13.27,no
2026-10-05T04:58:38.643174Z,KXBTC15M-26OCT050100-00,0.0100,23.91,no
2026-10-05T04:58:38.643174Z,KXBTC15M-26OCT050100-00,0.0100,2.65,no
2026-10-05T04:58:38.643174Z,KXBTC15M-26OCT050100-00,0.0100,6.94,no
2026-10-05T04:58:38.643174Z,KXBTC15M-26OCT050100-00,0.0100,228.86,no
2026-10-05T04:58:38.643174Z,KXBTC15M-26OCT050100-00,0.0100,57.36,no
2026-10-05T04:58:38.643174Z,KXBTC15M-26OCT050100-00,0.0100,3.69,no
2026-10-05T04:58:38.643174Z,KXBTC15M-26OCT050100-00,0.0100,24.38,no
2026-10-05T04:58:38.643174Z,KXBTC15M-26OCT050100-00,0.0100,38.10,no
2026-10-05T04:58:38.643174Z,KXBTC15M-26OCT050100-00,0.0100,71.80,no
2026-10-05T04:58:38.643174Z,KXBTC15M-26OCT050100-00,0.0100,15.23,no
2026-10-05T04:58:38.643174Z,KXBTC15M-26OCT050100-00,0.0100,29.87,no
2026-10-05T04:58:38.643174Z,KXBTC15M-26OCT050100-00,0.0100,2.43,no
2026-10-05T04:58:38.662805Z,KXBTC15M-26OCT050100-00,0.0110,48.97,yes
2026-10-05T04:58:38.66977Z,KXBTC15M-26OCT050100-00,0.0100,51.78,no
2026-10-05T04:58:38.675099Z,KXBTC15M-26OCT050100-00,0.0100,7.39,no
2026-10-05T04:58:38.68236Z,KXBTC15M-26OCT050100-00,0.0100,3.26,no
2026-10-05T04:58:38.693964Z,KXBTC15M-26OCT050100-00,0.0110,71.95,yes
2026-10-05T04:58:38.748201Z,KXBTC15M-26OCT050100-00,0.0110,85.02,yes
2026-10-05T04:58:38.779101Z,KXBTC15M-26OCT050100-00,0.0110,38.00,yes
2026-10-05T04:58:38.860498Z,KXBTC15M-26OCT050100-00,0.0110,100.95,yes
2026-10-05T04:58:38.860498Z,KXBTC15M-26OCT050100-00,0.0110,324.16,yes
2026-10-05T04:58:38.866468Z,KXBTC15M-26OCT050100-00,0.0110,30.00,yes
2026-10-05T04:58:38.898121Z,KXBTC15M-26OCT050100-00,0.0100,9.97,no
2026-10-05T04:58:38.947994Z,KXBTC15M-26OCT050100-00,0.0100,26.79,no
2026-10-05T04:58:38.947994Z,KXBTC15M-26OCT050100-00,0.0100,25.88,no
2026-10-05T04:58:38.947994Z,KXBTC15M-26OCT050100-00,0.0100,6.81,no
2026-10-05T04:58:38.947994Z,KXBTC15M-26OCT050100-00,0.0100,64.67,no
2026-10-05T04:58:38.960009Z,KXBTC15M-26OCT050100-00,0.0110,157.84,yes
2026-10-05T04:58:38.960009Z,KXBTC15M-26OCT050100-00,0.0110,3.12,yes
2026-10-05T04:58:38.994679Z,KXBTC15M-26OCT050100-00,0.0100,115.99,no
2026-10-05T04:58:39.010189Z,KXBTC15M-26OCT050100-00,0.0110,33.32,yes
2026-10-05T04:58:39.050049Z,KXBTC15M-26OCT050100-00,0.0110,23.28,yes
2026-10-05T04:58:39.154063Z,KXBTC15M-26OCT050100-00,0.0110,66.65,yes
2026-10-05T04:58:39.154733Z,KXBTC15M-26OCT050100-00,0.0110,17.95,yes
2026-10-05T04:58:39.158129Z,KXBTC15M-26OCT050100-00,0.0110,85.02,yes
2026-10-05T04:58:39.185865Z,KXBTC15M-26OCT050100-00,0.0110,85.02,yes
2026-10-05T04:58:39.187786Z,KXBTC15M-26OCT050100-00,0.0100,1.00,no
2026-10-05T04:58:39.210655Z,KXBTC15M-26OCT050100-00,0.0100,0.90,no
2026-10-05T04:58:39.21168Z,KXBTC15M-26OCT050100-00,0.0110,37.64,yes
2026-10-05T04:58:39.21168Z,KXBTC15M-26OCT050100-00,0.0110,15.95,yes
2026-10-05T04:58:39.21168Z,KXBTC15M-26OCT050100-00,0.0110,83.53,yes
2026-10-05T04:58:39.243185Z,KXBTC15M-26OCT050100-00,0.0110,42.51,yes
2026-10-05T04:58:39.2472Z,KXBTC15M-26OCT050100-00,0.0100,1.21,no
2026-10-05T04:58:39.2472Z,KXBTC15M-26OCT050100-00,0.0100,1.03,no
2026-10-05T04:58:39.2472Z,KXBTC15M-26OCT050100-00,0.0100,15.35,no
2026-10-05T04:58:39.2472Z,KXBTC15M-26OCT050100-00,0.0100,6.23,no
2026-10-05T04:58:39.2472Z,KXBTC15M-26OCT050100-00,0.0100,49.89,no
2026-10-05T04:58:39.2472Z,KXBTC15M-26OCT050100-00,0.0100,26.34,no
2026-10-05T04:58:39.2472Z,KXBTC15M-26OCT050100-00,0.0100,6.23,no
2026-10-05T04:58:39.2472Z,KXBTC15M-26OCT050100-00,0.0100,1.24,no
2026-10-05T04:58:39.2472Z,KXBTC15M-26OCT050100-00,0.0100,6.23,no
2026-10-05T04:58:39.2472Z,KXBTC15M-26OCT050100-00,0.0100,1.24,no
2026-10-05T04:58:39.2472Z,KXBTC15M-26OCT050100-00,0.0100,185.32,no
2026-10-05T04:58:39.2472Z,KXBTC15M-26OCT050100-00,0.0100,2.65,no
2026-10-05T04:58:39.2472Z,KXBTC15M-26OCT050100-00,0.0100,3.93,no
2026-10-05T04:58:39.2472Z,KXBTC15M-26OCT050100-00,0.0100,3.88,no
2026-10-05T04:58:39.2472Z,KXBTC15M-26OCT050100-00,0.0100,862.85,no
2026-10-05T04:58:39.2472Z,KXBTC15M-26OCT050100-00,0.0100,15.83,no
2026-10-05T04:58:39.2472Z,KXBTC15M-26OCT050100-00,0.0100,60.21,no
2026-10-05T04:58:39.2472Z,KXBTC15M-26OCT050100-00,0.0100,270.60,no
2026-10-05T04:58:39.2472Z,KXBTC15M-26OCT050100-00,0.0100,24.65,no
2026-10-05T04:58:39.2472Z,KXBTC15M-26OCT050100-00,0.0100,1.21,no
2026-10-05T04:58:39.2472Z,KXBTC15M-26OCT050100-00,0.0100,317.49,no
2026-10-05T04:58:39.2472Z,KXBTC15M-26OCT050100-00,0.0100,1.69,no
2026-10-05T04:58:39.2472Z,KXBTC15M-26OCT050100-00,0.0100,42.69,no
2026-10-05T04:58:39.2472Z,KXBTC15M-26OCT050100-00,0.0100,33.61,no
2026-10-05T04:58:39.2472Z,KXBTC15M-26OCT050100-00,0.0100,1.69,no
2026-10-05T04:58:39.2472Z,KXBTC15M-26OCT050100-00,0.0100,1.34,no
2026-10-05T04:58:39.2472Z,KXBTC15M-26OCT050100-00,0.0100,6.90,no
2026-10-05T04:58:39.2472Z,KXBTC15M-26OCT050100-00,0.0100,27.24,no
2026-10-05T04:58:39.2472Z,KXBTC15M-26OCT050100-00,0.0100,21.23,no
2026-10-05T04:58:39.251285Z,KXBTC15M-26OCT050100-00,0.0100,4568.51,no
2026-10-05T04:58:39.260609Z,KXBTC15M-26OCT050100-00,0.0110,81.89,yes
2026-10-05T04:58:39.260609Z,KXBTC15M-26OCT050100-00,0.0110,0.01,yes
2026-10-05T04:58:39.260609Z,KXBTC15M-26OCT050100-00,0.0110,23.96,yes
2026-10-05T04:58:39.260609Z,KXBTC15M-26OCT050100-00,0.0110,0.01,yes
2026-10-05T04:58:39.292296Z,KXBTC15M-26OCT050100-00,0.0100,20.95,no
2026-10-05T04:58:39.309121Z,KXBTC15M-26OCT050100-00,0.0110,5.26,yes
2026-10-05T04:58:39.323187Z,KXBTC15M-26OCT050100-00,0.0110,25.00,yes
2026-10-05T04:58:39.323187Z,KXBTC15M-26OCT050100-00,0.0110,47.96,yes
2026-10-05T04:58:39.323187Z,KXBTC15M-26OCT050100-00,0.0110,337.34,yes
2026-10-05T04:58:39.352478Z,KXBTC15M-26OCT050100-00,0.0100,89.70,no
2026-10-05T04:58:39.421237Z,KXBTC15M-26OCT050100-00,0.0110,773.61,yes
2026-10-05T04:58:39.43215Z,KXBTC15M-26OCT050100-00,0.0100,7.06,no
2026-10-05T04:58:39.473486Z,KXBTC15M-26OCT050100-00,0.0110,42.51,yes
2026-10-05T04:58:39.590821Z,KXBTC15M-26OCT050100-00,0.0100,1080.05,no
2026-10-05T04:58:39.659709Z,KXBTC15M-26OCT050100-00,0.0110,425.11,yes
2026-10-05T04:58:39.668463Z,KXBTC15M-26OCT050100-00,0.0110,40.52,yes
2026-10-05T04:58:39.712627Z,KXBTC15M-26OCT050100-00,0.0110,10.18,yes
2026-10-05T04:58:39.730354Z,KXBTC15M-26OCT050100-00,0.0110,1.00,yes
2026-10-05T04:58:39.730354Z,KXBTC15M-26OCT050100-00,0.0110,0.01,yes
2026-10-05T04:58:39.730354Z,KXBTC15M-26OCT050100-00,0.0110,17.00,yes
2026-10-05T04:58:39.730354Z,KXBTC15M-26OCT050100-00,0.0110,1.05,yes
2026-10-05T04:58:39.730354Z,KXBTC15M-26OCT050100-00,0.0110,0.01,yes
2026-10-05T04:58:39.730354Z,KXBTC15M-26OCT050100-00,0.0120,20.00,yes
2026-10-05T04:58:39.730354Z,KXBTC15M-26OCT050100-00,0.0120,291.74,yes
2026-10-05T04:58:39.730354Z,KXBTC15M-26OCT050100-00,0.0110,400.00,yes
2026-10-05T04:58:39.730354Z,KXBTC15M-26OCT050100-00,0.0110,89.73,yes
2026-10-05T04:58:39.740402Z,KXBTC15M-26OCT050100-00,0.0120,4.19,yes
2026-10-05T04:58:39.824881Z,KXBTC15M-26OCT050100-00,0.0120,62.55,yes
2026-10-05T04:58:39.842937Z,KXBTC15M-26OCT050100-00,0.0120,95.19,yes
2026-10-05T04:58:39.842937Z,KXBTC15M-26OCT050100-00,0.0120,352.00,yes
2026-10-05T04:58:39.842937Z,KXBTC15M-26OCT050100-00,0.0120,153.52,yes
2026-10-05T04:58:39.842937Z,KXBTC15M-26OCT050100-00,0.0120,265.52,yes
2026-10-05T04:58:39.855322Z,KXBTC15M-26OCT050100-00,0.0120,20.53,yes
2026-10-05T04:58:39.855322Z,KXBTC15M-26OCT050100-00,0.0120,246.48,yes
2026-10-05T04:58:39.872681Z,KXBTC15M-26OCT050100-00,0.0120,400.00,yes
2026-10-05T04:58:39.872681Z,KXBTC15M-26OCT050100-00,0.0120,0.01,yes
2026-10-05T04:58:39.872681Z,KXBTC15M-26OCT050100-00,0.0120,179.47,yes
2026-10-05T04:58:39.872681Z,KXBTC15M-26OCT050100-00,0.0120,0.01,yes
2026-10-05T04:58:39.872681Z,KXBTC15M-26OCT050100-00,0.0120,468.67,yes
2026-10-05T04:58:39.876977Z,KXBTC15M-26OCT050100-00,0.0120,20.00,yes
2026-10-05T04:58:39.876977Z,KXBTC15M-26OCT050100-00,0.0120,31.33,yes
2026-10-05T04:58:39.876977Z,KXBTC15M-26OCT050100-00,0.0120,12.50,yes
2026-10-05T04:58:39.898156Z,KXBTC15M-26OCT050100-00,0.0120,0.01,yes
2026-10-05T04:58:39.898156Z,KXBTC15M-26OCT050100-00,0.0120,0.01,yes
2026-10-05T04:58:39.898156Z,KXBTC15M-26OCT050100-00,0.0130,10.23,yes
2026-10-05T04:58:39.903352Z,KXBTC15M-26OCT050100-00,0.0110,0.01,no
2026-10-05T04:58:39.903352Z,KXBTC15M-26OCT050100-00,0.0110,4.41,no
2026-10-05T04:58:39.903352Z,KXBTC15M-26OCT050100-00,0.0110,0.01,no
2026-10-05T04:58:39.903352Z,KXBTC15M-26OCT050100-00,0.0120,150.00,no
2026-10-05T04:58:39.905477Z,KXBTC15M-26OCT050100-00,0.0130,0.01,yes
2026-10-05T04:58:39.905477Z,KXBTC15M-26OCT050100-00,0.0130,10.00,yes
2026-10-05T04:58:39.905477Z,KXBTC15M-26OCT050100-00,0.0140,377.72,yes
2026-10-05T04:58:39.905477Z,KXBTC15M-26OCT050100-00,0.0120,400.00,yes
2026-10-05T04:58:39.905477Z,KXBTC15M-26OCT050100-00,0.0130,0.01,yes
2026-10-05T04:58:39.905477Z,KXBTC15M-26OCT050100-00,0.0140,13.00,yes
2026-10-05T04:58:39.905477Z,KXBTC15M-26OCT050100-00,0.0130,6.77,yes
2026-10-05T04:58:39.905477Z,KXBTC15M-26OCT050100-00,0.0130,2.35,yes
2026-10-05T04:58:39.905477Z,KXBTC15M-26OCT050100-00,0.0130,212.00,yes
2026-10-05T04:58:39.905477Z,KXBTC15M-26OCT050100-00,0.0130,95.00,yes
2026-10-05T04:58:39.905477Z,KXBTC15M-26OCT050100-00,0.0150,956.82,yes
2026-10-05T04:58:39.92868Z,KXBTC15M-26OCT050100-00,0.0120,30.04,no
2026-10-05T04:58:39.932463Z,KXBTC15M-26OCT050100-00,0.0120,17.00,no
2026-10-05T04:58:39.944538Z,KXBTC15M-26OCT050100-00,0.0120,24.02,no
2026-10-05T04:58:40.045204Z,KXBTC15M-26OCT050100-00,0.0130,1.00,yes
2026-10-05T04:58:40.058606Z,KXBTC15M-26OCT050100-00,0.0120,13.39,no
2026-10-05T04:58:40.058606Z,KXBTC15M-26OCT050100-00,0.0120,0.01,no
2026-10-05T04:58:40.058606Z,KXBTC15M-26OCT050100-00,0.0120,0.01,no
2026-10-05T04:58:40.071722Z,KXBTC15M-26OCT050100-00,0.0130,0.01,yes
2026-10-05T04:58:40.071722Z,KXBTC15M-26OCT050100-00,0.0130,20.00,yes
2026-10-05T04:58:40.071722Z,KXBTC15M-26OCT050100-00,0.0130,385.98,yes
2026-10-05T04:58:40.071722Z,KXBTC15M-26OCT050100-00,0.0130,0.01,yes
2026-10-05T04:58:40.071722Z,KXBTC15M-26OCT050100-00,0.0130,16.00,yes
2026-10-05T04:58:40.094196Z,KXBTC15M-26OCT050100-00,0.0100,352.96,no
2026-10-05T04:58:40.094196Z,KXBTC15M-26OCT050100-00,0.0100,18.76,no
2026-10-05T04:58:40.094196Z,KXBTC15M-26OCT050100-00,0.0100,136.67,no
2026-10-05T04:58:40.094196Z,KXBTC15M-26OCT050100-00,0.0100,551.69,no
2026-10-05T04:58:40.094196Z,KXBTC15M-26OCT050100-00,0.0100,95.99,no
2026-10-05T04:58:40.094196Z,KXBTC15M-26OCT050100-00,0.0100,10.68,no
2026-10-05T04:58:40.094196Z,KXBTC15M-26OCT050100-00,0.0100,6.74,no
2026-10-05T04:58:40.094196Z,KXBTC15M-26OCT050100-00,0.0100,2.00,no
2026-10-05T04:58:40.094196Z,KXBTC15M-26OCT050100-00,0.0100,104.66,no
2026-10-05T04:58:40.094196Z,KXBTC15M-26OCT050100-00,0.0100,1.20,no
2026-10-05T04:58:40.094196Z,KXBTC15M-26OCT050100-00,0.0100,111.50,no
2026-10-05T04:58:40.094196Z,KXBTC15M-26OCT050100-00,0.0100,4.00,no
2026-10-05T04:58:40.094196Z,KXBTC15M-26OCT050100-00,0.0100,1.00,no
2026-10-05T04:58:40.094196Z,KXBTC15M-26OCT050100-00,0.0100,7.62,no
2026-10-05T04:58:40.094196Z,KXBTC15M-26OCT050100-00,0.0100,1.38,no
2026-10-05T04:58:40.094196Z,KXBTC15M-26OCT050100-00,0.0100,91.97,no
2026-10-05T04:58:40.094196Z,KXBTC15M-26OCT050100-00,0.0100,1.38,no
2026-10-05T04:58:40.094196Z,KXBTC15M-26OCT050100-00,0.0100,1.24,no
2026-10-05T04:58:40.094196Z,KXBTC15M-26OCT050100-00,0.0100,4.21,no
2026-10-05T04:58:40.094196Z,KXBTC15M-26OCT050100-00,0.0100,1.70,no
2026-10-05T04:58:40.094196Z,KXBTC15M-26OCT050100-00,0.0100,18.06,no
2026-10-05T04:58:40.094196Z,KXBTC15M-26OCT050100-00,0.0100,11.58,no
2026-10-05T04:58:40.094196Z,KXBTC15M-26OCT050100-00,0.0100,1.00,no
2026-10-05T04:58:40.094196Z,KXBTC15M-26OCT050100-00,0.0100,10.21,no
2026-10-05T04:58:40.094196Z,KXBTC15M-26OCT050100-00,0.0100,6.00,no
2026-10-05T04:58:40.094196Z,KXBTC15M-26OCT050100-00,0.0100,6.00,no
2026-10-05T04:58:40.094196Z,KXBTC15M-26OCT050100-00,0.0100,130.68,no
2026-10-05T04:58:40.094196Z,KXBTC15M-26OCT050100-00,0.0100,59.00,no
2026-10-05T04:58:40.094196Z,KXBTC15M-26OCT050100-00,0.0100,400.00,no
2026-10-05T04:58:40.094196Z,KXBTC15M-26OCT050100-00,0.0100,1.00,no
2026-10-05T04:58:40.094196Z,KXBTC15M-26OCT050100-00,0.0100,71.64,no
2026-10-05T04:58:40.094196Z,KXBTC15M-26OCT050100-00,0.0100,53.66,no
2026-10-05T04:58:40.094196Z,KXBTC15M-26OCT050100-00,0.0100,33.08,no
2026-10-05T04:58:40.094196Z,KXBTC15M-26OCT050100-00,0.0100,11.64,no
2026-10-05T04:58:40.094196Z,KXBTC15M-26OCT050100-00,0.0120,0.01,no
2026-10-05T04:58:40.094196Z,KXBTC15M-26OCT050100-00,0.0120,0.01,no
2026-10-05T04:58:40.094196Z,KXBTC15M-26OCT050100-00,0.0120,20.00,no
2026-10-05T04:58:40.094196Z,KXBTC15M-26OCT050100-00,0.0120,287.94,no
2026-10-05T04:58:40.094196Z,KXBTC15M-26OCT050100-00,0.0110,20.00,no
2026-10-05T04:58:40.094196Z,KXBTC15M-26OCT050100-00,0.0110,17.00,no
2026-10-05T04:58:40.094196Z,KXBTC15M-26OCT050100-00,0.0100,97.71,no
2026-10-05T04:58:40.094196Z,KXBTC15M-26OCT050100-00,0.0100,5.00,no
2026-10-05T04:58:40.094196Z,KXBTC15M-26OCT050100-00,0.0100,2.25,no
2026-10-05T04:58:40.094196Z,KXBTC15M-26OCT050100-00,0.0100,1103.38,no
2026-10-05T04:58:40.094196Z,KXBTC15M-26OCT050100-00,0.0100,400.00,no
2026-10-05T04:58:40.094196Z,KXBTC15M-26OCT050100-00,0.0100,11.15,no
2026-10-05T04:58:40.094196Z,KXBTC15M-26OCT050100-00,0.0100,8.12,no
2026-10-05T04:58:40.094196Z,KXBTC15M-26OCT050100-00,0.0100,6.58,no
2026-10-05T04:58:40.094196Z,KXBTC15M-26OCT050100-00,0.0100,18.95,no
2026-10-05T04:58:40.094196Z,KXBTC15M-26OCT050100-00,0.0100,140.00,no
2026-10-05T04:58:40.110011Z,KXBTC15M-26OCT050100-00,0.0120,0.01,no
2026-10-05T04:58:40.110011Z,KXBTC15M-26OCT050100-00,0.0110,127.72,no
2026-10-05T04:58:40.110275Z,KXBTC15M-26OCT050100-00,0.0120,0.11,yes
2026-10-05T04:58:40.127536Z,KXBTC15M-26OCT050100-00,0.0120,0.01,yes
2026-10-05T04:58:40.127536Z,KXBTC15M-26OCT050100-00,0.0120,20.49,yes
2026-10-05T04:58:40.127536Z,KXBTC15M-26OCT050100-00,0.0120,0.01,yes
2026-10-05T04:58:40.145597Z,KXBTC15M-26OCT050100-00,0.0110,151.55,no
2026-10-05T04:58:40.17164Z,KXBTC15M-26OCT050100-00,0.0120,229.15,yes
2026-10-05T04:58:40.205929Z,KXBTC15M-26OCT050100-00,0.0120,20.00,yes
2026-10-05T04:58:40.205929Z,KXBTC15M-26OCT050100-00,0.0120,10.93,yes
2026-10-05T04:58:40.240865Z,KXBTC15M-26OCT050100-00,0.0120,1.02,yes
2026-10-05T04:58:40.349141Z,KXBTC15M-26OCT050100-00,0.0110,9.89,no
2026-10-05T04:58:40.35252Z,KXBTC15M-26OCT050100-00,0.0120,0.01,yes
2026-10-05T04:58:40.35252Z,KXBTC15M-26OCT050100-00,0.0120,400.00,yes
2026-10-05T04:58:40.35252Z,KXBTC15M-26OCT050100-00,0.0120,200.00,yes
2026-10-05T04:58:40.35252Z,KXBTC15M-26OCT050100-00,0.0120,0.01,yes
2026-10-05T04:58:40.35252Z,KXBTC15M-26OCT050100-00,0.0120,8.05,yes
2026-10-05T04:58:40.35252Z,KXBTC15M-26OCT050100-00,0.0130,212.57,yes
2026-10-05T04:58:40.385517Z,KXBTC15M-26OCT050100-00,0.0120,0.01,yes
2026-10-05T04:58:40.385517Z,KXBTC15M-26OCT050100-00,0.0120,22.69,yes
2026-10-05T04:58:40.385517Z,KXBTC15M-26OCT050100-00,0.0120,0.01,yes
2026-10-05T04:58:40.400518Z,KXBTC15M-26OCT050100-00,0.0130,17.00,yes
2026-10-05T04:58:40.400518Z,KXBTC15M-26OCT050100-00,0.0120,0.01,yes
2026-10-05T04:58:40.400518Z,KXBTC15M-26OCT050100-00,0.0120,0.01,yes
2026-10-05T04:58:40.400518Z,KXBTC15M-26OCT050100-00,0.0130,54.93,yes
2026-10-05T04:58:40.41828Z,KXBTC15M-26OCT050100-00,0.0130,200.00,yes
2026-10-05T04:58:40.41828Z,KXBTC15M-26OCT050100-00,0.0120,17.00,yes
2026-10-05T04:58:40.41828Z,KXBTC15M-26OCT050100-00,0.0130,0.01,yes
2026-10-05T04:58:40.41828Z,KXBTC15M-26OCT050100-00,0.0140,200.00,yes
2026-10-05T04:58:40.41828Z,KXBTC15M-26OCT050100-00,0.0130,17.00,yes
2026-10-05T04:58:40.41828Z,KXBTC15M-26OCT050100-00,0.0120,0.01,yes
2026-10-05T04:58:40.41828Z,KXBTC15M-26OCT050100-00,0.0140,400.00,yes
2026-10-05T04:58:40.41828Z,KXBTC15M-26OCT050100-00,0.0140,30.00,yes
2026-10-05T04:58:40.41828Z,KXBTC15M-26OCT050100-00,0.0130,0.01,yes
2026-10-05T04:58:40.41828Z,KXBTC15M-26OCT050100-00,0.0150,426.22,yes
2026-10-05T04:58:40.46108Z,KXBTC15M-26OCT050100-00,0.0120,4.10,yes
2026-10-05T04:58:40.474125Z,KXBTC15M-26OCT050100-00,0.0110,0.01,no
2026-10-05T04:58:40.474125Z,KXBTC15M-26OCT050100-00,0.0110,17.00,no
2026-10-05T04:58:40.474125Z,KXBTC15M-26OCT050100-00,0.0100,37.51,no
2026-10-05T04:58:40.474125Z,KXBTC15M-26OCT050100-00,0.0110,20.00,no
2026-10-05T04:58:40.474125Z,KXBTC15M-26OCT050100-00,0.0110,20.00,no
2026-10-05T04:58:40.474125Z,KXBTC15M-26OCT050100-00,0.0110,800.00,no
2026-10-05T04:58:40.474125Z,KXBTC15M-26OCT050100-00,0.0110,200.00,no
2026-10-05T04:58:40.474125Z,KXBTC15M-26OCT050100-00,0.0110,0.01,no
2026-10-05T04:58:40.474125Z,KXBTC15M-26OCT050100-00,0.0110,500.00,no
2026-10-05T04:58:40.474125Z,KXBTC15M-26OCT050100-00,0.0100,25.00,no
2026-10-05T04:58:40.474125Z,KXBTC15M-26OCT050100-00,0.0110,500.00,no
2026-10-05T04:58:40.474125Z,KXBTC15M-26OCT050100-00,0.0100,50.00,no
2026-10-05T04:58:40.474125Z,KXBTC15M-26OCT050100-00,0.0100,52.29,no
2026-10-05T04:58:40.584705Z,KXBTC15M-26OCT050100-00,0.0110,20.00,no
2026-10-05T04:58:40.584705Z,KXBTC15M-26OCT050100-00,0.0110,0.01,no
2026-10-05T04:58:40.584705Z,KXBTC15M-26OCT050100-00,0.0110,7.72,no
2026-10-05T04:58:40.584705Z,KXBTC15M-26OCT050100-00,0.0110,0.01,no
2026-10-05T04:58:40.605655Z,KXBTC15M-26OCT050100-00,0.0110,677.91,no
2026-10-05T04:58:40.641531Z,KXBTC15M-26OCT050100-00,0.0110,0.72,no
2026-10-05T04:58:40.647822Z,KXBTC15M-26OCT050100-00,0.0110,10.60,no
2026-10-05T04:58:40.706203Z,KXBTC15M-26OCT050100-00,0.0120,12.90,yes
2026-10-05T04:58:40.706203Z,KXBTC15M-26OCT050100-00,0.0120,65.04,yes
2026-10-05T04:58:40.728211Z,KXBTC15M-26OCT050100-00,0.0110,0.01,no
2026-10-05T04:58:40.728211Z,KXBTC15M-26OCT050100-00,0.0100,28.94,no
2026-10-05T04:58:40.728211Z,KXBTC15M-26OCT050100-00,0.0110,0.01,no
2026-10-05T04:58:40.749031Z,KXBTC15M-26OCT050100-00,0.0100,50.00,no
2026-10-05T04:58:40.780116Z,KXBTC15M-26OCT050100-00,0.0110,17.00,yes
2026-10-05T04:58:40.780116Z,KXBTC15M-26OCT050100-00,0.0110,0.01,yes
2026-10-05T04:58:40.780116Z,KXBTC15M-26OCT050100-00,0.0110,0.01,yes
2026-10-05T04:58:40.780116Z,KXBTC15M-26OCT050100-00,0.0110,285.56,yes
2026-10-05T04:58:40.788515Z,KXBTC15M-26OCT050100-00,0.0100,99.00,no
2026-10-05T04:58:40.834928Z,KXBTC15M-26OCT050100-00,0.0110,99.98,yes
2026-10-05T04:58:40.834928Z,KXBTC15M-26OCT050100-00,0.0110,0.01,yes
2026-10-05T04:58:40.834928Z,KXBTC15M-26OCT050100-00,0.0110,0.01,yes
2026-10-05T04:58:40.849359Z,KXBTC15M-26OCT050100-00,0.0100,210.00,no
2026-10-05T04:58:40.868606Z,KXBTC15M-26OCT050100-00,0.0110,0.01,yes
2026-10-05T04:58:40.868606Z,KXBTC15M-26OCT050100-00,0.0110,17.00,yes
2026-10-05T04:58:40.868606Z,KXBTC15M-26OCT050100-00,0.0110,0.01,yes
2026-10-05T04:58:40.868606Z,KXBTC15M-26OCT050100-00,0.0120,25.00,yes
2026-10-05T04:58:40.868606Z,KXBTC15M-26OCT050100-00,0.0120,20.00,yes
2026-10-05T04:58:40.868606Z,KXBTC15M-26OCT050100-00,0.0120,90.18,yes
2026-10-05T04:58:40.902845Z,KXBTC15M-26OCT050100-00,0.0110,5.35,yes
2026-10-05T04:58:40.920664Z,KXBTC15M-26OCT050100-00,0.0110,1.43,yes
2026-10-05T04:58:41.031662Z,KXBTC15M-26OCT050100-00,0.0100,22.00,no
2026-10-05T04:58:41.04184Z,KXBTC15M-26OCT050100-00,0.0130,12.25,yes
2026-10-05T04:58:41.04184Z,KXBTC15M-26OCT050100-00,0.0110,20.00,yes
2026-10-05T04:58:41.04184Z,KXBTC15M-26OCT050100-00,0.0110,20.00,yes
2026-10-05T04:58:41.04184Z,KXBTC15M-26OCT050100-00,0.0110,10.22,yes
2026-10-05T04:58:41.062381Z,KXBTC15M-26OCT050100-00,0.0100,5.27,no
2026-10-05T04:58:41.068878Z,KXBTC15M-26OCT050100-00,0.0100,23.96,no
2026-10-05T04:58:41.179138Z,KXBTC15M-26OCT050100-00,0.0110,2.00,no
2026-10-05T04:58:41.25154Z,KXBTC15M-26OCT050100-00,0.0110,2.01,no
2026-10-05T04:58:41.256102Z,KXBTC15M-26OCT050100-00,0.0110,1.00,no
2026-10-05T04:58:41.326262Z,KXBTC15M-26OCT050100-00,0.0130,4.75,yes
2026-10-05T04:58:41.326262Z,KXBTC15M-26OCT050100-00,0.0130,2.00,yes
2026-10-05T04:58:41.326262Z,KXBTC15M-26OCT050100-00,0.0130,11.25,yes
2026-10-05T04:58:41.326262Z,KXBTC15M-26OCT050100-00,0.0130,12.00,yes
2026-10-05T04:58:41.368504Z,KXBTC15M-26OCT050100-00,0.0130,150.02,yes
2026-10-05T04:58:41.438604Z,KXBTC15M-26OCT050100-00,0.0130,25.90,yes
2026-10-05T04:58:41.458571Z,KXBTC15M-26OCT050100-00,0.0120,25.25,no
2026-10-05T04:58:41.478148Z,KXBTC15M-26OCT050100-00,0.0130,212.83,yes
2026-10-05T04:58:41.478148Z,KXBTC15M-26OCT050100-00,0.0140,198.19,yes
2026-10-05T04:58:41.478148Z,KXBTC15M-26OCT050100-00,0.0130,198.19,yes
2026-10-05T04:58:41.478148Z,KXBTC15M-26OCT050100-00,0.0150,25.81,yes
2026-10-05T04:58:41.494304Z,KXBTC15M-26OCT050100-00,0.0120,33.96,no
2026-10-05T04:58:41.608242Z,KXBTC15M-26OCT050100-00,0.0120,440.79,no
2026-10-05T04:58:41.608242Z,KXBTC15M-26OCT050100-00,0.0120,64.36,no
2026-10-05T04:58:41.608242Z,KXBTC15M-26OCT050100-00,0.0120,0.01,no
2026-10-05T04:58:41.608242Z,KXBTC15M-26OCT050100-00,0.0120,0.01,no
2026-10-05T04:58:41.64298Z,KXBTC15M-26OCT050100-00,0.0130,17.00,yes
2026-10-05T04:58:41.64298Z,KXBTC15M-26OCT050100-00,0.0130,24.97,yes
2026-10-05T04:58:41.645861Z,KXBTC15M-26OCT050100-00,0.0100,50.00,no
2026-10-05T04:58:41.645861Z,KXBTC15M-26OCT050100-00,0.0100,523.32,no
2026-10-05T04:58:41.645861Z,KXBTC15M-26OCT050100-00,0.0120,800.00,no
2026-10-05T04:58:41.645861Z,KXBTC15M-26OCT050100-00,0.0100,20.00,no
2026-10-05T04:58:41.645861Z,KXBTC15M-26OCT050100-00,0.0100,25.00,no
2026-10-05T04:58:41.645861Z,KXBTC15M-26OCT050100-00,0.0120,435.64,no
2026-10-05T04:58:41.645861Z,KXBTC15M-26OCT050100-00,0.0120,200.00,no
2026-10-05T04:58:41.645861Z,KXBTC15M-26OCT050100-00,0.0110,200.00,no
2026-10-05T04:58:41.645861Z,KXBTC15M-26OCT050100-00,0.0120,0.01,no
2026-10-05T04:58:41.645861Z,KXBTC15M-26OCT050100-00,0.0100,1.00,no
2026-10-05T04:58:41.645861Z,KXBTC15M-26OCT050100-00,0.0090,18.00,no
2026-10-05T04:58:41.645861Z,KXBTC15M-26OCT050100-00,0.0100,20.00,no
2026-10-05T04:58:41.645861Z,KXBTC15M-26OCT050100-00,0.0120,0.01,no
2026-10-05T04:58:41.645861Z,KXBTC15M-26OCT050100-00,0.0090,57.00,no
2026-10-05T04:58:41.645861Z,KXBTC15M-26OCT050100-00,0.0090,120.00,no
2026-10-05T04:58:41.645861Z,KXBTC15M-26OCT050100-00,0.0080,48.96,no
2026-10-05T04:58:41.676117Z,KXBTC15M-26OCT050100-00,0.0150,200.00,yes
2026-10-05T04:58:41.676117Z,KXBTC15M-26OCT050100-00,0.0140,57.00,yes
2026-10-05T04:58:41.676117Z,KXBTC15M-26OCT050100-00,0.0130,17.00,yes
2026-10-05T04:58:41.676117Z,KXBTC15M-26OCT050100-00,0.0120,17.00,yes
2026-10-05T04:58:41.676117Z,KXBTC15M-26OCT050100-00,0.0120,178.05,yes
2026-10-05T04:58:41.676117Z,KXBTC15M-26OCT050100-00,0.0130,25.00,yes
2026-10-05T04:58:41.676117Z,KXBTC15M-26OCT050100-00,0.0130,0.01,yes
2026-10-05T04:58:41.676117Z,KXBTC15M-26OCT050100-00,0.0120,0.01,yes
2026-10-05T04:58:41.676117Z,KXBTC15M-26OCT050100-00,0.0130,0.01,yes
2026-10-05T04:58:41.676117Z,KXBTC15M-26OCT050100-00,0.0120,0.01,yes
2026-10-05T04:58:41.676117Z,KXBTC15M-26OCT050100-00,0.0120,198.91,yes
2026-10-05T04:58:41.676117Z,KXBTC15M-26OCT050100-00,0.0120,120.00,yes
2026-10-05T04:58:41.676117Z,KXBTC15M-26OCT050100-00,0.0140,13.00,yes
2026-10-05T04:58:41.676117Z,KXBTC15M-26OCT050100-00,0.0130,118.91,yes
2026-10-05T04:58:41.676117Z,KXBTC15M-26OCT050100-00,0.0150,52.31,yes
2026-10-05T04:58:41.676117Z,KXBTC15M-26OCT050100-00,0.0150,31.18,yes
2026-10-05T04:58:41.676117Z,KXBTC15M-26OCT050100-00,0.0150,82.00,yes
2026-10-05T04:58:41.728413Z,KXBTC15M-26OCT050100-00,0.0100,2.83,no
2026-10-05T04:58:41.735268Z,KXBTC15M-26OCT050100-00,0.0100,13.17,no
2026-10-05T04:58:41.735268Z,KXBTC15M-26OCT050100-00,0.0100,10.91,no
2026-10-05T04:58:41.78417Z,KXBTC15M-26OCT050100-00,0.0100,0.01,no
2026-10-05T04:58:41.78417Z,KXBTC15M-26OCT050100-00,0.0100,14.22,no
2026-10-05T04:58:41.78417Z,KXBTC15M-26OCT050100-00,0.0100,39.09,no
2026-10-05T04:58:41.78417Z,KXBTC15M-26OCT050100-00,0.0100,0.01,no
2026-10-05T04:58:41.785923Z,KXBTC15M-26OCT050100-00,0.0100,4.94,no
2026-10-05T04:58:41.793371Z,KXBTC15M-26OCT050100-00,0.0090,296.36,no
2026-10-05T04:58:41.793371Z,KXBTC15M-26OCT050100-00,0.0100,50.00,no
2026-10-05T04:58:41.793371Z,KXBTC15M-26OCT050100-00,0.0100,1.00,no
2026-10-05T04:58:41.793371Z,KXBTC15M-26OCT050100-00,0.0100,500.00,no
2026-10-05T04:58:41.793371Z,KXBTC15M-26OCT050100-00,0.0100,500.00,no
2026-10-05T04:58:41.793371Z,KXBTC15M-26OCT050100-00,0.0100,0.01,no
2026-10-05T04:58:41.793371Z,KXBTC15M-26OCT050100-00,0.0090,79.78,no
2026-10-05T04:58:41.793371Z,KXBTC15M-26OCT050100-00,0.0100,2.83,no
2026-10-05T04:58:41.793371Z,KXBTC15M-26OCT050100-00,0.0100,80.84,no
2026-10-05T04:58:41.793371Z,KXBTC15M-26OCT050100-00,0.0100,25.00,no
2026-10-05T04:58:41.793371Z,KXBTC15M-26OCT050100-00,0.0100,13.17,no
2026-10-05T04:58:41.793371Z,KXBTC15M-26OCT050100-00,0.0100,1.00,no
2026-10-05T04:58:41.793371Z,KXBTC15M-26OCT050100-00,0.0100,0.01,no
2026-10-05T04:58:41.793371Z,KXBTC15M-26OCT050100-00,0.0100,200.00,no
2026-10-05T04:58:41.802261Z,KXBTC15M-26OCT050100-00,0.0110,20.00,yes
2026-10-05T04:58:41.802261Z,KXBTC15M-26OCT050100-00,0.0110,0.01,yes
2026-10-05T04:58:41.802261Z,KXBTC15M-26OCT050100-00,0.0110,0.01,yes
2026-10-05T04:58:41.824294Z,KXBTC15M-26OCT050100-00,0.0130,12.98,no
2026-10-05T04:58:41.824294Z,KXBTC15M-26OCT050100-00,0.0130,0.01,no
2026-10-05T04:58:41.824294Z,KXBTC15M-26OCT050100-00,0.0130,0.01,no
2026-10-05T04:58:41.847733Z,KXBTC15M-26OCT050100-00,0.0100,0.01,no
2026-10-05T04:58:41.847733Z,KXBTC15M-26OCT050100-00,0.0100,20.00,no
2026-10-05T04:58:41.847733Z,KXBTC15M-26OCT050100-00,0.0100,50.00,no
2026-10-05T04:58:41.847733Z,KXBTC15M-26OCT050100-00,0.0100,0.01,no
2026-10-05T04:58:41.847733Z,KXBTC15M-26OCT050100-00,0.0100,4.69,no
2026-10-05T04:58:41.872647Z,KXBTC15M-26OCT050100-00,0.0100,50.00,no
2026-10-05T04:58:41.872647Z,KXBTC15M-26OCT050100-00,0.0100,0.01,no
2026-10-05T04:58:41.872647Z,KXBTC15M-26OCT050100-00,0.0100,20.00,no
2026-10-05T04:58:41.872647Z,KXBTC15M-26OCT050100-00,0.0090,0.01,no
2026-10-05T04:58:41.872647Z,KXBTC15M-26OCT050100-00,0.0090,0.01,no
2026-10-05T04:58:41.872647Z,KXBTC15M-26OCT050100-00,0.0100,4.69,no
2026-10-05T04:58:41.872647Z,KXBTC15M-26OCT050100-00,0.0090,59.00,no
2026-10-05T04:58:41.872647Z,KXBTC15M-26OCT050100-00,0.0100,11.31,no
2026-10-05T04:58:41.872647Z,KXBTC15M-26OCT050100-00,0.0100,0.01,no
2026-10-05T04:58:41.872647Z,KXBTC15M-26OCT050100-00,0.0080,115.17,no
2026-10-05T04:58:41.899661Z,KXBTC15M-26OCT050100-00,0.0110,12.00,yes
2026-10-05T04:58:41.899661Z,KXBTC15M-26OCT050100-00,0.0110,0.01,yes
2026-10-05T04:58:41.899661Z,KXBTC15M-26OCT050100-00,0.0110,20.00,yes
2026-10-05T04:58:41.899661Z,KXBTC15M-26OCT050100-00,0.0110,0.01,yes
2026-10-05T04:58:41.899661Z,KXBTC15M-26OCT050100-00,0.0110,13.98,yes
2026-10-05T04:58:41.908854Z,KXBTC15M-26OCT050100-00,0.0110,20.55,yes
2026-10-05T04:58:41.918395Z,KXBTC15M-26OCT050100-00,0.0100,0.01,no
2026-10-05T04:58:41.918395Z,KXBTC15M-26OCT050100-00,0.0100,111.97,no
2026-10-05T04:58:41.9387Z,KXBTC15M-26OCT050100-00,0.0110,71.95,yes
2026-10-05T04:58:42.056751Z,KXBTC15M-26OCT050100-00,0.0110,170.73,yes
2026-10-05T04:58:42.056751Z,KXBTC15M-26OCT050100-00,0.0110,35.94,yes
2026-10-05T04:58:42.105508Z,KXBTC15M-26OCT050100-00,0.0100,0.01,no
2026-10-05T04:58:42.105508Z,KXBTC15M-26OCT050100-00,0.0100,0.01,no
2026-10-05T04:58:42.105508Z,KXBTC15M-26OCT050100-00,0.0100,200.00,no
2026-10-05T04:58:42.105508Z,KXBTC15M-26OCT050100-00,0.0100,50.00,no
2026-10-05T04:58:42.135098Z,KXBTC15M-26OCT050100-00,0.0090,89.12,no
2026-10-05T04:58:42.135098Z,KXBTC15M-26OCT050100-00,0.0090,0.01,no
2026-10-05T04:58:42.137834Z,KXBTC15M-26OCT050100-00,0.0080,62.00,no
2026-10-05T04:58:42.137834Z,KXBTC15M-26OCT050100-00,0.0080,17.00,no
2026-10-05T04:58:42.137834Z,KXBTC15M-26OCT050100-00,0.0080,100.00,no
2026-10-05T04:58:42.137834Z,KXBTC15M-26OCT050100-00,0.0090,10.88,no
2026-10-05T04:58:42.137834Z,KXBTC15M-26OCT050100-00,0.0090,0.01,no
2026-10-05T04:58:42.137834Z,KXBTC15M-26OCT050100-00,0.0090,400.00,no
2026-10-05T04:58:42.137834Z,KXBTC15M-26OCT050100-00,0.0070,384.00,no
2026-10-05T04:58:42.137834Z,KXBTC15M-26OCT050100-00,0.0080,882.87,no
2026-10-05T04:58:42.137834Z,KXBTC15M-26OCT050100-00,0.0080,120.00,no
2026-10-05T04:58:42.159846Z,KXBTC15M-26OCT050100-00,0.0090,3.00,no
2026-10-05T04:58:42.159846Z,KXBTC15M-26OCT050100-00,0.0090,0.01,no
2026-10-05T04:58:42.159846Z,KXBTC15M-26OCT050100-00,0.0090,0.01,no
2026-10-05T04:58:42.178137Z,KXBTC15M-26OCT050100-00,0.0100,1.44,yes
2026-10-05T04:58:42.219949Z,KXBTC15M-26OCT050100-00,0.0100,10.25,yes
2026-10-05T04:58:42.30116Z,KXBTC15M-26OCT050100-00,0.0090,9.88,no
2026-10-05T04:58:42.306128Z,KXBTC15M-26OCT050100-00,0.0100,72.54,yes
2026-10-05T04:58:42.32708Z,KXBTC15M-26OCT050100-00,0.0090,42.53,no
2026-10-05T04:58:42.333488Z,KXBTC15M-26OCT050100-00,0.0080,200.00,no
2026-10-05T04:58:42.333488Z,KXBTC15M-26OCT050100-00,0.0090,0.01,no
2026-10-05T04:58:42.333488Z,KXBTC15M-26OCT050100-00,0.0090,0.01,no
2026-10-05T04:58:42.333488Z,KXBTC15M-26OCT050100-00,0.0090,147.59,no
2026-10-05T04:58:42.333488Z,KXBTC15M-26OCT050100-00,0.0080,17.00,no
2026-10-05T04:58:42.333488Z,KXBTC15M-26OCT050100-00,0.0070,905.48,no
2026-10-05T04:58:42.333488Z,KXBTC15M-26OCT050100-00,0.0070,1280.00,no
2026-10-05T04:58:42.333488Z,KXBTC15M-26OCT050100-00,0.0070,896.00,no
2026-10-05T04:58:42.333488Z,KXBTC15M-26OCT050100-00,0.0070,1280.00,no
2026-10-05T04:58:42.333488Z,KXBTC15M-26OCT050100-00,0.0070,120.00,no
2026-10-05T04:58:42.357655Z,KXBTC15M-26OCT050100-00,0.0080,17.00,no
2026-10-05T04:58:42.357655Z,KXBTC15M-26OCT050100-00,0.0080,0.01,no
2026-10-05T04:58:42.357655Z,KXBTC15M-26OCT050100-00,0.0080,2.71,no
2026-10-05T04:58:42.357655Z,KXBTC15M-26OCT050100-00,0.0080,0.01,no
2026-10-05T04:58:42.361803Z,KXBTC15M-26OCT050100-00,0.0080,200.00,no
2026-10-05T04:58:42.361803Z,KXBTC15M-26OCT050100-00,0.0080,97.29,no
2026-10-05T04:58:42.361803Z,KXBTC15M-26OCT050100-00,0.0070,112.01,no
2026-10-05T04:58:42.419562Z,KXBTC15M-26OCT050100-00,0.0090,58.47,yes
2026-10-05T04:58:42.422474Z,KXBTC15M-26OCT050100-00,0.0090,4.05,yes
2026-10-05T04:58:42.460271Z,KXBTC15M-26OCT050100-00,0.0090,5.00,yes
2026-10-05T04:58:42.468866Z,KXBTC15M-26OCT050100-00,0.0090,1.70,yes
2026-10-05T04:58:42.566146Z,KXBTC15M-26OCT050100-00,0.0090,150.00,yes
2026-10-05T04:58:42.566146Z,KXBTC15M-26OCT050100-00,0.0090,0.01,yes
2026-10-05T04:58:42.566146Z,KXBTC15M-26OCT050100-00,0.0090,10.44,yes
2026-10-05T04:58:42.566146Z,KXBTC15M-26OCT050100-00,0.0090,150.00,yes
2026-10-05T04:58:42.566146Z,KXBTC15M-26OCT050100-00,0.0090,0.01,yes
2026-10-05T04:58:42.566146Z,KXBTC15M-26OCT050100-00,0.0090,150.00,yes
2026-10-05T04:58:42.566146Z,KXBTC15M-26OCT050100-00,0.0090,20.00,yes
2026-10-05T04:58:42.566146Z,KXBTC15M-26OCT050100-00,0.0090,80.78,yes
2026-10-05T04:58:42.566146Z,KXBTC15M-26OCT050100-00,0.0090,200.00,yes
2026-10-05T04:58:42.566146Z,KXBTC15M-26OCT050100-00,0.0090,150.00,yes
2026-10-05T04:58:42.571823Z,KXBTC15M-26OCT050100-00,0.0090,64.09,yes
2026-10-05T04:58:42.579098Z,KXBTC15M-26OCT050100-00,0.0080,0.01,no
2026-10-05T04:58:42.579098Z,KXBTC15M-26OCT050100-00,0.0080,0.01,no
2026-10-05T04:58:42.579098Z,KXBTC15M-26OCT050100-00,0.0070,262.51,no
2026-10-05T04:58:42.579098Z,KXBTC15M-26OCT050100-00,0.0070,231.38,no
2026-10-05T04:58:42.589819Z,KXBTC15M-26OCT050100-00,0.0080,85.02,yes
2026-10-05T04:58:42.594307Z,KXBTC15M-26OCT050100-00,0.0080,20.00,yes
2026-10-05T04:58:42.598615Z,KXBTC15M-26OCT050100-00,0.0070,16.00,no
2026-10-05T04:58:42.614972Z,KXBTC15M-26OCT050100-00,0.0070,40.00,no
2026-10-05T04:58:42.631286Z,KXBTC15M-26OCT050100-00,0.0070,104.00,no
2026-10-05T04:58:42.661719Z,KXBTC15M-26OCT050100-00,0.0070,215.00,no
2026-10-05T04:58:42.679035Z,KXBTC15M-26OCT050100-00,0.0070,33.00,no
2026-10-05T04:58:42.679416Z,KXBTC15M-26OCT050100-00,0.0080,10.39,yes
2026-10-05T04:58:42.688325Z,KXBTC15M-26OCT050100-00,0.0070,2.01,no
2026-10-05T04:58:42.692982Z,KXBTC15M-26OCT050100-00,0.0070,82.00,no
2026-10-05T04:58:42.709723Z,KXBTC15M-26OCT050100-00,0.0070,215.00,no
2026-10-05T04:58:42.718087Z,KXBTC15M-26OCT050100-00,0.0070,800.00,no
2026-10-05T04:58:42.726492Z,KXBTC15M-26OCT050100-00,0.0070,33.00,no
2026-10-05T04:58:42.742292Z,KXBTC15M-26OCT050100-00,0.0070,82.00,no
2026-10-05T04:58:42.753267Z,KXBTC15M-26OCT050100-00,0.0080,0.93,yes
2026-10-05T04:58:42.758986Z,KXBTC15M-26OCT050100-00,0.0070,66.00,no
2026-10-05T04:58:42.793074Z,KXBTC15M-26OCT050100-00,0.0080,150.00,yes
2026-10-05T04:58:42.793074Z,KXBTC15M-26OCT050100-00,0.0080,116.84,yes
2026-10-05T04:58:42.793074Z,KXBTC15M-26OCT050100-00,0.0080,33.66,yes
2026-10-05T04:58:42.793074Z,KXBTC15M-26OCT050100-00,0.0080,150.00,yes
2026-10-05T04:58:42.800292Z,KXBTC15M-26OCT050100-00,0.0080,13.48,yes
2026-10-05T04:58:42.820627Z,KXBTC15M-26OCT050100-00,0.0080,1.00,yes
2026-10-05T04:58:42.84498Z,KXBTC15M-26OCT050100-00,0.0080,0.01,yes
2026-10-05T04:58:42.84498Z,KXBTC15M-26OCT050100-00,0.0090,45.47,yes
2026-10-05T04:58:42.84498Z,KXBTC15M-26OCT050100-00,0.0080,150.00,yes
2026-10-05T04:58:42.84498Z,KXBTC15M-26OCT050100-00,0.0080,20.00,yes
2026-10-05T04:58:42.84498Z,KXBTC15M-26OCT050100-00,0.0080,120.00,yes
2026-10-05T04:58:42.84498Z,KXBTC15M-26OCT050100-00,0.0080,0.01,yes
2026-10-05T04:58:42.84498Z,KXBTC15M-26OCT050100-00,0.0080,150.00,yes
2026-10-05T04:58:42.84498Z,KXBTC15M-26OCT050100-00,0.0080,20.00,yes
2026-10-05T04:58:42.84498Z,KXBTC15M-26OCT050100-00,0.0080,18.68,yes
2026-10-05T04:58:42.84498Z,KXBTC15M-26OCT050100-00,0.0090,514.86,yes
2026-10-05T04:58:42.882076Z,KXBTC15M-26OCT050100-00,0.0080,150.00,no
2026-10-05T04:58:42.882076Z,KXBTC15M-26OCT050100-00,0.0080,96.60,no
2026-10-05T04:58:42.886094Z,KXBTC15M-26OCT050100-00,0.0090,765.14,yes
2026-10-05T04:58:42.886094Z,KXBTC15M-26OCT050100-00,0.0090,345.86,yes
2026-10-05T04:58:42.923081Z,KXBTC15M-26OCT050100-00,0.0090,101.83,yes
2026-10-05T04:58:43.00695Z,KXBTC15M-26OCT050100-00,0.0080,22.14,no
2026-10-05T04:58:43.008165Z,KXBTC15M-26OCT050100-00,0.0080,7.46,no
2026-10-05T04:58:43.008165Z,KXBTC15M-26OCT050100-00,0.0080,0.01,no
2026-10-05T04:58:43.008165Z,KXBTC15M-26OCT050100-00,0.0080,31.26,no
2026-10-05T04:58:43.008165Z,KXBTC15M-26OCT050100-00,0.0080,0.01,no
2026-10-05T04:58:43.075183Z,KXBTC15M-26OCT050100-00,0.0080,13.08,no
2026-10-05T04:58:43.078009Z,KXBTC15M-26OCT050100-00,0.0080,92.00,no
2026-10-05T04:58:43.087824Z,KXBTC15M-26OCT050100-00,0.0080,7.84,no
2026-10-05T04:58:43.099121Z,KXBTC15M-26OCT050100-00,0.0090,93.51,yes
2026-10-05T04:58:43.111906Z,KXBTC15M-26OCT050100-00,0.0080,79.62,no
2026-10-05T04:58:43.111906Z,KXBTC15M-26OCT050100-00,0.0080,266.38,no
2026-10-05T04:58:43.147312Z,KXBTC15M-26OCT050100-00,0.0080,100.00,no
2026-10-05T04:58:43.147312Z,KXBTC15M-26OCT050100-00,0.0080,133.62,no
2026-10-05T04:58:43.147312Z,KXBTC15M-26OCT050100-00,0.0080,0.01,no
2026-10-05T04:58:43.147312Z,KXBTC15M-26OCT050100-00,0.0080,0.01,no
2026-10-05T04:58:43.372458Z,KXBTC15M-26OCT050100-00,0.0070,49.36,no
2026-10-05T04:58:43.376953Z,KXBTC15M-26OCT050100-00,0.0080,4.06,yes
2026-10-05T04:58:43.413648Z,KXBTC15M-26OCT050100-00,0.0080,39.68,yes
2026-10-05T04:58:43.424939Z,KXBTC15M-26OCT050100-00,0.0080,51.95,yes
2026-10-05T04:58:43.451269Z,KXBTC15M-26OCT050100-00,0.0080,3.57,yes
2026-10-05T04:58:43.493408Z,KXBTC15M-26OCT050100-00,0.0070,2.00,no
2026-10-05T04:58:43.493408Z,KXBTC15M-26OCT050100-00,0.0070,2.00,no
2026-10-05T04:58:43.493408Z,KXBTC15M-26OCT050100-00,0.0070,17.00,no
2026-10-05T04:58:43.493408Z,KXBTC15M-26OCT050100-00,0.0070,20.00,no
2026-10-05T04:58:43.493408Z,KXBTC15M-26OCT050100-00,0.0070,15.00,no
2026-10-05T04:58:43.493408Z,KXBTC15M-26OCT050100-00,0.0070,20.00,no
2026-10-05T04:58:43.493408Z,KXBTC15M-26OCT050100-00,0.0070,0.01,no
2026-10-05T04:58:43.493408Z,KXBTC15M-26OCT050100-00,0.0070,0.01,no
2026-10-05T04:58:43.493408Z,KXBTC15M-26OCT050100-00,0.0060,392.73,no
2026-10-05T04:58:43.493408Z,KXBTC15M-26OCT050100-00,0.0070,531.25,no
2026-10-05T04:58:43.543288Z,KXBTC15M-26OCT050100-00,0.0060,36.26,no
2026-10-05T04:58:43.543288Z,KXBTC15M-26OCT050100-00,0.0060,50.00,no
2026-10-05T04:58:43.543288Z,KXBTC15M-26OCT050100-00,0.0060,887.27,no
2026-10-05T04:58:43.567076Z,KXBTC15M-26OCT050100-00,0.0070,5.26,yes
2026-10-05T04:58:43.581527Z,KXBTC15M-26OCT050100-00,0.0070,2.13,yes
2026-10-05T04:58:43.598369Z,KXBTC15M-26OCT050100-00,0.0070,7.26,yes
2026-10-05T04:58:43.604232Z,KXBTC15M-26OCT050100-00,0.0070,103.91,yes
2026-10-05T04:58:43.653274Z,KXBTC15M-26OCT050100-00,0.0070,7.26,yes
2026-10-05T04:58:43.678672Z,KXBTC15M-26OCT050100-00,0.0070,24.18,yes
2026-10-05T04:58:43.678672Z,KXBTC15M-26OCT050100-00,0.0070,125.82,yes
2026-10-05T04:58:43.686429Z,KXBTC15M-26OCT050100-00,0.0070,24.18,yes
2026-10-05T04:58:43.686429Z,KXBTC15M-26OCT050100-00,0.0070,30.82,yes
2026-10-05T04:58:43.708449Z,KXBTC15M-26OCT050100-00,0.0070,1.00,yes
2026-10-05T04:58:43.71844Z,KXBTC15M-26OCT050100-00,0.0070,7.26,yes
2026-10-05T04:58:43.740046Z,KXBTC15M-26OCT050100-00,0.0070,18.03,yes
2026-10-05T04:58:43.757155Z,KXBTC15M-26OCT050100-00,0.0070,11.69,yes
2026-10-05T04:58:43.771299Z,KXBTC15M-26OCT050100-00,0.0060,1230.00,no
2026-10-05T04:58:43.771299Z,KXBTC15M-26OCT050100-00,0.0060,1243.74,no
2026-10-05T04:58:43.771299Z,KXBTC15M-26OCT050100-00,0.0060,417.57,no
2026-10-05T04:58:43.782816Z,KXBTC15M-26OCT050100-00,0.0060,5.00,no
2026-10-05T04:58:43.797357Z,KXBTC15M-26OCT050100-00,0.0070,7.26,yes
2026-10-05T04:58:43.832221Z,KXBTC15M-26OCT050100-00,0.0060,6.86,no
2026-10-05T04:58:43.882417Z,KXBTC15M-26OCT050100-00,0.0060,1.75,no
2026-10-05T04:58:43.905007Z,KXBTC15M-26OCT050100-00,0.0060,21.75,no
2026-10-05T04:58:43.920847Z,KXBTC15M-26OCT050100-00,0.0070,7.26,yes
2026-10-05T04:58:43.940331Z,KXBTC15M-26OCT050100-00,0.0070,0.01,yes
2026-10-05T04:58:43.940331Z,KXBTC15M-26OCT050100-00,0.0070,66.68,yes
2026-10-05T04:58:43.940331Z,KXBTC15M-26OCT050100-00,0.0070,0.01,yes
2026-10-05T04:58:43.940331Z,KXBTC15M-26OCT050100-00,0.0070,44.33,yes
2026-10-05T04:58:43.940331Z,KXBTC15M-26OCT050100-00,0.0070,150.00,yes
2026-10-05T04:58:43.940331Z,KXBTC15M-26OCT050100-00,0.0070,150.00,yes
2026-10-05T04:58:43.968857Z,KXBTC15M-26OCT050100-00,0.0070,136.29,yes
2026-10-05T04:58:43.988263Z,KXBTC15M-26OCT050100-00,0.0070,50.00,yes
2026-10-05T04:58:43.988263Z,KXBTC15M-26OCT050100-00,0.0070,36.26,yes
2026-10-05T04:58:43.988263Z,KXBTC15M-26OCT050100-00,0.0070,20.00,yes
2026-10-05T04:58:43.988263Z,KXBTC15M-26OCT050100-00,0.0070,19.38,yes
2026-10-05T04:58:43.988263Z,KXBTC15M-26OCT050100-00,0.0070,680.36,yes
2026-10-05T04:58:44.0062Z,KXBTC15M-26OCT050100-00,0.0070,7.26,yes
2026-10-05T04:58:44.026027Z,KXBTC15M-26OCT050100-00,0.0070,199.65,yes
2026-10-05T04:58:44.026027Z,KXBTC15M-26OCT050100-00,0.0070,408.47,yes
2026-10-05T04:58:44.029967Z,KXBTC15M-26OCT050100-00,0.0070,36.66,yes
2026-10-05T04:58:44.079713Z,KXBTC15M-26OCT050100-00,0.0070,7.26,yes
2026-10-05T04:58:44.096789Z,KXBTC15M-26OCT050100-00,0.0070,11.71,yes
2026-10-05T04:58:44.110539Z,KXBTC15M-26OCT050100-00,0.0070,273.00,yes
2026-10-05T04:58:44.119193Z,KXBTC15M-26OCT050100-00,0.0070,1100.54,yes
2026-10-05T04:58:44.119193Z,KXBTC15M-26OCT050100-00,0.0070,506.64,yes
2026-10-05T04:58:44.13274Z,KXBTC15M-26OCT050100-00,0.0060,5.96,no
2026-10-05T04:58:44.147604Z,KXBTC15M-26OCT050100-00,0.0070,7.26,yes
2026-10-05T04:58:44.166764Z,KXBTC15M-26OCT050100-00,0.0070,20.98,yes
2026-10-05T04:58:44.169587Z,KXBTC15M-26OCT050100-00,0.0060,29.51,no
2026-10-05T04:58:44.207019Z,KXBTC15M-26OCT050100-00,0.0060,10.05,no
2026-10-05T04:58:44.211339Z,KXBTC15M-26OCT050100-00,0.0070,7.26,yes
2026-10-05T04:58:44.218352Z,KXBTC15M-26OCT050100-00,0.0070,2.08,yes
2026-10-05T04:58:44.233469Z,KXBTC15M-26OCT050100-00,0.0060,46.08,no
2026-10-05T04:58:44.242614Z,KXBTC15M-26OCT050100-00,0.0070,500.00,yes
2026-10-05T04:58:44.242614Z,KXBTC15M-26OCT050100-00,0.0070,91.88,yes
2026-10-05T04:58:44.242614Z,KXBTC15M-26OCT050100-00,0.0070,233.60,yes
2026-10-05T04:58:44.248137Z,KXBTC15M-26OCT050100-00,0.0070,79.85,yes
2026-10-05T04:58:44.254081Z,KXBTC15M-26OCT050100-00,0.0070,2.12,yes
2026-10-05T04:58:44.267081Z,KXBTC15M-26OCT050100-00,0.0070,57.94,yes
2026-10-05T04:58:44.267081Z,KXBTC15M-26OCT050100-00,0.0070,184.43,yes
2026-10-05T04:58:44.269953Z,KXBTC15M-26OCT050100-00,0.0070,0.90,yes
2026-10-05T04:58:44.294383Z,KXBTC15M-26OCT050100-00,0.0070,6.41,yes
2026-10-05T04:58:44.29937Z,KXBTC15M-26OCT050100-00,0.0060,2.01,no
2026-10-05T04:58:44.312145Z,KXBTC15M-26OCT050100-00,0.0070,6.97,yes
2026-10-05T04:58:44.331903Z,KXBTC15M-26OCT050100-00,0.0070,2571.00,yes
2026-10-05T04:58:44.338923Z,KXBTC15M-26OCT050100-00,0.0060,7.03,no
2026-10-05T04:58:44.426149Z,KXBTC15M-26OCT050100-00,0.0060,4.27,no
2026-10-05T04:58:44.559483Z,KXBTC15M-26OCT050100-00,0.0060,87.73,no
2026-10-05T04:58:44.588125Z,KXBTC15M-26OCT050100-00,0.0070,13.20,yes
2026-10-05T04:58:44.621407Z,KXBTC15M-26OCT050100-00,0.0060,36.53,no
2026-10-05T04:58:44.626005Z,KXBTC15M-26OCT050100-00,0.0070,5.04,yes
2026-10-05T04:58:44.657379Z,KXBTC15M-26OCT050100-00,0.0070,256.00,yes
2026-10-05T04:58:44.676792Z,KXBTC15M-26OCT050100-00,0.0070,34.11,yes
2026-10-05T04:58:44.676835Z,KXBTC15M-26OCT050100-00,0.0070,130.90,yes
2026-10-05T04:58:44.833926Z,KXBTC15M-26OCT050100-00,0.0060,200.00,no
2026-10-05T04:58:44.833926Z,KXBTC15M-26OCT050100-00,0.0060,293.54,no
2026-10-05T04:58:44.833926Z,KXBTC15M-26OCT050100-00,0.0060,395.13,no
2026-10-05T04:58:44.833926Z,KXBTC15M-26OCT050100-00,0.0060,71.00,no
2026-10-05T04:58:44.833926Z,KXBTC15M-26OCT050100-00,0.0060,17.00,no
2026-10-05T04:58:44.833926Z,KXBTC15M-26OCT050100-00,0.0060,0.01,no
2026-10-05T04:58:44.833926Z,KXBTC15M-26OCT050100-00,0.0060,20.00,no
2026-10-05T04:58:44.833926Z,KXBTC15M-26OCT050100-00,0.0060,400.00,no
2026-10-05T04:58:44.833926Z,KXBTC15M-26OCT050100-00,0.0060,20.00,no
2026-10-05T04:58:44.833926Z,KXBTC15M-26OCT050100-00,0.0060,100.00,no
2026-10-05T04:58:44.833926Z,KXBTC15M-26OCT050100-00,0.0060,0.01,no
2026-10-05T04:58:44.833926Z,KXBTC15M-26OCT050100-00,0.0060,1280.00,no
2026-10-05T04:58:44.833926Z,KXBTC15M-26OCT050100-00,0.0050,835.42,no
2026-10-05T04:58:44.833926Z,KXBTC15M-26OCT050100-00,0.0060,364.90,no
2026-10-05T04:58:44.833926Z,KXBTC15M-26OCT050100-00,0.0060,120.00,no
2026-10-05T04:58:44.853537Z,KXBTC15M-26OCT050100-00,0.0050,33.00,no
2026-10-05T04:58:44.859779Z,KXBTC15M-26OCT050100-00,0.0060,0.01,yes
2026-10-05T04:58:44.859779Z,KXBTC15M-26OCT050100-00,0.0060,0.01,yes
2026-10-05T04:58:44.859779Z,KXBTC15M-26OCT050100-00,0.0060,20.00,yes
2026-10-05T04:58:44.859779Z,KXBTC15M-26OCT050100-00,0.0060,20.00,yes
2026-10-05T04:58:44.859779Z,KXBTC15M-26OCT050100-00,0.0070,1351.98,yes
2026-10-05T04:58:44.890504Z,KXBTC15M-26OCT050100-00,0.0060,400.00,no
2026-10-05T04:58:44.890504Z,KXBTC15M-26OCT050100-00,0.0060,20.00,no
2026-10-05T04:58:44.890504Z,KXBTC15M-26OCT050100-00,0.0060,100.00,no
2026-10-05T04:58:44.890504Z,KXBTC15M-26OCT050100-00,0.0060,17.00,no
2026-10-05T04:58:44.916404Z,KXBTC15M-26OCT050100-00,0.0060,66.79,yes
2026-10-05T04:58:44.921351Z,KXBTC15M-26OCT050100-00,0.0060,150.95,yes
2026-10-05T04:58:44.936715Z,KXBTC15M-26OCT050100-00,0.0060,29.19,yes
2026-10-05T04:58:44.937724Z,KXBTC15M-26OCT050100-00,0.0060,0.01,yes
2026-10-05T04:58:44.937724Z,KXBTC15M-26OCT050100-00,0.0060,51.49,yes
2026-10-05T04:58:44.937724Z,KXBTC15M-26OCT050100-00,0.0060,150.00,yes
2026-10-05T04:58:44.937724Z,KXBTC15M-26OCT050100-00,0.0060,104.49,yes
2026-10-05T04:58:44.937724Z,KXBTC15M-26OCT050100-00,0.0060,0.01,yes
2026-10-05T04:58:45.022867Z,KXBTC15M-26OCT050100-00,0.0050,5.00,no
2026-10-05T04:58:45.026013Z,KXBTC15M-26OCT050100-00,0.0060,0.01,yes
2026-10-05T04:58:45.026013Z,KXBTC15M-26OCT050100-00,0.0060,101.01,yes
2026-10-05T04:58:45.026013Z,KXBTC15M-26OCT050100-00,0.0060,33.00,yes
2026-10-05T04:58:45.026013Z,KXBTC15M-26OCT050100-00,0.0060,0.01,yes
2026-10-05T04:58:45.052963Z,KXBTC15M-26OCT050100-00,0.0060,30.47,yes
2026-10-05T04:58:45.091194Z,KXBTC15M-26OCT050100-00,0.0050,50.72,no
2026-10-05T04:58:45.111125Z,KXBTC15M-26OCT050100-00,0.0050,254.25,no
2026-10-05T04:58:45.115312Z,KXBTC15M-26OCT050100-00,0.0060,220.67,yes
2026-10-05T04:58:45.123169Z,KXBTC15M-26OCT050100-00,0.0050,39.24,no
2026-10-05T04:58:45.141968Z,KXBTC15M-26OCT050100-00,0.0050,2.28,no
2026-10-05T04:58:45.14595Z,KXBTC15M-26OCT050100-00,0.0050,0.99,no
2026-10-05T04:58:45.18908Z,KXBTC15M-26OCT050100-00,0.0050,2000.00,no
2026-10-05T04:58:45.18908Z,KXBTC15M-26OCT050100-00,0.0050,2000.00,no
2026-10-05T04:58:45.18908Z,KXBTC15M-26OCT050100-00,0.0050,779.10,no
2026-10-05T04:58:45.18908Z,KXBTC15M-26OCT050100-00,0.0050,1090.90,no
2026-10-05T04:58:45.204496Z,KXBTC15M-26OCT050100-00,0.0060,373.00,yes
2026-10-05T04:58:45.234838Z,KXBTC15M-26OCT050100-00,0.0050,11.81,no
2026-10-05T04:58:45.23483Z,KXBTC15M-26OCT050100-00,0.0060,26.40,yes
2026-10-05T04:58:45.273844Z,KXBTC15M-26OCT050100-00,0.0060,423.70,yes
2026-10-05T04:58:45.333805Z,KXBTC15M-26OCT050100-00,0.0060,400.72,yes
2026-10-05T04:58:45.358855Z,KXBTC15M-26OCT050100-00,0.0060,149.04,yes
2026-10-05T04:58:45.358855Z,KXBTC15M-26OCT050100-00,0.0060,200.00,yes
2026-10-05T04:58:45.358855Z,KXBTC15M-26OCT050100-00,0.0060,50.72,yes
2026-10-05T04:58:45.358855Z,KXBTC15M-26OCT050100-00,0.0060,0.01,yes
2026-10-05T04:58:45.358855Z,KXBTC15M-26OCT050100-00,0.0060,147.39,yes
2026-10-05T04:58:45.358855Z,KXBTC15M-26OCT050100-00,0.0060,5.00,yes
2026-10-05T04:58:45.358855Z,KXBTC15M-26OCT050100-00,0.0060,0.01,yes
2026-10-05T04:58:45.540011Z,KXBTC15M-26OCT050100-00,0.0060,11.99,yes
2026-10-05T04:58:45.600113Z,KXBTC15M-26OCT050100-00,0.0050,30.94,no
2026-10-05T04:58:45.68457Z,KXBTC15M-26OCT050100-00,0.0060,39.24,yes
2026-10-05T04:58:45.68457Z,KXBTC15M-26OCT050100-00,0.0060,2.28,yes
2026-10-05T04:58:45.68457Z,KXBTC15M-26OCT050100-00,0.0060,94.87,yes
2026-10-05T04:58:45.68457Z,KXBTC15M-26OCT050100-00,0.0060,15.33,yes
2026-10-05T04:58:45.68457Z,KXBTC15M-26OCT050100-00,0.0060,0.99,yes
2026-10-05T04:58:45.709488Z,KXBTC15M-26OCT050100-00,0.0050,105.91,no
2026-10-05T04:58:45.729864Z,KXBTC15M-26OCT050100-00,0.0050,3.58,no
2026-10-05T04:58:45.742048Z,KXBTC15M-26OCT050100-00,0.0060,0.10,yes
2026-10-05T04:58:45.748292Z,KXBTC15M-26OCT050100-00,0.0060,49.27,yes
2026-10-05T04:58:45.828842Z,KXBTC15M-26OCT050100-00,0.0060,250.00,yes
2026-10-05T04:58:45.849508Z,KXBTC15M-26OCT050100-00,0.0060,38.07,yes
2026-10-05T04:58:45.858602Z,KXBTC15M-26OCT050100-00,0.0050,32.78,no
2026-10-05T04:58:45.874387Z,KXBTC15M-26OCT050100-00,0.0060,15.13,yes
2026-10-05T04:58:45.962709Z,KXBTC15M-26OCT050100-00,0.0060,15.58,yes
2026-10-05T04:58:46.0047Z,KXBTC15M-26OCT050100-00,0.0060,31.18,yes
2026-10-05T04:58:46.0733Z,KXBTC15M-26OCT050100-00,0.0050,23.58,no
2026-10-05T04:58:46.144423Z,KXBTC15M-26OCT050100-00,0.0050,14.76,no
2026-10-05T04:58:46.152317Z,KXBTC15M-26OCT050100-00,0.0050,50.00,no
2026-10-05T04:58:46.18525Z,KXBTC15M-26OCT050100-00,0.0050,8.55,no
2026-10-05T04:58:46.189488Z,KXBTC15M-26OCT050100-00,0.0060,24.22,yes
2026-10-05T04:58:46.224686Z,KXBTC15M-26OCT050100-00,0.0060,69.46,yes
2026-10-05T04:58:46.271909Z,KXBTC15M-26OCT050100-00,0.0060,27.74,yes
2026-10-05T04:58:46.287353Z,KXBTC15M-26OCT050100-00,0.0060,25.61,yes
2026-10-05T04:58:46.318274Z,KXBTC15M-26OCT050100-00,0.0060,165.54,yes
2026-10-05T04:58:46.329001Z,KXBTC15M-26OCT050100-00,0.0060,57.00,yes
2026-10-05T04:58:46.348865Z,KXBTC15M-26OCT050100-00,0.0060,143.61,yes
2026-10-05T04:58:46.352976Z,KXBTC15M-26OCT050100-00,0.0050,115.53,no
2026-10-05T04:58:46.421468Z,KXBTC15M-26OCT050100-00,0.0060,7.20,yes
2026-10-05T04:58:46.435878Z,KXBTC15M-26OCT050100-00,0.0060,155.86,yes
2026-10-05T04:58:46.435878Z,KXBTC15M-26OCT050100-00,0.0060,65.46,yes
2026-10-05T04:58:46.440054Z,KXBTC15M-26OCT050100-00,0.0060,508.29,yes
2026-10-05T04:58:46.462216Z,KXBTC15M-26OCT050100-00,0.0050,44.56,no
2026-10-05T04:58:46.464679Z,KXBTC15M-26OCT050100-00,0.0060,10.08,yes
2026-10-05T04:58:46.502817Z,KXBTC15M-26OCT050100-00,0.0060,106.82,yes
2026-10-05T04:58:46.507103Z,KXBTC15M-26OCT050100-00,0.0060,500.52,yes
2026-10-05T04:58:46.511866Z,KXBTC15M-26OCT050100-00,0.0060,91.27,yes
2026-10-05T04:58:46.514519Z,KXBTC15M-26OCT050100-00,0.0050,47.78,no
2026-10-05T04:58:46.65582Z,KXBTC15M-26OCT050100-00,0.0050,14.35,no
2026-10-05T04:58:46.660808Z,KXBTC15M-26OCT050100-00,0.0060,192.80,yes
2026-10-05T04:58:46.664344Z,KXBTC15M-26OCT050100-00,0.0050,164.25,no
2026-10-05T04:58:46.680872Z,KXBTC15M-26OCT050100-00,0.0060,1.00,yes
2026-10-05T04:58:46.693499Z,KXBTC15M-26OCT050100-00,0.0050,5.00,no
2026-10-05T04:58:46.693499Z,KXBTC15M-26OCT050100-00,0.0050,10.00,no
2026-10-05T04:58:46.693499Z,KXBTC15M-26OCT050100-00,0.0050,217.44,no
2026-10-05T04:58:46.693499Z,KXBTC15M-26OCT050100-00,0.0050,22.00,no
2026-10-05T04:58:46.693499Z,KXBTC15M-26OCT050100-00,0.0050,20.00,no
2026-10-05T04:58:46.693499Z,KXBTC15M-26OCT050100-00,0.0050,0.01,no
2026-10-05T04:58:46.693499Z,KXBTC15M-26OCT050100-00,0.0050,0.01,no
2026-10-05T04:58:46.693499Z,KXBTC15M-26OCT050100-00,0.0050,100.00,no
2026-10-05T04:58:46.693499Z,KXBTC15M-26OCT050100-00,0.0050,20.00,no
2026-10-05T04:58:46.693499Z,KXBTC15M-26OCT050100-00,0.0050,400.00,no
2026-10-05T04:58:46.693499Z,KXBTC15M-26OCT050100-00,0.0050,43.67,no
2026-10-05T04:58:46.693499Z,KXBTC15M-26OCT050100-00,0.0050,2.00,no
2026-10-05T04:58:46.693499Z,KXBTC15M-26OCT050100-00,0.0050,2.00,no
2026-10-05T04:58:46.693499Z,KXBTC15M-26OCT050100-00,0.0050,1024.00,no
2026-10-05T04:58:46.693499Z,KXBTC15M-26OCT050100-00,0.0050,240.72,no
2026-10-05T04:58:46.693499Z,KXBTC15M-26OCT050100-00,0.0050,120.00,no
2026-10-05T04:58:46.693499Z,KXBTC15M-26OCT050100-00,0.0050,11.00,no
2026-10-05T04:58:46.701503Z,KXBTC15M-26OCT050100-00,0.0060,51.76,yes
2026-10-05T04:58:46.721268Z,KXBTC15M-26OCT050100-00,0.0060,56.50,yes
2026-10-05T04:58:46.774575Z,KXBTC15M-26OCT050100-00,0.0060,105.00,yes
2026-10-05T04:58:46.785846Z,KXBTC15M-26OCT050100-00,0.0050,19.62,no
2026-10-05T04:58:46.812171Z,KXBTC15M-26OCT050100-00,0.0060,272.43,yes
2026-10-05T04:58:46.835356Z,KXBTC15M-26OCT050100-00,0.0060,38.07,yes
2026-10-05T04:58:46.835356Z,KXBTC15M-26OCT050100-00,0.0060,114.64,yes
2026-10-05T04:58:46.860325Z,KXBTC15M-26OCT050100-00,0.0060,332.25,yes
2026-10-05T04:58:46.862836Z,KXBTC15M-26OCT050100-00,0.0050,7.97,no
2026-10-05T04:58:46.865783Z,KXBTC15M-26OCT050100-00,0.0060,87.78,yes
2026-10-05T04:58:46.896393Z,KXBTC15M-26OCT050100-00,0.0050,20.09,no
2026-10-05T04:58:46.913505Z,KXBTC15M-26OCT050100-00,0.0050,417.02,no
2026-10-05T04:58:46.936467Z,KXBTC15M-26OCT050100-00,0.0060,180.00,yes
2026-10-05T04:58:46.993407Z,KXBTC15M-26OCT050100-00,0.0060,22.18,yes
2026-10-05T04:58:47.00108Z,KXBTC15M-26OCT050100-00,0.0060,201.36,yes
2026-10-05T04:58:47.049789Z,KXBTC15M-26OCT050100-00,0.0050,1.00,no
2026-10-05T04:58:47.049789Z,KXBTC15M-26OCT050100-00,0.0050,32.32,no
2026-10-05T04:58:47.073715Z,KXBTC15M-26OCT050100-00,0.0050,67.68,no
2026-10-05T04:58:47.073715Z,KXBTC15M-26OCT050100-00,0.0050,0.01,no
2026-10-05T04:58:47.073715Z,KXBTC15M-26OCT050100-00,0.0050,8.86,no
2026-10-05T04:58:47.073715Z,KXBTC15M-26OCT050100-00,0.0050,22.00,no
2026-10-05T04:58:47.073715Z,KXBTC15M-26OCT050100-00,0.0050,0.01,no
2026-10-05T04:58:47.098991Z,KXBTC15M-26OCT050100-00,0.0050,100.00,no
2026-10-05T04:58:47.098991Z,KXBTC15M-26OCT050100-00,0.0050,0.01,no
2026-10-05T04:58:47.098991Z,KXBTC15M-26OCT050100-00,0.0050,0.01,no
2026-10-05T04:58:47.098991Z,KXBTC15M-26OCT050100-00,0.0050,22.00,no
2026-10-05T04:58:47.098991Z,KXBTC15M-26OCT050100-00,0.0040,1068.33,no
2026-10-05T04:58:47.110121Z,KXBTC15M-26OCT050100-00,0.0050,0.01,no
2026-10-05T04:58:47.110121Z,KXBTC15M-26OCT050100-00,0.0050,0.01,no
2026-10-05T04:58:47.110121Z,KXBTC15M-26OCT050100-00,0.0050,22.00,no
2026-10-05T04:58:47.110121Z,KXBTC15M-26OCT050100-00,0.0040,1215.46,no
2026-10-05T04:58:47.110121Z,KXBTC15M-26OCT050100-00,0.0040,731.67,no
2026-10-05T04:58:47.112597Z,KXBTC15M-26OCT050100-00,0.0050,38.96,yes
2026-10-05T04:58:47.123478Z,KXBTC15M-26OCT050100-00,0.0040,126.90,no
2026-10-05T04:58:47.197325Z,KXBTC15M-26OCT050100-00,0.0050,111.04,yes
2026-10-05T04:58:47.197325Z,KXBTC15M-26OCT050100-00,0.0050,24.79,yes
2026-10-05T04:58:47.197325Z,KXBTC15M-26OCT050100-00,0.0050,20.00,yes
2026-10-05T04:58:47.218037Z,KXBTC15M-26OCT050100-00,0.0050,25.87,yes
2026-10-05T04:58:47.228139Z,KXBTC15M-26OCT050100-00,0.0040,19.05,no
2026-10-05T04:58:47.287358Z,KXBTC15M-26OCT050100-00,0.0040,438.59,no
2026-10-05T04:58:47.287358Z,KXBTC15M-26OCT050100-00,0.0040,799.41,no
2026-10-05T04:58:47.35667Z,KXBTC15M-26OCT050100-00,0.0040,11.22,no
2026-10-05T04:58:47.357726Z,KXBTC15M-26OCT050100-00,0.0050,99.34,yes
2026-10-05T04:58:47.357726Z,KXBTC15M-26OCT050100-00,0.0050,0.01,yes
2026-10-05T04:58:47.357726Z,KXBTC15M-26OCT050100-00,0.0050,34.65,yes
2026-10-05T04:58:47.357726Z,KXBTC15M-26OCT050100-00,0.0050,0.01,yes
2026-10-05T04:58:47.56309Z,KXBTC15M-26OCT050100-00,0.0040,10.35,no
2026-10-05T04:58:47.595078Z,KXBTC15M-26OCT050100-00,0.0040,2.72,no
2026-10-05T04:58:47.655603Z,KXBTC15M-26OCT050100-00,0.0050,20.00,yes
2026-10-05T04:58:47.655603Z,KXBTC15M-26OCT050100-00,0.0050,126.90,yes
2026-10-05T04:58:47.655603Z,KXBTC15M-26OCT050100-00,0.0050,1068.33,yes
2026-10-05T04:58:47.655603Z,KXBTC15M-26OCT050100-00,0.0050,1.00,yes
2026-10-05T04:58:47.655603Z,KXBTC15M-26OCT050100-00,0.0050,19.05,yes
2026-10-05T04:58:47.655603Z,KXBTC15M-26OCT050100-00,0.0050,375.14,yes
2026-10-05T04:58:47.655603Z,KXBTC15M-26OCT050100-00,0.0050,1215.46,yes
2026-10-05T04:58:47.655603Z,KXBTC15M-26OCT050100-00,0.0050,731.67,yes
2026-10-05T04:58:47.655603Z,KXBTC15M-26OCT050100-00,0.0050,165.35,yes
2026-10-05T04:58:47.670943Z,KXBTC15M-26OCT050100-00,0.0040,528.96,no
2026-10-05T04:58:47.67539Z,KXBTC15M-26OCT050100-00,0.0040,3.52,no
2026-10-05T04:58:47.693748Z,KXBTC15M-26OCT050100-00,0.0050,77.91,yes
2026-10-05T04:58:47.743527Z,KXBTC15M-26OCT050100-00,0.0040,11.80,no
2026-10-05T04:58:47.753329Z,KXBTC15M-26OCT050100-00,0.0040,17.00,no
2026-10-05T04:58:47.753329Z,KXBTC15M-26OCT050100-00,0.0040,0.01,no
2026-10-05T04:58:47.753329Z,KXBTC15M-26OCT050100-00,0.0040,20.00,no
2026-10-05T04:58:47.753329Z,KXBTC15M-26OCT050100-00,0.0040,400.00,no
2026-10-05T04:58:47.753329Z,KXBTC15M-26OCT050100-00,0.0040,100.00,no
2026-10-05T04:58:47.753329Z,KXBTC15M-26OCT050100-00,0.0040,0.01,no
2026-10-05T04:58:47.753329Z,KXBTC15M-26OCT050100-00,0.0040,424.63,no
2026-10-05T04:58:47.753329Z,KXBTC15M-26OCT050100-00,0.0040,20.00,no
2026-10-05T04:58:47.753329Z,KXBTC15M-26OCT050100-00,0.0040,1688.00,no
2026-10-05T04:58:47.753329Z,KXBTC15M-26OCT050100-00,0.0040,200.00,no
2026-10-05T04:58:47.753329Z,KXBTC15M-26OCT050100-00,0.0040,20.00,no
2026-10-05T04:58:47.753329Z,KXBTC15M-26OCT050100-00,0.0040,432.02,no
2026-10-05T04:58:47.753329Z,KXBTC15M-26OCT050100-00,0.0040,1047.00,no
2026-10-05T04:58:47.753329Z,KXBTC15M-26OCT050100-00,0.0040,120.00,no
2026-10-05T04:58:47.753329Z,KXBTC15M-26OCT050100-00,0.0040,512.00,no
2026-10-05T04:58:47.753329Z,KXBTC15M-26OCT050100-00,0.0040,13.00,no
2026-10-05T04:58:47.753329Z,KXBTC15M-26OCT050100-00,0.0040,1.00,no
2026-10-05T04:58:47.753329Z,KXBTC15M-26OCT050100-00,0.0040,1.00,no
2026-10-05T04:58:47.753329Z,KXBTC15M-26OCT050100-00,0.0040,1.00,no
2026-10-05T04:58:47.753329Z,KXBTC15M-26OCT050100-00,0.0040,1.00,no
2026-10-05T04:58:47.753329Z,KXBTC15M-26OCT050100-00,0.0040,1.00,no
2026-10-05T04:58:47.883502Z,KXBTC15M-26OCT050100-00,0.0040,0.01,no
2026-10-05T04:58:47.883502Z,KXBTC15M-26OCT050100-00,0.0040,70.68,no
2026-10-05T04:58:47.883502Z,KXBTC15M-26OCT050100-00,0.0040,20.00,no
2026-10-05T04:58:47.883502Z,KXBTC15M-26OCT050100-00,0.0040,100.00,no
2026-10-05T04:58:47.883502Z,KXBTC15M-26OCT050100-00,0.0040,0.01,no
2026-10-05T04:58:47.896629Z,KXBTC15M-26OCT050100-00,0.0040,6.80,no
2026-10-05T04:58:47.951433Z,KXBTC15M-26OCT050100-00,0.0050,1.00,yes
2026-10-05T04:58:47.979329Z,KXBTC15M-26OCT050100-00,0.0050,67.41,yes
2026-10-05T04:58:47.979459Z,KXBTC15M-26OCT050100-00,0.0050,1.00,yes
2026-10-05T04:58:48.047056Z,KXBTC15M-26OCT050100-00,0.0050,91.62,yes
2026-10-05T04:58:48.052772Z,KXBTC15M-26OCT050100-00,0.0050,15.88,yes
2026-10-05T04:58:48.069971Z,KXBTC15M-26OCT050100-00,0.0050,203.04,yes
2026-10-05T04:58:48.069971Z,KXBTC15M-26OCT050100-00,0.0050,12.26,yes
2026-10-05T04:58:48.072718Z,KXBTC15M-26OCT050100-00,0.0040,0.01,no
2026-10-05T04:58:48.072718Z,KXBTC15M-26OCT050100-00,0.0040,17.00,no
2026-10-05T04:58:48.072718Z,KXBTC15M-26OCT050100-00,0.0040,20.00,no
2026-10-05T04:58:48.072718Z,KXBTC15M-26OCT050100-00,0.0040,100.00,no
2026-10-05T04:58:48.072718Z,KXBTC15M-26OCT050100-00,0.0040,0.01,no
2026-10-05T04:58:48.072718Z,KXBTC15M-26OCT050100-00,0.0040,400.00,no
2026-10-05T04:58:48.072718Z,KXBTC15M-26OCT050100-00,0.0030,1068.14,no
2026-10-05T04:58:48.082242Z,KXBTC15M-26OCT050100-00,0.0040,17.00,no
2026-10-05T04:58:48.087753Z,KXBTC15M-26OCT050100-00,0.0030,1438.14,no
2026-10-05T04:58:48.087753Z,KXBTC15M-26OCT050100-00,0.0030,326.86,no
2026-10-05T04:58:48.088987Z,KXBTC15M-26OCT050100-00,0.0030,894.13,no
2026-10-05T04:58:48.088987Z,KXBTC15M-26OCT050100-00,0.0030,361.86,no
2026-10-05T04:58:48.117906Z,KXBTC15M-26OCT050100-00,0.0030,760.00,no
2026-10-05T04:58:48.256821Z,KXBTC15M-26OCT050100-00,0.0040,168.46,yes
2026-10-05T04:58:48.292026Z,KXBTC15M-26OCT050100-00,0.0030,2.00,no
2026-10-05T04:58:48.292026Z,KXBTC15M-26OCT050100-00,0.0030,2.00,no
2026-10-05T04:58:48.292026Z,KXBTC15M-26OCT050100-00,0.0030,2.00,no
2026-10-05T04:58:48.292026Z,KXBTC15M-26OCT050100-00,0.0030,2.00,no
2026-10-05T04:58:48.292026Z,KXBTC15M-26OCT050100-00,0.0030,18.00,no
2026-10-05T04:58:48.292026Z,KXBTC15M-26OCT050100-00,0.0030,2.00,no
2026-10-05T04:58:48.292026Z,KXBTC15M-26OCT050100-00,0.0030,250.00,no
2026-10-05T04:58:48.292026Z,KXBTC15M-26OCT050100-00,0.0030,1800.00,no
2026-10-05T04:58:48.292026Z,KXBTC15M-26OCT050100-00,0.0030,145.87,no
2026-10-05T04:58:48.292026Z,KXBTC15M-26OCT050100-00,0.0030,120.00,no
2026-10-05T04:58:48.292026Z,KXBTC15M-26OCT050100-00,0.0030,1459.13,no
2026-10-05T04:58:48.447566Z,KXBTC15M-26OCT050100-00,0.0040,250.00,yes
2026-10-05T04:58:48.455606Z,KXBTC15M-26OCT050100-00,0.0030,5.01,no
2026-10-05T04:58:48.468331Z,KXBTC15M-26OCT050100-00,0.0040,186.97,yes
2026-10-05T04:58:48.478196Z,KXBTC15M-26OCT050100-00,0.0030,26.08,no
2026-10-05T04:58:48.521703Z,KXBTC15M-26OCT050100-00,0.0040,20.00,yes
2026-10-05T04:58:48.521703Z,KXBTC15M-26OCT050100-00,0.0040,377.57,yes
2026-10-05T04:58:48.521703Z,KXBTC15M-26OCT050100-00,0.0040,20.00,yes
2026-10-05T04:58:48.521703Z,KXBTC15M-26OCT050100-00,0.0040,0.01,yes
2026-10-05T04:58:48.521703Z,KXBTC15M-26OCT050100-00,0.0040,333.41,yes
2026-10-05T04:58:48.521703Z,KXBTC15M-26OCT050100-00,0.0040,0.01,yes
2026-10-05T04:58:48.552804Z,KXBTC15M-26OCT050100-00,0.0040,186.97,yes
2026-10-05T04:58:48.558186Z,KXBTC15M-26OCT050100-00,0.0040,561.14,yes
2026-10-05T04:58:48.558186Z,KXBTC15M-26OCT050100-00,0.0040,373.75,yes
2026-10-05T04:58:48.575573Z,KXBTC15M-26OCT050100-00,0.0040,11.15,yes
2026-10-05T04:58:48.60628Z,KXBTC15M-26OCT050100-00,0.0030,5.39,no
2026-10-05T04:58:48.614081Z,KXBTC15M-26OCT050100-00,0.0030,56.22,no
2026-10-05T04:58:48.626839Z,KXBTC15M-26OCT050100-00,0.0040,91.98,yes
2026-10-05T04:58:48.632636Z,KXBTC15M-26OCT050100-00,0.0040,21.39,yes
2026-10-05T04:58:48.650302Z,KXBTC15M-26OCT050100-00,0.0040,173.69,yes
2026-10-05T04:58:48.869189Z,KXBTC15M-26OCT050100-00,0.0030,67.25,no
2026-10-05T04:58:48.954327Z,KXBTC15M-26OCT050100-00,0.0030,26.68,no
2026-10-05T04:58:48.990799Z,KXBTC15M-26OCT050100-00,0.0040,19.47,yes
2026-10-05T04:58:49.060455Z,KXBTC15M-26OCT050100-00,0.0030,11.35,no
2026-10-05T04:58:49.086606Z,KXBTC15M-26OCT050100-00,0.0040,540.00,yes
2026-10-05T04:58:49.096375Z,KXBTC15M-26OCT050100-00,0.0030,1.00,no
2026-10-05T04:58:49.122075Z,KXBTC15M-26OCT050100-00,0.0040,209.72,yes
2026-10-05T04:58:49.122075Z,KXBTC15M-26OCT050100-00,0.0040,19.32,yes
2026-10-05T04:58:49.204939Z,KXBTC15M-26OCT050100-00,0.0030,5.90,no
2026-10-05T04:58:49.215098Z,KXBTC15M-26OCT050100-00,0.0030,1.65,no
2026-10-05T04:58:49.235453Z,KXBTC15M-26OCT050100-00,0.0040,4.47,yes
2026-10-05T04:58:49.252762Z,KXBTC15M-26OCT050100-00,0.0040,44.42,yes
2026-10-05T04:58:49.327931Z,KXBTC15M-26OCT050100-00,0.0040,40.84,yes
2026-10-05T04:58:49.335Z,KXBTC15M-26OCT050100-00,0.0040,760.00,yes
2026-10-05T04:58:49.335Z,KXBTC15M-26OCT050100-00,0.0040,62.41,yes
2026-10-05T04:58:49.335Z,KXBTC15M-26OCT050100-00,0.0040,322.75,yes
2026-10-05T04:58:49.418768Z,KXBTC15M-26OCT050100-00,0.0040,47.67,yes
2026-10-05T04:58:49.466365Z,KXBTC15M-26OCT050100-00,0.0040,192.86,yes
2026-10-05T04:58:49.466874Z,KXBTC15M-26OCT050100-00,0.0040,128.59,yes
2026-10-05T04:58:49.481383Z,KXBTC15M-26OCT050100-00,0.0040,250.00,yes
2026-10-05T04:58:49.481383Z,KXBTC15M-26OCT050100-00,0.0040,145.87,yes
2026-10-05T04:58:49.481383Z,KXBTC15M-26OCT050100-00,0.0050,25.00,yes
2026-10-05T04:58:49.481383Z,KXBTC15M-26OCT050100-00,0.0040,1800.00,yes
2026-10-05T04:58:49.481383Z,KXBTC15M-26OCT050100-00,0.0040,120.00,yes
2026-10-05T04:58:49.481383Z,KXBTC15M-26OCT050100-00,0.0040,200.00,yes
2026-10-05T04:58:49.481383Z,KXBTC15M-26OCT050100-00,0.0040,617.13,yes
2026-10-05T04:58:49.481383Z,KXBTC15M-26OCT050100-00,0.0040,0.01,yes
2026-10-05T04:58:49.481383Z,KXBTC15M-26OCT050100-00,0.0050,327.00,yes
2026-10-05T04:58:49.481383Z,KXBTC15M-26OCT050100-00,0.0050,19.00,yes
2026-10-05T04:58:49.481383Z,KXBTC15M-26OCT050100-00,0.0040,0.01,yes
2026-10-05T04:58:49.481383Z,KXBTC15M-26OCT050100-00,0.0050,53.00,yes
2026-10-05T04:58:49.481383Z,KXBTC15M-26OCT050100-00,0.0050,200.00,yes
2026-10-05T04:58:49.481383Z,KXBTC15M-26OCT050100-00,0.0040,35.00,yes
2026-10-05T04:58:49.481383Z,KXBTC15M-26OCT050100-00,0.0040,1.00,yes
2026-10-05T04:58:49.481383Z,KXBTC15M-26OCT050100-00,0.0060,278.90,yes
2026-10-05T04:58:49.481383Z,KXBTC15M-26OCT050100-00,0.0050,512.00,yes
2026-10-05T04:58:49.481383Z,KXBTC15M-26OCT050100-00,0.0050,120.00,yes
2026-10-05T04:58:49.481383Z,KXBTC15M-26OCT050100-00,0.0050,2.72,yes
2026-10-05T04:58:49.481383Z,KXBTC15M-26OCT050100-00,0.0050,3.52,yes
2026-10-05T04:58:49.481383Z,KXBTC15M-26OCT050100-00,0.0050,11.80,yes
2026-10-05T04:58:49.481383Z,KXBTC15M-26OCT050100-00,0.0050,432.02,yes
2026-10-05T04:58:49.481383Z,KXBTC15M-26OCT050100-00,0.0050,100.00,yes
2026-10-05T04:58:49.481383Z,KXBTC15M-26OCT050100-00,0.0050,10.35,yes
2026-10-05T04:58:49.481383Z,KXBTC15M-26OCT050100-00,0.0050,528.96,yes
2026-10-05T04:58:49.481383Z,KXBTC15M-26OCT050100-00,0.0050,3141.00,yes
2026-10-05T04:58:49.481383Z,KXBTC15M-26OCT050100-00,0.0050,426.33,yes
2026-10-05T04:58:49.481383Z,KXBTC15M-26OCT050100-00,0.0050,799.41,yes
2026-10-05T04:58:49.481383Z,KXBTC15M-26OCT050100-00,0.0050,11.22,yes
2026-10-05T04:58:49.580235Z,KXBTC15M-26OCT050100-00,0.0060,52.43,yes
2026-10-05T04:58:49.65716Z,KXBTC15M-26OCT050100-00,0.0060,1.00,yes
2026-10-05T04:58:49.678543Z,KXBTC15M-26OCT050100-00,0.0060,538.49,yes
2026-10-05T04:58:49.714322Z,KXBTC15M-26OCT050100-00,0.0050,0.01,no
2026-10-05T04:58:49.714322Z,KXBTC15M-26OCT050100-00,0.0050,100.00,no
2026-10-05T04:58:49.714322Z,KXBTC15M-26OCT050100-00,0.0040,122.58,no
2026-10-05T04:58:49.714322Z,KXBTC15M-26OCT050100-00,0.0050,400.00,no
2026-10-05T04:58:49.714322Z,KXBTC15M-26OCT050100-00,0.0040,17.00,no
2026-10-05T04:58:49.714322Z,KXBTC15M-26OCT050100-00,0.0050,0.01,no
2026-10-05T04:58:49.714322Z,KXBTC15M-26OCT050100-00,0.0050,22.00,no
2026-10-05T04:58:49.782042Z,KXBTC15M-26OCT050100-00,0.0040,25.07,no
2026-10-05T04:58:49.93347Z,KXBTC15M-26OCT050100-00,0.0040,2993.35,no
2026-10-05T04:58:49.93347Z,KXBTC15M-26OCT050100-00,0.0040,200.00,no
2026-10-05T04:58:49.93347Z,KXBTC15M-26OCT050100-00,0.0040,17.00,no
2026-10-05T04:58:49.93347Z,KXBTC15M-26OCT050100-00,0.0040,20.00,no
2026-10-05T04:58:49.93347Z,KXBTC15M-26OCT050100-00,0.0040,297.65,no
2026-10-05T04:58:49.980906Z,KXBTC15M-26OCT050100-00,0.0040,78.49,no
2026-10-05T04:58:49.981893Z,KXBTC15M-26OCT050100-00,0.0040,15.04,no
2026-10-05T04:58:49.992784Z,KXBTC15M-26OCT050100-00,0.0050,1228.16,yes
2026-10-05T04:58:49.992784Z,KXBTC15M-26OCT050100-00,0.0050,185.90,yes
2026-10-05T04:58:49.992784Z,KXBTC15M-26OCT050100-00,0.0050,0.01,yes
2026-10-05T04:58:49.992784Z,KXBTC15M-26OCT050100-00,0.0050,0.01,yes
2026-10-05T04:58:49.992784Z,KXBTC15M-26OCT050100-00,0.0050,150.00,yes
2026-10-05T04:58:49.992784Z,KXBTC15M-26OCT050100-00,0.0050,150.00,yes
2026-10-05T04:58:49.998696Z,KXBTC15M-26OCT050100-00,0.0050,181.18,yes
2026-10-05T04:58:50.03726Z,KXBTC15M-26OCT050100-00,0.0050,12.85,yes
2026-10-05T04:58:50.03726Z,KXBTC15M-26OCT050100-00,0.0050,500.00,yes
2026-10-05T04:58:50.03726Z,KXBTC15M-26OCT050100-00,0.0050,500.00,yes
2026-10-05T04:58:50.045437Z,KXBTC15M-26OCT050100-00,0.0050,155.83,yes
2026-10-05T04:58:50.079694Z,KXBTC15M-26OCT050100-00,0.0050,500.00,yes
2026-10-05T04:58:50.159635Z,KXBTC15M-26OCT050100-00,0.0040,6.47,no
2026-10-05T04:58:50.159635Z,KXBTC15M-26OCT050100-00,0.0040,0.01,no
2026-10-05T04:58:50.159635Z,KXBTC15M-26OCT050100-00,0.0040,0.01,no
2026-10-05T04:58:50.159635Z,KXBTC15M-26OCT050100-00,0.0040,5.51,no
2026-10-05T04:58:50.272511Z,KXBTC15M-26OCT050100-00,0.0040,0.70,no
2026-10-05T04:58:50.306314Z,KXBTC15M-26OCT050100-00,0.0040,60.22,no
2026-10-05T04:58:50.357434Z,KXBTC15M-26OCT050100-00,0.0040,3.00,no
2026-10-05T04:58:50.379135Z,KXBTC15M-26OCT050100-00,0.0040,164.35,no
2026-10-05T04:58:50.479912Z,KXBTC15M-26OCT050100-00,0.0040,72.28,no
2026-10-05T04:58:50.534167Z,KXBTC15M-26OCT050100-00,0.0050,1.87,yes
2026-10-05T04:58:50.572316Z,KXBTC15M-26OCT050100-00,0.0040,69.25,no
2026-10-05T04:58:50.679238Z,KXBTC15M-26OCT050100-00,0.0040,24.69,no
2026-10-05T04:58:50.679238Z,KXBTC15M-26OCT050100-00,0.0040,20.00,no
2026-10-05T04:58:50.679238Z,KXBTC15M-26OCT050100-00,0.0040,200.00,no
2026-10-05T04:58:50.679238Z,KXBTC15M-26OCT050100-00,0.0040,500.00,no
2026-10-05T04:58:50.679238Z,KXBTC15M-26OCT050100-00,0.0040,0.01,no
2026-10-05T04:58:50.679238Z,KXBTC15M-26OCT050100-00,0.0040,0.01,no
2026-10-05T04:58:50.679238Z,KXBTC15M-26OCT050100-00,0.0040,500.00,no
2026-10-05T04:58:50.679238Z,KXBTC15M-26OCT050100-00,0.0040,100.00,no
2026-10-05T04:58:50.679238Z,KXBTC15M-26OCT050100-00,0.0040,17.00,no
2026-10-05T04:58:50.679238Z,KXBTC15M-26OCT050100-00,0.0040,1688.00,no
2026-10-05T04:58:50.679982Z,KXBTC15M-26OCT050100-00,0.0040,7.37,yes
2026-10-05T04:58:50.725292Z,KXBTC15M-26OCT050100-00,0.0040,0.94,yes
2026-10-05T04:58:50.767622Z,KXBTC15M-26OCT050100-00,0.0040,5.45,yes
2026-10-05T04:58:50.777984Z,KXBTC15M-26OCT050100-00,0.0030,166.66,no
2026-10-05T04:58:50.777984Z,KXBTC15M-26OCT050100-00,0.0030,20.00,no
2026-10-05T04:58:50.777984Z,KXBTC15M-26OCT050100-00,0.0030,26.45,no
2026-10-05T04:58:50.777984Z,KXBTC15M-26OCT050100-00,0.0030,2.00,no
2026-10-05T04:58:50.777984Z,KXBTC15M-26OCT050100-00,0.0030,2.00,no
2026-10-05T04:58:50.777984Z,KXBTC15M-26OCT050100-00,0.0030,834.34,no
2026-10-05T04:58:50.894604Z,KXBTC15M-26OCT050100-00,0.0040,125.68,yes
2026-10-05T04:58:50.912209Z,KXBTC15M-26OCT050100-00,0.0040,128.39,yes
2026-10-05T04:58:50.927949Z,KXBTC15M-26OCT050100-00,0.0030,8.02,no
2026-10-05T04:58:50.973898Z,KXBTC15M-26OCT050100-00,0.0040,1111.00,yes
2026-10-05T04:58:50.993197Z,KXBTC15M-26OCT050100-00,0.0030,171.15,no
2026-10-05T04:58:51.048733Z,KXBTC15M-26OCT050100-00,0.0040,34.34,yes
2026-10-05T04:58:51.109164Z,KXBTC15M-26OCT050100-00,0.0040,23.37,yes
2026-10-05T04:58:51.119401Z,KXBTC15M-26OCT050100-00,0.0040,934.89,yes
2026-10-05T04:58:51.368589Z,KXBTC15M-26OCT050100-00,0.0030,0.43,no
2026-10-05T04:58:51.475008Z,KXBTC15M-26OCT050100-00,0.0030,5.01,no
2026-10-05T04:58:51.489444Z,KXBTC15M-26OCT050100-00,0.0040,2.02,yes
2026-10-05T04:58:51.549523Z,KXBTC15M-26OCT050100-00,0.0040,23.37,yes
2026-10-05T04:58:51.557505Z,KXBTC15M-26OCT050100-00,0.0040,3.88,yes
2026-10-05T04:58:51.566926Z,KXBTC15M-26OCT050100-00,0.0030,13.45,no
2026-10-05T04:58:51.568595Z,KXBTC15M-26OCT050100-00,0.0040,186.97,yes
2026-10-05T04:58:51.64178Z,KXBTC15M-26OCT050100-00,0.0030,25.49,no
2026-10-05T04:58:51.64178Z,KXBTC15M-26OCT050100-00,0.0030,20.00,no
2026-10-05T04:58:51.64178Z,KXBTC15M-26OCT050100-00,0.0030,1.94,no
2026-10-05T04:58:51.686613Z,KXBTC15M-26OCT050100-00,0.0040,103.37,yes
2026-10-05T04:58:51.689955Z,KXBTC15M-26OCT050100-00,0.0040,42.53,yes
2026-10-05T04:58:51.804548Z,KXBTC15M-26OCT050100-00,0.0030,1.94,no
2026-10-05T04:58:51.804548Z,KXBTC15M-26OCT050100-00,0.0030,1228.98,no
2026-10-05T04:58:51.804548Z,KXBTC15M-26OCT050100-00,0.0030,250.00,no
2026-10-05T04:58:51.804548Z,KXBTC15M-26OCT050100-00,0.0030,100.00,no
2026-10-05T04:58:51.804548Z,KXBTC15M-26OCT050100-00,0.0030,0.01,no
2026-10-05T04:58:51.804548Z,KXBTC15M-26OCT050100-00,0.0030,23.06,no
2026-10-05T04:58:51.804548Z,KXBTC15M-26OCT050100-00,0.0030,400.00,no
2026-10-05T04:58:51.804548Z,KXBTC15M-26OCT050100-00,0.0030,0.01,no
2026-10-05T04:58:51.829768Z,KXBTC15M-26OCT050100-00,0.0040,114.53,yes
2026-10-05T04:58:51.880777Z,KXBTC15M-26OCT050100-00,0.0040,204.10,yes
2026-10-05T04:58:51.970048Z,KXBTC15M-26OCT050100-00,0.0040,1.00,yes
2026-10-05T04:58:51.985387Z,KXBTC15M-26OCT050100-00,0.0040,7.16,yes
2026-10-05T04:58:52.061667Z,KXBTC15M-26OCT050100-00,0.0040,111.50,yes
2026-10-05T04:58:52.111856Z,KXBTC15M-26OCT050100-00,0.0040,229.04,yes
2026-10-05T04:58:52.207936Z,KXBTC15M-26OCT050100-00,0.0040,39.83,yes
2026-10-05T04:58:52.353588Z,KXBTC15M-26OCT050100-00,0.0030,0.15,no
2026-10-05T04:58:52.370742Z,KXBTC15M-26OCT050100-00,0.0040,0.28,yes
2026-10-05T04:58:52.380065Z,KXBTC15M-26OCT050100-00,0.0040,374.88,yes
2026-10-05T04:58:52.48372Z,KXBTC15M-26OCT050100-00,0.0030,29.40,no
2026-10-05T04:58:52.490086Z,KXBTC15M-26OCT050100-00,0.0040,55.16,yes
2026-10-05T04:58:52.501718Z,KXBTC15M-26OCT050100-00,0.0030,150.41,no
2026-10-05T04:58:52.583051Z,KXBTC15M-26OCT050100-00,0.0030,70.09,no
2026-10-05T04:58:52.705769Z,KXBTC15M-26OCT050100-00,0.0040,25.16,yes
2026-10-05T04:58:52.770987Z,KXBTC15M-26OCT050100-00,0.0030,106.99,no
2026-10-05T04:58:52.908053Z,KXBTC15M-26OCT050100-00,0.0040,179.49,yes
2026-10-05T04:58:52.960943Z,KXBTC15M-26OCT050100-00,0.0030,110.31,no
2026-10-05T04:58:52.963992Z,KXBTC15M-26OCT050100-00,0.0040,67.09,yes
2026-10-05T04:58:52.991902Z,KXBTC15M-26OCT050100-00,0.0040,114.53,yes
2026-10-05T04:58:52.993347Z,KXBTC15M-26OCT050100-00,0.0040,7.95,yes
2026-10-05T04:58:53.078396Z,KXBTC15M-26OCT050100-00,0.0040,64.32,yes
2026-10-05T04:58:53.150047Z,KXBTC15M-26OCT050100-00,0.0030,250.00,no
2026-10-05T04:58:53.150047Z,KXBTC15M-26OCT050100-00,0.0030,25.00,no
2026-10-05T04:58:53.150047Z,KXBTC15M-26OCT050100-00,0.0030,0.01,no
2026-10-05T04:58:53.150047Z,KXBTC15M-26OCT050100-00,0.0030,0.01,no
2026-10-05T04:58:53.150047Z,KXBTC15M-26OCT050100-00,0.0030,2053.67,no
2026-10-05T04:58:53.150047Z,KXBTC15M-26OCT050100-00,0.0030,200.00,no
2026-10-05T04:58:53.150047Z,KXBTC15M-26OCT050100-00,0.0030,400.00,no
2026-10-05T04:58:53.150047Z,KXBTC15M-26OCT050100-00,0.0020,1983.30,no
2026-10-05T04:58:53.15584Z,KXBTC15M-26OCT050100-00,0.0040,18.47,yes
2026-10-05T04:58:53.158775Z,KXBTC15M-26OCT050100-00,0.0030,25.00,no
2026-10-05T04:58:53.217803Z,KXBTC15M-26OCT050100-00,0.0030,10.47,yes
2026-10-05T04:58:53.222847Z,KXBTC15M-26OCT050100-00,0.0030,1168.54,yes
2026-10-05T04:58:53.315073Z,KXBTC15M-26OCT050100-00,0.0020,364.58,no
2026-10-05T04:58:53.318935Z,KXBTC15M-26OCT050100-00,0.0020,16.21,no
2026-10-05T04:58:53.323613Z,KXBTC15M-26OCT050100-00,0.0030,20.00,yes
2026-10-05T04:58:53.323613Z,KXBTC15M-26OCT050100-00,0.0030,20.00,yes
2026-10-05T04:58:53.323613Z,KXBTC15M-26OCT050100-00,0.0030,2.06,yes
2026-10-05T04:58:53.323613Z,KXBTC15M-26OCT050100-00,0.0030,0.01,yes
2026-10-05T04:58:53.323613Z,KXBTC15M-26OCT050100-00,0.0030,768.99,yes
2026-10-05T04:58:53.323613Z,KXBTC15M-26OCT050100-00,0.0030,0.01,yes
2026-10-05T04:58:53.323613Z,KXBTC15M-26OCT050100-00,0.0030,1526.00,yes
2026-10-05T04:58:53.341215Z,KXBTC15M-26OCT050100-00,0.0020,41.25,no
2026-10-05T04:58:53.357135Z,KXBTC15M-26OCT050100-00,0.0020,1383.70,no
2026-10-05T04:58:53.452384Z,KXBTC15M-26OCT050100-00,0.0030,62.36,yes
2026-10-05T04:58:53.453823Z,KXBTC15M-26OCT050100-00,0.0030,347.82,yes
2026-10-05T04:58:53.453823Z,KXBTC15M-26OCT050100-00,0.0030,1989.25,yes
2026-10-05T04:58:53.500555Z,KXBTC15M-26OCT050100-00,0.0020,4000.00,no
2026-10-05T04:58:53.585059Z,KXBTC15M-26OCT050100-00,0.0030,68.60,yes
2026-10-05T04:58:53.585059Z,KXBTC15M-26OCT050100-00,0.0030,0.01,yes
2026-10-05T04:58:53.585059Z,KXBTC15M-26OCT050100-00,0.0030,41.00,yes
2026-10-05T04:58:53.585059Z,KXBTC15M-26OCT050100-00,0.0030,17.18,yes
2026-10-05T04:58:53.585059Z,KXBTC15M-26OCT050100-00,0.0030,1384.00,yes
2026-10-05T04:58:53.585059Z,KXBTC15M-26OCT050100-00,0.0030,16.00,yes
2026-10-05T04:58:53.585059Z,KXBTC15M-26OCT050100-00,0.0030,0.01,yes
2026-10-05T04:58:53.612961Z,KXBTC15M-26OCT050100-00,0.0020,389.04,no
2026-10-05T04:58:53.612961Z,KXBTC15M-26OCT050100-00,0.0020,210.96,no
2026-10-05T04:58:53.666482Z,KXBTC15M-26OCT050100-00,0.0020,111.27,no
2026-10-05T04:58:53.680624Z,KXBTC15M-26OCT050100-00,0.0030,30.53,yes
2026-10-05T04:58:53.762308Z,KXBTC15M-26OCT050100-00,0.0030,30.53,yes
2026-10-05T04:58:53.870968Z,KXBTC15M-26OCT050100-00,0.0030,240.86,yes
2026-10-05T04:58:53.899729Z,KXBTC15M-26OCT050100-00,0.0030,305.35,yes
2026-10-05T04:58:53.933388Z,KXBTC15M-26OCT050100-00,0.0030,553.11,yes
2026-10-05T04:58:53.933388Z,KXBTC15M-26OCT050100-00,0.0030,942.53,yes
2026-10-05T04:58:53.959917Z,KXBTC15M-26OCT050100-00,0.0030,460.00,yes
2026-10-05T04:58:53.998462Z,KXBTC15M-26OCT050100-00,0.0030,255.07,yes
2026-10-05T04:58:54.163598Z,KXBTC15M-26OCT050100-00,0.0030,1.01,yes
2026-10-05T04:58:54.190495Z,KXBTC15M-26OCT050100-00,0.0030,1000.00,yes
2026-10-05T04:58:54.247869Z,KXBTC15M-26OCT050100-00,0.0030,3.29,yes
2026-10-05T04:58:54.263729Z,KXBTC15M-26OCT050100-00,0.0030,82.82,yes
2026-10-05T04:58:54.316519Z,KXBTC15M-26OCT050100-00,0.0030,311.59,yes
2026-10-05T04:58:54.396299Z,KXBTC15M-26OCT050100-00,0.0030,45.82,yes
2026-10-05T04:58:54.409639Z,KXBTC15M-26OCT050100-00,0.0030,317.81,yes
2026-10-05T04:58:54.421271Z,KXBTC15M-26OCT050100-00,0.0030,61.84,yes
2026-10-05T04:58:54.467534Z,KXBTC15M-26OCT050100-00,0.0020,1001.86,no
2026-10-05T04:58:54.47754Z,KXBTC15M-26OCT050100-00,0.0030,305.35,yes
2026-10-05T04:58:54.516444Z,KXBTC15M-26OCT050100-00,0.0030,132.40,yes
2026-10-05T04:58:54.523155Z,KXBTC15M-26OCT050100-00,0.0020,8.55,no
2026-10-05T04:58:54.563986Z,KXBTC15M-26OCT050100-00,0.0030,0.01,yes
2026-10-05T04:58:54.563986Z,KXBTC15M-26OCT050100-00,0.0030,83.19,yes
2026-10-05T04:58:54.563986Z,KXBTC15M-26OCT050100-00,0.0030,80.47,yes
2026-10-05T04:58:54.563986Z,KXBTC15M-26OCT050100-00,0.0030,0.01,yes
2026-10-05T04:58:54.622503Z,KXBTC15M-26OCT050100-00,0.0020,10.01,no
2026-10-05T04:58:54.747459Z,KXBTC15M-26OCT050100-00,0.0020,5.90,no
2026-10-05T04:58:54.748009Z,KXBTC15M-26OCT050100-00,0.0020,7671.56,no
2026-10-05T04:58:54.830699Z,KXBTC15M-26OCT050100-00,0.0030,94.58,yes
2026-10-05T04:58:54.923629Z,KXBTC15M-26OCT050100-00,0.0030,88.93,yes
2026-10-05T04:58:54.923629Z,KXBTC15M-26OCT050100-00,0.0030,389.04,yes
2026-10-05T04:58:54.923629Z,KXBTC15M-26OCT050100-00,0.0030,209.80,yes
2026-10-05T04:58:54.923629Z,KXBTC15M-26OCT050100-00,0.0030,33.23,yes
2026-10-05T04:58:55.016385Z,KXBTC15M-26OCT050100-00,0.0030,3.19,yes
2026-10-05T04:58:55.032196Z,KXBTC15M-26OCT050100-00,0.0020,51.69,no
2026-10-05T04:58:55.05739Z,KXBTC15M-26OCT050100-00,0.0030,7.57,yes
2026-10-05T04:58:55.096589Z,KXBTC15M-26OCT050100-00,0.0030,11.58,yes
2026-10-05T04:58:55.096589Z,KXBTC15M-26OCT050100-00,0.0030,0.15,yes
2026-10-05T04:58:55.096589Z,KXBTC15M-26OCT050100-00,0.0030,106.99,yes
2026-10-05T04:58:55.096589Z,KXBTC15M-26OCT050100-00,0.0030,150.41,yes
2026-10-05T04:58:55.096589Z,KXBTC15M-26OCT050100-00,0.0030,0.01,yes
2026-10-05T04:58:55.096589Z,KXBTC15M-26OCT050100-00,0.0030,5.90,yes
2026-10-05T04:58:55.096589Z,KXBTC15M-26OCT050100-00,0.0030,8.55,yes
2026-10-05T04:58:55.096589Z,KXBTC15M-26OCT050100-00,0.0030,0.01,yes
2026-10-05T04:58:55.096589Z,KXBTC15M-26OCT050100-00,0.0030,10.01,yes
2026-10-05T04:58:55.096589Z,KXBTC15M-26OCT050100-00,0.0030,4162.13,yes
2026-10-05T04:58:55.096589Z,KXBTC15M-26OCT050100-00,0.0030,1001.86,yes
2026-10-05T04:58:55.113329Z,KXBTC15M-26OCT050100-00,0.0020,0.08,no
2026-10-05T04:58:55.147341Z,KXBTC15M-26OCT050100-00,0.0030,30.53,yes
2026-10-05T04:58:55.177388Z,KXBTC15M-26OCT050100-00,0.0030,30.53,yes
2026-10-05T04:58:55.205431Z,KXBTC15M-26OCT050100-00,0.0030,43.04,yes
2026-10-05T04:58:55.316498Z,KXBTC15M-26OCT050100-00,0.0030,934.76,yes
2026-10-05T04:58:55.375721Z,KXBTC15M-26OCT050100-00,0.0030,198.60,yes
2026-10-05T04:58:55.381888Z,KXBTC15M-26OCT050100-00,0.0020,3625.04,no
2026-10-05T04:58:55.417738Z,KXBTC15M-26OCT050100-00,0.0020,11.11,no
2026-10-05T04:58:55.419976Z,KXBTC15M-26OCT050100-00,0.0030,934.76,yes
2026-10-05T04:58:55.469542Z,KXBTC15M-26OCT050100-00,0.0030,44.74,yes
2026-10-05T04:58:55.472124Z,KXBTC15M-26OCT050100-00,0.0030,610.72,yes
2026-10-05T04:58:55.474715Z,KXBTC15M-26OCT050100-00,0.0030,201.32,yes
2026-10-05T04:58:55.474715Z,KXBTC15M-26OCT050100-00,0.0030,51.69,yes
2026-10-05T04:58:55.474715Z,KXBTC15M-26OCT050100-00,0.0030,681.75,yes
2026-10-05T04:58:55.508241Z,KXBTC15M-26OCT050100-00,0.0020,100.18,no
2026-10-05T04:58:55.61515Z,KXBTC15M-26OCT050100-00,0.0030,10.96,yes
2026-10-05T04:58:55.697185Z,KXBTC15M-26OCT050100-00,0.0030,94.42,yes
2026-10-05T04:58:55.731547Z,KXBTC15M-26OCT050100-00,0.0030,305.35,yes
2026-10-05T04:58:55.795861Z,KXBTC15M-26OCT050100-00,0.0030,0.01,yes
2026-10-05T04:58:55.800775Z,KXBTC15M-26OCT050100-00,0.0020,25.77,no
2026-10-05T04:58:55.833739Z,KXBTC15M-26OCT050100-00,0.0020,5.00,no
2026-10-05T04:58:55.921448Z,KXBTC15M-26OCT050100-00,0.0030,14.43,yes
2026-10-05T04:58:55.929129Z,KXBTC15M-26OCT050100-00,0.0020,1198.31,no
2026-10-05T04:58:55.935304Z,KXBTC15M-26OCT050100-00,0.0020,35.72,no
2026-10-05T04:58:55.998237Z,KXBTC15M-26OCT050100-00,0.0030,141.47,yes
2026-10-05T04:58:56.019461Z,KXBTC15M-26OCT050100-00,0.0030,21.37,yes
2026-10-05T04:58:56.023104Z,KXBTC15M-26OCT050100-00,0.0020,90.16,no
2026-10-05T04:58:56.054273Z,KXBTC15M-26OCT050100-00,0.0020,647.54,no
2026-10-05T04:58:56.165344Z,KXBTC15M-26OCT050100-00,0.0020,0.10,no
2026-10-05T04:58:56.236867Z,KXBTC15M-26OCT050100-00,0.0020,28.94,no
2026-10-05T04:58:56.273554Z,KXBTC15M-26OCT050100-00,0.0030,0.08,yes
2026-10-05T04:58:56.273554Z,KXBTC15M-26OCT050100-00,0.0030,77.90,yes
2026-10-05T04:58:56.273554Z,KXBTC15M-26OCT050100-00,0.0030,0.01,yes
2026-10-05T04:58:56.273554Z,KXBTC15M-26OCT050100-00,0.0030,0.01,yes
2026-10-05T04:58:56.343631Z,KXBTC15M-26OCT050100-00,0.0030,760.00,yes
2026-10-05T04:58:56.561506Z,KXBTC15M-26OCT050100-00,0.0030,155.79,yes
2026-10-05T04:58:56.567709Z,KXBTC15M-26OCT050100-00,0.0020,45.00,no
2026-10-05T04:58:56.57976Z,KXBTC15M-26OCT050100-00,0.0020,993.23,no
2026-10-05T04:58:56.629391Z,KXBTC15M-26OCT050100-00,0.0030,305.35,yes
2026-10-05T04:58:56.669628Z,KXBTC15M-26OCT050100-00,0.0020,800.00,no
2026-10-05T04:58:56.769598Z,KXBTC15M-26OCT050100-00,0.0020,18.86,no
2026-10-05T04:58:56.771827Z,KXBTC15M-26OCT050100-00,0.0030,305.35,yes
2026-10-05T04:58:56.839546Z,KXBTC15M-26OCT050100-00,0.0020,7.97,no
2026-10-05T04:58:56.884272Z,KXBTC15M-26OCT050100-00,0.0020,58.00,no
2026-10-05T04:58:56.892646Z,KXBTC15M-26OCT050100-00,0.0030,176.58,yes
2026-10-05T04:58:56.941598Z,KXBTC15M-26OCT050100-00,0.0030,305.35,yes
2026-10-05T04:58:56.948288Z,KXBTC15M-26OCT050100-00,0.0030,27.24,yes
2026-10-05T04:58:56.985124Z,KXBTC15M-26OCT050100-00,0.0020,11.80,no
2026-10-05T04:58:56.999899Z,KXBTC15M-26OCT050100-00,0.0030,6.36,yes
2026-10-05T04:58:57.089615Z,KXBTC15M-26OCT050100-00,0.0030,151.79,yes
2026-10-05T04:58:57.093415Z,KXBTC15M-26OCT050100-00,0.0030,14.39,yes
2026-10-05T04:58:57.225614Z,KXBTC15M-26OCT050100-00,0.0030,22.50,yes
2026-10-05T04:58:57.275178Z,KXBTC15M-26OCT050100-00,0.0020,55.04,no
2026-10-05T04:58:57.276449Z,KXBTC15M-26OCT050100-00,0.0030,152.41,yes
2026-10-05T04:58:57.307186Z,KXBTC15M-26OCT050100-00,0.0030,50.00,yes
2026-10-05T04:58:57.307391Z,KXBTC15M-26OCT050100-00,0.0020,24.90,no
2026-10-05T04:58:57.315313Z,KXBTC15M-26OCT050100-00,0.0030,5.05,yes
2026-10-05T04:58:57.422307Z,KXBTC15M-26OCT050100-00,0.0020,250.00,no
2026-10-05T04:58:57.495085Z,KXBTC15M-26OCT050100-00,0.0030,46.06,yes
2026-10-05T04:58:57.514438Z,KXBTC15M-26OCT050100-00,0.0020,505.58,no
2026-10-05T04:58:57.529971Z,KXBTC15M-26OCT050100-00,0.0030,197.04,yes
2026-10-05T04:58:57.535518Z,KXBTC15M-26OCT050100-00,0.0020,85.02,no
2026-10-05T04:58:57.554572Z,KXBTC15M-26OCT050100-00,0.0030,305.35,yes
2026-10-05T04:58:57.594524Z,KXBTC15M-26OCT050100-00,0.0030,181.00,yes
2026-10-05T04:58:57.597011Z,KXBTC15M-26OCT050100-00,0.0030,302.50,yes
2026-10-05T04:58:57.622214Z,KXBTC15M-26OCT050100-00,0.0030,25.77,yes
2026-10-05T04:58:57.622214Z,KXBTC15M-26OCT050100-00,0.0030,11.11,yes
2026-10-05T04:58:57.622214Z,KXBTC15M-26OCT050100-00,0.0030,649.01,yes
2026-10-05T04:58:57.622214Z,KXBTC15M-26OCT050100-00,0.0030,154.93,yes
2026-10-05T04:58:57.622214Z,KXBTC15M-26OCT050100-00,0.0030,100.18,yes
2026-10-05T04:58:57.622214Z,KXBTC15M-26OCT050100-00,0.0030,5.00,yes
2026-10-05T04:58:57.748413Z,KXBTC15M-26OCT050100-00,0.0030,32.73,yes
2026-10-05T04:58:57.826395Z,KXBTC15M-26OCT050100-00,0.0030,5.07,yes
2026-10-05T04:58:57.954375Z,KXBTC15M-26OCT050100-00,0.0020,5.00,no
2026-10-05T04:58:57.984228Z,KXBTC15M-26OCT050100-00,0.0030,8.03,yes
2026-10-05T04:58:58.057712Z,KXBTC15M-26OCT050100-00,0.0030,2.61,yes
2026-10-05T04:58:58.162335Z,KXBTC15M-26OCT050100-00,0.0020,20.00,no
2026-10-05T04:58:58.258164Z,KXBTC15M-26OCT050100-00,0.0020,20.03,no
2026-10-05T04:58:58.373015Z,KXBTC15M-26OCT050100-00,0.0030,305.35,yes
2026-10-05T04:58:58.398878Z,KXBTC15M-26OCT050100-00,0.0020,2.00,no
2026-10-05T04:58:58.436165Z,KXBTC15M-26OCT050100-00,0.0030,195.51,yes
2026-10-05T04:58:58.436165Z,KXBTC15M-26OCT050100-00,0.0030,35.72,yes
2026-10-05T04:58:58.436165Z,KXBTC15M-26OCT050100-00,0.0030,90.16,yes
2026-10-05T04:58:58.436165Z,KXBTC15M-26OCT050100-00,0.0030,633.13,yes
2026-10-05T04:58:58.438149Z,KXBTC15M-26OCT050100-00,0.0030,5.50,yes
2026-10-05T04:58:58.531079Z,KXBTC15M-26OCT050100-00,0.0020,925.85,no
2026-10-05T04:58:58.531079Z,KXBTC15M-26OCT050100-00,0.0020,2079.74,no
2026-10-05T04:58:58.576744Z,KXBTC15M-26OCT050100-00,0.0030,45.00,yes
2026-10-05T04:58:58.576744Z,KXBTC15M-26OCT050100-00,0.0030,8.91,yes
2026-10-05T04:58:58.576744Z,KXBTC15M-26OCT050100-00,0.0030,0.01,yes
2026-10-05T04:58:58.576744Z,KXBTC15M-26OCT050100-00,0.0030,28.94,yes
2026-10-05T04:58:58.576744Z,KXBTC15M-26OCT050100-00,0.0030,107.22,yes
2026-10-05T04:58:58.576744Z,KXBTC15M-26OCT050100-00,0.0030,0.10,yes
2026-10-05T04:58:58.576744Z,KXBTC15M-26OCT050100-00,0.0030,0.01,yes
2026-10-05T04:58:58.608239Z,KXBTC15M-26OCT050100-00,0.0030,305.35,yes
2026-10-05T04:58:58.627657Z,KXBTC15M-26OCT050100-00,0.0020,71.34,no
2026-10-05T04:58:58.644357Z,KXBTC15M-26OCT050100-00,0.0030,58.03,yes
2026-10-05T04:58:58.708747Z,KXBTC15M-26OCT050100-00,0.0030,200.00,yes
2026-10-05T04:58:58.776572Z,KXBTC15M-26OCT050100-00,0.0030,0.02,yes
2026-10-05T04:58:58.77722Z,KXBTC15M-26OCT050100-00,0.0050,1140.00,yes
2026-10-05T04:58:58.77722Z,KXBTC15M-26OCT050100-00,0.0050,2647.00,yes
2026-10-05T04:58:58.77722Z,KXBTC15M-26OCT050100-00,0.0040,250.00,yes
2026-10-05T04:58:58.77722Z,KXBTC15M-26OCT050100-00,0.0040,253.00,yes
2026-10-05T04:58:58.77722Z,KXBTC15M-26OCT050100-00,0.0070,618.30,yes
2026-10-05T04:58:58.77722Z,KXBTC15M-26OCT050100-00,0.0040,171.15,yes
2026-10-05T04:58:58.77722Z,KXBTC15M-26OCT050100-00,0.0050,29.79,yes
2026-10-05T04:58:58.77722Z,KXBTC15M-26OCT050100-00,0.0040,25.49,yes
2026-10-05T04:58:58.77722Z,KXBTC15M-26OCT050100-00,0.0040,13.45,yes
2026-10-05T04:58:58.77722Z,KXBTC15M-26OCT050100-00,0.0040,250.00,yes
2026-10-05T04:58:58.77722Z,KXBTC15M-26OCT050100-00,0.0040,5.01,yes
2026-10-05T04:58:58.77722Z,KXBTC15M-26OCT050100-00,0.0040,0.43,yes
2026-10-05T04:58:58.77722Z,KXBTC15M-26OCT050100-00,0.0040,26.45,yes
2026-10-05T04:58:58.77722Z,KXBTC15M-26OCT050100-00,0.0040,8.02,yes
2026-10-05T04:58:58.77722Z,KXBTC15M-26OCT050100-00,0.0040,2430.23,yes
2026-10-05T04:58:58.77722Z,KXBTC15M-26OCT050100-00,0.0030,938.18,yes
2026-10-05T04:58:58.77722Z,KXBTC15M-26OCT050100-00,0.0030,55.04,yes
2026-10-05T04:58:58.77722Z,KXBTC15M-26OCT050100-00,0.0030,250.00,yes
2026-10-05T04:58:58.77722Z,KXBTC15M-26OCT050100-00,0.0030,5.00,yes
2026-10-05T04:58:58.77722Z,KXBTC15M-26OCT050100-00,0.0030,85.02,yes
2026-10-05T04:58:58.77722Z,KXBTC15M-26OCT050100-00,0.0030,250.00,yes
2026-10-05T04:58:58.77722Z,KXBTC15M-26OCT050100-00,0.0030,3.00,yes
2026-10-05T04:58:58.77722Z,KXBTC15M-26OCT050100-00,0.0030,505.58,yes
2026-10-05T04:58:58.77722Z,KXBTC15M-26OCT050100-00,0.0030,24.90,yes
2026-10-05T04:58:58.77722Z,KXBTC15M-26OCT050100-00,0.0050,8759.00,yes
2026-10-05T04:58:58.77722Z,KXBTC15M-26OCT050100-00,0.0040,1078.00,yes
2026-10-05T04:58:58.77722Z,KXBTC15M-26OCT050100-00,0.0030,800.00,yes
2026-10-05T04:58:58.77722Z,KXBTC15M-26OCT050100-00,0.0030,18.86,yes
2026-10-05T04:58:58.77722Z,KXBTC15M-26OCT050100-00,0.0030,322.61,yes
2026-10-05T04:58:58.77722Z,KXBTC15M-26OCT050100-00,0.0030,11.80,yes
2026-10-05T04:58:58.77722Z,KXBTC15M-26OCT050100-00,0.0030,7.97,yes
2026-10-05T04:58:58.77722Z,KXBTC15M-26OCT050100-00,0.0030,58.00,yes
2026-10-05T04:58:58.77722Z,KXBTC15M-26OCT050100-00,0.0030,71.34,yes
2026-10-05T04:58:58.77722Z,KXBTC15M-26OCT050100-00,0.0030,2.00,yes
2026-10-05T04:58:58.77722Z,KXBTC15M-26OCT050100-00,0.0030,20.00,yes
2026-10-05T04:58:58.77722Z,KXBTC15M-26OCT050100-00,0.0030,20.03,yes
2026-10-05T04:58:58.77722Z,KXBTC15M-26OCT050100-00,0.0030,100.00,yes
2026-10-05T04:58:58.77722Z,KXBTC15M-26OCT050100-00,0.0030,2079.74,yes
2026-10-05T04:58:58.77722Z,KXBTC15M-26OCT050100-00,0.0030,925.85,yes
2026-10-05T04:58:58.77722Z,KXBTC15M-26OCT050100-00,0.0030,0.01,yes
2026-10-05T04:58:58.77722Z,KXBTC15M-26OCT050100-00,0.0060,11.81,yes
2026-10-05T04:58:58.77722Z,KXBTC15M-26OCT050100-00,0.0060,3.58,yes
2026-10-05T04:58:58.77722Z,KXBTC15M-26OCT050100-00,0.0060,30.94,yes
2026-10-05T04:58:58.77722Z,KXBTC15M-26OCT050100-00,0.0060,32.78,yes
2026-10-05T04:58:58.77722Z,KXBTC15M-26OCT050100-00,0.0060,105.91,yes
2026-10-05T04:58:58.77722Z,KXBTC15M-26OCT050100-00,0.0060,190.97,yes
2026-10-05T04:58:58.77722Z,KXBTC15M-26OCT050100-00,0.0060,779.10,yes
2026-10-05T04:58:58.77722Z,KXBTC15M-26OCT050100-00,0.0070,120.00,yes
2026-10-05T04:58:58.77722Z,KXBTC15M-26OCT050100-00,0.0070,1280.00,yes
2026-10-05T04:58:58.77722Z,KXBTC15M-26OCT050100-00,0.0060,3.00,yes
2026-10-05T04:58:58.77722Z,KXBTC15M-26OCT050100-00,0.0060,44.56,yes
2026-10-05T04:58:58.77722Z,KXBTC15M-26OCT050100-00,0.0060,50.00,yes
2026-10-05T04:58:58.77722Z,KXBTC15M-26OCT050100-00,0.0060,164.25,yes
2026-10-05T04:58:58.77722Z,KXBTC15M-26OCT050100-00,0.0060,240.72,yes
2026-10-05T04:58:58.77722Z,KXBTC15M-26OCT050100-00,0.0060,47.78,yes
2026-10-05T04:58:58.77722Z,KXBTC15M-26OCT050100-00,0.0060,14.35,yes
2026-10-05T04:58:58.77722Z,KXBTC15M-26OCT050100-00,0.0060,120.00,yes
2026-10-05T04:58:58.77722Z,KXBTC15M-26OCT050100-00,0.0060,23.58,yes
2026-10-05T04:58:58.77722Z,KXBTC15M-26OCT050100-00,0.0060,8.55,yes
2026-10-05T04:58:58.77722Z,KXBTC15M-26OCT050100-00,0.0060,1024.00,yes
2026-10-05T04:58:58.77722Z,KXBTC15M-26OCT050100-00,0.0060,115.53,yes
2026-10-05T04:58:58.77722Z,KXBTC15M-26OCT050100-00,0.0060,14.76,yes
2026-10-05T04:58:58.77722Z,KXBTC15M-26OCT050100-00,0.0030,127.00,yes
2026-10-05T04:58:58.77722Z,KXBTC15M-26OCT050100-00,0.0070,2065.55,yes
2026-10-05T04:58:58.786438Z,KXBTC15M-26OCT050100-00,0.0030,0.01,yes
2026-10-05T04:58:58.786438Z,KXBTC15M-26OCT050100-00,0.0050,0.17,yes
2026-10-05T04:58:58.79009Z,KXBTC15M-26OCT050100-00,0.0030,0.01,yes
2026-10-05T04:58:58.79009Z,KXBTC15M-26OCT050100-00,0.0050,16.83,yes
2026-10-05T04:58:58.79009Z,KXBTC15M-26OCT050100-00,0.0060,17.00,yes
2026-10-05T04:58:58.799611Z,KXBTC15M-26OCT050100-00,0.0050,1301.99,yes
2026-10-05T04:58:58.799611Z,KXBTC15M-26OCT050100-00,0.0050,17.00,yes
2026-10-05T04:58:58.799611Z,KXBTC15M-26OCT050100-00,0.0050,0.01,yes
2026-10-05T04:58:58.799648Z,KXBTC15M-26OCT050100-00,0.0050,2.64,yes
2026-10-05T04:58:58.803118Z,KXBTC15M-26OCT050100-00,0.0050,16.65,yes
2026-10-05T04:58:58.803732Z,KXBTC15M-26OCT050100-00,0.0050,17.00,yes
2026-10-05T04:58:58.811072Z,KXBTC15M-26OCT050100-00,0.0030,25.00,no
2026-10-05T04:58:58.811072Z,KXBTC15M-26OCT050100-00,0.0040,500.00,no
2026-10-05T04:58:58.811072Z,KXBTC15M-26OCT050100-00,0.0040,3141.00,no
2026-10-05T04:58:58.811072Z,KXBTC15M-26OCT050100-00,0.0040,0.01,no
2026-10-05T04:58:58.811072Z,KXBTC15M-26OCT050100-00,0.0040,0.01,no
2026-10-05T04:58:58.811072Z,KXBTC15M-26OCT050100-00,0.0040,500.00,no
2026-10-05T04:58:58.811072Z,KXBTC15M-26OCT050100-00,0.0030,482.73,no
2026-10-05T04:58:58.811072Z,KXBTC15M-26OCT050100-00,0.0030,374.25,no
2026-10-05T04:58:58.843799Z,KXBTC15M-26OCT050100-00,0.0040,20.00,no
2026-10-05T04:58:58.843799Z,KXBTC15M-26OCT050100-00,0.0040,0.01,no
2026-10-05T04:58:58.843799Z,KXBTC15M-26OCT050100-00,0.0040,1688.00,no
2026-10-05T04:58:58.843799Z,KXBTC15M-26OCT050100-00,0.0040,0.01,no
2026-10-05T04:58:58.845337Z,KXBTC15M-26OCT050100-00,0.0050,40.84,yes
2026-10-05T04:58:58.901072Z,KXBTC15M-26OCT050100-00,0.0040,0.01,no
2026-10-05T04:58:58.901072Z,KXBTC15M-26OCT050100-00,0.0030,24.88,no
2026-10-05T04:58:58.901072Z,KXBTC15M-26OCT050100-00,0.0040,20.00,no
2026-10-05T04:58:58.901072Z,KXBTC15M-26OCT050100-00,0.0040,0.01,no
2026-10-05T04:58:58.9397Z,KXBTC15M-26OCT050100-00,0.0030,25.00,no
2026-10-05T04:58:58.9397Z,KXBTC15M-26OCT050100-00,0.0030,0.01,no
2026-10-05T04:58:58.9397Z,KXBTC15M-26OCT050100-00,0.0040,0.01,no
2026-10-05T04:58:58.9397Z,KXBTC15M-26OCT050100-00,0.0030,0.01,no
2026-10-05T04:58:58.9397Z,KXBTC15M-26OCT050100-00,0.0040,0.01,no
2026-10-05T04:58:58.9397Z,KXBTC15M-26OCT050100-00,0.0020,1978.68,no
2026-10-05T04:58:58.948154Z,KXBTC15M-26OCT050100-00,0.0030,25.00,no
2026-10-05T04:58:58.948154Z,KXBTC15M-26OCT050100-00,0.0030,0.01,no
2026-10-05T04:58:58.956947Z,KXBTC15M-26OCT050100-00,0.0030,25.00,no
2026-10-05T04:58:58.956947Z,KXBTC15M-26OCT050100-00,0.0030,0.01,no
2026-10-05T04:58:58.96135Z,KXBTC15M-26OCT050100-00,0.0020,3.07,no
2026-10-05T04:58:59.005758Z,KXBTC15M-26OCT050100-00,0.0020,5460.15,no
2026-10-05T04:58:59.028675Z,KXBTC15M-26OCT050100-00,0.0020,2.00,no
2026-10-05T04:58:59.071217Z,KXBTC15M-26OCT050100-00,0.0020,76.00,no
2026-10-05T04:58:59.114623Z,KXBTC15M-26OCT050100-00,0.0030,267.38,yes
2026-10-05T04:58:59.114836Z,KXBTC15M-26OCT050100-00,0.0020,52.21,no
2026-10-05T04:58:59.144483Z,KXBTC15M-26OCT050100-00,0.0030,644.89,yes
2026-10-05T04:58:59.219202Z,KXBTC15M-26OCT050100-00,0.0030,548.10,yes
2026-10-05T04:58:59.224959Z,KXBTC15M-26OCT050100-00,0.0030,30.03,yes
2026-10-05T04:58:59.245353Z,KXBTC15M-26OCT050100-00,0.0030,2674.56,yes
2026-10-05T04:58:59.245353Z,KXBTC15M-26OCT050100-00,0.0030,3.07,yes
2026-10-05T04:58:59.245353Z,KXBTC15M-26OCT050100-00,0.0030,438.26,yes
2026-10-05T04:58:59.267845Z,KXBTC15M-26OCT050100-00,0.0020,27.52,no
2026-10-05T04:58:59.285067Z,KXBTC15M-26OCT050100-00,0.0020,4911.10,no
2026-10-05T04:58:59.30406Z,KXBTC15M-26OCT050100-00,0.0030,2.55,yes
2026-10-05T04:58:59.313492Z,KXBTC15M-26OCT050100-00,0.0020,13.76,no
2026-10-05T04:58:59.396356Z,KXBTC15M-26OCT050100-00,0.0020,14.91,no
2026-10-05T04:58:59.46935Z,KXBTC15M-26OCT050100-00,0.0020,70.00,no
2026-10-05T04:58:59.477903Z,KXBTC15M-26OCT050100-00,0.0030,2731.76,yes
2026-10-05T04:58:59.567708Z,KXBTC15M-26OCT050100-00,0.0030,76.00,yes
2026-10-05T04:58:59.567708Z,KXBTC15M-26OCT050100-00,0.0030,2.00,yes
2026-10-05T04:58:59.567708Z,KXBTC15M-26OCT050100-00,0.0030,51.28,yes
2026-10-05T04:58:59.567708Z,KXBTC15M-26OCT050100-00,0.0030,5.46,yes
2026-10-05T04:58:59.567708Z,KXBTC15M-26OCT050100-00,0.0030,0.01,yes
2026-10-05T04:58:59.567708Z,KXBTC15M-26OCT050100-00,0.0030,52.21,yes
2026-10-05T04:58:59.567708Z,KXBTC15M-26OCT050100-00,0.0030,0.01,yes
2026-10-05T04:58:59.632494Z,KXBTC15M-26OCT050100-00,0.0020,13.29,no
2026-10-05T04:58:59.641369Z,KXBTC15M-26OCT050100-00,0.0020,19.52,no
2026-10-05T04:58:59.768204Z,KXBTC15M-26OCT050100-00,0.0020,76.92,no
2026-10-05T04:59:00.006426Z,KXBTC15M-26OCT050100-00,0.0020,36.00,no
2026-10-05T04:59:00.036372Z,KXBTC15M-26OCT050100-00,0.0020,1002.00,no
2026-10-05T04:59:00.043204Z,KXBTC15M-26OCT050100-00,0.0020,15.59,no
2026-10-05T04:59:00.056255Z,KXBTC15M-26OCT050100-00,0.0020,1.00,no
2026-10-05T04:59:00.080088Z,KXBTC15M-26OCT050100-00,0.0020,3000.00,no
2026-10-05T04:59:00.120048Z,KXBTC15M-26OCT050100-00,0.0030,139.54,yes
2026-10-05T04:59:00.120048Z,KXBTC15M-26OCT050100-00,0.0030,1970.44,yes
2026-10-05T04:59:00.120048Z,KXBTC15M-26OCT050100-00,0.0030,27.52,yes
2026-10-05T04:59:00.149054Z,KXBTC15M-26OCT050100-00,0.0020,1210.00,no
2026-10-05T04:59:00.176043Z,KXBTC15M-26OCT050100-00,0.0020,120.43,no
2026-10-05T04:59:00.22131Z,KXBTC15M-26OCT050100-00,0.0020,156.00,no
2026-10-05T04:59:00.324806Z,KXBTC15M-26OCT050100-00,0.0020,19.70,no
2026-10-05T04:59:00.404737Z,KXBTC15M-26OCT050100-00,0.0020,22.56,no
2026-10-05T04:59:00.479083Z,KXBTC15M-26OCT050100-00,0.0020,11.00,no
2026-10-05T04:59:00.693087Z,KXBTC15M-26OCT050100-00,0.0020,4.98,no
2026-10-05T04:59:00.814133Z,KXBTC15M-26OCT050100-00,0.0030,155.77,yes
2026-10-05T04:59:00.814133Z,KXBTC15M-26OCT050100-00,0.0030,0.01,yes
2026-10-05T04:59:00.814133Z,KXBTC15M-26OCT050100-00,0.0030,0.01,yes
2026-10-05T04:59:00.88047Z,KXBTC15M-26OCT050100-00,0.0030,305.35,yes
2026-10-05T04:59:00.946933Z,KXBTC15M-26OCT050100-00,0.0030,120.00,yes
2026-10-05T04:59:00.954216Z,KXBTC15M-26OCT050100-00,0.0020,27.70,no
2026-10-05T04:59:00.956642Z,KXBTC15M-26OCT050100-00,0.0020,400.00,no
2026-10-05T04:59:01.019348Z,KXBTC15M-26OCT050100-00,0.0030,4.31,yes
2026-10-05T04:59:01.019348Z,KXBTC15M-26OCT050100-00,0.0030,418.88,yes
2026-10-05T04:59:01.019348Z,KXBTC15M-26OCT050100-00,0.0030,500.00,yes
2026-10-05T04:59:01.029862Z,KXBTC15M-26OCT050100-00,0.0020,587.00,no
2026-10-05T04:59:01.051137Z,KXBTC15M-26OCT050100-00,0.0020,839.00,no
2026-10-05T04:59:01.074603Z,KXBTC15M-26OCT050100-00,0.0020,3.00,no
2026-10-05T04:59:01.180402Z,KXBTC15M-26OCT050100-00,0.0030,32.12,yes
2026-10-05T04:59:01.261936Z,KXBTC15M-26OCT050100-00,0.0030,4.10,yes
2026-10-05T04:59:01.293139Z,KXBTC15M-26OCT050100-00,0.0030,113.29,yes
2026-10-05T04:59:01.293139Z,KXBTC15M-26OCT050100-00,0.0030,92.06,yes
2026-10-05T04:59:01.293139Z,KXBTC15M-26OCT050100-00,0.0030,100.00,yes
2026-10-05T04:59:01.328307Z,KXBTC15M-26OCT050100-00,0.0030,13.27,yes
2026-10-05T04:59:01.506585Z,KXBTC15M-26OCT050100-00,0.0030,192.28,yes
2026-10-05T04:59:01.623011Z,KXBTC15M-26OCT050100-00,0.0020,17.70,no
2026-10-05T04:59:01.633751Z,KXBTC15M-26OCT050100-00,0.0030,7.00,yes
2026-10-05T04:59:01.697851Z,KXBTC15M-26OCT050100-00,0.0020,6.01,no
2026-10-05T04:59:01.70819Z,KXBTC15M-26OCT050100-00,0.0030,649.00,yes
2026-10-05T04:59:01.732882Z,KXBTC15M-26OCT050100-00,0.0030,30.18,yes
2026-10-05T04:59:01.753146Z,KXBTC15M-26OCT050100-00,0.0020,8.01,no
2026-10-05T04:59:01.829069Z,KXBTC15M-26OCT050100-00,0.0030,305.35,yes
2026-10-05T04:59:01.898141Z,KXBTC15M-26OCT050100-00,0.0020,8.43,no
2026-10-05T04:59:01.953649Z,KXBTC15M-26OCT050100-00,0.0020,10.02,no
2026-10-05T04:59:01.95522Z,KXBTC15M-26OCT050100-00,0.0030,113.70,yes
2026-10-05T04:59:02.047553Z,KXBTC15M-26OCT050100-00,0.0030,5.87,yes
2026-10-05T04:59:02.063681Z,KXBTC15M-26OCT050100-00,0.0030,36.00,yes
2026-10-05T04:59:02.081791Z,KXBTC15M-26OCT050100-00,0.0030,52.02,yes
2026-10-05T04:59:02.091189Z,KXBTC15M-26OCT050100-00,0.0030,1221.43,yes
2026-10-05T04:59:02.255103Z,KXBTC15M-26OCT050100-00,0.0030,15.27,yes
2026-10-05T04:59:02.262209Z,KXBTC15M-26OCT050100-00,0.0020,17.11,no
2026-10-05T04:59:02.264886Z,KXBTC15M-26OCT050100-00,0.0020,411.03,no
2026-10-05T04:59:02.516046Z,KXBTC15M-26OCT050100-00,0.0030,143.33,yes
2026-10-05T04:59:02.58075Z,KXBTC15M-26OCT050100-00,0.0020,3.00,no
2026-10-05T04:59:02.720286Z,KXBTC15M-26OCT050100-00,0.0030,43.85,yes
2026-10-05T04:59:02.720286Z,KXBTC15M-26OCT050100-00,0.0030,42.67,yes
2026-10-05T04:59:02.798252Z,KXBTC15M-26OCT050100-00,0.0030,0.77,yes
2026-10-05T04:59:02.8992Z,KXBTC15M-26OCT050100-00,0.0020,1222.00,no
2026-10-05T04:59:02.933941Z,KXBTC15M-26OCT050100-00,0.0030,0.43,yes
2026-10-05T04:59:02.987629Z,KXBTC15M-26OCT050100-00,0.0030,3000.00,yes
2026-10-05T04:59:02.987629Z,KXBTC15M-26OCT050100-00,0.0030,1002.00,yes
2026-10-05T04:59:02.987629Z,KXBTC15M-26OCT050100-00,0.0030,0.01,yes
2026-10-05T04:59:02.987629Z,KXBTC15M-26OCT050100-00,0.0030,96.00,yes
2026-10-05T04:59:02.987629Z,KXBTC15M-26OCT050100-00,0.0030,1210.00,yes
2026-10-05T04:59:02.987629Z,KXBTC15M-26OCT050100-00,0.0030,400.00,yes
2026-10-05T04:59:02.987629Z,KXBTC15M-26OCT050100-00,0.0030,27.70,yes
2026-10-05T04:59:02.987629Z,KXBTC15M-26OCT050100-00,0.0030,4.98,yes
2026-10-05T04:59:02.987629Z,KXBTC15M-26OCT050100-00,0.0030,58.56,yes
2026-10-05T04:59:02.987629Z,KXBTC15M-26OCT050100-00,0.0030,97.77,yes
2026-10-05T04:59:02.987629Z,KXBTC15M-26OCT050100-00,0.0030,166.00,yes
2026-10-05T04:59:02.987629Z,KXBTC15M-26OCT050100-00,0.0030,0.01,yes
2026-10-05T04:59:02.987629Z,KXBTC15M-26OCT050100-00,0.0030,120.43,yes
2026-10-05T04:59:02.987629Z,KXBTC15M-26OCT050100-00,0.0030,11.00,yes
2026-10-05T04:59:02.987629Z,KXBTC15M-26OCT050100-00,0.0030,110.95,yes
2026-10-05T04:59:02.987629Z,KXBTC15M-26OCT050100-00,0.0030,587.00,yes
2026-10-05T04:59:02.987629Z,KXBTC15M-26OCT050100-00,0.0030,664.56,yes
2026-10-05T04:59:02.987629Z,KXBTC15M-26OCT050100-00,0.0030,76.92,yes
2026-10-05T04:59:03.030456Z,KXBTC15M-26OCT050100-00,0.0030,20.00,yes
2026-10-05T04:59:03.078834Z,KXBTC15M-26OCT050100-00,0.0020,10.01,no
2026-10-05T04:59:03.111785Z,KXBTC15M-26OCT050100-00,0.0020,5.00,no
2026-10-05T04:59:03.148111Z,KXBTC15M-26OCT050100-00,0.0020,86.85,no
2026-10-05T04:59:03.185718Z,KXBTC15M-26OCT050100-00,0.0020,2149.99,no
2026-10-05T04:59:03.261387Z,KXBTC15M-26OCT050100-00,0.0030,0.62,yes
2026-10-05T04:59:03.282062Z,KXBTC15M-26OCT050100-00,0.0020,10018.63,no
2026-10-05T04:59:03.285702Z,KXBTC15M-26OCT050100-00,0.0030,1.97,yes
2026-10-05T04:59:03.285702Z,KXBTC15M-26OCT050100-00,0.0030,153.82,yes
2026-10-05T04:59:03.294187Z,KXBTC15M-26OCT050100-00,0.0030,1.03,yes
2026-10-05T04:59:03.294187Z,KXBTC15M-26OCT050100-00,0.0030,70.33,yes
2026-10-05T04:59:03.30199Z,KXBTC15M-26OCT050100-00,0.0030,100.00,yes
2026-10-05T04:59:03.378402Z,KXBTC15M-26OCT050100-00,0.0020,426.71,no
2026-10-05T04:59:03.38427Z,KXBTC15M-26OCT050100-00,0.0030,305.35,yes
2026-10-05T04:59:03.387191Z,KXBTC15M-26OCT050100-00,0.0020,3.77,no
2026-10-05T04:59:03.503382Z,KXBTC15M-26OCT050100-00,0.0030,9.48,yes
2026-10-05T04:59:03.503382Z,KXBTC15M-26OCT050100-00,0.0030,24.32,yes
2026-10-05T04:59:03.503382Z,KXBTC15M-26OCT050100-00,0.0030,8.43,yes
2026-10-05T04:59:03.503382Z,KXBTC15M-26OCT050100-00,0.0030,17.70,yes
2026-10-05T04:59:03.503382Z,KXBTC15M-26OCT050100-00,0.0030,6.01,yes
2026-10-05T04:59:03.503382Z,KXBTC15M-26OCT050100-00,0.0030,10.02,yes
2026-10-05T04:59:03.503382Z,KXBTC15M-26OCT050100-00,0.0030,8.01,yes
2026-10-05T04:59:03.536376Z,KXBTC15M-26OCT050100-00,0.0020,972.80,no
2026-10-05T04:59:03.772055Z,KXBTC15M-26OCT050100-00,0.0020,11.61,no
2026-10-05T04:59:03.81861Z,KXBTC15M-26OCT050100-00,0.0030,7.63,yes
2026-10-05T04:59:03.81861Z,KXBTC15M-26OCT050100-00,0.0030,24.48,yes
2026-10-05T04:59:03.868006Z,KXBTC15M-26OCT050100-00,0.0030,63.00,yes
2026-10-05T04:59:03.868006Z,KXBTC15M-26OCT050100-00,0.0030,101.08,yes
2026-10-05T04:59:03.868006Z,KXBTC15M-26OCT050100-00,0.0030,3.00,yes
2026-10-05T04:59:03.868006Z,KXBTC15M-26OCT050100-00,0.0030,386.55,yes
2026-10-05T04:59:03.899857Z,KXBTC15M-26OCT050100-00,0.0030,4.50,yes
2026-10-05T04:59:03.911837Z,KXBTC15M-26OCT050100-00,0.0020,12.00,no
2026-10-05T04:59:03.917681Z,KXBTC15M-26OCT050100-00,0.0020,7.84,no
2026-10-05T04:59:03.969877Z,KXBTC15M-26OCT050100-00,0.0030,2.50,yes
2026-10-05T04:59:03.991372Z,KXBTC15M-26OCT050100-00,0.0030,61.08,yes
2026-10-05T04:59:04.002345Z,KXBTC15M-26OCT050100-00,0.0020,32.73,no
2026-10-05T04:59:04.002345Z,KXBTC15M-26OCT050100-00,0.0020,23.20,no
2026-10-05T04:59:04.011265Z,KXBTC15M-26OCT050100-00,0.0020,50.23,no
2026-10-05T04:59:04.011492Z,KXBTC15M-26OCT050100-00,0.0020,86.85,no
2026-10-05T04:59:04.011626Z,KXBTC15M-26OCT050100-00,0.0020,426.71,no
2026-10-05T04:59:04.011861Z,KXBTC15M-26OCT050100-00,0.0020,569.32,no
2026-10-05T04:59:04.011861Z,KXBTC15M-26OCT050100-00,0.0020,403.48,no
2026-10-05T04:59:04.011978Z,KXBTC15M-26OCT050100-00,0.0020,5.00,no
2026-10-05T04:59:04.011978Z,KXBTC15M-26OCT050100-00,0.0020,400.00,no
2026-10-05T04:59:04.011978Z,KXBTC15M-26OCT050100-00,0.0020,14.78,no
2026-10-05T04:59:04.011978Z,KXBTC15M-26OCT050100-00,0.0020,10.00,no
2026-10-05T04:59:04.011978Z,KXBTC15M-26OCT050100-00,0.0020,10.00,no
2026-10-05T04:59:04.011978Z,KXBTC15M-26OCT050100-00,0.0020,20.00,no
2026-10-05T04:59:04.011978Z,KXBTC15M-26OCT050100-00,0.0020,20.00,no
2026-10-05T04:59:04.011978Z,KXBTC15M-26OCT050100-00,0.0020,28.00,no
2026-10-05T04:59:04.011978Z,KXBTC15M-26OCT050100-00,0.0020,0.01,no
2026-10-05T04:59:04.011978Z,KXBTC15M-26OCT050100-00,0.0020,0.01,no
2026-10-05T04:59:04.011978Z,KXBTC15M-26OCT050100-00,0.0020,17.00,no
2026-10-05T04:59:04.011978Z,KXBTC15M-26OCT050100-00,0.0020,1.00,no
2026-10-05T04:59:04.011978Z,KXBTC15M-26OCT050100-00,0.0020,6750.00,no
2026-10-05T04:59:04.011978Z,KXBTC15M-26OCT050100-00,0.0020,500.00,no
2026-10-05T04:59:04.011978Z,KXBTC15M-26OCT050100-00,0.0020,120.00,no
2026-10-05T04:59:04.011978Z,KXBTC15M-26OCT050100-00,0.0020,100.00,no
2026-10-05T04:59:04.011978Z,KXBTC15M-26OCT050100-00,0.0020,1000.00,no
2026-10-05T04:59:04.011978Z,KXBTC15M-26OCT050100-00,0.0020,430.68,no
2026-10-05T04:59:04.011978Z,KXBTC15M-26OCT050100-00,0.0020,200.00,no
2026-10-05T04:59:04.011978Z,KXBTC15M-26OCT050100-00,0.0020,200.00,no
2026-10-05T04:59:04.011978Z,KXBTC15M-26OCT050100-00,0.0020,3.00,no
2026-10-05T04:59:04.011978Z,KXBTC15M-26OCT050100-00,0.0020,26.00,no
2026-10-05T04:59:04.011978Z,KXBTC15M-26OCT050100-00,0.0020,3.00,no
2026-10-05T04:59:04.011978Z,KXBTC15M-26OCT050100-00,0.0020,3.00,no
2026-10-05T04:59:04.011978Z,KXBTC15M-26OCT050100-00,0.0020,3.00,no
2026-10-05T04:59:04.011978Z,KXBTC15M-26OCT050100-00,0.0020,3.00,no
2026-10-05T04:59:04.187594Z,KXBTC15M-26OCT050100-00,0.0010,1501.20,no
2026-10-05T04:59:04.199871Z,KXBTC15M-26OCT050100-00,0.0020,151.15,yes
2026-10-05T04:59:04.199871Z,KXBTC15M-26OCT050100-00,0.0020,1848.85,yes
2026-10-05T04:59:04.328627Z,KXBTC15M-26OCT050100-00,0.0010,1159.65,no
2026-10-05T04:59:04.384173Z,KXBTC15M-26OCT050100-00,0.0010,200.00,no
2026-10-05T04:59:04.407152Z,KXBTC15M-26OCT050100-00,0.0020,10.45,yes
2026-10-05T04:59:04.407152Z,KXBTC15M-26OCT050100-00,0.0020,301.14,yes
2026-10-05T04:59:04.467836Z,KXBTC15M-26OCT050100-00,0.0020,23.20,yes
2026-10-05T04:59:04.467836Z,KXBTC15M-26OCT050100-00,0.0020,583.41,yes
2026-10-05T04:59:04.467836Z,KXBTC15M-26OCT050100-00,0.0020,1042.39,yes
2026-10-05T04:59:04.467836Z,KXBTC15M-26OCT050100-00,0.0020,70.00,yes
2026-10-05T04:59:04.497984Z,KXBTC15M-26OCT050100-00,0.0010,45.36,no
2026-10-05T04:59:04.52692Z,KXBTC15M-26OCT050100-00,0.0020,375.00,yes
2026-10-05T04:59:04.55503Z,KXBTC15M-26OCT050100-00,0.0020,31.16,yes
2026-10-05T04:59:04.572712Z,KXBTC15M-26OCT050100-00,0.0010,10.23,no
2026-10-05T04:59:04.575933Z,KXBTC15M-26OCT050100-00,0.0020,465.69,yes
2026-10-05T04:59:05.06795Z,KXBTC15M-26OCT050100-00,0.0010,10.00,no
2026-10-05T04:59:05.396465Z,KXBTC15M-26OCT050100-00,0.0030,430.68,yes
2026-10-05T04:59:05.396465Z,KXBTC15M-26OCT050100-00,0.0020,1501.20,yes
2026-10-05T04:59:05.396465Z,KXBTC15M-26OCT050100-00,0.0020,0.01,yes
2026-10-05T04:59:05.396465Z,KXBTC15M-26OCT050100-00,0.0030,569.32,yes
2026-10-05T04:59:05.396465Z,KXBTC15M-26OCT050100-00,0.0030,86.85,yes
2026-10-05T04:59:05.396465Z,KXBTC15M-26OCT050100-00,0.0020,718.49,yes
2026-10-05T04:59:05.396465Z,KXBTC15M-26OCT050100-00,0.0020,1685.74,yes
2026-10-05T04:59:05.396465Z,KXBTC15M-26OCT050100-00,0.0020,1228.45,yes
2026-10-05T04:59:05.396465Z,KXBTC15M-26OCT050100-00,0.0030,403.48,yes
2026-10-05T04:59:05.396465Z,KXBTC15M-26OCT050100-00,0.0030,120.00,yes
2026-10-05T04:59:05.396465Z,KXBTC15M-26OCT050100-00,0.0020,18.38,yes
2026-10-05T04:59:05.396465Z,KXBTC15M-26OCT050100-00,0.0030,32.73,yes
2026-10-05T04:59:05.396465Z,KXBTC15M-26OCT050100-00,0.0030,50.23,yes
2026-10-05T04:59:05.396465Z,KXBTC15M-26OCT050100-00,0.0020,10.23,yes
2026-10-05T04:59:05.396465Z,KXBTC15M-26OCT050100-00,0.0020,0.01,yes
2026-10-05T04:59:05.396465Z,KXBTC15M-26OCT050100-00,0.0040,1.00,yes
2026-10-05T04:59:05.396465Z,KXBTC15M-26OCT050100-00,0.0030,1000.00,yes
2026-10-05T04:59:05.396465Z,KXBTC15M-26OCT050100-00,0.0020,200.00,yes
2026-10-05T04:59:05.396465Z,KXBTC15M-26OCT050100-00,0.0020,45.36,yes
2026-10-05T04:59:05.396465Z,KXBTC15M-26OCT050100-00,0.0030,426.71,yes
2026-10-05T04:59:05.396465Z,KXBTC15M-26OCT050100-00,0.0020,1159.65,yes
2026-10-05T04:59:05.396465Z,KXBTC15M-26OCT050100-00,0.0020,10.00,yes
2026-10-05T04:59:05.396465Z,KXBTC15M-26OCT050100-00,0.0050,1047.00,yes
2026-10-05T04:59:05.396465Z,KXBTC15M-26OCT050100-00,0.0050,100.00,yes
2026-10-05T04:59:05.396465Z,KXBTC15M-26OCT050100-00,0.0050,250.00,yes
2026-10-05T04:59:05.396465Z,KXBTC15M-26OCT050100-00,0.0050,41.69,yes
2026-10-05T04:59:05.396465Z,KXBTC15M-26OCT050100-00,0.0030,1358.00,yes
2026-10-05T04:59:05.396465Z,KXBTC15M-26OCT050100-00,0.0030,500.00,yes
2026-10-05T04:59:05.396465Z,KXBTC15M-26OCT050100-00,0.0030,2023.00,yes
2026-10-05T04:59:05.396465Z,KXBTC15M-26OCT050100-00,0.0030,36.00,yes
2026-10-05T04:59:05.396465Z,KXBTC15M-26OCT050100-00,0.0030,334.65,yes
2026-10-05T04:59:05.459328Z,KXBTC15M-26OCT050100-00,0.0030,0.01,yes
2026-10-05T04:59:05.459328Z,KXBTC15M-26OCT050100-00,0.0030,0.01,yes
2026-10-05T04:59:05.459328Z,KXBTC15M-26OCT050100-00,0.0040,12.06,yes
2026-10-05T04:59:05.599396Z,KXBTC15M-26OCT050100-00,0.0010,51.98,no
2026-10-05T04:59:05.599396Z,KXBTC15M-26OCT050100-00,0.0020,28.00,no
2026-10-05T04:59:05.599396Z,KXBTC15M-26OCT050100-00,0.0020,0.01,no
2026-10-05T04:59:05.599396Z,KXBTC15M-26OCT050100-00,0.0020,0.01,no
2026-10-05T04:59:05.599396Z,KXBTC15M-26OCT050100-00,0.0020,10.00,no
2026-10-05T04:59:05.599396Z,KXBTC15M-26OCT050100-00,0.0020,10.00,no
2026-10-05T04:59:05.602422Z,KXBTC15M-26OCT050100-00,0.0010,5.00,no
2026-10-05T04:59:05.607402Z,KXBTC15M-26OCT050100-00,0.0020,0.01,no
2026-10-05T04:59:05.607402Z,KXBTC15M-26OCT050100-00,0.0020,0.01,no
2026-10-05T04:59:05.679813Z,KXBTC15M-26OCT050100-00,0.0010,400.00,no
2026-10-05T04:59:05.74876Z,KXBTC15M-26OCT050100-00,0.0020,0.01,yes
2026-10-05T04:59:05.74876Z,KXBTC15M-26OCT050100-00,0.0020,0.01,yes
2026-10-05T04:59:05.74876Z,KXBTC15M-26OCT050100-00,0.0020,51.96,yes
2026-10-05T04:59:05.74876Z,KXBTC15M-26OCT050100-00,0.0020,5.00,yes
2026-10-05T04:59:05.74876Z,KXBTC15M-26OCT050100-00,0.0020,19.87,yes
2026-10-05T04:59:05.790507Z,KXBTC15M-26OCT050100-00,0.0010,5.00,no
2026-10-05T04:59:05.795074Z,KXBTC15M-26OCT050100-00,0.0020,15.10,yes
2026-10-05T04:59:05.813765Z,KXBTC15M-26OCT050100-00,0.0020,10.03,yes
2026-10-05T04:59:05.814037Z,KXBTC15M-26OCT050100-00,0.0020,0.01,yes
2026-10-05T04:59:05.814037Z,KXBTC15M-26OCT050100-00,0.0020,389.00,yes
2026-10-05T04:59:05.814037Z,KXBTC15M-26OCT050100-00,0.0020,5.00,yes
2026-10-05T04:59:05.814037Z,KXBTC15M-26OCT050100-00,0.0040,12.00,yes
2026-10-05T04:59:05.814037Z,KXBTC15M-26OCT050100-00,0.0020,20.00,yes
2026-10-05T04:59:05.814037Z,KXBTC15M-26OCT050100-00,0.0040,84.00,yes
2026-10-05T04:59:05.814037Z,KXBTC15M-26OCT050100-00,0.0030,483.00,yes
2026-10-05T04:59:05.814037Z,KXBTC15M-26OCT050100-00,0.0050,114.20,yes
2026-10-05T04:59:05.814037Z,KXBTC15M-26OCT050100-00,0.0020,400.00,yes
2026-10-05T04:59:05.814037Z,KXBTC15M-26OCT050100-00,0.0030,500.00,yes
2026-10-05T04:59:05.814037Z,KXBTC15M-26OCT050100-00,0.0030,35.00,yes
2026-10-05T04:59:05.814037Z,KXBTC15M-26OCT050100-00,0.0040,4.94,yes
2026-10-05T04:59:05.814037Z,KXBTC15M-26OCT050100-00,0.0020,0.01,yes
2026-10-05T04:59:05.814037Z,KXBTC15M-26OCT050100-00,0.0050,958.31,yes
2026-10-05T04:59:05.842312Z,KXBTC15M-26OCT050100-00,0.0040,3141.00,no
2026-10-05T04:59:05.842312Z,KXBTC15M-26OCT050100-00,0.0040,0.01,no
2026-10-05T04:59:05.913873Z,KXBTC15M-26OCT050100-00,0.0050,0.01,yes
2026-10-05T04:59:05.913873Z,KXBTC15M-26OCT050100-00,0.0050,0.01,yes
2026-10-05T04:59:05.913873Z,KXBTC15M-26OCT050100-00,0.0050,127.86,yes
2026-10-05T04:59:05.913873Z,KXBTC15M-26OCT050100-00,0.0050,91.80,yes
2026-10-05T04:59:06.045735Z,KXBTC15M-26OCT050100-00,0.0050,30.16,yes
2026-10-05T04:59:06.220432Z,KXBTC15M-26OCT050100-00,0.0040,0.01,no
2026-10-05T04:59:06.220432Z,KXBTC15M-26OCT050100-00,0.0020,10.00,no
2026-10-05T04:59:06.220432Z,KXBTC15M-26OCT050100-00,0.0020,28.00,no
2026-10-05T04:59:06.220432Z,KXBTC15M-26OCT050100-00,0.0040,0.01,no
2026-10-05T04:59:06.220432Z,KXBTC15M-26OCT050100-00,0.0020,10.00,no
2026-10-05T04:59:06.220432Z,KXBTC15M-26OCT050100-00,0.0020,37.98,no
2026-10-05T04:59:06.360911Z,KXBTC15M-26OCT050100-00,0.0010,1275.33,no
2026-10-05T04:59:06.360911Z,KXBTC15M-26OCT050100-00,0.0020,0.01,no
2026-10-05T04:59:06.360911Z,KXBTC15M-26OCT050100-00,0.0020,3375.00,no
2026-10-05T04:59:06.360911Z,KXBTC15M-26OCT050100-00,0.0020,28.00,no
2026-10-05T04:59:06.360911Z,KXBTC15M-26OCT050100-00,0.0020,100.00,no
2026-10-05T04:59:06.360911Z,KXBTC15M-26OCT050100-00,0.0020,0.01,no
2026-10-05T04:59:06.360911Z,KXBTC15M-26OCT050100-00,0.0020,10.00,no
2026-10-05T04:59:06.360911Z,KXBTC15M-26OCT050100-00,0.0020,10.00,no
2026-10-05T04:59:06.360911Z,KXBTC15M-26OCT050100-00,0.0020,206.57,no
2026-10-05T04:59:06.487273Z,KXBTC15M-26OCT050100-00,0.0010,4.95,no
2026-10-05T04:59:06.688318Z,KXBTC15M-26OCT050100-00,0.0010,54.00,no
2026-10-05T04:59:06.763508Z,KXBTC15M-26OCT050100-00,0.0020,0.01,yes
2026-10-05T04:59:06.763508Z,KXBTC15M-26OCT050100-00,0.0020,0.01,yes
2026-10-05T04:59:06.763508Z,KXBTC15M-26OCT050100-00,0.0020,30.37,yes
2026-10-05T04:59:06.858006Z,KXBTC15M-26OCT050100-00,0.0010,73.41,no
2026-10-05T04:59:06.991561Z,KXBTC15M-26OCT050100-00,0.0010,73.29,no
2026-10-05T04:59:07.040371Z,KXBTC15M-26OCT050100-00,0.0020,208.97,yes
2026-10-05T04:59:07.040371Z,KXBTC15M-26OCT050100-00,0.0020,291.03,yes
2026-10-05T04:59:07.044278Z,KXBTC15M-26OCT050100-00,0.0010,176.52,no
2026-10-05T04:59:07.084558Z,KXBTC15M-26OCT050100-00,0.0020,51.16,yes
2026-10-05T04:59:07.152008Z,KXBTC15M-26OCT050100-00,0.0010,20.00,no
2026-10-05T04:59:07.186062Z,KXBTC15M-26OCT050100-00,0.0010,8.66,no
2026-10-05T04:59:07.237028Z,KXBTC15M-26OCT050100-00,0.0020,10.00,yes
2026-10-05T04:59:07.324025Z,KXBTC15M-26OCT050100-00,0.0020,104.00,yes
2026-10-05T04:59:07.426106Z,KXBTC15M-26OCT050100-00,0.0020,189.57,yes
2026-10-05T04:59:07.426861Z,KXBTC15M-26OCT050100-00,0.0020,54.00,yes
2026-10-05T04:59:07.426861Z,KXBTC15M-26OCT050100-00,0.0020,0.01,yes
2026-10-05T04:59:07.426861Z,KXBTC15M-26OCT050100-00,0.0020,73.41,yes
2026-10-05T04:59:07.426861Z,KXBTC15M-26OCT050100-00,0.0020,1446.04,yes
2026-10-05T04:59:07.426861Z,KXBTC15M-26OCT050100-00,0.0020,711.63,yes
2026-10-05T04:59:07.426861Z,KXBTC15M-26OCT050100-00,0.0020,0.01,yes
2026-10-05T04:59:07.426861Z,KXBTC15M-26OCT050100-00,0.0020,4.95,yes
2026-10-05T04:59:07.426983Z,KXBTC15M-26OCT050100-00,0.0020,54.19,yes
2026-10-05T04:59:07.463812Z,KXBTC15M-26OCT050100-00,0.0020,0.02,yes
2026-10-05T04:59:07.473115Z,KXBTC15M-26OCT050100-00,0.0020,0.02,yes
2026-10-05T04:59:07.510114Z,KXBTC15M-26OCT050100-00,0.0010,376.00,no
2026-10-05T04:59:07.524593Z,KXBTC15M-26OCT050100-00,0.0010,0.02,no
2026-10-05T04:59:07.537975Z,KXBTC15M-26OCT050100-00,0.0020,982.04,yes
2026-10-05T04:59:07.593451Z,KXBTC15M-26OCT050100-00,0.0010,426.00,no
2026-10-05T04:59:07.661615Z,KXBTC15M-26OCT050100-00,0.0010,1189.65,no
2026-10-05T04:59:07.78183Z,KXBTC15M-26OCT050100-00,0.0020,2290.05,yes
2026-10-05T04:59:07.825174Z,KXBTC15M-26OCT050100-00,0.0020,211.66,yes
2026-10-05T04:59:07.831536Z,KXBTC15M-26OCT050100-00,0.0020,60.76,yes
2026-10-05T04:59:07.834292Z,KXBTC15M-26OCT050100-00,0.0020,19.61,yes
2026-10-05T04:59:07.905647Z,KXBTC15M-26OCT050100-00,0.0010,500.46,no
2026-10-05T04:59:07.990277Z,KXBTC15M-26OCT050100-00,0.0020,129.67,yes
2026-10-05T04:59:08.011971Z,KXBTC15M-26OCT050100-00,0.0010,1.00,no
2026-10-05T04:59:08.067791Z,KXBTC15M-26OCT050100-00,0.0010,49.91,no
2026-10-05T04:59:08.215252Z,KXBTC15M-26OCT050100-00,0.0010,15.31,no
2026-10-05T04:59:08.270039Z,KXBTC15M-26OCT050100-00,0.0020,2.99,yes
2026-10-05T04:59:08.462074Z,KXBTC15M-26OCT050100-00,0.0010,175.16,no
2026-10-05T04:59:08.514379Z,KXBTC15M-26OCT050100-00,0.0020,291.10,yes
2026-10-05T04:59:08.641813Z,KXBTC15M-26OCT050100-00,0.0020,11.81,yes
2026-10-05T04:59:08.649231Z,KXBTC15M-26OCT050100-00,0.0010,11.89,no
2026-10-05T04:59:08.65126Z,KXBTC15M-26OCT050100-00,0.0020,41.00,yes
2026-10-05T04:59:08.670085Z,KXBTC15M-26OCT050100-00,0.0020,458.01,yes
2026-10-05T04:59:08.737689Z,KXBTC15M-26OCT050100-00,0.0020,22.92,yes
2026-10-05T04:59:08.809557Z,KXBTC15M-26OCT050100-00,0.0020,16.00,yes
2026-10-05T04:59:08.975005Z,KXBTC15M-26OCT050100-00,0.0020,23.00,yes
2026-10-05T04:59:09.065707Z,KXBTC15M-26OCT050100-00,0.0020,35.13,yes
2026-10-05T04:59:09.112886Z,KXBTC15M-26OCT050100-00,0.0010,1088.00,no
2026-10-05T04:59:09.166483Z,KXBTC15M-26OCT050100-00,0.0020,238.17,yes
2026-10-05T04:59:09.203914Z,KXBTC15M-26OCT050100-00,0.0020,11.18,yes
2026-10-05T04:59:09.352449Z,KXBTC15M-26OCT050100-00,0.0010,325.30,no
2026-10-05T04:59:09.466412Z,KXBTC15M-26OCT050100-00,0.0010,200.18,no
2026-10-05T04:59:09.736267Z,KXBTC15M-26OCT050100-00,0.0020,0.73,yes
2026-10-05T04:59:09.804711Z,KXBTC15M-26OCT050100-00,0.0020,375.57,yes
2026-10-05T04:59:09.82424Z,KXBTC15M-26OCT050100-00,0.0020,22.27,yes
2026-10-05T04:59:10.011767Z,KXBTC15M-26OCT050100-00,0.0020,8.02,yes
2026-10-05T04:59:10.063447Z,KXBTC15M-26OCT050100-00,0.0020,1.91,yes
2026-10-05T04:59:10.155232Z,KXBTC15M-26OCT050100-00,0.0010,82.37,no
2026-10-05T04:59:10.15673Z,KXBTC15M-26OCT050100-00,0.0020,916.02,yes
2026-10-05T04:59:10.192357Z,KXBTC15M-26OCT050100-00,0.0010,278.00,no
2026-10-05T04:59:10.207365Z,KXBTC15M-26OCT050100-00,0.0010,5.02,no
2026-10-05T04:59:10.354232Z,KXBTC15M-26OCT050100-00,0.0010,500.46,no
2026-10-05T04:59:10.370184Z,KXBTC15M-26OCT050100-00,0.0020,7.97,yes
2026-10-05T04:59:10.416252Z,KXBTC15M-26OCT050100-00,0.0020,6.63,yes
2026-10-05T04:59:10.45809Z,KXBTC15M-26OCT050100-00,0.0010,100.00,no
2026-10-05T04:59:10.493569Z,KXBTC15M-26OCT050100-00,0.0010,100.00,no
2026-10-05T04:59:10.497069Z,KXBTC15M-26OCT050100-00,0.0010,100.00,no
2026-10-05T04:59:10.501572Z,KXBTC15M-26OCT050100-00,0.0010,100.00,no
2026-10-05T04:59:10.504222Z,KXBTC15M-26OCT050100-00,0.0020,458.01,yes
2026-10-05T04:59:10.518496Z,KXBTC15M-26OCT050100-00,0.0010,100.00,no
2026-10-05T04:59:10.52584Z,KXBTC15M-26OCT050100-00,0.0020,88.79,yes
2026-10-05T04:59:10.528996Z,KXBTC15M-26OCT050100-00,0.0020,61.25,yes
2026-10-05T04:59:10.546919Z,KXBTC15M-26OCT050100-00,0.0010,100.00,no
2026-10-05T04:59:10.571554Z,KXBTC15M-26OCT050100-00,0.0020,18.37,yes
2026-10-05T04:59:10.670281Z,KXBTC15M-26OCT050100-00,0.0020,1468.35,yes
2026-10-05T04:59:10.681289Z,KXBTC15M-26OCT050100-00,0.0020,14.34,yes
2026-10-05T04:59:10.802266Z,KXBTC15M-26OCT050100-00,0.0020,0.02,yes
2026-10-05T04:59:10.802635Z,KXBTC15M-26OCT050100-00,0.0020,0.02,yes
2026-10-05T04:59:10.806992Z,KXBTC15M-26OCT050100-00,0.0020,0.02,yes
2026-10-05T04:59:10.850143Z,KXBTC15M-26OCT050100-00,0.0020,2.00,yes
2026-10-05T04:59:10.988901Z,KXBTC15M-26OCT050100-00,0.0010,41.69,no
2026-10-05T04:59:11.024797Z,KXBTC15M-26OCT050100-00,0.0020,3664.06,yes
2026-10-05T04:59:11.097927Z,KXBTC15M-26OCT050100-00,0.0010,0.10,no
2026-10-05T04:59:11.125933Z,KXBTC15M-26OCT050100-00,0.0020,22.92,yes
2026-10-05T04:59:11.172868Z,KXBTC15M-26OCT050100-00,0.0020,76.20,yes
2026-10-05T04:59:11.196357Z,KXBTC15M-26OCT050100-00,0.0010,1.00,no
2026-10-05T04:59:11.298478Z,KXBTC15M-26OCT050100-00,0.0010,6.29,no
2026-10-05T04:59:11.307456Z,KXBTC15M-26OCT050100-00,0.0020,0.02,yes
2026-10-05T04:59:11.307571Z,KXBTC15M-26OCT050100-00,0.0020,1000.00,yes
2026-10-05T04:59:11.308861Z,KXBTC15M-26OCT050100-00,0.0020,36.24,yes
2026-10-05T04:59:11.326161Z,KXBTC15M-26OCT050100-00,0.0010,54.02,no
2026-10-05T04:59:11.372959Z,KXBTC15M-26OCT050100-00,0.0020,458.01,yes
2026-10-05T04:59:11.443688Z,KXBTC15M-26OCT050100-00,0.0010,19.50,no
2026-10-05T04:59:11.447834Z,KXBTC15M-26OCT050100-00,0.0020,100.00,yes
2026-10-05T04:59:11.533228Z,KXBTC15M-26OCT050100-00,0.0020,20.10,yes
2026-10-05T04:59:11.603402Z,KXBTC15M-26OCT050100-00,0.0020,1.20,yes
2026-10-05T04:59:11.611235Z,KXBTC15M-26OCT050100-00,0.0010,1468.00,no
2026-10-05T04:59:11.616769Z,KXBTC15M-26OCT050100-00,0.0020,458.01,yes
2026-10-05T04:59:11.714169Z,KXBTC15M-26OCT050100-00,0.0010,67.45,no
2026-10-05T04:59:11.725563Z,KXBTC15M-26OCT050100-00,0.0020,10.25,yes
2026-10-05T04:59:11.743976Z,KXBTC15M-26OCT050100-00,0.0010,20018.61,no
2026-10-05T04:59:11.805354Z,KXBTC15M-26OCT050100-00,0.0010,23.42,no
2026-10-05T04:59:11.830816Z,KXBTC15M-26OCT050100-00,0.0020,357.33,yes
2026-10-05T04:59:11.830816Z,KXBTC15M-26OCT050100-00,0.0020,73.29,yes
2026-10-05T04:59:11.830816Z,KXBTC15M-26OCT050100-00,0.0020,20.00,yes
2026-10-05T04:59:11.830816Z,KXBTC15M-26OCT050100-00,0.0020,376.00,yes
2026-10-05T04:59:11.830816Z,KXBTC15M-26OCT050100-00,0.0020,1189.65,yes
2026-10-05T04:59:11.830816Z,KXBTC15M-26OCT050100-00,0.0020,176.52,yes
2026-10-05T04:59:11.830816Z,KXBTC15M-26OCT050100-00,0.0020,8.66,yes
2026-10-05T04:59:11.830816Z,KXBTC15M-26OCT050100-00,0.0020,0.01,yes
2026-10-05T04:59:11.830816Z,KXBTC15M-26OCT050100-00,0.0020,426.00,yes
2026-10-05T04:59:11.830816Z,KXBTC15M-26OCT050100-00,0.0020,0.02,yes
2026-10-05T04:59:11.830816Z,KXBTC15M-26OCT050100-00,0.0020,500.46,yes
2026-10-05T04:59:11.830816Z,KXBTC15M-26OCT050100-00,0.0020,278.00,yes
2026-10-05T04:59:11.830816Z,KXBTC15M-26OCT050100-00,0.0020,5.02,yes
2026-10-05T04:59:11.830816Z,KXBTC15M-26OCT050100-00,0.0020,100.00,yes
2026-10-05T04:59:11.830816Z,KXBTC15M-26OCT050100-00,0.0020,82.37,yes
2026-10-05T04:59:11.830816Z,KXBTC15M-26OCT050100-00,0.0020,12.69,yes
2026-10-05T04:59:11.830816Z,KXBTC15M-26OCT050100-00,0.0020,500.46,yes
2026-10-05T04:59:11.830816Z,KXBTC15M-26OCT050100-00,0.0020,175.16,yes
2026-10-05T04:59:11.830816Z,KXBTC15M-26OCT050100-00,0.0020,49.91,yes
2026-10-05T04:59:11.830816Z,KXBTC15M-26OCT050100-00,0.0020,11.89,yes
2026-10-05T04:59:11.830816Z,KXBTC15M-26OCT050100-00,0.0020,1.00,yes
2026-10-05T04:59:11.830816Z,KXBTC15M-26OCT050100-00,0.0020,15.31,yes
2026-10-05T04:59:11.830816Z,KXBTC15M-26OCT050100-00,0.0020,3.00,yes
2026-10-05T04:59:11.830816Z,KXBTC15M-26OCT050100-00,0.0020,200.18,yes
2026-10-05T04:59:11.830816Z,KXBTC15M-26OCT050100-00,0.0020,1088.00,yes
2026-10-05T04:59:11.830816Z,KXBTC15M-26OCT050100-00,0.0020,325.30,yes
2026-10-05T04:59:11.883814Z,KXBTC15M-26OCT050100-00,0.0020,87.31,yes
2026-10-05T04:59:11.883814Z,KXBTC15M-26OCT050100-00,0.0020,100.00,yes
2026-10-05T04:59:11.883814Z,KXBTC15M-26OCT050100-00,0.0020,100.00,yes
2026-10-05T04:59:11.883814Z,KXBTC15M-26OCT050100-00,0.0020,100.00,yes
2026-10-05T04:59:11.883814Z,KXBTC15M-26OCT050100-00,0.0020,5.03,yes
2026-10-05T04:59:11.960755Z,KXBTC15M-26OCT050100-00,0.0020,34.03,yes
2026-10-05T04:59:11.98403Z,KXBTC15M-26OCT050100-00,0.0020,12.26,yes
2026-10-05T04:59:12.008249Z,KXBTC15M-26OCT050100-00,0.0020,23.08,yes
2026-10-05T04:59:12.036505Z,KXBTC15M-26OCT050100-00,0.0010,1000.00,no
2026-10-05T04:59:12.06335Z,KXBTC15M-26OCT050100-00,0.0020,4.57,yes
2026-10-05T04:59:12.254741Z,KXBTC15M-26OCT050100-00,0.0020,2.00,yes
2026-10-05T04:59:12.344994Z,KXBTC15M-26OCT050100-00,0.0010,145.79,no
2026-10-05T04:59:12.346528Z,KXBTC15M-26OCT050100-00,0.0020,15.00,yes
2026-10-05T04:59:12.414026Z,KXBTC15M-26OCT050100-00,0.0020,4.03,yes
2026-10-05T04:59:12.414026Z,KXBTC15M-26OCT050100-00,0.0020,26.91,yes
2026-10-05T04:59:12.430025Z,KXBTC15M-26OCT050100-00,0.0020,54.02,yes
2026-10-05T04:59:12.430025Z,KXBTC15M-26OCT050100-00,0.0020,1.00,yes
2026-10-05T04:59:12.430025Z,KXBTC15M-26OCT050100-00,0.0020,19.50,yes
2026-10-05T04:59:12.430025Z,KXBTC15M-26OCT050100-00,0.0020,371.66,yes
2026-10-05T04:59:12.430025Z,KXBTC15M-26OCT050100-00,0.0020,0.01,yes
2026-10-05T04:59:12.430025Z,KXBTC15M-26OCT050100-00,0.0020,6.29,yes
2026-10-05T04:59:12.430025Z,KXBTC15M-26OCT050100-00,0.0020,0.10,yes
2026-10-05T04:59:12.430025Z,KXBTC15M-26OCT050100-00,0.0020,14.78,yes
2026-10-05T04:59:12.456445Z,KXBTC15M-26OCT050100-00,0.0020,458.01,yes
2026-10-05T04:59:12.492742Z,KXBTC15M-26OCT050100-00,0.0010,200.00,no
2026-10-05T04:59:12.50321Z,KXBTC15M-26OCT050100-00,0.0020,24.09,yes
2026-10-05T04:59:12.624325Z,KXBTC15M-26OCT050100-00,0.0020,10.00,yes
2026-10-05T04:59:12.701891Z,KXBTC15M-26OCT050100-00,0.0020,11.52,yes
2026-10-05T04:59:12.941355Z,KXBTC15M-26OCT050100-00,0.0010,90.08,no
2026-10-05T04:59:12.969122Z,KXBTC15M-26OCT050100-00,0.0020,592.72,yes
2026-10-05T04:59:12.969122Z,KXBTC15M-26OCT050100-00,0.0020,67.45,yes
2026-10-05T04:59:12.969122Z,KXBTC15M-26OCT050100-00,0.0020,372.67,yes
2026-10-05T04:59:13.198778Z,KXBTC15M-26OCT050100-00,0.0020,59.48,yes
2026-10-05T04:59:13.199763Z,KXBTC15M-26OCT050100-00,0.0020,71.26,yes
2026-10-05T04:59:13.295249Z,KXBTC15M-26OCT050100-00,0.0020,12.88,yes
2026-10-05T04:59:13.417295Z,KXBTC15M-26OCT050100-00,0.0010,26.09,no
2026-10-05T04:59:13.423734Z,KXBTC15M-26OCT050100-00,0.0010,16.42,no
2026-10-05T04:59:13.463573Z,KXBTC15M-26OCT050100-00,0.0020,1.08,yes
2026-10-05T04:59:13.53752Z,KXBTC15M-26OCT050100-00,0.0010,15.02,no
2026-10-05T04:59:13.568464Z,KXBTC15M-26OCT050100-00,0.0020,16.55,yes
2026-10-05T04:59:13.610012Z,KXBTC15M-26OCT050100-00,0.0020,114.50,yes
2026-10-05T04:59:13.793346Z,KXBTC15M-26OCT050100-00,0.0020,224.34,yes
2026-10-05T04:59:13.890267Z,KXBTC15M-26OCT050100-00,0.0020,257.04,yes
2026-10-05T04:59:13.897399Z,KXBTC15M-26OCT050100-00,0.0020,66.46,yes
2026-10-05T04:59:13.966619Z,KXBTC15M-26OCT050100-00,0.0020,0.02,yes
2026-10-05T04:59:13.970739Z,KXBTC15M-26OCT050100-00,0.0020,0.02,yes
2026-10-05T04:59:13.977692Z,KXBTC15M-26OCT050100-00,0.0020,0.02,yes
2026-10-05T04:59:13.979412Z,KXBTC15M-26OCT050100-00,0.0020,1000.00,yes
2026-10-05T04:59:14.001454Z,KXBTC15M-26OCT050100-00,0.0020,5.38,yes
2026-10-05T04:59:14.013253Z,KXBTC15M-26OCT050100-00,0.0010,12502.00,no
2026-10-05T04:59:14.016198Z,KXBTC15M-26OCT050100-00,0.0010,70.47,no
2026-10-05T04:59:14.02163Z,KXBTC15M-26OCT050100-00,0.0010,94.07,no
2026-10-05T04:59:14.037369Z,KXBTC15M-26OCT050100-00,0.0010,0.02,no
2026-10-05T04:59:14.07456Z,KXBTC15M-26OCT050100-00,0.0010,20.00,no
2026-10-05T04:59:14.178582Z,KXBTC15M-26OCT050100-00,0.0020,412.00,yes
2026-10-05T04:59:14.320388Z,KXBTC15M-26OCT050100-00,0.0010,473.48,no
2026-10-05T04:59:14.398048Z,KXBTC15M-26OCT050100-00,0.0010,200.18,no
2026-10-05T04:59:14.432482Z,KXBTC15M-26OCT050100-00,0.0020,114.50,yes
2026-10-05T04:59:14.459801Z,KXBTC15M-26OCT050100-00,0.0010,100.00,no
2026-10-05T04:59:14.473204Z,KXBTC15M-26OCT050100-00,0.0010,100.00,no
2026-10-05T04:59:14.547907Z,KXBTC15M-26OCT050100-00,0.0020,45.00,yes
2026-10-05T04:59:14.695302Z,KXBTC15M-26OCT050100-00,0.0010,200.61,no
2026-10-05T04:59:14.713979Z,KXBTC15M-26OCT050100-00,0.0010,13.01,no
2026-10-05T04:59:14.781706Z,KXBTC15M-26OCT050100-00,0.0010,0.07,no
2026-10-05T04:59:14.844534Z,KXBTC15M-26OCT050100-00,0.0020,0.30,yes
2026-10-05T04:59:14.876632Z,KXBTC15M-26OCT050100-00,0.0020,137.43,yes
2026-10-05T04:59:15.03029Z,KXBTC15M-26OCT050100-00,0.0020,245.90,yes
2026-10-05T04:59:15.426443Z,KXBTC15M-26OCT050100-00,0.0010,726.72,no
2026-10-05T04:59:15.472316Z,KXBTC15M-26OCT050100-00,0.0010,67.00,no
2026-10-05T04:59:15.4789Z,KXBTC15M-26OCT050100-00,0.0010,1127.12,no
2026-10-05T04:59:15.577713Z,KXBTC15M-26OCT050100-00,0.0020,36.14,yes
2026-10-05T04:59:15.59027Z,KXBTC15M-26OCT050100-00,0.0020,15.12,yes
2026-10-05T04:59:15.701025Z,KXBTC15M-26OCT050100-00,0.0010,30.20,no
2026-10-05T04:59:15.813459Z,KXBTC15M-26OCT050100-00,0.0010,2.00,no
2026-10-05T04:59:16.020273Z,KXBTC15M-26OCT050100-00,0.0020,3.06,yes
2026-10-05T04:59:16.054396Z,KXBTC15M-26OCT050100-00,0.0020,1094.00,yes
2026-10-05T04:59:16.178057Z,KXBTC15M-26OCT050100-00,0.0020,1374.03,yes
2026-10-05T04:59:16.191751Z,KXBTC15M-26OCT050100-00,0.0020,60.04,yes
2026-10-05T04:59:16.226308Z,KXBTC15M-26OCT050100-00,0.0020,297.71,yes
2026-10-05T04:59:16.227493Z,KXBTC15M-26OCT050100-00,0.0010,80.00,no
2026-10-05T04:59:16.28136Z,KXBTC15M-26OCT050100-00,0.0020,89.75,yes
2026-10-05T04:59:16.286317Z,KXBTC15M-26OCT050100-00,0.0020,458.01,yes
2026-10-05T04:59:16.321513Z,KXBTC15M-26OCT050100-00,0.0020,229.01,yes
2026-10-05T04:59:16.46395Z,KXBTC15M-26OCT050100-00,0.0020,200.00,yes
2026-10-05T04:59:16.47427Z,KXBTC15M-26OCT050100-00,0.0020,24.59,yes
2026-10-05T04:59:16.50049Z,KXBTC15M-26OCT050100-00,0.0010,5.00,no
2026-10-05T04:59:16.6947Z,KXBTC15M-26OCT050100-00,0.0020,0.52,yes
2026-10-05T04:59:16.744407Z,KXBTC15M-26OCT050100-00,0.0020,24.36,yes
2026-10-05T04:59:16.746905Z,KXBTC15M-26OCT050100-00,0.0020,4580.06,yes
2026-10-05T04:59:16.807486Z,KXBTC15M-26OCT050100-00,0.0010,0.16,no
2026-10-05T04:59:16.856749Z,KXBTC15M-26OCT050100-00,0.0010,17.32,no
2026-10-05T04:59:16.868169Z,KXBTC15M-26OCT050100-00,0.0020,15.86,yes
2026-10-05T04:59:16.952267Z,KXBTC15M-26OCT050100-00,0.0010,103.09,no
2026-10-05T04:59:16.979346Z,KXBTC15M-26OCT050100-00,0.0020,4.00,yes
2026-10-05T04:59:17.011476Z,KXBTC15M-26OCT050100-00,0.0020,458.01,yes
2026-10-05T04:59:17.10176Z,KXBTC15M-26OCT050100-00,0.0020,91.62,yes
2026-10-05T04:59:17.214447Z,KXBTC15M-26OCT050100-00,0.0020,1374.03,yes
2026-10-05T04:59:17.237954Z,KXBTC15M-26OCT050100-00,0.0010,1000.93,no
2026-10-05T04:59:17.29968Z,KXBTC15M-26OCT050100-00,0.0020,5.00,yes
2026-10-05T04:59:17.340595Z,KXBTC15M-26OCT050100-00,0.0020,20.09,yes
2026-10-05T04:59:17.416612Z,KXBTC15M-26OCT050100-00,0.0010,40.00,no
2026-10-05T04:59:17.453215Z,KXBTC15M-26OCT050100-00,0.0010,54.81,no
2026-10-05T04:59:17.643838Z,KXBTC15M-26OCT050100-00,0.0010,4154.87,no
2026-10-05T04:59:17.67824Z,KXBTC15M-26OCT050100-00,0.0010,2.00,no
2026-10-05T04:59:17.702556Z,KXBTC15M-26OCT050100-00,0.0020,89.33,yes
2026-10-05T04:59:17.722282Z,KXBTC15M-26OCT050100-00,0.0020,167.25,yes
2026-10-05T04:59:17.798749Z,KXBTC15M-26OCT050100-00,0.0020,2.15,yes
2026-10-05T04:59:17.977629Z,KXBTC15M-26OCT050100-00,0.0020,625.64,yes
2026-10-05T04:59:18.131433Z,KXBTC15M-26OCT050100-00,0.0020,39.53,yes
2026-10-05T04:59:18.149956Z,KXBTC15M-26OCT050100-00,0.0010,9.00,no
2026-10-05T04:59:18.159357Z,KXBTC15M-26OCT050100-00,0.0020,1056.07,yes
2026-10-05T04:59:18.208726Z,KXBTC15M-26OCT050100-00,0.0020,124.48,yes
2026-10-05T04:59:18.401532Z,KXBTC15M-26OCT050100-00,0.0010,14.50,no
2026-10-05T04:59:18.409116Z,KXBTC15M-26OCT050100-00,0.0020,458.01,yes
2026-10-05T04:59:18.485611Z,KXBTC15M-26OCT050100-00,0.0020,1079.80,yes
2026-10-05T04:59:18.527363Z,KXBTC15M-26OCT050100-00,0.0010,1500.00,no
2026-10-05T04:59:18.527664Z,KXBTC15M-26OCT050100-00,0.0010,500.00,no
2026-10-05T04:59:18.531767Z,KXBTC15M-26OCT050100-00,0.0010,200.00,no
2026-10-05T04:59:18.532377Z,KXBTC15M-26OCT050100-00,0.0010,2000.00,no
2026-10-05T04:59:18.535153Z,KXBTC15M-26OCT050100-00,0.0010,400.00,no
2026-10-05T04:59:18.551333Z,KXBTC15M-26OCT050100-00,0.0010,300.00,no
2026-10-05T04:59:18.556738Z,KXBTC15M-26OCT050100-00,0.0010,20018.61,no
2026-10-05T04:59:18.565575Z,KXBTC15M-26OCT050100-00,0.0010,1000.00,no
2026-10-05T04:59:18.569511Z,KXBTC15M-26OCT050100-00,0.0010,500.00,no
2026-10-05T04:59:18.689167Z,KXBTC15M-26OCT050100-00,0.0020,458.01,yes
2026-10-05T04:59:18.824801Z,KXBTC15M-26OCT050100-00,0.0010,1929.34,no
2026-10-05T04:59:18.827005Z,KXBTC15M-26OCT050100-00,0.0020,149.00,yes
2026-10-05T04:59:18.833689Z,KXBTC15M-26OCT050100-00,0.0010,0.21,no
2026-10-05T04:59:18.970973Z,KXBTC15M-26OCT050100-00,0.0020,200.00,yes
2026-10-05T04:59:18.989858Z,KXBTC15M-26OCT050100-00,0.0020,6.41,yes
2026-10-05T04:59:19.108973Z,KXBTC15M-26OCT050100-00,0.0020,45.80,yes
2026-10-05T04:59:19.146632Z,KXBTC15M-26OCT050100-00,0.0010,52.04,no
2026-10-05T04:59:19.170827Z,KXBTC15M-26OCT050100-00,0.0020,529.01,yes
2026-10-05T04:59:19.248175Z,KXBTC15M-26OCT050100-00,0.0010,15388.86,no
2026-10-05T04:59:19.270832Z,KXBTC15M-26OCT050100-00,0.0020,135.13,yes
2026-10-05T04:59:19.316815Z,KXBTC15M-26OCT050100-00,0.0010,81.06,no
2026-10-05T04:59:19.358495Z,KXBTC15M-26OCT050100-00,0.0020,201.01,yes
2026-10-05T04:59:19.449353Z,KXBTC15M-26OCT050100-00,0.0020,45.00,yes
2026-10-05T04:59:19.454848Z,KXBTC15M-26OCT050100-00,0.0010,100.00,no
2026-10-05T04:59:19.455343Z,KXBTC15M-26OCT050100-00,0.0010,100.00,no
2026-10-05T04:59:19.489306Z,KXBTC15M-26OCT050100-00,0.0010,100.00,no
2026-10-05T04:59:19.492454Z,KXBTC15M-26OCT050100-00,0.0010,100.00,no
2026-10-05T04:59:19.624451Z,KXBTC15M-26OCT050100-00,0.0010,27.79,no
2026-10-05T04:59:19.65809Z,KXBTC15M-26OCT050100-00,0.0020,5.24,yes
2026-10-05T04:59:19.750381Z,KXBTC15M-26OCT050100-00,0.0010,25.54,no
2026-10-05T04:59:19.770023Z,KXBTC15M-26OCT050100-00,0.0010,63.45,no
2026-10-05T04:59:19.84675Z,KXBTC15M-26OCT050100-00,0.0010,33.68,no
2026-10-05T04:59:19.848801Z,KXBTC15M-26OCT050100-00,0.0010,1000.00,no
2026-10-05T04:59:20.045363Z,KXBTC15M-26OCT050100-00,0.0010,0.02,no
2026-10-05T04:59:20.206666Z,KXBTC15M-26OCT050100-00,0.0010,171.15,no
2026-10-05T04:59:20.331796Z,KXBTC15M-26OCT050100-00,0.0010,1.00,no
2026-10-05T04:59:20.331796Z,KXBTC15M-26OCT050100-00,0.0010,120.00,no
2026-10-05T04:59:20.331796Z,KXBTC15M-26OCT050100-00,0.0010,1.00,no
2026-10-05T04:59:20.331796Z,KXBTC15M-26OCT050100-00,0.0010,1.00,no
2026-10-05T04:59:20.331796Z,KXBTC15M-26OCT050100-00,0.0010,2000.00,no
2026-10-05T04:59:20.331796Z,KXBTC15M-26OCT050100-00,0.0010,1177.50,no
2026-10-05T04:59:20.331796Z,KXBTC15M-26OCT050100-00,0.0010,200.00,no
2026-10-05T04:59:20.331796Z,KXBTC15M-26OCT050100-00,0.0010,45533.83,no
2026-10-05T04:59:20.331796Z,KXBTC15M-26OCT050100-00,0.0010,200.00,no
2026-10-05T04:59:20.331796Z,KXBTC15M-26OCT050100-00,0.0010,200.00,no
2026-10-05T04:59:20.331796Z,KXBTC15M-26OCT050100-00,0.0010,100.00,no
2026-10-05T04:59:20.331796Z,KXBTC15M-26OCT050100-00,0.0010,180.00,no
2026-10-05T04:59:20.331796Z,KXBTC15M-26OCT050100-00,0.0010,35.21,no
2026-10-05T04:59:20.331796Z,KXBTC15M-26OCT050100-00,0.0010,19.41,no
2026-10-05T04:59:20.331796Z,KXBTC15M-26OCT050100-00,0.0010,231.05,no
2026-10-05T04:59:20.337874Z,KXBTC15M-26OCT050100-00,0.0010,94.75,no
2026-10-05T04:59:20.338297Z,KXBTC15M-26OCT050100-00,0.0010,25.54,no
2026-10-05T04:59:20.338427Z,KXBTC15M-26OCT050100-00,0.0010,26.09,no
2026-10-05T04:59:20.338715Z,KXBTC15M-26OCT050100-00,0.0010,30.20,no
2026-10-05T04:59:20.338858Z,KXBTC15M-26OCT050100-00,0.0010,63.45,no
2026-10-05T04:59:20.338882Z,KXBTC15M-26OCT050100-00,0.0010,33.68,no
2026-10-05T04:59:20.338933Z,KXBTC15M-26OCT050100-00,0.0010,40.00,no
2026-10-05T04:59:20.338958Z,KXBTC15M-26OCT050100-00,0.0010,70.47,no
2026-10-05T04:59:20.338973Z,KXBTC15M-26OCT050100-00,0.0010,20.00,no
2026-10-05T04:59:20.3389Z,KXBTC15M-26OCT050100-00,0.0010,23.42,no
2026-10-05T04:59:20.339108Z,KXBTC15M-26OCT050100-00,0.0010,81.06,no
2026-10-05T04:59:20.339133Z,KXBTC15M-26OCT050100-00,0.0010,80.00,no
2026-10-05T04:59:20.339318Z,KXBTC15M-26OCT050100-00,0.0010,52.04,no
2026-10-05T04:59:20.339368Z,KXBTC15M-26OCT050100-00,0.0010,100.00,no
2026-10-05T04:59:20.339466Z,KXBTC15M-26OCT050100-00,0.0010,67.00,no
2026-10-05T04:59:20.339645Z,KXBTC15M-26OCT050100-00,0.0010,200.00,no
2026-10-05T04:59:20.339686Z,KXBTC15M-26OCT050100-00,0.0010,100.00,no
2026-10-05T04:59:20.339688Z,KXBTC15M-26OCT050100-00,0.0010,208.59,no
2026-10-05T04:59:20.339688Z,KXBTC15M-26OCT050100-00,0.0010,10.00,no
2026-10-05T04:59:20.339688Z,KXBTC15M-26OCT050100-00,0.0010,0.01,no
2026-10-05T04:59:20.339688Z,KXBTC15M-26OCT050100-00,0.0010,40.00,no
2026-10-05T04:59:20.339688Z,KXBTC15M-26OCT050100-00,0.0010,10.00,no
2026-10-05T04:59:20.339688Z,KXBTC15M-26OCT050100-00,0.0010,0.70,no
2026-10-05T04:59:20.339688Z,KXBTC15M-26OCT050100-00,0.0010,100.00,no
2026-10-05T04:59:20.339688Z,KXBTC15M-26OCT050100-00,0.0010,1.00,no
2026-10-05T04:59:20.339688Z,KXBTC15M-26OCT050100-00,0.0010,500.00,no
2026-10-05T04:59:20.339688Z,KXBTC15M-26OCT050100-00,0.0010,0.01,no
2026-10-05T04:59:20.339688Z,KXBTC15M-26OCT050100-00,0.0010,10.00,no
2026-10-05T04:59:20.339688Z,KXBTC15M-26OCT050100-00,0.0010,1661.25,no
2026-10-05T04:59:20.339688Z,KXBTC15M-26OCT050100-00,0.0010,2.00,no
2026-10-05T04:59:20.339688Z,KXBTC15M-26OCT050100-00,0.0010,2.00,no
2026-10-05T04:59:20.339688Z,KXBTC15M-26OCT050100-00,0.0010,637.07,no
2026-10-05T04:59:20.339688Z,KXBTC15M-26OCT050100-00,0.0010,150.00,no
2026-10-05T04:59:20.339688Z,KXBTC15M-26OCT050100-00,0.0010,2386.36,no
2026-10-05T04:59:20.339688Z,KXBTC15M-26OCT050100-00,0.0010,6.00,no
2026-10-05T04:59:20.339688Z,KXBTC15M-26OCT050100-00,0.0010,2.00,no
2026-10-05T04:59:20.47115Z,KXBTC15M-26OCT050100-00,0.0010,39.27,yes
2026-10-05T04:59:20.519433Z,KXBTC15M-26OCT050100-00,0.0010,290.90,yes
2026-10-05T04:59:20.531749Z,KXBTC15M-26OCT050100-00,0.0010,20.94,yes
2026-10-05T04:59:20.673307Z,KXBTC15M-26OCT050100-00,0.0010,10.80,yes
2026-10-05T04:59:20.787035Z,KXBTC15M-26OCT050100-00,0.0010,6.24,yes
2026-10-05T04:59:20.889267Z,KXBTC15M-26OCT050100-00,0.0010,915.99,yes
2026-10-05T04:59:20.995903Z,KXBTC15M-26OCT050100-00,0.0010,4486.31,yes
2026-10-05T04:59:20.996051Z,KXBTC15M-26OCT050100-00,0.0010,1.00,yes
2026-10-05T04:59:21.074847Z,KXBTC15M-26OCT050100-00,0.0010,17.47,yes
2026-10-05T04:59:21.288627Z,KXBTC15M-26OCT050100-00,0.0010,140.19,yes
2026-10-05T04:59:21.466027Z,KXBTC15M-26OCT050100-00,0.0010,915.99,yes
2026-10-05T04:59:21.471541Z,KXBTC15M-26OCT050100-00,0.0010,873.04,yes
2026-10-05T04:59:21.475648Z,KXBTC15M-26OCT050100-00,0.0010,38.25,yes
2026-10-05T04:59:21.475648Z,KXBTC15M-26OCT050100-00,0.0010,1943.73,yes
2026-10-05T04:59:21.475648Z,KXBTC15M-26OCT050100-00,0.0010,100.00,yes
2026-10-05T04:59:21.475648Z,KXBTC15M-26OCT050100-00,0.0010,200.00,yes
2026-10-05T04:59:21.475648Z,KXBTC15M-26OCT050100-00,0.0010,54.81,yes
2026-10-05T04:59:21.563117Z,KXBTC15M-26OCT050100-00,0.0010,24.36,yes
2026-10-05T04:59:21.802237Z,KXBTC15M-26OCT050100-00,0.0010,94.07,yes
2026-10-05T04:59:21.802237Z,KXBTC15M-26OCT050100-00,0.0010,100.00,yes
2026-10-05T04:59:21.802237Z,KXBTC15M-26OCT050100-00,0.0010,27.47,yes
2026-10-05T04:59:21.802237Z,KXBTC15M-26OCT050100-00,0.0010,100.00,yes
2026-10-05T04:59:21.802237Z,KXBTC15M-26OCT050100-00,0.0010,27.79,yes
2026-10-05T04:59:21.802237Z,KXBTC15M-26OCT050100-00,0.0010,1208.63,yes
2026-10-05T04:59:21.883404Z,KXBTC15M-26OCT050100-00,0.0010,915.99,yes
2026-10-05T04:59:22.202056Z,KXBTC15M-26OCT050100-00,0.0010,1831.90,yes
2026-10-05T04:59:22.319788Z,KXBTC15M-26OCT050100-00,0.0010,989.90,yes
2026-10-05T04:59:22.319788Z,KXBTC15M-26OCT050100-00,0.0010,1000.00,yes
2026-10-05T04:59:22.319788Z,KXBTC15M-26OCT050100-00,0.0010,500.00,yes
2026-10-05T04:59:22.319788Z,KXBTC15M-26OCT050100-00,0.0010,1929.34,yes
2026-10-05T04:59:22.319788Z,KXBTC15M-26OCT050100-00,0.0010,500.00,yes
2026-10-05T04:59:22.319788Z,KXBTC15M-26OCT050100-00,0.0010,198.35,yes
2026-10-05T04:59:22.319788Z,KXBTC15M-26OCT050100-00,0.0010,1000.93,yes
2026-10-05T04:59:22.319788Z,KXBTC15M-26OCT050100-00,0.0010,103.09,yes
2026-10-05T04:59:22.319788Z,KXBTC15M-26OCT050100-00,0.0010,473.48,yes
2026-10-05T04:59:22.319788Z,KXBTC15M-26OCT050100-00,0.0010,200.18,yes
2026-10-05T04:59:22.319788Z,KXBTC15M-26OCT050100-00,0.0010,2090.24,yes
2026-10-05T04:59:22.345303Z,KXBTC15M-26OCT050100-00,0.0010,1.00,yes
2026-10-05T04:59:22.449078Z,KXBTC15M-26OCT050100-00,0.0010,75.75,yes
2026-10-05T04:59:22.514544Z,KXBTC15M-26OCT050100-00,0.0010,409.30,yes
2026-10-05T04:59:22.640378Z,KXBTC15M-26OCT050100-00,0.0010,29.17,yes
2026-10-05T04:59:22.663008Z,KXBTC15M-26OCT050100-00,0.0010,111.38,yes
2026-10-05T04:59:22.719017Z,KXBTC15M-26OCT050100-00,0.0010,53.00,yes
2026-10-05T04:59:22.745155Z,KXBTC15M-26OCT050100-00,0.0010,915.99,yes
2026-10-05T04:59:22.851552Z,KXBTC15M-26OCT050100-00,0.0010,300.00,yes
2026-10-05T04:59:22.851552Z,KXBTC15M-26OCT050100-00,0.0010,43.38,yes
2026-10-05T04:59:22.851552Z,KXBTC15M-26OCT050100-00,0.0010,8816.17,yes
2026-10-05T04:59:22.888107Z,KXBTC15M-26OCT050100-00,0.0010,1.21,yes
2026-10-05T04:59:22.911217Z,KXBTC15M-26OCT050100-00,0.0010,25.77,yes
2026-10-05T04:59:22.964844Z,KXBTC15M-26OCT050100-00,0.0010,26.04,yes
2026-10-05T04:59:22.992803Z,KXBTC15M-26OCT050100-00,0.0010,27.70,yes
2026-10-05T04:59:23.009485Z,KXBTC15M-26OCT050100-00,0.0010,1368.00,yes
2026-10-05T04:59:23.202098Z,KXBTC15M-26OCT050100-00,0.0010,26.00,yes
2026-10-05T04:59:23.242823Z,KXBTC15M-26OCT050100-00,0.0010,71.91,yes
2026-10-05T04:59:23.246918Z,KXBTC15M-26OCT050100-00,0.0010,17.24,yes
2026-10-05T04:59:23.258795Z,KXBTC15M-26OCT050100-00,0.0010,2.00,yes
2026-10-05T04:59:23.397788Z,KXBTC15M-26OCT050100-00,0.0010,3.08,yes
2026-10-05T04:59:23.408434Z,KXBTC15M-26OCT050100-00,0.0010,143.20,yes
2026-10-05T04:59:23.408434Z,KXBTC15M-26OCT050100-00,0.0010,387.67,yes
2026-10-05T04:59:23.630049Z,KXBTC15M-26OCT050100-00,0.0010,12.18,yes
2026-10-05T04:59:23.772571Z,KXBTC15M-26OCT050100-00,0.0010,15.77,yes
2026-10-05T04:59:23.772571Z,KXBTC15M-26OCT050100-00,0.0010,19.36,yes
2026-10-05T04:59:23.790218Z,KXBTC15M-26OCT050100-00,0.0010,58.86,yes
2026-10-05T04:59:23.838785Z,KXBTC15M-26OCT050100-00,0.0010,237.61,yes
2026-10-05T04:59:23.903067Z,KXBTC15M-26OCT050100-00,0.0010,7.85,yes
2026-10-05T04:59:23.922644Z,KXBTC15M-26OCT050100-00,0.0010,64.19,yes
2026-10-05T04:59:24.027612Z,KXBTC15M-26OCT050100-00,0.0010,447.15,yes
2026-10-05T04:59:24.027612Z,KXBTC15M-26OCT050100-00,0.0010,338.85,yes
2026-10-05T04:59:24.16395Z,KXBTC15M-26OCT050100-00,0.0010,0.78,yes
2026-10-05T04:59:24.193046Z,KXBTC15M-26OCT050100-00,0.0010,1.01,yes
2026-10-05T04:59:24.19797Z,KXBTC15M-26OCT050100-00,0.0010,551.06,yes
2026-10-05T04:59:24.19797Z,KXBTC15M-26OCT050100-00,0.0010,288.10,yes
2026-10-05T04:59:24.258328Z,KXBTC15M-26OCT050100-00,0.0010,4.46,yes
2026-10-05T04:59:24.376853Z,KXBTC15M-26OCT050100-00,0.0010,110.73,yes
2026-10-05T04:59:24.376853Z,KXBTC15M-26OCT050100-00,0.0010,107.44,yes
2026-10-05T04:59:24.392792Z,KXBTC15M-26OCT050100-00,0.0010,89.88,yes
2026-10-05T04:59:24.392792Z,KXBTC15M-26OCT050100-00,0.0010,10.30,yes
2026-10-05T04:59:24.437194Z,KXBTC15M-26OCT050100-00,0.0010,458.04,yes
2026-10-05T04:59:24.479605Z,KXBTC15M-26OCT050100-00,0.0010,147.99,yes
2026-10-05T04:59:24.587647Z,KXBTC15M-26OCT050100-00,0.0010,87.66,yes
2026-10-05T04:59:24.587647Z,KXBTC15M-26OCT050100-00,0.0010,383.67,yes
2026-10-05T04:59:24.695216Z,KXBTC15M-26OCT050100-00,0.0010,238.42,yes
2026-10-05T04:59:24.959825Z,KXBTC15M-26OCT050100-00,0.0010,130.35,yes
2026-10-05T04:59:24.959825Z,KXBTC15M-26OCT050100-00,0.0010,801.04,yes
2026-10-05T04:59:25.105572Z,KXBTC15M-26OCT050100-00,0.0010,5.09,yes
2026-10-05T04:59:25.105572Z,KXBTC15M-26OCT050100-00,0.0010,15.44,yes
2026-10-05T04:59:25.401427Z,KXBTC15M-26OCT050100-00,0.0010,88.34,yes
2026-10-05T04:59:25.401427Z,KXBTC15M-26OCT050100-00,0.0010,94.91,yes
2026-10-05T04:59:25.538077Z,KXBTC15M-26OCT050100-00,0.0010,55.16,yes
2026-10-05T04:59:25.62303Z,KXBTC15M-26OCT050100-00,0.0010,119.11,yes
2026-10-05T04:59:25.917499Z,KXBTC15M-26OCT050100-00,0.0010,30.22,yes
2026-10-05T04:59:26.026025Z,KXBTC15M-26OCT050100-00,0.0010,91.62,yes
2026-10-05T04:59:26.055423Z,KXBTC15M-26OCT050100-00,0.0010,42.40,yes
2026-10-05T04:59:26.1032Z,KXBTC15M-26OCT050100-00,0.0010,1500.00,yes
2026-10-05T04:59:26.135694Z,KXBTC15M-26OCT050100-00,0.0010,596.00,yes
2026-10-05T04:59:26.165411Z,KXBTC15M-26OCT050100-00,0.0010,10.01,yes
2026-10-05T04:59:26.229847Z,KXBTC15M-26OCT050100-00,0.0010,289.84,yes
2026-10-05T04:59:26.236679Z,KXBTC15M-26OCT050100-00,0.0010,26.76,yes
2026-10-05T04:59:26.255467Z,KXBTC15M-26OCT050100-00,0.0010,66.00,yes
2026-10-05T04:59:26.285689Z,KXBTC15M-26OCT050100-00,0.0010,109.94,yes
2026-10-05T04:59:26.362095Z,KXBTC15M-26OCT050100-00,0.0010,31.00,yes
2026-10-05T04:59:26.502987Z,KXBTC15M-26OCT050100-00,0.0010,528.96,yes
2026-10-05T04:59:26.613744Z,KXBTC15M-26OCT050100-00,0.0010,183.25,yes
2026-10-05T04:59:26.716174Z,KXBTC15M-26OCT050100-00,0.0010,0.10,yes
2026-10-05T04:59:26.747049Z,KXBTC15M-26OCT050100-00,0.0010,45.85,yes
2026-10-05T04:59:26.850736Z,KXBTC15M-26OCT050100-00,0.0010,75.66,yes
2026-10-05T04:59:26.890977Z,KXBTC15M-26OCT050100-00,0.0010,9159.55,yes
2026-10-05T04:59:26.959808Z,KXBTC15M-26OCT050100-00,0.0010,2.30,yes
2026-10-05T04:59:27.154516Z,KXBTC15M-26OCT050100-00,0.0010,242.00,yes
2026-10-05T04:59:27.397423Z,KXBTC15M-26OCT050100-00,0.0010,1239.00,yes
2026-10-05T04:59:27.417714Z,KXBTC15M-26OCT050100-00,0.0010,5.00,yes
2026-10-05T04:59:27.432192Z,KXBTC15M-26OCT050100-00,0.0010,530.84,yes
2026-10-05T04:59:27.433536Z,KXBTC15M-26OCT050100-00,0.0010,1.00,yes
2026-10-05T04:59:27.48576Z,KXBTC15M-26OCT050100-00,0.0010,75.75,yes
2026-10-05T04:59:27.541523Z,KXBTC15M-26OCT050100-00,0.0010,713.00,yes
2026-10-05T04:59:27.679678Z,KXBTC15M-26OCT050100-00,0.0010,183.25,yes
2026-10-05T04:59:27.690095Z,KXBTC15M-26OCT050100-00,0.0010,17.00,yes
2026-10-05T04:59:27.75521Z,KXBTC15M-26OCT050100-00,0.0010,6.54,yes
2026-10-05T04:59:27.795049Z,KXBTC15M-26OCT050100-00,0.0010,121.15,yes
2026-10-05T04:59:27.815975Z,KXBTC15M-26OCT050100-00,0.0010,915.99,yes
2026-10-05T04:59:27.831382Z,KXBTC15M-26OCT050100-00,0.0010,747.79,yes
2026-10-05T04:59:27.831382Z,KXBTC15M-26OCT050100-00,0.0010,2916.02,yes
2026-10-05T04:59:27.861886Z,KXBTC15M-26OCT050100-00,0.0010,53.06,yes
2026-10-05T04:59:28.001317Z,KXBTC15M-26OCT050100-00,0.0010,111.00,yes
2026-10-05T04:59:28.034463Z,KXBTC15M-26OCT050100-00,0.0010,588.15,yes
2026-10-05T04:59:28.034463Z,KXBTC15M-26OCT050100-00,0.0010,341.85,yes
2026-10-05T04:59:28.098057Z,KXBTC15M-26OCT050100-00,0.0010,1.02,yes
2026-10-05T04:59:28.304308Z,KXBTC15M-26OCT050100-00,0.0010,16823.59,yes
2026-10-05T04:59:28.382182Z,KXBTC15M-26OCT050100-00,0.0010,91.62,yes
2026-10-05T04:59:28.416351Z,KXBTC15M-26OCT050100-00,0.0010,36.01,yes
2026-10-05T04:59:28.584381Z,KXBTC15M-26OCT050100-00,0.0010,8.00,yes
2026-10-05T04:59:28.739297Z,KXBTC15M-26OCT050100-00,0.0010,329.00,yes
2026-10-05T04:59:28.742702Z,KXBTC15M-26OCT050100-00,0.0010,11.64,yes
2026-10-05T04:59:28.84699Z,KXBTC15M-26OCT050100-00,0.0010,9.20,yes
2026-10-05T04:59:28.974108Z,KXBTC15M-26OCT050100-00,0.0010,1.01,yes
2026-10-05T04:59:29.041102Z,KXBTC15M-26OCT050100-00,0.0010,10991.37,yes
2026-10-05T04:59:29.051633Z,KXBTC15M-26OCT050100-00,0.0010,159.25,yes
2026-10-05T04:59:29.134238Z,KXBTC15M-26OCT050100-00,0.0010,223.63,yes
2026-10-05T04:59:29.208601Z,KXBTC15M-26OCT050100-00,0.0010,293.41,yes
2026-10-05T04:59:29.704529Z,KXBTC15M-26OCT050100-00,0.0010,915.99,yes
2026-10-05T04:59:29.807451Z,KXBTC15M-26OCT050100-00,0.0010,373.89,yes
2026-10-05T04:59:29.871907Z,KXBTC15M-26OCT050100-00,0.0010,217.26,yes
2026-10-05T04:59:30.15606Z,KXBTC15M-26OCT050100-00,0.0010,915.99,yes
2026-10-05T04:59:30.274338Z,KXBTC15M-26OCT050100-00,0.0010,100.00,yes
2026-10-05T04:59:30.347782Z,KXBTC15M-26OCT050100-00,0.0010,47.14,yes
2026-10-05T04:59:30.350909Z,KXBTC15M-26OCT050100-00,0.0010,51.00,yes
2026-10-05T04:59:30.429061Z,KXBTC15M-26OCT050100-00,0.0010,915.99,yes
2026-10-05T04:59:30.499815Z,KXBTC15M-26OCT050100-00,0.0010,215.49,yes
2026-10-05T04:59:30.554417Z,KXBTC15M-26OCT050100-00,0.0010,3663.81,yes
2026-10-05T04:59:30.910644Z,KXBTC15M-26OCT050100-00,0.0010,6.23,yes
2026-10-05T04:59:30.948907Z,KXBTC15M-26OCT050100-00,0.0010,16.35,yes
2026-10-05T04:59:31.001672Z,KXBTC15M-26OCT050100-00,0.0010,1.05,yes
2026-10-05T04:59:31.035278Z,KXBTC15M-26OCT050100-00,0.0010,915.99,yes
2026-10-05T04:59:31.130433Z,KXBTC15M-26OCT050100-00,0.0010,16.00,yes
2026-10-05T04:59:31.187684Z,KXBTC15M-26OCT050100-00,0.0010,5.88,yes
2026-10-05T04:59:31.2905Z,KXBTC15M-26OCT050100-00,0.0010,77.36,yes
2026-10-05T04:59:31.576557Z,KXBTC15M-26OCT050100-00,0.0010,4117.02,yes
2026-10-05T04:59:31.593672Z,KXBTC15M-26OCT050100-00,0.0010,91.62,yes
2026-10-05T04:59:31.843419Z,KXBTC15M-26OCT050100-00,0.0010,64.07,yes
2026-10-05T04:59:31.86648Z,KXBTC15M-26OCT050100-00,0.0010,30.00,yes
2026-10-05T04:59:31.966383Z,KXBTC15M-26OCT050100-00,0.0010,81.05,yes
2026-10-05T04:59:32.066136Z,KXBTC15M-26OCT050100-00,0.0010,99.19,yes
2026-10-05T04:59:32.083398Z,KXBTC15M-26OCT050100-00,0.0010,915.99,yes
2026-10-05T04:59:32.100376Z,KXBTC15M-26OCT050100-00,0.0010,39.40,yes
2026-10-05T04:59:32.286597Z,KXBTC15M-26OCT050100-00,0.0010,332.37,yes
2026-10-05T04:59:32.553693Z,KXBTC15M-26OCT050100-00,0.0010,5.52,yes
2026-10-05T04:59:32.660128Z,KXBTC15M-26OCT050100-00,0.0010,149.41,yes
2026-10-05T04:59:32.799963Z,KXBTC15M-26OCT050100-00,0.0010,54.13,yes
2026-10-05T04:59:32.866795Z,KXBTC15M-26OCT050100-00,0.0010,9.20,yes
2026-10-05T04:59:32.980098Z,KXBTC15M-26OCT050100-00,0.0010,94.15,yes
2026-10-05T04:59:33.082928Z,KXBTC15M-26OCT050100-00,0.0010,4.08,yes
2026-10-05T04:59:33.420587Z,KXBTC15M-26OCT050100-00,0.0010,9.20,yes
2026-10-05T04:59:33.608361Z,KXBTC15M-26OCT050100-00,0.0010,915.99,yes
2026-10-05T04:59:33.697088Z,KXBTC15M-26OCT050100-00,0.0010,745.42,yes
2026-10-05T04:59:33.697088Z,KXBTC15M-26OCT050100-00,0.0010,170.57,yes
2026-10-05T04:59:34.360644Z,KXBTC15M-26OCT050100-00,0.0010,201.04,yes
2026-10-05T04:59:34.415466Z,KXBTC15M-26OCT050100-00,0.0010,6262.09,yes
2026-10-05T04:59:34.512739Z,KXBTC15M-26OCT050100-00,0.0010,5691.86,yes
2026-10-05T04:59:34.512739Z,KXBTC15M-26OCT050100-00,0.0010,2697.69,yes
2026-10-05T04:59:34.512739Z,KXBTC15M-26OCT050100-00,0.0010,5.00,yes
2026-10-05T04:59:34.512739Z,KXBTC15M-26OCT050100-00,0.0010,750.00,yes
2026-10-05T04:59:34.512739Z,KXBTC15M-26OCT050100-00,0.0010,15.00,yes
2026-10-05T04:59:34.829282Z,KXBTC15M-26OCT050100-00,0.0010,537.43,yes
2026-10-05T04:59:34.829282Z,KXBTC15M-26OCT050100-00,0.0010,397.26,yes
2026-10-05T04:59:35.104027Z,KXBTC15M-26OCT050100-00,0.0010,38.10,yes
2026-10-05T04:59:35.428754Z,KXBTC15M-26OCT050100-00,0.0010,0.90,yes
2026-10-05T04:59:35.440411Z,KXBTC15M-26OCT050100-00,0.0010,419.89,yes
2026-10-05T04:59:35.586532Z,KXBTC15M-26OCT050100-00,0.0010,4579.77,yes
2026-10-05T04:59:35.657236Z,KXBTC15M-26OCT050100-00,0.0010,50.44,yes
2026-10-05T04:59:35.713917Z,KXBTC15M-26OCT050100-00,0.0010,2.01,yes
2026-10-05T04:59:35.995894Z,KXBTC15M-26OCT050100-00,0.0010,19.70,yes
2026-10-05T04:59:36.081589Z,KXBTC15M-26OCT050100-00,0.0010,91.62,yes
2026-10-05T04:59:36.175204Z,KXBTC15M-26OCT050100-00,0.0010,3.77,yes
2026-10-05T04:59:36.19219Z,KXBTC15M-26OCT050100-00,0.0010,70.00,yes
2026-10-05T04:59:36.332247Z,KXBTC15M-26OCT050100-00,0.0010,58.67,yes
2026-10-05T04:59:36.559947Z,KXBTC15M-26OCT050100-00,0.0010,112.11,yes
2026-10-05T04:59:36.697351Z,KXBTC15M-26OCT050100-00,0.0010,915.99,yes
2026-10-05T04:59:37.081883Z,KXBTC15M-26OCT050100-00,0.0010,19.75,yes
2026-10-05T04:59:37.127536Z,KXBTC15M-26OCT050100-00,0.0010,412.17,yes
2026-10-05T04:59:37.167369Z,KXBTC15M-26OCT050100-00,0.0010,458.04,yes
2026-10-05T04:59:37.485546Z,KXBTC15M-26OCT050100-00,0.0010,270.55,yes
2026-10-05T04:59:37.635364Z,KXBTC15M-26OCT050100-00,0.0010,7.98,yes
2026-10-05T04:59:37.762253Z,KXBTC15M-26OCT050100-00,0.0010,915.99,yes
2026-10-05T04:59:37.979159Z,KXBTC15M-26OCT050100-00,0.0010,41.03,yes
2026-10-05T04:59:37.998294Z,KXBTC15M-26OCT050100-00,0.0010,915.99,yes
2026-10-05T04:59:38.095225Z,KXBTC15M-26OCT050100-00,0.0010,915.99,yes
2026-10-05T04:59:38.377778Z,KXBTC15M-26OCT050100-00,0.0010,250.00,yes
2026-10-05T04:59:38.377778Z,KXBTC15M-26OCT050100-00,0.0010,2142.11,yes
2026-10-05T04:59:38.377778Z,KXBTC15M-26OCT050100-00,0.0010,1222.00,yes
2026-10-05T04:59:38.377778Z,KXBTC15M-26OCT050100-00,0.0010,1000.00,yes
2026-10-05T04:59:38.377778Z,KXBTC15M-26OCT050100-00,0.0010,1000.00,yes
2026-10-05T04:59:38.377778Z,KXBTC15M-26OCT050100-00,0.0010,2000.00,yes
2026-10-05T04:59:38.377778Z,KXBTC15M-26OCT050100-00,0.0010,637.06,yes
2026-10-05T04:59:38.377778Z,KXBTC15M-26OCT050100-00,0.0010,988.12,yes
2026-10-05T04:59:38.377778Z,KXBTC15M-26OCT050100-00,0.0010,500.00,yes
2026-10-05T04:59:38.377778Z,KXBTC15M-26OCT050100-00,0.0010,500.00,yes
2026-10-05T04:59:38.377778Z,KXBTC15M-26OCT050100-00,0.0010,1500.00,yes
2026-10-05T04:59:38.377778Z,KXBTC15M-26OCT050100-00,0.0010,2000.00,yes
2026-10-05T04:59:38.394966Z,KXBTC15M-26OCT050100-00,0.0010,5.00,yes
2026-10-05T04:59:38.579416Z,KXBTC15M-26OCT050100-00,0.0010,28.24,yes
2026-10-05T04:59:38.607265Z,KXBTC15M-26OCT050100-00,0.0010,6.23,yes
2026-10-05T04:59:38.811015Z,KXBTC15M-26OCT050100-00,0.0010,30.03,yes
2026-10-05T04:59:38.997646Z,KXBTC15M-26OCT050100-00,0.0010,47.14,yes
2026-10-05T04:59:39.121761Z,KXBTC15M-26OCT050100-00,0.0010,146.62,yes
2026-10-05T04:59:39.121761Z,KXBTC15M-26OCT050100-00,0.0010,65.00,yes
2026-10-05T04:59:39.121761Z,KXBTC15M-26OCT050100-00,0.0010,395.24,yes
2026-10-05T04:59:39.251609Z,KXBTC15M-26OCT050100-00,0.0010,62.61,yes
2026-10-05T04:59:39.251609Z,KXBTC15M-26OCT050100-00,0.0010,400.00,yes
2026-10-05T04:59:39.251609Z,KXBTC15M-26OCT050100-00,0.0010,100.00,yes
2026-10-05T04:59:39.251609Z,KXBTC15M-26OCT050100-00,0.0010,353.38,yes
2026-10-05T04:59:39.533515Z,KXBTC15M-26OCT050100-00,0.0010,81.00,yes
2026-10-05T04:59:39.533515Z,KXBTC15M-26OCT050100-00,0.0010,35.90,yes
2026-10-05T04:59:39.533515Z,KXBTC15M-26OCT050100-00,0.0010,100.00,yes
2026-10-05T04:59:39.533515Z,KXBTC15M-26OCT050100-00,0.0010,137.39,yes
2026-10-05T04:59:39.533515Z,KXBTC15M-26OCT050100-00,0.0010,300.00,yes
2026-10-05T04:59:39.5969Z,KXBTC15M-26OCT050100-00,0.0010,1.43,yes
2026-10-05T04:59:39.628863Z,KXBTC15M-26OCT050100-00,0.0010,115.40,yes
2026-10-05T04:59:39.645672Z,KXBTC15M-26OCT050100-00,0.0010,73.77,yes
2026-10-05T04:59:39.69569Z,KXBTC15M-26OCT050100-00,0.0010,1071.00,yes
2026-10-05T04:59:40.158184Z,KXBTC15M-26OCT050100-00,0.0010,6.14,yes
2026-10-05T04:59:40.246166Z,KXBTC15M-26OCT050100-00,0.0010,100.00,yes
2026-10-05T04:59:40.488898Z,KXBTC15M-26OCT050100-00,0.0010,8596.36,yes
2026-10-05T04:59:40.488898Z,KXBTC15M-26OCT050100-00,0.0010,563.19,yes
2026-10-05T04:59:40.511449Z,KXBTC15M-26OCT050100-00,0.0010,15.38,yes
2026-10-05T04:59:40.863097Z,KXBTC15M-26OCT050100-00,0.0010,28.03,yes
2026-10-05T04:59:40.95535Z,KXBTC15M-26OCT050100-00,0.0010,1575.55,yes
2026-10-05T04:59:40.95535Z,KXBTC15M-26OCT050100-00,0.0010,3004.22,yes
2026-10-05T04:59:41.024417Z,KXBTC15M-26OCT050100-00,0.0010,355.68,yes
2026-10-05T04:59:41.061063Z,KXBTC15M-26OCT050100-00,0.0010,156.42,yes
2026-10-05T04:59:41.061063Z,KXBTC15M-26OCT050100-00,0.0010,759.57,yes
2026-10-05T04:59:41.222699Z,KXBTC15M-26OCT050100-00,0.0010,5.11,yes
2026-10-05T04:59:41.293785Z,KXBTC15M-26OCT050100-00,0.0010,101.76,yes
2026-10-05T04:59:41.492979Z,KXBTC15M-26OCT050100-00,0.0010,11.41,yes
2026-10-05T04:59:41.643642Z,KXBTC15M-26OCT050100-00,0.0010,915.99,yes
2026-10-05T04:59:41.725529Z,KXBTC15M-26OCT050100-00,0.0010,538.03,yes
2026-10-05T04:59:41.804895Z,KXBTC15M-26OCT050100-00,0.0010,91.62,yes
2026-10-05T04:59:42.217146Z,KXBTC15M-26OCT050100-00,0.0010,10.93,yes
2026-10-05T04:59:42.319808Z,KXBTC15M-26OCT050100-00,0.0010,747.26,yes
2026-10-05T04:59:42.319808Z,KXBTC15M-26OCT050100-00,0.0010,168.73,yes
2026-10-05T04:59:42.347691Z,KXBTC15M-26OCT050100-00,0.0010,9.20,yes
2026-10-05T04:59:42.395707Z,KXBTC15M-26OCT050100-00,0.0010,100.54,yes
2026-10-05T04:59:42.395707Z,KXBTC15M-26OCT050100-00,0.0010,815.45,yes
2026-10-05T04:59:42.447865Z,KXBTC15M-26OCT050100-00,0.0010,915.99,yes
2026-10-05T04:59:42.542359Z,KXBTC15M-26OCT050100-00,0.0010,915.99,yes
2026-10-05T04:59:42.604982Z,KXBTC15M-26OCT050100-00,0.0010,10.01,yes
2026-10-05T04:59:42.604982Z,KXBTC15M-26OCT050100-00,0.0010,244.11,yes
2026-10-05T04:59:42.604982Z,KXBTC15M-26OCT050100-00,0.0010,243.64,yes
2026-10-05T04:59:42.661847Z,KXBTC15M-26OCT050100-00,0.0010,317.59,yes
2026-10-05T04:59:42.661847Z,KXBTC15M-26OCT050100-00,0.0010,82.68,yes
2026-10-05T04:59:42.694205Z,KXBTC15M-26OCT050100-00,0.0010,92.82,yes
2026-10-05T04:59:42.694205Z,KXBTC15M-26OCT050100-00,0.0010,124.21,yes
2026-10-05T04:59:42.753799Z,KXBTC15M-26OCT050100-00,0.0010,1.00,yes
2026-10-05T04:59:42.86058Z,KXBTC15M-26OCT050100-00,0.0010,4.28,yes
2026-10-05T04:59:42.967869Z,KXBTC15M-26OCT050100-00,0.0010,96.73,yes
2026-10-05T04:59:42.967869Z,KXBTC15M-26OCT050100-00,0.0010,819.26,yes
2026-10-05T04:59:43.214891Z,KXBTC15M-26OCT050100-00,0.0010,915.99,yes
2026-10-05T04:59:43.249923Z,KXBTC15M-26OCT050100-00,0.0010,109.75,yes
2026-10-05T04:59:43.249923Z,KXBTC15M-26OCT050100-00,0.0010,94.50,yes
2026-10-05T04:59:43.249923Z,KXBTC15M-26OCT050100-00,0.0010,21.73,yes
2026-10-05T04:59:43.426593Z,KXBTC15M-26OCT050100-00,0.0010,1845.00,yes
2026-10-05T04:59:43.426593Z,KXBTC15M-26OCT050100-00,0.0010,1823.27,yes
2026-10-05T04:59:43.426593Z,KXBTC15M-26OCT050100-00,0.0010,1627.08,yes
2026-10-05T04:59:43.426593Z,KXBTC15M-26OCT050100-00,0.0010,1000.00,yes
2026-10-05T04:59:43.426593Z,KXBTC15M-26OCT050100-00,0.0010,10.01,yes
2026-10-05T04:59:43.426593Z,KXBTC15M-26OCT050100-00,0.0010,24422.46,yes
2026-10-05T04:59:43.426593Z,KXBTC15M-26OCT050100-00,0.0010,50.00,yes
2026-10-05T04:59:43.426593Z,KXBTC15M-26OCT050100-00,0.0010,500.00,yes
2026-10-05T04:59:43.426593Z,KXBTC15M-26OCT050100-00,0.0010,7000.00,yes
2026-10-05T04:59:43.426593Z,KXBTC15M-26OCT050100-00,0.0010,66.62,yes
2026-10-05T04:59:43.426593Z,KXBTC15M-26OCT050100-00,0.0010,1000.00,yes
2026-10-05T04:59:43.426593Z,KXBTC15M-26OCT050100-00,0.0010,3.00,yes
2026-10-05T04:59:43.426593Z,KXBTC15M-26OCT050100-00,0.0010,200.00,yes
2026-10-05T04:59:43.426593Z,KXBTC15M-26OCT050100-00,0.0010,750.00,yes
2026-10-05T04:59:43.426593Z,KXBTC15M-26OCT050100-00,0.0010,100.00,yes
2026-10-05T04:59:43.426593Z,KXBTC15M-26OCT050100-00,0.0010,1000.00,yes
2026-10-05T04:59:43.426593Z,KXBTC15M-26OCT050100-00,0.0010,1500.00,yes
2026-10-05T04:59:43.426593Z,KXBTC15M-26OCT050100-00,0.0010,100.00,yes
2026-10-05T04:59:43.426593Z,KXBTC15M-26OCT050100-00,0.0010,2000.00,yes
2026-10-05T04:59:43.426593Z,KXBTC15M-26OCT050100-00,0.0010,100.00,yes
2026-10-05T04:59:43.426593Z,KXBTC15M-26OCT050100-00,0.0010,500.00,yes
2026-10-05T04:59:43.426593Z,KXBTC15M-26OCT050100-00,0.0010,200.00,yes
2026-10-05T04:59:43.788203Z,KXBTC15M-26OCT050100-00,0.0010,13.76,yes
2026-10-05T04:59:43.788203Z,KXBTC15M-26OCT050100-00,0.0010,33.38,yes
2026-10-05T04:59:43.805995Z,KXBTC15M-26OCT050100-00,0.0010,915.99,yes
2026-10-05T04:59:43.843966Z,KXBTC15M-26OCT050100-00,0.0010,25.71,yes
2026-10-05T04:59:43.984233Z,KXBTC15M-26OCT050100-00,0.0010,0.47,yes
2026-10-05T04:59:44.126788Z,KXBTC15M-26OCT050100-00,0.0010,154.43,yes
2026-10-05T04:59:44.376194Z,KXBTC15M-26OCT050100-00,0.0010,1000.00,yes
2026-10-05T04:59:44.376194Z,KXBTC15M-26OCT050100-00,0.0010,5000.00,yes
2026-10-05T04:59:44.376194Z,KXBTC15M-26OCT050100-00,0.0010,7216.27,yes
2026-10-05T04:59:44.376194Z,KXBTC15M-26OCT050100-00,0.0010,10130.00,yes
2026-10-05T04:59:44.376194Z,KXBTC15M-26OCT050100-00,0.0010,129.00,yes
2026-10-05T04:59:44.376194Z,KXBTC15M-26OCT050100-00,0.0010,1000.00,yes
2026-10-05T04:59:44.376194Z,KXBTC15M-26OCT050100-00,0.0010,1500.00,yes
2026-10-05T04:59:44.376194Z,KXBTC15M-26OCT050100-00,0.0010,889.64,yes
2026-10-05T04:59:44.376194Z,KXBTC15M-26OCT050100-00,0.0010,52.80,yes
2026-10-05T04:59:44.435222Z,KXBTC15M-26OCT050100-00,0.0010,1383.70,yes
2026-10-05T04:59:44.584569Z,KXBTC15M-26OCT050100-00,0.0010,915.99,yes
2026-10-05T04:59:44.651619Z,KXBTC15M-26OCT050100-00,0.0010,45.85,yes
2026-10-05T04:59:44.67099Z,KXBTC15M-26OCT050100-00,0.0010,7.62,yes
2026-10-05T04:59:44.77636Z,KXBTC15M-26OCT050100-00,0.0010,2.00,yes
2026-10-05T04:59:45.08426Z,KXBTC15M-26OCT050100-00,0.0010,140.19,yes
2026-10-05T04:59:45.136234Z,KXBTC15M-26OCT050100-00,0.0010,59.98,yes
2026-10-05T04:59:45.14156Z,KXBTC15M-26OCT050100-00,0.0010,90.00,yes
2026-10-05T04:59:45.764771Z,KXBTC15M-26OCT050100-00,0.0010,4579.77,yes
2026-10-05T04:59:45.881811Z,KXBTC15M-26OCT050100-00,0.0010,915.99,yes
2026-10-05T04:59:45.894177Z,KXBTC15M-26OCT050100-00,0.0010,7.57,yes
2026-10-05T04:59:46.049373Z,KXBTC15M-26OCT050100-00,0.0010,9159.55,yes
2026-10-05T04:59:46.161038Z,KXBTC15M-26OCT050100-00,0.0010,40.86,yes
2026-10-05T04:59:46.193497Z,KXBTC15M-26OCT050100-00,0.0010,3.00,yes
2026-10-05T04:59:46.23434Z,KXBTC15M-26OCT050100-00,0.0010,100.00,yes
2026-10-05T04:59:46.479805Z,KXBTC15M-26OCT050100-00,0.0010,12.43,yes
2026-10-05T04:59:46.912716Z,KXBTC15M-26OCT050100-00,0.0010,0.02,yes
2026-10-05T04:59:46.915471Z,KXBTC15M-26OCT050100-00,0.0010,62.87,yes
2026-10-05T04:59:47.205812Z,KXBTC15M-26OCT050100-00,0.0010,110.33,yes
2026-10-05T04:59:47.561857Z,KXBTC15M-26OCT050100-00,0.0010,9049.00,yes
2026-10-05T04:59:47.705863Z,KXBTC15M-26OCT050100-00,0.0010,915.99,yes
2026-10-05T04:59:47.790371Z,KXBTC15M-26OCT050100-00,0.0010,32.26,yes
2026-10-05T04:59:47.898366Z,KXBTC15M-26OCT050100-00,0.0010,35.24,yes
2026-10-05T04:59:48.039008Z,KXBTC15M-26OCT050100-00,0.0010,0.22,yes
2026-10-05T04:59:48.465416Z,KXBTC15M-26OCT050100-00,0.0010,224.34,yes
2026-10-05T04:59:49.043179Z,KXBTC15M-26OCT050100-00,0.0010,2.79,yes
2026-10-05T04:59:49.04683Z,KXBTC15M-26OCT050100-00,0.0010,1831.90,yes
2026-10-05T04:59:49.051523Z,KXBTC15M-26OCT050100-00,0.0010,756.21,yes
2026-10-05T04:59:49.298956Z,KXBTC15M-26OCT050100-00,0.0010,20.00,yes
2026-10-05T04:59:49.545901Z,KXBTC15M-26OCT050100-00,0.0010,91.62,yes
2026-10-05T04:59:49.995Z,KXBTC15M-26OCT050100-00,0.0010,200.00,yes
2026-10-05T04:59:50.343984Z,KXBTC15M-26OCT050100-00,0.0010,26.19,yes
2026-10-05T04:59:50.355756Z,KXBTC15M-26OCT050100-00,0.0010,915.99,yes
2026-10-05T04:59:50.44264Z,KXBTC15M-26OCT050100-00,0.0010,50.25,yes
2026-10-05T04:59:50.793207Z,KXBTC15M-26OCT050100-00,0.0010,36450.00,yes
2026-10-05T04:59:50.890639Z,KXBTC15M-26OCT050100-00,0.0010,915.99,yes
2026-10-05T04:59:50.947688Z,KXBTC15M-26OCT050100-00,0.0010,11.34,yes
2026-10-05T04:59:50.957492Z,KXBTC15M-26OCT050100-00,0.0010,9159.55,yes
2026-10-05T04:59:51.153439Z,KXBTC15M-26OCT050100-00,0.0010,24.94,yes
2026-10-05T04:59:51.364476Z,KXBTC15M-26OCT050100-00,0.0010,1831.90,yes
2026-10-05T04:59:51.432437Z,KXBTC15M-26OCT050100-00,0.0010,915.99,yes
2026-10-05T04:59:51.439664Z,KXBTC15M-26OCT050100-00,0.0010,934.69,yes
2026-10-05T04:59:51.618065Z,KXBTC15M-26OCT050100-00,0.0010,1.01,yes
2026-10-05T04:59:51.797555Z,KXBTC15M-26OCT050100-00,0.0010,13739.29,yes
2026-10-05T04:59:51.952392Z,KXBTC15M-26OCT050100-00,0.0010,102.77,yes
2026-10-05T04:59:52.148207Z,KXBTC15M-26OCT050100-00,0.0010,915.99,yes
2026-10-05T04:59:52.16639Z,KXBTC15M-26OCT050100-00,0.0010,9159.55,yes
2026-10-05T04:59:52.376322Z,KXBTC15M-26OCT050100-00,0.0010,11.89,yes
2026-10-05T04:59:52.504935Z,KXBTC15M-26OCT050100-00,0.0010,1831.90,yes
2026-10-05T04:59:52.544175Z,KXBTC15M-26OCT050100-00,0.0010,1.05,yes
2026-10-05T04:59:52.626746Z,KXBTC15M-26OCT050100-00,0.0010,915.99,yes
2026-10-05T04:59:52.880323Z,KXBTC15M-26OCT050100-00,0.0010,338.97,yes
2026-10-05T04:59:53.143753Z,KXBTC15M-26OCT050100-00,0.0010,28.00,yes
2026-10-05T04:59:53.460007Z,KXBTC15M-26OCT050100-00,0.0010,9.85,yes
2026-10-05T04:59:53.884474Z,KXBTC15M-26OCT050100-00,0.0010,170.00,yes
2026-10-05T04:59:53.948Z,KXBTC15M-26OCT050100-00,0.0010,5.14,yes
2026-10-05T04:59:54.018853Z,KXBTC15M-26OCT050100-00,0.0010,915.99,yes
2026-10-05T04:59:54.232935Z,KXBTC15M-26OCT050100-00,0.0010,915.99,yes
2026-10-05T04:59:54.953982Z,KXBTC15M-26OCT050100-00,0.0010,40.99,yes
2026-10-05T04:59:55.333203Z,KXBTC15M-26OCT050100-00,0.0010,915.99,yes
2026-10-05T04:59:55.443039Z,KXBTC15M-26OCT050100-00,0.0010,54.96,yes
2026-10-05T04:59:55.507031Z,KXBTC15M-26OCT050100-00,0.0010,183.25,yes
2026-10-05T04:59:55.970743Z,KXBTC15M-26OCT050100-00,0.0010,1831.90,yes
2026-10-05T04:59:56.005085Z,KXBTC15M-26OCT050100-00,0.0010,17.42,yes
2026-10-05T04:59:56.048172Z,KXBTC15M-26OCT050100-00,0.0010,4.14,yes
2026-10-05T04:59:56.096858Z,KXBTC15M-26OCT050100-00,0.0010,0.02,yes
2026-10-05T04:59:56.309939Z,KXBTC15M-26OCT050100-00,0.0010,4.12,yes
2026-10-05T04:59:56.503308Z,KXBTC15M-26OCT050100-00,0.0010,915.99,yes
2026-10-05T04:59:56.819334Z,KXBTC15M-26OCT050100-00,0.0010,408.00,yes
2026-10-05T04:59:56.922816Z,KXBTC15M-26OCT050100-00,0.0010,915.99,yes
2026-10-05T04:59:56.942495Z,KXBTC15M-26OCT050100-00,0.0010,31948.46,yes
2026-10-05T04:59:56.942495Z,KXBTC15M-26OCT050100-00,0.0010,8448.98,yes
2026-10-05T04:59:56.942495Z,KXBTC15M-26OCT050100-00,0.0010,4000.00,yes
2026-10-05T04:59:56.942495Z,KXBTC15M-26OCT050100-00,0.0010,1400.00,yes
2026-10-05T04:59:57.058688Z,KXBTC15M-26OCT050100-00,0.0010,140.89,yes
2026-10-05T04:59:57.444739Z,KXBTC15M-26OCT050100-00,0.0010,915.99,yes
2026-10-05T04:59:57.717661Z,KXBTC15M-26OCT050100-00,0.0010,20.00,yes
2026-10-05T04:59:58.435258Z,KXBTC15M-26OCT050100-00,0.0010,9.20,yes
2026-10-05T04:59:58.821545Z,KXBTC15M-26OCT050100-00,0.0010,1831.90,yes
2026-10-05T04:59:59.500207Z,KXBTC15M-26OCT050100-00,0.0010,155.15,yes
2026-10-05T04:59:59.744365Z,KXBTC15M-26OCT050100-00,0.0010,897.30,yes
2026-10-05T04:57:50.137263Z,KXPLATINUM15M-26OCT050100-00,0.0200,5.24,yes
2026-10-05T04:57:57.943086Z,KXPLATINUM15M-26OCT050100-00,0.0100,1.73,no
2026-10-05T04:58:25.073716Z,KXPLATINUM15M-26OCT050100-00,0.0100,51.00,no
2026-10-05T04:58:25.073716Z,KXPLATINUM15M-26OCT050100-00,0.0100,1.00,no
2026-10-05T04:58:25.360139Z,KXPLATINUM15M-26OCT050100-00,0.0100,1.00,no
2026-10-05T04:58:26.684902Z,KXPLATINUM15M-26OCT050100-00,0.0100,15.00,no
2026-10-05T04:58:26.705388Z,KXPLATINUM15M-26OCT050100-00,0.0100,2.00,no
2026-10-05T04:58:26.705388Z,KXPLATINUM15M-26OCT050100-00,0.0100,16.44,no
2026-10-05T04:58:26.705388Z,KXPLATINUM15M-26OCT050100-00,0.0100,20.00,no
2026-10-05T04:58:26.705388Z,KXPLATINUM15M-26OCT050100-00,0.0100,33.00,no
2026-10-05T04:58:26.705388Z,KXPLATINUM15M-26OCT050100-00,0.0100,20.00,no
2026-10-05T04:58:26.705388Z,KXPLATINUM15M-26OCT050100-00,0.0100,10.00,no
2026-10-05T04:58:26.705388Z,KXPLATINUM15M-26OCT050100-00,0.0100,1.00,no
2026-10-05T04:58:26.705388Z,KXPLATINUM15M-26OCT050100-00,0.0100,2.00,no
2026-10-05T04:58:26.705388Z,KXPLATINUM15M-26OCT050100-00,0.0100,2.00,no
2026-10-05T04:58:29.554397Z,KXPLATINUM15M-26OCT050100-00,0.0200,8.00,yes
2026-10-05T04:58:29.554397Z,KXPLATINUM15M-26OCT050100-00,0.0200,6.18,yes
2026-10-05T04:58:29.554397Z,KXPLATINUM15M-26OCT050100-00,0.0200,6.00,yes
2026-10-05T04:58:29.554397Z,KXPLATINUM15M-26OCT050100-00,0.0200,26.61,yes
2026-10-05T04:58:33.245466Z,KXPLATINUM15M-26OCT050100-00,0.0100,93.51,yes
2026-10-05T04:58:39.435405Z,KXPLATINUM15M-26OCT050100-00,0.0100,100.55,yes
2026-10-05T04:58:39.435405Z,KXPLATINUM15M-26OCT050100-00,0.0100,30.00,yes
2026-10-05T04:58:39.435405Z,KXPLATINUM15M-26OCT050100-00,0.0100,60.00,yes
2026-10-05T04:58:39.435405Z,KXPLATINUM15M-26OCT050100-00,0.0100,60.00,yes
2026-10-05T04:58:39.435405Z,KXPLATINUM15M-26OCT050100-00,0.0100,30.00,yes
2026-10-05T04:58:41.633818Z,KXEURUSD15M-26OCT050100-30,0.9800,50.00,yes
2026-10-05T04:58:41.633818Z,KXEURUSD15M-26OCT050100-30,0.9800,1.00,yes
2026-10-05T04:58:41.633818Z,KXEURUSD15M-26OCT050100-30,0.9700,3.00,yes
2026-10-05T04:58:46.991197Z,KXEURUSD15M-26OCT050100-30,0.9900,35.00,yes
2026-10-05T04:58:46.991197Z,KXEURUSD15M-26OCT050100-30,0.9900,80.00,yes
2026-10-05T04:58:46.991197Z,KXEURUSD15M-26OCT050100-30,0.9900,1.00,yes
2026-10-05T04:58:46.991197Z,KXEURUSD15M-26OCT050100-30,0.9900,10.00,yes
2026-10-05T04:58:46.991197Z,KXEURUSD15M-26OCT050100-30,0.9900,1.00,yes
2026-10-05T04:58:46.991197Z,KXEURUSD15M-26OCT050100-30,0.9900,2.00,yes
2026-10-05T04:58:51.452348Z,KXEURUSD15M-26OCT050100-30,0.9900,0.52,no
2026-10-05T04:59:18.002107Z,KXEURUSD15M-26OCT050100-30,0.9900,9.35,no
2026-10-05T04:59:19.193015Z,KXEURUSD15M-26OCT050100-30,0.9800,23.86,no
2026-10-05T04:59:19.193015Z,KXEURUSD15M-26OCT050100-30,0.9900,5.00,no
2026-10-05T04:59:19.193015Z,KXEURUSD15M-26OCT050100-30,0.9900,30.00,no
2026-10-05T04:59:19.193015Z,KXEURUSD15M-26OCT050100-30,0.9900,10.00,no
2026-10-05T04:59:20.640109Z,KXEURUSD15M-26OCT050100-30,0.9900,25.03,no
2026-10-05T04:59:20.640109Z,KXEURUSD15M-26OCT050100-30,0.9900,5.00,no
2026-10-05T04:59:49.22285Z,KXEURUSD15M-26OCT050100-30,0.9900,1.87,no
2026-10-05T04:58:38.079506Z,KXXRP15M-26OCT050100-00,0.9310,5.00,yes
2026-10-05T04:58:38.079506Z,KXXRP15M-26OCT050100-00,0.9300,5.00,yes
2026-10-05T04:58:38.224508Z,KXXRP15M-26OCT050100-00,0.9310,3.00,yes
2026-10-05T04:58:38.344163Z,KXXRP15M-26OCT050100-00,0.9310,4.00,yes
2026-10-05T04:58:38.523863Z,KXXRP15M-26OCT050100-00,0.9280,4.00,no
2026-10-05T04:58:38.524079Z,KXXRP15M-26OCT050100-00,0.9140,15.00,no
2026-10-05T04:58:38.524079Z,KXXRP15M-26OCT050100-00,0.9150,7.50,no
2026-10-05T04:58:38.524079Z,KXXRP15M-26OCT050100-00,0.9270,5.00,no
2026-10-05T04:58:38.524079Z,KXXRP15M-26OCT050100-00,0.9150,7.00,no
2026-10-05T04:58:38.524079Z,KXXRP15M-26OCT050100-00,0.9280,1.00,no
2026-10-05T04:58:38.524852Z,KXXRP15M-26OCT050100-00,0.9130,2.00,no
2026-10-05T04:58:38.607865Z,KXXRP15M-26OCT050100-00,0.9130,5.36,no
2026-10-05T04:58:38.80832Z,KXXRP15M-26OCT050100-00,0.9300,3.18,yes
2026-10-05T04:58:38.80832Z,KXXRP15M-26OCT050100-00,0.9330,1.06,yes
2026-10-05T04:58:38.80832Z,KXXRP15M-26OCT050100-00,0.9320,1.00,yes
2026-10-05T04:58:39.143521Z,KXXRP15M-26OCT050100-00,0.9150,7.00,no
2026-10-05T04:58:39.143521Z,KXXRP15M-26OCT050100-00,0.9150,7.50,no
2026-10-05T04:58:39.143521Z,KXXRP15M-26OCT050100-00,0.9140,14.50,no
2026-10-05T04:58:39.217874Z,KXXRP15M-26OCT050100-00,0.9110,59.50,no
2026-10-05T04:58:39.217874Z,KXXRP15M-26OCT050100-00,0.9140,7.00,no
2026-10-05T04:58:39.217874Z,KXXRP15M-26OCT050100-00,0.9170,2.00,no
2026-10-05T04:58:39.217874Z,KXXRP15M-26OCT050100-00,0.9130,15.00,no
2026-10-05T04:58:39.217874Z,KXXRP15M-26OCT050100-00,0.9120,15.00,no
2026-10-05T04:58:39.217874Z,KXXRP15M-26OCT050100-00,0.9140,0.50,no
2026-10-05T04:58:39.456978Z,KXXRP15M-26OCT050100-00,0.9010,15.00,no
2026-10-05T04:58:39.456978Z,KXXRP15M-26OCT050100-00,0.9000,15.00,no
2026-10-05T04:58:39.456978Z,KXXRP15M-26OCT050100-00,0.9060,8.00,no
2026-10-05T04:58:39.456978Z,KXXRP15M-26OCT050100-00,0.9020,15.00,no
2026-10-05T04:58:39.457083Z,KXXRP15M-26OCT050100-00,0.8900,12.00,no
2026-10-05T04:58:39.457246Z,KXXRP15M-26OCT050100-00,0.8900,4.00,no
2026-10-05T04:58:39.463116Z,KXXRP15M-26OCT050100-00,0.8900,43.00,no
2026-10-05T04:58:39.463116Z,KXXRP15M-26OCT050100-00,0.9020,9.00,no
2026-10-05T04:58:39.463116Z,KXXRP15M-26OCT050100-00,0.9070,1.00,no
2026-10-05T04:58:39.478753Z,KXXRP15M-26OCT050100-00,0.8900,201.00,no
2026-10-05T04:58:39.478753Z,KXXRP15M-26OCT050100-00,0.9000,1.00,no
2026-10-05T04:58:39.478753Z,KXXRP15M-26OCT050100-00,0.9000,7.00,no
2026-10-05T04:58:39.478753Z,KXXRP15M-26OCT050100-00,0.9070,1.00,no
2026-10-05T04:58:39.75652Z,KXXRP15M-26OCT050100-00,0.8900,15.00,no
2026-10-05T04:58:39.762286Z,KXXRP15M-26OCT050100-00,0.8900,12.00,no
2026-10-05T04:58:39.85858Z,KXXRP15M-26OCT050100-00,0.8900,2.00,no
2026-10-05T04:58:39.962393Z,KXXRP15M-26OCT050100-00,0.8900,6.00,no
2026-10-05T04:58:40.098574Z,KXXRP15M-26OCT050100-00,0.8900,0.69,no
2026-10-05T04:58:40.125718Z,KXXRP15M-26OCT050100-00,0.8900,31.00,no
2026-10-05T04:58:40.512726Z,KXXRP15M-26OCT050100-00,0.8900,153.99,no
2026-10-05T04:58:40.785229Z,KXXRP15M-26OCT050100-00,0.9000,9.00,yes
2026-10-05T04:58:40.785229Z,KXXRP15M-26OCT050100-00,0.9000,2.00,yes
2026-10-05T04:58:41.513626Z,KXXRP15M-26OCT050100-00,0.9080,1.00,yes
2026-10-05T04:58:41.513626Z,KXXRP15M-26OCT050100-00,0.9010,1.00,yes
2026-10-05T04:58:42.010338Z,KXXRP15M-26OCT050100-00,0.9000,7.00,no
2026-10-05T04:58:42.010338Z,KXXRP15M-26OCT050100-00,0.8900,30.64,no
2026-10-05T04:58:42.010338Z,KXXRP15M-26OCT050100-00,0.9000,2.36,no
2026-10-05T04:58:42.064159Z,KXXRP15M-26OCT050100-00,0.9290,100.00,yes
2026-10-05T04:58:42.064159Z,KXXRP15M-26OCT050100-00,0.9300,1.00,yes
2026-10-05T04:58:42.064159Z,KXXRP15M-26OCT050100-00,0.9290,5.00,yes
2026-10-05T04:58:42.064159Z,KXXRP15M-26OCT050100-00,0.9300,194.86,yes
2026-10-05T04:58:42.064159Z,KXXRP15M-26OCT050100-00,0.9300,7.50,yes
2026-10-05T04:58:42.064159Z,KXXRP15M-26OCT050100-00,0.9200,1.00,yes
2026-10-05T04:58:42.064159Z,KXXRP15M-26OCT050100-00,0.9280,1.00,yes
2026-10-05T04:58:42.064159Z,KXXRP15M-26OCT050100-00,0.9170,1.00,yes
2026-10-05T04:58:42.064159Z,KXXRP15M-26OCT050100-00,0.9200,7.50,yes
2026-10-05T04:58:42.064159Z,KXXRP15M-26OCT050100-00,0.9220,1.00,yes
2026-10-05T04:58:42.064159Z,KXXRP15M-26OCT050100-00,0.9240,1.00,yes
2026-10-05T04:58:42.476821Z,KXXRP15M-26OCT050100-00,0.9010,0.10,no
2026-10-05T04:58:42.476821Z,KXXRP15M-26OCT050100-00,0.9000,1.00,no
2026-10-05T04:58:42.476821Z,KXXRP15M-26OCT050100-00,0.9000,7.00,no
2026-10-05T04:58:42.476821Z,KXXRP15M-26OCT050100-00,0.9010,3.00,no
2026-10-05T04:58:42.476821Z,KXXRP15M-26OCT050100-00,0.9010,6.00,no
2026-10-05T04:58:43.390217Z,KXXRP15M-26OCT050100-00,0.9180,1.00,yes
2026-10-05T04:58:43.390217Z,KXXRP15M-26OCT050100-00,0.9160,5.00,yes
2026-10-05T04:58:43.390217Z,KXXRP15M-26OCT050100-00,0.9150,1.00,yes
2026-10-05T04:58:43.390217Z,KXXRP15M-26OCT050100-00,0.9170,1.00,yes
2026-10-05T04:58:43.490784Z,KXXRP15M-26OCT050100-00,0.9140,3.00,yes
2026-10-05T04:58:43.490784Z,KXXRP15M-26OCT050100-00,0.9150,1.00,yes
2026-10-05T04:58:43.642859Z,KXXRP15M-26OCT050100-00,0.9000,6.00,no
2026-10-05T04:58:44.298726Z,KXXRP15M-26OCT050100-00,0.9180,1.08,yes
2026-10-05T04:58:44.767337Z,KXXRP15M-26OCT050100-00,0.9030,9.15,no
2026-10-05T04:58:44.875677Z,KXXRP15M-26OCT050100-00,0.9010,1.00,no
2026-10-05T04:58:44.875677Z,KXXRP15M-26OCT050100-00,0.9000,0.10,no
2026-10-05T04:58:44.875677Z,KXXRP15M-26OCT050100-00,0.9010,3.00,no
2026-10-05T04:58:44.875677Z,KXXRP15M-26OCT050100-00,0.9000,7.00,no
2026-10-05T04:58:44.875677Z,KXXRP15M-26OCT050100-00,0.9020,1.00,no
2026-10-05T04:58:44.875677Z,KXXRP15M-26OCT050100-00,0.8900,188.91,no
2026-10-05T04:58:44.991281Z,KXXRP15M-26OCT050100-00,0.9000,7.00,no
2026-10-05T04:58:44.991281Z,KXXRP15M-26OCT050100-00,0.9010,4.00,no
2026-10-05T04:58:44.991281Z,KXXRP15M-26OCT050100-00,0.8900,32.08,no
2026-10-05T04:58:45.040562Z,KXXRP15M-26OCT050100-00,0.9200,1.00,yes
2026-10-05T04:58:45.040562Z,KXXRP15M-26OCT050100-00,0.9190,0.10,yes
2026-10-05T04:58:45.040562Z,KXXRP15M-26OCT050100-00,0.9200,5.87,yes
2026-10-05T04:58:45.040562Z,KXXRP15M-26OCT050100-00,0.9140,2.00,yes
2026-10-05T04:58:45.040562Z,KXXRP15M-26OCT050100-00,0.9150,1.00,yes
2026-10-05T04:58:45.040562Z,KXXRP15M-26OCT050100-00,0.9190,6.00,yes
2026-10-05T04:58:45.588153Z,KXXRP15M-26OCT050100-00,0.9190,0.01,yes
2026-10-05T04:58:45.590318Z,KXXRP15M-26OCT050100-00,0.9190,4.99,yes
2026-10-05T04:58:45.590318Z,KXXRP15M-26OCT050100-00,0.9200,4.01,yes
2026-10-05T04:58:45.987589Z,KXXRP15M-26OCT050100-00,0.9170,40.00,no
2026-10-05T04:58:46.327813Z,KXXRP15M-26OCT050100-00,0.9130,0.55,no
2026-10-05T04:58:46.4325Z,KXXRP15M-26OCT050100-00,0.9280,1.00,yes
2026-10-05T04:58:46.4325Z,KXXRP15M-26OCT050100-00,0.9280,0.10,yes
2026-10-05T04:58:46.4325Z,KXXRP15M-26OCT050100-00,0.9300,2.20,yes
2026-10-05T04:58:46.4325Z,KXXRP15M-26OCT050100-00,0.9290,1.00,yes
2026-10-05T04:58:46.4325Z,KXXRP15M-26OCT050100-00,0.9300,1.00,yes
2026-10-05T04:58:46.817391Z,KXXRP15M-26OCT050100-00,0.9130,0.06,no
2026-10-05T04:58:47.048002Z,KXXRP15M-26OCT050100-00,0.9100,1.00,no
2026-10-05T04:58:47.048002Z,KXXRP15M-26OCT050100-00,0.9110,7.00,no
2026-10-05T04:58:47.048002Z,KXXRP15M-26OCT050100-00,0.9130,0.39,no
2026-10-05T04:58:47.177177Z,KXXRP15M-26OCT050100-00,0.9240,6.19,yes
2026-10-05T04:58:47.177177Z,KXXRP15M-26OCT050100-00,0.9230,5.00,yes
2026-10-05T04:58:47.288799Z,KXXRP15M-26OCT050100-00,0.9240,59.00,yes
2026-10-05T04:58:47.288799Z,KXXRP15M-26OCT050100-00,0.9230,39.00,yes
2026-10-05T04:58:47.288799Z,KXXRP15M-26OCT050100-00,0.9110,1.00,yes
2026-10-05T04:58:47.288799Z,KXXRP15M-26OCT050100-00,0.9090,2.00,yes
2026-10-05T04:58:47.288799Z,KXXRP15M-26OCT050100-00,0.9230,5.00,yes
2026-10-05T04:58:47.815507Z,KXXRP15M-26OCT050100-00,0.9100,5.64,no
2026-10-05T04:58:48.594095Z,KXXRP15M-26OCT050100-00,0.9110,0.10,no
2026-10-05T04:58:48.594095Z,KXXRP15M-26OCT050100-00,0.9010,9.00,no
2026-10-05T04:58:48.594095Z,KXXRP15M-26OCT050100-00,0.9100,6.36,no
2026-10-05T04:58:48.594095Z,KXXRP15M-26OCT050100-00,0.9000,4.03,no
2026-10-05T04:58:48.775606Z,KXXRP15M-26OCT050100-00,0.9160,0.98,yes
2026-10-05T04:58:48.775606Z,KXXRP15M-26OCT050100-00,0.9160,0.10,yes
2026-10-05T04:58:49.041549Z,KXXRP15M-26OCT050100-00,0.8900,7.50,no
2026-10-05T04:58:49.041549Z,KXXRP15M-26OCT050100-00,0.8900,120.91,no
2026-10-05T04:58:49.122597Z,KXXRP15M-26OCT050100-00,0.8900,7.90,no
2026-10-05T04:58:49.700683Z,KXXRP15M-26OCT050100-00,0.8900,7.50,no
2026-10-05T04:58:49.700683Z,KXXRP15M-26OCT050100-00,0.8900,129.00,no
2026-10-05T04:58:49.700683Z,KXXRP15M-26OCT050100-00,0.8900,81.19,no
2026-10-05T04:58:49.723331Z,KXXRP15M-26OCT050100-00,0.9140,1.00,yes
2026-10-05T04:58:49.723331Z,KXXRP15M-26OCT050100-00,0.9150,0.08,yes
2026-10-05T04:58:50.21928Z,KXXRP15M-26OCT050100-00,0.9190,1.00,yes
2026-10-05T04:58:50.21928Z,KXXRP15M-26OCT050100-00,0.9140,4.00,yes
2026-10-05T04:58:50.21928Z,KXXRP15M-26OCT050100-00,0.9150,24.00,yes
2026-10-05T04:58:50.21928Z,KXXRP15M-26OCT050100-00,0.9100,7.50,yes
2026-10-05T04:58:50.21928Z,KXXRP15M-26OCT050100-00,0.9140,0.10,yes
2026-10-05T04:58:50.21928Z,KXXRP15M-26OCT050100-00,0.9160,1.00,yes
2026-10-05T04:58:50.21928Z,KXXRP15M-26OCT050100-00,0.9200,1.00,yes
2026-10-05T04:58:50.21928Z,KXXRP15M-26OCT050100-00,0.9200,44.56,yes
2026-10-05T04:58:50.21928Z,KXXRP15M-26OCT050100-00,0.9140,25.00,yes
2026-10-05T04:58:50.361071Z,KXXRP15M-26OCT050100-00,0.9100,7.50,yes
2026-10-05T04:58:50.495015Z,KXXRP15M-26OCT050100-00,0.9000,0.90,no
2026-10-05T04:58:50.495015Z,KXXRP15M-26OCT050100-00,0.9010,0.10,no
2026-10-05T04:58:50.495147Z,KXXRP15M-26OCT050100-00,0.9000,0.10,no
2026-10-05T04:58:50.56646Z,KXXRP15M-26OCT050100-00,0.9020,38.00,yes
2026-10-05T04:58:50.667152Z,KXXRP15M-26OCT050100-00,0.9020,28.00,yes
2026-10-05T04:58:50.673549Z,KXXRP15M-26OCT050100-00,0.8900,14.72,no
2026-10-05T04:58:50.673549Z,KXXRP15M-26OCT050100-00,0.8900,1.00,no
2026-10-05T04:58:50.673549Z,KXXRP15M-26OCT050100-00,0.9000,1.00,no
2026-10-05T04:58:50.901478Z,KXXRP15M-26OCT050100-00,0.8900,3.35,no
2026-10-05T04:58:50.901478Z,KXXRP15M-26OCT050100-00,0.9000,1.00,no
2026-10-05T04:58:50.985667Z,KXXRP15M-26OCT050100-00,0.8900,41.84,no
2026-10-05T04:58:50.985667Z,KXXRP15M-26OCT050100-00,0.9000,1.00,no
2026-10-05T04:58:52.113503Z,KXXRP15M-26OCT050100-00,0.8900,1.19,no
2026-10-05T04:58:52.113503Z,KXXRP15M-26OCT050100-00,0.9000,7.00,no
2026-10-05T04:58:52.113503Z,KXXRP15M-26OCT050100-00,0.9000,1.00,no
2026-10-05T04:58:52.397312Z,KXXRP15M-26OCT050100-00,0.9000,1.00,no
2026-10-05T04:58:52.397312Z,KXXRP15M-26OCT050100-00,0.9000,7.00,no
2026-10-05T04:58:52.397312Z,KXXRP15M-26OCT050100-00,0.9000,0.10,no
2026-10-05T04:58:52.397312Z,KXXRP15M-26OCT050100-00,0.8900,1.90,no
2026-10-05T04:58:52.415663Z,KXXRP15M-26OCT050100-00,0.9010,1.00,no
2026-10-05T04:58:52.67405Z,KXXRP15M-26OCT050100-00,0.8900,42.70,no
2026-10-05T04:58:52.964103Z,KXXRP15M-26OCT050100-00,0.8600,178.19,no
2026-10-05T04:58:52.964103Z,KXXRP15M-26OCT050100-00,0.8700,18.00,no
2026-10-05T04:58:52.964103Z,KXXRP15M-26OCT050100-00,0.8700,16.00,no
2026-10-05T04:58:52.964103Z,KXXRP15M-26OCT050100-00,0.8800,1.00,no
2026-10-05T04:58:52.964103Z,KXXRP15M-26OCT050100-00,0.8800,0.01,no
2026-10-05T04:58:52.964103Z,KXXRP15M-26OCT050100-00,0.8700,1.06,no
2026-10-05T04:58:52.964103Z,KXXRP15M-26OCT050100-00,0.8700,8.00,no
2026-10-05T04:58:52.964103Z,KXXRP15M-26OCT050100-00,0.8900,104.30,no
2026-10-05T04:58:52.964103Z,KXXRP15M-26OCT050100-00,0.8700,6.00,no
2026-10-05T04:58:52.964103Z,KXXRP15M-26OCT050100-00,0.8800,3.00,no
2026-10-05T04:58:53.765578Z,KXXRP15M-26OCT050100-00,0.8900,5.00,yes
2026-10-05T04:58:54.144412Z,KXXRP15M-26OCT050100-00,0.8800,1.19,no
2026-10-05T04:58:54.144412Z,KXXRP15M-26OCT050100-00,0.8900,0.10,no
2026-10-05T04:58:54.859228Z,KXXRP15M-26OCT050100-00,0.8900,9.00,no
2026-10-05T04:58:54.859228Z,KXXRP15M-26OCT050100-00,0.8900,20.00,no
2026-10-05T04:58:54.859228Z,KXXRP15M-26OCT050100-00,0.8900,13.78,no
2026-10-05T04:58:55.151688Z,KXXRP15M-26OCT050100-00,0.9000,1.00,yes
2026-10-05T04:58:55.190677Z,KXXRP15M-26OCT050100-00,0.9000,0.25,yes
2026-10-05T04:58:55.515221Z,KXXRP15M-26OCT050100-00,0.8900,8.55,no
2026-10-05T04:58:55.688188Z,KXXRP15M-26OCT050100-00,0.9000,25.00,yes
2026-10-05T04:58:55.854252Z,KXXRP15M-26OCT050100-00,0.9000,0.25,yes
2026-10-05T04:58:56.03703Z,KXXRP15M-26OCT050100-00,0.8900,8.55,no
2026-10-05T04:58:56.488836Z,KXXRP15M-26OCT050100-00,0.9000,30.00,yes
2026-10-05T04:58:56.595987Z,KXXRP15M-26OCT050100-00,0.9000,2.00,yes
2026-10-05T04:58:56.648857Z,KXXRP15M-26OCT050100-00,0.8900,21.66,no
2026-10-05T04:58:56.648857Z,KXXRP15M-26OCT050100-00,0.8900,10.00,no
2026-10-05T04:58:56.648857Z,KXXRP15M-26OCT050100-00,0.8900,2.12,no
2026-10-05T04:58:56.648857Z,KXXRP15M-26OCT050100-00,0.8900,9.00,no
2026-10-05T04:58:56.913831Z,KXXRP15M-26OCT050100-00,0.9000,21.50,yes
2026-10-05T04:58:57.123233Z,KXXRP15M-26OCT050100-00,0.8900,42.78,no
2026-10-05T04:58:58.08636Z,KXXRP15M-26OCT050100-00,0.9000,4.09,no
2026-10-05T04:58:58.355089Z,KXXRP15M-26OCT050100-00,0.9010,1.00,yes
2026-10-05T04:58:58.355089Z,KXXRP15M-26OCT050100-00,0.9010,1.00,yes
2026-10-05T04:58:58.361122Z,KXXRP15M-26OCT050100-00,0.9010,2.00,yes
2026-10-05T04:58:58.447674Z,KXXRP15M-26OCT050100-00,0.9000,0.94,no
2026-10-05T04:58:58.641721Z,KXXRP15M-26OCT050100-00,0.9000,19.06,no
2026-10-05T04:58:58.642161Z,KXXRP15M-26OCT050100-00,0.8900,210.56,no
2026-10-05T04:58:58.642161Z,KXXRP15M-26OCT050100-00,0.8900,2.00,no
2026-10-05T04:58:58.643218Z,KXXRP15M-26OCT050100-00,0.8800,1.00,no
2026-10-05T04:58:58.643218Z,KXXRP15M-26OCT050100-00,0.8800,1.00,no
2026-10-05T04:58:58.644924Z,KXXRP15M-26OCT050100-00,0.8600,3.00,no
2026-10-05T04:58:58.644924Z,KXXRP15M-26OCT050100-00,0.8700,1.00,no
2026-10-05T04:58:58.644924Z,KXXRP15M-26OCT050100-00,0.8500,2.00,no
2026-10-05T04:58:58.644924Z,KXXRP15M-26OCT050100-00,0.8500,15.00,no
2026-10-05T04:58:58.644924Z,KXXRP15M-26OCT050100-00,0.8700,15.00,no
2026-10-05T04:58:58.644924Z,KXXRP15M-26OCT050100-00,0.8700,8.00,no
2026-10-05T04:58:58.644924Z,KXXRP15M-26OCT050100-00,0.8500,5.88,no
2026-10-05T04:58:58.646812Z,KXXRP15M-26OCT050100-00,0.8400,15.00,no
2026-10-05T04:58:58.646812Z,KXXRP15M-26OCT050100-00,0.8400,97.00,no
2026-10-05T04:58:58.646812Z,KXXRP15M-26OCT050100-00,0.8400,1.00,no
2026-10-05T04:58:58.646812Z,KXXRP15M-26OCT050100-00,0.8400,5.00,no
2026-10-05T04:58:58.646812Z,KXXRP15M-26OCT050100-00,0.8400,5.95,no
2026-10-05T04:58:58.646812Z,KXXRP15M-26OCT050100-00,0.8400,1.00,no
2026-10-05T04:58:58.66733Z,KXXRP15M-26OCT050100-00,0.8300,8.63,no
2026-10-05T04:58:58.66733Z,KXXRP15M-26OCT050100-00,0.8300,2.00,no
2026-10-05T04:58:58.682762Z,KXXRP15M-26OCT050100-00,0.8000,9.00,no
2026-10-05T04:58:58.682762Z,KXXRP15M-26OCT050100-00,0.8300,5.00,no
2026-10-05T04:58:58.682762Z,KXXRP15M-26OCT050100-00,0.8200,1.00,no
2026-10-05T04:58:58.701849Z,KXXRP15M-26OCT050100-00,0.8300,20.00,no
2026-10-05T04:58:58.748339Z,KXXRP15M-26OCT050100-00,0.8300,53.00,no
2026-10-05T04:58:58.772135Z,KXXRP15M-26OCT050100-00,0.8500,42.00,yes
2026-10-05T04:58:58.776058Z,KXXRP15M-26OCT050100-00,0.8600,64.60,yes
2026-10-05T04:58:58.777065Z,KXXRP15M-26OCT050100-00,0.8700,27.00,yes
2026-10-05T04:58:58.777065Z,KXXRP15M-26OCT050100-00,0.8600,12.40,yes
2026-10-05T04:58:58.83896Z,KXXRP15M-26OCT050100-00,0.8900,5.00,no
2026-10-05T04:58:58.83896Z,KXXRP15M-26OCT050100-00,0.8900,6.25,no
2026-10-05T04:58:58.874745Z,KXXRP15M-26OCT050100-00,0.8900,32.00,no
2026-10-05T04:58:58.968316Z,KXXRP15M-26OCT050100-00,0.8900,47.00,no
2026-10-05T04:58:59.074423Z,KXXRP15M-26OCT050100-00,0.9000,10.00,yes
2026-10-05T04:58:59.077601Z,KXXRP15M-26OCT050100-00,0.9000,13.44,yes
2026-10-05T04:58:59.084791Z,KXXRP15M-26OCT050100-00,0.9000,0.44,yes
2026-10-05T04:58:59.084791Z,KXXRP15M-26OCT050100-00,0.9000,10.56,yes
2026-10-05T04:58:59.140802Z,KXXRP15M-26OCT050100-00,0.8900,136.00,no
2026-10-05T04:58:59.468876Z,KXXRP15M-26OCT050100-00,0.9000,20.44,yes
2026-10-05T04:58:59.468876Z,KXXRP15M-26OCT050100-00,0.9000,0.56,yes
2026-10-05T04:58:59.530876Z,KXXRP15M-26OCT050100-00,0.8900,146.00,no
2026-10-05T04:58:59.627903Z,KXXRP15M-26OCT050100-00,0.9000,13.50,yes
2026-10-05T04:58:59.865263Z,KXXRP15M-26OCT050100-00,0.9020,50.00,yes
2026-10-05T04:58:59.865263Z,KXXRP15M-26OCT050100-00,0.9010,1.00,yes
2026-10-05T04:58:59.865263Z,KXXRP15M-26OCT050100-00,0.9000,3.00,yes
2026-10-05T04:58:59.865263Z,KXXRP15M-26OCT050100-00,0.9100,4.86,yes
2026-10-05T04:58:59.865263Z,KXXRP15M-26OCT050100-00,0.9040,1.00,yes
2026-10-05T04:58:59.865263Z,KXXRP15M-26OCT050100-00,0.9000,1.00,yes
2026-10-05T04:58:59.865263Z,KXXRP15M-26OCT050100-00,0.9000,21.00,yes
2026-10-05T04:58:59.865263Z,KXXRP15M-26OCT050100-00,0.9040,1.00,yes
2026-10-05T04:58:59.865263Z,KXXRP15M-26OCT050100-00,0.9000,0.06,yes
2026-10-05T04:58:59.865263Z,KXXRP15M-26OCT050100-00,0.9010,6.00,yes
2026-10-05T04:58:59.865263Z,KXXRP15M-26OCT050100-00,0.9020,34.00,yes
2026-10-05T04:58:59.93602Z,KXXRP15M-26OCT050100-00,0.9000,3.00,yes
2026-10-05T04:58:59.93602Z,KXXRP15M-26OCT050100-00,0.9000,1.00,yes
2026-10-05T04:58:59.943013Z,KXXRP15M-26OCT050100-00,0.9000,1.00,yes
2026-10-05T04:59:00.060372Z,KXXRP15M-26OCT050100-00,0.9010,1.34,yes
2026-10-05T04:59:00.073602Z,KXXRP15M-26OCT050100-00,0.9010,32.66,yes
2026-10-05T04:59:00.073602Z,KXXRP15M-26OCT050100-00,0.9020,34.00,yes
2026-10-05T04:59:00.073602Z,KXXRP15M-26OCT050100-00,0.9080,4.00,yes
2026-10-05T04:59:00.073602Z,KXXRP15M-26OCT050100-00,0.9090,4.34,yes
2026-10-05T04:59:00.143139Z,KXXRP15M-26OCT050100-00,0.9090,9.00,yes
2026-10-05T04:59:00.143139Z,KXXRP15M-26OCT050100-00,0.9080,4.00,yes
2026-10-05T04:59:00.143139Z,KXXRP15M-26OCT050100-00,0.9080,34.00,yes
2026-10-05T04:59:00.201872Z,KXXRP15M-26OCT050100-00,0.9070,1.00,yes
2026-10-05T04:59:00.476066Z,KXXRP15M-26OCT050100-00,0.9070,19.00,yes
2026-10-05T04:59:00.683854Z,KXXRP15M-26OCT050100-00,0.9170,1.00,yes
2026-10-05T04:59:00.824676Z,KXXRP15M-26OCT050100-00,0.9170,10.73,yes
2026-10-05T04:59:01.1638Z,KXXRP15M-26OCT050100-00,0.9200,7.00,yes
2026-10-05T04:59:01.196095Z,KXXRP15M-26OCT050100-00,0.9270,5.00,yes
2026-10-05T04:59:01.196095Z,KXXRP15M-26OCT050100-00,0.9280,3.00,yes
2026-10-05T04:59:01.196095Z,KXXRP15M-26OCT050100-00,0.9200,3.00,yes
2026-10-05T04:59:01.196134Z,KXXRP15M-26OCT050100-00,0.9280,37.00,yes
2026-10-05T04:59:01.196289Z,KXXRP15M-26OCT050100-00,0.9450,91.34,yes
2026-10-05T04:59:01.196289Z,KXXRP15M-26OCT050100-00,0.9280,7.66,yes
2026-10-05T04:59:01.249183Z,KXXRP15M-26OCT050100-00,0.9390,10.44,no
2026-10-05T04:59:01.352874Z,KXXRP15M-26OCT050100-00,0.9450,38.00,yes
2026-10-05T04:59:01.352874Z,KXXRP15M-26OCT050100-00,0.9440,5.00,yes
2026-10-05T04:59:01.359237Z,KXXRP15M-26OCT050100-00,0.9450,11.00,yes
2026-10-05T04:59:01.425636Z,KXXRP15M-26OCT050100-00,0.9450,186.00,yes
2026-10-05T04:59:01.425636Z,KXXRP15M-26OCT050100-00,0.9440,5.00,yes
2026-10-05T04:59:01.492293Z,KXXRP15M-26OCT050100-00,0.9430,5.34,no
2026-10-05T04:59:01.94727Z,KXXRP15M-26OCT050100-00,0.9450,2.10,yes
2026-10-05T04:59:01.967595Z,KXXRP15M-26OCT050100-00,0.9410,0.75,no
2026-10-05T04:59:01.967595Z,KXXRP15M-26OCT050100-00,0.9440,3.58,no
2026-10-05T04:59:01.967595Z,KXXRP15M-26OCT050100-00,0.9440,0.01,no
2026-10-05T04:59:01.967595Z,KXXRP15M-26OCT050100-00,0.9430,11.66,no
2026-10-05T04:59:02.05255Z,KXXRP15M-26OCT050100-00,0.9450,3.00,yes
2026-10-05T04:59:02.854816Z,KXXRP15M-26OCT050100-00,0.9440,2.10,yes
2026-10-05T04:59:02.923565Z,KXXRP15M-26OCT050100-00,0.9440,2.10,yes
2026-10-05T04:59:03.055788Z,KXXRP15M-26OCT050100-00,0.9420,0.51,no
2026-10-05T04:59:03.122902Z,KXXRP15M-26OCT050100-00,0.9410,1.00,no
2026-10-05T04:59:03.122902Z,KXXRP15M-26OCT050100-00,0.9420,0.49,no
2026-10-05T04:59:03.122902Z,KXXRP15M-26OCT050100-00,0.9440,8.00,no
2026-10-05T04:59:03.122902Z,KXXRP15M-26OCT050100-00,0.9430,1.00,no
2026-10-05T04:59:03.122902Z,KXXRP15M-26OCT050100-00,0.9400,25.00,no
2026-10-05T04:59:03.122902Z,KXXRP15M-26OCT050100-00,0.9410,16.25,no
2026-10-05T04:59:03.122902Z,KXXRP15M-26OCT050100-00,0.9400,9.26,no
2026-10-05T04:59:03.485227Z,KXXRP15M-26OCT050100-00,0.9410,1.06,no
2026-10-05T04:59:03.662637Z,KXXRP15M-26OCT050100-00,0.9400,1.00,no
2026-10-05T04:59:03.662637Z,KXXRP15M-26OCT050100-00,0.9410,15.94,no
2026-10-05T04:59:03.662637Z,KXXRP15M-26OCT050100-00,0.9410,0.01,no
2026-10-05T04:59:03.662637Z,KXXRP15M-26OCT050100-00,0.9400,40.74,no
2026-10-05T04:59:03.662637Z,KXXRP15M-26OCT050100-00,0.9390,15.21,no
2026-10-05T04:59:03.663367Z,KXXRP15M-26OCT050100-00,0.9390,1.79,no
2026-10-05T04:59:03.665171Z,KXXRP15M-26OCT050100-00,0.9010,9.00,no
2026-10-05T04:59:03.665171Z,KXXRP15M-26OCT050100-00,0.9150,1.00,no
2026-10-05T04:59:03.665171Z,KXXRP15M-26OCT050100-00,0.9110,1.00,no
2026-10-05T04:59:03.665171Z,KXXRP15M-26OCT050100-00,0.9100,7.50,no
2026-10-05T04:59:03.66702Z,KXXRP15M-26OCT050100-00,0.8800,94.99,no
2026-10-05T04:59:03.66702Z,KXXRP15M-26OCT050100-00,0.8800,15.00,no
2026-10-05T04:59:03.672022Z,KXXRP15M-26OCT050100-00,0.8800,0.01,no
2026-10-05T04:59:03.672542Z,KXXRP15M-26OCT050100-00,0.8800,14.00,no
2026-10-05T04:59:03.68008Z,KXXRP15M-26OCT050100-00,0.8600,9.00,no
2026-10-05T04:59:03.68008Z,KXXRP15M-26OCT050100-00,0.8700,13.00,no
2026-10-05T04:59:03.692047Z,KXXRP15M-26OCT050100-00,0.8700,13.00,no
2026-10-05T04:59:03.703009Z,KXXRP15M-26OCT050100-00,0.8700,13.00,no
2026-10-05T04:59:03.715258Z,KXXRP15M-26OCT050100-00,0.8700,13.00,no
2026-10-05T04:59:03.726833Z,KXXRP15M-26OCT050100-00,0.8700,13.00,no
2026-10-05T04:59:03.737587Z,KXXRP15M-26OCT050100-00,0.8700,13.00,no
2026-10-05T04:59:03.748059Z,KXXRP15M-26OCT050100-00,0.8700,13.00,no
2026-10-05T04:59:03.761409Z,KXXRP15M-26OCT050100-00,0.8700,13.00,no
2026-10-05T04:59:04.035998Z,KXXRP15M-26OCT050100-00,0.8300,11.00,no
2026-10-05T04:59:04.035998Z,KXXRP15M-26OCT050100-00,0.8500,15.00,no
2026-10-05T04:59:04.035998Z,KXXRP15M-26OCT050100-00,0.8500,12.00,no
2026-10-05T04:59:04.035998Z,KXXRP15M-26OCT050100-00,0.8500,7.00,no
2026-10-05T04:59:04.328104Z,KXXRP15M-26OCT050100-00,0.8400,11.00,no
2026-10-05T04:59:04.328104Z,KXXRP15M-26OCT050100-00,0.8400,48.00,no
2026-10-05T04:59:04.328104Z,KXXRP15M-26OCT050100-00,0.8300,144.00,no
2026-10-05T04:59:04.328104Z,KXXRP15M-26OCT050100-00,0.8400,7.00,no
2026-10-05T04:59:04.342193Z,KXXRP15M-26OCT050100-00,0.8500,3.00,yes
2026-10-05T04:59:05.093153Z,KXXRP15M-26OCT050100-00,0.8500,1.00,yes
2026-10-05T04:59:05.093153Z,KXXRP15M-26OCT050100-00,0.8600,1.29,yes
2026-10-05T04:59:05.523663Z,KXXRP15M-26OCT050100-00,0.8500,12.00,no
2026-10-05T04:59:05.529827Z,KXXRP15M-26OCT050100-00,0.8500,5.00,no
2026-10-05T04:59:05.556228Z,KXXRP15M-26OCT050100-00,0.8600,10.00,yes
2026-10-05T04:59:06.188774Z,KXXRP15M-26OCT050100-00,0.8800,1.00,yes
2026-10-05T04:59:06.188774Z,KXXRP15M-26OCT050100-00,0.8600,28.00,yes
2026-10-05T04:59:06.188774Z,KXXRP15M-26OCT050100-00,0.8800,18.79,yes
2026-10-05T04:59:06.188774Z,KXXRP15M-26OCT050100-00,0.8800,40.00,yes
2026-10-05T04:59:06.188774Z,KXXRP15M-26OCT050100-00,0.8700,1.00,yes
2026-10-05T04:59:06.188774Z,KXXRP15M-26OCT050100-00,0.8700,6.00,yes
2026-10-05T04:59:06.188774Z,KXXRP15M-26OCT050100-00,0.8800,17.00,yes
2026-10-05T04:59:06.188774Z,KXXRP15M-26OCT050100-00,0.8600,30.71,yes
2026-10-05T04:59:06.197293Z,KXXRP15M-26OCT050100-00,0.8700,1.13,yes
2026-10-05T04:59:06.53347Z,KXXRP15M-26OCT050100-00,0.8500,7.00,no
2026-10-05T04:59:06.533858Z,KXXRP15M-26OCT050100-00,0.8100,7.00,no
2026-10-05T04:59:06.533858Z,KXXRP15M-26OCT050100-00,0.8100,73.00,no
2026-10-05T04:59:06.535072Z,KXXRP15M-26OCT050100-00,0.8100,10.00,no
2026-10-05T04:59:06.53621Z,KXXRP15M-26OCT050100-00,0.7800,103.00,no
2026-10-05T04:59:06.53621Z,KXXRP15M-26OCT050100-00,0.7800,2.60,no
2026-10-05T04:59:06.543113Z,KXXRP15M-26OCT050100-00,0.7200,8.00,no
2026-10-05T04:59:06.543113Z,KXXRP15M-26OCT050100-00,0.7300,15.00,no
2026-10-05T04:59:06.543113Z,KXXRP15M-26OCT050100-00,0.7100,15.00,no
2026-10-05T04:59:06.543113Z,KXXRP15M-26OCT050100-00,0.6900,20.00,no
2026-10-05T04:59:06.543113Z,KXXRP15M-26OCT050100-00,0.7100,1.00,no
2026-10-05T04:59:06.543113Z,KXXRP15M-26OCT050100-00,0.6800,15.00,no
2026-10-05T04:59:06.543113Z,KXXRP15M-26OCT050100-00,0.7300,40.00,no
2026-10-05T04:59:06.543487Z,KXXRP15M-26OCT050100-00,0.6700,0.25,no
2026-10-05T04:59:06.551551Z,KXXRP15M-26OCT050100-00,0.7400,148.00,no
2026-10-05T04:59:06.555606Z,KXXRP15M-26OCT050100-00,0.7200,8.00,no
2026-10-05T04:59:06.555606Z,KXXRP15M-26OCT050100-00,0.6600,7.00,no
2026-10-05T04:59:06.555606Z,KXXRP15M-26OCT050100-00,0.6900,7.00,no
2026-10-05T04:59:06.555606Z,KXXRP15M-26OCT050100-00,0.7200,20.00,no
2026-10-05T04:59:06.555606Z,KXXRP15M-26OCT050100-00,0.6600,1.00,no
2026-10-05T04:59:06.555606Z,KXXRP15M-26OCT050100-00,0.6500,14.00,no
2026-10-05T04:59:06.555606Z,KXXRP15M-26OCT050100-00,0.6500,15.00,no
2026-10-05T04:59:06.555606Z,KXXRP15M-26OCT050100-00,0.6500,10.00,no
2026-10-05T04:59:06.556173Z,KXXRP15M-26OCT050100-00,0.6500,14.00,no
2026-10-05T04:59:06.556787Z,KXXRP15M-26OCT050100-00,0.6500,23.00,no
2026-10-05T04:59:06.600585Z,KXXRP15M-26OCT050100-00,0.6700,0.10,yes
2026-10-05T04:59:06.639965Z,KXXRP15M-26OCT050100-00,0.6700,9.74,yes
2026-10-05T04:59:06.663192Z,KXXRP15M-26OCT050100-00,0.6500,7.50,no
2026-10-05T04:59:06.663192Z,KXXRP15M-26OCT050100-00,0.6400,331.50,no
2026-10-05T04:59:06.663192Z,KXXRP15M-26OCT050100-00,0.6500,15.00,no
2026-10-05T04:59:06.663192Z,KXXRP15M-26OCT050100-00,0.6500,6.00,no
2026-10-05T04:59:06.663192Z,KXXRP15M-26OCT050100-00,0.6500,4.00,no
2026-10-05T04:59:07.027536Z,KXXRP15M-26OCT050100-00,0.7100,11.00,yes
2026-10-05T04:59:07.283365Z,KXXRP15M-26OCT050100-00,0.6800,73.00,no
2026-10-05T04:59:07.419206Z,KXXRP15M-26OCT050100-00,0.7000,10.01,yes
2026-10-05T04:59:07.419206Z,KXXRP15M-26OCT050100-00,0.7000,6.00,yes
2026-10-05T04:59:07.420896Z,KXXRP15M-26OCT050100-00,0.7100,4.00,yes
2026-10-05T04:59:07.420896Z,KXXRP15M-26OCT050100-00,0.7000,8.71,yes
2026-10-05T04:59:07.420896Z,KXXRP15M-26OCT050100-00,0.7100,11.00,yes
2026-10-05T04:59:07.425934Z,KXXRP15M-26OCT050100-00,0.7200,15.00,yes
2026-10-05T04:59:07.425934Z,KXXRP15M-26OCT050100-00,0.7300,6.00,yes
2026-10-05T04:59:07.427393Z,KXXRP15M-26OCT050100-00,0.7400,41.26,yes
2026-10-05T04:59:07.429161Z,KXXRP15M-26OCT050100-00,0.7400,82.74,yes
2026-10-05T04:59:07.432256Z,KXXRP15M-26OCT050100-00,0.7400,16.00,yes
2026-10-05T04:59:07.473736Z,KXXRP15M-26OCT050100-00,0.7600,10.00,yes
2026-10-05T04:59:07.473736Z,KXXRP15M-26OCT050100-00,0.7600,17.00,yes
2026-10-05T04:59:07.47542Z,KXXRP15M-26OCT050100-00,0.7600,25.00,yes
2026-10-05T04:59:07.478583Z,KXXRP15M-26OCT050100-00,0.7800,18.00,yes
2026-10-05T04:59:07.48028Z,KXXRP15M-26OCT050100-00,0.8100,41.00,yes
2026-10-05T04:59:07.48028Z,KXXRP15M-26OCT050100-00,0.8100,6.00,yes
2026-10-05T04:59:07.482806Z,KXXRP15M-26OCT050100-00,0.8100,20.00,yes
2026-10-05T04:59:07.489089Z,KXXRP15M-26OCT050100-00,0.8400,210.00,yes
2026-10-05T04:59:07.49124Z,KXXRP15M-26OCT050100-00,0.8400,46.16,yes
2026-10-05T04:59:07.498541Z,KXXRP15M-26OCT050100-00,0.8400,85.42,yes
2026-10-05T04:59:07.499682Z,KXXRP15M-26OCT050100-00,0.8400,178.21,yes
2026-10-05T04:59:07.590271Z,KXXRP15M-26OCT050100-00,0.8800,7.50,yes
2026-10-05T04:59:07.590271Z,KXXRP15M-26OCT050100-00,0.8800,13.50,yes
2026-10-05T04:59:07.591631Z,KXXRP15M-26OCT050100-00,0.8700,0.10,no
2026-10-05T04:59:07.770584Z,KXXRP15M-26OCT050100-00,0.8700,1.00,no
2026-10-05T04:59:07.792814Z,KXXRP15M-26OCT050100-00,0.8700,39.79,no
2026-10-05T04:59:07.819136Z,KXXRP15M-26OCT050100-00,0.8700,1.00,no
2026-10-05T04:59:07.871553Z,KXXRP15M-26OCT050100-00,0.8400,177.11,no
2026-10-05T04:59:07.871553Z,KXXRP15M-26OCT050100-00,0.8400,11.00,no
2026-10-05T04:59:07.871788Z,KXXRP15M-26OCT050100-00,0.8400,33.10,no
2026-10-05T04:59:07.885632Z,KXXRP15M-26OCT050100-00,0.8200,10.00,no
2026-10-05T04:59:07.890993Z,KXXRP15M-26OCT050100-00,0.8200,10.00,no
2026-10-05T04:59:07.892237Z,KXXRP15M-26OCT050100-00,0.8100,10.00,no
2026-10-05T04:59:07.892237Z,KXXRP15M-26OCT050100-00,0.8100,191.00,no
2026-10-05T04:59:08.225757Z,KXXRP15M-26OCT050100-00,0.7800,2.35,no
2026-10-05T04:59:08.225757Z,KXXRP15M-26OCT050100-00,0.7800,0.01,no
2026-10-05T04:59:08.381907Z,KXXRP15M-26OCT050100-00,0.7500,3.11,no
2026-10-05T04:59:08.381907Z,KXXRP15M-26OCT050100-00,0.7800,7.14,no
2026-10-05T04:59:08.92086Z,KXXRP15M-26OCT050100-00,0.7700,7.50,yes
2026-10-05T04:59:08.92086Z,KXXRP15M-26OCT050100-00,0.7800,5.50,yes
2026-10-05T04:59:08.92086Z,KXXRP15M-26OCT050100-00,0.7800,6.00,yes
2026-10-05T04:59:08.993472Z,KXXRP15M-26OCT050100-00,0.7600,16.00,no
2026-10-05T04:59:09.049909Z,KXXRP15M-26OCT050100-00,0.7800,2.13,yes
2026-10-05T04:59:09.1255Z,KXXRP15M-26OCT050100-00,0.7500,8.00,no
2026-10-05T04:59:09.1255Z,KXXRP15M-26OCT050100-00,0.7500,24.00,no
2026-10-05T04:59:09.1255Z,KXXRP15M-26OCT050100-00,0.7400,37.06,no
2026-10-05T04:59:09.1255Z,KXXRP15M-26OCT050100-00,0.7600,17.00,no
2026-10-05T04:59:09.1255Z,KXXRP15M-26OCT050100-00,0.7600,2.00,no
2026-10-05T04:59:09.1255Z,KXXRP15M-26OCT050100-00,0.7500,2.00,no
2026-10-05T04:59:09.225318Z,KXXRP15M-26OCT050100-00,0.7400,39.00,no
2026-10-05T04:59:09.472383Z,KXXRP15M-26OCT050100-00,0.7400,18.28,no
2026-10-05T04:59:10.18419Z,KXXRP15M-26OCT050100-00,0.7700,239.30,no
2026-10-05T04:59:10.424188Z,KXXRP15M-26OCT050100-00,0.8000,16.72,yes
2026-10-05T04:59:10.51481Z,KXXRP15M-26OCT050100-00,0.8000,17.00,yes
2026-10-05T04:59:10.51481Z,KXXRP15M-26OCT050100-00,0.8000,2.28,yes
2026-10-05T04:59:10.516661Z,KXXRP15M-26OCT050100-00,0.8100,65.00,yes
2026-10-05T04:59:10.547628Z,KXXRP15M-26OCT050100-00,0.8200,21.00,yes
2026-10-05T04:59:10.570887Z,KXXRP15M-26OCT050100-00,0.8300,30.00,no
2026-10-05T04:59:10.599845Z,KXXRP15M-26OCT050100-00,0.8400,15.72,yes
2026-10-05T04:59:10.600145Z,KXXRP15M-26OCT050100-00,0.8400,23.00,yes
2026-10-05T04:59:10.600145Z,KXXRP15M-26OCT050100-00,0.8400,25.28,yes
2026-10-05T04:59:10.800793Z,KXXRP15M-26OCT050100-00,0.8600,25.00,yes
2026-10-05T04:59:10.801861Z,KXXRP15M-26OCT050100-00,0.8800,3.00,yes
2026-10-05T04:59:10.801861Z,KXXRP15M-26OCT050100-00,0.8800,6.00,yes
2026-10-05T04:59:10.80188Z,KXXRP15M-26OCT050100-00,0.8800,14.00,yes
2026-10-05T04:59:10.8971Z,KXXRP15M-26OCT050100-00,0.9160,21.00,yes
2026-10-05T04:59:11.134687Z,KXXRP15M-26OCT050100-00,0.9200,1.31,yes
2026-10-05T04:59:11.2761Z,KXXRP15M-26OCT050100-00,0.9180,9.00,no
2026-10-05T04:59:11.352912Z,KXXRP15M-26OCT050100-00,0.9200,7.00,yes
2026-10-05T04:59:11.46882Z,KXXRP15M-26OCT050100-00,0.9230,1.11,no
2026-10-05T04:59:11.751167Z,KXXRP15M-26OCT050100-00,0.9230,0.79,no
2026-10-05T04:59:11.751167Z,KXXRP15M-26OCT050100-00,0.9240,10.00,no
2026-10-05T04:59:11.751167Z,KXXRP15M-26OCT050100-00,0.9230,0.80,no
2026-10-05T04:59:11.801001Z,KXXRP15M-26OCT050100-00,0.9240,17.00,no
2026-10-05T04:59:11.801001Z,KXXRP15M-26OCT050100-00,0.9250,10.00,no
2026-10-05T04:59:11.801001Z,KXXRP15M-26OCT050100-00,0.9230,4.00,no
2026-10-05T04:59:11.807965Z,KXXRP15M-26OCT050100-00,0.9130,5.00,no
2026-10-05T04:59:11.807965Z,KXXRP15M-26OCT050100-00,0.9230,0.63,no
2026-10-05T04:59:11.807965Z,KXXRP15M-26OCT050100-00,0.9150,3.69,no
2026-10-05T04:59:11.807965Z,KXXRP15M-26OCT050100-00,0.9010,5.11,no
2026-10-05T04:59:11.807965Z,KXXRP15M-26OCT050100-00,0.9140,5.28,no
2026-10-05T04:59:11.807965Z,KXXRP15M-26OCT050100-00,0.9230,0.90,no
2026-10-05T04:59:11.807965Z,KXXRP15M-26OCT050100-00,0.9140,2.00,no
2026-10-05T04:59:11.807965Z,KXXRP15M-26OCT050100-00,0.9230,8.39,no
2026-10-05T04:59:11.821567Z,KXXRP15M-26OCT050100-00,0.9240,99.00,yes
2026-10-05T04:59:12.035718Z,KXXRP15M-26OCT050100-00,0.9090,10.00,no
2026-10-05T04:59:12.038063Z,KXXRP15M-26OCT050100-00,0.9000,75.00,no
2026-10-05T04:59:12.038063Z,KXXRP15M-26OCT050100-00,0.9010,9.00,no
2026-10-05T04:59:12.038063Z,KXXRP15M-26OCT050100-00,0.9050,0.01,no
2026-10-05T04:59:12.038063Z,KXXRP15M-26OCT050100-00,0.9030,1.00,no
2026-10-05T04:59:12.038063Z,KXXRP15M-26OCT050100-00,0.9080,17.00,no
2026-10-05T04:59:12.042315Z,KXXRP15M-26OCT050100-00,0.9090,10.00,no
2026-10-05T04:59:12.052222Z,KXXRP15M-26OCT050100-00,0.8900,7.50,no
2026-10-05T04:59:12.052222Z,KXXRP15M-26OCT050100-00,0.8900,10.00,no
2026-10-05T04:59:12.052222Z,KXXRP15M-26OCT050100-00,0.8900,3.00,no
2026-10-05T04:59:12.156127Z,KXXRP15M-26OCT050100-00,0.8900,10.00,no
2026-10-05T04:59:12.156127Z,KXXRP15M-26OCT050100-00,0.8900,15.00,no
2026-10-05T04:59:12.184432Z,KXXRP15M-26OCT050100-00,0.9000,36.00,yes
2026-10-05T04:59:12.222315Z,KXXRP15M-26OCT050100-00,0.8800,2.96,no
2026-10-05T04:59:12.340628Z,KXXRP15M-26OCT050100-00,0.8900,33.00,yes
2026-10-05T04:59:12.427408Z,KXXRP15M-26OCT050100-00,0.8800,10.00,no
2026-10-05T04:59:12.438674Z,KXXRP15M-26OCT050100-00,0.8800,10.00,no
2026-10-05T04:59:12.450057Z,KXXRP15M-26OCT050100-00,0.8800,10.00,no
2026-10-05T04:59:12.461691Z,KXXRP15M-26OCT050100-00,0.8800,10.00,no
2026-10-05T04:59:12.465794Z,KXXRP15M-26OCT050100-00,0.8800,10.00,no
2026-10-05T04:59:12.477485Z,KXXRP15M-26OCT050100-00,0.8800,10.00,no
2026-10-05T04:59:12.487472Z,KXXRP15M-26OCT050100-00,0.8800,10.00,no
2026-10-05T04:59:12.496384Z,KXXRP15M-26OCT050100-00,0.8800,10.00,no
2026-10-05T04:59:12.507805Z,KXXRP15M-26OCT050100-00,0.8800,10.00,no
2026-10-05T04:59:12.516653Z,KXXRP15M-26OCT050100-00,0.8800,10.00,no
2026-10-05T04:59:12.529536Z,KXXRP15M-26OCT050100-00,0.8800,10.00,no
2026-10-05T04:59:12.538624Z,KXXRP15M-26OCT050100-00,0.8800,10.00,no
2026-10-05T04:59:12.548658Z,KXXRP15M-26OCT050100-00,0.8800,10.00,no
2026-10-05T04:59:12.554667Z,KXXRP15M-26OCT050100-00,0.8800,10.00,no
2026-10-05T04:59:12.561128Z,KXXRP15M-26OCT050100-00,0.8800,10.00,no
2026-10-05T04:59:12.573239Z,KXXRP15M-26OCT050100-00,0.8800,10.00,no
2026-10-05T04:59:12.584889Z,KXXRP15M-26OCT050100-00,0.8800,10.00,no
2026-10-05T04:59:12.595075Z,KXXRP15M-26OCT050100-00,0.8800,10.00,no
2026-10-05T04:59:13.175401Z,KXXRP15M-26OCT050100-00,0.8900,5.22,no
2026-10-05T04:59:13.175401Z,KXXRP15M-26OCT050100-00,0.8900,10.00,no
2026-10-05T04:59:13.355863Z,KXXRP15M-26OCT050100-00,0.9030,15.00,yes
2026-10-05T04:59:13.414028Z,KXXRP15M-26OCT050100-00,0.8900,10.00,no
2026-10-05T04:59:13.414028Z,KXXRP15M-26OCT050100-00,0.8900,9.78,no
2026-10-05T04:59:13.414028Z,KXXRP15M-26OCT050100-00,0.8700,3.42,no
2026-10-05T04:59:13.522532Z,KXXRP15M-26OCT050100-00,0.8900,4.85,no
2026-10-05T04:59:13.522532Z,KXXRP15M-26OCT050100-00,0.8900,14.15,no
2026-10-05T04:59:13.630773Z,KXXRP15M-26OCT050100-00,0.8900,0.85,no
2026-10-05T04:59:13.630773Z,KXXRP15M-26OCT050100-00,0.8900,1.59,no
2026-10-05T04:59:13.970968Z,KXXRP15M-26OCT050100-00,0.8900,12.00,no
2026-10-05T04:59:13.976854Z,KXXRP15M-26OCT050100-00,0.9000,30.00,yes
2026-10-05T04:59:13.976854Z,KXXRP15M-26OCT050100-00,0.9050,1.00,yes
2026-10-05T04:59:13.976854Z,KXXRP15M-26OCT050100-00,0.9060,1.00,yes
2026-10-05T04:59:13.976854Z,KXXRP15M-26OCT050100-00,0.9040,23.00,yes
2026-10-05T04:59:13.976854Z,KXXRP15M-26OCT050100-00,0.9040,3.56,yes
2026-10-05T04:59:13.976854Z,KXXRP15M-26OCT050100-00,0.9020,16.00,yes
2026-10-05T04:59:13.988637Z,KXXRP15M-26OCT050100-00,0.9200,13.00,yes
2026-10-05T04:59:13.988637Z,KXXRP15M-26OCT050100-00,0.9190,6.00,yes
2026-10-05T04:59:14.074922Z,KXXRP15M-26OCT050100-00,0.9450,25.00,yes
2026-10-05T04:59:14.074922Z,KXXRP15M-26OCT050100-00,0.9470,5.44,yes
2026-10-05T04:59:14.074922Z,KXXRP15M-26OCT050100-00,0.9450,68.56,yes
2026-10-05T04:59:14.075354Z,KXXRP15M-26OCT050100-00,0.9440,5.00,no
2026-10-05T04:59:14.279057Z,KXXRP15M-26OCT050100-00,0.9500,1.00,yes
2026-10-05T04:59:14.292894Z,KXXRP15M-26OCT050100-00,0.9470,17.00,no
2026-10-05T04:59:14.292894Z,KXXRP15M-26OCT050100-00,0.9430,6.00,no
2026-10-05T04:59:14.292894Z,KXXRP15M-26OCT050100-00,0.9440,10.74,no
2026-10-05T04:59:14.292894Z,KXXRP15M-26OCT050100-00,0.9460,8.00,no
2026-10-05T04:59:14.292894Z,KXXRP15M-26OCT050100-00,0.9450,17.00,no
2026-10-05T04:59:14.292894Z,KXXRP15M-26OCT050100-00,0.9440,22.00,no
2026-10-05T04:59:14.354627Z,KXXRP15M-26OCT050100-00,0.9500,3.00,yes
2026-10-05T04:59:14.984542Z,KXXRP15M-26OCT050100-00,0.9610,1.08,yes
2026-10-05T04:59:14.984542Z,KXXRP15M-26OCT050100-00,0.9500,0.92,yes
2026-10-05T04:59:15.021318Z,KXXRP15M-26OCT050100-00,0.9650,5.00,yes
2026-10-05T04:59:15.050838Z,KXXRP15M-26OCT050100-00,0.9660,1.25,yes
2026-10-05T04:59:15.137064Z,KXXRP15M-26OCT050100-00,0.9660,79.00,yes
2026-10-05T04:59:15.155605Z,KXXRP15M-26OCT050100-00,0.9660,5.00,yes
2026-10-05T04:59:15.234477Z,KXXRP15M-26OCT050100-00,0.9660,22.00,yes
2026-10-05T04:59:15.293841Z,KXXRP15M-26OCT050100-00,0.9660,5.06,yes
2026-10-05T04:59:15.450464Z,KXXRP15M-26OCT050100-00,0.9680,8.74,yes
2026-10-05T04:59:15.450464Z,KXXRP15M-26OCT050100-00,0.9680,4.64,yes
2026-10-05T04:59:15.450464Z,KXXRP15M-26OCT050100-00,0.9660,258.62,yes
2026-10-05T04:59:15.450464Z,KXXRP15M-26OCT050100-00,0.9680,5.00,yes
2026-10-05T04:59:15.450464Z,KXXRP15M-26OCT050100-00,0.9680,5.00,yes
2026-10-05T04:59:15.450464Z,KXXRP15M-26OCT050100-00,0.9680,36.00,yes
2026-10-05T04:59:15.635057Z,KXXRP15M-26OCT050100-00,0.9680,3.38,yes
2026-10-05T04:59:15.635057Z,KXXRP15M-26OCT050100-00,0.9680,0.62,yes
2026-10-05T04:59:15.826612Z,KXXRP15M-26OCT050100-00,0.9680,50.00,yes
2026-10-05T04:59:16.055342Z,KXXRP15M-26OCT050100-00,0.9680,1.25,yes
2026-10-05T04:59:16.220473Z,KXXRP15M-26OCT050100-00,0.9670,1.08,no
2026-10-05T04:59:16.235087Z,KXXRP15M-26OCT050100-00,0.9680,54.00,yes
2026-10-05T04:59:16.660624Z,KXXRP15M-26OCT050100-00,0.9680,12.00,yes
2026-10-05T04:59:16.689992Z,KXXRP15M-26OCT050100-00,0.9680,73.35,yes
2026-10-05T04:59:17.061588Z,KXXRP15M-26OCT050100-00,0.9680,1.25,yes
2026-10-05T04:59:17.100541Z,KXXRP15M-26OCT050100-00,0.9680,204.77,yes
2026-10-05T04:59:17.100541Z,KXXRP15M-26OCT050100-00,0.9700,0.23,yes
2026-10-05T04:59:17.108258Z,KXXRP15M-26OCT050100-00,0.9700,24.00,yes
2026-10-05T04:59:17.114634Z,KXXRP15M-26OCT050100-00,0.9700,0.77,yes
2026-10-05T04:59:17.162361Z,KXXRP15M-26OCT050100-00,0.9770,5.00,yes
2026-10-05T04:59:17.172062Z,KXXRP15M-26OCT050100-00,0.9710,14.19,no
2026-10-05T04:59:17.223328Z,KXXRP15M-26OCT050100-00,0.9710,2.81,no
2026-10-05T04:59:17.223328Z,KXXRP15M-26OCT050100-00,0.9680,7.98,no
2026-10-05T04:59:17.223328Z,KXXRP15M-26OCT050100-00,0.9700,17.00,no
2026-10-05T04:59:17.276081Z,KXXRP15M-26OCT050100-00,0.9710,5.66,no
2026-10-05T04:59:17.276081Z,KXXRP15M-26OCT050100-00,0.9720,0.01,no
2026-10-05T04:59:17.289641Z,KXXRP15M-26OCT050100-00,0.9700,4.64,no
2026-10-05T04:59:17.289641Z,KXXRP15M-26OCT050100-00,0.9710,11.34,no
2026-10-05T04:59:17.524915Z,KXXRP15M-26OCT050100-00,0.9690,5.64,no
2026-10-05T04:59:17.524915Z,KXXRP15M-26OCT050100-00,0.9700,12.36,no
2026-10-05T04:59:17.524915Z,KXXRP15M-26OCT050100-00,0.9720,17.00,no
2026-10-05T04:59:18.032303Z,KXXRP15M-26OCT050100-00,0.9770,2.00,no
2026-10-05T04:59:18.092218Z,KXXRP15M-26OCT050100-00,0.9780,1.25,yes
2026-10-05T04:59:18.127155Z,KXXRP15M-26OCT050100-00,0.9770,0.72,no
2026-10-05T04:59:18.127155Z,KXXRP15M-26OCT050100-00,0.9770,4.28,no
2026-10-05T04:59:18.166292Z,KXXRP15M-26OCT050100-00,0.9790,1.19,yes
2026-10-05T04:59:18.166292Z,KXXRP15M-26OCT050100-00,0.9780,38.75,yes
2026-10-05T04:59:18.166292Z,KXXRP15M-26OCT050100-00,0.9780,6.00,yes
2026-10-05T04:59:18.192054Z,KXXRP15M-26OCT050100-00,0.9770,2.10,no
2026-10-05T04:59:18.192054Z,KXXRP15M-26OCT050100-00,0.9770,10.37,no
2026-10-05T04:59:18.192054Z,KXXRP15M-26OCT050100-00,0.9770,0.53,no
2026-10-05T04:59:18.315385Z,KXXRP15M-26OCT050100-00,0.9420,21.00,no
2026-10-05T04:59:18.315385Z,KXXRP15M-26OCT050100-00,0.9710,1.19,no
2026-10-05T04:59:18.315385Z,KXXRP15M-26OCT050100-00,0.9770,28.38,no
2026-10-05T04:59:18.315385Z,KXXRP15M-26OCT050100-00,0.9660,8.00,no
2026-10-05T04:59:18.315385Z,KXXRP15M-26OCT050100-00,0.9780,17.00,no
2026-10-05T04:59:18.315385Z,KXXRP15M-26OCT050100-00,0.9430,3.00,no
2026-10-05T04:59:18.315385Z,KXXRP15M-26OCT050100-00,0.9690,6.36,no
2026-10-05T04:59:18.315385Z,KXXRP15M-26OCT050100-00,0.9650,7.50,no
2026-10-05T04:59:18.315385Z,KXXRP15M-26OCT050100-00,0.9600,5.00,no
2026-10-05T04:59:18.315385Z,KXXRP15M-26OCT050100-00,0.9600,0.62,no
2026-10-05T04:59:18.315385Z,KXXRP15M-26OCT050100-00,0.9600,36.00,no
2026-10-05T04:59:18.315385Z,KXXRP15M-26OCT050100-00,0.9600,5.00,no
2026-10-05T04:59:18.315385Z,KXXRP15M-26OCT050100-00,0.9340,24.80,no
2026-10-05T04:59:18.315385Z,KXXRP15M-26OCT050100-00,0.9600,8.74,no
2026-10-05T04:59:18.315385Z,KXXRP15M-26OCT050100-00,0.9650,37.50,no
2026-10-05T04:59:18.315385Z,KXXRP15M-26OCT050100-00,0.9600,4.64,no
2026-10-05T04:59:18.315385Z,KXXRP15M-26OCT050100-00,0.9450,7.50,no
2026-10-05T04:59:18.322279Z,KXXRP15M-26OCT050100-00,0.9790,23.83,yes
2026-10-05T04:59:18.322279Z,KXXRP15M-26OCT050100-00,0.9790,3.81,yes
2026-10-05T04:59:18.553316Z,KXXRP15M-26OCT050100-00,0.9760,6.05,yes
2026-10-05T04:59:18.955517Z,KXXRP15M-26OCT050100-00,0.9710,3.81,no
2026-10-05T04:59:18.955517Z,KXXRP15M-26OCT050100-00,0.9680,5.00,no
2026-10-05T04:59:18.955517Z,KXXRP15M-26OCT050100-00,0.9720,23.83,no
2026-10-05T04:59:18.97078Z,KXXRP15M-26OCT050100-00,0.9710,9.00,yes
2026-10-05T04:59:18.990811Z,KXXRP15M-26OCT050100-00,0.9800,12.00,yes
2026-10-05T04:59:18.990811Z,KXXRP15M-26OCT050100-00,0.9800,0.95,yes
2026-10-05T04:59:18.990811Z,KXXRP15M-26OCT050100-00,0.9790,1.00,yes
2026-10-05T04:59:18.990811Z,KXXRP15M-26OCT050100-00,0.9820,1.00,yes
2026-10-05T04:59:18.990811Z,KXXRP15M-26OCT050100-00,0.9810,40.00,yes
2026-10-05T04:59:18.990811Z,KXXRP15M-26OCT050100-00,0.9830,33.88,yes
2026-10-05T04:59:18.990811Z,KXXRP15M-26OCT050100-00,0.9790,16.17,yes
2026-10-05T04:59:18.990811Z,KXXRP15M-26OCT050100-00,0.9800,40.00,yes
2026-10-05T04:59:18.990811Z,KXXRP15M-26OCT050100-00,0.9820,40.00,yes
2026-10-05T04:59:18.990811Z,KXXRP15M-26OCT050100-00,0.9750,6.00,yes
2026-10-05T04:59:18.990811Z,KXXRP15M-26OCT050100-00,0.9760,60.00,yes
2026-10-05T04:59:18.990811Z,KXXRP15M-26OCT050100-00,0.9750,7.50,yes
2026-10-05T04:59:18.990811Z,KXXRP15M-26OCT050100-00,0.9750,18.00,yes
2026-10-05T04:59:18.990811Z,KXXRP15M-26OCT050100-00,0.9800,7.50,yes
2026-10-05T04:59:18.990811Z,KXXRP15M-26OCT050100-00,0.9770,40.00,yes
2026-10-05T04:59:19.181804Z,KXXRP15M-26OCT050100-00,0.9690,0.25,no
2026-10-05T04:59:19.316262Z,KXXRP15M-26OCT050100-00,0.9730,1.03,no
2026-10-05T04:59:19.484987Z,KXXRP15M-26OCT050100-00,0.9770,37.00,no
2026-10-05T04:59:19.494336Z,KXXRP15M-26OCT050100-00,0.9780,4.00,no
2026-10-05T04:59:19.879713Z,KXXRP15M-26OCT050100-00,0.9830,1.00,yes
2026-10-05T04:59:19.879713Z,KXXRP15M-26OCT050100-00,0.9830,6.12,yes
2026-10-05T04:59:19.879713Z,KXXRP15M-26OCT050100-00,0.9840,30.88,yes
2026-10-05T04:59:19.941577Z,KXXRP15M-26OCT050100-00,0.9770,12.73,no
2026-10-05T04:59:19.941577Z,KXXRP15M-26OCT050100-00,0.9790,1.97,no
2026-10-05T04:59:19.941577Z,KXXRP15M-26OCT050100-00,0.9800,40.00,no
2026-10-05T04:59:19.941577Z,KXXRP15M-26OCT050100-00,0.9810,6.12,no
2026-10-05T04:59:19.941577Z,KXXRP15M-26OCT050100-00,0.9810,30.88,no
2026-10-05T04:59:20.050652Z,KXXRP15M-26OCT050100-00,0.9840,7.00,yes
2026-10-05T04:59:20.0573Z,KXXRP15M-26OCT050100-00,0.9840,1.00,yes
2026-10-05T04:59:20.0573Z,KXXRP15M-26OCT050100-00,0.9840,2.12,yes
2026-10-05T04:59:20.0573Z,KXXRP15M-26OCT050100-00,0.9840,3.88,yes
2026-10-05T04:59:20.122514Z,KXXRP15M-26OCT050100-00,0.9890,2.00,yes
2026-10-05T04:59:20.122514Z,KXXRP15M-26OCT050100-00,0.9890,20.00,yes
2026-10-05T04:59:20.122514Z,KXXRP15M-26OCT050100-00,0.9890,1.00,yes
2026-10-05T04:59:20.122514Z,KXXRP15M-26OCT050100-00,0.9890,100.00,yes
2026-10-05T04:59:20.122514Z,KXXRP15M-26OCT050100-00,0.9890,10.00,yes
2026-10-05T04:59:20.122514Z,KXXRP15M-26OCT050100-00,0.9880,1.00,yes
2026-10-05T04:59:20.122514Z,KXXRP15M-26OCT050100-00,0.9870,1.00,yes
2026-10-05T04:59:20.122514Z,KXXRP15M-26OCT050100-00,0.9850,1.00,yes
2026-10-05T04:59:20.122514Z,KXXRP15M-26OCT050100-00,0.9860,1.00,yes
2026-10-05T04:59:20.122514Z,KXXRP15M-26OCT050100-00,0.9890,1.00,yes
2026-10-05T04:59:20.122514Z,KXXRP15M-26OCT050100-00,0.9890,40.00,yes
2026-10-05T04:59:20.122514Z,KXXRP15M-26OCT050100-00,0.9860,40.00,yes
2026-10-05T04:59:20.122514Z,KXXRP15M-26OCT050100-00,0.9870,40.00,yes
2026-10-05T04:59:20.122514Z,KXXRP15M-26OCT050100-00,0.9880,40.00,yes
2026-10-05T04:59:20.122514Z,KXXRP15M-26OCT050100-00,0.9870,203.00,yes
2026-10-05T04:59:20.122514Z,KXXRP15M-26OCT050100-00,0.9890,20.00,yes
2026-10-05T04:59:20.122514Z,KXXRP15M-26OCT050100-00,0.9850,40.00,yes
2026-10-05T04:59:20.122514Z,KXXRP15M-26OCT050100-00,0.9860,16.00,yes
2026-10-05T04:59:20.122514Z,KXXRP15M-26OCT050100-00,0.9880,5.00,yes
2026-10-05T04:59:20.122514Z,KXXRP15M-26OCT050100-00,0.9850,7.00,yes
2026-10-05T04:59:20.236125Z,KXXRP15M-26OCT050100-00,0.9840,40.00,no
2026-10-05T04:59:20.236125Z,KXXRP15M-26OCT050100-00,0.9840,40.00,no
2026-10-05T04:59:20.236125Z,KXXRP15M-26OCT050100-00,0.9840,40.00,no
2026-10-05T04:59:20.236125Z,KXXRP15M-26OCT050100-00,0.9840,33.69,no
2026-10-05T04:59:20.236125Z,KXXRP15M-26OCT050100-00,0.9840,40.00,no
2026-10-05T04:59:20.388749Z,KXXRP15M-26OCT050100-00,0.9850,1.52,yes
2026-10-05T04:59:20.409026Z,KXXRP15M-26OCT050100-00,0.9840,6.31,no
2026-10-05T04:59:20.409026Z,KXXRP15M-26OCT050100-00,0.9840,13.00,no
2026-10-05T04:59:20.409026Z,KXXRP15M-26OCT050100-00,0.9830,8.89,no
2026-10-05T04:59:20.533399Z,KXXRP15M-26OCT050100-00,0.9830,0.44,no
2026-10-05T04:59:20.612463Z,KXXRP15M-26OCT050100-00,0.9890,4.14,yes
2026-10-05T04:59:20.612463Z,KXXRP15M-26OCT050100-00,0.9890,1.61,yes
2026-10-05T04:59:20.612463Z,KXXRP15M-26OCT050100-00,0.9890,5.68,yes
2026-10-05T04:59:20.612463Z,KXXRP15M-26OCT050100-00,0.9890,1.00,yes
2026-10-05T04:59:20.612463Z,KXXRP15M-26OCT050100-00,0.9890,1.00,yes
2026-10-05T04:59:20.612463Z,KXXRP15M-26OCT050100-00,0.9890,1.00,yes
2026-10-05T04:59:20.612463Z,KXXRP15M-26OCT050100-00,0.9890,1.00,yes
2026-10-05T04:59:20.612463Z,KXXRP15M-26OCT050100-00,0.9890,1.00,yes
2026-10-05T04:59:20.612463Z,KXXRP15M-26OCT050100-00,0.9900,155.23,yes
2026-10-05T04:59:20.612463Z,KXXRP15M-26OCT050100-00,0.9900,1.00,yes
2026-10-05T04:59:20.612463Z,KXXRP15M-26OCT050100-00,0.9860,1.00,yes
2026-10-05T04:59:20.612463Z,KXXRP15M-26OCT050100-00,0.9880,5.00,yes
2026-10-05T04:59:20.612463Z,KXXRP15M-26OCT050100-00,0.9870,1.00,yes
2026-10-05T04:59:20.612463Z,KXXRP15M-26OCT050100-00,0.9880,6.00,yes
2026-10-05T04:59:20.612463Z,KXXRP15M-26OCT050100-00,0.9890,5.00,yes
2026-10-05T04:59:21.273904Z,KXXRP15M-26OCT050100-00,0.9900,17.00,yes
2026-10-05T04:59:21.273904Z,KXXRP15M-26OCT050100-00,0.9890,2.00,yes
2026-10-05T04:59:21.273904Z,KXXRP15M-26OCT050100-00,0.9890,6.00,yes
2026-10-05T04:59:21.59681Z,KXXRP15M-26OCT050100-00,0.9820,20.00,no
2026-10-05T04:59:21.59681Z,KXXRP15M-26OCT050100-00,0.9840,2.00,no
2026-10-05T04:59:21.59681Z,KXXRP15M-26OCT050100-00,0.9830,1.00,no
2026-10-05T04:59:21.59681Z,KXXRP15M-26OCT050100-00,0.9830,5.00,no
2026-10-05T04:59:21.59681Z,KXXRP15M-26OCT050100-00,0.9850,5.00,no
2026-10-05T04:59:21.59681Z,KXXRP15M-26OCT050100-00,0.9830,2.12,no
2026-10-05T04:59:21.59681Z,KXXRP15M-26OCT050100-00,0.9810,4.65,no
2026-10-05T04:59:21.59681Z,KXXRP15M-26OCT050100-00,0.9820,1.22,no
2026-10-05T04:59:21.59681Z,KXXRP15M-26OCT050100-00,0.9810,36.00,no
2026-10-05T04:59:21.59681Z,KXXRP15M-26OCT050100-00,0.9860,5.39,no
2026-10-05T04:59:21.59681Z,KXXRP15M-26OCT050100-00,0.9820,33.88,no
2026-10-05T04:59:21.59681Z,KXXRP15M-26OCT050100-00,0.9830,12.00,no
2026-10-05T04:59:21.59681Z,KXXRP15M-26OCT050100-00,0.9830,7.00,no
2026-10-05T04:59:22.009139Z,KXXRP15M-26OCT050100-00,0.9880,1.11,yes
2026-10-05T04:59:22.009139Z,KXXRP15M-26OCT050100-00,0.9880,6.00,yes
2026-10-05T04:59:22.009139Z,KXXRP15M-26OCT050100-00,0.9880,4.00,yes
2026-10-05T04:59:22.088324Z,KXXRP15M-26OCT050100-00,0.9820,5.00,no
2026-10-05T04:59:22.088324Z,KXXRP15M-26OCT050100-00,0.9820,19.16,no
2026-10-05T04:59:22.088324Z,KXXRP15M-26OCT050100-00,0.9870,14.68,no
2026-10-05T04:59:22.088324Z,KXXRP15M-26OCT050100-00,0.9830,12.00,no
2026-10-05T04:59:22.319549Z,KXXRP15M-26OCT050100-00,0.9900,23.33,yes
2026-10-05T04:59:22.319549Z,KXXRP15M-26OCT050100-00,0.9880,1.00,yes
2026-10-05T04:59:22.319549Z,KXXRP15M-26OCT050100-00,0.9890,6.00,yes
2026-10-05T04:59:22.319549Z,KXXRP15M-26OCT050100-00,0.9890,1.00,yes
2026-10-05T04:59:22.319549Z,KXXRP15M-26OCT050100-00,0.9880,2.67,yes
2026-10-05T04:59:22.319549Z,KXXRP15M-26OCT050100-00,0.9880,6.00,yes
2026-10-05T04:59:22.662492Z,KXXRP15M-26OCT050100-00,0.9850,1.00,no
2026-10-05T04:59:22.662492Z,KXXRP15M-26OCT050100-00,0.9840,1.00,no
2026-10-05T04:59:22.662492Z,KXXRP15M-26OCT050100-00,0.9820,0.10,no
2026-10-05T04:59:22.689749Z,KXXRP15M-26OCT050100-00,0.9850,1.00,no
2026-10-05T04:59:22.695882Z,KXXRP15M-26OCT050100-00,0.9800,7.50,no
2026-10-05T04:59:22.695882Z,KXXRP15M-26OCT050100-00,0.9800,10.00,no
2026-10-05T04:59:22.695882Z,KXXRP15M-26OCT050100-00,0.9820,7.90,no
2026-10-05T04:59:22.695882Z,KXXRP15M-26OCT050100-00,0.9810,1.00,no
2026-10-05T04:59:22.695882Z,KXXRP15M-26OCT050100-00,0.9790,168.25,no
2026-10-05T04:59:22.695882Z,KXXRP15M-26OCT050100-00,0.9810,15.35,no
2026-10-05T04:59:22.800443Z,KXXRP15M-26OCT050100-00,0.9810,1.00,no
2026-10-05T04:59:23.224877Z,KXXRP15M-26OCT050100-00,0.9870,40.00,yes
2026-10-05T04:59:23.628409Z,KXXRP15M-26OCT050100-00,0.9900,36.00,yes
2026-10-05T04:59:23.901089Z,KXXRP15M-26OCT050100-00,0.9820,12.00,no
2026-10-05T04:59:23.901089Z,KXXRP15M-26OCT050100-00,0.9810,57.13,no
2026-10-05T04:59:23.901089Z,KXXRP15M-26OCT050100-00,0.9820,19.00,no
2026-10-05T04:59:24.065308Z,KXXRP15M-26OCT050100-00,0.9810,934.98,no
2026-10-05T04:59:24.065308Z,KXXRP15M-26OCT050100-00,0.9820,12.00,no
2026-10-05T04:59:24.231026Z,KXXRP15M-26OCT050100-00,0.9810,86.99,no
2026-10-05T04:59:24.231026Z,KXXRP15M-26OCT050100-00,0.9820,0.01,no
2026-10-05T04:59:24.231026Z,KXXRP15M-26OCT050100-00,0.9820,12.00,no
2026-10-05T04:59:24.238435Z,KXXRP15M-26OCT050100-00,0.9870,1.50,yes
2026-10-05T04:59:24.690102Z,KXXRP15M-26OCT050100-00,0.9860,6.00,yes
2026-10-05T04:59:24.985975Z,KXXRP15M-26OCT050100-00,0.9810,48.26,no
2026-10-05T04:59:25.101665Z,KXXRP15M-26OCT050100-00,0.9890,0.01,yes
2026-10-05T04:59:25.101665Z,KXXRP15M-26OCT050100-00,0.9890,1.00,yes
2026-10-05T04:59:25.225392Z,KXXRP15M-26OCT050100-00,0.9850,2.00,yes
2026-10-05T04:59:25.632137Z,KXXRP15M-26OCT050100-00,0.9900,81.07,yes
2026-10-05T04:59:25.632137Z,KXXRP15M-26OCT050100-00,0.9890,0.01,yes
2026-10-05T04:59:25.632137Z,KXXRP15M-26OCT050100-00,0.9890,5.99,yes
2026-10-05T04:59:25.708066Z,KXXRP15M-26OCT050100-00,0.9830,20.71,no
2026-10-05T04:59:26.723692Z,KXXRP15M-26OCT050100-00,0.9900,10.57,yes
2026-10-05T04:59:27.370775Z,KXXRP15M-26OCT050100-00,0.9900,10.00,yes
2026-10-05T04:59:28.054412Z,KXXRP15M-26OCT050100-00,0.9880,70.00,no
2026-10-05T04:59:28.123708Z,KXXRP15M-26OCT050100-00,0.9850,97.00,no
2026-10-05T04:59:28.123708Z,KXXRP15M-26OCT050100-00,0.9850,13.00,no
2026-10-05T04:59:28.132115Z,KXXRP15M-26OCT050100-00,0.9850,6.00,no
2026-10-05T04:59:28.153185Z,KXXRP15M-26OCT050100-00,0.9860,479.31,no
2026-10-05T04:59:28.452403Z,KXXRP15M-26OCT050100-00,0.9880,8.00,yes
2026-10-05T04:59:28.670562Z,KXXRP15M-26OCT050100-00,0.9830,248.31,no
2026-10-05T04:59:28.670562Z,KXXRP15M-26OCT050100-00,0.9830,30.00,no
2026-10-05T04:59:28.670562Z,KXXRP15M-26OCT050100-00,0.9830,12.00,no
2026-10-05T04:59:29.027495Z,KXXRP15M-26OCT050100-00,0.9830,35.19,no
2026-10-05T04:59:29.275605Z,KXXRP15M-26OCT050100-00,0.9960,1.00,yes
2026-10-05T04:59:29.275605Z,KXXRP15M-26OCT050100-00,0.9960,1.00,yes
2026-10-05T04:59:29.275605Z,KXXRP15M-26OCT050100-00,0.9960,13.00,yes
2026-10-05T04:59:29.275605Z,KXXRP15M-26OCT050100-00,0.9950,11.00,yes
2026-10-05T04:59:29.275605Z,KXXRP15M-26OCT050100-00,0.9960,1.00,yes
2026-10-05T04:59:29.275605Z,KXXRP15M-26OCT050100-00,0.9900,1.55,yes
2026-10-05T04:59:29.275605Z,KXXRP15M-26OCT050100-00,0.9960,1.00,yes
2026-10-05T04:59:29.275605Z,KXXRP15M-26OCT050100-00,0.9960,1.00,yes
2026-10-05T04:59:29.275605Z,KXXRP15M-26OCT050100-00,0.9960,40.00,yes
2026-10-05T04:59:29.275605Z,KXXRP15M-26OCT050100-00,0.9900,40.00,yes
2026-10-05T04:59:29.275605Z,KXXRP15M-26OCT050100-00,0.9960,1.00,yes
2026-10-05T04:59:29.275605Z,KXXRP15M-26OCT050100-00,0.9950,1.00,yes
2026-10-05T04:59:29.275605Z,KXXRP15M-26OCT050100-00,0.9940,40.00,yes
2026-10-05T04:59:29.275605Z,KXXRP15M-26OCT050100-00,0.9950,40.00,yes
2026-10-05T04:59:29.275605Z,KXXRP15M-26OCT050100-00,0.9920,40.00,yes
2026-10-05T04:59:29.275605Z,KXXRP15M-26OCT050100-00,0.9910,40.00,yes
2026-10-05T04:59:29.275605Z,KXXRP15M-26OCT050100-00,0.9930,40.00,yes
2026-10-05T04:59:29.275605Z,KXXRP15M-26OCT050100-00,0.9900,66.80,yes
2026-10-05T04:59:29.275605Z,KXXRP15M-26OCT050100-00,0.9930,3.00,yes
2026-10-05T04:59:29.275605Z,KXXRP15M-26OCT050100-00,0.9920,12.34,yes
2026-10-05T04:59:29.275605Z,KXXRP15M-26OCT050100-00,0.9950,7.50,yes
2026-10-05T04:59:29.275605Z,KXXRP15M-26OCT050100-00,0.9920,1.66,yes
2026-10-05T04:59:29.275605Z,KXXRP15M-26OCT050100-00,0.9950,5.00,yes
2026-10-05T04:59:29.275605Z,KXXRP15M-26OCT050100-00,0.9950,11.00,yes
2026-10-05T04:59:29.275605Z,KXXRP15M-26OCT050100-00,0.9940,5.00,yes
2026-10-05T04:59:29.275605Z,KXXRP15M-26OCT050100-00,0.9930,5.00,yes
2026-10-05T04:59:29.275605Z,KXXRP15M-26OCT050100-00,0.9910,6.00,yes
2026-10-05T04:59:29.275605Z,KXXRP15M-26OCT050100-00,0.9950,18.00,yes
2026-10-05T04:59:29.275605Z,KXXRP15M-26OCT050100-00,0.9960,30.63,yes
2026-10-05T04:59:29.275605Z,KXXRP15M-26OCT050100-00,0.9930,3.00,yes
2026-10-05T04:59:29.275605Z,KXXRP15M-26OCT050100-00,0.9900,10.10,yes
2026-10-05T04:59:29.275605Z,KXXRP15M-26OCT050100-00,0.9900,0.37,yes
2026-10-05T04:59:29.275605Z,KXXRP15M-26OCT050100-00,0.9900,1.44,yes
2026-10-05T04:59:29.275605Z,KXXRP15M-26OCT050100-00,0.9900,0.76,yes
2026-10-05T04:59:29.275605Z,KXXRP15M-26OCT050100-00,0.9900,3.17,yes
2026-10-05T04:59:30.023799Z,KXXRP15M-26OCT050100-00,0.9880,126.00,yes
2026-10-05T04:59:30.048118Z,KXXRP15M-26OCT050100-00,0.9880,10.00,yes
2026-10-05T04:59:30.051758Z,KXXRP15M-26OCT050100-00,0.9880,2.00,yes
2026-10-05T04:59:30.06538Z,KXXRP15M-26OCT050100-00,0.9880,100.00,yes
2026-10-05T04:59:30.464154Z,KXXRP15M-26OCT050100-00,0.9870,40.00,no
2026-10-05T04:59:30.464154Z,KXXRP15M-26OCT050100-00,0.9870,40.00,no
2026-10-05T04:59:30.464154Z,KXXRP15M-26OCT050100-00,0.9870,40.00,no
2026-10-05T04:59:30.464154Z,KXXRP15M-26OCT050100-00,0.9870,40.00,no
2026-10-05T04:59:30.464154Z,KXXRP15M-26OCT050100-00,0.9870,40.00,no
2026-10-05T04:59:30.464154Z,KXXRP15M-26OCT050100-00,0.9870,40.00,no
2026-10-05T04:59:30.464154Z,KXXRP15M-26OCT050100-00,0.9870,40.00,no
2026-10-05T04:59:30.464154Z,KXXRP15M-26OCT050100-00,0.9870,10.00,no
2026-10-05T04:59:30.464154Z,KXXRP15M-26OCT050100-00,0.9870,1.66,no
2026-10-05T04:59:30.464154Z,KXXRP15M-26OCT050100-00,0.9860,9.93,no
2026-10-05T04:59:30.464154Z,KXXRP15M-26OCT050100-00,0.9870,31.34,no
2026-10-05T04:59:31.033928Z,KXXRP15M-26OCT050100-00,0.9880,100.00,yes
2026-10-05T04:59:31.047565Z,KXXRP15M-26OCT050100-00,0.9880,10.00,yes
2026-10-05T04:59:31.059612Z,KXXRP15M-26OCT050100-00,0.9880,9.25,yes
2026-10-05T04:59:31.239809Z,KXXRP15M-26OCT050100-00,0.9880,17.00,yes
2026-10-05T04:59:31.352438Z,KXXRP15M-26OCT050100-00,0.9880,4.00,yes
2026-10-05T04:59:31.558774Z,KXXRP15M-26OCT050100-00,0.9880,7.00,yes
2026-10-05T04:59:31.728126Z,KXXRP15M-26OCT050100-00,0.9880,8.00,yes
2026-10-05T04:59:31.730593Z,KXXRP15M-26OCT050100-00,0.9880,6.75,yes
2026-10-05T04:59:31.730593Z,KXXRP15M-26OCT050100-00,0.9900,17.25,yes
2026-10-05T04:59:31.73072Z,KXXRP15M-26OCT050100-00,0.9900,2.75,yes
2026-10-05T04:59:32.13284Z,KXXRP15M-26OCT050100-00,0.9860,133.63,no
2026-10-05T04:59:32.874559Z,KXXRP15M-26OCT050100-00,0.9950,6.00,yes
2026-10-05T04:59:32.874559Z,KXXRP15M-26OCT050100-00,0.9960,381.00,yes
2026-10-05T04:59:32.874559Z,KXXRP15M-26OCT050100-00,0.9950,200.00,yes
2026-10-05T04:59:32.992671Z,KXXRP15M-26OCT050100-00,0.9960,1.00,yes
2026-10-05T04:59:33.403424Z,KXXRP15M-26OCT050100-00,0.9930,2.00,no
2026-10-05T04:59:33.58563Z,KXXRP15M-26OCT050100-00,0.9940,10.73,no
2026-10-05T04:59:34.032457Z,KXXRP15M-26OCT050100-00,0.9950,8.00,no
2026-10-05T04:59:34.032457Z,KXXRP15M-26OCT050100-00,0.9950,11.00,no
2026-10-05T04:59:34.032457Z,KXXRP15M-26OCT050100-00,0.9930,246.90,no
2026-10-05T04:59:34.032457Z,KXXRP15M-26OCT050100-00,0.9950,4.00,no
2026-10-05T04:59:34.054331Z,KXXRP15M-26OCT050100-00,0.9960,7.00,yes
2026-10-05T04:59:34.054331Z,KXXRP15M-26OCT050100-00,0.9960,18.00,yes
2026-10-05T04:59:34.08341Z,KXXRP15M-26OCT050100-00,0.9930,30.48,no
2026-10-05T04:59:34.120574Z,KXXRP15M-26OCT050100-00,0.9970,18.00,yes
2026-10-05T04:59:34.120574Z,KXXRP15M-26OCT050100-00,0.9970,2.00,yes
2026-10-05T04:59:34.120574Z,KXXRP15M-26OCT050100-00,0.9970,2.00,yes
2026-10-05T04:59:34.120574Z,KXXRP15M-26OCT050100-00,0.9970,2.00,yes
2026-10-05T04:59:34.120574Z,KXXRP15M-26OCT050100-00,0.9970,2.00,yes
2026-10-05T04:59:34.120574Z,KXXRP15M-26OCT050100-00,0.9970,2.00,yes
2026-10-05T04:59:34.120574Z,KXXRP15M-26OCT050100-00,0.9980,243.00,yes
2026-10-05T04:59:34.120574Z,KXXRP15M-26OCT050100-00,0.9970,400.00,yes
2026-10-05T04:59:34.120574Z,KXXRP15M-26OCT050100-00,0.9970,40.00,yes
2026-10-05T04:59:34.120574Z,KXXRP15M-26OCT050100-00,0.9970,3.00,yes
2026-10-05T04:59:34.24536Z,KXXRP15M-26OCT050100-00,0.9980,14.94,yes
2026-10-05T04:59:36.330694Z,KXXRP15M-26OCT050100-00,0.9980,12.00,yes
2026-10-05T04:59:36.495358Z,KXXRP15M-26OCT050100-00,0.9940,24.00,no
2026-10-05T04:59:36.495358Z,KXXRP15M-26OCT050100-00,0.9960,40.00,no
2026-10-05T04:59:36.495358Z,KXXRP15M-26OCT050100-00,0.9930,89.34,no
2026-10-05T04:59:37.373019Z,KXXRP15M-26OCT050100-00,0.9970,6.00,no
2026-10-05T04:59:37.373019Z,KXXRP15M-26OCT050100-00,0.9960,10.00,no
2026-10-05T04:59:37.373019Z,KXXRP15M-26OCT050100-00,0.9940,24.00,no
2026-10-05T04:59:37.373019Z,KXXRP15M-26OCT050100-00,0.9920,75.60,no
2026-10-05T04:59:37.373019Z,KXXRP15M-26OCT050100-00,0.9930,231.28,no
2026-10-05T04:59:37.373019Z,KXXRP15M-26OCT050100-00,0.9960,5.00,no
2026-10-05T04:59:37.928593Z,KXXRP15M-26OCT050100-00,0.9980,80.00,yes
2026-10-05T04:59:38.341734Z,KXXRP15M-26OCT050100-00,0.9980,1.00,yes
2026-10-05T04:59:39.08603Z,KXXRP15M-26OCT050100-00,0.9980,2.00,yes
2026-10-05T04:59:39.125586Z,KXXRP15M-26OCT050100-00,0.9920,75.00,no
2026-10-05T04:59:39.125586Z,KXXRP15M-26OCT050100-00,0.9920,81.00,no
2026-10-05T04:59:39.125586Z,KXXRP15M-26OCT050100-00,0.9920,40.00,no
2026-10-05T04:59:39.125586Z,KXXRP15M-26OCT050100-00,0.9900,30.00,no
2026-10-05T04:59:39.125586Z,KXXRP15M-26OCT050100-00,0.9900,40.00,no
2026-10-05T04:59:39.125586Z,KXXRP15M-26OCT050100-00,0.9920,12.00,no
2026-10-05T04:59:39.125586Z,KXXRP15M-26OCT050100-00,0.9900,39.80,no
2026-10-05T04:59:39.125586Z,KXXRP15M-26OCT050100-00,0.9900,20.00,no
2026-10-05T04:59:39.125586Z,KXXRP15M-26OCT050100-00,0.9930,25.00,no
2026-10-05T04:59:39.125586Z,KXXRP15M-26OCT050100-00,0.9970,2.00,no
2026-10-05T04:59:39.125586Z,KXXRP15M-26OCT050100-00,0.9970,16.00,no
2026-10-05T04:59:39.125586Z,KXXRP15M-26OCT050100-00,0.9970,16.00,no
2026-10-05T04:59:39.125586Z,KXXRP15M-26OCT050100-00,0.9920,181.40,no
2026-10-05T04:59:39.125586Z,KXXRP15M-26OCT050100-00,0.9910,400.00,no
2026-10-05T04:59:39.125586Z,KXXRP15M-26OCT050100-00,0.9920,40.00,no
2026-10-05T04:59:39.125586Z,KXXRP15M-26OCT050100-00,0.9900,3.00,no
2026-10-05T04:59:39.125586Z,KXXRP15M-26OCT050100-00,0.9920,25.00,no
2026-10-05T04:59:39.125586Z,KXXRP15M-26OCT050100-00,0.9900,7.50,no
2026-10-05T04:59:39.125586Z,KXXRP15M-26OCT050100-00,0.9900,8.00,no
2026-10-05T04:59:39.247279Z,KXXRP15M-26OCT050100-00,0.9980,6.75,yes
2026-10-05T04:59:39.632822Z,KXXRP15M-26OCT050100-00,0.9910,11.74,no
2026-10-05T04:59:40.226511Z,KXXRP15M-26OCT050100-00,0.9980,2.00,yes
2026-10-05T04:59:40.234139Z,KXXRP15M-26OCT050100-00,0.9980,30.00,yes
2026-10-05T04:59:40.241896Z,KXXRP15M-26OCT050100-00,0.9980,5.00,yes
2026-10-05T04:59:40.247459Z,KXXRP15M-26OCT050100-00,0.9980,2.00,yes
2026-10-05T04:59:40.253333Z,KXXRP15M-26OCT050100-00,0.9980,1.31,yes
2026-10-05T04:59:40.253333Z,KXXRP15M-26OCT050100-00,0.9980,0.69,yes
2026-10-05T04:59:40.260096Z,KXXRP15M-26OCT050100-00,0.9980,2.00,yes
2026-10-05T04:59:40.266454Z,KXXRP15M-26OCT050100-00,0.9980,2.00,yes
2026-10-05T04:59:40.540329Z,KXXRP15M-26OCT050100-00,0.9980,5.00,yes
2026-10-05T04:59:40.548783Z,KXXRP15M-26OCT050100-00,0.9980,2.00,yes
2026-10-05T04:59:40.554309Z,KXXRP15M-26OCT050100-00,0.9980,2.00,yes
2026-10-05T04:59:40.561228Z,KXXRP15M-26OCT050100-00,0.9980,2.00,yes
2026-10-05T04:59:40.568645Z,KXXRP15M-26OCT050100-00,0.9980,2.00,yes
2026-10-05T04:59:40.994593Z,KXXRP15M-26OCT050100-00,0.9980,2.00,yes
2026-10-05T04:59:41.00351Z,KXXRP15M-26OCT050100-00,0.9980,2.00,yes
2026-10-05T04:59:41.011069Z,KXXRP15M-26OCT050100-00,0.9980,2.00,yes
2026-10-05T04:59:41.020013Z,KXXRP15M-26OCT050100-00,0.9980,2.00,yes
2026-10-05T04:59:41.025276Z,KXXRP15M-26OCT050100-00,0.9980,5.00,yes
2026-10-05T04:59:41.042068Z,KXXRP15M-26OCT050100-00,0.9980,9.31,yes
2026-10-05T04:59:41.042068Z,KXXRP15M-26OCT050100-00,0.9980,2.71,yes
2026-10-05T04:59:41.042068Z,KXXRP15M-26OCT050100-00,0.9980,3.00,yes
2026-10-05T04:59:41.042068Z,KXXRP15M-26OCT050100-00,0.9980,26.00,yes
2026-10-05T04:59:41.060234Z,KXXRP15M-26OCT050100-00,0.9980,0.29,yes
2026-10-05T04:59:41.060234Z,KXXRP15M-26OCT050100-00,0.9980,1.71,yes
2026-10-05T04:59:41.067395Z,KXXRP15M-26OCT050100-00,0.9980,3.00,yes
2026-10-05T04:59:41.067395Z,KXXRP15M-26OCT050100-00,0.9980,0.71,yes
2026-10-05T04:59:41.067395Z,KXXRP15M-26OCT050100-00,0.9980,1.29,yes
2026-10-05T04:59:41.166258Z,KXXRP15M-26OCT050100-00,0.9980,2.29,yes
2026-10-05T04:59:41.166258Z,KXXRP15M-26OCT050100-00,0.9980,5.00,yes
2026-10-05T04:59:41.166258Z,KXXRP15M-26OCT050100-00,0.9980,16.71,yes
2026-10-05T04:59:41.173505Z,KXXRP15M-26OCT050100-00,0.9980,0.29,yes
2026-10-05T04:59:42.02119Z,KXXRP15M-26OCT050100-00,0.9970,2.00,no
2026-10-05T04:59:42.02119Z,KXXRP15M-26OCT050100-00,0.9970,0.69,no
2026-10-05T04:59:42.02119Z,KXXRP15M-26OCT050100-00,0.9970,2.00,no
2026-10-05T04:59:42.02119Z,KXXRP15M-26OCT050100-00,0.9970,2.00,no
2026-10-05T04:59:42.02119Z,KXXRP15M-26OCT050100-00,0.9970,2.00,no
2026-10-05T04:59:42.02119Z,KXXRP15M-26OCT050100-00,0.9970,2.00,no
2026-10-05T04:59:42.02119Z,KXXRP15M-26OCT050100-00,0.9970,5.00,no
2026-10-05T04:59:42.02119Z,KXXRP15M-26OCT050100-00,0.9970,2.00,no
2026-10-05T04:59:42.02119Z,KXXRP15M-26OCT050100-00,0.9950,117.66,no
2026-10-05T04:59:42.02119Z,KXXRP15M-26OCT050100-00,0.9960,33.00,no
2026-10-05T04:59:42.02119Z,KXXRP15M-26OCT050100-00,0.9970,9.31,no
2026-10-05T04:59:42.02119Z,KXXRP15M-26OCT050100-00,0.9970,2.00,no
2026-10-05T04:59:42.02119Z,KXXRP15M-26OCT050100-00,0.9970,5.00,no
2026-10-05T04:59:42.02119Z,KXXRP15M-26OCT050100-00,0.9970,2.00,no
2026-10-05T04:59:42.02119Z,KXXRP15M-26OCT050100-00,0.9970,2.00,no
2026-10-05T04:59:42.02119Z,KXXRP15M-26OCT050100-00,0.9970,2.00,no
2026-10-05T04:59:43.036199Z,KXXRP15M-26OCT050100-00,0.9960,164.00,no
2026-10-05T04:59:43.036199Z,KXXRP15M-26OCT050100-00,0.9980,85.00,no
2026-10-05T04:59:43.036199Z,KXXRP15M-26OCT050100-00,0.9960,33.00,no
2026-10-05T04:59:43.036199Z,KXXRP15M-26OCT050100-00,0.9950,179.49,no
2026-10-05T04:59:43.044094Z,KXXRP15M-26OCT050100-00,0.9990,1.09,yes
2026-10-05T04:59:43.65148Z,KXXRP15M-26OCT050100-00,0.9950,186.97,no
2026-10-05T04:59:44.264055Z,KXXRP15M-26OCT050100-00,0.9960,37.39,no
2026-10-05T04:59:44.567338Z,KXXRP15M-26OCT050100-00,0.9950,189.34,no
2026-10-05T04:59:44.567338Z,KXXRP15M-26OCT050100-00,0.9960,184.61,no
2026-10-05T04:59:44.67866Z,KXXRP15M-26OCT050100-00,0.9950,10.37,no
2026-10-05T04:59:44.723579Z,KXXRP15M-26OCT050100-00,0.9950,18.69,no
2026-10-05T04:59:45.00572Z,KXXRP15M-26OCT050100-00,0.9950,26.00,no
2026-10-05T04:59:46.066064Z,KXXRP15M-26OCT050100-00,0.9990,1.00,yes
2026-10-05T04:59:46.066064Z,KXXRP15M-26OCT050100-00,0.9990,398.91,yes
2026-10-05T04:59:46.066064Z,KXXRP15M-26OCT050100-00,0.9990,500.00,yes
2026-10-05T04:59:46.066064Z,KXXRP15M-26OCT050100-00,0.9990,1.00,yes
2026-10-05T04:59:46.066064Z,KXXRP15M-26OCT050100-00,0.9990,500.00,yes
2026-10-05T04:59:46.066064Z,KXXRP15M-26OCT050100-00,0.9990,40.00,yes
2026-10-05T04:59:46.066064Z,KXXRP15M-26OCT050100-00,0.9990,1.00,yes
2026-10-05T04:59:46.066064Z,KXXRP15M-26OCT050100-00,0.9990,5.00,yes
2026-10-05T04:59:46.066064Z,KXXRP15M-26OCT050100-00,0.9990,40.00,yes
2026-10-05T04:59:46.066064Z,KXXRP15M-26OCT050100-00,0.9990,200.00,yes
2026-10-05T04:59:46.066064Z,KXXRP15M-26OCT050100-00,0.9990,33.09,yes
2026-10-05T04:59:46.607446Z,KXXRP15M-26OCT050100-00,0.9960,159.32,no
2026-10-05T04:59:46.607446Z,KXXRP15M-26OCT050100-00,0.9980,500.00,no
2026-10-05T04:59:46.607446Z,KXXRP15M-26OCT050100-00,0.9980,40.00,no
2026-10-05T04:59:46.607446Z,KXXRP15M-26OCT050100-00,0.9970,37.00,no
2026-10-05T04:59:46.623909Z,KXXRP15M-26OCT050100-00,0.9990,159.00,yes
2026-10-05T04:59:46.844999Z,KXXRP15M-26OCT050100-00,0.9990,39.68,yes
2026-10-05T04:59:46.844999Z,KXXRP15M-26OCT050100-00,0.9990,0.32,yes
2026-10-05T04:59:46.844999Z,KXXRP15M-26OCT050100-00,0.9990,34.00,yes
2026-10-05T04:59:46.927787Z,KXXRP15M-26OCT050100-00,0.9990,33.68,yes
2026-10-05T04:59:46.927787Z,KXXRP15M-26OCT050100-00,0.9990,0.32,yes
2026-10-05T04:59:47.857791Z,KXXRP15M-26OCT050100-00,0.9790,71.17,no
2026-10-05T04:59:47.857791Z,KXXRP15M-26OCT050100-00,0.9850,20.00,no
2026-10-05T04:59:47.857791Z,KXXRP15M-26OCT050100-00,0.9850,7.50,no
2026-10-05T04:59:47.857791Z,KXXRP15M-26OCT050100-00,0.9810,1.00,no
2026-10-05T04:59:47.857791Z,KXXRP15M-26OCT050100-00,0.9800,7.50,no
2026-10-05T04:59:47.857791Z,KXXRP15M-26OCT050100-00,0.9900,20.00,no
2026-10-05T04:59:47.857791Z,KXXRP15M-26OCT050100-00,0.9920,40.00,no
2026-10-05T04:59:47.857791Z,KXXRP15M-26OCT050100-00,0.9920,25.00,no
2026-10-05T04:59:47.857791Z,KXXRP15M-26OCT050100-00,0.9920,40.00,no
2026-10-05T04:59:47.857791Z,KXXRP15M-26OCT050100-00,0.9950,400.00,no
2026-10-05T04:59:47.857791Z,KXXRP15M-26OCT050100-00,0.9900,5.00,no
2026-10-05T04:59:47.857791Z,KXXRP15M-26OCT050100-00,0.9920,5.00,no
2026-10-05T04:59:47.857791Z,KXXRP15M-26OCT050100-00,0.9920,2.00,no
2026-10-05T04:59:47.857791Z,KXXRP15M-26OCT050100-00,0.9900,5.00,no
2026-10-05T04:59:47.857791Z,KXXRP15M-26OCT050100-00,0.9920,41.00,no
2026-10-05T04:59:47.857791Z,KXXRP15M-26OCT050100-00,0.9900,4.96,no
2026-10-05T04:59:47.857791Z,KXXRP15M-26OCT050100-00,0.9900,0.49,no
2026-10-05T04:59:47.857791Z,KXXRP15M-26OCT050100-00,0.9950,127.00,no
2026-10-05T04:59:47.857791Z,KXXRP15M-26OCT050100-00,0.9900,7.50,no
2026-10-05T04:59:47.857791Z,KXXRP15M-26OCT050100-00,0.9920,9.00,no
2026-10-05T04:59:47.857791Z,KXXRP15M-26OCT050100-00,0.9950,213.48,no
2026-10-05T04:59:47.857791Z,KXXRP15M-26OCT050100-00,0.9900,1.94,no
2026-10-05T04:59:47.857791Z,KXXRP15M-26OCT050100-00,0.9900,3.08,no
2026-10-05T04:59:47.857791Z,KXXRP15M-26OCT050100-00,0.9970,40.00,no
2026-10-05T04:59:47.857791Z,KXXRP15M-26OCT050100-00,0.9850,20.00,no
2026-10-05T04:59:47.857791Z,KXXRP15M-26OCT050100-00,0.9920,40.00,no
2026-10-05T04:59:47.857791Z,KXXRP15M-26OCT050100-00,0.9900,120.00,no
2026-10-05T04:59:47.857791Z,KXXRP15M-26OCT050100-00,0.9920,25.00,no
2026-10-05T04:59:47.857791Z,KXXRP15M-26OCT050100-00,0.9970,40.00,no
2026-10-05T04:59:47.857791Z,KXXRP15M-26OCT050100-00,0.9920,239.00,no
2026-10-05T04:59:47.857791Z,KXXRP15M-26OCT050100-00,0.9920,40.00,no
2026-10-05T04:59:47.857791Z,KXXRP15M-26OCT050100-00,0.9900,40.00,no
2026-10-05T04:59:47.857791Z,KXXRP15M-26OCT050100-00,0.9920,50.00,no
2026-10-05T04:59:47.857791Z,KXXRP15M-26OCT050100-00,0.9850,10.00,no
2026-10-05T04:59:47.857791Z,KXXRP15M-26OCT050100-00,0.9900,40.00,no
2026-10-05T04:59:47.857791Z,KXXRP15M-26OCT050100-00,0.9980,3.00,no
2026-10-05T04:59:47.857791Z,KXXRP15M-26OCT050100-00,0.9920,10.00,no
2026-10-05T04:59:47.857791Z,KXXRP15M-26OCT050100-00,0.9920,55.00,no
2026-10-05T04:59:47.857791Z,KXXRP15M-26OCT050100-00,0.9920,40.00,no
2026-10-05T04:59:47.857791Z,KXXRP15M-26OCT050100-00,0.9920,20.00,no
2026-10-05T04:59:47.857791Z,KXXRP15M-26OCT050100-00,0.9850,5.00,no
2026-10-05T04:59:47.857791Z,KXXRP15M-26OCT050100-00,0.9960,340.68,no
2026-10-05T04:59:47.857791Z,KXXRP15M-26OCT050100-00,0.9970,37.00,no
2026-10-05T04:59:47.857791Z,KXXRP15M-26OCT050100-00,0.9980,0.32,no
2026-10-05T04:59:47.857791Z,KXXRP15M-26OCT050100-00,0.9950,200.00,no
2026-10-05T04:59:47.857791Z,KXXRP15M-26OCT050100-00,0.9920,40.00,no
2026-10-05T04:59:47.857791Z,KXXRP15M-26OCT050100-00,0.9920,5.00,no
2026-10-05T04:59:47.857791Z,KXXRP15M-26OCT050100-00,0.9800,5.00,no
2026-10-05T04:59:47.857791Z,KXXRP15M-26OCT050100-00,0.9960,159.00,no
2026-10-05T04:59:47.884294Z,KXXRP15M-26OCT050100-00,0.9990,0.32,yes
2026-10-05T04:59:47.884294Z,KXXRP15M-26OCT050100-00,0.9990,333.18,yes
2026-10-05T04:59:47.884294Z,KXXRP15M-26OCT050100-00,0.9950,7.50,yes
2026-10-05T04:59:47.960789Z,KXXRP15M-26OCT050100-00,0.9990,40.00,yes
2026-10-05T04:59:47.960789Z,KXXRP15M-26OCT050100-00,0.9990,7.50,yes
2026-10-05T04:59:47.960789Z,KXXRP15M-26OCT050100-00,0.9990,33.50,yes
2026-10-05T04:59:47.960789Z,KXXRP15M-26OCT050100-00,0.9990,159.00,yes
2026-10-05T04:59:48.120707Z,KXXRP15M-26OCT050100-00,0.9990,40.00,yes
2026-10-05T04:59:48.120707Z,KXXRP15M-26OCT050100-00,0.9990,34.00,yes
2026-10-05T04:59:48.120707Z,KXXRP15M-26OCT050100-00,0.9990,400.00,yes
2026-10-05T04:59:48.120707Z,KXXRP15M-26OCT050100-00,0.9990,200.00,yes
2026-10-05T04:59:49.524711Z,KXXRP15M-26OCT050100-00,0.9960,33.00,no
2026-10-05T04:59:49.524711Z,KXXRP15M-26OCT050100-00,0.9980,189.00,no
2026-10-05T04:59:49.524711Z,KXXRP15M-26OCT050100-00,0.9950,70.00,no
2026-10-05T04:59:49.524711Z,KXXRP15M-26OCT050100-00,0.9950,376.00,no
2026-10-05T04:59:49.524711Z,KXXRP15M-26OCT050100-00,0.9940,554.70,no
2026-10-05T04:59:50.367228Z,KXXRP15M-26OCT050100-00,0.9940,1214.30,no
2026-10-05T04:59:50.367228Z,KXXRP15M-26OCT050100-00,0.9940,200.00,no
2026-10-05T04:59:50.367228Z,KXXRP15M-26OCT050100-00,0.9940,400.00,no
2026-10-05T04:59:50.367228Z,KXXRP15M-26OCT050100-00,0.9950,24.00,no
2026-10-05T04:59:50.367228Z,KXXRP15M-26OCT050100-00,0.9930,226.39,no
2026-10-05T04:59:50.367228Z,KXXRP15M-26OCT050100-00,0.9970,311.00,no
2026-10-05T04:59:50.38319Z,KXXRP15M-26OCT050100-00,0.9980,500.00,yes
2026-10-05T04:59:50.45217Z,KXXRP15M-26OCT050100-00,0.9990,34.00,yes
2026-10-05T04:59:50.45217Z,KXXRP15M-26OCT050100-00,0.9990,40.00,yes
2026-10-05T04:59:53.280725Z,KXXRP15M-26OCT050100-00,0.9930,17.02,no
2026-10-05T04:59:53.92787Z,KXXRP15M-26OCT050100-00,0.9920,561.00,no
2026-10-05T04:59:53.92787Z,KXXRP15M-26OCT050100-00,0.9940,24.00,no
2026-10-05T04:59:53.92787Z,KXXRP15M-26OCT050100-00,0.9900,1.00,no
2026-10-05T04:59:53.92787Z,KXXRP15M-26OCT050100-00,0.9950,358.00,no
2026-10-05T04:59:53.92787Z,KXXRP15M-26OCT050100-00,0.9900,10.00,no
2026-10-05T04:59:53.92787Z,KXXRP15M-26OCT050100-00,0.9920,25.00,no
2026-10-05T04:59:53.92787Z,KXXRP15M-26OCT050100-00,0.9920,300.00,no
2026-10-05T04:59:53.92787Z,KXXRP15M-26OCT050100-00,0.9920,50.00,no
2026-10-05T04:59:53.92787Z,KXXRP15M-26OCT050100-00,0.9900,40.00,no
2026-10-05T04:59:53.92787Z,KXXRP15M-26OCT050100-00,0.9900,10.00,no
2026-10-05T04:59:53.92787Z,KXXRP15M-26OCT050100-00,0.9900,10.00,no
2026-10-05T04:59:53.92787Z,KXXRP15M-26OCT050100-00,0.9900,10.00,no
2026-10-05T04:59:53.92787Z,KXXRP15M-26OCT050100-00,0.9920,3.00,no
2026-10-05T04:59:53.92787Z,KXXRP15M-26OCT050100-00,0.9900,20.00,no
2026-10-05T04:59:53.92787Z,KXXRP15M-26OCT050100-00,0.9860,19.00,no
2026-10-05T04:59:53.92787Z,KXXRP15M-26OCT050100-00,0.9900,20.00,no
2026-10-05T04:59:53.92787Z,KXXRP15M-26OCT050100-00,0.9900,10.00,no
2026-10-05T04:59:53.92787Z,KXXRP15M-26OCT050100-00,0.9930,231.59,no
2026-10-05T04:59:53.92787Z,KXXRP15M-26OCT050100-00,0.9900,7.50,no
2026-10-05T04:59:53.92787Z,KXXRP15M-26OCT050100-00,0.9850,1.70,no
2026-10-05T04:59:53.943247Z,KXXRP15M-26OCT050100-00,0.9980,251.00,yes
2026-10-05T04:59:53.947956Z,KXXRP15M-26OCT050100-00,0.9980,249.00,yes
2026-10-05T04:59:53.947956Z,KXXRP15M-26OCT050100-00,0.9950,7.50,yes
2026-10-05T04:59:54.12926Z,KXXRP15M-26OCT050100-00,0.9990,40.00,yes
2026-10-05T04:59:54.12926Z,KXXRP15M-26OCT050100-00,0.9990,34.00,yes
2026-10-05T04:59:55.480615Z,KXXRP15M-26OCT050100-00,0.9980,1.52,no
2026-10-05T04:59:57.118492Z,KXXRP15M-26OCT050100-00,0.9990,656.60,no
2026-10-05T04:59:57.839732Z,KXXRP15M-26OCT050100-00,0.9990,1831.90,no
2026-10-05T04:59:58.494203Z,KXXRP15M-26OCT050100-00,0.9990,4.02,no
2026-10-05T04:58:38.025681Z,KXHYPE15M-26OCT050100-00,0.2800,10.00,no
2026-10-05T04:58:38.072108Z,KXHYPE15M-26OCT050100-00,0.2700,58.00,yes
2026-10-05T04:58:39.258409Z,KXHYPE15M-26OCT050100-00,0.3000,17.05,yes
2026-10-05T04:58:39.258409Z,KXHYPE15M-26OCT050100-00,0.2900,1.00,yes
2026-10-05T04:58:39.258409Z,KXHYPE15M-26OCT050100-00,0.2900,8.00,yes
2026-10-05T04:58:39.788379Z,KXHYPE15M-26OCT050100-00,0.2400,4.90,no
2026-10-05T04:58:39.888203Z,KXHYPE15M-26OCT050100-00,0.2200,58.23,no
2026-10-05T04:58:39.888203Z,KXHYPE15M-26OCT050100-00,0.2300,69.73,no
2026-10-05T04:58:39.888203Z,KXHYPE15M-26OCT050100-00,0.2200,8.00,no
2026-10-05T04:58:39.888203Z,KXHYPE15M-26OCT050100-00,0.2300,1.00,no
2026-10-05T04:58:39.941799Z,KXHYPE15M-26OCT050100-00,0.2400,5.00,yes
2026-10-05T04:58:40.869311Z,KXHYPE15M-26OCT050100-00,0.2100,3.74,no
2026-10-05T04:58:41.197091Z,KXHYPE15M-26OCT050100-00,0.2100,0.26,no
2026-10-05T04:58:41.766184Z,KXHYPE15M-26OCT050100-00,0.2000,1.00,no
2026-10-05T04:58:41.766184Z,KXHYPE15M-26OCT050100-00,0.2000,0.16,no
2026-10-05T04:58:42.156121Z,KXHYPE15M-26OCT050100-00,0.2000,3.84,no
2026-10-05T04:58:42.373838Z,KXHYPE15M-26OCT050100-00,0.1900,1.00,no
2026-10-05T04:58:42.373838Z,KXHYPE15M-26OCT050100-00,0.1900,1.46,no
2026-10-05T04:58:42.453759Z,KXHYPE15M-26OCT050100-00,0.1900,2.46,no
2026-10-05T04:58:42.699981Z,KXHYPE15M-26OCT050100-00,0.1900,1.42,no
2026-10-05T04:58:42.811216Z,KXHYPE15M-26OCT050100-00,0.2000,4.00,yes
2026-10-05T04:58:42.916632Z,KXHYPE15M-26OCT050100-00,0.1900,1.00,no
2026-10-05T04:58:43.517242Z,KXHYPE15M-26OCT050100-00,0.1700,11.00,no
2026-10-05T04:58:43.517242Z,KXHYPE15M-26OCT050100-00,0.1800,15.00,no
2026-10-05T04:58:43.517242Z,KXHYPE15M-26OCT050100-00,0.1900,2.66,no
2026-10-05T04:58:43.633388Z,KXHYPE15M-26OCT050100-00,0.1700,75.00,yes
2026-10-05T04:58:43.756126Z,KXHYPE15M-26OCT050100-00,0.1600,2.00,no
2026-10-05T04:58:43.756126Z,KXHYPE15M-26OCT050100-00,0.1600,1.00,no
2026-10-05T04:58:44.068702Z,KXHYPE15M-26OCT050100-00,0.1400,1.00,no
2026-10-05T04:58:44.068702Z,KXHYPE15M-26OCT050100-00,0.1500,1.00,no
2026-10-05T04:58:44.068702Z,KXHYPE15M-26OCT050100-00,0.1300,6.36,no
2026-10-05T04:58:44.839001Z,KXHYPE15M-26OCT050100-00,0.1300,20.00,no
2026-10-05T04:58:44.847122Z,KXHYPE15M-26OCT050100-00,0.1300,1.13,no
2026-10-05T04:58:44.940251Z,KXHYPE15M-26OCT050100-00,0.1400,33.68,yes
2026-10-05T04:58:44.984602Z,KXHYPE15M-26OCT050100-00,0.1400,191.32,yes
2026-10-05T04:58:44.984602Z,KXHYPE15M-26OCT050100-00,0.2000,20.00,yes
2026-10-05T04:58:44.984602Z,KXHYPE15M-26OCT050100-00,0.1900,6.00,yes
2026-10-05T04:58:44.984602Z,KXHYPE15M-26OCT050100-00,0.2000,6.00,yes
2026-10-05T04:58:44.984602Z,KXHYPE15M-26OCT050100-00,0.1900,8.00,yes
2026-10-05T04:58:44.984602Z,KXHYPE15M-26OCT050100-00,0.1400,21.00,yes
2026-10-05T04:58:44.984602Z,KXHYPE15M-26OCT050100-00,0.2100,2.49,yes
2026-10-05T04:58:44.984602Z,KXHYPE15M-26OCT050100-00,0.1700,150.00,yes
2026-10-05T04:58:44.984602Z,KXHYPE15M-26OCT050100-00,0.2200,36.58,yes
2026-10-05T04:58:44.984602Z,KXHYPE15M-26OCT050100-00,0.1600,1.00,yes
2026-10-05T04:58:44.984602Z,KXHYPE15M-26OCT050100-00,0.2000,225.00,yes
2026-10-05T04:58:44.984602Z,KXHYPE15M-26OCT050100-00,0.1900,1.00,yes
2026-10-05T04:58:44.984602Z,KXHYPE15M-26OCT050100-00,0.2000,1.00,yes
2026-10-05T04:58:45.199798Z,KXHYPE15M-26OCT050100-00,0.1100,2.00,no
2026-10-05T04:58:45.199798Z,KXHYPE15M-26OCT050100-00,0.0890,5.28,no
2026-10-05T04:58:45.199798Z,KXHYPE15M-26OCT050100-00,0.0980,10.00,no
2026-10-05T04:58:45.199798Z,KXHYPE15M-26OCT050100-00,0.1000,10.00,no
2026-10-05T04:58:45.199798Z,KXHYPE15M-26OCT050100-00,0.1000,22.89,no
2026-10-05T04:58:45.199798Z,KXHYPE15M-26OCT050100-00,0.1100,1.00,no
2026-10-05T04:58:45.199798Z,KXHYPE15M-26OCT050100-00,0.1000,2.25,no
2026-10-05T04:58:45.199798Z,KXHYPE15M-26OCT050100-00,0.1300,1.45,no
2026-10-05T04:58:45.328702Z,KXHYPE15M-26OCT050100-00,0.1000,0.25,no
2026-10-05T04:58:45.931988Z,KXHYPE15M-26OCT050100-00,0.1100,16.30,no
2026-10-05T04:58:46.067432Z,KXHYPE15M-26OCT050100-00,0.1100,7.43,no
2026-10-05T04:58:46.375706Z,KXHYPE15M-26OCT050100-00,0.1000,9.75,no
2026-10-05T04:58:46.782056Z,KXHYPE15M-26OCT050100-00,0.1400,12.00,yes
2026-10-05T04:58:46.782056Z,KXHYPE15M-26OCT050100-00,0.1400,8.00,yes
2026-10-05T04:58:46.782056Z,KXHYPE15M-26OCT050100-00,0.1500,36.74,yes
2026-10-05T04:58:47.255Z,KXHYPE15M-26OCT050100-00,0.1400,1.00,yes
2026-10-05T04:58:47.255Z,KXHYPE15M-26OCT050100-00,0.1500,115.60,yes
2026-10-05T04:58:47.255Z,KXHYPE15M-26OCT050100-00,0.1400,8.00,yes
2026-10-05T04:58:47.583654Z,KXHYPE15M-26OCT050100-00,0.1500,53.49,yes
2026-10-05T04:58:47.583654Z,KXHYPE15M-26OCT050100-00,0.1400,8.00,yes
2026-10-05T04:58:47.583654Z,KXHYPE15M-26OCT050100-00,0.1400,1.00,yes
2026-10-05T04:58:47.583654Z,KXHYPE15M-26OCT050100-00,0.1400,1.00,yes
2026-10-05T04:58:47.584523Z,KXHYPE15M-26OCT050100-00,0.1500,1.00,yes
2026-10-05T04:58:47.643984Z,KXHYPE15M-26OCT050100-00,0.1500,1.00,yes
2026-10-05T04:58:47.643984Z,KXHYPE15M-26OCT050100-00,0.1500,18.17,yes
2026-10-05T04:58:47.643984Z,KXHYPE15M-26OCT050100-00,0.1600,1.00,yes
2026-10-05T04:58:47.643984Z,KXHYPE15M-26OCT050100-00,0.1600,4.82,yes
2026-10-05T04:58:47.643984Z,KXHYPE15M-26OCT050100-00,0.1600,10.00,yes
2026-10-05T04:58:47.821552Z,KXHYPE15M-26OCT050100-00,0.1700,12.77,yes
2026-10-05T04:58:47.821552Z,KXHYPE15M-26OCT050100-00,0.1600,10.00,yes
2026-10-05T04:58:47.821552Z,KXHYPE15M-26OCT050100-00,0.1600,1.00,yes
2026-10-05T04:58:47.821552Z,KXHYPE15M-26OCT050100-00,0.1600,3.18,yes
2026-10-05T04:58:47.821552Z,KXHYPE15M-26OCT050100-00,0.1600,1.00,yes
2026-10-05T04:58:48.391975Z,KXHYPE15M-26OCT050100-00,0.0900,1.00,no
2026-10-05T04:58:48.391975Z,KXHYPE15M-26OCT050100-00,0.0900,10.00,no
2026-10-05T04:58:48.391975Z,KXHYPE15M-26OCT050100-00,0.0900,10.84,no
2026-10-05T04:58:48.52782Z,KXHYPE15M-26OCT050100-00,0.1300,58.00,yes
2026-10-05T04:58:48.651661Z,KXHYPE15M-26OCT050100-00,0.0910,1.00,no
2026-10-05T04:58:48.651661Z,KXHYPE15M-26OCT050100-00,0.0910,9.41,no
2026-10-05T04:58:49.273261Z,KXHYPE15M-26OCT050100-00,0.1300,2.17,yes
2026-10-05T04:58:49.277293Z,KXHYPE15M-26OCT050100-00,0.1300,183.98,yes
2026-10-05T04:58:49.344116Z,KXHYPE15M-26OCT050100-00,0.1400,2.00,yes
2026-10-05T04:58:49.344116Z,KXHYPE15M-26OCT050100-00,0.1400,8.00,yes
2026-10-05T04:58:49.344116Z,KXHYPE15M-26OCT050100-00,0.1500,3.09,yes
2026-10-05T04:58:49.636537Z,KXHYPE15M-26OCT050100-00,0.0960,1.00,no
2026-10-05T04:58:49.636537Z,KXHYPE15M-26OCT050100-00,0.0930,15.00,no
2026-10-05T04:58:49.636537Z,KXHYPE15M-26OCT050100-00,0.0920,71.32,no
2026-10-05T04:58:50.10012Z,KXHYPE15M-26OCT050100-00,0.0870,12.00,no
2026-10-05T04:58:50.10012Z,KXHYPE15M-26OCT050100-00,0.0950,1.00,no
2026-10-05T04:58:50.10012Z,KXHYPE15M-26OCT050100-00,0.0960,10.00,no
2026-10-05T04:58:50.10012Z,KXHYPE15M-26OCT050100-00,0.0940,10.00,no
2026-10-05T04:58:50.10012Z,KXHYPE15M-26OCT050100-00,0.0860,45.48,no
2026-10-05T04:58:50.10012Z,KXHYPE15M-26OCT050100-00,0.0920,17.84,no
2026-10-05T04:58:50.11905Z,KXHYPE15M-26OCT050100-00,0.0950,1.00,no
2026-10-05T04:58:50.132396Z,KXHYPE15M-26OCT050100-00,0.0950,1.00,no
2026-10-05T04:58:50.149741Z,KXHYPE15M-26OCT050100-00,0.0940,2.00,no
2026-10-05T04:58:50.149741Z,KXHYPE15M-26OCT050100-00,0.0950,8.00,no
2026-10-05T04:58:50.162196Z,KXHYPE15M-26OCT050100-00,0.0940,8.00,no
2026-10-05T04:58:50.177156Z,KXHYPE15M-26OCT050100-00,0.0890,2.00,no
2026-10-05T04:58:50.177156Z,KXHYPE15M-26OCT050100-00,0.0900,10.00,no
2026-10-05T04:58:50.192218Z,KXHYPE15M-26OCT050100-00,0.0900,1.00,no
2026-10-05T04:58:50.552767Z,KXHYPE15M-26OCT050100-00,0.1100,5.00,no
2026-10-05T04:58:50.765985Z,KXHYPE15M-26OCT050100-00,0.1100,21.96,no
2026-10-05T04:58:50.807028Z,KXHYPE15M-26OCT050100-00,0.1100,5.48,no
2026-10-05T04:58:50.874069Z,KXHYPE15M-26OCT050100-00,0.0870,12.00,no
2026-10-05T04:58:50.874069Z,KXHYPE15M-26OCT050100-00,0.0980,10.00,no
2026-10-05T04:58:50.874069Z,KXHYPE15M-26OCT050100-00,0.1000,10.00,no
2026-10-05T04:58:50.874069Z,KXHYPE15M-26OCT050100-00,0.1100,192.56,no
2026-10-05T04:58:50.874069Z,KXHYPE15M-26OCT050100-00,0.0860,119.33,no
2026-10-05T04:58:52.058307Z,KXHYPE15M-26OCT050100-00,0.1300,8.00,yes
2026-10-05T04:58:52.058307Z,KXHYPE15M-26OCT050100-00,0.1200,0.01,yes
2026-10-05T04:58:52.058307Z,KXHYPE15M-26OCT050100-00,0.1400,12.20,yes
2026-10-05T04:58:52.088259Z,KXHYPE15M-26OCT050100-00,0.0920,10.00,no
2026-10-05T04:58:52.088259Z,KXHYPE15M-26OCT050100-00,0.0900,10.00,no
2026-10-05T04:58:52.088259Z,KXHYPE15M-26OCT050100-00,0.0870,166.00,no
2026-10-05T04:58:52.088259Z,KXHYPE15M-26OCT050100-00,0.0950,1.00,no
2026-10-05T04:58:52.088259Z,KXHYPE15M-26OCT050100-00,0.0880,12.00,no
2026-10-05T04:58:52.088259Z,KXHYPE15M-26OCT050100-00,0.0880,1.00,no
2026-10-05T04:58:52.149193Z,KXHYPE15M-26OCT050100-00,0.1400,8.00,yes
2026-10-05T04:58:52.149193Z,KXHYPE15M-26OCT050100-00,0.1400,32.00,yes
2026-10-05T04:58:52.438567Z,KXHYPE15M-26OCT050100-00,0.1400,35.00,no
2026-10-05T04:58:52.893287Z,KXHYPE15M-26OCT050100-00,0.1000,39.24,yes
2026-10-05T04:58:53.434703Z,KXHYPE15M-26OCT050100-00,0.0930,1.00,no
2026-10-05T04:58:53.616011Z,KXHYPE15M-26OCT050100-00,0.0820,1.00,no
2026-10-05T04:58:53.616011Z,KXHYPE15M-26OCT050100-00,0.0820,1.00,no
2026-10-05T04:58:53.616011Z,KXHYPE15M-26OCT050100-00,0.0800,1.00,no
2026-10-05T04:58:53.651952Z,KXHYPE15M-26OCT050100-00,0.1500,26.43,yes
2026-10-05T04:58:53.651952Z,KXHYPE15M-26OCT050100-00,0.1000,225.00,yes
2026-10-05T04:58:53.651952Z,KXHYPE15M-26OCT050100-00,0.0820,10.00,yes
2026-10-05T04:58:53.651952Z,KXHYPE15M-26OCT050100-00,0.0830,225.00,yes
2026-10-05T04:58:53.651952Z,KXHYPE15M-26OCT050100-00,0.1400,5.81,yes
2026-10-05T04:58:53.651952Z,KXHYPE15M-26OCT050100-00,0.0820,17.00,yes
2026-10-05T04:58:53.651952Z,KXHYPE15M-26OCT050100-00,0.0830,10.00,yes
2026-10-05T04:58:53.651952Z,KXHYPE15M-26OCT050100-00,0.1200,225.00,yes
2026-10-05T04:58:54.288576Z,KXHYPE15M-26OCT050100-00,0.0600,1.00,no
2026-10-05T04:58:54.288576Z,KXHYPE15M-26OCT050100-00,0.0620,1.00,no
2026-10-05T04:58:54.803209Z,KXHYPE15M-26OCT050100-00,0.0590,1.00,no
2026-10-05T04:58:54.854318Z,KXHYPE15M-26OCT050100-00,0.0450,11.94,no
2026-10-05T04:58:54.854318Z,KXHYPE15M-26OCT050100-00,0.0500,1.00,no
2026-10-05T04:58:54.854318Z,KXHYPE15M-26OCT050100-00,0.0500,3.00,no
2026-10-05T04:58:54.854318Z,KXHYPE15M-26OCT050100-00,0.0500,1.00,no
2026-10-05T04:58:54.854318Z,KXHYPE15M-26OCT050100-00,0.0500,8.94,no
2026-10-05T04:58:55.259824Z,KXHYPE15M-26OCT050100-00,0.0590,8.56,yes
2026-10-05T04:58:55.259824Z,KXHYPE15M-26OCT050100-00,0.0590,1.44,yes
2026-10-05T04:58:56.992825Z,KXHYPE15M-26OCT050100-00,0.0800,8.01,yes
2026-10-05T04:58:56.992825Z,KXHYPE15M-26OCT050100-00,0.0590,1.44,yes
2026-10-05T04:58:56.992825Z,KXHYPE15M-26OCT050100-00,0.0600,10.00,yes
2026-10-05T04:58:56.992825Z,KXHYPE15M-26OCT050100-00,0.0600,15.00,yes
2026-10-05T04:58:56.992825Z,KXHYPE15M-26OCT050100-00,0.0790,18.00,yes
2026-10-05T04:58:57.606032Z,KXHYPE15M-26OCT050100-00,0.0590,2.00,yes
2026-10-05T04:58:57.606032Z,KXHYPE15M-26OCT050100-00,0.0590,10.00,yes
2026-10-05T04:58:57.606032Z,KXHYPE15M-26OCT050100-00,0.0600,9.81,yes
2026-10-05T04:58:57.653611Z,KXHYPE15M-26OCT050100-00,0.0300,10.00,no
2026-10-05T04:58:57.653611Z,KXHYPE15M-26OCT050100-00,0.0360,27.00,no
2026-10-05T04:58:57.653611Z,KXHYPE15M-26OCT050100-00,0.0210,251.61,no
2026-10-05T04:58:57.653611Z,KXHYPE15M-26OCT050100-00,0.0520,1.00,no
2026-10-05T04:58:57.653611Z,KXHYPE15M-26OCT050100-00,0.0440,1.00,no
2026-10-05T04:58:57.653611Z,KXHYPE15M-26OCT050100-00,0.0210,1.00,no
2026-10-05T04:58:57.653611Z,KXHYPE15M-26OCT050100-00,0.0410,21.00,no
2026-10-05T04:58:57.653611Z,KXHYPE15M-26OCT050100-00,0.0350,41.00,no
2026-10-05T04:58:57.653611Z,KXHYPE15M-26OCT050100-00,0.0210,22.00,no
2026-10-05T04:58:57.653611Z,KXHYPE15M-26OCT050100-00,0.0300,66.00,no
2026-10-05T04:58:57.653611Z,KXHYPE15M-26OCT050100-00,0.0210,20.00,no
2026-10-05T04:58:57.653611Z,KXHYPE15M-26OCT050100-00,0.0220,20.00,no
2026-10-05T04:58:57.653611Z,KXHYPE15M-26OCT050100-00,0.0300,12.00,no
2026-10-05T04:58:57.653611Z,KXHYPE15M-26OCT050100-00,0.0310,1.00,no
2026-10-05T04:58:57.653611Z,KXHYPE15M-26OCT050100-00,0.0300,6.66,no
2026-10-05T04:58:57.653611Z,KXHYPE15M-26OCT050100-00,0.0440,1.00,no
2026-10-05T04:58:57.653611Z,KXHYPE15M-26OCT050100-00,0.0300,1.00,no
2026-10-05T04:58:57.653611Z,KXHYPE15M-26OCT050100-00,0.0400,1.00,no
2026-10-05T04:58:57.653611Z,KXHYPE15M-26OCT050100-00,0.0210,47.00,no
2026-10-05T04:58:58.16562Z,KXHYPE15M-26OCT050100-00,0.0250,1.00,no
2026-10-05T04:58:58.16562Z,KXHYPE15M-26OCT050100-00,0.0400,1.00,no
2026-10-05T04:58:58.559621Z,KXHYPE15M-26OCT050100-00,0.0300,14.00,yes
2026-10-05T04:58:58.560703Z,KXHYPE15M-26OCT050100-00,0.0320,10.00,yes
2026-10-05T04:58:58.560703Z,KXHYPE15M-26OCT050100-00,0.0310,2.00,yes
2026-10-05T04:58:58.560703Z,KXHYPE15M-26OCT050100-00,0.0330,6.00,yes
2026-10-05T04:58:58.560703Z,KXHYPE15M-26OCT050100-00,0.0300,6.00,yes
2026-10-05T04:58:58.560703Z,KXHYPE15M-26OCT050100-00,0.0320,2.00,yes
2026-10-05T04:58:58.593529Z,KXHYPE15M-26OCT050100-00,0.0270,1.00,no
2026-10-05T04:58:58.708064Z,KXHYPE15M-26OCT050100-00,0.0220,0.10,yes
2026-10-05T04:58:58.776797Z,KXHYPE15M-26OCT050100-00,0.0200,50.00,no
2026-10-05T04:58:58.776797Z,KXHYPE15M-26OCT050100-00,0.0200,20.00,no
2026-10-05T04:58:58.776797Z,KXHYPE15M-26OCT050100-00,0.0200,10.00,no
2026-10-05T04:58:58.776797Z,KXHYPE15M-26OCT050100-00,0.0200,1.00,no
2026-10-05T04:58:58.831446Z,KXHYPE15M-26OCT050100-00,0.0190,10.00,no
2026-10-05T04:58:58.926001Z,KXHYPE15M-26OCT050100-00,0.0190,10.00,no
2026-10-05T04:58:58.926257Z,KXHYPE15M-26OCT050100-00,0.0180,19.00,no
2026-10-05T04:58:59.00414Z,KXHYPE15M-26OCT050100-00,0.0200,5.80,yes
2026-10-05T04:58:59.00414Z,KXHYPE15M-26OCT050100-00,0.0190,19.00,yes
2026-10-05T04:58:59.00414Z,KXHYPE15M-26OCT050100-00,0.0190,10.00,yes
2026-10-05T04:58:59.00414Z,KXHYPE15M-26OCT050100-00,0.0200,10.00,yes
2026-10-05T04:58:59.049894Z,KXHYPE15M-26OCT050100-00,0.0200,15.00,yes
2026-10-05T04:58:59.049894Z,KXHYPE15M-26OCT050100-00,0.0190,10.00,yes
2026-10-05T04:58:59.049894Z,KXHYPE15M-26OCT050100-00,0.0200,10.00,yes
2026-10-05T04:58:59.049894Z,KXHYPE15M-26OCT050100-00,0.0210,20.00,yes
2026-10-05T04:58:59.049894Z,KXHYPE15M-26OCT050100-00,0.0210,10.00,yes
2026-10-05T04:58:59.049894Z,KXHYPE15M-26OCT050100-00,0.0210,0.46,yes
2026-10-05T04:58:59.049894Z,KXHYPE15M-26OCT050100-00,0.0200,2.00,yes
2026-10-05T04:58:59.536857Z,KXHYPE15M-26OCT050100-00,0.0210,10.00,yes
2026-10-05T04:58:59.536857Z,KXHYPE15M-26OCT050100-00,0.0200,2.00,yes
2026-10-05T04:58:59.536857Z,KXHYPE15M-26OCT050100-00,0.0190,10.00,yes
2026-10-05T04:58:59.536857Z,KXHYPE15M-26OCT050100-00,0.0190,2.00,yes
2026-10-05T04:58:59.536857Z,KXHYPE15M-26OCT050100-00,0.0200,4.00,yes
2026-10-05T04:58:59.536857Z,KXHYPE15M-26OCT050100-00,0.0210,23.07,yes
2026-10-05T04:58:59.536857Z,KXHYPE15M-26OCT050100-00,0.0220,6.65,yes
2026-10-05T04:59:00.226664Z,KXHYPE15M-26OCT050100-00,0.0190,2.08,yes
2026-10-05T04:59:00.226664Z,KXHYPE15M-26OCT050100-00,0.0220,13.25,yes
2026-10-05T04:59:00.231505Z,KXHYPE15M-26OCT050100-00,0.0400,17.00,yes
2026-10-05T04:59:00.271028Z,KXHYPE15M-26OCT050100-00,0.0770,80.00,no
2026-10-05T04:59:00.559335Z,KXHYPE15M-26OCT050100-00,0.0560,1.00,no
2026-10-05T04:59:00.565786Z,KXHYPE15M-26OCT050100-00,0.0560,1.00,no
2026-10-05T04:59:00.604847Z,KXHYPE15M-26OCT050100-00,0.0560,2.35,no
2026-10-05T04:59:00.864918Z,KXHYPE15M-26OCT050100-00,0.1000,31.00,yes
2026-10-05T04:59:00.864918Z,KXHYPE15M-26OCT050100-00,0.1100,29.07,yes
2026-10-05T04:59:00.864918Z,KXHYPE15M-26OCT050100-00,0.0940,13.00,yes
2026-10-05T04:59:00.946539Z,KXHYPE15M-26OCT050100-00,0.0560,10.00,no
2026-10-05T04:59:01.069629Z,KXHYPE15M-26OCT050100-00,0.0560,210.00,no
2026-10-05T04:59:01.086445Z,KXHYPE15M-26OCT050100-00,0.0400,10.00,no
2026-10-05T04:59:01.539809Z,KXHYPE15M-26OCT050100-00,0.0740,41.00,no
2026-10-05T04:59:02.266513Z,KXHYPE15M-26OCT050100-00,0.0940,9.40,yes
2026-10-05T04:59:02.399708Z,KXHYPE15M-26OCT050100-00,0.0940,20.00,yes
2026-10-05T04:59:02.995792Z,KXHYPE15M-26OCT050100-00,0.0190,1.00,no
2026-10-05T04:59:04.02739Z,KXHYPE15M-26OCT050100-00,0.0180,1.00,no
2026-10-05T04:59:04.02739Z,KXHYPE15M-26OCT050100-00,0.0170,6.00,no
2026-10-05T04:59:04.02739Z,KXHYPE15M-26OCT050100-00,0.0190,10.00,no
2026-10-05T04:59:04.02739Z,KXHYPE15M-26OCT050100-00,0.0180,22.00,no
2026-10-05T04:59:04.057813Z,KXHYPE15M-26OCT050100-00,0.0190,4.00,no
2026-10-05T04:59:04.072961Z,KXHYPE15M-26OCT050100-00,0.0190,10.00,no
2026-10-05T04:59:04.258718Z,KXHYPE15M-26OCT050100-00,0.0300,2.00,yes
2026-10-05T04:59:04.258718Z,KXHYPE15M-26OCT050100-00,0.0310,2.00,yes
2026-10-05T04:59:04.258718Z,KXHYPE15M-26OCT050100-00,0.0290,6.00,yes
2026-10-05T04:59:04.258718Z,KXHYPE15M-26OCT050100-00,0.0290,1.00,yes
2026-10-05T04:59:04.258718Z,KXHYPE15M-26OCT050100-00,0.0570,0.73,yes
2026-10-05T04:59:04.258718Z,KXHYPE15M-26OCT050100-00,0.0430,225.00,yes
2026-10-05T04:59:04.258718Z,KXHYPE15M-26OCT050100-00,0.0420,29.00,yes
2026-10-05T04:59:04.258718Z,KXHYPE15M-26OCT050100-00,0.0420,7.00,yes
2026-10-05T04:59:04.26513Z,KXHYPE15M-26OCT050100-00,0.0570,4.00,no
2026-10-05T04:59:04.387239Z,KXHYPE15M-26OCT050100-00,0.0570,223.00,no
2026-10-05T04:59:04.388778Z,KXHYPE15M-26OCT050100-00,0.0570,0.27,no
2026-10-05T04:59:04.388778Z,KXHYPE15M-26OCT050100-00,0.0220,9.73,no
2026-10-05T04:59:04.388901Z,KXHYPE15M-26OCT050100-00,0.0210,69.73,no
2026-10-05T04:59:04.388901Z,KXHYPE15M-26OCT050100-00,0.0220,24.27,no
2026-10-05T04:59:04.388901Z,KXHYPE15M-26OCT050100-00,0.0220,6.00,no
2026-10-05T04:59:04.388938Z,KXHYPE15M-26OCT050100-00,0.0210,17.00,no
2026-10-05T04:59:04.389961Z,KXHYPE15M-26OCT050100-00,0.0210,3.00,no
2026-10-05T04:59:04.390028Z,KXHYPE15M-26OCT050100-00,0.0210,6.00,no
2026-10-05T04:59:04.90707Z,KXHYPE15M-26OCT050100-00,0.0190,2.00,yes
2026-10-05T04:59:04.90707Z,KXHYPE15M-26OCT050100-00,0.0570,10.00,yes
2026-10-05T04:59:04.90707Z,KXHYPE15M-26OCT050100-00,0.0180,2.00,yes
2026-10-05T04:59:04.919966Z,KXHYPE15M-26OCT050100-00,0.0170,14.00,no
2026-10-05T04:59:04.919966Z,KXHYPE15M-26OCT050100-00,0.0160,9.00,no
2026-10-05T04:59:04.919966Z,KXHYPE15M-26OCT050100-00,0.0170,27.00,no
2026-10-05T04:59:05.015276Z,KXHYPE15M-26OCT050100-00,0.0170,2.00,yes
2026-10-05T04:59:05.015276Z,KXHYPE15M-26OCT050100-00,0.0170,2.17,yes
2026-10-05T04:59:05.210542Z,KXHYPE15M-26OCT050100-00,0.0170,3.74,yes
2026-10-05T04:59:06.160551Z,KXHYPE15M-26OCT050100-00,0.0170,3.09,yes
2026-10-05T04:59:06.160551Z,KXHYPE15M-26OCT050100-00,0.0170,1.09,yes
2026-10-05T04:59:06.320995Z,KXHYPE15M-26OCT050100-00,0.0180,3.48,yes
2026-10-05T04:59:06.320995Z,KXHYPE15M-26OCT050100-00,0.0170,0.91,yes
2026-10-05T04:59:06.320995Z,KXHYPE15M-26OCT050100-00,0.0170,4.91,yes
2026-10-05T04:59:06.874555Z,KXHYPE15M-26OCT050100-00,0.0160,2.00,yes
2026-10-05T04:59:06.874555Z,KXHYPE15M-26OCT050100-00,0.0170,4.91,yes
2026-10-05T04:59:06.874555Z,KXHYPE15M-26OCT050100-00,0.0420,2.47,yes
2026-10-05T04:59:06.874555Z,KXHYPE15M-26OCT050100-00,0.0180,10.52,yes
2026-10-05T04:59:06.874555Z,KXHYPE15M-26OCT050100-00,0.0200,64.00,yes
2026-10-05T04:59:06.888948Z,KXHYPE15M-26OCT050100-00,0.0170,2.00,yes
2026-10-05T04:59:07.257166Z,KXHYPE15M-26OCT050100-00,0.0430,1.07,yes
2026-10-05T04:59:07.257166Z,KXHYPE15M-26OCT050100-00,0.0170,2.00,yes
2026-10-05T04:59:07.257166Z,KXHYPE15M-26OCT050100-00,0.0160,2.00,yes
2026-10-05T04:59:07.257166Z,KXHYPE15M-26OCT050100-00,0.0380,24.00,yes
2026-10-05T04:59:07.257166Z,KXHYPE15M-26OCT050100-00,0.0390,7.00,yes
2026-10-05T04:59:09.530532Z,KXHYPE15M-26OCT050100-00,0.0150,1.37,no
2026-10-05T04:59:10.235603Z,KXHYPE15M-26OCT050100-00,0.0170,2.00,yes
2026-10-05T04:59:10.235603Z,KXHYPE15M-26OCT050100-00,0.0160,2.00,yes
2026-10-05T04:59:10.235603Z,KXHYPE15M-26OCT050100-00,0.0380,0.24,yes
2026-10-05T04:59:10.725285Z,KXHYPE15M-26OCT050100-00,0.0190,2.00,yes
2026-10-05T04:59:10.725285Z,KXHYPE15M-26OCT050100-00,0.0380,14.00,yes
2026-10-05T04:59:10.856323Z,KXHYPE15M-26OCT050100-00,0.0260,1.99,no
2026-10-05T04:59:10.870648Z,KXHYPE15M-26OCT050100-00,0.0260,1.99,no
2026-10-05T04:59:10.888541Z,KXHYPE15M-26OCT050100-00,0.0250,1.99,no
2026-10-05T04:59:11.058278Z,KXHYPE15M-26OCT050100-00,0.0210,2.00,no
2026-10-05T04:59:11.058278Z,KXHYPE15M-26OCT050100-00,0.0200,2.00,no
2026-10-05T04:59:11.058278Z,KXHYPE15M-26OCT050100-00,0.0210,10.00,no
2026-10-05T04:59:11.296199Z,KXHYPE15M-26OCT050100-00,0.0200,0.09,no
2026-10-05T04:59:11.296199Z,KXHYPE15M-26OCT050100-00,0.0210,10.00,no
2026-10-05T04:59:11.337487Z,KXHYPE15M-26OCT050100-00,0.0460,8.00,yes
2026-10-05T04:59:11.337487Z,KXHYPE15M-26OCT050100-00,0.0490,17.00,yes
2026-10-05T04:59:11.337487Z,KXHYPE15M-26OCT050100-00,0.0370,2.00,yes
2026-10-05T04:59:11.337487Z,KXHYPE15M-26OCT050100-00,0.0380,2.00,yes
2026-10-05T04:59:12.085403Z,KXHYPE15M-26OCT050100-00,0.0220,10.00,no
2026-10-05T04:59:12.576127Z,KXHYPE15M-26OCT050100-00,0.0390,96.32,yes
2026-10-05T04:59:12.989558Z,KXHYPE15M-26OCT050100-00,0.0190,19.09,no
2026-10-05T04:59:12.989558Z,KXHYPE15M-26OCT050100-00,0.0220,0.91,no
2026-10-05T04:59:13.128326Z,KXHYPE15M-26OCT050100-00,0.0200,2.00,yes
2026-10-05T04:59:13.155082Z,KXHYPE15M-26OCT050100-00,0.0110,51.00,no
2026-10-05T04:59:13.155082Z,KXHYPE15M-26OCT050100-00,0.0110,1.00,no
2026-10-05T04:59:13.155082Z,KXHYPE15M-26OCT050100-00,0.0110,180.00,no
2026-10-05T04:59:13.155082Z,KXHYPE15M-26OCT050100-00,0.0100,20.00,no
2026-10-05T04:59:13.155082Z,KXHYPE15M-26OCT050100-00,0.0110,20.00,no
2026-10-05T04:59:13.155082Z,KXHYPE15M-26OCT050100-00,0.0100,18.30,no
2026-10-05T04:59:13.155082Z,KXHYPE15M-26OCT050100-00,0.0110,1.00,no
2026-10-05T04:59:13.155082Z,KXHYPE15M-26OCT050100-00,0.0180,100.00,no
2026-10-05T04:59:13.155082Z,KXHYPE15M-26OCT050100-00,0.0120,37.00,no
2026-10-05T04:59:13.155082Z,KXHYPE15M-26OCT050100-00,0.0150,21.70,no
2026-10-05T04:59:13.447209Z,KXHYPE15M-26OCT050100-00,0.0150,20.00,yes
2026-10-05T04:59:13.447209Z,KXHYPE15M-26OCT050100-00,0.0150,1.96,yes
2026-10-05T04:59:13.519007Z,KXHYPE15M-26OCT050100-00,0.0160,47.88,yes
2026-10-05T04:59:13.519007Z,KXHYPE15M-26OCT050100-00,0.0150,18.04,yes
2026-10-05T04:59:13.519007Z,KXHYPE15M-26OCT050100-00,0.0150,48.00,yes
2026-10-05T04:59:13.735585Z,KXHYPE15M-26OCT050100-00,0.0160,23.40,yes
2026-10-05T04:59:13.97449Z,KXHYPE15M-26OCT050100-00,0.0160,100.00,yes
2026-10-05T04:59:13.974551Z,KXHYPE15M-26OCT050100-00,0.0180,2.00,yes
2026-10-05T04:59:13.974551Z,KXHYPE15M-26OCT050100-00,0.0190,2.00,yes
2026-10-05T04:59:13.974551Z,KXHYPE15M-26OCT050100-00,0.0160,8.72,yes
2026-10-05T04:59:13.974551Z,KXHYPE15M-26OCT050100-00,0.0190,1.00,yes
2026-10-05T04:59:14.034615Z,KXHYPE15M-26OCT050100-00,0.0240,1.98,no
2026-10-05T04:59:14.046916Z,KXHYPE15M-26OCT050100-00,0.0430,225.00,yes
2026-10-05T04:59:14.046916Z,KXHYPE15M-26OCT050100-00,0.0380,8.00,yes
2026-10-05T04:59:14.046916Z,KXHYPE15M-26OCT050100-00,0.0500,250.00,yes
2026-10-05T04:59:14.046916Z,KXHYPE15M-26OCT050100-00,0.0330,2.00,yes
2026-10-05T04:59:14.046916Z,KXHYPE15M-26OCT050100-00,0.0320,2.00,yes
2026-10-05T04:59:14.046916Z,KXHYPE15M-26OCT050100-00,0.0370,25.00,yes
2026-10-05T04:59:14.046916Z,KXHYPE15M-26OCT050100-00,0.0560,3.00,yes
2026-10-05T04:59:14.046916Z,KXHYPE15M-26OCT050100-00,0.0380,1.00,yes
2026-10-05T04:59:14.046916Z,KXHYPE15M-26OCT050100-00,0.0500,100.00,yes
2026-10-05T04:59:14.046916Z,KXHYPE15M-26OCT050100-00,0.0590,161.93,yes
2026-10-05T04:59:14.048505Z,KXHYPE15M-26OCT050100-00,0.0230,1.98,no
2026-10-05T04:59:14.064949Z,KXHYPE15M-26OCT050100-00,0.0190,1.98,no
2026-10-05T04:59:14.079235Z,KXHYPE15M-26OCT050100-00,0.0190,1.98,no
2026-10-05T04:59:14.09739Z,KXHYPE15M-26OCT050100-00,0.0270,1.98,no
2026-10-05T04:59:14.110254Z,KXHYPE15M-26OCT050100-00,0.0240,1.98,no
2026-10-05T04:59:14.13036Z,KXHYPE15M-26OCT050100-00,0.0420,0.66,yes
2026-10-05T04:59:14.194092Z,KXHYPE15M-26OCT050100-00,0.0420,3.66,yes
2026-10-05T04:59:14.194092Z,KXHYPE15M-26OCT050100-00,0.0420,1.34,yes
2026-10-05T04:59:14.623246Z,KXHYPE15M-26OCT050100-00,0.0270,2.00,no
2026-10-05T04:59:14.633235Z,KXHYPE15M-26OCT050100-00,0.0270,5.00,no
2026-10-05T04:59:14.637991Z,KXHYPE15M-26OCT050100-00,0.0270,2.00,no
2026-10-05T04:59:14.650856Z,KXHYPE15M-26OCT050100-00,0.0270,1.98,no
2026-10-05T04:59:14.896206Z,KXHYPE15M-26OCT050100-00,0.0460,1.00,yes
2026-10-05T04:59:15.166841Z,KXHYPE15M-26OCT050100-00,0.0290,2.00,no
2026-10-05T04:59:15.166841Z,KXHYPE15M-26OCT050100-00,0.0220,10.00,no
2026-10-05T04:59:15.496876Z,KXHYPE15M-26OCT050100-00,0.0200,2.00,no
2026-10-05T04:59:15.496876Z,KXHYPE15M-26OCT050100-00,0.0170,13.00,no
2026-10-05T04:59:15.496876Z,KXHYPE15M-26OCT050100-00,0.0210,10.00,no
2026-10-05T04:59:15.583481Z,KXHYPE15M-26OCT050100-00,0.0460,20.00,yes
2026-10-05T04:59:15.583481Z,KXHYPE15M-26OCT050100-00,0.0460,0.16,yes
2026-10-05T04:59:15.753504Z,KXHYPE15M-26OCT050100-00,0.0180,1.00,no
2026-10-05T04:59:16.083313Z,KXHYPE15M-26OCT050100-00,0.0390,10.00,no
2026-10-05T04:59:16.679625Z,KXHYPE15M-26OCT050100-00,0.0460,12.55,yes
2026-10-05T04:59:16.686012Z,KXHYPE15M-26OCT050100-00,0.0200,5.00,no
2026-10-05T04:59:18.050287Z,KXHYPE15M-26OCT050100-00,0.0200,9.00,no
2026-10-05T04:59:18.050287Z,KXHYPE15M-26OCT050100-00,0.0190,31.00,no
2026-10-05T04:59:18.344149Z,KXHYPE15M-26OCT050100-00,0.0160,1.01,no
2026-10-05T04:59:20.789224Z,KXHYPE15M-26OCT050100-00,0.0150,2.00,yes
2026-10-05T04:59:20.789224Z,KXHYPE15M-26OCT050100-00,0.0550,6.41,yes
2026-10-05T04:59:20.789224Z,KXHYPE15M-26OCT050100-00,0.0140,2.00,yes
2026-10-05T04:59:21.750231Z,KXHYPE15M-26OCT050100-00,0.0110,2.00,no
2026-10-05T04:59:22.19196Z,KXHYPE15M-26OCT050100-00,0.0160,2.00,yes
2026-10-05T04:59:22.19196Z,KXHYPE15M-26OCT050100-00,0.0450,27.00,yes
2026-10-05T04:59:22.19196Z,KXHYPE15M-26OCT050100-00,0.0460,3.50,yes
2026-10-05T04:59:22.19196Z,KXHYPE15M-26OCT050100-00,0.0450,5.00,yes
2026-10-05T04:59:22.401538Z,KXHYPE15M-26OCT050100-00,0.0530,8.00,yes
2026-10-05T04:59:22.401538Z,KXHYPE15M-26OCT050100-00,0.0530,24.00,yes
2026-10-05T04:59:22.401538Z,KXHYPE15M-26OCT050100-00,0.0540,31.57,yes
2026-10-05T04:59:22.401538Z,KXHYPE15M-26OCT050100-00,0.0550,16.43,yes
2026-10-05T04:59:22.401538Z,KXHYPE15M-26OCT050100-00,0.0550,20.00,yes
2026-10-05T04:59:22.686711Z,KXHYPE15M-26OCT050100-00,0.0160,75.00,no
2026-10-05T04:59:22.688156Z,KXHYPE15M-26OCT050100-00,0.0160,5.00,no
2026-10-05T04:59:23.047903Z,KXHYPE15M-26OCT050100-00,0.0160,24.37,no
2026-10-05T04:59:23.096982Z,KXHYPE15M-26OCT050100-00,0.0160,12.00,no
2026-10-05T04:59:23.096982Z,KXHYPE15M-26OCT050100-00,0.0160,45.63,no
2026-10-05T04:59:23.160035Z,KXHYPE15M-26OCT050100-00,0.0100,2.00,no
2026-10-05T04:59:23.160035Z,KXHYPE15M-26OCT050100-00,0.0100,1.00,no
2026-10-05T04:59:23.160035Z,KXHYPE15M-26OCT050100-00,0.0100,1.86,no
2026-10-05T04:59:23.160035Z,KXHYPE15M-26OCT050100-00,0.0110,2.00,no
2026-10-05T04:59:23.160035Z,KXHYPE15M-26OCT050100-00,0.0120,37.00,no
2026-10-05T04:59:23.160035Z,KXHYPE15M-26OCT050100-00,0.0130,5.00,no
2026-10-05T04:59:23.160035Z,KXHYPE15M-26OCT050100-00,0.0110,23.40,no
2026-10-05T04:59:23.160035Z,KXHYPE15M-26OCT050100-00,0.0110,45.88,no
2026-10-05T04:59:23.160035Z,KXHYPE15M-26OCT050100-00,0.0110,100.00,no
2026-10-05T04:59:23.160035Z,KXHYPE15M-26OCT050100-00,0.0110,8.72,no
2026-10-05T04:59:23.160035Z,KXHYPE15M-26OCT050100-00,0.0100,12.00,no
2026-10-05T04:59:23.160035Z,KXHYPE15M-26OCT050100-00,0.0100,1.00,no
2026-10-05T04:59:23.649334Z,KXHYPE15M-26OCT050100-00,0.0160,16.00,yes
2026-10-05T04:59:23.739306Z,KXHYPE15M-26OCT050100-00,0.0090,9.00,no
2026-10-05T04:59:23.739306Z,KXHYPE15M-26OCT050100-00,0.0110,16.00,no
2026-10-05T04:59:24.010771Z,KXHYPE15M-26OCT050100-00,0.0080,20.00,no
2026-10-05T04:59:24.010771Z,KXHYPE15M-26OCT050100-00,0.0090,11.00,no
2026-10-05T04:59:24.177014Z,KXHYPE15M-26OCT050100-00,0.0150,38.32,yes
2026-10-05T04:59:24.177014Z,KXHYPE15M-26OCT050100-00,0.0100,9.00,yes
2026-10-05T04:59:24.177014Z,KXHYPE15M-26OCT050100-00,0.0090,20.00,yes
2026-10-05T04:59:24.177014Z,KXHYPE15M-26OCT050100-00,0.0080,9.00,yes
2026-10-05T04:59:24.177014Z,KXHYPE15M-26OCT050100-00,0.0100,11.00,yes
2026-10-05T04:59:24.219142Z,KXHYPE15M-26OCT050100-00,0.0070,1.50,no
2026-10-05T04:59:24.526855Z,KXHYPE15M-26OCT050100-00,0.0080,8.16,yes
2026-10-05T04:59:24.798696Z,KXHYPE15M-26OCT050100-00,0.0070,18.50,no
2026-10-05T04:59:24.798696Z,KXHYPE15M-26OCT050100-00,0.0060,16.25,no
2026-10-05T04:59:24.945102Z,KXHYPE15M-26OCT050100-00,0.0070,10.56,yes
2026-10-05T04:59:26.060672Z,KXHYPE15M-26OCT050100-00,0.0050,95.40,no
2026-10-05T04:59:26.060672Z,KXHYPE15M-26OCT050100-00,0.0060,3.75,no
2026-10-05T04:59:26.060672Z,KXHYPE15M-26OCT050100-00,0.0060,3.00,no
2026-10-05T04:59:26.764663Z,KXHYPE15M-26OCT050100-00,0.0070,5.69,yes
2026-10-05T04:59:26.764663Z,KXHYPE15M-26OCT050100-00,0.0080,46.84,yes
2026-10-05T04:59:26.764663Z,KXHYPE15M-26OCT050100-00,0.0070,10.00,yes
2026-10-05T04:59:26.764663Z,KXHYPE15M-26OCT050100-00,0.0080,40.00,yes
2026-10-05T04:59:26.764663Z,KXHYPE15M-26OCT050100-00,0.0080,1.50,yes
2026-10-05T04:59:26.764663Z,KXHYPE15M-26OCT050100-00,0.0080,9.84,yes
2026-10-05T04:59:26.764663Z,KXHYPE15M-26OCT050100-00,0.0070,1.00,yes
2026-10-05T04:59:26.764663Z,KXHYPE15M-26OCT050100-00,0.0070,3.75,yes
2026-10-05T04:59:27.279721Z,KXHYPE15M-26OCT050100-00,0.0080,3.00,yes
2026-10-05T04:59:27.616598Z,KXHYPE15M-26OCT050100-00,0.0050,43.00,no
2026-10-05T04:59:29.083886Z,KXHYPE15M-26OCT050100-00,0.0040,1.00,no
2026-10-05T04:59:29.083886Z,KXHYPE15M-26OCT050100-00,0.0030,2.00,no
2026-10-05T04:59:29.083886Z,KXHYPE15M-26OCT050100-00,0.0030,2.00,no
2026-10-05T04:59:29.083886Z,KXHYPE15M-26OCT050100-00,0.0040,1.00,no
2026-10-05T04:59:29.083886Z,KXHYPE15M-26OCT050100-00,0.0030,2.00,no
2026-10-05T04:59:29.083886Z,KXHYPE15M-26OCT050100-00,0.0040,1.00,no
2026-10-05T04:59:29.083886Z,KXHYPE15M-26OCT050100-00,0.0030,2.00,no
2026-10-05T04:59:29.083886Z,KXHYPE15M-26OCT050100-00,0.0040,1.00,no
2026-10-05T04:59:29.083886Z,KXHYPE15M-26OCT050100-00,0.0030,18.00,no
2026-10-05T04:59:29.083886Z,KXHYPE15M-26OCT050100-00,0.0040,13.00,no
2026-10-05T04:59:29.083886Z,KXHYPE15M-26OCT050100-00,0.0050,11.00,no
2026-10-05T04:59:29.083886Z,KXHYPE15M-26OCT050100-00,0.0030,2.00,no
2026-10-05T04:59:29.083886Z,KXHYPE15M-26OCT050100-00,0.0040,1.00,no
2026-10-05T04:59:29.083886Z,KXHYPE15M-26OCT050100-00,0.0040,20.00,no
2026-10-05T04:59:29.083886Z,KXHYPE15M-26OCT050100-00,0.0050,20.00,no
2026-10-05T04:59:29.083886Z,KXHYPE15M-26OCT050100-00,0.0030,20.00,no
2026-10-05T04:59:29.083886Z,KXHYPE15M-26OCT050100-00,0.0050,38.60,no
2026-10-05T04:59:29.083886Z,KXHYPE15M-26OCT050100-00,0.0040,2.00,no
2026-10-05T04:59:29.083886Z,KXHYPE15M-26OCT050100-00,0.0030,2.00,no
2026-10-05T04:59:29.083886Z,KXHYPE15M-26OCT050100-00,0.0030,52.59,no
2026-10-05T04:59:29.331413Z,KXHYPE15M-26OCT050100-00,0.0020,387.00,no
2026-10-05T04:59:29.331413Z,KXHYPE15M-26OCT050100-00,0.0020,200.00,no
2026-10-05T04:59:30.680161Z,KXHYPE15M-26OCT050100-00,0.0020,0.06,no
2026-10-05T04:59:30.680161Z,KXHYPE15M-26OCT050100-00,0.0020,20.00,no
2026-10-05T04:59:30.680161Z,KXHYPE15M-26OCT050100-00,0.0020,13.00,no
2026-10-05T04:59:30.701765Z,KXHYPE15M-26OCT050100-00,0.0020,2.00,no
2026-10-05T04:59:30.821409Z,KXHYPE15M-26OCT050100-00,0.0020,23.94,no
2026-10-05T04:59:30.821409Z,KXHYPE15M-26OCT050100-00,0.0020,3.00,no
2026-10-05T04:59:30.821409Z,KXHYPE15M-26OCT050100-00,0.0020,3.00,no
2026-10-05T04:59:30.821409Z,KXHYPE15M-26OCT050100-00,0.0020,3.00,no
2026-10-05T04:59:30.821409Z,KXHYPE15M-26OCT050100-00,0.0020,3.00,no
2026-10-05T04:59:30.821409Z,KXHYPE15M-26OCT050100-00,0.0020,3.00,no
2026-10-05T04:59:30.821409Z,KXHYPE15M-26OCT050100-00,0.0020,2.00,no
2026-10-05T04:59:30.821409Z,KXHYPE15M-26OCT050100-00,0.0020,225.00,no
2026-10-05T04:59:30.821409Z,KXHYPE15M-26OCT050100-00,0.0020,1.00,no
2026-10-05T04:59:31.555214Z,KXHYPE15M-26OCT050100-00,0.0020,304.45,yes
2026-10-05T04:59:31.619063Z,KXHYPE15M-26OCT050100-00,0.0010,107.09,no
2026-10-05T04:59:31.688104Z,KXHYPE15M-26OCT050100-00,0.0020,25.00,yes
2026-10-05T04:59:32.170005Z,KXHYPE15M-26OCT050100-00,0.0010,12.00,no
2026-10-05T04:59:32.845091Z,KXHYPE15M-26OCT050100-00,0.0020,30.94,yes
2026-10-05T04:59:34.183621Z,KXHYPE15M-26OCT050100-00,0.0010,10.00,no
2026-10-05T04:59:34.454809Z,KXHYPE15M-26OCT050100-00,0.0020,30.48,yes
2026-10-05T04:59:35.416396Z,KXHYPE15M-26OCT050100-00,0.0010,1.00,no
2026-10-05T04:59:35.416396Z,KXHYPE15M-26OCT050100-00,0.0010,1.00,no
2026-10-05T04:59:35.416396Z,KXHYPE15M-26OCT050100-00,0.0010,370.91,no
2026-10-05T04:59:35.416396Z,KXHYPE15M-26OCT050100-00,0.0010,280.00,no
2026-10-05T04:59:35.416396Z,KXHYPE15M-26OCT050100-00,0.0010,1.00,no
2026-10-05T04:59:35.416396Z,KXHYPE15M-26OCT050100-00,0.0010,20.00,no
2026-10-05T04:59:35.416396Z,KXHYPE15M-26OCT050100-00,0.0010,21.09,no
2026-10-05T04:59:35.426529Z,KXHYPE15M-26OCT050100-00,0.0020,242.19,yes
2026-10-05T04:59:35.426529Z,KXHYPE15M-26OCT050100-00,0.0020,655.14,yes
2026-10-05T04:59:37.954918Z,KXHYPE15M-26OCT050100-00,0.0010,17.59,yes
2026-10-05T04:59:40.124442Z,KXHYPE15M-26OCT050100-00,0.0010,7.61,yes
2026-10-05T04:59:43.930539Z,KXHYPE15M-26OCT050100-00,0.0010,12.00,yes
2026-10-05T04:59:44.24185Z,KXHYPE15M-26OCT050100-00,0.0010,0.18,yes
2026-10-05T04:59:50.548986Z,KXHYPE15M-26OCT050100-00,0.0010,7.62,yes
2026-10-05T04:59:50.548986Z,KXHYPE15M-26OCT050100-00,0.0010,1.00,yes
2026-10-05T04:59:50.561863Z,KXHYPE15M-26OCT050100-00,0.0010,30.12,yes
2026-10-05T04:59:50.561863Z,KXHYPE15M-26OCT050100-00,0.0010,97.11,yes
2026-10-05T04:59:56.137584Z,KXHYPE15M-26OCT050100-00,0.0010,1312.16,yes
2026-10-05T04:59:56.137584Z,KXHYPE15M-26OCT050100-00,0.0010,2276.72,yes
2026-10-05T04:59:56.137584Z,KXHYPE15M-26OCT050100-00,0.0010,990.89,yes
2026-10-05T04:58:54.137715Z,KXGOLD15M-26OCT050100-00,0.0370,3.75,no
2026-10-05T04:58:54.141785Z,KXGOLD15M-26OCT050100-00,0.0300,16.00,no
2026-10-05T04:58:54.185253Z,KXGOLD15M-26OCT050100-00,0.0350,100.37,yes
2026-10-05T04:58:54.630392Z,KXGOLD15M-26OCT050100-00,0.0310,68.95,no
2026-10-05T04:58:54.731609Z,KXGOLD15M-26OCT050100-00,0.0360,26.02,yes
2026-10-05T04:58:55.151868Z,KXGOLD15M-26OCT050100-00,0.0360,38.04,yes
2026-10-05T04:58:55.151868Z,KXGOLD15M-26OCT050100-00,0.0330,14.00,yes
2026-10-05T04:58:55.781564Z,KXGOLD15M-26OCT050100-00,0.0340,13.38,yes
2026-10-05T04:58:55.848884Z,KXGOLD15M-26OCT050100-00,0.0370,8.00,yes
2026-10-05T04:58:55.848884Z,KXGOLD15M-26OCT050100-00,0.0360,50.00,yes
2026-10-05T04:58:55.848884Z,KXGOLD15M-26OCT050100-00,0.0360,50.00,yes
2026-10-05T04:58:55.848884Z,KXGOLD15M-26OCT050100-00,0.0320,13.00,yes
2026-10-05T04:58:55.848884Z,KXGOLD15M-26OCT050100-00,0.0390,6.20,yes
2026-10-05T04:58:56.207827Z,KXGOLD15M-26OCT050100-00,0.0300,7.00,no
2026-10-05T04:58:56.207827Z,KXGOLD15M-26OCT050100-00,0.0280,43.33,no
2026-10-05T04:58:56.262992Z,KXGOLD15M-26OCT050100-00,0.0280,0.82,no
2026-10-05T04:58:56.320476Z,KXGOLD15M-26OCT050100-00,0.0320,87.80,yes
2026-10-05T04:58:56.556531Z,KXGOLD15M-26OCT050100-00,0.0290,146.33,yes
2026-10-05T04:58:56.573032Z,KXGOLD15M-26OCT050100-00,0.0280,10.05,no
2026-10-05T04:58:56.652184Z,KXGOLD15M-26OCT050100-00,0.0290,29.26,yes
2026-10-05T04:58:57.756216Z,KXGOLD15M-26OCT050100-00,0.0280,55.43,no
2026-10-05T04:58:58.271409Z,KXGOLD15M-26OCT050100-00,0.0280,287.07,no
2026-10-05T04:58:58.38905Z,KXGOLD15M-26OCT050100-00,0.0300,6.19,yes
2026-10-05T04:58:58.50586Z,KXGOLD15M-26OCT050100-00,0.0290,13.94,yes
2026-10-05T04:58:58.574329Z,KXGOLD15M-26OCT050100-00,0.0290,32.28,yes
2026-10-05T04:58:58.989531Z,KXGOLD15M-26OCT050100-00,0.0280,32.28,yes
2026-10-05T04:58:59.059801Z,KXGOLD15M-26OCT050100-00,0.0260,1.00,no
2026-10-05T04:58:59.142625Z,KXGOLD15M-26OCT050100-00,0.0280,54.17,yes
2026-10-05T04:58:59.480359Z,KXGOLD15M-26OCT050100-00,0.0280,334.39,yes
2026-10-05T04:58:59.6696Z,KXGOLD15M-26OCT050100-00,0.0250,2.04,no
2026-10-05T04:58:59.977813Z,KXGOLD15M-26OCT050100-00,0.0260,29.00,yes
2026-10-05T04:58:59.977813Z,KXGOLD15M-26OCT050100-00,0.0260,7.00,yes
2026-10-05T04:58:59.980349Z,KXGOLD15M-26OCT050100-00,0.0240,23.53,no
2026-10-05T04:59:00.041449Z,KXGOLD15M-26OCT050100-00,0.0250,18.38,yes
2026-10-05T04:59:00.601432Z,KXGOLD15M-26OCT050100-00,0.0250,377.45,yes
2026-10-05T04:59:00.643439Z,KXGOLD15M-26OCT050100-00,0.0270,5.10,no
2026-10-05T04:59:00.847448Z,KXGOLD15M-26OCT050100-00,0.0310,9.00,no
2026-10-05T04:59:00.862021Z,KXGOLD15M-26OCT050100-00,0.0300,133.86,no
2026-10-05T04:59:01.077082Z,KXGOLD15M-26OCT050100-00,0.0300,8.00,no
2026-10-05T04:59:01.255078Z,KXGOLD15M-26OCT050100-00,0.0350,26.76,yes
2026-10-05T04:59:01.414593Z,KXGOLD15M-26OCT050100-00,0.0340,97.11,yes
2026-10-05T04:59:01.414593Z,KXGOLD15M-26OCT050100-00,0.0340,33.00,yes
2026-10-05T04:59:02.318862Z,KXGOLD15M-26OCT050100-00,0.0300,24.00,no
2026-10-05T04:59:02.318862Z,KXGOLD15M-26OCT050100-00,0.0300,1.00,no
2026-10-05T04:59:02.318862Z,KXGOLD15M-26OCT050100-00,0.0250,170.49,no
2026-10-05T04:59:02.318862Z,KXGOLD15M-26OCT050100-00,0.0260,75.00,no
2026-10-05T04:59:02.318862Z,KXGOLD15M-26OCT050100-00,0.0270,4.00,no
2026-10-05T04:59:02.432922Z,KXGOLD15M-26OCT050100-00,0.0330,280.58,yes
2026-10-05T04:59:02.874281Z,KXGOLD15M-26OCT050100-00,0.0330,2.83,yes
2026-10-05T04:59:03.059085Z,KXGOLD15M-26OCT050100-00,0.0330,25.17,yes
2026-10-05T04:59:03.059085Z,KXGOLD15M-26OCT050100-00,0.0330,104.94,yes
2026-10-05T04:59:03.244007Z,KXGOLD15M-26OCT050100-00,0.0290,0.89,no
2026-10-05T04:59:03.380255Z,KXGOLD15M-26OCT050100-00,0.0360,12.00,yes
2026-10-05T04:59:03.380255Z,KXGOLD15M-26OCT050100-00,0.0400,5.00,yes
2026-10-05T04:59:03.380255Z,KXGOLD15M-26OCT050100-00,0.0390,3.00,yes
2026-10-05T04:59:03.380255Z,KXGOLD15M-26OCT050100-00,0.0390,4.00,yes
2026-10-05T04:59:03.380255Z,KXGOLD15M-26OCT050100-00,0.0370,13.00,yes
2026-10-05T04:59:03.380255Z,KXGOLD15M-26OCT050100-00,0.0300,5.00,yes
2026-10-05T04:59:03.380255Z,KXGOLD15M-26OCT050100-00,0.0400,9.07,yes
2026-10-05T04:59:03.380255Z,KXGOLD15M-26OCT050100-00,0.0310,83.00,yes
2026-10-05T04:59:03.380255Z,KXGOLD15M-26OCT050100-00,0.0380,5.00,yes
2026-10-05T04:59:03.760713Z,KXGOLD15M-26OCT050100-00,0.0290,19.11,no
2026-10-05T04:59:03.824776Z,KXGOLD15M-26OCT050100-00,0.0280,13.09,no
2026-10-05T04:59:03.903692Z,KXGOLD15M-26OCT050100-00,0.0350,13.00,yes
2026-10-05T04:59:03.903692Z,KXGOLD15M-26OCT050100-00,0.0360,35.05,yes
2026-10-05T04:59:04.438635Z,KXGOLD15M-26OCT050100-00,0.0280,15.39,no
2026-10-05T04:59:04.684807Z,KXGOLD15M-26OCT050100-00,0.0340,26.76,yes
2026-10-05T04:59:04.735872Z,KXGOLD15M-26OCT050100-00,0.0350,26.05,yes
2026-10-05T04:59:04.735872Z,KXGOLD15M-26OCT050100-00,0.0350,12.00,yes
2026-10-05T04:59:04.735872Z,KXGOLD15M-26OCT050100-00,0.0360,14.39,yes
2026-10-05T04:59:04.970309Z,KXGOLD15M-26OCT050100-00,0.0270,13.02,no
2026-10-05T04:59:05.125368Z,KXGOLD15M-26OCT050100-00,0.0340,2.05,yes
2026-10-05T04:59:05.783136Z,KXGOLD15M-26OCT050100-00,0.0330,2.60,yes
2026-10-05T04:59:05.901968Z,KXGOLD15M-26OCT050100-00,0.0340,12.00,yes
2026-10-05T04:59:05.901968Z,KXGOLD15M-26OCT050100-00,0.0300,30.00,yes
2026-10-05T04:59:05.901968Z,KXGOLD15M-26OCT050100-00,0.0340,0.01,yes
2026-10-05T04:59:05.901968Z,KXGOLD15M-26OCT050100-00,0.0310,48.60,yes
2026-10-05T04:59:05.901968Z,KXGOLD15M-26OCT050100-00,0.0420,101.00,yes
2026-10-05T04:59:05.901968Z,KXGOLD15M-26OCT050100-00,0.0300,2000.00,yes
2026-10-05T04:59:05.901968Z,KXGOLD15M-26OCT050100-00,0.0350,12.00,yes
2026-10-05T04:59:05.901968Z,KXGOLD15M-26OCT050100-00,0.0330,9.40,yes
2026-10-05T04:59:05.901968Z,KXGOLD15M-26OCT050100-00,0.0360,12.56,yes
2026-10-05T04:59:05.901968Z,KXGOLD15M-26OCT050100-00,0.0370,5.00,yes
2026-10-05T04:59:05.901968Z,KXGOLD15M-26OCT050100-00,0.0370,38.00,yes
2026-10-05T04:59:05.901968Z,KXGOLD15M-26OCT050100-00,0.0370,2.00,yes
2026-10-05T04:59:05.901968Z,KXGOLD15M-26OCT050100-00,0.0450,247.69,yes
2026-10-05T04:59:05.901968Z,KXGOLD15M-26OCT050100-00,0.0440,7.00,yes
2026-10-05T04:59:05.901968Z,KXGOLD15M-26OCT050100-00,0.0410,100.00,yes
2026-10-05T04:59:06.173289Z,KXGOLD15M-26OCT050100-00,0.0300,32.14,yes
2026-10-05T04:59:06.173289Z,KXGOLD15M-26OCT050100-00,0.0300,97.00,yes
2026-10-05T04:59:06.175001Z,KXGOLD15M-26OCT050100-00,0.0270,20.54,no
2026-10-05T04:59:06.175001Z,KXGOLD15M-26OCT050100-00,0.0270,6.00,no
2026-10-05T04:59:06.247575Z,KXGOLD15M-26OCT050100-00,0.0220,5.55,no
2026-10-05T04:59:06.623723Z,KXGOLD15M-26OCT050100-00,0.0270,16.14,yes
2026-10-05T04:59:06.643315Z,KXGOLD15M-26OCT050100-00,0.0270,4.41,yes
2026-10-05T04:59:06.697792Z,KXGOLD15M-26OCT050100-00,0.0270,7.19,yes
2026-10-05T04:59:06.733616Z,KXGOLD15M-26OCT050100-00,0.0220,23.00,no
2026-10-05T04:59:06.733616Z,KXGOLD15M-26OCT050100-00,0.0220,14.03,no
2026-10-05T04:59:07.105972Z,KXGOLD15M-26OCT050100-00,0.0210,5.10,no
2026-10-05T04:59:07.126389Z,KXGOLD15M-26OCT050100-00,0.0270,17.26,yes
2026-10-05T04:59:07.126389Z,KXGOLD15M-26OCT050100-00,0.0270,14.00,yes
2026-10-05T04:59:07.126389Z,KXGOLD15M-26OCT050100-00,0.0270,3.41,yes
2026-10-05T04:59:07.714854Z,KXGOLD15M-26OCT050100-00,0.0190,367.26,no
2026-10-05T04:59:07.819566Z,KXGOLD15M-26OCT050100-00,0.0160,100.00,no
2026-10-05T04:59:07.963576Z,KXGOLD15M-26OCT050100-00,0.0160,39.00,yes
2026-10-05T04:59:08.375413Z,KXGOLD15M-26OCT050100-00,0.0170,100.00,yes
2026-10-05T04:59:08.375413Z,KXGOLD15M-26OCT050100-00,0.0160,17.00,yes
2026-10-05T04:59:08.375413Z,KXGOLD15M-26OCT050100-00,0.0240,8.00,yes
2026-10-05T04:59:08.555763Z,KXGOLD15M-26OCT050100-00,0.0160,12.00,yes
2026-10-05T04:59:08.59597Z,KXGOLD15M-26OCT050100-00,0.0150,40.00,no
2026-10-05T04:59:08.59597Z,KXGOLD15M-26OCT050100-00,0.0150,100.00,no
2026-10-05T04:59:08.59597Z,KXGOLD15M-26OCT050100-00,0.0150,100.00,no
2026-10-05T04:59:08.602575Z,KXGOLD15M-26OCT050100-00,0.0140,10.56,no
2026-10-05T04:59:08.794041Z,KXGOLD15M-26OCT050100-00,0.0150,28.00,yes
2026-10-05T04:59:08.794041Z,KXGOLD15M-26OCT050100-00,0.0150,27.04,yes
2026-10-05T04:59:08.826289Z,KXGOLD15M-26OCT050100-00,0.0140,89.44,no
2026-10-05T04:59:08.935184Z,KXGOLD15M-26OCT050100-00,0.0130,101.00,yes
2026-10-05T04:59:08.935184Z,KXGOLD15M-26OCT050100-00,0.0130,100.00,yes
2026-10-05T04:59:08.977937Z,KXGOLD15M-26OCT050100-00,0.0160,1.04,yes
2026-10-05T04:59:09.098823Z,KXGOLD15M-26OCT050100-00,0.0160,17.00,yes
2026-10-05T04:59:09.262796Z,KXGOLD15M-26OCT050100-00,0.0120,17.86,no
2026-10-05T04:59:09.844001Z,KXGOLD15M-26OCT050100-00,0.0130,51.98,yes
2026-10-05T04:59:10.18312Z,KXGOLD15M-26OCT050100-00,0.0120,10.11,no
2026-10-05T04:59:10.262893Z,KXGOLD15M-26OCT050100-00,0.0130,59.93,yes
2026-10-05T04:59:10.409607Z,KXGOLD15M-26OCT050100-00,0.0150,18.00,yes
2026-10-05T04:59:10.417786Z,KXGOLD15M-26OCT050100-00,0.0160,89.44,yes
2026-10-05T04:59:10.417786Z,KXGOLD15M-26OCT050100-00,0.0160,10.56,yes
2026-10-05T04:59:10.417786Z,KXGOLD15M-26OCT050100-00,0.0160,100.00,yes
2026-10-05T04:59:10.431678Z,KXGOLD15M-26OCT050100-00,0.0150,13.14,no
2026-10-05T04:59:10.65251Z,KXGOLD15M-26OCT050100-00,0.0190,11.32,yes
2026-10-05T04:59:10.65251Z,KXGOLD15M-26OCT050100-00,0.0180,14.00,yes
2026-10-05T04:59:10.840386Z,KXGOLD15M-26OCT050100-00,0.0170,12.00,yes
2026-10-05T04:59:10.840386Z,KXGOLD15M-26OCT050100-00,0.0190,0.01,yes
2026-10-05T04:59:10.840386Z,KXGOLD15M-26OCT050100-00,0.0190,488.68,yes
2026-10-05T04:59:10.840386Z,KXGOLD15M-26OCT050100-00,0.0260,35.00,yes
2026-10-05T04:59:10.840386Z,KXGOLD15M-26OCT050100-00,0.0190,94.00,yes
2026-10-05T04:59:10.840386Z,KXGOLD15M-26OCT050100-00,0.0250,60.00,yes
2026-10-05T04:59:10.840386Z,KXGOLD15M-26OCT050100-00,0.0250,10.00,yes
2026-10-05T04:59:10.840386Z,KXGOLD15M-26OCT050100-00,0.0230,3.00,yes
2026-10-05T04:59:10.840386Z,KXGOLD15M-26OCT050100-00,0.0200,40.00,yes
2026-10-05T04:59:10.840386Z,KXGOLD15M-26OCT050100-00,0.0260,42.00,yes
2026-10-05T04:59:10.840386Z,KXGOLD15M-26OCT050100-00,0.0270,30.00,yes
2026-10-05T04:59:10.840386Z,KXGOLD15M-26OCT050100-00,0.0270,30.00,yes
2026-10-05T04:59:10.840386Z,KXGOLD15M-26OCT050100-00,0.0240,32.00,yes
2026-10-05T04:59:10.840386Z,KXGOLD15M-26OCT050100-00,0.0270,40.67,yes
2026-10-05T04:59:10.840386Z,KXGOLD15M-26OCT050100-00,0.0200,6.00,yes
2026-10-05T04:59:10.847047Z,KXGOLD15M-26OCT050100-00,0.0140,1.01,no
2026-10-05T04:59:10.919021Z,KXGOLD15M-26OCT050100-00,0.0260,25.86,yes
2026-10-05T04:59:11.023354Z,KXGOLD15M-26OCT050100-00,0.0120,1.00,no
2026-10-05T04:59:11.023354Z,KXGOLD15M-26OCT050100-00,0.0110,1.00,no
2026-10-05T04:59:11.023354Z,KXGOLD15M-26OCT050100-00,0.0110,10.00,no
2026-10-05T04:59:11.023354Z,KXGOLD15M-26OCT050100-00,0.0110,2.00,no
2026-10-05T04:59:11.023354Z,KXGOLD15M-26OCT050100-00,0.0110,20.00,no
2026-10-05T04:59:11.023354Z,KXGOLD15M-26OCT050100-00,0.0110,2.00,no
2026-10-05T04:59:11.023354Z,KXGOLD15M-26OCT050100-00,0.0110,100.00,no
2026-10-05T04:59:11.023354Z,KXGOLD15M-26OCT050100-00,0.0110,350.00,no
2026-10-05T04:59:11.023354Z,KXGOLD15M-26OCT050100-00,0.0120,256.03,no
2026-10-05T04:59:11.023354Z,KXGOLD15M-26OCT050100-00,0.0100,78.90,no
2026-10-05T04:59:11.023354Z,KXGOLD15M-26OCT050100-00,0.0130,24.00,no
2026-10-05T04:59:11.023354Z,KXGOLD15M-26OCT050100-00,0.0150,6.00,no
2026-10-05T04:59:11.023354Z,KXGOLD15M-26OCT050100-00,0.0150,40.00,no
2026-10-05T04:59:11.023354Z,KXGOLD15M-26OCT050100-00,0.0150,96.00,no
2026-10-05T04:59:11.023354Z,KXGOLD15M-26OCT050100-00,0.0120,6.00,no
2026-10-05T04:59:11.992496Z,KXGOLD15M-26OCT050100-00,0.0160,13.09,yes
2026-10-05T04:59:12.135022Z,KXGOLD15M-26OCT050100-00,0.0140,11.69,yes
2026-10-05T04:59:12.153218Z,KXGOLD15M-26OCT050100-00,0.0110,25.24,no
2026-10-05T04:59:12.185492Z,KXGOLD15M-26OCT050100-00,0.0110,36.01,no
2026-10-05T04:59:12.266593Z,KXGOLD15M-26OCT050100-00,0.0140,551.61,yes
2026-10-05T04:59:12.288697Z,KXGOLD15M-26OCT050100-00,0.0110,146.00,no
2026-10-05T04:59:12.355281Z,KXGOLD15M-26OCT050100-00,0.0120,58.47,yes
2026-10-05T04:59:12.358624Z,KXGOLD15M-26OCT050100-00,0.0120,101.79,yes
2026-10-05T04:59:12.442593Z,KXGOLD15M-26OCT050100-00,0.0130,58.47,yes
2026-10-05T04:59:12.443262Z,KXGOLD15M-26OCT050100-00,0.0140,26.18,yes
2026-10-05T04:59:12.443262Z,KXGOLD15M-26OCT050100-00,0.0130,20.00,yes
2026-10-05T04:59:12.443262Z,KXGOLD15M-26OCT050100-00,0.0130,41.53,yes
2026-10-05T04:59:12.592718Z,KXGOLD15M-26OCT050100-00,0.0130,506.70,yes
2026-10-05T04:59:12.613198Z,KXGOLD15M-26OCT050100-00,0.0160,336.91,yes
2026-10-05T04:59:12.707772Z,KXGOLD15M-26OCT050100-00,0.0260,28.00,yes
2026-10-05T04:59:12.707772Z,KXGOLD15M-26OCT050100-00,0.0280,6.86,yes
2026-10-05T04:59:12.707772Z,KXGOLD15M-26OCT050100-00,0.0230,6.00,yes
2026-10-05T04:59:12.707772Z,KXGOLD15M-26OCT050100-00,0.0160,18.00,yes
2026-10-05T04:59:12.707772Z,KXGOLD15M-26OCT050100-00,0.0200,15.00,yes
2026-10-05T04:59:12.707772Z,KXGOLD15M-26OCT050100-00,0.0240,48.00,yes
2026-10-05T04:59:12.707772Z,KXGOLD15M-26OCT050100-00,0.0290,10.11,yes
2026-10-05T04:59:12.707772Z,KXGOLD15M-26OCT050100-00,0.0230,27.86,yes
2026-10-05T04:59:12.707772Z,KXGOLD15M-26OCT050100-00,0.0230,8.00,yes
2026-10-05T04:59:12.707772Z,KXGOLD15M-26OCT050100-00,0.0260,0.14,yes
2026-10-05T04:59:12.707772Z,KXGOLD15M-26OCT050100-00,0.0290,3.68,yes
2026-10-05T04:59:12.707772Z,KXGOLD15M-26OCT050100-00,0.0210,41.00,yes
2026-10-05T04:59:12.707772Z,KXGOLD15M-26OCT050100-00,0.0200,40.00,yes
2026-10-05T04:59:12.707772Z,KXGOLD15M-26OCT050100-00,0.0280,3.00,yes
2026-10-05T04:59:12.707772Z,KXGOLD15M-26OCT050100-00,0.0290,0.98,yes
2026-10-05T04:59:12.707772Z,KXGOLD15M-26OCT050100-00,0.0290,17.86,yes
2026-10-05T04:59:12.737652Z,KXGOLD15M-26OCT050100-00,0.0140,100.00,no
2026-10-05T04:59:12.766045Z,KXGOLD15M-26OCT050100-00,0.0150,40.00,no
2026-10-05T04:59:12.905145Z,KXGOLD15M-26OCT050100-00,0.0140,5.04,no
2026-10-05T04:59:13.004566Z,KXGOLD15M-26OCT050100-00,0.0150,88.76,no
2026-10-05T04:59:13.147055Z,KXGOLD15M-26OCT050100-00,0.0180,8.86,yes
2026-10-05T04:59:13.22141Z,KXGOLD15M-26OCT050100-00,0.0150,0.80,no
2026-10-05T04:59:13.247635Z,KXGOLD15M-26OCT050100-00,0.0150,2.02,no
2026-10-05T04:59:13.447787Z,KXGOLD15M-26OCT050100-00,0.0180,49.25,yes
2026-10-05T04:59:13.451966Z,KXGOLD15M-26OCT050100-00,0.0180,55.16,yes
2026-10-05T04:59:13.786155Z,KXGOLD15M-26OCT050100-00,0.0180,51.98,yes
2026-10-05T04:59:14.177145Z,KXGOLD15M-26OCT050100-00,0.0180,11.47,yes
2026-10-05T04:59:14.235914Z,KXGOLD15M-26OCT050100-00,0.0180,8.19,yes
2026-10-05T04:59:14.665173Z,KXGOLD15M-26OCT050100-00,0.0180,17.00,yes
2026-10-05T04:59:14.820635Z,KXGOLD15M-26OCT050100-00,0.0180,1.78,no
2026-10-05T04:59:14.846365Z,KXGOLD15M-26OCT050100-00,0.0190,5.00,no
2026-10-05T04:59:14.862228Z,KXGOLD15M-26OCT050100-00,0.0190,2.92,no
2026-10-05T04:59:14.945204Z,KXGOLD15M-26OCT050100-00,0.0190,500.00,no
2026-10-05T04:59:15.134045Z,KXGOLD15M-26OCT050100-00,0.0170,25.00,no
2026-10-05T04:59:15.279662Z,KXGOLD15M-26OCT050100-00,0.0140,3.80,no
2026-10-05T04:59:15.430079Z,KXGOLD15M-26OCT050100-00,0.0190,4.92,yes
2026-10-05T04:59:15.46862Z,KXGOLD15M-26OCT050100-00,0.0190,27.08,yes
2026-10-05T04:59:15.46862Z,KXGOLD15M-26OCT050100-00,0.0200,19.71,yes
2026-10-05T04:59:15.690538Z,KXGOLD15M-26OCT050100-00,0.0200,20.50,yes
2026-10-05T04:59:15.690538Z,KXGOLD15M-26OCT050100-00,0.0200,6.00,yes
2026-10-05T04:59:15.690538Z,KXGOLD15M-26OCT050100-00,0.0200,20.29,yes
2026-10-05T04:59:15.850927Z,KXGOLD15M-26OCT050100-00,0.0190,24.62,yes
2026-10-05T04:59:15.936746Z,KXGOLD15M-26OCT050100-00,0.0160,1.13,no
2026-10-05T04:59:16.040285Z,KXGOLD15M-26OCT050100-00,0.0160,1.01,no
2026-10-05T04:59:16.340742Z,KXGOLD15M-26OCT050100-00,0.0160,92.62,no
2026-10-05T04:59:16.354208Z,KXGOLD15M-26OCT050100-00,0.0180,51.98,yes
2026-10-05T04:59:16.70053Z,KXGOLD15M-26OCT050100-00,0.0180,103.96,yes
2026-10-05T04:59:16.913486Z,KXGOLD15M-26OCT050100-00,0.0160,1593.14,no
2026-10-05T04:59:17.047411Z,KXGOLD15M-26OCT050100-00,0.0150,28.00,no
2026-10-05T04:59:17.047411Z,KXGOLD15M-26OCT050100-00,0.0150,19.71,no
2026-10-05T04:59:17.047411Z,KXGOLD15M-26OCT050100-00,0.0150,20.29,no
2026-10-05T04:59:17.047411Z,KXGOLD15M-26OCT050100-00,0.0110,40.74,no
2026-10-05T04:59:17.057987Z,KXGOLD15M-26OCT050100-00,0.0180,1039.64,yes
2026-10-05T04:59:17.070168Z,KXGOLD15M-26OCT050100-00,0.0180,259.91,yes
2026-10-05T04:59:17.094029Z,KXGOLD15M-26OCT050100-00,0.0140,248.70,no
2026-10-05T04:59:17.187129Z,KXGOLD15M-26OCT050100-00,0.0150,4.78,no
2026-10-05T04:59:17.445027Z,KXGOLD15M-26OCT050100-00,0.0150,2000.00,no
2026-10-05T04:59:17.851801Z,KXGOLD15M-26OCT050100-00,0.0150,1559.47,yes
2026-10-05T04:59:18.005156Z,KXGOLD15M-26OCT050100-00,0.0180,82.00,yes
2026-10-05T04:59:18.005156Z,KXGOLD15M-26OCT050100-00,0.0180,100.00,yes
2026-10-05T04:59:18.097049Z,KXGOLD15M-26OCT050100-00,0.0150,9.20,no
2026-10-05T04:59:18.335675Z,KXGOLD15M-26OCT050100-00,0.0190,20.53,no
2026-10-05T04:59:18.558777Z,KXGOLD15M-26OCT050100-00,0.0190,16.08,no
2026-10-05T04:59:18.962713Z,KXGOLD15M-26OCT050100-00,0.0200,6.78,yes
2026-10-05T04:59:18.962713Z,KXGOLD15M-26OCT050100-00,0.0200,20.29,yes
2026-10-05T04:59:18.962713Z,KXGOLD15M-26OCT050100-00,0.0200,19.71,yes
2026-10-05T04:59:18.962713Z,KXGOLD15M-26OCT050100-00,0.0200,0.01,yes
2026-10-05T04:59:19.043035Z,KXGOLD15M-26OCT050100-00,0.0200,17.31,yes
2026-10-05T04:59:19.049866Z,KXGOLD15M-26OCT050100-00,0.0200,46.79,yes
2026-10-05T04:59:19.087986Z,KXGOLD15M-26OCT050100-00,0.0200,46.79,yes
2026-10-05T04:59:19.199635Z,KXGOLD15M-26OCT050100-00,0.0200,0.22,yes
2026-10-05T04:59:19.418253Z,KXGOLD15M-26OCT050100-00,0.0200,4.11,yes
2026-10-05T04:59:19.418253Z,KXGOLD15M-26OCT050100-00,0.0200,42.68,yes
2026-10-05T04:59:19.461524Z,KXGOLD15M-26OCT050100-00,0.0190,392.48,no
2026-10-05T04:59:19.832973Z,KXGOLD15M-26OCT050100-00,0.0200,46.79,yes
2026-10-05T04:59:19.856729Z,KXGOLD15M-26OCT050100-00,0.0170,31.00,no
2026-10-05T04:59:20.097406Z,KXGOLD15M-26OCT050100-00,0.0150,20.29,no
2026-10-05T04:59:20.097406Z,KXGOLD15M-26OCT050100-00,0.0150,19.71,no
2026-10-05T04:59:20.113836Z,KXGOLD15M-26OCT050100-00,0.0130,9.95,no
2026-10-05T04:59:20.162037Z,KXGOLD15M-26OCT050100-00,0.0180,23.39,yes
2026-10-05T04:59:20.334335Z,KXGOLD15M-26OCT050100-00,0.0130,404.62,no
2026-10-05T04:59:20.589392Z,KXGOLD15M-26OCT050100-00,0.0200,20.29,yes
2026-10-05T04:59:20.589392Z,KXGOLD15M-26OCT050100-00,0.0200,1.39,yes
2026-10-05T04:59:20.589392Z,KXGOLD15M-26OCT050100-00,0.0200,19.71,yes
2026-10-05T04:59:20.589392Z,KXGOLD15M-26OCT050100-00,0.0200,40.00,yes
2026-10-05T04:59:20.713754Z,KXGOLD15M-26OCT050100-00,0.0150,1.01,no
2026-10-05T04:59:21.206542Z,KXGOLD15M-26OCT050100-00,0.0150,20.29,no
2026-10-05T04:59:21.206542Z,KXGOLD15M-26OCT050100-00,0.0150,18.70,no
2026-10-05T04:59:21.295263Z,KXGOLD15M-26OCT050100-00,0.0160,40.93,yes
2026-10-05T04:59:21.405962Z,KXGOLD15M-26OCT050100-00,0.0120,8.12,no
2026-10-05T04:59:21.536776Z,KXGOLD15M-26OCT050100-00,0.0160,1.24,yes
2026-10-05T04:59:21.548677Z,KXGOLD15M-26OCT050100-00,0.0160,5.84,yes
2026-10-05T04:59:21.562911Z,KXGOLD15M-26OCT050100-00,0.0110,17.48,no
2026-10-05T04:59:21.593884Z,KXGOLD15M-26OCT050100-00,0.0110,50.54,no
2026-10-05T04:59:21.735771Z,KXGOLD15M-26OCT050100-00,0.0200,18.70,yes
2026-10-05T04:59:21.735771Z,KXGOLD15M-26OCT050100-00,0.0260,25.93,yes
2026-10-05T04:59:21.735771Z,KXGOLD15M-26OCT050100-00,0.0180,41.00,yes
2026-10-05T04:59:21.735771Z,KXGOLD15M-26OCT050100-00,0.0160,102.00,yes
2026-10-05T04:59:21.735771Z,KXGOLD15M-26OCT050100-00,0.0200,20.29,yes
2026-10-05T04:59:21.735771Z,KXGOLD15M-26OCT050100-00,0.0200,1.01,yes
2026-10-05T04:59:21.735771Z,KXGOLD15M-26OCT050100-00,0.0160,13.00,yes
2026-10-05T04:59:21.735771Z,KXGOLD15M-26OCT050100-00,0.0200,0.01,yes
2026-10-05T04:59:21.735771Z,KXGOLD15M-26OCT050100-00,0.0260,6.00,yes
2026-10-05T04:59:21.735771Z,KXGOLD15M-26OCT050100-00,0.0240,8.00,yes
2026-10-05T04:59:22.338308Z,KXGOLD15M-26OCT050100-00,0.0150,20.29,no
2026-10-05T04:59:22.338308Z,KXGOLD15M-26OCT050100-00,0.0150,1.01,no
2026-10-05T04:59:22.338308Z,KXGOLD15M-26OCT050100-00,0.0150,18.70,no
2026-10-05T04:59:22.45146Z,KXGOLD15M-26OCT050100-00,0.0100,65.15,no
2026-10-05T04:59:22.45146Z,KXGOLD15M-26OCT050100-00,0.0110,9.00,no
2026-10-05T04:59:22.45146Z,KXGOLD15M-26OCT050100-00,0.0110,146.00,no
2026-10-05T04:59:22.45146Z,KXGOLD15M-26OCT050100-00,0.0120,28.00,no
2026-10-05T04:59:22.571776Z,KXGOLD15M-26OCT050100-00,0.0110,10.00,no
2026-10-05T04:59:22.594659Z,KXGOLD15M-26OCT050100-00,0.0110,40.00,no
2026-10-05T04:59:22.597168Z,KXGOLD15M-26OCT050100-00,0.0150,62.36,yes
2026-10-05T04:59:22.706039Z,KXGOLD15M-26OCT050100-00,0.0110,44.56,no
2026-10-05T04:59:22.82669Z,KXGOLD15M-26OCT050100-00,0.0140,45.53,yes
2026-10-05T04:59:22.839696Z,KXGOLD15M-26OCT050100-00,0.0110,22.20,no
2026-10-05T04:59:23.687449Z,KXGOLD15M-26OCT050100-00,0.0100,24.74,no
2026-10-05T04:59:24.089235Z,KXGOLD15M-26OCT050100-00,0.0130,215.00,yes
2026-10-05T04:59:24.142021Z,KXGOLD15M-26OCT050100-00,0.0130,35.97,yes
2026-10-05T04:59:24.425297Z,KXGOLD15M-26OCT050100-00,0.0130,3.00,yes
2026-10-05T04:59:24.471823Z,KXGOLD15M-26OCT050100-00,0.0130,71.95,yes
2026-10-05T04:59:24.977909Z,KXGOLD15M-26OCT050100-00,0.0120,4.13,yes
2026-10-05T04:59:25.029794Z,KXGOLD15M-26OCT050100-00,0.0120,77.94,yes
2026-10-05T04:59:25.407001Z,KXGOLD15M-26OCT050100-00,0.0100,9.89,no
2026-10-05T04:59:25.451902Z,KXGOLD15M-26OCT050100-00,0.0100,43.00,no
2026-10-05T04:59:25.471039Z,KXGOLD15M-26OCT050100-00,0.0120,763.84,yes
2026-10-05T04:59:25.549736Z,KXGOLD15M-26OCT050100-00,0.0100,40.37,no
2026-10-05T04:59:25.628254Z,KXGOLD15M-26OCT050100-00,0.0120,152.77,yes
2026-10-05T04:59:25.656992Z,KXGOLD15M-26OCT050100-00,0.0120,47.54,yes
2026-10-05T04:59:25.831303Z,KXGOLD15M-26OCT050100-00,0.0110,133.86,yes
2026-10-05T04:59:26.166377Z,KXGOLD15M-26OCT050100-00,0.0110,389.71,yes
2026-10-05T04:59:26.428179Z,KXGOLD15M-26OCT050100-00,0.0110,5.10,yes
2026-10-05T04:59:26.697616Z,KXGOLD15M-26OCT050100-00,0.0100,37.95,no
2026-10-05T04:59:26.697616Z,KXGOLD15M-26OCT050100-00,0.0100,87.27,no
2026-10-05T04:59:26.857877Z,KXGOLD15M-26OCT050100-00,0.0110,68.95,yes
2026-10-05T04:59:27.050394Z,KXGOLD15M-26OCT050100-00,0.0100,49.58,no
2026-10-05T04:59:27.378776Z,KXGOLD15M-26OCT050100-00,0.0110,177.80,yes
2026-10-05T04:59:27.439185Z,KXGOLD15M-26OCT050100-00,0.0110,0.01,yes
2026-10-05T04:59:27.439185Z,KXGOLD15M-26OCT050100-00,0.0110,85.01,yes
2026-10-05T04:59:27.617866Z,KXGOLD15M-26OCT050100-00,0.0100,382.91,no
2026-10-05T04:59:27.799466Z,KXGOLD15M-26OCT050100-00,0.0100,100.93,no
2026-10-05T04:59:28.104594Z,KXGOLD15M-26OCT050100-00,0.0100,120.17,no
2026-10-05T04:59:28.104594Z,KXGOLD15M-26OCT050100-00,0.0100,1.86,no
2026-10-05T04:59:28.104594Z,KXGOLD15M-26OCT050100-00,0.0100,129.31,no
2026-10-05T04:59:28.104594Z,KXGOLD15M-26OCT050100-00,0.0100,1.00,no
2026-10-05T04:59:28.146293Z,KXGOLD15M-26OCT050100-00,0.0100,10.09,no
2026-10-05T04:59:28.210902Z,KXGOLD15M-26OCT050100-00,0.0110,2.26,yes
2026-10-05T04:59:28.210902Z,KXGOLD15M-26OCT050100-00,0.0110,49.58,yes
2026-10-05T04:59:28.210902Z,KXGOLD15M-26OCT050100-00,0.0110,33.18,yes
2026-10-05T04:59:28.214954Z,KXGOLD15M-26OCT050100-00,0.0100,9.34,no
2026-10-05T04:59:28.271187Z,KXGOLD15M-26OCT050100-00,0.0110,85.02,yes
2026-10-05T04:59:28.657646Z,KXGOLD15M-26OCT050100-00,0.0100,47.03,no
2026-10-05T04:59:28.752857Z,KXGOLD15M-26OCT050100-00,0.0100,750.00,no
2026-10-05T04:59:28.753121Z,KXGOLD15M-26OCT050100-00,0.0100,9.25,no
2026-10-05T04:59:28.753121Z,KXGOLD15M-26OCT050100-00,0.0100,20.94,no
2026-10-05T04:59:28.753121Z,KXGOLD15M-26OCT050100-00,0.0100,1.00,no
2026-10-05T04:59:28.753121Z,KXGOLD15M-26OCT050100-00,0.0100,2.00,no
2026-10-05T04:59:28.753121Z,KXGOLD15M-26OCT050100-00,0.0100,19.32,no
2026-10-05T04:59:28.753121Z,KXGOLD15M-26OCT050100-00,0.0100,200.00,no
2026-10-05T04:59:28.753121Z,KXGOLD15M-26OCT050100-00,0.0100,10.22,no
2026-10-05T04:59:28.753121Z,KXGOLD15M-26OCT050100-00,0.0100,12.00,no
2026-10-05T04:59:28.753121Z,KXGOLD15M-26OCT050100-00,0.0100,14.38,no
2026-10-05T04:59:28.753121Z,KXGOLD15M-26OCT050100-00,0.0100,460.89,no
2026-10-05T04:59:28.753857Z,KXGOLD15M-26OCT050100-00,0.0100,39.36,no
2026-10-05T04:59:28.753857Z,KXGOLD15M-26OCT050100-00,0.0100,4.65,no
2026-10-05T04:59:28.753857Z,KXGOLD15M-26OCT050100-00,0.0100,400.00,no
2026-10-05T04:59:28.753857Z,KXGOLD15M-26OCT050100-00,0.0100,9.01,no
2026-10-05T04:59:28.753857Z,KXGOLD15M-26OCT050100-00,0.0100,6.55,no
2026-10-05T04:59:28.753857Z,KXGOLD15M-26OCT050100-00,0.0100,1.39,no
2026-10-05T04:59:28.753857Z,KXGOLD15M-26OCT050100-00,0.0100,6.90,no
2026-10-05T04:59:28.753857Z,KXGOLD15M-26OCT050100-00,0.0100,13.62,no
2026-10-05T04:59:28.753857Z,KXGOLD15M-26OCT050100-00,0.0100,268.52,no
2026-10-05T04:59:28.753942Z,KXGOLD15M-26OCT050100-00,0.0100,380.64,no
2026-10-05T04:59:28.753942Z,KXGOLD15M-26OCT050100-00,0.0100,16.31,no
2026-10-05T04:59:29.24578Z,KXGOLD15M-26OCT050100-00,0.0070,500.00,no
2026-10-05T04:59:29.24578Z,KXGOLD15M-26OCT050100-00,0.0070,1004.90,no
2026-10-05T04:59:29.24578Z,KXGOLD15M-26OCT050100-00,0.0070,6.00,no
2026-10-05T04:59:29.663993Z,KXGOLD15M-26OCT050100-00,0.0060,8.66,no
2026-10-05T04:59:29.837433Z,KXGOLD15M-26OCT050100-00,0.0060,19.30,no
2026-10-05T04:59:30.140232Z,KXGOLD15M-26OCT050100-00,0.0060,37.05,no
2026-10-05T04:59:30.593179Z,KXGOLD15M-26OCT050100-00,0.0060,60.30,no
2026-10-05T04:59:30.879584Z,KXGOLD15M-26OCT050100-00,0.0070,8.66,yes
2026-10-05T04:59:30.879584Z,KXGOLD15M-26OCT050100-00,0.0070,10.65,yes
2026-10-05T04:59:30.879584Z,KXGOLD15M-26OCT050100-00,0.0070,19.30,yes
2026-10-05T04:59:30.911274Z,KXGOLD15M-26OCT050100-00,0.0070,11.89,yes
2026-10-05T04:59:30.994049Z,KXGOLD15M-26OCT050100-00,0.0070,5.04,yes
2026-10-05T04:59:31.069036Z,KXGOLD15M-26OCT050100-00,0.0070,29.00,yes
2026-10-05T04:59:31.069036Z,KXGOLD15M-26OCT050100-00,0.0070,9.47,yes
2026-10-05T04:59:31.069036Z,KXGOLD15M-26OCT050100-00,0.0070,32.32,yes
2026-10-05T04:59:31.207703Z,KXGOLD15M-26OCT050100-00,0.0110,6.04,yes
2026-10-05T04:59:31.207703Z,KXGOLD15M-26OCT050100-00,0.0100,6.67,yes
2026-10-05T04:59:31.207703Z,KXGOLD15M-26OCT050100-00,0.0080,500.00,yes
2026-10-05T04:59:31.207703Z,KXGOLD15M-26OCT050100-00,0.0070,27.98,yes
2026-10-05T04:59:31.207703Z,KXGOLD15M-26OCT050100-00,0.0100,10.00,yes
2026-10-05T04:59:31.207703Z,KXGOLD15M-26OCT050100-00,0.0070,0.01,yes
2026-10-05T04:59:31.207703Z,KXGOLD15M-26OCT050100-00,0.0100,15.00,yes
2026-10-05T04:59:31.355752Z,KXGOLD15M-26OCT050100-00,0.0060,9.50,no
2026-10-05T04:59:31.424Z,KXGOLD15M-26OCT050100-00,0.0060,18.28,no
2026-10-05T04:59:31.946633Z,KXGOLD15M-26OCT050100-00,0.0110,20.40,yes
2026-10-05T04:59:31.946633Z,KXGOLD15M-26OCT050100-00,0.0090,78.00,yes
2026-10-05T04:59:32.659241Z,KXGOLD15M-26OCT050100-00,0.0060,3.77,no
2026-10-05T04:59:32.667848Z,KXGOLD15M-26OCT050100-00,0.0070,9.50,yes
2026-10-05T04:59:32.667848Z,KXGOLD15M-26OCT050100-00,0.0070,0.89,yes
2026-10-05T04:59:32.739101Z,KXGOLD15M-26OCT050100-00,0.0060,1.00,no
2026-10-05T04:59:32.875023Z,KXGOLD15M-26OCT050100-00,0.0110,356.47,yes
2026-10-05T04:59:32.875023Z,KXGOLD15M-26OCT050100-00,0.0110,100.93,yes
2026-10-05T04:59:32.875023Z,KXGOLD15M-26OCT050100-00,0.0110,119.10,yes
2026-10-05T04:59:32.875023Z,KXGOLD15M-26OCT050100-00,0.0070,17.39,yes
2026-10-05T04:59:32.875023Z,KXGOLD15M-26OCT050100-00,0.0070,3.77,yes
2026-10-05T04:59:32.875023Z,KXGOLD15M-26OCT050100-00,0.0070,26.00,yes
2026-10-05T04:59:33.313034Z,KXGOLD15M-26OCT050100-00,0.0080,0.01,yes
2026-10-05T04:59:33.313034Z,KXGOLD15M-26OCT050100-00,0.0070,1.00,yes
2026-10-05T04:59:33.555614Z,KXGOLD15M-26OCT050100-00,0.0060,10.34,no
2026-10-05T04:59:33.599446Z,KXGOLD15M-26OCT050100-00,0.0080,22.82,yes
2026-10-05T04:59:34.17293Z,KXGOLD15M-26OCT050100-00,0.0060,45.57,no
2026-10-05T04:59:34.868868Z,KXGOLD15M-26OCT050100-00,0.0060,3.13,no
2026-10-05T04:59:35.196839Z,KXGOLD15M-26OCT050100-00,0.0060,97.91,no
2026-10-05T04:59:35.388363Z,KXGOLD15M-26OCT050100-00,0.0060,185.19,no
2026-10-05T04:59:35.388363Z,KXGOLD15M-26OCT050100-00,0.0060,15.93,no
2026-10-05T04:59:35.493326Z,KXGOLD15M-26OCT050100-00,0.0060,22.11,no
2026-10-05T04:59:35.680919Z,KXGOLD15M-26OCT050100-00,0.0070,10.34,yes
2026-10-05T04:59:35.680919Z,KXGOLD15M-26OCT050100-00,0.0070,44.09,yes
2026-10-05T04:59:35.904995Z,KXGOLD15M-26OCT050100-00,0.0060,28.44,no
2026-10-05T04:59:35.920603Z,KXGOLD15M-26OCT050100-00,0.0060,49.43,no
2026-10-05T04:59:35.920603Z,KXGOLD15M-26OCT050100-00,0.0060,121.52,no
2026-10-05T04:59:35.970467Z,KXGOLD15M-26OCT050100-00,0.0070,1.48,yes
2026-10-05T04:59:35.970467Z,KXGOLD15M-26OCT050100-00,0.0070,8.74,yes
2026-10-05T04:59:35.970467Z,KXGOLD15M-26OCT050100-00,0.0070,3.13,yes
2026-10-05T04:59:35.995473Z,KXGOLD15M-26OCT050100-00,0.0060,35.97,no
2026-10-05T04:59:36.294864Z,KXGOLD15M-26OCT050100-00,0.0060,3.00,no
2026-10-05T04:59:36.295257Z,KXGOLD15M-26OCT050100-00,0.0070,41.73,yes
2026-10-05T04:59:36.295257Z,KXGOLD15M-26OCT050100-00,0.0070,89.17,yes
2026-10-05T04:59:36.482376Z,KXGOLD15M-26OCT050100-00,0.0060,4.92,no
2026-10-05T04:59:36.839377Z,KXGOLD15M-26OCT050100-00,0.0060,6.68,no
2026-10-05T04:59:36.839377Z,KXGOLD15M-26OCT050100-00,0.0060,0.94,no
2026-10-05T04:59:36.839377Z,KXGOLD15M-26OCT050100-00,0.0060,15.93,no
2026-10-05T04:59:36.839377Z,KXGOLD15M-26OCT050100-00,0.0060,22.11,no
2026-10-05T04:59:37.260968Z,KXGOLD15M-26OCT050100-00,0.0070,90.89,yes
2026-10-05T04:59:37.260968Z,KXGOLD15M-26OCT050100-00,0.0070,40.00,yes
2026-10-05T04:59:37.260968Z,KXGOLD15M-26OCT050100-00,0.0070,0.01,yes
2026-10-05T04:59:37.410552Z,KXGOLD15M-26OCT050100-00,0.0040,1.00,no
2026-10-05T04:59:37.410552Z,KXGOLD15M-26OCT050100-00,0.0040,1.00,no
2026-10-05T04:59:37.410552Z,KXGOLD15M-26OCT050100-00,0.0040,1.00,no
2026-10-05T04:59:37.410552Z,KXGOLD15M-26OCT050100-00,0.0040,1.00,no
2026-10-05T04:59:37.410552Z,KXGOLD15M-26OCT050100-00,0.0040,1.00,no
2026-10-05T04:59:37.410552Z,KXGOLD15M-26OCT050100-00,0.0040,13.00,no
2026-10-05T04:59:37.410552Z,KXGOLD15M-26OCT050100-00,0.0050,11.00,no
2026-10-05T04:59:37.410552Z,KXGOLD15M-26OCT050100-00,0.0050,750.00,no
2026-10-05T04:59:37.410552Z,KXGOLD15M-26OCT050100-00,0.0040,1000.00,no
2026-10-05T04:59:37.410552Z,KXGOLD15M-26OCT050100-00,0.0050,185.00,no
2026-10-05T04:59:37.410552Z,KXGOLD15M-26OCT050100-00,0.0040,44.35,no
2026-10-05T04:59:37.586936Z,KXGOLD15M-26OCT050100-00,0.0060,117.04,yes
2026-10-05T04:59:37.628125Z,KXGOLD15M-26OCT050100-00,0.0030,5.02,no
2026-10-05T04:59:37.811373Z,KXGOLD15M-26OCT050100-00,0.0030,21.59,no
2026-10-05T04:59:37.957553Z,KXGOLD15M-26OCT050100-00,0.0030,58.08,no
2026-10-05T04:59:38.111616Z,KXGOLD15M-26OCT050100-00,0.0030,9.84,no
2026-10-05T04:59:38.111907Z,KXGOLD15M-26OCT050100-00,0.0030,269.20,no
2026-10-05T04:59:38.138645Z,KXGOLD15M-26OCT050100-00,0.0060,130.89,yes
2026-10-05T04:59:38.466894Z,KXGOLD15M-26OCT050100-00,0.0050,2.02,yes
2026-10-05T04:59:38.468341Z,KXGOLD15M-26OCT050100-00,0.0050,397.60,yes
2026-10-05T04:59:38.663573Z,KXGOLD15M-26OCT050100-00,0.0030,146.00,no
2026-10-05T04:59:38.820149Z,KXGOLD15M-26OCT050100-00,0.0050,1.74,yes
2026-10-05T04:59:40.612888Z,KXGOLD15M-26OCT050100-00,0.0050,71.05,yes
2026-10-05T04:59:40.743434Z,KXGOLD15M-26OCT050100-00,0.0030,1.00,no
2026-10-05T04:59:40.911512Z,KXGOLD15M-26OCT050100-00,0.0030,0.50,no
2026-10-05T04:59:41.195551Z,KXGOLD15M-26OCT050100-00,0.0040,14.36,yes
2026-10-05T04:59:41.196954Z,KXGOLD15M-26OCT050100-00,0.0030,7.29,no
2026-10-05T04:59:41.271503Z,KXGOLD15M-26OCT050100-00,0.0040,186.97,yes
2026-10-05T04:59:41.808897Z,KXGOLD15M-26OCT050100-00,0.0040,2.29,yes
2026-10-05T04:59:42.194253Z,KXGOLD15M-26OCT050100-00,0.0040,1.78,yes
2026-10-05T04:59:42.691777Z,KXGOLD15M-26OCT050100-00,0.0030,200.55,no
2026-10-05T04:59:42.745202Z,KXGOLD15M-26OCT050100-00,0.0040,5.51,yes
2026-10-05T04:59:42.833973Z,KXGOLD15M-26OCT050100-00,0.0040,229.04,yes
2026-10-05T04:59:43.261952Z,KXGOLD15M-26OCT050100-00,0.0040,274.76,yes
2026-10-05T04:59:43.425493Z,KXGOLD15M-26OCT050100-00,0.0030,7.01,no
2026-10-05T04:59:43.560213Z,KXGOLD15M-26OCT050100-00,0.0030,111.99,no
2026-10-05T04:59:44.092797Z,KXGOLD15M-26OCT050100-00,0.0030,12.95,no
2026-10-05T04:59:44.419488Z,KXGOLD15M-26OCT050100-00,0.0070,750.00,yes
2026-10-05T04:59:44.419488Z,KXGOLD15M-26OCT050100-00,0.0070,283.26,yes
2026-10-05T04:59:44.419488Z,KXGOLD15M-26OCT050100-00,0.0070,94.30,yes
2026-10-05T04:59:44.419488Z,KXGOLD15M-26OCT050100-00,0.0060,63.00,yes
2026-10-05T04:59:44.419488Z,KXGOLD15M-26OCT050100-00,0.0040,133.00,yes
2026-10-05T04:59:44.419488Z,KXGOLD15M-26OCT050100-00,0.0040,6564.29,yes
2026-10-05T04:59:44.419488Z,KXGOLD15M-26OCT050100-00,0.0060,100.00,yes
2026-10-05T04:59:44.419488Z,KXGOLD15M-26OCT050100-00,0.0050,0.01,yes
2026-10-05T04:59:44.419488Z,KXGOLD15M-26OCT050100-00,0.0060,10.00,yes
2026-10-05T04:59:44.419488Z,KXGOLD15M-26OCT050100-00,0.0040,200.55,yes
2026-10-05T04:59:44.419488Z,KXGOLD15M-26OCT050100-00,0.0040,7.29,yes
2026-10-05T04:59:44.419488Z,KXGOLD15M-26OCT050100-00,0.0040,1.00,yes
2026-10-05T04:59:44.419488Z,KXGOLD15M-26OCT050100-00,0.0040,0.50,yes
2026-10-05T04:59:44.419488Z,KXGOLD15M-26OCT050100-00,0.0040,111.99,yes
2026-10-05T04:59:44.419488Z,KXGOLD15M-26OCT050100-00,0.0040,7.01,yes
2026-10-05T04:59:45.190189Z,KXGOLD15M-26OCT050100-00,0.0030,4.17,no
2026-10-05T04:59:45.288396Z,KXGOLD15M-26OCT050100-00,0.0030,5.90,no
2026-10-05T04:59:45.516728Z,KXGOLD15M-26OCT050100-00,0.0030,19.70,no
2026-10-05T04:59:45.9013Z,KXGOLD15M-26OCT050100-00,0.0030,23.65,no
2026-10-05T04:59:46.21427Z,KXGOLD15M-26OCT050100-00,0.0040,1.01,yes
2026-10-05T04:59:46.301192Z,KXGOLD15M-26OCT050100-00,0.0030,137.95,no
2026-10-05T04:59:47.284364Z,KXGOLD15M-26OCT050100-00,0.0030,2.00,no
2026-10-05T04:59:47.284364Z,KXGOLD15M-26OCT050100-00,0.0030,2.00,no
2026-10-05T04:59:47.284364Z,KXGOLD15M-26OCT050100-00,0.0030,2.00,no
2026-10-05T04:59:47.284364Z,KXGOLD15M-26OCT050100-00,0.0030,2.00,no
2026-10-05T04:59:47.284364Z,KXGOLD15M-26OCT050100-00,0.0030,2.00,no
2026-10-05T04:59:47.284364Z,KXGOLD15M-26OCT050100-00,0.0030,18.00,no
2026-10-05T04:59:47.284364Z,KXGOLD15M-26OCT050100-00,0.0030,207.61,no
2026-10-05T04:59:47.284364Z,KXGOLD15M-26OCT050100-00,0.0030,101.00,no
2026-10-05T04:59:47.284364Z,KXGOLD15M-26OCT050100-00,0.0030,123.00,no
2026-10-05T04:59:47.612615Z,KXGOLD15M-26OCT050100-00,0.0020,7.50,no
2026-10-05T04:59:47.663368Z,KXGOLD15M-26OCT050100-00,0.0020,15.21,no
2026-10-05T04:59:47.666283Z,KXGOLD15M-26OCT050100-00,0.0020,1.00,no
2026-10-05T04:59:47.857471Z,KXGOLD15M-26OCT050100-00,0.0030,223.57,yes
2026-10-05T04:59:47.878296Z,KXGOLD15M-26OCT050100-00,0.0030,299.12,yes
2026-10-05T04:59:47.960359Z,KXGOLD15M-26OCT050100-00,0.0030,1933.28,yes
2026-10-05T04:59:48.334769Z,KXGOLD15M-26OCT050100-00,0.0040,3.00,yes
2026-10-05T04:59:48.382616Z,KXGOLD15M-26OCT050100-00,0.0020,12.02,no
2026-10-05T04:59:48.616911Z,KXGOLD15M-26OCT050100-00,0.0020,839.45,no
2026-10-05T04:59:48.616911Z,KXGOLD15M-26OCT050100-00,0.0020,1164.27,no
2026-10-05T04:59:49.311191Z,KXGOLD15M-26OCT050100-00,0.0020,3.00,no
2026-10-05T04:59:49.812081Z,KXGOLD15M-26OCT050100-00,0.0030,3.00,yes
2026-10-05T04:59:49.812081Z,KXGOLD15M-26OCT050100-00,0.0040,207.61,yes
2026-10-05T04:59:49.812081Z,KXGOLD15M-26OCT050100-00,0.0030,839.45,yes
2026-10-05T04:59:49.812081Z,KXGOLD15M-26OCT050100-00,0.0050,1200.00,yes
2026-10-05T04:59:49.812081Z,KXGOLD15M-26OCT050100-00,0.0040,8.94,yes
2026-10-05T04:59:49.812081Z,KXGOLD15M-26OCT050100-00,0.0040,5.90,yes
2026-10-05T04:59:49.812081Z,KXGOLD15M-26OCT050100-00,0.0040,4.17,yes
2026-10-05T04:59:49.812081Z,KXGOLD15M-26OCT050100-00,0.0040,19.70,yes
2026-10-05T04:59:49.812081Z,KXGOLD15M-26OCT050100-00,0.0040,23.65,yes
2026-10-05T04:59:49.812081Z,KXGOLD15M-26OCT050100-00,0.0040,137.95,yes
2026-10-05T04:59:49.812081Z,KXGOLD15M-26OCT050100-00,0.0060,79.00,yes
2026-10-05T04:59:49.812081Z,KXGOLD15M-26OCT050100-00,0.0070,79.82,yes
2026-10-05T04:59:50.315101Z,KXGOLD15M-26OCT050100-00,0.0060,48.00,yes
2026-10-05T04:59:50.315101Z,KXGOLD15M-26OCT050100-00,0.0070,18.79,yes
2026-10-05T04:59:50.57304Z,KXGOLD15M-26OCT050100-00,0.0020,85.15,no
2026-10-05T04:59:50.956238Z,KXGOLD15M-26OCT050100-00,0.0020,283.67,no
2026-10-05T04:59:50.958466Z,KXGOLD15M-26OCT050100-00,0.0060,37.65,yes
2026-10-05T04:59:50.958466Z,KXGOLD15M-26OCT050100-00,0.0030,85.15,yes
2026-10-05T04:59:51.00964Z,KXGOLD15M-26OCT050100-00,0.0020,37.49,no
2026-10-05T04:59:51.138054Z,KXGOLD15M-26OCT050100-00,0.0030,194.50,yes
2026-10-05T04:59:51.285259Z,KXGOLD15M-26OCT050100-00,0.0020,3.00,no
2026-10-05T04:59:51.285259Z,KXGOLD15M-26OCT050100-00,0.0020,26.00,no
2026-10-05T04:59:51.285259Z,KXGOLD15M-26OCT050100-00,0.0020,3.00,no
2026-10-05T04:59:51.285259Z,KXGOLD15M-26OCT050100-00,0.0020,3.00,no
2026-10-05T04:59:51.285259Z,KXGOLD15M-26OCT050100-00,0.0020,3.00,no
2026-10-05T04:59:51.285259Z,KXGOLD15M-26OCT050100-00,0.0020,3.00,no
2026-10-05T04:59:51.285259Z,KXGOLD15M-26OCT050100-00,0.0020,1.24,no
2026-10-05T04:59:51.285259Z,KXGOLD15M-26OCT050100-00,0.0020,29.63,no
2026-10-05T04:59:51.285259Z,KXGOLD15M-26OCT050100-00,0.0020,5.00,no
2026-10-05T04:59:51.36595Z,KXGOLD15M-26OCT050100-00,0.0070,103.10,yes
2026-10-05T04:59:51.36595Z,KXGOLD15M-26OCT050100-00,0.0030,1.24,yes
2026-10-05T04:59:51.36595Z,KXGOLD15M-26OCT050100-00,0.0030,89.17,yes
2026-10-05T04:59:51.36595Z,KXGOLD15M-26OCT050100-00,0.0030,37.49,yes
2026-10-05T04:59:51.36595Z,KXGOLD15M-26OCT050100-00,0.0060,100.00,yes
2026-10-05T04:59:51.616757Z,KXGOLD15M-26OCT050100-00,0.0020,2.56,no
2026-10-05T04:59:51.616757Z,KXGOLD15M-26OCT050100-00,0.0020,120.37,no
2026-10-05T04:59:51.875935Z,KXGOLD15M-26OCT050100-00,0.0020,36.26,no
2026-10-05T04:59:52.051758Z,KXGOLD15M-26OCT050100-00,0.0020,159.00,no
2026-10-05T04:59:52.051758Z,KXGOLD15M-26OCT050100-00,0.0020,29.63,no
2026-10-05T04:59:52.051758Z,KXGOLD15M-26OCT050100-00,0.0020,120.37,no
2026-10-05T04:59:52.302037Z,KXGOLD15M-26OCT050100-00,0.0010,250.00,no
2026-10-05T04:59:52.325976Z,KXGOLD15M-26OCT050100-00,0.0020,42.24,yes
2026-10-05T04:59:52.580692Z,KXGOLD15M-26OCT050100-00,0.0010,1.00,no
2026-10-05T04:59:52.610144Z,KXGOLD15M-26OCT050100-00,0.0010,7.14,no
2026-10-05T04:59:52.672341Z,KXGOLD15M-26OCT050100-00,0.0020,0.13,yes
2026-10-05T04:59:52.694346Z,KXGOLD15M-26OCT050100-00,0.0010,7.29,no
2026-10-05T04:59:52.903314Z,KXGOLD15M-26OCT050100-00,0.0020,249.87,yes
2026-10-05T04:59:52.903314Z,KXGOLD15M-26OCT050100-00,0.0020,7.14,yes
2026-10-05T04:59:52.903314Z,KXGOLD15M-26OCT050100-00,0.0020,1.00,yes
2026-10-05T04:59:53.384772Z,KXGOLD15M-26OCT050100-00,0.0020,2.04,yes
2026-10-05T04:59:53.680642Z,KXGOLD15M-26OCT050100-00,0.0020,5.25,yes
2026-10-05T04:59:53.680642Z,KXGOLD15M-26OCT050100-00,0.0060,97.10,yes
2026-10-05T04:59:53.680642Z,KXGOLD15M-26OCT050100-00,0.0050,68.00,yes
2026-10-05T04:59:54.142738Z,KXGOLD15M-26OCT050100-00,0.0010,1.00,no
2026-10-05T04:59:54.142738Z,KXGOLD15M-26OCT050100-00,0.0010,1234.57,no
2026-10-05T04:59:54.142738Z,KXGOLD15M-26OCT050100-00,0.0010,1.00,no
2026-10-05T04:59:54.142738Z,KXGOLD15M-26OCT050100-00,0.0010,765.29,no
2026-10-05T04:59:54.318103Z,KXGOLD15M-26OCT050100-00,0.0020,266.21,yes
2026-10-05T04:59:54.45849Z,KXGOLD15M-26OCT050100-00,0.0010,11.18,no
2026-10-05T04:59:54.605936Z,KXGOLD15M-26OCT050100-00,0.0010,9.13,no
2026-10-05T04:59:55.023615Z,KXGOLD15M-26OCT050100-00,0.0020,210.69,yes
2026-10-05T04:59:55.513234Z,KXGOLD15M-26OCT050100-00,0.0010,35.97,no
2026-10-05T04:59:56.001271Z,KXGOLD15M-26OCT050100-00,0.0010,278.71,no
2026-10-05T04:59:56.034271Z,KXGOLD15M-26OCT050100-00,0.0010,200.00,no
2026-10-05T04:59:56.047455Z,KXGOLD15M-26OCT050100-00,0.0010,200.00,no
2026-10-05T04:59:56.065208Z,KXGOLD15M-26OCT050100-00,0.0010,200.00,no
2026-10-05T04:59:56.157692Z,KXGOLD15M-26OCT050100-00,0.0010,49.12,no
2026-10-05T04:59:56.177898Z,KXGOLD15M-26OCT050100-00,0.0010,200.00,no
2026-10-05T04:59:56.192575Z,KXGOLD15M-26OCT050100-00,0.0010,200.00,no
2026-10-05T04:59:56.283691Z,KXGOLD15M-26OCT050100-00,0.0020,288.10,yes
2026-10-05T04:59:56.283691Z,KXGOLD15M-26OCT050100-00,0.0020,169.91,yes
2026-10-05T04:59:56.301735Z,KXGOLD15M-26OCT050100-00,0.0020,34.42,yes
2026-10-05T04:59:56.304123Z,KXGOLD15M-26OCT050100-00,0.0010,200.00,no
2026-10-05T04:59:56.322458Z,KXGOLD15M-26OCT050100-00,0.0010,164.25,no
2026-10-05T04:59:56.460064Z,KXGOLD15M-26OCT050100-00,0.0010,200.00,no
2026-10-05T04:59:56.479195Z,KXGOLD15M-26OCT050100-00,0.0010,200.00,no
2026-10-05T04:59:56.583448Z,KXGOLD15M-26OCT050100-00,0.0010,3.28,no
2026-10-05T04:59:56.584542Z,KXGOLD15M-26OCT050100-00,0.0010,1.00,no
2026-10-05T04:59:56.601062Z,KXGOLD15M-26OCT050100-00,0.0010,200.00,no
2026-10-05T04:59:56.617541Z,KXGOLD15M-26OCT050100-00,0.0010,200.00,no
2026-10-05T04:59:56.819924Z,KXGOLD15M-26OCT050100-00,0.0020,458.01,yes
2026-10-05T04:59:56.838255Z,KXGOLD15M-26OCT050100-00,0.0010,200.00,no
2026-10-05T04:59:56.853575Z,KXGOLD15M-26OCT050100-00,0.0010,200.00,no
2026-10-05T04:59:56.869269Z,KXGOLD15M-26OCT050100-00,0.0010,200.00,no
2026-10-05T04:59:57.081189Z,KXGOLD15M-26OCT050100-00,0.0010,200.00,no
2026-10-05T04:59:57.096256Z,KXGOLD15M-26OCT050100-00,0.0010,200.00,no
2026-10-05T04:59:57.110478Z,KXGOLD15M-26OCT050100-00,0.0010,200.00,no
2026-10-05T04:59:57.29392Z,KXGOLD15M-26OCT050100-00,0.0010,200.00,no
2026-10-05T04:59:57.298179Z,KXGOLD15M-26OCT050100-00,0.0010,5.00,no
2026-10-05T04:59:57.308636Z,KXGOLD15M-26OCT050100-00,0.0010,200.00,no
2026-10-05T04:59:57.505217Z,KXGOLD15M-26OCT050100-00,0.0010,200.00,no
2026-10-05T04:59:57.520721Z,KXGOLD15M-26OCT050100-00,0.0010,200.00,no
2026-10-05T04:59:57.534916Z,KXGOLD15M-26OCT050100-00,0.0010,200.00,no
2026-10-05T04:59:57.580614Z,KXGOLD15M-26OCT050100-00,0.0010,13.12,no
2026-10-05T04:59:57.669721Z,KXGOLD15M-26OCT050100-00,0.0010,12.46,no
2026-10-05T04:59:57.678479Z,KXGOLD15M-26OCT050100-00,0.0010,200.00,no
2026-10-05T04:59:57.690431Z,KXGOLD15M-26OCT050100-00,0.0010,200.00,no
2026-10-05T04:59:57.791398Z,KXGOLD15M-26OCT050100-00,0.0020,343.78,yes
2026-10-05T04:59:57.791398Z,KXGOLD15M-26OCT050100-00,0.0020,0.01,yes
2026-10-05T04:59:57.791398Z,KXGOLD15M-26OCT050100-00,0.0020,572.23,yes
2026-10-05T04:59:57.808224Z,KXGOLD15M-26OCT050100-00,0.0010,200.00,no
2026-10-05T04:59:57.836875Z,KXGOLD15M-26OCT050100-00,0.0010,2609.19,no
2026-10-05T04:59:58.064586Z,KXGOLD15M-26OCT050100-00,0.0010,22.82,no
2026-10-05T04:59:58.247757Z,KXGOLD15M-26OCT050100-00,0.0020,4.59,yes
2026-10-05T04:59:58.275734Z,KXGOLD15M-26OCT050100-00,0.0010,46.32,no
2026-10-05T04:59:58.37561Z,KXGOLD15M-26OCT050100-00,0.0020,1168.00,yes
2026-10-05T04:59:58.37561Z,KXGOLD15M-26OCT050100-00,0.0020,835.63,yes
2026-10-05T04:59:58.37561Z,KXGOLD15M-26OCT050100-00,0.0020,286.42,yes
2026-10-05T04:59:58.51937Z,KXGOLD15M-26OCT050100-00,0.0020,0.50,yes
2026-10-05T04:59:58.666177Z,KXGOLD15M-26OCT050100-00,0.0010,33.73,no
2026-10-05T04:59:58.818995Z,KXGOLD15M-26OCT050100-00,0.0010,416.00,no
2026-10-05T04:59:59.092657Z,KXGOLD15M-26OCT050100-00,0.0010,200.00,no
2026-10-05T04:59:59.092657Z,KXGOLD15M-26OCT050100-00,0.0010,172.00,no
2026-10-05T04:59:59.092657Z,KXGOLD15M-26OCT050100-00,0.0010,286.00,no
2026-10-05T04:59:59.092657Z,KXGOLD15M-26OCT050100-00,0.0010,840.00,no
2026-10-05T04:59:59.092657Z,KXGOLD15M-26OCT050100-00,0.0010,1168.00,no
2026-10-05T04:59:59.092657Z,KXGOLD15M-26OCT050100-00,0.0010,344.00,no
2026-10-05T04:59:59.092657Z,KXGOLD15M-26OCT050100-00,0.0010,288.00,no
2026-10-05T04:59:59.092657Z,KXGOLD15M-26OCT050100-00,0.0010,211.00,no
2026-10-05T04:59:59.092657Z,KXGOLD15M-26OCT050100-00,0.0010,267.00,no
2026-10-05T04:59:59.092657Z,KXGOLD15M-26OCT050100-00,0.0010,400.00,no
2026-10-05T04:59:59.092657Z,KXGOLD15M-26OCT050100-00,0.0010,723.43,no
2026-10-05T04:59:59.959723Z,KXGOLD15M-26OCT050100-00,0.0010,467.36,yes
2026-10-05T04:58:54.368917Z,KXZEC15M-26OCT050100-00,0.8800,40.00,yes
2026-10-05T04:58:54.368917Z,KXZEC15M-26OCT050100-00,0.8800,1.00,yes
2026-10-05T04:58:54.368917Z,KXZEC15M-26OCT050100-00,0.8800,5.00,yes
2026-10-05T04:58:54.961997Z,KXZEC15M-26OCT050100-00,0.8400,100.00,yes
2026-10-05T04:58:56.837692Z,KXZEC15M-26OCT050100-00,0.8000,58.00,no
2026-10-05T04:58:56.837692Z,KXZEC15M-26OCT050100-00,0.8000,35.00,no
2026-10-05T04:58:56.897998Z,KXZEC15M-26OCT050100-00,0.7900,41.02,no
2026-10-05T04:58:56.898209Z,KXZEC15M-26OCT050100-00,0.7900,14.98,no
2026-10-05T04:58:56.899865Z,KXZEC15M-26OCT050100-00,0.7600,34.00,no
2026-10-05T04:58:56.901756Z,KXZEC15M-26OCT050100-00,0.7700,52.00,no
2026-10-05T04:58:56.901756Z,KXZEC15M-26OCT050100-00,0.7400,48.00,no
2026-10-05T04:58:56.906877Z,KXZEC15M-26OCT050100-00,0.7400,52.00,no
2026-10-05T04:58:58.560192Z,KXZEC15M-26OCT050100-00,0.7000,44.00,no
2026-10-05T04:58:58.560445Z,KXZEC15M-26OCT050100-00,0.6900,43.00,no
2026-10-05T04:58:58.561406Z,KXZEC15M-26OCT050100-00,0.6500,30.00,no
2026-10-05T04:58:58.57378Z,KXZEC15M-26OCT050100-00,0.6000,11.00,no
2026-10-05T04:58:58.58074Z,KXZEC15M-26OCT050100-00,0.6000,12.76,no
2026-10-05T04:58:58.715587Z,KXZEC15M-26OCT050100-00,0.6000,10.00,yes
2026-10-05T04:58:58.80918Z,KXZEC15M-26OCT050100-00,0.6300,19.01,yes
2026-10-05T04:58:58.810427Z,KXZEC15M-26OCT050100-00,0.6400,40.00,yes
2026-10-05T04:58:58.810427Z,KXZEC15M-26OCT050100-00,0.6300,20.99,yes
2026-10-05T04:58:59.344662Z,KXZEC15M-26OCT050100-00,0.7000,27.00,yes
2026-10-05T04:58:59.344895Z,KXZEC15M-26OCT050100-00,0.7000,17.00,yes
2026-10-05T04:59:00.501467Z,KXZEC15M-26OCT050100-00,0.6600,1.00,no
2026-10-05T04:59:00.501467Z,KXZEC15M-26OCT050100-00,0.6600,4.52,no
2026-10-05T04:59:01.761664Z,KXZEC15M-26OCT050100-00,0.8200,5.00,yes
2026-10-05T04:59:02.657641Z,KXZEC15M-26OCT050100-00,0.7800,54.00,no
2026-10-05T04:59:03.213463Z,KXZEC15M-26OCT050100-00,0.7900,9.00,no
2026-10-05T04:59:03.633193Z,KXZEC15M-26OCT050100-00,0.8000,58.00,no
2026-10-05T04:59:03.633193Z,KXZEC15M-26OCT050100-00,0.7900,1.00,no
2026-10-05T04:59:03.633193Z,KXZEC15M-26OCT050100-00,0.7800,54.00,no
2026-10-05T04:59:03.647018Z,KXZEC15M-26OCT050100-00,0.7400,10.00,no
2026-10-05T04:59:03.664918Z,KXZEC15M-26OCT050100-00,0.7300,47.00,no
2026-10-05T04:59:03.668692Z,KXZEC15M-26OCT050100-00,0.7100,1.00,no
2026-10-05T04:59:03.668692Z,KXZEC15M-26OCT050100-00,0.7100,45.00,no
2026-10-05T04:59:03.673441Z,KXZEC15M-26OCT050100-00,0.6800,36.00,no
2026-10-05T04:59:03.674297Z,KXZEC15M-26OCT050100-00,0.6700,12.00,no
2026-10-05T04:59:03.674297Z,KXZEC15M-26OCT050100-00,0.6600,22.00,no
2026-10-05T04:59:03.674297Z,KXZEC15M-26OCT050100-00,0.6800,7.00,no
2026-10-05T04:59:03.674297Z,KXZEC15M-26OCT050100-00,0.6700,1.00,no
2026-10-05T04:59:03.674297Z,KXZEC15M-26OCT050100-00,0.6700,1.00,no
2026-10-05T04:59:03.685468Z,KXZEC15M-26OCT050100-00,0.6800,36.00,no
2026-10-05T04:59:04.089729Z,KXZEC15M-26OCT050100-00,0.7400,1.00,yes
2026-10-05T04:59:05.381694Z,KXZEC15M-26OCT050100-00,0.6100,36.88,no
2026-10-05T04:59:05.466089Z,KXZEC15M-26OCT050100-00,0.7000,6.99,yes
2026-10-05T04:59:05.575119Z,KXZEC15M-26OCT050100-00,0.6400,40.00,no
2026-10-05T04:59:07.423673Z,KXZEC15M-26OCT050100-00,0.5800,38.00,yes
2026-10-05T04:59:07.431289Z,KXZEC15M-26OCT050100-00,0.6000,39.00,yes
2026-10-05T04:59:07.446683Z,KXZEC15M-26OCT050100-00,0.6300,40.00,yes
2026-10-05T04:59:07.448913Z,KXZEC15M-26OCT050100-00,0.6800,28.00,yes
2026-10-05T04:59:07.455846Z,KXZEC15M-26OCT050100-00,0.6700,42.00,yes
2026-10-05T04:59:07.475099Z,KXZEC15M-26OCT050100-00,0.6900,43.00,yes
2026-10-05T04:59:07.475099Z,KXZEC15M-26OCT050100-00,0.6900,17.00,yes
2026-10-05T04:59:07.941873Z,KXZEC15M-26OCT050100-00,0.7500,10.95,no
2026-10-05T04:59:07.946873Z,KXZEC15M-26OCT050100-00,0.7500,39.05,no
2026-10-05T04:59:10.672324Z,KXZEC15M-26OCT050100-00,0.7300,47.00,yes
2026-10-05T04:59:10.672324Z,KXZEC15M-26OCT050100-00,0.7500,11.31,yes
2026-10-05T04:59:10.672467Z,KXZEC15M-26OCT050100-00,0.7500,38.69,yes
2026-10-05T04:59:10.937322Z,KXZEC15M-26OCT050100-00,0.8700,9.85,no
2026-10-05T04:59:11.378334Z,KXZEC15M-26OCT050100-00,0.8700,36.25,no
2026-10-05T04:59:11.668858Z,KXZEC15M-26OCT050100-00,0.8700,7.25,no
2026-10-05T04:59:11.839109Z,KXZEC15M-26OCT050100-00,0.8700,14.50,no
2026-10-05T04:59:11.930518Z,KXZEC15M-26OCT050100-00,0.8700,6.15,no
2026-10-05T04:59:12.034837Z,KXZEC15M-26OCT050100-00,0.8800,85.93,no
2026-10-05T04:59:13.974046Z,KXZEC15M-26OCT050100-00,0.8900,24.00,yes
2026-10-05T04:59:13.974046Z,KXZEC15M-26OCT050100-00,0.9100,413.00,yes
2026-10-05T04:59:13.974046Z,KXZEC15M-26OCT050100-00,0.8900,5.00,yes
2026-10-05T04:59:13.992352Z,KXZEC15M-26OCT050100-00,0.9090,5.00,yes
2026-10-05T04:59:14.700839Z,KXZEC15M-26OCT050100-00,0.9250,5.00,yes
2026-10-05T04:59:14.700839Z,KXZEC15M-26OCT050100-00,0.9290,15.00,yes
2026-10-05T04:59:14.700839Z,KXZEC15M-26OCT050100-00,0.9300,100.00,yes
2026-10-05T04:59:15.137622Z,KXZEC15M-26OCT050100-00,0.9280,10.60,no
2026-10-05T04:59:16.061836Z,KXZEC15M-26OCT050100-00,0.9500,0.01,yes
2026-10-05T04:59:16.061836Z,KXZEC15M-26OCT050100-00,0.9500,3.00,yes
2026-10-05T04:59:16.061836Z,KXZEC15M-26OCT050100-00,0.9400,6.99,yes
2026-10-05T04:59:16.263309Z,KXZEC15M-26OCT050100-00,0.9350,28.00,no
2026-10-05T04:59:16.263309Z,KXZEC15M-26OCT050100-00,0.9360,52.00,no
2026-10-05T04:59:16.263309Z,KXZEC15M-26OCT050100-00,0.9350,37.93,no
2026-10-05T04:59:16.987582Z,KXZEC15M-26OCT050100-00,0.9020,37.00,no
2026-10-05T04:59:16.987582Z,KXZEC15M-26OCT050100-00,0.9110,13.00,no
2026-10-05T04:59:16.987688Z,KXZEC15M-26OCT050100-00,0.8600,12.00,no
2026-10-05T04:59:16.987688Z,KXZEC15M-26OCT050100-00,0.8900,1.00,no
2026-10-05T04:59:17.219209Z,KXZEC15M-26OCT050100-00,0.9460,2.07,yes
2026-10-05T04:59:17.597232Z,KXZEC15M-26OCT050100-00,0.9290,17.65,no
2026-10-05T04:59:18.00907Z,KXZEC15M-26OCT050100-00,0.8900,3.62,no
2026-10-05T04:59:18.010411Z,KXZEC15M-26OCT050100-00,0.9460,1.00,yes
2026-10-05T04:59:20.187984Z,KXZEC15M-26OCT050100-00,0.9210,10.79,yes
2026-10-05T04:59:21.714228Z,KXZEC15M-26OCT050100-00,0.9500,0.99,yes
2026-10-05T04:59:21.714228Z,KXZEC15M-26OCT050100-00,0.9700,12.00,yes
2026-10-05T04:59:21.714228Z,KXZEC15M-26OCT050100-00,0.9690,1.00,yes
2026-10-05T04:59:21.714228Z,KXZEC15M-26OCT050100-00,0.9760,1.00,yes
2026-10-05T04:59:21.714228Z,KXZEC15M-26OCT050100-00,0.9790,61.53,yes
2026-10-05T04:59:21.714228Z,KXZEC15M-26OCT050100-00,0.9400,104.00,yes
2026-10-05T04:59:21.714228Z,KXZEC15M-26OCT050100-00,0.9390,16.00,yes
2026-10-05T04:59:21.714228Z,KXZEC15M-26OCT050100-00,0.9380,104.00,yes
2026-10-05T04:59:21.714228Z,KXZEC15M-26OCT050100-00,0.9780,5.00,yes
2026-10-05T04:59:21.714228Z,KXZEC15M-26OCT050100-00,0.9700,10.00,yes
2026-10-05T04:59:24.413789Z,KXZEC15M-26OCT050100-00,0.9040,33.00,no
2026-10-05T04:59:24.413789Z,KXZEC15M-26OCT050100-00,0.9030,6.00,no
2026-10-05T04:59:24.413876Z,KXZEC15M-26OCT050100-00,0.9030,7.93,no
2026-10-05T04:59:24.413876Z,KXZEC15M-26OCT050100-00,0.9020,34.07,no
2026-10-05T04:59:24.813498Z,KXZEC15M-26OCT050100-00,0.9670,9.00,yes
2026-10-05T04:59:25.754697Z,KXZEC15M-26OCT050100-00,0.9630,2.01,yes
2026-10-05T04:59:25.979395Z,KXZEC15M-26OCT050100-00,0.9660,0.01,yes
2026-10-05T04:59:28.128961Z,KXZEC15M-26OCT050100-00,0.9700,38.00,yes
2026-10-05T04:59:28.129251Z,KXZEC15M-26OCT050100-00,0.9700,66.00,yes
2026-10-05T04:59:29.136654Z,KXZEC15M-26OCT050100-00,0.9440,1.00,no
2026-10-05T04:59:29.136654Z,KXZEC15M-26OCT050100-00,0.9430,45.37,no
2026-10-05T04:59:29.136654Z,KXZEC15M-26OCT050100-00,0.9440,3.00,no
2026-10-05T04:59:30.341443Z,KXZEC15M-26OCT050100-00,0.9790,1.00,yes
2026-10-05T04:59:30.341443Z,KXZEC15M-26OCT050100-00,0.9800,20.00,yes
2026-10-05T04:59:30.341443Z,KXZEC15M-26OCT050100-00,0.9800,11.00,yes
2026-10-05T04:59:30.341443Z,KXZEC15M-26OCT050100-00,0.9790,5.00,yes
2026-10-05T04:59:30.341443Z,KXZEC15M-26OCT050100-00,0.9790,15.00,yes
2026-10-05T04:59:30.341443Z,KXZEC15M-26OCT050100-00,0.9800,11.00,yes
2026-10-05T04:59:31.89303Z,KXZEC15M-26OCT050100-00,0.9810,20.00,yes
2026-10-05T04:59:31.89303Z,KXZEC15M-26OCT050100-00,0.9800,14.00,yes
2026-10-05T04:59:31.893084Z,KXZEC15M-26OCT050100-00,0.9840,20.00,yes
2026-10-05T04:59:31.893084Z,KXZEC15M-26OCT050100-00,0.9830,20.00,yes
2026-10-05T04:59:31.893084Z,KXZEC15M-26OCT050100-00,0.9850,20.00,yes
2026-10-05T04:59:31.893084Z,KXZEC15M-26OCT050100-00,0.9820,20.00,yes
2026-10-05T04:59:31.893084Z,KXZEC15M-26OCT050100-00,0.9860,2.00,yes
2026-10-05T04:59:31.893084Z,KXZEC15M-26OCT050100-00,0.9840,18.00,yes
2026-10-05T04:59:31.89342Z,KXZEC15M-26OCT050100-00,0.9860,18.00,yes
2026-10-05T04:59:31.89342Z,KXZEC15M-26OCT050100-00,0.9880,12.00,yes
2026-10-05T04:59:31.89342Z,KXZEC15M-26OCT050100-00,0.9870,20.00,yes
2026-10-05T04:59:33.088738Z,KXZEC15M-26OCT050100-00,0.9880,8.00,yes
2026-10-05T04:59:33.088738Z,KXZEC15M-26OCT050100-00,0.9880,2.18,yes
2026-10-05T04:59:34.109242Z,KXZEC15M-26OCT050100-00,0.9890,0.01,yes
2026-10-05T04:59:34.24172Z,KXZEC15M-26OCT050100-00,0.9890,5.27,yes
2026-10-05T04:59:34.24172Z,KXZEC15M-26OCT050100-00,0.9890,19.99,yes
2026-10-05T04:59:34.24172Z,KXZEC15M-26OCT050100-00,0.9890,1.00,yes
2026-10-05T04:59:35.082833Z,KXZEC15M-26OCT050100-00,0.9890,45.73,yes
2026-10-05T04:59:35.082833Z,KXZEC15M-26OCT050100-00,0.9890,1.45,yes
2026-10-05T04:59:35.082833Z,KXZEC15M-26OCT050100-00,0.9890,13.82,yes
2026-10-05T04:59:35.439588Z,KXZEC15M-26OCT050100-00,0.9900,6.92,yes
2026-10-05T04:59:35.798769Z,KXZEC15M-26OCT050100-00,0.9900,20.00,yes
2026-10-05T04:59:35.798769Z,KXZEC15M-26OCT050100-00,0.9900,10.08,yes
2026-10-05T04:59:35.798769Z,KXZEC15M-26OCT050100-00,0.9900,19.92,yes
2026-10-05T04:59:36.115361Z,KXZEC15M-26OCT050100-00,0.9890,100.00,no
2026-10-05T04:59:36.948897Z,KXZEC15M-26OCT050100-00,0.9900,5.08,yes
2026-10-05T04:59:36.948897Z,KXZEC15M-26OCT050100-00,0.9900,25.00,yes
2026-10-05T04:59:36.948897Z,KXZEC15M-26OCT050100-00,0.9900,19.92,yes
2026-10-05T04:59:37.03233Z,KXZEC15M-26OCT050100-00,0.9900,11.26,yes
2026-10-05T04:59:37.977473Z,KXZEC15M-26OCT050100-00,0.9910,14.75,yes
2026-10-05T04:59:41.107775Z,KXZEC15M-26OCT050100-00,0.9910,5.00,yes
2026-10-05T04:59:41.130087Z,KXZEC15M-26OCT050100-00,0.9910,0.25,yes
2026-10-05T04:59:41.130087Z,KXZEC15M-26OCT050100-00,0.9920,1.75,yes
2026-10-05T04:59:41.291824Z,KXZEC15M-26OCT050100-00,0.9920,18.25,yes
2026-10-05T04:59:41.291824Z,KXZEC15M-26OCT050100-00,0.9980,186.17,yes
2026-10-05T04:59:41.291824Z,KXZEC15M-26OCT050100-00,0.9980,100.00,yes
2026-10-05T04:59:41.291824Z,KXZEC15M-26OCT050100-00,0.9950,1.00,yes
2026-10-05T04:59:41.291824Z,KXZEC15M-26OCT050100-00,0.9960,20.00,yes
2026-10-05T04:59:41.291824Z,KXZEC15M-26OCT050100-00,0.9970,20.00,yes
2026-10-05T04:59:41.291824Z,KXZEC15M-26OCT050100-00,0.9940,20.00,yes
2026-10-05T04:59:41.291824Z,KXZEC15M-26OCT050100-00,0.9930,20.00,yes
2026-10-05T04:59:41.291824Z,KXZEC15M-26OCT050100-00,0.9950,20.00,yes
2026-10-05T04:59:41.291824Z,KXZEC15M-26OCT050100-00,0.9970,2.00,yes
2026-10-05T04:59:41.291824Z,KXZEC15M-26OCT050100-00,0.9970,2.00,yes
2026-10-05T04:59:41.291824Z,KXZEC15M-26OCT050100-00,0.9960,1.00,yes
2026-10-05T04:59:41.291824Z,KXZEC15M-26OCT050100-00,0.9970,2.00,yes
2026-10-05T04:59:41.291824Z,KXZEC15M-26OCT050100-00,0.9960,1.00,yes
2026-10-05T04:59:41.291824Z,KXZEC15M-26OCT050100-00,0.9960,1.00,yes
2026-10-05T04:59:41.291824Z,KXZEC15M-26OCT050100-00,0.9970,2.00,yes
2026-10-05T04:59:41.291824Z,KXZEC15M-26OCT050100-00,0.9960,1.00,yes
2026-10-05T04:59:41.291824Z,KXZEC15M-26OCT050100-00,0.9960,1.00,yes
2026-10-05T04:59:41.291824Z,KXZEC15M-26OCT050100-00,0.9970,2.00,yes
2026-10-05T04:59:41.291824Z,KXZEC15M-26OCT050100-00,0.9950,11.00,yes
2026-10-05T04:59:41.291824Z,KXZEC15M-26OCT050100-00,0.9970,18.00,yes
2026-10-05T04:59:41.291824Z,KXZEC15M-26OCT050100-00,0.9960,13.00,yes
2026-10-05T04:59:41.291824Z,KXZEC15M-26OCT050100-00,0.9950,14.00,yes
2026-10-05T04:59:41.291824Z,KXZEC15M-26OCT050100-00,0.9970,5.00,yes
2026-10-05T04:59:41.482285Z,KXZEC15M-26OCT050100-00,0.9980,13.83,yes
2026-10-05T04:59:41.482285Z,KXZEC15M-26OCT050100-00,0.9980,20.00,yes
2026-10-05T04:59:41.482285Z,KXZEC15M-26OCT050100-00,0.9980,3.00,yes
2026-10-05T04:59:41.482285Z,KXZEC15M-26OCT050100-00,0.9980,3.00,yes
2026-10-05T04:59:41.482285Z,KXZEC15M-26OCT050100-00,0.9980,3.00,yes
2026-10-05T04:59:41.482285Z,KXZEC15M-26OCT050100-00,0.9980,3.00,yes
2026-10-05T04:59:41.482285Z,KXZEC15M-26OCT050100-00,0.9980,3.00,yes
2026-10-05T04:59:41.482285Z,KXZEC15M-26OCT050100-00,0.9980,26.00,yes
2026-10-05T04:59:41.482285Z,KXZEC15M-26OCT050100-00,0.9980,5.17,yes
2026-10-05T04:59:41.482285Z,KXZEC15M-26OCT050100-00,0.9980,5.00,yes
2026-10-05T04:59:42.781396Z,KXZEC15M-26OCT050100-00,0.9970,20.00,no
2026-10-05T04:59:42.781396Z,KXZEC15M-26OCT050100-00,0.9960,20.00,no
2026-10-05T04:59:42.781396Z,KXZEC15M-26OCT050100-00,0.9960,60.00,no
2026-10-05T04:59:45.657303Z,KXZEC15M-26OCT050100-00,0.9980,5.00,yes
2026-10-05T04:59:46.005351Z,KXZEC15M-26OCT050100-00,0.9990,43.00,yes
2026-10-05T04:59:49.009959Z,KXZEC15M-26OCT050100-00,0.9990,1.00,yes
2026-10-05T04:59:50.012304Z,KXZEC15M-26OCT050100-00,0.9990,1.00,yes
2026-10-05T04:59:50.012304Z,KXZEC15M-26OCT050100-00,0.9990,1.00,yes
2026-10-05T04:59:50.012304Z,KXZEC15M-26OCT050100-00,0.9990,20.00,yes
2026-10-05T04:59:50.012304Z,KXZEC15M-26OCT050100-00,0.9990,1.00,yes
2026-10-05T04:59:50.012304Z,KXZEC15M-26OCT050100-00,0.9990,5.00,yes
2026-10-05T04:59:50.012304Z,KXZEC15M-26OCT050100-00,0.9990,210.00,yes
2026-10-05T04:58:54.076538Z,KXETH15M-26OCT050100-00,0.4500,0.94,no
2026-10-05T04:58:54.128645Z,KXETH15M-26OCT050100-00,0.4700,9.80,yes
2026-10-05T04:58:54.128645Z,KXETH15M-26OCT050100-00,0.4700,10.18,yes
2026-10-05T04:58:54.128645Z,KXETH15M-26OCT050100-00,0.4700,20.00,yes
2026-10-05T04:58:54.27211Z,KXETH15M-26OCT050100-00,0.4800,5.22,yes
2026-10-05T04:58:54.418947Z,KXETH15M-26OCT050100-00,0.4500,88.00,no
2026-10-05T04:58:54.418947Z,KXETH15M-26OCT050100-00,0.4600,8.00,no
2026-10-05T04:58:54.418947Z,KXETH15M-26OCT050100-00,0.4600,4.00,no
2026-10-05T04:58:54.484772Z,KXETH15M-26OCT050100-00,0.4500,7.05,no
2026-10-05T04:58:54.619345Z,KXETH15M-26OCT050100-00,0.4400,10.00,no
2026-10-05T04:58:54.671075Z,KXETH15M-26OCT050100-00,0.4500,2.05,yes
2026-10-05T04:58:54.84835Z,KXETH15M-26OCT050100-00,0.4500,22.95,yes
2026-10-05T04:58:54.867059Z,KXETH15M-26OCT050100-00,0.4500,5.00,no
2026-10-05T04:58:54.868678Z,KXETH15M-26OCT050100-00,0.4600,13.00,yes
2026-10-05T04:58:55.08224Z,KXETH15M-26OCT050100-00,0.4500,0.94,no
2026-10-05T04:58:55.088749Z,KXETH15M-26OCT050100-00,0.4500,12.81,no
2026-10-05T04:58:55.315373Z,KXETH15M-26OCT050100-00,0.4500,0.01,no
2026-10-05T04:58:55.315373Z,KXETH15M-26OCT050100-00,0.4500,8.00,no
2026-10-05T04:58:55.315373Z,KXETH15M-26OCT050100-00,0.4400,61.28,no
2026-10-05T04:58:55.439171Z,KXETH15M-26OCT050100-00,0.4600,23.00,yes
2026-10-05T04:58:55.439171Z,KXETH15M-26OCT050100-00,0.4500,11.00,yes
2026-10-05T04:58:55.439171Z,KXETH15M-26OCT050100-00,0.4600,10.00,yes
2026-10-05T04:58:55.443032Z,KXETH15M-26OCT050100-00,0.4400,10.00,no
2026-10-05T04:58:55.52285Z,KXETH15M-26OCT050100-00,0.4400,27.24,no
2026-10-05T04:58:55.639441Z,KXETH15M-26OCT050100-00,0.4600,9.68,yes
2026-10-05T04:58:55.655065Z,KXETH15M-26OCT050100-00,0.4600,13.00,yes
2026-10-05T04:58:55.746278Z,KXETH15M-26OCT050100-00,0.4700,0.49,yes
2026-10-05T04:58:55.780732Z,KXETH15M-26OCT050100-00,0.4500,20.78,no
2026-10-05T04:58:55.78875Z,KXETH15M-26OCT050100-00,0.4500,8.66,no
2026-10-05T04:58:55.972393Z,KXETH15M-26OCT050100-00,0.4500,4.44,no
2026-10-05T04:58:55.972393Z,KXETH15M-26OCT050100-00,0.4500,0.56,no
2026-10-05T04:58:56.017268Z,KXETH15M-26OCT050100-00,0.4700,16.00,yes
2026-10-05T04:58:56.049088Z,KXETH15M-26OCT050100-00,0.4500,1.23,no
2026-10-05T04:58:56.053483Z,KXETH15M-26OCT050100-00,0.4700,23.91,yes
2026-10-05T04:58:56.062792Z,KXETH15M-26OCT050100-00,0.4700,50.72,yes
2026-10-05T04:58:56.078227Z,KXETH15M-26OCT050100-00,0.4700,34.83,yes
2026-10-05T04:58:56.086007Z,KXETH15M-26OCT050100-00,0.4500,0.94,no
2026-10-05T04:58:56.116608Z,KXETH15M-26OCT050100-00,0.4700,10.25,yes
2026-10-05T04:58:56.298495Z,KXETH15M-26OCT050100-00,0.4500,7.00,no
2026-10-05T04:58:56.298495Z,KXETH15M-26OCT050100-00,0.4400,4.79,no
2026-10-05T04:58:56.298495Z,KXETH15M-26OCT050100-00,0.4500,6.39,no
2026-10-05T04:58:56.314239Z,KXETH15M-26OCT050100-00,0.4600,2.00,no
2026-10-05T04:58:56.364425Z,KXETH15M-26OCT050100-00,0.4100,463.36,no
2026-10-05T04:58:56.364425Z,KXETH15M-26OCT050100-00,0.4200,190.45,no
2026-10-05T04:58:56.364425Z,KXETH15M-26OCT050100-00,0.4300,2.62,no
2026-10-05T04:58:56.364425Z,KXETH15M-26OCT050100-00,0.4300,500.00,no
2026-10-05T04:58:56.364425Z,KXETH15M-26OCT050100-00,0.4400,8.00,no
2026-10-05T04:58:56.364425Z,KXETH15M-26OCT050100-00,0.4400,495.21,no
2026-10-05T04:58:56.631083Z,KXETH15M-26OCT050100-00,0.4600,95.89,yes
2026-10-05T04:58:56.664967Z,KXETH15M-26OCT050100-00,0.4300,1.68,no
2026-10-05T04:58:56.714489Z,KXETH15M-26OCT050100-00,0.4300,3.39,no
2026-10-05T04:58:56.824593Z,KXETH15M-26OCT050100-00,0.4700,2.04,yes
2026-10-05T04:58:56.910325Z,KXETH15M-26OCT050100-00,0.4300,3.79,no
2026-10-05T04:58:56.910325Z,KXETH15M-26OCT050100-00,0.4300,9.93,no
2026-10-05T04:58:56.943382Z,KXETH15M-26OCT050100-00,0.4300,8.00,no
2026-10-05T04:58:56.943382Z,KXETH15M-26OCT050100-00,0.4300,15.00,no
2026-10-05T04:58:56.943382Z,KXETH15M-26OCT050100-00,0.4300,20.21,no
2026-10-05T04:58:56.95251Z,KXETH15M-26OCT050100-00,0.4200,15.00,no
2026-10-05T04:58:56.954783Z,KXETH15M-26OCT050100-00,0.3900,20.00,no
2026-10-05T04:58:56.954783Z,KXETH15M-26OCT050100-00,0.3900,8.00,no
2026-10-05T04:58:56.954783Z,KXETH15M-26OCT050100-00,0.3800,22.72,no
2026-10-05T04:58:56.954783Z,KXETH15M-26OCT050100-00,0.3900,20.00,no
2026-10-05T04:58:56.954878Z,KXETH15M-26OCT050100-00,0.3800,1977.28,no
2026-10-05T04:58:56.954878Z,KXETH15M-26OCT050100-00,0.3800,129.00,no
2026-10-05T04:58:56.955447Z,KXETH15M-26OCT050100-00,0.3600,15.71,no
2026-10-05T04:58:56.955447Z,KXETH15M-26OCT050100-00,0.3600,30.00,no
2026-10-05T04:58:56.970289Z,KXETH15M-26OCT050100-00,0.3000,15.00,no
2026-10-05T04:58:56.971393Z,KXETH15M-26OCT050100-00,0.2900,1.00,no
2026-10-05T04:58:56.972341Z,KXETH15M-26OCT050100-00,0.2800,9.00,no
2026-10-05T04:58:56.972341Z,KXETH15M-26OCT050100-00,0.2800,1.00,no
2026-10-05T04:58:56.972341Z,KXETH15M-26OCT050100-00,0.2800,0.04,no
2026-10-05T04:58:57.019858Z,KXETH15M-26OCT050100-00,0.2900,25.00,yes
2026-10-05T04:58:57.053246Z,KXETH15M-26OCT050100-00,0.3000,25.00,yes
2026-10-05T04:58:57.073741Z,KXETH15M-26OCT050100-00,0.3400,9.90,yes
2026-10-05T04:58:57.100164Z,KXETH15M-26OCT050100-00,0.3300,7.84,no
2026-10-05T04:58:57.393745Z,KXETH15M-26OCT050100-00,0.3300,6.90,no
2026-10-05T04:58:57.859287Z,KXETH15M-26OCT050100-00,0.3300,9.00,no
2026-10-05T04:58:57.859287Z,KXETH15M-26OCT050100-00,0.3300,1.36,no
2026-10-05T04:58:57.886487Z,KXETH15M-26OCT050100-00,0.3400,2.00,yes
2026-10-05T04:58:57.886487Z,KXETH15M-26OCT050100-00,0.3400,21.00,yes
2026-10-05T04:58:57.886487Z,KXETH15M-26OCT050100-00,0.3400,20.00,yes
2026-10-05T04:58:57.886487Z,KXETH15M-26OCT050100-00,0.3400,7.00,yes
2026-10-05T04:58:57.923953Z,KXETH15M-26OCT050100-00,0.3500,206.72,yes
2026-10-05T04:58:57.923953Z,KXETH15M-26OCT050100-00,0.3400,31.00,yes
2026-10-05T04:58:57.923953Z,KXETH15M-26OCT050100-00,0.3400,11.00,yes
2026-10-05T04:58:57.923953Z,KXETH15M-26OCT050100-00,0.3400,20.00,yes
2026-10-05T04:58:57.97506Z,KXETH15M-26OCT050100-00,0.3600,65.78,yes
2026-10-05T04:58:57.97506Z,KXETH15M-26OCT050100-00,0.3500,9.00,yes
2026-10-05T04:58:57.97506Z,KXETH15M-26OCT050100-00,0.3500,20.00,yes
2026-10-05T04:58:58.00445Z,KXETH15M-26OCT050100-00,0.3600,18.95,yes
2026-10-05T04:58:58.072769Z,KXETH15M-26OCT050100-00,0.3300,103.00,no
2026-10-05T04:58:58.072769Z,KXETH15M-26OCT050100-00,0.3200,20.00,no
2026-10-05T04:58:58.072769Z,KXETH15M-26OCT050100-00,0.3300,16.00,no
2026-10-05T04:58:58.072769Z,KXETH15M-26OCT050100-00,0.3500,16.00,no
2026-10-05T04:58:58.072769Z,KXETH15M-26OCT050100-00,0.3300,9.00,no
2026-10-05T04:58:58.072769Z,KXETH15M-26OCT050100-00,0.3300,20.00,no
2026-10-05T04:58:58.072769Z,KXETH15M-26OCT050100-00,0.3400,16.00,no
2026-10-05T04:58:58.072769Z,KXETH15M-26OCT050100-00,0.3100,320.00,no
2026-10-05T04:58:58.072769Z,KXETH15M-26OCT050100-00,0.3200,500.00,no
2026-10-05T04:58:58.072769Z,KXETH15M-26OCT050100-00,0.3300,500.00,no
2026-10-05T04:58:58.115964Z,KXETH15M-26OCT050100-00,0.3400,15.57,no
2026-10-05T04:58:58.144242Z,KXETH15M-26OCT050100-00,0.3400,0.43,no
2026-10-05T04:58:58.144242Z,KXETH15M-26OCT050100-00,0.3400,500.00,no
2026-10-05T04:58:58.144242Z,KXETH15M-26OCT050100-00,0.3400,9.00,no
2026-10-05T04:58:58.144242Z,KXETH15M-26OCT050100-00,0.3400,16.00,no
2026-10-05T04:58:58.144242Z,KXETH15M-26OCT050100-00,0.3300,86.82,no
2026-10-05T04:58:58.149116Z,KXETH15M-26OCT050100-00,0.3300,33.68,no
2026-10-05T04:58:58.1572Z,KXETH15M-26OCT050100-00,0.3500,20.00,yes
2026-10-05T04:58:58.1572Z,KXETH15M-26OCT050100-00,0.3600,7.05,yes
2026-10-05T04:58:58.1572Z,KXETH15M-26OCT050100-00,0.3500,0.64,yes
2026-10-05T04:58:58.223233Z,KXETH15M-26OCT050100-00,0.3300,14.53,no
2026-10-05T04:58:58.223233Z,KXETH15M-26OCT050100-00,0.3400,16.00,no
2026-10-05T04:58:58.223233Z,KXETH15M-26OCT050100-00,0.3400,9.00,no
2026-10-05T04:58:58.321738Z,KXETH15M-26OCT050100-00,0.3500,1.85,yes
2026-10-05T04:58:58.391707Z,KXETH15M-26OCT050100-00,0.3400,1.00,no
2026-10-05T04:58:58.408686Z,KXETH15M-26OCT050100-00,0.3500,7.04,yes
2026-10-05T04:58:58.408686Z,KXETH15M-26OCT050100-00,0.3500,3.00,yes
2026-10-05T04:58:58.437021Z,KXETH15M-26OCT050100-00,0.3200,259.95,no
2026-10-05T04:58:58.437021Z,KXETH15M-26OCT050100-00,0.3300,16.00,no
2026-10-05T04:58:58.437021Z,KXETH15M-26OCT050100-00,0.3300,20.00,no
2026-10-05T04:58:58.437021Z,KXETH15M-26OCT050100-00,0.3300,9.00,no
2026-10-05T04:58:58.437021Z,KXETH15M-26OCT050100-00,0.3400,15.00,no
2026-10-05T04:58:58.437021Z,KXETH15M-26OCT050100-00,0.3300,9.00,no
2026-10-05T04:58:58.518066Z,KXETH15M-26OCT050100-00,0.3400,81.00,no
2026-10-05T04:58:58.518066Z,KXETH15M-26OCT050100-00,0.3400,16.00,no
2026-10-05T04:58:58.538838Z,KXETH15M-26OCT050100-00,0.3300,16.00,no
2026-10-05T04:58:58.624448Z,KXETH15M-26OCT050100-00,0.3200,17.00,no
2026-10-05T04:58:58.629183Z,KXETH15M-26OCT050100-00,0.3200,17.00,no
2026-10-05T04:58:58.630194Z,KXETH15M-26OCT050100-00,0.3200,64.00,no
2026-10-05T04:58:58.630194Z,KXETH15M-26OCT050100-00,0.3100,17.00,no
2026-10-05T04:58:58.642531Z,KXETH15M-26OCT050100-00,0.2900,18.00,no
2026-10-05T04:58:58.643413Z,KXETH15M-26OCT050100-00,0.2700,1.00,no
2026-10-05T04:58:58.644927Z,KXETH15M-26OCT050100-00,0.2600,84.00,no
2026-10-05T04:58:58.644927Z,KXETH15M-26OCT050100-00,0.2600,20.00,no
2026-10-05T04:58:58.644927Z,KXETH15M-26OCT050100-00,0.2600,9.00,no
2026-10-05T04:58:58.644927Z,KXETH15M-26OCT050100-00,0.2600,1.00,no
2026-10-05T04:58:58.644927Z,KXETH15M-26OCT050100-00,0.2600,1.00,no
2026-10-05T04:58:58.694199Z,KXETH15M-26OCT050100-00,0.2600,25.00,yes
2026-10-05T04:58:58.703523Z,KXETH15M-26OCT050100-00,0.2700,25.00,yes
2026-10-05T04:58:58.771541Z,KXETH15M-26OCT050100-00,0.2900,50.00,yes
2026-10-05T04:58:58.771541Z,KXETH15M-26OCT050100-00,0.2800,0.91,yes
2026-10-05T04:58:58.772621Z,KXETH15M-26OCT050100-00,0.3000,19.00,yes
2026-10-05T04:58:58.772621Z,KXETH15M-26OCT050100-00,0.3100,16.00,yes
2026-10-05T04:58:58.776085Z,KXETH15M-26OCT050100-00,0.3200,8.00,yes
2026-10-05T04:58:58.776251Z,KXETH15M-26OCT050100-00,0.3400,48.00,yes
2026-10-05T04:58:58.776684Z,KXETH15M-26OCT050100-00,0.3600,2.00,yes
2026-10-05T04:58:58.776684Z,KXETH15M-26OCT050100-00,0.3500,325.00,yes
2026-10-05T04:58:58.77702Z,KXETH15M-26OCT050100-00,0.2900,10.00,no
2026-10-05T04:58:58.77726Z,KXETH15M-26OCT050100-00,0.3100,10.00,yes
2026-10-05T04:58:58.787704Z,KXETH15M-26OCT050100-00,0.3400,9.00,yes
2026-10-05T04:58:58.787704Z,KXETH15M-26OCT050100-00,0.3600,15.00,yes
2026-10-05T04:58:58.787704Z,KXETH15M-26OCT050100-00,0.3300,10.00,yes
2026-10-05T04:58:58.793222Z,KXETH15M-26OCT050100-00,0.3400,25.00,yes
2026-10-05T04:58:58.818853Z,KXETH15M-26OCT050100-00,0.4200,2.00,no
2026-10-05T04:58:58.818853Z,KXETH15M-26OCT050100-00,0.4200,8.00,no
2026-10-05T04:58:58.821895Z,KXETH15M-26OCT050100-00,0.4200,10.00,no
2026-10-05T04:58:58.830799Z,KXETH15M-26OCT050100-00,0.4100,8.00,no
2026-10-05T04:58:58.830799Z,KXETH15M-26OCT050100-00,0.4000,2.00,no
2026-10-05T04:58:58.838128Z,KXETH15M-26OCT050100-00,0.4000,7.00,no
2026-10-05T04:58:58.874923Z,KXETH15M-26OCT050100-00,0.3900,9.00,yes
2026-10-05T04:58:58.874923Z,KXETH15M-26OCT050100-00,0.3900,20.00,yes
2026-10-05T04:58:58.94018Z,KXETH15M-26OCT050100-00,0.3800,8.50,yes
2026-10-05T04:58:58.943618Z,KXETH15M-26OCT050100-00,0.3500,5.57,no
2026-10-05T04:58:58.971106Z,KXETH15M-26OCT050100-00,0.3500,62.80,no
2026-10-05T04:58:58.996101Z,KXETH15M-26OCT050100-00,0.3500,69.58,no
2026-10-05T04:58:59.107202Z,KXETH15M-26OCT050100-00,0.3400,0.79,no
2026-10-05T04:58:59.164353Z,KXETH15M-26OCT050100-00,0.3500,16.00,no
2026-10-05T04:58:59.164353Z,KXETH15M-26OCT050100-00,0.3400,13.52,no
2026-10-05T04:58:59.197621Z,KXETH15M-26OCT050100-00,0.3600,63.13,no
2026-10-05T04:58:59.203422Z,KXETH15M-26OCT050100-00,0.3700,32.35,no
2026-10-05T04:58:59.213473Z,KXETH15M-26OCT050100-00,0.3800,30.10,no
2026-10-05T04:58:59.276554Z,KXETH15M-26OCT050100-00,0.3900,8.00,no
2026-10-05T04:58:59.276554Z,KXETH15M-26OCT050100-00,0.3900,20.00,no
2026-10-05T04:58:59.276554Z,KXETH15M-26OCT050100-00,0.3800,39.00,no
2026-10-05T04:58:59.321685Z,KXETH15M-26OCT050100-00,0.3800,32.14,no
2026-10-05T04:58:59.335206Z,KXETH15M-26OCT050100-00,0.3800,6.17,no
2026-10-05T04:58:59.338022Z,KXETH15M-26OCT050100-00,0.3800,12.77,no
2026-10-05T04:58:59.350487Z,KXETH15M-26OCT050100-00,0.4000,10.00,yes
2026-10-05T04:58:59.350758Z,KXETH15M-26OCT050100-00,0.4000,31.00,yes
2026-10-05T04:58:59.359183Z,KXETH15M-26OCT050100-00,0.4200,10.00,yes
2026-10-05T04:58:59.359741Z,KXETH15M-26OCT050100-00,0.4400,50.00,yes
2026-10-05T04:58:59.360983Z,KXETH15M-26OCT050100-00,0.4600,2.34,yes
2026-10-05T04:58:59.360983Z,KXETH15M-26OCT050100-00,0.4100,0.66,yes
2026-10-05T04:58:59.360983Z,KXETH15M-26OCT050100-00,0.4400,89.00,yes
2026-10-05T04:58:59.432645Z,KXETH15M-26OCT050100-00,0.4400,17.00,no
2026-10-05T04:58:59.432645Z,KXETH15M-26OCT050100-00,0.4500,8.00,no
2026-10-05T04:58:59.439477Z,KXETH15M-26OCT050100-00,0.4400,1.83,no
2026-10-05T04:58:59.48843Z,KXETH15M-26OCT050100-00,0.4400,1.00,no
2026-10-05T04:58:59.494295Z,KXETH15M-26OCT050100-00,0.4400,15.00,no
2026-10-05T04:58:59.503103Z,KXETH15M-26OCT050100-00,0.4400,10.00,no
2026-10-05T04:58:59.544397Z,KXETH15M-26OCT050100-00,0.4400,1.00,no
2026-10-05T04:58:59.546589Z,KXETH15M-26OCT050100-00,0.4400,7.00,no
2026-10-05T04:58:59.680904Z,KXETH15M-26OCT050100-00,0.4400,5.00,no
2026-10-05T04:58:59.748722Z,KXETH15M-26OCT050100-00,0.4200,37.42,no
2026-10-05T04:58:59.780824Z,KXETH15M-26OCT050100-00,0.4200,15.00,no
2026-10-05T04:58:59.792305Z,KXETH15M-26OCT050100-00,0.4300,15.00,no
2026-10-05T04:58:59.814317Z,KXETH15M-26OCT050100-00,0.4300,27.00,no
2026-10-05T04:58:59.814317Z,KXETH15M-26OCT050100-00,0.4200,97.74,no
2026-10-05T04:58:59.893542Z,KXETH15M-26OCT050100-00,0.4400,0.95,yes
2026-10-05T04:58:59.907177Z,KXETH15M-26OCT050100-00,0.4200,28.00,no
2026-10-05T04:58:59.923456Z,KXETH15M-26OCT050100-00,0.4300,1.00,yes
2026-10-05T04:58:59.928964Z,KXETH15M-26OCT050100-00,0.4300,20.10,yes
2026-10-05T04:58:59.953774Z,KXETH15M-26OCT050100-00,0.4200,8.33,no
2026-10-05T04:58:59.970614Z,KXETH15M-26OCT050100-00,0.4200,167.61,no
2026-10-05T04:58:59.974504Z,KXETH15M-26OCT050100-00,0.4200,32.27,no
2026-10-05T04:58:59.987828Z,KXETH15M-26OCT050100-00,0.4200,73.00,no
2026-10-05T04:59:00.103477Z,KXETH15M-26OCT050100-00,0.4000,14.00,no
2026-10-05T04:59:00.139216Z,KXETH15M-26OCT050100-00,0.4100,0.80,no
2026-10-05T04:59:00.139597Z,KXETH15M-26OCT050100-00,0.4100,0.88,no
2026-10-05T04:59:00.144222Z,KXETH15M-26OCT050100-00,0.4100,39.00,no
2026-10-05T04:59:00.263507Z,KXETH15M-26OCT050100-00,0.4200,1.00,no
2026-10-05T04:59:00.355567Z,KXETH15M-26OCT050100-00,0.4300,1.00,no
2026-10-05T04:59:00.364199Z,KXETH15M-26OCT050100-00,0.4600,9.00,yes
2026-10-05T04:59:00.364199Z,KXETH15M-26OCT050100-00,0.4600,49.00,yes
2026-10-05T04:59:00.429347Z,KXETH15M-26OCT050100-00,0.4700,1.00,no
2026-10-05T04:59:00.459093Z,KXETH15M-26OCT050100-00,0.4900,10.00,yes
2026-10-05T04:59:00.459093Z,KXETH15M-26OCT050100-00,0.4800,1.00,yes
2026-10-05T04:59:00.523896Z,KXETH15M-26OCT050100-00,0.5000,16.47,no
2026-10-05T04:59:00.573071Z,KXETH15M-26OCT050100-00,0.5000,56.78,no
2026-10-05T04:59:00.593793Z,KXETH15M-26OCT050100-00,0.5000,18.33,no
2026-10-05T04:59:00.614211Z,KXETH15M-26OCT050100-00,0.5000,14.82,no
2026-10-05T04:59:00.660645Z,KXETH15M-26OCT050100-00,0.4900,500.00,no
2026-10-05T04:59:00.660645Z,KXETH15M-26OCT050100-00,0.5000,9.00,no
2026-10-05T04:59:00.660645Z,KXETH15M-26OCT050100-00,0.5000,25.00,no
2026-10-05T04:59:00.660645Z,KXETH15M-26OCT050100-00,0.4800,1.00,no
2026-10-05T04:59:00.660645Z,KXETH15M-26OCT050100-00,0.5000,393.60,no
2026-10-05T04:59:00.660645Z,KXETH15M-26OCT050100-00,0.4800,500.00,no
2026-10-05T04:59:00.660645Z,KXETH15M-26OCT050100-00,0.4900,20.00,no
2026-10-05T04:59:00.683759Z,KXETH15M-26OCT050100-00,0.5000,5.10,no
2026-10-05T04:59:00.69835Z,KXETH15M-26OCT050100-00,0.5000,1.00,no
2026-10-05T04:59:00.755146Z,KXETH15M-26OCT050100-00,0.5000,1.00,no
2026-10-05T04:59:00.817906Z,KXETH15M-26OCT050100-00,0.5000,1.00,no
2026-10-05T04:59:00.821214Z,KXETH15M-26OCT050100-00,0.5000,55.00,no
2026-10-05T04:59:00.838822Z,KXETH15M-26OCT050100-00,0.5000,4.10,no
2026-10-05T04:59:00.838822Z,KXETH15M-26OCT050100-00,0.5000,436.90,no
2026-10-05T04:59:00.855094Z,KXETH15M-26OCT050100-00,0.5000,4.90,no
2026-10-05T04:59:00.855094Z,KXETH15M-26OCT050100-00,0.5000,9.10,no
2026-10-05T04:59:00.855094Z,KXETH15M-26OCT050100-00,0.5000,1.00,no
2026-10-05T04:59:00.859756Z,KXETH15M-26OCT050100-00,0.5000,8.51,no
2026-10-05T04:59:00.897998Z,KXETH15M-26OCT050100-00,0.5000,1.00,no
2026-10-05T04:59:00.932523Z,KXETH15M-26OCT050100-00,0.5000,19.13,no
2026-10-05T04:59:00.944622Z,KXETH15M-26OCT050100-00,0.5000,8.51,no
2026-10-05T04:59:00.982205Z,KXETH15M-26OCT050100-00,0.5000,4.10,no
2026-10-05T04:59:00.982205Z,KXETH15M-26OCT050100-00,0.5000,1.90,no
2026-10-05T04:59:00.999714Z,KXETH15M-26OCT050100-00,0.4900,6.00,no
2026-10-05T04:59:01.045557Z,KXETH15M-26OCT050100-00,0.4900,9.00,no
2026-10-05T04:59:01.045557Z,KXETH15M-26OCT050100-00,0.4700,48.16,no
2026-10-05T04:59:01.141433Z,KXETH15M-26OCT050100-00,0.5000,0.94,no
2026-10-05T04:59:01.200231Z,KXETH15M-26OCT050100-00,0.5200,200.00,yes
2026-10-05T04:59:01.200231Z,KXETH15M-26OCT050100-00,0.5200,20.00,yes
2026-10-05T04:59:01.201974Z,KXETH15M-26OCT050100-00,0.5300,89.00,yes
2026-10-05T04:59:01.201974Z,KXETH15M-26OCT050100-00,0.5300,9.00,yes
2026-10-05T04:59:01.201974Z,KXETH15M-26OCT050100-00,0.5300,2.00,yes
2026-10-05T04:59:01.201974Z,KXETH15M-26OCT050100-00,0.5300,20.00,yes
2026-10-05T04:59:01.204749Z,KXETH15M-26OCT050100-00,0.5600,8.00,yes
2026-10-05T04:59:01.207029Z,KXETH15M-26OCT050100-00,0.5700,44.00,yes
2026-10-05T04:59:01.208097Z,KXETH15M-26OCT050100-00,0.5600,20.00,yes
2026-10-05T04:59:01.22837Z,KXETH15M-26OCT050100-00,0.6000,500.00,no
2026-10-05T04:59:01.250642Z,KXETH15M-26OCT050100-00,0.6000,1.00,yes
2026-10-05T04:59:01.273541Z,KXETH15M-26OCT050100-00,0.5900,25.00,no
2026-10-05T04:59:01.273541Z,KXETH15M-26OCT050100-00,0.5900,25.00,no
2026-10-05T04:59:01.337551Z,KXETH15M-26OCT050100-00,0.5300,1.00,no
2026-10-05T04:59:01.367498Z,KXETH15M-26OCT050100-00,0.5300,5.00,no
2026-10-05T04:59:01.413569Z,KXETH15M-26OCT050100-00,0.5400,9.66,no
2026-10-05T04:59:01.439939Z,KXETH15M-26OCT050100-00,0.5400,19.32,no
2026-10-05T04:59:01.502532Z,KXETH15M-26OCT050100-00,0.5400,0.01,no
2026-10-05T04:59:01.523508Z,KXETH15M-26OCT050100-00,0.5400,5.79,no
2026-10-05T04:59:01.557951Z,KXETH15M-26OCT050100-00,0.5400,7.22,no
2026-10-05T04:59:01.557951Z,KXETH15M-26OCT050100-00,0.5200,2.44,no
2026-10-05T04:59:01.560904Z,KXETH15M-26OCT050100-00,0.5500,12.77,yes
2026-10-05T04:59:01.611181Z,KXETH15M-26OCT050100-00,0.5100,211.00,no
2026-10-05T04:59:01.611181Z,KXETH15M-26OCT050100-00,0.5100,39.00,no
2026-10-05T04:59:01.709044Z,KXETH15M-26OCT050100-00,0.5400,1.45,yes
2026-10-05T04:59:01.910046Z,KXETH15M-26OCT050100-00,0.5200,35.00,no
2026-10-05T04:59:01.910046Z,KXETH15M-26OCT050100-00,0.5200,1.00,no
2026-10-05T04:59:01.946494Z,KXETH15M-26OCT050100-00,0.4800,14.99,no
2026-10-05T04:59:01.946494Z,KXETH15M-26OCT050100-00,0.4900,14.00,no
2026-10-05T04:59:01.946494Z,KXETH15M-26OCT050100-00,0.4900,8.01,no
2026-10-05T04:59:01.946494Z,KXETH15M-26OCT050100-00,0.4900,13.00,no
2026-10-05T04:59:01.951311Z,KXETH15M-26OCT050100-00,0.4800,91.64,no
2026-10-05T04:59:01.956015Z,KXETH15M-26OCT050100-00,0.5000,3.07,yes
2026-10-05T04:59:01.957634Z,KXETH15M-26OCT050100-00,0.4700,137.00,no
2026-10-05T04:59:02.076459Z,KXETH15M-26OCT050100-00,0.4900,1.00,yes
2026-10-05T04:59:02.076459Z,KXETH15M-26OCT050100-00,0.4900,0.05,yes
2026-10-05T04:59:02.147094Z,KXETH15M-26OCT050100-00,0.4900,0.96,yes
2026-10-05T04:59:02.218811Z,KXETH15M-26OCT050100-00,0.4800,9.00,no
2026-10-05T04:59:02.218811Z,KXETH15M-26OCT050100-00,0.4800,9.16,no
2026-10-05T04:59:02.289819Z,KXETH15M-26OCT050100-00,0.5000,7.13,no
2026-10-05T04:59:02.330015Z,KXETH15M-26OCT050100-00,0.5000,79.63,no
2026-10-05T04:59:02.518194Z,KXETH15M-26OCT050100-00,0.4800,1.86,no
2026-10-05T04:59:02.620057Z,KXETH15M-26OCT050100-00,0.4800,5.03,no
2026-10-05T04:59:02.703489Z,KXETH15M-26OCT050100-00,0.4800,1.00,no
2026-10-05T04:59:02.703489Z,KXETH15M-26OCT050100-00,0.4800,15.00,no
2026-10-05T04:59:02.703489Z,KXETH15M-26OCT050100-00,0.4800,9.00,no
2026-10-05T04:59:02.703489Z,KXETH15M-26OCT050100-00,0.4800,20.00,no
2026-10-05T04:59:02.706757Z,KXETH15M-26OCT050100-00,0.4700,50.00,no
2026-10-05T04:59:02.706757Z,KXETH15M-26OCT050100-00,0.4700,15.00,no
2026-10-05T04:59:02.707001Z,KXETH15M-26OCT050100-00,0.4600,13.89,no
2026-10-05T04:59:02.707357Z,KXETH15M-26OCT050100-00,0.4100,2.43,no
2026-10-05T04:59:02.707357Z,KXETH15M-26OCT050100-00,0.4500,135.00,no
2026-10-05T04:59:02.711022Z,KXETH15M-26OCT050100-00,0.4500,8.00,no
2026-10-05T04:59:02.711022Z,KXETH15M-26OCT050100-00,0.4200,20.00,no
2026-10-05T04:59:02.711022Z,KXETH15M-26OCT050100-00,0.4300,8.00,no
2026-10-05T04:59:02.72349Z,KXETH15M-26OCT050100-00,0.3300,9.00,no
2026-10-05T04:59:02.730755Z,KXETH15M-26OCT050100-00,0.3300,251.00,no
2026-10-05T04:59:02.844035Z,KXETH15M-26OCT050100-00,0.3400,25.00,yes
2026-10-05T04:59:02.844035Z,KXETH15M-26OCT050100-00,0.3500,59.00,yes
2026-10-05T04:59:02.949274Z,KXETH15M-26OCT050100-00,0.3600,62.00,yes
2026-10-05T04:59:02.949274Z,KXETH15M-26OCT050100-00,0.3700,20.00,yes
2026-10-05T04:59:02.949274Z,KXETH15M-26OCT050100-00,0.3600,25.00,yes
2026-10-05T04:59:02.949274Z,KXETH15M-26OCT050100-00,0.3700,7.40,yes
2026-10-05T04:59:03.090905Z,KXETH15M-26OCT050100-00,0.3700,10.23,yes
2026-10-05T04:59:03.237196Z,KXETH15M-26OCT050100-00,0.3700,34.72,yes
2026-10-05T04:59:03.239123Z,KXETH15M-26OCT050100-00,0.3600,0.74,no
2026-10-05T04:59:03.253828Z,KXETH15M-26OCT050100-00,0.3600,0.01,no
2026-10-05T04:59:03.360218Z,KXETH15M-26OCT050100-00,0.3700,45.05,yes
2026-10-05T04:59:03.360218Z,KXETH15M-26OCT050100-00,0.3900,20.00,yes
2026-10-05T04:59:03.360218Z,KXETH15M-26OCT050100-00,0.3900,9.00,yes
2026-10-05T04:59:03.360218Z,KXETH15M-26OCT050100-00,0.3700,6.93,yes
2026-10-05T04:59:03.360218Z,KXETH15M-26OCT050100-00,0.3900,91.02,yes
2026-10-05T04:59:03.503624Z,KXETH15M-26OCT050100-00,0.3700,16.00,no
2026-10-05T04:59:03.503624Z,KXETH15M-26OCT050100-00,0.3600,2.00,no
2026-10-05T04:59:03.51475Z,KXETH15M-26OCT050100-00,0.3800,9.00,yes
2026-10-05T04:59:03.51475Z,KXETH15M-26OCT050100-00,0.3800,1.96,yes
2026-10-05T04:59:03.615408Z,KXETH15M-26OCT050100-00,0.3600,0.01,no
2026-10-05T04:59:03.623131Z,KXETH15M-26OCT050100-00,0.3700,12.94,yes
2026-10-05T04:59:03.649033Z,KXETH15M-26OCT050100-00,0.3600,3.00,no
2026-10-05T04:59:03.665389Z,KXETH15M-26OCT050100-00,0.3600,10.24,no
2026-10-05T04:59:03.665389Z,KXETH15M-26OCT050100-00,0.3500,16.00,no
2026-10-05T04:59:03.665389Z,KXETH15M-26OCT050100-00,0.3600,2.77,no
2026-10-05T04:59:03.666857Z,KXETH15M-26OCT050100-00,0.3700,3.28,yes
2026-10-05T04:59:03.666857Z,KXETH15M-26OCT050100-00,0.3700,20.00,yes
2026-10-05T04:59:03.666857Z,KXETH15M-26OCT050100-00,0.3700,43.06,yes
2026-10-05T04:59:03.832629Z,KXETH15M-26OCT050100-00,0.2900,0.91,yes
2026-10-05T04:59:03.832629Z,KXETH15M-26OCT050100-00,0.2900,40.00,yes
2026-10-05T04:59:03.832629Z,KXETH15M-26OCT050100-00,0.2900,25.00,yes
2026-10-05T04:59:03.832629Z,KXETH15M-26OCT050100-00,0.3000,25.00,yes
2026-10-05T04:59:03.833954Z,KXETH15M-26OCT050100-00,0.3200,8.00,yes
2026-10-05T04:59:03.833954Z,KXETH15M-26OCT050100-00,0.3200,20.00,yes
2026-10-05T04:59:03.833954Z,KXETH15M-26OCT050100-00,0.3200,7.00,yes
2026-10-05T04:59:03.844403Z,KXETH15M-26OCT050100-00,0.3200,20.00,yes
2026-10-05T04:59:03.844403Z,KXETH15M-26OCT050100-00,0.3200,70.00,yes
2026-10-05T04:59:03.844403Z,KXETH15M-26OCT050100-00,0.3200,6.00,yes
2026-10-05T04:59:03.844403Z,KXETH15M-26OCT050100-00,0.3300,1.90,yes
2026-10-05T04:59:04.124384Z,KXETH15M-26OCT050100-00,0.3200,0.36,yes
2026-10-05T04:59:04.172167Z,KXETH15M-26OCT050100-00,0.3100,0.01,no
2026-10-05T04:59:04.188369Z,KXETH15M-26OCT050100-00,0.3200,2.58,yes
2026-10-05T04:59:04.232315Z,KXETH15M-26OCT050100-00,0.3200,3.06,yes
2026-10-05T04:59:04.232315Z,KXETH15M-26OCT050100-00,0.3200,5.94,yes
2026-10-05T04:59:04.276729Z,KXETH15M-26OCT050100-00,0.3100,2.00,no
2026-10-05T04:59:04.314233Z,KXETH15M-26OCT050100-00,0.3200,5.94,yes
2026-10-05T04:59:04.314233Z,KXETH15M-26OCT050100-00,0.3200,6.00,yes
2026-10-05T04:59:04.314233Z,KXETH15M-26OCT050100-00,0.3200,20.00,yes
2026-10-05T04:59:04.314233Z,KXETH15M-26OCT050100-00,0.3300,56.00,yes
2026-10-05T04:59:04.314233Z,KXETH15M-26OCT050100-00,0.3200,2.06,yes
2026-10-05T04:59:04.325362Z,KXETH15M-26OCT050100-00,0.3200,17.00,no
2026-10-05T04:59:04.325362Z,KXETH15M-26OCT050100-00,0.3100,18.00,no
2026-10-05T04:59:04.325362Z,KXETH15M-26OCT050100-00,0.3100,9.00,no
2026-10-05T04:59:04.325362Z,KXETH15M-26OCT050100-00,0.3100,19.99,no
2026-10-05T04:59:04.326169Z,KXETH15M-26OCT050100-00,0.2900,15.00,no
2026-10-05T04:59:04.326169Z,KXETH15M-26OCT050100-00,0.3000,1.00,no
2026-10-05T04:59:04.326169Z,KXETH15M-26OCT050100-00,0.2900,33.00,no
2026-10-05T04:59:04.326169Z,KXETH15M-26OCT050100-00,0.2800,87.00,no
2026-10-05T04:59:04.326169Z,KXETH15M-26OCT050100-00,0.3000,20.00,no
2026-10-05T04:59:04.326169Z,KXETH15M-26OCT050100-00,0.3000,9.00,no
2026-10-05T04:59:04.326169Z,KXETH15M-26OCT050100-00,0.2800,9.00,no
2026-10-05T04:59:04.326169Z,KXETH15M-26OCT050100-00,0.2900,9.00,no
2026-10-05T04:59:04.326169Z,KXETH15M-26OCT050100-00,0.2800,9.00,no
2026-10-05T04:59:04.329125Z,KXETH15M-26OCT050100-00,0.3300,2.92,yes
2026-10-05T04:59:04.437195Z,KXETH15M-26OCT050100-00,0.2600,88.00,no
2026-10-05T04:59:04.442011Z,KXETH15M-26OCT050100-00,0.2600,252.16,no
2026-10-05T04:59:04.459806Z,KXETH15M-26OCT050100-00,0.2900,2.96,yes
2026-10-05T04:59:04.532677Z,KXETH15M-26OCT050100-00,0.3000,0.01,no
2026-10-05T04:59:04.545382Z,KXETH15M-26OCT050100-00,0.3100,50.00,yes
2026-10-05T04:59:04.641445Z,KXETH15M-26OCT050100-00,0.3100,9.47,yes
2026-10-05T04:59:04.671619Z,KXETH15M-26OCT050100-00,0.2900,5.00,no
2026-10-05T04:59:04.727981Z,KXETH15M-26OCT050100-00,0.3100,1.86,yes
2026-10-05T04:59:04.833022Z,KXETH15M-26OCT050100-00,0.2900,20.56,no
2026-10-05T04:59:04.835733Z,KXETH15M-26OCT050100-00,0.2900,13.44,no
2026-10-05T04:59:04.885154Z,KXETH15M-26OCT050100-00,0.3200,20.00,yes
2026-10-05T04:59:04.885154Z,KXETH15M-26OCT050100-00,0.3200,8.00,yes
2026-10-05T04:59:04.885154Z,KXETH15M-26OCT050100-00,0.3300,5.37,yes
2026-10-05T04:59:04.885154Z,KXETH15M-26OCT050100-00,0.3200,44.00,yes
2026-10-05T04:59:04.909359Z,KXETH15M-26OCT050100-00,0.3200,4.37,yes
2026-10-05T04:59:04.909359Z,KXETH15M-26OCT050100-00,0.3200,0.63,yes
2026-10-05T04:59:04.977809Z,KXETH15M-26OCT050100-00,0.3100,3.22,no
2026-10-05T04:59:04.977809Z,KXETH15M-26OCT050100-00,0.3000,1.78,no
2026-10-05T04:59:05.074365Z,KXETH15M-26OCT050100-00,0.2700,18.47,no
2026-10-05T04:59:05.074365Z,KXETH15M-26OCT050100-00,0.3000,12.00,no
2026-10-05T04:59:05.074365Z,KXETH15M-26OCT050100-00,0.2900,9.00,no
2026-10-05T04:59:05.074365Z,KXETH15M-26OCT050100-00,0.2800,1.00,no
2026-10-05T04:59:05.074365Z,KXETH15M-26OCT050100-00,0.3000,25.22,no
2026-10-05T04:59:05.074365Z,KXETH15M-26OCT050100-00,0.3000,3.33,no
2026-10-05T04:59:05.088331Z,KXETH15M-26OCT050100-00,0.2700,0.75,no
2026-10-05T04:59:05.089101Z,KXETH15M-26OCT050100-00,0.2700,0.68,no
2026-10-05T04:59:05.199059Z,KXETH15M-26OCT050100-00,0.2700,0.01,no
2026-10-05T04:59:05.251152Z,KXETH15M-26OCT050100-00,0.2700,0.64,no
2026-10-05T04:59:05.364242Z,KXETH15M-26OCT050100-00,0.3000,9.00,yes
2026-10-05T04:59:05.364242Z,KXETH15M-26OCT050100-00,0.3000,20.00,yes
2026-10-05T04:59:05.364242Z,KXETH15M-26OCT050100-00,0.3000,46.00,yes
2026-10-05T04:59:05.364242Z,KXETH15M-26OCT050100-00,0.3000,41.00,yes
2026-10-05T04:59:05.364242Z,KXETH15M-26OCT050100-00,0.3000,12.00,yes
2026-10-05T04:59:05.38814Z,KXETH15M-26OCT050100-00,0.2900,3.06,yes
2026-10-05T04:59:05.434188Z,KXETH15M-26OCT050100-00,0.2900,0.50,yes
2026-10-05T04:59:05.439984Z,KXETH15M-26OCT050100-00,0.2700,173.00,no
2026-10-05T04:59:05.529649Z,KXETH15M-26OCT050100-00,0.2900,8.00,yes
2026-10-05T04:59:05.529649Z,KXETH15M-26OCT050100-00,0.2900,10.26,yes
2026-10-05T04:59:05.615123Z,KXETH15M-26OCT050100-00,0.2900,6.00,yes
2026-10-05T04:59:05.615123Z,KXETH15M-26OCT050100-00,0.2900,8.00,yes
2026-10-05T04:59:05.615123Z,KXETH15M-26OCT050100-00,0.3000,161.89,yes
2026-10-05T04:59:05.662401Z,KXETH15M-26OCT050100-00,0.3300,500.00,yes
2026-10-05T04:59:05.662401Z,KXETH15M-26OCT050100-00,0.3200,500.00,yes
2026-10-05T04:59:05.662401Z,KXETH15M-26OCT050100-00,0.3400,128.11,yes
2026-10-05T04:59:05.662401Z,KXETH15M-26OCT050100-00,0.3000,6.00,yes
2026-10-05T04:59:05.662401Z,KXETH15M-26OCT050100-00,0.3100,500.00,yes
2026-10-05T04:59:05.662401Z,KXETH15M-26OCT050100-00,0.3200,13.00,yes
2026-10-05T04:59:05.662401Z,KXETH15M-26OCT050100-00,0.3000,9.00,yes
2026-10-05T04:59:05.662401Z,KXETH15M-26OCT050100-00,0.3000,292.11,yes
2026-10-05T04:59:05.671383Z,KXETH15M-26OCT050100-00,0.2800,1.44,no
2026-10-05T04:59:05.671383Z,KXETH15M-26OCT050100-00,0.2800,12.00,no
2026-10-05T04:59:05.681038Z,KXETH15M-26OCT050100-00,0.2800,6.76,no
2026-10-05T04:59:05.739149Z,KXETH15M-26OCT050100-00,0.2800,1.33,no
2026-10-05T04:59:05.782992Z,KXETH15M-26OCT050100-00,0.3000,14.83,yes
2026-10-05T04:59:05.782992Z,KXETH15M-26OCT050100-00,0.3000,9.00,yes
2026-10-05T04:59:05.782992Z,KXETH15M-26OCT050100-00,0.3000,6.00,yes
2026-10-05T04:59:05.924011Z,KXETH15M-26OCT050100-00,0.3000,2.13,yes
2026-10-05T04:59:06.020307Z,KXETH15M-26OCT050100-00,0.2900,4.08,no
2026-10-05T04:59:06.048827Z,KXETH15M-26OCT050100-00,0.2900,1.36,no
2026-10-05T04:59:06.079434Z,KXETH15M-26OCT050100-00,0.3000,2.48,yes
2026-10-05T04:59:06.079434Z,KXETH15M-26OCT050100-00,0.3000,3.87,yes
2026-10-05T04:59:06.132817Z,KXETH15M-26OCT050100-00,0.3000,0.39,yes
2026-10-05T04:59:06.158926Z,KXETH15M-26OCT050100-00,0.3000,4.92,yes
2026-10-05T04:59:06.184754Z,KXETH15M-26OCT050100-00,0.3000,6.00,yes
2026-10-05T04:59:06.184754Z,KXETH15M-26OCT050100-00,0.3000,0.01,yes
2026-10-05T04:59:06.184754Z,KXETH15M-26OCT050100-00,0.3200,1.00,yes
2026-10-05T04:59:06.184754Z,KXETH15M-26OCT050100-00,0.3200,18.99,yes
2026-10-05T04:59:06.202383Z,KXETH15M-26OCT050100-00,0.3100,0.69,no
2026-10-05T04:59:06.202388Z,KXETH15M-26OCT050100-00,0.3100,0.76,no
2026-10-05T04:59:06.21661Z,KXETH15M-26OCT050100-00,0.3100,49.98,no
2026-10-05T04:59:06.293108Z,KXETH15M-26OCT050100-00,0.3200,8.00,no
2026-10-05T04:59:06.293108Z,KXETH15M-26OCT050100-00,0.3100,448.57,no
2026-10-05T04:59:06.293108Z,KXETH15M-26OCT050100-00,0.3000,311.27,no
2026-10-05T04:59:06.293108Z,KXETH15M-26OCT050100-00,0.3100,20.00,no
2026-10-05T04:59:06.341414Z,KXETH15M-26OCT050100-00,0.3400,3.14,yes
2026-10-05T04:59:06.351334Z,KXETH15M-26OCT050100-00,0.3300,64.00,no
2026-10-05T04:59:06.351334Z,KXETH15M-26OCT050100-00,0.3100,3.66,no
2026-10-05T04:59:06.379772Z,KXETH15M-26OCT050100-00,0.3100,4.34,no
2026-10-05T04:59:06.379772Z,KXETH15M-26OCT050100-00,0.3100,16.09,no
2026-10-05T04:59:06.467383Z,KXETH15M-26OCT050100-00,0.2900,2.00,no
2026-10-05T04:59:06.467383Z,KXETH15M-26OCT050100-00,0.2900,29.00,no
2026-10-05T04:59:06.467383Z,KXETH15M-26OCT050100-00,0.3000,9.00,no
2026-10-05T04:59:06.467383Z,KXETH15M-26OCT050100-00,0.2900,0.56,no
2026-10-05T04:59:06.467383Z,KXETH15M-26OCT050100-00,0.2900,9.00,no
2026-10-05T04:59:06.528511Z,KXETH15M-26OCT050100-00,0.2900,5.00,no
2026-10-05T04:59:06.543521Z,KXETH15M-26OCT050100-00,0.2900,15.00,no
2026-10-05T04:59:06.543521Z,KXETH15M-26OCT050100-00,0.2700,9.34,no
2026-10-05T04:59:06.578905Z,KXETH15M-26OCT050100-00,0.2900,3.44,no
2026-10-05T04:59:06.578905Z,KXETH15M-26OCT050100-00,0.2700,20.56,no
2026-10-05T04:59:06.749171Z,KXETH15M-26OCT050100-00,0.2900,1.00,yes
2026-10-05T04:59:06.749171Z,KXETH15M-26OCT050100-00,0.2900,2.31,yes
2026-10-05T04:59:06.805426Z,KXETH15M-26OCT050100-00,0.2800,20.51,yes
2026-10-05T04:59:06.889215Z,KXETH15M-26OCT050100-00,0.3000,31.64,yes
2026-10-05T04:59:06.889215Z,KXETH15M-26OCT050100-00,0.2800,0.17,yes
2026-10-05T04:59:06.889215Z,KXETH15M-26OCT050100-00,0.2900,1.00,yes
2026-10-05T04:59:06.991923Z,KXETH15M-26OCT050100-00,0.3000,4.14,yes
2026-10-05T04:59:06.991923Z,KXETH15M-26OCT050100-00,0.2900,1.00,yes
2026-10-05T04:59:06.991923Z,KXETH15M-26OCT050100-00,0.3000,20.00,yes
2026-10-05T04:59:06.991923Z,KXETH15M-26OCT050100-00,0.3000,2.86,yes
2026-10-05T04:59:07.078929Z,KXETH15M-26OCT050100-00,0.2700,19.00,no
2026-10-05T04:59:07.078929Z,KXETH15M-26OCT050100-00,0.2700,153.59,no
2026-10-05T04:59:07.078929Z,KXETH15M-26OCT050100-00,0.2700,19.00,no
2026-10-05T04:59:07.105591Z,KXETH15M-26OCT050100-00,0.2700,1.34,no
2026-10-05T04:59:07.202147Z,KXETH15M-26OCT050100-00,0.2700,33.61,no
2026-10-05T04:59:07.216588Z,KXETH15M-26OCT050100-00,0.2700,0.72,no
2026-10-05T04:59:07.425685Z,KXETH15M-26OCT050100-00,0.2900,23.00,yes
2026-10-05T04:59:07.425685Z,KXETH15M-26OCT050100-00,0.2900,1.00,yes
2026-10-05T04:59:07.42729Z,KXETH15M-26OCT050100-00,0.3000,6.00,yes
2026-10-05T04:59:07.430846Z,KXETH15M-26OCT050100-00,0.2800,0.66,no
2026-10-05T04:59:07.460449Z,KXETH15M-26OCT050100-00,0.3400,3.19,no
2026-10-05T04:59:07.476326Z,KXETH15M-26OCT050100-00,0.3500,1.00,yes
2026-10-05T04:59:07.476326Z,KXETH15M-26OCT050100-00,0.3600,57.00,yes
2026-10-05T04:59:07.483037Z,KXETH15M-26OCT050100-00,0.3800,0.64,no
2026-10-05T04:59:07.489384Z,KXETH15M-26OCT050100-00,0.4000,9.00,yes
2026-10-05T04:59:07.500215Z,KXETH15M-26OCT050100-00,0.4500,9.00,yes
2026-10-05T04:59:07.518983Z,KXETH15M-26OCT050100-00,0.4400,6.72,no
2026-10-05T04:59:07.52364Z,KXETH15M-26OCT050100-00,0.4400,1.28,no
2026-10-05T04:59:07.543715Z,KXETH15M-26OCT050100-00,0.4100,6.80,no
2026-10-05T04:59:07.556285Z,KXETH15M-26OCT050100-00,0.3900,8.00,no
2026-10-05T04:59:07.556285Z,KXETH15M-26OCT050100-00,0.3600,156.59,no
2026-10-05T04:59:07.556285Z,KXETH15M-26OCT050100-00,0.3700,500.00,no
2026-10-05T04:59:07.556285Z,KXETH15M-26OCT050100-00,0.3900,50.00,no
2026-10-05T04:59:07.556285Z,KXETH15M-26OCT050100-00,0.3800,499.36,no
2026-10-05T04:59:07.556285Z,KXETH15M-26OCT050100-00,0.3900,500.00,no
2026-10-05T04:59:07.573814Z,KXETH15M-26OCT050100-00,0.3900,8.00,no
2026-10-05T04:59:07.573814Z,KXETH15M-26OCT050100-00,0.4000,500.00,no
2026-10-05T04:59:07.627855Z,KXETH15M-26OCT050100-00,0.4000,9.00,yes
2026-10-05T04:59:07.627855Z,KXETH15M-26OCT050100-00,0.4200,20.00,yes
2026-10-05T04:59:07.632836Z,KXETH15M-26OCT050100-00,0.4400,88.00,yes
2026-10-05T04:59:07.706058Z,KXETH15M-26OCT050100-00,0.4400,8.00,no
2026-10-05T04:59:07.706058Z,KXETH15M-26OCT050100-00,0.4300,12.16,no
2026-10-05T04:59:07.857759Z,KXETH15M-26OCT050100-00,0.3800,3.94,yes
2026-10-05T04:59:07.863914Z,KXETH15M-26OCT050100-00,0.3700,0.14,no
2026-10-05T04:59:07.871807Z,KXETH15M-26OCT050100-00,0.3700,39.86,no
2026-10-05T04:59:07.875787Z,KXETH15M-26OCT050100-00,0.3500,20.00,no
2026-10-05T04:59:07.880433Z,KXETH15M-26OCT050100-00,0.3500,20.00,no
2026-10-05T04:59:07.987454Z,KXETH15M-26OCT050100-00,0.3200,5.00,no
2026-10-05T04:59:08.007492Z,KXETH15M-26OCT050100-00,0.3200,8.00,no
2026-10-05T04:59:08.090366Z,KXETH15M-26OCT050100-00,0.3300,86.59,yes
2026-10-05T04:59:08.106363Z,KXETH15M-26OCT050100-00,0.3300,14.82,yes
2026-10-05T04:59:08.229818Z,KXETH15M-26OCT050100-00,0.3200,89.00,no
2026-10-05T04:59:08.235209Z,KXETH15M-26OCT050100-00,0.3100,0.77,no
2026-10-05T04:59:08.333359Z,KXETH15M-26OCT050100-00,0.3100,11.24,yes
2026-10-05T04:59:08.42134Z,KXETH15M-26OCT050100-00,0.2800,1.00,no
2026-10-05T04:59:08.42134Z,KXETH15M-26OCT050100-00,0.3000,20.00,no
2026-10-05T04:59:08.42134Z,KXETH15M-26OCT050100-00,0.3000,1.00,no
2026-10-05T04:59:08.42134Z,KXETH15M-26OCT050100-00,0.3000,9.00,no
2026-10-05T04:59:08.42134Z,KXETH15M-26OCT050100-00,0.2900,86.00,no
2026-10-05T04:59:08.42134Z,KXETH15M-26OCT050100-00,0.3000,500.00,no
2026-10-05T04:59:08.42134Z,KXETH15M-26OCT050100-00,0.2700,281.29,no
2026-10-05T04:59:08.42134Z,KXETH15M-26OCT050100-00,0.3000,25.00,no
2026-10-05T04:59:08.42134Z,KXETH15M-26OCT050100-00,0.2800,499.34,no
2026-10-05T04:59:08.42134Z,KXETH15M-26OCT050100-00,0.2900,500.00,no
2026-10-05T04:59:08.77776Z,KXETH15M-26OCT050100-00,0.3000,1.00,yes
2026-10-05T04:59:08.77776Z,KXETH15M-26OCT050100-00,0.3300,4.10,yes
2026-10-05T04:59:08.79629Z,KXETH15M-26OCT050100-00,0.3300,9.85,yes
2026-10-05T04:59:08.804571Z,KXETH15M-26OCT050100-00,0.3000,19.31,no
2026-10-05T04:59:08.804571Z,KXETH15M-26OCT050100-00,0.3100,8.00,no
2026-10-05T04:59:08.804571Z,KXETH15M-26OCT050100-00,0.3100,1.00,no
2026-10-05T04:59:08.804571Z,KXETH15M-26OCT050100-00,0.3100,20.00,no
2026-10-05T04:59:08.849513Z,KXETH15M-26OCT050100-00,0.3300,3.41,yes
2026-10-05T04:59:08.849513Z,KXETH15M-26OCT050100-00,0.3300,6.05,yes
2026-10-05T04:59:08.878908Z,KXETH15M-26OCT050100-00,0.3000,6.00,no
2026-10-05T04:59:08.909798Z,KXETH15M-26OCT050100-00,0.3000,6.90,no
2026-10-05T04:59:08.944149Z,KXETH15M-26OCT050100-00,0.3300,13.47,yes
2026-10-05T04:59:08.944412Z,KXETH15M-26OCT050100-00,0.3000,6.90,no
2026-10-05T04:59:09.081553Z,KXETH15M-26OCT050100-00,0.2900,6.85,no
2026-10-05T04:59:09.087184Z,KXETH15M-26OCT050100-00,0.2900,0.67,no
2026-10-05T04:59:09.112306Z,KXETH15M-26OCT050100-00,0.2900,492.48,no
2026-10-05T04:59:09.112306Z,KXETH15M-26OCT050100-00,0.2800,248.52,no
2026-10-05T04:59:09.112306Z,KXETH15M-26OCT050100-00,0.2900,9.00,no
2026-10-05T04:59:09.132255Z,KXETH15M-26OCT050100-00,0.2900,75.00,no
2026-10-05T04:59:09.186577Z,KXETH15M-26OCT050100-00,0.3000,14.00,yes
2026-10-05T04:59:09.186577Z,KXETH15M-26OCT050100-00,0.3000,6.00,yes
2026-10-05T04:59:09.243277Z,KXETH15M-26OCT050100-00,0.2900,0.74,no
2026-10-05T04:59:09.26656Z,KXETH15M-26OCT050100-00,0.3000,0.28,yes
2026-10-05T04:59:09.375574Z,KXETH15M-26OCT050100-00,0.2900,224.38,no
2026-10-05T04:59:09.429952Z,KXETH15M-26OCT050100-00,0.2900,112.84,no
2026-10-05T04:59:09.447113Z,KXETH15M-26OCT050100-00,0.3000,1.72,yes
2026-10-05T04:59:09.447113Z,KXETH15M-26OCT050100-00,0.3000,0.14,yes
2026-10-05T04:59:09.486475Z,KXETH15M-26OCT050100-00,0.2900,69.02,no
2026-10-05T04:59:09.604527Z,KXETH15M-26OCT050100-00,0.2900,99.39,no
2026-10-05T04:59:09.605224Z,KXETH15M-26OCT050100-00,0.3200,3.46,yes
2026-10-05T04:59:09.605224Z,KXETH15M-26OCT050100-00,0.3000,1.00,yes
2026-10-05T04:59:09.605224Z,KXETH15M-26OCT050100-00,0.3000,1.00,yes
2026-10-05T04:59:09.605224Z,KXETH15M-26OCT050100-00,0.3100,1.00,yes
2026-10-05T04:59:09.605224Z,KXETH15M-26OCT050100-00,0.3000,40.86,yes
2026-10-05T04:59:09.786723Z,KXETH15M-26OCT050100-00,0.3100,8.00,yes
2026-10-05T04:59:09.795785Z,KXETH15M-26OCT050100-00,0.3100,10.23,yes
2026-10-05T04:59:09.881958Z,KXETH15M-26OCT050100-00,0.3100,1.14,yes
2026-10-05T04:59:09.968638Z,KXETH15M-26OCT050100-00,0.3100,13.79,yes
2026-10-05T04:59:09.98461Z,KXETH15M-26OCT050100-00,0.3100,6.22,yes
2026-10-05T04:59:09.98461Z,KXETH15M-26OCT050100-00,0.3100,2.84,yes
2026-10-05T04:59:09.993617Z,KXETH15M-26OCT050100-00,0.3000,12.18,no
2026-10-05T04:59:10.045319Z,KXETH15M-26OCT050100-00,0.3100,1.44,yes
2026-10-05T04:59:10.091728Z,KXETH15M-26OCT050100-00,0.3000,0.68,no
2026-10-05T04:59:10.209764Z,KXETH15M-26OCT050100-00,0.3100,0.03,yes
2026-10-05T04:59:10.230207Z,KXETH15M-26OCT050100-00,0.3200,1.34,yes
2026-10-05T04:59:10.230207Z,KXETH15M-26OCT050100-00,0.3200,6.00,yes
2026-10-05T04:59:10.230207Z,KXETH15M-26OCT050100-00,0.3100,0.53,yes
2026-10-05T04:59:10.33097Z,KXETH15M-26OCT050100-00,0.3000,1.00,no
2026-10-05T04:59:10.542639Z,KXETH15M-26OCT050100-00,0.3100,3.00,no
2026-10-05T04:59:10.54872Z,KXETH15M-26OCT050100-00,0.3300,20.00,yes
2026-10-05T04:59:10.54872Z,KXETH15M-26OCT050100-00,0.3200,4.00,yes
2026-10-05T04:59:10.54872Z,KXETH15M-26OCT050100-00,0.3300,83.12,yes
2026-10-05T04:59:10.560762Z,KXETH15M-26OCT050100-00,0.3500,69.71,no
2026-10-05T04:59:10.5857Z,KXETH15M-26OCT050100-00,0.3600,1.86,yes
2026-10-05T04:59:10.599832Z,KXETH15M-26OCT050100-00,0.3900,20.00,yes
2026-10-05T04:59:10.599832Z,KXETH15M-26OCT050100-00,0.3600,6.14,yes
2026-10-05T04:59:10.600153Z,KXETH15M-26OCT050100-00,0.4100,9.00,yes
2026-10-05T04:59:10.601105Z,KXETH15M-26OCT050100-00,0.4200,101.00,yes
2026-10-05T04:59:10.632971Z,KXETH15M-26OCT050100-00,0.4400,380.96,no
2026-10-05T04:59:10.800856Z,KXETH15M-26OCT050100-00,0.4700,9.00,yes
2026-10-05T04:59:10.800856Z,KXETH15M-26OCT050100-00,0.4700,20.00,yes
2026-10-05T04:59:10.800856Z,KXETH15M-26OCT050100-00,0.4700,9.00,yes
2026-10-05T04:59:10.80129Z,KXETH15M-26OCT050100-00,0.4900,9.00,yes
2026-10-05T04:59:10.80129Z,KXETH15M-26OCT050100-00,0.4900,100.00,yes
2026-10-05T04:59:10.80129Z,KXETH15M-26OCT050100-00,0.4900,50.00,yes
2026-10-05T04:59:10.804894Z,KXETH15M-26OCT050100-00,0.5400,88.00,yes
2026-10-05T04:59:10.812336Z,KXETH15M-26OCT050100-00,0.5500,8.00,yes
2026-10-05T04:59:10.812336Z,KXETH15M-26OCT050100-00,0.5500,20.00,yes
2026-10-05T04:59:10.829313Z,KXETH15M-26OCT050100-00,0.5900,287.93,no
2026-10-05T04:59:10.850662Z,KXETH15M-26OCT050100-00,0.5700,25.00,no
2026-10-05T04:59:10.850662Z,KXETH15M-26OCT050100-00,0.5800,25.00,no
2026-10-05T04:59:10.972334Z,KXETH15M-26OCT050100-00,0.5000,219.91,no
2026-10-05T04:59:10.972334Z,KXETH15M-26OCT050100-00,0.5100,9.00,no
2026-10-05T04:59:10.972334Z,KXETH15M-26OCT050100-00,0.5300,25.00,no
2026-10-05T04:59:11.000277Z,KXETH15M-26OCT050100-00,0.5000,1.00,no
2026-10-05T04:59:11.007875Z,KXETH15M-26OCT050100-00,0.5300,92.00,yes
2026-10-05T04:59:11.008485Z,KXETH15M-26OCT050100-00,0.5300,92.00,yes
2026-10-05T04:59:11.00891Z,KXETH15M-26OCT050100-00,0.5300,92.00,yes
2026-10-05T04:59:11.019176Z,KXETH15M-26OCT050100-00,0.5200,20.00,yes
2026-10-05T04:59:11.019176Z,KXETH15M-26OCT050100-00,0.5200,9.00,yes
2026-10-05T04:59:11.030075Z,KXETH15M-26OCT050100-00,0.5100,5.19,no
2026-10-05T04:59:11.150644Z,KXETH15M-26OCT050100-00,0.5300,6.99,no
2026-10-05T04:59:11.165973Z,KXETH15M-26OCT050100-00,0.5500,9.00,yes
2026-10-05T04:59:11.165973Z,KXETH15M-26OCT050100-00,0.5400,9.00,yes
2026-10-05T04:59:11.166571Z,KXETH15M-26OCT050100-00,0.5700,8.00,yes
2026-10-05T04:59:11.181589Z,KXETH15M-26OCT050100-00,0.6100,8.00,yes
2026-10-05T04:59:11.220282Z,KXETH15M-26OCT050100-00,0.6200,14.05,yes
2026-10-05T04:59:11.317815Z,KXETH15M-26OCT050100-00,0.4900,500.00,no
2026-10-05T04:59:11.317815Z,KXETH15M-26OCT050100-00,0.4800,500.00,no
2026-10-05T04:59:11.317815Z,KXETH15M-26OCT050100-00,0.4500,216.32,no
2026-10-05T04:59:11.317815Z,KXETH15M-26OCT050100-00,0.4700,500.00,no
2026-10-05T04:59:11.317815Z,KXETH15M-26OCT050100-00,0.4600,500.00,no
2026-10-05T04:59:11.317815Z,KXETH15M-26OCT050100-00,0.5300,493.01,no
2026-10-05T04:59:11.317815Z,KXETH15M-26OCT050100-00,0.5500,9.00,no
2026-10-05T04:59:11.317815Z,KXETH15M-26OCT050100-00,0.5400,500.00,no
2026-10-05T04:59:11.317815Z,KXETH15M-26OCT050100-00,0.5800,500.00,no
2026-10-05T04:59:11.317815Z,KXETH15M-26OCT050100-00,0.5100,115.00,no
2026-10-05T04:59:11.317815Z,KXETH15M-26OCT050100-00,0.5600,500.00,no
2026-10-05T04:59:11.317815Z,KXETH15M-26OCT050100-00,0.5100,500.00,no
2026-10-05T04:59:11.317815Z,KXETH15M-26OCT050100-00,0.5000,500.00,no
2026-10-05T04:59:11.317815Z,KXETH15M-26OCT050100-00,0.5500,500.00,no
2026-10-05T04:59:11.317815Z,KXETH15M-26OCT050100-00,0.5200,500.00,no
2026-10-05T04:59:11.317815Z,KXETH15M-26OCT050100-00,0.5700,500.00,no
2026-10-05T04:59:11.330329Z,KXETH15M-26OCT050100-00,0.5600,21.57,no
2026-10-05T04:59:11.373632Z,KXETH15M-26OCT050100-00,0.5700,67.00,no
2026-10-05T04:59:11.376496Z,KXETH15M-26OCT050100-00,0.5600,9.00,no
2026-10-05T04:59:11.376496Z,KXETH15M-26OCT050100-00,0.5100,32.25,no
2026-10-05T04:59:11.376496Z,KXETH15M-26OCT050100-00,0.5500,9.00,no
2026-10-05T04:59:11.401342Z,KXETH15M-26OCT050100-00,0.5100,0.18,yes
2026-10-05T04:59:11.428125Z,KXETH15M-26OCT050100-00,0.5000,1.03,yes
2026-10-05T04:59:11.428765Z,KXETH15M-26OCT050100-00,0.5000,0.94,yes
2026-10-05T04:59:11.441101Z,KXETH15M-26OCT050100-00,0.4900,1.00,no
2026-10-05T04:59:11.448688Z,KXETH15M-26OCT050100-00,0.5200,10.91,yes
2026-10-05T04:59:11.448688Z,KXETH15M-26OCT050100-00,0.5000,7.03,yes
2026-10-05T04:59:11.475744Z,KXETH15M-26OCT050100-00,0.4900,9.00,no
2026-10-05T04:59:11.483179Z,KXETH15M-26OCT050100-00,0.4800,9.00,no
2026-10-05T04:59:11.483179Z,KXETH15M-26OCT050100-00,0.4900,114.00,no
2026-10-05T04:59:11.483179Z,KXETH15M-26OCT050100-00,0.4900,20.00,no
2026-10-05T04:59:11.483179Z,KXETH15M-26OCT050100-00,0.4700,27.00,no
2026-10-05T04:59:11.483179Z,KXETH15M-26OCT050100-00,0.4800,15.00,no
2026-10-05T04:59:11.483179Z,KXETH15M-26OCT050100-00,0.4900,15.00,no
2026-10-05T04:59:11.642469Z,KXETH15M-26OCT050100-00,0.5000,0.08,no
2026-10-05T04:59:11.673254Z,KXETH15M-26OCT050100-00,0.5000,8.01,no
2026-10-05T04:59:11.673254Z,KXETH15M-26OCT050100-00,0.5000,0.92,no
2026-10-05T04:59:11.673254Z,KXETH15M-26OCT050100-00,0.4900,11.07,no
2026-10-05T04:59:11.679659Z,KXETH15M-26OCT050100-00,0.4900,2.00,no
2026-10-05T04:59:11.760184Z,KXETH15M-26OCT050100-00,0.4900,1.93,no
2026-10-05T04:59:11.760184Z,KXETH15M-26OCT050100-00,0.4900,11.00,no
2026-10-05T04:59:11.76106Z,KXETH15M-26OCT050100-00,0.4800,15.00,no
2026-10-05T04:59:11.76106Z,KXETH15M-26OCT050100-00,0.4800,105.00,no
2026-10-05T04:59:11.769436Z,KXETH15M-26OCT050100-00,0.4500,20.00,no
2026-10-05T04:59:11.84217Z,KXETH15M-26OCT050100-00,0.4300,15.00,no
2026-10-05T04:59:11.84217Z,KXETH15M-26OCT050100-00,0.4200,15.00,no
2026-10-05T04:59:11.84217Z,KXETH15M-26OCT050100-00,0.4000,1.31,no
2026-10-05T04:59:12.0309Z,KXETH15M-26OCT050100-00,0.4300,15.00,no
2026-10-05T04:59:12.03437Z,KXETH15M-26OCT050100-00,0.4000,9.00,no
2026-10-05T04:59:12.03437Z,KXETH15M-26OCT050100-00,0.4200,15.00,no
2026-10-05T04:59:12.038827Z,KXETH15M-26OCT050100-00,0.4300,6.45,yes
2026-10-05T04:59:12.044371Z,KXETH15M-26OCT050100-00,0.4100,15.00,no
2026-10-05T04:59:12.05743Z,KXETH15M-26OCT050100-00,0.3600,9.00,no
2026-10-05T04:59:12.05743Z,KXETH15M-26OCT050100-00,0.3800,2.04,no
2026-10-05T04:59:12.05743Z,KXETH15M-26OCT050100-00,0.3500,16.96,no
2026-10-05T04:59:12.10915Z,KXETH15M-26OCT050100-00,0.3500,16.00,no
2026-10-05T04:59:12.203427Z,KXETH15M-26OCT050100-00,0.3300,10.93,yes
2026-10-05T04:59:12.393041Z,KXETH15M-26OCT050100-00,0.3300,31.69,yes
2026-10-05T04:59:12.393041Z,KXETH15M-26OCT050100-00,0.3300,14.07,yes
2026-10-05T04:59:12.572837Z,KXETH15M-26OCT050100-00,0.3400,16.00,no
2026-10-05T04:59:12.572837Z,KXETH15M-26OCT050100-00,0.3300,12.60,no
2026-10-05T04:59:12.714787Z,KXETH15M-26OCT050100-00,0.3500,10.69,yes
2026-10-05T04:59:12.858227Z,KXETH15M-26OCT050100-00,0.3500,7.10,yes
2026-10-05T04:59:12.858227Z,KXETH15M-26OCT050100-00,0.3500,14.31,yes
2026-10-05T04:59:12.876817Z,KXETH15M-26OCT050100-00,0.3500,0.73,no
2026-10-05T04:59:12.877068Z,KXETH15M-26OCT050100-00,0.3500,0.80,no
2026-10-05T04:59:12.956715Z,KXETH15M-26OCT050100-00,0.3800,14.79,no
2026-10-05T04:59:13.023766Z,KXETH15M-26OCT050100-00,0.3800,7.18,no
2026-10-05T04:59:13.023766Z,KXETH15M-26OCT050100-00,0.3800,0.21,no
2026-10-05T04:59:13.152783Z,KXETH15M-26OCT050100-00,0.3800,7.39,no
2026-10-05T04:59:13.188149Z,KXETH15M-26OCT050100-00,0.3800,7.61,no
2026-10-05T04:59:13.188149Z,KXETH15M-26OCT050100-00,0.3800,16.00,no
2026-10-05T04:59:13.188149Z,KXETH15M-26OCT050100-00,0.3700,8.00,no
2026-10-05T04:59:13.188149Z,KXETH15M-26OCT050100-00,0.3700,16.00,no
2026-10-05T04:59:13.188149Z,KXETH15M-26OCT050100-00,0.3600,26.38,no
2026-10-05T04:59:13.222182Z,KXETH15M-26OCT050100-00,0.3700,7.39,no
2026-10-05T04:59:13.325115Z,KXETH15M-26OCT050100-00,0.3800,48.67,yes
2026-10-05T04:59:13.331942Z,KXETH15M-26OCT050100-00,0.3700,8.00,no
2026-10-05T04:59:13.331942Z,KXETH15M-26OCT050100-00,0.3500,114.00,no
2026-10-05T04:59:13.331942Z,KXETH15M-26OCT050100-00,0.3600,20.00,no
2026-10-05T04:59:13.400334Z,KXETH15M-26OCT050100-00,0.3500,9.00,no
2026-10-05T04:59:13.400334Z,KXETH15M-26OCT050100-00,0.3400,161.19,no
2026-10-05T04:59:13.498273Z,KXETH15M-26OCT050100-00,0.3500,36.88,yes
2026-10-05T04:59:13.522907Z,KXETH15M-26OCT050100-00,0.3500,3.72,yes
2026-10-05T04:59:13.648393Z,KXETH15M-26OCT050100-00,0.3200,1.00,no
2026-10-05T04:59:13.812555Z,KXETH15M-26OCT050100-00,0.3600,10.44,yes
2026-10-05T04:59:13.812555Z,KXETH15M-26OCT050100-00,0.3500,1.00,yes
2026-10-05T04:59:13.812555Z,KXETH15M-26OCT050100-00,0.3500,20.00,yes
2026-10-05T04:59:13.812555Z,KXETH15M-26OCT050100-00,0.3500,6.00,yes
2026-10-05T04:59:13.812555Z,KXETH15M-26OCT050100-00,0.3500,9.00,yes
2026-10-05T04:59:13.864925Z,KXETH15M-26OCT050100-00,0.3600,63.05,yes
2026-10-05T04:59:13.935191Z,KXETH15M-26OCT050100-00,0.3400,4.31,no
2026-10-05T04:59:13.963202Z,KXETH15M-26OCT050100-00,0.3600,6.00,yes
2026-10-05T04:59:13.963202Z,KXETH15M-26OCT050100-00,0.3600,9.00,yes
2026-10-05T04:59:13.963202Z,KXETH15M-26OCT050100-00,0.3600,25.00,yes
2026-10-05T04:59:13.963202Z,KXETH15M-26OCT050100-00,0.3600,20.00,yes
2026-10-05T04:59:13.963202Z,KXETH15M-26OCT050100-00,0.3600,89.00,yes
2026-10-05T04:59:13.96425Z,KXETH15M-26OCT050100-00,0.3700,1.00,yes
2026-10-05T04:59:13.96425Z,KXETH15M-26OCT050100-00,0.3800,1.00,yes
2026-10-05T04:59:13.97149Z,KXETH15M-26OCT050100-00,0.4500,20.00,yes
2026-10-05T04:59:13.979007Z,KXETH15M-26OCT050100-00,0.5900,8.00,yes
2026-10-05T04:59:13.979007Z,KXETH15M-26OCT050100-00,0.6000,32.00,yes
2026-10-05T04:59:13.980735Z,KXETH15M-26OCT050100-00,0.6000,8.00,yes
2026-10-05T04:59:13.982045Z,KXETH15M-26OCT050100-00,0.6100,20.00,yes
2026-10-05T04:59:13.982045Z,KXETH15M-26OCT050100-00,0.6100,8.00,yes
2026-10-05T04:59:13.983223Z,KXETH15M-26OCT050100-00,0.6200,0.84,no
2026-10-05T04:59:13.99884Z,KXETH15M-26OCT050100-00,0.6500,17.00,yes
2026-10-05T04:59:13.998887Z,KXETH15M-26OCT050100-00,0.6300,284.28,no
2026-10-05T04:59:13.999949Z,KXETH15M-26OCT050100-00,0.6500,418.00,yes
2026-10-05T04:59:13.999949Z,KXETH15M-26OCT050100-00,0.6500,3.00,yes
2026-10-05T04:59:14.001618Z,KXETH15M-26OCT050100-00,0.6600,8.00,yes
2026-10-05T04:59:14.001618Z,KXETH15M-26OCT050100-00,0.6600,119.00,yes
2026-10-05T04:59:14.025861Z,KXETH15M-26OCT050100-00,0.6500,5.00,yes
2026-10-05T04:59:14.099371Z,KXETH15M-26OCT050100-00,0.6100,9.00,no
2026-10-05T04:59:14.099371Z,KXETH15M-26OCT050100-00,0.6000,62.00,no
2026-10-05T04:59:14.120639Z,KXETH15M-26OCT050100-00,0.6100,1.45,no
2026-10-05T04:59:14.129698Z,KXETH15M-26OCT050100-00,0.6100,28.55,no
2026-10-05T04:59:14.195048Z,KXETH15M-26OCT050100-00,0.6200,9.00,yes
2026-10-05T04:59:14.195048Z,KXETH15M-26OCT050100-00,0.6200,8.00,yes
2026-10-05T04:59:14.205381Z,KXETH15M-26OCT050100-00,0.6400,3.00,yes
2026-10-05T04:59:14.205381Z,KXETH15M-26OCT050100-00,0.6300,21.00,yes
2026-10-05T04:59:14.20599Z,KXETH15M-26OCT050100-00,0.6400,9.00,yes
2026-10-05T04:59:14.20599Z,KXETH15M-26OCT050100-00,0.6400,6.00,yes
2026-10-05T04:59:14.20599Z,KXETH15M-26OCT050100-00,0.6500,9.00,yes
2026-10-05T04:59:14.206177Z,KXETH15M-26OCT050100-00,0.6500,1.00,yes
2026-10-05T04:59:14.206417Z,KXETH15M-26OCT050100-00,0.6500,24.00,yes
2026-10-05T04:59:14.214333Z,KXETH15M-26OCT050100-00,0.6400,69.00,yes
2026-10-05T04:59:14.214943Z,KXETH15M-26OCT050100-00,0.6400,68.00,yes
2026-10-05T04:59:14.21536Z,KXETH15M-26OCT050100-00,0.6400,68.00,yes
2026-10-05T04:59:14.220851Z,KXETH15M-26OCT050100-00,0.6300,144.00,yes
2026-10-05T04:59:14.233814Z,KXETH15M-26OCT050100-00,0.6300,350.00,yes
2026-10-05T04:59:14.413872Z,KXETH15M-26OCT050100-00,0.6400,1.00,no
2026-10-05T04:59:14.475336Z,KXETH15M-26OCT050100-00,0.6700,5.04,no
2026-10-05T04:59:14.523657Z,KXETH15M-26OCT050100-00,0.6700,1.00,no
2026-10-05T04:59:14.527845Z,KXETH15M-26OCT050100-00,0.6700,5.76,no
2026-10-05T04:59:14.528251Z,KXETH15M-26OCT050100-00,0.6700,9.00,no
2026-10-05T04:59:14.531536Z,KXETH15M-26OCT050100-00,0.6600,1.80,no
2026-10-05T04:59:14.531536Z,KXETH15M-26OCT050100-00,0.6700,4.20,no
2026-10-05T04:59:14.539799Z,KXETH15M-26OCT050100-00,0.6600,23.20,no
2026-10-05T04:59:14.539799Z,KXETH15M-26OCT050100-00,0.6600,9.00,no
2026-10-05T04:59:14.558059Z,KXETH15M-26OCT050100-00,0.6600,1.43,no
2026-10-05T04:59:14.613328Z,KXETH15M-26OCT050100-00,0.6600,0.12,no
2026-10-05T04:59:14.654375Z,KXETH15M-26OCT050100-00,0.6600,7.45,no
2026-10-05T04:59:14.688843Z,KXETH15M-26OCT050100-00,0.6300,1.00,no
2026-10-05T04:59:14.708099Z,KXETH15M-26OCT050100-00,0.6400,5.31,no
2026-10-05T04:59:14.721911Z,KXETH15M-26OCT050100-00,0.6400,12.61,no
2026-10-05T04:59:14.764978Z,KXETH15M-26OCT050100-00,0.6700,8.00,yes
2026-10-05T04:59:14.764978Z,KXETH15M-26OCT050100-00,0.6800,341.76,yes
2026-10-05T04:59:14.764978Z,KXETH15M-26OCT050100-00,0.6700,500.00,yes
2026-10-05T04:59:14.764978Z,KXETH15M-26OCT050100-00,0.6800,84.00,yes
2026-10-05T04:59:14.8246Z,KXETH15M-26OCT050100-00,0.6700,315.01,yes
2026-10-05T04:59:14.8246Z,KXETH15M-26OCT050100-00,0.6700,38.00,yes
2026-10-05T04:59:14.923789Z,KXETH15M-26OCT050100-00,0.6700,104.15,yes
2026-10-05T04:59:14.981401Z,KXETH15M-26OCT050100-00,0.6500,1.28,no
2026-10-05T04:59:15.008031Z,KXETH15M-26OCT050100-00,0.6700,50.00,no
2026-10-05T04:59:15.072421Z,KXETH15M-26OCT050100-00,0.6800,249.33,yes
2026-10-05T04:59:15.08649Z,KXETH15M-26OCT050100-00,0.6800,0.77,yes
2026-10-05T04:59:15.110232Z,KXETH15M-26OCT050100-00,0.6900,88.00,yes
2026-10-05T04:59:15.110232Z,KXETH15M-26OCT050100-00,0.6800,8.00,yes
2026-10-05T04:59:15.122031Z,KXETH15M-26OCT050100-00,0.6800,50.72,no
2026-10-05T04:59:15.190545Z,KXETH15M-26OCT050100-00,0.6900,2.52,no
2026-10-05T04:59:15.21031Z,KXETH15M-26OCT050100-00,0.7000,5.00,yes
2026-10-05T04:59:15.217894Z,KXETH15M-26OCT050100-00,0.6900,32.81,no
2026-10-05T04:59:15.246792Z,KXETH15M-26OCT050100-00,0.6900,15.67,no
2026-10-05T04:59:15.246792Z,KXETH15M-26OCT050100-00,0.6900,23.15,no
2026-10-05T04:59:15.287633Z,KXETH15M-26OCT050100-00,0.6900,7.10,no
2026-10-05T04:59:15.287633Z,KXETH15M-26OCT050100-00,0.6900,17.00,no
2026-10-05T04:59:15.287633Z,KXETH15M-26OCT050100-00,0.6900,17.00,no
2026-10-05T04:59:15.287633Z,KXETH15M-26OCT050100-00,0.6800,50.00,no
2026-10-05T04:59:15.287633Z,KXETH15M-26OCT050100-00,0.6800,25.00,no
2026-10-05T04:59:15.287633Z,KXETH15M-26OCT050100-00,0.6900,1.85,no
2026-10-05T04:59:15.287633Z,KXETH15M-26OCT050100-00,0.6700,110.33,no
2026-10-05T04:59:15.294266Z,KXETH15M-26OCT050100-00,0.6700,3.01,no
2026-10-05T04:59:15.294266Z,KXETH15M-26OCT050100-00,0.6800,9.00,no
2026-10-05T04:59:15.351948Z,KXETH15M-26OCT050100-00,0.7000,97.90,no
2026-10-05T04:59:15.376895Z,KXETH15M-26OCT050100-00,0.7000,126.63,no
2026-10-05T04:59:15.376895Z,KXETH15M-26OCT050100-00,0.7100,9.00,no
2026-10-05T04:59:15.37707Z,KXETH15M-26OCT050100-00,0.7100,5.78,no
2026-10-05T04:59:15.392575Z,KXETH15M-26OCT050100-00,0.7100,15.50,no
2026-10-05T04:59:15.392575Z,KXETH15M-26OCT050100-00,0.7100,19.22,no
2026-10-05T04:59:15.39876Z,KXETH15M-26OCT050100-00,0.7100,6.35,no
2026-10-05T04:59:15.512958Z,KXETH15M-26OCT050100-00,0.7300,44.00,no
2026-10-05T04:59:15.512958Z,KXETH15M-26OCT050100-00,0.7300,25.00,no
2026-10-05T04:59:15.546877Z,KXETH15M-26OCT050100-00,0.7400,9.00,yes
2026-10-05T04:59:15.546877Z,KXETH15M-26OCT050100-00,0.7400,1.00,yes
2026-10-05T04:59:15.549023Z,KXETH15M-26OCT050100-00,0.7200,17.45,no
2026-10-05T04:59:15.654414Z,KXETH15M-26OCT050100-00,0.7200,7.55,no
2026-10-05T04:59:15.654414Z,KXETH15M-26OCT050100-00,0.7200,8.01,no
2026-10-05T04:59:15.762253Z,KXETH15M-26OCT050100-00,0.7300,45.79,yes
2026-10-05T04:59:15.923947Z,KXETH15M-26OCT050100-00,0.7100,17.76,no
2026-10-05T04:59:15.923947Z,KXETH15M-26OCT050100-00,0.7300,0.18,no
2026-10-05T04:59:15.950583Z,KXETH15M-26OCT050100-00,0.7100,2.01,no
2026-10-05T04:59:15.984453Z,KXETH15M-26OCT050100-00,0.7200,77.72,no
2026-10-05T04:59:15.984453Z,KXETH15M-26OCT050100-00,0.7300,2.06,no
2026-10-05T04:59:16.08434Z,KXETH15M-26OCT050100-00,0.7400,0.64,yes
2026-10-05T04:59:16.103506Z,KXETH15M-26OCT050100-00,0.7200,16.35,no
2026-10-05T04:59:16.251119Z,KXETH15M-26OCT050100-00,0.7100,3.93,yes
2026-10-05T04:59:16.386155Z,KXETH15M-26OCT050100-00,0.7000,0.66,no
2026-10-05T04:59:16.386155Z,KXETH15M-26OCT050100-00,0.6800,12.34,no
2026-10-05T04:59:16.464917Z,KXETH15M-26OCT050100-00,0.6800,450.39,no
2026-10-05T04:59:16.493355Z,KXETH15M-26OCT050100-00,0.6800,18.93,no
2026-10-05T04:59:16.505523Z,KXETH15M-26OCT050100-00,0.7000,5.00,yes
2026-10-05T04:59:16.559738Z,KXETH15M-26OCT050100-00,0.7000,40.00,yes
2026-10-05T04:59:16.559738Z,KXETH15M-26OCT050100-00,0.7100,2.07,yes
2026-10-05T04:59:16.559738Z,KXETH15M-26OCT050100-00,0.7100,9.40,yes
2026-10-05T04:59:16.559738Z,KXETH15M-26OCT050100-00,0.7000,8.19,yes
2026-10-05T04:59:16.559738Z,KXETH15M-26OCT050100-00,0.7100,8.00,yes
2026-10-05T04:59:16.608121Z,KXETH15M-26OCT050100-00,0.7100,2.00,yes
2026-10-05T04:59:16.608121Z,KXETH15M-26OCT050100-00,0.7100,1.60,yes
2026-10-05T04:59:16.608121Z,KXETH15M-26OCT050100-00,0.7200,37.96,yes
2026-10-05T04:59:16.608121Z,KXETH15M-26OCT050100-00,0.7100,8.00,yes
2026-10-05T04:59:16.685794Z,KXETH15M-26OCT050100-00,0.6800,0.28,no
2026-10-05T04:59:16.759958Z,KXETH15M-26OCT050100-00,0.6800,14.00,no
2026-10-05T04:59:16.759958Z,KXETH15M-26OCT050100-00,0.6800,9.00,no
2026-10-05T04:59:16.759958Z,KXETH15M-26OCT050100-00,0.6800,2.82,no
2026-10-05T04:59:16.759958Z,KXETH15M-26OCT050100-00,0.6800,18.06,no
2026-10-05T04:59:16.88092Z,KXETH15M-26OCT050100-00,0.7100,3.10,yes
2026-10-05T04:59:16.88092Z,KXETH15M-26OCT050100-00,0.7100,1.00,yes
2026-10-05T04:59:16.917246Z,KXETH15M-26OCT050100-00,0.6700,10.23,no
2026-10-05T04:59:16.949727Z,KXETH15M-26OCT050100-00,0.6600,164.62,no
2026-10-05T04:59:16.950151Z,KXETH15M-26OCT050100-00,0.6900,6.90,yes
2026-10-05T04:59:17.180746Z,KXETH15M-26OCT050100-00,0.6800,2.98,no
2026-10-05T04:59:17.197195Z,KXETH15M-26OCT050100-00,0.6600,34.54,no
2026-10-05T04:59:17.251807Z,KXETH15M-26OCT050100-00,0.6600,22.61,no
2026-10-05T04:59:17.251807Z,KXETH15M-26OCT050100-00,0.6600,1.46,no
2026-10-05T04:59:17.293685Z,KXETH15M-26OCT050100-00,0.6600,9.85,no
2026-10-05T04:59:17.300351Z,KXETH15M-26OCT050100-00,0.6800,6.90,yes
2026-10-05T04:59:17.363222Z,KXETH15M-26OCT050100-00,0.6600,0.72,no
2026-10-05T04:59:17.385713Z,KXETH15M-26OCT050100-00,0.6800,1.00,yes
2026-10-05T04:59:17.394141Z,KXETH15M-26OCT050100-00,0.6800,13.80,yes
2026-10-05T04:59:17.533942Z,KXETH15M-26OCT050100-00,0.6400,20.00,yes
2026-10-05T04:59:17.533942Z,KXETH15M-26OCT050100-00,0.6400,38.00,yes
2026-10-05T04:59:17.533942Z,KXETH15M-26OCT050100-00,0.6600,2.02,yes
2026-10-05T04:59:17.533942Z,KXETH15M-26OCT050100-00,0.6500,9.00,yes
2026-10-05T04:59:17.740635Z,KXETH15M-26OCT050100-00,0.6100,0.90,no
2026-10-05T04:59:17.740635Z,KXETH15M-26OCT050100-00,0.6100,9.00,no
2026-10-05T04:59:17.949309Z,KXETH15M-26OCT050100-00,0.6200,2.00,no
2026-10-05T04:59:17.949309Z,KXETH15M-26OCT050100-00,0.6200,11.00,no
2026-10-05T04:59:17.957353Z,KXETH15M-26OCT050100-00,0.5900,9.00,no
2026-10-05T04:59:17.957353Z,KXETH15M-26OCT050100-00,0.6100,24.00,no
2026-10-05T04:59:17.957353Z,KXETH15M-26OCT050100-00,0.6000,54.00,no
2026-10-05T04:59:17.957353Z,KXETH15M-26OCT050100-00,0.6000,38.00,no
2026-10-05T04:59:17.982208Z,KXETH15M-26OCT050100-00,0.5600,0.84,yes
2026-10-05T04:59:17.982879Z,KXETH15M-26OCT050100-00,0.5600,0.93,yes
2026-10-05T04:59:18.170796Z,KXETH15M-26OCT050100-00,0.5400,1.14,yes
2026-10-05T04:59:18.170796Z,KXETH15M-26OCT050100-00,0.5400,8.00,yes
2026-10-05T04:59:18.539658Z,KXETH15M-26OCT050100-00,0.4700,1.00,yes
2026-10-05T04:59:18.570758Z,KXETH15M-26OCT050100-00,0.4700,18.66,yes
2026-10-05T04:59:18.864757Z,KXETH15M-26OCT050100-00,0.4900,1.00,yes
2026-10-05T04:59:18.864757Z,KXETH15M-26OCT050100-00,0.4800,500.00,yes
2026-10-05T04:59:18.864757Z,KXETH15M-26OCT050100-00,0.4800,9.00,yes
2026-10-05T04:59:18.864757Z,KXETH15M-26OCT050100-00,0.4800,25.00,yes
2026-10-05T04:59:18.864757Z,KXETH15M-26OCT050100-00,0.4800,18.00,yes
2026-10-05T04:59:18.864757Z,KXETH15M-26OCT050100-00,0.4700,6.34,yes
2026-10-05T04:59:18.864757Z,KXETH15M-26OCT050100-00,0.4900,500.00,yes
2026-10-05T04:59:18.864757Z,KXETH15M-26OCT050100-00,0.4700,20.00,yes
2026-10-05T04:59:18.991336Z,KXETH15M-26OCT050100-00,0.4600,1.02,yes
2026-10-05T04:59:18.99207Z,KXETH15M-26OCT050100-00,0.4500,8.79,no
2026-10-05T04:59:19.052849Z,KXETH15M-26OCT050100-00,0.4800,186.50,yes
2026-10-05T04:59:19.052849Z,KXETH15M-26OCT050100-00,0.4600,23.98,yes
2026-10-05T04:59:19.052849Z,KXETH15M-26OCT050100-00,0.4800,21.00,yes
2026-10-05T04:59:19.052849Z,KXETH15M-26OCT050100-00,0.4800,18.52,yes
2026-10-05T04:59:19.06003Z,KXETH15M-26OCT050100-00,0.4500,8.79,no
2026-10-05T04:59:19.093148Z,KXETH15M-26OCT050100-00,0.4700,0.50,yes
2026-10-05T04:59:19.093148Z,KXETH15M-26OCT050100-00,0.4600,6.50,yes
2026-10-05T04:59:19.143055Z,KXETH15M-26OCT050100-00,0.4800,5.50,yes
2026-10-05T04:59:19.143055Z,KXETH15M-26OCT050100-00,0.5000,12.44,yes
2026-10-05T04:59:19.1482Z,KXETH15M-26OCT050100-00,0.4700,0.98,no
2026-10-05T04:59:19.196176Z,KXETH15M-26OCT050100-00,0.5000,3.52,yes
2026-10-05T04:59:19.347523Z,KXETH15M-26OCT050100-00,0.4900,3.00,yes
2026-10-05T04:59:19.456266Z,KXETH15M-26OCT050100-00,0.4900,3.00,yes
2026-10-05T04:59:19.463266Z,KXETH15M-26OCT050100-00,0.4900,2.00,yes
2026-10-05T04:59:19.656486Z,KXETH15M-26OCT050100-00,0.5000,3.52,no
2026-10-05T04:59:19.71325Z,KXETH15M-26OCT050100-00,0.4900,500.00,no
2026-10-05T04:59:19.71325Z,KXETH15M-26OCT050100-00,0.4800,12.00,no
2026-10-05T04:59:19.71325Z,KXETH15M-26OCT050100-00,0.5000,496.48,no
2026-10-05T04:59:19.71325Z,KXETH15M-26OCT050100-00,0.4900,1.00,no
2026-10-05T04:59:19.71325Z,KXETH15M-26OCT050100-00,0.5100,9.00,no
2026-10-05T04:59:19.71325Z,KXETH15M-26OCT050100-00,0.5100,56.00,no
2026-10-05T04:59:19.71325Z,KXETH15M-26OCT050100-00,0.4800,245.24,no
2026-10-05T04:59:19.71325Z,KXETH15M-26OCT050100-00,0.4800,8.00,no
2026-10-05T04:59:19.829284Z,KXETH15M-26OCT050100-00,0.5000,1.76,no
2026-10-05T04:59:19.881509Z,KXETH15M-26OCT050100-00,0.5200,1.00,yes
2026-10-05T04:59:19.881509Z,KXETH15M-26OCT050100-00,0.5300,0.43,yes
2026-10-05T04:59:20.000322Z,KXETH15M-26OCT050100-00,0.5000,0.94,no
2026-10-05T04:59:20.218247Z,KXETH15M-26OCT050100-00,0.4900,43.95,yes
2026-10-05T04:59:20.267257Z,KXETH15M-26OCT050100-00,0.4700,9.47,yes
2026-10-05T04:59:20.27497Z,KXETH15M-26OCT050100-00,0.4700,35.00,yes
2026-10-05T04:59:20.357074Z,KXETH15M-26OCT050100-00,0.4700,20.00,yes
2026-10-05T04:59:20.396465Z,KXETH15M-26OCT050100-00,0.4700,100.00,yes
2026-10-05T04:59:20.438592Z,KXETH15M-26OCT050100-00,0.4600,1.78,no
2026-10-05T04:59:20.439409Z,KXETH15M-26OCT050100-00,0.4700,1.00,yes
2026-10-05T04:59:20.531438Z,KXETH15M-26OCT050100-00,0.4700,4.06,yes
2026-10-05T04:59:20.611234Z,KXETH15M-26OCT050100-00,0.4900,0.03,yes
2026-10-05T04:59:20.611234Z,KXETH15M-26OCT050100-00,0.4700,1.94,yes
2026-10-05T04:59:20.731274Z,KXETH15M-26OCT050100-00,0.4700,43.00,yes
2026-10-05T04:59:20.772458Z,KXETH15M-26OCT050100-00,0.4800,0.82,yes
2026-10-05T04:59:20.89172Z,KXETH15M-26OCT050100-00,0.4800,1.00,yes
2026-10-05T04:59:20.921382Z,KXETH15M-26OCT050100-00,0.4800,24.00,yes
2026-10-05T04:59:20.921382Z,KXETH15M-26OCT050100-00,0.4800,9.00,yes
2026-10-05T04:59:20.923506Z,KXETH15M-26OCT050100-00,0.4900,6.00,yes
2026-10-05T04:59:20.923506Z,KXETH15M-26OCT050100-00,0.5000,1.00,yes
2026-10-05T04:59:20.923506Z,KXETH15M-26OCT050100-00,0.5000,129.00,yes
2026-10-05T04:59:20.9325Z,KXETH15M-26OCT050100-00,0.5300,9.00,yes
2026-10-05T04:59:20.9325Z,KXETH15M-26OCT050100-00,0.5100,9.00,yes
2026-10-05T04:59:20.936434Z,KXETH15M-26OCT050100-00,0.5600,8.00,yes
2026-10-05T04:59:21.085826Z,KXETH15M-26OCT050100-00,0.5800,0.53,yes
2026-10-05T04:59:21.102035Z,KXETH15M-26OCT050100-00,0.5600,15.00,no
2026-10-05T04:59:21.223969Z,KXETH15M-26OCT050100-00,0.5500,1.79,no
2026-10-05T04:59:21.247317Z,KXETH15M-26OCT050100-00,0.5900,100.00,yes
2026-10-05T04:59:21.247317Z,KXETH15M-26OCT050100-00,0.5800,8.00,yes
2026-10-05T04:59:21.247317Z,KXETH15M-26OCT050100-00,0.5900,500.00,yes
2026-10-05T04:59:21.247317Z,KXETH15M-26OCT050100-00,0.5800,499.47,yes
2026-10-05T04:59:21.315547Z,KXETH15M-26OCT050100-00,0.5600,8.97,no
2026-10-05T04:59:21.443161Z,KXETH15M-26OCT050100-00,0.5700,3.34,yes
2026-10-05T04:59:21.514476Z,KXETH15M-26OCT050100-00,0.5700,16.74,yes
2026-10-05T04:59:21.737267Z,KXETH15M-26OCT050100-00,0.5600,1.00,yes
2026-10-05T04:59:21.788652Z,KXETH15M-26OCT050100-00,0.5500,4.72,no
2026-10-05T04:59:21.788652Z,KXETH15M-26OCT050100-00,0.5300,9.00,no
2026-10-05T04:59:21.788652Z,KXETH15M-26OCT050100-00,0.5500,13.21,no
2026-10-05T04:59:21.788652Z,KXETH15M-26OCT050100-00,0.5400,15.00,no
2026-10-05T04:59:21.846889Z,KXETH15M-26OCT050100-00,0.5600,8.37,yes
2026-10-05T04:59:21.963655Z,KXETH15M-26OCT050100-00,0.5500,15.00,no
2026-10-05T04:59:21.963655Z,KXETH15M-26OCT050100-00,0.5400,15.00,no
2026-10-05T04:59:21.963655Z,KXETH15M-26OCT050100-00,0.5400,1.59,no
2026-10-05T04:59:21.979967Z,KXETH15M-26OCT050100-00,0.5500,15.00,no
2026-10-05T04:59:21.979967Z,KXETH15M-26OCT050100-00,0.5400,5.98,no
2026-10-05T04:59:22.001853Z,KXETH15M-26OCT050100-00,0.5600,4.00,yes
2026-10-05T04:59:22.001853Z,KXETH15M-26OCT050100-00,0.5700,15.00,yes
2026-10-05T04:59:22.001853Z,KXETH15M-26OCT050100-00,0.5600,3.63,yes
2026-10-05T04:59:22.001853Z,KXETH15M-26OCT050100-00,0.5700,253.65,yes
2026-10-05T04:59:22.001853Z,KXETH15M-26OCT050100-00,0.5700,8.00,yes
2026-10-05T04:59:22.03611Z,KXETH15M-26OCT050100-00,0.5700,1.70,yes
2026-10-05T04:59:22.144637Z,KXETH15M-26OCT050100-00,0.5600,5.78,yes
2026-10-05T04:59:22.177792Z,KXETH15M-26OCT050100-00,0.5600,15.00,no
2026-10-05T04:59:22.183375Z,KXETH15M-26OCT050100-00,0.5500,6.52,no
2026-10-05T04:59:22.183375Z,KXETH15M-26OCT050100-00,0.5500,1.00,no
2026-10-05T04:59:22.183375Z,KXETH15M-26OCT050100-00,0.5500,15.00,no
2026-10-05T04:59:22.190928Z,KXETH15M-26OCT050100-00,0.5600,15.00,no
2026-10-05T04:59:22.193059Z,KXETH15M-26OCT050100-00,0.5500,15.00,no
2026-10-05T04:59:22.193059Z,KXETH15M-26OCT050100-00,0.5400,26.00,no
2026-10-05T04:59:22.19776Z,KXETH15M-26OCT050100-00,0.5400,15.00,no
2026-10-05T04:59:22.202378Z,KXETH15M-26OCT050100-00,0.5200,10.00,no
2026-10-05T04:59:22.220208Z,KXETH15M-26OCT050100-00,0.5200,0.90,yes
2026-10-05T04:59:22.683584Z,KXETH15M-26OCT050100-00,0.4700,509.00,no
2026-10-05T04:59:22.683584Z,KXETH15M-26OCT050100-00,0.4700,9.00,no
2026-10-05T04:59:22.683584Z,KXETH15M-26OCT050100-00,0.4700,9.00,no
2026-10-05T04:59:22.683584Z,KXETH15M-26OCT050100-00,0.4700,60.00,no
2026-10-05T04:59:22.687538Z,KXETH15M-26OCT050100-00,0.4500,1.00,no
2026-10-05T04:59:22.693899Z,KXETH15M-26OCT050100-00,0.4300,10.00,no
2026-10-05T04:59:22.693899Z,KXETH15M-26OCT050100-00,0.4200,40.00,no
2026-10-05T04:59:22.696725Z,KXETH15M-26OCT050100-00,0.4200,2.00,no
2026-10-05T04:59:22.696725Z,KXETH15M-26OCT050100-00,0.4200,8.00,no
2026-10-05T04:59:22.696725Z,KXETH15M-26OCT050100-00,0.4200,10.00,no
2026-10-05T04:59:22.699253Z,KXETH15M-26OCT050100-00,0.4200,7.00,no
2026-10-05T04:59:22.699253Z,KXETH15M-26OCT050100-00,0.4200,9.00,no
2026-10-05T04:59:22.699253Z,KXETH15M-26OCT050100-00,0.4000,9.00,no
2026-10-05T04:59:22.699445Z,KXETH15M-26OCT050100-00,0.3900,8.00,no
2026-10-05T04:59:22.699445Z,KXETH15M-26OCT050100-00,0.3900,10.00,no
2026-10-05T04:59:22.701123Z,KXETH15M-26OCT050100-00,0.3600,1.00,no
2026-10-05T04:59:22.701123Z,KXETH15M-26OCT050100-00,0.3700,12.29,no
2026-10-05T04:59:22.701726Z,KXETH15M-26OCT050100-00,0.3300,28.00,no
2026-10-05T04:59:22.701726Z,KXETH15M-26OCT050100-00,0.3300,20.00,no
2026-10-05T04:59:22.701726Z,KXETH15M-26OCT050100-00,0.3300,50.00,no
2026-10-05T04:59:22.708062Z,KXETH15M-26OCT050100-00,0.3400,9.00,no
2026-10-05T04:59:22.708062Z,KXETH15M-26OCT050100-00,0.3500,9.00,no
2026-10-05T04:59:22.708062Z,KXETH15M-26OCT050100-00,0.3700,16.00,no
2026-10-05T04:59:22.708062Z,KXETH15M-26OCT050100-00,0.3300,9.00,no
2026-10-05T04:59:22.708062Z,KXETH15M-26OCT050100-00,0.3600,16.00,no
2026-10-05T04:59:22.708398Z,KXETH15M-26OCT050100-00,0.3000,2.08,no
2026-10-05T04:59:22.708398Z,KXETH15M-26OCT050100-00,0.3000,1.00,no
2026-10-05T04:59:22.708398Z,KXETH15M-26OCT050100-00,0.3000,286.14,no
2026-10-05T04:59:22.708398Z,KXETH15M-26OCT050100-00,0.3000,30.00,no
2026-10-05T04:59:22.724315Z,KXETH15M-26OCT050100-00,0.3300,9.00,yes
2026-10-05T04:59:22.726863Z,KXETH15M-26OCT050100-00,0.3300,25.00,yes
2026-10-05T04:59:22.750264Z,KXETH15M-26OCT050100-00,0.3800,25.00,yes
2026-10-05T04:59:22.954559Z,KXETH15M-26OCT050100-00,0.4200,4.12,yes
2026-10-05T04:59:23.020258Z,KXETH15M-26OCT050100-00,0.4300,500.00,yes
2026-10-05T04:59:23.020258Z,KXETH15M-26OCT050100-00,0.4400,500.00,yes
2026-10-05T04:59:23.020258Z,KXETH15M-26OCT050100-00,0.4200,16.88,yes
2026-10-05T04:59:23.020258Z,KXETH15M-26OCT050100-00,0.4200,8.00,yes
2026-10-05T04:59:23.091851Z,KXETH15M-26OCT050100-00,0.4400,3.00,yes
2026-10-05T04:59:23.151315Z,KXETH15M-26OCT050100-00,0.4500,0.48,yes
2026-10-05T04:59:23.151315Z,KXETH15M-26OCT050100-00,0.4400,9.00,yes
2026-10-05T04:59:23.151315Z,KXETH15M-26OCT050100-00,0.4400,6.52,yes
2026-10-05T04:59:23.153348Z,KXETH15M-26OCT050100-00,0.4100,2.80,no
2026-10-05T04:59:23.332508Z,KXETH15M-26OCT050100-00,0.4500,79.63,yes
2026-10-05T04:59:23.536399Z,KXETH15M-26OCT050100-00,0.4200,8.00,no
2026-10-05T04:59:23.536399Z,KXETH15M-26OCT050100-00,0.4400,14.00,no
2026-10-05T04:59:23.536399Z,KXETH15M-26OCT050100-00,0.4400,8.00,no
2026-10-05T04:59:23.536399Z,KXETH15M-26OCT050100-00,0.4200,1.00,no
2026-10-05T04:59:23.536399Z,KXETH15M-26OCT050100-00,0.4300,28.00,no
2026-10-05T04:59:23.536399Z,KXETH15M-26OCT050100-00,0.4300,15.00,no
2026-10-05T04:59:23.536399Z,KXETH15M-26OCT050100-00,0.4200,500.00,no
2026-10-05T04:59:23.536399Z,KXETH15M-26OCT050100-00,0.4200,15.00,no
2026-10-05T04:59:23.564307Z,KXETH15M-26OCT050100-00,0.4500,25.86,yes
2026-10-05T04:59:23.577004Z,KXETH15M-26OCT050100-00,0.4500,10.69,yes
2026-10-05T04:59:23.677643Z,KXETH15M-26OCT050100-00,0.4600,1.96,yes
2026-10-05T04:59:23.69792Z,KXETH15M-26OCT050100-00,0.4500,4.00,no
2026-10-05T04:59:23.69792Z,KXETH15M-26OCT050100-00,0.4400,4.48,no
2026-10-05T04:59:23.813343Z,KXETH15M-26OCT050100-00,0.4600,15.00,no
2026-10-05T04:59:23.813343Z,KXETH15M-26OCT050100-00,0.4500,14.00,no
2026-10-05T04:59:23.813343Z,KXETH15M-26OCT050100-00,0.4500,15.00,no
2026-10-05T04:59:23.813343Z,KXETH15M-26OCT050100-00,0.4400,36.00,no
2026-10-05T04:59:23.813343Z,KXETH15M-26OCT050100-00,0.4400,10.00,no
2026-10-05T04:59:23.842517Z,KXETH15M-26OCT050100-00,0.4700,4.06,yes
2026-10-05T04:59:23.879024Z,KXETH15M-26OCT050100-00,0.4600,15.00,no
2026-10-05T04:59:23.890716Z,KXETH15M-26OCT050100-00,0.4500,1.00,no
2026-10-05T04:59:23.890716Z,KXETH15M-26OCT050100-00,0.4500,16.00,no
2026-10-05T04:59:23.890716Z,KXETH15M-26OCT050100-00,0.4500,15.00,no
2026-10-05T04:59:23.902969Z,KXETH15M-26OCT050100-00,0.4300,1.00,no
2026-10-05T04:59:24.010532Z,KXETH15M-26OCT050100-00,0.4400,4.10,yes
2026-10-05T04:59:24.013003Z,KXETH15M-26OCT050100-00,0.4300,6.78,no
2026-10-05T04:59:24.100389Z,KXETH15M-26OCT050100-00,0.4300,1.50,no
2026-10-05T04:59:24.149887Z,KXETH15M-26OCT050100-00,0.4400,6.15,yes
2026-10-05T04:59:24.157115Z,KXETH15M-26OCT050100-00,0.4300,5.72,no
2026-10-05T04:59:24.157115Z,KXETH15M-26OCT050100-00,0.4200,15.00,no
2026-10-05T04:59:24.157497Z,KXETH15M-26OCT050100-00,0.3900,8.00,no
2026-10-05T04:59:24.157497Z,KXETH15M-26OCT050100-00,0.4100,1.00,no
2026-10-05T04:59:24.175742Z,KXETH15M-26OCT050100-00,0.3600,80.01,yes
2026-10-05T04:59:24.2343Z,KXETH15M-26OCT050100-00,0.3600,9.00,yes
2026-10-05T04:59:24.2343Z,KXETH15M-26OCT050100-00,0.3600,25.00,yes
2026-10-05T04:59:24.2343Z,KXETH15M-26OCT050100-00,0.3500,25.00,yes
2026-10-05T04:59:24.247765Z,KXETH15M-26OCT050100-00,0.3500,0.21,yes
2026-10-05T04:59:24.260583Z,KXETH15M-26OCT050100-00,0.3400,1.00,no
2026-10-05T04:59:24.385796Z,KXETH15M-26OCT050100-00,0.3500,2.18,yes
2026-10-05T04:59:24.448072Z,KXETH15M-26OCT050100-00,0.3500,25.00,yes
2026-10-05T04:59:24.448072Z,KXETH15M-26OCT050100-00,0.3500,16.61,yes
2026-10-05T04:59:24.448072Z,KXETH15M-26OCT050100-00,0.3800,2.12,yes
2026-10-05T04:59:24.485152Z,KXETH15M-26OCT050100-00,0.3900,2.05,yes
2026-10-05T04:59:24.588768Z,KXETH15M-26OCT050100-00,0.3900,2.34,yes
2026-10-05T04:59:24.616886Z,KXETH15M-26OCT050100-00,0.3900,25.00,yes
2026-10-05T04:59:24.671682Z,KXETH15M-26OCT050100-00,0.3900,28.61,yes
2026-10-05T04:59:24.671682Z,KXETH15M-26OCT050100-00,0.4000,8.57,yes
2026-10-05T04:59:24.671682Z,KXETH15M-26OCT050100-00,0.4000,10.00,yes
2026-10-05T04:59:24.711755Z,KXETH15M-26OCT050100-00,0.3800,15.00,no
2026-10-05T04:59:24.711755Z,KXETH15M-26OCT050100-00,0.3900,15.00,no
2026-10-05T04:59:24.711755Z,KXETH15M-26OCT050100-00,0.3800,9.00,no
2026-10-05T04:59:24.711755Z,KXETH15M-26OCT050100-00,0.3600,344.00,no
2026-10-05T04:59:24.711755Z,KXETH15M-26OCT050100-00,0.3700,500.00,no
2026-10-05T04:59:24.711755Z,KXETH15M-26OCT050100-00,0.3800,500.00,no
2026-10-05T04:59:24.711755Z,KXETH15M-26OCT050100-00,0.3800,8.00,no
2026-10-05T04:59:24.729429Z,KXETH15M-26OCT050100-00,0.4000,6.73,yes
2026-10-05T04:59:24.729429Z,KXETH15M-26OCT050100-00,0.4100,37.00,yes
2026-10-05T04:59:24.729429Z,KXETH15M-26OCT050100-00,0.4000,13.43,yes
2026-10-05T04:59:24.729429Z,KXETH15M-26OCT050100-00,0.4000,21.00,yes
2026-10-05T04:59:24.729429Z,KXETH15M-26OCT050100-00,0.4200,12.84,yes
2026-10-05T04:59:24.729429Z,KXETH15M-26OCT050100-00,0.4100,9.00,yes
2026-10-05T04:59:24.876121Z,KXETH15M-26OCT050100-00,0.3900,14.00,no
2026-10-05T04:59:24.876121Z,KXETH15M-26OCT050100-00,0.4000,15.00,no
2026-10-05T04:59:24.912936Z,KXETH15M-26OCT050100-00,0.3900,14.00,no
2026-10-05T04:59:24.912936Z,KXETH15M-26OCT050100-00,0.3800,17.64,no
2026-10-05T04:59:24.916629Z,KXETH15M-26OCT050100-00,0.4100,19.13,yes
2026-10-05T04:59:24.937669Z,KXETH15M-26OCT050100-00,0.3600,9.00,no
2026-10-05T04:59:24.937669Z,KXETH15M-26OCT050100-00,0.3700,500.00,no
2026-10-05T04:59:24.937669Z,KXETH15M-26OCT050100-00,0.3600,156.00,no
2026-10-05T04:59:24.937669Z,KXETH15M-26OCT050100-00,0.3800,1.00,no
2026-10-05T04:59:24.937669Z,KXETH15M-26OCT050100-00,0.3600,5.00,no
2026-10-05T04:59:24.937669Z,KXETH15M-26OCT050100-00,0.3800,8.00,no
2026-10-05T04:59:24.939748Z,KXETH15M-26OCT050100-00,0.3600,19.00,no
2026-10-05T04:59:24.986275Z,KXETH15M-26OCT050100-00,0.3700,9.00,yes
2026-10-05T04:59:24.986275Z,KXETH15M-26OCT050100-00,0.3600,25.00,yes
2026-10-05T04:59:24.986275Z,KXETH15M-26OCT050100-00,0.3800,2.47,yes
2026-10-05T04:59:24.986275Z,KXETH15M-26OCT050100-00,0.3700,25.00,yes
2026-10-05T04:59:25.005533Z,KXETH15M-26OCT050100-00,0.3800,2.45,yes
2026-10-05T04:59:25.034579Z,KXETH15M-26OCT050100-00,0.3800,3.02,yes
2026-10-05T04:59:25.110828Z,KXETH15M-26OCT050100-00,0.3900,47.81,yes
2026-10-05T04:59:25.118347Z,KXETH15M-26OCT050100-00,0.3600,8.00,no
2026-10-05T04:59:25.226Z,KXETH15M-26OCT050100-00,0.3800,11.71,yes
2026-10-05T04:59:25.318941Z,KXETH15M-26OCT050100-00,0.3500,16.00,no
2026-10-05T04:59:25.318941Z,KXETH15M-26OCT050100-00,0.3500,5.02,no
2026-10-05T04:59:25.377189Z,KXETH15M-26OCT050100-00,0.3900,24.59,yes
2026-10-05T04:59:25.463257Z,KXETH15M-26OCT050100-00,0.3700,3.00,no
2026-10-05T04:59:25.489497Z,KXETH15M-26OCT050100-00,0.3900,9.84,yes
2026-10-05T04:59:25.491362Z,KXETH15M-26OCT050100-00,0.3900,3.52,yes
2026-10-05T04:59:25.511372Z,KXETH15M-26OCT050100-00,0.3800,14.00,no
2026-10-05T04:59:25.564602Z,KXETH15M-26OCT050100-00,0.3900,2.46,yes
2026-10-05T04:59:25.75084Z,KXETH15M-26OCT050100-00,0.4100,7.62,no
2026-10-05T04:59:25.831132Z,KXETH15M-26OCT050100-00,0.4100,7.38,no
2026-10-05T04:59:25.831132Z,KXETH15M-26OCT050100-00,0.4100,16.62,no
2026-10-05T04:59:25.836075Z,KXETH15M-26OCT050100-00,0.4000,0.12,no
2026-10-05T04:59:25.836075Z,KXETH15M-26OCT050100-00,0.4100,7.38,no
2026-10-05T04:59:25.87395Z,KXETH15M-26OCT050100-00,0.4000,14.88,no
2026-10-05T04:59:25.87395Z,KXETH15M-26OCT050100-00,0.3900,3.12,no
2026-10-05T04:59:25.87395Z,KXETH15M-26OCT050100-00,0.4000,9.00,no
2026-10-05T04:59:25.90867Z,KXETH15M-26OCT050100-00,0.4100,59.78,yes
2026-10-05T04:59:25.90867Z,KXETH15M-26OCT050100-00,0.4100,20.00,yes
2026-10-05T04:59:25.95386Z,KXETH15M-26OCT050100-00,0.4000,1.50,no
2026-10-05T04:59:25.99602Z,KXETH15M-26OCT050100-00,0.3900,0.50,no
2026-10-05T04:59:25.99602Z,KXETH15M-26OCT050100-00,0.3900,15.00,no
2026-10-05T04:59:25.99602Z,KXETH15M-26OCT050100-00,0.4000,13.50,no
2026-10-05T04:59:26.047649Z,KXETH15M-26OCT050100-00,0.4000,0.79,no
2026-10-05T04:59:26.049036Z,KXETH15M-26OCT050100-00,0.4000,0.87,no
2026-10-05T04:59:26.158685Z,KXETH15M-26OCT050100-00,0.4000,1.00,no
2026-10-05T04:59:26.242213Z,KXETH15M-26OCT050100-00,0.4100,2.44,yes
2026-10-05T04:59:26.242213Z,KXETH15M-26OCT050100-00,0.4100,9.00,yes
2026-10-05T04:59:26.395258Z,KXETH15M-26OCT050100-00,0.4000,35.13,yes
2026-10-05T04:59:26.420977Z,KXETH15M-26OCT050100-00,0.4000,2.34,yes
2026-10-05T04:59:26.427544Z,KXETH15M-26OCT050100-00,0.3900,15.00,no
2026-10-05T04:59:26.450535Z,KXETH15M-26OCT050100-00,0.3700,1.55,no
2026-10-05T04:59:26.523035Z,KXETH15M-26OCT050100-00,0.3600,2.77,no
2026-10-05T04:59:26.523035Z,KXETH15M-26OCT050100-00,0.3700,1.15,no
2026-10-05T04:59:26.523035Z,KXETH15M-26OCT050100-00,0.3500,1.00,no
2026-10-05T04:59:26.523035Z,KXETH15M-26OCT050100-00,0.3700,16.00,no
2026-10-05T04:59:26.533022Z,KXETH15M-26OCT050100-00,0.3400,16.00,no
2026-10-05T04:59:26.634173Z,KXETH15M-26OCT050100-00,0.3400,1.89,yes
2026-10-05T04:59:26.769509Z,KXETH15M-26OCT050100-00,0.3800,0.56,yes
2026-10-05T04:59:26.80504Z,KXETH15M-26OCT050100-00,0.3900,6.00,yes
2026-10-05T04:59:26.80504Z,KXETH15M-26OCT050100-00,0.3800,0.12,yes
2026-10-05T04:59:26.80504Z,KXETH15M-26OCT050100-00,0.4000,2.15,yes
2026-10-05T04:59:26.819475Z,KXETH15M-26OCT050100-00,0.4000,7.22,yes
2026-10-05T04:59:26.922286Z,KXETH15M-26OCT050100-00,0.3800,0.93,no
2026-10-05T04:59:26.935583Z,KXETH15M-26OCT050100-00,0.3800,14.07,no
2026-10-05T04:59:26.935583Z,KXETH15M-26OCT050100-00,0.3700,1.40,no
2026-10-05T04:59:27.026691Z,KXETH15M-26OCT050100-00,0.3700,14.60,no
2026-10-05T04:59:27.026691Z,KXETH15M-26OCT050100-00,0.3500,16.00,no
2026-10-05T04:59:27.139097Z,KXETH15M-26OCT050100-00,0.3700,8.00,no
2026-10-05T04:59:27.139097Z,KXETH15M-26OCT050100-00,0.3600,40.18,no
2026-10-05T04:59:27.139097Z,KXETH15M-26OCT050100-00,0.3700,16.00,no
2026-10-05T04:59:27.139939Z,KXETH15M-26OCT050100-00,0.3600,0.83,no
2026-10-05T04:59:27.158196Z,KXETH15M-26OCT050100-00,0.3500,222.01,no
2026-10-05T04:59:27.158196Z,KXETH15M-26OCT050100-00,0.3600,9.00,no
2026-10-05T04:59:27.158196Z,KXETH15M-26OCT050100-00,0.3600,458.99,no
2026-10-05T04:59:27.173864Z,KXETH15M-26OCT050100-00,0.3800,68.00,yes
2026-10-05T04:59:27.173864Z,KXETH15M-26OCT050100-00,0.3800,38.00,yes
2026-10-05T04:59:27.173864Z,KXETH15M-26OCT050100-00,0.3900,9.00,yes
2026-10-05T04:59:27.173864Z,KXETH15M-26OCT050100-00,0.3800,50.00,yes
2026-10-05T04:59:27.173864Z,KXETH15M-26OCT050100-00,0.3900,5.04,yes
2026-10-05T04:59:27.265605Z,KXETH15M-26OCT050100-00,0.3600,47.00,yes
2026-10-05T04:59:27.299097Z,KXETH15M-26OCT050100-00,0.3600,35.25,yes
2026-10-05T04:59:27.306024Z,KXETH15M-26OCT050100-00,0.3600,4.57,yes
2026-10-05T04:59:27.428856Z,KXETH15M-26OCT050100-00,0.3800,4.45,yes
2026-10-05T04:59:27.428856Z,KXETH15M-26OCT050100-00,0.3700,7.00,yes
2026-10-05T04:59:27.428856Z,KXETH15M-26OCT050100-00,0.3700,1.00,yes
2026-10-05T04:59:27.428856Z,KXETH15M-26OCT050100-00,0.3600,0.16,yes
2026-10-05T04:59:27.452067Z,KXETH15M-26OCT050100-00,0.3800,1.55,yes
2026-10-05T04:59:27.452067Z,KXETH15M-26OCT050100-00,0.3800,0.95,yes
2026-10-05T04:59:27.538808Z,KXETH15M-26OCT050100-00,0.3500,5.06,yes
2026-10-05T04:59:27.561351Z,KXETH15M-26OCT050100-00,0.3500,15.00,yes
2026-10-05T04:59:27.581866Z,KXETH15M-26OCT050100-00,0.3500,7.35,yes
2026-10-05T04:59:27.59881Z,KXETH15M-26OCT050100-00,0.3500,13.07,yes
2026-10-05T04:59:27.655095Z,KXETH15M-26OCT050100-00,0.3500,1.00,yes
2026-10-05T04:59:27.813736Z,KXETH15M-26OCT050100-00,0.3400,2.81,yes
2026-10-05T04:59:27.853651Z,KXETH15M-26OCT050100-00,0.3400,7.97,yes
2026-10-05T04:59:27.859496Z,KXETH15M-26OCT050100-00,0.3300,22.00,no
2026-10-05T04:59:27.891486Z,KXETH15M-26OCT050100-00,0.3100,21.00,yes
2026-10-05T04:59:27.899756Z,KXETH15M-26OCT050100-00,0.3100,37.83,yes
2026-10-05T04:59:27.928717Z,KXETH15M-26OCT050100-00,0.3000,42.30,yes
2026-10-05T04:59:27.944293Z,KXETH15M-26OCT050100-00,0.3000,327.93,yes
2026-10-05T04:59:28.023604Z,KXETH15M-26OCT050100-00,0.2500,1.90,no
2026-10-05T04:59:28.023604Z,KXETH15M-26OCT050100-00,0.2500,24.61,no
2026-10-05T04:59:28.023604Z,KXETH15M-26OCT050100-00,0.2500,106.99,no
2026-10-05T04:59:28.023604Z,KXETH15M-26OCT050100-00,0.2500,52.45,no
2026-10-05T04:59:28.023604Z,KXETH15M-26OCT050100-00,0.2800,59.00,no
2026-10-05T04:59:28.023604Z,KXETH15M-26OCT050100-00,0.2800,9.00,no
2026-10-05T04:59:28.023604Z,KXETH15M-26OCT050100-00,0.2600,9.00,no
2026-10-05T04:59:28.023604Z,KXETH15M-26OCT050100-00,0.2700,45.00,no
2026-10-05T04:59:28.023604Z,KXETH15M-26OCT050100-00,0.2500,0.75,no
2026-10-05T04:59:28.023604Z,KXETH15M-26OCT050100-00,0.2500,0.30,no
2026-10-05T04:59:28.023604Z,KXETH15M-26OCT050100-00,0.2500,12.81,no
2026-10-05T04:59:28.023604Z,KXETH15M-26OCT050100-00,0.2500,8.51,no
2026-10-05T04:59:28.023604Z,KXETH15M-26OCT050100-00,0.2500,9.47,no
2026-10-05T04:59:28.023604Z,KXETH15M-26OCT050100-00,0.2500,45.56,no
2026-10-05T04:59:28.023604Z,KXETH15M-26OCT050100-00,0.2500,42.79,no
2026-10-05T04:59:28.023604Z,KXETH15M-26OCT050100-00,0.2500,54.71,no
2026-10-05T04:59:28.023604Z,KXETH15M-26OCT050100-00,0.2500,23.99,no
2026-10-05T04:59:28.023604Z,KXETH15M-26OCT050100-00,0.2500,3.71,no
2026-10-05T04:59:28.023604Z,KXETH15M-26OCT050100-00,0.2500,29.52,no
2026-10-05T04:59:28.023604Z,KXETH15M-26OCT050100-00,0.2500,3.09,no
2026-10-05T04:59:28.023604Z,KXETH15M-26OCT050100-00,0.2500,62.84,no
2026-10-05T04:59:28.024196Z,KXETH15M-26OCT050100-00,0.2100,1.00,no
2026-10-05T04:59:28.024196Z,KXETH15M-26OCT050100-00,0.2000,1.00,no
2026-10-05T04:59:28.024196Z,KXETH15M-26OCT050100-00,0.2100,1.00,no
2026-10-05T04:59:28.024196Z,KXETH15M-26OCT050100-00,0.2200,1.00,no
2026-10-05T04:59:28.024196Z,KXETH15M-26OCT050100-00,0.2000,1.00,no
2026-10-05T04:59:28.024196Z,KXETH15M-26OCT050100-00,0.1900,1.00,no
2026-10-05T04:59:28.024196Z,KXETH15M-26OCT050100-00,0.2300,15.76,no
2026-10-05T04:59:28.024196Z,KXETH15M-26OCT050100-00,0.2500,147.55,no
2026-10-05T04:59:28.024196Z,KXETH15M-26OCT050100-00,0.2400,1.00,no
2026-10-05T04:59:28.024196Z,KXETH15M-26OCT050100-00,0.2500,1.78,no
2026-10-05T04:59:28.024196Z,KXETH15M-26OCT050100-00,0.1900,150.63,no
2026-10-05T04:59:28.024196Z,KXETH15M-26OCT050100-00,0.2000,11.44,no
2026-10-05T04:59:28.025902Z,KXETH15M-26OCT050100-00,0.1800,1.00,no
2026-10-05T04:59:28.025902Z,KXETH15M-26OCT050100-00,0.1800,1.00,no
2026-10-05T04:59:28.025902Z,KXETH15M-26OCT050100-00,0.1800,61.33,no
2026-10-05T04:59:28.027147Z,KXETH15M-26OCT050100-00,0.1800,57.89,no
2026-10-05T04:59:28.033353Z,KXETH15M-26OCT050100-00,0.1700,1.00,no
2026-10-05T04:59:28.033353Z,KXETH15M-26OCT050100-00,0.2000,9.00,no
2026-10-05T04:59:28.033353Z,KXETH15M-26OCT050100-00,0.2500,9.00,no
2026-10-05T04:59:28.033353Z,KXETH15M-26OCT050100-00,0.2300,9.00,no
2026-10-05T04:59:28.033353Z,KXETH15M-26OCT050100-00,0.1700,25.00,no
2026-10-05T04:59:28.04379Z,KXETH15M-26OCT050100-00,0.1800,1.00,yes
2026-10-05T04:59:28.085263Z,KXETH15M-26OCT050100-00,0.2200,10.00,yes
2026-10-05T04:59:28.085263Z,KXETH15M-26OCT050100-00,0.2200,500.00,yes
2026-10-05T04:59:28.155237Z,KXETH15M-26OCT050100-00,0.1800,54.00,no
2026-10-05T04:59:28.155237Z,KXETH15M-26OCT050100-00,0.2000,9.00,no
2026-10-05T04:59:28.155237Z,KXETH15M-26OCT050100-00,0.1800,9.00,no
2026-10-05T04:59:28.155237Z,KXETH15M-26OCT050100-00,0.1800,25.00,no
2026-10-05T04:59:28.155237Z,KXETH15M-26OCT050100-00,0.1900,9.00,no
2026-10-05T04:59:28.157169Z,KXETH15M-26OCT050100-00,0.1700,25.00,no
2026-10-05T04:59:28.157169Z,KXETH15M-26OCT050100-00,0.1700,1.00,no
2026-10-05T04:59:28.186986Z,KXETH15M-26OCT050100-00,0.1700,11.00,yes
2026-10-05T04:59:28.190943Z,KXETH15M-26OCT050100-00,0.1600,1.00,no
2026-10-05T04:59:28.190943Z,KXETH15M-26OCT050100-00,0.1600,10.00,no
2026-10-05T04:59:28.190943Z,KXETH15M-26OCT050100-00,0.1600,1.00,no
2026-10-05T04:59:28.227706Z,KXETH15M-26OCT050100-00,0.2400,6.85,yes
2026-10-05T04:59:28.242827Z,KXETH15M-26OCT050100-00,0.2500,69.58,yes
2026-10-05T04:59:28.334235Z,KXETH15M-26OCT050100-00,0.2200,1.00,no
2026-10-05T04:59:28.334307Z,KXETH15M-26OCT050100-00,0.2200,2.00,no
2026-10-05T04:59:28.336112Z,KXETH15M-26OCT050100-00,0.2200,6.00,no
2026-10-05T04:59:28.336112Z,KXETH15M-26OCT050100-00,0.2200,9.00,no
2026-10-05T04:59:28.364791Z,KXETH15M-26OCT050100-00,0.2100,6.35,yes
2026-10-05T04:59:28.387211Z,KXETH15M-26OCT050100-00,0.2200,0.30,yes
2026-10-05T04:59:28.503652Z,KXETH15M-26OCT050100-00,0.1900,151.00,yes
2026-10-05T04:59:28.503652Z,KXETH15M-26OCT050100-00,0.1900,9.00,yes
2026-10-05T04:59:28.519352Z,KXETH15M-26OCT050100-00,0.2300,57.00,yes
2026-10-05T04:59:28.591557Z,KXETH15M-26OCT050100-00,0.2100,5.00,no
2026-10-05T04:59:28.628156Z,KXETH15M-26OCT050100-00,0.2400,8.00,yes
2026-10-05T04:59:28.628156Z,KXETH15M-26OCT050100-00,0.2400,5.66,yes
2026-10-05T04:59:28.635389Z,KXETH15M-26OCT050100-00,0.2400,14.05,yes
2026-10-05T04:59:28.681465Z,KXETH15M-26OCT050100-00,0.2500,2.46,no
2026-10-05T04:59:28.764721Z,KXETH15M-26OCT050100-00,0.2600,7.73,yes
2026-10-05T04:59:28.82219Z,KXETH15M-26OCT050100-00,0.2500,5.39,no
2026-10-05T04:59:28.822394Z,KXETH15M-26OCT050100-00,0.2400,20.00,no
2026-10-05T04:59:28.822394Z,KXETH15M-26OCT050100-00,0.2400,9.00,no
2026-10-05T04:59:28.822394Z,KXETH15M-26OCT050100-00,0.2500,9.00,no
2026-10-05T04:59:28.822394Z,KXETH15M-26OCT050100-00,0.2400,31.85,no
2026-10-05T04:59:28.822394Z,KXETH15M-26OCT050100-00,0.2500,12.15,no
2026-10-05T04:59:28.822394Z,KXETH15M-26OCT050100-00,0.2500,9.00,no
2026-10-05T04:59:29.002531Z,KXETH15M-26OCT050100-00,0.2600,6.23,no
2026-10-05T04:59:29.015039Z,KXETH15M-26OCT050100-00,0.2600,6.23,no
2026-10-05T04:59:29.072621Z,KXETH15M-26OCT050100-00,0.2700,14.79,yes
2026-10-05T04:59:29.177412Z,KXETH15M-26OCT050100-00,0.2700,9.84,yes
2026-10-05T04:59:29.204246Z,KXETH15M-26OCT050100-00,0.2700,1.00,yes
2026-10-05T04:59:29.204246Z,KXETH15M-26OCT050100-00,0.2700,6.00,yes
2026-10-05T04:59:29.204246Z,KXETH15M-26OCT050100-00,0.2800,238.91,yes
2026-10-05T04:59:29.204246Z,KXETH15M-26OCT050100-00,0.2700,8.00,yes
2026-10-05T04:59:29.261767Z,KXETH15M-26OCT050100-00,0.2800,8.37,yes
2026-10-05T04:59:29.285007Z,KXETH15M-26OCT050100-00,0.2600,11.80,no
2026-10-05T04:59:29.285007Z,KXETH15M-26OCT050100-00,0.2600,6.54,no
2026-10-05T04:59:29.292723Z,KXETH15M-26OCT050100-00,0.2600,0.20,no
2026-10-05T04:59:29.292723Z,KXETH15M-26OCT050100-00,0.2600,6.43,no
2026-10-05T04:59:29.324233Z,KXETH15M-26OCT050100-00,0.2600,102.18,no
2026-10-05T04:59:29.324233Z,KXETH15M-26OCT050100-00,0.2600,19.00,no
2026-10-05T04:59:29.324233Z,KXETH15M-26OCT050100-00,0.2600,9.00,no
2026-10-05T04:59:29.423653Z,KXETH15M-26OCT050100-00,0.2500,9.02,no
2026-10-05T04:59:29.423653Z,KXETH15M-26OCT050100-00,0.2600,9.00,no
2026-10-05T04:59:29.423653Z,KXETH15M-26OCT050100-00,0.2600,19.00,no
2026-10-05T04:59:29.423653Z,KXETH15M-26OCT050100-00,0.2700,39.00,no
2026-10-05T04:59:29.423653Z,KXETH15M-26OCT050100-00,0.2600,1.00,no
2026-10-05T04:59:29.423653Z,KXETH15M-26OCT050100-00,0.2500,20.00,no
2026-10-05T04:59:29.447317Z,KXETH15M-26OCT050100-00,0.2800,2.82,yes
2026-10-05T04:59:29.447317Z,KXETH15M-26OCT050100-00,0.2800,6.00,yes
2026-10-05T04:59:29.447317Z,KXETH15M-26OCT050100-00,0.2800,11.00,yes
2026-10-05T04:59:29.447317Z,KXETH15M-26OCT050100-00,0.2800,1.00,yes
2026-10-05T04:59:29.509702Z,KXETH15M-26OCT050100-00,0.2800,0.12,yes
2026-10-05T04:59:29.559804Z,KXETH15M-26OCT050100-00,0.2500,13.99,no
2026-10-05T04:59:29.559804Z,KXETH15M-26OCT050100-00,0.2600,19.00,no
2026-10-05T04:59:29.598833Z,KXETH15M-26OCT050100-00,0.2500,1.00,no
2026-10-05T04:59:29.599817Z,KXETH15M-26OCT050100-00,0.2700,26.54,yes
2026-10-05T04:59:29.632109Z,KXETH15M-26OCT050100-00,0.2700,14.91,yes
2026-10-05T04:59:29.675979Z,KXETH15M-26OCT050100-00,0.2500,19.00,no
2026-10-05T04:59:29.675979Z,KXETH15M-26OCT050100-00,0.2400,108.74,no
2026-10-05T04:59:29.675979Z,KXETH15M-26OCT050100-00,0.2500,1.00,no
2026-10-05T04:59:29.691833Z,KXETH15M-26OCT050100-00,0.2500,20.00,no
2026-10-05T04:59:29.739571Z,KXETH15M-26OCT050100-00,0.2600,9.00,yes
2026-10-05T04:59:29.739571Z,KXETH15M-26OCT050100-00,0.2600,6.00,yes
2026-10-05T04:59:29.739571Z,KXETH15M-26OCT050100-00,0.2600,1.90,yes
2026-10-05T04:59:29.739571Z,KXETH15M-26OCT050100-00,0.2600,8.00,yes
2026-10-05T04:59:29.745266Z,KXETH15M-26OCT050100-00,0.2500,6.49,no
2026-10-05T04:59:29.775552Z,KXETH15M-26OCT050100-00,0.2300,26.49,no
2026-10-05T04:59:29.775552Z,KXETH15M-26OCT050100-00,0.2500,13.51,no
2026-10-05T04:59:29.775552Z,KXETH15M-26OCT050100-00,0.2400,20.00,no
2026-10-05T04:59:29.808726Z,KXETH15M-26OCT050100-00,0.2600,3.40,yes
2026-10-05T04:59:29.823076Z,KXETH15M-26OCT050100-00,0.2600,3.40,yes
2026-10-05T04:59:29.851276Z,KXETH15M-26OCT050100-00,0.2500,2.59,no
2026-10-05T04:59:29.946947Z,KXETH15M-26OCT050100-00,0.2600,3.19,yes
2026-10-05T04:59:30.028425Z,KXETH15M-26OCT050100-00,0.2600,7.97,yes
2026-10-05T04:59:30.043114Z,KXETH15M-26OCT050100-00,0.2500,10.00,no
2026-10-05T04:59:30.11652Z,KXETH15M-26OCT050100-00,0.2600,3.34,yes
2026-10-05T04:59:30.128258Z,KXETH15M-26OCT050100-00,0.2600,0.92,yes
2026-10-05T04:59:30.129385Z,KXETH15M-26OCT050100-00,0.2600,6.72,yes
2026-10-05T04:59:30.135631Z,KXETH15M-26OCT050100-00,0.2400,2.51,no
2026-10-05T04:59:30.158088Z,KXETH15M-26OCT050100-00,0.2400,2.56,no
2026-10-05T04:59:30.242362Z,KXETH15M-26OCT050100-00,0.2500,6.55,no
2026-10-05T04:59:30.242734Z,KXETH15M-26OCT050100-00,0.2500,0.32,no
2026-10-05T04:59:30.345406Z,KXETH15M-26OCT050100-00,0.2600,7.00,yes
2026-10-05T04:59:30.345406Z,KXETH15M-26OCT050100-00,0.2600,6.00,yes
2026-10-05T04:59:30.345406Z,KXETH15M-26OCT050100-00,0.2600,6.76,yes
2026-10-05T04:59:30.345406Z,KXETH15M-26OCT050100-00,0.2600,0.38,yes
2026-10-05T04:59:30.365693Z,KXETH15M-26OCT050100-00,0.2800,1.00,no
2026-10-05T04:59:30.365693Z,KXETH15M-26OCT050100-00,0.2700,368.00,no
2026-10-05T04:59:30.365693Z,KXETH15M-26OCT050100-00,0.2800,9.00,no
2026-10-05T04:59:30.423348Z,KXETH15M-26OCT050100-00,0.2700,81.00,no
2026-10-05T04:59:30.440603Z,KXETH15M-26OCT050100-00,0.2700,1.00,no
2026-10-05T04:59:30.505775Z,KXETH15M-26OCT050100-00,0.2700,120.00,no
2026-10-05T04:59:30.62909Z,KXETH15M-26OCT050100-00,0.2800,7.00,yes
2026-10-05T04:59:30.62909Z,KXETH15M-26OCT050100-00,0.2800,2.96,yes
2026-10-05T04:59:30.783589Z,KXETH15M-26OCT050100-00,0.2700,7.73,yes
2026-10-05T04:59:30.788195Z,KXETH15M-26OCT050100-00,0.2500,2.58,no
2026-10-05T04:59:30.846518Z,KXETH15M-26OCT050100-00,0.2700,0.03,yes
2026-10-05T04:59:30.868086Z,KXETH15M-26OCT050100-00,0.2700,8.00,yes
2026-10-05T04:59:30.868086Z,KXETH15M-26OCT050100-00,0.2700,13.00,yes
2026-10-05T04:59:30.868086Z,KXETH15M-26OCT050100-00,0.2700,12.24,yes
2026-10-05T04:59:30.868086Z,KXETH15M-26OCT050100-00,0.2700,46.20,yes
2026-10-05T04:59:30.896067Z,KXETH15M-26OCT050100-00,0.2500,1.31,no
2026-10-05T04:59:30.977241Z,KXETH15M-26OCT050100-00,0.2500,16.11,no
2026-10-05T04:59:30.977241Z,KXETH15M-26OCT050100-00,0.2500,7.34,no
2026-10-05T04:59:30.977241Z,KXETH15M-26OCT050100-00,0.2500,9.00,no
2026-10-05T04:59:31.023167Z,KXETH15M-26OCT050100-00,0.2800,0.80,yes
2026-10-05T04:59:31.023167Z,KXETH15M-26OCT050100-00,0.2800,6.00,yes
2026-10-05T04:59:31.194117Z,KXETH15M-26OCT050100-00,0.2900,25.00,yes
2026-10-05T04:59:31.194117Z,KXETH15M-26OCT050100-00,0.2800,8.00,yes
2026-10-05T04:59:31.194117Z,KXETH15M-26OCT050100-00,0.2900,38.95,yes
2026-10-05T04:59:31.194117Z,KXETH15M-26OCT050100-00,0.2900,4.00,yes
2026-10-05T04:59:31.194117Z,KXETH15M-26OCT050100-00,0.2800,6.00,yes
2026-10-05T04:59:31.319794Z,KXETH15M-26OCT050100-00,0.2500,401.49,no
2026-10-05T04:59:31.319794Z,KXETH15M-26OCT050100-00,0.2700,9.00,no
2026-10-05T04:59:31.319794Z,KXETH15M-26OCT050100-00,0.2700,2.00,no
2026-10-05T04:59:31.319794Z,KXETH15M-26OCT050100-00,0.2600,500.00,no
2026-10-05T04:59:31.405679Z,KXETH15M-26OCT050100-00,0.2500,4.48,no
2026-10-05T04:59:31.405679Z,KXETH15M-26OCT050100-00,0.2600,9.00,no
2026-10-05T04:59:31.552166Z,KXETH15M-26OCT050100-00,0.2800,0.43,yes
2026-10-05T04:59:31.552166Z,KXETH15M-26OCT050100-00,0.2800,10.00,yes
2026-10-05T04:59:31.572536Z,KXETH15M-26OCT050100-00,0.2800,32.85,yes
2026-10-05T04:59:31.62285Z,KXETH15M-26OCT050100-00,0.2600,2.00,no
2026-10-05T04:59:31.641917Z,KXETH15M-26OCT050100-00,0.2600,0.77,no
2026-10-05T04:59:31.73613Z,KXETH15M-26OCT050100-00,0.2800,50.00,yes
2026-10-05T04:59:31.73613Z,KXETH15M-26OCT050100-00,0.2800,8.00,yes
2026-10-05T04:59:31.737407Z,KXETH15M-26OCT050100-00,0.2900,6.00,yes
2026-10-05T04:59:31.744316Z,KXETH15M-26OCT050100-00,0.3200,42.00,yes
2026-10-05T04:59:31.744316Z,KXETH15M-26OCT050100-00,0.3100,8.00,yes
2026-10-05T04:59:31.744473Z,KXETH15M-26OCT050100-00,0.3200,8.00,yes
2026-10-05T04:59:31.744473Z,KXETH15M-26OCT050100-00,0.3300,25.00,yes
2026-10-05T04:59:31.744473Z,KXETH15M-26OCT050100-00,0.3300,36.00,yes
2026-10-05T04:59:31.750017Z,KXETH15M-26OCT050100-00,0.3100,60.00,yes
2026-10-05T04:59:31.750017Z,KXETH15M-26OCT050100-00,0.3300,1.00,yes
2026-10-05T04:59:31.752907Z,KXETH15M-26OCT050100-00,0.3100,3.01,no
2026-10-05T04:59:31.752949Z,KXETH15M-26OCT050100-00,0.3100,0.68,no
2026-10-05T04:59:31.808304Z,KXETH15M-26OCT050100-00,0.3100,356.07,no
2026-10-05T04:59:31.808304Z,KXETH15M-26OCT050100-00,0.3200,8.00,no
2026-10-05T04:59:31.808304Z,KXETH15M-26OCT050100-00,0.3300,9.00,no
2026-10-05T04:59:31.823684Z,KXETH15M-26OCT050100-00,0.3100,26.31,no
2026-10-05T04:59:31.850435Z,KXETH15M-26OCT050100-00,0.3300,9.00,no
2026-10-05T04:59:31.851277Z,KXETH15M-26OCT050100-00,0.3000,1.00,no
2026-10-05T04:59:31.851277Z,KXETH15M-26OCT050100-00,0.3100,4.00,no
2026-10-05T04:59:31.900958Z,KXETH15M-26OCT050100-00,0.2900,25.00,yes
2026-10-05T04:59:31.952897Z,KXETH15M-26OCT050100-00,0.2500,13.10,no
2026-10-05T04:59:31.963923Z,KXETH15M-26OCT050100-00,0.2500,2.46,no
2026-10-05T04:59:32.011893Z,KXETH15M-26OCT050100-00,0.2900,2.98,yes
2026-10-05T04:59:32.137137Z,KXETH15M-26OCT050100-00,0.2900,6.90,yes
2026-10-05T04:59:32.148169Z,KXETH15M-26OCT050100-00,0.2700,6.54,no
2026-10-05T04:59:32.283837Z,KXETH15M-26OCT050100-00,0.2900,8.00,yes
2026-10-05T04:59:32.283837Z,KXETH15M-26OCT050100-00,0.3000,117.90,yes
2026-10-05T04:59:32.283837Z,KXETH15M-26OCT050100-00,0.2800,6.00,yes
2026-10-05T04:59:32.283837Z,KXETH15M-26OCT050100-00,0.2900,493.10,yes
2026-10-05T04:59:32.305512Z,KXETH15M-26OCT050100-00,0.2900,6.00,yes
2026-10-05T04:59:32.305512Z,KXETH15M-26OCT050100-00,0.2900,8.00,yes
2026-10-05T04:59:32.331717Z,KXETH15M-26OCT050100-00,0.2500,6.49,no
2026-10-05T04:59:32.360087Z,KXETH15M-26OCT050100-00,0.2500,1.31,no
2026-10-05T04:59:32.430659Z,KXETH15M-26OCT050100-00,0.2500,0.30,no
2026-10-05T04:59:32.495433Z,KXETH15M-26OCT050100-00,0.2500,3.90,no
2026-10-05T04:59:32.568517Z,KXETH15M-26OCT050100-00,0.2900,173.00,yes
2026-10-05T04:59:32.568517Z,KXETH15M-26OCT050100-00,0.2800,6.00,yes
2026-10-05T04:59:32.568517Z,KXETH15M-26OCT050100-00,0.2800,0.01,yes
2026-10-05T04:59:32.568517Z,KXETH15M-26OCT050100-00,0.2800,8.00,yes
2026-10-05T04:59:32.694219Z,KXETH15M-26OCT050100-00,0.2700,27.00,no
2026-10-05T04:59:32.694219Z,KXETH15M-26OCT050100-00,0.2600,38.52,no
2026-10-05T04:59:32.700109Z,KXETH15M-26OCT050100-00,0.2900,1.00,yes
2026-10-05T04:59:32.725708Z,KXETH15M-26OCT050100-00,0.2600,1.08,no
2026-10-05T04:59:32.747563Z,KXETH15M-26OCT050100-00,0.2600,6.55,no
2026-10-05T04:59:32.761269Z,KXETH15M-26OCT050100-00,0.2600,80.31,no
2026-10-05T04:59:32.799382Z,KXETH15M-26OCT050100-00,0.2900,41.93,yes
2026-10-05T04:59:32.824596Z,KXETH15M-26OCT050100-00,0.2600,65.52,no
2026-10-05T04:59:32.85643Z,KXETH15M-26OCT050100-00,0.2600,23.58,no
2026-10-05T04:59:32.926082Z,KXETH15M-26OCT050100-00,0.2600,20.00,no
2026-10-05T04:59:32.963201Z,KXETH15M-26OCT050100-00,0.2600,1.00,no
2026-10-05T04:59:33.036589Z,KXETH15M-26OCT050100-00,0.2600,19.65,no
2026-10-05T04:59:33.077284Z,KXETH15M-26OCT050100-00,0.2600,6.63,no
2026-10-05T04:59:33.085746Z,KXETH15M-26OCT050100-00,0.2600,3.93,no
2026-10-05T04:59:33.089048Z,KXETH15M-26OCT050100-00,0.2600,1.31,no
2026-10-05T04:59:33.180833Z,KXETH15M-26OCT050100-00,0.2900,0.64,yes
2026-10-05T04:59:33.188735Z,KXETH15M-26OCT050100-00,0.2600,8.66,no
2026-10-05T04:59:33.293257Z,KXETH15M-26OCT050100-00,0.2600,59.54,no
2026-10-05T04:59:33.367895Z,KXETH15M-26OCT050100-00,0.2800,4.00,yes
2026-10-05T04:59:33.367895Z,KXETH15M-26OCT050100-00,0.2900,6.42,yes
2026-10-05T04:59:33.367895Z,KXETH15M-26OCT050100-00,0.2800,6.00,yes
2026-10-05T04:59:33.382769Z,KXETH15M-26OCT050100-00,0.2600,49.37,no
2026-10-05T04:59:33.382981Z,KXETH15M-26OCT050100-00,0.2900,3.99,yes
2026-10-05T04:59:33.382981Z,KXETH15M-26OCT050100-00,0.2900,0.94,yes
2026-10-05T04:59:33.429394Z,KXETH15M-26OCT050100-00,0.2600,4.00,no
2026-10-05T04:59:33.43705Z,KXETH15M-26OCT050100-00,0.2600,66.00,no
2026-10-05T04:59:33.464501Z,KXETH15M-26OCT050100-00,0.2600,2.56,no
2026-10-05T04:59:33.504994Z,KXETH15M-26OCT050100-00,0.2800,7.02,yes
2026-10-05T04:59:33.554569Z,KXETH15M-26OCT050100-00,0.2500,33.00,no
2026-10-05T04:59:33.569234Z,KXETH15M-26OCT050100-00,0.2500,9.68,no
2026-10-05T04:59:33.621695Z,KXETH15M-26OCT050100-00,0.2500,9.14,no
2026-10-05T04:59:33.636302Z,KXETH15M-26OCT050100-00,0.2500,1.00,no
2026-10-05T04:59:33.636302Z,KXETH15M-26OCT050100-00,0.2500,14.65,no
2026-10-05T04:59:33.636302Z,KXETH15M-26OCT050100-00,0.2500,9.00,no
2026-10-05T04:59:33.678039Z,KXETH15M-26OCT050100-00,0.2800,1.00,yes
2026-10-05T04:59:33.678039Z,KXETH15M-26OCT050100-00,0.2800,500.00,yes
2026-10-05T04:59:33.678039Z,KXETH15M-26OCT050100-00,0.2900,0.64,yes
2026-10-05T04:59:33.678039Z,KXETH15M-26OCT050100-00,0.2800,6.00,yes
2026-10-05T04:59:33.678039Z,KXETH15M-26OCT050100-00,0.2900,237.35,yes
2026-10-05T04:59:33.678039Z,KXETH15M-26OCT050100-00,0.2900,5.01,yes
2026-10-05T04:59:33.703501Z,KXETH15M-26OCT050100-00,0.2500,2.88,no
2026-10-05T04:59:33.796542Z,KXETH15M-26OCT050100-00,0.2600,13.27,no
2026-10-05T04:59:33.9456Z,KXETH15M-26OCT050100-00,0.2700,4.00,yes
2026-10-05T04:59:33.968883Z,KXETH15M-26OCT050100-00,0.2500,9.00,no
2026-10-05T04:59:33.968883Z,KXETH15M-26OCT050100-00,0.2500,1.00,no
2026-10-05T04:59:33.968883Z,KXETH15M-26OCT050100-00,0.2400,2.83,no
2026-10-05T04:59:33.969086Z,KXETH15M-26OCT050100-00,0.2400,10.70,no
2026-10-05T04:59:33.98103Z,KXETH15M-26OCT050100-00,0.2400,210.24,no
2026-10-05T04:59:34.036552Z,KXETH15M-26OCT050100-00,0.2400,14.29,no
2026-10-05T04:59:34.170954Z,KXETH15M-26OCT050100-00,0.2400,100.16,no
2026-10-05T04:59:34.184312Z,KXETH15M-26OCT050100-00,0.2400,2.00,no
2026-10-05T04:59:34.197349Z,KXETH15M-26OCT050100-00,0.2700,8.00,yes
2026-10-05T04:59:34.197349Z,KXETH15M-26OCT050100-00,0.2500,60.00,yes
2026-10-05T04:59:34.197349Z,KXETH15M-26OCT050100-00,0.2500,0.22,yes
2026-10-05T04:59:34.197349Z,KXETH15M-26OCT050100-00,0.2500,10.00,yes
2026-10-05T04:59:34.199188Z,KXETH15M-26OCT050100-00,0.2600,9.00,yes
2026-10-05T04:59:34.199715Z,KXETH15M-26OCT050100-00,0.2800,6.00,yes
2026-10-05T04:59:34.20274Z,KXETH15M-26OCT050100-00,0.2400,9.00,no
2026-10-05T04:59:34.206077Z,KXETH15M-26OCT050100-00,0.2900,31.00,yes
2026-10-05T04:59:34.206077Z,KXETH15M-26OCT050100-00,0.2700,8.00,yes
2026-10-05T04:59:34.211262Z,KXETH15M-26OCT050100-00,0.3100,6.00,yes
2026-10-05T04:59:34.211262Z,KXETH15M-26OCT050100-00,0.2800,1.00,yes
2026-10-05T04:59:34.211262Z,KXETH15M-26OCT050100-00,0.3100,8.00,yes
2026-10-05T04:59:34.21135Z,KXETH15M-26OCT050100-00,0.3100,25.00,yes
2026-10-05T04:59:34.21135Z,KXETH15M-26OCT050100-00,0.3300,6.00,yes
2026-10-05T04:59:34.221049Z,KXETH15M-26OCT050100-00,0.3300,5.00,no
2026-10-05T04:59:34.221664Z,KXETH15M-26OCT050100-00,0.3300,0.66,no
2026-10-05T04:59:34.385946Z,KXETH15M-26OCT050100-00,0.3400,55.00,no
2026-10-05T04:59:34.385946Z,KXETH15M-26OCT050100-00,0.3400,9.00,no
2026-10-05T04:59:34.423279Z,KXETH15M-26OCT050100-00,0.3200,3.94,no
2026-10-05T04:59:34.423279Z,KXETH15M-26OCT050100-00,0.3400,9.00,no
2026-10-05T04:59:34.600475Z,KXETH15M-26OCT050100-00,0.3500,4.00,yes
2026-10-05T04:59:34.674234Z,KXETH15M-26OCT050100-00,0.3300,35.19,no
2026-10-05T04:59:34.677078Z,KXETH15M-26OCT050100-00,0.3300,6.63,no
2026-10-05T04:59:34.70031Z,KXETH15M-26OCT050100-00,0.3000,2.65,no
2026-10-05T04:59:34.724446Z,KXETH15M-26OCT050100-00,0.3000,61.00,no
2026-10-05T04:59:34.725021Z,KXETH15M-26OCT050100-00,0.3000,100.00,no
2026-10-05T04:59:34.808128Z,KXETH15M-26OCT050100-00,0.3100,12.94,no
2026-10-05T04:59:34.819794Z,KXETH15M-26OCT050100-00,0.3100,124.00,no
2026-10-05T04:59:34.819794Z,KXETH15M-26OCT050100-00,0.3100,7.00,no
2026-10-05T04:59:35.04882Z,KXETH15M-26OCT050100-00,0.3200,8.00,yes
2026-10-05T04:59:35.04882Z,KXETH15M-26OCT050100-00,0.3300,118.62,yes
2026-10-05T04:59:35.073366Z,KXETH15M-26OCT050100-00,0.3000,8.10,no
2026-10-05T04:59:35.130422Z,KXETH15M-26OCT050100-00,0.2900,9.00,no
2026-10-05T04:59:35.130422Z,KXETH15M-26OCT050100-00,0.2900,33.00,no
2026-10-05T04:59:35.188594Z,KXETH15M-26OCT050100-00,0.2800,1.00,no
2026-10-05T04:59:35.188594Z,KXETH15M-26OCT050100-00,0.2800,9.00,no
2026-10-05T04:59:35.222266Z,KXETH15M-26OCT050100-00,0.2800,249.00,yes
2026-10-05T04:59:35.222266Z,KXETH15M-26OCT050100-00,0.2700,8.00,yes
2026-10-05T04:59:35.222266Z,KXETH15M-26OCT050100-00,0.2700,76.00,yes
2026-10-05T04:59:35.244125Z,KXETH15M-26OCT050100-00,0.2600,1.00,no
2026-10-05T04:59:35.373701Z,KXETH15M-26OCT050100-00,0.2700,64.18,yes
2026-10-05T04:59:35.42185Z,KXETH15M-26OCT050100-00,0.2600,1.30,no
2026-10-05T04:59:35.57348Z,KXETH15M-26OCT050100-00,0.2900,7.50,yes
2026-10-05T04:59:35.580355Z,KXETH15M-26OCT050100-00,0.2600,4.00,no
2026-10-05T04:59:35.580355Z,KXETH15M-26OCT050100-00,0.2700,1.00,no
2026-10-05T04:59:35.656832Z,KXETH15M-26OCT050100-00,0.2600,3.70,no
2026-10-05T04:59:35.656832Z,KXETH15M-26OCT050100-00,0.2600,9.00,no
2026-10-05T04:59:35.656832Z,KXETH15M-26OCT050100-00,0.2600,49.49,no
2026-10-05T04:59:35.657419Z,KXETH15M-26OCT050100-00,0.2600,0.26,no
2026-10-05T04:59:35.678092Z,KXETH15M-26OCT050100-00,0.2900,2.19,yes
2026-10-05T04:59:35.742512Z,KXETH15M-26OCT050100-00,0.2600,55.12,no
2026-10-05T04:59:35.813662Z,KXETH15M-26OCT050100-00,0.2600,1.00,no
2026-10-05T04:59:35.901406Z,KXETH15M-26OCT050100-00,0.2300,19.22,no
2026-10-05T04:59:36.05618Z,KXETH15M-26OCT050100-00,0.2400,1.00,no
2026-10-05T04:59:36.08171Z,KXETH15M-26OCT050100-00,0.2400,0.77,no
2026-10-05T04:59:36.105487Z,KXETH15M-26OCT050100-00,0.2400,9.00,no
2026-10-05T04:59:36.105487Z,KXETH15M-26OCT050100-00,0.2400,12.00,no
2026-10-05T04:59:36.105487Z,KXETH15M-26OCT050100-00,0.2200,21.00,no
2026-10-05T04:59:36.105487Z,KXETH15M-26OCT050100-00,0.2300,21.00,no
2026-10-05T04:59:36.114387Z,KXETH15M-26OCT050100-00,0.1800,39.20,no
2026-10-05T04:59:36.128989Z,KXETH15M-26OCT050100-00,0.1600,32.85,yes
2026-10-05T04:59:36.15631Z,KXETH15M-26OCT050100-00,0.1500,1.00,no
2026-10-05T04:59:36.15631Z,KXETH15M-26OCT050100-00,0.1500,1.00,no
2026-10-05T04:59:36.15631Z,KXETH15M-26OCT050100-00,0.1500,8.61,no
2026-10-05T04:59:36.156673Z,KXETH15M-26OCT050100-00,0.1400,1.00,no
2026-10-05T04:59:36.156673Z,KXETH15M-26OCT050100-00,0.1400,1.00,no
2026-10-05T04:59:36.156673Z,KXETH15M-26OCT050100-00,0.1400,1.00,no
2026-10-05T04:59:36.156673Z,KXETH15M-26OCT050100-00,0.1400,1.00,no
2026-10-05T04:59:36.156673Z,KXETH15M-26OCT050100-00,0.1400,50.00,no
2026-10-05T04:59:36.156673Z,KXETH15M-26OCT050100-00,0.1400,3.52,no
2026-10-05T04:59:36.170196Z,KXETH15M-26OCT050100-00,0.1300,100.50,no
2026-10-05T04:59:36.170196Z,KXETH15M-26OCT050100-00,0.1300,1.15,no
2026-10-05T04:59:36.170196Z,KXETH15M-26OCT050100-00,0.1300,1.00,no
2026-10-05T04:59:36.170196Z,KXETH15M-26OCT050100-00,0.1300,1.00,no
2026-10-05T04:59:36.181501Z,KXETH15M-26OCT050100-00,0.1300,16.42,yes
2026-10-05T04:59:36.30014Z,KXETH15M-26OCT050100-00,0.1300,4.21,yes
2026-10-05T04:59:36.411817Z,KXETH15M-26OCT050100-00,0.1300,9.96,yes
2026-10-05T04:59:36.444787Z,KXETH15M-26OCT050100-00,0.1300,60.00,yes
2026-10-05T04:59:36.444787Z,KXETH15M-26OCT050100-00,0.1400,287.36,yes
2026-10-05T04:59:36.444787Z,KXETH15M-26OCT050100-00,0.1300,9.96,yes
2026-10-05T04:59:36.444787Z,KXETH15M-26OCT050100-00,0.1300,0.04,yes
2026-10-05T04:59:36.51646Z,KXETH15M-26OCT050100-00,0.1400,5.00,yes
2026-10-05T04:59:36.608004Z,KXETH15M-26OCT050100-00,0.1400,7.05,yes
2026-10-05T04:59:36.695551Z,KXETH15M-26OCT050100-00,0.1400,20.78,yes
2026-10-05T04:59:36.706899Z,KXETH15M-26OCT050100-00,0.1300,0.92,no
2026-10-05T04:59:36.71695Z,KXETH15M-26OCT050100-00,0.1300,2.00,no
2026-10-05T04:59:36.72284Z,KXETH15M-26OCT050100-00,0.1400,1.50,yes
2026-10-05T04:59:36.86331Z,KXETH15M-26OCT050100-00,0.1200,1.00,no
2026-10-05T04:59:36.86331Z,KXETH15M-26OCT050100-00,0.1200,1.00,no
2026-10-05T04:59:36.86331Z,KXETH15M-26OCT050100-00,0.1200,1.00,no
2026-10-05T04:59:36.86331Z,KXETH15M-26OCT050100-00,0.1200,7.27,no
2026-10-05T04:59:36.86331Z,KXETH15M-26OCT050100-00,0.1300,15.08,no
2026-10-05T04:59:36.86331Z,KXETH15M-26OCT050100-00,0.1200,8.00,no
2026-10-05T04:59:36.86331Z,KXETH15M-26OCT050100-00,0.1300,1.00,no
2026-10-05T04:59:36.86331Z,KXETH15M-26OCT050100-00,0.1200,35.98,no
2026-10-05T04:59:36.877214Z,KXETH15M-26OCT050100-00,0.1400,20.98,yes
2026-10-05T04:59:36.882997Z,KXETH15M-26OCT050100-00,0.1200,65.73,no
2026-10-05T04:59:36.882997Z,KXETH15M-26OCT050100-00,0.1200,1.00,no
2026-10-05T04:59:36.882997Z,KXETH15M-26OCT050100-00,0.1200,227.01,no
2026-10-05T04:59:36.961829Z,KXETH15M-26OCT050100-00,0.1200,5.63,no
2026-10-05T04:59:36.975087Z,KXETH15M-26OCT050100-00,0.1500,7.00,yes
2026-10-05T04:59:36.976905Z,KXETH15M-26OCT050100-00,0.1200,143.83,no
2026-10-05T04:59:37.002372Z,KXETH15M-26OCT050100-00,0.1200,2.25,no
2026-10-05T04:59:37.080445Z,KXETH15M-26OCT050100-00,0.1200,47.18,no
2026-10-05T04:59:37.101365Z,KXETH15M-26OCT050100-00,0.1200,1.00,no
2026-10-05T04:59:37.101365Z,KXETH15M-26OCT050100-00,0.1200,1.00,no
2026-10-05T04:59:37.101365Z,KXETH15M-26OCT050100-00,0.1200,8.00,no
2026-10-05T04:59:37.101365Z,KXETH15M-26OCT050100-00,0.1200,2.65,no
2026-10-05T04:59:37.101365Z,KXETH15M-26OCT050100-00,0.1200,74.10,no
2026-10-05T04:59:37.101365Z,KXETH15M-26OCT050100-00,0.1200,22.00,no
2026-10-05T04:59:37.222232Z,KXETH15M-26OCT050100-00,0.1100,0.10,no
2026-10-05T04:59:37.224357Z,KXETH15M-26OCT050100-00,0.1100,0.90,no
2026-10-05T04:59:37.224357Z,KXETH15M-26OCT050100-00,0.1100,1.00,no
2026-10-05T04:59:37.224357Z,KXETH15M-26OCT050100-00,0.1100,1.00,no
2026-10-05T04:59:37.224357Z,KXETH15M-26OCT050100-00,0.1100,56.80,no
2026-10-05T04:59:37.224357Z,KXETH15M-26OCT050100-00,0.1100,6.55,no
2026-10-05T04:59:37.239842Z,KXETH15M-26OCT050100-00,0.1400,9.66,yes
2026-10-05T04:59:37.240915Z,KXETH15M-26OCT050100-00,0.1400,1.58,yes
2026-10-05T04:59:37.256154Z,KXETH15M-26OCT050100-00,0.1400,356.17,yes
2026-10-05T04:59:37.262917Z,KXETH15M-26OCT050100-00,0.1100,100.48,no
2026-10-05T04:59:37.293847Z,KXETH15M-26OCT050100-00,0.1300,1.00,yes
2026-10-05T04:59:37.315199Z,KXETH15M-26OCT050100-00,0.1100,95.35,no
2026-10-05T04:59:37.378068Z,KXETH15M-26OCT050100-00,0.1100,109.75,no
2026-10-05T04:59:37.382012Z,KXETH15M-26OCT050100-00,0.1100,11.03,no
2026-10-05T04:59:37.383714Z,KXETH15M-26OCT050100-00,0.1100,227.48,no
2026-10-05T04:59:37.404863Z,KXETH15M-26OCT050100-00,0.1300,1.00,yes
2026-10-05T04:59:37.410589Z,KXETH15M-26OCT050100-00,0.1500,500.00,yes
2026-10-05T04:59:37.410589Z,KXETH15M-26OCT050100-00,0.1500,9.00,yes
2026-10-05T04:59:37.410589Z,KXETH15M-26OCT050100-00,0.1500,100.00,yes
2026-10-05T04:59:37.410589Z,KXETH15M-26OCT050100-00,0.1500,11.76,yes
2026-10-05T04:59:37.410589Z,KXETH15M-26OCT050100-00,0.1300,22.00,yes
2026-10-05T04:59:37.410589Z,KXETH15M-26OCT050100-00,0.1400,132.59,yes
2026-10-05T04:59:37.410589Z,KXETH15M-26OCT050100-00,0.1300,14.28,yes
2026-10-05T04:59:37.410589Z,KXETH15M-26OCT050100-00,0.1500,36.00,yes
2026-10-05T04:59:37.410589Z,KXETH15M-26OCT050100-00,0.1600,312.37,yes
2026-10-05T04:59:37.410589Z,KXETH15M-26OCT050100-00,0.1500,17.00,yes
2026-10-05T04:59:37.410589Z,KXETH15M-26OCT050100-00,0.1500,42.00,yes
2026-10-05T04:59:37.410589Z,KXETH15M-26OCT050100-00,0.1300,10.00,yes
2026-10-05T04:59:37.453199Z,KXETH15M-26OCT050100-00,0.1400,101.05,yes
2026-10-05T04:59:37.457852Z,KXETH15M-26OCT050100-00,0.1200,8.37,no
2026-10-05T04:59:37.474859Z,KXETH15M-26OCT050100-00,0.1400,10.00,yes
2026-10-05T04:59:37.499078Z,KXETH15M-26OCT050100-00,0.1400,5.00,yes
2026-10-05T04:59:37.518094Z,KXETH15M-26OCT050100-00,0.1200,11.15,no
2026-10-05T04:59:37.565213Z,KXETH15M-26OCT050100-00,0.1200,4.46,no
2026-10-05T04:59:37.603316Z,KXETH15M-26OCT050100-00,0.1500,13.79,yes
2026-10-05T04:59:37.616239Z,KXETH15M-26OCT050100-00,0.1200,0.02,no
2026-10-05T04:59:37.616239Z,KXETH15M-26OCT050100-00,0.1200,17.00,no
2026-10-05T04:59:37.616239Z,KXETH15M-26OCT050100-00,0.1100,25.73,no
2026-10-05T04:59:37.616239Z,KXETH15M-26OCT050100-00,0.1200,1.00,no
2026-10-05T04:59:37.616239Z,KXETH15M-26OCT050100-00,0.1200,12.00,no
2026-10-05T04:59:37.640421Z,KXETH15M-26OCT050100-00,0.1100,0.66,no
2026-10-05T04:59:37.742874Z,KXETH15M-26OCT050100-00,0.1100,1.10,no
2026-10-05T04:59:37.745722Z,KXETH15M-26OCT050100-00,0.1100,5.35,no
2026-10-05T04:59:37.764199Z,KXETH15M-26OCT050100-00,0.1000,4.00,no
2026-10-05T04:59:37.764199Z,KXETH15M-26OCT050100-00,0.0960,1.00,no
2026-10-05T04:59:37.764199Z,KXETH15M-26OCT050100-00,0.0990,1.00,no
2026-10-05T04:59:37.764199Z,KXETH15M-26OCT050100-00,0.0920,1.00,no
2026-10-05T04:59:37.764199Z,KXETH15M-26OCT050100-00,0.0940,1.00,no
2026-10-05T04:59:37.764199Z,KXETH15M-26OCT050100-00,0.0930,1.00,no
2026-10-05T04:59:37.764199Z,KXETH15M-26OCT050100-00,0.0980,1.00,no
2026-10-05T04:59:37.764199Z,KXETH15M-26OCT050100-00,0.0970,1.00,no
2026-10-05T04:59:37.764199Z,KXETH15M-26OCT050100-00,0.1000,1.00,no
2026-10-05T04:59:37.764199Z,KXETH15M-26OCT050100-00,0.0950,1.00,no
2026-10-05T04:59:37.764199Z,KXETH15M-26OCT050100-00,0.1000,20.00,no
2026-10-05T04:59:37.764199Z,KXETH15M-26OCT050100-00,0.0940,1.00,no
2026-10-05T04:59:37.764199Z,KXETH15M-26OCT050100-00,0.1000,1.00,no
2026-10-05T04:59:37.764199Z,KXETH15M-26OCT050100-00,0.0930,1.00,no
2026-10-05T04:59:37.764199Z,KXETH15M-26OCT050100-00,0.0980,1.00,no
2026-10-05T04:59:37.764199Z,KXETH15M-26OCT050100-00,0.0950,1.00,no
2026-10-05T04:59:37.764199Z,KXETH15M-26OCT050100-00,0.0990,1.00,no
2026-10-05T04:59:37.764199Z,KXETH15M-26OCT050100-00,0.0960,1.00,no
2026-10-05T04:59:37.764199Z,KXETH15M-26OCT050100-00,0.0970,1.00,no
2026-10-05T04:59:37.764199Z,KXETH15M-26OCT050100-00,0.0920,1.00,no
2026-10-05T04:59:37.764199Z,KXETH15M-26OCT050100-00,0.1000,1.00,no
2026-10-05T04:59:37.764199Z,KXETH15M-26OCT050100-00,0.1000,1.00,no
2026-10-05T04:59:37.764199Z,KXETH15M-26OCT050100-00,0.0930,7.00,no
2026-10-05T04:59:37.764199Z,KXETH15M-26OCT050100-00,0.1000,72.00,no
2026-10-05T04:59:37.764199Z,KXETH15M-26OCT050100-00,0.1100,7.55,no
2026-10-05T04:59:37.764199Z,KXETH15M-26OCT050100-00,0.0920,132.90,no
2026-10-05T04:59:37.764199Z,KXETH15M-26OCT050100-00,0.1000,2.13,no
2026-10-05T04:59:37.791195Z,KXETH15M-26OCT050100-00,0.1200,5.04,yes
2026-10-05T04:59:37.801892Z,KXETH15M-26OCT050100-00,0.1300,9.00,yes
2026-10-05T04:59:37.801892Z,KXETH15M-26OCT050100-00,0.1200,14.96,yes
2026-10-05T04:59:37.801892Z,KXETH15M-26OCT050100-00,0.1200,10.00,yes
2026-10-05T04:59:37.801892Z,KXETH15M-26OCT050100-00,0.1200,1.01,yes
2026-10-05T04:59:37.801892Z,KXETH15M-26OCT050100-00,0.1300,1.03,yes
2026-10-05T04:59:37.807009Z,KXETH15M-26OCT050100-00,0.1300,36.25,yes
2026-10-05T04:59:37.811528Z,KXETH15M-26OCT050100-00,0.1000,1.00,no
2026-10-05T04:59:37.811528Z,KXETH15M-26OCT050100-00,0.0930,7.00,no
2026-10-05T04:59:37.811528Z,KXETH15M-26OCT050100-00,0.0920,1.09,no
2026-10-05T04:59:37.840557Z,KXETH15M-26OCT050100-00,0.1300,5.72,yes
2026-10-05T04:59:37.840557Z,KXETH15M-26OCT050100-00,0.1400,289.28,yes
2026-10-05T04:59:37.840557Z,KXETH15M-26OCT050100-00,0.1300,10.00,yes
2026-10-05T04:59:37.840557Z,KXETH15M-26OCT050100-00,0.1300,40.00,yes
2026-10-05T04:59:37.856444Z,KXETH15M-26OCT050100-00,0.0920,109.27,no
2026-10-05T04:59:37.864934Z,KXETH15M-26OCT050100-00,0.1300,10.00,yes
2026-10-05T04:59:37.864934Z,KXETH15M-26OCT050100-00,0.1300,100.00,yes
2026-10-05T04:59:37.864934Z,KXETH15M-26OCT050100-00,0.1400,45.98,yes
2026-10-05T04:59:37.864934Z,KXETH15M-26OCT050100-00,0.1300,41.00,yes
2026-10-05T04:59:37.868413Z,KXETH15M-26OCT050100-00,0.0920,5.00,no
2026-10-05T04:59:37.880813Z,KXETH15M-26OCT050100-00,0.1400,89.16,yes
2026-10-05T04:59:37.883945Z,KXETH15M-26OCT050100-00,0.1000,5.45,no
2026-10-05T04:59:37.918355Z,KXETH15M-26OCT050100-00,0.1000,4.41,no
2026-10-05T04:59:37.928993Z,KXETH15M-26OCT050100-00,0.1000,6.14,no
2026-10-05T04:59:37.928993Z,KXETH15M-26OCT050100-00,0.1000,1.00,no
2026-10-05T04:59:37.928993Z,KXETH15M-26OCT050100-00,0.0930,7.00,no
2026-10-05T04:59:37.928993Z,KXETH15M-26OCT050100-00,0.0920,33.00,no
2026-10-05T04:59:37.946496Z,KXETH15M-26OCT050100-00,0.1400,6.54,yes
2026-10-05T04:59:37.946835Z,KXETH15M-26OCT050100-00,0.1400,9.14,yes
2026-10-05T04:59:38.037736Z,KXETH15M-26OCT050100-00,0.0900,2.77,no
2026-10-05T04:59:38.037736Z,KXETH15M-26OCT050100-00,0.0910,1.00,no
2026-10-05T04:59:38.037736Z,KXETH15M-26OCT050100-00,0.0900,1.00,no
2026-10-05T04:59:38.037736Z,KXETH15M-26OCT050100-00,0.0900,1.00,no
2026-10-05T04:59:38.037736Z,KXETH15M-26OCT050100-00,0.0910,1.00,no
2026-10-05T04:59:38.037736Z,KXETH15M-26OCT050100-00,0.0900,1.00,no
2026-10-05T04:59:38.037736Z,KXETH15M-26OCT050100-00,0.0900,6.03,no
2026-10-05T04:59:38.040885Z,KXETH15M-26OCT050100-00,0.1000,19.65,yes
2026-10-05T04:59:38.045125Z,KXETH15M-26OCT050100-00,0.1000,4.00,yes
2026-10-05T04:59:38.054074Z,KXETH15M-26OCT050100-00,0.1000,86.00,yes
2026-10-05T04:59:38.061909Z,KXETH15M-26OCT050100-00,0.0890,1.00,no
2026-10-05T04:59:38.061909Z,KXETH15M-26OCT050100-00,0.0890,1.00,no
2026-10-05T04:59:38.061909Z,KXETH15M-26OCT050100-00,0.0900,17.97,no
2026-10-05T04:59:38.061909Z,KXETH15M-26OCT050100-00,0.0890,4.77,no
2026-10-05T04:59:38.113816Z,KXETH15M-26OCT050100-00,0.0890,2.49,no
2026-10-05T04:59:38.162055Z,KXETH15M-26OCT050100-00,0.0990,10.00,yes
2026-10-05T04:59:38.162055Z,KXETH15M-26OCT050100-00,0.0990,0.01,yes
2026-10-05T04:59:38.162055Z,KXETH15M-26OCT050100-00,0.0990,2.82,yes
2026-10-05T04:59:38.162055Z,KXETH15M-26OCT050100-00,0.1000,167.61,yes
2026-10-05T04:59:38.174321Z,KXETH15M-26OCT050100-00,0.0900,0.72,no
2026-10-05T04:59:38.197216Z,KXETH15M-26OCT050100-00,0.0880,1.00,no
2026-10-05T04:59:38.197216Z,KXETH15M-26OCT050100-00,0.0840,1.00,no
2026-10-05T04:59:38.197216Z,KXETH15M-26OCT050100-00,0.0860,1.00,no
2026-10-05T04:59:38.197216Z,KXETH15M-26OCT050100-00,0.0870,1.00,no
2026-10-05T04:59:38.197216Z,KXETH15M-26OCT050100-00,0.0820,1.00,no
2026-10-05T04:59:38.197216Z,KXETH15M-26OCT050100-00,0.0850,1.00,no
2026-10-05T04:59:38.197216Z,KXETH15M-26OCT050100-00,0.0830,1.00,no
2026-10-05T04:59:38.197216Z,KXETH15M-26OCT050100-00,0.0820,0.46,no
2026-10-05T04:59:38.197216Z,KXETH15M-26OCT050100-00,0.0840,1.00,no
2026-10-05T04:59:38.197216Z,KXETH15M-26OCT050100-00,0.0870,1.00,no
2026-10-05T04:59:38.197216Z,KXETH15M-26OCT050100-00,0.0860,1.00,no
2026-10-05T04:59:38.197216Z,KXETH15M-26OCT050100-00,0.0880,1.00,no
2026-10-05T04:59:38.197216Z,KXETH15M-26OCT050100-00,0.0830,1.00,no
2026-10-05T04:59:38.197216Z,KXETH15M-26OCT050100-00,0.0850,1.00,no
2026-10-05T04:59:38.197216Z,KXETH15M-26OCT050100-00,0.0890,40.74,no
2026-10-05T04:59:38.243443Z,KXETH15M-26OCT050100-00,0.1100,9.11,yes
2026-10-05T04:59:38.264171Z,KXETH15M-26OCT050100-00,0.0820,0.54,no
2026-10-05T04:59:38.264171Z,KXETH15M-26OCT050100-00,0.0820,2.10,no
2026-10-05T04:59:38.264451Z,KXETH15M-26OCT050100-00,0.1100,10.44,yes
2026-10-05T04:59:38.360591Z,KXETH15M-26OCT050100-00,0.1100,6.23,yes
2026-10-05T04:59:38.369073Z,KXETH15M-26OCT050100-00,0.0800,1.00,no
2026-10-05T04:59:38.369073Z,KXETH15M-26OCT050100-00,0.0810,1.00,no
2026-10-05T04:59:38.369073Z,KXETH15M-26OCT050100-00,0.0810,1.00,no
2026-10-05T04:59:38.369073Z,KXETH15M-26OCT050100-00,0.0800,23.78,no
2026-10-05T04:59:38.369073Z,KXETH15M-26OCT050100-00,0.0830,1.00,no
2026-10-05T04:59:38.369073Z,KXETH15M-26OCT050100-00,0.0840,1.00,no
2026-10-05T04:59:38.369073Z,KXETH15M-26OCT050100-00,0.0820,24.90,no
2026-10-05T04:59:38.382416Z,KXETH15M-26OCT050100-00,0.0800,16.47,no
2026-10-05T04:59:38.382416Z,KXETH15M-26OCT050100-00,0.0810,45.00,no
2026-10-05T04:59:38.383514Z,KXETH15M-26OCT050100-00,0.1100,3.00,yes
2026-10-05T04:59:38.384148Z,KXETH15M-26OCT050100-00,0.0800,2.76,no
2026-10-05T04:59:38.485084Z,KXETH15M-26OCT050100-00,0.0800,0.66,no
2026-10-05T04:59:38.485084Z,KXETH15M-26OCT050100-00,0.0800,3.66,no
2026-10-05T04:59:38.495478Z,KXETH15M-26OCT050100-00,0.1000,1.34,yes
2026-10-05T04:59:38.497003Z,KXETH15M-26OCT050100-00,0.0800,25.95,no
2026-10-05T04:59:38.497996Z,KXETH15M-26OCT050100-00,0.0790,1.00,no
2026-10-05T04:59:38.497996Z,KXETH15M-26OCT050100-00,0.0780,1.00,no
2026-10-05T04:59:38.497996Z,KXETH15M-26OCT050100-00,0.0770,1.00,no
2026-10-05T04:59:38.497996Z,KXETH15M-26OCT050100-00,0.0760,0.22,no
2026-10-05T04:59:38.497996Z,KXETH15M-26OCT050100-00,0.0800,18.39,no
2026-10-05T04:59:38.54333Z,KXETH15M-26OCT050100-00,0.0780,1.00,no
2026-10-05T04:59:38.54333Z,KXETH15M-26OCT050100-00,0.0770,2.13,no
2026-10-05T04:59:38.597593Z,KXETH15M-26OCT050100-00,0.0990,2.00,yes
2026-10-05T04:59:38.597593Z,KXETH15M-26OCT050100-00,0.0990,10.00,yes
2026-10-05T04:59:38.597593Z,KXETH15M-26OCT050100-00,0.1000,44.66,yes
2026-10-05T04:59:38.597593Z,KXETH15M-26OCT050100-00,0.1100,114.34,yes
2026-10-05T04:59:38.601318Z,KXETH15M-26OCT050100-00,0.0750,1.00,no
2026-10-05T04:59:38.601318Z,KXETH15M-26OCT050100-00,0.0740,1.00,no
2026-10-05T04:59:38.601318Z,KXETH15M-26OCT050100-00,0.0760,0.78,no
2026-10-05T04:59:38.601318Z,KXETH15M-26OCT050100-00,0.0750,1.00,no
2026-10-05T04:59:38.601318Z,KXETH15M-26OCT050100-00,0.0740,1.00,no
2026-10-05T04:59:38.601318Z,KXETH15M-26OCT050100-00,0.0740,12.18,no
2026-10-05T04:59:38.601318Z,KXETH15M-26OCT050100-00,0.0770,30.00,no
2026-10-05T04:59:38.601318Z,KXETH15M-26OCT050100-00,0.0750,6.00,no
2026-10-05T04:59:38.685269Z,KXETH15M-26OCT050100-00,0.0750,5.29,no
2026-10-05T04:59:38.696602Z,KXETH15M-26OCT050100-00,0.1100,124.67,yes
2026-10-05T04:59:38.708213Z,KXETH15M-26OCT050100-00,0.0770,4.00,no
2026-10-05T04:59:38.708213Z,KXETH15M-26OCT050100-00,0.0770,1.00,no
2026-10-05T04:59:38.720991Z,KXETH15M-26OCT050100-00,0.1100,1.10,yes
2026-10-05T04:59:38.747285Z,KXETH15M-26OCT050100-00,0.0770,2.15,no
2026-10-05T04:59:38.768853Z,KXETH15M-26OCT050100-00,0.0770,1.06,no
2026-10-05T04:59:38.787073Z,KXETH15M-26OCT050100-00,0.0770,2.98,no
2026-10-05T04:59:38.787483Z,KXETH15M-26OCT050100-00,0.0770,3.17,no
2026-10-05T04:59:38.838026Z,KXETH15M-26OCT050100-00,0.0780,1.00,no
2026-10-05T04:59:38.838026Z,KXETH15M-26OCT050100-00,0.0770,6.00,no
2026-10-05T04:59:38.838026Z,KXETH15M-26OCT050100-00,0.0770,0.64,no
2026-10-05T04:59:38.838026Z,KXETH15M-26OCT050100-00,0.0760,60.00,no
2026-10-05T04:59:38.838026Z,KXETH15M-26OCT050100-00,0.0740,35.82,no
2026-10-05T04:59:38.857129Z,KXETH15M-26OCT050100-00,0.1000,1.88,yes
2026-10-05T04:59:38.871794Z,KXETH15M-26OCT050100-00,0.0740,207.07,no
2026-10-05T04:59:38.89864Z,KXETH15M-26OCT050100-00,0.1000,7.69,yes
2026-10-05T04:59:38.89864Z,KXETH15M-26OCT050100-00,0.1000,11.12,yes
2026-10-05T04:59:38.97676Z,KXETH15M-26OCT050100-00,0.0980,10.00,yes
2026-10-05T04:59:39.005804Z,KXETH15M-26OCT050100-00,0.0740,46.71,no
2026-10-05T04:59:39.005804Z,KXETH15M-26OCT050100-00,0.0760,1.00,no
2026-10-05T04:59:39.005804Z,KXETH15M-26OCT050100-00,0.0750,6.00,no
2026-10-05T04:59:39.008339Z,KXETH15M-26OCT050100-00,0.0980,0.16,yes
2026-10-05T04:59:39.008339Z,KXETH15M-26OCT050100-00,0.1000,10.00,yes
2026-10-05T04:59:39.008339Z,KXETH15M-26OCT050100-00,0.1100,6.05,yes
2026-10-05T04:59:39.037037Z,KXETH15M-26OCT050100-00,0.0740,1.96,no
2026-10-05T04:59:39.125555Z,KXETH15M-26OCT050100-00,0.0740,5.00,no
2026-10-05T04:59:39.209734Z,KXETH15M-26OCT050100-00,0.1000,3.00,yes
2026-10-05T04:59:39.209734Z,KXETH15M-26OCT050100-00,0.0990,47.00,yes
2026-10-05T04:59:39.304762Z,KXETH15M-26OCT050100-00,0.1100,70.74,yes
2026-10-05T04:59:39.304762Z,KXETH15M-26OCT050100-00,0.1000,5.00,yes
2026-10-05T04:59:39.304762Z,KXETH15M-26OCT050100-00,0.1000,10.00,yes
2026-10-05T04:59:39.343645Z,KXETH15M-26OCT050100-00,0.0760,1.00,no
2026-10-05T04:59:39.343645Z,KXETH15M-26OCT050100-00,0.0750,4.37,no
2026-10-05T04:59:39.370639Z,KXETH15M-26OCT050100-00,0.0740,2.11,no
2026-10-05T04:59:39.370639Z,KXETH15M-26OCT050100-00,0.0750,1.63,no
2026-10-05T04:59:39.370639Z,KXETH15M-26OCT050100-00,0.0750,7.00,no
2026-10-05T04:59:39.375159Z,KXETH15M-26OCT050100-00,0.1100,1.28,yes
2026-10-05T04:59:39.375159Z,KXETH15M-26OCT050100-00,0.1000,6.00,yes
2026-10-05T04:59:39.375159Z,KXETH15M-26OCT050100-00,0.1000,10.00,yes
2026-10-05T04:59:39.38357Z,KXETH15M-26OCT050100-00,0.1100,31.00,yes
2026-10-05T04:59:39.38357Z,KXETH15M-26OCT050100-00,0.1100,100.00,yes
2026-10-05T04:59:39.38357Z,KXETH15M-26OCT050100-00,0.1100,153.04,yes
2026-10-05T04:59:39.38357Z,KXETH15M-26OCT050100-00,0.1100,10.00,yes
2026-10-05T04:59:39.38357Z,KXETH15M-26OCT050100-00,0.1100,9.00,yes
2026-10-05T04:59:39.607663Z,KXETH15M-26OCT050100-00,0.0690,1.00,no
2026-10-05T04:59:39.607663Z,KXETH15M-26OCT050100-00,0.0720,1.00,no
2026-10-05T04:59:39.607663Z,KXETH15M-26OCT050100-00,0.0710,1.00,no
2026-10-05T04:59:39.607663Z,KXETH15M-26OCT050100-00,0.0700,1.00,no
2026-10-05T04:59:39.607663Z,KXETH15M-26OCT050100-00,0.0730,1.00,no
2026-10-05T04:59:39.607663Z,KXETH15M-26OCT050100-00,0.0710,1.00,no
2026-10-05T04:59:39.607663Z,KXETH15M-26OCT050100-00,0.0730,1.00,no
2026-10-05T04:59:39.607663Z,KXETH15M-26OCT050100-00,0.0690,1.00,no
2026-10-05T04:59:39.607663Z,KXETH15M-26OCT050100-00,0.0720,1.00,no
2026-10-05T04:59:39.607663Z,KXETH15M-26OCT050100-00,0.0700,1.00,no
2026-10-05T04:59:39.607663Z,KXETH15M-26OCT050100-00,0.0700,21.00,no
2026-10-05T04:59:39.607663Z,KXETH15M-26OCT050100-00,0.0700,1.00,no
2026-10-05T04:59:39.607663Z,KXETH15M-26OCT050100-00,0.0690,19.17,no
2026-10-05T04:59:39.607663Z,KXETH15M-26OCT050100-00,0.0750,6.00,no
2026-10-05T04:59:39.607663Z,KXETH15M-26OCT050100-00,0.0750,6.00,no
2026-10-05T04:59:39.623182Z,KXETH15M-26OCT050100-00,0.0600,49.18,no
2026-10-05T04:59:39.623182Z,KXETH15M-26OCT050100-00,0.0500,1.00,no
2026-10-05T04:59:39.623182Z,KXETH15M-26OCT050100-00,0.0500,3.00,no
2026-10-05T04:59:39.623182Z,KXETH15M-26OCT050100-00,0.0500,6.00,no
2026-10-05T04:59:39.623182Z,KXETH15M-26OCT050100-00,0.0480,1.00,no
2026-10-05T04:59:39.623182Z,KXETH15M-26OCT050100-00,0.0520,1.00,no
2026-10-05T04:59:39.623182Z,KXETH15M-26OCT050100-00,0.0560,1.00,no
2026-10-05T04:59:39.623182Z,KXETH15M-26OCT050100-00,0.0460,1.00,no
2026-10-05T04:59:39.623182Z,KXETH15M-26OCT050100-00,0.0540,1.00,no
2026-10-05T04:59:39.623182Z,KXETH15M-26OCT050100-00,0.0530,1.00,no
2026-10-05T04:59:39.623182Z,KXETH15M-26OCT050100-00,0.0500,1.00,no
2026-10-05T04:59:39.623182Z,KXETH15M-26OCT050100-00,0.0490,1.00,no
2026-10-05T04:59:39.623182Z,KXETH15M-26OCT050100-00,0.0470,1.00,no
2026-10-05T04:59:39.623182Z,KXETH15M-26OCT050100-00,0.0510,1.00,no
2026-10-05T04:59:39.623182Z,KXETH15M-26OCT050100-00,0.0550,1.00,no
2026-10-05T04:59:39.623182Z,KXETH15M-26OCT050100-00,0.0600,1.00,no
2026-10-05T04:59:39.623182Z,KXETH15M-26OCT050100-00,0.0680,1.00,no
2026-10-05T04:59:39.623182Z,KXETH15M-26OCT050100-00,0.0640,1.00,no
2026-10-05T04:59:39.623182Z,KXETH15M-26OCT050100-00,0.0580,1.00,no
2026-10-05T04:59:39.623182Z,KXETH15M-26OCT050100-00,0.0610,1.00,no
2026-10-05T04:59:39.623182Z,KXETH15M-26OCT050100-00,0.0590,1.00,no
2026-10-05T04:59:39.623182Z,KXETH15M-26OCT050100-00,0.0500,1.00,no
2026-10-05T04:59:39.623182Z,KXETH15M-26OCT050100-00,0.0660,1.00,no
2026-10-05T04:59:39.623182Z,KXETH15M-26OCT050100-00,0.0670,1.00,no
2026-10-05T04:59:39.623182Z,KXETH15M-26OCT050100-00,0.0570,1.00,no
2026-10-05T04:59:39.623182Z,KXETH15M-26OCT050100-00,0.0630,1.00,no
2026-10-05T04:59:39.623182Z,KXETH15M-26OCT050100-00,0.0620,1.00,no
2026-10-05T04:59:39.623182Z,KXETH15M-26OCT050100-00,0.0650,1.00,no
2026-10-05T04:59:39.623182Z,KXETH15M-26OCT050100-00,0.0580,1.00,no
2026-10-05T04:59:39.623182Z,KXETH15M-26OCT050100-00,0.0560,1.00,no
2026-10-05T04:59:39.623182Z,KXETH15M-26OCT050100-00,0.0590,1.00,no
2026-10-05T04:59:39.623182Z,KXETH15M-26OCT050100-00,0.0600,1.00,no
2026-10-05T04:59:39.623182Z,KXETH15M-26OCT050100-00,0.0570,1.00,no
2026-10-05T04:59:39.623182Z,KXETH15M-26OCT050100-00,0.0650,1.00,no
2026-10-05T04:59:39.623182Z,KXETH15M-26OCT050100-00,0.0680,1.00,no
2026-10-05T04:59:39.623182Z,KXETH15M-26OCT050100-00,0.0630,1.00,no
2026-10-05T04:59:39.623182Z,KXETH15M-26OCT050100-00,0.0670,1.00,no
2026-10-05T04:59:39.623182Z,KXETH15M-26OCT050100-00,0.0660,1.00,no
2026-10-05T04:59:39.623182Z,KXETH15M-26OCT050100-00,0.0510,1.50,no
2026-10-05T04:59:39.623182Z,KXETH15M-26OCT050100-00,0.0620,1.00,no
2026-10-05T04:59:39.623182Z,KXETH15M-26OCT050100-00,0.0520,1.50,no
2026-10-05T04:59:39.623182Z,KXETH15M-26OCT050100-00,0.0540,1.50,no
2026-10-05T04:59:39.623182Z,KXETH15M-26OCT050100-00,0.0550,1.50,no
2026-10-05T04:59:39.623182Z,KXETH15M-26OCT050100-00,0.0640,1.00,no
2026-10-05T04:59:39.623182Z,KXETH15M-26OCT050100-00,0.0610,1.00,no
2026-10-05T04:59:39.623182Z,KXETH15M-26OCT050100-00,0.0530,1.50,no
2026-10-05T04:59:39.623182Z,KXETH15M-26OCT050100-00,0.0600,1.00,no
2026-10-05T04:59:39.623182Z,KXETH15M-26OCT050100-00,0.0500,1.00,no
2026-10-05T04:59:39.623182Z,KXETH15M-26OCT050100-00,0.0640,47.00,no
2026-10-05T04:59:39.623182Z,KXETH15M-26OCT050100-00,0.0610,6.00,no
2026-10-05T04:59:39.623182Z,KXETH15M-26OCT050100-00,0.0470,9.00,no
2026-10-05T04:59:39.623182Z,KXETH15M-26OCT050100-00,0.0700,6.00,no
2026-10-05T04:59:39.623182Z,KXETH15M-26OCT050100-00,0.0600,14.18,no
2026-10-05T04:59:39.623182Z,KXETH15M-26OCT050100-00,0.0460,66.58,no
2026-10-05T04:59:39.63009Z,KXETH15M-26OCT050100-00,0.0810,47.03,yes
2026-10-05T04:59:39.632764Z,KXETH15M-26OCT050100-00,0.0580,1.00,no
2026-10-05T04:59:39.632779Z,KXETH15M-26OCT050100-00,0.0580,1.00,no
2026-10-05T04:59:39.634425Z,KXETH15M-26OCT050100-00,0.0580,20.00,no
2026-10-05T04:59:39.641397Z,KXETH15M-26OCT050100-00,0.0480,50.00,yes
2026-10-05T04:59:39.658316Z,KXETH15M-26OCT050100-00,0.0470,8.55,yes
2026-10-05T04:59:39.752794Z,KXETH15M-26OCT050100-00,0.0450,1.00,no
2026-10-05T04:59:39.752794Z,KXETH15M-26OCT050100-00,0.0450,3.00,no
2026-10-05T04:59:39.752794Z,KXETH15M-26OCT050100-00,0.0450,4.00,no
2026-10-05T04:59:39.769764Z,KXETH15M-26OCT050100-00,0.0750,1.33,yes
2026-10-05T04:59:39.785575Z,KXETH15M-26OCT050100-00,0.0450,2.00,no
2026-10-05T04:59:39.821456Z,KXETH15M-26OCT050100-00,0.0440,1.00,no
2026-10-05T04:59:39.834799Z,KXETH15M-26OCT050100-00,0.0430,1.00,no
2026-10-05T04:59:39.834799Z,KXETH15M-26OCT050100-00,0.0440,3.00,no
2026-10-05T04:59:39.834799Z,KXETH15M-26OCT050100-00,0.0430,3.00,no
2026-10-05T04:59:39.839687Z,KXETH15M-26OCT050100-00,0.0490,1.31,no
2026-10-05T04:59:39.857907Z,KXETH15M-26OCT050100-00,0.0490,3.15,no
2026-10-05T04:59:39.896857Z,KXETH15M-26OCT050100-00,0.0450,1.00,no
2026-10-05T04:59:39.896857Z,KXETH15M-26OCT050100-00,0.0450,9.00,no
2026-10-05T04:59:39.898002Z,KXETH15M-26OCT050100-00,0.0750,0.03,yes
2026-10-05T04:59:39.898002Z,KXETH15M-26OCT050100-00,0.0750,4.67,yes
2026-10-05T04:59:39.966292Z,KXETH15M-26OCT050100-00,0.0750,4.98,yes
2026-10-05T04:59:39.966292Z,KXETH15M-26OCT050100-00,0.0750,0.29,yes
2026-10-05T04:59:39.966292Z,KXETH15M-26OCT050100-00,0.0750,1.63,yes
2026-10-05T04:59:39.985227Z,KXETH15M-26OCT050100-00,0.0500,2.00,no
2026-10-05T04:59:40.021096Z,KXETH15M-26OCT050100-00,0.0450,8.00,no
2026-10-05T04:59:40.021096Z,KXETH15M-26OCT050100-00,0.0500,7.00,no
2026-10-05T04:59:40.112584Z,KXETH15M-26OCT050100-00,0.0550,1.04,no
2026-10-05T04:59:40.131572Z,KXETH15M-26OCT050100-00,0.0750,4.00,yes
2026-10-05T04:59:40.132667Z,KXETH15M-26OCT050100-00,0.0550,7.96,no
2026-10-05T04:59:40.132667Z,KXETH15M-26OCT050100-00,0.0530,1.16,no
2026-10-05T04:59:40.162881Z,KXETH15M-26OCT050100-00,0.0540,1.00,no
2026-10-05T04:59:40.162881Z,KXETH15M-26OCT050100-00,0.0530,1.08,no
2026-10-05T04:59:40.163414Z,KXETH15M-26OCT050100-00,0.0400,19.70,no
2026-10-05T04:59:40.163414Z,KXETH15M-26OCT050100-00,0.0400,1.00,no
2026-10-05T04:59:40.163414Z,KXETH15M-26OCT050100-00,0.0420,1.00,no
2026-10-05T04:59:40.163414Z,KXETH15M-26OCT050100-00,0.0410,1.00,no
2026-10-05T04:59:40.163414Z,KXETH15M-26OCT050100-00,0.0400,1.00,no
2026-10-05T04:59:40.163414Z,KXETH15M-26OCT050100-00,0.0400,3.00,no
2026-10-05T04:59:40.163414Z,KXETH15M-26OCT050100-00,0.0410,3.00,no
2026-10-05T04:59:40.163414Z,KXETH15M-26OCT050100-00,0.0420,3.00,no
2026-10-05T04:59:40.163414Z,KXETH15M-26OCT050100-00,0.0400,1.90,no
2026-10-05T04:59:40.163414Z,KXETH15M-26OCT050100-00,0.0400,1.00,no
2026-10-05T04:59:40.163414Z,KXETH15M-26OCT050100-00,0.0530,6.00,no
2026-10-05T04:59:40.163414Z,KXETH15M-26OCT050100-00,0.0500,9.00,no
2026-10-05T04:59:40.163414Z,KXETH15M-26OCT050100-00,0.0530,1.16,no
2026-10-05T04:59:40.163414Z,KXETH15M-26OCT050100-00,0.0520,135.00,no
2026-10-05T04:59:40.163414Z,KXETH15M-26OCT050100-00,0.0530,5.76,no
2026-10-05T04:59:40.163414Z,KXETH15M-26OCT050100-00,0.0400,22.47,no
2026-10-05T04:59:40.181671Z,KXETH15M-26OCT050100-00,0.0420,4.00,no
2026-10-05T04:59:40.187219Z,KXETH15M-26OCT050100-00,0.0760,2.43,yes
2026-10-05T04:59:40.187219Z,KXETH15M-26OCT050100-00,0.0750,0.37,yes
2026-10-05T04:59:40.187433Z,KXETH15M-26OCT050100-00,0.0410,13.55,no
2026-10-05T04:59:40.194787Z,KXETH15M-26OCT050100-00,0.0410,4.00,no
2026-10-05T04:59:40.206298Z,KXETH15M-26OCT050100-00,0.0400,9.00,no
2026-10-05T04:59:40.206298Z,KXETH15M-26OCT050100-00,0.0400,38.00,no
2026-10-05T04:59:40.206298Z,KXETH15M-26OCT050100-00,0.0400,9.00,no
2026-10-05T04:59:40.206298Z,KXETH15M-26OCT050100-00,0.0400,0.32,no
2026-10-05T04:59:40.206298Z,KXETH15M-26OCT050100-00,0.0400,72.54,no
2026-10-05T04:59:40.222233Z,KXETH15M-26OCT050100-00,0.0400,1.00,no
2026-10-05T04:59:40.222281Z,KXETH15M-26OCT050100-00,0.0390,1.00,no
2026-10-05T04:59:40.222281Z,KXETH15M-26OCT050100-00,0.0390,3.00,no
2026-10-05T04:59:40.222281Z,KXETH15M-26OCT050100-00,0.0400,8.00,no
2026-10-05T04:59:40.222281Z,KXETH15M-26OCT050100-00,0.0400,9.00,no
2026-10-05T04:59:40.222281Z,KXETH15M-26OCT050100-00,0.0400,6.00,no
2026-10-05T04:59:40.222281Z,KXETH15M-26OCT050100-00,0.0390,138.00,no
2026-10-05T04:59:40.320396Z,KXETH15M-26OCT050100-00,0.0420,1.00,no
2026-10-05T04:59:40.323825Z,KXETH15M-26OCT050100-00,0.0750,9.00,yes
2026-10-05T04:59:40.323825Z,KXETH15M-26OCT050100-00,0.0760,5.00,yes
2026-10-05T04:59:40.323825Z,KXETH15M-26OCT050100-00,0.0760,9.00,yes
2026-10-05T04:59:40.323825Z,KXETH15M-26OCT050100-00,0.0770,77.16,yes
2026-10-05T04:59:40.354702Z,KXETH15M-26OCT050100-00,0.0740,8.00,yes
2026-10-05T04:59:40.354702Z,KXETH15M-26OCT050100-00,0.0750,4.39,yes
2026-10-05T04:59:40.449518Z,KXETH15M-26OCT050100-00,0.0890,10.69,yes
2026-10-05T04:59:40.517607Z,KXETH15M-26OCT050100-00,0.0790,11.94,yes
2026-10-05T04:59:40.548576Z,KXETH15M-26OCT050100-00,0.0790,26.00,yes
2026-10-05T04:59:40.554096Z,KXETH15M-26OCT050100-00,0.0400,1.96,no
2026-10-05T04:59:40.611409Z,KXETH15M-26OCT050100-00,0.0780,11.00,yes
2026-10-05T04:59:40.611409Z,KXETH15M-26OCT050100-00,0.0790,161.98,yes
2026-10-05T04:59:40.611409Z,KXETH15M-26OCT050100-00,0.0770,1.61,yes
2026-10-05T04:59:40.611409Z,KXETH15M-26OCT050100-00,0.0740,17.00,yes
2026-10-05T04:59:40.690611Z,KXETH15M-26OCT050100-00,0.0430,9.00,no
2026-10-05T04:59:40.690611Z,KXETH15M-26OCT050100-00,0.0420,0.38,no
2026-10-05T04:59:40.690611Z,KXETH15M-26OCT050100-00,0.0430,1.00,no
2026-10-05T04:59:40.763322Z,KXETH15M-26OCT050100-00,0.0690,40.20,yes
2026-10-05T04:59:40.800277Z,KXETH15M-26OCT050100-00,0.0410,1.00,no
2026-10-05T04:59:40.800277Z,KXETH15M-26OCT050100-00,0.0400,9.00,no
2026-10-05T04:59:40.800277Z,KXETH15M-26OCT050100-00,0.0390,339.00,no
2026-10-05T04:59:40.815257Z,KXETH15M-26OCT050100-00,0.0380,3.00,no
2026-10-05T04:59:40.815257Z,KXETH15M-26OCT050100-00,0.0380,1.00,no
2026-10-05T04:59:40.815257Z,KXETH15M-26OCT050100-00,0.0370,0.40,no
2026-10-05T04:59:40.815752Z,KXETH15M-26OCT050100-00,0.0370,0.60,no
2026-10-05T04:59:40.815752Z,KXETH15M-26OCT050100-00,0.0370,1.24,no
2026-10-05T04:59:40.836775Z,KXETH15M-26OCT050100-00,0.0660,3.39,yes
2026-10-05T04:59:40.842549Z,KXETH15M-26OCT050100-00,0.0370,1.76,no
2026-10-05T04:59:40.842549Z,KXETH15M-26OCT050100-00,0.0370,2.24,no
2026-10-05T04:59:40.870152Z,KXETH15M-26OCT050100-00,0.0360,1.00,no
2026-10-05T04:59:40.949841Z,KXETH15M-26OCT050100-00,0.0580,1.00,yes
2026-10-05T04:59:40.949841Z,KXETH15M-26OCT050100-00,0.0380,4.00,yes
2026-10-05T04:59:40.949841Z,KXETH15M-26OCT050100-00,0.0590,5.00,yes
2026-10-05T04:59:40.949841Z,KXETH15M-26OCT050100-00,0.0400,10.00,yes
2026-10-05T04:59:40.949841Z,KXETH15M-26OCT050100-00,0.0590,11.00,yes
2026-10-05T04:59:40.949841Z,KXETH15M-26OCT050100-00,0.0600,0.59,yes
2026-10-05T04:59:40.963017Z,KXETH15M-26OCT050100-00,0.0300,1.00,no
2026-10-05T04:59:40.963017Z,KXETH15M-26OCT050100-00,0.0310,1.00,no
2026-10-05T04:59:40.963017Z,KXETH15M-26OCT050100-00,0.0300,20.00,no
2026-10-05T04:59:40.963017Z,KXETH15M-26OCT050100-00,0.0300,1.00,no
2026-10-05T04:59:40.963017Z,KXETH15M-26OCT050100-00,0.0310,16.13,no
2026-10-05T04:59:40.963017Z,KXETH15M-26OCT050100-00,0.0330,1.00,no
2026-10-05T04:59:40.963017Z,KXETH15M-26OCT050100-00,0.0340,1.00,no
2026-10-05T04:59:40.963017Z,KXETH15M-26OCT050100-00,0.0350,9.00,no
2026-10-05T04:59:40.963017Z,KXETH15M-26OCT050100-00,0.0360,3.00,no
2026-10-05T04:59:40.963017Z,KXETH15M-26OCT050100-00,0.0330,9.00,no
2026-10-05T04:59:40.963017Z,KXETH15M-26OCT050100-00,0.0290,4.00,no
2026-10-05T04:59:40.963017Z,KXETH15M-26OCT050100-00,0.0300,4.00,no
2026-10-05T04:59:40.963017Z,KXETH15M-26OCT050100-00,0.0320,1.00,no
2026-10-05T04:59:40.963017Z,KXETH15M-26OCT050100-00,0.0340,9.00,no
2026-10-05T04:59:40.963017Z,KXETH15M-26OCT050100-00,0.0290,1.00,no
2026-10-05T04:59:40.963017Z,KXETH15M-26OCT050100-00,0.0300,1.00,no
2026-10-05T04:59:40.963017Z,KXETH15M-26OCT050100-00,0.0320,9.00,no
2026-10-05T04:59:40.963017Z,KXETH15M-26OCT050100-00,0.0310,1.00,no
2026-10-05T04:59:40.963017Z,KXETH15M-26OCT050100-00,0.0310,9.00,no
2026-10-05T04:59:40.963017Z,KXETH15M-26OCT050100-00,0.0350,1.00,no
2026-10-05T04:59:40.963017Z,KXETH15M-26OCT050100-00,0.0300,1.00,no
2026-10-05T04:59:40.963017Z,KXETH15M-26OCT050100-00,0.0300,10.00,no
2026-10-05T04:59:40.963017Z,KXETH15M-26OCT050100-00,0.0370,9.00,no
2026-10-05T04:59:40.963017Z,KXETH15M-26OCT050100-00,0.0370,1.00,no
2026-10-05T04:59:40.963017Z,KXETH15M-26OCT050100-00,0.0290,55.76,no
2026-10-05T04:59:40.963017Z,KXETH15M-26OCT050100-00,0.0300,6.90,no
2026-10-05T04:59:40.998025Z,KXETH15M-26OCT050100-00,0.0300,9.00,no
2026-10-05T04:59:40.998025Z,KXETH15M-26OCT050100-00,0.0300,9.00,no
2026-10-05T04:59:40.998025Z,KXETH15M-26OCT050100-00,0.0310,7.00,no
2026-10-05T04:59:40.998025Z,KXETH15M-26OCT050100-00,0.0310,9.00,no
2026-10-05T04:59:40.998025Z,KXETH15M-26OCT050100-00,0.0290,16.87,no
2026-10-05T04:59:41.051947Z,KXETH15M-26OCT050100-00,0.0290,5.01,no
2026-10-05T04:59:41.077379Z,KXETH15M-26OCT050100-00,0.0290,0.50,no
2026-10-05T04:59:41.099621Z,KXETH15M-26OCT050100-00,0.0550,9.00,yes
2026-10-05T04:59:41.099621Z,KXETH15M-26OCT050100-00,0.0570,6.00,yes
2026-10-05T04:59:41.144791Z,KXETH15M-26OCT050100-00,0.0580,3.93,yes
2026-10-05T04:59:41.154428Z,KXETH15M-26OCT050100-00,0.0330,1.00,no
2026-10-05T04:59:41.154428Z,KXETH15M-26OCT050100-00,0.0310,7.14,no
2026-10-05T04:59:41.156072Z,KXETH15M-26OCT050100-00,0.0300,1.00,no
2026-10-05T04:59:41.156072Z,KXETH15M-26OCT050100-00,0.0310,1.86,no
2026-10-05T04:59:41.156072Z,KXETH15M-26OCT050100-00,0.0290,98.33,no
2026-10-05T04:59:41.21922Z,KXETH15M-26OCT050100-00,0.0600,1.93,yes
2026-10-05T04:59:41.21922Z,KXETH15M-26OCT050100-00,0.0590,11.00,yes
2026-10-05T04:59:41.21922Z,KXETH15M-26OCT050100-00,0.0580,2.07,yes
2026-10-05T04:59:41.22978Z,KXETH15M-26OCT050100-00,0.0300,9.00,no
2026-10-05T04:59:41.22978Z,KXETH15M-26OCT050100-00,0.0320,5.00,no
2026-10-05T04:59:41.22978Z,KXETH15M-26OCT050100-00,0.0290,40.57,no
2026-10-05T04:59:41.231206Z,KXETH15M-26OCT050100-00,0.0290,36.65,no
2026-10-05T04:59:41.260623Z,KXETH15M-26OCT050100-00,0.0300,5.00,no
2026-10-05T04:59:41.260623Z,KXETH15M-26OCT050100-00,0.0290,154.40,no
2026-10-05T04:59:41.338118Z,KXETH15M-26OCT050100-00,0.0300,9.00,no
2026-10-05T04:59:41.338118Z,KXETH15M-26OCT050100-00,0.0290,91.91,no
2026-10-05T04:59:41.376589Z,KXETH15M-26OCT050100-00,0.0230,6.00,no
2026-10-05T04:59:41.376589Z,KXETH15M-26OCT050100-00,0.0250,6.00,no
2026-10-05T04:59:41.376589Z,KXETH15M-26OCT050100-00,0.0240,6.00,no
2026-10-05T04:59:41.376589Z,KXETH15M-26OCT050100-00,0.0220,59.95,no
2026-10-05T04:59:41.376589Z,KXETH15M-26OCT050100-00,0.0220,100.00,no
2026-10-05T04:59:41.376589Z,KXETH15M-26OCT050100-00,0.0280,1.00,no
2026-10-05T04:59:41.376589Z,KXETH15M-26OCT050100-00,0.0270,1.00,no
2026-10-05T04:59:41.376589Z,KXETH15M-26OCT050100-00,0.0240,1.00,no
2026-10-05T04:59:41.376589Z,KXETH15M-26OCT050100-00,0.0270,4.00,no
2026-10-05T04:59:41.376589Z,KXETH15M-26OCT050100-00,0.0230,1.00,no
2026-10-05T04:59:41.376589Z,KXETH15M-26OCT050100-00,0.0280,4.00,no
2026-10-05T04:59:41.376589Z,KXETH15M-26OCT050100-00,0.0260,4.00,no
2026-10-05T04:59:41.376589Z,KXETH15M-26OCT050100-00,0.0260,1.00,no
2026-10-05T04:59:41.376589Z,KXETH15M-26OCT050100-00,0.0250,1.00,no
2026-10-05T04:59:41.376589Z,KXETH15M-26OCT050100-00,0.0280,9.00,no
2026-10-05T04:59:41.376589Z,KXETH15M-26OCT050100-00,0.0230,33.00,no
2026-10-05T04:59:41.376589Z,KXETH15M-26OCT050100-00,0.0270,34.00,no
2026-10-05T04:59:41.43133Z,KXETH15M-26OCT050100-00,0.0220,5.10,no
2026-10-05T04:59:41.649106Z,KXETH15M-26OCT050100-00,0.0220,16.12,no
2026-10-05T04:59:41.649106Z,KXETH15M-26OCT050100-00,0.0260,1.00,no
2026-10-05T04:59:41.649106Z,KXETH15M-26OCT050100-00,0.0250,1.00,no
2026-10-05T04:59:41.663795Z,KXETH15M-26OCT050100-00,0.0270,97.02,yes
2026-10-05T04:59:41.691282Z,KXETH15M-26OCT050100-00,0.0200,25.00,no
2026-10-05T04:59:41.691282Z,KXETH15M-26OCT050100-00,0.0210,3.00,no
2026-10-05T04:59:41.691282Z,KXETH15M-26OCT050100-00,0.0220,3.00,no
2026-10-05T04:59:41.691282Z,KXETH15M-26OCT050100-00,0.0200,3.00,no
2026-10-05T04:59:41.691282Z,KXETH15M-26OCT050100-00,0.0150,5.00,no
2026-10-05T04:59:41.691282Z,KXETH15M-26OCT050100-00,0.0140,5.00,no
2026-10-05T04:59:41.691282Z,KXETH15M-26OCT050100-00,0.0150,20.00,no
2026-10-05T04:59:41.691282Z,KXETH15M-26OCT050100-00,0.0190,20.00,no
2026-10-05T04:59:41.691282Z,KXETH15M-26OCT050100-00,0.0220,8.83,no
2026-10-05T04:59:41.691282Z,KXETH15M-26OCT050100-00,0.0140,20.00,no
2026-10-05T04:59:41.691282Z,KXETH15M-26OCT050100-00,0.0170,20.00,no
2026-10-05T04:59:41.691282Z,KXETH15M-26OCT050100-00,0.0170,100.00,no
2026-10-05T04:59:41.691282Z,KXETH15M-26OCT050100-00,0.0190,100.00,no
2026-10-05T04:59:41.691282Z,KXETH15M-26OCT050100-00,0.0210,100.00,no
2026-10-05T04:59:41.691282Z,KXETH15M-26OCT050100-00,0.0180,100.00,no
2026-10-05T04:59:41.691282Z,KXETH15M-26OCT050100-00,0.0200,11.00,no
2026-10-05T04:59:41.691282Z,KXETH15M-26OCT050100-00,0.0140,100.00,no
2026-10-05T04:59:41.691282Z,KXETH15M-26OCT050100-00,0.0210,75.00,no
2026-10-05T04:59:41.691282Z,KXETH15M-26OCT050100-00,0.0150,100.00,no
2026-10-05T04:59:41.691282Z,KXETH15M-26OCT050100-00,0.0160,20.00,no
2026-10-05T04:59:41.691282Z,KXETH15M-26OCT050100-00,0.0160,100.00,no
2026-10-05T04:59:41.691282Z,KXETH15M-26OCT050100-00,0.0180,20.00,no
2026-10-05T04:59:41.691282Z,KXETH15M-26OCT050100-00,0.0200,100.00,no
2026-10-05T04:59:41.691282Z,KXETH15M-26OCT050100-00,0.0150,1.00,no
2026-10-05T04:59:41.691282Z,KXETH15M-26OCT050100-00,0.0200,20.00,no
2026-10-05T04:59:41.691282Z,KXETH15M-26OCT050100-00,0.0200,1.00,no
2026-10-05T04:59:41.691282Z,KXETH15M-26OCT050100-00,0.0160,1.00,no
2026-10-05T04:59:41.691282Z,KXETH15M-26OCT050100-00,0.0150,1.00,no
2026-10-05T04:59:41.691282Z,KXETH15M-26OCT050100-00,0.0210,1.00,no
2026-10-05T04:59:41.691282Z,KXETH15M-26OCT050100-00,0.0140,1.00,no
2026-10-05T04:59:41.691282Z,KXETH15M-26OCT050100-00,0.0190,1.00,no
2026-10-05T04:59:41.691282Z,KXETH15M-26OCT050100-00,0.0180,1.00,no
2026-10-05T04:59:41.691282Z,KXETH15M-26OCT050100-00,0.0200,1.00,no
2026-10-05T04:59:41.691282Z,KXETH15M-26OCT050100-00,0.0220,1.00,no
2026-10-05T04:59:41.691282Z,KXETH15M-26OCT050100-00,0.0170,1.00,no
2026-10-05T04:59:41.691282Z,KXETH15M-26OCT050100-00,0.0150,3.00,no
2026-10-05T04:59:41.691282Z,KXETH15M-26OCT050100-00,0.0210,1.00,no
2026-10-05T04:59:41.691282Z,KXETH15M-26OCT050100-00,0.0200,1.00,no
2026-10-05T04:59:41.691282Z,KXETH15M-26OCT050100-00,0.0180,26.00,no
2026-10-05T04:59:41.691282Z,KXETH15M-26OCT050100-00,0.0140,327.11,no
2026-10-05T04:59:41.691282Z,KXETH15M-26OCT050100-00,0.0220,10.00,no
2026-10-05T04:59:41.691282Z,KXETH15M-26OCT050100-00,0.0200,0.26,no
2026-10-05T04:59:41.691282Z,KXETH15M-26OCT050100-00,0.0200,500.00,no
2026-10-05T04:59:41.691282Z,KXETH15M-26OCT050100-00,0.0200,25.00,no
2026-10-05T04:59:41.691282Z,KXETH15M-26OCT050100-00,0.0200,50.00,no
2026-10-05T04:59:41.721624Z,KXETH15M-26OCT050100-00,0.0260,48.31,yes
2026-10-05T04:59:41.721826Z,KXETH15M-26OCT050100-00,0.0260,10.69,yes
2026-10-05T04:59:41.745287Z,KXETH15M-26OCT050100-00,0.0150,62.07,no
2026-10-05T04:59:41.750891Z,KXETH15M-26OCT050100-00,0.0150,1.32,no
2026-10-05T04:59:41.753686Z,KXETH15M-26OCT050100-00,0.0130,5.00,no
2026-10-05T04:59:41.753686Z,KXETH15M-26OCT050100-00,0.0120,20.00,no
2026-10-05T04:59:41.753686Z,KXETH15M-26OCT050100-00,0.0120,100.00,no
2026-10-05T04:59:41.753686Z,KXETH15M-26OCT050100-00,0.0130,20.00,no
2026-10-05T04:59:41.753686Z,KXETH15M-26OCT050100-00,0.0110,43.74,no
2026-10-05T04:59:41.753686Z,KXETH15M-26OCT050100-00,0.0130,100.00,no
2026-10-05T04:59:41.753686Z,KXETH15M-26OCT050100-00,0.0110,20.00,no
2026-10-05T04:59:41.753686Z,KXETH15M-26OCT050100-00,0.0130,1.00,no
2026-10-05T04:59:41.753686Z,KXETH15M-26OCT050100-00,0.0120,1.00,no
2026-10-05T04:59:41.753686Z,KXETH15M-26OCT050100-00,0.0120,4.00,no
2026-10-05T04:59:41.753686Z,KXETH15M-26OCT050100-00,0.0140,135.89,no
2026-10-05T04:59:41.753686Z,KXETH15M-26OCT050100-00,0.0150,12.00,no
2026-10-05T04:59:41.753686Z,KXETH15M-26OCT050100-00,0.0150,38.61,no
2026-10-05T04:59:41.781262Z,KXETH15M-26OCT050100-00,0.0110,29.22,no
2026-10-05T04:59:41.78425Z,KXETH15M-26OCT050100-00,0.0250,2.98,yes
2026-10-05T04:59:41.78425Z,KXETH15M-26OCT050100-00,0.0250,30.01,yes
2026-10-05T04:59:41.793509Z,KXETH15M-26OCT050100-00,0.0110,0.01,no
2026-10-05T04:59:41.793509Z,KXETH15M-26OCT050100-00,0.0120,12.00,no
2026-10-05T04:59:41.793509Z,KXETH15M-26OCT050100-00,0.0120,189.00,no
2026-10-05T04:59:41.832082Z,KXETH15M-26OCT050100-00,0.0250,64.37,yes
2026-10-05T04:59:41.836532Z,KXETH15M-26OCT050100-00,0.0110,63.39,no
2026-10-05T04:59:41.836532Z,KXETH15M-26OCT050100-00,0.0110,7.27,no
2026-10-05T04:59:41.836532Z,KXETH15M-26OCT050100-00,0.0140,38.00,no
2026-10-05T04:59:41.836532Z,KXETH15M-26OCT050100-00,0.0120,12.00,no
2026-10-05T04:59:41.932709Z,KXETH15M-26OCT050100-00,0.0220,5.00,yes
2026-10-05T04:59:41.947559Z,KXETH15M-26OCT050100-00,0.0220,13.27,yes
2026-10-05T04:59:42.062675Z,KXETH15M-26OCT050100-00,0.0110,89.27,no
2026-10-05T04:59:42.062675Z,KXETH15M-26OCT050100-00,0.0110,20.00,no
2026-10-05T04:59:42.062675Z,KXETH15M-26OCT050100-00,0.0110,92.73,no
2026-10-05T04:59:42.062675Z,KXETH15M-26OCT050100-00,0.0110,1.00,no
2026-10-05T04:59:42.062675Z,KXETH15M-26OCT050100-00,0.0110,4.00,no
2026-10-05T04:59:42.062675Z,KXETH15M-26OCT050100-00,0.0130,1.00,no
2026-10-05T04:59:42.062675Z,KXETH15M-26OCT050100-00,0.0120,12.00,no
2026-10-05T04:59:42.062675Z,KXETH15M-26OCT050100-00,0.0120,1.00,no
2026-10-05T04:59:42.088629Z,KXETH15M-26OCT050100-00,0.0200,100.00,yes
2026-10-05T04:59:42.120651Z,KXETH15M-26OCT050100-00,0.0190,49.75,yes
2026-10-05T04:59:42.125402Z,KXETH15M-26OCT050100-00,0.0190,42.98,yes
2026-10-05T04:59:42.125402Z,KXETH15M-26OCT050100-00,0.0190,13.18,yes
2026-10-05T04:59:42.167563Z,KXETH15M-26OCT050100-00,0.0110,2.00,no
2026-10-05T04:59:42.221125Z,KXETH15M-26OCT050100-00,0.0110,0.99,no
2026-10-05T04:59:42.226175Z,KXETH15M-26OCT050100-00,0.0180,42.00,yes
2026-10-05T04:59:42.226175Z,KXETH15M-26OCT050100-00,0.0170,7.27,yes
2026-10-05T04:59:42.226175Z,KXETH15M-26OCT050100-00,0.0160,100.00,yes
2026-10-05T04:59:42.254747Z,KXETH15M-26OCT050100-00,0.0160,1.35,yes
2026-10-05T04:59:42.283922Z,KXETH15M-26OCT050100-00,0.0150,1.00,yes
2026-10-05T04:59:42.283922Z,KXETH15M-26OCT050100-00,0.0160,9.48,yes
2026-10-05T04:59:42.288428Z,KXETH15M-26OCT050100-00,0.0110,10.00,no
2026-10-05T04:59:42.288428Z,KXETH15M-26OCT050100-00,0.0110,2.00,no
2026-10-05T04:59:42.288428Z,KXETH15M-26OCT050100-00,0.0110,2.00,no
2026-10-05T04:59:42.288428Z,KXETH15M-26OCT050100-00,0.0110,7.74,no
2026-10-05T04:59:42.288428Z,KXETH15M-26OCT050100-00,0.0110,1.00,no
2026-10-05T04:59:42.288428Z,KXETH15M-26OCT050100-00,0.0100,11.26,no
2026-10-05T04:59:42.288428Z,KXETH15M-26OCT050100-00,0.0110,1.00,no
2026-10-05T04:59:42.288428Z,KXETH15M-26OCT050100-00,0.0110,1.00,no
2026-10-05T04:59:42.288428Z,KXETH15M-26OCT050100-00,0.0120,12.00,no
2026-10-05T04:59:42.288428Z,KXETH15M-26OCT050100-00,0.0130,1.00,no
2026-10-05T04:59:42.290804Z,KXETH15M-26OCT050100-00,0.0100,29.01,no
2026-10-05T04:59:42.343701Z,KXETH15M-26OCT050100-00,0.0100,4.63,no
2026-10-05T04:59:42.343701Z,KXETH15M-26OCT050100-00,0.0110,1.00,no
2026-10-05T04:59:42.343701Z,KXETH15M-26OCT050100-00,0.0110,12.00,no
2026-10-05T04:59:42.357301Z,KXETH15M-26OCT050100-00,0.0100,4.00,no
2026-10-05T04:59:42.401999Z,KXETH15M-26OCT050100-00,0.0100,1.00,no
2026-10-05T04:59:42.413674Z,KXETH15M-26OCT050100-00,0.0140,5.62,yes
2026-10-05T04:59:42.413674Z,KXETH15M-26OCT050100-00,0.0140,28.08,yes
2026-10-05T04:59:42.453463Z,KXETH15M-26OCT050100-00,0.0100,37.90,no
2026-10-05T04:59:42.453463Z,KXETH15M-26OCT050100-00,0.0100,1.00,no
2026-10-05T04:59:42.453463Z,KXETH15M-26OCT050100-00,0.0100,0.10,no
2026-10-05T04:59:42.46493Z,KXETH15M-26OCT050100-00,0.0100,112.10,no
2026-10-05T04:59:42.46493Z,KXETH15M-26OCT050100-00,0.0100,14.90,no
2026-10-05T04:59:42.535709Z,KXETH15M-26OCT050100-00,0.0110,2.56,yes
2026-10-05T04:59:42.562115Z,KXETH15M-26OCT050100-00,0.0100,30.94,no
2026-10-05T04:59:42.589229Z,KXETH15M-26OCT050100-00,0.0110,14.90,yes
2026-10-05T04:59:42.589229Z,KXETH15M-26OCT050100-00,0.0110,28.27,yes
2026-10-05T04:59:42.589229Z,KXETH15M-26OCT050100-00,0.0110,124.44,yes
2026-10-05T04:59:42.622262Z,KXETH15M-26OCT050100-00,0.0110,1.79,yes
2026-10-05T04:59:42.642245Z,KXETH15M-26OCT050100-00,0.0100,50.46,no
2026-10-05T04:59:42.658848Z,KXETH15M-26OCT050100-00,0.0110,6.85,yes
2026-10-05T04:59:42.658848Z,KXETH15M-26OCT050100-00,0.0110,0.88,yes
2026-10-05T04:59:42.678153Z,KXETH15M-26OCT050100-00,0.0110,1.00,yes
2026-10-05T04:59:42.681719Z,KXETH15M-26OCT050100-00,0.0110,15.13,yes
2026-10-05T04:59:42.684912Z,KXETH15M-26OCT050100-00,0.0100,15.53,no
2026-10-05T04:59:42.684912Z,KXETH15M-26OCT050100-00,0.0100,3.70,no
2026-10-05T04:59:42.684912Z,KXETH15M-26OCT050100-00,0.0100,1.00,no
2026-10-05T04:59:42.684912Z,KXETH15M-26OCT050100-00,0.0100,4.00,no
2026-10-05T04:59:42.684912Z,KXETH15M-26OCT050100-00,0.0100,1.00,no
2026-10-05T04:59:42.685354Z,KXETH15M-26OCT050100-00,0.0110,1.34,yes
2026-10-05T04:59:42.763253Z,KXETH15M-26OCT050100-00,0.0170,22.00,yes
2026-10-05T04:59:42.763253Z,KXETH15M-26OCT050100-00,0.0110,3.70,yes
2026-10-05T04:59:42.763253Z,KXETH15M-26OCT050100-00,0.0130,62.44,yes
2026-10-05T04:59:42.763253Z,KXETH15M-26OCT050100-00,0.0150,98.65,yes
2026-10-05T04:59:42.763253Z,KXETH15M-26OCT050100-00,0.0120,19.00,yes
2026-10-05T04:59:42.763253Z,KXETH15M-26OCT050100-00,0.0170,13.00,yes
2026-10-05T04:59:42.763253Z,KXETH15M-26OCT050100-00,0.0110,26.14,yes
2026-10-05T04:59:42.763769Z,KXETH15M-26OCT050100-00,0.0180,58.00,yes
2026-10-05T04:59:42.77057Z,KXETH15M-26OCT050100-00,0.0200,10.00,yes
2026-10-05T04:59:42.77057Z,KXETH15M-26OCT050100-00,0.0190,86.82,yes
2026-10-05T04:59:42.77057Z,KXETH15M-26OCT050100-00,0.0190,1.00,yes
2026-10-05T04:59:42.77057Z,KXETH15M-26OCT050100-00,0.0210,100.00,yes
2026-10-05T04:59:42.77057Z,KXETH15M-26OCT050100-00,0.0200,100.00,yes
2026-10-05T04:59:42.783991Z,KXETH15M-26OCT050100-00,0.0270,12.00,yes
2026-10-05T04:59:42.783991Z,KXETH15M-26OCT050100-00,0.0220,41.00,yes
2026-10-05T04:59:42.783991Z,KXETH15M-26OCT050100-00,0.0280,5.10,yes
2026-10-05T04:59:42.783991Z,KXETH15M-26OCT050100-00,0.0280,2.69,yes
2026-10-05T04:59:42.783991Z,KXETH15M-26OCT050100-00,0.0280,59.95,yes
2026-10-05T04:59:42.783991Z,KXETH15M-26OCT050100-00,0.0230,8.00,yes
2026-10-05T04:59:42.829895Z,KXETH15M-26OCT050100-00,0.0220,9.00,no
2026-10-05T04:59:42.853055Z,KXETH15M-26OCT050100-00,0.0230,1.00,no
2026-10-05T04:59:42.853055Z,KXETH15M-26OCT050100-00,0.0220,1.72,no
2026-10-05T04:59:42.924708Z,KXETH15M-26OCT050100-00,0.0290,20.00,yes
2026-10-05T04:59:42.924708Z,KXETH15M-26OCT050100-00,0.0300,5.00,yes
2026-10-05T04:59:42.924708Z,KXETH15M-26OCT050100-00,0.0320,23.00,yes
2026-10-05T04:59:42.924708Z,KXETH15M-26OCT050100-00,0.0280,9.00,yes
2026-10-05T04:59:42.924708Z,KXETH15M-26OCT050100-00,0.0460,6.00,yes
2026-10-05T04:59:42.924708Z,KXETH15M-26OCT050100-00,0.0460,10.00,yes
2026-10-05T04:59:42.924708Z,KXETH15M-26OCT050100-00,0.0280,13.43,yes
2026-10-05T04:59:42.924708Z,KXETH15M-26OCT050100-00,0.0470,27.66,yes
2026-10-05T04:59:42.924708Z,KXETH15M-26OCT050100-00,0.0290,75.00,yes
2026-10-05T04:59:42.924708Z,KXETH15M-26OCT050100-00,0.0280,8.83,yes
2026-10-05T04:59:42.949101Z,KXETH15M-26OCT050100-00,0.0440,8.00,yes
2026-10-05T04:59:42.956254Z,KXETH15M-26OCT050100-00,0.0360,1.00,no
2026-10-05T04:59:42.956254Z,KXETH15M-26OCT050100-00,0.0350,0.72,no
2026-10-05T04:59:42.99999Z,KXETH15M-26OCT050100-00,0.0360,5.09,no
2026-10-05T04:59:42.99999Z,KXETH15M-26OCT050100-00,0.0360,5.00,no
2026-10-05T04:59:43.010977Z,KXETH15M-26OCT050100-00,0.0350,1.50,no
2026-10-05T04:59:43.012407Z,KXETH15M-26OCT050100-00,0.0350,497.78,no
2026-10-05T04:59:43.012407Z,KXETH15M-26OCT050100-00,0.0220,6.91,no
2026-10-05T04:59:43.107805Z,KXETH15M-26OCT050100-00,0.0330,9.00,no
2026-10-05T04:59:43.107805Z,KXETH15M-26OCT050100-00,0.0330,44.00,no
2026-10-05T04:59:43.107805Z,KXETH15M-26OCT050100-00,0.0320,439.00,no
2026-10-05T04:59:43.107805Z,KXETH15M-26OCT050100-00,0.0330,8.00,no
2026-10-05T04:59:43.117848Z,KXETH15M-26OCT050100-00,0.0460,16.74,yes
2026-10-05T04:59:43.148909Z,KXETH15M-26OCT050100-00,0.0450,84.47,yes
2026-10-05T04:59:43.164242Z,KXETH15M-26OCT050100-00,0.0300,6.91,no
2026-10-05T04:59:43.16582Z,KXETH15M-26OCT050100-00,0.0470,6.00,yes
2026-10-05T04:59:43.16582Z,KXETH15M-26OCT050100-00,0.0580,0.01,yes
2026-10-05T04:59:43.16582Z,KXETH15M-26OCT050100-00,0.0580,12.00,yes
2026-10-05T04:59:43.16582Z,KXETH15M-26OCT050100-00,0.0590,15.74,yes
2026-10-05T04:59:43.16582Z,KXETH15M-26OCT050100-00,0.0500,5.93,yes
2026-10-05T04:59:43.200703Z,KXETH15M-26OCT050100-00,0.0570,11.00,yes
2026-10-05T04:59:43.200703Z,KXETH15M-26OCT050100-00,0.0580,30.44,yes
2026-10-05T04:59:43.200703Z,KXETH15M-26OCT050100-00,0.0450,1.43,yes
2026-10-05T04:59:43.200703Z,KXETH15M-26OCT050100-00,0.0500,5.93,yes
2026-10-05T04:59:43.200703Z,KXETH15M-26OCT050100-00,0.0560,6.00,yes
2026-10-05T04:59:43.221861Z,KXETH15M-26OCT050100-00,0.0300,2.09,no
2026-10-05T04:59:43.221861Z,KXETH15M-26OCT050100-00,0.0300,1.00,no
2026-10-05T04:59:43.221861Z,KXETH15M-26OCT050100-00,0.0290,24.31,no
2026-10-05T04:59:43.249891Z,KXETH15M-26OCT050100-00,0.0550,6.00,yes
2026-10-05T04:59:43.249891Z,KXETH15M-26OCT050100-00,0.0540,229.00,yes
2026-10-05T04:59:43.249891Z,KXETH15M-26OCT050100-00,0.0580,12.00,yes
2026-10-05T04:59:43.249891Z,KXETH15M-26OCT050100-00,0.0590,32.47,yes
2026-10-05T04:59:43.341026Z,KXETH15M-26OCT050100-00,0.0410,1.00,no
2026-10-05T04:59:43.433113Z,KXETH15M-26OCT050100-00,0.0240,1.78,no
2026-10-05T04:59:43.433113Z,KXETH15M-26OCT050100-00,0.0250,1.00,no
2026-10-05T04:59:43.433113Z,KXETH15M-26OCT050100-00,0.0250,10.00,no
2026-10-05T04:59:43.440377Z,KXETH15M-26OCT050100-00,0.0400,10.83,yes
2026-10-05T04:59:43.56127Z,KXETH15M-26OCT050100-00,0.0390,11.00,yes
2026-10-05T04:59:43.56127Z,KXETH15M-26OCT050100-00,0.0400,89.17,yes
2026-10-05T04:59:43.56127Z,KXETH15M-26OCT050100-00,0.0490,500.00,yes
2026-10-05T04:59:43.56127Z,KXETH15M-26OCT050100-00,0.0390,0.01,yes
2026-10-05T04:59:43.56127Z,KXETH15M-26OCT050100-00,0.0390,6.00,yes
2026-10-05T04:59:43.56127Z,KXETH15M-26OCT050100-00,0.0450,9.00,yes
2026-10-05T04:59:43.56127Z,KXETH15M-26OCT050100-00,0.0570,5.00,yes
2026-10-05T04:59:43.56127Z,KXETH15M-26OCT050100-00,0.0590,292.31,yes
2026-10-05T04:59:43.833668Z,KXETH15M-26OCT050100-00,0.0400,6.00,yes
2026-10-05T04:59:43.833668Z,KXETH15M-26OCT050100-00,0.0410,30.00,yes
2026-10-05T04:59:43.833668Z,KXETH15M-26OCT050100-00,0.0400,9.00,yes
2026-10-05T04:59:43.833668Z,KXETH15M-26OCT050100-00,0.0430,21.20,yes
2026-10-05T04:59:43.833668Z,KXETH15M-26OCT050100-00,0.0400,10.00,yes
2026-10-05T04:59:43.88165Z,KXETH15M-26OCT050100-00,0.0430,5.04,yes
2026-10-05T04:59:43.88165Z,KXETH15M-26OCT050100-00,0.0400,9.00,yes
2026-10-05T04:59:43.88165Z,KXETH15M-26OCT050100-00,0.0420,11.00,yes
2026-10-05T04:59:43.88165Z,KXETH15M-26OCT050100-00,0.0400,6.00,yes
2026-10-05T04:59:43.927073Z,KXETH15M-26OCT050100-00,0.0300,1.00,yes
2026-10-05T04:59:44.079209Z,KXETH15M-26OCT050100-00,0.0220,13.10,no
2026-10-05T04:59:44.079209Z,KXETH15M-26OCT050100-00,0.0230,1.00,no
2026-10-05T04:59:44.079209Z,KXETH15M-26OCT050100-00,0.0230,1.00,no
2026-10-05T04:59:44.079209Z,KXETH15M-26OCT050100-00,0.0230,10.00,no
2026-10-05T04:59:44.14021Z,KXETH15M-26OCT050100-00,0.0280,13.10,yes
2026-10-05T04:59:44.14021Z,KXETH15M-26OCT050100-00,0.0290,6.00,yes
2026-10-05T04:59:44.14021Z,KXETH15M-26OCT050100-00,0.0300,14.87,yes
2026-10-05T04:59:44.14021Z,KXETH15M-26OCT050100-00,0.0290,12.00,yes
2026-10-05T04:59:44.208648Z,KXETH15M-26OCT050100-00,0.0220,15.03,no
2026-10-05T04:59:44.223312Z,KXETH15M-26OCT050100-00,0.0250,5.81,yes
2026-10-05T04:59:44.233564Z,KXETH15M-26OCT050100-00,0.0250,3.19,yes
2026-10-05T04:59:44.233564Z,KXETH15M-26OCT050100-00,0.0250,16.13,yes
2026-10-05T04:59:44.253585Z,KXETH15M-26OCT050100-00,0.0220,3.93,no
2026-10-05T04:59:44.294937Z,KXETH15M-26OCT050100-00,0.0280,5.00,yes
2026-10-05T04:59:44.294937Z,KXETH15M-26OCT050100-00,0.0270,6.00,yes
2026-10-05T04:59:44.294937Z,KXETH15M-26OCT050100-00,0.0250,9.00,yes
2026-10-05T04:59:44.294937Z,KXETH15M-26OCT050100-00,0.0250,52.00,yes
2026-10-05T04:59:44.315765Z,KXETH15M-26OCT050100-00,0.0250,0.95,no
2026-10-05T04:59:44.350038Z,KXETH15M-26OCT050100-00,0.0250,2.13,no
2026-10-05T04:59:44.357408Z,KXETH15M-26OCT050100-00,0.0270,6.00,yes
2026-10-05T04:59:44.357408Z,KXETH15M-26OCT050100-00,0.0280,9.60,yes
2026-10-05T04:59:44.567336Z,KXETH15M-26OCT050100-00,0.0260,24.34,yes
2026-10-05T04:59:44.573427Z,KXETH15M-26OCT050100-00,0.0260,3.66,yes
2026-10-05T04:59:44.643676Z,KXETH15M-26OCT050100-00,0.0250,5.00,no
2026-10-05T04:59:44.721898Z,KXETH15M-26OCT050100-00,0.0220,10.26,no
2026-10-05T04:59:44.721898Z,KXETH15M-26OCT050100-00,0.0220,2.69,no
2026-10-05T04:59:44.721898Z,KXETH15M-26OCT050100-00,0.0220,11.12,no
2026-10-05T04:59:44.721898Z,KXETH15M-26OCT050100-00,0.0220,5.10,no
2026-10-05T04:59:44.721898Z,KXETH15M-26OCT050100-00,0.0250,0.92,no
2026-10-05T04:59:44.721898Z,KXETH15M-26OCT050100-00,0.0230,1.00,no
2026-10-05T04:59:44.770968Z,KXETH15M-26OCT050100-00,0.0260,28.43,yes
2026-10-05T04:59:44.782062Z,KXETH15M-26OCT050100-00,0.0220,2.31,no
2026-10-05T04:59:44.782062Z,KXETH15M-26OCT050100-00,0.0220,13.10,no
2026-10-05T04:59:44.782062Z,KXETH15M-26OCT050100-00,0.0220,5.00,no
2026-10-05T04:59:44.782062Z,KXETH15M-26OCT050100-00,0.0220,9.60,no
2026-10-05T04:59:44.782062Z,KXETH15M-26OCT050100-00,0.0220,6.91,no
2026-10-05T04:59:44.782062Z,KXETH15M-26OCT050100-00,0.0220,8.83,no
2026-10-05T04:59:44.782062Z,KXETH15M-26OCT050100-00,0.0220,9.00,no
2026-10-05T04:59:44.782062Z,KXETH15M-26OCT050100-00,0.0220,0.72,no
2026-10-05T04:59:44.782062Z,KXETH15M-26OCT050100-00,0.0220,1.00,no
2026-10-05T04:59:44.985618Z,KXETH15M-26OCT050100-00,0.0100,7.10,no
2026-10-05T04:59:44.985618Z,KXETH15M-26OCT050100-00,0.0100,41.89,no
2026-10-05T04:59:44.985618Z,KXETH15M-26OCT050100-00,0.0100,9.47,no
2026-10-05T04:59:44.985618Z,KXETH15M-26OCT050100-00,0.0080,100.00,no
2026-10-05T04:59:44.985618Z,KXETH15M-26OCT050100-00,0.0090,100.00,no
2026-10-05T04:59:44.985618Z,KXETH15M-26OCT050100-00,0.0060,66.73,no
2026-10-05T04:59:44.985618Z,KXETH15M-26OCT050100-00,0.0080,1.00,no
2026-10-05T04:59:44.985618Z,KXETH15M-26OCT050100-00,0.0070,100.00,no
2026-10-05T04:59:44.985618Z,KXETH15M-26OCT050100-00,0.0090,1.00,no
2026-10-05T04:59:44.985618Z,KXETH15M-26OCT050100-00,0.0070,1.00,no
2026-10-05T04:59:44.985618Z,KXETH15M-26OCT050100-00,0.0100,3.19,no
2026-10-05T04:59:44.985618Z,KXETH15M-26OCT050100-00,0.0100,32.20,no
2026-10-05T04:59:44.985618Z,KXETH15M-26OCT050100-00,0.0100,14.05,no
2026-10-05T04:59:44.985618Z,KXETH15M-26OCT050100-00,0.0100,2.00,no
2026-10-05T04:59:44.985618Z,KXETH15M-26OCT050100-00,0.0110,12.00,no
2026-10-05T04:59:44.985618Z,KXETH15M-26OCT050100-00,0.0110,1.00,no
2026-10-05T04:59:44.985618Z,KXETH15M-26OCT050100-00,0.0120,63.00,no
2026-10-05T04:59:44.985618Z,KXETH15M-26OCT050100-00,0.0090,27.00,no
2026-10-05T04:59:44.985618Z,KXETH15M-26OCT050100-00,0.0110,49.22,no
2026-10-05T04:59:44.985618Z,KXETH15M-26OCT050100-00,0.0100,4.46,no
2026-10-05T04:59:44.985618Z,KXETH15M-26OCT050100-00,0.0100,8.51,no
2026-10-05T04:59:44.985618Z,KXETH15M-26OCT050100-00,0.0100,5.79,no
2026-10-05T04:59:44.985618Z,KXETH15M-26OCT050100-00,0.0100,1.36,no
2026-10-05T04:59:44.985618Z,KXETH15M-26OCT050100-00,0.0100,7.39,no
2026-10-05T04:59:44.985618Z,KXETH15M-26OCT050100-00,0.0100,31.64,no
2026-10-05T04:59:44.985618Z,KXETH15M-26OCT050100-00,0.0100,1.55,no
2026-10-05T04:59:44.985618Z,KXETH15M-26OCT050100-00,0.0100,1.31,no
2026-10-05T04:59:44.985618Z,KXETH15M-26OCT050100-00,0.0100,252.16,no
2026-10-05T04:59:44.985618Z,KXETH15M-26OCT050100-00,0.0100,11.16,no
2026-10-05T04:59:44.985618Z,KXETH15M-26OCT050100-00,0.0100,12.00,no
2026-10-05T04:59:44.985618Z,KXETH15M-26OCT050100-00,0.0100,0.49,no
2026-10-05T04:59:45.000721Z,KXETH15M-26OCT050100-00,0.0190,49.98,yes
2026-10-05T04:59:45.077452Z,KXETH15M-26OCT050100-00,0.0060,33.27,no
2026-10-05T04:59:45.077452Z,KXETH15M-26OCT050100-00,0.0050,72.73,no
2026-10-05T04:59:45.077452Z,KXETH15M-26OCT050100-00,0.0060,1.00,no
2026-10-05T04:59:45.077452Z,KXETH15M-26OCT050100-00,0.0050,100.00,no
2026-10-05T04:59:45.077452Z,KXETH15M-26OCT050100-00,0.0080,1.00,no
2026-10-05T04:59:45.077452Z,KXETH15M-26OCT050100-00,0.0070,13.00,no
2026-10-05T04:59:45.11454Z,KXETH15M-26OCT050100-00,0.0130,2.00,yes
2026-10-05T04:59:45.135856Z,KXETH15M-26OCT050100-00,0.0110,2.02,no
2026-10-05T04:59:45.149682Z,KXETH15M-26OCT050100-00,0.0120,2.00,yes
2026-10-05T04:59:45.299717Z,KXETH15M-26OCT050100-00,0.0110,2.59,no
2026-10-05T04:59:45.313674Z,KXETH15M-26OCT050100-00,0.0120,14.00,yes
2026-10-05T04:59:45.319684Z,KXETH15M-26OCT050100-00,0.0120,0.92,yes
2026-10-05T04:59:45.366051Z,KXETH15M-26OCT050100-00,0.0100,4.00,no
2026-10-05T04:59:45.366051Z,KXETH15M-26OCT050100-00,0.0090,4.00,no
2026-10-05T04:59:45.366051Z,KXETH15M-26OCT050100-00,0.0100,4.00,no
2026-10-05T04:59:45.366051Z,KXETH15M-26OCT050100-00,0.0060,1.65,no
2026-10-05T04:59:45.366051Z,KXETH15M-26OCT050100-00,0.0090,4.00,no
2026-10-05T04:59:45.366051Z,KXETH15M-26OCT050100-00,0.0110,20.39,no
2026-10-05T04:59:45.366051Z,KXETH15M-26OCT050100-00,0.0110,4.00,no
2026-10-05T04:59:45.366051Z,KXETH15M-26OCT050100-00,0.0110,4.00,no
2026-10-05T04:59:45.366051Z,KXETH15M-26OCT050100-00,0.0100,76.00,no
2026-10-05T04:59:45.479829Z,KXETH15M-26OCT050100-00,0.0100,3.00,yes
2026-10-05T04:59:45.490794Z,KXETH15M-26OCT050100-00,0.0100,1.00,yes
2026-10-05T04:59:45.493485Z,KXETH15M-26OCT050100-00,0.0100,3.00,yes
2026-10-05T04:59:45.513557Z,KXETH15M-26OCT050100-00,0.0110,8.00,yes
2026-10-05T04:59:45.558231Z,KXETH15M-26OCT050100-00,0.0100,84.14,yes
2026-10-05T04:59:45.633568Z,KXETH15M-26OCT050100-00,0.0100,7.00,yes
2026-10-05T04:59:45.675983Z,KXETH15M-26OCT050100-00,0.0100,69.08,yes
2026-10-05T04:59:45.675983Z,KXETH15M-26OCT050100-00,0.0100,8.86,yes
2026-10-05T04:59:45.745868Z,KXETH15M-26OCT050100-00,0.0100,55.02,yes
2026-10-05T04:59:45.745868Z,KXETH15M-26OCT050100-00,0.0100,22.92,yes
2026-10-05T04:59:45.80691Z,KXETH15M-26OCT050100-00,0.0070,4.00,no
2026-10-05T04:59:45.80691Z,KXETH15M-26OCT050100-00,0.0060,13.26,no
2026-10-05T04:59:45.80691Z,KXETH15M-26OCT050100-00,0.0080,4.00,no
2026-10-05T04:59:45.80691Z,KXETH15M-26OCT050100-00,0.0090,4.00,no
2026-10-05T04:59:45.80691Z,KXETH15M-26OCT050100-00,0.0070,4.00,no
2026-10-05T04:59:45.80691Z,KXETH15M-26OCT050100-00,0.0090,1.00,no
2026-10-05T04:59:45.80691Z,KXETH15M-26OCT050100-00,0.0080,4.00,no
2026-10-05T04:59:45.80691Z,KXETH15M-26OCT050100-00,0.0090,4.00,no
2026-10-05T04:59:45.821924Z,KXETH15M-26OCT050100-00,0.0100,11.71,yes
2026-10-05T04:59:45.821924Z,KXETH15M-26OCT050100-00,0.0090,7.00,yes
2026-10-05T04:59:45.821924Z,KXETH15M-26OCT050100-00,0.0100,16.91,yes
2026-10-05T04:59:45.847366Z,KXETH15M-26OCT050100-00,0.0100,5.38,yes
2026-10-05T04:59:45.856837Z,KXETH15M-26OCT050100-00,0.0100,11.87,yes
2026-10-05T04:59:45.856837Z,KXETH15M-26OCT050100-00,0.0100,9.00,yes
2026-10-05T04:59:45.857648Z,KXETH15M-26OCT050100-00,0.0140,25.91,yes
2026-10-05T04:59:45.857648Z,KXETH15M-26OCT050100-00,0.0100,21.23,yes
2026-10-05T04:59:46.064265Z,KXETH15M-26OCT050100-00,0.0090,4.53,yes
2026-10-05T04:59:46.085212Z,KXETH15M-26OCT050100-00,0.0150,9.00,yes
2026-10-05T04:59:46.085212Z,KXETH15M-26OCT050100-00,0.0090,67.35,yes
2026-10-05T04:59:46.085212Z,KXETH15M-26OCT050100-00,0.0090,9.83,yes
2026-10-05T04:59:46.085212Z,KXETH15M-26OCT050100-00,0.0220,13.00,yes
2026-10-05T04:59:46.085212Z,KXETH15M-26OCT050100-00,0.0100,9.00,yes
2026-10-05T04:59:46.085212Z,KXETH15M-26OCT050100-00,0.0140,88.09,yes
2026-10-05T04:59:46.085212Z,KXETH15M-26OCT050100-00,0.0220,1.00,yes
2026-10-05T04:59:46.085212Z,KXETH15M-26OCT050100-00,0.0100,9.00,yes
2026-10-05T04:59:46.085212Z,KXETH15M-26OCT050100-00,0.0230,223.30,yes
2026-10-05T04:59:46.085212Z,KXETH15M-26OCT050100-00,0.0090,45.00,yes
2026-10-05T04:59:46.085212Z,KXETH15M-26OCT050100-00,0.0200,10.43,yes
2026-10-05T04:59:46.085212Z,KXETH15M-26OCT050100-00,0.0200,9.00,yes
2026-10-05T04:59:46.085212Z,KXETH15M-26OCT050100-00,0.0170,6.00,yes
2026-10-05T04:59:46.089076Z,KXETH15M-26OCT050100-00,0.0230,15.00,yes
2026-10-05T04:59:46.271564Z,KXETH15M-26OCT050100-00,0.0080,4.00,no
2026-10-05T04:59:46.271564Z,KXETH15M-26OCT050100-00,0.0080,2.11,no
2026-10-05T04:59:46.271564Z,KXETH15M-26OCT050100-00,0.0090,1.00,no
2026-10-05T04:59:46.271564Z,KXETH15M-26OCT050100-00,0.0090,4.00,no
2026-10-05T04:59:46.271564Z,KXETH15M-26OCT050100-00,0.0090,4.00,no
2026-10-05T04:59:46.310932Z,KXETH15M-26OCT050100-00,0.0100,0.95,yes
2026-10-05T04:59:46.310932Z,KXETH15M-26OCT050100-00,0.0110,1.13,yes
2026-10-05T04:59:46.437267Z,KXETH15M-26OCT050100-00,0.0110,9.21,yes
2026-10-05T04:59:46.437267Z,KXETH15M-26OCT050100-00,0.0150,9.00,yes
2026-10-05T04:59:46.437267Z,KXETH15M-26OCT050100-00,0.0200,9.00,yes
2026-10-05T04:59:46.437267Z,KXETH15M-26OCT050100-00,0.0180,3.00,yes
2026-10-05T04:59:46.437267Z,KXETH15M-26OCT050100-00,0.0180,65.00,yes
2026-10-05T04:59:46.437267Z,KXETH15M-26OCT050100-00,0.0150,1.00,yes
2026-10-05T04:59:46.437267Z,KXETH15M-26OCT050100-00,0.0150,9.00,yes
2026-10-05T04:59:46.437267Z,KXETH15M-26OCT050100-00,0.0200,22.19,yes
2026-10-05T04:59:46.437267Z,KXETH15M-26OCT050100-00,0.0110,13.00,yes
2026-10-05T04:59:46.437267Z,KXETH15M-26OCT050100-00,0.0160,6.00,yes
2026-10-05T04:59:46.437267Z,KXETH15M-26OCT050100-00,0.0170,13.00,yes
2026-10-05T04:59:46.524937Z,KXETH15M-26OCT050100-00,0.0190,5.15,yes
2026-10-05T04:59:46.524937Z,KXETH15M-26OCT050100-00,0.0190,6.00,yes
2026-10-05T04:59:46.547518Z,KXETH15M-26OCT050100-00,0.0090,4.00,no
2026-10-05T04:59:46.547518Z,KXETH15M-26OCT050100-00,0.0100,4.00,no
2026-10-05T04:59:46.547518Z,KXETH15M-26OCT050100-00,0.0100,4.00,no
2026-10-05T04:59:46.547518Z,KXETH15M-26OCT050100-00,0.0090,4.00,no
2026-10-05T04:59:46.547518Z,KXETH15M-26OCT050100-00,0.0090,84.00,no
2026-10-05T04:59:46.555655Z,KXETH15M-26OCT050100-00,0.0180,50.02,yes
2026-10-05T04:59:46.555655Z,KXETH15M-26OCT050100-00,0.0180,12.00,yes
2026-10-05T04:59:46.555655Z,KXETH15M-26OCT050100-00,0.0180,1.00,yes
2026-10-05T04:59:46.555655Z,KXETH15M-26OCT050100-00,0.0180,6.00,yes
2026-10-05T04:59:46.595078Z,KXETH15M-26OCT050100-00,0.0170,4.00,no
2026-10-05T04:59:46.595078Z,KXETH15M-26OCT050100-00,0.0170,4.00,no
2026-10-05T04:59:46.595078Z,KXETH15M-26OCT050100-00,0.0160,2.15,no
2026-10-05T04:59:46.599082Z,KXETH15M-26OCT050100-00,0.0180,66.25,yes
2026-10-05T04:59:46.618375Z,KXETH15M-26OCT050100-00,0.0160,3.15,no
2026-10-05T04:59:46.618375Z,KXETH15M-26OCT050100-00,0.0170,4.00,no
2026-10-05T04:59:46.618375Z,KXETH15M-26OCT050100-00,0.0160,1.85,no
2026-10-05T04:59:46.618375Z,KXETH15M-26OCT050100-00,0.0170,4.00,no
2026-10-05T04:59:46.654642Z,KXETH15M-26OCT050100-00,0.0150,4.00,no
2026-10-05T04:59:46.654642Z,KXETH15M-26OCT050100-00,0.0160,0.85,no
2026-10-05T04:59:46.659874Z,KXETH15M-26OCT050100-00,0.0180,3.90,yes
2026-10-05T04:59:46.725092Z,KXETH15M-26OCT050100-00,0.0150,4.00,no
2026-10-05T04:59:46.778327Z,KXETH15M-26OCT050100-00,0.0120,4.00,no
2026-10-05T04:59:46.778327Z,KXETH15M-26OCT050100-00,0.0080,88.65,no
2026-10-05T04:59:46.778327Z,KXETH15M-26OCT050100-00,0.0130,4.00,no
2026-10-05T04:59:46.778327Z,KXETH15M-26OCT050100-00,0.0090,13.00,no
2026-10-05T04:59:46.778327Z,KXETH15M-26OCT050100-00,0.0130,4.00,no
2026-10-05T04:59:46.778327Z,KXETH15M-26OCT050100-00,0.0140,4.00,no
2026-10-05T04:59:46.778327Z,KXETH15M-26OCT050100-00,0.0140,4.00,no
2026-10-05T04:59:46.786179Z,KXETH15M-26OCT050100-00,0.0190,24.38,yes
2026-10-05T04:59:46.786179Z,KXETH15M-26OCT050100-00,0.0180,152.00,yes
2026-10-05T04:59:46.786179Z,KXETH15M-26OCT050100-00,0.0130,14.00,yes
2026-10-05T04:59:46.786179Z,KXETH15M-26OCT050100-00,0.0170,13.00,yes
2026-10-05T04:59:46.786179Z,KXETH15M-26OCT050100-00,0.0170,6.00,yes
2026-10-05T04:59:46.861395Z,KXETH15M-26OCT050100-00,0.0120,2.00,no
2026-10-05T04:59:46.874163Z,KXETH15M-26OCT050100-00,0.0120,1.94,no
2026-10-05T04:59:46.875303Z,KXETH15M-26OCT050100-00,0.0150,6.23,yes
2026-10-05T04:59:46.965659Z,KXETH15M-26OCT050100-00,0.0110,43.43,no
2026-10-05T04:59:47.04029Z,KXETH15M-26OCT050100-00,0.0120,1.00,no
2026-10-05T04:59:47.04029Z,KXETH15M-26OCT050100-00,0.0120,4.00,no
2026-10-05T04:59:47.04029Z,KXETH15M-26OCT050100-00,0.0110,155.57,no
2026-10-05T04:59:47.074822Z,KXETH15M-26OCT050100-00,0.0140,4.00,no
2026-10-05T04:59:47.074822Z,KXETH15M-26OCT050100-00,0.0140,39.00,no
2026-10-05T04:59:47.093841Z,KXETH15M-26OCT050100-00,0.0150,14.00,yes
2026-10-05T04:59:47.093841Z,KXETH15M-26OCT050100-00,0.0150,6.00,yes
2026-10-05T04:59:47.122396Z,KXETH15M-26OCT050100-00,0.0160,170.19,yes
2026-10-05T04:59:47.345591Z,KXETH15M-26OCT050100-00,0.0100,9.00,no
2026-10-05T04:59:47.345591Z,KXETH15M-26OCT050100-00,0.0150,9.00,no
2026-10-05T04:59:47.345591Z,KXETH15M-26OCT050100-00,0.0100,9.00,no
2026-10-05T04:59:47.345591Z,KXETH15M-26OCT050100-00,0.0150,41.00,no
2026-10-05T04:59:47.345591Z,KXETH15M-26OCT050100-00,0.0080,3.84,no
2026-10-05T04:59:47.433567Z,KXETH15M-26OCT050100-00,0.0180,10.00,yes
2026-10-05T04:59:47.433567Z,KXETH15M-26OCT050100-00,0.0180,12.00,yes
2026-10-05T04:59:47.433567Z,KXETH15M-26OCT050100-00,0.0190,6.00,yes
2026-10-05T04:59:47.433567Z,KXETH15M-26OCT050100-00,0.0200,45.99,yes
2026-10-05T04:59:47.592327Z,KXETH15M-26OCT050100-00,0.0090,1.20,no
2026-10-05T04:59:47.625922Z,KXETH15M-26OCT050100-00,0.0120,9.91,no
2026-10-05T04:59:47.6939Z,KXETH15M-26OCT050100-00,0.0170,20.10,yes
2026-10-05T04:59:47.739982Z,KXETH15M-26OCT050100-00,0.0170,6.49,yes
2026-10-05T04:59:47.743615Z,KXETH15M-26OCT050100-00,0.0170,47.47,yes
2026-10-05T04:59:47.795217Z,KXETH15M-26OCT050100-00,0.0180,3.05,yes
2026-10-05T04:59:47.795217Z,KXETH15M-26OCT050100-00,0.0170,45.53,yes
2026-10-05T04:59:47.858706Z,KXETH15M-26OCT050100-00,0.0130,50.00,no
2026-10-05T04:59:48.079566Z,KXETH15M-26OCT050100-00,0.0050,27.27,no
2026-10-05T04:59:48.079566Z,KXETH15M-26OCT050100-00,0.0050,1.00,no
2026-10-05T04:59:48.079566Z,KXETH15M-26OCT050100-00,0.0050,7.12,no
2026-10-05T04:59:48.079566Z,KXETH15M-26OCT050100-00,0.0110,37.00,no
2026-10-05T04:59:48.079566Z,KXETH15M-26OCT050100-00,0.0060,1.00,no
2026-10-05T04:59:48.079566Z,KXETH15M-26OCT050100-00,0.0060,13.00,no
2026-10-05T04:59:48.126932Z,KXETH15M-26OCT050100-00,0.0170,0.73,yes
2026-10-05T04:59:48.126932Z,KXETH15M-26OCT050100-00,0.0160,27.27,yes
2026-10-05T04:59:48.383663Z,KXETH15M-26OCT050100-00,0.0190,5.27,yes
2026-10-05T04:59:48.383663Z,KXETH15M-26OCT050100-00,0.0190,12.00,yes
2026-10-05T04:59:48.383663Z,KXETH15M-26OCT050100-00,0.0200,30.20,yes
2026-10-05T04:59:48.429891Z,KXETH15M-26OCT050100-00,0.0190,12.00,yes
2026-10-05T04:59:48.429891Z,KXETH15M-26OCT050100-00,0.0190,6.00,yes
2026-10-05T04:59:48.429891Z,KXETH15M-26OCT050100-00,0.0200,24.78,yes
2026-10-05T04:59:48.522752Z,KXETH15M-26OCT050100-00,0.0190,5.37,yes
2026-10-05T04:59:48.583553Z,KXETH15M-26OCT050100-00,0.0100,50.42,no
2026-10-05T04:59:48.69505Z,KXETH15M-26OCT050100-00,0.0180,6.00,yes
2026-10-05T04:59:48.69505Z,KXETH15M-26OCT050100-00,0.0190,3.00,yes
2026-10-05T04:59:48.754399Z,KXETH15M-26OCT050100-00,0.0110,1.00,no
2026-10-05T04:59:48.754399Z,KXETH15M-26OCT050100-00,0.0100,6.92,no
2026-10-05T04:59:48.754399Z,KXETH15M-26OCT050100-00,0.0120,1.00,no
2026-10-05T04:59:48.807689Z,KXETH15M-26OCT050100-00,0.0100,42.66,no
2026-10-05T04:59:48.807689Z,KXETH15M-26OCT050100-00,0.0100,13.00,no
2026-10-05T04:59:48.807689Z,KXETH15M-26OCT050100-00,0.0100,0.18,no
2026-10-05T04:59:48.959973Z,KXETH15M-26OCT050100-00,0.0180,6.00,yes
2026-10-05T04:59:48.959973Z,KXETH15M-26OCT050100-00,0.0190,3.27,yes
2026-10-05T04:59:48.99705Z,KXETH15M-26OCT050100-00,0.0190,1.96,yes
2026-10-05T04:59:49.246345Z,KXETH15M-26OCT050100-00,0.0070,18.40,no
2026-10-05T04:59:49.26177Z,KXETH15M-26OCT050100-00,0.0060,1.50,no
2026-10-05T04:59:49.26785Z,KXETH15M-26OCT050100-00,0.0060,2.00,no
2026-10-05T04:59:49.333589Z,KXETH15M-26OCT050100-00,0.0170,13.00,yes
2026-10-05T04:59:49.333589Z,KXETH15M-26OCT050100-00,0.0160,1.00,yes
2026-10-05T04:59:49.333589Z,KXETH15M-26OCT050100-00,0.0160,20.00,yes
2026-10-05T04:59:49.333589Z,KXETH15M-26OCT050100-00,0.0170,9.25,yes
2026-10-05T04:59:49.333589Z,KXETH15M-26OCT050100-00,0.0160,6.00,yes
2026-10-05T04:59:49.343015Z,KXETH15M-26OCT050100-00,0.0170,39.27,yes
2026-10-05T04:59:49.382801Z,KXETH15M-26OCT050100-00,0.0150,14.00,yes
2026-10-05T04:59:49.382801Z,KXETH15M-26OCT050100-00,0.0160,14.00,yes
2026-10-05T04:59:49.382801Z,KXETH15M-26OCT050100-00,0.0170,18.13,yes
2026-10-05T04:59:49.382801Z,KXETH15M-26OCT050100-00,0.0160,6.00,yes
2026-10-05T04:59:49.437402Z,KXETH15M-26OCT050100-00,0.0160,8.00,yes
2026-10-05T04:59:49.437402Z,KXETH15M-26OCT050100-00,0.0170,14.00,yes
2026-10-05T04:59:49.437402Z,KXETH15M-26OCT050100-00,0.0160,14.00,yes
2026-10-05T04:59:49.437402Z,KXETH15M-26OCT050100-00,0.0150,6.00,yes
2026-10-05T04:59:49.437402Z,KXETH15M-26OCT050100-00,0.0170,0.35,yes
2026-10-05T04:59:49.437402Z,KXETH15M-26OCT050100-00,0.0170,28.62,yes
2026-10-05T04:59:49.439835Z,KXETH15M-26OCT050100-00,0.0040,1.00,no
2026-10-05T04:59:49.439835Z,KXETH15M-26OCT050100-00,0.0040,100.00,no
2026-10-05T04:59:49.439835Z,KXETH15M-26OCT050100-00,0.0030,167.30,no
2026-10-05T04:59:49.439835Z,KXETH15M-26OCT050100-00,0.0040,563.00,no
2026-10-05T04:59:49.439835Z,KXETH15M-26OCT050100-00,0.0040,1.00,no
2026-10-05T04:59:49.439835Z,KXETH15M-26OCT050100-00,0.0040,1.00,no
2026-10-05T04:59:49.439835Z,KXETH15M-26OCT050100-00,0.0040,1.00,no
2026-10-05T04:59:49.439835Z,KXETH15M-26OCT050100-00,0.0040,1.00,no
2026-10-05T04:59:49.439835Z,KXETH15M-26OCT050100-00,0.0040,1.00,no
2026-10-05T04:59:49.439835Z,KXETH15M-26OCT050100-00,0.0040,13.00,no
2026-10-05T04:59:49.439835Z,KXETH15M-26OCT050100-00,0.0050,3.88,no
2026-10-05T04:59:49.439835Z,KXETH15M-26OCT050100-00,0.0060,1.00,no
2026-10-05T04:59:49.439835Z,KXETH15M-26OCT050100-00,0.0050,12.00,no
2026-10-05T04:59:49.439835Z,KXETH15M-26OCT050100-00,0.0050,19.00,no
2026-10-05T04:59:49.440457Z,KXETH15M-26OCT050100-00,0.0170,4.04,yes
2026-10-05T04:59:49.465414Z,KXETH15M-26OCT050100-00,0.0150,6.00,yes
2026-10-05T04:59:49.465414Z,KXETH15M-26OCT050100-00,0.0160,100.00,yes
2026-10-05T04:59:49.465414Z,KXETH15M-26OCT050100-00,0.0160,173.74,yes
2026-10-05T04:59:49.465414Z,KXETH15M-26OCT050100-00,0.0160,14.00,yes
2026-10-05T04:59:49.568588Z,KXETH15M-26OCT050100-00,0.0150,5.68,yes
2026-10-05T04:59:49.570738Z,KXETH15M-26OCT050100-00,0.0160,82.40,yes
2026-10-05T04:59:49.570738Z,KXETH15M-26OCT050100-00,0.0150,6.00,yes
2026-10-05T04:59:49.570738Z,KXETH15M-26OCT050100-00,0.0150,8.32,yes
2026-10-05T04:59:49.649785Z,KXETH15M-26OCT050100-00,0.0150,5.84,yes
2026-10-05T04:59:49.682043Z,KXETH15M-26OCT050100-00,0.0150,8.16,yes
2026-10-05T04:59:49.682043Z,KXETH15M-26OCT050100-00,0.0150,5.84,yes
2026-10-05T04:59:49.682043Z,KXETH15M-26OCT050100-00,0.0150,6.00,yes
2026-10-05T04:59:49.682043Z,KXETH15M-26OCT050100-00,0.0160,8.65,yes
2026-10-05T04:59:49.698733Z,KXETH15M-26OCT050100-00,0.0110,4.00,no
2026-10-05T04:59:49.698733Z,KXETH15M-26OCT050100-00,0.0120,4.00,no
2026-10-05T04:59:49.698733Z,KXETH15M-26OCT050100-00,0.0110,4.00,no
2026-10-05T04:59:49.698733Z,KXETH15M-26OCT050100-00,0.0120,4.00,no
2026-10-05T04:59:49.700767Z,KXETH15M-26OCT050100-00,0.0110,7.30,yes
2026-10-05T04:59:49.768436Z,KXETH15M-26OCT050100-00,0.0110,19.78,yes
2026-10-05T04:59:49.979835Z,KXETH15M-26OCT050100-00,0.0090,17.00,yes
2026-10-05T04:59:50.015964Z,KXETH15M-26OCT050100-00,0.0090,1.00,yes
2026-10-05T04:59:50.015964Z,KXETH15M-26OCT050100-00,0.0100,5.23,yes
2026-10-05T04:59:50.037868Z,KXETH15M-26OCT050100-00,0.0070,28.00,yes
2026-10-05T04:59:50.038888Z,KXETH15M-26OCT050100-00,0.0070,43.00,yes
2026-10-05T04:59:50.073841Z,KXETH15M-26OCT050100-00,0.0070,59.18,yes
2026-10-05T04:59:50.090654Z,KXETH15M-26OCT050100-00,0.0070,59.09,yes
2026-10-05T04:59:50.135755Z,KXETH15M-26OCT050100-00,0.0060,4.00,no
2026-10-05T04:59:50.188729Z,KXETH15M-26OCT050100-00,0.0050,10.63,no
2026-10-05T04:59:50.240073Z,KXETH15M-26OCT050100-00,0.0050,75.37,no
2026-10-05T04:59:50.441822Z,KXETH15M-26OCT050100-00,0.0040,12.00,no
2026-10-05T04:59:50.445162Z,KXETH15M-26OCT050100-00,0.0030,100.00,no
2026-10-05T04:59:50.445162Z,KXETH15M-26OCT050100-00,0.0030,2.00,no
2026-10-05T04:59:50.445162Z,KXETH15M-26OCT050100-00,0.0030,2.00,no
2026-10-05T04:59:50.445162Z,KXETH15M-26OCT050100-00,0.0030,2.00,no
2026-10-05T04:59:50.445162Z,KXETH15M-26OCT050100-00,0.0030,2.00,no
2026-10-05T04:59:50.445162Z,KXETH15M-26OCT050100-00,0.0030,2.00,no
2026-10-05T04:59:50.445162Z,KXETH15M-26OCT050100-00,0.0030,18.00,no
2026-10-05T04:59:50.445162Z,KXETH15M-26OCT050100-00,0.0030,4.00,no
2026-10-05T04:59:50.445162Z,KXETH15M-26OCT050100-00,0.0030,4.00,no
2026-10-05T04:59:50.445162Z,KXETH15M-26OCT050100-00,0.0030,73.96,no
2026-10-05T04:59:50.557956Z,KXETH15M-26OCT050100-00,0.0030,1.00,no
2026-10-05T04:59:50.641214Z,KXETH15M-26OCT050100-00,0.0020,100.00,no
2026-10-05T04:59:50.641214Z,KXETH15M-26OCT050100-00,0.0010,390.00,no
2026-10-05T04:59:50.641214Z,KXETH15M-26OCT050100-00,0.0020,40.00,no
2026-10-05T04:59:50.641214Z,KXETH15M-26OCT050100-00,0.0020,3.00,no
2026-10-05T04:59:50.641214Z,KXETH15M-26OCT050100-00,0.0020,3.00,no
2026-10-05T04:59:50.641214Z,KXETH15M-26OCT050100-00,0.0020,3.00,no
2026-10-05T04:59:50.641214Z,KXETH15M-26OCT050100-00,0.0020,3.00,no
2026-10-05T04:59:50.641214Z,KXETH15M-26OCT050100-00,0.0020,26.00,no
2026-10-05T04:59:50.641214Z,KXETH15M-26OCT050100-00,0.0020,3.00,no
2026-10-05T04:59:50.641214Z,KXETH15M-26OCT050100-00,0.0020,7.00,no
2026-10-05T04:59:50.641214Z,KXETH15M-26OCT050100-00,0.0020,4.00,no
2026-10-05T04:59:50.641214Z,KXETH15M-26OCT050100-00,0.0020,4.00,no
2026-10-05T04:59:50.658223Z,KXETH15M-26OCT050100-00,0.0020,380.00,no
2026-10-05T04:59:50.658223Z,KXETH15M-26OCT050100-00,0.0020,7.00,no
2026-10-05T04:59:50.684215Z,KXETH15M-26OCT050100-00,0.0010,23.57,no
2026-10-05T04:59:50.752524Z,KXETH15M-26OCT050100-00,0.0020,3.00,yes
2026-10-05T04:59:50.752524Z,KXETH15M-26OCT050100-00,0.0020,63.79,yes
2026-10-05T04:59:50.793872Z,KXETH15M-26OCT050100-00,0.0010,8.61,no
2026-10-05T04:59:50.811256Z,KXETH15M-26OCT050100-00,0.0090,6.25,yes
2026-10-05T04:59:50.811256Z,KXETH15M-26OCT050100-00,0.0050,124.22,yes
2026-10-05T04:59:50.811256Z,KXETH15M-26OCT050100-00,0.0040,10.00,yes
2026-10-05T04:59:50.811256Z,KXETH15M-26OCT050100-00,0.0030,73.00,yes
2026-10-05T04:59:50.811256Z,KXETH15M-26OCT050100-00,0.0040,10.00,yes
2026-10-05T04:59:50.811256Z,KXETH15M-26OCT050100-00,0.0070,285.73,yes
2026-10-05T04:59:50.811256Z,KXETH15M-26OCT050100-00,0.0040,100.00,yes
2026-10-05T04:59:50.811256Z,KXETH15M-26OCT050100-00,0.0050,9.00,yes
2026-10-05T04:59:50.811256Z,KXETH15M-26OCT050100-00,0.0020,84.21,yes
2026-10-05T04:59:50.811256Z,KXETH15M-26OCT050100-00,0.0030,100.00,yes
2026-10-05T04:59:50.881952Z,KXETH15M-26OCT050100-00,0.0130,227.48,yes
2026-10-05T04:59:50.883777Z,KXETH15M-26OCT050100-00,0.0130,8.79,yes
2026-10-05T04:59:50.989207Z,KXETH15M-26OCT050100-00,0.0020,7.00,no
2026-10-05T04:59:51.103148Z,KXETH15M-26OCT050100-00,0.0020,25.10,yes
2026-10-05T04:59:51.259956Z,KXETH15M-26OCT050100-00,0.0020,1.93,yes
2026-10-05T04:59:51.259956Z,KXETH15M-26OCT050100-00,0.0020,0.08,yes
2026-10-05T04:59:51.35003Z,KXETH15M-26OCT050100-00,0.0020,8.07,yes
2026-10-05T04:59:51.35003Z,KXETH15M-26OCT050100-00,0.0090,22.00,yes
2026-10-05T04:59:51.35003Z,KXETH15M-26OCT050100-00,0.0100,20.03,yes
2026-10-05T04:59:51.35003Z,KXETH15M-26OCT050100-00,0.0030,44.00,yes
2026-10-05T04:59:51.383779Z,KXETH15M-26OCT050100-00,0.0100,4.36,yes
2026-10-05T04:59:51.383779Z,KXETH15M-26OCT050100-00,0.0120,6.00,yes
2026-10-05T04:59:51.383779Z,KXETH15M-26OCT050100-00,0.0140,153.64,yes
2026-10-05T04:59:51.383779Z,KXETH15M-26OCT050100-00,0.0130,15.00,yes
2026-10-05T04:59:51.452Z,KXETH15M-26OCT050100-00,0.0040,6.49,yes
2026-10-05T04:59:51.479889Z,KXETH15M-26OCT050100-00,0.0020,315.00,yes
2026-10-05T04:59:51.479889Z,KXETH15M-26OCT050100-00,0.0040,0.65,yes
2026-10-05T04:59:51.507966Z,KXETH15M-26OCT050100-00,0.0010,31.22,no
2026-10-05T04:59:51.592061Z,KXETH15M-26OCT050100-00,0.0040,196.56,yes
2026-10-05T04:59:51.595649Z,KXETH15M-26OCT050100-00,0.0040,19.22,yes
2026-10-05T04:59:51.809932Z,KXETH15M-26OCT050100-00,0.0010,10.08,no
2026-10-05T04:59:52.028038Z,KXETH15M-26OCT050100-00,0.0020,31.22,yes
2026-10-05T04:59:52.028038Z,KXETH15M-26OCT050100-00,0.0030,2.39,yes
2026-10-05T04:59:52.113247Z,KXETH15M-26OCT050100-00,0.0020,10.02,yes
2026-10-05T04:59:52.324408Z,KXETH15M-26OCT050100-00,0.0100,5.18,yes
2026-10-05T04:59:52.324408Z,KXETH15M-26OCT050100-00,0.0070,3.00,yes
2026-10-05T04:59:52.324408Z,KXETH15M-26OCT050100-00,0.0100,5.48,yes
2026-10-05T04:59:52.324408Z,KXETH15M-26OCT050100-00,0.0040,66.00,yes
2026-10-05T04:59:52.324408Z,KXETH15M-26OCT050100-00,0.0040,81.08,yes
2026-10-05T04:59:52.324408Z,KXETH15M-26OCT050100-00,0.0090,21.00,yes
2026-10-05T04:59:52.324408Z,KXETH15M-26OCT050100-00,0.0020,0.06,yes
2026-10-05T04:59:52.362401Z,KXETH15M-26OCT050100-00,0.0020,5.00,no
2026-10-05T04:59:52.439553Z,KXETH15M-26OCT050100-00,0.0090,50.46,yes
2026-10-05T04:59:52.478857Z,KXETH15M-26OCT050100-00,0.0020,2.00,no
2026-10-05T04:59:52.478857Z,KXETH15M-26OCT050100-00,0.0020,8.00,no
2026-10-05T04:59:52.478857Z,KXETH15M-26OCT050100-00,0.0020,2.00,no
2026-10-05T04:59:52.550511Z,KXETH15M-26OCT050100-00,0.0040,3.15,yes
2026-10-05T04:59:52.625565Z,KXETH15M-26OCT050100-00,0.0040,100.00,no
2026-10-05T04:59:52.625565Z,KXETH15M-26OCT050100-00,0.0020,7.00,no
2026-10-05T04:59:52.690066Z,KXETH15M-26OCT050100-00,0.0060,97.00,yes
2026-10-05T04:59:52.825827Z,KXETH15M-26OCT050100-00,0.0020,106.00,no
2026-10-05T04:59:52.825827Z,KXETH15M-26OCT050100-00,0.0020,7.00,no
2026-10-05T04:59:53.020109Z,KXETH15M-26OCT050100-00,0.0090,334.79,yes
2026-10-05T04:59:53.020109Z,KXETH15M-26OCT050100-00,0.0050,82.00,yes
2026-10-05T04:59:53.020109Z,KXETH15M-26OCT050100-00,0.0080,22.00,yes
2026-10-05T04:59:53.020109Z,KXETH15M-26OCT050100-00,0.0080,300.00,yes
2026-10-05T04:59:53.020109Z,KXETH15M-26OCT050100-00,0.0080,22.00,yes
2026-10-05T04:59:53.020109Z,KXETH15M-26OCT050100-00,0.0050,10.00,yes
2026-10-05T04:59:53.044377Z,KXETH15M-26OCT050100-00,0.0010,92.00,no
2026-10-05T04:59:53.123034Z,KXETH15M-26OCT050100-00,0.0010,25.53,no
2026-10-05T04:59:53.167605Z,KXETH15M-26OCT050100-00,0.0020,13.44,yes
2026-10-05T04:59:53.187411Z,KXETH15M-26OCT050100-00,0.0010,40.00,no
2026-10-05T04:59:53.187411Z,KXETH15M-26OCT050100-00,0.0010,100.00,no
2026-10-05T04:59:53.187411Z,KXETH15M-26OCT050100-00,0.0010,980.00,no
2026-10-05T04:59:53.187411Z,KXETH15M-26OCT050100-00,0.0010,1.00,no
2026-10-05T04:59:53.187411Z,KXETH15M-26OCT050100-00,0.0010,418.99,no
2026-10-05T04:59:53.187411Z,KXETH15M-26OCT050100-00,0.0010,1.00,no
2026-10-05T04:59:53.187411Z,KXETH15M-26OCT050100-00,0.0010,1.00,no
2026-10-05T04:59:53.187411Z,KXETH15M-26OCT050100-00,0.0010,157.73,no
2026-10-05T04:59:53.187411Z,KXETH15M-26OCT050100-00,0.0010,66.00,no
2026-10-05T04:59:53.187411Z,KXETH15M-26OCT050100-00,0.0010,4.00,no
2026-10-05T04:59:53.187411Z,KXETH15M-26OCT050100-00,0.0010,4.00,no
2026-10-05T04:59:53.187411Z,KXETH15M-26OCT050100-00,0.0010,29.00,no
2026-10-05T04:59:53.271596Z,KXETH15M-26OCT050100-00,0.0020,1.76,yes
2026-10-05T04:59:53.44056Z,KXETH15M-26OCT050100-00,0.0020,0.14,yes
2026-10-05T04:59:53.48225Z,KXETH15M-26OCT050100-00,0.0020,20.16,yes
2026-10-05T04:59:53.85557Z,KXETH15M-26OCT050100-00,0.0020,5.00,yes
2026-10-05T04:59:53.905101Z,KXETH15M-26OCT050100-00,0.0020,25.53,yes
2026-10-05T04:59:53.905101Z,KXETH15M-26OCT050100-00,0.0080,10.67,yes
2026-10-05T04:59:53.905101Z,KXETH15M-26OCT050100-00,0.0020,418.99,yes
2026-10-05T04:59:53.905101Z,KXETH15M-26OCT050100-00,0.0020,51.50,yes
2026-10-05T04:59:53.905101Z,KXETH15M-26OCT050100-00,0.0030,100.00,yes
2026-10-05T04:59:53.905101Z,KXETH15M-26OCT050100-00,0.0050,9.00,yes
2026-10-05T04:59:53.905101Z,KXETH15M-26OCT050100-00,0.0020,100.00,yes
2026-10-05T04:59:53.905101Z,KXETH15M-26OCT050100-00,0.0040,72.00,yes
2026-10-05T04:59:54.001437Z,KXETH15M-26OCT050100-00,0.0090,100.48,yes
2026-10-05T04:59:54.001889Z,KXETH15M-26OCT050100-00,0.0090,2.25,yes
2026-10-05T04:59:54.06064Z,KXETH15M-26OCT050100-00,0.0060,99.22,yes
2026-10-05T04:59:54.143079Z,KXETH15M-26OCT050100-00,0.0020,99.00,no
2026-10-05T04:59:54.143079Z,KXETH15M-26OCT050100-00,0.0040,1.97,no
2026-10-05T04:59:54.151628Z,KXETH15M-26OCT050100-00,0.0060,7.39,yes
2026-10-05T04:59:54.161571Z,KXETH15M-26OCT050100-00,0.0060,54.20,yes
2026-10-05T04:59:54.274358Z,KXETH15M-26OCT050100-00,0.0050,7.62,yes
2026-10-05T04:59:54.462902Z,KXETH15M-26OCT050100-00,0.0070,15.91,yes
2026-10-05T04:59:54.462902Z,KXETH15M-26OCT050100-00,0.0050,21.38,yes
2026-10-05T04:59:54.462902Z,KXETH15M-26OCT050100-00,0.0050,59.00,yes
2026-10-05T04:59:54.462902Z,KXETH15M-26OCT050100-00,0.0050,7.62,yes
2026-10-05T04:59:55.186548Z,KXETH15M-26OCT050100-00,0.0060,38.18,yes
2026-10-05T04:59:55.479595Z,KXETH15M-26OCT050100-00,0.0060,28.00,yes
2026-10-05T04:59:55.479595Z,KXETH15M-26OCT050100-00,0.0060,10.18,yes
2026-10-05T04:59:56.093326Z,KXETH15M-26OCT050100-00,0.0080,3.17,yes
2026-10-05T04:59:56.186261Z,KXETH15M-26OCT050100-00,0.0080,1713.95,yes
2026-10-05T04:59:57.202879Z,KXETH15M-26OCT050100-00,0.0060,35.53,yes
2026-10-05T04:59:57.466007Z,KXETH15M-26OCT050100-00,0.0010,50.00,no
2026-10-05T04:59:57.482689Z,KXETH15M-26OCT050100-00,0.0060,6.39,yes
2026-10-05T04:59:57.858223Z,KXETH15M-26OCT050100-00,0.0010,77.91,yes
2026-10-05T04:59:58.054427Z,KXETH15M-26OCT050100-00,0.0010,0.87,yes
2026-10-05T04:59:58.447051Z,KXETH15M-26OCT050100-00,0.0010,1226.00,yes
2026-10-05T04:59:58.678998Z,KXETH15M-26OCT050100-00,0.0010,32.27,yes
2026-10-05T04:59:58.691992Z,KXETH15M-26OCT050100-00,0.0010,69.29,yes
2026-10-05T04:59:59.975811Z,KXETH15M-26OCT050100-00,0.0010,28.60,yes
2026-10-05T04:58:56.049698Z,KXDOGE15M-26OCT050100-00,0.8500,125.84,no
2026-10-05T04:58:56.243678Z,KXDOGE15M-26OCT050100-00,0.8600,0.10,yes
2026-10-05T04:58:57.475731Z,KXDOGE15M-26OCT050100-00,0.8400,1.92,no
2026-10-05T04:58:57.475731Z,KXDOGE15M-26OCT050100-00,0.8500,1.00,no
2026-10-05T04:58:57.941117Z,KXDOGE15M-26OCT050100-00,0.8400,11.80,no
2026-10-05T04:58:58.784258Z,KXDOGE15M-26OCT050100-00,0.8200,10.00,yes
2026-10-05T04:58:58.830022Z,KXDOGE15M-26OCT050100-00,0.8500,11.10,yes
2026-10-05T04:58:58.830022Z,KXDOGE15M-26OCT050100-00,0.8500,6.00,yes
2026-10-05T04:58:58.830022Z,KXDOGE15M-26OCT050100-00,0.8500,6.00,yes
2026-10-05T04:58:59.37261Z,KXDOGE15M-26OCT050100-00,0.8500,1.97,no
2026-10-05T04:59:01.335913Z,KXDOGE15M-26OCT050100-00,0.8900,4.75,no
2026-10-05T04:59:01.582344Z,KXDOGE15M-26OCT050100-00,0.8900,12.94,no
2026-10-05T04:59:01.608649Z,KXDOGE15M-26OCT050100-00,0.8900,4.83,no
2026-10-05T04:59:03.35086Z,KXDOGE15M-26OCT050100-00,0.9000,0.01,no
2026-10-05T04:59:03.35086Z,KXDOGE15M-26OCT050100-00,0.8900,1.13,no
2026-10-05T04:59:03.35086Z,KXDOGE15M-26OCT050100-00,0.8900,0.01,no
2026-10-05T04:59:03.658943Z,KXDOGE15M-26OCT050100-00,0.8800,0.19,yes
2026-10-05T04:59:03.661395Z,KXDOGE15M-26OCT050100-00,0.8300,25.00,no
2026-10-05T04:59:03.661395Z,KXDOGE15M-26OCT050100-00,0.8500,1.80,no
2026-10-05T04:59:03.661395Z,KXDOGE15M-26OCT050100-00,0.8400,3.00,no
2026-10-05T04:59:03.661395Z,KXDOGE15M-26OCT050100-00,0.8300,181.23,no
2026-10-05T04:59:03.661395Z,KXDOGE15M-26OCT050100-00,0.8400,29.00,no
2026-10-05T04:59:03.662699Z,KXDOGE15M-26OCT050100-00,0.8200,1.74,no
2026-10-05T04:59:03.662699Z,KXDOGE15M-26OCT050100-00,0.8300,29.00,no
2026-10-05T04:59:03.663321Z,KXDOGE15M-26OCT050100-00,0.8200,3.00,no
2026-10-05T04:59:03.673275Z,KXDOGE15M-26OCT050100-00,0.8000,28.00,no
2026-10-05T04:59:03.675596Z,KXDOGE15M-26OCT050100-00,0.7800,1.00,no
2026-10-05T04:59:03.675596Z,KXDOGE15M-26OCT050100-00,0.7800,28.00,no
2026-10-05T04:59:03.743742Z,KXDOGE15M-26OCT050100-00,0.7700,1.00,no
2026-10-05T04:59:03.743742Z,KXDOGE15M-26OCT050100-00,0.7500,0.01,no
2026-10-05T04:59:03.743742Z,KXDOGE15M-26OCT050100-00,0.7400,5.00,no
2026-10-05T04:59:03.743742Z,KXDOGE15M-26OCT050100-00,0.7600,1.00,no
2026-10-05T04:59:03.743742Z,KXDOGE15M-26OCT050100-00,0.7400,19.00,no
2026-10-05T04:59:03.745261Z,KXDOGE15M-26OCT050100-00,0.7300,1.00,no
2026-10-05T04:59:04.054174Z,KXDOGE15M-26OCT050100-00,0.7100,15.00,yes
2026-10-05T04:59:04.088505Z,KXDOGE15M-26OCT050100-00,0.7100,15.00,yes
2026-10-05T04:59:04.21729Z,KXDOGE15M-26OCT050100-00,0.7200,10.00,yes
2026-10-05T04:59:04.296244Z,KXDOGE15M-26OCT050100-00,0.6900,42.00,no
2026-10-05T04:59:04.296244Z,KXDOGE15M-26OCT050100-00,0.6900,1.00,no
2026-10-05T04:59:04.59277Z,KXDOGE15M-26OCT050100-00,0.6700,0.10,yes
2026-10-05T04:59:04.992122Z,KXDOGE15M-26OCT050100-00,0.6000,2.28,no
2026-10-05T04:59:05.831843Z,KXDOGE15M-26OCT050100-00,0.6800,34.00,yes
2026-10-05T04:59:05.831843Z,KXDOGE15M-26OCT050100-00,0.7000,18.53,yes
2026-10-05T04:59:06.00195Z,KXDOGE15M-26OCT050100-00,0.6500,15.36,no
2026-10-05T04:59:06.323607Z,KXDOGE15M-26OCT050100-00,0.6600,12.00,no
2026-10-05T04:59:06.323607Z,KXDOGE15M-26OCT050100-00,0.6600,8.40,no
2026-10-05T04:59:06.446003Z,KXDOGE15M-26OCT050100-00,0.6500,8.36,no
2026-10-05T04:59:06.446003Z,KXDOGE15M-26OCT050100-00,0.6500,0.64,no
2026-10-05T04:59:06.493615Z,KXDOGE15M-26OCT050100-00,0.6500,3.00,no
2026-10-05T04:59:06.493615Z,KXDOGE15M-26OCT050100-00,0.6500,6.64,no
2026-10-05T04:59:06.493615Z,KXDOGE15M-26OCT050100-00,0.6400,16.00,no
2026-10-05T04:59:06.542866Z,KXDOGE15M-26OCT050100-00,0.6100,15.60,no
2026-10-05T04:59:06.542866Z,KXDOGE15M-26OCT050100-00,0.6100,1.00,no
2026-10-05T04:59:06.548524Z,KXDOGE15M-26OCT050100-00,0.6000,1.00,no
2026-10-05T04:59:07.447536Z,KXDOGE15M-26OCT050100-00,0.5900,10.00,yes
2026-10-05T04:59:07.464157Z,KXDOGE15M-26OCT050100-00,0.5900,10.00,yes
2026-10-05T04:59:07.467452Z,KXDOGE15M-26OCT050100-00,0.6000,31.00,yes
2026-10-05T04:59:07.468739Z,KXDOGE15M-26OCT050100-00,0.6200,31.00,yes
2026-10-05T04:59:07.472833Z,KXDOGE15M-26OCT050100-00,0.6100,31.00,yes
2026-10-05T04:59:07.476249Z,KXDOGE15M-26OCT050100-00,0.6200,21.00,yes
2026-10-05T04:59:07.476249Z,KXDOGE15M-26OCT050100-00,0.6000,10.00,yes
2026-10-05T04:59:07.479582Z,KXDOGE15M-26OCT050100-00,0.6600,27.00,yes
2026-10-05T04:59:07.479582Z,KXDOGE15M-26OCT050100-00,0.6200,10.00,yes
2026-10-05T04:59:07.481018Z,KXDOGE15M-26OCT050100-00,0.6900,4.00,yes
2026-10-05T04:59:07.481018Z,KXDOGE15M-26OCT050100-00,0.6600,6.00,yes
2026-10-05T04:59:07.481018Z,KXDOGE15M-26OCT050100-00,0.6800,10.00,yes
2026-10-05T04:59:07.481852Z,KXDOGE15M-26OCT050100-00,0.6900,21.00,yes
2026-10-05T04:59:07.481852Z,KXDOGE15M-26OCT050100-00,0.7200,26.00,yes
2026-10-05T04:59:07.481852Z,KXDOGE15M-26OCT050100-00,0.7200,3.00,yes
2026-10-05T04:59:07.4835Z,KXDOGE15M-26OCT050100-00,0.7400,26.00,yes
2026-10-05T04:59:07.485535Z,KXDOGE15M-26OCT050100-00,0.6500,10.00,yes
2026-10-05T04:59:07.494264Z,KXDOGE15M-26OCT050100-00,0.7400,10.00,yes
2026-10-05T04:59:07.800446Z,KXDOGE15M-26OCT050100-00,0.7600,1.00,no
2026-10-05T04:59:07.810321Z,KXDOGE15M-26OCT050100-00,0.7400,31.00,no
2026-10-05T04:59:07.810321Z,KXDOGE15M-26OCT050100-00,0.7400,5.00,no
2026-10-05T04:59:08.800839Z,KXDOGE15M-26OCT050100-00,0.6400,31.82,no
2026-10-05T04:59:08.800839Z,KXDOGE15M-26OCT050100-00,0.6400,16.00,no
2026-10-05T04:59:09.812875Z,KXDOGE15M-26OCT050100-00,0.6900,1.41,yes
2026-10-05T04:59:10.039423Z,KXDOGE15M-26OCT050100-00,0.6900,1.00,yes
2026-10-05T04:59:10.039423Z,KXDOGE15M-26OCT050100-00,0.6900,18.59,yes
2026-10-05T04:59:10.400189Z,KXDOGE15M-26OCT050100-00,0.7200,37.00,yes
2026-10-05T04:59:10.435444Z,KXDOGE15M-26OCT050100-00,0.7400,6.60,yes
2026-10-05T04:59:10.435444Z,KXDOGE15M-26OCT050100-00,0.7400,38.00,yes
2026-10-05T04:59:10.45639Z,KXDOGE15M-26OCT050100-00,0.7400,2.98,no
2026-10-05T04:59:10.55174Z,KXDOGE15M-26OCT050100-00,0.7500,40.00,yes
2026-10-05T04:59:10.600265Z,KXDOGE15M-26OCT050100-00,0.7500,20.00,yes
2026-10-05T04:59:10.762371Z,KXDOGE15M-26OCT050100-00,0.7700,42.00,yes
2026-10-05T04:59:10.801035Z,KXDOGE15M-26OCT050100-00,0.7800,43.00,yes
2026-10-05T04:59:10.801035Z,KXDOGE15M-26OCT050100-00,0.7700,42.00,yes
2026-10-05T04:59:10.801035Z,KXDOGE15M-26OCT050100-00,0.7700,20.00,yes
2026-10-05T04:59:10.812155Z,KXDOGE15M-26OCT050100-00,0.8300,24.00,yes
2026-10-05T04:59:10.812155Z,KXDOGE15M-26OCT050100-00,0.8300,8.00,yes
2026-10-05T04:59:10.815154Z,KXDOGE15M-26OCT050100-00,0.8300,53.00,yes
2026-10-05T04:59:10.815332Z,KXDOGE15M-26OCT050100-00,0.8400,175.24,yes
2026-10-05T04:59:10.8158Z,KXDOGE15M-26OCT050100-00,0.8400,123.72,yes
2026-10-05T04:59:10.819195Z,KXDOGE15M-26OCT050100-00,0.8400,107.18,yes
2026-10-05T04:59:10.820228Z,KXDOGE15M-26OCT050100-00,0.8400,144.73,yes
2026-10-05T04:59:10.821085Z,KXDOGE15M-26OCT050100-00,0.8400,43.13,yes
2026-10-05T04:59:10.821878Z,KXDOGE15M-26OCT050100-00,0.8500,58.00,yes
2026-10-05T04:59:11.183587Z,KXDOGE15M-26OCT050100-00,0.8800,20.00,yes
2026-10-05T04:59:11.701838Z,KXDOGE15M-26OCT050100-00,0.8800,6.00,no
2026-10-05T04:59:11.701838Z,KXDOGE15M-26OCT050100-00,0.8800,33.00,no
2026-10-05T04:59:11.701838Z,KXDOGE15M-26OCT050100-00,0.8800,0.25,no
2026-10-05T04:59:11.747348Z,KXDOGE15M-26OCT050100-00,0.8800,0.10,no
2026-10-05T04:59:12.1803Z,KXDOGE15M-26OCT050100-00,0.8800,70.99,no
2026-10-05T04:59:12.183666Z,KXDOGE15M-26OCT050100-00,0.8700,10.00,no
2026-10-05T04:59:12.183666Z,KXDOGE15M-26OCT050100-00,0.8800,0.01,no
2026-10-05T04:59:12.194423Z,KXDOGE15M-26OCT050100-00,0.8800,71.00,no
2026-10-05T04:59:12.203492Z,KXDOGE15M-26OCT050100-00,0.8800,71.00,no
2026-10-05T04:59:12.551651Z,KXDOGE15M-26OCT050100-00,0.8400,26.43,no
2026-10-05T04:59:12.551651Z,KXDOGE15M-26OCT050100-00,0.8500,10.00,no
2026-10-05T04:59:12.551651Z,KXDOGE15M-26OCT050100-00,0.8600,6.57,no
2026-10-05T04:59:12.551651Z,KXDOGE15M-26OCT050100-00,0.8600,62.00,no
2026-10-05T04:59:12.744408Z,KXDOGE15M-26OCT050100-00,0.8600,31.00,no
2026-10-05T04:59:12.922643Z,KXDOGE15M-26OCT050100-00,0.8700,3.28,yes
2026-10-05T04:59:13.885415Z,KXDOGE15M-26OCT050100-00,0.8600,6.73,no
2026-10-05T04:59:13.970681Z,KXDOGE15M-26OCT050100-00,0.8900,15.20,yes
2026-10-05T04:59:13.970681Z,KXDOGE15M-26OCT050100-00,0.8900,7.20,yes
2026-10-05T04:59:13.970681Z,KXDOGE15M-26OCT050100-00,0.8700,1.00,yes
2026-10-05T04:59:13.971774Z,KXDOGE15M-26OCT050100-00,0.9180,12.00,yes
2026-10-05T04:59:13.971774Z,KXDOGE15M-26OCT050100-00,0.9080,7.00,yes
2026-10-05T04:59:13.976388Z,KXDOGE15M-26OCT050100-00,0.9180,5.00,yes
2026-10-05T04:59:13.976388Z,KXDOGE15M-26OCT050100-00,0.9190,448.00,yes
2026-10-05T04:59:13.984337Z,KXDOGE15M-26OCT050100-00,0.9180,12.00,yes
2026-10-05T04:59:13.992992Z,KXDOGE15M-26OCT050100-00,0.9190,13.00,yes
2026-10-05T04:59:13.996117Z,KXDOGE15M-26OCT050100-00,0.9190,12.00,yes
2026-10-05T04:59:13.998027Z,KXDOGE15M-26OCT050100-00,0.9190,10.00,yes
2026-10-05T04:59:14.174364Z,KXDOGE15M-26OCT050100-00,0.9380,75.00,yes
2026-10-05T04:59:14.275942Z,KXDOGE15M-26OCT050100-00,0.9390,19.00,yes
2026-10-05T04:59:14.283994Z,KXDOGE15M-26OCT050100-00,0.9390,2.00,yes
2026-10-05T04:59:14.488133Z,KXDOGE15M-26OCT050100-00,0.9350,10.00,no
2026-10-05T04:59:14.49467Z,KXDOGE15M-26OCT050100-00,0.9350,3.00,no
2026-10-05T04:59:14.501635Z,KXDOGE15M-26OCT050100-00,0.9350,1.00,no
2026-10-05T04:59:14.768882Z,KXDOGE15M-26OCT050100-00,0.9360,1.41,no
2026-10-05T04:59:14.773117Z,KXDOGE15M-26OCT050100-00,0.9380,5.00,yes
2026-10-05T04:59:14.780151Z,KXDOGE15M-26OCT050100-00,0.9380,1.00,yes
2026-10-05T04:59:14.859146Z,KXDOGE15M-26OCT050100-00,0.9380,10.00,yes
2026-10-05T04:59:14.874994Z,KXDOGE15M-26OCT050100-00,0.9380,4.00,yes
2026-10-05T04:59:14.882568Z,KXDOGE15M-26OCT050100-00,0.9380,1.00,yes
2026-10-05T04:59:14.964036Z,KXDOGE15M-26OCT050100-00,0.9370,13.53,no
2026-10-05T04:59:15.032495Z,KXDOGE15M-26OCT050100-00,0.9370,9.00,no
2026-10-05T04:59:15.125475Z,KXDOGE15M-26OCT050100-00,0.9270,3.12,no
2026-10-05T04:59:15.125475Z,KXDOGE15M-26OCT050100-00,0.9280,10.00,no
2026-10-05T04:59:15.388927Z,KXDOGE15M-26OCT050100-00,0.9300,5.00,no
2026-10-05T04:59:15.513039Z,KXDOGE15M-26OCT050100-00,0.9330,9.00,no
2026-10-05T04:59:16.307034Z,KXDOGE15M-26OCT050100-00,0.9320,1.70,no
2026-10-05T04:59:16.307034Z,KXDOGE15M-26OCT050100-00,0.9320,0.39,no
2026-10-05T04:59:16.307034Z,KXDOGE15M-26OCT050100-00,0.9340,0.01,no
2026-10-05T04:59:16.307034Z,KXDOGE15M-26OCT050100-00,0.9320,0.18,no
2026-10-05T04:59:16.307034Z,KXDOGE15M-26OCT050100-00,0.9350,10.00,no
2026-10-05T04:59:16.307034Z,KXDOGE15M-26OCT050100-00,0.9310,1.02,no
2026-10-05T04:59:16.56212Z,KXDOGE15M-26OCT050100-00,0.9390,1.00,yes
2026-10-05T04:59:16.833643Z,KXDOGE15M-26OCT050100-00,0.9400,1.00,yes
2026-10-05T04:59:16.911717Z,KXDOGE15M-26OCT050100-00,0.9290,19.37,no
2026-10-05T04:59:16.911717Z,KXDOGE15M-26OCT050100-00,0.9340,10.00,no
2026-10-05T04:59:16.911717Z,KXDOGE15M-26OCT050100-00,0.9330,11.00,no
2026-10-05T04:59:17.42108Z,KXDOGE15M-26OCT050100-00,0.9500,2.00,yes
2026-10-05T04:59:17.42108Z,KXDOGE15M-26OCT050100-00,0.9500,1.00,yes
2026-10-05T04:59:17.42108Z,KXDOGE15M-26OCT050100-00,0.9500,3.00,yes
2026-10-05T04:59:17.42108Z,KXDOGE15M-26OCT050100-00,0.9500,1.00,yes
2026-10-05T04:59:17.421216Z,KXDOGE15M-26OCT050100-00,0.9500,4.00,yes
2026-10-05T04:59:17.421216Z,KXDOGE15M-26OCT050100-00,0.9530,1.00,yes
2026-10-05T04:59:17.421216Z,KXDOGE15M-26OCT050100-00,0.9510,1.00,yes
2026-10-05T04:59:17.421216Z,KXDOGE15M-26OCT050100-00,0.9520,1.00,yes
2026-10-05T04:59:17.421216Z,KXDOGE15M-26OCT050100-00,0.9540,1.00,yes
2026-10-05T04:59:17.421216Z,KXDOGE15M-26OCT050100-00,0.9540,13.00,yes
2026-10-05T04:59:17.421216Z,KXDOGE15M-26OCT050100-00,0.9530,20.00,yes
2026-10-05T04:59:17.421735Z,KXDOGE15M-26OCT050100-00,0.9540,87.00,yes
2026-10-05T04:59:17.450906Z,KXDOGE15M-26OCT050100-00,0.9560,1.00,yes
2026-10-05T04:59:17.450906Z,KXDOGE15M-26OCT050100-00,0.9550,1.00,yes
2026-10-05T04:59:17.450906Z,KXDOGE15M-26OCT050100-00,0.9570,1.00,yes
2026-10-05T04:59:17.450906Z,KXDOGE15M-26OCT050100-00,0.9590,1.00,yes
2026-10-05T04:59:17.450906Z,KXDOGE15M-26OCT050100-00,0.9580,1.00,yes
2026-10-05T04:59:17.450906Z,KXDOGE15M-26OCT050100-00,0.9570,1.00,yes
2026-10-05T04:59:17.450906Z,KXDOGE15M-26OCT050100-00,0.9590,23.00,yes
2026-10-05T04:59:17.458323Z,KXDOGE15M-26OCT050100-00,0.9600,4.00,yes
2026-10-05T04:59:17.458323Z,KXDOGE15M-26OCT050100-00,0.9600,11.04,yes
2026-10-05T04:59:17.458323Z,KXDOGE15M-26OCT050100-00,0.9610,1.00,yes
2026-10-05T04:59:17.458323Z,KXDOGE15M-26OCT050100-00,0.9620,0.59,yes
2026-10-05T04:59:17.458323Z,KXDOGE15M-26OCT050100-00,0.9600,1.00,yes
2026-10-05T04:59:17.458323Z,KXDOGE15M-26OCT050100-00,0.9600,0.37,yes
2026-10-05T04:59:17.548708Z,KXDOGE15M-26OCT050100-00,0.9500,5.00,yes
2026-10-05T04:59:17.650716Z,KXDOGE15M-26OCT050100-00,0.9700,1.00,yes
2026-10-05T04:59:17.650716Z,KXDOGE15M-26OCT050100-00,0.9700,1.00,yes
2026-10-05T04:59:17.650716Z,KXDOGE15M-26OCT050100-00,0.9620,0.41,yes
2026-10-05T04:59:17.650716Z,KXDOGE15M-26OCT050100-00,0.9690,1.00,yes
2026-10-05T04:59:17.650716Z,KXDOGE15M-26OCT050100-00,0.9700,5.00,yes
2026-10-05T04:59:17.650716Z,KXDOGE15M-26OCT050100-00,0.9690,1.00,yes
2026-10-05T04:59:17.650716Z,KXDOGE15M-26OCT050100-00,0.9690,22.00,yes
2026-10-05T04:59:17.650716Z,KXDOGE15M-26OCT050100-00,0.9700,10.00,yes
2026-10-05T04:59:17.750577Z,KXDOGE15M-26OCT050100-00,0.9710,1.00,yes
2026-10-05T04:59:17.750577Z,KXDOGE15M-26OCT050100-00,0.9720,1.00,yes
2026-10-05T04:59:17.750577Z,KXDOGE15M-26OCT050100-00,0.9710,5.00,yes
2026-10-05T04:59:17.750577Z,KXDOGE15M-26OCT050100-00,0.9720,5.00,yes
2026-10-05T04:59:17.750577Z,KXDOGE15M-26OCT050100-00,0.9730,5.00,yes
2026-10-05T04:59:17.864739Z,KXDOGE15M-26OCT050100-00,0.9740,1.00,yes
2026-10-05T04:59:17.864739Z,KXDOGE15M-26OCT050100-00,0.9730,1.00,yes
2026-10-05T04:59:17.864739Z,KXDOGE15M-26OCT050100-00,0.9750,5.00,yes
2026-10-05T04:59:17.864739Z,KXDOGE15M-26OCT050100-00,0.9740,5.00,yes
2026-10-05T04:59:18.170534Z,KXDOGE15M-26OCT050100-00,0.9790,1.00,yes
2026-10-05T04:59:18.170534Z,KXDOGE15M-26OCT050100-00,0.9790,4.00,yes
2026-10-05T04:59:18.17426Z,KXDOGE15M-26OCT050100-00,0.9770,10.00,yes
2026-10-05T04:59:18.17426Z,KXDOGE15M-26OCT050100-00,0.9790,15.00,yes
2026-10-05T04:59:18.17426Z,KXDOGE15M-26OCT050100-00,0.9800,2.64,yes
2026-10-05T04:59:18.193418Z,KXDOGE15M-26OCT050100-00,0.9730,30.00,no
2026-10-05T04:59:18.193418Z,KXDOGE15M-26OCT050100-00,0.9720,5.00,no
2026-10-05T04:59:18.193418Z,KXDOGE15M-26OCT050100-00,0.9720,5.00,no
2026-10-05T04:59:18.193418Z,KXDOGE15M-26OCT050100-00,0.9710,0.38,no
2026-10-05T04:59:18.316095Z,KXDOGE15M-26OCT050100-00,0.9740,5.00,no
2026-10-05T04:59:18.316095Z,KXDOGE15M-26OCT050100-00,0.9730,10.00,no
2026-10-05T04:59:18.449268Z,KXDOGE15M-26OCT050100-00,0.9800,5.00,yes
2026-10-05T04:59:18.61703Z,KXDOGE15M-26OCT050100-00,0.9700,26.59,no
2026-10-05T04:59:18.61703Z,KXDOGE15M-26OCT050100-00,0.9710,4.62,no
2026-10-05T04:59:18.671446Z,KXDOGE15M-26OCT050100-00,0.9790,20.00,yes
2026-10-05T04:59:18.799264Z,KXDOGE15M-26OCT050100-00,0.9790,1.00,yes
2026-10-05T04:59:18.799264Z,KXDOGE15M-26OCT050100-00,0.9790,19.00,yes
2026-10-05T04:59:18.799264Z,KXDOGE15M-26OCT050100-00,0.9800,30.00,yes
2026-10-05T04:59:18.894409Z,KXDOGE15M-26OCT050100-00,0.9800,9.00,yes
2026-10-05T04:59:19.40658Z,KXDOGE15M-26OCT050100-00,0.9800,1.00,yes
2026-10-05T04:59:21.219047Z,KXDOGE15M-26OCT050100-00,0.9800,1.86,yes
2026-10-05T04:59:21.268972Z,KXDOGE15M-26OCT050100-00,0.9840,3.00,yes
2026-10-05T04:59:21.268972Z,KXDOGE15M-26OCT050100-00,0.9850,5.00,yes
2026-10-05T04:59:21.268972Z,KXDOGE15M-26OCT050100-00,0.9840,5.00,yes
2026-10-05T04:59:21.268972Z,KXDOGE15M-26OCT050100-00,0.9850,11.50,yes
2026-10-05T04:59:21.268972Z,KXDOGE15M-26OCT050100-00,0.9800,0.50,yes
2026-10-05T04:59:21.319741Z,KXDOGE15M-26OCT050100-00,0.9830,20.00,yes
2026-10-05T04:59:22.041423Z,KXDOGE15M-26OCT050100-00,0.9850,2.00,yes
2026-10-05T04:59:22.041423Z,KXDOGE15M-26OCT050100-00,0.9850,18.00,yes
2026-10-05T04:59:22.213786Z,KXDOGE15M-26OCT050100-00,0.9820,5.00,no
2026-10-05T04:59:22.213786Z,KXDOGE15M-26OCT050100-00,0.9820,5.00,no
2026-10-05T04:59:22.213786Z,KXDOGE15M-26OCT050100-00,0.9740,1.00,no
2026-10-05T04:59:22.213786Z,KXDOGE15M-26OCT050100-00,0.9750,3.00,no
2026-10-05T04:59:22.213786Z,KXDOGE15M-26OCT050100-00,0.9740,2.94,no
2026-10-05T04:59:22.309933Z,KXDOGE15M-26OCT050100-00,0.9870,13.80,yes
2026-10-05T04:59:22.309933Z,KXDOGE15M-26OCT050100-00,0.9860,7.00,yes
2026-10-05T04:59:22.309933Z,KXDOGE15M-26OCT050100-00,0.9850,1.20,yes
2026-10-05T04:59:22.309933Z,KXDOGE15M-26OCT050100-00,0.9860,3.00,yes
2026-10-05T04:59:22.309933Z,KXDOGE15M-26OCT050100-00,0.9860,5.00,yes
2026-10-05T04:59:22.309933Z,KXDOGE15M-26OCT050100-00,0.9860,10.00,yes
2026-10-05T04:59:23.014229Z,KXDOGE15M-26OCT050100-00,0.9840,3.00,no
2026-10-05T04:59:23.120714Z,KXDOGE15M-26OCT050100-00,0.9840,2.00,no
2026-10-05T04:59:23.205863Z,KXDOGE15M-26OCT050100-00,0.9810,1.99,no
2026-10-05T04:59:23.205863Z,KXDOGE15M-26OCT050100-00,0.9820,0.01,no
2026-10-05T04:59:23.354232Z,KXDOGE15M-26OCT050100-00,0.9810,6.48,no
2026-10-05T04:59:23.554508Z,KXDOGE15M-26OCT050100-00,0.9810,3.00,no
2026-10-05T04:59:23.57059Z,KXDOGE15M-26OCT050100-00,0.9810,0.01,no
2026-10-05T04:59:23.57059Z,KXDOGE15M-26OCT050100-00,0.9810,2.33,no
2026-10-05T04:59:23.57059Z,KXDOGE15M-26OCT050100-00,0.9790,1.00,no
2026-10-05T04:59:23.57059Z,KXDOGE15M-26OCT050100-00,0.9780,1.00,no
2026-10-05T04:59:23.571027Z,KXDOGE15M-26OCT050100-00,0.9780,8.00,yes
2026-10-05T04:59:23.618183Z,KXDOGE15M-26OCT050100-00,0.9780,10.00,yes
2026-10-05T04:59:23.869035Z,KXDOGE15M-26OCT050100-00,0.9780,4.00,yes
2026-10-05T04:59:24.230314Z,KXDOGE15M-26OCT050100-00,0.9780,36.00,yes
2026-10-05T04:59:24.527531Z,KXDOGE15M-26OCT050100-00,0.9760,1.00,no
2026-10-05T04:59:24.527531Z,KXDOGE15M-26OCT050100-00,0.9770,1.00,no
2026-10-05T04:59:24.527531Z,KXDOGE15M-26OCT050100-00,0.9730,32.59,no
2026-10-05T04:59:24.799073Z,KXDOGE15M-26OCT050100-00,0.9730,1.00,no
2026-10-05T04:59:24.799073Z,KXDOGE15M-26OCT050100-00,0.9760,1.00,no
2026-10-05T04:59:24.799073Z,KXDOGE15M-26OCT050100-00,0.9750,1.00,no
2026-10-05T04:59:24.799073Z,KXDOGE15M-26OCT050100-00,0.9700,0.82,no
2026-10-05T04:59:24.799073Z,KXDOGE15M-26OCT050100-00,0.9730,4.91,no
2026-10-05T04:59:24.799073Z,KXDOGE15M-26OCT050100-00,0.9720,1.00,no
2026-10-05T04:59:24.811124Z,KXDOGE15M-26OCT050100-00,0.9780,6.00,yes
2026-10-05T04:59:25.157228Z,KXDOGE15M-26OCT050100-00,0.9780,4.00,yes
2026-10-05T04:59:25.222622Z,KXDOGE15M-26OCT050100-00,0.9780,5.00,yes
2026-10-05T04:59:25.234908Z,KXDOGE15M-26OCT050100-00,0.9700,0.21,no
2026-10-05T04:59:26.091694Z,KXDOGE15M-26OCT050100-00,0.9700,3.97,no
2026-10-05T04:59:26.091694Z,KXDOGE15M-26OCT050100-00,0.9690,5.00,no
2026-10-05T04:59:26.091694Z,KXDOGE15M-26OCT050100-00,0.9700,1.74,no
2026-10-05T04:59:26.091694Z,KXDOGE15M-26OCT050100-00,0.9670,1.00,no
2026-10-05T04:59:26.091694Z,KXDOGE15M-26OCT050100-00,0.9620,0.58,no
2026-10-05T04:59:26.091694Z,KXDOGE15M-26OCT050100-00,0.9710,1.00,no
2026-10-05T04:59:26.091694Z,KXDOGE15M-26OCT050100-00,0.9680,1.00,no
2026-10-05T04:59:26.091694Z,KXDOGE15M-26OCT050100-00,0.9670,10.00,no
2026-10-05T04:59:26.091694Z,KXDOGE15M-26OCT050100-00,0.9700,0.01,no
2026-10-05T04:59:26.225287Z,KXDOGE15M-26OCT050100-00,0.9780,15.89,yes
2026-10-05T04:59:26.300836Z,KXDOGE15M-26OCT050100-00,0.9870,31.23,yes
2026-10-05T04:59:26.300836Z,KXDOGE15M-26OCT050100-00,0.9780,6.77,yes
2026-10-05T04:59:26.300836Z,KXDOGE15M-26OCT050100-00,0.9860,1.00,yes
2026-10-05T04:59:26.300836Z,KXDOGE15M-26OCT050100-00,0.9860,1.00,yes
2026-10-05T04:59:26.436397Z,KXDOGE15M-26OCT050100-00,0.9870,75.00,yes
2026-10-05T04:59:27.324474Z,KXDOGE15M-26OCT050100-00,0.9810,31.23,no
2026-10-05T04:59:27.324474Z,KXDOGE15M-26OCT050100-00,0.9810,4.77,no
2026-10-05T04:59:27.485666Z,KXDOGE15M-26OCT050100-00,0.9810,7.96,no
2026-10-05T04:59:27.762749Z,KXDOGE15M-26OCT050100-00,0.9870,5.00,yes
2026-10-05T04:59:27.955584Z,KXDOGE15M-26OCT050100-00,0.9880,63.31,yes
2026-10-05T04:59:27.955584Z,KXDOGE15M-26OCT050100-00,0.9870,34.97,yes
2026-10-05T04:59:27.955584Z,KXDOGE15M-26OCT050100-00,0.9870,31.23,yes
2026-10-05T04:59:27.955584Z,KXDOGE15M-26OCT050100-00,0.9870,1.00,yes
2026-10-05T04:59:27.955584Z,KXDOGE15M-26OCT050100-00,0.9870,7.96,yes
2026-10-05T04:59:27.955584Z,KXDOGE15M-26OCT050100-00,0.9870,4.77,yes
2026-10-05T04:59:27.955584Z,KXDOGE15M-26OCT050100-00,0.9870,2.33,yes
2026-10-05T04:59:27.955584Z,KXDOGE15M-26OCT050100-00,0.9870,3.00,yes
2026-10-05T04:59:27.955584Z,KXDOGE15M-26OCT050100-00,0.9870,6.48,yes
2026-10-05T04:59:27.955584Z,KXDOGE15M-26OCT050100-00,0.9870,1.99,yes
2026-10-05T04:59:28.023259Z,KXDOGE15M-26OCT050100-00,0.9830,7.00,no
2026-10-05T04:59:28.023313Z,KXDOGE15M-26OCT050100-00,0.9810,62.27,no
2026-10-05T04:59:28.023313Z,KXDOGE15M-26OCT050100-00,0.9830,31.00,no
2026-10-05T04:59:28.023313Z,KXDOGE15M-26OCT050100-00,0.9810,0.73,no
2026-10-05T04:59:28.023313Z,KXDOGE15M-26OCT050100-00,0.9810,5.00,no
2026-10-05T04:59:28.050376Z,KXDOGE15M-26OCT050100-00,0.9810,22.00,no
2026-10-05T04:59:28.076819Z,KXDOGE15M-26OCT050100-00,0.9860,40.00,yes
2026-10-05T04:59:28.080381Z,KXDOGE15M-26OCT050100-00,0.9860,20.00,yes
2026-10-05T04:59:28.188651Z,KXDOGE15M-26OCT050100-00,0.9870,30.00,yes
2026-10-05T04:59:28.348023Z,KXDOGE15M-26OCT050100-00,0.9870,10.00,yes
2026-10-05T04:59:28.377339Z,KXDOGE15M-26OCT050100-00,0.9810,11.44,no
2026-10-05T04:59:28.469192Z,KXDOGE15M-26OCT050100-00,0.9870,8.00,yes
2026-10-05T04:59:28.669989Z,KXDOGE15M-26OCT050100-00,0.9870,19.00,yes
2026-10-05T04:59:29.245727Z,KXDOGE15M-26OCT050100-00,0.9870,25.00,yes
2026-10-05T04:59:29.252136Z,KXDOGE15M-26OCT050100-00,0.9870,0.73,yes
2026-10-05T04:59:29.252136Z,KXDOGE15M-26OCT050100-00,0.9870,0.27,yes
2026-10-05T04:59:29.252136Z,KXDOGE15M-26OCT050100-00,0.9870,5.00,yes
2026-10-05T04:59:29.441641Z,KXDOGE15M-26OCT050100-00,0.9860,7.00,yes
2026-10-05T04:59:29.695974Z,KXDOGE15M-26OCT050100-00,0.9870,0.73,yes
2026-10-05T04:59:29.695974Z,KXDOGE15M-26OCT050100-00,0.9870,0.27,yes
2026-10-05T04:59:29.884725Z,KXDOGE15M-26OCT050100-00,0.9870,9.00,yes
2026-10-05T04:59:29.891303Z,KXDOGE15M-26OCT050100-00,0.9870,3.00,yes
2026-10-05T04:59:30.02945Z,KXDOGE15M-26OCT050100-00,0.9880,101.83,yes
2026-10-05T04:59:30.02945Z,KXDOGE15M-26OCT050100-00,0.9870,3.00,yes
2026-10-05T04:59:30.02945Z,KXDOGE15M-26OCT050100-00,0.9870,9.73,yes
2026-10-05T04:59:30.02945Z,KXDOGE15M-26OCT050100-00,0.9870,11.44,yes
2026-10-05T04:59:30.085197Z,KXDOGE15M-26OCT050100-00,0.9880,10.48,yes
2026-10-05T04:59:30.39853Z,KXDOGE15M-26OCT050100-00,0.9880,4.00,yes
2026-10-05T04:59:30.500081Z,KXDOGE15M-26OCT050100-00,0.9880,5.00,yes
2026-10-05T04:59:30.644698Z,KXDOGE15M-26OCT050100-00,0.9880,1.00,yes
2026-10-05T04:59:31.327994Z,KXDOGE15M-26OCT050100-00,0.9870,3.10,no
2026-10-05T04:59:31.327994Z,KXDOGE15M-26OCT050100-00,0.9810,0.80,no
2026-10-05T04:59:31.327994Z,KXDOGE15M-26OCT050100-00,0.9810,1.99,no
2026-10-05T04:59:31.327994Z,KXDOGE15M-26OCT050100-00,0.9810,4.92,no
2026-10-05T04:59:31.327994Z,KXDOGE15M-26OCT050100-00,0.9810,0.01,no
2026-10-05T04:59:31.327994Z,KXDOGE15M-26OCT050100-00,0.9830,9.00,no
2026-10-05T04:59:31.327994Z,KXDOGE15M-26OCT050100-00,0.9820,44.00,no
2026-10-05T04:59:31.327994Z,KXDOGE15M-26OCT050100-00,0.9840,1.00,no
2026-10-05T04:59:31.327994Z,KXDOGE15M-26OCT050100-00,0.9850,2.00,no
2026-10-05T04:59:31.327994Z,KXDOGE15M-26OCT050100-00,0.9860,5.00,no
2026-10-05T04:59:31.327994Z,KXDOGE15M-26OCT050100-00,0.9840,1.00,no
2026-10-05T04:59:31.33475Z,KXDOGE15M-26OCT050100-00,0.9880,5.00,yes
2026-10-05T04:59:31.536758Z,KXDOGE15M-26OCT050100-00,0.9880,9.38,yes
2026-10-05T04:59:31.536758Z,KXDOGE15M-26OCT050100-00,0.9890,12.62,yes
2026-10-05T04:59:31.536758Z,KXDOGE15M-26OCT050100-00,0.9880,1.00,yes
2026-10-05T04:59:31.536758Z,KXDOGE15M-26OCT050100-00,0.9880,17.00,yes
2026-10-05T04:59:32.074368Z,KXDOGE15M-26OCT050100-00,0.9880,7.71,yes
2026-10-05T04:59:32.074368Z,KXDOGE15M-26OCT050100-00,0.9880,17.29,yes
2026-10-05T04:59:32.09481Z,KXDOGE15M-26OCT050100-00,0.9890,2.00,yes
2026-10-05T04:59:32.098903Z,KXDOGE15M-26OCT050100-00,0.9890,22.11,yes
2026-10-05T04:59:32.164628Z,KXDOGE15M-26OCT050100-00,0.9890,24.00,yes
2026-10-05T04:59:32.234304Z,KXDOGE15M-26OCT050100-00,0.9810,31.23,no
2026-10-05T04:59:32.234304Z,KXDOGE15M-26OCT050100-00,0.9810,1.56,no
2026-10-05T04:59:32.234304Z,KXDOGE15M-26OCT050100-00,0.9810,4.77,no
2026-10-05T04:59:32.234304Z,KXDOGE15M-26OCT050100-00,0.9810,10.00,no
2026-10-05T04:59:32.234304Z,KXDOGE15M-26OCT050100-00,0.9810,3.00,no
2026-10-05T04:59:32.234304Z,KXDOGE15M-26OCT050100-00,0.9810,2.33,no
2026-10-05T04:59:32.234304Z,KXDOGE15M-26OCT050100-00,0.9810,7.59,no
2026-10-05T04:59:32.234304Z,KXDOGE15M-26OCT050100-00,0.9810,7.96,no
2026-10-05T04:59:32.234304Z,KXDOGE15M-26OCT050100-00,0.9830,42.00,no
2026-10-05T04:59:32.234304Z,KXDOGE15M-26OCT050100-00,0.9880,3.10,no
2026-10-05T04:59:32.234304Z,KXDOGE15M-26OCT050100-00,0.9820,12.62,no
2026-10-05T04:59:32.234304Z,KXDOGE15M-26OCT050100-00,0.9820,2.00,no
2026-10-05T04:59:32.234304Z,KXDOGE15M-26OCT050100-00,0.9820,22.11,no
2026-10-05T04:59:32.234304Z,KXDOGE15M-26OCT050100-00,0.9820,7.71,no
2026-10-05T04:59:32.234304Z,KXDOGE15M-26OCT050100-00,0.9820,24.00,no
2026-10-05T04:59:32.234304Z,KXDOGE15M-26OCT050100-00,0.9850,54.00,no
2026-10-05T04:59:32.863143Z,KXDOGE15M-26OCT050100-00,0.9870,0.73,yes
2026-10-05T04:59:32.863143Z,KXDOGE15M-26OCT050100-00,0.9870,7.71,yes
2026-10-05T04:59:32.863143Z,KXDOGE15M-26OCT050100-00,0.9870,1.56,yes
2026-10-05T04:59:33.076018Z,KXDOGE15M-26OCT050100-00,0.9870,2.27,yes
2026-10-05T04:59:33.076018Z,KXDOGE15M-26OCT050100-00,0.9870,2.33,yes
2026-10-05T04:59:33.076018Z,KXDOGE15M-26OCT050100-00,0.9870,2.40,yes
2026-10-05T04:59:33.07677Z,KXDOGE15M-26OCT050100-00,0.9870,5.16,yes
2026-10-05T04:59:33.07677Z,KXDOGE15M-26OCT050100-00,0.9870,28.83,yes
2026-10-05T04:59:33.07677Z,KXDOGE15M-26OCT050100-00,0.9870,7.96,yes
2026-10-05T04:59:33.07677Z,KXDOGE15M-26OCT050100-00,0.9870,4.77,yes
2026-10-05T04:59:33.096767Z,KXDOGE15M-26OCT050100-00,0.9870,4.84,yes
2026-10-05T04:59:33.096767Z,KXDOGE15M-26OCT050100-00,0.9870,3.99,yes
2026-10-05T04:59:33.121678Z,KXDOGE15M-26OCT050100-00,0.9870,3.60,yes
2026-10-05T04:59:33.130394Z,KXDOGE15M-26OCT050100-00,0.9890,0.27,yes
2026-10-05T04:59:33.130394Z,KXDOGE15M-26OCT050100-00,0.9890,34.73,yes
2026-10-05T04:59:33.130394Z,KXDOGE15M-26OCT050100-00,0.9890,20.00,yes
2026-10-05T04:59:33.334086Z,KXDOGE15M-26OCT050100-00,0.9890,40.00,yes
2026-10-05T04:59:33.931189Z,KXDOGE15M-26OCT050100-00,0.9890,2.00,yes
2026-10-05T04:59:33.931189Z,KXDOGE15M-26OCT050100-00,0.9890,10.00,yes
2026-10-05T04:59:33.931189Z,KXDOGE15M-26OCT050100-00,0.9890,25.27,yes
2026-10-05T04:59:33.931189Z,KXDOGE15M-26OCT050100-00,0.9890,0.73,yes
2026-10-05T04:59:33.931189Z,KXDOGE15M-26OCT050100-00,0.9890,2.00,yes
2026-10-05T04:59:33.964597Z,KXDOGE15M-26OCT050100-00,0.9880,0.01,no
2026-10-05T04:59:33.964597Z,KXDOGE15M-26OCT050100-00,0.9880,0.01,no
2026-10-05T04:59:33.964597Z,KXDOGE15M-26OCT050100-00,0.9880,14.00,no
2026-10-05T04:59:33.964597Z,KXDOGE15M-26OCT050100-00,0.9880,1.87,no
2026-10-05T04:59:34.096626Z,KXDOGE15M-26OCT050100-00,0.9890,1.00,yes
2026-10-05T04:59:34.096626Z,KXDOGE15M-26OCT050100-00,0.9890,1.00,yes
2026-10-05T04:59:34.096626Z,KXDOGE15M-26OCT050100-00,0.9890,0.27,yes
2026-10-05T04:59:34.096626Z,KXDOGE15M-26OCT050100-00,0.9890,18.00,yes
2026-10-05T04:59:34.547714Z,KXDOGE15M-26OCT050100-00,0.9900,2.72,yes
2026-10-05T04:59:34.547714Z,KXDOGE15M-26OCT050100-00,0.9900,99.90,yes
2026-10-05T04:59:34.547714Z,KXDOGE15M-26OCT050100-00,0.9910,5.00,yes
2026-10-05T04:59:34.547714Z,KXDOGE15M-26OCT050100-00,0.9920,5.00,yes
2026-10-05T04:59:34.547714Z,KXDOGE15M-26OCT050100-00,0.9900,5.00,yes
2026-10-05T04:59:34.547714Z,KXDOGE15M-26OCT050100-00,0.9900,9.45,yes
2026-10-05T04:59:35.073084Z,KXDOGE15M-26OCT050100-00,0.9930,5.00,yes
2026-10-05T04:59:35.079559Z,KXDOGE15M-26OCT050100-00,0.9940,2.01,yes
2026-10-05T04:59:35.174413Z,KXDOGE15M-26OCT050100-00,0.9930,10.00,no
2026-10-05T04:59:35.174413Z,KXDOGE15M-26OCT050100-00,0.9930,5.00,no
2026-10-05T04:59:35.250315Z,KXDOGE15M-26OCT050100-00,0.9950,7.87,yes
2026-10-05T04:59:35.250315Z,KXDOGE15M-26OCT050100-00,0.9940,2.99,yes
2026-10-05T04:59:35.250315Z,KXDOGE15M-26OCT050100-00,0.9950,5.00,yes
2026-10-05T04:59:35.349945Z,KXDOGE15M-26OCT050100-00,0.9960,1.00,yes
2026-10-05T04:59:35.349945Z,KXDOGE15M-26OCT050100-00,0.9970,2.00,yes
2026-10-05T04:59:35.349945Z,KXDOGE15M-26OCT050100-00,0.9970,2.00,yes
2026-10-05T04:59:35.349945Z,KXDOGE15M-26OCT050100-00,0.9970,2.00,yes
2026-10-05T04:59:35.349945Z,KXDOGE15M-26OCT050100-00,0.9960,1.00,yes
2026-10-05T04:59:35.349945Z,KXDOGE15M-26OCT050100-00,0.9980,8.87,yes
2026-10-05T04:59:35.349945Z,KXDOGE15M-26OCT050100-00,0.9970,18.00,yes
2026-10-05T04:59:35.349945Z,KXDOGE15M-26OCT050100-00,0.9950,3.13,yes
2026-10-05T04:59:35.349945Z,KXDOGE15M-26OCT050100-00,0.9960,13.00,yes
2026-10-05T04:59:35.349945Z,KXDOGE15M-26OCT050100-00,0.9970,2.00,yes
2026-10-05T04:59:35.349945Z,KXDOGE15M-26OCT050100-00,0.9960,1.00,yes
2026-10-05T04:59:35.349945Z,KXDOGE15M-26OCT050100-00,0.9960,1.00,yes
2026-10-05T04:59:35.349945Z,KXDOGE15M-26OCT050100-00,0.9960,1.00,yes
2026-10-05T04:59:35.349945Z,KXDOGE15M-26OCT050100-00,0.9970,2.00,yes
2026-10-05T04:59:35.349945Z,KXDOGE15M-26OCT050100-00,0.9980,100.00,yes
2026-10-05T04:59:35.349945Z,KXDOGE15M-26OCT050100-00,0.9980,400.00,yes
2026-10-05T04:59:35.349945Z,KXDOGE15M-26OCT050100-00,0.9960,5.00,yes
2026-10-05T04:59:35.349945Z,KXDOGE15M-26OCT050100-00,0.9980,5.00,yes
2026-10-05T04:59:35.349945Z,KXDOGE15M-26OCT050100-00,0.9970,5.00,yes
2026-10-05T04:59:35.349945Z,KXDOGE15M-26OCT050100-00,0.9970,8.00,yes
2026-10-05T04:59:35.349945Z,KXDOGE15M-26OCT050100-00,0.9960,3.00,yes
2026-10-05T04:59:35.349945Z,KXDOGE15M-26OCT050100-00,0.9950,3.00,yes
2026-10-05T04:59:35.622129Z,KXDOGE15M-26OCT050100-00,0.9960,79.28,yes
2026-10-05T04:59:35.681282Z,KXDOGE15M-26OCT050100-00,0.9940,2.03,no
2026-10-05T04:59:35.917069Z,KXDOGE15M-26OCT050100-00,0.9930,58.00,no
2026-10-05T04:59:35.917069Z,KXDOGE15M-26OCT050100-00,0.9930,2.99,no
2026-10-05T04:59:35.917069Z,KXDOGE15M-26OCT050100-00,0.9940,2.97,no
2026-10-05T04:59:35.917069Z,KXDOGE15M-26OCT050100-00,0.9930,136.04,no
2026-10-05T04:59:35.917069Z,KXDOGE15M-26OCT050100-00,0.9930,10.00,no
2026-10-05T04:59:35.917069Z,KXDOGE15M-26OCT050100-00,0.9940,5.00,no
2026-10-05T04:59:35.917069Z,KXDOGE15M-26OCT050100-00,0.9930,2.01,no
2026-10-05T04:59:35.917069Z,KXDOGE15M-26OCT050100-00,0.9940,5.00,no
2026-10-05T04:59:35.917069Z,KXDOGE15M-26OCT050100-00,0.9940,5.00,no
2026-10-05T04:59:36.183885Z,KXDOGE15M-26OCT050100-00,0.9930,15.00,no
2026-10-05T04:59:36.594369Z,KXDOGE15M-26OCT050100-00,0.9930,36.00,no
2026-10-05T04:59:36.603237Z,KXDOGE15M-26OCT050100-00,0.9930,19.00,no
2026-10-05T04:59:36.610923Z,KXDOGE15M-26OCT050100-00,0.9930,12.00,no
2026-10-05T04:59:36.617474Z,KXDOGE15M-26OCT050100-00,0.9930,5.00,no
2026-10-05T04:59:36.62283Z,KXDOGE15M-26OCT050100-00,0.9930,1.00,no
2026-10-05T04:59:36.629163Z,KXDOGE15M-26OCT050100-00,0.9930,1.00,no
2026-10-05T04:59:36.71173Z,KXDOGE15M-26OCT050100-00,0.9980,17.13,yes
2026-10-05T04:59:36.71173Z,KXDOGE15M-26OCT050100-00,0.9980,3.00,yes
2026-10-05T04:59:36.71173Z,KXDOGE15M-26OCT050100-00,0.9980,3.00,yes
2026-10-05T04:59:36.71173Z,KXDOGE15M-26OCT050100-00,0.9980,3.00,yes
2026-10-05T04:59:36.71173Z,KXDOGE15M-26OCT050100-00,0.9980,3.00,yes
2026-10-05T04:59:36.71173Z,KXDOGE15M-26OCT050100-00,0.9980,3.00,yes
2026-10-05T04:59:36.71173Z,KXDOGE15M-26OCT050100-00,0.9990,100.87,yes
2026-10-05T04:59:36.71173Z,KXDOGE15M-26OCT050100-00,0.9940,80.00,yes
2026-10-05T04:59:36.71173Z,KXDOGE15M-26OCT050100-00,0.9980,49.00,yes
2026-10-05T04:59:36.71173Z,KXDOGE15M-26OCT050100-00,0.9980,3.00,yes
2026-10-05T04:59:36.71173Z,KXDOGE15M-26OCT050100-00,0.9980,51.00,yes
2026-10-05T04:59:36.71173Z,KXDOGE15M-26OCT050100-00,0.9970,83.00,yes
2026-10-05T04:59:36.71173Z,KXDOGE15M-26OCT050100-00,0.9980,1.00,yes
2026-10-05T04:59:37.090855Z,KXDOGE15M-26OCT050100-00,0.9950,34.60,no
2026-10-05T04:59:37.549899Z,KXDOGE15M-26OCT050100-00,0.9960,1.00,yes
2026-10-05T04:59:38.613132Z,KXDOGE15M-26OCT050100-00,0.9970,22.06,yes
2026-10-05T04:59:38.961179Z,KXDOGE15M-26OCT050100-00,0.9950,0.01,no
2026-10-05T04:59:38.961179Z,KXDOGE15M-26OCT050100-00,0.9940,100.87,no
2026-10-05T04:59:38.961179Z,KXDOGE15M-26OCT050100-00,0.9920,63.96,no
2026-10-05T04:59:38.961179Z,KXDOGE15M-26OCT050100-00,0.9920,5.00,no
2026-10-05T04:59:38.961179Z,KXDOGE15M-26OCT050100-00,0.9950,140.36,no
2026-10-05T04:59:39.961005Z,KXDOGE15M-26OCT050100-00,0.9980,2.00,yes
2026-10-05T04:59:39.961005Z,KXDOGE15M-26OCT050100-00,0.9980,164.06,yes
2026-10-05T04:59:39.961005Z,KXDOGE15M-26OCT050100-00,0.9980,24.00,yes
2026-10-05T04:59:39.961005Z,KXDOGE15M-26OCT050100-00,0.9970,60.94,yes
2026-10-05T04:59:40.583138Z,KXDOGE15M-26OCT050100-00,0.9980,2.00,yes
2026-10-05T04:59:40.589451Z,KXDOGE15M-26OCT050100-00,0.9980,2.00,yes
2026-10-05T04:59:40.595636Z,KXDOGE15M-26OCT050100-00,0.9980,2.00,yes
2026-10-05T04:59:40.600311Z,KXDOGE15M-26OCT050100-00,0.9980,2.00,yes
2026-10-05T04:59:40.607838Z,KXDOGE15M-26OCT050100-00,0.9980,2.00,yes
2026-10-05T04:59:40.813899Z,KXDOGE15M-26OCT050100-00,0.9950,158.93,no
2026-10-05T04:59:40.813899Z,KXDOGE15M-26OCT050100-00,0.9970,31.00,no
2026-10-05T04:59:40.813899Z,KXDOGE15M-26OCT050100-00,0.9970,14.00,no
2026-10-05T04:59:41.338211Z,KXDOGE15M-26OCT050100-00,0.9980,45.00,yes
2026-10-05T04:59:41.345949Z,KXDOGE15M-26OCT050100-00,0.9980,20.00,yes
2026-10-05T04:59:41.35269Z,KXDOGE15M-26OCT050100-00,0.9980,30.00,yes
2026-10-05T04:59:41.358624Z,KXDOGE15M-26OCT050100-00,0.9980,15.00,yes
2026-10-05T04:59:41.362708Z,KXDOGE15M-26OCT050100-00,0.9980,7.00,yes
2026-10-05T04:59:41.368293Z,KXDOGE15M-26OCT050100-00,0.9980,5.00,yes
2026-10-05T04:59:41.372211Z,KXDOGE15M-26OCT050100-00,0.9980,2.00,yes
2026-10-05T04:59:41.573764Z,KXDOGE15M-26OCT050100-00,0.9980,2.00,yes
2026-10-05T04:59:41.579502Z,KXDOGE15M-26OCT050100-00,0.9980,2.00,yes
2026-10-05T04:59:41.719884Z,KXDOGE15M-26OCT050100-00,0.9970,5.16,no
2026-10-05T04:59:41.727177Z,KXDOGE15M-26OCT050100-00,0.9980,2.00,yes
2026-10-05T04:59:41.83655Z,KXDOGE15M-26OCT050100-00,0.9980,2.00,yes
2026-10-05T04:59:42.013476Z,KXDOGE15M-26OCT050100-00,0.9980,61.15,yes
2026-10-05T04:59:42.103877Z,KXDOGE15M-26OCT050100-00,0.9980,2.00,yes
2026-10-05T04:59:42.111445Z,KXDOGE15M-26OCT050100-00,0.9980,2.00,yes
2026-10-05T04:59:42.156079Z,KXDOGE15M-26OCT050100-00,0.9980,15.00,yes
2026-10-05T04:59:42.469079Z,KXDOGE15M-26OCT050100-00,0.9980,12.00,yes
2026-10-05T04:59:42.474477Z,KXDOGE15M-26OCT050100-00,0.9980,2.00,yes
2026-10-05T04:59:42.474477Z,KXDOGE15M-26OCT050100-00,0.9980,2.00,yes
2026-10-05T04:59:42.474477Z,KXDOGE15M-26OCT050100-00,0.9980,1.00,yes
2026-10-05T04:59:42.474477Z,KXDOGE15M-26OCT050100-00,0.9980,1.00,yes
2026-10-05T04:59:42.474477Z,KXDOGE15M-26OCT050100-00,0.9980,1.79,yes
2026-10-05T04:59:43.052481Z,KXDOGE15M-26OCT050100-00,0.9980,16.97,no
2026-10-05T04:59:43.704575Z,KXDOGE15M-26OCT050100-00,0.9990,12.00,yes
2026-10-05T04:59:44.214986Z,KXDOGE15M-26OCT050100-00,0.9990,41.13,yes
2026-10-05T04:59:45.805157Z,KXDOGE15M-26OCT050100-00,0.9990,200.20,yes
2026-10-05T04:59:46.592146Z,KXDOGE15M-26OCT050100-00,0.9990,14.00,yes
2026-10-05T04:59:46.751743Z,KXDOGE15M-26OCT050100-00,0.9980,6.31,no
2026-10-05T04:59:46.751743Z,KXDOGE15M-26OCT050100-00,0.9980,38.03,no
2026-10-05T04:59:48.153567Z,KXDOGE15M-26OCT050100-00,0.9990,58.00,yes
2026-10-05T04:59:48.582323Z,KXDOGE15M-26OCT050100-00,0.9990,1.00,yes
2026-10-05T04:59:49.690735Z,KXDOGE15M-26OCT050100-00,0.9980,4.59,no
2026-10-05T04:59:50.011447Z,KXDOGE15M-26OCT050100-00,0.9990,1.00,yes
2026-10-05T04:59:50.011447Z,KXDOGE15M-26OCT050100-00,0.9990,1.00,yes
2026-10-05T04:59:50.011447Z,KXDOGE15M-26OCT050100-00,0.9990,1.00,yes
2026-10-05T04:59:50.011447Z,KXDOGE15M-26OCT050100-00,0.9990,5.00,yes
2026-10-05T04:59:50.011447Z,KXDOGE15M-26OCT050100-00,0.9990,3.00,yes
2026-10-05T04:59:50.011447Z,KXDOGE15M-26OCT050100-00,0.9990,10.00,yes
2026-10-05T04:59:50.011447Z,KXDOGE15M-26OCT050100-00,0.9990,1.00,yes
2026-10-05T04:59:52.072638Z,KXDOGE15M-26OCT050100-00,0.9990,32.87,no
2026-10-05T04:59:52.072638Z,KXDOGE15M-26OCT050100-00,0.9990,1.00,no
2026-10-05T04:59:56.208335Z,KXDOGE15M-26OCT050100-00,0.9990,448.10,no
2026-10-05T04:59:56.208335Z,KXDOGE15M-26OCT050100-00,0.9990,9.94,no
2026-10-05T05:10:07.515088Z,KXNEAR15M-26OCT050115-15,0.9900,1.00,yes
2026-10-05T05:10:08.024756Z,KXNEAR15M-26OCT050115-15,0.9900,1.00,yes
2026-10-05T05:10:08.542798Z,KXNEAR15M-26OCT050115-15,0.9900,1.00,yes
2026-10-05T05:10:08.547753Z,KXNEAR15M-26OCT050115-15,0.9900,1.00,yes
2026-10-05T05:10:09.054374Z,KXNEAR15M-26OCT050115-15,0.9900,1.00,yes
2026-10-05T05:10:09.058826Z,KXNEAR15M-26OCT050115-15,0.9900,1.00,yes
2026-10-05T05:10:10.603858Z,KXNEAR15M-26OCT050115-15,0.9900,1.00,yes
2026-10-05T05:10:11.902289Z,KXNEAR15M-26OCT050115-15,0.9900,3.54,yes
2026-10-05T05:10:11.902289Z,KXNEAR15M-26OCT050115-15,0.9900,19.49,yes
2026-10-05T05:10:12.165751Z,KXNEAR15M-26OCT050115-15,0.9900,0.49,yes
2026-10-05T05:10:12.165751Z,KXNEAR15M-26OCT050115-15,0.9900,0.51,yes
2026-10-05T05:10:13.734535Z,KXNEAR15M-26OCT050115-15,0.9900,1.00,yes
2026-10-05T05:10:15.023315Z,KXNEAR15M-26OCT050115-15,0.9770,0.55,no
2026-10-05T05:10:15.023315Z,KXNEAR15M-26OCT050115-15,0.9750,0.55,no
2026-10-05T05:10:15.023315Z,KXNEAR15M-26OCT050115-15,0.9760,0.55,no
2026-10-05T05:10:15.023315Z,KXNEAR15M-26OCT050115-15,0.9740,0.55,no
2026-10-05T05:10:15.023315Z,KXNEAR15M-26OCT050115-15,0.9630,1.05,no
2026-10-05T05:10:15.023315Z,KXNEAR15M-26OCT050115-15,0.9720,0.49,no
2026-10-05T05:10:15.023315Z,KXNEAR15M-26OCT050115-15,0.9730,0.55,no
2026-10-05T05:10:15.023315Z,KXNEAR15M-26OCT050115-15,0.9720,1.00,no
2026-10-05T05:10:15.023315Z,KXNEAR15M-26OCT050115-15,0.9790,0.55,no
2026-10-05T05:10:15.023315Z,KXNEAR15M-26OCT050115-15,0.9780,0.55,no
2026-10-05T05:10:15.023315Z,KXNEAR15M-26OCT050115-15,0.9890,5.54,no
2026-10-05T05:10:15.023315Z,KXNEAR15M-26OCT050115-15,0.9800,0.55,no
2026-10-05T05:10:15.023315Z,KXNEAR15M-26OCT050115-15,0.9820,0.55,no
2026-10-05T05:10:15.023315Z,KXNEAR15M-26OCT050115-15,0.9810,0.55,no
2026-10-05T05:10:15.023315Z,KXNEAR15M-26OCT050115-15,0.9830,0.55,no
2026-10-05T05:10:15.023315Z,KXNEAR15M-26OCT050115-15,0.9890,38.46,no
2026-10-05T05:10:15.023315Z,KXNEAR15M-26OCT050115-15,0.9890,9.00,no
2026-10-05T05:10:15.023315Z,KXNEAR15M-26OCT050115-15,0.9890,0.62,no
2026-10-05T05:10:15.023315Z,KXNEAR15M-26OCT050115-15,0.9860,0.62,no
2026-10-05T05:10:15.023315Z,KXNEAR15M-26OCT050115-15,0.9880,0.68,no
2026-10-05T05:10:15.023315Z,KXNEAR15M-26OCT050115-15,0.9870,0.62,no
2026-10-05T05:10:15.023315Z,KXNEAR15M-26OCT050115-15,0.9600,25.04,no
2026-10-05T05:10:15.023315Z,KXNEAR15M-26OCT050115-15,0.9890,1.00,no
2026-10-05T05:10:15.023315Z,KXNEAR15M-26OCT050115-15,0.9860,1.00,no
2026-10-05T05:10:15.023315Z,KXNEAR15M-26OCT050115-15,0.9840,0.68,no
2026-10-05T05:10:15.023315Z,KXNEAR15M-26OCT050115-15,0.9890,1.00,no
2026-10-05T05:10:15.023315Z,KXNEAR15M-26OCT050115-15,0.9890,3.00,no
2026-10-05T05:10:15.023315Z,KXNEAR15M-26OCT050115-15,0.9890,3.00,no
2026-10-05T05:10:15.023315Z,KXNEAR15M-26OCT050115-15,0.9890,2.00,no
2026-10-05T05:10:15.023315Z,KXNEAR15M-26OCT050115-15,0.9890,1.00,no
2026-10-05T05:10:15.023315Z,KXNEAR15M-26OCT050115-15,0.9890,4.00,no
2026-10-05T05:10:15.023315Z,KXNEAR15M-26OCT050115-15,0.9890,1.00,no
2026-10-05T05:10:15.023315Z,KXNEAR15M-26OCT050115-15,0.9850,0.62,no
2026-10-05T05:10:15.023315Z,KXNEAR15M-26OCT050115-15,0.9890,2.00,no
2026-10-05T05:10:15.023315Z,KXNEAR15M-26OCT050115-15,0.9890,5.00,no
2026-10-05T05:10:15.023315Z,KXNEAR15M-26OCT050115-15,0.9890,1.00,no
2026-10-05T05:10:15.023315Z,KXNEAR15M-26OCT050115-15,0.9890,1.00,no
2026-10-05T05:10:15.023315Z,KXNEAR15M-26OCT050115-15,0.9890,1.00,no
2026-10-05T05:10:15.023315Z,KXNEAR15M-26OCT050115-15,0.9890,1.00,no
2026-10-05T05:10:15.023315Z,KXNEAR15M-26OCT050115-15,0.9890,1.00,no
2026-10-05T05:10:15.023315Z,KXNEAR15M-26OCT050115-15,0.9890,1.00,no
2026-10-05T05:10:15.023315Z,KXNEAR15M-26OCT050115-15,0.9890,1.00,no
2026-10-05T05:10:15.023315Z,KXNEAR15M-26OCT050115-15,0.9890,1.00,no
2026-10-05T05:10:15.023315Z,KXNEAR15M-26OCT050115-15,0.9890,1.00,no
2026-10-05T05:10:15.023315Z,KXNEAR15M-26OCT050115-15,0.9890,1.00,no
2026-10-05T05:10:15.023315Z,KXNEAR15M-26OCT050115-15,0.9890,3.54,no
2026-10-05T05:10:15.023315Z,KXNEAR15M-26OCT050115-15,0.9890,1.00,no
2026-10-05T05:10:15.023315Z,KXNEAR15M-26OCT050115-15,0.9800,100.00,no
2026-10-05T05:10:15.023315Z,KXNEAR15M-26OCT050115-15,0.9680,0.60,no
2026-10-05T05:10:15.023315Z,KXNEAR15M-26OCT050115-15,0.9670,0.72,no
2026-10-05T05:10:15.023315Z,KXNEAR15M-26OCT050115-15,0.9700,1.00,no
2026-10-05T05:10:15.023315Z,KXNEAR15M-26OCT050115-15,0.9650,0.87,no
2026-10-05T05:10:15.023315Z,KXNEAR15M-26OCT050115-15,0.9700,0.49,no
2026-10-05T05:10:15.023315Z,KXNEAR15M-26OCT050115-15,0.9640,0.95,no
2026-10-05T05:10:15.023315Z,KXNEAR15M-26OCT050115-15,0.9710,0.49,no
2026-10-05T05:10:15.023315Z,KXNEAR15M-26OCT050115-15,0.9620,0.49,no
2026-10-05T05:10:15.023315Z,KXNEAR15M-26OCT050115-15,0.9660,0.79,no
2026-10-05T05:10:15.023315Z,KXNEAR15M-26OCT050115-15,0.9690,0.54,no
2026-10-05T05:10:15.023315Z,KXNEAR15M-26OCT050115-15,0.9600,0.49,no
2026-10-05T05:10:15.023315Z,KXNEAR15M-26OCT050115-15,0.9610,0.49,no
2026-10-05T05:10:15.746205Z,KXNEAR15M-26OCT050115-15,0.9590,0.99,no
2026-10-05T05:10:15.746205Z,KXNEAR15M-26OCT050115-15,0.9630,0.68,no
2026-10-05T05:10:15.746205Z,KXNEAR15M-26OCT050115-15,0.9640,0.62,no
2026-10-05T05:10:15.746205Z,KXNEAR15M-26OCT050115-15,0.9610,0.82,no
2026-10-05T05:10:15.746205Z,KXNEAR15M-26OCT050115-15,0.9620,0.74,no
2026-10-05T05:10:15.746205Z,KXNEAR15M-26OCT050115-15,0.9430,7.00,no
2026-10-05T05:10:15.746205Z,KXNEAR15M-26OCT050115-15,0.9600,1.00,no
2026-10-05T05:10:15.746205Z,KXNEAR15M-26OCT050115-15,0.9500,1.00,no
2026-10-05T05:10:15.746205Z,KXNEAR15M-26OCT050115-15,0.9600,0.90,no
2026-10-05T05:10:15.746205Z,KXNEAR15M-26OCT050115-15,0.9420,2.42,no
2026-10-05T05:10:15.868809Z,KXNEAR15M-26OCT050115-15,0.9750,3.00,yes
2026-10-05T05:10:15.868809Z,KXNEAR15M-26OCT050115-15,0.9750,5.00,yes
2026-10-05T05:10:15.868809Z,KXNEAR15M-26OCT050115-15,0.9760,22.00,yes
2026-10-05T05:10:15.92351Z,KXNEAR15M-26OCT050115-15,0.9760,21.00,yes
2026-10-05T05:10:16.293602Z,KXNEAR15M-26OCT050115-15,0.9760,5.14,yes
2026-10-05T05:10:19.097537Z,KXNEAR15M-26OCT050115-15,0.9740,16.00,no
2026-10-05T05:10:19.097537Z,KXNEAR15M-26OCT050115-15,0.9720,0.05,no
2026-10-05T05:10:19.097537Z,KXNEAR15M-26OCT050115-15,0.9720,2.00,no
2026-10-05T05:10:20.335094Z,KXNEAR15M-26OCT050115-15,0.9780,9.00,no
2026-10-05T05:10:20.335094Z,KXNEAR15M-26OCT050115-15,0.9780,0.62,no
2026-10-05T05:10:20.335094Z,KXNEAR15M-26OCT050115-15,0.9780,8.00,no
2026-10-05T05:10:20.335094Z,KXNEAR15M-26OCT050115-15,0.9770,1.36,no
2026-10-05T05:10:26.761241Z,KXNEAR15M-26OCT050115-15,0.9850,1.36,yes
2026-10-05T05:10:33.214773Z,KXNEAR15M-26OCT050115-15,0.9880,0.67,yes
2026-10-05T05:10:36.282826Z,KXNEAR15M-26OCT050115-15,0.9890,2.00,no
2026-10-05T05:10:36.282826Z,KXNEAR15M-26OCT050115-15,0.9890,0.62,no
2026-10-05T05:10:36.282826Z,KXNEAR15M-26OCT050115-15,0.9890,2.00,no
2026-10-05T05:10:36.282826Z,KXNEAR15M-26OCT050115-15,0.9890,3.00,no
2026-10-05T05:10:36.282826Z,KXNEAR15M-26OCT050115-15,0.9880,0.62,no
2026-10-05T05:10:42.825107Z,KXNEAR15M-26OCT050115-15,0.9820,0.62,no
2026-10-05T05:10:42.825107Z,KXNEAR15M-26OCT050115-15,0.9840,0.62,no
2026-10-05T05:10:42.825107Z,KXNEAR15M-26OCT050115-15,0.9830,0.62,no
2026-10-05T05:10:42.825107Z,KXNEAR15M-26OCT050115-15,0.9810,0.68,no
2026-10-05T05:10:42.825107Z,KXNEAR15M-26OCT050115-15,0.9780,0.42,no
2026-10-05T05:10:42.825107Z,KXNEAR15M-26OCT050115-15,0.9800,0.62,no
2026-10-05T05:10:42.825107Z,KXNEAR15M-26OCT050115-15,0.9790,0.62,no
2026-10-05T05:10:42.825107Z,KXNEAR15M-26OCT050115-15,0.9870,0.62,no
2026-10-05T05:10:42.825107Z,KXNEAR15M-26OCT050115-15,0.9850,0.62,no
2026-10-05T05:10:42.825107Z,KXNEAR15M-26OCT050115-15,0.9860,0.62,no
2026-10-05T05:10:42.825107Z,KXNEAR15M-26OCT050115-15,0.9890,4.00,no
2026-10-05T05:10:42.825107Z,KXNEAR15M-26OCT050115-15,0.9890,0.62,no
2026-10-05T05:10:42.825107Z,KXNEAR15M-26OCT050115-15,0.9880,0.68,no
2026-10-05T05:10:42.825107Z,KXNEAR15M-26OCT050115-15,0.9890,2.00,no
2026-10-05T05:10:47.42584Z,KXNEAR15M-26OCT050115-15,0.9890,5.00,yes
2026-10-05T05:10:47.42584Z,KXNEAR15M-26OCT050115-15,0.9890,2.00,yes
2026-10-05T05:10:49.251471Z,KXNEAR15M-26OCT050115-15,0.9900,4.00,yes
2026-10-05T05:10:49.251471Z,KXNEAR15M-26OCT050115-15,0.9900,75.00,yes
2026-10-05T05:10:49.251471Z,KXNEAR15M-26OCT050115-15,0.9900,8.00,yes
2026-10-05T05:10:49.251471Z,KXNEAR15M-26OCT050115-15,0.9900,0.51,yes
2026-10-05T05:10:49.258327Z,KXNEAR15M-26OCT050115-15,0.9900,24.99,no
2026-10-05T05:10:50.256472Z,KXNEAR15M-26OCT050115-15,0.9900,93.51,no
2026-10-05T05:10:50.323179Z,KXNEAR15M-26OCT050115-15,0.9900,18.70,no
2026-10-05T05:10:50.85799Z,KXNEAR15M-26OCT050115-15,0.9900,23.37,no
2026-10-05T05:10:51.687308Z,KXNEAR15M-26OCT050115-15,0.9910,0.01,yes
2026-10-05T05:10:54.975397Z,KXNEAR15M-26OCT050115-15,0.9900,187.03,no
2026-10-05T05:11:01.113358Z,KXNEAR15M-26OCT050115-15,0.9900,10.00,no
2026-10-05T05:11:01.503264Z,KXNEAR15M-26OCT050115-15,0.9910,0.01,yes
2026-10-05T05:11:01.503264Z,KXNEAR15M-26OCT050115-15,0.9910,9.99,yes
2026-10-05T05:11:02.04729Z,KXNEAR15M-26OCT050115-15,0.9900,38.62,no
2026-10-05T05:11:02.04729Z,KXNEAR15M-26OCT050115-15,0.9900,54.89,no
2026-10-05T05:11:02.584813Z,KXNEAR15M-26OCT050115-15,0.9910,1.00,yes
2026-10-05T05:11:03.168706Z,KXNEAR15M-26OCT050115-15,0.9930,3.59,yes
2026-10-05T05:11:03.168706Z,KXNEAR15M-26OCT050115-15,0.9930,5.00,yes
2026-10-05T05:11:03.168706Z,KXNEAR15M-26OCT050115-15,0.9910,2.99,yes
2026-10-05T05:11:03.168706Z,KXNEAR15M-26OCT050115-15,0.9930,10.00,yes
2026-10-05T05:11:03.168706Z,KXNEAR15M-26OCT050115-15,0.9920,10.00,yes
2026-10-05T05:11:03.188696Z,KXNEAR15M-26OCT050115-15,0.9910,10.00,no
2026-10-05T05:11:03.195552Z,KXNEAR15M-26OCT050115-15,0.9910,10.00,no
2026-10-05T05:11:03.325231Z,KXNEAR15M-26OCT050115-15,0.9940,100.00,yes
2026-10-05T05:11:03.325231Z,KXNEAR15M-26OCT050115-15,0.9930,1.41,yes
2026-10-05T05:11:03.325231Z,KXNEAR15M-26OCT050115-15,0.9950,8.60,yes
2026-10-05T05:11:03.325231Z,KXNEAR15M-26OCT050115-15,0.9930,5.00,yes
2026-10-05T05:11:03.325231Z,KXNEAR15M-26OCT050115-15,0.9950,11.00,yes
2026-10-05T05:11:03.325231Z,KXNEAR15M-26OCT050115-15,0.9940,10.00,yes
2026-10-05T05:11:03.325231Z,KXNEAR15M-26OCT050115-15,0.9950,10.00,yes
2026-10-05T05:11:03.325231Z,KXNEAR15M-26OCT050115-15,0.9950,30.00,yes
2026-10-05T05:11:04.673516Z,KXNEAR15M-26OCT050115-15,0.9950,5.00,no
2026-10-05T05:11:04.673516Z,KXNEAR15M-26OCT050115-15,0.9940,2.00,no
2026-10-05T05:11:04.673516Z,KXNEAR15M-26OCT050115-15,0.9950,0.55,no
2026-10-05T05:11:04.673516Z,KXNEAR15M-26OCT050115-15,0.9940,10.00,no
2026-10-05T05:11:04.673516Z,KXNEAR15M-26OCT050115-15,0.9940,0.61,no
2026-10-05T05:11:11.654309Z,KXNEAR15M-26OCT050115-15,0.9930,7.00,no
2026-10-05T05:11:11.654309Z,KXNEAR15M-26OCT050115-15,0.9930,13.56,no
2026-10-05T05:11:11.654309Z,KXNEAR15M-26OCT050115-15,0.9930,10.00,no
2026-10-05T05:11:11.654309Z,KXNEAR15M-26OCT050115-15,0.9930,0.67,no
2026-10-05T05:11:11.709813Z,KXNEAR15M-26OCT050115-15,0.9930,3.00,no
2026-10-05T05:11:13.559166Z,KXNEAR15M-26OCT050115-15,0.9950,5.00,yes
2026-10-05T05:11:13.559166Z,KXNEAR15M-26OCT050115-15,0.9950,2.00,yes
2026-10-05T05:11:13.559166Z,KXNEAR15M-26OCT050115-15,0.9960,7.00,yes
2026-10-05T05:11:15.167894Z,KXNEAR15M-26OCT050115-15,0.9950,2.00,yes
2026-10-05T05:11:15.167894Z,KXNEAR15M-26OCT050115-15,0.9950,2.90,yes
2026-10-05T05:11:15.167894Z,KXNEAR15M-26OCT050115-15,0.9950,1.00,yes
2026-10-05T05:11:15.562718Z,KXNEAR15M-26OCT050115-15,0.9930,0.55,no
2026-10-05T05:11:15.562718Z,KXNEAR15M-26OCT050115-15,0.9930,6.00,no
2026-10-05T05:11:15.562718Z,KXNEAR15M-26OCT050115-15,0.9920,7.00,no
2026-10-05T05:11:15.562718Z,KXNEAR15M-26OCT050115-15,0.9900,0.01,no
2026-10-05T05:11:15.562718Z,KXNEAR15M-26OCT050115-15,0.9930,19.82,no
2026-10-05T05:11:15.562718Z,KXNEAR15M-26OCT050115-15,0.9920,0.67,no
2026-10-05T05:11:15.562718Z,KXNEAR15M-26OCT050115-15,0.9900,4.00,no
2026-10-05T05:11:15.562718Z,KXNEAR15M-26OCT050115-15,0.9910,0.74,no
2026-10-05T05:11:15.562718Z,KXNEAR15M-26OCT050115-15,0.9900,0.81,no
2026-10-05T05:11:15.562718Z,KXNEAR15M-26OCT050115-15,0.9840,1.57,no
2026-10-05T05:11:15.562718Z,KXNEAR15M-26OCT050115-15,0.9850,1.42,no
2026-10-05T05:11:15.562718Z,KXNEAR15M-26OCT050115-15,0.9870,1.18,no
2026-10-05T05:11:15.562718Z,KXNEAR15M-26OCT050115-15,0.9880,1.07,no
2026-10-05T05:11:15.562718Z,KXNEAR15M-26OCT050115-15,0.9860,1.30,no
2026-10-05T05:11:15.562718Z,KXNEAR15M-26OCT050115-15,0.9890,0.98,no
2026-10-05T05:11:15.562718Z,KXNEAR15M-26OCT050115-15,0.9900,9.99,no
2026-10-05T05:11:15.562718Z,KXNEAR15M-26OCT050115-15,0.9810,0.74,no
2026-10-05T05:11:15.562718Z,KXNEAR15M-26OCT050115-15,0.9830,0.62,no
2026-10-05T05:11:15.562718Z,KXNEAR15M-26OCT050115-15,0.9820,0.68,no
2026-10-05T05:11:15.562718Z,KXNEAR15M-26OCT050115-15,0.9800,16.84,no
2026-10-05T05:11:23.623219Z,KXNEAR15M-26OCT050115-15,0.9840,8.00,yes
2026-10-05T05:11:23.623219Z,KXNEAR15M-26OCT050115-15,0.9850,2.00,yes
2026-10-05T05:11:23.676281Z,KXNEAR15M-26OCT050115-15,0.9820,3.00,no
2026-10-05T05:11:23.676281Z,KXNEAR15M-26OCT050115-15,0.9810,7.00,no
2026-10-05T05:11:23.676281Z,KXNEAR15M-26OCT050115-15,0.9810,1.00,no
2026-10-05T05:11:23.676281Z,KXNEAR15M-26OCT050115-15,0.9810,1.00,no
2026-10-05T05:11:27.279991Z,KXNEAR15M-26OCT050115-15,0.9800,0.82,no
2026-10-05T05:11:27.279991Z,KXNEAR15M-26OCT050115-15,0.9800,6.36,no
2026-10-05T05:11:27.279991Z,KXNEAR15M-26OCT050115-15,0.9790,0.90,no
2026-10-05T05:11:27.279991Z,KXNEAR15M-26OCT050115-15,0.9780,0.42,no
2026-10-05T05:11:27.279991Z,KXNEAR15M-26OCT050115-15,0.9780,0.26,no
2026-10-05T05:11:27.279991Z,KXNEAR15M-26OCT050115-15,0.9770,0.62,no
2026-10-05T05:11:27.279991Z,KXNEAR15M-26OCT050115-15,0.9720,0.05,no
2026-10-05T05:11:27.279991Z,KXNEAR15M-26OCT050115-15,0.9730,0.62,no
2026-10-05T05:11:27.279991Z,KXNEAR15M-26OCT050115-15,0.9760,0.62,no
2026-10-05T05:11:27.279991Z,KXNEAR15M-26OCT050115-15,0.9750,0.62,no
2026-10-05T05:11:27.279991Z,KXNEAR15M-26OCT050115-15,0.9740,0.68,no
2026-10-05T05:11:27.279991Z,KXNEAR15M-26OCT050115-15,0.9720,0.57,no
2026-10-05T05:11:27.279991Z,KXNEAR15M-26OCT050115-15,0.9700,0.62,no
2026-10-05T05:11:27.279991Z,KXNEAR15M-26OCT050115-15,0.9680,0.68,no
2026-10-05T05:11:27.279991Z,KXNEAR15M-26OCT050115-15,0.9710,0.62,no
2026-10-05T05:11:27.279991Z,KXNEAR15M-26OCT050115-15,0.9660,0.68,no
2026-10-05T05:11:27.279991Z,KXNEAR15M-26OCT050115-15,0.9670,0.62,no
2026-10-05T05:11:27.279991Z,KXNEAR15M-26OCT050115-15,0.9690,0.62,no
2026-10-05T05:11:27.279991Z,KXNEAR15M-26OCT050115-15,0.9650,6.88,no
2026-10-05T05:11:27.279991Z,KXNEAR15M-26OCT050115-15,0.9810,2.00,no
2026-10-05T05:11:27.279991Z,KXNEAR15M-26OCT050115-15,0.9810,2.00,no
2026-10-05T05:11:27.279991Z,KXNEAR15M-26OCT050115-15,0.9810,0.74,no
2026-10-05T05:11:27.279991Z,KXNEAR15M-26OCT050115-15,0.9660,6.00,no
2026-10-05T05:11:29.138595Z,KXNEAR15M-26OCT050115-15,0.9800,12.00,yes
2026-10-05T05:11:29.878387Z,KXNEAR15M-26OCT050115-15,0.9850,21.20,yes
2026-10-05T05:11:29.878387Z,KXNEAR15M-26OCT050115-15,0.9890,31.80,yes
2026-10-05T05:11:29.878387Z,KXNEAR15M-26OCT050115-15,0.9880,2.00,yes
2026-10-05T05:11:30.061784Z,KXNEAR15M-26OCT050115-15,0.9820,5.00,no
2026-10-05T05:11:35.532194Z,KXNEAR15M-26OCT050115-15,0.9890,2.10,yes
2026-10-05T05:11:35.532194Z,KXNEAR15M-26OCT050115-15,0.9890,2.00,yes
2026-10-05T05:11:38.979784Z,KXNEAR15M-26OCT050115-15,0.9890,5.00,yes
2026-10-05T05:11:38.979784Z,KXNEAR15M-26OCT050115-15,0.9890,2.00,yes
2026-10-05T05:11:48.174648Z,KXNEAR15M-26OCT050115-15,0.9900,10.23,yes
2026-10-05T05:11:48.174648Z,KXNEAR15M-26OCT050115-15,0.9900,8.00,yes
2026-10-05T05:11:48.174648Z,KXNEAR15M-26OCT050115-15,0.9890,5.00,yes
2026-10-05T05:11:48.174648Z,KXNEAR15M-26OCT050115-15,0.9890,2.00,yes
2026-10-05T05:11:48.743681Z,KXNEAR15M-26OCT050115-15,0.9890,1.00,yes
2026-10-05T05:11:51.472219Z,KXNEAR15M-26OCT050115-15,0.9860,0.62,no
2026-10-05T05:11:51.472219Z,KXNEAR15M-26OCT050115-15,0.9830,0.68,no
2026-10-05T05:11:51.472219Z,KXNEAR15M-26OCT050115-15,0.9840,0.62,no
2026-10-05T05:11:51.472219Z,KXNEAR15M-26OCT050115-15,0.9850,0.62,no
2026-10-05T05:11:51.472219Z,KXNEAR15M-26OCT050115-15,0.9870,0.62,no
2026-10-05T05:11:51.472219Z,KXNEAR15M-26OCT050115-15,0.9870,2.00,no
2026-10-05T05:11:51.472219Z,KXNEAR15M-26OCT050115-15,0.9830,1.56,no
2026-10-05T05:12:00.098048Z,KXNEAR15M-26OCT050115-15,0.9890,1.00,yes
2026-10-05T05:12:00.203183Z,KXNEAR15M-26OCT050115-15,0.9890,1.00,yes
2026-10-05T05:12:00.203183Z,KXNEAR15M-26OCT050115-15,0.9890,5.00,yes
2026-10-05T05:12:00.203183Z,KXNEAR15M-26OCT050115-15,0.9890,1.00,yes
2026-10-05T05:12:00.203183Z,KXNEAR15M-26OCT050115-15,0.9900,53.00,yes
2026-10-05T05:12:00.621574Z,KXNEAR15M-26OCT050115-15,0.9890,1.00,yes
2026-10-05T05:12:00.974961Z,KXNEAR15M-26OCT050115-15,0.9950,3.16,yes
2026-10-05T05:12:00.974961Z,KXNEAR15M-26OCT050115-15,0.9900,8.00,yes
2026-10-05T05:12:00.974961Z,KXNEAR15M-26OCT050115-15,0.9880,10.00,yes
2026-10-05T05:12:00.974961Z,KXNEAR15M-26OCT050115-15,0.9950,5.00,yes
2026-10-05T05:12:00.974961Z,KXNEAR15M-26OCT050115-15,0.9950,2.00,yes
2026-10-05T05:12:00.974961Z,KXNEAR15M-26OCT050115-15,0.9960,4.00,yes
2026-10-05T05:12:00.974961Z,KXNEAR15M-26OCT050115-15,0.9900,11.77,yes
2026-10-05T05:12:00.974961Z,KXNEAR15M-26OCT050115-15,0.9960,36.07,yes
2026-10-05T05:12:00.974961Z,KXNEAR15M-26OCT050115-15,0.9960,13.00,yes
2026-10-05T05:12:00.974961Z,KXNEAR15M-26OCT050115-15,0.9960,1.00,yes
2026-10-05T05:12:00.974961Z,KXNEAR15M-26OCT050115-15,0.9960,1.00,yes
2026-10-05T05:12:00.974961Z,KXNEAR15M-26OCT050115-15,0.9960,1.00,yes
2026-10-05T05:12:00.974961Z,KXNEAR15M-26OCT050115-15,0.9960,1.00,yes
2026-10-05T05:12:00.974961Z,KXNEAR15M-26OCT050115-15,0.9960,1.00,yes
2026-10-05T05:12:00.974961Z,KXNEAR15M-26OCT050115-15,0.9960,343.00,yes
2026-10-05T05:12:00.974961Z,KXNEAR15M-26OCT050115-15,0.9960,10.00,yes
2026-10-05T05:12:01.132854Z,KXNEAR15M-26OCT050115-15,0.9900,1.00,yes
2026-10-05T05:12:01.17496Z,KXNEAR15M-26OCT050115-15,0.9900,7.00,yes
2026-10-05T05:12:01.33498Z,KXNEAR15M-26OCT050115-15,0.9920,100.00,no
2026-10-05T05:12:03.865557Z,KXNEAR15M-26OCT050115-15,0.9930,0.55,no
2026-10-05T05:12:03.865557Z,KXNEAR15M-26OCT050115-15,0.9920,14.03,no
2026-10-05T05:12:03.865557Z,KXNEAR15M-26OCT050115-15,0.9930,10.00,no
2026-10-05T05:12:09.934866Z,KXNEAR15M-26OCT050115-15,0.9950,2.00,yes
2026-10-05T05:12:09.934866Z,KXNEAR15M-26OCT050115-15,0.9950,5.00,yes
2026-10-05T05:12:09.934866Z,KXNEAR15M-26OCT050115-15,0.9960,28.07,yes
2026-10-05T05:12:09.934866Z,KXNEAR15M-26OCT050115-15,0.9950,1.00,yes
2026-10-05T05:12:13.19316Z,KXNEAR15M-26OCT050115-15,0.9940,0.62,no
2026-10-05T05:12:13.19316Z,KXNEAR15M-26OCT050115-15,0.9940,1.00,no
2026-10-05T05:12:13.19316Z,KXNEAR15M-26OCT050115-15,0.9950,0.62,no
2026-10-05T05:12:13.19316Z,KXNEAR15M-26OCT050115-15,0.9930,28.27,no
2026-10-05T05:12:13.19316Z,KXNEAR15M-26OCT050115-15,0.9930,0.55,no
2026-10-05T05:12:13.19316Z,KXNEAR15M-26OCT050115-15,0.9930,228.97,no
2026-10-05T05:12:13.19316Z,KXNEAR15M-26OCT050115-15,0.9950,8.67,no
2026-10-05T05:12:20.161105Z,KXNEAR15M-26OCT050115-15,0.9900,30.00,no
2026-10-05T05:12:20.161105Z,KXNEAR15M-26OCT050115-15,0.9930,0.62,no
2026-10-05T05:12:20.161105Z,KXNEAR15M-26OCT050115-15,0.9930,7.00,no
2026-10-05T05:12:20.161105Z,KXNEAR15M-26OCT050115-15,0.9900,23.18,no
2026-10-05T05:12:20.161105Z,KXNEAR15M-26OCT050115-15,0.9920,0.55,no
2026-10-05T05:12:20.161105Z,KXNEAR15M-26OCT050115-15,0.9910,0.61,no
2026-10-05T05:12:20.161105Z,KXNEAR15M-26OCT050115-15,0.9900,0.67,no
2026-10-05T05:12:20.161105Z,KXNEAR15M-26OCT050115-15,0.9900,4.00,no
2026-10-05T05:12:20.161105Z,KXNEAR15M-26OCT050115-15,0.9900,1.00,no
2026-10-05T05:12:20.161105Z,KXNEAR15M-26OCT050115-15,0.9900,1.00,no
2026-10-05T05:12:20.161105Z,KXNEAR15M-26OCT050115-15,0.9930,24.73,no
2026-10-05T05:12:20.161105Z,KXNEAR15M-26OCT050115-15,0.9930,11.77,no
2026-10-05T05:12:25.102478Z,KXNEAR15M-26OCT050115-15,0.9960,1.00,yes
2026-10-05T05:12:25.431253Z,KXNEAR15M-26OCT050115-15,0.9900,9.03,no
2026-10-05T05:12:25.431253Z,KXNEAR15M-26OCT050115-15,0.9900,0.74,no
2026-10-05T05:12:25.431253Z,KXNEAR15M-26OCT050115-15,0.9910,0.62,no
2026-10-05T05:12:25.431253Z,KXNEAR15M-26OCT050115-15,0.9920,0.62,no
2026-10-05T05:12:25.431253Z,KXNEAR15M-26OCT050115-15,0.9910,0.68,no
2026-10-05T05:12:25.431253Z,KXNEAR15M-26OCT050115-15,0.9900,80.00,no
2026-10-05T05:12:25.431253Z,KXNEAR15M-26OCT050115-15,0.9930,0.62,no
2026-10-05T05:12:31.419199Z,KXNEAR15M-26OCT050115-15,0.9950,1.00,yes
2026-10-05T05:12:39.874063Z,KXNEAR15M-26OCT050115-15,0.9960,4.00,yes
2026-10-05T05:12:39.874063Z,KXNEAR15M-26OCT050115-15,0.9960,5.00,yes
2026-10-05T05:12:39.874063Z,KXNEAR15M-26OCT050115-15,0.9960,4.00,yes
2026-10-05T05:12:39.874063Z,KXNEAR15M-26OCT050115-15,0.9970,10.00,yes
2026-10-05T05:12:39.874063Z,KXNEAR15M-26OCT050115-15,0.9970,30.00,yes
2026-10-05T05:12:40.808299Z,KXNEAR15M-26OCT050115-15,0.9970,159.00,yes
2026-10-05T05:12:42.694918Z,KXNEAR15M-26OCT050115-15,0.9960,5.00,yes
2026-10-05T05:12:42.694918Z,KXNEAR15M-26OCT050115-15,0.9960,5.00,yes
2026-10-05T05:12:42.700437Z,KXNEAR15M-26OCT050115-15,0.9960,30.01,no
2026-10-05T05:12:44.251057Z,KXNEAR15M-26OCT050115-15,0.9960,130.00,no
2026-10-05T05:12:48.065797Z,KXNEAR15M-26OCT050115-15,0.9960,224.37,no
2026-10-05T05:12:51.742744Z,KXNEAR15M-26OCT050115-15,0.9970,37.05,yes
2026-10-05T05:12:53.281328Z,KXNEAR15M-26OCT050115-15,0.9970,18.00,yes
2026-10-05T05:12:53.281328Z,KXNEAR15M-26OCT050115-15,0.9970,2.00,yes
2026-10-05T05:12:53.281328Z,KXNEAR15M-26OCT050115-15,0.9970,2.00,yes
2026-10-05T05:12:53.281328Z,KXNEAR15M-26OCT050115-15,0.9970,2.00,yes
2026-10-05T05:12:53.281328Z,KXNEAR15M-26OCT050115-15,0.9970,2.00,yes
2026-10-05T05:12:53.281328Z,KXNEAR15M-26OCT050115-15,0.9970,2.00,yes
2026-10-05T05:12:53.281328Z,KXNEAR15M-26OCT050115-15,0.9970,40.00,yes
2026-10-05T05:12:53.281328Z,KXNEAR15M-26OCT050115-15,0.9970,1.00,yes
2026-10-05T05:12:53.281328Z,KXNEAR15M-26OCT050115-15,0.9970,5.00,yes
2026-10-05T05:12:53.281328Z,KXNEAR15M-26OCT050115-15,0.9970,872.05,yes
2026-10-05T05:12:53.281328Z,KXNEAR15M-26OCT050115-15,0.9970,23.95,yes
2026-10-05T05:12:59.980937Z,KXNEAR15M-26OCT050115-15,0.9960,30.00,no
2026-10-05T05:12:59.980937Z,KXNEAR15M-26OCT050115-15,0.9960,159.00,no
2026-10-05T05:12:59.980937Z,KXNEAR15M-26OCT050115-15,0.9960,10.00,no
2026-10-05T05:12:59.980937Z,KXNEAR15M-26OCT050115-15,0.9960,0.62,no
2026-10-05T05:12:59.980937Z,KXNEAR15M-26OCT050115-15,0.9960,29.42,no
2026-10-05T05:13:00.906076Z,KXNEAR15M-26OCT050115-15,0.9970,5.00,yes
2026-10-05T05:13:14.526946Z,KXNEAR15M-26OCT050115-15,0.9970,3.00,yes
2026-10-05T05:13:17.319903Z,KXNEAR15M-26OCT050115-15,0.9900,4.00,no
2026-10-05T05:13:17.319903Z,KXNEAR15M-26OCT050115-15,0.9900,124.06,no
2026-10-05T05:13:17.319903Z,KXNEAR15M-26OCT050115-15,0.9910,8.00,no
2026-10-05T05:13:17.319903Z,KXNEAR15M-26OCT050115-15,0.9960,14.00,no
2026-10-05T05:13:17.319903Z,KXNEAR15M-26OCT050115-15,0.9900,24.00,no
2026-10-05T05:13:17.319903Z,KXNEAR15M-26OCT050115-15,0.9900,1.62,no
2026-10-05T05:13:17.319903Z,KXNEAR15M-26OCT050115-15,0.9960,0.62,no
2026-10-05T05:13:17.319903Z,KXNEAR15M-26OCT050115-15,0.9960,5.00,no
2026-10-05T05:13:17.319903Z,KXNEAR15M-26OCT050115-15,0.9960,23.95,no
2026-10-05T05:13:17.319903Z,KXNEAR15M-26OCT050115-15,0.9960,7.63,no
2026-10-05T05:13:17.319903Z,KXNEAR15M-26OCT050115-15,0.9940,0.62,no
2026-10-05T05:13:17.319903Z,KXNEAR15M-26OCT050115-15,0.9950,0.62,no
2026-10-05T05:13:17.319903Z,KXNEAR15M-26OCT050115-15,0.9930,0.62,no
2026-10-05T05:13:17.319903Z,KXNEAR15M-26OCT050115-15,0.9910,0.62,no
2026-10-05T05:13:17.319903Z,KXNEAR15M-26OCT050115-15,0.9900,0.62,no
2026-10-05T05:13:17.319903Z,KXNEAR15M-26OCT050115-15,0.9920,0.62,no
2026-10-05T05:13:19.181277Z,KXNEAR15M-26OCT050115-15,0.9920,0.62,no
2026-10-05T05:13:19.181277Z,KXNEAR15M-26OCT050115-15,0.9950,5.00,no
2026-10-05T05:13:19.181277Z,KXNEAR15M-26OCT050115-15,0.9910,0.62,no
2026-10-05T05:13:20.024539Z,KXNEAR15M-26OCT050115-15,0.9960,4.00,yes
2026-10-05T05:13:20.024539Z,KXNEAR15M-26OCT050115-15,0.9960,5.00,yes
2026-10-05T05:13:20.024539Z,KXNEAR15M-26OCT050115-15,0.9960,5.00,yes
2026-10-05T05:13:20.024539Z,KXNEAR15M-26OCT050115-15,0.9970,76.26,yes
2026-10-05T05:13:20.165922Z,KXNEAR15M-26OCT050115-15,0.9970,1.00,yes
2026-10-05T05:13:24.143562Z,KXNEAR15M-26OCT050115-15,0.9960,0.01,yes
2026-10-05T05:13:24.143562Z,KXNEAR15M-26OCT050115-15,0.9960,5.00,yes
2026-10-05T05:13:29.369355Z,KXNEAR15M-26OCT050115-15,0.9950,0.62,no
2026-10-05T05:13:29.369355Z,KXNEAR15M-26OCT050115-15,0.9950,10.00,no
2026-10-05T05:13:30.099359Z,KXNEAR15M-26OCT050115-15,0.9950,2.01,yes
2026-10-05T05:13:30.175418Z,KXNEAR15M-26OCT050115-15,0.9960,4.99,yes
2026-10-05T05:13:30.175418Z,KXNEAR15M-26OCT050115-15,0.9960,5.00,yes
2026-10-05T05:13:30.175418Z,KXNEAR15M-26OCT050115-15,0.9950,30.06,yes
2026-10-05T05:13:30.477185Z,KXNEAR15M-26OCT050115-15,0.9970,40.00,yes
2026-10-05T05:13:30.477185Z,KXNEAR15M-26OCT050115-15,0.9970,14.00,yes
2026-10-05T05:13:32.075247Z,KXNEAR15M-26OCT050115-15,0.9970,30.00,yes
2026-10-05T05:13:33.344618Z,KXNEAR15M-26OCT050115-15,0.9970,206.00,yes
2026-10-05T05:13:33.344618Z,KXNEAR15M-26OCT050115-15,0.9970,1.00,yes
2026-10-05T05:13:33.344618Z,KXNEAR15M-26OCT050115-15,0.9970,5.00,yes
2026-10-05T05:13:33.344618Z,KXNEAR15M-26OCT050115-15,0.9980,10.00,yes
2026-10-05T05:13:33.344618Z,KXNEAR15M-26OCT050115-15,0.9980,100.00,yes
2026-10-05T05:13:33.344618Z,KXNEAR15M-26OCT050115-15,0.9980,400.00,yes
2026-10-05T05:13:33.344618Z,KXNEAR15M-26OCT050115-15,0.9980,456.00,yes
2026-10-05T05:13:33.361805Z,KXNEAR15M-26OCT050115-15,0.9970,10.00,no
2026-10-05T05:13:33.382925Z,KXNEAR15M-26OCT050115-15,0.9970,15.00,no
2026-10-05T05:13:33.422827Z,KXNEAR15M-26OCT050115-15,0.9980,3.00,yes
2026-10-05T05:13:33.422827Z,KXNEAR15M-26OCT050115-15,0.9980,3.00,yes
2026-10-05T05:13:33.422827Z,KXNEAR15M-26OCT050115-15,0.9980,3.00,yes
2026-10-05T05:13:33.422827Z,KXNEAR15M-26OCT050115-15,0.9980,3.00,yes
2026-10-05T05:13:33.422827Z,KXNEAR15M-26OCT050115-15,0.9980,3.00,yes
2026-10-05T05:13:33.422827Z,KXNEAR15M-26OCT050115-15,0.9980,26.00,yes
2026-10-05T05:13:33.422827Z,KXNEAR15M-26OCT050115-15,0.9980,25.00,yes
2026-10-05T05:13:33.422827Z,KXNEAR15M-26OCT050115-15,0.9980,60.00,yes
2026-10-05T05:13:33.422827Z,KXNEAR15M-26OCT050115-15,0.9980,104.00,yes
2026-10-05T05:13:33.422827Z,KXNEAR15M-26OCT050115-15,0.9980,44.00,yes
2026-10-05T05:13:33.429041Z,KXNEAR15M-26OCT050115-15,0.9980,25.00,no
2026-10-05T05:13:33.877787Z,KXNEAR15M-26OCT050115-15,0.9990,1.00,yes
2026-10-05T05:13:35.531389Z,KXNEAR15M-26OCT050115-15,0.9990,45.08,yes
2026-10-05T05:13:36.869847Z,KXNEAR15M-26OCT050115-15,0.9990,10.00,yes
2026-10-05T05:13:36.869847Z,KXNEAR15M-26OCT050115-15,0.9990,1.00,yes
2026-10-05T05:13:36.869847Z,KXNEAR15M-26OCT050115-15,0.9990,153.92,yes
2026-10-05T05:13:36.869847Z,KXNEAR15M-26OCT050115-15,0.9990,1.00,yes
2026-10-05T05:13:36.869847Z,KXNEAR15M-26OCT050115-15,0.9990,66.08,yes
2026-10-05T05:13:36.999033Z,KXNEAR15M-26OCT050115-15,0.9980,24.00,no
2026-10-05T05:13:36.999033Z,KXNEAR15M-26OCT050115-15,0.9980,31.00,no
2026-10-05T05:13:37.057592Z,KXNEAR15M-26OCT050115-15,0.9990,1.00,yes
2026-10-05T05:13:39.931425Z,KXNEAR15M-26OCT050115-15,0.9990,500.46,yes
2026-10-05T05:13:40.27738Z,KXNEAR15M-26OCT050115-15,0.9990,2.00,yes
2026-10-05T05:13:46.146828Z,KXNEAR15M-26OCT050115-15,0.9990,11.01,yes
2026-10-05T05:13:47.000744Z,KXNEAR15M-26OCT050115-15,0.9980,25.80,no
2026-10-05T05:13:47.000744Z,KXNEAR15M-26OCT050115-15,0.9980,20.00,no
2026-10-05T05:13:47.327635Z,KXNEAR15M-26OCT050115-15,0.9990,209.09,yes
2026-10-05T05:13:51.460569Z,KXNEAR15M-26OCT050115-15,0.9980,41.24,no
2026-10-05T05:13:53.430717Z,KXNEAR15M-26OCT050115-15,0.9990,204.02,yes
2026-10-05T05:13:55.033853Z,KXNEAR15M-26OCT050115-15,0.9990,1.00,yes
2026-10-05T05:13:57.476037Z,KXNEAR15M-26OCT050115-15,0.9990,35.80,yes
2026-10-05T05:13:57.951777Z,KXNEAR15M-26OCT050115-15,0.9990,1.00,yes
2026-10-05T05:13:57.951777Z,KXNEAR15M-26OCT050115-15,0.9990,2.50,yes
2026-10-05T05:13:58.709822Z,KXNEAR15M-26OCT050115-15,0.9990,3.50,yes
2026-10-05T05:13:59.469954Z,KXNEAR15M-26OCT050115-15,0.9990,3.50,yes
2026-10-05T05:13:59.883526Z,KXNEAR15M-26OCT050115-15,0.9990,36.00,yes
2026-10-05T05:14:00.064803Z,KXNEAR15M-26OCT050115-15,0.9990,5.00,yes
2026-10-05T05:14:00.064803Z,KXNEAR15M-26OCT050115-15,0.9990,4.50,yes
2026-10-05T05:14:00.064803Z,KXNEAR15M-26OCT050115-15,0.9990,36.00,yes
2026-10-05T05:14:00.064803Z,KXNEAR15M-26OCT050115-15,0.9990,3.50,yes
2026-10-05T05:14:00.064803Z,KXNEAR15M-26OCT050115-15,0.9990,2.50,yes
2026-10-05T05:14:00.064803Z,KXNEAR15M-26OCT050115-15,0.9990,3.50,yes
2026-10-05T05:14:00.187315Z,KXNEAR15M-26OCT050115-15,0.9980,0.62,no
2026-10-05T05:14:00.187315Z,KXNEAR15M-26OCT050115-15,0.9980,45.08,no
2026-10-05T05:14:00.187315Z,KXNEAR15M-26OCT050115-15,0.9980,1.00,no
2026-10-05T05:14:00.187315Z,KXNEAR15M-26OCT050115-15,0.9980,90.34,no
2026-10-05T05:14:00.187315Z,KXNEAR15M-26OCT050115-15,0.9980,62.96,no
2026-10-05T05:14:00.339232Z,KXNEAR15M-26OCT050115-15,0.9990,25.00,no
2026-10-05T05:14:26.585826Z,KXNEAR15M-26OCT050115-15,0.9990,28.00,no
2026-10-05T05:14:26.585826Z,KXNEAR15M-26OCT050115-15,0.9990,340.97,no
2026-10-05T05:14:35.718798Z,KXNEAR15M-26OCT050115-15,0.9990,915.99,no
2026-10-05T05:14:36.788394Z,KXNEAR15M-26OCT050115-15,0.9990,1831.90,no
2026-10-05T05:14:58.791622Z,KXNEAR15M-26OCT050115-15,0.9990,7.46,no
2026-10-05T05:11:10.051596Z,KXUSDJPY15M-26OCT050115-30,0.0100,24.77,no
2026-10-05T05:11:10.051596Z,KXUSDJPY15M-26OCT050115-30,0.0100,33.00,no
2026-10-05T05:11:10.051596Z,KXUSDJPY15M-26OCT050115-30,0.0100,1.00,no
2026-10-05T05:11:10.051596Z,KXUSDJPY15M-26OCT050115-30,0.0100,2.00,no
2026-10-05T05:11:10.051596Z,KXUSDJPY15M-26OCT050115-30,0.0100,1.00,no
2026-10-05T05:11:10.051596Z,KXUSDJPY15M-26OCT050115-30,0.0100,10.00,no
2026-10-05T05:11:10.051596Z,KXUSDJPY15M-26OCT050115-30,0.0100,22.23,no
2026-10-05T05:11:10.062919Z,KXUSDJPY15M-26OCT050115-30,0.0100,11.00,no
2026-10-05T05:11:10.062919Z,KXUSDJPY15M-26OCT050115-30,0.0100,0.23,no
2026-10-05T05:11:12.799496Z,KXUSDJPY15M-26OCT050115-30,0.0200,30.00,yes
2026-10-05T05:11:12.799496Z,KXUSDJPY15M-26OCT050115-30,0.0200,6.79,yes
2026-10-05T05:11:12.799496Z,KXUSDJPY15M-26OCT050115-30,0.0200,10.00,yes
2026-10-05T05:11:20.422273Z,KXUSDJPY15M-26OCT050115-30,0.0300,22.23,yes
2026-10-05T05:11:20.422273Z,KXUSDJPY15M-26OCT050115-30,0.0300,5.00,yes
2026-10-05T05:11:20.422273Z,KXUSDJPY15M-26OCT050115-30,0.0200,60.00,yes
2026-10-05T05:11:20.422273Z,KXUSDJPY15M-26OCT050115-30,0.0200,30.00,yes
2026-10-05T05:11:20.422273Z,KXUSDJPY15M-26OCT050115-30,0.0700,0.67,yes
2026-10-05T05:11:20.422273Z,KXUSDJPY15M-26OCT050115-30,0.0400,50.00,yes
2026-10-05T05:11:33.673125Z,KXUSDJPY15M-26OCT050115-30,0.0100,10.00,no
2026-10-05T05:11:40.812056Z,KXUSDJPY15M-26OCT050115-30,0.0200,30.00,yes
2026-10-05T05:11:40.812056Z,KXUSDJPY15M-26OCT050115-30,0.0200,60.00,yes
2026-10-05T05:11:40.812056Z,KXUSDJPY15M-26OCT050115-30,0.0400,50.00,yes
2026-10-05T05:11:40.812056Z,KXUSDJPY15M-26OCT050115-30,0.0200,5.00,yes
2026-10-05T05:11:40.812056Z,KXUSDJPY15M-26OCT050115-30,0.0300,10.00,yes
2026-10-05T05:11:40.812056Z,KXUSDJPY15M-26OCT050115-30,0.0700,4.40,yes
2026-10-05T05:11:59.733196Z,KXUSDJPY15M-26OCT050115-30,0.0100,1.00,no
2026-10-05T05:11:59.733196Z,KXUSDJPY15M-26OCT050115-30,0.0100,9.00,no
2026-10-05T05:11:59.733196Z,KXUSDJPY15M-26OCT050115-30,0.0100,1.00,no
2026-10-05T05:11:59.947936Z,KXUSDJPY15M-26OCT050115-30,0.0100,1.00,no
2026-10-05T05:11:59.947936Z,KXUSDJPY15M-26OCT050115-30,0.0100,71.00,no
2026-10-05T05:12:18.876975Z,KXUSDJPY15M-26OCT050115-30,0.0200,1.40,yes
2026-10-05T05:12:18.876975Z,KXUSDJPY15M-26OCT050115-30,0.0100,60.00,yes
2026-10-05T05:12:18.876975Z,KXUSDJPY15M-26OCT050115-30,0.0100,30.00,yes
2026-10-05T05:12:20.563812Z,KXUSDJPY15M-26OCT050115-30,0.0100,33.00,no
2026-10-05T05:12:43.980332Z,KXUSDJPY15M-26OCT050115-30,0.0100,1.09,yes
2026-10-05T05:14:00.930956Z,KXUSDJPY15M-26OCT050115-30,0.0100,1.00,yes
2026-10-05T05:11:27.6723Z,KXSILVER15M-26OCT050115-15,0.9870,100.00,yes
2026-10-05T05:11:27.682813Z,KXSILVER15M-26OCT050115-15,0.9870,14.00,yes
2026-10-05T05:11:27.682813Z,KXSILVER15M-26OCT050115-15,0.9870,1.00,yes
2026-10-05T05:11:32.985772Z,KXSILVER15M-26OCT050115-15,0.9810,48.26,no
2026-10-05T05:11:34.776839Z,KXSILVER15M-26OCT050115-15,0.9870,145.00,yes
2026-10-05T05:11:34.776839Z,KXSILVER15M-26OCT050115-15,0.9880,10.00,yes
2026-10-05T05:11:34.776839Z,KXSILVER15M-26OCT050115-15,0.9900,123.82,yes
2026-10-05T05:11:34.776839Z,KXSILVER15M-26OCT050115-15,0.9900,100.00,yes
2026-10-05T05:11:34.776839Z,KXSILVER15M-26OCT050115-15,0.9900,5.24,yes
2026-10-05T05:11:34.776839Z,KXSILVER15M-26OCT050115-15,0.9900,0.01,yes
2026-10-05T05:11:34.776839Z,KXSILVER15M-26OCT050115-15,0.9900,200.00,yes
2026-10-05T05:11:34.776839Z,KXSILVER15M-26OCT050115-15,0.9880,8.00,yes
2026-10-05T05:11:34.776839Z,KXSILVER15M-26OCT050115-15,0.9890,2.00,yes
2026-10-05T05:11:34.776839Z,KXSILVER15M-26OCT050115-15,0.9900,2.00,yes
2026-10-05T05:11:34.776839Z,KXSILVER15M-26OCT050115-15,0.9890,20.00,yes
2026-10-05T05:11:34.776839Z,KXSILVER15M-26OCT050115-15,0.9890,2.00,yes
2026-10-05T05:11:34.776839Z,KXSILVER15M-26OCT050115-15,0.9890,2.00,yes
2026-10-05T05:11:34.776839Z,KXSILVER15M-26OCT050115-15,0.9890,100.00,yes
2026-10-05T05:11:34.776839Z,KXSILVER15M-26OCT050115-15,0.9890,1.00,yes
2026-10-05T05:11:34.776839Z,KXSILVER15M-26OCT050115-15,0.9890,10.00,yes
2026-10-05T05:11:34.776839Z,KXSILVER15M-26OCT050115-15,0.9900,75.00,yes
2026-10-05T05:11:34.776839Z,KXSILVER15M-26OCT050115-15,0.9900,2.00,yes
2026-10-05T05:11:39.216391Z,KXSILVER15M-26OCT050115-15,0.9840,33.00,no
2026-10-05T05:11:39.892629Z,KXSILVER15M-26OCT050115-15,0.9850,12.00,no
2026-10-05T05:11:39.892629Z,KXSILVER15M-26OCT050115-15,0.9840,117.00,no
2026-10-05T05:11:39.892629Z,KXSILVER15M-26OCT050115-15,0.9810,64.31,no
2026-10-05T05:11:39.892629Z,KXSILVER15M-26OCT050115-15,0.9840,86.00,no
2026-10-05T05:11:40.250159Z,KXSILVER15M-26OCT050115-15,0.9880,5.00,yes
2026-10-05T05:11:44.355395Z,KXSILVER15M-26OCT050115-15,0.9840,6.40,no
2026-10-05T05:11:48.159814Z,KXSILVER15M-26OCT050115-15,0.9840,143.60,no
2026-10-05T05:11:48.159814Z,KXSILVER15M-26OCT050115-15,0.9840,31.81,no
2026-10-05T05:11:55.229799Z,KXSILVER15M-26OCT050115-15,0.9880,1.00,yes
2026-10-05T05:11:55.229799Z,KXSILVER15M-26OCT050115-15,0.9880,1.08,yes
2026-10-05T05:11:57.392346Z,KXSILVER15M-26OCT050115-15,0.9880,10.11,yes
2026-10-05T05:11:59.986794Z,KXSILVER15M-26OCT050115-15,0.9890,1.00,yes
2026-10-05T05:11:59.986794Z,KXSILVER15M-26OCT050115-15,0.9890,10.00,yes
2026-10-05T05:12:00.022804Z,KXSILVER15M-26OCT050115-15,0.9890,48.00,yes
2026-10-05T05:12:00.022804Z,KXSILVER15M-26OCT050115-15,0.9900,75.00,yes
2026-10-05T05:12:05.016092Z,KXSILVER15M-26OCT050115-15,0.9890,10.69,no
2026-10-05T05:12:05.016092Z,KXSILVER15M-26OCT050115-15,0.9880,73.05,no
2026-10-05T05:12:07.847457Z,KXSILVER15M-26OCT050115-15,0.9940,60.00,yes
2026-10-05T05:12:07.847457Z,KXSILVER15M-26OCT050115-15,0.9950,30.00,yes
2026-10-05T05:12:07.847457Z,KXSILVER15M-26OCT050115-15,0.9940,8.00,yes
2026-10-05T05:12:07.847457Z,KXSILVER15M-26OCT050115-15,0.9950,61.00,yes
2026-10-05T05:12:09.664056Z,KXSILVER15M-26OCT050115-15,0.9900,280.55,no
2026-10-05T05:12:09.865703Z,KXSILVER15M-26OCT050115-15,0.9960,150.00,yes
2026-10-05T05:12:09.865703Z,KXSILVER15M-26OCT050115-15,0.9970,1665.25,yes
2026-10-05T05:12:09.865703Z,KXSILVER15M-26OCT050115-15,0.9970,300.00,yes
2026-10-05T05:12:09.865703Z,KXSILVER15M-26OCT050115-15,0.9960,49.00,yes
2026-10-05T05:12:09.865703Z,KXSILVER15M-26OCT050115-15,0.9960,6.00,yes
2026-10-05T05:12:09.865703Z,KXSILVER15M-26OCT050115-15,0.9980,600.00,yes
2026-10-05T05:12:09.865703Z,KXSILVER15M-26OCT050115-15,0.9980,1850.51,yes
2026-10-05T05:12:09.865703Z,KXSILVER15M-26OCT050115-15,0.9970,250.00,yes
2026-10-05T05:12:09.967921Z,KXSILVER15M-26OCT050115-15,0.9950,851.68,no
2026-10-05T05:12:10.331261Z,KXSILVER15M-26OCT050115-15,0.9950,274.57,no
2026-10-05T05:12:14.280618Z,KXSILVER15M-26OCT050115-15,0.9950,186.97,no
2026-10-05T05:12:22.322105Z,KXSILVER15M-26OCT050115-15,0.9970,3.52,yes
2026-10-05T05:12:24.684955Z,KXSILVER15M-26OCT050115-15,0.9970,1.00,yes
2026-10-05T05:12:24.684955Z,KXSILVER15M-26OCT050115-15,0.9970,3.52,yes
2026-10-05T05:12:24.684955Z,KXSILVER15M-26OCT050115-15,0.9970,150.00,yes
2026-10-05T05:12:24.684955Z,KXSILVER15M-26OCT050115-15,0.9970,2.48,yes
2026-10-05T05:12:30.3605Z,KXSILVER15M-26OCT050115-15,0.9980,149.49,yes
2026-10-05T05:12:30.3605Z,KXSILVER15M-26OCT050115-15,0.9980,40.00,yes
2026-10-05T05:12:30.3605Z,KXSILVER15M-26OCT050115-15,0.9980,22.51,yes
2026-10-05T05:12:35.378734Z,KXSILVER15M-26OCT050115-15,0.9970,22.51,no
2026-10-05T05:12:35.378734Z,KXSILVER15M-26OCT050115-15,0.9960,215.02,no
2026-10-05T05:12:36.709127Z,KXSILVER15M-26OCT050115-15,0.9960,23.37,no
2026-10-05T05:12:37.052064Z,KXSILVER15M-26OCT050115-15,0.9960,10.11,no
2026-10-05T05:12:38.140536Z,KXSILVER15M-26OCT050115-15,0.9980,3.27,yes
2026-10-05T05:12:50.990151Z,KXSILVER15M-26OCT050115-15,0.9970,21.04,no
2026-10-05T05:12:50.990151Z,KXSILVER15M-26OCT050115-15,0.9970,75.00,no
2026-10-05T05:13:04.210226Z,KXSILVER15M-26OCT050115-15,0.9970,15.27,no
2026-10-05T05:13:11.536583Z,KXSILVER15M-26OCT050115-15,0.9980,1.00,yes
2026-10-05T05:13:11.836848Z,KXSILVER15M-26OCT050115-15,0.9980,50.00,yes
2026-10-05T05:13:12.106797Z,KXSILVER15M-26OCT050115-15,0.9980,50.00,yes
2026-10-05T05:13:17.186201Z,KXSILVER15M-26OCT050115-15,0.9980,80.00,yes
2026-10-05T05:13:18.875912Z,KXSILVER15M-26OCT050115-15,0.9970,146.05,no
2026-10-05T05:13:18.875912Z,KXSILVER15M-26OCT050115-15,0.9970,4.97,no
2026-10-05T05:13:18.875912Z,KXSILVER15M-26OCT050115-15,0.9970,3.27,no
2026-10-05T05:13:18.875912Z,KXSILVER15M-26OCT050115-15,0.9970,1.50,no
2026-10-05T05:13:21.197333Z,KXSILVER15M-26OCT050115-15,0.9970,0.10,no
2026-10-05T05:13:21.197333Z,KXSILVER15M-26OCT050115-15,0.9970,1.00,no
2026-10-05T05:13:21.197333Z,KXSILVER15M-26OCT050115-15,0.9970,14.25,no
2026-10-05T05:13:21.197333Z,KXSILVER15M-26OCT050115-15,0.9970,50.00,no
2026-10-05T05:13:21.197333Z,KXSILVER15M-26OCT050115-15,0.9970,240.00,no
2026-10-05T05:13:22.246221Z,KXSILVER15M-26OCT050115-15,0.9980,1.00,yes
2026-10-05T05:13:22.246221Z,KXSILVER15M-26OCT050115-15,0.9980,1.00,yes
2026-10-05T05:13:22.246221Z,KXSILVER15M-26OCT050115-15,0.9980,250.00,yes
2026-10-05T05:13:22.246221Z,KXSILVER15M-26OCT050115-15,0.9980,5.00,yes
2026-10-05T05:13:22.246221Z,KXSILVER15M-26OCT050115-15,0.9980,293.22,yes
2026-10-05T05:13:26.507251Z,KXSILVER15M-26OCT050115-15,0.9980,449.78,no
2026-10-05T05:13:26.507251Z,KXSILVER15M-26OCT050115-15,0.9980,293.22,no
2026-10-05T05:13:26.507251Z,KXSILVER15M-26OCT050115-15,0.9980,150.00,no
2026-10-05T05:13:26.507251Z,KXSILVER15M-26OCT050115-15,0.9980,114.00,no
2026-10-05T05:13:26.507251Z,KXSILVER15M-26OCT050115-15,0.9900,232.98,no
2026-10-05T05:13:26.507251Z,KXSILVER15M-26OCT050115-15,0.9960,300.00,no
2026-10-05T05:13:26.507251Z,KXSILVER15M-26OCT050115-15,0.9970,80.00,no
2026-10-05T05:13:26.507251Z,KXSILVER15M-26OCT050115-15,0.9980,25.00,no
2026-10-05T05:13:26.507251Z,KXSILVER15M-26OCT050115-15,0.9970,75.00,no
2026-10-05T05:13:26.507251Z,KXSILVER15M-26OCT050115-15,0.9910,150.00,no
2026-10-05T05:13:26.507251Z,KXSILVER15M-26OCT050115-15,0.9950,149.49,no
2026-10-05T05:13:26.507251Z,KXSILVER15M-26OCT050115-15,0.9950,40.00,no
2026-10-05T05:13:26.507251Z,KXSILVER15M-26OCT050115-15,0.9950,600.00,no
2026-10-05T05:13:26.507251Z,KXSILVER15M-26OCT050115-15,0.9900,100.00,no
2026-10-05T05:13:26.507251Z,KXSILVER15M-26OCT050115-15,0.9950,60.00,no
2026-10-05T05:13:26.507251Z,KXSILVER15M-26OCT050115-15,0.9900,25.00,no
2026-10-05T05:13:26.507251Z,KXSILVER15M-26OCT050115-15,0.9940,25.00,no
2026-10-05T05:13:26.507251Z,KXSILVER15M-26OCT050115-15,0.9920,25.00,no
2026-10-05T05:13:26.507251Z,KXSILVER15M-26OCT050115-15,0.9930,25.00,no
2026-10-05T05:13:26.507251Z,KXSILVER15M-26OCT050115-15,0.9910,25.00,no
2026-10-05T05:13:26.507251Z,KXSILVER15M-26OCT050115-15,0.9970,35.75,no
2026-10-05T05:13:26.507251Z,KXSILVER15M-26OCT050115-15,0.9950,25.00,no
2026-10-05T05:13:26.507251Z,KXSILVER15M-26OCT050115-15,0.9950,25.00,no
2026-10-05T05:13:26.507251Z,KXSILVER15M-26OCT050115-15,0.9950,25.00,no
2026-10-05T05:13:26.507251Z,KXSILVER15M-26OCT050115-15,0.9950,25.00,no
2026-10-05T05:13:26.507251Z,KXSILVER15M-26OCT050115-15,0.9950,25.00,no
2026-10-05T05:13:26.507251Z,KXSILVER15M-26OCT050115-15,0.9940,30.00,no
2026-10-05T05:13:26.507251Z,KXSILVER15M-26OCT050115-15,0.9950,537.29,no
2026-10-05T05:13:35.635729Z,KXSILVER15M-26OCT050115-15,0.9980,1.00,yes
2026-10-05T05:13:35.645936Z,KXSILVER15M-26OCT050115-15,0.9980,15.00,yes
2026-10-05T05:13:39.419473Z,KXSILVER15M-26OCT050115-15,0.9970,30.00,no
2026-10-05T05:13:39.419473Z,KXSILVER15M-26OCT050115-15,0.9970,60.00,no
2026-10-05T05:13:39.419473Z,KXSILVER15M-26OCT050115-15,0.9970,146.00,no
2026-10-05T05:13:39.419473Z,KXSILVER15M-26OCT050115-15,0.9970,69.35,no
2026-10-05T05:13:39.827629Z,KXSILVER15M-26OCT050115-15,0.9970,30.53,no
2026-10-05T05:13:42.102557Z,KXSILVER15M-26OCT050115-15,0.9980,1.00,yes
2026-10-05T05:13:42.334466Z,KXSILVER15M-26OCT050115-15,0.9980,4.00,yes
2026-10-05T05:13:42.849785Z,KXSILVER15M-26OCT050115-15,0.9980,69.32,yes
2026-10-05T05:13:57.929165Z,KXSILVER15M-26OCT050115-15,0.9980,200.37,yes
2026-10-05T05:14:00.711867Z,KXSILVER15M-26OCT050115-15,0.9970,15.73,no
2026-10-05T05:14:00.784625Z,KXSILVER15M-26OCT050115-15,0.9980,227.00,yes
2026-10-05T05:14:03.123126Z,KXSILVER15M-26OCT050115-15,0.9980,5.00,yes
2026-10-05T05:14:03.123126Z,KXSILVER15M-26OCT050115-15,0.9980,113.06,yes
2026-10-05T05:14:03.123126Z,KXSILVER15M-26OCT050115-15,0.9980,82.31,yes
2026-10-05T05:14:10.456248Z,KXSILVER15M-26OCT050115-15,0.9980,280.55,yes
2026-10-05T05:14:15.462993Z,KXSILVER15M-26OCT050115-15,0.9990,215.00,yes
2026-10-05T05:14:15.489605Z,KXSILVER15M-26OCT050115-15,0.9980,1.57,no
2026-10-05T05:14:16.302591Z,KXSILVER15M-26OCT050115-15,0.9990,35.00,yes
2026-10-05T05:14:25.677413Z,KXSILVER15M-26OCT050115-15,0.9980,1.82,no
2026-10-05T05:14:32.362134Z,KXSILVER15M-26OCT050115-15,0.9990,91.33,yes
2026-10-05T05:14:32.83556Z,KXSILVER15M-26OCT050115-15,0.9990,60.00,yes
2026-10-05T05:14:35.102317Z,KXSILVER15M-26OCT050115-15,0.9990,25.00,yes
2026-10-05T05:14:38.452498Z,KXSILVER15M-26OCT050115-15,0.9990,1.00,yes
2026-10-05T05:14:38.452498Z,KXSILVER15M-26OCT050115-15,0.9990,73.67,yes
2026-10-05T05:14:38.452498Z,KXSILVER15M-26OCT050115-15,0.9990,10.00,yes
2026-10-05T05:14:38.452498Z,KXSILVER15M-26OCT050115-15,0.9990,350.00,yes
2026-10-05T05:12:00.646802Z,KXGOLD15M-26OCT050115-15,0.9870,143.90,no
2026-10-05T05:12:01.113108Z,KXGOLD15M-26OCT050115-15,0.9870,0.98,no
2026-10-05T05:12:02.241185Z,KXGOLD15M-26OCT050115-15,0.9880,48.26,yes
2026-10-05T05:12:03.593749Z,KXGOLD15M-26OCT050115-15,0.9880,2000.00,yes
2026-10-05T05:12:03.666761Z,KXGOLD15M-26OCT050115-15,0.9880,200.00,yes
2026-10-05T05:12:03.853368Z,KXGOLD15M-26OCT050115-15,0.9870,813.08,no
2026-10-05T05:12:04.238862Z,KXGOLD15M-26OCT050115-15,0.9870,71.95,no
2026-10-05T05:12:04.463856Z,KXGOLD15M-26OCT050115-15,0.9870,352.56,no
2026-10-05T05:12:05.692842Z,KXGOLD15M-26OCT050115-15,0.9880,1.00,yes
2026-10-05T05:12:06.280273Z,KXGOLD15M-26OCT050115-15,0.9880,40.12,yes
2026-10-05T05:12:07.050732Z,KXGOLD15M-26OCT050115-15,0.9880,4.04,yes
2026-10-05T05:12:07.170103Z,KXGOLD15M-26OCT050115-15,0.9870,7.19,no
2026-10-05T05:12:08.156063Z,KXGOLD15M-26OCT050115-15,0.9880,10.11,yes
2026-10-05T05:12:09.144915Z,KXGOLD15M-26OCT050115-15,0.9880,60.00,yes
2026-10-05T05:12:10.121697Z,KXGOLD15M-26OCT050115-15,0.9880,2097.84,yes
2026-10-05T05:12:10.294735Z,KXGOLD15M-26OCT050115-15,0.9880,166.84,yes
2026-10-05T05:12:10.899254Z,KXGOLD15M-26OCT050115-15,0.9870,76.05,no
2026-10-05T05:12:13.37792Z,KXGOLD15M-26OCT050115-15,0.9880,115.94,yes
2026-10-05T05:12:13.534507Z,KXGOLD15M-26OCT050115-15,0.9880,22.84,yes
2026-10-05T05:12:15.539803Z,KXGOLD15M-26OCT050115-15,0.9880,5.96,yes
2026-10-05T05:12:16.697125Z,KXGOLD15M-26OCT050115-15,0.9880,500.00,yes
2026-10-05T05:12:16.760384Z,KXGOLD15M-26OCT050115-15,0.9880,1.00,yes
2026-10-05T05:12:16.764511Z,KXGOLD15M-26OCT050115-15,0.9880,37.20,yes
2026-10-05T05:12:16.846008Z,KXGOLD15M-26OCT050115-15,0.9880,2.00,yes
2026-10-05T05:12:17.167894Z,KXGOLD15M-26OCT050115-15,0.9880,4.65,yes
2026-10-05T05:12:17.450395Z,KXGOLD15M-26OCT050115-15,0.9880,4.04,yes
2026-10-05T05:12:17.487865Z,KXGOLD15M-26OCT050115-15,0.9880,10.69,yes
2026-10-05T05:12:18.334558Z,KXGOLD15M-26OCT050115-15,0.9880,8.06,yes
2026-10-05T05:12:18.470084Z,KXGOLD15M-26OCT050115-15,0.9880,64.65,yes
2026-10-05T05:12:19.056262Z,KXGOLD15M-26OCT050115-15,0.9870,251.83,no
2026-10-05T05:12:19.216876Z,KXGOLD15M-26OCT050115-15,0.9880,500.00,yes
2026-10-05T05:12:19.61957Z,KXGOLD15M-26OCT050115-15,0.9870,1.79,no
2026-10-05T05:12:19.885698Z,KXGOLD15M-26OCT050115-15,0.9880,24.38,yes
2026-10-05T05:12:21.150759Z,KXGOLD15M-26OCT050115-15,0.9880,16.43,yes
2026-10-05T05:12:21.815898Z,KXGOLD15M-26OCT050115-15,0.9880,17.45,yes
2026-10-05T05:12:21.930119Z,KXGOLD15M-26OCT050115-15,0.9880,1076.22,yes
2026-10-05T05:12:21.95138Z,KXGOLD15M-26OCT050115-15,0.9880,196.10,yes
2026-10-05T05:12:21.988961Z,KXGOLD15M-26OCT050115-15,0.9880,43.30,yes
2026-10-05T05:12:22.814053Z,KXGOLD15M-26OCT050115-15,0.9870,71.02,no
2026-10-05T05:12:22.883443Z,KXGOLD15M-26OCT050115-15,0.9870,609.44,no
2026-10-05T05:12:22.883443Z,KXGOLD15M-26OCT050115-15,0.9870,291.00,no
2026-10-05T05:12:22.883443Z,KXGOLD15M-26OCT050115-15,0.9870,300.00,no
2026-10-05T05:12:22.883443Z,KXGOLD15M-26OCT050115-15,0.9870,440.00,no
2026-10-05T05:12:22.883443Z,KXGOLD15M-26OCT050115-15,0.9870,41.00,no
2026-10-05T05:12:22.883443Z,KXGOLD15M-26OCT050115-15,0.9870,300.00,no
2026-10-05T05:12:22.883443Z,KXGOLD15M-26OCT050115-15,0.9870,18.56,no
2026-10-05T05:12:23.034111Z,KXGOLD15M-26OCT050115-15,0.9880,2.08,yes
2026-10-05T05:12:23.974849Z,KXGOLD15M-26OCT050115-15,0.9880,2000.00,yes
2026-10-05T05:12:23.983822Z,KXGOLD15M-26OCT050115-15,0.9880,350.00,yes
2026-10-05T05:12:24.022446Z,KXGOLD15M-26OCT050115-15,0.9880,33.91,yes
2026-10-05T05:12:24.790739Z,KXGOLD15M-26OCT050115-15,0.9880,5.05,yes
2026-10-05T05:12:25.109847Z,KXGOLD15M-26OCT050115-15,0.9880,197.30,yes
2026-10-05T05:12:25.250423Z,KXGOLD15M-26OCT050115-15,0.9880,81.84,yes
2026-10-05T05:12:25.617394Z,KXGOLD15M-26OCT050115-15,0.9880,30.58,yes
2026-10-05T05:12:25.69624Z,KXGOLD15M-26OCT050115-15,0.9870,7.19,no
2026-10-05T05:12:25.81405Z,KXGOLD15M-26OCT050115-15,0.9880,236.49,yes
2026-10-05T05:12:25.95881Z,KXGOLD15M-26OCT050115-15,0.9880,93.12,yes
2026-10-05T05:12:26.001225Z,KXGOLD15M-26OCT050115-15,0.9880,38.39,yes
2026-10-05T05:12:26.936716Z,KXGOLD15M-26OCT050115-15,0.9880,118.32,yes
2026-10-05T05:12:27.053969Z,KXGOLD15M-26OCT050115-15,0.9880,66.94,yes
2026-10-05T05:12:28.011941Z,KXGOLD15M-26OCT050115-15,0.9870,13.67,no
2026-10-05T05:12:28.025805Z,KXGOLD15M-26OCT050115-15,0.9870,1979.14,no
2026-10-05T05:12:28.025805Z,KXGOLD15M-26OCT050115-15,0.9870,20.86,no
2026-10-05T05:12:28.15588Z,KXGOLD15M-26OCT050115-15,0.9880,38.88,yes
2026-10-05T05:12:28.193159Z,KXGOLD15M-26OCT050115-15,0.9880,495.53,yes
2026-10-05T05:12:28.21468Z,KXGOLD15M-26OCT050115-15,0.9880,258.56,yes
2026-10-05T05:12:28.259837Z,KXGOLD15M-26OCT050115-15,0.9880,141.53,yes
2026-10-05T05:12:28.35203Z,KXGOLD15M-26OCT050115-15,0.9880,82.72,yes
2026-10-05T05:12:28.400418Z,KXGOLD15M-26OCT050115-15,0.9880,50.22,yes
2026-10-05T05:12:28.426931Z,KXGOLD15M-26OCT050115-15,0.9880,31.19,yes
2026-10-05T05:12:29.4958Z,KXGOLD15M-26OCT050115-15,0.9880,2000.00,yes
2026-10-05T05:12:29.546596Z,KXGOLD15M-26OCT050115-15,0.9880,157.99,yes
2026-10-05T05:12:30.702506Z,KXGOLD15M-26OCT050115-15,0.9880,720.00,yes
2026-10-05T05:12:30.702506Z,KXGOLD15M-26OCT050115-15,0.9890,350.00,yes
2026-10-05T05:12:30.702506Z,KXGOLD15M-26OCT050115-15,0.9890,600.00,yes
2026-10-05T05:12:30.702506Z,KXGOLD15M-26OCT050115-15,0.9890,317.00,yes
2026-10-05T05:12:30.702506Z,KXGOLD15M-26OCT050115-15,0.9890,13.00,yes
2026-10-05T05:12:31.056654Z,KXGOLD15M-26OCT050115-15,0.9880,2000.00,no
2026-10-05T05:12:31.066036Z,KXGOLD15M-26OCT050115-15,0.9880,300.00,no
2026-10-05T05:12:31.066036Z,KXGOLD15M-26OCT050115-15,0.9880,37.00,no
2026-10-05T05:12:31.066036Z,KXGOLD15M-26OCT050115-15,0.9880,42.00,no
2026-10-05T05:12:31.126765Z,KXGOLD15M-26OCT050115-15,0.9890,2.13,yes
2026-10-05T05:12:31.330498Z,KXGOLD15M-26OCT050115-15,0.9880,1621.00,no
2026-10-05T05:12:31.855735Z,KXGOLD15M-26OCT050115-15,0.9880,229.15,no
2026-10-05T05:12:32.093449Z,KXGOLD15M-26OCT050115-15,0.9890,25.14,yes
2026-10-05T05:12:33.512373Z,KXGOLD15M-26OCT050115-15,0.9890,23.73,yes
2026-10-05T05:12:33.512373Z,KXGOLD15M-26OCT050115-15,0.9890,97.93,yes
2026-10-05T05:12:33.795961Z,KXGOLD15M-26OCT050115-15,0.9890,2.22,yes
2026-10-05T05:12:33.936984Z,KXGOLD15M-26OCT050115-15,0.9880,77.94,no
2026-10-05T05:12:35.712785Z,KXGOLD15M-26OCT050115-15,0.9890,17.45,yes
2026-10-05T05:12:35.712841Z,KXGOLD15M-26OCT050115-15,0.9890,31.19,yes
2026-10-05T05:12:35.712908Z,KXGOLD15M-26OCT050115-15,0.9890,37.20,yes
2026-10-05T05:12:35.712927Z,KXGOLD15M-26OCT050115-15,0.9890,22.84,yes
2026-10-05T05:12:35.712946Z,KXGOLD15M-26OCT050115-15,0.9890,30.58,yes
2026-10-05T05:12:35.712956Z,KXGOLD15M-26OCT050115-15,0.9890,66.94,yes
2026-10-05T05:12:35.712959Z,KXGOLD15M-26OCT050115-15,0.9890,61.65,yes
2026-10-05T05:12:35.712959Z,KXGOLD15M-26OCT050115-15,0.9890,20.00,yes
2026-10-05T05:12:35.712959Z,KXGOLD15M-26OCT050115-15,0.9890,59.88,yes
2026-10-05T05:12:35.712972Z,KXGOLD15M-26OCT050115-15,0.9890,18.13,yes
2026-10-05T05:12:35.712972Z,KXGOLD15M-26OCT050115-15,0.9890,23.25,yes
2026-10-05T05:12:35.712972Z,KXGOLD15M-26OCT050115-15,0.9890,1.00,yes
2026-10-05T05:12:35.712972Z,KXGOLD15M-26OCT050115-15,0.9890,16.87,yes
2026-10-05T05:12:35.712972Z,KXGOLD15M-26OCT050115-15,0.9890,10.00,yes
2026-10-05T05:12:35.712972Z,KXGOLD15M-26OCT050115-15,0.9890,2.00,yes
2026-10-05T05:12:35.712972Z,KXGOLD15M-26OCT050115-15,0.9890,2.00,yes
2026-10-05T05:12:35.712988Z,KXGOLD15M-26OCT050115-15,0.9890,20.10,yes
2026-10-05T05:12:35.713008Z,KXGOLD15M-26OCT050115-15,0.9890,10.85,yes
2026-10-05T05:12:35.713043Z,KXGOLD15M-26OCT050115-15,0.9890,13.56,yes
2026-10-05T05:12:35.713066Z,KXGOLD15M-26OCT050115-15,0.9890,12.45,yes
2026-10-05T05:12:35.713066Z,KXGOLD15M-26OCT050115-15,0.9890,33.91,yes
2026-10-05T05:12:36.366434Z,KXGOLD15M-26OCT050115-15,0.9890,0.55,no
2026-10-05T05:12:36.366434Z,KXGOLD15M-26OCT050115-15,0.9890,41.26,no
2026-10-05T05:12:37.497838Z,KXGOLD15M-26OCT050115-15,0.9900,10.25,yes
2026-10-05T05:12:37.913789Z,KXGOLD15M-26OCT050115-15,0.9900,0.48,yes
2026-10-05T05:12:37.978007Z,KXGOLD15M-26OCT050115-15,0.9900,1.27,yes
2026-10-05T05:12:37.978007Z,KXGOLD15M-26OCT050115-15,0.9900,750.00,yes
2026-10-05T05:12:37.978007Z,KXGOLD15M-26OCT050115-15,0.9900,373.12,yes
2026-10-05T05:12:37.978007Z,KXGOLD15M-26OCT050115-15,0.9900,25.00,yes
2026-10-05T05:12:37.978007Z,KXGOLD15M-26OCT050115-15,0.9900,8.48,yes
2026-10-05T05:12:37.978007Z,KXGOLD15M-26OCT050115-15,0.9900,841.13,yes
2026-10-05T05:12:37.978007Z,KXGOLD15M-26OCT050115-15,0.9900,1.00,yes
2026-10-05T05:12:38.035064Z,KXGOLD15M-26OCT050115-15,0.9890,5.15,no
2026-10-05T05:12:38.759039Z,KXGOLD15M-26OCT050115-15,0.9890,19.67,no
2026-10-05T05:12:38.759039Z,KXGOLD15M-26OCT050115-15,0.9890,16.43,no
2026-10-05T05:12:38.759039Z,KXGOLD15M-26OCT050115-15,0.9890,53.59,no
2026-10-05T05:12:38.759039Z,KXGOLD15M-26OCT050115-15,0.9890,19.13,no
2026-10-05T05:12:38.759039Z,KXGOLD15M-26OCT050115-15,0.9890,17.70,no
2026-10-05T05:12:38.759039Z,KXGOLD15M-26OCT050115-15,0.9890,40.12,no
2026-10-05T05:12:38.828699Z,KXGOLD15M-26OCT050115-15,0.9890,85.02,no
2026-10-05T05:12:39.294732Z,KXGOLD15M-26OCT050115-15,0.9890,7.09,no
2026-10-05T05:12:39.688259Z,KXGOLD15M-26OCT050115-15,0.9890,1.10,no
2026-10-05T05:12:39.998068Z,KXGOLD15M-26OCT050115-15,0.9900,155.94,yes
2026-10-05T05:12:39.998068Z,KXGOLD15M-26OCT050115-15,0.9900,37.91,yes
2026-10-05T05:12:39.998068Z,KXGOLD15M-26OCT050115-15,0.9900,200.00,yes
2026-10-05T05:12:39.998068Z,KXGOLD15M-26OCT050115-15,0.9900,913.67,yes
2026-10-05T05:12:39.998068Z,KXGOLD15M-26OCT050115-15,0.9900,7.17,yes
2026-10-05T05:12:39.998068Z,KXGOLD15M-26OCT050115-15,0.9900,170.31,yes
2026-10-05T05:12:39.998068Z,KXGOLD15M-26OCT050115-15,0.9900,1.74,yes
2026-10-05T05:12:39.998068Z,KXGOLD15M-26OCT050115-15,0.9900,39.71,yes
2026-10-05T05:12:39.998068Z,KXGOLD15M-26OCT050115-15,0.9900,0.45,yes
2026-10-05T05:12:39.998068Z,KXGOLD15M-26OCT050115-15,0.9900,1.67,yes
2026-10-05T05:12:39.998068Z,KXGOLD15M-26OCT050115-15,0.9900,410.93,yes
2026-10-05T05:12:39.998068Z,KXGOLD15M-26OCT050115-15,0.9900,24.71,yes
2026-10-05T05:12:39.998068Z,KXGOLD15M-26OCT050115-15,0.9900,16.21,yes
2026-10-05T05:12:39.998068Z,KXGOLD15M-26OCT050115-15,0.9900,17.58,yes
2026-10-05T05:12:39.998068Z,KXGOLD15M-26OCT050115-15,0.9900,2.00,yes
2026-10-05T05:12:40.736121Z,KXGOLD15M-26OCT050115-15,0.9890,3.06,no
2026-10-05T05:12:40.736121Z,KXGOLD15M-26OCT050115-15,0.9890,163.58,no
2026-10-05T05:12:41.185442Z,KXGOLD15M-26OCT050115-15,0.9890,52.95,no
2026-10-05T05:12:41.185442Z,KXGOLD15M-26OCT050115-15,0.9890,38.39,no
2026-10-05T05:12:41.185442Z,KXGOLD15M-26OCT050115-15,0.9890,38.88,no
2026-10-05T05:12:41.185442Z,KXGOLD15M-26OCT050115-15,0.9890,36.42,no
2026-10-05T05:12:43.112068Z,KXGOLD15M-26OCT050115-15,0.9900,216.01,yes
2026-10-05T05:12:45.6181Z,KXGOLD15M-26OCT050115-15,0.9900,1.01,yes
2026-10-05T05:12:45.931669Z,KXGOLD15M-26OCT050115-15,0.9890,56.13,no
2026-10-05T05:12:45.931669Z,KXGOLD15M-26OCT050115-15,0.9890,28.89,no
2026-10-05T05:12:46.313753Z,KXGOLD15M-26OCT050115-15,0.9900,71.95,yes
2026-10-05T05:12:46.546561Z,KXGOLD15M-26OCT050115-15,0.9900,37.50,yes
2026-10-05T05:12:46.79225Z,KXGOLD15M-26OCT050115-15,0.9890,0.27,no
2026-10-05T05:12:48.955675Z,KXGOLD15M-26OCT050115-15,0.9900,54.71,yes
2026-10-05T05:12:49.497485Z,KXGOLD15M-26OCT050115-15,0.9890,8.50,no
2026-10-05T05:12:50.149118Z,KXGOLD15M-26OCT050115-15,0.9900,6.21,yes
2026-10-05T05:12:51.228886Z,KXGOLD15M-26OCT050115-15,0.9900,5.04,yes
2026-10-05T05:12:51.406021Z,KXGOLD15M-26OCT050115-15,0.9890,28.84,no
2026-10-05T05:12:51.406021Z,KXGOLD15M-26OCT050115-15,0.9890,90.31,no
2026-10-05T05:12:52.031685Z,KXGOLD15M-26OCT050115-15,0.9890,107.03,no
2026-10-05T05:12:52.031685Z,KXGOLD15M-26OCT050115-15,0.9890,60.00,no
2026-10-05T05:12:52.031685Z,KXGOLD15M-26OCT050115-15,0.9890,65.00,no
2026-10-05T05:12:52.031685Z,KXGOLD15M-26OCT050115-15,0.9890,66.15,no
2026-10-05T05:12:52.031685Z,KXGOLD15M-26OCT050115-15,0.9890,258.56,no
2026-10-05T05:12:52.031685Z,KXGOLD15M-26OCT050115-15,0.9890,105.79,no
2026-10-05T05:12:52.031685Z,KXGOLD15M-26OCT050115-15,0.9890,43.30,no
2026-10-05T05:12:52.031685Z,KXGOLD15M-26OCT050115-15,0.9890,24.38,no
2026-10-05T05:12:52.031685Z,KXGOLD15M-26OCT050115-15,0.9890,93.12,no
2026-10-05T05:12:52.031685Z,KXGOLD15M-26OCT050115-15,0.9890,9.89,no
2026-10-05T05:12:53.013721Z,KXGOLD15M-26OCT050115-15,0.9900,5.04,yes
2026-10-05T05:12:53.030068Z,KXGOLD15M-26OCT050115-15,0.9890,85.02,no
2026-10-05T05:12:54.009134Z,KXGOLD15M-26OCT050115-15,0.9900,9.00,yes
2026-10-05T05:12:54.246903Z,KXGOLD15M-26OCT050115-15,0.9900,43.09,yes
2026-10-05T05:12:54.246903Z,KXGOLD15M-26OCT050115-15,0.9900,4.31,yes
2026-10-05T05:12:54.246903Z,KXGOLD15M-26OCT050115-15,0.9900,24.55,yes
2026-10-05T05:12:54.495497Z,KXGOLD15M-26OCT050115-15,0.9890,20.02,no
2026-10-05T05:12:54.495497Z,KXGOLD15M-26OCT050115-15,0.9890,405.09,no
2026-10-05T05:12:54.725379Z,KXGOLD15M-26OCT050115-15,0.9890,1441.77,no
2026-10-05T05:12:54.725379Z,KXGOLD15M-26OCT050115-15,0.9890,62.70,no
2026-10-05T05:12:54.725379Z,KXGOLD15M-26OCT050115-15,0.9890,495.53,no
2026-10-05T05:12:54.726709Z,KXGOLD15M-26OCT050115-15,0.9890,60.00,no
2026-10-05T05:12:54.726709Z,KXGOLD15M-26OCT050115-15,0.9890,558.23,no
2026-10-05T05:12:54.726709Z,KXGOLD15M-26OCT050115-15,0.9890,48.26,no
2026-10-05T05:12:54.726709Z,KXGOLD15M-26OCT050115-15,0.9890,50.00,no
2026-10-05T05:12:54.726709Z,KXGOLD15M-26OCT050115-15,0.9890,157.99,no
2026-10-05T05:12:54.726709Z,KXGOLD15M-26OCT050115-15,0.9890,64.65,no
2026-10-05T05:12:54.726709Z,KXGOLD15M-26OCT050115-15,0.9890,118.32,no
2026-10-05T05:12:54.726709Z,KXGOLD15M-26OCT050115-15,0.9890,942.55,no
2026-10-05T05:12:54.771593Z,KXGOLD15M-26OCT050115-15,0.9900,356.91,yes
2026-10-05T05:12:54.771593Z,KXGOLD15M-26OCT050115-15,0.9900,4.60,yes
2026-10-05T05:12:54.771593Z,KXGOLD15M-26OCT050115-15,0.9900,5.57,yes
2026-10-05T05:12:54.771593Z,KXGOLD15M-26OCT050115-15,0.9900,71.91,yes
2026-10-05T05:12:54.771593Z,KXGOLD15M-26OCT050115-15,0.9900,16.71,yes
2026-10-05T05:12:54.771593Z,KXGOLD15M-26OCT050115-15,0.9900,1.00,yes
2026-10-05T05:12:54.771593Z,KXGOLD15M-26OCT050115-15,0.9900,25.00,yes
2026-10-05T05:12:55.475141Z,KXGOLD15M-26OCT050115-15,0.9920,2.55,no
2026-10-05T05:12:55.593214Z,KXGOLD15M-26OCT050115-15,0.9930,5.03,yes
2026-10-05T05:12:56.541772Z,KXGOLD15M-26OCT050115-15,0.9930,39.00,yes
2026-10-05T05:12:56.618933Z,KXGOLD15M-26OCT050115-15,0.9930,16.61,yes
2026-10-05T05:12:56.676855Z,KXGOLD15M-26OCT050115-15,0.9930,439.36,yes
2026-10-05T05:12:56.686074Z,KXGOLD15M-26OCT050115-15,0.9940,100.00,yes
2026-10-05T05:12:56.686074Z,KXGOLD15M-26OCT050115-15,0.9940,500.00,yes
2026-10-05T05:12:56.822334Z,KXGOLD15M-26OCT050115-15,0.9940,1338.31,no
2026-10-05T05:12:57.222602Z,KXGOLD15M-26OCT050115-15,0.9930,28.00,no
2026-10-05T05:12:57.222602Z,KXGOLD15M-26OCT050115-15,0.9920,300.00,no
2026-10-05T05:12:57.222602Z,KXGOLD15M-26OCT050115-15,0.9910,300.00,no
2026-10-05T05:12:57.222602Z,KXGOLD15M-26OCT050115-15,0.9900,101.00,no
2026-10-05T05:12:57.222602Z,KXGOLD15M-26OCT050115-15,0.9900,25.00,no
2026-10-05T05:12:57.222602Z,KXGOLD15M-26OCT050115-15,0.9940,661.69,no
2026-10-05T05:12:57.222602Z,KXGOLD15M-26OCT050115-15,0.9930,500.00,no
2026-10-05T05:12:57.222602Z,KXGOLD15M-26OCT050115-15,0.9930,60.00,no
2026-10-05T05:12:57.222602Z,KXGOLD15M-26OCT050115-15,0.9920,5.03,no
2026-10-05T05:12:57.222602Z,KXGOLD15M-26OCT050115-15,0.9920,16.61,no
2026-10-05T05:12:57.222602Z,KXGOLD15M-26OCT050115-15,0.9920,39.00,no
2026-10-05T05:12:57.222602Z,KXGOLD15M-26OCT050115-15,0.9920,60.00,no
2026-10-05T05:12:57.222602Z,KXGOLD15M-26OCT050115-15,0.9920,439.36,no
2026-10-05T05:12:57.222602Z,KXGOLD15M-26OCT050115-15,0.9900,371.11,no
2026-10-05T05:12:57.222602Z,KXGOLD15M-26OCT050115-15,0.9940,30.00,no
2026-10-05T05:12:57.552932Z,KXGOLD15M-26OCT050115-15,0.9940,1.98,no
2026-10-05T05:12:57.961403Z,KXGOLD15M-26OCT050115-15,0.9950,5.02,yes
2026-10-05T05:12:57.981228Z,KXGOLD15M-26OCT050115-15,0.9950,478.94,yes
2026-10-05T05:12:58.071029Z,KXGOLD15M-26OCT050115-15,0.9950,234.59,yes
2026-10-05T05:12:58.518616Z,KXGOLD15M-26OCT050115-15,0.9950,13.60,yes
2026-10-05T05:12:58.712617Z,KXGOLD15M-26OCT050115-15,0.9950,71.15,yes
2026-10-05T05:12:58.712617Z,KXGOLD15M-26OCT050115-15,0.9950,11.00,yes
2026-10-05T05:12:58.712617Z,KXGOLD15M-26OCT050115-15,0.9950,17.85,yes
2026-10-05T05:12:59.542209Z,KXGOLD15M-26OCT050115-15,0.9940,4.65,no
2026-10-05T05:12:59.738336Z,KXGOLD15M-26OCT050115-15,0.9950,500.00,yes
2026-10-05T05:12:59.738464Z,KXGOLD15M-26OCT050115-15,0.9950,236.49,yes
2026-10-05T05:12:59.73849Z,KXGOLD15M-26OCT050115-15,0.9950,219.00,yes
2026-10-05T05:12:59.738516Z,KXGOLD15M-26OCT050115-15,0.9950,133.67,yes
2026-10-05T05:12:59.738527Z,KXGOLD15M-26OCT050115-15,0.9950,62.22,yes
2026-10-05T05:12:59.738722Z,KXGOLD15M-26OCT050115-15,0.9950,430.81,yes
2026-10-05T05:12:59.738778Z,KXGOLD15M-26OCT050115-15,0.9950,346.66,yes
2026-10-05T05:12:59.955323Z,KXGOLD15M-26OCT050115-15,0.9950,29.53,no
2026-10-05T05:12:59.966692Z,KXGOLD15M-26OCT050115-15,0.9950,363.63,no
2026-10-05T05:13:00.248964Z,KXGOLD15M-26OCT050115-15,0.9960,1.00,yes
2026-10-05T05:13:00.248964Z,KXGOLD15M-26OCT050115-15,0.9960,1.00,yes
2026-10-05T05:13:00.248964Z,KXGOLD15M-26OCT050115-15,0.9960,1.00,yes
2026-10-05T05:13:00.248964Z,KXGOLD15M-26OCT050115-15,0.9960,1.00,yes
2026-10-05T05:13:00.248964Z,KXGOLD15M-26OCT050115-15,0.9960,13.00,yes
2026-10-05T05:13:00.248964Z,KXGOLD15M-26OCT050115-15,0.9960,1.00,yes
2026-10-05T05:13:00.248964Z,KXGOLD15M-26OCT050115-15,0.9960,15.00,yes
2026-10-05T05:13:00.248964Z,KXGOLD15M-26OCT050115-15,0.9960,4.75,yes
2026-10-05T05:13:00.248964Z,KXGOLD15M-26OCT050115-15,0.9960,1000.00,yes
2026-10-05T05:13:00.27242Z,KXGOLD15M-26OCT050115-15,0.9960,1260.24,no
2026-10-05T05:13:02.067075Z,KXGOLD15M-26OCT050115-15,0.9960,23.37,no
2026-10-05T05:13:03.003591Z,KXGOLD15M-26OCT050115-15,0.9970,10.25,yes
2026-10-05T05:13:03.732239Z,KXGOLD15M-26OCT050115-15,0.9960,17.45,no
2026-10-05T05:13:04.977046Z,KXGOLD15M-26OCT050115-15,0.9970,166.84,yes
2026-10-05T05:13:04.977228Z,KXGOLD15M-26OCT050115-15,0.9970,1072.91,yes
2026-10-05T05:13:04.977228Z,KXGOLD15M-26OCT050115-15,0.9970,927.09,yes
2026-10-05T05:13:04.977378Z,KXGOLD15M-26OCT050115-15,0.9970,302.99,yes
2026-10-05T05:13:04.977435Z,KXGOLD15M-26OCT050115-15,0.9970,720.00,yes
2026-10-05T05:13:04.97749Z,KXGOLD15M-26OCT050115-15,0.9970,2.00,yes
2026-10-05T05:13:04.97749Z,KXGOLD15M-26OCT050115-15,0.9970,2.00,yes
2026-10-05T05:13:04.97749Z,KXGOLD15M-26OCT050115-15,0.9970,2.00,yes
2026-10-05T05:13:04.97749Z,KXGOLD15M-26OCT050115-15,0.9970,2.00,yes
2026-10-05T05:13:04.97749Z,KXGOLD15M-26OCT050115-15,0.9970,2.00,yes
2026-10-05T05:13:04.97749Z,KXGOLD15M-26OCT050115-15,0.9970,18.00,yes
2026-10-05T05:13:04.97749Z,KXGOLD15M-26OCT050115-15,0.9970,250.00,yes
2026-10-05T05:13:04.97749Z,KXGOLD15M-26OCT050115-15,0.9970,81.00,yes
2026-10-05T05:13:04.97749Z,KXGOLD15M-26OCT050115-15,0.9970,2000.00,yes
2026-10-05T05:13:04.97749Z,KXGOLD15M-26OCT050115-15,0.9970,10.00,yes
2026-10-05T05:13:04.97749Z,KXGOLD15M-26OCT050115-15,0.9970,250.00,yes
2026-10-05T05:13:04.97749Z,KXGOLD15M-26OCT050115-15,0.9970,49.92,yes
2026-10-05T05:13:05.116669Z,KXGOLD15M-26OCT050115-15,0.9970,467.42,no
2026-10-05T05:13:05.237652Z,KXGOLD15M-26OCT050115-15,0.9970,148.93,no
2026-10-05T05:13:05.431586Z,KXGOLD15M-26OCT050115-15,0.9970,233.72,no
2026-10-05T05:13:05.45388Z,KXGOLD15M-26OCT050115-15,0.9970,50.33,no
2026-10-05T05:13:06.112226Z,KXGOLD15M-26OCT050115-15,0.9980,47.52,yes
2026-10-05T05:13:06.13371Z,KXGOLD15M-26OCT050115-15,0.9980,16.00,yes
2026-10-05T05:13:06.939712Z,KXGOLD15M-26OCT050115-15,0.9980,50.36,yes
2026-10-05T05:13:07.286305Z,KXGOLD15M-26OCT050115-15,0.9980,1.87,yes
2026-10-05T05:13:07.419438Z,KXGOLD15M-26OCT050115-15,0.9980,90.47,yes
2026-10-05T05:13:07.805539Z,KXGOLD15M-26OCT050115-15,0.9980,317.31,yes
2026-10-05T05:13:08.181318Z,KXGOLD15M-26OCT050115-15,0.9980,200.00,yes
2026-10-05T05:13:08.313616Z,KXGOLD15M-26OCT050115-15,0.9970,305.35,no
2026-10-05T05:13:08.455336Z,KXGOLD15M-26OCT050115-15,0.9980,50.00,yes
2026-10-05T05:13:08.71908Z,KXGOLD15M-26OCT050115-15,0.9980,50.00,yes
2026-10-05T05:13:08.777771Z,KXGOLD15M-26OCT050115-15,0.9980,53.44,yes
2026-10-05T05:13:09.245048Z,KXGOLD15M-26OCT050115-15,0.9970,47.41,no
2026-10-05T05:13:10.35056Z,KXGOLD15M-26OCT050115-15,0.9970,1.35,no
2026-10-05T05:13:11.001545Z,KXGOLD15M-26OCT050115-15,0.9980,7.72,yes
2026-10-05T05:13:11.477459Z,KXGOLD15M-26OCT050115-15,0.9980,77.68,yes
2026-10-05T05:13:12.193546Z,KXGOLD15M-26OCT050115-15,0.9970,6.23,no
2026-10-05T05:13:12.678128Z,KXGOLD15M-26OCT050115-15,0.9970,101.12,no
2026-10-05T05:13:12.678128Z,KXGOLD15M-26OCT050115-15,0.9970,350.00,no
2026-10-05T05:13:12.678128Z,KXGOLD15M-26OCT050115-15,0.9970,907.50,no
2026-10-05T05:13:12.678128Z,KXGOLD15M-26OCT050115-15,0.9970,168.18,no
2026-10-05T05:13:13.107968Z,KXGOLD15M-26OCT050115-15,0.9970,83.74,no
2026-10-05T05:13:13.484318Z,KXGOLD15M-26OCT050115-15,0.9980,212.00,yes
2026-10-05T05:13:13.664438Z,KXGOLD15M-26OCT050115-15,0.9970,268.94,no
2026-10-05T05:13:13.664438Z,KXGOLD15M-26OCT050115-15,0.9970,36.41,no
2026-10-05T05:13:13.812656Z,KXGOLD15M-26OCT050115-15,0.9970,160.89,no
2026-10-05T05:13:13.812656Z,KXGOLD15M-26OCT050115-15,0.9970,449.83,no
2026-10-05T05:13:14.045896Z,KXGOLD15M-26OCT050115-15,0.9980,3.52,yes
2026-10-05T05:13:14.096049Z,KXGOLD15M-26OCT050115-15,0.9970,8.66,no
2026-10-05T05:13:14.540007Z,KXGOLD15M-26OCT050115-15,0.9970,305.35,no
2026-10-05T05:13:14.684699Z,KXGOLD15M-26OCT050115-15,0.9970,305.35,no
2026-10-05T05:13:15.379749Z,KXGOLD15M-26OCT050115-15,0.9970,295.22,no
2026-10-05T05:13:15.783202Z,KXGOLD15M-26OCT050115-15,0.9970,635.59,no
2026-10-05T05:13:15.783202Z,KXGOLD15M-26OCT050115-15,0.9970,891.21,no
2026-10-05T05:13:15.784691Z,KXGOLD15M-26OCT050115-15,0.9970,91.62,no
2026-10-05T05:13:15.797006Z,KXGOLD15M-26OCT050115-15,0.9980,100.18,yes
2026-10-05T05:13:16.262784Z,KXGOLD15M-26OCT050115-15,0.9980,40.69,yes
2026-10-05T05:13:16.538424Z,KXGOLD15M-26OCT050115-15,0.9980,41.81,yes
2026-10-05T05:13:17.259457Z,KXGOLD15M-26OCT050115-15,0.9980,200.37,yes
2026-10-05T05:13:18.110726Z,KXGOLD15M-26OCT050115-15,0.9970,584.42,no
2026-10-05T05:13:18.630182Z,KXGOLD15M-26OCT050115-15,0.9980,0.13,yes
2026-10-05T05:13:18.748432Z,KXGOLD15M-26OCT050115-15,0.9970,2.07,no
2026-10-05T05:13:19.999068Z,KXGOLD15M-26OCT050115-15,0.9980,709.54,yes
2026-10-05T05:13:20.779613Z,KXGOLD15M-26OCT050115-15,0.9970,305.35,no
2026-10-05T05:13:21.219656Z,KXGOLD15M-26OCT050115-15,0.9970,30.53,no
2026-10-05T05:13:21.564973Z,KXGOLD15M-26OCT050115-15,0.9970,61.08,no
2026-10-05T05:13:22.528623Z,KXGOLD15M-26OCT050115-15,0.9980,0.20,yes
2026-10-05T05:13:23.55714Z,KXGOLD15M-26OCT050115-15,0.9970,118.32,no
2026-10-05T05:13:23.613013Z,KXGOLD15M-26OCT050115-15,0.9980,111.99,yes
2026-10-05T05:13:24.274382Z,KXGOLD15M-26OCT050115-15,0.9970,305.35,no
2026-10-05T05:13:24.854564Z,KXGOLD15M-26OCT050115-15,0.9980,0.17,yes
2026-10-05T05:13:25.193188Z,KXGOLD15M-26OCT050115-15,0.9970,3.06,no
2026-10-05T05:13:25.889098Z,KXGOLD15M-26OCT050115-15,0.9970,61.08,no
2026-10-05T05:13:28.28355Z,KXGOLD15M-26OCT050115-15,0.9970,3.06,no
2026-10-05T05:13:28.514635Z,KXGOLD15M-26OCT050115-15,0.9970,1037.75,no
2026-10-05T05:13:28.997138Z,KXGOLD15M-26OCT050115-15,0.9980,11.18,yes
2026-10-05T05:13:29.175361Z,KXGOLD15M-26OCT050115-15,0.9980,0.40,yes
2026-10-05T05:13:29.175361Z,KXGOLD15M-26OCT050115-15,0.9980,5.85,yes
2026-10-05T05:13:29.604061Z,KXGOLD15M-26OCT050115-15,0.9970,305.35,no
2026-10-05T05:13:29.955827Z,KXGOLD15M-26OCT050115-15,0.9980,6.25,yes
2026-10-05T05:13:30.043689Z,KXGOLD15M-26OCT050115-15,0.9970,58.77,no
2026-10-05T05:13:30.771968Z,KXGOLD15M-26OCT050115-15,0.9980,6.25,yes
2026-10-05T05:13:31.558116Z,KXGOLD15M-26OCT050115-15,0.9980,6.25,yes
2026-10-05T05:13:34.725539Z,KXGOLD15M-26OCT050115-15,0.9980,51.98,yes
2026-10-05T05:13:34.786478Z,KXGOLD15M-26OCT050115-15,0.9970,63.53,no
2026-10-05T05:13:35.30865Z,KXGOLD15M-26OCT050115-15,0.9970,51.93,no
2026-10-05T05:13:35.798123Z,KXGOLD15M-26OCT050115-15,0.9980,1.00,yes
2026-10-05T05:13:36.697903Z,KXGOLD15M-26OCT050115-15,0.9970,6.23,no
2026-10-05T05:13:37.039207Z,KXGOLD15M-26OCT050115-15,0.9980,5.00,yes
2026-10-05T05:13:37.176959Z,KXGOLD15M-26OCT050115-15,0.9980,32.85,yes
2026-10-05T05:13:37.432178Z,KXGOLD15M-26OCT050115-15,0.9970,1221.43,no
2026-10-05T05:13:38.048008Z,KXGOLD15M-26OCT050115-15,0.9970,171.00,no
2026-10-05T05:13:38.762239Z,KXGOLD15M-26OCT050115-15,0.9980,899.00,yes
2026-10-05T05:13:39.052689Z,KXGOLD15M-26OCT050115-15,0.9980,0.92,yes
2026-10-05T05:13:39.608872Z,KXGOLD15M-26OCT050115-15,0.9970,2626.86,no
2026-10-05T05:13:39.608872Z,KXGOLD15M-26OCT050115-15,0.9970,250.00,no
2026-10-05T05:13:39.608872Z,KXGOLD15M-26OCT050115-15,0.9970,76.71,no
2026-10-05T05:13:39.608872Z,KXGOLD15M-26OCT050115-15,0.9970,100.00,no
2026-10-05T05:13:39.646584Z,KXGOLD15M-26OCT050115-15,0.9970,30.03,no
2026-10-05T05:13:39.646584Z,KXGOLD15M-26OCT050115-15,0.9970,73.29,no
2026-10-05T05:13:39.646584Z,KXGOLD15M-26OCT050115-15,0.9970,25.00,no
2026-10-05T05:13:39.646584Z,KXGOLD15M-26OCT050115-15,0.9970,25.00,no
2026-10-05T05:13:39.697259Z,KXGOLD15M-26OCT050115-15,0.9970,1.88,no
2026-10-05T05:13:39.697259Z,KXGOLD15M-26OCT050115-15,0.9970,41.00,no
2026-10-05T05:13:39.697259Z,KXGOLD15M-26OCT050115-15,0.9970,25.00,no
2026-10-05T05:13:41.156474Z,KXGOLD15M-26OCT050115-15,0.9970,305.35,no
2026-10-05T05:13:41.21212Z,KXGOLD15M-26OCT050115-15,0.9970,209.79,no
2026-10-05T05:13:41.652672Z,KXGOLD15M-26OCT050115-15,0.9970,3.06,no
2026-10-05T05:13:43.868993Z,KXGOLD15M-26OCT050115-15,0.9980,20.03,yes
2026-10-05T05:13:44.439616Z,KXGOLD15M-26OCT050115-15,0.9980,11.02,yes
2026-10-05T05:13:45.345738Z,KXGOLD15M-26OCT050115-15,0.9970,6.23,no
2026-10-05T05:13:45.653611Z,KXGOLD15M-26OCT050115-15,0.9970,30.53,no
2026-10-05T05:13:47.067774Z,KXGOLD15M-26OCT050115-15,0.9970,305.35,no
2026-10-05T05:13:47.330688Z,KXGOLD15M-26OCT050115-15,0.9980,1.00,yes
2026-10-05T05:13:47.424789Z,KXGOLD15M-26OCT050115-15,0.9980,10.93,yes
2026-10-05T05:13:49.173412Z,KXGOLD15M-26OCT050115-15,0.9970,25.00,no
2026-10-05T05:13:49.173412Z,KXGOLD15M-26OCT050115-15,0.9970,138.54,no
2026-10-05T05:13:49.173412Z,KXGOLD15M-26OCT050115-15,0.9970,141.81,no
2026-10-05T05:13:50.536318Z,KXGOLD15M-26OCT050115-15,0.9980,6.48,yes
2026-10-05T05:13:50.871781Z,KXGOLD15M-26OCT050115-15,0.9980,110.20,yes
2026-10-05T05:13:51.140934Z,KXGOLD15M-26OCT050115-15,0.9980,38.88,yes
2026-10-05T05:13:51.140934Z,KXGOLD15M-26OCT050115-15,0.9980,80.44,yes
2026-10-05T05:13:52.130402Z,KXGOLD15M-26OCT050115-15,0.9980,200.00,yes
2026-10-05T05:13:52.150169Z,KXGOLD15M-26OCT050115-15,0.9980,200.00,yes
2026-10-05T05:13:52.168555Z,KXGOLD15M-26OCT050115-15,0.9980,138.88,yes
2026-10-05T05:13:52.168555Z,KXGOLD15M-26OCT050115-15,0.9980,61.12,yes
2026-10-05T05:13:52.214999Z,KXGOLD15M-26OCT050115-15,0.9980,200.00,yes
2026-10-05T05:13:53.284068Z,KXGOLD15M-26OCT050115-15,0.9970,8.08,no
2026-10-05T05:13:54.090381Z,KXGOLD15M-26OCT050115-15,0.9970,1.62,no
2026-10-05T05:13:55.101539Z,KXGOLD15M-26OCT050115-15,0.9980,121.78,yes
2026-10-05T05:13:55.248362Z,KXGOLD15M-26OCT050115-15,0.9970,305.35,no
2026-10-05T05:13:55.383207Z,KXGOLD15M-26OCT050115-15,0.9980,4.68,yes
2026-10-05T05:13:55.394423Z,KXGOLD15M-26OCT050115-15,0.9970,207.65,no
2026-10-05T05:13:55.647433Z,KXGOLD15M-26OCT050115-15,0.9980,34.66,yes
2026-10-05T05:13:55.647433Z,KXGOLD15M-26OCT050115-15,0.9980,5.00,yes
2026-10-05T05:13:55.647433Z,KXGOLD15M-26OCT050115-15,0.9980,5.00,yes
2026-10-05T05:13:55.647433Z,KXGOLD15M-26OCT050115-15,0.9980,3.00,yes
2026-10-05T05:13:55.647433Z,KXGOLD15M-26OCT050115-15,0.9980,3.00,yes
2026-10-05T05:13:55.647433Z,KXGOLD15M-26OCT050115-15,0.9980,26.00,yes
2026-10-05T05:13:55.647433Z,KXGOLD15M-26OCT050115-15,0.9980,3.00,yes
2026-10-05T05:13:55.647433Z,KXGOLD15M-26OCT050115-15,0.9980,3.00,yes
2026-10-05T05:13:55.647433Z,KXGOLD15M-26OCT050115-15,0.9980,3.00,yes
2026-10-05T05:13:55.647433Z,KXGOLD15M-26OCT050115-15,0.9980,100.00,yes
2026-10-05T05:13:55.647433Z,KXGOLD15M-26OCT050115-15,0.9990,286.24,yes
2026-10-05T05:13:55.666001Z,KXGOLD15M-26OCT050115-15,0.9990,200.00,yes
2026-10-05T05:13:55.680389Z,KXGOLD15M-26OCT050115-15,0.9990,200.00,yes
2026-10-05T05:13:55.694611Z,KXGOLD15M-26OCT050115-15,0.9990,86.24,yes
2026-10-05T05:13:55.694611Z,KXGOLD15M-26OCT050115-15,0.9990,113.76,yes
2026-10-05T05:13:55.714081Z,KXGOLD15M-26OCT050115-15,0.9980,630.33,no
2026-10-05T05:13:55.778182Z,KXGOLD15M-26OCT050115-15,0.9990,200.00,yes
2026-10-05T05:13:55.947961Z,KXGOLD15M-26OCT050115-15,0.9990,200.00,yes
2026-10-05T05:13:56.004156Z,KXGOLD15M-26OCT050115-15,0.9990,200.00,yes
2026-10-05T05:13:56.018711Z,KXGOLD15M-26OCT050115-15,0.9990,200.00,yes
2026-10-05T05:13:56.160642Z,KXGOLD15M-26OCT050115-15,0.9990,200.00,yes
2026-10-05T05:13:56.174317Z,KXGOLD15M-26OCT050115-15,0.9990,200.00,yes
2026-10-05T05:13:56.373217Z,KXGOLD15M-26OCT050115-15,0.9990,200.00,yes
2026-10-05T05:13:56.389948Z,KXGOLD15M-26OCT050115-15,0.9990,200.00,yes
2026-10-05T05:13:56.58852Z,KXGOLD15M-26OCT050115-15,0.9990,200.00,yes
2026-10-05T05:13:56.607024Z,KXGOLD15M-26OCT050115-15,0.9990,200.00,yes
2026-10-05T05:13:56.621379Z,KXGOLD15M-26OCT050115-15,0.9990,200.00,yes
2026-10-05T05:13:56.797884Z,KXGOLD15M-26OCT050115-15,0.9990,200.00,yes
2026-10-05T05:13:56.813011Z,KXGOLD15M-26OCT050115-15,0.9990,200.00,yes
2026-10-05T05:13:57.026386Z,KXGOLD15M-26OCT050115-15,0.9990,200.00,yes
2026-10-05T05:13:57.059191Z,KXGOLD15M-26OCT050115-15,0.9990,200.00,yes
2026-10-05T05:13:57.077504Z,KXGOLD15M-26OCT050115-15,0.9990,200.00,yes
2026-10-05T05:13:57.244635Z,KXGOLD15M-26OCT050115-15,0.9990,200.00,yes
2026-10-05T05:13:57.265342Z,KXGOLD15M-26OCT050115-15,0.9990,200.00,yes
2026-10-05T05:13:59.503977Z,KXGOLD15M-26OCT050115-15,0.9980,495.53,no
2026-10-05T05:14:00.045454Z,KXGOLD15M-26OCT050115-15,0.9980,145.00,no
2026-10-05T05:14:00.045454Z,KXGOLD15M-26OCT050115-15,0.9980,200.00,no
2026-10-05T05:14:00.045454Z,KXGOLD15M-26OCT050115-15,0.9980,200.00,no
2026-10-05T05:14:00.045454Z,KXGOLD15M-26OCT050115-15,0.9980,86.24,no
2026-10-05T05:14:00.045454Z,KXGOLD15M-26OCT050115-15,0.9980,874.14,no
2026-10-05T05:14:00.045454Z,KXGOLD15M-26OCT050115-15,0.9980,200.00,no
2026-10-05T05:14:00.045454Z,KXGOLD15M-26OCT050115-15,0.9980,200.00,no
2026-10-05T05:14:00.045454Z,KXGOLD15M-26OCT050115-15,0.9980,200.00,no
2026-10-05T05:14:00.045454Z,KXGOLD15M-26OCT050115-15,0.9980,200.00,no
2026-10-05T05:14:00.045454Z,KXGOLD15M-26OCT050115-15,0.9980,200.00,no
2026-10-05T05:14:00.045454Z,KXGOLD15M-26OCT050115-15,0.9980,200.00,no
2026-10-05T05:14:00.045454Z,KXGOLD15M-26OCT050115-15,0.9980,200.00,no
2026-10-05T05:14:00.045454Z,KXGOLD15M-26OCT050115-15,0.9980,200.00,no
2026-10-05T05:14:00.045454Z,KXGOLD15M-26OCT050115-15,0.9980,200.00,no
2026-10-05T05:14:00.045454Z,KXGOLD15M-26OCT050115-15,0.9980,200.00,no
2026-10-05T05:14:00.045454Z,KXGOLD15M-26OCT050115-15,0.9980,200.00,no
2026-10-05T05:14:00.045454Z,KXGOLD15M-26OCT050115-15,0.9980,200.00,no
2026-10-05T05:14:00.045454Z,KXGOLD15M-26OCT050115-15,0.9980,16.68,no
2026-10-05T05:14:00.045454Z,KXGOLD15M-26OCT050115-15,0.9980,200.00,no
2026-10-05T05:14:00.056049Z,KXGOLD15M-26OCT050115-15,0.9990,250.00,yes
2026-10-05T05:14:00.713266Z,KXGOLD15M-26OCT050115-15,0.9990,227.00,yes
2026-10-05T05:14:00.714806Z,KXGOLD15M-26OCT050115-15,0.9980,20.00,no
2026-10-05T05:14:03.017205Z,KXGOLD15M-26OCT050115-15,0.9980,163.32,no
2026-10-05T05:14:03.017205Z,KXGOLD15M-26OCT050115-15,0.9980,94.69,no
2026-10-05T05:14:03.017205Z,KXGOLD15M-26OCT050115-15,0.9980,200.00,no
2026-10-05T05:14:04.77255Z,KXGOLD15M-26OCT050115-15,0.9980,2000.00,no
2026-10-05T05:14:04.77255Z,KXGOLD15M-26OCT050115-15,0.9980,184.74,no
2026-10-05T05:14:04.77255Z,KXGOLD15M-26OCT050115-15,0.9980,105.31,no
2026-10-05T05:14:05.567644Z,KXGOLD15M-26OCT050115-15,0.9980,41.00,no
2026-10-05T05:14:05.567644Z,KXGOLD15M-26OCT050115-15,0.9980,133.00,no
2026-10-05T05:14:05.567644Z,KXGOLD15M-26OCT050115-15,0.9980,0.01,no
2026-10-05T05:14:05.567644Z,KXGOLD15M-26OCT050115-15,0.9980,218.74,no
2026-10-05T05:14:05.567644Z,KXGOLD15M-26OCT050115-15,0.9980,65.26,no
2026-10-05T05:14:05.935359Z,KXGOLD15M-26OCT050115-15,0.9980,8.26,no
2026-10-05T05:14:05.935359Z,KXGOLD15M-26OCT050115-15,0.9980,37.54,no
2026-10-05T05:14:08.453636Z,KXGOLD15M-26OCT050115-15,0.9990,2.00,yes
2026-10-05T05:14:09.561098Z,KXGOLD15M-26OCT050115-15,0.9990,50.00,yes
2026-10-05T05:14:10.007975Z,KXGOLD15M-26OCT050115-15,0.9980,7.17,no
2026-10-05T05:14:10.007975Z,KXGOLD15M-26OCT050115-15,0.9980,1.34,no
2026-10-05T05:14:10.064846Z,KXGOLD15M-26OCT050115-15,0.9980,91.62,no
2026-10-05T05:14:10.323618Z,KXGOLD15M-26OCT050115-15,0.9990,50.00,yes
2026-10-05T05:14:10.82791Z,KXGOLD15M-26OCT050115-15,0.9980,16.74,no
2026-10-05T05:14:10.858743Z,KXGOLD15M-26OCT050115-15,0.9990,10.00,yes
2026-10-05T05:14:10.990991Z,KXGOLD15M-26OCT050115-15,0.9990,2.00,yes
2026-10-05T05:14:11.095381Z,KXGOLD15M-26OCT050115-15,0.9990,50.00,yes
2026-10-05T05:14:11.523355Z,KXGOLD15M-26OCT050115-15,0.9980,61.12,no
2026-10-05T05:14:11.523355Z,KXGOLD15M-26OCT050115-15,0.9980,84.47,no
2026-10-05T05:14:11.523355Z,KXGOLD15M-26OCT050115-15,0.9980,312.42,no
2026-10-05T05:14:11.857161Z,KXGOLD15M-26OCT050115-15,0.9990,50.00,yes
2026-10-05T05:14:11.884389Z,KXGOLD15M-26OCT050115-15,0.9980,916.02,no
2026-10-05T05:14:13.828373Z,KXGOLD15M-26OCT050115-15,0.9990,6.29,yes
2026-10-05T05:14:14.968681Z,KXGOLD15M-26OCT050115-15,0.9990,79.79,yes
2026-10-05T05:14:15.210467Z,KXGOLD15M-26OCT050115-15,0.9980,229.01,no
2026-10-05T05:14:16.316285Z,KXGOLD15M-26OCT050115-15,0.9990,3.00,yes
2026-10-05T05:14:17.435669Z,KXGOLD15M-26OCT050115-15,0.9980,458.01,no
2026-10-05T05:14:20.095734Z,KXGOLD15M-26OCT050115-15,0.9990,25.00,yes
2026-10-05T05:14:20.287779Z,KXGOLD15M-26OCT050115-15,0.9980,12.29,no
2026-10-05T05:14:21.352494Z,KXGOLD15M-26OCT050115-15,0.9990,63.59,yes
2026-10-05T05:14:22.031239Z,KXGOLD15M-26OCT050115-15,0.9990,28.94,yes
2026-10-05T05:14:23.136176Z,KXGOLD15M-26OCT050115-15,0.9980,6.29,no
2026-10-05T05:14:23.136176Z,KXGOLD15M-26OCT050115-15,0.9980,79.79,no
2026-10-05T05:14:23.136176Z,KXGOLD15M-26OCT050115-15,0.9980,3.00,no
2026-10-05T05:14:23.136176Z,KXGOLD15M-26OCT050115-15,0.9980,41.00,no
2026-10-05T05:14:23.136176Z,KXGOLD15M-26OCT050115-15,0.9980,25.00,no
2026-10-05T05:14:23.136176Z,KXGOLD15M-26OCT050115-15,0.9980,15.59,no
2026-10-05T05:14:23.136176Z,KXGOLD15M-26OCT050115-15,0.9980,2.00,no
2026-10-05T05:14:23.136176Z,KXGOLD15M-26OCT050115-15,0.9980,50.00,no
2026-10-05T05:14:23.136176Z,KXGOLD15M-26OCT050115-15,0.9980,50.00,no
2026-10-05T05:14:23.136176Z,KXGOLD15M-26OCT050115-15,0.9980,2.00,no
2026-10-05T05:14:23.136176Z,KXGOLD15M-26OCT050115-15,0.9980,10.00,no
2026-10-05T05:14:23.136176Z,KXGOLD15M-26OCT050115-15,0.9980,50.00,no
2026-10-05T05:14:23.136176Z,KXGOLD15M-26OCT050115-15,0.9980,50.00,no
2026-10-05T05:14:23.136176Z,KXGOLD15M-26OCT050115-15,0.9980,0.01,no
2026-10-05T05:14:23.136176Z,KXGOLD15M-26OCT050115-15,0.9980,72.25,no
2026-10-05T05:14:24.822428Z,KXGOLD15M-26OCT050115-15,0.9990,5.00,yes
2026-10-05T05:14:25.762694Z,KXGOLD15M-26OCT050115-15,0.9990,2.89,yes
2026-10-05T05:14:26.04312Z,KXGOLD15M-26OCT050115-15,0.9990,1.00,yes
2026-10-05T05:14:27.420153Z,KXGOLD15M-26OCT050115-15,0.9990,42.54,yes
2026-10-05T05:14:28.652274Z,KXGOLD15M-26OCT050115-15,0.9990,1.00,yes
2026-10-05T05:14:28.696039Z,KXGOLD15M-26OCT050115-15,0.9980,1.59,no
2026-10-05T05:14:28.916982Z,KXGOLD15M-26OCT050115-15,0.9990,3.00,yes
2026-10-05T05:14:29.820545Z,KXGOLD15M-26OCT050115-15,0.9980,28.94,no
2026-10-05T05:14:29.820545Z,KXGOLD15M-26OCT050115-15,0.9980,382.66,no
2026-10-05T05:14:29.820545Z,KXGOLD15M-26OCT050115-15,0.9980,46.41,no
2026-10-05T05:14:30.716365Z,KXGOLD15M-26OCT050115-15,0.9990,10.00,yes
2026-10-05T05:14:30.793017Z,KXGOLD15M-26OCT050115-15,0.9990,21.16,yes
2026-10-05T05:14:31.699097Z,KXGOLD15M-26OCT050115-15,0.9990,1.53,yes
2026-10-05T05:14:32.326653Z,KXGOLD15M-26OCT050115-15,0.9990,135.00,yes
2026-10-05T05:14:32.926026Z,KXGOLD15M-26OCT050115-15,0.9980,29.02,no
2026-10-05T05:14:32.926026Z,KXGOLD15M-26OCT050115-15,0.9980,1.00,no
2026-10-05T05:14:32.926026Z,KXGOLD15M-26OCT050115-15,0.9980,2.89,no
2026-10-05T05:14:32.926026Z,KXGOLD15M-26OCT050115-15,0.9980,0.01,no
2026-10-05T05:14:32.926026Z,KXGOLD15M-26OCT050115-15,0.9980,5.00,no
2026-10-05T05:14:33.103633Z,KXGOLD15M-26OCT050115-15,0.9990,1.00,yes
2026-10-05T05:14:34.714492Z,KXGOLD15M-26OCT050115-15,0.9990,192.03,yes
2026-10-05T05:14:34.714492Z,KXGOLD15M-26OCT050115-15,0.9990,250.00,yes
2026-10-05T05:14:34.714492Z,KXGOLD15M-26OCT050115-15,0.9990,1250.00,yes
2026-10-05T05:14:34.714492Z,KXGOLD15M-26OCT050115-15,0.9990,1.00,yes
2026-10-05T05:14:34.714492Z,KXGOLD15M-26OCT050115-15,0.9990,1.00,yes
2026-10-05T05:14:34.714492Z,KXGOLD15M-26OCT050115-15,0.9990,2.89,yes
2026-10-05T05:14:34.714492Z,KXGOLD15M-26OCT050115-15,0.9990,5.00,yes
2026-10-05T05:14:34.714492Z,KXGOLD15M-26OCT050115-15,0.9990,46.41,yes
2026-10-05T05:14:34.714492Z,KXGOLD15M-26OCT050115-15,0.9990,28.94,yes
2026-10-05T05:14:34.714492Z,KXGOLD15M-26OCT050115-15,0.9990,1.59,yes
2026-10-05T05:14:34.714492Z,KXGOLD15M-26OCT050115-15,0.9990,6.29,yes
2026-10-05T05:14:34.714492Z,KXGOLD15M-26OCT050115-15,0.9990,3.00,yes
2026-10-05T05:14:34.714492Z,KXGOLD15M-26OCT050115-15,0.9990,79.79,yes
2026-10-05T05:14:34.714492Z,KXGOLD15M-26OCT050115-15,0.9990,2.00,yes
2026-10-05T05:14:34.714492Z,KXGOLD15M-26OCT050115-15,0.9990,2.00,yes
2026-10-05T05:14:34.714492Z,KXGOLD15M-26OCT050115-15,0.9990,40.59,yes
2026-10-05T05:14:34.714492Z,KXGOLD15M-26OCT050115-15,0.9990,50.00,yes
2026-10-05T05:14:34.714492Z,KXGOLD15M-26OCT050115-15,0.9990,50.00,yes
2026-10-05T05:14:34.714492Z,KXGOLD15M-26OCT050115-15,0.9990,50.00,yes
2026-10-05T05:14:34.714492Z,KXGOLD15M-26OCT050115-15,0.9990,10.00,yes
2026-10-05T05:14:34.714492Z,KXGOLD15M-26OCT050115-15,0.9990,50.00,yes
2026-10-05T05:14:34.714492Z,KXGOLD15M-26OCT050115-15,0.9990,1000.00,yes
2026-10-05T05:14:34.714492Z,KXGOLD15M-26OCT050115-15,0.9990,184.74,yes
2026-10-05T05:14:34.714492Z,KXGOLD15M-26OCT050115-15,0.9990,105.31,yes
2026-10-05T05:14:34.714492Z,KXGOLD15M-26OCT050115-15,0.9990,94.69,yes
2026-10-05T05:14:34.714492Z,KXGOLD15M-26OCT050115-15,0.9990,163.32,yes
2026-10-05T05:14:34.714492Z,KXGOLD15M-26OCT050115-15,0.9990,200.00,yes
2026-10-05T05:14:34.714492Z,KXGOLD15M-26OCT050115-15,0.9990,200.00,yes
2026-10-05T05:14:34.714492Z,KXGOLD15M-26OCT050115-15,0.9990,20.00,yes
2026-10-05T05:14:34.714492Z,KXGOLD15M-26OCT050115-15,0.9990,86.24,yes
2026-10-05T05:14:34.714492Z,KXGOLD15M-26OCT050115-15,0.9990,200.00,yes
2026-10-05T05:14:34.714492Z,KXGOLD15M-26OCT050115-15,0.9990,200.00,yes
2026-10-05T05:14:34.714492Z,KXGOLD15M-26OCT050115-15,0.9990,200.00,yes
2026-10-05T05:14:34.714492Z,KXGOLD15M-26OCT050115-15,0.9990,200.00,yes
2026-10-05T05:14:34.714492Z,KXGOLD15M-26OCT050115-15,0.9990,200.00,yes
2026-10-05T05:14:34.714492Z,KXGOLD15M-26OCT050115-15,0.9990,200.00,yes
2026-10-05T05:14:34.714492Z,KXGOLD15M-26OCT050115-15,0.9990,1216.68,yes
2026-10-05T05:14:34.714492Z,KXGOLD15M-26OCT050115-15,0.9990,200.00,yes
2026-10-05T05:14:34.714492Z,KXGOLD15M-26OCT050115-15,0.9990,200.00,yes
2026-10-05T05:14:34.714492Z,KXGOLD15M-26OCT050115-15,0.9990,200.00,yes
2026-10-05T05:14:34.714492Z,KXGOLD15M-26OCT050115-15,0.9990,8.26,yes
2026-10-05T05:14:34.714492Z,KXGOLD15M-26OCT050115-15,0.9990,65.26,yes
2026-10-05T05:14:34.714492Z,KXGOLD15M-26OCT050115-15,0.9990,218.74,yes
2026-10-05T05:14:34.714492Z,KXGOLD15M-26OCT050115-15,0.9990,2000.00,yes
2026-10-05T05:14:34.714492Z,KXGOLD15M-26OCT050115-15,0.9990,1.00,yes
2026-10-05T05:14:34.714492Z,KXGOLD15M-26OCT050115-15,0.9990,400.00,yes
2026-10-05T05:14:34.714492Z,KXGOLD15M-26OCT050115-15,0.9990,500.00,yes
2026-10-05T05:14:34.714492Z,KXGOLD15M-26OCT050115-15,0.9990,1000.00,yes
2026-10-05T05:14:38.770599Z,KXGOLD15M-26OCT050115-15,0.9990,9159.55,no
2026-10-05T05:14:39.777688Z,KXGOLD15M-26OCT050115-15,0.9990,14.18,no
2026-10-05T05:14:40.346912Z,KXGOLD15M-26OCT050115-15,0.9990,2.22,no
2026-10-05T05:14:43.225432Z,KXGOLD15M-26OCT050115-15,0.9990,952.64,no
2026-10-05T05:14:43.361753Z,KXGOLD15M-26OCT050115-15,0.9990,4.04,no
2026-10-05T05:14:51.693345Z,KXGOLD15M-26OCT050115-15,0.9990,915.99,no
2026-10-05T05:14:53.775543Z,KXGOLD15M-26OCT050115-15,0.9990,91.62,no
2026-10-05T05:14:56.486931Z,KXGOLD15M-26OCT050115-15,0.9990,90.00,no
2026-10-05T05:14:56.996785Z,KXGOLD15M-26OCT050115-15,0.9990,4.68,no
2026-10-05T05:14:57.044304Z,KXGOLD15M-26OCT050115-15,0.9990,265.66,no
2026-10-05T05:14:58.304602Z,KXGOLD15M-26OCT050115-15,0.9990,915.99,no
2026-10-05T05:11:59.241176Z,KXWTI15M-26OCT050115-15,0.0110,11.00,no
2026-10-05T05:11:59.65697Z,KXWTI15M-26OCT050115-15,0.0120,59.50,yes
2026-10-05T05:11:59.65697Z,KXWTI15M-26OCT050115-15,0.0120,18.44,yes
2026-10-05T05:12:05.631234Z,KXWTI15M-26OCT050115-15,0.0110,500.00,no
2026-10-05T05:12:05.946772Z,KXWTI15M-26OCT050115-15,0.0110,1.00,no
2026-10-05T05:12:06.944342Z,KXWTI15M-26OCT050115-15,0.0110,0.03,no
2026-10-05T05:12:18.587352Z,KXWTI15M-26OCT050115-15,0.0120,41.00,yes
2026-10-05T05:12:18.587352Z,KXWTI15M-26OCT050115-15,0.0120,36.94,yes
2026-10-05T05:12:20.746406Z,KXWTI15M-26OCT050115-15,0.0110,18.75,no
2026-10-05T05:12:21.152448Z,KXWTI15M-26OCT050115-15,0.0130,0.70,yes
2026-10-05T05:12:28.394582Z,KXWTI15M-26OCT050115-15,0.0120,30.00,yes
2026-10-05T05:12:28.394582Z,KXWTI15M-26OCT050115-15,0.0130,18.70,yes
2026-10-05T05:12:28.394582Z,KXWTI15M-26OCT050115-15,0.0120,27.00,yes
2026-10-05T05:12:30.814698Z,KXWTI15M-26OCT050115-15,0.0120,16.04,yes
2026-10-05T05:12:33.323432Z,KXWTI15M-26OCT050115-15,0.0110,11.26,no
2026-10-05T05:12:36.550489Z,KXWTI15M-26OCT050115-15,0.0050,11.00,no
2026-10-05T05:12:36.550489Z,KXWTI15M-26OCT050115-15,0.0060,28.00,no
2026-10-05T05:12:36.550489Z,KXWTI15M-26OCT050115-15,0.0060,200.00,no
2026-10-05T05:12:36.550489Z,KXWTI15M-26OCT050115-15,0.0080,134.00,no
2026-10-05T05:12:36.550489Z,KXWTI15M-26OCT050115-15,0.0100,17.00,no
2026-10-05T05:12:36.550489Z,KXWTI15M-26OCT050115-15,0.0110,131.71,no
2026-10-05T05:12:36.550489Z,KXWTI15M-26OCT050115-15,0.0100,25.00,no
2026-10-05T05:12:36.550489Z,KXWTI15M-26OCT050115-15,0.0050,1453.29,no
2026-10-05T05:12:37.190603Z,KXWTI15M-26OCT050115-15,0.0060,39.00,no
2026-10-05T05:12:43.668101Z,KXWTI15M-26OCT050115-15,0.0060,14.39,no
2026-10-05T05:12:44.50863Z,KXWTI15M-26OCT050115-15,0.0070,130.90,yes
2026-10-05T05:12:45.562277Z,KXWTI15M-26OCT050115-15,0.0030,2.00,no
2026-10-05T05:12:45.562277Z,KXWTI15M-26OCT050115-15,0.0040,1.00,no
2026-10-05T05:12:45.562277Z,KXWTI15M-26OCT050115-15,0.0040,1.00,no
2026-10-05T05:12:45.562277Z,KXWTI15M-26OCT050115-15,0.0030,2.00,no
2026-10-05T05:12:45.562277Z,KXWTI15M-26OCT050115-15,0.0030,2.00,no
2026-10-05T05:12:45.562277Z,KXWTI15M-26OCT050115-15,0.0040,1.00,no
2026-10-05T05:12:45.562277Z,KXWTI15M-26OCT050115-15,0.0040,1.00,no
2026-10-05T05:12:45.562277Z,KXWTI15M-26OCT050115-15,0.0030,2.00,no
2026-10-05T05:12:45.562277Z,KXWTI15M-26OCT050115-15,0.0040,1.00,no
2026-10-05T05:12:45.562277Z,KXWTI15M-26OCT050115-15,0.0030,2.00,no
2026-10-05T05:12:45.562277Z,KXWTI15M-26OCT050115-15,0.0040,13.00,no
2026-10-05T05:12:45.562277Z,KXWTI15M-26OCT050115-15,0.0030,18.00,no
2026-10-05T05:12:45.562277Z,KXWTI15M-26OCT050115-15,0.0060,200.00,no
2026-10-05T05:12:45.562277Z,KXWTI15M-26OCT050115-15,0.0060,116.61,no
2026-10-05T05:12:45.562277Z,KXWTI15M-26OCT050115-15,0.0030,25.00,no
2026-10-05T05:12:45.562277Z,KXWTI15M-26OCT050115-15,0.0030,10.00,no
2026-10-05T05:12:45.562277Z,KXWTI15M-26OCT050115-15,0.0030,250.00,no
2026-10-05T05:12:45.562277Z,KXWTI15M-26OCT050115-15,0.0030,100.00,no
2026-10-05T05:12:45.562277Z,KXWTI15M-26OCT050115-15,0.0020,400.00,no
2026-10-05T05:12:45.562277Z,KXWTI15M-26OCT050115-15,0.0020,305.68,no
2026-10-05T05:12:45.667983Z,KXWTI15M-26OCT050115-15,0.0020,200.00,no
2026-10-05T05:12:45.793688Z,KXWTI15M-26OCT050115-15,0.0040,164.00,no
2026-10-05T05:12:47.730416Z,KXWTI15M-26OCT050115-15,0.0040,102.00,no
2026-10-05T05:12:55.200351Z,KXWTI15M-26OCT050115-15,0.0030,12.00,no
2026-10-05T05:12:55.200351Z,KXWTI15M-26OCT050115-15,0.0040,200.00,no
2026-10-05T05:12:55.219613Z,KXWTI15M-26OCT050115-15,0.0030,13.00,no
2026-10-05T05:12:55.219613Z,KXWTI15M-26OCT050115-15,0.0030,113.00,no
2026-10-05T05:12:55.219613Z,KXWTI15M-26OCT050115-15,0.0030,74.00,no
2026-10-05T05:12:55.233124Z,KXWTI15M-26OCT050115-15,0.0030,176.00,no
2026-10-05T05:12:55.347368Z,KXWTI15M-26OCT050115-15,0.0020,200.00,no
2026-10-05T05:12:55.415486Z,KXWTI15M-26OCT050115-15,0.0020,200.00,no
2026-10-05T05:12:55.489492Z,KXWTI15M-26OCT050115-15,0.0020,105.68,no
2026-10-05T05:12:55.489492Z,KXWTI15M-26OCT050115-15,0.0020,94.32,no
2026-10-05T05:12:55.584671Z,KXWTI15M-26OCT050115-15,0.0020,23.00,no
2026-10-05T05:12:56.000212Z,KXWTI15M-26OCT050115-15,0.0040,11.22,yes
2026-10-05T05:12:56.633344Z,KXWTI15M-26OCT050115-15,0.0040,30.44,yes
2026-10-05T05:12:56.633344Z,KXWTI15M-26OCT050115-15,0.0040,176.00,yes
2026-10-05T05:12:56.633344Z,KXWTI15M-26OCT050115-15,0.0040,74.00,yes
2026-10-05T05:12:57.060574Z,KXWTI15M-26OCT050115-15,0.0030,7.05,yes
2026-10-05T05:12:58.078035Z,KXWTI15M-26OCT050115-15,0.0030,155.79,yes
2026-10-05T05:12:58.106545Z,KXWTI15M-26OCT050115-15,0.0020,177.00,no
2026-10-05T05:13:01.427648Z,KXWTI15M-26OCT050115-15,0.0030,311.59,yes
2026-10-05T05:13:01.564637Z,KXWTI15M-26OCT050115-15,0.0030,77.89,yes
2026-10-05T05:13:01.997175Z,KXWTI15M-26OCT050115-15,0.0030,30.53,yes
2026-10-05T05:13:02.980798Z,KXWTI15M-26OCT050115-15,0.0030,305.35,yes
2026-10-05T05:13:07.156899Z,KXWTI15M-26OCT050115-15,0.0030,305.35,yes
2026-10-05T05:13:07.501479Z,KXWTI15M-26OCT050115-15,0.0030,9.17,yes
2026-10-05T05:13:08.238811Z,KXWTI15M-26OCT050115-15,0.0030,10.00,yes
2026-10-05T05:13:08.238811Z,KXWTI15M-26OCT050115-15,0.0030,25.00,yes
2026-10-05T05:13:08.238811Z,KXWTI15M-26OCT050115-15,0.0040,57.00,yes
2026-10-05T05:13:08.238811Z,KXWTI15M-26OCT050115-15,0.0030,0.17,yes
2026-10-05T05:13:08.238811Z,KXWTI15M-26OCT050115-15,0.0030,41.00,yes
2026-10-05T05:13:08.238811Z,KXWTI15M-26OCT050115-15,0.0030,654.28,yes
2026-10-05T05:13:08.238811Z,KXWTI15M-26OCT050115-15,0.0030,177.00,yes
2026-10-05T05:13:08.238811Z,KXWTI15M-26OCT050115-15,0.0030,23.00,yes
2026-10-05T05:13:08.238811Z,KXWTI15M-26OCT050115-15,0.0030,75.24,yes
2026-10-05T05:13:08.238811Z,KXWTI15M-26OCT050115-15,0.0050,134.63,yes
2026-10-05T05:13:08.238811Z,KXWTI15M-26OCT050115-15,0.0030,250.00,yes
2026-10-05T05:13:10.767574Z,KXWTI15M-26OCT050115-15,0.0050,59.83,yes
2026-10-05T05:13:11.760182Z,KXWTI15M-26OCT050115-15,0.0050,1.98,yes
2026-10-05T05:13:15.534809Z,KXWTI15M-26OCT050115-15,0.0020,5.68,no
2026-10-05T05:13:15.534809Z,KXWTI15M-26OCT050115-15,0.0020,194.32,no
2026-10-05T05:13:15.653291Z,KXWTI15M-26OCT050115-15,0.0020,1.00,no
2026-10-05T05:13:15.653291Z,KXWTI15M-26OCT050115-15,0.0020,1.00,no
2026-10-05T05:13:15.653291Z,KXWTI15M-26OCT050115-15,0.0020,20.32,no
2026-10-05T05:13:15.653291Z,KXWTI15M-26OCT050115-15,0.0020,3.00,no
2026-10-05T05:13:15.653291Z,KXWTI15M-26OCT050115-15,0.0020,3.00,no
2026-10-05T05:13:15.653291Z,KXWTI15M-26OCT050115-15,0.0020,3.00,no
2026-10-05T05:13:15.653291Z,KXWTI15M-26OCT050115-15,0.0020,3.00,no
2026-10-05T05:13:15.653291Z,KXWTI15M-26OCT050115-15,0.0020,3.00,no
2026-10-05T05:13:15.653291Z,KXWTI15M-26OCT050115-15,0.0020,29.00,no
2026-10-05T05:13:15.653291Z,KXWTI15M-26OCT050115-15,0.0020,51.68,no
2026-10-05T05:13:15.664887Z,KXWTI15M-26OCT050115-15,0.0050,77.73,yes
2026-10-05T05:13:15.664887Z,KXWTI15M-26OCT050115-15,0.0050,109.24,yes
2026-10-05T05:13:15.790686Z,KXWTI15M-26OCT050115-15,0.0020,50.00,no
2026-10-05T05:13:16.254696Z,KXWTI15M-26OCT050115-15,0.0020,46.00,no
2026-10-05T05:13:19.857648Z,KXWTI15M-26OCT050115-15,0.0020,31.37,no
2026-10-05T05:13:19.857648Z,KXWTI15M-26OCT050115-15,0.0020,102.32,no
2026-10-05T05:13:29.218492Z,KXWTI15M-26OCT050115-15,0.0020,5.25,no
2026-10-05T05:13:29.877951Z,KXWTI15M-26OCT050115-15,0.0050,1.00,yes
2026-10-05T05:13:32.953671Z,KXWTI15M-26OCT050115-15,0.0050,7.07,yes
2026-10-05T05:13:33.046523Z,KXWTI15M-26OCT050115-15,0.0020,0.33,no
2026-10-05T05:13:35.177597Z,KXWTI15M-26OCT050115-15,0.0050,66.00,yes
2026-10-05T05:13:35.905139Z,KXWTI15M-26OCT050115-15,0.0020,1.00,no
2026-10-05T05:13:39.792197Z,KXWTI15M-26OCT050115-15,0.0020,42.60,no
2026-10-05T05:13:43.237446Z,KXWTI15M-26OCT050115-15,0.0030,3.06,yes
2026-10-05T05:13:49.268419Z,KXWTI15M-26OCT050115-15,0.0020,25.04,no
2026-10-05T05:13:51.155466Z,KXWTI15M-26OCT050115-15,0.0020,44.56,no
2026-10-05T05:13:59.69147Z,KXWTI15M-26OCT050115-15,0.0020,71.20,no
2026-10-05T05:13:59.69147Z,KXWTI15M-26OCT050115-15,0.0020,29.00,no
2026-10-05T05:14:00.622906Z,KXWTI15M-26OCT050115-15,0.0020,32.00,no
2026-10-05T05:14:00.746388Z,KXWTI15M-26OCT050115-15,0.0020,200.00,no
2026-10-05T05:14:00.764284Z,KXWTI15M-26OCT050115-15,0.0010,200.00,no
2026-10-05T05:14:00.78314Z,KXWTI15M-26OCT050115-15,0.0010,200.00,no
2026-10-05T05:14:00.82788Z,KXWTI15M-26OCT050115-15,0.0010,65.00,no
2026-10-05T05:14:00.82788Z,KXWTI15M-26OCT050115-15,0.0010,100.00,no
2026-10-05T05:14:00.836704Z,KXWTI15M-26OCT050115-15,0.0010,51.00,no
2026-10-05T05:14:00.836704Z,KXWTI15M-26OCT050115-15,0.0010,10.00,no
2026-10-05T05:14:00.836704Z,KXWTI15M-26OCT050115-15,0.0010,1.00,no
2026-10-05T05:14:01.064073Z,KXWTI15M-26OCT050115-15,0.0010,53.00,no
2026-10-05T05:14:02.554593Z,KXWTI15M-26OCT050115-15,0.0010,62.00,no
2026-10-05T05:14:03.487692Z,KXWTI15M-26OCT050115-15,0.0010,28.29,no
2026-10-05T05:14:04.580097Z,KXWTI15M-26OCT050115-15,0.0010,0.25,no
2026-10-05T05:14:12.44307Z,KXWTI15M-26OCT050115-15,0.0010,47.81,no
2026-10-05T05:14:13.202113Z,KXWTI15M-26OCT050115-15,0.0010,7.65,no
2026-10-05T05:14:13.202113Z,KXWTI15M-26OCT050115-15,0.0010,1.00,no
2026-10-05T05:14:13.202113Z,KXWTI15M-26OCT050115-15,0.0010,39.16,no
2026-10-05T05:14:13.224606Z,KXWTI15M-26OCT050115-15,0.0010,84.84,no
2026-10-05T05:14:13.224606Z,KXWTI15M-26OCT050115-15,0.0010,84.16,no
2026-10-05T05:14:13.224606Z,KXWTI15M-26OCT050115-15,0.0010,31.00,no
2026-10-05T05:14:13.2399Z,KXWTI15M-26OCT050115-15,0.0010,3.00,no
2026-10-05T05:14:13.961104Z,KXWTI15M-26OCT050115-15,0.0010,47.81,no
2026-10-05T05:14:14.720498Z,KXWTI15M-26OCT050115-15,0.0010,47.83,no
2026-10-05T05:14:24.175163Z,KXWTI15M-26OCT050115-15,0.0020,200.00,yes
2026-10-05T05:14:24.175163Z,KXWTI15M-26OCT050115-15,0.0020,29.01,yes
2026-10-05T05:14:31.797499Z,KXWTI15M-26OCT050115-15,0.0010,60.00,no
2026-10-05T05:14:33.032061Z,KXWTI15M-26OCT050115-15,0.0010,3.31,no
2026-10-05T05:14:36.62954Z,KXWTI15M-26OCT050115-15,0.0020,113.93,yes
2026-10-05T05:14:36.62954Z,KXWTI15M-26OCT050115-15,0.0020,115.99,yes
2026-10-05T05:14:36.62954Z,KXWTI15M-26OCT050115-15,0.0020,75.07,yes
2026-10-05T05:14:36.62954Z,KXWTI15M-26OCT050115-15,0.0020,92.02,yes
2026-10-05T05:14:36.62954Z,KXWTI15M-26OCT050115-15,0.0020,61.00,yes
2026-10-05T05:14:40.813468Z,KXWTI15M-26OCT050115-15,0.0010,41.76,no
2026-10-05T05:14:41.685349Z,KXWTI15M-26OCT050115-15,0.0010,0.56,no
2026-10-05T05:14:45.687768Z,KXWTI15M-26OCT050115-15,0.0020,81.00,yes
2026-10-05T05:14:45.713558Z,KXWTI15M-26OCT050115-15,0.0010,1.00,no
2026-10-05T05:14:47.316306Z,KXWTI15M-26OCT050115-15,0.0010,28.19,no
2026-10-05T05:14:47.316306Z,KXWTI15M-26OCT050115-15,0.0010,200.00,no
2026-10-05T05:14:47.316306Z,KXWTI15M-26OCT050115-15,0.0010,460.57,no
2026-10-05T05:14:47.316306Z,KXWTI15M-26OCT050115-15,0.0010,31.00,no
2026-10-05T05:14:47.337381Z,KXWTI15M-26OCT050115-15,0.0010,28.00,no
2026-10-05T05:14:47.350123Z,KXWTI15M-26OCT050115-15,0.0010,31.00,no
2026-10-05T05:14:47.95604Z,KXWTI15M-26OCT050115-15,0.0010,60.17,no
2026-10-05T05:14:47.95604Z,KXWTI15M-26OCT050115-15,0.0010,4.83,no
2026-10-05T05:14:48.358929Z,KXWTI15M-26OCT050115-15,0.0010,20.83,no
2026-10-05T05:14:48.358929Z,KXWTI15M-26OCT050115-15,0.0010,12.17,no
2026-10-05T05:14:49.762081Z,KXWTI15M-26OCT050115-15,0.0010,21.00,no
2026-10-05T05:14:49.765368Z,KXWTI15M-26OCT050115-15,0.0010,4.00,no
2026-10-05T05:14:50.852572Z,KXWTI15M-26OCT050115-15,0.0010,194.00,no
2026-10-05T05:14:50.882574Z,KXWTI15M-26OCT050115-15,0.0010,64.00,no
2026-10-05T05:14:53.943958Z,KXWTI15M-26OCT050115-15,0.0010,31.00,no
2026-10-05T05:14:53.943958Z,KXWTI15M-26OCT050115-15,0.0010,454.83,no
2026-10-05T05:14:54.354592Z,KXWTI15M-26OCT050115-15,0.0010,374.65,no
2026-10-05T05:14:56.483766Z,KXWTI15M-26OCT050115-15,0.0010,375.35,no
2026-10-05T05:14:56.483766Z,KXWTI15M-26OCT050115-15,0.0010,31.00,no
2026-10-05T05:14:59.391971Z,KXWTI15M-26OCT050115-15,0.0010,256.13,yes
2026-10-05T05:12:16.37725Z,KXPALLADIUM15M-26OCT050115-15,0.9900,0.50,yes
2026-10-05T05:12:19.112915Z,KXPALLADIUM15M-26OCT050115-15,0.9800,2.00,no
2026-10-05T05:12:19.112915Z,KXPALLADIUM15M-26OCT050115-15,0.9800,3.00,no
2026-10-05T05:12:19.112915Z,KXPALLADIUM15M-26OCT050115-15,0.9700,27.66,no
2026-10-05T05:12:33.369076Z,KXPALLADIUM15M-26OCT050115-15,0.9900,1.00,yes
2026-10-05T05:12:33.369076Z,KXPALLADIUM15M-26OCT050115-15,0.9900,19.00,yes
2026-10-05T05:12:47.855832Z,KXPALLADIUM15M-26OCT050115-15,0.9900,1.00,yes
2026-10-05T05:12:47.855832Z,KXPALLADIUM15M-26OCT050115-15,0.9900,0.01,yes
2026-10-05T05:13:02.695901Z,KXPALLADIUM15M-26OCT050115-15,0.9900,19.01,yes
2026-10-05T05:13:02.695901Z,KXPALLADIUM15M-26OCT050115-15,0.9900,17.00,yes
2026-10-05T05:13:02.695901Z,KXPALLADIUM15M-26OCT050115-15,0.9900,100.00,yes
2026-10-05T05:13:02.695901Z,KXPALLADIUM15M-26OCT050115-15,0.9900,1.00,yes
2026-10-05T05:13:02.695901Z,KXPALLADIUM15M-26OCT050115-15,0.9900,2.00,yes
2026-10-05T05:13:02.695901Z,KXPALLADIUM15M-26OCT050115-15,0.9900,19.99,yes
2026-10-05T05:13:02.695901Z,KXPALLADIUM15M-26OCT050115-15,0.9900,2.00,yes
2026-10-05T05:13:02.695901Z,KXPALLADIUM15M-26OCT050115-15,0.9900,10.00,yes
2026-10-05T05:13:03.513727Z,KXPALLADIUM15M-26OCT050115-15,0.9900,1.00,yes
2026-10-05T05:13:03.513727Z,KXPALLADIUM15M-26OCT050115-15,0.9900,0.99,yes
2026-10-05T05:13:36.444849Z,KXPALLADIUM15M-26OCT050115-15,0.9900,41.51,no
2026-10-05T05:13:36.444849Z,KXPALLADIUM15M-26OCT050115-15,0.9900,30.00,no
2026-10-05T05:13:36.444849Z,KXPALLADIUM15M-26OCT050115-15,0.9900,3.00,no
2026-10-05T05:13:36.444849Z,KXPALLADIUM15M-26OCT050115-15,0.9900,19.00,no
2026-10-05T05:13:45.93776Z,KXPALLADIUM15M-26OCT050115-15,0.9900,1.00,no
2026-10-05T05:13:45.93776Z,KXPALLADIUM15M-26OCT050115-15,0.9900,50.98,no
2026-10-05T05:13:45.93776Z,KXPALLADIUM15M-26OCT050115-15,0.9900,3.00,no
2026-10-05T05:13:45.93776Z,KXPALLADIUM15M-26OCT050115-15,0.9900,3.00,no
2026-10-05T05:13:45.93776Z,KXPALLADIUM15M-26OCT050115-15,0.9900,93.00,no
2026-10-05T05:13:45.93776Z,KXPALLADIUM15M-26OCT050115-15,0.9900,30.00,no
2026-10-05T05:13:45.93776Z,KXPALLADIUM15M-26OCT050115-15,0.9900,60.00,no
2026-10-05T05:13:45.93776Z,KXPALLADIUM15M-26OCT050115-15,0.9900,19.01,no
2026-10-05T05:13:45.93776Z,KXPALLADIUM15M-26OCT050115-15,0.9900,0.99,no
2026-10-05T05:14:05.942713Z,KXPALLADIUM15M-26OCT050115-15,0.9900,0.93,no
2026-10-05T05:14:50.214825Z,KXPALLADIUM15M-26OCT050115-15,0.9900,0.09,no
2026-10-05T05:12:16.001189Z,KXZEC15M-26OCT050115-15,0.9490,10.00,no
2026-10-05T05:12:16.548044Z,KXZEC15M-26OCT050115-15,0.9800,1.00,yes
2026-10-05T05:12:16.548044Z,KXZEC15M-26OCT050115-15,0.9800,19.00,yes
2026-10-05T05:12:16.548044Z,KXZEC15M-26OCT050115-15,0.9800,10.00,yes
2026-10-05T05:12:16.548044Z,KXZEC15M-26OCT050115-15,0.9800,18.24,yes
2026-10-05T05:12:16.618755Z,KXZEC15M-26OCT050115-15,0.9800,1.02,no
2026-10-05T05:12:16.899026Z,KXZEC15M-26OCT050115-15,0.9800,20.00,no
2026-10-05T05:12:16.899254Z,KXZEC15M-26OCT050115-15,0.9800,59.74,no
2026-10-05T05:12:16.899816Z,KXZEC15M-26OCT050115-15,0.9790,3.00,no
2026-10-05T05:12:18.618535Z,KXZEC15M-26OCT050115-15,0.9790,8.91,no
2026-10-05T05:12:20.500537Z,KXZEC15M-26OCT050115-15,0.9810,6.73,yes
2026-10-05T05:12:20.630348Z,KXZEC15M-26OCT050115-15,0.9800,6.70,no
2026-10-05T05:12:22.591714Z,KXZEC15M-26OCT050115-15,0.9790,2.97,no
2026-10-05T05:12:22.591714Z,KXZEC15M-26OCT050115-15,0.9800,0.03,no
2026-10-05T05:12:22.591714Z,KXZEC15M-26OCT050115-15,0.9800,3.00,no
2026-10-05T05:12:22.945555Z,KXZEC15M-26OCT050115-15,0.9800,1.00,no
2026-10-05T05:12:24.301099Z,KXZEC15M-26OCT050115-15,0.9790,3.36,no
2026-10-05T05:12:24.301099Z,KXZEC15M-26OCT050115-15,0.9790,1.09,no
2026-10-05T05:12:29.236098Z,KXZEC15M-26OCT050115-15,0.9510,27.17,no
2026-10-05T05:12:29.236098Z,KXZEC15M-26OCT050115-15,0.9790,0.67,no
2026-10-05T05:12:29.236098Z,KXZEC15M-26OCT050115-15,0.9790,3.00,no
2026-10-05T05:12:29.236098Z,KXZEC15M-26OCT050115-15,0.9790,3.00,no
2026-10-05T05:12:29.236098Z,KXZEC15M-26OCT050115-15,0.9600,10.00,no
2026-10-05T05:12:33.207774Z,KXZEC15M-26OCT050115-15,0.9440,3.95,no
2026-10-05T05:12:33.207774Z,KXZEC15M-26OCT050115-15,0.9460,1.00,no
2026-10-05T05:12:37.008197Z,KXZEC15M-26OCT050115-15,0.9750,5.00,yes
2026-10-05T05:12:37.353165Z,KXZEC15M-26OCT050115-15,0.9330,24.00,no
2026-10-05T05:12:37.353165Z,KXZEC15M-26OCT050115-15,0.9320,4.00,no
2026-10-05T05:12:37.353165Z,KXZEC15M-26OCT050115-15,0.9310,9.66,no
2026-10-05T05:12:37.353165Z,KXZEC15M-26OCT050115-15,0.9330,1.00,no
2026-10-05T05:12:37.353165Z,KXZEC15M-26OCT050115-15,0.9360,1.00,no
2026-10-05T05:12:37.353165Z,KXZEC15M-26OCT050115-15,0.9390,1.00,no
2026-10-05T05:12:37.353165Z,KXZEC15M-26OCT050115-15,0.9330,1.00,no
2026-10-05T05:12:39.519616Z,KXZEC15M-26OCT050115-15,0.9800,5.00,yes
2026-10-05T05:12:39.519616Z,KXZEC15M-26OCT050115-15,0.9780,4.00,yes
2026-10-05T05:12:39.519616Z,KXZEC15M-26OCT050115-15,0.9770,1.00,yes
2026-10-05T05:12:41.995454Z,KXZEC15M-26OCT050115-15,0.9700,11.00,no
2026-10-05T05:12:44.788426Z,KXZEC15M-26OCT050115-15,0.9710,2.00,yes
2026-10-05T05:12:44.94534Z,KXZEC15M-26OCT050115-15,0.9700,2.00,no
2026-10-05T05:12:46.393548Z,KXZEC15M-26OCT050115-15,0.9310,2.60,no
2026-10-05T05:12:54.986511Z,KXZEC15M-26OCT050115-15,0.9790,1.00,yes
2026-10-05T05:12:57.322589Z,KXZEC15M-26OCT050115-15,0.9810,0.98,yes
2026-10-05T05:12:57.322589Z,KXZEC15M-26OCT050115-15,0.9810,13.27,yes
2026-10-05T05:12:59.576336Z,KXZEC15M-26OCT050115-15,0.9720,3.34,no
2026-10-05T05:12:59.87008Z,KXZEC15M-26OCT050115-15,0.9820,20.00,yes
2026-10-05T05:12:59.87008Z,KXZEC15M-26OCT050115-15,0.9830,20.00,yes
2026-10-05T05:12:59.87008Z,KXZEC15M-26OCT050115-15,0.9840,20.00,yes
2026-10-05T05:12:59.87008Z,KXZEC15M-26OCT050115-15,0.9850,8.71,yes
2026-10-05T05:13:00.836324Z,KXZEC15M-26OCT050115-15,0.9820,5.00,yes
2026-10-05T05:13:01.309854Z,KXZEC15M-26OCT050115-15,0.9820,8.89,yes
2026-10-05T05:13:01.309854Z,KXZEC15M-26OCT050115-15,0.9850,11.29,yes
2026-10-05T05:13:01.309854Z,KXZEC15M-26OCT050115-15,0.9860,20.00,yes
2026-10-05T05:13:01.309854Z,KXZEC15M-26OCT050115-15,0.9870,20.00,yes
2026-10-05T05:13:01.309854Z,KXZEC15M-26OCT050115-15,0.9880,20.00,yes
2026-10-05T05:13:01.309854Z,KXZEC15M-26OCT050115-15,0.9890,19.07,yes
2026-10-05T05:13:02.062823Z,KXZEC15M-26OCT050115-15,0.9890,16.00,yes
2026-10-05T05:13:02.062823Z,KXZEC15M-26OCT050115-15,0.9900,17.00,yes
2026-10-05T05:13:02.062823Z,KXZEC15M-26OCT050115-15,0.9890,0.93,yes
2026-10-05T05:13:02.062823Z,KXZEC15M-26OCT050115-15,0.9900,20.00,yes
2026-10-05T05:13:02.062823Z,KXZEC15M-26OCT050115-15,0.9900,0.07,yes
2026-10-05T05:13:02.062823Z,KXZEC15M-26OCT050115-15,0.9900,25.00,yes
2026-10-05T05:13:02.062823Z,KXZEC15M-26OCT050115-15,0.9890,1.00,yes
2026-10-05T05:13:02.355276Z,KXZEC15M-26OCT050115-15,0.9900,6.00,yes
2026-10-05T05:13:02.615042Z,KXZEC15M-26OCT050115-15,0.9900,16.00,yes
2026-10-05T05:13:03.795819Z,KXZEC15M-26OCT050115-15,0.9890,8.18,no
2026-10-05T05:13:04.115493Z,KXZEC15M-26OCT050115-15,0.9900,12.07,yes
2026-10-05T05:13:04.115493Z,KXZEC15M-26OCT050115-15,0.9900,20.00,yes
2026-10-05T05:13:04.115493Z,KXZEC15M-26OCT050115-15,0.9900,25.00,yes
2026-10-05T05:13:04.115493Z,KXZEC15M-26OCT050115-15,0.9900,2.93,yes
2026-10-05T05:13:05.078554Z,KXZEC15M-26OCT050115-15,0.9900,25.00,yes
2026-10-05T05:13:05.171617Z,KXZEC15M-26OCT050115-15,0.9900,27.00,yes
2026-10-05T05:13:05.190142Z,KXZEC15M-26OCT050115-15,0.9900,27.00,yes
2026-10-05T05:13:05.305761Z,KXZEC15M-26OCT050115-15,0.9900,1.40,yes
2026-10-05T05:13:06.159799Z,KXZEC15M-26OCT050115-15,0.9900,28.00,yes
2026-10-05T05:13:06.462646Z,KXZEC15M-26OCT050115-15,0.9900,50.00,yes
2026-10-05T05:13:06.580978Z,KXZEC15M-26OCT050115-15,0.9900,17.17,yes
2026-10-05T05:13:07.587413Z,KXZEC15M-26OCT050115-15,0.9900,9.52,yes
2026-10-05T05:13:08.403468Z,KXZEC15M-26OCT050115-15,0.9900,2.01,yes
2026-10-05T05:13:09.342743Z,KXZEC15M-26OCT050115-15,0.9900,20.00,yes
2026-10-05T05:13:09.588571Z,KXZEC15M-26OCT050115-15,0.9900,644.30,yes
2026-10-05T05:13:09.588571Z,KXZEC15M-26OCT050115-15,0.9900,25.00,yes
2026-10-05T05:13:09.805103Z,KXZEC15M-26OCT050115-15,0.9910,1.00,yes
2026-10-05T05:13:10.655243Z,KXZEC15M-26OCT050115-15,0.9900,10.00,no
2026-10-05T05:13:11.090179Z,KXZEC15M-26OCT050115-15,0.9900,17.09,no
2026-10-05T05:13:11.60403Z,KXZEC15M-26OCT050115-15,0.9910,0.05,yes
2026-10-05T05:13:11.636473Z,KXZEC15M-26OCT050115-15,0.9910,1.00,yes
2026-10-05T05:13:12.553928Z,KXZEC15M-26OCT050115-15,0.9950,14.00,yes
2026-10-05T05:13:12.553928Z,KXZEC15M-26OCT050115-15,0.9940,20.00,yes
2026-10-05T05:13:12.553928Z,KXZEC15M-26OCT050115-15,0.9950,20.00,yes
2026-10-05T05:13:12.553928Z,KXZEC15M-26OCT050115-15,0.9910,17.95,yes
2026-10-05T05:13:12.553928Z,KXZEC15M-26OCT050115-15,0.9920,20.00,yes
2026-10-05T05:13:12.553928Z,KXZEC15M-26OCT050115-15,0.9930,20.00,yes
2026-10-05T05:13:12.553928Z,KXZEC15M-26OCT050115-15,0.9960,20.00,yes
2026-10-05T05:13:12.553928Z,KXZEC15M-26OCT050115-15,0.9960,474.05,yes
2026-10-05T05:13:12.553928Z,KXZEC15M-26OCT050115-15,0.9950,1.00,yes
2026-10-05T05:13:19.756254Z,KXZEC15M-26OCT050115-15,0.9960,4.00,yes
2026-10-05T05:13:19.756254Z,KXZEC15M-26OCT050115-15,0.9960,12.70,yes
2026-10-05T05:13:21.044475Z,KXZEC15M-26OCT050115-15,0.9950,20.00,no
2026-10-05T05:13:21.523325Z,KXZEC15M-26OCT050115-15,0.9970,104.00,yes
2026-10-05T05:13:21.523325Z,KXZEC15M-26OCT050115-15,0.9970,5.00,yes
2026-10-05T05:13:21.523325Z,KXZEC15M-26OCT050115-15,0.9970,250.00,yes
2026-10-05T05:13:21.523325Z,KXZEC15M-26OCT050115-15,0.9970,20.00,yes
2026-10-05T05:13:21.523325Z,KXZEC15M-26OCT050115-15,0.9980,95.05,yes
2026-10-05T05:13:23.638807Z,KXZEC15M-26OCT050115-15,0.9970,1.62,no
2026-10-05T05:13:25.262254Z,KXZEC15M-26OCT050115-15,0.9980,4.00,yes
2026-10-05T05:13:28.780702Z,KXZEC15M-26OCT050115-15,0.9970,20.00,no
2026-10-05T05:13:29.257093Z,KXZEC15M-26OCT050115-15,0.9980,279.98,yes
2026-10-05T05:13:29.257093Z,KXZEC15M-26OCT050115-15,0.9980,20.00,yes
2026-10-05T05:13:29.257093Z,KXZEC15M-26OCT050115-15,0.9980,0.95,yes
2026-10-05T05:13:29.257093Z,KXZEC15M-26OCT050115-15,0.9980,200.00,yes
2026-10-05T05:13:33.313648Z,KXZEC15M-26OCT050115-15,0.9970,11.00,no
2026-10-05T05:13:33.313648Z,KXZEC15M-26OCT050115-15,0.9970,3.38,no
2026-10-05T05:13:34.810882Z,KXZEC15M-26OCT050115-15,0.9970,14.00,no
2026-10-05T05:13:34.810882Z,KXZEC15M-26OCT050115-15,0.9970,85.00,no
2026-10-05T05:13:34.810961Z,KXZEC15M-26OCT050115-15,0.9970,6.00,no
2026-10-05T05:13:35.025951Z,KXZEC15M-26OCT050115-15,0.9970,2.00,no
2026-10-05T05:13:40.479438Z,KXZEC15M-26OCT050115-15,0.9980,1.00,yes
2026-10-05T05:13:43.699047Z,KXZEC15M-26OCT050115-15,0.9980,3.00,yes
2026-10-05T05:13:43.699047Z,KXZEC15M-26OCT050115-15,0.9980,56.00,yes
2026-10-05T05:13:43.699047Z,KXZEC15M-26OCT050115-15,0.9980,219.02,yes
2026-10-05T05:13:54.462292Z,KXZEC15M-26OCT050115-15,0.9990,1.00,yes
2026-10-05T05:13:54.462292Z,KXZEC15M-26OCT050115-15,0.9990,11.00,yes
2026-10-05T05:13:54.462292Z,KXZEC15M-26OCT050115-15,0.9990,1.00,yes
2026-10-05T05:13:54.462292Z,KXZEC15M-26OCT050115-15,0.9990,200.00,yes
2026-10-05T05:13:55.56319Z,KXZEC15M-26OCT050115-15,0.9990,1.00,yes
2026-10-05T05:13:55.56319Z,KXZEC15M-26OCT050115-15,0.9990,1.00,yes
2026-10-05T05:13:55.56319Z,KXZEC15M-26OCT050115-15,0.9990,9.00,yes
2026-10-05T05:14:49.843424Z,KXZEC15M-26OCT050115-15,0.9990,9.20,no
2026-10-05T05:12:47.774865Z,KXPLATINUM15M-26OCT050115-15,0.8600,13.62,no
2026-10-05T05:12:50.808139Z,KXPLATINUM15M-26OCT050115-15,0.8800,36.03,no
2026-10-05T05:12:53.247827Z,KXPLATINUM15M-26OCT050115-15,0.8700,24.54,no
2026-10-05T05:12:55.867325Z,KXPLATINUM15M-26OCT050115-15,0.8600,17.16,no
2026-10-05T05:12:55.867325Z,KXPLATINUM15M-26OCT050115-15,0.8600,30.00,no
2026-10-05T05:12:59.683658Z,KXPLATINUM15M-26OCT050115-15,0.8800,5.82,no
2026-10-05T05:12:59.735702Z,KXPLATINUM15M-26OCT050115-15,0.8800,9.50,no
2026-10-05T05:13:00.476123Z,KXPLATINUM15M-26OCT050115-15,0.9400,30.00,yes
2026-10-05T05:13:00.476123Z,KXPLATINUM15M-26OCT050115-15,0.9400,60.00,yes
2026-10-05T05:13:00.476123Z,KXPLATINUM15M-26OCT050115-15,0.9300,20.00,yes
2026-10-05T05:13:00.476123Z,KXPLATINUM15M-26OCT050115-15,0.9200,19.25,yes
2026-10-05T05:13:00.476123Z,KXPLATINUM15M-26OCT050115-15,0.9400,60.00,yes
2026-10-05T05:13:00.476123Z,KXPLATINUM15M-26OCT050115-15,0.9500,84.70,yes
2026-10-05T05:13:00.476123Z,KXPLATINUM15M-26OCT050115-15,0.9400,30.00,yes
2026-10-05T05:13:00.476123Z,KXPLATINUM15M-26OCT050115-15,0.9300,29.00,yes
2026-10-05T05:13:00.476123Z,KXPLATINUM15M-26OCT050115-15,0.9400,11.33,yes
2026-10-05T05:13:00.476123Z,KXPLATINUM15M-26OCT050115-15,0.9300,7.00,yes
2026-10-05T05:13:00.476123Z,KXPLATINUM15M-26OCT050115-15,0.9500,50.00,yes
2026-10-05T05:13:00.476123Z,KXPLATINUM15M-26OCT050115-15,0.9300,20.00,yes
2026-10-05T05:13:02.609395Z,KXPLATINUM15M-26OCT050115-15,0.9400,10.00,yes
2026-10-05T05:13:05.04237Z,KXPLATINUM15M-26OCT050115-15,0.9300,5.00,no
2026-10-05T05:13:05.04237Z,KXPLATINUM15M-26OCT050115-15,0.9300,18.81,no
2026-10-05T05:13:05.046988Z,KXPLATINUM15M-26OCT050115-15,0.9700,5.51,yes
2026-10-05T05:13:05.046988Z,KXPLATINUM15M-26OCT050115-15,0.9700,5.77,yes
2026-10-05T05:13:05.046988Z,KXPLATINUM15M-26OCT050115-15,0.9400,5.00,yes
2026-10-05T05:13:05.046988Z,KXPLATINUM15M-26OCT050115-15,0.9500,50.00,yes
2026-10-05T05:13:05.046988Z,KXPLATINUM15M-26OCT050115-15,0.9500,30.00,yes
2026-10-05T05:13:05.046988Z,KXPLATINUM15M-26OCT050115-15,0.9500,60.00,yes
2026-10-05T05:13:05.046988Z,KXPLATINUM15M-26OCT050115-15,0.9500,60.00,yes
2026-10-05T05:13:05.046988Z,KXPLATINUM15M-26OCT050115-15,0.9400,11.00,yes
2026-10-05T05:13:05.046988Z,KXPLATINUM15M-26OCT050115-15,0.9600,20.00,yes
2026-10-05T05:13:05.046988Z,KXPLATINUM15M-26OCT050115-15,0.9500,30.00,yes
2026-10-05T05:13:05.046988Z,KXPLATINUM15M-26OCT050115-15,0.9600,8.00,yes
2026-10-05T05:13:05.046988Z,KXPLATINUM15M-26OCT050115-15,0.9700,8.00,yes
2026-10-05T05:13:05.046988Z,KXPLATINUM15M-26OCT050115-15,0.9600,10.00,yes
2026-10-05T05:13:05.046988Z,KXPLATINUM15M-26OCT050115-15,0.9700,10.00,yes
2026-10-05T05:13:05.946863Z,KXPLATINUM15M-26OCT050115-15,0.9700,2.05,yes
2026-10-05T05:13:12.403583Z,KXPLATINUM15M-26OCT050115-15,0.9600,9.85,no
2026-10-05T05:13:12.588284Z,KXPLATINUM15M-26OCT050115-15,0.9700,5.62,yes
2026-10-05T05:13:12.594252Z,KXPLATINUM15M-26OCT050115-15,0.9700,5.57,yes
2026-10-05T05:13:12.762212Z,KXPLATINUM15M-26OCT050115-15,0.9600,0.72,no
2026-10-05T05:13:12.803581Z,KXPLATINUM15M-26OCT050115-15,0.9700,11.76,yes
2026-10-05T05:13:13.3445Z,KXPLATINUM15M-26OCT050115-15,0.9900,2.49,yes
2026-10-05T05:13:13.3445Z,KXPLATINUM15M-26OCT050115-15,0.9900,12.00,yes
2026-10-05T05:13:13.3445Z,KXPLATINUM15M-26OCT050115-15,0.9900,2.49,yes
2026-10-05T05:13:13.3445Z,KXPLATINUM15M-26OCT050115-15,0.9900,2.40,yes
2026-10-05T05:13:13.3445Z,KXPLATINUM15M-26OCT050115-15,0.9900,97.62,yes
2026-10-05T05:13:13.3445Z,KXPLATINUM15M-26OCT050115-15,0.9800,2.00,yes
2026-10-05T05:13:13.3445Z,KXPLATINUM15M-26OCT050115-15,0.9800,5.00,yes
2026-10-05T05:13:13.3445Z,KXPLATINUM15M-26OCT050115-15,0.9800,15.00,yes
2026-10-05T05:13:13.3445Z,KXPLATINUM15M-26OCT050115-15,0.9900,1.00,yes
2026-10-05T05:13:13.3445Z,KXPLATINUM15M-26OCT050115-15,0.9800,4.00,yes
2026-10-05T05:13:13.3445Z,KXPLATINUM15M-26OCT050115-15,0.9900,20.00,yes
2026-10-05T05:13:13.3445Z,KXPLATINUM15M-26OCT050115-15,0.9900,10.00,yes
2026-10-05T05:13:13.3445Z,KXPLATINUM15M-26OCT050115-15,0.9900,100.00,yes
2026-10-05T05:13:13.3445Z,KXPLATINUM15M-26OCT050115-15,0.9900,2.00,yes
2026-10-05T05:13:13.3445Z,KXPLATINUM15M-26OCT050115-15,0.9900,20.00,yes
2026-10-05T05:13:13.3445Z,KXPLATINUM15M-26OCT050115-15,0.9900,1.00,yes
2026-10-05T05:13:13.3445Z,KXPLATINUM15M-26OCT050115-15,0.9900,2.00,yes
2026-10-05T05:13:13.3445Z,KXPLATINUM15M-26OCT050115-15,0.9800,1.00,yes
2026-10-05T05:13:15.707616Z,KXPLATINUM15M-26OCT050115-15,0.9900,3.00,yes
2026-10-05T05:13:19.209974Z,KXPLATINUM15M-26OCT050115-15,0.9800,3.87,no
2026-10-05T05:13:19.209974Z,KXPLATINUM15M-26OCT050115-15,0.9800,3.00,no
2026-10-05T05:13:19.209974Z,KXPLATINUM15M-26OCT050115-15,0.9800,2.28,no
2026-10-05T05:13:19.209974Z,KXPLATINUM15M-26OCT050115-15,0.9800,20.00,no
2026-10-05T05:13:22.585592Z,KXPLATINUM15M-26OCT050115-15,0.9900,20.00,yes
2026-10-05T05:13:22.585592Z,KXPLATINUM15M-26OCT050115-15,0.9900,3.00,yes
2026-10-05T05:13:22.585592Z,KXPLATINUM15M-26OCT050115-15,0.9900,125.10,yes
2026-10-05T05:13:23.016509Z,KXPLATINUM15M-26OCT050115-15,0.9900,46.75,no
2026-10-05T05:13:25.66126Z,KXPLATINUM15M-26OCT050115-15,0.9900,2.05,no
2026-10-05T05:13:26.76857Z,KXPLATINUM15M-26OCT050115-15,0.9900,187.86,no
2026-10-05T05:14:11.63332Z,KXPLATINUM15M-26OCT050115-15,0.9900,28.05,no
2026-10-05T05:13:05.391891Z,KXXRP15M-26OCT050115-15,0.1100,2.31,yes
2026-10-05T05:13:05.391891Z,KXXRP15M-26OCT050115-15,0.1100,20.00,yes
2026-10-05T05:13:05.391891Z,KXXRP15M-26OCT050115-15,0.1100,10.00,yes
2026-10-05T05:13:05.391891Z,KXXRP15M-26OCT050115-15,0.1100,9.00,yes
2026-10-05T05:13:05.616881Z,KXXRP15M-26OCT050115-15,0.1100,6.00,yes
2026-10-05T05:13:05.616881Z,KXXRP15M-26OCT050115-15,0.1100,10.00,yes
2026-10-05T05:13:05.616881Z,KXXRP15M-26OCT050115-15,0.1100,10.69,yes
2026-10-05T05:13:05.83802Z,KXXRP15M-26OCT050115-15,0.1400,5.00,yes
2026-10-05T05:13:05.958889Z,KXXRP15M-26OCT050115-15,0.1300,2.94,no
2026-10-05T05:13:05.958889Z,KXXRP15M-26OCT050115-15,0.1300,20.00,no
2026-10-05T05:13:06.224552Z,KXXRP15M-26OCT050115-15,0.1400,10.00,yes
2026-10-05T05:13:06.224552Z,KXXRP15M-26OCT050115-15,0.1400,8.00,yes
2026-10-05T05:13:06.263732Z,KXXRP15M-26OCT050115-15,0.1500,1.00,yes
2026-10-05T05:13:06.263732Z,KXXRP15M-26OCT050115-15,0.1500,5.00,yes
2026-10-05T05:13:06.359823Z,KXXRP15M-26OCT050115-15,0.1400,3.00,no
2026-10-05T05:13:06.481136Z,KXXRP15M-26OCT050115-15,0.1500,14.00,yes
2026-10-05T05:13:07.273517Z,KXXRP15M-26OCT050115-15,0.1400,2.26,no
2026-10-05T05:13:07.845332Z,KXXRP15M-26OCT050115-15,0.1400,6.00,no
2026-10-05T05:13:07.845332Z,KXXRP15M-26OCT050115-15,0.1400,4.00,no
2026-10-05T05:13:07.957128Z,KXXRP15M-26OCT050115-15,0.1400,78.80,no
2026-10-05T05:13:08.005237Z,KXXRP15M-26OCT050115-15,0.1400,17.06,no
2026-10-05T05:13:08.363528Z,KXXRP15M-26OCT050115-15,0.1400,0.10,no
2026-10-05T05:13:09.855211Z,KXXRP15M-26OCT050115-15,0.1600,2.00,yes
2026-10-05T05:13:09.855211Z,KXXRP15M-26OCT050115-15,0.1600,16.00,yes
2026-10-05T05:13:10.07862Z,KXXRP15M-26OCT050115-15,0.2000,1.00,yes
2026-10-05T05:13:10.078835Z,KXXRP15M-26OCT050115-15,0.2000,8.00,yes
2026-10-05T05:13:10.078835Z,KXXRP15M-26OCT050115-15,0.2000,24.00,yes
2026-10-05T05:13:10.078835Z,KXXRP15M-26OCT050115-15,0.2000,7.50,yes
2026-10-05T05:13:10.595375Z,KXXRP15M-26OCT050115-15,0.2200,0.10,no
2026-10-05T05:13:10.754077Z,KXXRP15M-26OCT050115-15,0.2300,2.00,yes
2026-10-05T05:13:10.754077Z,KXXRP15M-26OCT050115-15,0.2300,31.50,yes
2026-10-05T05:13:10.754077Z,KXXRP15M-26OCT050115-15,0.2300,7.50,yes
2026-10-05T05:13:10.754077Z,KXXRP15M-26OCT050115-15,0.2300,8.00,yes
2026-10-05T05:13:11.004519Z,KXXRP15M-26OCT050115-15,0.2200,1.00,no
2026-10-05T05:13:11.354147Z,KXXRP15M-26OCT050115-15,0.2700,400.00,yes
2026-10-05T05:13:11.354147Z,KXXRP15M-26OCT050115-15,0.2600,40.00,yes
2026-10-05T05:13:11.354147Z,KXXRP15M-26OCT050115-15,0.2500,20.00,yes
2026-10-05T05:13:11.354147Z,KXXRP15M-26OCT050115-15,0.2300,51.00,yes
2026-10-05T05:13:11.354147Z,KXXRP15M-26OCT050115-15,0.2600,20.00,yes
2026-10-05T05:13:11.354147Z,KXXRP15M-26OCT050115-15,0.2700,2.00,yes
2026-10-05T05:13:11.354147Z,KXXRP15M-26OCT050115-15,0.2400,400.00,yes
2026-10-05T05:13:11.354147Z,KXXRP15M-26OCT050115-15,0.2300,8.00,yes
2026-10-05T05:13:11.354147Z,KXXRP15M-26OCT050115-15,0.2600,29.00,yes
2026-10-05T05:13:11.354147Z,KXXRP15M-26OCT050115-15,0.2600,1.00,yes
2026-10-05T05:13:11.354147Z,KXXRP15M-26OCT050115-15,0.2700,1.00,yes
2026-10-05T05:13:11.699509Z,KXXRP15M-26OCT050115-15,0.2500,3.66,yes
2026-10-05T05:13:11.793158Z,KXXRP15M-26OCT050115-15,0.2400,6.58,yes
2026-10-05T05:13:11.793158Z,KXXRP15M-26OCT050115-15,0.2400,6.58,yes
2026-10-05T05:13:11.793158Z,KXXRP15M-26OCT050115-15,0.2400,8.00,yes
2026-10-05T05:13:11.793158Z,KXXRP15M-26OCT050115-15,0.2400,21.00,yes
2026-10-05T05:13:11.793158Z,KXXRP15M-26OCT050115-15,0.2400,6.44,yes
2026-10-05T05:13:13.025436Z,KXXRP15M-26OCT050115-15,0.2400,10.00,yes
2026-10-05T05:13:13.986182Z,KXXRP15M-26OCT050115-15,0.2300,76.00,yes
2026-10-05T05:13:14.022979Z,KXXRP15M-26OCT050115-15,0.2100,20.00,no
2026-10-05T05:13:14.055606Z,KXXRP15M-26OCT050115-15,0.2100,17.00,yes
2026-10-05T05:13:14.118459Z,KXXRP15M-26OCT050115-15,0.2000,5.00,no
2026-10-05T05:13:14.118459Z,KXXRP15M-26OCT050115-15,0.2000,32.00,no
2026-10-05T05:13:14.118459Z,KXXRP15M-26OCT050115-15,0.2000,50.00,no
2026-10-05T05:13:14.132419Z,KXXRP15M-26OCT050115-15,0.1800,39.00,no
2026-10-05T05:13:14.132419Z,KXXRP15M-26OCT050115-15,0.1700,1.00,no
2026-10-05T05:13:14.132419Z,KXXRP15M-26OCT050115-15,0.1800,1.00,no
2026-10-05T05:13:14.132419Z,KXXRP15M-26OCT050115-15,0.1700,1.00,no
2026-10-05T05:13:14.132419Z,KXXRP15M-26OCT050115-15,0.1700,10.00,no
2026-10-05T05:13:14.132419Z,KXXRP15M-26OCT050115-15,0.1800,36.00,no
2026-10-05T05:13:14.165358Z,KXXRP15M-26OCT050115-15,0.1800,4.12,yes
2026-10-05T05:13:14.223362Z,KXXRP15M-26OCT050115-15,0.1700,5.00,yes
2026-10-05T05:13:14.274453Z,KXXRP15M-26OCT050115-15,0.1800,3.03,yes
2026-10-05T05:13:14.274453Z,KXXRP15M-26OCT050115-15,0.1700,10.00,yes
2026-10-05T05:13:14.281952Z,KXXRP15M-26OCT050115-15,0.1700,8.25,yes
2026-10-05T05:13:14.572977Z,KXXRP15M-26OCT050115-15,0.1600,19.00,no
2026-10-05T05:13:14.674804Z,KXXRP15M-26OCT050115-15,0.1600,6.00,no
2026-10-05T05:13:14.674804Z,KXXRP15M-26OCT050115-15,0.1600,1.00,no
2026-10-05T05:13:14.717848Z,KXXRP15M-26OCT050115-15,0.1700,5.25,yes
2026-10-05T05:13:15.072794Z,KXXRP15M-26OCT050115-15,0.1700,10.00,yes
2026-10-05T05:13:15.072794Z,KXXRP15M-26OCT050115-15,0.1800,79.47,yes
2026-10-05T05:13:15.072794Z,KXXRP15M-26OCT050115-15,0.1800,16.97,yes
2026-10-05T05:13:15.072794Z,KXXRP15M-26OCT050115-15,0.1800,7.00,yes
2026-10-05T05:13:15.072794Z,KXXRP15M-26OCT050115-15,0.1600,45.00,yes
2026-10-05T05:13:15.450986Z,KXXRP15M-26OCT050115-15,0.1600,5.55,yes
2026-10-05T05:13:15.870237Z,KXXRP15M-26OCT050115-15,0.1400,26.00,no
2026-10-05T05:13:15.870237Z,KXXRP15M-26OCT050115-15,0.1500,6.00,no
2026-10-05T05:13:15.870237Z,KXXRP15M-26OCT050115-15,0.1500,14.00,no
2026-10-05T05:13:15.870237Z,KXXRP15M-26OCT050115-15,0.1500,20.00,no
2026-10-05T05:13:15.870271Z,KXXRP15M-26OCT050115-15,0.1400,51.00,no
2026-10-05T05:13:16.561448Z,KXXRP15M-26OCT050115-15,0.1500,16.00,yes
2026-10-05T05:13:16.561448Z,KXXRP15M-26OCT050115-15,0.1500,0.10,yes
2026-10-05T05:13:16.561448Z,KXXRP15M-26OCT050115-15,0.1700,19.90,yes
2026-10-05T05:13:16.561448Z,KXXRP15M-26OCT050115-15,0.1700,10.00,yes
2026-10-05T05:13:16.561448Z,KXXRP15M-26OCT050115-15,0.1600,7.00,yes
2026-10-05T05:13:16.603366Z,KXXRP15M-26OCT050115-15,0.1600,2.93,yes
2026-10-05T05:13:16.761668Z,KXXRP15M-26OCT050115-15,0.1600,1.00,yes
2026-10-05T05:13:16.808552Z,KXXRP15M-26OCT050115-15,0.1600,5.88,yes
2026-10-05T05:13:17.210272Z,KXXRP15M-26OCT050115-15,0.1600,5.88,yes
2026-10-05T05:13:17.23957Z,KXXRP15M-26OCT050115-15,0.1400,14.92,no
2026-10-05T05:13:17.255626Z,KXXRP15M-26OCT050115-15,0.1400,5.08,no
2026-10-05T05:13:17.255626Z,KXXRP15M-26OCT050115-15,0.1400,32.00,no
2026-10-05T05:13:17.348507Z,KXXRP15M-26OCT050115-15,0.1300,20.00,no
2026-10-05T05:13:17.49488Z,KXXRP15M-26OCT050115-15,0.1200,3.27,yes
2026-10-05T05:13:17.49488Z,KXXRP15M-26OCT050115-15,0.1200,10.00,yes
2026-10-05T05:13:17.569184Z,KXXRP15M-26OCT050115-15,0.0930,5.00,no
2026-10-05T05:13:17.569184Z,KXXRP15M-26OCT050115-15,0.1100,2.00,no
2026-10-05T05:13:17.569184Z,KXXRP15M-26OCT050115-15,0.0920,14.00,no
2026-10-05T05:13:17.569184Z,KXXRP15M-26OCT050115-15,0.0950,1.00,no
2026-10-05T05:13:17.569184Z,KXXRP15M-26OCT050115-15,0.0950,1.00,no
2026-10-05T05:13:17.569184Z,KXXRP15M-26OCT050115-15,0.0990,1.00,no
2026-10-05T05:13:17.772778Z,KXXRP15M-26OCT050115-15,0.1100,10.00,yes
2026-10-05T05:13:17.772778Z,KXXRP15M-26OCT050115-15,0.1100,15.16,yes
2026-10-05T05:13:17.965936Z,KXXRP15M-26OCT050115-15,0.0910,5.00,no
2026-10-05T05:13:17.965936Z,KXXRP15M-26OCT050115-15,0.0960,1.00,no
2026-10-05T05:13:17.965936Z,KXXRP15M-26OCT050115-15,0.0900,10.21,no
2026-10-05T05:13:17.965936Z,KXXRP15M-26OCT050115-15,0.0900,1.00,no
2026-10-05T05:13:18.191665Z,KXXRP15M-26OCT050115-15,0.1000,0.10,yes
2026-10-05T05:13:18.191665Z,KXXRP15M-26OCT050115-15,0.1000,4.90,yes
2026-10-05T05:13:18.191665Z,KXXRP15M-26OCT050115-15,0.0990,10.00,yes
2026-10-05T05:13:18.273431Z,KXXRP15M-26OCT050115-15,0.0970,27.10,no
2026-10-05T05:13:18.496175Z,KXXRP15M-26OCT050115-15,0.0970,5.90,no
2026-10-05T05:13:18.496175Z,KXXRP15M-26OCT050115-15,0.0970,29.00,no
2026-10-05T05:13:18.496175Z,KXXRP15M-26OCT050115-15,0.0960,19.10,no
2026-10-05T05:13:19.994162Z,KXXRP15M-26OCT050115-15,0.0850,1.10,yes
2026-10-05T05:13:20.245648Z,KXXRP15M-26OCT050115-15,0.0850,10.00,yes
2026-10-05T05:13:20.245648Z,KXXRP15M-26OCT050115-15,0.0860,1.00,yes
2026-10-05T05:13:20.286108Z,KXXRP15M-26OCT050115-15,0.0850,10.00,yes
2026-10-05T05:13:20.286108Z,KXXRP15M-26OCT050115-15,0.0860,1.00,yes
2026-10-05T05:13:20.420864Z,KXXRP15M-26OCT050115-15,0.0850,2.25,yes
2026-10-05T05:13:20.66505Z,KXXRP15M-26OCT050115-15,0.0850,10.00,yes
2026-10-05T05:13:20.867725Z,KXXRP15M-26OCT050115-15,0.0880,1.00,yes
2026-10-05T05:13:20.867725Z,KXXRP15M-26OCT050115-15,0.0940,1.00,yes
2026-10-05T05:13:20.867725Z,KXXRP15M-26OCT050115-15,0.0980,9.00,yes
2026-10-05T05:13:20.867725Z,KXXRP15M-26OCT050115-15,0.0920,1.00,yes
2026-10-05T05:13:20.867725Z,KXXRP15M-26OCT050115-15,0.1000,12.06,yes
2026-10-05T05:13:20.867725Z,KXXRP15M-26OCT050115-15,0.0860,1.00,yes
2026-10-05T05:13:20.867725Z,KXXRP15M-26OCT050115-15,0.0850,10.00,yes
2026-10-05T05:13:20.867725Z,KXXRP15M-26OCT050115-15,0.0960,1.00,yes
2026-10-05T05:13:20.867725Z,KXXRP15M-26OCT050115-15,0.0970,1.00,yes
2026-10-05T05:13:20.867725Z,KXXRP15M-26OCT050115-15,0.0990,12.00,yes
2026-10-05T05:13:20.878778Z,KXXRP15M-26OCT050115-15,0.0990,10.00,yes
2026-10-05T05:13:20.878778Z,KXXRP15M-26OCT050115-15,0.1000,33.74,yes
2026-10-05T05:13:21.700735Z,KXXRP15M-26OCT050115-15,0.0870,5.00,no
2026-10-05T05:13:21.700735Z,KXXRP15M-26OCT050115-15,0.0900,5.00,no
2026-10-05T05:13:21.700735Z,KXXRP15M-26OCT050115-15,0.0850,13.00,no
2026-10-05T05:13:22.019426Z,KXXRP15M-26OCT050115-15,0.0860,5.00,no
2026-10-05T05:13:23.381418Z,KXXRP15M-26OCT050115-15,0.0860,0.01,yes
2026-10-05T05:13:23.401044Z,KXXRP15M-26OCT050115-15,0.0860,0.10,yes
2026-10-05T05:13:23.401044Z,KXXRP15M-26OCT050115-15,0.0860,1.00,yes
2026-10-05T05:13:23.401044Z,KXXRP15M-26OCT050115-15,0.0860,9.82,yes
2026-10-05T05:13:24.187527Z,KXXRP15M-26OCT050115-15,0.0860,1.00,yes
2026-10-05T05:13:24.187527Z,KXXRP15M-26OCT050115-15,0.0860,0.50,yes
2026-10-05T05:13:24.640489Z,KXXRP15M-26OCT050115-15,0.0850,5.00,no
2026-10-05T05:13:24.640489Z,KXXRP15M-26OCT050115-15,0.0850,12.00,no
2026-10-05T05:13:25.026094Z,KXXRP15M-26OCT050115-15,0.0850,5.00,no
2026-10-05T05:13:25.026094Z,KXXRP15M-26OCT050115-15,0.0850,1.00,no
2026-10-05T05:13:25.452269Z,KXXRP15M-26OCT050115-15,0.0860,1.00,yes
2026-10-05T05:13:25.452269Z,KXXRP15M-26OCT050115-15,0.0900,1.00,yes
2026-10-05T05:13:25.452269Z,KXXRP15M-26OCT050115-15,0.0940,0.86,yes
2026-10-05T05:13:25.452269Z,KXXRP15M-26OCT050115-15,0.0930,8.00,yes
2026-10-05T05:13:25.452269Z,KXXRP15M-26OCT050115-15,0.0850,10.00,yes
2026-10-05T05:13:26.22467Z,KXXRP15M-26OCT050115-15,0.0850,5.00,no
2026-10-05T05:13:26.290831Z,KXXRP15M-26OCT050115-15,0.1000,1.00,yes
2026-10-05T05:13:26.290831Z,KXXRP15M-26OCT050115-15,0.1000,39.71,yes
2026-10-05T05:13:26.290831Z,KXXRP15M-26OCT050115-15,0.0990,12.00,yes
2026-10-05T05:13:26.290831Z,KXXRP15M-26OCT050115-15,0.0930,5.00,yes
2026-10-05T05:13:26.290831Z,KXXRP15M-26OCT050115-15,0.0980,1.00,yes
2026-10-05T05:13:26.290831Z,KXXRP15M-26OCT050115-15,0.0920,5.00,yes
2026-10-05T05:13:26.290831Z,KXXRP15M-26OCT050115-15,0.0850,1.00,yes
2026-10-05T05:13:26.290831Z,KXXRP15M-26OCT050115-15,0.0840,10.00,yes
2026-10-05T05:13:26.290831Z,KXXRP15M-26OCT050115-15,0.0980,9.00,yes
2026-10-05T05:13:26.290831Z,KXXRP15M-26OCT050115-15,0.0900,1.00,yes
2026-10-05T05:13:26.290831Z,KXXRP15M-26OCT050115-15,0.0960,1.00,yes
2026-10-05T05:13:26.421486Z,KXXRP15M-26OCT050115-15,0.0830,33.00,no
2026-10-05T05:13:26.421486Z,KXXRP15M-26OCT050115-15,0.0840,5.00,no
2026-10-05T05:13:26.421486Z,KXXRP15M-26OCT050115-15,0.0850,5.00,no
2026-10-05T05:13:26.421486Z,KXXRP15M-26OCT050115-15,0.0850,5.00,no
2026-10-05T05:13:26.421486Z,KXXRP15M-26OCT050115-15,0.0820,52.00,no
2026-10-05T05:13:27.19233Z,KXXRP15M-26OCT050115-15,0.0850,5.22,yes
2026-10-05T05:13:28.779371Z,KXXRP15M-26OCT050115-15,0.0830,2.12,no
2026-10-05T05:13:29.236988Z,KXXRP15M-26OCT050115-15,0.0830,1.88,no
2026-10-05T05:13:29.236988Z,KXXRP15M-26OCT050115-15,0.0830,10.12,no
2026-10-05T05:13:29.314032Z,KXXRP15M-26OCT050115-15,0.0820,2.00,no
2026-10-05T05:13:29.427594Z,KXXRP15M-26OCT050115-15,0.0820,8.00,no
2026-10-05T05:13:29.543097Z,KXXRP15M-26OCT050115-15,0.0820,9.00,no
2026-10-05T05:13:29.644467Z,KXXRP15M-26OCT050115-15,0.0820,5.00,no
2026-10-05T05:13:30.003977Z,KXXRP15M-26OCT050115-15,0.0820,0.71,no
2026-10-05T05:13:30.054804Z,KXXRP15M-26OCT050115-15,0.0820,86.00,no
2026-10-05T05:13:30.132431Z,KXXRP15M-26OCT050115-15,0.0820,1.87,no
2026-10-05T05:13:30.158403Z,KXXRP15M-26OCT050115-15,0.0820,23.00,no
2026-10-05T05:13:30.259534Z,KXXRP15M-26OCT050115-15,0.0820,6.00,no
2026-10-05T05:13:30.275839Z,KXXRP15M-26OCT050115-15,0.0830,1.00,yes
2026-10-05T05:13:30.275839Z,KXXRP15M-26OCT050115-15,0.0830,10.00,yes
2026-10-05T05:13:30.280287Z,KXXRP15M-26OCT050115-15,0.0850,10.00,yes
2026-10-05T05:13:30.280287Z,KXXRP15M-26OCT050115-15,0.0860,1.00,yes
2026-10-05T05:13:30.280287Z,KXXRP15M-26OCT050115-15,0.0900,1.00,yes
2026-10-05T05:13:30.280287Z,KXXRP15M-26OCT050115-15,0.0940,10.00,yes
2026-10-05T05:13:30.570278Z,KXXRP15M-26OCT050115-15,0.0940,1.00,yes
2026-10-05T05:13:30.570278Z,KXXRP15M-26OCT050115-15,0.0910,1.00,yes
2026-10-05T05:13:30.629558Z,KXXRP15M-26OCT050115-15,0.0940,8.00,no
2026-10-05T05:13:30.629558Z,KXXRP15M-26OCT050115-15,0.0950,20.00,no
2026-10-05T05:13:30.629558Z,KXXRP15M-26OCT050115-15,0.0900,7.50,no
2026-10-05T05:13:30.629558Z,KXXRP15M-26OCT050115-15,0.0840,4.00,no
2026-10-05T05:13:30.629558Z,KXXRP15M-26OCT050115-15,0.0830,18.00,no
2026-10-05T05:13:30.629558Z,KXXRP15M-26OCT050115-15,0.0820,103.50,no
2026-10-05T05:13:30.673546Z,KXXRP15M-26OCT050115-15,0.1100,1.00,yes
2026-10-05T05:13:30.673546Z,KXXRP15M-26OCT050115-15,0.1100,5.00,yes
2026-10-05T05:13:31.364851Z,KXXRP15M-26OCT050115-15,0.1100,7.50,yes
2026-10-05T05:13:31.364851Z,KXXRP15M-26OCT050115-15,0.1100,2.50,yes
2026-10-05T05:13:32.53712Z,KXXRP15M-26OCT050115-15,0.0810,10.00,no
2026-10-05T05:13:32.860617Z,KXXRP15M-26OCT050115-15,0.0750,7.00,no
2026-10-05T05:13:32.860617Z,KXXRP15M-26OCT050115-15,0.0800,10.00,no
2026-10-05T05:13:33.064139Z,KXXRP15M-26OCT050115-15,0.0820,9.40,yes
2026-10-05T05:13:33.800276Z,KXXRP15M-26OCT050115-15,0.0710,1.00,yes
2026-10-05T05:13:35.552219Z,KXXRP15M-26OCT050115-15,0.0730,1.00,yes
2026-10-05T05:13:35.552219Z,KXXRP15M-26OCT050115-15,0.0750,1.00,yes
2026-10-05T05:13:35.552219Z,KXXRP15M-26OCT050115-15,0.0710,5.00,yes
2026-10-05T05:13:35.552219Z,KXXRP15M-26OCT050115-15,0.0710,1.00,yes
2026-10-05T05:13:35.552219Z,KXXRP15M-26OCT050115-15,0.0740,1.00,yes
2026-10-05T05:13:35.552219Z,KXXRP15M-26OCT050115-15,0.0780,1.00,yes
2026-10-05T05:13:35.552219Z,KXXRP15M-26OCT050115-15,0.0820,4.65,yes
2026-10-05T05:13:35.552219Z,KXXRP15M-26OCT050115-15,0.0720,5.00,yes
2026-10-05T05:13:35.552219Z,KXXRP15M-26OCT050115-15,0.0810,1.00,yes
2026-10-05T05:13:35.552219Z,KXXRP15M-26OCT050115-15,0.0710,10.00,yes
2026-10-05T05:13:35.974149Z,KXXRP15M-26OCT050115-15,0.0700,1.00,no
2026-10-05T05:13:36.782373Z,KXXRP15M-26OCT050115-15,0.0620,5.00,no
2026-10-05T05:13:36.782373Z,KXXRP15M-26OCT050115-15,0.0620,5.00,no
2026-10-05T05:13:36.919413Z,KXXRP15M-26OCT050115-15,0.0630,5.00,yes
2026-10-05T05:13:36.919413Z,KXXRP15M-26OCT050115-15,0.0620,5.00,yes
2026-10-05T05:13:36.919413Z,KXXRP15M-26OCT050115-15,0.0650,0.10,yes
2026-10-05T05:13:36.919413Z,KXXRP15M-26OCT050115-15,0.0620,10.00,yes
2026-10-05T05:13:36.919413Z,KXXRP15M-26OCT050115-15,0.0700,1.00,yes
2026-10-05T05:13:37.376283Z,KXXRP15M-26OCT050115-15,0.0660,1.00,yes
2026-10-05T05:13:37.376283Z,KXXRP15M-26OCT050115-15,0.0780,1.00,yes
2026-10-05T05:13:37.376283Z,KXXRP15M-26OCT050115-15,0.0750,7.50,yes
2026-10-05T05:13:37.376283Z,KXXRP15M-26OCT050115-15,0.0800,1.34,yes
2026-10-05T05:13:37.376283Z,KXXRP15M-26OCT050115-15,0.0650,10.00,yes
2026-10-05T05:13:37.376283Z,KXXRP15M-26OCT050115-15,0.0670,5.00,yes
2026-10-05T05:13:37.376283Z,KXXRP15M-26OCT050115-15,0.0680,5.00,yes
2026-10-05T05:13:37.456537Z,KXXRP15M-26OCT050115-15,0.0660,5.00,yes
2026-10-05T05:13:37.456537Z,KXXRP15M-26OCT050115-15,0.0650,10.00,yes
2026-10-05T05:13:37.456537Z,KXXRP15M-26OCT050115-15,0.0670,1.83,yes
2026-10-05T05:13:37.614139Z,KXXRP15M-26OCT050115-15,0.0640,0.86,yes
2026-10-05T05:13:37.614139Z,KXXRP15M-26OCT050115-15,0.0630,4.37,yes
2026-10-05T05:13:37.649172Z,KXXRP15M-26OCT050115-15,0.0610,15.00,no
2026-10-05T05:13:37.649172Z,KXXRP15M-26OCT050115-15,0.0620,5.00,no
2026-10-05T05:13:37.649172Z,KXXRP15M-26OCT050115-15,0.0620,5.00,no
2026-10-05T05:13:37.659376Z,KXXRP15M-26OCT050115-15,0.0610,6.00,no
2026-10-05T05:13:37.763411Z,KXXRP15M-26OCT050115-15,0.0660,0.58,yes
2026-10-05T05:13:37.852762Z,KXXRP15M-26OCT050115-15,0.0610,3.00,no
2026-10-05T05:13:37.859956Z,KXXRP15M-26OCT050115-15,0.0610,2.00,no
2026-10-05T05:13:38.203912Z,KXXRP15M-26OCT050115-15,0.0400,1.00,no
2026-10-05T05:13:38.203912Z,KXXRP15M-26OCT050115-15,0.0390,9.29,no
2026-10-05T05:13:38.203912Z,KXXRP15M-26OCT050115-15,0.0610,366.00,no
2026-10-05T05:13:38.203912Z,KXXRP15M-26OCT050115-15,0.0600,1.00,no
2026-10-05T05:13:38.203912Z,KXXRP15M-26OCT050115-15,0.0500,1.00,no
2026-10-05T05:13:38.203912Z,KXXRP15M-26OCT050115-15,0.0400,210.00,no
2026-10-05T05:13:38.203912Z,KXXRP15M-26OCT050115-15,0.0400,1.00,no
2026-10-05T05:13:38.203912Z,KXXRP15M-26OCT050115-15,0.0410,6.00,no
2026-10-05T05:13:38.203912Z,KXXRP15M-26OCT050115-15,0.0410,10.00,no
2026-10-05T05:13:38.203912Z,KXXRP15M-26OCT050115-15,0.0410,1.00,no
2026-10-05T05:13:38.203912Z,KXXRP15M-26OCT050115-15,0.0400,1.00,no
2026-10-05T05:13:38.203912Z,KXXRP15M-26OCT050115-15,0.0390,1.00,no
2026-10-05T05:13:38.203912Z,KXXRP15M-26OCT050115-15,0.0400,400.00,no
2026-10-05T05:13:38.203912Z,KXXRP15M-26OCT050115-15,0.0400,38.10,no
2026-10-05T05:13:38.343508Z,KXXRP15M-26OCT050115-15,0.0500,2.07,no
2026-10-05T05:13:38.963546Z,KXXRP15M-26OCT050115-15,0.0500,2.00,no
2026-10-05T05:13:39.954688Z,KXXRP15M-26OCT050115-15,0.0520,12.00,yes
2026-10-05T05:13:40.563124Z,KXXRP15M-26OCT050115-15,0.0530,8.00,yes
2026-10-05T05:13:40.563124Z,KXXRP15M-26OCT050115-15,0.0540,8.18,yes
2026-10-05T05:13:40.563124Z,KXXRP15M-26OCT050115-15,0.0530,0.10,yes
2026-10-05T05:13:40.935567Z,KXXRP15M-26OCT050115-15,0.0460,20.00,no
2026-10-05T05:13:40.955457Z,KXXRP15M-26OCT050115-15,0.0370,1.00,no
2026-10-05T05:13:40.955457Z,KXXRP15M-26OCT050115-15,0.0380,1.00,no
2026-10-05T05:13:40.956743Z,KXXRP15M-26OCT050115-15,0.0330,10.00,no
2026-10-05T05:13:40.956743Z,KXXRP15M-26OCT050115-15,0.0340,6.00,no
2026-10-05T05:13:40.956743Z,KXXRP15M-26OCT050115-15,0.0310,1.00,no
2026-10-05T05:13:40.956743Z,KXXRP15M-26OCT050115-15,0.0320,60.00,no
2026-10-05T05:13:40.956743Z,KXXRP15M-26OCT050115-15,0.0350,1.00,no
2026-10-05T05:13:40.956743Z,KXXRP15M-26OCT050115-15,0.0330,1.00,no
2026-10-05T05:13:40.956743Z,KXXRP15M-26OCT050115-15,0.0320,1.00,no
2026-10-05T05:13:40.956743Z,KXXRP15M-26OCT050115-15,0.0340,1.00,no
2026-10-05T05:13:40.956743Z,KXXRP15M-26OCT050115-15,0.0360,1.00,no
2026-10-05T05:13:40.956804Z,KXXRP15M-26OCT050115-15,0.0310,4.00,no
2026-10-05T05:13:40.956804Z,KXXRP15M-26OCT050115-15,0.0310,1.00,no
2026-10-05T05:13:40.956804Z,KXXRP15M-26OCT050115-15,0.0300,1.00,no
2026-10-05T05:13:40.956804Z,KXXRP15M-26OCT050115-15,0.0300,3.00,no
2026-10-05T05:13:40.956853Z,KXXRP15M-26OCT050115-15,0.0300,2.00,no
2026-10-05T05:13:40.966961Z,KXXRP15M-26OCT050115-15,0.0390,1.00,yes
2026-10-05T05:13:40.966961Z,KXXRP15M-26OCT050115-15,0.0450,6.00,yes
2026-10-05T05:13:40.97602Z,KXXRP15M-26OCT050115-15,0.0390,1.00,yes
2026-10-05T05:13:41.372251Z,KXXRP15M-26OCT050115-15,0.0300,7.34,no
2026-10-05T05:13:41.372251Z,KXXRP15M-26OCT050115-15,0.0310,20.00,no
2026-10-05T05:13:41.372251Z,KXXRP15M-26OCT050115-15,0.0300,1.66,no
2026-10-05T05:13:41.399937Z,KXXRP15M-26OCT050115-15,0.0300,2.66,no
2026-10-05T05:13:41.399937Z,KXXRP15M-26OCT050115-15,0.0300,10.00,no
2026-10-05T05:13:41.399937Z,KXXRP15M-26OCT050115-15,0.0300,33.00,no
2026-10-05T05:13:41.399937Z,KXXRP15M-26OCT050115-15,0.0270,1.00,no
2026-10-05T05:13:41.399937Z,KXXRP15M-26OCT050115-15,0.0280,1.00,no
2026-10-05T05:13:41.399937Z,KXXRP15M-26OCT050115-15,0.0290,1.00,no
2026-10-05T05:13:41.399937Z,KXXRP15M-26OCT050115-15,0.0260,1.00,no
2026-10-05T05:13:41.947082Z,KXXRP15M-26OCT050115-15,0.0250,5.00,no
2026-10-05T05:13:41.947082Z,KXXRP15M-26OCT050115-15,0.0250,1.50,no
2026-10-05T05:13:41.947082Z,KXXRP15M-26OCT050115-15,0.0250,7.50,no
2026-10-05T05:13:41.947082Z,KXXRP15M-26OCT050115-15,0.0250,1.00,no
2026-10-05T05:13:42.049493Z,KXXRP15M-26OCT050115-15,0.0250,20.00,no
2026-10-05T05:13:42.049493Z,KXXRP15M-26OCT050115-15,0.0250,7.50,no
2026-10-05T05:13:42.247227Z,KXXRP15M-26OCT050115-15,0.0210,47.00,no
2026-10-05T05:13:42.247227Z,KXXRP15M-26OCT050115-15,0.0210,40.00,no
2026-10-05T05:13:42.247227Z,KXXRP15M-26OCT050115-15,0.0250,7.00,no
2026-10-05T05:13:42.247227Z,KXXRP15M-26OCT050115-15,0.0240,5.00,no
2026-10-05T05:13:42.247227Z,KXXRP15M-26OCT050115-15,0.0250,7.50,no
2026-10-05T05:13:42.247227Z,KXXRP15M-26OCT050115-15,0.0220,40.00,no
2026-10-05T05:13:42.247227Z,KXXRP15M-26OCT050115-15,0.0210,40.00,no
2026-10-05T05:13:42.247227Z,KXXRP15M-26OCT050115-15,0.0250,5.00,no
2026-10-05T05:13:42.247227Z,KXXRP15M-26OCT050115-15,0.0230,10.00,no
2026-10-05T05:13:42.247227Z,KXXRP15M-26OCT050115-15,0.0220,1.00,no
2026-10-05T05:13:42.247227Z,KXXRP15M-26OCT050115-15,0.0230,1.00,no
2026-10-05T05:13:42.247227Z,KXXRP15M-26OCT050115-15,0.0240,1.00,no
2026-10-05T05:13:42.247227Z,KXXRP15M-26OCT050115-15,0.0210,1.00,no
2026-10-05T05:13:42.247227Z,KXXRP15M-26OCT050115-15,0.0200,1.00,no
2026-10-05T05:13:42.247227Z,KXXRP15M-26OCT050115-15,0.0200,361.32,no
2026-10-05T05:13:42.247227Z,KXXRP15M-26OCT050115-15,0.0210,10.00,no
2026-10-05T05:13:42.260934Z,KXXRP15M-26OCT050115-15,0.0290,0.10,yes
2026-10-05T05:13:42.394221Z,KXXRP15M-26OCT050115-15,0.0230,5.00,no
2026-10-05T05:13:42.394221Z,KXXRP15M-26OCT050115-15,0.0250,20.00,no
2026-10-05T05:13:42.394221Z,KXXRP15M-26OCT050115-15,0.0220,5.00,no
2026-10-05T05:13:42.394221Z,KXXRP15M-26OCT050115-15,0.0230,43.00,no
2026-10-05T05:13:42.394221Z,KXXRP15M-26OCT050115-15,0.0210,5.43,no
2026-10-05T05:13:42.591707Z,KXXRP15M-26OCT050115-15,0.0270,3.00,yes
2026-10-05T05:13:42.591707Z,KXXRP15M-26OCT050115-15,0.0230,40.00,yes
2026-10-05T05:13:42.602924Z,KXXRP15M-26OCT050115-15,0.0210,4.57,no
2026-10-05T05:13:42.656555Z,KXXRP15M-26OCT050115-15,0.0220,1.00,yes
2026-10-05T05:13:42.719239Z,KXXRP15M-26OCT050115-15,0.0220,28.00,yes
2026-10-05T05:13:42.927021Z,KXXRP15M-26OCT050115-15,0.0210,10.00,no
2026-10-05T05:13:43.112478Z,KXXRP15M-26OCT050115-15,0.0210,7.00,no
2026-10-05T05:13:43.112478Z,KXXRP15M-26OCT050115-15,0.0210,10.00,no
2026-10-05T05:13:43.112478Z,KXXRP15M-26OCT050115-15,0.0210,3.00,no
2026-10-05T05:13:43.112478Z,KXXRP15M-26OCT050115-15,0.0210,48.00,no
2026-10-05T05:13:43.341675Z,KXXRP15M-26OCT050115-15,0.0210,7.00,no
2026-10-05T05:13:43.341675Z,KXXRP15M-26OCT050115-15,0.0200,5.00,no
2026-10-05T05:13:43.586713Z,KXXRP15M-26OCT050115-15,0.0200,0.95,no
2026-10-05T05:13:43.586713Z,KXXRP15M-26OCT050115-15,0.0200,5.00,no
2026-10-05T05:13:43.586713Z,KXXRP15M-26OCT050115-15,0.0200,33.68,no
2026-10-05T05:13:43.586713Z,KXXRP15M-26OCT050115-15,0.0190,0.37,no
2026-10-05T05:13:43.586713Z,KXXRP15M-26OCT050115-15,0.0200,10.00,no
2026-10-05T05:13:43.867162Z,KXXRP15M-26OCT050115-15,0.0210,8.00,no
2026-10-05T05:13:44.690817Z,KXXRP15M-26OCT050115-15,0.0210,2.00,no
2026-10-05T05:13:44.791067Z,KXXRP15M-26OCT050115-15,0.0210,5.00,no
2026-10-05T05:13:44.894603Z,KXXRP15M-26OCT050115-15,0.0210,15.00,no
2026-10-05T05:13:45.337846Z,KXXRP15M-26OCT050115-15,0.0370,19.00,yes
2026-10-05T05:13:45.337846Z,KXXRP15M-26OCT050115-15,0.0390,50.81,yes
2026-10-05T05:13:45.337846Z,KXXRP15M-26OCT050115-15,0.0290,9.90,yes
2026-10-05T05:13:45.337846Z,KXXRP15M-26OCT050115-15,0.0300,7.50,yes
2026-10-05T05:13:45.337846Z,KXXRP15M-26OCT050115-15,0.0220,11.00,yes
2026-10-05T05:13:45.337846Z,KXXRP15M-26OCT050115-15,0.0280,5.00,yes
2026-10-05T05:13:45.337846Z,KXXRP15M-26OCT050115-15,0.0270,5.00,yes
2026-10-05T05:13:45.337846Z,KXXRP15M-26OCT050115-15,0.0360,9.00,yes
2026-10-05T05:13:45.337846Z,KXXRP15M-26OCT050115-15,0.0250,15.00,yes
2026-10-05T05:13:45.337846Z,KXXRP15M-26OCT050115-15,0.0300,1.00,yes
2026-10-05T05:13:45.337846Z,KXXRP15M-26OCT050115-15,0.0220,2.00,yes
2026-10-05T05:13:45.337846Z,KXXRP15M-26OCT050115-15,0.0320,1.00,yes
2026-10-05T05:13:45.337846Z,KXXRP15M-26OCT050115-15,0.0390,3.00,yes
2026-10-05T05:13:45.729037Z,KXXRP15M-26OCT050115-15,0.0210,3.00,no
2026-10-05T05:13:46.049501Z,KXXRP15M-26OCT050115-15,0.0300,6.27,yes
2026-10-05T05:13:46.049501Z,KXXRP15M-26OCT050115-15,0.0220,2.00,yes
2026-10-05T05:13:46.049501Z,KXXRP15M-26OCT050115-15,0.0290,5.00,yes
2026-10-05T05:13:46.752343Z,KXXRP15M-26OCT050115-15,0.0300,5.00,yes
2026-10-05T05:13:46.752343Z,KXXRP15M-26OCT050115-15,0.0320,9.07,yes
2026-10-05T05:13:46.752343Z,KXXRP15M-26OCT050115-15,0.0300,7.50,yes
2026-10-05T05:13:46.752343Z,KXXRP15M-26OCT050115-15,0.0290,3.00,yes
2026-10-05T05:13:46.752343Z,KXXRP15M-26OCT050115-15,0.0310,5.00,yes
2026-10-05T05:13:46.765233Z,KXXRP15M-26OCT050115-15,0.0230,3.50,no
2026-10-05T05:13:46.765233Z,KXXRP15M-26OCT050115-15,0.0250,7.50,no
2026-10-05T05:13:47.241139Z,KXXRP15M-26OCT050115-15,0.0390,14.19,yes
2026-10-05T05:13:47.241139Z,KXXRP15M-26OCT050115-15,0.0340,10.00,yes
2026-10-05T05:13:47.241139Z,KXXRP15M-26OCT050115-15,0.0320,1.93,yes
2026-10-05T05:13:47.241139Z,KXXRP15M-26OCT050115-15,0.0310,5.00,yes
2026-10-05T05:13:47.241139Z,KXXRP15M-26OCT050115-15,0.0350,7.50,yes
2026-10-05T05:13:47.241139Z,KXXRP15M-26OCT050115-15,0.0380,10.00,yes
2026-10-05T05:13:47.241139Z,KXXRP15M-26OCT050115-15,0.0290,68.00,yes
2026-10-05T05:13:47.241139Z,KXXRP15M-26OCT050115-15,0.0300,7.50,yes
2026-10-05T05:13:47.241139Z,KXXRP15M-26OCT050115-15,0.0300,5.00,yes
2026-10-05T05:13:47.241139Z,KXXRP15M-26OCT050115-15,0.0400,60.00,yes
2026-10-05T05:13:47.241139Z,KXXRP15M-26OCT050115-15,0.0400,42.29,yes
2026-10-05T05:13:47.241139Z,KXXRP15M-26OCT050115-15,0.0400,7.50,yes
2026-10-05T05:13:47.430185Z,KXXRP15M-26OCT050115-15,0.0230,7.00,no
2026-10-05T05:13:47.430185Z,KXXRP15M-26OCT050115-15,0.0220,19.00,no
2026-10-05T05:13:47.430185Z,KXXRP15M-26OCT050115-15,0.0220,5.00,no
2026-10-05T05:13:47.430185Z,KXXRP15M-26OCT050115-15,0.0230,5.00,no
2026-10-05T05:13:47.430185Z,KXXRP15M-26OCT050115-15,0.0210,59.54,no
2026-10-05T05:13:47.430185Z,KXXRP15M-26OCT050115-15,0.0230,6.50,no
2026-10-05T05:13:48.083725Z,KXXRP15M-26OCT050115-15,0.0230,2.46,no
2026-10-05T05:13:48.114735Z,KXXRP15M-26OCT050115-15,0.0220,8.00,no
2026-10-05T05:13:48.559645Z,KXXRP15M-26OCT050115-15,0.0400,167.71,yes
2026-10-05T05:13:48.559645Z,KXXRP15M-26OCT050115-15,0.0300,11.00,yes
2026-10-05T05:13:48.559645Z,KXXRP15M-26OCT050115-15,0.0260,2.00,yes
2026-10-05T05:13:48.559645Z,KXXRP15M-26OCT050115-15,0.0300,7.50,yes
2026-10-05T05:13:48.559645Z,KXXRP15M-26OCT050115-15,0.0310,10.00,yes
2026-10-05T05:13:48.559645Z,KXXRP15M-26OCT050115-15,0.0270,5.00,yes
2026-10-05T05:13:48.559645Z,KXXRP15M-26OCT050115-15,0.0580,8.94,yes
2026-10-05T05:13:48.559645Z,KXXRP15M-26OCT050115-15,0.0260,5.00,yes
2026-10-05T05:13:48.559645Z,KXXRP15M-26OCT050115-15,0.0390,10.00,yes
2026-10-05T05:13:48.559645Z,KXXRP15M-26OCT050115-15,0.0350,7.50,yes
2026-10-05T05:13:48.559645Z,KXXRP15M-26OCT050115-15,0.0580,4.00,yes
2026-10-05T05:13:49.004169Z,KXXRP15M-26OCT050115-15,0.0230,4.00,no
2026-10-05T05:13:49.064725Z,KXXRP15M-26OCT050115-15,0.0230,1.02,no
2026-10-05T05:13:49.259036Z,KXXRP15M-26OCT050115-15,0.0220,7.00,no
2026-10-05T05:13:49.259036Z,KXXRP15M-26OCT050115-15,0.0230,54.98,no
2026-10-05T05:13:49.259036Z,KXXRP15M-26OCT050115-15,0.0220,2.00,no
2026-10-05T05:13:49.259036Z,KXXRP15M-26OCT050115-15,0.0210,26.90,no
2026-10-05T05:13:49.399194Z,KXXRP15M-26OCT050115-15,0.0210,53.84,no
2026-10-05T05:13:49.67671Z,KXXRP15M-26OCT050115-15,0.0210,19.00,no
2026-10-05T05:13:49.977919Z,KXXRP15M-26OCT050115-15,0.0240,9.90,yes
2026-10-05T05:13:49.977919Z,KXXRP15M-26OCT050115-15,0.0300,5.00,yes
2026-10-05T05:13:49.977919Z,KXXRP15M-26OCT050115-15,0.0310,4.00,yes
2026-10-05T05:13:49.977919Z,KXXRP15M-26OCT050115-15,0.0370,8.57,yes
2026-10-05T05:13:49.977919Z,KXXRP15M-26OCT050115-15,0.0310,54.98,yes
2026-10-05T05:13:49.977919Z,KXXRP15M-26OCT050115-15,0.0280,11.00,yes
2026-10-05T05:13:49.977919Z,KXXRP15M-26OCT050115-15,0.0290,5.00,yes
2026-10-05T05:13:49.977919Z,KXXRP15M-26OCT050115-15,0.0360,8.56,yes
2026-10-05T05:13:49.977919Z,KXXRP15M-26OCT050115-15,0.0380,8.58,yes
2026-10-05T05:13:49.977919Z,KXXRP15M-26OCT050115-15,0.0300,9.00,yes
2026-10-05T05:13:49.977919Z,KXXRP15M-26OCT050115-15,0.0310,1.02,yes
2026-10-05T05:13:49.977919Z,KXXRP15M-26OCT050115-15,0.0370,8.57,yes
2026-10-05T05:13:49.977919Z,KXXRP15M-26OCT050115-15,0.0400,78.57,yes
2026-10-05T05:13:49.977919Z,KXXRP15M-26OCT050115-15,0.0400,8.59,yes
2026-10-05T05:13:49.977919Z,KXXRP15M-26OCT050115-15,0.0310,10.00,yes
2026-10-05T05:13:49.977919Z,KXXRP15M-26OCT050115-15,0.0390,8.58,yes
2026-10-05T05:13:50.473014Z,KXXRP15M-26OCT050115-15,0.0280,39.00,yes
2026-10-05T05:13:50.473014Z,KXXRP15M-26OCT050115-15,0.0290,11.00,yes
2026-10-05T05:13:50.473014Z,KXXRP15M-26OCT050115-15,0.0290,3.54,yes
2026-10-05T05:13:51.337603Z,KXXRP15M-26OCT050115-15,0.0270,1.00,yes
2026-10-05T05:13:51.337603Z,KXXRP15M-26OCT050115-15,0.0270,1.00,yes
2026-10-05T05:13:51.885143Z,KXXRP15M-26OCT050115-15,0.0230,1.00,no
2026-10-05T05:13:52.024614Z,KXXRP15M-26OCT050115-15,0.0230,33.00,no
2026-10-05T05:13:52.024614Z,KXXRP15M-26OCT050115-15,0.0230,6.00,no
2026-10-05T05:13:52.032883Z,KXXRP15M-26OCT050115-15,0.0310,5.00,yes
2026-10-05T05:13:52.032883Z,KXXRP15M-26OCT050115-15,0.0280,5.00,yes
2026-10-05T05:13:52.032883Z,KXXRP15M-26OCT050115-15,0.0350,7.50,yes
2026-10-05T05:13:52.032883Z,KXXRP15M-26OCT050115-15,0.0290,3.00,yes
2026-10-05T05:13:52.032883Z,KXXRP15M-26OCT050115-15,0.0360,8.56,yes
2026-10-05T05:13:52.032883Z,KXXRP15M-26OCT050115-15,0.0270,10.00,yes
2026-10-05T05:13:52.032883Z,KXXRP15M-26OCT050115-15,0.0360,8.56,yes
2026-10-05T05:13:52.032883Z,KXXRP15M-26OCT050115-15,0.0290,5.00,yes
2026-10-05T05:13:52.032883Z,KXXRP15M-26OCT050115-15,0.0370,8.57,yes
2026-10-05T05:13:52.032883Z,KXXRP15M-26OCT050115-15,0.0340,10.00,yes
2026-10-05T05:13:52.032883Z,KXXRP15M-26OCT050115-15,0.0370,1.00,yes
2026-10-05T05:13:52.032883Z,KXXRP15M-26OCT050115-15,0.0240,10.00,yes
2026-10-05T05:13:52.032883Z,KXXRP15M-26OCT050115-15,0.0340,8.54,yes
2026-10-05T05:13:52.032883Z,KXXRP15M-26OCT050115-15,0.0260,11.00,yes
2026-10-05T05:13:52.032883Z,KXXRP15M-26OCT050115-15,0.0350,8.55,yes
2026-10-05T05:13:52.032883Z,KXXRP15M-26OCT050115-15,0.0360,8.56,yes
2026-10-05T05:13:52.032883Z,KXXRP15M-26OCT050115-15,0.0350,8.55,yes
2026-10-05T05:13:52.032883Z,KXXRP15M-26OCT050115-15,0.0400,14.11,yes
2026-10-05T05:13:52.22323Z,KXXRP15M-26OCT050115-15,0.0230,15.00,no
2026-10-05T05:13:52.246491Z,KXXRP15M-26OCT050115-15,0.0230,2.00,no
2026-10-05T05:13:52.51373Z,KXXRP15M-26OCT050115-15,0.0230,1.00,no
2026-10-05T05:13:52.62297Z,KXXRP15M-26OCT050115-15,0.0230,9.00,no
2026-10-05T05:13:52.781702Z,KXXRP15M-26OCT050115-15,0.0220,10.00,no
2026-10-05T05:13:52.781702Z,KXXRP15M-26OCT050115-15,0.0220,7.00,no
2026-10-05T05:13:52.781702Z,KXXRP15M-26OCT050115-15,0.0210,53.00,no
2026-10-05T05:13:52.882773Z,KXXRP15M-26OCT050115-15,0.0210,17.00,no
2026-10-05T05:13:52.962338Z,KXXRP15M-26OCT050115-15,0.0340,8.54,yes
2026-10-05T05:13:52.962338Z,KXXRP15M-26OCT050115-15,0.0290,5.00,yes
2026-10-05T05:13:52.962338Z,KXXRP15M-26OCT050115-15,0.0300,5.00,yes
2026-10-05T05:13:52.962338Z,KXXRP15M-26OCT050115-15,0.0310,9.00,yes
2026-10-05T05:13:52.962338Z,KXXRP15M-26OCT050115-15,0.0310,1.00,yes
2026-10-05T05:13:52.962338Z,KXXRP15M-26OCT050115-15,0.0280,10.00,yes
2026-10-05T05:13:52.962338Z,KXXRP15M-26OCT050115-15,0.0390,8.58,yes
2026-10-05T05:13:52.962338Z,KXXRP15M-26OCT050115-15,0.0310,15.00,yes
2026-10-05T05:13:52.962338Z,KXXRP15M-26OCT050115-15,0.0310,2.00,yes
2026-10-05T05:13:52.962338Z,KXXRP15M-26OCT050115-15,0.0390,8.58,yes
2026-10-05T05:13:52.962338Z,KXXRP15M-26OCT050115-15,0.0340,8.54,yes
2026-10-05T05:13:52.962338Z,KXXRP15M-26OCT050115-15,0.0310,33.00,yes
2026-10-05T05:13:52.962338Z,KXXRP15M-26OCT050115-15,0.0390,8.58,yes
2026-10-05T05:13:52.962338Z,KXXRP15M-26OCT050115-15,0.0350,8.55,yes
2026-10-05T05:13:52.962338Z,KXXRP15M-26OCT050115-15,0.0380,1.00,yes
2026-10-05T05:13:52.962338Z,KXXRP15M-26OCT050115-15,0.0350,8.55,yes
2026-10-05T05:13:52.962338Z,KXXRP15M-26OCT050115-15,0.0400,0.44,yes
2026-10-05T05:13:53.000088Z,KXXRP15M-26OCT050115-15,0.0300,6.54,yes
2026-10-05T05:13:53.214342Z,KXXRP15M-26OCT050115-15,0.0220,1.00,no
2026-10-05T05:13:53.406662Z,KXXRP15M-26OCT050115-15,0.0280,6.94,yes
2026-10-05T05:13:53.824939Z,KXXRP15M-26OCT050115-15,0.0220,7.00,no
2026-10-05T05:13:53.832492Z,KXXRP15M-26OCT050115-15,0.0220,3.00,no
2026-10-05T05:13:53.929952Z,KXXRP15M-26OCT050115-15,0.0220,5.00,no
2026-10-05T05:13:53.971548Z,KXXRP15M-26OCT050115-15,0.0220,3.53,no
2026-10-05T05:13:54.084848Z,KXXRP15M-26OCT050115-15,0.0220,10.00,no
2026-10-05T05:13:54.084848Z,KXXRP15M-26OCT050115-15,0.0220,48.47,no
2026-10-05T05:13:54.084848Z,KXXRP15M-26OCT050115-15,0.0220,7.00,no
2026-10-05T05:13:54.084848Z,KXXRP15M-26OCT050115-15,0.0210,44.53,no
2026-10-05T05:13:54.146908Z,KXXRP15M-26OCT050115-15,0.0220,10.00,no
2026-10-05T05:13:54.146908Z,KXXRP15M-26OCT050115-15,0.0220,5.00,no
2026-10-05T05:13:54.742869Z,KXXRP15M-26OCT050115-15,0.0110,91.00,no
2026-10-05T05:13:54.742869Z,KXXRP15M-26OCT050115-15,0.0200,7.50,no
2026-10-05T05:13:54.742869Z,KXXRP15M-26OCT050115-15,0.0220,10.00,no
2026-10-05T05:13:54.742869Z,KXXRP15M-26OCT050115-15,0.0220,7.00,no
2026-10-05T05:13:54.742869Z,KXXRP15M-26OCT050115-15,0.0200,5.00,no
2026-10-05T05:13:54.742869Z,KXXRP15M-26OCT050115-15,0.0190,5.00,no
2026-10-05T05:13:54.742869Z,KXXRP15M-26OCT050115-15,0.0110,14.64,no
2026-10-05T05:13:54.742869Z,KXXRP15M-26OCT050115-15,0.0210,7.67,no
2026-10-05T05:13:54.742869Z,KXXRP15M-26OCT050115-15,0.0210,93.19,no
2026-10-05T05:13:54.742869Z,KXXRP15M-26OCT050115-15,0.0150,7.50,no
2026-10-05T05:13:54.742869Z,KXXRP15M-26OCT050115-15,0.0110,1.30,no
2026-10-05T05:13:54.742869Z,KXXRP15M-26OCT050115-15,0.0110,4.00,no
2026-10-05T05:13:54.742869Z,KXXRP15M-26OCT050115-15,0.0110,1.00,no
2026-10-05T05:13:54.742869Z,KXXRP15M-26OCT050115-15,0.0110,20.00,no
2026-10-05T05:13:54.742869Z,KXXRP15M-26OCT050115-15,0.0110,100.00,no
2026-10-05T05:13:54.742869Z,KXXRP15M-26OCT050115-15,0.0110,2.00,no
2026-10-05T05:13:54.742869Z,KXXRP15M-26OCT050115-15,0.0110,1.00,no
2026-10-05T05:13:54.742869Z,KXXRP15M-26OCT050115-15,0.0110,10.00,no
2026-10-05T05:13:54.742869Z,KXXRP15M-26OCT050115-15,0.0110,2.00,no
2026-10-05T05:13:54.742869Z,KXXRP15M-26OCT050115-15,0.0110,1.00,no
2026-10-05T05:13:54.742869Z,KXXRP15M-26OCT050115-15,0.0100,95.03,no
2026-10-05T05:13:54.742869Z,KXXRP15M-26OCT050115-15,0.0110,20.00,no
2026-10-05T05:13:54.742869Z,KXXRP15M-26OCT050115-15,0.0130,203.00,no
2026-10-05T05:13:54.772954Z,KXXRP15M-26OCT050115-15,0.0250,10.00,yes
2026-10-05T05:13:54.772954Z,KXXRP15M-26OCT050115-15,0.0190,20.00,yes
2026-10-05T05:13:54.772954Z,KXXRP15M-26OCT050115-15,0.0260,3.58,yes
2026-10-05T05:13:54.837542Z,KXXRP15M-26OCT050115-15,0.0180,5.00,no
2026-10-05T05:13:55.052853Z,KXXRP15M-26OCT050115-15,0.0170,5.00,no
2026-10-05T05:13:55.123077Z,KXXRP15M-26OCT050115-15,0.0160,1.78,no
2026-10-05T05:13:55.222538Z,KXXRP15M-26OCT050115-15,0.0160,3.22,no
2026-10-05T05:13:55.437803Z,KXXRP15M-26OCT050115-15,0.0140,5.00,no
2026-10-05T05:13:55.714094Z,KXXRP15M-26OCT050115-15,0.0270,96.74,yes
2026-10-05T05:13:55.714094Z,KXXRP15M-26OCT050115-15,0.0260,3.00,yes
2026-10-05T05:13:55.714094Z,KXXRP15M-26OCT050115-15,0.0260,10.00,yes
2026-10-05T05:13:55.714094Z,KXXRP15M-26OCT050115-15,0.0250,10.00,yes
2026-10-05T05:13:55.714094Z,KXXRP15M-26OCT050115-15,0.0250,7.50,yes
2026-10-05T05:13:55.714094Z,KXXRP15M-26OCT050115-15,0.0230,5.00,yes
2026-10-05T05:13:55.714094Z,KXXRP15M-26OCT050115-15,0.0220,5.00,yes
2026-10-05T05:13:55.714094Z,KXXRP15M-26OCT050115-15,0.0230,19.00,yes
2026-10-05T05:13:55.836179Z,KXXRP15M-26OCT050115-15,0.0150,10.00,no
2026-10-05T05:13:55.836179Z,KXXRP15M-26OCT050115-15,0.0150,5.00,no
2026-10-05T05:13:56.138427Z,KXXRP15M-26OCT050115-15,0.0220,11.00,yes
2026-10-05T05:13:56.138427Z,KXXRP15M-26OCT050115-15,0.0230,2.87,yes
2026-10-05T05:13:56.486474Z,KXXRP15M-26OCT050115-15,0.0250,10.00,yes
2026-10-05T05:13:56.486474Z,KXXRP15M-26OCT050115-15,0.0250,10.00,yes
2026-10-05T05:13:56.486474Z,KXXRP15M-26OCT050115-15,0.0230,2.13,yes
2026-10-05T05:13:56.486474Z,KXXRP15M-26OCT050115-15,0.0260,10.07,yes
2026-10-05T05:13:56.486474Z,KXXRP15M-26OCT050115-15,0.0240,5.00,yes
2026-10-05T05:13:57.034135Z,KXXRP15M-26OCT050115-15,0.0150,5.00,no
2026-10-05T05:13:57.034135Z,KXXRP15M-26OCT050115-15,0.0150,0.16,no
2026-10-05T05:13:57.034135Z,KXXRP15M-26OCT050115-15,0.0150,7.00,no
2026-10-05T05:13:57.052878Z,KXXRP15M-26OCT050115-15,0.0230,1.07,yes
2026-10-05T05:13:57.057218Z,KXXRP15M-26OCT050115-15,0.0150,6.66,no
2026-10-05T05:13:57.057218Z,KXXRP15M-26OCT050115-15,0.0150,7.50,no
2026-10-05T05:13:57.057218Z,KXXRP15M-26OCT050115-15,0.0150,9.84,no
2026-10-05T05:13:57.071732Z,KXXRP15M-26OCT050115-15,0.0100,0.34,no
2026-10-05T05:13:57.071732Z,KXXRP15M-26OCT050115-15,0.0100,3.55,no
2026-10-05T05:13:57.071732Z,KXXRP15M-26OCT050115-15,0.0100,2.00,no
2026-10-05T05:13:57.071732Z,KXXRP15M-26OCT050115-15,0.0100,2.04,no
2026-10-05T05:13:57.071732Z,KXXRP15M-26OCT050115-15,0.0100,2.18,no
2026-10-05T05:13:57.071732Z,KXXRP15M-26OCT050115-15,0.0110,1.34,no
2026-10-05T05:13:57.071732Z,KXXRP15M-26OCT050115-15,0.0110,6.66,no
2026-10-05T05:13:57.071732Z,KXXRP15M-26OCT050115-15,0.0100,7.50,no
2026-10-05T05:13:57.071732Z,KXXRP15M-26OCT050115-15,0.0130,5.00,no
2026-10-05T05:13:57.071732Z,KXXRP15M-26OCT050115-15,0.0140,5.00,no
2026-10-05T05:13:57.071732Z,KXXRP15M-26OCT050115-15,0.0140,19.00,no
2026-10-05T05:13:57.071732Z,KXXRP15M-26OCT050115-15,0.0100,1.00,no
2026-10-05T05:13:57.071732Z,KXXRP15M-26OCT050115-15,0.0100,25.00,no
2026-10-05T05:13:57.071732Z,KXXRP15M-26OCT050115-15,0.0100,20.00,no
2026-10-05T05:13:57.071732Z,KXXRP15M-26OCT050115-15,0.0100,40.00,no
2026-10-05T05:13:57.071732Z,KXXRP15M-26OCT050115-15,0.0100,204.97,no
2026-10-05T05:13:57.225347Z,KXXRP15M-26OCT050115-15,0.0120,5.00,no
2026-10-05T05:13:57.428803Z,KXXRP15M-26OCT050115-15,0.0110,5.00,no
2026-10-05T05:13:57.951777Z,KXXRP15M-26OCT050115-15,0.0120,40.00,yes
2026-10-05T05:13:58.059022Z,KXXRP15M-26OCT050115-15,0.0120,10.00,no
2026-10-05T05:13:58.214662Z,KXXRP15M-26OCT050115-15,0.0120,10.00,no
2026-10-05T05:13:58.358788Z,KXXRP15M-26OCT050115-15,0.0120,4.42,no
2026-10-05T05:13:58.430167Z,KXXRP15M-26OCT050115-15,0.0120,5.58,no
2026-10-05T05:13:58.537829Z,KXXRP15M-26OCT050115-15,0.0150,1.00,yes
2026-10-05T05:13:59.23065Z,KXXRP15M-26OCT050115-15,0.0100,8.00,no
2026-10-05T05:13:59.23065Z,KXXRP15M-26OCT050115-15,0.0100,10.00,no
2026-10-05T05:13:59.23065Z,KXXRP15M-26OCT050115-15,0.0100,5.00,no
2026-10-05T05:13:59.40558Z,KXXRP15M-26OCT050115-15,0.0130,65.00,yes
2026-10-05T05:13:59.40558Z,KXXRP15M-26OCT050115-15,0.0140,3.00,yes
2026-10-05T05:14:00.005812Z,KXXRP15M-26OCT050115-15,0.0090,7.00,no
2026-10-05T05:14:00.015078Z,KXXRP15M-26OCT050115-15,0.0090,3.00,no
2026-10-05T05:14:00.194075Z,KXXRP15M-26OCT050115-15,0.0080,1.00,no
2026-10-05T05:14:00.194075Z,KXXRP15M-26OCT050115-15,0.0090,30.00,no
2026-10-05T05:14:00.637006Z,KXXRP15M-26OCT050115-15,0.0080,36.00,no
2026-10-05T05:14:00.838068Z,KXXRP15M-26OCT050115-15,0.0090,1.00,yes
2026-10-05T05:14:00.838068Z,KXXRP15M-26OCT050115-15,0.0090,1.75,yes
2026-10-05T05:14:00.9332Z,KXXRP15M-26OCT050115-15,0.0090,65.00,yes
2026-10-05T05:14:00.9332Z,KXXRP15M-26OCT050115-15,0.0090,12.56,yes
2026-10-05T05:14:00.9332Z,KXXRP15M-26OCT050115-15,0.0090,17.25,yes
2026-10-05T05:14:01.030991Z,KXXRP15M-26OCT050115-15,0.0040,1.00,no
2026-10-05T05:14:01.030991Z,KXXRP15M-26OCT050115-15,0.0040,1.00,no
2026-10-05T05:14:01.030991Z,KXXRP15M-26OCT050115-15,0.0040,1.00,no
2026-10-05T05:14:01.030991Z,KXXRP15M-26OCT050115-15,0.0040,1.00,no
2026-10-05T05:14:01.030991Z,KXXRP15M-26OCT050115-15,0.0040,1.00,no
2026-10-05T05:14:01.030991Z,KXXRP15M-26OCT050115-15,0.0050,11.00,no
2026-10-05T05:14:01.030991Z,KXXRP15M-26OCT050115-15,0.0040,13.00,no
2026-10-05T05:14:01.030991Z,KXXRP15M-26OCT050115-15,0.0060,26.85,no
2026-10-05T05:14:01.030991Z,KXXRP15M-26OCT050115-15,0.0070,5.00,no
2026-10-05T05:14:01.030991Z,KXXRP15M-26OCT050115-15,0.0040,10.00,no
2026-10-05T05:14:01.030991Z,KXXRP15M-26OCT050115-15,0.0040,7.00,no
2026-10-05T05:14:01.030991Z,KXXRP15M-26OCT050115-15,0.0060,5.00,no
2026-10-05T05:14:01.030991Z,KXXRP15M-26OCT050115-15,0.0040,40.00,no
2026-10-05T05:14:01.030991Z,KXXRP15M-26OCT050115-15,0.0080,3.00,no
2026-10-05T05:14:01.030991Z,KXXRP15M-26OCT050115-15,0.0060,40.00,no
2026-10-05T05:14:01.030991Z,KXXRP15M-26OCT050115-15,0.0050,40.00,no
2026-10-05T05:14:01.030991Z,KXXRP15M-26OCT050115-15,0.0070,40.00,no
2026-10-05T05:14:01.030991Z,KXXRP15M-26OCT050115-15,0.0030,342.15,no
2026-10-05T05:14:01.127794Z,KXXRP15M-26OCT050115-15,0.0060,1.00,no
2026-10-05T05:14:01.182293Z,KXXRP15M-26OCT050115-15,0.0080,1.04,yes
2026-10-05T05:14:01.184625Z,KXXRP15M-26OCT050115-15,0.0080,1.04,yes
2026-10-05T05:14:01.184625Z,KXXRP15M-26OCT050115-15,0.0080,38.96,yes
2026-10-05T05:14:01.424671Z,KXXRP15M-26OCT050115-15,0.0080,38.96,yes
2026-10-05T05:14:01.424671Z,KXXRP15M-26OCT050115-15,0.0080,12.99,yes
2026-10-05T05:14:01.483344Z,KXXRP15M-26OCT050115-15,0.0080,27.01,yes
2026-10-05T05:14:01.483344Z,KXXRP15M-26OCT050115-15,0.0080,10.43,yes
2026-10-05T05:14:01.500401Z,KXXRP15M-26OCT050115-15,0.0080,1.00,yes
2026-10-05T05:14:02.194375Z,KXXRP15M-26OCT050115-15,0.0090,23.44,yes
2026-10-05T05:14:02.194375Z,KXXRP15M-26OCT050115-15,0.0080,20.00,yes
2026-10-05T05:14:02.194375Z,KXXRP15M-26OCT050115-15,0.0090,3.00,yes
2026-10-05T05:14:02.194375Z,KXXRP15M-26OCT050115-15,0.0080,14.00,yes
2026-10-05T05:14:02.194375Z,KXXRP15M-26OCT050115-15,0.0090,21.35,yes
2026-10-05T05:14:02.194375Z,KXXRP15M-26OCT050115-15,0.0080,28.57,yes
2026-10-05T05:14:02.199313Z,KXXRP15M-26OCT050115-15,0.0030,2.00,no
2026-10-05T05:14:02.199313Z,KXXRP15M-26OCT050115-15,0.0030,2.00,no
2026-10-05T05:14:02.199313Z,KXXRP15M-26OCT050115-15,0.0030,2.00,no
2026-10-05T05:14:02.199313Z,KXXRP15M-26OCT050115-15,0.0030,18.00,no
2026-10-05T05:14:02.199313Z,KXXRP15M-26OCT050115-15,0.0030,2.00,no
2026-10-05T05:14:02.199313Z,KXXRP15M-26OCT050115-15,0.0030,2.00,no
2026-10-05T05:14:02.199313Z,KXXRP15M-26OCT050115-15,0.0040,15.00,no
2026-10-05T05:14:02.199313Z,KXXRP15M-26OCT050115-15,0.0040,7.00,no
2026-10-05T05:14:02.199313Z,KXXRP15M-26OCT050115-15,0.0050,10.00,no
2026-10-05T05:14:02.199313Z,KXXRP15M-26OCT050115-15,0.0050,5.00,no
2026-10-05T05:14:02.199313Z,KXXRP15M-26OCT050115-15,0.0040,5.00,no
2026-10-05T05:14:02.199313Z,KXXRP15M-26OCT050115-15,0.0030,40.00,no
2026-10-05T05:14:02.199313Z,KXXRP15M-26OCT050115-15,0.0020,491.00,no
2026-10-05T05:14:02.199313Z,KXXRP15M-26OCT050115-15,0.0020,400.00,no
2026-10-05T05:14:02.559795Z,KXXRP15M-26OCT050115-15,0.0040,40.00,yes
2026-10-05T05:14:02.559795Z,KXXRP15M-26OCT050115-15,0.0050,70.36,yes
2026-10-05T05:14:02.663181Z,KXXRP15M-26OCT050115-15,0.0050,62.00,yes
2026-10-05T05:14:02.675702Z,KXXRP15M-26OCT050115-15,0.0050,24.00,yes
2026-10-05T05:14:02.853579Z,KXXRP15M-26OCT050115-15,0.0050,79.60,yes
2026-10-05T05:14:03.083964Z,KXXRP15M-26OCT050115-15,0.0050,8.00,yes
2026-10-05T05:14:03.094077Z,KXXRP15M-26OCT050115-15,0.0050,2.00,yes
2026-10-05T05:14:03.111068Z,KXXRP15M-26OCT050115-15,0.0050,2.00,yes
2026-10-05T05:14:03.280247Z,KXXRP15M-26OCT050115-15,0.0050,40.00,yes
2026-10-05T05:14:03.854986Z,KXXRP15M-26OCT050115-15,0.0050,1.83,yes
2026-10-05T05:14:04.09435Z,KXXRP15M-26OCT050115-15,0.0030,4.74,no
2026-10-05T05:14:05.642607Z,KXXRP15M-26OCT050115-15,0.0040,28.00,yes
2026-10-05T05:14:05.642607Z,KXXRP15M-26OCT050115-15,0.0040,30.00,yes
2026-10-05T05:14:05.642607Z,KXXRP15M-26OCT050115-15,0.0050,134.67,yes
2026-10-05T05:14:05.7666Z,KXXRP15M-26OCT050115-15,0.0050,40.00,yes
2026-10-05T05:14:06.337343Z,KXXRP15M-26OCT050115-15,0.0030,10.00,no
2026-10-05T05:14:06.337343Z,KXXRP15M-26OCT050115-15,0.0030,10.00,no
2026-10-05T05:14:06.744824Z,KXXRP15M-26OCT050115-15,0.0040,8.00,yes
2026-10-05T05:14:06.744824Z,KXXRP15M-26OCT050115-15,0.0040,63.00,yes
2026-10-05T05:14:06.744824Z,KXXRP15M-26OCT050115-15,0.0050,3.00,yes
2026-10-05T05:14:06.744824Z,KXXRP15M-26OCT050115-15,0.0050,0.01,yes
2026-10-05T05:14:06.744824Z,KXXRP15M-26OCT050115-15,0.0080,85.00,yes
2026-10-05T05:14:06.744824Z,KXXRP15M-26OCT050115-15,0.0050,26.54,yes
2026-10-05T05:14:06.744824Z,KXXRP15M-26OCT050115-15,0.0080,20.00,yes
2026-10-05T05:14:06.777935Z,KXXRP15M-26OCT050115-15,0.0080,40.00,yes
2026-10-05T05:14:06.897832Z,KXXRP15M-26OCT050115-15,0.0030,1.00,no
2026-10-05T05:14:06.965455Z,KXXRP15M-26OCT050115-15,0.0030,10.00,no
2026-10-05T05:14:06.965455Z,KXXRP15M-26OCT050115-15,0.0030,10.00,no
2026-10-05T05:14:06.965455Z,KXXRP15M-26OCT050115-15,0.0020,1221.00,no
2026-10-05T05:14:07.407738Z,KXXRP15M-26OCT050115-15,0.0020,33.06,no
2026-10-05T05:14:07.730369Z,KXXRP15M-26OCT050115-15,0.0020,1.21,no
2026-10-05T05:14:08.317999Z,KXXRP15M-26OCT050115-15,0.0020,54.00,no
2026-10-05T05:14:08.476757Z,KXXRP15M-26OCT050115-15,0.0030,10.00,yes
2026-10-05T05:14:08.485654Z,KXXRP15M-26OCT050115-15,0.0030,10.00,yes
2026-10-05T05:14:08.490572Z,KXXRP15M-26OCT050115-15,0.0030,2.00,yes
2026-10-05T05:14:08.490572Z,KXXRP15M-26OCT050115-15,0.0030,4.00,yes
2026-10-05T05:14:08.578646Z,KXXRP15M-26OCT050115-15,0.0030,1.00,yes
2026-10-05T05:14:08.93171Z,KXXRP15M-26OCT050115-15,0.0040,0.34,no
2026-10-05T05:14:08.951319Z,KXXRP15M-26OCT050115-15,0.0050,13.00,yes
2026-10-05T05:14:08.962412Z,KXXRP15M-26OCT050115-15,0.0050,11.00,yes
2026-10-05T05:14:08.97127Z,KXXRP15M-26OCT050115-15,0.0050,5.00,yes
2026-10-05T05:14:08.982498Z,KXXRP15M-26OCT050115-15,0.0050,3.00,yes
2026-10-05T05:14:08.991048Z,KXXRP15M-26OCT050115-15,0.0050,1.00,yes
2026-10-05T05:14:08.999835Z,KXXRP15M-26OCT050115-15,0.0050,1.00,yes
2026-10-05T05:14:09.009866Z,KXXRP15M-26OCT050115-15,0.0050,1.00,yes
2026-10-05T05:14:09.016054Z,KXXRP15M-26OCT050115-15,0.0050,1.00,yes
2026-10-05T05:14:09.022509Z,KXXRP15M-26OCT050115-15,0.0050,1.00,yes
2026-10-05T05:14:09.034529Z,KXXRP15M-26OCT050115-15,0.0050,1.00,yes
2026-10-05T05:14:09.041646Z,KXXRP15M-26OCT050115-15,0.0050,1.00,yes
2026-10-05T05:14:09.083088Z,KXXRP15M-26OCT050115-15,0.0040,7.00,no
2026-10-05T05:14:09.083088Z,KXXRP15M-26OCT050115-15,0.0040,2.47,no
2026-10-05T05:14:09.145105Z,KXXRP15M-26OCT050115-15,0.0080,275.00,yes
2026-10-05T05:14:09.145105Z,KXXRP15M-26OCT050115-15,0.0090,101.72,yes
2026-10-05T05:14:09.145105Z,KXXRP15M-26OCT050115-15,0.0050,0.01,yes
2026-10-05T05:14:09.145105Z,KXXRP15M-26OCT050115-15,0.0070,45.00,yes
2026-10-05T05:14:09.145105Z,KXXRP15M-26OCT050115-15,0.0050,1182.00,yes
2026-10-05T05:14:09.230507Z,KXXRP15M-26OCT050115-15,0.0050,40.00,no
2026-10-05T05:14:09.301295Z,KXXRP15M-26OCT050115-15,0.0030,1.00,no
2026-10-05T05:14:10.338756Z,KXXRP15M-26OCT050115-15,0.0100,3.00,yes
2026-10-05T05:14:10.338756Z,KXXRP15M-26OCT050115-15,0.0100,1.00,yes
2026-10-05T05:14:10.338756Z,KXXRP15M-26OCT050115-15,0.0100,14.65,yes
2026-10-05T05:14:10.338756Z,KXXRP15M-26OCT050115-15,0.0100,30.00,yes
2026-10-05T05:14:10.338756Z,KXXRP15M-26OCT050115-15,0.0100,7.00,yes
2026-10-05T05:14:10.338756Z,KXXRP15M-26OCT050115-15,0.0100,100.00,yes
2026-10-05T05:14:10.338756Z,KXXRP15M-26OCT050115-15,0.0150,7.50,yes
2026-10-05T05:14:10.338756Z,KXXRP15M-26OCT050115-15,0.0150,20.00,yes
2026-10-05T05:14:10.338756Z,KXXRP15M-26OCT050115-15,0.0110,5.00,yes
2026-10-05T05:14:10.338756Z,KXXRP15M-26OCT050115-15,0.0120,5.00,yes
2026-10-05T05:14:10.338756Z,KXXRP15M-26OCT050115-15,0.0100,8.00,yes
2026-10-05T05:14:10.338756Z,KXXRP15M-26OCT050115-15,0.0090,219.08,yes
2026-10-05T05:14:10.338756Z,KXXRP15M-26OCT050115-15,0.0140,45.00,yes
2026-10-05T05:14:10.338756Z,KXXRP15M-26OCT050115-15,0.0100,20.00,yes
2026-10-05T05:14:10.338756Z,KXXRP15M-26OCT050115-15,0.0070,23.00,yes
2026-10-05T05:14:10.338756Z,KXXRP15M-26OCT050115-15,0.0100,7.50,yes
2026-10-05T05:14:10.338756Z,KXXRP15M-26OCT050115-15,0.0100,1.00,yes
2026-10-05T05:14:10.338756Z,KXXRP15M-26OCT050115-15,0.0050,88.27,yes
2026-10-05T05:14:10.338756Z,KXXRP15M-26OCT050115-15,0.0100,120.00,yes
2026-10-05T05:14:10.338756Z,KXXRP15M-26OCT050115-15,0.0180,29.52,yes
2026-10-05T05:14:10.338756Z,KXXRP15M-26OCT050115-15,0.0080,79.00,yes
2026-10-05T05:14:10.338756Z,KXXRP15M-26OCT050115-15,0.0100,80.00,yes
2026-10-05T05:14:10.622637Z,KXXRP15M-26OCT050115-15,0.0040,7.00,no
2026-10-05T05:14:10.622637Z,KXXRP15M-26OCT050115-15,0.0040,5.00,no
2026-10-05T05:14:10.932835Z,KXXRP15M-26OCT050115-15,0.0030,10.00,no
2026-10-05T05:14:10.932835Z,KXXRP15M-26OCT050115-15,0.0030,5.00,no
2026-10-05T05:14:10.932835Z,KXXRP15M-26OCT050115-15,0.0030,10.00,no
2026-10-05T05:14:10.932835Z,KXXRP15M-26OCT050115-15,0.0020,16.02,no
2026-10-05T05:14:11.769519Z,KXXRP15M-26OCT050115-15,0.0030,60.70,yes
2026-10-05T05:14:12.525604Z,KXXRP15M-26OCT050115-15,0.0030,31.86,yes
2026-10-05T05:14:12.625216Z,KXXRP15M-26OCT050115-15,0.0030,6.41,yes
2026-10-05T05:14:12.625216Z,KXXRP15M-26OCT050115-15,0.0030,7.44,yes
2026-10-05T05:14:12.625216Z,KXXRP15M-26OCT050115-15,0.0030,16.02,yes
2026-10-05T05:14:13.085668Z,KXXRP15M-26OCT050115-15,0.0020,3.00,no
2026-10-05T05:14:13.085668Z,KXXRP15M-26OCT050115-15,0.0020,3.00,no
2026-10-05T05:14:13.085668Z,KXXRP15M-26OCT050115-15,0.0020,3.00,no
2026-10-05T05:14:13.085668Z,KXXRP15M-26OCT050115-15,0.0020,3.00,no
2026-10-05T05:14:13.085668Z,KXXRP15M-26OCT050115-15,0.0020,3.00,no
2026-10-05T05:14:13.085668Z,KXXRP15M-26OCT050115-15,0.0020,26.00,no
2026-10-05T05:14:13.085668Z,KXXRP15M-26OCT050115-15,0.0020,5.00,no
2026-10-05T05:14:13.085668Z,KXXRP15M-26OCT050115-15,0.0020,8.00,no
2026-10-05T05:14:13.085668Z,KXXRP15M-26OCT050115-15,0.0020,5.00,no
2026-10-05T05:14:13.085668Z,KXXRP15M-26OCT050115-15,0.0020,5.00,no
2026-10-05T05:14:13.085668Z,KXXRP15M-26OCT050115-15,0.0020,10.00,no
2026-10-05T05:14:13.085668Z,KXXRP15M-26OCT050115-15,0.0020,40.00,no
2026-10-05T05:14:13.085668Z,KXXRP15M-26OCT050115-15,0.0020,23.98,no
2026-10-05T05:14:13.226268Z,KXXRP15M-26OCT050115-15,0.0020,50.58,yes
2026-10-05T05:14:13.227592Z,KXXRP15M-26OCT050115-15,0.0020,122.95,yes
2026-10-05T05:14:13.34298Z,KXXRP15M-26OCT050115-15,0.0020,176.28,yes
2026-10-05T05:14:13.7548Z,KXXRP15M-26OCT050115-15,0.0020,9.34,yes
2026-10-05T05:14:13.774042Z,KXXRP15M-26OCT050115-15,0.0010,11.00,no
2026-10-05T05:14:16.453985Z,KXXRP15M-26OCT050115-15,0.0030,63.59,yes
2026-10-05T05:14:16.453985Z,KXXRP15M-26OCT050115-15,0.0030,3.00,yes
2026-10-05T05:14:16.453985Z,KXXRP15M-26OCT050115-15,0.0020,3.00,yes
2026-10-05T05:14:16.453985Z,KXXRP15M-26OCT050115-15,0.0020,0.01,yes
2026-10-05T05:14:16.453985Z,KXXRP15M-26OCT050115-15,0.0020,386.87,yes
2026-10-05T05:14:16.453985Z,KXXRP15M-26OCT050115-15,0.0020,381.00,yes
2026-10-05T05:14:16.453985Z,KXXRP15M-26OCT050115-15,0.0030,23.98,yes
2026-10-05T05:14:16.453985Z,KXXRP15M-26OCT050115-15,0.0030,15.49,yes
2026-10-05T05:14:16.779389Z,KXXRP15M-26OCT050115-15,0.0020,30.00,no
2026-10-05T05:14:16.791245Z,KXXRP15M-26OCT050115-15,0.0020,10.00,no
2026-10-05T05:14:17.109791Z,KXXRP15M-26OCT050115-15,0.0010,1.00,no
2026-10-05T05:14:17.160979Z,KXXRP15M-26OCT050115-15,0.0010,385.31,no
2026-10-05T05:14:17.276668Z,KXXRP15M-26OCT050115-15,0.0020,40.00,no
2026-10-05T05:14:17.276668Z,KXXRP15M-26OCT050115-15,0.0010,15.13,no
2026-10-05T05:14:18.938825Z,KXXRP15M-26OCT050115-15,0.0030,1526.80,yes
2026-10-05T05:14:20.515063Z,KXXRP15M-26OCT050115-15,0.0020,40.00,no
2026-10-05T05:14:20.515063Z,KXXRP15M-26OCT050115-15,0.0020,5.00,no
2026-10-05T05:14:20.515063Z,KXXRP15M-26OCT050115-15,0.0020,10.00,no
2026-10-05T05:14:20.52304Z,KXXRP15M-26OCT050115-15,0.0020,5.00,no
2026-10-05T05:14:20.661272Z,KXXRP15M-26OCT050115-15,0.0040,35.00,yes
2026-10-05T05:14:20.661272Z,KXXRP15M-26OCT050115-15,0.0030,0.01,yes
2026-10-05T05:14:20.661272Z,KXXRP15M-26OCT050115-15,0.0030,0.19,yes
2026-10-05T05:14:20.661272Z,KXXRP15M-26OCT050115-15,0.0020,50.00,yes
2026-10-05T05:14:20.661272Z,KXXRP15M-26OCT050115-15,0.0020,97.00,yes
2026-10-05T05:14:20.661272Z,KXXRP15M-26OCT050115-15,0.0040,0.21,yes
2026-10-05T05:14:20.661272Z,KXXRP15M-26OCT050115-15,0.0030,3.00,yes
2026-10-05T05:14:20.661272Z,KXXRP15M-26OCT050115-15,0.0030,244.71,yes
2026-10-05T05:14:20.661272Z,KXXRP15M-26OCT050115-15,0.0050,81.19,yes
2026-10-05T05:14:21.080668Z,KXXRP15M-26OCT050115-15,0.0020,2.00,no
2026-10-05T05:14:21.091074Z,KXXRP15M-26OCT050115-15,0.0020,2.00,no
2026-10-05T05:14:21.097923Z,KXXRP15M-26OCT050115-15,0.0020,10.00,no
2026-10-05T05:14:21.097923Z,KXXRP15M-26OCT050115-15,0.0020,36.00,no
2026-10-05T05:14:21.097923Z,KXXRP15M-26OCT050115-15,0.0020,5.00,no
2026-10-05T05:14:21.097923Z,KXXRP15M-26OCT050115-15,0.0010,49.00,no
2026-10-05T05:14:22.419544Z,KXXRP15M-26OCT050115-15,0.0020,50.00,yes
2026-10-05T05:14:22.419544Z,KXXRP15M-26OCT050115-15,0.0040,35.00,yes
2026-10-05T05:14:22.419544Z,KXXRP15M-26OCT050115-15,0.0020,144.00,yes
2026-10-05T05:14:22.419544Z,KXXRP15M-26OCT050115-15,0.0050,243.07,yes
2026-10-05T05:14:22.419544Z,KXXRP15M-26OCT050115-15,0.0030,40.00,yes
2026-10-05T05:14:22.61591Z,KXXRP15M-26OCT050115-15,0.0020,10.00,no
2026-10-05T05:14:22.61591Z,KXXRP15M-26OCT050115-15,0.0020,5.00,no
2026-10-05T05:14:22.61591Z,KXXRP15M-26OCT050115-15,0.0020,40.00,no
2026-10-05T05:14:23.679738Z,KXXRP15M-26OCT050115-15,0.0020,458.01,yes
2026-10-05T05:14:24.736833Z,KXXRP15M-26OCT050115-15,0.0010,9.96,no
2026-10-05T05:14:24.8703Z,KXXRP15M-26OCT050115-15,0.0010,500.00,no
2026-10-05T05:14:24.8703Z,KXXRP15M-26OCT050115-15,0.0010,20.40,no
2026-10-05T05:14:24.8703Z,KXXRP15M-26OCT050115-15,0.0010,328.60,no
2026-10-05T05:14:24.87204Z,KXXRP15M-26OCT050115-15,0.0020,40.00,yes
2026-10-05T05:14:24.87204Z,KXXRP15M-26OCT050115-15,0.0020,0.19,yes
2026-10-05T05:14:24.87204Z,KXXRP15M-26OCT050115-15,0.0040,0.23,yes
2026-10-05T05:14:24.87204Z,KXXRP15M-26OCT050115-15,0.0030,0.21,yes
2026-10-05T05:14:24.87204Z,KXXRP15M-26OCT050115-15,0.0040,35.00,yes
2026-10-05T05:14:24.87204Z,KXXRP15M-26OCT050115-15,0.0020,0.01,yes
2026-10-05T05:14:24.87204Z,KXXRP15M-26OCT050115-15,0.0020,3.00,yes
2026-10-05T05:14:24.87204Z,KXXRP15M-26OCT050115-15,0.0050,630.19,yes
2026-10-05T05:14:27.656738Z,KXXRP15M-26OCT050115-15,0.0020,458.01,yes
2026-10-05T05:14:28.204284Z,KXXRP15M-26OCT050115-15,0.0010,53.79,no
2026-10-05T05:14:29.047062Z,KXXRP15M-26OCT050115-15,0.0010,100.00,no
2026-10-05T05:14:29.228124Z,KXXRP15M-26OCT050115-15,0.0020,41.99,yes
2026-10-05T05:14:29.228124Z,KXXRP15M-26OCT050115-15,0.0020,20.40,yes
2026-10-05T05:14:29.228124Z,KXXRP15M-26OCT050115-15,0.0020,0.19,yes
2026-10-05T05:14:29.228124Z,KXXRP15M-26OCT050115-15,0.0020,3.00,yes
2026-10-05T05:14:29.228124Z,KXXRP15M-26OCT050115-15,0.0020,0.01,yes
2026-10-05T05:14:29.228124Z,KXXRP15M-26OCT050115-15,0.0020,247.00,yes
2026-10-05T05:14:29.228124Z,KXXRP15M-26OCT050115-15,0.0020,53.79,yes
2026-10-05T05:14:29.228124Z,KXXRP15M-26OCT050115-15,0.0020,42.90,yes
2026-10-05T05:14:29.4358Z,KXXRP15M-26OCT050115-15,0.0010,1.00,no
2026-10-05T05:14:29.4358Z,KXXRP15M-26OCT050115-15,0.0010,350.00,no
2026-10-05T05:14:29.4358Z,KXXRP15M-26OCT050115-15,0.0010,325.81,no
2026-10-05T05:14:29.4358Z,KXXRP15M-26OCT050115-15,0.0010,1.00,no
2026-10-05T05:14:29.4358Z,KXXRP15M-26OCT050115-15,0.0010,40.00,no
2026-10-05T05:14:29.4358Z,KXXRP15M-26OCT050115-15,0.0010,281.19,no
2026-10-05T05:14:29.4358Z,KXXRP15M-26OCT050115-15,0.0010,1.00,no
2026-10-05T05:14:29.502979Z,KXXRP15M-26OCT050115-15,0.0020,57.10,yes
2026-10-05T05:14:29.502979Z,KXXRP15M-26OCT050115-15,0.0020,40.00,yes
2026-10-05T05:14:29.502979Z,KXXRP15M-26OCT050115-15,0.0020,312.19,yes
2026-10-05T05:14:29.917913Z,KXXRP15M-26OCT050115-15,0.0020,212.00,yes
2026-10-05T05:14:29.917913Z,KXXRP15M-26OCT050115-15,0.0020,13.62,yes
2026-10-05T05:14:29.917913Z,KXXRP15M-26OCT050115-15,0.0020,0.19,yes
2026-10-05T05:14:30.054442Z,KXXRP15M-26OCT050115-15,0.0010,12.00,no
2026-10-05T05:14:30.062484Z,KXXRP15M-26OCT050115-15,0.0010,458.01,no
2026-10-05T05:14:30.062484Z,KXXRP15M-26OCT050115-15,0.0010,41.99,no
2026-10-05T05:14:30.062484Z,KXXRP15M-26OCT050115-15,0.0010,40.00,no
2026-10-05T05:14:30.062484Z,KXXRP15M-26OCT050115-15,0.0010,10.00,no
2026-10-05T05:14:30.062484Z,KXXRP15M-26OCT050115-15,0.0010,43.00,no
2026-10-05T05:14:30.062484Z,KXXRP15M-26OCT050115-15,0.0010,106.81,no
2026-10-05T05:14:30.062484Z,KXXRP15M-26OCT050115-15,0.0010,34.00,no
2026-10-05T05:14:30.062484Z,KXXRP15M-26OCT050115-15,0.0010,200.00,no
2026-10-05T05:14:30.062484Z,KXXRP15M-26OCT050115-15,0.0010,5.00,no
2026-10-05T05:14:30.084141Z,KXXRP15M-26OCT050115-15,0.0020,2.00,no
2026-10-05T05:14:30.124571Z,KXXRP15M-26OCT050115-15,0.0020,300.00,no
2026-10-05T05:14:30.140429Z,KXXRP15M-26OCT050115-15,0.0020,98.00,no
2026-10-05T05:14:30.145421Z,KXXRP15M-26OCT050115-15,0.0020,98.00,no
2026-10-05T05:14:30.237041Z,KXXRP15M-26OCT050115-15,0.0020,302.00,no
2026-10-05T05:14:30.306306Z,KXXRP15M-26OCT050115-15,0.0010,40.00,no
2026-10-05T05:14:30.306306Z,KXXRP15M-26OCT050115-15,0.0010,43.00,no
2026-10-05T05:14:30.923034Z,KXXRP15M-26OCT050115-15,0.0010,1072.73,yes
2026-10-05T05:14:32.336599Z,KXXRP15M-26OCT050115-15,0.0010,927.27,yes
2026-10-05T05:14:35.280044Z,KXXRP15M-26OCT050115-15,0.0030,26.38,yes
2026-10-05T05:14:35.280044Z,KXXRP15M-26OCT050115-15,0.0020,59.00,yes
2026-10-05T05:14:35.280044Z,KXXRP15M-26OCT050115-15,0.0020,226.00,yes
2026-10-05T05:14:35.280044Z,KXXRP15M-26OCT050115-15,0.0030,0.21,yes
2026-10-05T05:14:35.336777Z,KXXRP15M-26OCT050115-15,0.0010,26.00,no
2026-10-05T05:14:35.559769Z,KXXRP15M-26OCT050115-15,0.0010,0.38,no
2026-10-05T05:14:35.559769Z,KXXRP15M-26OCT050115-15,0.0010,39.62,no
2026-10-05T05:14:35.559769Z,KXXRP15M-26OCT050115-15,0.0010,43.00,no
2026-10-05T05:14:35.646536Z,KXXRP15M-26OCT050115-15,0.0010,0.38,no
2026-10-05T05:14:35.646536Z,KXXRP15M-26OCT050115-15,0.0010,42.62,no
2026-10-05T05:14:37.2364Z,KXXRP15M-26OCT050115-15,0.0040,0.23,yes
2026-10-05T05:14:37.2364Z,KXXRP15M-26OCT050115-15,0.0030,473.62,yes
2026-10-05T05:14:37.2364Z,KXXRP15M-26OCT050115-15,0.0030,17.00,yes
2026-10-05T05:14:37.2364Z,KXXRP15M-26OCT050115-15,0.0030,3.00,yes
2026-10-05T05:14:37.2364Z,KXXRP15M-26OCT050115-15,0.0030,26.38,yes
2026-10-05T05:14:37.2364Z,KXXRP15M-26OCT050115-15,0.0030,0.25,yes
2026-10-05T05:14:37.2364Z,KXXRP15M-26OCT050115-15,0.0010,3.00,yes
2026-10-05T05:14:37.2364Z,KXXRP15M-26OCT050115-15,0.0010,272.00,yes
2026-10-05T05:14:37.2364Z,KXXRP15M-26OCT050115-15,0.0050,370.55,yes
2026-10-05T05:14:37.2364Z,KXXRP15M-26OCT050115-15,0.0050,4.14,yes
2026-10-05T05:14:37.258659Z,KXXRP15M-26OCT050115-15,0.0010,473.00,no
2026-10-05T05:14:37.339498Z,KXXRP15M-26OCT050115-15,0.0010,0.62,no
2026-10-05T05:14:37.339498Z,KXXRP15M-26OCT050115-15,0.0010,6.38,no
2026-10-05T05:14:37.342993Z,KXXRP15M-26OCT050115-15,0.0010,20.00,no
2026-10-05T05:14:37.342993Z,KXXRP15M-26OCT050115-15,0.0010,43.00,no
2026-10-05T05:14:37.342993Z,KXXRP15M-26OCT050115-15,0.0010,33.42,no
2026-10-05T05:14:39.610313Z,KXXRP15M-26OCT050115-15,0.0030,27.00,yes
2026-10-05T05:14:39.610313Z,KXXRP15M-26OCT050115-15,0.0030,37.00,yes
2026-10-05T05:14:39.610313Z,KXXRP15M-26OCT050115-15,0.0030,17.00,yes
2026-10-05T05:14:39.629166Z,KXXRP15M-26OCT050115-15,0.0010,27.00,no
2026-10-05T05:14:44.415048Z,KXXRP15M-26OCT050115-15,0.0010,0.20,yes
2026-10-05T05:14:45.393032Z,KXXRP15M-26OCT050115-15,0.0010,124.80,yes
2026-10-05T05:14:45.393032Z,KXXRP15M-26OCT050115-15,0.0010,90.68,yes
2026-10-05T05:14:45.85813Z,KXXRP15M-26OCT050115-15,0.0010,934.69,yes
2026-10-05T05:14:48.14532Z,KXXRP15M-26OCT050115-15,0.0010,915.99,yes
2026-10-05T05:14:48.845295Z,KXXRP15M-26OCT050115-15,0.0010,915.99,yes
2026-10-05T05:13:25.466395Z,KXBNB15M-26OCT050115-15,0.5400,8.00,yes
2026-10-05T05:13:25.466395Z,KXBNB15M-26OCT050115-15,0.5300,1.00,yes
2026-10-05T05:13:25.570024Z,KXBNB15M-26OCT050115-15,0.4900,1.00,no
2026-10-05T05:13:25.570024Z,KXBNB15M-26OCT050115-15,0.4800,2.00,no
2026-10-05T05:13:25.595746Z,KXBNB15M-26OCT050115-15,0.5300,1.00,yes
2026-10-05T05:13:25.595746Z,KXBNB15M-26OCT050115-15,0.5300,1.00,yes
2026-10-05T05:13:26.219212Z,KXBNB15M-26OCT050115-15,0.5400,0.35,yes
2026-10-05T05:13:27.685493Z,KXBNB15M-26OCT050115-15,0.5500,9.96,yes
2026-10-05T05:13:27.685493Z,KXBNB15M-26OCT050115-15,0.5400,1.00,yes
2026-10-05T05:13:27.685493Z,KXBNB15M-26OCT050115-15,0.5400,1.00,yes
2026-10-05T05:13:28.358542Z,KXBNB15M-26OCT050115-15,0.5500,1.00,yes
2026-10-05T05:13:28.358542Z,KXBNB15M-26OCT050115-15,0.5500,2.49,yes
2026-10-05T05:13:29.050185Z,KXBNB15M-26OCT050115-15,0.3800,6.00,no
2026-10-05T05:13:29.050185Z,KXBNB15M-26OCT050115-15,0.3900,6.00,no
2026-10-05T05:13:29.050185Z,KXBNB15M-26OCT050115-15,0.4700,60.00,no
2026-10-05T05:13:29.050185Z,KXBNB15M-26OCT050115-15,0.4800,1.00,no
2026-10-05T05:13:29.050185Z,KXBNB15M-26OCT050115-15,0.4300,60.00,no
2026-10-05T05:13:29.050185Z,KXBNB15M-26OCT050115-15,0.4000,60.00,no
2026-10-05T05:13:29.050185Z,KXBNB15M-26OCT050115-15,0.3600,1.37,no
2026-10-05T05:13:29.050185Z,KXBNB15M-26OCT050115-15,0.3800,60.00,no
2026-10-05T05:13:29.050185Z,KXBNB15M-26OCT050115-15,0.4800,25.00,no
2026-10-05T05:13:29.050185Z,KXBNB15M-26OCT050115-15,0.4500,60.00,no
2026-10-05T05:13:32.504936Z,KXBNB15M-26OCT050115-15,0.5200,1.00,no
2026-10-05T05:13:32.504936Z,KXBNB15M-26OCT050115-15,0.5300,10.00,no
2026-10-05T05:13:32.520551Z,KXBNB15M-26OCT050115-15,0.4900,10.00,no
2026-10-05T05:13:32.67773Z,KXBNB15M-26OCT050115-15,0.4800,25.00,yes
2026-10-05T05:13:32.678127Z,KXBNB15M-26OCT050115-15,0.4900,32.00,yes
2026-10-05T05:13:32.678769Z,KXBNB15M-26OCT050115-15,0.5100,1.00,yes
2026-10-05T05:13:32.684394Z,KXBNB15M-26OCT050115-15,0.5400,1.00,yes
2026-10-05T05:13:32.690244Z,KXBNB15M-26OCT050115-15,0.5800,21.00,yes
2026-10-05T05:13:32.690244Z,KXBNB15M-26OCT050115-15,0.5900,8.00,yes
2026-10-05T05:13:32.690244Z,KXBNB15M-26OCT050115-15,0.5800,8.00,yes
2026-10-05T05:13:32.690244Z,KXBNB15M-26OCT050115-15,0.6000,8.00,yes
2026-10-05T05:13:34.166199Z,KXBNB15M-26OCT050115-15,0.6300,60.00,yes
2026-10-05T05:13:34.166199Z,KXBNB15M-26OCT050115-15,0.6300,1.00,yes
2026-10-05T05:13:34.166199Z,KXBNB15M-26OCT050115-15,0.6300,1.00,yes
2026-10-05T05:13:34.302468Z,KXBNB15M-26OCT050115-15,0.6400,22.07,no
2026-10-05T05:13:36.018354Z,KXBNB15M-26OCT050115-15,0.6300,60.00,yes
2026-10-05T05:13:37.047631Z,KXBNB15M-26OCT050115-15,0.6300,60.00,yes
2026-10-05T05:13:37.520633Z,KXBNB15M-26OCT050115-15,0.6300,4.64,yes
2026-10-05T05:13:37.537527Z,KXBNB15M-26OCT050115-15,0.5400,41.00,no
2026-10-05T05:13:37.537527Z,KXBNB15M-26OCT050115-15,0.5400,1.00,no
2026-10-05T05:13:37.537527Z,KXBNB15M-26OCT050115-15,0.5200,0.01,no
2026-10-05T05:13:37.537527Z,KXBNB15M-26OCT050115-15,0.5700,1.00,no
2026-10-05T05:13:37.537527Z,KXBNB15M-26OCT050115-15,0.5000,60.00,no
2026-10-05T05:13:37.537527Z,KXBNB15M-26OCT050115-15,0.4700,39.75,no
2026-10-05T05:13:37.537527Z,KXBNB15M-26OCT050115-15,0.5300,60.00,no
2026-10-05T05:13:37.537527Z,KXBNB15M-26OCT050115-15,0.5900,10.00,no
2026-10-05T05:13:37.537527Z,KXBNB15M-26OCT050115-15,0.5500,25.00,no
2026-10-05T05:13:37.537527Z,KXBNB15M-26OCT050115-15,0.5200,162.00,no
2026-10-05T05:13:37.537527Z,KXBNB15M-26OCT050115-15,0.5700,1.00,no
2026-10-05T05:13:37.537527Z,KXBNB15M-26OCT050115-15,0.5800,1.00,no
2026-10-05T05:13:37.964575Z,KXBNB15M-26OCT050115-15,0.5300,25.00,no
2026-10-05T05:13:37.964575Z,KXBNB15M-26OCT050115-15,0.5700,1.00,no
2026-10-05T05:13:37.964575Z,KXBNB15M-26OCT050115-15,0.5400,8.00,no
2026-10-05T05:13:37.964575Z,KXBNB15M-26OCT050115-15,0.5800,10.00,no
2026-10-05T05:13:37.964575Z,KXBNB15M-26OCT050115-15,0.5500,8.00,no
2026-10-05T05:13:37.964575Z,KXBNB15M-26OCT050115-15,0.5300,8.00,no
2026-10-05T05:13:37.964575Z,KXBNB15M-26OCT050115-15,0.5000,60.00,no
2026-10-05T05:13:37.964575Z,KXBNB15M-26OCT050115-15,0.5200,60.00,no
2026-10-05T05:13:37.964575Z,KXBNB15M-26OCT050115-15,0.4700,15.61,no
2026-10-05T05:13:38.017617Z,KXBNB15M-26OCT050115-15,0.5900,7.00,yes
2026-10-05T05:13:38.128482Z,KXBNB15M-26OCT050115-15,0.5900,4.00,yes
2026-10-05T05:13:38.128482Z,KXBNB15M-26OCT050115-15,0.5900,53.00,yes
2026-10-05T05:13:39.148797Z,KXBNB15M-26OCT050115-15,0.5900,1.00,yes
2026-10-05T05:13:39.148797Z,KXBNB15M-26OCT050115-15,0.5900,1.00,yes
2026-10-05T05:13:39.154641Z,KXBNB15M-26OCT050115-15,0.5900,2.00,yes
2026-10-05T05:13:39.923936Z,KXBNB15M-26OCT050115-15,0.5800,10.00,no
2026-10-05T05:13:39.923936Z,KXBNB15M-26OCT050115-15,0.5800,32.00,no
2026-10-05T05:13:39.923936Z,KXBNB15M-26OCT050115-15,0.5800,1.00,no
2026-10-05T05:13:39.92922Z,KXBNB15M-26OCT050115-15,0.5600,1.00,no
2026-10-05T05:13:39.92922Z,KXBNB15M-26OCT050115-15,0.5800,10.00,no
2026-10-05T05:13:39.939619Z,KXBNB15M-26OCT050115-15,0.5600,10.00,no
2026-10-05T05:13:39.943759Z,KXBNB15M-26OCT050115-15,0.5600,10.00,no
2026-10-05T05:13:39.95368Z,KXBNB15M-26OCT050115-15,0.5600,10.00,no
2026-10-05T05:13:39.965392Z,KXBNB15M-26OCT050115-15,0.5600,10.00,no
2026-10-05T05:13:39.976325Z,KXBNB15M-26OCT050115-15,0.5600,10.00,no
2026-10-05T05:13:40.366621Z,KXBNB15M-26OCT050115-15,0.5800,21.00,yes
2026-10-05T05:13:40.366621Z,KXBNB15M-26OCT050115-15,0.5900,7.00,yes
2026-10-05T05:13:40.366621Z,KXBNB15M-26OCT050115-15,0.5700,60.00,yes
2026-10-05T05:13:40.50251Z,KXBNB15M-26OCT050115-15,0.5700,1.00,yes
2026-10-05T05:13:40.50251Z,KXBNB15M-26OCT050115-15,0.5800,7.33,yes
2026-10-05T05:13:40.6051Z,KXBNB15M-26OCT050115-15,0.5800,1.00,yes
2026-10-05T05:13:40.6051Z,KXBNB15M-26OCT050115-15,0.5800,4.00,yes
2026-10-05T05:13:40.835565Z,KXBNB15M-26OCT050115-15,0.5500,10.00,no
2026-10-05T05:13:40.942187Z,KXBNB15M-26OCT050115-15,0.5300,8.00,no
2026-10-05T05:13:40.942187Z,KXBNB15M-26OCT050115-15,0.5200,74.75,no
2026-10-05T05:13:40.942187Z,KXBNB15M-26OCT050115-15,0.5300,25.00,no
2026-10-05T05:13:40.942467Z,KXBNB15M-26OCT050115-15,0.5200,55.58,no
2026-10-05T05:13:41.019524Z,KXBNB15M-26OCT050115-15,0.5100,1.00,yes
2026-10-05T05:13:41.147014Z,KXBNB15M-26OCT050115-15,0.5200,3.68,yes
2026-10-05T05:13:42.660085Z,KXBNB15M-26OCT050115-15,0.4700,60.00,no
2026-10-05T05:13:42.660085Z,KXBNB15M-26OCT050115-15,0.4900,60.00,no
2026-10-05T05:13:42.660085Z,KXBNB15M-26OCT050115-15,0.5200,25.00,no
2026-10-05T05:13:42.660085Z,KXBNB15M-26OCT050115-15,0.5100,60.00,no
2026-10-05T05:13:42.660085Z,KXBNB15M-26OCT050115-15,0.5200,1.00,no
2026-10-05T05:13:42.717714Z,KXBNB15M-26OCT050115-15,0.5500,1.00,yes
2026-10-05T05:13:42.717714Z,KXBNB15M-26OCT050115-15,0.5900,10.49,yes
2026-10-05T05:13:42.717714Z,KXBNB15M-26OCT050115-15,0.5700,22.00,yes
2026-10-05T05:13:42.717714Z,KXBNB15M-26OCT050115-15,0.5800,34.00,yes
2026-10-05T05:13:42.840172Z,KXBNB15M-26OCT050115-15,0.4900,35.80,no
2026-10-05T05:13:42.840172Z,KXBNB15M-26OCT050115-15,0.5100,1.00,no
2026-10-05T05:13:42.840172Z,KXBNB15M-26OCT050115-15,0.5000,25.00,no
2026-10-05T05:13:43.54066Z,KXBNB15M-26OCT050115-15,0.5700,1.00,yes
2026-10-05T05:13:43.54066Z,KXBNB15M-26OCT050115-15,0.5800,21.00,yes
2026-10-05T05:13:43.54066Z,KXBNB15M-26OCT050115-15,0.5900,10.68,yes
2026-10-05T05:13:43.54066Z,KXBNB15M-26OCT050115-15,0.5800,8.00,yes
2026-10-05T05:13:43.54066Z,KXBNB15M-26OCT050115-15,0.5800,1.00,yes
2026-10-05T05:13:44.171349Z,KXBNB15M-26OCT050115-15,0.5700,22.00,yes
2026-10-05T05:13:44.171349Z,KXBNB15M-26OCT050115-15,0.5700,1.00,yes
2026-10-05T05:13:44.764225Z,KXBNB15M-26OCT050115-15,0.5200,25.00,no
2026-10-05T05:13:44.764225Z,KXBNB15M-26OCT050115-15,0.5300,1.00,no
2026-10-05T05:13:44.764225Z,KXBNB15M-26OCT050115-15,0.5100,21.00,no
2026-10-05T05:13:45.668987Z,KXBNB15M-26OCT050115-15,0.5200,1.00,no
2026-10-05T05:13:45.668987Z,KXBNB15M-26OCT050115-15,0.5200,18.11,no
2026-10-05T05:13:45.822308Z,KXBNB15M-26OCT050115-15,0.5700,1.00,yes
2026-10-05T05:13:46.620388Z,KXBNB15M-26OCT050115-15,0.5900,38.83,yes
2026-10-05T05:13:46.620388Z,KXBNB15M-26OCT050115-15,0.5900,8.00,yes
2026-10-05T05:13:46.620388Z,KXBNB15M-26OCT050115-15,0.6000,4.00,yes
2026-10-05T05:13:46.620388Z,KXBNB15M-26OCT050115-15,0.5800,8.00,yes
2026-10-05T05:13:46.620388Z,KXBNB15M-26OCT050115-15,0.5800,21.00,yes
2026-10-05T05:13:46.620388Z,KXBNB15M-26OCT050115-15,0.5700,1.00,yes
2026-10-05T05:13:46.620388Z,KXBNB15M-26OCT050115-15,0.5900,1.00,yes
2026-10-05T05:13:46.620388Z,KXBNB15M-26OCT050115-15,0.5700,1.00,yes
2026-10-05T05:13:47.222715Z,KXBNB15M-26OCT050115-15,0.6100,0.48,yes
2026-10-05T05:13:47.222715Z,KXBNB15M-26OCT050115-15,0.5800,1.00,yes
2026-10-05T05:13:47.222715Z,KXBNB15M-26OCT050115-15,0.5800,1.00,yes
2026-10-05T05:13:47.222715Z,KXBNB15M-26OCT050115-15,0.6000,1.00,yes
2026-10-05T05:13:47.569707Z,KXBNB15M-26OCT050115-15,0.5700,19.58,no
2026-10-05T05:13:47.574301Z,KXBNB15M-26OCT050115-15,0.5700,24.82,no
2026-10-05T05:13:47.590253Z,KXBNB15M-26OCT050115-15,0.6100,49.69,yes
2026-10-05T05:13:47.590253Z,KXBNB15M-26OCT050115-15,0.5800,21.00,yes
2026-10-05T05:13:47.590253Z,KXBNB15M-26OCT050115-15,0.5800,1.00,yes
2026-10-05T05:13:47.590253Z,KXBNB15M-26OCT050115-15,0.5900,1.00,yes
2026-10-05T05:13:47.590253Z,KXBNB15M-26OCT050115-15,0.5900,60.00,yes
2026-10-05T05:13:47.590253Z,KXBNB15M-26OCT050115-15,0.6000,8.00,yes
2026-10-05T05:13:47.590253Z,KXBNB15M-26OCT050115-15,0.5900,8.00,yes
2026-10-05T05:13:47.590253Z,KXBNB15M-26OCT050115-15,0.5800,8.00,yes
2026-10-05T05:13:48.913749Z,KXBNB15M-26OCT050115-15,0.5800,1.00,yes
2026-10-05T05:13:48.913749Z,KXBNB15M-26OCT050115-15,0.5800,60.00,yes
2026-10-05T05:13:48.913749Z,KXBNB15M-26OCT050115-15,0.5800,8.00,yes
2026-10-05T05:13:49.009396Z,KXBNB15M-26OCT050115-15,0.5700,5.60,no
2026-10-05T05:13:50.756256Z,KXBNB15M-26OCT050115-15,0.4400,23.00,no
2026-10-05T05:13:50.756256Z,KXBNB15M-26OCT050115-15,0.5200,0.01,no
2026-10-05T05:13:50.756256Z,KXBNB15M-26OCT050115-15,0.4500,1.00,no
2026-10-05T05:13:50.756256Z,KXBNB15M-26OCT050115-15,0.5300,1.00,no
2026-10-05T05:13:50.756256Z,KXBNB15M-26OCT050115-15,0.5400,1.00,no
2026-10-05T05:13:51.784413Z,KXBNB15M-26OCT050115-15,0.4300,1.00,yes
2026-10-05T05:13:51.857201Z,KXBNB15M-26OCT050115-15,0.5800,8.00,yes
2026-10-05T05:13:52.24943Z,KXBNB15M-26OCT050115-15,0.5700,50.00,yes
2026-10-05T05:13:52.73962Z,KXBNB15M-26OCT050115-15,0.6000,0.63,yes
2026-10-05T05:13:52.73962Z,KXBNB15M-26OCT050115-15,0.5800,1.00,yes
2026-10-05T05:13:54.329084Z,KXBNB15M-26OCT050115-15,0.5900,0.98,yes
2026-10-05T05:13:54.329084Z,KXBNB15M-26OCT050115-15,0.5900,8.00,yes
2026-10-05T05:13:54.329084Z,KXBNB15M-26OCT050115-15,0.6000,1.00,yes
2026-10-05T05:13:54.329084Z,KXBNB15M-26OCT050115-15,0.6000,8.00,yes
2026-10-05T05:13:54.329084Z,KXBNB15M-26OCT050115-15,0.6000,23.00,yes
2026-10-05T05:13:54.613507Z,KXBNB15M-26OCT050115-15,0.5300,1.00,no
2026-10-05T05:13:54.613507Z,KXBNB15M-26OCT050115-15,0.4900,34.00,no
2026-10-05T05:13:54.613507Z,KXBNB15M-26OCT050115-15,0.5000,1.00,no
2026-10-05T05:13:54.613507Z,KXBNB15M-26OCT050115-15,0.5100,60.00,no
2026-10-05T05:13:54.613507Z,KXBNB15M-26OCT050115-15,0.5200,25.00,no
2026-10-05T05:13:54.613507Z,KXBNB15M-26OCT050115-15,0.5100,1.00,no
2026-10-05T05:13:54.613507Z,KXBNB15M-26OCT050115-15,0.5300,74.00,no
2026-10-05T05:13:54.984083Z,KXBNB15M-26OCT050115-15,0.5200,1.00,no
2026-10-05T05:13:54.984083Z,KXBNB15M-26OCT050115-15,0.5100,11.00,no
2026-10-05T05:13:55.095402Z,KXBNB15M-26OCT050115-15,0.5800,7.00,yes
2026-10-05T05:13:55.095402Z,KXBNB15M-26OCT050115-15,0.5700,1.00,yes
2026-10-05T05:13:55.625901Z,KXBNB15M-26OCT050115-15,0.5200,1.00,no
2026-10-05T05:13:55.625901Z,KXBNB15M-26OCT050115-15,0.5300,1.00,no
2026-10-05T05:13:55.625901Z,KXBNB15M-26OCT050115-15,0.5300,11.00,no
2026-10-05T05:13:55.626001Z,KXBNB15M-26OCT050115-15,0.5200,23.00,no
2026-10-05T05:13:55.626442Z,KXBNB15M-26OCT050115-15,0.5200,1.00,no
2026-10-05T05:13:56.192914Z,KXBNB15M-26OCT050115-15,0.5100,1.60,yes
2026-10-05T05:13:56.192914Z,KXBNB15M-26OCT050115-15,0.5100,1.00,yes
2026-10-05T05:13:56.59325Z,KXBNB15M-26OCT050115-15,0.5000,9.66,yes
2026-10-05T05:13:57.434898Z,KXBNB15M-26OCT050115-15,0.5200,37.00,yes
2026-10-05T05:13:57.754368Z,KXBNB15M-26OCT050115-15,0.4600,17.74,no
2026-10-05T05:13:57.754368Z,KXBNB15M-26OCT050115-15,0.4800,1.00,no
2026-10-05T05:13:57.754368Z,KXBNB15M-26OCT050115-15,0.4700,25.00,no
2026-10-05T05:13:59.839702Z,KXBNB15M-26OCT050115-15,0.4800,1.00,no
2026-10-05T05:13:59.83972Z,KXBNB15M-26OCT050115-15,0.4700,2.00,no
2026-10-05T05:14:00.52018Z,KXBNB15M-26OCT050115-15,0.4000,1.00,no
2026-10-05T05:14:00.52018Z,KXBNB15M-26OCT050115-15,0.3900,13.00,no
2026-10-05T05:14:00.520578Z,KXBNB15M-26OCT050115-15,0.3900,3.00,no
2026-10-05T05:14:00.521965Z,KXBNB15M-26OCT050115-15,0.3300,16.00,no
2026-10-05T05:14:00.521965Z,KXBNB15M-26OCT050115-15,0.3600,60.00,no
2026-10-05T05:14:00.521965Z,KXBNB15M-26OCT050115-15,0.3900,8.00,no
2026-10-05T05:14:01.02235Z,KXBNB15M-26OCT050115-15,0.3800,23.00,no
2026-10-05T05:14:01.02235Z,KXBNB15M-26OCT050115-15,0.3700,60.00,no
2026-10-05T05:14:01.02235Z,KXBNB15M-26OCT050115-15,0.3900,60.00,no
2026-10-05T05:14:01.026488Z,KXBNB15M-26OCT050115-15,0.3300,24.00,no
2026-10-05T05:14:01.026488Z,KXBNB15M-26OCT050115-15,0.3500,60.00,no
2026-10-05T05:14:01.043271Z,KXBNB15M-26OCT050115-15,0.3100,56.00,no
2026-10-05T05:14:01.043271Z,KXBNB15M-26OCT050115-15,0.3300,20.00,no
2026-10-05T05:14:01.043271Z,KXBNB15M-26OCT050115-15,0.3600,4.00,no
2026-10-05T05:14:01.043271Z,KXBNB15M-26OCT050115-15,0.3400,4.00,no
2026-10-05T05:14:01.061919Z,KXBNB15M-26OCT050115-15,0.3100,4.00,no
2026-10-05T05:14:01.061919Z,KXBNB15M-26OCT050115-15,0.3300,60.00,no
2026-10-05T05:14:01.458837Z,KXBNB15M-26OCT050115-15,0.2900,24.00,no
2026-10-05T05:14:01.458837Z,KXBNB15M-26OCT050115-15,0.3100,60.00,no
2026-10-05T05:14:01.903811Z,KXBNB15M-26OCT050115-15,0.4400,34.61,yes
2026-10-05T05:14:01.903811Z,KXBNB15M-26OCT050115-15,0.3900,24.00,yes
2026-10-05T05:14:01.903811Z,KXBNB15M-26OCT050115-15,0.3200,17.00,yes
2026-10-05T05:14:01.903811Z,KXBNB15M-26OCT050115-15,0.4200,60.00,yes
2026-10-05T05:14:01.903811Z,KXBNB15M-26OCT050115-15,0.4000,60.00,yes
2026-10-05T05:14:01.957517Z,KXBNB15M-26OCT050115-15,0.3000,24.00,no
2026-10-05T05:14:01.957517Z,KXBNB15M-26OCT050115-15,0.3200,60.00,no
2026-10-05T05:14:02.213226Z,KXBNB15M-26OCT050115-15,0.2900,36.00,no
2026-10-05T05:14:02.213226Z,KXBNB15M-26OCT050115-15,0.3100,60.00,no
2026-10-05T05:14:02.327204Z,KXBNB15M-26OCT050115-15,0.2900,2.00,no
2026-10-05T05:14:02.327204Z,KXBNB15M-26OCT050115-15,0.3000,60.00,no
2026-10-05T05:14:02.327204Z,KXBNB15M-26OCT050115-15,0.2800,5.00,no
2026-10-05T05:14:02.370652Z,KXBNB15M-26OCT050115-15,0.2900,1.00,no
2026-10-05T05:14:02.370652Z,KXBNB15M-26OCT050115-15,0.2800,55.00,no
2026-10-05T05:14:02.370652Z,KXBNB15M-26OCT050115-15,0.3100,60.00,no
2026-10-05T05:14:02.448809Z,KXBNB15M-26OCT050115-15,0.3200,17.00,yes
2026-10-05T05:14:02.592971Z,KXBNB15M-26OCT050115-15,0.2900,1.00,no
2026-10-05T05:14:02.658708Z,KXBNB15M-26OCT050115-15,0.2200,38.60,no
2026-10-05T05:14:02.658708Z,KXBNB15M-26OCT050115-15,0.2500,20.00,no
2026-10-05T05:14:02.658708Z,KXBNB15M-26OCT050115-15,0.2500,16.40,no
2026-10-05T05:14:02.679787Z,KXBNB15M-26OCT050115-15,0.2000,37.38,no
2026-10-05T05:14:02.679787Z,KXBNB15M-26OCT050115-15,0.1800,17.00,no
2026-10-05T05:14:02.679787Z,KXBNB15M-26OCT050115-15,0.1900,1.00,no
2026-10-05T05:14:02.679787Z,KXBNB15M-26OCT050115-15,0.2000,1.00,no
2026-10-05T05:14:03.069566Z,KXBNB15M-26OCT050115-15,0.1400,1.00,no
2026-10-05T05:14:03.069566Z,KXBNB15M-26OCT050115-15,0.1500,17.00,no
2026-10-05T05:14:03.069566Z,KXBNB15M-26OCT050115-15,0.1400,1.00,no
2026-10-05T05:14:03.069566Z,KXBNB15M-26OCT050115-15,0.1500,1.00,no
2026-10-05T05:14:03.074818Z,KXBNB15M-26OCT050115-15,0.1300,0.13,no
2026-10-05T05:14:03.074818Z,KXBNB15M-26OCT050115-15,0.1300,1.00,no
2026-10-05T05:14:03.07518Z,KXBNB15M-26OCT050115-15,0.1300,0.56,no
2026-10-05T05:14:03.217942Z,KXBNB15M-26OCT050115-15,0.1000,1.00,no
2026-10-05T05:14:03.217942Z,KXBNB15M-26OCT050115-15,0.1100,2.00,no
2026-10-05T05:14:03.217942Z,KXBNB15M-26OCT050115-15,0.0900,1.00,no
2026-10-05T05:14:03.217942Z,KXBNB15M-26OCT050115-15,0.1100,60.00,no
2026-10-05T05:14:03.217942Z,KXBNB15M-26OCT050115-15,0.1200,1.00,no
2026-10-05T05:14:03.217942Z,KXBNB15M-26OCT050115-15,0.1000,20.00,no
2026-10-05T05:14:03.217942Z,KXBNB15M-26OCT050115-15,0.0700,58.00,no
2026-10-05T05:14:03.217942Z,KXBNB15M-26OCT050115-15,0.0750,1.00,no
2026-10-05T05:14:03.217942Z,KXBNB15M-26OCT050115-15,0.0850,1.00,no
2026-10-05T05:14:03.217942Z,KXBNB15M-26OCT050115-15,0.0980,1.00,no
2026-10-05T05:14:03.217942Z,KXBNB15M-26OCT050115-15,0.1200,1.00,no
2026-10-05T05:14:03.217942Z,KXBNB15M-26OCT050115-15,0.0810,1.00,no
2026-10-05T05:14:03.217942Z,KXBNB15M-26OCT050115-15,0.0740,1.00,no
2026-10-05T05:14:03.217942Z,KXBNB15M-26OCT050115-15,0.0730,1.00,no
2026-10-05T05:14:03.217942Z,KXBNB15M-26OCT050115-15,0.0880,1.00,no
2026-10-05T05:14:03.217942Z,KXBNB15M-26OCT050115-15,0.0890,1.00,no
2026-10-05T05:14:03.217942Z,KXBNB15M-26OCT050115-15,0.0710,1.00,no
2026-10-05T05:14:03.217942Z,KXBNB15M-26OCT050115-15,0.0830,1.00,no
2026-10-05T05:14:03.217942Z,KXBNB15M-26OCT050115-15,0.1000,1.00,no
2026-10-05T05:14:03.217942Z,KXBNB15M-26OCT050115-15,0.0840,1.00,no
2026-10-05T05:14:03.217942Z,KXBNB15M-26OCT050115-15,0.0970,1.00,no
2026-10-05T05:14:03.217942Z,KXBNB15M-26OCT050115-15,0.0990,1.00,no
2026-10-05T05:14:03.217942Z,KXBNB15M-26OCT050115-15,0.0950,1.00,no
2026-10-05T05:14:03.217942Z,KXBNB15M-26OCT050115-15,0.0920,1.00,no
2026-10-05T05:14:03.217942Z,KXBNB15M-26OCT050115-15,0.0820,1.00,no
2026-10-05T05:14:03.217942Z,KXBNB15M-26OCT050115-15,0.0900,1.00,no
2026-10-05T05:14:03.217942Z,KXBNB15M-26OCT050115-15,0.0940,1.00,no
2026-10-05T05:14:03.217942Z,KXBNB15M-26OCT050115-15,0.0860,1.00,no
2026-10-05T05:14:03.217942Z,KXBNB15M-26OCT050115-15,0.0720,1.00,no
2026-10-05T05:14:03.217942Z,KXBNB15M-26OCT050115-15,0.0870,1.00,no
2026-10-05T05:14:03.217942Z,KXBNB15M-26OCT050115-15,0.0930,1.00,no
2026-10-05T05:14:03.217942Z,KXBNB15M-26OCT050115-15,0.1100,1.00,no
2026-10-05T05:14:03.217942Z,KXBNB15M-26OCT050115-15,0.0960,1.00,no
2026-10-05T05:14:03.217942Z,KXBNB15M-26OCT050115-15,0.0910,1.00,no
2026-10-05T05:14:03.217942Z,KXBNB15M-26OCT050115-15,0.0850,60.00,no
2026-10-05T05:14:03.318107Z,KXBNB15M-26OCT050115-15,0.1000,2.00,no
2026-10-05T05:14:03.603741Z,KXBNB15M-26OCT050115-15,0.2000,0.10,yes
2026-10-05T05:14:03.686474Z,KXBNB15M-26OCT050115-15,0.1300,1.00,no
2026-10-05T05:14:03.820647Z,KXBNB15M-26OCT050115-15,0.2000,49.74,yes
2026-10-05T05:14:04.097705Z,KXBNB15M-26OCT050115-15,0.1300,10.00,no
2026-10-05T05:14:04.125358Z,KXBNB15M-26OCT050115-15,0.1300,6.00,no
2026-10-05T05:14:04.125358Z,KXBNB15M-26OCT050115-15,0.0910,60.00,no
2026-10-05T05:14:04.223561Z,KXBNB15M-26OCT050115-15,0.0700,1.00,no
2026-10-05T05:14:04.422404Z,KXBNB15M-26OCT050115-15,0.1100,15.00,no
2026-10-05T05:14:04.426995Z,KXBNB15M-26OCT050115-15,0.2000,4.15,yes
2026-10-05T05:14:04.844245Z,KXBNB15M-26OCT050115-15,0.1100,5.57,no
2026-10-05T05:14:04.970208Z,KXBNB15M-26OCT050115-15,0.2000,1.00,yes
2026-10-05T05:14:05.059664Z,KXBNB15M-26OCT050115-15,0.1500,46.00,no
2026-10-05T05:14:05.075102Z,KXBNB15M-26OCT050115-15,0.1500,0.56,no
2026-10-05T05:14:05.088903Z,KXBNB15M-26OCT050115-15,0.1500,1.00,no
2026-10-05T05:14:05.101827Z,KXBNB15M-26OCT050115-15,0.0700,1.00,no
2026-10-05T05:14:05.101827Z,KXBNB15M-26OCT050115-15,0.0600,1.00,no
2026-10-05T05:14:05.101827Z,KXBNB15M-26OCT050115-15,0.1500,17.00,no
2026-10-05T05:14:05.101827Z,KXBNB15M-26OCT050115-15,0.1500,12.44,no
2026-10-05T05:14:05.101827Z,KXBNB15M-26OCT050115-15,0.1300,60.00,no
2026-10-05T05:14:05.101827Z,KXBNB15M-26OCT050115-15,0.1100,39.43,no
2026-10-05T05:14:05.101827Z,KXBNB15M-26OCT050115-15,0.1400,5.00,no
2026-10-05T05:14:05.101827Z,KXBNB15M-26OCT050115-15,0.0880,60.00,no
2026-10-05T05:14:05.101827Z,KXBNB15M-26OCT050115-15,0.0700,1.00,no
2026-10-05T05:14:05.101827Z,KXBNB15M-26OCT050115-15,0.0590,1.00,no
2026-10-05T05:14:05.101827Z,KXBNB15M-26OCT050115-15,0.0650,1.00,no
2026-10-05T05:14:05.101827Z,KXBNB15M-26OCT050115-15,0.0680,1.00,no
2026-10-05T05:14:05.101827Z,KXBNB15M-26OCT050115-15,0.0630,1.00,no
2026-10-05T05:14:05.101827Z,KXBNB15M-26OCT050115-15,0.0700,1.00,no
2026-10-05T05:14:05.101827Z,KXBNB15M-26OCT050115-15,0.0690,1.00,no
2026-10-05T05:14:05.101827Z,KXBNB15M-26OCT050115-15,0.0660,1.00,no
2026-10-05T05:14:05.101827Z,KXBNB15M-26OCT050115-15,0.0670,1.00,no
2026-10-05T05:14:05.101827Z,KXBNB15M-26OCT050115-15,0.0600,1.00,no
2026-10-05T05:14:05.101827Z,KXBNB15M-26OCT050115-15,0.0610,1.00,no
2026-10-05T05:14:05.101827Z,KXBNB15M-26OCT050115-15,0.0620,1.00,no
2026-10-05T05:14:05.101827Z,KXBNB15M-26OCT050115-15,0.0640,1.00,no
2026-10-05T05:14:05.790565Z,KXBNB15M-26OCT050115-15,0.1600,60.00,yes
2026-10-05T05:14:05.790565Z,KXBNB15M-26OCT050115-15,0.1700,19.74,yes
2026-10-05T05:14:06.09553Z,KXBNB15M-26OCT050115-15,0.1300,17.00,no
2026-10-05T05:14:06.09553Z,KXBNB15M-26OCT050115-15,0.0910,18.00,no
2026-10-05T05:14:06.09553Z,KXBNB15M-26OCT050115-15,0.0900,150.00,no
2026-10-05T05:14:06.214125Z,KXBNB15M-26OCT050115-15,0.0710,60.00,no
2026-10-05T05:14:06.214125Z,KXBNB15M-26OCT050115-15,0.0590,7.00,no
2026-10-05T05:14:06.214125Z,KXBNB15M-26OCT050115-15,0.0580,1.00,no
2026-10-05T05:14:06.938988Z,KXBNB15M-26OCT050115-15,0.1000,27.16,no
2026-10-05T05:14:06.940087Z,KXBNB15M-26OCT050115-15,0.1000,56.84,no
2026-10-05T05:14:06.973495Z,KXBNB15M-26OCT050115-15,0.0750,10.00,yes
2026-10-05T05:14:06.993193Z,KXBNB15M-26OCT050115-15,0.0520,1.50,no
2026-10-05T05:14:06.993193Z,KXBNB15M-26OCT050115-15,0.0560,1.00,no
2026-10-05T05:14:06.993193Z,KXBNB15M-26OCT050115-15,0.0540,1.50,no
2026-10-05T05:14:06.993193Z,KXBNB15M-26OCT050115-15,0.0570,1.00,no
2026-10-05T05:14:06.993193Z,KXBNB15M-26OCT050115-15,0.0530,1.50,no
2026-10-05T05:14:06.993193Z,KXBNB15M-26OCT050115-15,0.0550,1.50,no
2026-10-05T05:14:06.993597Z,KXBNB15M-26OCT050115-15,0.0510,1.50,no
2026-10-05T05:14:06.993597Z,KXBNB15M-26OCT050115-15,0.0500,2.50,no
2026-10-05T05:14:07.116548Z,KXBNB15M-26OCT050115-15,0.0500,1.00,no
2026-10-05T05:14:07.116548Z,KXBNB15M-26OCT050115-15,0.0640,1.00,no
2026-10-05T05:14:07.116548Z,KXBNB15M-26OCT050115-15,0.0630,60.00,no
2026-10-05T05:14:07.116548Z,KXBNB15M-26OCT050115-15,0.1200,84.00,no
2026-10-05T05:14:07.116548Z,KXBNB15M-26OCT050115-15,0.0440,30.50,no
2026-10-05T05:14:07.116548Z,KXBNB15M-26OCT050115-15,0.0440,3.00,no
2026-10-05T05:14:07.116548Z,KXBNB15M-26OCT050115-15,0.0450,3.00,no
2026-10-05T05:14:07.116548Z,KXBNB15M-26OCT050115-15,0.0500,3.00,no
2026-10-05T05:14:07.116548Z,KXBNB15M-26OCT050115-15,0.0500,3.50,no
2026-10-05T05:14:07.116548Z,KXBNB15M-26OCT050115-15,0.0500,1.00,no
2026-10-05T05:14:07.237542Z,KXBNB15M-26OCT050115-15,0.0800,0.75,no
2026-10-05T05:14:08.028238Z,KXBNB15M-26OCT050115-15,0.0700,403.00,no
2026-10-05T05:14:08.079061Z,KXBNB15M-26OCT050115-15,0.0700,115.00,no
2026-10-05T05:14:08.457767Z,KXBNB15M-26OCT050115-15,0.0800,5.30,no
2026-10-05T05:14:08.858459Z,KXBNB15M-26OCT050115-15,0.1500,34.19,yes
2026-10-05T05:14:08.863166Z,KXBNB15M-26OCT050115-15,0.1400,1.09,no
2026-10-05T05:14:08.864002Z,KXBNB15M-26OCT050115-15,0.1900,24.00,yes
2026-10-05T05:14:08.864002Z,KXBNB15M-26OCT050115-15,0.2100,2.00,yes
2026-10-05T05:14:08.864373Z,KXBNB15M-26OCT050115-15,0.1600,0.54,no
2026-10-05T05:14:08.865169Z,KXBNB15M-26OCT050115-15,0.2100,21.00,yes
2026-10-05T05:14:08.877892Z,KXBNB15M-26OCT050115-15,0.2700,22.85,yes
2026-10-05T05:14:08.877892Z,KXBNB15M-26OCT050115-15,0.2700,1.00,yes
2026-10-05T05:14:08.973369Z,KXBNB15M-26OCT050115-15,0.3100,1.00,no
2026-10-05T05:14:09.008628Z,KXBNB15M-26OCT050115-15,0.2300,10.00,no
2026-10-05T05:14:09.034111Z,KXBNB15M-26OCT050115-15,0.2100,9.99,no
2026-10-05T05:14:09.034111Z,KXBNB15M-26OCT050115-15,0.2100,0.01,no
2026-10-05T05:14:09.12317Z,KXBNB15M-26OCT050115-15,0.1300,23.00,no
2026-10-05T05:14:09.12317Z,KXBNB15M-26OCT050115-15,0.1600,10.00,no
2026-10-05T05:14:09.12317Z,KXBNB15M-26OCT050115-15,0.0780,60.00,no
2026-10-05T05:14:09.12317Z,KXBNB15M-26OCT050115-15,0.0970,60.00,no
2026-10-05T05:14:09.12317Z,KXBNB15M-26OCT050115-15,0.1200,60.00,no
2026-10-05T05:14:09.12317Z,KXBNB15M-26OCT050115-15,0.0600,60.00,no
2026-10-05T05:14:09.12317Z,KXBNB15M-26OCT050115-15,0.0440,29.50,no
2026-10-05T05:14:09.12317Z,KXBNB15M-26OCT050115-15,0.0420,1.50,no
2026-10-05T05:14:09.12317Z,KXBNB15M-26OCT050115-15,0.0430,3.00,no
2026-10-05T05:14:10.130872Z,KXBNB15M-26OCT050115-15,0.0760,9.00,no
2026-10-05T05:14:10.22169Z,KXBNB15M-26OCT050115-15,0.1400,60.00,yes
2026-10-05T05:14:10.22169Z,KXBNB15M-26OCT050115-15,0.1500,24.00,yes
2026-10-05T05:14:10.23538Z,KXBNB15M-26OCT050115-15,0.1400,1.12,no
2026-10-05T05:14:10.260041Z,KXBNB15M-26OCT050115-15,0.1600,60.00,yes
2026-10-05T05:14:10.260041Z,KXBNB15M-26OCT050115-15,0.1700,24.00,yes
2026-10-05T05:14:10.260728Z,KXBNB15M-26OCT050115-15,0.1400,10.00,no
2026-10-05T05:14:10.267612Z,KXBNB15M-26OCT050115-15,0.1500,17.00,no
2026-10-05T05:14:10.272806Z,KXBNB15M-26OCT050115-15,0.1600,10.00,no
2026-10-05T05:14:10.272806Z,KXBNB15M-26OCT050115-15,0.0510,19.00,no
2026-10-05T05:14:10.285185Z,KXBNB15M-26OCT050115-15,0.0510,19.00,no
2026-10-05T05:14:10.290131Z,KXBNB15M-26OCT050115-15,0.0510,10.00,no
2026-10-05T05:14:10.298401Z,KXBNB15M-26OCT050115-15,0.0440,10.00,no
2026-10-05T05:14:10.306907Z,KXBNB15M-26OCT050115-15,0.0430,10.00,no
2026-10-05T05:14:10.332948Z,KXBNB15M-26OCT050115-15,0.0430,10.00,no
2026-10-05T05:14:10.332948Z,KXBNB15M-26OCT050115-15,0.0420,1.50,no
2026-10-05T05:14:10.359049Z,KXBNB15M-26OCT050115-15,0.0420,10.00,no
2026-10-05T05:14:10.359049Z,KXBNB15M-26OCT050115-15,0.0410,3.00,no
2026-10-05T05:14:10.359963Z,KXBNB15M-26OCT050115-15,0.0600,10.00,yes
2026-10-05T05:14:10.359963Z,KXBNB15M-26OCT050115-15,0.0520,60.00,yes
2026-10-05T05:14:10.359963Z,KXBNB15M-26OCT050115-15,0.0660,14.00,yes
2026-10-05T05:14:10.369721Z,KXBNB15M-26OCT050115-15,0.0400,1.00,no
2026-10-05T05:14:10.369721Z,KXBNB15M-26OCT050115-15,0.0410,10.00,no
2026-10-05T05:14:10.369721Z,KXBNB15M-26OCT050115-15,0.0400,10.00,no
2026-10-05T05:14:10.369721Z,KXBNB15M-26OCT050115-15,0.0400,3.00,no
2026-10-05T05:14:10.374839Z,KXBNB15M-26OCT050115-15,0.0400,7.00,no
2026-10-05T05:14:10.374839Z,KXBNB15M-26OCT050115-15,0.0410,25.00,no
2026-10-05T05:14:10.374839Z,KXBNB15M-26OCT050115-15,0.0390,4.00,no
2026-10-05T05:14:10.374839Z,KXBNB15M-26OCT050115-15,0.0390,3.00,no
2026-10-05T05:14:10.375475Z,KXBNB15M-26OCT050115-15,0.0410,10.00,no
2026-10-05T05:14:10.375475Z,KXBNB15M-26OCT050115-15,0.0350,23.00,no
2026-10-05T05:14:10.375475Z,KXBNB15M-26OCT050115-15,0.0390,19.00,no
2026-10-05T05:14:10.375475Z,KXBNB15M-26OCT050115-15,0.0340,9.00,no
2026-10-05T05:14:10.375475Z,KXBNB15M-26OCT050115-15,0.0380,3.00,no
2026-10-05T05:14:10.375475Z,KXBNB15M-26OCT050115-15,0.0350,9.00,no
2026-10-05T05:14:10.375475Z,KXBNB15M-26OCT050115-15,0.0330,9.00,no
2026-10-05T05:14:10.375475Z,KXBNB15M-26OCT050115-15,0.0370,3.00,no
2026-10-05T05:14:10.375475Z,KXBNB15M-26OCT050115-15,0.0320,9.00,no
2026-10-05T05:14:10.375475Z,KXBNB15M-26OCT050115-15,0.0360,3.00,no
2026-10-05T05:14:10.375475Z,KXBNB15M-26OCT050115-15,0.0310,9.00,no
2026-10-05T05:14:10.375475Z,KXBNB15M-26OCT050115-15,0.0300,0.23,no
2026-10-05T05:14:10.375475Z,KXBNB15M-26OCT050115-15,0.0310,1.00,no
2026-10-05T05:14:10.375664Z,KXBNB15M-26OCT050115-15,0.0300,4.00,no
2026-10-05T05:14:10.375664Z,KXBNB15M-26OCT050115-15,0.0300,19.77,no
2026-10-05T05:14:10.375664Z,KXBNB15M-26OCT050115-15,0.0300,5.01,no
2026-10-05T05:14:10.375664Z,KXBNB15M-26OCT050115-15,0.0300,12.00,no
2026-10-05T05:14:10.378073Z,KXBNB15M-26OCT050115-15,0.0670,7.00,yes
2026-10-05T05:14:10.378073Z,KXBNB15M-26OCT050115-15,0.0660,3.00,yes
2026-10-05T05:14:10.378073Z,KXBNB15M-26OCT050115-15,0.0660,14.00,yes
2026-10-05T05:14:10.378073Z,KXBNB15M-26OCT050115-15,0.0430,60.00,yes
2026-10-05T05:14:10.381291Z,KXBNB15M-26OCT050115-15,0.0210,21.00,no
2026-10-05T05:14:10.381291Z,KXBNB15M-26OCT050115-15,0.0200,1.00,no
2026-10-05T05:14:10.381291Z,KXBNB15M-26OCT050115-15,0.0300,1.00,no
2026-10-05T05:14:10.381291Z,KXBNB15M-26OCT050115-15,0.0300,2.01,no
2026-10-05T05:14:10.381291Z,KXBNB15M-26OCT050115-15,0.0300,10.00,no
2026-10-05T05:14:10.381291Z,KXBNB15M-26OCT050115-15,0.0200,29.00,no
2026-10-05T05:14:10.381291Z,KXBNB15M-26OCT050115-15,0.0420,10.00,no
2026-10-05T05:14:10.381291Z,KXBNB15M-26OCT050115-15,0.0360,21.00,no
2026-10-05T05:14:10.381291Z,KXBNB15M-26OCT050115-15,0.0210,3.00,no
2026-10-05T05:14:10.381291Z,KXBNB15M-26OCT050115-15,0.0230,6.00,no
2026-10-05T05:14:10.381291Z,KXBNB15M-26OCT050115-15,0.0250,6.00,no
2026-10-05T05:14:10.381291Z,KXBNB15M-26OCT050115-15,0.0200,3.00,no
2026-10-05T05:14:10.381291Z,KXBNB15M-26OCT050115-15,0.0220,3.00,no
2026-10-05T05:14:10.381291Z,KXBNB15M-26OCT050115-15,0.0240,6.00,no
2026-10-05T05:14:10.381291Z,KXBNB15M-26OCT050115-15,0.0260,4.00,no
2026-10-05T05:14:10.381291Z,KXBNB15M-26OCT050115-15,0.0270,4.00,no
2026-10-05T05:14:10.381291Z,KXBNB15M-26OCT050115-15,0.0280,4.00,no
2026-10-05T05:14:10.381291Z,KXBNB15M-26OCT050115-15,0.0290,4.00,no
2026-10-05T05:14:10.381291Z,KXBNB15M-26OCT050115-15,0.0200,11.00,no
2026-10-05T05:14:10.381291Z,KXBNB15M-26OCT050115-15,0.0220,2.00,no
2026-10-05T05:14:10.381291Z,KXBNB15M-26OCT050115-15,0.0250,2.00,no
2026-10-05T05:14:10.381291Z,KXBNB15M-26OCT050115-15,0.0200,20.00,no
2026-10-05T05:14:10.381291Z,KXBNB15M-26OCT050115-15,0.0300,6.99,no
2026-10-05T05:14:10.812293Z,KXBNB15M-26OCT050115-15,0.0200,21.00,no
2026-10-05T05:14:10.812293Z,KXBNB15M-26OCT050115-15,0.0200,15.00,no
2026-10-05T05:14:10.812293Z,KXBNB15M-26OCT050115-15,0.0150,7.84,no
2026-10-05T05:14:10.812293Z,KXBNB15M-26OCT050115-15,0.0160,20.00,no
2026-10-05T05:14:10.812293Z,KXBNB15M-26OCT050115-15,0.0180,20.00,no
2026-10-05T05:14:10.812293Z,KXBNB15M-26OCT050115-15,0.0170,20.00,no
2026-10-05T05:14:10.812293Z,KXBNB15M-26OCT050115-15,0.0190,20.00,no
2026-10-05T05:14:10.851777Z,KXBNB15M-26OCT050115-15,0.0150,1.00,no
2026-10-05T05:14:10.851777Z,KXBNB15M-26OCT050115-15,0.0150,5.00,no
2026-10-05T05:14:10.851777Z,KXBNB15M-26OCT050115-15,0.0150,12.16,no
2026-10-05T05:14:10.851777Z,KXBNB15M-26OCT050115-15,0.0150,1.00,no
2026-10-05T05:14:10.863207Z,KXBNB15M-26OCT050115-15,0.0150,1.00,no
2026-10-05T05:14:10.863207Z,KXBNB15M-26OCT050115-15,0.0140,1.00,no
2026-10-05T05:14:10.863207Z,KXBNB15M-26OCT050115-15,0.0140,20.00,no
2026-10-05T05:14:10.863372Z,KXBNB15M-26OCT050115-15,0.0110,1.00,no
2026-10-05T05:14:10.863372Z,KXBNB15M-26OCT050115-15,0.0120,20.00,no
2026-10-05T05:14:10.863372Z,KXBNB15M-26OCT050115-15,0.0100,4.00,no
2026-10-05T05:14:10.863372Z,KXBNB15M-26OCT050115-15,0.0120,4.00,no
2026-10-05T05:14:10.863372Z,KXBNB15M-26OCT050115-15,0.0140,4.00,no
2026-10-05T05:14:10.863372Z,KXBNB15M-26OCT050115-15,0.0110,4.00,no
2026-10-05T05:14:10.863372Z,KXBNB15M-26OCT050115-15,0.0130,20.00,no
2026-10-05T05:14:10.863372Z,KXBNB15M-26OCT050115-15,0.0130,5.00,no
2026-10-05T05:14:10.863372Z,KXBNB15M-26OCT050115-15,0.0110,20.00,no
2026-10-05T05:14:10.863372Z,KXBNB15M-26OCT050115-15,0.0100,16.00,no
2026-10-05T05:14:10.863372Z,KXBNB15M-26OCT050115-15,0.0110,1.00,no
2026-10-05T05:14:10.863465Z,KXBNB15M-26OCT050115-15,0.0100,3.40,no
2026-10-05T05:14:10.863465Z,KXBNB15M-26OCT050115-15,0.0100,5.73,no
2026-10-05T05:14:10.863465Z,KXBNB15M-26OCT050115-15,0.0100,12.00,no
2026-10-05T05:14:10.863465Z,KXBNB15M-26OCT050115-15,0.0100,4.00,no
2026-10-05T05:14:10.863465Z,KXBNB15M-26OCT050115-15,0.0100,1.00,no
2026-10-05T05:14:10.903967Z,KXBNB15M-26OCT050115-15,0.0090,20.00,no
2026-10-05T05:14:10.903967Z,KXBNB15M-26OCT050115-15,0.0080,20.00,no
2026-10-05T05:14:10.903967Z,KXBNB15M-26OCT050115-15,0.0070,20.00,no
2026-10-05T05:14:10.909032Z,KXBNB15M-26OCT050115-15,0.0060,20.00,no
2026-10-05T05:14:10.926195Z,KXBNB15M-26OCT050115-15,0.0190,2.00,yes
2026-10-05T05:14:11.889662Z,KXBNB15M-26OCT050115-15,0.0040,1.00,no
2026-10-05T05:14:11.889662Z,KXBNB15M-26OCT050115-15,0.0040,1.00,no
2026-10-05T05:14:11.889662Z,KXBNB15M-26OCT050115-15,0.0050,11.00,no
2026-10-05T05:14:11.889662Z,KXBNB15M-26OCT050115-15,0.0040,13.00,no
2026-10-05T05:14:11.889662Z,KXBNB15M-26OCT050115-15,0.0040,1.00,no
2026-10-05T05:14:11.889662Z,KXBNB15M-26OCT050115-15,0.0040,1.00,no
2026-10-05T05:14:11.889662Z,KXBNB15M-26OCT050115-15,0.0040,1.00,no
2026-10-05T05:14:11.889662Z,KXBNB15M-26OCT050115-15,0.0050,1.00,no
2026-10-05T05:14:11.889662Z,KXBNB15M-26OCT050115-15,0.0050,30.00,no
2026-10-05T05:14:11.889662Z,KXBNB15M-26OCT050115-15,0.0030,100.00,no
2026-10-05T05:14:11.889662Z,KXBNB15M-26OCT050115-15,0.0030,6.00,no
2026-10-05T05:14:11.889662Z,KXBNB15M-26OCT050115-15,0.0040,20.00,no
2026-10-05T05:14:11.889662Z,KXBNB15M-26OCT050115-15,0.0050,20.00,no
2026-10-05T05:14:12.983823Z,KXBNB15M-26OCT050115-15,0.0140,20.00,yes
2026-10-05T05:14:12.983823Z,KXBNB15M-26OCT050115-15,0.0080,100.00,yes
2026-10-05T05:14:12.983823Z,KXBNB15M-26OCT050115-15,0.0110,20.00,yes
2026-10-05T05:14:12.983823Z,KXBNB15M-26OCT050115-15,0.0130,20.00,yes
2026-10-05T05:14:12.983823Z,KXBNB15M-26OCT050115-15,0.0080,20.00,yes
2026-10-05T05:14:12.983823Z,KXBNB15M-26OCT050115-15,0.0150,20.00,yes
2026-10-05T05:14:12.983823Z,KXBNB15M-26OCT050115-15,0.0110,16.00,yes
2026-10-05T05:14:12.983823Z,KXBNB15M-26OCT050115-15,0.0090,20.00,yes
2026-10-05T05:14:12.983823Z,KXBNB15M-26OCT050115-15,0.0100,20.00,yes
2026-10-05T05:14:12.983823Z,KXBNB15M-26OCT050115-15,0.0110,4.00,yes
2026-10-05T05:14:12.983823Z,KXBNB15M-26OCT050115-15,0.0160,0.11,yes
2026-10-05T05:14:12.983823Z,KXBNB15M-26OCT050115-15,0.0070,20.00,yes
2026-10-05T05:14:12.983823Z,KXBNB15M-26OCT050115-15,0.0160,7.84,yes
2026-10-05T05:14:12.983823Z,KXBNB15M-26OCT050115-15,0.0100,10.00,yes
2026-10-05T05:14:15.640167Z,KXBNB15M-26OCT050115-15,0.0160,12.05,yes
2026-10-05T05:14:15.640167Z,KXBNB15M-26OCT050115-15,0.0170,20.00,yes
2026-10-05T05:14:15.640167Z,KXBNB15M-26OCT050115-15,0.0180,20.00,yes
2026-10-05T05:14:15.640167Z,KXBNB15M-26OCT050115-15,0.0180,29.47,yes
2026-10-05T05:14:15.640167Z,KXBNB15M-26OCT050115-15,0.0130,6.00,yes
2026-10-05T05:14:15.640167Z,KXBNB15M-26OCT050115-15,0.0120,10.00,yes
2026-10-05T05:14:16.036763Z,KXBNB15M-26OCT050115-15,0.0070,5.57,yes
2026-10-05T05:14:16.315749Z,KXBNB15M-26OCT050115-15,0.0060,19.00,yes
2026-10-05T05:14:16.667665Z,KXBNB15M-26OCT050115-15,0.0060,14.00,yes
2026-10-05T05:14:16.667665Z,KXBNB15M-26OCT050115-15,0.0060,1.00,yes
2026-10-05T05:14:17.134837Z,KXBNB15M-26OCT050115-15,0.0060,0.43,yes
2026-10-05T05:14:17.134837Z,KXBNB15M-26OCT050115-15,0.0100,0.95,yes
2026-10-05T05:14:17.134837Z,KXBNB15M-26OCT050115-15,0.0180,10.46,yes
2026-10-05T05:14:17.134837Z,KXBNB15M-26OCT050115-15,0.0100,5.00,yes
2026-10-05T05:14:17.134837Z,KXBNB15M-26OCT050115-15,0.0180,0.53,yes
2026-10-05T05:14:19.682363Z,KXBNB15M-26OCT050115-15,0.0180,31.00,yes
2026-10-05T05:14:19.682363Z,KXBNB15M-26OCT050115-15,0.0100,1.00,yes
2026-10-05T05:14:19.682363Z,KXBNB15M-26OCT050115-15,0.0190,11.74,yes
2026-10-05T05:14:19.923147Z,KXBNB15M-26OCT050115-15,0.0100,150.00,no
2026-10-05T05:14:20.42866Z,KXBNB15M-26OCT050115-15,0.0090,11.00,no
2026-10-05T05:14:21.812603Z,KXBNB15M-26OCT050115-15,0.0100,156.69,no
2026-10-05T05:14:22.553499Z,KXBNB15M-26OCT050115-15,0.0090,21.85,no
2026-10-05T05:14:23.258005Z,KXBNB15M-26OCT050115-15,0.0180,60.00,yes
2026-10-05T05:14:23.258005Z,KXBNB15M-26OCT050115-15,0.0200,100.00,yes
2026-10-05T05:14:23.258005Z,KXBNB15M-26OCT050115-15,0.0180,31.00,yes
2026-10-05T05:14:23.258005Z,KXBNB15M-26OCT050115-15,0.0200,21.56,yes
2026-10-05T05:14:23.258005Z,KXBNB15M-26OCT050115-15,0.0190,8.26,yes
2026-10-05T05:14:23.258005Z,KXBNB15M-26OCT050115-15,0.0200,20.00,yes
2026-10-05T05:14:24.186808Z,KXBNB15M-26OCT050115-15,0.0090,1.50,no
2026-10-05T05:14:24.79607Z,KXBNB15M-26OCT050115-15,0.0100,50.00,no
2026-10-05T05:14:24.899481Z,KXBNB15M-26OCT050115-15,0.0100,25.00,no
2026-10-05T05:14:24.98229Z,KXBNB15M-26OCT050115-15,0.0100,31.95,no
2026-10-05T05:14:24.98229Z,KXBNB15M-26OCT050115-15,0.0100,9.00,no
2026-10-05T05:14:26.421688Z,KXBNB15M-26OCT050115-15,0.0050,2.00,no
2026-10-05T05:14:26.421688Z,KXBNB15M-26OCT050115-15,0.0040,2.00,no
2026-10-05T05:14:26.421688Z,KXBNB15M-26OCT050115-15,0.0090,6.97,no
2026-10-05T05:14:27.158918Z,KXBNB15M-26OCT050115-15,0.0030,1.87,no
2026-10-05T05:14:29.530683Z,KXBNB15M-26OCT050115-15,0.0030,12.13,no
2026-10-05T05:14:29.530683Z,KXBNB15M-26OCT050115-15,0.0030,3.87,no
2026-10-05T05:14:29.530683Z,KXBNB15M-26OCT050115-15,0.0030,18.00,no
2026-10-05T05:14:29.530683Z,KXBNB15M-26OCT050115-15,0.0030,2.00,no
2026-10-05T05:14:29.530683Z,KXBNB15M-26OCT050115-15,0.0030,2.00,no
2026-10-05T05:14:29.530683Z,KXBNB15M-26OCT050115-15,0.0030,2.00,no
2026-10-05T05:14:29.530683Z,KXBNB15M-26OCT050115-15,0.0030,2.00,no
2026-10-05T05:14:29.530683Z,KXBNB15M-26OCT050115-15,0.0030,2.00,no
2026-10-05T05:14:29.537617Z,KXBNB15M-26OCT050115-15,0.0030,2.00,no
2026-10-05T05:14:29.537617Z,KXBNB15M-26OCT050115-15,0.0030,40.13,no
2026-10-05T05:14:29.537617Z,KXBNB15M-26OCT050115-15,0.0030,1.00,no
2026-10-05T05:14:29.607001Z,KXBNB15M-26OCT050115-15,0.0030,2.00,no
2026-10-05T05:14:29.607001Z,KXBNB15M-26OCT050115-15,0.0030,31.00,no
2026-10-05T05:14:32.365216Z,KXBNB15M-26OCT050115-15,0.0010,75.00,no
2026-10-05T05:14:32.365216Z,KXBNB15M-26OCT050115-15,0.0020,200.00,no
2026-10-05T05:14:32.365216Z,KXBNB15M-26OCT050115-15,0.0010,100.00,no
2026-10-05T05:14:32.365216Z,KXBNB15M-26OCT050115-15,0.0010,1.00,no
2026-10-05T05:14:32.365216Z,KXBNB15M-26OCT050115-15,0.0010,20.00,no
2026-10-05T05:14:32.365216Z,KXBNB15M-26OCT050115-15,0.0020,20.00,no
2026-10-05T05:14:32.365216Z,KXBNB15M-26OCT050115-15,0.0010,1.00,no
2026-10-05T05:14:32.365216Z,KXBNB15M-26OCT050115-15,0.0010,40.00,no
2026-10-05T05:14:32.365216Z,KXBNB15M-26OCT050115-15,0.0020,40.00,no
2026-10-05T05:14:32.365216Z,KXBNB15M-26OCT050115-15,0.0020,3.00,no
2026-10-05T05:14:32.365216Z,KXBNB15M-26OCT050115-15,0.0020,3.00,no
2026-10-05T05:14:32.365216Z,KXBNB15M-26OCT050115-15,0.0020,3.00,no
2026-10-05T05:14:32.365216Z,KXBNB15M-26OCT050115-15,0.0020,3.00,no
2026-10-05T05:14:32.365216Z,KXBNB15M-26OCT050115-15,0.0020,3.00,no
2026-10-05T05:14:32.365216Z,KXBNB15M-26OCT050115-15,0.0020,26.00,no
2026-10-05T05:14:32.365216Z,KXBNB15M-26OCT050115-15,0.0010,1.00,no
2026-10-05T05:14:34.067811Z,KXBNB15M-26OCT050115-15,0.0030,2.00,yes
2026-10-05T05:14:34.067811Z,KXBNB15M-26OCT050115-15,0.0030,20.00,yes
2026-10-05T05:14:34.067811Z,KXBNB15M-26OCT050115-15,0.0030,100.00,yes
2026-10-05T05:14:34.067811Z,KXBNB15M-26OCT050115-15,0.0030,20.00,yes
2026-10-05T05:14:34.067811Z,KXBNB15M-26OCT050115-15,0.0040,23.72,yes
2026-10-05T05:14:34.12024Z,KXBNB15M-26OCT050115-15,0.0010,49.00,no
2026-10-05T05:14:34.912615Z,KXBNB15M-26OCT050115-15,0.0010,12.00,no
2026-10-05T05:14:35.798046Z,KXBNB15M-26OCT050115-15,0.0010,1.00,no
2026-10-05T05:14:37.743592Z,KXBNB15M-26OCT050115-15,0.0010,3.00,no
2026-10-05T05:14:37.743592Z,KXBNB15M-26OCT050115-15,0.0010,38.00,no
2026-10-05T05:14:39.077951Z,KXBNB15M-26OCT050115-15,0.0010,84.00,yes
2026-10-05T05:14:00.113789Z,KXEURUSD15M-26OCT050115-30,0.9700,2.00,yes
2026-10-05T05:14:00.113789Z,KXEURUSD15M-26OCT050115-30,0.9700,3.00,yes
2026-10-05T05:14:00.113789Z,KXEURUSD15M-26OCT050115-30,0.9500,5.00,yes
2026-10-05T05:14:00.456192Z,KXEURUSD15M-26OCT050115-30,0.9900,9.72,yes
2026-10-05T05:14:00.456192Z,KXEURUSD15M-26OCT050115-30,0.9900,30.00,yes
2026-10-05T05:14:00.456192Z,KXEURUSD15M-26OCT050115-30,0.9900,5.00,yes
2026-10-05T05:14:00.456192Z,KXEURUSD15M-26OCT050115-30,0.9900,60.00,yes
2026-10-05T05:14:00.456192Z,KXEURUSD15M-26OCT050115-30,0.9900,35.00,yes
2026-10-05T05:14:00.456192Z,KXEURUSD15M-26OCT050115-30,0.9900,5.00,yes
2026-10-05T05:14:00.456192Z,KXEURUSD15M-26OCT050115-30,0.9900,17.00,yes
2026-10-05T05:14:00.456192Z,KXEURUSD15M-26OCT050115-30,0.9800,1.00,yes
2026-10-05T05:14:00.456192Z,KXEURUSD15M-26OCT050115-30,0.9900,2.00,yes
2026-10-05T05:14:00.456192Z,KXEURUSD15M-26OCT050115-30,0.9900,1.00,yes
2026-10-05T05:14:00.456192Z,KXEURUSD15M-26OCT050115-30,0.9900,10.00,yes
2026-10-05T05:14:00.456192Z,KXEURUSD15M-26OCT050115-30,0.9900,80.00,yes
2026-10-05T05:14:00.456192Z,KXEURUSD15M-26OCT050115-30,0.9900,1.00,yes
2026-10-05T05:13:21.153457Z,KXETH15M-26OCT050115-15,0.1500,5.00,yes
2026-10-05T05:13:21.224278Z,KXETH15M-26OCT050115-15,0.1400,2.00,no
2026-10-05T05:13:21.255853Z,KXETH15M-26OCT050115-15,0.1500,3.00,yes
2026-10-05T05:13:21.523721Z,KXETH15M-26OCT050115-15,0.1300,50.00,no
2026-10-05T05:13:21.523721Z,KXETH15M-26OCT050115-15,0.1300,20.00,no
2026-10-05T05:13:21.523721Z,KXETH15M-26OCT050115-15,0.1200,1.00,no
2026-10-05T05:13:21.52626Z,KXETH15M-26OCT050115-15,0.1500,31.46,yes
2026-10-05T05:13:21.53813Z,KXETH15M-26OCT050115-15,0.1200,1.00,no
2026-10-05T05:13:21.657047Z,KXETH15M-26OCT050115-15,0.1000,5.00,no
2026-10-05T05:13:21.72007Z,KXETH15M-26OCT050115-15,0.1000,2.00,no
2026-10-05T05:13:21.901323Z,KXETH15M-26OCT050115-15,0.1200,20.00,yes
2026-10-05T05:13:22.039701Z,KXETH15M-26OCT050115-15,0.1200,12.80,yes
2026-10-05T05:13:22.088499Z,KXETH15M-26OCT050115-15,0.1100,9.00,no
2026-10-05T05:13:22.160729Z,KXETH15M-26OCT050115-15,0.1100,2.20,no
2026-10-05T05:13:22.720509Z,KXETH15M-26OCT050115-15,0.1100,13.95,no
2026-10-05T05:13:23.058255Z,KXETH15M-26OCT050115-15,0.1200,78.49,yes
2026-10-05T05:13:23.172844Z,KXETH15M-26OCT050115-15,0.1100,1.12,no
2026-10-05T05:13:23.239895Z,KXETH15M-26OCT050115-15,0.1100,2.22,no
2026-10-05T05:13:23.246209Z,KXETH15M-26OCT050115-15,0.1200,25.00,yes
2026-10-05T05:13:23.255944Z,KXETH15M-26OCT050115-15,0.1200,6.00,yes
2026-10-05T05:13:23.263136Z,KXETH15M-26OCT050115-15,0.1200,1.00,yes
2026-10-05T05:13:23.269684Z,KXETH15M-26OCT050115-15,0.1200,1.00,yes
2026-10-05T05:13:23.382717Z,KXETH15M-26OCT050115-15,0.1300,500.00,yes
2026-10-05T05:13:23.382717Z,KXETH15M-26OCT050115-15,0.1300,1.00,yes
2026-10-05T05:13:23.382717Z,KXETH15M-26OCT050115-15,0.1300,10.00,yes
2026-10-05T05:13:23.382717Z,KXETH15M-26OCT050115-15,0.1200,15.00,yes
2026-10-05T05:13:23.382717Z,KXETH15M-26OCT050115-15,0.1300,5.00,yes
2026-10-05T05:13:23.382717Z,KXETH15M-26OCT050115-15,0.1300,20.00,yes
2026-10-05T05:13:23.382717Z,KXETH15M-26OCT050115-15,0.1400,29.45,yes
2026-10-05T05:13:23.382717Z,KXETH15M-26OCT050115-15,0.1200,210.71,yes
2026-10-05T05:13:23.382717Z,KXETH15M-26OCT050115-15,0.1300,33.00,yes
2026-10-05T05:13:23.533041Z,KXETH15M-26OCT050115-15,0.1200,4.00,yes
2026-10-05T05:13:23.537067Z,KXETH15M-26OCT050115-15,0.1200,6.00,yes
2026-10-05T05:13:23.541718Z,KXETH15M-26OCT050115-15,0.1200,2.00,yes
2026-10-05T05:13:23.647191Z,KXETH15M-26OCT050115-15,0.1100,17.00,no
2026-10-05T05:13:23.676833Z,KXETH15M-26OCT050115-15,0.1100,2.59,no
2026-10-05T05:13:23.700732Z,KXETH15M-26OCT050115-15,0.1200,5.00,yes
2026-10-05T05:13:23.84127Z,KXETH15M-26OCT050115-15,0.1200,7.84,yes
2026-10-05T05:13:23.843472Z,KXETH15M-26OCT050115-15,0.1200,3.92,yes
2026-10-05T05:13:23.843472Z,KXETH15M-26OCT050115-15,0.1200,10.16,yes
2026-10-05T05:13:23.843472Z,KXETH15M-26OCT050115-15,0.1200,5.00,yes
2026-10-05T05:13:23.843472Z,KXETH15M-26OCT050115-15,0.1200,5.00,yes
2026-10-05T05:13:24.120766Z,KXETH15M-26OCT050115-15,0.1300,45.74,yes
2026-10-05T05:13:24.120766Z,KXETH15M-26OCT050115-15,0.1200,35.00,yes
2026-10-05T05:13:24.120766Z,KXETH15M-26OCT050115-15,0.1200,20.00,yes
2026-10-05T05:13:24.120766Z,KXETH15M-26OCT050115-15,0.1200,4.00,yes
2026-10-05T05:13:24.283555Z,KXETH15M-26OCT050115-15,0.1100,21.24,no
2026-10-05T05:13:24.408408Z,KXETH15M-26OCT050115-15,0.1100,1.00,no
2026-10-05T05:13:24.795326Z,KXETH15M-26OCT050115-15,0.1100,6.69,no
2026-10-05T05:13:24.975757Z,KXETH15M-26OCT050115-15,0.1100,13.00,no
2026-10-05T05:13:24.975757Z,KXETH15M-26OCT050115-15,0.1100,3.48,no
2026-10-05T05:13:24.975757Z,KXETH15M-26OCT050115-15,0.1000,17.22,no
2026-10-05T05:13:24.975757Z,KXETH15M-26OCT050115-15,0.1000,2.00,no
2026-10-05T05:13:24.975757Z,KXETH15M-26OCT050115-15,0.1000,8.00,no
2026-10-05T05:13:25.463205Z,KXETH15M-26OCT050115-15,0.1000,9.00,no
2026-10-05T05:13:25.463205Z,KXETH15M-26OCT050115-15,0.0990,41.00,no
2026-10-05T05:13:25.463205Z,KXETH15M-26OCT050115-15,0.1000,8.00,no
2026-10-05T05:13:25.463205Z,KXETH15M-26OCT050115-15,0.0960,11.56,no
2026-10-05T05:13:25.463205Z,KXETH15M-26OCT050115-15,0.1000,41.00,no
2026-10-05T05:13:25.463205Z,KXETH15M-26OCT050115-15,0.0960,50.00,no
2026-10-05T05:13:25.463205Z,KXETH15M-26OCT050115-15,0.1000,2.78,no
2026-10-05T05:13:25.463205Z,KXETH15M-26OCT050115-15,0.1000,9.00,no
2026-10-05T05:13:25.463495Z,KXETH15M-26OCT050115-15,0.1200,35.00,yes
2026-10-05T05:13:25.463495Z,KXETH15M-26OCT050115-15,0.1200,10.21,yes
2026-10-05T05:13:25.463495Z,KXETH15M-26OCT050115-15,0.1100,13.00,yes
2026-10-05T05:13:25.626499Z,KXETH15M-26OCT050115-15,0.1000,9.65,no
2026-10-05T05:13:25.741846Z,KXETH15M-26OCT050115-15,0.1000,2.22,no
2026-10-05T05:13:25.775234Z,KXETH15M-26OCT050115-15,0.1200,9.79,yes
2026-10-05T05:13:25.775234Z,KXETH15M-26OCT050115-15,0.1200,23.00,yes
2026-10-05T05:13:25.775234Z,KXETH15M-26OCT050115-15,0.1200,12.00,yes
2026-10-05T05:13:25.775234Z,KXETH15M-26OCT050115-15,0.1200,1.00,yes
2026-10-05T05:13:25.775234Z,KXETH15M-26OCT050115-15,0.1200,35.00,yes
2026-10-05T05:13:25.775234Z,KXETH15M-26OCT050115-15,0.1200,8.00,yes
2026-10-05T05:13:25.775234Z,KXETH15M-26OCT050115-15,0.1200,2.00,yes
2026-10-05T05:13:25.775234Z,KXETH15M-26OCT050115-15,0.1200,8.00,yes
2026-10-05T05:13:25.775234Z,KXETH15M-26OCT050115-15,0.1300,268.52,yes
2026-10-05T05:13:25.857979Z,KXETH15M-26OCT050115-15,0.1000,4.44,no
2026-10-05T05:13:25.87495Z,KXETH15M-26OCT050115-15,0.1000,2.20,no
2026-10-05T05:13:25.957714Z,KXETH15M-26OCT050115-15,0.1000,20.00,no
2026-10-05T05:13:25.957714Z,KXETH15M-26OCT050115-15,0.1000,9.00,no
2026-10-05T05:13:25.957714Z,KXETH15M-26OCT050115-15,0.1000,8.00,no
2026-10-05T05:13:25.957714Z,KXETH15M-26OCT050115-15,0.0990,41.00,no
2026-10-05T05:13:25.957714Z,KXETH15M-26OCT050115-15,0.1000,9.00,no
2026-10-05T05:13:25.957714Z,KXETH15M-26OCT050115-15,0.0960,405.80,no
2026-10-05T05:13:25.957714Z,KXETH15M-26OCT050115-15,0.1000,8.00,no
2026-10-05T05:13:25.957714Z,KXETH15M-26OCT050115-15,0.1000,22.49,no
2026-10-05T05:13:25.957714Z,KXETH15M-26OCT050115-15,0.1000,16.00,no
2026-10-05T05:13:25.957714Z,KXETH15M-26OCT050115-15,0.1000,8.00,no
2026-10-05T05:13:26.453279Z,KXETH15M-26OCT050115-15,0.1200,1.29,yes
2026-10-05T05:13:26.857799Z,KXETH15M-26OCT050115-15,0.1100,18.87,yes
2026-10-05T05:13:27.068607Z,KXETH15M-26OCT050115-15,0.1000,5.51,no
2026-10-05T05:13:27.077493Z,KXETH15M-26OCT050115-15,0.1000,5.51,no
2026-10-05T05:13:27.160243Z,KXETH15M-26OCT050115-15,0.1000,100.00,no
2026-10-05T05:13:27.160243Z,KXETH15M-26OCT050115-15,0.0970,324.99,no
2026-10-05T05:13:27.160243Z,KXETH15M-26OCT050115-15,0.1000,0.01,no
2026-10-05T05:13:27.160243Z,KXETH15M-26OCT050115-15,0.1000,8.00,no
2026-10-05T05:13:27.160243Z,KXETH15M-26OCT050115-15,0.0970,17.00,no
2026-10-05T05:13:27.21262Z,KXETH15M-26OCT050115-15,0.1000,8.00,yes
2026-10-05T05:13:27.21262Z,KXETH15M-26OCT050115-15,0.1000,20.00,yes
2026-10-05T05:13:27.212808Z,KXETH15M-26OCT050115-15,0.1100,8.55,yes
2026-10-05T05:13:27.37124Z,KXETH15M-26OCT050115-15,0.1100,28.05,yes
2026-10-05T05:13:27.37124Z,KXETH15M-26OCT050115-15,0.1100,10.58,yes
2026-10-05T05:13:27.37124Z,KXETH15M-26OCT050115-15,0.1100,20.00,yes
2026-10-05T05:13:27.581838Z,KXETH15M-26OCT050115-15,0.1200,42.08,yes
2026-10-05T05:13:27.581838Z,KXETH15M-26OCT050115-15,0.1100,8.00,yes
2026-10-05T05:13:27.581838Z,KXETH15M-26OCT050115-15,0.1100,10.00,yes
2026-10-05T05:13:27.581838Z,KXETH15M-26OCT050115-15,0.1100,19.00,yes
2026-10-05T05:13:27.581838Z,KXETH15M-26OCT050115-15,0.1100,21.95,yes
2026-10-05T05:13:27.581838Z,KXETH15M-26OCT050115-15,0.1200,20.00,yes
2026-10-05T05:13:27.63566Z,KXETH15M-26OCT050115-15,0.1100,8.00,yes
2026-10-05T05:13:27.877053Z,KXETH15M-26OCT050115-15,0.1000,2.00,no
2026-10-05T05:13:28.357348Z,KXETH15M-26OCT050115-15,0.1100,1.00,yes
2026-10-05T05:13:28.357348Z,KXETH15M-26OCT050115-15,0.1100,2.00,yes
2026-10-05T05:13:28.357348Z,KXETH15M-26OCT050115-15,0.1100,8.00,yes
2026-10-05T05:13:28.357348Z,KXETH15M-26OCT050115-15,0.1100,19.00,yes
2026-10-05T05:13:28.357348Z,KXETH15M-26OCT050115-15,0.1200,25.56,yes
2026-10-05T05:13:28.418964Z,KXETH15M-26OCT050115-15,0.0970,41.00,no
2026-10-05T05:13:28.418964Z,KXETH15M-26OCT050115-15,0.1000,2.00,no
2026-10-05T05:13:28.418964Z,KXETH15M-26OCT050115-15,0.1000,6.00,no
2026-10-05T05:13:28.418964Z,KXETH15M-26OCT050115-15,0.0990,32.00,no
2026-10-05T05:13:28.418964Z,KXETH15M-26OCT050115-15,0.0970,17.00,no
2026-10-05T05:13:28.418964Z,KXETH15M-26OCT050115-15,0.1000,16.00,no
2026-10-05T05:13:28.418964Z,KXETH15M-26OCT050115-15,0.0960,61.72,no
2026-10-05T05:13:28.418964Z,KXETH15M-26OCT050115-15,0.1000,8.00,no
2026-10-05T05:13:28.457518Z,KXETH15M-26OCT050115-15,0.0960,86.50,no
2026-10-05T05:13:28.483009Z,KXETH15M-26OCT050115-15,0.0960,1.07,no
2026-10-05T05:13:28.665234Z,KXETH15M-26OCT050115-15,0.1000,22.00,no
2026-10-05T05:13:28.665234Z,KXETH15M-26OCT050115-15,0.0960,5.02,no
2026-10-05T05:13:28.771488Z,KXETH15M-26OCT050115-15,0.0960,164.81,no
2026-10-05T05:13:28.884006Z,KXETH15M-26OCT050115-15,0.1100,17.11,yes
2026-10-05T05:13:28.899505Z,KXETH15M-26OCT050115-15,0.1100,1.89,yes
2026-10-05T05:13:28.899505Z,KXETH15M-26OCT050115-15,0.1100,15.22,yes
2026-10-05T05:13:29.004698Z,KXETH15M-26OCT050115-15,0.1300,66.65,yes
2026-10-05T05:13:29.004698Z,KXETH15M-26OCT050115-15,0.1100,20.00,yes
2026-10-05T05:13:29.004698Z,KXETH15M-26OCT050115-15,0.1200,9.00,yes
2026-10-05T05:13:29.004698Z,KXETH15M-26OCT050115-15,0.1300,1.00,yes
2026-10-05T05:13:29.004698Z,KXETH15M-26OCT050115-15,0.1200,17.00,yes
2026-10-05T05:13:29.004698Z,KXETH15M-26OCT050115-15,0.1300,1.00,yes
2026-10-05T05:13:29.004698Z,KXETH15M-26OCT050115-15,0.1300,9.00,yes
2026-10-05T05:13:29.004698Z,KXETH15M-26OCT050115-15,0.1200,10.00,yes
2026-10-05T05:13:29.004698Z,KXETH15M-26OCT050115-15,0.1100,19.00,yes
2026-10-05T05:13:29.004698Z,KXETH15M-26OCT050115-15,0.1100,5.78,yes
2026-10-05T05:13:29.004698Z,KXETH15M-26OCT050115-15,0.1200,32.36,yes
2026-10-05T05:13:29.004698Z,KXETH15M-26OCT050115-15,0.1300,9.00,yes
2026-10-05T05:13:29.608738Z,KXETH15M-26OCT050115-15,0.1000,6.80,no
2026-10-05T05:13:30.130954Z,KXETH15M-26OCT050115-15,0.0970,17.00,no
2026-10-05T05:13:30.130954Z,KXETH15M-26OCT050115-15,0.0970,70.00,no
2026-10-05T05:13:30.255163Z,KXETH15M-26OCT050115-15,0.1100,9.00,yes
2026-10-05T05:13:30.255163Z,KXETH15M-26OCT050115-15,0.1100,27.00,yes
2026-10-05T05:13:30.255163Z,KXETH15M-26OCT050115-15,0.1100,19.00,yes
2026-10-05T05:13:30.283368Z,KXETH15M-26OCT050115-15,0.1100,5.00,yes
2026-10-05T05:13:30.294077Z,KXETH15M-26OCT050115-15,0.1100,14.00,yes
2026-10-05T05:13:30.30024Z,KXETH15M-26OCT050115-15,0.1200,45.00,yes
2026-10-05T05:13:30.30024Z,KXETH15M-26OCT050115-15,0.1200,9.00,yes
2026-10-05T05:13:30.30024Z,KXETH15M-26OCT050115-15,0.1200,17.00,yes
2026-10-05T05:13:30.30024Z,KXETH15M-26OCT050115-15,0.1200,1.00,yes
2026-10-05T05:13:30.330133Z,KXETH15M-26OCT050115-15,0.1300,16.00,yes
2026-10-05T05:13:30.330133Z,KXETH15M-26OCT050115-15,0.1300,1.00,yes
2026-10-05T05:13:30.346241Z,KXETH15M-26OCT050115-15,0.1400,16.58,no
2026-10-05T05:13:30.430483Z,KXETH15M-26OCT050115-15,0.1400,2.00,no
2026-10-05T05:13:30.595235Z,KXETH15M-26OCT050115-15,0.1500,14.00,yes
2026-10-05T05:13:30.662816Z,KXETH15M-26OCT050115-15,0.1600,1.00,yes
2026-10-05T05:13:30.662816Z,KXETH15M-26OCT050115-15,0.1500,20.00,yes
2026-10-05T05:13:30.662816Z,KXETH15M-26OCT050115-15,0.1600,53.00,yes
2026-10-05T05:13:30.662816Z,KXETH15M-26OCT050115-15,0.1600,57.00,yes
2026-10-05T05:13:30.865582Z,KXETH15M-26OCT050115-15,0.1300,8.00,yes
2026-10-05T05:13:30.865582Z,KXETH15M-26OCT050115-15,0.1400,21.41,yes
2026-10-05T05:13:30.865582Z,KXETH15M-26OCT050115-15,0.1300,7.00,yes
2026-10-05T05:13:30.865582Z,KXETH15M-26OCT050115-15,0.1300,20.00,yes
2026-10-05T05:13:31.159908Z,KXETH15M-26OCT050115-15,0.1200,1.38,no
2026-10-05T05:13:31.789839Z,KXETH15M-26OCT050115-15,0.1000,5.94,no
2026-10-05T05:13:31.789839Z,KXETH15M-26OCT050115-15,0.1100,4.00,no
2026-10-05T05:13:31.789839Z,KXETH15M-26OCT050115-15,0.1000,9.00,no
2026-10-05T05:13:31.789839Z,KXETH15M-26OCT050115-15,0.1000,8.00,no
2026-10-05T05:13:31.789839Z,KXETH15M-26OCT050115-15,0.1000,20.00,no
2026-10-05T05:13:32.295419Z,KXETH15M-26OCT050115-15,0.1200,3.92,yes
2026-10-05T05:13:32.491768Z,KXETH15M-26OCT050115-15,0.1200,8.79,yes
2026-10-05T05:13:32.491972Z,KXETH15M-26OCT050115-15,0.1200,1.19,yes
2026-10-05T05:13:32.506198Z,KXETH15M-26OCT050115-15,0.1100,14.00,no
2026-10-05T05:13:32.506198Z,KXETH15M-26OCT050115-15,0.1100,42.00,no
2026-10-05T05:13:32.514216Z,KXETH15M-26OCT050115-15,0.1000,9.00,no
2026-10-05T05:13:32.516108Z,KXETH15M-26OCT050115-15,0.1000,16.00,no
2026-10-05T05:13:32.518199Z,KXETH15M-26OCT050115-15,0.0950,2.51,no
2026-10-05T05:13:32.518199Z,KXETH15M-26OCT050115-15,0.1000,31.00,no
2026-10-05T05:13:32.526258Z,KXETH15M-26OCT050115-15,0.0940,6.00,no
2026-10-05T05:13:32.526258Z,KXETH15M-26OCT050115-15,0.0930,7.00,no
2026-10-05T05:13:32.600418Z,KXETH15M-26OCT050115-15,0.0900,1.00,no
2026-10-05T05:13:32.732758Z,KXETH15M-26OCT050115-15,0.0920,2.81,yes
2026-10-05T05:13:32.732758Z,KXETH15M-26OCT050115-15,0.0910,7.00,yes
2026-10-05T05:13:32.824647Z,KXETH15M-26OCT050115-15,0.0800,1.00,no
2026-10-05T05:13:32.824647Z,KXETH15M-26OCT050115-15,0.0800,2.28,no
2026-10-05T05:13:32.824647Z,KXETH15M-26OCT050115-15,0.0800,25.00,no
2026-10-05T05:13:32.824647Z,KXETH15M-26OCT050115-15,0.0900,7.24,no
2026-10-05T05:13:32.824647Z,KXETH15M-26OCT050115-15,0.0810,8.00,no
2026-10-05T05:13:32.824647Z,KXETH15M-26OCT050115-15,0.0810,6.00,no
2026-10-05T05:13:32.824647Z,KXETH15M-26OCT050115-15,0.0800,34.41,no
2026-10-05T05:13:32.824647Z,KXETH15M-26OCT050115-15,0.0830,6.00,no
2026-10-05T05:13:32.824647Z,KXETH15M-26OCT050115-15,0.0800,6.09,no
2026-10-05T05:13:32.824647Z,KXETH15M-26OCT050115-15,0.0760,1.00,no
2026-10-05T05:13:32.824647Z,KXETH15M-26OCT050115-15,0.0770,1.00,no
2026-10-05T05:13:32.824647Z,KXETH15M-26OCT050115-15,0.0750,1.00,no
2026-10-05T05:13:32.824647Z,KXETH15M-26OCT050115-15,0.0740,1.00,no
2026-10-05T05:13:32.824647Z,KXETH15M-26OCT050115-15,0.0730,1.00,no
2026-10-05T05:13:32.95469Z,KXETH15M-26OCT050115-15,0.0800,1.00,yes
2026-10-05T05:13:33.496853Z,KXETH15M-26OCT050115-15,0.0770,5.00,yes
2026-10-05T05:13:33.526017Z,KXETH15M-26OCT050115-15,0.0700,1.00,no
2026-10-05T05:13:33.526017Z,KXETH15M-26OCT050115-15,0.0600,1.00,no
2026-10-05T05:13:33.526017Z,KXETH15M-26OCT050115-15,0.0590,4.04,no
2026-10-05T05:13:33.526017Z,KXETH15M-26OCT050115-15,0.0610,4.04,no
2026-10-05T05:13:33.526017Z,KXETH15M-26OCT050115-15,0.0630,4.04,no
2026-10-05T05:13:33.526017Z,KXETH15M-26OCT050115-15,0.0650,9.00,no
2026-10-05T05:13:33.526017Z,KXETH15M-26OCT050115-15,0.0650,1.01,no
2026-10-05T05:13:33.526017Z,KXETH15M-26OCT050115-15,0.0610,16.00,no
2026-10-05T05:13:33.526017Z,KXETH15M-26OCT050115-15,0.0580,6.00,no
2026-10-05T05:13:33.526017Z,KXETH15M-26OCT050115-15,0.0660,7.00,no
2026-10-05T05:13:33.526017Z,KXETH15M-26OCT050115-15,0.0570,99.92,no
2026-10-05T05:13:33.526017Z,KXETH15M-26OCT050115-15,0.0570,1.00,no
2026-10-05T05:13:33.526017Z,KXETH15M-26OCT050115-15,0.0580,1.00,no
2026-10-05T05:13:33.526017Z,KXETH15M-26OCT050115-15,0.0590,1.00,no
2026-10-05T05:13:33.603268Z,KXETH15M-26OCT050115-15,0.0600,9.00,no
2026-10-05T05:13:33.603268Z,KXETH15M-26OCT050115-15,0.0580,7.00,no
2026-10-05T05:13:33.603268Z,KXETH15M-26OCT050115-15,0.0590,7.00,no
2026-10-05T05:13:33.603268Z,KXETH15M-26OCT050115-15,0.0570,19.86,no
2026-10-05T05:13:33.671008Z,KXETH15M-26OCT050115-15,0.0770,4.00,yes
2026-10-05T05:13:33.671008Z,KXETH15M-26OCT050115-15,0.0770,7.00,yes
2026-10-05T05:13:33.671008Z,KXETH15M-26OCT050115-15,0.0770,0.03,yes
2026-10-05T05:13:33.703057Z,KXETH15M-26OCT050115-15,0.0590,0.83,no
2026-10-05T05:13:33.986803Z,KXETH15M-26OCT050115-15,0.0730,2.52,yes
2026-10-05T05:13:33.986803Z,KXETH15M-26OCT050115-15,0.0730,20.00,yes
2026-10-05T05:13:34.109251Z,KXETH15M-26OCT050115-15,0.0630,4.00,no
2026-10-05T05:13:34.109251Z,KXETH15M-26OCT050115-15,0.0630,6.00,no
2026-10-05T05:13:34.461731Z,KXETH15M-26OCT050115-15,0.0580,7.00,no
2026-10-05T05:13:34.461731Z,KXETH15M-26OCT050115-15,0.0610,12.00,no
2026-10-05T05:13:34.461731Z,KXETH15M-26OCT050115-15,0.0580,1.86,no
2026-10-05T05:13:34.717159Z,KXETH15M-26OCT050115-15,0.0730,9.00,yes
2026-10-05T05:13:34.717159Z,KXETH15M-26OCT050115-15,0.0700,20.00,yes
2026-10-05T05:13:34.717159Z,KXETH15M-26OCT050115-15,0.0710,6.00,yes
2026-10-05T05:13:34.717159Z,KXETH15M-26OCT050115-15,0.0700,20.00,yes
2026-10-05T05:13:34.717159Z,KXETH15M-26OCT050115-15,0.0730,1.00,yes
2026-10-05T05:13:34.717159Z,KXETH15M-26OCT050115-15,0.0780,4.00,yes
2026-10-05T05:13:34.717159Z,KXETH15M-26OCT050115-15,0.0780,4.00,yes
2026-10-05T05:13:34.717159Z,KXETH15M-26OCT050115-15,0.0790,4.00,yes
2026-10-05T05:13:34.717159Z,KXETH15M-26OCT050115-15,0.0750,9.00,yes
2026-10-05T05:13:34.717159Z,KXETH15M-26OCT050115-15,0.0750,9.00,yes
2026-10-05T05:13:34.717159Z,KXETH15M-26OCT050115-15,0.0770,4.00,yes
2026-10-05T05:13:34.717159Z,KXETH15M-26OCT050115-15,0.0740,20.00,yes
2026-10-05T05:13:34.717159Z,KXETH15M-26OCT050115-15,0.0760,4.00,yes
2026-10-05T05:13:34.717159Z,KXETH15M-26OCT050115-15,0.0800,7.18,yes
2026-10-05T05:13:34.717159Z,KXETH15M-26OCT050115-15,0.0750,29.00,yes
2026-10-05T05:13:35.011806Z,KXETH15M-26OCT050115-15,0.0590,6.00,no
2026-10-05T05:13:35.183677Z,KXETH15M-26OCT050115-15,0.0640,0.82,yes
2026-10-05T05:13:35.183677Z,KXETH15M-26OCT050115-15,0.0640,4.00,yes
2026-10-05T05:13:35.458796Z,KXETH15M-26OCT050115-15,0.0600,4.00,yes
2026-10-05T05:13:35.458796Z,KXETH15M-26OCT050115-15,0.0590,4.00,yes
2026-10-05T05:13:35.458796Z,KXETH15M-26OCT050115-15,0.0580,4.00,yes
2026-10-05T05:13:35.458796Z,KXETH15M-26OCT050115-15,0.0580,4.00,yes
2026-10-05T05:13:35.458796Z,KXETH15M-26OCT050115-15,0.0590,4.00,yes
2026-10-05T05:13:35.458796Z,KXETH15M-26OCT050115-15,0.0600,10.00,yes
2026-10-05T05:13:35.520302Z,KXETH15M-26OCT050115-15,0.0580,19.00,yes
2026-10-05T05:13:35.520302Z,KXETH15M-26OCT050115-15,0.0580,4.00,yes
2026-10-05T05:13:35.520302Z,KXETH15M-26OCT050115-15,0.0570,4.00,yes
2026-10-05T05:13:35.520302Z,KXETH15M-26OCT050115-15,0.0600,4.00,yes
2026-10-05T05:13:35.520302Z,KXETH15M-26OCT050115-15,0.0590,4.00,yes
2026-10-05T05:13:35.520302Z,KXETH15M-26OCT050115-15,0.0600,10.00,yes
2026-10-05T05:13:35.545009Z,KXETH15M-26OCT050115-15,0.0630,8.00,yes
2026-10-05T05:13:35.545009Z,KXETH15M-26OCT050115-15,0.0610,4.00,yes
2026-10-05T05:13:35.545009Z,KXETH15M-26OCT050115-15,0.0620,4.00,yes
2026-10-05T05:13:35.545009Z,KXETH15M-26OCT050115-15,0.0620,4.00,yes
2026-10-05T05:13:35.545009Z,KXETH15M-26OCT050115-15,0.0710,11.00,yes
2026-10-05T05:13:35.545009Z,KXETH15M-26OCT050115-15,0.0640,19.18,yes
2026-10-05T05:13:35.545009Z,KXETH15M-26OCT050115-15,0.0720,11.00,yes
2026-10-05T05:13:35.545009Z,KXETH15M-26OCT050115-15,0.0610,4.00,yes
2026-10-05T05:13:35.545009Z,KXETH15M-26OCT050115-15,0.0630,4.00,yes
2026-10-05T05:13:35.545009Z,KXETH15M-26OCT050115-15,0.0580,6.00,yes
2026-10-05T05:13:35.545009Z,KXETH15M-26OCT050115-15,0.0690,8.00,yes
2026-10-05T05:13:35.545009Z,KXETH15M-26OCT050115-15,0.0720,20.00,yes
2026-10-05T05:13:35.545009Z,KXETH15M-26OCT050115-15,0.0600,4.00,yes
2026-10-05T05:13:35.545009Z,KXETH15M-26OCT050115-15,0.0740,481.28,yes
2026-10-05T05:13:35.545009Z,KXETH15M-26OCT050115-15,0.0600,10.00,yes
2026-10-05T05:13:35.545009Z,KXETH15M-26OCT050115-15,0.0650,20.00,yes
2026-10-05T05:13:35.545009Z,KXETH15M-26OCT050115-15,0.0730,29.00,yes
2026-10-05T05:13:35.560745Z,KXETH15M-26OCT050115-15,0.0570,10.00,no
2026-10-05T05:13:35.606798Z,KXETH15M-26OCT050115-15,0.0650,4.00,yes
2026-10-05T05:13:35.606798Z,KXETH15M-26OCT050115-15,0.0630,4.00,yes
2026-10-05T05:13:35.606798Z,KXETH15M-26OCT050115-15,0.0640,20.00,yes
2026-10-05T05:13:35.606798Z,KXETH15M-26OCT050115-15,0.0650,0.90,yes
2026-10-05T05:13:35.606798Z,KXETH15M-26OCT050115-15,0.0640,4.00,yes
2026-10-05T05:13:35.606798Z,KXETH15M-26OCT050115-15,0.0640,4.00,yes
2026-10-05T05:13:35.606798Z,KXETH15M-26OCT050115-15,0.0630,20.00,yes
2026-10-05T05:13:35.64612Z,KXETH15M-26OCT050115-15,0.0650,2.35,yes
2026-10-05T05:13:35.64612Z,KXETH15M-26OCT050115-15,0.0650,3.10,yes
2026-10-05T05:13:35.745298Z,KXETH15M-26OCT050115-15,0.0780,4.00,yes
2026-10-05T05:13:35.745298Z,KXETH15M-26OCT050115-15,0.0660,20.00,yes
2026-10-05T05:13:35.745298Z,KXETH15M-26OCT050115-15,0.0770,4.00,yes
2026-10-05T05:13:35.745298Z,KXETH15M-26OCT050115-15,0.0780,0.15,yes
2026-10-05T05:13:35.745298Z,KXETH15M-26OCT050115-15,0.0710,8.00,yes
2026-10-05T05:13:35.745298Z,KXETH15M-26OCT050115-15,0.0720,8.00,yes
2026-10-05T05:13:35.745298Z,KXETH15M-26OCT050115-15,0.0760,9.00,yes
2026-10-05T05:13:35.745298Z,KXETH15M-26OCT050115-15,0.0760,20.00,yes
2026-10-05T05:13:35.745298Z,KXETH15M-26OCT050115-15,0.0720,11.00,yes
2026-10-05T05:13:35.745298Z,KXETH15M-26OCT050115-15,0.0650,17.65,yes
2026-10-05T05:13:35.745298Z,KXETH15M-26OCT050115-15,0.0780,30.00,yes
2026-10-05T05:13:35.745298Z,KXETH15M-26OCT050115-15,0.0770,4.00,yes
2026-10-05T05:13:35.745298Z,KXETH15M-26OCT050115-15,0.0690,10.00,yes
2026-10-05T05:13:35.745298Z,KXETH15M-26OCT050115-15,0.0740,18.72,yes
2026-10-05T05:13:35.770162Z,KXETH15M-26OCT050115-15,0.0690,4.00,yes
2026-10-05T05:13:35.871137Z,KXETH15M-26OCT050115-15,0.0500,1.00,no
2026-10-05T05:13:35.871137Z,KXETH15M-26OCT050115-15,0.0500,143.21,no
2026-10-05T05:13:35.871137Z,KXETH15M-26OCT050115-15,0.0510,4.00,no
2026-10-05T05:13:35.871137Z,KXETH15M-26OCT050115-15,0.0530,4.00,no
2026-10-05T05:13:35.871137Z,KXETH15M-26OCT050115-15,0.0520,4.00,no
2026-10-05T05:13:35.871137Z,KXETH15M-26OCT050115-15,0.0540,4.00,no
2026-10-05T05:13:35.871137Z,KXETH15M-26OCT050115-15,0.0560,41.00,no
2026-10-05T05:13:35.871137Z,KXETH15M-26OCT050115-15,0.0530,4.00,no
2026-10-05T05:13:35.871137Z,KXETH15M-26OCT050115-15,0.0550,4.00,no
2026-10-05T05:13:35.871137Z,KXETH15M-26OCT050115-15,0.0550,41.00,no
2026-10-05T05:13:35.871137Z,KXETH15M-26OCT050115-15,0.0510,7.00,no
2026-10-05T05:13:35.871137Z,KXETH15M-26OCT050115-15,0.0570,47.00,no
2026-10-05T05:13:35.871137Z,KXETH15M-26OCT050115-15,0.0500,1.00,no
2026-10-05T05:13:35.871137Z,KXETH15M-26OCT050115-15,0.0500,1.00,no
2026-10-05T05:13:35.871137Z,KXETH15M-26OCT050115-15,0.0500,6.00,no
2026-10-05T05:13:35.871137Z,KXETH15M-26OCT050115-15,0.0500,3.00,no
2026-10-05T05:13:36.112902Z,KXETH15M-26OCT050115-15,0.0630,4.00,yes
2026-10-05T05:13:36.112902Z,KXETH15M-26OCT050115-15,0.0640,1.22,yes
2026-10-05T05:13:36.112902Z,KXETH15M-26OCT050115-15,0.0630,4.00,yes
2026-10-05T05:13:36.112902Z,KXETH15M-26OCT050115-15,0.0640,4.00,yes
2026-10-05T05:13:36.276392Z,KXETH15M-26OCT050115-15,0.0600,15.37,yes
2026-10-05T05:13:36.305371Z,KXETH15M-26OCT050115-15,0.0600,4.00,yes
2026-10-05T05:13:36.417505Z,KXETH15M-26OCT050115-15,0.0590,2.32,yes
2026-10-05T05:13:36.538651Z,KXETH15M-26OCT050115-15,0.0600,5.34,yes
2026-10-05T05:13:36.538651Z,KXETH15M-26OCT050115-15,0.0580,11.00,yes
2026-10-05T05:13:36.538651Z,KXETH15M-26OCT050115-15,0.0590,20.00,yes
2026-10-05T05:13:36.538651Z,KXETH15M-26OCT050115-15,0.0600,0.63,yes
2026-10-05T05:13:36.538651Z,KXETH15M-26OCT050115-15,0.0580,12.00,yes
2026-10-05T05:13:36.73622Z,KXETH15M-26OCT050115-15,0.0590,10.00,yes
2026-10-05T05:13:36.73622Z,KXETH15M-26OCT050115-15,0.0590,20.00,yes
2026-10-05T05:13:36.73622Z,KXETH15M-26OCT050115-15,0.0600,20.00,yes
2026-10-05T05:13:36.73622Z,KXETH15M-26OCT050115-15,0.0590,20.00,yes
2026-10-05T05:13:36.73622Z,KXETH15M-26OCT050115-15,0.0600,8.00,yes
2026-10-05T05:13:36.73622Z,KXETH15M-26OCT050115-15,0.0600,5.66,yes
2026-10-05T05:13:36.73622Z,KXETH15M-26OCT050115-15,0.0610,33.27,yes
2026-10-05T05:13:36.73622Z,KXETH15M-26OCT050115-15,0.0590,8.00,yes
2026-10-05T05:13:37.09148Z,KXETH15M-26OCT050115-15,0.0590,4.00,yes
2026-10-05T05:13:37.09148Z,KXETH15M-26OCT050115-15,0.0580,20.00,yes
2026-10-05T05:13:37.141123Z,KXETH15M-26OCT050115-15,0.0580,5.00,yes
2026-10-05T05:13:37.148408Z,KXETH15M-26OCT050115-15,0.0580,4.15,yes
2026-10-05T05:13:37.318269Z,KXETH15M-26OCT050115-15,0.0580,1.00,yes
2026-10-05T05:13:37.339162Z,KXETH15M-26OCT050115-15,0.0560,2.10,no
2026-10-05T05:13:37.464377Z,KXETH15M-26OCT050115-15,0.0580,20.00,yes
2026-10-05T05:13:37.464377Z,KXETH15M-26OCT050115-15,0.0590,0.05,yes
2026-10-05T05:13:37.464377Z,KXETH15M-26OCT050115-15,0.0580,4.00,yes
2026-10-05T05:13:37.464377Z,KXETH15M-26OCT050115-15,0.0580,9.85,yes
2026-10-05T05:13:37.467564Z,KXETH15M-26OCT050115-15,0.0590,1.15,yes
2026-10-05T05:13:37.896405Z,KXETH15M-26OCT050115-15,0.0570,0.81,yes
2026-10-05T05:13:37.917438Z,KXETH15M-26OCT050115-15,0.0530,1.82,no
2026-10-05T05:13:37.948081Z,KXETH15M-26OCT050115-15,0.0560,3.90,yes
2026-10-05T05:13:38.391959Z,KXETH15M-26OCT050115-15,0.0500,17.22,no
2026-10-05T05:13:38.391959Z,KXETH15M-26OCT050115-15,0.0510,4.00,no
2026-10-05T05:13:38.391959Z,KXETH15M-26OCT050115-15,0.0510,7.00,no
2026-10-05T05:13:38.391959Z,KXETH15M-26OCT050115-15,0.0520,4.00,no
2026-10-05T05:13:38.391959Z,KXETH15M-26OCT050115-15,0.0520,56.00,no
2026-10-05T05:13:38.430355Z,KXETH15M-26OCT050115-15,0.0560,2.80,yes
2026-10-05T05:13:38.473165Z,KXETH15M-26OCT050115-15,0.0510,1.02,no
2026-10-05T05:13:38.718008Z,KXETH15M-26OCT050115-15,0.0610,10.13,yes
2026-10-05T05:13:38.718008Z,KXETH15M-26OCT050115-15,0.0600,20.00,yes
2026-10-05T05:13:38.718008Z,KXETH15M-26OCT050115-15,0.0560,17.20,yes
2026-10-05T05:13:38.718008Z,KXETH15M-26OCT050115-15,0.0590,7.00,yes
2026-10-05T05:13:38.718008Z,KXETH15M-26OCT050115-15,0.0600,6.00,yes
2026-10-05T05:13:38.718008Z,KXETH15M-26OCT050115-15,0.0570,20.00,yes
2026-10-05T05:13:38.744616Z,KXETH15M-26OCT050115-15,0.0510,7.00,no
2026-10-05T05:13:38.744616Z,KXETH15M-26OCT050115-15,0.0510,3.29,no
2026-10-05T05:13:39.073769Z,KXETH15M-26OCT050115-15,0.0500,2.05,no
2026-10-05T05:13:39.100346Z,KXETH15M-26OCT050115-15,0.0560,1.70,yes
2026-10-05T05:13:39.104198Z,KXETH15M-26OCT050115-15,0.0560,18.30,yes
2026-10-05T05:13:39.104198Z,KXETH15M-26OCT050115-15,0.0570,8.72,yes
2026-10-05T05:13:40.147539Z,KXETH15M-26OCT050115-15,0.0560,1.09,yes
2026-10-05T05:13:40.149525Z,KXETH15M-26OCT050115-15,0.0500,4.00,no
2026-10-05T05:13:40.395704Z,KXETH15M-26OCT050115-15,0.0400,1.00,no
2026-10-05T05:13:40.395704Z,KXETH15M-26OCT050115-15,0.0500,68.92,no
2026-10-05T05:13:40.395704Z,KXETH15M-26OCT050115-15,0.0400,8.55,no
2026-10-05T05:13:40.395704Z,KXETH15M-26OCT050115-15,0.0480,4.00,no
2026-10-05T05:13:40.395704Z,KXETH15M-26OCT050115-15,0.0490,41.00,no
2026-10-05T05:13:40.395704Z,KXETH15M-26OCT050115-15,0.0450,9.00,no
2026-10-05T05:13:40.395704Z,KXETH15M-26OCT050115-15,0.0450,9.00,no
2026-10-05T05:13:40.395704Z,KXETH15M-26OCT050115-15,0.0470,4.00,no
2026-10-05T05:13:40.395704Z,KXETH15M-26OCT050115-15,0.0470,4.00,no
2026-10-05T05:13:40.395704Z,KXETH15M-26OCT050115-15,0.0460,4.00,no
2026-10-05T05:13:40.395704Z,KXETH15M-26OCT050115-15,0.0460,4.00,no
2026-10-05T05:13:40.395704Z,KXETH15M-26OCT050115-15,0.0410,8.00,no
2026-10-05T05:13:40.395704Z,KXETH15M-26OCT050115-15,0.0400,1.06,no
2026-10-05T05:13:40.395704Z,KXETH15M-26OCT050115-15,0.0400,1.00,no
2026-10-05T05:13:40.395704Z,KXETH15M-26OCT050115-15,0.0450,1.00,no
2026-10-05T05:13:40.395704Z,KXETH15M-26OCT050115-15,0.0410,1.00,no
2026-10-05T05:13:40.395704Z,KXETH15M-26OCT050115-15,0.0420,1.00,no
2026-10-05T05:13:40.395704Z,KXETH15M-26OCT050115-15,0.0430,1.00,no
2026-10-05T05:13:40.395704Z,KXETH15M-26OCT050115-15,0.0400,1.00,no
2026-10-05T05:13:40.395704Z,KXETH15M-26OCT050115-15,0.0440,1.00,no
2026-10-05T05:13:40.491005Z,KXETH15M-26OCT050115-15,0.0540,8.37,yes
2026-10-05T05:13:40.826607Z,KXETH15M-26OCT050115-15,0.0490,32.00,no
2026-10-05T05:13:40.82761Z,KXETH15M-26OCT050115-15,0.0480,50.00,no
2026-10-05T05:13:40.828223Z,KXETH15M-26OCT050115-15,0.0470,41.00,no
2026-10-05T05:13:40.828854Z,KXETH15M-26OCT050115-15,0.0460,41.00,no
2026-10-05T05:13:40.837725Z,KXETH15M-26OCT050115-15,0.0410,80.70,yes
2026-10-05T05:13:40.841715Z,KXETH15M-26OCT050115-15,0.0390,1.00,no
2026-10-05T05:13:40.841715Z,KXETH15M-26OCT050115-15,0.0370,1.00,no
2026-10-05T05:13:40.841715Z,KXETH15M-26OCT050115-15,0.0350,1.00,no
2026-10-05T05:13:40.841715Z,KXETH15M-26OCT050115-15,0.0380,1.00,no
2026-10-05T05:13:40.841715Z,KXETH15M-26OCT050115-15,0.0360,1.00,no
2026-10-05T05:13:40.88401Z,KXETH15M-26OCT050115-15,0.0340,28.15,no
2026-10-05T05:13:40.88401Z,KXETH15M-26OCT050115-15,0.0340,9.00,no
2026-10-05T05:13:40.88401Z,KXETH15M-26OCT050115-15,0.0340,1.00,no
2026-10-05T05:13:40.935571Z,KXETH15M-26OCT050115-15,0.0340,81.85,no
2026-10-05T05:13:40.935571Z,KXETH15M-26OCT050115-15,0.0340,9.00,no
2026-10-05T05:13:40.972311Z,KXETH15M-26OCT050115-15,0.0330,1.00,no
2026-10-05T05:13:40.972311Z,KXETH15M-26OCT050115-15,0.0330,1.00,no
2026-10-05T05:13:40.972548Z,KXETH15M-26OCT050115-15,0.0330,9.00,no
2026-10-05T05:13:40.986004Z,KXETH15M-26OCT050115-15,0.0330,100.00,no
2026-10-05T05:13:41.011543Z,KXETH15M-26OCT050115-15,0.0340,4.00,yes
2026-10-05T05:13:41.011543Z,KXETH15M-26OCT050115-15,0.0340,1.21,yes
2026-10-05T05:13:41.185702Z,KXETH15M-26OCT050115-15,0.0320,2.00,no
2026-10-05T05:13:41.223007Z,KXETH15M-26OCT050115-15,0.0320,1.00,no
2026-10-05T05:13:41.420687Z,KXETH15M-26OCT050115-15,0.0320,12.00,no
2026-10-05T05:13:41.420687Z,KXETH15M-26OCT050115-15,0.0300,1.00,no
2026-10-05T05:13:41.420687Z,KXETH15M-26OCT050115-15,0.0300,10.00,no
2026-10-05T05:13:41.420687Z,KXETH15M-26OCT050115-15,0.0270,3.21,no
2026-10-05T05:13:41.420687Z,KXETH15M-26OCT050115-15,0.0270,1.00,no
2026-10-05T05:13:41.420687Z,KXETH15M-26OCT050115-15,0.0300,1.00,no
2026-10-05T05:13:41.420687Z,KXETH15M-26OCT050115-15,0.0310,16.13,no
2026-10-05T05:13:41.420687Z,KXETH15M-26OCT050115-15,0.0310,1.00,no
2026-10-05T05:13:41.420687Z,KXETH15M-26OCT050115-15,0.0300,1.00,no
2026-10-05T05:13:41.420687Z,KXETH15M-26OCT050115-15,0.0300,6.66,no
2026-10-05T05:13:41.424103Z,KXETH15M-26OCT050115-15,0.0270,1.00,no
2026-10-05T05:13:41.649671Z,KXETH15M-26OCT050115-15,0.0270,20.00,yes
2026-10-05T05:13:41.649671Z,KXETH15M-26OCT050115-15,0.0300,9.00,yes
2026-10-05T05:13:41.649671Z,KXETH15M-26OCT050115-15,0.0280,20.00,yes
2026-10-05T05:13:41.649671Z,KXETH15M-26OCT050115-15,0.0310,159.63,yes
2026-10-05T05:13:41.649671Z,KXETH15M-26OCT050115-15,0.0300,20.00,yes
2026-10-05T05:13:41.649671Z,KXETH15M-26OCT050115-15,0.0300,12.00,yes
2026-10-05T05:13:41.778098Z,KXETH15M-26OCT050115-15,0.0270,20.00,yes
2026-10-05T05:13:41.778098Z,KXETH15M-26OCT050115-15,0.0310,43.99,yes
2026-10-05T05:13:41.778098Z,KXETH15M-26OCT050115-15,0.0300,9.00,yes
2026-10-05T05:13:41.778098Z,KXETH15M-26OCT050115-15,0.0300,12.00,yes
2026-10-05T05:13:41.778098Z,KXETH15M-26OCT050115-15,0.0300,20.00,yes
2026-10-05T05:13:41.778098Z,KXETH15M-26OCT050115-15,0.0280,20.00,yes
2026-10-05T05:13:41.778098Z,KXETH15M-26OCT050115-15,0.0300,22.00,yes
2026-10-05T05:13:41.918804Z,KXETH15M-26OCT050115-15,0.0270,4.00,yes
2026-10-05T05:13:41.993559Z,KXETH15M-26OCT050115-15,0.0270,3.00,yes
2026-10-05T05:13:42.073066Z,KXETH15M-26OCT050115-15,0.0260,0.53,no
2026-10-05T05:13:42.073066Z,KXETH15M-26OCT050115-15,0.0260,1.00,no
2026-10-05T05:13:42.227726Z,KXETH15M-26OCT050115-15,0.0270,16.00,yes
2026-10-05T05:13:42.248513Z,KXETH15M-26OCT050115-15,0.0240,12.00,no
2026-10-05T05:13:42.248513Z,KXETH15M-26OCT050115-15,0.0230,10.00,no
2026-10-05T05:13:42.248513Z,KXETH15M-26OCT050115-15,0.0250,6.00,no
2026-10-05T05:13:42.248513Z,KXETH15M-26OCT050115-15,0.0230,6.00,no
2026-10-05T05:13:42.248513Z,KXETH15M-26OCT050115-15,0.0240,6.00,no
2026-10-05T05:13:42.248513Z,KXETH15M-26OCT050115-15,0.0240,1.00,no
2026-10-05T05:13:42.248513Z,KXETH15M-26OCT050115-15,0.0230,1.00,no
2026-10-05T05:13:42.248513Z,KXETH15M-26OCT050115-15,0.0220,1.13,no
2026-10-05T05:13:42.311274Z,KXETH15M-26OCT050115-15,0.0270,8.52,yes
2026-10-05T05:13:42.311274Z,KXETH15M-26OCT050115-15,0.0270,4.00,yes
2026-10-05T05:13:42.399048Z,KXETH15M-26OCT050115-15,0.0230,5.00,no
2026-10-05T05:13:42.503171Z,KXETH15M-26OCT050115-15,0.0400,40.00,yes
2026-10-05T05:13:42.503171Z,KXETH15M-26OCT050115-15,0.0310,30.00,yes
2026-10-05T05:13:42.503171Z,KXETH15M-26OCT050115-15,0.0350,9.00,yes
2026-10-05T05:13:42.503171Z,KXETH15M-26OCT050115-15,0.0310,296.38,yes
2026-10-05T05:13:42.503171Z,KXETH15M-26OCT050115-15,0.0400,5.00,yes
2026-10-05T05:13:42.503171Z,KXETH15M-26OCT050115-15,0.0300,12.00,yes
2026-10-05T05:13:42.503171Z,KXETH15M-26OCT050115-15,0.0290,20.00,yes
2026-10-05T05:13:42.503171Z,KXETH15M-26OCT050115-15,0.0280,21.00,yes
2026-10-05T05:13:42.503171Z,KXETH15M-26OCT050115-15,0.0300,5.00,yes
2026-10-05T05:13:42.503171Z,KXETH15M-26OCT050115-15,0.0250,15.00,yes
2026-10-05T05:13:42.503171Z,KXETH15M-26OCT050115-15,0.0300,7.03,yes
2026-10-05T05:13:42.503171Z,KXETH15M-26OCT050115-15,0.0250,20.00,yes
2026-10-05T05:13:42.503171Z,KXETH15M-26OCT050115-15,0.0340,4.04,yes
2026-10-05T05:13:42.503171Z,KXETH15M-26OCT050115-15,0.0240,20.00,yes
2026-10-05T05:13:42.503171Z,KXETH15M-26OCT050115-15,0.0300,9.00,yes
2026-10-05T05:13:42.503171Z,KXETH15M-26OCT050115-15,0.0300,9.00,yes
2026-10-05T05:13:42.503171Z,KXETH15M-26OCT050115-15,0.0400,30.00,yes
2026-10-05T05:13:42.503171Z,KXETH15M-26OCT050115-15,0.0350,9.00,yes
2026-10-05T05:13:42.503171Z,KXETH15M-26OCT050115-15,0.0410,129.26,yes
2026-10-05T05:13:42.503171Z,KXETH15M-26OCT050115-15,0.0400,9.00,yes
2026-10-05T05:13:42.571885Z,KXETH15M-26OCT050115-15,0.0220,3.00,no
2026-10-05T05:13:42.571885Z,KXETH15M-26OCT050115-15,0.0220,44.44,no
2026-10-05T05:13:42.571885Z,KXETH15M-26OCT050115-15,0.0220,90.00,no
2026-10-05T05:13:42.571885Z,KXETH15M-26OCT050115-15,0.0220,229.87,no
2026-10-05T05:13:42.578379Z,KXETH15M-26OCT050115-15,0.0220,98.15,no
2026-10-05T05:13:42.591232Z,KXETH15M-26OCT050115-15,0.0390,0.55,yes
2026-10-05T05:13:42.617345Z,KXETH15M-26OCT050115-15,0.0390,4.00,yes
2026-10-05T05:13:42.955188Z,KXETH15M-26OCT050115-15,0.0220,60.00,no
2026-10-05T05:13:42.957515Z,KXETH15M-26OCT050115-15,0.0220,0.59,no
2026-10-05T05:13:42.957515Z,KXETH15M-26OCT050115-15,0.0220,50.00,no
2026-10-05T05:13:42.957515Z,KXETH15M-26OCT050115-15,0.0220,28.41,no
2026-10-05T05:13:42.957515Z,KXETH15M-26OCT050115-15,0.0220,1.00,no
2026-10-05T05:13:42.981699Z,KXETH15M-26OCT050115-15,0.0230,4.00,yes
2026-10-05T05:13:42.981699Z,KXETH15M-26OCT050115-15,0.0270,8.00,yes
2026-10-05T05:13:42.981699Z,KXETH15M-26OCT050115-15,0.0280,3.43,yes
2026-10-05T05:13:42.981699Z,KXETH15M-26OCT050115-15,0.0260,20.00,yes
2026-10-05T05:13:42.981699Z,KXETH15M-26OCT050115-15,0.0270,2.00,yes
2026-10-05T05:13:42.981699Z,KXETH15M-26OCT050115-15,0.0270,1.00,yes
2026-10-05T05:13:42.981699Z,KXETH15M-26OCT050115-15,0.0230,3.00,yes
2026-10-05T05:13:43.017307Z,KXETH15M-26OCT050115-15,0.0220,20.00,no
2026-10-05T05:13:43.017307Z,KXETH15M-26OCT050115-15,0.0220,9.41,no
2026-10-05T05:13:43.017307Z,KXETH15M-26OCT050115-15,0.0220,35.00,no
2026-10-05T05:13:43.017307Z,KXETH15M-26OCT050115-15,0.0220,0.59,no
2026-10-05T05:13:43.017307Z,KXETH15M-26OCT050115-15,0.0210,45.00,no
2026-10-05T05:13:43.033457Z,KXETH15M-26OCT050115-15,0.0240,1.00,yes
2026-10-05T05:13:43.033457Z,KXETH15M-26OCT050115-15,0.0240,4.00,yes
2026-10-05T05:13:43.103685Z,KXETH15M-26OCT050115-15,0.0230,2.00,yes
2026-10-05T05:13:43.103941Z,KXETH15M-26OCT050115-15,0.0240,8.29,yes
2026-10-05T05:13:43.103941Z,KXETH15M-26OCT050115-15,0.0230,2.00,yes
2026-10-05T05:13:43.239837Z,KXETH15M-26OCT050115-15,0.0240,6.31,yes
2026-10-05T05:13:43.597812Z,KXETH15M-26OCT050115-15,0.0240,4.40,yes
2026-10-05T05:13:43.597812Z,KXETH15M-26OCT050115-15,0.0240,13.60,yes
2026-10-05T05:13:43.597812Z,KXETH15M-26OCT050115-15,0.0240,4.00,yes
2026-10-05T05:13:43.635094Z,KXETH15M-26OCT050115-15,0.0240,10.59,yes
2026-10-05T05:13:43.635094Z,KXETH15M-26OCT050115-15,0.0240,2.40,yes
2026-10-05T05:13:43.635094Z,KXETH15M-26OCT050115-15,0.0240,2.00,yes
2026-10-05T05:13:43.687945Z,KXETH15M-26OCT050115-15,0.0250,4.00,yes
2026-10-05T05:13:43.687945Z,KXETH15M-26OCT050115-15,0.0240,7.41,yes
2026-10-05T05:13:43.687945Z,KXETH15M-26OCT050115-15,0.0250,9.00,yes
2026-10-05T05:13:43.687945Z,KXETH15M-26OCT050115-15,0.0250,18.27,yes
2026-10-05T05:13:43.797586Z,KXETH15M-26OCT050115-15,0.0230,3.57,no
2026-10-05T05:13:43.85514Z,KXETH15M-26OCT050115-15,0.0240,20.00,yes
2026-10-05T05:13:43.85514Z,KXETH15M-26OCT050115-15,0.0250,9.97,yes
2026-10-05T05:13:43.85514Z,KXETH15M-26OCT050115-15,0.0250,1.73,yes
2026-10-05T05:13:43.85975Z,KXETH15M-26OCT050115-15,0.0250,2.00,yes
2026-10-05T05:13:43.980385Z,KXETH15M-26OCT050115-15,0.0260,4.00,yes
2026-10-05T05:13:43.980385Z,KXETH15M-26OCT050115-15,0.0270,1.45,yes
2026-10-05T05:13:44.213054Z,KXETH15M-26OCT050115-15,0.0270,16.67,yes
2026-10-05T05:13:44.213054Z,KXETH15M-26OCT050115-15,0.0270,12.00,yes
2026-10-05T05:13:44.233935Z,KXETH15M-26OCT050115-15,0.0280,5.93,yes
2026-10-05T05:13:44.233935Z,KXETH15M-26OCT050115-15,0.0270,6.00,yes
2026-10-05T05:13:44.3787Z,KXETH15M-26OCT050115-15,0.0250,0.89,no
2026-10-05T05:13:44.589979Z,KXETH15M-26OCT050115-15,0.0280,80.64,yes
2026-10-05T05:13:44.589979Z,KXETH15M-26OCT050115-15,0.0290,33.18,yes
2026-10-05T05:13:44.589979Z,KXETH15M-26OCT050115-15,0.0270,2.00,yes
2026-10-05T05:13:44.589979Z,KXETH15M-26OCT050115-15,0.0270,8.00,yes
2026-10-05T05:13:44.589979Z,KXETH15M-26OCT050115-15,0.0270,12.00,yes
2026-10-05T05:13:44.589979Z,KXETH15M-26OCT050115-15,0.0270,20.00,yes
2026-10-05T05:13:44.870834Z,KXETH15M-26OCT050115-15,0.0290,11.82,yes
2026-10-05T05:13:44.870834Z,KXETH15M-26OCT050115-15,0.0290,8.00,yes
2026-10-05T05:13:44.870834Z,KXETH15M-26OCT050115-15,0.0280,4.00,yes
2026-10-05T05:13:44.870834Z,KXETH15M-26OCT050115-15,0.0280,7.45,yes
2026-10-05T05:13:44.870834Z,KXETH15M-26OCT050115-15,0.0290,2.01,yes
2026-10-05T05:13:44.93886Z,KXETH15M-26OCT050115-15,0.0250,5.00,no
2026-10-05T05:13:44.979472Z,KXETH15M-26OCT050115-15,0.0220,10.00,no
2026-10-05T05:13:44.979472Z,KXETH15M-26OCT050115-15,0.0220,3.43,no
2026-10-05T05:13:44.979472Z,KXETH15M-26OCT050115-15,0.0220,4.46,no
2026-10-05T05:13:44.979472Z,KXETH15M-26OCT050115-15,0.0250,24.11,no
2026-10-05T05:13:44.979472Z,KXETH15M-26OCT050115-15,0.0230,4.00,no
2026-10-05T05:13:44.979472Z,KXETH15M-26OCT050115-15,0.0220,4.00,no
2026-10-05T05:13:45.383854Z,KXETH15M-26OCT050115-15,0.0470,100.00,yes
2026-10-05T05:13:45.383854Z,KXETH15M-26OCT050115-15,0.0480,50.00,yes
2026-10-05T05:13:45.383854Z,KXETH15M-26OCT050115-15,0.0260,2.00,yes
2026-10-05T05:13:45.383854Z,KXETH15M-26OCT050115-15,0.0270,1.00,yes
2026-10-05T05:13:45.383854Z,KXETH15M-26OCT050115-15,0.0300,9.00,yes
2026-10-05T05:13:45.383854Z,KXETH15M-26OCT050115-15,0.0260,1.00,yes
2026-10-05T05:13:45.383854Z,KXETH15M-26OCT050115-15,0.0280,4.46,yes
2026-10-05T05:13:45.383854Z,KXETH15M-26OCT050115-15,0.0280,3.43,yes
2026-10-05T05:13:45.383854Z,KXETH15M-26OCT050115-15,0.0270,18.00,yes
2026-10-05T05:13:45.383854Z,KXETH15M-26OCT050115-15,0.0310,11.00,yes
2026-10-05T05:13:45.383854Z,KXETH15M-26OCT050115-15,0.0490,21.00,yes
2026-10-05T05:13:45.383854Z,KXETH15M-26OCT050115-15,0.0500,5.00,yes
2026-10-05T05:13:45.383854Z,KXETH15M-26OCT050115-15,0.0500,70.00,yes
2026-10-05T05:13:45.383854Z,KXETH15M-26OCT050115-15,0.0290,20.00,yes
2026-10-05T05:13:45.383854Z,KXETH15M-26OCT050115-15,0.0500,5.00,yes
2026-10-05T05:13:45.383854Z,KXETH15M-26OCT050115-15,0.0450,9.00,yes
2026-10-05T05:13:45.383854Z,KXETH15M-26OCT050115-15,0.0380,4.04,yes
2026-10-05T05:13:45.383854Z,KXETH15M-26OCT050115-15,0.0500,1.00,yes
2026-10-05T05:13:45.383854Z,KXETH15M-26OCT050115-15,0.0360,4.04,yes
2026-10-05T05:13:45.383854Z,KXETH15M-26OCT050115-15,0.0500,70.00,yes
2026-10-05T05:13:45.383854Z,KXETH15M-26OCT050115-15,0.0300,1.00,yes
2026-10-05T05:13:45.383854Z,KXETH15M-26OCT050115-15,0.0310,500.00,yes
2026-10-05T05:13:45.383854Z,KXETH15M-26OCT050115-15,0.0440,4.04,yes
2026-10-05T05:13:45.383854Z,KXETH15M-26OCT050115-15,0.0400,30.00,yes
2026-10-05T05:13:45.383854Z,KXETH15M-26OCT050115-15,0.0460,4.04,yes
2026-10-05T05:13:45.383854Z,KXETH15M-26OCT050115-15,0.0420,4.04,yes
2026-10-05T05:13:45.383854Z,KXETH15M-26OCT050115-15,0.0400,4.04,yes
2026-10-05T05:13:45.383854Z,KXETH15M-26OCT050115-15,0.0300,12.00,yes
2026-10-05T05:13:45.383854Z,KXETH15M-26OCT050115-15,0.0320,4.00,yes
2026-10-05T05:13:45.383854Z,KXETH15M-26OCT050115-15,0.0300,1.00,yes
2026-10-05T05:13:45.383854Z,KXETH15M-26OCT050115-15,0.0290,4.00,yes
2026-10-05T05:13:45.383854Z,KXETH15M-26OCT050115-15,0.0340,1.01,yes
2026-10-05T05:13:45.383854Z,KXETH15M-26OCT050115-15,0.0500,4.04,yes
2026-10-05T05:13:45.383854Z,KXETH15M-26OCT050115-15,0.0300,4.00,yes
2026-10-05T05:13:45.383854Z,KXETH15M-26OCT050115-15,0.0340,8.82,yes
2026-10-05T05:13:45.383854Z,KXETH15M-26OCT050115-15,0.0310,4.00,yes
2026-10-05T05:13:45.383854Z,KXETH15M-26OCT050115-15,0.0300,4.00,yes
2026-10-05T05:13:45.383854Z,KXETH15M-26OCT050115-15,0.0480,4.04,yes
2026-10-05T05:13:45.383854Z,KXETH15M-26OCT050115-15,0.0500,30.00,yes
2026-10-05T05:13:45.383854Z,KXETH15M-26OCT050115-15,0.0310,4.00,yes
2026-10-05T05:13:45.383854Z,KXETH15M-26OCT050115-15,0.0510,285.37,yes
2026-10-05T05:13:45.383854Z,KXETH15M-26OCT050115-15,0.0500,9.00,yes
2026-10-05T05:13:45.383854Z,KXETH15M-26OCT050115-15,0.0410,290.04,yes
2026-10-05T05:13:45.383854Z,KXETH15M-26OCT050115-15,0.0420,19.00,yes
2026-10-05T05:13:46.048061Z,KXETH15M-26OCT050115-15,0.0300,10.86,yes
2026-10-05T05:13:46.048061Z,KXETH15M-26OCT050115-15,0.0290,2.00,yes
2026-10-05T05:13:46.048061Z,KXETH15M-26OCT050115-15,0.0290,8.00,yes
2026-10-05T05:13:46.556026Z,KXETH15M-26OCT050115-15,0.0300,20.00,yes
2026-10-05T05:13:46.556026Z,KXETH15M-26OCT050115-15,0.0300,4.00,yes
2026-10-05T05:13:46.556026Z,KXETH15M-26OCT050115-15,0.0300,1.14,yes
2026-10-05T05:13:46.556026Z,KXETH15M-26OCT050115-15,0.0300,4.00,yes
2026-10-05T05:13:46.556026Z,KXETH15M-26OCT050115-15,0.0300,2.32,yes
2026-10-05T05:13:46.556026Z,KXETH15M-26OCT050115-15,0.0290,6.00,yes
2026-10-05T05:13:46.556026Z,KXETH15M-26OCT050115-15,0.0290,2.00,yes
2026-10-05T05:13:46.556026Z,KXETH15M-26OCT050115-15,0.0290,8.00,yes
2026-10-05T05:13:46.556026Z,KXETH15M-26OCT050115-15,0.0300,10.86,yes
2026-10-05T05:13:46.556026Z,KXETH15M-26OCT050115-15,0.0290,4.00,yes
2026-10-05T05:13:46.598273Z,KXETH15M-26OCT050115-15,0.0270,18.82,no
2026-10-05T05:13:46.632452Z,KXETH15M-26OCT050115-15,0.0230,6.70,no
2026-10-05T05:13:46.632452Z,KXETH15M-26OCT050115-15,0.0270,1.18,no
2026-10-05T05:13:46.632452Z,KXETH15M-26OCT050115-15,0.0260,29.00,no
2026-10-05T05:13:46.832337Z,KXETH15M-26OCT050115-15,0.0270,22.00,yes
2026-10-05T05:13:47.021699Z,KXETH15M-26OCT050115-15,0.0300,11.00,yes
2026-10-05T05:13:47.021699Z,KXETH15M-26OCT050115-15,0.0290,3.00,yes
2026-10-05T05:13:47.021699Z,KXETH15M-26OCT050115-15,0.0290,6.70,yes
2026-10-05T05:13:47.021699Z,KXETH15M-26OCT050115-15,0.0290,3.00,yes
2026-10-05T05:13:47.021699Z,KXETH15M-26OCT050115-15,0.0290,8.00,yes
2026-10-05T05:13:47.021699Z,KXETH15M-26OCT050115-15,0.0300,3.00,yes
2026-10-05T05:13:47.021699Z,KXETH15M-26OCT050115-15,0.0300,5.14,yes
2026-10-05T05:13:47.046229Z,KXETH15M-26OCT050115-15,0.0230,1.99,no
2026-10-05T05:13:47.097689Z,KXETH15M-26OCT050115-15,0.0300,1.87,yes
2026-10-05T05:13:47.097689Z,KXETH15M-26OCT050115-15,0.0290,8.00,yes
2026-10-05T05:13:47.097689Z,KXETH15M-26OCT050115-15,0.0290,20.00,yes
2026-10-05T05:13:47.097689Z,KXETH15M-26OCT050115-15,0.0290,1.99,yes
2026-10-05T05:13:47.267525Z,KXETH15M-26OCT050115-15,0.0290,1.00,yes
2026-10-05T05:13:47.430143Z,KXETH15M-26OCT050115-15,0.0290,3.00,yes
2026-10-05T05:13:47.430143Z,KXETH15M-26OCT050115-15,0.0280,11.00,yes
2026-10-05T05:13:47.430143Z,KXETH15M-26OCT050115-15,0.0290,3.00,yes
2026-10-05T05:13:47.430143Z,KXETH15M-26OCT050115-15,0.0280,4.00,yes
2026-10-05T05:13:47.430143Z,KXETH15M-26OCT050115-15,0.0290,4.00,yes
2026-10-05T05:13:47.526219Z,KXETH15M-26OCT050115-15,0.0290,16.00,yes
2026-10-05T05:13:47.526219Z,KXETH15M-26OCT050115-15,0.0290,4.86,yes
2026-10-05T05:13:47.526219Z,KXETH15M-26OCT050115-15,0.0290,4.00,yes
2026-10-05T05:13:47.681827Z,KXETH15M-26OCT050115-15,0.0220,1.47,no
2026-10-05T05:13:47.681827Z,KXETH15M-26OCT050115-15,0.0220,34.08,no
2026-10-05T05:13:47.904794Z,KXETH15M-26OCT050115-15,0.0220,10.00,no
2026-10-05T05:13:47.904794Z,KXETH15M-26OCT050115-15,0.0220,3.43,no
2026-10-05T05:13:47.904794Z,KXETH15M-26OCT050115-15,0.0220,4.46,no
2026-10-05T05:13:47.904794Z,KXETH15M-26OCT050115-15,0.0220,20.62,no
2026-10-05T05:13:47.904794Z,KXETH15M-26OCT050115-15,0.0220,46.56,no
2026-10-05T05:13:47.944028Z,KXETH15M-26OCT050115-15,0.0210,29.00,no
2026-10-05T05:13:47.958674Z,KXETH15M-26OCT050115-15,0.0270,5.69,yes
2026-10-05T05:13:47.958674Z,KXETH15M-26OCT050115-15,0.0220,4.00,yes
2026-10-05T05:13:47.958674Z,KXETH15M-26OCT050115-15,0.0260,4.00,yes
2026-10-05T05:13:47.958674Z,KXETH15M-26OCT050115-15,0.0230,4.00,yes
2026-10-05T05:13:47.958674Z,KXETH15M-26OCT050115-15,0.0250,4.00,yes
2026-10-05T05:13:47.958674Z,KXETH15M-26OCT050115-15,0.0240,4.00,yes
2026-10-05T05:13:47.958674Z,KXETH15M-26OCT050115-15,0.0240,1.00,yes
2026-10-05T05:13:47.958674Z,KXETH15M-26OCT050115-15,0.0240,4.00,yes
2026-10-05T05:13:47.998253Z,KXETH15M-26OCT050115-15,0.0200,5.00,no
2026-10-05T05:13:47.998253Z,KXETH15M-26OCT050115-15,0.0210,2.00,no
2026-10-05T05:13:47.998253Z,KXETH15M-26OCT050115-15,0.0210,10.00,no
2026-10-05T05:13:47.998253Z,KXETH15M-26OCT050115-15,0.0200,50.00,no
2026-10-05T05:13:47.998253Z,KXETH15M-26OCT050115-15,0.0200,18.00,no
2026-10-05T05:13:47.998253Z,KXETH15M-26OCT050115-15,0.0200,40.00,no
2026-10-05T05:13:47.998253Z,KXETH15M-26OCT050115-15,0.0200,15.00,no
2026-10-05T05:13:47.998253Z,KXETH15M-26OCT050115-15,0.0200,1.00,no
2026-10-05T05:13:47.998253Z,KXETH15M-26OCT050115-15,0.0210,1.00,no
2026-10-05T05:13:47.998253Z,KXETH15M-26OCT050115-15,0.0210,2.00,no
2026-10-05T05:13:47.998253Z,KXETH15M-26OCT050115-15,0.0200,3.00,no
2026-10-05T05:13:47.998253Z,KXETH15M-26OCT050115-15,0.0210,3.00,no
2026-10-05T05:13:47.998253Z,KXETH15M-26OCT050115-15,0.0210,1.00,no
2026-10-05T05:13:47.998253Z,KXETH15M-26OCT050115-15,0.0200,25.00,no
2026-10-05T05:13:47.998253Z,KXETH15M-26OCT050115-15,0.0200,10.00,no
2026-10-05T05:13:48.005696Z,KXETH15M-26OCT050115-15,0.0250,0.42,yes
2026-10-05T05:13:48.11919Z,KXETH15M-26OCT050115-15,0.0200,40.00,no
2026-10-05T05:13:48.138953Z,KXETH15M-26OCT050115-15,0.0190,4.45,no
2026-10-05T05:13:48.138953Z,KXETH15M-26OCT050115-15,0.0170,30.00,no
2026-10-05T05:13:48.138953Z,KXETH15M-26OCT050115-15,0.0180,10.00,no
2026-10-05T05:13:48.138953Z,KXETH15M-26OCT050115-15,0.0180,69.00,no
2026-10-05T05:13:48.138953Z,KXETH15M-26OCT050115-15,0.0160,2.92,no
2026-10-05T05:13:48.138953Z,KXETH15M-26OCT050115-15,0.0170,4.00,no
2026-10-05T05:13:48.138953Z,KXETH15M-26OCT050115-15,0.0200,4.58,no
2026-10-05T05:13:48.14547Z,KXETH15M-26OCT050115-15,0.0240,8.00,yes
2026-10-05T05:13:48.14547Z,KXETH15M-26OCT050115-15,0.0250,8.00,yes
2026-10-05T05:13:48.14547Z,KXETH15M-26OCT050115-15,0.0260,8.89,yes
2026-10-05T05:13:48.14547Z,KXETH15M-26OCT050115-15,0.0260,4.00,yes
2026-10-05T05:13:48.14547Z,KXETH15M-26OCT050115-15,0.0250,3.58,yes
2026-10-05T05:13:48.14547Z,KXETH15M-26OCT050115-15,0.0260,4.00,yes
2026-10-05T05:13:48.368322Z,KXETH15M-26OCT050115-15,0.0170,9.98,no
2026-10-05T05:13:48.422578Z,KXETH15M-26OCT050115-15,0.0130,25.00,no
2026-10-05T05:13:48.422578Z,KXETH15M-26OCT050115-15,0.0150,50.00,no
2026-10-05T05:13:48.422578Z,KXETH15M-26OCT050115-15,0.0120,4.00,no
2026-10-05T05:13:48.422578Z,KXETH15M-26OCT050115-15,0.0150,9.00,no
2026-10-05T05:13:48.422578Z,KXETH15M-26OCT050115-15,0.0140,4.00,no
2026-10-05T05:13:48.422578Z,KXETH15M-26OCT050115-15,0.0160,12.00,no
2026-10-05T05:13:48.422578Z,KXETH15M-26OCT050115-15,0.0140,4.00,no
2026-10-05T05:13:48.422578Z,KXETH15M-26OCT050115-15,0.0130,4.00,no
2026-10-05T05:13:48.422578Z,KXETH15M-26OCT050115-15,0.0150,9.00,no
2026-10-05T05:13:48.422578Z,KXETH15M-26OCT050115-15,0.0120,100.00,no
2026-10-05T05:13:48.422578Z,KXETH15M-26OCT050115-15,0.0180,42.00,no
2026-10-05T05:13:48.422578Z,KXETH15M-26OCT050115-15,0.0150,29.00,no
2026-10-05T05:13:48.422578Z,KXETH15M-26OCT050115-15,0.0130,100.00,no
2026-10-05T05:13:48.422578Z,KXETH15M-26OCT050115-15,0.0150,4.00,no
2026-10-05T05:13:48.422578Z,KXETH15M-26OCT050115-15,0.0160,4.00,no
2026-10-05T05:13:48.422578Z,KXETH15M-26OCT050115-15,0.0160,20.00,no
2026-10-05T05:13:48.422578Z,KXETH15M-26OCT050115-15,0.0120,3.00,no
2026-10-05T05:13:48.422578Z,KXETH15M-26OCT050115-15,0.0150,1.00,no
2026-10-05T05:13:48.422578Z,KXETH15M-26OCT050115-15,0.0110,26.56,no
2026-10-05T05:13:48.422578Z,KXETH15M-26OCT050115-15,0.0110,21.00,no
2026-10-05T05:13:48.422578Z,KXETH15M-26OCT050115-15,0.0140,5.00,no
2026-10-05T05:13:48.422578Z,KXETH15M-26OCT050115-15,0.0130,5.00,no
2026-10-05T05:13:48.422578Z,KXETH15M-26OCT050115-15,0.0120,4.00,no
2026-10-05T05:13:48.422578Z,KXETH15M-26OCT050115-15,0.0150,5.00,no
2026-10-05T05:13:48.422578Z,KXETH15M-26OCT050115-15,0.0140,1.00,no
2026-10-05T05:13:48.422578Z,KXETH15M-26OCT050115-15,0.0150,1.00,no
2026-10-05T05:13:48.422578Z,KXETH15M-26OCT050115-15,0.0120,1.00,no
2026-10-05T05:13:48.422578Z,KXETH15M-26OCT050115-15,0.0130,1.00,no
2026-10-05T05:13:48.422578Z,KXETH15M-26OCT050115-15,0.0150,4.00,no
2026-10-05T05:13:48.442019Z,KXETH15M-26OCT050115-15,0.0120,4.00,no
2026-10-05T05:13:48.442019Z,KXETH15M-26OCT050115-15,0.0120,6.00,no
2026-10-05T05:13:48.442019Z,KXETH15M-26OCT050115-15,0.0110,17.69,no
2026-10-05T05:13:48.727501Z,KXETH15M-26OCT050115-15,0.0160,1.00,no
2026-10-05T05:13:48.745934Z,KXETH15M-26OCT050115-15,0.0170,1.07,yes
2026-10-05T05:13:48.858011Z,KXETH15M-26OCT050115-15,0.0170,17.61,yes
2026-10-05T05:13:48.892968Z,KXETH15M-26OCT050115-15,0.0160,11.57,no
2026-10-05T05:13:49.164989Z,KXETH15M-26OCT050115-15,0.0140,1.01,no
2026-10-05T05:13:49.406576Z,KXETH15M-26OCT050115-15,0.0140,20.00,no
2026-10-05T05:13:49.406576Z,KXETH15M-26OCT050115-15,0.0130,36.18,no
2026-10-05T05:13:49.406576Z,KXETH15M-26OCT050115-15,0.0140,39.99,no
2026-10-05T05:13:49.407321Z,KXETH15M-26OCT050115-15,0.0150,7.42,yes
2026-10-05T05:13:49.430249Z,KXETH15M-26OCT050115-15,0.0130,20.00,no
2026-10-05T05:13:49.430249Z,KXETH15M-26OCT050115-15,0.0130,36.00,no
2026-10-05T05:13:49.430249Z,KXETH15M-26OCT050115-15,0.0130,4.82,no
2026-10-05T05:13:49.430249Z,KXETH15M-26OCT050115-15,0.0120,31.18,no
2026-10-05T05:13:49.438911Z,KXETH15M-26OCT050115-15,0.0150,1.00,yes
2026-10-05T05:13:49.699736Z,KXETH15M-26OCT050115-15,0.0150,5.00,yes
2026-10-05T05:13:49.779488Z,KXETH15M-26OCT050115-15,0.0150,67.90,yes
2026-10-05T05:13:49.779488Z,KXETH15M-26OCT050115-15,0.0150,100.00,yes
2026-10-05T05:13:49.779488Z,KXETH15M-26OCT050115-15,0.0170,4.44,yes
2026-10-05T05:13:50.165293Z,KXETH15M-26OCT050115-15,0.0140,29.51,no
2026-10-05T05:13:50.235058Z,KXETH15M-26OCT050115-15,0.0140,1.01,no
2026-10-05T05:13:50.340552Z,KXETH15M-26OCT050115-15,0.0180,1.00,yes
2026-10-05T05:13:50.340552Z,KXETH15M-26OCT050115-15,0.0180,18.00,yes
2026-10-05T05:13:50.340552Z,KXETH15M-26OCT050115-15,0.0180,11.79,yes
2026-10-05T05:13:50.351799Z,KXETH15M-26OCT050115-15,0.0200,9.00,yes
2026-10-05T05:13:50.351799Z,KXETH15M-26OCT050115-15,0.0190,4.00,yes
2026-10-05T05:13:50.351799Z,KXETH15M-26OCT050115-15,0.0200,15.00,yes
2026-10-05T05:13:50.351799Z,KXETH15M-26OCT050115-15,0.0220,4.00,yes
2026-10-05T05:13:50.351799Z,KXETH15M-26OCT050115-15,0.0240,14.00,yes
2026-10-05T05:13:50.351799Z,KXETH15M-26OCT050115-15,0.0270,20.00,yes
2026-10-05T05:13:50.351799Z,KXETH15M-26OCT050115-15,0.0250,9.00,yes
2026-10-05T05:13:50.351799Z,KXETH15M-26OCT050115-15,0.0240,1.01,yes
2026-10-05T05:13:50.351799Z,KXETH15M-26OCT050115-15,0.0200,4.00,yes
2026-10-05T05:13:50.351799Z,KXETH15M-26OCT050115-15,0.0200,4.00,yes
2026-10-05T05:13:50.351799Z,KXETH15M-26OCT050115-15,0.0210,4.00,yes
2026-10-05T05:13:50.351799Z,KXETH15M-26OCT050115-15,0.0250,9.00,yes
2026-10-05T05:13:50.351799Z,KXETH15M-26OCT050115-15,0.0260,2.63,yes
2026-10-05T05:13:50.351799Z,KXETH15M-26OCT050115-15,0.0210,4.00,yes
2026-10-05T05:13:50.351799Z,KXETH15M-26OCT050115-15,0.0180,8.21,yes
2026-10-05T05:13:50.351799Z,KXETH15M-26OCT050115-15,0.0280,34.08,yes
2026-10-05T05:13:50.351799Z,KXETH15M-26OCT050115-15,0.0280,1.47,yes
2026-10-05T05:13:50.351799Z,KXETH15M-26OCT050115-15,0.0280,14.00,yes
2026-10-05T05:13:51.390367Z,KXETH15M-26OCT050115-15,0.0240,4.00,yes
2026-10-05T05:13:51.390367Z,KXETH15M-26OCT050115-15,0.0220,4.00,yes
2026-10-05T05:13:51.390367Z,KXETH15M-26OCT050115-15,0.0250,9.00,yes
2026-10-05T05:13:51.390367Z,KXETH15M-26OCT050115-15,0.0180,1.00,yes
2026-10-05T05:13:51.390367Z,KXETH15M-26OCT050115-15,0.0250,2.57,yes
2026-10-05T05:13:51.390367Z,KXETH15M-26OCT050115-15,0.0170,18.00,yes
2026-10-05T05:13:51.390367Z,KXETH15M-26OCT050115-15,0.0270,20.00,yes
2026-10-05T05:13:51.390367Z,KXETH15M-26OCT050115-15,0.0230,4.00,yes
2026-10-05T05:13:51.390367Z,KXETH15M-26OCT050115-15,0.0230,4.00,yes
2026-10-05T05:13:51.390367Z,KXETH15M-26OCT050115-15,0.0220,4.00,yes
2026-10-05T05:13:51.390367Z,KXETH15M-26OCT050115-15,0.0240,4.00,yes
2026-10-05T05:13:51.390367Z,KXETH15M-26OCT050115-15,0.0260,6.00,yes
2026-10-05T05:13:51.390367Z,KXETH15M-26OCT050115-15,0.0230,11.00,yes
2026-10-05T05:13:51.390367Z,KXETH15M-26OCT050115-15,0.0170,3.00,yes
2026-10-05T05:13:51.390367Z,KXETH15M-26OCT050115-15,0.0160,19.00,yes
2026-10-05T05:13:51.390367Z,KXETH15M-26OCT050115-15,0.0220,13.00,yes
2026-10-05T05:13:51.390367Z,KXETH15M-26OCT050115-15,0.0280,4.46,yes
2026-10-05T05:13:51.390367Z,KXETH15M-26OCT050115-15,0.0280,32.56,yes
2026-10-05T05:13:51.390367Z,KXETH15M-26OCT050115-15,0.0290,16.70,yes
2026-10-05T05:13:51.390367Z,KXETH15M-26OCT050115-15,0.0280,3.43,yes
2026-10-05T05:13:51.44877Z,KXETH15M-26OCT050115-15,0.0210,4.00,yes
2026-10-05T05:13:51.44877Z,KXETH15M-26OCT050115-15,0.0240,17.64,yes
2026-10-05T05:13:51.555658Z,KXETH15M-26OCT050115-15,0.0220,3.43,no
2026-10-05T05:13:51.555658Z,KXETH15M-26OCT050115-15,0.0220,3.57,no
2026-10-05T05:13:51.556878Z,KXETH15M-26OCT050115-15,0.0170,8.11,no
2026-10-05T05:13:51.556878Z,KXETH15M-26OCT050115-15,0.0220,0.89,no
2026-10-05T05:13:51.863881Z,KXETH15M-26OCT050115-15,0.0190,5.63,yes
2026-10-05T05:13:51.905683Z,KXETH15M-26OCT050115-15,0.0150,20.00,no
2026-10-05T05:13:51.905683Z,KXETH15M-26OCT050115-15,0.0140,4.00,no
2026-10-05T05:13:51.905683Z,KXETH15M-26OCT050115-15,0.0140,7.69,no
2026-10-05T05:13:51.905683Z,KXETH15M-26OCT050115-15,0.0140,4.00,no
2026-10-05T05:13:51.905683Z,KXETH15M-26OCT050115-15,0.0150,12.00,no
2026-10-05T05:13:51.905683Z,KXETH15M-26OCT050115-15,0.0160,4.00,no
2026-10-05T05:13:51.905683Z,KXETH15M-26OCT050115-15,0.0160,6.00,no
2026-10-05T05:13:51.905683Z,KXETH15M-26OCT050115-15,0.0150,4.00,no
2026-10-05T05:13:51.905683Z,KXETH15M-26OCT050115-15,0.0150,4.00,no
2026-10-05T05:13:52.175717Z,KXETH15M-26OCT050115-15,0.0150,32.56,no
2026-10-05T05:13:52.175717Z,KXETH15M-26OCT050115-15,0.0150,4.00,no
2026-10-05T05:13:52.175717Z,KXETH15M-26OCT050115-15,0.0150,12.00,no
2026-10-05T05:13:52.175717Z,KXETH15M-26OCT050115-15,0.0140,9.58,no
2026-10-05T05:13:52.175717Z,KXETH15M-26OCT050115-15,0.0140,41.86,no
2026-10-05T05:13:52.344626Z,KXETH15M-26OCT050115-15,0.0200,41.40,yes
2026-10-05T05:13:52.344626Z,KXETH15M-26OCT050115-15,0.0180,20.00,yes
2026-10-05T05:13:52.344626Z,KXETH15M-26OCT050115-15,0.0200,7.69,yes
2026-10-05T05:13:52.344626Z,KXETH15M-26OCT050115-15,0.0180,19.00,yes
2026-10-05T05:13:52.403852Z,KXETH15M-26OCT050115-15,0.0130,14.89,no
2026-10-05T05:13:52.403852Z,KXETH15M-26OCT050115-15,0.0140,12.00,no
2026-10-05T05:13:52.403852Z,KXETH15M-26OCT050115-15,0.0140,4.00,no
2026-10-05T05:13:52.403852Z,KXETH15M-26OCT050115-15,0.0140,4.00,no
2026-10-05T05:13:52.403852Z,KXETH15M-26OCT050115-15,0.0140,10.42,no
2026-10-05T05:13:52.608752Z,KXETH15M-26OCT050115-15,0.0130,1.01,no
2026-10-05T05:13:52.768231Z,KXETH15M-26OCT050115-15,0.0190,6.55,yes
2026-10-05T05:13:52.823462Z,KXETH15M-26OCT050115-15,0.0200,0.46,yes
2026-10-05T05:13:52.823462Z,KXETH15M-26OCT050115-15,0.0200,5.27,yes
2026-10-05T05:13:52.823462Z,KXETH15M-26OCT050115-15,0.0190,21.00,yes
2026-10-05T05:13:52.823462Z,KXETH15M-26OCT050115-15,0.0180,7.00,yes
2026-10-05T05:13:52.916331Z,KXETH15M-26OCT050115-15,0.0200,6.00,yes
2026-10-05T05:13:52.916331Z,KXETH15M-26OCT050115-15,0.0200,12.00,yes
2026-10-05T05:13:52.916331Z,KXETH15M-26OCT050115-15,0.0190,11.00,yes
2026-10-05T05:13:52.916331Z,KXETH15M-26OCT050115-15,0.0200,14.73,yes
2026-10-05T05:13:53.016348Z,KXETH15M-26OCT050115-15,0.0200,39.00,no
2026-10-05T05:13:53.096467Z,KXETH15M-26OCT050115-15,0.0200,10.00,no
2026-10-05T05:13:53.217734Z,KXETH15M-26OCT050115-15,0.0210,1.13,yes
2026-10-05T05:13:53.439654Z,KXETH15M-26OCT050115-15,0.0200,24.00,no
2026-10-05T05:13:53.779089Z,KXETH15M-26OCT050115-15,0.0200,10.95,no
2026-10-05T05:13:53.794409Z,KXETH15M-26OCT050115-15,0.0210,4.00,yes
2026-10-05T05:13:53.794409Z,KXETH15M-26OCT050115-15,0.0210,5.13,yes
2026-10-05T05:13:53.794409Z,KXETH15M-26OCT050115-15,0.0210,31.43,yes
2026-10-05T05:13:53.794409Z,KXETH15M-26OCT050115-15,0.0210,4.00,yes
2026-10-05T05:13:53.903935Z,KXETH15M-26OCT050115-15,0.0200,3.00,no
2026-10-05T05:13:54.072492Z,KXETH15M-26OCT050115-15,0.0210,24.14,yes
2026-10-05T05:13:54.185557Z,KXETH15M-26OCT050115-15,0.0210,222.82,yes
2026-10-05T05:13:54.249315Z,KXETH15M-26OCT050115-15,0.0200,280.93,no
2026-10-05T05:13:54.254357Z,KXETH15M-26OCT050115-15,0.0210,44.56,yes
2026-10-05T05:13:54.401847Z,KXETH15M-26OCT050115-15,0.0200,7.60,no
2026-10-05T05:13:54.621394Z,KXETH15M-26OCT050115-15,0.0200,4.00,no
2026-10-05T05:13:54.647723Z,KXETH15M-26OCT050115-15,0.0200,4.00,no
2026-10-05T05:13:54.653025Z,KXETH15M-26OCT050115-15,0.0200,1.01,no
2026-10-05T05:13:54.658572Z,KXETH15M-26OCT050115-15,0.0200,1.22,no
2026-10-05T05:13:54.658676Z,KXETH15M-26OCT050115-15,0.0200,2.00,no
2026-10-05T05:13:54.665618Z,KXETH15M-26OCT050115-15,0.0200,1.00,no
2026-10-05T05:13:54.687624Z,KXETH15M-26OCT050115-15,0.0200,1.00,no
2026-10-05T05:13:54.693926Z,KXETH15M-26OCT050115-15,0.0200,1.00,no
2026-10-05T05:13:55.147198Z,KXETH15M-26OCT050115-15,0.0210,89.13,yes
2026-10-05T05:13:55.370373Z,KXETH15M-26OCT050115-15,0.0210,2.00,yes
2026-10-05T05:13:55.685756Z,KXETH15M-26OCT050115-15,0.0200,20.03,no
2026-10-05T05:13:55.685756Z,KXETH15M-26OCT050115-15,0.0200,65.56,no
2026-10-05T05:13:55.899016Z,KXETH15M-26OCT050115-15,0.0200,62.00,no
2026-10-05T05:13:56.097847Z,KXETH15M-26OCT050115-15,0.0160,7.92,no
2026-10-05T05:13:56.097847Z,KXETH15M-26OCT050115-15,0.0200,0.08,no
2026-10-05T05:13:56.219383Z,KXETH15M-26OCT050115-15,0.0140,12.93,no
2026-10-05T05:13:57.045127Z,KXETH15M-26OCT050115-15,0.0150,9.98,yes
2026-10-05T05:13:57.100282Z,KXETH15M-26OCT050115-15,0.0120,1.71,no
2026-10-05T05:13:57.179978Z,KXETH15M-26OCT050115-15,0.0120,7.00,no
2026-10-05T05:13:57.373218Z,KXETH15M-26OCT050115-15,0.0130,4.08,yes
2026-10-05T05:13:57.39509Z,KXETH15M-26OCT050115-15,0.0130,12.24,yes
2026-10-05T05:13:57.39509Z,KXETH15M-26OCT050115-15,0.0140,4.00,yes
2026-10-05T05:13:57.39509Z,KXETH15M-26OCT050115-15,0.0140,9.00,yes
2026-10-05T05:13:57.39509Z,KXETH15M-26OCT050115-15,0.0170,0.89,yes
2026-10-05T05:13:57.39509Z,KXETH15M-26OCT050115-15,0.0150,17.00,yes
2026-10-05T05:13:57.510162Z,KXETH15M-26OCT050115-15,0.0170,24.00,yes
2026-10-05T05:13:57.510162Z,KXETH15M-26OCT050115-15,0.0170,11.00,yes
2026-10-05T05:13:57.540915Z,KXETH15M-26OCT050115-15,0.0170,20.00,no
2026-10-05T05:13:58.00297Z,KXETH15M-26OCT050115-15,0.0130,48.00,no
2026-10-05T05:13:58.00297Z,KXETH15M-26OCT050115-15,0.0120,20.00,no
2026-10-05T05:13:58.00297Z,KXETH15M-26OCT050115-15,0.0120,12.00,no
2026-10-05T05:13:58.00297Z,KXETH15M-26OCT050115-15,0.0130,6.00,no
2026-10-05T05:13:58.00297Z,KXETH15M-26OCT050115-15,0.0110,3.88,no
2026-10-05T05:13:58.00297Z,KXETH15M-26OCT050115-15,0.0110,92.11,no
2026-10-05T05:13:58.194309Z,KXETH15M-26OCT050115-15,0.0110,4.88,no
2026-10-05T05:13:58.194309Z,KXETH15M-26OCT050115-15,0.0110,10.00,no
2026-10-05T05:13:58.194309Z,KXETH15M-26OCT050115-15,0.0110,0.12,no
2026-10-05T05:13:58.21939Z,KXETH15M-26OCT050115-15,0.0110,10.00,no
2026-10-05T05:13:58.516436Z,KXETH15M-26OCT050115-15,0.0200,4.00,yes
2026-10-05T05:13:58.516436Z,KXETH15M-26OCT050115-15,0.0180,4.00,yes
2026-10-05T05:13:58.516436Z,KXETH15M-26OCT050115-15,0.0200,4.00,yes
2026-10-05T05:13:58.516436Z,KXETH15M-26OCT050115-15,0.0170,19.00,yes
2026-10-05T05:13:58.516436Z,KXETH15M-26OCT050115-15,0.0190,4.00,yes
2026-10-05T05:13:58.516436Z,KXETH15M-26OCT050115-15,0.0190,4.00,yes
2026-10-05T05:13:58.516436Z,KXETH15M-26OCT050115-15,0.0200,3.78,yes
2026-10-05T05:13:58.516436Z,KXETH15M-26OCT050115-15,0.0180,4.00,yes
2026-10-05T05:13:58.516436Z,KXETH15M-26OCT050115-15,0.0170,2.00,yes
2026-10-05T05:13:59.035123Z,KXETH15M-26OCT050115-15,0.0150,17.40,yes
2026-10-05T05:13:59.317856Z,KXETH15M-26OCT050115-15,0.0110,19.19,no
2026-10-05T05:13:59.730106Z,KXETH15M-26OCT050115-15,0.0110,20.00,no
2026-10-05T05:13:59.730106Z,KXETH15M-26OCT050115-15,0.0110,12.00,no
2026-10-05T05:13:59.730106Z,KXETH15M-26OCT050115-15,0.0110,51.00,no
2026-10-05T05:13:59.730106Z,KXETH15M-26OCT050115-15,0.0110,1.00,no
2026-10-05T05:13:59.730106Z,KXETH15M-26OCT050115-15,0.0110,2.00,no
2026-10-05T05:13:59.730106Z,KXETH15M-26OCT050115-15,0.0110,65.93,no
2026-10-05T05:13:59.730106Z,KXETH15M-26OCT050115-15,0.0110,20.00,no
2026-10-05T05:13:59.730106Z,KXETH15M-26OCT050115-15,0.0110,2.00,no
2026-10-05T05:13:59.730106Z,KXETH15M-26OCT050115-15,0.0100,97.10,no
2026-10-05T05:13:59.730106Z,KXETH15M-26OCT050115-15,0.0100,50.00,no
2026-10-05T05:13:59.730106Z,KXETH15M-26OCT050115-15,0.0100,1.00,no
2026-10-05T05:13:59.843849Z,KXETH15M-26OCT050115-15,0.0120,30.00,yes
2026-10-05T05:13:59.843849Z,KXETH15M-26OCT050115-15,0.0120,18.00,yes
2026-10-05T05:14:00.030417Z,KXETH15M-26OCT050115-15,0.0130,1.01,no
2026-10-05T05:14:00.048938Z,KXETH15M-26OCT050115-15,0.0110,20.00,no
2026-10-05T05:14:00.048938Z,KXETH15M-26OCT050115-15,0.0130,20.99,no
2026-10-05T05:14:00.048938Z,KXETH15M-26OCT050115-15,0.0130,22.00,no
2026-10-05T05:14:00.048938Z,KXETH15M-26OCT050115-15,0.0110,12.00,no
2026-10-05T05:14:00.048938Z,KXETH15M-26OCT050115-15,0.0100,45.01,no
2026-10-05T05:14:00.060923Z,KXETH15M-26OCT050115-15,0.0100,7.89,no
2026-10-05T05:14:00.060923Z,KXETH15M-26OCT050115-15,0.0100,2.11,no
2026-10-05T05:14:00.084026Z,KXETH15M-26OCT050115-15,0.0100,20.00,no
2026-10-05T05:14:00.234899Z,KXETH15M-26OCT050115-15,0.0100,11.00,no
2026-10-05T05:14:00.242636Z,KXETH15M-26OCT050115-15,0.0100,5.00,no
2026-10-05T05:14:00.352705Z,KXETH15M-26OCT050115-15,0.0100,25.00,no
2026-10-05T05:14:00.704087Z,KXETH15M-26OCT050115-15,0.0100,10.00,no
2026-10-05T05:14:00.775713Z,KXETH15M-26OCT050115-15,0.0110,11.00,yes
2026-10-05T05:14:00.775713Z,KXETH15M-26OCT050115-15,0.0110,3.00,yes
2026-10-05T05:14:00.775713Z,KXETH15M-26OCT050115-15,0.0110,20.00,yes
2026-10-05T05:14:00.775713Z,KXETH15M-26OCT050115-15,0.0110,5.00,yes
2026-10-05T05:14:00.775713Z,KXETH15M-26OCT050115-15,0.0110,6.44,yes
2026-10-05T05:14:00.775713Z,KXETH15M-26OCT050115-15,0.0110,25.00,yes
2026-10-05T05:14:00.775713Z,KXETH15M-26OCT050115-15,0.0110,2.11,yes
2026-10-05T05:14:00.775713Z,KXETH15M-26OCT050115-15,0.0110,5.00,yes
2026-10-05T05:14:00.891714Z,KXETH15M-26OCT050115-15,0.0100,1.38,no
2026-10-05T05:14:00.971877Z,KXETH15M-26OCT050115-15,0.0100,9.00,no
2026-10-05T05:14:01.02705Z,KXETH15M-26OCT050115-15,0.0100,7.00,no
2026-10-05T05:14:01.02705Z,KXETH15M-26OCT050115-15,0.0100,2.00,no
2026-10-05T05:14:01.02705Z,KXETH15M-26OCT050115-15,0.0100,15.47,no
2026-10-05T05:14:01.02705Z,KXETH15M-26OCT050115-15,0.0100,0.40,no
2026-10-05T05:14:01.02705Z,KXETH15M-26OCT050115-15,0.0100,29.49,no
2026-10-05T05:14:01.02705Z,KXETH15M-26OCT050115-15,0.0100,2.59,no
2026-10-05T05:14:01.02705Z,KXETH15M-26OCT050115-15,0.0100,17.00,no
2026-10-05T05:14:01.02705Z,KXETH15M-26OCT050115-15,0.0090,22.00,no
2026-10-05T05:14:01.02705Z,KXETH15M-26OCT050115-15,0.0100,12.52,no
2026-10-05T05:14:01.02705Z,KXETH15M-26OCT050115-15,0.0100,13.27,no
2026-10-05T05:14:01.02705Z,KXETH15M-26OCT050115-15,0.0100,11.51,no
2026-10-05T05:14:01.02705Z,KXETH15M-26OCT050115-15,0.0100,29.02,no
2026-10-05T05:14:01.02705Z,KXETH15M-26OCT050115-15,0.0100,23.21,no
2026-10-05T05:14:01.02705Z,KXETH15M-26OCT050115-15,0.0100,100.00,no
2026-10-05T05:14:01.02705Z,KXETH15M-26OCT050115-15,0.0100,6.59,no
2026-10-05T05:14:01.02705Z,KXETH15M-26OCT050115-15,0.0100,25.00,no
2026-10-05T05:14:01.02705Z,KXETH15M-26OCT050115-15,0.0080,100.00,no
2026-10-05T05:14:01.02705Z,KXETH15M-26OCT050115-15,0.0100,4.00,no
2026-10-05T05:14:01.02705Z,KXETH15M-26OCT050115-15,0.0070,53.42,no
2026-10-05T05:14:01.02705Z,KXETH15M-26OCT050115-15,0.0100,16.51,no
2026-10-05T05:14:01.02705Z,KXETH15M-26OCT050115-15,0.0090,100.00,no
2026-10-05T05:14:01.076337Z,KXETH15M-26OCT050115-15,0.0070,41.00,no
2026-10-05T05:14:01.076337Z,KXETH15M-26OCT050115-15,0.0070,13.00,no
2026-10-05T05:14:01.076337Z,KXETH15M-26OCT050115-15,0.0060,4.42,no
2026-10-05T05:14:01.076337Z,KXETH15M-26OCT050115-15,0.0070,4.00,no
2026-10-05T05:14:01.076337Z,KXETH15M-26OCT050115-15,0.0060,4.00,no
2026-10-05T05:14:01.076337Z,KXETH15M-26OCT050115-15,0.0060,4.00,no
2026-10-05T05:14:01.076337Z,KXETH15M-26OCT050115-15,0.0070,4.00,no
2026-10-05T05:14:01.076337Z,KXETH15M-26OCT050115-15,0.0060,100.00,no
2026-10-05T05:14:01.076337Z,KXETH15M-26OCT050115-15,0.0070,46.58,no
2026-10-05T05:14:01.084931Z,KXETH15M-26OCT050115-15,0.0090,15.00,yes
2026-10-05T05:14:01.084931Z,KXETH15M-26OCT050115-15,0.0100,44.02,yes
2026-10-05T05:14:01.084931Z,KXETH15M-26OCT050115-15,0.0090,2.00,yes
2026-10-05T05:14:01.084931Z,KXETH15M-26OCT050115-15,0.0090,24.00,yes
2026-10-05T05:14:01.198465Z,KXETH15M-26OCT050115-15,0.0080,0.09,yes
2026-10-05T05:14:01.225469Z,KXETH15M-26OCT050115-15,0.0070,1.00,no
2026-10-05T05:14:01.378474Z,KXETH15M-26OCT050115-15,0.0080,2.00,yes
2026-10-05T05:14:01.58916Z,KXETH15M-26OCT050115-15,0.0070,7.76,no
2026-10-05T05:14:01.870217Z,KXETH15M-26OCT050115-15,0.0060,13.00,no
2026-10-05T05:14:01.870217Z,KXETH15M-26OCT050115-15,0.0070,100.24,no
2026-10-05T05:14:01.870217Z,KXETH15M-26OCT050115-15,0.0060,36.58,no
2026-10-05T05:14:01.870217Z,KXETH15M-26OCT050115-15,0.0050,41.00,no
2026-10-05T05:14:01.870217Z,KXETH15M-26OCT050115-15,0.0070,22.00,no
2026-10-05T05:14:01.870217Z,KXETH15M-26OCT050115-15,0.0060,22.00,no
2026-10-05T05:14:01.870217Z,KXETH15M-26OCT050115-15,0.0070,20.00,no
2026-10-05T05:14:01.870217Z,KXETH15M-26OCT050115-15,0.0050,44.00,no
2026-10-05T05:14:01.870217Z,KXETH15M-26OCT050115-15,0.0050,100.00,no
2026-10-05T05:14:01.870217Z,KXETH15M-26OCT050115-15,0.0050,11.00,no
2026-10-05T05:14:01.870217Z,KXETH15M-26OCT050115-15,0.0040,493.18,no
2026-10-05T05:14:01.870217Z,KXETH15M-26OCT050115-15,0.0050,100.00,no
2026-10-05T05:14:01.917946Z,KXETH15M-26OCT050115-15,0.0050,41.00,no
2026-10-05T05:14:01.917946Z,KXETH15M-26OCT050115-15,0.0050,12.00,no
2026-10-05T05:14:01.917946Z,KXETH15M-26OCT050115-15,0.0050,20.00,no
2026-10-05T05:14:01.952867Z,KXETH15M-26OCT050115-15,0.0050,9.85,no
2026-10-05T05:14:02.1233Z,KXETH15M-26OCT050115-15,0.0050,12.00,no
2026-10-05T05:14:02.1233Z,KXETH15M-26OCT050115-15,0.0050,31.15,no
2026-10-05T05:14:02.186021Z,KXETH15M-26OCT050115-15,0.0070,0.90,yes
2026-10-05T05:14:02.227367Z,KXETH15M-26OCT050115-15,0.0050,1.00,no
2026-10-05T05:14:02.495572Z,KXETH15M-26OCT050115-15,0.0070,34.53,yes
2026-10-05T05:14:02.694555Z,KXETH15M-26OCT050115-15,0.0050,19.00,no
2026-10-05T05:14:02.694555Z,KXETH15M-26OCT050115-15,0.0050,12.00,no
2026-10-05T05:14:02.694555Z,KXETH15M-26OCT050115-15,0.0050,41.00,no
2026-10-05T05:14:02.89087Z,KXETH15M-26OCT050115-15,0.0040,31.82,no
2026-10-05T05:14:03.248902Z,KXETH15M-26OCT050115-15,0.0040,25.09,no
2026-10-05T05:14:03.276437Z,KXETH15M-26OCT050115-15,0.0060,19.00,yes
2026-10-05T05:14:03.276437Z,KXETH15M-26OCT050115-15,0.0070,100.00,yes
2026-10-05T05:14:03.276437Z,KXETH15M-26OCT050115-15,0.0060,64.57,yes
2026-10-05T05:14:03.276437Z,KXETH15M-26OCT050115-15,0.0070,3.50,yes
2026-10-05T05:14:03.373956Z,KXETH15M-26OCT050115-15,0.0040,6.80,no
2026-10-05T05:14:03.620143Z,KXETH15M-26OCT050115-15,0.0040,6.11,no
2026-10-05T05:14:03.620143Z,KXETH15M-26OCT050115-15,0.0040,4.39,no
2026-10-05T05:14:03.659909Z,KXETH15M-26OCT050115-15,0.0070,3.00,yes
2026-10-05T05:14:03.659909Z,KXETH15M-26OCT050115-15,0.0060,4.39,yes
2026-10-05T05:14:03.659909Z,KXETH15M-26OCT050115-15,0.0070,20.00,yes
2026-10-05T05:14:03.659909Z,KXETH15M-26OCT050115-15,0.0070,20.00,yes
2026-10-05T05:14:03.659909Z,KXETH15M-26OCT050115-15,0.0070,20.00,yes
2026-10-05T05:14:03.878977Z,KXETH15M-26OCT050115-15,0.0060,1.11,yes
2026-10-05T05:14:03.974069Z,KXETH15M-26OCT050115-15,0.0060,32.00,yes
2026-10-05T05:14:03.974069Z,KXETH15M-26OCT050115-15,0.0060,15.89,yes
2026-10-05T05:14:03.974069Z,KXETH15M-26OCT050115-15,0.0070,20.00,yes
2026-10-05T05:14:03.974069Z,KXETH15M-26OCT050115-15,0.0070,17.61,yes
2026-10-05T05:14:04.613493Z,KXETH15M-26OCT050115-15,0.0060,43.00,yes
2026-10-05T05:14:04.613493Z,KXETH15M-26OCT050115-15,0.0070,20.00,yes
2026-10-05T05:14:04.613493Z,KXETH15M-26OCT050115-15,0.0060,20.00,yes
2026-10-05T05:14:04.613493Z,KXETH15M-26OCT050115-15,0.0070,20.00,yes
2026-10-05T05:14:04.730308Z,KXETH15M-26OCT050115-15,0.0070,5.00,no
2026-10-05T05:14:05.079044Z,KXETH15M-26OCT050115-15,0.0040,10.00,no
2026-10-05T05:14:05.079044Z,KXETH15M-26OCT050115-15,0.0040,20.00,no
2026-10-05T05:14:05.079044Z,KXETH15M-26OCT050115-15,0.0040,41.00,no
2026-10-05T05:14:05.079044Z,KXETH15M-26OCT050115-15,0.0030,41.00,no
2026-10-05T05:14:05.079044Z,KXETH15M-26OCT050115-15,0.0030,100.00,no
2026-10-05T05:14:05.079044Z,KXETH15M-26OCT050115-15,0.0040,95.61,no
2026-10-05T05:14:05.079044Z,KXETH15M-26OCT050115-15,0.0030,400.00,no
2026-10-05T05:14:05.079044Z,KXETH15M-26OCT050115-15,0.0020,719.39,no
2026-10-05T05:14:05.079044Z,KXETH15M-26OCT050115-15,0.0030,2.00,no
2026-10-05T05:14:05.079044Z,KXETH15M-26OCT050115-15,0.0040,1.00,no
2026-10-05T05:14:05.079044Z,KXETH15M-26OCT050115-15,0.0040,1.00,no
2026-10-05T05:14:05.079044Z,KXETH15M-26OCT050115-15,0.0030,2.00,no
2026-10-05T05:14:05.079044Z,KXETH15M-26OCT050115-15,0.0040,1.00,no
2026-10-05T05:14:05.079044Z,KXETH15M-26OCT050115-15,0.0040,1.00,no
2026-10-05T05:14:05.079044Z,KXETH15M-26OCT050115-15,0.0030,2.00,no
2026-10-05T05:14:05.079044Z,KXETH15M-26OCT050115-15,0.0030,2.00,no
2026-10-05T05:14:05.079044Z,KXETH15M-26OCT050115-15,0.0040,1.00,no
2026-10-05T05:14:05.079044Z,KXETH15M-26OCT050115-15,0.0030,2.00,no
2026-10-05T05:14:05.079044Z,KXETH15M-26OCT050115-15,0.0040,13.00,no
2026-10-05T05:14:05.079044Z,KXETH15M-26OCT050115-15,0.0030,18.00,no
2026-10-05T05:14:05.121173Z,KXETH15M-26OCT050115-15,0.0020,635.00,no
2026-10-05T05:14:05.22987Z,KXETH15M-26OCT050115-15,0.0050,60.91,yes
2026-10-05T05:14:05.409458Z,KXETH15M-26OCT050115-15,0.0050,56.92,yes
2026-10-05T05:14:05.409458Z,KXETH15M-26OCT050115-15,0.0050,34.70,yes
2026-10-05T05:14:06.102762Z,KXETH15M-26OCT050115-15,0.0050,54.97,yes
2026-10-05T05:14:06.102762Z,KXETH15M-26OCT050115-15,0.0040,100.00,yes
2026-10-05T05:14:06.102762Z,KXETH15M-26OCT050115-15,0.0040,12.00,yes
2026-10-05T05:14:06.102762Z,KXETH15M-26OCT050115-15,0.0040,20.00,yes
2026-10-05T05:14:06.900554Z,KXETH15M-26OCT050115-15,0.0040,9.85,yes
2026-10-05T05:14:06.902463Z,KXETH15M-26OCT050115-15,0.0050,520.11,yes
2026-10-05T05:14:06.902463Z,KXETH15M-26OCT050115-15,0.0040,2.15,yes
2026-10-05T05:14:06.902463Z,KXETH15M-26OCT050115-15,0.0040,29.00,yes
2026-10-05T05:14:06.902463Z,KXETH15M-26OCT050115-15,0.0040,6.00,yes
2026-10-05T05:14:06.902463Z,KXETH15M-26OCT050115-15,0.0040,20.00,yes
2026-10-05T05:14:07.335436Z,KXETH15M-26OCT050115-15,0.0040,5.63,yes
2026-10-05T05:14:08.010203Z,KXETH15M-26OCT050115-15,0.0020,36.00,no
2026-10-05T05:14:08.328476Z,KXETH15M-26OCT050115-15,0.0040,14.37,yes
2026-10-05T05:14:08.328476Z,KXETH15M-26OCT050115-15,0.0040,16.10,yes
2026-10-05T05:14:08.396035Z,KXETH15M-26OCT050115-15,0.0020,11.00,no
2026-10-05T05:14:08.46034Z,KXETH15M-26OCT050115-15,0.0040,3.00,yes
2026-10-05T05:14:08.46034Z,KXETH15M-26OCT050115-15,0.0040,82.00,yes
2026-10-05T05:14:08.46034Z,KXETH15M-26OCT050115-15,0.0040,3.00,yes
2026-10-05T05:14:08.46034Z,KXETH15M-26OCT050115-15,0.0040,20.00,yes
2026-10-05T05:14:08.46034Z,KXETH15M-26OCT050115-15,0.0050,33.92,yes
2026-10-05T05:14:08.46034Z,KXETH15M-26OCT050115-15,0.0040,20.00,yes
2026-10-05T05:14:08.46034Z,KXETH15M-26OCT050115-15,0.0040,43.90,yes
2026-10-05T05:14:08.869884Z,KXETH15M-26OCT050115-15,0.0040,20.00,yes
2026-10-05T05:14:08.878987Z,KXETH15M-26OCT050115-15,0.0040,16.00,yes
2026-10-05T05:14:08.882565Z,KXETH15M-26OCT050115-15,0.0040,4.00,yes
2026-10-05T05:14:08.889637Z,KXETH15M-26OCT050115-15,0.0040,16.00,yes
2026-10-05T05:14:08.899066Z,KXETH15M-26OCT050115-15,0.0040,1.00,yes
2026-10-05T05:14:08.903599Z,KXETH15M-26OCT050115-15,0.0040,10.00,yes
2026-10-05T05:14:08.907455Z,KXETH15M-26OCT050115-15,0.0040,9.00,yes
2026-10-05T05:14:08.915303Z,KXETH15M-26OCT050115-15,0.0040,6.00,yes
2026-10-05T05:14:08.923456Z,KXETH15M-26OCT050115-15,0.0040,5.00,yes
2026-10-05T05:14:08.931019Z,KXETH15M-26OCT050115-15,0.0040,1.00,yes
2026-10-05T05:14:08.938881Z,KXETH15M-26OCT050115-15,0.0040,1.00,yes
2026-10-05T05:14:08.94252Z,KXETH15M-26OCT050115-15,0.0040,7.00,yes
2026-10-05T05:14:08.951636Z,KXETH15M-26OCT050115-15,0.0040,6.00,yes
2026-10-05T05:14:08.960951Z,KXETH15M-26OCT050115-15,0.0040,14.00,yes
2026-10-05T05:14:08.960951Z,KXETH15M-26OCT050115-15,0.0040,6.00,yes
2026-10-05T05:14:09.710351Z,KXETH15M-26OCT050115-15,0.0030,12.00,yes
2026-10-05T05:14:09.710351Z,KXETH15M-26OCT050115-15,0.0030,0.10,yes
2026-10-05T05:14:10.068323Z,KXETH15M-26OCT050115-15,0.0020,40.00,no
2026-10-05T05:14:10.068323Z,KXETH15M-26OCT050115-15,0.0020,3.08,no
2026-10-05T05:14:10.074236Z,KXETH15M-26OCT050115-15,0.0020,53.47,no
2026-10-05T05:14:10.102899Z,KXETH15M-26OCT050115-15,0.0020,7.00,no
2026-10-05T05:14:10.102899Z,KXETH15M-26OCT050115-15,0.0020,380.00,no
2026-10-05T05:14:10.102899Z,KXETH15M-26OCT050115-15,0.0020,15.00,no
2026-10-05T05:14:10.102899Z,KXETH15M-26OCT050115-15,0.0020,5.00,no
2026-10-05T05:14:10.102899Z,KXETH15M-26OCT050115-15,0.0020,43.45,no
2026-10-05T05:14:10.102899Z,KXETH15M-26OCT050115-15,0.0020,3.00,no
2026-10-05T05:14:10.102899Z,KXETH15M-26OCT050115-15,0.0020,3.00,no
2026-10-05T05:14:10.102899Z,KXETH15M-26OCT050115-15,0.0020,3.00,no
2026-10-05T05:14:10.102899Z,KXETH15M-26OCT050115-15,0.0020,26.00,no
2026-10-05T05:14:10.102899Z,KXETH15M-26OCT050115-15,0.0020,3.00,no
2026-10-05T05:14:10.102899Z,KXETH15M-26OCT050115-15,0.0020,3.00,no
2026-10-05T05:14:10.110112Z,KXETH15M-26OCT050115-15,0.0040,20.00,yes
2026-10-05T05:14:10.110112Z,KXETH15M-26OCT050115-15,0.0040,38.00,yes
2026-10-05T05:14:10.110112Z,KXETH15M-26OCT050115-15,0.0030,53.47,yes
2026-10-05T05:14:10.110112Z,KXETH15M-26OCT050115-15,0.0030,3.08,yes
2026-10-05T05:14:10.110112Z,KXETH15M-26OCT050115-15,0.0020,143.55,yes
2026-10-05T05:14:10.110112Z,KXETH15M-26OCT050115-15,0.0040,20.00,yes
2026-10-05T05:14:10.111937Z,KXETH15M-26OCT050115-15,0.0020,7.00,no
2026-10-05T05:14:10.337394Z,KXETH15M-26OCT050115-15,0.0020,85.59,yes
2026-10-05T05:14:10.486118Z,KXETH15M-26OCT050115-15,0.0020,89.41,yes
2026-10-05T05:14:10.486118Z,KXETH15M-26OCT050115-15,0.0030,38.59,yes
2026-10-05T05:14:10.532588Z,KXETH15M-26OCT050115-15,0.0010,101.21,no
2026-10-05T05:14:10.532588Z,KXETH15M-26OCT050115-15,0.0010,400.00,no
2026-10-05T05:14:10.987077Z,KXETH15M-26OCT050115-15,0.0010,400.00,no
2026-10-05T05:14:11.331588Z,KXETH15M-26OCT050115-15,0.0010,54.00,no
2026-10-05T05:14:11.740767Z,KXETH15M-26OCT050115-15,0.0020,76.30,yes
2026-10-05T05:14:12.074374Z,KXETH15M-26OCT050115-15,0.0010,2.45,no
2026-10-05T05:14:12.091073Z,KXETH15M-26OCT050115-15,0.0020,6.97,yes
2026-10-05T05:14:12.091073Z,KXETH15M-26OCT050115-15,0.0020,54.00,yes
2026-10-05T05:14:12.091073Z,KXETH15M-26OCT050115-15,0.0020,100.00,yes
2026-10-05T05:14:12.091073Z,KXETH15M-26OCT050115-15,0.0020,144.00,yes
2026-10-05T05:14:12.091073Z,KXETH15M-26OCT050115-15,0.0020,24.91,yes
2026-10-05T05:14:12.091073Z,KXETH15M-26OCT050115-15,0.0020,400.00,yes
2026-10-05T05:14:12.091073Z,KXETH15M-26OCT050115-15,0.0020,5.00,yes
2026-10-05T05:14:12.233234Z,KXETH15M-26OCT050115-15,0.0020,2.52,yes
2026-10-05T05:14:12.653287Z,KXETH15M-26OCT050115-15,0.0020,2.45,yes
2026-10-05T05:14:12.653287Z,KXETH15M-26OCT050115-15,0.0020,3.39,yes
2026-10-05T05:14:12.653287Z,KXETH15M-26OCT050115-15,0.0020,0.01,yes
2026-10-05T05:14:12.653287Z,KXETH15M-26OCT050115-15,0.0020,3.00,yes
2026-10-05T05:14:12.653287Z,KXETH15M-26OCT050115-15,0.0020,156.51,yes
2026-10-05T05:14:12.68546Z,KXETH15M-26OCT050115-15,0.0010,10.82,no
2026-10-05T05:14:12.717472Z,KXETH15M-26OCT050115-15,0.0020,95.25,yes
2026-10-05T05:14:13.282123Z,KXETH15M-26OCT050115-15,0.0020,62.00,yes
2026-10-05T05:14:13.307731Z,KXETH15M-26OCT050115-15,0.0020,10.82,yes
2026-10-05T05:14:13.307731Z,KXETH15M-26OCT050115-15,0.0020,70.00,yes
2026-10-05T05:14:13.307731Z,KXETH15M-26OCT050115-15,0.0020,11.36,yes
2026-10-05T05:14:13.307731Z,KXETH15M-26OCT050115-15,0.0040,38.00,yes
2026-10-05T05:14:13.307731Z,KXETH15M-26OCT050115-15,0.0040,20.00,yes
2026-10-05T05:14:13.307731Z,KXETH15M-26OCT050115-15,0.0030,4.86,yes
2026-10-05T05:14:13.307731Z,KXETH15M-26OCT050115-15,0.0040,24.96,yes
2026-10-05T05:14:13.734611Z,KXETH15M-26OCT050115-15,0.0040,20.00,yes
2026-10-05T05:14:13.734611Z,KXETH15M-26OCT050115-15,0.0040,38.00,yes
2026-10-05T05:14:13.734611Z,KXETH15M-26OCT050115-15,0.0030,20.00,yes
2026-10-05T05:14:13.734611Z,KXETH15M-26OCT050115-15,0.0040,20.00,yes
2026-10-05T05:14:13.734611Z,KXETH15M-26OCT050115-15,0.0050,432.49,yes
2026-10-05T05:14:14.345978Z,KXETH15M-26OCT050115-15,0.0020,16.47,yes
2026-10-05T05:14:14.408436Z,KXETH15M-26OCT050115-15,0.0020,17.00,yes
2026-10-05T05:14:14.77642Z,KXETH15M-26OCT050115-15,0.0010,1.00,no
2026-10-05T05:14:14.887659Z,KXETH15M-26OCT050115-15,0.0020,458.01,yes
2026-10-05T05:14:15.117247Z,KXETH15M-26OCT050115-15,0.0010,147.00,no
2026-10-05T05:14:15.263172Z,KXETH15M-26OCT050115-15,0.0020,4454.35,yes
2026-10-05T05:14:15.276774Z,KXETH15M-26OCT050115-15,0.0010,100.00,no
2026-10-05T05:14:15.316465Z,KXETH15M-26OCT050115-15,0.0020,280.93,yes
2026-10-05T05:14:16.754886Z,KXETH15M-26OCT050115-15,0.0020,303.79,yes
2026-10-05T05:14:16.922081Z,KXETH15M-26OCT050115-15,0.0020,2.10,yes
2026-10-05T05:14:17.388821Z,KXETH15M-26OCT050115-15,0.0010,20.00,no
2026-10-05T05:14:17.543529Z,KXETH15M-26OCT050115-15,0.0020,156.05,yes
2026-10-05T05:14:18.362783Z,KXETH15M-26OCT050115-15,0.0010,125.00,no
2026-10-05T05:14:18.362783Z,KXETH15M-26OCT050115-15,0.0010,100.00,no
2026-10-05T05:14:18.362783Z,KXETH15M-26OCT050115-15,0.0010,41.00,no
2026-10-05T05:14:18.362783Z,KXETH15M-26OCT050115-15,0.0010,66.00,no
2026-10-05T05:14:18.362783Z,KXETH15M-26OCT050115-15,0.0010,1.00,no
2026-10-05T05:14:18.362783Z,KXETH15M-26OCT050115-15,0.0010,2000.00,no
2026-10-05T05:14:18.362783Z,KXETH15M-26OCT050115-15,0.0010,9200.52,no
2026-10-05T05:14:18.362783Z,KXETH15M-26OCT050115-15,0.0010,1.00,no
2026-10-05T05:14:18.362783Z,KXETH15M-26OCT050115-15,0.0010,1000.00,no
2026-10-05T05:14:18.362783Z,KXETH15M-26OCT050115-15,0.0010,980.00,no
2026-10-05T05:14:18.362783Z,KXETH15M-26OCT050115-15,0.0010,100.00,no
2026-10-05T05:14:18.362783Z,KXETH15M-26OCT050115-15,0.0010,1.00,no
2026-10-05T05:14:19.12507Z,KXETH15M-26OCT050115-15,0.0010,10.82,yes
2026-10-05T05:14:19.543899Z,KXETH15M-26OCT050115-15,0.0010,9.00,yes
2026-10-05T05:14:19.579893Z,KXETH15M-26OCT050115-15,0.0010,113.00,yes
2026-10-05T05:14:19.640938Z,KXETH15M-26OCT050115-15,0.0010,401.89,yes
2026-10-05T05:14:19.93934Z,KXETH15M-26OCT050115-15,0.0010,35.04,yes
2026-10-05T05:14:20.054176Z,KXETH15M-26OCT050115-15,0.0010,1794.51,yes
2026-10-05T05:14:20.518668Z,KXETH15M-26OCT050115-15,0.0010,265.66,yes
2026-10-05T05:14:20.656294Z,KXETH15M-26OCT050115-15,0.0010,65.69,yes
2026-10-05T05:14:20.773964Z,KXETH15M-26OCT050115-15,0.0010,915.99,yes
2026-10-05T05:14:22.602782Z,KXETH15M-26OCT050115-15,0.0010,8.37,yes
2026-10-05T05:14:23.002754Z,KXETH15M-26OCT050115-15,0.0010,915.99,yes
2026-10-05T05:14:25.391677Z,KXETH15M-26OCT050115-15,0.0010,88.22,yes
2026-10-05T05:14:26.191706Z,KXETH15M-26OCT050115-15,0.0010,915.99,yes
2026-10-05T05:14:29.098488Z,KXETH15M-26OCT050115-15,0.0010,1.01,yes
2026-10-05T05:14:29.610053Z,KXETH15M-26OCT050115-15,0.0010,934.72,yes
2026-10-05T05:14:31.337747Z,KXETH15M-26OCT050115-15,0.0010,359.58,yes
2026-10-05T05:14:32.352696Z,KXETH15M-26OCT050115-15,0.0010,43.08,yes
2026-10-05T05:14:32.441342Z,KXETH15M-26OCT050115-15,0.0010,6.02,yes
2026-10-05T05:14:35.071573Z,KXETH15M-26OCT050115-15,0.0010,31.29,yes
2026-10-05T05:14:35.406131Z,KXETH15M-26OCT050115-15,0.0010,16.76,yes
2026-10-05T05:14:35.657332Z,KXETH15M-26OCT050115-15,0.0010,9.20,yes
2026-10-05T05:14:35.799048Z,KXETH15M-26OCT050115-15,0.0010,915.99,yes
2026-10-05T05:14:38.633889Z,KXETH15M-26OCT050115-15,0.0010,1.00,yes
2026-10-05T05:14:39.146495Z,KXETH15M-26OCT050115-15,0.0010,183.25,yes
2026-10-05T05:14:47.388259Z,KXETH15M-26OCT050115-15,0.0010,298.08,yes
2026-10-05T05:14:49.44284Z,KXETH15M-26OCT050115-15,0.0010,12.47,yes
2026-10-05T05:14:49.936619Z,KXETH15M-26OCT050115-15,0.0010,17.32,yes
2026-10-05T05:14:52.440531Z,KXETH15M-26OCT050115-15,0.0010,91.62,yes
2026-10-05T05:14:52.730482Z,KXETH15M-26OCT050115-15,0.0010,144.92,yes
2026-10-05T05:14:52.730482Z,KXETH15M-26OCT050115-15,0.0010,503.07,yes
2026-10-05T05:14:52.730482Z,KXETH15M-26OCT050115-15,0.0010,21.00,yes
2026-10-05T05:14:52.730482Z,KXETH15M-26OCT050115-15,0.0010,147.00,yes
2026-10-05T05:14:52.730482Z,KXETH15M-26OCT050115-15,0.0010,100.00,yes
2026-10-05T05:14:52.908651Z,KXETH15M-26OCT050115-15,0.0010,1.00,yes
2026-10-05T05:14:53.12186Z,KXETH15M-26OCT050115-15,0.0010,915.99,yes
2026-10-05T05:14:55.054217Z,KXETH15M-26OCT050115-15,0.0010,1.32,yes
2026-10-05T05:14:59.281065Z,KXETH15M-26OCT050115-15,0.0010,4.37,yes
2026-10-05T05:13:21.459288Z,KXSOL15M-26OCT050115-15,0.0720,2.00,no
2026-10-05T05:13:22.060102Z,KXSOL15M-26OCT050115-15,0.0660,2.00,no
2026-10-05T05:13:23.598203Z,KXSOL15M-26OCT050115-15,0.0620,2.00,no
2026-10-05T05:13:24.507382Z,KXSOL15M-26OCT050115-15,0.0680,1.00,yes
2026-10-05T05:13:25.48057Z,KXSOL15M-26OCT050115-15,0.0630,10.00,yes
2026-10-05T05:13:25.48057Z,KXSOL15M-26OCT050115-15,0.0680,3.00,yes
2026-10-05T05:13:25.48057Z,KXSOL15M-26OCT050115-15,0.0650,12.00,yes
2026-10-05T05:13:25.48057Z,KXSOL15M-26OCT050115-15,0.0640,6.00,yes
2026-10-05T05:13:25.48057Z,KXSOL15M-26OCT050115-15,0.0670,3.00,yes
2026-10-05T05:13:25.48057Z,KXSOL15M-26OCT050115-15,0.0700,6.00,yes
2026-10-05T05:13:25.48057Z,KXSOL15M-26OCT050115-15,0.0800,8.97,yes
2026-10-05T05:13:25.48057Z,KXSOL15M-26OCT050115-15,0.0810,8.98,yes
2026-10-05T05:13:25.48057Z,KXSOL15M-26OCT050115-15,0.0750,6.00,yes
2026-10-05T05:13:25.48057Z,KXSOL15M-26OCT050115-15,0.0810,7.77,yes
2026-10-05T05:13:25.48057Z,KXSOL15M-26OCT050115-15,0.0700,84.00,yes
2026-10-05T05:13:25.60779Z,KXSOL15M-26OCT050115-15,0.0600,5.00,no
2026-10-05T05:13:27.250752Z,KXSOL15M-26OCT050115-15,0.0580,84.00,no
2026-10-05T05:13:27.756047Z,KXSOL15M-26OCT050115-15,0.0590,10.00,no
2026-10-05T05:13:27.756047Z,KXSOL15M-26OCT050115-15,0.0590,4.00,no
2026-10-05T05:13:27.762849Z,KXSOL15M-26OCT050115-15,0.0590,1.00,no
2026-10-05T05:13:28.111959Z,KXSOL15M-26OCT050115-15,0.0590,2.00,no
2026-10-05T05:13:28.702385Z,KXSOL15M-26OCT050115-15,0.0590,1.00,no
2026-10-05T05:13:28.711338Z,KXSOL15M-26OCT050115-15,0.0590,15.00,no
2026-10-05T05:13:28.822704Z,KXSOL15M-26OCT050115-15,0.0590,15.00,no
2026-10-05T05:13:30.112569Z,KXSOL15M-26OCT050115-15,0.0560,2.00,no
2026-10-05T05:13:30.112569Z,KXSOL15M-26OCT050115-15,0.0540,4.00,no
2026-10-05T05:13:30.288934Z,KXSOL15M-26OCT050115-15,0.0690,7.00,yes
2026-10-05T05:13:30.288934Z,KXSOL15M-26OCT050115-15,0.0650,10.00,yes
2026-10-05T05:13:30.288934Z,KXSOL15M-26OCT050115-15,0.0660,1.00,yes
2026-10-05T05:13:30.29084Z,KXSOL15M-26OCT050115-15,0.0850,6.00,yes
2026-10-05T05:13:30.29084Z,KXSOL15M-26OCT050115-15,0.0820,2.23,yes
2026-10-05T05:13:30.29084Z,KXSOL15M-26OCT050115-15,0.0830,72.00,yes
2026-10-05T05:13:30.29084Z,KXSOL15M-26OCT050115-15,0.0760,8.93,yes
2026-10-05T05:13:30.29084Z,KXSOL15M-26OCT050115-15,0.0790,8.96,yes
2026-10-05T05:13:30.29084Z,KXSOL15M-26OCT050115-15,0.0800,8.97,yes
2026-10-05T05:13:30.29084Z,KXSOL15M-26OCT050115-15,0.0800,6.00,yes
2026-10-05T05:13:30.29084Z,KXSOL15M-26OCT050115-15,0.0840,34.00,yes
2026-10-05T05:13:30.29084Z,KXSOL15M-26OCT050115-15,0.0990,64.00,yes
2026-10-05T05:13:30.293222Z,KXSOL15M-26OCT050115-15,0.0580,7.00,no
2026-10-05T05:13:30.295627Z,KXSOL15M-26OCT050115-15,0.0750,6.00,yes
2026-10-05T05:13:30.295627Z,KXSOL15M-26OCT050115-15,0.1100,5.62,yes
2026-10-05T05:13:30.295627Z,KXSOL15M-26OCT050115-15,0.1100,17.00,yes
2026-10-05T05:13:30.295934Z,KXSOL15M-26OCT050115-15,0.0820,6.00,yes
2026-10-05T05:13:30.295934Z,KXSOL15M-26OCT050115-15,0.1100,3.00,yes
2026-10-05T05:13:30.299713Z,KXSOL15M-26OCT050115-15,0.0680,6.00,no
2026-10-05T05:13:30.415168Z,KXSOL15M-26OCT050115-15,0.1200,32.00,no
2026-10-05T05:13:30.673038Z,KXSOL15M-26OCT050115-15,0.1300,31.00,no
2026-10-05T05:13:30.682218Z,KXSOL15M-26OCT050115-15,0.1300,0.81,no
2026-10-05T05:13:30.682218Z,KXSOL15M-26OCT050115-15,0.1200,20.00,no
2026-10-05T05:13:30.7438Z,KXSOL15M-26OCT050115-15,0.1000,75.00,no
2026-10-05T05:13:31.184639Z,KXSOL15M-26OCT050115-15,0.1100,20.00,no
2026-10-05T05:13:31.809974Z,KXSOL15M-26OCT050115-15,0.1100,1.00,yes
2026-10-05T05:13:31.912645Z,KXSOL15M-26OCT050115-15,0.1100,9.00,yes
2026-10-05T05:13:31.912645Z,KXSOL15M-26OCT050115-15,0.1100,14.00,yes
2026-10-05T05:13:32.226365Z,KXSOL15M-26OCT050115-15,0.1100,7.00,yes
2026-10-05T05:13:32.510167Z,KXSOL15M-26OCT050115-15,0.0910,2.00,no
2026-10-05T05:13:32.510167Z,KXSOL15M-26OCT050115-15,0.0900,28.00,no
2026-10-05T05:13:32.521983Z,KXSOL15M-26OCT050115-15,0.0850,2.00,no
2026-10-05T05:13:32.521983Z,KXSOL15M-26OCT050115-15,0.0830,37.00,no
2026-10-05T05:13:32.529392Z,KXSOL15M-26OCT050115-15,0.0710,11.00,no
2026-10-05T05:13:32.529392Z,KXSOL15M-26OCT050115-15,0.0710,4.00,no
2026-10-05T05:13:32.529392Z,KXSOL15M-26OCT050115-15,0.0830,7.00,no
2026-10-05T05:13:32.658839Z,KXSOL15M-26OCT050115-15,0.0620,2.00,no
2026-10-05T05:13:32.658839Z,KXSOL15M-26OCT050115-15,0.0580,2.00,no
2026-10-05T05:13:32.658839Z,KXSOL15M-26OCT050115-15,0.0570,80.00,no
2026-10-05T05:13:33.570816Z,KXSOL15M-26OCT050115-15,0.0550,6.00,no
2026-10-05T05:13:33.570816Z,KXSOL15M-26OCT050115-15,0.0500,6.00,no
2026-10-05T05:13:33.570816Z,KXSOL15M-26OCT050115-15,0.0440,6.00,no
2026-10-05T05:13:33.570816Z,KXSOL15M-26OCT050115-15,0.0440,8.14,no
2026-10-05T05:13:34.503433Z,KXSOL15M-26OCT050115-15,0.0480,2.04,no
2026-10-05T05:13:34.718203Z,KXSOL15M-26OCT050115-15,0.0470,3.00,yes
2026-10-05T05:13:34.718203Z,KXSOL15M-26OCT050115-15,0.0480,21.00,yes
2026-10-05T05:13:34.733735Z,KXSOL15M-26OCT050115-15,0.0480,1.00,yes
2026-10-05T05:13:34.733735Z,KXSOL15M-26OCT050115-15,0.0480,23.00,yes
2026-10-05T05:13:35.209159Z,KXSOL15M-26OCT050115-15,0.0490,3.00,yes
2026-10-05T05:13:35.209159Z,KXSOL15M-26OCT050115-15,0.0480,2.00,yes
2026-10-05T05:13:35.209159Z,KXSOL15M-26OCT050115-15,0.0520,10.00,yes
2026-10-05T05:13:35.209159Z,KXSOL15M-26OCT050115-15,0.0550,0.52,yes
2026-10-05T05:13:35.908755Z,KXSOL15M-26OCT050115-15,0.0480,3.00,yes
2026-10-05T05:13:35.908755Z,KXSOL15M-26OCT050115-15,0.0530,5.13,yes
2026-10-05T05:13:35.908755Z,KXSOL15M-26OCT050115-15,0.0470,3.00,yes
2026-10-05T05:13:35.908755Z,KXSOL15M-26OCT050115-15,0.0520,7.00,yes
2026-10-05T05:13:36.240637Z,KXSOL15M-26OCT050115-15,0.0500,1.55,yes
2026-10-05T05:13:36.661064Z,KXSOL15M-26OCT050115-15,0.0300,10.00,no
2026-10-05T05:13:36.661064Z,KXSOL15M-26OCT050115-15,0.0360,5.00,no
2026-10-05T05:13:36.661064Z,KXSOL15M-26OCT050115-15,0.0310,63.00,no
2026-10-05T05:13:36.661064Z,KXSOL15M-26OCT050115-15,0.0310,42.00,no
2026-10-05T05:13:36.661064Z,KXSOL15M-26OCT050115-15,0.0460,2.00,no
2026-10-05T05:13:36.661064Z,KXSOL15M-26OCT050115-15,0.0280,54.43,no
2026-10-05T05:13:36.661064Z,KXSOL15M-26OCT050115-15,0.0320,1.86,no
2026-10-05T05:13:37.198456Z,KXSOL15M-26OCT050115-15,0.0550,6.00,yes
2026-10-05T05:13:37.198456Z,KXSOL15M-26OCT050115-15,0.0430,3.00,yes
2026-10-05T05:13:37.198456Z,KXSOL15M-26OCT050115-15,0.0500,6.00,yes
2026-10-05T05:13:37.198456Z,KXSOL15M-26OCT050115-15,0.0420,3.00,yes
2026-10-05T05:13:37.198456Z,KXSOL15M-26OCT050115-15,0.0560,117.25,yes
2026-10-05T05:13:37.198456Z,KXSOL15M-26OCT050115-15,0.0490,8.00,yes
2026-10-05T05:13:37.198456Z,KXSOL15M-26OCT050115-15,0.0540,18.00,yes
2026-10-05T05:13:37.198456Z,KXSOL15M-26OCT050115-15,0.0500,10.00,yes
2026-10-05T05:13:37.925691Z,KXSOL15M-26OCT050115-15,0.0350,2.11,no
2026-10-05T05:13:37.925691Z,KXSOL15M-26OCT050115-15,0.0350,6.00,no
2026-10-05T05:13:38.328009Z,KXSOL15M-26OCT050115-15,0.0360,3.00,yes
2026-10-05T05:13:38.328009Z,KXSOL15M-26OCT050115-15,0.0370,3.00,yes
2026-10-05T05:13:38.507545Z,KXSOL15M-26OCT050115-15,0.0430,1.10,yes
2026-10-05T05:13:38.712496Z,KXSOL15M-26OCT050115-15,0.0370,20.00,yes
2026-10-05T05:13:38.712496Z,KXSOL15M-26OCT050115-15,0.0400,6.00,yes
2026-10-05T05:13:38.712496Z,KXSOL15M-26OCT050115-15,0.0370,3.00,yes
2026-10-05T05:13:38.712496Z,KXSOL15M-26OCT050115-15,0.0440,4.83,yes
2026-10-05T05:13:38.712496Z,KXSOL15M-26OCT050115-15,0.0380,3.00,yes
2026-10-05T05:13:38.712496Z,KXSOL15M-26OCT050115-15,0.0440,2.00,yes
2026-10-05T05:13:39.379715Z,KXSOL15M-26OCT050115-15,0.0390,3.00,yes
2026-10-05T05:13:39.379715Z,KXSOL15M-26OCT050115-15,0.0380,3.00,yes
2026-10-05T05:13:39.379715Z,KXSOL15M-26OCT050115-15,0.0410,8.00,yes
2026-10-05T05:13:39.379715Z,KXSOL15M-26OCT050115-15,0.0420,27.76,yes
2026-10-05T05:13:40.323474Z,KXSOL15M-26OCT050115-15,0.0380,3.00,yes
2026-10-05T05:13:40.323474Z,KXSOL15M-26OCT050115-15,0.0390,3.00,yes
2026-10-05T05:13:40.323474Z,KXSOL15M-26OCT050115-15,0.0410,10.47,yes
2026-10-05T05:13:40.734017Z,KXSOL15M-26OCT050115-15,0.0270,10.00,no
2026-10-05T05:13:40.734017Z,KXSOL15M-26OCT050115-15,0.0300,16.00,no
2026-10-05T05:13:40.734017Z,KXSOL15M-26OCT050115-15,0.0270,7.00,no
2026-10-05T05:13:40.734017Z,KXSOL15M-26OCT050115-15,0.0260,52.00,no
2026-10-05T05:13:40.734017Z,KXSOL15M-26OCT050115-15,0.0310,21.00,no
2026-10-05T05:13:40.734017Z,KXSOL15M-26OCT050115-15,0.0270,3.00,no
2026-10-05T05:13:40.734025Z,KXSOL15M-26OCT050115-15,0.0250,39.04,no
2026-10-05T05:13:40.734025Z,KXSOL15M-26OCT050115-15,0.0240,27.96,no
2026-10-05T05:13:40.734025Z,KXSOL15M-26OCT050115-15,0.0260,23.00,no
2026-10-05T05:13:40.734025Z,KXSOL15M-26OCT050115-15,0.0260,3.00,no
2026-10-05T05:13:40.734029Z,KXSOL15M-26OCT050115-15,0.0240,72.04,no
2026-10-05T05:13:40.734029Z,KXSOL15M-26OCT050115-15,0.0210,26.96,no
2026-10-05T05:13:40.791734Z,KXSOL15M-26OCT050115-15,0.0210,10.00,no
2026-10-05T05:13:40.791734Z,KXSOL15M-26OCT050115-15,0.0210,7.00,no
2026-10-05T05:13:40.860597Z,KXSOL15M-26OCT050115-15,0.0200,18.00,no
2026-10-05T05:13:40.860597Z,KXSOL15M-26OCT050115-15,0.0200,10.00,no
2026-10-05T05:13:40.956192Z,KXSOL15M-26OCT050115-15,0.0210,10.00,no
2026-10-05T05:13:40.956192Z,KXSOL15M-26OCT050115-15,0.0200,30.00,no
2026-10-05T05:13:40.956192Z,KXSOL15M-26OCT050115-15,0.0200,33.00,no
2026-10-05T05:13:40.956377Z,KXSOL15M-26OCT050115-15,0.0200,10.00,no
2026-10-05T05:13:40.960649Z,KXSOL15M-26OCT050115-15,0.0200,17.00,no
2026-10-05T05:13:41.118938Z,KXSOL15M-26OCT050115-15,0.0200,8.00,no
2026-10-05T05:13:41.397773Z,KXSOL15M-26OCT050115-15,0.0210,18.84,yes
2026-10-05T05:13:41.607637Z,KXSOL15M-26OCT050115-15,0.0210,2.91,yes
2026-10-05T05:13:41.763513Z,KXSOL15M-26OCT050115-15,0.0200,1.00,no
2026-10-05T05:13:41.763513Z,KXSOL15M-26OCT050115-15,0.0200,3.07,no
2026-10-05T05:13:42.418771Z,KXSOL15M-26OCT050115-15,0.0210,10.00,yes
2026-10-05T05:13:42.418771Z,KXSOL15M-26OCT050115-15,0.0210,8.25,yes
2026-10-05T05:13:42.418771Z,KXSOL15M-26OCT050115-15,0.0240,2.33,yes
2026-10-05T05:13:42.686042Z,KXSOL15M-26OCT050115-15,0.0220,10.98,no
2026-10-05T05:13:43.678542Z,KXSOL15M-26OCT050115-15,0.0240,23.52,yes
2026-10-05T05:13:43.678542Z,KXSOL15M-26OCT050115-15,0.0230,10.00,yes
2026-10-05T05:13:43.678542Z,KXSOL15M-26OCT050115-15,0.0230,3.00,yes
2026-10-05T05:13:43.678542Z,KXSOL15M-26OCT050115-15,0.0220,3.00,yes
2026-10-05T05:13:43.90946Z,KXSOL15M-26OCT050115-15,0.0240,4.48,yes
2026-10-05T05:13:43.90946Z,KXSOL15M-26OCT050115-15,0.0240,19.92,yes
2026-10-05T05:13:43.90946Z,KXSOL15M-26OCT050115-15,0.0210,3.00,yes
2026-10-05T05:13:43.90946Z,KXSOL15M-26OCT050115-15,0.0220,3.00,yes
2026-10-05T05:13:43.90946Z,KXSOL15M-26OCT050115-15,0.0240,9.00,yes
2026-10-05T05:13:44.044881Z,KXSOL15M-26OCT050115-15,0.0200,0.55,no
2026-10-05T05:13:44.28451Z,KXSOL15M-26OCT050115-15,0.0200,2.00,no
2026-10-05T05:13:44.28451Z,KXSOL15M-26OCT050115-15,0.0200,10.00,no
2026-10-05T05:13:44.28451Z,KXSOL15M-26OCT050115-15,0.0200,6.00,no
2026-10-05T05:13:44.28451Z,KXSOL15M-26OCT050115-15,0.0200,17.00,no
2026-10-05T05:13:44.28451Z,KXSOL15M-26OCT050115-15,0.0190,40.00,no
2026-10-05T05:13:44.28451Z,KXSOL15M-26OCT050115-15,0.0180,0.62,no
2026-10-05T05:13:44.28451Z,KXSOL15M-26OCT050115-15,0.0190,1.00,no
2026-10-05T05:13:44.28451Z,KXSOL15M-26OCT050115-15,0.0200,6.38,no
2026-10-05T05:13:44.291881Z,KXSOL15M-26OCT050115-15,0.0200,6.00,no
2026-10-05T05:13:44.515514Z,KXSOL15M-26OCT050115-15,0.0180,6.00,no
2026-10-05T05:13:44.515514Z,KXSOL15M-26OCT050115-15,0.0180,39.38,no
2026-10-05T05:13:44.515514Z,KXSOL15M-26OCT050115-15,0.0180,1.00,no
2026-10-05T05:13:45.06466Z,KXSOL15M-26OCT050115-15,0.0180,1.00,yes
2026-10-05T05:13:45.06466Z,KXSOL15M-26OCT050115-15,0.0190,39.38,yes
2026-10-05T05:13:45.06466Z,KXSOL15M-26OCT050115-15,0.0180,3.00,yes
2026-10-05T05:13:45.06466Z,KXSOL15M-26OCT050115-15,0.0200,20.00,yes
2026-10-05T05:13:45.06466Z,KXSOL15M-26OCT050115-15,0.0190,3.00,yes
2026-10-05T05:13:45.06466Z,KXSOL15M-26OCT050115-15,0.0200,28.66,yes
2026-10-05T05:13:45.06466Z,KXSOL15M-26OCT050115-15,0.0190,0.62,yes
2026-10-05T05:13:45.349678Z,KXSOL15M-26OCT050115-15,0.0170,1.00,no
2026-10-05T05:13:45.794431Z,KXSOL15M-26OCT050115-15,0.0180,20.00,yes
2026-10-05T05:13:45.794431Z,KXSOL15M-26OCT050115-15,0.0180,3.00,yes
2026-10-05T05:13:45.794431Z,KXSOL15M-26OCT050115-15,0.0180,1.00,yes
2026-10-05T05:13:45.794431Z,KXSOL15M-26OCT050115-15,0.0190,2.00,yes
2026-10-05T05:13:45.794431Z,KXSOL15M-26OCT050115-15,0.0190,3.00,yes
2026-10-05T05:13:45.794431Z,KXSOL15M-26OCT050115-15,0.0200,4.67,yes
2026-10-05T05:13:45.79533Z,KXSOL15M-26OCT050115-15,0.0240,10.00,yes
2026-10-05T05:13:45.79533Z,KXSOL15M-26OCT050115-15,0.0240,9.00,yes
2026-10-05T05:13:45.79533Z,KXSOL15M-26OCT050115-15,0.0200,6.96,yes
2026-10-05T05:13:45.79533Z,KXSOL15M-26OCT050115-15,0.0220,1.00,yes
2026-10-05T05:13:45.79533Z,KXSOL15M-26OCT050115-15,0.0240,26.00,yes
2026-10-05T05:13:45.79533Z,KXSOL15M-26OCT050115-15,0.0200,6.67,yes
2026-10-05T05:13:45.79533Z,KXSOL15M-26OCT050115-15,0.0200,6.00,yes
2026-10-05T05:13:45.79533Z,KXSOL15M-26OCT050115-15,0.0250,39.19,yes
2026-10-05T05:13:45.79533Z,KXSOL15M-26OCT050115-15,0.0240,1.08,yes
2026-10-05T05:13:46.056853Z,KXSOL15M-26OCT050115-15,0.0170,10.00,no
2026-10-05T05:13:46.056853Z,KXSOL15M-26OCT050115-15,0.0170,7.00,no
2026-10-05T05:13:46.056853Z,KXSOL15M-26OCT050115-15,0.0170,1.00,no
2026-10-05T05:13:46.056853Z,KXSOL15M-26OCT050115-15,0.0170,39.00,no
2026-10-05T05:13:46.752576Z,KXSOL15M-26OCT050115-15,0.0160,5.07,no
2026-10-05T05:13:47.033739Z,KXSOL15M-26OCT050115-15,0.0160,6.07,no
2026-10-05T05:13:47.033739Z,KXSOL15M-26OCT050115-15,0.0160,8.00,no
2026-10-05T05:13:47.033739Z,KXSOL15M-26OCT050115-15,0.0160,34.93,no
2026-10-05T05:13:47.033739Z,KXSOL15M-26OCT050115-15,0.0160,1.00,no
2026-10-05T05:13:47.622158Z,KXSOL15M-26OCT050115-15,0.0150,18.25,no
2026-10-05T05:13:47.68113Z,KXSOL15M-26OCT050115-15,0.0150,14.00,no
2026-10-05T05:13:47.782739Z,KXSOL15M-26OCT050115-15,0.0150,2.25,no
2026-10-05T05:13:47.782739Z,KXSOL15M-26OCT050115-15,0.0150,7.75,no
2026-10-05T05:13:47.782739Z,KXSOL15M-26OCT050115-15,0.0150,1.00,no
2026-10-05T05:13:47.88932Z,KXSOL15M-26OCT050115-15,0.0150,8.00,no
2026-10-05T05:13:47.890561Z,KXSOL15M-26OCT050115-15,0.0150,10.00,no
2026-10-05T05:13:47.890561Z,KXSOL15M-26OCT050115-15,0.0150,0.49,no
2026-10-05T05:13:48.088374Z,KXSOL15M-26OCT050115-15,0.0150,18.62,no
2026-10-05T05:13:48.088374Z,KXSOL15M-26OCT050115-15,0.0150,33.38,no
2026-10-05T05:13:48.094832Z,KXSOL15M-26OCT050115-15,0.0150,24.76,no
2026-10-05T05:13:49.744388Z,KXSOL15M-26OCT050115-15,0.0150,1.00,yes
2026-10-05T05:13:49.744388Z,KXSOL15M-26OCT050115-15,0.0150,2.00,yes
2026-10-05T05:13:49.744388Z,KXSOL15M-26OCT050115-15,0.0150,3.00,yes
2026-10-05T05:13:49.744388Z,KXSOL15M-26OCT050115-15,0.0160,3.00,yes
2026-10-05T05:13:49.744388Z,KXSOL15M-26OCT050115-15,0.0160,18.25,yes
2026-10-05T05:13:49.744388Z,KXSOL15M-26OCT050115-15,0.0160,2.14,yes
2026-10-05T05:13:50.023685Z,KXSOL15M-26OCT050115-15,0.0150,2.00,yes
2026-10-05T05:13:50.023685Z,KXSOL15M-26OCT050115-15,0.0170,5.07,yes
2026-10-05T05:13:50.023685Z,KXSOL15M-26OCT050115-15,0.0160,20.00,yes
2026-10-05T05:13:50.023685Z,KXSOL15M-26OCT050115-15,0.0180,27.52,yes
2026-10-05T05:13:50.023685Z,KXSOL15M-26OCT050115-15,0.0170,34.93,yes
2026-10-05T05:13:50.023685Z,KXSOL15M-26OCT050115-15,0.0160,11.86,yes
2026-10-05T05:13:50.023685Z,KXSOL15M-26OCT050115-15,0.0160,7.75,yes
2026-10-05T05:13:50.224222Z,KXSOL15M-26OCT050115-15,0.0140,2.00,no
2026-10-05T05:13:50.431967Z,KXSOL15M-26OCT050115-15,0.0140,3.00,no
2026-10-05T05:13:50.454471Z,KXSOL15M-26OCT050115-15,0.0140,4.00,no
2026-10-05T05:13:50.482848Z,KXSOL15M-26OCT050115-15,0.0140,1.00,no
2026-10-05T05:13:50.487958Z,KXSOL15M-26OCT050115-15,0.0140,3.00,no
2026-10-05T05:13:50.641493Z,KXSOL15M-26OCT050115-15,0.0140,3.00,no
2026-10-05T05:13:50.641493Z,KXSOL15M-26OCT050115-15,0.0140,1.00,no
2026-10-05T05:13:50.641493Z,KXSOL15M-26OCT050115-15,0.0140,27.00,no
2026-10-05T05:13:50.642714Z,KXSOL15M-26OCT050115-15,0.0140,0.93,no
2026-10-05T05:13:50.988932Z,KXSOL15M-26OCT050115-15,0.0130,5.00,no
2026-10-05T05:13:51.148568Z,KXSOL15M-26OCT050115-15,0.0150,4.00,yes
2026-10-05T05:13:51.148568Z,KXSOL15M-26OCT050115-15,0.0150,20.67,yes
2026-10-05T05:13:51.148568Z,KXSOL15M-26OCT050115-15,0.0150,3.00,yes
2026-10-05T05:13:51.148568Z,KXSOL15M-26OCT050115-15,0.0140,8.00,yes
2026-10-05T05:13:51.148568Z,KXSOL15M-26OCT050115-15,0.0150,2.00,yes
2026-10-05T05:13:51.148568Z,KXSOL15M-26OCT050115-15,0.0150,1.00,yes
2026-10-05T05:13:51.148568Z,KXSOL15M-26OCT050115-15,0.0150,3.00,yes
2026-10-05T05:13:51.148568Z,KXSOL15M-26OCT050115-15,0.0140,3.00,yes
2026-10-05T05:13:51.148568Z,KXSOL15M-26OCT050115-15,0.0150,3.00,yes
2026-10-05T05:13:51.148568Z,KXSOL15M-26OCT050115-15,0.0140,5.00,yes
2026-10-05T05:13:51.798235Z,KXSOL15M-26OCT050115-15,0.0130,1.00,no
2026-10-05T05:13:52.087525Z,KXSOL15M-26OCT050115-15,0.0130,9.00,no
2026-10-05T05:13:52.11706Z,KXSOL15M-26OCT050115-15,0.0130,2.00,no
2026-10-05T05:13:52.22398Z,KXSOL15M-26OCT050115-15,0.0130,3.00,no
2026-10-05T05:13:52.326773Z,KXSOL15M-26OCT050115-15,0.0130,3.00,no
2026-10-05T05:13:52.432041Z,KXSOL15M-26OCT050115-15,0.0130,14.00,no
2026-10-05T05:13:52.439511Z,KXSOL15M-26OCT050115-15,0.0130,10.00,no
2026-10-05T05:13:52.439511Z,KXSOL15M-26OCT050115-15,0.0130,7.00,no
2026-10-05T05:13:52.439511Z,KXSOL15M-26OCT050115-15,0.0120,30.00,no
2026-10-05T05:13:52.439511Z,KXSOL15M-26OCT050115-15,0.0130,3.00,no
2026-10-05T05:13:52.533548Z,KXSOL15M-26OCT050115-15,0.0130,3.00,no
2026-10-05T05:13:52.551473Z,KXSOL15M-26OCT050115-15,0.0130,3.00,no
2026-10-05T05:13:52.646394Z,KXSOL15M-26OCT050115-15,0.0170,2.00,yes
2026-10-05T05:13:52.646394Z,KXSOL15M-26OCT050115-15,0.0150,6.33,yes
2026-10-05T05:13:52.646394Z,KXSOL15M-26OCT050115-15,0.0150,3.00,yes
2026-10-05T05:13:52.646394Z,KXSOL15M-26OCT050115-15,0.0140,3.00,yes
2026-10-05T05:13:52.646394Z,KXSOL15M-26OCT050115-15,0.0140,14.00,yes
2026-10-05T05:13:52.646394Z,KXSOL15M-26OCT050115-15,0.0140,9.00,yes
2026-10-05T05:13:52.646394Z,KXSOL15M-26OCT050115-15,0.0140,2.00,yes
2026-10-05T05:13:52.646394Z,KXSOL15M-26OCT050115-15,0.0140,3.00,yes
2026-10-05T05:13:52.646394Z,KXSOL15M-26OCT050115-15,0.0140,3.00,yes
2026-10-05T05:13:52.646394Z,KXSOL15M-26OCT050115-15,0.0170,4.21,yes
2026-10-05T05:13:52.646394Z,KXSOL15M-26OCT050115-15,0.0140,1.00,yes
2026-10-05T05:13:52.646394Z,KXSOL15M-26OCT050115-15,0.0140,3.00,yes
2026-10-05T05:13:52.958734Z,KXSOL15M-26OCT050115-15,0.0140,30.00,no
2026-10-05T05:13:53.06414Z,KXSOL15M-26OCT050115-15,0.0140,7.00,no
2026-10-05T05:13:53.086915Z,KXSOL15M-26OCT050115-15,0.0140,3.00,no
2026-10-05T05:13:53.26493Z,KXSOL15M-26OCT050115-15,0.0140,1.00,no
2026-10-05T05:13:53.320913Z,KXSOL15M-26OCT050115-15,0.0140,7.00,no
2026-10-05T05:13:53.327171Z,KXSOL15M-26OCT050115-15,0.0140,1.01,no
2026-10-05T05:13:53.371297Z,KXSOL15M-26OCT050115-15,0.0140,20.00,no
2026-10-05T05:13:53.371997Z,KXSOL15M-26OCT050115-15,0.0140,0.99,no
2026-10-05T05:13:53.884782Z,KXSOL15M-26OCT050115-15,0.0130,7.00,no
2026-10-05T05:13:53.884782Z,KXSOL15M-26OCT050115-15,0.0130,4.00,no
2026-10-05T05:13:53.884782Z,KXSOL15M-26OCT050115-15,0.0120,10.70,no
2026-10-05T05:13:53.884782Z,KXSOL15M-26OCT050115-15,0.0120,90.00,no
2026-10-05T05:13:53.884782Z,KXSOL15M-26OCT050115-15,0.0120,40.00,no
2026-10-05T05:13:55.089491Z,KXSOL15M-26OCT050115-15,0.0120,0.28,no
2026-10-05T05:13:55.089491Z,KXSOL15M-26OCT050115-15,0.0120,2.72,no
2026-10-05T05:13:55.947047Z,KXSOL15M-26OCT050115-15,0.0110,35.00,no
2026-10-05T05:13:55.947047Z,KXSOL15M-26OCT050115-15,0.0110,40.00,no
2026-10-05T05:13:56.143611Z,KXSOL15M-26OCT050115-15,0.0110,3.00,no
2026-10-05T05:13:56.28426Z,KXSOL15M-26OCT050115-15,0.0110,15.15,no
2026-10-05T05:13:56.35159Z,KXSOL15M-26OCT050115-15,0.0110,3.00,no
2026-10-05T05:13:56.379601Z,KXSOL15M-26OCT050115-15,0.0110,3.00,no
2026-10-05T05:13:56.556885Z,KXSOL15M-26OCT050115-15,0.0110,1.00,no
2026-10-05T05:13:56.656967Z,KXSOL15M-26OCT050115-15,0.0110,8.00,no
2026-10-05T05:13:56.662997Z,KXSOL15M-26OCT050115-15,0.0110,3.00,no
2026-10-05T05:13:56.702614Z,KXSOL15M-26OCT050115-15,0.0110,1.18,no
2026-10-05T05:13:56.77622Z,KXSOL15M-26OCT050115-15,0.0110,1.00,no
2026-10-05T05:13:56.77622Z,KXSOL15M-26OCT050115-15,0.0110,27.67,no
2026-10-05T05:13:56.77622Z,KXSOL15M-26OCT050115-15,0.0110,1.33,no
2026-10-05T05:13:56.77622Z,KXSOL15M-26OCT050115-15,0.0110,10.00,no
2026-10-05T05:13:56.878908Z,KXSOL15M-26OCT050115-15,0.0110,1.00,no
2026-10-05T05:13:56.884149Z,KXSOL15M-26OCT050115-15,0.0110,3.00,no
2026-10-05T05:13:56.919291Z,KXSOL15M-26OCT050115-15,0.0110,0.75,no
2026-10-05T05:13:56.919291Z,KXSOL15M-26OCT050115-15,0.0110,1.00,no
2026-10-05T05:13:56.919291Z,KXSOL15M-26OCT050115-15,0.0110,2.00,no
2026-10-05T05:13:56.919291Z,KXSOL15M-26OCT050115-15,0.0110,2.00,no
2026-10-05T05:13:56.919291Z,KXSOL15M-26OCT050115-15,0.0110,14.67,no
2026-10-05T05:13:57.003535Z,KXSOL15M-26OCT050115-15,0.0100,29.00,no
2026-10-05T05:13:57.058253Z,KXSOL15M-26OCT050115-15,0.0100,1.00,no
2026-10-05T05:13:57.087736Z,KXSOL15M-26OCT050115-15,0.0100,2.00,no
2026-10-05T05:13:57.433435Z,KXSOL15M-26OCT050115-15,0.0110,3.00,yes
2026-10-05T05:13:57.433435Z,KXSOL15M-26OCT050115-15,0.0110,2.21,yes
2026-10-05T05:13:58.06442Z,KXSOL15M-26OCT050115-15,0.0100,3.00,no
2026-10-05T05:13:58.06442Z,KXSOL15M-26OCT050115-15,0.0100,8.00,no
2026-10-05T05:13:58.088906Z,KXSOL15M-26OCT050115-15,0.0100,2.00,no
2026-10-05T05:13:58.123563Z,KXSOL15M-26OCT050115-15,0.0100,5.00,no
2026-10-05T05:13:58.173031Z,KXSOL15M-26OCT050115-15,0.0100,2.00,no
2026-10-05T05:13:58.246218Z,KXSOL15M-26OCT050115-15,0.0100,10.00,no
2026-10-05T05:13:58.283255Z,KXSOL15M-26OCT050115-15,0.0100,3.00,no
2026-10-05T05:13:58.283255Z,KXSOL15M-26OCT050115-15,0.0100,7.00,no
2026-10-05T05:13:58.386086Z,KXSOL15M-26OCT050115-15,0.0100,2.00,no
2026-10-05T05:13:58.489188Z,KXSOL15M-26OCT050115-15,0.0100,5.00,no
2026-10-05T05:13:58.519802Z,KXSOL15M-26OCT050115-15,0.0100,2.93,no
2026-10-05T05:13:58.519802Z,KXSOL15M-26OCT050115-15,0.0100,5.00,no
2026-10-05T05:13:58.519802Z,KXSOL15M-26OCT050115-15,0.0100,16.11,no
2026-10-05T05:13:58.519802Z,KXSOL15M-26OCT050115-15,0.0100,26.24,no
2026-10-05T05:13:58.519802Z,KXSOL15M-26OCT050115-15,0.0100,6.72,no
2026-10-05T05:13:58.519802Z,KXSOL15M-26OCT050115-15,0.0100,6.00,no
2026-10-05T05:13:58.530026Z,KXSOL15M-26OCT050115-15,0.0100,2.00,no
2026-10-05T05:13:58.549188Z,KXSOL15M-26OCT050115-15,0.0100,7.00,no
2026-10-05T05:13:58.631618Z,KXSOL15M-26OCT050115-15,0.0100,29.83,no
2026-10-05T05:13:58.631618Z,KXSOL15M-26OCT050115-15,0.0100,1.00,no
2026-10-05T05:13:58.631618Z,KXSOL15M-26OCT050115-15,0.0100,2.48,no
2026-10-05T05:13:58.804659Z,KXSOL15M-26OCT050115-15,0.0100,62.59,no
2026-10-05T05:13:58.804659Z,KXSOL15M-26OCT050115-15,0.0090,0.41,no
2026-10-05T05:13:59.091837Z,KXSOL15M-26OCT050115-15,0.0090,2.01,no
2026-10-05T05:13:59.241904Z,KXSOL15M-26OCT050115-15,0.0100,12.00,yes
2026-10-05T05:13:59.241904Z,KXSOL15M-26OCT050115-15,0.0100,13.59,yes
2026-10-05T05:13:59.241904Z,KXSOL15M-26OCT050115-15,0.0100,3.00,yes
2026-10-05T05:13:59.241904Z,KXSOL15M-26OCT050115-15,0.0100,0.41,yes
2026-10-05T05:13:59.243543Z,KXSOL15M-26OCT050115-15,0.0100,10.00,yes
2026-10-05T05:13:59.243543Z,KXSOL15M-26OCT050115-15,0.0100,1.41,yes
2026-10-05T05:13:59.243543Z,KXSOL15M-26OCT050115-15,0.0100,5.59,yes
2026-10-05T05:13:59.248158Z,KXSOL15M-26OCT050115-15,0.0100,2.01,yes
2026-10-05T05:13:59.248158Z,KXSOL15M-26OCT050115-15,0.0100,4.41,yes
2026-10-05T05:13:59.248158Z,KXSOL15M-26OCT050115-15,0.0100,2.58,yes
2026-10-05T05:13:59.248158Z,KXSOL15M-26OCT050115-15,0.0100,20.00,yes
2026-10-05T05:13:59.518317Z,KXSOL15M-26OCT050115-15,0.0080,17.00,yes
2026-10-05T05:13:59.518317Z,KXSOL15M-26OCT050115-15,0.0080,3.00,yes
2026-10-05T05:13:59.754669Z,KXSOL15M-26OCT050115-15,0.0070,1.00,no
2026-10-05T05:13:59.873958Z,KXSOL15M-26OCT050115-15,0.0070,22.00,no
2026-10-05T05:13:59.916721Z,KXSOL15M-26OCT050115-15,0.0040,1.00,no
2026-10-05T05:13:59.916721Z,KXSOL15M-26OCT050115-15,0.0070,0.01,no
2026-10-05T05:13:59.916721Z,KXSOL15M-26OCT050115-15,0.0030,8.00,no
2026-10-05T05:13:59.916721Z,KXSOL15M-26OCT050115-15,0.0050,6.00,no
2026-10-05T05:13:59.916721Z,KXSOL15M-26OCT050115-15,0.0030,10.00,no
2026-10-05T05:13:59.916721Z,KXSOL15M-26OCT050115-15,0.0040,13.00,no
2026-10-05T05:13:59.916721Z,KXSOL15M-26OCT050115-15,0.0050,11.00,no
2026-10-05T05:13:59.916721Z,KXSOL15M-26OCT050115-15,0.0030,18.00,no
2026-10-05T05:13:59.916721Z,KXSOL15M-26OCT050115-15,0.0040,1.00,no
2026-10-05T05:13:59.916721Z,KXSOL15M-26OCT050115-15,0.0030,2.00,no
2026-10-05T05:13:59.916721Z,KXSOL15M-26OCT050115-15,0.0030,2.00,no
2026-10-05T05:13:59.916721Z,KXSOL15M-26OCT050115-15,0.0030,2.00,no
2026-10-05T05:13:59.916721Z,KXSOL15M-26OCT050115-15,0.0040,1.00,no
2026-10-05T05:13:59.916721Z,KXSOL15M-26OCT050115-15,0.0040,1.00,no
2026-10-05T05:13:59.916721Z,KXSOL15M-26OCT050115-15,0.0040,1.00,no
2026-10-05T05:13:59.916721Z,KXSOL15M-26OCT050115-15,0.0030,2.00,no
2026-10-05T05:13:59.916721Z,KXSOL15M-26OCT050115-15,0.0030,2.00,no
2026-10-05T05:13:59.916721Z,KXSOL15M-26OCT050115-15,0.0020,118.57,no
2026-10-05T05:13:59.916721Z,KXSOL15M-26OCT050115-15,0.0030,1.00,no
2026-10-05T05:14:00.581998Z,KXSOL15M-26OCT050115-15,0.0050,2.00,yes
2026-10-05T05:14:00.641611Z,KXSOL15M-26OCT050115-15,0.0040,1.00,no
2026-10-05T05:14:01.030158Z,KXSOL15M-26OCT050115-15,0.0030,10.00,no
2026-10-05T05:14:01.030158Z,KXSOL15M-26OCT050115-15,0.0030,8.00,no
2026-10-05T05:14:01.030158Z,KXSOL15M-26OCT050115-15,0.0020,431.43,no
2026-10-05T05:14:01.030158Z,KXSOL15M-26OCT050115-15,0.0020,138.57,no
2026-10-05T05:14:01.565792Z,KXSOL15M-26OCT050115-15,0.0030,11.00,no
2026-10-05T05:14:01.750059Z,KXSOL15M-26OCT050115-15,0.0070,36.21,yes
2026-10-05T05:14:01.750059Z,KXSOL15M-26OCT050115-15,0.0070,22.00,yes
2026-10-05T05:14:01.750059Z,KXSOL15M-26OCT050115-15,0.0050,1.00,yes
2026-10-05T05:14:01.750059Z,KXSOL15M-26OCT050115-15,0.0040,3.00,yes
2026-10-05T05:14:01.750059Z,KXSOL15M-26OCT050115-15,0.0050,100.00,yes
2026-10-05T05:14:01.978487Z,KXSOL15M-26OCT050115-15,0.0060,22.00,yes
2026-10-05T05:14:01.978487Z,KXSOL15M-26OCT050115-15,0.0070,19.74,yes
2026-10-05T05:14:01.978487Z,KXSOL15M-26OCT050115-15,0.0060,82.00,yes
2026-10-05T05:14:01.978487Z,KXSOL15M-26OCT050115-15,0.0060,3.00,yes
2026-10-05T05:14:02.165158Z,KXSOL15M-26OCT050115-15,0.0050,20.00,no
2026-10-05T05:14:02.229256Z,KXSOL15M-26OCT050115-15,0.0030,1.00,no
2026-10-05T05:14:02.573579Z,KXSOL15M-26OCT050115-15,0.0030,8.00,no
2026-10-05T05:14:02.573579Z,KXSOL15M-26OCT050115-15,0.0030,9.00,no
2026-10-05T05:14:02.573579Z,KXSOL15M-26OCT050115-15,0.0030,83.00,no
2026-10-05T05:14:02.602728Z,KXSOL15M-26OCT050115-15,0.0040,3.00,yes
2026-10-05T05:14:04.154544Z,KXSOL15M-26OCT050115-15,0.0030,8.00,no
2026-10-05T05:14:04.154544Z,KXSOL15M-26OCT050115-15,0.0030,10.00,no
2026-10-05T05:14:04.154544Z,KXSOL15M-26OCT050115-15,0.0020,15.67,no
2026-10-05T05:14:05.784502Z,KXSOL15M-26OCT050115-15,0.0020,3.00,no
2026-10-05T05:14:05.784502Z,KXSOL15M-26OCT050115-15,0.0020,0.67,no
2026-10-05T05:14:05.784502Z,KXSOL15M-26OCT050115-15,0.0020,3.00,no
2026-10-05T05:14:05.784502Z,KXSOL15M-26OCT050115-15,0.0020,3.00,no
2026-10-05T05:14:05.784502Z,KXSOL15M-26OCT050115-15,0.0020,10.33,no
2026-10-05T05:14:05.810177Z,KXSOL15M-26OCT050115-15,0.0020,5.00,no
2026-10-05T05:14:05.810177Z,KXSOL15M-26OCT050115-15,0.0020,11.00,no
2026-10-05T05:14:05.810177Z,KXSOL15M-26OCT050115-15,0.0020,18.19,no
2026-10-05T05:14:05.810177Z,KXSOL15M-26OCT050115-15,0.0020,3.00,no
2026-10-05T05:14:05.810177Z,KXSOL15M-26OCT050115-15,0.0020,2.33,no
2026-10-05T05:14:06.021709Z,KXSOL15M-26OCT050115-15,0.0030,15.35,yes
2026-10-05T05:14:06.021709Z,KXSOL15M-26OCT050115-15,0.0030,3.00,yes
2026-10-05T05:14:06.421029Z,KXSOL15M-26OCT050115-15,0.0020,107.19,no
2026-10-05T05:14:07.002431Z,KXSOL15M-26OCT050115-15,0.0020,41.37,no
2026-10-05T05:14:07.069845Z,KXSOL15M-26OCT050115-15,0.0020,2.00,no
2026-10-05T05:14:07.077436Z,KXSOL15M-26OCT050115-15,0.0020,2.00,no
2026-10-05T05:14:07.083464Z,KXSOL15M-26OCT050115-15,0.0020,2.00,no
2026-10-05T05:14:07.089418Z,KXSOL15M-26OCT050115-15,0.0020,2.00,no
2026-10-05T05:14:07.096269Z,KXSOL15M-26OCT050115-15,0.0020,2.00,no
2026-10-05T05:14:07.175009Z,KXSOL15M-26OCT050115-15,0.0020,15.00,no
2026-10-05T05:14:07.179735Z,KXSOL15M-26OCT050115-15,0.0020,2.00,no
2026-10-05T05:14:07.184201Z,KXSOL15M-26OCT050115-15,0.0020,2.00,no
2026-10-05T05:14:07.189279Z,KXSOL15M-26OCT050115-15,0.0020,2.00,no
2026-10-05T05:14:07.194998Z,KXSOL15M-26OCT050115-15,0.0020,2.00,no
2026-10-05T05:14:07.946364Z,KXSOL15M-26OCT050115-15,0.0020,63.05,no
2026-10-05T05:14:08.399669Z,KXSOL15M-26OCT050115-15,0.0020,166.07,no
2026-10-05T05:14:08.978635Z,KXSOL15M-26OCT050115-15,0.0030,3.00,yes
2026-10-05T05:14:08.978635Z,KXSOL15M-26OCT050115-15,0.0030,5.00,yes
2026-10-05T05:14:08.978635Z,KXSOL15M-26OCT050115-15,0.0030,2.00,yes
2026-10-05T05:14:08.984974Z,KXSOL15M-26OCT050115-15,0.0030,5.00,yes
2026-10-05T05:14:08.984974Z,KXSOL15M-26OCT050115-15,0.0030,5.00,yes
2026-10-05T05:14:09.086966Z,KXSOL15M-26OCT050115-15,0.0030,2.00,yes
2026-10-05T05:14:09.086966Z,KXSOL15M-26OCT050115-15,0.0030,3.00,yes
2026-10-05T05:14:09.147269Z,KXSOL15M-26OCT050115-15,0.0020,3.00,no
2026-10-05T05:14:09.399987Z,KXSOL15M-26OCT050115-15,0.0030,2.99,yes
2026-10-05T05:14:09.399987Z,KXSOL15M-26OCT050115-15,0.0030,0.01,yes
2026-10-05T05:14:10.54585Z,KXSOL15M-26OCT050115-15,0.0020,0.20,no
2026-10-05T05:14:10.551728Z,KXSOL15M-26OCT050115-15,0.0020,2.00,no
2026-10-05T05:14:11.087884Z,KXSOL15M-26OCT050115-15,0.0020,40.00,no
2026-10-05T05:14:11.094017Z,KXSOL15M-26OCT050115-15,0.0020,5.00,no
2026-10-05T05:14:11.100873Z,KXSOL15M-26OCT050115-15,0.0020,2.00,no
2026-10-05T05:14:11.107975Z,KXSOL15M-26OCT050115-15,0.0020,2.00,no
2026-10-05T05:14:11.114897Z,KXSOL15M-26OCT050115-15,0.0020,2.00,no
2026-10-05T05:14:11.795595Z,KXSOL15M-26OCT050115-15,0.0020,2.00,no
2026-10-05T05:14:11.802561Z,KXSOL15M-26OCT050115-15,0.0020,2.00,no
2026-10-05T05:14:11.846332Z,KXSOL15M-26OCT050115-15,0.0020,2.00,no
2026-10-05T05:14:11.852093Z,KXSOL15M-26OCT050115-15,0.0020,2.00,no
2026-10-05T05:14:11.896307Z,KXSOL15M-26OCT050115-15,0.0020,15.00,no
2026-10-05T05:14:11.90334Z,KXSOL15M-26OCT050115-15,0.0020,5.00,no
2026-10-05T05:14:11.911498Z,KXSOL15M-26OCT050115-15,0.0020,2.00,no
2026-10-05T05:14:12.218031Z,KXSOL15M-26OCT050115-15,0.0020,2.00,no
2026-10-05T05:14:12.224797Z,KXSOL15M-26OCT050115-15,0.0020,2.00,no
2026-10-05T05:14:12.230033Z,KXSOL15M-26OCT050115-15,0.0020,2.00,no
2026-10-05T05:14:12.235578Z,KXSOL15M-26OCT050115-15,0.0020,2.00,no
2026-10-05T05:14:12.241347Z,KXSOL15M-26OCT050115-15,0.0020,2.00,no
2026-10-05T05:14:12.245613Z,KXSOL15M-26OCT050115-15,0.0020,2.00,no
2026-10-05T05:14:12.842475Z,KXSOL15M-26OCT050115-15,0.0020,18.64,no
2026-10-05T05:14:13.066506Z,KXSOL15M-26OCT050115-15,0.0020,2.00,no
2026-10-05T05:14:13.06777Z,KXSOL15M-26OCT050115-15,0.0030,0.19,yes
2026-10-05T05:14:13.06777Z,KXSOL15M-26OCT050115-15,0.0030,100.00,yes
2026-10-05T05:14:13.06777Z,KXSOL15M-26OCT050115-15,0.0030,0.01,yes
2026-10-05T05:14:13.06777Z,KXSOL15M-26OCT050115-15,0.0040,3.00,yes
2026-10-05T05:14:13.06777Z,KXSOL15M-26OCT050115-15,0.0040,30.75,yes
2026-10-05T05:14:13.071979Z,KXSOL15M-26OCT050115-15,0.0020,2.00,no
2026-10-05T05:14:13.087812Z,KXSOL15M-26OCT050115-15,0.0020,25.00,no
2026-10-05T05:14:13.093976Z,KXSOL15M-26OCT050115-15,0.0020,7.00,no
2026-10-05T05:14:13.099109Z,KXSOL15M-26OCT050115-15,0.0020,2.00,no
2026-10-05T05:14:13.105239Z,KXSOL15M-26OCT050115-15,0.0020,2.00,no
2026-10-05T05:14:13.111694Z,KXSOL15M-26OCT050115-15,0.0020,2.00,no
2026-10-05T05:14:13.117528Z,KXSOL15M-26OCT050115-15,0.0020,2.00,no
2026-10-05T05:14:13.123764Z,KXSOL15M-26OCT050115-15,0.0020,2.00,no
2026-10-05T05:14:13.130927Z,KXSOL15M-26OCT050115-15,0.0020,2.00,no
2026-10-05T05:14:13.136746Z,KXSOL15M-26OCT050115-15,0.0020,2.00,no
2026-10-05T05:14:13.143723Z,KXSOL15M-26OCT050115-15,0.0020,5.00,no
2026-10-05T05:14:13.355372Z,KXSOL15M-26OCT050115-15,0.0020,54.00,no
2026-10-05T05:14:13.603163Z,KXSOL15M-26OCT050115-15,0.0020,2.00,no
2026-10-05T05:14:13.609357Z,KXSOL15M-26OCT050115-15,0.0020,2.00,no
2026-10-05T05:14:13.615222Z,KXSOL15M-26OCT050115-15,0.0020,5.00,no
2026-10-05T05:14:13.668978Z,KXSOL15M-26OCT050115-15,0.0020,53.54,no
2026-10-05T05:14:14.087878Z,KXSOL15M-26OCT050115-15,0.0020,2.00,no
2026-10-05T05:14:14.093936Z,KXSOL15M-26OCT050115-15,0.0020,2.00,no
2026-10-05T05:14:14.099341Z,KXSOL15M-26OCT050115-15,0.0020,20.00,no
2026-10-05T05:14:14.105366Z,KXSOL15M-26OCT050115-15,0.0020,7.00,no
2026-10-05T05:14:14.110701Z,KXSOL15M-26OCT050115-15,0.0020,2.00,no
2026-10-05T05:14:14.117635Z,KXSOL15M-26OCT050115-15,0.0020,2.00,no
2026-10-05T05:14:14.121869Z,KXSOL15M-26OCT050115-15,0.0020,2.00,no
2026-10-05T05:14:14.172036Z,KXSOL15M-26OCT050115-15,0.0020,10.00,no
2026-10-05T05:14:14.172036Z,KXSOL15M-26OCT050115-15,0.0020,3.00,no
2026-10-05T05:14:14.172036Z,KXSOL15M-26OCT050115-15,0.0010,455.76,no
2026-10-05T05:14:14.172036Z,KXSOL15M-26OCT050115-15,0.0020,163.13,no
2026-10-05T05:14:14.7606Z,KXSOL15M-26OCT050115-15,0.0020,7.00,yes
2026-10-05T05:14:14.7606Z,KXSOL15M-26OCT050115-15,0.0020,3.00,yes
2026-10-05T05:14:16.193143Z,KXSOL15M-26OCT050115-15,0.0010,1.19,no
2026-10-05T05:14:16.362898Z,KXSOL15M-26OCT050115-15,0.0010,13.00,no
2026-10-05T05:14:16.362898Z,KXSOL15M-26OCT050115-15,0.0010,38.00,no
2026-10-05T05:14:16.362898Z,KXSOL15M-26OCT050115-15,0.0010,0.38,no
2026-10-05T05:14:16.362898Z,KXSOL15M-26OCT050115-15,0.0010,10.00,no
2026-10-05T05:14:16.362898Z,KXSOL15M-26OCT050115-15,0.0010,43.05,no
2026-10-05T05:14:16.362898Z,KXSOL15M-26OCT050115-15,0.0010,1.00,no
2026-10-05T05:14:16.362898Z,KXSOL15M-26OCT050115-15,0.0010,200.00,no
2026-10-05T05:14:16.362898Z,KXSOL15M-26OCT050115-15,0.0010,75.00,no
2026-10-05T05:14:16.362898Z,KXSOL15M-26OCT050115-15,0.0010,1.00,no
2026-10-05T05:14:16.362898Z,KXSOL15M-26OCT050115-15,0.0010,1.00,no
2026-10-05T05:14:18.49692Z,KXSOL15M-26OCT050115-15,0.0020,10.00,yes
2026-10-05T05:14:19.791764Z,KXSOL15M-26OCT050115-15,0.0010,6.62,no
2026-10-05T05:14:19.791764Z,KXSOL15M-26OCT050115-15,0.0010,38.00,no
2026-10-05T05:14:19.791764Z,KXSOL15M-26OCT050115-15,0.0010,20.00,no
2026-10-05T05:14:19.791764Z,KXSOL15M-26OCT050115-15,0.0010,10.00,no
2026-10-05T05:14:35.888815Z,KXSOL15M-26OCT050115-15,0.0010,6.02,yes
2026-10-05T05:14:38.03354Z,KXSOL15M-26OCT050115-15,0.0010,5946.64,yes
2026-10-05T05:14:38.03354Z,KXSOL15M-26OCT050115-15,0.0010,154.00,yes
2026-10-05T05:14:38.03354Z,KXSOL15M-26OCT050115-15,0.0010,12.00,yes
2026-10-05T05:14:38.03354Z,KXSOL15M-26OCT050115-15,0.0010,2000.00,yes
2026-10-05T05:14:38.03354Z,KXSOL15M-26OCT050115-15,0.0010,145.00,yes
2026-10-05T05:14:38.03354Z,KXSOL15M-26OCT050115-15,0.0010,3.00,yes
2026-10-05T05:14:38.03354Z,KXSOL15M-26OCT050115-15,0.0010,71.00,yes
2026-10-05T05:14:38.03354Z,KXSOL15M-26OCT050115-15,0.0010,1008.36,yes
2026-10-05T05:14:40.0544Z,KXSOL15M-26OCT050115-15,0.0010,5.07,yes
2026-10-05T05:14:59.000413Z,KXSOL15M-26OCT050115-15,0.0010,14.87,yes
2026-10-05T05:13:37.620182Z,KXDOGE15M-26OCT050115-15,0.9390,17.00,yes
2026-10-05T05:13:37.620182Z,KXDOGE15M-26OCT050115-15,0.9280,6.00,yes
2026-10-05T05:13:37.620182Z,KXDOGE15M-26OCT050115-15,0.9390,2.00,yes
2026-10-05T05:13:37.64874Z,KXDOGE15M-26OCT050115-15,0.9400,1.00,yes
2026-10-05T05:13:37.64874Z,KXDOGE15M-26OCT050115-15,0.9400,48.88,yes
2026-10-05T05:13:37.64874Z,KXDOGE15M-26OCT050115-15,0.9400,10.12,yes
2026-10-05T05:13:37.851739Z,KXDOGE15M-26OCT050115-15,0.9380,21.00,no
2026-10-05T05:13:39.069882Z,KXDOGE15M-26OCT050115-15,0.9210,2.23,no
2026-10-05T05:13:40.948304Z,KXDOGE15M-26OCT050115-15,0.9170,46.00,no
2026-10-05T05:13:40.954162Z,KXDOGE15M-26OCT050115-15,0.9270,23.00,yes
2026-10-05T05:13:40.955238Z,KXDOGE15M-26OCT050115-15,0.9110,1.00,no
2026-10-05T05:13:40.955238Z,KXDOGE15M-26OCT050115-15,0.9100,0.01,no
2026-10-05T05:13:40.955238Z,KXDOGE15M-26OCT050115-15,0.9100,1.00,no
2026-10-05T05:13:40.955238Z,KXDOGE15M-26OCT050115-15,0.9160,1.00,no
2026-10-05T05:13:40.957145Z,KXDOGE15M-26OCT050115-15,0.9000,25.00,no
2026-10-05T05:13:40.960557Z,KXDOGE15M-26OCT050115-15,0.9000,3.00,no
2026-10-05T05:13:40.960557Z,KXDOGE15M-26OCT050115-15,0.8900,25.00,no
2026-10-05T05:13:40.975729Z,KXDOGE15M-26OCT050115-15,0.8800,25.00,no
2026-10-05T05:13:41.091344Z,KXDOGE15M-26OCT050115-15,0.8800,10.00,no
2026-10-05T05:13:41.091344Z,KXDOGE15M-26OCT050115-15,0.8700,33.00,no
2026-10-05T05:13:43.604537Z,KXDOGE15M-26OCT050115-15,0.9290,17.00,yes
2026-10-05T05:13:43.604537Z,KXDOGE15M-26OCT050115-15,0.9090,2.00,yes
2026-10-05T05:13:43.604537Z,KXDOGE15M-26OCT050115-15,0.9300,27.64,yes
2026-10-05T05:13:45.004543Z,KXDOGE15M-26OCT050115-15,0.9280,1.21,yes
2026-10-05T05:13:45.820536Z,KXDOGE15M-26OCT050115-15,0.9390,2.00,yes
2026-10-05T05:13:46.54317Z,KXDOGE15M-26OCT050115-15,0.9440,2.00,yes
2026-10-05T05:13:46.898091Z,KXDOGE15M-26OCT050115-15,0.9470,1.00,yes
2026-10-05T05:13:46.99551Z,KXDOGE15M-26OCT050115-15,0.9470,1.00,no
2026-10-05T05:13:47.001576Z,KXDOGE15M-26OCT050115-15,0.9480,1.00,yes
2026-10-05T05:13:48.119245Z,KXDOGE15M-26OCT050115-15,0.9470,2.00,yes
2026-10-05T05:13:48.119245Z,KXDOGE15M-26OCT050115-15,0.9470,8.00,yes
2026-10-05T05:13:48.188513Z,KXDOGE15M-26OCT050115-15,0.9310,6.00,no
2026-10-05T05:13:48.188513Z,KXDOGE15M-26OCT050115-15,0.9340,22.00,no
2026-10-05T05:13:48.188513Z,KXDOGE15M-26OCT050115-15,0.9320,20.00,no
2026-10-05T05:13:48.18866Z,KXDOGE15M-26OCT050115-15,0.9310,26.00,no
2026-10-05T05:13:48.256455Z,KXDOGE15M-26OCT050115-15,0.9190,30.00,no
2026-10-05T05:13:48.256622Z,KXDOGE15M-26OCT050115-15,0.9190,7.00,no
2026-10-05T05:13:48.260393Z,KXDOGE15M-26OCT050115-15,0.9190,66.00,no
2026-10-05T05:13:48.260393Z,KXDOGE15M-26OCT050115-15,0.9190,11.00,no
2026-10-05T05:13:49.165448Z,KXDOGE15M-26OCT050115-15,0.8500,3.00,no
2026-10-05T05:13:49.426722Z,KXDOGE15M-26OCT050115-15,0.8900,0.13,yes
2026-10-05T05:13:50.005315Z,KXDOGE15M-26OCT050115-15,0.8900,1.41,yes
2026-10-05T05:13:50.289555Z,KXDOGE15M-26OCT050115-15,0.8900,1.89,yes
2026-10-05T05:13:50.916579Z,KXDOGE15M-26OCT050115-15,0.9100,48.00,yes
2026-10-05T05:13:51.577305Z,KXDOGE15M-26OCT050115-15,0.8800,16.00,yes
2026-10-05T05:13:53.617986Z,KXDOGE15M-26OCT050115-15,0.9220,5.29,yes
2026-10-05T05:13:54.366322Z,KXDOGE15M-26OCT050115-15,0.9090,8.00,no
2026-10-05T05:13:55.003684Z,KXDOGE15M-26OCT050115-15,0.9360,1.26,yes
2026-10-05T05:13:55.813331Z,KXDOGE15M-26OCT050115-15,0.9370,7.00,yes
2026-10-05T05:13:56.790646Z,KXDOGE15M-26OCT050115-15,0.9100,0.01,no
2026-10-05T05:13:56.790646Z,KXDOGE15M-26OCT050115-15,0.9120,2.00,no
2026-10-05T05:13:56.790646Z,KXDOGE15M-26OCT050115-15,0.9100,7.00,no
2026-10-05T05:13:56.790646Z,KXDOGE15M-26OCT050115-15,0.9090,1.24,no
2026-10-05T05:13:57.126705Z,KXDOGE15M-26OCT050115-15,0.9310,8.00,no
2026-10-05T05:13:57.567447Z,KXDOGE15M-26OCT050115-15,0.9500,1.00,yes
2026-10-05T05:13:57.567447Z,KXDOGE15M-26OCT050115-15,0.9600,4.00,yes
2026-10-05T05:13:57.567447Z,KXDOGE15M-26OCT050115-15,0.9570,14.00,yes
2026-10-05T05:13:57.567447Z,KXDOGE15M-26OCT050115-15,0.9600,1.00,yes
2026-10-05T05:13:57.567447Z,KXDOGE15M-26OCT050115-15,0.9500,1.00,yes
2026-10-05T05:13:57.567447Z,KXDOGE15M-26OCT050115-15,0.9490,19.00,yes
2026-10-05T05:13:57.567447Z,KXDOGE15M-26OCT050115-15,0.9500,25.00,yes
2026-10-05T05:13:57.567447Z,KXDOGE15M-26OCT050115-15,0.9480,18.00,yes
2026-10-05T05:13:57.567447Z,KXDOGE15M-26OCT050115-15,0.9600,73.65,yes
2026-10-05T05:13:57.567447Z,KXDOGE15M-26OCT050115-15,0.9500,126.78,yes
2026-10-05T05:13:57.567447Z,KXDOGE15M-26OCT050115-15,0.9590,10.00,yes
2026-10-05T05:13:57.567447Z,KXDOGE15M-26OCT050115-15,0.9570,1.00,yes
2026-10-05T05:13:57.567447Z,KXDOGE15M-26OCT050115-15,0.9500,1.00,yes
2026-10-05T05:13:57.567447Z,KXDOGE15M-26OCT050115-15,0.9500,3.00,yes
2026-10-05T05:13:57.567447Z,KXDOGE15M-26OCT050115-15,0.9590,1.00,yes
2026-10-05T05:13:57.567447Z,KXDOGE15M-26OCT050115-15,0.9520,1.00,yes
2026-10-05T05:13:57.567447Z,KXDOGE15M-26OCT050115-15,0.9550,1.00,yes
2026-10-05T05:13:57.567447Z,KXDOGE15M-26OCT050115-15,0.9540,1.00,yes
2026-10-05T05:13:57.567447Z,KXDOGE15M-26OCT050115-15,0.9580,1.00,yes
2026-10-05T05:13:57.567447Z,KXDOGE15M-26OCT050115-15,0.9600,1.00,yes
2026-10-05T05:13:57.567447Z,KXDOGE15M-26OCT050115-15,0.9530,1.00,yes
2026-10-05T05:13:57.567447Z,KXDOGE15M-26OCT050115-15,0.9510,1.00,yes
2026-10-05T05:13:57.567447Z,KXDOGE15M-26OCT050115-15,0.9560,1.00,yes
2026-10-05T05:13:57.567447Z,KXDOGE15M-26OCT050115-15,0.9570,1.00,yes
2026-10-05T05:13:59.293354Z,KXDOGE15M-26OCT050115-15,0.9300,67.06,no
2026-10-05T05:14:00.004719Z,KXDOGE15M-26OCT050115-15,0.9580,1.40,yes
2026-10-05T05:14:00.325887Z,KXDOGE15M-26OCT050115-15,0.9610,1.00,yes
2026-10-05T05:14:01.109645Z,KXDOGE15M-26OCT050115-15,0.9600,1.00,no
2026-10-05T05:14:01.163447Z,KXDOGE15M-26OCT050115-15,0.9310,24.06,no
2026-10-05T05:14:01.163447Z,KXDOGE15M-26OCT050115-15,0.9600,0.76,no
2026-10-05T05:14:01.163447Z,KXDOGE15M-26OCT050115-15,0.9570,0.01,no
2026-10-05T05:14:01.441449Z,KXDOGE15M-26OCT050115-15,0.9700,1.00,yes
2026-10-05T05:14:01.441449Z,KXDOGE15M-26OCT050115-15,0.9700,25.00,yes
2026-10-05T05:14:01.441449Z,KXDOGE15M-26OCT050115-15,0.9640,36.00,yes
2026-10-05T05:14:01.441449Z,KXDOGE15M-26OCT050115-15,0.9690,22.00,yes
2026-10-05T05:14:01.441449Z,KXDOGE15M-26OCT050115-15,0.9700,156.00,yes
2026-10-05T05:14:01.441449Z,KXDOGE15M-26OCT050115-15,0.9700,10.00,yes
2026-10-05T05:14:01.441449Z,KXDOGE15M-26OCT050115-15,0.9690,1.00,yes
2026-10-05T05:14:01.441449Z,KXDOGE15M-26OCT050115-15,0.9700,1.00,yes
2026-10-05T05:14:01.441449Z,KXDOGE15M-26OCT050115-15,0.9700,5.00,yes
2026-10-05T05:14:01.540099Z,KXDOGE15M-26OCT050115-15,0.9600,1.00,no
2026-10-05T05:14:01.593012Z,KXDOGE15M-26OCT050115-15,0.9610,0.74,no
2026-10-05T05:14:01.655033Z,KXDOGE15M-26OCT050115-15,0.9610,4.00,no
2026-10-05T05:14:02.415008Z,KXDOGE15M-26OCT050115-15,0.9700,8.00,yes
2026-10-05T05:14:02.415008Z,KXDOGE15M-26OCT050115-15,0.9700,1.00,yes
2026-10-05T05:14:02.935141Z,KXDOGE15M-26OCT050115-15,0.9610,0.26,no
2026-10-05T05:14:02.935141Z,KXDOGE15M-26OCT050115-15,0.9600,0.76,no
2026-10-05T05:14:02.935141Z,KXDOGE15M-26OCT050115-15,0.9510,8.42,no
2026-10-05T05:14:03.573825Z,KXDOGE15M-26OCT050115-15,0.9730,1.00,yes
2026-10-05T05:14:03.573825Z,KXDOGE15M-26OCT050115-15,0.9720,1.00,yes
2026-10-05T05:14:04.052238Z,KXDOGE15M-26OCT050115-15,0.9520,0.12,no
2026-10-05T05:14:04.052238Z,KXDOGE15M-26OCT050115-15,0.9520,2.00,no
2026-10-05T05:14:04.227225Z,KXDOGE15M-26OCT050115-15,0.9780,19.00,yes
2026-10-05T05:14:05.398208Z,KXDOGE15M-26OCT050115-15,0.9710,1.56,no
2026-10-05T05:14:06.587978Z,KXDOGE15M-26OCT050115-15,0.9760,4.09,yes
2026-10-05T05:14:06.839981Z,KXDOGE15M-26OCT050115-15,0.9790,1.00,yes
2026-10-05T05:14:06.839981Z,KXDOGE15M-26OCT050115-15,0.9820,37.05,yes
2026-10-05T05:14:06.839981Z,KXDOGE15M-26OCT050115-15,0.9800,50.00,yes
2026-10-05T05:14:06.839981Z,KXDOGE15M-26OCT050115-15,0.9800,5.00,yes
2026-10-05T05:14:06.839981Z,KXDOGE15M-26OCT050115-15,0.9780,5.00,yes
2026-10-05T05:14:06.839981Z,KXDOGE15M-26OCT050115-15,0.9790,5.00,yes
2026-10-05T05:14:06.839981Z,KXDOGE15M-26OCT050115-15,0.9760,19.00,yes
2026-10-05T05:14:06.839981Z,KXDOGE15M-26OCT050115-15,0.9770,5.00,yes
2026-10-05T05:14:06.839981Z,KXDOGE15M-26OCT050115-15,0.9760,0.91,yes
2026-10-05T05:14:06.839981Z,KXDOGE15M-26OCT050115-15,0.9780,1.00,yes
2026-10-05T05:14:06.839981Z,KXDOGE15M-26OCT050115-15,0.9790,19.00,yes
2026-10-05T05:14:06.839981Z,KXDOGE15M-26OCT050115-15,0.9820,1.00,yes
2026-10-05T05:14:06.839981Z,KXDOGE15M-26OCT050115-15,0.9810,1.00,yes
2026-10-05T05:14:06.839981Z,KXDOGE15M-26OCT050115-15,0.9800,1.00,yes
2026-10-05T05:14:06.839981Z,KXDOGE15M-26OCT050115-15,0.9810,5.00,yes
2026-10-05T05:14:06.839981Z,KXDOGE15M-26OCT050115-15,0.9820,5.00,yes
2026-10-05T05:14:06.995903Z,KXDOGE15M-26OCT050115-15,0.9760,5.00,no
2026-10-05T05:14:06.995903Z,KXDOGE15M-26OCT050115-15,0.9760,5.00,no
2026-10-05T05:14:06.995903Z,KXDOGE15M-26OCT050115-15,0.9760,5.00,no
2026-10-05T05:14:06.995903Z,KXDOGE15M-26OCT050115-15,0.9760,5.00,no
2026-10-05T05:14:06.995903Z,KXDOGE15M-26OCT050115-15,0.9760,5.00,no
2026-10-05T05:14:06.995903Z,KXDOGE15M-26OCT050115-15,0.9760,5.00,no
2026-10-05T05:14:07.135411Z,KXDOGE15M-26OCT050115-15,0.9760,0.01,no
2026-10-05T05:14:07.135411Z,KXDOGE15M-26OCT050115-15,0.9750,0.91,no
2026-10-05T05:14:07.135411Z,KXDOGE15M-26OCT050115-15,0.9750,4.09,no
2026-10-05T05:14:07.135411Z,KXDOGE15M-26OCT050115-15,0.9720,11.00,no
2026-10-05T05:14:07.135411Z,KXDOGE15M-26OCT050115-15,0.9560,27.00,no
2026-10-05T05:14:07.135411Z,KXDOGE15M-26OCT050115-15,0.9700,20.00,no
2026-10-05T05:14:07.135411Z,KXDOGE15M-26OCT050115-15,0.9750,3.15,no
2026-10-05T05:14:07.135411Z,KXDOGE15M-26OCT050115-15,0.9550,22.50,no
2026-10-05T05:14:07.135411Z,KXDOGE15M-26OCT050115-15,0.9500,69.93,no
2026-10-05T05:14:07.989977Z,KXDOGE15M-26OCT050115-15,0.9780,23.67,yes
2026-10-05T05:14:08.206607Z,KXDOGE15M-26OCT050115-15,0.9740,5.00,yes
2026-10-05T05:14:08.32075Z,KXDOGE15M-26OCT050115-15,0.9750,5.00,yes
2026-10-05T05:14:08.853203Z,KXDOGE15M-26OCT050115-15,0.9830,20.00,yes
2026-10-05T05:14:08.853203Z,KXDOGE15M-26OCT050115-15,0.9840,1.00,yes
2026-10-05T05:14:08.853203Z,KXDOGE15M-26OCT050115-15,0.9850,1.00,yes
2026-10-05T05:14:08.853203Z,KXDOGE15M-26OCT050115-15,0.9830,1.00,yes
2026-10-05T05:14:08.853203Z,KXDOGE15M-26OCT050115-15,0.9860,1.00,yes
2026-10-05T05:14:08.853203Z,KXDOGE15M-26OCT050115-15,0.9860,2.00,yes
2026-10-05T05:14:08.853203Z,KXDOGE15M-26OCT050115-15,0.9840,5.00,yes
2026-10-05T05:14:08.853203Z,KXDOGE15M-26OCT050115-15,0.9830,5.00,yes
2026-10-05T05:14:08.853203Z,KXDOGE15M-26OCT050115-15,0.9850,5.00,yes
2026-10-05T05:14:08.853413Z,KXDOGE15M-26OCT050115-15,0.9860,32.00,yes
2026-10-05T05:14:08.853413Z,KXDOGE15M-26OCT050115-15,0.9870,41.00,yes
2026-10-05T05:14:08.853413Z,KXDOGE15M-26OCT050115-15,0.9860,3.00,yes
2026-10-05T05:14:08.853459Z,KXDOGE15M-26OCT050115-15,0.9870,100.00,yes
2026-10-05T05:14:09.014762Z,KXDOGE15M-26OCT050115-15,0.9820,39.00,yes
2026-10-05T05:14:09.207196Z,KXDOGE15M-26OCT050115-15,0.9870,18.00,yes
2026-10-05T05:14:09.207196Z,KXDOGE15M-26OCT050115-15,0.9870,19.00,yes
2026-10-05T05:14:09.513657Z,KXDOGE15M-26OCT050115-15,0.9880,41.00,yes
2026-10-05T05:14:09.66376Z,KXDOGE15M-26OCT050115-15,0.9880,4.00,yes
2026-10-05T05:14:09.864712Z,KXDOGE15M-26OCT050115-15,0.9880,50.00,yes
2026-10-05T05:14:09.906098Z,KXDOGE15M-26OCT050115-15,0.9880,8.00,yes
2026-10-05T05:14:10.069675Z,KXDOGE15M-26OCT050115-15,0.9820,44.00,no
2026-10-05T05:14:10.069675Z,KXDOGE15M-26OCT050115-15,0.9810,18.12,no
2026-10-05T05:14:10.069675Z,KXDOGE15M-26OCT050115-15,0.9810,41.00,no
2026-10-05T05:14:10.069675Z,KXDOGE15M-26OCT050115-15,0.9850,2.00,no
2026-10-05T05:14:10.069675Z,KXDOGE15M-26OCT050115-15,0.9840,5.00,no
2026-10-05T05:14:10.069675Z,KXDOGE15M-26OCT050115-15,0.9850,3.00,no
2026-10-05T05:14:10.069675Z,KXDOGE15M-26OCT050115-15,0.9820,5.00,no
2026-10-05T05:14:10.069675Z,KXDOGE15M-26OCT050115-15,0.9830,5.00,no
2026-10-05T05:14:10.422701Z,KXDOGE15M-26OCT050115-15,0.9830,9.00,yes
2026-10-05T05:14:10.478274Z,KXDOGE15M-26OCT050115-15,0.9800,3.13,no
2026-10-05T05:14:10.478274Z,KXDOGE15M-26OCT050115-15,0.9810,81.88,no
2026-10-05T05:14:10.478274Z,KXDOGE15M-26OCT050115-15,0.9800,11.00,no
2026-10-05T05:14:10.478274Z,KXDOGE15M-26OCT050115-15,0.9810,19.00,no
2026-10-05T05:14:10.496719Z,KXDOGE15M-26OCT050115-15,0.9740,5.00,no
2026-10-05T05:14:10.496719Z,KXDOGE15M-26OCT050115-15,0.9720,5.00,no
2026-10-05T05:14:10.549964Z,KXDOGE15M-26OCT050115-15,0.9630,44.00,yes
2026-10-05T05:14:10.573308Z,KXDOGE15M-26OCT050115-15,0.9630,75.00,yes
2026-10-05T05:14:10.645963Z,KXDOGE15M-26OCT050115-15,0.9630,10.00,yes
2026-10-05T05:14:10.665573Z,KXDOGE15M-26OCT050115-15,0.9500,13.00,no
2026-10-05T05:14:10.665573Z,KXDOGE15M-26OCT050115-15,0.9620,3.00,no
2026-10-05T05:14:10.724978Z,KXDOGE15M-26OCT050115-15,0.9500,14.00,no
2026-10-05T05:14:10.745426Z,KXDOGE15M-26OCT050115-15,0.9500,3.07,no
2026-10-05T05:14:10.756996Z,KXDOGE15M-26OCT050115-15,0.9750,2.00,yes
2026-10-05T05:14:10.763558Z,KXDOGE15M-26OCT050115-15,0.9750,1.00,yes
2026-10-05T05:14:10.769884Z,KXDOGE15M-26OCT050115-15,0.9790,10.00,yes
2026-10-05T05:14:10.769884Z,KXDOGE15M-26OCT050115-15,0.9800,86.00,yes
2026-10-05T05:14:10.769884Z,KXDOGE15M-26OCT050115-15,0.9770,3.00,yes
2026-10-05T05:14:10.769884Z,KXDOGE15M-26OCT050115-15,0.9760,3.00,yes
2026-10-05T05:14:10.769884Z,KXDOGE15M-26OCT050115-15,0.9800,18.00,yes
2026-10-05T05:14:10.906487Z,KXDOGE15M-26OCT050115-15,0.9310,10.00,yes
2026-10-05T05:14:11.115513Z,KXDOGE15M-26OCT050115-15,0.9090,1.00,yes
2026-10-05T05:14:11.139066Z,KXDOGE15M-26OCT050115-15,0.8500,13.00,no
2026-10-05T05:14:11.348631Z,KXDOGE15M-26OCT050115-15,0.8400,17.00,no
2026-10-05T05:14:11.348631Z,KXDOGE15M-26OCT050115-15,0.8500,9.00,no
2026-10-05T05:14:11.350647Z,KXDOGE15M-26OCT050115-15,0.8900,5.00,yes
2026-10-05T05:14:11.426452Z,KXDOGE15M-26OCT050115-15,0.9100,17.00,yes
2026-10-05T05:14:11.426452Z,KXDOGE15M-26OCT050115-15,0.9290,17.00,yes
2026-10-05T05:14:11.426452Z,KXDOGE15M-26OCT050115-15,0.9300,210.00,yes
2026-10-05T05:14:11.817551Z,KXDOGE15M-26OCT050115-15,0.9210,55.00,yes
2026-10-05T05:14:11.817551Z,KXDOGE15M-26OCT050115-15,0.9300,17.00,yes
2026-10-05T05:14:11.817551Z,KXDOGE15M-26OCT050115-15,0.9200,105.00,yes
2026-10-05T05:14:11.817551Z,KXDOGE15M-26OCT050115-15,0.9480,482.23,yes
2026-10-05T05:14:11.817551Z,KXDOGE15M-26OCT050115-15,0.9470,200.00,yes
2026-10-05T05:14:11.817551Z,KXDOGE15M-26OCT050115-15,0.9310,200.00,yes
2026-10-05T05:14:12.180101Z,KXDOGE15M-26OCT050115-15,0.9500,79.00,yes
2026-10-05T05:14:12.263029Z,KXDOGE15M-26OCT050115-15,0.9500,15.00,yes
2026-10-05T05:14:12.283214Z,KXDOGE15M-26OCT050115-15,0.9500,25.00,yes
2026-10-05T05:14:13.431126Z,KXDOGE15M-26OCT050115-15,0.9310,0.98,no
2026-10-05T05:14:14.171279Z,KXDOGE15M-26OCT050115-15,0.9450,30.00,yes
2026-10-05T05:14:14.299746Z,KXDOGE15M-26OCT050115-15,0.9590,30.00,yes
2026-10-05T05:14:14.408636Z,KXDOGE15M-26OCT050115-15,0.9590,51.64,yes
2026-10-05T05:14:15.007029Z,KXDOGE15M-26OCT050115-15,0.9590,0.82,yes
2026-10-05T05:14:15.218945Z,KXDOGE15M-26OCT050115-15,0.9610,0.46,yes
2026-10-05T05:14:15.218945Z,KXDOGE15M-26OCT050115-15,0.9590,0.54,yes
2026-10-05T05:14:15.218945Z,KXDOGE15M-26OCT050115-15,0.9590,81.00,yes
2026-10-05T05:14:15.218945Z,KXDOGE15M-26OCT050115-15,0.9590,23.00,yes
2026-10-05T05:14:15.218945Z,KXDOGE15M-26OCT050115-15,0.9600,83.00,yes
2026-10-05T05:14:15.998325Z,KXDOGE15M-26OCT050115-15,0.9600,9.00,yes
2026-10-05T05:14:16.043812Z,KXDOGE15M-26OCT050115-15,0.9500,3.22,no
2026-10-05T05:14:16.055047Z,KXDOGE15M-26OCT050115-15,0.9600,74.00,yes
2026-10-05T05:14:16.055047Z,KXDOGE15M-26OCT050115-15,0.9620,64.00,yes
2026-10-05T05:14:16.055047Z,KXDOGE15M-26OCT050115-15,0.9610,22.00,yes
2026-10-05T05:14:16.168214Z,KXDOGE15M-26OCT050115-15,0.9620,9.00,yes
2026-10-05T05:14:16.480652Z,KXDOGE15M-26OCT050115-15,0.9540,0.01,no
2026-10-05T05:14:16.480652Z,KXDOGE15M-26OCT050115-15,0.9520,41.00,no
2026-10-05T05:14:16.480652Z,KXDOGE15M-26OCT050115-15,0.9530,32.00,no
2026-10-05T05:14:16.480652Z,KXDOGE15M-26OCT050115-15,0.9540,41.00,no
2026-10-05T05:14:16.480652Z,KXDOGE15M-26OCT050115-15,0.9450,9.88,no
2026-10-05T05:14:16.480652Z,KXDOGE15M-26OCT050115-15,0.9440,1.00,no
2026-10-05T05:14:16.480652Z,KXDOGE15M-26OCT050115-15,0.9310,1.00,no
2026-10-05T05:14:16.480652Z,KXDOGE15M-26OCT050115-15,0.9430,1.00,no
2026-10-05T05:14:16.480652Z,KXDOGE15M-26OCT050115-15,0.9060,298.43,no
2026-10-05T05:14:16.480652Z,KXDOGE15M-26OCT050115-15,0.9500,206.78,no
2026-10-05T05:14:17.509209Z,KXDOGE15M-26OCT050115-15,0.9620,1.00,yes
2026-10-05T05:14:17.509209Z,KXDOGE15M-26OCT050115-15,0.9630,1.00,yes
2026-10-05T05:14:18.29861Z,KXDOGE15M-26OCT050115-15,0.9500,131.87,no
2026-10-05T05:14:18.29861Z,KXDOGE15M-26OCT050115-15,0.9510,22.40,no
2026-10-05T05:14:18.29861Z,KXDOGE15M-26OCT050115-15,0.9510,32.00,no
2026-10-05T05:14:18.512838Z,KXDOGE15M-26OCT050115-15,0.9710,0.20,yes
2026-10-05T05:14:18.553566Z,KXDOGE15M-26OCT050115-15,0.9510,103.00,no
2026-10-05T05:14:18.553566Z,KXDOGE15M-26OCT050115-15,0.9520,0.20,no
2026-10-05T05:14:18.553566Z,KXDOGE15M-26OCT050115-15,0.9520,34.00,no
2026-10-05T05:14:18.582223Z,KXDOGE15M-26OCT050115-15,0.9130,210.00,yes
2026-10-05T05:14:18.626567Z,KXDOGE15M-26OCT050115-15,0.9130,219.00,yes
2026-10-05T05:14:18.644647Z,KXDOGE15M-26OCT050115-15,0.9130,43.00,yes
2026-10-05T05:14:18.649323Z,KXDOGE15M-26OCT050115-15,0.9130,14.00,yes
2026-10-05T05:14:18.864821Z,KXDOGE15M-26OCT050115-15,0.9280,2.00,yes
2026-10-05T05:14:19.298328Z,KXDOGE15M-26OCT050115-15,0.8900,46.64,no
2026-10-05T05:14:19.737455Z,KXDOGE15M-26OCT050115-15,0.8900,20.00,no
2026-10-05T05:14:19.782916Z,KXDOGE15M-26OCT050115-15,0.8900,1.00,no
2026-10-05T05:14:19.931438Z,KXDOGE15M-26OCT050115-15,0.8900,10.00,no
2026-10-05T05:14:20.062678Z,KXDOGE15M-26OCT050115-15,0.9000,22.00,no
2026-10-05T05:14:20.721151Z,KXDOGE15M-26OCT050115-15,0.9480,0.01,yes
2026-10-05T05:14:22.071124Z,KXDOGE15M-26OCT050115-15,0.9690,7.00,yes
2026-10-05T05:14:22.945897Z,KXDOGE15M-26OCT050115-15,0.9690,2.37,no
2026-10-05T05:14:22.945897Z,KXDOGE15M-26OCT050115-15,0.9700,0.01,no
2026-10-05T05:14:23.631438Z,KXDOGE15M-26OCT050115-15,0.9800,12.00,yes
2026-10-05T05:14:23.688904Z,KXDOGE15M-26OCT050115-15,0.9790,7.00,no
2026-10-05T05:14:25.345226Z,KXDOGE15M-26OCT050115-15,0.9530,31.17,no
2026-10-05T05:14:25.345226Z,KXDOGE15M-26OCT050115-15,0.9660,1.00,no
2026-10-05T05:14:25.345226Z,KXDOGE15M-26OCT050115-15,0.9650,1.00,no
2026-10-05T05:14:25.345226Z,KXDOGE15M-26OCT050115-15,0.9690,0.63,no
2026-10-05T05:14:25.345226Z,KXDOGE15M-26OCT050115-15,0.9800,0.40,no
2026-10-05T05:14:25.345226Z,KXDOGE15M-26OCT050115-15,0.9670,3.00,no
2026-10-05T05:14:25.345226Z,KXDOGE15M-26OCT050115-15,0.9670,1.00,no
2026-10-05T05:14:25.345226Z,KXDOGE15M-26OCT050115-15,0.9750,1.00,no
2026-10-05T05:14:25.345226Z,KXDOGE15M-26OCT050115-15,0.9740,1.00,no
2026-10-05T05:14:25.345226Z,KXDOGE15M-26OCT050115-15,0.9760,1.00,no
2026-10-05T05:14:28.444398Z,KXDOGE15M-26OCT050115-15,0.9860,8.00,yes
2026-10-05T05:14:28.779014Z,KXDOGE15M-26OCT050115-15,0.9870,35.00,yes
2026-10-05T05:14:28.779014Z,KXDOGE15M-26OCT050115-15,0.9870,5.00,yes
2026-10-05T05:14:28.782505Z,KXDOGE15M-26OCT050115-15,0.9600,0.01,no
2026-10-05T05:14:28.782505Z,KXDOGE15M-26OCT050115-15,0.9610,37.00,no
2026-10-05T05:14:28.782505Z,KXDOGE15M-26OCT050115-15,0.9690,4.00,no
2026-10-05T05:14:28.782505Z,KXDOGE15M-26OCT050115-15,0.9690,10.00,no
2026-10-05T05:14:28.782505Z,KXDOGE15M-26OCT050115-15,0.9690,3.00,no
2026-10-05T05:14:28.782505Z,KXDOGE15M-26OCT050115-15,0.9680,9.00,no
2026-10-05T05:14:28.782505Z,KXDOGE15M-26OCT050115-15,0.9720,0.01,no
2026-10-05T05:14:28.782505Z,KXDOGE15M-26OCT050115-15,0.9710,11.00,no
2026-10-05T05:14:28.782505Z,KXDOGE15M-26OCT050115-15,0.9710,4.00,no
2026-10-05T05:14:28.782505Z,KXDOGE15M-26OCT050115-15,0.9600,48.94,no
2026-10-05T05:14:28.907603Z,KXDOGE15M-26OCT050115-15,0.9820,6.00,no
2026-10-05T05:14:28.970938Z,KXDOGE15M-26OCT050115-15,0.9620,3.00,no
2026-10-05T05:14:28.970938Z,KXDOGE15M-26OCT050115-15,0.9810,35.00,no
2026-10-05T05:14:28.970938Z,KXDOGE15M-26OCT050115-15,0.9610,37.00,no
2026-10-05T05:14:28.970938Z,KXDOGE15M-26OCT050115-15,0.9610,10.00,no
2026-10-05T05:14:28.970938Z,KXDOGE15M-26OCT050115-15,0.9820,5.00,no
2026-10-05T05:14:28.970938Z,KXDOGE15M-26OCT050115-15,0.9620,17.00,no
2026-10-05T05:14:28.970938Z,KXDOGE15M-26OCT050115-15,0.9600,137.09,no
2026-10-05T05:14:29.180309Z,KXDOGE15M-26OCT050115-15,0.9860,20.00,yes
2026-10-05T05:14:29.572278Z,KXDOGE15M-26OCT050115-15,0.9870,15.88,yes
2026-10-05T05:14:29.572278Z,KXDOGE15M-26OCT050115-15,0.9870,6.00,yes
2026-10-05T05:14:29.572278Z,KXDOGE15M-26OCT050115-15,0.9870,18.12,yes
2026-10-05T05:14:29.705242Z,KXDOGE15M-26OCT050115-15,0.9870,40.00,yes
2026-10-05T05:14:29.749118Z,KXDOGE15M-26OCT050115-15,0.9870,3.00,yes
2026-10-05T05:14:30.033007Z,KXDOGE15M-26OCT050115-15,0.9880,32.00,yes
2026-10-05T05:14:30.033007Z,KXDOGE15M-26OCT050115-15,0.9870,35.00,yes
2026-10-05T05:14:30.033007Z,KXDOGE15M-26OCT050115-15,0.9870,18.00,yes
2026-10-05T05:14:30.033007Z,KXDOGE15M-26OCT050115-15,0.9870,19.00,yes
2026-10-05T05:14:30.033007Z,KXDOGE15M-26OCT050115-15,0.9870,23.00,yes
2026-10-05T05:14:30.351996Z,KXDOGE15M-26OCT050115-15,0.9860,1.00,no
2026-10-05T05:14:30.351996Z,KXDOGE15M-26OCT050115-15,0.9850,1.57,no
2026-10-05T05:14:30.382108Z,KXDOGE15M-26OCT050115-15,0.9850,4.11,no
2026-10-05T05:14:30.63523Z,KXDOGE15M-26OCT050115-15,0.9870,1.66,no
2026-10-05T05:14:30.63523Z,KXDOGE15M-26OCT050115-15,0.9810,0.83,no
2026-10-05T05:14:31.115456Z,KXDOGE15M-26OCT050115-15,0.9880,2.04,yes
2026-10-05T05:14:31.202075Z,KXDOGE15M-26OCT050115-15,0.9880,3.00,yes
2026-10-05T05:14:31.209087Z,KXDOGE15M-26OCT050115-15,0.9880,3.00,yes
2026-10-05T05:14:31.229893Z,KXDOGE15M-26OCT050115-15,0.9880,25.00,yes
2026-10-05T05:14:31.369177Z,KXDOGE15M-26OCT050115-15,0.9880,13.00,yes
2026-10-05T05:14:31.797233Z,KXDOGE15M-26OCT050115-15,0.9880,6.00,yes
2026-10-05T05:14:31.803946Z,KXDOGE15M-26OCT050115-15,0.9880,3.00,yes
2026-10-05T05:14:31.841632Z,KXDOGE15M-26OCT050115-15,0.9830,5.27,no
2026-10-05T05:14:31.841632Z,KXDOGE15M-26OCT050115-15,0.9870,0.02,no
2026-10-05T05:14:32.070045Z,KXDOGE15M-26OCT050115-15,0.9880,8.44,yes
2026-10-05T05:14:32.460855Z,KXDOGE15M-26OCT050115-15,0.9880,1.52,yes
2026-10-05T05:14:32.460855Z,KXDOGE15M-26OCT050115-15,0.9880,1.48,yes
2026-10-05T05:14:32.557557Z,KXDOGE15M-26OCT050115-15,0.9890,8.00,yes
2026-10-05T05:14:32.705491Z,KXDOGE15M-26OCT050115-15,0.9890,20.00,yes
2026-10-05T05:14:32.705491Z,KXDOGE15M-26OCT050115-15,0.9890,1.00,yes
2026-10-05T05:14:32.705491Z,KXDOGE15M-26OCT050115-15,0.9890,10.00,yes
2026-10-05T05:14:32.705491Z,KXDOGE15M-26OCT050115-15,0.9890,2.00,yes
2026-10-05T05:14:32.705491Z,KXDOGE15M-26OCT050115-15,0.9890,100.00,yes
2026-10-05T05:14:32.705491Z,KXDOGE15M-26OCT050115-15,0.9890,2.00,yes
2026-10-05T05:14:32.705491Z,KXDOGE15M-26OCT050115-15,0.9890,53.00,yes
2026-10-05T05:14:32.705491Z,KXDOGE15M-26OCT050115-15,0.9890,11.00,yes
2026-10-05T05:14:32.705491Z,KXDOGE15M-26OCT050115-15,0.9890,1.00,yes
2026-10-05T05:14:33.069352Z,KXDOGE15M-26OCT050115-15,0.9900,5.00,yes
2026-10-05T05:14:33.069352Z,KXDOGE15M-26OCT050115-15,0.9900,9.72,yes
2026-10-05T05:14:33.07047Z,KXDOGE15M-26OCT050115-15,0.9900,0.14,yes
2026-10-05T05:14:33.07047Z,KXDOGE15M-26OCT050115-15,0.9900,1.29,yes
2026-10-05T05:14:33.07047Z,KXDOGE15M-26OCT050115-15,0.9900,2.57,yes
2026-10-05T05:14:33.078131Z,KXDOGE15M-26OCT050115-15,0.9900,2.00,yes
2026-10-05T05:14:33.15617Z,KXDOGE15M-26OCT050115-15,0.9910,5.00,yes
2026-10-05T05:14:33.15617Z,KXDOGE15M-26OCT050115-15,0.9930,5.00,yes
2026-10-05T05:14:33.15617Z,KXDOGE15M-26OCT050115-15,0.9920,5.00,yes
2026-10-05T05:14:33.15617Z,KXDOGE15M-26OCT050115-15,0.9940,5.00,yes
2026-10-05T05:14:33.15617Z,KXDOGE15M-26OCT050115-15,0.9900,1.12,yes
2026-10-05T05:14:33.15617Z,KXDOGE15M-26OCT050115-15,0.9900,6.16,yes
2026-10-05T05:14:33.15617Z,KXDOGE15M-26OCT050115-15,0.9900,12.00,yes
2026-10-05T05:14:33.15617Z,KXDOGE15M-26OCT050115-15,0.9900,145.72,yes
2026-10-05T05:14:33.219021Z,KXDOGE15M-26OCT050115-15,0.9940,17.00,no
2026-10-05T05:14:33.450054Z,KXDOGE15M-26OCT050115-15,0.9940,118.77,no
2026-10-05T05:14:34.782596Z,KXDOGE15M-26OCT050115-15,0.9950,5.00,yes
2026-10-05T05:14:34.782596Z,KXDOGE15M-26OCT050115-15,0.9960,5.00,yes
2026-10-05T05:14:34.782596Z,KXDOGE15M-26OCT050115-15,0.9970,5.00,yes
2026-10-05T05:14:34.782596Z,KXDOGE15M-26OCT050115-15,0.9980,3.76,yes
2026-10-05T05:14:34.782596Z,KXDOGE15M-26OCT050115-15,0.9960,3.00,yes
2026-10-05T05:14:34.782596Z,KXDOGE15M-26OCT050115-15,0.9960,1.00,yes
2026-10-05T05:14:34.782596Z,KXDOGE15M-26OCT050115-15,0.9970,2.00,yes
2026-10-05T05:14:34.782596Z,KXDOGE15M-26OCT050115-15,0.9970,2.00,yes
2026-10-05T05:14:34.782596Z,KXDOGE15M-26OCT050115-15,0.9960,1.00,yes
2026-10-05T05:14:34.782596Z,KXDOGE15M-26OCT050115-15,0.9960,1.00,yes
2026-10-05T05:14:34.782596Z,KXDOGE15M-26OCT050115-15,0.9970,2.00,yes
2026-10-05T05:14:34.782596Z,KXDOGE15M-26OCT050115-15,0.9960,1.00,yes
2026-10-05T05:14:34.782596Z,KXDOGE15M-26OCT050115-15,0.9950,11.00,yes
2026-10-05T05:14:34.782596Z,KXDOGE15M-26OCT050115-15,0.9970,2.00,yes
2026-10-05T05:14:34.782596Z,KXDOGE15M-26OCT050115-15,0.9960,1.00,yes
2026-10-05T05:14:34.782596Z,KXDOGE15M-26OCT050115-15,0.9970,2.00,yes
2026-10-05T05:14:34.782596Z,KXDOGE15M-26OCT050115-15,0.9970,18.00,yes
2026-10-05T05:14:34.782596Z,KXDOGE15M-26OCT050115-15,0.9960,13.00,yes
2026-10-05T05:14:34.802477Z,KXDOGE15M-26OCT050115-15,0.9970,2.00,yes
2026-10-05T05:14:35.030791Z,KXDOGE15M-26OCT050115-15,0.9950,5.00,no
2026-10-05T05:14:35.036714Z,KXDOGE15M-26OCT050115-15,0.9950,1.00,no
2026-10-05T05:14:35.043032Z,KXDOGE15M-26OCT050115-15,0.9950,1.00,no
2026-10-05T05:14:36.013681Z,KXDOGE15M-26OCT050115-15,0.9950,9.16,no
2026-10-05T05:14:36.065824Z,KXDOGE15M-26OCT050115-15,0.9980,3.76,yes
2026-10-05T05:14:36.065824Z,KXDOGE15M-26OCT050115-15,0.9980,396.24,yes
2026-10-05T05:14:36.260556Z,KXDOGE15M-26OCT050115-15,0.9950,23.82,no
2026-10-05T05:14:36.434456Z,KXDOGE15M-26OCT050115-15,0.9950,3.02,no
2026-10-05T05:14:36.434456Z,KXDOGE15M-26OCT050115-15,0.9950,144.62,no
2026-10-05T05:14:36.434456Z,KXDOGE15M-26OCT050115-15,0.9950,5.00,no
2026-10-05T05:14:36.434456Z,KXDOGE15M-26OCT050115-15,0.9950,3.00,no
2026-10-05T05:14:36.434456Z,KXDOGE15M-26OCT050115-15,0.9950,0.16,no
2026-10-05T05:14:36.434456Z,KXDOGE15M-26OCT050115-15,0.9950,3.82,no
2026-10-05T05:14:37.330392Z,KXDOGE15M-26OCT050115-15,0.9990,374.76,yes
2026-10-05T05:14:37.330392Z,KXDOGE15M-26OCT050115-15,0.9980,96.24,yes
2026-10-05T05:14:37.330392Z,KXDOGE15M-26OCT050115-15,0.9980,5.00,yes
2026-10-05T05:14:37.330392Z,KXDOGE15M-26OCT050115-15,0.9980,3.00,yes
2026-10-05T05:14:37.330392Z,KXDOGE15M-26OCT050115-15,0.9980,10.00,yes
2026-10-05T05:14:37.330392Z,KXDOGE15M-26OCT050115-15,0.9980,57.00,yes
2026-10-05T05:14:37.330392Z,KXDOGE15M-26OCT050115-15,0.9980,26.00,yes
2026-10-05T05:14:37.330392Z,KXDOGE15M-26OCT050115-15,0.9980,3.00,yes
2026-10-05T05:14:37.330392Z,KXDOGE15M-26OCT050115-15,0.9980,3.00,yes
2026-10-05T05:14:37.330392Z,KXDOGE15M-26OCT050115-15,0.9980,3.00,yes
2026-10-05T05:14:37.330392Z,KXDOGE15M-26OCT050115-15,0.9980,3.00,yes
2026-10-05T05:14:37.330392Z,KXDOGE15M-26OCT050115-15,0.9980,3.00,yes
2026-10-05T05:14:37.42923Z,KXDOGE15M-26OCT050115-15,0.9990,1.00,yes
2026-10-05T05:14:39.535786Z,KXDOGE15M-26OCT050115-15,0.9980,57.73,no
2026-10-05T05:14:40.835863Z,KXDOGE15M-26OCT050115-15,0.9990,12.00,yes
2026-10-05T05:14:41.805485Z,KXDOGE15M-26OCT050115-15,0.9990,41.13,yes
2026-10-05T05:14:42.497951Z,KXDOGE15M-26OCT050115-15,0.9980,10.00,no
2026-10-05T05:14:46.271397Z,KXDOGE15M-26OCT050115-15,0.9980,3.00,no
2026-10-05T05:14:46.271397Z,KXDOGE15M-26OCT050115-15,0.9960,4.00,no
2026-10-05T05:14:46.271397Z,KXDOGE15M-26OCT050115-15,0.9980,12.00,no
2026-10-05T05:14:46.271397Z,KXDOGE15M-26OCT050115-15,0.9980,3.00,no
2026-10-05T05:14:46.271397Z,KXDOGE15M-26OCT050115-15,0.9980,41.13,no
2026-10-05T05:14:46.271397Z,KXDOGE15M-26OCT050115-15,0.9970,5.00,no
2026-10-05T05:14:46.271397Z,KXDOGE15M-26OCT050115-15,0.9980,307.03,no
2026-10-05T05:14:46.271397Z,KXDOGE15M-26OCT050115-15,0.9980,1.00,no
2026-10-05T05:14:46.271397Z,KXDOGE15M-26OCT050115-15,0.9950,218.77,no
2026-10-05T05:14:46.497229Z,KXDOGE15M-26OCT050115-15,0.9980,3.92,yes
2026-10-05T05:14:46.753164Z,KXDOGE15M-26OCT050115-15,0.9980,2.00,yes
2026-10-05T05:14:46.759525Z,KXDOGE15M-26OCT050115-15,0.9980,2.00,yes
2026-10-05T05:14:47.202965Z,KXDOGE15M-26OCT050115-15,0.9980,19.92,yes
2026-10-05T05:14:47.202965Z,KXDOGE15M-26OCT050115-15,0.9980,2.08,yes
2026-10-05T05:14:47.511131Z,KXDOGE15M-26OCT050115-15,0.9980,10.00,yes
2026-10-05T05:14:47.511131Z,KXDOGE15M-26OCT050115-15,0.9980,10.00,yes
2026-10-05T05:14:47.517619Z,KXDOGE15M-26OCT050115-15,0.9980,10.00,yes
2026-10-05T05:14:47.93115Z,KXDOGE15M-26OCT050115-15,0.9980,10.00,yes
2026-10-05T05:14:48.15324Z,KXDOGE15M-26OCT050115-15,0.9980,10.00,yes
2026-10-05T05:14:48.15324Z,KXDOGE15M-26OCT050115-15,0.9980,100.00,yes
2026-10-05T05:14:48.693369Z,KXDOGE15M-26OCT050115-15,0.9990,1.00,yes
2026-10-05T05:14:50.010187Z,KXDOGE15M-26OCT050115-15,0.9990,5.00,yes
2026-10-05T05:14:50.010187Z,KXDOGE15M-26OCT050115-15,0.9990,1.00,yes
2026-10-05T05:14:50.010187Z,KXDOGE15M-26OCT050115-15,0.9990,1.00,yes
2026-10-05T05:14:50.010187Z,KXDOGE15M-26OCT050115-15,0.9990,200.00,yes
2026-10-05T05:14:50.010187Z,KXDOGE15M-26OCT050115-15,0.9990,10.00,yes
2026-10-05T05:14:50.010187Z,KXDOGE15M-26OCT050115-15,0.9990,1.00,yes
2026-10-05T05:14:50.199975Z,KXDOGE15M-26OCT050115-15,0.9990,3.00,yes
2026-10-05T05:14:50.199975Z,KXDOGE15M-26OCT050115-15,0.9990,10.00,yes
2026-10-05T05:14:54.06398Z,KXDOGE15M-26OCT050115-15,0.9990,6.06,no
2026-10-05T05:14:56.519641Z,KXDOGE15M-26OCT050115-15,0.9990,3.93,no
2026-10-05T05:14:56.842317Z,KXDOGE15M-26OCT050115-15,0.9990,915.99,no
2026-10-05T05:14:56.952664Z,KXDOGE15M-26OCT050115-15,0.9990,405.95,no
2026-10-05T05:13:53.007284Z,KXBTC15M-26OCT050115-15,0.6100,47.41,yes
2026-10-05T05:13:53.032718Z,KXBTC15M-26OCT050115-15,0.6000,121.77,no
2026-10-05T05:13:53.032718Z,KXBTC15M-26OCT050115-15,0.6000,55.00,no
2026-10-05T05:13:53.032718Z,KXBTC15M-26OCT050115-15,0.6000,75.14,no
2026-10-05T05:13:53.042994Z,KXBTC15M-26OCT050115-15,0.6000,2.39,no
2026-10-05T05:13:53.055627Z,KXBTC15M-26OCT050115-15,0.6000,10.93,no
2026-10-05T05:13:53.062292Z,KXBTC15M-26OCT050115-15,0.6100,2.83,yes
2026-10-05T05:13:53.068842Z,KXBTC15M-26OCT050115-15,0.6100,0.01,yes
2026-10-05T05:13:53.068842Z,KXBTC15M-26OCT050115-15,0.6100,4.32,yes
2026-10-05T05:13:53.068842Z,KXBTC15M-26OCT050115-15,0.6100,13.00,yes
2026-10-05T05:13:53.068842Z,KXBTC15M-26OCT050115-15,0.6100,19.86,yes
2026-10-05T05:13:53.068842Z,KXBTC15M-26OCT050115-15,0.6100,0.01,yes
2026-10-05T05:13:53.088723Z,KXBTC15M-26OCT050115-15,0.6100,1.12,yes
2026-10-05T05:13:53.088723Z,KXBTC15M-26OCT050115-15,0.6100,1.13,yes
2026-10-05T05:13:53.088723Z,KXBTC15M-26OCT050115-15,0.6100,25.17,yes
2026-10-05T05:13:53.093184Z,KXBTC15M-26OCT050115-15,0.6100,10.00,yes
2026-10-05T05:13:53.153401Z,KXBTC15M-26OCT050115-15,0.6100,3.38,yes
2026-10-05T05:13:53.170447Z,KXBTC15M-26OCT050115-15,0.6000,1.19,no
2026-10-05T05:13:53.217741Z,KXBTC15M-26OCT050115-15,0.6100,159.04,yes
2026-10-05T05:13:53.229361Z,KXBTC15M-26OCT050115-15,0.6100,1.73,yes
2026-10-05T05:13:53.232021Z,KXBTC15M-26OCT050115-15,0.6000,4.79,no
2026-10-05T05:13:53.274158Z,KXBTC15M-26OCT050115-15,0.6000,0.83,no
2026-10-05T05:13:53.28001Z,KXBTC15M-26OCT050115-15,0.6100,8.18,yes
2026-10-05T05:13:53.299573Z,KXBTC15M-26OCT050115-15,0.6000,0.59,no
2026-10-05T05:13:53.309711Z,KXBTC15M-26OCT050115-15,0.6100,13.66,yes
2026-10-05T05:13:53.330018Z,KXBTC15M-26OCT050115-15,0.6100,0.01,yes
2026-10-05T05:13:53.330018Z,KXBTC15M-26OCT050115-15,0.6100,0.01,yes
2026-10-05T05:13:53.330018Z,KXBTC15M-26OCT050115-15,0.6100,5.00,yes
2026-10-05T05:13:53.330018Z,KXBTC15M-26OCT050115-15,0.6100,5.38,yes
2026-10-05T05:13:53.330018Z,KXBTC15M-26OCT050115-15,0.6100,100.00,yes
2026-10-05T05:13:53.330018Z,KXBTC15M-26OCT050115-15,0.6100,10.00,yes
2026-10-05T05:13:53.330018Z,KXBTC15M-26OCT050115-15,0.6100,278.84,yes
2026-10-05T05:13:53.391187Z,KXBTC15M-26OCT050115-15,0.6100,28.62,yes
2026-10-05T05:13:53.391187Z,KXBTC15M-26OCT050115-15,0.6100,1.12,yes
2026-10-05T05:13:53.391187Z,KXBTC15M-26OCT050115-15,0.6100,2.17,yes
2026-10-05T05:13:53.393078Z,KXBTC15M-26OCT050115-15,0.6100,5.00,yes
2026-10-05T05:13:53.405805Z,KXBTC15M-26OCT050115-15,0.6000,4.26,no
2026-10-05T05:13:53.405805Z,KXBTC15M-26OCT050115-15,0.6000,0.01,no
2026-10-05T05:13:53.405805Z,KXBTC15M-26OCT050115-15,0.6000,0.01,no
2026-10-05T05:13:53.405805Z,KXBTC15M-26OCT050115-15,0.6000,429.72,no
2026-10-05T05:13:53.407877Z,KXBTC15M-26OCT050115-15,0.6100,10.31,yes
2026-10-05T05:13:53.435262Z,KXBTC15M-26OCT050115-15,0.6100,55.68,yes
2026-10-05T05:13:53.462316Z,KXBTC15M-26OCT050115-15,0.6100,2.35,yes
2026-10-05T05:13:53.467488Z,KXBTC15M-26OCT050115-15,0.6100,159.04,yes
2026-10-05T05:13:53.474372Z,KXBTC15M-26OCT050115-15,0.6100,79.78,yes
2026-10-05T05:13:53.490053Z,KXBTC15M-26OCT050115-15,0.6100,2.04,yes
2026-10-05T05:13:53.511428Z,KXBTC15M-26OCT050115-15,0.6100,6.63,yes
2026-10-05T05:13:53.511428Z,KXBTC15M-26OCT050115-15,0.6100,22.97,yes
2026-10-05T05:13:53.552825Z,KXBTC15M-26OCT050115-15,0.6000,0.01,no
2026-10-05T05:13:53.552825Z,KXBTC15M-26OCT050115-15,0.6000,0.01,no
2026-10-05T05:13:53.552825Z,KXBTC15M-26OCT050115-15,0.6000,0.01,no
2026-10-05T05:13:53.552825Z,KXBTC15M-26OCT050115-15,0.5800,57.97,no
2026-10-05T05:13:53.552825Z,KXBTC15M-26OCT050115-15,0.5800,2.00,no
2026-10-05T05:13:53.561078Z,KXBTC15M-26OCT050115-15,0.5900,250.00,yes
2026-10-05T05:13:53.561078Z,KXBTC15M-26OCT050115-15,0.5900,354.81,yes
2026-10-05T05:13:53.569934Z,KXBTC15M-26OCT050115-15,0.5900,0.01,yes
2026-10-05T05:13:53.570609Z,KXBTC15M-26OCT050115-15,0.5900,1.39,yes
2026-10-05T05:13:53.576668Z,KXBTC15M-26OCT050115-15,0.5800,60.00,no
2026-10-05T05:13:53.613716Z,KXBTC15M-26OCT050115-15,0.5800,0.01,no
2026-10-05T05:13:53.613716Z,KXBTC15M-26OCT050115-15,0.5800,132.00,no
2026-10-05T05:13:53.613716Z,KXBTC15M-26OCT050115-15,0.5800,0.01,no
2026-10-05T05:13:53.613716Z,KXBTC15M-26OCT050115-15,0.5800,100.00,no
2026-10-05T05:13:53.613716Z,KXBTC15M-26OCT050115-15,0.5800,400.00,no
2026-10-05T05:13:53.613716Z,KXBTC15M-26OCT050115-15,0.5800,382.03,no
2026-10-05T05:13:53.613716Z,KXBTC15M-26OCT050115-15,0.5800,1.00,no
2026-10-05T05:13:53.613716Z,KXBTC15M-26OCT050115-15,0.5800,70.95,no
2026-10-05T05:13:53.616297Z,KXBTC15M-26OCT050115-15,0.5900,173.16,yes
2026-10-05T05:13:53.647197Z,KXBTC15M-26OCT050115-15,0.5900,0.01,yes
2026-10-05T05:13:53.647197Z,KXBTC15M-26OCT050115-15,0.5900,100.00,yes
2026-10-05T05:13:53.647197Z,KXBTC15M-26OCT050115-15,0.5900,10.00,yes
2026-10-05T05:13:53.647197Z,KXBTC15M-26OCT050115-15,0.5900,500.00,yes
2026-10-05T05:13:53.647197Z,KXBTC15M-26OCT050115-15,0.5900,376.99,yes
2026-10-05T05:13:53.652271Z,KXBTC15M-26OCT050115-15,0.5800,60.00,no
2026-10-05T05:13:53.674031Z,KXBTC15M-26OCT050115-15,0.5800,60.00,no
2026-10-05T05:13:53.729813Z,KXBTC15M-26OCT050115-15,0.5800,0.01,no
2026-10-05T05:13:53.729813Z,KXBTC15M-26OCT050115-15,0.5800,59.98,no
2026-10-05T05:13:53.729813Z,KXBTC15M-26OCT050115-15,0.5800,0.01,no
2026-10-05T05:13:53.755234Z,KXBTC15M-26OCT050115-15,0.5900,33.48,yes
2026-10-05T05:13:53.755234Z,KXBTC15M-26OCT050115-15,0.5900,0.01,yes
2026-10-05T05:13:53.755354Z,KXBTC15M-26OCT050115-15,0.5800,60.00,no
2026-10-05T05:13:53.778123Z,KXBTC15M-26OCT050115-15,0.5800,20.00,no
2026-10-05T05:13:53.789062Z,KXBTC15M-26OCT050115-15,0.5900,31.91,yes
2026-10-05T05:13:53.808823Z,KXBTC15M-26OCT050115-15,0.5900,12.50,yes
2026-10-05T05:13:53.808823Z,KXBTC15M-26OCT050115-15,0.5900,0.25,yes
2026-10-05T05:13:53.808823Z,KXBTC15M-26OCT050115-15,0.5900,0.01,yes
2026-10-05T05:13:53.826872Z,KXBTC15M-26OCT050115-15,0.5900,0.01,yes
2026-10-05T05:13:53.826872Z,KXBTC15M-26OCT050115-15,0.5900,10.00,yes
2026-10-05T05:13:53.826872Z,KXBTC15M-26OCT050115-15,0.6000,12.50,yes
2026-10-05T05:13:53.826872Z,KXBTC15M-26OCT050115-15,0.6000,1.00,yes
2026-10-05T05:13:53.826872Z,KXBTC15M-26OCT050115-15,0.5900,0.01,yes
2026-10-05T05:13:53.826872Z,KXBTC15M-26OCT050115-15,0.5900,2.15,yes
2026-10-05T05:13:53.826872Z,KXBTC15M-26OCT050115-15,0.6000,89.54,yes
2026-10-05T05:13:53.838108Z,KXBTC15M-26OCT050115-15,0.5900,2.34,no
2026-10-05T05:13:53.839765Z,KXBTC15M-26OCT050115-15,0.6000,7.95,yes
2026-10-05T05:13:53.839765Z,KXBTC15M-26OCT050115-15,0.6000,0.01,yes
2026-10-05T05:13:53.839765Z,KXBTC15M-26OCT050115-15,0.6000,0.01,yes
2026-10-05T05:13:53.849581Z,KXBTC15M-26OCT050115-15,0.6000,10.00,yes
2026-10-05T05:13:53.849614Z,KXBTC15M-26OCT050115-15,0.5900,147.66,no
2026-10-05T05:13:53.849614Z,KXBTC15M-26OCT050115-15,0.5900,50.00,no
2026-10-05T05:13:53.849614Z,KXBTC15M-26OCT050115-15,0.5900,191.29,no
2026-10-05T05:13:53.855163Z,KXBTC15M-26OCT050115-15,0.5900,7.00,no
2026-10-05T05:13:53.857978Z,KXBTC15M-26OCT050115-15,0.6000,7.00,yes
2026-10-05T05:13:53.861525Z,KXBTC15M-26OCT050115-15,0.6000,29.83,yes
2026-10-05T05:13:53.875748Z,KXBTC15M-26OCT050115-15,0.6000,2.41,yes
2026-10-05T05:13:53.895133Z,KXBTC15M-26OCT050115-15,0.5900,3.04,no
2026-10-05T05:13:53.8985Z,KXBTC15M-26OCT050115-15,0.5900,8.99,no
2026-10-05T05:13:53.931978Z,KXBTC15M-26OCT050115-15,0.5900,116.00,no
2026-10-05T05:13:53.966047Z,KXBTC15M-26OCT050115-15,0.5900,18.50,no
2026-10-05T05:13:53.983179Z,KXBTC15M-26OCT050115-15,0.5900,4.69,no
2026-10-05T05:13:53.993221Z,KXBTC15M-26OCT050115-15,0.6000,0.76,yes
2026-10-05T05:13:54.000137Z,KXBTC15M-26OCT050115-15,0.6000,37.80,yes
2026-10-05T05:13:54.030139Z,KXBTC15M-26OCT050115-15,0.5900,7.00,no
2026-10-05T05:13:54.073436Z,KXBTC15M-26OCT050115-15,0.5900,4.57,no
2026-10-05T05:13:54.085164Z,KXBTC15M-26OCT050115-15,0.6000,12.20,yes
2026-10-05T05:13:54.085164Z,KXBTC15M-26OCT050115-15,0.6000,124.54,yes
2026-10-05T05:13:54.085164Z,KXBTC15M-26OCT050115-15,0.6000,0.01,yes
2026-10-05T05:13:54.085164Z,KXBTC15M-26OCT050115-15,0.6000,0.01,yes
2026-10-05T05:13:54.085164Z,KXBTC15M-26OCT050115-15,0.6000,6.86,yes
2026-10-05T05:13:54.09392Z,KXBTC15M-26OCT050115-15,0.5900,50.00,no
2026-10-05T05:13:54.09889Z,KXBTC15M-26OCT050115-15,0.6000,85.57,yes
2026-10-05T05:13:54.105949Z,KXBTC15M-26OCT050115-15,0.6000,8.06,yes
2026-10-05T05:13:54.108609Z,KXBTC15M-26OCT050115-15,0.6000,6.38,yes
2026-10-05T05:13:54.153995Z,KXBTC15M-26OCT050115-15,0.6000,38.76,yes
2026-10-05T05:13:54.180609Z,KXBTC15M-26OCT050115-15,0.6000,2.00,yes
2026-10-05T05:13:54.225644Z,KXBTC15M-26OCT050115-15,0.5900,3.83,no
2026-10-05T05:13:54.231437Z,KXBTC15M-26OCT050115-15,0.5900,11.44,no
2026-10-05T05:13:54.252754Z,KXBTC15M-26OCT050115-15,0.5900,11.59,no
2026-10-05T05:13:54.255606Z,KXBTC15M-26OCT050115-15,0.6000,0.01,yes
2026-10-05T05:13:54.255606Z,KXBTC15M-26OCT050115-15,0.6000,0.01,yes
2026-10-05T05:13:54.255606Z,KXBTC15M-26OCT050115-15,0.6000,125.00,yes
2026-10-05T05:13:54.255606Z,KXBTC15M-26OCT050115-15,0.6000,100.00,yes
2026-10-05T05:13:54.255606Z,KXBTC15M-26OCT050115-15,0.6000,4.00,yes
2026-10-05T05:13:54.255606Z,KXBTC15M-26OCT050115-15,0.6000,41.80,yes
2026-10-05T05:13:54.255858Z,KXBTC15M-26OCT050115-15,0.6100,398.75,yes
2026-10-05T05:13:54.260983Z,KXBTC15M-26OCT050115-15,0.6200,5.00,yes
2026-10-05T05:13:54.260983Z,KXBTC15M-26OCT050115-15,0.6200,50.00,yes
2026-10-05T05:13:54.260983Z,KXBTC15M-26OCT050115-15,0.6200,79.00,yes
2026-10-05T05:13:54.261074Z,KXBTC15M-26OCT050115-15,0.6300,1449.35,yes
2026-10-05T05:13:54.261074Z,KXBTC15M-26OCT050115-15,0.6300,25.00,yes
2026-10-05T05:13:54.261074Z,KXBTC15M-26OCT050115-15,0.6400,1.00,yes
2026-10-05T05:13:54.261074Z,KXBTC15M-26OCT050115-15,0.6300,1.00,yes
2026-10-05T05:13:54.261074Z,KXBTC15M-26OCT050115-15,0.6300,20.00,yes
2026-10-05T05:13:54.261074Z,KXBTC15M-26OCT050115-15,0.6400,195.00,yes
2026-10-05T05:13:54.261074Z,KXBTC15M-26OCT050115-15,0.6300,10.00,yes
2026-10-05T05:13:54.261262Z,KXBTC15M-26OCT050115-15,0.6500,0.02,yes
2026-10-05T05:13:54.262448Z,KXBTC15M-26OCT050115-15,0.6500,1.00,yes
2026-10-05T05:13:54.262448Z,KXBTC15M-26OCT050115-15,0.6500,195.00,yes
2026-10-05T05:13:54.262448Z,KXBTC15M-26OCT050115-15,0.6500,119.64,yes
2026-10-05T05:13:54.262448Z,KXBTC15M-26OCT050115-15,0.6500,0.40,yes
2026-10-05T05:13:54.262448Z,KXBTC15M-26OCT050115-15,0.6500,0.20,yes
2026-10-05T05:13:54.262448Z,KXBTC15M-26OCT050115-15,0.6500,3.00,yes
2026-10-05T05:13:54.262448Z,KXBTC15M-26OCT050115-15,0.6500,0.40,yes
2026-10-05T05:13:54.262448Z,KXBTC15M-26OCT050115-15,0.6500,0.40,yes
2026-10-05T05:13:54.262448Z,KXBTC15M-26OCT050115-15,0.6500,3.00,yes
2026-10-05T05:13:54.262448Z,KXBTC15M-26OCT050115-15,0.6500,0.30,yes
2026-10-05T05:13:54.262448Z,KXBTC15M-26OCT050115-15,0.6500,25.00,yes
2026-10-05T05:13:54.270848Z,KXBTC15M-26OCT050115-15,0.6400,0.01,no
2026-10-05T05:13:54.310727Z,KXBTC15M-26OCT050115-15,0.6400,10.00,no
2026-10-05T05:13:54.425344Z,KXBTC15M-26OCT050115-15,0.6400,0.01,no
2026-10-05T05:13:54.425344Z,KXBTC15M-26OCT050115-15,0.6400,0.01,no
2026-10-05T05:13:54.425344Z,KXBTC15M-26OCT050115-15,0.6400,0.18,no
2026-10-05T05:13:54.456961Z,KXBTC15M-26OCT050115-15,0.6400,1.17,no
2026-10-05T05:13:54.461749Z,KXBTC15M-26OCT050115-15,0.6500,8.64,yes
2026-10-05T05:13:54.461749Z,KXBTC15M-26OCT050115-15,0.6500,0.01,yes
2026-10-05T05:13:54.461749Z,KXBTC15M-26OCT050115-15,0.6500,0.01,yes
2026-10-05T05:13:54.52385Z,KXBTC15M-26OCT050115-15,0.6400,117.11,no
2026-10-05T05:13:54.581959Z,KXBTC15M-26OCT050115-15,0.6400,2.34,no
2026-10-05T05:13:54.588231Z,KXBTC15M-26OCT050115-15,0.6400,68.00,no
2026-10-05T05:13:54.596366Z,KXBTC15M-26OCT050115-15,0.6400,1.43,no
2026-10-05T05:13:54.613819Z,KXBTC15M-26OCT050115-15,0.6500,0.71,yes
2026-10-05T05:13:54.65907Z,KXBTC15M-26OCT050115-15,0.6400,0.01,no
2026-10-05T05:13:54.65907Z,KXBTC15M-26OCT050115-15,0.6400,0.01,no
2026-10-05T05:13:54.65907Z,KXBTC15M-26OCT050115-15,0.6400,10.98,no
2026-10-05T05:13:54.663801Z,KXBTC15M-26OCT050115-15,0.6300,11.00,no
2026-10-05T05:13:54.666383Z,KXBTC15M-26OCT050115-15,0.6500,197.04,yes
2026-10-05T05:13:54.690443Z,KXBTC15M-26OCT050115-15,0.6300,10.00,no
2026-10-05T05:13:54.690443Z,KXBTC15M-26OCT050115-15,0.6400,0.01,no
2026-10-05T05:13:54.690443Z,KXBTC15M-26OCT050115-15,0.6400,0.01,no
2026-10-05T05:13:54.690443Z,KXBTC15M-26OCT050115-15,0.6300,65.06,no
2026-10-05T05:13:54.723Z,KXBTC15M-26OCT050115-15,0.6400,7.50,yes
2026-10-05T05:13:54.739057Z,KXBTC15M-26OCT050115-15,0.6400,7.50,yes
2026-10-05T05:13:54.781743Z,KXBTC15M-26OCT050115-15,0.6400,15.01,yes
2026-10-05T05:13:54.804479Z,KXBTC15M-26OCT050115-15,0.6400,7.04,yes
2026-10-05T05:13:54.866019Z,KXBTC15M-26OCT050115-15,0.6400,9.01,yes
2026-10-05T05:13:54.872579Z,KXBTC15M-26OCT050115-15,0.6400,75.08,yes
2026-10-05T05:13:54.937104Z,KXBTC15M-26OCT050115-15,0.6400,15.24,yes
2026-10-05T05:13:54.944305Z,KXBTC15M-26OCT050115-15,0.6400,60.95,yes
2026-10-05T05:13:54.944305Z,KXBTC15M-26OCT050115-15,0.6400,13.62,yes
2026-10-05T05:13:54.955293Z,KXBTC15M-26OCT050115-15,0.6400,0.39,yes
2026-10-05T05:13:54.974119Z,KXBTC15M-26OCT050115-15,0.6400,225.25,yes
2026-10-05T05:13:54.991025Z,KXBTC15M-26OCT050115-15,0.6400,3.28,yes
2026-10-05T05:13:54.996469Z,KXBTC15M-26OCT050115-15,0.6400,18.02,yes
2026-10-05T05:13:55.032095Z,KXBTC15M-26OCT050115-15,0.6300,0.01,no
2026-10-05T05:13:55.032095Z,KXBTC15M-26OCT050115-15,0.6300,0.01,no
2026-10-05T05:13:55.032095Z,KXBTC15M-26OCT050115-15,0.6200,52.92,no
2026-10-05T05:13:55.053695Z,KXBTC15M-26OCT050115-15,0.6300,143.84,yes
2026-10-05T05:13:55.10503Z,KXBTC15M-26OCT050115-15,0.6300,16.00,yes
2026-10-05T05:13:55.114305Z,KXBTC15M-26OCT050115-15,0.6300,7.50,yes
2026-10-05T05:13:55.170382Z,KXBTC15M-26OCT050115-15,0.6200,24.97,no
2026-10-05T05:13:55.178444Z,KXBTC15M-26OCT050115-15,0.6300,15.01,yes
2026-10-05T05:13:55.18035Z,KXBTC15M-26OCT050115-15,0.6200,6.52,no
2026-10-05T05:13:55.191623Z,KXBTC15M-26OCT050115-15,0.6300,20.22,yes
2026-10-05T05:13:55.202655Z,KXBTC15M-26OCT050115-15,0.6200,25.00,no
2026-10-05T05:13:55.210621Z,KXBTC15M-26OCT050115-15,0.6300,15.29,yes
2026-10-05T05:13:55.241564Z,KXBTC15M-26OCT050115-15,0.6300,3.03,yes
2026-10-05T05:13:55.241564Z,KXBTC15M-26OCT050115-15,0.6300,0.01,yes
2026-10-05T05:13:55.241934Z,KXBTC15M-26OCT050115-15,0.6300,0.15,yes
2026-10-05T05:13:55.269813Z,KXBTC15M-26OCT050115-15,0.6300,16.41,yes
2026-10-05T05:13:55.269813Z,KXBTC15M-26OCT050115-15,0.6300,0.01,yes
2026-10-05T05:13:55.307132Z,KXBTC15M-26OCT050115-15,0.6300,13.29,yes
2026-10-05T05:13:55.358478Z,KXBTC15M-26OCT050115-15,0.6300,1.12,yes
2026-10-05T05:13:55.358478Z,KXBTC15M-26OCT050115-15,0.6300,26.96,yes
2026-10-05T05:13:55.358478Z,KXBTC15M-26OCT050115-15,0.6300,0.01,yes
2026-10-05T05:13:55.358478Z,KXBTC15M-26OCT050115-15,0.6300,0.01,yes
2026-10-05T05:13:55.358478Z,KXBTC15M-26OCT050115-15,0.6300,10.00,yes
2026-10-05T05:13:55.373675Z,KXBTC15M-26OCT050115-15,0.6500,69.37,yes
2026-10-05T05:13:55.373675Z,KXBTC15M-26OCT050115-15,0.6300,0.01,yes
2026-10-05T05:13:55.373675Z,KXBTC15M-26OCT050115-15,0.6300,73.04,yes
2026-10-05T05:13:55.373675Z,KXBTC15M-26OCT050115-15,0.6400,38.00,yes
2026-10-05T05:13:55.373675Z,KXBTC15M-26OCT050115-15,0.6300,0.01,yes
2026-10-05T05:13:55.378718Z,KXBTC15M-26OCT050115-15,0.6500,7.04,yes
2026-10-05T05:13:55.400736Z,KXBTC15M-26OCT050115-15,0.6400,12.60,no
2026-10-05T05:13:55.464247Z,KXBTC15M-26OCT050115-15,0.6400,1.26,no
2026-10-05T05:13:55.477152Z,KXBTC15M-26OCT050115-15,0.6500,0.15,yes
2026-10-05T05:13:55.551143Z,KXBTC15M-26OCT050115-15,0.6500,2.85,yes
2026-10-05T05:13:55.551143Z,KXBTC15M-26OCT050115-15,0.6500,3.00,yes
2026-10-05T05:13:55.551143Z,KXBTC15M-26OCT050115-15,0.6500,0.01,yes
2026-10-05T05:13:55.551143Z,KXBTC15M-26OCT050115-15,0.6500,0.01,yes
2026-10-05T05:13:55.551143Z,KXBTC15M-26OCT050115-15,0.6500,1.11,yes
2026-10-05T05:13:55.551143Z,KXBTC15M-26OCT050115-15,0.6600,3.37,yes
2026-10-05T05:13:55.552886Z,KXBTC15M-26OCT050115-15,0.6600,3.14,yes
2026-10-05T05:13:55.565914Z,KXBTC15M-26OCT050115-15,0.6600,1.48,yes
2026-10-05T05:13:55.574047Z,KXBTC15M-26OCT050115-15,0.6500,30.26,no
2026-10-05T05:13:55.621863Z,KXBTC15M-26OCT050115-15,0.6600,7.04,yes
2026-10-05T05:13:55.677578Z,KXBTC15M-26OCT050115-15,0.6500,119.74,no
2026-10-05T05:13:55.677578Z,KXBTC15M-26OCT050115-15,0.6500,99.67,no
2026-10-05T05:13:55.677578Z,KXBTC15M-26OCT050115-15,0.6500,0.01,no
2026-10-05T05:13:55.678932Z,KXBTC15M-26OCT050115-15,0.6600,119.98,yes
2026-10-05T05:13:55.678932Z,KXBTC15M-26OCT050115-15,0.6600,2.00,yes
2026-10-05T05:13:55.678932Z,KXBTC15M-26OCT050115-15,0.6600,9.97,yes
2026-10-05T05:13:55.722258Z,KXBTC15M-26OCT050115-15,0.6600,38.64,yes
2026-10-05T05:13:55.762504Z,KXBTC15M-26OCT050115-15,0.6500,100.84,no
2026-10-05T05:13:55.762504Z,KXBTC15M-26OCT050115-15,0.6500,20.33,no
2026-10-05T05:13:55.762504Z,KXBTC15M-26OCT050115-15,0.6500,0.01,no
2026-10-05T05:13:55.762504Z,KXBTC15M-26OCT050115-15,0.6500,150.00,no
2026-10-05T05:13:55.778621Z,KXBTC15M-26OCT050115-15,0.6600,130.94,yes
2026-10-05T05:13:55.822249Z,KXBTC15M-26OCT050115-15,0.6500,7.56,no
2026-10-05T05:13:55.823517Z,KXBTC15M-26OCT050115-15,0.6600,14.59,yes
2026-10-05T05:13:55.83123Z,KXBTC15M-26OCT050115-15,0.6600,267.78,yes
2026-10-05T05:13:55.856931Z,KXBTC15M-26OCT050115-15,0.6500,53.00,no
2026-10-05T05:13:55.860819Z,KXBTC15M-26OCT050115-15,0.6500,5.00,no
2026-10-05T05:13:55.860819Z,KXBTC15M-26OCT050115-15,0.6500,38.60,no
2026-10-05T05:13:55.860819Z,KXBTC15M-26OCT050115-15,0.6500,82.50,no
2026-10-05T05:13:55.879421Z,KXBTC15M-26OCT050115-15,0.6600,14.59,yes
2026-10-05T05:13:55.895913Z,KXBTC15M-26OCT050115-15,0.6500,198.80,no
2026-10-05T05:13:55.895913Z,KXBTC15M-26OCT050115-15,0.6500,30.00,no
2026-10-05T05:13:55.951128Z,KXBTC15M-26OCT050115-15,0.6500,273.28,no
2026-10-05T05:13:55.989719Z,KXBTC15M-26OCT050115-15,0.6500,2.00,no
2026-10-05T05:13:55.997995Z,KXBTC15M-26OCT050115-15,0.6500,25.92,no
2026-10-05T05:13:55.997995Z,KXBTC15M-26OCT050115-15,0.6500,42.08,no
2026-10-05T05:13:56.010578Z,KXBTC15M-26OCT050115-15,0.6600,1.47,yes
2026-10-05T05:13:56.032034Z,KXBTC15M-26OCT050115-15,0.6500,47.98,no
2026-10-05T05:13:56.039186Z,KXBTC15M-26OCT050115-15,0.6600,42.91,yes
2026-10-05T05:13:56.03939Z,KXBTC15M-26OCT050115-15,0.6600,138.40,yes
2026-10-05T05:13:56.056693Z,KXBTC15M-26OCT050115-15,0.6500,90.86,no
2026-10-05T05:13:56.078715Z,KXBTC15M-26OCT050115-15,0.6600,29.59,yes
2026-10-05T05:13:56.106294Z,KXBTC15M-26OCT050115-15,0.6600,2.95,yes
2026-10-05T05:13:56.130114Z,KXBTC15M-26OCT050115-15,0.6600,46.02,yes
2026-10-05T05:13:56.147455Z,KXBTC15M-26OCT050115-15,0.6600,153.85,yes
2026-10-05T05:13:56.158005Z,KXBTC15M-26OCT050115-15,0.6600,45.29,yes
2026-10-05T05:13:56.158005Z,KXBTC15M-26OCT050115-15,0.6600,0.80,yes
2026-10-05T05:13:56.158005Z,KXBTC15M-26OCT050115-15,0.6600,3.00,yes
2026-10-05T05:13:56.158005Z,KXBTC15M-26OCT050115-15,0.6600,0.60,yes
2026-10-05T05:13:56.158005Z,KXBTC15M-26OCT050115-15,0.6600,0.01,yes
2026-10-05T05:13:56.158005Z,KXBTC15M-26OCT050115-15,0.6600,0.01,yes
2026-10-05T05:13:56.158005Z,KXBTC15M-26OCT050115-15,0.6600,3.00,yes
2026-10-05T05:13:56.158005Z,KXBTC15M-26OCT050115-15,0.6600,5.88,yes
2026-10-05T05:13:56.158005Z,KXBTC15M-26OCT050115-15,0.6600,3.00,yes
2026-10-05T05:13:56.158005Z,KXBTC15M-26OCT050115-15,0.6600,3.00,yes
2026-10-05T05:13:56.190223Z,KXBTC15M-26OCT050115-15,0.6600,22.19,yes
2026-10-05T05:13:56.211072Z,KXBTC15M-26OCT050115-15,0.6500,40.51,no
2026-10-05T05:13:56.260363Z,KXBTC15M-26OCT050115-15,0.6600,14.00,yes
2026-10-05T05:13:56.276531Z,KXBTC15M-26OCT050115-15,0.6500,13.66,no
2026-10-05T05:13:56.311267Z,KXBTC15M-26OCT050115-15,0.6500,2.73,no
2026-10-05T05:13:56.323984Z,KXBTC15M-26OCT050115-15,0.6600,48.83,yes
2026-10-05T05:13:56.325245Z,KXBTC15M-26OCT050115-15,0.6500,0.05,no
2026-10-05T05:13:56.341662Z,KXBTC15M-26OCT050115-15,0.6600,2.95,yes
2026-10-05T05:13:56.342116Z,KXBTC15M-26OCT050115-15,0.6600,1.24,yes
2026-10-05T05:13:56.405832Z,KXBTC15M-26OCT050115-15,0.6500,10.93,no
2026-10-05T05:13:56.429914Z,KXBTC15M-26OCT050115-15,0.6600,35.08,yes
2026-10-05T05:13:56.429914Z,KXBTC15M-26OCT050115-15,0.6600,1.91,yes
2026-10-05T05:13:56.44636Z,KXBTC15M-26OCT050115-15,0.6500,2.73,no
2026-10-05T05:13:56.448413Z,KXBTC15M-26OCT050115-15,0.6500,13.65,no
2026-10-05T05:13:56.52493Z,KXBTC15M-26OCT050115-15,0.6500,5.46,no
2026-10-05T05:13:56.537369Z,KXBTC15M-26OCT050115-15,0.6600,2.95,yes
2026-10-05T05:13:56.582639Z,KXBTC15M-26OCT050115-15,0.6600,2.95,yes
2026-10-05T05:13:56.592635Z,KXBTC15M-26OCT050115-15,0.6600,14.79,yes
2026-10-05T05:13:56.65947Z,KXBTC15M-26OCT050115-15,0.6500,54.65,no
2026-10-05T05:13:56.753641Z,KXBTC15M-26OCT050115-15,0.6500,8.19,no
2026-10-05T05:13:56.763458Z,KXBTC15M-26OCT050115-15,0.6600,309.44,yes
2026-10-05T05:13:56.770948Z,KXBTC15M-26OCT050115-15,0.6600,2.95,yes
2026-10-05T05:13:56.777463Z,KXBTC15M-26OCT050115-15,0.6600,14.79,yes
2026-10-05T05:13:56.779286Z,KXBTC15M-26OCT050115-15,0.6600,1.47,yes
2026-10-05T05:13:56.800332Z,KXBTC15M-26OCT050115-15,0.6500,14.38,no
2026-10-05T05:13:56.807614Z,KXBTC15M-26OCT050115-15,0.6500,5.69,no
2026-10-05T05:13:56.832594Z,KXBTC15M-26OCT050115-15,0.6600,739.95,yes
2026-10-05T05:13:56.853762Z,KXBTC15M-26OCT050115-15,0.6500,24.59,no
2026-10-05T05:13:56.877975Z,KXBTC15M-26OCT050115-15,0.6500,202.22,no
2026-10-05T05:13:56.910572Z,KXBTC15M-26OCT050115-15,0.6600,110.99,yes
2026-10-05T05:13:56.944938Z,KXBTC15M-26OCT050115-15,0.6500,13.66,no
2026-10-05T05:13:56.974181Z,KXBTC15M-26OCT050115-15,0.6600,1.47,yes
2026-10-05T05:13:57.011741Z,KXBTC15M-26OCT050115-15,0.6500,3.08,no
2026-10-05T05:13:57.020234Z,KXBTC15M-26OCT050115-15,0.6500,8.19,no
2026-10-05T05:13:57.036432Z,KXBTC15M-26OCT050115-15,0.6600,1.47,yes
2026-10-05T05:13:57.0375Z,KXBTC15M-26OCT050115-15,0.6600,12.49,yes
2026-10-05T05:13:57.039917Z,KXBTC15M-26OCT050115-15,0.6600,31.39,yes
2026-10-05T05:13:57.063462Z,KXBTC15M-26OCT050115-15,0.6500,14.77,no
2026-10-05T05:13:57.066098Z,KXBTC15M-26OCT050115-15,0.6600,2.95,yes
2026-10-05T05:13:57.081638Z,KXBTC15M-26OCT050115-15,0.6600,147.99,yes
2026-10-05T05:13:57.084436Z,KXBTC15M-26OCT050115-15,0.6600,66.59,yes
2026-10-05T05:13:57.086734Z,KXBTC15M-26OCT050115-15,0.6500,5.95,no
2026-10-05T05:13:57.09786Z,KXBTC15M-26OCT050115-15,0.6600,41.43,yes
2026-10-05T05:13:57.124526Z,KXBTC15M-26OCT050115-15,0.6600,6.91,yes
2026-10-05T05:13:57.137698Z,KXBTC15M-26OCT050115-15,0.6500,1.63,no
2026-10-05T05:13:57.146474Z,KXBTC15M-26OCT050115-15,0.6500,1.32,no
2026-10-05T05:13:57.174415Z,KXBTC15M-26OCT050115-15,0.6500,5.46,no
2026-10-05T05:13:57.203088Z,KXBTC15M-26OCT050115-15,0.6600,22.19,yes
2026-10-05T05:13:57.246436Z,KXBTC15M-26OCT050115-15,0.6500,20.00,no
2026-10-05T05:13:57.296152Z,KXBTC15M-26OCT050115-15,0.6500,1.47,no
2026-10-05T05:13:57.309885Z,KXBTC15M-26OCT050115-15,0.6500,3.00,no
2026-10-05T05:13:57.318382Z,KXBTC15M-26OCT050115-15,0.6500,5.46,no
2026-10-05T05:13:57.344954Z,KXBTC15M-26OCT050115-15,0.6500,0.81,no
2026-10-05T05:13:57.346679Z,KXBTC15M-26OCT050115-15,0.6500,2.73,no
2026-10-05T05:13:57.351083Z,KXBTC15M-26OCT050115-15,0.6600,398.28,yes
2026-10-05T05:13:57.370427Z,KXBTC15M-26OCT050115-15,0.6500,19.00,no
2026-10-05T05:13:57.380432Z,KXBTC15M-26OCT050115-15,0.6600,79.76,yes
2026-10-05T05:13:57.396524Z,KXBTC15M-26OCT050115-15,0.6500,4.52,no
2026-10-05T05:13:57.417586Z,KXBTC15M-26OCT050115-15,0.6500,5.46,no
2026-10-05T05:13:57.425283Z,KXBTC15M-26OCT050115-15,0.6500,13.48,no
2026-10-05T05:13:57.4583Z,KXBTC15M-26OCT050115-15,0.6600,147.98,yes
2026-10-05T05:13:57.467974Z,KXBTC15M-26OCT050115-15,0.6600,4.57,yes
2026-10-05T05:13:57.482823Z,KXBTC15M-26OCT050115-15,0.6500,6.00,no
2026-10-05T05:13:57.489798Z,KXBTC15M-26OCT050115-15,0.6600,2.88,yes
2026-10-05T05:13:57.489798Z,KXBTC15M-26OCT050115-15,0.6600,0.01,yes
2026-10-05T05:13:57.489798Z,KXBTC15M-26OCT050115-15,0.6600,40.00,yes
2026-10-05T05:13:57.489798Z,KXBTC15M-26OCT050115-15,0.6600,0.01,yes
2026-10-05T05:13:57.489798Z,KXBTC15M-26OCT050115-15,0.6600,20.00,yes
2026-10-05T05:13:57.489798Z,KXBTC15M-26OCT050115-15,0.6600,0.12,yes
2026-10-05T05:13:57.489798Z,KXBTC15M-26OCT050115-15,0.6600,0.12,yes
2026-10-05T05:13:57.489798Z,KXBTC15M-26OCT050115-15,0.6600,98.00,yes
2026-10-05T05:13:57.489798Z,KXBTC15M-26OCT050115-15,0.6600,180.00,yes
2026-10-05T05:13:57.499988Z,KXBTC15M-26OCT050115-15,0.6700,81.00,yes
2026-10-05T05:13:57.499988Z,KXBTC15M-26OCT050115-15,0.6700,162.00,yes
2026-10-05T05:13:57.499998Z,KXBTC15M-26OCT050115-15,0.6700,0.01,yes
2026-10-05T05:13:57.499998Z,KXBTC15M-26OCT050115-15,0.6700,0.01,yes
2026-10-05T05:13:57.499998Z,KXBTC15M-26OCT050115-15,0.6700,241.88,yes
2026-10-05T05:13:57.499998Z,KXBTC15M-26OCT050115-15,0.6700,1.11,yes
2026-10-05T05:13:57.503107Z,KXBTC15M-26OCT050115-15,0.6700,1.12,yes
2026-10-05T05:13:57.506297Z,KXBTC15M-26OCT050115-15,0.6700,0.01,yes
2026-10-05T05:13:57.506297Z,KXBTC15M-26OCT050115-15,0.6700,180.00,yes
2026-10-05T05:13:57.506297Z,KXBTC15M-26OCT050115-15,0.6700,0.01,yes
2026-10-05T05:13:57.509637Z,KXBTC15M-26OCT050115-15,0.6700,0.01,no
2026-10-05T05:13:57.510894Z,KXBTC15M-26OCT050115-15,0.6800,1.00,yes
2026-10-05T05:13:57.510894Z,KXBTC15M-26OCT050115-15,0.6800,49.00,yes
2026-10-05T05:13:57.519514Z,KXBTC15M-26OCT050115-15,0.6800,21.30,yes
2026-10-05T05:13:57.525373Z,KXBTC15M-26OCT050115-15,0.6700,0.75,no
2026-10-05T05:13:57.669918Z,KXBTC15M-26OCT050115-15,0.6700,0.75,no
2026-10-05T05:13:57.729576Z,KXBTC15M-26OCT050115-15,0.6700,95.64,no
2026-10-05T05:13:57.763452Z,KXBTC15M-26OCT050115-15,0.6800,1.44,yes
2026-10-05T05:13:57.80442Z,KXBTC15M-26OCT050115-15,0.6700,13.66,no
2026-10-05T05:13:57.810933Z,KXBTC15M-26OCT050115-15,0.6700,14.38,no
2026-10-05T05:13:57.825516Z,KXBTC15M-26OCT050115-15,0.6700,7.97,no
2026-10-05T05:13:57.898645Z,KXBTC15M-26OCT050115-15,0.6700,5.00,no
2026-10-05T05:13:57.898645Z,KXBTC15M-26OCT050115-15,0.6700,380.00,no
2026-10-05T05:13:57.898645Z,KXBTC15M-26OCT050115-15,0.6700,1.00,no
2026-10-05T05:13:57.898645Z,KXBTC15M-26OCT050115-15,0.6700,50.00,no
2026-10-05T05:13:57.898645Z,KXBTC15M-26OCT050115-15,0.6700,0.01,no
2026-10-05T05:13:57.898645Z,KXBTC15M-26OCT050115-15,0.6700,17.60,no
2026-10-05T05:13:57.898645Z,KXBTC15M-26OCT050115-15,0.6600,176.22,no
2026-10-05T05:13:57.898645Z,KXBTC15M-26OCT050115-15,0.6700,30.00,no
2026-10-05T05:13:57.898645Z,KXBTC15M-26OCT050115-15,0.6600,50.00,no
2026-10-05T05:13:57.898645Z,KXBTC15M-26OCT050115-15,0.6700,99.00,no
2026-10-05T05:13:57.898645Z,KXBTC15M-26OCT050115-15,0.6700,0.01,no
2026-10-05T05:13:57.898645Z,KXBTC15M-26OCT050115-15,0.6700,10.00,no
2026-10-05T05:13:57.898645Z,KXBTC15M-26OCT050115-15,0.6700,1.00,no
2026-10-05T05:13:57.89926Z,KXBTC15M-26OCT050115-15,0.6800,53.21,yes
2026-10-05T05:13:57.924608Z,KXBTC15M-26OCT050115-15,0.6700,0.12,no
2026-10-05T05:13:57.931202Z,KXBTC15M-26OCT050115-15,0.6700,2.73,no
2026-10-05T05:13:57.934518Z,KXBTC15M-26OCT050115-15,0.6700,2.89,no
2026-10-05T05:13:57.95387Z,KXBTC15M-26OCT050115-15,0.6800,151.02,yes
2026-10-05T05:13:58.031612Z,KXBTC15M-26OCT050115-15,0.6800,64.72,yes
2026-10-05T05:13:58.065804Z,KXBTC15M-26OCT050115-15,0.6700,17.36,no
2026-10-05T05:13:58.109749Z,KXBTC15M-26OCT050115-15,0.6700,2.89,no
2026-10-05T05:13:58.118784Z,KXBTC15M-26OCT050115-15,0.6700,6.08,no
2026-10-05T05:13:58.118784Z,KXBTC15M-26OCT050115-15,0.6700,0.01,no
2026-10-05T05:13:58.118784Z,KXBTC15M-26OCT050115-15,0.6700,5.00,no
2026-10-05T05:13:58.118784Z,KXBTC15M-26OCT050115-15,0.6700,0.01,no
2026-10-05T05:13:58.118784Z,KXBTC15M-26OCT050115-15,0.6700,24.01,no
2026-10-05T05:13:58.140292Z,KXBTC15M-26OCT050115-15,0.6700,40.00,no
2026-10-05T05:13:58.141765Z,KXBTC15M-26OCT050115-15,0.6800,0.83,yes
2026-10-05T05:13:58.162892Z,KXBTC15M-26OCT050115-15,0.6800,61.88,yes
2026-10-05T05:13:58.169157Z,KXBTC15M-26OCT050115-15,0.6700,5.78,no
2026-10-05T05:13:58.188027Z,KXBTC15M-26OCT050115-15,0.6800,164.00,yes
2026-10-05T05:13:58.203013Z,KXBTC15M-26OCT050115-15,0.6700,5.78,no
2026-10-05T05:13:58.230651Z,KXBTC15M-26OCT050115-15,0.6700,42.36,no
2026-10-05T05:13:58.230651Z,KXBTC15M-26OCT050115-15,0.6700,12.63,no
2026-10-05T05:13:58.248785Z,KXBTC15M-26OCT050115-15,0.6700,20.24,no
2026-10-05T05:13:58.26225Z,KXBTC15M-26OCT050115-15,0.6700,139.37,no
2026-10-05T05:13:58.267596Z,KXBTC15M-26OCT050115-15,0.6700,144.72,no
2026-10-05T05:13:58.298749Z,KXBTC15M-26OCT050115-15,0.6700,43.41,no
2026-10-05T05:13:58.300297Z,KXBTC15M-26OCT050115-15,0.6800,17.26,yes
2026-10-05T05:13:58.328549Z,KXBTC15M-26OCT050115-15,0.6800,56.01,yes
2026-10-05T05:13:58.339394Z,KXBTC15M-26OCT050115-15,0.6700,14.47,no
2026-10-05T05:13:58.368558Z,KXBTC15M-26OCT050115-15,0.6800,35.19,yes
2026-10-05T05:13:58.375691Z,KXBTC15M-26OCT050115-15,0.6700,52.10,no
2026-10-05T05:13:58.399004Z,KXBTC15M-26OCT050115-15,0.6700,37.94,no
2026-10-05T05:13:58.399004Z,KXBTC15M-26OCT050115-15,0.6700,73.06,no
2026-10-05T05:13:58.399841Z,KXBTC15M-26OCT050115-15,0.6900,82.14,yes
2026-10-05T05:13:58.399841Z,KXBTC15M-26OCT050115-15,0.6800,1.13,yes
2026-10-05T05:13:58.399841Z,KXBTC15M-26OCT050115-15,0.6800,0.01,yes
2026-10-05T05:13:58.399841Z,KXBTC15M-26OCT050115-15,0.6800,0.01,yes
2026-10-05T05:13:58.399841Z,KXBTC15M-26OCT050115-15,0.6800,1.11,yes
2026-10-05T05:13:58.399841Z,KXBTC15M-26OCT050115-15,0.6800,16.19,yes
2026-10-05T05:13:58.399841Z,KXBTC15M-26OCT050115-15,0.6900,60.95,yes
2026-10-05T05:13:58.595461Z,KXBTC15M-26OCT050115-15,0.6800,14.38,no
2026-10-05T05:13:58.612386Z,KXBTC15M-26OCT050115-15,0.6900,137.00,yes
2026-10-05T05:13:58.617066Z,KXBTC15M-26OCT050115-15,0.6800,50.00,no
2026-10-05T05:13:58.617066Z,KXBTC15M-26OCT050115-15,0.6800,135.62,no
2026-10-05T05:13:58.617066Z,KXBTC15M-26OCT050115-15,0.6800,21.38,no
2026-10-05T05:13:58.619281Z,KXBTC15M-26OCT050115-15,0.6900,7.04,yes
2026-10-05T05:13:58.624866Z,KXBTC15M-26OCT050115-15,0.6900,111.27,yes
2026-10-05T05:13:58.624866Z,KXBTC15M-26OCT050115-15,0.6900,842.01,yes
2026-10-05T05:13:58.625807Z,KXBTC15M-26OCT050115-15,0.6800,0.01,no
2026-10-05T05:13:58.625807Z,KXBTC15M-26OCT050115-15,0.6800,0.01,no
2026-10-05T05:13:58.625807Z,KXBTC15M-26OCT050115-15,0.6800,128.62,no
2026-10-05T05:13:58.64766Z,KXBTC15M-26OCT050115-15,0.6800,0.01,no
2026-10-05T05:13:58.64766Z,KXBTC15M-26OCT050115-15,0.6800,0.01,no
2026-10-05T05:13:58.717266Z,KXBTC15M-26OCT050115-15,0.6700,2143.36,yes
2026-10-05T05:13:58.784124Z,KXBTC15M-26OCT050115-15,0.6700,14.33,yes
2026-10-05T05:13:58.815348Z,KXBTC15M-26OCT050115-15,0.6600,1.30,no
2026-10-05T05:13:58.839405Z,KXBTC15M-26OCT050115-15,0.6700,85.67,yes
2026-10-05T05:13:58.839405Z,KXBTC15M-26OCT050115-15,0.6700,55.29,yes
2026-10-05T05:13:58.867623Z,KXBTC15M-26OCT050115-15,0.6700,1.43,yes
2026-10-05T05:13:58.881094Z,KXBTC15M-26OCT050115-15,0.6700,7.23,yes
2026-10-05T05:13:58.913751Z,KXBTC15M-26OCT050115-15,0.6700,28.36,yes
2026-10-05T05:13:58.955985Z,KXBTC15M-26OCT050115-15,0.6700,75.81,yes
2026-10-05T05:13:59.033276Z,KXBTC15M-26OCT050115-15,0.6600,3.39,no
2026-10-05T05:13:59.06736Z,KXBTC15M-26OCT050115-15,0.6600,2.81,no
2026-10-05T05:13:59.116868Z,KXBTC15M-26OCT050115-15,0.6700,8.28,yes
2026-10-05T05:13:59.116868Z,KXBTC15M-26OCT050115-15,0.6700,211.88,yes
2026-10-05T05:13:59.13943Z,KXBTC15M-26OCT050115-15,0.6700,24.80,yes
2026-10-05T05:13:59.146658Z,KXBTC15M-26OCT050115-15,0.6600,42.16,no
2026-10-05T05:13:59.170899Z,KXBTC15M-26OCT050115-15,0.6700,123.16,yes
2026-10-05T05:13:59.170899Z,KXBTC15M-26OCT050115-15,0.6700,500.00,yes
2026-10-05T05:13:59.170899Z,KXBTC15M-26OCT050115-15,0.6700,66.92,yes
2026-10-05T05:13:59.196404Z,KXBTC15M-26OCT050115-15,0.6600,4.72,no
2026-10-05T05:13:59.197308Z,KXBTC15M-26OCT050115-15,0.6600,5.62,no
2026-10-05T05:13:59.216674Z,KXBTC15M-26OCT050115-15,0.6600,5.61,no
2026-10-05T05:13:59.227188Z,KXBTC15M-26OCT050115-15,0.6700,96.55,yes
2026-10-05T05:13:59.227188Z,KXBTC15M-26OCT050115-15,0.6700,0.01,yes
2026-10-05T05:13:59.227188Z,KXBTC15M-26OCT050115-15,0.6700,1.12,yes
2026-10-05T05:13:59.227188Z,KXBTC15M-26OCT050115-15,0.6700,1.20,yes
2026-10-05T05:13:59.227188Z,KXBTC15M-26OCT050115-15,0.6700,1.11,yes
2026-10-05T05:13:59.227188Z,KXBTC15M-26OCT050115-15,0.6700,0.01,yes
2026-10-05T05:13:59.231387Z,KXBTC15M-26OCT050115-15,0.6600,140.56,no
2026-10-05T05:13:59.248143Z,KXBTC15M-26OCT050115-15,0.6700,0.01,yes
2026-10-05T05:13:59.248143Z,KXBTC15M-26OCT050115-15,0.6700,0.01,yes
2026-10-05T05:13:59.248143Z,KXBTC15M-26OCT050115-15,0.6700,0.01,yes
2026-10-05T05:13:59.248143Z,KXBTC15M-26OCT050115-15,0.6800,38.01,yes
2026-10-05T05:13:59.248143Z,KXBTC15M-26OCT050115-15,0.6800,100.00,yes
2026-10-05T05:13:59.250786Z,KXBTC15M-26OCT050115-15,0.6700,90.56,no
2026-10-05T05:13:59.250786Z,KXBTC15M-26OCT050115-15,0.6700,50.00,no
2026-10-05T05:13:59.258459Z,KXBTC15M-26OCT050115-15,0.6800,48.05,yes
2026-10-05T05:13:59.270081Z,KXBTC15M-26OCT050115-15,0.6700,56.22,no
2026-10-05T05:13:59.283403Z,KXBTC15M-26OCT050115-15,0.6800,14.18,yes
2026-10-05T05:13:59.314949Z,KXBTC15M-26OCT050115-15,0.6700,3.22,no
2026-10-05T05:13:59.314949Z,KXBTC15M-26OCT050115-15,0.6700,60.43,no
2026-10-05T05:13:59.314949Z,KXBTC15M-26OCT050115-15,0.6700,150.00,no
2026-10-05T05:13:59.321351Z,KXBTC15M-26OCT050115-15,0.6800,69.50,yes
2026-10-05T05:13:59.325608Z,KXBTC15M-26OCT050115-15,0.6700,150.00,no
2026-10-05T05:13:59.325608Z,KXBTC15M-26OCT050115-15,0.6700,106.67,no
2026-10-05T05:13:59.325608Z,KXBTC15M-26OCT050115-15,0.6700,150.00,no
2026-10-05T05:13:59.325608Z,KXBTC15M-26OCT050115-15,0.6700,89.57,no
2026-10-05T05:13:59.326858Z,KXBTC15M-26OCT050115-15,0.6700,140.55,no
2026-10-05T05:13:59.375168Z,KXBTC15M-26OCT050115-15,0.6800,73.73,yes
2026-10-05T05:13:59.445205Z,KXBTC15M-26OCT050115-15,0.6800,294.54,yes
2026-10-05T05:13:59.445205Z,KXBTC15M-26OCT050115-15,0.6800,97.00,yes
2026-10-05T05:13:59.445205Z,KXBTC15M-26OCT050115-15,0.6800,0.01,yes
2026-10-05T05:13:59.445205Z,KXBTC15M-26OCT050115-15,0.6800,116.41,yes
2026-10-05T05:13:59.445205Z,KXBTC15M-26OCT050115-15,0.6800,0.01,yes
2026-10-05T05:13:59.475573Z,KXBTC15M-26OCT050115-15,0.6800,28.58,yes
2026-10-05T05:13:59.4781Z,KXBTC15M-26OCT050115-15,0.6700,2.81,no
2026-10-05T05:13:59.487434Z,KXBTC15M-26OCT050115-15,0.6800,12.61,yes
2026-10-05T05:13:59.51312Z,KXBTC15M-26OCT050115-15,0.6700,12.61,no
2026-10-05T05:13:59.526723Z,KXBTC15M-26OCT050115-15,0.6800,73.33,yes
2026-10-05T05:13:59.539734Z,KXBTC15M-26OCT050115-15,0.6700,16.86,no
2026-10-05T05:13:59.565867Z,KXBTC15M-26OCT050115-15,0.6800,1.42,yes
2026-10-05T05:13:59.569088Z,KXBTC15M-26OCT050115-15,0.6700,5.62,no
2026-10-05T05:13:59.601335Z,KXBTC15M-26OCT050115-15,0.6700,14.05,no
2026-10-05T05:13:59.631191Z,KXBTC15M-26OCT050115-15,0.6700,70.28,no
2026-10-05T05:13:59.639323Z,KXBTC15M-26OCT050115-15,0.6700,2.00,no
2026-10-05T05:13:59.721557Z,KXBTC15M-26OCT050115-15,0.6800,5.59,yes
2026-10-05T05:13:59.752971Z,KXBTC15M-26OCT050115-15,0.6800,472.94,yes
2026-10-05T05:13:59.752971Z,KXBTC15M-26OCT050115-15,0.6800,262.06,yes
2026-10-05T05:13:59.774037Z,KXBTC15M-26OCT050115-15,0.6700,9.53,no
2026-10-05T05:13:59.783376Z,KXBTC15M-26OCT050115-15,0.6800,7.12,yes
2026-10-05T05:13:59.812942Z,KXBTC15M-26OCT050115-15,0.6800,16.80,yes
2026-10-05T05:13:59.822272Z,KXBTC15M-26OCT050115-15,0.6800,10.00,yes
2026-10-05T05:13:59.853883Z,KXBTC15M-26OCT050115-15,0.6700,43.74,no
2026-10-05T05:13:59.853883Z,KXBTC15M-26OCT050115-15,0.6700,0.01,no
2026-10-05T05:13:59.853883Z,KXBTC15M-26OCT050115-15,0.6700,0.01,no
2026-10-05T05:13:59.853883Z,KXBTC15M-26OCT050115-15,0.6700,16.24,no
2026-10-05T05:13:59.855417Z,KXBTC15M-26OCT050115-15,0.6700,0.20,no
2026-10-05T05:13:59.855417Z,KXBTC15M-26OCT050115-15,0.6700,6.26,no
2026-10-05T05:13:59.855417Z,KXBTC15M-26OCT050115-15,0.6700,8.33,no
2026-10-05T05:13:59.86376Z,KXBTC15M-26OCT050115-15,0.6800,136.64,yes
2026-10-05T05:13:59.865319Z,KXBTC15M-26OCT050115-15,0.6700,60.00,no
2026-10-05T05:13:59.878819Z,KXBTC15M-26OCT050115-15,0.6700,0.49,no
2026-10-05T05:13:59.893117Z,KXBTC15M-26OCT050115-15,0.6800,15.95,yes
2026-10-05T05:13:59.906835Z,KXBTC15M-26OCT050115-15,0.6700,57.89,no
2026-10-05T05:13:59.947349Z,KXBTC15M-26OCT050115-15,0.6700,35.00,no
2026-10-05T05:13:59.971349Z,KXBTC15M-26OCT050115-15,0.6800,17.15,yes
2026-10-05T05:13:59.991141Z,KXBTC15M-26OCT050115-15,0.6700,7.50,no
2026-10-05T05:14:00.022469Z,KXBTC15M-26OCT050115-15,0.6700,14.47,no
2026-10-05T05:14:00.026042Z,KXBTC15M-26OCT050115-15,0.6800,74.00,yes
2026-10-05T05:14:00.03475Z,KXBTC15M-26OCT050115-15,0.6700,5.78,no
2026-10-05T05:14:00.035783Z,KXBTC15M-26OCT050115-15,0.6700,10.36,no
2026-10-05T05:14:00.040199Z,KXBTC15M-26OCT050115-15,0.6800,145.27,yes
2026-10-05T05:14:00.049018Z,KXBTC15M-26OCT050115-15,0.6700,14.47,no
2026-10-05T05:14:00.055233Z,KXBTC15M-26OCT050115-15,0.6800,6.00,yes
2026-10-05T05:14:00.058487Z,KXBTC15M-26OCT050115-15,0.6800,1.41,yes
2026-10-05T05:14:00.063792Z,KXBTC15M-26OCT050115-15,0.6700,14.47,no
2026-10-05T05:14:00.071667Z,KXBTC15M-26OCT050115-15,0.6700,14.47,no
2026-10-05T05:14:00.083146Z,KXBTC15M-26OCT050115-15,0.6700,57.89,no
2026-10-05T05:14:00.111068Z,KXBTC15M-26OCT050115-15,0.6800,17.26,yes
2026-10-05T05:14:00.140344Z,KXBTC15M-26OCT050115-15,0.6700,49.58,no
2026-10-05T05:14:00.140566Z,KXBTC15M-26OCT050115-15,0.6700,28.51,no
2026-10-05T05:14:00.140566Z,KXBTC15M-26OCT050115-15,0.6700,99.53,no
2026-10-05T05:14:00.142172Z,KXBTC15M-26OCT050115-15,0.6700,0.41,no
2026-10-05T05:14:00.142172Z,KXBTC15M-26OCT050115-15,0.6700,10.47,no
2026-10-05T05:14:00.142172Z,KXBTC15M-26OCT050115-15,0.6700,0.01,no
2026-10-05T05:14:00.142172Z,KXBTC15M-26OCT050115-15,0.6700,0.01,no
2026-10-05T05:14:00.146911Z,KXBTC15M-26OCT050115-15,0.6700,89.87,yes
2026-10-05T05:14:00.18519Z,KXBTC15M-26OCT050115-15,0.6600,1.39,no
2026-10-05T05:14:00.197144Z,KXBTC15M-26OCT050115-15,0.6700,1.00,yes
2026-10-05T05:14:00.249434Z,KXBTC15M-26OCT050115-15,0.6700,1.00,yes
2026-10-05T05:14:00.306659Z,KXBTC15M-26OCT050115-15,0.6700,8.68,yes
2026-10-05T05:14:00.313343Z,KXBTC15M-26OCT050115-15,0.6600,52.73,no
2026-10-05T05:14:00.313343Z,KXBTC15M-26OCT050115-15,0.6600,7.55,no
2026-10-05T05:14:00.313343Z,KXBTC15M-26OCT050115-15,0.6600,10.00,no
2026-10-05T05:14:00.364094Z,KXBTC15M-26OCT050115-15,0.6600,2.00,no
2026-10-05T05:14:00.379704Z,KXBTC15M-26OCT050115-15,0.6700,2.87,yes
2026-10-05T05:14:00.399889Z,KXBTC15M-26OCT050115-15,0.6700,150.00,yes
2026-10-05T05:14:00.399889Z,KXBTC15M-26OCT050115-15,0.6700,150.00,yes
2026-10-05T05:14:00.399889Z,KXBTC15M-26OCT050115-15,0.6700,653.42,yes
2026-10-05T05:14:00.399889Z,KXBTC15M-26OCT050115-15,0.6700,46.58,yes
2026-10-05T05:14:00.41059Z,KXBTC15M-26OCT050115-15,0.6700,1.00,yes
2026-10-05T05:14:00.413073Z,KXBTC15M-26OCT050115-15,0.6700,143.83,yes
2026-10-05T05:14:00.416951Z,KXBTC15M-26OCT050115-15,0.6600,7.62,no
2026-10-05T05:14:00.452128Z,KXBTC15M-26OCT050115-15,0.6700,143.83,yes
2026-10-05T05:14:00.452413Z,KXBTC15M-26OCT050115-15,0.6700,1.06,yes
2026-10-05T05:14:00.483068Z,KXBTC15M-26OCT050115-15,0.6600,200.00,no
2026-10-05T05:14:00.483068Z,KXBTC15M-26OCT050115-15,0.6600,237.65,no
2026-10-05T05:14:00.483068Z,KXBTC15M-26OCT050115-15,0.6600,28.21,no
2026-10-05T05:14:00.49391Z,KXBTC15M-26OCT050115-15,0.6700,71.00,yes
2026-10-05T05:14:00.495464Z,KXBTC15M-26OCT050115-15,0.6600,25.00,no
2026-10-05T05:14:00.498392Z,KXBTC15M-26OCT050115-15,0.6600,11.00,no
2026-10-05T05:14:00.510901Z,KXBTC15M-26OCT050115-15,0.6600,41.08,no
2026-10-05T05:14:00.510901Z,KXBTC15M-26OCT050115-15,0.6600,1.08,no
2026-10-05T05:14:00.520664Z,KXBTC15M-26OCT050115-15,0.6700,71.91,yes
2026-10-05T05:14:00.52108Z,KXBTC15M-26OCT050115-15,0.6700,41.71,yes
2026-10-05T05:14:00.531791Z,KXBTC15M-26OCT050115-15,0.6600,0.28,no
2026-10-05T05:14:00.604412Z,KXBTC15M-26OCT050115-15,0.6600,2.81,no
2026-10-05T05:14:00.613788Z,KXBTC15M-26OCT050115-15,0.6700,227.00,yes
2026-10-05T05:14:00.615302Z,KXBTC15M-26OCT050115-15,0.6700,36.47,yes
2026-10-05T05:14:00.615873Z,KXBTC15M-26OCT050115-15,0.6700,22.74,yes
2026-10-05T05:14:00.676973Z,KXBTC15M-26OCT050115-15,0.6700,14.47,yes
2026-10-05T05:14:00.742752Z,KXBTC15M-26OCT050115-15,0.6600,5.52,no
2026-10-05T05:14:00.798835Z,KXBTC15M-26OCT050115-15,0.6700,0.01,yes
2026-10-05T05:14:00.798835Z,KXBTC15M-26OCT050115-15,0.6700,0.01,yes
2026-10-05T05:14:00.798835Z,KXBTC15M-26OCT050115-15,0.6700,0.01,yes
2026-10-05T05:14:00.798835Z,KXBTC15M-26OCT050115-15,0.6700,0.97,yes
2026-10-05T05:14:00.802192Z,KXBTC15M-26OCT050115-15,0.6700,0.01,yes
2026-10-05T05:14:00.822947Z,KXBTC15M-26OCT050115-15,0.6600,0.47,no
2026-10-05T05:14:00.828937Z,KXBTC15M-26OCT050115-15,0.6700,2.00,yes
2026-10-05T05:14:00.837902Z,KXBTC15M-26OCT050115-15,0.6700,10.00,yes
2026-10-05T05:14:00.837902Z,KXBTC15M-26OCT050115-15,0.6700,500.00,yes
2026-10-05T05:14:00.837902Z,KXBTC15M-26OCT050115-15,0.6700,596.96,yes
2026-10-05T05:14:00.837902Z,KXBTC15M-26OCT050115-15,0.6700,0.01,yes
2026-10-05T05:14:00.837902Z,KXBTC15M-26OCT050115-15,0.6700,0.01,yes
2026-10-05T05:14:00.837902Z,KXBTC15M-26OCT050115-15,0.6700,197.02,yes
2026-10-05T05:14:00.837902Z,KXBTC15M-26OCT050115-15,0.6700,80.00,yes
2026-10-05T05:14:00.837902Z,KXBTC15M-26OCT050115-15,0.6700,40.00,yes
2026-10-05T05:14:00.837902Z,KXBTC15M-26OCT050115-15,0.6700,4.00,yes
2026-10-05T05:14:00.853998Z,KXBTC15M-26OCT050115-15,0.6600,12.54,no
2026-10-05T05:14:00.870303Z,KXBTC15M-26OCT050115-15,0.6800,1.60,yes
2026-10-05T05:14:00.870303Z,KXBTC15M-26OCT050115-15,0.6700,0.01,yes
2026-10-05T05:14:00.870303Z,KXBTC15M-26OCT050115-15,0.6700,1.10,yes
2026-10-05T05:14:00.870303Z,KXBTC15M-26OCT050115-15,0.6700,0.01,yes
2026-10-05T05:14:00.870303Z,KXBTC15M-26OCT050115-15,0.6700,0.01,yes
2026-10-05T05:14:00.870303Z,KXBTC15M-26OCT050115-15,0.6700,0.12,yes
2026-10-05T05:14:00.888796Z,KXBTC15M-26OCT050115-15,0.6800,10.00,yes
2026-10-05T05:14:00.917746Z,KXBTC15M-26OCT050115-15,0.6700,150.00,no
2026-10-05T05:14:00.917746Z,KXBTC15M-26OCT050115-15,0.6700,95.06,no
2026-10-05T05:14:00.921735Z,KXBTC15M-26OCT050115-15,0.6800,1035.40,yes
2026-10-05T05:14:00.921735Z,KXBTC15M-26OCT050115-15,0.6800,392.60,yes
2026-10-05T05:14:00.931772Z,KXBTC15M-26OCT050115-15,0.6700,5.62,no
2026-10-05T05:14:00.948145Z,KXBTC15M-26OCT050115-15,0.6800,107.40,yes
2026-10-05T05:14:00.948145Z,KXBTC15M-26OCT050115-15,0.6800,0.01,yes
2026-10-05T05:14:00.948145Z,KXBTC15M-26OCT050115-15,0.6800,0.01,yes
2026-10-05T05:14:00.948145Z,KXBTC15M-26OCT050115-15,0.6800,34.30,yes
2026-10-05T05:14:00.948145Z,KXBTC15M-26OCT050115-15,0.6800,1.12,yes
2026-10-05T05:14:00.950739Z,KXBTC15M-26OCT050115-15,0.6700,49.32,no
2026-10-05T05:14:00.950739Z,KXBTC15M-26OCT050115-15,0.6700,18.68,no
2026-10-05T05:14:00.962095Z,KXBTC15M-26OCT050115-15,0.6700,14.05,no
2026-10-05T05:14:00.976193Z,KXBTC15M-26OCT050115-15,0.6700,81.52,no
2026-10-05T05:14:01.008543Z,KXBTC15M-26OCT050115-15,0.6800,64.32,yes
2026-10-05T05:14:01.026919Z,KXBTC15M-26OCT050115-15,0.6700,150.00,no
2026-10-05T05:14:01.026919Z,KXBTC15M-26OCT050115-15,0.6700,35.75,no
2026-10-05T05:14:01.026919Z,KXBTC15M-26OCT050115-15,0.6700,14.25,no
2026-10-05T05:14:01.04842Z,KXBTC15M-26OCT050115-15,0.6800,13.99,yes
2026-10-05T05:14:01.050995Z,KXBTC15M-26OCT050115-15,0.6800,17.15,yes
2026-10-05T05:14:01.058047Z,KXBTC15M-26OCT050115-15,0.6700,11.00,no
2026-10-05T05:14:01.058094Z,KXBTC15M-26OCT050115-15,0.6800,71.48,yes
2026-10-05T05:14:01.078318Z,KXBTC15M-26OCT050115-15,0.6700,75.24,no
2026-10-05T05:14:01.11918Z,KXBTC15M-26OCT050115-15,0.6700,1.14,no
2026-10-05T05:14:01.120828Z,KXBTC15M-26OCT050115-15,0.6800,312.00,yes
2026-10-05T05:14:01.229188Z,KXBTC15M-26OCT050115-15,0.6700,0.01,no
2026-10-05T05:14:01.229188Z,KXBTC15M-26OCT050115-15,0.6700,48.37,no
2026-10-05T05:14:01.229188Z,KXBTC15M-26OCT050115-15,0.6700,0.01,no
2026-10-05T05:14:01.229188Z,KXBTC15M-26OCT050115-15,0.6700,452.35,no
2026-10-05T05:14:01.242573Z,KXBTC15M-26OCT050115-15,0.6700,55.68,no
2026-10-05T05:14:01.246139Z,KXBTC15M-26OCT050115-15,0.6700,14.05,no
2026-10-05T05:14:01.255182Z,KXBTC15M-26OCT050115-15,0.6800,210.00,yes
2026-10-05T05:14:01.255194Z,KXBTC15M-26OCT050115-15,0.6700,2.81,no
2026-10-05T05:14:01.259694Z,KXBTC15M-26OCT050115-15,0.6800,104.00,yes
2026-10-05T05:14:01.261326Z,KXBTC15M-26OCT050115-15,0.6700,42.91,no
2026-10-05T05:14:01.292636Z,KXBTC15M-26OCT050115-15,0.6700,23.15,no
2026-10-05T05:14:01.293027Z,KXBTC15M-26OCT050115-15,0.6700,14.47,no
2026-10-05T05:14:01.318817Z,KXBTC15M-26OCT050115-15,0.6800,5.00,yes
2026-10-05T05:14:01.354757Z,KXBTC15M-26OCT050115-15,0.6700,3.41,no
2026-10-05T05:14:01.362615Z,KXBTC15M-26OCT050115-15,0.6700,6.86,no
2026-10-05T05:14:01.378696Z,KXBTC15M-26OCT050115-15,0.6700,14.47,no
2026-10-05T05:14:01.379358Z,KXBTC15M-26OCT050115-15,0.6700,0.28,no
2026-10-05T05:14:01.379766Z,KXBTC15M-26OCT050115-15,0.6700,28.94,no
2026-10-05T05:14:01.382087Z,KXBTC15M-26OCT050115-15,0.6700,2.81,no
2026-10-05T05:14:01.389987Z,KXBTC15M-26OCT050115-15,0.6700,1.40,no
2026-10-05T05:14:01.408597Z,KXBTC15M-26OCT050115-15,0.6800,0.01,yes
2026-10-05T05:14:01.465555Z,KXBTC15M-26OCT050115-15,0.6700,17.36,no
2026-10-05T05:14:01.505758Z,KXBTC15M-26OCT050115-15,0.6700,5.78,no
2026-10-05T05:14:01.556979Z,KXBTC15M-26OCT050115-15,0.6800,1.51,yes
2026-10-05T05:14:01.562864Z,KXBTC15M-26OCT050115-15,0.6700,0.99,no
2026-10-05T05:14:01.574732Z,KXBTC15M-26OCT050115-15,0.6700,28.11,no
2026-10-05T05:14:01.576144Z,KXBTC15M-26OCT050115-15,0.6700,21.29,no
2026-10-05T05:14:01.58473Z,KXBTC15M-26OCT050115-15,0.6700,14.47,no
2026-10-05T05:14:01.595864Z,KXBTC15M-26OCT050115-15,0.6700,14.47,no
2026-10-05T05:14:01.62809Z,KXBTC15M-26OCT050115-15,0.6800,14.38,yes
2026-10-05T05:14:01.654406Z,KXBTC15M-26OCT050115-15,0.6800,1.43,yes
2026-10-05T05:14:01.672202Z,KXBTC15M-26OCT050115-15,0.6700,34.73,no
2026-10-05T05:14:01.722821Z,KXBTC15M-26OCT050115-15,0.6700,5.78,no
2026-10-05T05:14:01.749497Z,KXBTC15M-26OCT050115-15,0.6800,2.87,yes
2026-10-05T05:14:01.762064Z,KXBTC15M-26OCT050115-15,0.6700,36.14,no
2026-10-05T05:14:01.767148Z,KXBTC15M-26OCT050115-15,0.6800,71.91,yes
2026-10-05T05:14:01.788904Z,KXBTC15M-26OCT050115-15,0.6700,2.69,no
2026-10-05T05:14:01.888913Z,KXBTC15M-26OCT050115-15,0.6800,7.19,yes
2026-10-05T05:14:01.976599Z,KXBTC15M-26OCT050115-15,0.6800,31.44,yes
2026-10-05T05:14:01.98706Z,KXBTC15M-26OCT050115-15,0.6700,14.47,no
2026-10-05T05:14:01.99925Z,KXBTC15M-26OCT050115-15,0.6700,14.47,no
2026-10-05T05:14:02.000075Z,KXBTC15M-26OCT050115-15,0.6800,4.57,yes
2026-10-05T05:14:02.013238Z,KXBTC15M-26OCT050115-15,0.6800,11.00,yes
2026-10-05T05:14:02.091639Z,KXBTC15M-26OCT050115-15,0.6800,353.70,yes
2026-10-05T05:14:02.091639Z,KXBTC15M-26OCT050115-15,0.6800,0.01,yes
2026-10-05T05:14:02.091639Z,KXBTC15M-26OCT050115-15,0.6800,0.01,yes
2026-10-05T05:14:02.091639Z,KXBTC15M-26OCT050115-15,0.6800,392.74,yes
2026-10-05T05:14:02.096334Z,KXBTC15M-26OCT050115-15,0.6700,28.94,no
2026-10-05T05:14:02.102359Z,KXBTC15M-26OCT050115-15,0.6800,20.00,yes
2026-10-05T05:14:02.10317Z,KXBTC15M-26OCT050115-15,0.6700,33.74,no
2026-10-05T05:14:02.132939Z,KXBTC15M-26OCT050115-15,0.6700,28.94,no
2026-10-05T05:14:02.139635Z,KXBTC15M-26OCT050115-15,0.6700,1.48,no
2026-10-05T05:14:02.149397Z,KXBTC15M-26OCT050115-15,0.6700,20.42,no
2026-10-05T05:14:02.21083Z,KXBTC15M-26OCT050115-15,0.6800,0.20,yes
2026-10-05T05:14:02.21083Z,KXBTC15M-26OCT050115-15,0.6800,105.00,yes
2026-10-05T05:14:02.21083Z,KXBTC15M-26OCT050115-15,0.6800,0.61,yes
2026-10-05T05:14:02.21083Z,KXBTC15M-26OCT050115-15,0.6800,1.10,yes
2026-10-05T05:14:02.21083Z,KXBTC15M-26OCT050115-15,0.6800,168.00,yes
2026-10-05T05:14:02.21083Z,KXBTC15M-26OCT050115-15,0.6800,87.26,yes
2026-10-05T05:14:02.21083Z,KXBTC15M-26OCT050115-15,0.6800,500.00,yes
2026-10-05T05:14:02.21083Z,KXBTC15M-26OCT050115-15,0.6800,0.01,yes
2026-10-05T05:14:02.21083Z,KXBTC15M-26OCT050115-15,0.6800,0.01,yes
2026-10-05T05:14:02.22696Z,KXBTC15M-26OCT050115-15,0.6800,0.01,no
2026-10-05T05:14:02.284172Z,KXBTC15M-26OCT050115-15,0.6800,253.49,no
2026-10-05T05:14:02.284172Z,KXBTC15M-26OCT050115-15,0.6800,5.00,no
2026-10-05T05:14:02.284172Z,KXBTC15M-26OCT050115-15,0.6800,6.00,no
2026-10-05T05:14:02.284172Z,KXBTC15M-26OCT050115-15,0.6800,0.01,no
2026-10-05T05:14:02.284172Z,KXBTC15M-26OCT050115-15,0.6800,12.49,no
2026-10-05T05:14:02.284172Z,KXBTC15M-26OCT050115-15,0.6800,0.01,no
2026-10-05T05:14:02.289763Z,KXBTC15M-26OCT050115-15,0.6800,2.00,no
2026-10-05T05:14:02.301195Z,KXBTC15M-26OCT050115-15,0.6900,2.80,yes
2026-10-05T05:14:02.307568Z,KXBTC15M-26OCT050115-15,0.6900,0.14,yes
2026-10-05T05:14:02.334981Z,KXBTC15M-26OCT050115-15,0.6800,72.36,no
2026-10-05T05:14:02.340955Z,KXBTC15M-26OCT050115-15,0.6900,105.71,yes
2026-10-05T05:14:02.342572Z,KXBTC15M-26OCT050115-15,0.6800,11.57,no
2026-10-05T05:14:02.375567Z,KXBTC15M-26OCT050115-15,0.6800,6.97,no
2026-10-05T05:14:02.406601Z,KXBTC15M-26OCT050115-15,0.6800,2.89,no
2026-10-05T05:14:02.407019Z,KXBTC15M-26OCT050115-15,0.6800,8.68,no
2026-10-05T05:14:02.438635Z,KXBTC15M-26OCT050115-15,0.6900,0.01,yes
2026-10-05T05:14:02.47931Z,KXBTC15M-26OCT050115-15,0.6900,14.09,yes
2026-10-05T05:14:02.49116Z,KXBTC15M-26OCT050115-15,0.6800,25.54,no
2026-10-05T05:14:02.49116Z,KXBTC15M-26OCT050115-15,0.6800,1.46,no
2026-10-05T05:14:02.500102Z,KXBTC15M-26OCT050115-15,0.6900,4.86,yes
2026-10-05T05:14:02.500555Z,KXBTC15M-26OCT050115-15,0.6800,4.66,no
2026-10-05T05:14:02.500555Z,KXBTC15M-26OCT050115-15,0.6800,4.00,no
2026-10-05T05:14:02.500555Z,KXBTC15M-26OCT050115-15,0.6800,0.01,no
2026-10-05T05:14:02.500555Z,KXBTC15M-26OCT050115-15,0.6800,0.01,no
2026-10-05T05:14:02.555884Z,KXBTC15M-26OCT050115-15,0.6800,0.64,no
2026-10-05T05:14:02.555884Z,KXBTC15M-26OCT050115-15,0.6800,0.01,no
2026-10-05T05:14:02.555884Z,KXBTC15M-26OCT050115-15,0.6800,1.34,no
2026-10-05T05:14:02.555884Z,KXBTC15M-26OCT050115-15,0.6800,0.01,no
2026-10-05T05:14:02.596831Z,KXBTC15M-26OCT050115-15,0.6700,57.87,no
2026-10-05T05:14:02.596831Z,KXBTC15M-26OCT050115-15,0.6800,0.01,no
2026-10-05T05:14:02.596831Z,KXBTC15M-26OCT050115-15,0.6800,0.01,no
2026-10-05T05:14:02.615408Z,KXBTC15M-26OCT050115-15,0.6700,5.78,no
2026-10-05T05:14:02.640914Z,KXBTC15M-26OCT050115-15,0.6700,14.47,no
2026-10-05T05:14:02.659287Z,KXBTC15M-26OCT050115-15,0.6700,4.00,no
2026-10-05T05:14:02.701364Z,KXBTC15M-26OCT050115-15,0.6800,4.68,yes
2026-10-05T05:14:02.707508Z,KXBTC15M-26OCT050115-15,0.6700,1.00,no
2026-10-05T05:14:02.728263Z,KXBTC15M-26OCT050115-15,0.6700,143.19,no
2026-10-05T05:14:02.777728Z,KXBTC15M-26OCT050115-15,0.6700,0.76,no
2026-10-05T05:14:02.864658Z,KXBTC15M-26OCT050115-15,0.6700,28.39,no
2026-10-05T05:14:02.87551Z,KXBTC15M-26OCT050115-15,0.6700,92.03,no
2026-10-05T05:14:02.906129Z,KXBTC15M-26OCT050115-15,0.6800,4.79,yes
2026-10-05T05:14:02.935893Z,KXBTC15M-26OCT050115-15,0.6700,87.41,no
2026-10-05T05:14:02.959365Z,KXBTC15M-26OCT050115-15,0.6800,45.21,yes
2026-10-05T05:14:02.959365Z,KXBTC15M-26OCT050115-15,0.6800,2.26,yes
2026-10-05T05:14:02.959365Z,KXBTC15M-26OCT050115-15,0.6800,0.01,yes
2026-10-05T05:14:02.959365Z,KXBTC15M-26OCT050115-15,0.6800,0.01,yes
2026-10-05T05:14:02.959365Z,KXBTC15M-26OCT050115-15,0.6800,32.43,yes
2026-10-05T05:14:02.959365Z,KXBTC15M-26OCT050115-15,0.6800,42.00,yes
2026-10-05T05:14:02.965607Z,KXBTC15M-26OCT050115-15,0.6800,1.42,yes
2026-10-05T05:14:02.991587Z,KXBTC15M-26OCT050115-15,0.6800,71.00,yes
2026-10-05T05:14:03.009145Z,KXBTC15M-26OCT050115-15,0.6700,5.78,no
2026-10-05T05:14:03.035194Z,KXBTC15M-26OCT050115-15,0.6700,14.47,no
2026-10-05T05:14:03.060927Z,KXBTC15M-26OCT050115-15,0.6700,2.81,no
2026-10-05T05:14:03.066441Z,KXBTC15M-26OCT050115-15,0.6700,147.99,no
2026-10-05T05:14:03.070573Z,KXBTC15M-26OCT050115-15,0.6800,14.38,yes
2026-10-05T05:14:03.075396Z,KXBTC15M-26OCT050115-15,0.6700,144.72,no
2026-10-05T05:14:03.075864Z,KXBTC15M-26OCT050115-15,0.6700,28.94,no
2026-10-05T05:14:03.094066Z,KXBTC15M-26OCT050115-15,0.6700,5.78,no
2026-10-05T05:14:03.09532Z,KXBTC15M-26OCT050115-15,0.6700,2.87,no
2026-10-05T05:14:03.110716Z,KXBTC15M-26OCT050115-15,0.6700,5.78,no
2026-10-05T05:14:03.125421Z,KXBTC15M-26OCT050115-15,0.6700,14.47,no
2026-10-05T05:14:03.270481Z,KXBTC15M-26OCT050115-15,0.6800,99.97,yes
2026-10-05T05:14:03.270481Z,KXBTC15M-26OCT050115-15,0.6800,50.00,yes
2026-10-05T05:14:03.270481Z,KXBTC15M-26OCT050115-15,0.6800,0.01,yes
2026-10-05T05:14:03.270481Z,KXBTC15M-26OCT050115-15,0.6800,0.01,yes
2026-10-05T05:14:03.270481Z,KXBTC15M-26OCT050115-15,0.6800,0.01,yes
2026-10-05T05:14:03.337026Z,KXBTC15M-26OCT050115-15,0.6800,8.19,yes
2026-10-05T05:14:03.337026Z,KXBTC15M-26OCT050115-15,0.6800,0.01,yes
2026-10-05T05:14:03.365206Z,KXBTC15M-26OCT050115-15,0.6800,0.01,yes
2026-10-05T05:14:03.365206Z,KXBTC15M-26OCT050115-15,0.6800,93.81,yes
2026-10-05T05:14:03.365206Z,KXBTC15M-26OCT050115-15,0.6800,0.01,yes
2026-10-05T05:14:03.365206Z,KXBTC15M-26OCT050115-15,0.6800,50.00,yes
2026-10-05T05:14:03.365206Z,KXBTC15M-26OCT050115-15,0.6800,1.10,yes
2026-10-05T05:14:03.36637Z,KXBTC15M-26OCT050115-15,0.6700,14.47,no
2026-10-05T05:14:03.371102Z,KXBTC15M-26OCT050115-15,0.6700,8.68,no
2026-10-05T05:14:03.401061Z,KXBTC15M-26OCT050115-15,0.6700,1.73,no
2026-10-05T05:14:03.419327Z,KXBTC15M-26OCT050115-15,0.6700,14.45,no
2026-10-05T05:14:03.424753Z,KXBTC15M-26OCT050115-15,0.6700,57.89,no
2026-10-05T05:14:03.467974Z,KXBTC15M-26OCT050115-15,0.6700,5.90,no
2026-10-05T05:14:03.50503Z,KXBTC15M-26OCT050115-15,0.6700,32.00,no
2026-10-05T05:14:03.509484Z,KXBTC15M-26OCT050115-15,0.6700,1.00,no
2026-10-05T05:14:03.516911Z,KXBTC15M-26OCT050115-15,0.6700,1.76,no
2026-10-05T05:14:03.518559Z,KXBTC15M-26OCT050115-15,0.6800,0.01,yes
2026-10-05T05:14:03.518559Z,KXBTC15M-26OCT050115-15,0.6800,13.99,yes
2026-10-05T05:14:03.524767Z,KXBTC15M-26OCT050115-15,0.6700,6.00,no
2026-10-05T05:14:03.524767Z,KXBTC15M-26OCT050115-15,0.6700,8.94,no
2026-10-05T05:14:03.524767Z,KXBTC15M-26OCT050115-15,0.6700,0.01,no
2026-10-05T05:14:03.524767Z,KXBTC15M-26OCT050115-15,0.6700,0.01,no
2026-10-05T05:14:03.524767Z,KXBTC15M-26OCT050115-15,0.6700,1.49,no
2026-10-05T05:14:03.524767Z,KXBTC15M-26OCT050115-15,0.6700,1.49,no
2026-10-05T05:14:03.524767Z,KXBTC15M-26OCT050115-15,0.6700,21.17,no
2026-10-05T05:14:03.524767Z,KXBTC15M-26OCT050115-15,0.6700,5.00,no
2026-10-05T05:14:03.524767Z,KXBTC15M-26OCT050115-15,0.6700,100.61,no
2026-10-05T05:14:03.525211Z,KXBTC15M-26OCT050115-15,0.6800,89.70,yes
2026-10-05T05:14:03.579014Z,KXBTC15M-26OCT050115-15,0.6800,4.00,yes
2026-10-05T05:14:03.597674Z,KXBTC15M-26OCT050115-15,0.6800,6.00,yes
2026-10-05T05:14:03.6014Z,KXBTC15M-26OCT050115-15,0.6800,35.95,yes
2026-10-05T05:14:03.624911Z,KXBTC15M-26OCT050115-15,0.6700,57.89,no
2026-10-05T05:14:03.657085Z,KXBTC15M-26OCT050115-15,0.6700,14.47,no
2026-10-05T05:14:03.676059Z,KXBTC15M-26OCT050115-15,0.6700,1.83,no
2026-10-05T05:14:03.676059Z,KXBTC15M-26OCT050115-15,0.6700,406.69,no
2026-10-05T05:14:03.676059Z,KXBTC15M-26OCT050115-15,0.6700,1.00,no
2026-10-05T05:14:03.697088Z,KXBTC15M-26OCT050115-15,0.6800,14.00,yes
2026-10-05T05:14:03.702354Z,KXBTC15M-26OCT050115-15,0.6800,100.00,yes
2026-10-05T05:14:03.702383Z,KXBTC15M-26OCT050115-15,0.6800,2.00,yes
2026-10-05T05:14:03.706275Z,KXBTC15M-26OCT050115-15,0.6700,5.59,no
2026-10-05T05:14:03.729712Z,KXBTC15M-26OCT050115-15,0.6800,6.73,yes
2026-10-05T05:14:03.731407Z,KXBTC15M-26OCT050115-15,0.6800,5.40,yes
2026-10-05T05:14:03.76383Z,KXBTC15M-26OCT050115-15,0.6700,72.36,no
2026-10-05T05:14:03.783373Z,KXBTC15M-26OCT050115-15,0.6800,21.00,yes
2026-10-05T05:14:03.783373Z,KXBTC15M-26OCT050115-15,0.6800,0.01,yes
2026-10-05T05:14:03.783373Z,KXBTC15M-26OCT050115-15,0.6800,21.00,yes
2026-10-05T05:14:03.783373Z,KXBTC15M-26OCT050115-15,0.6800,0.01,yes
2026-10-05T05:14:03.783373Z,KXBTC15M-26OCT050115-15,0.6800,222.23,yes
2026-10-05T05:14:03.783373Z,KXBTC15M-26OCT050115-15,0.6900,20.74,yes
2026-10-05T05:14:03.896774Z,KXBTC15M-26OCT050115-15,0.6900,40.49,yes
2026-10-05T05:14:03.932645Z,KXBTC15M-26OCT050115-15,0.6900,22.00,yes
2026-10-05T05:14:03.932645Z,KXBTC15M-26OCT050115-15,0.6900,0.01,yes
2026-10-05T05:14:03.932645Z,KXBTC15M-26OCT050115-15,0.6900,154.00,yes
2026-10-05T05:14:03.932645Z,KXBTC15M-26OCT050115-15,0.6900,1.09,yes
2026-10-05T05:14:03.932645Z,KXBTC15M-26OCT050115-15,0.6900,54.82,yes
2026-10-05T05:14:03.932645Z,KXBTC15M-26OCT050115-15,0.6900,0.01,yes
2026-10-05T05:14:03.932645Z,KXBTC15M-26OCT050115-15,0.6900,500.00,yes
2026-10-05T05:14:03.932645Z,KXBTC15M-26OCT050115-15,0.6900,238.77,yes
2026-10-05T05:14:03.936079Z,KXBTC15M-26OCT050115-15,0.6900,9.85,yes
2026-10-05T05:14:03.982377Z,KXBTC15M-26OCT050115-15,0.6800,9.10,no
2026-10-05T05:14:04.000633Z,KXBTC15M-26OCT050115-15,0.6800,28.94,no
2026-10-05T05:14:04.016644Z,KXBTC15M-26OCT050115-15,0.6800,2.44,no
2026-10-05T05:14:04.026999Z,KXBTC15M-26OCT050115-15,0.6800,57.89,no
2026-10-05T05:14:04.035926Z,KXBTC15M-26OCT050115-15,0.6800,21.15,no
2026-10-05T05:14:04.049426Z,KXBTC15M-26OCT050115-15,0.6900,13.00,yes
2026-10-05T05:14:04.099432Z,KXBTC15M-26OCT050115-15,0.6800,6.00,no
2026-10-05T05:14:04.116505Z,KXBTC15M-26OCT050115-15,0.6800,0.60,no
2026-10-05T05:14:04.120461Z,KXBTC15M-26OCT050115-15,0.6900,0.01,yes
2026-10-05T05:14:04.120461Z,KXBTC15M-26OCT050115-15,0.6900,191.92,yes
2026-10-05T05:14:04.143966Z,KXBTC15M-26OCT050115-15,0.6900,308.08,yes
2026-10-05T05:14:04.143966Z,KXBTC15M-26OCT050115-15,0.6900,0.01,yes
2026-10-05T05:14:04.191859Z,KXBTC15M-26OCT050115-15,0.6900,450.00,yes
2026-10-05T05:14:04.204009Z,KXBTC15M-26OCT050115-15,0.6800,4.34,no
2026-10-05T05:14:04.235645Z,KXBTC15M-26OCT050115-15,0.6900,3.00,yes
2026-10-05T05:14:04.268545Z,KXBTC15M-26OCT050115-15,0.6800,0.01,no
2026-10-05T05:14:04.268545Z,KXBTC15M-26OCT050115-15,0.6800,0.01,no
2026-10-05T05:14:04.268545Z,KXBTC15M-26OCT050115-15,0.6800,220.00,no
2026-10-05T05:14:04.268545Z,KXBTC15M-26OCT050115-15,0.6800,210.00,no
2026-10-05T05:14:04.268545Z,KXBTC15M-26OCT050115-15,0.6800,1.00,no
2026-10-05T05:14:04.268545Z,KXBTC15M-26OCT050115-15,0.6800,50.00,no
2026-10-05T05:14:04.323578Z,KXBTC15M-26OCT050115-15,0.6800,49.51,yes
2026-10-05T05:14:04.327445Z,KXBTC15M-26OCT050115-15,0.6800,481.02,yes
2026-10-05T05:14:04.33218Z,KXBTC15M-26OCT050115-15,0.6800,1.00,yes
2026-10-05T05:14:04.373356Z,KXBTC15M-26OCT050115-15,0.6700,6.00,no
2026-10-05T05:14:04.373356Z,KXBTC15M-26OCT050115-15,0.6700,132.56,no
2026-10-05T05:14:04.373356Z,KXBTC15M-26OCT050115-15,0.6700,0.01,no
2026-10-05T05:14:04.373356Z,KXBTC15M-26OCT050115-15,0.6700,0.01,no
2026-10-05T05:14:04.391101Z,KXBTC15M-26OCT050115-15,0.6800,45.37,yes
2026-10-05T05:14:04.391101Z,KXBTC15M-26OCT050115-15,0.6800,0.01,yes
2026-10-05T05:14:04.391101Z,KXBTC15M-26OCT050115-15,0.6800,0.01,yes
2026-10-05T05:14:04.70909Z,KXBTC15M-26OCT050115-15,0.6900,1.41,yes
2026-10-05T05:14:04.70909Z,KXBTC15M-26OCT050115-15,0.6800,0.01,yes
2026-10-05T05:14:04.70909Z,KXBTC15M-26OCT050115-15,0.6800,0.01,yes
2026-10-05T05:14:04.70909Z,KXBTC15M-26OCT050115-15,0.6800,1.40,yes
2026-10-05T05:14:04.764622Z,KXBTC15M-26OCT050115-15,0.6900,14.17,yes
2026-10-05T05:14:04.792349Z,KXBTC15M-26OCT050115-15,0.6900,43.00,yes
2026-10-05T05:14:04.792349Z,KXBTC15M-26OCT050115-15,0.6900,86.42,yes
2026-10-05T05:14:04.805906Z,KXBTC15M-26OCT050115-15,0.6800,0.32,no
2026-10-05T05:14:04.805906Z,KXBTC15M-26OCT050115-15,0.6800,50.00,no
2026-10-05T05:14:04.805906Z,KXBTC15M-26OCT050115-15,0.6800,12.50,no
2026-10-05T05:14:04.806878Z,KXBTC15M-26OCT050115-15,0.6900,1.00,yes
2026-10-05T05:14:04.80982Z,KXBTC15M-26OCT050115-15,0.6900,16.47,yes
2026-10-05T05:14:04.814246Z,KXBTC15M-26OCT050115-15,0.6900,11.36,yes
2026-10-05T05:14:04.814246Z,KXBTC15M-26OCT050115-15,0.6900,4.53,yes
2026-10-05T05:14:04.814246Z,KXBTC15M-26OCT050115-15,0.6900,1.12,yes
2026-10-05T05:14:04.832876Z,KXBTC15M-26OCT050115-15,0.6800,61.55,no
2026-10-05T05:14:04.886372Z,KXBTC15M-26OCT050115-15,0.6900,4.91,yes
2026-10-05T05:14:05.01979Z,KXBTC15M-26OCT050115-15,0.6900,30.59,yes
2026-10-05T05:14:05.050944Z,KXBTC15M-26OCT050115-15,0.6900,15.88,yes
2026-10-05T05:14:05.062013Z,KXBTC15M-26OCT050115-15,0.6800,5.78,no
2026-10-05T05:14:05.074124Z,KXBTC15M-26OCT050115-15,0.6800,5.78,no
2026-10-05T05:14:05.092087Z,KXBTC15M-26OCT050115-15,0.7000,23.61,yes
2026-10-05T05:14:05.098079Z,KXBTC15M-26OCT050115-15,0.6900,149.15,no
2026-10-05T05:14:05.100896Z,KXBTC15M-26OCT050115-15,0.7000,3.50,yes
2026-10-05T05:14:05.130419Z,KXBTC15M-26OCT050115-15,0.7000,4.89,yes
2026-10-05T05:14:05.131808Z,KXBTC15M-26OCT050115-15,0.6900,14.47,no
2026-10-05T05:14:05.169839Z,KXBTC15M-26OCT050115-15,0.6900,11.18,no
2026-10-05T05:14:05.203664Z,KXBTC15M-26OCT050115-15,0.6900,1.49,no
2026-10-05T05:14:05.216689Z,KXBTC15M-26OCT050115-15,0.6900,6.00,no
2026-10-05T05:14:05.252454Z,KXBTC15M-26OCT050115-15,0.6900,0.01,no
2026-10-05T05:14:05.252454Z,KXBTC15M-26OCT050115-15,0.6900,8.52,no
2026-10-05T05:14:05.252454Z,KXBTC15M-26OCT050115-15,0.6900,0.01,no
2026-10-05T05:14:05.252454Z,KXBTC15M-26OCT050115-15,0.6900,0.01,no
2026-10-05T05:14:05.252454Z,KXBTC15M-26OCT050115-15,0.6800,18.45,no
2026-10-05T05:14:05.253043Z,KXBTC15M-26OCT050115-15,0.6800,149.15,no
2026-10-05T05:14:05.272505Z,KXBTC15M-26OCT050115-15,0.6900,0.01,yes
2026-10-05T05:14:05.305111Z,KXBTC15M-26OCT050115-15,0.6800,47.00,no
2026-10-05T05:14:05.339561Z,KXBTC15M-26OCT050115-15,0.6800,0.74,no
2026-10-05T05:14:05.356675Z,KXBTC15M-26OCT050115-15,0.6900,5.00,yes
2026-10-05T05:14:05.356675Z,KXBTC15M-26OCT050115-15,0.6900,0.01,yes
2026-10-05T05:14:05.356675Z,KXBTC15M-26OCT050115-15,0.6900,18.00,yes
2026-10-05T05:14:05.356675Z,KXBTC15M-26OCT050115-15,0.6900,0.01,yes
2026-10-05T05:14:05.356675Z,KXBTC15M-26OCT050115-15,0.7000,88.18,yes
2026-10-05T05:14:05.382977Z,KXBTC15M-26OCT050115-15,0.6900,24.11,yes
2026-10-05T05:14:05.385771Z,KXBTC15M-26OCT050115-15,0.6900,3.44,yes
2026-10-05T05:14:05.402784Z,KXBTC15M-26OCT050115-15,0.6900,5.00,yes
2026-10-05T05:14:05.402784Z,KXBTC15M-26OCT050115-15,0.6900,22.45,yes
2026-10-05T05:14:05.402784Z,KXBTC15M-26OCT050115-15,0.6900,102.00,yes
2026-10-05T05:14:05.402784Z,KXBTC15M-26OCT050115-15,0.7000,142.61,yes
2026-10-05T05:14:05.460772Z,KXBTC15M-26OCT050115-15,0.7000,62.71,yes
2026-10-05T05:14:05.465669Z,KXBTC15M-26OCT050115-15,0.7000,4.15,yes
2026-10-05T05:14:05.507665Z,KXBTC15M-26OCT050115-15,0.7000,5.59,yes
2026-10-05T05:14:05.544187Z,KXBTC15M-26OCT050115-15,0.6900,0.01,no
2026-10-05T05:14:05.544187Z,KXBTC15M-26OCT050115-15,0.6900,2.87,no
2026-10-05T05:14:05.544187Z,KXBTC15M-26OCT050115-15,0.6900,0.01,no
2026-10-05T05:14:05.577239Z,KXBTC15M-26OCT050115-15,0.7000,8.39,yes
2026-10-05T05:14:05.578371Z,KXBTC15M-26OCT050115-15,0.6900,1.00,no
2026-10-05T05:14:05.578371Z,KXBTC15M-26OCT050115-15,0.6900,0.01,no
2026-10-05T05:14:05.578371Z,KXBTC15M-26OCT050115-15,0.6900,0.01,no
2026-10-05T05:14:05.578371Z,KXBTC15M-26OCT050115-15,0.6900,1.33,no
2026-10-05T05:14:05.578371Z,KXBTC15M-26OCT050115-15,0.6800,58.00,no
2026-10-05T05:14:05.584773Z,KXBTC15M-26OCT050115-15,0.6900,0.81,yes
2026-10-05T05:14:05.623531Z,KXBTC15M-26OCT050115-15,0.6800,6.09,no
2026-10-05T05:14:05.645621Z,KXBTC15M-26OCT050115-15,0.6900,0.01,yes
2026-10-05T05:14:05.645621Z,KXBTC15M-26OCT050115-15,0.6900,0.01,yes
2026-10-05T05:14:05.645621Z,KXBTC15M-26OCT050115-15,0.6900,0.39,yes
2026-10-05T05:14:05.654887Z,KXBTC15M-26OCT050115-15,0.6800,3.00,no
2026-10-05T05:14:05.67564Z,KXBTC15M-26OCT050115-15,0.6800,41.76,no
2026-10-05T05:14:05.712072Z,KXBTC15M-26OCT050115-15,0.6800,142.00,no
2026-10-05T05:14:05.712817Z,KXBTC15M-26OCT050115-15,0.6900,3.61,yes
2026-10-05T05:14:05.712817Z,KXBTC15M-26OCT050115-15,0.6900,19.00,yes
2026-10-05T05:14:05.742839Z,KXBTC15M-26OCT050115-15,0.6900,7.06,yes
2026-10-05T05:14:05.747547Z,KXBTC15M-26OCT050115-15,0.6900,2.28,yes
2026-10-05T05:14:05.758755Z,KXBTC15M-26OCT050115-15,0.6900,15.24,yes
2026-10-05T05:14:05.863635Z,KXBTC15M-26OCT050115-15,0.6900,6.99,yes
2026-10-05T05:14:05.876459Z,KXBTC15M-26OCT050115-15,0.6900,83.00,yes
2026-10-05T05:14:05.91243Z,KXBTC15M-26OCT050115-15,0.6800,2.95,no
2026-10-05T05:14:05.963674Z,KXBTC15M-26OCT050115-15,0.6900,1460.67,yes
2026-10-05T05:14:05.963674Z,KXBTC15M-26OCT050115-15,0.6900,394.43,yes
2026-10-05T05:14:05.963674Z,KXBTC15M-26OCT050115-15,0.6900,5.00,yes
2026-10-05T05:14:05.963674Z,KXBTC15M-26OCT050115-15,0.6900,0.01,yes
2026-10-05T05:14:05.963674Z,KXBTC15M-26OCT050115-15,0.6900,0.01,yes
2026-10-05T05:14:06.019326Z,KXBTC15M-26OCT050115-15,0.6900,4.24,yes
2026-10-05T05:14:06.022213Z,KXBTC15M-26OCT050115-15,0.6800,4.00,no
2026-10-05T05:14:06.022213Z,KXBTC15M-26OCT050115-15,0.6800,70.68,no
2026-10-05T05:14:06.022213Z,KXBTC15M-26OCT050115-15,0.6800,0.01,no
2026-10-05T05:14:06.022213Z,KXBTC15M-26OCT050115-15,0.6800,0.01,no
2026-10-05T05:14:06.050845Z,KXBTC15M-26OCT050115-15,0.6800,0.05,no
2026-10-05T05:14:06.063601Z,KXBTC15M-26OCT050115-15,0.6900,97.76,yes
2026-10-05T05:14:06.063601Z,KXBTC15M-26OCT050115-15,0.6900,0.01,yes
2026-10-05T05:14:06.063601Z,KXBTC15M-26OCT050115-15,0.6900,0.01,yes
2026-10-05T05:14:06.063601Z,KXBTC15M-26OCT050115-15,0.7000,124.83,yes
2026-10-05T05:14:06.148241Z,KXBTC15M-26OCT050115-15,0.6900,0.59,no
2026-10-05T05:14:06.227747Z,KXBTC15M-26OCT050115-15,0.7000,13.74,yes
2026-10-05T05:14:06.255227Z,KXBTC15M-26OCT050115-15,0.6900,2.98,no
2026-10-05T05:14:06.265231Z,KXBTC15M-26OCT050115-15,0.6900,26.13,no
2026-10-05T05:14:06.295469Z,KXBTC15M-26OCT050115-15,0.7000,59.81,yes
2026-10-05T05:14:06.295469Z,KXBTC15M-26OCT050115-15,0.7000,17.80,yes
2026-10-05T05:14:06.353744Z,KXBTC15M-26OCT050115-15,0.6900,29.20,no
2026-10-05T05:14:06.367695Z,KXBTC15M-26OCT050115-15,0.7000,13.83,yes
2026-10-05T05:14:06.382415Z,KXBTC15M-26OCT050115-15,0.6900,9.87,no
2026-10-05T05:14:06.423048Z,KXBTC15M-26OCT050115-15,0.6900,59.66,no
2026-10-05T05:14:06.441396Z,KXBTC15M-26OCT050115-15,0.6900,2.75,no
2026-10-05T05:14:06.459005Z,KXBTC15M-26OCT050115-15,0.7000,11.33,yes
2026-10-05T05:14:06.477137Z,KXBTC15M-26OCT050115-15,0.6900,14.91,no
2026-10-05T05:14:06.478066Z,KXBTC15M-26OCT050115-15,0.6900,58.57,no
2026-10-05T05:14:06.484646Z,KXBTC15M-26OCT050115-15,0.7000,30.75,yes
2026-10-05T05:14:06.517264Z,KXBTC15M-26OCT050115-15,0.7000,409.72,yes
2026-10-05T05:14:06.517264Z,KXBTC15M-26OCT050115-15,0.7000,384.28,yes
2026-10-05T05:14:06.521418Z,KXBTC15M-26OCT050115-15,0.7000,90.28,yes
2026-10-05T05:14:06.521418Z,KXBTC15M-26OCT050115-15,0.7000,1.09,yes
2026-10-05T05:14:06.521418Z,KXBTC15M-26OCT050115-15,0.7000,1.12,yes
2026-10-05T05:14:06.534402Z,KXBTC15M-26OCT050115-15,0.7100,0.73,yes
2026-10-05T05:14:06.534402Z,KXBTC15M-26OCT050115-15,0.7100,2.00,yes
2026-10-05T05:14:06.538925Z,KXBTC15M-26OCT050115-15,0.7000,29.83,no
2026-10-05T05:14:06.566151Z,KXBTC15M-26OCT050115-15,0.7000,1.79,no
2026-10-05T05:14:06.613198Z,KXBTC15M-26OCT050115-15,0.7100,0.30,yes
2026-10-05T05:14:06.613198Z,KXBTC15M-26OCT050115-15,0.7100,2.27,yes
2026-10-05T05:14:06.613198Z,KXBTC15M-26OCT050115-15,0.7200,34.10,yes
2026-10-05T05:14:06.632582Z,KXBTC15M-26OCT050115-15,0.7200,11.94,yes
2026-10-05T05:14:06.635635Z,KXBTC15M-26OCT050115-15,0.7100,0.30,no
2026-10-05T05:14:06.694247Z,KXBTC15M-26OCT050115-15,0.7100,9.23,no
2026-10-05T05:14:06.70253Z,KXBTC15M-26OCT050115-15,0.7200,5.59,yes
2026-10-05T05:14:06.730163Z,KXBTC15M-26OCT050115-15,0.7100,76.90,no
2026-10-05T05:14:06.730163Z,KXBTC15M-26OCT050115-15,0.7100,0.01,no
2026-10-05T05:14:06.730163Z,KXBTC15M-26OCT050115-15,0.7100,0.01,no
2026-10-05T05:14:06.79064Z,KXBTC15M-26OCT050115-15,0.7100,2.05,no
2026-10-05T05:14:06.802268Z,KXBTC15M-26OCT050115-15,0.7100,30.77,no
2026-10-05T05:14:06.822573Z,KXBTC15M-26OCT050115-15,0.7100,6.15,no
2026-10-05T05:14:06.827869Z,KXBTC15M-26OCT050115-15,0.7200,6.09,yes
2026-10-05T05:14:06.839279Z,KXBTC15M-26OCT050115-15,0.7200,1.00,yes
2026-10-05T05:14:06.900065Z,KXBTC15M-26OCT050115-15,0.7100,1.11,no
2026-10-05T05:14:06.911818Z,KXBTC15M-26OCT050115-15,0.7100,16.00,no
2026-10-05T05:14:06.923826Z,KXBTC15M-26OCT050115-15,0.7100,0.01,no
2026-10-05T05:14:06.923826Z,KXBTC15M-26OCT050115-15,0.7100,377.02,no
2026-10-05T05:14:06.923826Z,KXBTC15M-26OCT050115-15,0.7100,0.01,no
2026-10-05T05:14:06.923826Z,KXBTC15M-26OCT050115-15,0.7100,119.00,no
2026-10-05T05:14:06.923826Z,KXBTC15M-26OCT050115-15,0.7100,0.01,no
2026-10-05T05:14:06.923826Z,KXBTC15M-26OCT050115-15,0.7100,9.95,no
2026-10-05T05:14:06.924263Z,KXBTC15M-26OCT050115-15,0.7200,20.14,yes
2026-10-05T05:14:06.92533Z,KXBTC15M-26OCT050115-15,0.7100,0.05,no
2026-10-05T05:14:06.926107Z,KXBTC15M-26OCT050115-15,0.6900,15.38,no
2026-10-05T05:14:06.928723Z,KXBTC15M-26OCT050115-15,0.6900,100.00,no
2026-10-05T05:14:06.94131Z,KXBTC15M-26OCT050115-15,0.6900,0.01,yes
2026-10-05T05:14:07.015989Z,KXBTC15M-26OCT050115-15,0.6700,6.00,no
2026-10-05T05:14:07.015989Z,KXBTC15M-26OCT050115-15,0.6700,10.72,no
2026-10-05T05:14:07.015989Z,KXBTC15M-26OCT050115-15,0.6800,0.01,no
2026-10-05T05:14:07.015989Z,KXBTC15M-26OCT050115-15,0.6800,0.01,no
2026-10-05T05:14:07.022778Z,KXBTC15M-26OCT050115-15,0.6700,0.29,no
2026-10-05T05:14:07.026905Z,KXBTC15M-26OCT050115-15,0.6700,7.80,no
2026-10-05T05:14:07.031665Z,KXBTC15M-26OCT050115-15,0.6800,7.62,no
2026-10-05T05:14:07.041836Z,KXBTC15M-26OCT050115-15,0.6800,0.01,no
2026-10-05T05:14:07.055753Z,KXBTC15M-26OCT050115-15,0.6900,18.28,yes
2026-10-05T05:14:07.114392Z,KXBTC15M-26OCT050115-15,0.6900,0.01,yes
2026-10-05T05:14:07.114392Z,KXBTC15M-26OCT050115-15,0.6900,44.00,yes
2026-10-05T05:14:07.114392Z,KXBTC15M-26OCT050115-15,0.6900,255.98,yes
2026-10-05T05:14:07.114392Z,KXBTC15M-26OCT050115-15,0.6900,0.01,yes
2026-10-05T05:14:07.147567Z,KXBTC15M-26OCT050115-15,0.6900,6.99,yes
2026-10-05T05:14:07.16062Z,KXBTC15M-26OCT050115-15,0.6900,215.22,yes
2026-10-05T05:14:07.211785Z,KXBTC15M-26OCT050115-15,0.6900,21.81,yes
2026-10-05T05:14:07.211785Z,KXBTC15M-26OCT050115-15,0.6900,34.13,yes
2026-10-05T05:14:07.318093Z,KXBTC15M-26OCT050115-15,0.6900,1.09,yes
2026-10-05T05:14:07.318093Z,KXBTC15M-26OCT050115-15,0.6900,1.12,yes
2026-10-05T05:14:07.318093Z,KXBTC15M-26OCT050115-15,0.6900,0.01,yes
2026-10-05T05:14:07.318093Z,KXBTC15M-26OCT050115-15,0.6900,0.01,yes
2026-10-05T05:14:07.318093Z,KXBTC15M-26OCT050115-15,0.6900,3.50,yes
2026-10-05T05:14:07.33109Z,KXBTC15M-26OCT050115-15,0.6800,0.01,no
2026-10-05T05:14:07.33109Z,KXBTC15M-26OCT050115-15,0.6800,5.60,no
2026-10-05T05:14:07.33109Z,KXBTC15M-26OCT050115-15,0.6800,0.01,no
2026-10-05T05:14:07.33109Z,KXBTC15M-26OCT050115-15,0.6700,565.38,no
2026-10-05T05:14:07.346509Z,KXBTC15M-26OCT050115-15,0.6800,0.01,yes
2026-10-05T05:14:07.361222Z,KXBTC15M-26OCT050115-15,0.6700,14.31,no
2026-10-05T05:14:07.370674Z,KXBTC15M-26OCT050115-15,0.6700,2.92,no
2026-10-05T05:14:07.418811Z,KXBTC15M-26OCT050115-15,0.6800,0.01,yes
2026-10-05T05:14:07.418811Z,KXBTC15M-26OCT050115-15,0.6800,0.01,yes
2026-10-05T05:14:07.418811Z,KXBTC15M-26OCT050115-15,0.6800,1.08,yes
2026-10-05T05:14:07.418811Z,KXBTC15M-26OCT050115-15,0.6800,1.12,yes
2026-10-05T05:14:07.418811Z,KXBTC15M-26OCT050115-15,0.6800,500.00,yes
2026-10-05T05:14:07.418811Z,KXBTC15M-26OCT050115-15,0.6800,181.49,yes
2026-10-05T05:14:07.437636Z,KXBTC15M-26OCT050115-15,0.6700,45.00,no
2026-10-05T05:14:07.485469Z,KXBTC15M-26OCT050115-15,0.6800,34.05,yes
2026-10-05T05:14:07.504039Z,KXBTC15M-26OCT050115-15,0.6800,2.83,yes
2026-10-05T05:14:07.524379Z,KXBTC15M-26OCT050115-15,0.6800,14.18,yes
2026-10-05T05:14:07.525366Z,KXBTC15M-26OCT050115-15,0.6800,11.34,yes
2026-10-05T05:14:07.525648Z,KXBTC15M-26OCT050115-15,0.6900,442.58,yes
2026-10-05T05:14:07.525648Z,KXBTC15M-26OCT050115-15,0.6800,1.11,yes
2026-10-05T05:14:07.525648Z,KXBTC15M-26OCT050115-15,0.6800,0.01,yes
2026-10-05T05:14:07.525648Z,KXBTC15M-26OCT050115-15,0.6800,200.00,yes
2026-10-05T05:14:07.525648Z,KXBTC15M-26OCT050115-15,0.6800,0.01,yes
2026-10-05T05:14:07.525648Z,KXBTC15M-26OCT050115-15,0.6800,1.08,yes
2026-10-05T05:14:07.525648Z,KXBTC15M-26OCT050115-15,0.6800,256.11,yes
2026-10-05T05:14:07.538051Z,KXBTC15M-26OCT050115-15,0.6800,8.51,yes
2026-10-05T05:14:07.544228Z,KXBTC15M-26OCT050115-15,0.6800,3.78,yes
2026-10-05T05:14:07.567704Z,KXBTC15M-26OCT050115-15,0.6800,20.00,yes
2026-10-05T05:14:07.57963Z,KXBTC15M-26OCT050115-15,0.6800,28.00,yes
2026-10-05T05:14:07.639977Z,KXBTC15M-26OCT050115-15,0.6800,431.51,yes
2026-10-05T05:14:07.661634Z,KXBTC15M-26OCT050115-15,0.6800,8.20,yes
2026-10-05T05:14:07.661634Z,KXBTC15M-26OCT050115-15,0.6800,5.80,yes
2026-10-05T05:14:07.698746Z,KXBTC15M-26OCT050115-15,0.6700,5.78,no
2026-10-05T05:14:07.704107Z,KXBTC15M-26OCT050115-15,0.6700,14.47,no
2026-10-05T05:14:07.70754Z,KXBTC15M-26OCT050115-15,0.6800,7.19,yes
2026-10-05T05:14:07.732398Z,KXBTC15M-26OCT050115-15,0.6700,1.46,no
2026-10-05T05:14:07.778936Z,KXBTC15M-26OCT050115-15,0.6700,3.99,no
2026-10-05T05:14:07.792862Z,KXBTC15M-26OCT050115-15,0.6800,20.00,yes
2026-10-05T05:14:07.810759Z,KXBTC15M-26OCT050115-15,0.6800,171.01,yes
2026-10-05T05:14:07.810759Z,KXBTC15M-26OCT050115-15,0.6800,13.45,yes
2026-10-05T05:14:07.810759Z,KXBTC15M-26OCT050115-15,0.6800,1.08,yes
2026-10-05T05:14:07.835881Z,KXBTC15M-26OCT050115-15,0.6700,5.78,no
2026-10-05T05:14:07.901617Z,KXBTC15M-26OCT050115-15,0.6800,8.07,yes
2026-10-05T05:14:07.927334Z,KXBTC15M-26OCT050115-15,0.6700,2.86,no
2026-10-05T05:14:07.930365Z,KXBTC15M-26OCT050115-15,0.6800,16.13,yes
2026-10-05T05:14:07.954578Z,KXBTC15M-26OCT050115-15,0.6700,17.36,no
2026-10-05T05:14:08.037095Z,KXBTC15M-26OCT050115-15,0.6700,118.87,no
2026-10-05T05:14:08.047785Z,KXBTC15M-26OCT050115-15,0.6700,2.89,no
2026-10-05T05:14:08.066724Z,KXBTC15M-26OCT050115-15,0.6800,20.00,yes
2026-10-05T05:14:08.096721Z,KXBTC15M-26OCT050115-15,0.6700,0.28,no
2026-10-05T05:14:08.102269Z,KXBTC15M-26OCT050115-15,0.6800,7.19,yes
2026-10-05T05:14:08.124993Z,KXBTC15M-26OCT050115-15,0.6800,270.28,yes
2026-10-05T05:14:08.143452Z,KXBTC15M-26OCT050115-15,0.6700,2.89,no
2026-10-05T05:14:08.161742Z,KXBTC15M-26OCT050115-15,0.6800,5.59,yes
2026-10-05T05:14:08.208056Z,KXBTC15M-26OCT050115-15,0.6800,492.21,yes
2026-10-05T05:14:08.210386Z,KXBTC15M-26OCT050115-15,0.6800,1.07,yes
2026-10-05T05:14:08.210386Z,KXBTC15M-26OCT050115-15,0.6900,1.00,yes
2026-10-05T05:14:08.210386Z,KXBTC15M-26OCT050115-15,0.6800,3.02,yes
2026-10-05T05:14:08.210386Z,KXBTC15M-26OCT050115-15,0.6900,500.00,yes
2026-10-05T05:14:08.210386Z,KXBTC15M-26OCT050115-15,0.6800,7.79,yes
2026-10-05T05:14:08.210386Z,KXBTC15M-26OCT050115-15,0.6800,0.20,yes
2026-10-05T05:14:08.224585Z,KXBTC15M-26OCT050115-15,0.6900,1.60,no
2026-10-05T05:14:08.226318Z,KXBTC15M-26OCT050115-15,0.6900,0.01,no
2026-10-05T05:14:08.242025Z,KXBTC15M-26OCT050115-15,0.7000,17.61,yes
2026-10-05T05:14:08.253382Z,KXBTC15M-26OCT050115-15,0.7000,0.39,yes
2026-10-05T05:14:08.253382Z,KXBTC15M-26OCT050115-15,0.7200,3.10,yes
2026-10-05T05:14:08.267243Z,KXBTC15M-26OCT050115-15,0.7000,28.00,no
2026-10-05T05:14:08.27952Z,KXBTC15M-26OCT050115-15,0.7000,2.95,no
2026-10-05T05:14:08.29808Z,KXBTC15M-26OCT050115-15,0.7000,474.00,no
2026-10-05T05:14:08.332868Z,KXBTC15M-26OCT050115-15,0.7100,4.33,yes
2026-10-05T05:14:08.332868Z,KXBTC15M-26OCT050115-15,0.7100,1.07,yes
2026-10-05T05:14:08.365656Z,KXBTC15M-26OCT050115-15,0.7000,71.91,no
2026-10-05T05:14:08.378925Z,KXBTC15M-26OCT050115-15,0.7100,3.39,yes
2026-10-05T05:14:08.390659Z,KXBTC15M-26OCT050115-15,0.7000,5.78,no
2026-10-05T05:14:08.392076Z,KXBTC15M-26OCT050115-15,0.7000,2.89,no
2026-10-05T05:14:08.430513Z,KXBTC15M-26OCT050115-15,0.7100,117.73,yes
2026-10-05T05:14:08.470939Z,KXBTC15M-26OCT050115-15,0.7000,14.45,no
2026-10-05T05:14:08.470939Z,KXBTC15M-26OCT050115-15,0.7000,0.01,no
2026-10-05T05:14:08.470939Z,KXBTC15M-26OCT050115-15,0.7000,0.01,no
2026-10-05T05:14:08.543684Z,KXBTC15M-26OCT050115-15,0.6900,2.86,no
2026-10-05T05:14:08.543684Z,KXBTC15M-26OCT050115-15,0.7000,0.01,no
2026-10-05T05:14:08.543684Z,KXBTC15M-26OCT050115-15,0.7000,0.01,no
2026-10-05T05:14:08.543684Z,KXBTC15M-26OCT050115-15,0.7000,0.01,no
2026-10-05T05:14:08.544454Z,KXBTC15M-26OCT050115-15,0.6900,11.57,no
2026-10-05T05:14:08.559775Z,KXBTC15M-26OCT050115-15,0.7000,0.01,yes
2026-10-05T05:14:08.580403Z,KXBTC15M-26OCT050115-15,0.6900,90.25,no
2026-10-05T05:14:08.662029Z,KXBTC15M-26OCT050115-15,0.6900,6.15,no
2026-10-05T05:14:08.732223Z,KXBTC15M-26OCT050115-15,0.6900,30.00,no
2026-10-05T05:14:08.737173Z,KXBTC15M-26OCT050115-15,0.7000,150.00,yes
2026-10-05T05:14:08.737173Z,KXBTC15M-26OCT050115-15,0.7000,150.00,yes
2026-10-05T05:14:08.737173Z,KXBTC15M-26OCT050115-15,0.7000,149.99,yes
2026-10-05T05:14:08.737173Z,KXBTC15M-26OCT050115-15,0.7000,7.62,yes
2026-10-05T05:14:08.748551Z,KXBTC15M-26OCT050115-15,0.7000,0.01,yes
2026-10-05T05:14:08.748551Z,KXBTC15M-26OCT050115-15,0.7000,0.01,yes
2026-10-05T05:14:08.748551Z,KXBTC15M-26OCT050115-15,0.7000,50.00,yes
2026-10-05T05:14:08.748551Z,KXBTC15M-26OCT050115-15,0.7000,150.00,yes
2026-10-05T05:14:08.748551Z,KXBTC15M-26OCT050115-15,0.7000,1.07,yes
2026-10-05T05:14:08.748551Z,KXBTC15M-26OCT050115-15,0.7000,5.00,yes
2026-10-05T05:14:08.748649Z,KXBTC15M-26OCT050115-15,0.6900,5.78,no
2026-10-05T05:14:08.761024Z,KXBTC15M-26OCT050115-15,0.7100,91.90,yes
2026-10-05T05:14:08.761024Z,KXBTC15M-26OCT050115-15,0.7100,1.11,yes
2026-10-05T05:14:08.761024Z,KXBTC15M-26OCT050115-15,0.7100,5.00,yes
2026-10-05T05:14:08.79275Z,KXBTC15M-26OCT050115-15,0.7100,1.38,yes
2026-10-05T05:14:08.808143Z,KXBTC15M-26OCT050115-15,0.7100,5.49,yes
2026-10-05T05:14:08.818647Z,KXBTC15M-26OCT050115-15,0.7000,0.76,no
2026-10-05T05:14:08.826698Z,KXBTC15M-26OCT050115-15,0.7100,91.00,yes
2026-10-05T05:14:08.83779Z,KXBTC15M-26OCT050115-15,0.7100,7.86,yes
2026-10-05T05:14:08.84247Z,KXBTC15M-26OCT050115-15,0.7100,46.00,yes
2026-10-05T05:14:08.84247Z,KXBTC15M-26OCT050115-15,0.7100,1.06,yes
2026-10-05T05:14:08.84247Z,KXBTC15M-26OCT050115-15,0.7100,207.00,yes
2026-10-05T05:14:08.84247Z,KXBTC15M-26OCT050115-15,0.7100,500.00,yes
2026-10-05T05:14:08.84247Z,KXBTC15M-26OCT050115-15,0.7100,0.01,yes
2026-10-05T05:14:08.84247Z,KXBTC15M-26OCT050115-15,0.7100,302.37,yes
2026-10-05T05:14:08.84247Z,KXBTC15M-26OCT050115-15,0.7100,0.01,yes
2026-10-05T05:14:08.84247Z,KXBTC15M-26OCT050115-15,0.7100,2.35,yes
2026-10-05T05:14:08.84316Z,KXBTC15M-26OCT050115-15,0.7200,5.00,yes
2026-10-05T05:14:08.84316Z,KXBTC15M-26OCT050115-15,0.7200,18.13,yes
2026-10-05T05:14:08.850105Z,KXBTC15M-26OCT050115-15,0.7300,5.00,yes
2026-10-05T05:14:08.850105Z,KXBTC15M-26OCT050115-15,0.7400,5.00,yes
2026-10-05T05:14:08.850105Z,KXBTC15M-26OCT050115-15,0.7400,500.00,yes
2026-10-05T05:14:08.851227Z,KXBTC15M-26OCT050115-15,0.7500,200.00,yes
2026-10-05T05:14:08.851227Z,KXBTC15M-26OCT050115-15,0.7500,5.00,yes
2026-10-05T05:14:08.851227Z,KXBTC15M-26OCT050115-15,0.7500,17.15,yes
2026-10-05T05:14:08.851227Z,KXBTC15M-26OCT050115-15,0.7500,20.00,yes
2026-10-05T05:14:08.851227Z,KXBTC15M-26OCT050115-15,0.7500,3.29,yes
2026-10-05T05:14:08.851227Z,KXBTC15M-26OCT050115-15,0.7500,2.95,yes
2026-10-05T05:14:08.851227Z,KXBTC15M-26OCT050115-15,0.7500,8.06,yes
2026-10-05T05:14:08.851227Z,KXBTC15M-26OCT050115-15,0.7500,0.15,yes
2026-10-05T05:14:08.851227Z,KXBTC15M-26OCT050115-15,0.7500,15.01,yes
2026-10-05T05:14:08.851227Z,KXBTC15M-26OCT050115-15,0.7500,38.24,yes
2026-10-05T05:14:08.851227Z,KXBTC15M-26OCT050115-15,0.7500,20.97,yes
2026-10-05T05:14:08.851227Z,KXBTC15M-26OCT050115-15,0.7500,4.25,yes
2026-10-05T05:14:08.851227Z,KXBTC15M-26OCT050115-15,0.7500,43.51,yes
2026-10-05T05:14:08.851227Z,KXBTC15M-26OCT050115-15,0.7500,1.40,yes
2026-10-05T05:14:08.856862Z,KXBTC15M-26OCT050115-15,0.7500,0.66,no
2026-10-05T05:14:08.910384Z,KXBTC15M-26OCT050115-15,0.7700,15.38,no
2026-10-05T05:14:08.938238Z,KXBTC15M-26OCT050115-15,0.7700,7.14,no
2026-10-05T05:14:08.940435Z,KXBTC15M-26OCT050115-15,0.7800,5.59,yes
2026-10-05T05:14:08.960556Z,KXBTC15M-26OCT050115-15,0.7700,0.98,no
2026-10-05T05:14:08.992064Z,KXBTC15M-26OCT050115-15,0.7700,0.27,no
2026-10-05T05:14:09.001876Z,KXBTC15M-26OCT050115-15,0.7700,0.01,no
2026-10-05T05:14:09.001876Z,KXBTC15M-26OCT050115-15,0.7700,800.73,no
2026-10-05T05:14:09.001876Z,KXBTC15M-26OCT050115-15,0.7700,0.01,no
2026-10-05T05:14:09.001876Z,KXBTC15M-26OCT050115-15,0.7700,0.01,no
2026-10-05T05:14:09.001876Z,KXBTC15M-26OCT050115-15,0.7700,9.51,no
2026-10-05T05:14:09.003119Z,KXBTC15M-26OCT050115-15,0.7700,179.00,no
2026-10-05T05:14:09.00361Z,KXBTC15M-26OCT050115-15,0.7400,60.93,no
2026-10-05T05:14:09.00361Z,KXBTC15M-26OCT050115-15,0.7600,0.01,no
2026-10-05T05:14:09.00361Z,KXBTC15M-26OCT050115-15,0.7500,6.00,no
2026-10-05T05:14:09.00361Z,KXBTC15M-26OCT050115-15,0.7600,0.01,no
2026-10-05T05:14:09.00361Z,KXBTC15M-26OCT050115-15,0.7500,10.00,no
2026-10-05T05:14:09.003926Z,KXBTC15M-26OCT050115-15,0.7400,53.66,no
2026-10-05T05:14:09.009833Z,KXBTC15M-26OCT050115-15,0.7500,0.15,no
2026-10-05T05:14:09.018862Z,KXBTC15M-26OCT050115-15,0.7600,12.50,yes
2026-10-05T05:14:09.018862Z,KXBTC15M-26OCT050115-15,0.7600,150.00,yes
2026-10-05T05:14:09.018862Z,KXBTC15M-26OCT050115-15,0.7600,93.75,yes
2026-10-05T05:14:09.018862Z,KXBTC15M-26OCT050115-15,0.7600,15.00,yes
2026-10-05T05:14:09.018862Z,KXBTC15M-26OCT050115-15,0.7600,93.75,yes
2026-10-05T05:14:09.044657Z,KXBTC15M-26OCT050115-15,0.7600,0.01,yes
2026-10-05T05:14:09.11846Z,KXBTC15M-26OCT050115-15,0.7500,1.00,no
2026-10-05T05:14:09.181955Z,KXBTC15M-26OCT050115-15,0.7500,0.01,no
2026-10-05T05:14:09.181955Z,KXBTC15M-26OCT050115-15,0.7500,4.90,no
2026-10-05T05:14:09.181955Z,KXBTC15M-26OCT050115-15,0.7500,0.01,no
2026-10-05T05:14:09.181955Z,KXBTC15M-26OCT050115-15,0.7400,10.46,no
2026-10-05T05:14:09.194256Z,KXBTC15M-26OCT050115-15,0.7400,56.00,no
2026-10-05T05:14:09.232022Z,KXBTC15M-26OCT050115-15,0.7500,2.00,yes
2026-10-05T05:14:09.237257Z,KXBTC15M-26OCT050115-15,0.7400,44.29,no
2026-10-05T05:14:09.305314Z,KXBTC15M-26OCT050115-15,0.7400,143.62,no
2026-10-05T05:14:09.313556Z,KXBTC15M-26OCT050115-15,0.7500,25.86,yes
2026-10-05T05:14:09.320156Z,KXBTC15M-26OCT050115-15,0.7400,0.01,no
2026-10-05T05:14:09.320156Z,KXBTC15M-26OCT050115-15,0.7400,0.01,no
2026-10-05T05:14:09.320156Z,KXBTC15M-26OCT050115-15,0.7400,678.04,no
2026-10-05T05:14:09.320775Z,KXBTC15M-26OCT050115-15,0.7400,117.00,no
2026-10-05T05:14:09.320775Z,KXBTC15M-26OCT050115-15,0.7300,1047.00,no
2026-10-05T05:14:09.330977Z,KXBTC15M-26OCT050115-15,0.7200,0.01,no
2026-10-05T05:14:09.330977Z,KXBTC15M-26OCT050115-15,0.7200,1.00,no
2026-10-05T05:14:09.344489Z,KXBTC15M-26OCT050115-15,0.7200,4.83,yes
2026-10-05T05:14:09.36174Z,KXBTC15M-26OCT050115-15,0.7100,18.00,no
2026-10-05T05:14:09.370907Z,KXBTC15M-26OCT050115-15,0.7200,7.86,yes
2026-10-05T05:14:09.415812Z,KXBTC15M-26OCT050115-15,0.7200,150.00,yes
2026-10-05T05:14:09.415812Z,KXBTC15M-26OCT050115-15,0.7200,150.00,yes
2026-10-05T05:14:09.415812Z,KXBTC15M-26OCT050115-15,0.7200,150.00,yes
2026-10-05T05:14:09.415812Z,KXBTC15M-26OCT050115-15,0.7200,150.00,yes
2026-10-05T05:14:09.415812Z,KXBTC15M-26OCT050115-15,0.7200,67.94,yes
2026-10-05T05:14:09.415812Z,KXBTC15M-26OCT050115-15,0.7200,986.30,yes
2026-10-05T05:14:09.415812Z,KXBTC15M-26OCT050115-15,0.7200,150.00,yes
2026-10-05T05:14:09.439538Z,KXBTC15M-26OCT050115-15,0.7100,3.17,no
2026-10-05T05:14:09.488461Z,KXBTC15M-26OCT050115-15,0.7100,28.00,no
2026-10-05T05:14:09.498015Z,KXBTC15M-26OCT050115-15,0.7200,27.18,yes
2026-10-05T05:14:09.502282Z,KXBTC15M-26OCT050115-15,0.7200,6.57,yes
2026-10-05T05:14:09.510793Z,KXBTC15M-26OCT050115-15,0.7100,14.76,no
2026-10-05T05:14:09.530099Z,KXBTC15M-26OCT050115-15,0.7200,32.76,yes
2026-10-05T05:14:09.538481Z,KXBTC15M-26OCT050115-15,0.7100,2.35,no
2026-10-05T05:14:09.618725Z,KXBTC15M-26OCT050115-15,0.7100,3.04,no
2026-10-05T05:14:09.647951Z,KXBTC15M-26OCT050115-15,0.7100,25.00,no
2026-10-05T05:14:09.70795Z,KXBTC15M-26OCT050115-15,0.7200,15.55,yes
2026-10-05T05:14:09.70795Z,KXBTC15M-26OCT050115-15,0.7200,42.34,yes
2026-10-05T05:14:09.735528Z,KXBTC15M-26OCT050115-15,0.7200,42.15,yes
2026-10-05T05:14:09.741228Z,KXBTC15M-26OCT050115-15,0.7100,1.00,no
2026-10-05T05:14:09.765746Z,KXBTC15M-26OCT050115-15,0.7200,189.17,yes
2026-10-05T05:14:09.771511Z,KXBTC15M-26OCT050115-15,0.7100,43.35,no
2026-10-05T05:14:09.799641Z,KXBTC15M-26OCT050115-15,0.7200,360.00,yes
2026-10-05T05:14:09.799641Z,KXBTC15M-26OCT050115-15,0.7200,200.68,yes
2026-10-05T05:14:09.799641Z,KXBTC15M-26OCT050115-15,0.7300,100.00,yes
2026-10-05T05:14:09.799641Z,KXBTC15M-26OCT050115-15,0.7200,24.00,yes
2026-10-05T05:14:09.799641Z,KXBTC15M-26OCT050115-15,0.7200,42.00,yes
2026-10-05T05:14:09.799641Z,KXBTC15M-26OCT050115-15,0.7300,75.00,yes
2026-10-05T05:14:09.799641Z,KXBTC15M-26OCT050115-15,0.7200,27.00,yes
2026-10-05T05:14:09.799641Z,KXBTC15M-26OCT050115-15,0.7200,24.00,yes
2026-10-05T05:14:09.799641Z,KXBTC15M-26OCT050115-15,0.7200,0.42,yes
2026-10-05T05:14:09.799641Z,KXBTC15M-26OCT050115-15,0.7200,0.01,yes
2026-10-05T05:14:09.799641Z,KXBTC15M-26OCT050115-15,0.7200,0.01,yes
2026-10-05T05:14:09.799641Z,KXBTC15M-26OCT050115-15,0.7200,18.00,yes
2026-10-05T05:14:09.799641Z,KXBTC15M-26OCT050115-15,0.7300,378.88,yes
2026-10-05T05:14:09.823324Z,KXBTC15M-26OCT050115-15,0.7200,6.29,yes
2026-10-05T05:14:09.823324Z,KXBTC15M-26OCT050115-15,0.7200,0.01,yes
2026-10-05T05:14:09.826398Z,KXBTC15M-26OCT050115-15,0.7200,5.00,yes
2026-10-05T05:14:09.840419Z,KXBTC15M-26OCT050115-15,0.7100,16.42,no
2026-10-05T05:14:09.853018Z,KXBTC15M-26OCT050115-15,0.7200,6.74,yes
2026-10-05T05:14:09.878342Z,KXBTC15M-26OCT050115-15,0.7200,20.43,yes
2026-10-05T05:14:09.923347Z,KXBTC15M-26OCT050115-15,0.7200,17.00,yes
2026-10-05T05:14:09.924387Z,KXBTC15M-26OCT050115-15,0.7200,6.81,yes
2026-10-05T05:14:09.925962Z,KXBTC15M-26OCT050115-15,0.7100,115.05,no
2026-10-05T05:14:09.940505Z,KXBTC15M-26OCT050115-15,0.7200,20.43,yes
2026-10-05T05:14:09.957971Z,KXBTC15M-26OCT050115-15,0.7200,83.05,yes
2026-10-05T05:14:09.961177Z,KXBTC15M-26OCT050115-15,0.7200,22.48,yes
2026-10-05T05:14:09.966272Z,KXBTC15M-26OCT050115-15,0.7200,0.01,yes
2026-10-05T05:14:09.966272Z,KXBTC15M-26OCT050115-15,0.7200,15.77,yes
2026-10-05T05:14:09.966272Z,KXBTC15M-26OCT050115-15,0.7200,0.01,yes
2026-10-05T05:14:09.969953Z,KXBTC15M-26OCT050115-15,0.7200,0.60,no
2026-10-05T05:14:09.984294Z,KXBTC15M-26OCT050115-15,0.7300,0.92,no
2026-10-05T05:14:09.986714Z,KXBTC15M-26OCT050115-15,0.7300,6.31,no
2026-10-05T05:14:10.035787Z,KXBTC15M-26OCT050115-15,0.7300,65.70,no
2026-10-05T05:14:10.068043Z,KXBTC15M-26OCT050115-15,0.7400,0.01,yes
2026-10-05T05:14:10.068043Z,KXBTC15M-26OCT050115-15,0.7400,3.47,yes
2026-10-05T05:14:10.068043Z,KXBTC15M-26OCT050115-15,0.7400,0.01,yes
2026-10-05T05:14:10.086632Z,KXBTC15M-26OCT050115-15,0.7300,2.18,no
2026-10-05T05:14:10.092309Z,KXBTC15M-26OCT050115-15,0.7300,32.85,no
2026-10-05T05:14:10.105716Z,KXBTC15M-26OCT050115-15,0.7400,0.01,yes
2026-10-05T05:14:10.105716Z,KXBTC15M-26OCT050115-15,0.7400,1.00,yes
2026-10-05T05:14:10.105716Z,KXBTC15M-26OCT050115-15,0.7500,317.14,yes
2026-10-05T05:14:10.105716Z,KXBTC15M-26OCT050115-15,0.7500,1.00,yes
2026-10-05T05:14:10.108124Z,KXBTC15M-26OCT050115-15,0.7400,22.06,no
2026-10-05T05:14:10.121811Z,KXBTC15M-26OCT050115-15,0.7500,6.30,yes
2026-10-05T05:14:10.126491Z,KXBTC15M-26OCT050115-15,0.7400,12.50,no
2026-10-05T05:14:10.126491Z,KXBTC15M-26OCT050115-15,0.7400,53.20,no
2026-10-05T05:14:10.159774Z,KXBTC15M-26OCT050115-15,0.7400,62.00,no
2026-10-05T05:14:10.215579Z,KXBTC15M-26OCT050115-15,0.7400,499.00,no
2026-10-05T05:14:10.262988Z,KXBTC15M-26OCT050115-15,0.7400,63.00,no
2026-10-05T05:14:10.269758Z,KXBTC15M-26OCT050115-15,0.7400,167.00,no
2026-10-05T05:14:10.269758Z,KXBTC15M-26OCT050115-15,0.7400,10.00,no
2026-10-05T05:14:10.269758Z,KXBTC15M-26OCT050115-15,0.7400,216.00,no
2026-10-05T05:14:10.269758Z,KXBTC15M-26OCT050115-15,0.7400,0.01,no
2026-10-05T05:14:10.269758Z,KXBTC15M-26OCT050115-15,0.7400,0.01,no
2026-10-05T05:14:10.269758Z,KXBTC15M-26OCT050115-15,0.7400,1.00,no
2026-10-05T05:14:10.269786Z,KXBTC15M-26OCT050115-15,0.7100,1.00,no
2026-10-05T05:14:10.269786Z,KXBTC15M-26OCT050115-15,0.7100,776.86,no
2026-10-05T05:14:10.269786Z,KXBTC15M-26OCT050115-15,0.7100,6.00,no
2026-10-05T05:14:10.269786Z,KXBTC15M-26OCT050115-15,0.7100,58.00,no
2026-10-05T05:14:10.269786Z,KXBTC15M-26OCT050115-15,0.7200,1047.00,no
2026-10-05T05:14:10.270683Z,KXBTC15M-26OCT050115-15,0.7400,0.01,no
2026-10-05T05:14:10.27129Z,KXBTC15M-26OCT050115-15,0.7000,1.00,no
2026-10-05T05:14:10.27129Z,KXBTC15M-26OCT050115-15,0.7000,100.00,no
2026-10-05T05:14:10.271884Z,KXBTC15M-26OCT050115-15,0.6800,500.00,no
2026-10-05T05:14:10.271884Z,KXBTC15M-26OCT050115-15,0.6900,500.00,no
2026-10-05T05:14:10.27302Z,KXBTC15M-26OCT050115-15,0.6600,10.30,no
2026-10-05T05:14:10.27302Z,KXBTC15M-26OCT050115-15,0.6600,1.51,no
2026-10-05T05:14:10.27302Z,KXBTC15M-26OCT050115-15,0.6600,1.51,no
2026-10-05T05:14:10.27302Z,KXBTC15M-26OCT050115-15,0.6500,3077.34,no
2026-10-05T05:14:10.27302Z,KXBTC15M-26OCT050115-15,0.6600,50.00,no
2026-10-05T05:14:10.27304Z,KXBTC15M-26OCT050115-15,0.6500,13.01,no
2026-10-05T05:14:10.27304Z,KXBTC15M-26OCT050115-15,0.6500,13.01,no
2026-10-05T05:14:10.273201Z,KXBTC15M-26OCT050115-15,0.6500,1345.28,no
2026-10-05T05:14:10.274417Z,KXBTC15M-26OCT050115-15,0.6500,6735.85,no
2026-10-05T05:14:10.275527Z,KXBTC15M-26OCT050115-15,0.6500,500.00,no
2026-10-05T05:14:10.275527Z,KXBTC15M-26OCT050115-15,0.6500,1.00,no
2026-10-05T05:14:10.275527Z,KXBTC15M-26OCT050115-15,0.6100,833.00,no
2026-10-05T05:14:10.275527Z,KXBTC15M-26OCT050115-15,0.6100,192.00,no
2026-10-05T05:14:10.275527Z,KXBTC15M-26OCT050115-15,0.6500,2937.33,no
2026-10-05T05:14:10.275527Z,KXBTC15M-26OCT050115-15,0.6000,13.64,no
2026-10-05T05:14:10.275527Z,KXBTC15M-26OCT050115-15,0.6100,50.00,no
2026-10-05T05:14:10.275527Z,KXBTC15M-26OCT050115-15,0.6200,50.00,no
2026-10-05T05:14:10.275527Z,KXBTC15M-26OCT050115-15,0.6000,50.00,no
2026-10-05T05:14:10.275527Z,KXBTC15M-26OCT050115-15,0.6500,10.00,no
2026-10-05T05:14:10.275527Z,KXBTC15M-26OCT050115-15,0.6500,1.00,no
2026-10-05T05:14:10.275527Z,KXBTC15M-26OCT050115-15,0.6500,50.00,no
2026-10-05T05:14:10.275527Z,KXBTC15M-26OCT050115-15,0.6400,50.00,no
2026-10-05T05:14:10.275527Z,KXBTC15M-26OCT050115-15,0.6300,50.00,no
2026-10-05T05:14:10.275527Z,KXBTC15M-26OCT050115-15,0.6300,10.00,no
2026-10-05T05:14:10.275527Z,KXBTC15M-26OCT050115-15,0.6000,200.00,no
2026-10-05T05:14:10.281528Z,KXBTC15M-26OCT050115-15,0.6500,10.00,no
2026-10-05T05:14:10.281528Z,KXBTC15M-26OCT050115-15,0.6500,15.00,no
2026-10-05T05:14:10.282573Z,KXBTC15M-26OCT050115-15,0.5500,29.51,no
2026-10-05T05:14:10.282573Z,KXBTC15M-26OCT050115-15,0.5900,106.34,no
2026-10-05T05:14:10.282573Z,KXBTC15M-26OCT050115-15,0.5500,57.89,no
2026-10-05T05:14:10.282573Z,KXBTC15M-26OCT050115-15,0.5500,80.26,no
2026-10-05T05:14:10.282573Z,KXBTC15M-26OCT050115-15,0.5600,50.00,no
2026-10-05T05:14:10.282573Z,KXBTC15M-26OCT050115-15,0.5700,10.00,no
2026-10-05T05:14:10.283191Z,KXBTC15M-26OCT050115-15,0.5500,333.00,no
2026-10-05T05:14:10.283486Z,KXBTC15M-26OCT050115-15,0.6000,10.00,no
2026-10-05T05:14:10.283613Z,KXBTC15M-26OCT050115-15,0.5900,0.01,no
2026-10-05T05:14:10.283613Z,KXBTC15M-26OCT050115-15,0.5500,332.99,no
2026-10-05T05:14:10.287743Z,KXBTC15M-26OCT050115-15,0.6500,10.00,no
2026-10-05T05:14:10.287743Z,KXBTC15M-26OCT050115-15,0.6500,0.01,no
2026-10-05T05:14:10.292499Z,KXBTC15M-26OCT050115-15,0.5700,136.21,yes
2026-10-05T05:14:10.306995Z,KXBTC15M-26OCT050115-15,0.5700,0.01,yes
2026-10-05T05:14:10.306995Z,KXBTC15M-26OCT050115-15,0.5700,13.60,yes
2026-10-05T05:14:10.306995Z,KXBTC15M-26OCT050115-15,0.5700,0.01,yes
2026-10-05T05:14:10.311044Z,KXBTC15M-26OCT050115-15,0.5700,38.01,yes
2026-10-05T05:14:10.318787Z,KXBTC15M-26OCT050115-15,0.5700,6.38,yes
2026-10-05T05:14:10.320046Z,KXBTC15M-26OCT050115-15,0.5700,68.91,yes
2026-10-05T05:14:10.320874Z,KXBTC15M-26OCT050115-15,0.5700,50.65,yes
2026-10-05T05:14:10.320874Z,KXBTC15M-26OCT050115-15,0.5700,180.71,yes
2026-10-05T05:14:10.320964Z,KXBTC15M-26OCT050115-15,0.5700,44.75,yes
2026-10-05T05:14:10.322393Z,KXBTC15M-26OCT050115-15,0.5700,0.01,yes
2026-10-05T05:14:10.322393Z,KXBTC15M-26OCT050115-15,0.5700,108.60,yes
2026-10-05T05:14:10.322393Z,KXBTC15M-26OCT050115-15,0.5700,403.00,yes
2026-10-05T05:14:10.335993Z,KXBTC15M-26OCT050115-15,0.5900,0.01,yes
2026-10-05T05:14:10.335993Z,KXBTC15M-26OCT050115-15,0.6000,176.99,yes
2026-10-05T05:14:10.335993Z,KXBTC15M-26OCT050115-15,0.6000,5.00,yes
2026-10-05T05:14:10.337099Z,KXBTC15M-26OCT050115-15,0.5800,12.00,no
2026-10-05T05:14:10.340744Z,KXBTC15M-26OCT050115-15,0.5800,51.00,no
2026-10-05T05:14:10.341722Z,KXBTC15M-26OCT050115-15,0.5900,34.00,yes
2026-10-05T05:14:10.345892Z,KXBTC15M-26OCT050115-15,0.5900,276.00,yes
2026-10-05T05:14:10.34976Z,KXBTC15M-26OCT050115-15,0.5900,136.21,yes
2026-10-05T05:14:10.369448Z,KXBTC15M-26OCT050115-15,0.5800,0.01,no
2026-10-05T05:14:10.369448Z,KXBTC15M-26OCT050115-15,0.5800,10.00,no
2026-10-05T05:14:10.369448Z,KXBTC15M-26OCT050115-15,0.5800,0.01,no
2026-10-05T05:14:10.369448Z,KXBTC15M-26OCT050115-15,0.5800,5.00,no
2026-10-05T05:14:10.369448Z,KXBTC15M-26OCT050115-15,0.5800,348.00,no
2026-10-05T05:14:10.369448Z,KXBTC15M-26OCT050115-15,0.5800,996.00,no
2026-10-05T05:14:10.370063Z,KXBTC15M-26OCT050115-15,0.5700,0.01,no
2026-10-05T05:14:10.374839Z,KXBTC15M-26OCT050115-15,0.5600,0.01,no
2026-10-05T05:14:10.374839Z,KXBTC15M-26OCT050115-15,0.5500,144.00,no
2026-10-05T05:14:10.374839Z,KXBTC15M-26OCT050115-15,0.5800,0.01,no
2026-10-05T05:14:10.374839Z,KXBTC15M-26OCT050115-15,0.5400,10.00,no
2026-10-05T05:14:10.374908Z,KXBTC15M-26OCT050115-15,0.5200,0.02,no
2026-10-05T05:14:10.37556Z,KXBTC15M-26OCT050115-15,0.5800,10.00,no
2026-10-05T05:14:10.37619Z,KXBTC15M-26OCT050115-15,0.5200,2.98,no
2026-10-05T05:14:10.377329Z,KXBTC15M-26OCT050115-15,0.5500,5.00,no
2026-10-05T05:14:10.380615Z,KXBTC15M-26OCT050115-15,0.5000,457.04,no
2026-10-05T05:14:10.380615Z,KXBTC15M-26OCT050115-15,0.5000,2.39,no
2026-10-05T05:14:10.380615Z,KXBTC15M-26OCT050115-15,0.5300,5.00,no
2026-10-05T05:14:10.380615Z,KXBTC15M-26OCT050115-15,0.5000,15.38,no
2026-10-05T05:14:10.380688Z,KXBTC15M-26OCT050115-15,0.4900,0.02,no
2026-10-05T05:14:10.383208Z,KXBTC15M-26OCT050115-15,0.4900,100.00,no
2026-10-05T05:14:10.383208Z,KXBTC15M-26OCT050115-15,0.4900,1.00,no
2026-10-05T05:14:10.383208Z,KXBTC15M-26OCT050115-15,0.4900,28.09,no
2026-10-05T05:14:10.383658Z,KXBTC15M-26OCT050115-15,0.4700,132.93,no
2026-10-05T05:14:10.390942Z,KXBTC15M-26OCT050115-15,0.4900,0.01,no
2026-10-05T05:14:10.390942Z,KXBTC15M-26OCT050115-15,0.4900,5.00,no
2026-10-05T05:14:10.392927Z,KXBTC15M-26OCT050115-15,0.4700,0.01,no
2026-10-05T05:14:10.392927Z,KXBTC15M-26OCT050115-15,0.4700,5.00,no
2026-10-05T05:14:10.392927Z,KXBTC15M-26OCT050115-15,0.4600,6.52,no
2026-10-05T05:14:10.401767Z,KXBTC15M-26OCT050115-15,0.4700,4.47,yes
2026-10-05T05:14:10.405556Z,KXBTC15M-26OCT050115-15,0.4700,34.04,yes
2026-10-05T05:14:10.412755Z,KXBTC15M-26OCT050115-15,0.4700,302.00,yes
2026-10-05T05:14:10.415343Z,KXBTC15M-26OCT050115-15,0.4600,0.01,no
2026-10-05T05:14:10.415343Z,KXBTC15M-26OCT050115-15,0.4600,0.01,no
2026-10-05T05:14:10.433996Z,KXBTC15M-26OCT050115-15,0.4500,35.00,no
2026-10-05T05:14:10.433996Z,KXBTC15M-26OCT050115-15,0.4500,53.00,no
2026-10-05T05:14:10.445415Z,KXBTC15M-26OCT050115-15,0.4600,500.00,yes
2026-10-05T05:14:10.445415Z,KXBTC15M-26OCT050115-15,0.4600,500.00,yes
2026-10-05T05:14:10.445415Z,KXBTC15M-26OCT050115-15,0.4600,408.76,yes
2026-10-05T05:14:10.445415Z,KXBTC15M-26OCT050115-15,0.4600,0.01,yes
2026-10-05T05:14:10.445415Z,KXBTC15M-26OCT050115-15,0.4600,168.00,yes
2026-10-05T05:14:10.445415Z,KXBTC15M-26OCT050115-15,0.4600,5.00,yes
2026-10-05T05:14:10.445415Z,KXBTC15M-26OCT050115-15,0.4600,10.00,yes
2026-10-05T05:14:10.445415Z,KXBTC15M-26OCT050115-15,0.4600,0.01,yes
2026-10-05T05:14:10.458611Z,KXBTC15M-26OCT050115-15,0.4600,6.39,yes
2026-10-05T05:14:10.463134Z,KXBTC15M-26OCT050115-15,0.4600,1383.34,yes
2026-10-05T05:14:10.468199Z,KXBTC15M-26OCT050115-15,0.4400,10.31,no
2026-10-05T05:14:10.468199Z,KXBTC15M-26OCT050115-15,0.4400,51.00,no
2026-10-05T05:14:10.468199Z,KXBTC15M-26OCT050115-15,0.4500,0.01,no
2026-10-05T05:14:10.468199Z,KXBTC15M-26OCT050115-15,0.4500,0.01,no
2026-10-05T05:14:10.470306Z,KXBTC15M-26OCT050115-15,0.4200,0.02,no
2026-10-05T05:14:10.471195Z,KXBTC15M-26OCT050115-15,0.4000,50.02,no
2026-10-05T05:14:10.471195Z,KXBTC15M-26OCT050115-15,0.4200,3.98,no
2026-10-05T05:14:10.471195Z,KXBTC15M-26OCT050115-15,0.4100,5.00,no
2026-10-05T05:14:10.471211Z,KXBTC15M-26OCT050115-15,0.4000,131.00,no
2026-10-05T05:14:10.478104Z,KXBTC15M-26OCT050115-15,0.3900,902.05,no
2026-10-05T05:14:10.478104Z,KXBTC15M-26OCT050115-15,0.4000,51.27,no
2026-10-05T05:14:10.478104Z,KXBTC15M-26OCT050115-15,0.4000,0.50,no
2026-10-05T05:14:10.478104Z,KXBTC15M-26OCT050115-15,0.4200,5.00,no
2026-10-05T05:14:10.478104Z,KXBTC15M-26OCT050115-15,0.4100,5.00,no
2026-10-05T05:14:10.478104Z,KXBTC15M-26OCT050115-15,0.4100,50.00,no
2026-10-05T05:14:10.478104Z,KXBTC15M-26OCT050115-15,0.4000,33.68,no
2026-10-05T05:14:10.478104Z,KXBTC15M-26OCT050115-15,0.4000,100.50,no
2026-10-05T05:14:10.484294Z,KXBTC15M-26OCT050115-15,0.4100,13.10,yes
2026-10-05T05:14:10.486892Z,KXBTC15M-26OCT050115-15,0.4000,11.99,no
2026-10-05T05:14:10.486892Z,KXBTC15M-26OCT050115-15,0.4000,0.01,no
2026-10-05T05:14:10.487169Z,KXBTC15M-26OCT050115-15,0.4000,12.00,no
2026-10-05T05:14:10.487801Z,KXBTC15M-26OCT050115-15,0.4000,0.26,no
2026-10-05T05:14:10.512444Z,KXBTC15M-26OCT050115-15,0.4000,5.00,no
2026-10-05T05:14:10.517973Z,KXBTC15M-26OCT050115-15,0.4100,2.06,yes
2026-10-05T05:14:10.523071Z,KXBTC15M-26OCT050115-15,0.4000,89.00,no
2026-10-05T05:14:10.537288Z,KXBTC15M-26OCT050115-15,0.4000,0.49,no
2026-10-05T05:14:10.568807Z,KXBTC15M-26OCT050115-15,0.4100,1.00,yes
2026-10-05T05:14:10.572782Z,KXBTC15M-26OCT050115-15,0.4000,50.00,no
2026-10-05T05:14:10.578698Z,KXBTC15M-26OCT050115-15,0.4100,3.53,yes
2026-10-05T05:14:10.583916Z,KXBTC15M-26OCT050115-15,0.4000,2.00,no
2026-10-05T05:14:10.605882Z,KXBTC15M-26OCT050115-15,0.4100,13.10,yes
2026-10-05T05:14:10.61683Z,KXBTC15M-26OCT050115-15,0.4100,1.00,yes
2026-10-05T05:14:10.624199Z,KXBTC15M-26OCT050115-15,0.4000,51.00,no
2026-10-05T05:14:10.626817Z,KXBTC15M-26OCT050115-15,0.4100,1.00,yes
2026-10-05T05:14:10.627534Z,KXBTC15M-26OCT050115-15,0.3900,21.86,no
2026-10-05T05:14:10.627534Z,KXBTC15M-26OCT050115-15,0.3900,13.29,no
2026-10-05T05:14:10.627534Z,KXBTC15M-26OCT050115-15,0.3900,46.79,no
2026-10-05T05:14:10.627534Z,KXBTC15M-26OCT050115-15,0.4000,2943.51,no
2026-10-05T05:14:10.627534Z,KXBTC15M-26OCT050115-15,0.4000,0.40,no
2026-10-05T05:14:10.627534Z,KXBTC15M-26OCT050115-15,0.4000,0.01,no
2026-10-05T05:14:10.627534Z,KXBTC15M-26OCT050115-15,0.3900,1047.00,no
2026-10-05T05:14:10.627534Z,KXBTC15M-26OCT050115-15,0.4000,0.01,no
2026-10-05T05:14:10.640145Z,KXBTC15M-26OCT050115-15,0.4000,0.23,yes
2026-10-05T05:14:10.645893Z,KXBTC15M-26OCT050115-15,0.4000,2.62,yes
2026-10-05T05:14:10.674131Z,KXBTC15M-26OCT050115-15,0.3900,1.48,no
2026-10-05T05:14:10.702505Z,KXBTC15M-26OCT050115-15,0.3900,1.40,no
2026-10-05T05:14:10.708219Z,KXBTC15M-26OCT050115-15,0.4000,14.05,yes
2026-10-05T05:14:10.716849Z,KXBTC15M-26OCT050115-15,0.4000,34.97,yes
2026-10-05T05:14:10.735321Z,KXBTC15M-26OCT050115-15,0.4000,2.09,yes
2026-10-05T05:14:10.735411Z,KXBTC15M-26OCT050115-15,0.3900,268.29,no
2026-10-05T05:14:10.736018Z,KXBTC15M-26OCT050115-15,0.3900,0.01,no
2026-10-05T05:14:10.736018Z,KXBTC15M-26OCT050115-15,0.3900,4.20,no
2026-10-05T05:14:10.741858Z,KXBTC15M-26OCT050115-15,0.3600,11.68,no
2026-10-05T05:14:10.741858Z,KXBTC15M-26OCT050115-15,0.3600,22.32,no
2026-10-05T05:14:10.741858Z,KXBTC15M-26OCT050115-15,0.3700,5.00,no
2026-10-05T05:14:10.742573Z,KXBTC15M-26OCT050115-15,0.3600,39.00,no
2026-10-05T05:14:10.743413Z,KXBTC15M-26OCT050115-15,0.3600,39.00,no
2026-10-05T05:14:10.74986Z,KXBTC15M-26OCT050115-15,0.3500,0.31,no
2026-10-05T05:14:10.74986Z,KXBTC15M-26OCT050115-15,0.3500,16.00,no
2026-10-05T05:14:10.74986Z,KXBTC15M-26OCT050115-15,0.3800,0.01,no
2026-10-05T05:14:10.74986Z,KXBTC15M-26OCT050115-15,0.3600,83.68,no
2026-10-05T05:14:10.780889Z,KXBTC15M-26OCT050115-15,0.3700,0.01,yes
2026-10-05T05:14:10.789013Z,KXBTC15M-26OCT050115-15,0.3700,10.47,yes
2026-10-05T05:14:10.790695Z,KXBTC15M-26OCT050115-15,0.3500,17.98,no
2026-10-05T05:14:10.790695Z,KXBTC15M-26OCT050115-15,0.3600,0.01,no
2026-10-05T05:14:10.790695Z,KXBTC15M-26OCT050115-15,0.3600,0.01,no
2026-10-05T05:14:10.791288Z,KXBTC15M-26OCT050115-15,0.3500,16.00,no
2026-10-05T05:14:10.791719Z,KXBTC15M-26OCT050115-15,0.3500,16.00,no
2026-10-05T05:14:10.792521Z,KXBTC15M-26OCT050115-15,0.3700,369.53,yes
2026-10-05T05:14:10.838919Z,KXBTC15M-26OCT050115-15,0.3600,4.67,yes
2026-10-05T05:14:10.839241Z,KXBTC15M-26OCT050115-15,0.3500,2.00,no
2026-10-05T05:14:10.841795Z,KXBTC15M-26OCT050115-15,0.3500,17.00,no
2026-10-05T05:14:10.842426Z,KXBTC15M-26OCT050115-15,0.3500,17.00,no
2026-10-05T05:14:10.843029Z,KXBTC15M-26OCT050115-15,0.3500,17.00,no
2026-10-05T05:14:10.847592Z,KXBTC15M-26OCT050115-15,0.3500,15.00,no
2026-10-05T05:14:10.847592Z,KXBTC15M-26OCT050115-15,0.3500,7.00,no
2026-10-05T05:14:10.847641Z,KXBTC15M-26OCT050115-15,0.3500,28.00,no
2026-10-05T05:14:10.851301Z,KXBTC15M-26OCT050115-15,0.3600,3.19,yes
2026-10-05T05:14:10.854814Z,KXBTC15M-26OCT050115-15,0.3500,2.00,no
2026-10-05T05:14:10.854865Z,KXBTC15M-26OCT050115-15,0.3500,4.00,no
2026-10-05T05:14:10.854913Z,KXBTC15M-26OCT050115-15,0.3500,5.00,no
2026-10-05T05:14:10.855452Z,KXBTC15M-26OCT050115-15,0.3500,38.71,no
2026-10-05T05:14:10.855452Z,KXBTC15M-26OCT050115-15,0.3500,0.29,no
2026-10-05T05:14:10.866506Z,KXBTC15M-26OCT050115-15,0.3600,4.00,yes
2026-10-05T05:14:10.866735Z,KXBTC15M-26OCT050115-15,0.3500,1.50,no
2026-10-05T05:14:10.873612Z,KXBTC15M-26OCT050115-15,0.3500,3.00,no
2026-10-05T05:14:10.873618Z,KXBTC15M-26OCT050115-15,0.3500,28.79,no
2026-10-05T05:14:10.873618Z,KXBTC15M-26OCT050115-15,0.3500,8.21,no
2026-10-05T05:14:10.882642Z,KXBTC15M-26OCT050115-15,0.3500,39.00,no
2026-10-05T05:14:10.888082Z,KXBTC15M-26OCT050115-15,0.3600,6.55,yes
2026-10-05T05:14:10.891414Z,KXBTC15M-26OCT050115-15,0.3600,38.00,yes
2026-10-05T05:14:10.893129Z,KXBTC15M-26OCT050115-15,0.3500,18.00,no
2026-10-05T05:14:10.893743Z,KXBTC15M-26OCT050115-15,0.3500,16.00,no
2026-10-05T05:14:10.894156Z,KXBTC15M-26OCT050115-15,0.3500,15.32,no
2026-10-05T05:14:10.894156Z,KXBTC15M-26OCT050115-15,0.3400,0.26,no
2026-10-05T05:14:10.894156Z,KXBTC15M-26OCT050115-15,0.3500,0.01,no
2026-10-05T05:14:10.894156Z,KXBTC15M-26OCT050115-15,0.3500,0.40,no
2026-10-05T05:14:10.894156Z,KXBTC15M-26OCT050115-15,0.3500,0.01,no
2026-10-05T05:14:10.89953Z,KXBTC15M-26OCT050115-15,0.3500,8.53,yes
2026-10-05T05:14:10.927211Z,KXBTC15M-26OCT050115-15,0.3300,1.10,no
2026-10-05T05:14:10.927211Z,KXBTC15M-26OCT050115-15,0.3300,34.12,no
2026-10-05T05:14:10.927211Z,KXBTC15M-26OCT050115-15,0.3300,3.78,no
2026-10-05T05:14:10.940178Z,KXBTC15M-26OCT050115-15,0.3300,3.79,no
2026-10-05T05:14:10.941636Z,KXBTC15M-26OCT050115-15,0.3300,18.00,no
2026-10-05T05:14:10.942256Z,KXBTC15M-26OCT050115-15,0.3200,12.23,no
2026-10-05T05:14:10.942256Z,KXBTC15M-26OCT050115-15,0.3300,3.75,no
2026-10-05T05:14:10.942256Z,KXBTC15M-26OCT050115-15,0.3300,0.01,no
2026-10-05T05:14:10.942256Z,KXBTC15M-26OCT050115-15,0.3300,0.01,no
2026-10-05T05:14:10.942868Z,KXBTC15M-26OCT050115-15,0.3200,16.00,no
2026-10-05T05:14:10.948902Z,KXBTC15M-26OCT050115-15,0.3300,23.00,yes
2026-10-05T05:14:10.985444Z,KXBTC15M-26OCT050115-15,0.3200,12.00,no
2026-10-05T05:14:10.985886Z,KXBTC15M-26OCT050115-15,0.3200,12.00,no
2026-10-05T05:14:10.98992Z,KXBTC15M-26OCT050115-15,0.3200,100.00,no
2026-10-05T05:14:10.994666Z,KXBTC15M-26OCT050115-15,0.3200,18.00,no
2026-10-05T05:14:10.995274Z,KXBTC15M-26OCT050115-15,0.3200,17.00,no
2026-10-05T05:14:10.995893Z,KXBTC15M-26OCT050115-15,0.3100,16.87,no
2026-10-05T05:14:10.995893Z,KXBTC15M-26OCT050115-15,0.3200,0.11,no
2026-10-05T05:14:10.995893Z,KXBTC15M-26OCT050115-15,0.3200,0.01,no
2026-10-05T05:14:10.995893Z,KXBTC15M-26OCT050115-15,0.3200,0.01,no
2026-10-05T05:14:11.009562Z,KXBTC15M-26OCT050115-15,0.3100,39.00,no
2026-10-05T05:14:11.022991Z,KXBTC15M-26OCT050115-15,0.3200,0.76,yes
2026-10-05T05:14:11.022991Z,KXBTC15M-26OCT050115-15,0.3200,1.00,yes
2026-10-05T05:14:11.022991Z,KXBTC15M-26OCT050115-15,0.3200,10.00,yes
2026-10-05T05:14:11.030259Z,KXBTC15M-26OCT050115-15,0.3100,76.00,no
2026-10-05T05:14:11.030324Z,KXBTC15M-26OCT050115-15,0.3000,1047.00,no
2026-10-05T05:14:11.030324Z,KXBTC15M-26OCT050115-15,0.3000,37.55,no
2026-10-05T05:14:11.030324Z,KXBTC15M-26OCT050115-15,0.3100,915.13,no
2026-10-05T05:14:11.030324Z,KXBTC15M-26OCT050115-15,0.3000,586.00,no
2026-10-05T05:14:11.030324Z,KXBTC15M-26OCT050115-15,0.3000,13.73,no
2026-10-05T05:14:11.030324Z,KXBTC15M-26OCT050115-15,0.3000,1.54,no
2026-10-05T05:14:11.030324Z,KXBTC15M-26OCT050115-15,0.3100,3.03,no
2026-10-05T05:14:11.030324Z,KXBTC15M-26OCT050115-15,0.3100,0.01,no
2026-10-05T05:14:11.030324Z,KXBTC15M-26OCT050115-15,0.3100,0.01,no
2026-10-05T05:14:11.030324Z,KXBTC15M-26OCT050115-15,0.3100,200.00,no
2026-10-05T05:14:11.034737Z,KXBTC15M-26OCT050115-15,0.3000,144.00,no
2026-10-05T05:14:11.035977Z,KXBTC15M-26OCT050115-15,0.3000,1.38,no
2026-10-05T05:14:11.044058Z,KXBTC15M-26OCT050115-15,0.3000,18.00,no
2026-10-05T05:14:11.044673Z,KXBTC15M-26OCT050115-15,0.3000,16.00,no
2026-10-05T05:14:11.045288Z,KXBTC15M-26OCT050115-15,0.3000,16.00,no
2026-10-05T05:14:11.058699Z,KXBTC15M-26OCT050115-15,0.3100,57.58,yes
2026-10-05T05:14:11.059472Z,KXBTC15M-26OCT050115-15,0.3000,15.00,no
2026-10-05T05:14:11.096365Z,KXBTC15M-26OCT050115-15,0.3000,18.00,no
2026-10-05T05:14:11.097012Z,KXBTC15M-26OCT050115-15,0.3000,17.00,no
2026-10-05T05:14:11.097596Z,KXBTC15M-26OCT050115-15,0.3000,17.00,no
2026-10-05T05:14:11.09849Z,KXBTC15M-26OCT050115-15,0.3100,1.38,yes
2026-10-05T05:14:11.106302Z,KXBTC15M-26OCT050115-15,0.3100,10.00,yes
2026-10-05T05:14:11.106302Z,KXBTC15M-26OCT050115-15,0.3100,32.53,yes
2026-10-05T05:14:11.108197Z,KXBTC15M-26OCT050115-15,0.3000,400.00,no
2026-10-05T05:14:11.109334Z,KXBTC15M-26OCT050115-15,0.3000,37.64,no
2026-10-05T05:14:11.109334Z,KXBTC15M-26OCT050115-15,0.3000,20.00,no
2026-10-05T05:14:11.109334Z,KXBTC15M-26OCT050115-15,0.3000,10.05,no
2026-10-05T05:14:11.109334Z,KXBTC15M-26OCT050115-15,0.3000,176.31,no
2026-10-05T05:14:11.109936Z,KXBTC15M-26OCT050115-15,0.3000,1.00,no
2026-10-05T05:14:11.116339Z,KXBTC15M-26OCT050115-15,0.3000,2397.00,no
2026-10-05T05:14:11.130909Z,KXBTC15M-26OCT050115-15,0.2900,4.98,no
2026-10-05T05:14:11.130909Z,KXBTC15M-26OCT050115-15,0.3000,0.01,no
2026-10-05T05:14:11.130909Z,KXBTC15M-26OCT050115-15,0.3000,0.01,no
2026-10-05T05:14:11.13433Z,KXBTC15M-26OCT050115-15,0.2900,12.00,no
2026-10-05T05:14:11.135518Z,KXBTC15M-26OCT050115-15,0.2900,12.00,no
2026-10-05T05:14:11.143834Z,KXBTC15M-26OCT050115-15,0.3000,1.00,yes
2026-10-05T05:14:11.146565Z,KXBTC15M-26OCT050115-15,0.2900,17.00,no
2026-10-05T05:14:11.147199Z,KXBTC15M-26OCT050115-15,0.2900,17.00,no
2026-10-05T05:14:11.1478Z,KXBTC15M-26OCT050115-15,0.2900,17.00,no
2026-10-05T05:14:11.167735Z,KXBTC15M-26OCT050115-15,0.2800,356.89,no
2026-10-05T05:14:11.167735Z,KXBTC15M-26OCT050115-15,0.2900,67.09,no
2026-10-05T05:14:11.167735Z,KXBTC15M-26OCT050115-15,0.2900,0.01,no
2026-10-05T05:14:11.167735Z,KXBTC15M-26OCT050115-15,0.2900,0.01,no
2026-10-05T05:14:11.171001Z,KXBTC15M-26OCT050115-15,0.3000,5.05,yes
2026-10-05T05:14:11.173954Z,KXBTC15M-26OCT050115-15,0.2900,0.01,no
2026-10-05T05:14:11.186457Z,KXBTC15M-26OCT050115-15,0.2900,1.00,yes
2026-10-05T05:14:11.196597Z,KXBTC15M-26OCT050115-15,0.2800,18.00,no
2026-10-05T05:14:11.19722Z,KXBTC15M-26OCT050115-15,0.2800,16.00,no
2026-10-05T05:14:11.19782Z,KXBTC15M-26OCT050115-15,0.2800,16.00,no
2026-10-05T05:14:11.203885Z,KXBTC15M-26OCT050115-15,0.2900,48.99,yes
2026-10-05T05:14:11.203885Z,KXBTC15M-26OCT050115-15,0.2900,1.00,yes
2026-10-05T05:14:11.203885Z,KXBTC15M-26OCT050115-15,0.2900,270.98,yes
2026-10-05T05:14:11.237104Z,KXBTC15M-26OCT050115-15,0.2800,39.00,no
2026-10-05T05:14:11.249119Z,KXBTC15M-26OCT050115-15,0.2800,0.01,no
2026-10-05T05:14:11.249119Z,KXBTC15M-26OCT050115-15,0.2800,0.01,no
2026-10-05T05:14:11.249119Z,KXBTC15M-26OCT050115-15,0.2800,2.09,no
2026-10-05T05:14:11.249714Z,KXBTC15M-26OCT050115-15,0.2700,17.00,no
2026-10-05T05:14:11.264999Z,KXBTC15M-26OCT050115-15,0.2700,10.00,no
2026-10-05T05:14:11.26876Z,KXBTC15M-26OCT050115-15,0.2700,53.00,no
2026-10-05T05:14:11.29148Z,KXBTC15M-26OCT050115-15,0.2800,2.04,yes
2026-10-05T05:14:11.321787Z,KXBTC15M-26OCT050115-15,0.2700,53.00,no
2026-10-05T05:14:11.322834Z,KXBTC15M-26OCT050115-15,0.2700,150.00,no
2026-10-05T05:14:11.33249Z,KXBTC15M-26OCT050115-15,0.2700,1.00,no
2026-10-05T05:14:11.340502Z,KXBTC15M-26OCT050115-15,0.2800,223.31,yes
2026-10-05T05:14:11.35309Z,KXBTC15M-26OCT050115-15,0.2800,39.04,yes
2026-10-05T05:14:11.359932Z,KXBTC15M-26OCT050115-15,0.2700,5.00,no
2026-10-05T05:14:11.372158Z,KXBTC15M-26OCT050115-15,0.2700,50.00,no
2026-10-05T05:14:11.376717Z,KXBTC15M-26OCT050115-15,0.2800,1.79,yes
2026-10-05T05:14:11.399356Z,KXBTC15M-26OCT050115-15,0.2800,113.85,yes
2026-10-05T05:14:11.403579Z,KXBTC15M-26OCT050115-15,0.2800,14.05,yes
2026-10-05T05:14:11.408821Z,KXBTC15M-26OCT050115-15,0.2800,2.73,yes
2026-10-05T05:14:11.422454Z,KXBTC15M-26OCT050115-15,0.2700,50.00,no
2026-10-05T05:14:11.426163Z,KXBTC15M-26OCT050115-15,0.2800,10.63,yes
2026-10-05T05:14:11.44276Z,KXBTC15M-26OCT050115-15,0.2800,26.83,yes
2026-10-05T05:14:11.467584Z,KXBTC15M-26OCT050115-15,0.2800,49.80,yes
2026-10-05T05:14:11.467989Z,KXBTC15M-26OCT050115-15,0.2800,9.09,yes
2026-10-05T05:14:11.47183Z,KXBTC15M-26OCT050115-15,0.2700,50.00,no
2026-10-05T05:14:11.476409Z,KXBTC15M-26OCT050115-15,0.2700,10.00,no
2026-10-05T05:14:11.479Z,KXBTC15M-26OCT050115-15,0.2700,7.61,no
2026-10-05T05:14:11.497093Z,KXBTC15M-26OCT050115-15,0.2800,72.36,yes
2026-10-05T05:14:11.513493Z,KXBTC15M-26OCT050115-15,0.2800,39.24,yes
2026-10-05T05:14:11.522097Z,KXBTC15M-26OCT050115-15,0.2800,323.10,yes
2026-10-05T05:14:11.523108Z,KXBTC15M-26OCT050115-15,0.2700,0.01,no
2026-10-05T05:14:11.523108Z,KXBTC15M-26OCT050115-15,0.2700,0.01,no
2026-10-05T05:14:11.532337Z,KXBTC15M-26OCT050115-15,0.2600,60.00,no
2026-10-05T05:14:11.54856Z,KXBTC15M-26OCT050115-15,0.2700,2.08,yes
2026-10-05T05:14:11.55124Z,KXBTC15M-26OCT050115-15,0.2700,10.00,yes
2026-10-05T05:14:11.55124Z,KXBTC15M-26OCT050115-15,0.2700,103.37,yes
2026-10-05T05:14:11.55124Z,KXBTC15M-26OCT050115-15,0.2700,47.92,yes
2026-10-05T05:14:11.555045Z,KXBTC15M-26OCT050115-15,0.2700,25.00,yes
2026-10-05T05:14:11.580742Z,KXBTC15M-26OCT050115-15,0.2700,35.00,yes
2026-10-05T05:14:11.612702Z,KXBTC15M-26OCT050115-15,0.2600,15.95,no
2026-10-05T05:14:11.617063Z,KXBTC15M-26OCT050115-15,0.2700,676.71,yes
2026-10-05T05:14:11.620536Z,KXBTC15M-26OCT050115-15,0.2700,136.64,yes
2026-10-05T05:14:11.625691Z,KXBTC15M-26OCT050115-15,0.2600,50.00,no
2026-10-05T05:14:11.629056Z,KXBTC15M-26OCT050115-15,0.2600,66.00,no
2026-10-05T05:14:11.641917Z,KXBTC15M-26OCT050115-15,0.2600,106.00,no
2026-10-05T05:14:11.643513Z,KXBTC15M-26OCT050115-15,0.2600,150.00,no
2026-10-05T05:14:11.654704Z,KXBTC15M-26OCT050115-15,0.2500,6.98,no
2026-10-05T05:14:11.654704Z,KXBTC15M-26OCT050115-15,0.2600,0.01,no
2026-10-05T05:14:11.654704Z,KXBTC15M-26OCT050115-15,0.2600,0.01,no
2026-10-05T05:14:11.657296Z,KXBTC15M-26OCT050115-15,0.2600,12.94,yes
2026-10-05T05:14:11.667362Z,KXBTC15M-26OCT050115-15,0.2500,39.00,no
2026-10-05T05:14:11.67231Z,KXBTC15M-26OCT050115-15,0.2600,14.05,yes
2026-10-05T05:14:11.690373Z,KXBTC15M-26OCT050115-15,0.2600,1.61,yes
2026-10-05T05:14:11.705748Z,KXBTC15M-26OCT050115-15,0.2600,3.00,yes
2026-10-05T05:14:11.720266Z,KXBTC15M-26OCT050115-15,0.2600,10.97,yes
2026-10-05T05:14:11.721455Z,KXBTC15M-26OCT050115-15,0.2600,10.00,yes
2026-10-05T05:14:11.721455Z,KXBTC15M-26OCT050115-15,0.2600,186.00,yes
2026-10-05T05:14:11.721455Z,KXBTC15M-26OCT050115-15,0.2600,0.01,yes
2026-10-05T05:14:11.721455Z,KXBTC15M-26OCT050115-15,0.2600,0.01,yes
2026-10-05T05:14:11.721455Z,KXBTC15M-26OCT050115-15,0.2600,1.00,yes
2026-10-05T05:14:11.721455Z,KXBTC15M-26OCT050115-15,0.2600,1.11,yes
2026-10-05T05:14:11.721455Z,KXBTC15M-26OCT050115-15,0.2600,50.00,yes
2026-10-05T05:14:11.721455Z,KXBTC15M-26OCT050115-15,0.2600,432.08,yes
2026-10-05T05:14:11.721455Z,KXBTC15M-26OCT050115-15,0.2600,10.00,yes
2026-10-05T05:14:11.721455Z,KXBTC15M-26OCT050115-15,0.2600,0.44,yes
2026-10-05T05:14:11.721455Z,KXBTC15M-26OCT050115-15,0.2600,24.00,yes
2026-10-05T05:14:11.721455Z,KXBTC15M-26OCT050115-15,0.2600,470.37,yes
2026-10-05T05:14:11.721455Z,KXBTC15M-26OCT050115-15,0.2600,5.00,yes
2026-10-05T05:14:11.755034Z,KXBTC15M-26OCT050115-15,0.2600,186.00,yes
2026-10-05T05:14:11.755034Z,KXBTC15M-26OCT050115-15,0.2600,0.01,yes
2026-10-05T05:14:11.755034Z,KXBTC15M-26OCT050115-15,0.2600,0.01,yes
2026-10-05T05:14:11.755034Z,KXBTC15M-26OCT050115-15,0.2600,50.00,yes
2026-10-05T05:14:11.755034Z,KXBTC15M-26OCT050115-15,0.2600,0.01,yes
2026-10-05T05:14:11.755034Z,KXBTC15M-26OCT050115-15,0.2600,10.00,yes
2026-10-05T05:14:11.755034Z,KXBTC15M-26OCT050115-15,0.2600,1.00,yes
2026-10-05T05:14:11.755034Z,KXBTC15M-26OCT050115-15,0.2700,146.06,yes
2026-10-05T05:14:11.755034Z,KXBTC15M-26OCT050115-15,0.2600,1.00,yes
2026-10-05T05:14:11.756464Z,KXBTC15M-26OCT050115-15,0.2600,14.18,no
2026-10-05T05:14:11.759801Z,KXBTC15M-26OCT050115-15,0.2700,554.28,yes
2026-10-05T05:14:11.76779Z,KXBTC15M-26OCT050115-15,0.2600,0.01,no
2026-10-05T05:14:11.77014Z,KXBTC15M-26OCT050115-15,0.2700,12.61,yes
2026-10-05T05:14:11.778552Z,KXBTC15M-26OCT050115-15,0.2700,68.00,yes
2026-10-05T05:14:11.789483Z,KXBTC15M-26OCT050115-15,0.2500,1.48,no
2026-10-05T05:14:11.789483Z,KXBTC15M-26OCT050115-15,0.2600,0.01,no
2026-10-05T05:14:11.789483Z,KXBTC15M-26OCT050115-15,0.2600,0.01,no
2026-10-05T05:14:11.789483Z,KXBTC15M-26OCT050115-15,0.2600,6.00,no
2026-10-05T05:14:11.801684Z,KXBTC15M-26OCT050115-15,0.2500,469.00,no
2026-10-05T05:14:11.801886Z,KXBTC15M-26OCT050115-15,0.2600,64.77,yes
2026-10-05T05:14:11.80853Z,KXBTC15M-26OCT050115-15,0.2500,5.00,no
2026-10-05T05:14:11.811261Z,KXBTC15M-26OCT050115-15,0.2600,3.29,yes
2026-10-05T05:14:11.811281Z,KXBTC15M-26OCT050115-15,0.2600,1.11,yes
2026-10-05T05:14:11.811281Z,KXBTC15M-26OCT050115-15,0.2600,6.71,yes
2026-10-05T05:14:11.811281Z,KXBTC15M-26OCT050115-15,0.2600,32.38,yes
2026-10-05T05:14:11.817536Z,KXBTC15M-26OCT050115-15,0.2600,4.89,yes
2026-10-05T05:14:11.825923Z,KXBTC15M-26OCT050115-15,0.2500,58.52,no
2026-10-05T05:14:11.849012Z,KXBTC15M-26OCT050115-15,0.2600,4.00,yes
2026-10-05T05:14:11.850513Z,KXBTC15M-26OCT050115-15,0.2500,3.75,no
2026-10-05T05:14:11.85676Z,KXBTC15M-26OCT050115-15,0.2500,23.00,no
2026-10-05T05:14:11.857306Z,KXBTC15M-26OCT050115-15,0.2600,36.53,yes
2026-10-05T05:14:11.872452Z,KXBTC15M-26OCT050115-15,0.2500,13.51,no
2026-10-05T05:14:11.87351Z,KXBTC15M-26OCT050115-15,0.2600,0.15,yes
2026-10-05T05:14:11.87351Z,KXBTC15M-26OCT050115-15,0.2600,23.71,yes
2026-10-05T05:14:11.886269Z,KXBTC15M-26OCT050115-15,0.2600,12.94,yes
2026-10-05T05:14:11.88962Z,KXBTC15M-26OCT050115-15,0.2500,1.00,no
2026-10-05T05:14:11.891628Z,KXBTC15M-26OCT050115-15,0.2600,5.78,yes
2026-10-05T05:14:11.895557Z,KXBTC15M-26OCT050115-15,0.2600,167.13,yes
2026-10-05T05:14:11.895557Z,KXBTC15M-26OCT050115-15,0.2600,25.96,yes
2026-10-05T05:14:11.900035Z,KXBTC15M-26OCT050115-15,0.2600,140.56,yes
2026-10-05T05:14:11.917131Z,KXBTC15M-26OCT050115-15,0.2500,9.79,no
2026-10-05T05:14:11.924196Z,KXBTC15M-26OCT050115-15,0.2500,200.00,no
2026-10-05T05:14:11.934117Z,KXBTC15M-26OCT050115-15,0.2600,0.60,yes
2026-10-05T05:14:11.946086Z,KXBTC15M-26OCT050115-15,0.2600,32.59,yes
2026-10-05T05:14:11.956664Z,KXBTC15M-26OCT050115-15,0.2600,7.73,yes
2026-10-05T05:14:11.961713Z,KXBTC15M-26OCT050115-15,0.2500,39.00,no
2026-10-05T05:14:11.96715Z,KXBTC15M-26OCT050115-15,0.2500,15.73,no
2026-10-05T05:14:11.975676Z,KXBTC15M-26OCT050115-15,0.2500,39.00,no
2026-10-05T05:14:11.981273Z,KXBTC15M-26OCT050115-15,0.2500,122.24,no
2026-10-05T05:14:11.981273Z,KXBTC15M-26OCT050115-15,0.2500,3.19,no
2026-10-05T05:14:11.981273Z,KXBTC15M-26OCT050115-15,0.2500,0.16,no
2026-10-05T05:14:11.981273Z,KXBTC15M-26OCT050115-15,0.2500,14.47,no
2026-10-05T05:14:11.981273Z,KXBTC15M-26OCT050115-15,0.2500,6.15,no
2026-10-05T05:14:11.981273Z,KXBTC15M-26OCT050115-15,0.2500,25.59,no
2026-10-05T05:14:11.981273Z,KXBTC15M-26OCT050115-15,0.2500,64.28,no
2026-10-05T05:14:11.981273Z,KXBTC15M-26OCT050115-15,0.2500,2.65,no
2026-10-05T05:14:11.981273Z,KXBTC15M-26OCT050115-15,0.2500,1.62,no
2026-10-05T05:14:11.981273Z,KXBTC15M-26OCT050115-15,0.2500,29.25,no
2026-10-05T05:14:11.981273Z,KXBTC15M-26OCT050115-15,0.2500,13.66,no
2026-10-05T05:14:11.981273Z,KXBTC15M-26OCT050115-15,0.2500,2.67,no
2026-10-05T05:14:11.981273Z,KXBTC15M-26OCT050115-15,0.2500,5.31,no
2026-10-05T05:14:11.981273Z,KXBTC15M-26OCT050115-15,0.2500,0.15,no
2026-10-05T05:14:11.981273Z,KXBTC15M-26OCT050115-15,0.2500,59.59,no
2026-10-05T05:14:11.981273Z,KXBTC15M-26OCT050115-15,0.2500,11.71,no
2026-10-05T05:14:11.981273Z,KXBTC15M-26OCT050115-15,0.2500,0.38,no
2026-10-05T05:14:11.982066Z,KXBTC15M-26OCT050115-15,0.2600,102.34,yes
2026-10-05T05:14:11.992549Z,KXBTC15M-26OCT050115-15,0.2500,7.97,no
2026-10-05T05:14:11.995043Z,KXBTC15M-26OCT050115-15,0.2600,81.98,yes
2026-10-05T05:14:12.006197Z,KXBTC15M-26OCT050115-15,0.2600,26.58,yes
2026-10-05T05:14:12.007628Z,KXBTC15M-26OCT050115-15,0.2600,63.05,yes
2026-10-05T05:14:12.007863Z,KXBTC15M-26OCT050115-15,0.2600,15.24,yes
2026-10-05T05:14:12.010481Z,KXBTC15M-26OCT050115-15,0.2500,4.57,no
2026-10-05T05:14:12.010481Z,KXBTC15M-26OCT050115-15,0.2500,27.39,no
2026-10-05T05:14:12.010481Z,KXBTC15M-26OCT050115-15,0.2500,5.04,no
2026-10-05T05:14:12.010481Z,KXBTC15M-26OCT050115-15,0.2500,12.29,no
2026-10-05T05:14:12.010481Z,KXBTC15M-26OCT050115-15,0.2500,0.06,no
2026-10-05T05:14:12.015838Z,KXBTC15M-26OCT050115-15,0.2600,10.00,yes
2026-10-05T05:14:12.015838Z,KXBTC15M-26OCT050115-15,0.2600,13.21,yes
2026-10-05T05:14:12.015838Z,KXBTC15M-26OCT050115-15,0.2600,3.37,yes
2026-10-05T05:14:12.017091Z,KXBTC15M-26OCT050115-15,0.2500,16.02,no
2026-10-05T05:14:12.017091Z,KXBTC15M-26OCT050115-15,0.2500,17.52,no
2026-10-05T05:14:12.017091Z,KXBTC15M-26OCT050115-15,0.2500,5.46,no
2026-10-05T05:14:12.02088Z,KXBTC15M-26OCT050115-15,0.2600,6.56,yes
2026-10-05T05:14:12.021161Z,KXBTC15M-26OCT050115-15,0.2600,96.91,yes
2026-10-05T05:14:12.026864Z,KXBTC15M-26OCT050115-15,0.2600,0.86,yes
2026-10-05T05:14:12.026864Z,KXBTC15M-26OCT050115-15,0.2600,115.46,yes
2026-10-05T05:14:12.034986Z,KXBTC15M-26OCT050115-15,0.2400,346.97,no
2026-10-05T05:14:12.034986Z,KXBTC15M-26OCT050115-15,0.2500,57.72,no
2026-10-05T05:14:12.034986Z,KXBTC15M-26OCT050115-15,0.2500,156.08,no
2026-10-05T05:14:12.034986Z,KXBTC15M-26OCT050115-15,0.2500,0.01,no
2026-10-05T05:14:12.034986Z,KXBTC15M-26OCT050115-15,0.2500,11.57,no
2026-10-05T05:14:12.034986Z,KXBTC15M-26OCT050115-15,0.2500,0.01,no
2026-10-05T05:14:12.03753Z,KXBTC15M-26OCT050115-15,0.2400,1.28,no
2026-10-05T05:14:12.047191Z,KXBTC15M-26OCT050115-15,0.2600,0.59,yes
2026-10-05T05:14:12.05991Z,KXBTC15M-26OCT050115-15,0.2400,461.98,no
2026-10-05T05:14:12.05991Z,KXBTC15M-26OCT050115-15,0.2500,0.01,no
2026-10-05T05:14:12.05991Z,KXBTC15M-26OCT050115-15,0.2500,0.01,no
2026-10-05T05:14:12.060723Z,KXBTC15M-26OCT050115-15,0.2600,28.98,yes
2026-10-05T05:14:12.069576Z,KXBTC15M-26OCT050115-15,0.2400,5.00,no
2026-10-05T05:14:12.077798Z,KXBTC15M-26OCT050115-15,0.2500,64.00,yes
2026-10-05T05:14:12.077798Z,KXBTC15M-26OCT050115-15,0.2500,93.75,yes
2026-10-05T05:14:12.077798Z,KXBTC15M-26OCT050115-15,0.2500,0.01,yes
2026-10-05T05:14:12.077798Z,KXBTC15M-26OCT050115-15,0.2500,15.00,yes
2026-10-05T05:14:12.077798Z,KXBTC15M-26OCT050115-15,0.2500,93.75,yes
2026-10-05T05:14:12.077798Z,KXBTC15M-26OCT050115-15,0.2500,0.01,yes
2026-10-05T05:14:12.077798Z,KXBTC15M-26OCT050115-15,0.2500,500.00,yes
2026-10-05T05:14:12.077798Z,KXBTC15M-26OCT050115-15,0.2500,6.00,yes
2026-10-05T05:14:12.077798Z,KXBTC15M-26OCT050115-15,0.2600,46.48,yes
2026-10-05T05:14:12.081281Z,KXBTC15M-26OCT050115-15,0.2500,159.57,yes
2026-10-05T05:14:12.083443Z,KXBTC15M-26OCT050115-15,0.2500,13.66,yes
2026-10-05T05:14:12.083819Z,KXBTC15M-26OCT050115-15,0.2400,231.77,no
2026-10-05T05:14:12.083819Z,KXBTC15M-26OCT050115-15,0.2400,34.51,no
2026-10-05T05:14:12.083819Z,KXBTC15M-26OCT050115-15,0.2400,39.86,no
2026-10-05T05:14:12.083819Z,KXBTC15M-26OCT050115-15,0.2400,0.01,no
2026-10-05T05:14:12.083819Z,KXBTC15M-26OCT050115-15,0.2400,0.01,no
2026-10-05T05:14:12.083819Z,KXBTC15M-26OCT050115-15,0.2300,93.84,no
2026-10-05T05:14:12.088428Z,KXBTC15M-26OCT050115-15,0.2500,7.19,yes
2026-10-05T05:14:12.097259Z,KXBTC15M-26OCT050115-15,0.2400,0.01,no
2026-10-05T05:14:12.100843Z,KXBTC15M-26OCT050115-15,0.2500,3.29,yes
2026-10-05T05:14:12.104525Z,KXBTC15M-26OCT050115-15,0.2300,1.00,no
2026-10-05T05:14:12.151274Z,KXBTC15M-26OCT050115-15,0.2400,8.68,yes
2026-10-05T05:14:12.163681Z,KXBTC15M-26OCT050115-15,0.2400,3.49,yes
2026-10-05T05:14:12.163681Z,KXBTC15M-26OCT050115-15,0.2400,3.82,yes
2026-10-05T05:14:12.181314Z,KXBTC15M-26OCT050115-15,0.2300,54.48,no
2026-10-05T05:14:12.184537Z,KXBTC15M-26OCT050115-15,0.2300,116.36,no
2026-10-05T05:14:12.210217Z,KXBTC15M-26OCT050115-15,0.2400,5.00,yes
2026-10-05T05:14:12.210217Z,KXBTC15M-26OCT050115-15,0.2400,0.01,yes
2026-10-05T05:14:12.210217Z,KXBTC15M-26OCT050115-15,0.2400,109.04,yes
2026-10-05T05:14:12.210217Z,KXBTC15M-26OCT050115-15,0.2400,0.01,yes
2026-10-05T05:14:12.219557Z,KXBTC15M-26OCT050115-15,0.2400,90.96,yes
2026-10-05T05:14:12.219557Z,KXBTC15M-26OCT050115-15,0.2400,182.32,yes
2026-10-05T05:14:12.220964Z,KXBTC15M-26OCT050115-15,0.2400,3.68,yes
2026-10-05T05:14:12.220964Z,KXBTC15M-26OCT050115-15,0.2400,3.18,yes
2026-10-05T05:14:12.22501Z,KXBTC15M-26OCT050115-15,0.2300,556.53,no
2026-10-05T05:14:12.239155Z,KXBTC15M-26OCT050115-15,0.2400,4.82,yes
2026-10-05T05:14:12.239155Z,KXBTC15M-26OCT050115-15,0.2400,18.98,yes
2026-10-05T05:14:12.243959Z,KXBTC15M-26OCT050115-15,0.2400,82.20,yes
2026-10-05T05:14:12.249916Z,KXBTC15M-26OCT050115-15,0.2400,2.13,yes
2026-10-05T05:14:12.255027Z,KXBTC15M-26OCT050115-15,0.2400,7.85,yes
2026-10-05T05:14:12.259499Z,KXBTC15M-26OCT050115-15,0.2300,0.87,no
2026-10-05T05:14:12.266841Z,KXBTC15M-26OCT050115-15,0.2400,28.11,yes
2026-10-05T05:14:12.271551Z,KXBTC15M-26OCT050115-15,0.2400,20.24,yes
2026-10-05T05:14:12.28403Z,KXBTC15M-26OCT050115-15,0.2400,5.17,yes
2026-10-05T05:14:12.298912Z,KXBTC15M-26OCT050115-15,0.2400,25.98,yes
2026-10-05T05:14:12.303014Z,KXBTC15M-26OCT050115-15,0.2300,31.22,no
2026-10-05T05:14:12.305958Z,KXBTC15M-26OCT050115-15,0.2400,70.47,yes
2026-10-05T05:14:12.314773Z,KXBTC15M-26OCT050115-15,0.2400,47.98,yes
2026-10-05T05:14:12.319147Z,KXBTC15M-26OCT050115-15,0.2400,149.15,yes
2026-10-05T05:14:12.319593Z,KXBTC15M-26OCT050115-15,0.2400,4.27,yes
2026-10-05T05:14:12.340963Z,KXBTC15M-26OCT050115-15,0.2400,1143.00,yes
2026-10-05T05:14:12.340963Z,KXBTC15M-26OCT050115-15,0.2400,284.47,yes
2026-10-05T05:14:12.340963Z,KXBTC15M-26OCT050115-15,0.2400,0.01,yes
2026-10-05T05:14:12.340963Z,KXBTC15M-26OCT050115-15,0.2400,10.00,yes
2026-10-05T05:14:12.340963Z,KXBTC15M-26OCT050115-15,0.2400,1.06,yes
2026-10-05T05:14:12.340963Z,KXBTC15M-26OCT050115-15,0.2400,0.01,yes
2026-10-05T05:14:12.340963Z,KXBTC15M-26OCT050115-15,0.2400,174.99,yes
2026-10-05T05:14:12.340963Z,KXBTC15M-26OCT050115-15,0.2400,5.00,yes
2026-10-05T05:14:12.340963Z,KXBTC15M-26OCT050115-15,0.2400,50.00,yes
2026-10-05T05:14:12.340963Z,KXBTC15M-26OCT050115-15,0.2400,1.10,yes
2026-10-05T05:14:12.348258Z,KXBTC15M-26OCT050115-15,0.2400,171.80,yes
2026-10-05T05:14:12.348258Z,KXBTC15M-26OCT050115-15,0.2400,11.01,yes
2026-10-05T05:14:12.348258Z,KXBTC15M-26OCT050115-15,0.2400,0.02,yes
2026-10-05T05:14:12.34872Z,KXBTC15M-26OCT050115-15,0.2300,3.74,no
2026-10-05T05:14:12.377365Z,KXBTC15M-26OCT050115-15,0.2400,2.99,yes
2026-10-05T05:14:12.377365Z,KXBTC15M-26OCT050115-15,0.2400,0.01,yes
2026-10-05T05:14:12.385894Z,KXBTC15M-26OCT050115-15,0.2400,5.04,yes
2026-10-05T05:14:12.386967Z,KXBTC15M-26OCT050115-15,0.2400,29.83,yes
2026-10-05T05:14:12.387616Z,KXBTC15M-26OCT050115-15,0.2400,0.91,yes
2026-10-05T05:14:12.39886Z,KXBTC15M-26OCT050115-15,0.2400,5.31,yes
2026-10-05T05:14:12.41008Z,KXBTC15M-26OCT050115-15,0.2400,1.19,yes
2026-10-05T05:14:12.418009Z,KXBTC15M-26OCT050115-15,0.2400,21.36,yes
2026-10-05T05:14:12.424385Z,KXBTC15M-26OCT050115-15,0.2300,8.00,no
2026-10-05T05:14:12.429278Z,KXBTC15M-26OCT050115-15,0.2300,50.00,no
2026-10-05T05:14:12.433255Z,KXBTC15M-26OCT050115-15,0.2300,82.94,no
2026-10-05T05:14:12.458176Z,KXBTC15M-26OCT050115-15,0.2400,409.52,yes
2026-10-05T05:14:12.469428Z,KXBTC15M-26OCT050115-15,0.2400,398.80,yes
2026-10-05T05:14:12.499221Z,KXBTC15M-26OCT050115-15,0.2400,0.99,yes
2026-10-05T05:14:12.51194Z,KXBTC15M-26OCT050115-15,0.2400,73.50,yes
2026-10-05T05:14:12.518386Z,KXBTC15M-26OCT050115-15,0.2300,12.00,no
2026-10-05T05:14:12.524062Z,KXBTC15M-26OCT050115-15,0.2300,5.48,no
2026-10-05T05:14:12.525643Z,KXBTC15M-26OCT050115-15,0.2400,38.42,yes
2026-10-05T05:14:12.529657Z,KXBTC15M-26OCT050115-15,0.2400,7.31,yes
2026-10-05T05:14:12.53767Z,KXBTC15M-26OCT050115-15,0.2400,12.29,yes
2026-10-05T05:14:12.539425Z,KXBTC15M-26OCT050115-15,0.2400,12.29,yes
2026-10-05T05:14:12.541536Z,KXBTC15M-26OCT050115-15,0.2400,146.26,yes
2026-10-05T05:14:12.546048Z,KXBTC15M-26OCT050115-15,0.2300,24.84,no
2026-10-05T05:14:12.547375Z,KXBTC15M-26OCT050115-15,0.2300,1.99,no
2026-10-05T05:14:12.555428Z,KXBTC15M-26OCT050115-15,0.2400,5.78,yes
2026-10-05T05:14:12.555807Z,KXBTC15M-26OCT050115-15,0.2300,10.47,no
2026-10-05T05:14:12.555807Z,KXBTC15M-26OCT050115-15,0.2300,60.42,no
2026-10-05T05:14:12.555807Z,KXBTC15M-26OCT050115-15,0.2300,1.11,no
2026-10-05T05:14:12.57534Z,KXBTC15M-26OCT050115-15,0.2400,95.64,yes
2026-10-05T05:14:12.577971Z,KXBTC15M-26OCT050115-15,0.2300,25.98,no
2026-10-05T05:14:12.577971Z,KXBTC15M-26OCT050115-15,0.2300,2.87,no
2026-10-05T05:14:12.577971Z,KXBTC15M-26OCT050115-15,0.2300,15.27,no
2026-10-05T05:14:12.577971Z,KXBTC15M-26OCT050115-15,0.2300,13.29,no
2026-10-05T05:14:12.577971Z,KXBTC15M-26OCT050115-15,0.2300,3.94,no
2026-10-05T05:14:12.577971Z,KXBTC15M-26OCT050115-15,0.2300,14.65,no
2026-10-05T05:14:12.578364Z,KXBTC15M-26OCT050115-15,0.2400,13.29,yes
2026-10-05T05:14:12.583396Z,KXBTC15M-26OCT050115-15,0.2400,75.34,yes
2026-10-05T05:14:12.588757Z,KXBTC15M-26OCT050115-15,0.2300,57.63,no
2026-10-05T05:14:12.588757Z,KXBTC15M-26OCT050115-15,0.2300,25.37,no
2026-10-05T05:14:12.589535Z,KXBTC15M-26OCT050115-15,0.2200,1.67,no
2026-10-05T05:14:12.589535Z,KXBTC15M-26OCT050115-15,0.2200,1.53,no
2026-10-05T05:14:12.589535Z,KXBTC15M-26OCT050115-15,0.2200,73.99,no
2026-10-05T05:14:12.589535Z,KXBTC15M-26OCT050115-15,0.2200,17.94,no
2026-10-05T05:14:12.589535Z,KXBTC15M-26OCT050115-15,0.2300,54.39,no
2026-10-05T05:14:12.589535Z,KXBTC15M-26OCT050115-15,0.2200,63.46,no
2026-10-05T05:14:12.589535Z,KXBTC15M-26OCT050115-15,0.2300,0.01,no
2026-10-05T05:14:12.589535Z,KXBTC15M-26OCT050115-15,0.2300,0.01,no
2026-10-05T05:14:12.595851Z,KXBTC15M-26OCT050115-15,0.2400,156.11,yes
2026-10-05T05:14:12.595851Z,KXBTC15M-26OCT050115-15,0.2300,1.00,yes
2026-10-05T05:14:12.597903Z,KXBTC15M-26OCT050115-15,0.2200,2.52,no
2026-10-05T05:14:12.605483Z,KXBTC15M-26OCT050115-15,0.2300,3.17,yes
2026-10-05T05:14:12.622498Z,KXBTC15M-26OCT050115-15,0.2300,25.42,yes
2026-10-05T05:14:12.623856Z,KXBTC15M-26OCT050115-15,0.2200,20.84,no
2026-10-05T05:14:12.623856Z,KXBTC15M-26OCT050115-15,0.2200,2.65,no
2026-10-05T05:14:12.623856Z,KXBTC15M-26OCT050115-15,0.2200,3.28,no
2026-10-05T05:14:12.623856Z,KXBTC15M-26OCT050115-15,0.2200,0.01,no
2026-10-05T05:14:12.623856Z,KXBTC15M-26OCT050115-15,0.2200,0.01,no
2026-10-05T05:14:12.623856Z,KXBTC15M-26OCT050115-15,0.2100,99.41,no
2026-10-05T05:14:12.632514Z,KXBTC15M-26OCT050115-15,0.2200,6.00,yes
2026-10-05T05:14:12.634527Z,KXBTC15M-26OCT050115-15,0.2200,25.88,yes
2026-10-05T05:14:12.639965Z,KXBTC15M-26OCT050115-15,0.2200,0.16,yes
2026-10-05T05:14:12.646392Z,KXBTC15M-26OCT050115-15,0.2100,1.99,no
2026-10-05T05:14:12.662914Z,KXBTC15M-26OCT050115-15,0.2200,1.17,yes
2026-10-05T05:14:12.67187Z,KXBTC15M-26OCT050115-15,0.2200,6.09,yes
2026-10-05T05:14:12.67187Z,KXBTC15M-26OCT050115-15,0.2200,16.79,yes
2026-10-05T05:14:12.680249Z,KXBTC15M-26OCT050115-15,0.2100,5.00,no
2026-10-05T05:14:12.686173Z,KXBTC15M-26OCT050115-15,0.2200,0.01,yes
2026-10-05T05:14:12.686173Z,KXBTC15M-26OCT050115-15,0.2200,9.99,yes
2026-10-05T05:14:12.686173Z,KXBTC15M-26OCT050115-15,0.2200,6.00,yes
2026-10-05T05:14:12.686173Z,KXBTC15M-26OCT050115-15,0.2200,0.01,yes
2026-10-05T05:14:12.695452Z,KXBTC15M-26OCT050115-15,0.2200,34.48,yes
2026-10-05T05:14:12.700752Z,KXBTC15M-26OCT050115-15,0.2200,16.00,yes
2026-10-05T05:14:12.701605Z,KXBTC15M-26OCT050115-15,0.2200,5.78,yes
2026-10-05T05:14:12.703097Z,KXBTC15M-26OCT050115-15,0.2100,5.28,no
2026-10-05T05:14:12.705625Z,KXBTC15M-26OCT050115-15,0.2200,22.88,yes
2026-10-05T05:14:12.735157Z,KXBTC15M-26OCT050115-15,0.2200,222.43,yes
2026-10-05T05:14:12.73755Z,KXBTC15M-26OCT050115-15,0.2100,3.75,no
2026-10-05T05:14:12.745972Z,KXBTC15M-26OCT050115-15,0.2200,10.93,yes
2026-10-05T05:14:12.748562Z,KXBTC15M-26OCT050115-15,0.2200,3.95,yes
2026-10-05T05:14:12.750619Z,KXBTC15M-26OCT050115-15,0.2200,0.32,yes
2026-10-05T05:14:12.753125Z,KXBTC15M-26OCT050115-15,0.2200,28.94,yes
2026-10-05T05:14:12.755505Z,KXBTC15M-26OCT050115-15,0.2200,4.32,yes
2026-10-05T05:14:12.764812Z,KXBTC15M-26OCT050115-15,0.2200,6.00,yes
2026-10-05T05:14:12.764812Z,KXBTC15M-26OCT050115-15,0.2200,422.98,yes
2026-10-05T05:14:12.764812Z,KXBTC15M-26OCT050115-15,0.2200,48.30,yes
2026-10-05T05:14:12.766724Z,KXBTC15M-26OCT050115-15,0.2200,0.01,yes
2026-10-05T05:14:12.766724Z,KXBTC15M-26OCT050115-15,0.2200,1.06,yes
2026-10-05T05:14:12.766724Z,KXBTC15M-26OCT050115-15,0.2200,151.70,yes
2026-10-05T05:14:12.766724Z,KXBTC15M-26OCT050115-15,0.2200,1.10,yes
2026-10-05T05:14:12.766724Z,KXBTC15M-26OCT050115-15,0.2200,39.73,yes
2026-10-05T05:14:12.766724Z,KXBTC15M-26OCT050115-15,0.2200,10.00,yes
2026-10-05T05:14:12.766724Z,KXBTC15M-26OCT050115-15,0.2200,6.00,yes
2026-10-05T05:14:12.766724Z,KXBTC15M-26OCT050115-15,0.2200,50.00,yes
2026-10-05T05:14:12.766724Z,KXBTC15M-26OCT050115-15,0.2200,0.01,yes
2026-10-05T05:14:12.771549Z,KXBTC15M-26OCT050115-15,0.2200,100.50,yes
2026-10-05T05:14:12.775509Z,KXBTC15M-26OCT050115-15,0.2200,30.23,yes
2026-10-05T05:14:12.775509Z,KXBTC15M-26OCT050115-15,0.2200,45.77,yes
2026-10-05T05:14:12.779402Z,KXBTC15M-26OCT050115-15,0.2200,22.88,yes
2026-10-05T05:14:12.7839Z,KXBTC15M-26OCT050115-15,0.2100,0.08,no
2026-10-05T05:14:12.7839Z,KXBTC15M-26OCT050115-15,0.2100,7.73,no
2026-10-05T05:14:12.7839Z,KXBTC15M-26OCT050115-15,0.2100,9.47,no
2026-10-05T05:14:12.7839Z,KXBTC15M-26OCT050115-15,0.2100,191.87,no
2026-10-05T05:14:12.7839Z,KXBTC15M-26OCT050115-15,0.2100,0.01,no
2026-10-05T05:14:12.7839Z,KXBTC15M-26OCT050115-15,0.2100,0.01,no
2026-10-05T05:14:12.7839Z,KXBTC15M-26OCT050115-15,0.2100,931.57,no
2026-10-05T05:14:12.7839Z,KXBTC15M-26OCT050115-15,0.2000,209.72,no
2026-10-05T05:14:12.7839Z,KXBTC15M-26OCT050115-15,0.2100,12.72,no
2026-10-05T05:14:12.794153Z,KXBTC15M-26OCT050115-15,0.2200,91.48,yes
2026-10-05T05:14:12.794153Z,KXBTC15M-26OCT050115-15,0.2100,5.00,yes
2026-10-05T05:14:12.794153Z,KXBTC15M-26OCT050115-15,0.2100,0.01,yes
2026-10-05T05:14:12.794153Z,KXBTC15M-26OCT050115-15,0.2100,50.00,yes
2026-10-05T05:14:12.794153Z,KXBTC15M-26OCT050115-15,0.2100,0.01,yes
2026-10-05T05:14:12.794153Z,KXBTC15M-26OCT050115-15,0.2100,10.00,yes
2026-10-05T05:14:12.795198Z,KXBTC15M-26OCT050115-15,0.2200,8.66,yes
2026-10-05T05:14:12.796422Z,KXBTC15M-26OCT050115-15,0.2200,17.49,yes
2026-10-05T05:14:12.796427Z,KXBTC15M-26OCT050115-15,0.2200,51.43,yes
2026-10-05T05:14:12.805376Z,KXBTC15M-26OCT050115-15,0.2200,195.38,yes
2026-10-05T05:14:12.816812Z,KXBTC15M-26OCT050115-15,0.2100,89.61,no
2026-10-05T05:14:12.821132Z,KXBTC15M-26OCT050115-15,0.2100,77.54,no
2026-10-05T05:14:12.821132Z,KXBTC15M-26OCT050115-15,0.2100,60.39,no
2026-10-05T05:14:12.823533Z,KXBTC15M-26OCT050115-15,0.2200,9.23,yes
2026-10-05T05:14:12.833405Z,KXBTC15M-26OCT050115-15,0.2100,52.00,no
2026-10-05T05:14:12.847273Z,KXBTC15M-26OCT050115-15,0.2200,6.80,yes
2026-10-05T05:14:12.848984Z,KXBTC15M-26OCT050115-15,0.2100,5.00,no
2026-10-05T05:14:12.853356Z,KXBTC15M-26OCT050115-15,0.2200,7.39,yes
2026-10-05T05:14:12.858792Z,KXBTC15M-26OCT050115-15,0.2200,30.94,yes
2026-10-05T05:14:12.866636Z,KXBTC15M-26OCT050115-15,0.2200,4.00,yes
2026-10-05T05:14:12.871831Z,KXBTC15M-26OCT050115-15,0.2200,7.60,yes
2026-10-05T05:14:12.872857Z,KXBTC15M-26OCT050115-15,0.2200,13.00,yes
2026-10-05T05:14:12.887148Z,KXBTC15M-26OCT050115-15,0.2200,0.25,yes
2026-10-05T05:14:12.893258Z,KXBTC15M-26OCT050115-15,0.2200,23.42,yes
2026-10-05T05:14:12.894993Z,KXBTC15M-26OCT050115-15,0.2200,89.37,yes
2026-10-05T05:14:12.905761Z,KXBTC15M-26OCT050115-15,0.2100,15.46,no
2026-10-05T05:14:12.905761Z,KXBTC15M-26OCT050115-15,0.2100,15.71,no
2026-10-05T05:14:12.910238Z,KXBTC15M-26OCT050115-15,0.2200,44.95,yes
2026-10-05T05:14:12.911973Z,KXBTC15M-26OCT050115-15,0.2100,0.01,no
2026-10-05T05:14:12.911973Z,KXBTC15M-26OCT050115-15,0.2100,150.00,no
2026-10-05T05:14:12.911973Z,KXBTC15M-26OCT050115-15,0.2100,0.01,no
2026-10-05T05:14:12.911973Z,KXBTC15M-26OCT050115-15,0.2100,150.00,no
2026-10-05T05:14:12.911973Z,KXBTC15M-26OCT050115-15,0.2100,1.00,no
2026-10-05T05:14:12.911973Z,KXBTC15M-26OCT050115-15,0.2000,330.28,no
2026-10-05T05:14:12.91319Z,KXBTC15M-26OCT050115-15,0.2200,12.17,yes
2026-10-05T05:14:12.916405Z,KXBTC15M-26OCT050115-15,0.2100,8.69,yes
2026-10-05T05:14:12.932053Z,KXBTC15M-26OCT050115-15,0.2100,0.01,yes
2026-10-05T05:14:12.932053Z,KXBTC15M-26OCT050115-15,0.2100,7.60,yes
2026-10-05T05:14:12.932053Z,KXBTC15M-26OCT050115-15,0.2100,5.00,yes
2026-10-05T05:14:12.933303Z,KXBTC15M-26OCT050115-15,0.2100,0.59,yes
2026-10-05T05:14:12.933303Z,KXBTC15M-26OCT050115-15,0.2100,2.40,yes
2026-10-05T05:14:12.933303Z,KXBTC15M-26OCT050115-15,0.2100,0.01,yes
2026-10-05T05:14:12.937064Z,KXBTC15M-26OCT050115-15,0.2100,147.59,yes
2026-10-05T05:14:12.94186Z,KXBTC15M-26OCT050115-15,0.2100,228.04,yes
2026-10-05T05:14:12.94186Z,KXBTC15M-26OCT050115-15,0.2100,37.82,yes
2026-10-05T05:14:12.96192Z,KXBTC15M-26OCT050115-15,0.2100,2.89,yes
2026-10-05T05:14:12.973535Z,KXBTC15M-26OCT050115-15,0.2000,3.32,no
2026-10-05T05:14:12.977158Z,KXBTC15M-26OCT050115-15,0.2100,50.00,yes
2026-10-05T05:14:12.977158Z,KXBTC15M-26OCT050115-15,0.2200,63.62,yes
2026-10-05T05:14:12.977158Z,KXBTC15M-26OCT050115-15,0.2100,102.07,yes
2026-10-05T05:14:12.977158Z,KXBTC15M-26OCT050115-15,0.2100,37.82,yes
2026-10-05T05:14:12.977158Z,KXBTC15M-26OCT050115-15,0.2100,3.90,yes
2026-10-05T05:14:12.977158Z,KXBTC15M-26OCT050115-15,0.2100,5.00,yes
2026-10-05T05:14:12.977158Z,KXBTC15M-26OCT050115-15,0.2100,148.18,yes
2026-10-05T05:14:12.977158Z,KXBTC15M-26OCT050115-15,0.2100,200.00,yes
2026-10-05T05:14:12.977158Z,KXBTC15M-26OCT050115-15,0.2100,71.00,yes
2026-10-05T05:14:12.977158Z,KXBTC15M-26OCT050115-15,0.2100,0.01,yes
2026-10-05T05:14:12.977158Z,KXBTC15M-26OCT050115-15,0.2100,0.01,yes
2026-10-05T05:14:12.977158Z,KXBTC15M-26OCT050115-15,0.2100,4.90,yes
2026-10-05T05:14:12.979465Z,KXBTC15M-26OCT050115-15,0.2100,0.12,no
2026-10-05T05:14:12.985595Z,KXBTC15M-26OCT050115-15,0.2200,5.62,yes
2026-10-05T05:14:12.993343Z,KXBTC15M-26OCT050115-15,0.2100,0.01,no
2026-10-05T05:14:13.000076Z,KXBTC15M-26OCT050115-15,0.2200,1.00,yes
2026-10-05T05:14:13.015379Z,KXBTC15M-26OCT050115-15,0.2100,123.00,no
2026-10-05T05:14:13.015875Z,KXBTC15M-26OCT050115-15,0.2100,1.24,no
2026-10-05T05:14:13.026784Z,KXBTC15M-26OCT050115-15,0.2100,25.63,no
2026-10-05T05:14:13.026784Z,KXBTC15M-26OCT050115-15,0.2100,24.37,no
2026-10-05T05:14:13.026784Z,KXBTC15M-26OCT050115-15,0.2100,150.00,no
2026-10-05T05:14:13.029317Z,KXBTC15M-26OCT050115-15,0.2200,74.57,yes
2026-10-05T05:14:13.032402Z,KXBTC15M-26OCT050115-15,0.2200,65.76,yes
2026-10-05T05:14:13.036159Z,KXBTC15M-26OCT050115-15,0.2100,5.66,no
2026-10-05T05:14:13.036867Z,KXBTC15M-26OCT050115-15,0.2100,2.04,no
2026-10-05T05:14:13.037884Z,KXBTC15M-26OCT050115-15,0.2200,109.60,yes
2026-10-05T05:14:13.038423Z,KXBTC15M-26OCT050115-15,0.2200,25.11,yes
2026-10-05T05:14:13.038465Z,KXBTC15M-26OCT050115-15,0.2100,1.21,no
2026-10-05T05:14:13.045575Z,KXBTC15M-26OCT050115-15,0.2100,22.52,no
2026-10-05T05:14:13.047699Z,KXBTC15M-26OCT050115-15,0.2100,1.00,no
2026-10-05T05:14:13.050523Z,KXBTC15M-26OCT050115-15,0.2100,93.20,no
2026-10-05T05:14:13.050523Z,KXBTC15M-26OCT050115-15,0.2100,6.09,no
2026-10-05T05:14:13.050897Z,KXBTC15M-26OCT050115-15,0.2200,8.81,yes
2026-10-05T05:14:13.054292Z,KXBTC15M-26OCT050115-15,0.2200,3.06,yes
2026-10-05T05:14:13.056039Z,KXBTC15M-26OCT050115-15,0.2100,143.91,no
2026-10-05T05:14:13.056039Z,KXBTC15M-26OCT050115-15,0.2100,56.09,no
2026-10-05T05:14:13.058589Z,KXBTC15M-26OCT050115-15,0.2200,7.97,yes
2026-10-05T05:14:13.059981Z,KXBTC15M-26OCT050115-15,0.2100,1.00,no
2026-10-05T05:14:13.06183Z,KXBTC15M-26OCT050115-15,0.2100,10.00,no
2026-10-05T05:14:13.062964Z,KXBTC15M-26OCT050115-15,0.2200,2.40,yes
2026-10-05T05:14:13.062964Z,KXBTC15M-26OCT050115-15,0.2200,28.94,yes
2026-10-05T05:14:13.062964Z,KXBTC15M-26OCT050115-15,0.2300,1047.00,yes
2026-10-05T05:14:13.062964Z,KXBTC15M-26OCT050115-15,0.2200,0.01,yes
2026-10-05T05:14:13.062964Z,KXBTC15M-26OCT050115-15,0.2200,500.00,yes
2026-10-05T05:14:13.062964Z,KXBTC15M-26OCT050115-15,0.2300,21.41,yes
2026-10-05T05:14:13.062964Z,KXBTC15M-26OCT050115-15,0.2300,64.80,yes
2026-10-05T05:14:13.062964Z,KXBTC15M-26OCT050115-15,0.2200,2.01,yes
2026-10-05T05:14:13.062964Z,KXBTC15M-26OCT050115-15,0.2200,10.00,yes
2026-10-05T05:14:13.062964Z,KXBTC15M-26OCT050115-15,0.2200,50.00,yes
2026-10-05T05:14:13.062964Z,KXBTC15M-26OCT050115-15,0.2200,186.00,yes
2026-10-05T05:14:13.062964Z,KXBTC15M-26OCT050115-15,0.2200,3.50,yes
2026-10-05T05:14:13.062964Z,KXBTC15M-26OCT050115-15,0.2200,6.00,yes
2026-10-05T05:14:13.062964Z,KXBTC15M-26OCT050115-15,0.2200,681.88,yes
2026-10-05T05:14:13.062964Z,KXBTC15M-26OCT050115-15,0.2200,0.01,yes
2026-10-05T05:14:13.062964Z,KXBTC15M-26OCT050115-15,0.2200,256.41,yes
2026-10-05T05:14:13.062964Z,KXBTC15M-26OCT050115-15,0.2200,1.00,yes
2026-10-05T05:14:13.072211Z,KXBTC15M-26OCT050115-15,0.2200,150.00,no
2026-10-05T05:14:13.072211Z,KXBTC15M-26OCT050115-15,0.2200,25.00,no
2026-10-05T05:14:13.075602Z,KXBTC15M-26OCT050115-15,0.2200,10.00,no
2026-10-05T05:14:13.077937Z,KXBTC15M-26OCT050115-15,0.2200,34.92,no
2026-10-05T05:14:13.080053Z,KXBTC15M-26OCT050115-15,0.2200,150.00,no
2026-10-05T05:14:13.080053Z,KXBTC15M-26OCT050115-15,0.2200,19.92,no
2026-10-05T05:14:13.080053Z,KXBTC15M-26OCT050115-15,0.2200,150.00,no
2026-10-05T05:14:13.080053Z,KXBTC15M-26OCT050115-15,0.2200,80.08,no
2026-10-05T05:14:13.083922Z,KXBTC15M-26OCT050115-15,0.2300,14.47,yes
2026-10-05T05:14:13.088673Z,KXBTC15M-26OCT050115-15,0.2300,308.93,yes
2026-10-05T05:14:13.088673Z,KXBTC15M-26OCT050115-15,0.2300,188.73,yes
2026-10-05T05:14:13.088673Z,KXBTC15M-26OCT050115-15,0.2300,1.00,yes
2026-10-05T05:14:13.091449Z,KXBTC15M-26OCT050115-15,0.2300,5.00,yes
2026-10-05T05:14:13.091449Z,KXBTC15M-26OCT050115-15,0.2300,186.00,yes
2026-10-05T05:14:13.091449Z,KXBTC15M-26OCT050115-15,0.2300,10.00,yes
2026-10-05T05:14:13.091449Z,KXBTC15M-26OCT050115-15,0.2400,1.00,yes
2026-10-05T05:14:13.091449Z,KXBTC15M-26OCT050115-15,0.2700,21.00,yes
2026-10-05T05:14:13.091449Z,KXBTC15M-26OCT050115-15,0.2300,0.01,yes
2026-10-05T05:14:13.091449Z,KXBTC15M-26OCT050115-15,0.2300,738.07,yes
2026-10-05T05:14:13.091449Z,KXBTC15M-26OCT050115-15,0.2300,0.01,yes
2026-10-05T05:14:13.091449Z,KXBTC15M-26OCT050115-15,0.2700,50.00,yes
2026-10-05T05:14:13.091449Z,KXBTC15M-26OCT050115-15,0.2800,1.05,yes
2026-10-05T05:14:13.091449Z,KXBTC15M-26OCT050115-15,0.2600,5.00,yes
2026-10-05T05:14:13.091449Z,KXBTC15M-26OCT050115-15,0.2600,50.00,yes
2026-10-05T05:14:13.091449Z,KXBTC15M-26OCT050115-15,0.2400,890.89,yes
2026-10-05T05:14:13.091449Z,KXBTC15M-26OCT050115-15,0.2400,0.34,yes
2026-10-05T05:14:13.091449Z,KXBTC15M-26OCT050115-15,0.2400,5.00,yes
2026-10-05T05:14:13.091449Z,KXBTC15M-26OCT050115-15,0.2700,48.57,yes
2026-10-05T05:14:13.091449Z,KXBTC15M-26OCT050115-15,0.2500,50.00,yes
2026-10-05T05:14:13.091449Z,KXBTC15M-26OCT050115-15,0.2800,1.10,yes
2026-10-05T05:14:13.091449Z,KXBTC15M-26OCT050115-15,0.2800,50.00,yes
2026-10-05T05:14:13.091449Z,KXBTC15M-26OCT050115-15,0.2800,0.01,yes
2026-10-05T05:14:13.091449Z,KXBTC15M-26OCT050115-15,0.2400,50.00,yes
2026-10-05T05:14:13.091449Z,KXBTC15M-26OCT050115-15,0.2500,1047.00,yes
2026-10-05T05:14:13.091449Z,KXBTC15M-26OCT050115-15,0.2500,5.00,yes
2026-10-05T05:14:13.091449Z,KXBTC15M-26OCT050115-15,0.2500,10.00,yes
2026-10-05T05:14:13.091449Z,KXBTC15M-26OCT050115-15,0.2800,1047.00,yes
2026-10-05T05:14:13.091449Z,KXBTC15M-26OCT050115-15,0.2700,266.05,yes
2026-10-05T05:14:13.091449Z,KXBTC15M-26OCT050115-15,0.2600,1047.00,yes
2026-10-05T05:14:13.091449Z,KXBTC15M-26OCT050115-15,0.2600,30.00,yes
2026-10-05T05:14:13.091449Z,KXBTC15M-26OCT050115-15,0.2600,308.49,yes
2026-10-05T05:14:13.094795Z,KXBTC15M-26OCT050115-15,0.2200,54.00,no
2026-10-05T05:14:13.100924Z,KXBTC15M-26OCT050115-15,0.2400,168.23,yes
2026-10-05T05:14:13.100924Z,KXBTC15M-26OCT050115-15,0.2400,5.00,yes
2026-10-05T05:14:13.103168Z,KXBTC15M-26OCT050115-15,0.2300,99.00,no
2026-10-05T05:14:13.106385Z,KXBTC15M-26OCT050115-15,0.2300,0.01,no
2026-10-05T05:14:13.109315Z,KXBTC15M-26OCT050115-15,0.2400,27.24,yes
2026-10-05T05:14:13.1109Z,KXBTC15M-26OCT050115-15,0.2300,2.00,no
2026-10-05T05:14:13.118401Z,KXBTC15M-26OCT050115-15,0.2300,25.88,no
2026-10-05T05:14:13.126626Z,KXBTC15M-26OCT050115-15,0.2300,310.00,no
2026-10-05T05:14:13.138097Z,KXBTC15M-26OCT050115-15,0.2400,9.31,yes
2026-10-05T05:14:13.139776Z,KXBTC15M-26OCT050115-15,0.2300,54.00,no
2026-10-05T05:14:13.139832Z,KXBTC15M-26OCT050115-15,0.2400,347.14,yes
2026-10-05T05:14:13.146764Z,KXBTC15M-26OCT050115-15,0.2400,52.72,yes
2026-10-05T05:14:13.148689Z,KXBTC15M-26OCT050115-15,0.2300,1.00,no
2026-10-05T05:14:13.152345Z,KXBTC15M-26OCT050115-15,0.2400,1.02,yes
2026-10-05T05:14:13.15379Z,KXBTC15M-26OCT050115-15,0.2300,3.69,no
2026-10-05T05:14:13.155094Z,KXBTC15M-26OCT050115-15,0.2300,18.71,no
2026-10-05T05:14:13.161466Z,KXBTC15M-26OCT050115-15,0.2400,150.21,yes
2026-10-05T05:14:13.168333Z,KXBTC15M-26OCT050115-15,0.2400,57.89,yes
2026-10-05T05:14:13.178496Z,KXBTC15M-26OCT050115-15,0.2400,0.59,yes
2026-10-05T05:14:13.189168Z,KXBTC15M-26OCT050115-15,0.2400,10.00,yes
2026-10-05T05:14:13.199944Z,KXBTC15M-26OCT050115-15,0.2400,154.72,yes
2026-10-05T05:14:13.229897Z,KXBTC15M-26OCT050115-15,0.2400,228.27,yes
2026-10-05T05:14:13.23697Z,KXBTC15M-26OCT050115-15,0.2200,1047.00,no
2026-10-05T05:14:13.23697Z,KXBTC15M-26OCT050115-15,0.2300,2626.71,no
2026-10-05T05:14:13.23697Z,KXBTC15M-26OCT050115-15,0.2300,0.01,no
2026-10-05T05:14:13.23697Z,KXBTC15M-26OCT050115-15,0.2300,0.01,no
2026-10-05T05:14:13.23697Z,KXBTC15M-26OCT050115-15,0.2300,232.00,no
2026-10-05T05:14:13.23697Z,KXBTC15M-26OCT050115-15,0.2100,11.42,no
2026-10-05T05:14:13.240742Z,KXBTC15M-26OCT050115-15,0.2400,21.92,yes
2026-10-05T05:14:13.241486Z,KXBTC15M-26OCT050115-15,0.2400,31.91,yes
2026-10-05T05:14:13.255643Z,KXBTC15M-26OCT050115-15,0.2300,8.25,yes
2026-10-05T05:14:13.262631Z,KXBTC15M-26OCT050115-15,0.2300,1.93,yes
2026-10-05T05:14:13.267153Z,KXBTC15M-26OCT050115-15,0.2300,68.58,yes
2026-10-05T05:14:13.272969Z,KXBTC15M-26OCT050115-15,0.2300,57.64,yes
2026-10-05T05:14:13.277615Z,KXBTC15M-26OCT050115-15,0.2300,30.46,yes
2026-10-05T05:14:13.28468Z,KXBTC15M-26OCT050115-15,0.2200,0.01,no
2026-10-05T05:14:13.28468Z,KXBTC15M-26OCT050115-15,0.2200,0.01,no
2026-10-05T05:14:13.28468Z,KXBTC15M-26OCT050115-15,0.2100,26.74,no
2026-10-05T05:14:13.286688Z,KXBTC15M-26OCT050115-15,0.2300,92.11,yes
2026-10-05T05:14:13.292197Z,KXBTC15M-26OCT050115-15,0.2200,2.34,yes
2026-10-05T05:14:13.30678Z,KXBTC15M-26OCT050115-15,0.2100,240.00,no
2026-10-05T05:14:13.326947Z,KXBTC15M-26OCT050115-15,0.2100,11.26,no
2026-10-05T05:14:13.343701Z,KXBTC15M-26OCT050115-15,0.2100,384.77,no
2026-10-05T05:14:13.348032Z,KXBTC15M-26OCT050115-15,0.2200,12.89,yes
2026-10-05T05:14:13.348032Z,KXBTC15M-26OCT050115-15,0.2200,6.00,yes
2026-10-05T05:14:13.348032Z,KXBTC15M-26OCT050115-15,0.2200,0.01,yes
2026-10-05T05:14:13.348032Z,KXBTC15M-26OCT050115-15,0.2200,0.01,yes
2026-10-05T05:14:13.348032Z,KXBTC15M-26OCT050115-15,0.2200,5.08,yes
2026-10-05T05:14:13.352284Z,KXBTC15M-26OCT050115-15,0.2200,31.27,yes
2026-10-05T05:14:13.35331Z,KXBTC15M-26OCT050115-15,0.2200,14.47,yes
2026-10-05T05:14:13.365075Z,KXBTC15M-26OCT050115-15,0.2200,24.59,yes
2026-10-05T05:14:13.37164Z,KXBTC15M-26OCT050115-15,0.2200,1.21,yes
2026-10-05T05:14:13.377132Z,KXBTC15M-26OCT050115-15,0.2200,15.71,yes
2026-10-05T05:14:13.386361Z,KXBTC15M-26OCT050115-15,0.2100,2.00,no
2026-10-05T05:14:13.390462Z,KXBTC15M-26OCT050115-15,0.2200,10.05,yes
2026-10-05T05:14:13.407124Z,KXBTC15M-26OCT050115-15,0.2200,21.64,yes
2026-10-05T05:14:13.407351Z,KXBTC15M-26OCT050115-15,0.2200,392.34,yes
2026-10-05T05:14:13.407351Z,KXBTC15M-26OCT050115-15,0.2200,68.17,yes
2026-10-05T05:14:13.407351Z,KXBTC15M-26OCT050115-15,0.2200,186.00,yes
2026-10-05T05:14:13.410811Z,KXBTC15M-26OCT050115-15,0.2100,220.67,no
2026-10-05T05:14:13.418285Z,KXBTC15M-26OCT050115-15,0.2200,14.47,yes
2026-10-05T05:14:13.425634Z,KXBTC15M-26OCT050115-15,0.2200,16.47,yes
2026-10-05T05:14:13.428686Z,KXBTC15M-26OCT050115-15,0.2200,27.82,yes
2026-10-05T05:14:13.430359Z,KXBTC15M-26OCT050115-15,0.2200,38.30,yes
2026-10-05T05:14:13.43674Z,KXBTC15M-26OCT050115-15,0.2200,215.50,yes
2026-10-05T05:14:13.447971Z,KXBTC15M-26OCT050115-15,0.2200,86.20,yes
2026-10-05T05:14:13.45329Z,KXBTC15M-26OCT050115-15,0.2200,49.38,yes
2026-10-05T05:14:13.455527Z,KXBTC15M-26OCT050115-15,0.2200,37.34,yes
2026-10-05T05:14:13.461455Z,KXBTC15M-26OCT050115-15,0.2200,3.00,yes
2026-10-05T05:14:13.468762Z,KXBTC15M-26OCT050115-15,0.2200,2.73,yes
2026-10-05T05:14:13.486038Z,KXBTC15M-26OCT050115-15,0.2100,12.62,no
2026-10-05T05:14:13.489139Z,KXBTC15M-26OCT050115-15,0.2100,12.34,no
2026-10-05T05:14:13.493155Z,KXBTC15M-26OCT050115-15,0.2200,64.82,yes
2026-10-05T05:14:13.50718Z,KXBTC15M-26OCT050115-15,0.2200,30.26,yes
2026-10-05T05:14:13.515832Z,KXBTC15M-26OCT050115-15,0.2100,3.19,no
2026-10-05T05:14:13.51643Z,KXBTC15M-26OCT050115-15,0.2100,16.79,no
2026-10-05T05:14:13.51677Z,KXBTC15M-26OCT050115-15,0.2200,29.83,yes
2026-10-05T05:14:13.526248Z,KXBTC15M-26OCT050115-15,0.2200,98.52,yes
2026-10-05T05:14:13.529538Z,KXBTC15M-26OCT050115-15,0.2200,17.82,yes
2026-10-05T05:14:13.531788Z,KXBTC15M-26OCT050115-15,0.2100,52.58,no
2026-10-05T05:14:13.547171Z,KXBTC15M-26OCT050115-15,0.2100,6.72,no
2026-10-05T05:14:13.550048Z,KXBTC15M-26OCT050115-15,0.2200,14.62,yes
2026-10-05T05:14:13.552451Z,KXBTC15M-26OCT050115-15,0.2200,51.43,yes
2026-10-05T05:14:13.556953Z,KXBTC15M-26OCT050115-15,0.2200,118.68,yes
2026-10-05T05:14:13.568457Z,KXBTC15M-26OCT050115-15,0.2200,33.68,yes
2026-10-05T05:14:13.569663Z,KXBTC15M-26OCT050115-15,0.2200,73.99,yes
2026-10-05T05:14:13.572435Z,KXBTC15M-26OCT050115-15,0.2100,2.00,no
2026-10-05T05:14:13.576794Z,KXBTC15M-26OCT050115-15,0.2200,2.86,yes
2026-10-05T05:14:13.582792Z,KXBTC15M-26OCT050115-15,0.2200,0.25,yes
2026-10-05T05:14:13.583722Z,KXBTC15M-26OCT050115-15,0.2100,30.85,no
2026-10-05T05:14:13.59834Z,KXBTC15M-26OCT050115-15,0.2200,15.95,yes
2026-10-05T05:14:13.598416Z,KXBTC15M-26OCT050115-15,0.2200,600.00,yes
2026-10-05T05:14:13.599573Z,KXBTC15M-26OCT050115-15,0.2200,9.53,yes
2026-10-05T05:14:13.613262Z,KXBTC15M-26OCT050115-15,0.2200,0.01,yes
2026-10-05T05:14:13.613262Z,KXBTC15M-26OCT050115-15,0.2200,1.00,yes
2026-10-05T05:14:13.613262Z,KXBTC15M-26OCT050115-15,0.2200,2.80,yes
2026-10-05T05:14:13.613262Z,KXBTC15M-26OCT050115-15,0.2200,0.01,yes
2026-10-05T05:14:13.613262Z,KXBTC15M-26OCT050115-15,0.2200,1.05,yes
2026-10-05T05:14:13.613262Z,KXBTC15M-26OCT050115-15,0.2300,305.29,yes
2026-10-05T05:14:13.613262Z,KXBTC15M-26OCT050115-15,0.2200,5.10,yes
2026-10-05T05:14:13.613262Z,KXBTC15M-26OCT050115-15,0.2200,10.00,yes
2026-10-05T05:14:13.613262Z,KXBTC15M-26OCT050115-15,0.2200,0.01,yes
2026-10-05T05:14:13.613262Z,KXBTC15M-26OCT050115-15,0.2200,186.00,yes
2026-10-05T05:14:13.613262Z,KXBTC15M-26OCT050115-15,0.2200,6.00,yes
2026-10-05T05:14:13.613262Z,KXBTC15M-26OCT050115-15,0.2200,1095.21,yes
2026-10-05T05:14:13.615507Z,KXBTC15M-26OCT050115-15,0.2300,14.78,yes
2026-10-05T05:14:13.6223Z,KXBTC15M-26OCT050115-15,0.2200,31.31,no
2026-10-05T05:14:13.622983Z,KXBTC15M-26OCT050115-15,0.2300,57.89,yes
2026-10-05T05:14:13.628483Z,KXBTC15M-26OCT050115-15,0.2200,0.01,no
2026-10-05T05:14:13.631272Z,KXBTC15M-26OCT050115-15,0.2200,0.87,no
2026-10-05T05:14:13.631969Z,KXBTC15M-26OCT050115-15,0.2200,0.01,no
2026-10-05T05:14:13.637416Z,KXBTC15M-26OCT050115-15,0.2200,39.86,no
2026-10-05T05:14:13.642902Z,KXBTC15M-26OCT050115-15,0.2200,6.58,no
2026-10-05T05:14:13.645523Z,KXBTC15M-26OCT050115-15,0.2300,38.37,yes
2026-10-05T05:14:13.646621Z,KXBTC15M-26OCT050115-15,0.2300,77.65,yes
2026-10-05T05:14:13.667566Z,KXBTC15M-26OCT050115-15,0.2200,90.90,no
2026-10-05T05:14:13.667566Z,KXBTC15M-26OCT050115-15,0.2200,150.00,no
2026-10-05T05:14:13.667566Z,KXBTC15M-26OCT050115-15,0.2200,71.36,no
2026-10-05T05:14:13.66878Z,KXBTC15M-26OCT050115-15,0.2200,102.02,no
2026-10-05T05:14:13.66878Z,KXBTC15M-26OCT050115-15,0.2200,59.10,no
2026-10-05T05:14:13.677327Z,KXBTC15M-26OCT050115-15,0.2200,150.00,no
2026-10-05T05:14:13.677327Z,KXBTC15M-26OCT050115-15,0.2100,0.01,no
2026-10-05T05:14:13.677327Z,KXBTC15M-26OCT050115-15,0.2200,0.01,no
2026-10-05T05:14:13.677327Z,KXBTC15M-26OCT050115-15,0.2200,150.00,no
2026-10-05T05:14:13.677327Z,KXBTC15M-26OCT050115-15,0.2200,47.98,no
2026-10-05T05:14:13.677327Z,KXBTC15M-26OCT050115-15,0.2100,0.01,no
2026-10-05T05:14:13.677327Z,KXBTC15M-26OCT050115-15,0.2200,0.01,no
2026-10-05T05:14:13.677327Z,KXBTC15M-26OCT050115-15,0.2100,13.05,no
2026-10-05T05:14:13.677327Z,KXBTC15M-26OCT050115-15,0.2000,10.95,no
2026-10-05T05:14:13.677327Z,KXBTC15M-26OCT050115-15,0.2000,9.40,no
2026-10-05T05:14:13.677327Z,KXBTC15M-26OCT050115-15,0.2000,5.79,no
2026-10-05T05:14:13.677327Z,KXBTC15M-26OCT050115-15,0.2000,1.00,no
2026-10-05T05:14:13.679355Z,KXBTC15M-26OCT050115-15,0.2300,19.13,yes
2026-10-05T05:14:13.689826Z,KXBTC15M-26OCT050115-15,0.2300,44.34,yes
2026-10-05T05:14:13.689826Z,KXBTC15M-26OCT050115-15,0.2200,10.00,yes
2026-10-05T05:14:13.692885Z,KXBTC15M-26OCT050115-15,0.2300,10.00,yes
2026-10-05T05:14:13.702931Z,KXBTC15M-26OCT050115-15,0.2100,1.24,no
2026-10-05T05:14:13.706486Z,KXBTC15M-26OCT050115-15,0.2200,7.45,yes
2026-10-05T05:14:13.724947Z,KXBTC15M-26OCT050115-15,0.2200,24.59,yes
2026-10-05T05:14:13.728568Z,KXBTC15M-26OCT050115-15,0.2200,204.00,yes
2026-10-05T05:14:13.728568Z,KXBTC15M-26OCT050115-15,0.2200,7.45,yes
2026-10-05T05:14:13.728568Z,KXBTC15M-26OCT050115-15,0.2200,4.20,yes
2026-10-05T05:14:13.728568Z,KXBTC15M-26OCT050115-15,0.2200,153.96,yes
2026-10-05T05:14:13.728568Z,KXBTC15M-26OCT050115-15,0.2300,105.89,yes
2026-10-05T05:14:13.730943Z,KXBTC15M-26OCT050115-15,0.2200,0.01,yes
2026-10-05T05:14:13.730943Z,KXBTC15M-26OCT050115-15,0.2200,3.15,yes
2026-10-05T05:14:13.730943Z,KXBTC15M-26OCT050115-15,0.2200,0.01,yes
2026-10-05T05:14:13.73251Z,KXBTC15M-26OCT050115-15,0.2200,21.44,yes
2026-10-05T05:14:13.73251Z,KXBTC15M-26OCT050115-15,0.2300,203.81,yes
2026-10-05T05:14:13.753988Z,KXBTC15M-26OCT050115-15,0.2200,5.38,yes
2026-10-05T05:14:13.766024Z,KXBTC15M-26OCT050115-15,0.2200,8.62,yes
2026-10-05T05:14:13.796888Z,KXBTC15M-26OCT050115-15,0.2200,6.03,yes
2026-10-05T05:14:13.802041Z,KXBTC15M-26OCT050115-15,0.2200,126.10,yes
2026-10-05T05:14:13.803068Z,KXBTC15M-26OCT050115-15,0.2200,14.23,yes
2026-10-05T05:14:13.81501Z,KXBTC15M-26OCT050115-15,0.2100,14.96,no
2026-10-05T05:14:13.819734Z,KXBTC15M-26OCT050115-15,0.2100,1021.40,no
2026-10-05T05:14:13.819835Z,KXBTC15M-26OCT050115-15,0.2200,3.35,yes
2026-10-05T05:14:13.819835Z,KXBTC15M-26OCT050115-15,0.2200,8.62,yes
2026-10-05T05:14:13.819835Z,KXBTC15M-26OCT050115-15,0.2200,1.05,yes
2026-10-05T05:14:13.819835Z,KXBTC15M-26OCT050115-15,0.2200,0.01,yes
2026-10-05T05:14:13.819835Z,KXBTC15M-26OCT050115-15,0.2200,5.38,yes
2026-10-05T05:14:13.819835Z,KXBTC15M-26OCT050115-15,0.2200,1.05,yes
2026-10-05T05:14:13.819835Z,KXBTC15M-26OCT050115-15,0.2200,24.59,yes
2026-10-05T05:14:13.819835Z,KXBTC15M-26OCT050115-15,0.2200,0.01,yes
2026-10-05T05:14:13.830001Z,KXBTC15M-26OCT050115-15,0.2100,2.52,no
2026-10-05T05:14:13.833756Z,KXBTC15M-26OCT050115-15,0.2200,16.28,yes
2026-10-05T05:14:13.833756Z,KXBTC15M-26OCT050115-15,0.2200,2.68,yes
2026-10-05T05:14:13.836114Z,KXBTC15M-26OCT050115-15,0.2200,15.59,yes
2026-10-05T05:14:13.836143Z,KXBTC15M-26OCT050115-15,0.2200,10.93,yes
2026-10-05T05:14:13.841004Z,KXBTC15M-26OCT050115-15,0.2200,14.23,yes
2026-10-05T05:14:13.841004Z,KXBTC15M-26OCT050115-15,0.2200,2.47,yes
2026-10-05T05:14:13.841004Z,KXBTC15M-26OCT050115-15,0.2200,83.30,yes
2026-10-05T05:14:13.841329Z,KXBTC15M-26OCT050115-15,0.2200,24.12,yes
2026-10-05T05:14:13.841823Z,KXBTC15M-26OCT050115-15,0.2200,15.13,yes
2026-10-05T05:14:13.842191Z,KXBTC15M-26OCT050115-15,0.2100,12.47,no
2026-10-05T05:14:13.847619Z,KXBTC15M-26OCT050115-15,0.2200,5.17,yes
2026-10-05T05:14:13.849718Z,KXBTC15M-26OCT050115-15,0.2200,75.66,yes
2026-10-05T05:14:13.854718Z,KXBTC15M-26OCT050115-15,0.2200,47.85,yes
2026-10-05T05:14:13.865382Z,KXBTC15M-26OCT050115-15,0.2100,50.26,no
2026-10-05T05:14:13.869236Z,KXBTC15M-26OCT050115-15,0.2200,4.00,yes
2026-10-05T05:14:13.872756Z,KXBTC15M-26OCT050115-15,0.2100,6.23,no
2026-10-05T05:14:13.937933Z,KXBTC15M-26OCT050115-15,0.2200,25.00,yes
2026-10-05T05:14:13.943968Z,KXBTC15M-26OCT050115-15,0.2200,496.24,yes
2026-10-05T05:14:13.949809Z,KXBTC15M-26OCT050115-15,0.2200,153.08,yes
2026-10-05T05:14:13.950919Z,KXBTC15M-26OCT050115-15,0.2200,24.25,yes
2026-10-05T05:14:13.950962Z,KXBTC15M-26OCT050115-15,0.2200,102.57,yes
2026-10-05T05:14:13.951042Z,KXBTC15M-26OCT050115-15,0.2100,4.89,no
2026-10-05T05:14:13.954043Z,KXBTC15M-26OCT050115-15,0.2200,72.36,yes
2026-10-05T05:14:13.963156Z,KXBTC15M-26OCT050115-15,0.2100,25.05,no
2026-10-05T05:14:13.967122Z,KXBTC15M-26OCT050115-15,0.2200,14.91,yes
2026-10-05T05:14:13.967567Z,KXBTC15M-26OCT050115-15,0.2200,154.72,yes
2026-10-05T05:14:13.972727Z,KXBTC15M-26OCT050115-15,0.2200,1.09,yes
2026-10-05T05:14:13.976619Z,KXBTC15M-26OCT050115-15,0.2200,90.13,yes
2026-10-05T05:14:13.981634Z,KXBTC15M-26OCT050115-15,0.2200,9.06,yes
2026-10-05T05:14:13.982611Z,KXBTC15M-26OCT050115-15,0.2100,100.00,no
2026-10-05T05:14:13.987051Z,KXBTC15M-26OCT050115-15,0.2100,88.61,no
2026-10-05T05:14:13.996111Z,KXBTC15M-26OCT050115-15,0.2200,140.56,yes
2026-10-05T05:14:13.999494Z,KXBTC15M-26OCT050115-15,0.2200,28.60,yes
2026-10-05T05:14:14.001747Z,KXBTC15M-26OCT050115-15,0.2200,81.57,yes
2026-10-05T05:14:14.005571Z,KXBTC15M-26OCT050115-15,0.2200,39.40,yes
2026-10-05T05:14:14.006903Z,KXBTC15M-26OCT050115-15,0.2200,21.40,yes
2026-10-05T05:14:14.010628Z,KXBTC15M-26OCT050115-15,0.2200,343.53,yes
2026-10-05T05:14:14.019819Z,KXBTC15M-26OCT050115-15,0.2200,2.87,yes
2026-10-05T05:14:14.019819Z,KXBTC15M-26OCT050115-15,0.2200,0.01,yes
2026-10-05T05:14:14.019819Z,KXBTC15M-26OCT050115-15,0.2200,0.01,yes
2026-10-05T05:14:14.026172Z,KXBTC15M-26OCT050115-15,0.2200,11.65,yes
2026-10-05T05:14:14.036983Z,KXBTC15M-26OCT050115-15,0.2100,12.47,no
2026-10-05T05:14:14.039437Z,KXBTC15M-26OCT050115-15,0.2100,1.21,no
2026-10-05T05:14:14.044293Z,KXBTC15M-26OCT050115-15,0.2200,7.84,yes
2026-10-05T05:14:14.051299Z,KXBTC15M-26OCT050115-15,0.2200,13.29,yes
2026-10-05T05:14:14.053391Z,KXBTC15M-26OCT050115-15,0.2100,1.00,no
2026-10-05T05:14:14.055054Z,KXBTC15M-26OCT050115-15,0.2100,31.18,no
2026-10-05T05:14:14.060499Z,KXBTC15M-26OCT050115-15,0.2100,12.00,no
2026-10-05T05:14:14.065997Z,KXBTC15M-26OCT050115-15,0.2200,2.00,yes
2026-10-05T05:14:14.075339Z,KXBTC15M-26OCT050115-15,0.2100,7.46,no
2026-10-05T05:14:14.076385Z,KXBTC15M-26OCT050115-15,0.2200,2.75,yes
2026-10-05T05:14:14.079442Z,KXBTC15M-26OCT050115-15,0.2200,1.28,yes
2026-10-05T05:14:14.079442Z,KXBTC15M-26OCT050115-15,0.2200,2.59,yes
2026-10-05T05:14:14.082232Z,KXBTC15M-26OCT050115-15,0.2200,42.80,yes
2026-10-05T05:14:14.082232Z,KXBTC15M-26OCT050115-15,0.2200,1.40,yes
2026-10-05T05:14:14.082232Z,KXBTC15M-26OCT050115-15,0.2200,8.16,yes
2026-10-05T05:14:14.084789Z,KXBTC15M-26OCT050115-15,0.2200,12.97,yes
2026-10-05T05:14:14.095055Z,KXBTC15M-26OCT050115-15,0.2100,400.00,no
2026-10-05T05:14:14.100681Z,KXBTC15M-26OCT050115-15,0.2200,0.01,yes
2026-10-05T05:14:14.100681Z,KXBTC15M-26OCT050115-15,0.2200,0.01,yes
2026-10-05T05:14:14.100681Z,KXBTC15M-26OCT050115-15,0.2200,21.32,yes
2026-10-05T05:14:14.100681Z,KXBTC15M-26OCT050115-15,0.2200,1.04,yes
2026-10-05T05:14:14.100681Z,KXBTC15M-26OCT050115-15,0.2200,4.20,yes
2026-10-05T05:14:14.109886Z,KXBTC15M-26OCT050115-15,0.2200,41.76,yes
2026-10-05T05:14:14.113087Z,KXBTC15M-26OCT050115-15,0.2200,64.63,yes
2026-10-05T05:14:14.114013Z,KXBTC15M-26OCT050115-15,0.2200,9.00,yes
2026-10-05T05:14:14.114013Z,KXBTC15M-26OCT050115-15,0.2200,0.01,yes
2026-10-05T05:14:14.114013Z,KXBTC15M-26OCT050115-15,0.2200,1.00,yes
2026-10-05T05:14:14.114013Z,KXBTC15M-26OCT050115-15,0.2200,0.01,yes
2026-10-05T05:14:14.114013Z,KXBTC15M-26OCT050115-15,0.2200,16.29,yes
2026-10-05T05:14:14.114013Z,KXBTC15M-26OCT050115-15,0.2200,3.00,yes
2026-10-05T05:14:14.114013Z,KXBTC15M-26OCT050115-15,0.2300,169.85,yes
2026-10-05T05:14:14.114013Z,KXBTC15M-26OCT050115-15,0.2300,175.44,yes
2026-10-05T05:14:14.126321Z,KXBTC15M-26OCT050115-15,0.2200,0.01,yes
2026-10-05T05:14:14.126321Z,KXBTC15M-26OCT050115-15,0.2200,0.01,yes
2026-10-05T05:14:14.126321Z,KXBTC15M-26OCT050115-15,0.2200,54.00,yes
2026-10-05T05:14:14.128454Z,KXBTC15M-26OCT050115-15,0.2200,17.36,yes
2026-10-05T05:14:14.133463Z,KXBTC15M-26OCT050115-15,0.2200,5.52,yes
2026-10-05T05:14:14.146864Z,KXBTC15M-26OCT050115-15,0.2200,3.70,yes
2026-10-05T05:14:14.150648Z,KXBTC15M-26OCT050115-15,0.2200,20.04,yes
2026-10-05T05:14:14.15208Z,KXBTC15M-26OCT050115-15,0.2200,4.17,yes
2026-10-05T05:14:14.15249Z,KXBTC15M-26OCT050115-15,0.2200,54.63,yes
2026-10-05T05:14:14.154524Z,KXBTC15M-26OCT050115-15,0.2200,44.58,yes
2026-10-05T05:14:14.154524Z,KXBTC15M-26OCT050115-15,0.2200,1.20,yes
2026-10-05T05:14:14.154524Z,KXBTC15M-26OCT050115-15,0.2200,0.01,yes
2026-10-05T05:14:14.154524Z,KXBTC15M-26OCT050115-15,0.2200,0.01,yes
2026-10-05T05:14:14.154524Z,KXBTC15M-26OCT050115-15,0.2200,75.20,yes
2026-10-05T05:14:14.154524Z,KXBTC15M-26OCT050115-15,0.2200,1.04,yes
2026-10-05T05:14:14.154524Z,KXBTC15M-26OCT050115-15,0.2200,6.00,yes
2026-10-05T05:14:14.154524Z,KXBTC15M-26OCT050115-15,0.2200,10.00,yes
2026-10-05T05:14:14.154729Z,KXBTC15M-26OCT050115-15,0.2200,30.07,yes
2026-10-05T05:14:14.16184Z,KXBTC15M-26OCT050115-15,0.2200,13.66,yes
2026-10-05T05:14:14.167432Z,KXBTC15M-26OCT050115-15,0.2200,29.91,yes
2026-10-05T05:14:14.170553Z,KXBTC15M-26OCT050115-15,0.2200,37.15,yes
2026-10-05T05:14:14.175237Z,KXBTC15M-26OCT050115-15,0.2200,11.37,yes
2026-10-05T05:14:14.175237Z,KXBTC15M-26OCT050115-15,0.2200,0.01,yes
2026-10-05T05:14:14.175237Z,KXBTC15M-26OCT050115-15,0.2200,0.01,yes
2026-10-05T05:14:14.175237Z,KXBTC15M-26OCT050115-15,0.2200,0.01,yes
2026-10-05T05:14:14.177342Z,KXBTC15M-26OCT050115-15,0.2200,3.17,yes
2026-10-05T05:14:14.180557Z,KXBTC15M-26OCT050115-15,0.2200,13.07,yes
2026-10-05T05:14:14.186838Z,KXBTC15M-26OCT050115-15,0.2200,0.50,yes
2026-10-05T05:14:14.188512Z,KXBTC15M-26OCT050115-15,0.2200,11.57,yes
2026-10-05T05:14:14.198455Z,KXBTC15M-26OCT050115-15,0.2200,9.00,yes
2026-10-05T05:14:14.198455Z,KXBTC15M-26OCT050115-15,0.2200,67.06,yes
2026-10-05T05:14:14.198455Z,KXBTC15M-26OCT050115-15,0.2200,14.55,yes
2026-10-05T05:14:14.198455Z,KXBTC15M-26OCT050115-15,0.2200,13.66,yes
2026-10-05T05:14:14.198455Z,KXBTC15M-26OCT050115-15,0.2200,13.07,yes
2026-10-05T05:14:14.198455Z,KXBTC15M-26OCT050115-15,0.2200,10.00,yes
2026-10-05T05:14:14.198455Z,KXBTC15M-26OCT050115-15,0.2200,35.52,yes
2026-10-05T05:14:14.198455Z,KXBTC15M-26OCT050115-15,0.2200,6.00,yes
2026-10-05T05:14:14.198455Z,KXBTC15M-26OCT050115-15,0.2200,144.00,yes
2026-10-05T05:14:14.198455Z,KXBTC15M-26OCT050115-15,0.2200,0.01,yes
2026-10-05T05:14:14.198455Z,KXBTC15M-26OCT050115-15,0.2200,0.01,yes
2026-10-05T05:14:14.198455Z,KXBTC15M-26OCT050115-15,0.2200,12.07,yes
2026-10-05T05:14:14.198455Z,KXBTC15M-26OCT050115-15,0.2200,30.07,yes
2026-10-05T05:14:14.198455Z,KXBTC15M-26OCT050115-15,0.2300,50.76,yes
2026-10-05T05:14:14.204633Z,KXBTC15M-26OCT050115-15,0.2200,4.11,yes
2026-10-05T05:14:14.204633Z,KXBTC15M-26OCT050115-15,0.2200,35.52,yes
2026-10-05T05:14:14.204633Z,KXBTC15M-26OCT050115-15,0.2300,73.83,yes
2026-10-05T05:14:14.208332Z,KXBTC15M-26OCT050115-15,0.2200,0.01,yes
2026-10-05T05:14:14.208332Z,KXBTC15M-26OCT050115-15,0.2200,109.32,yes
2026-10-05T05:14:14.208332Z,KXBTC15M-26OCT050115-15,0.2200,6.00,yes
2026-10-05T05:14:14.213692Z,KXBTC15M-26OCT050115-15,0.2200,35.52,yes
2026-10-05T05:14:14.213692Z,KXBTC15M-26OCT050115-15,0.2200,150.48,yes
2026-10-05T05:14:14.213692Z,KXBTC15M-26OCT050115-15,0.2200,0.01,yes
2026-10-05T05:14:14.213692Z,KXBTC15M-26OCT050115-15,0.2200,94.68,yes
2026-10-05T05:14:14.213692Z,KXBTC15M-26OCT050115-15,0.2300,13.05,yes
2026-10-05T05:14:14.213692Z,KXBTC15M-26OCT050115-15,0.2300,25.41,yes
2026-10-05T05:14:14.218454Z,KXBTC15M-26OCT050115-15,0.2100,46.86,no
2026-10-05T05:14:14.230604Z,KXBTC15M-26OCT050115-15,0.2200,186.00,yes
2026-10-05T05:14:14.230604Z,KXBTC15M-26OCT050115-15,0.2200,0.01,yes
2026-10-05T05:14:14.230604Z,KXBTC15M-26OCT050115-15,0.2200,0.01,yes
2026-10-05T05:14:14.230604Z,KXBTC15M-26OCT050115-15,0.2200,1.04,yes
2026-10-05T05:14:14.230604Z,KXBTC15M-26OCT050115-15,0.2200,6.00,yes
2026-10-05T05:14:14.230604Z,KXBTC15M-26OCT050115-15,0.2300,50.79,yes
2026-10-05T05:14:14.230604Z,KXBTC15M-26OCT050115-15,0.2300,22.01,yes
2026-10-05T05:14:14.23745Z,KXBTC15M-26OCT050115-15,0.2200,6.00,yes
2026-10-05T05:14:14.23745Z,KXBTC15M-26OCT050115-15,0.2200,0.01,yes
2026-10-05T05:14:14.23745Z,KXBTC15M-26OCT050115-15,0.2300,23.86,yes
2026-10-05T05:14:14.240779Z,KXBTC15M-26OCT050115-15,0.2200,37.91,yes
2026-10-05T05:14:14.242708Z,KXBTC15M-26OCT050115-15,0.2100,6.57,no
2026-10-05T05:14:14.244707Z,KXBTC15M-26OCT050115-15,0.2200,10.00,yes
2026-10-05T05:14:14.244707Z,KXBTC15M-26OCT050115-15,0.2200,0.01,yes
2026-10-05T05:14:14.244707Z,KXBTC15M-26OCT050115-15,0.2200,148.09,yes
2026-10-05T05:14:14.244707Z,KXBTC15M-26OCT050115-15,0.2200,6.00,yes
2026-10-05T05:14:14.244707Z,KXBTC15M-26OCT050115-15,0.2300,73.05,yes
2026-10-05T05:14:14.244707Z,KXBTC15M-26OCT050115-15,0.2300,57.35,yes
2026-10-05T05:14:14.254562Z,KXBTC15M-26OCT050115-15,0.2200,2.15,yes
2026-10-05T05:14:14.255134Z,KXBTC15M-26OCT050115-15,0.2200,0.10,yes
2026-10-05T05:14:14.255604Z,KXBTC15M-26OCT050115-15,0.2200,5.73,yes
2026-10-05T05:14:14.255604Z,KXBTC15M-26OCT050115-15,0.2200,0.01,yes
2026-10-05T05:14:14.255604Z,KXBTC15M-26OCT050115-15,0.2200,0.01,yes
2026-10-05T05:14:14.255604Z,KXBTC15M-26OCT050115-15,0.2200,35.66,yes
2026-10-05T05:14:14.255733Z,KXBTC15M-26OCT050115-15,0.2100,6.23,no
2026-10-05T05:14:14.263906Z,KXBTC15M-26OCT050115-15,0.2200,2.46,yes
2026-10-05T05:14:14.263906Z,KXBTC15M-26OCT050115-15,0.2200,0.27,yes
2026-10-05T05:14:14.268582Z,KXBTC15M-26OCT050115-15,0.2200,17.61,yes
2026-10-05T05:14:14.269324Z,KXBTC15M-26OCT050115-15,0.2200,56.37,yes
2026-10-05T05:14:14.270994Z,KXBTC15M-26OCT050115-15,0.2100,101.25,no
2026-10-05T05:14:14.271818Z,KXBTC15M-26OCT050115-15,0.2200,35.76,yes
2026-10-05T05:14:14.271818Z,KXBTC15M-26OCT050115-15,0.2200,0.01,yes
2026-10-05T05:14:14.271818Z,KXBTC15M-26OCT050115-15,0.2200,71.65,yes
2026-10-05T05:14:14.271818Z,KXBTC15M-26OCT050115-15,0.2200,0.01,yes
2026-10-05T05:14:14.271818Z,KXBTC15M-26OCT050115-15,0.2200,5.73,yes
2026-10-05T05:14:14.271818Z,KXBTC15M-26OCT050115-15,0.2200,2.15,yes
2026-10-05T05:14:14.271818Z,KXBTC15M-26OCT050115-15,0.2300,70.13,yes
2026-10-05T05:14:14.273134Z,KXBTC15M-26OCT050115-15,0.2100,9.50,no
2026-10-05T05:14:14.276646Z,KXBTC15M-26OCT050115-15,0.2200,2.46,yes
2026-10-05T05:14:14.276646Z,KXBTC15M-26OCT050115-15,0.2200,0.27,yes
2026-10-05T05:14:14.276646Z,KXBTC15M-26OCT050115-15,0.2300,9.20,yes
2026-10-05T05:14:14.281598Z,KXBTC15M-26OCT050115-15,0.2200,0.01,yes
2026-10-05T05:14:14.281598Z,KXBTC15M-26OCT050115-15,0.2200,6.00,yes
2026-10-05T05:14:14.281598Z,KXBTC15M-26OCT050115-15,0.2200,0.01,yes
2026-10-05T05:14:14.281598Z,KXBTC15M-26OCT050115-15,0.2200,23.81,yes
2026-10-05T05:14:14.290379Z,KXBTC15M-26OCT050115-15,0.2100,1.24,no
2026-10-05T05:14:14.291876Z,KXBTC15M-26OCT050115-15,0.2200,9.13,yes
2026-10-05T05:14:14.298472Z,KXBTC15M-26OCT050115-15,0.2200,135.17,yes
2026-10-05T05:14:14.301384Z,KXBTC15M-26OCT050115-15,0.2200,2.69,yes
2026-10-05T05:14:14.314883Z,KXBTC15M-26OCT050115-15,0.2200,2.81,yes
2026-10-05T05:14:14.318721Z,KXBTC15M-26OCT050115-15,0.2100,2.87,no
2026-10-05T05:14:14.32211Z,KXBTC15M-26OCT050115-15,0.2200,6.41,yes
2026-10-05T05:14:14.323495Z,KXBTC15M-26OCT050115-15,0.2100,110.33,no
2026-10-05T05:14:14.32739Z,KXBTC15M-26OCT050115-15,0.2200,103.42,yes
2026-10-05T05:14:14.32739Z,KXBTC15M-26OCT050115-15,0.2200,3.52,yes
2026-10-05T05:14:14.327843Z,KXBTC15M-26OCT050115-15,0.2200,15.48,yes
2026-10-05T05:14:14.327843Z,KXBTC15M-26OCT050115-15,0.2200,10.00,yes
2026-10-05T05:14:14.327843Z,KXBTC15M-26OCT050115-15,0.2200,0.01,yes
2026-10-05T05:14:14.327843Z,KXBTC15M-26OCT050115-15,0.2200,100.58,yes
2026-10-05T05:14:14.327843Z,KXBTC15M-26OCT050115-15,0.2200,9.13,yes
2026-10-05T05:14:14.327843Z,KXBTC15M-26OCT050115-15,0.2200,2.46,yes
2026-10-05T05:14:14.327843Z,KXBTC15M-26OCT050115-15,0.2200,6.00,yes
2026-10-05T05:14:14.327843Z,KXBTC15M-26OCT050115-15,0.2200,0.01,yes
2026-10-05T05:14:14.327843Z,KXBTC15M-26OCT050115-15,0.2200,23.81,yes
2026-10-05T05:14:14.335394Z,KXBTC15M-26OCT050115-15,0.2200,5.24,yes
2026-10-05T05:14:14.339188Z,KXBTC15M-26OCT050115-15,0.2200,2.52,yes
2026-10-05T05:14:14.343714Z,KXBTC15M-26OCT050115-15,0.2200,9.85,yes
2026-10-05T05:14:14.348041Z,KXBTC15M-26OCT050115-15,0.2100,1.24,no
2026-10-05T05:14:14.349366Z,KXBTC15M-26OCT050115-15,0.2200,5.46,yes
2026-10-05T05:14:14.352845Z,KXBTC15M-26OCT050115-15,0.2200,31.31,yes
2026-10-05T05:14:14.358016Z,KXBTC15M-26OCT050115-15,0.2200,39.88,yes
2026-10-05T05:14:14.361722Z,KXBTC15M-26OCT050115-15,0.2100,7.06,no
2026-10-05T05:14:14.364346Z,KXBTC15M-26OCT050115-15,0.2100,63.00,no
2026-10-05T05:14:14.373463Z,KXBTC15M-26OCT050115-15,0.2200,4.64,yes
2026-10-05T05:14:14.387107Z,KXBTC15M-26OCT050115-15,0.2200,4.88,yes
2026-10-05T05:14:14.387107Z,KXBTC15M-26OCT050115-15,0.2200,1.33,yes
2026-10-05T05:14:14.387107Z,KXBTC15M-26OCT050115-15,0.2200,20.79,yes
2026-10-05T05:14:14.387107Z,KXBTC15M-26OCT050115-15,0.2200,2.69,yes
2026-10-05T05:14:14.389488Z,KXBTC15M-26OCT050115-15,0.2200,1.48,yes
2026-10-05T05:14:14.389488Z,KXBTC15M-26OCT050115-15,0.2200,0.31,yes
2026-10-05T05:14:14.391539Z,KXBTC15M-26OCT050115-15,0.2200,1.03,yes
2026-10-05T05:14:14.391539Z,KXBTC15M-26OCT050115-15,0.2200,6.10,yes
2026-10-05T05:14:14.391539Z,KXBTC15M-26OCT050115-15,0.2200,6.00,yes
2026-10-05T05:14:14.391539Z,KXBTC15M-26OCT050115-15,0.2200,7.99,yes
2026-10-05T05:14:14.391539Z,KXBTC15M-26OCT050115-15,0.2200,3.52,yes
2026-10-05T05:14:14.392453Z,KXBTC15M-26OCT050115-15,0.2100,17.26,no
2026-10-05T05:14:14.397852Z,KXBTC15M-26OCT050115-15,0.2200,1.73,yes
2026-10-05T05:14:14.397852Z,KXBTC15M-26OCT050115-15,0.2200,42.89,yes
2026-10-05T05:14:14.407968Z,KXBTC15M-26OCT050115-15,0.2100,7.97,no
2026-10-05T05:14:14.427841Z,KXBTC15M-26OCT050115-15,0.2100,177.13,no
2026-10-05T05:14:14.432998Z,KXBTC15M-26OCT050115-15,0.2200,0.01,yes
2026-10-05T05:14:14.432998Z,KXBTC15M-26OCT050115-15,0.2200,5.46,yes
2026-10-05T05:14:14.432998Z,KXBTC15M-26OCT050115-15,0.2200,10.00,yes
2026-10-05T05:14:14.432998Z,KXBTC15M-26OCT050115-15,0.2200,4.64,yes
2026-10-05T05:14:14.432998Z,KXBTC15M-26OCT050115-15,0.2200,24.36,yes
2026-10-05T05:14:14.432998Z,KXBTC15M-26OCT050115-15,0.2200,3.51,yes
2026-10-05T05:14:14.432998Z,KXBTC15M-26OCT050115-15,0.2200,12.37,yes
2026-10-05T05:14:14.432998Z,KXBTC15M-26OCT050115-15,0.2200,0.01,yes
2026-10-05T05:14:14.432998Z,KXBTC15M-26OCT050115-15,0.2200,31.31,yes
2026-10-05T05:14:14.432998Z,KXBTC15M-26OCT050115-15,0.2200,39.88,yes
2026-10-05T05:14:14.434298Z,KXBTC15M-26OCT050115-15,0.2200,6.00,yes
2026-10-05T05:14:14.434298Z,KXBTC15M-26OCT050115-15,0.2200,4.52,yes
2026-10-05T05:14:14.434298Z,KXBTC15M-26OCT050115-15,0.2200,3.50,yes
2026-10-05T05:14:14.434298Z,KXBTC15M-26OCT050115-15,0.2200,0.45,yes
2026-10-05T05:14:14.435268Z,KXBTC15M-26OCT050115-15,0.2200,8.68,yes
2026-10-05T05:14:14.443097Z,KXBTC15M-26OCT050115-15,0.2100,500.00,no
2026-10-05T05:14:14.449008Z,KXBTC15M-26OCT050115-15,0.2200,10.00,yes
2026-10-05T05:14:14.449008Z,KXBTC15M-26OCT050115-15,0.2200,44.62,yes
2026-10-05T05:14:14.449008Z,KXBTC15M-26OCT050115-15,0.2200,6.00,yes
2026-10-05T05:14:14.449008Z,KXBTC15M-26OCT050115-15,0.2200,4.90,yes
2026-10-05T05:14:14.449008Z,KXBTC15M-26OCT050115-15,0.2200,6.20,yes
2026-10-05T05:14:14.449008Z,KXBTC15M-26OCT050115-15,0.2200,121.53,yes
2026-10-05T05:14:14.449008Z,KXBTC15M-26OCT050115-15,0.2200,13.65,yes
2026-10-05T05:14:14.449008Z,KXBTC15M-26OCT050115-15,0.2300,3141.00,yes
2026-10-05T05:14:14.449008Z,KXBTC15M-26OCT050115-15,0.2200,6.00,yes
2026-10-05T05:14:14.449008Z,KXBTC15M-26OCT050115-15,0.2300,95.00,yes
2026-10-05T05:14:14.449008Z,KXBTC15M-26OCT050115-15,0.2300,203.80,yes
2026-10-05T05:14:14.449008Z,KXBTC15M-26OCT050115-15,0.2400,231.22,yes
2026-10-05T05:14:14.449008Z,KXBTC15M-26OCT050115-15,0.2400,993.17,yes
2026-10-05T05:14:14.453077Z,KXBTC15M-26OCT050115-15,0.2200,73.27,yes
2026-10-05T05:14:14.45436Z,KXBTC15M-26OCT050115-15,0.2200,9.85,yes
2026-10-05T05:14:14.455017Z,KXBTC15M-26OCT050115-15,0.2100,25.00,no
2026-10-05T05:14:14.459897Z,KXBTC15M-26OCT050115-15,0.2200,11.57,yes
2026-10-05T05:14:14.467629Z,KXBTC15M-26OCT050115-15,0.2000,87.90,no
2026-10-05T05:14:14.467629Z,KXBTC15M-26OCT050115-15,0.2000,0.49,no
2026-10-05T05:14:14.467629Z,KXBTC15M-26OCT050115-15,0.2000,43.00,no
2026-10-05T05:14:14.467629Z,KXBTC15M-26OCT050115-15,0.2000,32.95,no
2026-10-05T05:14:14.467629Z,KXBTC15M-26OCT050115-15,0.2000,4.93,no
2026-10-05T05:14:14.467629Z,KXBTC15M-26OCT050115-15,0.2000,47.85,no
2026-10-05T05:14:14.467629Z,KXBTC15M-26OCT050115-15,0.2100,6.00,no
2026-10-05T05:14:14.467629Z,KXBTC15M-26OCT050115-15,0.2100,1.00,no
2026-10-05T05:14:14.467629Z,KXBTC15M-26OCT050115-15,0.2100,264.54,no
2026-10-05T05:14:14.467629Z,KXBTC15M-26OCT050115-15,0.2000,102.41,no
2026-10-05T05:14:14.467629Z,KXBTC15M-26OCT050115-15,0.2100,0.01,no
2026-10-05T05:14:14.467629Z,KXBTC15M-26OCT050115-15,0.2100,0.01,no
2026-10-05T05:14:14.467629Z,KXBTC15M-26OCT050115-15,0.2000,6.48,no
2026-10-05T05:14:14.467629Z,KXBTC15M-26OCT050115-15,0.2000,1.22,no
2026-10-05T05:14:14.46828Z,KXBTC15M-26OCT050115-15,0.2000,66.99,no
2026-10-05T05:14:14.473674Z,KXBTC15M-26OCT050115-15,0.2200,1.20,yes
2026-10-05T05:14:14.480855Z,KXBTC15M-26OCT050115-15,0.2200,152.40,yes
2026-10-05T05:14:14.48606Z,KXBTC15M-26OCT050115-15,0.2100,0.31,no
2026-10-05T05:14:14.492173Z,KXBTC15M-26OCT050115-15,0.2200,7.97,yes
2026-10-05T05:14:14.503271Z,KXBTC15M-26OCT050115-15,0.2200,11.57,yes
2026-10-05T05:14:14.536405Z,KXBTC15M-26OCT050115-15,0.2200,0.21,yes
2026-10-05T05:14:14.537411Z,KXBTC15M-26OCT050115-15,0.2100,6.23,no
2026-10-05T05:14:14.539033Z,KXBTC15M-26OCT050115-15,0.2200,12.65,yes
2026-10-05T05:14:14.539033Z,KXBTC15M-26OCT050115-15,0.2200,30.86,yes
2026-10-05T05:14:14.540263Z,KXBTC15M-26OCT050115-15,0.2200,33.54,yes
2026-10-05T05:14:14.546988Z,KXBTC15M-26OCT050115-15,0.2100,31.18,no
2026-10-05T05:14:14.552625Z,KXBTC15M-26OCT050115-15,0.2200,1.62,yes
2026-10-05T05:14:14.554811Z,KXBTC15M-26OCT050115-15,0.2200,149.17,yes
2026-10-05T05:14:14.554811Z,KXBTC15M-26OCT050115-15,0.2200,1.20,yes
2026-10-05T05:14:14.554811Z,KXBTC15M-26OCT050115-15,0.2200,137.98,yes
2026-10-05T05:14:14.554811Z,KXBTC15M-26OCT050115-15,0.2200,0.01,yes
2026-10-05T05:14:14.554811Z,KXBTC15M-26OCT050115-15,0.2200,0.01,yes
2026-10-05T05:14:14.556975Z,KXBTC15M-26OCT050115-15,0.2200,3.23,yes
2026-10-05T05:14:14.556975Z,KXBTC15M-26OCT050115-15,0.2200,7.27,yes
2026-10-05T05:14:14.561102Z,KXBTC15M-26OCT050115-15,0.2200,11.57,yes
2026-10-05T05:14:14.561102Z,KXBTC15M-26OCT050115-15,0.2200,0.70,yes
2026-10-05T05:14:14.561102Z,KXBTC15M-26OCT050115-15,0.2200,7.73,yes
2026-10-05T05:14:14.565833Z,KXBTC15M-26OCT050115-15,0.2200,5.13,yes
2026-10-05T05:14:14.565833Z,KXBTC15M-26OCT050115-15,0.2200,84.53,yes
2026-10-05T05:14:14.572772Z,KXBTC15M-26OCT050115-15,0.2200,14.47,yes
2026-10-05T05:14:14.573653Z,KXBTC15M-26OCT050115-15,0.2300,10.14,yes
2026-10-05T05:14:14.573653Z,KXBTC15M-26OCT050115-15,0.2200,35.63,yes
2026-10-05T05:14:14.573653Z,KXBTC15M-26OCT050115-15,0.2200,51.37,yes
2026-10-05T05:14:14.57657Z,KXBTC15M-26OCT050115-15,0.2100,39.91,no
2026-10-05T05:14:14.579917Z,KXBTC15M-26OCT050115-15,0.2300,1.03,yes
2026-10-05T05:14:14.583865Z,KXBTC15M-26OCT050115-15,0.2200,2.03,no
2026-10-05T05:14:14.584731Z,KXBTC15M-26OCT050115-15,0.2300,64.00,yes
2026-10-05T05:14:14.584731Z,KXBTC15M-26OCT050115-15,0.2300,6.83,yes
2026-10-05T05:14:14.584731Z,KXBTC15M-26OCT050115-15,0.2300,22.72,yes
2026-10-05T05:14:14.598427Z,KXBTC15M-26OCT050115-15,0.2300,34.64,yes
2026-10-05T05:14:14.605162Z,KXBTC15M-26OCT050115-15,0.2300,1.15,yes
2026-10-05T05:14:14.605162Z,KXBTC15M-26OCT050115-15,0.2300,1.03,yes
2026-10-05T05:14:14.606336Z,KXBTC15M-26OCT050115-15,0.2300,0.29,yes
2026-10-05T05:14:14.607376Z,KXBTC15M-26OCT050115-15,0.2300,20.44,yes
2026-10-05T05:14:14.60965Z,KXBTC15M-26OCT050115-15,0.2200,7.44,no
2026-10-05T05:14:14.610024Z,KXBTC15M-26OCT050115-15,0.2300,164.12,yes
2026-10-05T05:14:14.610024Z,KXBTC15M-26OCT050115-15,0.2300,1.10,yes
2026-10-05T05:14:14.610024Z,KXBTC15M-26OCT050115-15,0.2400,17.44,yes
2026-10-05T05:14:14.610826Z,KXBTC15M-26OCT050115-15,0.2200,56.34,no
2026-10-05T05:14:14.612557Z,KXBTC15M-26OCT050115-15,0.2300,17.94,yes
2026-10-05T05:14:14.614729Z,KXBTC15M-26OCT050115-15,0.2200,78.59,no
2026-10-05T05:14:14.616249Z,KXBTC15M-26OCT050115-15,0.2300,2.73,yes
2026-10-05T05:14:14.627348Z,KXBTC15M-26OCT050115-15,0.2300,4.96,yes
2026-10-05T05:14:14.643999Z,KXBTC15M-26OCT050115-15,0.2300,16.92,yes
2026-10-05T05:14:14.643999Z,KXBTC15M-26OCT050115-15,0.2300,83.71,yes
2026-10-05T05:14:14.64578Z,KXBTC15M-26OCT050115-15,0.2300,22.36,yes
2026-10-05T05:14:14.647486Z,KXBTC15M-26OCT050115-15,0.2200,1.19,no
2026-10-05T05:14:14.651674Z,KXBTC15M-26OCT050115-15,0.2300,58.05,yes
2026-10-05T05:14:14.651674Z,KXBTC15M-26OCT050115-15,0.2300,188.21,yes
2026-10-05T05:14:14.659559Z,KXBTC15M-26OCT050115-15,0.2300,5.00,yes
2026-10-05T05:14:14.659559Z,KXBTC15M-26OCT050115-15,0.2300,4.96,yes
2026-10-05T05:14:14.659559Z,KXBTC15M-26OCT050115-15,0.2300,15.79,yes
2026-10-05T05:14:14.659559Z,KXBTC15M-26OCT050115-15,0.2300,14.41,yes
2026-10-05T05:14:14.659559Z,KXBTC15M-26OCT050115-15,0.2300,3.57,yes
2026-10-05T05:14:14.670727Z,KXBTC15M-26OCT050115-15,0.2300,6.10,yes
2026-10-05T05:14:14.672358Z,KXBTC15M-26OCT050115-15,0.2200,4.43,no
2026-10-05T05:14:14.679492Z,KXBTC15M-26OCT050115-15,0.2300,2.45,yes
2026-10-05T05:14:14.684829Z,KXBTC15M-26OCT050115-15,0.2300,0.28,yes
2026-10-05T05:14:14.690668Z,KXBTC15M-26OCT050115-15,0.2300,6.41,yes
2026-10-05T05:14:14.691035Z,KXBTC15M-26OCT050115-15,0.2300,29.85,yes
2026-10-05T05:14:14.695721Z,KXBTC15M-26OCT050115-15,0.2200,13.72,no
2026-10-05T05:14:14.701897Z,KXBTC15M-26OCT050115-15,0.2200,123.00,no
2026-10-05T05:14:14.724767Z,KXBTC15M-26OCT050115-15,0.2200,6.23,no
2026-10-05T05:14:14.72964Z,KXBTC15M-26OCT050115-15,0.2200,2.00,no
2026-10-05T05:14:14.736869Z,KXBTC15M-26OCT050115-15,0.2200,12.47,no
2026-10-05T05:14:14.745051Z,KXBTC15M-26OCT050115-15,0.2300,0.39,yes
2026-10-05T05:14:14.747762Z,KXBTC15M-26OCT050115-15,0.2300,3.98,yes
2026-10-05T05:14:14.747762Z,KXBTC15M-26OCT050115-15,0.2300,40.74,yes
2026-10-05T05:14:14.758393Z,KXBTC15M-26OCT050115-15,0.2300,5.47,yes
2026-10-05T05:14:14.766099Z,KXBTC15M-26OCT050115-15,0.2300,12.91,yes
2026-10-05T05:14:14.766099Z,KXBTC15M-26OCT050115-15,0.2300,13.02,yes
2026-10-05T05:14:14.768117Z,KXBTC15M-26OCT050115-15,0.2300,30.52,yes
2026-10-05T05:14:14.782004Z,KXBTC15M-26OCT050115-15,0.2200,6.23,no
2026-10-05T05:14:14.783063Z,KXBTC15M-26OCT050115-15,0.2300,19.37,yes
2026-10-05T05:14:14.783063Z,KXBTC15M-26OCT050115-15,0.2300,2.45,yes
2026-10-05T05:14:14.783063Z,KXBTC15M-26OCT050115-15,0.2300,4.91,yes
2026-10-05T05:14:14.783063Z,KXBTC15M-26OCT050115-15,0.2300,1.10,yes
2026-10-05T05:14:14.783063Z,KXBTC15M-26OCT050115-15,0.2300,14.51,yes
2026-10-05T05:14:14.783063Z,KXBTC15M-26OCT050115-15,0.2300,1.03,yes
2026-10-05T05:14:14.783063Z,KXBTC15M-26OCT050115-15,0.2300,6.10,yes
2026-10-05T05:14:14.783352Z,KXBTC15M-26OCT050115-15,0.2200,6.23,no
2026-10-05T05:14:14.784751Z,KXBTC15M-26OCT050115-15,0.2400,284.00,yes
2026-10-05T05:14:14.784751Z,KXBTC15M-26OCT050115-15,0.2300,30.52,yes
2026-10-05T05:14:14.784751Z,KXBTC15M-26OCT050115-15,0.2300,5.47,yes
2026-10-05T05:14:14.784751Z,KXBTC15M-26OCT050115-15,0.2400,10.00,yes
2026-10-05T05:14:14.784751Z,KXBTC15M-26OCT050115-15,0.2300,29.85,yes
2026-10-05T05:14:14.784751Z,KXBTC15M-26OCT050115-15,0.2300,25.93,yes
2026-10-05T05:14:14.784751Z,KXBTC15M-26OCT050115-15,0.2300,45.11,yes
2026-10-05T05:14:14.784751Z,KXBTC15M-26OCT050115-15,0.2300,5.59,yes
2026-10-05T05:14:14.784751Z,KXBTC15M-26OCT050115-15,0.2400,5.00,yes
2026-10-05T05:14:14.784751Z,KXBTC15M-26OCT050115-15,0.2500,854.41,yes
2026-10-05T05:14:14.784751Z,KXBTC15M-26OCT050115-15,0.2400,251.34,yes
2026-10-05T05:14:14.786632Z,KXBTC15M-26OCT050115-15,0.2500,52.43,yes
2026-10-05T05:14:14.792408Z,KXBTC15M-26OCT050115-15,0.2500,1.64,yes
2026-10-05T05:14:14.795106Z,KXBTC15M-26OCT050115-15,0.2400,8.20,no
2026-10-05T05:14:14.800399Z,KXBTC15M-26OCT050115-15,0.2500,15.38,yes
2026-10-05T05:14:14.801015Z,KXBTC15M-26OCT050115-15,0.2500,2.46,yes
2026-10-05T05:14:14.802247Z,KXBTC15M-26OCT050115-15,0.2500,25.22,yes
2026-10-05T05:14:14.804281Z,KXBTC15M-26OCT050115-15,0.2400,9.97,no
2026-10-05T05:14:14.817904Z,KXBTC15M-26OCT050115-15,0.2500,64.11,yes
2026-10-05T05:14:14.817904Z,KXBTC15M-26OCT050115-15,0.2500,95.46,yes
2026-10-05T05:14:14.820933Z,KXBTC15M-26OCT050115-15,0.2400,0.12,no
2026-10-05T05:14:14.821418Z,KXBTC15M-26OCT050115-15,0.2500,1.01,yes
2026-10-05T05:14:14.824009Z,KXBTC15M-26OCT050115-15,0.2400,3122.71,no
2026-10-05T05:14:14.824009Z,KXBTC15M-26OCT050115-15,0.2400,0.01,no
2026-10-05T05:14:14.824009Z,KXBTC15M-26OCT050115-15,0.2400,0.01,no
2026-10-05T05:14:14.824009Z,KXBTC15M-26OCT050115-15,0.2400,18.27,no
2026-10-05T05:14:14.848093Z,KXBTC15M-26OCT050115-15,0.2500,4.00,yes
2026-10-05T05:14:14.853959Z,KXBTC15M-26OCT050115-15,0.2500,66.46,yes
2026-10-05T05:14:14.854764Z,KXBTC15M-26OCT050115-15,0.2500,2.53,yes
2026-10-05T05:14:14.86159Z,KXBTC15M-26OCT050115-15,0.2400,0.01,no
2026-10-05T05:14:14.86159Z,KXBTC15M-26OCT050115-15,0.2400,316.99,no
2026-10-05T05:14:14.86159Z,KXBTC15M-26OCT050115-15,0.2400,6.00,no
2026-10-05T05:14:14.862053Z,KXBTC15M-26OCT050115-15,0.2500,13.29,yes
2026-10-05T05:14:14.878349Z,KXBTC15M-26OCT050115-15,0.2400,7.19,no
2026-10-05T05:14:14.884772Z,KXBTC15M-26OCT050115-15,0.2500,23.64,yes
2026-10-05T05:14:14.88665Z,KXBTC15M-26OCT050115-15,0.2400,1.42,no
2026-10-05T05:14:14.904519Z,KXBTC15M-26OCT050115-15,0.2400,31.18,no
2026-10-05T05:14:14.904901Z,KXBTC15M-26OCT050115-15,0.2500,186.00,yes
2026-10-05T05:14:14.904901Z,KXBTC15M-26OCT050115-15,0.2500,45.96,yes
2026-10-05T05:14:14.904901Z,KXBTC15M-26OCT050115-15,0.2500,1.03,yes
2026-10-05T05:14:14.904901Z,KXBTC15M-26OCT050115-15,0.2500,0.01,yes
2026-10-05T05:14:14.904901Z,KXBTC15M-26OCT050115-15,0.2500,10.00,yes
2026-10-05T05:14:14.904901Z,KXBTC15M-26OCT050115-15,0.2500,170.00,yes
2026-10-05T05:14:14.904901Z,KXBTC15M-26OCT050115-15,0.2500,162.07,yes
2026-10-05T05:14:14.904901Z,KXBTC15M-26OCT050115-15,0.2500,0.01,yes
2026-10-05T05:14:14.91068Z,KXBTC15M-26OCT050115-15,0.2500,85.89,yes
2026-10-05T05:14:14.926223Z,KXBTC15M-26OCT050115-15,0.2500,69.28,yes
2026-10-05T05:14:14.928991Z,KXBTC15M-26OCT050115-15,0.2400,137.00,no
2026-10-05T05:14:14.929602Z,KXBTC15M-26OCT050115-15,0.2500,82.17,yes
2026-10-05T05:14:14.939303Z,KXBTC15M-26OCT050115-15,0.2400,62.37,no
2026-10-05T05:14:14.941226Z,KXBTC15M-26OCT050115-15,0.2500,26.02,yes
2026-10-05T05:14:14.949398Z,KXBTC15M-26OCT050115-15,0.2500,0.04,yes
2026-10-05T05:14:14.953241Z,KXBTC15M-26OCT050115-15,0.2400,12.62,no
2026-10-05T05:14:14.967476Z,KXBTC15M-26OCT050115-15,0.2400,400.27,no
2026-10-05T05:14:14.975266Z,KXBTC15M-26OCT050115-15,0.2500,18.26,yes
2026-10-05T05:14:14.978492Z,KXBTC15M-26OCT050115-15,0.2400,0.01,no
2026-10-05T05:14:14.978492Z,KXBTC15M-26OCT050115-15,0.2400,0.01,no
2026-10-05T05:14:14.978492Z,KXBTC15M-26OCT050115-15,0.2300,6.38,no
2026-10-05T05:14:14.978492Z,KXBTC15M-26OCT050115-15,0.2400,0.01,no
2026-10-05T05:14:14.983675Z,KXBTC15M-26OCT050115-15,0.2500,10.68,yes
2026-10-05T05:14:14.984232Z,KXBTC15M-26OCT050115-15,0.2300,5.63,no
2026-10-05T05:14:14.999304Z,KXBTC15M-26OCT050115-15,0.2400,0.01,no
2026-10-05T05:14:14.999976Z,KXBTC15M-26OCT050115-15,0.2400,0.01,no
2026-10-05T05:14:14.999976Z,KXBTC15M-26OCT050115-15,0.2300,218.25,no
2026-10-05T05:14:15.007163Z,KXBTC15M-26OCT050115-15,0.2400,0.01,no
2026-10-05T05:14:15.012263Z,KXBTC15M-26OCT050115-15,0.2400,1.87,yes
2026-10-05T05:14:15.012263Z,KXBTC15M-26OCT050115-15,0.2400,4.19,yes
2026-10-05T05:14:15.012263Z,KXBTC15M-26OCT050115-15,0.2400,12.50,yes
2026-10-05T05:14:15.016173Z,KXBTC15M-26OCT050115-15,0.2400,18.28,yes
2026-10-05T05:14:15.016269Z,KXBTC15M-26OCT050115-15,0.2400,23.98,yes
2026-10-05T05:14:15.022366Z,KXBTC15M-26OCT050115-15,0.2400,43.75,yes
2026-10-05T05:14:15.028175Z,KXBTC15M-26OCT050115-15,0.2400,15.66,yes
2026-10-05T05:14:15.029641Z,KXBTC15M-26OCT050115-15,0.2400,3.95,yes
2026-10-05T05:14:15.030117Z,KXBTC15M-26OCT050115-15,0.2300,37.42,no
2026-10-05T05:14:15.031305Z,KXBTC15M-26OCT050115-15,0.2400,683.70,yes
2026-10-05T05:14:15.039264Z,KXBTC15M-26OCT050115-15,0.2300,1.25,no
2026-10-05T05:14:15.045725Z,KXBTC15M-26OCT050115-15,0.2300,70.63,no
2026-10-05T05:14:15.046098Z,KXBTC15M-26OCT050115-15,0.2400,84.87,yes
2026-10-05T05:14:15.048874Z,KXBTC15M-26OCT050115-15,0.2400,14.47,yes
2026-10-05T05:14:15.053995Z,KXBTC15M-26OCT050115-15,0.2400,10.24,yes
2026-10-05T05:14:15.054361Z,KXBTC15M-26OCT050115-15,0.2400,100.00,yes
2026-10-05T05:14:15.060293Z,KXBTC15M-26OCT050115-15,0.2400,0.29,yes
2026-10-05T05:14:15.062756Z,KXBTC15M-26OCT050115-15,0.2400,34.27,yes
2026-10-05T05:14:15.068343Z,KXBTC15M-26OCT050115-15,0.2300,1.00,no
2026-10-05T05:14:15.070326Z,KXBTC15M-26OCT050115-15,0.2300,15.00,no
2026-10-05T05:14:15.07347Z,KXBTC15M-26OCT050115-15,0.2400,0.01,yes
2026-10-05T05:14:15.077186Z,KXBTC15M-26OCT050115-15,0.2300,1.00,no
2026-10-05T05:14:15.089248Z,KXBTC15M-26OCT050115-15,0.2400,14.91,yes
2026-10-05T05:14:15.094799Z,KXBTC15M-26OCT050115-15,0.2400,100.68,yes
2026-10-05T05:14:15.097089Z,KXBTC15M-26OCT050115-15,0.2300,9.98,no
2026-10-05T05:14:15.097089Z,KXBTC15M-26OCT050115-15,0.2300,0.01,no
2026-10-05T05:14:15.097089Z,KXBTC15M-26OCT050115-15,0.2300,0.01,no
2026-10-05T05:14:15.112795Z,KXBTC15M-26OCT050115-15,0.2400,39.88,yes
2026-10-05T05:14:15.113404Z,KXBTC15M-26OCT050115-15,0.2300,400.00,no
2026-10-05T05:14:15.117366Z,KXBTC15M-26OCT050115-15,0.2400,268.47,yes
2026-10-05T05:14:15.125415Z,KXBTC15M-26OCT050115-15,0.2400,67.62,yes
2026-10-05T05:14:15.126628Z,KXBTC15M-26OCT050115-15,0.2300,115.45,no
2026-10-05T05:14:15.126628Z,KXBTC15M-26OCT050115-15,0.2300,0.01,no
2026-10-05T05:14:15.126628Z,KXBTC15M-26OCT050115-15,0.2300,0.01,no
2026-10-05T05:14:15.131038Z,KXBTC15M-26OCT050115-15,0.2400,36.53,yes
2026-10-05T05:14:15.143516Z,KXBTC15M-26OCT050115-15,0.2400,1.68,yes
2026-10-05T05:14:15.147676Z,KXBTC15M-26OCT050115-15,0.2400,8.19,yes
2026-10-05T05:14:15.157024Z,KXBTC15M-26OCT050115-15,0.2400,16.42,yes
2026-10-05T05:14:15.160379Z,KXBTC15M-26OCT050115-15,0.2300,29.80,no
2026-10-05T05:14:15.165153Z,KXBTC15M-26OCT050115-15,0.2400,2.65,yes
2026-10-05T05:14:15.168105Z,KXBTC15M-26OCT050115-15,0.2400,20.94,yes
2026-10-05T05:14:15.18566Z,KXBTC15M-26OCT050115-15,0.2300,2.00,no
2026-10-05T05:14:15.186183Z,KXBTC15M-26OCT050115-15,0.2400,427.96,yes
2026-10-05T05:14:15.190699Z,KXBTC15M-26OCT050115-15,0.2400,222.59,yes
2026-10-05T05:14:15.194262Z,KXBTC15M-26OCT050115-15,0.2400,44.74,yes
2026-10-05T05:14:15.196205Z,KXBTC15M-26OCT050115-15,0.2400,8.51,yes
2026-10-05T05:14:15.200218Z,KXBTC15M-26OCT050115-15,0.2300,63.00,no
2026-10-05T05:14:15.221436Z,KXBTC15M-26OCT050115-15,0.2400,139.12,yes
2026-10-05T05:14:15.22519Z,KXBTC15M-26OCT050115-15,0.2300,2.55,no
2026-10-05T05:14:15.23205Z,KXBTC15M-26OCT050115-15,0.2300,45.00,no
2026-10-05T05:14:15.232184Z,KXBTC15M-26OCT050115-15,0.2300,54.29,no
2026-10-05T05:14:15.240132Z,KXBTC15M-26OCT050115-15,0.2300,109.86,no
2026-10-05T05:14:15.240132Z,KXBTC15M-26OCT050115-15,0.2300,0.01,no
2026-10-05T05:14:15.240132Z,KXBTC15M-26OCT050115-15,0.2300,0.01,no
2026-10-05T05:14:15.244682Z,KXBTC15M-26OCT050115-15,0.2300,335.85,no
2026-10-05T05:14:15.244682Z,KXBTC15M-26OCT050115-15,0.2200,6.00,no
2026-10-05T05:14:15.244682Z,KXBTC15M-26OCT050115-15,0.2100,289.45,no
2026-10-05T05:14:15.24787Z,KXBTC15M-26OCT050115-15,0.2400,30.15,yes
2026-10-05T05:14:15.250459Z,KXBTC15M-26OCT050115-15,0.2300,0.01,no
2026-10-05T05:14:15.250459Z,KXBTC15M-26OCT050115-15,0.2300,0.01,no
2026-10-05T05:14:15.250459Z,KXBTC15M-26OCT050115-15,0.2100,7.46,no
2026-10-05T05:14:15.25169Z,KXBTC15M-26OCT050115-15,0.2400,6.71,yes
2026-10-05T05:14:15.279576Z,KXBTC15M-26OCT050115-15,0.2200,24.62,yes
2026-10-05T05:14:15.28839Z,KXBTC15M-26OCT050115-15,0.2200,2114.57,yes
2026-10-05T05:14:15.28915Z,KXBTC15M-26OCT050115-15,0.2200,25.00,yes
2026-10-05T05:14:15.292344Z,KXBTC15M-26OCT050115-15,0.2300,49.06,yes
2026-10-05T05:14:15.292344Z,KXBTC15M-26OCT050115-15,0.2300,1.02,yes
2026-10-05T05:14:15.292344Z,KXBTC15M-26OCT050115-15,0.2200,200.00,yes
2026-10-05T05:14:15.292344Z,KXBTC15M-26OCT050115-15,0.2200,0.01,yes
2026-10-05T05:14:15.292344Z,KXBTC15M-26OCT050115-15,0.2200,10.00,yes
2026-10-05T05:14:15.292344Z,KXBTC15M-26OCT050115-15,0.2200,186.00,yes
2026-10-05T05:14:15.292344Z,KXBTC15M-26OCT050115-15,0.2200,0.01,yes
2026-10-05T05:14:15.292344Z,KXBTC15M-26OCT050115-15,0.2200,6.00,yes
2026-10-05T05:14:15.299565Z,KXBTC15M-26OCT050115-15,0.2300,8.97,yes
2026-10-05T05:14:15.303953Z,KXBTC15M-26OCT050115-15,0.2300,43.05,yes
2026-10-05T05:14:15.307063Z,KXBTC15M-26OCT050115-15,0.2300,1.26,yes
2026-10-05T05:14:15.310752Z,KXBTC15M-26OCT050115-15,0.2300,1.01,yes
2026-10-05T05:14:15.310961Z,KXBTC15M-26OCT050115-15,0.2300,21.81,yes
2026-10-05T05:14:15.311349Z,KXBTC15M-26OCT050115-15,0.2300,36.56,yes
2026-10-05T05:14:15.313022Z,KXBTC15M-26OCT050115-15,0.2200,641.00,no
2026-10-05T05:14:15.317246Z,KXBTC15M-26OCT050115-15,0.2300,5.96,yes
2026-10-05T05:14:15.347701Z,KXBTC15M-26OCT050115-15,0.2300,26.28,yes
2026-10-05T05:14:15.352141Z,KXBTC15M-26OCT050115-15,0.2300,3.80,yes
2026-10-05T05:14:15.355358Z,KXBTC15M-26OCT050115-15,0.2300,38.61,yes
2026-10-05T05:14:15.364007Z,KXBTC15M-26OCT050115-15,0.2300,147.25,yes
2026-10-05T05:14:15.383364Z,KXBTC15M-26OCT050115-15,0.2300,117.69,yes
2026-10-05T05:14:15.39825Z,KXBTC15M-26OCT050115-15,0.2300,80.01,yes
2026-10-05T05:14:15.403053Z,KXBTC15M-26OCT050115-15,0.2300,56.22,yes
2026-10-05T05:14:15.40726Z,KXBTC15M-26OCT050115-15,0.2300,143.52,yes
2026-10-05T05:14:15.410299Z,KXBTC15M-26OCT050115-15,0.2200,48.83,no
2026-10-05T05:14:15.423682Z,KXBTC15M-26OCT050115-15,0.2300,189.57,yes
2026-10-05T05:14:15.433881Z,KXBTC15M-26OCT050115-15,0.2300,38.68,yes
2026-10-05T05:14:15.441927Z,KXBTC15M-26OCT050115-15,0.2300,36.53,yes
2026-10-05T05:14:15.447059Z,KXBTC15M-26OCT050115-15,0.2300,9.17,yes
2026-10-05T05:14:15.447059Z,KXBTC15M-26OCT050115-15,0.2300,0.01,yes
2026-10-05T05:14:15.447059Z,KXBTC15M-26OCT050115-15,0.2300,1.16,yes
2026-10-05T05:14:15.447059Z,KXBTC15M-26OCT050115-15,0.2300,0.01,yes
2026-10-05T05:14:15.447059Z,KXBTC15M-26OCT050115-15,0.2300,1.09,yes
2026-10-05T05:14:15.465258Z,KXBTC15M-26OCT050115-15,0.2300,58.35,yes
2026-10-05T05:14:15.465884Z,KXBTC15M-26OCT050115-15,0.2300,65.58,yes
2026-10-05T05:14:15.489197Z,KXBTC15M-26OCT050115-15,0.2200,144.93,no
2026-10-05T05:14:15.492339Z,KXBTC15M-26OCT050115-15,0.2300,52.90,yes
2026-10-05T05:14:15.492339Z,KXBTC15M-26OCT050115-15,0.2300,5.07,yes
2026-10-05T05:14:15.500831Z,KXBTC15M-26OCT050115-15,0.2300,1.23,yes
2026-10-05T05:14:15.500831Z,KXBTC15M-26OCT050115-15,0.2300,4.08,yes
2026-10-05T05:14:15.503352Z,KXBTC15M-26OCT050115-15,0.2300,31.42,yes
2026-10-05T05:14:15.503352Z,KXBTC15M-26OCT050115-15,0.2300,0.01,yes
2026-10-05T05:14:15.503352Z,KXBTC15M-26OCT050115-15,0.2300,0.01,yes
2026-10-05T05:14:15.503352Z,KXBTC15M-26OCT050115-15,0.2300,5.09,yes
2026-10-05T05:14:15.51098Z,KXBTC15M-26OCT050115-15,0.2300,42.16,yes
2026-10-05T05:14:15.513026Z,KXBTC15M-26OCT050115-15,0.2200,92.01,no
2026-10-05T05:14:15.517954Z,KXBTC15M-26OCT050115-15,0.2300,1.58,yes
2026-10-05T05:14:15.525931Z,KXBTC15M-26OCT050115-15,0.2300,14.79,yes
2026-10-05T05:14:15.539171Z,KXBTC15M-26OCT050115-15,0.2300,25.13,yes
2026-10-05T05:14:15.539171Z,KXBTC15M-26OCT050115-15,0.2300,33.98,yes
2026-10-05T05:14:15.547716Z,KXBTC15M-26OCT050115-15,0.2300,0.01,yes
2026-10-05T05:14:15.547716Z,KXBTC15M-26OCT050115-15,0.2300,1.02,yes
2026-10-05T05:14:15.547716Z,KXBTC15M-26OCT050115-15,0.2300,1.09,yes
2026-10-05T05:14:15.547716Z,KXBTC15M-26OCT050115-15,0.2300,3.55,yes
2026-10-05T05:14:15.547716Z,KXBTC15M-26OCT050115-15,0.2300,10.00,yes
2026-10-05T05:14:15.547716Z,KXBTC15M-26OCT050115-15,0.2300,27.77,yes
2026-10-05T05:14:15.547716Z,KXBTC15M-26OCT050115-15,0.2300,0.01,yes
2026-10-05T05:14:15.551488Z,KXBTC15M-26OCT050115-15,0.2300,2.06,yes
2026-10-05T05:14:15.552013Z,KXBTC15M-26OCT050115-15,0.2200,1.21,no
2026-10-05T05:14:15.555701Z,KXBTC15M-26OCT050115-15,0.2300,28.47,yes
2026-10-05T05:14:15.563643Z,KXBTC15M-26OCT050115-15,0.2300,21.28,yes
2026-10-05T05:14:15.563643Z,KXBTC15M-26OCT050115-15,0.2300,6.51,yes
2026-10-05T05:14:15.585412Z,KXBTC15M-26OCT050115-15,0.2200,15.02,no
2026-10-05T05:14:15.588386Z,KXBTC15M-26OCT050115-15,0.2200,42.53,no
2026-10-05T05:14:15.592355Z,KXBTC15M-26OCT050115-15,0.2300,11.86,yes
2026-10-05T05:14:15.59649Z,KXBTC15M-26OCT050115-15,0.2200,15.00,no
2026-10-05T05:14:15.602377Z,KXBTC15M-26OCT050115-15,0.2300,33.98,yes
2026-10-05T05:14:15.602377Z,KXBTC15M-26OCT050115-15,0.2300,10.26,yes
2026-10-05T05:14:15.602377Z,KXBTC15M-26OCT050115-15,0.2300,25.13,yes
2026-10-05T05:14:15.602377Z,KXBTC15M-26OCT050115-15,0.2300,14.79,yes
2026-10-05T05:14:15.602377Z,KXBTC15M-26OCT050115-15,0.2300,1.58,yes
2026-10-05T05:14:15.602377Z,KXBTC15M-26OCT050115-15,0.2300,0.01,yes
2026-10-05T05:14:15.602377Z,KXBTC15M-26OCT050115-15,0.2300,0.01,yes
2026-10-05T05:14:15.602377Z,KXBTC15M-26OCT050115-15,0.2300,9.02,yes
2026-10-05T05:14:15.605825Z,KXBTC15M-26OCT050115-15,0.2200,136.64,no
2026-10-05T05:14:15.60915Z,KXBTC15M-26OCT050115-15,0.2300,10.88,yes
2026-10-05T05:14:15.60915Z,KXBTC15M-26OCT050115-15,0.2300,2.06,yes
2026-10-05T05:14:15.60915Z,KXBTC15M-26OCT050115-15,0.2300,21.06,yes
2026-10-05T05:14:15.615345Z,KXBTC15M-26OCT050115-15,0.2300,7.04,yes
2026-10-05T05:14:15.626881Z,KXBTC15M-26OCT050115-15,0.2200,4.63,no
2026-10-05T05:14:15.629348Z,KXBTC15M-26OCT050115-15,0.2300,27.79,yes
2026-10-05T05:14:15.629348Z,KXBTC15M-26OCT050115-15,0.2300,2.65,yes
2026-10-05T05:14:15.629348Z,KXBTC15M-26OCT050115-15,0.2300,10.55,yes
2026-10-05T05:14:15.642824Z,KXBTC15M-26OCT050115-15,0.2200,187.87,no
2026-10-05T05:14:15.645649Z,KXBTC15M-26OCT050115-15,0.2300,6.16,yes
2026-10-05T05:14:15.645649Z,KXBTC15M-26OCT050115-15,0.2300,0.01,yes
2026-10-05T05:14:15.645649Z,KXBTC15M-26OCT050115-15,0.2300,0.01,yes
2026-10-05T05:14:15.645649Z,KXBTC15M-26OCT050115-15,0.2300,9.21,yes
2026-10-05T05:14:15.645649Z,KXBTC15M-26OCT050115-15,0.2300,1.02,yes
2026-10-05T05:14:15.647142Z,KXBTC15M-26OCT050115-15,0.2300,4.95,yes
2026-10-05T05:14:15.659759Z,KXBTC15M-26OCT050115-15,0.2200,5.06,no
2026-10-05T05:14:15.662975Z,KXBTC15M-26OCT050115-15,0.2300,76.54,yes
2026-10-05T05:14:15.675646Z,KXBTC15M-26OCT050115-15,0.2200,129.40,no
2026-10-05T05:14:15.687532Z,KXBTC15M-26OCT050115-15,0.2300,7.11,yes
2026-10-05T05:14:15.687532Z,KXBTC15M-26OCT050115-15,0.2300,14.75,yes
2026-10-05T05:14:15.688316Z,KXBTC15M-26OCT050115-15,0.2300,4.98,yes
2026-10-05T05:14:15.694868Z,KXBTC15M-26OCT050115-15,0.2300,3.39,yes
2026-10-05T05:14:15.694868Z,KXBTC15M-26OCT050115-15,0.2300,6.30,yes
2026-10-05T05:14:15.694868Z,KXBTC15M-26OCT050115-15,0.2300,10.09,yes
2026-10-05T05:14:15.745293Z,KXBTC15M-26OCT050115-15,0.2300,18.52,yes
2026-10-05T05:14:15.745293Z,KXBTC15M-26OCT050115-15,0.2300,0.79,yes
2026-10-05T05:14:15.745293Z,KXBTC15M-26OCT050115-15,0.2300,0.01,yes
2026-10-05T05:14:15.750741Z,KXBTC15M-26OCT050115-15,0.2300,7.04,yes
2026-10-05T05:14:15.750741Z,KXBTC15M-26OCT050115-15,0.2300,49.88,yes
2026-10-05T05:14:15.771328Z,KXBTC15M-26OCT050115-15,0.2300,2.06,yes
2026-10-05T05:14:15.773954Z,KXBTC15M-26OCT050115-15,0.2300,9.67,yes
2026-10-05T05:14:15.773954Z,KXBTC15M-26OCT050115-15,0.2300,9.37,yes
2026-10-05T05:14:15.773954Z,KXBTC15M-26OCT050115-15,0.2300,63.46,yes
2026-10-05T05:14:15.775122Z,KXBTC15M-26OCT050115-15,0.2300,13.08,yes
2026-10-05T05:14:15.775122Z,KXBTC15M-26OCT050115-15,0.2300,24.75,yes
2026-10-05T05:14:15.790924Z,KXBTC15M-26OCT050115-15,0.2200,26.62,no
2026-10-05T05:14:15.794918Z,KXBTC15M-26OCT050115-15,0.2200,3.78,no
2026-10-05T05:14:15.796187Z,KXBTC15M-26OCT050115-15,0.2200,11.36,no
2026-10-05T05:14:15.805955Z,KXBTC15M-26OCT050115-15,0.2200,1635.11,no
2026-10-05T05:14:15.805955Z,KXBTC15M-26OCT050115-15,0.2200,2.93,no
2026-10-05T05:14:15.805955Z,KXBTC15M-26OCT050115-15,0.2200,0.01,no
2026-10-05T05:14:15.805955Z,KXBTC15M-26OCT050115-15,0.2200,2.00,no
2026-10-05T05:14:15.805955Z,KXBTC15M-26OCT050115-15,0.2200,500.00,no
2026-10-05T05:14:15.805955Z,KXBTC15M-26OCT050115-15,0.2100,39.99,no
2026-10-05T05:14:15.805955Z,KXBTC15M-26OCT050115-15,0.2200,0.01,no
2026-10-05T05:14:15.805955Z,KXBTC15M-26OCT050115-15,0.2200,8.00,no
2026-10-05T05:14:15.805955Z,KXBTC15M-26OCT050115-15,0.2200,1.00,no
2026-10-05T05:14:15.805955Z,KXBTC15M-26OCT050115-15,0.2100,710.18,no
2026-10-05T05:14:15.82681Z,KXBTC15M-26OCT050115-15,0.2200,176.26,yes
2026-10-05T05:14:15.834911Z,KXBTC15M-26OCT050115-15,0.2200,48.83,yes
2026-10-05T05:14:15.851113Z,KXBTC15M-26OCT050115-15,0.2200,7.41,yes
2026-10-05T05:14:15.858703Z,KXBTC15M-26OCT050115-15,0.2200,43.35,yes
2026-10-05T05:14:15.867659Z,KXBTC15M-26OCT050115-15,0.2200,4.00,yes
2026-10-05T05:14:15.875459Z,KXBTC15M-26OCT050115-15,0.2100,0.01,no
2026-10-05T05:14:15.875459Z,KXBTC15M-26OCT050115-15,0.2100,0.01,no
2026-10-05T05:14:15.875459Z,KXBTC15M-26OCT050115-15,0.2000,5.66,no
2026-10-05T05:14:15.876515Z,KXBTC15M-26OCT050115-15,0.2200,18.93,yes
2026-10-05T05:14:15.881309Z,KXBTC15M-26OCT050115-15,0.2200,1.63,yes
2026-10-05T05:14:15.886312Z,KXBTC15M-26OCT050115-15,0.2200,18.95,yes
2026-10-05T05:14:15.900685Z,KXBTC15M-26OCT050115-15,0.2200,5.76,yes
2026-10-05T05:14:15.901029Z,KXBTC15M-26OCT050115-15,0.2200,5.04,yes
2026-10-05T05:14:15.901563Z,KXBTC15M-26OCT050115-15,0.2100,0.01,no
2026-10-05T05:14:15.901563Z,KXBTC15M-26OCT050115-15,0.2100,0.01,no
2026-10-05T05:14:15.901563Z,KXBTC15M-26OCT050115-15,0.2000,22.32,no
2026-10-05T05:14:15.907446Z,KXBTC15M-26OCT050115-15,0.2100,6.23,yes
2026-10-05T05:14:15.912399Z,KXBTC15M-26OCT050115-15,0.2100,10.00,yes
2026-10-05T05:14:15.912399Z,KXBTC15M-26OCT050115-15,0.2100,0.01,yes
2026-10-05T05:14:15.912399Z,KXBTC15M-26OCT050115-15,0.2100,0.01,yes
2026-10-05T05:14:15.912399Z,KXBTC15M-26OCT050115-15,0.2200,5.59,yes
2026-10-05T05:14:15.912399Z,KXBTC15M-26OCT050115-15,0.2100,6.27,yes
2026-10-05T05:14:15.914467Z,KXBTC15M-26OCT050115-15,0.2100,2.89,yes
2026-10-05T05:14:15.914538Z,KXBTC15M-26OCT050115-15,0.2100,2.11,yes
2026-10-05T05:14:15.914538Z,KXBTC15M-26OCT050115-15,0.2200,132.60,yes
2026-10-05T05:14:15.915943Z,KXBTC15M-26OCT050115-15,0.2200,9.59,yes
2026-10-05T05:14:15.933521Z,KXBTC15M-26OCT050115-15,0.2100,0.01,yes
2026-10-05T05:14:15.933521Z,KXBTC15M-26OCT050115-15,0.2100,11.99,yes
2026-10-05T05:14:15.94125Z,KXBTC15M-26OCT050115-15,0.2000,40.00,no
2026-10-05T05:14:15.947716Z,KXBTC15M-26OCT050115-15,0.2100,6.30,yes
2026-10-05T05:14:15.947716Z,KXBTC15M-26OCT050115-15,0.2200,170.13,yes
2026-10-05T05:14:15.947716Z,KXBTC15M-26OCT050115-15,0.2100,192.01,yes
2026-10-05T05:14:15.947716Z,KXBTC15M-26OCT050115-15,0.2100,40.00,yes
2026-10-05T05:14:15.947716Z,KXBTC15M-26OCT050115-15,0.2100,0.01,yes
2026-10-05T05:14:15.94935Z,KXBTC15M-26OCT050115-15,0.2200,0.01,yes
2026-10-05T05:14:15.951044Z,KXBTC15M-26OCT050115-15,0.2000,39.81,no
2026-10-05T05:14:15.954085Z,KXBTC15M-26OCT050115-15,0.2200,58.57,yes
2026-10-05T05:14:15.95412Z,KXBTC15M-26OCT050115-15,0.2200,164.76,yes
2026-10-05T05:14:15.96518Z,KXBTC15M-26OCT050115-15,0.2100,8.58,yes
2026-10-05T05:14:15.973465Z,KXBTC15M-26OCT050115-15,0.2100,41.42,yes
2026-10-05T05:14:15.973465Z,KXBTC15M-26OCT050115-15,0.2100,10.55,yes
2026-10-05T05:14:15.979938Z,KXBTC15M-26OCT050115-15,0.2100,15.88,yes
2026-10-05T05:14:15.986135Z,KXBTC15M-26OCT050115-15,0.2100,49.50,yes
2026-10-05T05:14:15.986861Z,KXBTC15M-26OCT050115-15,0.2100,119.98,yes
2026-10-05T05:14:15.991329Z,KXBTC15M-26OCT050115-15,0.2100,50.00,yes
2026-10-05T05:14:15.997712Z,KXBTC15M-26OCT050115-15,0.2100,9.09,yes
2026-10-05T05:14:16.000616Z,KXBTC15M-26OCT050115-15,0.2000,0.01,no
2026-10-05T05:14:16.000616Z,KXBTC15M-26OCT050115-15,0.2000,0.10,no
2026-10-05T05:14:16.000616Z,KXBTC15M-26OCT050115-15,0.2000,0.01,no
2026-10-05T05:14:16.016172Z,KXBTC15M-26OCT050115-15,0.2100,31.40,yes
2026-10-05T05:14:16.023795Z,KXBTC15M-26OCT050115-15,0.2100,766.96,yes
2026-10-05T05:14:16.023946Z,KXBTC15M-26OCT050115-15,0.2100,86.43,yes
2026-10-05T05:14:16.02641Z,KXBTC15M-26OCT050115-15,0.2100,296.00,yes
2026-10-05T05:14:16.042512Z,KXBTC15M-26OCT050115-15,0.2000,1.20,no
2026-10-05T05:14:16.044404Z,KXBTC15M-26OCT050115-15,0.2000,61.62,no
2026-10-05T05:14:16.05386Z,KXBTC15M-26OCT050115-15,0.2000,2.33,no
2026-10-05T05:14:16.05401Z,KXBTC15M-26OCT050115-15,0.2100,75.66,yes
2026-10-05T05:14:16.054842Z,KXBTC15M-26OCT050115-15,0.2000,72.93,no
2026-10-05T05:14:16.056533Z,KXBTC15M-26OCT050115-15,0.2100,12.37,yes
2026-10-05T05:14:16.064494Z,KXBTC15M-26OCT050115-15,0.2100,356.00,yes
2026-10-05T05:14:16.064965Z,KXBTC15M-26OCT050115-15,0.2100,54.00,yes
2026-10-05T05:14:16.064965Z,KXBTC15M-26OCT050115-15,0.2100,35.32,yes
2026-10-05T05:14:16.064965Z,KXBTC15M-26OCT050115-15,0.2100,0.01,yes
2026-10-05T05:14:16.064965Z,KXBTC15M-26OCT050115-15,0.2100,0.01,yes
2026-10-05T05:14:16.064965Z,KXBTC15M-26OCT050115-15,0.2100,186.00,yes
2026-10-05T05:14:16.064965Z,KXBTC15M-26OCT050115-15,0.2100,1261.18,yes
2026-10-05T05:14:16.064965Z,KXBTC15M-26OCT050115-15,0.2100,1.01,yes
2026-10-05T05:14:16.064965Z,KXBTC15M-26OCT050115-15,0.2200,61.96,yes
2026-10-05T05:14:16.064965Z,KXBTC15M-26OCT050115-15,0.2100,500.00,yes
2026-10-05T05:14:16.066608Z,KXBTC15M-26OCT050115-15,0.2000,0.01,no
2026-10-05T05:14:16.066608Z,KXBTC15M-26OCT050115-15,0.2000,0.01,no
2026-10-05T05:14:16.066608Z,KXBTC15M-26OCT050115-15,0.2000,2.89,no
2026-10-05T05:14:16.070485Z,KXBTC15M-26OCT050115-15,0.2100,18.00,yes
2026-10-05T05:14:16.070485Z,KXBTC15M-26OCT050115-15,0.2200,2.62,yes
2026-10-05T05:14:16.0713Z,KXBTC15M-26OCT050115-15,0.2100,0.01,yes
2026-10-05T05:14:16.0713Z,KXBTC15M-26OCT050115-15,0.2200,109.68,yes
2026-10-05T05:14:16.074053Z,KXBTC15M-26OCT050115-15,0.2200,6.21,yes
2026-10-05T05:14:16.075008Z,KXBTC15M-26OCT050115-15,0.2000,1.00,no
2026-10-05T05:14:16.080413Z,KXBTC15M-26OCT050115-15,0.2000,1.99,no
2026-10-05T05:14:16.085321Z,KXBTC15M-26OCT050115-15,0.2100,15.38,yes
2026-10-05T05:14:16.086071Z,KXBTC15M-26OCT050115-15,0.2100,58.00,yes
2026-10-05T05:14:16.08999Z,KXBTC15M-26OCT050115-15,0.2000,40.00,no
2026-10-05T05:14:16.090591Z,KXBTC15M-26OCT050115-15,0.2100,5.78,yes
2026-10-05T05:14:16.096302Z,KXBTC15M-26OCT050115-15,0.2100,39.00,yes
2026-10-05T05:14:16.097571Z,KXBTC15M-26OCT050115-15,0.2000,400.00,no
2026-10-05T05:14:16.107017Z,KXBTC15M-26OCT050115-15,0.2000,172.69,no
2026-10-05T05:14:16.114961Z,KXBTC15M-26OCT050115-15,0.2000,20.00,no
2026-10-05T05:14:16.115006Z,KXBTC15M-26OCT050115-15,0.2100,20.00,yes
2026-10-05T05:14:16.115006Z,KXBTC15M-26OCT050115-15,0.2100,40.00,yes
2026-10-05T05:14:16.115006Z,KXBTC15M-26OCT050115-15,0.2100,39.00,yes
2026-10-05T05:14:16.115006Z,KXBTC15M-26OCT050115-15,0.2100,67.84,yes
2026-10-05T05:14:16.115006Z,KXBTC15M-26OCT050115-15,0.2100,0.01,yes
2026-10-05T05:14:16.115006Z,KXBTC15M-26OCT050115-15,0.2100,63.78,yes
2026-10-05T05:14:16.115006Z,KXBTC15M-26OCT050115-15,0.2100,204.00,yes
2026-10-05T05:14:16.115006Z,KXBTC15M-26OCT050115-15,0.2100,15.38,yes
2026-10-05T05:14:16.115006Z,KXBTC15M-26OCT050115-15,0.2200,221.42,yes
2026-10-05T05:14:16.115911Z,KXBTC15M-26OCT050115-15,0.2200,10.93,yes
2026-10-05T05:14:16.118995Z,KXBTC15M-26OCT050115-15,0.2200,32.80,yes
2026-10-05T05:14:16.121653Z,KXBTC15M-26OCT050115-15,0.2100,10.00,yes
2026-10-05T05:14:16.121653Z,KXBTC15M-26OCT050115-15,0.2200,80.86,yes
2026-10-05T05:14:16.139844Z,KXBTC15M-26OCT050115-15,0.2100,41.25,yes
2026-10-05T05:14:16.147563Z,KXBTC15M-26OCT050115-15,0.2100,8.37,yes
2026-10-05T05:14:16.155929Z,KXBTC15M-26OCT050115-15,0.2100,7.97,yes
2026-10-05T05:14:16.167012Z,KXBTC15M-26OCT050115-15,0.2100,4.76,yes
2026-10-05T05:14:16.171487Z,KXBTC15M-26OCT050115-15,0.2100,12.37,yes
2026-10-05T05:14:16.173306Z,KXBTC15M-26OCT050115-15,0.2100,6.23,yes
2026-10-05T05:14:16.173306Z,KXBTC15M-26OCT050115-15,0.2100,500.00,yes
2026-10-05T05:14:16.173306Z,KXBTC15M-26OCT050115-15,0.2100,111.28,yes
2026-10-05T05:14:16.173306Z,KXBTC15M-26OCT050115-15,0.2100,41.25,yes
2026-10-05T05:14:16.173306Z,KXBTC15M-26OCT050115-15,0.2100,1.01,yes
2026-10-05T05:14:16.173306Z,KXBTC15M-26OCT050115-15,0.2200,208.28,yes
2026-10-05T05:14:16.174781Z,KXBTC15M-26OCT050115-15,0.2000,91.22,no
2026-10-05T05:14:16.175219Z,KXBTC15M-26OCT050115-15,0.2200,3.33,yes
2026-10-05T05:14:16.219211Z,KXBTC15M-26OCT050115-15,0.2200,8.90,yes
2026-10-05T05:14:16.221669Z,KXBTC15M-26OCT050115-15,0.2100,1600.00,no
2026-10-05T05:14:16.230052Z,KXBTC15M-26OCT050115-15,0.2200,36.52,yes
2026-10-05T05:14:16.230052Z,KXBTC15M-26OCT050115-15,0.2200,300.01,yes
2026-10-05T05:14:16.235687Z,KXBTC15M-26OCT050115-15,0.2200,14.05,yes
2026-10-05T05:14:16.243856Z,KXBTC15M-26OCT050115-15,0.2200,2.09,yes
2026-10-05T05:14:16.247979Z,KXBTC15M-26OCT050115-15,0.2200,0.01,yes
2026-10-05T05:14:16.247979Z,KXBTC15M-26OCT050115-15,0.2200,0.01,yes
2026-10-05T05:14:16.247979Z,KXBTC15M-26OCT050115-15,0.2200,5.86,yes
2026-10-05T05:14:16.247979Z,KXBTC15M-26OCT050115-15,0.2200,6.53,yes
2026-10-05T05:14:16.247979Z,KXBTC15M-26OCT050115-15,0.2200,1.09,yes
2026-10-05T05:14:16.253504Z,KXBTC15M-26OCT050115-15,0.2200,0.44,yes
2026-10-05T05:14:16.257006Z,KXBTC15M-26OCT050115-15,0.2100,117.45,no
2026-10-05T05:14:16.259308Z,KXBTC15M-26OCT050115-15,0.2200,39.24,yes
2026-10-05T05:14:16.276987Z,KXBTC15M-26OCT050115-15,0.2100,0.01,no
2026-10-05T05:14:16.276987Z,KXBTC15M-26OCT050115-15,0.2100,0.01,no
2026-10-05T05:14:16.276987Z,KXBTC15M-26OCT050115-15,0.2100,14.32,no
2026-10-05T05:14:16.287389Z,KXBTC15M-26OCT050115-15,0.2200,26.85,yes
2026-10-05T05:14:16.28738Z,KXBTC15M-26OCT050115-15,0.2100,454.88,no
2026-10-05T05:14:16.291922Z,KXBTC15M-26OCT050115-15,0.2100,0.50,no
2026-10-05T05:14:16.297108Z,KXBTC15M-26OCT050115-15,0.2200,45.92,yes
2026-10-05T05:14:16.299402Z,KXBTC15M-26OCT050115-15,0.2200,2.15,yes
2026-10-05T05:14:16.30245Z,KXBTC15M-26OCT050115-15,0.2200,39.99,yes
2026-10-05T05:14:16.302843Z,KXBTC15M-26OCT050115-15,0.2100,1.28,no
2026-10-05T05:14:16.302843Z,KXBTC15M-26OCT050115-15,0.2100,0.01,no
2026-10-05T05:14:16.302843Z,KXBTC15M-26OCT050115-15,0.2100,0.01,no
2026-10-05T05:14:16.302843Z,KXBTC15M-26OCT050115-15,0.2100,28.70,no
2026-10-05T05:14:16.313974Z,KXBTC15M-26OCT050115-15,0.2100,32.00,no
2026-10-05T05:14:16.326795Z,KXBTC15M-26OCT050115-15,0.2200,161.38,yes
2026-10-05T05:14:16.326795Z,KXBTC15M-26OCT050115-15,0.2200,31.85,yes
2026-10-05T05:14:16.333027Z,KXBTC15M-26OCT050115-15,0.2100,1.00,no
2026-10-05T05:14:16.334532Z,KXBTC15M-26OCT050115-15,0.2200,16.80,yes
2026-10-05T05:14:16.342002Z,KXBTC15M-26OCT050115-15,0.2100,20.43,no
2026-10-05T05:14:16.345903Z,KXBTC15M-26OCT050115-15,0.2200,234.49,yes
2026-10-05T05:14:16.350134Z,KXBTC15M-26OCT050115-15,0.2200,9.84,yes
2026-10-05T05:14:16.352304Z,KXBTC15M-26OCT050115-15,0.2200,52.88,yes
2026-10-05T05:14:16.370732Z,KXBTC15M-26OCT050115-15,0.2200,28.07,yes
2026-10-05T05:14:16.397082Z,KXBTC15M-26OCT050115-15,0.2200,49.26,yes
2026-10-05T05:14:16.398134Z,KXBTC15M-26OCT050115-15,0.2100,0.01,no
2026-10-05T05:14:16.398134Z,KXBTC15M-26OCT050115-15,0.2000,317.21,no
2026-10-05T05:14:16.398134Z,KXBTC15M-26OCT050115-15,0.2100,0.01,no
2026-10-05T05:14:16.398134Z,KXBTC15M-26OCT050115-15,0.2100,417.37,no
2026-10-05T05:14:16.398134Z,KXBTC15M-26OCT050115-15,0.1900,128.31,no
2026-10-05T05:14:16.401259Z,KXBTC15M-26OCT050115-15,0.2200,2.18,yes
2026-10-05T05:14:16.409478Z,KXBTC15M-26OCT050115-15,0.2000,0.01,no
2026-10-05T05:14:16.409478Z,KXBTC15M-26OCT050115-15,0.2000,0.01,no
2026-10-05T05:14:16.409591Z,KXBTC15M-26OCT050115-15,0.2100,0.01,yes
2026-10-05T05:14:16.412916Z,KXBTC15M-26OCT050115-15,0.1900,60.39,no
2026-10-05T05:14:16.426942Z,KXBTC15M-26OCT050115-15,0.1900,4.50,no
2026-10-05T05:14:16.430045Z,KXBTC15M-26OCT050115-15,0.2000,3.98,yes
2026-10-05T05:14:16.431664Z,KXBTC15M-26OCT050115-15,0.2000,3.17,yes
2026-10-05T05:14:16.431664Z,KXBTC15M-26OCT050115-15,0.2000,8.52,yes
2026-10-05T05:14:16.431664Z,KXBTC15M-26OCT050115-15,0.2000,0.01,yes
2026-10-05T05:14:16.431664Z,KXBTC15M-26OCT050115-15,0.2000,0.01,yes
2026-10-05T05:14:16.431664Z,KXBTC15M-26OCT050115-15,0.2000,10.00,yes
2026-10-05T05:14:16.432292Z,KXBTC15M-26OCT050115-15,0.2000,1.83,yes
2026-10-05T05:14:16.432292Z,KXBTC15M-26OCT050115-15,0.2000,1.24,yes
2026-10-05T05:14:16.433562Z,KXBTC15M-26OCT050115-15,0.1900,604.04,no
2026-10-05T05:14:16.441121Z,KXBTC15M-26OCT050115-15,0.1900,6.03,no
2026-10-05T05:14:16.442443Z,KXBTC15M-26OCT050115-15,0.1900,6.03,no
2026-10-05T05:14:16.456818Z,KXBTC15M-26OCT050115-15,0.2000,9.04,yes
2026-10-05T05:14:16.461312Z,KXBTC15M-26OCT050115-15,0.2000,0.40,yes
2026-10-05T05:14:16.469164Z,KXBTC15M-26OCT050115-15,0.1900,6.55,no
2026-10-05T05:14:16.472871Z,KXBTC15M-26OCT050115-15,0.2000,0.70,yes
2026-10-05T05:14:16.473633Z,KXBTC15M-26OCT050115-15,0.2000,0.63,yes
2026-10-05T05:14:16.502966Z,KXBTC15M-26OCT050115-15,0.1900,1.12,no
2026-10-05T05:14:16.505893Z,KXBTC15M-26OCT050115-15,0.1900,12.07,no
2026-10-05T05:14:16.525738Z,KXBTC15M-26OCT050115-15,0.2000,2.01,yes
2026-10-05T05:14:16.528727Z,KXBTC15M-26OCT050115-15,0.2000,23.89,yes
2026-10-05T05:14:16.529526Z,KXBTC15M-26OCT050115-15,0.2000,19.77,yes
2026-10-05T05:14:16.540383Z,KXBTC15M-26OCT050115-15,0.2000,25.88,yes
2026-10-05T05:14:16.544872Z,KXBTC15M-26OCT050115-15,0.2000,12.93,yes
2026-10-05T05:14:16.551651Z,KXBTC15M-26OCT050115-15,0.2000,19.82,yes
2026-10-05T05:14:16.55737Z,KXBTC15M-26OCT050115-15,0.2000,15.00,yes
2026-10-05T05:14:16.55887Z,KXBTC15M-26OCT050115-15,0.2000,18.55,yes
2026-10-05T05:14:16.562474Z,KXBTC15M-26OCT050115-15,0.2000,7.97,yes
2026-10-05T05:14:16.56745Z,KXBTC15M-26OCT050115-15,0.2000,21.55,yes
2026-10-05T05:14:16.574687Z,KXBTC15M-26OCT050115-15,0.1900,1.00,no
2026-10-05T05:14:16.583787Z,KXBTC15M-26OCT050115-15,0.2000,19.52,yes
2026-10-05T05:14:16.583787Z,KXBTC15M-26OCT050115-15,0.2000,10.00,yes
2026-10-05T05:14:16.583787Z,KXBTC15M-26OCT050115-15,0.2000,0.01,yes
2026-10-05T05:14:16.583787Z,KXBTC15M-26OCT050115-15,0.2000,6.62,yes
2026-10-05T05:14:16.583787Z,KXBTC15M-26OCT050115-15,0.2000,1.01,yes
2026-10-05T05:14:16.583787Z,KXBTC15M-26OCT050115-15,0.2000,5.00,yes
2026-10-05T05:14:16.583787Z,KXBTC15M-26OCT050115-15,0.2000,1.24,yes
2026-10-05T05:14:16.583787Z,KXBTC15M-26OCT050115-15,0.2000,0.01,yes
2026-10-05T05:14:16.594262Z,KXBTC15M-26OCT050115-15,0.1900,1.00,no
2026-10-05T05:14:16.596119Z,KXBTC15M-26OCT050115-15,0.2000,20.49,yes
2026-10-05T05:14:16.596645Z,KXBTC15M-26OCT050115-15,0.2000,27.41,yes
2026-10-05T05:14:16.625783Z,KXBTC15M-26OCT050115-15,0.2000,6.08,yes
2026-10-05T05:14:16.625889Z,KXBTC15M-26OCT050115-15,0.1900,7.58,no
2026-10-05T05:14:16.625889Z,KXBTC15M-26OCT050115-15,0.1900,4.27,no
2026-10-05T05:14:16.625889Z,KXBTC15M-26OCT050115-15,0.1900,33.54,no
2026-10-05T05:14:16.625889Z,KXBTC15M-26OCT050115-15,0.1900,0.75,no
2026-10-05T05:14:16.625889Z,KXBTC15M-26OCT050115-15,0.1900,215.96,no
2026-10-05T05:14:16.629143Z,KXBTC15M-26OCT050115-15,0.2000,2.07,yes
2026-10-05T05:14:16.635593Z,KXBTC15M-26OCT050115-15,0.2000,17.24,yes
2026-10-05T05:14:16.653546Z,KXBTC15M-26OCT050115-15,0.2000,154.48,yes
2026-10-05T05:14:16.664303Z,KXBTC15M-26OCT050115-15,0.2000,1.84,yes
2026-10-05T05:14:16.664303Z,KXBTC15M-26OCT050115-15,0.2000,4.72,yes
2026-10-05T05:14:16.670048Z,KXBTC15M-26OCT050115-15,0.1900,200.00,no
2026-10-05T05:14:16.675957Z,KXBTC15M-26OCT050115-15,0.2000,2.01,yes
2026-10-05T05:14:16.675957Z,KXBTC15M-26OCT050115-15,0.2000,1.73,yes
2026-10-05T05:14:16.675957Z,KXBTC15M-26OCT050115-15,0.2000,0.01,yes
2026-10-05T05:14:16.675957Z,KXBTC15M-26OCT050115-15,0.2000,1.00,yes
2026-10-05T05:14:16.675957Z,KXBTC15M-26OCT050115-15,0.2000,0.01,yes
2026-10-05T05:14:16.675957Z,KXBTC15M-26OCT050115-15,0.2000,135.84,yes
2026-10-05T05:14:16.675957Z,KXBTC15M-26OCT050115-15,0.2000,10.00,yes
2026-10-05T05:14:16.675957Z,KXBTC15M-26OCT050115-15,0.2000,7.20,yes
2026-10-05T05:14:16.675957Z,KXBTC15M-26OCT050115-15,0.2000,104.48,yes
2026-10-05T05:14:16.706308Z,KXBTC15M-26OCT050115-15,0.2000,10.47,yes
2026-10-05T05:14:16.709313Z,KXBTC15M-26OCT050115-15,0.2000,2.58,yes
2026-10-05T05:14:16.709627Z,KXBTC15M-26OCT050115-15,0.2000,89.70,yes
2026-10-05T05:14:16.720127Z,KXBTC15M-26OCT050115-15,0.2000,158.56,yes
2026-10-05T05:14:16.725251Z,KXBTC15M-26OCT050115-15,0.1900,2.49,no
2026-10-05T05:14:16.733159Z,KXBTC15M-26OCT050115-15,0.1900,24.15,no
2026-10-05T05:14:16.74001Z,KXBTC15M-26OCT050115-15,0.1900,24.08,no
2026-10-05T05:14:16.758973Z,KXBTC15M-26OCT050115-15,0.1900,10.00,no
2026-10-05T05:14:16.761219Z,KXBTC15M-26OCT050115-15,0.2000,24.78,yes
2026-10-05T05:14:16.772382Z,KXBTC15M-26OCT050115-15,0.1900,20.00,no
2026-10-05T05:14:16.77558Z,KXBTC15M-26OCT050115-15,0.2000,11.99,yes
2026-10-05T05:14:16.811377Z,KXBTC15M-26OCT050115-15,0.2000,52.91,yes
2026-10-05T05:14:16.814307Z,KXBTC15M-26OCT050115-15,0.1900,134.87,no
2026-10-05T05:14:16.814307Z,KXBTC15M-26OCT050115-15,0.1900,0.01,no
2026-10-05T05:14:16.814307Z,KXBTC15M-26OCT050115-15,0.1900,0.01,no
2026-10-05T05:14:16.814307Z,KXBTC15M-26OCT050115-15,0.1900,457.20,no
2026-10-05T05:14:16.814307Z,KXBTC15M-26OCT050115-15,0.1900,500.00,no
2026-10-05T05:14:16.814582Z,KXBTC15M-26OCT050115-15,0.2000,10.00,yes
2026-10-05T05:14:16.814582Z,KXBTC15M-26OCT050115-15,0.2100,6.07,yes
2026-10-05T05:14:16.814582Z,KXBTC15M-26OCT050115-15,0.2000,1.00,yes
2026-10-05T05:14:16.814582Z,KXBTC15M-26OCT050115-15,0.2000,0.01,yes
2026-10-05T05:14:16.814582Z,KXBTC15M-26OCT050115-15,0.2000,6.30,yes
2026-10-05T05:14:16.814582Z,KXBTC15M-26OCT050115-15,0.2000,0.01,yes
2026-10-05T05:14:16.814582Z,KXBTC15M-26OCT050115-15,0.2000,44.53,yes
2026-10-05T05:14:16.821263Z,KXBTC15M-26OCT050115-15,0.2100,45.52,yes
2026-10-05T05:14:16.82683Z,KXBTC15M-26OCT050115-15,0.1900,120.80,no
2026-10-05T05:14:16.828435Z,KXBTC15M-26OCT050115-15,0.2000,2.16,yes
2026-10-05T05:14:16.830911Z,KXBTC15M-26OCT050115-15,0.1900,119.97,no
2026-10-05T05:14:16.836836Z,KXBTC15M-26OCT050115-15,0.1900,16.00,no
2026-10-05T05:14:16.848088Z,KXBTC15M-26OCT050115-15,0.2000,94.69,yes
2026-10-05T05:14:16.873128Z,KXBTC15M-26OCT050115-15,0.1900,958.06,no
2026-10-05T05:14:16.880595Z,KXBTC15M-26OCT050115-15,0.2000,6.97,yes
2026-10-05T05:14:16.881392Z,KXBTC15M-26OCT050115-15,0.2000,10.00,yes
2026-10-05T05:14:16.881392Z,KXBTC15M-26OCT050115-15,0.2000,87.82,yes
2026-10-05T05:14:16.881392Z,KXBTC15M-26OCT050115-15,0.2000,82.18,yes
2026-10-05T05:14:16.882127Z,KXBTC15M-26OCT050115-15,0.2000,4.00,yes
2026-10-05T05:14:16.886527Z,KXBTC15M-26OCT050115-15,0.2000,30.86,yes
2026-10-05T05:14:16.886527Z,KXBTC15M-26OCT050115-15,0.2000,94.69,yes
2026-10-05T05:14:16.886527Z,KXBTC15M-26OCT050115-15,0.2000,1246.35,yes
2026-10-05T05:14:16.886527Z,KXBTC15M-26OCT050115-15,0.2000,6.36,yes
2026-10-05T05:14:16.886527Z,KXBTC15M-26OCT050115-15,0.2000,2.16,yes
2026-10-05T05:14:16.88714Z,KXBTC15M-26OCT050115-15,0.2000,8.33,yes
2026-10-05T05:14:16.900652Z,KXBTC15M-26OCT050115-15,0.2000,34.73,yes
2026-10-05T05:14:16.914332Z,KXBTC15M-26OCT050115-15,0.1900,304.59,no
2026-10-05T05:14:16.91589Z,KXBTC15M-26OCT050115-15,0.1900,6.09,no
2026-10-05T05:14:16.920079Z,KXBTC15M-26OCT050115-15,0.2000,36.76,yes
2026-10-05T05:14:16.931101Z,KXBTC15M-26OCT050115-15,0.2000,0.01,yes
2026-10-05T05:14:16.932043Z,KXBTC15M-26OCT050115-15,0.2000,15.38,yes
2026-10-05T05:14:16.935692Z,KXBTC15M-26OCT050115-15,0.1900,113.00,no
2026-10-05T05:14:16.938287Z,KXBTC15M-26OCT050115-15,0.1900,380.12,no
2026-10-05T05:14:16.938955Z,KXBTC15M-26OCT050115-15,0.1900,6.09,no
2026-10-05T05:14:16.945637Z,KXBTC15M-26OCT050115-15,0.1900,123.00,no
2026-10-05T05:14:16.961216Z,KXBTC15M-26OCT050115-15,0.2000,9.04,yes
2026-10-05T05:14:16.972818Z,KXBTC15M-26OCT050115-15,0.2000,3.26,yes
2026-10-05T05:14:16.975367Z,KXBTC15M-26OCT050115-15,0.2000,2.65,yes
2026-10-05T05:14:16.995401Z,KXBTC15M-26OCT050115-15,0.2000,2.00,yes
2026-10-05T05:14:17.003309Z,KXBTC15M-26OCT050115-15,0.1900,0.58,no
2026-10-05T05:14:17.013407Z,KXBTC15M-26OCT050115-15,0.2000,43.00,yes
2026-10-05T05:14:17.013783Z,KXBTC15M-26OCT050115-15,0.2000,47.34,yes
2026-10-05T05:14:17.014303Z,KXBTC15M-26OCT050115-15,0.2000,89.96,yes
2026-10-05T05:14:17.024318Z,KXBTC15M-26OCT050115-15,0.1900,30.00,no
2026-10-05T05:14:17.025123Z,KXBTC15M-26OCT050115-15,0.2000,86.61,yes
2026-10-05T05:14:17.027106Z,KXBTC15M-26OCT050115-15,0.2000,0.47,yes
2026-10-05T05:14:17.032164Z,KXBTC15M-26OCT050115-15,0.1900,223.25,no
2026-10-05T05:14:17.035511Z,KXBTC15M-26OCT050115-15,0.2000,3.21,yes
2026-10-05T05:14:17.043911Z,KXBTC15M-26OCT050115-15,0.1900,1.19,no
2026-10-05T05:14:17.058004Z,KXBTC15M-26OCT050115-15,0.1900,7.31,no
2026-10-05T05:14:17.063437Z,KXBTC15M-26OCT050115-15,0.1900,12.00,no
2026-10-05T05:14:17.064938Z,KXBTC15M-26OCT050115-15,0.2000,36.56,yes
2026-10-05T05:14:17.084551Z,KXBTC15M-26OCT050115-15,0.2000,8.23,yes
2026-10-05T05:14:17.085984Z,KXBTC15M-26OCT050115-15,0.1900,1.00,no
2026-10-05T05:14:17.087429Z,KXBTC15M-26OCT050115-15,0.1900,186.83,no
2026-10-05T05:14:17.090991Z,KXBTC15M-26OCT050115-15,0.1900,73.92,no
2026-10-05T05:14:17.090991Z,KXBTC15M-26OCT050115-15,0.1900,180.00,no
2026-10-05T05:14:17.090991Z,KXBTC15M-26OCT050115-15,0.1900,146.08,no
2026-10-05T05:14:17.097129Z,KXBTC15M-26OCT050115-15,0.2000,5.96,yes
2026-10-05T05:14:17.097938Z,KXBTC15M-26OCT050115-15,0.1900,6.35,no
2026-10-05T05:14:17.100274Z,KXBTC15M-26OCT050115-15,0.2000,96.61,yes
2026-10-05T05:14:17.105704Z,KXBTC15M-26OCT050115-15,0.2000,103.54,yes
2026-10-05T05:14:17.114585Z,KXBTC15M-26OCT050115-15,0.2000,13.62,yes
2026-10-05T05:14:17.122973Z,KXBTC15M-26OCT050115-15,0.1900,63.57,no
2026-10-05T05:14:17.122973Z,KXBTC15M-26OCT050115-15,0.1900,0.01,no
2026-10-05T05:14:17.122973Z,KXBTC15M-26OCT050115-15,0.1900,0.01,no
2026-10-05T05:14:17.122973Z,KXBTC15M-26OCT050115-15,0.1900,206.69,no
2026-10-05T05:14:17.126168Z,KXBTC15M-26OCT050115-15,0.2000,143.32,yes
2026-10-05T05:14:17.131166Z,KXBTC15M-26OCT050115-15,0.2000,17.36,yes
2026-10-05T05:14:17.143977Z,KXBTC15M-26OCT050115-15,0.1800,0.91,no
2026-10-05T05:14:17.143977Z,KXBTC15M-26OCT050115-15,0.1700,30.94,no
2026-10-05T05:14:17.143977Z,KXBTC15M-26OCT050115-15,0.1700,15.47,no
2026-10-05T05:14:17.143977Z,KXBTC15M-26OCT050115-15,0.1800,1.00,no
2026-10-05T05:14:17.143977Z,KXBTC15M-26OCT050115-15,0.1800,4.91,no
2026-10-05T05:14:17.143977Z,KXBTC15M-26OCT050115-15,0.1700,6.57,no
2026-10-05T05:14:17.143977Z,KXBTC15M-26OCT050115-15,0.1800,4.92,no
2026-10-05T05:14:17.143977Z,KXBTC15M-26OCT050115-15,0.1700,3.58,no
2026-10-05T05:14:17.143977Z,KXBTC15M-26OCT050115-15,0.1800,0.82,no
2026-10-05T05:14:17.143977Z,KXBTC15M-26OCT050115-15,0.1700,1.26,no
2026-10-05T05:14:17.143977Z,KXBTC15M-26OCT050115-15,0.1800,10.93,no
2026-10-05T05:14:17.143977Z,KXBTC15M-26OCT050115-15,0.1900,0.01,no
2026-10-05T05:14:17.143977Z,KXBTC15M-26OCT050115-15,0.1900,0.01,no
2026-10-05T05:14:17.143977Z,KXBTC15M-26OCT050115-15,0.1900,1.80,no
2026-10-05T05:14:17.143977Z,KXBTC15M-26OCT050115-15,0.1900,35.00,no
2026-10-05T05:14:17.143977Z,KXBTC15M-26OCT050115-15,0.1900,72.00,no
2026-10-05T05:14:17.143977Z,KXBTC15M-26OCT050115-15,0.1800,5.00,no
2026-10-05T05:14:17.143977Z,KXBTC15M-26OCT050115-15,0.1900,1.00,no
2026-10-05T05:14:17.143977Z,KXBTC15M-26OCT050115-15,0.1900,404.00,no
2026-10-05T05:14:17.143977Z,KXBTC15M-26OCT050115-15,0.1800,1.00,no
2026-10-05T05:14:17.143977Z,KXBTC15M-26OCT050115-15,0.1700,1047.00,no
2026-10-05T05:14:17.143977Z,KXBTC15M-26OCT050115-15,0.1800,1047.00,no
2026-10-05T05:14:17.146529Z,KXBTC15M-26OCT050115-15,0.1700,0.82,no
2026-10-05T05:14:17.149982Z,KXBTC15M-26OCT050115-15,0.2000,94.67,yes
2026-10-05T05:14:17.160139Z,KXBTC15M-26OCT050115-15,0.2000,20.82,yes
2026-10-05T05:14:17.172982Z,KXBTC15M-26OCT050115-15,0.1700,3.55,no
2026-10-05T05:14:17.172982Z,KXBTC15M-26OCT050115-15,0.1800,0.01,no
2026-10-05T05:14:17.172982Z,KXBTC15M-26OCT050115-15,0.1800,0.01,no
2026-10-05T05:14:17.182166Z,KXBTC15M-26OCT050115-15,0.1900,14.47,yes
2026-10-05T05:14:17.192757Z,KXBTC15M-26OCT050115-15,0.1900,395.00,yes
2026-10-05T05:14:17.194084Z,KXBTC15M-26OCT050115-15,0.1800,0.01,no
2026-10-05T05:14:17.194084Z,KXBTC15M-26OCT050115-15,0.1800,0.01,no
2026-10-05T05:14:17.199195Z,KXBTC15M-26OCT050115-15,0.1900,247.67,yes
2026-10-05T05:14:17.199195Z,KXBTC15M-26OCT050115-15,0.1800,6.28,yes
2026-10-05T05:14:17.22684Z,KXBTC15M-26OCT050115-15,0.1900,6.00,yes
2026-10-05T05:14:17.22868Z,KXBTC15M-26OCT050115-15,0.1900,23.40,yes
2026-10-05T05:14:17.238072Z,KXBTC15M-26OCT050115-15,0.1900,5.63,yes
2026-10-05T05:14:17.244129Z,KXBTC15M-26OCT050115-15,0.1900,23.67,yes
2026-10-05T05:14:17.246168Z,KXBTC15M-26OCT050115-15,0.1900,591.14,yes
2026-10-05T05:14:17.247724Z,KXBTC15M-26OCT050115-15,0.1900,781.00,yes
2026-10-05T05:14:17.256511Z,KXBTC15M-26OCT050115-15,0.1800,1.00,no
2026-10-05T05:14:17.256511Z,KXBTC15M-26OCT050115-15,0.1800,12.50,no
2026-10-05T05:14:17.256511Z,KXBTC15M-26OCT050115-15,0.1800,0.25,no
2026-10-05T05:14:17.256511Z,KXBTC15M-26OCT050115-15,0.1800,0.01,no
2026-10-05T05:14:17.256511Z,KXBTC15M-26OCT050115-15,0.1800,0.01,no
2026-10-05T05:14:17.256511Z,KXBTC15M-26OCT050115-15,0.1800,9.28,no
2026-10-05T05:14:17.258994Z,KXBTC15M-26OCT050115-15,0.1900,6.28,yes
2026-10-05T05:14:17.25918Z,KXBTC15M-26OCT050115-15,0.1900,62.90,yes
2026-10-05T05:14:17.266229Z,KXBTC15M-26OCT050115-15,0.1900,270.00,yes
2026-10-05T05:14:17.272348Z,KXBTC15M-26OCT050115-15,0.1900,4.78,yes
2026-10-05T05:14:17.291272Z,KXBTC15M-26OCT050115-15,0.1900,8.00,yes
2026-10-05T05:14:17.299723Z,KXBTC15M-26OCT050115-15,0.1800,2.00,no
2026-10-05T05:14:17.304333Z,KXBTC15M-26OCT050115-15,0.1800,33.18,no
2026-10-05T05:14:17.328074Z,KXBTC15M-26OCT050115-15,0.1900,77.22,yes
2026-10-05T05:14:17.337255Z,KXBTC15M-26OCT050115-15,0.1800,15.46,no
2026-10-05T05:14:17.337255Z,KXBTC15M-26OCT050115-15,0.1800,14.54,no
2026-10-05T05:14:17.347704Z,KXBTC15M-26OCT050115-15,0.1800,5.96,no
2026-10-05T05:14:17.348766Z,KXBTC15M-26OCT050115-15,0.1900,571.00,yes
2026-10-05T05:14:17.354412Z,KXBTC15M-26OCT050115-15,0.1900,0.01,yes
2026-10-05T05:14:17.354412Z,KXBTC15M-26OCT050115-15,0.1900,0.01,yes
2026-10-05T05:14:17.354412Z,KXBTC15M-26OCT050115-15,0.1900,37.10,yes
2026-10-05T05:14:17.354412Z,KXBTC15M-26OCT050115-15,0.1900,52.84,yes
2026-10-05T05:14:17.355558Z,KXBTC15M-26OCT050115-15,0.1900,10.00,yes
2026-10-05T05:14:17.355558Z,KXBTC15M-26OCT050115-15,0.1900,148.90,yes
2026-10-05T05:14:17.355558Z,KXBTC15M-26OCT050115-15,0.2000,300.91,yes
2026-10-05T05:14:17.361347Z,KXBTC15M-26OCT050115-15,0.1800,70.44,no
2026-10-05T05:14:17.377391Z,KXBTC15M-26OCT050115-15,0.1900,0.01,yes
2026-10-05T05:14:17.377391Z,KXBTC15M-26OCT050115-15,0.1900,7.55,yes
2026-10-05T05:14:17.392145Z,KXBTC15M-26OCT050115-15,0.1800,5.00,no
2026-10-05T05:14:17.399225Z,KXBTC15M-26OCT050115-15,0.1800,1.18,no
2026-10-05T05:14:17.404347Z,KXBTC15M-26OCT050115-15,0.1900,29.55,yes
2026-10-05T05:14:17.404347Z,KXBTC15M-26OCT050115-15,0.1900,0.01,yes
2026-10-05T05:14:17.404347Z,KXBTC15M-26OCT050115-15,0.1900,8.69,yes
2026-10-05T05:14:17.404661Z,KXBTC15M-26OCT050115-15,0.1900,1.32,yes
2026-10-05T05:14:17.407273Z,KXBTC15M-26OCT050115-15,0.1900,15.00,yes
2026-10-05T05:14:17.409Z,KXBTC15M-26OCT050115-15,0.1800,1.18,no
2026-10-05T05:14:17.415374Z,KXBTC15M-26OCT050115-15,0.1900,7.85,yes
2026-10-05T05:14:17.42327Z,KXBTC15M-26OCT050115-15,0.1900,50.00,yes
2026-10-05T05:14:17.424306Z,KXBTC15M-26OCT050115-15,0.1900,16.50,yes
2026-10-05T05:14:17.427519Z,KXBTC15M-26OCT050115-15,0.1900,19.07,yes
2026-10-05T05:14:17.433337Z,KXBTC15M-26OCT050115-15,0.1800,1.35,no
2026-10-05T05:14:17.440357Z,KXBTC15M-26OCT050115-15,0.1900,1.76,yes
2026-10-05T05:14:17.449077Z,KXBTC15M-26OCT050115-15,0.1900,6.81,yes
2026-10-05T05:14:17.449077Z,KXBTC15M-26OCT050115-15,0.1900,7.55,yes
2026-10-05T05:14:17.449077Z,KXBTC15M-26OCT050115-15,0.1900,28.71,yes
2026-10-05T05:14:17.449077Z,KXBTC15M-26OCT050115-15,0.1900,0.01,yes
2026-10-05T05:14:17.449077Z,KXBTC15M-26OCT050115-15,0.1900,0.01,yes
2026-10-05T05:14:17.449077Z,KXBTC15M-26OCT050115-15,0.1900,0.01,yes
2026-10-05T05:14:17.453382Z,KXBTC15M-26OCT050115-15,0.1800,119.39,no
2026-10-05T05:14:17.453837Z,KXBTC15M-26OCT050115-15,0.1900,4.73,yes
2026-10-05T05:14:17.454045Z,KXBTC15M-26OCT050115-15,0.1900,26.70,yes
2026-10-05T05:14:17.454045Z,KXBTC15M-26OCT050115-15,0.1900,35.57,yes
2026-10-05T05:14:17.454045Z,KXBTC15M-26OCT050115-15,0.1900,50.00,yes
2026-10-05T05:14:17.454045Z,KXBTC15M-26OCT050115-15,0.1900,7.85,yes
2026-10-05T05:14:17.454045Z,KXBTC15M-26OCT050115-15,0.1900,16.32,yes
2026-10-05T05:14:17.454045Z,KXBTC15M-26OCT050115-15,0.1900,1.76,yes
2026-10-05T05:14:17.454045Z,KXBTC15M-26OCT050115-15,0.2000,157.37,yes
2026-10-05T05:14:17.455829Z,KXBTC15M-26OCT050115-15,0.2000,302.00,yes
2026-10-05T05:14:17.456854Z,KXBTC15M-26OCT050115-15,0.1800,200.00,no
2026-10-05T05:14:17.458301Z,KXBTC15M-26OCT050115-15,0.1800,200.00,no
2026-10-05T05:14:17.461788Z,KXBTC15M-26OCT050115-15,0.1900,28.71,yes
2026-10-05T05:14:17.461788Z,KXBTC15M-26OCT050115-15,0.1900,0.01,yes
2026-10-05T05:14:17.461788Z,KXBTC15M-26OCT050115-15,0.1900,0.01,yes
2026-10-05T05:14:17.461788Z,KXBTC15M-26OCT050115-15,0.1900,10.00,yes
2026-10-05T05:14:17.461788Z,KXBTC15M-26OCT050115-15,0.2000,27.50,yes
2026-10-05T05:14:17.464465Z,KXBTC15M-26OCT050115-15,0.1900,71.53,yes
2026-10-05T05:14:17.46559Z,KXBTC15M-26OCT050115-15,0.1900,1.18,yes
2026-10-05T05:14:17.476564Z,KXBTC15M-26OCT050115-15,0.1800,127.81,no
2026-10-05T05:14:17.486744Z,KXBTC15M-26OCT050115-15,0.1900,1.08,yes
2026-10-05T05:14:17.486744Z,KXBTC15M-26OCT050115-15,0.1900,84.58,yes
2026-10-05T05:14:17.486744Z,KXBTC15M-26OCT050115-15,0.1900,0.01,yes
2026-10-05T05:14:17.486744Z,KXBTC15M-26OCT050115-15,0.1900,0.01,yes
2026-10-05T05:14:17.486744Z,KXBTC15M-26OCT050115-15,0.1900,28.71,yes
2026-10-05T05:14:17.487365Z,KXBTC15M-26OCT050115-15,0.1800,9.12,no
2026-10-05T05:14:17.497439Z,KXBTC15M-26OCT050115-15,0.1800,3.13,no
2026-10-05T05:14:17.519739Z,KXBTC15M-26OCT050115-15,0.1900,5.40,yes
2026-10-05T05:14:17.520428Z,KXBTC15M-26OCT050115-15,0.1800,11.93,no
2026-10-05T05:14:17.522781Z,KXBTC15M-26OCT050115-15,0.1800,6.23,no
2026-10-05T05:14:17.533338Z,KXBTC15M-26OCT050115-15,0.1900,15.29,yes
2026-10-05T05:14:17.534933Z,KXBTC15M-26OCT050115-15,0.1900,54.36,yes
2026-10-05T05:14:17.534933Z,KXBTC15M-26OCT050115-15,0.1900,0.01,yes
2026-10-05T05:14:17.534933Z,KXBTC15M-26OCT050115-15,0.1900,50.94,yes
2026-10-05T05:14:17.534933Z,KXBTC15M-26OCT050115-15,0.1900,0.01,yes
2026-10-05T05:14:17.536984Z,KXBTC15M-26OCT050115-15,0.1800,2.46,no
2026-10-05T05:14:17.543929Z,KXBTC15M-26OCT050115-15,0.1800,1.00,no
2026-10-05T05:14:17.545516Z,KXBTC15M-26OCT050115-15,0.1900,6.36,yes
2026-10-05T05:14:17.545516Z,KXBTC15M-26OCT050115-15,0.1900,30.22,yes
2026-10-05T05:14:17.545516Z,KXBTC15M-26OCT050115-15,0.2000,143.73,yes
2026-10-05T05:14:17.545516Z,KXBTC15M-26OCT050115-15,0.2000,143.26,yes
2026-10-05T05:14:17.546047Z,KXBTC15M-26OCT050115-15,0.2000,50.44,yes
2026-10-05T05:14:17.559663Z,KXBTC15M-26OCT050115-15,0.1800,353.41,no
2026-10-05T05:14:17.56079Z,KXBTC15M-26OCT050115-15,0.1800,1000.00,no
2026-10-05T05:14:17.57323Z,KXBTC15M-26OCT050115-15,0.1900,10.00,yes
2026-10-05T05:14:17.57323Z,KXBTC15M-26OCT050115-15,0.1900,148.97,yes
2026-10-05T05:14:17.57323Z,KXBTC15M-26OCT050115-15,0.1900,29.79,yes
2026-10-05T05:14:17.576775Z,KXBTC15M-26OCT050115-15,0.1900,52.85,yes
2026-10-05T05:14:17.591599Z,KXBTC15M-26OCT050115-15,0.1800,29.84,no
2026-10-05T05:14:17.592812Z,KXBTC15M-26OCT050115-15,0.1900,1847.00,yes
2026-10-05T05:14:17.595765Z,KXBTC15M-26OCT050115-15,0.1900,158.78,yes
2026-10-05T05:14:17.596388Z,KXBTC15M-26OCT050115-15,0.1800,6.99,no
2026-10-05T05:14:17.610364Z,KXBTC15M-26OCT050115-15,0.1900,46.50,yes
2026-10-05T05:14:17.610364Z,KXBTC15M-26OCT050115-15,0.1900,6.30,yes
2026-10-05T05:14:17.617602Z,KXBTC15M-26OCT050115-15,0.1800,4.18,no
2026-10-05T05:14:17.618414Z,KXBTC15M-26OCT050115-15,0.1900,12.61,yes
2026-10-05T05:14:17.619025Z,KXBTC15M-26OCT050115-15,0.1900,25.73,yes
2026-10-05T05:14:17.656208Z,KXBTC15M-26OCT050115-15,0.1900,11.18,yes
2026-10-05T05:14:17.656635Z,KXBTC15M-26OCT050115-15,0.1800,179.09,no
2026-10-05T05:14:17.661551Z,KXBTC15M-26OCT050115-15,0.1900,8.33,yes
2026-10-05T05:14:17.664379Z,KXBTC15M-26OCT050115-15,0.1800,72.89,no
2026-10-05T05:14:17.667292Z,KXBTC15M-26OCT050115-15,0.1800,49.48,no
2026-10-05T05:14:17.68355Z,KXBTC15M-26OCT050115-15,0.1900,21.64,yes
2026-10-05T05:14:17.68355Z,KXBTC15M-26OCT050115-15,0.1900,17.27,yes
2026-10-05T05:14:17.687342Z,KXBTC15M-26OCT050115-15,0.1900,5.04,yes
2026-10-05T05:14:17.68865Z,KXBTC15M-26OCT050115-15,0.1900,2.51,yes
2026-10-05T05:14:17.708273Z,KXBTC15M-26OCT050115-15,0.1900,1.28,yes
2026-10-05T05:14:17.708273Z,KXBTC15M-26OCT050115-15,0.1900,35.19,yes
2026-10-05T05:14:17.708517Z,KXBTC15M-26OCT050115-15,0.1900,8.66,yes
2026-10-05T05:14:17.710622Z,KXBTC15M-26OCT050115-15,0.1900,6.15,yes
2026-10-05T05:14:17.71383Z,KXBTC15M-26OCT050115-15,0.1900,1.47,yes
2026-10-05T05:14:17.725915Z,KXBTC15M-26OCT050115-15,0.1900,19.51,yes
2026-10-05T05:14:17.725915Z,KXBTC15M-26OCT050115-15,0.1900,38.34,yes
2026-10-05T05:14:17.725915Z,KXBTC15M-26OCT050115-15,0.1900,28.94,yes
2026-10-05T05:14:17.725915Z,KXBTC15M-26OCT050115-15,0.2000,245.85,yes
2026-10-05T05:14:17.738429Z,KXBTC15M-26OCT050115-15,0.2000,7.76,yes
2026-10-05T05:14:17.759439Z,KXBTC15M-26OCT050115-15,0.1800,392.30,no
2026-10-05T05:14:17.779744Z,KXBTC15M-26OCT050115-15,0.1800,1.20,no
2026-10-05T05:14:17.781271Z,KXBTC15M-26OCT050115-15,0.1900,12.71,yes
2026-10-05T05:14:17.785478Z,KXBTC15M-26OCT050115-15,0.1800,37.67,no
2026-10-05T05:14:17.785783Z,KXBTC15M-26OCT050115-15,0.1900,3.91,yes
2026-10-05T05:14:17.788161Z,KXBTC15M-26OCT050115-15,0.1900,6.69,yes
2026-10-05T05:14:17.788972Z,KXBTC15M-26OCT050115-15,0.1900,0.27,yes
2026-10-05T05:14:17.798412Z,KXBTC15M-26OCT050115-15,0.1800,6.02,no
2026-10-05T05:14:17.79882Z,KXBTC15M-26OCT050115-15,0.1800,96.34,no
2026-10-05T05:14:17.79892Z,KXBTC15M-26OCT050115-15,0.1800,30.00,no
2026-10-05T05:14:17.813578Z,KXBTC15M-26OCT050115-15,0.1800,32.03,no
2026-10-05T05:14:17.815031Z,KXBTC15M-26OCT050115-15,0.2000,5.00,yes
2026-10-05T05:14:17.815031Z,KXBTC15M-26OCT050115-15,0.2100,15.00,yes
2026-10-05T05:14:17.815031Z,KXBTC15M-26OCT050115-15,0.2100,64.98,yes
2026-10-05T05:14:17.815031Z,KXBTC15M-26OCT050115-15,0.2000,1.00,yes
2026-10-05T05:14:17.815031Z,KXBTC15M-26OCT050115-15,0.1900,5.00,yes
2026-10-05T05:14:17.815031Z,KXBTC15M-26OCT050115-15,0.2000,1.00,yes
2026-10-05T05:14:17.815031Z,KXBTC15M-26OCT050115-15,0.2000,1047.00,yes
2026-10-05T05:14:17.815031Z,KXBTC15M-26OCT050115-15,0.2100,5.00,yes
2026-10-05T05:14:17.815031Z,KXBTC15M-26OCT050115-15,0.1900,6.36,yes
2026-10-05T05:14:17.815031Z,KXBTC15M-26OCT050115-15,0.2100,1.17,yes
2026-10-05T05:14:17.815031Z,KXBTC15M-26OCT050115-15,0.2100,500.00,yes
2026-10-05T05:14:17.815031Z,KXBTC15M-26OCT050115-15,0.2000,52.69,yes
2026-10-05T05:14:17.815031Z,KXBTC15M-26OCT050115-15,0.2100,1047.00,yes
2026-10-05T05:14:17.815031Z,KXBTC15M-26OCT050115-15,0.2100,200.00,yes
2026-10-05T05:14:17.815031Z,KXBTC15M-26OCT050115-15,0.2200,177.80,yes
2026-10-05T05:14:17.855817Z,KXBTC15M-26OCT050115-15,0.1900,67.44,no
2026-10-05T05:14:17.856311Z,KXBTC15M-26OCT050115-15,0.2000,2.05,yes
2026-10-05T05:14:17.862973Z,KXBTC15M-26OCT050115-15,0.1900,29.00,no
2026-10-05T05:14:17.863812Z,KXBTC15M-26OCT050115-15,0.2000,13.86,yes
2026-10-05T05:14:17.872956Z,KXBTC15M-26OCT050115-15,0.2000,4.00,yes
2026-10-05T05:14:17.875129Z,KXBTC15M-26OCT050115-15,0.1900,2.40,no
2026-10-05T05:14:17.876258Z,KXBTC15M-26OCT050115-15,0.2000,4.50,yes
2026-10-05T05:14:17.880682Z,KXBTC15M-26OCT050115-15,0.2000,89.36,yes
2026-10-05T05:14:17.880682Z,KXBTC15M-26OCT050115-15,0.2000,0.05,yes
2026-10-05T05:14:17.880682Z,KXBTC15M-26OCT050115-15,0.2000,47.59,yes
2026-10-05T05:14:17.890718Z,KXBTC15M-26OCT050115-15,0.2000,5.68,yes
2026-10-05T05:14:17.89542Z,KXBTC15M-26OCT050115-15,0.2000,18.28,yes
2026-10-05T05:14:17.896046Z,KXBTC15M-26OCT050115-15,0.2000,42.00,yes
2026-10-05T05:14:17.896046Z,KXBTC15M-26OCT050115-15,0.2000,24.00,yes
2026-10-05T05:14:17.896046Z,KXBTC15M-26OCT050115-15,0.2000,72.68,yes
2026-10-05T05:14:17.896046Z,KXBTC15M-26OCT050115-15,0.2000,49.17,yes
2026-10-05T05:14:17.896906Z,KXBTC15M-26OCT050115-15,0.2000,5.00,yes
2026-10-05T05:14:17.897621Z,KXBTC15M-26OCT050115-15,0.1900,7.12,no
2026-10-05T05:14:17.906645Z,KXBTC15M-26OCT050115-15,0.2000,7.97,yes
2026-10-05T05:14:17.921537Z,KXBTC15M-26OCT050115-15,0.2000,332.41,yes
2026-10-05T05:14:17.921537Z,KXBTC15M-26OCT050115-15,0.2000,27.22,yes
2026-10-05T05:14:17.924573Z,KXBTC15M-26OCT050115-15,0.2000,69.60,yes
2026-10-05T05:14:17.932778Z,KXBTC15M-26OCT050115-15,0.1900,6.02,no
2026-10-05T05:14:17.94827Z,KXBTC15M-26OCT050115-15,0.2000,0.42,yes
2026-10-05T05:14:17.955887Z,KXBTC15M-26OCT050115-15,0.2000,12.00,yes
2026-10-05T05:14:17.982388Z,KXBTC15M-26OCT050115-15,0.2000,34.16,yes
2026-10-05T05:14:17.984682Z,KXBTC15M-26OCT050115-15,0.2000,76.00,yes
2026-10-05T05:14:17.987827Z,KXBTC15M-26OCT050115-15,0.1900,4.81,no
2026-10-05T05:14:17.988734Z,KXBTC15M-26OCT050115-15,0.1900,7.34,no
2026-10-05T05:14:17.998957Z,KXBTC15M-26OCT050115-15,0.2000,3.00,yes
2026-10-05T05:14:18.007237Z,KXBTC15M-26OCT050115-15,0.2000,0.36,yes
2026-10-05T05:14:18.020792Z,KXBTC15M-26OCT050115-15,0.1900,2408.67,no
2026-10-05T05:14:18.030243Z,KXBTC15M-26OCT050115-15,0.2000,102.13,yes
2026-10-05T05:14:18.031173Z,KXBTC15M-26OCT050115-15,0.2000,52.36,yes
2026-10-05T05:14:18.035781Z,KXBTC15M-26OCT050115-15,0.1900,1.00,no
2026-10-05T05:14:18.035781Z,KXBTC15M-26OCT050115-15,0.1900,109.00,no
2026-10-05T05:14:18.035781Z,KXBTC15M-26OCT050115-15,0.1900,36.00,no
2026-10-05T05:14:18.035781Z,KXBTC15M-26OCT050115-15,0.1900,0.01,no
2026-10-05T05:14:18.035781Z,KXBTC15M-26OCT050115-15,0.1900,0.01,no
2026-10-05T05:14:18.035781Z,KXBTC15M-26OCT050115-15,0.1900,0.01,no
2026-10-05T05:14:18.036201Z,KXBTC15M-26OCT050115-15,0.1900,24.90,yes
2026-10-05T05:14:18.040601Z,KXBTC15M-26OCT050115-15,0.1700,15.07,no
2026-10-05T05:14:18.040601Z,KXBTC15M-26OCT050115-15,0.1800,67.92,no
2026-10-05T05:14:18.040601Z,KXBTC15M-26OCT050115-15,0.1800,152.00,no
2026-10-05T05:14:18.040601Z,KXBTC15M-26OCT050115-15,0.1700,134.54,no
2026-10-05T05:14:18.043478Z,KXBTC15M-26OCT050115-15,0.1800,1.19,no
2026-10-05T05:14:18.045578Z,KXBTC15M-26OCT050115-15,0.1900,26.84,yes
2026-10-05T05:14:18.045786Z,KXBTC15M-26OCT050115-15,0.1900,5.20,yes
2026-10-05T05:14:18.046393Z,KXBTC15M-26OCT050115-15,0.1900,14.47,yes
2026-10-05T05:14:18.055388Z,KXBTC15M-26OCT050115-15,0.1900,4.73,yes
2026-10-05T05:14:18.05743Z,KXBTC15M-26OCT050115-15,0.1900,44.29,yes
2026-10-05T05:14:18.072407Z,KXBTC15M-26OCT050115-15,0.1900,63.28,yes
2026-10-05T05:14:18.094639Z,KXBTC15M-26OCT050115-15,0.1900,10.61,yes
2026-10-05T05:14:18.106559Z,KXBTC15M-26OCT050115-15,0.1900,0.01,yes
2026-10-05T05:14:18.111511Z,KXBTC15M-26OCT050115-15,0.1800,1.00,no
2026-10-05T05:14:18.116903Z,KXBTC15M-26OCT050115-15,0.1800,32.73,no
2026-10-05T05:14:18.130079Z,KXBTC15M-26OCT050115-15,0.1800,888.00,no
2026-10-05T05:14:18.136045Z,KXBTC15M-26OCT050115-15,0.1800,1202.25,no
2026-10-05T05:14:18.144337Z,KXBTC15M-26OCT050115-15,0.1800,19.43,no
2026-10-05T05:14:18.146174Z,KXBTC15M-26OCT050115-15,0.1900,34.32,yes
2026-10-05T05:14:18.146174Z,KXBTC15M-26OCT050115-15,0.1900,18.51,yes
2026-10-05T05:14:18.148438Z,KXBTC15M-26OCT050115-15,0.1900,5.78,yes
2026-10-05T05:14:18.148877Z,KXBTC15M-26OCT050115-15,0.1800,56.57,no
2026-10-05T05:14:18.148877Z,KXBTC15M-26OCT050115-15,0.1800,0.01,no
2026-10-05T05:14:18.148877Z,KXBTC15M-26OCT050115-15,0.1800,0.01,no
2026-10-05T05:14:18.148877Z,KXBTC15M-26OCT050115-15,0.1700,343.41,no
2026-10-05T05:14:18.153916Z,KXBTC15M-26OCT050115-15,0.1700,67.26,no
2026-10-05T05:14:18.170352Z,KXBTC15M-26OCT050115-15,0.1800,96.74,yes
2026-10-05T05:14:18.170853Z,KXBTC15M-26OCT050115-15,0.1700,5.89,no
2026-10-05T05:14:18.199973Z,KXBTC15M-26OCT050115-15,0.1800,5.78,yes
2026-10-05T05:14:18.212324Z,KXBTC15M-26OCT050115-15,0.1700,2.62,no
2026-10-05T05:14:18.225494Z,KXBTC15M-26OCT050115-15,0.1800,1.20,yes
2026-10-05T05:14:18.231734Z,KXBTC15M-26OCT050115-15,0.1800,0.39,yes
2026-10-05T05:14:18.248212Z,KXBTC15M-26OCT050115-15,0.1800,642.13,yes
2026-10-05T05:14:18.257657Z,KXBTC15M-26OCT050115-15,0.1700,4.00,no
2026-10-05T05:14:18.270111Z,KXBTC15M-26OCT050115-15,0.1800,7.85,yes
2026-10-05T05:14:18.290207Z,KXBTC15M-26OCT050115-15,0.1800,0.01,yes
2026-10-05T05:14:18.290207Z,KXBTC15M-26OCT050115-15,0.1800,186.00,yes
2026-10-05T05:14:18.290207Z,KXBTC15M-26OCT050115-15,0.1800,0.01,yes
2026-10-05T05:14:18.290207Z,KXBTC15M-26OCT050115-15,0.1800,80.00,yes
2026-10-05T05:14:18.290207Z,KXBTC15M-26OCT050115-15,0.1900,1047.00,yes
2026-10-05T05:14:18.290207Z,KXBTC15M-26OCT050115-15,0.1800,3.50,yes
2026-10-05T05:14:18.290207Z,KXBTC15M-26OCT050115-15,0.1800,72.00,yes
2026-10-05T05:14:18.290207Z,KXBTC15M-26OCT050115-15,0.1800,2386.91,yes
2026-10-05T05:14:18.290207Z,KXBTC15M-26OCT050115-15,0.1900,5.00,yes
2026-10-05T05:14:18.30016Z,KXBTC15M-26OCT050115-15,0.1800,1190.02,no
2026-10-05T05:14:18.304726Z,KXBTC15M-26OCT050115-15,0.1800,72.26,no
2026-10-05T05:14:18.308535Z,KXBTC15M-26OCT050115-15,0.1800,5.30,no
2026-10-05T05:14:18.32844Z,KXBTC15M-26OCT050115-15,0.1900,1.00,yes
2026-10-05T05:14:18.329011Z,KXBTC15M-26OCT050115-15,0.1800,1.20,no
2026-10-05T05:14:18.336107Z,KXBTC15M-26OCT050115-15,0.1900,4.73,yes
2026-10-05T05:14:18.337649Z,KXBTC15M-26OCT050115-15,0.1800,10.35,no
2026-10-05T05:14:18.342234Z,KXBTC15M-26OCT050115-15,0.1900,18.60,yes
2026-10-05T05:14:18.351098Z,KXBTC15M-26OCT050115-15,0.1800,58.47,no
2026-10-05T05:14:18.370941Z,KXBTC15M-26OCT050115-15,0.1900,78.00,yes
2026-10-05T05:14:18.373577Z,KXBTC15M-26OCT050115-15,0.1900,9.96,yes
2026-10-05T05:14:18.415212Z,KXBTC15M-26OCT050115-15,0.1900,6.76,yes
2026-10-05T05:14:18.415212Z,KXBTC15M-26OCT050115-15,0.1900,7.71,yes
2026-10-05T05:14:18.426255Z,KXBTC15M-26OCT050115-15,0.1900,6.00,yes
2026-10-05T05:14:18.461431Z,KXBTC15M-26OCT050115-15,0.1800,100.00,no
2026-10-05T05:14:18.466171Z,KXBTC15M-26OCT050115-15,0.1900,47.87,yes
2026-10-05T05:14:18.481697Z,KXBTC15M-26OCT050115-15,0.1900,17.83,yes
2026-10-05T05:14:18.4903Z,KXBTC15M-26OCT050115-15,0.1800,35.71,no
2026-10-05T05:14:18.527868Z,KXBTC15M-26OCT050115-15,0.1900,15.45,yes
2026-10-05T05:14:18.528497Z,KXBTC15M-26OCT050115-15,0.1900,1.81,yes
2026-10-05T05:14:18.545211Z,KXBTC15M-26OCT050115-15,0.1800,30.00,no
2026-10-05T05:14:18.556728Z,KXBTC15M-26OCT050115-15,0.1900,20.51,yes
2026-10-05T05:14:18.561524Z,KXBTC15M-26OCT050115-15,0.1800,2.38,no
2026-10-05T05:14:18.572584Z,KXBTC15M-26OCT050115-15,0.1900,21.26,yes
2026-10-05T05:14:18.573994Z,KXBTC15M-26OCT050115-15,0.1900,17.89,yes
2026-10-05T05:14:18.581471Z,KXBTC15M-26OCT050115-15,0.1800,95.25,no
2026-10-05T05:14:18.587218Z,KXBTC15M-26OCT050115-15,0.1800,7.00,no
2026-10-05T05:14:18.597443Z,KXBTC15M-26OCT050115-15,0.1900,12.61,yes
2026-10-05T05:14:18.603938Z,KXBTC15M-26OCT050115-15,0.1900,19.39,yes
2026-10-05T05:14:18.603938Z,KXBTC15M-26OCT050115-15,0.1900,2.97,yes
2026-10-05T05:14:18.608624Z,KXBTC15M-26OCT050115-15,0.1900,49.80,yes
2026-10-05T05:14:18.609385Z,KXBTC15M-26OCT050115-15,0.1900,110.48,yes
2026-10-05T05:14:18.612731Z,KXBTC15M-26OCT050115-15,0.1800,53.57,no
2026-10-05T05:14:18.630362Z,KXBTC15M-26OCT050115-15,0.1900,8.97,yes
2026-10-05T05:14:18.66043Z,KXBTC15M-26OCT050115-15,0.1900,27.45,yes
2026-10-05T05:14:18.661049Z,KXBTC15M-26OCT050115-15,0.1900,499.15,yes
2026-10-05T05:14:18.662117Z,KXBTC15M-26OCT050115-15,0.1900,68.30,yes
2026-10-05T05:14:18.674948Z,KXBTC15M-26OCT050115-15,0.1800,6.02,no
2026-10-05T05:14:18.675344Z,KXBTC15M-26OCT050115-15,0.1900,96.55,yes
2026-10-05T05:14:18.679322Z,KXBTC15M-26OCT050115-15,0.1800,23.79,no
2026-10-05T05:14:18.691169Z,KXBTC15M-26OCT050115-15,0.1900,328.04,yes
2026-10-05T05:14:18.695492Z,KXBTC15M-26OCT050115-15,0.1900,22.03,yes
2026-10-05T05:14:18.697711Z,KXBTC15M-26OCT050115-15,0.1800,12.00,no
2026-10-05T05:14:18.707216Z,KXBTC15M-26OCT050115-15,0.1900,9.96,yes
2026-10-05T05:14:18.711202Z,KXBTC15M-26OCT050115-15,0.1900,27.32,yes
2026-10-05T05:14:18.711534Z,KXBTC15M-26OCT050115-15,0.1800,227.25,no
2026-10-05T05:14:18.714345Z,KXBTC15M-26OCT050115-15,0.1800,13.78,no
2026-10-05T05:14:18.728779Z,KXBTC15M-26OCT050115-15,0.1800,20.66,no
2026-10-05T05:14:18.731655Z,KXBTC15M-26OCT050115-15,0.1900,8.94,yes
2026-10-05T05:14:18.735904Z,KXBTC15M-26OCT050115-15,0.1900,81.61,yes
2026-10-05T05:14:18.73596Z,KXBTC15M-26OCT050115-15,0.1800,2.00,no
2026-10-05T05:14:18.750252Z,KXBTC15M-26OCT050115-15,0.1900,39.84,yes
2026-10-05T05:14:18.754852Z,KXBTC15M-26OCT050115-15,0.1800,2.81,no
2026-10-05T05:14:18.764077Z,KXBTC15M-26OCT050115-15,0.1900,9.96,yes
2026-10-05T05:14:18.773079Z,KXBTC15M-26OCT050115-15,0.1900,5.78,yes
2026-10-05T05:14:18.780582Z,KXBTC15M-26OCT050115-15,0.1900,39.42,yes
2026-10-05T05:14:18.78252Z,KXBTC15M-26OCT050115-15,0.1900,3.17,yes
2026-10-05T05:14:18.792706Z,KXBTC15M-26OCT050115-15,0.1900,0.22,yes
2026-10-05T05:14:18.796362Z,KXBTC15M-26OCT050115-15,0.1800,1.50,no
2026-10-05T05:14:18.797157Z,KXBTC15M-26OCT050115-15,0.1800,31.53,no
2026-10-05T05:14:18.802934Z,KXBTC15M-26OCT050115-15,0.1800,1138.15,no
2026-10-05T05:14:18.802934Z,KXBTC15M-26OCT050115-15,0.1700,1.00,no
2026-10-05T05:14:18.802934Z,KXBTC15M-26OCT050115-15,0.1700,5.00,no
2026-10-05T05:14:18.802934Z,KXBTC15M-26OCT050115-15,0.1700,118.00,no
2026-10-05T05:14:18.802934Z,KXBTC15M-26OCT050115-15,0.1800,0.01,no
2026-10-05T05:14:18.802934Z,KXBTC15M-26OCT050115-15,0.1800,0.01,no
2026-10-05T05:14:18.802934Z,KXBTC15M-26OCT050115-15,0.1700,489.28,no
2026-10-05T05:14:18.817466Z,KXBTC15M-26OCT050115-15,0.1700,5.62,yes
2026-10-05T05:14:18.819299Z,KXBTC15M-26OCT050115-15,0.1700,4.98,yes
2026-10-05T05:14:18.820663Z,KXBTC15M-26OCT050115-15,0.1700,1.90,yes
2026-10-05T05:14:18.820663Z,KXBTC15M-26OCT050115-15,0.1700,23.08,yes
2026-10-05T05:14:18.820663Z,KXBTC15M-26OCT050115-15,0.1700,0.01,yes
2026-10-05T05:14:18.820663Z,KXBTC15M-26OCT050115-15,0.1700,0.01,yes
2026-10-05T05:14:18.833152Z,KXBTC15M-26OCT050115-15,0.1700,162.92,yes
2026-10-05T05:14:18.833152Z,KXBTC15M-26OCT050115-15,0.1700,4.08,yes
2026-10-05T05:14:18.836117Z,KXBTC15M-26OCT050115-15,0.1700,12.00,yes
2026-10-05T05:14:18.839386Z,KXBTC15M-26OCT050115-15,0.1600,99.97,no
2026-10-05T05:14:18.845011Z,KXBTC15M-26OCT050115-15,0.1600,213.73,no
2026-10-05T05:14:18.853063Z,KXBTC15M-26OCT050115-15,0.1600,27.25,no
2026-10-05T05:14:18.854138Z,KXBTC15M-26OCT050115-15,0.1700,4.00,yes
2026-10-05T05:14:18.854185Z,KXBTC15M-26OCT050115-15,0.1600,32.45,no
2026-10-05T05:14:18.856756Z,KXBTC15M-26OCT050115-15,0.1600,11.82,no
2026-10-05T05:14:18.858075Z,KXBTC15M-26OCT050115-15,0.1700,3.00,yes
2026-10-05T05:14:18.858075Z,KXBTC15M-26OCT050115-15,0.1700,11.47,yes
2026-10-05T05:14:18.871881Z,KXBTC15M-26OCT050115-15,0.1700,137.93,yes
2026-10-05T05:14:18.882051Z,KXBTC15M-26OCT050115-15,0.1700,17.60,yes
2026-10-05T05:14:18.882051Z,KXBTC15M-26OCT050115-15,0.1700,14.47,yes
2026-10-05T05:14:18.882051Z,KXBTC15M-26OCT050115-15,0.1700,12.00,yes
2026-10-05T05:14:18.882051Z,KXBTC15M-26OCT050115-15,0.1700,120.93,yes
2026-10-05T05:14:18.882051Z,KXBTC15M-26OCT050115-15,0.1700,5.00,yes
2026-10-05T05:14:18.882051Z,KXBTC15M-26OCT050115-15,0.1700,4.00,yes
2026-10-05T05:14:18.8857Z,KXBTC15M-26OCT050115-15,0.1600,143.83,no
2026-10-05T05:14:18.900687Z,KXBTC15M-26OCT050115-15,0.1700,4.98,yes
2026-10-05T05:14:18.913522Z,KXBTC15M-26OCT050115-15,0.1700,0.70,yes
2026-10-05T05:14:18.913522Z,KXBTC15M-26OCT050115-15,0.1700,5.00,yes
2026-10-05T05:14:18.913522Z,KXBTC15M-26OCT050115-15,0.1700,12.02,yes
2026-10-05T05:14:18.913522Z,KXBTC15M-26OCT050115-15,0.1700,31.23,yes
2026-10-05T05:14:18.913522Z,KXBTC15M-26OCT050115-15,0.1700,29.60,yes
2026-10-05T05:14:18.914018Z,KXBTC15M-26OCT050115-15,0.1700,17.00,yes
2026-10-05T05:14:18.927555Z,KXBTC15M-26OCT050115-15,0.1700,50.00,yes
2026-10-05T05:14:18.936821Z,KXBTC15M-26OCT050115-15,0.1700,1.00,yes
2026-10-05T05:14:18.949391Z,KXBTC15M-26OCT050115-15,0.1600,2.00,no
2026-10-05T05:14:18.966637Z,KXBTC15M-26OCT050115-15,0.1700,0.01,yes
2026-10-05T05:14:18.966637Z,KXBTC15M-26OCT050115-15,0.1700,72.83,yes
2026-10-05T05:14:18.966637Z,KXBTC15M-26OCT050115-15,0.1700,0.01,yes
2026-10-05T05:14:18.966637Z,KXBTC15M-26OCT050115-15,0.1700,40.17,yes
2026-10-05T05:14:18.966637Z,KXBTC15M-26OCT050115-15,0.1700,5.00,yes
2026-10-05T05:14:18.966637Z,KXBTC15M-26OCT050115-15,0.1700,4.98,yes
2026-10-05T05:14:18.969375Z,KXBTC15M-26OCT050115-15,0.1600,0.23,no
2026-10-05T05:14:18.974584Z,KXBTC15M-26OCT050115-15,0.1700,1.48,yes
2026-10-05T05:14:18.974584Z,KXBTC15M-26OCT050115-15,0.1700,0.02,yes
2026-10-05T05:14:19.004523Z,KXBTC15M-26OCT050115-15,0.1600,5.89,no
2026-10-05T05:14:19.011439Z,KXBTC15M-26OCT050115-15,0.1800,101.10,yes
2026-10-05T05:14:19.011439Z,KXBTC15M-26OCT050115-15,0.1800,0.01,yes
2026-10-05T05:14:19.011439Z,KXBTC15M-26OCT050115-15,0.1700,15.52,yes
2026-10-05T05:14:19.011439Z,KXBTC15M-26OCT050115-15,0.1700,5.00,yes
2026-10-05T05:14:19.011439Z,KXBTC15M-26OCT050115-15,0.1700,51.00,yes
2026-10-05T05:14:19.011439Z,KXBTC15M-26OCT050115-15,0.1700,4.90,yes
2026-10-05T05:14:19.042735Z,KXBTC15M-26OCT050115-15,0.1800,187.85,yes
2026-10-05T05:14:19.048895Z,KXBTC15M-26OCT050115-15,0.1700,2.85,no
2026-10-05T05:14:19.051227Z,KXBTC15M-26OCT050115-15,0.1700,1.16,no
2026-10-05T05:14:19.056968Z,KXBTC15M-26OCT050115-15,0.1700,0.01,no
2026-10-05T05:14:19.056968Z,KXBTC15M-26OCT050115-15,0.1700,0.01,no
2026-10-05T05:14:19.056968Z,KXBTC15M-26OCT050115-15,0.1700,36.57,no
2026-10-05T05:14:19.056968Z,KXBTC15M-26OCT050115-15,0.1700,8.49,no
2026-10-05T05:14:19.060173Z,KXBTC15M-26OCT050115-15,0.1700,83.43,no
2026-10-05T05:14:19.060173Z,KXBTC15M-26OCT050115-15,0.1600,224.61,no
2026-10-05T05:14:19.075406Z,KXBTC15M-26OCT050115-15,0.1800,34.00,yes
2026-10-05T05:14:19.075875Z,KXBTC15M-26OCT050115-15,0.1800,89.00,yes
2026-10-05T05:14:19.077875Z,KXBTC15M-26OCT050115-15,0.1700,118.02,no
2026-10-05T05:14:19.078916Z,KXBTC15M-26OCT050115-15,0.1700,11.79,no
2026-10-05T05:14:19.081098Z,KXBTC15M-26OCT050115-15,0.1700,70.19,no
2026-10-05T05:14:19.081098Z,KXBTC15M-26OCT050115-15,0.1700,0.01,no
2026-10-05T05:14:19.081098Z,KXBTC15M-26OCT050115-15,0.1700,0.01,no
2026-10-05T05:14:19.081098Z,KXBTC15M-26OCT050115-15,0.1600,129.79,no
2026-10-05T05:14:19.093677Z,KXBTC15M-26OCT050115-15,0.1700,1.00,no
2026-10-05T05:14:19.100002Z,KXBTC15M-26OCT050115-15,0.1600,16.47,no
2026-10-05T05:14:19.100002Z,KXBTC15M-26OCT050115-15,0.1600,1.00,no
2026-10-05T05:14:19.100002Z,KXBTC15M-26OCT050115-15,0.1600,19.70,no
2026-10-05T05:14:19.100002Z,KXBTC15M-26OCT050115-15,0.1600,65.60,no
2026-10-05T05:14:19.100002Z,KXBTC15M-26OCT050115-15,0.1600,1.00,no
2026-10-05T05:14:19.100002Z,KXBTC15M-26OCT050115-15,0.1600,0.01,no
2026-10-05T05:14:19.100002Z,KXBTC15M-26OCT050115-15,0.1600,9.27,no
2026-10-05T05:14:19.100002Z,KXBTC15M-26OCT050115-15,0.1600,0.01,no
2026-10-05T05:14:19.100002Z,KXBTC15M-26OCT050115-15,0.1700,78.00,no
2026-10-05T05:14:19.100002Z,KXBTC15M-26OCT050115-15,0.1700,0.01,no
2026-10-05T05:14:19.100002Z,KXBTC15M-26OCT050115-15,0.1700,0.01,no
2026-10-05T05:14:19.100002Z,KXBTC15M-26OCT050115-15,0.1600,155.43,no
2026-10-05T05:14:19.100002Z,KXBTC15M-26OCT050115-15,0.1600,53.49,no
2026-10-05T05:14:19.100084Z,KXBTC15M-26OCT050115-15,0.1600,1.27,no
2026-10-05T05:14:19.108526Z,KXBTC15M-26OCT050115-15,0.1700,2.77,yes
2026-10-05T05:14:19.108845Z,KXBTC15M-26OCT050115-15,0.1800,1201.30,yes
2026-10-05T05:14:19.108845Z,KXBTC15M-26OCT050115-15,0.1700,9.73,yes
2026-10-05T05:14:19.111313Z,KXBTC15M-26OCT050115-15,0.1600,89.46,no
2026-10-05T05:14:19.111313Z,KXBTC15M-26OCT050115-15,0.1600,26.15,no
2026-10-05T05:14:19.131555Z,KXBTC15M-26OCT050115-15,0.1700,5.00,no
2026-10-05T05:14:19.144069Z,KXBTC15M-26OCT050115-15,0.1800,975.00,yes
2026-10-05T05:14:19.146596Z,KXBTC15M-26OCT050115-15,0.1700,0.01,no
2026-10-05T05:14:19.154082Z,KXBTC15M-26OCT050115-15,0.1800,1.09,yes
2026-10-05T05:14:19.154082Z,KXBTC15M-26OCT050115-15,0.1800,32.45,yes
2026-10-05T05:14:19.162116Z,KXBTC15M-26OCT050115-15,0.1800,12.94,yes
2026-10-05T05:14:19.168706Z,KXBTC15M-26OCT050115-15,0.1700,10.61,no
2026-10-05T05:14:19.170832Z,KXBTC15M-26OCT050115-15,0.1700,1.13,no
2026-10-05T05:14:19.171851Z,KXBTC15M-26OCT050115-15,0.1800,263.54,yes
2026-10-05T05:14:19.200708Z,KXBTC15M-26OCT050115-15,0.1700,12.00,no
2026-10-05T05:14:19.205871Z,KXBTC15M-26OCT050115-15,0.1700,158.93,no
2026-10-05T05:14:19.221624Z,KXBTC15M-26OCT050115-15,0.1800,11.18,yes
2026-10-05T05:14:19.23775Z,KXBTC15M-26OCT050115-15,0.1700,1.00,no
2026-10-05T05:14:19.243524Z,KXBTC15M-26OCT050115-15,0.1800,29.89,yes
2026-10-05T05:14:19.243524Z,KXBTC15M-26OCT050115-15,0.1800,62.27,yes
2026-10-05T05:14:19.250292Z,KXBTC15M-26OCT050115-15,0.1800,27.44,yes
2026-10-05T05:14:19.256789Z,KXBTC15M-26OCT050115-15,0.1800,21.86,yes
2026-10-05T05:14:19.262156Z,KXBTC15M-26OCT050115-15,0.1700,8.24,no
2026-10-05T05:14:19.263477Z,KXBTC15M-26OCT050115-15,0.1700,11.39,no
2026-10-05T05:14:19.266868Z,KXBTC15M-26OCT050115-15,0.1700,71.91,no
2026-10-05T05:14:19.276326Z,KXBTC15M-26OCT050115-15,0.1800,120.00,yes
2026-10-05T05:14:19.283744Z,KXBTC15M-26OCT050115-15,0.1800,120.00,yes
2026-10-05T05:14:19.286358Z,KXBTC15M-26OCT050115-15,0.1800,7.81,yes
2026-10-05T05:14:19.299267Z,KXBTC15M-26OCT050115-15,0.1700,111.00,no
2026-10-05T05:14:19.309871Z,KXBTC15M-26OCT050115-15,0.1700,96.00,no
2026-10-05T05:14:19.318432Z,KXBTC15M-26OCT050115-15,0.1800,64.61,yes
2026-10-05T05:14:19.347922Z,KXBTC15M-26OCT050115-15,0.1700,5.88,no
2026-10-05T05:14:19.354702Z,KXBTC15M-26OCT050115-15,0.1800,25.00,yes
2026-10-05T05:14:19.373306Z,KXBTC15M-26OCT050115-15,0.1700,0.01,no
2026-10-05T05:14:19.373306Z,KXBTC15M-26OCT050115-15,0.1700,0.01,no
2026-10-05T05:14:19.373306Z,KXBTC15M-26OCT050115-15,0.1600,64.70,no
2026-10-05T05:14:19.380749Z,KXBTC15M-26OCT050115-15,0.1700,1.00,yes
2026-10-05T05:14:19.380749Z,KXBTC15M-26OCT050115-15,0.1800,0.04,yes
2026-10-05T05:14:19.380749Z,KXBTC15M-26OCT050115-15,0.1700,1.00,yes
2026-10-05T05:14:19.381445Z,KXBTC15M-26OCT050115-15,0.1600,54.96,no
2026-10-05T05:14:19.390413Z,KXBTC15M-26OCT050115-15,0.1600,23.54,no
2026-10-05T05:14:19.414082Z,KXBTC15M-26OCT050115-15,0.1700,60.49,yes
2026-10-05T05:14:19.422909Z,KXBTC15M-26OCT050115-15,0.1700,110.33,yes
2026-10-05T05:14:19.448918Z,KXBTC15M-26OCT050115-15,0.1700,216.90,yes
2026-10-05T05:14:19.449389Z,KXBTC15M-26OCT050115-15,0.1600,250.00,no
2026-10-05T05:14:19.452476Z,KXBTC15M-26OCT050115-15,0.1600,11.66,no
2026-10-05T05:14:19.454823Z,KXBTC15M-26OCT050115-15,0.1600,0.15,no
2026-10-05T05:14:19.463681Z,KXBTC15M-26OCT050115-15,0.1700,10.99,yes
2026-10-05T05:14:19.474386Z,KXBTC15M-26OCT050115-15,0.1700,55.59,yes
2026-10-05T05:14:19.490456Z,KXBTC15M-26OCT050115-15,0.1700,0.08,yes
2026-10-05T05:14:19.510479Z,KXBTC15M-26OCT050115-15,0.1700,2.77,yes
2026-10-05T05:14:19.517228Z,KXBTC15M-26OCT050115-15,0.1600,6.35,no
2026-10-05T05:14:19.528398Z,KXBTC15M-26OCT050115-15,0.1600,1.10,no
2026-10-05T05:14:19.544547Z,KXBTC15M-26OCT050115-15,0.1500,3.94,no
2026-10-05T05:14:19.544547Z,KXBTC15M-26OCT050115-15,0.1500,47.39,no
2026-10-05T05:14:19.544547Z,KXBTC15M-26OCT050115-15,0.1500,20.51,no
2026-10-05T05:14:19.544547Z,KXBTC15M-26OCT050115-15,0.1500,136.35,no
2026-10-05T05:14:19.544547Z,KXBTC15M-26OCT050115-15,0.1500,1.47,no
2026-10-05T05:14:19.544547Z,KXBTC15M-26OCT050115-15,0.1500,30.48,no
2026-10-05T05:14:19.544547Z,KXBTC15M-26OCT050115-15,0.1500,35.00,no
2026-10-05T05:14:19.544547Z,KXBTC15M-26OCT050115-15,0.1500,13.66,no
2026-10-05T05:14:19.544547Z,KXBTC15M-26OCT050115-15,0.1500,37.22,no
2026-10-05T05:14:19.544547Z,KXBTC15M-26OCT050115-15,0.1500,22.00,no
2026-10-05T05:14:19.544547Z,KXBTC15M-26OCT050115-15,0.1500,59.98,no
2026-10-05T05:14:19.544547Z,KXBTC15M-26OCT050115-15,0.1500,50.00,no
2026-10-05T05:14:19.544547Z,KXBTC15M-26OCT050115-15,0.1500,25.22,no
2026-10-05T05:14:19.544547Z,KXBTC15M-26OCT050115-15,0.1500,3.67,no
2026-10-05T05:14:19.544547Z,KXBTC15M-26OCT050115-15,0.1600,0.01,no
2026-10-05T05:14:19.544547Z,KXBTC15M-26OCT050115-15,0.1600,608.39,no
2026-10-05T05:14:19.544547Z,KXBTC15M-26OCT050115-15,0.1500,1.00,no
2026-10-05T05:14:19.544547Z,KXBTC15M-26OCT050115-15,0.1600,2.12,no
2026-10-05T05:14:19.544547Z,KXBTC15M-26OCT050115-15,0.1600,0.01,no
2026-10-05T05:14:19.544547Z,KXBTC15M-26OCT050115-15,0.1500,1047.00,no
2026-10-05T05:14:19.544547Z,KXBTC15M-26OCT050115-15,0.1500,1.00,no
2026-10-05T05:14:19.544547Z,KXBTC15M-26OCT050115-15,0.1500,182.32,no
2026-10-05T05:14:19.544547Z,KXBTC15M-26OCT050115-15,0.1500,23.64,no
2026-10-05T05:14:19.556947Z,KXBTC15M-26OCT050115-15,0.1600,15.60,yes
2026-10-05T05:14:19.568445Z,KXBTC15M-26OCT050115-15,0.1600,178.90,yes
2026-10-05T05:14:19.571915Z,KXBTC15M-26OCT050115-15,0.1500,65.52,no
2026-10-05T05:14:19.574235Z,KXBTC15M-26OCT050115-15,0.1600,48.10,yes
2026-10-05T05:14:19.574235Z,KXBTC15M-26OCT050115-15,0.1600,61.50,yes
2026-10-05T05:14:19.585464Z,KXBTC15M-26OCT050115-15,0.1600,0.33,yes
2026-10-05T05:14:19.585589Z,KXBTC15M-26OCT050115-15,0.1500,69.93,no
2026-10-05T05:14:19.585675Z,KXBTC15M-26OCT050115-15,0.1600,2.67,yes
2026-10-05T05:14:19.586193Z,KXBTC15M-26OCT050115-15,0.1600,256.00,yes
2026-10-05T05:14:19.587357Z,KXBTC15M-26OCT050115-15,0.1600,0.99,yes
2026-10-05T05:14:19.599629Z,KXBTC15M-26OCT050115-15,0.1600,66.33,yes
2026-10-05T05:14:19.599629Z,KXBTC15M-26OCT050115-15,0.1600,0.01,yes
2026-10-05T05:14:19.599629Z,KXBTC15M-26OCT050115-15,0.1600,0.01,yes
2026-10-05T05:14:19.625153Z,KXBTC15M-26OCT050115-15,0.1600,29.91,yes
2026-10-05T05:14:19.641768Z,KXBTC15M-26OCT050115-15,0.1600,10.88,yes
2026-10-05T05:14:19.641768Z,KXBTC15M-26OCT050115-15,0.1600,89.76,yes
2026-10-05T05:14:19.641768Z,KXBTC15M-26OCT050115-15,0.1600,7.00,yes
2026-10-05T05:14:19.647098Z,KXBTC15M-26OCT050115-15,0.1700,0.01,yes
2026-10-05T05:14:19.647098Z,KXBTC15M-26OCT050115-15,0.1600,0.01,yes
2026-10-05T05:14:19.647098Z,KXBTC15M-26OCT050115-15,0.1600,66.33,yes
2026-10-05T05:14:19.647098Z,KXBTC15M-26OCT050115-15,0.1600,29.91,yes
2026-10-05T05:14:19.647098Z,KXBTC15M-26OCT050115-15,0.1700,5.00,yes
2026-10-05T05:14:19.647098Z,KXBTC15M-26OCT050115-15,0.1600,62.12,yes
2026-10-05T05:14:19.647098Z,KXBTC15M-26OCT050115-15,0.1600,0.01,yes
2026-10-05T05:14:19.647098Z,KXBTC15M-26OCT050115-15,0.1700,0.01,yes
2026-10-05T05:14:19.647098Z,KXBTC15M-26OCT050115-15,0.1700,98.44,yes
2026-10-05T05:14:19.657348Z,KXBTC15M-26OCT050115-15,0.1600,59.76,yes
2026-10-05T05:14:19.667007Z,KXBTC15M-26OCT050115-15,0.1600,8.19,yes
2026-10-05T05:14:19.675988Z,KXBTC15M-26OCT050115-15,0.1600,59.76,yes
2026-10-05T05:14:19.675988Z,KXBTC15M-26OCT050115-15,0.1600,7.00,yes
2026-10-05T05:14:19.675988Z,KXBTC15M-26OCT050115-15,0.1600,0.01,yes
2026-10-05T05:14:19.675988Z,KXBTC15M-26OCT050115-15,0.1600,21.81,yes
2026-10-05T05:14:19.675988Z,KXBTC15M-26OCT050115-15,0.1600,96.24,yes
2026-10-05T05:14:19.675988Z,KXBTC15M-26OCT050115-15,0.1600,8.19,yes
2026-10-05T05:14:19.675988Z,KXBTC15M-26OCT050115-15,0.1600,0.01,yes
2026-10-05T05:14:19.675988Z,KXBTC15M-26OCT050115-15,0.1700,59.17,yes
2026-10-05T05:14:19.686177Z,KXBTC15M-26OCT050115-15,0.1700,6.00,yes
2026-10-05T05:14:19.690336Z,KXBTC15M-26OCT050115-15,0.1500,96.91,no
2026-10-05T05:14:19.692157Z,KXBTC15M-26OCT050115-15,0.1600,24.97,yes
2026-10-05T05:14:19.705818Z,KXBTC15M-26OCT050115-15,0.1500,23.33,no
2026-10-05T05:14:19.709761Z,KXBTC15M-26OCT050115-15,0.1700,165.81,yes
2026-10-05T05:14:19.709761Z,KXBTC15M-26OCT050115-15,0.1600,0.01,yes
2026-10-05T05:14:19.709761Z,KXBTC15M-26OCT050115-15,0.1600,24.97,yes
2026-10-05T05:14:19.709761Z,KXBTC15M-26OCT050115-15,0.1700,186.39,yes
2026-10-05T05:14:19.709761Z,KXBTC15M-26OCT050115-15,0.1600,161.03,yes
2026-10-05T05:14:19.709761Z,KXBTC15M-26OCT050115-15,0.1600,0.01,yes
2026-10-05T05:14:19.735773Z,KXBTC15M-26OCT050115-15,0.1500,56.95,no
2026-10-05T05:14:19.737074Z,KXBTC15M-26OCT050115-15,0.1600,55.59,yes
2026-10-05T05:14:19.745056Z,KXBTC15M-26OCT050115-15,0.1500,565.09,no
2026-10-05T05:14:19.747158Z,KXBTC15M-26OCT050115-15,0.1500,346.11,no
2026-10-05T05:14:19.77134Z,KXBTC15M-26OCT050115-15,0.1500,2.29,no
2026-10-05T05:14:19.801361Z,KXBTC15M-26OCT050115-15,0.1500,11.53,no
2026-10-05T05:14:19.810735Z,KXBTC15M-26OCT050115-15,0.1600,38.87,yes
2026-10-05T05:14:19.81694Z,KXBTC15M-26OCT050115-15,0.1500,13.62,no
2026-10-05T05:14:19.817225Z,KXBTC15M-26OCT050115-15,0.1600,11.11,yes
2026-10-05T05:14:19.824459Z,KXBTC15M-26OCT050115-15,0.1500,136.65,no
2026-10-05T05:14:19.827105Z,KXBTC15M-26OCT050115-15,0.1500,200.00,no
2026-10-05T05:14:19.830003Z,KXBTC15M-26OCT050115-15,0.1500,707.77,no
2026-10-05T05:14:19.84943Z,KXBTC15M-26OCT050115-15,0.1600,8.87,yes
2026-10-05T05:14:19.876694Z,KXBTC15M-26OCT050115-15,0.1600,38.00,yes
2026-10-05T05:14:19.891091Z,KXBTC15M-26OCT050115-15,0.1500,8.05,no
2026-10-05T05:14:19.891091Z,KXBTC15M-26OCT050115-15,0.1500,0.01,no
2026-10-05T05:14:19.891091Z,KXBTC15M-26OCT050115-15,0.1500,0.01,no
2026-10-05T05:14:19.893531Z,KXBTC15M-26OCT050115-15,0.1600,4.00,yes
2026-10-05T05:14:19.896148Z,KXBTC15M-26OCT050115-15,0.1400,22.04,no
2026-10-05T05:14:19.896148Z,KXBTC15M-26OCT050115-15,0.1400,1.00,no
2026-10-05T05:14:19.904043Z,KXBTC15M-26OCT050115-15,0.1600,32.80,yes
2026-10-05T05:14:19.912775Z,KXBTC15M-26OCT050115-15,0.1600,30.77,yes
2026-10-05T05:14:19.923228Z,KXBTC15M-26OCT050115-15,0.1500,0.01,no
2026-10-05T05:14:19.923228Z,KXBTC15M-26OCT050115-15,0.1500,0.01,no
2026-10-05T05:14:19.938935Z,KXBTC15M-26OCT050115-15,0.1400,135.31,no
2026-10-05T05:14:19.960068Z,KXBTC15M-26OCT050115-15,0.1500,6.00,yes
2026-10-05T05:14:19.960068Z,KXBTC15M-26OCT050115-15,0.1500,0.01,yes
2026-10-05T05:14:19.960068Z,KXBTC15M-26OCT050115-15,0.1500,6.00,yes
2026-10-05T05:14:19.960068Z,KXBTC15M-26OCT050115-15,0.1500,7.00,yes
2026-10-05T05:14:19.960068Z,KXBTC15M-26OCT050115-15,0.1500,0.01,yes
2026-10-05T05:14:19.960068Z,KXBTC15M-26OCT050115-15,0.1600,8.77,yes
2026-10-05T05:14:19.971814Z,KXBTC15M-26OCT050115-15,0.1400,1.13,no
2026-10-05T05:14:19.973855Z,KXBTC15M-26OCT050115-15,0.1500,28.11,yes
2026-10-05T05:14:19.98087Z,KXBTC15M-26OCT050115-15,0.1500,27.79,yes
2026-10-05T05:14:19.984196Z,KXBTC15M-26OCT050115-15,0.1500,28.11,yes
2026-10-05T05:14:19.984196Z,KXBTC15M-26OCT050115-15,0.1500,0.01,yes
2026-10-05T05:14:19.984196Z,KXBTC15M-26OCT050115-15,0.1500,130.10,yes
2026-10-05T05:14:19.984196Z,KXBTC15M-26OCT050115-15,0.1600,194.55,yes
2026-10-05T05:14:19.984196Z,KXBTC15M-26OCT050115-15,0.1500,6.00,yes
2026-10-05T05:14:19.984196Z,KXBTC15M-26OCT050115-15,0.1500,0.01,yes
2026-10-05T05:14:19.995703Z,KXBTC15M-26OCT050115-15,0.1500,1.36,yes
2026-10-05T05:14:19.998403Z,KXBTC15M-26OCT050115-15,0.1500,5.99,yes
2026-10-05T05:14:19.998403Z,KXBTC15M-26OCT050115-15,0.1500,26.43,yes
2026-10-05T05:14:20.008103Z,KXBTC15M-26OCT050115-15,0.1500,2.00,yes
2026-10-05T05:14:20.02814Z,KXBTC15M-26OCT050115-15,0.1500,4.91,yes
2026-10-05T05:14:20.035879Z,KXBTC15M-26OCT050115-15,0.1400,86.48,no
2026-10-05T05:14:20.05109Z,KXBTC15M-26OCT050115-15,0.1500,29.51,yes
2026-10-05T05:14:20.052278Z,KXBTC15M-26OCT050115-15,0.1400,1.12,no
2026-10-05T05:14:20.056223Z,KXBTC15M-26OCT050115-15,0.1200,141.58,no
2026-10-05T05:14:20.056223Z,KXBTC15M-26OCT050115-15,0.1300,5.58,no
2026-10-05T05:14:20.056223Z,KXBTC15M-26OCT050115-15,0.1400,7.05,no
2026-10-05T05:14:20.056223Z,KXBTC15M-26OCT050115-15,0.1400,38.68,no
2026-10-05T05:14:20.056223Z,KXBTC15M-26OCT050115-15,0.1400,1.00,no
2026-10-05T05:14:20.056223Z,KXBTC15M-26OCT050115-15,0.1400,5.83,no
2026-10-05T05:14:20.056223Z,KXBTC15M-26OCT050115-15,0.1400,8.19,no
2026-10-05T05:14:20.056223Z,KXBTC15M-26OCT050115-15,0.1300,2.98,no
2026-10-05T05:14:20.056223Z,KXBTC15M-26OCT050115-15,0.1400,1.00,no
2026-10-05T05:14:20.056223Z,KXBTC15M-26OCT050115-15,0.1400,129.00,no
2026-10-05T05:14:20.056223Z,KXBTC15M-26OCT050115-15,0.1400,432.00,no
2026-10-05T05:14:20.056223Z,KXBTC15M-26OCT050115-15,0.1400,0.01,no
2026-10-05T05:14:20.056223Z,KXBTC15M-26OCT050115-15,0.1400,244.85,no
2026-10-05T05:14:20.056223Z,KXBTC15M-26OCT050115-15,0.1400,0.01,no
2026-10-05T05:14:20.056223Z,KXBTC15M-26OCT050115-15,0.1300,1.00,no
2026-10-05T05:14:20.056223Z,KXBTC15M-26OCT050115-15,0.1400,48.00,no
2026-10-05T05:14:20.056223Z,KXBTC15M-26OCT050115-15,0.1400,5.00,no
2026-10-05T05:14:20.056223Z,KXBTC15M-26OCT050115-15,0.1300,1.00,no
2026-10-05T05:14:20.056223Z,KXBTC15M-26OCT050115-15,0.1200,1.00,no
2026-10-05T05:14:20.056223Z,KXBTC15M-26OCT050115-15,0.1200,1047.00,no
2026-10-05T05:14:20.056223Z,KXBTC15M-26OCT050115-15,0.1300,1047.00,no
2026-10-05T05:14:20.056223Z,KXBTC15M-26OCT050115-15,0.1400,800.92,no
2026-10-05T05:14:20.056223Z,KXBTC15M-26OCT050115-15,0.1300,51.00,no
2026-10-05T05:14:20.056223Z,KXBTC15M-26OCT050115-15,0.1300,11.98,no
2026-10-05T05:14:20.056223Z,KXBTC15M-26OCT050115-15,0.1300,19.70,no
2026-10-05T05:14:20.056223Z,KXBTC15M-26OCT050115-15,0.1200,1.00,no
2026-10-05T05:14:20.06909Z,KXBTC15M-26OCT050115-15,0.1500,7.68,yes
2026-10-05T05:14:20.06909Z,KXBTC15M-26OCT050115-15,0.1500,78.34,yes
2026-10-05T05:14:20.069701Z,KXBTC15M-26OCT050115-15,0.1400,1.29,no
2026-10-05T05:14:20.072395Z,KXBTC15M-26OCT050115-15,0.1400,68.00,no
2026-10-05T05:14:20.075408Z,KXBTC15M-26OCT050115-15,0.1500,140.55,yes
2026-10-05T05:14:20.108828Z,KXBTC15M-26OCT050115-15,0.1500,2.20,yes
2026-10-05T05:14:20.112895Z,KXBTC15M-26OCT050115-15,0.1400,13.79,no
2026-10-05T05:14:20.127463Z,KXBTC15M-26OCT050115-15,0.1400,39.72,no
2026-10-05T05:14:20.132373Z,KXBTC15M-26OCT050115-15,0.1400,174.00,no
2026-10-05T05:14:20.13327Z,KXBTC15M-26OCT050115-15,0.1400,1.00,no
2026-10-05T05:14:20.137657Z,KXBTC15M-26OCT050115-15,0.1500,7.97,yes
2026-10-05T05:14:20.137931Z,KXBTC15M-26OCT050115-15,0.1400,57.04,no
2026-10-05T05:14:20.140056Z,KXBTC15M-26OCT050115-15,0.1400,195.00,no
2026-10-05T05:14:20.140231Z,KXBTC15M-26OCT050115-15,0.1500,11.36,yes
2026-10-05T05:14:20.143995Z,KXBTC15M-26OCT050115-15,0.1500,485.95,yes
2026-10-05T05:14:20.182689Z,KXBTC15M-26OCT050115-15,0.1500,50.47,yes
2026-10-05T05:14:20.203866Z,KXBTC15M-26OCT050115-15,0.1400,0.01,no
2026-10-05T05:14:20.203866Z,KXBTC15M-26OCT050115-15,0.1300,13.97,no
2026-10-05T05:14:20.203866Z,KXBTC15M-26OCT050115-15,0.1400,0.01,no
2026-10-05T05:14:20.209245Z,KXBTC15M-26OCT050115-15,0.1300,12.90,no
2026-10-05T05:14:20.221183Z,KXBTC15M-26OCT050115-15,0.1400,162.12,yes
2026-10-05T05:14:20.221183Z,KXBTC15M-26OCT050115-15,0.1400,6.00,yes
2026-10-05T05:14:20.221183Z,KXBTC15M-26OCT050115-15,0.1400,0.01,yes
2026-10-05T05:14:20.221183Z,KXBTC15M-26OCT050115-15,0.1400,0.01,yes
2026-10-05T05:14:20.221183Z,KXBTC15M-26OCT050115-15,0.1500,27.56,yes
2026-10-05T05:14:20.221183Z,KXBTC15M-26OCT050115-15,0.1400,186.00,yes
2026-10-05T05:14:20.221183Z,KXBTC15M-26OCT050115-15,0.1400,12.50,yes
2026-10-05T05:14:20.236498Z,KXBTC15M-26OCT050115-15,0.1400,12.00,yes
2026-10-05T05:14:20.241043Z,KXBTC15M-26OCT050115-15,0.1300,24.28,no
2026-10-05T05:14:20.241478Z,KXBTC15M-26OCT050115-15,0.1300,17.11,no
2026-10-05T05:14:20.248405Z,KXBTC15M-26OCT050115-15,0.1300,229.07,no
2026-10-05T05:14:20.263348Z,KXBTC15M-26OCT050115-15,0.1400,36.53,yes
2026-10-05T05:14:20.270452Z,KXBTC15M-26OCT050115-15,0.1400,82.00,yes
2026-10-05T05:14:20.288735Z,KXBTC15M-26OCT050115-15,0.1300,0.01,no
2026-10-05T05:14:20.288735Z,KXBTC15M-26OCT050115-15,0.1300,52.00,no
2026-10-05T05:14:20.288735Z,KXBTC15M-26OCT050115-15,0.1300,1.00,no
2026-10-05T05:14:20.288735Z,KXBTC15M-26OCT050115-15,0.1300,4.00,no
2026-10-05T05:14:20.288735Z,KXBTC15M-26OCT050115-15,0.1300,0.01,no
2026-10-05T05:14:20.288735Z,KXBTC15M-26OCT050115-15,0.1300,878.83,no
2026-10-05T05:14:20.288735Z,KXBTC15M-26OCT050115-15,0.1300,749.67,no
2026-10-05T05:14:20.293413Z,KXBTC15M-26OCT050115-15,0.1400,34.64,yes
2026-10-05T05:14:20.305358Z,KXBTC15M-26OCT050115-15,0.1300,2.25,no
2026-10-05T05:14:20.305811Z,KXBTC15M-26OCT050115-15,0.1400,0.35,yes
2026-10-05T05:14:20.307812Z,KXBTC15M-26OCT050115-15,0.1400,7.86,yes
2026-10-05T05:14:20.307812Z,KXBTC15M-26OCT050115-15,0.1400,0.01,yes
2026-10-05T05:14:20.307812Z,KXBTC15M-26OCT050115-15,0.1400,36.53,yes
2026-10-05T05:14:20.307812Z,KXBTC15M-26OCT050115-15,0.1400,20.48,yes
2026-10-05T05:14:20.307812Z,KXBTC15M-26OCT050115-15,0.1400,58.00,yes
2026-10-05T05:14:20.307812Z,KXBTC15M-26OCT050115-15,0.1400,12.00,yes
2026-10-05T05:14:20.307812Z,KXBTC15M-26OCT050115-15,0.1400,3.54,yes
2026-10-05T05:14:20.307812Z,KXBTC15M-26OCT050115-15,0.1400,0.01,yes
2026-10-05T05:14:20.311875Z,KXBTC15M-26OCT050115-15,0.1300,106.92,no
2026-10-05T05:14:20.311875Z,KXBTC15M-26OCT050115-15,0.1300,118.33,no
2026-10-05T05:14:20.312043Z,KXBTC15M-26OCT050115-15,0.1300,34.22,no
2026-10-05T05:14:20.319386Z,KXBTC15M-26OCT050115-15,0.1300,73.92,no
2026-10-05T05:14:20.329183Z,KXBTC15M-26OCT050115-15,0.1400,9.13,yes
2026-10-05T05:14:20.331106Z,KXBTC15M-26OCT050115-15,0.1400,9.38,yes
2026-10-05T05:14:20.333879Z,KXBTC15M-26OCT050115-15,0.1400,59.95,yes
2026-10-05T05:14:20.333879Z,KXBTC15M-26OCT050115-15,0.1400,142.27,yes
2026-10-05T05:14:20.353332Z,KXBTC15M-26OCT050115-15,0.1300,28.36,no
2026-10-05T05:14:20.353989Z,KXBTC15M-26OCT050115-15,0.1300,20.30,no
2026-10-05T05:14:20.355569Z,KXBTC15M-26OCT050115-15,0.1400,94.59,yes
2026-10-05T05:14:20.363902Z,KXBTC15M-26OCT050115-15,0.1400,62.61,yes
2026-10-05T05:14:20.371122Z,KXBTC15M-26OCT050115-15,0.1400,43.03,yes
2026-10-05T05:14:20.372177Z,KXBTC15M-26OCT050115-15,0.1400,0.01,yes
2026-10-05T05:14:20.372177Z,KXBTC15M-26OCT050115-15,0.1400,56.53,yes
2026-10-05T05:14:20.372177Z,KXBTC15M-26OCT050115-15,0.1500,129.95,yes
2026-10-05T05:14:20.372177Z,KXBTC15M-26OCT050115-15,0.1400,72.90,yes
2026-10-05T05:14:20.372177Z,KXBTC15M-26OCT050115-15,0.1400,0.01,yes
2026-10-05T05:14:20.372177Z,KXBTC15M-26OCT050115-15,0.1400,34.64,yes
2026-10-05T05:14:20.372177Z,KXBTC15M-26OCT050115-15,0.1400,2798.50,yes
2026-10-05T05:14:20.372177Z,KXBTC15M-26OCT050115-15,0.1400,69.33,yes
2026-10-05T05:14:20.372177Z,KXBTC15M-26OCT050115-15,0.1400,9.13,yes
2026-10-05T05:14:20.381304Z,KXBTC15M-26OCT050115-15,0.1400,147.53,no
2026-10-05T05:14:20.389927Z,KXBTC15M-26OCT050115-15,0.1400,233.75,no
2026-10-05T05:14:20.405979Z,KXBTC15M-26OCT050115-15,0.1500,0.64,yes
2026-10-05T05:14:20.405979Z,KXBTC15M-26OCT050115-15,0.1500,0.01,yes
2026-10-05T05:14:20.405979Z,KXBTC15M-26OCT050115-15,0.1500,0.01,yes
2026-10-05T05:14:20.414511Z,KXBTC15M-26OCT050115-15,0.1400,58.16,no
2026-10-05T05:14:20.419418Z,KXBTC15M-26OCT050115-15,0.1400,26.41,no
2026-10-05T05:14:20.435081Z,KXBTC15M-26OCT050115-15,0.1500,1.00,yes
2026-10-05T05:14:20.440383Z,KXBTC15M-26OCT050115-15,0.1500,10.05,yes
2026-10-05T05:14:20.444057Z,KXBTC15M-26OCT050115-15,0.1400,14.00,no
2026-10-05T05:14:20.452728Z,KXBTC15M-26OCT050115-15,0.1400,0.01,no
2026-10-05T05:14:20.460549Z,KXBTC15M-26OCT050115-15,0.1500,2.09,yes
2026-10-05T05:14:20.478135Z,KXBTC15M-26OCT050115-15,0.1500,126.34,yes
2026-10-05T05:14:20.478541Z,KXBTC15M-26OCT050115-15,0.1400,4.01,no
2026-10-05T05:14:20.479561Z,KXBTC15M-26OCT050115-15,0.1400,181.93,no
2026-10-05T05:14:20.480181Z,KXBTC15M-26OCT050115-15,0.1500,17.70,yes
2026-10-05T05:14:20.480782Z,KXBTC15M-26OCT050115-15,0.1400,14.79,no
2026-10-05T05:14:20.491401Z,KXBTC15M-26OCT050115-15,0.1400,77.43,no
2026-10-05T05:14:20.507613Z,KXBTC15M-26OCT050115-15,0.1500,3.89,yes
2026-10-05T05:14:20.513429Z,KXBTC15M-26OCT050115-15,0.1400,148.08,no
2026-10-05T05:14:20.514978Z,KXBTC15M-26OCT050115-15,0.1400,7.69,no
2026-10-05T05:14:20.515489Z,KXBTC15M-26OCT050115-15,0.1500,2.09,yes
2026-10-05T05:14:20.515489Z,KXBTC15M-26OCT050115-15,0.1500,1.64,yes
2026-10-05T05:14:20.515489Z,KXBTC15M-26OCT050115-15,0.1500,6.81,yes
2026-10-05T05:14:20.515489Z,KXBTC15M-26OCT050115-15,0.1500,3.50,yes
2026-10-05T05:14:20.515489Z,KXBTC15M-26OCT050115-15,0.1500,24.29,yes
2026-10-05T05:14:20.515489Z,KXBTC15M-26OCT050115-15,0.1500,16.00,yes
2026-10-05T05:14:20.515489Z,KXBTC15M-26OCT050115-15,0.1500,10.05,yes
2026-10-05T05:14:20.518007Z,KXBTC15M-26OCT050115-15,0.1400,22.45,no
2026-10-05T05:14:20.527317Z,KXBTC15M-26OCT050115-15,0.1400,2.30,no
2026-10-05T05:14:20.534998Z,KXBTC15M-26OCT050115-15,0.1500,254.94,yes
2026-10-05T05:14:20.537201Z,KXBTC15M-26OCT050115-15,0.1500,18.87,yes
2026-10-05T05:14:20.54148Z,KXBTC15M-26OCT050115-15,0.1500,53.17,yes
2026-10-05T05:14:20.560213Z,KXBTC15M-26OCT050115-15,0.1400,17.27,no
2026-10-05T05:14:20.566907Z,KXBTC15M-26OCT050115-15,0.1400,1.00,no
2026-10-05T05:14:20.566907Z,KXBTC15M-26OCT050115-15,0.1300,54.93,no
2026-10-05T05:14:20.566907Z,KXBTC15M-26OCT050115-15,0.1400,1.00,no
2026-10-05T05:14:20.566907Z,KXBTC15M-26OCT050115-15,0.1400,0.01,no
2026-10-05T05:14:20.566907Z,KXBTC15M-26OCT050115-15,0.1400,0.01,no
2026-10-05T05:14:20.567633Z,KXBTC15M-26OCT050115-15,0.1500,18.28,yes
2026-10-05T05:14:20.568893Z,KXBTC15M-26OCT050115-15,0.1500,31.46,yes
2026-10-05T05:14:20.577462Z,KXBTC15M-26OCT050115-15,0.1400,8.10,yes
2026-10-05T05:14:20.581521Z,KXBTC15M-26OCT050115-15,0.1400,141.90,yes
2026-10-05T05:14:20.581521Z,KXBTC15M-26OCT050115-15,0.1400,16.98,yes
2026-10-05T05:14:20.583103Z,KXBTC15M-26OCT050115-15,0.1300,1.76,no
2026-10-05T05:14:20.605508Z,KXBTC15M-26OCT050115-15,0.1300,3.88,no
2026-10-05T05:14:20.608855Z,KXBTC15M-26OCT050115-15,0.1400,0.01,yes
2026-10-05T05:14:20.614215Z,KXBTC15M-26OCT050115-15,0.1400,24.61,yes
2026-10-05T05:14:20.622927Z,KXBTC15M-26OCT050115-15,0.1300,4.00,no
2026-10-05T05:14:20.626895Z,KXBTC15M-26OCT050115-15,0.1400,107.64,yes
2026-10-05T05:14:20.651402Z,KXBTC15M-26OCT050115-15,0.1300,10.00,no
2026-10-05T05:14:20.65886Z,KXBTC15M-26OCT050115-15,0.1400,3.81,yes
2026-10-05T05:14:20.65886Z,KXBTC15M-26OCT050115-15,0.1400,0.76,yes
2026-10-05T05:14:20.666078Z,KXBTC15M-26OCT050115-15,0.1300,6.74,no
2026-10-05T05:14:20.671624Z,KXBTC15M-26OCT050115-15,0.1300,9.02,no
2026-10-05T05:14:20.679206Z,KXBTC15M-26OCT050115-15,0.1400,13.47,yes
2026-10-05T05:14:20.682987Z,KXBTC15M-26OCT050115-15,0.1300,5.69,no
2026-10-05T05:14:20.683529Z,KXBTC15M-26OCT050115-15,0.1300,0.11,no
2026-10-05T05:14:20.706144Z,KXBTC15M-26OCT050115-15,0.1200,44.22,no
2026-10-05T05:14:20.706144Z,KXBTC15M-26OCT050115-15,0.1300,0.01,no
2026-10-05T05:14:20.706144Z,KXBTC15M-26OCT050115-15,0.1300,950.87,no
2026-10-05T05:14:20.706144Z,KXBTC15M-26OCT050115-15,0.1300,0.01,no
2026-10-05T05:14:20.706144Z,KXBTC15M-26OCT050115-15,0.1300,4.00,no
2026-10-05T05:14:20.706144Z,KXBTC15M-26OCT050115-15,0.1300,1.00,no
2026-10-05T05:14:20.716568Z,KXBTC15M-26OCT050115-15,0.1400,67.37,yes
2026-10-05T05:14:20.72408Z,KXBTC15M-26OCT050115-15,0.1400,13.47,yes
2026-10-05T05:14:20.726965Z,KXBTC15M-26OCT050115-15,0.1300,41.41,no
2026-10-05T05:14:20.7274Z,KXBTC15M-26OCT050115-15,0.1300,0.01,no
2026-10-05T05:14:20.730649Z,KXBTC15M-26OCT050115-15,0.1400,8.25,yes
2026-10-05T05:14:20.737508Z,KXBTC15M-26OCT050115-15,0.1300,14.80,no
2026-10-05T05:14:20.740694Z,KXBTC15M-26OCT050115-15,0.1300,14.59,no
2026-10-05T05:14:20.745368Z,KXBTC15M-26OCT050115-15,0.1400,0.77,yes
2026-10-05T05:14:20.748236Z,KXBTC15M-26OCT050115-15,0.1400,5.17,yes
2026-10-05T05:14:20.75133Z,KXBTC15M-26OCT050115-15,0.1400,18.46,yes
2026-10-05T05:14:20.75536Z,KXBTC15M-26OCT050115-15,0.1300,4.00,no
2026-10-05T05:14:20.75536Z,KXBTC15M-26OCT050115-15,0.1300,3070.19,no
2026-10-05T05:14:20.75536Z,KXBTC15M-26OCT050115-15,0.1300,0.01,no
2026-10-05T05:14:20.75536Z,KXBTC15M-26OCT050115-15,0.1300,0.01,no
2026-10-05T05:14:20.756221Z,KXBTC15M-26OCT050115-15,0.1400,6.73,yes
2026-10-05T05:14:20.773599Z,KXBTC15M-26OCT050115-15,0.1200,1.26,no
2026-10-05T05:14:20.795282Z,KXBTC15M-26OCT050115-15,0.1300,125.32,yes
2026-10-05T05:14:20.798515Z,KXBTC15M-26OCT050115-15,0.1300,52.87,yes
2026-10-05T05:14:20.801406Z,KXBTC15M-26OCT050115-15,0.1300,0.87,yes
2026-10-05T05:14:20.804644Z,KXBTC15M-26OCT050115-15,0.1300,144.85,yes
2026-10-05T05:14:20.811184Z,KXBTC15M-26OCT050115-15,0.1300,2.60,yes
2026-10-05T05:14:20.830945Z,KXBTC15M-26OCT050115-15,0.1300,74.57,yes
2026-10-05T05:14:20.843773Z,KXBTC15M-26OCT050115-15,0.1200,0.07,no
2026-10-05T05:14:20.845367Z,KXBTC15M-26OCT050115-15,0.1300,10.00,yes
2026-10-05T05:14:20.851781Z,KXBTC15M-26OCT050115-15,0.1300,0.27,yes
2026-10-05T05:14:20.856881Z,KXBTC15M-26OCT050115-15,0.1300,4.00,yes
2026-10-05T05:14:20.857782Z,KXBTC15M-26OCT050115-15,0.1200,0.11,no
2026-10-05T05:14:20.860917Z,KXBTC15M-26OCT050115-15,0.1200,158.50,no
2026-10-05T05:14:20.861889Z,KXBTC15M-26OCT050115-15,0.1300,5.31,yes
2026-10-05T05:14:20.866643Z,KXBTC15M-26OCT050115-15,0.1300,7.12,yes
2026-10-05T05:14:20.871541Z,KXBTC15M-26OCT050115-15,0.1200,10.78,no
2026-10-05T05:14:20.909653Z,KXBTC15M-26OCT050115-15,0.1200,2.22,no
2026-10-05T05:14:20.917551Z,KXBTC15M-26OCT050115-15,0.1200,55.81,no
2026-10-05T05:14:20.921936Z,KXBTC15M-26OCT050115-15,0.1300,6.73,yes
2026-10-05T05:14:20.926459Z,KXBTC15M-26OCT050115-15,0.1300,3.00,yes
2026-10-05T05:14:20.937552Z,KXBTC15M-26OCT050115-15,0.1200,29.45,no
2026-10-05T05:14:20.937552Z,KXBTC15M-26OCT050115-15,0.1200,9.47,no
2026-10-05T05:14:20.937552Z,KXBTC15M-26OCT050115-15,0.1200,0.10,no
2026-10-05T05:14:20.950625Z,KXBTC15M-26OCT050115-15,0.1300,3.55,yes
2026-10-05T05:14:20.95572Z,KXBTC15M-26OCT050115-15,0.1200,1.12,no
2026-10-05T05:14:20.95572Z,KXBTC15M-26OCT050115-15,0.1200,9.27,no
2026-10-05T05:14:20.957399Z,KXBTC15M-26OCT050115-15,0.1200,40.42,no
2026-10-05T05:14:20.962168Z,KXBTC15M-26OCT050115-15,0.1300,35.79,yes
2026-10-05T05:14:20.971463Z,KXBTC15M-26OCT050115-15,0.1200,19.41,no
2026-10-05T05:14:20.976847Z,KXBTC15M-26OCT050115-15,0.1300,12.78,yes
2026-10-05T05:14:20.991601Z,KXBTC15M-26OCT050115-15,0.1300,6.73,yes
2026-10-05T05:14:20.994213Z,KXBTC15M-26OCT050115-15,0.1200,63.94,no
2026-10-05T05:14:20.994213Z,KXBTC15M-26OCT050115-15,0.1200,45.66,no
2026-10-05T05:14:20.994213Z,KXBTC15M-26OCT050115-15,0.1200,103.17,no
2026-10-05T05:14:20.995814Z,KXBTC15M-26OCT050115-15,0.1200,4.45,no
2026-10-05T05:14:20.999953Z,KXBTC15M-26OCT050115-15,0.1300,21.86,yes
2026-10-05T05:14:21.002691Z,KXBTC15M-26OCT050115-15,0.1200,215.50,no
2026-10-05T05:14:21.009313Z,KXBTC15M-26OCT050115-15,0.1200,327.98,no
2026-10-05T05:14:21.011835Z,KXBTC15M-26OCT050115-15,0.1200,0.01,no
2026-10-05T05:14:21.011835Z,KXBTC15M-26OCT050115-15,0.1200,0.01,no
2026-10-05T05:14:21.011835Z,KXBTC15M-26OCT050115-15,0.1200,395.90,no
2026-10-05T05:14:21.011835Z,KXBTC15M-26OCT050115-15,0.1100,1.00,no
2026-10-05T05:14:21.011835Z,KXBTC15M-26OCT050115-15,0.1100,583.07,no
2026-10-05T05:14:21.018576Z,KXBTC15M-26OCT050115-15,0.1200,136.98,yes
2026-10-05T05:14:21.018576Z,KXBTC15M-26OCT050115-15,0.1300,11.52,yes
2026-10-05T05:14:21.018576Z,KXBTC15M-26OCT050115-15,0.1200,12.50,yes
2026-10-05T05:14:21.026353Z,KXBTC15M-26OCT050115-15,0.1300,537.91,yes
2026-10-05T05:14:21.026353Z,KXBTC15M-26OCT050115-15,0.1200,0.01,yes
2026-10-05T05:14:21.026353Z,KXBTC15M-26OCT050115-15,0.1200,0.01,yes
2026-10-05T05:14:21.026477Z,KXBTC15M-26OCT050115-15,0.1200,0.01,no
2026-10-05T05:14:21.027512Z,KXBTC15M-26OCT050115-15,0.1200,28.20,no
2026-10-05T05:14:21.030344Z,KXBTC15M-26OCT050115-15,0.1000,82.20,no
2026-10-05T05:14:21.030344Z,KXBTC15M-26OCT050115-15,0.1000,7.85,no
2026-10-05T05:14:21.030344Z,KXBTC15M-26OCT050115-15,0.1100,1595.77,no
2026-10-05T05:14:21.030344Z,KXBTC15M-26OCT050115-15,0.1000,2.00,no
2026-10-05T05:14:21.030344Z,KXBTC15M-26OCT050115-15,0.1000,1.00,no
2026-10-05T05:14:21.030344Z,KXBTC15M-26OCT050115-15,0.1000,8.20,no
2026-10-05T05:14:21.030344Z,KXBTC15M-26OCT050115-15,0.1100,3.00,no
2026-10-05T05:14:21.030344Z,KXBTC15M-26OCT050115-15,0.1000,100.54,no
2026-10-05T05:14:21.030344Z,KXBTC15M-26OCT050115-15,0.1000,41.03,no
2026-10-05T05:14:21.030344Z,KXBTC15M-26OCT050115-15,0.1000,24.59,no
2026-10-05T05:14:21.030344Z,KXBTC15M-26OCT050115-15,0.1000,10.68,no
2026-10-05T05:14:21.030344Z,KXBTC15M-26OCT050115-15,0.1100,1.52,no
2026-10-05T05:14:21.030344Z,KXBTC15M-26OCT050115-15,0.1000,50.00,no
2026-10-05T05:14:21.030344Z,KXBTC15M-26OCT050115-15,0.1100,30.00,no
2026-10-05T05:14:21.030344Z,KXBTC15M-26OCT050115-15,0.1000,12.50,no
2026-10-05T05:14:21.030344Z,KXBTC15M-26OCT050115-15,0.1000,13.29,no
2026-10-05T05:14:21.030344Z,KXBTC15M-26OCT050115-15,0.1100,5.00,no
2026-10-05T05:14:21.030344Z,KXBTC15M-26OCT050115-15,0.1100,158.00,no
2026-10-05T05:14:21.030344Z,KXBTC15M-26OCT050115-15,0.1000,1.00,no
2026-10-05T05:14:21.030344Z,KXBTC15M-26OCT050115-15,0.1100,0.01,no
2026-10-05T05:14:21.030344Z,KXBTC15M-26OCT050115-15,0.1100,0.01,no
2026-10-05T05:14:21.030344Z,KXBTC15M-26OCT050115-15,0.1200,121.79,no
2026-10-05T05:14:21.030344Z,KXBTC15M-26OCT050115-15,0.0950,1.00,no
2026-10-05T05:14:21.030344Z,KXBTC15M-26OCT050115-15,0.0960,1.00,no
2026-10-05T05:14:21.030344Z,KXBTC15M-26OCT050115-15,0.0900,1.00,no
2026-10-05T05:14:21.030344Z,KXBTC15M-26OCT050115-15,0.1000,1.00,no
2026-10-05T05:14:21.030344Z,KXBTC15M-26OCT050115-15,0.1000,30.00,no
2026-10-05T05:14:21.030344Z,KXBTC15M-26OCT050115-15,0.0930,1.00,no
2026-10-05T05:14:21.030344Z,KXBTC15M-26OCT050115-15,0.0990,1.00,no
2026-10-05T05:14:21.030344Z,KXBTC15M-26OCT050115-15,0.0910,1.00,no
2026-10-05T05:14:21.030344Z,KXBTC15M-26OCT050115-15,0.0920,1.00,no
2026-10-05T05:14:21.030344Z,KXBTC15M-26OCT050115-15,0.0970,1.00,no
2026-10-05T05:14:21.030344Z,KXBTC15M-26OCT050115-15,0.0940,1.00,no
2026-10-05T05:14:21.030344Z,KXBTC15M-26OCT050115-15,0.0980,1.00,no
2026-10-05T05:14:21.030344Z,KXBTC15M-26OCT050115-15,0.0980,1047.00,no
2026-10-05T05:14:21.030344Z,KXBTC15M-26OCT050115-15,0.1100,463.93,no
2026-10-05T05:14:21.030344Z,KXBTC15M-26OCT050115-15,0.1000,1047.00,no
2026-10-05T05:14:21.030344Z,KXBTC15M-26OCT050115-15,0.0960,1047.00,no
2026-10-05T05:14:21.030344Z,KXBTC15M-26OCT050115-15,0.0940,1047.00,no
2026-10-05T05:14:21.030344Z,KXBTC15M-26OCT050115-15,0.0920,1047.00,no
2026-10-05T05:14:21.030344Z,KXBTC15M-26OCT050115-15,0.0900,433.22,no
2026-10-05T05:14:21.030344Z,KXBTC15M-26OCT050115-15,0.1000,111.81,no
2026-10-05T05:14:21.030344Z,KXBTC15M-26OCT050115-15,0.1000,100.00,no
2026-10-05T05:14:21.04551Z,KXBTC15M-26OCT050115-15,0.0960,0.60,yes
2026-10-05T05:14:21.052322Z,KXBTC15M-26OCT050115-15,0.0950,1.06,no
2026-10-05T05:14:21.068596Z,KXBTC15M-26OCT050115-15,0.0960,228.00,yes
2026-10-05T05:14:21.085203Z,KXBTC15M-26OCT050115-15,0.0900,17.73,no
2026-10-05T05:14:21.085203Z,KXBTC15M-26OCT050115-15,0.0910,74.00,no
2026-10-05T05:14:21.085203Z,KXBTC15M-26OCT050115-15,0.0920,73.00,no
2026-10-05T05:14:21.085203Z,KXBTC15M-26OCT050115-15,0.0950,566.94,no
2026-10-05T05:14:21.085203Z,KXBTC15M-26OCT050115-15,0.0950,0.01,no
2026-10-05T05:14:21.085203Z,KXBTC15M-26OCT050115-15,0.0950,0.01,no
2026-10-05T05:14:21.085203Z,KXBTC15M-26OCT050115-15,0.0900,8.79,no
2026-10-05T05:14:21.085203Z,KXBTC15M-26OCT050115-15,0.0900,98.52,no
2026-10-05T05:14:21.091258Z,KXBTC15M-26OCT050115-15,0.0950,150.00,yes
2026-10-05T05:14:21.091258Z,KXBTC15M-26OCT050115-15,0.0950,89.36,yes
2026-10-05T05:14:21.101978Z,KXBTC15M-26OCT050115-15,0.0950,0.01,yes
2026-10-05T05:14:21.101978Z,KXBTC15M-26OCT050115-15,0.0950,8.00,yes
2026-10-05T05:14:21.101978Z,KXBTC15M-26OCT050115-15,0.0960,341.98,yes
2026-10-05T05:14:21.101978Z,KXBTC15M-26OCT050115-15,0.0950,150.00,yes
2026-10-05T05:14:21.101978Z,KXBTC15M-26OCT050115-15,0.0940,186.00,yes
2026-10-05T05:14:21.101978Z,KXBTC15M-26OCT050115-15,0.0950,0.01,yes
2026-10-05T05:14:21.114532Z,KXBTC15M-26OCT050115-15,0.0950,81.93,yes
2026-10-05T05:14:21.114532Z,KXBTC15M-26OCT050115-15,0.0940,0.01,yes
2026-10-05T05:14:21.114532Z,KXBTC15M-26OCT050115-15,0.0940,7.00,yes
2026-10-05T05:14:21.114532Z,KXBTC15M-26OCT050115-15,0.0940,0.01,yes
2026-10-05T05:14:21.114532Z,KXBTC15M-26OCT050115-15,0.0930,11.05,yes
2026-10-05T05:14:21.128078Z,KXBTC15M-26OCT050115-15,0.0940,5.59,no
2026-10-05T05:14:21.146349Z,KXBTC15M-26OCT050115-15,0.0950,33.68,yes
2026-10-05T05:14:21.148606Z,KXBTC15M-26OCT050115-15,0.0950,14.22,yes
2026-10-05T05:14:21.170625Z,KXBTC15M-26OCT050115-15,0.0950,0.85,yes
2026-10-05T05:14:21.194873Z,KXBTC15M-26OCT050115-15,0.0950,88.08,yes
2026-10-05T05:14:21.194873Z,KXBTC15M-26OCT050115-15,0.0950,0.01,yes
2026-10-05T05:14:21.209858Z,KXBTC15M-26OCT050115-15,0.0950,72.50,yes
2026-10-05T05:14:21.222174Z,KXBTC15M-26OCT050115-15,0.0950,9.85,yes
2026-10-05T05:14:21.234308Z,KXBTC15M-26OCT050115-15,0.0940,1.10,no
2026-10-05T05:14:21.237956Z,KXBTC15M-26OCT050115-15,0.0950,268.00,yes
2026-10-05T05:14:21.247783Z,KXBTC15M-26OCT050115-15,0.0950,6.00,yes
2026-10-05T05:14:21.269409Z,KXBTC15M-26OCT050115-15,0.0940,143.31,no
2026-10-05T05:14:21.269409Z,KXBTC15M-26OCT050115-15,0.0940,150.00,no
2026-10-05T05:14:21.269409Z,KXBTC15M-26OCT050115-15,0.0940,105.40,no
2026-10-05T05:14:21.269409Z,KXBTC15M-26OCT050115-15,0.0940,150.00,no
2026-10-05T05:14:21.274902Z,KXBTC15M-26OCT050115-15,0.0950,72.00,yes
2026-10-05T05:14:21.298479Z,KXBTC15M-26OCT050115-15,0.0950,91.33,yes
2026-10-05T05:14:21.308849Z,KXBTC15M-26OCT050115-15,0.0950,6.73,yes
2026-10-05T05:14:21.320271Z,KXBTC15M-26OCT050115-15,0.0940,1.10,no
2026-10-05T05:14:21.32134Z,KXBTC15M-26OCT050115-15,0.0950,0.47,yes
2026-10-05T05:14:21.333104Z,KXBTC15M-26OCT050115-15,0.0950,5.78,yes
2026-10-05T05:14:21.33673Z,KXBTC15M-26OCT050115-15,0.0950,3.62,yes
2026-10-05T05:14:21.338908Z,KXBTC15M-26OCT050115-15,0.0950,6.03,yes
2026-10-05T05:14:21.338908Z,KXBTC15M-26OCT050115-15,0.0950,0.07,yes
2026-10-05T05:14:21.338908Z,KXBTC15M-26OCT050115-15,0.0950,6.00,yes
2026-10-05T05:14:21.338908Z,KXBTC15M-26OCT050115-15,0.0950,0.01,yes
2026-10-05T05:14:21.338908Z,KXBTC15M-26OCT050115-15,0.0950,0.01,yes
2026-10-05T05:14:21.338908Z,KXBTC15M-26OCT050115-15,0.0950,0.01,yes
2026-10-05T05:14:21.338908Z,KXBTC15M-26OCT050115-15,0.0950,0.01,yes
2026-10-05T05:14:21.339034Z,KXBTC15M-26OCT050115-15,0.0940,6.29,no
2026-10-05T05:14:21.34655Z,KXBTC15M-26OCT050115-15,0.0940,6.00,no
2026-10-05T05:14:21.348405Z,KXBTC15M-26OCT050115-15,0.0950,23.42,yes
2026-10-05T05:14:21.366954Z,KXBTC15M-26OCT050115-15,0.0940,16.44,no
2026-10-05T05:14:21.371585Z,KXBTC15M-26OCT050115-15,0.0940,5.38,no
2026-10-05T05:14:21.372106Z,KXBTC15M-26OCT050115-15,0.0950,10.00,yes
2026-10-05T05:14:21.383227Z,KXBTC15M-26OCT050115-15,0.0950,6.01,yes
2026-10-05T05:14:21.390436Z,KXBTC15M-26OCT050115-15,0.0940,11.92,no
2026-10-05T05:14:21.419151Z,KXBTC15M-26OCT050115-15,0.0900,15.29,no
2026-10-05T05:14:21.419151Z,KXBTC15M-26OCT050115-15,0.0900,116.04,no
2026-10-05T05:14:21.419151Z,KXBTC15M-26OCT050115-15,0.0890,8.00,no
2026-10-05T05:14:21.419151Z,KXBTC15M-26OCT050115-15,0.0940,0.01,no
2026-10-05T05:14:21.419151Z,KXBTC15M-26OCT050115-15,0.0940,434.81,no
2026-10-05T05:14:21.419151Z,KXBTC15M-26OCT050115-15,0.0940,2988.47,no
2026-10-05T05:14:21.419151Z,KXBTC15M-26OCT050115-15,0.0940,0.01,no
2026-10-05T05:14:21.419151Z,KXBTC15M-26OCT050115-15,0.0910,1047.00,no
2026-10-05T05:14:21.419151Z,KXBTC15M-26OCT050115-15,0.0900,50.00,no
2026-10-05T05:14:21.419151Z,KXBTC15M-26OCT050115-15,0.0940,160.00,no
2026-10-05T05:14:21.419151Z,KXBTC15M-26OCT050115-15,0.0890,1.00,no
2026-10-05T05:14:21.419151Z,KXBTC15M-26OCT050115-15,0.0880,1.00,no
2026-10-05T05:14:21.419151Z,KXBTC15M-26OCT050115-15,0.0880,626.84,no
2026-10-05T05:14:21.432716Z,KXBTC15M-26OCT050115-15,0.0870,8.00,no
2026-10-05T05:14:21.432716Z,KXBTC15M-26OCT050115-15,0.0810,7.55,no
2026-10-05T05:14:21.432716Z,KXBTC15M-26OCT050115-15,0.0820,1.00,no
2026-10-05T05:14:21.432716Z,KXBTC15M-26OCT050115-15,0.0860,1.00,no
2026-10-05T05:14:21.432716Z,KXBTC15M-26OCT050115-15,0.0830,1.00,no
2026-10-05T05:14:21.432716Z,KXBTC15M-26OCT050115-15,0.0870,1.00,no
2026-10-05T05:14:21.432716Z,KXBTC15M-26OCT050115-15,0.0840,1.00,no
2026-10-05T05:14:21.432716Z,KXBTC15M-26OCT050115-15,0.0850,1.00,no
2026-10-05T05:14:21.432716Z,KXBTC15M-26OCT050115-15,0.0810,1.00,no
2026-10-05T05:14:21.433818Z,KXBTC15M-26OCT050115-15,0.0800,9.91,no
2026-10-05T05:14:21.433818Z,KXBTC15M-26OCT050115-15,0.0810,0.45,no
2026-10-05T05:14:21.433818Z,KXBTC15M-26OCT050115-15,0.0800,0.38,no
2026-10-05T05:14:21.443012Z,KXBTC15M-26OCT050115-15,0.0880,196.00,yes
2026-10-05T05:14:21.446797Z,KXBTC15M-26OCT050115-15,0.0880,0.02,yes
2026-10-05T05:14:21.455541Z,KXBTC15M-26OCT050115-15,0.0880,19.00,yes
2026-10-05T05:14:21.456566Z,KXBTC15M-26OCT050115-15,0.0880,0.01,yes
2026-10-05T05:14:21.456566Z,KXBTC15M-26OCT050115-15,0.0880,112.12,yes
2026-10-05T05:14:21.456566Z,KXBTC15M-26OCT050115-15,0.0880,7.00,yes
2026-10-05T05:14:21.456566Z,KXBTC15M-26OCT050115-15,0.0880,0.01,yes
2026-10-05T05:14:21.456566Z,KXBTC15M-26OCT050115-15,0.0880,156.86,yes
2026-10-05T05:14:21.459796Z,KXBTC15M-26OCT050115-15,0.0880,29.14,yes
2026-10-05T05:14:21.459796Z,KXBTC15M-26OCT050115-15,0.0890,27.66,yes
2026-10-05T05:14:21.472521Z,KXBTC15M-26OCT050115-15,0.0870,21.47,no
2026-10-05T05:14:21.472521Z,KXBTC15M-26OCT050115-15,0.0870,0.01,no
2026-10-05T05:14:21.472521Z,KXBTC15M-26OCT050115-15,0.0870,0.01,no
2026-10-05T05:14:21.473042Z,KXBTC15M-26OCT050115-15,0.0880,3.08,yes
2026-10-05T05:14:21.473042Z,KXBTC15M-26OCT050115-15,0.0880,0.01,yes
2026-10-05T05:14:21.4769Z,KXBTC15M-26OCT050115-15,0.0870,19.44,no
2026-10-05T05:14:21.481796Z,KXBTC15M-26OCT050115-15,0.0880,153.78,yes
2026-10-05T05:14:21.481796Z,KXBTC15M-26OCT050115-15,0.0880,14.47,yes
2026-10-05T05:14:21.49968Z,KXBTC15M-26OCT050115-15,0.0880,14.67,yes
2026-10-05T05:14:21.49968Z,KXBTC15M-26OCT050115-15,0.0880,23.33,yes
2026-10-05T05:14:21.502209Z,KXBTC15M-26OCT050115-15,0.0810,20.57,no
2026-10-05T05:14:21.502209Z,KXBTC15M-26OCT050115-15,0.0870,0.01,no
2026-10-05T05:14:21.502209Z,KXBTC15M-26OCT050115-15,0.0870,0.01,no
2026-10-05T05:14:21.502209Z,KXBTC15M-26OCT050115-15,0.0870,10.00,no
2026-10-05T05:14:21.505191Z,KXBTC15M-26OCT050115-15,0.0880,18.67,yes
2026-10-05T05:14:21.505191Z,KXBTC15M-26OCT050115-15,0.0880,0.01,yes
2026-10-05T05:14:21.505191Z,KXBTC15M-26OCT050115-15,0.0880,191.23,yes
2026-10-05T05:14:21.505191Z,KXBTC15M-26OCT050115-15,0.0880,0.01,yes
2026-10-05T05:14:21.505191Z,KXBTC15M-26OCT050115-15,0.0880,3.08,yes
2026-10-05T05:14:21.506986Z,KXBTC15M-26OCT050115-15,0.0880,18.51,yes
2026-10-05T05:14:21.508817Z,KXBTC15M-26OCT050115-15,0.0800,19.54,no
2026-10-05T05:14:21.508817Z,KXBTC15M-26OCT050115-15,0.0800,93.02,no
2026-10-05T05:14:21.508817Z,KXBTC15M-26OCT050115-15,0.0800,3.00,no
2026-10-05T05:14:21.508817Z,KXBTC15M-26OCT050115-15,0.0800,1.00,no
2026-10-05T05:14:21.508817Z,KXBTC15M-26OCT050115-15,0.0800,139.78,no
2026-10-05T05:14:21.508817Z,KXBTC15M-26OCT050115-15,0.0800,7.09,no
2026-10-05T05:14:21.508817Z,KXBTC15M-26OCT050115-15,0.0800,1.63,no
2026-10-05T05:14:21.508817Z,KXBTC15M-26OCT050115-15,0.0800,49.26,no
2026-10-05T05:14:21.508817Z,KXBTC15M-26OCT050115-15,0.0730,8.00,no
2026-10-05T05:14:21.508817Z,KXBTC15M-26OCT050115-15,0.0810,0.01,no
2026-10-05T05:14:21.508817Z,KXBTC15M-26OCT050115-15,0.0810,62.43,no
2026-10-05T05:14:21.508817Z,KXBTC15M-26OCT050115-15,0.0700,1.00,no
2026-10-05T05:14:21.508817Z,KXBTC15M-26OCT050115-15,0.0700,264.16,no
2026-10-05T05:14:21.508817Z,KXBTC15M-26OCT050115-15,0.0720,1047.00,no
2026-10-05T05:14:21.508817Z,KXBTC15M-26OCT050115-15,0.0710,1.00,no
2026-10-05T05:14:21.508817Z,KXBTC15M-26OCT050115-15,0.0720,1.00,no
2026-10-05T05:14:21.508817Z,KXBTC15M-26OCT050115-15,0.0730,1.00,no
2026-10-05T05:14:21.508817Z,KXBTC15M-26OCT050115-15,0.0750,1.00,no
2026-10-05T05:14:21.508817Z,KXBTC15M-26OCT050115-15,0.0740,1.00,no
2026-10-05T05:14:21.52708Z,KXBTC15M-26OCT050115-15,0.0810,0.01,no
2026-10-05T05:14:21.52708Z,KXBTC15M-26OCT050115-15,0.0810,0.01,no
2026-10-05T05:14:21.52708Z,KXBTC15M-26OCT050115-15,0.0800,0.01,no
2026-10-05T05:14:21.52708Z,KXBTC15M-26OCT050115-15,0.0700,1.21,no
2026-10-05T05:14:21.527889Z,KXBTC15M-26OCT050115-15,0.0810,2.92,yes
2026-10-05T05:14:21.537991Z,KXBTC15M-26OCT050115-15,0.0710,1046.00,yes
2026-10-05T05:14:21.562781Z,KXBTC15M-26OCT050115-15,0.0710,471.00,yes
2026-10-05T05:14:21.566348Z,KXBTC15M-26OCT050115-15,0.0710,2.65,yes
2026-10-05T05:14:21.566815Z,KXBTC15M-26OCT050115-15,0.0710,0.63,yes
2026-10-05T05:14:21.580067Z,KXBTC15M-26OCT050115-15,0.0700,33.17,no
2026-10-05T05:14:21.613161Z,KXBTC15M-26OCT050115-15,0.0710,0.01,yes
2026-10-05T05:14:21.613161Z,KXBTC15M-26OCT050115-15,0.0770,19.77,yes
2026-10-05T05:14:21.613161Z,KXBTC15M-26OCT050115-15,0.0710,0.01,yes
2026-10-05T05:14:21.619869Z,KXBTC15M-26OCT050115-15,0.0770,9.89,yes
2026-10-05T05:14:21.623375Z,KXBTC15M-26OCT050115-15,0.0710,73.27,no
2026-10-05T05:14:21.629958Z,KXBTC15M-26OCT050115-15,0.0790,150.56,yes
2026-10-05T05:14:21.629958Z,KXBTC15M-26OCT050115-15,0.0770,0.01,yes
2026-10-05T05:14:21.629958Z,KXBTC15M-26OCT050115-15,0.0770,0.01,yes
2026-10-05T05:14:21.629958Z,KXBTC15M-26OCT050115-15,0.0770,1017.34,yes
2026-10-05T05:14:21.629958Z,KXBTC15M-26OCT050115-15,0.0780,7.00,yes
2026-10-05T05:14:21.656741Z,KXBTC15M-26OCT050115-15,0.0830,43.46,yes
2026-10-05T05:14:21.656741Z,KXBTC15M-26OCT050115-15,0.0830,6.00,yes
2026-10-05T05:14:21.656741Z,KXBTC15M-26OCT050115-15,0.0820,0.01,yes
2026-10-05T05:14:21.656741Z,KXBTC15M-26OCT050115-15,0.0810,0.01,yes
2026-10-05T05:14:21.656741Z,KXBTC15M-26OCT050115-15,0.0820,0.01,yes
2026-10-05T05:14:21.660594Z,KXBTC15M-26OCT050115-15,0.0810,0.01,yes
2026-10-05T05:14:21.660594Z,KXBTC15M-26OCT050115-15,0.0820,2.05,yes
2026-10-05T05:14:21.661311Z,KXBTC15M-26OCT050115-15,0.0810,6.36,no
2026-10-05T05:14:21.668986Z,KXBTC15M-26OCT050115-15,0.0810,0.92,no
2026-10-05T05:14:21.678999Z,KXBTC15M-26OCT050115-15,0.0810,16.11,no
2026-10-05T05:14:21.68122Z,KXBTC15M-26OCT050115-15,0.0820,0.01,yes
2026-10-05T05:14:21.68122Z,KXBTC15M-26OCT050115-15,0.0820,177.99,yes
2026-10-05T05:14:21.694082Z,KXBTC15M-26OCT050115-15,0.0810,8.59,no
2026-10-05T05:14:21.706027Z,KXBTC15M-26OCT050115-15,0.0810,2.95,no
2026-10-05T05:14:21.708583Z,KXBTC15M-26OCT050115-15,0.0810,0.01,no
2026-10-05T05:14:21.708583Z,KXBTC15M-26OCT050115-15,0.0800,84.00,no
2026-10-05T05:14:21.708583Z,KXBTC15M-26OCT050115-15,0.0800,15.82,no
2026-10-05T05:14:21.708583Z,KXBTC15M-26OCT050115-15,0.0810,115.07,no
2026-10-05T05:14:21.708583Z,KXBTC15M-26OCT050115-15,0.0810,0.01,no
2026-10-05T05:14:21.71097Z,KXBTC15M-26OCT050115-15,0.0790,107.17,no
2026-10-05T05:14:21.71097Z,KXBTC15M-26OCT050115-15,0.0790,0.01,no
2026-10-05T05:14:21.71097Z,KXBTC15M-26OCT050115-15,0.0790,10.00,no
2026-10-05T05:14:21.71097Z,KXBTC15M-26OCT050115-15,0.0790,0.01,no
2026-10-05T05:14:21.720139Z,KXBTC15M-26OCT050115-15,0.0770,8.00,no
2026-10-05T05:14:21.720139Z,KXBTC15M-26OCT050115-15,0.0800,0.01,no
2026-10-05T05:14:21.720139Z,KXBTC15M-26OCT050115-15,0.0790,169.00,no
2026-10-05T05:14:21.720139Z,KXBTC15M-26OCT050115-15,0.0760,276.27,no
2026-10-05T05:14:21.720139Z,KXBTC15M-26OCT050115-15,0.0800,84.00,no
2026-10-05T05:14:21.720139Z,KXBTC15M-26OCT050115-15,0.0800,0.01,no
2026-10-05T05:14:21.721165Z,KXBTC15M-26OCT050115-15,0.0820,2.28,yes
2026-10-05T05:14:21.722207Z,KXBTC15M-26OCT050115-15,0.0820,1.81,yes
2026-10-05T05:14:21.723927Z,KXBTC15M-26OCT050115-15,0.0810,7.51,no
2026-10-05T05:14:21.72738Z,KXBTC15M-26OCT050115-15,0.0820,0.05,yes
2026-10-05T05:14:21.730163Z,KXBTC15M-26OCT050115-15,0.0820,19.79,yes
2026-10-05T05:14:21.733181Z,KXBTC15M-26OCT050115-15,0.0810,429.83,no
2026-10-05T05:14:21.733778Z,KXBTC15M-26OCT050115-15,0.0810,0.01,no
2026-10-05T05:14:21.733778Z,KXBTC15M-26OCT050115-15,0.0790,40.62,no
2026-10-05T05:14:21.733778Z,KXBTC15M-26OCT050115-15,0.0810,0.01,no
2026-10-05T05:14:21.733778Z,KXBTC15M-26OCT050115-15,0.0810,51.36,no
2026-10-05T05:14:21.735737Z,KXBTC15M-26OCT050115-15,0.0750,8.00,no
2026-10-05T05:14:21.735737Z,KXBTC15M-26OCT050115-15,0.0790,759.38,no
2026-10-05T05:14:21.735737Z,KXBTC15M-26OCT050115-15,0.0790,0.01,no
2026-10-05T05:14:21.735737Z,KXBTC15M-26OCT050115-15,0.0790,0.01,no
2026-10-05T05:14:21.735737Z,KXBTC15M-26OCT050115-15,0.0740,16.96,no
2026-10-05T05:14:21.735737Z,KXBTC15M-26OCT050115-15,0.0770,8.00,no
2026-10-05T05:14:21.740691Z,KXBTC15M-26OCT050115-15,0.0740,1.57,no
2026-10-05T05:14:21.767884Z,KXBTC15M-26OCT050115-15,0.0750,0.01,no
2026-10-05T05:14:21.767884Z,KXBTC15M-26OCT050115-15,0.0750,0.01,no
2026-10-05T05:14:21.767884Z,KXBTC15M-26OCT050115-15,0.0740,852.25,no
2026-10-05T05:14:21.767884Z,KXBTC15M-26OCT050115-15,0.0750,1.00,no
2026-10-05T05:14:21.767884Z,KXBTC15M-26OCT050115-15,0.0750,200.00,no
2026-10-05T05:14:21.768698Z,KXBTC15M-26OCT050115-15,0.0800,25.88,yes
2026-10-05T05:14:21.769938Z,KXBTC15M-26OCT050115-15,0.0740,92.27,no
2026-10-05T05:14:21.77488Z,KXBTC15M-26OCT050115-15,0.0800,249.00,yes
2026-10-05T05:14:21.77488Z,KXBTC15M-26OCT050115-15,0.0790,28.00,yes
2026-10-05T05:14:21.776068Z,KXBTC15M-26OCT050115-15,0.0770,9.50,yes
2026-10-05T05:14:21.778656Z,KXBTC15M-26OCT050115-15,0.0770,43.18,yes
2026-10-05T05:14:21.780629Z,KXBTC15M-26OCT050115-15,0.0750,59.30,no
2026-10-05T05:14:21.789972Z,KXBTC15M-26OCT050115-15,0.0750,16.05,no
2026-10-05T05:14:21.818494Z,KXBTC15M-26OCT050115-15,0.0760,25.00,yes
2026-10-05T05:14:21.823689Z,KXBTC15M-26OCT050115-15,0.0740,0.01,no
2026-10-05T05:14:21.823689Z,KXBTC15M-26OCT050115-15,0.0710,8.00,no
2026-10-05T05:14:21.823689Z,KXBTC15M-26OCT050115-15,0.0750,0.01,no
2026-10-05T05:14:21.823689Z,KXBTC15M-26OCT050115-15,0.0750,0.01,no
2026-10-05T05:14:21.823689Z,KXBTC15M-26OCT050115-15,0.0750,14.65,no
2026-10-05T05:14:21.823689Z,KXBTC15M-26OCT050115-15,0.0740,0.01,no
2026-10-05T05:14:21.823689Z,KXBTC15M-26OCT050115-15,0.0700,4.49,no
2026-10-05T05:14:21.827937Z,KXBTC15M-26OCT050115-15,0.0760,81.29,yes
2026-10-05T05:14:21.840345Z,KXBTC15M-26OCT050115-15,0.0740,0.01,no
2026-10-05T05:14:21.840345Z,KXBTC15M-26OCT050115-15,0.0740,0.01,no
2026-10-05T05:14:21.840345Z,KXBTC15M-26OCT050115-15,0.0730,2.98,no
2026-10-05T05:14:21.84847Z,KXBTC15M-26OCT050115-15,0.0750,2.58,yes
2026-10-05T05:14:21.871578Z,KXBTC15M-26OCT050115-15,0.0730,96.19,no
2026-10-05T05:14:21.876318Z,KXBTC15M-26OCT050115-15,0.0730,2.09,no
2026-10-05T05:14:21.883625Z,KXBTC15M-26OCT050115-15,0.0720,146.57,no
2026-10-05T05:14:21.883625Z,KXBTC15M-26OCT050115-15,0.0730,0.01,no
2026-10-05T05:14:21.883625Z,KXBTC15M-26OCT050115-15,0.0730,0.01,no
2026-10-05T05:14:21.8882Z,KXBTC15M-26OCT050115-15,0.0740,0.01,yes
2026-10-05T05:14:21.8882Z,KXBTC15M-26OCT050115-15,0.0740,3.98,yes
2026-10-05T05:14:21.8882Z,KXBTC15M-26OCT050115-15,0.0740,0.01,yes
2026-10-05T05:14:21.893452Z,KXBTC15M-26OCT050115-15,0.0720,36.04,no
2026-10-05T05:14:21.899988Z,KXBTC15M-26OCT050115-15,0.0740,1.00,yes
2026-10-05T05:14:21.899988Z,KXBTC15M-26OCT050115-15,0.0760,0.01,yes
2026-10-05T05:14:21.899988Z,KXBTC15M-26OCT050115-15,0.0760,2.94,yes
2026-10-05T05:14:21.899988Z,KXBTC15M-26OCT050115-15,0.0760,0.01,yes
2026-10-05T05:14:21.899988Z,KXBTC15M-26OCT050115-15,0.0740,0.01,yes
2026-10-05T05:14:21.899988Z,KXBTC15M-26OCT050115-15,0.0740,0.01,yes
2026-10-05T05:14:21.899988Z,KXBTC15M-26OCT050115-15,0.0750,0.01,yes
2026-10-05T05:14:21.899988Z,KXBTC15M-26OCT050115-15,0.0750,0.01,yes
2026-10-05T05:14:21.916509Z,KXBTC15M-26OCT050115-15,0.0700,0.25,no
2026-10-05T05:14:21.916509Z,KXBTC15M-26OCT050115-15,0.0700,87.09,no
2026-10-05T05:14:21.916509Z,KXBTC15M-26OCT050115-15,0.0700,5.62,no
2026-10-05T05:14:21.916509Z,KXBTC15M-26OCT050115-15,0.0700,1.62,no
2026-10-05T05:14:21.916509Z,KXBTC15M-26OCT050115-15,0.0700,3.52,no
2026-10-05T05:14:21.916509Z,KXBTC15M-26OCT050115-15,0.0700,1.05,no
2026-10-05T05:14:21.916509Z,KXBTC15M-26OCT050115-15,0.0700,12.50,no
2026-10-05T05:14:21.916509Z,KXBTC15M-26OCT050115-15,0.0710,0.01,no
2026-10-05T05:14:21.916509Z,KXBTC15M-26OCT050115-15,0.0720,0.01,no
2026-10-05T05:14:21.916509Z,KXBTC15M-26OCT050115-15,0.0700,13.90,no
2026-10-05T05:14:21.916509Z,KXBTC15M-26OCT050115-15,0.0710,0.01,no
2026-10-05T05:14:21.916509Z,KXBTC15M-26OCT050115-15,0.0720,0.01,no
2026-10-05T05:14:21.916509Z,KXBTC15M-26OCT050115-15,0.0700,26.73,no
2026-10-05T05:14:21.916509Z,KXBTC15M-26OCT050115-15,0.0700,13.51,no
2026-10-05T05:14:21.92488Z,KXBTC15M-26OCT050115-15,0.0740,34.70,yes
2026-10-05T05:14:21.925697Z,KXBTC15M-26OCT050115-15,0.0680,99.00,no
2026-10-05T05:14:21.925697Z,KXBTC15M-26OCT050115-15,0.0720,0.01,no
2026-10-05T05:14:21.925697Z,KXBTC15M-26OCT050115-15,0.0700,78.01,no
2026-10-05T05:14:21.925697Z,KXBTC15M-26OCT050115-15,0.0660,25.19,no
2026-10-05T05:14:21.925697Z,KXBTC15M-26OCT050115-15,0.0670,9.00,no
2026-10-05T05:14:21.925697Z,KXBTC15M-26OCT050115-15,0.0720,0.01,no
2026-10-05T05:14:21.925697Z,KXBTC15M-26OCT050115-15,0.0680,1.00,no
2026-10-05T05:14:21.925697Z,KXBTC15M-26OCT050115-15,0.0670,1.00,no
2026-10-05T05:14:21.925697Z,KXBTC15M-26OCT050115-15,0.0660,1.00,no
2026-10-05T05:14:21.925697Z,KXBTC15M-26OCT050115-15,0.0690,1.00,no
2026-10-05T05:14:21.927965Z,KXBTC15M-26OCT050115-15,0.0660,415.98,no
2026-10-05T05:14:21.927965Z,KXBTC15M-26OCT050115-15,0.0680,99.00,no
2026-10-05T05:14:21.927965Z,KXBTC15M-26OCT050115-15,0.0700,0.01,no
2026-10-05T05:14:21.934635Z,KXBTC15M-26OCT050115-15,0.0660,605.83,no
2026-10-05T05:14:21.934635Z,KXBTC15M-26OCT050115-15,0.0670,9.00,no
2026-10-05T05:14:21.934635Z,KXBTC15M-26OCT050115-15,0.0720,0.01,no
2026-10-05T05:14:21.934635Z,KXBTC15M-26OCT050115-15,0.0630,1.00,no
2026-10-05T05:14:21.934635Z,KXBTC15M-26OCT050115-15,0.0650,1.00,no
2026-10-05T05:14:21.934635Z,KXBTC15M-26OCT050115-15,0.0620,1.00,no
2026-10-05T05:14:21.934635Z,KXBTC15M-26OCT050115-15,0.0640,1.00,no
2026-10-05T05:14:21.934635Z,KXBTC15M-26OCT050115-15,0.0620,232.48,no
2026-10-05T05:14:21.937357Z,KXBTC15M-26OCT050115-15,0.0730,245.84,yes
2026-10-05T05:14:21.953863Z,KXBTC15M-26OCT050115-15,0.0680,0.01,no
2026-10-05T05:14:21.953863Z,KXBTC15M-26OCT050115-15,0.0670,5.25,no
2026-10-05T05:14:21.953863Z,KXBTC15M-26OCT050115-15,0.0680,0.01,no
2026-10-05T05:14:21.960151Z,KXBTC15M-26OCT050115-15,0.0680,150.00,yes
2026-10-05T05:14:21.960151Z,KXBTC15M-26OCT050115-15,0.0700,0.01,yes
2026-10-05T05:14:21.960151Z,KXBTC15M-26OCT050115-15,0.0730,101.06,yes
2026-10-05T05:14:21.960151Z,KXBTC15M-26OCT050115-15,0.0690,1.00,yes
2026-10-05T05:14:21.960151Z,KXBTC15M-26OCT050115-15,0.0730,0.01,yes
2026-10-05T05:14:21.960151Z,KXBTC15M-26OCT050115-15,0.0680,150.00,yes
2026-10-05T05:14:21.960151Z,KXBTC15M-26OCT050115-15,0.0730,21.00,yes
2026-10-05T05:14:21.960151Z,KXBTC15M-26OCT050115-15,0.0670,150.00,yes
2026-10-05T05:14:21.960151Z,KXBTC15M-26OCT050115-15,0.0690,0.01,yes
2026-10-05T05:14:21.960151Z,KXBTC15M-26OCT050115-15,0.0700,3141.00,yes
2026-10-05T05:14:21.960151Z,KXBTC15M-26OCT050115-15,0.0690,0.01,yes
2026-10-05T05:14:21.960151Z,KXBTC15M-26OCT050115-15,0.0690,7.00,yes
2026-10-05T05:14:21.960151Z,KXBTC15M-26OCT050115-15,0.0730,0.01,yes
2026-10-05T05:14:21.960151Z,KXBTC15M-26OCT050115-15,0.0700,0.01,yes
2026-10-05T05:14:21.964832Z,KXBTC15M-26OCT050115-15,0.0730,16.31,yes
2026-10-05T05:14:21.964832Z,KXBTC15M-26OCT050115-15,0.0680,0.01,yes
2026-10-05T05:14:21.964832Z,KXBTC15M-26OCT050115-15,0.0680,0.01,yes
2026-10-05T05:14:21.964832Z,KXBTC15M-26OCT050115-15,0.0730,32.02,yes
2026-10-05T05:14:21.96973Z,KXBTC15M-26OCT050115-15,0.0760,0.01,yes
2026-10-05T05:14:21.96973Z,KXBTC15M-26OCT050115-15,0.0750,3.79,yes
2026-10-05T05:14:21.96973Z,KXBTC15M-26OCT050115-15,0.0730,32.61,yes
2026-10-05T05:14:21.96973Z,KXBTC15M-26OCT050115-15,0.0730,7.00,yes
2026-10-05T05:14:21.96973Z,KXBTC15M-26OCT050115-15,0.0820,86.30,yes
2026-10-05T05:14:21.974148Z,KXBTC15M-26OCT050115-15,0.0730,16.19,yes
2026-10-05T05:14:21.974148Z,KXBTC15M-26OCT050115-15,0.0730,0.01,yes
2026-10-05T05:14:21.974148Z,KXBTC15M-26OCT050115-15,0.0730,0.01,yes
2026-10-05T05:14:21.982539Z,KXBTC15M-26OCT050115-15,0.0720,89.96,no
2026-10-05T05:14:21.992544Z,KXBTC15M-26OCT050115-15,0.0730,0.01,yes
2026-10-05T05:14:21.992544Z,KXBTC15M-26OCT050115-15,0.0780,16.92,yes
2026-10-05T05:14:21.992544Z,KXBTC15M-26OCT050115-15,0.0730,0.01,yes
2026-10-05T05:14:21.997791Z,KXBTC15M-26OCT050115-15,0.0730,3.46,no
2026-10-05T05:14:22.012914Z,KXBTC15M-26OCT050115-15,0.0740,1.38,no
2026-10-05T05:14:22.015208Z,KXBTC15M-26OCT050115-15,0.0740,51.72,no
2026-10-05T05:14:22.017623Z,KXBTC15M-26OCT050115-15,0.0780,70.28,yes
2026-10-05T05:14:22.02531Z,KXBTC15M-26OCT050115-15,0.0810,7.00,yes
2026-10-05T05:14:22.02531Z,KXBTC15M-26OCT050115-15,0.0780,0.01,yes
2026-10-05T05:14:22.02531Z,KXBTC15M-26OCT050115-15,0.0780,0.01,yes
2026-10-05T05:14:22.02531Z,KXBTC15M-26OCT050115-15,0.0810,1.11,yes
2026-10-05T05:14:22.02531Z,KXBTC15M-26OCT050115-15,0.0790,0.01,yes
2026-10-05T05:14:22.02531Z,KXBTC15M-26OCT050115-15,0.0820,6.25,yes
2026-10-05T05:14:22.028068Z,KXBTC15M-26OCT050115-15,0.0740,12.01,no
2026-10-05T05:14:22.028955Z,KXBTC15M-26OCT050115-15,0.0820,3.31,yes
2026-10-05T05:14:22.029154Z,KXBTC15M-26OCT050115-15,0.0740,0.01,no
2026-10-05T05:14:22.029154Z,KXBTC15M-26OCT050115-15,0.0730,64.94,no
2026-10-05T05:14:22.029154Z,KXBTC15M-26OCT050115-15,0.0740,27.27,no
2026-10-05T05:14:22.029154Z,KXBTC15M-26OCT050115-15,0.0740,0.01,no
2026-10-05T05:14:22.029154Z,KXBTC15M-26OCT050115-15,0.0740,8.00,no
2026-10-05T05:14:22.045004Z,KXBTC15M-26OCT050115-15,0.0740,0.01,yes
2026-10-05T05:14:22.045004Z,KXBTC15M-26OCT050115-15,0.0740,0.01,yes
2026-10-05T05:14:22.045004Z,KXBTC15M-26OCT050115-15,0.0800,51.40,yes
2026-10-05T05:14:22.047362Z,KXBTC15M-26OCT050115-15,0.0810,57.28,yes
2026-10-05T05:14:22.047362Z,KXBTC15M-26OCT050115-15,0.0810,0.01,yes
2026-10-05T05:14:22.051977Z,KXBTC15M-26OCT050115-15,0.0730,1.04,no
2026-10-05T05:14:22.057523Z,KXBTC15M-26OCT050115-15,0.0730,5.00,no
2026-10-05T05:14:22.059539Z,KXBTC15M-26OCT050115-15,0.0730,13.66,no
2026-10-05T05:14:22.063207Z,KXBTC15M-26OCT050115-15,0.0730,13.62,no
2026-10-05T05:14:22.06463Z,KXBTC15M-26OCT050115-15,0.0730,27.24,no
2026-10-05T05:14:22.074131Z,KXBTC15M-26OCT050115-15,0.0730,409.95,no
2026-10-05T05:14:22.074131Z,KXBTC15M-26OCT050115-15,0.0730,0.01,no
2026-10-05T05:14:22.074131Z,KXBTC15M-26OCT050115-15,0.0730,8.00,no
2026-10-05T05:14:22.074131Z,KXBTC15M-26OCT050115-15,0.0730,0.01,no
2026-10-05T05:14:22.074131Z,KXBTC15M-26OCT050115-15,0.0720,139.53,no
2026-10-05T05:14:22.07658Z,KXBTC15M-26OCT050115-15,0.0740,0.01,yes
2026-10-05T05:14:22.07658Z,KXBTC15M-26OCT050115-15,0.0740,0.01,yes
2026-10-05T05:14:22.07658Z,KXBTC15M-26OCT050115-15,0.0760,33.66,yes
2026-10-05T05:14:22.093341Z,KXBTC15M-26OCT050115-15,0.0750,252.00,yes
2026-10-05T05:14:22.093341Z,KXBTC15M-26OCT050115-15,0.0750,34.46,yes
2026-10-05T05:14:22.102253Z,KXBTC15M-26OCT050115-15,0.0750,5.78,yes
2026-10-05T05:14:22.114154Z,KXBTC15M-26OCT050115-15,0.0740,21.00,no
2026-10-05T05:14:22.117623Z,KXBTC15M-26OCT050115-15,0.0750,45.42,yes
2026-10-05T05:14:22.135244Z,KXBTC15M-26OCT050115-15,0.0750,2.00,yes
2026-10-05T05:14:22.136786Z,KXBTC15M-26OCT050115-15,0.0740,0.01,no
2026-10-05T05:14:22.136786Z,KXBTC15M-26OCT050115-15,0.0740,0.01,no
2026-10-05T05:14:22.136786Z,KXBTC15M-26OCT050115-15,0.0730,1.98,no
2026-10-05T05:14:22.137119Z,KXBTC15M-26OCT050115-15,0.0730,4.20,no
2026-10-05T05:14:22.137878Z,KXBTC15M-26OCT050115-15,0.0750,39.36,yes
2026-10-05T05:14:22.151919Z,KXBTC15M-26OCT050115-15,0.0750,62.61,yes
2026-10-05T05:14:22.155336Z,KXBTC15M-26OCT050115-15,0.0750,1.13,yes
2026-10-05T05:14:22.16464Z,KXBTC15M-26OCT050115-15,0.0730,1.82,no
2026-10-05T05:14:22.16464Z,KXBTC15M-26OCT050115-15,0.0730,0.01,no
2026-10-05T05:14:22.16464Z,KXBTC15M-26OCT050115-15,0.0730,0.01,no
2026-10-05T05:14:22.16464Z,KXBTC15M-26OCT050115-15,0.0730,6.18,no
2026-10-05T05:14:22.16464Z,KXBTC15M-26OCT050115-15,0.0720,46.31,no
2026-10-05T05:14:22.168109Z,KXBTC15M-26OCT050115-15,0.0740,25.00,yes
2026-10-05T05:14:22.168719Z,KXBTC15M-26OCT050115-15,0.0740,1.40,yes
2026-10-05T05:14:22.168841Z,KXBTC15M-26OCT050115-15,0.0740,15.02,yes
2026-10-05T05:14:22.177571Z,KXBTC15M-26OCT050115-15,0.0720,139.73,no
2026-10-05T05:14:22.180741Z,KXBTC15M-26OCT050115-15,0.0730,18.95,yes
2026-10-05T05:14:22.185596Z,KXBTC15M-26OCT050115-15,0.0720,213.51,no
2026-10-05T05:14:22.186291Z,KXBTC15M-26OCT050115-15,0.0720,1.67,no
2026-10-05T05:14:22.188814Z,KXBTC15M-26OCT050115-15,0.0720,2.08,no
2026-10-05T05:14:22.191045Z,KXBTC15M-26OCT050115-15,0.0730,3.71,yes
2026-10-05T05:14:22.207604Z,KXBTC15M-26OCT050115-15,0.0720,28.98,no
2026-10-05T05:14:22.214919Z,KXBTC15M-26OCT050115-15,0.0720,2.97,no
2026-10-05T05:14:22.223588Z,KXBTC15M-26OCT050115-15,0.0730,3.65,yes
2026-10-05T05:14:22.226157Z,KXBTC15M-26OCT050115-15,0.0720,0.01,no
2026-10-05T05:14:22.226157Z,KXBTC15M-26OCT050115-15,0.0700,0.73,no
2026-10-05T05:14:22.226157Z,KXBTC15M-26OCT050115-15,0.0720,0.01,no
2026-10-05T05:14:22.234772Z,KXBTC15M-26OCT050115-15,0.0700,0.01,no
2026-10-05T05:14:22.234772Z,KXBTC15M-26OCT050115-15,0.0700,8.00,no
2026-10-05T05:14:22.234772Z,KXBTC15M-26OCT050115-15,0.0700,0.01,no
2026-10-05T05:14:22.234772Z,KXBTC15M-26OCT050115-15,0.0690,234.18,no
2026-10-05T05:14:22.23808Z,KXBTC15M-26OCT050115-15,0.0690,6.99,no
2026-10-05T05:14:22.24008Z,KXBTC15M-26OCT050115-15,0.0730,0.01,yes
2026-10-05T05:14:22.24008Z,KXBTC15M-26OCT050115-15,0.0740,157.76,yes
2026-10-05T05:14:22.24008Z,KXBTC15M-26OCT050115-15,0.0730,3.71,yes
2026-10-05T05:14:22.24008Z,KXBTC15M-26OCT050115-15,0.0730,159.69,yes
2026-10-05T05:14:22.24008Z,KXBTC15M-26OCT050115-15,0.0740,0.01,yes
2026-10-05T05:14:22.24008Z,KXBTC15M-26OCT050115-15,0.0740,0.01,yes
2026-10-05T05:14:22.24008Z,KXBTC15M-26OCT050115-15,0.0730,148.00,yes
2026-10-05T05:14:22.24008Z,KXBTC15M-26OCT050115-15,0.0730,0.01,yes
2026-10-05T05:14:22.24008Z,KXBTC15M-26OCT050115-15,0.0730,18.95,yes
2026-10-05T05:14:22.248642Z,KXBTC15M-26OCT050115-15,0.0740,0.01,yes
2026-10-05T05:14:22.248642Z,KXBTC15M-26OCT050115-15,0.0740,0.01,yes
2026-10-05T05:14:22.248642Z,KXBTC15M-26OCT050115-15,0.0740,43.24,yes
2026-10-05T05:14:22.248642Z,KXBTC15M-26OCT050115-15,0.0750,170.37,yes
2026-10-05T05:14:22.250067Z,KXBTC15M-26OCT050115-15,0.0700,0.01,no
2026-10-05T05:14:22.250067Z,KXBTC15M-26OCT050115-15,0.0700,0.01,no
2026-10-05T05:14:22.250067Z,KXBTC15M-26OCT050115-15,0.0730,0.01,no
2026-10-05T05:14:22.250067Z,KXBTC15M-26OCT050115-15,0.0700,8.00,no
2026-10-05T05:14:22.250067Z,KXBTC15M-26OCT050115-15,0.0690,112.37,no
2026-10-05T05:14:22.267011Z,KXBTC15M-26OCT050115-15,0.0750,0.93,yes
2026-10-05T05:14:22.269869Z,KXBTC15M-26OCT050115-15,0.0700,0.01,no
2026-10-05T05:14:22.269869Z,KXBTC15M-26OCT050115-15,0.0730,0.01,no
2026-10-05T05:14:22.269869Z,KXBTC15M-26OCT050115-15,0.0730,0.01,no
2026-10-05T05:14:22.269869Z,KXBTC15M-26OCT050115-15,0.0690,236.76,no
2026-10-05T05:14:22.270752Z,KXBTC15M-26OCT050115-15,0.0730,4.47,yes
2026-10-05T05:14:22.288276Z,KXBTC15M-26OCT050115-15,0.0680,9.00,no
2026-10-05T05:14:22.288276Z,KXBTC15M-26OCT050115-15,0.0690,0.01,no
2026-10-05T05:14:22.288276Z,KXBTC15M-26OCT050115-15,0.0690,0.01,no
2026-10-05T05:14:22.288276Z,KXBTC15M-26OCT050115-15,0.0670,101.48,no
2026-10-05T05:14:22.288706Z,KXBTC15M-26OCT050115-15,0.0670,31.38,no
2026-10-05T05:14:22.288938Z,KXBTC15M-26OCT050115-15,0.0670,44.64,no
2026-10-05T05:14:22.290047Z,KXBTC15M-26OCT050115-15,0.0700,6.06,yes
2026-10-05T05:14:22.290047Z,KXBTC15M-26OCT050115-15,0.0730,0.01,yes
2026-10-05T05:14:22.290047Z,KXBTC15M-26OCT050115-15,0.0700,0.01,yes
2026-10-05T05:14:22.290047Z,KXBTC15M-26OCT050115-15,0.0730,0.01,yes
2026-10-05T05:14:22.290047Z,KXBTC15M-26OCT050115-15,0.0700,0.01,yes
2026-10-05T05:14:22.290047Z,KXBTC15M-26OCT050115-15,0.0700,1.10,yes
2026-10-05T05:14:22.290047Z,KXBTC15M-26OCT050115-15,0.0740,7.00,yes
2026-10-05T05:14:22.290047Z,KXBTC15M-26OCT050115-15,0.0750,48.41,yes
2026-10-05T05:14:22.294428Z,KXBTC15M-26OCT050115-15,0.0720,49.72,yes
2026-10-05T05:14:22.304572Z,KXBTC15M-26OCT050115-15,0.0600,19.32,no
2026-10-05T05:14:22.304572Z,KXBTC15M-26OCT050115-15,0.0620,814.52,no
2026-10-05T05:14:22.304572Z,KXBTC15M-26OCT050115-15,0.0580,19.61,no
2026-10-05T05:14:22.304572Z,KXBTC15M-26OCT050115-15,0.0600,1047.00,no
2026-10-05T05:14:22.304572Z,KXBTC15M-26OCT050115-15,0.0580,1.00,no
2026-10-05T05:14:22.304572Z,KXBTC15M-26OCT050115-15,0.0610,1.00,no
2026-10-05T05:14:22.304572Z,KXBTC15M-26OCT050115-15,0.0600,1.00,no
2026-10-05T05:14:22.304572Z,KXBTC15M-26OCT050115-15,0.0590,1.00,no
2026-10-05T05:14:22.304572Z,KXBTC15M-26OCT050115-15,0.0690,0.01,no
2026-10-05T05:14:22.304572Z,KXBTC15M-26OCT050115-15,0.0690,0.01,no
2026-10-05T05:14:22.304572Z,KXBTC15M-26OCT050115-15,0.0630,9.00,no
2026-10-05T05:14:22.304572Z,KXBTC15M-26OCT050115-15,0.0680,9.00,no
2026-10-05T05:14:22.304572Z,KXBTC15M-26OCT050115-15,0.0600,31.18,no
2026-10-05T05:14:22.304572Z,KXBTC15M-26OCT050115-15,0.0600,156.00,no
2026-10-05T05:14:22.304572Z,KXBTC15M-26OCT050115-15,0.0650,1047.00,no
2026-10-05T05:14:22.304572Z,KXBTC15M-26OCT050115-15,0.0600,141.84,no
2026-10-05T05:14:22.304572Z,KXBTC15M-26OCT050115-15,0.0600,32.86,no
2026-10-05T05:14:22.304572Z,KXBTC15M-26OCT050115-15,0.0600,32.17,no
2026-10-05T05:14:22.304572Z,KXBTC15M-26OCT050115-15,0.0600,1.00,no
2026-10-05T05:14:22.304572Z,KXBTC15M-26OCT050115-15,0.0600,47.87,no
2026-10-05T05:14:22.304572Z,KXBTC15M-26OCT050115-15,0.0600,8.53,no
2026-10-05T05:14:22.307501Z,KXBTC15M-26OCT050115-15,0.0580,735.90,no
2026-10-05T05:14:22.314469Z,KXBTC15M-26OCT050115-15,0.0590,0.10,no
2026-10-05T05:14:22.344416Z,KXBTC15M-26OCT050115-15,0.0590,26.58,yes
2026-10-05T05:14:22.347169Z,KXBTC15M-26OCT050115-15,0.0590,63.55,yes
2026-10-05T05:14:22.3517Z,KXBTC15M-26OCT050115-15,0.0590,59.87,yes
2026-10-05T05:14:22.3517Z,KXBTC15M-26OCT050115-15,0.0590,28.04,yes
2026-10-05T05:14:22.356525Z,KXBTC15M-26OCT050115-15,0.0590,3.00,yes
2026-10-05T05:14:22.369632Z,KXBTC15M-26OCT050115-15,0.0590,0.01,yes
2026-10-05T05:14:22.369632Z,KXBTC15M-26OCT050115-15,0.0590,0.01,yes
2026-10-05T05:14:22.369632Z,KXBTC15M-26OCT050115-15,0.0590,5.98,yes
2026-10-05T05:14:22.37368Z,KXBTC15M-26OCT050115-15,0.0570,0.34,no
2026-10-05T05:14:22.37368Z,KXBTC15M-26OCT050115-15,0.0580,0.01,no
2026-10-05T05:14:22.37368Z,KXBTC15M-26OCT050115-15,0.0580,0.01,no
2026-10-05T05:14:22.37368Z,KXBTC15M-26OCT050115-15,0.0580,1.00,no
2026-10-05T05:14:22.374908Z,KXBTC15M-26OCT050115-15,0.0580,150.00,yes
2026-10-05T05:14:22.376901Z,KXBTC15M-26OCT050115-15,0.0590,2.02,yes
2026-10-05T05:14:22.376901Z,KXBTC15M-26OCT050115-15,0.0600,10.48,yes
2026-10-05T05:14:22.376901Z,KXBTC15M-26OCT050115-15,0.0590,0.01,yes
2026-10-05T05:14:22.376901Z,KXBTC15M-26OCT050115-15,0.0590,0.01,yes
2026-10-05T05:14:22.37709Z,KXBTC15M-26OCT050115-15,0.0560,1.00,no
2026-10-05T05:14:22.37709Z,KXBTC15M-26OCT050115-15,0.0570,0.66,no
2026-10-05T05:14:22.37709Z,KXBTC15M-26OCT050115-15,0.0560,3.60,no
2026-10-05T05:14:22.383619Z,KXBTC15M-26OCT050115-15,0.0550,1.50,no
2026-10-05T05:14:22.383619Z,KXBTC15M-26OCT050115-15,0.0520,1.50,no
2026-10-05T05:14:22.383619Z,KXBTC15M-26OCT050115-15,0.0530,1.50,no
2026-10-05T05:14:22.383619Z,KXBTC15M-26OCT050115-15,0.0540,1.50,no
2026-10-05T05:14:22.383619Z,KXBTC15M-26OCT050115-15,0.0590,150.00,no
2026-10-05T05:14:22.383619Z,KXBTC15M-26OCT050115-15,0.0590,150.00,no
2026-10-05T05:14:22.383619Z,KXBTC15M-26OCT050115-15,0.0570,0.01,no
2026-10-05T05:14:22.383619Z,KXBTC15M-26OCT050115-15,0.0520,128.99,no
2026-10-05T05:14:22.383619Z,KXBTC15M-26OCT050115-15,0.0570,124.40,no
2026-10-05T05:14:22.383619Z,KXBTC15M-26OCT050115-15,0.0530,127.00,no
2026-10-05T05:14:22.383619Z,KXBTC15M-26OCT050115-15,0.0530,9.00,no
2026-10-05T05:14:22.383619Z,KXBTC15M-26OCT050115-15,0.0540,9.00,no
2026-10-05T05:14:22.383619Z,KXBTC15M-26OCT050115-15,0.0580,0.01,no
2026-10-05T05:14:22.383619Z,KXBTC15M-26OCT050115-15,0.0590,150.00,no
2026-10-05T05:14:22.402093Z,KXBTC15M-26OCT050115-15,0.0590,12.69,yes
2026-10-05T05:14:22.40314Z,KXBTC15M-26OCT050115-15,0.0580,0.01,no
2026-10-05T05:14:22.40314Z,KXBTC15M-26OCT050115-15,0.0520,1.01,no
2026-10-05T05:14:22.40314Z,KXBTC15M-26OCT050115-15,0.0520,237.08,no
2026-10-05T05:14:22.40314Z,KXBTC15M-26OCT050115-15,0.0580,0.01,no
2026-10-05T05:14:22.414279Z,KXBTC15M-26OCT050115-15,0.0550,25.00,yes
2026-10-05T05:14:22.425692Z,KXBTC15M-26OCT050115-15,0.0550,6.15,yes
2026-10-05T05:14:22.437342Z,KXBTC15M-26OCT050115-15,0.0550,17.00,yes
2026-10-05T05:14:22.437485Z,KXBTC15M-26OCT050115-15,0.0500,84.99,no
2026-10-05T05:14:22.437485Z,KXBTC15M-26OCT050115-15,0.0500,189.57,no
2026-10-05T05:14:22.437485Z,KXBTC15M-26OCT050115-15,0.0510,1.50,no
2026-10-05T05:14:22.437485Z,KXBTC15M-26OCT050115-15,0.0500,1.00,no
2026-10-05T05:14:22.437485Z,KXBTC15M-26OCT050115-15,0.0520,0.01,no
2026-10-05T05:14:22.437485Z,KXBTC15M-26OCT050115-15,0.0520,21.92,no
2026-10-05T05:14:22.437485Z,KXBTC15M-26OCT050115-15,0.0520,0.01,no
2026-10-05T05:14:22.437485Z,KXBTC15M-26OCT050115-15,0.0530,1.00,no
2026-10-05T05:14:22.437485Z,KXBTC15M-26OCT050115-15,0.0510,500.00,no
2026-10-05T05:14:22.445116Z,KXBTC15M-26OCT050115-15,0.0550,60.96,yes
2026-10-05T05:14:22.446222Z,KXBTC15M-26OCT050115-15,0.0550,20.10,yes
2026-10-05T05:14:22.450173Z,KXBTC15M-26OCT050115-15,0.0500,1.00,no
2026-10-05T05:14:22.450173Z,KXBTC15M-26OCT050115-15,0.0500,6.00,no
2026-10-05T05:14:22.450173Z,KXBTC15M-26OCT050115-15,0.0500,3.00,no
2026-10-05T05:14:22.450173Z,KXBTC15M-26OCT050115-15,0.0500,15.01,no
2026-10-05T05:14:22.450173Z,KXBTC15M-26OCT050115-15,0.0500,0.01,no
2026-10-05T05:14:22.450173Z,KXBTC15M-26OCT050115-15,0.0530,0.01,no
2026-10-05T05:14:22.450173Z,KXBTC15M-26OCT050115-15,0.0490,59.58,no
2026-10-05T05:14:22.450173Z,KXBTC15M-26OCT050115-15,0.0500,14.96,no
2026-10-05T05:14:22.450173Z,KXBTC15M-26OCT050115-15,0.0500,6.23,no
2026-10-05T05:14:22.450173Z,KXBTC15M-26OCT050115-15,0.0500,1.36,no
2026-10-05T05:14:22.450173Z,KXBTC15M-26OCT050115-15,0.0500,3.19,no
2026-10-05T05:14:22.450173Z,KXBTC15M-26OCT050115-15,0.0500,7.50,no
2026-10-05T05:14:22.450173Z,KXBTC15M-26OCT050115-15,0.0500,1.00,no
2026-10-05T05:14:22.450173Z,KXBTC15M-26OCT050115-15,0.0500,3.00,no
2026-10-05T05:14:22.450173Z,KXBTC15M-26OCT050115-15,0.0500,0.10,no
2026-10-05T05:14:22.450173Z,KXBTC15M-26OCT050115-15,0.0500,4.86,no
2026-10-05T05:14:22.455131Z,KXBTC15M-26OCT050115-15,0.0480,1.00,no
2026-10-05T05:14:22.455131Z,KXBTC15M-26OCT050115-15,0.0480,341.57,no
2026-10-05T05:14:22.455131Z,KXBTC15M-26OCT050115-15,0.0520,0.01,no
2026-10-05T05:14:22.455131Z,KXBTC15M-26OCT050115-15,0.0490,78.42,no
2026-10-05T05:14:22.459947Z,KXBTC15M-26OCT050115-15,0.0480,411.98,no
2026-10-05T05:14:22.459947Z,KXBTC15M-26OCT050115-15,0.0490,9.00,no
2026-10-05T05:14:22.459947Z,KXBTC15M-26OCT050115-15,0.0530,0.01,no
2026-10-05T05:14:22.459947Z,KXBTC15M-26OCT050115-15,0.0490,0.01,no
2026-10-05T05:14:22.460112Z,KXBTC15M-26OCT050115-15,0.0480,0.51,no
2026-10-05T05:14:22.463395Z,KXBTC15M-26OCT050115-15,0.0480,1.41,no
2026-10-05T05:14:22.466298Z,KXBTC15M-26OCT050115-15,0.0520,125.22,yes
2026-10-05T05:14:22.468621Z,KXBTC15M-26OCT050115-15,0.0520,1.00,yes
2026-10-05T05:14:22.487226Z,KXBTC15M-26OCT050115-15,0.0510,9.53,yes
2026-10-05T05:14:22.493264Z,KXBTC15M-26OCT050115-15,0.0510,25.04,yes
2026-10-05T05:14:22.511722Z,KXBTC15M-26OCT050115-15,0.0510,3.00,yes
2026-10-05T05:14:22.518386Z,KXBTC15M-26OCT050115-15,0.0510,43.41,yes
2026-10-05T05:14:22.526793Z,KXBTC15M-26OCT050115-15,0.0510,5.03,yes
2026-10-05T05:14:22.531984Z,KXBTC15M-26OCT050115-15,0.0500,0.01,no
2026-10-05T05:14:22.531984Z,KXBTC15M-26OCT050115-15,0.0490,0.01,no
2026-10-05T05:14:22.531984Z,KXBTC15M-26OCT050115-15,0.0500,50.00,no
2026-10-05T05:14:22.531984Z,KXBTC15M-26OCT050115-15,0.0490,86.00,no
2026-10-05T05:14:22.531984Z,KXBTC15M-26OCT050115-15,0.0490,0.01,no
2026-10-05T05:14:22.531984Z,KXBTC15M-26OCT050115-15,0.0500,0.01,no
2026-10-05T05:14:22.531984Z,KXBTC15M-26OCT050115-15,0.0480,24.22,no
2026-10-05T05:14:22.555854Z,KXBTC15M-26OCT050115-15,0.0490,13.10,no
2026-10-05T05:14:22.56634Z,KXBTC15M-26OCT050115-15,0.0500,1.00,yes
2026-10-05T05:14:22.600192Z,KXBTC15M-26OCT050115-15,0.0500,11.77,yes
2026-10-05T05:14:22.600731Z,KXBTC15M-26OCT050115-15,0.0500,6.38,yes
2026-10-05T05:14:22.605188Z,KXBTC15M-26OCT050115-15,0.0500,12.52,yes
2026-10-05T05:14:22.610996Z,KXBTC15M-26OCT050115-15,0.0500,150.00,yes
2026-10-05T05:14:22.610996Z,KXBTC15M-26OCT050115-15,0.0510,33.39,yes
2026-10-05T05:14:22.610996Z,KXBTC15M-26OCT050115-15,0.0510,122.00,yes
2026-10-05T05:14:22.610996Z,KXBTC15M-26OCT050115-15,0.0500,150.00,yes
2026-10-05T05:14:22.610996Z,KXBTC15M-26OCT050115-15,0.0500,150.00,yes
2026-10-05T05:14:22.610996Z,KXBTC15M-26OCT050115-15,0.0500,150.00,yes
2026-10-05T05:14:22.610996Z,KXBTC15M-26OCT050115-15,0.0510,0.01,yes
2026-10-05T05:14:22.610996Z,KXBTC15M-26OCT050115-15,0.0510,81.99,yes
2026-10-05T05:14:22.610996Z,KXBTC15M-26OCT050115-15,0.0500,118.33,yes
2026-10-05T05:14:22.610996Z,KXBTC15M-26OCT050115-15,0.0500,0.01,yes
2026-10-05T05:14:22.610996Z,KXBTC15M-26OCT050115-15,0.0510,0.01,yes
2026-10-05T05:14:22.610996Z,KXBTC15M-26OCT050115-15,0.0500,150.00,yes
2026-10-05T05:14:22.610996Z,KXBTC15M-26OCT050115-15,0.0510,9.00,yes
2026-10-05T05:14:22.610996Z,KXBTC15M-26OCT050115-15,0.0500,0.01,yes
2026-10-05T05:14:22.610996Z,KXBTC15M-26OCT050115-15,0.0510,500.00,yes
2026-10-05T05:14:22.621669Z,KXBTC15M-26OCT050115-15,0.0490,90.08,no
2026-10-05T05:14:22.624599Z,KXBTC15M-26OCT050115-15,0.0500,0.01,yes
2026-10-05T05:14:22.624599Z,KXBTC15M-26OCT050115-15,0.0510,0.01,yes
2026-10-05T05:14:22.624599Z,KXBTC15M-26OCT050115-15,0.0510,429.29,yes
2026-10-05T05:14:22.624599Z,KXBTC15M-26OCT050115-15,0.0510,0.01,yes
2026-10-05T05:14:22.624599Z,KXBTC15M-26OCT050115-15,0.0520,2222.60,yes
2026-10-05T05:14:22.624599Z,KXBTC15M-26OCT050115-15,0.0510,9.00,yes
2026-10-05T05:14:22.625288Z,KXBTC15M-26OCT050115-15,0.0490,6.80,no
2026-10-05T05:14:22.638704Z,KXBTC15M-26OCT050115-15,0.0510,3.68,no
2026-10-05T05:14:22.649364Z,KXBTC15M-26OCT050115-15,0.0520,0.01,yes
2026-10-05T05:14:22.649364Z,KXBTC15M-26OCT050115-15,0.0530,0.01,yes
2026-10-05T05:14:22.649364Z,KXBTC15M-26OCT050115-15,0.0530,7.69,yes
2026-10-05T05:14:22.649364Z,KXBTC15M-26OCT050115-15,0.0520,0.01,yes
2026-10-05T05:14:22.649364Z,KXBTC15M-26OCT050115-15,0.0530,0.01,yes
2026-10-05T05:14:22.649364Z,KXBTC15M-26OCT050115-15,0.0560,112.23,yes
2026-10-05T05:14:22.655171Z,KXBTC15M-26OCT050115-15,0.0550,11.00,yes
2026-10-05T05:14:22.657321Z,KXBTC15M-26OCT050115-15,0.0520,3.56,no
2026-10-05T05:14:22.665299Z,KXBTC15M-26OCT050115-15,0.0520,9.00,no
2026-10-05T05:14:22.665299Z,KXBTC15M-26OCT050115-15,0.0520,0.01,no
2026-10-05T05:14:22.665299Z,KXBTC15M-26OCT050115-15,0.0510,14.59,no
2026-10-05T05:14:22.665299Z,KXBTC15M-26OCT050115-15,0.0520,0.01,no
2026-10-05T05:14:22.667046Z,KXBTC15M-26OCT050115-15,0.0510,1.19,no
2026-10-05T05:14:22.671572Z,KXBTC15M-26OCT050115-15,0.0510,986.19,no
2026-10-05T05:14:22.672705Z,KXBTC15M-26OCT050115-15,0.0550,0.01,yes
2026-10-05T05:14:22.672705Z,KXBTC15M-26OCT050115-15,0.0580,4.92,yes
2026-10-05T05:14:22.672705Z,KXBTC15M-26OCT050115-15,0.0550,0.01,yes
2026-10-05T05:14:22.672705Z,KXBTC15M-26OCT050115-15,0.0580,8.00,yes
2026-10-05T05:14:22.681553Z,KXBTC15M-26OCT050115-15,0.0550,50.00,no
2026-10-05T05:14:22.695098Z,KXBTC15M-26OCT050115-15,0.0570,219.42,yes
2026-10-05T05:14:22.696436Z,KXBTC15M-26OCT050115-15,0.0570,10.68,yes
2026-10-05T05:14:22.709502Z,KXBTC15M-26OCT050115-15,0.0570,183.09,yes
2026-10-05T05:14:22.711711Z,KXBTC15M-26OCT050115-15,0.0570,79.50,yes
2026-10-05T05:14:22.711777Z,KXBTC15M-26OCT050115-15,0.0560,6.94,no
2026-10-05T05:14:22.714311Z,KXBTC15M-26OCT050115-15,0.0570,4.37,yes
2026-10-05T05:14:22.715908Z,KXBTC15M-26OCT050115-15,0.0570,12.85,yes
2026-10-05T05:14:22.718665Z,KXBTC15M-26OCT050115-15,0.0570,15.95,yes
2026-10-05T05:14:22.726569Z,KXBTC15M-26OCT050115-15,0.0570,36.53,yes
2026-10-05T05:14:22.729287Z,KXBTC15M-26OCT050115-15,0.0550,0.01,no
2026-10-05T05:14:22.729287Z,KXBTC15M-26OCT050115-15,0.0560,0.01,no
2026-10-05T05:14:22.729287Z,KXBTC15M-26OCT050115-15,0.0530,9.00,no
2026-10-05T05:14:22.729287Z,KXBTC15M-26OCT050115-15,0.0550,0.01,no
2026-10-05T05:14:22.729287Z,KXBTC15M-26OCT050115-15,0.0560,0.01,no
2026-10-05T05:14:22.729287Z,KXBTC15M-26OCT050115-15,0.0560,114.06,no
2026-10-05T05:14:22.729287Z,KXBTC15M-26OCT050115-15,0.0520,38.44,no
2026-10-05T05:14:22.734707Z,KXBTC15M-26OCT050115-15,0.0570,96.68,yes
2026-10-05T05:14:22.740269Z,KXBTC15M-26OCT050115-15,0.0570,23.60,yes
2026-10-05T05:14:22.743535Z,KXBTC15M-26OCT050115-15,0.0530,0.01,no
2026-10-05T05:14:22.743535Z,KXBTC15M-26OCT050115-15,0.0530,2.21,no
2026-10-05T05:14:22.758737Z,KXBTC15M-26OCT050115-15,0.0560,0.01,yes
2026-10-05T05:14:22.758737Z,KXBTC15M-26OCT050115-15,0.0560,1.99,yes
2026-10-05T05:14:22.767182Z,KXBTC15M-26OCT050115-15,0.0560,6.00,yes
2026-10-05T05:14:22.776685Z,KXBTC15M-26OCT050115-15,0.0550,0.01,no
2026-10-05T05:14:22.776685Z,KXBTC15M-26OCT050115-15,0.0550,0.01,no
2026-10-05T05:14:22.776685Z,KXBTC15M-26OCT050115-15,0.0550,6.28,no
2026-10-05T05:14:22.782976Z,KXBTC15M-26OCT050115-15,0.0530,0.01,no
2026-10-05T05:14:22.782976Z,KXBTC15M-26OCT050115-15,0.0550,0.01,no
2026-10-05T05:14:22.782976Z,KXBTC15M-26OCT050115-15,0.0520,9.00,no
2026-10-05T05:14:22.782976Z,KXBTC15M-26OCT050115-15,0.0550,0.01,no
2026-10-05T05:14:22.782976Z,KXBTC15M-26OCT050115-15,0.0550,51.00,no
2026-10-05T05:14:22.782976Z,KXBTC15M-26OCT050115-15,0.0510,124.73,no
2026-10-05T05:14:22.782976Z,KXBTC15M-26OCT050115-15,0.0530,124.79,no
2026-10-05T05:14:22.782976Z,KXBTC15M-26OCT050115-15,0.0530,0.01,no
2026-10-05T05:14:22.788311Z,KXBTC15M-26OCT050115-15,0.0510,900.90,no
2026-10-05T05:14:22.797172Z,KXBTC15M-26OCT050115-15,0.0510,0.01,no
2026-10-05T05:14:22.797172Z,KXBTC15M-26OCT050115-15,0.0510,0.01,no
2026-10-05T05:14:22.797172Z,KXBTC15M-26OCT050115-15,0.0490,5.54,no
2026-10-05T05:14:22.800719Z,KXBTC15M-26OCT050115-15,0.0550,7.62,yes
2026-10-05T05:14:22.802132Z,KXBTC15M-26OCT050115-15,0.0490,284.09,no
2026-10-05T05:14:22.802132Z,KXBTC15M-26OCT050115-15,0.0500,1.00,no
2026-10-05T05:14:22.802132Z,KXBTC15M-26OCT050115-15,0.0500,9.00,no
2026-10-05T05:14:22.802441Z,KXBTC15M-26OCT050115-15,0.0510,30.00,yes
2026-10-05T05:14:22.805123Z,KXBTC15M-26OCT050115-15,0.0500,20.00,yes
2026-10-05T05:14:22.813573Z,KXBTC15M-26OCT050115-15,0.0500,1.64,yes
2026-10-05T05:14:22.81954Z,KXBTC15M-26OCT050115-15,0.0490,54.48,no
2026-10-05T05:14:22.823935Z,KXBTC15M-26OCT050115-15,0.0510,0.01,yes
2026-10-05T05:14:22.823935Z,KXBTC15M-26OCT050115-15,0.0500,0.01,yes
2026-10-05T05:14:22.823935Z,KXBTC15M-26OCT050115-15,0.0500,0.01,yes
2026-10-05T05:14:22.823935Z,KXBTC15M-26OCT050115-15,0.0510,0.01,yes
2026-10-05T05:14:22.851847Z,KXBTC15M-26OCT050115-15,0.0500,4.00,yes
2026-10-05T05:14:22.853384Z,KXBTC15M-26OCT050115-15,0.0480,23.70,no
2026-10-05T05:14:22.853384Z,KXBTC15M-26OCT050115-15,0.0490,0.01,no
2026-10-05T05:14:22.853384Z,KXBTC15M-26OCT050115-15,0.0490,45.91,no
2026-10-05T05:14:22.853384Z,KXBTC15M-26OCT050115-15,0.0490,0.01,no
2026-10-05T05:14:22.854148Z,KXBTC15M-26OCT050115-15,0.0500,10.93,yes
2026-10-05T05:14:22.868112Z,KXBTC15M-26OCT050115-15,0.0500,0.62,yes
2026-10-05T05:14:22.872017Z,KXBTC15M-26OCT050115-15,0.0480,28.66,no
2026-10-05T05:14:22.872017Z,KXBTC15M-26OCT050115-15,0.0490,0.01,no
2026-10-05T05:14:22.872017Z,KXBTC15M-26OCT050115-15,0.0490,0.01,no
2026-10-05T05:14:22.887037Z,KXBTC15M-26OCT050115-15,0.0490,0.74,yes
2026-10-05T05:14:22.895265Z,KXBTC15M-26OCT050115-15,0.0490,6.34,yes
2026-10-05T05:14:22.897957Z,KXBTC15M-26OCT050115-15,0.0490,13.72,yes
2026-10-05T05:14:22.898623Z,KXBTC15M-26OCT050115-15,0.0480,35.98,no
2026-10-05T05:14:22.900939Z,KXBTC15M-26OCT050115-15,0.0490,0.01,yes
2026-10-05T05:14:22.900939Z,KXBTC15M-26OCT050115-15,0.0490,0.01,yes
2026-10-05T05:14:22.900939Z,KXBTC15M-26OCT050115-15,0.0490,1.48,yes
2026-10-05T05:14:22.903979Z,KXBTC15M-26OCT050115-15,0.0490,22.82,yes
2026-10-05T05:14:22.905267Z,KXBTC15M-26OCT050115-15,0.0490,1.75,yes
2026-10-05T05:14:22.916557Z,KXBTC15M-26OCT050115-15,0.0490,0.01,yes
2026-10-05T05:14:22.916557Z,KXBTC15M-26OCT050115-15,0.0530,8.00,yes
2026-10-05T05:14:22.916557Z,KXBTC15M-26OCT050115-15,0.0490,0.01,yes
2026-10-05T05:14:22.916557Z,KXBTC15M-26OCT050115-15,0.0500,0.01,yes
2026-10-05T05:14:22.916557Z,KXBTC15M-26OCT050115-15,0.0500,0.01,yes
2026-10-05T05:14:22.916557Z,KXBTC15M-26OCT050115-15,0.0530,74.90,yes
2026-10-05T05:14:22.91999Z,KXBTC15M-26OCT050115-15,0.0530,72.10,yes
2026-10-05T05:14:22.91999Z,KXBTC15M-26OCT050115-15,0.0530,110.77,yes
2026-10-05T05:14:22.924862Z,KXBTC15M-26OCT050115-15,0.0480,1.00,no
2026-10-05T05:14:22.924862Z,KXBTC15M-26OCT050115-15,0.0480,0.01,no
2026-10-05T05:14:22.924862Z,KXBTC15M-26OCT050115-15,0.0480,9.00,no
2026-10-05T05:14:22.924862Z,KXBTC15M-26OCT050115-15,0.0480,334.66,no
2026-10-05T05:14:22.924862Z,KXBTC15M-26OCT050115-15,0.0480,679.89,no
2026-10-05T05:14:22.924862Z,KXBTC15M-26OCT050115-15,0.0480,0.01,no
2026-10-05T05:14:22.924862Z,KXBTC15M-26OCT050115-15,0.0480,392.76,no
2026-10-05T05:14:22.934241Z,KXBTC15M-26OCT050115-15,0.0530,0.01,yes
2026-10-05T05:14:22.934241Z,KXBTC15M-26OCT050115-15,0.0520,56.00,yes
2026-10-05T05:14:22.934241Z,KXBTC15M-26OCT050115-15,0.0530,0.01,yes
2026-10-05T05:14:22.934241Z,KXBTC15M-26OCT050115-15,0.0540,69.21,yes
2026-10-05T05:14:22.934241Z,KXBTC15M-26OCT050115-15,0.0490,0.01,yes
2026-10-05T05:14:22.934241Z,KXBTC15M-26OCT050115-15,0.0530,300.40,yes
2026-10-05T05:14:22.957849Z,KXBTC15M-26OCT050115-15,0.0480,0.01,no
2026-10-05T05:14:22.957849Z,KXBTC15M-26OCT050115-15,0.0480,0.01,no
2026-10-05T05:14:22.957849Z,KXBTC15M-26OCT050115-15,0.0480,9.00,no
2026-10-05T05:14:22.957849Z,KXBTC15M-26OCT050115-15,0.0480,46.24,no
2026-10-05T05:14:22.961811Z,KXBTC15M-26OCT050115-15,0.0480,21.16,no
2026-10-05T05:14:22.970257Z,KXBTC15M-26OCT050115-15,0.0520,0.99,yes
2026-10-05T05:14:22.970257Z,KXBTC15M-26OCT050115-15,0.0490,0.01,yes
2026-10-05T05:14:22.976894Z,KXBTC15M-26OCT050115-15,0.0520,46.08,yes
2026-10-05T05:14:22.989224Z,KXBTC15M-26OCT050115-15,0.0510,27.79,yes
2026-10-05T05:14:22.989341Z,KXBTC15M-26OCT050115-15,0.0480,20.59,no
2026-10-05T05:14:22.997727Z,KXBTC15M-26OCT050115-15,0.0510,150.00,yes
2026-10-05T05:14:23.004627Z,KXBTC15M-26OCT050115-15,0.0480,189.21,no
2026-10-05T05:14:23.009424Z,KXBTC15M-26OCT050115-15,0.0480,481.55,no
2026-10-05T05:14:23.009424Z,KXBTC15M-26OCT050115-15,0.0480,105.80,no
2026-10-05T05:14:23.009424Z,KXBTC15M-26OCT050115-15,0.0490,1.00,no
2026-10-05T05:14:23.012475Z,KXBTC15M-26OCT050115-15,0.0510,79.44,yes
2026-10-05T05:14:23.017647Z,KXBTC15M-26OCT050115-15,0.0490,5.14,no
2026-10-05T05:14:23.020267Z,KXBTC15M-26OCT050115-15,0.0530,8.00,yes
2026-10-05T05:14:23.020267Z,KXBTC15M-26OCT050115-15,0.0540,9.01,yes
2026-10-05T05:14:23.020267Z,KXBTC15M-26OCT050115-15,0.0510,0.01,yes
2026-10-05T05:14:23.020267Z,KXBTC15M-26OCT050115-15,0.0510,0.01,yes
2026-10-05T05:14:23.020267Z,KXBTC15M-26OCT050115-15,0.0520,0.01,yes
2026-10-05T05:14:23.04515Z,KXBTC15M-26OCT050115-15,0.0500,0.01,no
2026-10-05T05:14:23.04515Z,KXBTC15M-26OCT050115-15,0.0500,9.98,no
2026-10-05T05:14:23.04515Z,KXBTC15M-26OCT050115-15,0.0500,0.01,no
2026-10-05T05:14:23.059764Z,KXBTC15M-26OCT050115-15,0.0530,2.31,yes
2026-10-05T05:14:23.059764Z,KXBTC15M-26OCT050115-15,0.0510,0.01,yes
2026-10-05T05:14:23.059764Z,KXBTC15M-26OCT050115-15,0.0510,0.01,yes
2026-10-05T05:14:23.059764Z,KXBTC15M-26OCT050115-15,0.0520,0.01,yes
2026-10-05T05:14:23.059981Z,KXBTC15M-26OCT050115-15,0.0540,241.83,yes
2026-10-05T05:14:23.059981Z,KXBTC15M-26OCT050115-15,0.0530,5.69,yes
2026-10-05T05:14:23.065917Z,KXBTC15M-26OCT050115-15,0.0540,1.20,yes
2026-10-05T05:14:23.066943Z,KXBTC15M-26OCT050115-15,0.0530,1.00,yes
2026-10-05T05:14:23.066943Z,KXBTC15M-26OCT050115-15,0.0540,114.20,yes
2026-10-05T05:14:23.066943Z,KXBTC15M-26OCT050115-15,0.0510,0.01,yes
2026-10-05T05:14:23.069725Z,KXBTC15M-26OCT050115-15,0.0500,0.01,no
2026-10-05T05:14:23.069725Z,KXBTC15M-26OCT050115-15,0.0490,52.39,no
2026-10-05T05:14:23.069725Z,KXBTC15M-26OCT050115-15,0.0500,0.01,no
2026-10-05T05:14:23.075502Z,KXBTC15M-26OCT050115-15,0.0490,9.01,no
2026-10-05T05:14:23.081337Z,KXBTC15M-26OCT050115-15,0.0500,14.47,yes
2026-10-05T05:14:23.08619Z,KXBTC15M-26OCT050115-15,0.0490,51.49,no
2026-10-05T05:14:23.092413Z,KXBTC15M-26OCT050115-15,0.0500,1.20,yes
2026-10-05T05:14:23.117091Z,KXBTC15M-26OCT050115-15,0.0490,0.01,no
2026-10-05T05:14:23.122791Z,KXBTC15M-26OCT050115-15,0.0500,16.45,yes
2026-10-05T05:14:23.129377Z,KXBTC15M-26OCT050115-15,0.0540,72.60,yes
2026-10-05T05:14:23.129377Z,KXBTC15M-26OCT050115-15,0.0530,8.00,yes
2026-10-05T05:14:23.129377Z,KXBTC15M-26OCT050115-15,0.0500,271.73,yes
2026-10-05T05:14:23.129377Z,KXBTC15M-26OCT050115-15,0.0500,0.01,yes
2026-10-05T05:14:23.129377Z,KXBTC15M-26OCT050115-15,0.0500,0.01,yes
2026-10-05T05:14:23.129377Z,KXBTC15M-26OCT050115-15,0.0520,0.01,yes
2026-10-05T05:14:23.133312Z,KXBTC15M-26OCT050115-15,0.0500,5.24,no
2026-10-05T05:14:23.152447Z,KXBTC15M-26OCT050115-15,0.0530,86.69,yes
2026-10-05T05:14:23.155803Z,KXBTC15M-26OCT050115-15,0.0500,118.58,no
2026-10-05T05:14:23.155803Z,KXBTC15M-26OCT050115-15,0.0500,144.76,no
2026-10-05T05:14:23.155954Z,KXBTC15M-26OCT050115-15,0.0500,1.00,no
2026-10-05T05:14:23.157685Z,KXBTC15M-26OCT050115-15,0.0530,29.87,yes
2026-10-05T05:14:23.158587Z,KXBTC15M-26OCT050115-15,0.0540,330.39,yes
2026-10-05T05:14:23.158587Z,KXBTC15M-26OCT050115-15,0.0530,8.00,yes
2026-10-05T05:14:23.158587Z,KXBTC15M-26OCT050115-15,0.0530,0.01,yes
2026-10-05T05:14:23.158587Z,KXBTC15M-26OCT050115-15,0.0530,0.01,yes
2026-10-05T05:14:23.158587Z,KXBTC15M-26OCT050115-15,0.0530,134.63,yes
2026-10-05T05:14:23.169167Z,KXBTC15M-26OCT050115-15,0.0540,1.19,yes
2026-10-05T05:14:23.169167Z,KXBTC15M-26OCT050115-15,0.0530,0.01,yes
2026-10-05T05:14:23.171753Z,KXBTC15M-26OCT050115-15,0.0510,10.49,no
2026-10-05T05:14:23.175437Z,KXBTC15M-26OCT050115-15,0.0490,28.63,no
2026-10-05T05:14:23.175437Z,KXBTC15M-26OCT050115-15,0.0510,0.01,no
2026-10-05T05:14:23.175437Z,KXBTC15M-26OCT050115-15,0.0510,0.01,no
2026-10-05T05:14:23.175437Z,KXBTC15M-26OCT050115-15,0.0510,121.51,no
2026-10-05T05:14:23.183882Z,KXBTC15M-26OCT050115-15,0.0510,0.01,no
2026-10-05T05:14:23.183882Z,KXBTC15M-26OCT050115-15,0.0510,0.01,no
2026-10-05T05:14:23.183882Z,KXBTC15M-26OCT050115-15,0.0490,16.73,no
2026-10-05T05:14:23.187396Z,KXBTC15M-26OCT050115-15,0.0490,1.99,no
2026-10-05T05:14:23.187396Z,KXBTC15M-26OCT050115-15,0.0510,0.01,no
2026-10-05T05:14:23.189326Z,KXBTC15M-26OCT050115-15,0.0510,40.95,yes
2026-10-05T05:14:23.192339Z,KXBTC15M-26OCT050115-15,0.0490,1.00,no
2026-10-05T05:14:23.195755Z,KXBTC15M-26OCT050115-15,0.0510,21.00,yes
2026-10-05T05:14:23.203663Z,KXBTC15M-26OCT050115-15,0.0510,0.01,yes
2026-10-05T05:14:23.203663Z,KXBTC15M-26OCT050115-15,0.0510,0.01,yes
2026-10-05T05:14:23.213649Z,KXBTC15M-26OCT050115-15,0.0510,28.03,no
2026-10-05T05:14:23.213649Z,KXBTC15M-26OCT050115-15,0.0510,150.00,no
2026-10-05T05:14:23.216048Z,KXBTC15M-26OCT050115-15,0.0510,5.00,no
2026-10-05T05:14:23.218765Z,KXBTC15M-26OCT050115-15,0.0520,5.78,yes
2026-10-05T05:14:23.221212Z,KXBTC15M-26OCT050115-15,0.0520,14.25,yes
2026-10-05T05:14:23.223236Z,KXBTC15M-26OCT050115-15,0.0510,1.00,no
2026-10-05T05:14:23.22324Z,KXBTC15M-26OCT050115-15,0.0460,1.00,no
2026-10-05T05:14:23.22324Z,KXBTC15M-26OCT050115-15,0.0450,1.00,no
2026-10-05T05:14:23.22324Z,KXBTC15M-26OCT050115-15,0.0470,1.00,no
2026-10-05T05:14:23.22324Z,KXBTC15M-26OCT050115-15,0.0440,1.00,no
2026-10-05T05:14:23.22324Z,KXBTC15M-26OCT050115-15,0.0440,616.14,no
2026-10-05T05:14:23.22324Z,KXBTC15M-26OCT050115-15,0.0450,3.00,no
2026-10-05T05:14:23.22324Z,KXBTC15M-26OCT050115-15,0.0440,3.00,no
2026-10-05T05:14:23.22324Z,KXBTC15M-26OCT050115-15,0.0460,91.00,no
2026-10-05T05:14:23.22324Z,KXBTC15M-26OCT050115-15,0.0470,1047.00,no
2026-10-05T05:14:23.22324Z,KXBTC15M-26OCT050115-15,0.0490,0.01,no
2026-10-05T05:14:23.22324Z,KXBTC15M-26OCT050115-15,0.0510,150.00,no
2026-10-05T05:14:23.22324Z,KXBTC15M-26OCT050115-15,0.0490,108.61,no
2026-10-05T05:14:23.22324Z,KXBTC15M-26OCT050115-15,0.0510,150.00,no
2026-10-05T05:14:23.22324Z,KXBTC15M-26OCT050115-15,0.0450,15.00,no
2026-10-05T05:14:23.22324Z,KXBTC15M-26OCT050115-15,0.0480,9.00,no
2026-10-05T05:14:23.22324Z,KXBTC15M-26OCT050115-15,0.0510,150.00,no
2026-10-05T05:14:23.22324Z,KXBTC15M-26OCT050115-15,0.0510,115.97,no
2026-10-05T05:14:23.22324Z,KXBTC15M-26OCT050115-15,0.0510,150.00,no
2026-10-05T05:14:23.22324Z,KXBTC15M-26OCT050115-15,0.0490,0.01,no
2026-10-05T05:14:23.22324Z,KXBTC15M-26OCT050115-15,0.0510,150.00,no
2026-10-05T05:14:23.22324Z,KXBTC15M-26OCT050115-15,0.0490,137.00,no
2026-10-05T05:14:23.22324Z,KXBTC15M-26OCT050115-15,0.0460,10.00,no
2026-10-05T05:14:23.226685Z,KXBTC15M-26OCT050115-15,0.0520,26.05,yes
2026-10-05T05:14:23.269036Z,KXBTC15M-26OCT050115-15,0.0490,2.95,yes
2026-10-05T05:14:23.280282Z,KXBTC15M-26OCT050115-15,0.0440,15.42,no
2026-10-05T05:14:23.280282Z,KXBTC15M-26OCT050115-15,0.0480,0.01,no
2026-10-05T05:14:23.280282Z,KXBTC15M-26OCT050115-15,0.0480,0.01,no
2026-10-05T05:14:23.282479Z,KXBTC15M-26OCT050115-15,0.0490,0.01,yes
2026-10-05T05:14:23.282479Z,KXBTC15M-26OCT050115-15,0.0490,15.98,yes
2026-10-05T05:14:23.282479Z,KXBTC15M-26OCT050115-15,0.0490,9.00,yes
2026-10-05T05:14:23.282479Z,KXBTC15M-26OCT050115-15,0.0490,0.01,yes
2026-10-05T05:14:23.28742Z,KXBTC15M-26OCT050115-15,0.0490,29.20,yes
2026-10-05T05:14:23.288379Z,KXBTC15M-26OCT050115-15,0.0440,61.11,no
2026-10-05T05:14:23.288379Z,KXBTC15M-26OCT050115-15,0.0480,0.01,no
2026-10-05T05:14:23.304939Z,KXBTC15M-26OCT050115-15,0.0480,61.67,no
2026-10-05T05:14:23.308441Z,KXBTC15M-26OCT050115-15,0.0490,12.94,yes
2026-10-05T05:14:23.309901Z,KXBTC15M-26OCT050115-15,0.0490,0.23,yes
2026-10-05T05:14:23.316294Z,KXBTC15M-26OCT050115-15,0.0490,50.00,yes
2026-10-05T05:14:23.31727Z,KXBTC15M-26OCT050115-15,0.0490,1.30,yes
2026-10-05T05:14:23.346869Z,KXBTC15M-26OCT050115-15,0.0490,18.38,yes
2026-10-05T05:14:23.353032Z,KXBTC15M-26OCT050115-15,0.0490,18.38,yes
2026-10-05T05:14:23.366287Z,KXBTC15M-26OCT050115-15,0.0490,0.01,yes
2026-10-05T05:14:23.366287Z,KXBTC15M-26OCT050115-15,0.0490,0.01,yes
2026-10-05T05:14:23.366287Z,KXBTC15M-26OCT050115-15,0.0490,9.00,yes
2026-10-05T05:14:23.366287Z,KXBTC15M-26OCT050115-15,0.0490,9.93,yes
2026-10-05T05:14:23.366287Z,KXBTC15M-26OCT050115-15,0.0490,77.00,yes
2026-10-05T05:14:23.366362Z,KXBTC15M-26OCT050115-15,0.0490,3.47,yes
2026-10-05T05:14:23.366739Z,KXBTC15M-26OCT050115-15,0.0490,66.79,yes
2026-10-05T05:14:23.366739Z,KXBTC15M-26OCT050115-15,0.0490,196.60,yes
2026-10-05T05:14:23.366739Z,KXBTC15M-26OCT050115-15,0.0490,83.97,yes
2026-10-05T05:14:23.380185Z,KXBTC15M-26OCT050115-15,0.0440,431.47,no
2026-10-05T05:14:23.380185Z,KXBTC15M-26OCT050115-15,0.0440,0.01,no
2026-10-05T05:14:23.380185Z,KXBTC15M-26OCT050115-15,0.0480,0.01,no
2026-10-05T05:14:23.380185Z,KXBTC15M-26OCT050115-15,0.0480,0.01,no
2026-10-05T05:14:23.380185Z,KXBTC15M-26OCT050115-15,0.0440,0.01,no
2026-10-05T05:14:23.384026Z,KXBTC15M-26OCT050115-15,0.0440,1.02,no
2026-10-05T05:14:23.38669Z,KXBTC15M-26OCT050115-15,0.0440,2.00,no
2026-10-05T05:14:23.401211Z,KXBTC15M-26OCT050115-15,0.0490,40.00,yes
2026-10-05T05:14:23.421798Z,KXBTC15M-26OCT050115-15,0.0440,15.00,no
2026-10-05T05:14:23.423306Z,KXBTC15M-26OCT050115-15,0.0490,17.67,yes
2026-10-05T05:14:23.423306Z,KXBTC15M-26OCT050115-15,0.0490,16.92,yes
2026-10-05T05:14:23.429721Z,KXBTC15M-26OCT050115-15,0.0490,155.32,yes
2026-10-05T05:14:23.435927Z,KXBTC15M-26OCT050115-15,0.0470,17.36,yes
2026-10-05T05:14:23.436641Z,KXBTC15M-26OCT050115-15,0.0470,258.85,yes
2026-10-05T05:14:23.438686Z,KXBTC15M-26OCT050115-15,0.0470,2.00,yes
2026-10-05T05:14:23.4684Z,KXBTC15M-26OCT050115-15,0.0470,0.21,yes
2026-10-05T05:14:23.47275Z,KXBTC15M-26OCT050115-15,0.0470,5.31,yes
2026-10-05T05:14:23.473471Z,KXBTC15M-26OCT050115-15,0.0470,1.00,yes
2026-10-05T05:14:23.483826Z,KXBTC15M-26OCT050115-15,0.0470,74.47,yes
2026-10-05T05:14:23.487338Z,KXBTC15M-26OCT050115-15,0.0470,218.07,yes
2026-10-05T05:14:23.496545Z,KXBTC15M-26OCT050115-15,0.0470,1.83,yes
2026-10-05T05:14:23.508673Z,KXBTC15M-26OCT050115-15,0.0470,12.29,yes
2026-10-05T05:14:23.515043Z,KXBTC15M-26OCT050115-15,0.0440,114.69,no
2026-10-05T05:14:23.515043Z,KXBTC15M-26OCT050115-15,0.0440,0.01,no
2026-10-05T05:14:23.515043Z,KXBTC15M-26OCT050115-15,0.0440,0.01,no
2026-10-05T05:14:23.524202Z,KXBTC15M-26OCT050115-15,0.0440,1.04,no
2026-10-05T05:14:23.541143Z,KXBTC15M-26OCT050115-15,0.0440,104.28,no
2026-10-05T05:14:23.541551Z,KXBTC15M-26OCT050115-15,0.0470,0.16,yes
2026-10-05T05:14:23.543704Z,KXBTC15M-26OCT050115-15,0.0440,1.02,no
2026-10-05T05:14:23.544403Z,KXBTC15M-26OCT050115-15,0.0460,6.92,yes
2026-10-05T05:14:23.552695Z,KXBTC15M-26OCT050115-15,0.0440,5.13,no
2026-10-05T05:14:23.559903Z,KXBTC15M-26OCT050115-15,0.0430,1.00,no
2026-10-05T05:14:23.559903Z,KXBTC15M-26OCT050115-15,0.0420,1.00,no
2026-10-05T05:14:23.559903Z,KXBTC15M-26OCT050115-15,0.0410,1.00,no
2026-10-05T05:14:23.559903Z,KXBTC15M-26OCT050115-15,0.0430,3.00,no
2026-10-05T05:14:23.559903Z,KXBTC15M-26OCT050115-15,0.0410,3.00,no
2026-10-05T05:14:23.559903Z,KXBTC15M-26OCT050115-15,0.0420,3.00,no
2026-10-05T05:14:23.559903Z,KXBTC15M-26OCT050115-15,0.0440,273.84,no
2026-10-05T05:14:23.559903Z,KXBTC15M-26OCT050115-15,0.0410,10.00,no
2026-10-05T05:14:23.559903Z,KXBTC15M-26OCT050115-15,0.0420,161.00,no
2026-10-05T05:14:23.559903Z,KXBTC15M-26OCT050115-15,0.0410,233.58,no
2026-10-05T05:14:23.559903Z,KXBTC15M-26OCT050115-15,0.0440,0.01,no
2026-10-05T05:14:23.559903Z,KXBTC15M-26OCT050115-15,0.0430,157.00,no
2026-10-05T05:14:23.559903Z,KXBTC15M-26OCT050115-15,0.0440,0.01,no
2026-10-05T05:14:23.56448Z,KXBTC15M-26OCT050115-15,0.0410,28.47,no
2026-10-05T05:14:23.567428Z,KXBTC15M-26OCT050115-15,0.0460,173.54,yes
2026-10-05T05:14:23.568039Z,KXBTC15M-26OCT050115-15,0.0460,18.26,yes
2026-10-05T05:14:23.570806Z,KXBTC15M-26OCT050115-15,0.0450,1.52,yes
2026-10-05T05:14:23.579444Z,KXBTC15M-26OCT050115-15,0.0410,15.14,no
2026-10-05T05:14:23.579444Z,KXBTC15M-26OCT050115-15,0.0430,0.01,no
2026-10-05T05:14:23.579444Z,KXBTC15M-26OCT050115-15,0.0430,0.01,no
2026-10-05T05:14:23.585117Z,KXBTC15M-26OCT050115-15,0.0420,2.00,no
2026-10-05T05:14:23.594233Z,KXBTC15M-26OCT050115-15,0.0410,56.73,no
2026-10-05T05:14:23.597169Z,KXBTC15M-26OCT050115-15,0.0440,0.01,yes
2026-10-05T05:14:23.597169Z,KXBTC15M-26OCT050115-15,0.0440,0.01,yes
2026-10-05T05:14:23.597169Z,KXBTC15M-26OCT050115-15,0.0440,17.72,yes
2026-10-05T05:14:23.597169Z,KXBTC15M-26OCT050115-15,0.0440,77.00,yes
2026-10-05T05:14:23.598851Z,KXBTC15M-26OCT050115-15,0.0420,0.01,no
2026-10-05T05:14:23.598851Z,KXBTC15M-26OCT050115-15,0.0420,17.62,no
2026-10-05T05:14:23.598851Z,KXBTC15M-26OCT050115-15,0.0420,0.01,no
2026-10-05T05:14:23.604221Z,KXBTC15M-26OCT050115-15,0.0430,50.99,yes
2026-10-05T05:14:23.609828Z,KXBTC15M-26OCT050115-15,0.0440,8.81,yes
2026-10-05T05:14:23.609828Z,KXBTC15M-26OCT050115-15,0.0430,19.01,yes
2026-10-05T05:14:23.609828Z,KXBTC15M-26OCT050115-15,0.0440,10.28,yes
2026-10-05T05:14:23.609828Z,KXBTC15M-26OCT050115-15,0.0430,14.00,yes
2026-10-05T05:14:23.622412Z,KXBTC15M-26OCT050115-15,0.0420,4.99,no
2026-10-05T05:14:23.622412Z,KXBTC15M-26OCT050115-15,0.0420,0.01,no
2026-10-05T05:14:23.653744Z,KXBTC15M-26OCT050115-15,0.0420,2.83,no
2026-10-05T05:14:23.663794Z,KXBTC15M-26OCT050115-15,0.0420,0.01,no
2026-10-05T05:14:23.663794Z,KXBTC15M-26OCT050115-15,0.0420,2.83,no
2026-10-05T05:14:23.663794Z,KXBTC15M-26OCT050115-15,0.0420,4.99,no
2026-10-05T05:14:23.663794Z,KXBTC15M-26OCT050115-15,0.0420,1.18,no
2026-10-05T05:14:23.663794Z,KXBTC15M-26OCT050115-15,0.0410,64.66,no
2026-10-05T05:14:23.663794Z,KXBTC15M-26OCT050115-15,0.0410,46.55,no
2026-10-05T05:14:23.663794Z,KXBTC15M-26OCT050115-15,0.0420,0.01,no
2026-10-05T05:14:23.663794Z,KXBTC15M-26OCT050115-15,0.0420,164.76,no
2026-10-05T05:14:23.665575Z,KXBTC15M-26OCT050115-15,0.0460,39.44,yes
2026-10-05T05:14:23.665575Z,KXBTC15M-26OCT050115-15,0.0450,68.00,yes
2026-10-05T05:14:23.665575Z,KXBTC15M-26OCT050115-15,0.0440,0.01,yes
2026-10-05T05:14:23.665575Z,KXBTC15M-26OCT050115-15,0.0450,0.01,yes
2026-10-05T05:14:23.665575Z,KXBTC15M-26OCT050115-15,0.0440,77.00,yes
2026-10-05T05:14:23.665575Z,KXBTC15M-26OCT050115-15,0.0440,0.01,yes
2026-10-05T05:14:23.665575Z,KXBTC15M-26OCT050115-15,0.0450,0.01,yes
2026-10-05T05:14:23.665575Z,KXBTC15M-26OCT050115-15,0.0430,0.01,yes
2026-10-05T05:14:23.665575Z,KXBTC15M-26OCT050115-15,0.0430,0.01,yes
2026-10-05T05:14:23.665575Z,KXBTC15M-26OCT050115-15,0.0440,3.00,yes
2026-10-05T05:14:23.671125Z,KXBTC15M-26OCT050115-15,0.0460,1.00,yes
2026-10-05T05:14:23.674057Z,KXBTC15M-26OCT050115-15,0.0460,41.27,yes
2026-10-05T05:14:23.674057Z,KXBTC15M-26OCT050115-15,0.0450,9.00,yes
2026-10-05T05:14:23.695013Z,KXBTC15M-26OCT050115-15,0.0430,1.00,no
2026-10-05T05:14:23.73652Z,KXBTC15M-26OCT050115-15,0.0460,21.75,yes
2026-10-05T05:14:23.73652Z,KXBTC15M-26OCT050115-15,0.0450,9.00,yes
2026-10-05T05:14:23.73652Z,KXBTC15M-26OCT050115-15,0.0450,0.01,yes
2026-10-05T05:14:23.73652Z,KXBTC15M-26OCT050115-15,0.0450,0.01,yes
2026-10-05T05:14:23.737712Z,KXBTC15M-26OCT050115-15,0.0440,49.01,no
2026-10-05T05:14:23.7393Z,KXBTC15M-26OCT050115-15,0.0440,62.56,no
2026-10-05T05:14:23.743182Z,KXBTC15M-26OCT050115-15,0.0440,5.40,no
2026-10-05T05:14:23.745017Z,KXBTC15M-26OCT050115-15,0.0440,104.17,no
2026-10-05T05:14:23.748221Z,KXBTC15M-26OCT050115-15,0.0460,16.40,yes
2026-10-05T05:14:23.748221Z,KXBTC15M-26OCT050115-15,0.0450,0.01,yes
2026-10-05T05:14:23.748221Z,KXBTC15M-26OCT050115-15,0.0450,0.01,yes
2026-10-05T05:14:23.755102Z,KXBTC15M-26OCT050115-15,0.0430,0.01,no
2026-10-05T05:14:23.755102Z,KXBTC15M-26OCT050115-15,0.0420,9.00,no
2026-10-05T05:14:23.755102Z,KXBTC15M-26OCT050115-15,0.0430,0.01,no
2026-10-05T05:14:23.755102Z,KXBTC15M-26OCT050115-15,0.0410,100.00,no
2026-10-05T05:14:23.755102Z,KXBTC15M-26OCT050115-15,0.0440,84.86,no
2026-10-05T05:14:23.755102Z,KXBTC15M-26OCT050115-15,0.0420,0.01,no
2026-10-05T05:14:23.755102Z,KXBTC15M-26OCT050115-15,0.0410,79.58,no
2026-10-05T05:14:23.755102Z,KXBTC15M-26OCT050115-15,0.0420,0.01,no
2026-10-05T05:14:23.755102Z,KXBTC15M-26OCT050115-15,0.0440,0.01,no
2026-10-05T05:14:23.755102Z,KXBTC15M-26OCT050115-15,0.0440,0.01,no
2026-10-05T05:14:23.755377Z,KXBTC15M-26OCT050115-15,0.0460,16.00,yes
2026-10-05T05:14:23.755377Z,KXBTC15M-26OCT050115-15,0.0450,9.00,yes
2026-10-05T05:14:23.763542Z,KXBTC15M-26OCT050115-15,0.0460,53.80,yes
2026-10-05T05:14:23.763542Z,KXBTC15M-26OCT050115-15,0.0450,0.01,yes
2026-10-05T05:14:23.763542Z,KXBTC15M-26OCT050115-15,0.0450,0.01,yes
2026-10-05T05:14:23.768319Z,KXBTC15M-26OCT050115-15,0.0460,6.00,yes
2026-10-05T05:14:23.77203Z,KXBTC15M-26OCT050115-15,0.0460,105.62,yes
2026-10-05T05:14:23.77203Z,KXBTC15M-26OCT050115-15,0.0470,98.39,yes
2026-10-05T05:14:23.77203Z,KXBTC15M-26OCT050115-15,0.0460,0.01,yes
2026-10-05T05:14:23.77203Z,KXBTC15M-26OCT050115-15,0.0460,9.00,yes
2026-10-05T05:14:23.77203Z,KXBTC15M-26OCT050115-15,0.0450,0.01,yes
2026-10-05T05:14:23.77203Z,KXBTC15M-26OCT050115-15,0.0450,0.01,yes
2026-10-05T05:14:23.77203Z,KXBTC15M-26OCT050115-15,0.0460,0.01,yes
2026-10-05T05:14:23.786625Z,KXBTC15M-26OCT050115-15,0.0400,1.00,no
2026-10-05T05:14:23.786625Z,KXBTC15M-26OCT050115-15,0.0400,189.63,no
2026-10-05T05:14:23.786625Z,KXBTC15M-26OCT050115-15,0.0400,3.00,no
2026-10-05T05:14:23.786625Z,KXBTC15M-26OCT050115-15,0.0400,1.00,no
2026-10-05T05:14:23.786625Z,KXBTC15M-26OCT050115-15,0.0410,0.01,no
2026-10-05T05:14:23.786625Z,KXBTC15M-26OCT050115-15,0.0410,420.42,no
2026-10-05T05:14:23.786625Z,KXBTC15M-26OCT050115-15,0.0420,0.01,no
2026-10-05T05:14:23.786625Z,KXBTC15M-26OCT050115-15,0.0420,9.00,no
2026-10-05T05:14:23.786625Z,KXBTC15M-26OCT050115-15,0.0410,0.01,no
2026-10-05T05:14:23.786625Z,KXBTC15M-26OCT050115-15,0.0410,10.00,no
2026-10-05T05:14:23.786625Z,KXBTC15M-26OCT050115-15,0.0420,0.01,no
2026-10-05T05:14:23.786625Z,KXBTC15M-26OCT050115-15,0.0410,165.00,no
2026-10-05T05:14:23.786625Z,KXBTC15M-26OCT050115-15,0.0420,17.62,no
2026-10-05T05:14:23.790083Z,KXBTC15M-26OCT050115-15,0.0450,0.01,yes
2026-10-05T05:14:23.790083Z,KXBTC15M-26OCT050115-15,0.0450,9.00,yes
2026-10-05T05:14:23.790083Z,KXBTC15M-26OCT050115-15,0.0470,0.37,yes
2026-10-05T05:14:23.790083Z,KXBTC15M-26OCT050115-15,0.0450,0.01,yes
2026-10-05T05:14:23.792355Z,KXBTC15M-26OCT050115-15,0.0470,1025.77,yes
2026-10-05T05:14:23.809616Z,KXBTC15M-26OCT050115-15,0.0460,0.01,yes
2026-10-05T05:14:23.809616Z,KXBTC15M-26OCT050115-15,0.0490,1.96,yes
2026-10-05T05:14:23.809616Z,KXBTC15M-26OCT050115-15,0.0470,0.01,yes
2026-10-05T05:14:23.809616Z,KXBTC15M-26OCT050115-15,0.0460,0.01,yes
2026-10-05T05:14:23.809616Z,KXBTC15M-26OCT050115-15,0.0470,0.01,yes
2026-10-05T05:14:23.812082Z,KXBTC15M-26OCT050115-15,0.0490,6.02,yes
2026-10-05T05:14:23.838633Z,KXBTC15M-26OCT050115-15,0.0440,22.78,no
2026-10-05T05:14:23.839043Z,KXBTC15M-26OCT050115-15,0.0460,0.01,yes
2026-10-05T05:14:23.839043Z,KXBTC15M-26OCT050115-15,0.0460,0.01,yes
2026-10-05T05:14:23.839043Z,KXBTC15M-26OCT050115-15,0.0500,322.49,yes
2026-10-05T05:14:23.84183Z,KXBTC15M-26OCT050115-15,0.0500,500.00,yes
2026-10-05T05:14:23.85972Z,KXBTC15M-26OCT050115-15,0.0440,123.27,no
2026-10-05T05:14:23.867251Z,KXBTC15M-26OCT050115-15,0.0500,5.93,yes
2026-10-05T05:14:23.867251Z,KXBTC15M-26OCT050115-15,0.0520,0.04,yes
2026-10-05T05:14:23.867251Z,KXBTC15M-26OCT050115-15,0.0500,0.01,yes
2026-10-05T05:14:23.867251Z,KXBTC15M-26OCT050115-15,0.0460,0.01,yes
2026-10-05T05:14:23.867251Z,KXBTC15M-26OCT050115-15,0.0460,0.01,yes
2026-10-05T05:14:23.867685Z,KXBTC15M-26OCT050115-15,0.0520,49.27,yes
2026-10-05T05:14:23.868794Z,KXBTC15M-26OCT050115-15,0.0520,4.00,yes
2026-10-05T05:14:23.87139Z,KXBTC15M-26OCT050115-15,0.0520,53.59,yes
2026-10-05T05:14:23.878254Z,KXBTC15M-26OCT050115-15,0.0510,12.77,yes
2026-10-05T05:14:23.878254Z,KXBTC15M-26OCT050115-15,0.0500,0.01,yes
2026-10-05T05:14:23.879551Z,KXBTC15M-26OCT050115-15,0.0470,174.14,no
2026-10-05T05:14:23.879959Z,KXBTC15M-26OCT050115-15,0.0470,5.21,no
2026-10-05T05:14:23.889186Z,KXBTC15M-26OCT050115-15,0.0470,104.17,no
2026-10-05T05:14:23.89586Z,KXBTC15M-26OCT050115-15,0.0500,13.80,yes
2026-10-05T05:14:23.897145Z,KXBTC15M-26OCT050115-15,0.0500,2.00,yes
2026-10-05T05:14:23.923093Z,KXBTC15M-26OCT050115-15,0.0480,1.18,yes
2026-10-05T05:14:23.9278Z,KXBTC15M-26OCT050115-15,0.0480,5.96,yes
2026-10-05T05:14:23.932713Z,KXBTC15M-26OCT050115-15,0.0480,2.00,yes
2026-10-05T05:14:23.940833Z,KXBTC15M-26OCT050115-15,0.0480,87.20,yes
2026-10-05T05:14:23.943664Z,KXBTC15M-26OCT050115-15,0.0480,18.75,yes
2026-10-05T05:14:23.95613Z,KXBTC15M-26OCT050115-15,0.0480,0.01,yes
2026-10-05T05:14:23.971376Z,KXBTC15M-26OCT050115-15,0.0480,2.65,yes
2026-10-05T05:14:23.973185Z,KXBTC15M-26OCT050115-15,0.0480,143.94,yes
2026-10-05T05:14:23.977823Z,KXBTC15M-26OCT050115-15,0.0480,0.25,yes
2026-10-05T05:14:24.011174Z,KXBTC15M-26OCT050115-15,0.0470,1.04,no
2026-10-05T05:14:24.030201Z,KXBTC15M-26OCT050115-15,0.0470,156.42,no
2026-10-05T05:14:24.032065Z,KXBTC15M-26OCT050115-15,0.0480,0.01,yes
2026-10-05T05:14:24.032065Z,KXBTC15M-26OCT050115-15,0.0480,0.01,yes
2026-10-05T05:14:24.032065Z,KXBTC15M-26OCT050115-15,0.0480,14.53,yes
2026-10-05T05:14:24.034644Z,KXBTC15M-26OCT050115-15,0.0470,5.00,no
2026-10-05T05:14:24.046328Z,KXBTC15M-26OCT050115-15,0.0480,0.98,yes
2026-10-05T05:14:24.052938Z,KXBTC15M-26OCT050115-15,0.0470,256.13,no
2026-10-05T05:14:24.063056Z,KXBTC15M-26OCT050115-15,0.0480,0.42,yes
2026-10-05T05:14:24.068452Z,KXBTC15M-26OCT050115-15,0.0470,1.50,no
2026-10-05T05:14:24.075891Z,KXBTC15M-26OCT050115-15,0.0470,159.57,no
2026-10-05T05:14:24.080632Z,KXBTC15M-26OCT050115-15,0.0480,13.29,yes
2026-10-05T05:14:24.089996Z,KXBTC15M-26OCT050115-15,0.0470,5.18,no
2026-10-05T05:14:24.093562Z,KXBTC15M-26OCT050115-15,0.0470,0.28,no
2026-10-05T05:14:24.09882Z,KXBTC15M-26OCT050115-15,0.0470,0.52,no
2026-10-05T05:14:24.100067Z,KXBTC15M-26OCT050115-15,0.0480,17.22,yes
2026-10-05T05:14:24.109868Z,KXBTC15M-26OCT050115-15,0.0480,12.29,yes
2026-10-05T05:14:24.124836Z,KXBTC15M-26OCT050115-15,0.0480,24.03,yes
2026-10-05T05:14:24.125682Z,KXBTC15M-26OCT050115-15,0.0480,26.62,yes
2026-10-05T05:14:24.12631Z,KXBTC15M-26OCT050115-15,0.0470,93.76,no
2026-10-05T05:14:24.131419Z,KXBTC15M-26OCT050115-15,0.0650,1047.00,yes
2026-10-05T05:14:24.131419Z,KXBTC15M-26OCT050115-15,0.0650,64.00,yes
2026-10-05T05:14:24.131419Z,KXBTC15M-26OCT050115-15,0.0600,1036.52,yes
2026-10-05T05:14:24.131419Z,KXBTC15M-26OCT050115-15,0.0620,1047.00,yes
2026-10-05T05:14:24.131419Z,KXBTC15M-26OCT050115-15,0.0690,1047.00,yes
2026-10-05T05:14:24.131419Z,KXBTC15M-26OCT050115-15,0.0570,1047.00,yes
2026-10-05T05:14:24.131419Z,KXBTC15M-26OCT050115-15,0.0670,1047.00,yes
2026-10-05T05:14:24.131419Z,KXBTC15M-26OCT050115-15,0.0550,0.05,yes
2026-10-05T05:14:24.131419Z,KXBTC15M-26OCT050115-15,0.0580,7.31,yes
2026-10-05T05:14:24.131419Z,KXBTC15M-26OCT050115-15,0.0560,105.07,yes
2026-10-05T05:14:24.131419Z,KXBTC15M-26OCT050115-15,0.0560,100.00,yes
2026-10-05T05:14:24.131419Z,KXBTC15M-26OCT050115-15,0.0480,1.00,yes
2026-10-05T05:14:24.131419Z,KXBTC15M-26OCT050115-15,0.0520,9.00,yes
2026-10-05T05:14:24.131419Z,KXBTC15M-26OCT050115-15,0.0580,75.00,yes
2026-10-05T05:14:24.131419Z,KXBTC15M-26OCT050115-15,0.0530,413.00,yes
2026-10-05T05:14:24.131419Z,KXBTC15M-26OCT050115-15,0.0480,390.62,yes
2026-10-05T05:14:24.131419Z,KXBTC15M-26OCT050115-15,0.0590,196.00,yes
2026-10-05T05:14:24.131419Z,KXBTC15M-26OCT050115-15,0.0500,20.00,yes
2026-10-05T05:14:24.131419Z,KXBTC15M-26OCT050115-15,0.0480,0.01,yes
2026-10-05T05:14:24.131419Z,KXBTC15M-26OCT050115-15,0.0530,126.00,yes
2026-10-05T05:14:24.131419Z,KXBTC15M-26OCT050115-15,0.0480,0.01,yes
2026-10-05T05:14:24.131419Z,KXBTC15M-26OCT050115-15,0.0500,186.00,yes
2026-10-05T05:14:24.131419Z,KXBTC15M-26OCT050115-15,0.0600,62.00,yes
2026-10-05T05:14:24.132542Z,KXBTC15M-26OCT050115-15,0.0800,64.00,yes
2026-10-05T05:14:24.132542Z,KXBTC15M-26OCT050115-15,0.0870,625.00,yes
2026-10-05T05:14:24.132542Z,KXBTC15M-26OCT050115-15,0.0700,1.00,yes
2026-10-05T05:14:24.132542Z,KXBTC15M-26OCT050115-15,0.0810,1047.00,yes
2026-10-05T05:14:24.132542Z,KXBTC15M-26OCT050115-15,0.0720,1.00,yes
2026-10-05T05:14:24.132542Z,KXBTC15M-26OCT050115-15,0.0800,1.00,yes
2026-10-05T05:14:24.132542Z,KXBTC15M-26OCT050115-15,0.0910,1047.00,yes
2026-10-05T05:14:24.132542Z,KXBTC15M-26OCT050115-15,0.0860,1047.00,yes
2026-10-05T05:14:24.132542Z,KXBTC15M-26OCT050115-15,0.0890,1019.34,yes
2026-10-05T05:14:24.132542Z,KXBTC15M-26OCT050115-15,0.0820,500.00,yes
2026-10-05T05:14:24.132848Z,KXBTC15M-26OCT050115-15,0.0480,0.01,yes
2026-10-05T05:14:24.133109Z,KXBTC15M-26OCT050115-15,0.0970,156.96,yes
2026-10-05T05:14:24.133132Z,KXBTC15M-26OCT050115-15,0.0970,156.96,yes
2026-10-05T05:14:24.133917Z,KXBTC15M-26OCT050115-15,0.1000,43.04,yes
2026-10-05T05:14:24.134256Z,KXBTC15M-26OCT050115-15,0.1000,43.04,yes
2026-10-05T05:14:24.137229Z,KXBTC15M-26OCT050115-15,0.1000,213.92,yes
2026-10-05T05:14:24.137229Z,KXBTC15M-26OCT050115-15,0.1000,95.41,yes
2026-10-05T05:14:24.139753Z,KXBTC15M-26OCT050115-15,0.1300,20.00,yes
2026-10-05T05:14:24.139753Z,KXBTC15M-26OCT050115-15,0.1300,140.00,yes
2026-10-05T05:14:24.139753Z,KXBTC15M-26OCT050115-15,0.1300,200.00,yes
2026-10-05T05:14:24.139753Z,KXBTC15M-26OCT050115-15,0.1400,6.00,yes
2026-10-05T05:14:24.139753Z,KXBTC15M-26OCT050115-15,0.1300,25.00,yes
2026-10-05T05:14:24.139753Z,KXBTC15M-26OCT050115-15,0.1400,1.00,yes
2026-10-05T05:14:24.139753Z,KXBTC15M-26OCT050115-15,0.1200,899.01,yes
2026-10-05T05:14:24.139753Z,KXBTC15M-26OCT050115-15,0.1400,3.95,yes
2026-10-05T05:14:24.140618Z,KXBTC15M-26OCT050115-15,0.1500,20.00,yes
2026-10-05T05:14:24.140618Z,KXBTC15M-26OCT050115-15,0.1700,1.00,yes
2026-10-05T05:14:24.140618Z,KXBTC15M-26OCT050115-15,0.1700,3.49,yes
2026-10-05T05:14:24.140868Z,KXBTC15M-26OCT050115-15,0.1700,2.00,yes
2026-10-05T05:14:24.140868Z,KXBTC15M-26OCT050115-15,0.1800,25.45,yes
2026-10-05T05:14:24.140868Z,KXBTC15M-26OCT050115-15,0.1700,29.51,yes
2026-10-05T05:14:24.140868Z,KXBTC15M-26OCT050115-15,0.1700,100.00,yes
2026-10-05T05:14:24.142968Z,KXBTC15M-26OCT050115-15,0.1800,116.61,yes
2026-10-05T05:14:24.142968Z,KXBTC15M-26OCT050115-15,0.1800,19.46,yes
2026-10-05T05:14:24.14435Z,KXBTC15M-26OCT050115-15,0.1100,84.00,no
2026-10-05T05:14:24.153733Z,KXBTC15M-26OCT050115-15,0.1600,1.06,no
2026-10-05T05:14:24.16015Z,KXBTC15M-26OCT050115-15,0.1700,12.00,yes
2026-10-05T05:14:24.160571Z,KXBTC15M-26OCT050115-15,0.1700,111.00,yes
2026-10-05T05:14:24.162203Z,KXBTC15M-26OCT050115-15,0.1500,32.67,no
2026-10-05T05:14:24.162203Z,KXBTC15M-26OCT050115-15,0.1600,0.01,no
2026-10-05T05:14:24.162203Z,KXBTC15M-26OCT050115-15,0.1600,0.01,no
2026-10-05T05:14:24.172426Z,KXBTC15M-26OCT050115-15,0.1500,321.07,no
2026-10-05T05:14:24.173097Z,KXBTC15M-26OCT050115-15,0.1600,5.00,yes
2026-10-05T05:14:24.175085Z,KXBTC15M-26OCT050115-15,0.1500,510.00,no
2026-10-05T05:14:24.192732Z,KXBTC15M-26OCT050115-15,0.1500,0.01,no
2026-10-05T05:14:24.192732Z,KXBTC15M-26OCT050115-15,0.1400,524.63,no
2026-10-05T05:14:24.192732Z,KXBTC15M-26OCT050115-15,0.1500,0.01,no
2026-10-05T05:14:24.200334Z,KXBTC15M-26OCT050115-15,0.1400,1.04,no
2026-10-05T05:14:24.203938Z,KXBTC15M-26OCT050115-15,0.1500,6.00,yes
2026-10-05T05:14:24.215661Z,KXBTC15M-26OCT050115-15,0.1400,0.01,no
2026-10-05T05:14:24.215661Z,KXBTC15M-26OCT050115-15,0.1200,380.98,no
2026-10-05T05:14:24.215661Z,KXBTC15M-26OCT050115-15,0.1300,1047.00,no
2026-10-05T05:14:24.215661Z,KXBTC15M-26OCT050115-15,0.1400,0.01,no
2026-10-05T05:14:24.227595Z,KXBTC15M-26OCT050115-15,0.1300,12.00,yes
2026-10-05T05:14:24.233926Z,KXBTC15M-26OCT050115-15,0.1200,12.51,no
2026-10-05T05:14:24.235347Z,KXBTC15M-26OCT050115-15,0.1300,81.00,yes
2026-10-05T05:14:24.237391Z,KXBTC15M-26OCT050115-15,0.1300,6.00,yes
2026-10-05T05:14:24.237391Z,KXBTC15M-26OCT050115-15,0.1300,375.00,yes
2026-10-05T05:14:24.237391Z,KXBTC15M-26OCT050115-15,0.1300,15.00,yes
2026-10-05T05:14:24.237391Z,KXBTC15M-26OCT050115-15,0.1300,408.00,yes
2026-10-05T05:14:24.237391Z,KXBTC15M-26OCT050115-15,0.1300,93.75,yes
2026-10-05T05:14:24.237827Z,KXBTC15M-26OCT050115-15,0.1400,6.00,yes
2026-10-05T05:14:24.237827Z,KXBTC15M-26OCT050115-15,0.1400,64.00,yes
2026-10-05T05:14:24.237827Z,KXBTC15M-26OCT050115-15,0.1400,15.00,yes
2026-10-05T05:14:24.237827Z,KXBTC15M-26OCT050115-15,0.1400,200.00,yes
2026-10-05T05:14:24.237827Z,KXBTC15M-26OCT050115-15,0.1400,64.00,yes
2026-10-05T05:14:24.237827Z,KXBTC15M-26OCT050115-15,0.1400,93.75,yes
2026-10-05T05:14:24.241511Z,KXBTC15M-26OCT050115-15,0.1500,64.00,yes
2026-10-05T05:14:24.241511Z,KXBTC15M-26OCT050115-15,0.1500,15.00,yes
2026-10-05T05:14:24.241511Z,KXBTC15M-26OCT050115-15,0.1500,93.75,yes
2026-10-05T05:14:24.241511Z,KXBTC15M-26OCT050115-15,0.1500,15.00,yes
2026-10-05T05:14:24.241511Z,KXBTC15M-26OCT050115-15,0.1300,146.00,yes
2026-10-05T05:14:24.241511Z,KXBTC15M-26OCT050115-15,0.1500,500.00,yes
2026-10-05T05:14:24.241511Z,KXBTC15M-26OCT050115-15,0.1500,93.75,yes
2026-10-05T05:14:24.241511Z,KXBTC15M-26OCT050115-15,0.1500,64.00,yes
2026-10-05T05:14:24.241511Z,KXBTC15M-26OCT050115-15,0.1500,0.01,yes
2026-10-05T05:14:24.243337Z,KXBTC15M-26OCT050115-15,0.1300,2079.32,no
2026-10-05T05:14:24.246328Z,KXBTC15M-26OCT050115-15,0.1300,45.88,no
2026-10-05T05:14:24.250275Z,KXBTC15M-26OCT050115-15,0.1500,6.00,yes
2026-10-05T05:14:24.256465Z,KXBTC15M-26OCT050115-15,0.1700,5.00,yes
2026-10-05T05:14:24.256465Z,KXBTC15M-26OCT050115-15,0.1700,500.00,yes
2026-10-05T05:14:24.256926Z,KXBTC15M-26OCT050115-15,0.1600,71.95,no
2026-10-05T05:14:24.257833Z,KXBTC15M-26OCT050115-15,0.1800,44.00,yes
2026-10-05T05:14:24.257833Z,KXBTC15M-26OCT050115-15,0.1800,95.00,yes
2026-10-05T05:14:24.257833Z,KXBTC15M-26OCT050115-15,0.1800,10.54,yes
2026-10-05T05:14:24.257833Z,KXBTC15M-26OCT050115-15,0.1800,500.00,yes
2026-10-05T05:14:24.259443Z,KXBTC15M-26OCT050115-15,0.1800,5.00,yes
2026-10-05T05:14:24.259443Z,KXBTC15M-26OCT050115-15,0.1900,1.00,yes
2026-10-05T05:14:24.259443Z,KXBTC15M-26OCT050115-15,0.2100,19.00,yes
2026-10-05T05:14:24.261858Z,KXBTC15M-26OCT050115-15,0.1600,99.98,no
2026-10-05T05:14:24.268103Z,KXBTC15M-26OCT050115-15,0.1900,5.21,no
2026-10-05T05:14:24.273698Z,KXBTC15M-26OCT050115-15,0.1900,29.17,no
2026-10-05T05:14:24.27533Z,KXBTC15M-26OCT050115-15,0.1900,20.82,no
2026-10-05T05:14:24.27533Z,KXBTC15M-26OCT050115-15,0.1900,64.58,no
2026-10-05T05:14:24.27533Z,KXBTC15M-26OCT050115-15,0.1900,15.00,no
2026-10-05T05:14:24.278669Z,KXBTC15M-26OCT050115-15,0.1900,0.01,no
2026-10-05T05:14:24.278669Z,KXBTC15M-26OCT050115-15,0.1900,108.74,no
2026-10-05T05:14:24.279086Z,KXBTC15M-26OCT050115-15,0.1900,64.58,no
2026-10-05T05:14:24.280812Z,KXBTC15M-26OCT050115-15,0.1900,66.43,no
2026-10-05T05:14:24.285116Z,KXBTC15M-26OCT050115-15,0.1900,102.52,no
2026-10-05T05:14:24.285116Z,KXBTC15M-26OCT050115-15,0.1900,120.25,no
2026-10-05T05:14:24.294263Z,KXBTC15M-26OCT050115-15,0.1900,0.01,no
2026-10-05T05:14:24.303752Z,KXBTC15M-26OCT050115-15,0.1600,12.51,no
2026-10-05T05:14:24.313727Z,KXBTC15M-26OCT050115-15,0.1500,51.02,no
2026-10-05T05:14:24.315147Z,KXBTC15M-26OCT050115-15,0.1600,0.02,yes
2026-10-05T05:14:24.318086Z,KXBTC15M-26OCT050115-15,0.1500,104.28,no
2026-10-05T05:14:24.340795Z,KXBTC15M-26OCT050115-15,0.1500,5.21,no
2026-10-05T05:14:24.348921Z,KXBTC15M-26OCT050115-15,0.1500,125.60,no
2026-10-05T05:14:24.359513Z,KXBTC15M-26OCT050115-15,0.1600,3.00,yes
2026-10-05T05:14:24.365785Z,KXBTC15M-26OCT050115-15,0.1500,184.19,no
2026-10-05T05:14:24.365785Z,KXBTC15M-26OCT050115-15,0.1500,1.00,no
2026-10-05T05:14:24.365785Z,KXBTC15M-26OCT050115-15,0.1500,0.01,no
2026-10-05T05:14:24.365785Z,KXBTC15M-26OCT050115-15,0.1500,546.79,no
2026-10-05T05:14:24.365785Z,KXBTC15M-26OCT050115-15,0.1500,179.00,no
2026-10-05T05:14:24.365785Z,KXBTC15M-26OCT050115-15,0.1500,0.01,no
2026-10-05T05:14:24.378048Z,KXBTC15M-26OCT050115-15,0.1500,55.43,no
2026-10-05T05:14:24.396605Z,KXBTC15M-26OCT050115-15,0.1500,13.10,no
2026-10-05T05:14:24.400633Z,KXBTC15M-26OCT050115-15,0.1500,32.00,no
2026-10-05T05:14:24.402092Z,KXBTC15M-26OCT050115-15,0.1500,0.01,no
2026-10-05T05:14:24.402092Z,KXBTC15M-26OCT050115-15,0.1500,0.01,no
2026-10-05T05:14:24.402092Z,KXBTC15M-26OCT050115-15,0.1500,152.68,no
2026-10-05T05:14:24.414981Z,KXBTC15M-26OCT050115-15,0.1200,46.24,no
2026-10-05T05:14:24.414981Z,KXBTC15M-26OCT050115-15,0.1300,0.01,no
2026-10-05T05:14:24.425339Z,KXBTC15M-26OCT050115-15,0.1200,56.33,no
2026-10-05T05:14:24.425339Z,KXBTC15M-26OCT050115-15,0.1200,0.01,no
2026-10-05T05:14:24.427585Z,KXBTC15M-26OCT050115-15,0.1200,34.00,no
2026-10-05T05:14:24.42993Z,KXBTC15M-26OCT050115-15,0.1200,28.67,no
2026-10-05T05:14:24.42993Z,KXBTC15M-26OCT050115-15,0.1100,89.25,no
2026-10-05T05:14:24.42993Z,KXBTC15M-26OCT050115-15,0.1200,0.01,no
2026-10-05T05:14:24.464021Z,KXBTC15M-26OCT050115-15,0.1100,1.09,no
2026-10-05T05:14:24.468226Z,KXBTC15M-26OCT050115-15,0.1100,200.00,no
2026-10-05T05:14:24.474838Z,KXBTC15M-26OCT050115-15,0.1200,6.29,yes
2026-10-05T05:14:24.498716Z,KXBTC15M-26OCT050115-15,0.1200,784.97,yes
2026-10-05T05:14:24.512958Z,KXBTC15M-26OCT050115-15,0.1200,8.25,yes
2026-10-05T05:14:24.513261Z,KXBTC15M-26OCT050115-15,0.1100,1.00,no
2026-10-05T05:14:24.513261Z,KXBTC15M-26OCT050115-15,0.1000,10.00,no
2026-10-05T05:14:24.513261Z,KXBTC15M-26OCT050115-15,0.0990,701.78,no
2026-10-05T05:14:24.513261Z,KXBTC15M-26OCT050115-15,0.1100,1.00,no
2026-10-05T05:14:24.513261Z,KXBTC15M-26OCT050115-15,0.1100,0.01,no
2026-10-05T05:14:24.513261Z,KXBTC15M-26OCT050115-15,0.1100,672.66,no
2026-10-05T05:14:24.513261Z,KXBTC15M-26OCT050115-15,0.1100,0.01,no
2026-10-05T05:14:24.513261Z,KXBTC15M-26OCT050115-15,0.1000,6.00,no
2026-10-05T05:14:24.513261Z,KXBTC15M-26OCT050115-15,0.1100,800.00,no
2026-10-05T05:14:24.514274Z,KXBTC15M-26OCT050115-15,0.0990,1.04,no
2026-10-05T05:14:24.546064Z,KXBTC15M-26OCT050115-15,0.1100,59.66,yes
2026-10-05T05:14:24.551516Z,KXBTC15M-26OCT050115-15,0.0990,344.18,no
2026-10-05T05:14:24.551516Z,KXBTC15M-26OCT050115-15,0.1000,1.00,no
2026-10-05T05:14:24.551516Z,KXBTC15M-26OCT050115-15,0.1000,93.75,no
2026-10-05T05:14:24.551516Z,KXBTC15M-26OCT050115-15,0.0990,0.01,no
2026-10-05T05:14:24.551516Z,KXBTC15M-26OCT050115-15,0.1000,144.00,no
2026-10-05T05:14:24.551516Z,KXBTC15M-26OCT050115-15,0.1000,6.00,no
2026-10-05T05:14:24.551516Z,KXBTC15M-26OCT050115-15,0.1000,0.01,no
2026-10-05T05:14:24.551516Z,KXBTC15M-26OCT050115-15,0.1000,93.75,no
2026-10-05T05:14:24.551516Z,KXBTC15M-26OCT050115-15,0.1000,0.01,no
2026-10-05T05:14:24.554823Z,KXBTC15M-26OCT050115-15,0.1100,1.19,yes
2026-10-05T05:14:24.557808Z,KXBTC15M-26OCT050115-15,0.1000,127.22,no
2026-10-05T05:14:24.55903Z,KXBTC15M-26OCT050115-15,0.1100,7.84,yes
2026-10-05T05:14:24.573807Z,KXBTC15M-26OCT050115-15,0.1100,27.70,yes
2026-10-05T05:14:24.57791Z,KXBTC15M-26OCT050115-15,0.1100,236.68,yes
2026-10-05T05:14:24.598327Z,KXBTC15M-26OCT050115-15,0.1000,149.13,no
2026-10-05T05:14:24.607335Z,KXBTC15M-26OCT050115-15,0.1100,132.19,yes
2026-10-05T05:14:24.611141Z,KXBTC15M-26OCT050115-15,0.1100,7.84,yes
2026-10-05T05:14:24.625569Z,KXBTC15M-26OCT050115-15,0.1100,23.23,yes
2026-10-05T05:14:24.658735Z,KXBTC15M-26OCT050115-15,0.1000,2752.00,no
2026-10-05T05:14:24.663433Z,KXBTC15M-26OCT050115-15,0.1100,3.67,yes
2026-10-05T05:14:24.663433Z,KXBTC15M-26OCT050115-15,0.1100,0.01,yes
2026-10-05T05:14:24.663433Z,KXBTC15M-26OCT050115-15,0.1100,72.34,yes
2026-10-05T05:14:24.663433Z,KXBTC15M-26OCT050115-15,0.1100,0.01,yes
2026-10-05T05:14:24.675746Z,KXBTC15M-26OCT050115-15,0.1100,47.66,yes
2026-10-05T05:14:24.675746Z,KXBTC15M-26OCT050115-15,0.1100,4.70,yes
2026-10-05T05:14:24.68473Z,KXBTC15M-26OCT050115-15,0.1000,449.99,no
2026-10-05T05:14:24.68473Z,KXBTC15M-26OCT050115-15,0.1000,0.01,no
2026-10-05T05:14:24.714096Z,KXBTC15M-26OCT050115-15,0.1100,6.29,yes
2026-10-05T05:14:24.721804Z,KXBTC15M-26OCT050115-15,0.1100,4.47,yes
2026-10-05T05:14:24.729748Z,KXBTC15M-26OCT050115-15,0.1100,35.15,yes
2026-10-05T05:14:24.732606Z,KXBTC15M-26OCT050115-15,0.1100,6.92,yes
2026-10-05T05:14:24.745816Z,KXBTC15M-26OCT050115-15,0.1000,25.00,no
2026-10-05T05:14:24.759352Z,KXBTC15M-26OCT050115-15,0.1100,31.46,yes
2026-10-05T05:14:24.768918Z,KXBTC15M-26OCT050115-15,0.1100,62.37,yes
2026-10-05T05:14:24.786638Z,KXBTC15M-26OCT050115-15,0.1100,0.20,yes
2026-10-05T05:14:24.786638Z,KXBTC15M-26OCT050115-15,0.1100,27.70,yes
2026-10-05T05:14:24.787197Z,KXBTC15M-26OCT050115-15,0.1100,35.95,yes
2026-10-05T05:14:24.794636Z,KXBTC15M-26OCT050115-15,0.1100,2.95,yes
2026-10-05T05:14:24.795652Z,KXBTC15M-26OCT050115-15,0.1100,15.69,yes
2026-10-05T05:14:24.797733Z,KXBTC15M-26OCT050115-15,0.1000,25.05,no
2026-10-05T05:14:24.803035Z,KXBTC15M-26OCT050115-15,0.1100,147.11,yes
2026-10-05T05:14:24.804828Z,KXBTC15M-26OCT050115-15,0.1100,57.69,yes
2026-10-05T05:14:24.814232Z,KXBTC15M-26OCT050115-15,0.1100,17.94,yes
2026-10-05T05:14:24.818856Z,KXBTC15M-26OCT050115-15,0.1000,0.99,no
2026-10-05T05:14:24.818856Z,KXBTC15M-26OCT050115-15,0.1000,0.01,no
2026-10-05T05:14:24.823959Z,KXBTC15M-26OCT050115-15,0.1100,164.00,yes
2026-10-05T05:14:24.824667Z,KXBTC15M-26OCT050115-15,0.1000,1.12,no
2026-10-05T05:14:24.824667Z,KXBTC15M-26OCT050115-15,0.1000,0.01,no
2026-10-05T05:14:24.824667Z,KXBTC15M-26OCT050115-15,0.1000,0.01,no
2026-10-05T05:14:24.824667Z,KXBTC15M-26OCT050115-15,0.1000,1.00,no
2026-10-05T05:14:24.847516Z,KXBTC15M-26OCT050115-15,0.1100,4.00,yes
2026-10-05T05:14:24.849381Z,KXBTC15M-26OCT050115-15,0.1100,1.13,yes
2026-10-05T05:14:24.855709Z,KXBTC15M-26OCT050115-15,0.1100,947.87,yes
2026-10-05T05:14:24.85835Z,KXBTC15M-26OCT050115-15,0.1100,2.34,yes
2026-10-05T05:14:24.85969Z,KXBTC15M-26OCT050115-15,0.1100,182.32,yes
2026-10-05T05:14:24.864734Z,KXBTC15M-26OCT050115-15,0.1100,144.78,yes
2026-10-05T05:14:24.868556Z,KXBTC15M-26OCT050115-15,0.1000,4.99,no
2026-10-05T05:14:24.871255Z,KXBTC15M-26OCT050115-15,0.1100,2.27,yes
2026-10-05T05:14:24.872465Z,KXBTC15M-26OCT050115-15,0.1000,3.27,no
2026-10-05T05:14:24.878244Z,KXBTC15M-26OCT050115-15,0.1100,249.31,yes
2026-10-05T05:14:24.891208Z,KXBTC15M-26OCT050115-15,0.1100,6.30,yes
2026-10-05T05:14:24.891208Z,KXBTC15M-26OCT050115-15,0.1100,18.68,yes
2026-10-05T05:14:24.891208Z,KXBTC15M-26OCT050115-15,0.1100,0.01,yes
2026-10-05T05:14:24.891208Z,KXBTC15M-26OCT050115-15,0.1100,0.01,yes
2026-10-05T05:14:24.89266Z,KXBTC15M-26OCT050115-15,0.1100,6.70,yes
2026-10-05T05:14:24.892965Z,KXBTC15M-26OCT050115-15,0.1100,8.55,yes
2026-10-05T05:14:24.914829Z,KXBTC15M-26OCT050115-15,0.1100,5.11,yes
2026-10-05T05:14:24.920199Z,KXBTC15M-26OCT050115-15,0.1100,1.68,yes
2026-10-05T05:14:24.934411Z,KXBTC15M-26OCT050115-15,0.1000,32.78,no
2026-10-05T05:14:24.936291Z,KXBTC15M-26OCT050115-15,0.1100,6.02,yes
2026-10-05T05:14:24.937411Z,KXBTC15M-26OCT050115-15,0.1100,3.50,yes
2026-10-05T05:14:24.947918Z,KXBTC15M-26OCT050115-15,0.1000,10.92,no
2026-10-05T05:14:24.952997Z,KXBTC15M-26OCT050115-15,0.1000,11.33,no
2026-10-05T05:14:24.977141Z,KXBTC15M-26OCT050115-15,0.1100,34.17,yes
2026-10-05T05:14:24.992235Z,KXBTC15M-26OCT050115-15,0.1100,39.09,yes
2026-10-05T05:14:25.005381Z,KXBTC15M-26OCT050115-15,0.1100,9.71,yes
2026-10-05T05:14:25.017845Z,KXBTC15M-26OCT050115-15,0.1100,27.58,yes
2026-10-05T05:14:25.036638Z,KXBTC15M-26OCT050115-15,0.1000,8.71,no
2026-10-05T05:14:25.036638Z,KXBTC15M-26OCT050115-15,0.1000,3.59,no
2026-10-05T05:14:25.039626Z,KXBTC15M-26OCT050115-15,0.1100,17.11,yes
2026-10-05T05:14:25.057131Z,KXBTC15M-26OCT050115-15,0.1000,55.72,no
2026-10-05T05:14:25.079732Z,KXBTC15M-26OCT050115-15,0.1100,3.50,yes
2026-10-05T05:14:25.08176Z,KXBTC15M-26OCT050115-15,0.1000,0.01,no
2026-10-05T05:14:25.08176Z,KXBTC15M-26OCT050115-15,0.1000,0.01,no
2026-10-05T05:14:25.08176Z,KXBTC15M-26OCT050115-15,0.1000,22.04,no
2026-10-05T05:14:25.087803Z,KXBTC15M-26OCT050115-15,0.1100,12.29,yes
2026-10-05T05:14:25.100346Z,KXBTC15M-26OCT050115-15,0.1000,655.47,no
2026-10-05T05:14:25.108698Z,KXBTC15M-26OCT050115-15,0.0980,0.30,no
2026-10-05T05:14:25.108698Z,KXBTC15M-26OCT050115-15,0.1000,10.00,no
2026-10-05T05:14:25.108698Z,KXBTC15M-26OCT050115-15,0.0990,7.00,no
2026-10-05T05:14:25.108698Z,KXBTC15M-26OCT050115-15,0.1000,0.01,no
2026-10-05T05:14:25.108698Z,KXBTC15M-26OCT050115-15,0.1000,0.01,no
2026-10-05T05:14:25.114076Z,KXBTC15M-26OCT050115-15,0.0980,139.07,no
2026-10-05T05:14:25.114076Z,KXBTC15M-26OCT050115-15,0.1000,0.01,no
2026-10-05T05:14:25.114076Z,KXBTC15M-26OCT050115-15,0.1000,0.01,no
2026-10-05T05:14:25.115404Z,KXBTC15M-26OCT050115-15,0.0980,70.00,no
2026-10-05T05:14:25.117668Z,KXBTC15M-26OCT050115-15,0.0980,111.11,no
2026-10-05T05:14:25.131442Z,KXBTC15M-26OCT050115-15,0.1000,5.89,no
2026-10-05T05:14:25.134007Z,KXBTC15M-26OCT050115-15,0.1100,1.00,yes
2026-10-05T05:14:25.147633Z,KXBTC15M-26OCT050115-15,0.0900,86.41,no
2026-10-05T05:14:25.147633Z,KXBTC15M-26OCT050115-15,0.0950,1047.00,no
2026-10-05T05:14:25.147633Z,KXBTC15M-26OCT050115-15,0.0930,1047.00,no
2026-10-05T05:14:25.147633Z,KXBTC15M-26OCT050115-15,0.1000,0.01,no
2026-10-05T05:14:25.147633Z,KXBTC15M-26OCT050115-15,0.0980,0.01,no
2026-10-05T05:14:25.147633Z,KXBTC15M-26OCT050115-15,0.0960,7.00,no
2026-10-05T05:14:25.147633Z,KXBTC15M-26OCT050115-15,0.0980,0.01,no
2026-10-05T05:14:25.147633Z,KXBTC15M-26OCT050115-15,0.1000,0.01,no
2026-10-05T05:14:25.148611Z,KXBTC15M-26OCT050115-15,0.0900,183.00,no
2026-10-05T05:14:25.152154Z,KXBTC15M-26OCT050115-15,0.0920,100.26,yes
2026-10-05T05:14:25.154587Z,KXBTC15M-26OCT050115-15,0.0920,48.18,yes
2026-10-05T05:14:25.16925Z,KXBTC15M-26OCT050115-15,0.0920,2.00,yes
2026-10-05T05:14:25.174811Z,KXBTC15M-26OCT050115-15,0.0860,6.37,no
2026-10-05T05:14:25.174811Z,KXBTC15M-26OCT050115-15,0.0900,1.00,no
2026-10-05T05:14:25.174811Z,KXBTC15M-26OCT050115-15,0.0890,0.01,no
2026-10-05T05:14:25.174811Z,KXBTC15M-26OCT050115-15,0.0910,0.01,no
2026-10-05T05:14:25.189492Z,KXBTC15M-26OCT050115-15,0.0910,150.00,yes
2026-10-05T05:14:25.189492Z,KXBTC15M-26OCT050115-15,0.0920,85.50,yes
2026-10-05T05:14:25.193159Z,KXBTC15M-26OCT050115-15,0.0860,155.99,no
2026-10-05T05:14:25.193159Z,KXBTC15M-26OCT050115-15,0.0870,0.01,no
2026-10-05T05:14:25.201304Z,KXBTC15M-26OCT050115-15,0.0870,150.00,yes
2026-10-05T05:14:25.201304Z,KXBTC15M-26OCT050115-15,0.0870,150.00,yes
2026-10-05T05:14:25.201304Z,KXBTC15M-26OCT050115-15,0.0870,150.00,yes
2026-10-05T05:14:25.201304Z,KXBTC15M-26OCT050115-15,0.0870,123.00,yes
2026-10-05T05:14:25.206648Z,KXBTC15M-26OCT050115-15,0.0880,0.19,yes
2026-10-05T05:14:25.206648Z,KXBTC15M-26OCT050115-15,0.0880,7.00,yes
2026-10-05T05:14:25.206648Z,KXBTC15M-26OCT050115-15,0.0880,3.50,yes
2026-10-05T05:14:25.210641Z,KXBTC15M-26OCT050115-15,0.0880,85.55,yes
2026-10-05T05:14:25.210641Z,KXBTC15M-26OCT050115-15,0.0870,0.01,yes
2026-10-05T05:14:25.210641Z,KXBTC15M-26OCT050115-15,0.0870,0.01,yes
2026-10-05T05:14:25.214321Z,KXBTC15M-26OCT050115-15,0.0880,1.55,yes
2026-10-05T05:14:25.214321Z,KXBTC15M-26OCT050115-15,0.0870,7.00,yes
2026-10-05T05:14:25.215316Z,KXBTC15M-26OCT050115-15,0.0880,61.01,yes
2026-10-05T05:14:25.225889Z,KXBTC15M-26OCT050115-15,0.0880,351.70,yes
2026-10-05T05:14:25.225889Z,KXBTC15M-26OCT050115-15,0.0880,0.01,yes
2026-10-05T05:14:25.225889Z,KXBTC15M-26OCT050115-15,0.0880,7.00,yes
2026-10-05T05:14:25.225889Z,KXBTC15M-26OCT050115-15,0.0890,125.09,yes
2026-10-05T05:14:25.225889Z,KXBTC15M-26OCT050115-15,0.0880,0.01,yes
2026-10-05T05:14:25.22947Z,KXBTC15M-26OCT050115-15,0.0870,150.00,no
2026-10-05T05:14:25.22947Z,KXBTC15M-26OCT050115-15,0.0870,17.53,no
2026-10-05T05:14:25.22947Z,KXBTC15M-26OCT050115-15,0.0880,150.00,no
2026-10-05T05:14:25.230693Z,KXBTC15M-26OCT050115-15,0.0890,42.78,yes
2026-10-05T05:14:25.236855Z,KXBTC15M-26OCT050115-15,0.0890,0.01,yes
2026-10-05T05:14:25.236855Z,KXBTC15M-26OCT050115-15,0.0920,109.57,yes
2026-10-05T05:14:25.236855Z,KXBTC15M-26OCT050115-15,0.0890,0.01,yes
2026-10-05T05:14:25.237851Z,KXBTC15M-26OCT050115-15,0.0920,17.11,yes
2026-10-05T05:14:25.247587Z,KXBTC15M-26OCT050115-15,0.0920,4.72,yes
2026-10-05T05:14:25.247587Z,KXBTC15M-26OCT050115-15,0.0890,0.01,yes
2026-10-05T05:14:25.247587Z,KXBTC15M-26OCT050115-15,0.0890,0.01,yes
2026-10-05T05:14:25.25096Z,KXBTC15M-26OCT050115-15,0.0920,1.52,yes
2026-10-05T05:14:25.251993Z,KXBTC15M-26OCT050115-15,0.0880,1.72,no
2026-10-05T05:14:25.253666Z,KXBTC15M-26OCT050115-15,0.0910,20.54,no
2026-10-05T05:14:25.258477Z,KXBTC15M-26OCT050115-15,0.0920,30.00,yes
2026-10-05T05:14:25.266328Z,KXBTC15M-26OCT050115-15,0.0920,20.52,yes
2026-10-05T05:14:25.271086Z,KXBTC15M-26OCT050115-15,0.0910,129.46,no
2026-10-05T05:14:25.271086Z,KXBTC15M-26OCT050115-15,0.0910,59.71,no
2026-10-05T05:14:25.274274Z,KXBTC15M-26OCT050115-15,0.0910,90.29,no
2026-10-05T05:14:25.274274Z,KXBTC15M-26OCT050115-15,0.0860,8.00,no
2026-10-05T05:14:25.274274Z,KXBTC15M-26OCT050115-15,0.0880,0.01,no
2026-10-05T05:14:25.274274Z,KXBTC15M-26OCT050115-15,0.0880,0.01,no
2026-10-05T05:14:25.274274Z,KXBTC15M-26OCT050115-15,0.0850,441.97,no
2026-10-05T05:14:25.274274Z,KXBTC15M-26OCT050115-15,0.0910,0.01,no
2026-10-05T05:14:25.274274Z,KXBTC15M-26OCT050115-15,0.0910,0.01,no
2026-10-05T05:14:25.28392Z,KXBTC15M-26OCT050115-15,0.0850,38.28,no
2026-10-05T05:14:25.28392Z,KXBTC15M-26OCT050115-15,0.0910,0.01,no
2026-10-05T05:14:25.28392Z,KXBTC15M-26OCT050115-15,0.0910,0.01,no
2026-10-05T05:14:25.308964Z,KXBTC15M-26OCT050115-15,0.0830,31.00,no
2026-10-05T05:14:25.308964Z,KXBTC15M-26OCT050115-15,0.0820,727.83,no
2026-10-05T05:14:25.308964Z,KXBTC15M-26OCT050115-15,0.0830,9.00,no
2026-10-05T05:14:25.308964Z,KXBTC15M-26OCT050115-15,0.0910,0.01,no
2026-10-05T05:14:25.308964Z,KXBTC15M-26OCT050115-15,0.0850,0.01,no
2026-10-05T05:14:25.308964Z,KXBTC15M-26OCT050115-15,0.0830,1.00,no
2026-10-05T05:14:25.315031Z,KXBTC15M-26OCT050115-15,0.0820,1.00,no
2026-10-05T05:14:25.315031Z,KXBTC15M-26OCT050115-15,0.0810,1.00,no
2026-10-05T05:14:25.315031Z,KXBTC15M-26OCT050115-15,0.0820,319.17,no
2026-10-05T05:14:25.315031Z,KXBTC15M-26OCT050115-15,0.0800,146.79,no
2026-10-05T05:14:25.315031Z,KXBTC15M-26OCT050115-15,0.0810,10.00,no
2026-10-05T05:14:25.315438Z,KXBTC15M-26OCT050115-15,0.0850,2348.55,yes
2026-10-05T05:14:25.319094Z,KXBTC15M-26OCT050115-15,0.0850,95.27,yes
2026-10-05T05:14:25.338572Z,KXBTC15M-26OCT050115-15,0.0840,5.48,no
2026-10-05T05:14:25.338572Z,KXBTC15M-26OCT050115-15,0.0840,1.00,no
2026-10-05T05:14:25.351751Z,KXBTC15M-26OCT050115-15,0.0840,8.00,no
2026-10-05T05:14:25.351751Z,KXBTC15M-26OCT050115-15,0.0840,0.01,no
2026-10-05T05:14:25.351751Z,KXBTC15M-26OCT050115-15,0.0840,99.03,no
2026-10-05T05:14:25.371953Z,KXBTC15M-26OCT050115-15,0.0850,0.01,yes
2026-10-05T05:14:25.371953Z,KXBTC15M-26OCT050115-15,0.0910,24.98,yes
2026-10-05T05:14:25.371953Z,KXBTC15M-26OCT050115-15,0.0850,0.01,yes
2026-10-05T05:14:25.372792Z,KXBTC15M-26OCT050115-15,0.0910,26.91,yes
2026-10-05T05:14:25.378929Z,KXBTC15M-26OCT050115-15,0.0860,25.79,no
2026-10-05T05:14:25.400044Z,KXBTC15M-26OCT050115-15,0.0870,1.00,no
2026-10-05T05:14:25.403829Z,KXBTC15M-26OCT050115-15,0.0900,14.00,yes
2026-10-05T05:14:25.403829Z,KXBTC15M-26OCT050115-15,0.0930,0.66,yes
2026-10-05T05:14:25.403829Z,KXBTC15M-26OCT050115-15,0.0910,4.00,yes
2026-10-05T05:14:25.403829Z,KXBTC15M-26OCT050115-15,0.0870,5.30,yes
2026-10-05T05:14:25.403829Z,KXBTC15M-26OCT050115-15,0.0900,0.01,yes
2026-10-05T05:14:25.403829Z,KXBTC15M-26OCT050115-15,0.0900,0.01,yes
2026-10-05T05:14:25.420688Z,KXBTC15M-26OCT050115-15,0.0900,36.71,yes
2026-10-05T05:14:25.425971Z,KXBTC15M-26OCT050115-15,0.0870,0.09,no
2026-10-05T05:14:25.425971Z,KXBTC15M-26OCT050115-15,0.0870,0.01,no
2026-10-05T05:14:25.432375Z,KXBTC15M-26OCT050115-15,0.0870,54.05,no
2026-10-05T05:14:25.437333Z,KXBTC15M-26OCT050115-15,0.0900,0.01,yes
2026-10-05T05:14:25.437333Z,KXBTC15M-26OCT050115-15,0.0930,140.98,yes
2026-10-05T05:14:25.437333Z,KXBTC15M-26OCT050115-15,0.0900,0.01,yes
2026-10-05T05:14:25.437333Z,KXBTC15M-26OCT050115-15,0.0900,21.00,yes
2026-10-05T05:14:25.4483Z,KXBTC15M-26OCT050115-15,0.0930,19.76,yes
2026-10-05T05:14:25.4483Z,KXBTC15M-26OCT050115-15,0.0890,0.01,yes
2026-10-05T05:14:25.454781Z,KXBTC15M-26OCT050115-15,0.0870,53.26,no
2026-10-05T05:14:25.455324Z,KXBTC15M-26OCT050115-15,0.0870,8.46,no
2026-10-05T05:14:25.458978Z,KXBTC15M-26OCT050115-15,0.0870,15.13,no
2026-10-05T05:14:25.459803Z,KXBTC15M-26OCT050115-15,0.0880,14.18,yes
2026-10-05T05:14:25.460412Z,KXBTC15M-26OCT050115-15,0.0880,17.11,yes
2026-10-05T05:14:25.46923Z,KXBTC15M-26OCT050115-15,0.0880,3.58,yes
2026-10-05T05:14:25.476059Z,KXBTC15M-26OCT050115-15,0.0880,0.01,yes
2026-10-05T05:14:25.476059Z,KXBTC15M-26OCT050115-15,0.0880,0.01,yes
2026-10-05T05:14:25.476059Z,KXBTC15M-26OCT050115-15,0.0880,14.85,yes
2026-10-05T05:14:25.476059Z,KXBTC15M-26OCT050115-15,0.0880,14.13,yes
2026-10-05T05:14:25.47773Z,KXBTC15M-26OCT050115-15,0.0870,5.44,no
2026-10-05T05:14:25.498466Z,KXBTC15M-26OCT050115-15,0.0880,0.01,yes
2026-10-05T05:14:25.498466Z,KXBTC15M-26OCT050115-15,0.0930,153.82,yes
2026-10-05T05:14:25.498466Z,KXBTC15M-26OCT050115-15,0.0880,40.15,yes
2026-10-05T05:14:25.498466Z,KXBTC15M-26OCT050115-15,0.0880,0.01,yes
2026-10-05T05:14:25.498466Z,KXBTC15M-26OCT050115-15,0.0890,0.01,yes
2026-10-05T05:14:25.498466Z,KXBTC15M-26OCT050115-15,0.0920,7.00,yes
2026-10-05T05:14:25.498466Z,KXBTC15M-26OCT050115-15,0.0890,0.01,yes
2026-10-05T05:14:25.499482Z,KXBTC15M-26OCT050115-15,0.0870,2.54,no
2026-10-05T05:14:25.499482Z,KXBTC15M-26OCT050115-15,0.0870,8.00,no
2026-10-05T05:14:25.499482Z,KXBTC15M-26OCT050115-15,0.0870,13.57,no
2026-10-05T05:14:25.511027Z,KXBTC15M-26OCT050115-15,0.0870,164.35,no
2026-10-05T05:14:25.519726Z,KXBTC15M-26OCT050115-15,0.0920,0.01,yes
2026-10-05T05:14:25.519726Z,KXBTC15M-26OCT050115-15,0.0920,0.01,yes
2026-10-05T05:14:25.519726Z,KXBTC15M-26OCT050115-15,0.0920,20.53,yes
2026-10-05T05:14:25.519726Z,KXBTC15M-26OCT050115-15,0.0880,0.01,yes
2026-10-05T05:14:25.531745Z,KXBTC15M-26OCT050115-15,0.0880,0.01,yes
2026-10-05T05:14:25.531745Z,KXBTC15M-26OCT050115-15,0.0910,32.84,yes
2026-10-05T05:14:25.535692Z,KXBTC15M-26OCT050115-15,0.0880,0.01,yes
2026-10-05T05:14:25.535692Z,KXBTC15M-26OCT050115-15,0.0900,17.10,yes
2026-10-05T05:14:25.541313Z,KXBTC15M-26OCT050115-15,0.0890,51.28,yes
2026-10-05T05:14:25.550632Z,KXBTC15M-26OCT050115-15,0.0870,0.01,no
2026-10-05T05:14:25.550632Z,KXBTC15M-26OCT050115-15,0.0870,8.00,no
2026-10-05T05:14:25.550632Z,KXBTC15M-26OCT050115-15,0.0860,62.87,no
2026-10-05T05:14:25.550632Z,KXBTC15M-26OCT050115-15,0.0870,33.11,no
2026-10-05T05:14:25.550632Z,KXBTC15M-26OCT050115-15,0.0870,0.01,no
2026-10-05T05:14:25.552612Z,KXBTC15M-26OCT050115-15,0.0860,1.07,no
2026-10-05T05:14:25.559177Z,KXBTC15M-26OCT050115-15,0.0890,27.34,yes
2026-10-05T05:14:25.570046Z,KXBTC15M-26OCT050115-15,0.0890,9.00,yes
2026-10-05T05:14:25.571393Z,KXBTC15M-26OCT050115-15,0.0890,3.65,yes
2026-10-05T05:14:25.596162Z,KXBTC15M-26OCT050115-15,0.0890,3.00,yes
2026-10-05T05:14:25.611767Z,KXBTC15M-26OCT050115-15,0.0880,85.88,yes
2026-10-05T05:14:25.613411Z,KXBTC15M-26OCT050115-15,0.0790,1.00,no
2026-10-05T05:14:25.613411Z,KXBTC15M-26OCT050115-15,0.0790,196.99,no
2026-10-05T05:14:25.613411Z,KXBTC15M-26OCT050115-15,0.0810,1047.00,no
2026-10-05T05:14:25.613411Z,KXBTC15M-26OCT050115-15,0.0830,1047.00,no
2026-10-05T05:14:25.613411Z,KXBTC15M-26OCT050115-15,0.0840,0.01,no
2026-10-05T05:14:25.613411Z,KXBTC15M-26OCT050115-15,0.0840,8.00,no
2026-10-05T05:14:25.617074Z,KXBTC15M-26OCT050115-15,0.0760,588.60,no
2026-10-05T05:14:25.617074Z,KXBTC15M-26OCT050115-15,0.0790,850.01,no
2026-10-05T05:14:25.629221Z,KXBTC15M-26OCT050115-15,0.0800,10.93,yes
2026-10-05T05:14:25.634485Z,KXBTC15M-26OCT050115-15,0.0770,52.00,yes
2026-10-05T05:14:25.649727Z,KXBTC15M-26OCT050115-15,0.0770,394.00,yes
2026-10-05T05:14:25.652937Z,KXBTC15M-26OCT050115-15,0.0760,2.58,no
2026-10-05T05:14:25.652963Z,KXBTC15M-26OCT050115-15,0.0760,106.79,no
2026-10-05T05:14:25.656885Z,KXBTC15M-26OCT050115-15,0.0770,51.15,yes
2026-10-05T05:14:25.662367Z,KXBTC15M-26OCT050115-15,0.0750,1.00,no
2026-10-05T05:14:25.662367Z,KXBTC15M-26OCT050115-15,0.0760,0.01,no
2026-10-05T05:14:25.662367Z,KXBTC15M-26OCT050115-15,0.0720,118.71,no
2026-10-05T05:14:25.662367Z,KXBTC15M-26OCT050115-15,0.0730,1.00,no
2026-10-05T05:14:25.662367Z,KXBTC15M-26OCT050115-15,0.0760,0.01,no
2026-10-05T05:14:25.662367Z,KXBTC15M-26OCT050115-15,0.0720,94.00,no
2026-10-05T05:14:25.668741Z,KXBTC15M-26OCT050115-15,0.0760,0.73,yes
2026-10-05T05:14:25.676385Z,KXBTC15M-26OCT050115-15,0.0720,3.08,yes
2026-10-05T05:14:25.678711Z,KXBTC15M-26OCT050115-15,0.0720,5.78,yes
2026-10-05T05:14:25.698437Z,KXBTC15M-26OCT050115-15,0.0750,1.98,yes
2026-10-05T05:14:25.699324Z,KXBTC15M-26OCT050115-15,0.0750,10.11,yes
2026-10-05T05:14:25.700348Z,KXBTC15M-26OCT050115-15,0.0770,44.05,yes
2026-10-05T05:14:25.700348Z,KXBTC15M-26OCT050115-15,0.0760,7.00,yes
2026-10-05T05:14:25.700348Z,KXBTC15M-26OCT050115-15,0.0750,0.01,yes
2026-10-05T05:14:25.703196Z,KXBTC15M-26OCT050115-15,0.0760,35.00,yes
2026-10-05T05:14:25.703196Z,KXBTC15M-26OCT050115-15,0.0770,6.89,yes
2026-10-05T05:14:25.708621Z,KXBTC15M-26OCT050115-15,0.0760,63.00,yes
2026-10-05T05:14:25.708621Z,KXBTC15M-26OCT050115-15,0.0770,32.00,yes
2026-10-05T05:14:25.708621Z,KXBTC15M-26OCT050115-15,0.0760,7.00,yes
2026-10-05T05:14:25.726649Z,KXBTC15M-26OCT050115-15,0.0760,14.00,yes
2026-10-05T05:14:25.726649Z,KXBTC15M-26OCT050115-15,0.0760,0.01,yes
2026-10-05T05:14:25.726649Z,KXBTC15M-26OCT050115-15,0.0760,7.00,yes
2026-10-05T05:14:25.726649Z,KXBTC15M-26OCT050115-15,0.0770,21.77,yes
2026-10-05T05:14:25.744316Z,KXBTC15M-26OCT050115-15,0.0770,51.15,yes
2026-10-05T05:14:25.762727Z,KXBTC15M-26OCT050115-15,0.0730,54.00,no
2026-10-05T05:14:25.764876Z,KXBTC15M-26OCT050115-15,0.0760,0.82,yes
2026-10-05T05:14:25.764876Z,KXBTC15M-26OCT050115-15,0.0760,0.01,yes
2026-10-05T05:14:25.777527Z,KXBTC15M-26OCT050115-15,0.0740,86.00,yes
2026-10-05T05:14:25.779501Z,KXBTC15M-26OCT050115-15,0.0730,23.76,no
2026-10-05T05:14:25.779594Z,KXBTC15M-26OCT050115-15,0.0740,81.59,yes
2026-10-05T05:14:25.781367Z,KXBTC15M-26OCT050115-15,0.0740,91.71,yes
2026-10-05T05:14:25.788677Z,KXBTC15M-26OCT050115-15,0.0740,123.58,yes
2026-10-05T05:14:25.792042Z,KXBTC15M-26OCT050115-15,0.0740,73.00,yes
2026-10-05T05:14:25.798976Z,KXBTC15M-26OCT050115-15,0.0730,10.25,no
2026-10-05T05:14:25.804069Z,KXBTC15M-26OCT050115-15,0.0740,1000.00,yes
2026-10-05T05:14:25.809728Z,KXBTC15M-26OCT050115-15,0.0740,51.06,yes
2026-10-05T05:14:25.814468Z,KXBTC15M-26OCT050115-15,0.0730,0.01,no
2026-10-05T05:14:25.814468Z,KXBTC15M-26OCT050115-15,0.0710,9.64,no
2026-10-05T05:14:25.814468Z,KXBTC15M-26OCT050115-15,0.0730,0.01,no
2026-10-05T05:14:25.814468Z,KXBTC15M-26OCT050115-15,0.0720,1.00,no
2026-10-05T05:14:25.820416Z,KXBTC15M-26OCT050115-15,0.0760,26.90,yes
2026-10-05T05:14:25.820416Z,KXBTC15M-26OCT050115-15,0.0740,0.01,yes
2026-10-05T05:14:25.820416Z,KXBTC15M-26OCT050115-15,0.0750,8.00,yes
2026-10-05T05:14:25.820416Z,KXBTC15M-26OCT050115-15,0.0740,0.01,yes
2026-10-05T05:14:25.839028Z,KXBTC15M-26OCT050115-15,0.0760,29.10,yes
2026-10-05T05:14:25.839028Z,KXBTC15M-26OCT050115-15,0.0760,0.01,yes
2026-10-05T05:14:25.839028Z,KXBTC15M-26OCT050115-15,0.0740,1.00,yes
2026-10-05T05:14:25.839028Z,KXBTC15M-26OCT050115-15,0.0760,19.00,yes
2026-10-05T05:14:25.839028Z,KXBTC15M-26OCT050115-15,0.0800,40.32,yes
2026-10-05T05:14:25.839028Z,KXBTC15M-26OCT050115-15,0.0760,7.00,yes
2026-10-05T05:14:25.850252Z,KXBTC15M-26OCT050115-15,0.0800,3.11,yes
2026-10-05T05:14:25.850252Z,KXBTC15M-26OCT050115-15,0.0790,7.00,yes
2026-10-05T05:14:25.853598Z,KXBTC15M-26OCT050115-15,0.0800,104.45,yes
2026-10-05T05:14:25.863804Z,KXBTC15M-26OCT050115-15,0.0740,14.35,no
2026-10-05T05:14:25.863804Z,KXBTC15M-26OCT050115-15,0.0740,91.00,no
2026-10-05T05:14:25.865035Z,KXBTC15M-26OCT050115-15,0.0800,5.00,yes
2026-10-05T05:14:25.866974Z,KXBTC15M-26OCT050115-15,0.0800,4.00,yes
2026-10-05T05:14:25.876147Z,KXBTC15M-26OCT050115-15,0.0800,30.71,yes
2026-10-05T05:14:25.877993Z,KXBTC15M-26OCT050115-15,0.0800,100.00,yes
2026-10-05T05:14:25.886403Z,KXBTC15M-26OCT050115-15,0.0740,0.10,no
2026-10-05T05:14:25.890469Z,KXBTC15M-26OCT050115-15,0.0740,8.44,no
2026-10-05T05:14:25.915832Z,KXBTC15M-26OCT050115-15,0.0800,2.43,yes
2026-10-05T05:14:25.916659Z,KXBTC15M-26OCT050115-15,0.0800,233.42,yes
2026-10-05T05:14:25.919324Z,KXBTC15M-26OCT050115-15,0.0800,70.44,yes
2026-10-05T05:14:25.920855Z,KXBTC15M-26OCT050115-15,0.0800,11.70,yes
2026-10-05T05:14:25.929819Z,KXBTC15M-26OCT050115-15,0.0800,10.44,yes
2026-10-05T05:14:25.931053Z,KXBTC15M-26OCT050115-15,0.0800,12.15,yes
2026-10-05T05:14:25.93207Z,KXBTC15M-26OCT050115-15,0.0800,100.00,yes
2026-10-05T05:14:25.946634Z,KXBTC15M-26OCT050115-15,0.0740,0.01,no
2026-10-05T05:14:25.946634Z,KXBTC15M-26OCT050115-15,0.0750,0.01,no
2026-10-05T05:14:25.946634Z,KXBTC15M-26OCT050115-15,0.0730,0.01,no
2026-10-05T05:14:25.946634Z,KXBTC15M-26OCT050115-15,0.0730,0.01,no
2026-10-05T05:14:25.946634Z,KXBTC15M-26OCT050115-15,0.0740,1.00,no
2026-10-05T05:14:25.946634Z,KXBTC15M-26OCT050115-15,0.0740,0.01,no
2026-10-05T05:14:25.946634Z,KXBTC15M-26OCT050115-15,0.0720,3.64,no
2026-10-05T05:14:25.946634Z,KXBTC15M-26OCT050115-15,0.0750,1.00,no
2026-10-05T05:14:25.946634Z,KXBTC15M-26OCT050115-15,0.0750,0.01,no
2026-10-05T05:14:25.960002Z,KXBTC15M-26OCT050115-15,0.0790,51.54,yes
2026-10-05T05:14:25.964654Z,KXBTC15M-26OCT050115-15,0.0780,7.04,yes
2026-10-05T05:14:25.969245Z,KXBTC15M-26OCT050115-15,0.0780,3.39,yes
2026-10-05T05:14:25.969776Z,KXBTC15M-26OCT050115-15,0.0780,31.75,yes
2026-10-05T05:14:25.979225Z,KXBTC15M-26OCT050115-15,0.0780,10.44,yes
2026-10-05T05:14:25.982271Z,KXBTC15M-26OCT050115-15,0.0780,12.61,yes
2026-10-05T05:14:25.986668Z,KXBTC15M-26OCT050115-15,0.0780,0.01,yes
2026-10-05T05:14:25.986668Z,KXBTC15M-26OCT050115-15,0.0780,0.01,yes
2026-10-05T05:14:25.986668Z,KXBTC15M-26OCT050115-15,0.0780,32.33,yes
2026-10-05T05:14:25.986668Z,KXBTC15M-26OCT050115-15,0.0780,25.81,yes
2026-10-05T05:14:25.986668Z,KXBTC15M-26OCT050115-15,0.0780,500.00,yes
2026-10-05T05:14:25.987722Z,KXBTC15M-26OCT050115-15,0.0710,23.01,no
2026-10-05T05:14:25.987722Z,KXBTC15M-26OCT050115-15,0.0720,9.00,no
2026-10-05T05:14:25.987722Z,KXBTC15M-26OCT050115-15,0.0750,0.01,no
2026-10-05T05:14:25.987722Z,KXBTC15M-26OCT050115-15,0.0750,0.01,no
2026-10-05T05:14:25.993811Z,KXBTC15M-26OCT050115-15,0.0720,8.03,no
2026-10-05T05:14:26.009255Z,KXBTC15M-26OCT050115-15,0.0730,30.00,no
2026-10-05T05:14:26.015809Z,KXBTC15M-26OCT050115-15,0.0730,184.00,no
2026-10-05T05:14:26.015809Z,KXBTC15M-26OCT050115-15,0.0730,62.00,no
2026-10-05T05:14:26.015809Z,KXBTC15M-26OCT050115-15,0.0720,289.60,no
2026-10-05T05:14:26.022099Z,KXBTC15M-26OCT050115-15,0.0780,0.01,yes
2026-10-05T05:14:26.022099Z,KXBTC15M-26OCT050115-15,0.0800,8.59,yes
2026-10-05T05:14:26.022099Z,KXBTC15M-26OCT050115-15,0.0790,0.01,yes
2026-10-05T05:14:26.022099Z,KXBTC15M-26OCT050115-15,0.0790,0.01,yes
2026-10-05T05:14:26.022325Z,KXBTC15M-26OCT050115-15,0.0730,37.87,no
2026-10-05T05:14:26.025021Z,KXBTC15M-26OCT050115-15,0.0800,6.89,yes
2026-10-05T05:14:26.027706Z,KXBTC15M-26OCT050115-15,0.0730,0.55,no
2026-10-05T05:14:26.027912Z,KXBTC15M-26OCT050115-15,0.0800,44.06,yes
2026-10-05T05:14:26.029051Z,KXBTC15M-26OCT050115-15,0.0730,2.10,no
2026-10-05T05:14:26.030545Z,KXBTC15M-26OCT050115-15,0.0730,1.00,no
2026-10-05T05:14:26.030545Z,KXBTC15M-26OCT050115-15,0.0720,0.01,no
2026-10-05T05:14:26.030545Z,KXBTC15M-26OCT050115-15,0.0730,0.01,no
2026-10-05T05:14:26.030545Z,KXBTC15M-26OCT050115-15,0.0730,159.48,no
2026-10-05T05:14:26.030545Z,KXBTC15M-26OCT050115-15,0.0710,62.35,no
2026-10-05T05:14:26.030545Z,KXBTC15M-26OCT050115-15,0.0710,36.12,no
2026-10-05T05:14:26.030545Z,KXBTC15M-26OCT050115-15,0.0720,9.00,no
2026-10-05T05:14:26.036635Z,KXBTC15M-26OCT050115-15,0.0710,5.33,no
2026-10-05T05:14:26.037474Z,KXBTC15M-26OCT050115-15,0.0800,0.34,yes
2026-10-05T05:14:26.046857Z,KXBTC15M-26OCT050115-15,0.0800,73.05,yes
2026-10-05T05:14:26.05181Z,KXBTC15M-26OCT050115-15,0.0810,10.71,yes
2026-10-05T05:14:26.05181Z,KXBTC15M-26OCT050115-15,0.0800,0.01,yes
2026-10-05T05:14:26.05181Z,KXBTC15M-26OCT050115-15,0.0810,7.00,yes
2026-10-05T05:14:26.054188Z,KXBTC15M-26OCT050115-15,0.0750,7.10,no
2026-10-05T05:14:26.054195Z,KXBTC15M-26OCT050115-15,0.0750,52.55,no
2026-10-05T05:14:26.074693Z,KXBTC15M-26OCT050115-15,0.0800,38.66,yes
2026-10-05T05:14:26.074693Z,KXBTC15M-26OCT050115-15,0.0790,1.12,yes
2026-10-05T05:14:26.079389Z,KXBTC15M-26OCT050115-15,0.0800,5.96,yes
2026-10-05T05:14:26.093878Z,KXBTC15M-26OCT050115-15,0.0800,105.00,yes
2026-10-05T05:14:26.093878Z,KXBTC15M-26OCT050115-15,0.0800,0.01,yes
2026-10-05T05:14:26.093878Z,KXBTC15M-26OCT050115-15,0.0810,3.29,yes
2026-10-05T05:14:26.093878Z,KXBTC15M-26OCT050115-15,0.0800,25.38,yes
2026-10-05T05:14:26.093878Z,KXBTC15M-26OCT050115-15,0.0810,2.48,yes
2026-10-05T05:14:26.093878Z,KXBTC15M-26OCT050115-15,0.0800,14.00,yes
2026-10-05T05:14:26.102093Z,KXBTC15M-26OCT050115-15,0.0810,116.52,yes
2026-10-05T05:14:26.102093Z,KXBTC15M-26OCT050115-15,0.0800,7.00,yes
2026-10-05T05:14:26.102093Z,KXBTC15M-26OCT050115-15,0.0820,190.70,yes
2026-10-05T05:14:26.111898Z,KXBTC15M-26OCT050115-15,0.0790,0.01,no
2026-10-05T05:14:26.111898Z,KXBTC15M-26OCT050115-15,0.0790,14.07,no
2026-10-05T05:14:26.111898Z,KXBTC15M-26OCT050115-15,0.0760,9.00,no
2026-10-05T05:14:26.111898Z,KXBTC15M-26OCT050115-15,0.0760,84.57,no
2026-10-05T05:14:26.12029Z,KXBTC15M-26OCT050115-15,0.0760,0.09,no
2026-10-05T05:14:26.12029Z,KXBTC15M-26OCT050115-15,0.0790,0.01,no
2026-10-05T05:14:26.127287Z,KXBTC15M-26OCT050115-15,0.0810,0.01,yes
2026-10-05T05:14:26.127287Z,KXBTC15M-26OCT050115-15,0.0810,37.93,yes
2026-10-05T05:14:26.127287Z,KXBTC15M-26OCT050115-15,0.0800,7.00,yes
2026-10-05T05:14:26.132452Z,KXBTC15M-26OCT050115-15,0.0760,3.31,no
2026-10-05T05:14:26.135121Z,KXBTC15M-26OCT050115-15,0.0760,60.38,no
2026-10-05T05:14:26.135121Z,KXBTC15M-26OCT050115-15,0.0760,9.00,no
2026-10-05T05:14:26.135121Z,KXBTC15M-26OCT050115-15,0.0760,1.03,no
2026-10-05T05:14:26.137138Z,KXBTC15M-26OCT050115-15,0.0760,0.79,no
2026-10-05T05:14:26.137749Z,KXBTC15M-26OCT050115-15,0.0810,89.48,yes
2026-10-05T05:14:26.137749Z,KXBTC15M-26OCT050115-15,0.0810,7.00,yes
2026-10-05T05:14:26.137749Z,KXBTC15M-26OCT050115-15,0.0810,71.00,yes
2026-10-05T05:14:26.148007Z,KXBTC15M-26OCT050115-15,0.0760,10.72,no
2026-10-05T05:14:26.175674Z,KXBTC15M-26OCT050115-15,0.0760,0.01,no
2026-10-05T05:14:26.175674Z,KXBTC15M-26OCT050115-15,0.0760,70.72,no
2026-10-05T05:14:26.175674Z,KXBTC15M-26OCT050115-15,0.0760,16.11,no
2026-10-05T05:14:26.176289Z,KXBTC15M-26OCT050115-15,0.0800,0.01,yes
2026-10-05T05:14:26.176289Z,KXBTC15M-26OCT050115-15,0.0800,0.01,yes
2026-10-05T05:14:26.176289Z,KXBTC15M-26OCT050115-15,0.0820,2.87,yes
2026-10-05T05:14:26.178539Z,KXBTC15M-26OCT050115-15,0.0820,1.82,yes
2026-10-05T05:14:26.182423Z,KXBTC15M-26OCT050115-15,0.0820,19.70,yes
2026-10-05T05:14:26.213105Z,KXBTC15M-26OCT050115-15,0.0810,6.60,yes
2026-10-05T05:14:26.213105Z,KXBTC15M-26OCT050115-15,0.0810,28.00,yes
2026-10-05T05:14:26.213105Z,KXBTC15M-26OCT050115-15,0.0810,56.00,yes
2026-10-05T05:14:26.213105Z,KXBTC15M-26OCT050115-15,0.0800,0.01,yes
2026-10-05T05:14:26.213105Z,KXBTC15M-26OCT050115-15,0.0810,8.00,yes
2026-10-05T05:14:26.213105Z,KXBTC15M-26OCT050115-15,0.0810,7.00,yes
2026-10-05T05:14:26.217541Z,KXBTC15M-26OCT050115-15,0.0820,115.61,yes
2026-10-05T05:14:26.219737Z,KXBTC15M-26OCT050115-15,0.0810,7.00,yes
2026-10-05T05:14:26.219737Z,KXBTC15M-26OCT050115-15,0.0820,13.70,yes
2026-10-05T05:14:26.239947Z,KXBTC15M-26OCT050115-15,0.0800,15.81,yes
2026-10-05T05:14:26.243564Z,KXBTC15M-26OCT050115-15,0.0770,0.01,no
2026-10-05T05:14:26.243564Z,KXBTC15M-26OCT050115-15,0.0760,0.01,no
2026-10-05T05:14:26.243564Z,KXBTC15M-26OCT050115-15,0.0760,9.00,no
2026-10-05T05:14:26.243564Z,KXBTC15M-26OCT050115-15,0.0770,0.01,no
2026-10-05T05:14:26.243564Z,KXBTC15M-26OCT050115-15,0.0750,36.88,no
2026-10-05T05:14:26.243564Z,KXBTC15M-26OCT050115-15,0.0760,0.01,no
2026-10-05T05:14:26.250051Z,KXBTC15M-26OCT050115-15,0.0760,26.80,no
2026-10-05T05:14:26.2698Z,KXBTC15M-26OCT050115-15,0.0800,22.88,yes
2026-10-05T05:14:26.270916Z,KXBTC15M-26OCT050115-15,0.0800,0.01,yes
2026-10-05T05:14:26.270916Z,KXBTC15M-26OCT050115-15,0.0800,92.07,yes
2026-10-05T05:14:26.270916Z,KXBTC15M-26OCT050115-15,0.0820,7.92,yes
2026-10-05T05:14:26.279541Z,KXBTC15M-26OCT050115-15,0.0770,1.00,no
2026-10-05T05:14:26.285002Z,KXBTC15M-26OCT050115-15,0.0770,2.50,yes
2026-10-05T05:14:26.285002Z,KXBTC15M-26OCT050115-15,0.0820,11.97,yes
2026-10-05T05:14:26.286479Z,KXBTC15M-26OCT050115-15,0.0820,219.93,yes
2026-10-05T05:14:26.288277Z,KXBTC15M-26OCT050115-15,0.0820,14.00,yes
2026-10-05T05:14:26.291113Z,KXBTC15M-26OCT050115-15,0.0760,9.00,no
2026-10-05T05:14:26.291113Z,KXBTC15M-26OCT050115-15,0.0750,10.82,no
2026-10-05T05:14:26.291113Z,KXBTC15M-26OCT050115-15,0.0770,6.60,no
2026-10-05T05:14:26.291113Z,KXBTC15M-26OCT050115-15,0.0760,0.01,no
2026-10-05T05:14:26.291113Z,KXBTC15M-26OCT050115-15,0.0760,0.01,no
2026-10-05T05:14:26.307864Z,KXBTC15M-26OCT050115-15,0.0820,2.59,yes
2026-10-05T05:14:26.307871Z,KXBTC15M-26OCT050115-15,0.0820,7.31,yes
2026-10-05T05:14:26.313331Z,KXBTC15M-26OCT050115-15,0.0820,4.46,yes
2026-10-05T05:14:26.328822Z,KXBTC15M-26OCT050115-15,0.0780,3.50,yes
2026-10-05T05:14:26.349988Z,KXBTC15M-26OCT050115-15,0.0750,0.01,no
2026-10-05T05:14:26.349988Z,KXBTC15M-26OCT050115-15,0.0750,0.01,no
2026-10-05T05:14:26.349988Z,KXBTC15M-26OCT050115-15,0.0710,5.23,no
2026-10-05T05:14:26.350019Z,KXBTC15M-26OCT050115-15,0.0780,56.53,yes
2026-10-05T05:14:26.371569Z,KXBTC15M-26OCT050115-15,0.0710,0.01,no
2026-10-05T05:14:26.371569Z,KXBTC15M-26OCT050115-15,0.0750,0.01,no
2026-10-05T05:14:26.371569Z,KXBTC15M-26OCT050115-15,0.0750,0.01,no
2026-10-05T05:14:26.371569Z,KXBTC15M-26OCT050115-15,0.0680,0.51,no
2026-10-05T05:14:26.37622Z,KXBTC15M-26OCT050115-15,0.0780,25.00,yes
2026-10-05T05:14:26.384249Z,KXBTC15M-26OCT050115-15,0.0680,5.24,no
2026-10-05T05:14:26.406715Z,KXBTC15M-26OCT050115-15,0.0710,258.23,yes
2026-10-05T05:14:26.426095Z,KXBTC15M-26OCT050115-15,0.0710,13.57,yes
2026-10-05T05:14:26.426919Z,KXBTC15M-26OCT050115-15,0.0710,309.09,yes
2026-10-05T05:14:26.430332Z,KXBTC15M-26OCT050115-15,0.0710,0.12,yes
2026-10-05T05:14:26.434946Z,KXBTC15M-26OCT050115-15,0.0710,63.87,yes
2026-10-05T05:14:26.439914Z,KXBTC15M-26OCT050115-15,0.0710,18.60,yes
2026-10-05T05:14:26.440245Z,KXBTC15M-26OCT050115-15,0.0710,79.48,yes
2026-10-05T05:14:26.447129Z,KXBTC15M-26OCT050115-15,0.0710,1.89,yes
2026-10-05T05:14:26.448861Z,KXBTC15M-26OCT050115-15,0.0710,20.21,yes
2026-10-05T05:14:26.451373Z,KXBTC15M-26OCT050115-15,0.0710,0.99,yes
2026-10-05T05:14:26.457601Z,KXBTC15M-26OCT050115-15,0.0710,20.22,yes
2026-10-05T05:14:26.457988Z,KXBTC15M-26OCT050115-15,0.0710,132.93,yes
2026-10-05T05:14:26.458573Z,KXBTC15M-26OCT050115-15,0.0710,21.86,yes
2026-10-05T05:14:26.467233Z,KXBTC15M-26OCT050115-15,0.0710,0.01,yes
2026-10-05T05:14:26.467233Z,KXBTC15M-26OCT050115-15,0.0710,0.01,yes
2026-10-05T05:14:26.467233Z,KXBTC15M-26OCT050115-15,0.0740,992.98,yes
2026-10-05T05:14:26.467233Z,KXBTC15M-26OCT050115-15,0.0730,7.00,yes
2026-10-05T05:14:26.473078Z,KXBTC15M-26OCT050115-15,0.0720,91.13,no
2026-10-05T05:14:26.485458Z,KXBTC15M-26OCT050115-15,0.0770,1.89,yes
2026-10-05T05:14:26.485665Z,KXBTC15M-26OCT050115-15,0.0770,23.48,yes
2026-10-05T05:14:26.486541Z,KXBTC15M-26OCT050115-15,0.0770,3.00,yes
2026-10-05T05:14:26.506636Z,KXBTC15M-26OCT050115-15,0.0720,1.50,no
2026-10-05T05:14:26.506865Z,KXBTC15M-26OCT050115-15,0.0720,17.93,no
2026-10-05T05:14:26.513439Z,KXBTC15M-26OCT050115-15,0.0770,23.18,yes
2026-10-05T05:14:26.513439Z,KXBTC15M-26OCT050115-15,0.0760,0.01,yes
2026-10-05T05:14:26.517085Z,KXBTC15M-26OCT050115-15,0.0760,0.01,yes
2026-10-05T05:14:26.517085Z,KXBTC15M-26OCT050115-15,0.0770,3.99,yes
2026-10-05T05:14:26.538453Z,KXBTC15M-26OCT050115-15,0.0730,8.00,no
2026-10-05T05:14:26.538453Z,KXBTC15M-26OCT050115-15,0.0720,1889.16,no
2026-10-05T05:14:26.538453Z,KXBTC15M-26OCT050115-15,0.0730,0.01,no
2026-10-05T05:14:26.540189Z,KXBTC15M-26OCT050115-15,0.0770,69.00,yes
2026-10-05T05:14:26.540189Z,KXBTC15M-26OCT050115-15,0.0770,0.01,yes
2026-10-05T05:14:26.540189Z,KXBTC15M-26OCT050115-15,0.0770,109.93,yes
2026-10-05T05:14:26.540189Z,KXBTC15M-26OCT050115-15,0.0770,7.00,yes
2026-10-05T05:14:26.540189Z,KXBTC15M-26OCT050115-15,0.0770,0.01,yes
2026-10-05T05:14:26.545534Z,KXBTC15M-26OCT050115-15,0.0750,1.17,yes
2026-10-05T05:14:26.545823Z,KXBTC15M-26OCT050115-15,0.0750,1.54,yes
2026-10-05T05:14:26.551401Z,KXBTC15M-26OCT050115-15,0.0710,8.00,no
2026-10-05T05:14:26.551401Z,KXBTC15M-26OCT050115-15,0.0720,0.01,no
2026-10-05T05:14:26.551401Z,KXBTC15M-26OCT050115-15,0.0680,1.00,no
2026-10-05T05:14:26.551401Z,KXBTC15M-26OCT050115-15,0.0680,9.00,no
2026-10-05T05:14:26.551401Z,KXBTC15M-26OCT050115-15,0.0720,0.01,no
2026-10-05T05:14:26.551401Z,KXBTC15M-26OCT050115-15,0.0730,8.00,no
2026-10-05T05:14:26.551401Z,KXBTC15M-26OCT050115-15,0.0670,603.97,no
2026-10-05T05:14:26.558001Z,KXBTC15M-26OCT050115-15,0.0730,21.96,yes
2026-10-05T05:14:26.560642Z,KXBTC15M-26OCT050115-15,0.0680,32.74,no
2026-10-05T05:14:26.560642Z,KXBTC15M-26OCT050115-15,0.0680,99.00,no
2026-10-05T05:14:26.563996Z,KXBTC15M-26OCT050115-15,0.0740,110.43,yes
2026-10-05T05:14:26.563996Z,KXBTC15M-26OCT050115-15,0.0730,7.00,yes
2026-10-05T05:14:26.572177Z,KXBTC15M-26OCT050115-15,0.0680,20.27,no
2026-10-05T05:14:26.572312Z,KXBTC15M-26OCT050115-15,0.0730,6.09,yes
2026-10-05T05:14:26.58291Z,KXBTC15M-26OCT050115-15,0.0690,1.00,no
2026-10-05T05:14:26.58291Z,KXBTC15M-26OCT050115-15,0.0680,51.69,no
2026-10-05T05:14:26.594946Z,KXBTC15M-26OCT050115-15,0.0690,0.01,no
2026-10-05T05:14:26.594946Z,KXBTC15M-26OCT050115-15,0.0690,0.52,no
2026-10-05T05:14:26.610091Z,KXBTC15M-26OCT050115-15,0.0720,6.67,yes
2026-10-05T05:14:26.634523Z,KXBTC15M-26OCT050115-15,0.0690,0.01,no
2026-10-05T05:14:26.634523Z,KXBTC15M-26OCT050115-15,0.0680,53.98,no
2026-10-05T05:14:26.634523Z,KXBTC15M-26OCT050115-15,0.0690,0.01,no
2026-10-05T05:14:26.638778Z,KXBTC15M-26OCT050115-15,0.0720,23.19,yes
2026-10-05T05:14:26.644092Z,KXBTC15M-26OCT050115-15,0.0720,23.19,yes
2026-10-05T05:14:26.645235Z,KXBTC15M-26OCT050115-15,0.0720,14.20,yes
2026-10-05T05:14:26.66503Z,KXBTC15M-26OCT050115-15,0.0690,5.10,yes
2026-10-05T05:14:26.675218Z,KXBTC15M-26OCT050115-15,0.0640,9.00,no
2026-10-05T05:14:26.675218Z,KXBTC15M-26OCT050115-15,0.0680,39.32,no
2026-10-05T05:14:26.675218Z,KXBTC15M-26OCT050115-15,0.0680,0.01,no
2026-10-05T05:14:26.675218Z,KXBTC15M-26OCT050115-15,0.0630,500.00,no
2026-10-05T05:14:26.675218Z,KXBTC15M-26OCT050115-15,0.0620,936.76,no
2026-10-05T05:14:26.678361Z,KXBTC15M-26OCT050115-15,0.0690,60.21,yes
2026-10-05T05:14:26.689843Z,KXBTC15M-26OCT050115-15,0.0620,30.14,no
2026-10-05T05:14:26.689843Z,KXBTC15M-26OCT050115-15,0.0640,0.01,no
2026-10-05T05:14:26.691079Z,KXBTC15M-26OCT050115-15,0.0660,3.32,yes
2026-10-05T05:14:26.693358Z,KXBTC15M-26OCT050115-15,0.0660,10.74,yes
2026-10-05T05:14:26.694243Z,KXBTC15M-26OCT050115-15,0.0660,21.92,yes
2026-10-05T05:14:26.696786Z,KXBTC15M-26OCT050115-15,0.0620,0.46,no
2026-10-05T05:14:26.71323Z,KXBTC15M-26OCT050115-15,0.0630,115.90,yes
2026-10-05T05:14:26.714061Z,KXBTC15M-26OCT050115-15,0.0620,73.64,no
2026-10-05T05:14:26.725597Z,KXBTC15M-26OCT050115-15,0.0630,24.08,yes
2026-10-05T05:14:26.726533Z,KXBTC15M-26OCT050115-15,0.0630,8.97,yes
2026-10-05T05:14:26.729934Z,KXBTC15M-26OCT050115-15,0.0630,57.99,yes
2026-10-05T05:14:26.743899Z,KXBTC15M-26OCT050115-15,0.0630,5.87,yes
2026-10-05T05:14:26.745282Z,KXBTC15M-26OCT050115-15,0.0630,6.09,yes
2026-10-05T05:14:26.748343Z,KXBTC15M-26OCT050115-15,0.0630,25.00,yes
2026-10-05T05:14:26.749445Z,KXBTC15M-26OCT050115-15,0.0630,30.04,yes
2026-10-05T05:14:26.753358Z,KXBTC15M-26OCT050115-15,0.0630,93.02,yes
2026-10-05T05:14:26.759886Z,KXBTC15M-26OCT050115-15,0.0630,21.86,yes
2026-10-05T05:14:26.765218Z,KXBTC15M-26OCT050115-15,0.0630,574.25,yes
2026-10-05T05:14:26.767495Z,KXBTC15M-26OCT050115-15,0.0630,25.82,yes
2026-10-05T05:14:26.77374Z,KXBTC15M-26OCT050115-15,0.0620,113.76,no
2026-10-05T05:14:26.77374Z,KXBTC15M-26OCT050115-15,0.0620,0.01,no
2026-10-05T05:14:26.77374Z,KXBTC15M-26OCT050115-15,0.0580,9.00,no
2026-10-05T05:14:26.77374Z,KXBTC15M-26OCT050115-15,0.0580,232.00,no
2026-10-05T05:14:26.77374Z,KXBTC15M-26OCT050115-15,0.0600,156.00,no
2026-10-05T05:14:26.77374Z,KXBTC15M-26OCT050115-15,0.0570,524.12,no
2026-10-05T05:14:26.779888Z,KXBTC15M-26OCT050115-15,0.0620,31.77,yes
2026-10-05T05:14:26.781233Z,KXBTC15M-26OCT050115-15,0.0620,84.30,yes
2026-10-05T05:14:26.783382Z,KXBTC15M-26OCT050115-15,0.0620,8.00,yes
2026-10-05T05:14:26.7856Z,KXBTC15M-26OCT050115-15,0.0620,0.01,yes
2026-10-05T05:14:26.7856Z,KXBTC15M-26OCT050115-15,0.0620,0.01,yes
2026-10-05T05:14:26.7856Z,KXBTC15M-26OCT050115-15,0.0650,1.28,yes
2026-10-05T05:14:26.7856Z,KXBTC15M-26OCT050115-15,0.0630,0.01,yes
2026-10-05T05:14:26.7856Z,KXBTC15M-26OCT050115-15,0.0630,0.01,yes
2026-10-05T05:14:26.78756Z,KXBTC15M-26OCT050115-15,0.0660,26.19,yes
2026-10-05T05:14:26.78756Z,KXBTC15M-26OCT050115-15,0.0650,5.72,yes
2026-10-05T05:14:26.793101Z,KXBTC15M-26OCT050115-15,0.0640,5.02,yes
2026-10-05T05:14:26.794497Z,KXBTC15M-26OCT050115-15,0.0640,10.47,yes
2026-10-05T05:14:26.806406Z,KXBTC15M-26OCT050115-15,0.0640,7.00,yes
2026-10-05T05:14:26.806406Z,KXBTC15M-26OCT050115-15,0.0650,41.49,yes
2026-10-05T05:14:26.806406Z,KXBTC15M-26OCT050115-15,0.0640,82.51,yes
2026-10-05T05:14:26.806406Z,KXBTC15M-26OCT050115-15,0.0640,99.00,yes
2026-10-05T05:14:26.811518Z,KXBTC15M-26OCT050115-15,0.0610,200.00,no
2026-10-05T05:14:26.811518Z,KXBTC15M-26OCT050115-15,0.0590,12.29,no
2026-10-05T05:14:26.811518Z,KXBTC15M-26OCT050115-15,0.0610,0.01,no
2026-10-05T05:14:26.811518Z,KXBTC15M-26OCT050115-15,0.0630,0.01,no
2026-10-05T05:14:26.811518Z,KXBTC15M-26OCT050115-15,0.0630,0.01,no
2026-10-05T05:14:26.824015Z,KXBTC15M-26OCT050115-15,0.0650,70.00,yes
2026-10-05T05:14:26.824015Z,KXBTC15M-26OCT050115-15,0.0640,7.00,yes
2026-10-05T05:14:26.824015Z,KXBTC15M-26OCT050115-15,0.0640,83.00,yes
2026-10-05T05:14:26.824015Z,KXBTC15M-26OCT050115-15,0.0640,0.01,yes
2026-10-05T05:14:26.824015Z,KXBTC15M-26OCT050115-15,0.0660,611.90,yes
2026-10-05T05:14:26.828434Z,KXBTC15M-26OCT050115-15,0.0660,180.87,yes
2026-10-05T05:14:26.828434Z,KXBTC15M-26OCT050115-15,0.0650,7.00,yes
2026-10-05T05:14:26.834439Z,KXBTC15M-26OCT050115-15,0.0660,7.08,yes
2026-10-05T05:14:26.834439Z,KXBTC15M-26OCT050115-15,0.0660,192.06,yes
2026-10-05T05:14:26.858084Z,KXBTC15M-26OCT050115-15,0.0610,9.00,no
2026-10-05T05:14:26.858084Z,KXBTC15M-26OCT050115-15,0.0600,0.22,no
2026-10-05T05:14:26.858084Z,KXBTC15M-26OCT050115-15,0.0640,0.01,no
2026-10-05T05:14:26.86055Z,KXBTC15M-26OCT050115-15,0.0650,0.52,yes
2026-10-05T05:14:26.86055Z,KXBTC15M-26OCT050115-15,0.0650,6.03,yes
2026-10-05T05:14:26.86055Z,KXBTC15M-26OCT050115-15,0.0650,0.01,yes
2026-10-05T05:14:26.863935Z,KXBTC15M-26OCT050115-15,0.0650,0.97,yes
2026-10-05T05:14:26.863935Z,KXBTC15M-26OCT050115-15,0.0660,19.81,yes
2026-10-05T05:14:26.86916Z,KXBTC15M-26OCT050115-15,0.0660,20.00,yes
2026-10-05T05:14:26.87007Z,KXBTC15M-26OCT050115-15,0.0660,5.84,yes
2026-10-05T05:14:26.870299Z,KXBTC15M-26OCT050115-15,0.0660,4.00,yes
2026-10-05T05:14:26.90022Z,KXBTC15M-26OCT050115-15,0.0610,0.85,no
2026-10-05T05:14:26.90022Z,KXBTC15M-26OCT050115-15,0.0650,0.01,no
2026-10-05T05:14:26.90022Z,KXBTC15M-26OCT050115-15,0.0650,0.01,no
2026-10-05T05:14:26.913866Z,KXBTC15M-26OCT050115-15,0.0650,1.36,yes
2026-10-05T05:14:26.914276Z,KXBTC15M-26OCT050115-15,0.0650,12.19,yes
2026-10-05T05:14:26.917227Z,KXBTC15M-26OCT050115-15,0.0660,79.34,yes
2026-10-05T05:14:26.925373Z,KXBTC15M-26OCT050115-15,0.0650,0.01,yes
2026-10-05T05:14:26.925373Z,KXBTC15M-26OCT050115-15,0.0660,12.03,yes
2026-10-05T05:14:26.925377Z,KXBTC15M-26OCT050115-15,0.0660,5.62,yes
2026-10-05T05:14:26.929508Z,KXBTC15M-26OCT050115-15,0.0660,41.99,yes
2026-10-05T05:14:26.929508Z,KXBTC15M-26OCT050115-15,0.0650,0.01,yes
2026-10-05T05:14:26.929546Z,KXBTC15M-26OCT050115-15,0.0660,39.88,yes
2026-10-05T05:14:26.93154Z,KXBTC15M-26OCT050115-15,0.0660,14.47,yes
2026-10-05T05:14:26.966641Z,KXBTC15M-26OCT050115-15,0.0660,24.39,yes
2026-10-05T05:14:26.967563Z,KXBTC15M-26OCT050115-15,0.0660,3.34,yes
2026-10-05T05:14:26.971796Z,KXBTC15M-26OCT050115-15,0.0660,12.19,yes
2026-10-05T05:14:26.973638Z,KXBTC15M-26OCT050115-15,0.0650,0.01,no
2026-10-05T05:14:26.973638Z,KXBTC15M-26OCT050115-15,0.0610,0.07,no
2026-10-05T05:14:26.973638Z,KXBTC15M-26OCT050115-15,0.0650,0.01,no
2026-10-05T05:14:26.994082Z,KXBTC15M-26OCT050115-15,0.0660,13.22,yes
2026-10-05T05:14:26.994967Z,KXBTC15M-26OCT050115-15,0.0660,45.66,yes
2026-10-05T05:14:26.999123Z,KXBTC15M-26OCT050115-15,0.0660,3.00,yes
2026-10-05T05:14:27.004691Z,KXBTC15M-26OCT050115-15,0.0660,11.44,yes
2026-10-05T05:14:27.005738Z,KXBTC15M-26OCT050115-15,0.0660,13.04,yes
2026-10-05T05:14:27.008964Z,KXBTC15M-26OCT050115-15,0.0660,15.12,yes
2026-10-05T05:14:27.025122Z,KXBTC15M-26OCT050115-15,0.0660,18.93,yes
2026-10-05T05:14:27.030596Z,KXBTC15M-26OCT050115-15,0.0660,2.60,yes
2026-10-05T05:14:27.038798Z,KXBTC15M-26OCT050115-15,0.0680,8.00,yes
2026-10-05T05:14:27.038798Z,KXBTC15M-26OCT050115-15,0.0660,0.01,yes
2026-10-05T05:14:27.038798Z,KXBTC15M-26OCT050115-15,0.0660,0.01,yes
2026-10-05T05:14:27.038798Z,KXBTC15M-26OCT050115-15,0.0680,84.00,yes
2026-10-05T05:14:27.038798Z,KXBTC15M-26OCT050115-15,0.0690,878.11,yes
2026-10-05T05:14:27.038798Z,KXBTC15M-26OCT050115-15,0.0660,94.09,yes
2026-10-05T05:14:27.038798Z,KXBTC15M-26OCT050115-15,0.0680,35.00,yes
2026-10-05T05:14:27.039095Z,KXBTC15M-26OCT050115-15,0.0690,56.60,yes
2026-10-05T05:14:27.041953Z,KXBTC15M-26OCT050115-15,0.0690,10.00,yes
2026-10-05T05:14:27.066414Z,KXBTC15M-26OCT050115-15,0.0670,27.98,yes
2026-10-05T05:14:27.066414Z,KXBTC15M-26OCT050115-15,0.0670,0.01,yes
2026-10-05T05:14:27.066414Z,KXBTC15M-26OCT050115-15,0.0670,0.01,yes
2026-10-05T05:14:27.077855Z,KXBTC15M-26OCT050115-15,0.0680,1.12,yes
2026-10-05T05:14:27.077855Z,KXBTC15M-26OCT050115-15,0.0690,0.18,yes
2026-10-05T05:14:27.077855Z,KXBTC15M-26OCT050115-15,0.0670,0.01,yes
2026-10-05T05:14:27.077855Z,KXBTC15M-26OCT050115-15,0.0690,7.00,yes
2026-10-05T05:14:27.077855Z,KXBTC15M-26OCT050115-15,0.0670,0.01,yes
2026-10-05T05:14:27.077855Z,KXBTC15M-26OCT050115-15,0.0690,0.01,yes
2026-10-05T05:14:27.079481Z,KXBTC15M-26OCT050115-15,0.0690,48.82,yes
2026-10-05T05:14:27.079481Z,KXBTC15M-26OCT050115-15,0.0700,197.49,yes
2026-10-05T05:14:27.090205Z,KXBTC15M-26OCT050115-15,0.0700,125.58,yes
2026-10-05T05:14:27.090416Z,KXBTC15M-26OCT050115-15,0.0700,26.08,yes
2026-10-05T05:14:27.093057Z,KXBTC15M-26OCT050115-15,0.0660,104.96,no
2026-10-05T05:14:27.093417Z,KXBTC15M-26OCT050115-15,0.0660,2.12,no
2026-10-05T05:14:27.093629Z,KXBTC15M-26OCT050115-15,0.0700,88.00,yes
2026-10-05T05:14:27.093629Z,KXBTC15M-26OCT050115-15,0.0690,6.00,yes
2026-10-05T05:14:27.093629Z,KXBTC15M-26OCT050115-15,0.0690,7.00,yes
2026-10-05T05:14:27.097707Z,KXBTC15M-26OCT050115-15,0.0700,1.21,yes
2026-10-05T05:14:27.117324Z,KXBTC15M-26OCT050115-15,0.0650,0.01,no
2026-10-05T05:14:27.117324Z,KXBTC15M-26OCT050115-15,0.0640,9.00,no
2026-10-05T05:14:27.117324Z,KXBTC15M-26OCT050115-15,0.0650,0.01,no
2026-10-05T05:14:27.117324Z,KXBTC15M-26OCT050115-15,0.0660,42.92,no
2026-10-05T05:14:27.117324Z,KXBTC15M-26OCT050115-15,0.0630,675.90,no
2026-10-05T05:14:27.117324Z,KXBTC15M-26OCT050115-15,0.0660,0.01,no
2026-10-05T05:14:27.117324Z,KXBTC15M-26OCT050115-15,0.0660,0.01,no
2026-10-05T05:14:27.117324Z,KXBTC15M-26OCT050115-15,0.0640,210.00,no
2026-10-05T05:14:27.117324Z,KXBTC15M-26OCT050115-15,0.0640,105.00,no
2026-10-05T05:14:27.120781Z,KXBTC15M-26OCT050115-15,0.0690,7.00,yes
2026-10-05T05:14:27.120781Z,KXBTC15M-26OCT050115-15,0.0680,0.01,yes
2026-10-05T05:14:27.120781Z,KXBTC15M-26OCT050115-15,0.0680,0.01,yes
2026-10-05T05:14:27.120781Z,KXBTC15M-26OCT050115-15,0.0700,20.98,yes
2026-10-05T05:14:27.125481Z,KXBTC15M-26OCT050115-15,0.0680,12.94,yes
2026-10-05T05:14:27.134633Z,KXBTC15M-26OCT050115-15,0.0630,116.21,no
2026-10-05T05:14:27.134633Z,KXBTC15M-26OCT050115-15,0.0650,0.01,no
2026-10-05T05:14:27.134633Z,KXBTC15M-26OCT050115-15,0.0640,9.00,no
2026-10-05T05:14:27.136995Z,KXBTC15M-26OCT050115-15,0.0630,4.74,no
2026-10-05T05:14:27.138119Z,KXBTC15M-26OCT050115-15,0.0680,0.01,yes
2026-10-05T05:14:27.138119Z,KXBTC15M-26OCT050115-15,0.0690,1.99,yes
2026-10-05T05:14:27.138119Z,KXBTC15M-26OCT050115-15,0.0680,8.00,yes
2026-10-05T05:14:27.141478Z,KXBTC15M-26OCT050115-15,0.0690,60.99,yes
2026-10-05T05:14:27.156916Z,KXBTC15M-26OCT050115-15,0.0670,39.12,yes
2026-10-05T05:14:27.168155Z,KXBTC15M-26OCT050115-15,0.0670,6.80,yes
2026-10-05T05:14:27.172068Z,KXBTC15M-26OCT050115-15,0.0610,333.00,no
2026-10-05T05:14:27.172068Z,KXBTC15M-26OCT050115-15,0.0600,179.64,no
2026-10-05T05:14:27.172068Z,KXBTC15M-26OCT050115-15,0.0610,9.00,no
2026-10-05T05:14:27.172068Z,KXBTC15M-26OCT050115-15,0.0610,0.01,no
2026-10-05T05:14:27.174631Z,KXBTC15M-26OCT050115-15,0.0600,40.79,no
2026-10-05T05:14:27.174631Z,KXBTC15M-26OCT050115-15,0.0610,0.01,no
2026-10-05T05:14:27.186938Z,KXBTC15M-26OCT050115-15,0.0660,13.04,yes
2026-10-05T05:14:27.187347Z,KXBTC15M-26OCT050115-15,0.0570,511.65,no
2026-10-05T05:14:27.187347Z,KXBTC15M-26OCT050115-15,0.0580,9.00,no
2026-10-05T05:14:27.187664Z,KXBTC15M-26OCT050115-15,0.0660,57.89,yes
2026-10-05T05:14:27.204936Z,KXBTC15M-26OCT050115-15,0.0620,148.96,yes
2026-10-05T05:14:27.211786Z,KXBTC15M-26OCT050115-15,0.0620,179.62,yes
2026-10-05T05:14:27.216086Z,KXBTC15M-26OCT050115-15,0.0550,6.87,no
2026-10-05T05:14:27.216086Z,KXBTC15M-26OCT050115-15,0.0530,1027.67,no
2026-10-05T05:14:27.216086Z,KXBTC15M-26OCT050115-15,0.0550,1.00,no
2026-10-05T05:14:27.216086Z,KXBTC15M-26OCT050115-15,0.0560,1.00,no
2026-10-05T05:14:27.216086Z,KXBTC15M-26OCT050115-15,0.0600,0.01,no
2026-10-05T05:14:27.224795Z,KXBTC15M-26OCT050115-15,0.0570,25.00,yes
2026-10-05T05:14:27.229891Z,KXBTC15M-26OCT050115-15,0.0570,0.17,yes
2026-10-05T05:14:27.233479Z,KXBTC15M-26OCT050115-15,0.0570,406.17,yes
2026-10-05T05:14:27.24193Z,KXBTC15M-26OCT050115-15,0.0560,25.00,yes
2026-10-05T05:14:27.244516Z,KXBTC15M-26OCT050115-15,0.0560,14.22,yes
2026-10-05T05:14:27.252465Z,KXBTC15M-26OCT050115-15,0.0550,1.00,no
2026-10-05T05:14:27.252465Z,KXBTC15M-26OCT050115-15,0.0550,0.01,no
2026-10-05T05:14:27.252465Z,KXBTC15M-26OCT050115-15,0.0520,2.97,no
2026-10-05T05:14:27.273918Z,KXBTC15M-26OCT050115-15,0.0530,20.99,no
2026-10-05T05:14:27.274483Z,KXBTC15M-26OCT050115-15,0.0540,2.89,yes
2026-10-05T05:14:27.306302Z,KXBTC15M-26OCT050115-15,0.0540,0.01,yes
2026-10-05T05:14:27.306302Z,KXBTC15M-26OCT050115-15,0.0540,0.01,yes
2026-10-05T05:14:27.306302Z,KXBTC15M-26OCT050115-15,0.0560,40.85,yes
2026-10-05T05:14:27.306302Z,KXBTC15M-26OCT050115-15,0.0540,53.11,yes
2026-10-05T05:14:27.306302Z,KXBTC15M-26OCT050115-15,0.0540,28.00,yes
2026-10-05T05:14:27.306302Z,KXBTC15M-26OCT050115-15,0.0550,8.00,yes
2026-10-05T05:14:27.319192Z,KXBTC15M-26OCT050115-15,0.0560,24.66,yes
2026-10-05T05:14:27.319799Z,KXBTC15M-26OCT050115-15,0.0560,31.18,yes
2026-10-05T05:14:27.326393Z,KXBTC15M-26OCT050115-15,0.0560,0.01,yes
2026-10-05T05:14:27.326393Z,KXBTC15M-26OCT050115-15,0.0560,0.01,yes
2026-10-05T05:14:27.326393Z,KXBTC15M-26OCT050115-15,0.0560,53.09,yes
2026-10-05T05:14:27.326393Z,KXBTC15M-26OCT050115-15,0.0570,12.10,yes
2026-10-05T05:14:27.326393Z,KXBTC15M-26OCT050115-15,0.0560,8.00,yes
2026-10-05T05:14:27.326393Z,KXBTC15M-26OCT050115-15,0.0560,69.00,yes
2026-10-05T05:14:27.328498Z,KXBTC15M-26OCT050115-15,0.0570,0.11,yes
2026-10-05T05:14:27.332066Z,KXBTC15M-26OCT050115-15,0.0570,103.99,yes
2026-10-05T05:14:27.340747Z,KXBTC15M-26OCT050115-15,0.0560,3.50,yes
2026-10-05T05:14:27.366973Z,KXBTC15M-26OCT050115-15,0.0560,0.01,yes
2026-10-05T05:14:27.366973Z,KXBTC15M-26OCT050115-15,0.0560,6.99,yes
2026-10-05T05:14:27.366973Z,KXBTC15M-26OCT050115-15,0.0560,1.00,yes
2026-10-05T05:14:27.385233Z,KXBTC15M-26OCT050115-15,0.0540,0.01,no
2026-10-05T05:14:27.385233Z,KXBTC15M-26OCT050115-15,0.0530,1.00,no
2026-10-05T05:14:27.385233Z,KXBTC15M-26OCT050115-15,0.0530,0.01,no
2026-10-05T05:14:27.385233Z,KXBTC15M-26OCT050115-15,0.0530,12.08,no
2026-10-05T05:14:27.385233Z,KXBTC15M-26OCT050115-15,0.0530,0.01,no
2026-10-05T05:14:27.385233Z,KXBTC15M-26OCT050115-15,0.0540,0.01,no
2026-10-05T05:14:27.385895Z,KXBTC15M-26OCT050115-15,0.0540,71.10,yes
2026-10-05T05:14:27.402439Z,KXBTC15M-26OCT050115-15,0.0540,0.01,yes
2026-10-05T05:14:27.415559Z,KXBTC15M-26OCT050115-15,0.0560,0.01,yes
2026-10-05T05:14:27.415559Z,KXBTC15M-26OCT050115-15,0.0560,0.01,yes
2026-10-05T05:14:27.415559Z,KXBTC15M-26OCT050115-15,0.0540,0.01,yes
2026-10-05T05:14:27.415559Z,KXBTC15M-26OCT050115-15,0.0570,42.47,yes
2026-10-05T05:14:27.436811Z,KXBTC15M-26OCT050115-15,0.0560,0.01,yes
2026-10-05T05:14:27.436811Z,KXBTC15M-26OCT050115-15,0.0570,9.70,yes
2026-10-05T05:14:27.436811Z,KXBTC15M-26OCT050115-15,0.0560,6.00,yes
2026-10-05T05:14:27.44087Z,KXBTC15M-26OCT050115-15,0.0560,27.21,yes
2026-10-05T05:14:27.441077Z,KXBTC15M-26OCT050115-15,0.0560,7.17,yes
2026-10-05T05:14:27.441706Z,KXBTC15M-26OCT050115-15,0.0540,1.00,no
2026-10-05T05:14:27.441706Z,KXBTC15M-26OCT050115-15,0.0530,8.89,no
2026-10-05T05:14:27.441706Z,KXBTC15M-26OCT050115-15,0.0540,1.00,no
2026-10-05T05:14:27.442046Z,KXBTC15M-26OCT050115-15,0.0540,39.12,yes
2026-10-05T05:14:27.443582Z,KXBTC15M-26OCT050115-15,0.0530,16.57,no
2026-10-05T05:14:27.443582Z,KXBTC15M-26OCT050115-15,0.0530,106.03,no
2026-10-05T05:14:27.445243Z,KXBTC15M-26OCT050115-15,0.0510,237.42,no
2026-10-05T05:14:27.445243Z,KXBTC15M-26OCT050115-15,0.0530,0.01,no
2026-10-05T05:14:27.445243Z,KXBTC15M-26OCT050115-15,0.0530,0.01,no
2026-10-05T05:14:27.445243Z,KXBTC15M-26OCT050115-15,0.0530,110.43,no
2026-10-05T05:14:27.445243Z,KXBTC15M-26OCT050115-15,0.0520,9.00,no
2026-10-05T05:14:27.445243Z,KXBTC15M-26OCT050115-15,0.0520,1.00,no
2026-10-05T05:14:27.446003Z,KXBTC15M-26OCT050115-15,0.0540,3.00,yes
2026-10-05T05:14:27.4598Z,KXBTC15M-26OCT050115-15,0.0510,2.72,no
2026-10-05T05:14:27.470685Z,KXBTC15M-26OCT050115-15,0.0510,0.33,no
2026-10-05T05:14:27.486362Z,KXBTC15M-26OCT050115-15,0.0560,0.01,yes
2026-10-05T05:14:27.486362Z,KXBTC15M-26OCT050115-15,0.0570,46.70,yes
2026-10-05T05:14:27.486362Z,KXBTC15M-26OCT050115-15,0.0550,28.00,yes
2026-10-05T05:14:27.486362Z,KXBTC15M-26OCT050115-15,0.0550,70.00,yes
2026-10-05T05:14:27.486362Z,KXBTC15M-26OCT050115-15,0.0520,0.01,yes
2026-10-05T05:14:27.496787Z,KXBTC15M-26OCT050115-15,0.0570,20.94,yes
2026-10-05T05:14:27.516186Z,KXBTC15M-26OCT050115-15,0.0550,155.70,yes
2026-10-05T05:14:27.520259Z,KXBTC15M-26OCT050115-15,0.0510,456.12,no
2026-10-05T05:14:27.540993Z,KXBTC15M-26OCT050115-15,0.0560,5.59,yes
2026-10-05T05:14:27.540993Z,KXBTC15M-26OCT050115-15,0.0560,0.01,yes
2026-10-05T05:14:27.540993Z,KXBTC15M-26OCT050115-15,0.0560,8.00,yes
2026-10-05T05:14:27.541142Z,KXBTC15M-26OCT050115-15,0.0560,71.10,yes
2026-10-05T05:14:27.546325Z,KXBTC15M-26OCT050115-15,0.0510,42.91,no
2026-10-05T05:14:27.546325Z,KXBTC15M-26OCT050115-15,0.0520,9.00,no
2026-10-05T05:14:27.554035Z,KXBTC15M-26OCT050115-15,0.0550,4.18,yes
2026-10-05T05:14:27.562262Z,KXBTC15M-26OCT050115-15,0.0560,423.31,yes
2026-10-05T05:14:27.562262Z,KXBTC15M-26OCT050115-15,0.0560,0.01,yes
2026-10-05T05:14:27.562262Z,KXBTC15M-26OCT050115-15,0.0570,405.97,yes
2026-10-05T05:14:27.562262Z,KXBTC15M-26OCT050115-15,0.0560,117.71,yes
2026-10-05T05:14:27.562262Z,KXBTC15M-26OCT050115-15,0.0550,56.00,yes
2026-10-05T05:14:27.562262Z,KXBTC15M-26OCT050115-15,0.0550,8.00,yes
2026-10-05T05:14:27.575002Z,KXBTC15M-26OCT050115-15,0.0560,8.00,yes
2026-10-05T05:14:27.575002Z,KXBTC15M-26OCT050115-15,0.0560,0.01,yes
2026-10-05T05:14:27.575002Z,KXBTC15M-26OCT050115-15,0.0570,6.79,yes
2026-10-05T05:14:27.575002Z,KXBTC15M-26OCT050115-15,0.0520,0.01,yes
2026-10-05T05:14:27.578633Z,KXBTC15M-26OCT050115-15,0.0570,43.30,yes
2026-10-05T05:14:27.591746Z,KXBTC15M-26OCT050115-15,0.0560,3.94,yes
2026-10-05T05:14:27.598515Z,KXBTC15M-26OCT050115-15,0.0570,1.55,yes
2026-10-05T05:14:27.598515Z,KXBTC15M-26OCT050115-15,0.0560,0.01,yes
2026-10-05T05:14:27.598515Z,KXBTC15M-26OCT050115-15,0.0560,6.00,yes
2026-10-05T05:14:27.629616Z,KXBTC15M-26OCT050115-15,0.0560,8.00,yes
2026-10-05T05:14:27.629616Z,KXBTC15M-26OCT050115-15,0.0560,0.01,yes
2026-10-05T05:14:27.629616Z,KXBTC15M-26OCT050115-15,0.0570,12.28,yes
2026-10-05T05:14:27.629616Z,KXBTC15M-26OCT050115-15,0.0560,0.01,yes
2026-10-05T05:14:27.638892Z,KXBTC15M-26OCT050115-15,0.0570,26.49,yes
2026-10-05T05:14:27.638892Z,KXBTC15M-26OCT050115-15,0.0560,6.00,yes
2026-10-05T05:14:27.655216Z,KXBTC15M-26OCT050115-15,0.0550,5.25,no
2026-10-05T05:14:27.67884Z,KXBTC15M-26OCT050115-15,0.0500,2.00,no
2026-10-05T05:14:27.67884Z,KXBTC15M-26OCT050115-15,0.0510,132.00,no
2026-10-05T05:14:27.67884Z,KXBTC15M-26OCT050115-15,0.0500,200.00,no
2026-10-05T05:14:27.67884Z,KXBTC15M-26OCT050115-15,0.0490,25.00,no
2026-10-05T05:14:27.67884Z,KXBTC15M-26OCT050115-15,0.0510,500.00,no
2026-10-05T05:14:27.67884Z,KXBTC15M-26OCT050115-15,0.0490,17.00,no
2026-10-05T05:14:27.67884Z,KXBTC15M-26OCT050115-15,0.0490,385.33,no
2026-10-05T05:14:27.67884Z,KXBTC15M-26OCT050115-15,0.0550,0.01,no
2026-10-05T05:14:27.67884Z,KXBTC15M-26OCT050115-15,0.0550,0.01,no
2026-10-05T05:14:27.67884Z,KXBTC15M-26OCT050115-15,0.0510,1.00,no
2026-10-05T05:14:27.67884Z,KXBTC15M-26OCT050115-15,0.0510,0.01,no
2026-10-05T05:14:27.67884Z,KXBTC15M-26OCT050115-15,0.0510,0.01,no
2026-10-05T05:14:27.67884Z,KXBTC15M-26OCT050115-15,0.0500,20.83,no
2026-10-05T05:14:27.691497Z,KXBTC15M-26OCT050115-15,0.0490,10.30,no
2026-10-05T05:14:27.703989Z,KXBTC15M-26OCT050115-15,0.0560,0.01,yes
2026-10-05T05:14:27.703989Z,KXBTC15M-26OCT050115-15,0.0560,8.00,yes
2026-10-05T05:14:27.703989Z,KXBTC15M-26OCT050115-15,0.0560,0.78,yes
2026-10-05T05:14:27.717429Z,KXBTC15M-26OCT050115-15,0.0560,5.22,yes
2026-10-05T05:14:27.717429Z,KXBTC15M-26OCT050115-15,0.0560,0.01,yes
2026-10-05T05:14:27.717429Z,KXBTC15M-26OCT050115-15,0.0560,19.77,yes
2026-10-05T05:14:27.721244Z,KXBTC15M-26OCT050115-15,0.0500,5.71,no
2026-10-05T05:14:27.728823Z,KXBTC15M-26OCT050115-15,0.0500,29.88,no
2026-10-05T05:14:27.729845Z,KXBTC15M-26OCT050115-15,0.0560,11.18,yes
2026-10-05T05:14:27.730056Z,KXBTC15M-26OCT050115-15,0.0560,136.35,yes
2026-10-05T05:14:27.731101Z,KXBTC15M-26OCT050115-15,0.0500,25.72,no
2026-10-05T05:14:27.733554Z,KXBTC15M-26OCT050115-15,0.0560,13.22,yes
2026-10-05T05:14:27.734648Z,KXBTC15M-26OCT050115-15,0.0560,167.50,yes
2026-10-05T05:14:27.739348Z,KXBTC15M-26OCT050115-15,0.0560,17.20,yes
2026-10-05T05:14:27.740901Z,KXBTC15M-26OCT050115-15,0.0570,34.96,yes
2026-10-05T05:14:27.740901Z,KXBTC15M-26OCT050115-15,0.0560,0.01,yes
2026-10-05T05:14:27.740901Z,KXBTC15M-26OCT050115-15,0.0560,0.01,yes
2026-10-05T05:14:27.740901Z,KXBTC15M-26OCT050115-15,0.0560,134.78,yes
2026-10-05T05:14:27.740901Z,KXBTC15M-26OCT050115-15,0.0560,8.00,yes
2026-10-05T05:14:27.749901Z,KXBTC15M-26OCT050115-15,0.0570,155.26,yes
2026-10-05T05:14:27.749901Z,KXBTC15M-26OCT050115-15,0.0560,8.00,yes
2026-10-05T05:14:27.749901Z,KXBTC15M-26OCT050115-15,0.0560,0.01,yes
2026-10-05T05:14:27.756348Z,KXBTC15M-26OCT050115-15,0.0500,15.46,no
2026-10-05T05:14:27.766135Z,KXBTC15M-26OCT050115-15,0.0560,4.75,yes
2026-10-05T05:14:27.766135Z,KXBTC15M-26OCT050115-15,0.0560,6.00,yes
2026-10-05T05:14:27.766873Z,KXBTC15M-26OCT050115-15,0.0570,13.20,yes
2026-10-05T05:14:27.766873Z,KXBTC15M-26OCT050115-15,0.0560,3.25,yes
2026-10-05T05:14:27.767349Z,KXBTC15M-26OCT050115-15,0.0570,8.38,yes
2026-10-05T05:14:27.776844Z,KXBTC15M-26OCT050115-15,0.0560,0.01,yes
2026-10-05T05:14:27.776844Z,KXBTC15M-26OCT050115-15,0.0570,55.99,yes
2026-10-05T05:14:27.782478Z,KXBTC15M-26OCT050115-15,0.0560,0.01,yes
2026-10-05T05:14:27.782478Z,KXBTC15M-26OCT050115-15,0.0570,60.93,yes
2026-10-05T05:14:27.782478Z,KXBTC15M-26OCT050115-15,0.0560,8.00,yes
2026-10-05T05:14:27.783744Z,KXBTC15M-26OCT050115-15,0.0570,22.36,yes
2026-10-05T05:14:27.785397Z,KXBTC15M-26OCT050115-15,0.0570,31.42,yes
2026-10-05T05:14:27.795189Z,KXBTC15M-26OCT050115-15,0.0560,6.00,yes
2026-10-05T05:14:27.795189Z,KXBTC15M-26OCT050115-15,0.0570,22.94,yes
2026-10-05T05:14:27.795654Z,KXBTC15M-26OCT050115-15,0.0570,46.51,yes
2026-10-05T05:14:27.798148Z,KXBTC15M-26OCT050115-15,0.0570,3.62,yes
2026-10-05T05:14:27.814294Z,KXBTC15M-26OCT050115-15,0.0570,0.01,yes
2026-10-05T05:14:27.814294Z,KXBTC15M-26OCT050115-15,0.0570,0.01,yes
2026-10-05T05:14:27.822082Z,KXBTC15M-26OCT050115-15,0.0620,252.89,yes
2026-10-05T05:14:27.822082Z,KXBTC15M-26OCT050115-15,0.0580,21.00,yes
2026-10-05T05:14:27.822111Z,KXBTC15M-26OCT050115-15,0.0620,12.28,yes
2026-10-05T05:14:27.828942Z,KXBTC15M-26OCT050115-15,0.0570,0.01,yes
2026-10-05T05:14:27.828942Z,KXBTC15M-26OCT050115-15,0.0620,109.99,yes
2026-10-05T05:14:27.830534Z,KXBTC15M-26OCT050115-15,0.0580,40.00,yes
2026-10-05T05:14:27.886454Z,KXBTC15M-26OCT050115-15,0.0590,1.10,yes
2026-10-05T05:14:27.89052Z,KXBTC15M-26OCT050115-15,0.0570,42.67,no
2026-10-05T05:14:27.89052Z,KXBTC15M-26OCT050115-15,0.0580,23.00,no
2026-10-05T05:14:27.89052Z,KXBTC15M-26OCT050115-15,0.0570,9.00,no
2026-10-05T05:14:27.89052Z,KXBTC15M-26OCT050115-15,0.0580,0.01,no
2026-10-05T05:14:27.89052Z,KXBTC15M-26OCT050115-15,0.0580,0.01,no
2026-10-05T05:14:27.896796Z,KXBTC15M-26OCT050115-15,0.0590,16.47,yes
2026-10-05T05:14:27.901795Z,KXBTC15M-26OCT050115-15,0.0590,1.00,yes
2026-10-05T05:14:27.92635Z,KXBTC15M-26OCT050115-15,0.0590,0.01,yes
2026-10-05T05:14:27.92635Z,KXBTC15M-26OCT050115-15,0.0590,2.43,yes
2026-10-05T05:14:27.92635Z,KXBTC15M-26OCT050115-15,0.0600,8.00,yes
2026-10-05T05:14:27.92635Z,KXBTC15M-26OCT050115-15,0.0590,28.00,yes
2026-10-05T05:14:27.92635Z,KXBTC15M-26OCT050115-15,0.0600,475.66,yes
2026-10-05T05:14:27.92635Z,KXBTC15M-26OCT050115-15,0.0590,17.00,yes
2026-10-05T05:14:27.92635Z,KXBTC15M-26OCT050115-15,0.0600,49.00,yes
2026-10-05T05:14:27.92635Z,KXBTC15M-26OCT050115-15,0.0590,0.01,yes
2026-10-05T05:14:27.93659Z,KXBTC15M-26OCT050115-15,0.0600,24.34,yes
2026-10-05T05:14:27.93659Z,KXBTC15M-26OCT050115-15,0.0600,19.06,yes
2026-10-05T05:14:27.93659Z,KXBTC15M-26OCT050115-15,0.0590,0.01,yes
2026-10-05T05:14:27.938569Z,KXBTC15M-26OCT050115-15,0.0570,3.15,no
2026-10-05T05:14:27.941223Z,KXBTC15M-26OCT050115-15,0.0600,2.00,yes
2026-10-05T05:14:27.94305Z,KXBTC15M-26OCT050115-15,0.0570,1.35,no
2026-10-05T05:14:27.979136Z,KXBTC15M-26OCT050115-15,0.0590,0.01,yes
2026-10-05T05:14:27.979136Z,KXBTC15M-26OCT050115-15,0.0620,664.97,yes
2026-10-05T05:14:27.979136Z,KXBTC15M-26OCT050115-15,0.0600,27.94,yes
2026-10-05T05:14:27.979136Z,KXBTC15M-26OCT050115-15,0.0590,0.01,yes
2026-10-05T05:14:27.979136Z,KXBTC15M-26OCT050115-15,0.0600,0.01,yes
2026-10-05T05:14:27.982437Z,KXBTC15M-26OCT050115-15,0.0620,6.87,yes
2026-10-05T05:14:27.982437Z,KXBTC15M-26OCT050115-15,0.0650,0.17,yes
2026-10-05T05:14:27.990797Z,KXBTC15M-26OCT050115-15,0.0570,14.49,no
2026-10-05T05:14:27.993249Z,KXBTC15M-26OCT050115-15,0.0640,2.59,yes
2026-10-05T05:14:28.006654Z,KXBTC15M-26OCT050115-15,0.0630,1.11,yes
2026-10-05T05:14:28.006654Z,KXBTC15M-26OCT050115-15,0.0660,40.02,yes
2026-10-05T05:14:28.006654Z,KXBTC15M-26OCT050115-15,0.0640,3.41,yes
2026-10-05T05:14:28.006654Z,KXBTC15M-26OCT050115-15,0.0650,7.00,yes
2026-10-05T05:14:28.006654Z,KXBTC15M-26OCT050115-15,0.0630,21.00,yes
2026-10-05T05:14:28.006654Z,KXBTC15M-26OCT050115-15,0.0650,6.00,yes
2026-10-05T05:14:28.006654Z,KXBTC15M-26OCT050115-15,0.0640,0.01,yes
2026-10-05T05:14:28.008288Z,KXBTC15M-26OCT050115-15,0.0660,74.02,yes
2026-10-05T05:14:28.009925Z,KXBTC15M-26OCT050115-15,0.0660,7.52,yes
2026-10-05T05:14:28.030831Z,KXBTC15M-26OCT050115-15,0.0570,0.03,no
2026-10-05T05:14:28.038076Z,KXBTC15M-26OCT050115-15,0.0570,117.00,no
2026-10-05T05:14:28.038076Z,KXBTC15M-26OCT050115-15,0.0570,56.31,no
2026-10-05T05:14:28.038076Z,KXBTC15M-26OCT050115-15,0.0570,0.01,no
2026-10-05T05:14:28.038076Z,KXBTC15M-26OCT050115-15,0.0570,81.00,no
2026-10-05T05:14:28.038076Z,KXBTC15M-26OCT050115-15,0.0570,0.01,no
2026-10-05T05:14:28.038076Z,KXBTC15M-26OCT050115-15,0.0550,9.00,no
2026-10-05T05:14:28.038076Z,KXBTC15M-26OCT050115-15,0.0550,244.19,no
2026-10-05T05:14:28.042442Z,KXBTC15M-26OCT050115-15,0.0620,6.03,yes
2026-10-05T05:14:28.054151Z,KXBTC15M-26OCT050115-15,0.0610,16.46,no
2026-10-05T05:14:28.054151Z,KXBTC15M-26OCT050115-15,0.0550,9.00,no
2026-10-05T05:14:28.054151Z,KXBTC15M-26OCT050115-15,0.0540,79.74,no
2026-10-05T05:14:28.063146Z,KXBTC15M-26OCT050115-15,0.0550,0.01,no
2026-10-05T05:14:28.063146Z,KXBTC15M-26OCT050115-15,0.0550,1.01,no
2026-10-05T05:14:28.076889Z,KXBTC15M-26OCT050115-15,0.0590,47.39,yes
2026-10-05T05:14:28.079038Z,KXBTC15M-26OCT050115-15,0.0580,21.04,no
2026-10-05T05:14:28.079239Z,KXBTC15M-26OCT050115-15,0.0590,14.91,yes
2026-10-05T05:14:28.086356Z,KXBTC15M-26OCT050115-15,0.0590,9.67,yes
2026-10-05T05:14:28.105049Z,KXBTC15M-26OCT050115-15,0.0580,2.09,no
2026-10-05T05:14:28.107779Z,KXBTC15M-26OCT050115-15,0.0550,5.99,no
2026-10-05T05:14:28.107779Z,KXBTC15M-26OCT050115-15,0.0550,0.01,no
2026-10-05T05:14:28.10795Z,KXBTC15M-26OCT050115-15,0.0580,104.00,yes
2026-10-05T05:14:28.109416Z,KXBTC15M-26OCT050115-15,0.0580,22.36,yes
2026-10-05T05:14:28.111544Z,KXBTC15M-26OCT050115-15,0.0590,56.76,yes
2026-10-05T05:14:28.111544Z,KXBTC15M-26OCT050115-15,0.0580,23.64,yes
2026-10-05T05:14:28.112444Z,KXBTC15M-26OCT050115-15,0.0590,19.98,yes
2026-10-05T05:14:28.12442Z,KXBTC15M-26OCT050115-15,0.0590,6.00,yes
2026-10-05T05:14:28.12657Z,KXBTC15M-26OCT050115-15,0.0620,19.34,yes
2026-10-05T05:14:28.12657Z,KXBTC15M-26OCT050115-15,0.0590,101.29,yes
2026-10-05T05:14:28.12657Z,KXBTC15M-26OCT050115-15,0.0590,0.01,yes
2026-10-05T05:14:28.12657Z,KXBTC15M-26OCT050115-15,0.0610,0.01,yes
2026-10-05T05:14:28.12657Z,KXBTC15M-26OCT050115-15,0.0590,48.00,yes
2026-10-05T05:14:28.12657Z,KXBTC15M-26OCT050115-15,0.0590,27.00,yes
2026-10-05T05:14:28.130845Z,KXBTC15M-26OCT050115-15,0.0580,9.00,no
2026-10-05T05:14:28.130845Z,KXBTC15M-26OCT050115-15,0.0590,150.00,no
2026-10-05T05:14:28.130845Z,KXBTC15M-26OCT050115-15,0.0580,0.01,no
2026-10-05T05:14:28.130845Z,KXBTC15M-26OCT050115-15,0.0570,11.07,no
2026-10-05T05:14:28.130845Z,KXBTC15M-26OCT050115-15,0.0580,0.01,no
2026-10-05T05:14:28.131453Z,KXBTC15M-26OCT050115-15,0.0590,0.01,yes
2026-10-05T05:14:28.131453Z,KXBTC15M-26OCT050115-15,0.0620,18.99,yes
2026-10-05T05:14:28.133028Z,KXBTC15M-26OCT050115-15,0.0620,461.67,yes
2026-10-05T05:14:28.133028Z,KXBTC15M-26OCT050115-15,0.0620,8.00,yes
2026-10-05T05:14:28.136809Z,KXBTC15M-26OCT050115-15,0.0650,18.00,yes
2026-10-05T05:14:28.15258Z,KXBTC15M-26OCT050115-15,0.0650,7.00,yes
2026-10-05T05:14:28.15258Z,KXBTC15M-26OCT050115-15,0.0650,27.25,yes
2026-10-05T05:14:28.15258Z,KXBTC15M-26OCT050115-15,0.0650,10.00,yes
2026-10-05T05:14:28.156425Z,KXBTC15M-26OCT050115-15,0.0650,98.52,yes
2026-10-05T05:14:28.158996Z,KXBTC15M-26OCT050115-15,0.0650,57.00,yes
2026-10-05T05:14:28.176237Z,KXBTC15M-26OCT050115-15,0.0620,18.33,no
2026-10-05T05:14:28.176237Z,KXBTC15M-26OCT050115-15,0.0590,8.00,no
2026-10-05T05:14:28.176237Z,KXBTC15M-26OCT050115-15,0.0580,9.00,no
2026-10-05T05:14:28.176237Z,KXBTC15M-26OCT050115-15,0.0540,834.72,no
2026-10-05T05:14:28.176237Z,KXBTC15M-26OCT050115-15,0.0620,0.01,no
2026-10-05T05:14:28.176237Z,KXBTC15M-26OCT050115-15,0.0570,3129.93,no
2026-10-05T05:14:28.176237Z,KXBTC15M-26OCT050115-15,0.0620,0.01,no
2026-10-05T05:14:28.176967Z,KXBTC15M-26OCT050115-15,0.0640,100.00,yes
2026-10-05T05:14:28.194055Z,KXBTC15M-26OCT050115-15,0.0540,16.99,yes
2026-10-05T05:14:28.194055Z,KXBTC15M-26OCT050115-15,0.0540,150.00,yes
2026-10-05T05:14:28.196648Z,KXBTC15M-26OCT050115-15,0.0490,8.83,no
2026-10-05T05:14:28.218056Z,KXBTC15M-26OCT050115-15,0.0500,230.12,yes
2026-10-05T05:14:28.233213Z,KXBTC15M-26OCT050115-15,0.0500,181.59,yes
2026-10-05T05:14:28.235839Z,KXBTC15M-26OCT050115-15,0.0500,37.00,yes
2026-10-05T05:14:28.246305Z,KXBTC15M-26OCT050115-15,0.0500,16.59,yes
2026-10-05T05:14:28.25536Z,KXBTC15M-26OCT050115-15,0.0500,76.93,yes
2026-10-05T05:14:28.264037Z,KXBTC15M-26OCT050115-15,0.0490,25.69,no
2026-10-05T05:14:28.264241Z,KXBTC15M-26OCT050115-15,0.0500,5.23,yes
2026-10-05T05:14:28.27098Z,KXBTC15M-26OCT050115-15,0.0500,77.91,yes
2026-10-05T05:14:28.273568Z,KXBTC15M-26OCT050115-15,0.0500,93.53,yes
2026-10-05T05:14:28.277293Z,KXBTC15M-26OCT050115-15,0.0490,69.85,no
2026-10-05T05:14:28.277293Z,KXBTC15M-26OCT050115-15,0.0490,0.01,no
2026-10-05T05:14:28.277293Z,KXBTC15M-26OCT050115-15,0.0460,4.58,no
2026-10-05T05:14:28.277293Z,KXBTC15M-26OCT050115-15,0.0490,0.01,no
2026-10-05T05:14:28.277293Z,KXBTC15M-26OCT050115-15,0.0460,39.40,no
2026-10-05T05:14:28.287918Z,KXBTC15M-26OCT050115-15,0.0470,10.00,yes
2026-10-05T05:14:28.297682Z,KXBTC15M-26OCT050115-15,0.0470,29.17,yes
2026-10-05T05:14:28.298823Z,KXBTC15M-26OCT050115-15,0.0470,14.79,yes
2026-10-05T05:14:28.302057Z,KXBTC15M-26OCT050115-15,0.0460,62.71,no
2026-10-05T05:14:28.311606Z,KXBTC15M-26OCT050115-15,0.0470,10.00,yes
2026-10-05T05:14:28.313057Z,KXBTC15M-26OCT050115-15,0.0470,4.31,yes
2026-10-05T05:14:28.315093Z,KXBTC15M-26OCT050115-15,0.0460,2.99,no
2026-10-05T05:14:28.315582Z,KXBTC15M-26OCT050115-15,0.0470,100.00,yes
2026-10-05T05:14:28.325502Z,KXBTC15M-26OCT050115-15,0.0470,3.50,yes
2026-10-05T05:14:28.329262Z,KXBTC15M-26OCT050115-15,0.0470,16.17,yes
2026-10-05T05:14:28.329669Z,KXBTC15M-26OCT050115-15,0.0470,14.05,yes
2026-10-05T05:14:28.331622Z,KXBTC15M-26OCT050115-15,0.0470,51.15,yes
2026-10-05T05:14:28.338029Z,KXBTC15M-26OCT050115-15,0.0470,0.33,yes
2026-10-05T05:14:28.345827Z,KXBTC15M-26OCT050115-15,0.0470,14.47,yes
2026-10-05T05:14:28.348284Z,KXBTC15M-26OCT050115-15,0.0470,21.67,yes
2026-10-05T05:14:28.35336Z,KXBTC15M-26OCT050115-15,0.0470,13.66,yes
2026-10-05T05:14:28.354738Z,KXBTC15M-26OCT050115-15,0.0470,23.00,yes
2026-10-05T05:14:28.359744Z,KXBTC15M-26OCT050115-15,0.0470,25.00,yes
2026-10-05T05:14:28.369377Z,KXBTC15M-26OCT050115-15,0.0470,166.90,yes
2026-10-05T05:14:28.373988Z,KXBTC15M-26OCT050115-15,0.0470,77.91,yes
2026-10-05T05:14:28.382769Z,KXBTC15M-26OCT050115-15,0.0470,227.57,yes
2026-10-05T05:14:28.407108Z,KXBTC15M-26OCT050115-15,0.0470,31.27,yes
2026-10-05T05:14:28.413969Z,KXBTC15M-26OCT050115-15,0.0470,14.77,yes
2026-10-05T05:14:28.417251Z,KXBTC15M-26OCT050115-15,0.0470,15.63,yes
2026-10-05T05:14:28.423987Z,KXBTC15M-26OCT050115-15,0.0470,98.60,yes
2026-10-05T05:14:28.424642Z,KXBTC15M-26OCT050115-15,0.0470,841.34,yes
2026-10-05T05:14:28.426485Z,KXBTC15M-26OCT050115-15,0.0470,166.99,yes
2026-10-05T05:14:28.426Z,KXBTC15M-26OCT050115-15,0.0470,22.19,yes
2026-10-05T05:14:28.427802Z,KXBTC15M-26OCT050115-15,0.0470,545.00,yes
2026-10-05T05:14:28.439863Z,KXBTC15M-26OCT050115-15,0.0470,0.01,yes
2026-10-05T05:14:28.439863Z,KXBTC15M-26OCT050115-15,0.0470,0.01,yes
2026-10-05T05:14:28.449977Z,KXBTC15M-26OCT050115-15,0.0510,54.32,yes
2026-10-05T05:14:28.456192Z,KXBTC15M-26OCT050115-15,0.0500,646.51,no
2026-10-05T05:14:28.479173Z,KXBTC15M-26OCT050115-15,0.0510,0.01,yes
2026-10-05T05:14:28.479173Z,KXBTC15M-26OCT050115-15,0.0510,0.01,yes
2026-10-05T05:14:28.479173Z,KXBTC15M-26OCT050115-15,0.0510,68.98,yes
2026-10-05T05:14:28.48073Z,KXBTC15M-26OCT050115-15,0.0510,431.02,yes
2026-10-05T05:14:28.493842Z,KXBTC15M-26OCT050115-15,0.0510,121.59,no
2026-10-05T05:14:28.493842Z,KXBTC15M-26OCT050115-15,0.0520,130.00,no
2026-10-05T05:14:28.497554Z,KXBTC15M-26OCT050115-15,0.0570,1.67,yes
2026-10-05T05:14:28.502378Z,KXBTC15M-26OCT050115-15,0.0570,20.62,yes
2026-10-05T05:14:28.507992Z,KXBTC15M-26OCT050115-15,0.0570,64.41,yes
2026-10-05T05:14:28.514056Z,KXBTC15M-26OCT050115-15,0.0500,269.37,no
2026-10-05T05:14:28.514056Z,KXBTC15M-26OCT050115-15,0.0510,132.00,no
2026-10-05T05:14:28.514056Z,KXBTC15M-26OCT050115-15,0.0510,0.01,no
2026-10-05T05:14:28.514056Z,KXBTC15M-26OCT050115-15,0.0510,0.01,no
2026-10-05T05:14:28.514056Z,KXBTC15M-26OCT050115-15,0.0520,9.00,no
2026-10-05T05:14:28.515778Z,KXBTC15M-26OCT050115-15,0.0570,13.29,yes
2026-10-05T05:14:28.520132Z,KXBTC15M-26OCT050115-15,0.0570,4.00,yes
2026-10-05T05:14:28.528607Z,KXBTC15M-26OCT050115-15,0.0560,2.68,yes
2026-10-05T05:14:28.534105Z,KXBTC15M-26OCT050115-15,0.0560,0.23,yes
2026-10-05T05:14:28.534948Z,KXBTC15M-26OCT050115-15,0.0560,15.04,yes
2026-10-05T05:14:28.545252Z,KXBTC15M-26OCT050115-15,0.0500,1.04,no
2026-10-05T05:14:28.562925Z,KXBTC15M-26OCT050115-15,0.0560,8.55,yes
2026-10-05T05:14:28.567289Z,KXBTC15M-26OCT050115-15,0.0550,105.42,no
2026-10-05T05:14:28.569144Z,KXBTC15M-26OCT050115-15,0.0550,2.06,no
2026-10-05T05:14:28.575199Z,KXBTC15M-26OCT050115-15,0.0550,11.50,no
2026-10-05T05:14:28.581679Z,KXBTC15M-26OCT050115-15,0.0550,98.01,no
2026-10-05T05:14:28.593371Z,KXBTC15M-26OCT050115-15,0.0560,168.00,yes
2026-10-05T05:14:28.593371Z,KXBTC15M-26OCT050115-15,0.0560,165.07,yes
2026-10-05T05:14:28.593371Z,KXBTC15M-26OCT050115-15,0.0560,22.50,yes
2026-10-05T05:14:28.593371Z,KXBTC15M-26OCT050115-15,0.0560,0.01,yes
2026-10-05T05:14:28.597711Z,KXBTC15M-26OCT050115-15,0.0560,108.00,yes
2026-10-05T05:14:28.599875Z,KXBTC15M-26OCT050115-15,0.0560,15.04,yes
2026-10-05T05:14:28.609989Z,KXBTC15M-26OCT050115-15,0.0560,8.74,yes
2026-10-05T05:14:28.611668Z,KXBTC15M-26OCT050115-15,0.0560,5.00,yes
2026-10-05T05:14:28.614368Z,KXBTC15M-26OCT050115-15,0.0560,18.26,yes
2026-10-05T05:14:28.615316Z,KXBTC15M-26OCT050115-15,0.0560,116.22,yes
2026-10-05T05:14:28.616829Z,KXBTC15M-26OCT050115-15,0.0560,76.93,yes
2026-10-05T05:14:28.62105Z,KXBTC15M-26OCT050115-15,0.0550,0.01,no
2026-10-05T05:14:28.62105Z,KXBTC15M-26OCT050115-15,0.0550,0.01,no
2026-10-05T05:14:28.62105Z,KXBTC15M-26OCT050115-15,0.0520,79.76,no
2026-10-05T05:14:28.62289Z,KXBTC15M-26OCT050115-15,0.0560,156.62,yes
2026-10-05T05:14:28.665758Z,KXBTC15M-26OCT050115-15,0.0560,109.60,yes
2026-10-05T05:14:28.714647Z,KXBTC15M-26OCT050115-15,0.0560,0.01,yes
2026-10-05T05:14:28.714647Z,KXBTC15M-26OCT050115-15,0.0560,8.00,yes
2026-10-05T05:14:28.714647Z,KXBTC15M-26OCT050115-15,0.0570,5.00,yes
2026-10-05T05:14:28.714647Z,KXBTC15M-26OCT050115-15,0.0580,56.00,yes
2026-10-05T05:14:28.714647Z,KXBTC15M-26OCT050115-15,0.0560,0.01,yes
2026-10-05T05:14:28.714647Z,KXBTC15M-26OCT050115-15,0.0580,112.00,yes
2026-10-05T05:14:28.714647Z,KXBTC15M-26OCT050115-15,0.0580,500.00,yes
2026-10-05T05:14:28.714647Z,KXBTC15M-26OCT050115-15,0.0590,442.02,yes
2026-10-05T05:14:28.732491Z,KXBTC15M-26OCT050115-15,0.0580,8.00,yes
2026-10-05T05:14:28.732491Z,KXBTC15M-26OCT050115-15,0.0560,0.01,yes
2026-10-05T05:14:28.732491Z,KXBTC15M-26OCT050115-15,0.0570,0.01,yes
2026-10-05T05:14:28.732491Z,KXBTC15M-26OCT050115-15,0.0590,13.24,yes
2026-10-05T05:14:28.736269Z,KXBTC15M-26OCT050115-15,0.0570,39.52,yes
2026-10-05T05:14:28.73973Z,KXBTC15M-26OCT050115-15,0.0560,100.00,no
2026-10-05T05:14:28.747627Z,KXBTC15M-26OCT050115-15,0.0560,9.00,no
2026-10-05T05:14:28.747627Z,KXBTC15M-26OCT050115-15,0.0550,0.01,no
2026-10-05T05:14:28.747627Z,KXBTC15M-26OCT050115-15,0.0560,0.01,no
2026-10-05T05:14:28.747627Z,KXBTC15M-26OCT050115-15,0.0520,128.45,no
2026-10-05T05:14:28.747627Z,KXBTC15M-26OCT050115-15,0.0560,0.01,no
2026-10-05T05:14:28.747627Z,KXBTC15M-26OCT050115-15,0.0520,50.24,no
2026-10-05T05:14:28.747627Z,KXBTC15M-26OCT050115-15,0.0560,50.00,no
2026-10-05T05:14:28.747627Z,KXBTC15M-26OCT050115-15,0.0550,0.01,no
2026-10-05T05:14:28.747627Z,KXBTC15M-26OCT050115-15,0.0530,9.00,no
2026-10-05T05:14:28.758492Z,KXBTC15M-26OCT050115-15,0.0510,25.00,no
2026-10-05T05:14:28.758492Z,KXBTC15M-26OCT050115-15,0.0560,0.01,no
2026-10-05T05:14:28.758492Z,KXBTC15M-26OCT050115-15,0.0500,60.03,no
2026-10-05T05:14:28.758492Z,KXBTC15M-26OCT050115-15,0.0520,9.00,no
2026-10-05T05:14:28.758492Z,KXBTC15M-26OCT050115-15,0.0520,0.55,no
2026-10-05T05:14:28.758492Z,KXBTC15M-26OCT050115-15,0.0560,0.01,no
2026-10-05T05:14:28.758492Z,KXBTC15M-26OCT050115-15,0.0510,9.00,no
2026-10-05T05:14:28.764384Z,KXBTC15M-26OCT050115-15,0.0570,0.01,yes
2026-10-05T05:14:28.764384Z,KXBTC15M-26OCT050115-15,0.0570,0.01,yes
2026-10-05T05:14:28.764384Z,KXBTC15M-26OCT050115-15,0.0580,0.17,yes
2026-10-05T05:14:28.774496Z,KXBTC15M-26OCT050115-15,0.0510,1.00,no
2026-10-05T05:14:28.774496Z,KXBTC15M-26OCT050115-15,0.0520,0.01,no
2026-10-05T05:14:28.774496Z,KXBTC15M-26OCT050115-15,0.0510,7.00,no
2026-10-05T05:14:28.774496Z,KXBTC15M-26OCT050115-15,0.0500,35.43,no
2026-10-05T05:14:28.774496Z,KXBTC15M-26OCT050115-15,0.0510,9.00,no
2026-10-05T05:14:28.777251Z,KXBTC15M-26OCT050115-15,0.0590,13.66,yes
2026-10-05T05:14:28.78273Z,KXBTC15M-26OCT050115-15,0.0590,148.26,yes
2026-10-05T05:14:28.8134Z,KXBTC15M-26OCT050115-15,0.0590,2.59,yes
2026-10-05T05:14:28.825194Z,KXBTC15M-26OCT050115-15,0.0590,8.35,yes
2026-10-05T05:14:28.833705Z,KXBTC15M-26OCT050115-15,0.0580,0.01,no
2026-10-05T05:14:28.833705Z,KXBTC15M-26OCT050115-15,0.0570,0.53,no
2026-10-05T05:14:28.833705Z,KXBTC15M-26OCT050115-15,0.0580,0.01,no
2026-10-05T05:14:28.835212Z,KXBTC15M-26OCT050115-15,0.0580,17.01,yes
2026-10-05T05:14:28.850112Z,KXBTC15M-26OCT050115-15,0.0570,17.67,no
2026-10-05T05:14:28.861697Z,KXBTC15M-26OCT050115-15,0.0570,0.01,no
2026-10-05T05:14:28.861697Z,KXBTC15M-26OCT050115-15,0.0570,156.80,no
2026-10-05T05:14:28.862525Z,KXBTC15M-26OCT050115-15,0.0580,25.88,yes
2026-10-05T05:14:28.863571Z,KXBTC15M-26OCT050115-15,0.0570,47.15,yes
2026-10-05T05:14:28.873209Z,KXBTC15M-26OCT050115-15,0.0570,102.85,yes
2026-10-05T05:14:28.873209Z,KXBTC15M-26OCT050115-15,0.0570,141.38,yes
2026-10-05T05:14:28.879216Z,KXBTC15M-26OCT050115-15,0.0570,8.62,yes
2026-10-05T05:14:28.879216Z,KXBTC15M-26OCT050115-15,0.0570,8.70,yes
2026-10-05T05:14:28.886118Z,KXBTC15M-26OCT050115-15,0.0570,7.62,yes
2026-10-05T05:14:28.88968Z,KXBTC15M-26OCT050115-15,0.0570,43.73,yes
2026-10-05T05:14:28.904505Z,KXBTC15M-26OCT050115-15,0.0560,12.85,yes
2026-10-05T05:14:28.918291Z,KXBTC15M-26OCT050115-15,0.0550,14.00,yes
2026-10-05T05:14:28.91906Z,KXBTC15M-26OCT050115-15,0.0550,21.00,yes
2026-10-05T05:14:28.91906Z,KXBTC15M-26OCT050115-15,0.0550,8.00,yes
2026-10-05T05:14:28.91906Z,KXBTC15M-26OCT050115-15,0.0560,74.11,yes
2026-10-05T05:14:28.91906Z,KXBTC15M-26OCT050115-15,0.0550,14.00,yes
2026-10-05T05:14:28.922873Z,KXBTC15M-26OCT050115-15,0.0530,37.80,no
2026-10-05T05:14:28.928212Z,KXBTC15M-26OCT050115-15,0.0530,14.79,no
2026-10-05T05:14:28.956915Z,KXBTC15M-26OCT050115-15,0.0540,3.11,no
2026-10-05T05:14:28.96327Z,KXBTC15M-26OCT050115-15,0.0550,0.01,yes
2026-10-05T05:14:28.96327Z,KXBTC15M-26OCT050115-15,0.0550,0.01,yes
2026-10-05T05:14:28.96327Z,KXBTC15M-26OCT050115-15,0.0570,0.01,yes
2026-10-05T05:14:28.96327Z,KXBTC15M-26OCT050115-15,0.0590,3.53,yes
2026-10-05T05:14:28.96327Z,KXBTC15M-26OCT050115-15,0.0560,0.01,yes
2026-10-05T05:14:28.96327Z,KXBTC15M-26OCT050115-15,0.0570,0.01,yes
2026-10-05T05:14:28.976594Z,KXBTC15M-26OCT050115-15,0.0400,104.73,no
2026-10-05T05:14:28.976594Z,KXBTC15M-26OCT050115-15,0.0390,3.00,no
2026-10-05T05:14:28.976594Z,KXBTC15M-26OCT050115-15,0.0380,3.00,no
2026-10-05T05:14:28.976594Z,KXBTC15M-26OCT050115-15,0.0390,1.00,no
2026-10-05T05:14:28.976594Z,KXBTC15M-26OCT050115-15,0.0380,1.00,no
2026-10-05T05:14:28.976594Z,KXBTC15M-26OCT050115-15,0.0380,208.43,no
2026-10-05T05:14:28.976594Z,KXBTC15M-26OCT050115-15,0.0510,500.00,no
2026-10-05T05:14:28.976594Z,KXBTC15M-26OCT050115-15,0.0410,165.00,no
2026-10-05T05:14:28.976594Z,KXBTC15M-26OCT050115-15,0.0520,9.00,no
2026-10-05T05:14:28.976594Z,KXBTC15M-26OCT050115-15,0.0400,24.84,no
2026-10-05T05:14:28.976594Z,KXBTC15M-26OCT050115-15,0.0460,1047.00,no
2026-10-05T05:14:28.976594Z,KXBTC15M-26OCT050115-15,0.0410,1047.00,no
2026-10-05T05:14:28.976594Z,KXBTC15M-26OCT050115-15,0.0430,1047.00,no
2026-10-05T05:14:28.976594Z,KXBTC15M-26OCT050115-15,0.0540,0.01,no
2026-10-05T05:14:28.976594Z,KXBTC15M-26OCT050115-15,0.0530,0.01,no
2026-10-05T05:14:28.976594Z,KXBTC15M-26OCT050115-15,0.0530,0.01,no
2026-10-05T05:14:28.976594Z,KXBTC15M-26OCT050115-15,0.0450,15.00,no
2026-10-05T05:14:28.976594Z,KXBTC15M-26OCT050115-15,0.0500,2128.62,no
2026-10-05T05:14:28.976594Z,KXBTC15M-26OCT050115-15,0.0540,0.01,no
2026-10-05T05:14:28.976594Z,KXBTC15M-26OCT050115-15,0.0460,223.72,no
2026-10-05T05:14:28.976594Z,KXBTC15M-26OCT050115-15,0.0400,76.92,no
2026-10-05T05:14:28.976594Z,KXBTC15M-26OCT050115-15,0.0400,2.89,no
2026-10-05T05:14:28.976594Z,KXBTC15M-26OCT050115-15,0.0420,10.00,no
2026-10-05T05:14:28.976594Z,KXBTC15M-26OCT050115-15,0.0400,2.23,no
2026-10-05T05:14:28.976594Z,KXBTC15M-26OCT050115-15,0.0400,126.86,no
2026-10-05T05:14:28.976594Z,KXBTC15M-26OCT050115-15,0.0400,13.44,no
2026-10-05T05:14:28.976594Z,KXBTC15M-26OCT050115-15,0.0400,1.00,no
2026-10-05T05:14:28.976594Z,KXBTC15M-26OCT050115-15,0.0400,7.31,no
2026-10-05T05:14:28.976594Z,KXBTC15M-26OCT050115-15,0.0400,7.19,no
2026-10-05T05:14:28.976594Z,KXBTC15M-26OCT050115-15,0.0400,149.35,no
2026-10-05T05:14:28.976594Z,KXBTC15M-26OCT050115-15,0.0400,386.47,no
2026-10-05T05:14:28.976594Z,KXBTC15M-26OCT050115-15,0.0400,0.47,no
2026-10-05T05:14:28.995272Z,KXBTC15M-26OCT050115-15,0.0400,25.88,yes
2026-10-05T05:14:28.998615Z,KXBTC15M-26OCT050115-15,0.0390,25.00,yes
2026-10-05T05:14:29.014576Z,KXBTC15M-26OCT050115-15,0.0400,222.00,yes
2026-10-05T05:14:29.018024Z,KXBTC15M-26OCT050115-15,0.0400,100.00,yes
2026-10-05T05:14:29.018137Z,KXBTC15M-26OCT050115-15,0.0390,2.30,no
2026-10-05T05:14:29.022429Z,KXBTC15M-26OCT050115-15,0.0400,43.63,yes
2026-10-05T05:14:29.029834Z,KXBTC15M-26OCT050115-15,0.0370,3.00,no
2026-10-05T05:14:29.029834Z,KXBTC15M-26OCT050115-15,0.0360,3.00,no
2026-10-05T05:14:29.029834Z,KXBTC15M-26OCT050115-15,0.0370,1.00,no
2026-10-05T05:14:29.029834Z,KXBTC15M-26OCT050115-15,0.0360,1.00,no
2026-10-05T05:14:29.029834Z,KXBTC15M-26OCT050115-15,0.0380,1.00,no
2026-10-05T05:14:29.029834Z,KXBTC15M-26OCT050115-15,0.0380,0.01,no
2026-10-05T05:14:29.029834Z,KXBTC15M-26OCT050115-15,0.0360,26.80,no
2026-10-05T05:14:29.029834Z,KXBTC15M-26OCT050115-15,0.0380,0.01,no
2026-10-05T05:14:29.036674Z,KXBTC15M-26OCT050115-15,0.0380,16.50,yes
2026-10-05T05:14:29.039696Z,KXBTC15M-26OCT050115-15,0.0370,402.98,yes
2026-10-05T05:14:29.045012Z,KXBTC15M-26OCT050115-15,0.0370,10.59,yes
2026-10-05T05:14:29.049387Z,KXBTC15M-26OCT050115-15,0.0370,1.53,yes
2026-10-05T05:14:29.052728Z,KXBTC15M-26OCT050115-15,0.0370,0.33,yes
2026-10-05T05:14:29.070977Z,KXBTC15M-26OCT050115-15,0.0370,2.93,yes
2026-10-05T05:14:29.07608Z,KXBTC15M-26OCT050115-15,0.0360,1.00,no
2026-10-05T05:14:29.082471Z,KXBTC15M-26OCT050115-15,0.0370,780.53,yes
2026-10-05T05:14:29.095838Z,KXBTC15M-26OCT050115-15,0.0400,13.64,yes
2026-10-05T05:14:29.095838Z,KXBTC15M-26OCT050115-15,0.0370,0.01,yes
2026-10-05T05:14:29.095838Z,KXBTC15M-26OCT050115-15,0.0370,0.01,yes
2026-10-05T05:14:29.098357Z,KXBTC15M-26OCT050115-15,0.0400,11.71,yes
2026-10-05T05:14:29.102482Z,KXBTC15M-26OCT050115-15,0.0400,23.69,yes
2026-10-05T05:14:29.104145Z,KXBTC15M-26OCT050115-15,0.0390,29.76,yes
2026-10-05T05:14:29.116431Z,KXBTC15M-26OCT050115-15,0.0390,56.02,yes
2026-10-05T05:14:29.119555Z,KXBTC15M-26OCT050115-15,0.0390,32.45,yes
2026-10-05T05:14:29.129515Z,KXBTC15M-26OCT050115-15,0.0400,0.02,yes
2026-10-05T05:14:29.129515Z,KXBTC15M-26OCT050115-15,0.0390,0.01,yes
2026-10-05T05:14:29.129515Z,KXBTC15M-26OCT050115-15,0.0390,0.01,yes
2026-10-05T05:14:29.13625Z,KXBTC15M-26OCT050115-15,0.0400,117.11,yes
2026-10-05T05:14:29.13687Z,KXBTC15M-26OCT050115-15,0.0400,3.00,yes
2026-10-05T05:14:29.137733Z,KXBTC15M-26OCT050115-15,0.0400,83.75,yes
2026-10-05T05:14:29.13942Z,KXBTC15M-26OCT050115-15,0.0400,0.47,yes
2026-10-05T05:14:29.141211Z,KXBTC15M-26OCT050115-15,0.0390,11.33,no
2026-10-05T05:14:29.145516Z,KXBTC15M-26OCT050115-15,0.0400,337.63,yes
2026-10-05T05:14:29.152399Z,KXBTC15M-26OCT050115-15,0.0400,85.59,yes
2026-10-05T05:14:29.155213Z,KXBTC15M-26OCT050115-15,0.0400,5.74,yes
2026-10-05T05:14:29.172124Z,KXBTC15M-26OCT050115-15,0.0400,364.65,yes
2026-10-05T05:14:29.172124Z,KXBTC15M-26OCT050115-15,0.0400,467.55,yes
2026-10-05T05:14:29.172124Z,KXBTC15M-26OCT050115-15,0.0420,506.86,yes
2026-10-05T05:14:29.172124Z,KXBTC15M-26OCT050115-15,0.0410,10.00,yes
2026-10-05T05:14:29.172124Z,KXBTC15M-26OCT050115-15,0.0400,1.00,yes
2026-10-05T05:14:29.172124Z,KXBTC15M-26OCT050115-15,0.0400,0.01,yes
2026-10-05T05:14:29.172961Z,KXBTC15M-26OCT050115-15,0.0420,0.50,yes
2026-10-05T05:14:29.174596Z,KXBTC15M-26OCT050115-15,0.0420,31.42,yes
2026-10-05T05:14:29.175868Z,KXBTC15M-26OCT050115-15,0.0440,16.17,yes
2026-10-05T05:14:29.182166Z,KXBTC15M-26OCT050115-15,0.0440,16.24,yes
2026-10-05T05:14:29.182166Z,KXBTC15M-26OCT050115-15,0.0430,10.00,yes
2026-10-05T05:14:29.182166Z,KXBTC15M-26OCT050115-15,0.0420,0.01,yes
2026-10-05T05:14:29.182166Z,KXBTC15M-26OCT050115-15,0.0410,10.00,yes
2026-10-05T05:14:29.183492Z,KXBTC15M-26OCT050115-15,0.0390,5.17,no
2026-10-05T05:14:29.195656Z,KXBTC15M-26OCT050115-15,0.0440,167.50,yes
2026-10-05T05:14:29.198427Z,KXBTC15M-26OCT050115-15,0.0440,10.05,yes
2026-10-05T05:14:29.200747Z,KXBTC15M-26OCT050115-15,0.0440,29.17,yes
2026-10-05T05:14:29.205979Z,KXBTC15M-26OCT050115-15,0.0400,50.00,no
2026-10-05T05:14:29.205979Z,KXBTC15M-26OCT050115-15,0.0400,9.00,no
2026-10-05T05:14:29.205979Z,KXBTC15M-26OCT050115-15,0.0400,35.11,no
2026-10-05T05:14:29.216113Z,KXBTC15M-26OCT050115-15,0.0400,16.67,no
2026-10-05T05:14:29.2233Z,KXBTC15M-26OCT050115-15,0.0400,50.00,no
2026-10-05T05:14:29.2233Z,KXBTC15M-26OCT050115-15,0.0370,40.13,no
2026-10-05T05:14:29.2233Z,KXBTC15M-26OCT050115-15,0.0400,321.33,no
2026-10-05T05:14:29.2233Z,KXBTC15M-26OCT050115-15,0.0390,0.01,no
2026-10-05T05:14:29.2233Z,KXBTC15M-26OCT050115-15,0.0390,10.00,no
2026-10-05T05:14:29.2233Z,KXBTC15M-26OCT050115-15,0.0390,0.01,no
2026-10-05T05:14:29.2233Z,KXBTC15M-26OCT050115-15,0.0400,0.01,no
2026-10-05T05:14:29.231349Z,KXBTC15M-26OCT050115-15,0.0440,35.08,yes
2026-10-05T05:14:29.253884Z,KXBTC15M-26OCT050115-15,0.0430,31.42,yes
2026-10-05T05:14:29.268249Z,KXBTC15M-26OCT050115-15,0.0390,86.11,no
2026-10-05T05:14:29.282997Z,KXBTC15M-26OCT050115-15,0.0420,36.25,yes
2026-10-05T05:14:29.304324Z,KXBTC15M-26OCT050115-15,0.0420,26.75,yes
2026-10-05T05:14:29.304324Z,KXBTC15M-26OCT050115-15,0.0420,0.01,yes
2026-10-05T05:14:29.304324Z,KXBTC15M-26OCT050115-15,0.0420,0.01,yes
2026-10-05T05:14:29.304324Z,KXBTC15M-26OCT050115-15,0.0430,23.50,yes
2026-10-05T05:14:29.304324Z,KXBTC15M-26OCT050115-15,0.0420,160.00,yes
2026-10-05T05:14:29.305374Z,KXBTC15M-26OCT050115-15,0.0390,200.00,no
2026-10-05T05:14:29.312368Z,KXBTC15M-26OCT050115-15,0.0430,2.33,yes
2026-10-05T05:14:29.315142Z,KXBTC15M-26OCT050115-15,0.0410,1.00,no
2026-10-05T05:14:29.333356Z,KXBTC15M-26OCT050115-15,0.0430,19.19,yes
2026-10-05T05:14:29.342387Z,KXBTC15M-26OCT050115-15,0.0390,0.01,no
2026-10-05T05:14:29.342387Z,KXBTC15M-26OCT050115-15,0.0410,0.01,no
2026-10-05T05:14:29.342387Z,KXBTC15M-26OCT050115-15,0.0380,1.00,no
2026-10-05T05:14:29.342387Z,KXBTC15M-26OCT050115-15,0.0380,178.00,no
2026-10-05T05:14:29.342387Z,KXBTC15M-26OCT050115-15,0.0410,0.01,no
2026-10-05T05:14:29.342387Z,KXBTC15M-26OCT050115-15,0.0400,50.00,no
2026-10-05T05:14:29.342387Z,KXBTC15M-26OCT050115-15,0.0380,10.00,no
2026-10-05T05:14:29.342387Z,KXBTC15M-26OCT050115-15,0.0370,1013.64,no
2026-10-05T05:14:29.342387Z,KXBTC15M-26OCT050115-15,0.0390,0.01,no
2026-10-05T05:14:29.342387Z,KXBTC15M-26OCT050115-15,0.0380,178.00,no
2026-10-05T05:14:29.342807Z,KXBTC15M-26OCT050115-15,0.0430,25.00,yes
2026-10-05T05:14:29.349639Z,KXBTC15M-26OCT050115-15,0.0430,34.00,yes
2026-10-05T05:14:29.352797Z,KXBTC15M-26OCT050115-15,0.0400,0.01,no
2026-10-05T05:14:29.352797Z,KXBTC15M-26OCT050115-15,0.0390,1.46,no
2026-10-05T05:14:29.362467Z,KXBTC15M-26OCT050115-15,0.0430,38.98,yes
2026-10-05T05:14:29.362467Z,KXBTC15M-26OCT050115-15,0.0430,22.02,yes
2026-10-05T05:14:29.362467Z,KXBTC15M-26OCT050115-15,0.0430,10.00,yes
2026-10-05T05:14:29.388873Z,KXBTC15M-26OCT050115-15,0.0430,66.21,yes
2026-10-05T05:14:29.394267Z,KXBTC15M-26OCT050115-15,0.0370,1.22,no
2026-10-05T05:14:29.394267Z,KXBTC15M-26OCT050115-15,0.0410,0.01,no
2026-10-05T05:14:29.394267Z,KXBTC15M-26OCT050115-15,0.0410,0.01,no
2026-10-05T05:14:29.399448Z,KXBTC15M-26OCT050115-15,0.0430,47.00,yes
2026-10-05T05:14:29.399448Z,KXBTC15M-26OCT050115-15,0.0430,29.77,yes
2026-10-05T05:14:29.399448Z,KXBTC15M-26OCT050115-15,0.0430,0.01,yes
2026-10-05T05:14:29.399448Z,KXBTC15M-26OCT050115-15,0.0430,2.34,yes
2026-10-05T05:14:29.399448Z,KXBTC15M-26OCT050115-15,0.0430,0.01,yes
2026-10-05T05:14:29.407506Z,KXBTC15M-26OCT050115-15,0.0430,8.23,yes
2026-10-05T05:14:29.412759Z,KXBTC15M-26OCT050115-15,0.0440,772.79,yes
2026-10-05T05:14:29.412759Z,KXBTC15M-26OCT050115-15,0.0440,456.84,yes
2026-10-05T05:14:29.412759Z,KXBTC15M-26OCT050115-15,0.0430,105.43,yes
2026-10-05T05:14:29.412759Z,KXBTC15M-26OCT050115-15,0.0430,10.00,yes
2026-10-05T05:14:29.412759Z,KXBTC15M-26OCT050115-15,0.0430,223.00,yes
2026-10-05T05:14:29.42646Z,KXBTC15M-26OCT050115-15,0.0450,21.26,yes
2026-10-05T05:14:29.445314Z,KXBTC15M-26OCT050115-15,0.0410,0.01,no
2026-10-05T05:14:29.445314Z,KXBTC15M-26OCT050115-15,0.0410,20.67,no
2026-10-05T05:14:29.445314Z,KXBTC15M-26OCT050115-15,0.0410,0.01,no
2026-10-05T05:14:29.446692Z,KXBTC15M-26OCT050115-15,0.0440,39.40,yes
2026-10-05T05:14:29.449876Z,KXBTC15M-26OCT050115-15,0.0440,3.00,yes
2026-10-05T05:14:29.455813Z,KXBTC15M-26OCT050115-15,0.0440,9.54,yes
2026-10-05T05:14:29.466353Z,KXBTC15M-26OCT050115-15,0.0440,8.66,yes
2026-10-05T05:14:29.469452Z,KXBTC15M-26OCT050115-15,0.0440,30.00,yes
2026-10-05T05:14:29.483848Z,KXBTC15M-26OCT050115-15,0.0410,0.01,no
2026-10-05T05:14:29.483848Z,KXBTC15M-26OCT050115-15,0.0410,0.01,no
2026-10-05T05:14:29.483848Z,KXBTC15M-26OCT050115-15,0.0370,11.31,no
2026-10-05T05:14:29.491943Z,KXBTC15M-26OCT050115-15,0.0410,0.01,no
2026-10-05T05:14:29.491943Z,KXBTC15M-26OCT050115-15,0.0370,152.53,no
2026-10-05T05:14:29.497213Z,KXBTC15M-26OCT050115-15,0.0410,150.00,yes
2026-10-05T05:14:29.497213Z,KXBTC15M-26OCT050115-15,0.0440,745.07,yes
2026-10-05T05:14:29.517057Z,KXBTC15M-26OCT050115-15,0.0430,106.50,yes
2026-10-05T05:14:29.524233Z,KXBTC15M-26OCT050115-15,0.0430,15.95,yes
2026-10-05T05:14:29.543508Z,KXBTC15M-26OCT050115-15,0.0430,8.94,yes
2026-10-05T05:14:29.545387Z,KXBTC15M-26OCT050115-15,0.0430,2.00,yes
2026-10-05T05:14:29.552625Z,KXBTC15M-26OCT050115-15,0.0430,25.00,yes
2026-10-05T05:14:29.560895Z,KXBTC15M-26OCT050115-15,0.0430,2.89,yes
2026-10-05T05:14:29.563486Z,KXBTC15M-26OCT050115-15,0.0420,96.32,no
2026-10-05T05:14:29.563894Z,KXBTC15M-26OCT050115-15,0.0430,254.58,yes
2026-10-05T05:14:29.57276Z,KXBTC15M-26OCT050115-15,0.0430,7.87,yes
2026-10-05T05:14:29.57276Z,KXBTC15M-26OCT050115-15,0.0430,84.14,yes
2026-10-05T05:14:29.578256Z,KXBTC15M-26OCT050115-15,0.0430,4.85,yes
2026-10-05T05:14:29.578256Z,KXBTC15M-26OCT050115-15,0.0430,0.01,yes
2026-10-05T05:14:29.578256Z,KXBTC15M-26OCT050115-15,0.0430,2.13,yes
2026-10-05T05:14:29.578256Z,KXBTC15M-26OCT050115-15,0.0430,0.01,yes
2026-10-05T05:14:29.598656Z,KXBTC15M-26OCT050115-15,0.0430,7.87,yes
2026-10-05T05:14:29.598656Z,KXBTC15M-26OCT050115-15,0.0430,0.01,yes
2026-10-05T05:14:29.598656Z,KXBTC15M-26OCT050115-15,0.0430,0.01,yes
2026-10-05T05:14:29.598656Z,KXBTC15M-26OCT050115-15,0.0430,0.73,yes
2026-10-05T05:14:29.598656Z,KXBTC15M-26OCT050115-15,0.0430,2.13,yes
2026-10-05T05:14:29.598656Z,KXBTC15M-26OCT050115-15,0.0440,39.25,yes
2026-10-05T05:14:29.603399Z,KXBTC15M-26OCT050115-15,0.0420,0.01,no
2026-10-05T05:14:29.603399Z,KXBTC15M-26OCT050115-15,0.0420,0.01,no
2026-10-05T05:14:29.603399Z,KXBTC15M-26OCT050115-15,0.0390,1.01,no
2026-10-05T05:14:29.619272Z,KXBTC15M-26OCT050115-15,0.0390,25.89,no
2026-10-05T05:14:29.642076Z,KXBTC15M-26OCT050115-15,0.0390,4.29,no
2026-10-05T05:14:29.653667Z,KXBTC15M-26OCT050115-15,0.0400,0.01,yes
2026-10-05T05:14:29.653667Z,KXBTC15M-26OCT050115-15,0.0430,10.00,yes
2026-10-05T05:14:29.653667Z,KXBTC15M-26OCT050115-15,0.0400,0.01,yes
2026-10-05T05:14:29.653667Z,KXBTC15M-26OCT050115-15,0.0400,50.00,yes
2026-10-05T05:14:29.653667Z,KXBTC15M-26OCT050115-15,0.0440,31.20,yes
2026-10-05T05:14:29.653667Z,KXBTC15M-26OCT050115-15,0.0400,16.78,yes
2026-10-05T05:14:29.65735Z,KXBTC15M-26OCT050115-15,0.0390,51.88,no
2026-10-05T05:14:29.661942Z,KXBTC15M-26OCT050115-15,0.0430,0.01,yes
2026-10-05T05:14:29.661942Z,KXBTC15M-26OCT050115-15,0.0440,319.51,yes
2026-10-05T05:14:29.662362Z,KXBTC15M-26OCT050115-15,0.0440,5.32,yes
2026-10-05T05:14:29.663701Z,KXBTC15M-26OCT050115-15,0.0440,21.35,yes
2026-10-05T05:14:29.687784Z,KXBTC15M-26OCT050115-15,0.0430,21.79,yes
2026-10-05T05:14:29.687998Z,KXBTC15M-26OCT050115-15,0.0410,0.01,no
2026-10-05T05:14:29.687998Z,KXBTC15M-26OCT050115-15,0.0390,11.03,no
2026-10-05T05:14:29.688492Z,KXBTC15M-26OCT050115-15,0.0430,21.79,yes
2026-10-05T05:14:29.70359Z,KXBTC15M-26OCT050115-15,0.0410,150.00,yes
2026-10-05T05:14:29.70359Z,KXBTC15M-26OCT050115-15,0.0410,34.08,yes
2026-10-05T05:14:29.70359Z,KXBTC15M-26OCT050115-15,0.0410,150.00,yes
2026-10-05T05:14:29.70359Z,KXBTC15M-26OCT050115-15,0.0410,150.00,yes
2026-10-05T05:14:29.70359Z,KXBTC15M-26OCT050115-15,0.0410,150.00,yes
2026-10-05T05:14:29.707227Z,KXBTC15M-26OCT050115-15,0.0410,44.72,yes
2026-10-05T05:14:29.708164Z,KXBTC15M-26OCT050115-15,0.0410,22.15,yes
2026-10-05T05:14:29.712855Z,KXBTC15M-26OCT050115-15,0.0410,20.00,yes
2026-10-05T05:14:29.713677Z,KXBTC15M-26OCT050115-15,0.0410,5.88,yes
2026-10-05T05:14:29.726695Z,KXBTC15M-26OCT050115-15,0.0350,9.00,no
2026-10-05T05:14:29.726695Z,KXBTC15M-26OCT050115-15,0.0350,1.00,no
2026-10-05T05:14:29.726695Z,KXBTC15M-26OCT050115-15,0.0360,10.00,no
2026-10-05T05:14:29.726695Z,KXBTC15M-26OCT050115-15,0.0390,0.01,no
2026-10-05T05:14:29.726695Z,KXBTC15M-26OCT050115-15,0.0360,18.28,no
2026-10-05T05:14:29.726695Z,KXBTC15M-26OCT050115-15,0.0390,78.90,no
2026-10-05T05:14:29.726695Z,KXBTC15M-26OCT050115-15,0.0350,585.34,no
2026-10-05T05:14:29.726695Z,KXBTC15M-26OCT050115-15,0.0390,0.01,no
2026-10-05T05:14:29.741545Z,KXBTC15M-26OCT050115-15,0.0410,21.79,yes
2026-10-05T05:14:29.753291Z,KXBTC15M-26OCT050115-15,0.0410,150.00,yes
2026-10-05T05:14:29.753291Z,KXBTC15M-26OCT050115-15,0.0400,150.00,yes
2026-10-05T05:14:29.753291Z,KXBTC15M-26OCT050115-15,0.0400,150.00,yes
2026-10-05T05:14:29.753291Z,KXBTC15M-26OCT050115-15,0.0400,10.00,yes
2026-10-05T05:14:29.753291Z,KXBTC15M-26OCT050115-15,0.0410,41.83,yes
2026-10-05T05:14:29.753291Z,KXBTC15M-26OCT050115-15,0.0410,150.00,yes
2026-10-05T05:14:29.753291Z,KXBTC15M-26OCT050115-15,0.0410,1.38,yes
2026-10-05T05:14:29.753291Z,KXBTC15M-26OCT050115-15,0.0400,150.00,yes
2026-10-05T05:14:29.790843Z,KXBTC15M-26OCT050115-15,0.0400,11.77,yes
2026-10-05T05:14:29.790843Z,KXBTC15M-26OCT050115-15,0.0400,0.01,yes
2026-10-05T05:14:29.790843Z,KXBTC15M-26OCT050115-15,0.0400,0.01,yes
2026-10-05T05:14:29.790843Z,KXBTC15M-26OCT050115-15,0.0400,10.00,yes
2026-10-05T05:14:29.792978Z,KXBTC15M-26OCT050115-15,0.0350,5.09,no
2026-10-05T05:14:29.807281Z,KXBTC15M-26OCT050115-15,0.0400,50.00,yes
2026-10-05T05:14:29.807281Z,KXBTC15M-26OCT050115-15,0.0400,10.00,yes
2026-10-05T05:14:29.807281Z,KXBTC15M-26OCT050115-15,0.0410,0.01,yes
2026-10-05T05:14:29.807281Z,KXBTC15M-26OCT050115-15,0.0410,0.01,yes
2026-10-05T05:14:29.807281Z,KXBTC15M-26OCT050115-15,0.0410,39.97,yes
2026-10-05T05:14:29.807281Z,KXBTC15M-26OCT050115-15,0.0400,0.01,yes
2026-10-05T05:14:29.821169Z,KXBTC15M-26OCT050115-15,0.0400,3.49,yes
2026-10-05T05:14:29.821169Z,KXBTC15M-26OCT050115-15,0.0400,0.01,yes
2026-10-05T05:14:29.823695Z,KXBTC15M-26OCT050115-15,0.0400,6.51,yes
2026-10-05T05:14:29.823695Z,KXBTC15M-26OCT050115-15,0.0410,18.48,yes
2026-10-05T05:14:29.823695Z,KXBTC15M-26OCT050115-15,0.0400,0.01,yes
2026-10-05T05:14:29.828266Z,KXBTC15M-26OCT050115-15,0.0400,50.00,yes
2026-10-05T05:14:29.828266Z,KXBTC15M-26OCT050115-15,0.0410,58.97,yes
2026-10-05T05:14:29.828876Z,KXBTC15M-26OCT050115-15,0.0350,0.01,no
2026-10-05T05:14:29.828876Z,KXBTC15M-26OCT050115-15,0.0350,0.01,no
2026-10-05T05:14:29.828876Z,KXBTC15M-26OCT050115-15,0.0350,1.01,no
2026-10-05T05:14:29.829209Z,KXBTC15M-26OCT050115-15,0.0410,21.79,yes
2026-10-05T05:14:29.839905Z,KXBTC15M-26OCT050115-15,0.0350,104.14,yes
2026-10-05T05:14:29.848297Z,KXBTC15M-26OCT050115-15,0.0400,10.00,yes
2026-10-05T05:14:29.848297Z,KXBTC15M-26OCT050115-15,0.0410,11.79,yes
2026-10-05T05:14:29.853452Z,KXBTC15M-26OCT050115-15,0.0410,217.95,yes
2026-10-05T05:14:29.872154Z,KXBTC15M-26OCT050115-15,0.0350,21.79,yes
2026-10-05T05:14:29.872454Z,KXBTC15M-26OCT050115-15,0.0410,35.07,yes
2026-10-05T05:14:29.872454Z,KXBTC15M-26OCT050115-15,0.0350,128.21,yes
2026-10-05T05:14:29.872454Z,KXBTC15M-26OCT050115-15,0.0400,10.00,yes
2026-10-05T05:14:29.872454Z,KXBTC15M-26OCT050115-15,0.0350,0.01,yes
2026-10-05T05:14:29.872454Z,KXBTC15M-26OCT050115-15,0.0400,35.00,yes
2026-10-05T05:14:29.873661Z,KXBTC15M-26OCT050115-15,0.0400,87.18,yes
2026-10-05T05:14:29.881092Z,KXBTC15M-26OCT050115-15,0.0400,10.00,yes
2026-10-05T05:14:29.881092Z,KXBTC15M-26OCT050115-15,0.0410,0.47,yes
2026-10-05T05:14:29.89489Z,KXBTC15M-26OCT050115-15,0.0370,5.06,yes
2026-10-05T05:14:29.898858Z,KXBTC15M-26OCT050115-15,0.0350,99.99,no
2026-10-05T05:14:29.898858Z,KXBTC15M-26OCT050115-15,0.0350,0.01,no
2026-10-05T05:14:29.911287Z,KXBTC15M-26OCT050115-15,0.0360,31.42,yes
2026-10-05T05:14:29.911652Z,KXBTC15M-26OCT050115-15,0.0360,10.00,yes
2026-10-05T05:14:29.911657Z,KXBTC15M-26OCT050115-15,0.0360,1.00,yes
2026-10-05T05:14:29.913911Z,KXBTC15M-26OCT050115-15,0.0360,5.72,yes
2026-10-05T05:14:29.918563Z,KXBTC15M-26OCT050115-15,0.0340,9.00,no
2026-10-05T05:14:29.918563Z,KXBTC15M-26OCT050115-15,0.0330,9.00,no
2026-10-05T05:14:29.918563Z,KXBTC15M-26OCT050115-15,0.0320,9.00,no
2026-10-05T05:14:29.918563Z,KXBTC15M-26OCT050115-15,0.0310,9.00,no
2026-10-05T05:14:29.918563Z,KXBTC15M-26OCT050115-15,0.0300,242.02,no
2026-10-05T05:14:29.918563Z,KXBTC15M-26OCT050115-15,0.0310,14.76,no
2026-10-05T05:14:29.918563Z,KXBTC15M-26OCT050115-15,0.0330,1.00,no
2026-10-05T05:14:29.918563Z,KXBTC15M-26OCT050115-15,0.0340,1.00,no
2026-10-05T05:14:29.918563Z,KXBTC15M-26OCT050115-15,0.0320,1.00,no
2026-10-05T05:14:29.918563Z,KXBTC15M-26OCT050115-15,0.0310,1.00,no
2026-10-05T05:14:29.918563Z,KXBTC15M-26OCT050115-15,0.0320,15.00,no
2026-10-05T05:14:29.918563Z,KXBTC15M-26OCT050115-15,0.0350,0.01,no
2026-10-05T05:14:29.918563Z,KXBTC15M-26OCT050115-15,0.0350,0.01,no
2026-10-05T05:14:29.918563Z,KXBTC15M-26OCT050115-15,0.0340,0.01,no
2026-10-05T05:14:29.918563Z,KXBTC15M-26OCT050115-15,0.0310,10.00,no
2026-10-05T05:14:29.919343Z,KXBTC15M-26OCT050115-15,0.0360,0.55,yes
2026-10-05T05:14:29.921282Z,KXBTC15M-26OCT050115-15,0.0350,22.89,yes
2026-10-05T05:14:29.931254Z,KXBTC15M-26OCT050115-15,0.0330,36.45,yes
2026-10-05T05:14:29.931934Z,KXBTC15M-26OCT050115-15,0.0330,37.83,yes
2026-10-05T05:14:29.943159Z,KXBTC15M-26OCT050115-15,0.0300,1.00,no
2026-10-05T05:14:29.952555Z,KXBTC15M-26OCT050115-15,0.0330,17.89,yes
2026-10-05T05:14:29.953801Z,KXBTC15M-26OCT050115-15,0.0330,2.14,yes
2026-10-05T05:14:29.96807Z,KXBTC15M-26OCT050115-15,0.0330,16.22,yes
2026-10-05T05:14:29.96807Z,KXBTC15M-26OCT050115-15,0.0310,6.30,yes
2026-10-05T05:14:29.969072Z,KXBTC15M-26OCT050115-15,0.0330,480.00,yes
2026-10-05T05:14:29.970286Z,KXBTC15M-26OCT050115-15,0.0330,30.00,yes
2026-10-05T05:14:29.972343Z,KXBTC15M-26OCT050115-15,0.0320,2.00,yes
2026-10-05T05:14:29.972833Z,KXBTC15M-26OCT050115-15,0.0320,5.27,yes
2026-10-05T05:14:29.980977Z,KXBTC15M-26OCT050115-15,0.0310,10.16,no
2026-10-05T05:14:29.981025Z,KXBTC15M-26OCT050115-15,0.0310,5.59,no
2026-10-05T05:14:29.981289Z,KXBTC15M-26OCT050115-15,0.0310,0.01,no
2026-10-05T05:14:30.004317Z,KXBTC15M-26OCT050115-15,0.0300,24.94,no
2026-10-05T05:14:30.004317Z,KXBTC15M-26OCT050115-15,0.0300,1.00,no
2026-10-05T05:14:30.004317Z,KXBTC15M-26OCT050115-15,0.0300,16.98,no
2026-10-05T05:14:30.004317Z,KXBTC15M-26OCT050115-15,0.0300,40.00,no
2026-10-05T05:14:30.004317Z,KXBTC15M-26OCT050115-15,0.0300,1.00,no
2026-10-05T05:14:30.004317Z,KXBTC15M-26OCT050115-15,0.0300,4.00,no
2026-10-05T05:14:30.004317Z,KXBTC15M-26OCT050115-15,0.0300,13.75,no
2026-10-05T05:14:30.004317Z,KXBTC15M-26OCT050115-15,0.0310,0.01,no
2026-10-05T05:14:30.004317Z,KXBTC15M-26OCT050115-15,0.0310,0.01,no
2026-10-05T05:14:30.017813Z,KXBTC15M-26OCT050115-15,0.0310,2.11,yes
2026-10-05T05:14:30.019815Z,KXBTC15M-26OCT050115-15,0.0300,55.86,no
2026-10-05T05:14:30.020959Z,KXBTC15M-26OCT050115-15,0.0300,2.00,no
2026-10-05T05:14:30.029141Z,KXBTC15M-26OCT050115-15,0.0310,53.99,yes
2026-10-05T05:14:30.029141Z,KXBTC15M-26OCT050115-15,0.0310,0.01,yes
2026-10-05T05:14:30.032085Z,KXBTC15M-26OCT050115-15,0.0310,21.86,yes
2026-10-05T05:14:30.033586Z,KXBTC15M-26OCT050115-15,0.0310,66.35,yes
2026-10-05T05:14:30.043243Z,KXBTC15M-26OCT050115-15,0.0300,4.75,no
2026-10-05T05:14:30.065894Z,KXBTC15M-26OCT050115-15,0.0310,22.85,yes
2026-10-05T05:14:30.068578Z,KXBTC15M-26OCT050115-15,0.0310,15.71,yes
2026-10-05T05:14:30.075249Z,KXBTC15M-26OCT050115-15,0.0310,0.01,yes
2026-10-05T05:14:30.075249Z,KXBTC15M-26OCT050115-15,0.0310,5.24,yes
2026-10-05T05:14:30.075249Z,KXBTC15M-26OCT050115-15,0.0310,6.19,yes
2026-10-05T05:14:30.075249Z,KXBTC15M-26OCT050115-15,0.0310,35.07,yes
2026-10-05T05:14:30.077298Z,KXBTC15M-26OCT050115-15,0.0320,0.01,yes
2026-10-05T05:14:30.077298Z,KXBTC15M-26OCT050115-15,0.0310,0.01,yes
2026-10-05T05:14:30.077298Z,KXBTC15M-26OCT050115-15,0.0310,88.21,yes
2026-10-05T05:14:30.077298Z,KXBTC15M-26OCT050115-15,0.0320,11.00,yes
2026-10-05T05:14:30.077298Z,KXBTC15M-26OCT050115-15,0.0310,18.92,yes
2026-10-05T05:14:30.077298Z,KXBTC15M-26OCT050115-15,0.0310,22.85,yes
2026-10-05T05:14:30.077298Z,KXBTC15M-26OCT050115-15,0.0330,917.03,yes
2026-10-05T05:14:30.077298Z,KXBTC15M-26OCT050115-15,0.0310,500.00,yes
2026-10-05T05:14:30.077298Z,KXBTC15M-26OCT050115-15,0.0320,0.01,yes
2026-10-05T05:14:30.077298Z,KXBTC15M-26OCT050115-15,0.0320,237.62,yes
2026-10-05T05:14:30.078552Z,KXBTC15M-26OCT050115-15,0.0300,1.12,no
2026-10-05T05:14:30.081817Z,KXBTC15M-26OCT050115-15,0.0300,24.40,no
2026-10-05T05:14:30.082023Z,KXBTC15M-26OCT050115-15,0.0310,15.71,yes
2026-10-05T05:14:30.082023Z,KXBTC15M-26OCT050115-15,0.0370,3.26,yes
2026-10-05T05:14:30.082023Z,KXBTC15M-26OCT050115-15,0.0350,1.00,yes
2026-10-05T05:14:30.084452Z,KXBTC15M-26OCT050115-15,0.0320,11.00,yes
2026-10-05T05:14:30.084452Z,KXBTC15M-26OCT050115-15,0.0310,0.01,yes
2026-10-05T05:14:30.084452Z,KXBTC15M-26OCT050115-15,0.0310,0.01,yes
2026-10-05T05:14:30.084452Z,KXBTC15M-26OCT050115-15,0.0370,12.40,yes
2026-10-05T05:14:30.087194Z,KXBTC15M-26OCT050115-15,0.0320,45.74,yes
2026-10-05T05:14:30.087194Z,KXBTC15M-26OCT050115-15,0.0320,1.11,yes
2026-10-05T05:14:30.088152Z,KXBTC15M-26OCT050115-15,0.0320,21.79,yes
2026-10-05T05:14:30.0886Z,KXBTC15M-26OCT050115-15,0.0320,68.56,yes
2026-10-05T05:14:30.096634Z,KXBTC15M-26OCT050115-15,0.0350,0.01,yes
2026-10-05T05:14:30.096634Z,KXBTC15M-26OCT050115-15,0.0360,10.00,yes
2026-10-05T05:14:30.096634Z,KXBTC15M-26OCT050115-15,0.0350,0.01,yes
2026-10-05T05:14:30.096634Z,KXBTC15M-26OCT050115-15,0.0370,12.83,yes
2026-10-05T05:14:30.103212Z,KXBTC15M-26OCT050115-15,0.0340,22.85,yes
2026-10-05T05:14:30.107499Z,KXBTC15M-26OCT050115-15,0.0320,23.00,no
2026-10-05T05:14:30.109458Z,KXBTC15M-26OCT050115-15,0.0360,0.19,yes
2026-10-05T05:14:30.114576Z,KXBTC15M-26OCT050115-15,0.0320,20.33,no
2026-10-05T05:14:30.117324Z,KXBTC15M-26OCT050115-15,0.0320,9.00,no
2026-10-05T05:14:30.117572Z,KXBTC15M-26OCT050115-15,0.0300,25.00,no
2026-10-05T05:14:30.117572Z,KXBTC15M-26OCT050115-15,0.0300,86.93,no
2026-10-05T05:14:30.117572Z,KXBTC15M-26OCT050115-15,0.0320,150.00,no
2026-10-05T05:14:30.117572Z,KXBTC15M-26OCT050115-15,0.0320,10.00,no
2026-10-05T05:14:30.117572Z,KXBTC15M-26OCT050115-15,0.0320,97.67,no
2026-10-05T05:14:30.117572Z,KXBTC15M-26OCT050115-15,0.0310,385.22,no
2026-10-05T05:14:30.117572Z,KXBTC15M-26OCT050115-15,0.0320,0.01,no
2026-10-05T05:14:30.117572Z,KXBTC15M-26OCT050115-15,0.0320,150.00,no
2026-10-05T05:14:30.117572Z,KXBTC15M-26OCT050115-15,0.0300,12.42,no
2026-10-05T05:14:30.117572Z,KXBTC15M-26OCT050115-15,0.0300,7.17,no
2026-10-05T05:14:30.117572Z,KXBTC15M-26OCT050115-15,0.0300,17.92,no
2026-10-05T05:14:30.117572Z,KXBTC15M-26OCT050115-15,0.0300,1.38,no
2026-10-05T05:14:30.117572Z,KXBTC15M-26OCT050115-15,0.0300,3.00,no
2026-10-05T05:14:30.117572Z,KXBTC15M-26OCT050115-15,0.0300,16.75,no
2026-10-05T05:14:30.117572Z,KXBTC15M-26OCT050115-15,0.0300,36.53,no
2026-10-05T05:14:30.130863Z,KXBTC15M-26OCT050115-15,0.0310,17.39,yes
2026-10-05T05:14:30.144801Z,KXBTC15M-26OCT050115-15,0.0300,0.04,no
2026-10-05T05:14:30.156723Z,KXBTC15M-26OCT050115-15,0.0310,0.01,yes
2026-10-05T05:14:30.156723Z,KXBTC15M-26OCT050115-15,0.0310,40.97,yes
2026-10-05T05:14:30.156723Z,KXBTC15M-26OCT050115-15,0.0310,2.61,yes
2026-10-05T05:14:30.157519Z,KXBTC15M-26OCT050115-15,0.0300,8.26,no
2026-10-05T05:14:30.157519Z,KXBTC15M-26OCT050115-15,0.0300,10.00,no
2026-10-05T05:14:30.157519Z,KXBTC15M-26OCT050115-15,0.0300,3.07,no
2026-10-05T05:14:30.157519Z,KXBTC15M-26OCT050115-15,0.0300,8.97,no
2026-10-05T05:14:30.157519Z,KXBTC15M-26OCT050115-15,0.0300,20.54,no
2026-10-05T05:14:30.157644Z,KXBTC15M-26OCT050115-15,0.0310,16.00,yes
2026-10-05T05:14:30.15847Z,KXBTC15M-26OCT050115-15,0.0310,37.96,yes
2026-10-05T05:14:30.170864Z,KXBTC15M-26OCT050115-15,0.0300,120.77,no
2026-10-05T05:14:30.170864Z,KXBTC15M-26OCT050115-15,0.0300,0.01,no
2026-10-05T05:14:30.170864Z,KXBTC15M-26OCT050115-15,0.0300,0.01,no
2026-10-05T05:14:30.170864Z,KXBTC15M-26OCT050115-15,0.0300,12.47,no
2026-10-05T05:14:30.170864Z,KXBTC15M-26OCT050115-15,0.0300,64.72,no
2026-10-05T05:14:30.170864Z,KXBTC15M-26OCT050115-15,0.0300,4.24,no
2026-10-05T05:14:30.17622Z,KXBTC15M-26OCT050115-15,0.0300,20.00,no
2026-10-05T05:14:30.205836Z,KXBTC15M-26OCT050115-15,0.0310,0.01,yes
2026-10-05T05:14:30.205836Z,KXBTC15M-26OCT050115-15,0.0360,73.36,yes
2026-10-05T05:14:30.205836Z,KXBTC15M-26OCT050115-15,0.0310,0.01,yes
2026-10-05T05:14:30.214018Z,KXBTC15M-26OCT050115-15,0.0360,375.41,yes
2026-10-05T05:14:30.231513Z,KXBTC15M-26OCT050115-15,0.0350,21.00,no
2026-10-05T05:14:30.234845Z,KXBTC15M-26OCT050115-15,0.0360,10.00,yes
2026-10-05T05:14:30.234845Z,KXBTC15M-26OCT050115-15,0.0360,53.05,yes
2026-10-05T05:14:30.234845Z,KXBTC15M-26OCT050115-15,0.0360,51.23,yes
2026-10-05T05:14:30.2364Z,KXBTC15M-26OCT050115-15,0.0360,132.95,yes
2026-10-05T05:14:30.2364Z,KXBTC15M-26OCT050115-15,0.0360,81.96,yes
2026-10-05T05:14:30.242533Z,KXBTC15M-26OCT050115-15,0.0350,103.03,no
2026-10-05T05:14:30.250044Z,KXBTC15M-26OCT050115-15,0.0360,22.15,yes
2026-10-05T05:14:30.250044Z,KXBTC15M-26OCT050115-15,0.0360,53.05,yes
2026-10-05T05:14:30.250044Z,KXBTC15M-26OCT050115-15,0.0360,10.00,yes
2026-10-05T05:14:30.254478Z,KXBTC15M-26OCT050115-15,0.0360,90.08,yes
2026-10-05T05:14:30.268398Z,KXBTC15M-26OCT050115-15,0.0290,0.07,no
2026-10-05T05:14:30.268398Z,KXBTC15M-26OCT050115-15,0.0290,4.00,no
2026-10-05T05:14:30.268398Z,KXBTC15M-26OCT050115-15,0.0350,0.01,no
2026-10-05T05:14:30.268398Z,KXBTC15M-26OCT050115-15,0.0310,0.01,no
2026-10-05T05:14:30.268398Z,KXBTC15M-26OCT050115-15,0.0310,0.01,no
2026-10-05T05:14:30.268398Z,KXBTC15M-26OCT050115-15,0.0350,0.01,no
2026-10-05T05:14:30.268607Z,KXBTC15M-26OCT050115-15,0.0360,1.77,yes
2026-10-05T05:14:30.285053Z,KXBTC15M-26OCT050115-15,0.0340,27.81,yes
2026-10-05T05:14:30.292772Z,KXBTC15M-26OCT050115-15,0.0340,25.00,yes
2026-10-05T05:14:30.293295Z,KXBTC15M-26OCT050115-15,0.0340,0.05,yes
2026-10-05T05:14:30.295128Z,KXBTC15M-26OCT050115-15,0.0330,1.47,yes
2026-10-05T05:14:30.319754Z,KXBTC15M-26OCT050115-15,0.0320,1.00,yes
2026-10-05T05:14:30.32823Z,KXBTC15M-26OCT050115-15,0.0320,73.99,yes
2026-10-05T05:14:30.332537Z,KXBTC15M-26OCT050115-15,0.0320,0.01,yes
2026-10-05T05:14:30.332537Z,KXBTC15M-26OCT050115-15,0.0320,200.00,yes
2026-10-05T05:14:30.332537Z,KXBTC15M-26OCT050115-15,0.0330,354.25,yes
2026-10-05T05:14:30.332537Z,KXBTC15M-26OCT050115-15,0.0330,105.00,yes
2026-10-05T05:14:30.332537Z,KXBTC15M-26OCT050115-15,0.0320,111.01,yes
2026-10-05T05:14:30.332537Z,KXBTC15M-26OCT050115-15,0.0320,11.00,yes
2026-10-05T05:14:30.332537Z,KXBTC15M-26OCT050115-15,0.0340,1297.04,yes
2026-10-05T05:14:30.332537Z,KXBTC15M-26OCT050115-15,0.0320,1.00,yes
2026-10-05T05:14:30.332537Z,KXBTC15M-26OCT050115-15,0.0330,0.01,yes
2026-10-05T05:14:30.333229Z,KXBTC15M-26OCT050115-15,0.0340,625.00,yes
2026-10-05T05:14:30.336883Z,KXBTC15M-26OCT050115-15,0.0320,47.56,yes
2026-10-05T05:14:30.337338Z,KXBTC15M-26OCT050115-15,0.0320,5.69,yes
2026-10-05T05:14:30.342962Z,KXBTC15M-26OCT050115-15,0.0360,10.00,yes
2026-10-05T05:14:30.342962Z,KXBTC15M-26OCT050115-15,0.0350,1.03,yes
2026-10-05T05:14:30.342962Z,KXBTC15M-26OCT050115-15,0.0340,11.00,yes
2026-10-05T05:14:30.342962Z,KXBTC15M-26OCT050115-15,0.0360,138.97,yes
2026-10-05T05:14:30.342962Z,KXBTC15M-26OCT050115-15,0.0330,11.00,yes
2026-10-05T05:14:30.349407Z,KXBTC15M-26OCT050115-15,0.0320,1.15,yes
2026-10-05T05:14:30.355664Z,KXBTC15M-26OCT050115-15,0.0320,56.76,yes
2026-10-05T05:14:30.365413Z,KXBTC15M-26OCT050115-15,0.0310,2422.69,no
2026-10-05T05:14:30.368014Z,KXBTC15M-26OCT050115-15,0.0320,1.13,yes
2026-10-05T05:14:30.380003Z,KXBTC15M-26OCT050115-15,0.0320,40.84,yes
2026-10-05T05:14:30.405919Z,KXBTC15M-26OCT050115-15,0.0320,133.81,yes
2026-10-05T05:14:30.423112Z,KXBTC15M-26OCT050115-15,0.0320,10.22,yes
2026-10-05T05:14:30.423112Z,KXBTC15M-26OCT050115-15,0.0320,14.93,yes
2026-10-05T05:14:30.423112Z,KXBTC15M-26OCT050115-15,0.0320,0.01,yes
2026-10-05T05:14:30.445493Z,KXBTC15M-26OCT050115-15,0.0320,18.87,yes
2026-10-05T05:14:30.452161Z,KXBTC15M-26OCT050115-15,0.0320,0.24,yes
2026-10-05T05:14:30.455851Z,KXBTC15M-26OCT050115-15,0.0320,71.97,yes
2026-10-05T05:14:30.461299Z,KXBTC15M-26OCT050115-15,0.0320,1.73,yes
2026-10-05T05:14:30.464845Z,KXBTC15M-26OCT050115-15,0.0320,15.38,yes
2026-10-05T05:14:30.469961Z,KXBTC15M-26OCT050115-15,0.0320,291.19,yes
2026-10-05T05:14:30.477737Z,KXBTC15M-26OCT050115-15,0.0310,0.01,no
2026-10-05T05:14:30.477737Z,KXBTC15M-26OCT050115-15,0.0310,0.01,no
2026-10-05T05:14:30.477737Z,KXBTC15M-26OCT050115-15,0.0300,12.32,no
2026-10-05T05:14:30.489753Z,KXBTC15M-26OCT050115-15,0.0300,27.77,no
2026-10-05T05:14:30.490124Z,KXBTC15M-26OCT050115-15,0.0310,150.00,yes
2026-10-05T05:14:30.490124Z,KXBTC15M-26OCT050115-15,0.0310,72.77,yes
2026-10-05T05:14:30.497494Z,KXBTC15M-26OCT050115-15,0.0280,1.00,no
2026-10-05T05:14:30.497494Z,KXBTC15M-26OCT050115-15,0.0290,0.93,no
2026-10-05T05:14:30.497494Z,KXBTC15M-26OCT050115-15,0.0280,4.00,no
2026-10-05T05:14:30.497494Z,KXBTC15M-26OCT050115-15,0.0300,0.01,no
2026-10-05T05:14:30.497494Z,KXBTC15M-26OCT050115-15,0.0300,0.01,no
2026-10-05T05:14:30.497494Z,KXBTC15M-26OCT050115-15,0.0300,9.91,no
2026-10-05T05:14:30.497494Z,KXBTC15M-26OCT050115-15,0.0280,3.18,no
2026-10-05T05:14:30.511241Z,KXBTC15M-26OCT050115-15,0.0310,3.02,yes
2026-10-05T05:14:30.511445Z,KXBTC15M-26OCT050115-15,0.0310,23.72,yes
2026-10-05T05:14:30.525987Z,KXBTC15M-26OCT050115-15,0.0310,4.00,yes
2026-10-05T05:14:30.535029Z,KXBTC15M-26OCT050115-15,0.0310,46.49,yes
2026-10-05T05:14:30.535029Z,KXBTC15M-26OCT050115-15,0.0310,104.32,yes
2026-10-05T05:14:30.536374Z,KXBTC15M-26OCT050115-15,0.0310,24.08,yes
2026-10-05T05:14:30.551959Z,KXBTC15M-26OCT050115-15,0.0300,5.44,no
2026-10-05T05:14:30.551959Z,KXBTC15M-26OCT050115-15,0.0300,0.01,no
2026-10-05T05:14:30.551959Z,KXBTC15M-26OCT050115-15,0.0300,0.01,no
2026-10-05T05:14:30.555274Z,KXBTC15M-26OCT050115-15,0.0310,104.75,yes
2026-10-05T05:14:30.555274Z,KXBTC15M-26OCT050115-15,0.0310,21.60,yes
2026-10-05T05:14:30.579183Z,KXBTC15M-26OCT050115-15,0.0310,150.00,yes
2026-10-05T05:14:30.579183Z,KXBTC15M-26OCT050115-15,0.0310,0.01,yes
2026-10-05T05:14:30.579183Z,KXBTC15M-26OCT050115-15,0.0310,97.73,yes
2026-10-05T05:14:30.579183Z,KXBTC15M-26OCT050115-15,0.0310,12.00,yes
2026-10-05T05:14:30.579183Z,KXBTC15M-26OCT050115-15,0.0310,150.00,yes
2026-10-05T05:14:30.579183Z,KXBTC15M-26OCT050115-15,0.0310,45.25,yes
2026-10-05T05:14:30.579183Z,KXBTC15M-26OCT050115-15,0.0310,0.01,yes
2026-10-05T05:14:30.584882Z,KXBTC15M-26OCT050115-15,0.0310,3.52,yes
2026-10-05T05:14:30.585539Z,KXBTC15M-26OCT050115-15,0.0310,28.38,yes
2026-10-05T05:14:30.596997Z,KXBTC15M-26OCT050115-15,0.0300,44.56,no
2026-10-05T05:14:30.596997Z,KXBTC15M-26OCT050115-15,0.0300,0.01,no
2026-10-05T05:14:30.596997Z,KXBTC15M-26OCT050115-15,0.0280,54.85,no
2026-10-05T05:14:30.596997Z,KXBTC15M-26OCT050115-15,0.0300,0.01,no
2026-10-05T05:14:30.607804Z,KXBTC15M-26OCT050115-15,0.0280,14.81,no
2026-10-05T05:14:30.611716Z,KXBTC15M-26OCT050115-15,0.0310,0.49,yes
2026-10-05T05:14:30.614924Z,KXBTC15M-26OCT050115-15,0.0310,60.41,yes
2026-10-05T05:14:30.621752Z,KXBTC15M-26OCT050115-15,0.0310,9.47,yes
2026-10-05T05:14:30.621752Z,KXBTC15M-26OCT050115-15,0.0310,32.40,yes
2026-10-05T05:14:30.636037Z,KXBTC15M-26OCT050115-15,0.0310,10.05,yes
2026-10-05T05:14:30.637478Z,KXBTC15M-26OCT050115-15,0.0280,9.06,no
2026-10-05T05:14:30.639606Z,KXBTC15M-26OCT050115-15,0.0310,67.45,yes
2026-10-05T05:14:30.641427Z,KXBTC15M-26OCT050115-15,0.0280,15.01,no
2026-10-05T05:14:30.646361Z,KXBTC15M-26OCT050115-15,0.0310,25.00,yes
2026-10-05T05:14:30.654678Z,KXBTC15M-26OCT050115-15,0.0310,7.44,yes
2026-10-05T05:14:30.655698Z,KXBTC15M-26OCT050115-15,0.0310,114.28,yes
2026-10-05T05:14:30.677859Z,KXBTC15M-26OCT050115-15,0.0310,18.26,yes
2026-10-05T05:14:30.677898Z,KXBTC15M-26OCT050115-15,0.0310,153.28,yes
2026-10-05T05:14:30.682276Z,KXBTC15M-26OCT050115-15,0.0280,137.00,no
2026-10-05T05:14:30.69845Z,KXBTC15M-26OCT050115-15,0.0270,1.00,no
2026-10-05T05:14:30.69845Z,KXBTC15M-26OCT050115-15,0.0240,1.00,no
2026-10-05T05:14:30.69845Z,KXBTC15M-26OCT050115-15,0.0230,1.00,no
2026-10-05T05:14:30.69845Z,KXBTC15M-26OCT050115-15,0.0250,1.00,no
2026-10-05T05:14:30.69845Z,KXBTC15M-26OCT050115-15,0.0260,1.00,no
2026-10-05T05:14:30.69845Z,KXBTC15M-26OCT050115-15,0.0230,6.00,no
2026-10-05T05:14:30.69845Z,KXBTC15M-26OCT050115-15,0.0270,4.00,no
2026-10-05T05:14:30.69845Z,KXBTC15M-26OCT050115-15,0.0250,6.00,no
2026-10-05T05:14:30.69845Z,KXBTC15M-26OCT050115-15,0.0260,4.00,no
2026-10-05T05:14:30.69845Z,KXBTC15M-26OCT050115-15,0.0240,6.00,no
2026-10-05T05:14:30.69845Z,KXBTC15M-26OCT050115-15,0.0280,0.01,no
2026-10-05T05:14:30.69845Z,KXBTC15M-26OCT050115-15,0.0280,144.00,no
2026-10-05T05:14:30.69845Z,KXBTC15M-26OCT050115-15,0.0240,10.00,no
2026-10-05T05:14:30.69845Z,KXBTC15M-26OCT050115-15,0.0280,0.01,no
2026-10-05T05:14:30.69845Z,KXBTC15M-26OCT050115-15,0.0230,319.55,no
2026-10-05T05:14:30.698802Z,KXBTC15M-26OCT050115-15,0.0230,2.00,no
2026-10-05T05:14:30.70025Z,KXBTC15M-26OCT050115-15,0.0310,11.33,yes
2026-10-05T05:14:30.702585Z,KXBTC15M-26OCT050115-15,0.0230,69.50,no
2026-10-05T05:14:30.704014Z,KXBTC15M-26OCT050115-15,0.0290,15.00,yes
2026-10-05T05:14:30.72223Z,KXBTC15M-26OCT050115-15,0.0290,82.90,yes
2026-10-05T05:14:30.72223Z,KXBTC15M-26OCT050115-15,0.0280,1.03,yes
2026-10-05T05:14:30.728634Z,KXBTC15M-26OCT050115-15,0.0290,44.00,yes
2026-10-05T05:14:30.728634Z,KXBTC15M-26OCT050115-15,0.0280,0.01,yes
2026-10-05T05:14:30.728634Z,KXBTC15M-26OCT050115-15,0.0280,0.01,yes
2026-10-05T05:14:30.728634Z,KXBTC15M-26OCT050115-15,0.0280,12.00,yes
2026-10-05T05:14:30.735774Z,KXBTC15M-26OCT050115-15,0.0270,10.13,no
2026-10-05T05:14:30.735774Z,KXBTC15M-26OCT050115-15,0.0270,0.01,no
2026-10-05T05:14:30.74279Z,KXBTC15M-26OCT050115-15,0.0280,16.08,yes
2026-10-05T05:14:30.74279Z,KXBTC15M-26OCT050115-15,0.0280,0.01,yes
2026-10-05T05:14:30.74279Z,KXBTC15M-26OCT050115-15,0.0280,0.01,yes
2026-10-05T05:14:30.74279Z,KXBTC15M-26OCT050115-15,0.0280,12.00,yes
2026-10-05T05:14:30.751442Z,KXBTC15M-26OCT050115-15,0.0280,44.63,yes
2026-10-05T05:14:30.753181Z,KXBTC15M-26OCT050115-15,0.0290,11.05,yes
2026-10-05T05:14:30.753181Z,KXBTC15M-26OCT050115-15,0.0280,12.00,yes
2026-10-05T05:14:30.753181Z,KXBTC15M-26OCT050115-15,0.0280,0.01,yes
2026-10-05T05:14:30.753181Z,KXBTC15M-26OCT050115-15,0.0280,0.01,yes
2026-10-05T05:14:30.753181Z,KXBTC15M-26OCT050115-15,0.0280,123.52,yes
2026-10-05T05:14:30.756771Z,KXBTC15M-26OCT050115-15,0.0290,23.40,yes
2026-10-05T05:14:30.765396Z,KXBTC15M-26OCT050115-15,0.0270,23.42,no
2026-10-05T05:14:30.775538Z,KXBTC15M-26OCT050115-15,0.0270,108.35,no
2026-10-05T05:14:30.777882Z,KXBTC15M-26OCT050115-15,0.0290,103.94,yes
2026-10-05T05:14:30.78737Z,KXBTC15M-26OCT050115-15,0.0290,255.98,yes
2026-10-05T05:14:30.804576Z,KXBTC15M-26OCT050115-15,0.0290,25.07,yes
2026-10-05T05:14:30.805241Z,KXBTC15M-26OCT050115-15,0.0290,53.42,yes
2026-10-05T05:14:30.810197Z,KXBTC15M-26OCT050115-15,0.0220,3.00,no
2026-10-05T05:14:30.810197Z,KXBTC15M-26OCT050115-15,0.0220,1.00,no
2026-10-05T05:14:30.810197Z,KXBTC15M-26OCT050115-15,0.0270,0.01,no
2026-10-05T05:14:30.810197Z,KXBTC15M-26OCT050115-15,0.0270,0.01,no
2026-10-05T05:14:30.810197Z,KXBTC15M-26OCT050115-15,0.0220,15.05,no
2026-10-05T05:14:30.810197Z,KXBTC15M-26OCT050115-15,0.0230,1.00,no
2026-10-05T05:14:30.817071Z,KXBTC15M-26OCT050115-15,0.0290,53.42,yes
2026-10-05T05:14:30.818623Z,KXBTC15M-26OCT050115-15,0.0290,46.34,yes
2026-10-05T05:14:30.837973Z,KXBTC15M-26OCT050115-15,0.0290,3.00,yes
2026-10-05T05:14:30.852942Z,KXBTC15M-26OCT050115-15,0.0290,40.61,yes
2026-10-05T05:14:30.86562Z,KXBTC15M-26OCT050115-15,0.0280,20.70,no
2026-10-05T05:14:30.879374Z,KXBTC15M-26OCT050115-15,0.0290,5.31,yes
2026-10-05T05:14:30.894921Z,KXBTC15M-26OCT050115-15,0.0290,4.18,yes
2026-10-05T05:14:30.896718Z,KXBTC15M-26OCT050115-15,0.0290,5.00,yes
2026-10-05T05:14:30.915859Z,KXBTC15M-26OCT050115-15,0.0290,31.18,yes
2026-10-05T05:14:30.916386Z,KXBTC15M-26OCT050115-15,0.0290,15.72,yes
2026-10-05T05:14:30.922378Z,KXBTC15M-26OCT050115-15,0.0290,25.07,yes
2026-10-05T05:14:30.927464Z,KXBTC15M-26OCT050115-15,0.0290,120.83,yes
2026-10-05T05:14:30.932828Z,KXBTC15M-26OCT050115-15,0.0280,46.20,no
2026-10-05T05:14:30.935644Z,KXBTC15M-26OCT050115-15,0.0280,2.05,no
2026-10-05T05:14:30.936895Z,KXBTC15M-26OCT050115-15,0.0280,5.07,no
2026-10-05T05:14:30.951383Z,KXBTC15M-26OCT050115-15,0.0290,322.58,yes
2026-10-05T05:14:30.955248Z,KXBTC15M-26OCT050115-15,0.0280,2.05,no
2026-10-05T05:14:30.96066Z,KXBTC15M-26OCT050115-15,0.0200,25.00,no
2026-10-05T05:14:30.96066Z,KXBTC15M-26OCT050115-15,0.0200,1.00,no
2026-10-05T05:14:30.96066Z,KXBTC15M-26OCT050115-15,0.0200,12.30,no
2026-10-05T05:14:30.96066Z,KXBTC15M-26OCT050115-15,0.0200,200.00,no
2026-10-05T05:14:30.96066Z,KXBTC15M-26OCT050115-15,0.0210,27.00,no
2026-10-05T05:14:30.96066Z,KXBTC15M-26OCT050115-15,0.0200,3.00,no
2026-10-05T05:14:30.96066Z,KXBTC15M-26OCT050115-15,0.0210,3.00,no
2026-10-05T05:14:30.96066Z,KXBTC15M-26OCT050115-15,0.0210,1.00,no
2026-10-05T05:14:30.96066Z,KXBTC15M-26OCT050115-15,0.0200,1.00,no
2026-10-05T05:14:30.96066Z,KXBTC15M-26OCT050115-15,0.0200,44.25,no
2026-10-05T05:14:30.96066Z,KXBTC15M-26OCT050115-15,0.0200,22.00,no
2026-10-05T05:14:30.96066Z,KXBTC15M-26OCT050115-15,0.0200,1.00,no
2026-10-05T05:14:30.96066Z,KXBTC15M-26OCT050115-15,0.0200,260.00,no
2026-10-05T05:14:30.96066Z,KXBTC15M-26OCT050115-15,0.0220,291.95,no
2026-10-05T05:14:30.96066Z,KXBTC15M-26OCT050115-15,0.0200,1.00,no
2026-10-05T05:14:30.96066Z,KXBTC15M-26OCT050115-15,0.0230,10.00,no
2026-10-05T05:14:30.96066Z,KXBTC15M-26OCT050115-15,0.0220,306.00,no
2026-10-05T05:14:30.96066Z,KXBTC15M-26OCT050115-15,0.0280,0.01,no
2026-10-05T05:14:30.96066Z,KXBTC15M-26OCT050115-15,0.0200,684.09,no
2026-10-05T05:14:30.96066Z,KXBTC15M-26OCT050115-15,0.0280,0.01,no
2026-10-05T05:14:30.96066Z,KXBTC15M-26OCT050115-15,0.0200,15.00,no
2026-10-05T05:14:30.96066Z,KXBTC15M-26OCT050115-15,0.0280,279.14,no
2026-10-05T05:14:30.96066Z,KXBTC15M-26OCT050115-15,0.0210,500.00,no
2026-10-05T05:14:30.96066Z,KXBTC15M-26OCT050115-15,0.0200,0.83,no
2026-10-05T05:14:30.96066Z,KXBTC15M-26OCT050115-15,0.0200,8.23,no
2026-10-05T05:14:30.96066Z,KXBTC15M-26OCT050115-15,0.0200,40.60,no
2026-10-05T05:14:30.96066Z,KXBTC15M-26OCT050115-15,0.0200,6.35,no
2026-10-05T05:14:30.96066Z,KXBTC15M-26OCT050115-15,0.0200,2.00,no
2026-10-05T05:14:30.96066Z,KXBTC15M-26OCT050115-15,0.0200,169.88,no
2026-10-05T05:14:30.96066Z,KXBTC15M-26OCT050115-15,0.0200,18.26,no
2026-10-05T05:14:30.96066Z,KXBTC15M-26OCT050115-15,0.0200,7.30,no
2026-10-05T05:14:30.963206Z,KXBTC15M-26OCT050115-15,0.0200,2.45,no
2026-10-05T05:14:31.004683Z,KXBTC15M-26OCT050115-15,0.0290,200.00,yes
2026-10-05T05:14:31.007471Z,KXBTC15M-26OCT050115-15,0.0290,24.08,yes
2026-10-05T05:14:31.009802Z,KXBTC15M-26OCT050115-15,0.0280,0.01,no
2026-10-05T05:14:31.009802Z,KXBTC15M-26OCT050115-15,0.0280,64.98,no
2026-10-05T05:14:31.009802Z,KXBTC15M-26OCT050115-15,0.0280,0.01,no
2026-10-05T05:14:31.037333Z,KXBTC15M-26OCT050115-15,0.0290,30.20,yes
2026-10-05T05:14:31.048706Z,KXBTC15M-26OCT050115-15,0.0280,162.67,no
2026-10-05T05:14:31.049856Z,KXBTC15M-26OCT050115-15,0.0290,62.84,yes
2026-10-05T05:14:31.061186Z,KXBTC15M-26OCT050115-15,0.0280,0.01,no
2026-10-05T05:14:31.061186Z,KXBTC15M-26OCT050115-15,0.0210,88.53,no
2026-10-05T05:14:31.067156Z,KXBTC15M-26OCT050115-15,0.0290,23.93,yes
2026-10-05T05:14:31.075168Z,KXBTC15M-26OCT050115-15,0.0290,96.91,yes
2026-10-05T05:14:31.082523Z,KXBTC15M-26OCT050115-15,0.0280,42.00,yes
2026-10-05T05:14:31.082523Z,KXBTC15M-26OCT050115-15,0.0290,260.09,yes
2026-10-05T05:14:31.086259Z,KXBTC15M-26OCT050115-15,0.0280,0.01,yes
2026-10-05T05:14:31.086259Z,KXBTC15M-26OCT050115-15,0.0290,181.24,yes
2026-10-05T05:14:31.088812Z,KXBTC15M-26OCT050115-15,0.0270,13.31,yes
2026-10-05T05:14:31.092994Z,KXBTC15M-26OCT050115-15,0.0250,64.00,yes
2026-10-05T05:14:31.092994Z,KXBTC15M-26OCT050115-15,0.0270,37.83,yes
2026-10-05T05:14:31.093942Z,KXBTC15M-26OCT050115-15,0.0280,80.09,yes
2026-10-05T05:14:31.093942Z,KXBTC15M-26OCT050115-15,0.0270,0.01,yes
2026-10-05T05:14:31.093942Z,KXBTC15M-26OCT050115-15,0.0280,0.01,yes
2026-10-05T05:14:31.093942Z,KXBTC15M-26OCT050115-15,0.0270,373.02,yes
2026-10-05T05:14:31.094042Z,KXBTC15M-26OCT050115-15,0.0230,1000.00,no
2026-10-05T05:14:31.095709Z,KXBTC15M-26OCT050115-15,0.0280,271.75,yes
2026-10-05T05:14:31.095709Z,KXBTC15M-26OCT050115-15,0.0270,0.01,yes
2026-10-05T05:14:31.097727Z,KXBTC15M-26OCT050115-15,0.0280,19.49,yes
2026-10-05T05:14:31.097882Z,KXBTC15M-26OCT050115-15,0.0280,323.27,yes
2026-10-05T05:14:31.100411Z,KXBTC15M-26OCT050115-15,0.0280,5.78,yes
2026-10-05T05:14:31.126235Z,KXBTC15M-26OCT050115-15,0.0260,0.01,yes
2026-10-05T05:14:31.126235Z,KXBTC15M-26OCT050115-15,0.0280,31.39,yes
2026-10-05T05:14:31.126235Z,KXBTC15M-26OCT050115-15,0.0260,0.01,yes
2026-10-05T05:14:31.128854Z,KXBTC15M-26OCT050115-15,0.0280,3.88,yes
2026-10-05T05:14:31.14119Z,KXBTC15M-26OCT050115-15,0.0250,0.01,no
2026-10-05T05:14:31.14119Z,KXBTC15M-26OCT050115-15,0.0250,0.01,no
2026-10-05T05:14:31.14119Z,KXBTC15M-26OCT050115-15,0.0240,0.03,no
2026-10-05T05:14:31.145908Z,KXBTC15M-26OCT050115-15,0.0280,3.38,yes
2026-10-05T05:14:31.145908Z,KXBTC15M-26OCT050115-15,0.0260,0.01,yes
2026-10-05T05:14:31.145908Z,KXBTC15M-26OCT050115-15,0.0260,0.01,yes
2026-10-05T05:14:31.154755Z,KXBTC15M-26OCT050115-15,0.0270,151.04,yes
2026-10-05T05:14:31.159029Z,KXBTC15M-26OCT050115-15,0.0270,64.57,yes
2026-10-05T05:14:31.171454Z,KXBTC15M-26OCT050115-15,0.0270,0.01,yes
2026-10-05T05:14:31.171454Z,KXBTC15M-26OCT050115-15,0.0270,10.00,yes
2026-10-05T05:14:31.171454Z,KXBTC15M-26OCT050115-15,0.0270,0.01,yes
2026-10-05T05:14:31.171454Z,KXBTC15M-26OCT050115-15,0.0280,99.88,yes
2026-10-05T05:14:31.171454Z,KXBTC15M-26OCT050115-15,0.0270,87.14,yes
2026-10-05T05:14:31.173419Z,KXBTC15M-26OCT050115-15,0.0280,8.00,yes
2026-10-05T05:14:31.173419Z,KXBTC15M-26OCT050115-15,0.0270,14.00,yes
2026-10-05T05:14:31.186751Z,KXBTC15M-26OCT050115-15,0.0270,0.01,yes
2026-10-05T05:14:31.186751Z,KXBTC15M-26OCT050115-15,0.0270,10.00,yes
2026-10-05T05:14:31.186751Z,KXBTC15M-26OCT050115-15,0.0280,22.26,yes
2026-10-05T05:14:31.186751Z,KXBTC15M-26OCT050115-15,0.0270,0.01,yes
2026-10-05T05:14:31.191862Z,KXBTC15M-26OCT050115-15,0.0270,9.85,yes
2026-10-05T05:14:31.198986Z,KXBTC15M-26OCT050115-15,0.0280,19.29,yes
2026-10-05T05:14:31.198986Z,KXBTC15M-26OCT050115-15,0.0270,0.01,yes
2026-10-05T05:14:31.198986Z,KXBTC15M-26OCT050115-15,0.0280,17.21,yes
2026-10-05T05:14:31.198986Z,KXBTC15M-26OCT050115-15,0.0280,0.01,yes
2026-10-05T05:14:31.198986Z,KXBTC15M-26OCT050115-15,0.0280,0.01,yes
2026-10-05T05:14:31.20406Z,KXBTC15M-26OCT050115-15,0.0240,10.00,no
2026-10-05T05:14:31.20406Z,KXBTC15M-26OCT050115-15,0.0240,0.01,no
2026-10-05T05:14:31.20406Z,KXBTC15M-26OCT050115-15,0.0240,0.01,no
2026-10-05T05:14:31.20406Z,KXBTC15M-26OCT050115-15,0.0230,5.07,no
2026-10-05T05:14:31.207429Z,KXBTC15M-26OCT050115-15,0.0280,3.88,yes
2026-10-05T05:14:31.207429Z,KXBTC15M-26OCT050115-15,0.0280,10.93,yes
2026-10-05T05:14:31.207429Z,KXBTC15M-26OCT050115-15,0.0280,12.10,yes
2026-10-05T05:14:31.207429Z,KXBTC15M-26OCT050115-15,0.0280,3.38,yes
2026-10-05T05:14:31.207429Z,KXBTC15M-26OCT050115-15,0.0270,10.00,yes
2026-10-05T05:14:31.207429Z,KXBTC15M-26OCT050115-15,0.0270,0.01,yes
2026-10-05T05:14:31.213176Z,KXBTC15M-26OCT050115-15,0.0280,32.66,yes
2026-10-05T05:14:31.213176Z,KXBTC15M-26OCT050115-15,0.0270,0.01,yes
2026-10-05T05:14:31.213176Z,KXBTC15M-26OCT050115-15,0.0270,0.01,yes
2026-10-05T05:14:31.219807Z,KXBTC15M-26OCT050115-15,0.0270,1.40,yes
2026-10-05T05:14:31.219807Z,KXBTC15M-26OCT050115-15,0.0270,0.01,yes
2026-10-05T05:14:31.226317Z,KXBTC15M-26OCT050115-15,0.0270,8.60,yes
2026-10-05T05:14:31.226317Z,KXBTC15M-26OCT050115-15,0.0270,0.01,yes
2026-10-05T05:14:31.226317Z,KXBTC15M-26OCT050115-15,0.0280,55.96,yes
2026-10-05T05:14:31.23189Z,KXBTC15M-26OCT050115-15,0.0270,1.20,yes
2026-10-05T05:14:31.23189Z,KXBTC15M-26OCT050115-15,0.0260,1.03,yes
2026-10-05T05:14:31.23523Z,KXBTC15M-26OCT050115-15,0.0280,8.00,yes
2026-10-05T05:14:31.23523Z,KXBTC15M-26OCT050115-15,0.0280,0.01,yes
2026-10-05T05:14:31.23523Z,KXBTC15M-26OCT050115-15,0.0280,26.14,yes
2026-10-05T05:14:31.23523Z,KXBTC15M-26OCT050115-15,0.0280,22.26,yes
2026-10-05T05:14:31.23523Z,KXBTC15M-26OCT050115-15,0.0280,17.21,yes
2026-10-05T05:14:31.23523Z,KXBTC15M-26OCT050115-15,0.0260,0.01,yes
2026-10-05T05:14:31.23523Z,KXBTC15M-26OCT050115-15,0.0280,19.29,yes
2026-10-05T05:14:31.23523Z,KXBTC15M-26OCT050115-15,0.0280,0.33,yes
2026-10-05T05:14:31.236445Z,KXBTC15M-26OCT050115-15,0.0280,4.15,yes
2026-10-05T05:14:31.236445Z,KXBTC15M-26OCT050115-15,0.0280,0.03,yes
2026-10-05T05:14:31.246037Z,KXBTC15M-26OCT050115-15,0.0280,0.01,yes
2026-10-05T05:14:31.246037Z,KXBTC15M-26OCT050115-15,0.0270,10.00,yes
2026-10-05T05:14:31.246037Z,KXBTC15M-26OCT050115-15,0.0270,70.00,yes
2026-10-05T05:14:31.246037Z,KXBTC15M-26OCT050115-15,0.0290,16.40,yes
2026-10-05T05:14:31.246037Z,KXBTC15M-26OCT050115-15,0.0280,8.33,yes
2026-10-05T05:14:31.246037Z,KXBTC15M-26OCT050115-15,0.0280,55.96,yes
2026-10-05T05:14:31.246037Z,KXBTC15M-26OCT050115-15,0.0270,14.00,yes
2026-10-05T05:14:31.246037Z,KXBTC15M-26OCT050115-15,0.0280,32.63,yes
2026-10-05T05:14:31.252621Z,KXBTC15M-26OCT050115-15,0.0280,30.20,yes
2026-10-05T05:14:31.263353Z,KXBTC15M-26OCT050115-15,0.0280,32.28,yes
2026-10-05T05:14:31.27709Z,KXBTC15M-26OCT050115-15,0.0280,23.41,yes
2026-10-05T05:14:31.278871Z,KXBTC15M-26OCT050115-15,0.0280,59.65,yes
2026-10-05T05:14:31.278871Z,KXBTC15M-26OCT050115-15,0.0280,3.19,yes
2026-10-05T05:14:31.28339Z,KXBTC15M-26OCT050115-15,0.0280,13.00,yes
2026-10-05T05:14:31.284258Z,KXBTC15M-26OCT050115-15,0.0280,14.85,yes
2026-10-05T05:14:31.295795Z,KXBTC15M-26OCT050115-15,0.0280,12.00,yes
2026-10-05T05:14:31.295795Z,KXBTC15M-26OCT050115-15,0.0280,13.35,yes
2026-10-05T05:14:31.295795Z,KXBTC15M-26OCT050115-15,0.0280,9.42,yes
2026-10-05T05:14:31.295795Z,KXBTC15M-26OCT050115-15,0.0280,30.20,yes
2026-10-05T05:14:31.303504Z,KXBTC15M-26OCT050115-15,0.0280,18.93,yes
2026-10-05T05:14:31.303504Z,KXBTC15M-26OCT050115-15,0.0280,13.35,yes
2026-10-05T05:14:31.307072Z,KXBTC15M-26OCT050115-15,0.0280,7.08,yes
2026-10-05T05:14:31.307241Z,KXBTC15M-26OCT050115-15,0.0280,27.85,yes
2026-10-05T05:14:31.307241Z,KXBTC15M-26OCT050115-15,0.0280,2.98,yes
2026-10-05T05:14:31.307241Z,KXBTC15M-26OCT050115-15,0.0280,4.39,yes
2026-10-05T05:14:31.307241Z,KXBTC15M-26OCT050115-15,0.0280,62.84,yes
2026-10-05T05:14:31.307241Z,KXBTC15M-26OCT050115-15,0.0280,0.01,yes
2026-10-05T05:14:31.307241Z,KXBTC15M-26OCT050115-15,0.0280,52.97,yes
2026-10-05T05:14:31.309311Z,KXBTC15M-26OCT050115-15,0.0280,7.61,yes
2026-10-05T05:14:31.309311Z,KXBTC15M-26OCT050115-15,0.0290,23.44,yes
2026-10-05T05:14:31.318622Z,KXBTC15M-26OCT050115-15,0.0280,12.00,yes
2026-10-05T05:14:31.318622Z,KXBTC15M-26OCT050115-15,0.0280,32.28,yes
2026-10-05T05:14:31.318622Z,KXBTC15M-26OCT050115-15,0.0290,852.69,yes
2026-10-05T05:14:31.318622Z,KXBTC15M-26OCT050115-15,0.0280,0.01,yes
2026-10-05T05:14:31.318622Z,KXBTC15M-26OCT050115-15,0.0280,7.08,yes
2026-10-05T05:14:31.323566Z,KXBTC15M-26OCT050115-15,0.0290,263.66,yes
2026-10-05T05:14:31.323566Z,KXBTC15M-26OCT050115-15,0.0280,146.64,yes
2026-10-05T05:14:31.327441Z,KXBTC15M-26OCT050115-15,0.0270,1.02,yes
2026-10-05T05:14:31.327441Z,KXBTC15M-26OCT050115-15,0.0280,0.01,yes
2026-10-05T05:14:31.327441Z,KXBTC15M-26OCT050115-15,0.0280,13.88,yes
2026-10-05T05:14:31.332422Z,KXBTC15M-26OCT050115-15,0.0280,12.00,yes
2026-10-05T05:14:31.332422Z,KXBTC15M-26OCT050115-15,0.0280,25.48,yes
2026-10-05T05:14:31.332422Z,KXBTC15M-26OCT050115-15,0.0280,146.64,yes
2026-10-05T05:14:31.332422Z,KXBTC15M-26OCT050115-15,0.0300,34.06,yes
2026-10-05T05:14:31.332422Z,KXBTC15M-26OCT050115-15,0.0290,1.11,yes
2026-10-05T05:14:31.344085Z,KXBTC15M-26OCT050115-15,0.0240,0.01,no
2026-10-05T05:14:31.344085Z,KXBTC15M-26OCT050115-15,0.0240,2.96,no
2026-10-05T05:14:31.344085Z,KXBTC15M-26OCT050115-15,0.0240,0.01,no
2026-10-05T05:14:31.344085Z,KXBTC15M-26OCT050115-15,0.0270,0.01,no
2026-10-05T05:14:31.344085Z,KXBTC15M-26OCT050115-15,0.0250,0.01,no
2026-10-05T05:14:31.344085Z,KXBTC15M-26OCT050115-15,0.0250,0.01,no
2026-10-05T05:14:31.355332Z,KXBTC15M-26OCT050115-15,0.0280,13.88,yes
2026-10-05T05:14:31.355332Z,KXBTC15M-26OCT050115-15,0.0280,11.12,yes
2026-10-05T05:14:31.355529Z,KXBTC15M-26OCT050115-15,0.0260,0.80,no
2026-10-05T05:14:31.368376Z,KXBTC15M-26OCT050115-15,0.0260,25.14,no
2026-10-05T05:14:31.369019Z,KXBTC15M-26OCT050115-15,0.0280,32.28,yes
2026-10-05T05:14:31.373008Z,KXBTC15M-26OCT050115-15,0.0280,26.02,yes
2026-10-05T05:14:31.382357Z,KXBTC15M-26OCT050115-15,0.0280,19.71,yes
2026-10-05T05:14:31.393192Z,KXBTC15M-26OCT050115-15,0.0290,63.00,yes
2026-10-05T05:14:31.393192Z,KXBTC15M-26OCT050115-15,0.0280,82.99,yes
2026-10-05T05:14:31.393192Z,KXBTC15M-26OCT050115-15,0.0280,32.28,yes
2026-10-05T05:14:31.393192Z,KXBTC15M-26OCT050115-15,0.0290,0.01,yes
2026-10-05T05:14:31.393192Z,KXBTC15M-26OCT050115-15,0.0280,0.01,yes
2026-10-05T05:14:31.393192Z,KXBTC15M-26OCT050115-15,0.0280,19.71,yes
2026-10-05T05:14:31.393192Z,KXBTC15M-26OCT050115-15,0.0290,133.00,yes
2026-10-05T05:14:31.393192Z,KXBTC15M-26OCT050115-15,0.0280,11.12,yes
2026-10-05T05:14:31.393192Z,KXBTC15M-26OCT050115-15,0.0280,26.02,yes
2026-10-05T05:14:31.393192Z,KXBTC15M-26OCT050115-15,0.0310,12.00,yes
2026-10-05T05:14:31.393192Z,KXBTC15M-26OCT050115-15,0.0280,0.01,yes
2026-10-05T05:14:31.393192Z,KXBTC15M-26OCT050115-15,0.0280,13.88,yes
2026-10-05T05:14:31.393192Z,KXBTC15M-26OCT050115-15,0.0300,15.94,yes
2026-10-05T05:14:31.393192Z,KXBTC15M-26OCT050115-15,0.0300,500.00,yes
2026-10-05T05:14:31.393192Z,KXBTC15M-26OCT050115-15,0.0310,37.01,yes
2026-10-05T05:14:31.41222Z,KXBTC15M-26OCT050115-15,0.0300,4.93,yes
2026-10-05T05:14:31.41222Z,KXBTC15M-26OCT050115-15,0.0300,186.00,yes
2026-10-05T05:14:31.413618Z,KXBTC15M-26OCT050115-15,0.0280,0.01,no
2026-10-05T05:14:31.41448Z,KXBTC15M-26OCT050115-15,0.0300,6.07,yes
2026-10-05T05:14:31.41448Z,KXBTC15M-26OCT050115-15,0.0310,2.16,yes
2026-10-05T05:14:31.421775Z,KXBTC15M-26OCT050115-15,0.0290,41.89,yes
2026-10-05T05:14:31.427866Z,KXBTC15M-26OCT050115-15,0.0300,2.61,yes
2026-10-05T05:14:31.427866Z,KXBTC15M-26OCT050115-15,0.0300,6.07,yes
2026-10-05T05:14:31.427866Z,KXBTC15M-26OCT050115-15,0.0300,4.93,yes
2026-10-05T05:14:31.427866Z,KXBTC15M-26OCT050115-15,0.0290,1.02,yes
2026-10-05T05:14:31.440093Z,KXBTC15M-26OCT050115-15,0.0240,4.87,no
2026-10-05T05:14:31.440093Z,KXBTC15M-26OCT050115-15,0.0280,0.01,no
2026-10-05T05:14:31.440093Z,KXBTC15M-26OCT050115-15,0.0260,0.01,no
2026-10-05T05:14:31.440093Z,KXBTC15M-26OCT050115-15,0.0270,0.01,no
2026-10-05T05:14:31.440093Z,KXBTC15M-26OCT050115-15,0.0260,0.01,no
2026-10-05T05:14:31.440093Z,KXBTC15M-26OCT050115-15,0.0250,10.00,no
2026-10-05T05:14:31.442473Z,KXBTC15M-26OCT050115-15,0.0250,25.23,no
2026-10-05T05:14:31.444252Z,KXBTC15M-26OCT050115-15,0.0250,23.70,no
2026-10-05T05:14:31.465909Z,KXBTC15M-26OCT050115-15,0.0300,2.00,yes
2026-10-05T05:14:31.467151Z,KXBTC15M-26OCT050115-15,0.0300,29.26,yes
2026-10-05T05:14:31.488464Z,KXBTC15M-26OCT050115-15,0.0300,7.71,yes
2026-10-05T05:14:31.49196Z,KXBTC15M-26OCT050115-15,0.0300,35.13,yes
2026-10-05T05:14:31.502055Z,KXBTC15M-26OCT050115-15,0.0300,1.00,yes
2026-10-05T05:14:31.502888Z,KXBTC15M-26OCT050115-15,0.0300,12.47,yes
2026-10-05T05:14:31.50795Z,KXBTC15M-26OCT050115-15,0.0300,4.78,yes
2026-10-05T05:14:31.510454Z,KXBTC15M-26OCT050115-15,0.0290,158.21,yes
2026-10-05T05:14:31.524046Z,KXBTC15M-26OCT050115-15,0.0260,120.71,no
2026-10-05T05:14:31.541954Z,KXBTC15M-26OCT050115-15,0.0280,66.12,yes
2026-10-05T05:14:31.549422Z,KXBTC15M-26OCT050115-15,0.0280,98.52,yes
2026-10-05T05:14:31.566339Z,KXBTC15M-26OCT050115-15,0.0280,0.01,yes
2026-10-05T05:14:31.566339Z,KXBTC15M-26OCT050115-15,0.0280,10.90,yes
2026-10-05T05:14:31.566339Z,KXBTC15M-26OCT050115-15,0.0280,0.01,yes
2026-10-05T05:14:31.566339Z,KXBTC15M-26OCT050115-15,0.0280,21.36,yes
2026-10-05T05:14:31.568517Z,KXBTC15M-26OCT050115-15,0.0280,55.22,yes
2026-10-05T05:14:31.568517Z,KXBTC15M-26OCT050115-15,0.0290,39.33,yes
2026-10-05T05:14:31.568517Z,KXBTC15M-26OCT050115-15,0.0290,0.01,yes
2026-10-05T05:14:31.568517Z,KXBTC15M-26OCT050115-15,0.0290,0.01,yes
2026-10-05T05:14:31.568517Z,KXBTC15M-26OCT050115-15,0.0280,98.52,yes
2026-10-05T05:14:31.573133Z,KXBTC15M-26OCT050115-15,0.0300,0.01,yes
2026-10-05T05:14:31.573133Z,KXBTC15M-26OCT050115-15,0.0280,32.26,yes
2026-10-05T05:14:31.573133Z,KXBTC15M-26OCT050115-15,0.0280,0.01,yes
2026-10-05T05:14:31.573133Z,KXBTC15M-26OCT050115-15,0.0290,1.02,yes
2026-10-05T05:14:31.573133Z,KXBTC15M-26OCT050115-15,0.0290,460.67,yes
2026-10-05T05:14:31.573133Z,KXBTC15M-26OCT050115-15,0.0280,0.01,yes
2026-10-05T05:14:31.573133Z,KXBTC15M-26OCT050115-15,0.0300,0.01,yes
2026-10-05T05:14:31.573133Z,KXBTC15M-26OCT050115-15,0.0310,96.52,yes
2026-10-05T05:14:31.577838Z,KXBTC15M-26OCT050115-15,0.0300,20.70,yes
2026-10-05T05:14:31.590195Z,KXBTC15M-26OCT050115-15,0.0260,0.01,no
2026-10-05T05:14:31.590195Z,KXBTC15M-26OCT050115-15,0.0260,0.79,no
2026-10-05T05:14:31.590195Z,KXBTC15M-26OCT050115-15,0.0260,0.01,no
2026-10-05T05:14:31.594015Z,KXBTC15M-26OCT050115-15,0.0280,0.01,yes
2026-10-05T05:14:31.594015Z,KXBTC15M-26OCT050115-15,0.0300,0.01,yes
2026-10-05T05:14:31.594015Z,KXBTC15M-26OCT050115-15,0.0310,12.00,yes
2026-10-05T05:14:31.594015Z,KXBTC15M-26OCT050115-15,0.0320,60.24,yes
2026-10-05T05:14:31.61937Z,KXBTC15M-26OCT050115-15,0.0320,52.96,yes
2026-10-05T05:14:31.633763Z,KXBTC15M-26OCT050115-15,0.0250,227.79,no
2026-10-05T05:14:31.633763Z,KXBTC15M-26OCT050115-15,0.0280,0.01,no
2026-10-05T05:14:31.633763Z,KXBTC15M-26OCT050115-15,0.0260,0.01,no
2026-10-05T05:14:31.634981Z,KXBTC15M-26OCT050115-15,0.0320,106.99,yes
2026-10-05T05:14:31.647258Z,KXBTC15M-26OCT050115-15,0.0310,60.09,yes
2026-10-05T05:14:31.649283Z,KXBTC15M-26OCT050115-15,0.0310,5.00,yes
2026-10-05T05:14:31.658851Z,KXBTC15M-26OCT050115-15,0.0310,2.00,yes
2026-10-05T05:14:31.688078Z,KXBTC15M-26OCT050115-15,0.0310,118.91,yes
2026-10-05T05:14:31.688078Z,KXBTC15M-26OCT050115-15,0.0310,0.01,yes
2026-10-05T05:14:31.688078Z,KXBTC15M-26OCT050115-15,0.0310,2.00,yes
2026-10-05T05:14:31.688078Z,KXBTC15M-26OCT050115-15,0.0310,0.01,yes
2026-10-05T05:14:31.688078Z,KXBTC15M-26OCT050115-15,0.0310,5.00,yes
2026-10-05T05:14:31.688078Z,KXBTC15M-26OCT050115-15,0.0310,12.00,yes
2026-10-05T05:14:31.688078Z,KXBTC15M-26OCT050115-15,0.0310,60.09,yes
2026-10-05T05:14:31.688078Z,KXBTC15M-26OCT050115-15,0.0320,53.35,yes
2026-10-05T05:14:31.69516Z,KXBTC15M-26OCT050115-15,0.0310,30.29,yes
2026-10-05T05:14:31.700411Z,KXBTC15M-26OCT050115-15,0.0310,0.01,yes
2026-10-05T05:14:31.700411Z,KXBTC15M-26OCT050115-15,0.0310,12.00,yes
2026-10-05T05:14:31.700411Z,KXBTC15M-26OCT050115-15,0.0300,469.71,yes
2026-10-05T05:14:31.700411Z,KXBTC15M-26OCT050115-15,0.0310,56.78,yes
2026-10-05T05:14:31.704678Z,KXBTC15M-26OCT050115-15,0.0280,0.01,no
2026-10-05T05:14:31.704678Z,KXBTC15M-26OCT050115-15,0.0280,0.01,no
2026-10-05T05:14:31.721671Z,KXBTC15M-26OCT050115-15,0.0250,10.00,no
2026-10-05T05:14:31.721671Z,KXBTC15M-26OCT050115-15,0.0260,354.83,no
2026-10-05T05:14:31.721671Z,KXBTC15M-26OCT050115-15,0.0250,0.01,no
2026-10-05T05:14:31.721671Z,KXBTC15M-26OCT050115-15,0.0250,15.00,no
2026-10-05T05:14:31.721671Z,KXBTC15M-26OCT050115-15,0.0230,959.04,no
2026-10-05T05:14:31.721671Z,KXBTC15M-26OCT050115-15,0.0240,276.00,no
2026-10-05T05:14:31.721671Z,KXBTC15M-26OCT050115-15,0.0250,93.75,no
2026-10-05T05:14:31.721671Z,KXBTC15M-26OCT050115-15,0.0240,281.00,no
2026-10-05T05:14:31.721671Z,KXBTC15M-26OCT050115-15,0.0250,42.21,no
2026-10-05T05:14:31.721671Z,KXBTC15M-26OCT050115-15,0.0260,10.00,no
2026-10-05T05:14:31.722369Z,KXBTC15M-26OCT050115-15,0.0230,820.27,no
2026-10-05T05:14:31.723876Z,KXBTC15M-26OCT050115-15,0.0310,0.01,yes
2026-10-05T05:14:31.723876Z,KXBTC15M-26OCT050115-15,0.0310,55.10,yes
2026-10-05T05:14:31.723876Z,KXBTC15M-26OCT050115-15,0.0310,12.00,yes
2026-10-05T05:14:31.723876Z,KXBTC15M-26OCT050115-15,0.0310,0.01,yes
2026-10-05T05:14:31.723876Z,KXBTC15M-26OCT050115-15,0.0310,0.01,yes
2026-10-05T05:14:31.729019Z,KXBTC15M-26OCT050115-15,0.0260,40.73,no
2026-10-05T05:14:31.736313Z,KXBTC15M-26OCT050115-15,0.0290,31.18,yes
2026-10-05T05:14:31.740968Z,KXBTC15M-26OCT050115-15,0.0270,11.00,yes
2026-10-05T05:14:31.746396Z,KXBTC15M-26OCT050115-15,0.0270,200.00,yes
2026-10-05T05:14:31.749599Z,KXBTC15M-26OCT050115-15,0.0230,49.23,no
2026-10-05T05:14:31.758383Z,KXBTC15M-26OCT050115-15,0.0240,73.13,yes
2026-10-05T05:14:31.760079Z,KXBTC15M-26OCT050115-15,0.0240,97.84,yes
2026-10-05T05:14:31.77975Z,KXBTC15M-26OCT050115-15,0.0230,32.78,yes
2026-10-05T05:14:31.786912Z,KXBTC15M-26OCT050115-15,0.0230,123.03,yes
2026-10-05T05:14:31.786912Z,KXBTC15M-26OCT050115-15,0.0220,335.97,yes
2026-10-05T05:14:31.799058Z,KXBTC15M-26OCT050115-15,0.0220,93.33,yes
2026-10-05T05:14:31.806692Z,KXBTC15M-26OCT050115-15,0.0220,12.00,yes
2026-10-05T05:14:31.806692Z,KXBTC15M-26OCT050115-15,0.0230,16.09,yes
2026-10-05T05:14:31.806692Z,KXBTC15M-26OCT050115-15,0.0220,0.01,yes
2026-10-05T05:14:31.838297Z,KXBTC15M-26OCT050115-15,0.0220,0.01,yes
2026-10-05T05:14:31.838297Z,KXBTC15M-26OCT050115-15,0.0220,0.01,yes
2026-10-05T05:14:31.838297Z,KXBTC15M-26OCT050115-15,0.0220,12.00,yes
2026-10-05T05:14:31.838297Z,KXBTC15M-26OCT050115-15,0.0230,4.70,yes
2026-10-05T05:14:31.845387Z,KXBTC15M-26OCT050115-15,0.0230,56.58,yes
2026-10-05T05:14:31.845387Z,KXBTC15M-26OCT050115-15,0.0220,0.01,yes
2026-10-05T05:14:31.850029Z,KXBTC15M-26OCT050115-15,0.0230,100.31,yes
2026-10-05T05:14:31.855244Z,KXBTC15M-26OCT050115-15,0.0220,0.98,yes
2026-10-05T05:14:31.864565Z,KXBTC15M-26OCT050115-15,0.0230,12.00,yes
2026-10-05T05:14:31.864565Z,KXBTC15M-26OCT050115-15,0.0240,15.29,yes
2026-10-05T05:14:31.864565Z,KXBTC15M-26OCT050115-15,0.0230,0.01,yes
2026-10-05T05:14:31.864565Z,KXBTC15M-26OCT050115-15,0.0220,0.01,yes
2026-10-05T05:14:31.864565Z,KXBTC15M-26OCT050115-15,0.0230,0.01,yes
2026-10-05T05:14:31.865182Z,KXBTC15M-26OCT050115-15,0.0200,0.01,no
2026-10-05T05:14:31.865182Z,KXBTC15M-26OCT050115-15,0.0200,50.00,no
2026-10-05T05:14:31.865182Z,KXBTC15M-26OCT050115-15,0.0200,0.01,no
2026-10-05T05:14:31.865182Z,KXBTC15M-26OCT050115-15,0.0200,245.96,no
2026-10-05T05:14:31.879872Z,KXBTC15M-26OCT050115-15,0.0240,650.34,yes
2026-10-05T05:14:31.888087Z,KXBTC15M-26OCT050115-15,0.0220,0.01,no
2026-10-05T05:14:31.888087Z,KXBTC15M-26OCT050115-15,0.0220,0.01,no
2026-10-05T05:14:31.888087Z,KXBTC15M-26OCT050115-15,0.0200,3.11,no
2026-10-05T05:14:31.911605Z,KXBTC15M-26OCT050115-15,0.0240,30.91,yes
2026-10-05T05:14:31.926193Z,KXBTC15M-26OCT050115-15,0.0240,567.95,yes
2026-10-05T05:14:31.942624Z,KXBTC15M-26OCT050115-15,0.0220,50.15,no
2026-10-05T05:14:31.964303Z,KXBTC15M-26OCT050115-15,0.0250,14.00,yes
2026-10-05T05:14:31.964303Z,KXBTC15M-26OCT050115-15,0.0270,125.17,yes
2026-10-05T05:14:31.964303Z,KXBTC15M-26OCT050115-15,0.0240,0.01,yes
2026-10-05T05:14:31.964303Z,KXBTC15M-26OCT050115-15,0.0250,28.00,yes
2026-10-05T05:14:31.964303Z,KXBTC15M-26OCT050115-15,0.0240,0.01,yes
2026-10-05T05:14:31.969561Z,KXBTC15M-26OCT050115-15,0.0270,10.57,yes
2026-10-05T05:14:31.97221Z,KXBTC15M-26OCT050115-15,0.0240,50.26,no
2026-10-05T05:14:31.977478Z,KXBTC15M-26OCT050115-15,0.0270,34.03,yes
2026-10-05T05:14:31.989789Z,KXBTC15M-26OCT050115-15,0.0270,2.88,yes
2026-10-05T05:14:31.996227Z,KXBTC15M-26OCT050115-15,0.0270,30.20,yes
2026-10-05T05:14:31.99953Z,KXBTC15M-26OCT050115-15,0.0270,15.10,yes
2026-10-05T05:14:32.018101Z,KXBTC15M-26OCT050115-15,0.0250,39.00,no
2026-10-05T05:14:32.025377Z,KXBTC15M-26OCT050115-15,0.0260,8.58,yes
2026-10-05T05:14:32.027892Z,KXBTC15M-26OCT050115-15,0.0280,230.44,yes
2026-10-05T05:14:32.027892Z,KXBTC15M-26OCT050115-15,0.0270,629.05,yes
2026-10-05T05:14:32.027892Z,KXBTC15M-26OCT050115-15,0.0290,208.31,yes
2026-10-05T05:14:32.027892Z,KXBTC15M-26OCT050115-15,0.0280,12.00,yes
2026-10-05T05:14:32.027892Z,KXBTC15M-26OCT050115-15,0.0270,0.01,yes
2026-10-05T05:14:32.027892Z,KXBTC15M-26OCT050115-15,0.0260,177.42,yes
2026-10-05T05:14:32.027892Z,KXBTC15M-26OCT050115-15,0.0260,0.01,yes
2026-10-05T05:14:32.045656Z,KXBTC15M-26OCT050115-15,0.0260,181.25,yes
2026-10-05T05:14:32.046971Z,KXBTC15M-26OCT050115-15,0.0250,20.45,no
2026-10-05T05:14:32.060233Z,KXBTC15M-26OCT050115-15,0.0250,90.55,no
2026-10-05T05:14:32.060233Z,KXBTC15M-26OCT050115-15,0.0250,32.06,no
2026-10-05T05:14:32.06177Z,KXBTC15M-26OCT050115-15,0.0250,117.94,no
2026-10-05T05:14:32.06177Z,KXBTC15M-26OCT050115-15,0.0250,45.58,no
2026-10-05T05:14:32.062911Z,KXBTC15M-26OCT050115-15,0.0250,420.45,no
2026-10-05T05:14:32.062911Z,KXBTC15M-26OCT050115-15,0.0250,0.01,no
2026-10-05T05:14:32.062911Z,KXBTC15M-26OCT050115-15,0.0240,10.00,no
2026-10-05T05:14:32.062911Z,KXBTC15M-26OCT050115-15,0.0250,150.00,no
2026-10-05T05:14:32.062911Z,KXBTC15M-26OCT050115-15,0.0250,104.42,no
2026-10-05T05:14:32.062911Z,KXBTC15M-26OCT050115-15,0.0250,150.00,no
2026-10-05T05:14:32.062911Z,KXBTC15M-26OCT050115-15,0.0240,165.11,no
2026-10-05T05:14:32.062911Z,KXBTC15M-26OCT050115-15,0.0250,0.01,no
2026-10-05T05:14:32.063705Z,KXBTC15M-26OCT050115-15,0.0240,9.00,no
2026-10-05T05:14:32.086243Z,KXBTC15M-26OCT050115-15,0.0260,12.51,yes
2026-10-05T05:14:32.088699Z,KXBTC15M-26OCT050115-15,0.0260,35.21,yes
2026-10-05T05:14:32.088699Z,KXBTC15M-26OCT050115-15,0.0260,8.58,yes
2026-10-05T05:14:32.088699Z,KXBTC15M-26OCT050115-15,0.0260,107.24,yes
2026-10-05T05:14:32.088699Z,KXBTC15M-26OCT050115-15,0.0260,0.01,yes
2026-10-05T05:14:32.089423Z,KXBTC15M-26OCT050115-15,0.0260,142.21,yes
2026-10-05T05:14:32.089423Z,KXBTC15M-26OCT050115-15,0.0270,151.00,yes
2026-10-05T05:14:32.089423Z,KXBTC15M-26OCT050115-15,0.0280,69.78,yes
2026-10-05T05:14:32.089423Z,KXBTC15M-26OCT050115-15,0.0260,0.01,yes
2026-10-05T05:14:32.100818Z,KXBTC15M-26OCT050115-15,0.0270,173.37,yes
2026-10-05T05:14:32.114118Z,KXBTC15M-26OCT050115-15,0.0250,5.11,no
2026-10-05T05:14:32.114118Z,KXBTC15M-26OCT050115-15,0.0250,0.01,no
2026-10-05T05:14:32.120362Z,KXBTC15M-26OCT050115-15,0.0270,17.18,yes
2026-10-05T05:14:32.120362Z,KXBTC15M-26OCT050115-15,0.0270,0.01,yes
2026-10-05T05:14:32.120362Z,KXBTC15M-26OCT050115-15,0.0270,12.63,yes
2026-10-05T05:14:32.158099Z,KXBTC15M-26OCT050115-15,0.0260,42.34,yes
2026-10-05T05:14:32.159726Z,KXBTC15M-26OCT050115-15,0.0260,72.58,yes
2026-10-05T05:14:32.167386Z,KXBTC15M-26OCT050115-15,0.0240,72.98,no
2026-10-05T05:14:32.167386Z,KXBTC15M-26OCT050115-15,0.0250,0.01,no
2026-10-05T05:14:32.167386Z,KXBTC15M-26OCT050115-15,0.0250,4.89,no
2026-10-05T05:14:32.167386Z,KXBTC15M-26OCT050115-15,0.0250,5.11,no
2026-10-05T05:14:32.167386Z,KXBTC15M-26OCT050115-15,0.0250,0.01,no
2026-10-05T05:14:32.177536Z,KXBTC15M-26OCT050115-15,0.0260,1.01,yes
2026-10-05T05:14:32.177536Z,KXBTC15M-26OCT050115-15,0.0260,98.97,yes
2026-10-05T05:14:32.196494Z,KXBTC15M-26OCT050115-15,0.0250,0.01,no
2026-10-05T05:14:32.196494Z,KXBTC15M-26OCT050115-15,0.0250,0.01,no
2026-10-05T05:14:32.196494Z,KXBTC15M-26OCT050115-15,0.0250,10.00,no
2026-10-05T05:14:32.196494Z,KXBTC15M-26OCT050115-15,0.0240,193.77,no
2026-10-05T05:14:32.198316Z,KXBTC15M-26OCT050115-15,0.0260,17.01,yes
2026-10-05T05:14:32.198349Z,KXBTC15M-26OCT050115-15,0.0260,21.52,yes
2026-10-05T05:14:32.202203Z,KXBTC15M-26OCT050115-15,0.0260,29.55,yes
2026-10-05T05:14:32.219942Z,KXBTC15M-26OCT050115-15,0.0250,5.69,no
2026-10-05T05:14:32.22994Z,KXBTC15M-26OCT050115-15,0.0260,0.01,yes
2026-10-05T05:14:32.22994Z,KXBTC15M-26OCT050115-15,0.0260,21.52,yes
2026-10-05T05:14:32.22994Z,KXBTC15M-26OCT050115-15,0.0270,35.00,yes
2026-10-05T05:14:32.22994Z,KXBTC15M-26OCT050115-15,0.0260,0.01,yes
2026-10-05T05:14:32.22994Z,KXBTC15M-26OCT050115-15,0.0260,17.01,yes
2026-10-05T05:14:32.22994Z,KXBTC15M-26OCT050115-15,0.0260,29.55,yes
2026-10-05T05:14:32.22994Z,KXBTC15M-26OCT050115-15,0.0270,74.45,yes
2026-10-05T05:14:32.22994Z,KXBTC15M-26OCT050115-15,0.0270,0.01,yes
2026-10-05T05:14:32.22994Z,KXBTC15M-26OCT050115-15,0.0260,98.97,yes
2026-10-05T05:14:32.22994Z,KXBTC15M-26OCT050115-15,0.0260,18.95,yes
2026-10-05T05:14:32.230494Z,KXBTC15M-26OCT050115-15,0.0270,3.12,yes
2026-10-05T05:14:32.246544Z,KXBTC15M-26OCT050115-15,0.0260,1.01,yes
2026-10-05T05:14:32.246544Z,KXBTC15M-26OCT050115-15,0.0260,13.99,yes
2026-10-05T05:14:32.252192Z,KXBTC15M-26OCT050115-15,0.0300,105.00,yes
2026-10-05T05:14:32.252192Z,KXBTC15M-26OCT050115-15,0.0310,210.00,yes
2026-10-05T05:14:32.252192Z,KXBTC15M-26OCT050115-15,0.0320,338.14,yes
2026-10-05T05:14:32.252192Z,KXBTC15M-26OCT050115-15,0.0260,4.96,yes
2026-10-05T05:14:32.252192Z,KXBTC15M-26OCT050115-15,0.0260,40.73,yes
2026-10-05T05:14:32.252192Z,KXBTC15M-26OCT050115-15,0.0310,77.00,yes
2026-10-05T05:14:32.252192Z,KXBTC15M-26OCT050115-15,0.0300,15.00,yes
2026-10-05T05:14:32.252192Z,KXBTC15M-26OCT050115-15,0.0280,81.22,yes
2026-10-05T05:14:32.252192Z,KXBTC15M-26OCT050115-15,0.0300,109.00,yes
2026-10-05T05:14:32.252192Z,KXBTC15M-26OCT050115-15,0.0300,10.55,yes
2026-10-05T05:14:32.252192Z,KXBTC15M-26OCT050115-15,0.0270,181.43,yes
2026-10-05T05:14:32.252192Z,KXBTC15M-26OCT050115-15,0.0300,50.00,yes
2026-10-05T05:14:32.252192Z,KXBTC15M-26OCT050115-15,0.0260,167.05,yes
2026-10-05T05:14:32.252192Z,KXBTC15M-26OCT050115-15,0.0290,12.00,yes
2026-10-05T05:14:32.252192Z,KXBTC15M-26OCT050115-15,0.0260,0.01,yes
2026-10-05T05:14:32.252192Z,KXBTC15M-26OCT050115-15,0.0270,83.00,yes
2026-10-05T05:14:32.272601Z,KXBTC15M-26OCT050115-15,0.0250,0.01,no
2026-10-05T05:14:32.272601Z,KXBTC15M-26OCT050115-15,0.0240,40.23,no
2026-10-05T05:14:32.272601Z,KXBTC15M-26OCT050115-15,0.0250,0.01,no
2026-10-05T05:14:32.272601Z,KXBTC15M-26OCT050115-15,0.0250,10.00,no
2026-10-05T05:14:32.276616Z,KXBTC15M-26OCT050115-15,0.0290,105.99,yes
2026-10-05T05:14:32.276616Z,KXBTC15M-26OCT050115-15,0.0260,0.01,yes
2026-10-05T05:14:32.283872Z,KXBTC15M-26OCT050115-15,0.0260,129.00,no
2026-10-05T05:14:32.285692Z,KXBTC15M-26OCT050115-15,0.0290,0.86,yes
2026-10-05T05:14:32.290607Z,KXBTC15M-26OCT050115-15,0.0290,3.00,yes
2026-10-05T05:14:32.324147Z,KXBTC15M-26OCT050115-15,0.0260,0.01,no
2026-10-05T05:14:32.324147Z,KXBTC15M-26OCT050115-15,0.0260,150.00,no
2026-10-05T05:14:32.324147Z,KXBTC15M-26OCT050115-15,0.0260,150.00,no
2026-10-05T05:14:32.324147Z,KXBTC15M-26OCT050115-15,0.0260,150.00,no
2026-10-05T05:14:32.324147Z,KXBTC15M-26OCT050115-15,0.0260,0.01,no
2026-10-05T05:14:32.324147Z,KXBTC15M-26OCT050115-15,0.0250,10.00,no
2026-10-05T05:14:32.324147Z,KXBTC15M-26OCT050115-15,0.0260,150.00,no
2026-10-05T05:14:32.324147Z,KXBTC15M-26OCT050115-15,0.0260,21.00,no
2026-10-05T05:14:32.324147Z,KXBTC15M-26OCT050115-15,0.0240,745.76,no
2026-10-05T05:14:32.324147Z,KXBTC15M-26OCT050115-15,0.0260,150.00,no
2026-10-05T05:14:32.328091Z,KXBTC15M-26OCT050115-15,0.0290,0.01,yes
2026-10-05T05:14:32.328091Z,KXBTC15M-26OCT050115-15,0.0290,0.01,yes
2026-10-05T05:14:32.351733Z,KXBTC15M-26OCT050115-15,0.0290,0.01,yes
2026-10-05T05:14:32.351733Z,KXBTC15M-26OCT050115-15,0.0300,10.16,yes
2026-10-05T05:14:32.351733Z,KXBTC15M-26OCT050115-15,0.0290,1.01,yes
2026-10-05T05:14:32.388116Z,KXBTC15M-26OCT050115-15,0.0280,6.38,yes
2026-10-05T05:14:32.40501Z,KXBTC15M-26OCT050115-15,0.0240,4.69,no
2026-10-05T05:14:32.40501Z,KXBTC15M-26OCT050115-15,0.0250,10.00,no
2026-10-05T05:14:32.40501Z,KXBTC15M-26OCT050115-15,0.0250,0.01,no
2026-10-05T05:14:32.405384Z,KXBTC15M-26OCT050115-15,0.0280,1.40,yes
2026-10-05T05:14:32.412437Z,KXBTC15M-26OCT050115-15,0.0240,0.01,no
2026-10-05T05:14:32.413608Z,KXBTC15M-26OCT050115-15,0.0280,19.19,yes
2026-10-05T05:14:32.432877Z,KXBTC15M-26OCT050115-15,0.0280,150.16,yes
2026-10-05T05:14:32.445308Z,KXBTC15M-26OCT050115-15,0.0240,2.04,no
2026-10-05T05:14:32.46991Z,KXBTC15M-26OCT050115-15,0.0260,3.60,yes
2026-10-05T05:14:32.517442Z,KXBTC15M-26OCT050115-15,0.0260,42.79,yes
2026-10-05T05:14:32.537419Z,KXBTC15M-26OCT050115-15,0.0260,31.42,yes
2026-10-05T05:14:32.541289Z,KXBTC15M-26OCT050115-15,0.0300,8.13,yes
2026-10-05T05:14:32.541289Z,KXBTC15M-26OCT050115-15,0.0260,42.79,yes
2026-10-05T05:14:32.541289Z,KXBTC15M-26OCT050115-15,0.0300,0.39,yes
2026-10-05T05:14:32.541289Z,KXBTC15M-26OCT050115-15,0.0260,0.01,yes
2026-10-05T05:14:32.541289Z,KXBTC15M-26OCT050115-15,0.0260,108.19,yes
2026-10-05T05:14:32.541289Z,KXBTC15M-26OCT050115-15,0.0260,3.60,yes
2026-10-05T05:14:32.553107Z,KXBTC15M-26OCT050115-15,0.0260,31.42,yes
2026-10-05T05:14:32.553107Z,KXBTC15M-26OCT050115-15,0.0260,105.22,yes
2026-10-05T05:14:32.555949Z,KXBTC15M-26OCT050115-15,0.0260,3.88,yes
2026-10-05T05:14:32.564463Z,KXBTC15M-26OCT050115-15,0.0210,1047.00,no
2026-10-05T05:14:32.564463Z,KXBTC15M-26OCT050115-15,0.0250,0.01,no
2026-10-05T05:14:32.564463Z,KXBTC15M-26OCT050115-15,0.0250,29.75,no
2026-10-05T05:14:32.564463Z,KXBTC15M-26OCT050115-15,0.0200,49.07,no
2026-10-05T05:14:32.564463Z,KXBTC15M-26OCT050115-15,0.0200,15.00,no
2026-10-05T05:14:32.564463Z,KXBTC15M-26OCT050115-15,0.0200,64.00,no
2026-10-05T05:14:32.564463Z,KXBTC15M-26OCT050115-15,0.0200,64.00,no
2026-10-05T05:14:32.564463Z,KXBTC15M-26OCT050115-15,0.0250,10.00,no
2026-10-05T05:14:32.564463Z,KXBTC15M-26OCT050115-15,0.0200,93.75,no
2026-10-05T05:14:32.564463Z,KXBTC15M-26OCT050115-15,0.0250,270.00,no
2026-10-05T05:14:32.564463Z,KXBTC15M-26OCT050115-15,0.0250,0.01,no
2026-10-05T05:14:32.564463Z,KXBTC15M-26OCT050115-15,0.0240,1907.41,no
2026-10-05T05:14:32.567434Z,KXBTC15M-26OCT050115-15,0.0300,491.87,yes
2026-10-05T05:14:32.567434Z,KXBTC15M-26OCT050115-15,0.0320,44.16,yes
2026-10-05T05:14:32.567434Z,KXBTC15M-26OCT050115-15,0.0260,45.48,yes
2026-10-05T05:14:32.567434Z,KXBTC15M-26OCT050115-15,0.0290,12.00,yes
2026-10-05T05:14:32.567434Z,KXBTC15M-26OCT050115-15,0.0260,31.42,yes
2026-10-05T05:14:32.567434Z,KXBTC15M-26OCT050115-15,0.0310,57.00,yes
2026-10-05T05:14:32.567434Z,KXBTC15M-26OCT050115-15,0.0260,109.10,yes
2026-10-05T05:14:32.567434Z,KXBTC15M-26OCT050115-15,0.0300,0.01,yes
2026-10-05T05:14:32.567434Z,KXBTC15M-26OCT050115-15,0.0300,0.01,yes
2026-10-05T05:14:32.580998Z,KXBTC15M-26OCT050115-15,0.0260,0.01,yes
2026-10-05T05:14:32.580998Z,KXBTC15M-26OCT050115-15,0.0260,12.00,yes
2026-10-05T05:14:32.580998Z,KXBTC15M-26OCT050115-15,0.0270,45.88,yes
2026-10-05T05:14:32.585497Z,KXBTC15M-26OCT050115-15,0.0200,199.98,no
2026-10-05T05:14:32.585497Z,KXBTC15M-26OCT050115-15,0.0250,0.01,no
2026-10-05T05:14:32.585497Z,KXBTC15M-26OCT050115-15,0.0250,0.01,no
2026-10-05T05:14:32.587122Z,KXBTC15M-26OCT050115-15,0.0260,51.97,yes
2026-10-05T05:14:32.594667Z,KXBTC15M-26OCT050115-15,0.0200,228.99,no
2026-10-05T05:14:32.594667Z,KXBTC15M-26OCT050115-15,0.0210,642.00,no
2026-10-05T05:14:32.594667Z,KXBTC15M-26OCT050115-15,0.0210,11.00,no
2026-10-05T05:14:32.594667Z,KXBTC15M-26OCT050115-15,0.0210,0.01,no
2026-10-05T05:14:32.596073Z,KXBTC15M-26OCT050115-15,0.0200,371.03,no
2026-10-05T05:14:32.596073Z,KXBTC15M-26OCT050115-15,0.0200,0.01,no
2026-10-05T05:14:32.596073Z,KXBTC15M-26OCT050115-15,0.0200,0.01,no
2026-10-05T05:14:32.596073Z,KXBTC15M-26OCT050115-15,0.0200,50.00,no
2026-10-05T05:14:32.59642Z,KXBTC15M-26OCT050115-15,0.0200,180.03,yes
2026-10-05T05:14:32.606479Z,KXBTC15M-26OCT050115-15,0.0180,1.00,no
2026-10-05T05:14:32.606479Z,KXBTC15M-26OCT050115-15,0.0190,1.00,no
2026-10-05T05:14:32.606479Z,KXBTC15M-26OCT050115-15,0.0190,1.00,no
2026-10-05T05:14:32.606479Z,KXBTC15M-26OCT050115-15,0.0180,72.21,no
2026-10-05T05:14:32.606479Z,KXBTC15M-26OCT050115-15,0.0190,13.00,no
2026-10-05T05:14:32.612218Z,KXBTC15M-26OCT050115-15,0.0200,3.08,yes
2026-10-05T05:14:32.612726Z,KXBTC15M-26OCT050115-15,0.0200,1.04,yes
2026-10-05T05:14:32.613215Z,KXBTC15M-26OCT050115-15,0.0180,4.99,no
2026-10-05T05:14:32.613215Z,KXBTC15M-26OCT050115-15,0.0190,0.01,no
2026-10-05T05:14:32.614141Z,KXBTC15M-26OCT050115-15,0.0200,39.39,yes
2026-10-05T05:14:32.634131Z,KXBTC15M-26OCT050115-15,0.0180,26.88,no
2026-10-05T05:14:32.635164Z,KXBTC15M-26OCT050115-15,0.0190,69.02,yes
2026-10-05T05:14:32.641695Z,KXBTC15M-26OCT050115-15,0.0190,30.64,yes
2026-10-05T05:14:32.64808Z,KXBTC15M-26OCT050115-15,0.0160,271.40,no
2026-10-05T05:14:32.64808Z,KXBTC15M-26OCT050115-15,0.0160,660.00,no
2026-10-05T05:14:32.64808Z,KXBTC15M-26OCT050115-15,0.0170,1.00,no
2026-10-05T05:14:32.64808Z,KXBTC15M-26OCT050115-15,0.0180,56.00,no
2026-10-05T05:14:32.64808Z,KXBTC15M-26OCT050115-15,0.0170,12.00,no
2026-10-05T05:14:32.64808Z,KXBTC15M-26OCT050115-15,0.0180,0.01,no
2026-10-05T05:14:32.64808Z,KXBTC15M-26OCT050115-15,0.0180,0.01,no
2026-10-05T05:14:32.64808Z,KXBTC15M-26OCT050115-15,0.0170,2.00,no
2026-10-05T05:14:32.671223Z,KXBTC15M-26OCT050115-15,0.0160,6.09,no
2026-10-05T05:14:32.674807Z,KXBTC15M-26OCT050115-15,0.0170,26.00,yes
2026-10-05T05:14:32.68623Z,KXBTC15M-26OCT050115-15,0.0170,2896.00,yes
2026-10-05T05:14:32.686635Z,KXBTC15M-26OCT050115-15,0.0170,0.01,yes
2026-10-05T05:14:32.686635Z,KXBTC15M-26OCT050115-15,0.0170,219.00,yes
2026-10-05T05:14:32.692539Z,KXBTC15M-26OCT050115-15,0.0190,39.26,yes
2026-10-05T05:14:32.692539Z,KXBTC15M-26OCT050115-15,0.0170,0.01,yes
2026-10-05T05:14:32.703621Z,KXBTC15M-26OCT050115-15,0.0180,35.76,yes
2026-10-05T05:14:32.703975Z,KXBTC15M-26OCT050115-15,0.0180,0.28,yes
2026-10-05T05:14:32.709133Z,KXBTC15M-26OCT050115-15,0.0170,0.01,no
2026-10-05T05:14:32.710442Z,KXBTC15M-26OCT050115-15,0.0170,0.01,no
2026-10-05T05:14:32.711012Z,KXBTC15M-26OCT050115-15,0.0170,0.01,no
2026-10-05T05:14:32.711097Z,KXBTC15M-26OCT050115-15,0.0170,0.01,no
2026-10-05T05:14:32.711514Z,KXBTC15M-26OCT050115-15,0.0160,415.37,no
2026-10-05T05:14:32.711514Z,KXBTC15M-26OCT050115-15,0.0170,322.63,no
2026-10-05T05:14:32.711514Z,KXBTC15M-26OCT050115-15,0.0170,12.00,no
2026-10-05T05:14:32.711856Z,KXBTC15M-26OCT050115-15,0.0160,0.01,no
2026-10-05T05:14:32.712412Z,KXBTC15M-26OCT050115-15,0.0160,14.00,no
2026-10-05T05:14:32.716955Z,KXBTC15M-26OCT050115-15,0.0170,25.00,yes
2026-10-05T05:14:32.720606Z,KXBTC15M-26OCT050115-15,0.0170,87.90,yes
2026-10-05T05:14:32.721432Z,KXBTC15M-26OCT050115-15,0.0170,8.97,yes
2026-10-05T05:14:32.723065Z,KXBTC15M-26OCT050115-15,0.0170,31.41,yes
2026-10-05T05:14:32.72488Z,KXBTC15M-26OCT050115-15,0.0190,0.01,yes
2026-10-05T05:14:32.72488Z,KXBTC15M-26OCT050115-15,0.0190,13.41,yes
2026-10-05T05:14:32.72488Z,KXBTC15M-26OCT050115-15,0.0180,7.00,yes
2026-10-05T05:14:32.72488Z,KXBTC15M-26OCT050115-15,0.0170,21.72,yes
2026-10-05T05:14:32.72488Z,KXBTC15M-26OCT050115-15,0.0170,0.01,yes
2026-10-05T05:14:32.72488Z,KXBTC15M-26OCT050115-15,0.0180,0.01,yes
2026-10-05T05:14:32.739002Z,KXBTC15M-26OCT050115-15,0.0160,1.62,no
2026-10-05T05:14:32.741642Z,KXBTC15M-26OCT050115-15,0.0160,279.51,no
2026-10-05T05:14:32.741642Z,KXBTC15M-26OCT050115-15,0.0160,384.00,no
2026-10-05T05:14:32.741642Z,KXBTC15M-26OCT050115-15,0.0160,86.49,no
2026-10-05T05:14:32.746632Z,KXBTC15M-26OCT050115-15,0.0180,16.21,yes
2026-10-05T05:14:32.755169Z,KXBTC15M-26OCT050115-15,0.0160,100.00,no
2026-10-05T05:14:32.756288Z,KXBTC15M-26OCT050115-15,0.0190,198.89,yes
2026-10-05T05:14:32.756288Z,KXBTC15M-26OCT050115-15,0.0180,0.01,yes
2026-10-05T05:14:32.756288Z,KXBTC15M-26OCT050115-15,0.0180,123.79,yes
2026-10-05T05:14:32.758372Z,KXBTC15M-26OCT050115-15,0.0190,59.10,yes
2026-10-05T05:14:32.758372Z,KXBTC15M-26OCT050115-15,0.0190,0.01,yes
2026-10-05T05:14:32.758372Z,KXBTC15M-26OCT050115-15,0.0190,6.09,yes
2026-10-05T05:14:32.758372Z,KXBTC15M-26OCT050115-15,0.0190,96.24,yes
2026-10-05T05:14:32.767507Z,KXBTC15M-26OCT050115-15,0.0180,15.24,no
2026-10-05T05:14:32.775351Z,KXBTC15M-26OCT050115-15,0.0180,32.07,no
2026-10-05T05:14:32.778069Z,KXBTC15M-26OCT050115-15,0.0180,150.00,no
2026-10-05T05:14:32.778069Z,KXBTC15M-26OCT050115-15,0.0180,102.69,no
2026-10-05T05:14:32.778069Z,KXBTC15M-26OCT050115-15,0.0180,47.31,no
2026-10-05T05:14:32.778069Z,KXBTC15M-26OCT050115-15,0.0180,150.00,no
2026-10-05T05:14:32.778069Z,KXBTC15M-26OCT050115-15,0.0180,150.00,no
2026-10-05T05:14:32.778069Z,KXBTC15M-26OCT050115-15,0.0180,150.00,no
2026-10-05T05:14:32.780537Z,KXBTC15M-26OCT050115-15,0.0190,62.00,yes
2026-10-05T05:14:32.789599Z,KXBTC15M-26OCT050115-15,0.0160,185.01,no
2026-10-05T05:14:32.789599Z,KXBTC15M-26OCT050115-15,0.0180,0.01,no
2026-10-05T05:14:32.789599Z,KXBTC15M-26OCT050115-15,0.0180,102.69,no
2026-10-05T05:14:32.789599Z,KXBTC15M-26OCT050115-15,0.0180,0.01,no
2026-10-05T05:14:32.789599Z,KXBTC15M-26OCT050115-15,0.0180,1.00,no
2026-10-05T05:14:32.789599Z,KXBTC15M-26OCT050115-15,0.0170,12.00,no
2026-10-05T05:14:32.801831Z,KXBTC15M-26OCT050115-15,0.0190,32.28,yes
2026-10-05T05:14:32.805128Z,KXBTC15M-26OCT050115-15,0.0190,102.57,yes
2026-10-05T05:14:32.80977Z,KXBTC15M-26OCT050115-15,0.0190,67.85,yes
2026-10-05T05:14:32.811637Z,KXBTC15M-26OCT050115-15,0.0180,0.01,no
2026-10-05T05:14:32.811637Z,KXBTC15M-26OCT050115-15,0.0180,0.01,no
2026-10-05T05:14:32.811637Z,KXBTC15M-26OCT050115-15,0.0180,1.00,no
2026-10-05T05:14:32.811703Z,KXBTC15M-26OCT050115-15,0.0180,30.20,yes
2026-10-05T05:14:32.81409Z,KXBTC15M-26OCT050115-15,0.0180,229.07,yes
2026-10-05T05:14:32.822133Z,KXBTC15M-26OCT050115-15,0.0180,129.15,yes
2026-10-05T05:14:32.831941Z,KXBTC15M-26OCT050115-15,0.0190,68.44,yes
2026-10-05T05:14:32.831941Z,KXBTC15M-26OCT050115-15,0.0190,0.01,yes
2026-10-05T05:14:32.831941Z,KXBTC15M-26OCT050115-15,0.0190,248.89,yes
2026-10-05T05:14:32.831941Z,KXBTC15M-26OCT050115-15,0.0180,360.56,yes
2026-10-05T05:14:32.831941Z,KXBTC15M-26OCT050115-15,0.0180,185.01,yes
2026-10-05T05:14:32.83645Z,KXBTC15M-26OCT050115-15,0.0190,16.92,yes
2026-10-05T05:14:32.838549Z,KXBTC15M-26OCT050115-15,0.0190,15.32,yes
2026-10-05T05:14:32.838549Z,KXBTC15M-26OCT050115-15,0.0190,84.67,yes
2026-10-05T05:14:32.838549Z,KXBTC15M-26OCT050115-15,0.0190,0.01,yes
2026-10-05T05:14:32.841347Z,KXBTC15M-26OCT050115-15,0.0190,66.87,yes
2026-10-05T05:14:32.842737Z,KXBTC15M-26OCT050115-15,0.0190,193.73,yes
2026-10-05T05:14:32.845804Z,KXBTC15M-26OCT050115-15,0.0190,2.40,yes
2026-10-05T05:14:32.855284Z,KXBTC15M-26OCT050115-15,0.0240,12.00,yes
2026-10-05T05:14:32.855284Z,KXBTC15M-26OCT050115-15,0.0250,15.00,yes
2026-10-05T05:14:32.855284Z,KXBTC15M-26OCT050115-15,0.0250,64.00,yes
2026-10-05T05:14:32.855284Z,KXBTC15M-26OCT050115-15,0.0240,1.00,yes
2026-10-05T05:14:32.855284Z,KXBTC15M-26OCT050115-15,0.0190,86.49,yes
2026-10-05T05:14:32.855284Z,KXBTC15M-26OCT050115-15,0.0230,49.00,yes
2026-10-05T05:14:32.855284Z,KXBTC15M-26OCT050115-15,0.0240,1.00,yes
2026-10-05T05:14:32.855284Z,KXBTC15M-26OCT050115-15,0.0250,64.00,yes
2026-10-05T05:14:32.855284Z,KXBTC15M-26OCT050115-15,0.0190,36.33,yes
2026-10-05T05:14:32.855284Z,KXBTC15M-26OCT050115-15,0.0240,165.00,yes
2026-10-05T05:14:32.855284Z,KXBTC15M-26OCT050115-15,0.0210,429.00,yes
2026-10-05T05:14:32.855284Z,KXBTC15M-26OCT050115-15,0.0200,108.00,yes
2026-10-05T05:14:32.855284Z,KXBTC15M-26OCT050115-15,0.0260,11.27,yes
2026-10-05T05:14:32.855284Z,KXBTC15M-26OCT050115-15,0.0200,50.00,yes
2026-10-05T05:14:32.856906Z,KXBTC15M-26OCT050115-15,0.0260,315.00,yes
2026-10-05T05:14:32.856906Z,KXBTC15M-26OCT050115-15,0.0260,84.00,yes
2026-10-05T05:14:32.856906Z,KXBTC15M-26OCT050115-15,0.0260,9.73,yes
2026-10-05T05:14:32.864025Z,KXBTC15M-26OCT050115-15,0.0190,750.00,no
2026-10-05T05:14:32.867269Z,KXBTC15M-26OCT050115-15,0.0250,55.12,yes
2026-10-05T05:14:32.875622Z,KXBTC15M-26OCT050115-15,0.0250,130.88,yes
2026-10-05T05:14:32.875622Z,KXBTC15M-26OCT050115-15,0.0250,21.31,yes
2026-10-05T05:14:32.884163Z,KXBTC15M-26OCT050115-15,0.0250,0.36,yes
2026-10-05T05:14:32.896898Z,KXBTC15M-26OCT050115-15,0.0200,594.41,no
2026-10-05T05:14:32.896898Z,KXBTC15M-26OCT050115-15,0.0200,11.00,no
2026-10-05T05:14:32.897357Z,KXBTC15M-26OCT050115-15,0.0210,7.97,yes
2026-10-05T05:14:32.901831Z,KXBTC15M-26OCT050115-15,0.0210,31.57,yes
2026-10-05T05:14:32.905355Z,KXBTC15M-26OCT050115-15,0.0210,6.15,yes
2026-10-05T05:14:32.907035Z,KXBTC15M-26OCT050115-15,0.0260,63.00,yes
2026-10-05T05:14:32.907035Z,KXBTC15M-26OCT050115-15,0.0210,54.31,yes
2026-10-05T05:14:32.907035Z,KXBTC15M-26OCT050115-15,0.0270,115.04,yes
2026-10-05T05:14:32.907035Z,KXBTC15M-26OCT050115-15,0.0250,0.01,yes
2026-10-05T05:14:32.907035Z,KXBTC15M-26OCT050115-15,0.0250,21.31,yes
2026-10-05T05:14:32.907035Z,KXBTC15M-26OCT050115-15,0.0240,12.00,yes
2026-10-05T05:14:32.907035Z,KXBTC15M-26OCT050115-15,0.0250,33.45,yes
2026-10-05T05:14:32.907035Z,KXBTC15M-26OCT050115-15,0.0250,130.88,yes
2026-10-05T05:14:32.907035Z,KXBTC15M-26OCT050115-15,0.0260,70.00,yes
2026-10-05T05:14:32.91437Z,KXBTC15M-26OCT050115-15,0.0240,1.62,yes
2026-10-05T05:14:32.914505Z,KXBTC15M-26OCT050115-15,0.0210,100.00,no
2026-10-05T05:14:32.919492Z,KXBTC15M-26OCT050115-15,0.0240,31.77,yes
2026-10-05T05:14:32.925738Z,KXBTC15M-26OCT050115-15,0.0210,7.90,no
2026-10-05T05:14:32.927474Z,KXBTC15M-26OCT050115-15,0.0240,22.00,yes
2026-10-05T05:14:32.938901Z,KXBTC15M-26OCT050115-15,0.0240,33.43,yes
2026-10-05T05:14:32.946164Z,KXBTC15M-26OCT050115-15,0.0240,1.63,yes
2026-10-05T05:14:32.960115Z,KXBTC15M-26OCT050115-15,0.0210,42.10,no
2026-10-05T05:14:32.960115Z,KXBTC15M-26OCT050115-15,0.0210,31.08,no
2026-10-05T05:14:32.968958Z,KXBTC15M-26OCT050115-15,0.0210,18.90,no
2026-10-05T05:14:32.968958Z,KXBTC15M-26OCT050115-15,0.0220,1.00,no
2026-10-05T05:14:32.973961Z,KXBTC15M-26OCT050115-15,0.0220,10.00,no
2026-10-05T05:14:32.973961Z,KXBTC15M-26OCT050115-15,0.0200,0.01,no
2026-10-05T05:14:32.973961Z,KXBTC15M-26OCT050115-15,0.0220,0.01,no
2026-10-05T05:14:32.973961Z,KXBTC15M-26OCT050115-15,0.0210,0.01,no
2026-10-05T05:14:32.973961Z,KXBTC15M-26OCT050115-15,0.0210,0.01,no
2026-10-05T05:14:32.973961Z,KXBTC15M-26OCT050115-15,0.0190,170.36,no
2026-10-05T05:14:32.973961Z,KXBTC15M-26OCT050115-15,0.0220,0.01,no
2026-10-05T05:14:32.973961Z,KXBTC15M-26OCT050115-15,0.0200,0.01,no
2026-10-05T05:14:32.974161Z,KXBTC15M-26OCT050115-15,0.0230,33.43,yes
2026-10-05T05:14:32.974762Z,KXBTC15M-26OCT050115-15,0.0200,5.07,no
2026-10-05T05:14:32.999782Z,KXBTC15M-26OCT050115-15,0.0230,0.01,yes
2026-10-05T05:14:32.999782Z,KXBTC15M-26OCT050115-15,0.0230,93.43,yes
2026-10-05T05:14:33.033848Z,KXBTC15M-26OCT050115-15,0.0230,71.91,yes
2026-10-05T05:14:33.038445Z,KXBTC15M-26OCT050115-15,0.0230,10.09,yes
2026-10-05T05:14:33.038445Z,KXBTC15M-26OCT050115-15,0.0230,135.66,yes
2026-10-05T05:14:33.042897Z,KXBTC15M-26OCT050115-15,0.0230,0.01,yes
2026-10-05T05:14:33.042897Z,KXBTC15M-26OCT050115-15,0.0230,70.09,yes
2026-10-05T05:14:33.042897Z,KXBTC15M-26OCT050115-15,0.0230,1.91,yes
2026-10-05T05:14:33.049329Z,KXBTC15M-26OCT050115-15,0.0230,57.31,yes
2026-10-05T05:14:33.049329Z,KXBTC15M-26OCT050115-15,0.0230,115.91,yes
2026-10-05T05:14:33.049329Z,KXBTC15M-26OCT050115-15,0.0230,0.01,yes
2026-10-05T05:14:33.052421Z,KXBTC15M-26OCT050115-15,0.0230,21.39,yes
2026-10-05T05:14:33.054948Z,KXBTC15M-26OCT050115-15,0.0220,0.01,no
2026-10-05T05:14:33.054948Z,KXBTC15M-26OCT050115-15,0.0190,13.34,no
2026-10-05T05:14:33.054948Z,KXBTC15M-26OCT050115-15,0.0220,0.01,no
2026-10-05T05:14:33.062804Z,KXBTC15M-26OCT050115-15,0.0190,9.00,no
2026-10-05T05:14:33.063803Z,KXBTC15M-26OCT050115-15,0.0190,1000.00,no
2026-10-05T05:14:33.070074Z,KXBTC15M-26OCT050115-15,0.0210,36.00,yes
2026-10-05T05:14:33.104392Z,KXBTC15M-26OCT050115-15,0.0200,17.00,yes
2026-10-05T05:14:33.104392Z,KXBTC15M-26OCT050115-15,0.0200,81.30,yes
2026-10-05T05:14:33.104392Z,KXBTC15M-26OCT050115-15,0.0200,13.00,yes
2026-10-05T05:14:33.152843Z,KXBTC15M-26OCT050115-15,0.0200,96.34,yes
2026-10-05T05:14:33.1876Z,KXBTC15M-26OCT050115-15,0.0200,58.90,yes
2026-10-05T05:14:33.187916Z,KXBTC15M-26OCT050115-15,0.0160,0.98,no
2026-10-05T05:14:33.187916Z,KXBTC15M-26OCT050115-15,0.0190,0.01,no
2026-10-05T05:14:33.187916Z,KXBTC15M-26OCT050115-15,0.0190,0.01,no
2026-10-05T05:14:33.187916Z,KXBTC15M-26OCT050115-15,0.0180,2.00,no
2026-10-05T05:14:33.187916Z,KXBTC15M-26OCT050115-15,0.0170,2.00,no
2026-10-05T05:14:33.196933Z,KXBTC15M-26OCT050115-15,0.0190,2.43,yes
2026-10-05T05:14:33.200986Z,KXBTC15M-26OCT050115-15,0.0160,188.43,no
2026-10-05T05:14:33.200986Z,KXBTC15M-26OCT050115-15,0.0160,11.52,no
2026-10-05T05:14:33.200986Z,KXBTC15M-26OCT050115-15,0.0180,0.01,no
2026-10-05T05:14:33.200986Z,KXBTC15M-26OCT050115-15,0.0180,0.01,no
2026-10-05T05:14:33.216565Z,KXBTC15M-26OCT050115-15,0.0150,384.00,no
2026-10-05T05:14:33.216565Z,KXBTC15M-26OCT050115-15,0.0160,384.00,no
2026-10-05T05:14:33.216565Z,KXBTC15M-26OCT050115-15,0.0150,4.00,no
2026-10-05T05:14:33.216565Z,KXBTC15M-26OCT050115-15,0.0160,195.57,no
2026-10-05T05:14:33.216565Z,KXBTC15M-26OCT050115-15,0.0140,196.75,no
2026-10-05T05:14:33.216565Z,KXBTC15M-26OCT050115-15,0.0150,1.00,no
2026-10-05T05:14:33.216565Z,KXBTC15M-26OCT050115-15,0.0150,384.00,no
2026-10-05T05:14:33.216565Z,KXBTC15M-26OCT050115-15,0.0150,384.00,no
2026-10-05T05:14:33.216565Z,KXBTC15M-26OCT050115-15,0.0150,384.00,no
2026-10-05T05:14:33.216565Z,KXBTC15M-26OCT050115-15,0.0160,1.00,no
2026-10-05T05:14:33.216565Z,KXBTC15M-26OCT050115-15,0.0150,1.00,no
2026-10-05T05:14:33.216565Z,KXBTC15M-26OCT050115-15,0.0150,5.00,no
2026-10-05T05:14:33.216565Z,KXBTC15M-26OCT050115-15,0.0150,2.00,no
2026-10-05T05:14:33.216565Z,KXBTC15M-26OCT050115-15,0.0180,200.00,no
2026-10-05T05:14:33.216565Z,KXBTC15M-26OCT050115-15,0.0150,450.00,no
2026-10-05T05:14:33.216565Z,KXBTC15M-26OCT050115-15,0.0150,64.00,no
2026-10-05T05:14:33.216565Z,KXBTC15M-26OCT050115-15,0.0160,0.01,no
2026-10-05T05:14:33.216565Z,KXBTC15M-26OCT050115-15,0.0150,64.00,no
2026-10-05T05:14:33.216565Z,KXBTC15M-26OCT050115-15,0.0160,0.01,no
2026-10-05T05:14:33.216565Z,KXBTC15M-26OCT050115-15,0.0180,0.01,no
2026-10-05T05:14:33.216565Z,KXBTC15M-26OCT050115-15,0.0160,133.00,no
2026-10-05T05:14:33.216565Z,KXBTC15M-26OCT050115-15,0.0170,12.00,no
2026-10-05T05:14:33.244834Z,KXBTC15M-26OCT050115-15,0.0140,34.69,no
2026-10-05T05:14:33.244834Z,KXBTC15M-26OCT050115-15,0.0150,14.00,no
2026-10-05T05:14:33.244834Z,KXBTC15M-26OCT050115-15,0.0150,0.01,no
2026-10-05T05:14:33.244834Z,KXBTC15M-26OCT050115-15,0.0160,0.01,no
2026-10-05T05:14:33.244834Z,KXBTC15M-26OCT050115-15,0.0150,0.01,no
2026-10-05T05:14:33.244899Z,KXBTC15M-26OCT050115-15,0.0170,7.14,yes
2026-10-05T05:14:33.245943Z,KXBTC15M-26OCT050115-15,0.0140,10.03,no
2026-10-05T05:14:33.266913Z,KXBTC15M-26OCT050115-15,0.0160,314.01,yes
2026-10-05T05:14:33.266913Z,KXBTC15M-26OCT050115-15,0.0150,17.00,yes
2026-10-05T05:14:33.286882Z,KXBTC15M-26OCT050115-15,0.0150,15.44,yes
2026-10-05T05:14:33.287087Z,KXBTC15M-26OCT050115-15,0.0160,12.90,yes
2026-10-05T05:14:33.287087Z,KXBTC15M-26OCT050115-15,0.0150,1.56,yes
2026-10-05T05:14:33.287087Z,KXBTC15M-26OCT050115-15,0.0150,0.01,yes
2026-10-05T05:14:33.29201Z,KXBTC15M-26OCT050115-15,0.0160,28.36,yes
2026-10-05T05:14:33.298955Z,KXBTC15M-26OCT050115-15,0.0150,126.00,yes
2026-10-05T05:14:33.298955Z,KXBTC15M-26OCT050115-15,0.0150,17.00,yes
2026-10-05T05:14:33.298955Z,KXBTC15M-26OCT050115-15,0.0160,23.28,yes
2026-10-05T05:14:33.298955Z,KXBTC15M-26OCT050115-15,0.0160,28.73,yes
2026-10-05T05:14:33.30189Z,KXBTC15M-26OCT050115-15,0.0160,0.01,yes
2026-10-05T05:14:33.30189Z,KXBTC15M-26OCT050115-15,0.0150,0.01,yes
2026-10-05T05:14:33.30189Z,KXBTC15M-26OCT050115-15,0.0160,14.06,yes
2026-10-05T05:14:33.30189Z,KXBTC15M-26OCT050115-15,0.0160,360.72,yes
2026-10-05T05:14:33.302112Z,KXBTC15M-26OCT050115-15,0.0160,16.76,yes
2026-10-05T05:14:33.308674Z,KXBTC15M-26OCT050115-15,0.0170,188.43,yes
2026-10-05T05:14:33.308674Z,KXBTC15M-26OCT050115-15,0.0170,17.00,yes
2026-10-05T05:14:33.308674Z,KXBTC15M-26OCT050115-15,0.0160,11.18,yes
2026-10-05T05:14:33.308674Z,KXBTC15M-26OCT050115-15,0.0150,17.00,yes
2026-10-05T05:14:33.308674Z,KXBTC15M-26OCT050115-15,0.0160,70.00,yes
2026-10-05T05:14:33.308674Z,KXBTC15M-26OCT050115-15,0.0170,112.46,yes
2026-10-05T05:14:33.323282Z,KXBTC15M-26OCT050115-15,0.0150,0.30,yes
2026-10-05T05:14:33.323282Z,KXBTC15M-26OCT050115-15,0.0150,0.01,yes
2026-10-05T05:14:33.34439Z,KXBTC15M-26OCT050115-15,0.0150,0.39,yes
2026-10-05T05:14:33.345436Z,KXBTC15M-26OCT050115-15,0.0140,0.86,no
2026-10-05T05:14:33.366525Z,KXBTC15M-26OCT050115-15,0.0140,1.13,no
2026-10-05T05:14:33.377193Z,KXBTC15M-26OCT050115-15,0.0150,0.01,yes
2026-10-05T05:14:33.377193Z,KXBTC15M-26OCT050115-15,0.0150,16.31,yes
2026-10-05T05:14:33.377193Z,KXBTC15M-26OCT050115-15,0.0160,17.00,yes
2026-10-05T05:14:33.377193Z,KXBTC15M-26OCT050115-15,0.0150,0.01,yes
2026-10-05T05:14:33.377193Z,KXBTC15M-26OCT050115-15,0.0170,62.07,yes
2026-10-05T05:14:33.386303Z,KXBTC15M-26OCT050115-15,0.0170,79.20,yes
2026-10-05T05:14:33.386303Z,KXBTC15M-26OCT050115-15,0.0160,0.01,yes
2026-10-05T05:14:33.386303Z,KXBTC15M-26OCT050115-15,0.0160,17.00,yes
2026-10-05T05:14:33.386303Z,KXBTC15M-26OCT050115-15,0.0170,13.90,yes
2026-10-05T05:14:33.386303Z,KXBTC15M-26OCT050115-15,0.0160,296.84,yes
2026-10-05T05:14:33.390635Z,KXBTC15M-26OCT050115-15,0.0170,32.80,yes
2026-10-05T05:14:33.390635Z,KXBTC15M-26OCT050115-15,0.0160,0.01,yes
2026-10-05T05:14:33.390635Z,KXBTC15M-26OCT050115-15,0.0170,201.14,yes
2026-10-05T05:14:33.397375Z,KXBTC15M-26OCT050115-15,0.0150,8.28,yes
2026-10-05T05:14:33.40539Z,KXBTC15M-26OCT050115-15,0.0140,0.10,no
2026-10-05T05:14:33.414765Z,KXBTC15M-26OCT050115-15,0.0120,256.00,no
2026-10-05T05:14:33.414765Z,KXBTC15M-26OCT050115-15,0.0140,384.00,no
2026-10-05T05:14:33.414765Z,KXBTC15M-26OCT050115-15,0.0130,256.00,no
2026-10-05T05:14:33.414765Z,KXBTC15M-26OCT050115-15,0.0120,256.00,no
2026-10-05T05:14:33.414765Z,KXBTC15M-26OCT050115-15,0.0130,256.00,no
2026-10-05T05:14:33.414765Z,KXBTC15M-26OCT050115-15,0.0120,2500.00,no
2026-10-05T05:14:33.414765Z,KXBTC15M-26OCT050115-15,0.0140,384.00,no
2026-10-05T05:14:33.414765Z,KXBTC15M-26OCT050115-15,0.0120,256.00,no
2026-10-05T05:14:33.414765Z,KXBTC15M-26OCT050115-15,0.0140,384.00,no
2026-10-05T05:14:33.414765Z,KXBTC15M-26OCT050115-15,0.0130,150.00,no
2026-10-05T05:14:33.414765Z,KXBTC15M-26OCT050115-15,0.0130,256.00,no
2026-10-05T05:14:33.414765Z,KXBTC15M-26OCT050115-15,0.0120,256.00,no
2026-10-05T05:14:33.414765Z,KXBTC15M-26OCT050115-15,0.0140,83.44,no
2026-10-05T05:14:33.414765Z,KXBTC15M-26OCT050115-15,0.0140,384.00,no
2026-10-05T05:14:33.414765Z,KXBTC15M-26OCT050115-15,0.0120,150.00,no
2026-10-05T05:14:33.414765Z,KXBTC15M-26OCT050115-15,0.0120,330.00,no
2026-10-05T05:14:33.414765Z,KXBTC15M-26OCT050115-15,0.0130,256.00,no
2026-10-05T05:14:33.414765Z,KXBTC15M-26OCT050115-15,0.0120,4.00,no
2026-10-05T05:14:33.414765Z,KXBTC15M-26OCT050115-15,0.0130,1.00,no
2026-10-05T05:14:33.414765Z,KXBTC15M-26OCT050115-15,0.0140,1.00,no
2026-10-05T05:14:33.414765Z,KXBTC15M-26OCT050115-15,0.0120,1.00,no
2026-10-05T05:14:33.414765Z,KXBTC15M-26OCT050115-15,0.0140,5.00,no
2026-10-05T05:14:33.414765Z,KXBTC15M-26OCT050115-15,0.0130,5.00,no
2026-10-05T05:14:33.414765Z,KXBTC15M-26OCT050115-15,0.0140,13.00,no
2026-10-05T05:14:33.414765Z,KXBTC15M-26OCT050115-15,0.0140,2.00,no
2026-10-05T05:14:33.414765Z,KXBTC15M-26OCT050115-15,0.0130,2.00,no
2026-10-05T05:14:33.414765Z,KXBTC15M-26OCT050115-15,0.0140,0.01,no
2026-10-05T05:14:33.414765Z,KXBTC15M-26OCT050115-15,0.0130,519.00,no
2026-10-05T05:14:33.414765Z,KXBTC15M-26OCT050115-15,0.0140,0.01,no
2026-10-05T05:14:33.414765Z,KXBTC15M-26OCT050115-15,0.0130,1.00,no
2026-10-05T05:14:33.414765Z,KXBTC15M-26OCT050115-15,0.0140,2.00,no
2026-10-05T05:14:33.414765Z,KXBTC15M-26OCT050115-15,0.0130,120.00,no
2026-10-05T05:14:33.414765Z,KXBTC15M-26OCT050115-15,0.0140,323.79,no
2026-10-05T05:14:33.414765Z,KXBTC15M-26OCT050115-15,0.0120,1029.75,no
2026-10-05T05:14:33.414765Z,KXBTC15M-26OCT050115-15,0.0130,2.00,no
2026-10-05T05:14:33.414765Z,KXBTC15M-26OCT050115-15,0.0130,1038.00,no
2026-10-05T05:14:33.429771Z,KXBTC15M-26OCT050115-15,0.0140,23.69,yes
2026-10-05T05:14:33.429771Z,KXBTC15M-26OCT050115-15,0.0130,17.00,yes
2026-10-05T05:14:33.433409Z,KXBTC15M-26OCT050115-15,0.0140,8.13,yes
2026-10-05T05:14:33.448991Z,KXBTC15M-26OCT050115-15,0.0130,11.99,yes
2026-10-05T05:14:33.455817Z,KXBTC15M-26OCT050115-15,0.0130,71.76,yes
2026-10-05T05:14:33.46258Z,KXBTC15M-26OCT050115-15,0.0120,15.00,no
2026-10-05T05:14:33.46258Z,KXBTC15M-26OCT050115-15,0.0120,0.01,no
2026-10-05T05:14:33.46258Z,KXBTC15M-26OCT050115-15,0.0120,0.01,no
2026-10-05T05:14:33.476189Z,KXBTC15M-26OCT050115-15,0.0190,384.00,yes
2026-10-05T05:14:33.476189Z,KXBTC15M-26OCT050115-15,0.0120,150.00,yes
2026-10-05T05:14:33.476189Z,KXBTC15M-26OCT050115-15,0.0150,256.00,yes
2026-10-05T05:14:33.476189Z,KXBTC15M-26OCT050115-15,0.0190,148.65,yes
2026-10-05T05:14:33.476189Z,KXBTC15M-26OCT050115-15,0.0140,150.00,yes
2026-10-05T05:14:33.476189Z,KXBTC15M-26OCT050115-15,0.0170,1.00,yes
2026-10-05T05:14:33.476189Z,KXBTC15M-26OCT050115-15,0.0150,256.00,yes
2026-10-05T05:14:33.476189Z,KXBTC15M-26OCT050115-15,0.0150,1.72,yes
2026-10-05T05:14:33.476189Z,KXBTC15M-26OCT050115-15,0.0130,0.01,yes
2026-10-05T05:14:33.476189Z,KXBTC15M-26OCT050115-15,0.0180,22.69,yes
2026-10-05T05:14:33.476189Z,KXBTC15M-26OCT050115-15,0.0180,127.75,yes
2026-10-05T05:14:33.476189Z,KXBTC15M-26OCT050115-15,0.0180,7.03,yes
2026-10-05T05:14:33.476189Z,KXBTC15M-26OCT050115-15,0.0130,14.00,yes
2026-10-05T05:14:33.476189Z,KXBTC15M-26OCT050115-15,0.0130,256.00,yes
2026-10-05T05:14:33.476189Z,KXBTC15M-26OCT050115-15,0.0140,17.00,yes
2026-10-05T05:14:33.476189Z,KXBTC15M-26OCT050115-15,0.0150,384.00,yes
2026-10-05T05:14:33.476189Z,KXBTC15M-26OCT050115-15,0.0190,11.52,yes
2026-10-05T05:14:33.476189Z,KXBTC15M-26OCT050115-15,0.0160,17.00,yes
2026-10-05T05:14:33.476189Z,KXBTC15M-26OCT050115-15,0.0190,384.00,yes
2026-10-05T05:14:33.476189Z,KXBTC15M-26OCT050115-15,0.0140,256.00,yes
2026-10-05T05:14:33.476189Z,KXBTC15M-26OCT050115-15,0.0140,3141.00,yes
2026-10-05T05:14:33.476189Z,KXBTC15M-26OCT050115-15,0.0130,66.25,yes
2026-10-05T05:14:33.476189Z,KXBTC15M-26OCT050115-15,0.0140,0.01,yes
2026-10-05T05:14:33.476189Z,KXBTC15M-26OCT050115-15,0.0150,384.00,yes
2026-10-05T05:14:33.476189Z,KXBTC15M-26OCT050115-15,0.0160,1047.00,yes
2026-10-05T05:14:33.476189Z,KXBTC15M-26OCT050115-15,0.0130,0.01,yes
2026-10-05T05:14:33.476189Z,KXBTC15M-26OCT050115-15,0.0130,1113.00,yes
2026-10-05T05:14:33.476189Z,KXBTC15M-26OCT050115-15,0.0180,0.86,yes
2026-10-05T05:14:33.476189Z,KXBTC15M-26OCT050115-15,0.0120,150.00,yes
2026-10-05T05:14:33.476189Z,KXBTC15M-26OCT050115-15,0.0150,256.00,yes
2026-10-05T05:14:33.476189Z,KXBTC15M-26OCT050115-15,0.0120,150.00,yes
2026-10-05T05:14:33.476189Z,KXBTC15M-26OCT050115-15,0.0120,150.00,yes
2026-10-05T05:14:33.476189Z,KXBTC15M-26OCT050115-15,0.0120,150.00,yes
2026-10-05T05:14:33.476189Z,KXBTC15M-26OCT050115-15,0.0150,256.00,yes
2026-10-05T05:14:33.476189Z,KXBTC15M-26OCT050115-15,0.0150,384.00,yes
2026-10-05T05:14:33.489255Z,KXBTC15M-26OCT050115-15,0.0140,17.00,yes
2026-10-05T05:14:33.489255Z,KXBTC15M-26OCT050115-15,0.0150,17.00,yes
2026-10-05T05:14:33.489255Z,KXBTC15M-26OCT050115-15,0.0180,1.01,yes
2026-10-05T05:14:33.489255Z,KXBTC15M-26OCT050115-15,0.0180,5.68,yes
2026-10-05T05:14:33.493547Z,KXBTC15M-26OCT050115-15,0.0130,9.05,no
2026-10-05T05:14:33.499968Z,KXBTC15M-26OCT050115-15,0.0170,676.71,no
2026-10-05T05:14:33.504932Z,KXBTC15M-26OCT050115-15,0.0180,3.55,yes
2026-10-05T05:14:33.504932Z,KXBTC15M-26OCT050115-15,0.0180,1.13,yes
2026-10-05T05:14:33.504932Z,KXBTC15M-26OCT050115-15,0.0180,0.01,yes
2026-10-05T05:14:33.507807Z,KXBTC15M-26OCT050115-15,0.0180,9.02,yes
2026-10-05T05:14:33.519762Z,KXBTC15M-26OCT050115-15,0.0180,7.98,yes
2026-10-05T05:14:33.519762Z,KXBTC15M-26OCT050115-15,0.0190,23.34,yes
2026-10-05T05:14:33.524688Z,KXBTC15M-26OCT050115-15,0.0180,0.10,no
2026-10-05T05:14:33.548115Z,KXBTC15M-26OCT050115-15,0.0180,54.44,no
2026-10-05T05:14:33.55455Z,KXBTC15M-26OCT050115-15,0.0180,91.19,no
2026-10-05T05:14:33.556406Z,KXBTC15M-26OCT050115-15,0.0190,14.47,yes
2026-10-05T05:14:33.563864Z,KXBTC15M-26OCT050115-15,0.0940,1047.00,yes
2026-10-05T05:14:33.563864Z,KXBTC15M-26OCT050115-15,0.0900,1047.00,yes
2026-10-05T05:14:33.563864Z,KXBTC15M-26OCT050115-15,0.0980,1047.00,yes
2026-10-05T05:14:33.563864Z,KXBTC15M-26OCT050115-15,0.1800,6.00,yes
2026-10-05T05:14:33.563864Z,KXBTC15M-26OCT050115-15,0.1100,1047.00,yes
2026-10-05T05:14:33.563864Z,KXBTC15M-26OCT050115-15,0.0840,1047.00,yes
2026-10-05T05:14:33.563864Z,KXBTC15M-26OCT050115-15,0.1000,1047.00,yes
2026-10-05T05:14:33.563864Z,KXBTC15M-26OCT050115-15,0.0860,1047.00,yes
2026-10-05T05:14:33.563864Z,KXBTC15M-26OCT050115-15,0.0820,434.42,yes
2026-10-05T05:14:33.563864Z,KXBTC15M-26OCT050115-15,0.0450,500.00,yes
2026-10-05T05:14:33.563864Z,KXBTC15M-26OCT050115-15,0.1600,1047.00,yes
2026-10-05T05:14:33.563864Z,KXBTC15M-26OCT050115-15,0.1200,1047.00,yes
2026-10-05T05:14:33.563864Z,KXBTC15M-26OCT050115-15,0.1700,1047.00,yes
2026-10-05T05:14:33.563864Z,KXBTC15M-26OCT050115-15,0.1300,1047.00,yes
2026-10-05T05:14:33.563864Z,KXBTC15M-26OCT050115-15,0.1800,1047.00,yes
2026-10-05T05:14:33.563864Z,KXBTC15M-26OCT050115-15,0.1400,1047.00,yes
2026-10-05T05:14:33.563864Z,KXBTC15M-26OCT050115-15,0.1500,1047.00,yes
2026-10-05T05:14:33.563864Z,KXBTC15M-26OCT050115-15,0.0550,200.00,yes
2026-10-05T05:14:33.563864Z,KXBTC15M-26OCT050115-15,0.1900,281.01,yes
2026-10-05T05:14:33.563864Z,KXBTC15M-26OCT050115-15,0.0690,1047.00,yes
2026-10-05T05:14:33.563864Z,KXBTC15M-26OCT050115-15,0.0700,495.49,yes
2026-10-05T05:14:33.563864Z,KXBTC15M-26OCT050115-15,0.0800,4.00,yes
2026-10-05T05:14:33.563864Z,KXBTC15M-26OCT050115-15,0.0660,925.44,yes
2026-10-05T05:14:33.563864Z,KXBTC15M-26OCT050115-15,0.1000,500.00,yes
2026-10-05T05:14:33.563864Z,KXBTC15M-26OCT050115-15,0.0750,1047.00,yes
2026-10-05T05:14:33.563864Z,KXBTC15M-26OCT050115-15,0.0790,1047.00,yes
2026-10-05T05:14:33.563864Z,KXBTC15M-26OCT050115-15,0.0720,1032.80,yes
2026-10-05T05:14:33.563864Z,KXBTC15M-26OCT050115-15,0.0770,1047.00,yes
2026-10-05T05:14:33.563864Z,KXBTC15M-26OCT050115-15,0.0440,1047.00,yes
2026-10-05T05:14:33.563864Z,KXBTC15M-26OCT050115-15,0.0540,109.00,yes
2026-10-05T05:14:33.563864Z,KXBTC15M-26OCT050115-15,0.0410,1047.00,yes
2026-10-05T05:14:33.563864Z,KXBTC15M-26OCT050115-15,0.0450,64.00,yes
2026-10-05T05:14:33.563864Z,KXBTC15M-26OCT050115-15,0.0510,22.00,yes
2026-10-05T05:14:33.563864Z,KXBTC15M-26OCT050115-15,0.0630,1047.00,yes
2026-10-05T05:14:33.563864Z,KXBTC15M-26OCT050115-15,0.0510,1047.00,yes
2026-10-05T05:14:33.563864Z,KXBTC15M-26OCT050115-15,0.0470,1047.00,yes
2026-10-05T05:14:33.563864Z,KXBTC15M-26OCT050115-15,0.0750,2.00,yes
2026-10-05T05:14:33.563864Z,KXBTC15M-26OCT050115-15,0.0490,1047.00,yes
2026-10-05T05:14:33.563864Z,KXBTC15M-26OCT050115-15,0.1800,25.00,yes
2026-10-05T05:14:33.563864Z,KXBTC15M-26OCT050115-15,0.0590,415.35,yes
2026-10-05T05:14:33.563864Z,KXBTC15M-26OCT050115-15,0.1000,30.00,yes
2026-10-05T05:14:33.563864Z,KXBTC15M-26OCT050115-15,0.0610,1047.00,yes
2026-10-05T05:14:33.563864Z,KXBTC15M-26OCT050115-15,0.1800,2.00,yes
2026-10-05T05:14:33.563864Z,KXBTC15M-26OCT050115-15,0.1200,22.00,yes
2026-10-05T05:14:33.563864Z,KXBTC15M-26OCT050115-15,0.0530,1047.00,yes
2026-10-05T05:14:33.563864Z,KXBTC15M-26OCT050115-15,0.0550,1047.00,yes
2026-10-05T05:14:33.563864Z,KXBTC15M-26OCT050115-15,0.0400,203.00,yes
2026-10-05T05:14:33.563864Z,KXBTC15M-26OCT050115-15,0.0350,15.00,yes
2026-10-05T05:14:33.563864Z,KXBTC15M-26OCT050115-15,0.1400,10.00,yes
2026-10-05T05:14:33.563864Z,KXBTC15M-26OCT050115-15,0.0770,1.11,yes
2026-10-05T05:14:33.563864Z,KXBTC15M-26OCT050115-15,0.0360,1047.00,yes
2026-10-05T05:14:33.563864Z,KXBTC15M-26OCT050115-15,0.0340,1047.00,yes
2026-10-05T05:14:33.563864Z,KXBTC15M-26OCT050115-15,0.0490,1143.40,yes
2026-10-05T05:14:33.563864Z,KXBTC15M-26OCT050115-15,0.0380,1047.00,yes
2026-10-05T05:14:33.563864Z,KXBTC15M-26OCT050115-15,0.0460,20.00,yes
2026-10-05T05:14:33.563864Z,KXBTC15M-26OCT050115-15,0.0400,15.00,yes
2026-10-05T05:14:33.563864Z,KXBTC15M-26OCT050115-15,0.0940,100.00,yes
2026-10-05T05:14:33.563864Z,KXBTC15M-26OCT050115-15,0.0320,391.16,yes
2026-10-05T05:14:33.563864Z,KXBTC15M-26OCT050115-15,0.0190,256.00,yes
2026-10-05T05:14:33.563864Z,KXBTC15M-26OCT050115-15,0.0240,3.00,yes
2026-10-05T05:14:33.563864Z,KXBTC15M-26OCT050115-15,0.0270,280.00,yes
2026-10-05T05:14:33.563864Z,KXBTC15M-26OCT050115-15,0.0240,20.00,yes
2026-10-05T05:14:33.563864Z,KXBTC15M-26OCT050115-15,0.0210,2.00,yes
2026-10-05T05:14:33.563864Z,KXBTC15M-26OCT050115-15,0.0210,49.00,yes
2026-10-05T05:14:33.563864Z,KXBTC15M-26OCT050115-15,0.0310,275.00,yes
2026-10-05T05:14:33.563864Z,KXBTC15M-26OCT050115-15,0.0200,0.98,yes
2026-10-05T05:14:33.563864Z,KXBTC15M-26OCT050115-15,0.0210,21.00,yes
2026-10-05T05:14:33.563864Z,KXBTC15M-26OCT050115-15,0.0240,1.00,yes
2026-10-05T05:14:33.563864Z,KXBTC15M-26OCT050115-15,0.0190,197.54,yes
2026-10-05T05:14:33.563864Z,KXBTC15M-26OCT050115-15,0.0190,256.00,yes
2026-10-05T05:14:33.563864Z,KXBTC15M-26OCT050115-15,0.0190,0.01,yes
2026-10-05T05:14:33.563864Z,KXBTC15M-26OCT050115-15,0.0280,500.00,yes
2026-10-05T05:14:33.563864Z,KXBTC15M-26OCT050115-15,0.0190,384.00,yes
2026-10-05T05:14:33.563864Z,KXBTC15M-26OCT050115-15,0.0800,192.16,yes
2026-10-05T05:14:33.563864Z,KXBTC15M-26OCT050115-15,0.0190,17.00,yes
2026-10-05T05:14:33.563864Z,KXBTC15M-26OCT050115-15,0.0190,154.00,yes
2026-10-05T05:14:33.563864Z,KXBTC15M-26OCT050115-15,0.0300,14.38,yes
2026-10-05T05:14:33.563864Z,KXBTC15M-26OCT050115-15,0.0190,13.00,yes
2026-10-05T05:14:33.563864Z,KXBTC15M-26OCT050115-15,0.0250,64.00,yes
2026-10-05T05:14:33.563864Z,KXBTC15M-26OCT050115-15,0.0330,203.00,yes
2026-10-05T05:14:33.563864Z,KXBTC15M-26OCT050115-15,0.0190,63.00,yes
2026-10-05T05:14:33.563864Z,KXBTC15M-26OCT050115-15,0.0330,504.00,yes
2026-10-05T05:14:33.563864Z,KXBTC15M-26OCT050115-15,0.0200,3500.00,yes
2026-10-05T05:14:33.563864Z,KXBTC15M-26OCT050115-15,0.0250,15.00,yes
2026-10-05T05:14:33.563864Z,KXBTC15M-26OCT050115-15,0.0210,17.00,yes
2026-10-05T05:14:33.563864Z,KXBTC15M-26OCT050115-15,0.0190,333.77,yes
2026-10-05T05:14:33.563864Z,KXBTC15M-26OCT050115-15,0.0210,9.00,yes
2026-10-05T05:14:33.563864Z,KXBTC15M-26OCT050115-15,0.0190,0.01,yes
2026-10-05T05:14:33.563864Z,KXBTC15M-26OCT050115-15,0.0290,500.00,yes
2026-10-05T05:14:33.563864Z,KXBTC15M-26OCT050115-15,0.0400,245.00,yes
2026-10-05T05:14:33.563864Z,KXBTC15M-26OCT050115-15,0.0300,93.75,yes
2026-10-05T05:14:33.563864Z,KXBTC15M-26OCT050115-15,0.0350,64.00,yes
2026-10-05T05:14:33.563864Z,KXBTC15M-26OCT050115-15,0.0350,15.00,yes
2026-10-05T05:14:33.563864Z,KXBTC15M-26OCT050115-15,0.0940,25.00,yes
2026-10-05T05:14:33.563864Z,KXBTC15M-26OCT050115-15,0.0300,15.00,yes
2026-10-05T05:14:33.563864Z,KXBTC15M-26OCT050115-15,0.1000,55.00,yes
2026-10-05T05:14:33.563864Z,KXBTC15M-26OCT050115-15,0.0300,64.00,yes
2026-10-05T05:14:33.563864Z,KXBTC15M-26OCT050115-15,0.0250,150.00,yes
2026-10-05T05:14:33.563864Z,KXBTC15M-26OCT050115-15,0.0300,22.00,yes
2026-10-05T05:14:33.563864Z,KXBTC15M-26OCT050115-15,0.0300,93.75,yes
2026-10-05T05:14:33.563864Z,KXBTC15M-26OCT050115-15,0.0300,15.00,yes
2026-10-05T05:14:33.563864Z,KXBTC15M-26OCT050115-15,0.0280,66.00,yes
2026-10-05T05:14:33.563864Z,KXBTC15M-26OCT050115-15,0.0300,109.00,yes
2026-10-05T05:14:33.563864Z,KXBTC15M-26OCT050115-15,0.0240,150.00,yes
2026-10-05T05:14:33.563864Z,KXBTC15M-26OCT050115-15,0.0350,93.75,yes
2026-10-05T05:14:33.563864Z,KXBTC15M-26OCT050115-15,0.1100,3.00,yes
2026-10-05T05:14:33.563864Z,KXBTC15M-26OCT050115-15,0.1000,78.00,yes
2026-10-05T05:14:33.563864Z,KXBTC15M-26OCT050115-15,0.0500,74.00,yes
2026-10-05T05:14:33.563864Z,KXBTC15M-26OCT050115-15,0.0300,64.00,yes
2026-10-05T05:14:33.563864Z,KXBTC15M-26OCT050115-15,0.0240,252.00,yes
2026-10-05T05:14:33.563864Z,KXBTC15M-26OCT050115-15,0.0310,130.00,yes
2026-10-05T05:14:33.563864Z,KXBTC15M-26OCT050115-15,0.0410,250.00,yes
2026-10-05T05:14:33.563864Z,KXBTC15M-26OCT050115-15,0.0750,10.00,yes
2026-10-05T05:14:33.571702Z,KXBTC15M-26OCT050115-15,0.0360,1.00,yes
2026-10-05T05:14:33.571702Z,KXBTC15M-26OCT050115-15,0.0270,42.00,yes
2026-10-05T05:14:33.571702Z,KXBTC15M-26OCT050115-15,0.0250,93.75,yes
2026-10-05T05:14:33.571702Z,KXBTC15M-26OCT050115-15,0.0190,0.01,yes
2026-10-05T05:14:33.578665Z,KXBTC15M-26OCT050115-15,0.1800,8.00,no
2026-10-05T05:14:33.579197Z,KXBTC15M-26OCT050115-15,0.1800,828.00,no
2026-10-05T05:14:33.579615Z,KXBTC15M-26OCT050115-15,0.1800,100.00,no
2026-10-05T05:14:33.57982Z,KXBTC15M-26OCT050115-15,0.1800,369.00,no
2026-10-05T05:14:33.582041Z,KXBTC15M-26OCT050115-15,0.1800,49.28,no
2026-10-05T05:14:33.582207Z,KXBTC15M-26OCT050115-15,0.1800,30.60,no
2026-10-05T05:14:33.587629Z,KXBTC15M-26OCT050115-15,0.1800,49.27,no
2026-10-05T05:14:33.587759Z,KXBTC15M-26OCT050115-15,0.1800,30.60,no
2026-10-05T05:14:33.590031Z,KXBTC15M-26OCT050115-15,0.1800,1676.25,no
2026-10-05T05:14:33.590031Z,KXBTC15M-26OCT050115-15,0.1800,5.00,no
2026-10-05T05:14:33.592501Z,KXBTC15M-26OCT050115-15,0.1700,30.59,no
2026-10-05T05:14:33.592501Z,KXBTC15M-26OCT050115-15,0.1800,0.01,no
2026-10-05T05:14:33.59256Z,KXBTC15M-26OCT050115-15,0.1700,49.27,no
2026-10-05T05:14:33.595897Z,KXBTC15M-26OCT050115-15,0.1700,10.00,no
2026-10-05T05:14:33.601057Z,KXBTC15M-26OCT050115-15,0.1700,27.65,no
2026-10-05T05:14:33.602129Z,KXBTC15M-26OCT050115-15,0.1700,215.00,no
2026-10-05T05:14:33.602348Z,KXBTC15M-26OCT050115-15,0.1700,32.76,no
2026-10-05T05:14:33.602595Z,KXBTC15M-26OCT050115-15,0.1700,9.65,no
2026-10-05T05:14:33.602795Z,KXBTC15M-26OCT050115-15,0.1700,543.31,no
2026-10-05T05:14:33.605195Z,KXBTC15M-26OCT050115-15,0.1600,836.22,no
2026-10-05T05:14:33.605195Z,KXBTC15M-26OCT050115-15,0.1700,128.77,no
2026-10-05T05:14:33.605195Z,KXBTC15M-26OCT050115-15,0.1700,0.01,no
2026-10-05T05:14:33.605485Z,KXBTC15M-26OCT050115-15,0.1600,150.00,no
2026-10-05T05:14:33.605663Z,KXBTC15M-26OCT050115-15,0.1600,60.78,no
2026-10-05T05:14:33.605663Z,KXBTC15M-26OCT050115-15,0.1500,11.22,no
2026-10-05T05:14:33.606636Z,KXBTC15M-26OCT050115-15,0.1500,150.00,no
2026-10-05T05:14:33.606795Z,KXBTC15M-26OCT050115-15,0.1500,450.00,no
2026-10-05T05:14:33.607117Z,KXBTC15M-26OCT050115-15,0.1200,253.22,no
2026-10-05T05:14:33.607117Z,KXBTC15M-26OCT050115-15,0.1400,1047.00,no
2026-10-05T05:14:33.607117Z,KXBTC15M-26OCT050115-15,0.1500,435.78,no
2026-10-05T05:14:33.607117Z,KXBTC15M-26OCT050115-15,0.1300,1047.00,no
2026-10-05T05:14:33.607117Z,KXBTC15M-26OCT050115-15,0.1500,5.00,no
2026-10-05T05:14:33.607391Z,KXBTC15M-26OCT050115-15,0.1200,425.00,no
2026-10-05T05:14:33.615777Z,KXBTC15M-26OCT050115-15,0.1500,82.00,no
2026-10-05T05:14:33.636744Z,KXBTC15M-26OCT050115-15,0.1500,965.00,no
2026-10-05T05:14:33.636744Z,KXBTC15M-26OCT050115-15,0.1500,0.01,no
2026-10-05T05:14:33.636744Z,KXBTC15M-26OCT050115-15,0.1400,634.99,no
2026-10-05T05:14:33.637753Z,KXBTC15M-26OCT050115-15,0.1400,33.00,no
2026-10-05T05:14:33.640858Z,KXBTC15M-26OCT050115-15,0.1400,379.01,no
2026-10-05T05:14:33.642118Z,KXBTC15M-26OCT050115-15,0.1300,10.00,no
2026-10-05T05:14:33.650066Z,KXBTC15M-26OCT050115-15,0.1300,2.00,no
2026-10-05T05:14:33.651254Z,KXBTC15M-26OCT050115-15,0.1300,5.69,no
2026-10-05T05:14:33.654472Z,KXBTC15M-26OCT050115-15,0.1300,31.00,no
2026-10-05T05:14:33.658399Z,KXBTC15M-26OCT050115-15,0.1300,854.00,no
2026-10-05T05:14:33.659462Z,KXBTC15M-26OCT050115-15,0.1100,434.90,no
2026-10-05T05:14:33.659462Z,KXBTC15M-26OCT050115-15,0.1300,144.31,no
2026-10-05T05:14:33.659462Z,KXBTC15M-26OCT050115-15,0.1300,0.01,no
2026-10-05T05:14:33.659462Z,KXBTC15M-26OCT050115-15,0.1200,5.00,no
2026-10-05T05:14:33.659462Z,KXBTC15M-26OCT050115-15,0.1200,368.78,no
2026-10-05T05:14:33.659462Z,KXBTC15M-26OCT050115-15,0.1100,1047.00,no
2026-10-05T05:14:33.666597Z,KXBTC15M-26OCT050115-15,0.1200,657.48,no
2026-10-05T05:14:33.672023Z,KXBTC15M-26OCT050115-15,0.1200,389.00,no
2026-10-05T05:14:33.672616Z,KXBTC15M-26OCT050115-15,0.1100,442.48,no
2026-10-05T05:14:33.672616Z,KXBTC15M-26OCT050115-15,0.1200,0.52,no
2026-10-05T05:14:33.70671Z,KXBTC15M-26OCT050115-15,0.1200,2679.32,no
2026-10-05T05:14:33.720727Z,KXBTC15M-26OCT050115-15,0.1200,0.01,no
2026-10-05T05:14:33.720727Z,KXBTC15M-26OCT050115-15,0.1200,0.01,no
2026-10-05T05:14:33.731662Z,KXBTC15M-26OCT050115-15,0.1000,50.23,no
2026-10-05T05:14:33.731662Z,KXBTC15M-26OCT050115-15,0.1100,0.01,no
2026-10-05T05:14:33.731662Z,KXBTC15M-26OCT050115-15,0.1100,0.01,no
2026-10-05T05:14:33.755847Z,KXBTC15M-26OCT050115-15,0.1100,9.13,yes
2026-10-05T05:14:33.789308Z,KXBTC15M-26OCT050115-15,0.1000,50.00,no
2026-10-05T05:14:33.791647Z,KXBTC15M-26OCT050115-15,0.1000,10.09,no
2026-10-05T05:14:33.839824Z,KXBTC15M-26OCT050115-15,0.1000,0.01,no
2026-10-05T05:14:33.839824Z,KXBTC15M-26OCT050115-15,0.1000,936.68,no
2026-10-05T05:14:33.839824Z,KXBTC15M-26OCT050115-15,0.1000,0.01,no
2026-10-05T05:14:33.839824Z,KXBTC15M-26OCT050115-15,0.0990,7.00,no
2026-10-05T05:14:33.858088Z,KXBTC15M-26OCT050115-15,0.0990,5.05,no
2026-10-05T05:14:33.858088Z,KXBTC15M-26OCT050115-15,0.0990,0.01,no
2026-10-05T05:14:33.872052Z,KXBTC15M-26OCT050115-15,0.0980,400.00,no
2026-10-05T05:14:33.87278Z,KXBTC15M-26OCT050115-15,0.0980,647.00,no
2026-10-05T05:14:33.87278Z,KXBTC15M-26OCT050115-15,0.0920,313.98,no
2026-10-05T05:14:33.87278Z,KXBTC15M-26OCT050115-15,0.0980,0.01,no
2026-10-05T05:14:33.87278Z,KXBTC15M-26OCT050115-15,0.0970,7.00,no
2026-10-05T05:14:33.87278Z,KXBTC15M-26OCT050115-15,0.0940,1047.00,no
2026-10-05T05:14:33.87278Z,KXBTC15M-26OCT050115-15,0.0980,0.01,no
2026-10-05T05:14:33.87278Z,KXBTC15M-26OCT050115-15,0.0960,1047.00,no
2026-10-05T05:14:33.916495Z,KXBTC15M-26OCT050115-15,0.0910,0.01,no
2026-10-05T05:14:33.916495Z,KXBTC15M-26OCT050115-15,0.0860,12.75,no
2026-10-05T05:14:33.916495Z,KXBTC15M-26OCT050115-15,0.0910,1.00,no
2026-10-05T05:14:33.919269Z,KXBTC15M-26OCT050115-15,0.0860,2.02,no
2026-10-05T05:14:33.923747Z,KXBTC15M-26OCT050115-15,0.0860,0.71,no
2026-10-05T05:14:33.927725Z,KXBTC15M-26OCT050115-15,0.0900,11.80,yes
2026-10-05T05:14:33.930181Z,KXBTC15M-26OCT050115-15,0.0900,80.89,yes
2026-10-05T05:14:33.955168Z,KXBTC15M-26OCT050115-15,0.0890,23.15,yes
2026-10-05T05:14:33.967747Z,KXBTC15M-26OCT050115-15,0.0890,31.17,yes
2026-10-05T05:14:33.970382Z,KXBTC15M-26OCT050115-15,0.0880,1.11,yes
2026-10-05T05:14:33.970382Z,KXBTC15M-26OCT050115-15,0.0880,10.69,yes
2026-10-05T05:14:33.985857Z,KXBTC15M-26OCT050115-15,0.0870,161.84,yes
2026-10-05T05:14:33.985857Z,KXBTC15M-26OCT050115-15,0.0870,84.00,yes
2026-10-05T05:14:33.997959Z,KXBTC15M-26OCT050115-15,0.0870,1.75,yes
2026-10-05T05:14:33.998091Z,KXBTC15M-26OCT050115-15,0.0860,813.83,no
2026-10-05T05:14:33.999791Z,KXBTC15M-26OCT050115-15,0.0860,1.00,no
2026-10-05T05:14:34.007115Z,KXBTC15M-26OCT050115-15,0.0870,11.68,yes
2026-10-05T05:14:34.021222Z,KXBTC15M-26OCT050115-15,0.0870,7.00,yes
2026-10-05T05:14:34.021222Z,KXBTC15M-26OCT050115-15,0.0870,10.73,yes
2026-10-05T05:14:34.021222Z,KXBTC15M-26OCT050115-15,0.0870,73.60,yes
2026-10-05T05:14:34.02142Z,KXBTC15M-26OCT050115-15,0.0870,84.96,yes
2026-10-05T05:14:34.023475Z,KXBTC15M-26OCT050115-15,0.0870,8.55,yes
2026-10-05T05:14:34.026987Z,KXBTC15M-26OCT050115-15,0.0870,29.84,yes
2026-10-05T05:14:34.030995Z,KXBTC15M-26OCT050115-15,0.0810,216.88,no
2026-10-05T05:14:34.030995Z,KXBTC15M-26OCT050115-15,0.0860,0.01,no
2026-10-05T05:14:34.030995Z,KXBTC15M-26OCT050115-15,0.0860,0.01,no
2026-10-05T05:14:34.035812Z,KXBTC15M-26OCT050115-15,0.0860,0.01,no
2026-10-05T05:14:34.035812Z,KXBTC15M-26OCT050115-15,0.0810,17.99,no
2026-10-05T05:14:34.043037Z,KXBTC15M-26OCT050115-15,0.0860,0.01,no
2026-10-05T05:14:34.043037Z,KXBTC15M-26OCT050115-15,0.0810,0.01,no
2026-10-05T05:14:34.043037Z,KXBTC15M-26OCT050115-15,0.0790,30.98,no
2026-10-05T05:14:34.06929Z,KXBTC15M-26OCT050115-15,0.0860,0.01,no
2026-10-05T05:14:34.06929Z,KXBTC15M-26OCT050115-15,0.0860,0.01,no
2026-10-05T05:14:34.06929Z,KXBTC15M-26OCT050115-15,0.0790,1016.02,no
2026-10-05T05:14:34.079923Z,KXBTC15M-26OCT050115-15,0.0790,0.01,no
2026-10-05T05:14:34.080528Z,KXBTC15M-26OCT050115-15,0.0760,9.00,no
2026-10-05T05:14:34.080528Z,KXBTC15M-26OCT050115-15,0.0750,94.00,no
2026-10-05T05:14:34.082799Z,KXBTC15M-26OCT050115-15,0.0750,116.00,no
2026-10-05T05:14:34.087623Z,KXBTC15M-26OCT050115-15,0.0720,9.00,no
2026-10-05T05:14:34.087623Z,KXBTC15M-26OCT050115-15,0.0710,1.27,no
2026-10-05T05:14:34.088147Z,KXBTC15M-26OCT050115-15,0.0710,1000.00,no
2026-10-05T05:14:34.093924Z,KXBTC15M-26OCT050115-15,0.0790,323.59,yes
2026-10-05T05:14:34.112014Z,KXBTC15M-26OCT050115-15,0.0750,0.01,no
2026-10-05T05:14:34.112014Z,KXBTC15M-26OCT050115-15,0.0680,10.55,no
2026-10-05T05:14:34.114603Z,KXBTC15M-26OCT050115-15,0.0760,8.23,yes
2026-10-05T05:14:34.12183Z,KXBTC15M-26OCT050115-15,0.0690,5.90,yes
2026-10-05T05:14:34.159973Z,KXBTC15M-26OCT050115-15,0.0690,50.00,no
2026-10-05T05:14:34.159973Z,KXBTC15M-26OCT050115-15,0.0690,150.00,no
2026-10-05T05:14:34.159973Z,KXBTC15M-26OCT050115-15,0.0690,150.00,no
2026-10-05T05:14:34.159973Z,KXBTC15M-26OCT050115-15,0.0690,150.00,no
2026-10-05T05:14:34.169979Z,KXBTC15M-26OCT050115-15,0.0710,1.00,yes
2026-10-05T05:14:34.169979Z,KXBTC15M-26OCT050115-15,0.0710,1.11,yes
2026-10-05T05:14:34.169979Z,KXBTC15M-26OCT050115-15,0.0720,14.74,yes
2026-10-05T05:14:34.23464Z,KXBTC15M-26OCT050115-15,0.0690,1.31,no
2026-10-05T05:14:34.236353Z,KXBTC15M-26OCT050115-15,0.0700,85.57,yes
2026-10-05T05:14:34.240968Z,KXBTC15M-26OCT050115-15,0.0700,2.67,yes
2026-10-05T05:14:34.242367Z,KXBTC15M-26OCT050115-15,0.0690,150.00,no
2026-10-05T05:14:34.242367Z,KXBTC15M-26OCT050115-15,0.0690,98.69,no
2026-10-05T05:14:34.242367Z,KXBTC15M-26OCT050115-15,0.0690,0.01,no
2026-10-05T05:14:34.242367Z,KXBTC15M-26OCT050115-15,0.0690,150.00,no
2026-10-05T05:14:34.242367Z,KXBTC15M-26OCT050115-15,0.0690,0.01,no
2026-10-05T05:14:34.242367Z,KXBTC15M-26OCT050115-15,0.0680,1036.45,no
2026-10-05T05:14:34.270984Z,KXBTC15M-26OCT050115-15,0.0700,10.80,yes
2026-10-05T05:14:34.274106Z,KXBTC15M-26OCT050115-15,0.0650,0.26,no
2026-10-05T05:14:34.274106Z,KXBTC15M-26OCT050115-15,0.0680,0.01,no
2026-10-05T05:14:34.274106Z,KXBTC15M-26OCT050115-15,0.0690,0.01,no
2026-10-05T05:14:34.274106Z,KXBTC15M-26OCT050115-15,0.0690,0.01,no
2026-10-05T05:14:34.286446Z,KXBTC15M-26OCT050115-15,0.0700,86.96,yes
2026-10-05T05:14:34.286446Z,KXBTC15M-26OCT050115-15,0.0700,0.01,yes
2026-10-05T05:14:34.286446Z,KXBTC15M-26OCT050115-15,0.0700,84.18,yes
2026-10-05T05:14:34.296293Z,KXBTC15M-26OCT050115-15,0.0690,0.01,no
2026-10-05T05:14:34.296293Z,KXBTC15M-26OCT050115-15,0.0690,0.01,no
2026-10-05T05:14:34.296293Z,KXBTC15M-26OCT050115-15,0.0650,0.27,no
2026-10-05T05:14:34.306118Z,KXBTC15M-26OCT050115-15,0.0700,59.90,yes
2026-10-05T05:14:34.342348Z,KXBTC15M-26OCT050115-15,0.0650,115.88,no
2026-10-05T05:14:34.348355Z,KXBTC15M-26OCT050115-15,0.0690,7.00,yes
2026-10-05T05:14:34.348355Z,KXBTC15M-26OCT050115-15,0.0700,10.11,yes
2026-10-05T05:14:34.384095Z,KXBTC15M-26OCT050115-15,0.0660,9.61,yes
2026-10-05T05:14:34.384506Z,KXBTC15M-26OCT050115-15,0.0660,33.49,yes
2026-10-05T05:14:34.387826Z,KXBTC15M-26OCT050115-15,0.0660,72.07,yes
2026-10-05T05:14:34.396128Z,KXBTC15M-26OCT050115-15,0.0650,0.17,no
2026-10-05T05:14:34.422369Z,KXBTC15M-26OCT050115-15,0.0650,5.23,no
2026-10-05T05:14:34.442546Z,KXBTC15M-26OCT050115-15,0.0650,337.53,no
2026-10-05T05:14:34.442546Z,KXBTC15M-26OCT050115-15,0.0650,0.01,no
2026-10-05T05:14:34.442546Z,KXBTC15M-26OCT050115-15,0.0650,0.01,no
2026-10-05T05:14:34.442546Z,KXBTC15M-26OCT050115-15,0.0630,9.00,no
2026-10-05T05:14:34.449144Z,KXBTC15M-26OCT050115-15,0.0650,0.01,no
2026-10-05T05:14:34.461934Z,KXBTC15M-26OCT050115-15,0.0660,1.00,yes
2026-10-05T05:14:34.461934Z,KXBTC15M-26OCT050115-15,0.0660,4.48,yes
2026-10-05T05:14:34.471251Z,KXBTC15M-26OCT050115-15,0.0660,3.27,yes
2026-10-05T05:14:34.516069Z,KXBTC15M-26OCT050115-15,0.0640,117.93,yes
2026-10-05T05:14:34.519704Z,KXBTC15M-26OCT050115-15,0.0640,17.89,yes
2026-10-05T05:14:34.526484Z,KXBTC15M-26OCT050115-15,0.0640,16.29,yes
2026-10-05T05:14:34.526484Z,KXBTC15M-26OCT050115-15,0.0640,192.62,yes
2026-10-05T05:14:34.532436Z,KXBTC15M-26OCT050115-15,0.0630,0.01,no
2026-10-05T05:14:34.532436Z,KXBTC15M-26OCT050115-15,0.0630,0.01,no
2026-10-05T05:14:34.532436Z,KXBTC15M-26OCT050115-15,0.0620,14.98,no
2026-10-05T05:14:34.558809Z,KXBTC15M-26OCT050115-15,0.0620,12.56,no
2026-10-05T05:14:34.575835Z,KXBTC15M-26OCT050115-15,0.0630,189.57,yes
2026-10-05T05:14:34.586472Z,KXBTC15M-26OCT050115-15,0.0630,47.10,yes
2026-10-05T05:14:34.586472Z,KXBTC15M-26OCT050115-15,0.0650,7.00,yes
2026-10-05T05:14:34.586472Z,KXBTC15M-26OCT050115-15,0.0650,154.00,yes
2026-10-05T05:14:34.586472Z,KXBTC15M-26OCT050115-15,0.0630,1.10,yes
2026-10-05T05:14:34.586472Z,KXBTC15M-26OCT050115-15,0.0630,1.00,yes
2026-10-05T05:14:34.586472Z,KXBTC15M-26OCT050115-15,0.0630,0.01,yes
2026-10-05T05:14:34.586472Z,KXBTC15M-26OCT050115-15,0.0630,0.01,yes
2026-10-05T05:14:34.586472Z,KXBTC15M-26OCT050115-15,0.0650,46.00,yes
2026-10-05T05:14:34.586472Z,KXBTC15M-26OCT050115-15,0.0630,186.00,yes
2026-10-05T05:14:34.586472Z,KXBTC15M-26OCT050115-15,0.0640,0.01,yes
2026-10-05T05:14:34.586472Z,KXBTC15M-26OCT050115-15,0.0640,0.01,yes
2026-10-05T05:14:34.586472Z,KXBTC15M-26OCT050115-15,0.0640,500.00,yes
2026-10-05T05:14:34.586472Z,KXBTC15M-26OCT050115-15,0.0660,57.76,yes
2026-10-05T05:14:34.601673Z,KXBTC15M-26OCT050115-15,0.0650,0.25,yes
2026-10-05T05:14:34.615044Z,KXBTC15M-26OCT050115-15,0.0630,2.00,no
2026-10-05T05:14:34.64382Z,KXBTC15M-26OCT050115-15,0.0620,0.01,no
2026-10-05T05:14:34.64382Z,KXBTC15M-26OCT050115-15,0.0630,0.01,no
2026-10-05T05:14:34.64382Z,KXBTC15M-26OCT050115-15,0.0630,148.00,no
2026-10-05T05:14:34.64382Z,KXBTC15M-26OCT050115-15,0.0620,0.01,no
2026-10-05T05:14:34.64382Z,KXBTC15M-26OCT050115-15,0.0630,0.01,no
2026-10-05T05:14:34.64382Z,KXBTC15M-26OCT050115-15,0.0620,1019.46,no
2026-10-05T05:14:34.645703Z,KXBTC15M-26OCT050115-15,0.0640,2.61,yes
2026-10-05T05:14:34.653827Z,KXBTC15M-26OCT050115-15,0.0640,19.11,yes
2026-10-05T05:14:34.653827Z,KXBTC15M-26OCT050115-15,0.0630,170.54,yes
2026-10-05T05:14:34.661492Z,KXBTC15M-26OCT050115-15,0.0630,2.68,yes
2026-10-05T05:14:34.664145Z,KXBTC15M-26OCT050115-15,0.0600,0.01,no
2026-10-05T05:14:34.664145Z,KXBTC15M-26OCT050115-15,0.0600,0.01,no
2026-10-05T05:14:34.664145Z,KXBTC15M-26OCT050115-15,0.0600,3.00,no
2026-10-05T05:14:34.664145Z,KXBTC15M-26OCT050115-15,0.0560,0.37,no
2026-10-05T05:14:34.668076Z,KXBTC15M-26OCT050115-15,0.0560,6.08,no
2026-10-05T05:14:34.679762Z,KXBTC15M-26OCT050115-15,0.0590,10.63,yes
2026-10-05T05:14:34.689947Z,KXBTC15M-26OCT050115-15,0.0560,1.23,no
2026-10-05T05:14:34.708285Z,KXBTC15M-26OCT050115-15,0.0570,4.06,yes
2026-10-05T05:14:34.722785Z,KXBTC15M-26OCT050115-15,0.0570,67.06,yes
2026-10-05T05:14:34.756054Z,KXBTC15M-26OCT050115-15,0.0560,317.00,no
2026-10-05T05:14:34.809801Z,KXBTC15M-26OCT050115-15,0.0570,20.73,yes
2026-10-05T05:14:34.809801Z,KXBTC15M-26OCT050115-15,0.0570,32.92,yes
2026-10-05T05:14:34.831029Z,KXBTC15M-26OCT050115-15,0.0560,71.42,yes
2026-10-05T05:14:34.843516Z,KXBTC15M-26OCT050115-15,0.0540,1047.00,no
2026-10-05T05:14:34.85574Z,KXBTC15M-26OCT050115-15,0.0510,6.00,no
2026-10-05T05:14:34.862132Z,KXBTC15M-26OCT050115-15,0.0540,10.49,yes
2026-10-05T05:14:34.885812Z,KXBTC15M-26OCT050115-15,0.0530,1.00,yes
2026-10-05T05:14:34.885812Z,KXBTC15M-26OCT050115-15,0.0530,12.66,yes
2026-10-05T05:14:34.888677Z,KXBTC15M-26OCT050115-15,0.0530,14.66,yes
2026-10-05T05:14:34.888718Z,KXBTC15M-26OCT050115-15,0.0500,50.51,no
2026-10-05T05:14:34.919702Z,KXBTC15M-26OCT050115-15,0.0510,5.26,yes
2026-10-05T05:14:34.936235Z,KXBTC15M-26OCT050115-15,0.0500,44.86,no
2026-10-05T05:14:34.946789Z,KXBTC15M-26OCT050115-15,0.0500,30.03,no
2026-10-05T05:14:34.95708Z,KXBTC15M-26OCT050115-15,0.0500,23.00,no
2026-10-05T05:14:34.95708Z,KXBTC15M-26OCT050115-15,0.0500,41.97,no
2026-10-05T05:14:34.962003Z,KXBTC15M-26OCT050115-15,0.0500,67.06,yes
2026-10-05T05:14:34.979317Z,KXBTC15M-26OCT050115-15,0.0490,1.00,yes
2026-10-05T05:14:34.979317Z,KXBTC15M-26OCT050115-15,0.0500,59.71,yes
2026-10-05T05:14:34.986958Z,KXBTC15M-26OCT050115-15,0.0520,203.00,yes
2026-10-05T05:14:34.986958Z,KXBTC15M-26OCT050115-15,0.0490,0.01,yes
2026-10-05T05:14:34.986958Z,KXBTC15M-26OCT050115-15,0.0500,0.01,yes
2026-10-05T05:14:34.986958Z,KXBTC15M-26OCT050115-15,0.0550,43.95,yes
2026-10-05T05:14:34.986958Z,KXBTC15M-26OCT050115-15,0.0510,0.01,yes
2026-10-05T05:14:34.986958Z,KXBTC15M-26OCT050115-15,0.0490,0.01,yes
2026-10-05T05:14:34.986958Z,KXBTC15M-26OCT050115-15,0.0550,8.00,yes
2026-10-05T05:14:34.986958Z,KXBTC15M-26OCT050115-15,0.0500,0.01,yes
2026-10-05T05:14:34.986958Z,KXBTC15M-26OCT050115-15,0.0510,22.74,yes
2026-10-05T05:14:34.986958Z,KXBTC15M-26OCT050115-15,0.0510,0.01,yes
2026-10-05T05:14:34.986958Z,KXBTC15M-26OCT050115-15,0.0500,147.00,yes
2026-10-05T05:14:34.988385Z,KXBTC15M-26OCT050115-15,0.0550,17.73,yes
2026-10-05T05:14:34.998766Z,KXBTC15M-26OCT050115-15,0.0540,20.42,yes
2026-10-05T05:14:34.998766Z,KXBTC15M-26OCT050115-15,0.0490,0.01,yes
2026-10-05T05:14:34.998766Z,KXBTC15M-26OCT050115-15,0.0500,0.01,yes
2026-10-05T05:14:34.998766Z,KXBTC15M-26OCT050115-15,0.0540,8.00,yes
2026-10-05T05:14:35.017406Z,KXBTC15M-26OCT050115-15,0.0500,0.01,yes
2026-10-05T05:14:35.017406Z,KXBTC15M-26OCT050115-15,0.0510,15.37,yes
2026-10-05T05:14:35.030681Z,KXBTC15M-26OCT050115-15,0.0500,105.00,yes
2026-10-05T05:14:35.030681Z,KXBTC15M-26OCT050115-15,0.0500,186.00,yes
2026-10-05T05:14:35.030681Z,KXBTC15M-26OCT050115-15,0.0500,200.00,yes
2026-10-05T05:14:35.030681Z,KXBTC15M-26OCT050115-15,0.0510,602.49,yes
2026-10-05T05:14:35.045051Z,KXBTC15M-26OCT050115-15,0.0480,10.38,no
2026-10-05T05:14:35.045051Z,KXBTC15M-26OCT050115-15,0.0490,0.01,no
2026-10-05T05:14:35.054451Z,KXBTC15M-26OCT050115-15,0.0490,52.63,yes
2026-10-05T05:14:35.075289Z,KXBTC15M-26OCT050115-15,0.0420,111.00,no
2026-10-05T05:14:35.075289Z,KXBTC15M-26OCT050115-15,0.0480,1036.62,no
2026-10-05T05:14:35.075289Z,KXBTC15M-26OCT050115-15,0.0460,1047.00,no
2026-10-05T05:14:35.075289Z,KXBTC15M-26OCT050115-15,0.0410,426.36,no
2026-10-05T05:14:35.075289Z,KXBTC15M-26OCT050115-15,0.0440,1047.00,no
2026-10-05T05:14:35.075289Z,KXBTC15M-26OCT050115-15,0.0420,1.00,no
2026-10-05T05:14:35.075289Z,KXBTC15M-26OCT050115-15,0.0480,0.01,no
2026-10-05T05:14:35.075289Z,KXBTC15M-26OCT050115-15,0.0420,322.00,no
2026-10-05T05:14:35.075289Z,KXBTC15M-26OCT050115-15,0.0480,0.01,no
2026-10-05T05:14:35.075289Z,KXBTC15M-26OCT050115-15,0.0470,9.00,no
2026-10-05T05:14:35.083096Z,KXBTC15M-26OCT050115-15,0.0410,54.00,no
2026-10-05T05:14:35.100365Z,KXBTC15M-26OCT050115-15,0.0420,1334.42,yes
2026-10-05T05:14:35.100365Z,KXBTC15M-26OCT050115-15,0.0410,17.00,yes
2026-10-05T05:14:35.100365Z,KXBTC15M-26OCT050115-15,0.0410,115.00,yes
2026-10-05T05:14:35.103277Z,KXBTC15M-26OCT050115-15,0.0370,2.02,no
2026-10-05T05:14:35.112109Z,KXBTC15M-26OCT050115-15,0.0370,2.02,no
2026-10-05T05:14:35.112109Z,KXBTC15M-26OCT050115-15,0.0360,7.98,no
2026-10-05T05:14:35.116209Z,KXBTC15M-26OCT050115-15,0.0330,10.00,no
2026-10-05T05:14:35.116209Z,KXBTC15M-26OCT050115-15,0.0320,433.98,no
2026-10-05T05:14:35.116209Z,KXBTC15M-26OCT050115-15,0.0360,556.02,no
2026-10-05T05:14:35.118088Z,KXBTC15M-26OCT050115-15,0.0360,72.00,yes
2026-10-05T05:14:35.118164Z,KXBTC15M-26OCT050115-15,0.0360,78.00,yes
2026-10-05T05:14:35.118164Z,KXBTC15M-26OCT050115-15,0.0390,186.00,yes
2026-10-05T05:14:35.118164Z,KXBTC15M-26OCT050115-15,0.0400,17.00,yes
2026-10-05T05:14:35.118164Z,KXBTC15M-26OCT050115-15,0.0400,10.00,yes
2026-10-05T05:14:35.118164Z,KXBTC15M-26OCT050115-15,0.0420,1431.00,yes
2026-10-05T05:14:35.118164Z,KXBTC15M-26OCT050115-15,0.0410,6.00,yes
2026-10-05T05:14:35.138373Z,KXBTC15M-26OCT050115-15,0.0330,0.57,no
2026-10-05T05:14:35.156183Z,KXBTC15M-26OCT050115-15,0.0340,9.10,no
2026-10-05T05:14:35.157122Z,KXBTC15M-26OCT050115-15,0.0340,6.00,no
2026-10-05T05:14:35.160017Z,KXBTC15M-26OCT050115-15,0.0340,5.00,no
2026-10-05T05:14:35.167905Z,KXBTC15M-26OCT050115-15,0.0350,147.57,yes
2026-10-05T05:14:35.167905Z,KXBTC15M-26OCT050115-15,0.0350,17.00,yes
2026-10-05T05:14:35.171058Z,KXBTC15M-26OCT050115-15,0.0350,13.19,yes
2026-10-05T05:14:35.185226Z,KXBTC15M-26OCT050115-15,0.0350,139.18,yes
2026-10-05T05:14:35.185226Z,KXBTC15M-26OCT050115-15,0.0350,0.01,yes
2026-10-05T05:14:35.185226Z,KXBTC15M-26OCT050115-15,0.0350,25.24,yes
2026-10-05T05:14:35.219037Z,KXBTC15M-26OCT050115-15,0.0390,55.00,yes
2026-10-05T05:14:35.219037Z,KXBTC15M-26OCT050115-15,0.0400,63.33,yes
2026-10-05T05:14:35.219037Z,KXBTC15M-26OCT050115-15,0.0360,17.00,yes
2026-10-05T05:14:35.219037Z,KXBTC15M-26OCT050115-15,0.0350,13.19,yes
2026-10-05T05:14:35.219037Z,KXBTC15M-26OCT050115-15,0.0400,35.00,yes
2026-10-05T05:14:35.219037Z,KXBTC15M-26OCT050115-15,0.0350,8.39,yes
2026-10-05T05:14:35.219037Z,KXBTC15M-26OCT050115-15,0.0350,164.42,yes
2026-10-05T05:14:35.219037Z,KXBTC15M-26OCT050115-15,0.0390,42.00,yes
2026-10-05T05:14:35.219037Z,KXBTC15M-26OCT050115-15,0.0350,0.01,yes
2026-10-05T05:14:35.219037Z,KXBTC15M-26OCT050115-15,0.0350,0.01,yes
2026-10-05T05:14:35.219037Z,KXBTC15M-26OCT050115-15,0.0390,11.00,yes
2026-10-05T05:14:35.229069Z,KXBTC15M-26OCT050115-15,0.0360,0.01,yes
2026-10-05T05:14:35.229069Z,KXBTC15M-26OCT050115-15,0.0370,0.20,yes
2026-10-05T05:14:35.229069Z,KXBTC15M-26OCT050115-15,0.0360,0.01,yes
2026-10-05T05:14:35.239579Z,KXBTC15M-26OCT050115-15,0.0390,1.58,yes
2026-10-05T05:14:35.239579Z,KXBTC15M-26OCT050115-15,0.0370,16.80,yes
2026-10-05T05:14:35.254811Z,KXBTC15M-26OCT050115-15,0.0370,17.00,yes
2026-10-05T05:14:35.254811Z,KXBTC15M-26OCT050115-15,0.0380,65.14,yes
2026-10-05T05:14:35.280631Z,KXBTC15M-26OCT050115-15,0.0380,115.57,yes
2026-10-05T05:14:35.280631Z,KXBTC15M-26OCT050115-15,0.0380,0.01,yes
2026-10-05T05:14:35.281229Z,KXBTC15M-26OCT050115-15,0.0380,32.77,yes
2026-10-05T05:14:35.305008Z,KXBTC15M-26OCT050115-15,0.0380,29.79,yes
2026-10-05T05:14:35.311857Z,KXBTC15M-26OCT050115-15,0.0380,7.87,yes
2026-10-05T05:14:35.311857Z,KXBTC15M-26OCT050115-15,0.0380,8.57,yes
2026-10-05T05:14:35.311857Z,KXBTC15M-26OCT050115-15,0.0380,0.01,yes
2026-10-05T05:14:35.325997Z,KXBTC15M-26OCT050115-15,0.0380,91.93,yes
2026-10-05T05:14:35.346516Z,KXBTC15M-26OCT050115-15,0.0360,29.81,no
2026-10-05T05:14:35.346516Z,KXBTC15M-26OCT050115-15,0.0370,0.01,no
2026-10-05T05:14:35.346516Z,KXBTC15M-26OCT050115-15,0.0370,0.01,no
2026-10-05T05:14:35.350095Z,KXBTC15M-26OCT050115-15,0.0380,98.55,yes
2026-10-05T05:14:35.352726Z,KXBTC15M-26OCT050115-15,0.0370,12.61,yes
2026-10-05T05:14:35.362115Z,KXBTC15M-26OCT050115-15,0.0360,447.85,no
2026-10-05T05:14:35.362115Z,KXBTC15M-26OCT050115-15,0.0350,1047.00,no
2026-10-05T05:14:35.362115Z,KXBTC15M-26OCT050115-15,0.0330,10.00,no
2026-10-05T05:14:35.362115Z,KXBTC15M-26OCT050115-15,0.0360,0.01,no
2026-10-05T05:14:35.362115Z,KXBTC15M-26OCT050115-15,0.0320,593.13,no
2026-10-05T05:14:35.362115Z,KXBTC15M-26OCT050115-15,0.0330,205.00,no
2026-10-05T05:14:35.362115Z,KXBTC15M-26OCT050115-15,0.0360,0.01,no
2026-10-05T05:14:35.362667Z,KXBTC15M-26OCT050115-15,0.0320,0.81,no
2026-10-05T05:14:35.371211Z,KXBTC15M-26OCT050115-15,0.0320,44.10,no
2026-10-05T05:14:35.395025Z,KXBTC15M-26OCT050115-15,0.0340,14.05,yes
2026-10-05T05:14:35.450102Z,KXBTC15M-26OCT050115-15,0.0340,80.49,yes
2026-10-05T05:14:35.450102Z,KXBTC15M-26OCT050115-15,0.0340,62.95,yes
2026-10-05T05:14:35.450102Z,KXBTC15M-26OCT050115-15,0.0340,0.01,yes
2026-10-05T05:14:35.474832Z,KXBTC15M-26OCT050115-15,0.0340,19.81,yes
2026-10-05T05:14:35.482432Z,KXBTC15M-26OCT050115-15,0.0340,65.83,yes
2026-10-05T05:14:35.508125Z,KXBTC15M-26OCT050115-15,0.0340,15.38,yes
2026-10-05T05:14:35.516776Z,KXBTC15M-26OCT050115-15,0.0330,0.01,no
2026-10-05T05:14:35.516776Z,KXBTC15M-26OCT050115-15,0.0330,0.01,no
2026-10-05T05:14:35.516776Z,KXBTC15M-26OCT050115-15,0.0320,110.98,no
2026-10-05T05:14:35.532159Z,KXBTC15M-26OCT050115-15,0.0340,53.52,yes
2026-10-05T05:14:35.532225Z,KXBTC15M-26OCT050115-15,0.0340,0.01,yes
2026-10-05T05:14:35.532225Z,KXBTC15M-26OCT050115-15,0.0340,8.48,yes
2026-10-05T05:14:35.532225Z,KXBTC15M-26OCT050115-15,0.0340,1.00,yes
2026-10-05T05:14:35.532225Z,KXBTC15M-26OCT050115-15,0.0340,1.31,yes
2026-10-05T05:14:35.546246Z,KXBTC15M-26OCT050115-15,0.0340,55.37,yes
2026-10-05T05:14:35.553891Z,KXBTC15M-26OCT050115-15,0.0340,15.33,yes
2026-10-05T05:14:35.582069Z,KXBTC15M-26OCT050115-15,0.0340,200.00,yes
2026-10-05T05:14:35.582099Z,KXBTC15M-26OCT050115-15,0.0340,55.16,yes
2026-10-05T05:14:35.596917Z,KXBTC15M-26OCT050115-15,0.0340,16.11,yes
2026-10-05T05:14:35.602584Z,KXBTC15M-26OCT050115-15,0.0330,0.01,no
2026-10-05T05:14:35.602584Z,KXBTC15M-26OCT050115-15,0.0320,3.64,no
2026-10-05T05:14:35.602584Z,KXBTC15M-26OCT050115-15,0.0330,0.01,no
2026-10-05T05:14:35.608533Z,KXBTC15M-26OCT050115-15,0.0320,244.23,no
2026-10-05T05:14:35.610858Z,KXBTC15M-26OCT050115-15,0.0330,9.39,yes
2026-10-05T05:14:35.619284Z,KXBTC15M-26OCT050115-15,0.0330,11.00,yes
2026-10-05T05:14:35.619284Z,KXBTC15M-26OCT050115-15,0.0330,7.61,yes
2026-10-05T05:14:35.619284Z,KXBTC15M-26OCT050115-15,0.0340,115.20,yes
2026-10-05T05:14:35.621023Z,KXBTC15M-26OCT050115-15,0.0320,0.01,no
2026-10-05T05:14:35.621023Z,KXBTC15M-26OCT050115-15,0.0320,0.01,no
2026-10-05T05:14:35.621023Z,KXBTC15M-26OCT050115-15,0.0300,70.45,no
2026-10-05T05:14:35.665277Z,KXBTC15M-26OCT050115-15,0.0300,1.48,no
2026-10-05T05:14:35.665277Z,KXBTC15M-26OCT050115-15,0.0320,0.01,no
2026-10-05T05:14:35.665277Z,KXBTC15M-26OCT050115-15,0.0320,0.01,no
2026-10-05T05:14:35.665277Z,KXBTC15M-26OCT050115-15,0.0300,50.00,no
2026-10-05T05:14:35.665277Z,KXBTC15M-26OCT050115-15,0.0300,1.00,no
2026-10-05T05:14:35.665277Z,KXBTC15M-26OCT050115-15,0.0300,229.55,no
2026-10-05T05:14:35.66771Z,KXBTC15M-26OCT050115-15,0.0320,18.38,yes
2026-10-05T05:14:35.679582Z,KXBTC15M-26OCT050115-15,0.0300,158.21,no
2026-10-05T05:14:35.681007Z,KXBTC15M-26OCT050115-15,0.0310,17.00,yes
2026-10-05T05:14:35.681007Z,KXBTC15M-26OCT050115-15,0.0310,5.19,yes
2026-10-05T05:14:35.681107Z,KXBTC15M-26OCT050115-15,0.0310,18.38,yes
2026-10-05T05:14:35.688509Z,KXBTC15M-26OCT050115-15,0.0310,47.74,yes
2026-10-05T05:14:35.704578Z,KXBTC15M-26OCT050115-15,0.0290,11.09,no
2026-10-05T05:14:35.704578Z,KXBTC15M-26OCT050115-15,0.0300,0.01,no
2026-10-05T05:14:35.704578Z,KXBTC15M-26OCT050115-15,0.0300,10.00,no
2026-10-05T05:14:35.704578Z,KXBTC15M-26OCT050115-15,0.0300,50.00,no
2026-10-05T05:14:35.766012Z,KXBTC15M-26OCT050115-15,0.0300,0.01,yes
2026-10-05T05:14:35.766012Z,KXBTC15M-26OCT050115-15,0.0320,0.01,yes
2026-10-05T05:14:35.766012Z,KXBTC15M-26OCT050115-15,0.0300,150.00,yes
2026-10-05T05:14:35.766012Z,KXBTC15M-26OCT050115-15,0.0310,0.01,yes
2026-10-05T05:14:35.766012Z,KXBTC15M-26OCT050115-15,0.0320,0.01,yes
2026-10-05T05:14:35.766012Z,KXBTC15M-26OCT050115-15,0.0300,50.00,yes
2026-10-05T05:14:35.766012Z,KXBTC15M-26OCT050115-15,0.0300,17.00,yes
2026-10-05T05:14:35.766012Z,KXBTC15M-26OCT050115-15,0.0310,0.01,yes
2026-10-05T05:14:35.766012Z,KXBTC15M-26OCT050115-15,0.0300,126.00,yes
2026-10-05T05:14:35.766012Z,KXBTC15M-26OCT050115-15,0.0330,73.31,yes
2026-10-05T05:14:35.766012Z,KXBTC15M-26OCT050115-15,0.0310,17.00,yes
2026-10-05T05:14:35.766012Z,KXBTC15M-26OCT050115-15,0.0300,0.01,yes
2026-10-05T05:14:35.766012Z,KXBTC15M-26OCT050115-15,0.0320,182.00,yes
2026-10-05T05:14:35.794708Z,KXBTC15M-26OCT050115-15,0.0290,90.27,no
2026-10-05T05:14:35.801173Z,KXBTC15M-26OCT050115-15,0.0290,843.49,no
2026-10-05T05:14:35.805327Z,KXBTC15M-26OCT050115-15,0.0290,9.00,no
2026-10-05T05:14:35.80605Z,KXBTC15M-26OCT050115-15,0.0300,2.67,yes
2026-10-05T05:14:35.812601Z,KXBTC15M-26OCT050115-15,0.0290,0.01,no
2026-10-05T05:14:35.812601Z,KXBTC15M-26OCT050115-15,0.0290,0.01,no
2026-10-05T05:14:35.812601Z,KXBTC15M-26OCT050115-15,0.0280,0.98,no
2026-10-05T05:14:35.825419Z,KXBTC15M-26OCT050115-15,0.0280,1.00,no
2026-10-05T05:14:35.82869Z,KXBTC15M-26OCT050115-15,0.0290,74.19,yes
2026-10-05T05:14:35.833418Z,KXBTC15M-26OCT050115-15,0.0290,49.18,yes
2026-10-05T05:14:35.850569Z,KXBTC15M-26OCT050115-15,0.0260,557.96,no
2026-10-05T05:14:35.850569Z,KXBTC15M-26OCT050115-15,0.0280,96.00,no
2026-10-05T05:14:35.850569Z,KXBTC15M-26OCT050115-15,0.0270,10.00,no
2026-10-05T05:14:35.850569Z,KXBTC15M-26OCT050115-15,0.0280,0.01,no
2026-10-05T05:14:35.850569Z,KXBTC15M-26OCT050115-15,0.0270,250.00,no
2026-10-05T05:14:35.850569Z,KXBTC15M-26OCT050115-15,0.0280,0.01,no
2026-10-05T05:14:35.850569Z,KXBTC15M-26OCT050115-15,0.0280,1.00,no
2026-10-05T05:14:35.850569Z,KXBTC15M-26OCT050115-15,0.0280,1.00,no
2026-10-05T05:14:35.850569Z,KXBTC15M-26OCT050115-15,0.0280,198.02,no
2026-10-05T05:14:35.852436Z,KXBTC15M-26OCT050115-15,0.0260,9.97,no
2026-10-05T05:14:35.860479Z,KXBTC15M-26OCT050115-15,0.0280,17.00,yes
2026-10-05T05:14:35.860479Z,KXBTC15M-26OCT050115-15,0.0280,150.00,yes
2026-10-05T05:14:35.860479Z,KXBTC15M-26OCT050115-15,0.0290,14.64,yes
2026-10-05T05:14:35.860479Z,KXBTC15M-26OCT050115-15,0.0280,0.01,yes
2026-10-05T05:14:35.860479Z,KXBTC15M-26OCT050115-15,0.0280,0.01,yes
2026-10-05T05:14:35.860479Z,KXBTC15M-26OCT050115-15,0.0280,150.00,yes
2026-10-05T05:14:35.860479Z,KXBTC15M-26OCT050115-15,0.0290,26.63,yes
2026-10-05T05:14:35.86132Z,KXBTC15M-26OCT050115-15,0.0280,0.95,no
2026-10-05T05:14:35.864355Z,KXBTC15M-26OCT050115-15,0.0270,0.01,no
2026-10-05T05:14:35.864355Z,KXBTC15M-26OCT050115-15,0.0260,10.00,no
2026-10-05T05:14:35.864355Z,KXBTC15M-26OCT050115-15,0.0260,82.90,no
2026-10-05T05:14:35.864355Z,KXBTC15M-26OCT050115-15,0.0270,0.01,no
2026-10-05T05:14:35.871589Z,KXBTC15M-26OCT050115-15,0.0270,27.54,yes
2026-10-05T05:14:35.886052Z,KXBTC15M-26OCT050115-15,0.0260,177.10,no
2026-10-05T05:14:35.886052Z,KXBTC15M-26OCT050115-15,0.0240,281.00,no
2026-10-05T05:14:35.886052Z,KXBTC15M-26OCT050115-15,0.0240,10.00,no
2026-10-05T05:14:35.886052Z,KXBTC15M-26OCT050115-15,0.0260,0.01,no
2026-10-05T05:14:35.886052Z,KXBTC15M-26OCT050115-15,0.0230,147.43,no
2026-10-05T05:14:35.911667Z,KXBTC15M-26OCT050115-15,0.0240,137.74,yes
2026-10-05T05:14:35.922343Z,KXBTC15M-26OCT050115-15,0.0240,0.01,yes
2026-10-05T05:14:35.922343Z,KXBTC15M-26OCT050115-15,0.0250,9.61,yes
2026-10-05T05:14:35.922343Z,KXBTC15M-26OCT050115-15,0.0240,12.26,yes
2026-10-05T05:14:35.929089Z,KXBTC15M-26OCT050115-15,0.0240,0.99,yes
2026-10-05T05:14:35.929089Z,KXBTC15M-26OCT050115-15,0.0240,0.01,yes
2026-10-05T05:14:35.932102Z,KXBTC15M-26OCT050115-15,0.0250,55.89,yes
2026-10-05T05:14:35.932102Z,KXBTC15M-26OCT050115-15,0.0240,16.01,yes
2026-10-05T05:14:35.947273Z,KXBTC15M-26OCT050115-15,0.0230,159.04,no
2026-10-05T05:14:35.958876Z,KXBTC15M-26OCT050115-15,0.0270,6.30,yes
2026-10-05T05:14:35.958876Z,KXBTC15M-26OCT050115-15,0.0240,69.00,yes
2026-10-05T05:14:35.958876Z,KXBTC15M-26OCT050115-15,0.0260,17.00,yes
2026-10-05T05:14:35.958876Z,KXBTC15M-26OCT050115-15,0.0260,0.01,yes
2026-10-05T05:14:35.961783Z,KXBTC15M-26OCT050115-15,0.0240,87.89,no
2026-10-05T05:14:35.983918Z,KXBTC15M-26OCT050115-15,0.0260,12.00,yes
2026-10-05T05:14:35.983918Z,KXBTC15M-26OCT050115-15,0.0270,196.00,yes
2026-10-05T05:14:35.983918Z,KXBTC15M-26OCT050115-15,0.0260,63.00,yes
2026-10-05T05:14:35.983918Z,KXBTC15M-26OCT050115-15,0.0260,0.01,yes
2026-10-05T05:14:35.983918Z,KXBTC15M-26OCT050115-15,0.0260,17.00,yes
2026-10-05T05:14:35.983918Z,KXBTC15M-26OCT050115-15,0.0280,33.12,yes
2026-10-05T05:14:35.983918Z,KXBTC15M-26OCT050115-15,0.0270,17.00,yes
2026-10-05T05:14:35.983918Z,KXBTC15M-26OCT050115-15,0.0270,91.70,yes
2026-10-05T05:14:35.986475Z,KXBTC15M-26OCT050115-15,0.0280,113.53,yes
2026-10-05T05:14:36.001834Z,KXBTC15M-26OCT050115-15,0.0280,17.53,yes
2026-10-05T05:14:36.001834Z,KXBTC15M-26OCT050115-15,0.0270,10.00,yes
2026-10-05T05:14:36.001834Z,KXBTC15M-26OCT050115-15,0.0260,0.01,yes
2026-10-05T05:14:36.005661Z,KXBTC15M-26OCT050115-15,0.0260,34.64,yes
2026-10-05T05:14:36.02898Z,KXBTC15M-26OCT050115-15,0.0260,47.39,yes
2026-10-05T05:14:36.030972Z,KXBTC15M-26OCT050115-15,0.0280,84.12,yes
2026-10-05T05:14:36.030972Z,KXBTC15M-26OCT050115-15,0.0260,103.97,yes
2026-10-05T05:14:36.030972Z,KXBTC15M-26OCT050115-15,0.0270,17.00,yes
2026-10-05T05:14:36.030972Z,KXBTC15M-26OCT050115-15,0.0260,0.01,yes
2026-10-05T05:14:36.030972Z,KXBTC15M-26OCT050115-15,0.0260,17.00,yes
2026-10-05T05:14:36.030972Z,KXBTC15M-26OCT050115-15,0.0260,0.01,yes
2026-10-05T05:14:36.05605Z,KXBTC15M-26OCT050115-15,0.0260,3.61,yes
2026-10-05T05:14:36.061038Z,KXBTC15M-26OCT050115-15,0.0260,27.54,yes
2026-10-05T05:14:36.064465Z,KXBTC15M-26OCT050115-15,0.0260,3.10,yes
2026-10-05T05:14:36.065858Z,KXBTC15M-26OCT050115-15,0.0280,45.01,yes
2026-10-05T05:14:36.065858Z,KXBTC15M-26OCT050115-15,0.0260,0.01,yes
2026-10-05T05:14:36.065858Z,KXBTC15M-26OCT050115-15,0.0270,17.00,yes
2026-10-05T05:14:36.065858Z,KXBTC15M-26OCT050115-15,0.0260,0.01,yes
2026-10-05T05:14:36.065858Z,KXBTC15M-26OCT050115-15,0.0260,0.39,yes
2026-10-05T05:14:36.078026Z,KXBTC15M-26OCT050115-15,0.0250,106.00,no
2026-10-05T05:14:36.078026Z,KXBTC15M-26OCT050115-15,0.0250,0.01,no
2026-10-05T05:14:36.078026Z,KXBTC15M-26OCT050115-15,0.0250,407.42,no
2026-10-05T05:14:36.078026Z,KXBTC15M-26OCT050115-15,0.0230,133.96,no
2026-10-05T05:14:36.078026Z,KXBTC15M-26OCT050115-15,0.0250,1.00,no
2026-10-05T05:14:36.078026Z,KXBTC15M-26OCT050115-15,0.0250,270.00,no
2026-10-05T05:14:36.078026Z,KXBTC15M-26OCT050115-15,0.0250,0.01,no
2026-10-05T05:14:36.078026Z,KXBTC15M-26OCT050115-15,0.0250,10.00,no
2026-10-05T05:14:36.078026Z,KXBTC15M-26OCT050115-15,0.0220,71.60,no
2026-10-05T05:14:36.085047Z,KXBTC15M-26OCT050115-15,0.0240,151.65,yes
2026-10-05T05:14:36.086972Z,KXBTC15M-26OCT050115-15,0.0230,10.00,no
2026-10-05T05:14:36.086972Z,KXBTC15M-26OCT050115-15,0.0220,2.00,no
2026-10-05T05:14:36.087724Z,KXBTC15M-26OCT050115-15,0.0220,20.00,no
2026-10-05T05:14:36.096926Z,KXBTC15M-26OCT050115-15,0.0240,25.99,yes
2026-10-05T05:14:36.098427Z,KXBTC15M-26OCT050115-15,0.0220,2.00,no
2026-10-05T05:14:36.100756Z,KXBTC15M-26OCT050115-15,0.0220,0.01,no
2026-10-05T05:14:36.101396Z,KXBTC15M-26OCT050115-15,0.0220,1.38,no
2026-10-05T05:14:36.107962Z,KXBTC15M-26OCT050115-15,0.0240,2.75,yes
2026-10-05T05:14:36.108735Z,KXBTC15M-26OCT050115-15,0.0240,31.21,yes
2026-10-05T05:14:36.112755Z,KXBTC15M-26OCT050115-15,0.0240,77.65,yes
2026-10-05T05:14:36.112755Z,KXBTC15M-26OCT050115-15,0.0240,7.49,yes
2026-10-05T05:14:36.1128Z,KXBTC15M-26OCT050115-15,0.0240,0.01,yes
2026-10-05T05:14:36.1128Z,KXBTC15M-26OCT050115-15,0.0240,9.51,yes
2026-10-05T05:14:36.1128Z,KXBTC15M-26OCT050115-15,0.0250,3.39,yes
2026-10-05T05:14:36.125131Z,KXBTC15M-26OCT050115-15,0.0250,13.61,yes
2026-10-05T05:14:36.125131Z,KXBTC15M-26OCT050115-15,0.0250,48.81,yes
2026-10-05T05:14:36.131375Z,KXBTC15M-26OCT050115-15,0.0250,96.11,yes
2026-10-05T05:14:36.135331Z,KXBTC15M-26OCT050115-15,0.0250,15.88,yes
2026-10-05T05:14:36.147635Z,KXBTC15M-26OCT050115-15,0.0250,19.35,yes
2026-10-05T05:14:36.163177Z,KXBTC15M-26OCT050115-15,0.0270,1170.12,yes
2026-10-05T05:14:36.163177Z,KXBTC15M-26OCT050115-15,0.0260,203.00,yes
2026-10-05T05:14:36.163177Z,KXBTC15M-26OCT050115-15,0.0250,0.01,yes
2026-10-05T05:14:36.163177Z,KXBTC15M-26OCT050115-15,0.0260,0.01,yes
2026-10-05T05:14:36.163177Z,KXBTC15M-26OCT050115-15,0.0250,0.01,yes
2026-10-05T05:14:36.163177Z,KXBTC15M-26OCT050115-15,0.0250,83.00,yes
2026-10-05T05:14:36.163177Z,KXBTC15M-26OCT050115-15,0.0250,68.00,yes
2026-10-05T05:14:36.163177Z,KXBTC15M-26OCT050115-15,0.0260,12.00,yes
2026-10-05T05:14:36.163177Z,KXBTC15M-26OCT050115-15,0.0250,64.85,yes
2026-10-05T05:14:36.163177Z,KXBTC15M-26OCT050115-15,0.0260,217.00,yes
2026-10-05T05:14:36.174936Z,KXBTC15M-26OCT050115-15,0.0270,16.77,yes
2026-10-05T05:14:36.174936Z,KXBTC15M-26OCT050115-15,0.0250,0.01,yes
2026-10-05T05:14:36.174936Z,KXBTC15M-26OCT050115-15,0.0250,0.01,yes
2026-10-05T05:14:36.190588Z,KXBTC15M-26OCT050115-15,0.0270,3.57,yes
2026-10-05T05:14:36.209324Z,KXBTC15M-26OCT050115-15,0.0290,131.78,yes
2026-10-05T05:14:36.209324Z,KXBTC15M-26OCT050115-15,0.0270,410.54,yes
2026-10-05T05:14:36.209324Z,KXBTC15M-26OCT050115-15,0.0250,17.00,yes
2026-10-05T05:14:36.209324Z,KXBTC15M-26OCT050115-15,0.0270,17.00,yes
2026-10-05T05:14:36.209324Z,KXBTC15M-26OCT050115-15,0.0260,0.01,yes
2026-10-05T05:14:36.209324Z,KXBTC15M-26OCT050115-15,0.0270,0.01,yes
2026-10-05T05:14:36.209324Z,KXBTC15M-26OCT050115-15,0.0280,12.00,yes
2026-10-05T05:14:36.209324Z,KXBTC15M-26OCT050115-15,0.0270,0.01,yes
2026-10-05T05:14:36.209331Z,KXBTC15M-26OCT050115-15,0.0290,52.09,yes
2026-10-05T05:14:36.228779Z,KXBTC15M-26OCT050115-15,0.0260,149.48,yes
2026-10-05T05:14:36.228779Z,KXBTC15M-26OCT050115-15,0.0260,17.00,yes
2026-10-05T05:14:36.2549Z,KXBTC15M-26OCT050115-15,0.0210,321.00,no
2026-10-05T05:14:36.2549Z,KXBTC15M-26OCT050115-15,0.0230,10.00,no
2026-10-05T05:14:36.2549Z,KXBTC15M-26OCT050115-15,0.0230,0.01,no
2026-10-05T05:14:36.2549Z,KXBTC15M-26OCT050115-15,0.0220,101.00,no
2026-10-05T05:14:36.2549Z,KXBTC15M-26OCT050115-15,0.0230,0.01,no
2026-10-05T05:14:36.2549Z,KXBTC15M-26OCT050115-15,0.0230,293.00,no
2026-10-05T05:14:36.2549Z,KXBTC15M-26OCT050115-15,0.0220,950.01,no
2026-10-05T05:14:36.2549Z,KXBTC15M-26OCT050115-15,0.0200,1047.00,no
2026-10-05T05:14:36.2549Z,KXBTC15M-26OCT050115-15,0.0200,707.19,no
2026-10-05T05:14:36.268386Z,KXBTC15M-26OCT050115-15,0.0210,15.80,yes
2026-10-05T05:14:36.273198Z,KXBTC15M-26OCT050115-15,0.0210,73.99,yes
2026-10-05T05:14:36.29353Z,KXBTC15M-26OCT050115-15,0.0210,10.65,yes
2026-10-05T05:14:36.305139Z,KXBTC15M-26OCT050115-15,0.0200,458.48,no
2026-10-05T05:14:36.307052Z,KXBTC15M-26OCT050115-15,0.0210,23.24,yes
2026-10-05T05:14:36.323399Z,KXBTC15M-26OCT050115-15,0.0200,63.55,no
2026-10-05T05:14:36.329325Z,KXBTC15M-26OCT050115-15,0.0210,59.66,yes
2026-10-05T05:14:36.329409Z,KXBTC15M-26OCT050115-15,0.0210,41.03,yes
2026-10-05T05:14:36.33621Z,KXBTC15M-26OCT050115-15,0.0210,52.36,yes
2026-10-05T05:14:36.344162Z,KXBTC15M-26OCT050115-15,0.0210,1370.00,yes
2026-10-05T05:14:36.344418Z,KXBTC15M-26OCT050115-15,0.0210,0.28,yes
2026-10-05T05:14:36.344603Z,KXBTC15M-26OCT050115-15,0.0210,91.29,yes
2026-10-05T05:14:36.365341Z,KXBTC15M-26OCT050115-15,0.0210,0.01,yes
2026-10-05T05:14:36.365341Z,KXBTC15M-26OCT050115-15,0.0230,17.00,yes
2026-10-05T05:14:36.365341Z,KXBTC15M-26OCT050115-15,0.0240,768.16,yes
2026-10-05T05:14:36.365341Z,KXBTC15M-26OCT050115-15,0.0230,91.00,yes
2026-10-05T05:14:36.365341Z,KXBTC15M-26OCT050115-15,0.0210,0.01,yes
2026-10-05T05:14:36.373353Z,KXBTC15M-26OCT050115-15,0.0200,223.23,no
2026-10-05T05:14:36.373753Z,KXBTC15M-26OCT050115-15,0.0250,17.00,yes
2026-10-05T05:14:36.373753Z,KXBTC15M-26OCT050115-15,0.0250,7.68,yes
2026-10-05T05:14:36.373753Z,KXBTC15M-26OCT050115-15,0.0210,0.01,yes
2026-10-05T05:14:36.373753Z,KXBTC15M-26OCT050115-15,0.0230,17.00,yes
2026-10-05T05:14:36.373753Z,KXBTC15M-26OCT050115-15,0.0210,0.01,yes
2026-10-05T05:14:36.37668Z,KXBTC15M-26OCT050115-15,0.0260,161.16,yes
2026-10-05T05:14:36.37668Z,KXBTC15M-26OCT050115-15,0.0250,4.32,yes
2026-10-05T05:14:36.390967Z,KXBTC15M-26OCT050115-15,0.0220,39.50,yes
2026-10-05T05:14:36.390967Z,KXBTC15M-26OCT050115-15,0.0210,17.00,yes
2026-10-05T05:14:36.401711Z,KXBTC15M-26OCT050115-15,0.0220,0.01,yes
2026-10-05T05:14:36.401711Z,KXBTC15M-26OCT050115-15,0.0230,0.01,yes
2026-10-05T05:14:36.401711Z,KXBTC15M-26OCT050115-15,0.0260,10.00,yes
2026-10-05T05:14:36.401711Z,KXBTC15M-26OCT050115-15,0.0280,47.50,yes
2026-10-05T05:14:36.401711Z,KXBTC15M-26OCT050115-15,0.0220,17.00,yes
2026-10-05T05:14:36.401711Z,KXBTC15M-26OCT050115-15,0.0240,17.00,yes
2026-10-05T05:14:36.401711Z,KXBTC15M-26OCT050115-15,0.0230,0.01,yes
2026-10-05T05:14:36.401711Z,KXBTC15M-26OCT050115-15,0.0220,0.01,yes
2026-10-05T05:14:36.401711Z,KXBTC15M-26OCT050115-15,0.0270,10.00,yes
2026-10-05T05:14:36.40837Z,KXBTC15M-26OCT050115-15,0.0220,0.01,yes
2026-10-05T05:14:36.40837Z,KXBTC15M-26OCT050115-15,0.0270,2.05,yes
2026-10-05T05:14:36.414694Z,KXBTC15M-26OCT050115-15,0.0270,1.08,yes
2026-10-05T05:14:36.42016Z,KXBTC15M-26OCT050115-15,0.0200,5.02,no
2026-10-05T05:14:36.425238Z,KXBTC15M-26OCT050115-15,0.0210,3.13,yes
2026-10-05T05:14:36.427957Z,KXBTC15M-26OCT050115-15,0.0210,26.95,yes
2026-10-05T05:14:36.431031Z,KXBTC15M-26OCT050115-15,0.0210,4.99,no
2026-10-05T05:14:36.435794Z,KXBTC15M-26OCT050115-15,0.0290,62.27,yes
2026-10-05T05:14:36.435794Z,KXBTC15M-26OCT050115-15,0.0270,13.87,yes
2026-10-05T05:14:36.435794Z,KXBTC15M-26OCT050115-15,0.0270,10.00,yes
2026-10-05T05:14:36.435794Z,KXBTC15M-26OCT050115-15,0.0280,50.50,yes
2026-10-05T05:14:36.435794Z,KXBTC15M-26OCT050115-15,0.0270,0.01,yes
2026-10-05T05:14:36.435794Z,KXBTC15M-26OCT050115-15,0.0280,35.00,yes
2026-10-05T05:14:36.435794Z,KXBTC15M-26OCT050115-15,0.0280,0.01,yes
2026-10-05T05:14:36.435794Z,KXBTC15M-26OCT050115-15,0.0280,17.00,yes
2026-10-05T05:14:36.436008Z,KXBTC15M-26OCT050115-15,0.0290,77.13,yes
2026-10-05T05:14:36.437661Z,KXBTC15M-26OCT050115-15,0.0290,600.00,yes
2026-10-05T05:14:36.445037Z,KXBTC15M-26OCT050115-15,0.0280,13.66,yes
2026-10-05T05:14:36.459702Z,KXBTC15M-26OCT050115-15,0.0280,3.23,yes
2026-10-05T05:14:36.466503Z,KXBTC15M-26OCT050115-15,0.0250,53.99,no
2026-10-05T05:14:36.480057Z,KXBTC15M-26OCT050115-15,0.0250,7.13,no
2026-10-05T05:14:36.494072Z,KXBTC15M-26OCT050115-15,0.0290,54.00,yes
2026-10-05T05:14:36.494072Z,KXBTC15M-26OCT050115-15,0.0300,26.81,yes
2026-10-05T05:14:36.494072Z,KXBTC15M-26OCT050115-15,0.0290,70.00,yes
2026-10-05T05:14:36.494072Z,KXBTC15M-26OCT050115-15,0.0290,17.00,yes
2026-10-05T05:14:36.494072Z,KXBTC15M-26OCT050115-15,0.0260,0.01,yes
2026-10-05T05:14:36.494072Z,KXBTC15M-26OCT050115-15,0.0280,0.11,yes
2026-10-05T05:14:36.494072Z,KXBTC15M-26OCT050115-15,0.0280,14.00,yes
2026-10-05T05:14:36.502025Z,KXBTC15M-26OCT050115-15,0.0290,8.10,yes
2026-10-05T05:14:36.513069Z,KXBTC15M-26OCT050115-15,0.0260,17.00,yes
2026-10-05T05:14:36.513069Z,KXBTC15M-26OCT050115-15,0.0270,1.00,yes
2026-10-05T05:14:36.52605Z,KXBTC15M-26OCT050115-15,0.0270,1.67,yes
2026-10-05T05:14:36.543679Z,KXBTC15M-26OCT050115-15,0.0270,9.83,yes
2026-10-05T05:14:36.552872Z,KXBTC15M-26OCT050115-15,0.0280,45.99,yes
2026-10-05T05:14:36.552872Z,KXBTC15M-26OCT050115-15,0.0270,4.50,yes
2026-10-05T05:14:36.552872Z,KXBTC15M-26OCT050115-15,0.0270,0.01,yes
2026-10-05T05:14:36.552872Z,KXBTC15M-26OCT050115-15,0.0270,0.01,yes
2026-10-05T05:14:36.557707Z,KXBTC15M-26OCT050115-15,0.0270,454.01,yes
2026-10-05T05:14:36.557707Z,KXBTC15M-26OCT050115-15,0.0270,17.00,yes
2026-10-05T05:14:36.557707Z,KXBTC15M-26OCT050115-15,0.0290,1.00,yes
2026-10-05T05:14:36.557707Z,KXBTC15M-26OCT050115-15,0.0290,17.00,yes
2026-10-05T05:14:36.557707Z,KXBTC15M-26OCT050115-15,0.0290,116.05,yes
2026-10-05T05:14:36.579987Z,KXBTC15M-26OCT050115-15,0.0250,9.00,no
2026-10-05T05:14:36.593265Z,KXBTC15M-26OCT050115-15,0.0260,16.39,yes
2026-10-05T05:14:36.598051Z,KXBTC15M-26OCT050115-15,0.0260,1.94,yes
2026-10-05T05:14:36.607543Z,KXBTC15M-26OCT050115-15,0.0260,166.87,yes
2026-10-05T05:14:36.609502Z,KXBTC15M-26OCT050115-15,0.0300,6.43,yes
2026-10-05T05:14:36.609502Z,KXBTC15M-26OCT050115-15,0.0260,0.80,yes
2026-10-05T05:14:36.609502Z,KXBTC15M-26OCT050115-15,0.0290,17.00,yes
2026-10-05T05:14:36.609502Z,KXBTC15M-26OCT050115-15,0.0280,17.00,yes
2026-10-05T05:14:36.609502Z,KXBTC15M-26OCT050115-15,0.0270,0.01,yes
2026-10-05T05:14:36.609502Z,KXBTC15M-26OCT050115-15,0.0270,0.01,yes
2026-10-05T05:14:36.609502Z,KXBTC15M-26OCT050115-15,0.0260,0.01,yes
2026-10-05T05:14:36.609502Z,KXBTC15M-26OCT050115-15,0.0280,0.01,yes
2026-10-05T05:14:36.609502Z,KXBTC15M-26OCT050115-15,0.0290,56.00,yes
2026-10-05T05:14:36.630247Z,KXBTC15M-26OCT050115-15,0.0300,49.97,yes
2026-10-05T05:14:36.630247Z,KXBTC15M-26OCT050115-15,0.0290,17.00,yes
2026-10-05T05:14:36.655651Z,KXBTC15M-26OCT050115-15,0.0260,10.34,no
2026-10-05T05:14:36.673336Z,KXBTC15M-26OCT050115-15,0.0150,100.00,no
2026-10-05T05:14:36.673336Z,KXBTC15M-26OCT050115-15,0.0180,132.93,no
2026-10-05T05:14:36.673336Z,KXBTC15M-26OCT050115-15,0.0150,64.00,no
2026-10-05T05:14:36.673336Z,KXBTC15M-26OCT050115-15,0.0260,249.66,no
2026-10-05T05:14:36.673336Z,KXBTC15M-26OCT050115-15,0.0250,0.01,no
2026-10-05T05:14:36.673336Z,KXBTC15M-26OCT050115-15,0.0200,1047.00,no
2026-10-05T05:14:36.673336Z,KXBTC15M-26OCT050115-15,0.0200,64.00,no
2026-10-05T05:14:36.673336Z,KXBTC15M-26OCT050115-15,0.0150,93.75,no
2026-10-05T05:14:36.673336Z,KXBTC15M-26OCT050115-15,0.0200,64.00,no
2026-10-05T05:14:36.673336Z,KXBTC15M-26OCT050115-15,0.0200,50.00,no
2026-10-05T05:14:36.673336Z,KXBTC15M-26OCT050115-15,0.0260,0.01,no
2026-10-05T05:14:36.673336Z,KXBTC15M-26OCT050115-15,0.0260,0.01,no
2026-10-05T05:14:36.673336Z,KXBTC15M-26OCT050115-15,0.0170,794.00,no
2026-10-05T05:14:36.673336Z,KXBTC15M-26OCT050115-15,0.0160,1047.00,no
2026-10-05T05:14:36.673336Z,KXBTC15M-26OCT050115-15,0.0150,64.00,no
2026-10-05T05:14:36.673336Z,KXBTC15M-26OCT050115-15,0.0260,10.00,no
2026-10-05T05:14:36.673336Z,KXBTC15M-26OCT050115-15,0.0150,15.00,no
2026-10-05T05:14:36.673336Z,KXBTC15M-26OCT050115-15,0.0250,3070.88,no
2026-10-05T05:14:36.673336Z,KXBTC15M-26OCT050115-15,0.0230,1047.00,no
2026-10-05T05:14:36.673336Z,KXBTC15M-26OCT050115-15,0.0260,270.00,no
2026-10-05T05:14:36.673336Z,KXBTC15M-26OCT050115-15,0.0150,15.00,no
2026-10-05T05:14:36.673336Z,KXBTC15M-26OCT050115-15,0.0190,1.00,no
2026-10-05T05:14:36.673336Z,KXBTC15M-26OCT050115-15,0.0200,15.00,no
2026-10-05T05:14:36.673336Z,KXBTC15M-26OCT050115-15,0.0250,0.01,no
2026-10-05T05:14:36.673336Z,KXBTC15M-26OCT050115-15,0.0210,89.00,no
2026-10-05T05:14:36.673336Z,KXBTC15M-26OCT050115-15,0.0150,49.58,no
2026-10-05T05:14:36.673336Z,KXBTC15M-26OCT050115-15,0.0200,375.53,no
2026-10-05T05:14:36.673336Z,KXBTC15M-26OCT050115-15,0.0140,1403.81,no
2026-10-05T05:14:36.67524Z,KXBTC15M-26OCT050115-15,0.0260,0.22,yes
2026-10-05T05:14:36.67524Z,KXBTC15M-26OCT050115-15,0.0260,150.00,yes
2026-10-05T05:14:36.680604Z,KXBTC15M-26OCT050115-15,0.0240,311.83,yes
2026-10-05T05:14:36.691066Z,KXBTC15M-26OCT050115-15,0.0220,36.00,yes
2026-10-05T05:14:36.706644Z,KXBTC15M-26OCT050115-15,0.0210,4.99,no
2026-10-05T05:14:36.708759Z,KXBTC15M-26OCT050115-15,0.0220,162.31,yes
2026-10-05T05:14:36.713086Z,KXBTC15M-26OCT050115-15,0.0210,74.71,no
2026-10-05T05:14:36.73446Z,KXBTC15M-26OCT050115-15,0.0220,0.01,yes
2026-10-05T05:14:36.73446Z,KXBTC15M-26OCT050115-15,0.0270,89.44,yes
2026-10-05T05:14:36.73446Z,KXBTC15M-26OCT050115-15,0.0240,735.17,yes
2026-10-05T05:14:36.73446Z,KXBTC15M-26OCT050115-15,0.0260,12.00,yes
2026-10-05T05:14:36.73446Z,KXBTC15M-26OCT050115-15,0.0220,848.69,yes
2026-10-05T05:14:36.73446Z,KXBTC15M-26OCT050115-15,0.0230,17.00,yes
2026-10-05T05:14:36.742639Z,KXBTC15M-26OCT050115-15,0.0220,83.82,yes
2026-10-05T05:14:36.763006Z,KXBTC15M-26OCT050115-15,0.0210,0.01,no
2026-10-05T05:14:36.763006Z,KXBTC15M-26OCT050115-15,0.0210,0.01,no
2026-10-05T05:14:36.777044Z,KXBTC15M-26OCT050115-15,0.0210,20.94,yes
2026-10-05T05:14:36.78882Z,KXBTC15M-26OCT050115-15,0.0200,1.00,no
2026-10-05T05:14:36.78882Z,KXBTC15M-26OCT050115-15,0.0200,50.00,no
2026-10-05T05:14:36.78882Z,KXBTC15M-26OCT050115-15,0.0200,0.01,no
2026-10-05T05:14:36.794514Z,KXBTC15M-26OCT050115-15,0.0200,110.39,yes
2026-10-05T05:14:36.796537Z,KXBTC15M-26OCT050115-15,0.0200,37.44,yes
2026-10-05T05:14:36.809068Z,KXBTC15M-26OCT050115-15,0.0190,25.07,no
2026-10-05T05:14:36.813681Z,KXBTC15M-26OCT050115-15,0.0190,6.05,no
2026-10-05T05:14:36.835013Z,KXBTC15M-26OCT050115-15,0.0200,32.28,yes
2026-10-05T05:14:36.841214Z,KXBTC15M-26OCT050115-15,0.0200,54.65,yes
2026-10-05T05:14:36.857351Z,KXBTC15M-26OCT050115-15,0.0190,7.96,no
2026-10-05T05:14:36.857351Z,KXBTC15M-26OCT050115-15,0.0190,0.01,no
2026-10-05T05:14:36.857351Z,KXBTC15M-26OCT050115-15,0.0190,0.01,no
2026-10-05T05:14:36.872189Z,KXBTC15M-26OCT050115-15,0.0200,0.31,yes
2026-10-05T05:14:36.88774Z,KXBTC15M-26OCT050115-15,0.0190,0.10,no
2026-10-05T05:14:36.892905Z,KXBTC15M-26OCT050115-15,0.0200,31.27,yes
2026-10-05T05:14:36.896165Z,KXBTC15M-26OCT050115-15,0.0200,18.60,yes
2026-10-05T05:14:36.911213Z,KXBTC15M-26OCT050115-15,0.0200,29.43,yes
2026-10-05T05:14:36.913647Z,KXBTC15M-26OCT050115-15,0.0200,50.00,yes
2026-10-05T05:14:36.913647Z,KXBTC15M-26OCT050115-15,0.0200,0.01,yes
2026-10-05T05:14:36.913647Z,KXBTC15M-26OCT050115-15,0.0200,70.39,yes
2026-10-05T05:14:36.913647Z,KXBTC15M-26OCT050115-15,0.0200,29.53,yes
2026-10-05T05:14:36.919335Z,KXBTC15M-26OCT050115-15,0.0200,9.97,yes
2026-10-05T05:14:36.934133Z,KXBTC15M-26OCT050115-15,0.0200,146.50,yes
2026-10-05T05:14:36.934133Z,KXBTC15M-26OCT050115-15,0.0200,19.78,yes
2026-10-05T05:14:36.999832Z,KXBTC15M-26OCT050115-15,0.0200,19.51,yes
2026-10-05T05:14:37.009926Z,KXBTC15M-26OCT050115-15,0.0200,296.27,yes
2026-10-05T05:14:37.013589Z,KXBTC15M-26OCT050115-15,0.0190,0.01,no
2026-10-05T05:14:37.013589Z,KXBTC15M-26OCT050115-15,0.0180,10.00,no
2026-10-05T05:14:37.013589Z,KXBTC15M-26OCT050115-15,0.0190,0.01,no
2026-10-05T05:14:37.016392Z,KXBTC15M-26OCT050115-15,0.0180,7.19,no
2026-10-05T05:14:37.022384Z,KXBTC15M-26OCT050115-15,0.0180,0.99,no
2026-10-05T05:14:37.066209Z,KXBTC15M-26OCT050115-15,0.0190,34.33,yes
2026-10-05T05:14:37.069139Z,KXBTC15M-26OCT050115-15,0.0180,0.01,no
2026-10-05T05:14:37.069139Z,KXBTC15M-26OCT050115-15,0.0180,0.01,no
2026-10-05T05:14:37.069139Z,KXBTC15M-26OCT050115-15,0.0150,15.00,no
2026-10-05T05:14:37.069139Z,KXBTC15M-26OCT050115-15,0.0120,15.00,no
2026-10-05T05:14:37.069139Z,KXBTC15M-26OCT050115-15,0.0180,386.35,no
2026-10-05T05:14:37.069139Z,KXBTC15M-26OCT050115-15,0.0120,470.63,no
2026-10-05T05:14:37.069139Z,KXBTC15M-26OCT050115-15,0.0170,113.00,no
2026-10-05T05:14:37.084492Z,KXBTC15M-26OCT050115-15,0.0140,2.22,yes
2026-10-05T05:14:37.092456Z,KXBTC15M-26OCT050115-15,0.0140,14.78,yes
2026-10-05T05:14:37.092456Z,KXBTC15M-26OCT050115-15,0.0140,21.24,yes
2026-10-05T05:14:37.092456Z,KXBTC15M-26OCT050115-15,0.0140,0.01,yes
2026-10-05T05:14:37.092456Z,KXBTC15M-26OCT050115-15,0.0140,0.01,yes
2026-10-05T05:14:37.09271Z,KXBTC15M-26OCT050115-15,0.0140,68.00,yes
2026-10-05T05:14:37.114925Z,KXBTC15M-26OCT050115-15,0.0140,8.55,yes
2026-10-05T05:14:37.120679Z,KXBTC15M-26OCT050115-15,0.0110,2.00,no
2026-10-05T05:14:37.120679Z,KXBTC15M-26OCT050115-15,0.0110,1.00,no
2026-10-05T05:14:37.120679Z,KXBTC15M-26OCT050115-15,0.0110,2.00,no
2026-10-05T05:14:37.120679Z,KXBTC15M-26OCT050115-15,0.0110,100.00,no
2026-10-05T05:14:37.120679Z,KXBTC15M-26OCT050115-15,0.0110,20.00,no
2026-10-05T05:14:37.120679Z,KXBTC15M-26OCT050115-15,0.0110,10.00,no
2026-10-05T05:14:37.120679Z,KXBTC15M-26OCT050115-15,0.0110,1.00,no
2026-10-05T05:14:37.120679Z,KXBTC15M-26OCT050115-15,0.0110,1.00,no
2026-10-05T05:14:37.120679Z,KXBTC15M-26OCT050115-15,0.0110,15.98,no
2026-10-05T05:14:37.120679Z,KXBTC15M-26OCT050115-15,0.0110,300.00,no
2026-10-05T05:14:37.120679Z,KXBTC15M-26OCT050115-15,0.0110,4.00,no
2026-10-05T05:14:37.120679Z,KXBTC15M-26OCT050115-15,0.0110,512.00,no
2026-10-05T05:14:37.120679Z,KXBTC15M-26OCT050115-15,0.0110,2500.00,no
2026-10-05T05:14:37.120679Z,KXBTC15M-26OCT050115-15,0.0110,133.64,no
2026-10-05T05:14:37.120679Z,KXBTC15M-26OCT050115-15,0.0110,512.00,no
2026-10-05T05:14:37.120679Z,KXBTC15M-26OCT050115-15,0.0110,512.00,no
2026-10-05T05:14:37.120679Z,KXBTC15M-26OCT050115-15,0.0120,0.01,no
2026-10-05T05:14:37.120679Z,KXBTC15M-26OCT050115-15,0.0120,15.00,no
2026-10-05T05:14:37.120679Z,KXBTC15M-26OCT050115-15,0.0130,1.00,no
2026-10-05T05:14:37.120679Z,KXBTC15M-26OCT050115-15,0.0120,0.01,no
2026-10-05T05:14:37.138242Z,KXBTC15M-26OCT050115-15,0.0120,13.29,yes
2026-10-05T05:14:37.14291Z,KXBTC15M-26OCT050115-15,0.0110,5.01,no
2026-10-05T05:14:37.152555Z,KXBTC15M-26OCT050115-15,0.0120,2.69,yes
2026-10-05T05:14:37.152555Z,KXBTC15M-26OCT050115-15,0.0120,44.09,yes
2026-10-05T05:14:37.152555Z,KXBTC15M-26OCT050115-15,0.0120,0.01,yes
2026-10-05T05:14:37.167235Z,KXBTC15M-26OCT050115-15,0.0120,33.07,yes
2026-10-05T05:14:37.187777Z,KXBTC15M-26OCT050115-15,0.0120,22.75,yes
2026-10-05T05:14:37.190873Z,KXBTC15M-26OCT050115-15,0.0120,118.03,yes
2026-10-05T05:14:37.197755Z,KXBTC15M-26OCT050115-15,0.0120,19.22,yes
2026-10-05T05:14:37.205608Z,KXBTC15M-26OCT050115-15,0.0120,112.88,yes
2026-10-05T05:14:37.235335Z,KXBTC15M-26OCT050115-15,0.0120,1.04,yes
2026-10-05T05:14:37.244709Z,KXBTC15M-26OCT050115-15,0.0120,32.84,yes
2026-10-05T05:14:37.252516Z,KXBTC15M-26OCT050115-15,0.0110,331.01,no
2026-10-05T05:14:37.252516Z,KXBTC15M-26OCT050115-15,0.0110,68.42,no
2026-10-05T05:14:37.264569Z,KXBTC15M-26OCT050115-15,0.0120,88.84,yes
2026-10-05T05:14:37.28891Z,KXBTC15M-26OCT050115-15,0.0110,22.58,no
2026-10-05T05:14:37.28891Z,KXBTC15M-26OCT050115-15,0.0110,15.36,no
2026-10-05T05:14:37.28891Z,KXBTC15M-26OCT050115-15,0.0110,17.00,no
2026-10-05T05:14:37.28891Z,KXBTC15M-26OCT050115-15,0.0110,0.01,no
2026-10-05T05:14:37.28891Z,KXBTC15M-26OCT050115-15,0.0110,0.01,no
2026-10-05T05:14:37.28891Z,KXBTC15M-26OCT050115-15,0.0110,1.00,no
2026-10-05T05:14:37.291017Z,KXBTC15M-26OCT050115-15,0.0120,512.00,yes
2026-10-05T05:14:37.291017Z,KXBTC15M-26OCT050115-15,0.0130,69.00,yes
2026-10-05T05:14:37.291017Z,KXBTC15M-26OCT050115-15,0.0120,39.24,yes
2026-10-05T05:14:37.291017Z,KXBTC15M-26OCT050115-15,0.0130,186.00,yes
2026-10-05T05:14:37.291017Z,KXBTC15M-26OCT050115-15,0.0120,331.01,yes
2026-10-05T05:14:37.291017Z,KXBTC15M-26OCT050115-15,0.0140,512.00,yes
2026-10-05T05:14:37.291017Z,KXBTC15M-26OCT050115-15,0.0130,17.00,yes
2026-10-05T05:14:37.291017Z,KXBTC15M-26OCT050115-15,0.0150,1932.89,yes
2026-10-05T05:14:37.291017Z,KXBTC15M-26OCT050115-15,0.0120,5.01,yes
2026-10-05T05:14:37.291017Z,KXBTC15M-26OCT050115-15,0.0120,0.01,yes
2026-10-05T05:14:37.291017Z,KXBTC15M-26OCT050115-15,0.0120,0.01,yes
2026-10-05T05:14:37.291017Z,KXBTC15M-26OCT050115-15,0.0140,13.00,yes
2026-10-05T05:14:37.315174Z,KXBTC15M-26OCT050115-15,0.0150,1.00,yes
2026-10-05T05:14:37.315174Z,KXBTC15M-26OCT050115-15,0.0140,0.01,yes
2026-10-05T05:14:37.315174Z,KXBTC15M-26OCT050115-15,0.0140,0.01,yes
2026-10-05T05:14:37.315174Z,KXBTC15M-26OCT050115-15,0.0160,3.96,yes
2026-10-05T05:14:37.315174Z,KXBTC15M-26OCT050115-15,0.0150,0.01,yes
2026-10-05T05:14:37.315174Z,KXBTC15M-26OCT050115-15,0.0150,17.00,yes
2026-10-05T05:14:37.315174Z,KXBTC15M-26OCT050115-15,0.0150,0.01,yes
2026-10-05T05:14:37.322902Z,KXBTC15M-26OCT050115-15,0.0130,2.02,no
2026-10-05T05:14:37.328843Z,KXBTC15M-26OCT050115-15,0.0140,0.01,yes
2026-10-05T05:14:37.328843Z,KXBTC15M-26OCT050115-15,0.0140,0.01,yes
2026-10-05T05:14:37.328843Z,KXBTC15M-26OCT050115-15,0.0170,74.98,yes
2026-10-05T05:14:37.330923Z,KXBTC15M-26OCT050115-15,0.0170,10.92,yes
2026-10-05T05:14:37.352672Z,KXBTC15M-26OCT050115-15,0.0170,29.22,yes
2026-10-05T05:14:37.352672Z,KXBTC15M-26OCT050115-15,0.0140,0.01,yes
2026-10-05T05:14:37.352672Z,KXBTC15M-26OCT050115-15,0.0140,133.00,yes
2026-10-05T05:14:37.375889Z,KXBTC15M-26OCT050115-15,0.0160,20.54,yes
2026-10-05T05:14:37.380294Z,KXBTC15M-26OCT050115-15,0.0150,13.04,no
2026-10-05T05:14:37.392703Z,KXBTC15M-26OCT050115-15,0.0160,5.09,yes
2026-10-05T05:14:37.403347Z,KXBTC15M-26OCT050115-15,0.0160,0.01,yes
2026-10-05T05:14:37.403347Z,KXBTC15M-26OCT050115-15,0.0160,1.00,yes
2026-10-05T05:14:37.403347Z,KXBTC15M-26OCT050115-15,0.0160,13.00,yes
2026-10-05T05:14:37.403347Z,KXBTC15M-26OCT050115-15,0.0160,160.37,yes
2026-10-05T05:14:37.403347Z,KXBTC15M-26OCT050115-15,0.0160,20.54,yes
2026-10-05T05:14:37.403347Z,KXBTC15M-26OCT050115-15,0.0160,5.09,yes
2026-10-05T05:14:37.403347Z,KXBTC15M-26OCT050115-15,0.0170,599.99,yes
2026-10-05T05:14:37.408314Z,KXBTC15M-26OCT050115-15,0.0170,147.75,yes
2026-10-05T05:14:37.422674Z,KXBTC15M-26OCT050115-15,0.0160,29.07,yes
2026-10-05T05:14:37.425758Z,KXBTC15M-26OCT050115-15,0.0150,125.58,no
2026-10-05T05:14:37.451852Z,KXBTC15M-26OCT050115-15,0.0160,88.09,yes
2026-10-05T05:14:37.462589Z,KXBTC15M-26OCT050115-15,0.0160,8.14,yes
2026-10-05T05:14:37.464633Z,KXBTC15M-26OCT050115-15,0.0150,21.79,no
2026-10-05T05:14:37.501738Z,KXBTC15M-26OCT050115-15,0.0160,1.04,yes
2026-10-05T05:14:37.577454Z,KXBTC15M-26OCT050115-15,0.0150,1.36,no
2026-10-05T05:14:37.584319Z,KXBTC15M-26OCT050115-15,0.0150,9.00,no
2026-10-05T05:14:37.58539Z,KXBTC15M-26OCT050115-15,0.0150,101.03,no
2026-10-05T05:14:37.602695Z,KXBTC15M-26OCT050115-15,0.0160,0.01,yes
2026-10-05T05:14:37.602695Z,KXBTC15M-26OCT050115-15,0.0160,17.98,yes
2026-10-05T05:14:37.602695Z,KXBTC15M-26OCT050115-15,0.0160,0.01,yes
2026-10-05T05:14:37.646831Z,KXBTC15M-26OCT050115-15,0.0160,20.52,yes
2026-10-05T05:14:37.659473Z,KXBTC15M-26OCT050115-15,0.0160,46.79,yes
2026-10-05T05:14:37.660725Z,KXBTC15M-26OCT050115-15,0.0160,10.47,yes
2026-10-05T05:14:37.669952Z,KXBTC15M-26OCT050115-15,0.0160,3.52,yes
2026-10-05T05:14:37.683679Z,KXBTC15M-26OCT050115-15,0.0160,5.89,yes
2026-10-05T05:14:37.683705Z,KXBTC15M-26OCT050115-15,0.0160,202.22,yes
2026-10-05T05:14:37.683706Z,KXBTC15M-26OCT050115-15,0.0150,0.01,no
2026-10-05T05:14:37.683706Z,KXBTC15M-26OCT050115-15,0.0150,0.01,no
2026-10-05T05:14:37.683706Z,KXBTC15M-26OCT050115-15,0.0150,15.86,no
2026-10-05T05:14:37.686089Z,KXBTC15M-26OCT050115-15,0.0150,258.04,no
2026-10-05T05:14:37.698772Z,KXBTC15M-26OCT050115-15,0.0160,13.00,yes
2026-10-05T05:14:37.698772Z,KXBTC15M-26OCT050115-15,0.0160,63.61,yes
2026-10-05T05:14:37.698772Z,KXBTC15M-26OCT050115-15,0.0160,62.00,yes
2026-10-05T05:14:37.715579Z,KXBTC15M-26OCT050115-15,0.0150,0.01,no
2026-10-05T05:14:37.715579Z,KXBTC15M-26OCT050115-15,0.0150,0.01,no
2026-10-05T05:14:37.724158Z,KXBTC15M-26OCT050115-15,0.0150,13.48,yes
2026-10-05T05:14:37.755202Z,KXBTC15M-26OCT050115-15,0.0140,1.00,no
2026-10-05T05:14:37.755202Z,KXBTC15M-26OCT050115-15,0.0140,1.02,no
2026-10-05T05:14:37.758673Z,KXBTC15M-26OCT050115-15,0.0150,0.01,yes
2026-10-05T05:14:37.758673Z,KXBTC15M-26OCT050115-15,0.0150,17.00,yes
2026-10-05T05:14:37.758673Z,KXBTC15M-26OCT050115-15,0.0150,0.01,yes
2026-10-05T05:14:37.758673Z,KXBTC15M-26OCT050115-15,0.0150,17.21,yes
2026-10-05T05:14:37.758673Z,KXBTC15M-26OCT050115-15,0.0150,273.81,yes
2026-10-05T05:14:37.778459Z,KXBTC15M-26OCT050115-15,0.0150,116.94,yes
2026-10-05T05:14:37.781457Z,KXBTC15M-26OCT050115-15,0.0150,0.01,yes
2026-10-05T05:14:37.781457Z,KXBTC15M-26OCT050115-15,0.0150,51.85,yes
2026-10-05T05:14:37.781457Z,KXBTC15M-26OCT050115-15,0.0150,0.01,yes
2026-10-05T05:14:37.781457Z,KXBTC15M-26OCT050115-15,0.0160,230.92,yes
2026-10-05T05:14:37.781457Z,KXBTC15M-26OCT050115-15,0.0150,17.21,yes
2026-10-05T05:14:37.787367Z,KXBTC15M-26OCT050115-15,0.0150,6.54,yes
2026-10-05T05:14:37.78798Z,KXBTC15M-26OCT050115-15,0.0150,49.25,yes
2026-10-05T05:14:37.794123Z,KXBTC15M-26OCT050115-15,0.0150,583.78,yes
2026-10-05T05:14:37.798071Z,KXBTC15M-26OCT050115-15,0.0140,0.01,no
2026-10-05T05:14:37.798071Z,KXBTC15M-26OCT050115-15,0.0140,1.02,no
2026-10-05T05:14:37.798071Z,KXBTC15M-26OCT050115-15,0.0140,0.01,no
2026-10-05T05:14:37.798071Z,KXBTC15M-26OCT050115-15,0.0130,50.76,no
2026-10-05T05:14:37.798071Z,KXBTC15M-26OCT050115-15,0.0140,11.98,no
2026-10-05T05:14:37.802371Z,KXBTC15M-26OCT050115-15,0.0130,3.03,no
2026-10-05T05:14:37.806035Z,KXBTC15M-26OCT050115-15,0.0140,58.47,yes
2026-10-05T05:14:37.813482Z,KXBTC15M-26OCT050115-15,0.0130,35.77,no
2026-10-05T05:14:37.819994Z,KXBTC15M-26OCT050115-15,0.0130,1.01,no
2026-10-05T05:14:37.820222Z,KXBTC15M-26OCT050115-15,0.0140,0.28,yes
2026-10-05T05:14:37.837701Z,KXBTC15M-26OCT050115-15,0.0130,148.52,no
2026-10-05T05:14:37.894865Z,KXBTC15M-26OCT050115-15,0.0130,23.01,no
2026-10-05T05:14:37.895472Z,KXBTC15M-26OCT050115-15,0.0140,177.52,yes
2026-10-05T05:14:37.895472Z,KXBTC15M-26OCT050115-15,0.0140,0.01,yes
2026-10-05T05:14:37.902667Z,KXBTC15M-26OCT050115-15,0.0210,7.00,yes
2026-10-05T05:14:37.902667Z,KXBTC15M-26OCT050115-15,0.0140,0.01,yes
2026-10-05T05:14:37.902667Z,KXBTC15M-26OCT050115-15,0.0190,1047.00,yes
2026-10-05T05:14:37.902667Z,KXBTC15M-26OCT050115-15,0.0200,93.75,yes
2026-10-05T05:14:37.902667Z,KXBTC15M-26OCT050115-15,0.0200,64.00,yes
2026-10-05T05:14:37.902667Z,KXBTC15M-26OCT050115-15,0.0150,0.01,yes
2026-10-05T05:14:37.902667Z,KXBTC15M-26OCT050115-15,0.0140,8.48,yes
2026-10-05T05:14:37.902667Z,KXBTC15M-26OCT050115-15,0.0200,15.00,yes
2026-10-05T05:14:37.902667Z,KXBTC15M-26OCT050115-15,0.0170,17.00,yes
2026-10-05T05:14:37.902667Z,KXBTC15M-26OCT050115-15,0.0200,64.00,yes
2026-10-05T05:14:37.902667Z,KXBTC15M-26OCT050115-15,0.0170,1.00,yes
2026-10-05T05:14:37.902667Z,KXBTC15M-26OCT050115-15,0.0140,0.01,yes
2026-10-05T05:14:37.902667Z,KXBTC15M-26OCT050115-15,0.0210,203.00,yes
2026-10-05T05:14:37.902667Z,KXBTC15M-26OCT050115-15,0.0200,93.75,yes
2026-10-05T05:14:37.902667Z,KXBTC15M-26OCT050115-15,0.0190,3.00,yes
2026-10-05T05:14:37.902667Z,KXBTC15M-26OCT050115-15,0.0200,15.00,yes
2026-10-05T05:14:37.902667Z,KXBTC15M-26OCT050115-15,0.0210,13.00,yes
2026-10-05T05:14:37.902667Z,KXBTC15M-26OCT050115-15,0.0150,0.01,yes
2026-10-05T05:14:37.902667Z,KXBTC15M-26OCT050115-15,0.0200,50.00,yes
2026-10-05T05:14:37.902667Z,KXBTC15M-26OCT050115-15,0.0210,53.00,yes
2026-10-05T05:14:37.902667Z,KXBTC15M-26OCT050115-15,0.0220,139.40,yes
2026-10-05T05:14:37.904768Z,KXBTC15M-26OCT050115-15,0.0140,0.45,yes
2026-10-05T05:14:37.90521Z,KXBTC15M-26OCT050115-15,0.0140,58.47,yes
2026-10-05T05:14:37.905353Z,KXBTC15M-26OCT050115-15,0.0130,4.24,no
2026-10-05T05:14:37.923547Z,KXBTC15M-26OCT050115-15,0.0210,1.10,yes
2026-10-05T05:14:37.923547Z,KXBTC15M-26OCT050115-15,0.0210,12.75,yes
2026-10-05T05:14:37.923547Z,KXBTC15M-26OCT050115-15,0.0190,17.00,yes
2026-10-05T05:14:37.923547Z,KXBTC15M-26OCT050115-15,0.0190,1.00,yes
2026-10-05T05:14:37.923547Z,KXBTC15M-26OCT050115-15,0.0200,13.00,yes
2026-10-05T05:14:37.934776Z,KXBTC15M-26OCT050115-15,0.0200,45.00,yes
2026-10-05T05:14:37.934776Z,KXBTC15M-26OCT050115-15,0.0200,17.00,yes
2026-10-05T05:14:37.93566Z,KXBTC15M-26OCT050115-15,0.0200,6.00,yes
2026-10-05T05:14:37.944904Z,KXBTC15M-26OCT050115-15,0.0200,84.68,yes
2026-10-05T05:14:37.951739Z,KXBTC15M-26OCT050115-15,0.0200,50.32,yes
2026-10-05T05:14:37.951739Z,KXBTC15M-26OCT050115-15,0.0200,31.74,yes
2026-10-05T05:14:37.982908Z,KXBTC15M-26OCT050115-15,0.0200,3.19,yes
2026-10-05T05:14:37.989044Z,KXBTC15M-26OCT050115-15,0.0190,5.00,no
2026-10-05T05:14:37.993249Z,KXBTC15M-26OCT050115-15,0.0200,15.38,yes
2026-10-05T05:14:37.998919Z,KXBTC15M-26OCT050115-15,0.0190,4.47,no
2026-10-05T05:14:38.001347Z,KXBTC15M-26OCT050115-15,0.0190,100.00,no
2026-10-05T05:14:38.009799Z,KXBTC15M-26OCT050115-15,0.0190,40.53,no
2026-10-05T05:14:38.009799Z,KXBTC15M-26OCT050115-15,0.0190,0.69,no
2026-10-05T05:14:38.023342Z,KXBTC15M-26OCT050115-15,0.0200,0.01,yes
2026-10-05T05:14:38.023342Z,KXBTC15M-26OCT050115-15,0.0200,5.99,yes
2026-10-05T05:14:38.027992Z,KXBTC15M-26OCT050115-15,0.0200,1.00,yes
2026-10-05T05:14:38.027992Z,KXBTC15M-26OCT050115-15,0.0200,50.32,yes
2026-10-05T05:14:38.027992Z,KXBTC15M-26OCT050115-15,0.0200,84.68,yes
2026-10-05T05:14:38.027992Z,KXBTC15M-26OCT050115-15,0.0200,6.00,yes
2026-10-05T05:14:38.027992Z,KXBTC15M-26OCT050115-15,0.0200,39.01,yes
2026-10-05T05:14:38.042325Z,KXBTC15M-26OCT050115-15,0.0190,318.66,no
2026-10-05T05:14:38.042325Z,KXBTC15M-26OCT050115-15,0.0200,150.00,no
2026-10-05T05:14:38.042325Z,KXBTC15M-26OCT050115-15,0.0200,168.99,no
2026-10-05T05:14:38.042325Z,KXBTC15M-26OCT050115-15,0.0200,150.00,no
2026-10-05T05:14:38.042325Z,KXBTC15M-26OCT050115-15,0.0200,50.00,no
2026-10-05T05:14:38.042325Z,KXBTC15M-26OCT050115-15,0.0200,150.00,no
2026-10-05T05:14:38.042325Z,KXBTC15M-26OCT050115-15,0.0200,0.01,no
2026-10-05T05:14:38.042325Z,KXBTC15M-26OCT050115-15,0.0200,0.01,no
2026-10-05T05:14:38.042325Z,KXBTC15M-26OCT050115-15,0.0190,12.31,no
2026-10-05T05:14:38.042325Z,KXBTC15M-26OCT050115-15,0.0190,0.01,no
2026-10-05T05:14:38.042325Z,KXBTC15M-26OCT050115-15,0.0190,0.01,no
2026-10-05T05:14:38.043004Z,KXBTC15M-26OCT050115-15,0.0190,11.00,no
2026-10-05T05:14:38.043984Z,KXBTC15M-26OCT050115-15,0.0190,25.34,no
2026-10-05T05:14:38.043984Z,KXBTC15M-26OCT050115-15,0.0190,0.69,no
2026-10-05T05:14:38.043984Z,KXBTC15M-26OCT050115-15,0.0180,454.73,no
2026-10-05T05:14:38.050076Z,KXBTC15M-26OCT050115-15,0.0190,10.98,no
2026-10-05T05:14:38.050076Z,KXBTC15M-26OCT050115-15,0.0190,0.01,no
2026-10-05T05:14:38.050076Z,KXBTC15M-26OCT050115-15,0.0200,0.01,no
2026-10-05T05:14:38.058779Z,KXBTC15M-26OCT050115-15,0.0190,0.01,no
2026-10-05T05:14:38.058779Z,KXBTC15M-26OCT050115-15,0.0190,0.69,no
2026-10-05T05:14:38.058779Z,KXBTC15M-26OCT050115-15,0.0200,0.01,no
2026-10-05T05:14:38.058779Z,KXBTC15M-26OCT050115-15,0.0190,0.29,no
2026-10-05T05:14:38.062633Z,KXBTC15M-26OCT050115-15,0.0210,1.49,yes
2026-10-05T05:14:38.062833Z,KXBTC15M-26OCT050115-15,0.0200,0.01,no
2026-10-05T05:14:38.069196Z,KXBTC15M-26OCT050115-15,0.0210,146.86,yes
2026-10-05T05:14:38.070758Z,KXBTC15M-26OCT050115-15,0.0210,85.30,yes
2026-10-05T05:14:38.085088Z,KXBTC15M-26OCT050115-15,0.0190,0.01,no
2026-10-05T05:14:38.085088Z,KXBTC15M-26OCT050115-15,0.0190,13.00,no
2026-10-05T05:14:38.085088Z,KXBTC15M-26OCT050115-15,0.0190,0.01,no
2026-10-05T05:14:38.106883Z,KXBTC15M-26OCT050115-15,0.0200,2.44,yes
2026-10-05T05:14:38.113997Z,KXBTC15M-26OCT050115-15,0.0190,5.05,no
2026-10-05T05:14:38.113997Z,KXBTC15M-26OCT050115-15,0.0190,0.01,no
2026-10-05T05:14:38.115828Z,KXBTC15M-26OCT050115-15,0.0200,147.56,yes
2026-10-05T05:14:38.115828Z,KXBTC15M-26OCT050115-15,0.0200,93.70,yes
2026-10-05T05:14:38.116558Z,KXBTC15M-26OCT050115-15,0.0190,0.01,no
2026-10-05T05:14:38.116558Z,KXBTC15M-26OCT050115-15,0.0190,7.95,no
2026-10-05T05:14:38.116558Z,KXBTC15M-26OCT050115-15,0.0180,72.04,no
2026-10-05T05:14:38.210535Z,KXBTC15M-26OCT050115-15,0.0180,101.23,no
2026-10-05T05:14:38.210952Z,KXBTC15M-26OCT050115-15,0.0200,25.45,yes
2026-10-05T05:14:38.210952Z,KXBTC15M-26OCT050115-15,0.0190,0.01,yes
2026-10-05T05:14:38.210952Z,KXBTC15M-26OCT050115-15,0.0190,17.00,yes
2026-10-05T05:14:38.210952Z,KXBTC15M-26OCT050115-15,0.0190,0.01,yes
2026-10-05T05:14:38.210952Z,KXBTC15M-26OCT050115-15,0.0190,186.00,yes
2026-10-05T05:14:38.210952Z,KXBTC15M-26OCT050115-15,0.0200,50.00,yes
2026-10-05T05:14:38.210952Z,KXBTC15M-26OCT050115-15,0.0200,1.10,yes
2026-10-05T05:14:38.210952Z,KXBTC15M-26OCT050115-15,0.0200,1.00,yes
2026-10-05T05:14:38.216609Z,KXBTC15M-26OCT050115-15,0.0190,17.00,yes
2026-10-05T05:14:38.216609Z,KXBTC15M-26OCT050115-15,0.0200,58.00,yes
2026-10-05T05:14:38.216609Z,KXBTC15M-26OCT050115-15,0.0210,17.00,yes
2026-10-05T05:14:38.254268Z,KXBTC15M-26OCT050115-15,0.0180,996.84,no
2026-10-05T05:14:38.25559Z,KXBTC15M-26OCT050115-15,0.0190,16.09,yes
2026-10-05T05:14:38.258996Z,KXBTC15M-26OCT050115-15,0.0190,93.58,yes
2026-10-05T05:14:38.265366Z,KXBTC15M-26OCT050115-15,0.0180,0.01,no
2026-10-05T05:14:38.265366Z,KXBTC15M-26OCT050115-15,0.0140,13.00,no
2026-10-05T05:14:38.265366Z,KXBTC15M-26OCT050115-15,0.0180,0.01,no
2026-10-05T05:14:38.265366Z,KXBTC15M-26OCT050115-15,0.0140,95.00,no
2026-10-05T05:14:38.265366Z,KXBTC15M-26OCT050115-15,0.0130,341.98,no
2026-10-05T05:14:38.289874Z,KXBTC15M-26OCT050115-15,0.0170,13.00,yes
2026-10-05T05:14:38.289874Z,KXBTC15M-26OCT050115-15,0.0150,150.00,yes
2026-10-05T05:14:38.289874Z,KXBTC15M-26OCT050115-15,0.0140,17.00,yes
2026-10-05T05:14:38.289874Z,KXBTC15M-26OCT050115-15,0.0150,0.01,yes
2026-10-05T05:14:38.289874Z,KXBTC15M-26OCT050115-15,0.0150,0.01,yes
2026-10-05T05:14:38.289874Z,KXBTC15M-26OCT050115-15,0.0180,92.45,yes
2026-10-05T05:14:38.289874Z,KXBTC15M-26OCT050115-15,0.0150,150.00,yes
2026-10-05T05:14:38.289874Z,KXBTC15M-26OCT050115-15,0.0150,17.00,yes
2026-10-05T05:14:38.289874Z,KXBTC15M-26OCT050115-15,0.0170,303.27,yes
2026-10-05T05:14:38.294763Z,KXBTC15M-26OCT050115-15,0.0140,0.01,yes
2026-10-05T05:14:38.294763Z,KXBTC15M-26OCT050115-15,0.0140,0.01,yes
2026-10-05T05:14:38.294763Z,KXBTC15M-26OCT050115-15,0.0180,46.77,yes
2026-10-05T05:14:38.305409Z,KXBTC15M-26OCT050115-15,0.0130,0.01,no
2026-10-05T05:14:38.305409Z,KXBTC15M-26OCT050115-15,0.0130,14.00,no
2026-10-05T05:14:38.305409Z,KXBTC15M-26OCT050115-15,0.0130,0.01,no
2026-10-05T05:14:38.305409Z,KXBTC15M-26OCT050115-15,0.0120,423.45,no
2026-10-05T05:14:38.365757Z,KXBTC15M-26OCT050115-15,0.0140,9.85,yes
2026-10-05T05:14:38.375305Z,KXBTC15M-26OCT050115-15,0.0140,6.19,yes
2026-10-05T05:14:38.375305Z,KXBTC15M-26OCT050115-15,0.0140,0.01,yes
2026-10-05T05:14:38.375305Z,KXBTC15M-26OCT050115-15,0.0140,0.01,yes
2026-10-05T05:14:38.375305Z,KXBTC15M-26OCT050115-15,0.0140,7.15,yes
2026-10-05T05:14:38.379686Z,KXBTC15M-26OCT050115-15,0.0140,139.90,yes
2026-10-05T05:14:38.384675Z,KXBTC15M-26OCT050115-15,0.0140,38.07,yes
2026-10-05T05:14:38.396983Z,KXBTC15M-26OCT050115-15,0.0120,0.01,no
2026-10-05T05:14:38.396983Z,KXBTC15M-26OCT050115-15,0.0120,117.00,no
2026-10-05T05:14:38.396983Z,KXBTC15M-26OCT050115-15,0.0120,0.01,no
2026-10-05T05:14:38.396983Z,KXBTC15M-26OCT050115-15,0.0130,0.01,no
2026-10-05T05:14:38.396983Z,KXBTC15M-26OCT050115-15,0.0130,0.01,no
2026-10-05T05:14:38.396983Z,KXBTC15M-26OCT050115-15,0.0120,15.00,no
2026-10-05T05:14:38.396983Z,KXBTC15M-26OCT050115-15,0.0110,60.40,no
2026-10-05T05:14:38.401282Z,KXBTC15M-26OCT050115-15,0.0140,0.01,yes
2026-10-05T05:14:38.401282Z,KXBTC15M-26OCT050115-15,0.0140,1.84,yes
2026-10-05T05:14:38.401282Z,KXBTC15M-26OCT050115-15,0.0150,0.01,yes
2026-10-05T05:14:38.401282Z,KXBTC15M-26OCT050115-15,0.0150,0.01,yes
2026-10-05T05:14:38.401282Z,KXBTC15M-26OCT050115-15,0.0140,6.19,yes
2026-10-05T05:14:38.401282Z,KXBTC15M-26OCT050115-15,0.0150,17.00,yes
2026-10-05T05:14:38.401282Z,KXBTC15M-26OCT050115-15,0.0180,737.59,yes
2026-10-05T05:14:38.401282Z,KXBTC15M-26OCT050115-15,0.0170,156.00,yes
2026-10-05T05:14:38.401282Z,KXBTC15M-26OCT050115-15,0.0170,796.00,yes
2026-10-05T05:14:38.401282Z,KXBTC15M-26OCT050115-15,0.0130,17.00,yes
2026-10-05T05:14:38.401282Z,KXBTC15M-26OCT050115-15,0.0140,0.01,yes
2026-10-05T05:14:38.404019Z,KXBTC15M-26OCT050115-15,0.0130,0.01,no
2026-10-05T05:14:38.404019Z,KXBTC15M-26OCT050115-15,0.0130,0.01,no
2026-10-05T05:14:38.404019Z,KXBTC15M-26OCT050115-15,0.0110,275.98,no
2026-10-05T05:14:38.42355Z,KXBTC15M-26OCT050115-15,0.0130,19.95,no
2026-10-05T05:14:38.440807Z,KXBTC15M-26OCT050115-15,0.0140,6.00,yes
2026-10-05T05:14:38.449306Z,KXBTC15M-26OCT050115-15,0.0140,11.00,yes
2026-10-05T05:14:38.449306Z,KXBTC15M-26OCT050115-15,0.0140,3.36,yes
2026-10-05T05:14:38.450336Z,KXBTC15M-26OCT050115-15,0.0130,0.01,no
2026-10-05T05:14:38.450336Z,KXBTC15M-26OCT050115-15,0.0130,0.01,no
2026-10-05T05:14:38.450336Z,KXBTC15M-26OCT050115-15,0.0130,2.36,no
2026-10-05T05:14:38.451257Z,KXBTC15M-26OCT050115-15,0.0140,0.01,yes
2026-10-05T05:14:38.451257Z,KXBTC15M-26OCT050115-15,0.0180,34.10,yes
2026-10-05T05:14:38.451257Z,KXBTC15M-26OCT050115-15,0.0150,17.00,yes
2026-10-05T05:14:38.451257Z,KXBTC15M-26OCT050115-15,0.0170,0.01,yes
2026-10-05T05:14:38.451257Z,KXBTC15M-26OCT050115-15,0.0170,13.00,yes
2026-10-05T05:14:38.451257Z,KXBTC15M-26OCT050115-15,0.0140,174.61,yes
2026-10-05T05:14:38.451257Z,KXBTC15M-26OCT050115-15,0.0140,0.01,yes
2026-10-05T05:14:38.451257Z,KXBTC15M-26OCT050115-15,0.0170,118.00,yes
2026-10-05T05:14:38.457904Z,KXBTC15M-26OCT050115-15,0.0140,137.79,no
2026-10-05T05:14:38.463616Z,KXBTC15M-26OCT050115-15,0.0180,2.85,yes
2026-10-05T05:14:38.463616Z,KXBTC15M-26OCT050115-15,0.0170,17.00,yes
2026-10-05T05:14:38.463616Z,KXBTC15M-26OCT050115-15,0.0170,13.00,yes
2026-10-05T05:14:38.466079Z,KXBTC15M-26OCT050115-15,0.0180,486.31,yes
2026-10-05T05:14:38.46844Z,KXBTC15M-26OCT050115-15,0.0180,2.84,yes
2026-10-05T05:14:38.46844Z,KXBTC15M-26OCT050115-15,0.0170,6.00,yes
2026-10-05T05:14:38.46844Z,KXBTC15M-26OCT050115-15,0.0170,17.00,yes
2026-10-05T05:14:38.487757Z,KXBTC15M-26OCT050115-15,0.0170,17.00,yes
2026-10-05T05:14:38.487757Z,KXBTC15M-26OCT050115-15,0.0180,46.89,yes
2026-10-05T05:14:38.498669Z,KXBTC15M-26OCT050115-15,0.0140,2.97,no
2026-10-05T05:14:38.499107Z,KXBTC15M-26OCT050115-15,0.0160,3.94,yes
2026-10-05T05:14:38.520993Z,KXBTC15M-26OCT050115-15,0.0150,0.01,yes
2026-10-05T05:14:38.520993Z,KXBTC15M-26OCT050115-15,0.0150,17.00,yes
2026-10-05T05:14:38.520993Z,KXBTC15M-26OCT050115-15,0.0160,34.19,yes
2026-10-05T05:14:38.538894Z,KXBTC15M-26OCT050115-15,0.0120,15.00,no
2026-10-05T05:14:38.538894Z,KXBTC15M-26OCT050115-15,0.0140,0.01,no
2026-10-05T05:14:38.538894Z,KXBTC15M-26OCT050115-15,0.0130,0.01,no
2026-10-05T05:14:38.538894Z,KXBTC15M-26OCT050115-15,0.0140,0.01,no
2026-10-05T05:14:38.538894Z,KXBTC15M-26OCT050115-15,0.0110,20.10,no
2026-10-05T05:14:38.552019Z,KXBTC15M-26OCT050115-15,0.0110,1.41,no
2026-10-05T05:14:38.562302Z,KXBTC15M-26OCT050115-15,0.0100,1.00,no
2026-10-05T05:14:38.562302Z,KXBTC15M-26OCT050115-15,0.0100,73.00,no
2026-10-05T05:14:38.562302Z,KXBTC15M-26OCT050115-15,0.0100,147.00,no
2026-10-05T05:14:38.562302Z,KXBTC15M-26OCT050115-15,0.0100,512.00,no
2026-10-05T05:14:38.562302Z,KXBTC15M-26OCT050115-15,0.0100,150.00,no
2026-10-05T05:14:38.562302Z,KXBTC15M-26OCT050115-15,0.0100,327.00,no
2026-10-05T05:14:38.562302Z,KXBTC15M-26OCT050115-15,0.0100,1.00,no
2026-10-05T05:14:38.562302Z,KXBTC15M-26OCT050115-15,0.0100,260.00,no
2026-10-05T05:14:38.562302Z,KXBTC15M-26OCT050115-15,0.0100,512.00,no
2026-10-05T05:14:38.562302Z,KXBTC15M-26OCT050115-15,0.0100,4.00,no
2026-10-05T05:14:38.562302Z,KXBTC15M-26OCT050115-15,0.0100,512.00,no
2026-10-05T05:14:38.562302Z,KXBTC15M-26OCT050115-15,0.0100,66.35,no
2026-10-05T05:14:38.562302Z,KXBTC15M-26OCT050115-15,0.0100,1327.03,no
2026-10-05T05:14:38.562302Z,KXBTC15M-26OCT050115-15,0.0100,0.31,no
2026-10-05T05:14:38.562302Z,KXBTC15M-26OCT050115-15,0.0100,6.28,no
2026-10-05T05:14:38.562302Z,KXBTC15M-26OCT050115-15,0.0100,346.80,no
2026-10-05T05:14:38.562302Z,KXBTC15M-26OCT050115-15,0.0100,3.86,no
2026-10-05T05:14:38.562302Z,KXBTC15M-26OCT050115-15,0.0100,5.79,no
2026-10-05T05:14:38.562302Z,KXBTC15M-26OCT050115-15,0.0100,400.00,no
2026-10-05T05:14:38.562302Z,KXBTC15M-26OCT050115-15,0.0100,7.58,no
2026-10-05T05:14:38.562302Z,KXBTC15M-26OCT050115-15,0.0100,0.96,no
2026-10-05T05:14:38.562302Z,KXBTC15M-26OCT050115-15,0.0100,34.70,no
2026-10-05T05:14:38.562302Z,KXBTC15M-26OCT050115-15,0.0100,9.11,no
2026-10-05T05:14:38.562302Z,KXBTC15M-26OCT050115-15,0.0100,3.64,no
2026-10-05T05:14:38.562302Z,KXBTC15M-26OCT050115-15,0.0100,19.32,no
2026-10-05T05:14:38.562302Z,KXBTC15M-26OCT050115-15,0.0100,28.81,no
2026-10-05T05:14:38.562302Z,KXBTC15M-26OCT050115-15,0.0100,9.66,no
2026-10-05T05:14:38.562302Z,KXBTC15M-26OCT050115-15,0.0100,1.08,no
2026-10-05T05:14:38.562302Z,KXBTC15M-26OCT050115-15,0.0100,14.07,no
2026-10-05T05:14:38.562302Z,KXBTC15M-26OCT050115-15,0.0100,1.96,no
2026-10-05T05:14:38.562302Z,KXBTC15M-26OCT050115-15,0.0100,13.60,no
2026-10-05T05:14:38.562302Z,KXBTC15M-26OCT050115-15,0.0100,18.26,no
2026-10-05T05:14:38.562302Z,KXBTC15M-26OCT050115-15,0.0100,14.58,no
2026-10-05T05:14:38.562302Z,KXBTC15M-26OCT050115-15,0.0100,18.57,no
2026-10-05T05:14:38.562302Z,KXBTC15M-26OCT050115-15,0.0100,352.00,no
2026-10-05T05:14:38.562302Z,KXBTC15M-26OCT050115-15,0.0100,5.68,no
2026-10-05T05:14:38.562302Z,KXBTC15M-26OCT050115-15,0.0100,10.47,no
2026-10-05T05:14:38.562302Z,KXBTC15M-26OCT050115-15,0.0100,5.12,no
2026-10-05T05:14:38.562302Z,KXBTC15M-26OCT050115-15,0.0100,1.18,no
2026-10-05T05:14:38.562302Z,KXBTC15M-26OCT050115-15,0.0100,10.47,no
2026-10-05T05:14:38.562302Z,KXBTC15M-26OCT050115-15,0.0100,102.64,no
2026-10-05T05:14:38.562302Z,KXBTC15M-26OCT050115-15,0.0100,41.89,no
2026-10-05T05:14:38.562302Z,KXBTC15M-26OCT050115-15,0.0100,20.94,no
2026-10-05T05:14:38.562302Z,KXBTC15M-26OCT050115-15,0.0100,111.81,no
2026-10-05T05:14:38.562302Z,KXBTC15M-26OCT050115-15,0.0100,1.00,no
2026-10-05T05:14:38.562302Z,KXBTC15M-26OCT050115-15,0.0100,25.00,no
2026-10-05T05:14:38.562302Z,KXBTC15M-26OCT050115-15,0.0100,5.70,no
2026-10-05T05:14:38.562302Z,KXBTC15M-26OCT050115-15,0.0100,10.93,no
2026-10-05T05:14:38.562302Z,KXBTC15M-26OCT050115-15,0.0110,17.00,no
2026-10-05T05:14:38.562302Z,KXBTC15M-26OCT050115-15,0.0100,64.00,no
2026-10-05T05:14:38.562302Z,KXBTC15M-26OCT050115-15,0.0110,0.01,no
2026-10-05T05:14:38.562302Z,KXBTC15M-26OCT050115-15,0.0100,15.00,no
2026-10-05T05:14:38.562302Z,KXBTC15M-26OCT050115-15,0.0100,93.75,no
2026-10-05T05:14:38.562302Z,KXBTC15M-26OCT050115-15,0.0110,112.00,no
2026-10-05T05:14:38.562302Z,KXBTC15M-26OCT050115-15,0.0100,93.75,no
2026-10-05T05:14:38.562302Z,KXBTC15M-26OCT050115-15,0.0100,100.00,no
2026-10-05T05:14:38.562302Z,KXBTC15M-26OCT050115-15,0.0110,335.44,no
2026-10-05T05:14:38.562302Z,KXBTC15M-26OCT050115-15,0.0110,689.11,no
2026-10-05T05:14:38.562302Z,KXBTC15M-26OCT050115-15,0.0100,400.00,no
2026-10-05T05:14:38.562302Z,KXBTC15M-26OCT050115-15,0.0100,50.00,no
2026-10-05T05:14:38.562302Z,KXBTC15M-26OCT050115-15,0.0100,200.00,no
2026-10-05T05:14:38.562302Z,KXBTC15M-26OCT050115-15,0.0100,74.37,no
2026-10-05T05:14:38.562302Z,KXBTC15M-26OCT050115-15,0.0100,4.50,no
2026-10-05T05:14:38.562302Z,KXBTC15M-26OCT050115-15,0.0100,3002.44,no
2026-10-05T05:14:38.562302Z,KXBTC15M-26OCT050115-15,0.0100,1.26,no
2026-10-05T05:14:38.562302Z,KXBTC15M-26OCT050115-15,0.0100,6.23,no
2026-10-05T05:14:38.562302Z,KXBTC15M-26OCT050115-15,0.0100,11.79,no
2026-10-05T05:14:38.562302Z,KXBTC15M-26OCT050115-15,0.0100,0.44,no
2026-10-05T05:14:38.562302Z,KXBTC15M-26OCT050115-15,0.0100,13.29,no
2026-10-05T05:14:38.562302Z,KXBTC15M-26OCT050115-15,0.0100,0.07,no
2026-10-05T05:14:38.562302Z,KXBTC15M-26OCT050115-15,0.0100,0.03,no
2026-10-05T05:14:38.562302Z,KXBTC15M-26OCT050115-15,0.0100,40.57,no
2026-10-05T05:14:38.562302Z,KXBTC15M-26OCT050115-15,0.0100,3.48,no
2026-10-05T05:14:38.562302Z,KXBTC15M-26OCT050115-15,0.0100,30.00,no
2026-10-05T05:14:38.562302Z,KXBTC15M-26OCT050115-15,0.0100,0.68,no
2026-10-05T05:14:38.562302Z,KXBTC15M-26OCT050115-15,0.0100,3.75,no
2026-10-05T05:14:38.562302Z,KXBTC15M-26OCT050115-15,0.0100,3.78,no
2026-10-05T05:14:38.562302Z,KXBTC15M-26OCT050115-15,0.0100,23.04,no
2026-10-05T05:14:38.562302Z,KXBTC15M-26OCT050115-15,0.0100,3.17,no
2026-10-05T05:14:38.562302Z,KXBTC15M-26OCT050115-15,0.0100,5.68,no
2026-10-05T05:14:38.562302Z,KXBTC15M-26OCT050115-15,0.0100,59.66,no
2026-10-05T05:14:38.562302Z,KXBTC15M-26OCT050115-15,0.0100,1.73,no
2026-10-05T05:14:38.562302Z,KXBTC15M-26OCT050115-15,0.0100,144.72,no
2026-10-05T05:14:38.562302Z,KXBTC15M-26OCT050115-15,0.0100,500.00,no
2026-10-05T05:14:38.562302Z,KXBTC15M-26OCT050115-15,0.0100,5.78,no
2026-10-05T05:14:38.562302Z,KXBTC15M-26OCT050115-15,0.0100,126.10,no
2026-10-05T05:14:38.562302Z,KXBTC15M-26OCT050115-15,0.0100,89.49,no
2026-10-05T05:14:38.562302Z,KXBTC15M-26OCT050115-15,0.0100,131.25,no
2026-10-05T05:14:38.562302Z,KXBTC15M-26OCT050115-15,0.0100,173.72,no
2026-10-05T05:14:38.562302Z,KXBTC15M-26OCT050115-15,0.0100,8.93,no
2026-10-05T05:14:38.562302Z,KXBTC15M-26OCT050115-15,0.0100,3.80,no
2026-10-05T05:14:38.562302Z,KXBTC15M-26OCT050115-15,0.0100,2.98,no
2026-10-05T05:14:38.562302Z,KXBTC15M-26OCT050115-15,0.0100,9.02,no
2026-10-05T05:14:38.562302Z,KXBTC15M-26OCT050115-15,0.0100,12.50,no
2026-10-05T05:14:38.562302Z,KXBTC15M-26OCT050115-15,0.0100,0.03,no
2026-10-05T05:14:38.562302Z,KXBTC15M-26OCT050115-15,0.0100,29.54,no
2026-10-05T05:14:38.562302Z,KXBTC15M-26OCT050115-15,0.0100,1.82,no
2026-10-05T05:14:38.562302Z,KXBTC15M-26OCT050115-15,0.0100,17.59,no
2026-10-05T05:14:38.562302Z,KXBTC15M-26OCT050115-15,0.0100,26.85,no
2026-10-05T05:14:38.562302Z,KXBTC15M-26OCT050115-15,0.0100,4.47,no
2026-10-05T05:14:38.562302Z,KXBTC15M-26OCT050115-15,0.0100,258.93,no
2026-10-05T05:14:38.562302Z,KXBTC15M-26OCT050115-15,0.0100,68.10,no
2026-10-05T05:14:38.562302Z,KXBTC15M-26OCT050115-15,0.0100,104.91,no
2026-10-05T05:14:38.562302Z,KXBTC15M-26OCT050115-15,0.0100,6.90,no
2026-10-05T05:14:38.562302Z,KXBTC15M-26OCT050115-15,0.0100,90.40,no
2026-10-05T05:14:38.562302Z,KXBTC15M-26OCT050115-15,0.0100,37.22,no
2026-10-05T05:14:38.562302Z,KXBTC15M-26OCT050115-15,0.0100,27.94,no
2026-10-05T05:14:38.562302Z,KXBTC15M-26OCT050115-15,0.0100,1.28,no
2026-10-05T05:14:38.562302Z,KXBTC15M-26OCT050115-15,0.0100,8.96,no
2026-10-05T05:14:38.562302Z,KXBTC15M-26OCT050115-15,0.0100,16.74,no
2026-10-05T05:14:38.562302Z,KXBTC15M-26OCT050115-15,0.0100,1.67,no
2026-10-05T05:14:38.562302Z,KXBTC15M-26OCT050115-15,0.0100,4.18,no
2026-10-05T05:14:38.562302Z,KXBTC15M-26OCT050115-15,0.0100,16.47,no
2026-10-05T05:14:38.562302Z,KXBTC15M-26OCT050115-15,0.0100,7.97,no
2026-10-05T05:14:38.562302Z,KXBTC15M-26OCT050115-15,0.0100,10.68,no
2026-10-05T05:14:38.562302Z,KXBTC15M-26OCT050115-15,0.0100,55.90,no
2026-10-05T05:14:38.562302Z,KXBTC15M-26OCT050115-15,0.0100,8.43,no
2026-10-05T05:14:38.562302Z,KXBTC15M-26OCT050115-15,0.0100,5.58,no
2026-10-05T05:14:38.562302Z,KXBTC15M-26OCT050115-15,0.0100,9.13,no
2026-10-05T05:14:38.562302Z,KXBTC15M-26OCT050115-15,0.0100,16.40,no
2026-10-05T05:14:38.562302Z,KXBTC15M-26OCT050115-15,0.0100,1.76,no
2026-10-05T05:14:38.562302Z,KXBTC15M-26OCT050115-15,0.0100,0.01,no
2026-10-05T05:14:38.562302Z,KXBTC15M-26OCT050115-15,0.0100,1.54,no
2026-10-05T05:14:38.562302Z,KXBTC15M-26OCT050115-15,0.0100,5.63,no
2026-10-05T05:14:38.562302Z,KXBTC15M-26OCT050115-15,0.0100,5.46,no
2026-10-05T05:14:38.562302Z,KXBTC15M-26OCT050115-15,0.0100,14.05,no
2026-10-05T05:14:38.562302Z,KXBTC15M-26OCT050115-15,0.0100,219.28,no
2026-10-05T05:14:38.562302Z,KXBTC15M-26OCT050115-15,0.0100,6.80,no
2026-10-05T05:14:38.562302Z,KXBTC15M-26OCT050115-15,0.0100,14.47,no
2026-10-05T05:14:38.562302Z,KXBTC15M-26OCT050115-15,0.0100,1.76,no
2026-10-05T05:14:38.562302Z,KXBTC15M-26OCT050115-15,0.0100,10.69,no
2026-10-05T05:14:38.562302Z,KXBTC15M-26OCT050115-15,0.0100,2.35,no
2026-10-05T05:14:38.562302Z,KXBTC15M-26OCT050115-15,0.0100,21.39,no
2026-10-05T05:14:38.562302Z,KXBTC15M-26OCT050115-15,0.0100,10.32,no
2026-10-05T05:14:38.562302Z,KXBTC15M-26OCT050115-15,0.0100,10.26,no
2026-10-05T05:14:38.562302Z,KXBTC15M-26OCT050115-15,0.0100,2.00,no
2026-10-05T05:14:38.562302Z,KXBTC15M-26OCT050115-15,0.0100,24.59,no
2026-10-05T05:14:38.562302Z,KXBTC15M-26OCT050115-15,0.0100,17.21,no
2026-10-05T05:14:38.562302Z,KXBTC15M-26OCT050115-15,0.0100,1.26,no
2026-10-05T05:14:38.562302Z,KXBTC15M-26OCT050115-15,0.0100,2.45,no
2026-10-05T05:14:38.562302Z,KXBTC15M-26OCT050115-15,0.0100,4.91,no
2026-10-05T05:14:38.562302Z,KXBTC15M-26OCT050115-15,0.0100,11.97,no
2026-10-05T05:14:38.562302Z,KXBTC15M-26OCT050115-15,0.0100,17.01,no
2026-10-05T05:14:38.562302Z,KXBTC15M-26OCT050115-15,0.0100,2.18,no
2026-10-05T05:14:38.562302Z,KXBTC15M-26OCT050115-15,0.0100,209.45,no
2026-10-05T05:14:38.562302Z,KXBTC15M-26OCT050115-15,0.0100,2.13,no
2026-10-05T05:14:38.562302Z,KXBTC15M-26OCT050115-15,0.0100,35.23,no
2026-10-05T05:14:38.562302Z,KXBTC15M-26OCT050115-15,0.0100,546.56,no
2026-10-05T05:14:38.562302Z,KXBTC15M-26OCT050115-15,0.0100,12.94,no
2026-10-05T05:14:38.562302Z,KXBTC15M-26OCT050115-15,0.0100,7.00,no
2026-10-05T05:14:38.562302Z,KXBTC15M-26OCT050115-15,0.0100,74.57,no
2026-10-05T05:14:38.562302Z,KXBTC15M-26OCT050115-15,0.0100,3.52,no
2026-10-05T05:14:38.562302Z,KXBTC15M-26OCT050115-15,0.0100,17.61,no
2026-10-05T05:14:38.562302Z,KXBTC15M-26OCT050115-15,0.0100,52.85,no
2026-10-05T05:14:38.562302Z,KXBTC15M-26OCT050115-15,0.0100,5.78,no
2026-10-05T05:14:38.562302Z,KXBTC15M-26OCT050115-15,0.0100,600.00,no
2026-10-05T05:14:38.562302Z,KXBTC15M-26OCT050115-15,0.0100,2.74,no
2026-10-05T05:14:38.562302Z,KXBTC15M-26OCT050115-15,0.0100,2.58,no
2026-10-05T05:14:38.562302Z,KXBTC15M-26OCT050115-15,0.0100,41.87,no
2026-10-05T05:14:38.562302Z,KXBTC15M-26OCT050115-15,0.0100,300.00,no
2026-10-05T05:14:38.562302Z,KXBTC15M-26OCT050115-15,0.0100,3.81,no
2026-10-05T05:14:38.562302Z,KXBTC15M-26OCT050115-15,0.0100,7.73,no
2026-10-05T05:14:38.562302Z,KXBTC15M-26OCT050115-15,0.0100,0.60,no
2026-10-05T05:14:38.562302Z,KXBTC15M-26OCT050115-15,0.0100,7.00,no
2026-10-05T05:14:38.562302Z,KXBTC15M-26OCT050115-15,0.0100,1.22,no
2026-10-05T05:14:38.562302Z,KXBTC15M-26OCT050115-15,0.0100,10.10,no
2026-10-05T05:14:38.562302Z,KXBTC15M-26OCT050115-15,0.0100,75.08,no
2026-10-05T05:14:38.562302Z,KXBTC15M-26OCT050115-15,0.0100,15.71,no
2026-10-05T05:14:38.562302Z,KXBTC15M-26OCT050115-15,0.0100,20.52,no
2026-10-05T05:14:38.562302Z,KXBTC15M-26OCT050115-15,0.0100,1.97,no
2026-10-05T05:14:38.562302Z,KXBTC15M-26OCT050115-15,0.0100,13.02,no
2026-10-05T05:14:38.562302Z,KXBTC15M-26OCT050115-15,0.0100,10.05,no
2026-10-05T05:14:38.562302Z,KXBTC15M-26OCT050115-15,0.0100,8.81,no
2026-10-05T05:14:38.562302Z,KXBTC15M-26OCT050115-15,0.0100,2.01,no
2026-10-05T05:14:38.562302Z,KXBTC15M-26OCT050115-15,0.0100,0.88,no
2026-10-05T05:14:38.562302Z,KXBTC15M-26OCT050115-15,0.0100,7.73,no
2026-10-05T05:14:38.562302Z,KXBTC15M-26OCT050115-15,0.0100,1.76,no
2026-10-05T05:14:38.562302Z,KXBTC15M-26OCT050115-15,0.0100,7.73,no
2026-10-05T05:14:38.562302Z,KXBTC15M-26OCT050115-15,0.0100,3.19,no
2026-10-05T05:14:38.562302Z,KXBTC15M-26OCT050115-15,0.0100,0.15,no
2026-10-05T05:14:38.562302Z,KXBTC15M-26OCT050115-15,0.0100,21.24,no
2026-10-05T05:14:38.562302Z,KXBTC15M-26OCT050115-15,0.0100,4.48,no
2026-10-05T05:14:38.562302Z,KXBTC15M-26OCT050115-15,0.0100,9.13,no
2026-10-05T05:14:38.562302Z,KXBTC15M-26OCT050115-15,0.0100,36.53,no
2026-10-05T05:14:38.562302Z,KXBTC15M-26OCT050115-15,0.0100,3.65,no
2026-10-05T05:14:38.562302Z,KXBTC15M-26OCT050115-15,0.0100,18.26,no
2026-10-05T05:14:38.562302Z,KXBTC15M-26OCT050115-15,0.0100,19.73,no
2026-10-05T05:14:38.562302Z,KXBTC15M-26OCT050115-15,0.0100,35.79,no
2026-10-05T05:14:38.562302Z,KXBTC15M-26OCT050115-15,0.0100,39.89,no
2026-10-05T05:14:38.562302Z,KXBTC15M-26OCT050115-15,0.0100,10.53,no
2026-10-05T05:14:38.562302Z,KXBTC15M-26OCT050115-15,0.0100,16.68,no
2026-10-05T05:14:38.562302Z,KXBTC15M-26OCT050115-15,0.0100,16.21,no
2026-10-05T05:14:38.562302Z,KXBTC15M-26OCT050115-15,0.0100,9.46,no
2026-10-05T05:14:38.562302Z,KXBTC15M-26OCT050115-15,0.0100,85.15,no
2026-10-05T05:14:38.562302Z,KXBTC15M-26OCT050115-15,0.0100,550.05,no
2026-10-05T05:14:38.562302Z,KXBTC15M-26OCT050115-15,0.0100,10.11,no
2026-10-05T05:14:38.562302Z,KXBTC15M-26OCT050115-15,0.0100,4.33,no
2026-10-05T05:14:38.562302Z,KXBTC15M-26OCT050115-15,0.0100,70.53,no
2026-10-05T05:14:38.562302Z,KXBTC15M-26OCT050115-15,0.0100,34.64,no
2026-10-05T05:14:38.562302Z,KXBTC15M-26OCT050115-15,0.0100,31.91,no
2026-10-05T05:14:38.562302Z,KXBTC15M-26OCT050115-15,0.0100,3.15,no
2026-10-05T05:14:38.562302Z,KXBTC15M-26OCT050115-15,0.0100,0.82,no
2026-10-05T05:14:38.562302Z,KXBTC15M-26OCT050115-15,0.0100,3.29,no
2026-10-05T05:14:38.562302Z,KXBTC15M-26OCT050115-15,0.0100,97.14,no
2026-10-05T05:14:38.562302Z,KXBTC15M-26OCT050115-15,0.0100,83.74,no
2026-10-05T05:14:38.562302Z,KXBTC15M-26OCT050115-15,0.0100,34.64,no
2026-10-05T05:14:38.562302Z,KXBTC15M-26OCT050115-15,0.0100,0.71,no
2026-10-05T05:14:38.562302Z,KXBTC15M-26OCT050115-15,0.0100,8.97,no
2026-10-05T05:14:38.562302Z,KXBTC15M-26OCT050115-15,0.0100,25.98,no
2026-10-05T05:14:38.562302Z,KXBTC15M-26OCT050115-15,0.0100,3.46,no
2026-10-05T05:14:38.562302Z,KXBTC15M-26OCT050115-15,0.0100,17.62,no
2026-10-05T05:14:38.562302Z,KXBTC15M-26OCT050115-15,0.0100,8.66,no
2026-10-05T05:14:38.562302Z,KXBTC15M-26OCT050115-15,0.0100,34.64,no
2026-10-05T05:14:38.562302Z,KXBTC15M-26OCT050115-15,0.0100,22.85,no
2026-10-05T05:14:38.562302Z,KXBTC15M-26OCT050115-15,0.0100,18.26,no
2026-10-05T05:14:38.562302Z,KXBTC15M-26OCT050115-15,0.0100,1.82,no
2026-10-05T05:14:38.562302Z,KXBTC15M-26OCT050115-15,0.0100,94.78,no
2026-10-05T05:14:38.562302Z,KXBTC15M-26OCT050115-15,0.0100,22.19,no
2026-10-05T05:14:38.562302Z,KXBTC15M-26OCT050115-15,0.0100,7.62,no
2026-10-05T05:14:38.562302Z,KXBTC15M-26OCT050115-15,0.0100,7.29,no
2026-10-05T05:14:38.562302Z,KXBTC15M-26OCT050115-15,0.0100,22.86,no
2026-10-05T05:14:38.562302Z,KXBTC15M-26OCT050115-15,0.0100,1.52,no
2026-10-05T05:14:38.562302Z,KXBTC15M-26OCT050115-15,0.0100,1.56,no
2026-10-05T05:14:38.562302Z,KXBTC15M-26OCT050115-15,0.0100,6.35,no
2026-10-05T05:14:38.562302Z,KXBTC15M-26OCT050115-15,0.0100,129.70,no
2026-10-05T05:14:38.562302Z,KXBTC15M-26OCT050115-15,0.0100,6.38,no
2026-10-05T05:14:38.562302Z,KXBTC15M-26OCT050115-15,0.0100,1.62,no
2026-10-05T05:14:38.562302Z,KXBTC15M-26OCT050115-15,0.0100,379.50,no
2026-10-05T05:14:38.562302Z,KXBTC15M-26OCT050115-15,0.0100,35.79,no
2026-10-05T05:14:38.562302Z,KXBTC15M-26OCT050115-15,0.0100,26.91,no
2026-10-05T05:14:38.564585Z,KXBTC15M-26OCT050115-15,0.0100,3122.00,yes
2026-10-05T05:14:38.572106Z,KXBTC15M-26OCT050115-15,0.0100,98.49,yes
2026-10-05T05:14:38.585908Z,KXBTC15M-26OCT050115-15,0.0090,9.00,no
2026-10-05T05:14:38.589082Z,KXBTC15M-26OCT050115-15,0.0100,49.25,yes
2026-10-05T05:14:38.606783Z,KXBTC15M-26OCT050115-15,0.0100,54.08,yes
2026-10-05T05:14:38.610002Z,KXBTC15M-26OCT050115-15,0.0100,99.78,yes
2026-10-05T05:14:38.62507Z,KXBTC15M-26OCT050115-15,0.0090,5.97,no
2026-10-05T05:14:38.633286Z,KXBTC15M-26OCT050115-15,0.0090,105.03,no
2026-10-05T05:14:38.633286Z,KXBTC15M-26OCT050115-15,0.0090,486.97,no
2026-10-05T05:14:38.637294Z,KXBTC15M-26OCT050115-15,0.0090,30.00,no
2026-10-05T05:14:38.645182Z,KXBTC15M-26OCT050115-15,0.0100,0.33,yes
2026-10-05T05:14:38.660871Z,KXBTC15M-26OCT050115-15,0.0100,147.75,yes
2026-10-05T05:14:38.66673Z,KXBTC15M-26OCT050115-15,0.0100,101.18,yes
2026-10-05T05:14:38.700146Z,KXBTC15M-26OCT050115-15,0.0100,208.31,yes
2026-10-05T05:14:38.720437Z,KXBTC15M-26OCT050115-15,0.0100,50.44,yes
2026-10-05T05:14:38.722836Z,KXBTC15M-26OCT050115-15,0.0100,202.00,yes
2026-10-05T05:14:38.739027Z,KXBTC15M-26OCT050115-15,0.0100,315.34,yes
2026-10-05T05:14:38.743428Z,KXBTC15M-26OCT050115-15,0.0100,279.50,yes
2026-10-05T05:14:38.748783Z,KXBTC15M-26OCT050115-15,0.0090,24.39,no
2026-10-05T05:14:38.755714Z,KXBTC15M-26OCT050115-15,0.0090,10.00,no
2026-10-05T05:14:38.774276Z,KXBTC15M-26OCT050115-15,0.0090,4.00,no
2026-10-05T05:14:38.777859Z,KXBTC15M-26OCT050115-15,0.0100,20.00,yes
2026-10-05T05:14:38.78242Z,KXBTC15M-26OCT050115-15,0.0100,49.25,yes
2026-10-05T05:14:38.79031Z,KXBTC15M-26OCT050115-15,0.0100,44.56,yes
2026-10-05T05:14:38.790368Z,KXBTC15M-26OCT050115-15,0.0090,20.03,no
2026-10-05T05:14:38.804136Z,KXBTC15M-26OCT050115-15,0.0090,3.00,no
2026-10-05T05:14:38.829238Z,KXBTC15M-26OCT050115-15,0.0090,7.00,no
2026-10-05T05:14:38.835359Z,KXBTC15M-26OCT050115-15,0.0100,666.27,yes
2026-10-05T05:14:38.844678Z,KXBTC15M-26OCT050115-15,0.0090,27.97,no
2026-10-05T05:14:38.847887Z,KXBTC15M-26OCT050115-15,0.0100,482.88,yes
2026-10-05T05:14:38.860236Z,KXBTC15M-26OCT050115-15,0.0100,54.52,yes
2026-10-05T05:14:38.870134Z,KXBTC15M-26OCT050115-15,0.0100,55.33,yes
2026-10-05T05:14:38.875401Z,KXBTC15M-26OCT050115-15,0.0090,1.98,no
2026-10-05T05:14:38.87581Z,KXBTC15M-26OCT050115-15,0.0100,26.72,yes
2026-10-05T05:14:38.87663Z,KXBTC15M-26OCT050115-15,0.0100,7.97,yes
2026-10-05T05:14:38.87841Z,KXBTC15M-26OCT050115-15,0.0100,5.00,yes
2026-10-05T05:14:38.881738Z,KXBTC15M-26OCT050115-15,0.0100,66.82,yes
2026-10-05T05:14:38.918411Z,KXBTC15M-26OCT050115-15,0.0090,9.91,no
2026-10-05T05:14:38.920684Z,KXBTC15M-26OCT050115-15,0.0100,226.70,yes
2026-10-05T05:14:38.922608Z,KXBTC15M-26OCT050115-15,0.0100,128.39,yes
2026-10-05T05:14:38.924548Z,KXBTC15M-26OCT050115-15,0.0100,155.35,yes
2026-10-05T05:14:38.92487Z,KXBTC15M-26OCT050115-15,0.0100,16.83,yes
2026-10-05T05:14:38.92933Z,KXBTC15M-26OCT050115-15,0.0100,187.03,yes
2026-10-05T05:14:38.941291Z,KXBTC15M-26OCT050115-15,0.0100,24.59,yes
2026-10-05T05:14:38.972418Z,KXBTC15M-26OCT050115-15,0.0100,21.00,yes
2026-10-05T05:14:38.995324Z,KXBTC15M-26OCT050115-15,0.0100,467.59,yes
2026-10-05T05:14:38.998651Z,KXBTC15M-26OCT050115-15,0.0100,93.51,yes
2026-10-05T05:14:39.019773Z,KXBTC15M-26OCT050115-15,0.0070,1280.00,no
2026-10-05T05:14:39.019773Z,KXBTC15M-26OCT050115-15,0.0070,305.23,no
2026-10-05T05:14:39.019773Z,KXBTC15M-26OCT050115-15,0.0080,120.00,no
2026-10-05T05:14:39.019773Z,KXBTC15M-26OCT050115-15,0.0090,123.00,no
2026-10-05T05:14:39.019773Z,KXBTC15M-26OCT050115-15,0.0090,750.00,no
2026-10-05T05:14:39.019773Z,KXBTC15M-26OCT050115-15,0.0090,0.01,no
2026-10-05T05:14:39.019773Z,KXBTC15M-26OCT050115-15,0.0090,0.01,no
2026-10-05T05:14:39.019773Z,KXBTC15M-26OCT050115-15,0.0090,1500.00,no
2026-10-05T05:14:39.019773Z,KXBTC15M-26OCT050115-15,0.0090,421.75,no
2026-10-05T05:14:39.049731Z,KXBTC15M-26OCT050115-15,0.0070,28.00,no
2026-10-05T05:14:39.053211Z,KXBTC15M-26OCT050115-15,0.0070,137.11,no
2026-10-05T05:14:39.06269Z,KXBTC15M-26OCT050115-15,0.0080,1.00,yes
2026-10-05T05:14:39.068453Z,KXBTC15M-26OCT050115-15,0.0070,72.00,no
2026-10-05T05:14:39.070181Z,KXBTC15M-26OCT050115-15,0.0080,93.51,yes
2026-10-05T05:14:39.083215Z,KXBTC15M-26OCT050115-15,0.0070,11.00,no
2026-10-05T05:14:39.088Z,KXBTC15M-26OCT050115-15,0.0080,0.62,yes
2026-10-05T05:14:39.106246Z,KXBTC15M-26OCT050115-15,0.0080,0.82,yes
2026-10-05T05:14:39.107771Z,KXBTC15M-26OCT050115-15,0.0070,726.66,no
2026-10-05T05:14:39.107771Z,KXBTC15M-26OCT050115-15,0.0070,471.92,no
2026-10-05T05:14:39.129241Z,KXBTC15M-26OCT050115-15,0.0080,9.23,yes
2026-10-05T05:14:39.138166Z,KXBTC15M-26OCT050115-15,0.0080,40.53,yes
2026-10-05T05:14:39.160363Z,KXBTC15M-26OCT050115-15,0.0080,0.01,yes
2026-10-05T05:14:39.160363Z,KXBTC15M-26OCT050115-15,0.0080,4.29,yes
2026-10-05T05:14:39.160363Z,KXBTC15M-26OCT050115-15,0.0080,4.11,yes
2026-10-05T05:14:39.172448Z,KXBTC15M-26OCT050115-15,0.0080,0.01,yes
2026-10-05T05:14:39.172448Z,KXBTC15M-26OCT050115-15,0.0080,44.89,yes
2026-10-05T05:14:39.172448Z,KXBTC15M-26OCT050115-15,0.0080,48.61,yes
2026-10-05T05:14:39.176149Z,KXBTC15M-26OCT050115-15,0.0080,62.98,yes
2026-10-05T05:14:39.17651Z,KXBTC15M-26OCT050115-15,0.0070,100.00,no
2026-10-05T05:14:39.180992Z,KXBTC15M-26OCT050115-15,0.0080,15.71,yes
2026-10-05T05:14:39.189056Z,KXBTC15M-26OCT050115-15,0.0080,17.94,yes
2026-10-05T05:14:39.194882Z,KXBTC15M-26OCT050115-15,0.0080,202.00,yes
2026-10-05T05:14:39.196834Z,KXBTC15M-26OCT050115-15,0.0080,36.99,yes
2026-10-05T05:14:39.209525Z,KXBTC15M-26OCT050115-15,0.0080,280.55,yes
2026-10-05T05:14:39.225358Z,KXBTC15M-26OCT050115-15,0.0080,73.99,yes
2026-10-05T05:14:39.23547Z,KXBTC15M-26OCT050115-15,0.0070,1.98,no
2026-10-05T05:14:39.236461Z,KXBTC15M-26OCT050115-15,0.0080,541.23,yes
2026-10-05T05:14:39.236461Z,KXBTC15M-26OCT050115-15,0.0080,74.85,yes
2026-10-05T05:14:39.236461Z,KXBTC15M-26OCT050115-15,0.0080,28.00,yes
2026-10-05T05:14:39.236461Z,KXBTC15M-26OCT050115-15,0.0080,471.92,yes
2026-10-05T05:14:39.24557Z,KXBTC15M-26OCT050115-15,0.0070,5.63,no
2026-10-05T05:14:39.246424Z,KXBTC15M-26OCT050115-15,0.0080,62.26,yes
2026-10-05T05:14:39.246424Z,KXBTC15M-26OCT050115-15,0.0080,31.25,yes
2026-10-05T05:14:39.247445Z,KXBTC15M-26OCT050115-15,0.0080,40.75,yes
2026-10-05T05:14:39.247445Z,KXBTC15M-26OCT050115-15,0.0080,0.03,yes
2026-10-05T05:14:39.265947Z,KXBTC15M-26OCT050115-15,0.0080,10.97,yes
2026-10-05T05:14:39.265947Z,KXBTC15M-26OCT050115-15,0.0080,0.01,yes
2026-10-05T05:14:39.265947Z,KXBTC15M-26OCT050115-15,0.0080,163.77,yes
2026-10-05T05:14:39.265947Z,KXBTC15M-26OCT050115-15,0.0080,0.01,yes
2026-10-05T05:14:39.294624Z,KXBTC15M-26OCT050115-15,0.0080,1.00,yes
2026-10-05T05:14:39.297155Z,KXBTC15M-26OCT050115-15,0.0080,187.03,yes
2026-10-05T05:14:39.304045Z,KXBTC15M-26OCT050115-15,0.0080,77.43,yes
2026-10-05T05:14:39.31224Z,KXBTC15M-26OCT050115-15,0.0070,221.37,no
2026-10-05T05:14:39.320768Z,KXBTC15M-26OCT050115-15,0.0080,47.16,yes
2026-10-05T05:14:39.340333Z,KXBTC15M-26OCT050115-15,0.0080,96.32,yes
2026-10-05T05:14:39.346253Z,KXBTC15M-26OCT050115-15,0.0080,2.05,yes
2026-10-05T05:14:39.34658Z,KXBTC15M-26OCT050115-15,0.0080,1.00,yes
2026-10-05T05:14:39.349534Z,KXBTC15M-26OCT050115-15,0.0080,9.47,yes
2026-10-05T05:14:39.351849Z,KXBTC15M-26OCT050115-15,0.0080,0.01,yes
2026-10-05T05:14:39.351849Z,KXBTC15M-26OCT050115-15,0.0080,0.01,yes
2026-10-05T05:14:39.351849Z,KXBTC15M-26OCT050115-15,0.0080,5.63,yes
2026-10-05T05:14:39.351849Z,KXBTC15M-26OCT050115-15,0.0080,141.43,yes
2026-10-05T05:14:39.351849Z,KXBTC15M-26OCT050115-15,0.0080,100.00,yes
2026-10-05T05:14:39.351849Z,KXBTC15M-26OCT050115-15,0.0080,208.53,yes
2026-10-05T05:14:39.351849Z,KXBTC15M-26OCT050115-15,0.0080,1.98,yes
2026-10-05T05:14:39.351849Z,KXBTC15M-26OCT050115-15,0.0080,10.00,yes
2026-10-05T05:14:39.385037Z,KXBTC15M-26OCT050115-15,0.0070,18.77,no
2026-10-05T05:14:39.393194Z,KXBTC15M-26OCT050115-15,0.0080,12.84,yes
2026-10-05T05:14:39.393194Z,KXBTC15M-26OCT050115-15,0.0090,17.00,yes
2026-10-05T05:14:39.393194Z,KXBTC15M-26OCT050115-15,0.0080,0.01,yes
2026-10-05T05:14:39.393194Z,KXBTC15M-26OCT050115-15,0.0080,14.00,yes
2026-10-05T05:14:39.393194Z,KXBTC15M-26OCT050115-15,0.0090,43.10,yes
2026-10-05T05:14:39.393194Z,KXBTC15M-26OCT050115-15,0.0080,0.01,yes
2026-10-05T05:14:39.393532Z,KXBTC15M-26OCT050115-15,0.0090,74.44,yes
2026-10-05T05:14:39.395305Z,KXBTC15M-26OCT050115-15,0.0090,93.51,yes
2026-10-05T05:14:39.40179Z,KXBTC15M-26OCT050115-15,0.0070,22.30,no
2026-10-05T05:14:39.405131Z,KXBTC15M-26OCT050115-15,0.0080,14.00,yes
2026-10-05T05:14:39.405131Z,KXBTC15M-26OCT050115-15,0.0080,17.00,yes
2026-10-05T05:14:39.405131Z,KXBTC15M-26OCT050115-15,0.0090,488.22,yes
2026-10-05T05:14:39.40716Z,KXBTC15M-26OCT050115-15,0.0070,100.65,no
2026-10-05T05:14:39.412588Z,KXBTC15M-26OCT050115-15,0.0080,14.00,yes
2026-10-05T05:14:39.412588Z,KXBTC15M-26OCT050115-15,0.0080,17.00,yes
2026-10-05T05:14:39.412588Z,KXBTC15M-26OCT050115-15,0.0080,18.77,yes
2026-10-05T05:14:39.412588Z,KXBTC15M-26OCT050115-15,0.0090,120.00,yes
2026-10-05T05:14:39.412588Z,KXBTC15M-26OCT050115-15,0.0080,0.01,yes
2026-10-05T05:14:39.412588Z,KXBTC15M-26OCT050115-15,0.0090,0.01,yes
2026-10-05T05:14:39.412588Z,KXBTC15M-26OCT050115-15,0.0090,0.01,yes
2026-10-05T05:14:39.412588Z,KXBTC15M-26OCT050115-15,0.0090,448.73,yes
2026-10-05T05:14:39.412588Z,KXBTC15M-26OCT050115-15,0.0080,0.01,yes
2026-10-05T05:14:39.412588Z,KXBTC15M-26OCT050115-15,0.0090,17.00,yes
2026-10-05T05:14:39.412588Z,KXBTC15M-26OCT050115-15,0.0100,19828.04,yes
2026-10-05T05:14:39.428058Z,KXBTC15M-26OCT050115-15,0.0090,76.51,yes
2026-10-05T05:14:39.428058Z,KXBTC15M-26OCT050115-15,0.0080,17.00,yes
2026-10-05T05:14:39.428468Z,KXBTC15M-26OCT050115-15,0.0090,242.99,yes
2026-10-05T05:14:39.452538Z,KXBTC15M-26OCT050115-15,0.0070,1.00,no
2026-10-05T05:14:39.461168Z,KXBTC15M-26OCT050115-15,0.0080,5.14,yes
2026-10-05T05:14:39.473505Z,KXBTC15M-26OCT050115-15,0.0080,9.35,yes
2026-10-05T05:14:39.490676Z,KXBTC15M-26OCT050115-15,0.0080,100.65,yes
2026-10-05T05:14:39.490676Z,KXBTC15M-26OCT050115-15,0.0090,17.00,yes
2026-10-05T05:14:39.490676Z,KXBTC15M-26OCT050115-15,0.0080,0.01,yes
2026-10-05T05:14:39.490676Z,KXBTC15M-26OCT050115-15,0.0080,1.00,yes
2026-10-05T05:14:39.490676Z,KXBTC15M-26OCT050115-15,0.0080,7.81,yes
2026-10-05T05:14:39.490676Z,KXBTC15M-26OCT050115-15,0.0080,17.00,yes
2026-10-05T05:14:39.490676Z,KXBTC15M-26OCT050115-15,0.0100,324.12,yes
2026-10-05T05:14:39.54337Z,KXBTC15M-26OCT050115-15,0.0080,0.01,yes
2026-10-05T05:14:39.54337Z,KXBTC15M-26OCT050115-15,0.0080,17.00,yes
2026-10-05T05:14:39.54337Z,KXBTC15M-26OCT050115-15,0.0090,17.00,yes
2026-10-05T05:14:39.54337Z,KXBTC15M-26OCT050115-15,0.0100,298.61,yes
2026-10-05T05:14:39.556071Z,KXBTC15M-26OCT050115-15,0.0070,120.00,no
2026-10-05T05:14:39.556071Z,KXBTC15M-26OCT050115-15,0.0070,336.38,no
2026-10-05T05:14:39.556071Z,KXBTC15M-26OCT050115-15,0.0070,1128.62,no
2026-10-05T05:14:39.557763Z,KXBTC15M-26OCT050115-15,0.0090,17.00,yes
2026-10-05T05:14:39.557763Z,KXBTC15M-26OCT050115-15,0.0100,0.38,yes
2026-10-05T05:14:39.586674Z,KXBTC15M-26OCT050115-15,0.0080,17.00,yes
2026-10-05T05:14:39.586674Z,KXBTC15M-26OCT050115-15,0.0080,15.77,yes
2026-10-05T05:14:39.586674Z,KXBTC15M-26OCT050115-15,0.0080,0.01,yes
2026-10-05T05:14:39.586674Z,KXBTC15M-26OCT050115-15,0.0080,10.00,yes
2026-10-05T05:14:39.597568Z,KXBTC15M-26OCT050115-15,0.0080,11.99,yes
2026-10-05T05:14:39.610055Z,KXBTC15M-26OCT050115-15,0.0080,116.88,yes
2026-10-05T05:14:39.615887Z,KXBTC15M-26OCT050115-15,0.0080,116.88,yes
2026-10-05T05:14:39.634104Z,KXBTC15M-26OCT050115-15,0.0070,3.00,no
2026-10-05T05:14:39.643195Z,KXBTC15M-26OCT050115-15,0.0080,116.88,yes
2026-10-05T05:14:39.66208Z,KXBTC15M-26OCT050115-15,0.0080,76.93,yes
2026-10-05T05:14:39.665198Z,KXBTC15M-26OCT050115-15,0.0080,35.06,yes
2026-10-05T05:14:39.675681Z,KXBTC15M-26OCT050115-15,0.0080,116.88,yes
2026-10-05T05:14:39.699438Z,KXBTC15M-26OCT050115-15,0.0080,229.09,yes
2026-10-05T05:14:39.71055Z,KXBTC15M-26OCT050115-15,0.0070,2.01,no
2026-10-05T05:14:39.716245Z,KXBTC15M-26OCT050115-15,0.0080,43.96,yes
2026-10-05T05:14:39.716245Z,KXBTC15M-26OCT050115-15,0.0080,292.26,yes
2026-10-05T05:14:39.716245Z,KXBTC15M-26OCT050115-15,0.0080,120.00,yes
2026-10-05T05:14:39.718028Z,KXBTC15M-26OCT050115-15,0.0080,83.94,yes
2026-10-05T05:14:39.720235Z,KXBTC15M-26OCT050115-15,0.0080,116.88,yes
2026-10-05T05:14:39.743741Z,KXBTC15M-26OCT050115-15,0.0080,22.91,yes
2026-10-05T05:14:39.744242Z,KXBTC15M-26OCT050115-15,0.0080,0.01,yes
2026-10-05T05:14:39.744242Z,KXBTC15M-26OCT050115-15,0.0080,17.00,yes
2026-10-05T05:14:39.744242Z,KXBTC15M-26OCT050115-15,0.0080,3.00,yes
2026-10-05T05:14:39.744242Z,KXBTC15M-26OCT050115-15,0.0080,0.01,yes
2026-10-05T05:14:39.744242Z,KXBTC15M-26OCT050115-15,0.0080,68.69,yes
2026-10-05T05:14:39.744242Z,KXBTC15M-26OCT050115-15,0.0090,3.04,yes
2026-10-05T05:14:39.744242Z,KXBTC15M-26OCT050115-15,0.0080,2.01,yes
2026-10-05T05:14:39.754574Z,KXBTC15M-26OCT050115-15,0.0070,146.37,no
2026-10-05T05:14:39.754574Z,KXBTC15M-26OCT050115-15,0.0070,653.63,no
2026-10-05T05:14:39.770715Z,KXBTC15M-26OCT050115-15,0.0080,6.00,yes
2026-10-05T05:14:39.770715Z,KXBTC15M-26OCT050115-15,0.0080,0.01,yes
2026-10-05T05:14:39.770715Z,KXBTC15M-26OCT050115-15,0.0090,13.81,yes
2026-10-05T05:14:39.770715Z,KXBTC15M-26OCT050115-15,0.0080,17.00,yes
2026-10-05T05:14:39.793339Z,KXBTC15M-26OCT050115-15,0.0080,1.67,yes
2026-10-05T05:14:39.79414Z,KXBTC15M-26OCT050115-15,0.0090,13.81,yes
2026-10-05T05:14:39.79414Z,KXBTC15M-26OCT050115-15,0.0080,15.33,yes
2026-10-05T05:14:39.79414Z,KXBTC15M-26OCT050115-15,0.0090,0.01,yes
2026-10-05T05:14:39.79414Z,KXBTC15M-26OCT050115-15,0.0090,6.00,yes
2026-10-05T05:14:39.79414Z,KXBTC15M-26OCT050115-15,0.0090,3.19,yes
2026-10-05T05:14:39.79414Z,KXBTC15M-26OCT050115-15,0.0100,2.66,yes
2026-10-05T05:14:39.794361Z,KXBTC15M-26OCT050115-15,0.0100,97.68,yes
2026-10-05T05:14:39.802579Z,KXBTC15M-26OCT050115-15,0.0070,0.01,no
2026-10-05T05:14:39.802579Z,KXBTC15M-26OCT050115-15,0.0070,964.00,no
2026-10-05T05:14:39.802579Z,KXBTC15M-26OCT050115-15,0.0070,0.01,no
2026-10-05T05:14:39.802579Z,KXBTC15M-26OCT050115-15,0.0070,1495.61,no
2026-10-05T05:14:39.802579Z,KXBTC15M-26OCT050115-15,0.0070,1047.00,no
2026-10-05T05:14:39.802579Z,KXBTC15M-26OCT050115-15,0.0070,1846.37,no
2026-10-05T05:14:39.808239Z,KXBTC15M-26OCT050115-15,0.0090,17.00,yes
2026-10-05T05:14:39.808239Z,KXBTC15M-26OCT050115-15,0.0080,17.00,yes
2026-10-05T05:14:39.808239Z,KXBTC15M-26OCT050115-15,0.0100,128.55,yes
2026-10-05T05:14:39.818172Z,KXBTC15M-26OCT050115-15,0.0080,17.00,yes
2026-10-05T05:14:39.818172Z,KXBTC15M-26OCT050115-15,0.0090,88.12,yes
2026-10-05T05:14:39.818172Z,KXBTC15M-26OCT050115-15,0.0080,455.00,yes
2026-10-05T05:14:39.826261Z,KXBTC15M-26OCT050115-15,0.0080,14.00,yes
2026-10-05T05:14:39.826261Z,KXBTC15M-26OCT050115-15,0.0080,198.09,yes
2026-10-05T05:14:39.826261Z,KXBTC15M-26OCT050115-15,0.0080,17.00,yes
2026-10-05T05:14:39.826858Z,KXBTC15M-26OCT050115-15,0.0080,33.27,yes
2026-10-05T05:14:39.84862Z,KXBTC15M-26OCT050115-15,0.0080,1.00,yes
2026-10-05T05:14:39.8859Z,KXBTC15M-26OCT050115-15,0.0070,0.01,no
2026-10-05T05:14:39.8859Z,KXBTC15M-26OCT050115-15,0.0070,0.01,no
2026-10-05T05:14:39.88709Z,KXBTC15M-26OCT050115-15,0.0080,0.96,yes
2026-10-05T05:14:39.88709Z,KXBTC15M-26OCT050115-15,0.0080,14.00,yes
2026-10-05T05:14:39.88709Z,KXBTC15M-26OCT050115-15,0.0080,82.64,yes
2026-10-05T05:14:39.899015Z,KXBTC15M-26OCT050115-15,0.0070,83.77,yes
2026-10-05T05:14:39.899015Z,KXBTC15M-26OCT050115-15,0.0070,150.00,yes
2026-10-05T05:14:39.908104Z,KXBTC15M-26OCT050115-15,0.0070,66.23,yes
2026-10-05T05:14:39.908104Z,KXBTC15M-26OCT050115-15,0.0070,0.01,yes
2026-10-05T05:14:39.908104Z,KXBTC15M-26OCT050115-15,0.0070,182.00,yes
2026-10-05T05:14:39.908104Z,KXBTC15M-26OCT050115-15,0.0070,0.01,yes
2026-10-05T05:14:39.908104Z,KXBTC15M-26OCT050115-15,0.0070,315.00,yes
2026-10-05T05:14:39.908104Z,KXBTC15M-26OCT050115-15,0.0080,174.47,yes
2026-10-05T05:14:39.911269Z,KXBTC15M-26OCT050115-15,0.0070,142.96,yes
2026-10-05T05:14:39.932244Z,KXBTC15M-26OCT050115-15,0.0080,229.09,yes
2026-10-05T05:14:39.937797Z,KXBTC15M-26OCT050115-15,0.0080,58.44,yes
2026-10-05T05:14:39.941963Z,KXBTC15M-26OCT050115-15,0.0080,97.60,yes
2026-10-05T05:14:39.946334Z,KXBTC15M-26OCT050115-15,0.0080,97.60,yes
2026-10-05T05:14:39.966047Z,KXBTC15M-26OCT050115-15,0.0060,39.45,no
2026-10-05T05:14:39.970051Z,KXBTC15M-26OCT050115-15,0.0080,0.01,yes
2026-10-05T05:14:39.970051Z,KXBTC15M-26OCT050115-15,0.0080,14.00,yes
2026-10-05T05:14:39.970051Z,KXBTC15M-26OCT050115-15,0.0080,118.26,yes
2026-10-05T05:14:39.970051Z,KXBTC15M-26OCT050115-15,0.0080,0.01,yes
2026-10-05T05:14:39.970051Z,KXBTC15M-26OCT050115-15,0.0080,17.00,yes
2026-10-05T05:14:39.982443Z,KXBTC15M-26OCT050115-15,0.0090,72.28,yes
2026-10-05T05:14:39.982443Z,KXBTC15M-26OCT050115-15,0.0080,14.00,yes
2026-10-05T05:14:39.982443Z,KXBTC15M-26OCT050115-15,0.0080,28.11,yes
2026-10-05T05:14:40.036549Z,KXBTC15M-26OCT050115-15,0.0060,10.55,no
2026-10-05T05:14:40.036549Z,KXBTC15M-26OCT050115-15,0.0060,124.34,no
2026-10-05T05:14:40.036549Z,KXBTC15M-26OCT050115-15,0.0060,1280.00,no
2026-10-05T05:14:40.036549Z,KXBTC15M-26OCT050115-15,0.0060,1280.00,no
2026-10-05T05:14:40.038463Z,KXBTC15M-26OCT050115-15,0.0070,1.02,yes
2026-10-05T05:14:40.046237Z,KXBTC15M-26OCT050115-15,0.0090,66.92,yes
2026-10-05T05:14:40.046237Z,KXBTC15M-26OCT050115-15,0.0070,38.43,yes
2026-10-05T05:14:40.066649Z,KXBTC15M-26OCT050115-15,0.0070,30.03,yes
2026-10-05T05:14:40.08527Z,KXBTC15M-26OCT050115-15,0.0070,584.42,yes
2026-10-05T05:14:40.087946Z,KXBTC15M-26OCT050115-15,0.0070,223.23,yes
2026-10-05T05:14:40.088578Z,KXBTC15M-26OCT050115-15,0.0070,50.16,yes
2026-10-05T05:14:40.092748Z,KXBTC15M-26OCT050115-15,0.0070,322.07,yes
2026-10-05T05:14:40.103718Z,KXBTC15M-26OCT050115-15,0.0070,14.00,yes
2026-10-05T05:14:40.106442Z,KXBTC15M-26OCT050115-15,0.0070,59.62,yes
2026-10-05T05:14:40.106442Z,KXBTC15M-26OCT050115-15,0.0070,56.09,yes
2026-10-05T05:14:40.116287Z,KXBTC15M-26OCT050115-15,0.0070,35.07,yes
2026-10-05T05:14:40.119454Z,KXBTC15M-26OCT050115-15,0.0070,4.00,yes
2026-10-05T05:14:40.132445Z,KXBTC15M-26OCT050115-15,0.0080,14.00,yes
2026-10-05T05:14:40.132445Z,KXBTC15M-26OCT050115-15,0.0090,2913.68,yes
2026-10-05T05:14:40.132445Z,KXBTC15M-26OCT050115-15,0.0100,217.15,yes
2026-10-05T05:14:40.132445Z,KXBTC15M-26OCT050115-15,0.0070,10.55,yes
2026-10-05T05:14:40.132445Z,KXBTC15M-26OCT050115-15,0.0070,124.34,yes
2026-10-05T05:14:40.132445Z,KXBTC15M-26OCT050115-15,0.0070,1181.31,yes
2026-10-05T05:14:40.132445Z,KXBTC15M-26OCT050115-15,0.0080,238.00,yes
2026-10-05T05:14:40.148928Z,KXBTC15M-26OCT050115-15,0.0080,3.01,no
2026-10-05T05:14:40.180868Z,KXBTC15M-26OCT050115-15,0.0100,300.00,yes
2026-10-05T05:14:40.193364Z,KXBTC15M-26OCT050115-15,0.0100,40.53,yes
2026-10-05T05:14:40.195115Z,KXBTC15M-26OCT050115-15,0.0080,2013.11,no
2026-10-05T05:14:40.219604Z,KXBTC15M-26OCT050115-15,0.0100,514.99,yes
2026-10-05T05:14:40.226924Z,KXBTC15M-26OCT050115-15,0.0080,786.14,no
2026-10-05T05:14:40.230065Z,KXBTC15M-26OCT050115-15,0.0060,1090.56,no
2026-10-05T05:14:40.230065Z,KXBTC15M-26OCT050115-15,0.0080,0.01,no
2026-10-05T05:14:40.230065Z,KXBTC15M-26OCT050115-15,0.0080,0.01,no
2026-10-05T05:14:40.230065Z,KXBTC15M-26OCT050115-15,0.0080,338.74,no
2026-10-05T05:14:40.230914Z,KXBTC15M-26OCT050115-15,0.0080,116.88,yes
2026-10-05T05:14:40.232706Z,KXBTC15M-26OCT050115-15,0.0080,8.10,yes
2026-10-05T05:14:40.232972Z,KXBTC15M-26OCT050115-15,0.0060,15.10,no
2026-10-05T05:14:40.232972Z,KXBTC15M-26OCT050115-15,0.0060,0.19,no
2026-10-05T05:14:40.267915Z,KXBTC15M-26OCT050115-15,0.0070,0.19,yes
2026-10-05T05:14:40.267915Z,KXBTC15M-26OCT050115-15,0.0070,116.69,yes
2026-10-05T05:14:40.283695Z,KXBTC15M-26OCT050115-15,0.0070,233.77,yes
2026-10-05T05:14:40.294881Z,KXBTC15M-26OCT050115-15,0.0060,25.14,no
2026-10-05T05:14:40.301522Z,KXBTC15M-26OCT050115-15,0.0070,233.77,yes
2026-10-05T05:14:40.311757Z,KXBTC15M-26OCT050115-15,0.0070,15.00,yes
2026-10-05T05:14:40.327715Z,KXBTC15M-26OCT050115-15,0.0070,62.98,yes
2026-10-05T05:14:40.331861Z,KXBTC15M-26OCT050115-15,0.0070,116.88,yes
2026-10-05T05:14:40.335241Z,KXBTC15M-26OCT050115-15,0.0070,182.28,yes
2026-10-05T05:14:40.351053Z,KXBTC15M-26OCT050115-15,0.0070,30.28,yes
2026-10-05T05:14:40.352655Z,KXBTC15M-26OCT050115-15,0.0070,98.91,yes
2026-10-05T05:14:40.352655Z,KXBTC15M-26OCT050115-15,0.0070,15.10,yes
2026-10-05T05:14:40.352655Z,KXBTC15M-26OCT050115-15,0.0070,405.83,yes
2026-10-05T05:14:40.352655Z,KXBTC15M-26OCT050115-15,0.0070,0.01,yes
2026-10-05T05:14:40.352655Z,KXBTC15M-26OCT050115-15,0.0070,25.14,yes
2026-10-05T05:14:40.352655Z,KXBTC15M-26OCT050115-15,0.0070,0.01,yes
2026-10-05T05:14:40.366481Z,KXBTC15M-26OCT050115-15,0.0070,12.94,yes
2026-10-05T05:14:40.372604Z,KXBTC15M-26OCT050115-15,0.0070,216.10,yes
2026-10-05T05:14:40.393675Z,KXBTC15M-26OCT050115-15,0.0060,31.00,no
2026-10-05T05:14:40.397744Z,KXBTC15M-26OCT050115-15,0.0070,58.44,yes
2026-10-05T05:14:40.406933Z,KXBTC15M-26OCT050115-15,0.0060,987.81,no
2026-10-05T05:14:40.406933Z,KXBTC15M-26OCT050115-15,0.0060,63.67,no
2026-10-05T05:14:40.421052Z,KXBTC15M-26OCT050115-15,0.0060,6.73,no
2026-10-05T05:14:40.422746Z,KXBTC15M-26OCT050115-15,0.0070,5.97,yes
2026-10-05T05:14:40.423027Z,KXBTC15M-26OCT050115-15,0.0070,112.20,yes
2026-10-05T05:14:40.429026Z,KXBTC15M-26OCT050115-15,0.0070,8.25,yes
2026-10-05T05:14:40.431852Z,KXBTC15M-26OCT050115-15,0.0070,44.26,yes
2026-10-05T05:14:40.437329Z,KXBTC15M-26OCT050115-15,0.0050,140.95,no
2026-10-05T05:14:40.437329Z,KXBTC15M-26OCT050115-15,0.0060,285.46,no
2026-10-05T05:14:40.437329Z,KXBTC15M-26OCT050115-15,0.0060,0.01,no
2026-10-05T05:14:40.437329Z,KXBTC15M-26OCT050115-15,0.0060,0.01,no
2026-10-05T05:14:40.437329Z,KXBTC15M-26OCT050115-15,0.0060,20.00,no
2026-10-05T05:14:40.437329Z,KXBTC15M-26OCT050115-15,0.0060,1125.00,no
2026-10-05T05:14:40.444309Z,KXBTC15M-26OCT050115-15,0.0060,37.21,yes
2026-10-05T05:14:40.456017Z,KXBTC15M-26OCT050115-15,0.0050,33.00,no
2026-10-05T05:14:40.457151Z,KXBTC15M-26OCT050115-15,0.0060,27.32,yes
2026-10-05T05:14:40.459612Z,KXBTC15M-26OCT050115-15,0.0060,51.49,yes
2026-10-05T05:14:40.460103Z,KXBTC15M-26OCT050115-15,0.0060,33.98,yes
2026-10-05T05:14:40.460103Z,KXBTC15M-26OCT050115-15,0.0070,328.89,yes
2026-10-05T05:14:40.460103Z,KXBTC15M-26OCT050115-15,0.0070,31.00,yes
2026-10-05T05:14:40.460103Z,KXBTC15M-26OCT050115-15,0.0070,136.01,yes
2026-10-05T05:14:40.473623Z,KXBTC15M-26OCT050115-15,0.0050,82.00,no
2026-10-05T05:14:40.478931Z,KXBTC15M-26OCT050115-15,0.0070,4.67,yes
2026-10-05T05:14:40.479747Z,KXBTC15M-26OCT050115-15,0.0070,153.17,yes
2026-10-05T05:14:40.48107Z,KXBTC15M-26OCT050115-15,0.0070,365.00,yes
2026-10-05T05:14:40.490641Z,KXBTC15M-26OCT050115-15,0.0050,212.00,no
2026-10-05T05:14:40.495521Z,KXBTC15M-26OCT050115-15,0.0060,38.71,yes
2026-10-05T05:14:40.496217Z,KXBTC15M-26OCT050115-15,0.0060,102.24,yes
2026-10-05T05:14:40.496217Z,KXBTC15M-26OCT050115-15,0.0070,68.05,yes
2026-10-05T05:14:40.513772Z,KXBTC15M-26OCT050115-15,0.0060,33.00,yes
2026-10-05T05:14:40.514593Z,KXBTC15M-26OCT050115-15,0.0070,48.85,yes
2026-10-05T05:14:40.514593Z,KXBTC15M-26OCT050115-15,0.0070,68.03,yes
2026-10-05T05:14:40.523922Z,KXBTC15M-26OCT050115-15,0.0050,27.66,no
2026-10-05T05:14:40.527438Z,KXBTC15M-26OCT050115-15,0.0070,7.85,yes
2026-10-05T05:14:40.551724Z,KXBTC15M-26OCT050115-15,0.0050,1.00,no
2026-10-05T05:14:40.557769Z,KXBTC15M-26OCT050115-15,0.0050,29.69,no
2026-10-05T05:14:40.558016Z,KXBTC15M-26OCT050115-15,0.0060,82.00,yes
2026-10-05T05:14:40.558016Z,KXBTC15M-26OCT050115-15,0.0070,6.97,yes
2026-10-05T05:14:40.558016Z,KXBTC15M-26OCT050115-15,0.0070,0.01,yes
2026-10-05T05:14:40.558016Z,KXBTC15M-26OCT050115-15,0.0070,0.01,yes
2026-10-05T05:14:40.558016Z,KXBTC15M-26OCT050115-15,0.0090,483.00,yes
2026-10-05T05:14:40.558016Z,KXBTC15M-26OCT050115-15,0.0090,17.00,yes
2026-10-05T05:14:40.558016Z,KXBTC15M-26OCT050115-15,0.0070,6.73,yes
2026-10-05T05:14:40.558016Z,KXBTC15M-26OCT050115-15,0.0090,1377.05,yes
2026-10-05T05:14:40.56073Z,KXBTC15M-26OCT050115-15,0.0090,7.91,yes
2026-10-05T05:14:40.564455Z,KXBTC15M-26OCT050115-15,0.0090,44.19,yes
2026-10-05T05:14:40.59035Z,KXBTC15M-26OCT050115-15,0.0060,138.00,yes
2026-10-05T05:14:40.59805Z,KXBTC15M-26OCT050115-15,0.0060,58.44,yes
2026-10-05T05:14:40.601625Z,KXBTC15M-26OCT050115-15,0.0060,13.44,yes
2026-10-05T05:14:40.601625Z,KXBTC15M-26OCT050115-15,0.0060,15.56,yes
2026-10-05T05:14:40.60422Z,KXBTC15M-26OCT050115-15,0.0060,14.22,yes
2026-10-05T05:14:40.60422Z,KXBTC15M-26OCT050115-15,0.0090,38.14,yes
2026-10-05T05:14:40.674579Z,KXBTC15M-26OCT050115-15,0.0080,6.00,yes
2026-10-05T05:14:40.674579Z,KXBTC15M-26OCT050115-15,0.0060,1.00,yes
2026-10-05T05:14:40.674579Z,KXBTC15M-26OCT050115-15,0.0060,29.69,yes
2026-10-05T05:14:40.674579Z,KXBTC15M-26OCT050115-15,0.0090,3.38,yes
2026-10-05T05:14:40.676689Z,KXBTC15M-26OCT050115-15,0.0090,93.51,yes
2026-10-05T05:14:40.711914Z,KXBTC15M-26OCT050115-15,0.0090,78.63,yes
2026-10-05T05:14:40.716238Z,KXBTC15M-26OCT050115-15,0.0090,64.19,yes
2026-10-05T05:14:40.724785Z,KXBTC15M-26OCT050115-15,0.0090,884.50,yes
2026-10-05T05:14:40.729694Z,KXBTC15M-26OCT050115-15,0.0090,13.29,yes
2026-10-05T05:14:40.737938Z,KXBTC15M-26OCT050115-15,0.0090,4.93,yes
2026-10-05T05:14:40.738344Z,KXBTC15M-26OCT050115-15,0.0050,13.47,no
2026-10-05T05:14:40.740868Z,KXBTC15M-26OCT050115-15,0.0050,11.22,no
2026-10-05T05:14:40.763352Z,KXBTC15M-26OCT050115-15,0.0090,1.00,yes
2026-10-05T05:14:40.763352Z,KXBTC15M-26OCT050115-15,0.0100,67.65,yes
2026-10-05T05:14:40.763352Z,KXBTC15M-26OCT050115-15,0.0090,46.07,yes
2026-10-05T05:14:40.763352Z,KXBTC15M-26OCT050115-15,0.0090,0.01,yes
2026-10-05T05:14:40.763352Z,KXBTC15M-26OCT050115-15,0.0090,17.00,yes
2026-10-05T05:14:40.763352Z,KXBTC15M-26OCT050115-15,0.0090,0.01,yes
2026-10-05T05:14:40.781981Z,KXBTC15M-26OCT050115-15,0.0100,73.18,yes
2026-10-05T05:14:40.818709Z,KXBTC15M-26OCT050115-15,0.0090,6.73,yes
2026-10-05T05:14:40.818709Z,KXBTC15M-26OCT050115-15,0.0060,13.47,yes
2026-10-05T05:14:40.818709Z,KXBTC15M-26OCT050115-15,0.0060,11.22,yes
2026-10-05T05:14:40.819685Z,KXBTC15M-26OCT050115-15,0.0050,5.00,no
2026-10-05T05:14:40.868067Z,KXBTC15M-26OCT050115-15,0.0050,8.66,no
2026-10-05T05:14:40.888133Z,KXBTC15M-26OCT050115-15,0.0100,106.04,yes
2026-10-05T05:14:40.888133Z,KXBTC15M-26OCT050115-15,0.0060,5.00,yes
2026-10-05T05:14:40.888557Z,KXBTC15M-26OCT050115-15,0.0100,18.47,yes
2026-10-05T05:14:40.889456Z,KXBTC15M-26OCT050115-15,0.0100,478.49,yes
2026-10-05T05:14:40.889456Z,KXBTC15M-26OCT050115-15,0.0090,17.00,yes
2026-10-05T05:14:40.891006Z,KXBTC15M-26OCT050115-15,0.0100,64.49,yes
2026-10-05T05:14:40.893785Z,KXBTC15M-26OCT050115-15,0.0100,177.06,yes
2026-10-05T05:14:40.917516Z,KXBTC15M-26OCT050115-15,0.0100,24.85,yes
2026-10-05T05:14:40.917516Z,KXBTC15M-26OCT050115-15,0.0090,6.00,yes
2026-10-05T05:14:40.922965Z,KXBTC15M-26OCT050115-15,0.0100,538.58,yes
2026-10-05T05:14:40.925289Z,KXBTC15M-26OCT050115-15,0.0100,17.46,yes
2026-10-05T05:14:40.925289Z,KXBTC15M-26OCT050115-15,0.0090,17.00,yes
2026-10-05T05:14:40.941276Z,KXBTC15M-26OCT050115-15,0.0060,1.51,yes
2026-10-05T05:14:40.945398Z,KXBTC15M-26OCT050115-15,0.0050,45.39,no
2026-10-05T05:14:40.954197Z,KXBTC15M-26OCT050115-15,0.0050,14.05,no
2026-10-05T05:14:40.954861Z,KXBTC15M-26OCT050115-15,0.0100,168.77,yes
2026-10-05T05:14:40.954861Z,KXBTC15M-26OCT050115-15,0.0080,6.00,yes
2026-10-05T05:14:40.954861Z,KXBTC15M-26OCT050115-15,0.0060,7.15,yes
2026-10-05T05:14:40.954861Z,KXBTC15M-26OCT050115-15,0.0090,6.00,yes
2026-10-05T05:14:40.954861Z,KXBTC15M-26OCT050115-15,0.0090,17.00,yes
2026-10-05T05:14:40.960928Z,KXBTC15M-26OCT050115-15,0.0100,383.95,yes
2026-10-05T05:14:40.960928Z,KXBTC15M-26OCT050115-15,0.0090,48.00,yes
2026-10-05T05:14:40.972769Z,KXBTC15M-26OCT050115-15,0.0100,4.02,yes
2026-10-05T05:14:40.988317Z,KXBTC15M-26OCT050115-15,0.0090,15.00,yes
2026-10-05T05:14:40.999179Z,KXBTC15M-26OCT050115-15,0.0080,77.00,no
2026-10-05T05:14:41.002622Z,KXBTC15M-26OCT050115-15,0.0080,45.39,no
2026-10-05T05:14:41.015199Z,KXBTC15M-26OCT050115-15,0.0080,14.05,no
2026-10-05T05:14:41.015734Z,KXBTC15M-26OCT050115-15,0.0080,15.07,no
2026-10-05T05:14:41.062467Z,KXBTC15M-26OCT050115-15,0.0090,157.00,yes
2026-10-05T05:14:41.062467Z,KXBTC15M-26OCT050115-15,0.0090,17.00,yes
2026-10-05T05:14:41.062467Z,KXBTC15M-26OCT050115-15,0.0100,15.57,yes
2026-10-05T05:14:41.064331Z,KXBTC15M-26OCT050115-15,0.0100,187.03,yes
2026-10-05T05:14:41.06453Z,KXBTC15M-26OCT050115-15,0.0100,1941.81,yes
2026-10-05T05:14:41.065031Z,KXBTC15M-26OCT050115-15,0.0100,107.65,yes
2026-10-05T05:14:41.101304Z,KXBTC15M-26OCT050115-15,0.0080,20.00,no
2026-10-05T05:14:41.112784Z,KXBTC15M-26OCT050115-15,0.0100,1.00,yes
2026-10-05T05:14:41.116111Z,KXBTC15M-26OCT050115-15,0.0090,750.00,no
2026-10-05T05:14:41.116111Z,KXBTC15M-26OCT050115-15,0.0090,0.01,no
2026-10-05T05:14:41.116111Z,KXBTC15M-26OCT050115-15,0.0090,0.01,no
2026-10-05T05:14:41.132022Z,KXBTC15M-26OCT050115-15,0.0080,256.19,no
2026-10-05T05:14:41.147019Z,KXBTC15M-26OCT050115-15,0.0090,1.00,yes
2026-10-05T05:14:41.156246Z,KXBTC15M-26OCT050115-15,0.0080,3.01,no
2026-10-05T05:14:41.157134Z,KXBTC15M-26OCT050115-15,0.0080,6.34,no
2026-10-05T05:14:41.163414Z,KXBTC15M-26OCT050115-15,0.0090,93.51,yes
2026-10-05T05:14:41.182756Z,KXBTC15M-26OCT050115-15,0.0090,55.49,yes
2026-10-05T05:14:41.182756Z,KXBTC15M-26OCT050115-15,0.0090,2147.51,yes
2026-10-05T05:14:41.182756Z,KXBTC15M-26OCT050115-15,0.0090,17.00,yes
2026-10-05T05:14:41.189402Z,KXBTC15M-26OCT050115-15,0.0090,9.46,yes
2026-10-05T05:14:41.199389Z,KXBTC15M-26OCT050115-15,0.0090,10.00,yes
2026-10-05T05:14:41.223214Z,KXBTC15M-26OCT050115-15,0.0080,34.83,no
2026-10-05T05:14:41.233685Z,KXBTC15M-26OCT050115-15,0.0080,100.00,no
2026-10-05T05:14:41.23568Z,KXBTC15M-26OCT050115-15,0.0090,23.32,yes
2026-10-05T05:14:41.239466Z,KXBTC15M-26OCT050115-15,0.0080,18.00,no
2026-10-05T05:14:41.254786Z,KXBTC15M-26OCT050115-15,0.0080,2.00,no
2026-10-05T05:14:41.262967Z,KXBTC15M-26OCT050115-15,0.0090,4.75,yes
2026-10-05T05:14:41.270056Z,KXBTC15M-26OCT050115-15,0.0090,15.71,yes
2026-10-05T05:14:41.286878Z,KXBTC15M-26OCT050115-15,0.0090,103.81,yes
2026-10-05T05:14:41.297534Z,KXBTC15M-26OCT050115-15,0.0080,43.13,no
2026-10-05T05:14:41.319924Z,KXBTC15M-26OCT050115-15,0.0080,30.14,no
2026-10-05T05:14:41.360983Z,KXBTC15M-26OCT050115-15,0.0090,93.51,yes
2026-10-05T05:14:41.392527Z,KXBTC15M-26OCT050115-15,0.0080,159.18,no
2026-10-05T05:14:41.402721Z,KXBTC15M-26OCT050115-15,0.0090,51.95,yes
2026-10-05T05:14:41.414983Z,KXBTC15M-26OCT050115-15,0.0090,98.05,yes
2026-10-05T05:14:41.434644Z,KXBTC15M-26OCT050115-15,0.0080,61.63,no
2026-10-05T05:14:41.43811Z,KXBTC15M-26OCT050115-15,0.0090,13.93,yes
2026-10-05T05:14:41.43811Z,KXBTC15M-26OCT050115-15,0.0090,17.00,yes
2026-10-05T05:14:41.43811Z,KXBTC15M-26OCT050115-15,0.0090,160.64,yes
2026-10-05T05:14:41.442675Z,KXBTC15M-26OCT050115-15,0.0090,26.91,yes
2026-10-05T05:14:41.445388Z,KXBTC15M-26OCT050115-15,0.0090,97.91,yes
2026-10-05T05:14:41.445388Z,KXBTC15M-26OCT050115-15,0.0090,3.92,yes
2026-10-05T05:14:41.453621Z,KXBTC15M-26OCT050115-15,0.0080,153.71,no
2026-10-05T05:14:41.460786Z,KXBTC15M-26OCT050115-15,0.0090,17.00,yes
2026-10-05T05:14:41.460786Z,KXBTC15M-26OCT050115-15,0.0090,6.00,yes
2026-10-05T05:14:41.460786Z,KXBTC15M-26OCT050115-15,0.0090,42.08,yes
2026-10-05T05:14:41.460786Z,KXBTC15M-26OCT050115-15,0.0100,34.92,yes
2026-10-05T05:14:41.46665Z,KXBTC15M-26OCT050115-15,0.0100,199.14,yes
2026-10-05T05:14:41.467794Z,KXBTC15M-26OCT050115-15,0.0100,10.00,yes
2026-10-05T05:14:41.488869Z,KXBTC15M-26OCT050115-15,0.0090,17.00,yes
2026-10-05T05:14:41.488869Z,KXBTC15M-26OCT050115-15,0.0090,3.00,yes
2026-10-05T05:14:41.488869Z,KXBTC15M-26OCT050115-15,0.0100,5.00,yes
2026-10-05T05:14:41.489887Z,KXBTC15M-26OCT050115-15,0.0080,5.03,no
2026-10-05T05:14:41.491395Z,KXBTC15M-26OCT050115-15,0.0100,333.89,yes
2026-10-05T05:14:41.491799Z,KXBTC15M-26OCT050115-15,0.0100,590.97,yes
2026-10-05T05:14:41.503542Z,KXBTC15M-26OCT050115-15,0.0090,1.02,yes
2026-10-05T05:14:41.504058Z,KXBTC15M-26OCT050115-15,0.0090,1.76,yes
2026-10-05T05:14:41.525413Z,KXBTC15M-26OCT050115-15,0.0090,6.00,yes
2026-10-05T05:14:41.525413Z,KXBTC15M-26OCT050115-15,0.0100,134.56,yes
2026-10-05T05:14:41.575865Z,KXBTC15M-26OCT050115-15,0.0080,3.02,no
2026-10-05T05:14:41.597451Z,KXBTC15M-26OCT050115-15,0.0090,13.39,yes
2026-10-05T05:14:41.613321Z,KXBTC15M-26OCT050115-15,0.0080,267.28,no
2026-10-05T05:14:41.613321Z,KXBTC15M-26OCT050115-15,0.0080,0.01,no
2026-10-05T05:14:41.613321Z,KXBTC15M-26OCT050115-15,0.0080,0.01,no
2026-10-05T05:14:41.613321Z,KXBTC15M-26OCT050115-15,0.0080,315.41,no
2026-10-05T05:14:41.625023Z,KXBTC15M-26OCT050115-15,0.0080,4.73,no
2026-10-05T05:14:41.665981Z,KXBTC15M-26OCT050115-15,0.0090,5.22,yes
2026-10-05T05:14:41.68619Z,KXBTC15M-26OCT050115-15,0.0090,51.17,yes
2026-10-05T05:14:41.68619Z,KXBTC15M-26OCT050115-15,0.0090,0.78,yes
2026-10-05T05:14:41.692559Z,KXBTC15M-26OCT050115-15,0.0080,13.71,no
2026-10-05T05:14:41.694285Z,KXBTC15M-26OCT050115-15,0.0090,11.53,yes
2026-10-05T05:14:41.699586Z,KXBTC15M-26OCT050115-15,0.0090,193.14,yes
2026-10-05T05:14:41.705374Z,KXBTC15M-26OCT050115-15,0.0090,101.83,yes
2026-10-05T05:14:41.717695Z,KXBTC15M-26OCT050115-15,0.0090,10.00,yes
2026-10-05T05:14:41.71789Z,KXBTC15M-26OCT050115-15,0.0090,15.13,yes
2026-10-05T05:14:41.720673Z,KXBTC15M-26OCT050115-15,0.0090,17.00,yes
2026-10-05T05:14:41.720673Z,KXBTC15M-26OCT050115-15,0.0090,0.01,yes
2026-10-05T05:14:41.720673Z,KXBTC15M-26OCT050115-15,0.0090,0.01,yes
2026-10-05T05:14:41.720673Z,KXBTC15M-26OCT050115-15,0.0090,617.20,yes
2026-10-05T05:14:41.720673Z,KXBTC15M-26OCT050115-15,0.0090,45.00,yes
2026-10-05T05:14:41.720673Z,KXBTC15M-26OCT050115-15,0.0100,255.97,yes
2026-10-05T05:14:41.774914Z,KXBTC15M-26OCT050115-15,0.0090,6.00,yes
2026-10-05T05:14:41.774914Z,KXBTC15M-26OCT050115-15,0.0090,10.00,yes
2026-10-05T05:14:41.774914Z,KXBTC15M-26OCT050115-15,0.0100,23.27,yes
2026-10-05T05:14:41.794543Z,KXBTC15M-26OCT050115-15,0.0090,6.00,yes
2026-10-05T05:14:41.794543Z,KXBTC15M-26OCT050115-15,0.0100,29.76,yes
2026-10-05T05:14:41.813027Z,KXBTC15M-26OCT050115-15,0.0080,5.00,no
2026-10-05T05:14:41.841259Z,KXBTC15M-26OCT050115-15,0.0080,46.24,no
2026-10-05T05:14:41.847607Z,KXBTC15M-26OCT050115-15,0.0080,46.24,no
2026-10-05T05:14:41.849536Z,KXBTC15M-26OCT050115-15,0.0080,34.97,no
2026-10-05T05:14:41.849595Z,KXBTC15M-26OCT050115-15,0.0090,6.00,yes
2026-10-05T05:14:41.849595Z,KXBTC15M-26OCT050115-15,0.0090,17.00,yes
2026-10-05T05:14:41.849595Z,KXBTC15M-26OCT050115-15,0.0100,663.33,yes
2026-10-05T05:14:41.880987Z,KXBTC15M-26OCT050115-15,0.0100,23.01,yes
2026-10-05T05:14:41.885435Z,KXBTC15M-26OCT050115-15,0.0080,27.98,no
2026-10-05T05:14:41.885435Z,KXBTC15M-26OCT050115-15,0.0080,12.51,no
2026-10-05T05:14:41.885435Z,KXBTC15M-26OCT050115-15,0.0080,0.01,no
2026-10-05T05:14:41.885435Z,KXBTC15M-26OCT050115-15,0.0080,0.01,no
2026-10-05T05:14:41.898166Z,KXBTC15M-26OCT050115-15,0.0080,15.07,no
2026-10-05T05:14:41.901983Z,KXBTC15M-26OCT050115-15,0.0080,20.98,no
2026-10-05T05:14:41.902927Z,KXBTC15M-26OCT050115-15,0.0100,8.06,yes
2026-10-05T05:14:41.913293Z,KXBTC15M-26OCT050115-15,0.0100,10.18,yes
2026-10-05T05:14:41.922792Z,KXBTC15M-26OCT050115-15,0.0100,14.20,yes
2026-10-05T05:14:41.924567Z,KXBTC15M-26OCT050115-15,0.0100,5.95,yes
2026-10-05T05:14:41.929161Z,KXBTC15M-26OCT050115-15,0.0100,2.89,yes
2026-10-05T05:14:41.961143Z,KXBTC15M-26OCT050115-15,0.0090,25.00,yes
2026-10-05T05:14:41.978872Z,KXBTC15M-26OCT050115-15,0.0090,10.00,yes
2026-10-05T05:14:42.021945Z,KXBTC15M-26OCT050115-15,0.0090,26.00,yes
2026-10-05T05:14:42.021945Z,KXBTC15M-26OCT050115-15,0.0090,17.00,yes
2026-10-05T05:14:42.021945Z,KXBTC15M-26OCT050115-15,0.0090,6.00,yes
2026-10-05T05:14:42.021945Z,KXBTC15M-26OCT050115-15,0.0100,42.13,yes
2026-10-05T05:14:42.025326Z,KXBTC15M-26OCT050115-15,0.0080,48.36,no
2026-10-05T05:14:42.059589Z,KXBTC15M-26OCT050115-15,0.0080,223.00,no
2026-10-05T05:14:42.067641Z,KXBTC15M-26OCT050115-15,0.0090,93.90,yes
2026-10-05T05:14:42.077741Z,KXBTC15M-26OCT050115-15,0.0090,10.39,yes
2026-10-05T05:14:42.14048Z,KXBTC15M-26OCT050115-15,0.0080,23.25,no
2026-10-05T05:14:42.14092Z,KXBTC15M-26OCT050115-15,0.0080,5.96,no
2026-10-05T05:14:42.14902Z,KXBTC15M-26OCT050115-15,0.0080,3.67,no
2026-10-05T05:14:42.169231Z,KXBTC15M-26OCT050115-15,0.0090,16.71,yes
2026-10-05T05:14:42.169231Z,KXBTC15M-26OCT050115-15,0.0090,6.00,yes
2026-10-05T05:14:42.169231Z,KXBTC15M-26OCT050115-15,0.0090,55.29,yes
2026-10-05T05:14:42.169231Z,KXBTC15M-26OCT050115-15,0.0090,17.00,yes
2026-10-05T05:14:42.18731Z,KXBTC15M-26OCT050115-15,0.0090,209.47,yes
2026-10-05T05:14:42.196097Z,KXBTC15M-26OCT050115-15,0.0090,7.60,yes
2026-10-05T05:14:42.206356Z,KXBTC15M-26OCT050115-15,0.0090,469.08,yes
2026-10-05T05:14:42.224024Z,KXBTC15M-26OCT050115-15,0.0090,0.01,yes
2026-10-05T05:14:42.224024Z,KXBTC15M-26OCT050115-15,0.0090,0.01,yes
2026-10-05T05:14:42.224024Z,KXBTC15M-26OCT050115-15,0.0090,17.00,yes
2026-10-05T05:14:42.224024Z,KXBTC15M-26OCT050115-15,0.0100,27.55,yes
2026-10-05T05:14:42.226714Z,KXBTC15M-26OCT050115-15,0.0090,6.00,yes
2026-10-05T05:14:42.226714Z,KXBTC15M-26OCT050115-15,0.0100,87.51,yes
2026-10-05T05:14:42.253848Z,KXBTC15M-26OCT050115-15,0.0080,11.56,no
2026-10-05T05:14:42.258541Z,KXBTC15M-26OCT050115-15,0.0090,17.00,yes
2026-10-05T05:14:42.258541Z,KXBTC15M-26OCT050115-15,0.0100,76.00,yes
2026-10-05T05:14:42.260648Z,KXBTC15M-26OCT050115-15,0.0100,93.51,yes
2026-10-05T05:14:42.275607Z,KXBTC15M-26OCT050115-15,0.0090,17.00,yes
2026-10-05T05:14:42.275607Z,KXBTC15M-26OCT050115-15,0.0090,6.00,yes
2026-10-05T05:14:42.275607Z,KXBTC15M-26OCT050115-15,0.0100,72.00,yes
2026-10-05T05:14:42.332237Z,KXBTC15M-26OCT050115-15,0.0100,467.59,yes
2026-10-05T05:14:42.36103Z,KXBTC15M-26OCT050115-15,0.0100,2.80,yes
2026-10-05T05:14:42.367714Z,KXBTC15M-26OCT050115-15,0.0080,19.65,no
2026-10-05T05:14:42.397527Z,KXBTC15M-26OCT050115-15,0.0080,1.00,no
2026-10-05T05:14:42.408338Z,KXBTC15M-26OCT050115-15,0.0080,11.08,no
2026-10-05T05:14:42.41801Z,KXBTC15M-26OCT050115-15,0.0060,1125.00,no
2026-10-05T05:14:42.41801Z,KXBTC15M-26OCT050115-15,0.0060,1055.87,no
2026-10-05T05:14:42.41801Z,KXBTC15M-26OCT050115-15,0.0080,0.01,no
2026-10-05T05:14:42.41801Z,KXBTC15M-26OCT050115-15,0.0080,447.91,no
2026-10-05T05:14:42.41801Z,KXBTC15M-26OCT050115-15,0.0080,0.01,no
2026-10-05T05:14:42.44558Z,KXBTC15M-26OCT050115-15,0.0080,57.81,yes
2026-10-05T05:14:42.44558Z,KXBTC15M-26OCT050115-15,0.0080,150.00,yes
2026-10-05T05:14:42.450165Z,KXBTC15M-26OCT050115-15,0.0050,1544.47,no
2026-10-05T05:14:42.450165Z,KXBTC15M-26OCT050115-15,0.0050,1375.91,no
2026-10-05T05:14:42.450165Z,KXBTC15M-26OCT050115-15,0.0060,0.01,no
2026-10-05T05:14:42.450165Z,KXBTC15M-26OCT050115-15,0.0060,0.01,no
2026-10-05T05:14:42.450165Z,KXBTC15M-26OCT050115-15,0.0060,20.00,no
2026-10-05T05:14:42.460673Z,KXBTC15M-26OCT050115-15,0.0080,92.19,yes
2026-10-05T05:14:42.460673Z,KXBTC15M-26OCT050115-15,0.0080,0.01,yes
2026-10-05T05:14:42.460673Z,KXBTC15M-26OCT050115-15,0.0080,0.01,yes
2026-10-05T05:14:42.460673Z,KXBTC15M-26OCT050115-15,0.0090,1.30,yes
2026-10-05T05:14:42.475336Z,KXBTC15M-26OCT050115-15,0.0090,128.00,yes
2026-10-05T05:14:42.475336Z,KXBTC15M-26OCT050115-15,0.0090,0.01,yes
2026-10-05T05:14:42.475336Z,KXBTC15M-26OCT050115-15,0.0090,15.70,yes
2026-10-05T05:14:42.475336Z,KXBTC15M-26OCT050115-15,0.0090,147.00,yes
2026-10-05T05:14:42.475336Z,KXBTC15M-26OCT050115-15,0.0090,0.01,yes
2026-10-05T05:14:42.475336Z,KXBTC15M-26OCT050115-15,0.0090,1.30,yes
2026-10-05T05:14:42.475336Z,KXBTC15M-26OCT050115-15,0.0090,43.00,yes
2026-10-05T05:14:42.475336Z,KXBTC15M-26OCT050115-15,0.0090,1.00,yes
2026-10-05T05:14:42.475336Z,KXBTC15M-26OCT050115-15,0.0100,131.57,yes
2026-10-05T05:14:42.475522Z,KXBTC15M-26OCT050115-15,0.0100,21.87,yes
2026-10-05T05:14:42.484125Z,KXBTC15M-26OCT050115-15,0.0090,17.00,yes
2026-10-05T05:14:42.484125Z,KXBTC15M-26OCT050115-15,0.0100,76.51,yes
2026-10-05T05:14:42.50334Z,KXBTC15M-26OCT050115-15,0.0070,22.32,yes
2026-10-05T05:14:42.504363Z,KXBTC15M-26OCT050115-15,0.0070,187.03,yes
2026-10-05T05:14:42.509939Z,KXBTC15M-26OCT050115-15,0.0060,20.00,no
2026-10-05T05:14:42.509939Z,KXBTC15M-26OCT050115-15,0.0060,0.01,no
2026-10-05T05:14:42.509939Z,KXBTC15M-26OCT050115-15,0.0060,0.01,no
2026-10-05T05:14:42.52928Z,KXBTC15M-26OCT050115-15,0.0060,207.88,yes
2026-10-05T05:14:42.540881Z,KXBTC15M-26OCT050115-15,0.0050,51.81,no
2026-10-05T05:14:42.556814Z,KXBTC15M-26OCT050115-15,0.0060,103.91,yes
2026-10-05T05:14:42.602004Z,KXBTC15M-26OCT050115-15,0.0060,780.00,yes
2026-10-05T05:14:42.610454Z,KXBTC15M-26OCT050115-15,0.0050,2.29,no
2026-10-05T05:14:42.615992Z,KXBTC15M-26OCT050115-15,0.0060,103.91,yes
2026-10-05T05:14:42.618603Z,KXBTC15M-26OCT050115-15,0.0060,27.32,yes
2026-10-05T05:14:42.623942Z,KXBTC15M-26OCT050115-15,0.0060,93.51,yes
2026-10-05T05:14:42.625862Z,KXBTC15M-26OCT050115-15,0.0060,0.01,yes
2026-10-05T05:14:42.625862Z,KXBTC15M-26OCT050115-15,0.0060,0.01,yes
2026-10-05T05:14:42.625862Z,KXBTC15M-26OCT050115-15,0.0060,39.36,yes
2026-10-05T05:14:42.625862Z,KXBTC15M-26OCT050115-15,0.0060,11.62,yes
2026-10-05T05:14:42.643115Z,KXBTC15M-26OCT050115-15,0.0070,425.11,yes
2026-10-05T05:14:42.643115Z,KXBTC15M-26OCT050115-15,0.0060,40.19,yes
2026-10-05T05:14:42.643115Z,KXBTC15M-26OCT050115-15,0.0060,2.29,yes
2026-10-05T05:14:42.652698Z,KXBTC15M-26OCT050115-15,0.0070,5.00,yes
2026-10-05T05:14:42.671925Z,KXBTC15M-26OCT050115-15,0.0070,93.51,yes
2026-10-05T05:14:42.688884Z,KXBTC15M-26OCT050115-15,0.0070,103.91,yes
2026-10-05T05:14:42.692235Z,KXBTC15M-26OCT050115-15,0.0050,7.89,no
2026-10-05T05:14:42.693204Z,KXBTC15M-26OCT050115-15,0.0070,7.62,yes
2026-10-05T05:14:42.722782Z,KXBTC15M-26OCT050115-15,0.0070,699.97,yes
2026-10-05T05:14:42.722782Z,KXBTC15M-26OCT050115-15,0.0060,7.89,yes
2026-10-05T05:14:42.724165Z,KXBTC15M-26OCT050115-15,0.0080,222.22,yes
2026-10-05T05:14:42.726651Z,KXBTC15M-26OCT050115-15,0.0050,296.20,no
2026-10-05T05:14:42.727067Z,KXBTC15M-26OCT050115-15,0.0080,9.35,yes
2026-10-05T05:14:42.734654Z,KXBTC15M-26OCT050115-15,0.0080,7.97,yes
2026-10-05T05:14:42.737126Z,KXBTC15M-26OCT050115-15,0.0080,20.00,yes
2026-10-05T05:14:42.739819Z,KXBTC15M-26OCT050115-15,0.0080,13.02,yes
2026-10-05T05:14:42.745021Z,KXBTC15M-26OCT050115-15,0.0070,21.15,yes
2026-10-05T05:14:42.769577Z,KXBTC15M-26OCT050115-15,0.0060,93.51,yes
2026-10-05T05:14:42.770968Z,KXBTC15M-26OCT050115-15,0.0060,93.51,yes
2026-10-05T05:14:42.771579Z,KXBTC15M-26OCT050115-15,0.0060,58.44,yes
2026-10-05T05:14:42.773838Z,KXBTC15M-26OCT050115-15,0.0050,5.05,no
2026-10-05T05:14:42.776128Z,KXBTC15M-26OCT050115-15,0.0060,53.54,yes
2026-10-05T05:14:42.776128Z,KXBTC15M-26OCT050115-15,0.0060,50.74,yes
2026-10-05T05:14:42.797694Z,KXBTC15M-26OCT050115-15,0.0060,27.32,yes
2026-10-05T05:14:42.803402Z,KXBTC15M-26OCT050115-15,0.0060,2.87,yes
2026-10-05T05:14:42.829528Z,KXBTC15M-26OCT050115-15,0.0060,91.27,yes
2026-10-05T05:14:42.829528Z,KXBTC15M-26OCT050115-15,0.0060,119.26,yes
2026-10-05T05:14:42.833478Z,KXBTC15M-26OCT050115-15,0.0060,87.77,yes
2026-10-05T05:14:42.833478Z,KXBTC15M-26OCT050115-15,0.0060,5.74,yes
2026-10-05T05:14:42.841652Z,KXBTC15M-26OCT050115-15,0.0060,1.07,yes
2026-10-05T05:14:42.852765Z,KXBTC15M-26OCT050115-15,0.0060,51.14,yes
2026-10-05T05:14:42.876169Z,KXBTC15M-26OCT050115-15,0.0050,12.56,no
2026-10-05T05:14:42.876169Z,KXBTC15M-26OCT050115-15,0.0050,92.29,no
2026-10-05T05:14:42.906759Z,KXBTC15M-26OCT050115-15,0.0060,16.64,yes
2026-10-05T05:14:42.906759Z,KXBTC15M-26OCT050115-15,0.0060,131.02,yes
2026-10-05T05:14:42.906759Z,KXBTC15M-26OCT050115-15,0.0060,5.05,yes
2026-10-05T05:14:42.906983Z,KXBTC15M-26OCT050115-15,0.0060,17.24,yes
2026-10-05T05:14:42.941371Z,KXBTC15M-26OCT050115-15,0.0060,21.82,yes
2026-10-05T05:14:42.943651Z,KXBTC15M-26OCT050115-15,0.0060,116.88,yes
2026-10-05T05:14:42.95073Z,KXBTC15M-26OCT050115-15,0.0050,15.35,no
2026-10-05T05:14:42.951139Z,KXBTC15M-26OCT050115-15,0.0060,116.88,yes
2026-10-05T05:14:42.970315Z,KXBTC15M-26OCT050115-15,0.0060,148.54,yes
2026-10-05T05:14:42.970315Z,KXBTC15M-26OCT050115-15,0.0060,4.17,yes
2026-10-05T05:14:42.972959Z,KXBTC15M-26OCT050115-15,0.0050,11.78,no
2026-10-05T05:14:42.984844Z,KXBTC15M-26OCT050115-15,0.0060,12.56,yes
2026-10-05T05:14:42.984844Z,KXBTC15M-26OCT050115-15,0.0060,88.12,yes
2026-10-05T05:14:42.984844Z,KXBTC15M-26OCT050115-15,0.0060,416.32,yes
2026-10-05T05:14:42.993887Z,KXBTC15M-26OCT050115-15,0.0060,15.35,yes
2026-10-05T05:14:42.993887Z,KXBTC15M-26OCT050115-15,0.0070,120.53,yes
2026-10-05T05:14:43.000537Z,KXBTC15M-26OCT050115-15,0.0050,1.50,no
2026-10-05T05:14:43.021026Z,KXBTC15M-26OCT050115-15,0.0100,65.26,yes
2026-10-05T05:14:43.021026Z,KXBTC15M-26OCT050115-15,0.0060,11.78,yes
2026-10-05T05:14:43.021026Z,KXBTC15M-26OCT050115-15,0.0070,845.32,yes
2026-10-05T05:14:43.021026Z,KXBTC15M-26OCT050115-15,0.0070,41.00,yes
2026-10-05T05:14:43.021026Z,KXBTC15M-26OCT050115-15,0.0080,101.00,yes
2026-10-05T05:14:43.021026Z,KXBTC15M-26OCT050115-15,0.0090,17.00,yes
2026-10-05T05:14:43.021026Z,KXBTC15M-26OCT050115-15,0.0090,1.00,yes
2026-10-05T05:14:43.021026Z,KXBTC15M-26OCT050115-15,0.0090,39.00,yes
2026-10-05T05:14:43.035497Z,KXBTC15M-26OCT050115-15,0.0060,1.50,yes
2026-10-05T05:14:43.038218Z,KXBTC15M-26OCT050115-15,0.0060,5.02,no
2026-10-05T05:14:43.05268Z,KXBTC15M-26OCT050115-15,0.0060,5.02,no
2026-10-05T05:14:43.060421Z,KXBTC15M-26OCT050115-15,0.0100,56.14,yes
2026-10-05T05:14:43.060421Z,KXBTC15M-26OCT050115-15,0.0090,17.00,yes
2026-10-05T05:14:43.072435Z,KXBTC15M-26OCT050115-15,0.0060,0.94,no
2026-10-05T05:14:43.100214Z,KXBTC15M-26OCT050115-15,0.0100,7.08,yes
2026-10-05T05:14:43.100214Z,KXBTC15M-26OCT050115-15,0.0090,6.00,yes
2026-10-05T05:14:43.100214Z,KXBTC15M-26OCT050115-15,0.0090,17.00,yes
2026-10-05T05:14:43.102442Z,KXBTC15M-26OCT050115-15,0.0100,2843.09,yes
2026-10-05T05:14:43.132731Z,KXBTC15M-26OCT050115-15,0.0060,15.11,no
2026-10-05T05:14:43.132731Z,KXBTC15M-26OCT050115-15,0.0060,27.72,no
2026-10-05T05:14:43.134965Z,KXBTC15M-26OCT050115-15,0.0100,915.98,yes
2026-10-05T05:14:43.149771Z,KXBTC15M-26OCT050115-15,0.0090,2.00,yes
2026-10-05T05:14:43.159103Z,KXBTC15M-26OCT050115-15,0.0100,85.33,yes
2026-10-05T05:14:43.159103Z,KXBTC15M-26OCT050115-15,0.0090,6.00,yes
2026-10-05T05:14:43.167115Z,KXBTC15M-26OCT050115-15,0.0060,0.01,no
2026-10-05T05:14:43.167115Z,KXBTC15M-26OCT050115-15,0.0060,0.01,no
2026-10-05T05:14:43.167115Z,KXBTC15M-26OCT050115-15,0.0060,9.39,no
2026-10-05T05:14:43.178911Z,KXBTC15M-26OCT050115-15,0.0060,8.87,no
2026-10-05T05:14:43.194775Z,KXBTC15M-26OCT050115-15,0.0060,5.23,no
2026-10-05T05:14:43.22191Z,KXBTC15M-26OCT050115-15,0.0060,66.59,no
2026-10-05T05:14:43.263318Z,KXBTC15M-26OCT050115-15,0.0080,55.00,yes
2026-10-05T05:14:43.263318Z,KXBTC15M-26OCT050115-15,0.0090,431.00,yes
2026-10-05T05:14:43.263318Z,KXBTC15M-26OCT050115-15,0.0080,14.00,yes
2026-10-05T05:14:43.276378Z,KXBTC15M-26OCT050115-15,0.0090,17.00,yes
2026-10-05T05:14:43.289212Z,KXBTC15M-26OCT050115-15,0.0060,106.50,no
2026-10-05T05:14:43.36236Z,KXBTC15M-26OCT050115-15,0.0090,63.00,yes
2026-10-05T05:14:43.36236Z,KXBTC15M-26OCT050115-15,0.0090,48.00,yes
2026-10-05T05:14:43.378571Z,KXBTC15M-26OCT050115-15,0.0060,418.19,no
2026-10-05T05:14:43.397618Z,KXBTC15M-26OCT050115-15,0.0090,181.00,yes
2026-10-05T05:14:43.423408Z,KXBTC15M-26OCT050115-15,0.0060,10.05,no
2026-10-05T05:14:43.427844Z,KXBTC15M-26OCT050115-15,0.0090,19.11,yes
2026-10-05T05:14:43.443287Z,KXBTC15M-26OCT050115-15,0.0090,20.69,yes
2026-10-05T05:14:43.481223Z,KXBTC15M-26OCT050115-15,0.0060,1.13,no
2026-10-05T05:14:43.504661Z,KXBTC15M-26OCT050115-15,0.0090,50.24,yes
2026-10-05T05:14:43.506702Z,KXBTC15M-26OCT050115-15,0.0090,9.00,yes
2026-10-05T05:14:43.521977Z,KXBTC15M-26OCT050115-15,0.0090,93.90,yes
2026-10-05T05:14:43.524206Z,KXBTC15M-26OCT050115-15,0.0090,19.09,yes
2026-10-05T05:14:43.552525Z,KXBTC15M-26OCT050115-15,0.0090,132.56,yes
2026-10-05T05:14:43.583257Z,KXBTC15M-26OCT050115-15,0.0090,29.83,yes
2026-10-05T05:14:43.591172Z,KXBTC15M-26OCT050115-15,0.0090,93.90,yes
2026-10-05T05:14:43.594878Z,KXBTC15M-26OCT050115-15,0.0090,36.88,yes
2026-10-05T05:14:43.601249Z,KXBTC15M-26OCT050115-15,0.0060,499.05,no
2026-10-05T05:14:43.601249Z,KXBTC15M-26OCT050115-15,0.0060,0.01,no
2026-10-05T05:14:43.601249Z,KXBTC15M-26OCT050115-15,0.0060,0.01,no
2026-10-05T05:14:43.601249Z,KXBTC15M-26OCT050115-15,0.0060,167.36,no
2026-10-05T05:14:43.606039Z,KXBTC15M-26OCT050115-15,0.0090,2.34,yes
2026-10-05T05:14:43.622138Z,KXBTC15M-26OCT050115-15,0.0080,100.00,yes
2026-10-05T05:14:43.626286Z,KXBTC15M-26OCT050115-15,0.0080,15.60,yes
2026-10-05T05:14:43.628207Z,KXBTC15M-26OCT050115-15,0.0080,28.00,yes
2026-10-05T05:14:43.628207Z,KXBTC15M-26OCT050115-15,0.0090,474.10,yes
2026-10-05T05:14:43.628207Z,KXBTC15M-26OCT050115-15,0.0080,14.00,yes
2026-10-05T05:14:43.628207Z,KXBTC15M-26OCT050115-15,0.0080,0.01,yes
2026-10-05T05:14:43.628207Z,KXBTC15M-26OCT050115-15,0.0080,3.40,yes
2026-10-05T05:14:43.628207Z,KXBTC15M-26OCT050115-15,0.0080,0.01,yes
2026-10-05T05:14:43.628826Z,KXBTC15M-26OCT050115-15,0.0060,27.08,no
2026-10-05T05:14:43.630859Z,KXBTC15M-26OCT050115-15,0.0080,100.00,yes
2026-10-05T05:14:43.647146Z,KXBTC15M-26OCT050115-15,0.0100,1361.23,yes
2026-10-05T05:14:43.647146Z,KXBTC15M-26OCT050115-15,0.0090,0.01,yes
2026-10-05T05:14:43.647146Z,KXBTC15M-26OCT050115-15,0.0090,38.00,yes
2026-10-05T05:14:43.647146Z,KXBTC15M-26OCT050115-15,0.0090,630.00,yes
2026-10-05T05:14:43.647146Z,KXBTC15M-26OCT050115-15,0.0090,1.00,yes
2026-10-05T05:14:43.647146Z,KXBTC15M-26OCT050115-15,0.0090,56.36,yes
2026-10-05T05:14:43.647146Z,KXBTC15M-26OCT050115-15,0.0090,17.00,yes
2026-10-05T05:14:43.647146Z,KXBTC15M-26OCT050115-15,0.0090,0.01,yes
2026-10-05T05:14:43.65038Z,KXBTC15M-26OCT050115-15,0.0100,15.71,yes
2026-10-05T05:14:43.653698Z,KXBTC15M-26OCT050115-15,0.0100,368.46,yes
2026-10-05T05:14:43.653698Z,KXBTC15M-26OCT050115-15,0.0080,6.00,yes
2026-10-05T05:14:43.660893Z,KXBTC15M-26OCT050115-15,0.0060,5.02,no
2026-10-05T05:14:43.678434Z,KXBTC15M-26OCT050115-15,0.0100,103.34,yes
2026-10-05T05:14:43.678434Z,KXBTC15M-26OCT050115-15,0.0090,6.00,yes
2026-10-05T05:14:43.69549Z,KXBTC15M-26OCT050115-15,0.0060,12.05,no
2026-10-05T05:14:43.697542Z,KXBTC15M-26OCT050115-15,0.0060,17.70,no
2026-10-05T05:14:43.71178Z,KXBTC15M-26OCT050115-15,0.0100,167.00,yes
2026-10-05T05:14:43.714214Z,KXBTC15M-26OCT050115-15,0.0100,183.67,yes
2026-10-05T05:14:43.731731Z,KXBTC15M-26OCT050115-15,0.0060,1.80,no
2026-10-05T05:14:43.740863Z,KXBTC15M-26OCT050115-15,0.0060,50.00,no
2026-10-05T05:14:43.755374Z,KXBTC15M-26OCT050115-15,0.0100,280.55,yes
2026-10-05T05:14:43.793531Z,KXBTC15M-26OCT050115-15,0.0060,100.56,no
2026-10-05T05:14:43.811071Z,KXBTC15M-26OCT050115-15,0.0060,20.92,no
2026-10-05T05:14:43.86492Z,KXBTC15M-26OCT050115-15,0.0100,8.15,yes
2026-10-05T05:14:43.878315Z,KXBTC15M-26OCT050115-15,0.0050,1958.81,no
2026-10-05T05:14:43.878315Z,KXBTC15M-26OCT050115-15,0.0050,1202.66,no
2026-10-05T05:14:43.878315Z,KXBTC15M-26OCT050115-15,0.0060,0.01,no
2026-10-05T05:14:43.878315Z,KXBTC15M-26OCT050115-15,0.0060,0.01,no
2026-10-05T05:14:43.878315Z,KXBTC15M-26OCT050115-15,0.0060,1124.00,no
2026-10-05T05:14:43.878315Z,KXBTC15M-26OCT050115-15,0.0060,740.51,no
2026-10-05T05:14:43.881673Z,KXBTC15M-26OCT050115-15,0.0060,9.13,yes
2026-10-05T05:14:43.890107Z,KXBTC15M-26OCT050115-15,0.0050,9.95,no
2026-10-05T05:14:43.892939Z,KXBTC15M-26OCT050115-15,0.0060,103.91,yes
2026-10-05T05:14:43.894617Z,KXBTC15M-26OCT050115-15,0.0100,39.94,yes
2026-10-05T05:14:43.894617Z,KXBTC15M-26OCT050115-15,0.0060,36.96,yes
2026-10-05T05:14:43.894617Z,KXBTC15M-26OCT050115-15,0.0090,17.00,yes
2026-10-05T05:14:43.929953Z,KXBTC15M-26OCT050115-15,0.0100,19406.52,yes
2026-10-05T05:14:43.929953Z,KXBTC15M-26OCT050115-15,0.0060,1958.81,yes
2026-10-05T05:14:43.929953Z,KXBTC15M-26OCT050115-15,0.0060,1202.66,yes
2026-10-05T05:14:43.929953Z,KXBTC15M-26OCT050115-15,0.0060,9.95,yes
2026-10-05T05:14:43.929953Z,KXBTC15M-26OCT050115-15,0.0090,17.00,yes
2026-10-05T05:14:43.938602Z,KXBTC15M-26OCT050115-15,0.0090,10.39,yes
2026-10-05T05:14:43.940839Z,KXBTC15M-26OCT050115-15,0.0090,9.11,yes
2026-10-05T05:14:43.950131Z,KXBTC15M-26OCT050115-15,0.0100,8850.47,yes
2026-10-05T05:14:43.950131Z,KXBTC15M-26OCT050115-15,0.0090,6.00,yes
2026-10-05T05:14:43.950131Z,KXBTC15M-26OCT050115-15,0.0090,17.00,yes
2026-10-05T05:14:43.96359Z,KXBTC15M-26OCT050115-15,0.0100,97.00,yes
2026-10-05T05:14:43.975429Z,KXBTC15M-26OCT050115-15,0.0050,354.46,no
2026-10-05T05:14:43.975429Z,KXBTC15M-26OCT050115-15,0.0070,2.28,no
2026-10-05T05:14:44.02078Z,KXBTC15M-26OCT050115-15,0.0100,39.40,yes
2026-10-05T05:14:44.021317Z,KXBTC15M-26OCT050115-15,0.0100,2.58,yes
2026-10-05T05:14:44.026299Z,KXBTC15M-26OCT050115-15,0.0100,0.87,yes
2026-10-05T05:14:44.02735Z,KXBTC15M-26OCT050115-15,0.0100,9.00,yes
2026-10-05T05:14:44.037412Z,KXBTC15M-26OCT050115-15,0.0080,140.11,yes
2026-10-05T05:14:44.05451Z,KXBTC15M-26OCT050115-15,0.0070,0.01,no
2026-10-05T05:14:44.05451Z,KXBTC15M-26OCT050115-15,0.0070,0.01,no
2026-10-05T05:14:44.05451Z,KXBTC15M-26OCT050115-15,0.0060,15.67,no
2026-10-05T05:14:44.081883Z,KXBTC15M-26OCT050115-15,0.0080,6.35,yes
2026-10-05T05:14:44.091224Z,KXBTC15M-26OCT050115-15,0.0050,432.93,no
2026-10-05T05:14:44.091224Z,KXBTC15M-26OCT050115-15,0.0050,120.00,no
2026-10-05T05:14:44.091224Z,KXBTC15M-26OCT050115-15,0.0050,451.03,no
2026-10-05T05:14:44.091224Z,KXBTC15M-26OCT050115-15,0.0070,0.01,no
2026-10-05T05:14:44.091224Z,KXBTC15M-26OCT050115-15,0.0060,0.01,no
2026-10-05T05:14:44.091224Z,KXBTC15M-26OCT050115-15,0.0060,0.01,no
2026-10-05T05:14:44.091224Z,KXBTC15M-26OCT050115-15,0.0070,0.01,no
2026-10-05T05:14:44.091224Z,KXBTC15M-26OCT050115-15,0.0060,1.00,no
2026-10-05T05:14:44.103705Z,KXBTC15M-26OCT050115-15,0.0070,66.82,yes
2026-10-05T05:14:44.119646Z,KXBTC15M-26OCT050115-15,0.0060,140.27,yes
2026-10-05T05:14:44.137289Z,KXBTC15M-26OCT050115-15,0.0060,0.27,yes
2026-10-05T05:14:44.140368Z,KXBTC15M-26OCT050115-15,0.0060,292.39,yes
2026-10-05T05:14:44.140368Z,KXBTC15M-26OCT050115-15,0.0060,0.01,yes
2026-10-05T05:14:44.140368Z,KXBTC15M-26OCT050115-15,0.0060,54.06,yes
2026-10-05T05:14:44.140368Z,KXBTC15M-26OCT050115-15,0.0060,0.01,yes
2026-10-05T05:14:44.141552Z,KXBTC15M-26OCT050115-15,0.0060,36.00,yes
2026-10-05T05:14:44.141965Z,KXBTC15M-26OCT050115-15,0.0060,29.94,yes
2026-10-05T05:14:44.141965Z,KXBTC15M-26OCT050115-15,0.0070,1.44,yes
2026-10-05T05:14:44.149214Z,KXBTC15M-26OCT050115-15,0.0070,20.00,yes
2026-10-05T05:14:44.176107Z,KXBTC15M-26OCT050115-15,0.0080,208.00,yes
2026-10-05T05:14:44.176107Z,KXBTC15M-26OCT050115-15,0.0070,0.74,yes
2026-10-05T05:14:44.176107Z,KXBTC15M-26OCT050115-15,0.0070,0.01,yes
2026-10-05T05:14:44.176107Z,KXBTC15M-26OCT050115-15,0.0070,0.01,yes
2026-10-05T05:14:44.176107Z,KXBTC15M-26OCT050115-15,0.0080,834.10,yes
2026-10-05T05:14:44.258785Z,KXBTC15M-26OCT050115-15,0.0070,0.01,yes
2026-10-05T05:14:44.258785Z,KXBTC15M-26OCT050115-15,0.0080,64.83,yes
2026-10-05T05:14:44.258785Z,KXBTC15M-26OCT050115-15,0.0070,0.01,yes
2026-10-05T05:14:44.269429Z,KXBTC15M-26OCT050115-15,0.0060,93.51,yes
2026-10-05T05:14:44.269435Z,KXBTC15M-26OCT050115-15,0.0070,61.02,yes
2026-10-05T05:14:44.269435Z,KXBTC15M-26OCT050115-15,0.0060,32.49,yes
2026-10-05T05:14:44.272393Z,KXBTC15M-26OCT050115-15,0.0050,49.27,no
2026-10-05T05:14:44.28162Z,KXBTC15M-26OCT050115-15,0.0050,3.19,no
2026-10-05T05:14:44.321264Z,KXBTC15M-26OCT050115-15,0.0050,248.55,no
2026-10-05T05:14:44.326988Z,KXBTC15M-26OCT050115-15,0.0060,84.00,yes
2026-10-05T05:14:44.326988Z,KXBTC15M-26OCT050115-15,0.0060,337.65,yes
2026-10-05T05:14:44.326988Z,KXBTC15M-26OCT050115-15,0.0060,49.27,yes
2026-10-05T05:14:44.336278Z,KXBTC15M-26OCT050115-15,0.0060,283.88,yes
2026-10-05T05:14:44.340872Z,KXBTC15M-26OCT050115-15,0.0060,103.91,yes
2026-10-05T05:14:44.353467Z,KXBTC15M-26OCT050115-15,0.0060,96.85,yes
2026-10-05T05:14:44.361353Z,KXBTC15M-26OCT050115-15,0.0060,93.51,yes
2026-10-05T05:14:44.363627Z,KXBTC15M-26OCT050115-15,0.0050,11.00,no
2026-10-05T05:14:44.363627Z,KXBTC15M-26OCT050115-15,0.0050,271.96,no
2026-10-05T05:14:44.363627Z,KXBTC15M-26OCT050115-15,0.0050,0.01,no
2026-10-05T05:14:44.363627Z,KXBTC15M-26OCT050115-15,0.0050,0.01,no
2026-10-05T05:14:44.363627Z,KXBTC15M-26OCT050115-15,0.0050,22.00,no
2026-10-05T05:14:44.363627Z,KXBTC15M-26OCT050115-15,0.0050,115.00,no
2026-10-05T05:14:44.382861Z,KXBTC15M-26OCT050115-15,0.0050,978.56,yes
2026-10-05T05:14:44.384913Z,KXBTC15M-26OCT050115-15,0.0050,938.52,yes
2026-10-05T05:14:44.405061Z,KXBTC15M-26OCT050115-15,0.0050,139.82,yes
2026-10-05T05:14:44.423175Z,KXBTC15M-26OCT050115-15,0.0040,21.27,no
2026-10-05T05:14:44.434484Z,KXBTC15M-26OCT050115-15,0.0050,2.52,yes
2026-10-05T05:14:44.472962Z,KXBTC15M-26OCT050115-15,0.0040,10.04,no
2026-10-05T05:14:44.493571Z,KXBTC15M-26OCT050115-15,0.0050,155.83,yes
2026-10-05T05:14:44.507651Z,KXBTC15M-26OCT050115-15,0.0050,75.08,yes
2026-10-05T05:14:44.510928Z,KXBTC15M-26OCT050115-15,0.0050,155.83,yes
2026-10-05T05:14:44.519911Z,KXBTC15M-26OCT050115-15,0.0040,39.08,no
2026-10-05T05:14:44.526412Z,KXBTC15M-26OCT050115-15,0.0050,28.94,yes
2026-10-05T05:14:44.550779Z,KXBTC15M-26OCT050115-15,0.0050,16.74,yes
2026-10-05T05:14:44.560363Z,KXBTC15M-26OCT050115-15,0.0050,88.18,yes
2026-10-05T05:14:44.560363Z,KXBTC15M-26OCT050115-15,0.0050,349.02,yes
2026-10-05T05:14:44.560363Z,KXBTC15M-26OCT050115-15,0.0050,0.01,yes
2026-10-05T05:14:44.560363Z,KXBTC15M-26OCT050115-15,0.0050,0.01,yes
2026-10-05T05:14:44.564053Z,KXBTC15M-26OCT050115-15,0.0050,273.98,yes
2026-10-05T05:14:44.564053Z,KXBTC15M-26OCT050115-15,0.0050,133.00,yes
2026-10-05T05:14:44.564053Z,KXBTC15M-26OCT050115-15,0.0050,21.27,yes
2026-10-05T05:14:44.564053Z,KXBTC15M-26OCT050115-15,0.0050,10.04,yes
2026-10-05T05:14:44.564053Z,KXBTC15M-26OCT050115-15,0.0050,17.63,yes
2026-10-05T05:14:44.570082Z,KXBTC15M-26OCT050115-15,0.0050,21.45,yes
2026-10-05T05:14:44.570082Z,KXBTC15M-26OCT050115-15,0.0050,0.01,yes
2026-10-05T05:14:44.570082Z,KXBTC15M-26OCT050115-15,0.0050,0.01,yes
2026-10-05T05:14:44.574934Z,KXBTC15M-26OCT050115-15,0.0050,4.01,no
2026-10-05T05:14:44.58531Z,KXBTC15M-26OCT050115-15,0.0050,2.21,no
2026-10-05T05:14:44.592927Z,KXBTC15M-26OCT050115-15,0.0060,32.75,yes
2026-10-05T05:14:44.608187Z,KXBTC15M-26OCT050115-15,0.0050,10.68,no
2026-10-05T05:14:44.610651Z,KXBTC15M-26OCT050115-15,0.0050,1.00,no
2026-10-05T05:14:44.612585Z,KXBTC15M-26OCT050115-15,0.0060,59.90,yes
2026-10-05T05:14:44.612585Z,KXBTC15M-26OCT050115-15,0.0060,248.55,yes
2026-10-05T05:14:44.612585Z,KXBTC15M-26OCT050115-15,0.0060,3.19,yes
2026-10-05T05:14:44.616514Z,KXBTC15M-26OCT050115-15,0.0060,1.24,yes
2026-10-05T05:14:44.623342Z,KXBTC15M-26OCT050115-15,0.0060,0.01,yes
2026-10-05T05:14:44.623342Z,KXBTC15M-26OCT050115-15,0.0060,210.82,yes
2026-10-05T05:14:44.632816Z,KXBTC15M-26OCT050115-15,0.0070,10.04,yes
2026-10-05T05:14:44.63357Z,KXBTC15M-26OCT050115-15,0.0070,20.04,yes
2026-10-05T05:14:44.63357Z,KXBTC15M-26OCT050115-15,0.0070,22.96,yes
2026-10-05T05:14:44.653411Z,KXBTC15M-26OCT050115-15,0.0080,116.88,yes
2026-10-05T05:14:44.694464Z,KXBTC15M-26OCT050115-15,0.0080,187.03,yes
2026-10-05T05:14:44.700721Z,KXBTC15M-26OCT050115-15,0.0080,59.11,yes
2026-10-05T05:14:44.717177Z,KXBTC15M-26OCT050115-15,0.0080,10.00,yes
2026-10-05T05:14:44.717177Z,KXBTC15M-26OCT050115-15,0.0090,1429.29,yes
2026-10-05T05:14:44.717177Z,KXBTC15M-26OCT050115-15,0.0080,88.01,yes
2026-10-05T05:14:44.717177Z,KXBTC15M-26OCT050115-15,0.0080,200.00,yes
2026-10-05T05:14:44.717177Z,KXBTC15M-26OCT050115-15,0.0090,17.00,yes
2026-10-05T05:14:44.732082Z,KXBTC15M-26OCT050115-15,0.0090,9.47,yes
2026-10-05T05:14:44.734182Z,KXBTC15M-26OCT050115-15,0.0080,2.00,no
2026-10-05T05:14:44.741171Z,KXBTC15M-26OCT050115-15,0.0090,13.29,yes
2026-10-05T05:14:44.754038Z,KXBTC15M-26OCT050115-15,0.0090,84.00,yes
2026-10-05T05:14:44.754038Z,KXBTC15M-26OCT050115-15,0.0090,17.00,yes
2026-10-05T05:14:44.763531Z,KXBTC15M-26OCT050115-15,0.0090,150.00,no
2026-10-05T05:14:44.763531Z,KXBTC15M-26OCT050115-15,0.0080,140.48,no
2026-10-05T05:14:44.763531Z,KXBTC15M-26OCT050115-15,0.0090,0.01,no
2026-10-05T05:14:44.763531Z,KXBTC15M-26OCT050115-15,0.0090,0.01,no
2026-10-05T05:14:44.822138Z,KXBTC15M-26OCT050115-15,0.0080,8.11,no
2026-10-05T05:14:44.822138Z,KXBTC15M-26OCT050115-15,0.0080,0.01,no
2026-10-05T05:14:44.822138Z,KXBTC15M-26OCT050115-15,0.0090,0.01,no
2026-10-05T05:14:44.822138Z,KXBTC15M-26OCT050115-15,0.0090,0.01,no
2026-10-05T05:14:44.822138Z,KXBTC15M-26OCT050115-15,0.0080,0.01,no
2026-10-05T05:14:44.865647Z,KXBTC15M-26OCT050115-15,0.0100,5.82,yes
2026-10-05T05:14:44.873833Z,KXBTC15M-26OCT050115-15,0.0090,60.00,yes
2026-10-05T05:14:44.873833Z,KXBTC15M-26OCT050115-15,0.0100,594.63,yes
2026-10-05T05:14:44.877315Z,KXBTC15M-26OCT050115-15,0.0090,0.01,yes
2026-10-05T05:14:44.877315Z,KXBTC15M-26OCT050115-15,0.0090,17.00,yes
2026-10-05T05:14:44.877315Z,KXBTC15M-26OCT050115-15,0.0090,0.01,yes
2026-10-05T05:14:44.904964Z,KXBTC15M-26OCT050115-15,0.0100,0.35,yes
2026-10-05T05:14:44.914095Z,KXBTC15M-26OCT050115-15,0.0090,5.02,no
2026-10-05T05:14:44.948499Z,KXBTC15M-26OCT050115-15,0.0100,42.00,yes
2026-10-05T05:14:45.019574Z,KXBTC15M-26OCT050115-15,0.0090,0.01,no
2026-10-05T05:14:45.019574Z,KXBTC15M-26OCT050115-15,0.0090,0.01,no
2026-10-05T05:14:45.019574Z,KXBTC15M-26OCT050115-15,0.0080,277.98,no
2026-10-05T05:14:45.048051Z,KXBTC15M-26OCT050115-15,0.0080,9.04,no
2026-10-05T05:14:45.058703Z,KXBTC15M-26OCT050115-15,0.0040,361.11,no
2026-10-05T05:14:45.058703Z,KXBTC15M-26OCT050115-15,0.0050,103.00,no
2026-10-05T05:14:45.058703Z,KXBTC15M-26OCT050115-15,0.0080,548.87,no
2026-10-05T05:14:45.058703Z,KXBTC15M-26OCT050115-15,0.0050,22.00,no
2026-10-05T05:14:45.058703Z,KXBTC15M-26OCT050115-15,0.0080,0.01,no
2026-10-05T05:14:45.058703Z,KXBTC15M-26OCT050115-15,0.0080,0.01,no
2026-10-05T05:14:45.058703Z,KXBTC15M-26OCT050115-15,0.0080,1965.00,no
2026-10-05T05:14:45.071837Z,KXBTC15M-26OCT050115-15,0.0050,0.01,no
2026-10-05T05:14:45.071837Z,KXBTC15M-26OCT050115-15,0.0050,0.01,no
2026-10-05T05:14:45.071837Z,KXBTC15M-26OCT050115-15,0.0050,22.00,no
2026-10-05T05:14:45.078914Z,KXBTC15M-26OCT050115-15,0.0100,253.53,yes
2026-10-05T05:14:45.078914Z,KXBTC15M-26OCT050115-15,0.0050,64.00,yes
2026-10-05T05:14:45.083149Z,KXBTC15M-26OCT050115-15,0.0050,0.01,yes
2026-10-05T05:14:45.083149Z,KXBTC15M-26OCT050115-15,0.0050,0.01,yes
2026-10-05T05:14:45.089893Z,KXBTC15M-26OCT050115-15,0.0050,22.02,no
2026-10-05T05:14:45.094692Z,KXBTC15M-26OCT050115-15,0.0060,133.58,yes
2026-10-05T05:14:45.104653Z,KXBTC15M-26OCT050115-15,0.0060,227.53,yes
2026-10-05T05:14:45.104653Z,KXBTC15M-26OCT050115-15,0.0060,0.01,yes
2026-10-05T05:14:45.104653Z,KXBTC15M-26OCT050115-15,0.0060,0.01,yes
2026-10-05T05:14:45.109828Z,KXBTC15M-26OCT050115-15,0.0060,77.98,no
2026-10-05T05:14:45.118437Z,KXBTC15M-26OCT050115-15,0.0080,1.00,yes
2026-10-05T05:14:45.125437Z,KXBTC15M-26OCT050115-15,0.0080,20.78,yes
2026-10-05T05:14:45.132434Z,KXBTC15M-26OCT050115-15,0.0080,18.22,yes
2026-10-05T05:14:45.132434Z,KXBTC15M-26OCT050115-15,0.0080,0.01,yes
2026-10-05T05:14:45.132434Z,KXBTC15M-26OCT050115-15,0.0080,0.01,yes
2026-10-05T05:14:45.140715Z,KXBTC15M-26OCT050115-15,0.0080,29.67,no
2026-10-05T05:14:45.200772Z,KXBTC15M-26OCT050115-15,0.0100,360.06,yes
2026-10-05T05:14:45.215368Z,KXBTC15M-26OCT050115-15,0.0040,599.94,no
2026-10-05T05:14:45.215368Z,KXBTC15M-26OCT050115-15,0.0060,0.01,no
2026-10-05T05:14:45.215368Z,KXBTC15M-26OCT050115-15,0.0050,15.00,no
2026-10-05T05:14:45.215368Z,KXBTC15M-26OCT050115-15,0.0050,22.00,no
2026-10-05T05:14:45.215368Z,KXBTC15M-26OCT050115-15,0.0060,0.01,no
2026-10-05T05:14:45.215368Z,KXBTC15M-26OCT050115-15,0.0080,0.01,no
2026-10-05T05:14:45.215368Z,KXBTC15M-26OCT050115-15,0.0080,0.01,no
2026-10-05T05:14:45.215368Z,KXBTC15M-26OCT050115-15,0.0090,0.01,no
2026-10-05T05:14:45.215368Z,KXBTC15M-26OCT050115-15,0.0090,150.00,no
2026-10-05T05:14:45.215368Z,KXBTC15M-26OCT050115-15,0.0050,2700.00,no
2026-10-05T05:14:45.215368Z,KXBTC15M-26OCT050115-15,0.0090,0.01,no
2026-10-05T05:14:45.215368Z,KXBTC15M-26OCT050115-15,0.0050,76.00,no
2026-10-05T05:14:45.215368Z,KXBTC15M-26OCT050115-15,0.0090,150.00,no
2026-10-05T05:14:45.231723Z,KXBTC15M-26OCT050115-15,0.0100,251.91,yes
2026-10-05T05:14:45.23631Z,KXBTC15M-26OCT050115-15,0.0100,46.75,yes
2026-10-05T05:14:45.242753Z,KXBTC15M-26OCT050115-15,0.0100,8.25,yes
2026-10-05T05:14:45.26528Z,KXBTC15M-26OCT050115-15,0.0090,0.01,no
2026-10-05T05:14:45.26528Z,KXBTC15M-26OCT050115-15,0.0090,0.01,no
2026-10-05T05:14:45.26528Z,KXBTC15M-26OCT050115-15,0.0090,100.00,no
2026-10-05T05:14:45.333962Z,KXBTC15M-26OCT050115-15,0.0100,866.15,yes
2026-10-05T05:14:45.333962Z,KXBTC15M-26OCT050115-15,0.0090,17.00,yes
2026-10-05T05:14:45.333962Z,KXBTC15M-26OCT050115-15,0.0080,52.00,yes
2026-10-05T05:14:45.333962Z,KXBTC15M-26OCT050115-15,0.0080,0.01,yes
2026-10-05T05:14:45.333962Z,KXBTC15M-26OCT050115-15,0.0090,0.01,yes
2026-10-05T05:14:45.333962Z,KXBTC15M-26OCT050115-15,0.0080,0.01,yes
2026-10-05T05:14:45.333962Z,KXBTC15M-26OCT050115-15,0.0090,0.01,yes
2026-10-05T05:14:45.339698Z,KXBTC15M-26OCT050115-15,0.0040,768.56,no
2026-10-05T05:14:45.339698Z,KXBTC15M-26OCT050115-15,0.0040,351.36,no
2026-10-05T05:14:45.339698Z,KXBTC15M-26OCT050115-15,0.0060,0.01,no
2026-10-05T05:14:45.339698Z,KXBTC15M-26OCT050115-15,0.0050,22.00,no
2026-10-05T05:14:45.339698Z,KXBTC15M-26OCT050115-15,0.0050,100.00,no
2026-10-05T05:14:45.339698Z,KXBTC15M-26OCT050115-15,0.0060,0.01,no
2026-10-05T05:14:45.344929Z,KXBTC15M-26OCT050115-15,0.0050,18.70,yes
2026-10-05T05:14:45.39692Z,KXBTC15M-26OCT050115-15,0.0060,18.70,yes
2026-10-05T05:14:45.407051Z,KXBTC15M-26OCT050115-15,0.0060,335.06,yes
2026-10-05T05:14:45.407051Z,KXBTC15M-26OCT050115-15,0.0060,332.66,yes
2026-10-05T05:14:45.408588Z,KXBTC15M-26OCT050115-15,0.0050,0.01,no
2026-10-05T05:14:45.408588Z,KXBTC15M-26OCT050115-15,0.0050,4.91,no
2026-10-05T05:14:45.429908Z,KXBTC15M-26OCT050115-15,0.0060,14.26,yes
2026-10-05T05:14:45.45865Z,KXBTC15M-26OCT050115-15,0.0060,1.59,yes
2026-10-05T05:14:45.486014Z,KXBTC15M-26OCT050115-15,0.0050,2.37,no
2026-10-05T05:14:45.503883Z,KXBTC15M-26OCT050115-15,0.0060,21.84,yes
2026-10-05T05:14:45.522526Z,KXBTC15M-26OCT050115-15,0.0050,19.74,no
2026-10-05T05:14:45.522934Z,KXBTC15M-26OCT050115-15,0.0060,27.38,yes
2026-10-05T05:14:45.523014Z,KXBTC15M-26OCT050115-15,0.0100,406.74,yes
2026-10-05T05:14:45.523014Z,KXBTC15M-26OCT050115-15,0.0070,105.00,yes
2026-10-05T05:14:45.523014Z,KXBTC15M-26OCT050115-15,0.0090,17.00,yes
2026-10-05T05:14:45.523014Z,KXBTC15M-26OCT050115-15,0.0060,0.01,yes
2026-10-05T05:14:45.523014Z,KXBTC15M-26OCT050115-15,0.0060,368.43,yes
2026-10-05T05:14:45.523014Z,KXBTC15M-26OCT050115-15,0.0080,38.00,yes
2026-10-05T05:14:45.523014Z,KXBTC15M-26OCT050115-15,0.0060,0.01,yes
2026-10-05T05:14:45.558153Z,KXBTC15M-26OCT050115-15,0.0100,935.19,yes
2026-10-05T05:14:45.60637Z,KXBTC15M-26OCT050115-15,0.0060,2.03,no
2026-10-05T05:14:45.635521Z,KXBTC15M-26OCT050115-15,0.0100,2.09,yes
2026-10-05T05:14:45.635761Z,KXBTC15M-26OCT050115-15,0.0040,42.95,no
2026-10-05T05:14:45.635761Z,KXBTC15M-26OCT050115-15,0.0050,0.01,no
2026-10-05T05:14:45.635761Z,KXBTC15M-26OCT050115-15,0.0050,62.00,no
2026-10-05T05:14:45.635761Z,KXBTC15M-26OCT050115-15,0.0060,150.00,no
2026-10-05T05:14:45.635761Z,KXBTC15M-26OCT050115-15,0.0050,0.01,no
2026-10-05T05:14:45.635761Z,KXBTC15M-26OCT050115-15,0.0060,147.97,no
2026-10-05T05:14:45.635761Z,KXBTC15M-26OCT050115-15,0.0060,1.00,no
2026-10-05T05:14:45.635761Z,KXBTC15M-26OCT050115-15,0.0060,0.01,no
2026-10-05T05:14:45.635761Z,KXBTC15M-26OCT050115-15,0.0060,0.01,no
2026-10-05T05:14:45.725596Z,KXBTC15M-26OCT050115-15,0.0050,0.01,no
2026-10-05T05:14:45.725596Z,KXBTC15M-26OCT050115-15,0.0050,3.63,no
2026-10-05T05:14:45.725596Z,KXBTC15M-26OCT050115-15,0.0050,22.00,no
2026-10-05T05:14:45.725596Z,KXBTC15M-26OCT050115-15,0.0050,0.01,no
2026-10-05T05:14:45.779135Z,KXBTC15M-26OCT050115-15,0.0060,9.35,yes
2026-10-05T05:14:45.796375Z,KXBTC15M-26OCT050115-15,0.0050,5.67,no
2026-10-05T05:14:45.810863Z,KXBTC15M-26OCT050115-15,0.0040,53.14,no
2026-10-05T05:14:45.810863Z,KXBTC15M-26OCT050115-15,0.0050,0.01,no
2026-10-05T05:14:45.810863Z,KXBTC15M-26OCT050115-15,0.0050,22.00,no
2026-10-05T05:14:45.810863Z,KXBTC15M-26OCT050115-15,0.0050,0.01,no
2026-10-05T05:14:45.810863Z,KXBTC15M-26OCT050115-15,0.0050,190.70,no
2026-10-05T05:14:45.834355Z,KXBTC15M-26OCT050115-15,0.0050,231.07,no
2026-10-05T05:14:45.85065Z,KXBTC15M-26OCT050115-15,0.0060,33.60,yes
2026-10-05T05:14:45.85065Z,KXBTC15M-26OCT050115-15,0.0060,0.01,yes
2026-10-05T05:14:45.85065Z,KXBTC15M-26OCT050115-15,0.0070,120.58,yes
2026-10-05T05:14:45.85065Z,KXBTC15M-26OCT050115-15,0.0060,0.01,yes
2026-10-05T05:14:45.862848Z,KXBTC15M-26OCT050115-15,0.0040,78.01,no
2026-10-05T05:14:45.862848Z,KXBTC15M-26OCT050115-15,0.0050,55.04,no
2026-10-05T05:14:45.862848Z,KXBTC15M-26OCT050115-15,0.0050,0.01,no
2026-10-05T05:14:45.862848Z,KXBTC15M-26OCT050115-15,0.0050,22.00,no
2026-10-05T05:14:45.862848Z,KXBTC15M-26OCT050115-15,0.0050,0.01,no
2026-10-05T05:14:45.867461Z,KXBTC15M-26OCT050115-15,0.0050,150.00,yes
2026-10-05T05:14:45.867461Z,KXBTC15M-26OCT050115-15,0.0050,37.03,yes
2026-10-05T05:14:45.870649Z,KXBTC15M-26OCT050115-15,0.0050,31.12,yes
2026-10-05T05:14:45.870649Z,KXBTC15M-26OCT050115-15,0.0050,150.00,yes
2026-10-05T05:14:45.870649Z,KXBTC15M-26OCT050115-15,0.0050,112.97,yes
2026-10-05T05:14:45.874478Z,KXBTC15M-26OCT050115-15,0.0040,33.00,no
2026-10-05T05:14:45.878227Z,KXBTC15M-26OCT050115-15,0.0040,67.06,no
2026-10-05T05:14:45.906826Z,KXBTC15M-26OCT050115-15,0.0060,53.14,yes
2026-10-05T05:14:45.906826Z,KXBTC15M-26OCT050115-15,0.0060,0.01,yes
2026-10-05T05:14:45.906826Z,KXBTC15M-26OCT050115-15,0.0050,0.01,yes
2026-10-05T05:14:45.906826Z,KXBTC15M-26OCT050115-15,0.0070,55.84,yes
2026-10-05T05:14:45.906826Z,KXBTC15M-26OCT050115-15,0.0050,0.01,yes
2026-10-05T05:14:45.906826Z,KXBTC15M-26OCT050115-15,0.0050,78.01,yes
2026-10-05T05:14:45.906826Z,KXBTC15M-26OCT050115-15,0.0060,0.01,yes
2026-10-05T05:14:45.912794Z,KXBTC15M-26OCT050115-15,0.0070,10.47,yes
2026-10-05T05:14:45.919653Z,KXBTC15M-26OCT050115-15,0.0070,0.01,yes
2026-10-05T05:14:45.919653Z,KXBTC15M-26OCT050115-15,0.0070,0.01,yes
2026-10-05T05:14:45.919653Z,KXBTC15M-26OCT050115-15,0.0070,575.43,yes
2026-10-05T05:14:45.919653Z,KXBTC15M-26OCT050115-15,0.0070,526.69,yes
2026-10-05T05:14:45.940594Z,KXBTC15M-26OCT050115-15,0.0060,1.08,yes
2026-10-05T05:14:45.959885Z,KXBTC15M-26OCT050115-15,0.0050,24.32,no
2026-10-05T05:14:45.972171Z,KXBTC15M-26OCT050115-15,0.0060,0.01,yes
2026-10-05T05:14:45.972171Z,KXBTC15M-26OCT050115-15,0.0060,0.01,yes
2026-10-05T05:14:45.972171Z,KXBTC15M-26OCT050115-15,0.0070,401.59,yes
2026-10-05T05:14:45.972171Z,KXBTC15M-26OCT050115-15,0.0060,65.98,yes
2026-10-05T05:14:45.97814Z,KXBTC15M-26OCT050115-15,0.0070,93.50,yes
2026-10-05T05:14:45.97814Z,KXBTC15M-26OCT050115-15,0.0060,0.01,yes
2026-10-05T05:14:46.006901Z,KXBTC15M-26OCT050115-15,0.0060,33.00,yes
2026-10-05T05:14:46.006901Z,KXBTC15M-26OCT050115-15,0.0060,0.01,yes
2026-10-05T05:14:46.006901Z,KXBTC15M-26OCT050115-15,0.0060,0.01,yes
2026-10-05T05:14:46.006901Z,KXBTC15M-26OCT050115-15,0.0070,8.41,yes
2026-10-05T05:14:46.027658Z,KXBTC15M-26OCT050115-15,0.0050,125.68,no
2026-10-05T05:14:46.027658Z,KXBTC15M-26OCT050115-15,0.0050,74.32,no
2026-10-05T05:14:46.03167Z,KXBTC15M-26OCT050115-15,0.0070,23.37,yes
2026-10-05T05:14:46.064173Z,KXBTC15M-26OCT050115-15,0.0070,22.08,yes
2026-10-05T05:14:46.075917Z,KXBTC15M-26OCT050115-15,0.0070,23.37,yes
2026-10-05T05:14:46.08394Z,KXBTC15M-26OCT050115-15,0.0060,224.28,yes
2026-10-05T05:14:46.085819Z,KXBTC15M-26OCT050115-15,0.0060,51.91,yes
2026-10-05T05:14:46.099308Z,KXBTC15M-26OCT050115-15,0.0050,40.00,no
2026-10-05T05:14:46.099308Z,KXBTC15M-26OCT050115-15,0.0050,22.00,no
2026-10-05T05:14:46.099308Z,KXBTC15M-26OCT050115-15,0.0050,0.01,no
2026-10-05T05:14:46.099308Z,KXBTC15M-26OCT050115-15,0.0050,0.01,no
2026-10-05T05:14:46.103248Z,KXBTC15M-26OCT050115-15,0.0040,100.37,no
2026-10-05T05:14:46.103444Z,KXBTC15M-26OCT050115-15,0.0050,8.93,yes
2026-10-05T05:14:46.103444Z,KXBTC15M-26OCT050115-15,0.0050,150.00,yes
2026-10-05T05:14:46.156582Z,KXBTC15M-26OCT050115-15,0.0050,15.58,yes
2026-10-05T05:14:46.169343Z,KXBTC15M-26OCT050115-15,0.0040,1.00,no
2026-10-05T05:14:46.185482Z,KXBTC15M-26OCT050115-15,0.0050,15.58,yes
2026-10-05T05:14:46.196615Z,KXBTC15M-26OCT050115-15,0.0040,14.00,no
2026-10-05T05:14:46.221421Z,KXBTC15M-26OCT050115-15,0.0050,150.00,yes
2026-10-05T05:14:46.221421Z,KXBTC15M-26OCT050115-15,0.0050,150.00,yes
2026-10-05T05:14:46.221421Z,KXBTC15M-26OCT050115-15,0.0050,0.01,yes
2026-10-05T05:14:46.221421Z,KXBTC15M-26OCT050115-15,0.0050,109.91,yes
2026-10-05T05:14:46.221421Z,KXBTC15M-26OCT050115-15,0.0050,0.01,yes
2026-10-05T05:14:46.221421Z,KXBTC15M-26OCT050115-15,0.0050,11.80,yes
2026-10-05T05:14:46.221421Z,KXBTC15M-26OCT050115-15,0.0050,100.37,yes
2026-10-05T05:14:46.221421Z,KXBTC15M-26OCT050115-15,0.0050,150.00,yes
2026-10-05T05:14:46.222255Z,KXBTC15M-26OCT050115-15,0.0040,40.00,no
2026-10-05T05:14:46.226172Z,KXBTC15M-26OCT050115-15,0.0050,9.35,yes
2026-10-05T05:14:46.253754Z,KXBTC15M-26OCT050115-15,0.0050,20.45,yes
2026-10-05T05:14:46.270802Z,KXBTC15M-26OCT050115-15,0.0050,19.00,yes
2026-10-05T05:14:46.276807Z,KXBTC15M-26OCT050115-15,0.0050,187.03,yes
2026-10-05T05:14:46.279403Z,KXBTC15M-26OCT050115-15,0.0050,137.81,yes
2026-10-05T05:14:46.285634Z,KXBTC15M-26OCT050115-15,0.0050,2.73,yes
2026-10-05T05:14:46.286714Z,KXBTC15M-26OCT050115-15,0.0050,116.61,yes
2026-10-05T05:14:46.33805Z,KXBTC15M-26OCT050115-15,0.0040,11.00,no
2026-10-05T05:14:46.360543Z,KXBTC15M-26OCT050115-15,0.0050,18.95,yes
2026-10-05T05:14:46.368818Z,KXBTC15M-26OCT050115-15,0.0050,6.48,yes
2026-10-05T05:14:46.399812Z,KXBTC15M-26OCT050115-15,0.0040,35.41,no
2026-10-05T05:14:46.404569Z,KXBTC15M-26OCT050115-15,0.0050,578.29,yes
2026-10-05T05:14:46.404569Z,KXBTC15M-26OCT050115-15,0.0050,14.00,yes
2026-10-05T05:14:46.404569Z,KXBTC15M-26OCT050115-15,0.0050,0.01,yes
2026-10-05T05:14:46.404569Z,KXBTC15M-26OCT050115-15,0.0050,78.79,yes
2026-10-05T05:14:46.404569Z,KXBTC15M-26OCT050115-15,0.0050,0.01,yes
2026-10-05T05:14:46.404569Z,KXBTC15M-26OCT050115-15,0.0050,1.00,yes
2026-10-05T05:14:46.413596Z,KXBTC15M-26OCT050115-15,0.0050,155.83,yes
2026-10-05T05:14:46.41526Z,KXBTC15M-26OCT050115-15,0.0050,9.47,yes
2026-10-05T05:14:46.418691Z,KXBTC15M-26OCT050115-15,0.0040,51.76,no
2026-10-05T05:14:46.451763Z,KXBTC15M-26OCT050115-15,0.0050,219.36,yes
2026-10-05T05:14:46.464094Z,KXBTC15M-26OCT050115-15,0.0050,66.39,yes
2026-10-05T05:14:46.469026Z,KXBTC15M-26OCT050115-15,0.0050,916.19,yes
2026-10-05T05:14:46.470614Z,KXBTC15M-26OCT050115-15,0.0050,39.60,yes
2026-10-05T05:14:46.489682Z,KXBTC15M-26OCT050115-15,0.0050,35.41,yes
2026-10-05T05:14:46.489682Z,KXBTC15M-26OCT050115-15,0.0050,814.87,yes
2026-10-05T05:14:46.489682Z,KXBTC15M-26OCT050115-15,0.0050,0.01,yes
2026-10-05T05:14:46.489682Z,KXBTC15M-26OCT050115-15,0.0050,10.00,yes
2026-10-05T05:14:46.489682Z,KXBTC15M-26OCT050115-15,0.0050,0.01,yes
2026-10-05T05:14:46.489682Z,KXBTC15M-26OCT050115-15,0.0050,51.76,yes
2026-10-05T05:14:46.489682Z,KXBTC15M-26OCT050115-15,0.0050,40.00,yes
2026-10-05T05:14:46.489682Z,KXBTC15M-26OCT050115-15,0.0060,234.94,yes
2026-10-05T05:14:46.489682Z,KXBTC15M-26OCT050115-15,0.0050,2802.00,yes
2026-10-05T05:14:46.489682Z,KXBTC15M-26OCT050115-15,0.0050,11.00,yes
2026-10-05T05:14:46.524834Z,KXBTC15M-26OCT050115-15,0.0040,795.00,no
2026-10-05T05:14:46.561937Z,KXBTC15M-26OCT050115-15,0.0050,186.97,yes
2026-10-05T05:14:46.571197Z,KXBTC15M-26OCT050115-15,0.0050,141.88,yes
2026-10-05T05:14:46.580707Z,KXBTC15M-26OCT050115-15,0.0030,401.08,no
2026-10-05T05:14:46.580707Z,KXBTC15M-26OCT050115-15,0.0040,125.94,no
2026-10-05T05:14:46.580707Z,KXBTC15M-26OCT050115-15,0.0040,1800.00,no
2026-10-05T05:14:46.580707Z,KXBTC15M-26OCT050115-15,0.0040,13.00,no
2026-10-05T05:14:46.580707Z,KXBTC15M-26OCT050115-15,0.0040,512.00,no
2026-10-05T05:14:46.580707Z,KXBTC15M-26OCT050115-15,0.0040,120.00,no
2026-10-05T05:14:46.580707Z,KXBTC15M-26OCT050115-15,0.0040,1.00,no
2026-10-05T05:14:46.580707Z,KXBTC15M-26OCT050115-15,0.0040,1.00,no
2026-10-05T05:14:46.580707Z,KXBTC15M-26OCT050115-15,0.0040,1.00,no
2026-10-05T05:14:46.580707Z,KXBTC15M-26OCT050115-15,0.0040,1.00,no
2026-10-05T05:14:46.580707Z,KXBTC15M-26OCT050115-15,0.0040,1.00,no
2026-10-05T05:14:46.580707Z,KXBTC15M-26OCT050115-15,0.0040,20.00,no
2026-10-05T05:14:46.580707Z,KXBTC15M-26OCT050115-15,0.0040,0.01,no
2026-10-05T05:14:46.580707Z,KXBTC15M-26OCT050115-15,0.0040,0.01,no
2026-10-05T05:14:46.580707Z,KXBTC15M-26OCT050115-15,0.0040,101.00,no
2026-10-05T05:14:46.591083Z,KXBTC15M-26OCT050115-15,0.0040,0.01,no
2026-10-05T05:14:46.591083Z,KXBTC15M-26OCT050115-15,0.0040,0.01,no
2026-10-05T05:14:46.591083Z,KXBTC15M-26OCT050115-15,0.0040,20.00,no
2026-10-05T05:14:46.609361Z,KXBTC15M-26OCT050115-15,0.0040,370.98,yes
2026-10-05T05:14:46.609361Z,KXBTC15M-26OCT050115-15,0.0040,0.01,yes
2026-10-05T05:14:46.609361Z,KXBTC15M-26OCT050115-15,0.0040,0.01,yes
2026-10-05T05:14:46.609361Z,KXBTC15M-26OCT050115-15,0.0050,2.95,yes
2026-10-05T05:14:46.620702Z,KXBTC15M-26OCT050115-15,0.0050,66.79,yes
2026-10-05T05:14:46.657112Z,KXBTC15M-26OCT050115-15,0.0030,6.87,no
2026-10-05T05:14:46.698564Z,KXBTC15M-26OCT050115-15,0.0030,100.37,no
2026-10-05T05:14:46.706829Z,KXBTC15M-26OCT050115-15,0.0040,0.01,yes
2026-10-05T05:14:46.706829Z,KXBTC15M-26OCT050115-15,0.0040,7.00,yes
2026-10-05T05:14:46.706829Z,KXBTC15M-26OCT050115-15,0.0050,179.96,yes
2026-10-05T05:14:46.708738Z,KXBTC15M-26OCT050115-15,0.0050,186.97,yes
2026-10-05T05:14:46.718927Z,KXBTC15M-26OCT050115-15,0.0040,73.99,yes
2026-10-05T05:14:46.720175Z,KXBTC15M-26OCT050115-15,0.0040,9.00,yes
2026-10-05T05:14:46.738475Z,KXBTC15M-26OCT050115-15,0.0050,20.47,yes
2026-10-05T05:14:46.738475Z,KXBTC15M-26OCT050115-15,0.0050,120.00,yes
2026-10-05T05:14:46.738475Z,KXBTC15M-26OCT050115-15,0.0040,17.01,yes
2026-10-05T05:14:46.738475Z,KXBTC15M-26OCT050115-15,0.0050,29.48,yes
2026-10-05T05:14:46.738475Z,KXBTC15M-26OCT050115-15,0.0050,0.01,yes
2026-10-05T05:14:46.739079Z,KXBTC15M-26OCT050115-15,0.0030,18.28,no
2026-10-05T05:14:46.745598Z,KXBTC15M-26OCT050115-15,0.0030,43.31,no
2026-10-05T05:14:46.750025Z,KXBTC15M-26OCT050115-15,0.0040,18.00,yes
2026-10-05T05:14:46.750025Z,KXBTC15M-26OCT050115-15,0.0050,60.59,yes
2026-10-05T05:14:46.750837Z,KXBTC15M-26OCT050115-15,0.0050,143.97,yes
2026-10-05T05:14:46.797804Z,KXBTC15M-26OCT050115-15,0.0030,25.80,no
2026-10-05T05:14:46.822269Z,KXBTC15M-26OCT050115-15,0.0040,12.38,yes
2026-10-05T05:14:46.847087Z,KXBTC15M-26OCT050115-15,0.0030,11.34,no
2026-10-05T05:14:46.855675Z,KXBTC15M-26OCT050115-15,0.0040,26.00,yes
2026-10-05T05:14:46.855675Z,KXBTC15M-26OCT050115-15,0.0040,30.62,yes
2026-10-05T05:14:46.855675Z,KXBTC15M-26OCT050115-15,0.0050,36.87,yes
2026-10-05T05:14:46.868927Z,KXBTC15M-26OCT050115-15,0.0040,3.11,yes
2026-10-05T05:14:46.875124Z,KXBTC15M-26OCT050115-15,0.0030,1.00,no
2026-10-05T05:14:46.886827Z,KXBTC15M-26OCT050115-15,0.0040,0.01,yes
2026-10-05T05:14:46.886827Z,KXBTC15M-26OCT050115-15,0.0040,59.09,yes
2026-10-05T05:14:46.886827Z,KXBTC15M-26OCT050115-15,0.0040,7.89,yes
2026-10-05T05:14:46.88977Z,KXBTC15M-26OCT050115-15,0.0040,12.52,yes
2026-10-05T05:14:46.910152Z,KXBTC15M-26OCT050115-15,0.0030,42.29,no
2026-10-05T05:14:46.931293Z,KXBTC15M-26OCT050115-15,0.0030,36.00,no
2026-10-05T05:14:46.934039Z,KXBTC15M-26OCT050115-15,0.0040,97.23,yes
2026-10-05T05:14:46.94016Z,KXBTC15M-26OCT050115-15,0.0030,708.66,no
2026-10-05T05:14:46.94016Z,KXBTC15M-26OCT050115-15,0.0030,1065.94,no
2026-10-05T05:14:46.95415Z,KXBTC15M-26OCT050115-15,0.0030,1.00,no
2026-10-05T05:14:46.954712Z,KXBTC15M-26OCT050115-15,0.0030,328.01,no
2026-10-05T05:14:46.969043Z,KXBTC15M-26OCT050115-15,0.0040,186.97,yes
2026-10-05T05:14:46.984194Z,KXBTC15M-26OCT050115-15,0.0040,18.69,yes
2026-10-05T05:14:46.988253Z,KXBTC15M-26OCT050115-15,0.0030,5.01,no
2026-10-05T05:14:47.064965Z,KXBTC15M-26OCT050115-15,0.0040,170.31,yes
2026-10-05T05:14:47.071912Z,KXBTC15M-26OCT050115-15,0.0040,99.09,yes
2026-10-05T05:14:47.108152Z,KXBTC15M-26OCT050115-15,0.0040,41.25,yes
2026-10-05T05:14:47.21236Z,KXBTC15M-26OCT050115-15,0.0040,327.00,yes
2026-10-05T05:14:47.221141Z,KXBTC15M-26OCT050115-15,0.0040,43.00,yes
2026-10-05T05:14:47.221141Z,KXBTC15M-26OCT050115-15,0.0040,2668.85,yes
2026-10-05T05:14:47.221141Z,KXBTC15M-26OCT050115-15,0.0040,56.80,yes
2026-10-05T05:14:47.221141Z,KXBTC15M-26OCT050115-15,0.0040,36.00,yes
2026-10-05T05:14:47.230994Z,KXBTC15M-26OCT050115-15,0.0030,2.41,no
2026-10-05T05:14:47.233229Z,KXBTC15M-26OCT050115-15,0.0040,50.51,yes
2026-10-05T05:14:47.240268Z,KXBTC15M-26OCT050115-15,0.0040,7.48,yes
2026-10-05T05:14:47.246687Z,KXBTC15M-26OCT050115-15,0.0040,147.75,yes
2026-10-05T05:14:47.329708Z,KXBTC15M-26OCT050115-15,0.0040,2.55,yes
2026-10-05T05:14:47.33825Z,KXBTC15M-26OCT050115-15,0.0030,120.00,no
2026-10-05T05:14:47.33825Z,KXBTC15M-26OCT050115-15,0.0030,1800.00,no
2026-10-05T05:14:47.33825Z,KXBTC15M-26OCT050115-15,0.0030,397.63,no
2026-10-05T05:14:47.33825Z,KXBTC15M-26OCT050115-15,0.0030,1800.00,no
2026-10-05T05:14:47.33825Z,KXBTC15M-26OCT050115-15,0.0030,18.00,no
2026-10-05T05:14:47.33825Z,KXBTC15M-26OCT050115-15,0.0030,2.00,no
2026-10-05T05:14:47.33825Z,KXBTC15M-26OCT050115-15,0.0030,2.00,no
2026-10-05T05:14:47.33825Z,KXBTC15M-26OCT050115-15,0.0030,2.00,no
2026-10-05T05:14:47.33825Z,KXBTC15M-26OCT050115-15,0.0030,2.00,no
2026-10-05T05:14:47.33825Z,KXBTC15M-26OCT050115-15,0.0030,2.00,no
2026-10-05T05:14:47.33825Z,KXBTC15M-26OCT050115-15,0.0030,25.00,no
2026-10-05T05:14:47.33825Z,KXBTC15M-26OCT050115-15,0.0030,0.01,no
2026-10-05T05:14:47.33825Z,KXBTC15M-26OCT050115-15,0.0030,0.01,no
2026-10-05T05:14:47.33825Z,KXBTC15M-26OCT050115-15,0.0030,98.00,no
2026-10-05T05:14:47.33825Z,KXBTC15M-26OCT050115-15,0.0030,2250.00,no
2026-10-05T05:14:47.33825Z,KXBTC15M-26OCT050115-15,0.0030,1047.00,no
2026-10-05T05:14:47.33825Z,KXBTC15M-26OCT050115-15,0.0030,2500.00,no
2026-10-05T05:14:47.33825Z,KXBTC15M-26OCT050115-15,0.0030,166.00,no
2026-10-05T05:14:47.341047Z,KXBTC15M-26OCT050115-15,0.0030,4.67,yes
2026-10-05T05:14:47.363296Z,KXBTC15M-26OCT050115-15,0.0030,21.25,yes
2026-10-05T05:14:47.400716Z,KXBTC15M-26OCT050115-15,0.0030,60.29,yes
2026-10-05T05:14:47.427805Z,KXBTC15M-26OCT050115-15,0.0030,0.52,yes
2026-10-05T05:14:47.443716Z,KXBTC15M-26OCT050115-15,0.0030,857.00,yes
2026-10-05T05:14:47.470366Z,KXBTC15M-26OCT050115-15,0.0020,17.83,no
2026-10-05T05:14:47.47191Z,KXBTC15M-26OCT050115-15,0.0030,23.37,yes
2026-10-05T05:14:47.488425Z,KXBTC15M-26OCT050115-15,0.0030,16.86,yes
2026-10-05T05:14:47.520195Z,KXBTC15M-26OCT050115-15,0.0030,1168.54,yes
2026-10-05T05:14:47.540646Z,KXBTC15M-26OCT050115-15,0.0030,15.47,yes
2026-10-05T05:14:47.59975Z,KXBTC15M-26OCT050115-15,0.0030,2.52,yes
2026-10-05T05:14:47.606247Z,KXBTC15M-26OCT050115-15,0.0030,0.01,yes
2026-10-05T05:14:47.606247Z,KXBTC15M-26OCT050115-15,0.0030,0.01,yes
2026-10-05T05:14:47.606247Z,KXBTC15M-26OCT050115-15,0.0030,99.86,yes
2026-10-05T05:14:47.606247Z,KXBTC15M-26OCT050115-15,0.0030,205.47,yes
2026-10-05T05:14:47.615763Z,KXBTC15M-26OCT050115-15,0.0030,30.53,yes
2026-10-05T05:14:47.649864Z,KXBTC15M-26OCT050115-15,0.0030,26.80,yes
2026-10-05T05:14:47.65466Z,KXBTC15M-26OCT050115-15,0.0030,2.72,yes
2026-10-05T05:14:47.658285Z,KXBTC15M-26OCT050115-15,0.0030,238.11,yes
2026-10-05T05:14:47.660567Z,KXBTC15M-26OCT050115-15,0.0020,26.08,no
2026-10-05T05:14:47.703803Z,KXBTC15M-26OCT050115-15,0.0030,1.00,yes
2026-10-05T05:14:47.705305Z,KXBTC15M-26OCT050115-15,0.0030,0.10,yes
2026-10-05T05:14:47.716343Z,KXBTC15M-26OCT050115-15,0.0020,2758.54,no
2026-10-05T05:14:47.739061Z,KXBTC15M-26OCT050115-15,0.0030,123.57,yes
2026-10-05T05:14:47.753051Z,KXBTC15M-26OCT050115-15,0.0030,19.53,yes
2026-10-05T05:14:47.756026Z,KXBTC15M-26OCT050115-15,0.0030,29.19,yes
2026-10-05T05:14:47.759626Z,KXBTC15M-26OCT050115-15,0.0030,8.00,yes
2026-10-05T05:14:47.759626Z,KXBTC15M-26OCT050115-15,0.0030,26.00,yes
2026-10-05T05:14:47.759626Z,KXBTC15M-26OCT050115-15,0.0030,189.98,yes
2026-10-05T05:14:47.759626Z,KXBTC15M-26OCT050115-15,0.0030,71.37,yes
2026-10-05T05:14:47.759626Z,KXBTC15M-26OCT050115-15,0.0030,10.00,yes
2026-10-05T05:14:47.76325Z,KXBTC15M-26OCT050115-15,0.0020,19.79,no
2026-10-05T05:14:47.783146Z,KXBTC15M-26OCT050115-15,0.0020,4.18,no
2026-10-05T05:14:47.804178Z,KXBTC15M-26OCT050115-15,0.0030,6.45,yes
2026-10-05T05:14:47.826868Z,KXBTC15M-26OCT050115-15,0.0020,55.10,no
2026-10-05T05:14:47.827023Z,KXBTC15M-26OCT050115-15,0.0020,1.62,no
2026-10-05T05:14:47.854095Z,KXBTC15M-26OCT050115-15,0.0020,65.12,no
2026-10-05T05:14:47.861852Z,KXBTC15M-26OCT050115-15,0.0030,305.35,yes
2026-10-05T05:14:47.890814Z,KXBTC15M-26OCT050115-15,0.0030,21.39,yes
2026-10-05T05:14:47.897784Z,KXBTC15M-26OCT050115-15,0.0030,19.95,yes
2026-10-05T05:14:47.901669Z,KXBTC15M-26OCT050115-15,0.0030,302.26,yes
2026-10-05T05:14:47.928164Z,KXBTC15M-26OCT050115-15,0.0030,305.35,yes
2026-10-05T05:14:47.947528Z,KXBTC15M-26OCT050115-15,0.0020,13.82,no
2026-10-05T05:14:47.94979Z,KXBTC15M-26OCT050115-15,0.0030,59.22,yes
2026-10-05T05:14:47.970564Z,KXBTC15M-26OCT050115-15,0.0030,30.53,yes
2026-10-05T05:14:47.993102Z,KXBTC15M-26OCT050115-15,0.0030,305.35,yes
2026-10-05T05:14:48.015698Z,KXBTC15M-26OCT050115-15,0.0030,155.79,yes
2026-10-05T05:14:48.024335Z,KXBTC15M-26OCT050115-15,0.0020,1222.00,no
2026-10-05T05:14:48.029221Z,KXBTC15M-26OCT050115-15,0.0030,37.39,yes
2026-10-05T05:14:48.033096Z,KXBTC15M-26OCT050115-15,0.0030,166.00,yes
2026-10-05T05:14:48.050594Z,KXBTC15M-26OCT050115-15,0.0030,305.35,yes
2026-10-05T05:14:48.083989Z,KXBTC15M-26OCT050115-15,0.0020,263.42,no
2026-10-05T05:14:48.187448Z,KXBTC15M-26OCT050115-15,0.0030,98.52,yes
2026-10-05T05:14:48.188419Z,KXBTC15M-26OCT050115-15,0.0030,25.12,yes
2026-10-05T05:14:48.194754Z,KXBTC15M-26OCT050115-15,0.0030,10.26,yes
2026-10-05T05:14:48.207143Z,KXBTC15M-26OCT050115-15,0.0030,533.35,yes
2026-10-05T05:14:48.207143Z,KXBTC15M-26OCT050115-15,0.0030,20.00,yes
2026-10-05T05:14:48.207143Z,KXBTC15M-26OCT050115-15,0.0030,4.00,yes
2026-10-05T05:14:48.207143Z,KXBTC15M-26OCT050115-15,0.0030,53.37,yes
2026-10-05T05:14:48.209459Z,KXBTC15M-26OCT050115-15,0.0030,222.72,yes
2026-10-05T05:14:48.209459Z,KXBTC15M-26OCT050115-15,0.0030,14.00,yes
2026-10-05T05:14:48.209459Z,KXBTC15M-26OCT050115-15,0.0030,65.00,yes
2026-10-05T05:14:48.209459Z,KXBTC15M-26OCT050115-15,0.0030,3.63,yes
2026-10-05T05:14:48.218345Z,KXBTC15M-26OCT050115-15,0.0030,222.91,yes
2026-10-05T05:14:48.250103Z,KXBTC15M-26OCT050115-15,0.0030,25.22,yes
2026-10-05T05:14:48.25269Z,KXBTC15M-26OCT050115-15,0.0030,50.00,yes
2026-10-05T05:14:48.255017Z,KXBTC15M-26OCT050115-15,0.0030,305.35,yes
2026-10-05T05:14:48.261724Z,KXBTC15M-26OCT050115-15,0.0030,30.53,yes
2026-10-05T05:14:48.267215Z,KXBTC15M-26OCT050115-15,0.0030,30.03,yes
2026-10-05T05:14:48.288624Z,KXBTC15M-26OCT050115-15,0.0030,29.29,yes
2026-10-05T05:14:48.320376Z,KXBTC15M-26OCT050115-15,0.0030,72.93,yes
2026-10-05T05:14:48.328235Z,KXBTC15M-26OCT050115-15,0.0030,9.17,yes
2026-10-05T05:14:48.34103Z,KXBTC15M-26OCT050115-15,0.0030,81.50,yes
2026-10-05T05:14:48.34103Z,KXBTC15M-26OCT050115-15,0.0030,223.85,yes
2026-10-05T05:14:48.345054Z,KXBTC15M-26OCT050115-15,0.0020,40.07,no
2026-10-05T05:14:48.345559Z,KXBTC15M-26OCT050115-15,0.0020,10.02,no
2026-10-05T05:14:48.362249Z,KXBTC15M-26OCT050115-15,0.0030,185.24,yes
2026-10-05T05:14:48.362249Z,KXBTC15M-26OCT050115-15,0.0030,173.09,yes
2026-10-05T05:14:48.36692Z,KXBTC15M-26OCT050115-15,0.0020,3502.41,no
2026-10-05T05:14:48.36692Z,KXBTC15M-26OCT050115-15,0.0020,506.90,no
2026-10-05T05:14:48.36692Z,KXBTC15M-26OCT050115-15,0.0020,1000.00,no
2026-10-05T05:14:48.376937Z,KXBTC15M-26OCT050115-15,0.0030,77.89,yes
2026-10-05T05:14:48.420073Z,KXBTC15M-26OCT050115-15,0.0020,32.67,no
2026-10-05T05:14:48.450686Z,KXBTC15M-26OCT050115-15,0.0030,226.10,yes
2026-10-05T05:14:48.450686Z,KXBTC15M-26OCT050115-15,0.0030,12.02,yes
2026-10-05T05:14:48.450686Z,KXBTC15M-26OCT050115-15,0.0030,10.00,yes
2026-10-05T05:14:48.450686Z,KXBTC15M-26OCT050115-15,0.0030,10.00,yes
2026-10-05T05:14:48.450686Z,KXBTC15M-26OCT050115-15,0.0030,40.00,yes
2026-10-05T05:14:48.455384Z,KXBTC15M-26OCT050115-15,0.0030,1495.64,yes
2026-10-05T05:14:48.485095Z,KXBTC15M-26OCT050115-15,0.0030,171.00,yes
2026-10-05T05:14:48.500411Z,KXBTC15M-26OCT050115-15,0.0030,7.88,yes
2026-10-05T05:14:48.506644Z,KXBTC15M-26OCT050115-15,0.0030,311.59,yes
2026-10-05T05:14:48.527715Z,KXBTC15M-26OCT050115-15,0.0030,934.76,yes
2026-10-05T05:14:48.532049Z,KXBTC15M-26OCT050115-15,0.0030,0.16,yes
2026-10-05T05:14:48.532049Z,KXBTC15M-26OCT050115-15,0.0030,355.03,yes
2026-10-05T05:14:48.610287Z,KXBTC15M-26OCT050115-15,0.0030,305.35,yes
2026-10-05T05:14:48.637096Z,KXBTC15M-26OCT050115-15,0.0030,233.46,yes
2026-10-05T05:14:48.637096Z,KXBTC15M-26OCT050115-15,0.0030,201.39,yes
2026-10-05T05:14:48.648449Z,KXBTC15M-26OCT050115-15,0.0030,30.53,yes
2026-10-05T05:14:48.659209Z,KXBTC15M-26OCT050115-15,0.0030,32.67,yes
2026-10-05T05:14:48.659209Z,KXBTC15M-26OCT050115-15,0.0030,736.01,yes
2026-10-05T05:14:48.659209Z,KXBTC15M-26OCT050115-15,0.0030,226.68,yes
2026-10-05T05:14:48.659209Z,KXBTC15M-26OCT050115-15,0.0030,316.83,yes
2026-10-05T05:14:48.676668Z,KXBTC15M-26OCT050115-15,0.0020,1.57,no
2026-10-05T05:14:48.733193Z,KXBTC15M-26OCT050115-15,0.0020,21.36,no
2026-10-05T05:14:48.771921Z,KXBTC15M-26OCT050115-15,0.0020,46.01,no
2026-10-05T05:14:48.816597Z,KXBTC15M-26OCT050115-15,0.0030,1.38,yes
2026-10-05T05:14:48.829486Z,KXBTC15M-26OCT050115-15,0.0020,1.16,no
2026-10-05T05:14:48.830871Z,KXBTC15M-26OCT050115-15,0.0030,8.77,yes
2026-10-05T05:14:48.830871Z,KXBTC15M-26OCT050115-15,0.0030,21.36,yes
2026-10-05T05:14:48.830871Z,KXBTC15M-26OCT050115-15,0.0030,44.63,yes
2026-10-05T05:14:48.830871Z,KXBTC15M-26OCT050115-15,0.0030,1.57,yes
2026-10-05T05:14:48.839202Z,KXBTC15M-26OCT050115-15,0.0020,0.93,no
2026-10-05T05:14:48.850377Z,KXBTC15M-26OCT050115-15,0.0020,11.89,no
2026-10-05T05:14:48.875744Z,KXBTC15M-26OCT050115-15,0.0030,1.38,yes
2026-10-05T05:14:48.875744Z,KXBTC15M-26OCT050115-15,0.0030,1.16,yes
2026-10-05T05:14:48.875744Z,KXBTC15M-26OCT050115-15,0.0040,59.91,yes
2026-10-05T05:14:48.875744Z,KXBTC15M-26OCT050115-15,0.0040,204.81,yes
2026-10-05T05:14:48.88331Z,KXBTC15M-26OCT050115-15,0.0030,0.29,yes
2026-10-05T05:14:48.890856Z,KXBTC15M-26OCT050115-15,0.0020,151.04,no
2026-10-05T05:14:48.900482Z,KXBTC15M-26OCT050115-15,0.0030,0.64,yes
2026-10-05T05:14:48.900482Z,KXBTC15M-26OCT050115-15,0.0030,11.89,yes
2026-10-05T05:14:48.900482Z,KXBTC15M-26OCT050115-15,0.0040,1.44,yes
2026-10-05T05:14:48.903815Z,KXBTC15M-26OCT050115-15,0.0020,2.00,no
2026-10-05T05:14:48.946975Z,KXBTC15M-26OCT050115-15,0.0020,3.94,no
2026-10-05T05:14:48.959589Z,KXBTC15M-26OCT050115-15,0.0030,2.38,yes
2026-10-05T05:14:48.988902Z,KXBTC15M-26OCT050115-15,0.0020,70.92,no
2026-10-05T05:14:49.047087Z,KXBTC15M-26OCT050115-15,0.0020,149.61,no
2026-10-05T05:14:49.047087Z,KXBTC15M-26OCT050115-15,0.0020,40.00,no
2026-10-05T05:14:49.047087Z,KXBTC15M-26OCT050115-15,0.0020,1000.00,no
2026-10-05T05:14:49.047087Z,KXBTC15M-26OCT050115-15,0.0020,100.00,no
2026-10-05T05:14:49.047087Z,KXBTC15M-26OCT050115-15,0.0020,26.00,no
2026-10-05T05:14:49.047087Z,KXBTC15M-26OCT050115-15,0.0020,120.00,no
2026-10-05T05:14:49.047087Z,KXBTC15M-26OCT050115-15,0.0020,3.00,no
2026-10-05T05:14:49.047087Z,KXBTC15M-26OCT050115-15,0.0020,3.00,no
2026-10-05T05:14:49.047087Z,KXBTC15M-26OCT050115-15,0.0020,3.00,no
2026-10-05T05:14:49.047087Z,KXBTC15M-26OCT050115-15,0.0020,3.00,no
2026-10-05T05:14:49.047087Z,KXBTC15M-26OCT050115-15,0.0020,3.00,no
2026-10-05T05:14:49.047087Z,KXBTC15M-26OCT050115-15,0.0020,100.00,no
2026-10-05T05:14:49.047087Z,KXBTC15M-26OCT050115-15,0.0020,0.01,no
2026-10-05T05:14:49.047087Z,KXBTC15M-26OCT050115-15,0.0020,0.01,no
2026-10-05T05:14:49.047087Z,KXBTC15M-26OCT050115-15,0.0020,99.00,no
2026-10-05T05:14:49.047087Z,KXBTC15M-26OCT050115-15,0.0020,2820.07,no
2026-10-05T05:14:49.047087Z,KXBTC15M-26OCT050115-15,0.0020,28.00,no
2026-10-05T05:14:49.047087Z,KXBTC15M-26OCT050115-15,0.0020,10.00,no
2026-10-05T05:14:49.047087Z,KXBTC15M-26OCT050115-15,0.0020,55.00,no
2026-10-05T05:14:49.047087Z,KXBTC15M-26OCT050115-15,0.0020,14.81,no
2026-10-05T05:14:49.060975Z,KXBTC15M-26OCT050115-15,0.0010,10000.00,no
2026-10-05T05:14:49.060975Z,KXBTC15M-26OCT050115-15,0.0010,1079.98,no
2026-10-05T05:14:49.060975Z,KXBTC15M-26OCT050115-15,0.0020,28.00,no
2026-10-05T05:14:49.060975Z,KXBTC15M-26OCT050115-15,0.0020,0.01,no
2026-10-05T05:14:49.060975Z,KXBTC15M-26OCT050115-15,0.0020,0.01,no
2026-10-05T05:14:49.060975Z,KXBTC15M-26OCT050115-15,0.0020,6750.00,no
2026-10-05T05:14:49.073263Z,KXBTC15M-26OCT050115-15,0.0020,0.01,no
2026-10-05T05:14:49.073263Z,KXBTC15M-26OCT050115-15,0.0020,0.01,no
2026-10-05T05:14:49.094946Z,KXBTC15M-26OCT050115-15,0.0010,0.89,no
2026-10-05T05:14:49.096787Z,KXBTC15M-26OCT050115-15,0.0020,200.00,yes
2026-10-05T05:14:49.102962Z,KXBTC15M-26OCT050115-15,0.0020,0.01,yes
2026-10-05T05:14:49.102962Z,KXBTC15M-26OCT050115-15,0.0020,200.00,yes
2026-10-05T05:14:49.102962Z,KXBTC15M-26OCT050115-15,0.0020,9799.98,yes
2026-10-05T05:14:49.102962Z,KXBTC15M-26OCT050115-15,0.0020,0.01,yes
2026-10-05T05:14:49.115995Z,KXBTC15M-26OCT050115-15,0.0010,49.08,no
2026-10-05T05:14:49.151162Z,KXBTC15M-26OCT050115-15,0.0010,51.95,no
2026-10-05T05:14:49.162411Z,KXBTC15M-26OCT050115-15,0.0020,129.40,yes
2026-10-05T05:14:49.162616Z,KXBTC15M-26OCT050115-15,0.0020,5.06,yes
2026-10-05T05:14:49.238088Z,KXBTC15M-26OCT050115-15,0.0020,205.66,yes
2026-10-05T05:14:49.2418Z,KXBTC15M-26OCT050115-15,0.0010,20.70,no
2026-10-05T05:14:49.284678Z,KXBTC15M-26OCT050115-15,0.0020,288.62,yes
2026-10-05T05:14:49.295042Z,KXBTC15M-26OCT050115-15,0.0020,131.03,yes
2026-10-05T05:14:49.311818Z,KXBTC15M-26OCT050115-15,0.0010,229.09,no
2026-10-05T05:14:49.328576Z,KXBTC15M-26OCT050115-15,0.0020,0.01,yes
2026-10-05T05:14:49.328576Z,KXBTC15M-26OCT050115-15,0.0020,13.47,yes
2026-10-05T05:14:49.328576Z,KXBTC15M-26OCT050115-15,0.0020,121.10,yes
2026-10-05T05:14:49.328576Z,KXBTC15M-26OCT050115-15,0.0020,49.08,yes
2026-10-05T05:14:49.328576Z,KXBTC15M-26OCT050115-15,0.0020,0.01,yes
2026-10-05T05:14:49.331888Z,KXBTC15M-26OCT050115-15,0.0010,100.00,no
2026-10-05T05:14:49.356088Z,KXBTC15M-26OCT050115-15,0.0030,148.66,yes
2026-10-05T05:14:49.356088Z,KXBTC15M-26OCT050115-15,0.0030,2.00,yes
2026-10-05T05:14:49.356088Z,KXBTC15M-26OCT050115-15,0.0030,3.94,yes
2026-10-05T05:14:49.356088Z,KXBTC15M-26OCT050115-15,0.0020,10.00,yes
2026-10-05T05:14:49.356088Z,KXBTC15M-26OCT050115-15,0.0030,120.00,yes
2026-10-05T05:14:49.356088Z,KXBTC15M-26OCT050115-15,0.0020,0.01,yes
2026-10-05T05:14:49.356088Z,KXBTC15M-26OCT050115-15,0.0030,105.00,yes
2026-10-05T05:14:49.356088Z,KXBTC15M-26OCT050115-15,0.0020,0.01,yes
2026-10-05T05:14:49.356088Z,KXBTC15M-26OCT050115-15,0.0030,149.61,yes
2026-10-05T05:14:49.356088Z,KXBTC15M-26OCT050115-15,0.0020,38.48,yes
2026-10-05T05:14:49.356088Z,KXBTC15M-26OCT050115-15,0.0030,86.71,yes
2026-10-05T05:14:49.356088Z,KXBTC15M-26OCT050115-15,0.0030,70.92,yes
2026-10-05T05:14:49.356088Z,KXBTC15M-26OCT050115-15,0.0020,20.70,yes
2026-10-05T05:14:49.364402Z,KXBTC15M-26OCT050115-15,0.0010,72.14,no
2026-10-05T05:14:49.364402Z,KXBTC15M-26OCT050115-15,0.0020,10.00,no
2026-10-05T05:14:49.369677Z,KXBTC15M-26OCT050115-15,0.0030,151.29,yes
2026-10-05T05:14:49.369677Z,KXBTC15M-26OCT050115-15,0.0030,608.71,yes
2026-10-05T05:14:49.380625Z,KXBTC15M-26OCT050115-15,0.0030,223.48,yes
2026-10-05T05:14:49.409796Z,KXBTC15M-26OCT050115-15,0.0030,193.00,yes
2026-10-05T05:14:49.409796Z,KXBTC15M-26OCT050115-15,0.0030,167.81,yes
2026-10-05T05:14:49.409796Z,KXBTC15M-26OCT050115-15,0.0030,0.01,yes
2026-10-05T05:14:49.409796Z,KXBTC15M-26OCT050115-15,0.0030,0.01,yes
2026-10-05T05:14:49.409796Z,KXBTC15M-26OCT050115-15,0.0030,30.00,yes
2026-10-05T05:14:49.409796Z,KXBTC15M-26OCT050115-15,0.0040,328.01,yes
2026-10-05T05:14:49.409796Z,KXBTC15M-26OCT050115-15,0.0040,859.69,yes
2026-10-05T05:14:49.409796Z,KXBTC15M-26OCT050115-15,0.0040,1.00,yes
2026-10-05T05:14:49.409796Z,KXBTC15M-26OCT050115-15,0.0040,1447.47,yes
2026-10-05T05:14:49.409796Z,KXBTC15M-26OCT050115-15,0.0040,5.01,yes
2026-10-05T05:14:49.409796Z,KXBTC15M-26OCT050115-15,0.0040,2.41,yes
2026-10-05T05:14:49.410015Z,KXBTC15M-26OCT050115-15,0.0040,877.50,yes
2026-10-05T05:14:49.414429Z,KXBTC15M-26OCT050115-15,0.0020,0.01,no
2026-10-05T05:14:49.414429Z,KXBTC15M-26OCT050115-15,0.0020,14.98,no
2026-10-05T05:14:49.414429Z,KXBTC15M-26OCT050115-15,0.0020,0.01,no
2026-10-05T05:14:49.444916Z,KXBTC15M-26OCT050115-15,0.0030,18.26,no
2026-10-05T05:14:49.448351Z,KXBTC15M-26OCT050115-15,0.0040,111.51,yes
2026-10-05T05:14:49.486967Z,KXBTC15M-26OCT050115-15,0.0040,32.02,yes
2026-10-05T05:14:49.486967Z,KXBTC15M-26OCT050115-15,0.0040,8.49,yes
2026-10-05T05:14:49.526049Z,KXBTC15M-26OCT050115-15,0.0040,72.98,yes
2026-10-05T05:14:49.540305Z,KXBTC15M-26OCT050115-15,0.0040,6.56,yes
2026-10-05T05:14:49.566408Z,KXBTC15M-26OCT050115-15,0.0040,34.64,yes
2026-10-05T05:14:49.571156Z,KXBTC15M-26OCT050115-15,0.0010,46.79,no
2026-10-05T05:14:49.571156Z,KXBTC15M-26OCT050115-15,0.0010,200.00,no
2026-10-05T05:14:49.571156Z,KXBTC15M-26OCT050115-15,0.0010,396.17,no
2026-10-05T05:14:49.571156Z,KXBTC15M-26OCT050115-15,0.0010,200.00,no
2026-10-05T05:14:49.571156Z,KXBTC15M-26OCT050115-15,0.0020,28.00,no
2026-10-05T05:14:49.571156Z,KXBTC15M-26OCT050115-15,0.0020,10.00,no
2026-10-05T05:14:49.571156Z,KXBTC15M-26OCT050115-15,0.0030,0.01,no
2026-10-05T05:14:49.571156Z,KXBTC15M-26OCT050115-15,0.0030,0.01,no
2026-10-05T05:14:49.571156Z,KXBTC15M-26OCT050115-15,0.0030,3122.74,no
2026-10-05T05:14:49.609318Z,KXBTC15M-26OCT050115-15,0.0040,104.99,yes
2026-10-05T05:14:49.617902Z,KXBTC15M-26OCT050115-15,0.0030,0.01,no
2026-10-05T05:14:49.617902Z,KXBTC15M-26OCT050115-15,0.0030,0.01,no
2026-10-05T05:14:49.642908Z,KXBTC15M-26OCT050115-15,0.0030,96.88,yes
2026-10-05T05:14:49.650891Z,KXBTC15M-26OCT050115-15,0.0030,25.53,yes
2026-10-05T05:14:49.664483Z,KXBTC15M-26OCT050115-15,0.0010,50.23,no
2026-10-05T05:14:49.699802Z,KXBTC15M-26OCT050115-15,0.0010,102.98,no
2026-10-05T05:14:49.699802Z,KXBTC15M-26OCT050115-15,0.0010,1177.50,no
2026-10-05T05:14:49.699802Z,KXBTC15M-26OCT050115-15,0.0010,40.00,no
2026-10-05T05:14:49.699802Z,KXBTC15M-26OCT050115-15,0.0010,100.00,no
2026-10-05T05:14:49.699802Z,KXBTC15M-26OCT050115-15,0.0010,1.00,no
2026-10-05T05:14:49.699802Z,KXBTC15M-26OCT050115-15,0.0010,1.00,no
2026-10-05T05:14:49.699802Z,KXBTC15M-26OCT050115-15,0.0010,1.00,no
2026-10-05T05:14:49.699802Z,KXBTC15M-26OCT050115-15,0.0010,120.00,no
2026-10-05T05:14:49.699802Z,KXBTC15M-26OCT050115-15,0.0010,17.29,no
2026-10-05T05:14:49.699802Z,KXBTC15M-26OCT050115-15,0.0010,0.70,no
2026-10-05T05:14:49.699802Z,KXBTC15M-26OCT050115-15,0.0010,20.00,no
2026-10-05T05:14:49.741211Z,KXBTC15M-26OCT050115-15,0.0010,2.19,no
2026-10-05T05:14:49.797019Z,KXBTC15M-26OCT050115-15,0.0020,13.80,yes
2026-10-05T05:14:49.79955Z,KXBTC15M-26OCT050115-15,0.0020,36.43,yes
2026-10-05T05:14:49.79955Z,KXBTC15M-26OCT050115-15,0.0020,38.57,yes
2026-10-05T05:14:49.912981Z,KXBTC15M-26OCT050115-15,0.0020,102.98,yes
2026-10-05T05:14:49.912981Z,KXBTC15M-26OCT050115-15,0.0020,0.01,yes
2026-10-05T05:14:49.912981Z,KXBTC15M-26OCT050115-15,0.0020,0.01,yes
2026-10-05T05:14:49.912981Z,KXBTC15M-26OCT050115-15,0.0020,81.43,yes
2026-10-05T05:14:49.912981Z,KXBTC15M-26OCT050115-15,0.0020,145.86,yes
2026-10-05T05:14:49.919871Z,KXBTC15M-26OCT050115-15,0.0020,18.18,yes
2026-10-05T05:14:49.944195Z,KXBTC15M-26OCT050115-15,0.0020,9.85,yes
2026-10-05T05:14:49.962626Z,KXBTC15M-26OCT050115-15,0.0020,60.12,yes
2026-10-05T05:14:49.968571Z,KXBTC15M-26OCT050115-15,0.0020,25.00,yes
2026-10-05T05:14:49.969847Z,KXBTC15M-26OCT050115-15,0.0020,68.17,yes
2026-10-05T05:14:49.984316Z,KXBTC15M-26OCT050115-15,0.0020,470.22,yes
2026-10-05T05:14:49.984316Z,KXBTC15M-26OCT050115-15,0.0020,0.01,yes
2026-10-05T05:14:49.984316Z,KXBTC15M-26OCT050115-15,0.0030,77.59,yes
2026-10-05T05:14:49.984316Z,KXBTC15M-26OCT050115-15,0.0030,30.00,yes
2026-10-05T05:14:49.984316Z,KXBTC15M-26OCT050115-15,0.0030,200.00,yes
2026-10-05T05:14:49.984316Z,KXBTC15M-26OCT050115-15,0.0020,0.01,yes
2026-10-05T05:14:49.984316Z,KXBTC15M-26OCT050115-15,0.0020,3.00,yes
2026-10-05T05:14:49.984316Z,KXBTC15M-26OCT050115-15,0.0040,1548.81,yes
2026-10-05T05:14:49.984316Z,KXBTC15M-26OCT050115-15,0.0040,55.54,yes
2026-10-05T05:14:49.992898Z,KXBTC15M-26OCT050115-15,0.0030,0.01,yes
2026-10-05T05:14:49.992898Z,KXBTC15M-26OCT050115-15,0.0030,0.01,yes
2026-10-05T05:14:50.005723Z,KXBTC15M-26OCT050115-15,0.0010,9.98,no
2026-10-05T05:14:50.005723Z,KXBTC15M-26OCT050115-15,0.0020,0.01,no
2026-10-05T05:14:50.005723Z,KXBTC15M-26OCT050115-15,0.0020,0.01,no
2026-10-05T05:14:50.005723Z,KXBTC15M-26OCT050115-15,0.0020,10.00,no
2026-10-05T05:14:50.006192Z,KXBTC15M-26OCT050115-15,0.0010,35.08,no
2026-10-05T05:14:50.008173Z,KXBTC15M-26OCT050115-15,0.0010,2358.15,no
2026-10-05T05:14:50.008173Z,KXBTC15M-26OCT050115-15,0.0010,10.00,no
2026-10-05T05:14:50.008173Z,KXBTC15M-26OCT050115-15,0.0010,35.26,no
2026-10-05T05:14:50.008173Z,KXBTC15M-26OCT050115-15,0.0010,25.55,no
2026-10-05T05:14:50.008173Z,KXBTC15M-26OCT050115-15,0.0010,244.04,no
2026-10-05T05:14:50.008173Z,KXBTC15M-26OCT050115-15,0.0010,917.00,no
2026-10-05T05:14:50.008173Z,KXBTC15M-26OCT050115-15,0.0010,10.00,no
2026-10-05T05:14:50.029706Z,KXBTC15M-26OCT050115-15,0.0040,229.04,yes
2026-10-05T05:14:50.037394Z,KXBTC15M-26OCT050115-15,0.0020,0.01,no
2026-10-05T05:14:50.037394Z,KXBTC15M-26OCT050115-15,0.0020,0.01,no
2026-10-05T05:14:50.066208Z,KXBTC15M-26OCT050115-15,0.0010,25.04,no
2026-10-05T05:14:50.086577Z,KXBTC15M-26OCT050115-15,0.0030,0.01,yes
2026-10-05T05:14:50.086577Z,KXBTC15M-26OCT050115-15,0.0030,5.96,yes
2026-10-05T05:14:50.086577Z,KXBTC15M-26OCT050115-15,0.0030,0.01,yes
2026-10-05T05:14:50.109169Z,KXBTC15M-26OCT050115-15,0.0020,10.00,yes
2026-10-05T05:14:50.109169Z,KXBTC15M-26OCT050115-15,0.0030,5.76,yes
2026-10-05T05:14:50.109169Z,KXBTC15M-26OCT050115-15,0.0030,30.00,yes
2026-10-05T05:14:50.113321Z,KXBTC15M-26OCT050115-15,0.0040,125.58,yes
2026-10-05T05:14:50.129528Z,KXBTC15M-26OCT050115-15,0.0020,10.00,no
2026-10-05T05:14:50.134525Z,KXBTC15M-26OCT050115-15,0.0020,0.01,no
2026-10-05T05:14:50.134525Z,KXBTC15M-26OCT050115-15,0.0020,0.01,no
2026-10-05T05:14:50.134525Z,KXBTC15M-26OCT050115-15,0.0010,28.34,no
2026-10-05T05:14:50.163696Z,KXBTC15M-26OCT050115-15,0.0020,0.01,no
2026-10-05T05:14:50.163696Z,KXBTC15M-26OCT050115-15,0.0020,0.01,no
2026-10-05T05:14:50.163696Z,KXBTC15M-26OCT050115-15,0.0010,676.11,no
2026-10-05T05:14:50.208474Z,KXBTC15M-26OCT050115-15,0.0030,29.85,yes
2026-10-05T05:14:50.208474Z,KXBTC15M-26OCT050115-15,0.0030,0.01,yes
2026-10-05T05:14:50.208474Z,KXBTC15M-26OCT050115-15,0.0030,0.01,yes
2026-10-05T05:14:50.229917Z,KXBTC15M-26OCT050115-15,0.0030,30.00,yes
2026-10-05T05:14:50.229917Z,KXBTC15M-26OCT050115-15,0.0030,0.01,yes
2026-10-05T05:14:50.229917Z,KXBTC15M-26OCT050115-15,0.0040,107.06,yes
2026-10-05T05:14:50.24303Z,KXBTC15M-26OCT050115-15,0.0020,0.01,no
2026-10-05T05:14:50.24303Z,KXBTC15M-26OCT050115-15,0.0020,0.01,no
2026-10-05T05:14:50.24303Z,KXBTC15M-26OCT050115-15,0.0010,100.07,no
2026-10-05T05:14:50.244034Z,KXBTC15M-26OCT050115-15,0.0030,30.00,yes
2026-10-05T05:14:50.244034Z,KXBTC15M-26OCT050115-15,0.0040,183.65,yes
2026-10-05T05:14:50.246793Z,KXBTC15M-26OCT050115-15,0.0010,750.00,no
2026-10-05T05:14:50.299054Z,KXBTC15M-26OCT050115-15,0.0010,176.58,no
2026-10-05T05:14:50.317042Z,KXBTC15M-26OCT050115-15,0.0030,0.01,yes
2026-10-05T05:14:50.317042Z,KXBTC15M-26OCT050115-15,0.0030,6.00,yes
2026-10-05T05:14:50.317042Z,KXBTC15M-26OCT050115-15,0.0030,0.01,yes
2026-10-05T05:14:50.317042Z,KXBTC15M-26OCT050115-15,0.0040,35.23,yes
2026-10-05T05:14:50.340607Z,KXBTC15M-26OCT050115-15,0.0040,41.25,yes
2026-10-05T05:14:50.436077Z,KXBTC15M-26OCT050115-15,0.0040,5.97,yes
2026-10-05T05:14:50.543383Z,KXBTC15M-26OCT050115-15,0.0010,10.00,no
2026-10-05T05:14:50.543383Z,KXBTC15M-26OCT050115-15,0.0030,10.00,no
2026-10-05T05:14:50.543383Z,KXBTC15M-26OCT050115-15,0.0030,0.01,no
2026-10-05T05:14:50.543383Z,KXBTC15M-26OCT050115-15,0.0010,10.00,no
2026-10-05T05:14:50.543383Z,KXBTC15M-26OCT050115-15,0.0010,208.15,no
2026-10-05T05:14:50.543383Z,KXBTC15M-26OCT050115-15,0.0010,40.00,no
2026-10-05T05:14:50.543383Z,KXBTC15M-26OCT050115-15,0.0010,10.00,no
2026-10-05T05:14:50.543383Z,KXBTC15M-26OCT050115-15,0.0030,0.01,no
2026-10-05T05:14:50.543383Z,KXBTC15M-26OCT050115-15,0.0010,0.01,no
2026-10-05T05:14:50.543383Z,KXBTC15M-26OCT050115-15,0.0010,0.01,no
2026-10-05T05:14:50.543383Z,KXBTC15M-26OCT050115-15,0.0010,97.00,no
2026-10-05T05:14:50.543383Z,KXBTC15M-26OCT050115-15,0.0010,1430.73,no
2026-10-05T05:14:50.555844Z,KXBTC15M-26OCT050115-15,0.0010,0.01,no
2026-10-05T05:14:50.555844Z,KXBTC15M-26OCT050115-15,0.0010,0.01,no
2026-10-05T05:14:50.597929Z,KXBTC15M-26OCT050115-15,0.0010,242.67,yes
2026-10-05T05:14:50.643802Z,KXBTC15M-26OCT050115-15,0.0010,160.68,yes
2026-10-05T05:14:50.643802Z,KXBTC15M-26OCT050115-15,0.0010,53.31,yes
2026-10-05T05:14:50.656879Z,KXBTC15M-26OCT050115-15,0.0010,5.31,yes
2026-10-05T05:14:50.697187Z,KXBTC15M-26OCT050115-15,0.0010,240.34,yes
2026-10-05T05:14:50.704587Z,KXBTC15M-26OCT050115-15,0.0010,40.20,yes
2026-10-05T05:14:50.727291Z,KXBTC15M-26OCT050115-15,0.0010,2190.09,yes
2026-10-05T05:14:50.754398Z,KXBTC15M-26OCT050115-15,0.0010,2338.39,yes
2026-10-05T05:14:50.76024Z,KXBTC15M-26OCT050115-15,0.0010,240.34,yes
2026-10-05T05:14:50.769046Z,KXBTC15M-26OCT050115-15,0.0010,60.52,yes
2026-10-05T05:14:50.797802Z,KXBTC15M-26OCT050115-15,0.0010,9.11,yes
2026-10-05T05:14:50.799695Z,KXBTC15M-26OCT050115-15,0.0010,1.00,yes
2026-10-05T05:14:50.801399Z,KXBTC15M-26OCT050115-15,0.0010,233.72,yes
2026-10-05T05:14:50.811258Z,KXBTC15M-26OCT050115-15,0.0010,760.00,yes
2026-10-05T05:14:50.891118Z,KXBTC15M-26OCT050115-15,0.0010,101.69,yes
2026-10-05T05:14:50.930648Z,KXBTC15M-26OCT050115-15,0.0010,75.03,yes
2026-10-05T05:14:50.931417Z,KXBTC15M-26OCT050115-15,0.0010,6.03,yes
2026-10-05T05:14:50.949059Z,KXBTC15M-26OCT050115-15,0.0010,80.00,yes
2026-10-05T05:14:50.981577Z,KXBTC15M-26OCT050115-15,0.0010,25.12,yes
2026-10-05T05:14:51.031558Z,KXBTC15M-26OCT050115-15,0.0010,10.20,yes
2026-10-05T05:14:51.041624Z,KXBTC15M-26OCT050115-15,0.0010,5.53,yes
2026-10-05T05:14:51.185038Z,KXBTC15M-26OCT050115-15,0.0010,66.77,yes
2026-10-05T05:14:51.199355Z,KXBTC15M-26OCT050115-15,0.0010,663.59,yes
2026-10-05T05:14:51.250008Z,KXBTC15M-26OCT050115-15,0.0010,4579.77,yes
2026-10-05T05:14:51.267684Z,KXBTC15M-26OCT050115-15,0.0010,438.30,yes
2026-10-05T05:14:51.267684Z,KXBTC15M-26OCT050115-15,0.0010,277.69,yes
2026-10-05T05:14:51.267684Z,KXBTC15M-26OCT050115-15,0.0010,200.00,yes
2026-10-05T05:14:51.271236Z,KXBTC15M-26OCT050115-15,0.0010,52.31,yes
2026-10-05T05:14:51.271236Z,KXBTC15M-26OCT050115-15,0.0010,863.68,yes
2026-10-05T05:14:51.273914Z,KXBTC15M-26OCT050115-15,0.0010,136.32,yes
2026-10-05T05:14:51.273914Z,KXBTC15M-26OCT050115-15,0.0010,1199.39,yes
2026-10-05T05:14:51.360288Z,KXBTC15M-26OCT050115-15,0.0010,2931.16,yes
2026-10-05T05:14:51.360288Z,KXBTC15M-26OCT050115-15,0.0010,1648.61,yes
2026-10-05T05:14:51.361781Z,KXBTC15M-26OCT050115-15,0.0010,4579.77,yes
2026-10-05T05:14:51.380856Z,KXBTC15M-26OCT050115-15,0.0010,341.79,yes
2026-10-05T05:14:51.384412Z,KXBTC15M-26OCT050115-15,0.0010,7.46,yes
2026-10-05T05:14:51.385997Z,KXBTC15M-26OCT050115-15,0.0010,49.26,yes
2026-10-05T05:14:51.416105Z,KXBTC15M-26OCT050115-15,0.0010,53.57,yes
2026-10-05T05:14:51.55056Z,KXBTC15M-26OCT050115-15,0.0010,99.42,yes
2026-10-05T05:14:51.566527Z,KXBTC15M-26OCT050115-15,0.0010,91.62,yes
2026-10-05T05:14:51.573021Z,KXBTC15M-26OCT050115-15,0.0010,8.50,yes
2026-10-05T05:14:51.634569Z,KXBTC15M-26OCT050115-15,0.0010,5.44,yes
2026-10-05T05:14:51.654294Z,KXBTC15M-26OCT050115-15,0.0010,915.99,yes
2026-10-05T05:14:51.670363Z,KXBTC15M-26OCT050115-15,0.0010,405.58,yes
2026-10-05T05:14:51.690606Z,KXBTC15M-26OCT050115-15,0.0010,53.14,yes
2026-10-05T05:14:51.73474Z,KXBTC15M-26OCT050115-15,0.0010,934.69,yes
2026-10-05T05:14:51.743534Z,KXBTC15M-26OCT050115-15,0.0010,1456.16,yes
2026-10-05T05:14:51.743534Z,KXBTC15M-26OCT050115-15,0.0010,2812.61,yes
2026-10-05T05:14:51.743534Z,KXBTC15M-26OCT050115-15,0.0010,311.00,yes
2026-10-05T05:14:51.765547Z,KXBTC15M-26OCT050115-15,0.0010,5117.34,yes
2026-10-05T05:14:51.776777Z,KXBTC15M-26OCT050115-15,0.0010,915.99,yes
2026-10-05T05:14:51.780927Z,KXBTC15M-26OCT050115-15,0.0010,46.51,yes
2026-10-05T05:14:51.787578Z,KXBTC15M-26OCT050115-15,0.0010,229.01,yes
2026-10-05T05:14:51.80687Z,KXBTC15M-26OCT050115-15,0.0010,117.45,yes
2026-10-05T05:14:51.825565Z,KXBTC15M-26OCT050115-15,0.0010,5117.54,yes
2026-10-05T05:14:51.825565Z,KXBTC15M-26OCT050115-15,0.0010,4042.01,yes
2026-10-05T05:14:51.87388Z,KXBTC15M-26OCT050115-15,0.0010,183.25,yes
2026-10-05T05:14:51.886853Z,KXBTC15M-26OCT050115-15,0.0010,897.30,yes
2026-10-05T05:14:51.922622Z,KXBTC15M-26OCT050115-15,0.0010,8.81,yes
2026-10-05T05:14:51.943173Z,KXBTC15M-26OCT050115-15,0.0010,0.10,yes
2026-10-05T05:14:51.949404Z,KXBTC15M-26OCT050115-15,0.0010,149.15,yes
2026-10-05T05:14:51.966366Z,KXBTC15M-26OCT050115-15,0.0010,69.00,yes
2026-10-05T05:14:51.992448Z,KXBTC15M-26OCT050115-15,0.0010,269.11,yes
2026-10-05T05:14:52.005675Z,KXBTC15M-26OCT050115-15,0.0010,30.15,yes
2026-10-05T05:14:52.025947Z,KXBTC15M-26OCT050115-15,0.0010,458.04,yes
2026-10-05T05:14:52.055396Z,KXBTC15M-26OCT050115-15,0.0010,915.99,yes
2026-10-05T05:14:52.055594Z,KXBTC15M-26OCT050115-15,0.0010,8.23,yes
2026-10-05T05:14:52.105013Z,KXBTC15M-26OCT050115-15,0.0010,351.00,yes
2026-10-05T05:14:52.125923Z,KXBTC15M-26OCT050115-15,0.0010,13.66,yes
2026-10-05T05:14:52.249987Z,KXBTC15M-26OCT050115-15,0.0010,24.68,yes
2026-10-05T05:14:52.314038Z,KXBTC15M-26OCT050115-15,0.0010,309.56,yes
2026-10-05T05:14:52.315948Z,KXBTC15M-26OCT050115-15,0.0010,2243.28,yes
2026-10-05T05:14:52.368512Z,KXBTC15M-26OCT050115-15,0.0010,26.68,yes
2026-10-05T05:14:52.368512Z,KXBTC15M-26OCT050115-15,0.0010,10.00,yes
2026-10-05T05:14:52.368512Z,KXBTC15M-26OCT050115-15,0.0010,4543.09,yes
2026-10-05T05:14:52.391942Z,KXBTC15M-26OCT050115-15,0.0010,915.99,yes
2026-10-05T05:14:52.406388Z,KXBTC15M-26OCT050115-15,0.0010,582.71,yes
2026-10-05T05:14:52.417232Z,KXBTC15M-26OCT050115-15,0.0010,148.52,yes
2026-10-05T05:14:52.421247Z,KXBTC15M-26OCT050115-15,0.0010,27.52,yes
2026-10-05T05:14:52.438147Z,KXBTC15M-26OCT050115-15,0.0010,18.69,yes
2026-10-05T05:14:52.465505Z,KXBTC15M-26OCT050115-15,0.0010,24.69,yes
2026-10-05T05:14:52.476783Z,KXBTC15M-26OCT050115-15,0.0010,915.99,yes
2026-10-05T05:14:52.480749Z,KXBTC15M-26OCT050115-15,0.0010,1831.90,yes
2026-10-05T05:14:52.5246Z,KXBTC15M-26OCT050115-15,0.0010,82.10,yes
2026-10-05T05:14:52.533893Z,KXBTC15M-26OCT050115-15,0.0010,155.45,yes
2026-10-05T05:14:52.593691Z,KXBTC15M-26OCT050115-15,0.0010,30226.32,yes
2026-10-05T05:14:52.634752Z,KXBTC15M-26OCT050115-15,0.0010,915.99,yes
2026-10-05T05:14:52.81521Z,KXBTC15M-26OCT050115-15,0.0010,28.47,yes
2026-10-05T05:14:52.863084Z,KXBTC15M-26OCT050115-15,0.0010,5.05,yes
2026-10-05T05:14:52.90807Z,KXBTC15M-26OCT050115-15,0.0010,5.06,yes
2026-10-05T05:14:52.912392Z,KXBTC15M-26OCT050115-15,0.0010,4.01,yes
2026-10-05T05:14:53.066602Z,KXBTC15M-26OCT050115-15,0.0010,8.30,yes
2026-10-05T05:14:53.080507Z,KXBTC15M-26OCT050115-15,0.0010,50.54,yes
2026-10-05T05:14:53.126617Z,KXBTC15M-26OCT050115-15,0.0010,50.15,yes
2026-10-05T05:14:53.253687Z,KXBTC15M-26OCT050115-15,0.0010,6.82,yes
2026-10-05T05:14:53.370013Z,KXBTC15M-26OCT050115-15,0.0010,783.33,yes
2026-10-05T05:14:53.384043Z,KXBTC15M-26OCT050115-15,0.0010,0.02,yes
2026-10-05T05:14:53.385263Z,KXBTC15M-26OCT050115-15,0.0010,0.02,yes
2026-10-05T05:14:53.396364Z,KXBTC15M-26OCT050115-15,0.0010,9.13,yes
2026-10-05T05:14:53.42011Z,KXBTC15M-26OCT050115-15,0.0010,472.00,yes
2026-10-05T05:14:53.515632Z,KXBTC15M-26OCT050115-15,0.0010,951.62,yes
2026-10-05T05:14:53.560376Z,KXBTC15M-26OCT050115-15,0.0010,2.92,yes
2026-10-05T05:14:53.59501Z,KXBTC15M-26OCT050115-15,0.0010,50.44,yes
2026-10-05T05:14:53.774087Z,KXBTC15M-26OCT050115-15,0.0010,3.86,yes
2026-10-05T05:14:53.785605Z,KXBTC15M-26OCT050115-15,0.0010,3.29,yes
2026-10-05T05:14:53.796685Z,KXBTC15M-26OCT050115-15,0.0010,2.00,yes
2026-10-05T05:14:53.807127Z,KXBTC15M-26OCT050115-15,0.0010,622.87,yes
2026-10-05T05:14:53.853321Z,KXBTC15M-26OCT050115-15,0.0010,8.03,yes
2026-10-05T05:14:54.110148Z,KXBTC15M-26OCT050115-15,0.0010,23.44,yes
2026-10-05T05:14:54.186863Z,KXBTC15M-26OCT050115-15,0.0010,21.22,yes
2026-10-05T05:14:54.203411Z,KXBTC15M-26OCT050115-15,0.0010,273.71,yes
2026-10-05T05:14:54.233159Z,KXBTC15M-26OCT050115-15,0.0010,19.70,yes
2026-10-05T05:14:54.374277Z,KXBTC15M-26OCT050115-15,0.0010,1000.00,yes
2026-10-05T05:14:54.380031Z,KXBTC15M-26OCT050115-15,0.0010,30.14,yes
2026-10-05T05:14:54.412076Z,KXBTC15M-26OCT050115-15,0.0010,18.10,yes
2026-10-05T05:14:54.491476Z,KXBTC15M-26OCT050115-15,0.0010,10000.00,yes
2026-10-05T05:14:54.500709Z,KXBTC15M-26OCT050115-15,0.0010,180.00,yes
2026-10-05T05:14:54.549672Z,KXBTC15M-26OCT050115-15,0.0010,90.00,yes
2026-10-05T05:14:54.577734Z,KXBTC15M-26OCT050115-15,0.0010,74.08,yes
2026-10-05T05:14:54.642507Z,KXBTC15M-26OCT050115-15,0.0010,98.99,yes
2026-10-05T05:14:54.772921Z,KXBTC15M-26OCT050115-15,0.0010,100.00,yes
2026-10-05T05:14:54.913339Z,KXBTC15M-26OCT050115-15,0.0010,4.45,yes
2026-10-05T05:14:54.918343Z,KXBTC15M-26OCT050115-15,0.0010,0.73,yes
2026-10-05T05:14:54.975262Z,KXBTC15M-26OCT050115-15,0.0010,0.70,yes
2026-10-05T05:14:55.096614Z,KXBTC15M-26OCT050115-15,0.0010,2.00,yes
2026-10-05T05:14:55.112524Z,KXBTC15M-26OCT050115-15,0.0010,915.99,yes
2026-10-05T05:14:55.147964Z,KXBTC15M-26OCT050115-15,0.0010,15.89,yes
2026-10-05T05:14:55.151305Z,KXBTC15M-26OCT050115-15,0.0010,3.14,yes
2026-10-05T05:14:55.161227Z,KXBTC15M-26OCT050115-15,0.0010,4.37,yes
2026-10-05T05:14:55.295903Z,KXBTC15M-26OCT050115-15,0.0010,223.62,yes
2026-10-05T05:14:55.358932Z,KXBTC15M-26OCT050115-15,0.0010,915.99,yes
2026-10-05T05:14:55.409753Z,KXBTC15M-26OCT050115-15,0.0010,13.80,yes
2026-10-05T05:14:55.423396Z,KXBTC15M-26OCT050115-15,0.0010,1831.90,yes
2026-10-05T05:14:55.441517Z,KXBTC15M-26OCT050115-15,0.0010,458.04,yes
2026-10-05T05:14:55.471604Z,KXBTC15M-26OCT050115-15,0.0010,307.11,yes
2026-10-05T05:14:55.478201Z,KXBTC15M-26OCT050115-15,0.0010,2.57,yes
2026-10-05T05:14:55.64488Z,KXBTC15M-26OCT050115-15,0.0010,15.46,yes
2026-10-05T05:14:55.757843Z,KXBTC15M-26OCT050115-15,0.0010,5.03,yes
2026-10-05T05:14:55.791924Z,KXBTC15M-26OCT050115-15,0.0010,25.22,yes
2026-10-05T05:14:55.818441Z,KXBTC15M-26OCT050115-15,0.0010,31.15,yes
2026-10-05T05:14:55.822981Z,KXBTC15M-26OCT050115-15,0.0010,28.00,yes
2026-10-05T05:14:55.853323Z,KXBTC15M-26OCT050115-15,0.0010,915.99,yes
2026-10-05T05:14:55.950241Z,KXBTC15M-26OCT050115-15,0.0010,5.00,yes
2026-10-05T05:14:55.990312Z,KXBTC15M-26OCT050115-15,0.0010,6.17,yes
2026-10-05T05:14:56.352206Z,KXBTC15M-26OCT050115-15,0.0010,144.00,yes
2026-10-05T05:14:56.488784Z,KXBTC15M-26OCT050115-15,0.0010,915.99,yes
2026-10-05T05:14:56.503637Z,KXBTC15M-26OCT050115-15,0.0010,25.89,yes
2026-10-05T05:14:56.512411Z,KXBTC15M-26OCT050115-15,0.0010,25.14,yes
2026-10-05T05:14:56.512826Z,KXBTC15M-26OCT050115-15,0.0010,12.61,yes
2026-10-05T05:14:56.550915Z,KXBTC15M-26OCT050115-15,0.0010,18.26,yes
2026-10-05T05:14:56.560705Z,KXBTC15M-26OCT050115-15,0.0010,31.05,yes
2026-10-05T05:14:56.626727Z,KXBTC15M-26OCT050115-15,0.0010,36.53,yes
2026-10-05T05:14:56.76642Z,KXBTC15M-26OCT050115-15,0.0010,78.00,yes
2026-10-05T05:14:57.013352Z,KXBTC15M-26OCT050115-15,0.0010,36.77,yes
2026-10-05T05:14:57.136816Z,KXBTC15M-26OCT050115-15,0.0010,2738.69,yes
2026-10-05T05:14:57.191432Z,KXBTC15M-26OCT050115-15,0.0010,686.97,yes
2026-10-05T05:14:57.219219Z,KXBTC15M-26OCT050115-15,0.0010,29.17,yes
2026-10-05T05:14:57.222699Z,KXBTC15M-26OCT050115-15,0.0010,216.11,yes
2026-10-05T05:14:57.232823Z,KXBTC15M-26OCT050115-15,0.0010,45.24,yes
2026-10-05T05:14:57.311248Z,KXBTC15M-26OCT050115-15,0.0010,64.01,yes
2026-10-05T05:14:57.407875Z,KXBTC15M-26OCT050115-15,0.0010,915.99,yes
2026-10-05T05:14:57.42514Z,KXBTC15M-26OCT050115-15,0.0010,8.68,yes
2026-10-05T05:14:57.433987Z,KXBTC15M-26OCT050115-15,0.0010,106.41,yes
2026-10-05T05:14:57.468569Z,KXBTC15M-26OCT050115-15,0.0010,6.70,yes
2026-10-05T05:14:57.5162Z,KXBTC15M-26OCT050115-15,0.0010,0.77,yes
2026-10-05T05:14:57.540034Z,KXBTC15M-26OCT050115-15,0.0010,1.93,yes
2026-10-05T05:14:57.55894Z,KXBTC15M-26OCT050115-15,0.0010,0.01,yes
2026-10-05T05:14:57.576526Z,KXBTC15M-26OCT050115-15,0.0010,45.39,yes
2026-10-05T05:14:57.646969Z,KXBTC15M-26OCT050115-15,0.0010,36.56,yes
2026-10-05T05:14:57.651847Z,KXBTC15M-26OCT050115-15,0.0010,70.47,yes
2026-10-05T05:14:57.736625Z,KXBTC15M-26OCT050115-15,0.0010,28.94,yes
2026-10-05T05:14:57.849822Z,KXBTC15M-26OCT050115-15,0.0010,43.84,yes
2026-10-05T05:14:57.854305Z,KXBTC15M-26OCT050115-15,0.0010,2.12,yes
2026-10-05T05:14:57.912516Z,KXBTC15M-26OCT050115-15,0.0010,20.10,yes
2026-10-05T05:14:57.914708Z,KXBTC15M-26OCT050115-15,0.0010,915.99,yes
2026-10-05T05:14:57.936414Z,KXBTC15M-26OCT050115-15,0.0010,3.67,yes
2026-10-05T05:14:57.961597Z,KXBTC15M-26OCT050115-15,0.0010,73.29,yes
2026-10-05T05:14:58.008209Z,KXBTC15M-26OCT050115-15,0.0010,92.88,yes
2026-10-05T05:14:58.077974Z,KXBTC15M-26OCT050115-15,0.0010,7.67,yes
2026-10-05T05:14:58.475169Z,KXBTC15M-26OCT050115-15,0.0010,5.67,yes
2026-10-05T05:14:58.506235Z,KXBTC15M-26OCT050115-15,0.0010,186.99,yes
2026-10-05T05:14:58.530797Z,KXBTC15M-26OCT050115-15,0.0010,3.79,yes
2026-10-05T05:14:58.533168Z,KXBTC15M-26OCT050115-15,0.0010,46.20,yes
2026-10-05T05:14:58.69601Z,KXBTC15M-26OCT050115-15,0.0010,153.85,yes
2026-10-05T05:14:58.753332Z,KXBTC15M-26OCT050115-15,0.0010,25.52,yes
2026-10-05T05:14:58.756497Z,KXBTC15M-26OCT050115-15,0.0010,12.94,yes
2026-10-05T05:14:58.805971Z,KXBTC15M-26OCT050115-15,0.0010,40.46,yes
2026-10-05T05:14:59.231983Z,KXBTC15M-26OCT050115-15,0.0010,17.93,yes
2026-10-05T05:14:59.279036Z,KXBTC15M-26OCT050115-15,0.0010,8.32,yes
2026-10-05T05:14:59.368406Z,KXBTC15M-26OCT050115-15,0.0010,20.33,yes
2026-10-05T05:14:59.371532Z,KXBTC15M-26OCT050115-15,0.0010,3.50,yes
2026-10-05T05:14:59.436521Z,KXBTC15M-26OCT050115-15,0.0010,934.69,yes
2026-10-05T05:14:59.440947Z,KXBTC15M-26OCT050115-15,0.0010,229.01,yes
2026-10-05T05:14:59.519068Z,KXBTC15M-26OCT050115-15,0.0010,5.46,yes
2026-10-05T05:14:59.563647Z,KXBTC15M-26OCT050115-15,0.0010,11.63,yes
2026-10-05T05:14:59.819308Z,KXBTC15M-26OCT050115-15,0.0010,1.00,yes
2026-10-05T05:14:59.824608Z,KXBTC15M-26OCT050115-15,0.0010,8.94,yes
2026-10-05T05:14:59.854714Z,KXBTC15M-26OCT050115-15,0.0010,5.10,yes
2026-10-05T05:14:59.864539Z,KXBTC15M-26OCT050115-15,0.0010,1.93,yes
2026-10-05T05:13:53.914567Z,KXCOPPER15M-26OCT050115-15,0.6900,0.30,no
2026-10-05T05:13:54.542588Z,KXCOPPER15M-26OCT050115-15,0.6900,10.30,no
2026-10-05T05:13:55.636811Z,KXCOPPER15M-26OCT050115-15,0.7100,68.55,yes
2026-10-05T05:13:55.674742Z,KXCOPPER15M-26OCT050115-15,0.7000,0.06,no
2026-10-05T05:13:57.415515Z,KXCOPPER15M-26OCT050115-15,0.7000,6.35,no
2026-10-05T05:13:57.857076Z,KXCOPPER15M-26OCT050115-15,0.7100,27.60,yes
2026-10-05T05:13:58.73642Z,KXCOPPER15M-26OCT050115-15,0.7000,3.17,no
2026-10-05T05:13:58.792264Z,KXCOPPER15M-26OCT050115-15,0.7100,0.49,yes
2026-10-05T05:14:00.229148Z,KXCOPPER15M-26OCT050115-15,0.7100,6.81,yes
2026-10-05T05:14:00.419588Z,KXCOPPER15M-26OCT050115-15,0.7100,13.62,yes
2026-10-05T05:14:00.559563Z,KXCOPPER15M-26OCT050115-15,0.7100,54.10,yes
2026-10-05T05:14:00.804512Z,KXCOPPER15M-26OCT050115-15,0.6800,2.39,yes
2026-10-05T05:14:00.804512Z,KXCOPPER15M-26OCT050115-15,0.6800,91.00,yes
2026-10-05T05:14:01.15357Z,KXCOPPER15M-26OCT050115-15,0.7300,0.33,yes
2026-10-05T05:14:01.321059Z,KXCOPPER15M-26OCT050115-15,0.6900,1.44,no
2026-10-05T05:14:02.053236Z,KXCOPPER15M-26OCT050115-15,0.7400,9.96,yes
2026-10-05T05:14:02.053236Z,KXCOPPER15M-26OCT050115-15,0.7500,81.37,yes
2026-10-05T05:14:02.053236Z,KXCOPPER15M-26OCT050115-15,0.7300,100.00,yes
2026-10-05T05:14:02.053236Z,KXCOPPER15M-26OCT050115-15,0.7300,4.67,yes
2026-10-05T05:14:02.053236Z,KXCOPPER15M-26OCT050115-15,0.7300,3.00,yes
2026-10-05T05:14:02.053236Z,KXCOPPER15M-26OCT050115-15,0.7300,101.00,yes
2026-10-05T05:14:02.054168Z,KXCOPPER15M-26OCT050115-15,0.7500,65.03,yes
2026-10-05T05:14:02.05908Z,KXCOPPER15M-26OCT050115-15,0.7500,8.00,yes
2026-10-05T05:14:02.060466Z,KXCOPPER15M-26OCT050115-15,0.7500,65.03,yes
2026-10-05T05:14:02.060606Z,KXCOPPER15M-26OCT050115-15,0.7500,26.11,yes
2026-10-05T05:14:02.064955Z,KXCOPPER15M-26OCT050115-15,0.7500,6.81,yes
2026-10-05T05:14:02.067206Z,KXCOPPER15M-26OCT050115-15,0.7500,60.00,yes
2026-10-05T05:14:02.076927Z,KXCOPPER15M-26OCT050115-15,0.7600,10.00,yes
2026-10-05T05:14:02.50093Z,KXCOPPER15M-26OCT050115-15,0.7900,5.00,no
2026-10-05T05:14:02.50093Z,KXCOPPER15M-26OCT050115-15,0.7900,1.15,no
2026-10-05T05:14:02.625307Z,KXCOPPER15M-26OCT050115-15,0.7900,5.00,no
2026-10-05T05:14:02.625307Z,KXCOPPER15M-26OCT050115-15,0.7800,3.00,no
2026-10-05T05:14:02.625307Z,KXCOPPER15M-26OCT050115-15,0.7900,161.85,no
2026-10-05T05:14:02.625307Z,KXCOPPER15M-26OCT050115-15,0.7800,38.63,no
2026-10-05T05:14:02.849905Z,KXCOPPER15M-26OCT050115-15,0.8000,5.00,no
2026-10-05T05:14:02.849905Z,KXCOPPER15M-26OCT050115-15,0.7800,1.53,no
2026-10-05T05:14:02.849905Z,KXCOPPER15M-26OCT050115-15,0.7900,7.00,no
2026-10-05T05:14:03.130043Z,KXCOPPER15M-26OCT050115-15,0.7900,4.51,no
2026-10-05T05:14:04.548869Z,KXCOPPER15M-26OCT050115-15,0.8100,32.00,yes
2026-10-05T05:14:04.548869Z,KXCOPPER15M-26OCT050115-15,0.8100,2.00,yes
2026-10-05T05:14:09.314803Z,KXCOPPER15M-26OCT050115-15,0.8400,6.81,no
2026-10-05T05:14:09.720128Z,KXCOPPER15M-26OCT050115-15,0.8400,3.00,no
2026-10-05T05:14:09.720128Z,KXCOPPER15M-26OCT050115-15,0.8400,31.99,no
2026-10-05T05:14:09.720128Z,KXCOPPER15M-26OCT050115-15,0.8400,5.00,no
2026-10-05T05:14:09.720128Z,KXCOPPER15M-26OCT050115-15,0.8400,0.01,no
2026-10-05T05:14:09.720128Z,KXCOPPER15M-26OCT050115-15,0.8400,5.00,no
2026-10-05T05:14:09.720128Z,KXCOPPER15M-26OCT050115-15,0.8400,12.44,no
2026-10-05T05:14:10.584898Z,KXCOPPER15M-26OCT050115-15,0.8600,2.00,yes
2026-10-05T05:14:10.584898Z,KXCOPPER15M-26OCT050115-15,0.8700,49.00,yes
2026-10-05T05:14:10.584898Z,KXCOPPER15M-26OCT050115-15,0.8700,2.23,yes
2026-10-05T05:14:10.584898Z,KXCOPPER15M-26OCT050115-15,0.8600,9.00,yes
2026-10-05T05:14:10.584898Z,KXCOPPER15M-26OCT050115-15,0.8700,100.00,yes
2026-10-05T05:14:10.584898Z,KXCOPPER15M-26OCT050115-15,0.8600,2.00,yes
2026-10-05T05:14:10.591703Z,KXCOPPER15M-26OCT050115-15,0.8700,2.00,yes
2026-10-05T05:14:10.591703Z,KXCOPPER15M-26OCT050115-15,0.8800,0.25,yes
2026-10-05T05:14:12.63934Z,KXCOPPER15M-26OCT050115-15,0.8800,100.00,yes
2026-10-05T05:14:12.63934Z,KXCOPPER15M-26OCT050115-15,0.8800,5.00,yes
2026-10-05T05:14:12.63934Z,KXCOPPER15M-26OCT050115-15,0.8800,65.00,yes
2026-10-05T05:14:12.63934Z,KXCOPPER15M-26OCT050115-15,0.8800,2.00,yes
2026-10-05T05:14:12.63934Z,KXCOPPER15M-26OCT050115-15,0.8900,65.61,yes
2026-10-05T05:14:12.63934Z,KXCOPPER15M-26OCT050115-15,0.8800,99.75,yes
2026-10-05T05:14:13.297953Z,KXCOPPER15M-26OCT050115-15,0.8900,34.39,yes
2026-10-05T05:14:13.297953Z,KXCOPPER15M-26OCT050115-15,0.9000,13.45,yes
2026-10-05T05:14:13.297953Z,KXCOPPER15M-26OCT050115-15,0.8900,100.00,yes
2026-10-05T05:14:13.297953Z,KXCOPPER15M-26OCT050115-15,0.8900,5.00,yes
2026-10-05T05:14:13.297953Z,KXCOPPER15M-26OCT050115-15,0.8900,2.00,yes
2026-10-05T05:14:13.391559Z,KXCOPPER15M-26OCT050115-15,0.8700,0.12,no
2026-10-05T05:14:15.435199Z,KXCOPPER15M-26OCT050115-15,0.9000,60.00,yes
2026-10-05T05:14:15.435199Z,KXCOPPER15M-26OCT050115-15,0.9000,30.00,yes
2026-10-05T05:14:15.435199Z,KXCOPPER15M-26OCT050115-15,0.9000,30.00,yes
2026-10-05T05:14:15.435199Z,KXCOPPER15M-26OCT050115-15,0.9000,2.00,yes
2026-10-05T05:14:15.435199Z,KXCOPPER15M-26OCT050115-15,0.9000,5.00,yes
2026-10-05T05:14:15.435199Z,KXCOPPER15M-26OCT050115-15,0.9000,100.00,yes
2026-10-05T05:14:15.435756Z,KXCOPPER15M-26OCT050115-15,0.9100,19.28,yes
2026-10-05T05:14:15.43621Z,KXCOPPER15M-26OCT050115-15,0.9100,33.62,yes
2026-10-05T05:14:15.436376Z,KXCOPPER15M-26OCT050115-15,0.9100,22.73,yes
2026-10-05T05:14:15.436376Z,KXCOPPER15M-26OCT050115-15,0.9100,7.10,yes
2026-10-05T05:14:15.440781Z,KXCOPPER15M-26OCT050115-15,0.9300,40.14,yes
2026-10-05T05:14:15.45239Z,KXCOPPER15M-26OCT050115-15,0.9300,12.69,yes
2026-10-05T05:14:15.452509Z,KXCOPPER15M-26OCT050115-15,0.9500,2.00,yes
2026-10-05T05:14:15.452509Z,KXCOPPER15M-26OCT050115-15,0.9400,2.00,yes
2026-10-05T05:14:15.452509Z,KXCOPPER15M-26OCT050115-15,0.9300,10.00,yes
2026-10-05T05:14:15.553654Z,KXCOPPER15M-26OCT050115-15,0.9100,14.50,no
2026-10-05T05:14:15.586573Z,KXCOPPER15M-26OCT050115-15,0.9100,85.50,no
2026-10-05T05:14:15.586573Z,KXCOPPER15M-26OCT050115-15,0.9100,10.06,no
2026-10-05T05:14:15.946825Z,KXCOPPER15M-26OCT050115-15,0.9300,8.00,no
2026-10-05T05:14:15.948436Z,KXCOPPER15M-26OCT050115-15,0.9300,70.25,no
2026-10-05T05:14:16.746761Z,KXCOPPER15M-26OCT050115-15,0.9300,26.82,no
2026-10-05T05:14:16.947676Z,KXCOPPER15M-26OCT050115-15,0.9500,1.31,yes
2026-10-05T05:14:18.061264Z,KXCOPPER15M-26OCT050115-15,0.9300,10.41,no
2026-10-05T05:14:18.061264Z,KXCOPPER15M-26OCT050115-15,0.9400,3.00,no
2026-10-05T05:14:18.371993Z,KXCOPPER15M-26OCT050115-15,0.9300,55.00,no
2026-10-05T05:14:18.396944Z,KXCOPPER15M-26OCT050115-15,0.9500,20.97,yes
2026-10-05T05:14:19.833416Z,KXCOPPER15M-26OCT050115-15,0.9300,70.81,no
2026-10-05T05:14:19.833416Z,KXCOPPER15M-26OCT050115-15,0.9300,7.77,no
2026-10-05T05:14:19.833416Z,KXCOPPER15M-26OCT050115-15,0.9300,0.01,no
2026-10-05T05:14:19.834321Z,KXCOPPER15M-26OCT050115-15,0.9300,83.19,no
2026-10-05T05:14:19.834321Z,KXCOPPER15M-26OCT050115-15,0.9200,1.00,no
2026-10-05T05:14:19.83446Z,KXCOPPER15M-26OCT050115-15,0.9100,5.00,no
2026-10-05T05:14:19.83492Z,KXCOPPER15M-26OCT050115-15,0.9000,15.00,no
2026-10-05T05:14:19.835278Z,KXCOPPER15M-26OCT050115-15,0.8900,19.25,no
2026-10-05T05:14:19.835278Z,KXCOPPER15M-26OCT050115-15,0.8900,18.34,no
2026-10-05T05:14:19.835513Z,KXCOPPER15M-26OCT050115-15,0.8900,14.28,no
2026-10-05T05:14:19.835513Z,KXCOPPER15M-26OCT050115-15,0.8900,11.66,no
2026-10-05T05:14:19.838417Z,KXCOPPER15M-26OCT050115-15,0.8800,24.00,no
2026-10-05T05:14:19.838417Z,KXCOPPER15M-26OCT050115-15,0.8500,2.00,no
2026-10-05T05:14:19.838417Z,KXCOPPER15M-26OCT050115-15,0.8900,45.72,no
2026-10-05T05:14:19.838417Z,KXCOPPER15M-26OCT050115-15,0.8900,30.00,no
2026-10-05T05:14:19.838417Z,KXCOPPER15M-26OCT050115-15,0.8900,60.00,no
2026-10-05T05:14:19.84164Z,KXCOPPER15M-26OCT050115-15,0.9000,5.00,no
2026-10-05T05:14:19.842106Z,KXCOPPER15M-26OCT050115-15,0.9000,4.00,no
2026-10-05T05:14:19.919546Z,KXCOPPER15M-26OCT050115-15,0.8500,3.00,yes
2026-10-05T05:14:20.607988Z,KXCOPPER15M-26OCT050115-15,0.8800,3.00,yes
2026-10-05T05:14:21.106702Z,KXCOPPER15M-26OCT050115-15,0.8800,3.00,yes
2026-10-05T05:14:22.335151Z,KXCOPPER15M-26OCT050115-15,0.8800,2.00,yes
2026-10-05T05:14:22.335151Z,KXCOPPER15M-26OCT050115-15,0.8800,5.00,yes
2026-10-05T05:14:22.335151Z,KXCOPPER15M-26OCT050115-15,0.8800,93.00,yes
2026-10-05T05:14:22.349687Z,KXCOPPER15M-26OCT050115-15,0.8900,2.00,yes
2026-10-05T05:14:22.349687Z,KXCOPPER15M-26OCT050115-15,0.8900,2.00,yes
2026-10-05T05:14:22.349687Z,KXCOPPER15M-26OCT050115-15,0.8900,100.00,yes
2026-10-05T05:14:22.349687Z,KXCOPPER15M-26OCT050115-15,0.8800,26.00,yes
2026-10-05T05:14:22.349687Z,KXCOPPER15M-26OCT050115-15,0.8900,36.95,yes
2026-10-05T05:14:22.349687Z,KXCOPPER15M-26OCT050115-15,0.8900,67.00,yes
2026-10-05T05:14:22.972987Z,KXCOPPER15M-26OCT050115-15,0.8900,19.63,yes
2026-10-05T05:14:23.656793Z,KXCOPPER15M-26OCT050115-15,0.8900,2.23,yes
2026-10-05T05:14:23.743324Z,KXCOPPER15M-26OCT050115-15,0.9000,54.13,yes
2026-10-05T05:14:23.792685Z,KXCOPPER15M-26OCT050115-15,0.9000,13.04,yes
2026-10-05T05:14:24.161173Z,KXCOPPER15M-26OCT050115-15,0.9000,2.77,yes
2026-10-05T05:14:24.161173Z,KXCOPPER15M-26OCT050115-15,0.9000,2.00,yes
2026-10-05T05:14:24.161173Z,KXCOPPER15M-26OCT050115-15,0.9000,17.29,yes
2026-10-05T05:14:25.54234Z,KXCOPPER15M-26OCT050115-15,0.9000,5.00,yes
2026-10-05T05:14:25.54234Z,KXCOPPER15M-26OCT050115-15,0.9000,2.00,yes
2026-10-05T05:14:25.54234Z,KXCOPPER15M-26OCT050115-15,0.9100,5.23,yes
2026-10-05T05:14:25.54234Z,KXCOPPER15M-26OCT050115-15,0.9100,100.00,yes
2026-10-05T05:14:25.787967Z,KXCOPPER15M-26OCT050115-15,0.9100,10.96,yes
2026-10-05T05:14:27.216299Z,KXCOPPER15M-26OCT050115-15,0.9100,60.06,yes
2026-10-05T05:14:27.332124Z,KXCOPPER15M-26OCT050115-15,0.9200,43.62,yes
2026-10-05T05:14:27.66001Z,KXCOPPER15M-26OCT050115-15,0.9200,5.35,yes
2026-10-05T05:14:28.392699Z,KXCOPPER15M-26OCT050115-15,0.9200,34.61,yes
2026-10-05T05:14:28.392887Z,KXCOPPER15M-26OCT050115-15,0.9300,5.00,yes
2026-10-05T05:14:28.392887Z,KXCOPPER15M-26OCT050115-15,0.9200,60.04,yes
2026-10-05T05:14:28.394547Z,KXCOPPER15M-26OCT050115-15,0.9400,50.00,yes
2026-10-05T05:14:28.394773Z,KXCOPPER15M-26OCT050115-15,0.9400,11.58,yes
2026-10-05T05:14:28.503451Z,KXCOPPER15M-26OCT050115-15,0.9500,5.00,yes
2026-10-05T05:14:28.504058Z,KXCOPPER15M-26OCT050115-15,0.9600,2.23,yes
2026-10-05T05:14:28.504058Z,KXCOPPER15M-26OCT050115-15,0.9600,2.00,yes
2026-10-05T05:14:28.504058Z,KXCOPPER15M-26OCT050115-15,0.9600,5.00,yes
2026-10-05T05:14:28.804516Z,KXCOPPER15M-26OCT050115-15,0.9500,99.41,no
2026-10-05T05:14:28.806592Z,KXCOPPER15M-26OCT050115-15,0.9500,24.81,no
2026-10-05T05:14:28.806592Z,KXCOPPER15M-26OCT050115-15,0.9500,5.00,no
2026-10-05T05:14:28.806642Z,KXCOPPER15M-26OCT050115-15,0.9500,75.19,no
2026-10-05T05:14:28.812278Z,KXCOPPER15M-26OCT050115-15,0.9400,41.59,no
2026-10-05T05:14:28.852096Z,KXCOPPER15M-26OCT050115-15,0.9400,2.00,yes
2026-10-05T05:14:28.852096Z,KXCOPPER15M-26OCT050115-15,0.9500,98.93,yes
2026-10-05T05:14:28.852096Z,KXCOPPER15M-26OCT050115-15,0.9400,5.00,yes
2026-10-05T05:14:28.852096Z,KXCOPPER15M-26OCT050115-15,0.9400,100.00,yes
2026-10-05T05:14:29.593089Z,KXCOPPER15M-26OCT050115-15,0.9300,160.00,no
2026-10-05T05:14:29.593089Z,KXCOPPER15M-26OCT050115-15,0.9300,4.23,no
2026-10-05T05:14:29.860662Z,KXCOPPER15M-26OCT050115-15,0.9500,2.00,yes
2026-10-05T05:14:29.860662Z,KXCOPPER15M-26OCT050115-15,0.9500,13.03,yes
2026-10-05T05:14:29.935229Z,KXCOPPER15M-26OCT050115-15,0.9500,5.81,yes
2026-10-05T05:14:30.659836Z,KXCOPPER15M-26OCT050115-15,0.9600,2.00,yes
2026-10-05T05:14:30.659836Z,KXCOPPER15M-26OCT050115-15,0.9600,23.96,yes
2026-10-05T05:14:31.189836Z,KXCOPPER15M-26OCT050115-15,0.9400,2.25,no
2026-10-05T05:14:32.025337Z,KXCOPPER15M-26OCT050115-15,0.9400,14.20,yes
2026-10-05T05:14:32.025391Z,KXCOPPER15M-26OCT050115-15,0.9400,33.10,yes
2026-10-05T05:14:33.103732Z,KXCOPPER15M-26OCT050115-15,0.9400,4.53,no
2026-10-05T05:14:34.852529Z,KXCOPPER15M-26OCT050115-15,0.9700,3.00,yes
2026-10-05T05:14:35.225846Z,KXCOPPER15M-26OCT050115-15,0.9800,5.10,yes
2026-10-05T05:14:35.441367Z,KXCOPPER15M-26OCT050115-15,0.9600,40.58,no
2026-10-05T05:14:35.769672Z,KXCOPPER15M-26OCT050115-15,0.9600,2.34,no
2026-10-05T05:14:36.234801Z,KXCOPPER15M-26OCT050115-15,0.9800,3.00,yes
2026-10-05T05:14:37.696945Z,KXCOPPER15M-26OCT050115-15,0.9700,49.66,no
2026-10-05T05:14:38.198018Z,KXCOPPER15M-26OCT050115-15,0.9800,0.03,yes
2026-10-05T05:14:38.198018Z,KXCOPPER15M-26OCT050115-15,0.9800,0.76,yes
2026-10-05T05:14:38.287525Z,KXCOPPER15M-26OCT050115-15,0.9800,3.00,yes
2026-10-05T05:14:38.287525Z,KXCOPPER15M-26OCT050115-15,0.9800,4.97,yes
2026-10-05T05:14:38.509311Z,KXCOPPER15M-26OCT050115-15,0.9900,119.76,yes
2026-10-05T05:14:40.039131Z,KXCOPPER15M-26OCT050115-15,0.9900,201.87,yes
2026-10-05T05:14:40.949883Z,KXCOPPER15M-26OCT050115-15,0.9900,54.50,yes
2026-10-05T05:14:40.960063Z,KXCOPPER15M-26OCT050115-15,0.9900,15.00,yes
2026-10-05T05:14:41.473814Z,KXCOPPER15M-26OCT050115-15,0.9900,25.23,yes
2026-10-05T05:14:43.527679Z,KXCOPPER15M-26OCT050115-15,0.9900,1.00,yes
2026-10-05T05:14:43.527679Z,KXCOPPER15M-26OCT050115-15,0.9900,1.00,yes
2026-10-05T05:14:43.527679Z,KXCOPPER15M-26OCT050115-15,0.9900,20.00,yes
2026-10-05T05:14:43.527679Z,KXCOPPER15M-26OCT050115-15,0.9900,3.23,yes
2026-10-05T05:14:44.363965Z,KXCOPPER15M-26OCT050115-15,0.9800,8.26,no
2026-10-05T05:14:44.363965Z,KXCOPPER15M-26OCT050115-15,0.9800,100.00,no
2026-10-05T05:14:44.366947Z,KXCOPPER15M-26OCT050115-15,0.9800,8.00,no
2026-10-05T05:14:44.371208Z,KXCOPPER15M-26OCT050115-15,0.9800,100.00,no
2026-10-05T05:14:44.371423Z,KXCOPPER15M-26OCT050115-15,0.9800,8.26,no
2026-10-05T05:14:44.932255Z,KXCOPPER15M-26OCT050115-15,0.9900,2.00,yes
2026-10-05T05:14:44.932255Z,KXCOPPER15M-26OCT050115-15,0.9900,2.00,yes
2026-10-05T05:14:44.932255Z,KXCOPPER15M-26OCT050115-15,0.9900,96.77,yes
2026-10-05T05:14:44.932255Z,KXCOPPER15M-26OCT050115-15,0.9900,1.00,yes
2026-10-05T05:14:44.932255Z,KXCOPPER15M-26OCT050115-15,0.9900,2.00,yes
2026-10-05T05:14:44.932255Z,KXCOPPER15M-26OCT050115-15,0.9900,10.00,yes
2026-10-05T05:14:44.932255Z,KXCOPPER15M-26OCT050115-15,0.9900,10.00,yes
2026-10-05T05:14:44.932255Z,KXCOPPER15M-26OCT050115-15,0.9900,100.00,yes
2026-10-05T05:14:44.932255Z,KXCOPPER15M-26OCT050115-15,0.9900,7.00,yes
2026-10-05T05:14:44.932255Z,KXCOPPER15M-26OCT050115-15,0.9900,5.00,yes
2026-10-05T05:14:44.932255Z,KXCOPPER15M-26OCT050115-15,0.9900,5.93,yes
2026-10-05T05:14:44.932255Z,KXCOPPER15M-26OCT050115-15,0.9900,72.37,yes
2026-10-05T05:14:44.932255Z,KXCOPPER15M-26OCT050115-15,0.9900,10.00,yes
2026-10-05T05:14:44.932255Z,KXCOPPER15M-26OCT050115-15,0.9900,12.08,yes
2026-10-05T05:14:44.932255Z,KXCOPPER15M-26OCT050115-15,0.9900,0.09,yes
2026-10-05T05:14:44.932255Z,KXCOPPER15M-26OCT050115-15,0.9900,100.00,yes
2026-10-05T05:14:44.932255Z,KXCOPPER15M-26OCT050115-15,0.9900,1.00,yes
2026-10-05T05:14:48.304075Z,KXCOPPER15M-26OCT050115-15,0.9900,100.00,no
2026-10-05T05:14:48.304075Z,KXCOPPER15M-26OCT050115-15,0.9900,228.36,no
2026-10-05T05:14:48.304075Z,KXCOPPER15M-26OCT050115-15,0.9900,9.00,no
2026-10-05T05:14:48.606014Z,KXCOPPER15M-26OCT050115-15,0.9900,9.35,no
2026-10-05T05:14:50.552131Z,KXCOPPER15M-26OCT050115-15,0.9900,63.99,no
2026-10-05T05:14:50.71434Z,KXCOPPER15M-26OCT050115-15,0.9900,24.04,no
2026-10-05T05:14:50.71434Z,KXCOPPER15M-26OCT050115-15,0.9900,26.66,no
2026-10-05T05:14:50.71434Z,KXCOPPER15M-26OCT050115-15,0.9900,9.00,no
2026-10-05T05:14:50.71434Z,KXCOPPER15M-26OCT050115-15,0.9900,5.00,no
2026-10-05T05:14:51.632835Z,KXCOPPER15M-26OCT050115-15,0.9900,0.38,no
2026-10-05T05:14:52.552304Z,KXCOPPER15M-26OCT050115-15,0.9900,15.58,no
2026-10-05T05:14:52.552304Z,KXCOPPER15M-26OCT050115-15,0.9900,5.39,no
2026-10-05T05:14:53.58485Z,KXCOPPER15M-26OCT050115-15,0.9900,87.32,no
2026-10-05T05:14:53.58485Z,KXCOPPER15M-26OCT050115-15,0.9900,15.00,no
2026-10-05T05:14:53.58485Z,KXCOPPER15M-26OCT050115-15,0.9900,94.61,no
2026-10-05T05:14:53.58485Z,KXCOPPER15M-26OCT050115-15,0.9900,9.00,no
2026-10-05T05:14:59.863786Z,KXCOPPER15M-26OCT050115-15,0.9900,10.45,no
2026-10-05T05:13:53.036205Z,KXHYPE15M-26OCT050115-15,0.5300,10.00,yes
2026-10-05T05:13:53.036205Z,KXHYPE15M-26OCT050115-15,0.5300,25.00,yes
2026-10-05T05:13:53.959817Z,KXHYPE15M-26OCT050115-15,0.4800,6.00,no
2026-10-05T05:13:53.959817Z,KXHYPE15M-26OCT050115-15,0.4900,6.00,no
2026-10-05T05:13:54.050056Z,KXHYPE15M-26OCT050115-15,0.5300,10.00,yes
2026-10-05T05:13:55.058011Z,KXHYPE15M-26OCT050115-15,0.4800,51.31,no
2026-10-05T05:13:55.058011Z,KXHYPE15M-26OCT050115-15,0.4800,6.00,no
2026-10-05T05:13:55.058011Z,KXHYPE15M-26OCT050115-15,0.4900,6.00,no
2026-10-05T05:13:55.058011Z,KXHYPE15M-26OCT050115-15,0.4900,27.00,no
2026-10-05T05:13:55.21152Z,KXHYPE15M-26OCT050115-15,0.4800,173.69,no
2026-10-05T05:13:55.21152Z,KXHYPE15M-26OCT050115-15,0.4800,6.00,no
2026-10-05T05:13:55.21152Z,KXHYPE15M-26OCT050115-15,0.4900,3.00,no
2026-10-05T05:13:55.21152Z,KXHYPE15M-26OCT050115-15,0.4900,6.00,no
2026-10-05T05:13:55.21152Z,KXHYPE15M-26OCT050115-15,0.5000,225.00,no
2026-10-05T05:13:56.032101Z,KXHYPE15M-26OCT050115-15,0.5400,10.00,yes
2026-10-05T05:13:56.032101Z,KXHYPE15M-26OCT050115-15,0.5400,32.00,yes
2026-10-05T05:13:56.600662Z,KXHYPE15M-26OCT050115-15,0.4900,6.00,no
2026-10-05T05:13:56.600662Z,KXHYPE15M-26OCT050115-15,0.4800,6.00,no
2026-10-05T05:13:56.600662Z,KXHYPE15M-26OCT050115-15,0.4800,20.00,no
2026-10-05T05:13:56.600662Z,KXHYPE15M-26OCT050115-15,0.4900,4.00,no
2026-10-05T05:13:57.062863Z,KXHYPE15M-26OCT050115-15,0.5600,10.00,yes
2026-10-05T05:13:57.450654Z,KXHYPE15M-26OCT050115-15,0.5600,3.46,yes
2026-10-05T05:13:57.623029Z,KXHYPE15M-26OCT050115-15,0.4900,6.00,no
2026-10-05T05:13:57.623029Z,KXHYPE15M-26OCT050115-15,0.5100,225.00,no
2026-10-05T05:13:57.623029Z,KXHYPE15M-26OCT050115-15,0.4800,6.00,no
2026-10-05T05:13:57.623029Z,KXHYPE15M-26OCT050115-15,0.4800,225.00,no
2026-10-05T05:13:57.623029Z,KXHYPE15M-26OCT050115-15,0.4800,20.00,no
2026-10-05T05:13:58.105758Z,KXHYPE15M-26OCT050115-15,0.5800,10.00,yes
2026-10-05T05:13:58.105758Z,KXHYPE15M-26OCT050115-15,0.5900,9.32,yes
2026-10-05T05:13:59.031572Z,KXHYPE15M-26OCT050115-15,0.5600,15.00,yes
2026-10-05T05:13:59.031572Z,KXHYPE15M-26OCT050115-15,0.5600,10.00,yes
2026-10-05T05:13:59.602815Z,KXHYPE15M-26OCT050115-15,0.5400,17.94,yes
2026-10-05T05:13:59.845773Z,KXHYPE15M-26OCT050115-15,0.5000,225.00,no
2026-10-05T05:13:59.845773Z,KXHYPE15M-26OCT050115-15,0.5000,14.00,no
2026-10-05T05:13:59.845773Z,KXHYPE15M-26OCT050115-15,0.5100,20.00,no
2026-10-05T05:14:00.594562Z,KXHYPE15M-26OCT050115-15,0.5600,7.32,yes
2026-10-05T05:14:00.594562Z,KXHYPE15M-26OCT050115-15,0.5600,10.00,yes
2026-10-05T05:14:02.064893Z,KXHYPE15M-26OCT050115-15,0.5700,10.21,yes
2026-10-05T05:14:02.451041Z,KXHYPE15M-26OCT050115-15,0.5100,20.00,no
2026-10-05T05:14:02.451041Z,KXHYPE15M-26OCT050115-15,0.5300,3.13,no
2026-10-05T05:14:02.451041Z,KXHYPE15M-26OCT050115-15,0.5300,20.00,no
2026-10-05T05:14:02.458419Z,KXHYPE15M-26OCT050115-15,0.5100,156.87,yes
2026-10-05T05:14:03.312379Z,KXHYPE15M-26OCT050115-15,0.5600,169.00,yes
2026-10-05T05:14:03.4441Z,KXHYPE15M-26OCT050115-15,0.5600,3.22,yes
2026-10-05T05:14:04.159218Z,KXHYPE15M-26OCT050115-15,0.5700,0.47,yes
2026-10-05T05:14:04.159218Z,KXHYPE15M-26OCT050115-15,0.5800,10.00,yes
2026-10-05T05:14:04.159218Z,KXHYPE15M-26OCT050115-15,0.6000,225.00,yes
2026-10-05T05:14:04.159218Z,KXHYPE15M-26OCT050115-15,0.5700,25.00,yes
2026-10-05T05:14:04.159218Z,KXHYPE15M-26OCT050115-15,0.5800,225.00,yes
2026-10-05T05:14:04.917967Z,KXHYPE15M-26OCT050115-15,0.5800,10.00,yes
2026-10-05T05:14:04.917967Z,KXHYPE15M-26OCT050115-15,0.5900,24.00,yes
2026-10-05T05:14:05.412117Z,KXHYPE15M-26OCT050115-15,0.5800,8.00,yes
2026-10-05T05:14:05.89258Z,KXHYPE15M-26OCT050115-15,0.5600,23.00,yes
2026-10-05T05:14:06.032968Z,KXHYPE15M-26OCT050115-15,0.4500,26.00,no
2026-10-05T05:14:06.117317Z,KXHYPE15M-26OCT050115-15,0.4200,22.94,no
2026-10-05T05:14:06.118866Z,KXHYPE15M-26OCT050115-15,0.3600,6.00,no
2026-10-05T05:14:06.118866Z,KXHYPE15M-26OCT050115-15,0.3600,27.00,no
2026-10-05T05:14:06.126787Z,KXHYPE15M-26OCT050115-15,0.3500,10.00,no
2026-10-05T05:14:06.152615Z,KXHYPE15M-26OCT050115-15,0.3700,15.00,yes
2026-10-05T05:14:06.152615Z,KXHYPE15M-26OCT050115-15,0.3500,225.00,yes
2026-10-05T05:14:06.172245Z,KXHYPE15M-26OCT050115-15,0.3600,10.00,yes
2026-10-05T05:14:06.172245Z,KXHYPE15M-26OCT050115-15,0.3600,15.00,yes
2026-10-05T05:14:06.932245Z,KXHYPE15M-26OCT050115-15,0.3000,100.00,no
2026-10-05T05:14:07.018224Z,KXHYPE15M-26OCT050115-15,0.1800,36.28,no
2026-10-05T05:14:07.018224Z,KXHYPE15M-26OCT050115-15,0.1900,24.00,no
2026-10-05T05:14:07.018224Z,KXHYPE15M-26OCT050115-15,0.2500,13.72,no
2026-10-05T05:14:07.018224Z,KXHYPE15M-26OCT050115-15,0.2000,1.00,no
2026-10-05T05:14:08.653555Z,KXHYPE15M-26OCT050115-15,0.2000,34.95,no
2026-10-05T05:14:08.653555Z,KXHYPE15M-26OCT050115-15,0.2200,225.00,no
2026-10-05T05:14:08.838651Z,KXHYPE15M-26OCT050115-15,0.1900,0.01,yes
2026-10-05T05:14:08.838651Z,KXHYPE15M-26OCT050115-15,0.2200,75.00,yes
2026-10-05T05:14:08.850947Z,KXHYPE15M-26OCT050115-15,0.2400,0.01,yes
2026-10-05T05:14:08.863074Z,KXHYPE15M-26OCT050115-15,0.2400,3.13,yes
2026-10-05T05:14:08.867753Z,KXHYPE15M-26OCT050115-15,0.3500,26.00,yes
2026-10-05T05:14:08.867753Z,KXHYPE15M-26OCT050115-15,0.3600,8.00,yes
2026-10-05T05:14:08.8742Z,KXHYPE15M-26OCT050115-15,0.3400,10.00,yes
2026-10-05T05:14:08.8742Z,KXHYPE15M-26OCT050115-15,0.3400,26.00,yes
2026-10-05T05:14:08.906023Z,KXHYPE15M-26OCT050115-15,0.3800,3.31,yes
2026-10-05T05:14:08.906023Z,KXHYPE15M-26OCT050115-15,0.3800,10.00,yes
2026-10-05T05:14:08.906023Z,KXHYPE15M-26OCT050115-15,0.3800,8.00,yes
2026-10-05T05:14:09.014882Z,KXHYPE15M-26OCT050115-15,0.3500,29.14,no
2026-10-05T05:14:09.03943Z,KXHYPE15M-26OCT050115-15,0.3500,7.00,no
2026-10-05T05:14:09.050468Z,KXHYPE15M-26OCT050115-15,0.3500,77.00,no
2026-10-05T05:14:09.187798Z,KXHYPE15M-26OCT050115-15,0.3300,117.00,no
2026-10-05T05:14:09.91945Z,KXHYPE15M-26OCT050115-15,0.3100,1.51,yes
2026-10-05T05:14:10.374913Z,KXHYPE15M-26OCT050115-15,0.1600,1.00,no
2026-10-05T05:14:10.374913Z,KXHYPE15M-26OCT050115-15,0.1600,599.99,no
2026-10-05T05:14:10.374913Z,KXHYPE15M-26OCT050115-15,0.2100,3.31,no
2026-10-05T05:14:10.374913Z,KXHYPE15M-26OCT050115-15,0.1600,58.00,no
2026-10-05T05:14:10.37557Z,KXHYPE15M-26OCT050115-15,0.1300,20.70,no
2026-10-05T05:14:10.37557Z,KXHYPE15M-26OCT050115-15,0.1300,8.99,no
2026-10-05T05:14:10.37557Z,KXHYPE15M-26OCT050115-15,0.1600,0.01,no
2026-10-05T05:14:10.37914Z,KXHYPE15M-26OCT050115-15,0.1300,0.01,no
2026-10-05T05:14:10.37914Z,KXHYPE15M-26OCT050115-15,0.1100,120.00,no
2026-10-05T05:14:10.37914Z,KXHYPE15M-26OCT050115-15,0.1100,5.99,no
2026-10-05T05:14:10.37914Z,KXHYPE15M-26OCT050115-15,0.1200,22.00,no
2026-10-05T05:14:10.37914Z,KXHYPE15M-26OCT050115-15,0.1200,6.00,no
2026-10-05T05:14:10.37914Z,KXHYPE15M-26OCT050115-15,0.1100,873.00,no
2026-10-05T05:14:10.396544Z,KXHYPE15M-26OCT050115-15,0.1200,4.41,yes
2026-10-05T05:14:11.375388Z,KXHYPE15M-26OCT050115-15,0.0910,12.00,yes
2026-10-05T05:14:11.375388Z,KXHYPE15M-26OCT050115-15,0.1200,20.02,yes
2026-10-05T05:14:11.930676Z,KXHYPE15M-26OCT050115-15,0.0920,49.91,yes
2026-10-05T05:14:12.148816Z,KXHYPE15M-26OCT050115-15,0.1000,22.36,yes
2026-10-05T05:14:12.448374Z,KXHYPE15M-26OCT050115-15,0.1000,72.00,yes
2026-10-05T05:14:12.448374Z,KXHYPE15M-26OCT050115-15,0.1000,20.38,yes
2026-10-05T05:14:12.448374Z,KXHYPE15M-26OCT050115-15,0.1000,36.00,yes
2026-10-05T05:14:12.448374Z,KXHYPE15M-26OCT050115-15,0.1000,8.64,yes
2026-10-05T05:14:12.49503Z,KXHYPE15M-26OCT050115-15,0.1100,40.86,yes
2026-10-05T05:14:14.260038Z,KXHYPE15M-26OCT050115-15,0.1100,90.31,yes
2026-10-05T05:14:14.510885Z,KXHYPE15M-26OCT050115-15,0.1100,7.97,yes
2026-10-05T05:14:14.510885Z,KXHYPE15M-26OCT050115-15,0.1100,93.83,yes
2026-10-05T05:14:14.513697Z,KXHYPE15M-26OCT050115-15,0.1200,34.00,yes
2026-10-05T05:14:14.513697Z,KXHYPE15M-26OCT050115-15,0.1300,55.55,yes
2026-10-05T05:14:15.063642Z,KXHYPE15M-26OCT050115-15,0.0800,225.00,no
2026-10-05T05:14:15.127Z,KXHYPE15M-26OCT050115-15,0.0630,1.00,no
2026-10-05T05:14:15.261338Z,KXHYPE15M-26OCT050115-15,0.0630,12.00,no
2026-10-05T05:14:15.261338Z,KXHYPE15M-26OCT050115-15,0.0630,8.00,no
2026-10-05T05:14:15.36734Z,KXHYPE15M-26OCT050115-15,0.0620,1.00,no
2026-10-05T05:14:15.996507Z,KXHYPE15M-26OCT050115-15,0.1800,7.61,yes
2026-10-05T05:14:15.996507Z,KXHYPE15M-26OCT050115-15,0.1700,10.00,yes
2026-10-05T05:14:16.039804Z,KXHYPE15M-26OCT050115-15,0.1300,46.00,no
2026-10-05T05:14:16.111994Z,KXHYPE15M-26OCT050115-15,0.1300,132.00,no
2026-10-05T05:14:16.465558Z,KXHYPE15M-26OCT050115-15,0.1300,24.00,no
2026-10-05T05:14:16.941516Z,KXHYPE15M-26OCT050115-15,0.2100,26.00,yes
2026-10-05T05:14:16.941516Z,KXHYPE15M-26OCT050115-15,0.2000,8.43,yes
2026-10-05T05:14:16.941516Z,KXHYPE15M-26OCT050115-15,0.1900,10.00,yes
2026-10-05T05:14:16.941859Z,KXHYPE15M-26OCT050115-15,0.2700,5.00,yes
2026-10-05T05:14:16.941859Z,KXHYPE15M-26OCT050115-15,0.2800,100.00,yes
2026-10-05T05:14:16.954095Z,KXHYPE15M-26OCT050115-15,0.3800,10.00,yes
2026-10-05T05:14:16.955062Z,KXHYPE15M-26OCT050115-15,0.3800,15.00,yes
2026-10-05T05:14:16.955062Z,KXHYPE15M-26OCT050115-15,0.4200,24.00,yes
2026-10-05T05:14:17.078004Z,KXHYPE15M-26OCT050115-15,0.4300,225.00,no
2026-10-05T05:14:17.078004Z,KXHYPE15M-26OCT050115-15,0.4500,225.00,no
2026-10-05T05:14:17.078004Z,KXHYPE15M-26OCT050115-15,0.4600,26.00,no
2026-10-05T05:14:17.125268Z,KXHYPE15M-26OCT050115-15,0.3800,26.00,no
2026-10-05T05:14:17.125268Z,KXHYPE15M-26OCT050115-15,0.3900,225.00,no
2026-10-05T05:14:17.125268Z,KXHYPE15M-26OCT050115-15,0.3700,56.00,no
2026-10-05T05:14:17.167291Z,KXHYPE15M-26OCT050115-15,0.3700,1.00,no
2026-10-05T05:14:17.20526Z,KXHYPE15M-26OCT050115-15,0.3400,28.00,no
2026-10-05T05:14:17.20526Z,KXHYPE15M-26OCT050115-15,0.3400,6.00,no
2026-10-05T05:14:17.20526Z,KXHYPE15M-26OCT050115-15,0.3500,225.00,no
2026-10-05T05:14:17.517898Z,KXHYPE15M-26OCT050115-15,0.4100,17.73,yes
2026-10-05T05:14:17.561227Z,KXHYPE15M-26OCT050115-15,0.3000,10.00,no
2026-10-05T05:14:17.561227Z,KXHYPE15M-26OCT050115-15,0.3000,27.00,no
2026-10-05T05:14:17.561227Z,KXHYPE15M-26OCT050115-15,0.2900,225.00,no
2026-10-05T05:14:17.561227Z,KXHYPE15M-26OCT050115-15,0.2700,175.47,no
2026-10-05T05:14:17.650722Z,KXHYPE15M-26OCT050115-15,0.2800,10.00,no
2026-10-05T05:14:17.650722Z,KXHYPE15M-26OCT050115-15,0.2700,40.00,no
2026-10-05T05:14:17.743055Z,KXHYPE15M-26OCT050115-15,0.2700,5.00,no
2026-10-05T05:14:17.909268Z,KXHYPE15M-26OCT050115-15,0.3100,1.00,no
2026-10-05T05:14:17.909268Z,KXHYPE15M-26OCT050115-15,0.3100,6.00,no
2026-10-05T05:14:18.12487Z,KXHYPE15M-26OCT050115-15,0.1400,7.00,no
2026-10-05T05:14:18.12487Z,KXHYPE15M-26OCT050115-15,0.1300,43.00,no
2026-10-05T05:14:18.12487Z,KXHYPE15M-26OCT050115-15,0.1500,10.00,no
2026-10-05T05:14:18.12487Z,KXHYPE15M-26OCT050115-15,0.1400,24.00,no
2026-10-05T05:14:18.634277Z,KXHYPE15M-26OCT050115-15,0.1000,10.00,no
2026-10-05T05:14:18.634277Z,KXHYPE15M-26OCT050115-15,0.0960,7.94,no
2026-10-05T05:14:19.123413Z,KXHYPE15M-26OCT050115-15,0.2000,19.78,yes
2026-10-05T05:14:19.207223Z,KXHYPE15M-26OCT050115-15,0.1800,200.00,yes
2026-10-05T05:14:19.219914Z,KXHYPE15M-26OCT050115-15,0.1500,1.68,no
2026-10-05T05:14:19.25557Z,KXHYPE15M-26OCT050115-15,0.1700,10.00,no
2026-10-05T05:14:19.25557Z,KXHYPE15M-26OCT050115-15,0.1700,10.00,no
2026-10-05T05:14:19.32608Z,KXHYPE15M-26OCT050115-15,0.0900,10.00,no
2026-10-05T05:14:19.32608Z,KXHYPE15M-26OCT050115-15,0.0910,10.00,no
2026-10-05T05:14:19.67411Z,KXHYPE15M-26OCT050115-15,0.0540,7.00,yes
2026-10-05T05:14:19.785813Z,KXHYPE15M-26OCT050115-15,0.0510,10.00,no
2026-10-05T05:14:19.832232Z,KXHYPE15M-26OCT050115-15,0.0500,149.99,no
2026-10-05T05:14:19.832232Z,KXHYPE15M-26OCT050115-15,0.0510,10.00,no
2026-10-05T05:14:19.832232Z,KXHYPE15M-26OCT050115-15,0.0500,1.00,no
2026-10-05T05:14:19.832232Z,KXHYPE15M-26OCT050115-15,0.0500,3.00,no
2026-10-05T05:14:19.84354Z,KXHYPE15M-26OCT050115-15,0.0510,10.00,no
2026-10-05T05:14:19.865703Z,KXHYPE15M-26OCT050115-15,0.0500,0.01,no
2026-10-05T05:14:19.865703Z,KXHYPE15M-26OCT050115-15,0.0510,10.00,no
2026-10-05T05:14:20.023509Z,KXHYPE15M-26OCT050115-15,0.0540,5.20,yes
2026-10-05T05:14:20.138336Z,KXHYPE15M-26OCT050115-15,0.0540,0.17,yes
2026-10-05T05:14:20.33713Z,KXHYPE15M-26OCT050115-15,0.0450,1.00,no
2026-10-05T05:14:20.420986Z,KXHYPE15M-26OCT050115-15,0.0540,23.67,yes
2026-10-05T05:14:20.61753Z,KXHYPE15M-26OCT050115-15,0.0600,11.04,yes
2026-10-05T05:14:20.61753Z,KXHYPE15M-26OCT050115-15,0.0540,188.96,yes
2026-10-05T05:14:20.707326Z,KXHYPE15M-26OCT050115-15,0.0450,2.00,no
2026-10-05T05:14:20.759994Z,KXHYPE15M-26OCT050115-15,0.0300,1.00,no
2026-10-05T05:14:20.759994Z,KXHYPE15M-26OCT050115-15,0.0400,1.00,no
2026-10-05T05:14:20.759994Z,KXHYPE15M-26OCT050115-15,0.0300,10.00,no
2026-10-05T05:14:20.759994Z,KXHYPE15M-26OCT050115-15,0.0450,10.00,no
2026-10-05T05:14:20.759994Z,KXHYPE15M-26OCT050115-15,0.0310,21.00,no
2026-10-05T05:14:20.759994Z,KXHYPE15M-26OCT050115-15,0.0300,9.33,no
2026-10-05T05:14:20.759994Z,KXHYPE15M-26OCT050115-15,0.0440,1.00,no
2026-10-05T05:14:20.759994Z,KXHYPE15M-26OCT050115-15,0.0310,1.00,no
2026-10-05T05:14:20.759994Z,KXHYPE15M-26OCT050115-15,0.0300,12.00,no
2026-10-05T05:14:20.871491Z,KXHYPE15M-26OCT050115-15,0.0550,21.39,yes
2026-10-05T05:14:21.475217Z,KXHYPE15M-26OCT050115-15,0.0730,24.51,yes
2026-10-05T05:14:21.502758Z,KXHYPE15M-26OCT050115-15,0.0730,10.33,yes
2026-10-05T05:14:22.758678Z,KXHYPE15M-26OCT050115-15,0.0720,20.67,yes
2026-10-05T05:14:22.851652Z,KXHYPE15M-26OCT050115-15,0.0720,204.33,yes
2026-10-05T05:14:22.851652Z,KXHYPE15M-26OCT050115-15,0.0910,30.00,yes
2026-10-05T05:14:22.851652Z,KXHYPE15M-26OCT050115-15,0.0910,6.00,yes
2026-10-05T05:14:23.339923Z,KXHYPE15M-26OCT050115-15,0.0880,8.00,yes
2026-10-05T05:14:23.339923Z,KXHYPE15M-26OCT050115-15,0.0880,17.00,yes
2026-10-05T05:14:24.001077Z,KXHYPE15M-26OCT050115-15,0.0280,5.00,no
2026-10-05T05:14:24.132889Z,KXHYPE15M-26OCT050115-15,0.0890,8.00,yes
2026-10-05T05:14:24.132889Z,KXHYPE15M-26OCT050115-15,0.0880,1.76,yes
2026-10-05T05:14:24.132889Z,KXHYPE15M-26OCT050115-15,0.0900,8.00,yes
2026-10-05T05:14:24.132889Z,KXHYPE15M-26OCT050115-15,0.0880,26.00,yes
2026-10-05T05:14:24.134502Z,KXHYPE15M-26OCT050115-15,0.1100,8.00,yes
2026-10-05T05:14:24.159045Z,KXHYPE15M-26OCT050115-15,0.1300,2.22,no
2026-10-05T05:14:24.176178Z,KXHYPE15M-26OCT050115-15,0.1300,1.50,no
2026-10-05T05:14:24.630712Z,KXHYPE15M-26OCT050115-15,0.1100,40.00,no
2026-10-05T05:14:24.630712Z,KXHYPE15M-26OCT050115-15,0.1100,22.00,no
2026-10-05T05:14:24.630712Z,KXHYPE15M-26OCT050115-15,0.1200,10.00,no
2026-10-05T05:14:24.631274Z,KXHYPE15M-26OCT050115-15,0.0810,935.39,no
2026-10-05T05:14:24.655465Z,KXHYPE15M-26OCT050115-15,0.0810,9.99,no
2026-10-05T05:14:24.655465Z,KXHYPE15M-26OCT050115-15,0.0810,249.61,no
2026-10-05T05:14:25.122443Z,KXHYPE15M-26OCT050115-15,0.0210,1.27,no
2026-10-05T05:14:25.122443Z,KXHYPE15M-26OCT050115-15,0.0210,20.00,no
2026-10-05T05:14:25.122443Z,KXHYPE15M-26OCT050115-15,0.0220,20.00,no
2026-10-05T05:14:25.122443Z,KXHYPE15M-26OCT050115-15,0.0220,34.00,no
2026-10-05T05:14:25.122443Z,KXHYPE15M-26OCT050115-15,0.0220,9.73,no
2026-10-05T05:14:25.122486Z,KXHYPE15M-26OCT050115-15,0.0210,25.73,no
2026-10-05T05:14:25.122486Z,KXHYPE15M-26OCT050115-15,0.0200,20.00,no
2026-10-05T05:14:25.122486Z,KXHYPE15M-26OCT050115-15,0.0200,18.18,no
2026-10-05T05:14:25.122486Z,KXHYPE15M-26OCT050115-15,0.0200,1.00,no
2026-10-05T05:14:25.122486Z,KXHYPE15M-26OCT050115-15,0.0200,3.09,no
2026-10-05T05:14:25.122789Z,KXHYPE15M-26OCT050115-15,0.0200,25.00,no
2026-10-05T05:14:25.122789Z,KXHYPE15M-26OCT050115-15,0.0200,31.82,no
2026-10-05T05:14:25.809148Z,KXHYPE15M-26OCT050115-15,0.0300,124.85,yes
2026-10-05T05:14:26.982899Z,KXHYPE15M-26OCT050115-15,0.0220,20.00,yes
2026-10-05T05:14:26.982899Z,KXHYPE15M-26OCT050115-15,0.0210,20.00,yes
2026-10-05T05:14:26.982899Z,KXHYPE15M-26OCT050115-15,0.0220,3.39,yes
2026-10-05T05:14:27.149149Z,KXHYPE15M-26OCT050115-15,0.0190,10.00,no
2026-10-05T05:14:27.702557Z,KXHYPE15M-26OCT050115-15,0.0460,24.00,yes
2026-10-05T05:14:27.702557Z,KXHYPE15M-26OCT050115-15,0.0300,15.00,yes
2026-10-05T05:14:27.702557Z,KXHYPE15M-26OCT050115-15,0.0460,7.00,yes
2026-10-05T05:14:27.702557Z,KXHYPE15M-26OCT050115-15,0.0220,16.61,yes
2026-10-05T05:14:27.702557Z,KXHYPE15M-26OCT050115-15,0.0470,30.23,yes
2026-10-05T05:14:27.702557Z,KXHYPE15M-26OCT050115-15,0.0210,10.00,yes
2026-10-05T05:14:28.088824Z,KXHYPE15M-26OCT050115-15,0.0280,19.94,yes
2026-10-05T05:14:28.189553Z,KXHYPE15M-26OCT050115-15,0.0280,66.87,yes
2026-10-05T05:14:28.223215Z,KXHYPE15M-26OCT050115-15,0.0180,10.00,no
2026-10-05T05:14:28.223215Z,KXHYPE15M-26OCT050115-15,0.0190,10.00,no
2026-10-05T05:14:28.387592Z,KXHYPE15M-26OCT050115-15,0.0270,33.00,yes
2026-10-05T05:14:28.387592Z,KXHYPE15M-26OCT050115-15,0.0280,13.87,yes
2026-10-05T05:14:28.387592Z,KXHYPE15M-26OCT050115-15,0.0270,10.00,yes
2026-10-05T05:14:28.387592Z,KXHYPE15M-26OCT050115-15,0.0270,10.00,yes
2026-10-05T05:14:28.518678Z,KXHYPE15M-26OCT050115-15,0.0420,2.02,no
2026-10-05T05:14:28.66858Z,KXHYPE15M-26OCT050115-15,0.0500,16.44,yes
2026-10-05T05:14:28.66858Z,KXHYPE15M-26OCT050115-15,0.0500,7.05,yes
2026-10-05T05:14:28.877134Z,KXHYPE15M-26OCT050115-15,0.0660,10.00,no
2026-10-05T05:14:28.889738Z,KXHYPE15M-26OCT050115-15,0.0660,79.00,no
2026-10-05T05:14:29.187113Z,KXHYPE15M-26OCT050115-15,0.0230,27.64,no
2026-10-05T05:14:29.779528Z,KXHYPE15M-26OCT050115-15,0.0750,51.64,yes
2026-10-05T05:14:30.02559Z,KXHYPE15M-26OCT050115-15,0.0210,128.00,no
2026-10-05T05:14:30.079361Z,KXHYPE15M-26OCT050115-15,0.0210,55.36,no
2026-10-05T05:14:30.212593Z,KXHYPE15M-26OCT050115-15,0.0420,12.52,yes
2026-10-05T05:14:30.339006Z,KXHYPE15M-26OCT050115-15,0.0410,1.00,yes
2026-10-05T05:14:30.339006Z,KXHYPE15M-26OCT050115-15,0.0420,126.00,yes
2026-10-05T05:14:30.339006Z,KXHYPE15M-26OCT050115-15,0.0410,23.00,yes
2026-10-05T05:14:30.355556Z,KXHYPE15M-26OCT050115-15,0.0420,1.13,yes
2026-10-05T05:14:32.656531Z,KXHYPE15M-26OCT050115-15,0.0410,23.00,yes
2026-10-05T05:14:32.656531Z,KXHYPE15M-26OCT050115-15,0.0420,210.72,yes
2026-10-05T05:14:32.656531Z,KXHYPE15M-26OCT050115-15,0.0260,225.00,yes
2026-10-05T05:14:33.218959Z,KXHYPE15M-26OCT050115-15,0.0210,200.00,no
2026-10-05T05:14:33.602486Z,KXHYPE15M-26OCT050115-15,0.0210,200.00,no
2026-10-05T05:14:33.621372Z,KXHYPE15M-26OCT050115-15,0.0210,300.00,no
2026-10-05T05:14:33.707561Z,KXHYPE15M-26OCT050115-15,0.0210,1.00,no
2026-10-05T05:14:33.710877Z,KXHYPE15M-26OCT050115-15,0.0420,14.28,yes
2026-10-05T05:14:33.710877Z,KXHYPE15M-26OCT050115-15,0.0220,225.00,yes
2026-10-05T05:14:34.055409Z,KXHYPE15M-26OCT050115-15,0.0210,50.00,no
2026-10-05T05:14:34.056666Z,KXHYPE15M-26OCT050115-15,0.0210,49.00,no
2026-10-05T05:14:35.054297Z,KXHYPE15M-26OCT050115-15,0.0220,0.85,yes
2026-10-05T05:14:35.134952Z,KXHYPE15M-26OCT050115-15,0.0210,16.00,no
2026-10-05T05:14:36.488415Z,KXHYPE15M-26OCT050115-15,0.0220,42.54,yes
2026-10-05T05:14:37.131565Z,KXHYPE15M-26OCT050115-15,0.0220,30.57,yes
2026-10-05T05:14:38.119335Z,KXHYPE15M-26OCT050115-15,0.0120,1.24,no
2026-10-05T05:14:38.119335Z,KXHYPE15M-26OCT050115-15,0.0130,6.00,no
2026-10-05T05:14:38.119335Z,KXHYPE15M-26OCT050115-15,0.0210,0.64,no
2026-10-05T05:14:38.145391Z,KXHYPE15M-26OCT050115-15,0.0110,50.00,no
2026-10-05T05:14:38.228732Z,KXHYPE15M-26OCT050115-15,0.0110,17.00,no
2026-10-05T05:14:39.007892Z,KXHYPE15M-26OCT050115-15,0.0110,50.00,no
2026-10-05T05:14:39.027411Z,KXHYPE15M-26OCT050115-15,0.0110,2.00,no
2026-10-05T05:14:39.061218Z,KXHYPE15M-26OCT050115-15,0.0100,20.00,no
2026-10-05T05:14:39.061218Z,KXHYPE15M-26OCT050115-15,0.0110,61.00,no
2026-10-05T05:14:39.061218Z,KXHYPE15M-26OCT050115-15,0.0110,51.00,no
2026-10-05T05:14:39.061218Z,KXHYPE15M-26OCT050115-15,0.0110,1.00,no
2026-10-05T05:14:39.061218Z,KXHYPE15M-26OCT050115-15,0.0100,15.39,no
2026-10-05T05:14:39.061218Z,KXHYPE15M-26OCT050115-15,0.0100,10.25,no
2026-10-05T05:14:39.061218Z,KXHYPE15M-26OCT050115-15,0.0100,2.08,no
2026-10-05T05:14:39.061218Z,KXHYPE15M-26OCT050115-15,0.0100,2.00,no
2026-10-05T05:14:39.602201Z,KXHYPE15M-26OCT050115-15,0.0090,14.42,no
2026-10-05T05:14:39.701722Z,KXHYPE15M-26OCT050115-15,0.0090,1.84,no
2026-10-05T05:14:39.898405Z,KXHYPE15M-26OCT050115-15,0.0100,14.42,yes
2026-10-05T05:14:39.898405Z,KXHYPE15M-26OCT050115-15,0.0110,19.02,yes
2026-10-05T05:14:39.898405Z,KXHYPE15M-26OCT050115-15,0.0100,1.84,yes
2026-10-05T05:14:39.898405Z,KXHYPE15M-26OCT050115-15,0.0100,3.11,yes
2026-10-05T05:14:40.155857Z,KXHYPE15M-26OCT050115-15,0.0110,0.98,yes
2026-10-05T05:14:40.155857Z,KXHYPE15M-26OCT050115-15,0.0140,7.00,yes
2026-10-05T05:14:40.155857Z,KXHYPE15M-26OCT050115-15,0.0150,37.02,yes
2026-10-05T05:14:40.923108Z,KXHYPE15M-26OCT050115-15,0.0160,38.05,yes
2026-10-05T05:14:40.923108Z,KXHYPE15M-26OCT050115-15,0.0150,20.00,yes
2026-10-05T05:14:40.923108Z,KXHYPE15M-26OCT050115-15,0.0100,0.42,yes
2026-10-05T05:14:41.001046Z,KXHYPE15M-26OCT050115-15,0.0110,38.00,no
2026-10-05T05:14:41.007888Z,KXHYPE15M-26OCT050115-15,0.0110,0.05,no
2026-10-05T05:14:42.065032Z,KXHYPE15M-26OCT050115-15,0.0090,3.74,no
2026-10-05T05:14:42.065032Z,KXHYPE15M-26OCT050115-15,0.0070,20.00,no
2026-10-05T05:14:42.065032Z,KXHYPE15M-26OCT050115-15,0.0060,20.00,no
2026-10-05T05:14:42.065032Z,KXHYPE15M-26OCT050115-15,0.0080,20.00,no
2026-10-05T05:14:42.065032Z,KXHYPE15M-26OCT050115-15,0.0050,99.26,no
2026-10-05T05:14:42.065032Z,KXHYPE15M-26OCT050115-15,0.0090,54.00,no
2026-10-05T05:14:42.065032Z,KXHYPE15M-26OCT050115-15,0.0060,6.00,no
2026-10-05T05:14:42.095567Z,KXHYPE15M-26OCT050115-15,0.0050,20.00,no
2026-10-05T05:14:42.095567Z,KXHYPE15M-26OCT050115-15,0.0050,77.74,no
2026-10-05T05:14:42.095567Z,KXHYPE15M-26OCT050115-15,0.0050,11.00,no
2026-10-05T05:14:42.406252Z,KXHYPE15M-26OCT050115-15,0.0040,1.00,no
2026-10-05T05:14:43.019493Z,KXHYPE15M-26OCT050115-15,0.0040,1.50,no
2026-10-05T05:14:43.236477Z,KXHYPE15M-26OCT050115-15,0.0050,0.64,yes
2026-10-05T05:14:44.322443Z,KXHYPE15M-26OCT050115-15,0.0080,3.17,yes
2026-10-05T05:14:44.322443Z,KXHYPE15M-26OCT050115-15,0.0050,126.36,yes
2026-10-05T05:14:44.322443Z,KXHYPE15M-26OCT050115-15,0.0070,20.00,yes
2026-10-05T05:14:44.322443Z,KXHYPE15M-26OCT050115-15,0.0060,20.00,yes
2026-10-05T05:14:44.322443Z,KXHYPE15M-26OCT050115-15,0.0050,1.00,yes
2026-10-05T05:14:44.322443Z,KXHYPE15M-26OCT050115-15,0.0050,1.50,yes
2026-10-05T05:14:45.060505Z,KXHYPE15M-26OCT050115-15,0.0030,20.00,no
2026-10-05T05:14:45.060505Z,KXHYPE15M-26OCT050115-15,0.0040,17.50,no
2026-10-05T05:14:45.060505Z,KXHYPE15M-26OCT050115-15,0.0040,13.00,no
2026-10-05T05:14:45.060505Z,KXHYPE15M-26OCT050115-15,0.0030,18.00,no
2026-10-05T05:14:45.060505Z,KXHYPE15M-26OCT050115-15,0.0030,2.00,no
2026-10-05T05:14:45.060505Z,KXHYPE15M-26OCT050115-15,0.0040,1.00,no
2026-10-05T05:14:45.060505Z,KXHYPE15M-26OCT050115-15,0.0030,2.00,no
2026-10-05T05:14:45.060505Z,KXHYPE15M-26OCT050115-15,0.0040,1.00,no
2026-10-05T05:14:45.060505Z,KXHYPE15M-26OCT050115-15,0.0040,1.00,no
2026-10-05T05:14:45.060505Z,KXHYPE15M-26OCT050115-15,0.0030,2.00,no
2026-10-05T05:14:45.060505Z,KXHYPE15M-26OCT050115-15,0.0040,1.00,no
2026-10-05T05:14:45.060505Z,KXHYPE15M-26OCT050115-15,0.0030,2.00,no
2026-10-05T05:14:45.060505Z,KXHYPE15M-26OCT050115-15,0.0030,2.00,no
2026-10-05T05:14:45.060505Z,KXHYPE15M-26OCT050115-15,0.0040,1.00,no
2026-10-05T05:14:45.060505Z,KXHYPE15M-26OCT050115-15,0.0040,48.00,no
2026-10-05T05:14:45.339763Z,KXHYPE15M-26OCT050115-15,0.0040,20.00,yes
2026-10-05T05:14:45.339763Z,KXHYPE15M-26OCT050115-15,0.0050,85.15,yes
2026-10-05T05:14:45.349815Z,KXHYPE15M-26OCT050115-15,0.0020,200.00,no
2026-10-05T05:14:45.349815Z,KXHYPE15M-26OCT050115-15,0.0020,388.00,no
2026-10-05T05:14:45.384742Z,KXHYPE15M-26OCT050115-15,0.0020,12.00,no
2026-10-05T05:14:45.384742Z,KXHYPE15M-26OCT050115-15,0.0020,20.00,no
2026-10-05T05:14:45.384742Z,KXHYPE15M-26OCT050115-15,0.0020,4.00,no
2026-10-05T05:14:46.083704Z,KXHYPE15M-26OCT050115-15,0.0020,3.00,no
2026-10-05T05:14:46.083704Z,KXHYPE15M-26OCT050115-15,0.0020,3.00,no
2026-10-05T05:14:46.083704Z,KXHYPE15M-26OCT050115-15,0.0020,3.00,no
2026-10-05T05:14:46.083704Z,KXHYPE15M-26OCT050115-15,0.0020,3.00,no
2026-10-05T05:14:46.083704Z,KXHYPE15M-26OCT050115-15,0.0020,3.00,no
2026-10-05T05:14:46.083704Z,KXHYPE15M-26OCT050115-15,0.0020,22.00,no
2026-10-05T05:14:46.083704Z,KXHYPE15M-26OCT050115-15,0.0020,59.00,no
2026-10-05T05:14:46.411132Z,KXHYPE15M-26OCT050115-15,0.0010,1.00,no
2026-10-05T05:14:46.53307Z,KXHYPE15M-26OCT050115-15,0.0030,1.00,yes
2026-10-05T05:14:46.53307Z,KXHYPE15M-26OCT050115-15,0.0040,100.00,yes
2026-10-05T05:14:46.53307Z,KXHYPE15M-26OCT050115-15,0.0030,20.00,yes
2026-10-05T05:14:46.53307Z,KXHYPE15M-26OCT050115-15,0.0070,20.00,yes
2026-10-05T05:14:46.53307Z,KXHYPE15M-26OCT050115-15,0.0050,17.50,yes
2026-10-05T05:14:46.53307Z,KXHYPE15M-26OCT050115-15,0.0060,76.00,yes
2026-10-05T05:14:46.651167Z,KXHYPE15M-26OCT050115-15,0.0010,102.84,no
2026-10-05T05:14:47.575169Z,KXHYPE15M-26OCT050115-15,0.0040,102.84,yes
2026-10-05T05:14:47.575169Z,KXHYPE15M-26OCT050115-15,0.0050,151.86,yes
2026-10-05T05:14:48.976805Z,KXHYPE15M-26OCT050115-15,0.0020,1.00,no
2026-10-05T05:14:49.261033Z,KXHYPE15M-26OCT050115-15,0.0020,1.50,no
2026-10-05T05:14:49.962214Z,KXHYPE15M-26OCT050115-15,0.0010,71.64,no
2026-10-05T05:14:49.962214Z,KXHYPE15M-26OCT050115-15,0.0020,169.36,no
2026-10-05T05:14:49.962214Z,KXHYPE15M-26OCT050115-15,0.0020,59.00,no
2026-10-05T05:14:50.013333Z,KXHYPE15M-26OCT050115-15,0.0010,20.00,no
2026-10-05T05:14:50.013333Z,KXHYPE15M-26OCT050115-15,0.0010,1.00,no
2026-10-05T05:14:50.013333Z,KXHYPE15M-26OCT050115-15,0.0010,1.00,no
2026-10-05T05:14:50.013333Z,KXHYPE15M-26OCT050115-15,0.0010,280.00,no
2026-10-05T05:14:50.013333Z,KXHYPE15M-26OCT050115-15,0.0010,1.00,no
2026-10-05T05:14:50.013333Z,KXHYPE15M-26OCT050115-15,0.0010,145.00,no
2026-10-05T05:14:52.115582Z,KXHYPE15M-26OCT050115-15,0.0050,200.00,yes
2026-10-05T05:14:52.115582Z,KXHYPE15M-26OCT050115-15,0.0030,71.64,yes
2026-10-05T05:14:52.115582Z,KXHYPE15M-26OCT050115-15,0.0070,253.79,yes
2026-10-05T05:14:52.115582Z,KXHYPE15M-26OCT050115-15,0.0020,20.00,yes
2026-10-05T05:14:52.115582Z,KXHYPE15M-26OCT050115-15,0.0040,4.00,yes
2026-10-05T05:14:52.115582Z,KXHYPE15M-26OCT050115-15,0.0010,1001.00,yes
2026-10-05T05:14:52.115582Z,KXHYPE15M-26OCT050115-15,0.0060,100.00,yes
2026-10-05T05:14:58.364036Z,KXHYPE15M-26OCT050115-15,0.0010,1831.90,yes
2026-10-05T05:27:00.488832Z,KXNEAR15M-26OCT050130-30,0.0250,3.00,yes
2026-10-05T05:27:00.488832Z,KXNEAR15M-26OCT050130-30,0.0290,4.00,yes
2026-10-05T05:27:00.488832Z,KXNEAR15M-26OCT050130-30,0.0300,6.45,yes
2026-10-05T05:27:00.488832Z,KXNEAR15M-26OCT050130-30,0.0300,10.02,yes
2026-10-05T05:27:00.488832Z,KXNEAR15M-26OCT050130-30,0.0280,8.00,yes
2026-10-05T05:27:00.919343Z,KXNEAR15M-26OCT050130-30,0.0260,5.00,no
2026-10-05T05:27:00.919343Z,KXNEAR15M-26OCT050130-30,0.0110,3.00,no
2026-10-05T05:27:00.919343Z,KXNEAR15M-26OCT050130-30,0.0100,2.00,no
2026-10-05T05:27:00.948845Z,KXNEAR15M-26OCT050130-30,0.0270,4.00,no
2026-10-05T05:27:00.955054Z,KXNEAR15M-26OCT050130-30,0.0200,11.00,yes
2026-10-05T05:27:01.176681Z,KXNEAR15M-26OCT050130-30,0.0210,35.00,yes
2026-10-05T05:27:02.312669Z,KXNEAR15M-26OCT050130-30,0.0130,45.00,no
2026-10-05T05:27:02.312669Z,KXNEAR15M-26OCT050130-30,0.0110,3.00,no
2026-10-05T05:27:02.312669Z,KXNEAR15M-26OCT050130-30,0.0100,12.00,no
2026-10-05T05:27:02.63728Z,KXNEAR15M-26OCT050130-30,0.0100,50.00,no
2026-10-05T05:27:03.561264Z,KXNEAR15M-26OCT050130-30,0.0130,2.00,no
2026-10-05T05:27:04.153975Z,KXNEAR15M-26OCT050130-30,0.0200,13.00,yes
2026-10-05T05:27:04.166684Z,KXNEAR15M-26OCT050130-30,0.0190,10.00,yes
2026-10-05T05:27:04.748089Z,KXNEAR15M-26OCT050130-30,0.0100,1.00,no
2026-10-05T05:27:05.572988Z,KXNEAR15M-26OCT050130-30,0.0160,4.00,yes
2026-10-05T05:27:05.572988Z,KXNEAR15M-26OCT050130-30,0.0200,6.00,yes
2026-10-05T05:27:05.586825Z,KXNEAR15M-26OCT050130-30,0.0190,11.00,yes
2026-10-05T05:27:06.930379Z,KXNEAR15M-26OCT050130-30,0.0100,1.00,no
2026-10-05T05:27:06.930379Z,KXNEAR15M-26OCT050130-30,0.0100,2.78,no
2026-10-05T05:27:06.930379Z,KXNEAR15M-26OCT050130-30,0.0170,7.00,no
2026-10-05T05:27:06.930379Z,KXNEAR15M-26OCT050130-30,0.0120,4.00,no
2026-10-05T05:27:06.930379Z,KXNEAR15M-26OCT050130-30,0.0110,3.00,no
2026-10-05T05:27:06.930379Z,KXNEAR15M-26OCT050130-30,0.0100,7.50,no
2026-10-05T05:27:07.745973Z,KXNEAR15M-26OCT050130-30,0.0250,75.00,yes
2026-10-05T05:27:07.745973Z,KXNEAR15M-26OCT050130-30,0.0300,10.54,yes
2026-10-05T05:27:07.745973Z,KXNEAR15M-26OCT050130-30,0.0290,1.00,yes
2026-10-05T05:27:07.745973Z,KXNEAR15M-26OCT050130-30,0.0200,6.00,yes
2026-10-05T05:27:07.745973Z,KXNEAR15M-26OCT050130-30,0.0200,2.78,yes
2026-10-05T05:27:07.745973Z,KXNEAR15M-26OCT050130-30,0.0200,23.26,yes
2026-10-05T05:27:07.745973Z,KXNEAR15M-26OCT050130-30,0.0210,40.00,yes
2026-10-05T05:27:07.745973Z,KXNEAR15M-26OCT050130-30,0.0210,40.00,yes
2026-10-05T05:27:07.745973Z,KXNEAR15M-26OCT050130-30,0.0170,5.00,yes
2026-10-05T05:27:08.590941Z,KXNEAR15M-26OCT050130-30,0.0170,7.00,no
2026-10-05T05:27:08.590941Z,KXNEAR15M-26OCT050130-30,0.0160,3.00,no
2026-10-05T05:27:08.590941Z,KXNEAR15M-26OCT050130-30,0.0140,17.74,no
2026-10-05T05:27:08.590941Z,KXNEAR15M-26OCT050130-30,0.0150,23.26,no
2026-10-05T05:27:08.852726Z,KXNEAR15M-26OCT050130-30,0.0100,22.22,no
2026-10-05T05:27:08.852726Z,KXNEAR15M-26OCT050130-30,0.0150,3.00,no
2026-10-05T05:27:08.852726Z,KXNEAR15M-26OCT050130-30,0.0100,5.52,no
2026-10-05T05:27:08.852726Z,KXNEAR15M-26OCT050130-30,0.0180,7.00,no
2026-10-05T05:27:08.852726Z,KXNEAR15M-26OCT050130-30,0.0140,82.26,no
2026-10-05T05:27:08.852726Z,KXNEAR15M-26OCT050130-30,0.0100,8.00,no
2026-10-05T05:27:10.685555Z,KXNEAR15M-26OCT050130-30,0.0100,39.00,no
2026-10-05T05:27:10.685555Z,KXNEAR15M-26OCT050130-30,0.0110,3.00,no
2026-10-05T05:27:10.685555Z,KXNEAR15M-26OCT050130-30,0.0110,11.00,no
2026-10-05T05:27:11.269451Z,KXNEAR15M-26OCT050130-30,0.0130,10.00,yes
2026-10-05T05:27:11.373754Z,KXNEAR15M-26OCT050130-30,0.0120,4.00,yes
2026-10-05T05:27:15.752327Z,KXNEAR15M-26OCT050130-30,0.0140,1.00,no
2026-10-05T05:27:19.604233Z,KXNEAR15M-26OCT050130-30,0.0100,61.00,no
2026-10-05T05:27:19.604233Z,KXNEAR15M-26OCT050130-30,0.0100,5.00,no
2026-10-05T05:27:19.604233Z,KXNEAR15M-26OCT050130-30,0.0110,3.00,no
2026-10-05T05:27:19.604233Z,KXNEAR15M-26OCT050130-30,0.0110,11.00,no
2026-10-05T05:27:20.224586Z,KXNEAR15M-26OCT050130-30,0.0140,2.00,yes
2026-10-05T05:27:20.224586Z,KXNEAR15M-26OCT050130-30,0.0200,63.24,yes
2026-10-05T05:27:20.224586Z,KXNEAR15M-26OCT050130-30,0.0130,4.00,yes
2026-10-05T05:27:20.224586Z,KXNEAR15M-26OCT050130-30,0.0200,6.00,yes
2026-10-05T05:27:20.224586Z,KXNEAR15M-26OCT050130-30,0.0150,4.00,yes
2026-10-05T05:27:20.224586Z,KXNEAR15M-26OCT050130-30,0.0150,22.22,yes
2026-10-05T05:27:29.869647Z,KXNEAR15M-26OCT050130-30,0.0100,1.00,no
2026-10-05T05:27:30.609198Z,KXNEAR15M-26OCT050130-30,0.0110,2.00,yes
2026-10-05T05:27:30.609198Z,KXNEAR15M-26OCT050130-30,0.0140,8.00,yes
2026-10-05T05:27:30.609198Z,KXNEAR15M-26OCT050130-30,0.0150,10.39,yes
2026-10-05T05:27:30.609198Z,KXNEAR15M-26OCT050130-30,0.0110,2.00,yes
2026-10-05T05:27:30.609198Z,KXNEAR15M-26OCT050130-30,0.0110,5.00,yes
2026-10-05T05:27:30.609198Z,KXNEAR15M-26OCT050130-30,0.0150,100.00,yes
2026-10-05T05:27:40.710813Z,KXNEAR15M-26OCT050130-30,0.0100,1.00,no
2026-10-05T05:27:41.013708Z,KXNEAR15M-26OCT050130-30,0.0100,2.00,no
2026-10-05T05:27:41.020568Z,KXNEAR15M-26OCT050130-30,0.0100,1.00,no
2026-10-05T05:27:43.184377Z,KXNEAR15M-26OCT050130-30,0.0100,21.00,no
2026-10-05T05:27:43.184377Z,KXNEAR15M-26OCT050130-30,0.0100,8.00,no
2026-10-05T05:27:43.246218Z,KXNEAR15M-26OCT050130-30,0.0100,8.75,yes
2026-10-05T05:27:43.246218Z,KXNEAR15M-26OCT050130-30,0.0100,6.00,yes
2026-10-05T05:27:51.545439Z,KXNEAR15M-26OCT050130-30,0.0090,10.00,no
2026-10-05T05:27:52.998664Z,KXNEAR15M-26OCT050130-30,0.0090,2.00,yes
2026-10-05T05:27:54.461982Z,KXNEAR15M-26OCT050130-30,0.0060,72.79,no
2026-10-05T05:27:54.461982Z,KXNEAR15M-26OCT050130-30,0.0070,30.00,no
2026-10-05T05:27:54.461982Z,KXNEAR15M-26OCT050130-30,0.0080,10.00,no
2026-10-05T05:27:54.461982Z,KXNEAR15M-26OCT050130-30,0.0070,10.00,no
2026-10-05T05:27:54.461982Z,KXNEAR15M-26OCT050130-30,0.0060,10.00,no
2026-10-05T05:27:54.652444Z,KXNEAR15M-26OCT050130-30,0.0070,10.00,yes
2026-10-05T05:27:54.759154Z,KXNEAR15M-26OCT050130-30,0.0060,1.03,no
2026-10-05T05:27:56.557211Z,KXNEAR15M-26OCT050130-30,0.0050,3.07,no
2026-10-05T05:27:56.557211Z,KXNEAR15M-26OCT050130-30,0.0060,26.18,no
2026-10-05T05:27:56.557211Z,KXNEAR15M-26OCT050130-30,0.0050,10.00,no
2026-10-05T05:27:56.557211Z,KXNEAR15M-26OCT050130-30,0.0050,11.00,no
2026-10-05T05:27:58.642529Z,KXNEAR15M-26OCT050130-30,0.0080,10.00,yes
2026-10-05T05:27:58.642529Z,KXNEAR15M-26OCT050130-30,0.0060,10.00,yes
2026-10-05T05:27:58.642529Z,KXNEAR15M-26OCT050130-30,0.0050,3.00,yes
2026-10-05T05:27:58.642529Z,KXNEAR15M-26OCT050130-30,0.0090,840.51,yes
2026-10-05T05:27:59.350306Z,KXNEAR15M-26OCT050130-30,0.0050,1.00,yes
2026-10-05T05:27:59.350306Z,KXNEAR15M-26OCT050130-30,0.0050,1.00,yes
2026-10-05T05:27:59.350306Z,KXNEAR15M-26OCT050130-30,0.0050,2.00,yes
2026-10-05T05:27:59.350306Z,KXNEAR15M-26OCT050130-30,0.0050,19.40,yes
2026-10-05T05:28:00.461724Z,KXNEAR15M-26OCT050130-30,0.0050,5.00,no
2026-10-05T05:28:00.461724Z,KXNEAR15M-26OCT050130-30,0.0050,0.85,no
2026-10-05T05:28:00.461724Z,KXNEAR15M-26OCT050130-30,0.0040,8.15,no
2026-10-05T05:28:01.486636Z,KXNEAR15M-26OCT050130-30,0.0040,1.00,no
2026-10-05T05:28:01.4919Z,KXNEAR15M-26OCT050130-30,0.0040,1.00,no
2026-10-05T05:28:01.641358Z,KXNEAR15M-26OCT050130-30,0.0040,203.58,no
2026-10-05T05:28:01.842357Z,KXNEAR15M-26OCT050130-30,0.0040,5.00,no
2026-10-05T05:28:02.026585Z,KXNEAR15M-26OCT050130-30,0.0040,1.00,no
2026-10-05T05:28:02.686692Z,KXNEAR15M-26OCT050130-30,0.0040,2.00,no
2026-10-05T05:28:02.693147Z,KXNEAR15M-26OCT050130-30,0.0040,2.00,no
2026-10-05T05:28:02.700893Z,KXNEAR15M-26OCT050130-30,0.0040,1.00,no
2026-10-05T05:28:02.706541Z,KXNEAR15M-26OCT050130-30,0.0040,1.00,no
2026-10-05T05:28:02.928284Z,KXNEAR15M-26OCT050130-30,0.0040,3.00,no
2026-10-05T05:28:02.928284Z,KXNEAR15M-26OCT050130-30,0.0040,4.00,no
2026-10-05T05:28:02.928284Z,KXNEAR15M-26OCT050130-30,0.0040,1.00,no
2026-10-05T05:28:02.928284Z,KXNEAR15M-26OCT050130-30,0.0040,1.00,no
2026-10-05T05:28:02.928284Z,KXNEAR15M-26OCT050130-30,0.0040,1.00,no
2026-10-05T05:28:02.928284Z,KXNEAR15M-26OCT050130-30,0.0040,1.00,no
2026-10-05T05:28:02.928284Z,KXNEAR15M-26OCT050130-30,0.0040,13.00,no
2026-10-05T05:28:02.928284Z,KXNEAR15M-26OCT050130-30,0.0040,1.00,no
2026-10-05T05:28:02.928284Z,KXNEAR15M-26OCT050130-30,0.0040,10.00,no
2026-10-05T05:28:02.928284Z,KXNEAR15M-26OCT050130-30,0.0040,124.27,no
2026-10-05T05:28:03.929528Z,KXNEAR15M-26OCT050130-30,0.0030,8.00,no
2026-10-05T05:28:03.929528Z,KXNEAR15M-26OCT050130-30,0.0030,18.00,no
2026-10-05T05:28:03.929528Z,KXNEAR15M-26OCT050130-30,0.0030,2.00,no
2026-10-05T05:28:03.929528Z,KXNEAR15M-26OCT050130-30,0.0030,2.00,no
2026-10-05T05:28:03.929528Z,KXNEAR15M-26OCT050130-30,0.0030,2.00,no
2026-10-05T05:28:03.929528Z,KXNEAR15M-26OCT050130-30,0.0030,2.00,no
2026-10-05T05:28:03.929528Z,KXNEAR15M-26OCT050130-30,0.0030,2.00,no
2026-10-05T05:28:03.929528Z,KXNEAR15M-26OCT050130-30,0.0030,250.00,no
2026-10-05T05:28:03.929528Z,KXNEAR15M-26OCT050130-30,0.0030,10.00,no
2026-10-05T05:28:04.611221Z,KXNEAR15M-26OCT050130-30,0.0030,21.00,yes
2026-10-05T05:28:05.35024Z,KXNEAR15M-26OCT050130-30,0.0020,160.00,no
2026-10-05T05:28:06.049905Z,KXNEAR15M-26OCT050130-30,0.0030,8.00,no
2026-10-05T05:28:06.049905Z,KXNEAR15M-26OCT050130-30,0.0030,1.00,no
2026-10-05T05:28:06.324281Z,KXNEAR15M-26OCT050130-30,0.0020,10.00,no
2026-10-05T05:28:06.324281Z,KXNEAR15M-26OCT050130-30,0.0020,100.00,no
2026-10-05T05:28:06.324281Z,KXNEAR15M-26OCT050130-30,0.0020,40.00,no
2026-10-05T05:28:06.324281Z,KXNEAR15M-26OCT050130-30,0.0020,350.93,no
2026-10-05T05:28:06.342909Z,KXNEAR15M-26OCT050130-30,0.0030,10.00,yes
2026-10-05T05:28:07.160901Z,KXNEAR15M-26OCT050130-30,0.0030,1.00,yes
2026-10-05T05:28:07.160901Z,KXNEAR15M-26OCT050130-30,0.0030,9.00,yes
2026-10-05T05:28:10.219966Z,KXNEAR15M-26OCT050130-30,0.0030,1.00,no
2026-10-05T05:28:10.219966Z,KXNEAR15M-26OCT050130-30,0.0030,8.00,no
2026-10-05T05:28:10.503043Z,KXNEAR15M-26OCT050130-30,0.0020,50.09,no
2026-10-05T05:28:10.680832Z,KXNEAR15M-26OCT050130-30,0.0020,10.02,no
2026-10-05T05:28:10.680832Z,KXNEAR15M-26OCT050130-30,0.0020,50.00,no
2026-10-05T05:28:10.680832Z,KXNEAR15M-26OCT050130-30,0.0020,3.00,no
2026-10-05T05:28:10.680832Z,KXNEAR15M-26OCT050130-30,0.0020,3.00,no
2026-10-05T05:28:10.680832Z,KXNEAR15M-26OCT050130-30,0.0020,3.00,no
2026-10-05T05:28:10.680832Z,KXNEAR15M-26OCT050130-30,0.0020,3.00,no
2026-10-05T05:28:10.680832Z,KXNEAR15M-26OCT050130-30,0.0020,26.00,no
2026-10-05T05:28:10.680832Z,KXNEAR15M-26OCT050130-30,0.0020,3.00,no
2026-10-05T05:28:10.680832Z,KXNEAR15M-26OCT050130-30,0.0020,98.98,no
2026-10-05T05:28:10.828249Z,KXNEAR15M-26OCT050130-30,0.0020,101.02,no
2026-10-05T05:28:10.828249Z,KXNEAR15M-26OCT050130-30,0.0020,48.98,no
2026-10-05T05:28:11.539622Z,KXNEAR15M-26OCT050130-30,0.0030,1.00,yes
2026-10-05T05:28:11.539622Z,KXNEAR15M-26OCT050130-30,0.0030,10.00,yes
2026-10-05T05:28:14.421639Z,KXNEAR15M-26OCT050130-30,0.0030,1.00,yes
2026-10-05T05:28:19.899027Z,KXNEAR15M-26OCT050130-30,0.0030,5.00,yes
2026-10-05T05:28:21.565653Z,KXNEAR15M-26OCT050130-30,0.0030,1.00,yes
2026-10-05T05:28:21.565653Z,KXNEAR15M-26OCT050130-30,0.0030,352.00,yes
2026-10-05T05:28:21.565653Z,KXNEAR15M-26OCT050130-30,0.0040,98.98,yes
2026-10-05T05:28:21.565653Z,KXNEAR15M-26OCT050130-30,0.0040,50.09,yes
2026-10-05T05:28:21.565653Z,KXNEAR15M-26OCT050130-30,0.0050,5.59,yes
2026-10-05T05:28:21.565653Z,KXNEAR15M-26OCT050130-30,0.0040,350.93,yes
2026-10-05T05:28:21.565653Z,KXNEAR15M-26OCT050130-30,0.0040,10.00,yes
2026-10-05T05:28:21.565653Z,KXNEAR15M-26OCT050130-30,0.0040,250.00,yes
2026-10-05T05:28:21.565653Z,KXNEAR15M-26OCT050130-30,0.0050,10.00,yes
2026-10-05T05:28:30.048527Z,KXNEAR15M-26OCT050130-30,0.0010,100.00,no
2026-10-05T05:28:30.048527Z,KXNEAR15M-26OCT050130-30,0.0020,2.00,no
2026-10-05T05:28:30.048527Z,KXNEAR15M-26OCT050130-30,0.0020,500.00,no
2026-10-05T05:28:30.048527Z,KXNEAR15M-26OCT050130-30,0.0010,45.59,no
2026-10-05T05:28:30.048527Z,KXNEAR15M-26OCT050130-30,0.0020,60.00,no
2026-10-05T05:28:30.048527Z,KXNEAR15M-26OCT050130-30,0.0010,30.00,no
2026-10-05T05:28:30.048527Z,KXNEAR15M-26OCT050130-30,0.0010,10.00,no
2026-10-05T05:28:30.048527Z,KXNEAR15M-26OCT050130-30,0.0010,1.00,no
2026-10-05T05:28:30.048527Z,KXNEAR15M-26OCT050130-30,0.0010,200.00,no
2026-10-05T05:28:30.048527Z,KXNEAR15M-26OCT050130-30,0.0010,1.00,no
2026-10-05T05:28:30.048527Z,KXNEAR15M-26OCT050130-30,0.0010,80.00,no
2026-10-05T05:28:30.048527Z,KXNEAR15M-26OCT050130-30,0.0010,2500.00,no
2026-10-05T05:28:30.048527Z,KXNEAR15M-26OCT050130-30,0.0010,1.00,no
2026-10-05T05:28:30.048527Z,KXNEAR15M-26OCT050130-30,0.0010,1.00,no
2026-10-05T05:28:30.681777Z,KXNEAR15M-26OCT050130-30,0.0010,1.00,no
2026-10-05T05:28:30.681777Z,KXNEAR15M-26OCT050130-30,0.0010,53.00,no
2026-10-05T05:28:31.164557Z,KXNEAR15M-26OCT050130-30,0.0010,15.00,no
2026-10-05T05:28:31.164557Z,KXNEAR15M-26OCT050130-30,0.0010,1.00,no
2026-10-05T05:28:31.164557Z,KXNEAR15M-26OCT050130-30,0.0010,53.00,no
2026-10-05T05:28:31.164557Z,KXNEAR15M-26OCT050130-30,0.0010,2500.00,no
2026-10-05T05:28:31.469769Z,KXNEAR15M-26OCT050130-30,0.0010,1.00,no
2026-10-05T05:28:31.469769Z,KXNEAR15M-26OCT050130-30,0.0010,2500.00,no
2026-10-05T05:28:31.469769Z,KXNEAR15M-26OCT050130-30,0.0010,45.00,no
2026-10-05T05:28:31.845136Z,KXNEAR15M-26OCT050130-30,0.0010,1.00,no
2026-10-05T05:28:31.845136Z,KXNEAR15M-26OCT050130-30,0.0010,1313.00,no
2026-10-05T05:28:31.845136Z,KXNEAR15M-26OCT050130-30,0.0010,25.00,no
2026-10-05T05:28:32.168211Z,KXNEAR15M-26OCT050130-30,0.0010,670.00,no
2026-10-05T05:28:36.319376Z,KXNEAR15M-26OCT050130-30,0.0010,335.00,no
2026-10-05T05:28:36.579078Z,KXNEAR15M-26OCT050130-30,0.0010,3.00,no
2026-10-05T05:28:36.579078Z,KXNEAR15M-26OCT050130-30,0.0010,14.00,no
2026-10-05T05:28:36.579078Z,KXNEAR15M-26OCT050130-30,0.0010,182.00,no
2026-10-05T05:28:36.579078Z,KXNEAR15M-26OCT050130-30,0.0010,4.00,no
2026-10-05T05:28:48.097861Z,KXNEAR15M-26OCT050130-30,0.0010,25.29,yes
2026-10-05T05:29:22.645549Z,KXNEAR15M-26OCT050130-30,0.0010,44.71,yes
2026-10-05T05:29:22.645549Z,KXNEAR15M-26OCT050130-30,0.0010,141.30,yes
2026-10-05T05:29:22.645549Z,KXNEAR15M-26OCT050130-30,0.0010,43.00,yes
2026-10-05T05:29:33.887743Z,KXNEAR15M-26OCT050130-30,0.0010,500.00,yes
2026-10-05T05:29:33.887743Z,KXNEAR15M-26OCT050130-30,0.0010,145.00,yes
2026-10-05T05:29:33.887743Z,KXNEAR15M-26OCT050130-30,0.0010,2500.00,yes
2026-10-05T05:29:33.887743Z,KXNEAR15M-26OCT050130-30,0.0010,670.00,yes
2026-10-05T05:29:33.887743Z,KXNEAR15M-26OCT050130-30,0.0010,2500.00,yes
2026-10-05T05:29:33.887743Z,KXNEAR15M-26OCT050130-30,0.0010,1313.00,yes
2026-10-05T05:29:33.887743Z,KXNEAR15M-26OCT050130-30,0.0010,2500.00,yes
2026-10-05T05:29:33.887743Z,KXNEAR15M-26OCT050130-30,0.0010,1.00,yes
2026-10-05T05:29:33.887743Z,KXNEAR15M-26OCT050130-30,0.0010,182.00,yes
2026-10-05T05:29:33.887743Z,KXNEAR15M-26OCT050130-30,0.0010,25.70,yes
2026-10-05T05:29:33.887743Z,KXNEAR15M-26OCT050130-30,0.0010,335.00,yes
2026-10-05T05:29:33.887743Z,KXNEAR15M-26OCT050130-30,0.0010,71.00,yes
2026-10-05T05:29:33.887743Z,KXNEAR15M-26OCT050130-30,0.0010,7.43,yes
2026-10-05T05:29:33.887743Z,KXNEAR15M-26OCT050130-30,0.0010,477.32,yes
2026-10-05T05:29:33.887743Z,KXNEAR15M-26OCT050130-30,0.0010,43.00,yes
2026-10-05T05:27:16.087798Z,KXETH15M-26OCT050130-30,0.0280,22.00,yes
2026-10-05T05:27:16.087798Z,KXETH15M-26OCT050130-30,0.0530,4.04,yes
2026-10-05T05:27:16.087798Z,KXETH15M-26OCT050130-30,0.0510,4.04,yes
2026-10-05T05:27:16.087798Z,KXETH15M-26OCT050130-30,0.0450,4.04,yes
2026-10-05T05:27:16.087798Z,KXETH15M-26OCT050130-30,0.0470,4.04,yes
2026-10-05T05:27:16.087798Z,KXETH15M-26OCT050130-30,0.0490,4.04,yes
2026-10-05T05:27:16.087798Z,KXETH15M-26OCT050130-30,0.0430,4.04,yes
2026-10-05T05:27:16.087798Z,KXETH15M-26OCT050130-30,0.0350,26.00,yes
2026-10-05T05:27:16.087798Z,KXETH15M-26OCT050130-30,0.0350,14.98,yes
2026-10-05T05:27:16.087798Z,KXETH15M-26OCT050130-30,0.0410,50.00,yes
2026-10-05T05:27:16.087798Z,KXETH15M-26OCT050130-30,0.0500,28.00,yes
2026-10-05T05:27:16.087798Z,KXETH15M-26OCT050130-30,0.0590,19.00,yes
2026-10-05T05:27:16.087798Z,KXETH15M-26OCT050130-30,0.0600,1.00,yes
2026-10-05T05:27:16.087798Z,KXETH15M-26OCT050130-30,0.0250,3.00,yes
2026-10-05T05:27:16.087798Z,KXETH15M-26OCT050130-30,0.0260,23.00,yes
2026-10-05T05:27:16.087798Z,KXETH15M-26OCT050130-30,0.0340,41.00,yes
2026-10-05T05:27:16.087798Z,KXETH15M-26OCT050130-30,0.0600,17.00,yes
2026-10-05T05:27:16.087798Z,KXETH15M-26OCT050130-30,0.0500,5.00,yes
2026-10-05T05:27:16.087798Z,KXETH15M-26OCT050130-30,0.0390,4.04,yes
2026-10-05T05:27:16.087798Z,KXETH15M-26OCT050130-30,0.0280,49.00,yes
2026-10-05T05:27:16.087798Z,KXETH15M-26OCT050130-30,0.0270,4.00,yes
2026-10-05T05:27:16.087798Z,KXETH15M-26OCT050130-30,0.0370,4.04,yes
2026-10-05T05:27:16.087798Z,KXETH15M-26OCT050130-30,0.0310,623.00,yes
2026-10-05T05:27:16.087798Z,KXETH15M-26OCT050130-30,0.0500,70.00,yes
2026-10-05T05:27:16.087798Z,KXETH15M-26OCT050130-30,0.0410,4.04,yes
2026-10-05T05:27:16.087798Z,KXETH15M-26OCT050130-30,0.0280,4.00,yes
2026-10-05T05:27:16.087798Z,KXETH15M-26OCT050130-30,0.0280,4.00,yes
2026-10-05T05:27:16.087798Z,KXETH15M-26OCT050130-30,0.0270,4.00,yes
2026-10-05T05:27:16.087798Z,KXETH15M-26OCT050130-30,0.0270,12.00,yes
2026-10-05T05:27:16.087798Z,KXETH15M-26OCT050130-30,0.0600,16.00,yes
2026-10-05T05:27:16.087798Z,KXETH15M-26OCT050130-30,0.0350,9.00,yes
2026-10-05T05:27:16.087798Z,KXETH15M-26OCT050130-30,0.0260,20.00,yes
2026-10-05T05:27:16.087798Z,KXETH15M-26OCT050130-30,0.0350,9.00,yes
2026-10-05T05:27:16.087798Z,KXETH15M-26OCT050130-30,0.0350,4.04,yes
2026-10-05T05:27:16.087798Z,KXETH15M-26OCT050130-30,0.0330,1.01,yes
2026-10-05T05:27:16.087798Z,KXETH15M-26OCT050130-30,0.0490,28.00,yes
2026-10-05T05:27:16.087798Z,KXETH15M-26OCT050130-30,0.0290,500.00,yes
2026-10-05T05:27:16.087798Z,KXETH15M-26OCT050130-30,0.0300,9.00,yes
2026-10-05T05:27:16.087798Z,KXETH15M-26OCT050130-30,0.0400,97.00,yes
2026-10-05T05:27:16.087798Z,KXETH15M-26OCT050130-30,0.0260,4.00,yes
2026-10-05T05:27:16.087798Z,KXETH15M-26OCT050130-30,0.0260,12.00,yes
2026-10-05T05:27:16.087798Z,KXETH15M-26OCT050130-30,0.0300,9.00,yes
2026-10-05T05:27:16.087798Z,KXETH15M-26OCT050130-30,0.0250,22.00,yes
2026-10-05T05:27:16.087798Z,KXETH15M-26OCT050130-30,0.0500,1.00,yes
2026-10-05T05:27:16.087798Z,KXETH15M-26OCT050130-30,0.0260,4.00,yes
2026-10-05T05:27:16.087798Z,KXETH15M-26OCT050130-30,0.0480,50.00,yes
2026-10-05T05:27:16.087798Z,KXETH15M-26OCT050130-30,0.0390,481.32,yes
2026-10-05T05:27:16.087798Z,KXETH15M-26OCT050130-30,0.0600,1.00,yes
2026-10-05T05:27:16.087798Z,KXETH15M-26OCT050130-30,0.0500,500.00,yes
2026-10-05T05:27:16.087798Z,KXETH15M-26OCT050130-30,0.0610,165.51,yes
2026-10-05T05:27:16.128301Z,KXETH15M-26OCT050130-30,0.0290,4.00,yes
2026-10-05T05:27:16.128301Z,KXETH15M-26OCT050130-30,0.0290,1.00,yes
2026-10-05T05:27:16.13433Z,KXETH15M-26OCT050130-30,0.0290,3.00,yes
2026-10-05T05:27:16.160425Z,KXETH15M-26OCT050130-30,0.0300,4.00,yes
2026-10-05T05:27:17.089696Z,KXETH15M-26OCT050130-30,0.0260,15.00,no
2026-10-05T05:27:17.089696Z,KXETH15M-26OCT050130-30,0.0290,1.00,no
2026-10-05T05:27:17.089696Z,KXETH15M-26OCT050130-30,0.0270,9.00,no
2026-10-05T05:27:17.089696Z,KXETH15M-26OCT050130-30,0.0290,26.00,no
2026-10-05T05:27:18.359086Z,KXETH15M-26OCT050130-30,0.0260,1.00,yes
2026-10-05T05:27:18.359086Z,KXETH15M-26OCT050130-30,0.0260,6.00,yes
2026-10-05T05:27:18.369731Z,KXETH15M-26OCT050130-30,0.0270,8.62,yes
2026-10-05T05:27:18.369731Z,KXETH15M-26OCT050130-30,0.0260,6.00,yes
2026-10-05T05:27:18.380039Z,KXETH15M-26OCT050130-30,0.0270,1.00,yes
2026-10-05T05:27:18.469089Z,KXETH15M-26OCT050130-30,0.0270,4.00,yes
2026-10-05T05:27:18.469089Z,KXETH15M-26OCT050130-30,0.0270,6.00,yes
2026-10-05T05:27:18.487972Z,KXETH15M-26OCT050130-30,0.0320,5.00,yes
2026-10-05T05:27:18.48802Z,KXETH15M-26OCT050130-30,0.0320,1.00,yes
2026-10-05T05:27:18.700738Z,KXETH15M-26OCT050130-30,0.0380,172.24,yes
2026-10-05T05:27:19.786329Z,KXETH15M-26OCT050130-30,0.0350,19.00,no
2026-10-05T05:27:20.281091Z,KXETH15M-26OCT050130-30,0.0360,2.62,yes
2026-10-05T05:27:20.281091Z,KXETH15M-26OCT050130-30,0.0360,22.00,yes
2026-10-05T05:27:20.281091Z,KXETH15M-26OCT050130-30,0.0370,1.00,yes
2026-10-05T05:27:20.281091Z,KXETH15M-26OCT050130-30,0.0370,13.05,yes
2026-10-05T05:27:20.281091Z,KXETH15M-26OCT050130-30,0.0370,12.00,yes
2026-10-05T05:27:20.630446Z,KXETH15M-26OCT050130-30,0.0370,5.00,yes
2026-10-05T05:27:20.630446Z,KXETH15M-26OCT050130-30,0.0370,12.00,yes
2026-10-05T05:27:20.630446Z,KXETH15M-26OCT050130-30,0.0370,7.95,yes
2026-10-05T05:27:20.633018Z,KXETH15M-26OCT050130-30,0.0380,278.00,yes
2026-10-05T05:27:20.908333Z,KXETH15M-26OCT050130-30,0.0380,49.21,yes
2026-10-05T05:27:21.180956Z,KXETH15M-26OCT050130-30,0.0400,1.13,yes
2026-10-05T05:27:21.180956Z,KXETH15M-26OCT050130-30,0.0380,0.55,yes
2026-10-05T05:27:21.204209Z,KXETH15M-26OCT050130-30,0.0330,20.00,no
2026-10-05T05:27:21.204209Z,KXETH15M-26OCT050130-30,0.0320,4.00,no
2026-10-05T05:27:21.204209Z,KXETH15M-26OCT050130-30,0.0240,4.04,no
2026-10-05T05:27:21.204209Z,KXETH15M-26OCT050130-30,0.0340,20.00,no
2026-10-05T05:27:21.204209Z,KXETH15M-26OCT050130-30,0.0230,10.00,no
2026-10-05T05:27:21.204209Z,KXETH15M-26OCT050130-30,0.0330,4.00,no
2026-10-05T05:27:21.204209Z,KXETH15M-26OCT050130-30,0.0330,23.00,no
2026-10-05T05:27:21.204209Z,KXETH15M-26OCT050130-30,0.0350,4.00,no
2026-10-05T05:27:21.204209Z,KXETH15M-26OCT050130-30,0.0260,4.04,no
2026-10-05T05:27:21.204209Z,KXETH15M-26OCT050130-30,0.0300,9.00,no
2026-10-05T05:27:21.204209Z,KXETH15M-26OCT050130-30,0.0330,4.00,no
2026-10-05T05:27:21.204209Z,KXETH15M-26OCT050130-30,0.0340,4.00,no
2026-10-05T05:27:21.204209Z,KXETH15M-26OCT050130-30,0.0340,4.00,no
2026-10-05T05:27:21.204209Z,KXETH15M-26OCT050130-30,0.0240,17.00,no
2026-10-05T05:27:21.204209Z,KXETH15M-26OCT050130-30,0.0280,4.04,no
2026-10-05T05:27:21.204209Z,KXETH15M-26OCT050130-30,0.0320,42.00,no
2026-10-05T05:27:21.204209Z,KXETH15M-26OCT050130-30,0.0220,10.72,no
2026-10-05T05:27:21.204209Z,KXETH15M-26OCT050130-30,0.0250,9.00,no
2026-10-05T05:27:21.204209Z,KXETH15M-26OCT050130-30,0.0250,9.00,no
2026-10-05T05:27:21.243608Z,KXETH15M-26OCT050130-30,0.0340,10.72,no
2026-10-05T05:27:22.077184Z,KXETH15M-26OCT050130-30,0.0460,27.00,yes
2026-10-05T05:27:22.077184Z,KXETH15M-26OCT050130-30,0.0470,4.00,yes
2026-10-05T05:27:22.077184Z,KXETH15M-26OCT050130-30,0.0470,7.91,yes
2026-10-05T05:27:22.077184Z,KXETH15M-26OCT050130-30,0.0470,4.00,yes
2026-10-05T05:27:22.077184Z,KXETH15M-26OCT050130-30,0.0460,17.00,yes
2026-10-05T05:27:22.716029Z,KXETH15M-26OCT050130-30,0.0480,11.00,yes
2026-10-05T05:27:22.716029Z,KXETH15M-26OCT050130-30,0.0510,402.00,yes
2026-10-05T05:27:22.716029Z,KXETH15M-26OCT050130-30,0.0500,9.00,yes
2026-10-05T05:27:22.716029Z,KXETH15M-26OCT050130-30,0.0490,27.00,yes
2026-10-05T05:27:22.716029Z,KXETH15M-26OCT050130-30,0.0500,4.00,yes
2026-10-05T05:27:22.716029Z,KXETH15M-26OCT050130-30,0.0490,4.00,yes
2026-10-05T05:27:22.716029Z,KXETH15M-26OCT050130-30,0.0500,4.00,yes
2026-10-05T05:27:22.716029Z,KXETH15M-26OCT050130-30,0.0500,10.00,yes
2026-10-05T05:27:22.716029Z,KXETH15M-26OCT050130-30,0.0490,50.00,yes
2026-10-05T05:27:22.716029Z,KXETH15M-26OCT050130-30,0.0470,34.00,yes
2026-10-05T05:27:22.716029Z,KXETH15M-26OCT050130-30,0.0490,4.00,yes
2026-10-05T05:27:22.716029Z,KXETH15M-26OCT050130-30,0.0480,4.00,yes
2026-10-05T05:27:23.159933Z,KXETH15M-26OCT050130-30,0.0510,9.00,yes
2026-10-05T05:27:23.350032Z,KXETH15M-26OCT050130-30,0.0500,8.00,yes
2026-10-05T05:27:23.657498Z,KXETH15M-26OCT050130-30,0.0440,4.00,no
2026-10-05T05:27:23.657498Z,KXETH15M-26OCT050130-30,0.0440,4.00,no
2026-10-05T05:27:23.657498Z,KXETH15M-26OCT050130-30,0.0470,14.00,no
2026-10-05T05:27:23.657498Z,KXETH15M-26OCT050130-30,0.0430,4.00,no
2026-10-05T05:27:23.657498Z,KXETH15M-26OCT050130-30,0.0430,4.00,no
2026-10-05T05:27:23.657498Z,KXETH15M-26OCT050130-30,0.0440,22.00,no
2026-10-05T05:27:23.657498Z,KXETH15M-26OCT050130-30,0.0430,8.00,no
2026-10-05T05:27:23.657498Z,KXETH15M-26OCT050130-30,0.0450,4.00,no
2026-10-05T05:27:23.657498Z,KXETH15M-26OCT050130-30,0.0420,20.00,no
2026-10-05T05:27:23.657498Z,KXETH15M-26OCT050130-30,0.0420,6.96,no
2026-10-05T05:27:23.940135Z,KXETH15M-26OCT050130-30,0.0480,2.00,yes
2026-10-05T05:27:25.434376Z,KXETH15M-26OCT050130-30,0.0490,28.00,yes
2026-10-05T05:27:26.065397Z,KXETH15M-26OCT050130-30,0.0450,17.00,no
2026-10-05T05:27:26.065397Z,KXETH15M-26OCT050130-30,0.0440,20.00,no
2026-10-05T05:27:26.065397Z,KXETH15M-26OCT050130-30,0.0440,15.00,no
2026-10-05T05:27:26.45192Z,KXETH15M-26OCT050130-30,0.0480,3.67,yes
2026-10-05T05:27:27.664948Z,KXETH15M-26OCT050130-30,0.0430,20.00,no
2026-10-05T05:27:27.664948Z,KXETH15M-26OCT050130-30,0.0430,16.33,no
2026-10-05T05:27:28.818854Z,KXETH15M-26OCT050130-30,0.0400,4.00,yes
2026-10-05T05:27:28.818854Z,KXETH15M-26OCT050130-30,0.0410,1.57,yes
2026-10-05T05:27:29.839045Z,KXETH15M-26OCT050130-30,0.0360,5.16,no
2026-10-05T05:27:30.13219Z,KXETH15M-26OCT050130-30,0.0390,4.00,yes
2026-10-05T05:27:30.13219Z,KXETH15M-26OCT050130-30,0.0390,4.00,yes
2026-10-05T05:27:30.13219Z,KXETH15M-26OCT050130-30,0.0380,4.00,yes
2026-10-05T05:27:30.13219Z,KXETH15M-26OCT050130-30,0.0390,1.00,yes
2026-10-05T05:27:30.13219Z,KXETH15M-26OCT050130-30,0.0390,20.00,yes
2026-10-05T05:27:30.13219Z,KXETH15M-26OCT050130-30,0.0400,0.09,yes
2026-10-05T05:27:30.174261Z,KXETH15M-26OCT050130-30,0.0400,6.00,yes
2026-10-05T05:27:30.174261Z,KXETH15M-26OCT050130-30,0.0400,7.00,yes
2026-10-05T05:27:30.174261Z,KXETH15M-26OCT050130-30,0.0400,18.29,yes
2026-10-05T05:27:30.174261Z,KXETH15M-26OCT050130-30,0.0400,4.00,yes
2026-10-05T05:27:30.174261Z,KXETH15M-26OCT050130-30,0.0400,10.00,yes
2026-10-05T05:27:30.174261Z,KXETH15M-26OCT050130-30,0.0400,3.91,yes
2026-10-05T05:27:30.179633Z,KXETH15M-26OCT050130-30,0.0410,2.43,yes
2026-10-05T05:27:30.179633Z,KXETH15M-26OCT050130-30,0.0410,104.77,yes
2026-10-05T05:27:31.122418Z,KXETH15M-26OCT050130-30,0.0370,20.00,no
2026-10-05T05:27:31.122418Z,KXETH15M-26OCT050130-30,0.0330,4.00,no
2026-10-05T05:27:31.122418Z,KXETH15M-26OCT050130-30,0.0320,4.00,no
2026-10-05T05:27:31.122418Z,KXETH15M-26OCT050130-30,0.0330,4.00,no
2026-10-05T05:27:31.122418Z,KXETH15M-26OCT050130-30,0.0320,4.00,no
2026-10-05T05:27:31.122418Z,KXETH15M-26OCT050130-30,0.0260,4.04,no
2026-10-05T05:27:31.122418Z,KXETH15M-26OCT050130-30,0.0360,20.00,no
2026-10-05T05:27:31.122418Z,KXETH15M-26OCT050130-30,0.0300,4.04,no
2026-10-05T05:27:31.122418Z,KXETH15M-26OCT050130-30,0.0240,4.04,no
2026-10-05T05:27:31.122418Z,KXETH15M-26OCT050130-30,0.0280,4.04,no
2026-10-05T05:27:31.122418Z,KXETH15M-26OCT050130-30,0.0370,21.00,no
2026-10-05T05:27:31.122418Z,KXETH15M-26OCT050130-30,0.0320,1.01,no
2026-10-05T05:27:31.122418Z,KXETH15M-26OCT050130-30,0.0230,19.67,no
2026-10-05T05:27:31.122418Z,KXETH15M-26OCT050130-30,0.0350,9.00,no
2026-10-05T05:27:31.122418Z,KXETH15M-26OCT050130-30,0.0310,4.00,no
2026-10-05T05:27:31.122418Z,KXETH15M-26OCT050130-30,0.0310,4.00,no
2026-10-05T05:27:31.122418Z,KXETH15M-26OCT050130-30,0.0310,9.00,no
2026-10-05T05:27:31.122418Z,KXETH15M-26OCT050130-30,0.0300,22.00,no
2026-10-05T05:27:31.122418Z,KXETH15M-26OCT050130-30,0.0310,18.00,no
2026-10-05T05:27:31.122418Z,KXETH15M-26OCT050130-30,0.0300,40.00,no
2026-10-05T05:27:31.122418Z,KXETH15M-26OCT050130-30,0.0300,9.00,no
2026-10-05T05:27:31.122418Z,KXETH15M-26OCT050130-30,0.0300,9.00,no
2026-10-05T05:27:31.122418Z,KXETH15M-26OCT050130-30,0.0300,30.00,no
2026-10-05T05:27:31.122418Z,KXETH15M-26OCT050130-30,0.0360,41.00,no
2026-10-05T05:27:31.776361Z,KXETH15M-26OCT050130-30,0.0350,5.00,no
2026-10-05T05:27:32.126701Z,KXETH15M-26OCT050130-30,0.0350,0.38,no
2026-10-05T05:27:32.997291Z,KXETH15M-26OCT050130-30,0.0340,10.02,no
2026-10-05T05:27:33.124371Z,KXETH15M-26OCT050130-30,0.0380,6.00,yes
2026-10-05T05:27:34.280873Z,KXETH15M-26OCT050130-30,0.0340,10.33,no
2026-10-05T05:27:34.677141Z,KXETH15M-26OCT050130-30,0.0370,8.00,yes
2026-10-05T05:27:34.977142Z,KXETH15M-26OCT050130-30,0.0340,1.43,no
2026-10-05T05:27:34.977142Z,KXETH15M-26OCT050130-30,0.0340,9.67,no
2026-10-05T05:27:35.364745Z,KXETH15M-26OCT050130-30,0.0370,6.00,yes
2026-10-05T05:27:35.364745Z,KXETH15M-26OCT050130-30,0.0370,9.00,yes
2026-10-05T05:27:35.364745Z,KXETH15M-26OCT050130-30,0.0370,5.00,yes
2026-10-05T05:27:35.833472Z,KXETH15M-26OCT050130-30,0.0390,2.00,yes
2026-10-05T05:27:35.844527Z,KXETH15M-26OCT050130-30,0.0360,0.39,no
2026-10-05T05:27:35.996445Z,KXETH15M-26OCT050130-30,0.0390,5.00,yes
2026-10-05T05:27:36.000739Z,KXETH15M-26OCT050130-30,0.0390,18.00,yes
2026-10-05T05:27:36.304798Z,KXETH15M-26OCT050130-30,0.0400,9.00,yes
2026-10-05T05:27:36.304798Z,KXETH15M-26OCT050130-30,0.0400,1.00,yes
2026-10-05T05:27:36.699904Z,KXETH15M-26OCT050130-30,0.0500,4.00,no
2026-10-05T05:27:36.699904Z,KXETH15M-26OCT050130-30,0.0500,3.00,no
2026-10-05T05:27:36.843252Z,KXETH15M-26OCT050130-30,0.0490,4.00,no
2026-10-05T05:27:36.982591Z,KXETH15M-26OCT050130-30,0.0440,4.00,no
2026-10-05T05:27:37.022262Z,KXETH15M-26OCT050130-30,0.0430,20.00,no
2026-10-05T05:27:37.041869Z,KXETH15M-26OCT050130-30,0.0480,19.43,yes
2026-10-05T05:27:37.041869Z,KXETH15M-26OCT050130-30,0.0490,20.00,yes
2026-10-05T05:27:37.041869Z,KXETH15M-26OCT050130-30,0.0480,6.00,yes
2026-10-05T05:27:37.041869Z,KXETH15M-26OCT050130-30,0.0490,0.57,yes
2026-10-05T05:27:37.041869Z,KXETH15M-26OCT050130-30,0.0480,6.00,yes
2026-10-05T05:27:37.849919Z,KXETH15M-26OCT050130-30,0.0430,3.00,no
2026-10-05T05:27:38.45677Z,KXETH15M-26OCT050130-30,0.0460,1.00,yes
2026-10-05T05:27:38.45677Z,KXETH15M-26OCT050130-30,0.0450,19.00,yes
2026-10-05T05:27:38.45677Z,KXETH15M-26OCT050130-30,0.0470,2.58,yes
2026-10-05T05:27:39.283606Z,KXETH15M-26OCT050130-30,0.0460,0.19,yes
2026-10-05T05:27:39.283606Z,KXETH15M-26OCT050130-30,0.0460,17.00,yes
2026-10-05T05:27:39.283606Z,KXETH15M-26OCT050130-30,0.0460,3.00,yes
2026-10-05T05:27:39.433509Z,KXETH15M-26OCT050130-30,0.0410,7.27,no
2026-10-05T05:27:39.595023Z,KXETH15M-26OCT050130-30,0.0410,0.41,no
2026-10-05T05:27:39.904395Z,KXETH15M-26OCT050130-30,0.0460,6.00,yes
2026-10-05T05:27:39.904395Z,KXETH15M-26OCT050130-30,0.0460,3.81,yes
2026-10-05T05:27:39.904395Z,KXETH15M-26OCT050130-30,0.0460,10.00,yes
2026-10-05T05:27:39.933701Z,KXETH15M-26OCT050130-30,0.0420,6.39,no
2026-10-05T05:27:40.708586Z,KXETH15M-26OCT050130-30,0.0350,44.00,no
2026-10-05T05:27:40.810836Z,KXETH15M-26OCT050130-30,0.0220,19.00,no
2026-10-05T05:27:40.821333Z,KXETH15M-26OCT050130-30,0.0240,4.00,yes
2026-10-05T05:27:40.821333Z,KXETH15M-26OCT050130-30,0.0230,4.00,yes
2026-10-05T05:27:40.821333Z,KXETH15M-26OCT050130-30,0.0250,4.00,yes
2026-10-05T05:27:40.821333Z,KXETH15M-26OCT050130-30,0.0230,41.00,yes
2026-10-05T05:27:40.821333Z,KXETH15M-26OCT050130-30,0.0250,4.00,yes
2026-10-05T05:27:40.821333Z,KXETH15M-26OCT050130-30,0.0240,41.00,yes
2026-10-05T05:27:40.821333Z,KXETH15M-26OCT050130-30,0.0290,53.30,yes
2026-10-05T05:27:40.821333Z,KXETH15M-26OCT050130-30,0.0240,4.00,yes
2026-10-05T05:27:40.821333Z,KXETH15M-26OCT050130-30,0.0230,4.00,yes
2026-10-05T05:27:40.821333Z,KXETH15M-26OCT050130-30,0.0280,26.00,yes
2026-10-05T05:27:41.066255Z,KXETH15M-26OCT050130-30,0.0220,8.00,no
2026-10-05T05:27:41.066299Z,KXETH15M-26OCT050130-30,0.0220,3.28,no
2026-10-05T05:27:41.066299Z,KXETH15M-26OCT050130-30,0.0220,4.72,no
2026-10-05T05:27:41.102617Z,KXETH15M-26OCT050130-30,0.0230,0.71,yes
2026-10-05T05:27:41.102617Z,KXETH15M-26OCT050130-30,0.0230,4.00,yes
2026-10-05T05:27:41.102617Z,KXETH15M-26OCT050130-30,0.0230,41.00,yes
2026-10-05T05:27:41.18029Z,KXETH15M-26OCT050130-30,0.0220,25.00,no
2026-10-05T05:27:41.18029Z,KXETH15M-26OCT050130-30,0.0220,10.72,no
2026-10-05T05:27:41.18029Z,KXETH15M-26OCT050130-30,0.0220,44.28,no
2026-10-05T05:27:41.386416Z,KXETH15M-26OCT050130-30,0.0220,4.00,no
2026-10-05T05:27:41.387998Z,KXETH15M-26OCT050130-30,0.0220,15.00,no
2026-10-05T05:27:41.390798Z,KXETH15M-26OCT050130-30,0.0220,22.00,no
2026-10-05T05:27:41.390798Z,KXETH15M-26OCT050130-30,0.0220,6.00,no
2026-10-05T05:27:41.748684Z,KXETH15M-26OCT050130-30,0.0160,4.00,yes
2026-10-05T05:27:41.757547Z,KXETH15M-26OCT050130-30,0.0150,51.00,no
2026-10-05T05:27:41.757547Z,KXETH15M-26OCT050130-30,0.0160,4.00,no
2026-10-05T05:27:41.757547Z,KXETH15M-26OCT050130-30,0.0120,12.00,no
2026-10-05T05:27:41.757547Z,KXETH15M-26OCT050130-30,0.0110,20.00,no
2026-10-05T05:27:41.757547Z,KXETH15M-26OCT050130-30,0.0140,48.00,no
2026-10-05T05:27:41.757547Z,KXETH15M-26OCT050130-30,0.0100,64.64,no
2026-10-05T05:27:41.757547Z,KXETH15M-26OCT050130-30,0.0100,413.94,no
2026-10-05T05:27:41.757547Z,KXETH15M-26OCT050130-30,0.0100,13.99,no
2026-10-05T05:27:41.757547Z,KXETH15M-26OCT050130-30,0.0100,7.00,no
2026-10-05T05:27:41.757547Z,KXETH15M-26OCT050130-30,0.0100,228.21,no
2026-10-05T05:27:41.757547Z,KXETH15M-26OCT050130-30,0.0100,12.00,no
2026-10-05T05:27:41.757547Z,KXETH15M-26OCT050130-30,0.0100,3.93,no
2026-10-05T05:27:41.757547Z,KXETH15M-26OCT050130-30,0.0100,3.29,no
2026-10-05T05:27:41.757547Z,KXETH15M-26OCT050130-30,0.0100,5.00,no
2026-10-05T05:27:41.757547Z,KXETH15M-26OCT050130-30,0.0100,20.00,no
2026-10-05T05:27:41.757547Z,KXETH15M-26OCT050130-30,0.0100,25.00,no
2026-10-05T05:27:41.757547Z,KXETH15M-26OCT050130-30,0.0100,0.79,no
2026-10-05T05:27:41.757547Z,KXETH15M-26OCT050130-30,0.0100,19.77,no
2026-10-05T05:27:41.757547Z,KXETH15M-26OCT050130-30,0.0100,17.34,no
2026-10-05T05:27:41.79332Z,KXETH15M-26OCT050130-30,0.0170,9.78,yes
2026-10-05T05:27:41.79332Z,KXETH15M-26OCT050130-30,0.0170,4.00,yes
2026-10-05T05:27:41.86814Z,KXETH15M-26OCT050130-30,0.0130,0.21,no
2026-10-05T05:27:41.874753Z,KXETH15M-26OCT050130-30,0.0200,0.69,yes
2026-10-05T05:27:41.874753Z,KXETH15M-26OCT050130-30,0.0180,41.00,yes
2026-10-05T05:27:41.874753Z,KXETH15M-26OCT050130-30,0.0170,31.22,yes
2026-10-05T05:27:41.874753Z,KXETH15M-26OCT050130-30,0.0190,21.00,yes
2026-10-05T05:27:41.923599Z,KXETH15M-26OCT050130-30,0.0170,1.00,yes
2026-10-05T05:27:41.987587Z,KXETH15M-26OCT050130-30,0.0170,1.00,yes
2026-10-05T05:27:42.04961Z,KXETH15M-26OCT050130-30,0.0180,41.00,yes
2026-10-05T05:27:42.04961Z,KXETH15M-26OCT050130-30,0.0170,39.00,yes
2026-10-05T05:27:42.04961Z,KXETH15M-26OCT050130-30,0.0220,1.01,yes
2026-10-05T05:27:42.04961Z,KXETH15M-26OCT050130-30,0.0220,4.00,yes
2026-10-05T05:27:42.04961Z,KXETH15M-26OCT050130-30,0.0210,22.00,yes
2026-10-05T05:27:42.04961Z,KXETH15M-26OCT050130-30,0.0250,2.43,yes
2026-10-05T05:27:42.04961Z,KXETH15M-26OCT050130-30,0.0250,9.00,yes
2026-10-05T05:27:42.04961Z,KXETH15M-26OCT050130-30,0.0220,50.00,yes
2026-10-05T05:27:42.04961Z,KXETH15M-26OCT050130-30,0.0210,4.00,yes
2026-10-05T05:27:42.04961Z,KXETH15M-26OCT050130-30,0.0200,25.00,yes
2026-10-05T05:27:42.04961Z,KXETH15M-26OCT050130-30,0.0200,4.00,yes
2026-10-05T05:27:42.04961Z,KXETH15M-26OCT050130-30,0.0200,9.00,yes
2026-10-05T05:27:42.065808Z,KXETH15M-26OCT050130-30,0.0170,2.00,yes
2026-10-05T05:27:42.083955Z,KXETH15M-26OCT050130-30,0.0170,16.31,yes
2026-10-05T05:27:42.125658Z,KXETH15M-26OCT050130-30,0.0170,1.00,yes
2026-10-05T05:27:42.182004Z,KXETH15M-26OCT050130-30,0.0170,3.00,yes
2026-10-05T05:27:42.212377Z,KXETH15M-26OCT050130-30,0.0170,10.00,yes
2026-10-05T05:27:42.446849Z,KXETH15M-26OCT050130-30,0.0170,19.21,yes
2026-10-05T05:27:44.495818Z,KXETH15M-26OCT050130-30,0.0200,41.00,yes
2026-10-05T05:27:44.495818Z,KXETH15M-26OCT050130-30,0.0210,5.35,yes
2026-10-05T05:27:44.825327Z,KXETH15M-26OCT050130-30,0.0190,0.41,no
2026-10-05T05:27:45.662072Z,KXETH15M-26OCT050130-30,0.0190,0.03,yes
2026-10-05T05:27:46.748132Z,KXETH15M-26OCT050130-30,0.0210,41.00,yes
2026-10-05T05:27:46.748132Z,KXETH15M-26OCT050130-30,0.0220,41.00,yes
2026-10-05T05:27:46.748132Z,KXETH15M-26OCT050130-30,0.0190,0.03,yes
2026-10-05T05:27:46.748132Z,KXETH15M-26OCT050130-30,0.0220,30.00,yes
2026-10-05T05:27:46.748132Z,KXETH15M-26OCT050130-30,0.0230,4.00,yes
2026-10-05T05:27:46.748132Z,KXETH15M-26OCT050130-30,0.0210,4.00,yes
2026-10-05T05:27:46.748132Z,KXETH15M-26OCT050130-30,0.0270,6.73,yes
2026-10-05T05:27:46.748132Z,KXETH15M-26OCT050130-30,0.0230,0.04,yes
2026-10-05T05:27:46.748132Z,KXETH15M-26OCT050130-30,0.0250,0.05,yes
2026-10-05T05:27:46.748132Z,KXETH15M-26OCT050130-30,0.0240,0.05,yes
2026-10-05T05:27:46.748132Z,KXETH15M-26OCT050130-30,0.0260,0.06,yes
2026-10-05T05:27:46.748132Z,KXETH15M-26OCT050130-30,0.0200,0.03,yes
2026-10-05T05:27:46.748132Z,KXETH15M-26OCT050130-30,0.0220,0.04,yes
2026-10-05T05:27:46.748132Z,KXETH15M-26OCT050130-30,0.0270,4.00,yes
2026-10-05T05:27:46.748132Z,KXETH15M-26OCT050130-30,0.0210,0.04,yes
2026-10-05T05:27:46.748132Z,KXETH15M-26OCT050130-30,0.0260,12.00,yes
2026-10-05T05:27:46.748132Z,KXETH15M-26OCT050130-30,0.0220,4.00,yes
2026-10-05T05:27:46.748132Z,KXETH15M-26OCT050130-30,0.0240,28.00,yes
2026-10-05T05:27:46.748132Z,KXETH15M-26OCT050130-30,0.0250,9.00,yes
2026-10-05T05:27:46.748132Z,KXETH15M-26OCT050130-30,0.0200,20.00,yes
2026-10-05T05:27:46.761231Z,KXETH15M-26OCT050130-30,0.0190,15.00,yes
2026-10-05T05:27:46.878212Z,KXETH15M-26OCT050130-30,0.0190,24.00,yes
2026-10-05T05:27:46.880447Z,KXETH15M-26OCT050130-30,0.0190,2.00,yes
2026-10-05T05:27:46.989056Z,KXETH15M-26OCT050130-30,0.0200,41.00,yes
2026-10-05T05:27:46.995884Z,KXETH15M-26OCT050130-30,0.0230,1.00,yes
2026-10-05T05:27:46.998605Z,KXETH15M-26OCT050130-30,0.0230,16.00,yes
2026-10-05T05:27:47.011902Z,KXETH15M-26OCT050130-30,0.0260,8.00,yes
2026-10-05T05:27:47.011902Z,KXETH15M-26OCT050130-30,0.0270,79.00,yes
2026-10-05T05:27:47.018212Z,KXETH15M-26OCT050130-30,0.0270,0.06,yes
2026-10-05T05:27:47.173682Z,KXETH15M-26OCT050130-30,0.0270,2.00,no
2026-10-05T05:27:47.232965Z,KXETH15M-26OCT050130-30,0.0270,4.00,no
2026-10-05T05:27:47.232965Z,KXETH15M-26OCT050130-30,0.0270,2.00,no
2026-10-05T05:27:47.232965Z,KXETH15M-26OCT050130-30,0.0270,56.00,no
2026-10-05T05:27:47.264516Z,KXETH15M-26OCT050130-30,0.0250,22.00,no
2026-10-05T05:27:47.281798Z,KXETH15M-26OCT050130-30,0.0200,9.00,no
2026-10-05T05:27:48.011899Z,KXETH15M-26OCT050130-30,0.0180,1.00,yes
2026-10-05T05:27:48.019396Z,KXETH15M-26OCT050130-30,0.0180,1.00,yes
2026-10-05T05:27:48.159966Z,KXETH15M-26OCT050130-30,0.0200,2.81,yes
2026-10-05T05:27:48.159966Z,KXETH15M-26OCT050130-30,0.0190,41.00,yes
2026-10-05T05:27:48.326505Z,KXETH15M-26OCT050130-30,0.0160,1.00,no
2026-10-05T05:27:48.326505Z,KXETH15M-26OCT050130-30,0.0160,4.00,no
2026-10-05T05:27:48.326505Z,KXETH15M-26OCT050130-30,0.0160,12.65,no
2026-10-05T05:27:48.326505Z,KXETH15M-26OCT050130-30,0.0170,22.00,no
2026-10-05T05:27:48.326505Z,KXETH15M-26OCT050130-30,0.0170,4.00,no
2026-10-05T05:27:48.392104Z,KXETH15M-26OCT050130-30,0.0190,0.93,yes
2026-10-05T05:27:48.700572Z,KXETH15M-26OCT050130-30,0.0200,5.79,yes
2026-10-05T05:27:48.700572Z,KXETH15M-26OCT050130-30,0.0200,41.00,yes
2026-10-05T05:27:48.989224Z,KXETH15M-26OCT050130-30,0.0190,13.00,yes
2026-10-05T05:27:48.989224Z,KXETH15M-26OCT050130-30,0.0190,6.00,yes
2026-10-05T05:27:48.989224Z,KXETH15M-26OCT050130-30,0.0190,1.00,yes
2026-10-05T05:27:48.989224Z,KXETH15M-26OCT050130-30,0.0200,0.56,yes
2026-10-05T05:27:50.209669Z,KXETH15M-26OCT050130-30,0.0160,48.00,no
2026-10-05T05:27:50.209669Z,KXETH15M-26OCT050130-30,0.0160,20.00,no
2026-10-05T05:27:50.422772Z,KXETH15M-26OCT050130-30,0.0160,0.42,no
2026-10-05T05:27:50.687021Z,KXETH15M-26OCT050130-30,0.0170,8.85,yes
2026-10-05T05:27:50.687021Z,KXETH15M-26OCT050130-30,0.0170,12.00,yes
2026-10-05T05:27:51.610112Z,KXETH15M-26OCT050130-30,0.0200,41.00,yes
2026-10-05T05:27:51.610112Z,KXETH15M-26OCT050130-30,0.0200,4.00,yes
2026-10-05T05:27:51.610112Z,KXETH15M-26OCT050130-30,0.0200,0.03,yes
2026-10-05T05:27:51.610112Z,KXETH15M-26OCT050130-30,0.0180,22.00,yes
2026-10-05T05:27:51.610112Z,KXETH15M-26OCT050130-30,0.0170,5.15,yes
2026-10-05T05:27:51.610112Z,KXETH15M-26OCT050130-30,0.0170,16.00,yes
2026-10-05T05:27:51.610112Z,KXETH15M-26OCT050130-30,0.0190,0.04,yes
2026-10-05T05:27:51.610112Z,KXETH15M-26OCT050130-30,0.0180,0.04,yes
2026-10-05T05:27:51.610112Z,KXETH15M-26OCT050130-30,0.0170,1.00,yes
2026-10-05T05:27:51.610112Z,KXETH15M-26OCT050130-30,0.0170,0.03,yes
2026-10-05T05:27:51.610112Z,KXETH15M-26OCT050130-30,0.0200,20.00,yes
2026-10-05T05:27:51.736781Z,KXETH15M-26OCT050130-30,0.0190,8.23,yes
2026-10-05T05:27:52.241464Z,KXETH15M-26OCT050130-30,0.0150,12.00,no
2026-10-05T05:27:52.241464Z,KXETH15M-26OCT050130-30,0.0150,20.00,no
2026-10-05T05:27:52.241464Z,KXETH15M-26OCT050130-30,0.0140,36.39,no
2026-10-05T05:27:52.241464Z,KXETH15M-26OCT050130-30,0.0150,9.00,no
2026-10-05T05:27:52.241464Z,KXETH15M-26OCT050130-30,0.0150,22.00,no
2026-10-05T05:27:52.652307Z,KXETH15M-26OCT050130-30,0.0130,3.00,no
2026-10-05T05:27:52.655557Z,KXETH15M-26OCT050130-30,0.0130,9.00,no
2026-10-05T05:27:52.672393Z,KXETH15M-26OCT050130-30,0.0120,0.57,no
2026-10-05T05:27:52.672393Z,KXETH15M-26OCT050130-30,0.0120,1.43,no
2026-10-05T05:27:53.405549Z,KXETH15M-26OCT050130-30,0.0100,8.24,no
2026-10-05T05:27:53.405549Z,KXETH15M-26OCT050130-30,0.0120,22.00,no
2026-10-05T05:27:53.405549Z,KXETH15M-26OCT050130-30,0.0110,12.00,no
2026-10-05T05:27:53.405549Z,KXETH15M-26OCT050130-30,0.0110,20.00,no
2026-10-05T05:27:53.405549Z,KXETH15M-26OCT050130-30,0.0100,25.00,no
2026-10-05T05:27:53.405549Z,KXETH15M-26OCT050130-30,0.0100,11.26,no
2026-10-05T05:27:53.405549Z,KXETH15M-26OCT050130-30,0.0100,1.02,no
2026-10-05T05:27:53.405549Z,KXETH15M-26OCT050130-30,0.0100,119.48,no
2026-10-05T05:27:53.405981Z,KXETH15M-26OCT050130-30,0.0100,0.76,no
2026-10-05T05:27:53.552691Z,KXETH15M-26OCT050130-30,0.0100,3.00,yes
2026-10-05T05:27:53.558678Z,KXETH15M-26OCT050130-30,0.0100,5.00,yes
2026-10-05T05:27:53.574068Z,KXETH15M-26OCT050130-30,0.0100,2.00,yes
2026-10-05T05:27:53.577713Z,KXETH15M-26OCT050130-30,0.0100,5.00,yes
2026-10-05T05:27:54.856387Z,KXETH15M-26OCT050130-30,0.0140,0.03,yes
2026-10-05T05:27:54.856387Z,KXETH15M-26OCT050130-30,0.0150,0.03,yes
2026-10-05T05:27:54.856387Z,KXETH15M-26OCT050130-30,0.0200,172.00,yes
2026-10-05T05:27:54.856387Z,KXETH15M-26OCT050130-30,0.0110,41.00,yes
2026-10-05T05:27:54.856387Z,KXETH15M-26OCT050130-30,0.0130,25.00,yes
2026-10-05T05:27:54.856387Z,KXETH15M-26OCT050130-30,0.0150,9.00,yes
2026-10-05T05:27:54.856387Z,KXETH15M-26OCT050130-30,0.0120,1.00,yes
2026-10-05T05:27:54.856387Z,KXETH15M-26OCT050130-30,0.0180,12.00,yes
2026-10-05T05:27:54.856387Z,KXETH15M-26OCT050130-30,0.0190,20.00,yes
2026-10-05T05:27:54.856387Z,KXETH15M-26OCT050130-30,0.0190,95.00,yes
2026-10-05T05:27:54.856387Z,KXETH15M-26OCT050130-30,0.0180,1.01,yes
2026-10-05T05:27:54.856387Z,KXETH15M-26OCT050130-30,0.0200,4.04,yes
2026-10-05T05:27:54.856387Z,KXETH15M-26OCT050130-30,0.0220,4.04,yes
2026-10-05T05:27:54.856387Z,KXETH15M-26OCT050130-30,0.0140,4.00,yes
2026-10-05T05:27:54.856387Z,KXETH15M-26OCT050130-30,0.0120,14.00,yes
2026-10-05T05:27:54.856387Z,KXETH15M-26OCT050130-30,0.0260,50.00,yes
2026-10-05T05:27:54.856387Z,KXETH15M-26OCT050130-30,0.0120,4.00,yes
2026-10-05T05:27:54.856387Z,KXETH15M-26OCT050130-30,0.0240,4.04,yes
2026-10-05T05:27:54.856387Z,KXETH15M-26OCT050130-30,0.0140,22.00,yes
2026-10-05T05:27:54.856387Z,KXETH15M-26OCT050130-30,0.0160,4.00,yes
2026-10-05T05:27:54.856387Z,KXETH15M-26OCT050130-30,0.0100,41.00,yes
2026-10-05T05:27:54.856387Z,KXETH15M-26OCT050130-30,0.0260,4.04,yes
2026-10-05T05:27:54.856387Z,KXETH15M-26OCT050130-30,0.0200,30.00,yes
2026-10-05T05:27:54.856387Z,KXETH15M-26OCT050130-30,0.0150,4.00,yes
2026-10-05T05:27:54.856387Z,KXETH15M-26OCT050130-30,0.0270,0.06,yes
2026-10-05T05:27:54.856387Z,KXETH15M-26OCT050130-30,0.0260,0.05,yes
2026-10-05T05:27:54.856387Z,KXETH15M-26OCT050130-30,0.0210,0.04,yes
2026-10-05T05:27:54.856387Z,KXETH15M-26OCT050130-30,0.0240,0.05,yes
2026-10-05T05:27:54.856387Z,KXETH15M-26OCT050130-30,0.0250,0.05,yes
2026-10-05T05:27:54.856387Z,KXETH15M-26OCT050130-30,0.0220,0.04,yes
2026-10-05T05:27:54.856387Z,KXETH15M-26OCT050130-30,0.0230,0.04,yes
2026-10-05T05:27:54.856387Z,KXETH15M-26OCT050130-30,0.0190,0.03,yes
2026-10-05T05:27:54.856387Z,KXETH15M-26OCT050130-30,0.0150,23.00,yes
2026-10-05T05:27:54.856387Z,KXETH15M-26OCT050130-30,0.0160,0.03,yes
2026-10-05T05:27:54.856387Z,KXETH15M-26OCT050130-30,0.0200,0.03,yes
2026-10-05T05:27:54.856387Z,KXETH15M-26OCT050130-30,0.0210,500.00,yes
2026-10-05T05:27:54.856387Z,KXETH15M-26OCT050130-30,0.0200,15.00,yes
2026-10-05T05:27:54.856387Z,KXETH15M-26OCT050130-30,0.0180,0.04,yes
2026-10-05T05:27:54.856387Z,KXETH15M-26OCT050130-30,0.0200,9.00,yes
2026-10-05T05:27:54.856387Z,KXETH15M-26OCT050130-30,0.0170,0.03,yes
2026-10-05T05:27:54.856387Z,KXETH15M-26OCT050130-30,0.0280,17.80,yes
2026-10-05T05:27:54.904649Z,KXETH15M-26OCT050130-30,0.0120,2.05,yes
2026-10-05T05:27:55.10999Z,KXETH15M-26OCT050130-30,0.0120,7.93,yes
2026-10-05T05:27:55.418622Z,KXETH15M-26OCT050130-30,0.0110,6.00,no
2026-10-05T05:27:55.508667Z,KXETH15M-26OCT050130-30,0.0120,0.04,yes
2026-10-05T05:27:55.508667Z,KXETH15M-26OCT050130-30,0.0190,10.57,yes
2026-10-05T05:27:55.508667Z,KXETH15M-26OCT050130-30,0.0130,0.04,yes
2026-10-05T05:27:55.508667Z,KXETH15M-26OCT050130-30,0.0180,4.00,yes
2026-10-05T05:27:55.508667Z,KXETH15M-26OCT050130-30,0.0150,21.00,yes
2026-10-05T05:27:55.508667Z,KXETH15M-26OCT050130-30,0.0170,4.00,yes
2026-10-05T05:27:55.508667Z,KXETH15M-26OCT050130-30,0.0160,4.00,yes
2026-10-05T05:27:56.357829Z,KXETH15M-26OCT050130-30,0.0120,0.42,no
2026-10-05T05:27:57.565519Z,KXETH15M-26OCT050130-30,0.0120,41.00,yes
2026-10-05T05:27:58.018295Z,KXETH15M-26OCT050130-30,0.0130,16.21,yes
2026-10-05T05:27:58.074243Z,KXETH15M-26OCT050130-30,0.0130,24.79,yes
2026-10-05T05:27:58.074243Z,KXETH15M-26OCT050130-30,0.0200,100.00,yes
2026-10-05T05:27:58.074243Z,KXETH15M-26OCT050130-30,0.0160,1.00,yes
2026-10-05T05:27:58.074243Z,KXETH15M-26OCT050130-30,0.0190,12.00,yes
2026-10-05T05:27:58.074243Z,KXETH15M-26OCT050130-30,0.0200,19.00,yes
2026-10-05T05:27:58.074243Z,KXETH15M-26OCT050130-30,0.0180,4.00,yes
2026-10-05T05:27:58.074243Z,KXETH15M-26OCT050130-30,0.0140,0.03,yes
2026-10-05T05:27:58.074243Z,KXETH15M-26OCT050130-30,0.0130,0.03,yes
2026-10-05T05:27:58.074243Z,KXETH15M-26OCT050130-30,0.0140,22.00,yes
2026-10-05T05:27:58.074243Z,KXETH15M-26OCT050130-30,0.0180,4.00,yes
2026-10-05T05:27:58.074243Z,KXETH15M-26OCT050130-30,0.0190,4.00,yes
2026-10-05T05:27:58.074243Z,KXETH15M-26OCT050130-30,0.0180,22.00,yes
2026-10-05T05:27:58.074243Z,KXETH15M-26OCT050130-30,0.0150,0.04,yes
2026-10-05T05:27:58.074243Z,KXETH15M-26OCT050130-30,0.0200,5.13,yes
2026-10-05T05:27:58.074243Z,KXETH15M-26OCT050130-30,0.0170,0.03,yes
2026-10-05T05:27:58.074243Z,KXETH15M-26OCT050130-30,0.0160,0.03,yes
2026-10-05T05:27:58.074243Z,KXETH15M-26OCT050130-30,0.0190,0.03,yes
2026-10-05T05:27:58.074243Z,KXETH15M-26OCT050130-30,0.0190,4.00,yes
2026-10-05T05:27:58.074243Z,KXETH15M-26OCT050130-30,0.0180,0.04,yes
2026-10-05T05:27:58.074243Z,KXETH15M-26OCT050130-30,0.0140,41.00,yes
2026-10-05T05:27:58.101552Z,KXETH15M-26OCT050130-30,0.0160,21.00,no
2026-10-05T05:27:58.232409Z,KXETH15M-26OCT050130-30,0.0150,50.00,no
2026-10-05T05:27:58.440671Z,KXETH15M-26OCT050130-30,0.0130,41.00,yes
2026-10-05T05:27:58.440671Z,KXETH15M-26OCT050130-30,0.0130,15.09,yes
2026-10-05T05:27:58.440671Z,KXETH15M-26OCT050130-30,0.0130,13.00,yes
2026-10-05T05:27:59.429679Z,KXETH15M-26OCT050130-30,0.0120,13.00,yes
2026-10-05T05:27:59.429679Z,KXETH15M-26OCT050130-30,0.0120,7.00,yes
2026-10-05T05:27:59.698416Z,KXETH15M-26OCT050130-30,0.0080,38.00,no
2026-10-05T05:27:59.698416Z,KXETH15M-26OCT050130-30,0.0100,17.00,no
2026-10-05T05:27:59.698416Z,KXETH15M-26OCT050130-30,0.0100,22.00,no
2026-10-05T05:27:59.698416Z,KXETH15M-26OCT050130-30,0.0070,22.00,no
2026-10-05T05:27:59.698416Z,KXETH15M-26OCT050130-30,0.0110,17.80,no
2026-10-05T05:27:59.698416Z,KXETH15M-26OCT050130-30,0.0100,0.63,no
2026-10-05T05:27:59.698416Z,KXETH15M-26OCT050130-30,0.0090,100.00,no
2026-10-05T05:27:59.698416Z,KXETH15M-26OCT050130-30,0.0060,74.57,no
2026-10-05T05:27:59.698416Z,KXETH15M-26OCT050130-30,0.0070,100.00,no
2026-10-05T05:27:59.698416Z,KXETH15M-26OCT050130-30,0.0080,100.00,no
2026-10-05T05:27:59.698416Z,KXETH15M-26OCT050130-30,0.0080,1.00,no
2026-10-05T05:27:59.698416Z,KXETH15M-26OCT050130-30,0.0070,1.00,no
2026-10-05T05:27:59.755205Z,KXETH15M-26OCT050130-30,0.0100,6.34,yes
2026-10-05T05:28:00.404341Z,KXETH15M-26OCT050130-30,0.0090,8.00,yes
2026-10-05T05:28:00.42173Z,KXETH15M-26OCT050130-30,0.0090,12.00,yes
2026-10-05T05:28:00.484711Z,KXETH15M-26OCT050130-30,0.0090,8.00,yes
2026-10-05T05:28:00.862559Z,KXETH15M-26OCT050130-30,0.0090,31.65,yes
2026-10-05T05:28:00.862559Z,KXETH15M-26OCT050130-30,0.0090,100.00,yes
2026-10-05T05:28:00.862559Z,KXETH15M-26OCT050130-30,0.0090,72.00,yes
2026-10-05T05:28:01.232689Z,KXETH15M-26OCT050130-30,0.0080,0.23,no
2026-10-05T05:28:01.232689Z,KXETH15M-26OCT050130-30,0.0070,0.20,no
2026-10-05T05:28:01.535744Z,KXETH15M-26OCT050130-30,0.0090,1.00,yes
2026-10-05T05:28:01.781717Z,KXETH15M-26OCT050130-30,0.0090,11.00,yes
2026-10-05T05:28:01.781717Z,KXETH15M-26OCT050130-30,0.0120,0.04,yes
2026-10-05T05:28:01.781717Z,KXETH15M-26OCT050130-30,0.0100,60.00,yes
2026-10-05T05:28:01.781717Z,KXETH15M-26OCT050130-30,0.0090,7.00,yes
2026-10-05T05:28:01.781717Z,KXETH15M-26OCT050130-30,0.0100,24.00,yes
2026-10-05T05:28:01.781717Z,KXETH15M-26OCT050130-30,0.0110,41.00,yes
2026-10-05T05:28:01.781717Z,KXETH15M-26OCT050130-30,0.0100,34.66,yes
2026-10-05T05:28:01.781717Z,KXETH15M-26OCT050130-30,0.0100,100.00,yes
2026-10-05T05:28:01.781717Z,KXETH15M-26OCT050130-30,0.0130,17.00,yes
2026-10-05T05:28:01.781717Z,KXETH15M-26OCT050130-30,0.0090,41.92,yes
2026-10-05T05:28:01.781717Z,KXETH15M-26OCT050130-30,0.0110,22.00,yes
2026-10-05T05:28:01.781717Z,KXETH15M-26OCT050130-30,0.0130,79.49,yes
2026-10-05T05:28:02.234023Z,KXETH15M-26OCT050130-30,0.0100,5.08,yes
2026-10-05T05:28:02.304863Z,KXETH15M-26OCT050130-30,0.0100,20.00,yes
2026-10-05T05:28:02.304863Z,KXETH15M-26OCT050130-30,0.0100,35.92,yes
2026-10-05T05:28:02.304863Z,KXETH15M-26OCT050130-30,0.0110,11.13,yes
2026-10-05T05:28:02.304863Z,KXETH15M-26OCT050130-30,0.0100,19.00,yes
2026-10-05T05:28:03.015156Z,KXETH15M-26OCT050130-30,0.0100,41.00,yes
2026-10-05T05:28:03.015156Z,KXETH15M-26OCT050130-30,0.0100,20.00,yes
2026-10-05T05:28:03.015156Z,KXETH15M-26OCT050130-30,0.0100,12.00,yes
2026-10-05T05:28:03.015156Z,KXETH15M-26OCT050130-30,0.0100,13.00,yes
2026-10-05T05:28:03.015156Z,KXETH15M-26OCT050130-30,0.0100,3.90,yes
2026-10-05T05:28:03.313451Z,KXETH15M-26OCT050130-30,0.0140,14.00,yes
2026-10-05T05:28:03.313451Z,KXETH15M-26OCT050130-30,0.0130,4.00,yes
2026-10-05T05:28:03.313451Z,KXETH15M-26OCT050130-30,0.0130,4.00,yes
2026-10-05T05:28:03.313451Z,KXETH15M-26OCT050130-30,0.0140,4.00,yes
2026-10-05T05:28:03.313451Z,KXETH15M-26OCT050130-30,0.0110,32.00,yes
2026-10-05T05:28:03.313451Z,KXETH15M-26OCT050130-30,0.0130,0.04,yes
2026-10-05T05:28:03.313451Z,KXETH15M-26OCT050130-30,0.0140,4.00,yes
2026-10-05T05:28:03.313451Z,KXETH15M-26OCT050130-30,0.0110,29.87,yes
2026-10-05T05:28:03.313451Z,KXETH15M-26OCT050130-30,0.0140,1.00,yes
2026-10-05T05:28:03.313451Z,KXETH15M-26OCT050130-30,0.0100,41.00,yes
2026-10-05T05:28:03.313451Z,KXETH15M-26OCT050130-30,0.0100,10.00,yes
2026-10-05T05:28:03.313451Z,KXETH15M-26OCT050130-30,0.0100,6.90,yes
2026-10-05T05:28:03.313451Z,KXETH15M-26OCT050130-30,0.0140,0.05,yes
2026-10-05T05:28:03.313451Z,KXETH15M-26OCT050130-30,0.0140,8.41,yes
2026-10-05T05:28:03.532722Z,KXETH15M-26OCT050130-30,0.0100,9.35,yes
2026-10-05T05:28:03.547274Z,KXETH15M-26OCT050130-30,0.0050,9.00,no
2026-10-05T05:28:03.547274Z,KXETH15M-26OCT050130-30,0.0030,2048.92,no
2026-10-05T05:28:03.547274Z,KXETH15M-26OCT050130-30,0.0060,4.00,no
2026-10-05T05:28:03.547274Z,KXETH15M-26OCT050130-30,0.0050,4.00,no
2026-10-05T05:28:03.547274Z,KXETH15M-26OCT050130-30,0.0050,9.00,no
2026-10-05T05:28:03.547274Z,KXETH15M-26OCT050130-30,0.0060,4.00,no
2026-10-05T05:28:03.547274Z,KXETH15M-26OCT050130-30,0.0050,4.00,no
2026-10-05T05:28:03.547274Z,KXETH15M-26OCT050130-30,0.0070,13.00,no
2026-10-05T05:28:03.547274Z,KXETH15M-26OCT050130-30,0.0060,41.00,no
2026-10-05T05:28:03.547274Z,KXETH15M-26OCT050130-30,0.0060,20.00,no
2026-10-05T05:28:03.547274Z,KXETH15M-26OCT050130-30,0.0070,41.00,no
2026-10-05T05:28:03.547274Z,KXETH15M-26OCT050130-30,0.0040,4.00,no
2026-10-05T05:28:03.547274Z,KXETH15M-26OCT050130-30,0.0070,40.80,no
2026-10-05T05:28:03.547274Z,KXETH15M-26OCT050130-30,0.0040,4.00,no
2026-10-05T05:28:03.547274Z,KXETH15M-26OCT050130-30,0.0050,5.00,no
2026-10-05T05:28:03.547274Z,KXETH15M-26OCT050130-30,0.0030,250.00,no
2026-10-05T05:28:03.547274Z,KXETH15M-26OCT050130-30,0.0060,25.43,no
2026-10-05T05:28:03.547274Z,KXETH15M-26OCT050130-30,0.0050,100.00,no
2026-10-05T05:28:03.547274Z,KXETH15M-26OCT050130-30,0.0040,563.00,no
2026-10-05T05:28:03.547274Z,KXETH15M-26OCT050130-30,0.0050,100.00,no
2026-10-05T05:28:03.547274Z,KXETH15M-26OCT050130-30,0.0030,200.00,no
2026-10-05T05:28:03.547274Z,KXETH15M-26OCT050130-30,0.0030,1.00,no
2026-10-05T05:28:03.547274Z,KXETH15M-26OCT050130-30,0.0040,1.00,no
2026-10-05T05:28:03.547274Z,KXETH15M-26OCT050130-30,0.0050,1.00,no
2026-10-05T05:28:03.547274Z,KXETH15M-26OCT050130-30,0.0040,100.00,no
2026-10-05T05:28:03.547274Z,KXETH15M-26OCT050130-30,0.0030,100.00,no
2026-10-05T05:28:03.547274Z,KXETH15M-26OCT050130-30,0.0030,2.00,no
2026-10-05T05:28:03.547274Z,KXETH15M-26OCT050130-30,0.0040,1.00,no
2026-10-05T05:28:03.547274Z,KXETH15M-26OCT050130-30,0.0030,2.00,no
2026-10-05T05:28:03.547274Z,KXETH15M-26OCT050130-30,0.0040,1.00,no
2026-10-05T05:28:03.547274Z,KXETH15M-26OCT050130-30,0.0040,1.00,no
2026-10-05T05:28:03.547274Z,KXETH15M-26OCT050130-30,0.0030,2.00,no
2026-10-05T05:28:03.547274Z,KXETH15M-26OCT050130-30,0.0040,1.00,no
2026-10-05T05:28:03.547274Z,KXETH15M-26OCT050130-30,0.0030,2.00,no
2026-10-05T05:28:03.547274Z,KXETH15M-26OCT050130-30,0.0030,2.00,no
2026-10-05T05:28:03.547274Z,KXETH15M-26OCT050130-30,0.0040,1.00,no
2026-10-05T05:28:03.547274Z,KXETH15M-26OCT050130-30,0.0040,13.00,no
2026-10-05T05:28:03.547274Z,KXETH15M-26OCT050130-30,0.0030,18.00,no
2026-10-05T05:28:03.547274Z,KXETH15M-26OCT050130-30,0.0050,11.00,no
2026-10-05T05:28:03.707411Z,KXETH15M-26OCT050130-30,0.0100,31.65,yes
2026-10-05T05:28:03.707411Z,KXETH15M-26OCT050130-30,0.0090,100.00,yes
2026-10-05T05:28:03.707411Z,KXETH15M-26OCT050130-30,0.0090,25.43,yes
2026-10-05T05:28:03.707411Z,KXETH15M-26OCT050130-30,0.0090,100.00,yes
2026-10-05T05:28:03.707411Z,KXETH15M-26OCT050130-30,0.0100,29.00,yes
2026-10-05T05:28:03.707411Z,KXETH15M-26OCT050130-30,0.0090,100.00,yes
2026-10-05T05:28:03.707411Z,KXETH15M-26OCT050130-30,0.0100,185.94,yes
2026-10-05T05:28:04.047878Z,KXETH15M-26OCT050130-30,0.0080,2.01,no
2026-10-05T05:28:04.4627Z,KXETH15M-26OCT050130-30,0.0090,0.68,yes
2026-10-05T05:28:04.471929Z,KXETH15M-26OCT050130-30,0.0160,100.00,yes
2026-10-05T05:28:04.471929Z,KXETH15M-26OCT050130-30,0.0130,4.00,yes
2026-10-05T05:28:04.471929Z,KXETH15M-26OCT050130-30,0.0160,195.08,yes
2026-10-05T05:28:04.471929Z,KXETH15M-26OCT050130-30,0.0150,1.00,yes
2026-10-05T05:28:04.471929Z,KXETH15M-26OCT050130-30,0.0150,13.00,yes
2026-10-05T05:28:04.471929Z,KXETH15M-26OCT050130-30,0.0100,41.00,yes
2026-10-05T05:28:04.471929Z,KXETH15M-26OCT050130-30,0.0150,20.00,yes
2026-10-05T05:28:04.471929Z,KXETH15M-26OCT050130-30,0.0100,25.00,yes
2026-10-05T05:28:04.471929Z,KXETH15M-26OCT050130-30,0.0140,4.00,yes
2026-10-05T05:28:04.471929Z,KXETH15M-26OCT050130-30,0.0160,44.00,yes
2026-10-05T05:28:04.471929Z,KXETH15M-26OCT050130-30,0.0100,64.06,yes
2026-10-05T05:28:04.471929Z,KXETH15M-26OCT050130-30,0.0140,4.00,yes
2026-10-05T05:28:04.471929Z,KXETH15M-26OCT050130-30,0.0120,0.05,yes
2026-10-05T05:28:04.471929Z,KXETH15M-26OCT050130-30,0.0150,9.00,yes
2026-10-05T05:28:04.471929Z,KXETH15M-26OCT050130-30,0.0110,41.00,yes
2026-10-05T05:28:04.471929Z,KXETH15M-26OCT050130-30,0.0150,9.00,yes
2026-10-05T05:28:04.471929Z,KXETH15M-26OCT050130-30,0.0120,4.00,yes
2026-10-05T05:28:04.471929Z,KXETH15M-26OCT050130-30,0.0090,199.32,yes
2026-10-05T05:28:04.471929Z,KXETH15M-26OCT050130-30,0.0140,22.00,yes
2026-10-05T05:28:04.471929Z,KXETH15M-26OCT050130-30,0.0160,0.06,yes
2026-10-05T05:28:04.471929Z,KXETH15M-26OCT050130-30,0.0150,1.01,yes
2026-10-05T05:28:04.471929Z,KXETH15M-26OCT050130-30,0.0150,0.05,yes
2026-10-05T05:28:04.926285Z,KXETH15M-26OCT050130-30,0.0090,54.94,yes
2026-10-05T05:28:05.383183Z,KXETH15M-26OCT050130-30,0.0090,8.00,yes
2026-10-05T05:28:05.38985Z,KXETH15M-26OCT050130-30,0.0090,12.00,yes
2026-10-05T05:28:05.45427Z,KXETH15M-26OCT050130-30,0.0090,41.00,yes
2026-10-05T05:28:05.45427Z,KXETH15M-26OCT050130-30,0.0100,34.68,yes
2026-10-05T05:28:05.45427Z,KXETH15M-26OCT050130-30,0.0090,25.06,yes
2026-10-05T05:28:06.887324Z,KXETH15M-26OCT050130-30,0.0100,11.00,yes
2026-10-05T05:28:06.947356Z,KXETH15M-26OCT050130-30,0.0070,42.00,no
2026-10-05T05:28:06.947356Z,KXETH15M-26OCT050130-30,0.0070,20.00,no
2026-10-05T05:28:06.947356Z,KXETH15M-26OCT050130-30,0.0060,41.00,no
2026-10-05T05:28:06.947356Z,KXETH15M-26OCT050130-30,0.0060,4.00,no
2026-10-05T05:28:06.947356Z,KXETH15M-26OCT050130-30,0.0060,4.00,no
2026-10-05T05:28:06.947356Z,KXETH15M-26OCT050130-30,0.0070,13.00,no
2026-10-05T05:28:06.947356Z,KXETH15M-26OCT050130-30,0.0070,4.00,no
2026-10-05T05:28:06.947356Z,KXETH15M-26OCT050130-30,0.0070,4.00,no
2026-10-05T05:28:06.967625Z,KXETH15M-26OCT050130-30,0.0060,80.00,yes
2026-10-05T05:28:07.139304Z,KXETH15M-26OCT050130-30,0.0060,157.13,yes
2026-10-05T05:28:07.147859Z,KXETH15M-26OCT050130-30,0.0060,1542.00,yes
2026-10-05T05:28:07.511895Z,KXETH15M-26OCT050130-30,0.0060,5.00,yes
2026-10-05T05:28:07.780362Z,KXETH15M-26OCT050130-30,0.0050,2.20,no
2026-10-05T05:28:07.780362Z,KXETH15M-26OCT050130-30,0.0050,41.00,no
2026-10-05T05:28:07.924007Z,KXETH15M-26OCT050130-30,0.0060,132.79,yes
2026-10-05T05:28:07.924007Z,KXETH15M-26OCT050130-30,0.0090,1.00,yes
2026-10-05T05:28:07.924007Z,KXETH15M-26OCT050130-30,0.0090,12.09,yes
2026-10-05T05:28:08.010927Z,KXETH15M-26OCT050130-30,0.0050,4.00,no
2026-10-05T05:28:08.010927Z,KXETH15M-26OCT050130-30,0.0050,78.47,no
2026-10-05T05:28:08.514778Z,KXETH15M-26OCT050130-30,0.0050,12.29,no
2026-10-05T05:28:08.531639Z,KXETH15M-26OCT050130-30,0.0090,1.39,yes
2026-10-05T05:28:08.83976Z,KXETH15M-26OCT050130-30,0.0090,4.34,yes
2026-10-05T05:28:08.83976Z,KXETH15M-26OCT050130-30,0.0080,4.00,yes
2026-10-05T05:28:08.83976Z,KXETH15M-26OCT050130-30,0.0080,4.00,yes
2026-10-05T05:28:08.83976Z,KXETH15M-26OCT050130-30,0.0090,39.61,yes
2026-10-05T05:28:08.956432Z,KXETH15M-26OCT050130-30,0.0150,14.00,yes
2026-10-05T05:28:08.956432Z,KXETH15M-26OCT050130-30,0.0090,21.66,yes
2026-10-05T05:28:08.956432Z,KXETH15M-26OCT050130-30,0.0120,0.06,yes
2026-10-05T05:28:08.956432Z,KXETH15M-26OCT050130-30,0.0150,4.00,yes
2026-10-05T05:28:08.956432Z,KXETH15M-26OCT050130-30,0.0140,0.05,yes
2026-10-05T05:28:08.956432Z,KXETH15M-26OCT050130-30,0.0150,0.05,yes
2026-10-05T05:28:08.956432Z,KXETH15M-26OCT050130-30,0.0130,0.04,yes
2026-10-05T05:28:08.956432Z,KXETH15M-26OCT050130-30,0.0100,30.00,yes
2026-10-05T05:28:08.956432Z,KXETH15M-26OCT050130-30,0.0150,4.00,yes
2026-10-05T05:28:08.956432Z,KXETH15M-26OCT050130-30,0.0140,4.00,yes
2026-10-05T05:28:08.956432Z,KXETH15M-26OCT050130-30,0.0140,4.00,yes
2026-10-05T05:28:08.956432Z,KXETH15M-26OCT050130-30,0.0150,0.93,yes
2026-10-05T05:28:08.956432Z,KXETH15M-26OCT050130-30,0.0150,9.00,yes
2026-10-05T05:28:08.956432Z,KXETH15M-26OCT050130-30,0.0090,41.00,yes
2026-10-05T05:28:08.956432Z,KXETH15M-26OCT050130-30,0.0130,4.00,yes
2026-10-05T05:28:08.956432Z,KXETH15M-26OCT050130-30,0.0140,20.00,yes
2026-10-05T05:28:08.956432Z,KXETH15M-26OCT050130-30,0.0130,4.00,yes
2026-10-05T05:28:09.574861Z,KXETH15M-26OCT050130-30,0.0070,5.00,yes
2026-10-05T05:28:09.574861Z,KXETH15M-26OCT050130-30,0.0070,11.00,yes
2026-10-05T05:28:09.592869Z,KXETH15M-26OCT050130-30,0.0080,1.68,no
2026-10-05T05:28:10.332717Z,KXETH15M-26OCT050130-30,0.0080,3.00,no
2026-10-05T05:28:10.355617Z,KXETH15M-26OCT050130-30,0.0080,5.00,no
2026-10-05T05:28:10.388605Z,KXETH15M-26OCT050130-30,0.0080,9.00,no
2026-10-05T05:28:10.394947Z,KXETH15M-26OCT050130-30,0.0080,1.00,no
2026-10-05T05:28:10.401889Z,KXETH15M-26OCT050130-30,0.0080,3.00,no
2026-10-05T05:28:10.921853Z,KXETH15M-26OCT050130-30,0.0050,4.00,no
2026-10-05T05:28:10.921853Z,KXETH15M-26OCT050130-30,0.0030,50.00,no
2026-10-05T05:28:10.921853Z,KXETH15M-26OCT050130-30,0.0050,4.00,no
2026-10-05T05:28:10.921853Z,KXETH15M-26OCT050130-30,0.0040,10.00,no
2026-10-05T05:28:10.921853Z,KXETH15M-26OCT050130-30,0.0040,4.00,no
2026-10-05T05:28:10.921853Z,KXETH15M-26OCT050130-30,0.0060,41.00,no
2026-10-05T05:28:10.921853Z,KXETH15M-26OCT050130-30,0.0070,41.00,no
2026-10-05T05:28:10.921853Z,KXETH15M-26OCT050130-30,0.0070,4.00,no
2026-10-05T05:28:10.921853Z,KXETH15M-26OCT050130-30,0.0060,4.00,no
2026-10-05T05:28:10.921853Z,KXETH15M-26OCT050130-30,0.0060,4.00,no
2026-10-05T05:28:10.921853Z,KXETH15M-26OCT050130-30,0.0030,250.00,no
2026-10-05T05:28:10.921853Z,KXETH15M-26OCT050130-30,0.0030,0.49,no
2026-10-05T05:28:10.921853Z,KXETH15M-26OCT050130-30,0.0070,20.00,no
2026-10-05T05:28:10.921853Z,KXETH15M-26OCT050130-30,0.0050,64.00,no
2026-10-05T05:28:10.921853Z,KXETH15M-26OCT050130-30,0.0020,1562.40,no
2026-10-05T05:28:10.934722Z,KXETH15M-26OCT050130-30,0.0050,41.00,no
2026-10-05T05:28:10.934722Z,KXETH15M-26OCT050130-30,0.0060,41.00,no
2026-10-05T05:28:10.99593Z,KXETH15M-26OCT050130-30,0.0050,29.00,yes
2026-10-05T05:28:11.003877Z,KXETH15M-26OCT050130-30,0.0050,2.00,yes
2026-10-05T05:28:11.065061Z,KXETH15M-26OCT050130-30,0.0050,94.13,yes
2026-10-05T05:28:11.185759Z,KXETH15M-26OCT050130-30,0.0050,87.13,yes
2026-10-05T05:28:11.191663Z,KXETH15M-26OCT050130-30,0.0050,88.24,yes
2026-10-05T05:28:11.281167Z,KXETH15M-26OCT050130-30,0.0050,8.00,yes
2026-10-05T05:28:11.287833Z,KXETH15M-26OCT050130-30,0.0050,2.00,yes
2026-10-05T05:28:11.561872Z,KXETH15M-26OCT050130-30,0.0050,2.00,yes
2026-10-05T05:28:11.795364Z,KXETH15M-26OCT050130-30,0.0040,0.40,no
2026-10-05T05:28:13.509215Z,KXETH15M-26OCT050130-30,0.0040,15.00,yes
2026-10-05T05:28:13.509215Z,KXETH15M-26OCT050130-30,0.0050,190.84,yes
2026-10-05T05:28:13.984078Z,KXETH15M-26OCT050130-30,0.0050,2.00,yes
2026-10-05T05:28:14.002805Z,KXETH15M-26OCT050130-30,0.0050,2.00,yes
2026-10-05T05:28:14.01574Z,KXETH15M-26OCT050130-30,0.0050,2.00,yes
2026-10-05T05:28:14.173511Z,KXETH15M-26OCT050130-30,0.0050,6.00,yes
2026-10-05T05:28:14.185827Z,KXETH15M-26OCT050130-30,0.0050,2.00,yes
2026-10-05T05:28:14.203812Z,KXETH15M-26OCT050130-30,0.0050,6.00,yes
2026-10-05T05:28:14.215548Z,KXETH15M-26OCT050130-30,0.0050,2.00,yes
2026-10-05T05:28:14.265607Z,KXETH15M-26OCT050130-30,0.0050,52.05,yes
2026-10-05T05:28:14.515174Z,KXETH15M-26OCT050130-30,0.0050,411.67,yes
2026-10-05T05:28:14.52175Z,KXETH15M-26OCT050130-30,0.0050,18.69,yes
2026-10-05T05:28:14.53387Z,KXETH15M-26OCT050130-30,0.0050,22.00,yes
2026-10-05T05:28:14.549429Z,KXETH15M-26OCT050130-30,0.0050,126.00,yes
2026-10-05T05:28:14.55924Z,KXETH15M-26OCT050130-30,0.0050,120.00,yes
2026-10-05T05:28:14.682316Z,KXETH15M-26OCT050130-30,0.0040,25.00,no
2026-10-05T05:28:14.688799Z,KXETH15M-26OCT050130-30,0.0040,16.00,no
2026-10-05T05:28:14.990698Z,KXETH15M-26OCT050130-30,0.0040,5.00,no
2026-10-05T05:28:15.059034Z,KXETH15M-26OCT050130-30,0.0040,2.00,no
2026-10-05T05:28:15.06466Z,KXETH15M-26OCT050130-30,0.0040,5.00,no
2026-10-05T05:28:15.070426Z,KXETH15M-26OCT050130-30,0.0040,5.00,no
2026-10-05T05:28:15.12525Z,KXETH15M-26OCT050130-30,0.0040,3.00,no
2026-10-05T05:28:15.130807Z,KXETH15M-26OCT050130-30,0.0040,5.00,no
2026-10-05T05:28:15.157963Z,KXETH15M-26OCT050130-30,0.0040,1.00,no
2026-10-05T05:28:15.164001Z,KXETH15M-26OCT050130-30,0.0040,5.00,no
2026-10-05T05:28:15.299593Z,KXETH15M-26OCT050130-30,0.0050,186.97,yes
2026-10-05T05:28:15.389083Z,KXETH15M-26OCT050130-30,0.0040,5.00,no
2026-10-05T05:28:15.445298Z,KXETH15M-26OCT050130-30,0.0040,3.00,no
2026-10-05T05:28:15.451251Z,KXETH15M-26OCT050130-30,0.0040,3.00,no
2026-10-05T05:28:15.451251Z,KXETH15M-26OCT050130-30,0.0040,2.00,no
2026-10-05T05:28:15.457172Z,KXETH15M-26OCT050130-30,0.0040,28.00,no
2026-10-05T05:28:15.84193Z,KXETH15M-26OCT050130-30,0.0050,2.00,yes
2026-10-05T05:28:16.121169Z,KXETH15M-26OCT050130-30,0.0060,20.00,yes
2026-10-05T05:28:16.121169Z,KXETH15M-26OCT050130-30,0.0050,15.68,yes
2026-10-05T05:28:16.121169Z,KXETH15M-26OCT050130-30,0.0070,34.85,yes
2026-10-05T05:28:16.121169Z,KXETH15M-26OCT050130-30,0.0070,70.00,yes
2026-10-05T05:28:16.584179Z,KXETH15M-26OCT050130-30,0.0070,2.00,yes
2026-10-05T05:28:16.811741Z,KXETH15M-26OCT050130-30,0.0030,0.40,no
2026-10-05T05:28:16.962642Z,KXETH15M-26OCT050130-30,0.0080,15.00,yes
2026-10-05T05:28:16.962642Z,KXETH15M-26OCT050130-30,0.0080,10.00,yes
2026-10-05T05:28:16.980794Z,KXETH15M-26OCT050130-30,0.0080,16.00,yes
2026-10-05T05:28:16.989124Z,KXETH15M-26OCT050130-30,0.0080,5.00,yes
2026-10-05T05:28:16.995884Z,KXETH15M-26OCT050130-30,0.0080,45.00,yes
2026-10-05T05:28:17.07038Z,KXETH15M-26OCT050130-30,0.0070,41.00,no
2026-10-05T05:28:17.385063Z,KXETH15M-26OCT050130-30,0.0080,1.31,yes
2026-10-05T05:28:17.477624Z,KXETH15M-26OCT050130-30,0.0060,5.00,no
2026-10-05T05:28:17.492061Z,KXETH15M-26OCT050130-30,0.0130,4.00,yes
2026-10-05T05:28:17.492061Z,KXETH15M-26OCT050130-30,0.0150,4.00,yes
2026-10-05T05:28:17.492061Z,KXETH15M-26OCT050130-30,0.0150,4.00,yes
2026-10-05T05:28:17.492061Z,KXETH15M-26OCT050130-30,0.0130,4.00,yes
2026-10-05T05:28:17.492061Z,KXETH15M-26OCT050130-30,0.0070,1.00,yes
2026-10-05T05:28:17.492061Z,KXETH15M-26OCT050130-30,0.0140,4.00,yes
2026-10-05T05:28:17.492061Z,KXETH15M-26OCT050130-30,0.0070,84.00,yes
2026-10-05T05:28:17.492061Z,KXETH15M-26OCT050130-30,0.0140,4.04,yes
2026-10-05T05:28:17.492061Z,KXETH15M-26OCT050130-30,0.0120,1.01,yes
2026-10-05T05:28:17.492061Z,KXETH15M-26OCT050130-30,0.0150,32.00,yes
2026-10-05T05:28:17.492061Z,KXETH15M-26OCT050130-30,0.0140,4.00,yes
2026-10-05T05:28:17.492061Z,KXETH15M-26OCT050130-30,0.0150,8.59,yes
2026-10-05T05:28:17.492061Z,KXETH15M-26OCT050130-30,0.0120,4.00,yes
2026-10-05T05:28:17.492061Z,KXETH15M-26OCT050130-30,0.0100,16.29,yes
2026-10-05T05:28:17.492061Z,KXETH15M-26OCT050130-30,0.0080,167.69,yes
2026-10-05T05:28:17.492061Z,KXETH15M-26OCT050130-30,0.0090,22.00,yes
2026-10-05T05:28:17.492061Z,KXETH15M-26OCT050130-30,0.0140,0.06,yes
2026-10-05T05:28:17.492061Z,KXETH15M-26OCT050130-30,0.0130,0.06,yes
2026-10-05T05:28:17.492061Z,KXETH15M-26OCT050130-30,0.0120,0.06,yes
2026-10-05T05:28:17.492061Z,KXETH15M-26OCT050130-30,0.0150,0.07,yes
2026-10-05T05:28:17.492061Z,KXETH15M-26OCT050130-30,0.0100,1.00,yes
2026-10-05T05:28:17.492061Z,KXETH15M-26OCT050130-30,0.0150,14.00,yes
2026-10-05T05:28:17.492061Z,KXETH15M-26OCT050130-30,0.0120,89.90,yes
2026-10-05T05:28:17.492061Z,KXETH15M-26OCT050130-30,0.0160,256.58,yes
2026-10-05T05:28:17.857328Z,KXETH15M-26OCT050130-30,0.0070,6.14,no
2026-10-05T05:28:18.84625Z,KXETH15M-26OCT050130-30,0.0050,41.00,no
2026-10-05T05:28:18.84625Z,KXETH15M-26OCT050130-30,0.0040,41.00,no
2026-10-05T05:28:18.84625Z,KXETH15M-26OCT050130-30,0.0050,12.00,no
2026-10-05T05:28:18.84625Z,KXETH15M-26OCT050130-30,0.0050,20.00,no
2026-10-05T05:28:18.84625Z,KXETH15M-26OCT050130-30,0.0040,4.00,no
2026-10-05T05:28:18.84625Z,KXETH15M-26OCT050130-30,0.0030,4.00,no
2026-10-05T05:28:18.84625Z,KXETH15M-26OCT050130-30,0.0030,0.18,no
2026-10-05T05:28:18.84625Z,KXETH15M-26OCT050130-30,0.0030,4.00,no
2026-10-05T05:28:18.84625Z,KXETH15M-26OCT050130-30,0.0040,65.00,no
2026-10-05T05:28:18.84625Z,KXETH15M-26OCT050130-30,0.0020,20.55,no
2026-10-05T05:28:19.228686Z,KXETH15M-26OCT050130-30,0.0060,7.00,yes
2026-10-05T05:28:19.228686Z,KXETH15M-26OCT050130-30,0.0090,35.78,yes
2026-10-05T05:28:19.228686Z,KXETH15M-26OCT050130-30,0.0060,26.00,yes
2026-10-05T05:28:19.228686Z,KXETH15M-26OCT050130-30,0.0080,41.00,yes
2026-10-05T05:28:20.391175Z,KXETH15M-26OCT050130-30,0.0080,41.00,yes
2026-10-05T05:28:20.391175Z,KXETH15M-26OCT050130-30,0.0070,44.00,yes
2026-10-05T05:28:20.391175Z,KXETH15M-26OCT050130-30,0.0150,9.00,yes
2026-10-05T05:28:20.391175Z,KXETH15M-26OCT050130-30,0.0120,0.06,yes
2026-10-05T05:28:20.391175Z,KXETH15M-26OCT050130-30,0.0150,4.22,yes
2026-10-05T05:28:20.391175Z,KXETH15M-26OCT050130-30,0.0130,0.06,yes
2026-10-05T05:28:20.391175Z,KXETH15M-26OCT050130-30,0.0130,15.00,yes
2026-10-05T05:28:20.391175Z,KXETH15M-26OCT050130-30,0.0110,4.00,yes
2026-10-05T05:28:20.391175Z,KXETH15M-26OCT050130-30,0.0140,0.06,yes
2026-10-05T05:28:20.391175Z,KXETH15M-26OCT050130-30,0.0110,4.00,yes
2026-10-05T05:28:20.391175Z,KXETH15M-26OCT050130-30,0.0070,14.00,yes
2026-10-05T05:28:20.391175Z,KXETH15M-26OCT050130-30,0.0100,9.00,yes
2026-10-05T05:28:20.391175Z,KXETH15M-26OCT050130-30,0.0070,41.00,yes
2026-10-05T05:28:20.391175Z,KXETH15M-26OCT050130-30,0.0150,4.04,yes
2026-10-05T05:28:20.391175Z,KXETH15M-26OCT050130-30,0.0150,0.05,yes
2026-10-05T05:28:20.391175Z,KXETH15M-26OCT050130-30,0.0130,20.00,yes
2026-10-05T05:28:20.391175Z,KXETH15M-26OCT050130-30,0.0140,50.00,yes
2026-10-05T05:28:20.391175Z,KXETH15M-26OCT050130-30,0.0130,4.00,yes
2026-10-05T05:28:20.391175Z,KXETH15M-26OCT050130-30,0.0120,4.00,yes
2026-10-05T05:28:20.391175Z,KXETH15M-26OCT050130-30,0.0130,1.01,yes
2026-10-05T05:28:20.391175Z,KXETH15M-26OCT050130-30,0.0120,4.00,yes
2026-10-05T05:28:20.391175Z,KXETH15M-26OCT050130-30,0.0130,4.00,yes
2026-10-05T05:28:20.391175Z,KXETH15M-26OCT050130-30,0.0150,0.04,yes
2026-10-05T05:28:20.391175Z,KXETH15M-26OCT050130-30,0.0160,99.07,yes
2026-10-05T05:28:21.120426Z,KXETH15M-26OCT050130-30,0.0070,3.00,yes
2026-10-05T05:28:21.507781Z,KXETH15M-26OCT050130-30,0.0120,1.01,yes
2026-10-05T05:28:21.507781Z,KXETH15M-26OCT050130-30,0.0070,41.00,yes
2026-10-05T05:28:21.507781Z,KXETH15M-26OCT050130-30,0.0140,0.09,yes
2026-10-05T05:28:21.507781Z,KXETH15M-26OCT050130-30,0.0070,35.00,yes
2026-10-05T05:28:21.507781Z,KXETH15M-26OCT050130-30,0.0120,0.06,yes
2026-10-05T05:28:21.507781Z,KXETH15M-26OCT050130-30,0.0130,0.06,yes
2026-10-05T05:28:21.507781Z,KXETH15M-26OCT050130-30,0.0080,41.00,yes
2026-10-05T05:28:21.507781Z,KXETH15M-26OCT050130-30,0.0130,4.00,yes
2026-10-05T05:28:22.435367Z,KXETH15M-26OCT050130-30,0.0050,4.00,no
2026-10-05T05:28:22.435367Z,KXETH15M-26OCT050130-30,0.0040,9.10,no
2026-10-05T05:28:22.435367Z,KXETH15M-26OCT050130-30,0.0050,12.00,no
2026-10-05T05:28:23.551283Z,KXETH15M-26OCT050130-30,0.0060,41.00,yes
2026-10-05T05:28:23.551283Z,KXETH15M-26OCT050130-30,0.0120,0.72,yes
2026-10-05T05:28:23.551283Z,KXETH15M-26OCT050130-30,0.0120,0.06,yes
2026-10-05T05:28:23.551283Z,KXETH15M-26OCT050130-30,0.0070,41.00,yes
2026-10-05T05:28:23.551283Z,KXETH15M-26OCT050130-30,0.0070,41.00,yes
2026-10-05T05:28:24.014502Z,KXETH15M-26OCT050130-30,0.0060,15.58,yes
2026-10-05T05:28:24.359599Z,KXETH15M-26OCT050130-30,0.0040,0.40,no
2026-10-05T05:28:25.820738Z,KXETH15M-26OCT050130-30,0.0050,9.00,yes
2026-10-05T05:28:25.820738Z,KXETH15M-26OCT050130-30,0.0050,8.00,yes
2026-10-05T05:28:25.820738Z,KXETH15M-26OCT050130-30,0.0060,41.00,yes
2026-10-05T05:28:25.820738Z,KXETH15M-26OCT050130-30,0.0060,29.00,yes
2026-10-05T05:28:25.968057Z,KXETH15M-26OCT050130-30,0.0060,11.00,no
2026-10-05T05:28:25.985213Z,KXETH15M-26OCT050130-30,0.0060,2.00,no
2026-10-05T05:28:25.985213Z,KXETH15M-26OCT050130-30,0.0060,3.00,no
2026-10-05T05:28:26.228122Z,KXETH15M-26OCT050130-30,0.0060,31.92,yes
2026-10-05T05:28:27.910512Z,KXETH15M-26OCT050130-30,0.0120,0.06,yes
2026-10-05T05:28:27.910512Z,KXETH15M-26OCT050130-30,0.0130,4.00,yes
2026-10-05T05:28:27.910512Z,KXETH15M-26OCT050130-30,0.0130,0.04,yes
2026-10-05T05:28:27.910512Z,KXETH15M-26OCT050130-30,0.0140,4.00,yes
2026-10-05T05:28:27.910512Z,KXETH15M-26OCT050130-30,0.0140,0.06,yes
2026-10-05T05:28:27.910512Z,KXETH15M-26OCT050130-30,0.0150,24.28,yes
2026-10-05T05:28:27.910512Z,KXETH15M-26OCT050130-30,0.0140,3.91,yes
2026-10-05T05:28:27.910512Z,KXETH15M-26OCT050130-30,0.0060,32.00,yes
2026-10-05T05:28:27.910512Z,KXETH15M-26OCT050130-30,0.0120,4.00,yes
2026-10-05T05:28:27.910512Z,KXETH15M-26OCT050130-30,0.0130,4.00,yes
2026-10-05T05:28:27.910512Z,KXETH15M-26OCT050130-30,0.0120,4.00,yes
2026-10-05T05:28:27.910512Z,KXETH15M-26OCT050130-30,0.0060,9.08,yes
2026-10-05T05:28:27.910512Z,KXETH15M-26OCT050130-30,0.0140,1.01,yes
2026-10-05T05:28:27.910512Z,KXETH15M-26OCT050130-30,0.0070,41.00,yes
2026-10-05T05:28:27.910512Z,KXETH15M-26OCT050130-30,0.0060,52.00,yes
2026-10-05T05:28:28.071079Z,KXETH15M-26OCT050130-30,0.0060,4.00,no
2026-10-05T05:28:28.709731Z,KXETH15M-26OCT050130-30,0.0050,2.00,no
2026-10-05T05:28:28.716308Z,KXETH15M-26OCT050130-30,0.0050,2.00,no
2026-10-05T05:28:28.84836Z,KXETH15M-26OCT050130-30,0.0050,4.00,no
2026-10-05T05:28:28.855106Z,KXETH15M-26OCT050130-30,0.0050,2.00,no
2026-10-05T05:28:29.268058Z,KXETH15M-26OCT050130-30,0.0050,2.00,yes
2026-10-05T05:28:29.268058Z,KXETH15M-26OCT050130-30,0.0130,0.05,yes
2026-10-05T05:28:29.268058Z,KXETH15M-26OCT050130-30,0.0060,41.00,yes
2026-10-05T05:28:29.268058Z,KXETH15M-26OCT050130-30,0.0070,41.00,yes
2026-10-05T05:28:29.268058Z,KXETH15M-26OCT050130-30,0.0130,4.00,yes
2026-10-05T05:28:29.268058Z,KXETH15M-26OCT050130-30,0.0130,4.00,yes
2026-10-05T05:28:29.268058Z,KXETH15M-26OCT050130-30,0.0060,39.00,yes
2026-10-05T05:28:29.268058Z,KXETH15M-26OCT050130-30,0.0120,0.05,yes
2026-10-05T05:28:29.268058Z,KXETH15M-26OCT050130-30,0.0140,1.34,yes
2026-10-05T05:28:29.286423Z,KXETH15M-26OCT050130-30,0.0050,4.00,no
2026-10-05T05:28:30.211938Z,KXETH15M-26OCT050130-30,0.0040,4.00,no
2026-10-05T05:28:30.211938Z,KXETH15M-26OCT050130-30,0.0040,4.00,no
2026-10-05T05:28:30.211938Z,KXETH15M-26OCT050130-30,0.0040,10.00,no
2026-10-05T05:28:30.211938Z,KXETH15M-26OCT050130-30,0.0040,20.00,no
2026-10-05T05:28:30.431099Z,KXETH15M-26OCT050130-30,0.0040,137.84,yes
2026-10-05T05:28:30.588717Z,KXETH15M-26OCT050130-30,0.0040,203.51,yes
2026-10-05T05:28:30.66671Z,KXETH15M-26OCT050130-30,0.0030,30.00,no
2026-10-05T05:28:31.09071Z,KXETH15M-26OCT050130-30,0.0030,32.81,no
2026-10-05T05:28:31.09071Z,KXETH15M-26OCT050130-30,0.0030,11.00,no
2026-10-05T05:28:32.480197Z,KXETH15M-26OCT050130-30,0.0040,1121.79,yes
2026-10-05T05:28:34.599045Z,KXETH15M-26OCT050130-30,0.0030,8.00,no
2026-10-05T05:28:34.830197Z,KXETH15M-26OCT050130-30,0.0030,7.00,no
2026-10-05T05:28:35.025741Z,KXETH15M-26OCT050130-30,0.0040,314.33,yes
2026-10-05T05:28:35.36756Z,KXETH15M-26OCT050130-30,0.0040,57.49,yes
2026-10-05T05:28:35.520448Z,KXETH15M-26OCT050130-30,0.0030,6.00,no
2026-10-05T05:28:35.53692Z,KXETH15M-26OCT050130-30,0.0030,10.00,no
2026-10-05T05:28:35.804168Z,KXETH15M-26OCT050130-30,0.0030,64.00,no
2026-10-05T05:28:35.814553Z,KXETH15M-26OCT050130-30,0.0030,53.00,no
2026-10-05T05:28:35.83076Z,KXETH15M-26OCT050130-30,0.0030,21.00,no
2026-10-05T05:28:36.117752Z,KXETH15M-26OCT050130-30,0.0040,114.53,yes
2026-10-05T05:28:36.643139Z,KXETH15M-26OCT050130-30,0.0040,434.67,yes
2026-10-05T05:28:36.783622Z,KXETH15M-26OCT050130-30,0.0030,15.41,no
2026-10-05T05:28:36.884066Z,KXETH15M-26OCT050130-30,0.0030,20.94,no
2026-10-05T05:28:37.346847Z,KXETH15M-26OCT050130-30,0.0030,67.00,no
2026-10-05T05:28:37.346847Z,KXETH15M-26OCT050130-30,0.0030,0.78,no
2026-10-05T05:28:37.346847Z,KXETH15M-26OCT050130-30,0.0030,11.84,no
2026-10-05T05:28:37.346847Z,KXETH15M-26OCT050130-30,0.0030,17.00,no
2026-10-05T05:28:37.346847Z,KXETH15M-26OCT050130-30,0.0020,409.70,no
2026-10-05T05:28:37.601801Z,KXETH15M-26OCT050130-30,0.0020,92.00,no
2026-10-05T05:28:37.879918Z,KXETH15M-26OCT050130-30,0.0020,25.04,no
2026-10-05T05:28:38.232693Z,KXETH15M-26OCT050130-30,0.0030,63.00,yes
2026-10-05T05:28:38.232693Z,KXETH15M-26OCT050130-30,0.0030,41.00,yes
2026-10-05T05:28:38.232693Z,KXETH15M-26OCT050130-30,0.0030,20.00,yes
2026-10-05T05:28:38.370039Z,KXETH15M-26OCT050130-30,0.0030,41.00,yes
2026-10-05T05:28:38.370039Z,KXETH15M-26OCT050130-30,0.0030,5.00,yes
2026-10-05T05:28:38.370039Z,KXETH15M-26OCT050130-30,0.0030,43.00,yes
2026-10-05T05:28:38.370039Z,KXETH15M-26OCT050130-30,0.0030,22.00,yes
2026-10-05T05:28:38.370039Z,KXETH15M-26OCT050130-30,0.0040,611.54,yes
2026-10-05T05:28:39.028287Z,KXETH15M-26OCT050130-30,0.0020,80.00,no
2026-10-05T05:28:39.038216Z,KXETH15M-26OCT050130-30,0.0020,100.00,no
2026-10-05T05:28:39.038216Z,KXETH15M-26OCT050130-30,0.0020,810.31,no
2026-10-05T05:28:39.038216Z,KXETH15M-26OCT050130-30,0.0020,332.69,no
2026-10-05T05:28:39.092726Z,KXETH15M-26OCT050130-30,0.0020,7.00,no
2026-10-05T05:28:39.092726Z,KXETH15M-26OCT050130-30,0.0020,91.00,no
2026-10-05T05:28:39.092726Z,KXETH15M-26OCT050130-30,0.0020,15.00,no
2026-10-05T05:28:39.092726Z,KXETH15M-26OCT050130-30,0.0020,4.00,no
2026-10-05T05:28:39.092726Z,KXETH15M-26OCT050130-30,0.0020,5.00,no
2026-10-05T05:28:39.092726Z,KXETH15M-26OCT050130-30,0.0020,3.00,no
2026-10-05T05:28:39.092726Z,KXETH15M-26OCT050130-30,0.0020,3.00,no
2026-10-05T05:28:39.092726Z,KXETH15M-26OCT050130-30,0.0020,3.00,no
2026-10-05T05:28:39.092726Z,KXETH15M-26OCT050130-30,0.0020,3.00,no
2026-10-05T05:28:39.092726Z,KXETH15M-26OCT050130-30,0.0020,26.00,no
2026-10-05T05:28:39.092726Z,KXETH15M-26OCT050130-30,0.0020,3.00,no
2026-10-05T05:28:39.092726Z,KXETH15M-26OCT050130-30,0.0020,167.31,no
2026-10-05T05:28:39.34658Z,KXETH15M-26OCT050130-30,0.0010,20.00,no
2026-10-05T05:28:39.97062Z,KXETH15M-26OCT050130-30,0.0020,10.00,yes
2026-10-05T05:28:41.119329Z,KXETH15M-26OCT050130-30,0.0010,23.86,no
2026-10-05T05:28:41.123874Z,KXETH15M-26OCT050130-30,0.0010,0.44,no
2026-10-05T05:28:42.399531Z,KXETH15M-26OCT050130-30,0.0010,52.54,no
2026-10-05T05:28:42.399531Z,KXETH15M-26OCT050130-30,0.0010,355.70,no
2026-10-05T05:28:42.810844Z,KXETH15M-26OCT050130-30,0.0020,43.20,yes
2026-10-05T05:28:43.837824Z,KXETH15M-26OCT050130-30,0.0010,48.05,no
2026-10-05T05:28:44.08139Z,KXETH15M-26OCT050130-30,0.0020,80.00,yes
2026-10-05T05:28:44.08139Z,KXETH15M-26OCT050130-30,0.0020,80.00,yes
2026-10-05T05:28:44.08139Z,KXETH15M-26OCT050130-30,0.0020,80.00,yes
2026-10-05T05:28:44.08139Z,KXETH15M-26OCT050130-30,0.0020,80.00,yes
2026-10-05T05:28:44.08139Z,KXETH15M-26OCT050130-30,0.0020,80.00,yes
2026-10-05T05:28:44.08139Z,KXETH15M-26OCT050130-30,0.0020,124.11,yes
2026-10-05T05:28:44.08139Z,KXETH15M-26OCT050130-30,0.0030,8.06,yes
2026-10-05T05:28:44.08139Z,KXETH15M-26OCT050130-30,0.0030,20.00,yes
2026-10-05T05:28:44.08139Z,KXETH15M-26OCT050130-30,0.0020,635.00,yes
2026-10-05T05:28:44.08139Z,KXETH15M-26OCT050130-30,0.0020,1133.00,yes
2026-10-05T05:28:45.356225Z,KXETH15M-26OCT050130-30,0.0030,213.41,yes
2026-10-05T05:28:45.356225Z,KXETH15M-26OCT050130-30,0.0030,91.94,yes
2026-10-05T05:28:45.833495Z,KXETH15M-26OCT050130-30,0.0020,13.35,yes
2026-10-05T05:28:46.631253Z,KXETH15M-26OCT050130-30,0.0010,0.44,no
2026-10-05T05:28:47.124256Z,KXETH15M-26OCT050130-30,0.0020,54.65,yes
2026-10-05T05:28:47.124256Z,KXETH15M-26OCT050130-30,0.0020,94.00,yes
2026-10-05T05:28:47.124256Z,KXETH15M-26OCT050130-30,0.0030,56.09,yes
2026-10-05T05:28:48.220448Z,KXETH15M-26OCT050130-30,0.0030,63.19,yes
2026-10-05T05:28:48.220448Z,KXETH15M-26OCT050130-30,0.0050,197.04,yes
2026-10-05T05:28:48.220448Z,KXETH15M-26OCT050130-30,0.0030,15.00,yes
2026-10-05T05:28:48.220448Z,KXETH15M-26OCT050130-30,0.0030,32.00,yes
2026-10-05T05:28:48.220448Z,KXETH15M-26OCT050130-30,0.0050,434.74,yes
2026-10-05T05:28:48.220448Z,KXETH15M-26OCT050130-30,0.0030,5.00,yes
2026-10-05T05:28:48.220448Z,KXETH15M-26OCT050130-30,0.0030,53.00,yes
2026-10-05T05:28:48.220448Z,KXETH15M-26OCT050130-30,0.0030,10.00,yes
2026-10-05T05:28:48.220448Z,KXETH15M-26OCT050130-30,0.0030,64.00,yes
2026-10-05T05:28:48.220448Z,KXETH15M-26OCT050130-30,0.0030,6.00,yes
2026-10-05T05:28:48.220448Z,KXETH15M-26OCT050130-30,0.0030,21.00,yes
2026-10-05T05:28:48.220448Z,KXETH15M-26OCT050130-30,0.0030,7.00,yes
2026-10-05T05:28:48.220448Z,KXETH15M-26OCT050130-30,0.0030,8.00,yes
2026-10-05T05:28:48.220448Z,KXETH15M-26OCT050130-30,0.0050,430.25,yes
2026-10-05T05:28:48.220448Z,KXETH15M-26OCT050130-30,0.0030,11.84,yes
2026-10-05T05:28:48.220448Z,KXETH15M-26OCT050130-30,0.0030,20.94,yes
2026-10-05T05:28:48.220448Z,KXETH15M-26OCT050130-30,0.0030,15.41,yes
2026-10-05T05:28:48.220448Z,KXETH15M-26OCT050130-30,0.0030,96.00,yes
2026-10-05T05:28:48.220448Z,KXETH15M-26OCT050130-30,0.0040,38.00,yes
2026-10-05T05:28:48.220448Z,KXETH15M-26OCT050130-30,0.0030,20.00,yes
2026-10-05T05:28:48.220448Z,KXETH15M-26OCT050130-30,0.0040,566.30,yes
2026-10-05T05:28:48.220448Z,KXETH15M-26OCT050130-30,0.0040,41.00,yes
2026-10-05T05:28:48.220448Z,KXETH15M-26OCT050130-30,0.0030,32.81,yes
2026-10-05T05:28:49.306748Z,KXETH15M-26OCT050130-30,0.0020,7.00,no
2026-10-05T05:28:49.306748Z,KXETH15M-26OCT050130-30,0.0020,15.00,no
2026-10-05T05:28:49.310323Z,KXETH15M-26OCT050130-30,0.0010,400.00,no
2026-10-05T05:28:51.015413Z,KXETH15M-26OCT050130-30,0.0010,100.00,no
2026-10-05T05:28:51.365288Z,KXETH15M-26OCT050130-30,0.0010,160.79,no
2026-10-05T05:28:51.929566Z,KXETH15M-26OCT050130-30,0.0020,90.96,yes
2026-10-05T05:28:52.834972Z,KXETH15M-26OCT050130-30,0.0020,409.97,yes
2026-10-05T05:28:52.834972Z,KXETH15M-26OCT050130-30,0.0020,1.04,yes
2026-10-05T05:28:52.834972Z,KXETH15M-26OCT050130-30,0.0020,47.00,yes
2026-10-05T05:28:53.26352Z,KXETH15M-26OCT050130-30,0.0010,0.44,no
2026-10-05T05:28:53.560953Z,KXETH15M-26OCT050130-30,0.0010,262.72,no
2026-10-05T05:28:53.560953Z,KXETH15M-26OCT050130-30,0.0010,237.74,no
2026-10-05T05:28:57.208755Z,KXETH15M-26OCT050130-30,0.0010,190.17,no
2026-10-05T05:28:58.264706Z,KXETH15M-26OCT050130-30,0.0010,60.85,no
2026-10-05T05:28:58.784971Z,KXETH15M-26OCT050130-30,0.0010,400.00,no
2026-10-05T05:29:00.062807Z,KXETH15M-26OCT050130-30,0.0010,1.00,no
2026-10-05T05:29:00.223048Z,KXETH15M-26OCT050130-30,0.0010,561.32,no
2026-10-05T05:29:00.223048Z,KXETH15M-26OCT050130-30,0.0010,1085.26,no
2026-10-05T05:29:00.4349Z,KXETH15M-26OCT050130-30,0.0010,11.00,no
2026-10-05T05:29:00.451185Z,KXETH15M-26OCT050130-30,0.0010,2.00,no
2026-10-05T05:29:00.626947Z,KXETH15M-26OCT050130-30,0.0010,36.00,no
2026-10-05T05:29:01.032528Z,KXETH15M-26OCT050130-30,0.0010,4.00,no
2026-10-05T05:29:01.032528Z,KXETH15M-26OCT050130-30,0.0010,100.00,no
2026-10-05T05:29:01.032528Z,KXETH15M-26OCT050130-30,0.0010,13.32,no
2026-10-05T05:29:01.032528Z,KXETH15M-26OCT050130-30,0.0010,1.00,no
2026-10-05T05:29:01.032528Z,KXETH15M-26OCT050130-30,0.0010,369.68,no
2026-10-05T05:29:01.032528Z,KXETH15M-26OCT050130-30,0.0010,1.00,no
2026-10-05T05:29:01.032528Z,KXETH15M-26OCT050130-30,0.0010,1.00,no
2026-10-05T05:29:01.032528Z,KXETH15M-26OCT050130-30,0.0010,100.00,no
2026-10-05T05:29:01.510629Z,KXETH15M-26OCT050130-30,0.0020,32.08,yes
2026-10-05T05:29:01.515816Z,KXETH15M-26OCT050130-30,0.0010,50.00,no
2026-10-05T05:29:01.515816Z,KXETH15M-26OCT050130-30,0.0010,87.68,no
2026-10-05T05:29:01.515816Z,KXETH15M-26OCT050130-30,0.0010,20.00,no
2026-10-05T05:29:01.515816Z,KXETH15M-26OCT050130-30,0.0010,66.00,no
2026-10-05T05:29:03.085531Z,KXETH15M-26OCT050130-30,0.0010,2.87,yes
2026-10-05T05:29:03.631803Z,KXETH15M-26OCT050130-30,0.0010,100.00,yes
2026-10-05T05:29:03.631803Z,KXETH15M-26OCT050130-30,0.0010,774.45,yes
2026-10-05T05:29:03.631803Z,KXETH15M-26OCT050130-30,0.0010,60.27,yes
2026-10-05T05:29:03.758713Z,KXETH15M-26OCT050130-30,0.0010,176.96,yes
2026-10-05T05:29:03.758713Z,KXETH15M-26OCT050130-30,0.0010,84.73,yes
2026-10-05T05:29:05.495756Z,KXETH15M-26OCT050130-30,0.0010,741.64,yes
2026-10-05T05:29:05.511125Z,KXETH15M-26OCT050130-30,0.0010,915.99,yes
2026-10-05T05:29:05.615163Z,KXETH15M-26OCT050130-30,0.0010,70.27,yes
2026-10-05T05:29:06.205147Z,KXETH15M-26OCT050130-30,0.0010,142.38,yes
2026-10-05T05:29:06.428061Z,KXETH15M-26OCT050130-30,0.0010,11.00,yes
2026-10-05T05:29:06.947047Z,KXETH15M-26OCT050130-30,0.0010,36.00,yes
2026-10-05T05:29:07.451195Z,KXETH15M-26OCT050130-30,0.0010,5905.76,yes
2026-10-05T05:29:07.451195Z,KXETH15M-26OCT050130-30,0.0010,12.00,yes
2026-10-05T05:29:07.451195Z,KXETH15M-26OCT050130-30,0.0020,1710.54,yes
2026-10-05T05:29:08.486954Z,KXETH15M-26OCT050130-30,0.0020,60.00,yes
2026-10-05T05:29:11.314601Z,KXETH15M-26OCT050130-30,0.0010,50.02,yes
2026-10-05T05:29:12.202957Z,KXETH15M-26OCT050130-30,0.0010,934.69,yes
2026-10-05T05:29:14.093098Z,KXETH15M-26OCT050130-30,0.0010,19.21,yes
2026-10-05T05:29:15.039304Z,KXETH15M-26OCT050130-30,0.0010,475.71,yes
2026-10-05T05:29:16.100732Z,KXETH15M-26OCT050130-30,0.0010,42.76,yes
2026-10-05T05:29:17.653869Z,KXETH15M-26OCT050130-30,0.0010,112.61,yes
2026-10-05T05:29:17.653869Z,KXETH15M-26OCT050130-30,0.0010,1681.90,yes
2026-10-05T05:29:18.597851Z,KXETH15M-26OCT050130-30,0.0010,284.87,yes
2026-10-05T05:29:22.248257Z,KXETH15M-26OCT050130-30,0.0010,915.99,yes
2026-10-05T05:29:22.542105Z,KXETH15M-26OCT050130-30,0.0010,1831.90,yes
2026-10-05T05:29:23.196625Z,KXETH15M-26OCT050130-30,0.0010,934.69,yes
2026-10-05T05:29:23.308818Z,KXETH15M-26OCT050130-30,0.0010,475.71,yes
2026-10-05T05:29:26.735946Z,KXETH15M-26OCT050130-30,0.0010,183.49,yes
2026-10-05T05:29:29.488675Z,KXETH15M-26OCT050130-30,0.0010,5.00,yes
2026-10-05T05:29:34.595304Z,KXETH15M-26OCT050130-30,0.0010,15.24,yes
2026-10-05T05:29:38.686556Z,KXETH15M-26OCT050130-30,0.0010,224.34,yes
2026-10-05T05:29:42.165068Z,KXETH15M-26OCT050130-30,0.0010,44.91,yes
2026-10-05T05:29:43.464507Z,KXETH15M-26OCT050130-30,0.0010,903.96,yes
2026-10-05T05:29:43.464507Z,KXETH15M-26OCT050130-30,0.0010,2.03,yes
2026-10-05T05:29:43.464507Z,KXETH15M-26OCT050130-30,0.0010,10.00,yes
2026-10-05T05:29:43.930529Z,KXETH15M-26OCT050130-30,0.0010,371.03,yes
2026-10-05T05:29:43.930529Z,KXETH15M-26OCT050130-30,0.0010,78.97,yes
2026-10-05T05:29:45.692382Z,KXETH15M-26OCT050130-30,0.0010,56.74,yes
2026-10-05T05:29:52.962969Z,KXETH15M-26OCT050130-30,0.0010,2.01,yes
2026-10-05T05:27:48.712982Z,KXWTI15M-26OCT050130-30,0.9860,133.63,no
2026-10-05T05:27:49.340443Z,KXWTI15M-26OCT050130-30,0.9860,31.91,no
2026-10-05T05:27:50.276432Z,KXWTI15M-26OCT050130-30,0.9870,2.05,no
2026-10-05T05:27:50.467494Z,KXWTI15M-26OCT050130-30,0.9870,120.72,no
2026-10-05T05:27:52.738233Z,KXWTI15M-26OCT050130-30,0.9890,15.00,yes
2026-10-05T05:27:52.74956Z,KXWTI15M-26OCT050130-30,0.9890,15.00,yes
2026-10-05T05:27:53.254394Z,KXWTI15M-26OCT050130-30,0.9870,1.00,no
2026-10-05T05:27:53.254394Z,KXWTI15M-26OCT050130-30,0.9880,200.00,no
2026-10-05T05:27:53.254394Z,KXWTI15M-26OCT050130-30,0.9800,858.19,no
2026-10-05T05:27:53.254394Z,KXWTI15M-26OCT050130-30,0.9860,22.43,no
2026-10-05T05:27:53.254394Z,KXWTI15M-26OCT050130-30,0.9800,90.00,no
2026-10-05T05:27:53.254394Z,KXWTI15M-26OCT050130-30,0.9810,24.00,no
2026-10-05T05:27:53.254394Z,KXWTI15M-26OCT050130-30,0.9880,10.00,no
2026-10-05T05:27:53.254394Z,KXWTI15M-26OCT050130-30,0.9860,64.00,no
2026-10-05T05:27:53.600024Z,KXWTI15M-26OCT050130-30,0.9890,1.17,yes
2026-10-05T05:27:55.792627Z,KXWTI15M-26OCT050130-30,0.9880,10.93,no
2026-10-05T05:27:56.637662Z,KXWTI15M-26OCT050130-30,0.9880,11.69,no
2026-10-05T05:27:57.285874Z,KXWTI15M-26OCT050130-30,0.9880,15.71,no
2026-10-05T05:27:58.085228Z,KXWTI15M-26OCT050130-30,0.9880,77.94,no
2026-10-05T05:27:59.19855Z,KXWTI15M-26OCT050130-30,0.9890,14.21,yes
2026-10-05T05:28:00.595176Z,KXWTI15M-26OCT050130-30,0.9880,91.70,no
2026-10-05T05:28:01.034095Z,KXWTI15M-26OCT050130-30,0.9890,5.00,yes
2026-10-05T05:28:01.440976Z,KXWTI15M-26OCT050130-30,0.9880,100.00,no
2026-10-05T05:28:02.522346Z,KXWTI15M-26OCT050130-30,0.9890,2.00,yes
2026-10-05T05:28:02.522346Z,KXWTI15M-26OCT050130-30,0.9890,7.47,yes
2026-10-05T05:28:02.522346Z,KXWTI15M-26OCT050130-30,0.9890,1.53,yes
2026-10-05T05:28:05.741394Z,KXWTI15M-26OCT050130-30,0.9880,94.85,no
2026-10-05T05:28:05.741394Z,KXWTI15M-26OCT050130-30,0.9880,50.00,no
2026-10-05T05:28:05.741394Z,KXWTI15M-26OCT050130-30,0.9880,4.39,no
2026-10-05T05:28:05.741394Z,KXWTI15M-26OCT050130-30,0.9880,5.00,no
2026-10-05T05:28:05.741394Z,KXWTI15M-26OCT050130-30,0.9880,6.47,no
2026-10-05T05:28:05.741394Z,KXWTI15M-26OCT050130-30,0.9880,229.00,no
2026-10-05T05:28:08.447232Z,KXWTI15M-26OCT050130-30,0.9880,105.15,no
2026-10-05T05:28:08.447232Z,KXWTI15M-26OCT050130-30,0.9790,19.16,no
2026-10-05T05:28:08.447232Z,KXWTI15M-26OCT050130-30,0.9880,27.00,no
2026-10-05T05:28:08.447232Z,KXWTI15M-26OCT050130-30,0.9800,91.00,no
2026-10-05T05:28:08.447232Z,KXWTI15M-26OCT050130-30,0.9810,24.00,no
2026-10-05T05:28:08.447232Z,KXWTI15M-26OCT050130-30,0.9800,20.00,no
2026-10-05T05:28:09.027419Z,KXWTI15M-26OCT050130-30,0.9880,13.44,no
2026-10-05T05:28:10.259129Z,KXWTI15M-26OCT050130-30,0.9880,146.13,no
2026-10-05T05:28:11.163392Z,KXWTI15M-26OCT050130-30,0.9900,6.42,yes
2026-10-05T05:28:11.163392Z,KXWTI15M-26OCT050130-30,0.9900,0.06,yes
2026-10-05T05:28:11.163392Z,KXWTI15M-26OCT050130-30,0.9900,1.05,yes
2026-10-05T05:28:11.163392Z,KXWTI15M-26OCT050130-30,0.9900,2.00,yes
2026-10-05T05:28:11.163392Z,KXWTI15M-26OCT050130-30,0.9900,25.00,yes
2026-10-05T05:28:11.163392Z,KXWTI15M-26OCT050130-30,0.9890,0.47,yes
2026-10-05T05:28:11.163392Z,KXWTI15M-26OCT050130-30,0.9900,25.00,yes
2026-10-05T05:28:11.259797Z,KXWTI15M-26OCT050130-30,0.9900,15.04,yes
2026-10-05T05:28:11.954413Z,KXWTI15M-26OCT050130-30,0.9950,139.52,yes
2026-10-05T05:28:11.954413Z,KXWTI15M-26OCT050130-30,0.9920,89.00,yes
2026-10-05T05:28:11.954413Z,KXWTI15M-26OCT050130-30,0.9940,19.00,yes
2026-10-05T05:28:12.878868Z,KXWTI15M-26OCT050130-30,0.9940,41.00,yes
2026-10-05T05:28:14.239521Z,KXWTI15M-26OCT050130-30,0.9950,58.00,yes
2026-10-05T05:28:14.658726Z,KXWTI15M-26OCT050130-30,0.9920,10.00,no
2026-10-05T05:28:14.658726Z,KXWTI15M-26OCT050130-30,0.9900,200.00,no
2026-10-05T05:28:14.658726Z,KXWTI15M-26OCT050130-30,0.9920,73.00,no
2026-10-05T05:28:18.720819Z,KXWTI15M-26OCT050130-30,0.9960,18.00,yes
2026-10-05T05:28:18.720819Z,KXWTI15M-26OCT050130-30,0.9960,24.08,yes
2026-10-05T05:28:19.06292Z,KXWTI15M-26OCT050130-30,0.9920,17.81,no
2026-10-05T05:28:21.358414Z,KXWTI15M-26OCT050130-30,0.9920,7.97,no
2026-10-05T05:28:21.358414Z,KXWTI15M-26OCT050130-30,0.9920,182.19,no
2026-10-05T05:28:22.690728Z,KXWTI15M-26OCT050130-30,0.9920,2.03,no
2026-10-05T05:28:22.690728Z,KXWTI15M-26OCT050130-30,0.9920,49.41,no
2026-10-05T05:28:22.690728Z,KXWTI15M-26OCT050130-30,0.9920,7.00,no
2026-10-05T05:28:24.166169Z,KXWTI15M-26OCT050130-30,0.9920,25.00,no
2026-10-05T05:28:24.166169Z,KXWTI15M-26OCT050130-30,0.9920,65.59,no
2026-10-05T05:28:24.166169Z,KXWTI15M-26OCT050130-30,0.9900,12.15,no
2026-10-05T05:28:24.166169Z,KXWTI15M-26OCT050130-30,0.9920,10.00,no
2026-10-05T05:28:24.25133Z,KXWTI15M-26OCT050130-30,0.9790,32.70,no
2026-10-05T05:28:24.25133Z,KXWTI15M-26OCT050130-30,0.9810,14.00,no
2026-10-05T05:28:24.25133Z,KXWTI15M-26OCT050130-30,0.9900,28.85,no
2026-10-05T05:28:24.25133Z,KXWTI15M-26OCT050130-30,0.9800,23.00,no
2026-10-05T05:28:24.25133Z,KXWTI15M-26OCT050130-30,0.9920,10.00,no
2026-10-05T05:28:24.25133Z,KXWTI15M-26OCT050130-30,0.9920,200.00,no
2026-10-05T05:28:29.837652Z,KXWTI15M-26OCT050130-30,0.9810,41.00,no
2026-10-05T05:28:29.837652Z,KXWTI15M-26OCT050130-30,0.9820,24.00,no
2026-10-05T05:28:29.837652Z,KXWTI15M-26OCT050130-30,0.9930,200.00,no
2026-10-05T05:28:29.837652Z,KXWTI15M-26OCT050130-30,0.9930,10.00,no
2026-10-05T05:28:29.837652Z,KXWTI15M-26OCT050130-30,0.9930,21.00,no
2026-10-05T05:28:29.862636Z,KXWTI15M-26OCT050130-30,0.9810,147.00,yes
2026-10-05T05:28:29.923059Z,KXWTI15M-26OCT050130-30,0.9810,283.27,yes
2026-10-05T05:28:35.407682Z,KXWTI15M-26OCT050130-30,0.9970,48.40,yes
2026-10-05T05:28:35.580344Z,KXWTI15M-26OCT050130-30,0.9970,1.00,yes
2026-10-05T05:28:39.734564Z,KXWTI15M-26OCT050130-30,0.9970,60.00,yes
2026-10-05T05:28:39.734564Z,KXWTI15M-26OCT050130-30,0.9970,30.00,yes
2026-10-05T05:28:39.734564Z,KXWTI15M-26OCT050130-30,0.9970,60.00,yes
2026-10-05T05:28:39.734564Z,KXWTI15M-26OCT050130-30,0.9970,30.00,yes
2026-10-05T05:28:39.734564Z,KXWTI15M-26OCT050130-30,0.9970,45.00,yes
2026-10-05T05:28:39.734564Z,KXWTI15M-26OCT050130-30,0.9970,10.00,yes
2026-10-05T05:28:39.734564Z,KXWTI15M-26OCT050130-30,0.9970,17.00,yes
2026-10-05T05:28:39.734564Z,KXWTI15M-26OCT050130-30,0.9970,50.60,yes
2026-10-05T05:28:39.734564Z,KXWTI15M-26OCT050130-30,0.9970,250.00,yes
2026-10-05T05:28:42.371242Z,KXWTI15M-26OCT050130-30,0.9930,23.56,no
2026-10-05T05:28:43.615601Z,KXWTI15M-26OCT050130-30,0.9930,52.46,no
2026-10-05T05:28:43.615601Z,KXWTI15M-26OCT050130-30,0.9930,17.44,no
2026-10-05T05:28:43.615601Z,KXWTI15M-26OCT050130-30,0.9930,61.00,no
2026-10-05T05:28:44.807079Z,KXWTI15M-26OCT050130-30,0.9940,15.58,no
2026-10-05T05:28:51.886219Z,KXWTI15M-26OCT050130-30,0.9980,25.04,yes
2026-10-05T05:28:52.336221Z,KXWTI15M-26OCT050130-30,0.9940,186.13,no
2026-10-05T05:28:52.336221Z,KXWTI15M-26OCT050130-30,0.9940,41.00,no
2026-10-05T05:28:52.336221Z,KXWTI15M-26OCT050130-30,0.9940,85.00,no
2026-10-05T05:28:55.534424Z,KXWTI15M-26OCT050130-30,0.9980,100.20,yes
2026-10-05T05:28:56.457937Z,KXWTI15M-26OCT050130-30,0.9980,31.27,yes
2026-10-05T05:28:58.188214Z,KXWTI15M-26OCT050130-30,0.9920,200.00,no
2026-10-05T05:28:58.188214Z,KXWTI15M-26OCT050130-30,0.9810,10.00,no
2026-10-05T05:28:58.188214Z,KXWTI15M-26OCT050130-30,0.9790,60.23,no
2026-10-05T05:28:58.188214Z,KXWTI15M-26OCT050130-30,0.9920,50.00,no
2026-10-05T05:28:58.188214Z,KXWTI15M-26OCT050130-30,0.9900,50.00,no
2026-10-05T05:28:58.188214Z,KXWTI15M-26OCT050130-30,0.9940,41.00,no
2026-10-05T05:28:58.188214Z,KXWTI15M-26OCT050130-30,0.9940,72.00,no
2026-10-05T05:28:58.188214Z,KXWTI15M-26OCT050130-30,0.9930,156.51,no
2026-10-05T05:28:58.188214Z,KXWTI15M-26OCT050130-30,0.9900,7.00,no
2026-10-05T05:28:58.188214Z,KXWTI15M-26OCT050130-30,0.9920,60.00,no
2026-10-05T05:28:58.188214Z,KXWTI15M-26OCT050130-30,0.9910,50.00,no
2026-10-05T05:28:58.188214Z,KXWTI15M-26OCT050130-30,0.9920,60.00,no
2026-10-05T05:28:58.188214Z,KXWTI15M-26OCT050130-30,0.9800,23.00,no
2026-10-05T05:28:58.188214Z,KXWTI15M-26OCT050130-30,0.9900,50.60,no
2026-10-05T05:28:58.188214Z,KXWTI15M-26OCT050130-30,0.9940,11.41,no
2026-10-05T05:28:58.188214Z,KXWTI15M-26OCT050130-30,0.9900,48.40,no
2026-10-05T05:28:58.188214Z,KXWTI15M-26OCT050130-30,0.9900,1.00,no
2026-10-05T05:29:00.75598Z,KXWTI15M-26OCT050130-30,0.9980,227.00,yes
2026-10-05T05:29:05.334615Z,KXWTI15M-26OCT050130-30,0.9980,10.00,yes
2026-10-05T05:29:10.210803Z,KXWTI15M-26OCT050130-30,0.9980,200.00,yes
2026-10-05T05:29:10.22562Z,KXWTI15M-26OCT050130-30,0.9980,200.00,yes
2026-10-05T05:29:10.236874Z,KXWTI15M-26OCT050130-30,0.9980,200.00,yes
2026-10-05T05:29:10.423848Z,KXWTI15M-26OCT050130-30,0.9980,42.00,yes
2026-10-05T05:29:15.066617Z,KXWTI15M-26OCT050130-30,0.9980,77.00,yes
2026-10-05T05:29:15.066617Z,KXWTI15M-26OCT050130-30,0.9980,1.00,yes
2026-10-05T05:29:15.066617Z,KXWTI15M-26OCT050130-30,0.9980,1.00,yes
2026-10-05T05:29:15.066617Z,KXWTI15M-26OCT050130-30,0.9980,148.00,yes
2026-10-05T05:29:15.095572Z,KXWTI15M-26OCT050130-30,0.9980,210.00,yes
2026-10-05T05:29:15.121961Z,KXWTI15M-26OCT050130-30,0.9980,42.00,yes
2026-10-05T05:29:19.3496Z,KXWTI15M-26OCT050130-30,0.9980,200.00,no
2026-10-05T05:29:19.3496Z,KXWTI15M-26OCT050130-30,0.9980,158.00,no
2026-10-05T05:29:19.3496Z,KXWTI15M-26OCT050130-30,0.9980,2000.00,no
2026-10-05T05:29:23.178238Z,KXWTI15M-26OCT050130-30,0.9990,200.00,yes
2026-10-05T05:29:23.209012Z,KXWTI15M-26OCT050130-30,0.9990,183.00,yes
2026-10-05T05:29:23.88148Z,KXWTI15M-26OCT050130-30,0.9970,200.00,no
2026-10-05T05:29:23.88148Z,KXWTI15M-26OCT050130-30,0.9970,183.00,no
2026-10-05T05:29:23.88148Z,KXWTI15M-26OCT050130-30,0.9950,25.45,no
2026-10-05T05:29:23.88148Z,KXWTI15M-26OCT050130-30,0.9950,42.00,no
2026-10-05T05:29:23.88148Z,KXWTI15M-26OCT050130-30,0.9950,41.00,no
2026-10-05T05:29:23.88148Z,KXWTI15M-26OCT050130-30,0.9960,43.00,no
2026-10-05T05:29:23.90432Z,KXWTI15M-26OCT050130-30,0.9990,36.00,yes
2026-10-05T05:29:23.918318Z,KXWTI15M-26OCT050130-30,0.9990,76.00,yes
2026-10-05T05:29:23.918318Z,KXWTI15M-26OCT050130-30,0.9990,25.00,yes
2026-10-05T05:29:23.918318Z,KXWTI15M-26OCT050130-30,0.9990,81.00,yes
2026-10-05T05:29:23.918318Z,KXWTI15M-26OCT050130-30,0.9990,1.00,yes
2026-10-05T05:29:26.556305Z,KXWTI15M-26OCT050130-30,0.9990,38.43,yes
2026-10-05T05:29:29.664846Z,KXWTI15M-26OCT050130-30,0.9950,14.95,no
2026-10-05T05:29:29.664846Z,KXWTI15M-26OCT050130-30,0.9970,35.00,no
2026-10-05T05:29:29.664846Z,KXWTI15M-26OCT050130-30,0.9960,36.00,no
2026-10-05T05:29:29.664846Z,KXWTI15M-26OCT050130-30,0.9960,81.00,no
2026-10-05T05:29:29.664846Z,KXWTI15M-26OCT050130-30,0.9970,38.43,no
2026-10-05T05:29:29.664846Z,KXWTI15M-26OCT050130-30,0.9960,41.00,no
2026-10-05T05:29:30.645829Z,KXWTI15M-26OCT050130-30,0.9960,34.67,no
2026-10-05T05:29:31.174996Z,KXWTI15M-26OCT050130-30,0.9990,14.99,yes
2026-10-05T05:29:34.16591Z,KXWTI15M-26OCT050130-30,0.9960,11.45,no
2026-10-05T05:29:37.901594Z,KXWTI15M-26OCT050130-30,0.9990,2.00,yes
2026-10-05T05:29:39.642387Z,KXWTI15M-26OCT050130-30,0.9960,2.00,no
2026-10-05T05:29:39.642387Z,KXWTI15M-26OCT050130-30,0.9960,41.00,no
2026-10-05T05:29:39.642387Z,KXWTI15M-26OCT050130-30,0.9960,14.99,no
2026-10-05T05:29:39.642387Z,KXWTI15M-26OCT050130-30,0.9960,31.55,no
2026-10-05T05:29:39.642387Z,KXWTI15M-26OCT050130-30,0.9950,9.60,no
2026-10-05T05:29:39.642387Z,KXWTI15M-26OCT050130-30,0.9950,50.00,no
2026-10-05T05:29:39.667365Z,KXWTI15M-26OCT050130-30,0.9990,7.00,yes
2026-10-05T05:29:39.804269Z,KXWTI15M-26OCT050130-30,0.9970,7.00,no
2026-10-05T05:29:39.804269Z,KXWTI15M-26OCT050130-30,0.9960,11.42,no
2026-10-05T05:29:39.910201Z,KXWTI15M-26OCT050130-30,0.9990,2.00,yes
2026-10-05T05:29:43.75588Z,KXWTI15M-26OCT050130-30,0.9960,24.58,no
2026-10-05T05:29:43.75588Z,KXWTI15M-26OCT050130-30,0.9970,2.00,no
2026-10-05T05:29:43.75588Z,KXWTI15M-26OCT050130-30,0.9950,351.51,no
2026-10-05T05:29:43.95579Z,KXWTI15M-26OCT050130-30,0.9990,1.00,yes
2026-10-05T05:29:44.144Z,KXWTI15M-26OCT050130-30,0.9990,134.58,yes
2026-10-05T05:29:44.144Z,KXWTI15M-26OCT050130-30,0.9990,65.42,yes
2026-10-05T05:29:44.158512Z,KXWTI15M-26OCT050130-30,0.9990,117.58,yes
2026-10-05T05:29:44.158512Z,KXWTI15M-26OCT050130-30,0.9990,25.00,yes
2026-10-05T05:29:44.158512Z,KXWTI15M-26OCT050130-30,0.9990,7.42,yes
2026-10-05T05:29:44.4093Z,KXWTI15M-26OCT050130-30,0.9970,18.69,no
2026-10-05T05:29:45.188094Z,KXWTI15M-26OCT050130-30,0.9990,11.45,yes
2026-10-05T05:29:45.620649Z,KXWTI15M-26OCT050130-30,0.9990,36.00,yes
2026-10-05T05:29:45.620649Z,KXWTI15M-26OCT050130-30,0.9990,81.00,yes
2026-10-05T05:29:45.620649Z,KXWTI15M-26OCT050130-30,0.9990,19.56,yes
2026-10-05T05:29:45.620649Z,KXWTI15M-26OCT050130-30,0.9990,23.44,yes
2026-10-05T05:29:46.621201Z,KXWTI15M-26OCT050130-30,0.9990,7.00,yes
2026-10-05T05:29:46.621201Z,KXWTI15M-26OCT050130-30,0.9990,2.00,yes
2026-10-05T05:29:46.621201Z,KXWTI15M-26OCT050130-30,0.9990,14.99,yes
2026-10-05T05:29:46.621201Z,KXWTI15M-26OCT050130-30,0.9990,2.00,yes
2026-10-05T05:29:46.621201Z,KXWTI15M-26OCT050130-30,0.9990,1.45,yes
2026-10-05T05:29:46.621201Z,KXWTI15M-26OCT050130-30,0.9990,62.56,yes
2026-10-05T05:29:46.828352Z,KXWTI15M-26OCT050130-30,0.9990,10.93,yes
2026-10-05T05:29:48.712434Z,KXWTI15M-26OCT050130-30,0.9990,33.00,yes
2026-10-05T05:29:50.000507Z,KXWTI15M-26OCT050130-30,0.9990,4.00,yes
2026-10-05T05:29:50.000828Z,KXWTI15M-26OCT050130-30,0.9990,21.00,yes
2026-10-05T05:29:51.801722Z,KXWTI15M-26OCT050130-30,0.9970,20.00,no
2026-10-05T05:29:57.93181Z,KXWTI15M-26OCT050130-30,0.9990,226.30,no
2026-10-05T05:27:52.096969Z,KXSOL15M-26OCT050130-30,0.0310,2.14,no
2026-10-05T05:27:52.096969Z,KXSOL15M-26OCT050130-30,0.0320,3.00,no
2026-10-05T05:27:52.870047Z,KXSOL15M-26OCT050130-30,0.0220,11.00,no
2026-10-05T05:27:52.870047Z,KXSOL15M-26OCT050130-30,0.0220,18.00,no
2026-10-05T05:27:52.870047Z,KXSOL15M-26OCT050130-30,0.0220,7.00,no
2026-10-05T05:27:53.186191Z,KXSOL15M-26OCT050130-30,0.0300,2.33,yes
2026-10-05T05:27:53.186191Z,KXSOL15M-26OCT050130-30,0.0290,3.00,yes
2026-10-05T05:27:53.261837Z,KXSOL15M-26OCT050130-30,0.0250,1.08,no
2026-10-05T05:27:53.482424Z,KXSOL15M-26OCT050130-30,0.0250,2.00,no
2026-10-05T05:27:53.630083Z,KXSOL15M-26OCT050130-30,0.0250,6.00,no
2026-10-05T05:27:53.630083Z,KXSOL15M-26OCT050130-30,0.0230,7.00,no
2026-10-05T05:27:53.630083Z,KXSOL15M-26OCT050130-30,0.0220,1.69,no
2026-10-05T05:27:53.630083Z,KXSOL15M-26OCT050130-30,0.0240,1.00,no
2026-10-05T05:27:53.705453Z,KXSOL15M-26OCT050130-30,0.0250,5.90,no
2026-10-05T05:27:54.729539Z,KXSOL15M-26OCT050130-30,0.0220,7.00,no
2026-10-05T05:27:54.729539Z,KXSOL15M-26OCT050130-30,0.0220,1.42,no
2026-10-05T05:27:54.729539Z,KXSOL15M-26OCT050130-30,0.0220,8.31,no
2026-10-05T05:27:57.296127Z,KXSOL15M-26OCT050130-30,0.0220,3.00,no
2026-10-05T05:27:57.296127Z,KXSOL15M-26OCT050130-30,0.0230,10.00,no
2026-10-05T05:27:57.296127Z,KXSOL15M-26OCT050130-30,0.0220,56.58,no
2026-10-05T05:27:57.296127Z,KXSOL15M-26OCT050130-30,0.0210,7.00,no
2026-10-05T05:27:57.296127Z,KXSOL15M-26OCT050130-30,0.0230,3.00,no
2026-10-05T05:27:57.296127Z,KXSOL15M-26OCT050130-30,0.0300,0.01,no
2026-10-05T05:27:57.296127Z,KXSOL15M-26OCT050130-30,0.0250,6.00,no
2026-10-05T05:27:57.296127Z,KXSOL15M-26OCT050130-30,0.0210,1.00,no
2026-10-05T05:27:57.296127Z,KXSOL15M-26OCT050130-30,0.0200,17.26,no
2026-10-05T05:27:57.296127Z,KXSOL15M-26OCT050130-30,0.0210,38.74,no
2026-10-05T05:27:57.296127Z,KXSOL15M-26OCT050130-30,0.0200,18.00,no
2026-10-05T05:27:57.68562Z,KXSOL15M-26OCT050130-30,0.0270,28.00,yes
2026-10-05T05:27:58.073001Z,KXSOL15M-26OCT050130-30,0.0230,3.00,no
2026-10-05T05:27:58.073001Z,KXSOL15M-26OCT050130-30,0.0210,7.00,no
2026-10-05T05:27:58.073001Z,KXSOL15M-26OCT050130-30,0.0210,10.00,no
2026-10-05T05:27:58.073001Z,KXSOL15M-26OCT050130-30,0.0220,3.00,no
2026-10-05T05:27:58.073001Z,KXSOL15M-26OCT050130-30,0.0220,1.00,no
2026-10-05T05:27:58.073001Z,KXSOL15M-26OCT050130-30,0.0200,22.74,no
2026-10-05T05:27:58.073001Z,KXSOL15M-26OCT050130-30,0.0200,23.31,no
2026-10-05T05:27:58.302155Z,KXSOL15M-26OCT050130-30,0.0210,10.00,no
2026-10-05T05:27:58.302155Z,KXSOL15M-26OCT050130-30,0.0210,7.00,no
2026-10-05T05:27:58.302155Z,KXSOL15M-26OCT050130-30,0.0200,26.69,no
2026-10-05T05:27:58.302155Z,KXSOL15M-26OCT050130-30,0.0200,6.31,no
2026-10-05T05:27:58.501175Z,KXSOL15M-26OCT050130-30,0.0210,4.00,yes
2026-10-05T05:27:58.594886Z,KXSOL15M-26OCT050130-30,0.0210,9.00,yes
2026-10-05T05:27:58.748575Z,KXSOL15M-26OCT050130-30,0.0200,4.42,no
2026-10-05T05:27:58.748575Z,KXSOL15M-26OCT050130-30,0.0200,6.00,no
2026-10-05T05:27:58.748575Z,KXSOL15M-26OCT050130-30,0.0200,8.31,no
2026-10-05T05:27:58.748575Z,KXSOL15M-26OCT050130-30,0.0200,1.00,no
2026-10-05T05:27:58.748575Z,KXSOL15M-26OCT050130-30,0.0200,3.69,no
2026-10-05T05:27:59.548829Z,KXSOL15M-26OCT050130-30,0.0210,4.00,yes
2026-10-05T05:28:00.760591Z,KXSOL15M-26OCT050130-30,0.0200,6.00,no
2026-10-05T05:28:00.760591Z,KXSOL15M-26OCT050130-30,0.0200,5.58,no
2026-10-05T05:28:00.760591Z,KXSOL15M-26OCT050130-30,0.0190,4.45,no
2026-10-05T05:28:00.760591Z,KXSOL15M-26OCT050130-30,0.0190,95.69,no
2026-10-05T05:28:00.760591Z,KXSOL15M-26OCT050130-30,0.0190,40.00,no
2026-10-05T05:28:00.99867Z,KXSOL15M-26OCT050130-30,0.0190,126.06,no
2026-10-05T05:28:02.489138Z,KXSOL15M-26OCT050130-30,0.0190,0.25,no
2026-10-05T05:28:02.489138Z,KXSOL15M-26OCT050130-30,0.0180,9.75,no
2026-10-05T05:28:02.507025Z,KXSOL15M-26OCT050130-30,0.0170,7.00,no
2026-10-05T05:28:02.507025Z,KXSOL15M-26OCT050130-30,0.0170,40.00,no
2026-10-05T05:28:02.507025Z,KXSOL15M-26OCT050130-30,0.0180,30.25,no
2026-10-05T05:28:02.507025Z,KXSOL15M-26OCT050130-30,0.0160,0.22,no
2026-10-05T05:28:02.53113Z,KXSOL15M-26OCT050130-30,0.0180,11.69,yes
2026-10-05T05:28:02.930191Z,KXSOL15M-26OCT050130-30,0.0160,8.00,no
2026-10-05T05:28:02.930191Z,KXSOL15M-26OCT050130-30,0.0150,9.22,no
2026-10-05T05:28:02.930191Z,KXSOL15M-26OCT050130-30,0.0160,39.78,no
2026-10-05T05:28:02.930423Z,KXSOL15M-26OCT050130-30,0.0150,10.00,no
2026-10-05T05:28:02.930423Z,KXSOL15M-26OCT050130-30,0.0150,30.78,no
2026-10-05T05:28:03.192804Z,KXSOL15M-26OCT050130-30,0.0140,10.00,no
2026-10-05T05:28:03.192804Z,KXSOL15M-26OCT050130-30,0.0140,7.00,no
2026-10-05T05:28:03.192804Z,KXSOL15M-26OCT050130-30,0.0140,40.00,no
2026-10-05T05:28:03.199847Z,KXSOL15M-26OCT050130-30,0.0160,3.00,yes
2026-10-05T05:28:03.199847Z,KXSOL15M-26OCT050130-30,0.0160,9.22,yes
2026-10-05T05:28:03.199847Z,KXSOL15M-26OCT050130-30,0.0160,30.78,yes
2026-10-05T05:28:03.294995Z,KXSOL15M-26OCT050130-30,0.0140,7.00,no
2026-10-05T05:28:03.294995Z,KXSOL15M-26OCT050130-30,0.0160,14.00,no
2026-10-05T05:28:03.294995Z,KXSOL15M-26OCT050130-30,0.0140,10.00,no
2026-10-05T05:28:03.710851Z,KXSOL15M-26OCT050130-30,0.0160,1.00,yes
2026-10-05T05:28:03.714801Z,KXSOL15M-26OCT050130-30,0.0160,12.00,yes
2026-10-05T05:28:03.720794Z,KXSOL15M-26OCT050130-30,0.0160,9.00,yes
2026-10-05T05:28:03.727719Z,KXSOL15M-26OCT050130-30,0.0160,18.00,yes
2026-10-05T05:28:04.488682Z,KXSOL15M-26OCT050130-30,0.0170,0.22,yes
2026-10-05T05:28:04.488682Z,KXSOL15M-26OCT050130-30,0.0180,28.00,yes
2026-10-05T05:28:04.488682Z,KXSOL15M-26OCT050130-30,0.0170,39.78,yes
2026-10-05T05:28:04.49549Z,KXSOL15M-26OCT050130-30,0.0160,15.20,no
2026-10-05T05:28:04.533884Z,KXSOL15M-26OCT050130-30,0.0170,7.28,no
2026-10-05T05:28:05.065719Z,KXSOL15M-26OCT050130-30,0.0140,0.55,no
2026-10-05T05:28:06.330709Z,KXSOL15M-26OCT050130-30,0.0170,2.00,no
2026-10-05T05:28:07.930693Z,KXSOL15M-26OCT050130-30,0.0190,9.75,yes
2026-10-05T05:28:07.930693Z,KXSOL15M-26OCT050130-30,0.0180,0.31,yes
2026-10-05T05:28:07.930693Z,KXSOL15M-26OCT050130-30,0.0190,8.04,yes
2026-10-05T05:28:07.930693Z,KXSOL15M-26OCT050130-30,0.0180,11.00,yes
2026-10-05T05:28:09.346386Z,KXSOL15M-26OCT050130-30,0.0140,2.91,no
2026-10-05T05:28:09.735876Z,KXSOL15M-26OCT050130-30,0.0150,7.00,no
2026-10-05T05:28:09.735876Z,KXSOL15M-26OCT050130-30,0.0150,3.00,no
2026-10-05T05:28:11.015764Z,KXSOL15M-26OCT050130-30,0.0150,7.00,no
2026-10-05T05:28:11.015764Z,KXSOL15M-26OCT050130-30,0.0150,7.00,no
2026-10-05T05:28:11.643167Z,KXSOL15M-26OCT050130-30,0.0200,0.46,yes
2026-10-05T05:28:11.643167Z,KXSOL15M-26OCT050130-30,0.0190,22.21,yes
2026-10-05T05:28:11.780573Z,KXSOL15M-26OCT050130-30,0.0200,5.31,yes
2026-10-05T05:28:11.953682Z,KXSOL15M-26OCT050130-30,0.0200,34.23,yes
2026-10-05T05:28:11.953682Z,KXSOL15M-26OCT050130-30,0.0200,58.14,yes
2026-10-05T05:28:12.647675Z,KXSOL15M-26OCT050130-30,0.0140,6.00,no
2026-10-05T05:28:12.647675Z,KXSOL15M-26OCT050130-30,0.0140,7.00,no
2026-10-05T05:28:12.647675Z,KXSOL15M-26OCT050130-30,0.0140,46.00,no
2026-10-05T05:28:12.648195Z,KXSOL15M-26OCT050130-30,0.0140,4.00,no
2026-10-05T05:28:12.648195Z,KXSOL15M-26OCT050130-30,0.0130,14.00,no
2026-10-05T05:28:12.648234Z,KXSOL15M-26OCT050130-30,0.0130,10.00,no
2026-10-05T05:28:12.648234Z,KXSOL15M-26OCT050130-30,0.0130,26.00,no
2026-10-05T05:28:12.648234Z,KXSOL15M-26OCT050130-30,0.0130,47.00,no
2026-10-05T05:28:12.648269Z,KXSOL15M-26OCT050130-30,0.0130,39.00,no
2026-10-05T05:28:12.648279Z,KXSOL15M-26OCT050130-30,0.0120,23.00,no
2026-10-05T05:28:12.659684Z,KXSOL15M-26OCT050130-30,0.0120,11.00,no
2026-10-05T05:28:12.665054Z,KXSOL15M-26OCT050130-30,0.0120,1.00,no
2026-10-05T05:28:12.671793Z,KXSOL15M-26OCT050130-30,0.0120,10.00,no
2026-10-05T05:28:12.677061Z,KXSOL15M-26OCT050130-30,0.0120,3.00,no
2026-10-05T05:28:12.683269Z,KXSOL15M-26OCT050130-30,0.0120,3.00,no
2026-10-05T05:28:12.748884Z,KXSOL15M-26OCT050130-30,0.0120,6.00,no
2026-10-05T05:28:12.754522Z,KXSOL15M-26OCT050130-30,0.0120,3.00,no
2026-10-05T05:28:12.761751Z,KXSOL15M-26OCT050130-30,0.0120,3.00,no
2026-10-05T05:28:12.853193Z,KXSOL15M-26OCT050130-30,0.0120,109.00,no
2026-10-05T05:28:12.853193Z,KXSOL15M-26OCT050130-30,0.0120,1.00,no
2026-10-05T05:28:12.853193Z,KXSOL15M-26OCT050130-30,0.0120,57.00,no
2026-10-05T05:28:12.859509Z,KXSOL15M-26OCT050130-30,0.0120,3.00,no
2026-10-05T05:28:12.866039Z,KXSOL15M-26OCT050130-30,0.0120,3.00,no
2026-10-05T05:28:12.954466Z,KXSOL15M-26OCT050130-30,0.0120,30.00,no
2026-10-05T05:28:12.960723Z,KXSOL15M-26OCT050130-30,0.0120,3.00,no
2026-10-05T05:28:13.055515Z,KXSOL15M-26OCT050130-30,0.0120,30.00,no
2026-10-05T05:28:13.088102Z,KXSOL15M-26OCT050130-30,0.0120,6.00,no
2026-10-05T05:28:13.679395Z,KXSOL15M-26OCT050130-30,0.0140,3.00,yes
2026-10-05T05:28:13.782416Z,KXSOL15M-26OCT050130-30,0.0140,19.00,yes
2026-10-05T05:28:13.782416Z,KXSOL15M-26OCT050130-30,0.0140,11.00,yes
2026-10-05T05:28:13.997642Z,KXSOL15M-26OCT050130-30,0.0140,7.00,yes
2026-10-05T05:28:14.439368Z,KXSOL15M-26OCT050130-30,0.0130,7.00,no
2026-10-05T05:28:14.439368Z,KXSOL15M-26OCT050130-30,0.0130,10.00,no
2026-10-05T05:28:14.439368Z,KXSOL15M-26OCT050130-30,0.0140,46.00,no
2026-10-05T05:28:14.439368Z,KXSOL15M-26OCT050130-30,0.0120,37.00,no
2026-10-05T05:28:14.631019Z,KXSOL15M-26OCT050130-30,0.0160,12.00,yes
2026-10-05T05:28:14.93719Z,KXSOL15M-26OCT050130-30,0.0170,6.00,yes
2026-10-05T05:28:14.93719Z,KXSOL15M-26OCT050130-30,0.0170,11.00,yes
2026-10-05T05:28:14.93719Z,KXSOL15M-26OCT050130-30,0.0170,11.00,yes
2026-10-05T05:28:14.93719Z,KXSOL15M-26OCT050130-30,0.0170,23.00,yes
2026-10-05T05:28:15.020983Z,KXSOL15M-26OCT050130-30,0.0170,50.00,yes
2026-10-05T05:28:15.020983Z,KXSOL15M-26OCT050130-30,0.0170,9.00,yes
2026-10-05T05:28:15.020983Z,KXSOL15M-26OCT050130-30,0.0170,3.00,yes
2026-10-05T05:28:15.735211Z,KXSOL15M-26OCT050130-30,0.0140,1.03,yes
2026-10-05T05:28:15.884823Z,KXSOL15M-26OCT050130-30,0.0130,1.01,no
2026-10-05T05:28:16.733954Z,KXSOL15M-26OCT050130-30,0.0150,77.00,yes
2026-10-05T05:28:16.738931Z,KXSOL15M-26OCT050130-30,0.0180,61.00,yes
2026-10-05T05:28:16.738931Z,KXSOL15M-26OCT050130-30,0.0170,7.00,yes
2026-10-05T05:28:16.738931Z,KXSOL15M-26OCT050130-30,0.0170,12.00,yes
2026-10-05T05:28:16.739266Z,KXSOL15M-26OCT050130-30,0.0180,33.00,yes
2026-10-05T05:28:16.750794Z,KXSOL15M-26OCT050130-30,0.0130,1.01,no
2026-10-05T05:28:16.750794Z,KXSOL15M-26OCT050130-30,0.0130,5.99,no
2026-10-05T05:28:16.750794Z,KXSOL15M-26OCT050130-30,0.0130,10.00,no
2026-10-05T05:28:16.757467Z,KXSOL15M-26OCT050130-30,0.0130,3.00,no
2026-10-05T05:28:16.911309Z,KXSOL15M-26OCT050130-30,0.0180,7.00,yes
2026-10-05T05:28:16.911545Z,KXSOL15M-26OCT050130-30,0.0180,8.00,yes
2026-10-05T05:28:16.911545Z,KXSOL15M-26OCT050130-30,0.0180,3.00,yes
2026-10-05T05:28:16.911545Z,KXSOL15M-26OCT050130-30,0.0180,3.00,yes
2026-10-05T05:28:16.911545Z,KXSOL15M-26OCT050130-30,0.0180,3.00,yes
2026-10-05T05:28:16.911545Z,KXSOL15M-26OCT050130-30,0.0180,6.00,yes
2026-10-05T05:28:16.911545Z,KXSOL15M-26OCT050130-30,0.0180,30.00,yes
2026-10-05T05:28:16.911545Z,KXSOL15M-26OCT050130-30,0.0180,30.00,yes
2026-10-05T05:28:16.911545Z,KXSOL15M-26OCT050130-30,0.0180,18.00,yes
2026-10-05T05:28:16.911667Z,KXSOL15M-26OCT050130-30,0.0200,3.00,yes
2026-10-05T05:28:16.911667Z,KXSOL15M-26OCT050130-30,0.0180,19.00,yes
2026-10-05T05:28:16.911681Z,KXSOL15M-26OCT050130-30,0.0210,0.26,yes
2026-10-05T05:28:16.911681Z,KXSOL15M-26OCT050130-30,0.0210,3.77,yes
2026-10-05T05:28:16.911681Z,KXSOL15M-26OCT050130-30,0.0200,1.00,yes
2026-10-05T05:28:16.911681Z,KXSOL15M-26OCT050130-30,0.0200,44.00,yes
2026-10-05T05:28:16.911681Z,KXSOL15M-26OCT050130-30,0.0200,6.97,yes
2026-10-05T05:28:16.912267Z,KXSOL15M-26OCT050130-30,0.0210,15.00,yes
2026-10-05T05:28:18.468667Z,KXSOL15M-26OCT050130-30,0.0200,3.00,yes
2026-10-05T05:28:18.468667Z,KXSOL15M-26OCT050130-30,0.0210,3.00,yes
2026-10-05T05:28:18.468667Z,KXSOL15M-26OCT050130-30,0.0240,9.00,yes
2026-10-05T05:28:18.468667Z,KXSOL15M-26OCT050130-30,0.0250,6.00,yes
2026-10-05T05:28:18.468667Z,KXSOL15M-26OCT050130-30,0.0220,10.74,yes
2026-10-05T05:28:18.468667Z,KXSOL15M-26OCT050130-30,0.0210,3.97,yes
2026-10-05T05:28:18.468667Z,KXSOL15M-26OCT050130-30,0.0250,3.73,yes
2026-10-05T05:28:20.265748Z,KXSOL15M-26OCT050130-30,0.0150,6.00,no
2026-10-05T05:28:20.265748Z,KXSOL15M-26OCT050130-30,0.0150,2.00,no
2026-10-05T05:28:20.382491Z,KXSOL15M-26OCT050130-30,0.0150,5.00,no
2026-10-05T05:28:20.483109Z,KXSOL15M-26OCT050130-30,0.0150,3.00,no
2026-10-05T05:28:22.304786Z,KXSOL15M-26OCT050130-30,0.0130,5.00,no
2026-10-05T05:28:22.410963Z,KXSOL15M-26OCT050130-30,0.0130,2.00,no
2026-10-05T05:28:22.410963Z,KXSOL15M-26OCT050130-30,0.0130,3.00,no
2026-10-05T05:28:22.513662Z,KXSOL15M-26OCT050130-30,0.0130,7.00,no
2026-10-05T05:28:22.513662Z,KXSOL15M-26OCT050130-30,0.0130,4.00,no
2026-10-05T05:28:22.615626Z,KXSOL15M-26OCT050130-30,0.0130,3.00,no
2026-10-05T05:28:22.615626Z,KXSOL15M-26OCT050130-30,0.0130,10.00,no
2026-10-05T05:28:22.719247Z,KXSOL15M-26OCT050130-30,0.0130,10.00,no
2026-10-05T05:28:22.719247Z,KXSOL15M-26OCT050130-30,0.0130,4.00,no
2026-10-05T05:28:22.934024Z,KXSOL15M-26OCT050130-30,0.0120,3.00,no
2026-10-05T05:28:22.941829Z,KXSOL15M-26OCT050130-30,0.0120,13.00,no
2026-10-05T05:28:23.505938Z,KXSOL15M-26OCT050130-30,0.0170,3.00,yes
2026-10-05T05:28:23.505938Z,KXSOL15M-26OCT050130-30,0.0180,9.31,yes
2026-10-05T05:28:23.505938Z,KXSOL15M-26OCT050130-30,0.0200,3.69,yes
2026-10-05T05:28:23.505938Z,KXSOL15M-26OCT050130-30,0.0210,7.98,yes
2026-10-05T05:28:23.505938Z,KXSOL15M-26OCT050130-30,0.0180,3.00,yes
2026-10-05T05:28:23.505938Z,KXSOL15M-26OCT050130-30,0.0180,3.00,yes
2026-10-05T05:28:23.505938Z,KXSOL15M-26OCT050130-30,0.0150,3.00,yes
2026-10-05T05:28:23.505938Z,KXSOL15M-26OCT050130-30,0.0200,10.00,yes
2026-10-05T05:28:23.505938Z,KXSOL15M-26OCT050130-30,0.0170,1.00,yes
2026-10-05T05:28:23.59296Z,KXSOL15M-26OCT050130-30,0.0130,8.00,no
2026-10-05T05:28:23.601055Z,KXSOL15M-26OCT050130-30,0.0130,1.00,no
2026-10-05T05:28:24.162322Z,KXSOL15M-26OCT050130-30,0.0100,4.76,no
2026-10-05T05:28:24.162322Z,KXSOL15M-26OCT050130-30,0.0130,7.00,no
2026-10-05T05:28:24.162322Z,KXSOL15M-26OCT050130-30,0.0130,1.00,no
2026-10-05T05:28:24.162322Z,KXSOL15M-26OCT050130-30,0.0100,20.24,no
2026-10-05T05:28:24.162322Z,KXSOL15M-26OCT050130-30,0.0100,40.00,no
2026-10-05T05:28:24.162322Z,KXSOL15M-26OCT050130-30,0.0120,113.00,no
2026-10-05T05:28:24.162322Z,KXSOL15M-26OCT050130-30,0.0110,1.00,no
2026-10-05T05:28:24.162322Z,KXSOL15M-26OCT050130-30,0.0110,40.00,no
2026-10-05T05:28:24.162322Z,KXSOL15M-26OCT050130-30,0.0100,1.00,no
2026-10-05T05:28:24.162322Z,KXSOL15M-26OCT050130-30,0.0120,40.00,no
2026-10-05T05:28:24.162322Z,KXSOL15M-26OCT050130-30,0.0100,25.00,no
2026-10-05T05:28:24.162322Z,KXSOL15M-26OCT050130-30,0.0110,2.00,no
2026-10-05T05:28:24.162322Z,KXSOL15M-26OCT050130-30,0.0110,20.00,no
2026-10-05T05:28:24.162322Z,KXSOL15M-26OCT050130-30,0.0110,10.00,no
2026-10-05T05:28:24.162322Z,KXSOL15M-26OCT050130-30,0.0110,2.00,no
2026-10-05T05:28:24.162322Z,KXSOL15M-26OCT050130-30,0.0110,1.00,no
2026-10-05T05:28:24.162322Z,KXSOL15M-26OCT050130-30,0.0110,100.00,no
2026-10-05T05:28:24.162322Z,KXSOL15M-26OCT050130-30,0.0100,20.00,no
2026-10-05T05:28:24.162322Z,KXSOL15M-26OCT050130-30,0.0100,4.00,no
2026-10-05T05:28:24.162322Z,KXSOL15M-26OCT050130-30,0.0110,1.00,no
2026-10-05T05:28:24.294874Z,KXSOL15M-26OCT050130-30,0.0100,10.00,no
2026-10-05T05:28:24.294874Z,KXSOL15M-26OCT050130-30,0.0100,25.00,no
2026-10-05T05:28:24.294874Z,KXSOL15M-26OCT050130-30,0.0100,6.00,no
2026-10-05T05:28:24.294874Z,KXSOL15M-26OCT050130-30,0.0100,3.00,no
2026-10-05T05:28:24.78339Z,KXSOL15M-26OCT050130-30,0.0180,40.00,yes
2026-10-05T05:28:24.78339Z,KXSOL15M-26OCT050130-30,0.0200,1.00,yes
2026-10-05T05:28:24.78339Z,KXSOL15M-26OCT050130-30,0.0180,25.00,yes
2026-10-05T05:28:24.78339Z,KXSOL15M-26OCT050130-30,0.0200,6.00,yes
2026-10-05T05:28:24.78339Z,KXSOL15M-26OCT050130-30,0.0180,40.00,yes
2026-10-05T05:28:24.78339Z,KXSOL15M-26OCT050130-30,0.0180,40.00,yes
2026-10-05T05:28:24.78339Z,KXSOL15M-26OCT050130-30,0.0180,3.00,yes
2026-10-05T05:28:24.78339Z,KXSOL15M-26OCT050130-30,0.0200,1.00,yes
2026-10-05T05:28:24.78339Z,KXSOL15M-26OCT050130-30,0.0180,25.00,yes
2026-10-05T05:28:24.78339Z,KXSOL15M-26OCT050130-30,0.0200,54.65,yes
2026-10-05T05:28:24.78339Z,KXSOL15M-26OCT050130-30,0.0220,11.06,yes
2026-10-05T05:28:24.78339Z,KXSOL15M-26OCT050130-30,0.0190,3.00,yes
2026-10-05T05:28:25.094594Z,KXSOL15M-26OCT050130-30,0.0110,3.00,no
2026-10-05T05:28:25.094594Z,KXSOL15M-26OCT050130-30,0.0110,10.00,no
2026-10-05T05:28:25.094594Z,KXSOL15M-26OCT050130-30,0.0100,30.00,no
2026-10-05T05:28:25.094594Z,KXSOL15M-26OCT050130-30,0.0110,7.00,no
2026-10-05T05:28:25.993128Z,KXSOL15M-26OCT050130-30,0.0110,8.00,no
2026-10-05T05:28:25.999544Z,KXSOL15M-26OCT050130-30,0.0110,2.00,no
2026-10-05T05:28:25.999544Z,KXSOL15M-26OCT050130-30,0.0110,1.00,no
2026-10-05T05:28:26.168613Z,KXSOL15M-26OCT050130-30,0.0110,10.00,no
2026-10-05T05:28:26.168613Z,KXSOL15M-26OCT050130-30,0.0110,7.00,no
2026-10-05T05:28:26.397425Z,KXSOL15M-26OCT050130-30,0.0100,10.05,no
2026-10-05T05:28:26.483267Z,KXSOL15M-26OCT050130-30,0.0100,7.00,no
2026-10-05T05:28:26.489842Z,KXSOL15M-26OCT050130-30,0.0100,7.00,no
2026-10-05T05:28:27.195165Z,KXSOL15M-26OCT050130-30,0.0100,0.95,no
2026-10-05T05:28:27.195165Z,KXSOL15M-26OCT050130-30,0.0100,10.00,no
2026-10-05T05:28:27.195165Z,KXSOL15M-26OCT050130-30,0.0090,14.26,no
2026-10-05T05:28:27.300352Z,KXSOL15M-26OCT050130-30,0.0100,14.26,yes
2026-10-05T05:28:27.300352Z,KXSOL15M-26OCT050130-30,0.0110,1.27,yes
2026-10-05T05:28:27.300352Z,KXSOL15M-26OCT050130-30,0.0110,10.05,yes
2026-10-05T05:28:27.300352Z,KXSOL15M-26OCT050130-30,0.0110,17.00,yes
2026-10-05T05:28:27.331786Z,KXSOL15M-26OCT050130-30,0.0090,1.00,no
2026-10-05T05:28:27.352097Z,KXSOL15M-26OCT050130-30,0.0090,4.26,no
2026-10-05T05:28:27.352097Z,KXSOL15M-26OCT050130-30,0.0090,3.00,no
2026-10-05T05:28:27.352097Z,KXSOL15M-26OCT050130-30,0.0090,24.74,no
2026-10-05T05:28:27.360181Z,KXSOL15M-26OCT050130-30,0.0090,4.00,no
2026-10-05T05:28:29.155453Z,KXSOL15M-26OCT050130-30,0.0160,3.00,yes
2026-10-05T05:28:29.155453Z,KXSOL15M-26OCT050130-30,0.0150,3.00,yes
2026-10-05T05:28:29.155453Z,KXSOL15M-26OCT050130-30,0.0150,6.00,yes
2026-10-05T05:28:29.155453Z,KXSOL15M-26OCT050130-30,0.0100,24.74,yes
2026-10-05T05:28:29.155453Z,KXSOL15M-26OCT050130-30,0.0110,0.95,yes
2026-10-05T05:28:29.155453Z,KXSOL15M-26OCT050130-30,0.0100,1.00,yes
2026-10-05T05:28:29.155453Z,KXSOL15M-26OCT050130-30,0.0200,9.90,yes
2026-10-05T05:28:29.155453Z,KXSOL15M-26OCT050130-30,0.0200,6.00,yes
2026-10-05T05:28:29.155453Z,KXSOL15M-26OCT050130-30,0.0110,7.00,yes
2026-10-05T05:28:29.155453Z,KXSOL15M-26OCT050130-30,0.0110,5.73,yes
2026-10-05T05:28:29.197601Z,KXSOL15M-26OCT050130-30,0.0100,6.00,no
2026-10-05T05:28:29.197601Z,KXSOL15M-26OCT050130-30,0.0100,1.00,no
2026-10-05T05:28:29.307906Z,KXSOL15M-26OCT050130-30,0.0100,0.80,no
2026-10-05T05:28:29.618836Z,KXSOL15M-26OCT050130-30,0.0100,6.00,no
2026-10-05T05:28:29.618836Z,KXSOL15M-26OCT050130-30,0.0100,6.00,no
2026-10-05T05:28:30.04324Z,KXSOL15M-26OCT050130-30,0.0100,6.00,no
2026-10-05T05:28:30.04324Z,KXSOL15M-26OCT050130-30,0.0100,6.00,no
2026-10-05T05:28:30.869533Z,KXSOL15M-26OCT050130-30,0.0190,1.97,yes
2026-10-05T05:28:30.869533Z,KXSOL15M-26OCT050130-30,0.0180,3.00,yes
2026-10-05T05:28:30.979317Z,KXSOL15M-26OCT050130-30,0.0100,8.00,no
2026-10-05T05:28:30.979317Z,KXSOL15M-26OCT050130-30,0.0100,3.00,no
2026-10-05T05:28:30.983836Z,KXSOL15M-26OCT050130-30,0.0100,0.20,no
2026-10-05T05:28:31.650281Z,KXSOL15M-26OCT050130-30,0.0090,3.72,no
2026-10-05T05:28:31.650281Z,KXSOL15M-26OCT050130-30,0.0090,3.00,no
2026-10-05T05:28:31.921127Z,KXSOL15M-26OCT050130-30,0.0110,10.00,no
2026-10-05T05:28:32.155113Z,KXSOL15M-26OCT050130-30,0.0090,10.00,no
2026-10-05T05:28:32.155113Z,KXSOL15M-26OCT050130-30,0.0090,10.00,no
2026-10-05T05:28:32.451606Z,KXSOL15M-26OCT050130-30,0.0120,17.00,no
2026-10-05T05:28:33.197386Z,KXSOL15M-26OCT050130-30,0.0100,10.00,no
2026-10-05T05:28:33.197386Z,KXSOL15M-26OCT050130-30,0.0090,10.00,no
2026-10-05T05:28:33.197386Z,KXSOL15M-26OCT050130-30,0.0080,1.31,no
2026-10-05T05:28:33.714118Z,KXSOL15M-26OCT050130-30,0.0090,10.00,no
2026-10-05T05:28:33.714118Z,KXSOL15M-26OCT050130-30,0.0090,10.00,no
2026-10-05T05:28:33.833024Z,KXSOL15M-26OCT050130-30,0.0100,5.00,yes
2026-10-05T05:28:33.838736Z,KXSOL15M-26OCT050130-30,0.0100,1.00,yes
2026-10-05T05:28:34.111247Z,KXSOL15M-26OCT050130-30,0.0090,71.00,no
2026-10-05T05:28:34.111247Z,KXSOL15M-26OCT050130-30,0.0090,0.32,no
2026-10-05T05:28:34.111247Z,KXSOL15M-26OCT050130-30,0.0090,10.00,no
2026-10-05T05:28:34.66245Z,KXSOL15M-26OCT050130-30,0.0090,10.00,no
2026-10-05T05:28:34.66245Z,KXSOL15M-26OCT050130-30,0.0090,9.68,no
2026-10-05T05:28:34.66245Z,KXSOL15M-26OCT050130-30,0.0080,0.32,no
2026-10-05T05:28:34.765441Z,KXSOL15M-26OCT050130-30,0.0090,10.00,no
2026-10-05T05:28:34.765441Z,KXSOL15M-26OCT050130-30,0.0090,10.00,no
2026-10-05T05:28:35.385303Z,KXSOL15M-26OCT050130-30,0.0080,29.62,no
2026-10-05T05:28:35.649174Z,KXSOL15M-26OCT050130-30,0.0080,20.00,no
2026-10-05T05:28:35.649174Z,KXSOL15M-26OCT050130-30,0.0070,0.25,no
2026-10-05T05:28:35.649174Z,KXSOL15M-26OCT050130-30,0.0080,8.75,no
2026-10-05T05:28:35.659219Z,KXSOL15M-26OCT050130-30,0.0070,8.00,no
2026-10-05T05:28:36.534814Z,KXSOL15M-26OCT050130-30,0.0080,1.75,yes
2026-10-05T05:28:36.534814Z,KXSOL15M-26OCT050130-30,0.0080,0.25,yes
2026-10-05T05:28:36.612679Z,KXSOL15M-26OCT050130-30,0.0080,2.00,yes
2026-10-05T05:28:36.811353Z,KXSOL15M-26OCT050130-30,0.0070,1.00,no
2026-10-05T05:28:36.943314Z,KXSOL15M-26OCT050130-30,0.0070,10.00,no
2026-10-05T05:28:36.943314Z,KXSOL15M-26OCT050130-30,0.0070,10.00,no
2026-10-05T05:28:36.943314Z,KXSOL15M-26OCT050130-30,0.0050,3.00,no
2026-10-05T05:28:36.943314Z,KXSOL15M-26OCT050130-30,0.0050,5.00,no
2026-10-05T05:28:36.943314Z,KXSOL15M-26OCT050130-30,0.0050,11.00,no
2026-10-05T05:28:36.943314Z,KXSOL15M-26OCT050130-30,0.0070,30.75,no
2026-10-05T05:28:36.943314Z,KXSOL15M-26OCT050130-30,0.0060,40.00,no
2026-10-05T05:28:36.943314Z,KXSOL15M-26OCT050130-30,0.0040,1.12,no
2026-10-05T05:28:36.943314Z,KXSOL15M-26OCT050130-30,0.0050,40.00,no
2026-10-05T05:28:37.297939Z,KXSOL15M-26OCT050130-30,0.0070,13.00,yes
2026-10-05T05:28:37.297939Z,KXSOL15M-26OCT050130-30,0.0070,40.00,yes
2026-10-05T05:28:37.30773Z,KXSOL15M-26OCT050130-30,0.0070,4.00,yes
2026-10-05T05:28:37.455077Z,KXSOL15M-26OCT050130-30,0.0050,10.00,no
2026-10-05T05:28:37.455077Z,KXSOL15M-26OCT050130-30,0.0050,9.00,no
2026-10-05T05:28:37.605632Z,KXSOL15M-26OCT050130-30,0.0040,28.29,no
2026-10-05T05:28:37.929939Z,KXSOL15M-26OCT050130-30,0.0050,27.88,yes
2026-10-05T05:28:37.929939Z,KXSOL15M-26OCT050130-30,0.0050,1.12,yes
2026-10-05T05:28:37.935766Z,KXSOL15M-26OCT050130-30,0.0050,28.59,yes
2026-10-05T05:28:37.935766Z,KXSOL15M-26OCT050130-30,0.0050,0.41,yes
2026-10-05T05:28:37.942008Z,KXSOL15M-26OCT050130-30,0.0050,26.00,yes
2026-10-05T05:28:37.945683Z,KXSOL15M-26OCT050130-30,0.0050,2.00,yes
2026-10-05T05:28:37.952392Z,KXSOL15M-26OCT050130-30,0.0050,2.00,yes
2026-10-05T05:28:37.959395Z,KXSOL15M-26OCT050130-30,0.0050,2.00,yes
2026-10-05T05:28:38.176825Z,KXSOL15M-26OCT050130-30,0.0040,84.26,no
2026-10-05T05:28:38.176825Z,KXSOL15M-26OCT050130-30,0.0040,1.00,no
2026-10-05T05:28:38.176825Z,KXSOL15M-26OCT050130-30,0.0040,1.00,no
2026-10-05T05:28:38.176825Z,KXSOL15M-26OCT050130-30,0.0040,1.00,no
2026-10-05T05:28:38.176825Z,KXSOL15M-26OCT050130-30,0.0040,1.00,no
2026-10-05T05:28:38.176825Z,KXSOL15M-26OCT050130-30,0.0040,13.00,no
2026-10-05T05:28:38.176825Z,KXSOL15M-26OCT050130-30,0.0040,1.00,no
2026-10-05T05:28:38.176825Z,KXSOL15M-26OCT050130-30,0.0040,10.59,no
2026-10-05T05:28:39.028283Z,KXSOL15M-26OCT050130-30,0.0090,0.31,yes
2026-10-05T05:28:39.028283Z,KXSOL15M-26OCT050130-30,0.0090,0.32,yes
2026-10-05T05:28:39.028283Z,KXSOL15M-26OCT050130-30,0.0080,4.25,yes
2026-10-05T05:28:39.028283Z,KXSOL15M-26OCT050130-30,0.0090,1.45,yes
2026-10-05T05:28:39.028283Z,KXSOL15M-26OCT050130-30,0.0080,30.75,yes
2026-10-05T05:28:39.028283Z,KXSOL15M-26OCT050130-30,0.0080,1.00,yes
2026-10-05T05:28:39.028283Z,KXSOL15M-26OCT050130-30,0.0060,23.00,yes
2026-10-05T05:28:39.028283Z,KXSOL15M-26OCT050130-30,0.0050,39.41,yes
2026-10-05T05:28:39.028283Z,KXSOL15M-26OCT050130-30,0.0050,10.59,yes
2026-10-05T05:28:39.204194Z,KXSOL15M-26OCT050130-30,0.0040,0.51,no
2026-10-05T05:28:39.523833Z,KXSOL15M-26OCT050130-30,0.0100,24.00,yes
2026-10-05T05:28:39.523833Z,KXSOL15M-26OCT050130-30,0.0090,28.17,yes
2026-10-05T05:28:39.523833Z,KXSOL15M-26OCT050130-30,0.0090,8.75,yes
2026-10-05T05:28:39.523833Z,KXSOL15M-26OCT050130-30,0.0140,3.00,yes
2026-10-05T05:28:39.523833Z,KXSOL15M-26OCT050130-30,0.0130,3.00,yes
2026-10-05T05:28:39.523833Z,KXSOL15M-26OCT050130-30,0.0100,6.00,yes
2026-10-05T05:28:39.523833Z,KXSOL15M-26OCT050130-30,0.0190,10.34,yes
2026-10-05T05:28:39.753815Z,KXSOL15M-26OCT050130-30,0.0060,11.00,no
2026-10-05T05:28:39.753815Z,KXSOL15M-26OCT050130-30,0.0050,10.00,no
2026-10-05T05:28:39.753815Z,KXSOL15M-26OCT050130-30,0.0050,3.00,no
2026-10-05T05:28:39.753815Z,KXSOL15M-26OCT050130-30,0.0060,3.00,no
2026-10-05T05:28:39.869135Z,KXSOL15M-26OCT050130-30,0.0040,1.00,no
2026-10-05T05:28:40.801867Z,KXSOL15M-26OCT050130-30,0.0040,7.00,no
2026-10-05T05:28:40.801867Z,KXSOL15M-26OCT050130-30,0.0040,3.00,no
2026-10-05T05:28:40.801867Z,KXSOL15M-26OCT050130-30,0.0040,10.00,no
2026-10-05T05:28:40.801867Z,KXSOL15M-26OCT050130-30,0.0040,5.00,no
2026-10-05T05:28:40.807762Z,KXSOL15M-26OCT050130-30,0.0040,15.00,no
2026-10-05T05:28:40.909872Z,KXSOL15M-26OCT050130-30,0.0030,6.00,no
2026-10-05T05:28:40.916797Z,KXSOL15M-26OCT050130-30,0.0030,6.00,no
2026-10-05T05:28:41.08831Z,KXSOL15M-26OCT050130-30,0.0030,17.00,no
2026-10-05T05:28:41.094343Z,KXSOL15M-26OCT050130-30,0.0030,6.00,no
2026-10-05T05:28:41.980351Z,KXSOL15M-26OCT050130-30,0.0040,3.00,yes
2026-10-05T05:28:41.986002Z,KXSOL15M-26OCT050130-30,0.0040,5.00,yes
2026-10-05T05:28:42.133351Z,KXSOL15M-26OCT050130-30,0.0040,4.00,yes
2026-10-05T05:28:42.133351Z,KXSOL15M-26OCT050130-30,0.0040,2.55,yes
2026-10-05T05:28:42.164802Z,KXSOL15M-26OCT050130-30,0.0050,10.44,yes
2026-10-05T05:28:42.164802Z,KXSOL15M-26OCT050130-30,0.0040,6.00,yes
2026-10-05T05:28:42.164802Z,KXSOL15M-26OCT050130-30,0.0040,14.45,yes
2026-10-05T05:28:42.231546Z,KXSOL15M-26OCT050130-30,0.0050,4.56,yes
2026-10-05T05:28:42.231546Z,KXSOL15M-26OCT050130-30,0.0100,8.06,yes
2026-10-05T05:28:42.231546Z,KXSOL15M-26OCT050130-30,0.0090,5.00,yes
2026-10-05T05:28:42.231546Z,KXSOL15M-26OCT050130-30,0.0100,6.00,yes
2026-10-05T05:28:42.448831Z,KXSOL15M-26OCT050130-30,0.0030,23.96,no
2026-10-05T05:28:42.448831Z,KXSOL15M-26OCT050130-30,0.0030,17.00,no
2026-10-05T05:28:43.793121Z,KXSOL15M-26OCT050130-30,0.0030,11.03,no
2026-10-05T05:28:44.255648Z,KXSOL15M-26OCT050130-30,0.0090,6.00,yes
2026-10-05T05:28:44.48527Z,KXSOL15M-26OCT050130-30,0.0030,10.00,no
2026-10-05T05:28:44.491016Z,KXSOL15M-26OCT050130-30,0.0030,10.00,no
2026-10-05T05:28:44.587495Z,KXSOL15M-26OCT050130-30,0.0030,10.00,no
2026-10-05T05:28:44.592416Z,KXSOL15M-26OCT050130-30,0.0030,10.00,no
2026-10-05T05:28:44.789783Z,KXSOL15M-26OCT050130-30,0.0030,9.00,no
2026-10-05T05:28:45.744278Z,KXSOL15M-26OCT050130-30,0.0090,11.00,yes
2026-10-05T05:28:45.744278Z,KXSOL15M-26OCT050130-30,0.0090,9.78,yes
2026-10-05T05:28:46.919746Z,KXSOL15M-26OCT050130-30,0.0030,0.13,no
2026-10-05T05:28:47.841454Z,KXSOL15M-26OCT050130-30,0.0040,22.61,no
2026-10-05T05:28:48.518409Z,KXSOL15M-26OCT050130-30,0.0040,7.00,no
2026-10-05T05:28:48.518409Z,KXSOL15M-26OCT050130-30,0.0040,10.00,no
2026-10-05T05:28:48.518409Z,KXSOL15M-26OCT050130-30,0.0030,11.75,no
2026-10-05T05:28:48.518409Z,KXSOL15M-26OCT050130-30,0.0030,2.00,no
2026-10-05T05:28:48.518409Z,KXSOL15M-26OCT050130-30,0.0030,2.00,no
2026-10-05T05:28:48.518409Z,KXSOL15M-26OCT050130-30,0.0030,2.00,no
2026-10-05T05:28:48.518409Z,KXSOL15M-26OCT050130-30,0.0030,18.00,no
2026-10-05T05:28:48.518409Z,KXSOL15M-26OCT050130-30,0.0030,2.00,no
2026-10-05T05:28:48.518409Z,KXSOL15M-26OCT050130-30,0.0030,2.00,no
2026-10-05T05:28:48.518409Z,KXSOL15M-26OCT050130-30,0.0030,165.88,no
2026-10-05T05:28:48.770993Z,KXSOL15M-26OCT050130-30,0.0040,3.71,no
2026-10-05T05:28:48.770993Z,KXSOL15M-26OCT050130-30,0.0040,7.00,no
2026-10-05T05:28:50.473529Z,KXSOL15M-26OCT050130-30,0.0030,5.48,no
2026-10-05T05:28:50.473529Z,KXSOL15M-26OCT050130-30,0.0040,7.00,no
2026-10-05T05:28:50.473529Z,KXSOL15M-26OCT050130-30,0.0040,6.29,no
2026-10-05T05:28:52.008954Z,KXSOL15M-26OCT050130-30,0.0090,0.13,yes
2026-10-05T05:28:52.008954Z,KXSOL15M-26OCT050130-30,0.0090,19.21,yes
2026-10-05T05:28:52.008954Z,KXSOL15M-26OCT050130-30,0.0090,11.03,yes
2026-10-05T05:28:52.008954Z,KXSOL15M-26OCT050130-30,0.0090,23.96,yes
2026-10-05T05:28:52.008954Z,KXSOL15M-26OCT050130-30,0.0090,10.00,yes
2026-10-05T05:28:52.008954Z,KXSOL15M-26OCT050130-30,0.0090,10.00,yes
2026-10-05T05:28:52.008954Z,KXSOL15M-26OCT050130-30,0.0090,9.00,yes
2026-10-05T05:28:52.008954Z,KXSOL15M-26OCT050130-30,0.0090,10.00,yes
2026-10-05T05:28:52.008954Z,KXSOL15M-26OCT050130-30,0.0090,10.00,yes
2026-10-05T05:28:52.012789Z,KXSOL15M-26OCT050130-30,0.0100,8.23,yes
2026-10-05T05:28:52.012789Z,KXSOL15M-26OCT050130-30,0.0120,1.63,yes
2026-10-05T05:28:52.012789Z,KXSOL15M-26OCT050130-30,0.0120,0.06,yes
2026-10-05T05:28:52.012789Z,KXSOL15M-26OCT050130-30,0.0110,3.00,yes
2026-10-05T05:28:52.012789Z,KXSOL15M-26OCT050130-30,0.0090,146.67,yes
2026-10-05T05:28:52.012789Z,KXSOL15M-26OCT050130-30,0.0100,1.00,yes
2026-10-05T05:28:52.989649Z,KXSOL15M-26OCT050130-30,0.0040,5.00,no
2026-10-05T05:28:52.99554Z,KXSOL15M-26OCT050130-30,0.0040,5.00,no
2026-10-05T05:28:54.233049Z,KXSOL15M-26OCT050130-30,0.0040,1.00,no
2026-10-05T05:28:54.690847Z,KXSOL15M-26OCT050130-30,0.0030,130.43,no
2026-10-05T05:28:54.690847Z,KXSOL15M-26OCT050130-30,0.0040,1.00,no
2026-10-05T05:28:54.690847Z,KXSOL15M-26OCT050130-30,0.0040,3.00,no
2026-10-05T05:28:54.690847Z,KXSOL15M-26OCT050130-30,0.0040,6.00,no
2026-10-05T05:28:54.690847Z,KXSOL15M-26OCT050130-30,0.0040,10.00,no
2026-10-05T05:28:56.249714Z,KXSOL15M-26OCT050130-30,0.0040,5.00,yes
2026-10-05T05:28:56.723686Z,KXSOL15M-26OCT050130-30,0.0030,9.00,no
2026-10-05T05:28:57.017007Z,KXSOL15M-26OCT050130-30,0.0030,6.00,no
2026-10-05T05:28:57.153715Z,KXSOL15M-26OCT050130-30,0.0030,9.00,no
2026-10-05T05:28:57.358942Z,KXSOL15M-26OCT050130-30,0.0030,9.00,no
2026-10-05T05:28:57.364252Z,KXSOL15M-26OCT050130-30,0.0030,6.00,no
2026-10-05T05:28:57.414512Z,KXSOL15M-26OCT050130-30,0.0030,11.03,no
2026-10-05T05:28:57.669551Z,KXSOL15M-26OCT050130-30,0.0030,41.00,no
2026-10-05T05:28:57.67781Z,KXSOL15M-26OCT050130-30,0.0030,8.00,no
2026-10-05T05:28:57.862258Z,KXSOL15M-26OCT050130-30,0.0030,6.00,no
2026-10-05T05:28:57.979905Z,KXSOL15M-26OCT050130-30,0.0030,5.00,no
2026-10-05T05:28:58.081653Z,KXSOL15M-26OCT050130-30,0.0030,9.00,no
2026-10-05T05:28:58.189609Z,KXSOL15M-26OCT050130-30,0.0030,9.00,no
2026-10-05T05:28:58.195614Z,KXSOL15M-26OCT050130-30,0.0030,8.00,no
2026-10-05T05:28:58.611541Z,KXSOL15M-26OCT050130-30,0.0030,55.15,no
2026-10-05T05:28:58.663089Z,KXSOL15M-26OCT050130-30,0.0030,20.04,no
2026-10-05T05:28:58.80745Z,KXSOL15M-26OCT050130-30,0.0030,9.00,no
2026-10-05T05:28:58.812926Z,KXSOL15M-26OCT050130-30,0.0030,7.00,no
2026-10-05T05:28:59.606538Z,KXSOL15M-26OCT050130-30,0.0030,11.00,no
2026-10-05T05:28:59.810774Z,KXSOL15M-26OCT050130-30,0.0030,36.00,no
2026-10-05T05:29:00.131105Z,KXSOL15M-26OCT050130-30,0.0030,1.00,no
2026-10-05T05:29:00.193273Z,KXSOL15M-26OCT050130-30,0.0040,1.00,yes
2026-10-05T05:29:00.193273Z,KXSOL15M-26OCT050130-30,0.0100,2.80,yes
2026-10-05T05:29:00.265282Z,KXSOL15M-26OCT050130-30,0.0030,3.00,no
2026-10-05T05:29:00.562149Z,KXSOL15M-26OCT050130-30,0.0100,25.00,yes
2026-10-05T05:29:00.562149Z,KXSOL15M-26OCT050130-30,0.0100,8.83,yes
2026-10-05T05:29:00.562149Z,KXSOL15M-26OCT050130-30,0.0100,12.20,yes
2026-10-05T05:29:00.562149Z,KXSOL15M-26OCT050130-30,0.0100,20.00,yes
2026-10-05T05:29:00.562149Z,KXSOL15M-26OCT050130-30,0.0100,10.00,yes
2026-10-05T05:29:01.017717Z,KXSOL15M-26OCT050130-30,0.0040,1.00,no
2026-10-05T05:29:01.027042Z,KXSOL15M-26OCT050130-30,0.0030,0.88,no
2026-10-05T05:29:01.027042Z,KXSOL15M-26OCT050130-30,0.0040,7.00,no
2026-10-05T05:29:01.027042Z,KXSOL15M-26OCT050130-30,0.0040,9.00,no
2026-10-05T05:29:01.027042Z,KXSOL15M-26OCT050130-30,0.0030,574.12,no
2026-10-05T05:29:01.424508Z,KXSOL15M-26OCT050130-30,0.0100,18.83,yes
2026-10-05T05:29:01.424508Z,KXSOL15M-26OCT050130-30,0.0100,1.17,yes
2026-10-05T05:29:01.424508Z,KXSOL15M-26OCT050130-30,0.0100,8.00,yes
2026-10-05T05:29:01.424508Z,KXSOL15M-26OCT050130-30,0.0100,5.00,yes
2026-10-05T05:29:01.679408Z,KXSOL15M-26OCT050130-30,0.0060,20.00,no
2026-10-05T05:29:01.822001Z,KXSOL15M-26OCT050130-30,0.0060,0.38,yes
2026-10-05T05:29:03.692353Z,KXSOL15M-26OCT050130-30,0.0050,5.13,yes
2026-10-05T05:29:04.218148Z,KXSOL15M-26OCT050130-30,0.0030,2.12,no
2026-10-05T05:29:04.218148Z,KXSOL15M-26OCT050130-30,0.0030,8.00,no
2026-10-05T05:29:04.218148Z,KXSOL15M-26OCT050130-30,0.0030,0.91,no
2026-10-05T05:29:04.669193Z,KXSOL15M-26OCT050130-30,0.0050,373.95,yes
2026-10-05T05:29:05.123563Z,KXSOL15M-26OCT050130-30,0.0030,9.09,no
2026-10-05T05:29:05.123563Z,KXSOL15M-26OCT050130-30,0.0030,8.00,no
2026-10-05T05:29:05.123563Z,KXSOL15M-26OCT050130-30,0.0020,22.91,no
2026-10-05T05:29:05.340887Z,KXSOL15M-26OCT050130-30,0.0020,227.17,no
2026-10-05T05:29:07.576234Z,KXSOL15M-26OCT050130-30,0.0020,22.04,no
2026-10-05T05:29:08.016901Z,KXSOL15M-26OCT050130-30,0.0030,3.00,no
2026-10-05T05:29:08.023318Z,KXSOL15M-26OCT050130-30,0.0030,3.00,no
2026-10-05T05:29:08.029573Z,KXSOL15M-26OCT050130-30,0.0030,2.00,no
2026-10-05T05:29:08.029573Z,KXSOL15M-26OCT050130-30,0.0030,1.00,no
2026-10-05T05:29:08.035081Z,KXSOL15M-26OCT050130-30,0.0030,2.00,no
2026-10-05T05:29:08.087825Z,KXSOL15M-26OCT050130-30,0.0030,1.00,no
2026-10-05T05:29:08.087825Z,KXSOL15M-26OCT050130-30,0.0030,7.00,no
2026-10-05T05:29:08.135227Z,KXSOL15M-26OCT050130-30,0.0020,0.14,no
2026-10-05T05:29:08.669483Z,KXSOL15M-26OCT050130-30,0.0080,61.04,yes
2026-10-05T05:29:08.669483Z,KXSOL15M-26OCT050130-30,0.0080,50.00,yes
2026-10-05T05:29:08.669483Z,KXSOL15M-26OCT050130-30,0.0060,7.00,yes
2026-10-05T05:29:09.587974Z,KXSOL15M-26OCT050130-30,0.0080,0.13,yes
2026-10-05T05:29:11.105437Z,KXSOL15M-26OCT050130-30,0.0020,2.00,no
2026-10-05T05:29:11.445654Z,KXSOL15M-26OCT050130-30,0.0080,116.88,yes
2026-10-05T05:29:12.045499Z,KXSOL15M-26OCT050130-30,0.0020,2.00,no
2026-10-05T05:29:12.051953Z,KXSOL15M-26OCT050130-30,0.0020,2.00,no
2026-10-05T05:29:12.098802Z,KXSOL15M-26OCT050130-30,0.0020,12.00,no
2026-10-05T05:29:12.116316Z,KXSOL15M-26OCT050130-30,0.0020,20.00,no
2026-10-05T05:29:12.13536Z,KXSOL15M-26OCT050130-30,0.0020,20.00,no
2026-10-05T05:29:12.154092Z,KXSOL15M-26OCT050130-30,0.0020,20.00,no
2026-10-05T05:29:12.166687Z,KXSOL15M-26OCT050130-30,0.0020,25.00,no
2026-10-05T05:29:12.1749Z,KXSOL15M-26OCT050130-30,0.0020,30.00,no
2026-10-05T05:29:12.181947Z,KXSOL15M-26OCT050130-30,0.0020,7.00,no
2026-10-05T05:29:12.192348Z,KXSOL15M-26OCT050130-30,0.0020,2.00,no
2026-10-05T05:29:12.199016Z,KXSOL15M-26OCT050130-30,0.0020,2.00,no
2026-10-05T05:29:12.210468Z,KXSOL15M-26OCT050130-30,0.0020,2.00,no
2026-10-05T05:29:12.217313Z,KXSOL15M-26OCT050130-30,0.0020,2.00,no
2026-10-05T05:29:12.226274Z,KXSOL15M-26OCT050130-30,0.0020,2.00,no
2026-10-05T05:29:12.233622Z,KXSOL15M-26OCT050130-30,0.0020,2.00,no
2026-10-05T05:29:12.240759Z,KXSOL15M-26OCT050130-30,0.0020,2.00,no
2026-10-05T05:29:12.66717Z,KXSOL15M-26OCT050130-30,0.0020,2.00,no
2026-10-05T05:29:12.676948Z,KXSOL15M-26OCT050130-30,0.0020,2.00,no
2026-10-05T05:29:12.688471Z,KXSOL15M-26OCT050130-30,0.0020,2.00,no
2026-10-05T05:29:12.700534Z,KXSOL15M-26OCT050130-30,0.0020,2.00,no
2026-10-05T05:29:13.114774Z,KXSOL15M-26OCT050130-30,0.0020,54.00,no
2026-10-05T05:29:13.123144Z,KXSOL15M-26OCT050130-30,0.0020,28.00,no
2026-10-05T05:29:13.13253Z,KXSOL15M-26OCT050130-30,0.0020,10.00,no
2026-10-05T05:29:13.139606Z,KXSOL15M-26OCT050130-30,0.0020,5.00,no
2026-10-05T05:29:13.146721Z,KXSOL15M-26OCT050130-30,0.0020,2.00,no
2026-10-05T05:29:13.154016Z,KXSOL15M-26OCT050130-30,0.0020,2.00,no
2026-10-05T05:29:13.234711Z,KXSOL15M-26OCT050130-30,0.0020,14.74,no
2026-10-05T05:29:13.234711Z,KXSOL15M-26OCT050130-30,0.0020,3.26,no
2026-10-05T05:29:13.533565Z,KXSOL15M-26OCT050130-30,0.0020,22.04,no
2026-10-05T05:29:13.752922Z,KXSOL15M-26OCT050130-30,0.0020,12.00,no
2026-10-05T05:29:13.759611Z,KXSOL15M-26OCT050130-30,0.0020,5.00,no
2026-10-05T05:29:13.766913Z,KXSOL15M-26OCT050130-30,0.0020,2.00,no
2026-10-05T05:29:14.200875Z,KXSOL15M-26OCT050130-30,0.0020,20.00,no
2026-10-05T05:29:14.209602Z,KXSOL15M-26OCT050130-30,0.0020,7.00,no
2026-10-05T05:29:14.218723Z,KXSOL15M-26OCT050130-30,0.0020,5.00,no
2026-10-05T05:29:14.22688Z,KXSOL15M-26OCT050130-30,0.0020,2.00,no
2026-10-05T05:29:14.569441Z,KXSOL15M-26OCT050130-30,0.0020,50.09,no
2026-10-05T05:29:14.652134Z,KXSOL15M-26OCT050130-30,0.0020,12.00,no
2026-10-05T05:29:14.75297Z,KXSOL15M-26OCT050130-30,0.0020,5.00,no
2026-10-05T05:29:14.758951Z,KXSOL15M-26OCT050130-30,0.0020,2.00,no
2026-10-05T05:29:16.120322Z,KXSOL15M-26OCT050130-30,0.0020,7.00,no
2026-10-05T05:29:16.129081Z,KXSOL15M-26OCT050130-30,0.0020,5.00,no
2026-10-05T05:29:16.343895Z,KXSOL15M-26OCT050130-30,0.0020,100.00,no
2026-10-05T05:29:16.532254Z,KXSOL15M-26OCT050130-30,0.0020,25.00,no
2026-10-05T05:29:16.538818Z,KXSOL15M-26OCT050130-30,0.0020,15.00,no
2026-10-05T05:29:16.545122Z,KXSOL15M-26OCT050130-30,0.0020,7.00,no
2026-10-05T05:29:16.552775Z,KXSOL15M-26OCT050130-30,0.0020,2.00,no
2026-10-05T05:29:16.559838Z,KXSOL15M-26OCT050130-30,0.0020,2.00,no
2026-10-05T05:29:16.568079Z,KXSOL15M-26OCT050130-30,0.0020,2.00,no
2026-10-05T05:29:16.574574Z,KXSOL15M-26OCT050130-30,0.0020,2.00,no
2026-10-05T05:29:16.580134Z,KXSOL15M-26OCT050130-30,0.0020,2.00,no
2026-10-05T05:29:16.587851Z,KXSOL15M-26OCT050130-30,0.0020,2.00,no
2026-10-05T05:29:16.594063Z,KXSOL15M-26OCT050130-30,0.0020,2.00,no
2026-10-05T05:29:16.601642Z,KXSOL15M-26OCT050130-30,0.0020,2.00,no
2026-10-05T05:29:16.608051Z,KXSOL15M-26OCT050130-30,0.0020,2.00,no
2026-10-05T05:29:16.61447Z,KXSOL15M-26OCT050130-30,0.0020,2.00,no
2026-10-05T05:29:16.62185Z,KXSOL15M-26OCT050130-30,0.0020,2.00,no
2026-10-05T05:29:16.74302Z,KXSOL15M-26OCT050130-30,0.0020,10.00,no
2026-10-05T05:29:16.750866Z,KXSOL15M-26OCT050130-30,0.0020,5.00,no
2026-10-05T05:29:16.757534Z,KXSOL15M-26OCT050130-30,0.0020,5.00,no
2026-10-05T05:29:16.853514Z,KXSOL15M-26OCT050130-30,0.0020,11.02,no
2026-10-05T05:29:16.881374Z,KXSOL15M-26OCT050130-30,0.0020,2.00,no
2026-10-05T05:29:18.085303Z,KXSOL15M-26OCT050130-30,0.0030,46.00,yes
2026-10-05T05:29:18.085303Z,KXSOL15M-26OCT050130-30,0.0030,100.00,yes
2026-10-05T05:29:18.085303Z,KXSOL15M-26OCT050130-30,0.0030,146.00,yes
2026-10-05T05:29:18.085303Z,KXSOL15M-26OCT050130-30,0.0030,13.35,yes
2026-10-05T05:29:18.090062Z,KXSOL15M-26OCT050130-30,0.0020,8.00,no
2026-10-05T05:29:18.227671Z,KXSOL15M-26OCT050130-30,0.0030,26.65,yes
2026-10-05T05:29:18.227671Z,KXSOL15M-26OCT050130-30,0.0030,3.88,yes
2026-10-05T05:29:18.7414Z,KXSOL15M-26OCT050130-30,0.0070,22.00,yes
2026-10-05T05:29:18.7414Z,KXSOL15M-26OCT050130-30,0.0070,38.11,yes
2026-10-05T05:29:18.7414Z,KXSOL15M-26OCT050130-30,0.0060,45.00,yes
2026-10-05T05:29:18.7414Z,KXSOL15M-26OCT050130-30,0.0030,78.12,yes
2026-10-05T05:29:19.378921Z,KXSOL15M-26OCT050130-30,0.0020,0.06,no
2026-10-05T05:29:19.378921Z,KXSOL15M-26OCT050130-30,0.0020,3.00,no
2026-10-05T05:29:19.378921Z,KXSOL15M-26OCT050130-30,0.0020,10.00,no
2026-10-05T05:29:19.378921Z,KXSOL15M-26OCT050130-30,0.0020,5.00,no
2026-10-05T05:29:19.378921Z,KXSOL15M-26OCT050130-30,0.0020,40.00,no
2026-10-05T05:29:19.378921Z,KXSOL15M-26OCT050130-30,0.0020,91.94,no
2026-10-05T05:29:19.378921Z,KXSOL15M-26OCT050130-30,0.0020,3.00,no
2026-10-05T05:29:19.378921Z,KXSOL15M-26OCT050130-30,0.0020,3.00,no
2026-10-05T05:29:19.378921Z,KXSOL15M-26OCT050130-30,0.0020,3.00,no
2026-10-05T05:29:19.378921Z,KXSOL15M-26OCT050130-30,0.0020,26.00,no
2026-10-05T05:29:19.378921Z,KXSOL15M-26OCT050130-30,0.0020,3.00,no
2026-10-05T05:29:19.378921Z,KXSOL15M-26OCT050130-30,0.0020,3.00,no
2026-10-05T05:29:20.127605Z,KXSOL15M-26OCT050130-30,0.0020,11.02,no
2026-10-05T05:29:20.584602Z,KXSOL15M-26OCT050130-30,0.0030,39.71,yes
2026-10-05T05:29:21.213361Z,KXSOL15M-26OCT050130-30,0.0020,2.00,no
2026-10-05T05:29:21.223583Z,KXSOL15M-26OCT050130-30,0.0020,2.00,no
2026-10-05T05:29:21.232716Z,KXSOL15M-26OCT050130-30,0.0020,2.00,no
2026-10-05T05:29:21.239758Z,KXSOL15M-26OCT050130-30,0.0020,2.00,no
2026-10-05T05:29:21.248427Z,KXSOL15M-26OCT050130-30,0.0020,2.00,no
2026-10-05T05:29:21.404646Z,KXSOL15M-26OCT050130-30,0.0030,1.71,yes
2026-10-05T05:29:21.404646Z,KXSOL15M-26OCT050130-30,0.0030,0.29,yes
2026-10-05T05:29:21.412215Z,KXSOL15M-26OCT050130-30,0.0020,2.00,no
2026-10-05T05:29:21.418766Z,KXSOL15M-26OCT050130-30,0.0020,2.00,no
2026-10-05T05:29:21.425215Z,KXSOL15M-26OCT050130-30,0.0020,2.00,no
2026-10-05T05:29:21.436264Z,KXSOL15M-26OCT050130-30,0.0020,2.00,no
2026-10-05T05:29:21.445138Z,KXSOL15M-26OCT050130-30,0.0020,2.00,no
2026-10-05T05:29:21.453659Z,KXSOL15M-26OCT050130-30,0.0020,2.00,no
2026-10-05T05:29:21.459475Z,KXSOL15M-26OCT050130-30,0.0020,2.00,no
2026-10-05T05:29:21.467802Z,KXSOL15M-26OCT050130-30,0.0020,2.00,no
2026-10-05T05:29:22.094883Z,KXSOL15M-26OCT050130-30,0.0020,20.00,no
2026-10-05T05:29:22.10322Z,KXSOL15M-26OCT050130-30,0.0020,12.00,no
2026-10-05T05:29:22.11018Z,KXSOL15M-26OCT050130-30,0.0020,7.00,no
2026-10-05T05:29:22.116362Z,KXSOL15M-26OCT050130-30,0.0020,5.00,no
2026-10-05T05:29:22.122704Z,KXSOL15M-26OCT050130-30,0.0020,5.00,no
2026-10-05T05:29:22.12812Z,KXSOL15M-26OCT050130-30,0.0020,2.00,no
2026-10-05T05:29:22.134489Z,KXSOL15M-26OCT050130-30,0.0020,2.00,no
2026-10-05T05:29:22.140628Z,KXSOL15M-26OCT050130-30,0.0020,2.00,no
2026-10-05T05:29:22.148568Z,KXSOL15M-26OCT050130-30,0.0020,2.00,no
2026-10-05T05:29:22.156054Z,KXSOL15M-26OCT050130-30,0.0020,2.00,no
2026-10-05T05:29:22.162519Z,KXSOL15M-26OCT050130-30,0.0020,2.00,no
2026-10-05T05:29:22.172721Z,KXSOL15M-26OCT050130-30,0.0020,2.00,no
2026-10-05T05:29:22.179618Z,KXSOL15M-26OCT050130-30,0.0020,2.00,no
2026-10-05T05:29:22.186531Z,KXSOL15M-26OCT050130-30,0.0020,2.00,no
2026-10-05T05:29:22.194722Z,KXSOL15M-26OCT050130-30,0.0020,2.00,no
2026-10-05T05:29:22.199912Z,KXSOL15M-26OCT050130-30,0.0020,2.00,no
2026-10-05T05:29:22.206478Z,KXSOL15M-26OCT050130-30,0.0020,2.00,no
2026-10-05T05:29:22.213395Z,KXSOL15M-26OCT050130-30,0.0020,2.00,no
2026-10-05T05:29:22.22203Z,KXSOL15M-26OCT050130-30,0.0020,2.00,no
2026-10-05T05:29:22.227322Z,KXSOL15M-26OCT050130-30,0.0020,2.00,no
2026-10-05T05:29:22.328443Z,KXSOL15M-26OCT050130-30,0.0020,3.00,no
2026-10-05T05:29:22.328443Z,KXSOL15M-26OCT050130-30,0.0020,10.00,no
2026-10-05T05:29:22.328443Z,KXSOL15M-26OCT050130-30,0.0020,460.74,no
2026-10-05T05:29:22.328443Z,KXSOL15M-26OCT050130-30,0.0010,26.26,no
2026-10-05T05:29:24.02687Z,KXSOL15M-26OCT050130-30,0.0010,11.01,no
2026-10-05T05:29:25.044156Z,KXSOL15M-26OCT050130-30,0.0010,19.00,no
2026-10-05T05:29:25.044156Z,KXSOL15M-26OCT050130-30,0.0010,38.00,no
2026-10-05T05:29:25.044156Z,KXSOL15M-26OCT050130-30,0.0010,9.27,no
2026-10-05T05:29:25.044156Z,KXSOL15M-26OCT050130-30,0.0010,3.00,no
2026-10-05T05:29:25.044156Z,KXSOL15M-26OCT050130-30,0.0010,1.00,no
2026-10-05T05:29:25.044156Z,KXSOL15M-26OCT050130-30,0.0010,462.73,no
2026-10-05T05:29:25.044156Z,KXSOL15M-26OCT050130-30,0.0010,75.00,no
2026-10-05T05:29:25.044156Z,KXSOL15M-26OCT050130-30,0.0010,200.00,no
2026-10-05T05:29:25.044156Z,KXSOL15M-26OCT050130-30,0.0010,1.00,no
2026-10-05T05:29:25.044156Z,KXSOL15M-26OCT050130-30,0.0010,40.00,no
2026-10-05T05:29:25.044156Z,KXSOL15M-26OCT050130-30,0.0010,1.00,no
2026-10-05T05:29:25.044156Z,KXSOL15M-26OCT050130-30,0.0010,350.00,no
2026-10-05T05:29:29.299146Z,KXSOL15M-26OCT050130-30,0.0010,9.00,yes
2026-10-05T05:29:30.647873Z,KXSOL15M-26OCT050130-30,0.0010,853.99,yes
2026-10-05T05:29:30.647873Z,KXSOL15M-26OCT050130-30,0.0010,62.00,yes
2026-10-05T05:29:33.802491Z,KXSOL15M-26OCT050130-30,0.0010,458.04,yes
2026-10-05T05:29:34.802921Z,KXSOL15M-26OCT050130-30,0.0010,512.92,yes
2026-10-05T05:29:35.583475Z,KXSOL15M-26OCT050130-30,0.0010,47.14,yes
2026-10-05T05:29:37.266974Z,KXSOL15M-26OCT050130-30,0.0010,5.14,yes
2026-10-05T05:29:38.740672Z,KXSOL15M-26OCT050130-30,0.0010,122.77,yes
2026-10-05T05:29:38.740672Z,KXSOL15M-26OCT050130-30,0.0010,638.22,yes
2026-10-05T05:29:38.740672Z,KXSOL15M-26OCT050130-30,0.0010,155.00,yes
2026-10-05T05:29:43.25617Z,KXSOL15M-26OCT050130-30,0.0010,915.99,yes
2026-10-05T05:29:44.601352Z,KXSOL15M-26OCT050130-30,0.0010,55.31,yes
2026-10-05T05:29:44.601352Z,KXSOL15M-26OCT050130-30,0.0010,779.89,yes
2026-10-05T05:29:44.601352Z,KXSOL15M-26OCT050130-30,0.0010,80.79,yes
2026-10-05T05:29:49.437932Z,KXSOL15M-26OCT050130-30,0.0010,1.00,yes
2026-10-05T05:29:49.816431Z,KXSOL15M-26OCT050130-30,0.0010,2.00,yes
2026-10-05T05:27:50.912722Z,KXDOGE15M-26OCT050130-30,0.0560,2.84,yes
2026-10-05T05:27:50.912722Z,KXDOGE15M-26OCT050130-30,0.0540,2.00,yes
2026-10-05T05:27:50.912722Z,KXDOGE15M-26OCT050130-30,0.0550,29.00,yes
2026-10-05T05:27:52.08859Z,KXDOGE15M-26OCT050130-30,0.0540,2.00,yes
2026-10-05T05:27:52.08859Z,KXDOGE15M-26OCT050130-30,0.0540,3.25,yes
2026-10-05T05:27:52.541774Z,KXDOGE15M-26OCT050130-30,0.0420,3.80,no
2026-10-05T05:27:53.06013Z,KXDOGE15M-26OCT050130-30,0.0400,13.00,no
2026-10-05T05:27:53.06013Z,KXDOGE15M-26OCT050130-30,0.0400,2.00,no
2026-10-05T05:27:53.97087Z,KXDOGE15M-26OCT050130-30,0.0410,1.12,no
2026-10-05T05:27:55.004272Z,KXDOGE15M-26OCT050130-30,0.0410,1.04,no
2026-10-05T05:27:55.076344Z,KXDOGE15M-26OCT050130-30,0.0410,26.00,no
2026-10-05T05:27:55.076344Z,KXDOGE15M-26OCT050130-30,0.0410,7.96,no
2026-10-05T05:27:55.076344Z,KXDOGE15M-26OCT050130-30,0.0370,10.00,no
2026-10-05T05:27:55.076344Z,KXDOGE15M-26OCT050130-30,0.0360,5.00,no
2026-10-05T05:27:55.076344Z,KXDOGE15M-26OCT050130-30,0.0400,34.66,no
2026-10-05T05:27:59.549782Z,KXDOGE15M-26OCT050130-30,0.0330,1.00,no
2026-10-05T05:28:00.004232Z,KXDOGE15M-26OCT050130-30,0.0310,0.04,no
2026-10-05T05:28:00.004232Z,KXDOGE15M-26OCT050130-30,0.0310,1.00,no
2026-10-05T05:28:00.078625Z,KXDOGE15M-26OCT050130-30,0.0300,4.00,no
2026-10-05T05:28:00.18006Z,KXDOGE15M-26OCT050130-30,0.0300,2.00,no
2026-10-05T05:28:00.18006Z,KXDOGE15M-26OCT050130-30,0.0290,0.34,no
2026-10-05T05:28:00.18006Z,KXDOGE15M-26OCT050130-30,0.0300,6.66,no
2026-10-05T05:28:00.273902Z,KXDOGE15M-26OCT050130-30,0.0280,10.00,no
2026-10-05T05:28:00.273902Z,KXDOGE15M-26OCT050130-30,0.0290,24.00,no
2026-10-05T05:28:00.273902Z,KXDOGE15M-26OCT050130-30,0.0290,4.66,no
2026-10-05T05:28:00.273902Z,KXDOGE15M-26OCT050130-30,0.0260,5.00,no
2026-10-05T05:28:00.273902Z,KXDOGE15M-26OCT050130-30,0.0270,5.00,no
2026-10-05T05:28:00.273902Z,KXDOGE15M-26OCT050130-30,0.0280,5.00,no
2026-10-05T05:28:00.273902Z,KXDOGE15M-26OCT050130-30,0.0240,1.34,no
2026-10-05T05:28:00.273902Z,KXDOGE15M-26OCT050130-30,0.0250,5.00,no
2026-10-05T05:28:00.385948Z,KXDOGE15M-26OCT050130-30,0.0300,2.00,no
2026-10-05T05:28:00.394882Z,KXDOGE15M-26OCT050130-30,0.0250,7.00,no
2026-10-05T05:28:00.394882Z,KXDOGE15M-26OCT050130-30,0.0300,8.00,no
2026-10-05T05:28:00.480527Z,KXDOGE15M-26OCT050130-30,0.0210,1.60,no
2026-10-05T05:28:00.480527Z,KXDOGE15M-26OCT050130-30,0.0220,27.00,no
2026-10-05T05:28:00.480527Z,KXDOGE15M-26OCT050130-30,0.0240,1.00,no
2026-10-05T05:28:00.480527Z,KXDOGE15M-26OCT050130-30,0.0210,5.00,no
2026-10-05T05:28:00.480527Z,KXDOGE15M-26OCT050130-30,0.0230,1.00,no
2026-10-05T05:28:00.480527Z,KXDOGE15M-26OCT050130-30,0.0220,5.00,no
2026-10-05T05:28:00.480527Z,KXDOGE15M-26OCT050130-30,0.0240,3.66,no
2026-10-05T05:28:00.480527Z,KXDOGE15M-26OCT050130-30,0.0230,5.00,no
2026-10-05T05:28:00.480527Z,KXDOGE15M-26OCT050130-30,0.0220,1.00,no
2026-10-05T05:28:00.480527Z,KXDOGE15M-26OCT050130-30,0.0210,1.00,no
2026-10-05T05:28:00.480527Z,KXDOGE15M-26OCT050130-30,0.0210,27.00,no
2026-10-05T05:28:00.664369Z,KXDOGE15M-26OCT050130-30,0.0220,1.13,no
2026-10-05T05:28:01.002176Z,KXDOGE15M-26OCT050130-30,0.0260,0.34,yes
2026-10-05T05:28:01.002176Z,KXDOGE15M-26OCT050130-30,0.0260,3.66,yes
2026-10-05T05:28:01.11683Z,KXDOGE15M-26OCT050130-30,0.0240,4.66,yes
2026-10-05T05:28:01.11683Z,KXDOGE15M-26OCT050130-30,0.0240,5.00,yes
2026-10-05T05:28:01.11683Z,KXDOGE15M-26OCT050130-30,0.0240,4.34,yes
2026-10-05T05:28:01.181538Z,KXDOGE15M-26OCT050130-30,0.0170,3.00,no
2026-10-05T05:28:01.181538Z,KXDOGE15M-26OCT050130-30,0.0170,19.78,no
2026-10-05T05:28:01.181538Z,KXDOGE15M-26OCT050130-30,0.0210,8.40,no
2026-10-05T05:28:01.181538Z,KXDOGE15M-26OCT050130-30,0.0180,3.00,no
2026-10-05T05:28:01.181538Z,KXDOGE15M-26OCT050130-30,0.0220,38.87,no
2026-10-05T05:28:01.181538Z,KXDOGE15M-26OCT050130-30,0.0200,1.00,no
2026-10-05T05:28:01.181538Z,KXDOGE15M-26OCT050130-30,0.0200,0.95,no
2026-10-05T05:28:01.181538Z,KXDOGE15M-26OCT050130-30,0.0200,10.00,no
2026-10-05T05:28:01.181538Z,KXDOGE15M-26OCT050130-30,0.0170,5.00,no
2026-10-05T05:28:01.181538Z,KXDOGE15M-26OCT050130-30,0.0180,5.00,no
2026-10-05T05:28:01.181538Z,KXDOGE15M-26OCT050130-30,0.0180,1.00,no
2026-10-05T05:28:01.181538Z,KXDOGE15M-26OCT050130-30,0.0190,1.00,no
2026-10-05T05:28:01.181538Z,KXDOGE15M-26OCT050130-30,0.0200,1.00,no
2026-10-05T05:28:01.181538Z,KXDOGE15M-26OCT050130-30,0.0170,1.00,no
2026-10-05T05:28:01.181538Z,KXDOGE15M-26OCT050130-30,0.0200,5.00,no
2026-10-05T05:28:01.181538Z,KXDOGE15M-26OCT050130-30,0.0190,5.00,no
2026-10-05T05:28:01.181538Z,KXDOGE15M-26OCT050130-30,0.0200,1.00,no
2026-10-05T05:28:01.684774Z,KXDOGE15M-26OCT050130-30,0.0210,5.00,yes
2026-10-05T05:28:03.079447Z,KXDOGE15M-26OCT050130-30,0.0170,10.00,no
2026-10-05T05:28:04.46804Z,KXDOGE15M-26OCT050130-30,0.0190,9.00,yes
2026-10-05T05:28:04.46804Z,KXDOGE15M-26OCT050130-30,0.0200,36.00,yes
2026-10-05T05:28:04.46804Z,KXDOGE15M-26OCT050130-30,0.0190,5.00,yes
2026-10-05T05:28:04.46804Z,KXDOGE15M-26OCT050130-30,0.0200,5.00,yes
2026-10-05T05:28:04.46804Z,KXDOGE15M-26OCT050130-30,0.0190,5.00,yes
2026-10-05T05:28:04.46804Z,KXDOGE15M-26OCT050130-30,0.0200,1.00,yes
2026-10-05T05:28:04.482636Z,KXDOGE15M-26OCT050130-30,0.0210,27.00,yes
2026-10-05T05:28:04.482738Z,KXDOGE15M-26OCT050130-30,0.0210,2.00,yes
2026-10-05T05:28:04.482738Z,KXDOGE15M-26OCT050130-30,0.0210,18.00,yes
2026-10-05T05:28:04.484112Z,KXDOGE15M-26OCT050130-30,0.0220,0.66,yes
2026-10-05T05:28:04.484112Z,KXDOGE15M-26OCT050130-30,0.0220,39.00,yes
2026-10-05T05:28:04.491371Z,KXDOGE15M-26OCT050130-30,0.0230,44.00,yes
2026-10-05T05:28:04.897536Z,KXDOGE15M-26OCT050130-30,0.0210,7.00,no
2026-10-05T05:28:06.037239Z,KXDOGE15M-26OCT050130-30,0.0170,5.48,no
2026-10-05T05:28:06.037239Z,KXDOGE15M-26OCT050130-30,0.0180,25.00,no
2026-10-05T05:28:06.406998Z,KXDOGE15M-26OCT050130-30,0.0250,1.34,yes
2026-10-05T05:28:06.406998Z,KXDOGE15M-26OCT050130-30,0.0250,2.72,yes
2026-10-05T05:28:06.406998Z,KXDOGE15M-26OCT050130-30,0.0240,1.00,yes
2026-10-05T05:28:06.406998Z,KXDOGE15M-26OCT050130-30,0.0240,2.00,yes
2026-10-05T05:28:07.384597Z,KXDOGE15M-26OCT050130-30,0.0240,2.00,yes
2026-10-05T05:28:07.384597Z,KXDOGE15M-26OCT050130-30,0.0260,5.00,yes
2026-10-05T05:28:07.384597Z,KXDOGE15M-26OCT050130-30,0.0290,32.00,yes
2026-10-05T05:28:07.384597Z,KXDOGE15M-26OCT050130-30,0.0300,99.25,yes
2026-10-05T05:28:07.384597Z,KXDOGE15M-26OCT050130-30,0.0250,0.28,yes
2026-10-05T05:28:07.384597Z,KXDOGE15M-26OCT050130-30,0.0270,5.00,yes
2026-10-05T05:28:07.384597Z,KXDOGE15M-26OCT050130-30,0.0300,0.34,yes
2026-10-05T05:28:07.384597Z,KXDOGE15M-26OCT050130-30,0.0290,5.00,yes
2026-10-05T05:28:07.384597Z,KXDOGE15M-26OCT050130-30,0.0300,4.66,yes
2026-10-05T05:28:07.384597Z,KXDOGE15M-26OCT050130-30,0.0280,5.00,yes
2026-10-05T05:28:08.449055Z,KXDOGE15M-26OCT050130-30,0.0300,17.92,yes
2026-10-05T05:28:08.449055Z,KXDOGE15M-26OCT050130-30,0.0300,0.75,yes
2026-10-05T05:28:08.449055Z,KXDOGE15M-26OCT050130-30,0.0280,1.00,yes
2026-10-05T05:28:08.449055Z,KXDOGE15M-26OCT050130-30,0.0280,6.00,yes
2026-10-05T05:28:08.449055Z,KXDOGE15M-26OCT050130-30,0.0290,6.00,yes
2026-10-05T05:28:08.7702Z,KXDOGE15M-26OCT050130-30,0.0200,2.00,yes
2026-10-05T05:28:09.695218Z,KXDOGE15M-26OCT050130-30,0.0200,0.09,yes
2026-10-05T05:28:09.695218Z,KXDOGE15M-26OCT050130-30,0.0200,2.91,yes
2026-10-05T05:28:12.649261Z,KXDOGE15M-26OCT050130-30,0.0170,12.00,no
2026-10-05T05:28:12.649365Z,KXDOGE15M-26OCT050130-30,0.0170,10.00,no
2026-10-05T05:28:12.649365Z,KXDOGE15M-26OCT050130-30,0.0170,6.00,no
2026-10-05T05:28:12.649365Z,KXDOGE15M-26OCT050130-30,0.0160,3.00,no
2026-10-05T05:28:12.649365Z,KXDOGE15M-26OCT050130-30,0.0160,1.00,no
2026-10-05T05:28:12.84066Z,KXDOGE15M-26OCT050130-30,0.0160,0.57,no
2026-10-05T05:28:13.49444Z,KXDOGE15M-26OCT050130-30,0.0160,8.57,no
2026-10-05T05:28:13.49444Z,KXDOGE15M-26OCT050130-30,0.0160,1.43,no
2026-10-05T05:28:13.495934Z,KXDOGE15M-26OCT050130-30,0.0160,10.00,no
2026-10-05T05:28:14.672606Z,KXDOGE15M-26OCT050130-30,0.0170,3.00,yes
2026-10-05T05:28:14.672606Z,KXDOGE15M-26OCT050130-30,0.0170,0.57,yes
2026-10-05T05:28:14.672606Z,KXDOGE15M-26OCT050130-30,0.0170,1.43,yes
2026-10-05T05:28:14.672606Z,KXDOGE15M-26OCT050130-30,0.0170,3.00,yes
2026-10-05T05:28:15.250153Z,KXDOGE15M-26OCT050130-30,0.0200,0.09,yes
2026-10-05T05:28:15.250153Z,KXDOGE15M-26OCT050130-30,0.0300,8.73,yes
2026-10-05T05:28:15.250153Z,KXDOGE15M-26OCT050130-30,0.0250,100.00,yes
2026-10-05T05:28:15.250153Z,KXDOGE15M-26OCT050130-30,0.0240,1.00,yes
2026-10-05T05:28:15.374653Z,KXDOGE15M-26OCT050130-30,0.0300,19.80,yes
2026-10-05T05:28:16.909381Z,KXDOGE15M-26OCT050130-30,0.0310,37.50,yes
2026-10-05T05:28:16.909381Z,KXDOGE15M-26OCT050130-30,0.0310,4.00,yes
2026-10-05T05:28:16.909381Z,KXDOGE15M-26OCT050130-30,0.0310,2.50,yes
2026-10-05T05:28:19.946658Z,KXDOGE15M-26OCT050130-30,0.0300,1.00,no
2026-10-05T05:28:20.396672Z,KXDOGE15M-26OCT050130-30,0.0310,1.00,yes
2026-10-05T05:28:20.396672Z,KXDOGE15M-26OCT050130-30,0.0310,0.50,yes
2026-10-05T05:28:22.268034Z,KXDOGE15M-26OCT050130-30,0.0230,6.00,no
2026-10-05T05:28:22.268034Z,KXDOGE15M-26OCT050130-30,0.0230,3.00,no
2026-10-05T05:28:22.352723Z,KXDOGE15M-26OCT050130-30,0.0230,4.00,no
2026-10-05T05:28:23.331977Z,KXDOGE15M-26OCT050130-30,0.0380,20.67,yes
2026-10-05T05:28:25.729172Z,KXDOGE15M-26OCT050130-30,0.0200,1.00,no
2026-10-05T05:28:26.302213Z,KXDOGE15M-26OCT050130-30,0.0150,5.00,no
2026-10-05T05:28:26.334055Z,KXDOGE15M-26OCT050130-30,0.0140,0.01,no
2026-10-05T05:28:26.334055Z,KXDOGE15M-26OCT050130-30,0.0140,1.00,no
2026-10-05T05:28:26.582862Z,KXDOGE15M-26OCT050130-30,0.0250,3.30,yes
2026-10-05T05:28:27.068171Z,KXDOGE15M-26OCT050130-30,0.0140,1.00,no
2026-10-05T05:28:27.17488Z,KXDOGE15M-26OCT050130-30,0.0140,0.01,no
2026-10-05T05:28:27.17488Z,KXDOGE15M-26OCT050130-30,0.0140,3.99,no
2026-10-05T05:28:27.278038Z,KXDOGE15M-26OCT050130-30,0.0140,7.00,no
2026-10-05T05:28:29.239219Z,KXDOGE15M-26OCT050130-30,0.0130,0.80,no
2026-10-05T05:28:30.243148Z,KXDOGE15M-26OCT050130-30,0.0150,0.62,yes
2026-10-05T05:28:30.527137Z,KXDOGE15M-26OCT050130-30,0.0130,3.00,no
2026-10-05T05:28:30.752023Z,KXDOGE15M-26OCT050130-30,0.0130,4.00,no
2026-10-05T05:28:30.931523Z,KXDOGE15M-26OCT050130-30,0.0130,5.00,no
2026-10-05T05:28:31.100433Z,KXDOGE15M-26OCT050130-30,0.0130,1.00,no
2026-10-05T05:28:31.439577Z,KXDOGE15M-26OCT050130-30,0.0130,7.00,no
2026-10-05T05:28:31.796961Z,KXDOGE15M-26OCT050130-30,0.0130,70.21,no
2026-10-05T05:28:32.282844Z,KXDOGE15M-26OCT050130-30,0.0130,3.00,no
2026-10-05T05:28:32.361304Z,KXDOGE15M-26OCT050130-30,0.0130,4.00,no
2026-10-05T05:28:32.469377Z,KXDOGE15M-26OCT050130-30,0.0130,7.00,no
2026-10-05T05:28:32.704432Z,KXDOGE15M-26OCT050130-30,0.0130,8.00,no
2026-10-05T05:28:32.816663Z,KXDOGE15M-26OCT050130-30,0.0130,2.00,no
2026-10-05T05:28:32.851015Z,KXDOGE15M-26OCT050130-30,0.0130,4.00,no
2026-10-05T05:28:32.868258Z,KXDOGE15M-26OCT050130-30,0.0150,0.38,yes
2026-10-05T05:28:32.868258Z,KXDOGE15M-26OCT050130-30,0.0150,0.01,yes
2026-10-05T05:28:32.868258Z,KXDOGE15M-26OCT050130-30,0.0160,1.70,yes
2026-10-05T05:28:32.868258Z,KXDOGE15M-26OCT050130-30,0.0150,3.99,yes
2026-10-05T05:28:32.868258Z,KXDOGE15M-26OCT050130-30,0.0190,7.00,yes
2026-10-05T05:28:32.868258Z,KXDOGE15M-26OCT050130-30,0.0190,21.06,yes
2026-10-05T05:28:32.868258Z,KXDOGE15M-26OCT050130-30,0.0190,1.00,yes
2026-10-05T05:28:32.868258Z,KXDOGE15M-26OCT050130-30,0.0190,4.00,yes
2026-10-05T05:28:32.868258Z,KXDOGE15M-26OCT050130-30,0.0190,3.00,yes
2026-10-05T05:28:32.868258Z,KXDOGE15M-26OCT050130-30,0.0190,5.00,yes
2026-10-05T05:28:32.868258Z,KXDOGE15M-26OCT050130-30,0.0150,3.00,yes
2026-10-05T05:28:32.868258Z,KXDOGE15M-26OCT050130-30,0.0190,0.80,yes
2026-10-05T05:28:33.439928Z,KXDOGE15M-26OCT050130-30,0.0130,19.00,no
2026-10-05T05:28:33.448306Z,KXDOGE15M-26OCT050130-30,0.0130,2.00,no
2026-10-05T05:28:33.457599Z,KXDOGE15M-26OCT050130-30,0.0130,1.00,no
2026-10-05T05:28:33.691984Z,KXDOGE15M-26OCT050130-30,0.0190,49.15,yes
2026-10-05T05:28:33.691984Z,KXDOGE15M-26OCT050130-30,0.0190,3.00,yes
2026-10-05T05:28:33.691984Z,KXDOGE15M-26OCT050130-30,0.0190,4.00,yes
2026-10-05T05:28:33.691984Z,KXDOGE15M-26OCT050130-30,0.0190,7.00,yes
2026-10-05T05:28:33.691984Z,KXDOGE15M-26OCT050130-30,0.0190,8.00,yes
2026-10-05T05:28:33.691984Z,KXDOGE15M-26OCT050130-30,0.0190,4.00,yes
2026-10-05T05:28:33.691984Z,KXDOGE15M-26OCT050130-30,0.0190,2.00,yes
2026-10-05T05:28:33.691984Z,KXDOGE15M-26OCT050130-30,0.0180,4.00,yes
2026-10-05T05:28:33.691984Z,KXDOGE15M-26OCT050130-30,0.0190,10.87,yes
2026-10-05T05:28:33.963721Z,KXDOGE15M-26OCT050130-30,0.0130,1.00,no
2026-10-05T05:28:34.598685Z,KXDOGE15M-26OCT050130-30,0.0130,9.00,no
2026-10-05T05:28:34.847667Z,KXDOGE15M-26OCT050130-30,0.0130,2.00,no
2026-10-05T05:28:35.014213Z,KXDOGE15M-26OCT050130-30,0.0130,4.00,no
2026-10-05T05:28:35.014213Z,KXDOGE15M-26OCT050130-30,0.0130,3.00,no
2026-10-05T05:28:35.014213Z,KXDOGE15M-26OCT050130-30,0.0130,0.80,no
2026-10-05T05:28:35.014213Z,KXDOGE15M-26OCT050130-30,0.0130,1.00,no
2026-10-05T05:28:35.014213Z,KXDOGE15M-26OCT050130-30,0.0130,7.00,no
2026-10-05T05:28:35.014213Z,KXDOGE15M-26OCT050130-30,0.0130,6.21,no
2026-10-05T05:28:35.014213Z,KXDOGE15M-26OCT050130-30,0.0130,5.00,no
2026-10-05T05:28:35.014213Z,KXDOGE15M-26OCT050130-30,0.0130,5.00,no
2026-10-05T05:28:35.014213Z,KXDOGE15M-26OCT050130-30,0.0130,6.99,no
2026-10-05T05:28:35.105869Z,KXDOGE15M-26OCT050130-30,0.0130,5.00,no
2026-10-05T05:28:35.321296Z,KXDOGE15M-26OCT050130-30,0.0130,3.00,no
2026-10-05T05:28:35.448498Z,KXDOGE15M-26OCT050130-30,0.0130,1.00,no
2026-10-05T05:28:35.550853Z,KXDOGE15M-26OCT050130-30,0.0130,3.00,no
2026-10-05T05:28:35.625934Z,KXDOGE15M-26OCT050130-30,0.0130,1.00,no
2026-10-05T05:28:36.233885Z,KXDOGE15M-26OCT050130-30,0.0140,15.00,yes
2026-10-05T05:28:36.233885Z,KXDOGE15M-26OCT050130-30,0.0140,5.00,yes
2026-10-05T05:28:36.233885Z,KXDOGE15M-26OCT050130-30,0.0140,6.00,yes
2026-10-05T05:28:36.233885Z,KXDOGE15M-26OCT050130-30,0.0140,3.00,yes
2026-10-05T05:28:36.510554Z,KXDOGE15M-26OCT050130-30,0.0140,41.00,no
2026-10-05T05:28:36.510554Z,KXDOGE15M-26OCT050130-30,0.0140,22.00,no
2026-10-05T05:28:36.510554Z,KXDOGE15M-26OCT050130-30,0.0130,10.87,no
2026-10-05T05:28:36.510554Z,KXDOGE15M-26OCT050130-30,0.0130,4.00,no
2026-10-05T05:28:36.510554Z,KXDOGE15M-26OCT050130-30,0.0130,2.00,no
2026-10-05T05:28:36.510554Z,KXDOGE15M-26OCT050130-30,0.0130,49.15,no
2026-10-05T05:28:36.510554Z,KXDOGE15M-26OCT050130-30,0.0130,4.00,no
2026-10-05T05:28:36.510554Z,KXDOGE15M-26OCT050130-30,0.0130,1.85,no
2026-10-05T05:28:36.510554Z,KXDOGE15M-26OCT050130-30,0.0130,7.00,no
2026-10-05T05:28:36.510554Z,KXDOGE15M-26OCT050130-30,0.0130,8.00,no
2026-10-05T05:28:36.510554Z,KXDOGE15M-26OCT050130-30,0.0130,3.00,no
2026-10-05T05:28:36.510554Z,KXDOGE15M-26OCT050130-30,0.0110,8.00,no
2026-10-05T05:28:36.510554Z,KXDOGE15M-26OCT050130-30,0.0120,5.00,no
2026-10-05T05:28:36.557219Z,KXDOGE15M-26OCT050130-30,0.0110,40.00,no
2026-10-05T05:28:36.572071Z,KXDOGE15M-26OCT050130-30,0.0110,20.00,no
2026-10-05T05:28:36.572071Z,KXDOGE15M-26OCT050130-30,0.0110,3.00,no
2026-10-05T05:28:36.572071Z,KXDOGE15M-26OCT050130-30,0.0110,13.00,no
2026-10-05T05:28:36.572071Z,KXDOGE15M-26OCT050130-30,0.0110,5.00,no
2026-10-05T05:28:36.938894Z,KXDOGE15M-26OCT050130-30,0.0110,1.00,no
2026-10-05T05:28:37.106088Z,KXDOGE15M-26OCT050130-30,0.0110,1.00,no
2026-10-05T05:28:37.106088Z,KXDOGE15M-26OCT050130-30,0.0110,6.00,no
2026-10-05T05:28:37.106088Z,KXDOGE15M-26OCT050130-30,0.0110,9.37,no
2026-10-05T05:28:37.114055Z,KXDOGE15M-26OCT050130-30,0.0110,14.14,no
2026-10-05T05:28:37.450094Z,KXDOGE15M-26OCT050130-30,0.0100,20.00,no
2026-10-05T05:28:37.450094Z,KXDOGE15M-26OCT050130-30,0.0110,1.00,no
2026-10-05T05:28:37.450094Z,KXDOGE15M-26OCT050130-30,0.0100,25.00,no
2026-10-05T05:28:37.450094Z,KXDOGE15M-26OCT050130-30,0.0110,2.00,no
2026-10-05T05:28:37.450094Z,KXDOGE15M-26OCT050130-30,0.0110,76.49,no
2026-10-05T05:28:37.450094Z,KXDOGE15M-26OCT050130-30,0.0110,2.00,no
2026-10-05T05:28:37.450094Z,KXDOGE15M-26OCT050130-30,0.0100,100.00,no
2026-10-05T05:28:37.450094Z,KXDOGE15M-26OCT050130-30,0.0100,5.00,no
2026-10-05T05:28:37.893787Z,KXDOGE15M-26OCT050130-30,0.0090,5.00,no
2026-10-05T05:28:37.893787Z,KXDOGE15M-26OCT050130-30,0.0080,5.00,no
2026-10-05T05:28:37.893787Z,KXDOGE15M-26OCT050130-30,0.0060,5.00,no
2026-10-05T05:28:37.893787Z,KXDOGE15M-26OCT050130-30,0.0070,5.00,no
2026-10-05T05:28:38.187932Z,KXDOGE15M-26OCT050130-30,0.0040,27.00,no
2026-10-05T05:28:38.187932Z,KXDOGE15M-26OCT050130-30,0.0040,1.00,no
2026-10-05T05:28:38.187932Z,KXDOGE15M-26OCT050130-30,0.0030,2.00,no
2026-10-05T05:28:38.187932Z,KXDOGE15M-26OCT050130-30,0.0040,1.00,no
2026-10-05T05:28:38.187932Z,KXDOGE15M-26OCT050130-30,0.0030,2.00,no
2026-10-05T05:28:38.187932Z,KXDOGE15M-26OCT050130-30,0.0040,1.00,no
2026-10-05T05:28:38.187932Z,KXDOGE15M-26OCT050130-30,0.0030,2.00,no
2026-10-05T05:28:38.187932Z,KXDOGE15M-26OCT050130-30,0.0040,1.00,no
2026-10-05T05:28:38.187932Z,KXDOGE15M-26OCT050130-30,0.0050,11.00,no
2026-10-05T05:28:38.187932Z,KXDOGE15M-26OCT050130-30,0.0030,2.00,no
2026-10-05T05:28:38.187932Z,KXDOGE15M-26OCT050130-30,0.0040,1.00,no
2026-10-05T05:28:38.187932Z,KXDOGE15M-26OCT050130-30,0.0030,2.00,no
2026-10-05T05:28:38.187932Z,KXDOGE15M-26OCT050130-30,0.0040,13.00,no
2026-10-05T05:28:38.187932Z,KXDOGE15M-26OCT050130-30,0.0030,18.00,no
2026-10-05T05:28:38.187932Z,KXDOGE15M-26OCT050130-30,0.0040,5.00,no
2026-10-05T05:28:38.187932Z,KXDOGE15M-26OCT050130-30,0.0050,5.00,no
2026-10-05T05:28:38.187932Z,KXDOGE15M-26OCT050130-30,0.0030,5.00,no
2026-10-05T05:28:38.187932Z,KXDOGE15M-26OCT050130-30,0.0030,100.00,no
2026-10-05T05:28:38.187932Z,KXDOGE15M-26OCT050130-30,0.0030,1.00,no
2026-10-05T05:28:38.187932Z,KXDOGE15M-26OCT050130-30,0.0020,241.48,no
2026-10-05T05:28:38.187932Z,KXDOGE15M-26OCT050130-30,0.0020,100.00,no
2026-10-05T05:28:38.187932Z,KXDOGE15M-26OCT050130-30,0.0020,400.00,no
2026-10-05T05:28:38.187932Z,KXDOGE15M-26OCT050130-30,0.0050,1.00,no
2026-10-05T05:28:38.187932Z,KXDOGE15M-26OCT050130-30,0.0030,250.00,no
2026-10-05T05:28:39.665057Z,KXDOGE15M-26OCT050130-30,0.0050,233.27,yes
2026-10-05T05:28:43.085767Z,KXDOGE15M-26OCT050130-30,0.0030,5.00,yes
2026-10-05T05:28:44.941528Z,KXDOGE15M-26OCT050130-30,0.0030,5.26,yes
2026-10-05T05:28:44.941528Z,KXDOGE15M-26OCT050130-30,0.0030,3.00,yes
2026-10-05T05:28:47.987606Z,KXDOGE15M-26OCT050130-30,0.0030,1.00,yes
2026-10-05T05:28:49.148471Z,KXDOGE15M-26OCT050130-30,0.0030,9.95,yes
2026-10-05T05:28:49.148471Z,KXDOGE15M-26OCT050130-30,0.0030,8.74,yes
2026-10-05T05:28:51.00007Z,KXDOGE15M-26OCT050130-30,0.0030,3.00,yes
2026-10-05T05:28:51.00007Z,KXDOGE15M-26OCT050130-30,0.0030,15.00,yes
2026-10-05T05:28:51.00007Z,KXDOGE15M-26OCT050130-30,0.0030,3.00,yes
2026-10-05T05:28:51.00007Z,KXDOGE15M-26OCT050130-30,0.0030,15.05,yes
2026-10-05T05:28:51.00007Z,KXDOGE15M-26OCT050130-30,0.0050,6.35,yes
2026-10-05T05:28:51.00007Z,KXDOGE15M-26OCT050130-30,0.0030,250.00,yes
2026-10-05T05:28:51.00007Z,KXDOGE15M-26OCT050130-30,0.0040,3.00,yes
2026-10-05T05:28:51.00007Z,KXDOGE15M-26OCT050130-30,0.0040,5.00,yes
2026-10-05T05:28:52.578417Z,KXDOGE15M-26OCT050130-30,0.0030,3.06,yes
2026-10-05T05:28:52.585294Z,KXDOGE15M-26OCT050130-30,0.0030,3.06,yes
2026-10-05T05:28:55.066175Z,KXDOGE15M-26OCT050130-30,0.0020,5.00,no
2026-10-05T05:28:55.555672Z,KXDOGE15M-26OCT050130-30,0.0020,2.00,no
2026-10-05T05:28:55.971076Z,KXDOGE15M-26OCT050130-30,0.0020,2.00,no
2026-10-05T05:28:55.979157Z,KXDOGE15M-26OCT050130-30,0.0020,2.00,no
2026-10-05T05:28:55.984576Z,KXDOGE15M-26OCT050130-30,0.0020,2.00,no
2026-10-05T05:28:56.501407Z,KXDOGE15M-26OCT050130-30,0.0020,2.00,no
2026-10-05T05:28:56.70706Z,KXDOGE15M-26OCT050130-30,0.0020,2.00,no
2026-10-05T05:28:56.714002Z,KXDOGE15M-26OCT050130-30,0.0020,2.00,no
2026-10-05T05:28:56.912091Z,KXDOGE15M-26OCT050130-30,0.0020,27.00,no
2026-10-05T05:28:56.918779Z,KXDOGE15M-26OCT050130-30,0.0020,7.00,no
2026-10-05T05:28:56.92533Z,KXDOGE15M-26OCT050130-30,0.0020,2.00,no
2026-10-05T05:28:56.930732Z,KXDOGE15M-26OCT050130-30,0.0020,2.00,no
2026-10-05T05:28:56.938075Z,KXDOGE15M-26OCT050130-30,0.0020,2.00,no
2026-10-05T05:28:56.94403Z,KXDOGE15M-26OCT050130-30,0.0020,2.00,no
2026-10-05T05:28:56.950274Z,KXDOGE15M-26OCT050130-30,0.0020,2.00,no
2026-10-05T05:28:57.250413Z,KXDOGE15M-26OCT050130-30,0.0020,2.00,no
2026-10-05T05:28:57.257498Z,KXDOGE15M-26OCT050130-30,0.0020,2.00,no
2026-10-05T05:28:57.263285Z,KXDOGE15M-26OCT050130-30,0.0020,2.00,no
2026-10-05T05:28:57.27051Z,KXDOGE15M-26OCT050130-30,0.0020,2.00,no
2026-10-05T05:28:57.698955Z,KXDOGE15M-26OCT050130-30,0.0030,1.00,yes
2026-10-05T05:28:58.117677Z,KXDOGE15M-26OCT050130-30,0.0020,590.00,no
2026-10-05T05:28:58.130936Z,KXDOGE15M-26OCT050130-30,0.0020,254.00,no
2026-10-05T05:28:58.193371Z,KXDOGE15M-26OCT050130-30,0.0020,5.00,no
2026-10-05T05:28:58.200598Z,KXDOGE15M-26OCT050130-30,0.0020,2.00,no
2026-10-05T05:28:58.206558Z,KXDOGE15M-26OCT050130-30,0.0020,2.00,no
2026-10-05T05:28:58.62112Z,KXDOGE15M-26OCT050130-30,0.0020,10.00,no
2026-10-05T05:28:58.627382Z,KXDOGE15M-26OCT050130-30,0.0020,5.00,no
2026-10-05T05:28:58.634612Z,KXDOGE15M-26OCT050130-30,0.0020,2.00,no
2026-10-05T05:28:58.640498Z,KXDOGE15M-26OCT050130-30,0.0020,2.00,no
2026-10-05T05:28:58.646616Z,KXDOGE15M-26OCT050130-30,0.0020,2.00,no
2026-10-05T05:28:58.653326Z,KXDOGE15M-26OCT050130-30,0.0020,2.00,no
2026-10-05T05:28:59.321753Z,KXDOGE15M-26OCT050130-30,0.0030,3.00,yes
2026-10-05T05:28:59.321753Z,KXDOGE15M-26OCT050130-30,0.0030,26.00,yes
2026-10-05T05:28:59.321753Z,KXDOGE15M-26OCT050130-30,0.0040,82.00,yes
2026-10-05T05:28:59.321753Z,KXDOGE15M-26OCT050130-30,0.0030,3.00,yes
2026-10-05T05:28:59.321753Z,KXDOGE15M-26OCT050130-30,0.0030,28.00,yes
2026-10-05T05:28:59.321753Z,KXDOGE15M-26OCT050130-30,0.0050,1.86,yes
2026-10-05T05:28:59.321753Z,KXDOGE15M-26OCT050130-30,0.0050,5.00,yes
2026-10-05T05:28:59.321753Z,KXDOGE15M-26OCT050130-30,0.0050,60.73,yes
2026-10-05T05:28:59.748015Z,KXDOGE15M-26OCT050130-30,0.0020,200.00,no
2026-10-05T05:28:59.851778Z,KXDOGE15M-26OCT050130-30,0.0020,36.00,no
2026-10-05T05:29:01.032057Z,KXDOGE15M-26OCT050130-30,0.0020,575.52,no
2026-10-05T05:29:01.032057Z,KXDOGE15M-26OCT050130-30,0.0020,5.00,no
2026-10-05T05:29:01.032057Z,KXDOGE15M-26OCT050130-30,0.0020,9.48,no
2026-10-05T05:29:02.326834Z,KXDOGE15M-26OCT050130-30,0.0020,8.61,no
2026-10-05T05:29:02.326834Z,KXDOGE15M-26OCT050130-30,0.0020,1.00,no
2026-10-05T05:29:02.326834Z,KXDOGE15M-26OCT050130-30,0.0020,3.00,no
2026-10-05T05:29:02.326834Z,KXDOGE15M-26OCT050130-30,0.0020,3.00,no
2026-10-05T05:29:02.326834Z,KXDOGE15M-26OCT050130-30,0.0020,3.00,no
2026-10-05T05:29:02.326834Z,KXDOGE15M-26OCT050130-30,0.0020,3.00,no
2026-10-05T05:29:02.326834Z,KXDOGE15M-26OCT050130-30,0.0020,3.00,no
2026-10-05T05:29:02.326834Z,KXDOGE15M-26OCT050130-30,0.0020,16.52,no
2026-10-05T05:29:05.439253Z,KXDOGE15M-26OCT050130-30,0.0020,44.00,yes
2026-10-05T05:29:06.022434Z,KXDOGE15M-26OCT050130-30,0.0010,12.00,no
2026-10-05T05:29:06.718176Z,KXDOGE15M-26OCT050130-30,0.0020,19.00,yes
2026-10-05T05:29:06.718176Z,KXDOGE15M-26OCT050130-30,0.0020,12.00,yes
2026-10-05T05:29:06.743999Z,KXDOGE15M-26OCT050130-30,0.0010,2.00,no
2026-10-05T05:29:07.159361Z,KXDOGE15M-26OCT050130-30,0.0010,147.00,no
2026-10-05T05:29:07.989005Z,KXDOGE15M-26OCT050130-30,0.0020,3.62,yes
2026-10-05T05:29:07.989005Z,KXDOGE15M-26OCT050130-30,0.0020,2.00,yes
2026-10-05T05:29:07.989005Z,KXDOGE15M-26OCT050130-30,0.0020,3.00,yes
2026-10-05T05:29:10.461743Z,KXDOGE15M-26OCT050130-30,0.0020,105.08,yes
2026-10-05T05:29:16.534781Z,KXDOGE15M-26OCT050130-30,0.0010,60.73,no
2026-10-05T05:29:16.534781Z,KXDOGE15M-26OCT050130-30,0.0010,209.00,no
2026-10-05T05:29:16.534781Z,KXDOGE15M-26OCT050130-30,0.0010,12.00,no
2026-10-05T05:29:16.534781Z,KXDOGE15M-26OCT050130-30,0.0010,2.00,no
2026-10-05T05:29:16.534781Z,KXDOGE15M-26OCT050130-30,0.0010,3.62,no
2026-10-05T05:29:16.534781Z,KXDOGE15M-26OCT050130-30,0.0010,105.08,no
2026-10-05T05:29:16.534781Z,KXDOGE15M-26OCT050130-30,0.0010,10.00,no
2026-10-05T05:29:16.534781Z,KXDOGE15M-26OCT050130-30,0.0010,200.00,no
2026-10-05T05:29:16.534781Z,KXDOGE15M-26OCT050130-30,0.0010,1.00,no
2026-10-05T05:29:16.534781Z,KXDOGE15M-26OCT050130-30,0.0010,5.00,no
2026-10-05T05:29:16.534781Z,KXDOGE15M-26OCT050130-30,0.0010,350.00,no
2026-10-05T05:29:16.534781Z,KXDOGE15M-26OCT050130-30,0.0010,339.00,no
2026-10-05T05:29:16.534781Z,KXDOGE15M-26OCT050130-30,0.0010,1.00,no
2026-10-05T05:29:16.534781Z,KXDOGE15M-26OCT050130-30,0.0010,1.00,no
2026-10-05T05:29:21.176968Z,KXDOGE15M-26OCT050130-30,0.0010,90.00,yes
2026-10-05T05:29:21.764313Z,KXDOGE15M-26OCT050130-30,0.0010,2.00,yes
2026-10-05T05:29:28.167714Z,KXDOGE15M-26OCT050130-30,0.0010,243.57,yes
2026-10-05T05:29:28.167714Z,KXDOGE15M-26OCT050130-30,0.0010,3.00,yes
2026-10-05T05:29:28.167714Z,KXDOGE15M-26OCT050130-30,0.0010,71.00,yes
2026-10-05T05:29:28.167714Z,KXDOGE15M-26OCT050130-30,0.0010,3.00,yes
2026-10-05T05:29:28.167714Z,KXDOGE15M-26OCT050130-30,0.0010,595.42,yes
2026-10-05T05:29:30.119364Z,KXDOGE15M-26OCT050130-30,0.0010,229.01,yes
2026-10-05T05:29:32.899043Z,KXDOGE15M-26OCT050130-30,0.0010,91.62,yes
2026-10-05T05:29:37.331299Z,KXDOGE15M-26OCT050130-30,0.0040,394.97,yes
2026-10-05T05:29:37.331299Z,KXDOGE15M-26OCT050130-30,0.0030,3.00,yes
2026-10-05T05:29:37.331299Z,KXDOGE15M-26OCT050130-30,0.0030,5.00,yes
2026-10-05T05:29:37.331299Z,KXDOGE15M-26OCT050130-30,0.0020,3.00,yes
2026-10-05T05:29:37.331299Z,KXDOGE15M-26OCT050130-30,0.0020,661.00,yes
2026-10-05T05:29:37.331299Z,KXDOGE15M-26OCT050130-30,0.0020,232.00,yes
2026-10-05T05:29:37.331299Z,KXDOGE15M-26OCT050130-30,0.0020,611.52,yes
2026-10-05T05:29:37.331299Z,KXDOGE15M-26OCT050130-30,0.0020,254.00,yes
2026-10-05T05:29:37.331299Z,KXDOGE15M-26OCT050130-30,0.0020,38.30,yes
2026-10-05T05:29:37.331299Z,KXDOGE15M-26OCT050130-30,0.0020,71.00,yes
2026-10-05T05:29:37.331299Z,KXDOGE15M-26OCT050130-30,0.0020,3.00,yes
2026-10-05T05:29:37.331299Z,KXDOGE15M-26OCT050130-30,0.0020,5.00,yes
2026-10-05T05:29:37.331299Z,KXDOGE15M-26OCT050130-30,0.0020,3.62,yes
2026-10-05T05:29:37.331299Z,KXDOGE15M-26OCT050130-30,0.0020,12.00,yes
2026-10-05T05:29:37.331299Z,KXDOGE15M-26OCT050130-30,0.0020,339.00,yes
2026-10-05T05:29:37.331299Z,KXDOGE15M-26OCT050130-30,0.0020,2.00,yes
2026-10-05T05:29:37.331299Z,KXDOGE15M-26OCT050130-30,0.0020,105.08,yes
2026-10-05T05:29:37.331299Z,KXDOGE15M-26OCT050130-30,0.0010,3.00,yes
2026-10-05T05:29:37.331299Z,KXDOGE15M-26OCT050130-30,0.0010,1083.95,yes
2026-10-05T05:29:37.331299Z,KXDOGE15M-26OCT050130-30,0.0030,8.00,yes
2026-10-05T05:29:37.331299Z,KXDOGE15M-26OCT050130-30,0.0010,3.00,yes
2026-10-05T05:29:37.331299Z,KXDOGE15M-26OCT050130-30,0.0010,58.86,yes
2026-10-05T05:29:37.331299Z,KXDOGE15M-26OCT050130-30,0.0010,3.00,yes
2026-10-05T05:29:37.35111Z,KXDOGE15M-26OCT050130-30,0.0010,38.00,no
2026-10-05T05:29:37.374302Z,KXDOGE15M-26OCT050130-30,0.0010,0.30,no
2026-10-05T05:29:37.374302Z,KXDOGE15M-26OCT050130-30,0.0010,1.70,no
2026-10-05T05:29:37.440028Z,KXDOGE15M-26OCT050130-30,0.0010,138.00,no
2026-10-05T05:29:37.529797Z,KXDOGE15M-26OCT050130-30,0.0010,100.00,no
2026-10-05T05:29:37.742239Z,KXDOGE15M-26OCT050130-30,0.0010,7.00,no
2026-10-05T05:29:37.929853Z,KXDOGE15M-26OCT050130-30,0.0010,9.00,no
2026-10-05T05:29:38.531259Z,KXDOGE15M-26OCT050130-30,0.0010,394.97,no
2026-10-05T05:29:38.531259Z,KXDOGE15M-26OCT050130-30,0.0010,105.08,no
2026-10-05T05:29:38.531259Z,KXDOGE15M-26OCT050130-30,0.0010,83.30,no
2026-10-05T05:29:38.531259Z,KXDOGE15M-26OCT050130-30,0.0010,2.00,no
2026-10-05T05:29:38.531259Z,KXDOGE15M-26OCT050130-30,0.0010,10.00,no
2026-10-05T05:29:38.531259Z,KXDOGE15M-26OCT050130-30,0.0010,1.00,no
2026-10-05T05:29:38.531259Z,KXDOGE15M-26OCT050130-30,0.0010,45.00,no
2026-10-05T05:29:38.531259Z,KXDOGE15M-26OCT050130-30,0.0010,1.00,no
2026-10-05T05:29:38.531259Z,KXDOGE15M-26OCT050130-30,0.0010,12.00,no
2026-10-05T05:29:38.531259Z,KXDOGE15M-26OCT050130-30,0.0010,3.62,no
2026-10-05T05:29:47.420209Z,KXDOGE15M-26OCT050130-30,0.0010,5.00,yes
2026-10-05T05:29:56.287196Z,KXDOGE15M-26OCT050130-30,0.0010,336.94,yes
2026-10-05T05:29:56.287196Z,KXDOGE15M-26OCT050130-30,0.0010,3.00,yes
2026-10-05T05:29:56.287196Z,KXDOGE15M-26OCT050130-30,0.0010,6535.37,yes
2026-10-05T05:29:56.287196Z,KXDOGE15M-26OCT050130-30,0.0010,3.00,yes
2026-10-05T05:29:56.287196Z,KXDOGE15M-26OCT050130-30,0.0010,1251.00,yes
2026-10-05T05:29:56.287196Z,KXDOGE15M-26OCT050130-30,0.0010,3.00,yes
2026-10-05T05:29:56.287196Z,KXDOGE15M-26OCT050130-30,0.0010,338.03,yes
2026-10-05T05:28:04.148048Z,KXZEC15M-26OCT050130-30,0.9200,22.00,no
2026-10-05T05:28:04.148048Z,KXZEC15M-26OCT050130-30,0.9210,27.00,no
2026-10-05T05:28:04.148048Z,KXZEC15M-26OCT050130-30,0.9210,55.00,no
2026-10-05T05:28:04.148048Z,KXZEC15M-26OCT050130-30,0.9190,23.53,no
2026-10-05T05:28:04.148048Z,KXZEC15M-26OCT050130-30,0.9070,33.13,no
2026-10-05T05:28:04.375637Z,KXZEC15M-26OCT050130-30,0.9550,10.00,yes
2026-10-05T05:28:04.375637Z,KXZEC15M-26OCT050130-30,0.9560,26.00,yes
2026-10-05T05:28:04.378593Z,KXZEC15M-26OCT050130-30,0.9560,9.00,yes
2026-10-05T05:28:04.378635Z,KXZEC15M-26OCT050130-30,0.9560,5.00,yes
2026-10-05T05:28:04.382033Z,KXZEC15M-26OCT050130-30,0.9550,14.00,yes
2026-10-05T05:28:04.484661Z,KXZEC15M-26OCT050130-30,0.9660,6.00,yes
2026-10-05T05:28:04.565206Z,KXZEC15M-26OCT050130-30,0.9700,10.00,yes
2026-10-05T05:28:04.565206Z,KXZEC15M-26OCT050130-30,0.9660,1.00,yes
2026-10-05T05:28:12.400673Z,KXZEC15M-26OCT050130-30,0.9640,1.00,no
2026-10-05T05:28:16.729056Z,KXZEC15M-26OCT050130-30,0.9800,5.00,yes
2026-10-05T05:28:16.729056Z,KXZEC15M-26OCT050130-30,0.9800,5.00,yes
2026-10-05T05:28:16.730909Z,KXZEC15M-26OCT050130-30,0.9800,5.00,yes
2026-10-05T05:28:16.767812Z,KXZEC15M-26OCT050130-30,0.9800,5.00,yes
2026-10-05T05:28:16.769262Z,KXZEC15M-26OCT050130-30,0.9800,5.00,yes
2026-10-05T05:28:16.770083Z,KXZEC15M-26OCT050130-30,0.9800,5.00,yes
2026-10-05T05:28:16.771827Z,KXZEC15M-26OCT050130-30,0.9800,5.00,yes
2026-10-05T05:28:16.892817Z,KXZEC15M-26OCT050130-30,0.9800,5.00,yes
2026-10-05T05:28:16.892817Z,KXZEC15M-26OCT050130-30,0.9800,19.00,yes
2026-10-05T05:28:16.892817Z,KXZEC15M-26OCT050130-30,0.9810,20.00,yes
2026-10-05T05:28:16.893122Z,KXZEC15M-26OCT050130-30,0.9820,5.00,yes
2026-10-05T05:28:16.893729Z,KXZEC15M-26OCT050130-30,0.9820,5.00,yes
2026-10-05T05:28:16.928321Z,KXZEC15M-26OCT050130-30,0.9820,5.00,yes
2026-10-05T05:28:17.301306Z,KXZEC15M-26OCT050130-30,0.9830,5.00,yes
2026-10-05T05:28:17.301306Z,KXZEC15M-26OCT050130-30,0.9820,5.00,yes
2026-10-05T05:28:17.829993Z,KXZEC15M-26OCT050130-30,0.9830,10.00,yes
2026-10-05T05:28:18.569159Z,KXZEC15M-26OCT050130-30,0.9820,6.00,no
2026-10-05T05:28:22.146291Z,KXZEC15M-26OCT050130-30,0.9820,2.62,no
2026-10-05T05:28:27.151251Z,KXZEC15M-26OCT050130-30,0.9820,1.21,no
2026-10-05T05:28:27.151251Z,KXZEC15M-26OCT050130-30,0.9820,1.38,no
2026-10-05T05:28:27.185247Z,KXZEC15M-26OCT050130-30,0.9830,5.00,yes
2026-10-05T05:28:27.185247Z,KXZEC15M-26OCT050130-30,0.9860,5.70,yes
2026-10-05T05:28:27.185247Z,KXZEC15M-26OCT050130-30,0.9850,20.00,yes
2026-10-05T05:28:27.185247Z,KXZEC15M-26OCT050130-30,0.9840,20.00,yes
2026-10-05T05:28:28.248333Z,KXZEC15M-26OCT050130-30,0.9890,16.00,yes
2026-10-05T05:28:28.248333Z,KXZEC15M-26OCT050130-30,0.9890,5.00,yes
2026-10-05T05:28:28.248333Z,KXZEC15M-26OCT050130-30,0.9890,1.00,yes
2026-10-05T05:28:28.248333Z,KXZEC15M-26OCT050130-30,0.9890,20.00,yes
2026-10-05T05:28:28.248333Z,KXZEC15M-26OCT050130-30,0.9880,20.00,yes
2026-10-05T05:28:28.248333Z,KXZEC15M-26OCT050130-30,0.9860,14.30,yes
2026-10-05T05:28:28.248333Z,KXZEC15M-26OCT050130-30,0.9870,20.00,yes
2026-10-05T05:28:28.248333Z,KXZEC15M-26OCT050130-30,0.9890,1.00,yes
2026-10-05T05:28:28.264066Z,KXZEC15M-26OCT050130-30,0.9900,2.00,yes
2026-10-05T05:28:31.199155Z,KXZEC15M-26OCT050130-30,0.9900,15.00,yes
2026-10-05T05:28:31.199155Z,KXZEC15M-26OCT050130-30,0.9900,20.00,yes
2026-10-05T05:28:31.199155Z,KXZEC15M-26OCT050130-30,0.9900,15.00,yes
2026-10-05T05:28:35.496257Z,KXZEC15M-26OCT050130-30,0.9890,1.38,no
2026-10-05T05:28:35.496257Z,KXZEC15M-26OCT050130-30,0.9890,20.00,no
2026-10-05T05:28:35.626112Z,KXZEC15M-26OCT050130-30,0.9870,20.00,no
2026-10-05T05:28:35.626112Z,KXZEC15M-26OCT050130-30,0.9880,20.00,no
2026-10-05T05:28:35.626112Z,KXZEC15M-26OCT050130-30,0.9870,15.00,no
2026-10-05T05:28:35.654227Z,KXZEC15M-26OCT050130-30,0.9850,3.00,no
2026-10-05T05:28:35.654227Z,KXZEC15M-26OCT050130-30,0.9860,20.00,no
2026-10-05T05:28:36.80786Z,KXZEC15M-26OCT050130-30,0.9900,1.00,yes
2026-10-05T05:28:41.331867Z,KXZEC15M-26OCT050130-30,0.9890,4.00,yes
2026-10-05T05:28:41.331867Z,KXZEC15M-26OCT050130-30,0.9890,4.00,yes
2026-10-05T05:28:41.331867Z,KXZEC15M-26OCT050130-30,0.9890,2.10,yes
2026-10-05T05:28:46.466885Z,KXZEC15M-26OCT050130-30,0.9890,2.90,yes
2026-10-05T05:28:46.466885Z,KXZEC15M-26OCT050130-30,0.9900,6.38,yes
2026-10-05T05:28:46.466885Z,KXZEC15M-26OCT050130-30,0.9900,9.00,yes
2026-10-05T05:28:46.983643Z,KXZEC15M-26OCT050130-30,0.9900,25.00,yes
2026-10-05T05:28:46.983643Z,KXZEC15M-26OCT050130-30,0.9900,18.62,yes
2026-10-05T05:28:46.983643Z,KXZEC15M-26OCT050130-30,0.9900,25.00,yes
2026-10-05T05:28:46.983643Z,KXZEC15M-26OCT050130-30,0.9900,20.00,yes
2026-10-05T05:28:49.259568Z,KXZEC15M-26OCT050130-30,0.9910,4.12,yes
2026-10-05T05:28:53.64131Z,KXZEC15M-26OCT050130-30,0.9910,9.48,yes
2026-10-05T05:28:54.643217Z,KXZEC15M-26OCT050130-30,0.9910,3.94,yes
2026-10-05T05:28:55.033055Z,KXZEC15M-26OCT050130-30,0.9910,2.46,yes
2026-10-05T05:28:55.661136Z,KXZEC15M-26OCT050130-30,0.9920,20.00,yes
2026-10-05T05:28:56.069062Z,KXZEC15M-26OCT050130-30,0.9930,1.00,yes
2026-10-05T05:28:57.6416Z,KXZEC15M-26OCT050130-30,0.9930,3.00,yes
2026-10-05T05:28:57.650595Z,KXZEC15M-26OCT050130-30,0.9930,8.69,yes
2026-10-05T05:28:58.65333Z,KXZEC15M-26OCT050130-30,0.9930,2.61,yes
2026-10-05T05:28:58.879838Z,KXZEC15M-26OCT050130-30,0.9930,1.00,yes
2026-10-05T05:28:59.556227Z,KXZEC15M-26OCT050130-30,0.9930,3.67,yes
2026-10-05T05:29:01.103636Z,KXZEC15M-26OCT050130-30,0.9950,20.00,yes
2026-10-05T05:29:01.103636Z,KXZEC15M-26OCT050130-30,0.9950,1.00,yes
2026-10-05T05:29:01.103636Z,KXZEC15M-26OCT050130-30,0.9930,0.03,yes
2026-10-05T05:29:01.103636Z,KXZEC15M-26OCT050130-30,0.9940,20.00,yes
2026-10-05T05:29:01.103636Z,KXZEC15M-26OCT050130-30,0.9950,11.00,yes
2026-10-05T05:29:03.194401Z,KXZEC15M-26OCT050130-30,0.9960,20.00,yes
2026-10-05T05:29:03.194401Z,KXZEC15M-26OCT050130-30,0.9960,13.00,yes
2026-10-05T05:29:03.194401Z,KXZEC15M-26OCT050130-30,0.9960,1.00,yes
2026-10-05T05:29:03.194401Z,KXZEC15M-26OCT050130-30,0.9960,1.00,yes
2026-10-05T05:29:03.194401Z,KXZEC15M-26OCT050130-30,0.9960,1.00,yes
2026-10-05T05:29:05.054275Z,KXZEC15M-26OCT050130-30,0.9970,5.00,yes
2026-10-05T05:29:05.054275Z,KXZEC15M-26OCT050130-30,0.9970,20.00,yes
2026-10-05T05:29:05.054275Z,KXZEC15M-26OCT050130-30,0.9970,18.00,yes
2026-10-05T05:29:05.054275Z,KXZEC15M-26OCT050130-30,0.9970,2.00,yes
2026-10-05T05:29:05.054275Z,KXZEC15M-26OCT050130-30,0.9970,2.00,yes
2026-10-05T05:29:05.054275Z,KXZEC15M-26OCT050130-30,0.9970,2.00,yes
2026-10-05T05:29:05.054275Z,KXZEC15M-26OCT050130-30,0.9970,2.00,yes
2026-10-05T05:29:05.054275Z,KXZEC15M-26OCT050130-30,0.9960,1.00,yes
2026-10-05T05:29:05.054275Z,KXZEC15M-26OCT050130-30,0.9960,1.00,yes
2026-10-05T05:29:05.054275Z,KXZEC15M-26OCT050130-30,0.9970,2.00,yes
2026-10-05T05:29:05.128612Z,KXZEC15M-26OCT050130-30,0.9980,4.00,yes
2026-10-05T05:29:07.363195Z,KXZEC15M-26OCT050130-30,0.9980,3.00,yes
2026-10-05T05:29:08.139084Z,KXZEC15M-26OCT050130-30,0.9980,3.00,yes
2026-10-05T05:29:08.90746Z,KXZEC15M-26OCT050130-30,0.9980,3.00,yes
2026-10-05T05:29:08.958862Z,KXZEC15M-26OCT050130-30,0.9980,6.25,yes
2026-10-05T05:29:09.723387Z,KXZEC15M-26OCT050130-30,0.9980,6.25,yes
2026-10-05T05:29:10.48622Z,KXZEC15M-26OCT050130-30,0.9980,6.25,yes
2026-10-05T05:29:11.253059Z,KXZEC15M-26OCT050130-30,0.9980,6.25,yes
2026-10-05T05:29:12.065669Z,KXZEC15M-26OCT050130-30,0.9980,54.00,yes
2026-10-05T05:29:14.835739Z,KXZEC15M-26OCT050130-30,0.9980,3.00,yes
2026-10-05T05:29:14.835739Z,KXZEC15M-26OCT050130-30,0.9980,3.00,yes
2026-10-05T05:29:14.835739Z,KXZEC15M-26OCT050130-30,0.9980,3.00,yes
2026-10-05T05:29:14.835739Z,KXZEC15M-26OCT050130-30,0.9980,26.00,yes
2026-10-05T05:29:14.835739Z,KXZEC15M-26OCT050130-30,0.9980,3.00,yes
2026-10-05T05:29:14.835739Z,KXZEC15M-26OCT050130-30,0.9980,3.00,yes
2026-10-05T05:29:14.835739Z,KXZEC15M-26OCT050130-30,0.9980,20.00,yes
2026-10-05T05:29:14.835739Z,KXZEC15M-26OCT050130-30,0.9980,8.00,yes
2026-10-05T05:29:14.835739Z,KXZEC15M-26OCT050130-30,0.9980,200.00,yes
2026-10-05T05:29:20.127369Z,KXZEC15M-26OCT050130-30,0.9990,5.00,yes
2026-10-05T05:29:20.127369Z,KXZEC15M-26OCT050130-30,0.9990,104.00,yes
2026-10-05T05:29:20.127369Z,KXZEC15M-26OCT050130-30,0.9990,1.00,yes
2026-10-05T05:29:20.127369Z,KXZEC15M-26OCT050130-30,0.9990,20.00,yes
2026-10-05T05:29:20.127369Z,KXZEC15M-26OCT050130-30,0.9990,200.00,yes
2026-10-05T05:29:20.127369Z,KXZEC15M-26OCT050130-30,0.9990,1.00,yes
2026-10-05T05:29:20.127369Z,KXZEC15M-26OCT050130-30,0.9990,1.00,yes
2026-10-05T05:29:39.85066Z,KXZEC15M-26OCT050130-30,0.9990,229.01,no
2026-10-05T05:28:04.05692Z,KXBNB15M-26OCT050130-30,0.9490,1.00,yes
2026-10-05T05:28:04.969586Z,KXBNB15M-26OCT050130-30,0.9500,6.00,yes
2026-10-05T05:28:04.969586Z,KXBNB15M-26OCT050130-30,0.9500,3.00,yes
2026-10-05T05:28:04.969586Z,KXBNB15M-26OCT050130-30,0.9500,1.00,yes
2026-10-05T05:28:06.133779Z,KXBNB15M-26OCT050130-30,0.9310,5.17,no
2026-10-05T05:28:06.965587Z,KXBNB15M-26OCT050130-30,0.9310,13.00,no
2026-10-05T05:28:14.942875Z,KXBNB15M-26OCT050130-30,0.9440,1.00,yes
2026-10-05T05:28:16.757312Z,KXBNB15M-26OCT050130-30,0.9690,8.00,yes
2026-10-05T05:28:16.757312Z,KXBNB15M-26OCT050130-30,0.9690,1.00,yes
2026-10-05T05:28:16.757312Z,KXBNB15M-26OCT050130-30,0.9600,1.00,yes
2026-10-05T05:28:16.795619Z,KXBNB15M-26OCT050130-30,0.9560,1.00,no
2026-10-05T05:28:16.899201Z,KXBNB15M-26OCT050130-30,0.9690,24.00,yes
2026-10-05T05:28:16.899201Z,KXBNB15M-26OCT050130-30,0.9690,1.00,yes
2026-10-05T05:28:18.151242Z,KXBNB15M-26OCT050130-30,0.9680,1.00,no
2026-10-05T05:28:18.249229Z,KXBNB15M-26OCT050130-30,0.9700,10.00,yes
2026-10-05T05:28:18.369078Z,KXBNB15M-26OCT050130-30,0.9670,1.00,no
2026-10-05T05:28:18.369078Z,KXBNB15M-26OCT050130-30,0.9500,67.74,no
2026-10-05T05:28:18.369078Z,KXBNB15M-26OCT050130-30,0.9660,17.00,no
2026-10-05T05:28:18.369078Z,KXBNB15M-26OCT050130-30,0.9580,1.00,no
2026-10-05T05:28:18.369078Z,KXBNB15M-26OCT050130-30,0.9600,1.00,no
2026-10-05T05:28:18.369078Z,KXBNB15M-26OCT050130-30,0.9510,23.00,no
2026-10-05T05:28:18.369078Z,KXBNB15M-26OCT050130-30,0.9670,17.00,no
2026-10-05T05:28:18.369078Z,KXBNB15M-26OCT050130-30,0.9680,0.48,no
2026-10-05T05:28:18.369078Z,KXBNB15M-26OCT050130-30,0.9500,0.01,no
2026-10-05T05:28:19.357262Z,KXBNB15M-26OCT050130-30,0.9700,8.34,yes
2026-10-05T05:28:19.357262Z,KXBNB15M-26OCT050130-30,0.9700,10.00,yes
2026-10-05T05:28:19.357262Z,KXBNB15M-26OCT050130-30,0.9700,12.00,yes
2026-10-05T05:28:19.357262Z,KXBNB15M-26OCT050130-30,0.9700,6.66,yes
2026-10-05T05:28:19.357262Z,KXBNB15M-26OCT050130-30,0.9700,12.00,yes
2026-10-05T05:28:19.357262Z,KXBNB15M-26OCT050130-30,0.9700,1.00,yes
2026-10-05T05:28:20.829682Z,KXBNB15M-26OCT050130-30,0.9700,5.14,yes
2026-10-05T05:28:21.37761Z,KXBNB15M-26OCT050130-30,0.9690,1.66,no
2026-10-05T05:28:21.460682Z,KXBNB15M-26OCT050130-30,0.9700,4.45,yes
2026-10-05T05:28:22.061821Z,KXBNB15M-26OCT050130-30,0.9700,7.07,yes
2026-10-05T05:28:22.061821Z,KXBNB15M-26OCT050130-30,0.9700,7.93,yes
2026-10-05T05:28:22.32701Z,KXBNB15M-26OCT050130-30,0.9700,2.07,yes
2026-10-05T05:28:23.662707Z,KXBNB15M-26OCT050130-30,0.9710,1.00,no
2026-10-05T05:28:23.662707Z,KXBNB15M-26OCT050130-30,0.9710,15.00,no
2026-10-05T05:28:24.946783Z,KXBNB15M-26OCT050130-30,0.9700,11.93,no
2026-10-05T05:28:24.946783Z,KXBNB15M-26OCT050130-30,0.9700,100.00,no
2026-10-05T05:28:24.946783Z,KXBNB15M-26OCT050130-30,0.9700,22.20,no
2026-10-05T05:28:26.713359Z,KXBNB15M-26OCT050130-30,0.9700,25.00,no
2026-10-05T05:28:26.855378Z,KXBNB15M-26OCT050130-30,0.9790,23.00,yes
2026-10-05T05:28:26.855378Z,KXBNB15M-26OCT050130-30,0.9790,2.00,yes
2026-10-05T05:28:26.855378Z,KXBNB15M-26OCT050130-30,0.9800,0.13,yes
2026-10-05T05:28:26.855378Z,KXBNB15M-26OCT050130-30,0.9780,2.00,yes
2026-10-05T05:28:26.855378Z,KXBNB15M-26OCT050130-30,0.9750,2.00,yes
2026-10-05T05:28:26.855378Z,KXBNB15M-26OCT050130-30,0.9790,3.00,yes
2026-10-05T05:28:26.855378Z,KXBNB15M-26OCT050130-30,0.9790,1.00,yes
2026-10-05T05:28:27.181113Z,KXBNB15M-26OCT050130-30,0.9800,84.00,yes
2026-10-05T05:28:27.181113Z,KXBNB15M-26OCT050130-30,0.9860,0.57,yes
2026-10-05T05:28:27.181113Z,KXBNB15M-26OCT050130-30,0.9840,19.00,yes
2026-10-05T05:28:27.181113Z,KXBNB15M-26OCT050130-30,0.9800,2.00,yes
2026-10-05T05:28:27.181113Z,KXBNB15M-26OCT050130-30,0.9850,2.00,yes
2026-10-05T05:28:27.181113Z,KXBNB15M-26OCT050130-30,0.9850,6.00,yes
2026-10-05T05:28:27.181113Z,KXBNB15M-26OCT050130-30,0.9850,10.00,yes
2026-10-05T05:28:27.181113Z,KXBNB15M-26OCT050130-30,0.9800,3.00,yes
2026-10-05T05:28:27.181113Z,KXBNB15M-26OCT050130-30,0.9850,3.00,yes
2026-10-05T05:28:27.181113Z,KXBNB15M-26OCT050130-30,0.9800,10.87,yes
2026-10-05T05:28:27.181113Z,KXBNB15M-26OCT050130-30,0.9800,10.00,yes
2026-10-05T05:28:27.181113Z,KXBNB15M-26OCT050130-30,0.9850,1.00,yes
2026-10-05T05:28:27.181113Z,KXBNB15M-26OCT050130-30,0.9800,1.00,yes
2026-10-05T05:28:27.181113Z,KXBNB15M-26OCT050130-30,0.9800,7.56,yes
2026-10-05T05:28:27.85426Z,KXBNB15M-26OCT050130-30,0.9710,30.58,no
2026-10-05T05:28:27.85426Z,KXBNB15M-26OCT050130-30,0.9710,0.57,no
2026-10-05T05:28:28.304579Z,KXBNB15M-26OCT050130-30,0.9700,27.34,no
2026-10-05T05:28:28.304579Z,KXBNB15M-26OCT050130-30,0.9750,1.00,no
2026-10-05T05:28:28.522474Z,KXBNB15M-26OCT050130-30,0.9700,16.00,no
2026-10-05T05:28:28.665222Z,KXBNB15M-26OCT050130-30,0.9700,9.46,no
2026-10-05T05:28:28.665222Z,KXBNB15M-26OCT050130-30,0.9700,0.01,no
2026-10-05T05:28:29.069212Z,KXBNB15M-26OCT050130-30,0.9870,2.02,yes
2026-10-05T05:28:35.018223Z,KXBNB15M-26OCT050130-30,0.9850,1.00,yes
2026-10-05T05:28:35.018223Z,KXBNB15M-26OCT050130-30,0.9870,24.00,yes
2026-10-05T05:28:35.018223Z,KXBNB15M-26OCT050130-30,0.9880,14.00,yes
2026-10-05T05:28:35.610947Z,KXBNB15M-26OCT050130-30,0.9760,4.00,no
2026-10-05T05:28:35.611032Z,KXBNB15M-26OCT050130-30,0.9760,10.00,no
2026-10-05T05:28:39.784489Z,KXBNB15M-26OCT050130-30,0.9690,0.02,yes
2026-10-05T05:28:39.784489Z,KXBNB15M-26OCT050130-30,0.9690,1.00,yes
2026-10-05T05:28:41.789559Z,KXBNB15M-26OCT050130-30,0.9690,12.41,yes
2026-10-05T05:28:41.789559Z,KXBNB15M-26OCT050130-30,0.9680,1.00,yes
2026-10-05T05:28:42.196477Z,KXBNB15M-26OCT050130-30,0.9680,0.01,yes
2026-10-05T05:28:45.162349Z,KXBNB15M-26OCT050130-30,0.9530,5.00,yes
2026-10-05T05:28:45.576088Z,KXBNB15M-26OCT050130-30,0.9530,12.93,no
2026-10-05T05:28:45.576088Z,KXBNB15M-26OCT050130-30,0.9530,2.02,no
2026-10-05T05:28:48.105076Z,KXBNB15M-26OCT050130-30,0.9890,18.00,yes
2026-10-05T05:28:48.105076Z,KXBNB15M-26OCT050130-30,0.9890,6.00,yes
2026-10-05T05:28:48.105076Z,KXBNB15M-26OCT050130-30,0.9890,16.00,yes
2026-10-05T05:28:48.105076Z,KXBNB15M-26OCT050130-30,0.9890,1.00,yes
2026-10-05T05:28:48.105076Z,KXBNB15M-26OCT050130-30,0.9890,1.00,yes
2026-10-05T05:28:48.105076Z,KXBNB15M-26OCT050130-30,0.9900,25.00,yes
2026-10-05T05:28:48.105076Z,KXBNB15M-26OCT050130-30,0.9900,4.00,yes
2026-10-05T05:28:48.105076Z,KXBNB15M-26OCT050130-30,0.9890,3.00,yes
2026-10-05T05:28:48.105076Z,KXBNB15M-26OCT050130-30,0.9890,10.00,yes
2026-10-05T05:28:48.105076Z,KXBNB15M-26OCT050130-30,0.9900,20.00,yes
2026-10-05T05:28:48.105076Z,KXBNB15M-26OCT050130-30,0.9890,20.00,yes
2026-10-05T05:28:48.105076Z,KXBNB15M-26OCT050130-30,0.9900,25.00,yes
2026-10-05T05:28:48.105076Z,KXBNB15M-26OCT050130-30,0.9900,1.00,yes
2026-10-05T05:28:48.125457Z,KXBNB15M-26OCT050130-30,0.9760,1.00,no
2026-10-05T05:28:48.191274Z,KXBNB15M-26OCT050130-30,0.9760,3.43,no
2026-10-05T05:28:48.422875Z,KXBNB15M-26OCT050130-30,0.9860,2.00,no
2026-10-05T05:28:49.99653Z,KXBNB15M-26OCT050130-30,0.9900,10.00,yes
2026-10-05T05:28:51.512501Z,KXBNB15M-26OCT050130-30,0.9900,9.00,yes
2026-10-05T05:28:51.512501Z,KXBNB15M-26OCT050130-30,0.9900,12.00,yes
2026-10-05T05:28:51.512501Z,KXBNB15M-26OCT050130-30,0.9900,6.00,yes
2026-10-05T05:28:52.150886Z,KXBNB15M-26OCT050130-30,0.9890,2.00,no
2026-10-05T05:28:52.150886Z,KXBNB15M-26OCT050130-30,0.9890,20.00,no
2026-10-05T05:28:53.804087Z,KXBNB15M-26OCT050130-30,0.9900,0.96,yes
2026-10-05T05:28:53.804087Z,KXBNB15M-26OCT050130-30,0.9900,0.04,yes
2026-10-05T05:28:53.864112Z,KXBNB15M-26OCT050130-30,0.9900,14.00,yes
2026-10-05T05:28:53.985152Z,KXBNB15M-26OCT050130-30,0.9880,2.00,no
2026-10-05T05:28:53.985152Z,KXBNB15M-26OCT050130-30,0.9890,0.96,no
2026-10-05T05:28:53.985152Z,KXBNB15M-26OCT050130-30,0.9890,2.00,no
2026-10-05T05:28:53.985152Z,KXBNB15M-26OCT050130-30,0.9880,9.03,no
2026-10-05T05:28:53.985152Z,KXBNB15M-26OCT050130-30,0.9880,13.57,no
2026-10-05T05:28:53.991844Z,KXBNB15M-26OCT050130-30,0.9900,6.00,yes
2026-10-05T05:28:54.803468Z,KXBNB15M-26OCT050130-30,0.9900,1.00,yes
2026-10-05T05:28:57.230851Z,KXBNB15M-26OCT050130-30,0.9900,1.00,yes
2026-10-05T05:28:57.322941Z,KXBNB15M-26OCT050130-30,0.9900,20.00,yes
2026-10-05T05:28:57.322941Z,KXBNB15M-26OCT050130-30,0.9900,2.04,yes
2026-10-05T05:28:57.322941Z,KXBNB15M-26OCT050130-30,0.9910,20.00,yes
2026-10-05T05:28:57.322941Z,KXBNB15M-26OCT050130-30,0.9920,20.00,yes
2026-10-05T05:28:57.322941Z,KXBNB15M-26OCT050130-30,0.9930,20.00,yes
2026-10-05T05:28:57.322941Z,KXBNB15M-26OCT050130-30,0.9940,17.96,yes
2026-10-05T05:28:58.18802Z,KXBNB15M-26OCT050130-30,0.9930,13.00,no
2026-10-05T05:28:58.18802Z,KXBNB15M-26OCT050130-30,0.9930,2.00,no
2026-10-05T05:28:58.408688Z,KXBNB15M-26OCT050130-30,0.9920,0.35,no
2026-10-05T05:28:58.408688Z,KXBNB15M-26OCT050130-30,0.9930,4.96,no
2026-10-05T05:28:58.57367Z,KXBNB15M-26OCT050130-30,0.9940,24.00,yes
2026-10-05T05:28:58.57367Z,KXBNB15M-26OCT050130-30,0.9960,9.41,yes
2026-10-05T05:28:58.57367Z,KXBNB15M-26OCT050130-30,0.9940,2.04,yes
2026-10-05T05:28:58.57367Z,KXBNB15M-26OCT050130-30,0.9950,20.00,yes
2026-10-05T05:28:58.57367Z,KXBNB15M-26OCT050130-30,0.9950,30.00,yes
2026-10-05T05:28:58.57367Z,KXBNB15M-26OCT050130-30,0.9950,11.00,yes
2026-10-05T05:28:59.57304Z,KXBNB15M-26OCT050130-30,0.9950,9.41,no
2026-10-05T05:28:59.57304Z,KXBNB15M-26OCT050130-30,0.9950,2.00,no
2026-10-05T05:28:59.830559Z,KXBNB15M-26OCT050130-30,0.9960,1.00,yes
2026-10-05T05:29:00.093198Z,KXBNB15M-26OCT050130-30,0.9900,20.00,no
2026-10-05T05:29:00.093198Z,KXBNB15M-26OCT050130-30,0.9920,20.00,no
2026-10-05T05:29:00.093198Z,KXBNB15M-26OCT050130-30,0.9910,20.00,no
2026-10-05T05:29:00.093198Z,KXBNB15M-26OCT050130-30,0.9900,2.44,no
2026-10-05T05:29:00.093198Z,KXBNB15M-26OCT050130-30,0.9940,20.00,no
2026-10-05T05:29:00.093198Z,KXBNB15M-26OCT050130-30,0.9900,10.00,no
2026-10-05T05:29:00.093198Z,KXBNB15M-26OCT050130-30,0.9900,10.00,no
2026-10-05T05:29:00.093198Z,KXBNB15M-26OCT050130-30,0.9940,2.00,no
2026-10-05T05:29:00.093198Z,KXBNB15M-26OCT050130-30,0.9930,2.04,no
2026-10-05T05:29:00.093198Z,KXBNB15M-26OCT050130-30,0.9900,1.00,no
2026-10-05T05:29:00.093198Z,KXBNB15M-26OCT050130-30,0.9950,1.00,no
2026-10-05T05:29:00.14625Z,KXBNB15M-26OCT050130-30,0.9900,0.82,no
2026-10-05T05:29:00.14625Z,KXBNB15M-26OCT050130-30,0.9900,2.00,no
2026-10-05T05:29:00.446371Z,KXBNB15M-26OCT050130-30,0.9960,4.00,yes
2026-10-05T05:29:01.204225Z,KXBNB15M-26OCT050130-30,0.9960,1.00,yes
2026-10-05T05:29:01.60363Z,KXBNB15M-26OCT050130-30,0.9960,1.00,yes
2026-10-05T05:29:02.005706Z,KXBNB15M-26OCT050130-30,0.9960,1.00,yes
2026-10-05T05:29:02.80368Z,KXBNB15M-26OCT050130-30,0.9960,1.00,yes
2026-10-05T05:29:04.20248Z,KXBNB15M-26OCT050130-30,0.9960,1.59,yes
2026-10-05T05:29:04.20248Z,KXBNB15M-26OCT050130-30,0.9960,0.41,yes
2026-10-05T05:29:04.607171Z,KXBNB15M-26OCT050130-30,0.9960,1.00,yes
2026-10-05T05:29:05.003965Z,KXBNB15M-26OCT050130-30,0.9960,1.00,yes
2026-10-05T05:29:05.007437Z,KXBNB15M-26OCT050130-30,0.9960,6.25,yes
2026-10-05T05:29:05.602453Z,KXBNB15M-26OCT050130-30,0.9960,2.00,yes
2026-10-05T05:29:05.77761Z,KXBNB15M-26OCT050130-30,0.9960,2.34,yes
2026-10-05T05:29:05.77761Z,KXBNB15M-26OCT050130-30,0.9960,1.00,yes
2026-10-05T05:29:05.77761Z,KXBNB15M-26OCT050130-30,0.9960,1.00,yes
2026-10-05T05:29:05.77761Z,KXBNB15M-26OCT050130-30,0.9960,0.91,yes
2026-10-05T05:29:05.77761Z,KXBNB15M-26OCT050130-30,0.9960,1.00,yes
2026-10-05T05:29:06.006556Z,KXBNB15M-26OCT050130-30,0.9960,0.91,yes
2026-10-05T05:29:06.006556Z,KXBNB15M-26OCT050130-30,0.9960,0.09,yes
2026-10-05T05:29:06.203611Z,KXBNB15M-26OCT050130-30,0.9960,0.91,yes
2026-10-05T05:29:06.203611Z,KXBNB15M-26OCT050130-30,0.9960,0.09,yes
2026-10-05T05:29:06.370152Z,KXBNB15M-26OCT050130-30,0.9970,13.00,yes
2026-10-05T05:29:06.370152Z,KXBNB15M-26OCT050130-30,0.9980,1.00,yes
2026-10-05T05:29:06.370152Z,KXBNB15M-26OCT050130-30,0.9980,3.00,yes
2026-10-05T05:29:06.370152Z,KXBNB15M-26OCT050130-30,0.9970,2.00,yes
2026-10-05T05:29:06.370152Z,KXBNB15M-26OCT050130-30,0.9970,2.00,yes
2026-10-05T05:29:06.370152Z,KXBNB15M-26OCT050130-30,0.9980,3.00,yes
2026-10-05T05:29:06.370152Z,KXBNB15M-26OCT050130-30,0.9970,2.00,yes
2026-10-05T05:29:06.370152Z,KXBNB15M-26OCT050130-30,0.9980,3.00,yes
2026-10-05T05:29:06.370152Z,KXBNB15M-26OCT050130-30,0.9970,2.00,yes
2026-10-05T05:29:06.370152Z,KXBNB15M-26OCT050130-30,0.9970,2.00,yes
2026-10-05T05:29:06.370152Z,KXBNB15M-26OCT050130-30,0.9980,3.00,yes
2026-10-05T05:29:06.370152Z,KXBNB15M-26OCT050130-30,0.9980,3.00,yes
2026-10-05T05:29:06.370152Z,KXBNB15M-26OCT050130-30,0.9970,18.00,yes
2026-10-05T05:29:06.370152Z,KXBNB15M-26OCT050130-30,0.9980,26.00,yes
2026-10-05T05:29:06.370152Z,KXBNB15M-26OCT050130-30,0.9990,1.00,yes
2026-10-05T05:29:06.370152Z,KXBNB15M-26OCT050130-30,0.9990,20.00,yes
2026-10-05T05:29:06.370152Z,KXBNB15M-26OCT050130-30,0.9970,20.00,yes
2026-10-05T05:29:06.370152Z,KXBNB15M-26OCT050130-30,0.9980,20.00,yes
2026-10-05T05:29:06.370152Z,KXBNB15M-26OCT050130-30,0.9990,1.00,yes
2026-10-05T05:29:06.370152Z,KXBNB15M-26OCT050130-30,0.9980,200.00,yes
2026-10-05T05:29:06.370152Z,KXBNB15M-26OCT050130-30,0.9990,100.00,yes
2026-10-05T05:29:06.370152Z,KXBNB15M-26OCT050130-30,0.9990,1.00,yes
2026-10-05T05:29:06.370152Z,KXBNB15M-26OCT050130-30,0.9970,100.00,yes
2026-10-05T05:29:12.180171Z,KXBNB15M-26OCT050130-30,0.9990,5.14,no
2026-10-05T05:29:39.119426Z,KXBNB15M-26OCT050130-30,0.9990,31.14,no
2026-10-05T05:29:39.119426Z,KXBNB15M-26OCT050130-30,0.9990,6.86,no
2026-10-05T05:28:03.198567Z,KXXRP15M-26OCT050130-30,0.0450,1.08,yes
2026-10-05T05:28:03.270324Z,KXXRP15M-26OCT050130-30,0.0600,1.00,yes
2026-10-05T05:28:03.270324Z,KXXRP15M-26OCT050130-30,0.0660,1.00,yes
2026-10-05T05:28:03.270324Z,KXXRP15M-26OCT050130-30,0.0600,1.00,yes
2026-10-05T05:28:03.270324Z,KXXRP15M-26OCT050130-30,0.0500,7.50,yes
2026-10-05T05:28:03.270324Z,KXXRP15M-26OCT050130-30,0.0630,1.00,yes
2026-10-05T05:28:03.270324Z,KXXRP15M-26OCT050130-30,0.0450,3.21,yes
2026-10-05T05:28:03.270324Z,KXXRP15M-26OCT050130-30,0.0600,7.50,yes
2026-10-05T05:28:03.270324Z,KXXRP15M-26OCT050130-30,0.0690,8.05,yes
2026-10-05T05:28:03.270324Z,KXXRP15M-26OCT050130-30,0.0440,5.00,yes
2026-10-05T05:28:03.270324Z,KXXRP15M-26OCT050130-30,0.0430,5.00,yes
2026-10-05T05:28:03.270324Z,KXXRP15M-26OCT050130-30,0.0680,8.00,yes
2026-10-05T05:28:03.300519Z,KXXRP15M-26OCT050130-30,0.0400,4.00,no
2026-10-05T05:28:03.375207Z,KXXRP15M-26OCT050130-30,0.0400,110.00,no
2026-10-05T05:28:03.513393Z,KXXRP15M-26OCT050130-30,0.0330,7.00,no
2026-10-05T05:28:03.513393Z,KXXRP15M-26OCT050130-30,0.0350,7.50,no
2026-10-05T05:28:03.513393Z,KXXRP15M-26OCT050130-30,0.0330,16.00,no
2026-10-05T05:28:03.513393Z,KXXRP15M-26OCT050130-30,0.0390,5.00,no
2026-10-05T05:28:03.513393Z,KXXRP15M-26OCT050130-30,0.0400,5.00,no
2026-10-05T05:28:03.513393Z,KXXRP15M-26OCT050130-30,0.0320,12.03,no
2026-10-05T05:28:03.513393Z,KXXRP15M-26OCT050130-30,0.0400,107.31,no
2026-10-05T05:28:03.513393Z,KXXRP15M-26OCT050130-30,0.0380,1.00,no
2026-10-05T05:28:03.513393Z,KXXRP15M-26OCT050130-30,0.0370,1.00,no
2026-10-05T05:28:03.513393Z,KXXRP15M-26OCT050130-30,0.0350,1.00,no
2026-10-05T05:28:03.513393Z,KXXRP15M-26OCT050130-30,0.0360,1.00,no
2026-10-05T05:28:03.513393Z,KXXRP15M-26OCT050130-30,0.0340,1.00,no
2026-10-05T05:28:03.513393Z,KXXRP15M-26OCT050130-30,0.0330,1.00,no
2026-10-05T05:28:03.513393Z,KXXRP15M-26OCT050130-30,0.0400,1.00,no
2026-10-05T05:28:03.565765Z,KXXRP15M-26OCT050130-30,0.0430,104.27,no
2026-10-05T05:28:03.579382Z,KXXRP15M-26OCT050130-30,0.0430,12.03,no
2026-10-05T05:28:03.8117Z,KXXRP15M-26OCT050130-30,0.0440,5.00,yes
2026-10-05T05:28:04.49226Z,KXXRP15M-26OCT050130-30,0.0640,26.00,yes
2026-10-05T05:28:04.596567Z,KXXRP15M-26OCT050130-30,0.0750,0.93,yes
2026-10-05T05:28:04.689579Z,KXXRP15M-26OCT050130-30,0.0520,1.00,no
2026-10-05T05:28:04.689579Z,KXXRP15M-26OCT050130-30,0.0510,0.04,no
2026-10-05T05:28:04.697559Z,KXXRP15M-26OCT050130-30,0.0500,109.04,no
2026-10-05T05:28:04.697559Z,KXXRP15M-26OCT050130-30,0.0510,5.96,no
2026-10-05T05:28:04.922626Z,KXXRP15M-26OCT050130-30,0.0550,7.50,no
2026-10-05T05:28:04.922626Z,KXXRP15M-26OCT050130-30,0.0510,38.58,no
2026-10-05T05:28:04.922626Z,KXXRP15M-26OCT050130-30,0.0520,6.00,no
2026-10-05T05:28:05.382809Z,KXXRP15M-26OCT050130-30,0.0570,5.00,no
2026-10-05T05:28:05.382809Z,KXXRP15M-26OCT050130-30,0.0560,5.00,no
2026-10-05T05:28:05.382809Z,KXXRP15M-26OCT050130-30,0.0500,4.97,no
2026-10-05T05:28:05.382809Z,KXXRP15M-26OCT050130-30,0.0510,6.00,no
2026-10-05T05:28:05.445713Z,KXXRP15M-26OCT050130-30,0.0890,6.00,yes
2026-10-05T05:28:05.445713Z,KXXRP15M-26OCT050130-30,0.0620,11.00,yes
2026-10-05T05:28:05.445713Z,KXXRP15M-26OCT050130-30,0.0700,7.50,yes
2026-10-05T05:28:05.445713Z,KXXRP15M-26OCT050130-30,0.0640,5.00,yes
2026-10-05T05:28:05.445713Z,KXXRP15M-26OCT050130-30,0.0860,11.00,yes
2026-10-05T05:28:05.445713Z,KXXRP15M-26OCT050130-30,0.0650,5.00,yes
2026-10-05T05:28:05.445713Z,KXXRP15M-26OCT050130-30,0.0900,32.35,yes
2026-10-05T05:28:05.445713Z,KXXRP15M-26OCT050130-30,0.0880,12.95,yes
2026-10-05T05:28:05.445713Z,KXXRP15M-26OCT050130-30,0.0850,7.00,yes
2026-10-05T05:28:05.445713Z,KXXRP15M-26OCT050130-30,0.0750,7.50,yes
2026-10-05T05:28:05.445713Z,KXXRP15M-26OCT050130-30,0.0700,2.00,yes
2026-10-05T05:28:05.613739Z,KXXRP15M-26OCT050130-30,0.0550,5.00,no
2026-10-05T05:28:05.613739Z,KXXRP15M-26OCT050130-30,0.0510,6.00,no
2026-10-05T05:28:05.613739Z,KXXRP15M-26OCT050130-30,0.0550,7.50,no
2026-10-05T05:28:05.613739Z,KXXRP15M-26OCT050130-30,0.0570,36.00,no
2026-10-05T05:28:05.613739Z,KXXRP15M-26OCT050130-30,0.0560,5.00,no
2026-10-05T05:28:05.613739Z,KXXRP15M-26OCT050130-30,0.0500,1.37,no
2026-10-05T05:28:05.899893Z,KXXRP15M-26OCT050130-30,0.0580,5.00,no
2026-10-05T05:28:05.922103Z,KXXRP15M-26OCT050130-30,0.0570,5.00,no
2026-10-05T05:28:05.922103Z,KXXRP15M-26OCT050130-30,0.0520,6.00,no
2026-10-05T05:28:05.922103Z,KXXRP15M-26OCT050130-30,0.0560,5.00,no
2026-10-05T05:28:05.922103Z,KXXRP15M-26OCT050130-30,0.0510,2.00,no
2026-10-05T05:28:05.922103Z,KXXRP15M-26OCT050130-30,0.0500,191.29,no
2026-10-05T05:28:07.270376Z,KXXRP15M-26OCT050130-30,0.0560,0.10,no
2026-10-05T05:28:07.270376Z,KXXRP15M-26OCT050130-30,0.0480,7.00,no
2026-10-05T05:28:07.270376Z,KXXRP15M-26OCT050130-30,0.0470,1.11,no
2026-10-05T05:28:09.830067Z,KXXRP15M-26OCT050130-30,0.0500,0.10,no
2026-10-05T05:28:09.830067Z,KXXRP15M-26OCT050130-30,0.0490,1.57,no
2026-10-05T05:28:09.888283Z,KXXRP15M-26OCT050130-30,0.0540,0.10,yes
2026-10-05T05:28:09.888417Z,KXXRP15M-26OCT050130-30,0.0590,7.00,yes
2026-10-05T05:28:09.888417Z,KXXRP15M-26OCT050130-30,0.0600,18.00,yes
2026-10-05T05:28:09.965657Z,KXXRP15M-26OCT050130-30,0.0600,8.00,yes
2026-10-05T05:28:10.539161Z,KXXRP15M-26OCT050130-30,0.0540,5.00,yes
2026-10-05T05:28:10.539161Z,KXXRP15M-26OCT050130-30,0.0540,3.07,yes
2026-10-05T05:28:11.546414Z,KXXRP15M-26OCT050130-30,0.0490,0.43,no
2026-10-05T05:28:11.546414Z,KXXRP15M-26OCT050130-30,0.0450,2.17,no
2026-10-05T05:28:11.546414Z,KXXRP15M-26OCT050130-30,0.0520,0.10,no
2026-10-05T05:28:12.39173Z,KXXRP15M-26OCT050130-30,0.0440,2.00,no
2026-10-05T05:28:12.39173Z,KXXRP15M-26OCT050130-30,0.0440,2.00,no
2026-10-05T05:28:12.597932Z,KXXRP15M-26OCT050130-30,0.0430,13.00,no
2026-10-05T05:28:12.698819Z,KXXRP15M-26OCT050130-30,0.0430,10.00,no
2026-10-05T05:28:12.872602Z,KXXRP15M-26OCT050130-30,0.0430,7.00,no
2026-10-05T05:28:13.550683Z,KXXRP15M-26OCT050130-30,0.0590,7.00,yes
2026-10-05T05:28:13.550683Z,KXXRP15M-26OCT050130-30,0.0450,5.00,yes
2026-10-05T05:28:13.550683Z,KXXRP15M-26OCT050130-30,0.0590,15.81,yes
2026-10-05T05:28:13.550683Z,KXXRP15M-26OCT050130-30,0.0440,5.00,yes
2026-10-05T05:28:13.550683Z,KXXRP15M-26OCT050130-30,0.0590,0.10,yes
2026-10-05T05:28:14.674488Z,KXXRP15M-26OCT050130-30,0.0490,3.00,yes
2026-10-05T05:28:14.745966Z,KXXRP15M-26OCT050130-30,0.0490,2.20,yes
2026-10-05T05:28:14.775579Z,KXXRP15M-26OCT050130-30,0.0490,5.00,yes
2026-10-05T05:28:15.29365Z,KXXRP15M-26OCT050130-30,0.0490,3.20,yes
2026-10-05T05:28:15.29365Z,KXXRP15M-26OCT050130-30,0.0490,0.80,yes
2026-10-05T05:28:15.736029Z,KXXRP15M-26OCT050130-30,0.0510,2.23,yes
2026-10-05T05:28:16.433251Z,KXXRP15M-26OCT050130-30,0.0490,1.90,yes
2026-10-05T05:28:16.433251Z,KXXRP15M-26OCT050130-30,0.0490,0.10,yes
2026-10-05T05:28:16.450757Z,KXXRP15M-26OCT050130-30,0.0470,0.50,no
2026-10-05T05:28:16.832262Z,KXXRP15M-26OCT050130-30,0.0470,18.50,no
2026-10-05T05:28:16.832262Z,KXXRP15M-26OCT050130-30,0.0470,1.50,no
2026-10-05T05:28:16.864482Z,KXXRP15M-26OCT050130-30,0.0500,99.00,yes
2026-10-05T05:28:16.864533Z,KXXRP15M-26OCT050130-30,0.0500,1.00,yes
2026-10-05T05:28:16.864533Z,KXXRP15M-26OCT050130-30,0.0540,5.00,yes
2026-10-05T05:28:16.864533Z,KXXRP15M-26OCT050130-30,0.0530,5.00,yes
2026-10-05T05:28:16.898264Z,KXXRP15M-26OCT050130-30,0.0600,1.00,yes
2026-10-05T05:28:16.898264Z,KXXRP15M-26OCT050130-30,0.0600,4.00,yes
2026-10-05T05:28:16.898264Z,KXXRP15M-26OCT050130-30,0.0600,5.00,yes
2026-10-05T05:28:16.898264Z,KXXRP15M-26OCT050130-30,0.0600,5.00,yes
2026-10-05T05:28:16.898264Z,KXXRP15M-26OCT050130-30,0.0600,31.00,yes
2026-10-05T05:28:16.898264Z,KXXRP15M-26OCT050130-30,0.0600,4.00,yes
2026-10-05T05:28:16.898264Z,KXXRP15M-26OCT050130-30,0.0600,4.00,yes
2026-10-05T05:28:16.898264Z,KXXRP15M-26OCT050130-30,0.0600,0.10,yes
2026-10-05T05:28:16.898264Z,KXXRP15M-26OCT050130-30,0.0650,6.90,yes
2026-10-05T05:28:17.060146Z,KXXRP15M-26OCT050130-30,0.0780,5.00,no
2026-10-05T05:28:17.060146Z,KXXRP15M-26OCT050130-30,0.0770,4.00,no
2026-10-05T05:28:18.347133Z,KXXRP15M-26OCT050130-30,0.0480,4.85,yes
2026-10-05T05:28:18.785932Z,KXXRP15M-26OCT050130-30,0.0480,0.15,yes
2026-10-05T05:28:18.785932Z,KXXRP15M-26OCT050130-30,0.0490,5.00,yes
2026-10-05T05:28:18.785932Z,KXXRP15M-26OCT050130-30,0.0570,0.10,yes
2026-10-05T05:28:18.785932Z,KXXRP15M-26OCT050130-30,0.0590,7.00,yes
2026-10-05T05:28:18.785932Z,KXXRP15M-26OCT050130-30,0.0600,10.64,yes
2026-10-05T05:28:19.485233Z,KXXRP15M-26OCT050130-30,0.0470,5.00,yes
2026-10-05T05:28:19.674809Z,KXXRP15M-26OCT050130-30,0.0430,0.88,no
2026-10-05T05:28:20.831921Z,KXXRP15M-26OCT050130-30,0.0460,37.64,no
2026-10-05T05:28:20.867796Z,KXXRP15M-26OCT050130-30,0.0470,0.10,yes
2026-10-05T05:28:20.867796Z,KXXRP15M-26OCT050130-30,0.0470,5.00,yes
2026-10-05T05:28:20.867796Z,KXXRP15M-26OCT050130-30,0.0480,5.00,yes
2026-10-05T05:28:20.867796Z,KXXRP15M-26OCT050130-30,0.0640,5.76,yes
2026-10-05T05:28:20.867796Z,KXXRP15M-26OCT050130-30,0.0630,1.00,yes
2026-10-05T05:28:21.50059Z,KXXRP15M-26OCT050130-30,0.0480,1.04,no
2026-10-05T05:28:22.499558Z,KXXRP15M-26OCT050130-30,0.0490,1.00,yes
2026-10-05T05:28:22.499558Z,KXXRP15M-26OCT050130-30,0.0500,0.90,yes
2026-10-05T05:28:22.499558Z,KXXRP15M-26OCT050130-30,0.0480,0.10,yes
2026-10-05T05:28:22.499558Z,KXXRP15M-26OCT050130-30,0.0400,5.00,yes
2026-10-05T05:28:22.499558Z,KXXRP15M-26OCT050130-30,0.0390,5.00,yes
2026-10-05T05:28:22.558419Z,KXXRP15M-26OCT050130-30,0.0400,1.00,yes
2026-10-05T05:28:22.566028Z,KXXRP15M-26OCT050130-30,0.0320,12.03,no
2026-10-05T05:28:22.566028Z,KXXRP15M-26OCT050130-30,0.0330,7.00,no
2026-10-05T05:28:22.566028Z,KXXRP15M-26OCT050130-30,0.0350,7.50,no
2026-10-05T05:28:22.566028Z,KXXRP15M-26OCT050130-30,0.0310,5.00,no
2026-10-05T05:28:22.566028Z,KXXRP15M-26OCT050130-30,0.0300,6.83,no
2026-10-05T05:28:22.566028Z,KXXRP15M-26OCT050130-30,0.0320,47.97,no
2026-10-05T05:28:22.566028Z,KXXRP15M-26OCT050130-30,0.0320,1.00,no
2026-10-05T05:28:22.566028Z,KXXRP15M-26OCT050130-30,0.0310,1.00,no
2026-10-05T05:28:22.566028Z,KXXRP15M-26OCT050130-30,0.0300,1.00,no
2026-10-05T05:28:22.566028Z,KXXRP15M-26OCT050130-30,0.0310,5.00,no
2026-10-05T05:28:22.566028Z,KXXRP15M-26OCT050130-30,0.0300,6.66,no
2026-10-05T05:28:22.566028Z,KXXRP15M-26OCT050130-30,0.0300,2.00,no
2026-10-05T05:28:22.769008Z,KXXRP15M-26OCT050130-30,0.0350,5.00,yes
2026-10-05T05:28:22.769008Z,KXXRP15M-26OCT050130-30,0.0360,5.00,yes
2026-10-05T05:28:22.971994Z,KXXRP15M-26OCT050130-30,0.0370,5.00,yes
2026-10-05T05:28:23.176182Z,KXXRP15M-26OCT050130-30,0.0380,5.00,yes
2026-10-05T05:28:23.250299Z,KXXRP15M-26OCT050130-30,0.0370,5.00,yes
2026-10-05T05:28:24.26008Z,KXXRP15M-26OCT050130-30,0.0370,0.10,yes
2026-10-05T05:28:24.26008Z,KXXRP15M-26OCT050130-30,0.0400,18.29,yes
2026-10-05T05:28:24.26008Z,KXXRP15M-26OCT050130-30,0.0390,5.00,yes
2026-10-05T05:28:24.947617Z,KXXRP15M-26OCT050130-30,0.0230,1.00,no
2026-10-05T05:28:24.947617Z,KXXRP15M-26OCT050130-30,0.0310,0.10,no
2026-10-05T05:28:24.947617Z,KXXRP15M-26OCT050130-30,0.0320,18.29,no
2026-10-05T05:28:24.947617Z,KXXRP15M-26OCT050130-30,0.0300,7.50,no
2026-10-05T05:28:24.947617Z,KXXRP15M-26OCT050130-30,0.0260,7.00,no
2026-10-05T05:28:24.947617Z,KXXRP15M-26OCT050130-30,0.0250,7.50,no
2026-10-05T05:28:24.947617Z,KXXRP15M-26OCT050130-30,0.0300,3.17,no
2026-10-05T05:28:24.947617Z,KXXRP15M-26OCT050130-30,0.0250,40.00,no
2026-10-05T05:28:24.947617Z,KXXRP15M-26OCT050130-30,0.0240,1.00,no
2026-10-05T05:28:24.947617Z,KXXRP15M-26OCT050130-30,0.0270,1.00,no
2026-10-05T05:28:24.947617Z,KXXRP15M-26OCT050130-30,0.0250,1.00,no
2026-10-05T05:28:24.947617Z,KXXRP15M-26OCT050130-30,0.0260,1.00,no
2026-10-05T05:28:24.947617Z,KXXRP15M-26OCT050130-30,0.0280,1.00,no
2026-10-05T05:28:24.947617Z,KXXRP15M-26OCT050130-30,0.0210,10.00,no
2026-10-05T05:28:24.947617Z,KXXRP15M-26OCT050130-30,0.0220,40.00,no
2026-10-05T05:28:24.947617Z,KXXRP15M-26OCT050130-30,0.0220,350.00,no
2026-10-05T05:28:24.947617Z,KXXRP15M-26OCT050130-30,0.0200,16.76,no
2026-10-05T05:28:24.947617Z,KXXRP15M-26OCT050130-30,0.0210,40.00,no
2026-10-05T05:28:24.947617Z,KXXRP15M-26OCT050130-30,0.0220,1.00,no
2026-10-05T05:28:24.947617Z,KXXRP15M-26OCT050130-30,0.0210,1.00,no
2026-10-05T05:28:24.947617Z,KXXRP15M-26OCT050130-30,0.0230,1.00,no
2026-10-05T05:28:24.947617Z,KXXRP15M-26OCT050130-30,0.0210,47.00,no
2026-10-05T05:28:25.037359Z,KXXRP15M-26OCT050130-30,0.0280,40.00,yes
2026-10-05T05:28:25.037359Z,KXXRP15M-26OCT050130-30,0.0280,40.00,yes
2026-10-05T05:28:25.037359Z,KXXRP15M-26OCT050130-30,0.0280,2.00,yes
2026-10-05T05:28:25.139573Z,KXXRP15M-26OCT050130-30,0.0280,4.00,yes
2026-10-05T05:28:25.189575Z,KXXRP15M-26OCT050130-30,0.0270,5.00,no
2026-10-05T05:28:25.367046Z,KXXRP15M-26OCT050130-30,0.0260,5.00,no
2026-10-05T05:28:25.398087Z,KXXRP15M-26OCT050130-30,0.0280,2.30,yes
2026-10-05T05:28:25.592165Z,KXXRP15M-26OCT050130-30,0.0280,1.12,yes
2026-10-05T05:28:26.094032Z,KXXRP15M-26OCT050130-30,0.0220,1.00,no
2026-10-05T05:28:26.094032Z,KXXRP15M-26OCT050130-30,0.0240,5.00,no
2026-10-05T05:28:26.094032Z,KXXRP15M-26OCT050130-30,0.0250,5.00,no
2026-10-05T05:28:26.789566Z,KXXRP15M-26OCT050130-30,0.0200,15.00,no
2026-10-05T05:28:26.854128Z,KXXRP15M-26OCT050130-30,0.0200,6.00,no
2026-10-05T05:28:27.031783Z,KXXRP15M-26OCT050130-30,0.0210,2.03,yes
2026-10-05T05:28:27.228934Z,KXXRP15M-26OCT050130-30,0.0210,5.69,yes
2026-10-05T05:28:27.228934Z,KXXRP15M-26OCT050130-30,0.0210,5.31,yes
2026-10-05T05:28:27.23723Z,KXXRP15M-26OCT050130-30,0.0210,9.31,yes
2026-10-05T05:28:27.23723Z,KXXRP15M-26OCT050130-30,0.0210,0.69,yes
2026-10-05T05:28:27.351209Z,KXXRP15M-26OCT050130-30,0.0200,96.76,no
2026-10-05T05:28:27.351209Z,KXXRP15M-26OCT050130-30,0.0200,2.24,no
2026-10-05T05:28:27.351481Z,KXXRP15M-26OCT050130-30,0.0200,32.00,no
2026-10-05T05:28:27.35311Z,KXXRP15M-26OCT050130-30,0.0200,25.00,no
2026-10-05T05:28:27.353248Z,KXXRP15M-26OCT050130-30,0.0200,8.00,no
2026-10-05T05:28:27.369003Z,KXXRP15M-26OCT050130-30,0.0200,40.00,no
2026-10-05T05:28:27.584512Z,KXXRP15M-26OCT050130-30,0.0210,1.00,yes
2026-10-05T05:28:27.696881Z,KXXRP15M-26OCT050130-30,0.0210,0.69,yes
2026-10-05T05:28:27.696881Z,KXXRP15M-26OCT050130-30,0.0210,5.00,yes
2026-10-05T05:28:27.696881Z,KXXRP15M-26OCT050130-30,0.0210,4.31,yes
2026-10-05T05:28:27.863984Z,KXXRP15M-26OCT050130-30,0.0200,10.00,no
2026-10-05T05:28:27.8648Z,KXXRP15M-26OCT050130-30,0.0200,10.00,no
2026-10-05T05:28:28.3097Z,KXXRP15M-26OCT050130-30,0.0210,1.55,yes
2026-10-05T05:28:28.3097Z,KXXRP15M-26OCT050130-30,0.0210,33.74,yes
2026-10-05T05:28:28.716549Z,KXXRP15M-26OCT050130-30,0.0200,1.00,no
2026-10-05T05:28:28.974821Z,KXXRP15M-26OCT050130-30,0.0200,2.00,no
2026-10-05T05:28:29.623438Z,KXXRP15M-26OCT050130-30,0.0200,50.00,no
2026-10-05T05:28:29.941962Z,KXXRP15M-26OCT050130-30,0.0180,56.00,no
2026-10-05T05:28:29.941962Z,KXXRP15M-26OCT050130-30,0.0190,40.00,no
2026-10-05T05:28:29.941962Z,KXXRP15M-26OCT050130-30,0.0170,40.00,no
2026-10-05T05:28:29.941962Z,KXXRP15M-26OCT050130-30,0.0180,40.00,no
2026-10-05T05:28:29.941962Z,KXXRP15M-26OCT050130-30,0.0200,7.00,no
2026-10-05T05:28:29.941962Z,KXXRP15M-26OCT050130-30,0.0150,7.50,no
2026-10-05T05:28:29.941962Z,KXXRP15M-26OCT050130-30,0.0200,2.23,no
2026-10-05T05:28:29.941962Z,KXXRP15M-26OCT050130-30,0.0200,0.95,no
2026-10-05T05:28:29.941962Z,KXXRP15M-26OCT050130-30,0.0140,1.00,no
2026-10-05T05:28:29.941962Z,KXXRP15M-26OCT050130-30,0.0200,125.24,no
2026-10-05T05:28:29.941962Z,KXXRP15M-26OCT050130-30,0.0160,40.00,no
2026-10-05T05:28:29.941962Z,KXXRP15M-26OCT050130-30,0.0130,6.59,no
2026-10-05T05:28:29.941962Z,KXXRP15M-26OCT050130-30,0.0150,40.00,no
2026-10-05T05:28:29.941962Z,KXXRP15M-26OCT050130-30,0.0140,40.00,no
2026-10-05T05:28:29.941962Z,KXXRP15M-26OCT050130-30,0.0200,50.00,no
2026-10-05T05:28:29.941962Z,KXXRP15M-26OCT050130-30,0.0200,10.00,no
2026-10-05T05:28:29.941962Z,KXXRP15M-26OCT050130-30,0.0200,2.00,no
2026-10-05T05:28:30.025034Z,KXXRP15M-26OCT050130-30,0.0180,2.03,no
2026-10-05T05:28:30.506308Z,KXXRP15M-26OCT050130-30,0.0180,21.00,no
2026-10-05T05:28:30.517207Z,KXXRP15M-26OCT050130-30,0.0180,2.00,no
2026-10-05T05:28:30.641264Z,KXXRP15M-26OCT050130-30,0.0180,24.00,no
2026-10-05T05:28:30.689621Z,KXXRP15M-26OCT050130-30,0.0190,6.16,yes
2026-10-05T05:28:30.689621Z,KXXRP15M-26OCT050130-30,0.0190,5.00,yes
2026-10-05T05:28:30.727288Z,KXXRP15M-26OCT050130-30,0.0180,92.55,no
2026-10-05T05:28:30.809649Z,KXXRP15M-26OCT050130-30,0.0190,20.61,yes
2026-10-05T05:28:31.016843Z,KXXRP15M-26OCT050130-30,0.0180,8.00,no
2026-10-05T05:28:31.118298Z,KXXRP15M-26OCT050130-30,0.0180,11.00,no
2026-10-05T05:28:31.601277Z,KXXRP15M-26OCT050130-30,0.0180,8.00,no
2026-10-05T05:28:32.233731Z,KXXRP15M-26OCT050130-30,0.0190,40.00,yes
2026-10-05T05:28:32.233731Z,KXXRP15M-26OCT050130-30,0.0190,5.77,yes
2026-10-05T05:28:32.233731Z,KXXRP15M-26OCT050130-30,0.0190,40.00,yes
2026-10-05T05:28:32.233731Z,KXXRP15M-26OCT050130-30,0.0190,13.23,yes
2026-10-05T05:28:32.233813Z,KXXRP15M-26OCT050130-30,0.0190,40.00,yes
2026-10-05T05:28:32.233813Z,KXXRP15M-26OCT050130-30,0.0190,34.23,yes
2026-10-05T05:28:32.260665Z,KXXRP15M-26OCT050130-30,0.0200,12.00,yes
2026-10-05T05:28:32.660108Z,KXXRP15M-26OCT050130-30,0.0190,1.00,no
2026-10-05T05:28:32.838772Z,KXXRP15M-26OCT050130-30,0.0180,22.03,no
2026-10-05T05:28:32.962887Z,KXXRP15M-26OCT050130-30,0.0190,5.00,yes
2026-10-05T05:28:32.962887Z,KXXRP15M-26OCT050130-30,0.0200,5.00,yes
2026-10-05T05:28:32.962887Z,KXXRP15M-26OCT050130-30,0.0240,152.89,yes
2026-10-05T05:28:32.962887Z,KXXRP15M-26OCT050130-30,0.0230,10.00,yes
2026-10-05T05:28:32.962887Z,KXXRP15M-26OCT050130-30,0.0200,28.00,yes
2026-10-05T05:28:33.173162Z,KXXRP15M-26OCT050130-30,0.0200,5.00,yes
2026-10-05T05:28:33.173162Z,KXXRP15M-26OCT050130-30,0.0210,5.00,yes
2026-10-05T05:28:33.173162Z,KXXRP15M-26OCT050130-30,0.0230,7.25,yes
2026-10-05T05:28:33.173162Z,KXXRP15M-26OCT050130-30,0.0190,7.00,yes
2026-10-05T05:28:34.150722Z,KXXRP15M-26OCT050130-30,0.0200,2.00,yes
2026-10-05T05:28:34.650236Z,KXXRP15M-26OCT050130-30,0.0190,0.10,no
2026-10-05T05:28:34.650236Z,KXXRP15M-26OCT050130-30,0.0190,7.90,no
2026-10-05T05:28:34.720847Z,KXXRP15M-26OCT050130-30,0.0190,2.00,yes
2026-10-05T05:28:35.077409Z,KXXRP15M-26OCT050130-30,0.0180,50.00,no
2026-10-05T05:28:35.177247Z,KXXRP15M-26OCT050130-30,0.0180,8.00,no
2026-10-05T05:28:35.399209Z,KXXRP15M-26OCT050130-30,0.0180,1.00,no
2026-10-05T05:28:35.405923Z,KXXRP15M-26OCT050130-30,0.0180,1.00,no
2026-10-05T05:28:35.617312Z,KXXRP15M-26OCT050130-30,0.0180,99.00,no
2026-10-05T05:28:35.632181Z,KXXRP15M-26OCT050130-30,0.0180,4.00,no
2026-10-05T05:28:35.79254Z,KXXRP15M-26OCT050130-30,0.0180,39.00,no
2026-10-05T05:28:35.799861Z,KXXRP15M-26OCT050130-30,0.0180,7.39,no
2026-10-05T05:28:36.222365Z,KXXRP15M-26OCT050130-30,0.0130,15.00,no
2026-10-05T05:28:36.451737Z,KXXRP15M-26OCT050130-30,0.0140,9.81,yes
2026-10-05T05:28:36.451737Z,KXXRP15M-26OCT050130-30,0.0140,5.00,yes
2026-10-05T05:28:36.469417Z,KXXRP15M-26OCT050130-30,0.0140,2.00,no
2026-10-05T05:28:36.481299Z,KXXRP15M-26OCT050130-30,0.0140,2.00,no
2026-10-05T05:28:36.501725Z,KXXRP15M-26OCT050130-30,0.0140,50.19,no
2026-10-05T05:28:36.501725Z,KXXRP15M-26OCT050130-30,0.0140,7.00,no
2026-10-05T05:28:36.501725Z,KXXRP15M-26OCT050130-30,0.0110,1.00,no
2026-10-05T05:28:36.501725Z,KXXRP15M-26OCT050130-30,0.0110,2.00,no
2026-10-05T05:28:36.501725Z,KXXRP15M-26OCT050130-30,0.0110,20.00,no
2026-10-05T05:28:36.501725Z,KXXRP15M-26OCT050130-30,0.0110,10.00,no
2026-10-05T05:28:36.501725Z,KXXRP15M-26OCT050130-30,0.0110,85.40,no
2026-10-05T05:28:36.501725Z,KXXRP15M-26OCT050130-30,0.0110,2.00,no
2026-10-05T05:28:36.501725Z,KXXRP15M-26OCT050130-30,0.0110,1.00,no
2026-10-05T05:28:36.501725Z,KXXRP15M-26OCT050130-30,0.0110,20.00,no
2026-10-05T05:28:36.501725Z,KXXRP15M-26OCT050130-30,0.0110,40.00,no
2026-10-05T05:28:36.501725Z,KXXRP15M-26OCT050130-30,0.0130,181.41,no
2026-10-05T05:28:36.501725Z,KXXRP15M-26OCT050130-30,0.0120,40.00,no
2026-10-05T05:28:36.501725Z,KXXRP15M-26OCT050130-30,0.0130,40.00,no
2026-10-05T05:28:36.565945Z,KXXRP15M-26OCT050130-30,0.0140,3.12,yes
2026-10-05T05:28:36.565945Z,KXXRP15M-26OCT050130-30,0.0140,40.00,yes
2026-10-05T05:28:36.565945Z,KXXRP15M-26OCT050130-30,0.0140,40.00,yes
2026-10-05T05:28:36.830601Z,KXXRP15M-26OCT050130-30,0.0150,5.00,yes
2026-10-05T05:28:36.830601Z,KXXRP15M-26OCT050130-30,0.0190,12.12,yes
2026-10-05T05:28:36.830601Z,KXXRP15M-26OCT050130-30,0.0180,1.00,yes
2026-10-05T05:28:36.830601Z,KXXRP15M-26OCT050130-30,0.0190,1.00,yes
2026-10-05T05:28:36.830601Z,KXXRP15M-26OCT050130-30,0.0140,36.88,yes
2026-10-05T05:28:36.830601Z,KXXRP15M-26OCT050130-30,0.0140,5.00,yes
2026-10-05T05:28:36.867099Z,KXXRP15M-26OCT050130-30,0.0110,1.00,no
2026-10-05T05:28:37.016362Z,KXXRP15M-26OCT050130-30,0.0150,20.00,yes
2026-10-05T05:28:37.04615Z,KXXRP15M-26OCT050130-30,0.0160,1.00,yes
2026-10-05T05:28:37.314992Z,KXXRP15M-26OCT050130-30,0.0110,26.40,no
2026-10-05T05:28:37.314992Z,KXXRP15M-26OCT050130-30,0.0110,13.60,no
2026-10-05T05:28:37.638491Z,KXXRP15M-26OCT050130-30,0.0110,40.00,no
2026-10-05T05:28:37.647057Z,KXXRP15M-26OCT050130-30,0.0110,8.00,no
2026-10-05T05:28:37.647057Z,KXXRP15M-26OCT050130-30,0.0110,24.60,no
2026-10-05T05:28:37.647057Z,KXXRP15M-26OCT050130-30,0.0100,8.40,no
2026-10-05T05:28:37.731095Z,KXXRP15M-26OCT050130-30,0.0100,0.80,no
2026-10-05T05:28:38.010997Z,KXXRP15M-26OCT050130-30,0.0100,39.00,no
2026-10-05T05:28:38.034948Z,KXXRP15M-26OCT050130-30,0.0110,2.16,yes
2026-10-05T05:28:38.132557Z,KXXRP15M-26OCT050130-30,0.0100,4.29,no
2026-10-05T05:28:38.180221Z,KXXRP15M-26OCT050130-30,0.0100,187.11,no
2026-10-05T05:28:38.492841Z,KXXRP15M-26OCT050130-30,0.0100,16.86,no
2026-10-05T05:28:38.549131Z,KXXRP15M-26OCT050130-30,0.0100,11.00,no
2026-10-05T05:28:38.918429Z,KXXRP15M-26OCT050130-30,0.0100,3.81,no
2026-10-05T05:28:38.918429Z,KXXRP15M-26OCT050130-30,0.0100,3.65,no
2026-10-05T05:28:38.918429Z,KXXRP15M-26OCT050130-30,0.0100,20.00,no
2026-10-05T05:28:38.918429Z,KXXRP15M-26OCT050130-30,0.0100,1.00,no
2026-10-05T05:28:38.918429Z,KXXRP15M-26OCT050130-30,0.0100,32.54,no
2026-10-05T05:28:38.918429Z,KXXRP15M-26OCT050130-30,0.0100,40.00,no
2026-10-05T05:28:38.918429Z,KXXRP15M-26OCT050130-30,0.0100,25.00,no
2026-10-05T05:28:39.656605Z,KXXRP15M-26OCT050130-30,0.0100,23.81,no
2026-10-05T05:28:39.656605Z,KXXRP15M-26OCT050130-30,0.0100,46.19,no
2026-10-05T05:28:40.315944Z,KXXRP15M-26OCT050130-30,0.0100,14.96,no
2026-10-05T05:28:40.315944Z,KXXRP15M-26OCT050130-30,0.0100,7.04,no
2026-10-05T05:28:40.746723Z,KXXRP15M-26OCT050130-30,0.0100,9.72,no
2026-10-05T05:28:40.746723Z,KXXRP15M-26OCT050130-30,0.0100,10.40,no
2026-10-05T05:28:40.746723Z,KXXRP15M-26OCT050130-30,0.0100,33.88,no
2026-10-05T05:28:40.801468Z,KXXRP15M-26OCT050130-30,0.0100,25.00,no
2026-10-05T05:28:40.801468Z,KXXRP15M-26OCT050130-30,0.0100,0.01,no
2026-10-05T05:28:40.801468Z,KXXRP15M-26OCT050130-30,0.0100,8.00,no
2026-10-05T05:28:40.801468Z,KXXRP15M-26OCT050130-30,0.0100,55.33,no
2026-10-05T05:28:40.801468Z,KXXRP15M-26OCT050130-30,0.0100,33.81,no
2026-10-05T05:28:40.801468Z,KXXRP15M-26OCT050130-30,0.0100,24.80,no
2026-10-05T05:28:40.801468Z,KXXRP15M-26OCT050130-30,0.0100,15.88,no
2026-10-05T05:28:40.801468Z,KXXRP15M-26OCT050130-30,0.0100,27.82,no
2026-10-05T05:28:40.801468Z,KXXRP15M-26OCT050130-30,0.0100,31.68,no
2026-10-05T05:28:40.801468Z,KXXRP15M-26OCT050130-30,0.0100,10.00,no
2026-10-05T05:28:40.826104Z,KXXRP15M-26OCT050130-30,0.0090,32.57,no
2026-10-05T05:28:41.238835Z,KXXRP15M-26OCT050130-30,0.0090,59.82,no
2026-10-05T05:28:41.238835Z,KXXRP15M-26OCT050130-30,0.0090,7.43,no
2026-10-05T05:28:41.31997Z,KXXRP15M-26OCT050130-30,0.0100,33.00,yes
2026-10-05T05:28:41.425574Z,KXXRP15M-26OCT050130-30,0.0090,48.08,no
2026-10-05T05:28:41.870313Z,KXXRP15M-26OCT050130-30,0.0100,935.19,yes
2026-10-05T05:28:41.940274Z,KXXRP15M-26OCT050130-30,0.0100,93.51,yes
2026-10-05T05:28:41.991864Z,KXXRP15M-26OCT050130-30,0.0090,15.22,no
2026-10-05T05:28:42.192261Z,KXXRP15M-26OCT050130-30,0.0090,35.00,no
2026-10-05T05:28:42.478786Z,KXXRP15M-26OCT050130-30,0.0100,56.11,yes
2026-10-05T05:28:42.964681Z,KXXRP15M-26OCT050130-30,0.0100,93.51,yes
2026-10-05T05:28:42.975385Z,KXXRP15M-26OCT050130-30,0.0090,4.00,no
2026-10-05T05:28:43.172531Z,KXXRP15M-26OCT050130-30,0.0090,4.00,no
2026-10-05T05:28:43.901389Z,KXXRP15M-26OCT050130-30,0.0090,8.00,no
2026-10-05T05:28:43.912844Z,KXXRP15M-26OCT050130-30,0.0090,4.00,no
2026-10-05T05:28:44.096501Z,KXXRP15M-26OCT050130-30,0.0090,2.01,no
2026-10-05T05:28:44.113745Z,KXXRP15M-26OCT050130-30,0.0090,8.00,no
2026-10-05T05:28:44.124747Z,KXXRP15M-26OCT050130-30,0.0090,4.00,no
2026-10-05T05:28:44.136353Z,KXXRP15M-26OCT050130-30,0.0090,4.00,no
2026-10-05T05:28:44.333479Z,KXXRP15M-26OCT050130-30,0.0090,8.00,no
2026-10-05T05:28:44.347976Z,KXXRP15M-26OCT050130-30,0.0090,4.00,no
2026-10-05T05:28:44.363595Z,KXXRP15M-26OCT050130-30,0.0100,10.00,yes
2026-10-05T05:28:44.433334Z,KXXRP15M-26OCT050130-30,0.0090,4.00,no
2026-10-05T05:28:44.455902Z,KXXRP15M-26OCT050130-30,0.0090,4.00,no
2026-10-05T05:28:45.907596Z,KXXRP15M-26OCT050130-30,0.0090,20.00,no
2026-10-05T05:28:45.914585Z,KXXRP15M-26OCT050130-30,0.0090,8.00,no
2026-10-05T05:28:45.922288Z,KXXRP15M-26OCT050130-30,0.0090,4.00,no
2026-10-05T05:28:45.927652Z,KXXRP15M-26OCT050130-30,0.0090,4.00,no
2026-10-05T05:28:46.074162Z,KXXRP15M-26OCT050130-30,0.0090,96.07,no
2026-10-05T05:28:46.100215Z,KXXRP15M-26OCT050130-30,0.0090,4.00,no
2026-10-05T05:28:47.055781Z,KXXRP15M-26OCT050130-30,0.0100,11.00,yes
2026-10-05T05:28:47.070812Z,KXXRP15M-26OCT050130-30,0.0100,4.00,yes
2026-10-05T05:28:47.081981Z,KXXRP15M-26OCT050130-30,0.0100,1.00,yes
2026-10-05T05:28:47.159031Z,KXXRP15M-26OCT050130-30,0.0100,13.00,yes
2026-10-05T05:28:47.169401Z,KXXRP15M-26OCT050130-30,0.0100,4.00,yes
2026-10-05T05:28:47.178021Z,KXXRP15M-26OCT050130-30,0.0100,1.00,yes
2026-10-05T05:28:47.30446Z,KXXRP15M-26OCT050130-30,0.0090,20.00,no
2026-10-05T05:28:48.138909Z,KXXRP15M-26OCT050130-30,0.0100,1.00,yes
2026-10-05T05:28:48.141166Z,KXXRP15M-26OCT050130-30,0.0100,93.51,yes
2026-10-05T05:28:48.173807Z,KXXRP15M-26OCT050130-30,0.0090,4.00,no
2026-10-05T05:28:48.60935Z,KXXRP15M-26OCT050130-30,0.0090,8.00,no
2026-10-05T05:28:48.617264Z,KXXRP15M-26OCT050130-30,0.0090,4.00,no
2026-10-05T05:28:48.62662Z,KXXRP15M-26OCT050130-30,0.0090,4.00,no
2026-10-05T05:28:48.812967Z,KXXRP15M-26OCT050130-30,0.0090,7.00,no
2026-10-05T05:28:48.822613Z,KXXRP15M-26OCT050130-30,0.0090,0.80,no
2026-10-05T05:28:49.574409Z,KXXRP15M-26OCT050130-30,0.0100,0.80,yes
2026-10-05T05:28:49.574409Z,KXXRP15M-26OCT050130-30,0.0090,5.00,yes
2026-10-05T05:28:49.574409Z,KXXRP15M-26OCT050130-30,0.0090,12.00,yes
2026-10-05T05:28:49.574409Z,KXXRP15M-26OCT050130-30,0.0090,19.00,yes
2026-10-05T05:28:49.574409Z,KXXRP15M-26OCT050130-30,0.0090,3.20,yes
2026-10-05T05:28:50.160505Z,KXXRP15M-26OCT050130-30,0.0080,12.00,no
2026-10-05T05:28:50.170694Z,KXXRP15M-26OCT050130-30,0.0080,5.00,no
2026-10-05T05:28:50.180904Z,KXXRP15M-26OCT050130-30,0.0080,3.00,no
2026-10-05T05:28:50.226175Z,KXXRP15M-26OCT050130-30,0.0080,12.00,no
2026-10-05T05:28:50.370747Z,KXXRP15M-26OCT050130-30,0.0080,8.00,no
2026-10-05T05:28:51.372652Z,KXXRP15M-26OCT050130-30,0.0080,5.00,yes
2026-10-05T05:28:51.372652Z,KXXRP15M-26OCT050130-30,0.0090,7.17,yes
2026-10-05T05:28:51.372652Z,KXXRP15M-26OCT050130-30,0.0090,19.00,yes
2026-10-05T05:28:51.376442Z,KXXRP15M-26OCT050130-30,0.0090,2.00,yes
2026-10-05T05:28:51.706597Z,KXXRP15M-26OCT050130-30,0.0080,5.00,yes
2026-10-05T05:28:51.706597Z,KXXRP15M-26OCT050130-30,0.0090,5.00,yes
2026-10-05T05:28:51.706597Z,KXXRP15M-26OCT050130-30,0.0090,2.83,yes
2026-10-05T05:28:51.706597Z,KXXRP15M-26OCT050130-30,0.0090,8.00,yes
2026-10-05T05:28:51.706597Z,KXXRP15M-26OCT050130-30,0.0090,5.00,yes
2026-10-05T05:28:51.706597Z,KXXRP15M-26OCT050130-30,0.0090,12.00,yes
2026-10-05T05:28:51.706597Z,KXXRP15M-26OCT050130-30,0.0090,3.00,yes
2026-10-05T05:28:51.706597Z,KXXRP15M-26OCT050130-30,0.0100,29.53,yes
2026-10-05T05:28:51.742052Z,KXXRP15M-26OCT050130-30,0.0070,40.00,no
2026-10-05T05:28:52.457657Z,KXXRP15M-26OCT050130-30,0.0080,9.00,yes
2026-10-05T05:28:52.471701Z,KXXRP15M-26OCT050130-30,0.0080,31.00,yes
2026-10-05T05:28:54.191025Z,KXXRP15M-26OCT050130-30,0.0070,0.10,no
2026-10-05T05:28:54.191025Z,KXXRP15M-26OCT050130-30,0.0060,10.19,no
2026-10-05T05:28:54.237332Z,KXXRP15M-26OCT050130-30,0.0090,10.00,yes
2026-10-05T05:28:54.244043Z,KXXRP15M-26OCT050130-30,0.0090,0.19,yes
2026-10-05T05:28:54.625547Z,KXXRP15M-26OCT050130-30,0.0090,17.00,yes
2026-10-05T05:28:54.824717Z,KXXRP15M-26OCT050130-30,0.0090,1.00,yes
2026-10-05T05:28:54.824717Z,KXXRP15M-26OCT050130-30,0.0090,2.94,yes
2026-10-05T05:28:55.683695Z,KXXRP15M-26OCT050130-30,0.0060,10.00,no
2026-10-05T05:28:55.683695Z,KXXRP15M-26OCT050130-30,0.0050,22.98,no
2026-10-05T05:28:55.683695Z,KXXRP15M-26OCT050130-30,0.0060,29.81,no
2026-10-05T05:28:56.324838Z,KXXRP15M-26OCT050130-30,0.0060,167.00,no
2026-10-05T05:28:56.324838Z,KXXRP15M-26OCT050130-30,0.0060,10.00,no
2026-10-05T05:28:56.324838Z,KXXRP15M-26OCT050130-30,0.0050,3.51,no
2026-10-05T05:28:57.135167Z,KXXRP15M-26OCT050130-30,0.0050,2.00,no
2026-10-05T05:28:57.142065Z,KXXRP15M-26OCT050130-30,0.0050,2.00,no
2026-10-05T05:28:57.149927Z,KXXRP15M-26OCT050130-30,0.0050,2.00,no
2026-10-05T05:28:57.343698Z,KXXRP15M-26OCT050130-30,0.0050,7.49,no
2026-10-05T05:28:57.343698Z,KXXRP15M-26OCT050130-30,0.0050,11.00,no
2026-10-05T05:28:57.343698Z,KXXRP15M-26OCT050130-30,0.0050,7.51,no
2026-10-05T05:28:57.35201Z,KXXRP15M-26OCT050130-30,0.0050,4.00,no
2026-10-05T05:28:57.359783Z,KXXRP15M-26OCT050130-30,0.0050,2.00,no
2026-10-05T05:28:57.442906Z,KXXRP15M-26OCT050130-30,0.0050,6.00,no
2026-10-05T05:28:57.450966Z,KXXRP15M-26OCT050130-30,0.0050,2.00,no
2026-10-05T05:28:57.459363Z,KXXRP15M-26OCT050130-30,0.0050,2.00,no
2026-10-05T05:28:57.468713Z,KXXRP15M-26OCT050130-30,0.0050,2.00,no
2026-10-05T05:28:57.4822Z,KXXRP15M-26OCT050130-30,0.0060,1.00,yes
2026-10-05T05:28:57.736506Z,KXXRP15M-26OCT050130-30,0.0060,1.56,yes
2026-10-05T05:28:58.042258Z,KXXRP15M-26OCT050130-30,0.0050,24.56,no
2026-10-05T05:28:58.274986Z,KXXRP15M-26OCT050130-30,0.0050,2.00,no
2026-10-05T05:28:58.281982Z,KXXRP15M-26OCT050130-30,0.0050,2.00,no
2026-10-05T05:28:58.290786Z,KXXRP15M-26OCT050130-30,0.0050,2.00,no
2026-10-05T05:28:58.487083Z,KXXRP15M-26OCT050130-30,0.0050,10.00,no
2026-10-05T05:28:58.494394Z,KXXRP15M-26OCT050130-30,0.0050,2.00,no
2026-10-05T05:28:58.502198Z,KXXRP15M-26OCT050130-30,0.0050,0.05,no
2026-10-05T05:28:58.502198Z,KXXRP15M-26OCT050130-30,0.0050,1.95,no
2026-10-05T05:28:59.704704Z,KXXRP15M-26OCT050130-30,0.0040,6.25,no
2026-10-05T05:29:00.025284Z,KXXRP15M-26OCT050130-30,0.0050,2.00,yes
2026-10-05T05:29:00.025284Z,KXXRP15M-26OCT050130-30,0.0050,25.87,yes
2026-10-05T05:29:00.131727Z,KXXRP15M-26OCT050130-30,0.0040,1.00,no
2026-10-05T05:29:00.47886Z,KXXRP15M-26OCT050130-30,0.0040,6.25,no
2026-10-05T05:29:00.769386Z,KXXRP15M-26OCT050130-30,0.0040,9.50,no
2026-10-05T05:29:00.769386Z,KXXRP15M-26OCT050130-30,0.0040,26.50,no
2026-10-05T05:29:01.031653Z,KXXRP15M-26OCT050130-30,0.0030,40.00,no
2026-10-05T05:29:01.031653Z,KXXRP15M-26OCT050130-30,0.0040,7.00,no
2026-10-05T05:29:01.031653Z,KXXRP15M-26OCT050130-30,0.0040,3.50,no
2026-10-05T05:29:01.031653Z,KXXRP15M-26OCT050130-30,0.0030,18.00,no
2026-10-05T05:29:01.031653Z,KXXRP15M-26OCT050130-30,0.0040,1.00,no
2026-10-05T05:29:01.031653Z,KXXRP15M-26OCT050130-30,0.0030,2.00,no
2026-10-05T05:29:01.031653Z,KXXRP15M-26OCT050130-30,0.0030,2.00,no
2026-10-05T05:29:01.031653Z,KXXRP15M-26OCT050130-30,0.0030,2.00,no
2026-10-05T05:29:01.031653Z,KXXRP15M-26OCT050130-30,0.0040,1.00,no
2026-10-05T05:29:01.031653Z,KXXRP15M-26OCT050130-30,0.0030,2.00,no
2026-10-05T05:29:01.031653Z,KXXRP15M-26OCT050130-30,0.0040,1.00,no
2026-10-05T05:29:01.031653Z,KXXRP15M-26OCT050130-30,0.0040,1.00,no
2026-10-05T05:29:01.031653Z,KXXRP15M-26OCT050130-30,0.0040,1.00,no
2026-10-05T05:29:01.031653Z,KXXRP15M-26OCT050130-30,0.0030,2.00,no
2026-10-05T05:29:01.031653Z,KXXRP15M-26OCT050130-30,0.0020,66.50,no
2026-10-05T05:29:01.031653Z,KXXRP15M-26OCT050130-30,0.0030,400.00,no
2026-10-05T05:29:01.031653Z,KXXRP15M-26OCT050130-30,0.0030,40.00,no
2026-10-05T05:29:01.125578Z,KXXRP15M-26OCT050130-30,0.0020,1.00,no
2026-10-05T05:29:01.256391Z,KXXRP15M-26OCT050130-30,0.0020,6.25,no
2026-10-05T05:29:01.505324Z,KXXRP15M-26OCT050130-30,0.0020,326.25,no
2026-10-05T05:29:01.505324Z,KXXRP15M-26OCT050130-30,0.0020,320.95,no
2026-10-05T05:29:01.510827Z,KXXRP15M-26OCT050130-30,0.0040,18.00,yes
2026-10-05T05:29:02.024891Z,KXXRP15M-26OCT050130-30,0.0030,25.00,yes
2026-10-05T05:29:02.024891Z,KXXRP15M-26OCT050130-30,0.0050,1.00,yes
2026-10-05T05:29:02.024891Z,KXXRP15M-26OCT050130-30,0.0050,6.25,yes
2026-10-05T05:29:02.024891Z,KXXRP15M-26OCT050130-30,0.0050,26.50,yes
2026-10-05T05:29:02.024891Z,KXXRP15M-26OCT050130-30,0.0040,22.00,yes
2026-10-05T05:29:02.024891Z,KXXRP15M-26OCT050130-30,0.0040,41.00,yes
2026-10-05T05:29:02.024891Z,KXXRP15M-26OCT050130-30,0.0050,66.07,yes
2026-10-05T05:29:02.024891Z,KXXRP15M-26OCT050130-30,0.0050,6.25,yes
2026-10-05T05:29:02.032068Z,KXXRP15M-26OCT050130-30,0.0020,6.25,no
2026-10-05T05:29:02.561887Z,KXXRP15M-26OCT050130-30,0.0020,6.29,no
2026-10-05T05:29:03.221538Z,KXXRP15M-26OCT050130-30,0.0040,18.00,yes
2026-10-05T05:29:03.221538Z,KXXRP15M-26OCT050130-30,0.0040,12.00,yes
2026-10-05T05:29:03.614036Z,KXXRP15M-26OCT050130-30,0.0050,23.00,yes
2026-10-05T05:29:03.614036Z,KXXRP15M-26OCT050130-30,0.0040,18.00,yes
2026-10-05T05:29:03.614036Z,KXXRP15M-26OCT050130-30,0.0040,24.00,yes
2026-10-05T05:29:06.095446Z,KXXRP15M-26OCT050130-30,0.0050,5.07,yes
2026-10-05T05:29:06.095446Z,KXXRP15M-26OCT050130-30,0.0050,10.93,yes
2026-10-05T05:29:06.118704Z,KXXRP15M-26OCT050130-30,0.0050,22.00,yes
2026-10-05T05:29:06.131967Z,KXXRP15M-26OCT050130-30,0.0050,6.00,yes
2026-10-05T05:29:06.145389Z,KXXRP15M-26OCT050130-30,0.0050,2.00,yes
2026-10-05T05:29:06.167722Z,KXXRP15M-26OCT050130-30,0.0050,2.00,yes
2026-10-05T05:29:06.184824Z,KXXRP15M-26OCT050130-30,0.0040,55.15,no
2026-10-05T05:29:06.337Z,KXXRP15M-26OCT050130-30,0.0040,194.85,no
2026-10-05T05:29:06.337Z,KXXRP15M-26OCT050130-30,0.0030,5.15,no
2026-10-05T05:29:07.428401Z,KXXRP15M-26OCT050130-30,0.0030,24.78,yes
2026-10-05T05:29:07.669876Z,KXXRP15M-26OCT050130-30,0.0030,50.22,yes
2026-10-05T05:29:07.822966Z,KXXRP15M-26OCT050130-30,0.0040,26.00,yes
2026-10-05T05:29:07.822966Z,KXXRP15M-26OCT050130-30,0.0050,10.74,yes
2026-10-05T05:29:08.12217Z,KXXRP15M-26OCT050130-30,0.0050,157.00,yes
2026-10-05T05:29:09.088052Z,KXXRP15M-26OCT050130-30,0.0030,21.00,yes
2026-10-05T05:29:09.088052Z,KXXRP15M-26OCT050130-30,0.0040,9.53,yes
2026-10-05T05:29:10.063795Z,KXXRP15M-26OCT050130-30,0.0020,30.14,no
2026-10-05T05:29:10.063795Z,KXXRP15M-26OCT050130-30,0.0020,5.00,no
2026-10-05T05:29:10.063795Z,KXXRP15M-26OCT050130-30,0.0020,40.00,no
2026-10-05T05:29:10.063795Z,KXXRP15M-26OCT050130-30,0.0020,3.00,no
2026-10-05T05:29:10.063795Z,KXXRP15M-26OCT050130-30,0.0020,3.00,no
2026-10-05T05:29:10.063795Z,KXXRP15M-26OCT050130-30,0.0020,3.00,no
2026-10-05T05:29:10.063795Z,KXXRP15M-26OCT050130-30,0.0020,3.00,no
2026-10-05T05:29:10.063795Z,KXXRP15M-26OCT050130-30,0.0020,3.00,no
2026-10-05T05:29:10.063795Z,KXXRP15M-26OCT050130-30,0.0020,26.00,no
2026-10-05T05:29:10.233612Z,KXXRP15M-26OCT050130-30,0.0050,12.54,yes
2026-10-05T05:29:10.233612Z,KXXRP15M-26OCT050130-30,0.0040,40.00,yes
2026-10-05T05:29:10.233612Z,KXXRP15M-26OCT050130-30,0.0040,18.00,yes
2026-10-05T05:29:10.233612Z,KXXRP15M-26OCT050130-30,0.0060,26.00,yes
2026-10-05T05:29:10.233612Z,KXXRP15M-26OCT050130-30,0.0050,7.00,yes
2026-10-05T05:29:10.233612Z,KXXRP15M-26OCT050130-30,0.0060,2.00,yes
2026-10-05T05:29:10.233612Z,KXXRP15M-26OCT050130-30,0.0060,7.51,yes
2026-10-05T05:29:10.233612Z,KXXRP15M-26OCT050130-30,0.0060,2.00,yes
2026-10-05T05:29:10.233612Z,KXXRP15M-26OCT050130-30,0.0060,2.00,yes
2026-10-05T05:29:10.233612Z,KXXRP15M-26OCT050130-30,0.0070,28.63,yes
2026-10-05T05:29:10.233612Z,KXXRP15M-26OCT050130-30,0.0060,22.98,yes
2026-10-05T05:29:10.233612Z,KXXRP15M-26OCT050130-30,0.0060,1.95,yes
2026-10-05T05:29:12.304406Z,KXXRP15M-26OCT050130-30,0.0050,36.00,yes
2026-10-05T05:29:12.304406Z,KXXRP15M-26OCT050130-30,0.0060,7.79,yes
2026-10-05T05:29:12.701742Z,KXXRP15M-26OCT050130-30,0.0060,35.00,yes
2026-10-05T05:29:12.701742Z,KXXRP15M-26OCT050130-30,0.0070,32.00,yes
2026-10-05T05:29:12.701742Z,KXXRP15M-26OCT050130-30,0.0070,23.00,yes
2026-10-05T05:29:12.701742Z,KXXRP15M-26OCT050130-30,0.0070,1.18,yes
2026-10-05T05:29:12.701742Z,KXXRP15M-26OCT050130-30,0.0080,5.00,yes
2026-10-05T05:29:12.701742Z,KXXRP15M-26OCT050130-30,0.0080,20.72,yes
2026-10-05T05:29:14.152486Z,KXXRP15M-26OCT050130-30,0.0020,62.88,no
2026-10-05T05:29:15.644034Z,KXXRP15M-26OCT050130-30,0.0080,26.88,yes
2026-10-05T05:29:15.644034Z,KXXRP15M-26OCT050130-30,0.0070,23.00,yes
2026-10-05T05:29:15.644034Z,KXXRP15M-26OCT050130-30,0.0040,24.00,yes
2026-10-05T05:29:15.644034Z,KXXRP15M-26OCT050130-30,0.0040,43.00,yes
2026-10-05T05:29:15.769221Z,KXXRP15M-26OCT050130-30,0.0020,5.00,no
2026-10-05T05:29:16.012445Z,KXXRP15M-26OCT050130-30,0.0040,2.00,yes
2026-10-05T05:29:16.012445Z,KXXRP15M-26OCT050130-30,0.0040,26.78,yes
2026-10-05T05:29:16.101465Z,KXXRP15M-26OCT050130-30,0.0080,18.40,yes
2026-10-05T05:29:16.101465Z,KXXRP15M-26OCT050130-30,0.0080,156.90,yes
2026-10-05T05:29:16.101465Z,KXXRP15M-26OCT050130-30,0.0040,15.22,yes
2026-10-05T05:29:16.101465Z,KXXRP15M-26OCT050130-30,0.0070,23.00,yes
2026-10-05T05:29:16.101465Z,KXXRP15M-26OCT050130-30,0.0040,44.00,yes
2026-10-05T05:29:16.960241Z,KXXRP15M-26OCT050130-30,0.0020,0.11,no
2026-10-05T05:29:17.46575Z,KXXRP15M-26OCT050130-30,0.0040,25.00,yes
2026-10-05T05:29:17.46575Z,KXXRP15M-26OCT050130-30,0.0040,9.00,yes
2026-10-05T05:29:17.46575Z,KXXRP15M-26OCT050130-30,0.0040,671.91,yes
2026-10-05T05:29:17.669631Z,KXXRP15M-26OCT050130-30,0.0020,54.00,no
2026-10-05T05:29:17.829431Z,KXXRP15M-26OCT050130-30,0.0020,10.01,no
2026-10-05T05:29:18.800483Z,KXXRP15M-26OCT050130-30,0.0020,2.00,no
2026-10-05T05:29:18.810377Z,KXXRP15M-26OCT050130-30,0.0020,2.00,no
2026-10-05T05:29:19.131819Z,KXXRP15M-26OCT050130-30,0.0020,55.00,no
2026-10-05T05:29:19.138072Z,KXXRP15M-26OCT050130-30,0.0020,20.00,no
2026-10-05T05:29:19.146449Z,KXXRP15M-26OCT050130-30,0.0020,5.00,no
2026-10-05T05:29:19.154474Z,KXXRP15M-26OCT050130-30,0.0020,2.00,no
2026-10-05T05:29:19.16203Z,KXXRP15M-26OCT050130-30,0.0020,2.00,no
2026-10-05T05:29:19.16928Z,KXXRP15M-26OCT050130-30,0.0020,2.00,no
2026-10-05T05:29:19.176186Z,KXXRP15M-26OCT050130-30,0.0020,2.00,no
2026-10-05T05:29:19.184831Z,KXXRP15M-26OCT050130-30,0.0020,2.00,no
2026-10-05T05:29:19.192246Z,KXXRP15M-26OCT050130-30,0.0020,2.00,no
2026-10-05T05:29:19.200882Z,KXXRP15M-26OCT050130-30,0.0020,2.00,no
2026-10-05T05:29:19.209774Z,KXXRP15M-26OCT050130-30,0.0020,2.00,no
2026-10-05T05:29:19.219616Z,KXXRP15M-26OCT050130-30,0.0020,2.00,no
2026-10-05T05:29:19.226829Z,KXXRP15M-26OCT050130-30,0.0020,2.00,no
2026-10-05T05:29:19.233501Z,KXXRP15M-26OCT050130-30,0.0020,2.00,no
2026-10-05T05:29:19.239734Z,KXXRP15M-26OCT050130-30,0.0020,2.00,no
2026-10-05T05:29:19.247369Z,KXXRP15M-26OCT050130-30,0.0020,5.00,no
2026-10-05T05:29:19.335798Z,KXXRP15M-26OCT050130-30,0.0020,15.00,no
2026-10-05T05:29:19.342476Z,KXXRP15M-26OCT050130-30,0.0020,5.00,no
2026-10-05T05:29:19.350979Z,KXXRP15M-26OCT050130-30,0.0020,2.00,no
2026-10-05T05:29:19.358106Z,KXXRP15M-26OCT050130-30,0.0020,2.00,no
2026-10-05T05:29:19.365826Z,KXXRP15M-26OCT050130-30,0.0020,2.00,no
2026-10-05T05:29:19.373272Z,KXXRP15M-26OCT050130-30,0.0020,2.00,no
2026-10-05T05:29:19.381042Z,KXXRP15M-26OCT050130-30,0.0020,2.00,no
2026-10-05T05:29:19.388419Z,KXXRP15M-26OCT050130-30,0.0020,2.00,no
2026-10-05T05:29:19.39526Z,KXXRP15M-26OCT050130-30,0.0020,2.00,no
2026-10-05T05:29:19.403035Z,KXXRP15M-26OCT050130-30,0.0020,2.00,no
2026-10-05T05:29:19.410107Z,KXXRP15M-26OCT050130-30,0.0020,2.00,no
2026-10-05T05:29:19.418436Z,KXXRP15M-26OCT050130-30,0.0020,2.00,no
2026-10-05T05:29:19.426166Z,KXXRP15M-26OCT050130-30,0.0020,2.00,no
2026-10-05T05:29:19.561944Z,KXXRP15M-26OCT050130-30,0.0020,2.00,no
2026-10-05T05:29:19.606938Z,KXXRP15M-26OCT050130-30,0.0040,4.67,yes
2026-10-05T05:29:19.606938Z,KXXRP15M-26OCT050130-30,0.0030,147.00,yes
2026-10-05T05:29:21.309947Z,KXXRP15M-26OCT050130-30,0.0020,41.02,no
2026-10-05T05:29:22.327215Z,KXXRP15M-26OCT050130-30,0.0030,0.40,yes
2026-10-05T05:29:23.094247Z,KXXRP15M-26OCT050130-30,0.0020,27.00,no
2026-10-05T05:29:23.106121Z,KXXRP15M-26OCT050130-30,0.0020,2.16,no
2026-10-05T05:29:23.106121Z,KXXRP15M-26OCT050130-30,0.0020,12.84,no
2026-10-05T05:29:23.244849Z,KXXRP15M-26OCT050130-30,0.0020,7.00,yes
2026-10-05T05:29:23.426521Z,KXXRP15M-26OCT050130-30,0.0020,29.90,yes
2026-10-05T05:29:24.685045Z,KXXRP15M-26OCT050130-30,0.0010,2.38,no
2026-10-05T05:29:24.922316Z,KXXRP15M-26OCT050130-30,0.0010,49.79,no
2026-10-05T05:29:26.288112Z,KXXRP15M-26OCT050130-30,0.0010,12.00,no
2026-10-05T05:29:27.721601Z,KXXRP15M-26OCT050130-30,0.0020,99.10,yes
2026-10-05T05:29:27.721601Z,KXXRP15M-26OCT050130-30,0.0020,358.91,yes
2026-10-05T05:29:29.080938Z,KXXRP15M-26OCT050130-30,0.0010,100.00,no
2026-10-05T05:29:30.289826Z,KXXRP15M-26OCT050130-30,0.0020,458.01,yes
2026-10-05T05:29:30.430486Z,KXXRP15M-26OCT050130-30,0.0010,100.00,no
2026-10-05T05:29:30.460485Z,KXXRP15M-26OCT050130-30,0.0010,2.00,no
2026-10-05T05:29:31.974689Z,KXXRP15M-26OCT050130-30,0.0020,95.93,yes
2026-10-05T05:29:31.974689Z,KXXRP15M-26OCT050130-30,0.0020,133.08,yes
2026-10-05T05:29:33.487133Z,KXXRP15M-26OCT050130-30,0.0040,21.17,yes
2026-10-05T05:29:33.487133Z,KXXRP15M-26OCT050130-30,0.0020,320.07,yes
2026-10-05T05:29:33.487133Z,KXXRP15M-26OCT050130-30,0.0030,5.00,yes
2026-10-05T05:29:33.487133Z,KXXRP15M-26OCT050130-30,0.0020,40.00,yes
2026-10-05T05:29:34.119643Z,KXXRP15M-26OCT050130-30,0.0010,40.00,no
2026-10-05T05:29:34.119643Z,KXXRP15M-26OCT050130-30,0.0010,34.00,no
2026-10-05T05:29:34.119643Z,KXXRP15M-26OCT050130-30,0.0010,52.08,no
2026-10-05T05:29:34.119643Z,KXXRP15M-26OCT050130-30,0.0010,42.09,no
2026-10-05T05:29:34.119643Z,KXXRP15M-26OCT050130-30,0.0010,1.00,no
2026-10-05T05:29:34.119643Z,KXXRP15M-26OCT050130-30,0.0010,133.83,no
2026-10-05T05:29:34.119643Z,KXXRP15M-26OCT050130-30,0.0010,350.00,no
2026-10-05T05:29:34.119643Z,KXXRP15M-26OCT050130-30,0.0010,1.00,no
2026-10-05T05:29:34.119643Z,KXXRP15M-26OCT050130-30,0.0010,500.00,no
2026-10-05T05:29:34.119643Z,KXXRP15M-26OCT050130-30,0.0010,500.00,no
2026-10-05T05:29:34.119643Z,KXXRP15M-26OCT050130-30,0.0010,40.00,no
2026-10-05T05:29:34.119643Z,KXXRP15M-26OCT050130-30,0.0010,1.00,no
2026-10-05T05:29:34.950881Z,KXXRP15M-26OCT050130-30,0.0020,22.92,yes
2026-10-05T05:29:34.969083Z,KXXRP15M-26OCT050130-30,0.0010,22.00,no
2026-10-05T05:29:35.08831Z,KXXRP15M-26OCT050130-30,0.0010,43.00,no
2026-10-05T05:29:35.08831Z,KXXRP15M-26OCT050130-30,0.0010,0.92,no
2026-10-05T05:29:35.08831Z,KXXRP15M-26OCT050130-30,0.0010,39.08,no
2026-10-05T05:29:35.18475Z,KXXRP15M-26OCT050130-30,0.0010,42.08,no
2026-10-05T05:29:35.18475Z,KXXRP15M-26OCT050130-30,0.0010,0.92,no
2026-10-05T05:29:37.288798Z,KXXRP15M-26OCT050130-30,0.0020,137.43,yes
2026-10-05T05:29:37.306387Z,KXXRP15M-26OCT050130-30,0.0010,137.00,no
2026-10-05T05:29:37.416068Z,KXXRP15M-26OCT050130-30,0.0010,40.00,no
2026-10-05T05:29:37.416068Z,KXXRP15M-26OCT050130-30,0.0010,0.43,no
2026-10-05T05:29:37.416068Z,KXXRP15M-26OCT050130-30,0.0010,42.57,no
2026-10-05T05:29:39.104843Z,KXXRP15M-26OCT050130-30,0.0020,0.92,yes
2026-10-05T05:29:39.104843Z,KXXRP15M-26OCT050130-30,0.0020,176.75,yes
2026-10-05T05:29:39.104843Z,KXXRP15M-26OCT050130-30,0.0020,339.65,yes
2026-10-05T05:29:39.104843Z,KXXRP15M-26OCT050130-30,0.0020,17.00,yes
2026-10-05T05:29:39.104843Z,KXXRP15M-26OCT050130-30,0.0020,40.00,yes
2026-10-05T05:29:39.104843Z,KXXRP15M-26OCT050130-30,0.0020,22.00,yes
2026-10-05T05:29:39.123068Z,KXXRP15M-26OCT050130-30,0.0010,339.00,no
2026-10-05T05:29:39.198883Z,KXXRP15M-26OCT050130-30,0.0010,0.65,no
2026-10-05T05:29:39.198883Z,KXXRP15M-26OCT050130-30,0.0010,40.00,no
2026-10-05T05:29:39.198883Z,KXXRP15M-26OCT050130-30,0.0010,22.00,no
2026-10-05T05:29:39.198883Z,KXXRP15M-26OCT050130-30,0.0010,43.00,no
2026-10-05T05:29:39.198883Z,KXXRP15M-26OCT050130-30,0.0010,0.35,no
2026-10-05T05:29:39.285814Z,KXXRP15M-26OCT050130-30,0.0010,0.57,no
2026-10-05T05:29:39.285814Z,KXXRP15M-26OCT050130-30,0.0010,42.43,no
2026-10-05T05:29:41.693885Z,KXXRP15M-26OCT050130-30,0.0010,116.84,yes
2026-10-05T05:29:41.693885Z,KXXRP15M-26OCT050130-30,0.0010,699.00,yes
2026-10-05T05:29:43.650322Z,KXXRP15M-26OCT050130-30,0.0010,458.04,yes
2026-10-05T05:29:50.813044Z,KXXRP15M-26OCT050130-30,0.0010,426.12,yes
2026-10-05T05:29:50.813044Z,KXXRP15M-26OCT050130-30,0.0010,489.87,yes
2026-10-05T05:29:53.006195Z,KXXRP15M-26OCT050130-30,0.0010,91.62,yes
2026-10-05T05:29:53.494136Z,KXXRP15M-26OCT050130-30,0.0020,168.79,yes
2026-10-05T05:29:53.494136Z,KXXRP15M-26OCT050130-30,0.0010,241.51,yes
2026-10-05T05:29:53.494136Z,KXXRP15M-26OCT050130-30,0.0020,22.92,yes
2026-10-05T05:29:53.494136Z,KXXRP15M-26OCT050130-30,0.0020,0.65,yes
2026-10-05T05:29:53.494136Z,KXXRP15M-26OCT050130-30,0.0020,339.00,yes
2026-10-05T05:29:53.494136Z,KXXRP15M-26OCT050130-30,0.0010,2476.86,yes
2026-10-05T05:29:53.494136Z,KXXRP15M-26OCT050130-30,0.0010,70.00,yes
2026-10-05T05:29:53.494136Z,KXXRP15M-26OCT050130-30,0.0010,10183.16,yes
2026-10-05T05:29:53.494136Z,KXXRP15M-26OCT050130-30,0.0020,0.43,yes
2026-10-05T05:29:53.494136Z,KXXRP15M-26OCT050130-30,0.0020,322.00,yes
2026-10-05T05:29:53.494136Z,KXXRP15M-26OCT050130-30,0.0020,137.00,yes
2026-10-05T05:29:58.103343Z,KXXRP15M-26OCT050130-30,0.0010,915.99,yes
2026-10-05T05:29:58.941077Z,KXXRP15M-26OCT050130-30,0.0010,1.00,yes
2026-10-05T05:28:35.011874Z,KXSILVER15M-26OCT050130-30,0.0710,1.04,yes
2026-10-05T05:28:35.405705Z,KXSILVER15M-26OCT050130-30,0.0600,14.60,no
2026-10-05T05:28:35.405705Z,KXSILVER15M-26OCT050130-30,0.0600,1.00,no
2026-10-05T05:28:35.981132Z,KXSILVER15M-26OCT050130-30,0.0610,30.76,yes
2026-10-05T05:28:36.247747Z,KXSILVER15M-26OCT050130-30,0.0610,16.00,yes
2026-10-05T05:28:36.595249Z,KXSILVER15M-26OCT050130-30,0.0610,40.00,yes
2026-10-05T05:28:36.737883Z,KXSILVER15M-26OCT050130-30,0.0600,46.50,no
2026-10-05T05:28:36.737883Z,KXSILVER15M-26OCT050130-30,0.0600,5.50,no
2026-10-05T05:28:37.061856Z,KXSILVER15M-26OCT050130-30,0.0600,15.65,no
2026-10-05T05:28:38.10161Z,KXSILVER15M-26OCT050130-30,0.0600,18.69,yes
2026-10-05T05:28:38.968854Z,KXSILVER15M-26OCT050130-30,0.0600,83.00,yes
2026-10-05T05:28:38.968854Z,KXSILVER15M-26OCT050130-30,0.0610,238.00,yes
2026-10-05T05:28:38.968854Z,KXSILVER15M-26OCT050130-30,0.0600,7.00,yes
2026-10-05T05:28:39.820077Z,KXSILVER15M-26OCT050130-30,0.0590,2.00,no
2026-10-05T05:28:39.859902Z,KXSILVER15M-26OCT050130-30,0.0500,78.00,no
2026-10-05T05:28:39.859902Z,KXSILVER15M-26OCT050130-30,0.0440,3.00,no
2026-10-05T05:28:39.859902Z,KXSILVER15M-26OCT050130-30,0.0430,121.42,no
2026-10-05T05:28:39.859902Z,KXSILVER15M-26OCT050130-30,0.0570,60.00,no
2026-10-05T05:28:39.859902Z,KXSILVER15M-26OCT050130-30,0.0530,26.00,no
2026-10-05T05:28:39.859902Z,KXSILVER15M-26OCT050130-30,0.0500,1.00,no
2026-10-05T05:28:39.859902Z,KXSILVER15M-26OCT050130-30,0.0500,5.00,no
2026-10-05T05:28:39.859902Z,KXSILVER15M-26OCT050130-30,0.0500,1.00,no
2026-10-05T05:28:39.859902Z,KXSILVER15M-26OCT050130-30,0.0500,3.00,no
2026-10-05T05:28:40.688522Z,KXSILVER15M-26OCT050130-30,0.0400,1.04,no
2026-10-05T05:28:40.688522Z,KXSILVER15M-26OCT050130-30,0.0400,1.00,no
2026-10-05T05:28:42.106528Z,KXSILVER15M-26OCT050130-30,0.0330,16.00,no
2026-10-05T05:28:44.371465Z,KXSILVER15M-26OCT050130-30,0.0310,15.65,yes
2026-10-05T05:28:44.786103Z,KXSILVER15M-26OCT050130-30,0.0300,15.00,no
2026-10-05T05:28:44.786103Z,KXSILVER15M-26OCT050130-30,0.0300,1.00,no
2026-10-05T05:28:45.06898Z,KXSILVER15M-26OCT050130-30,0.0300,10.00,no
2026-10-05T05:28:45.677437Z,KXSILVER15M-26OCT050130-30,0.0300,43.15,yes
2026-10-05T05:28:46.044995Z,KXSILVER15M-26OCT050130-30,0.0280,30.20,yes
2026-10-05T05:28:46.577652Z,KXSILVER15M-26OCT050130-30,0.0300,23.41,yes
2026-10-05T05:28:46.815968Z,KXSILVER15M-26OCT050130-30,0.0310,16.00,yes
2026-10-05T05:28:49.702183Z,KXSILVER15M-26OCT050130-30,0.0220,1.00,no
2026-10-05T05:28:50.332648Z,KXSILVER15M-26OCT050130-30,0.0210,44.56,yes
2026-10-05T05:28:50.734614Z,KXSILVER15M-26OCT050130-30,0.0200,50.00,no
2026-10-05T05:28:50.734614Z,KXSILVER15M-26OCT050130-30,0.0200,1.00,no
2026-10-05T05:28:51.482176Z,KXSILVER15M-26OCT050130-30,0.0130,1.00,no
2026-10-05T05:28:51.609427Z,KXSILVER15M-26OCT050130-30,0.0130,1.00,no
2026-10-05T05:28:52.737801Z,KXSILVER15M-26OCT050130-30,0.0130,48.00,no
2026-10-05T05:28:53.735355Z,KXSILVER15M-26OCT050130-30,0.0210,26.54,yes
2026-10-05T05:28:54.113635Z,KXSILVER15M-26OCT050130-30,0.0130,174.00,no
2026-10-05T05:28:54.113635Z,KXSILVER15M-26OCT050130-30,0.0120,10.00,no
2026-10-05T05:28:54.113635Z,KXSILVER15M-26OCT050130-30,0.0110,10.00,no
2026-10-05T05:28:54.113635Z,KXSILVER15M-26OCT050130-30,0.0110,1.00,no
2026-10-05T05:28:54.113635Z,KXSILVER15M-26OCT050130-30,0.0110,85.00,no
2026-10-05T05:28:54.113635Z,KXSILVER15M-26OCT050130-30,0.0110,20.00,no
2026-10-05T05:28:55.948265Z,KXSILVER15M-26OCT050130-30,0.0120,77.49,yes
2026-10-05T05:28:58.486982Z,KXSILVER15M-26OCT050130-30,0.0110,1.01,no
2026-10-05T05:29:00.607273Z,KXSILVER15M-26OCT050130-30,0.0110,9.00,no
2026-10-05T05:29:01.661522Z,KXSILVER15M-26OCT050130-30,0.0210,29.09,yes
2026-10-05T05:29:01.661522Z,KXSILVER15M-26OCT050130-30,0.0200,9.00,yes
2026-10-05T05:29:01.661522Z,KXSILVER15M-26OCT050130-30,0.0200,1.00,yes
2026-10-05T05:29:01.768086Z,KXSILVER15M-26OCT050130-30,0.0110,2.17,no
2026-10-05T05:29:02.524711Z,KXSILVER15M-26OCT050130-30,0.0210,44.56,yes
2026-10-05T05:29:04.344239Z,KXSILVER15M-26OCT050130-30,0.0210,1.00,no
2026-10-05T05:29:06.507657Z,KXSILVER15M-26OCT050130-30,0.0190,48.26,yes
2026-10-05T05:29:08.862025Z,KXSILVER15M-26OCT050130-30,0.0130,1.00,no
2026-10-05T05:29:08.929928Z,KXSILVER15M-26OCT050130-30,0.0130,1.00,no
2026-10-05T05:29:09.153757Z,KXSILVER15M-26OCT050130-30,0.0190,466.80,yes
2026-10-05T05:29:11.213771Z,KXSILVER15M-26OCT050130-30,0.0160,0.21,yes
2026-10-05T05:29:12.366915Z,KXSILVER15M-26OCT050130-30,0.0110,2.02,no
2026-10-05T05:29:14.926587Z,KXSILVER15M-26OCT050130-30,0.0050,12.00,no
2026-10-05T05:29:14.926587Z,KXSILVER15M-26OCT050130-30,0.0110,105.00,no
2026-10-05T05:29:14.926587Z,KXSILVER15M-26OCT050130-30,0.0100,21.46,no
2026-10-05T05:29:14.926587Z,KXSILVER15M-26OCT050130-30,0.0030,237.83,no
2026-10-05T05:29:14.926587Z,KXSILVER15M-26OCT050130-30,0.0040,60.00,no
2026-10-05T05:29:14.926587Z,KXSILVER15M-26OCT050130-30,0.0050,30.00,no
2026-10-05T05:29:14.926587Z,KXSILVER15M-26OCT050130-30,0.0100,0.49,no
2026-10-05T05:29:14.926587Z,KXSILVER15M-26OCT050130-30,0.0100,3.26,no
2026-10-05T05:29:14.926587Z,KXSILVER15M-26OCT050130-30,0.0100,2.00,no
2026-10-05T05:29:14.926587Z,KXSILVER15M-26OCT050130-30,0.0100,13.99,no
2026-10-05T05:29:14.926587Z,KXSILVER15M-26OCT050130-30,0.0110,2.00,no
2026-10-05T05:29:14.926587Z,KXSILVER15M-26OCT050130-30,0.0110,0.80,no
2026-10-05T05:29:14.926587Z,KXSILVER15M-26OCT050130-30,0.0110,2.00,no
2026-10-05T05:29:14.926587Z,KXSILVER15M-26OCT050130-30,0.0100,9.17,no
2026-10-05T05:29:19.554491Z,KXSILVER15M-26OCT050130-30,0.0110,30.45,yes
2026-10-05T05:29:19.908159Z,KXSILVER15M-26OCT050130-30,0.0110,4.02,yes
2026-10-05T05:29:20.755298Z,KXSILVER15M-26OCT050130-30,0.0050,78.00,no
2026-10-05T05:29:21.129874Z,KXSILVER15M-26OCT050130-30,0.0110,34.13,yes
2026-10-05T05:29:22.937598Z,KXSILVER15M-26OCT050130-30,0.0110,0.58,yes
2026-10-05T05:29:23.184826Z,KXSILVER15M-26OCT050130-30,0.0050,81.00,no
2026-10-05T05:29:23.184826Z,KXSILVER15M-26OCT050130-30,0.0030,9.00,no
2026-10-05T05:29:23.184826Z,KXSILVER15M-26OCT050130-30,0.0030,30.00,no
2026-10-05T05:29:23.184826Z,KXSILVER15M-26OCT050130-30,0.0020,93.00,no
2026-10-05T05:29:24.156562Z,KXSILVER15M-26OCT050130-30,0.0090,90.00,yes
2026-10-05T05:29:24.156562Z,KXSILVER15M-26OCT050130-30,0.0090,93.00,yes
2026-10-05T05:29:24.156562Z,KXSILVER15M-26OCT050130-30,0.0110,105.42,yes
2026-10-05T05:29:24.156562Z,KXSILVER15M-26OCT050130-30,0.0100,10.00,yes
2026-10-05T05:29:29.203843Z,KXSILVER15M-26OCT050130-30,0.0090,0.01,yes
2026-10-05T05:29:29.203843Z,KXSILVER15M-26OCT050130-30,0.0100,0.21,yes
2026-10-05T05:29:29.773155Z,KXSILVER15M-26OCT050130-30,0.0100,1.78,yes
2026-10-05T05:29:35.28037Z,KXSILVER15M-26OCT050130-30,0.0020,1.00,no
2026-10-05T05:29:35.28037Z,KXSILVER15M-26OCT050130-30,0.0020,1.00,no
2026-10-05T05:29:35.28037Z,KXSILVER15M-26OCT050130-30,0.0020,3.01,no
2026-10-05T05:29:36.133825Z,KXSILVER15M-26OCT050130-30,0.0020,3.00,no
2026-10-05T05:29:38.125077Z,KXSILVER15M-26OCT050130-30,0.0020,128.05,no
2026-10-05T05:29:39.639803Z,KXSILVER15M-26OCT050130-30,0.0020,10.00,no
2026-10-05T05:29:41.31753Z,KXSILVER15M-26OCT050130-30,0.0030,2.17,yes
2026-10-05T05:29:42.128485Z,KXSILVER15M-26OCT050130-30,0.0020,23.41,no
2026-10-05T05:29:44.065575Z,KXSILVER15M-26OCT050130-30,0.0020,1.82,no
2026-10-05T05:29:48.624694Z,KXSILVER15M-26OCT050130-30,0.0020,33.00,no
2026-10-05T05:29:49.420935Z,KXSILVER15M-26OCT050130-30,0.0020,3.00,no
2026-10-05T05:29:49.428931Z,KXSILVER15M-26OCT050130-30,0.0020,248.00,no
2026-10-05T05:29:50.039375Z,KXSILVER15M-26OCT050130-30,0.0020,21.00,no
2026-10-05T05:29:53.725281Z,KXSILVER15M-26OCT050130-30,0.0020,4.00,no
2026-10-05T05:29:53.876627Z,KXSILVER15M-26OCT050130-30,0.0020,23.99,no
2026-10-05T05:29:54.810039Z,KXSILVER15M-26OCT050130-30,0.0030,30.53,yes
2026-10-05T05:29:55.387848Z,KXSILVER15M-26OCT050130-30,0.0010,0.49,no
2026-10-05T05:29:55.387848Z,KXSILVER15M-26OCT050130-30,0.0010,1.00,no
2026-10-05T05:28:57.080613Z,KXUSDJPY15M-26OCT050130-30,0.9900,22.20,yes
2026-10-05T05:28:57.096907Z,KXUSDJPY15M-26OCT050130-30,0.9900,15.00,yes
2026-10-05T05:29:03.533253Z,KXUSDJPY15M-26OCT050130-30,0.9900,22.20,yes
2026-10-05T05:29:09.972075Z,KXUSDJPY15M-26OCT050130-30,0.9900,9.15,yes
2026-10-05T05:29:09.972075Z,KXUSDJPY15M-26OCT050130-30,0.9900,10.25,yes
2026-10-05T05:29:09.972075Z,KXUSDJPY15M-26OCT050130-30,0.9900,2.00,yes
2026-10-05T05:29:09.972075Z,KXUSDJPY15M-26OCT050130-30,0.9900,1.00,yes
2026-10-05T05:29:09.972075Z,KXUSDJPY15M-26OCT050130-30,0.9900,100.60,yes
2026-10-05T05:29:09.972075Z,KXUSDJPY15M-26OCT050130-30,0.9900,1.00,yes
2026-10-05T05:29:09.972075Z,KXUSDJPY15M-26OCT050130-30,0.9900,10.00,yes
2026-10-05T05:29:12.503304Z,KXUSDJPY15M-26OCT050130-30,0.9900,1.00,no
2026-10-05T05:29:18.290315Z,KXUSDJPY15M-26OCT050130-30,0.9900,60.00,no
2026-10-05T05:29:18.290315Z,KXUSDJPY15M-26OCT050130-30,0.9900,30.00,no
2026-10-05T05:29:18.290315Z,KXUSDJPY15M-26OCT050130-30,0.9800,48.19,no
2026-10-05T05:28:51.031238Z,KXBTC15M-26OCT050130-30,0.6200,18.93,no
2026-10-05T05:28:51.066277Z,KXBTC15M-26OCT050130-30,0.6300,9.66,yes
2026-10-05T05:28:51.069056Z,KXBTC15M-26OCT050130-30,0.6300,7.73,yes
2026-10-05T05:28:51.082945Z,KXBTC15M-26OCT050130-30,0.6200,11.18,no
2026-10-05T05:28:51.087206Z,KXBTC15M-26OCT050130-30,0.6200,25.22,no
2026-10-05T05:28:51.104609Z,KXBTC15M-26OCT050130-30,0.6200,0.83,no
2026-10-05T05:28:51.140483Z,KXBTC15M-26OCT050130-30,0.6300,7.73,yes
2026-10-05T05:28:51.145161Z,KXBTC15M-26OCT050130-30,0.6300,50.00,yes
2026-10-05T05:28:51.145161Z,KXBTC15M-26OCT050130-30,0.6300,0.01,yes
2026-10-05T05:28:51.145161Z,KXBTC15M-26OCT050130-30,0.6300,50.00,yes
2026-10-05T05:28:51.145161Z,KXBTC15M-26OCT050130-30,0.6300,400.00,yes
2026-10-05T05:28:51.145161Z,KXBTC15M-26OCT050130-30,0.6300,0.01,yes
2026-10-05T05:28:51.145161Z,KXBTC15M-26OCT050130-30,0.6300,2753.27,yes
2026-10-05T05:28:51.145161Z,KXBTC15M-26OCT050130-30,0.6300,100.00,yes
2026-10-05T05:28:51.145161Z,KXBTC15M-26OCT050130-30,0.6300,10.00,yes
2026-10-05T05:28:51.146007Z,KXBTC15M-26OCT050130-30,0.6400,13.00,yes
2026-10-05T05:28:51.146007Z,KXBTC15M-26OCT050130-30,0.6400,500.00,yes
2026-10-05T05:28:51.146007Z,KXBTC15M-26OCT050130-30,0.6400,5.00,yes
2026-10-05T05:28:51.146007Z,KXBTC15M-26OCT050130-30,0.6400,50.00,yes
2026-10-05T05:28:51.146424Z,KXBTC15M-26OCT050130-30,0.6400,91.00,yes
2026-10-05T05:28:51.146621Z,KXBTC15M-26OCT050130-30,0.6500,10.00,yes
2026-10-05T05:28:51.146621Z,KXBTC15M-26OCT050130-30,0.6500,64.92,yes
2026-10-05T05:28:51.14665Z,KXBTC15M-26OCT050130-30,0.6500,50.00,yes
2026-10-05T05:28:51.14665Z,KXBTC15M-26OCT050130-30,0.6500,54.08,yes
2026-10-05T05:28:51.146806Z,KXBTC15M-26OCT050130-30,0.6600,74.92,yes
2026-10-05T05:28:51.149862Z,KXBTC15M-26OCT050130-30,0.6600,2.00,yes
2026-10-05T05:28:51.149917Z,KXBTC15M-26OCT050130-30,0.6600,50.00,yes
2026-10-05T05:28:51.149917Z,KXBTC15M-26OCT050130-30,0.6600,21.08,yes
2026-10-05T05:28:51.151103Z,KXBTC15M-26OCT050130-30,0.6800,50.00,yes
2026-10-05T05:28:51.151103Z,KXBTC15M-26OCT050130-30,0.6700,50.00,yes
2026-10-05T05:28:51.151103Z,KXBTC15M-26OCT050130-30,0.6800,15.00,yes
2026-10-05T05:28:51.151103Z,KXBTC15M-26OCT050130-30,0.6700,15.47,yes
2026-10-05T05:28:51.151959Z,KXBTC15M-26OCT050130-30,0.6900,1.00,yes
2026-10-05T05:28:51.151959Z,KXBTC15M-26OCT050130-30,0.6900,16.00,yes
2026-10-05T05:28:51.152519Z,KXBTC15M-26OCT050130-30,0.7000,20.00,yes
2026-10-05T05:28:51.152519Z,KXBTC15M-26OCT050130-30,0.7000,14.05,yes
2026-10-05T05:28:51.152519Z,KXBTC15M-26OCT050130-30,0.7000,0.09,yes
2026-10-05T05:28:51.152519Z,KXBTC15M-26OCT050130-30,0.7000,30.78,yes
2026-10-05T05:28:51.152533Z,KXBTC15M-26OCT050130-30,0.7000,1.75,yes
2026-10-05T05:28:51.153488Z,KXBTC15M-26OCT050130-30,0.6500,63.05,no
2026-10-05T05:28:51.153695Z,KXBTC15M-26OCT050130-30,0.6500,0.95,no
2026-10-05T05:28:51.153695Z,KXBTC15M-26OCT050130-30,0.6500,39.58,no
2026-10-05T05:28:51.155823Z,KXBTC15M-26OCT050130-30,0.6800,5.00,yes
2026-10-05T05:28:51.155823Z,KXBTC15M-26OCT050130-30,0.7000,111.67,yes
2026-10-05T05:28:51.155823Z,KXBTC15M-26OCT050130-30,0.7000,195.00,yes
2026-10-05T05:28:51.155823Z,KXBTC15M-26OCT050130-30,0.7000,167.47,yes
2026-10-05T05:28:51.156096Z,KXBTC15M-26OCT050130-30,0.7000,0.02,yes
2026-10-05T05:28:51.156287Z,KXBTC15M-26OCT050130-30,0.7000,5.00,yes
2026-10-05T05:28:51.156287Z,KXBTC15M-26OCT050130-30,0.7100,195.00,yes
2026-10-05T05:28:51.156287Z,KXBTC15M-26OCT050130-30,0.7000,388.31,yes
2026-10-05T05:28:51.156287Z,KXBTC15M-26OCT050130-30,0.7100,1.00,yes
2026-10-05T05:28:51.156287Z,KXBTC15M-26OCT050130-30,0.7100,16.00,yes
2026-10-05T05:28:51.1563Z,KXBTC15M-26OCT050130-30,0.7200,61.00,yes
2026-10-05T05:28:51.1563Z,KXBTC15M-26OCT050130-30,0.7200,1.00,yes
2026-10-05T05:28:51.1563Z,KXBTC15M-26OCT050130-30,0.7200,10.00,yes
2026-10-05T05:28:51.17032Z,KXBTC15M-26OCT050130-30,0.7100,28.89,yes
2026-10-05T05:28:51.188469Z,KXBTC15M-26OCT050130-30,0.7000,1.26,no
2026-10-05T05:28:51.196328Z,KXBTC15M-26OCT050130-30,0.7100,100.00,yes
2026-10-05T05:28:51.196328Z,KXBTC15M-26OCT050130-30,0.7100,0.01,yes
2026-10-05T05:28:51.196328Z,KXBTC15M-26OCT050130-30,0.7100,0.01,yes
2026-10-05T05:28:51.196764Z,KXBTC15M-26OCT050130-30,0.7000,2.00,no
2026-10-05T05:28:51.199672Z,KXBTC15M-26OCT050130-30,0.7000,2.97,no
2026-10-05T05:28:51.200378Z,KXBTC15M-26OCT050130-30,0.7100,100.01,yes
2026-10-05T05:28:51.216567Z,KXBTC15M-26OCT050130-30,0.7000,1.76,no
2026-10-05T05:28:51.245308Z,KXBTC15M-26OCT050130-30,0.7000,16.00,no
2026-10-05T05:28:51.26449Z,KXBTC15M-26OCT050130-30,0.7100,17.00,yes
2026-10-05T05:28:51.26449Z,KXBTC15M-26OCT050130-30,0.7100,0.01,yes
2026-10-05T05:28:51.26449Z,KXBTC15M-26OCT050130-30,0.7100,0.01,yes
2026-10-05T05:28:51.266818Z,KXBTC15M-26OCT050130-30,0.7100,16.00,no
2026-10-05T05:28:51.280952Z,KXBTC15M-26OCT050130-30,0.7100,10.00,no
2026-10-05T05:28:51.280952Z,KXBTC15M-26OCT050130-30,0.7100,184.00,no
2026-10-05T05:28:51.280952Z,KXBTC15M-26OCT050130-30,0.7100,10.00,no
2026-10-05T05:28:51.280952Z,KXBTC15M-26OCT050130-30,0.7100,174.31,no
2026-10-05T05:28:51.288563Z,KXBTC15M-26OCT050130-30,0.7100,17.00,no
2026-10-05T05:28:51.328111Z,KXBTC15M-26OCT050130-30,0.7100,29.55,no
2026-10-05T05:28:51.334778Z,KXBTC15M-26OCT050130-30,0.7100,252.21,no
2026-10-05T05:28:51.34817Z,KXBTC15M-26OCT050130-30,0.7100,1.72,no
2026-10-05T05:28:51.35697Z,KXBTC15M-26OCT050130-30,0.7100,7.56,no
2026-10-05T05:28:51.393293Z,KXBTC15M-26OCT050130-30,0.7100,0.01,no
2026-10-05T05:28:51.393293Z,KXBTC15M-26OCT050130-30,0.7100,0.01,no
2026-10-05T05:28:51.393293Z,KXBTC15M-26OCT050130-30,0.7100,85.59,no
2026-10-05T05:28:51.393293Z,KXBTC15M-26OCT050130-30,0.7100,130.00,no
2026-10-05T05:28:51.398963Z,KXBTC15M-26OCT050130-30,0.7100,8.41,no
2026-10-05T05:28:51.398963Z,KXBTC15M-26OCT050130-30,0.7100,6.00,no
2026-10-05T05:28:51.398963Z,KXBTC15M-26OCT050130-30,0.7100,13.70,no
2026-10-05T05:28:51.404633Z,KXBTC15M-26OCT050130-30,0.7100,8.81,no
2026-10-05T05:28:51.420374Z,KXBTC15M-26OCT050130-30,0.7100,1.96,no
2026-10-05T05:28:51.426721Z,KXBTC15M-26OCT050130-30,0.7100,16.74,no
2026-10-05T05:28:51.437985Z,KXBTC15M-26OCT050130-30,0.7100,7.00,no
2026-10-05T05:28:51.450832Z,KXBTC15M-26OCT050130-30,0.7100,51.79,no
2026-10-05T05:28:51.450832Z,KXBTC15M-26OCT050130-30,0.7100,178.21,no
2026-10-05T05:28:51.450832Z,KXBTC15M-26OCT050130-30,0.7100,42.00,no
2026-10-05T05:28:51.480198Z,KXBTC15M-26OCT050130-30,0.7100,21.79,no
2026-10-05T05:28:51.480198Z,KXBTC15M-26OCT050130-30,0.7100,28.46,no
2026-10-05T05:28:51.49121Z,KXBTC15M-26OCT050130-30,0.7200,0.01,yes
2026-10-05T05:28:51.49121Z,KXBTC15M-26OCT050130-30,0.7200,604.80,yes
2026-10-05T05:28:51.49121Z,KXBTC15M-26OCT050130-30,0.7200,0.01,yes
2026-10-05T05:28:51.49121Z,KXBTC15M-26OCT050130-30,0.7200,20.62,yes
2026-10-05T05:28:51.49121Z,KXBTC15M-26OCT050130-30,0.7200,30.52,yes
2026-10-05T05:28:51.51743Z,KXBTC15M-26OCT050130-30,0.7200,12.61,no
2026-10-05T05:28:51.529214Z,KXBTC15M-26OCT050130-30,0.7200,196.93,no
2026-10-05T05:28:51.53871Z,KXBTC15M-26OCT050130-30,0.7200,6.35,no
2026-10-05T05:28:51.561919Z,KXBTC15M-26OCT050130-30,0.7200,0.01,no
2026-10-05T05:28:51.561919Z,KXBTC15M-26OCT050130-30,0.7200,31.97,no
2026-10-05T05:28:51.561919Z,KXBTC15M-26OCT050130-30,0.7200,10.00,no
2026-10-05T05:28:51.561919Z,KXBTC15M-26OCT050130-30,0.7200,1.00,no
2026-10-05T05:28:51.561919Z,KXBTC15M-26OCT050130-30,0.7200,0.01,no
2026-10-05T05:28:51.561919Z,KXBTC15M-26OCT050130-30,0.7200,6.00,no
2026-10-05T05:28:51.561919Z,KXBTC15M-26OCT050130-30,0.7200,100.00,no
2026-10-05T05:28:51.561919Z,KXBTC15M-26OCT050130-30,0.7200,2.00,no
2026-10-05T05:28:51.561919Z,KXBTC15M-26OCT050130-30,0.7200,348.00,no
2026-10-05T05:28:51.561919Z,KXBTC15M-26OCT050130-30,0.7200,1.01,no
2026-10-05T05:28:51.561919Z,KXBTC15M-26OCT050130-30,0.7200,500.00,no
2026-10-05T05:28:51.56568Z,KXBTC15M-26OCT050130-30,0.7200,63.05,no
2026-10-05T05:28:51.572026Z,KXBTC15M-26OCT050130-30,0.7200,25.22,no
2026-10-05T05:28:51.582109Z,KXBTC15M-26OCT050130-30,0.7200,395.92,no
2026-10-05T05:28:51.582109Z,KXBTC15M-26OCT050130-30,0.7200,0.01,no
2026-10-05T05:28:51.582109Z,KXBTC15M-26OCT050130-30,0.7200,162.00,no
2026-10-05T05:28:51.582109Z,KXBTC15M-26OCT050130-30,0.7200,79.76,no
2026-10-05T05:28:51.582109Z,KXBTC15M-26OCT050130-30,0.7200,100.00,no
2026-10-05T05:28:51.582109Z,KXBTC15M-26OCT050130-30,0.7200,400.00,no
2026-10-05T05:28:51.589777Z,KXBTC15M-26OCT050130-30,0.7200,200.00,no
2026-10-05T05:28:51.589777Z,KXBTC15M-26OCT050130-30,0.7200,4.08,no
2026-10-05T05:28:51.589777Z,KXBTC15M-26OCT050130-30,0.7200,0.01,no
2026-10-05T05:28:51.589777Z,KXBTC15M-26OCT050130-30,0.7200,0.01,no
2026-10-05T05:28:51.589777Z,KXBTC15M-26OCT050130-30,0.7200,100.00,no
2026-10-05T05:28:51.592615Z,KXBTC15M-26OCT050130-30,0.7100,3.17,no
2026-10-05T05:28:51.598678Z,KXBTC15M-26OCT050130-30,0.7100,31.77,no
2026-10-05T05:28:51.608403Z,KXBTC15M-26OCT050130-30,0.7100,8.95,no
2026-10-05T05:28:51.608403Z,KXBTC15M-26OCT050130-30,0.7100,0.01,no
2026-10-05T05:28:51.608403Z,KXBTC15M-26OCT050130-30,0.7100,0.01,no
2026-10-05T05:28:51.614961Z,KXBTC15M-26OCT050130-30,0.7100,400.00,no
2026-10-05T05:28:51.614961Z,KXBTC15M-26OCT050130-30,0.7100,100.00,no
2026-10-05T05:28:51.614961Z,KXBTC15M-26OCT050130-30,0.7100,400.00,no
2026-10-05T05:28:51.614961Z,KXBTC15M-26OCT050130-30,0.7100,10.00,no
2026-10-05T05:28:51.623736Z,KXBTC15M-26OCT050130-30,0.7000,0.25,no
2026-10-05T05:28:51.628757Z,KXBTC15M-26OCT050130-30,0.7000,2.45,no
2026-10-05T05:28:51.644551Z,KXBTC15M-26OCT050130-30,0.7000,5.04,no
2026-10-05T05:28:51.713358Z,KXBTC15M-26OCT050130-30,0.7000,14.47,no
2026-10-05T05:28:51.783123Z,KXBTC15M-26OCT050130-30,0.7100,48.00,yes
2026-10-05T05:28:51.783123Z,KXBTC15M-26OCT050130-30,0.7100,50.14,yes
2026-10-05T05:28:51.783123Z,KXBTC15M-26OCT050130-30,0.7100,16.00,yes
2026-10-05T05:28:51.783123Z,KXBTC15M-26OCT050130-30,0.7100,0.01,yes
2026-10-05T05:28:51.783123Z,KXBTC15M-26OCT050130-30,0.7100,0.01,yes
2026-10-05T05:28:51.806009Z,KXBTC15M-26OCT050130-30,0.7000,113.79,no
2026-10-05T05:28:51.806009Z,KXBTC15M-26OCT050130-30,0.7000,45.09,no
2026-10-05T05:28:51.808215Z,KXBTC15M-26OCT050130-30,0.7100,63.00,yes
2026-10-05T05:28:51.8563Z,KXBTC15M-26OCT050130-30,0.7000,10.00,no
2026-10-05T05:28:51.8563Z,KXBTC15M-26OCT050130-30,0.7000,100.00,no
2026-10-05T05:28:51.8563Z,KXBTC15M-26OCT050130-30,0.7000,0.01,no
2026-10-05T05:28:51.8563Z,KXBTC15M-26OCT050130-30,0.7000,0.01,no
2026-10-05T05:28:51.8563Z,KXBTC15M-26OCT050130-30,0.7000,290.98,no
2026-10-05T05:28:51.861942Z,KXBTC15M-26OCT050130-30,0.7000,28.00,no
2026-10-05T05:28:51.875091Z,KXBTC15M-26OCT050130-30,0.7000,31.64,no
2026-10-05T05:28:51.890375Z,KXBTC15M-26OCT050130-30,0.7000,1.44,no
2026-10-05T05:28:51.8916Z,KXBTC15M-26OCT050130-30,0.7000,6.57,no
2026-10-05T05:28:51.90635Z,KXBTC15M-26OCT050130-30,0.7000,13.81,no
2026-10-05T05:28:51.914782Z,KXBTC15M-26OCT050130-30,0.7100,1.00,yes
2026-10-05T05:28:51.914782Z,KXBTC15M-26OCT050130-30,0.7100,0.01,yes
2026-10-05T05:28:51.914782Z,KXBTC15M-26OCT050130-30,0.7200,141.89,yes
2026-10-05T05:28:51.914782Z,KXBTC15M-26OCT050130-30,0.7100,0.01,yes
2026-10-05T05:28:51.914782Z,KXBTC15M-26OCT050130-30,0.7200,1.00,yes
2026-10-05T05:28:51.92288Z,KXBTC15M-26OCT050130-30,0.7300,143.90,yes
2026-10-05T05:28:51.92288Z,KXBTC15M-26OCT050130-30,0.7200,1.00,yes
2026-10-05T05:28:51.92288Z,KXBTC15M-26OCT050130-30,0.7300,4.10,yes
2026-10-05T05:28:51.92288Z,KXBTC15M-26OCT050130-30,0.7300,1.00,yes
2026-10-05T05:28:51.945904Z,KXBTC15M-26OCT050130-30,0.7200,2.39,no
2026-10-05T05:28:51.965473Z,KXBTC15M-26OCT050130-30,0.7200,1.57,no
2026-10-05T05:28:51.968488Z,KXBTC15M-26OCT050130-30,0.7300,35.00,yes
2026-10-05T05:28:51.98911Z,KXBTC15M-26OCT050130-30,0.7200,3.17,no
2026-10-05T05:28:51.992739Z,KXBTC15M-26OCT050130-30,0.7200,1.49,no
2026-10-05T05:28:52.00168Z,KXBTC15M-26OCT050130-30,0.7200,13.14,no
2026-10-05T05:28:52.00177Z,KXBTC15M-26OCT050130-30,0.7200,0.31,no
2026-10-05T05:28:52.032968Z,KXBTC15M-26OCT050130-30,0.7200,45.05,no
2026-10-05T05:28:52.042651Z,KXBTC15M-26OCT050130-30,0.7300,1.00,yes
2026-10-05T05:28:52.042996Z,KXBTC15M-26OCT050130-30,0.7200,1.43,no
2026-10-05T05:28:52.052291Z,KXBTC15M-26OCT050130-30,0.7200,34.18,no
2026-10-05T05:28:52.061969Z,KXBTC15M-26OCT050130-30,0.7200,663.84,no
2026-10-05T05:28:52.067878Z,KXBTC15M-26OCT050130-30,0.7200,4.35,no
2026-10-05T05:28:52.097484Z,KXBTC15M-26OCT050130-30,0.7200,0.20,no
2026-10-05T05:28:52.100339Z,KXBTC15M-26OCT050130-30,0.7200,1.73,no
2026-10-05T05:28:52.106225Z,KXBTC15M-26OCT050130-30,0.7200,3.17,no
2026-10-05T05:28:52.107337Z,KXBTC15M-26OCT050130-30,0.7200,25.00,no
2026-10-05T05:28:52.107987Z,KXBTC15M-26OCT050130-30,0.7300,27.39,yes
2026-10-05T05:28:52.134324Z,KXBTC15M-26OCT050130-30,0.7200,1906.57,no
2026-10-05T05:28:52.158582Z,KXBTC15M-26OCT050130-30,0.7300,0.01,yes
2026-10-05T05:28:52.158582Z,KXBTC15M-26OCT050130-30,0.7300,16.22,yes
2026-10-05T05:28:52.158582Z,KXBTC15M-26OCT050130-30,0.7300,0.01,yes
2026-10-05T05:28:52.158582Z,KXBTC15M-26OCT050130-30,0.7300,72.61,yes
2026-10-05T05:28:52.161875Z,KXBTC15M-26OCT050130-30,0.7200,9.85,no
2026-10-05T05:28:52.16225Z,KXBTC15M-26OCT050130-30,0.7200,4.68,no
2026-10-05T05:28:52.184068Z,KXBTC15M-26OCT050130-30,0.7200,24.69,no
2026-10-05T05:28:52.197644Z,KXBTC15M-26OCT050130-30,0.7200,17.00,no
2026-10-05T05:28:52.218863Z,KXBTC15M-26OCT050130-30,0.7200,11.15,no
2026-10-05T05:28:52.237127Z,KXBTC15M-26OCT050130-30,0.7200,4.72,no
2026-10-05T05:28:52.243539Z,KXBTC15M-26OCT050130-30,0.7200,6.35,no
2026-10-05T05:28:52.24593Z,KXBTC15M-26OCT050130-30,0.7200,15.88,no
2026-10-05T05:28:52.256446Z,KXBTC15M-26OCT050130-30,0.7200,23.44,no
2026-10-05T05:28:52.259895Z,KXBTC15M-26OCT050130-30,0.7200,12.29,no
2026-10-05T05:28:52.286834Z,KXBTC15M-26OCT050130-30,0.7200,155.34,no
2026-10-05T05:28:52.307389Z,KXBTC15M-26OCT050130-30,0.7200,67.20,no
2026-10-05T05:28:52.327226Z,KXBTC15M-26OCT050130-30,0.7200,28.42,no
2026-10-05T05:28:52.32785Z,KXBTC15M-26OCT050130-30,0.7200,3.17,no
2026-10-05T05:28:52.342152Z,KXBTC15M-26OCT050130-30,0.7200,6.80,no
2026-10-05T05:28:52.345964Z,KXBTC15M-26OCT050130-30,0.7300,0.01,yes
2026-10-05T05:28:52.345964Z,KXBTC15M-26OCT050130-30,0.7300,0.01,yes
2026-10-05T05:28:52.345964Z,KXBTC15M-26OCT050130-30,0.7300,132.75,yes
2026-10-05T05:28:52.359096Z,KXBTC15M-26OCT050130-30,0.7200,31.77,no
2026-10-05T05:28:52.364651Z,KXBTC15M-26OCT050130-30,0.7200,3.17,no
2026-10-05T05:28:52.366321Z,KXBTC15M-26OCT050130-30,0.7200,15.88,no
2026-10-05T05:28:52.366853Z,KXBTC15M-26OCT050130-30,0.7300,20.00,yes
2026-10-05T05:28:52.368606Z,KXBTC15M-26OCT050130-30,0.7200,0.03,no
2026-10-05T05:28:52.373563Z,KXBTC15M-26OCT050130-30,0.7200,18.12,no
2026-10-05T05:28:52.377017Z,KXBTC15M-26OCT050130-30,0.7200,3.40,no
2026-10-05T05:28:52.382161Z,KXBTC15M-26OCT050130-30,0.7200,37.15,no
2026-10-05T05:28:52.395208Z,KXBTC15M-26OCT050130-30,0.7200,54.21,no
2026-10-05T05:28:52.395208Z,KXBTC15M-26OCT050130-30,0.7200,66.87,no
2026-10-05T05:28:52.395208Z,KXBTC15M-26OCT050130-30,0.7200,0.01,no
2026-10-05T05:28:52.395208Z,KXBTC15M-26OCT050130-30,0.7200,0.01,no
2026-10-05T05:28:52.429442Z,KXBTC15M-26OCT050130-30,0.7200,14.90,no
2026-10-05T05:28:52.433606Z,KXBTC15M-26OCT050130-30,0.7200,34.00,no
2026-10-05T05:28:52.435635Z,KXBTC15M-26OCT050130-30,0.7200,17.00,no
2026-10-05T05:28:52.460299Z,KXBTC15M-26OCT050130-30,0.7300,1.55,yes
2026-10-05T05:28:52.462366Z,KXBTC15M-26OCT050130-30,0.7300,120.00,yes
2026-10-05T05:28:52.469501Z,KXBTC15M-26OCT050130-30,0.7200,5.99,no
2026-10-05T05:28:52.470457Z,KXBTC15M-26OCT050130-30,0.7200,65.95,no
2026-10-05T05:28:52.471483Z,KXBTC15M-26OCT050130-30,0.7200,9.67,no
2026-10-05T05:28:52.471483Z,KXBTC15M-26OCT050130-30,0.7200,7.95,no
2026-10-05T05:28:52.476419Z,KXBTC15M-26OCT050130-30,0.7200,17.00,no
2026-10-05T05:28:52.484793Z,KXBTC15M-26OCT050130-30,0.7300,1.00,yes
2026-10-05T05:28:52.488941Z,KXBTC15M-26OCT050130-30,0.7200,1.67,no
2026-10-05T05:28:52.503307Z,KXBTC15M-26OCT050130-30,0.7200,11.56,no
2026-10-05T05:28:52.505944Z,KXBTC15M-26OCT050130-30,0.7200,4.69,no
2026-10-05T05:28:52.510042Z,KXBTC15M-26OCT050130-30,0.7200,16.14,no
2026-10-05T05:28:52.548633Z,KXBTC15M-26OCT050130-30,0.7200,0.18,no
2026-10-05T05:28:52.554161Z,KXBTC15M-26OCT050130-30,0.7200,9.65,no
2026-10-05T05:28:52.561635Z,KXBTC15M-26OCT050130-30,0.7200,1.04,no
2026-10-05T05:28:52.562463Z,KXBTC15M-26OCT050130-30,0.7200,5.38,no
2026-10-05T05:28:52.568933Z,KXBTC15M-26OCT050130-30,0.7200,0.54,no
2026-10-05T05:28:52.577514Z,KXBTC15M-26OCT050130-30,0.7200,1.48,no
2026-10-05T05:28:52.579596Z,KXBTC15M-26OCT050130-30,0.7200,34.00,no
2026-10-05T05:28:52.58206Z,KXBTC15M-26OCT050130-30,0.7200,162.61,no
2026-10-05T05:28:52.582235Z,KXBTC15M-26OCT050130-30,0.7200,17.00,no
2026-10-05T05:28:52.600289Z,KXBTC15M-26OCT050130-30,0.7200,25.54,no
2026-10-05T05:28:52.604421Z,KXBTC15M-26OCT050130-30,0.7200,64.99,no
2026-10-05T05:28:52.605302Z,KXBTC15M-26OCT050130-30,0.7200,16.86,no
2026-10-05T05:28:52.605302Z,KXBTC15M-26OCT050130-30,0.7200,6.00,no
2026-10-05T05:28:52.605302Z,KXBTC15M-26OCT050130-30,0.7200,29.92,no
2026-10-05T05:28:52.612337Z,KXBTC15M-26OCT050130-30,0.7200,16.14,no
2026-10-05T05:28:52.627327Z,KXBTC15M-26OCT050130-30,0.7200,2.61,no
2026-10-05T05:28:52.62823Z,KXBTC15M-26OCT050130-30,0.7200,7.39,no
2026-10-05T05:28:52.62823Z,KXBTC15M-26OCT050130-30,0.7200,0.01,no
2026-10-05T05:28:52.62823Z,KXBTC15M-26OCT050130-30,0.7200,0.01,no
2026-10-05T05:28:52.62823Z,KXBTC15M-26OCT050130-30,0.7200,0.09,no
2026-10-05T05:28:52.629286Z,KXBTC15M-26OCT050130-30,0.7200,0.31,no
2026-10-05T05:28:52.630221Z,KXBTC15M-26OCT050130-30,0.7200,3.40,no
2026-10-05T05:28:52.630938Z,KXBTC15M-26OCT050130-30,0.7200,135.37,no
2026-10-05T05:28:52.638793Z,KXBTC15M-26OCT050130-30,0.7200,3.40,no
2026-10-05T05:28:52.642158Z,KXBTC15M-26OCT050130-30,0.7200,3.69,no
2026-10-05T05:28:52.642776Z,KXBTC15M-26OCT050130-30,0.7200,86.77,no
2026-10-05T05:28:52.669133Z,KXBTC15M-26OCT050130-30,0.7200,0.23,no
2026-10-05T05:28:52.669133Z,KXBTC15M-26OCT050130-30,0.7200,0.12,no
2026-10-05T05:28:52.681462Z,KXBTC15M-26OCT050130-30,0.7200,2.88,no
2026-10-05T05:28:52.681462Z,KXBTC15M-26OCT050130-30,0.7200,25.88,no
2026-10-05T05:28:52.684444Z,KXBTC15M-26OCT050130-30,0.7200,20.00,no
2026-10-05T05:28:52.705881Z,KXBTC15M-26OCT050130-30,0.7200,32.82,no
2026-10-05T05:28:52.722885Z,KXBTC15M-26OCT050130-30,0.7200,0.01,no
2026-10-05T05:28:52.722885Z,KXBTC15M-26OCT050130-30,0.7200,100.00,no
2026-10-05T05:28:52.722885Z,KXBTC15M-26OCT050130-30,0.7200,321.30,no
2026-10-05T05:28:52.722885Z,KXBTC15M-26OCT050130-30,0.7200,0.01,no
2026-10-05T05:28:52.722885Z,KXBTC15M-26OCT050130-30,0.7100,151.15,no
2026-10-05T05:28:52.726444Z,KXBTC15M-26OCT050130-30,0.7200,24.78,yes
2026-10-05T05:28:52.74361Z,KXBTC15M-26OCT050130-30,0.7100,0.01,no
2026-10-05T05:28:52.74361Z,KXBTC15M-26OCT050130-30,0.7100,0.01,no
2026-10-05T05:28:52.74361Z,KXBTC15M-26OCT050130-30,0.7100,10.00,no
2026-10-05T05:28:52.74361Z,KXBTC15M-26OCT050130-30,0.7100,109.54,no
2026-10-05T05:28:52.768708Z,KXBTC15M-26OCT050130-30,0.7100,5.99,no
2026-10-05T05:28:52.769458Z,KXBTC15M-26OCT050130-30,0.7100,47.81,no
2026-10-05T05:28:52.7722Z,KXBTC15M-26OCT050130-30,0.7100,25.77,no
2026-10-05T05:28:52.777712Z,KXBTC15M-26OCT050130-30,0.7100,5.16,no
2026-10-05T05:28:52.779817Z,KXBTC15M-26OCT050130-30,0.7100,2.00,no
2026-10-05T05:28:52.792815Z,KXBTC15M-26OCT050130-30,0.7100,3.73,no
2026-10-05T05:28:52.792815Z,KXBTC15M-26OCT050130-30,0.7100,28.04,no
2026-10-05T05:28:52.795694Z,KXBTC15M-26OCT050130-30,0.7100,6.05,no
2026-10-05T05:28:52.796077Z,KXBTC15M-26OCT050130-30,0.7100,28.43,no
2026-10-05T05:28:52.843647Z,KXBTC15M-26OCT050130-30,0.7100,8.49,no
2026-10-05T05:28:52.843647Z,KXBTC15M-26OCT050130-30,0.7100,0.01,no
2026-10-05T05:28:52.843647Z,KXBTC15M-26OCT050130-30,0.7100,0.01,no
2026-10-05T05:28:52.852469Z,KXBTC15M-26OCT050130-30,0.7100,39.71,no
2026-10-05T05:28:52.852681Z,KXBTC15M-26OCT050130-30,0.7200,2.19,yes
2026-10-05T05:28:52.85553Z,KXBTC15M-26OCT050130-30,0.7100,1.54,no
2026-10-05T05:28:52.862432Z,KXBTC15M-26OCT050130-30,0.7200,40.33,yes
2026-10-05T05:28:52.871427Z,KXBTC15M-26OCT050130-30,0.7100,16.00,no
2026-10-05T05:28:52.875394Z,KXBTC15M-26OCT050130-30,0.7200,6.00,yes
2026-10-05T05:28:52.877383Z,KXBTC15M-26OCT050130-30,0.7100,45.66,no
2026-10-05T05:28:52.881139Z,KXBTC15M-26OCT050130-30,0.7100,16.00,no
2026-10-05T05:28:52.893539Z,KXBTC15M-26OCT050130-30,0.7100,49.58,no
2026-10-05T05:28:52.907542Z,KXBTC15M-26OCT050130-30,0.7100,23.02,no
2026-10-05T05:28:52.907542Z,KXBTC15M-26OCT050130-30,0.7100,22.46,no
2026-10-05T05:28:52.911346Z,KXBTC15M-26OCT050130-30,0.7100,1.63,no
2026-10-05T05:28:52.932178Z,KXBTC15M-26OCT050130-30,0.7100,145.88,no
2026-10-05T05:28:52.941066Z,KXBTC15M-26OCT050130-30,0.7100,16.74,no
2026-10-05T05:28:52.945526Z,KXBTC15M-26OCT050130-30,0.7100,19.31,no
2026-10-05T05:28:52.963165Z,KXBTC15M-26OCT050130-30,0.7100,500.00,no
2026-10-05T05:28:52.963165Z,KXBTC15M-26OCT050130-30,0.7000,594.10,no
2026-10-05T05:28:52.963165Z,KXBTC15M-26OCT050130-30,0.7100,200.00,no
2026-10-05T05:28:52.963165Z,KXBTC15M-26OCT050130-30,0.7100,415.71,no
2026-10-05T05:28:52.963165Z,KXBTC15M-26OCT050130-30,0.7100,193.98,no
2026-10-05T05:28:52.963165Z,KXBTC15M-26OCT050130-30,0.7100,0.01,no
2026-10-05T05:28:52.963165Z,KXBTC15M-26OCT050130-30,0.7100,3141.00,no
2026-10-05T05:28:52.963165Z,KXBTC15M-26OCT050130-30,0.7100,50.00,no
2026-10-05T05:28:52.963165Z,KXBTC15M-26OCT050130-30,0.7100,0.01,no
2026-10-05T05:28:52.963165Z,KXBTC15M-26OCT050130-30,0.7100,10.00,no
2026-10-05T05:28:52.963165Z,KXBTC15M-26OCT050130-30,0.7100,95.00,no
2026-10-05T05:28:52.979663Z,KXBTC15M-26OCT050130-30,0.7000,2.45,no
2026-10-05T05:28:53.001928Z,KXBTC15M-26OCT050130-30,0.7000,29.03,no
2026-10-05T05:28:53.015349Z,KXBTC15M-26OCT050130-30,0.7100,1.00,yes
2026-10-05T05:28:53.015349Z,KXBTC15M-26OCT050130-30,0.7100,199.00,yes
2026-10-05T05:28:53.016557Z,KXBTC15M-26OCT050130-30,0.7000,17.94,no
2026-10-05T05:28:53.03968Z,KXBTC15M-26OCT050130-30,0.7100,0.01,yes
2026-10-05T05:28:53.03968Z,KXBTC15M-26OCT050130-30,0.7100,0.01,yes
2026-10-05T05:28:53.03968Z,KXBTC15M-26OCT050130-30,0.7100,41.00,yes
2026-10-05T05:28:53.03968Z,KXBTC15M-26OCT050130-30,0.7100,86.98,yes
2026-10-05T05:28:53.047377Z,KXBTC15M-26OCT050130-30,0.7000,7.97,no
2026-10-05T05:28:53.051016Z,KXBTC15M-26OCT050130-30,0.7000,18.95,no
2026-10-05T05:28:53.054482Z,KXBTC15M-26OCT050130-30,0.7100,7.00,yes
2026-10-05T05:28:53.057863Z,KXBTC15M-26OCT050130-30,0.7000,376.56,no
2026-10-05T05:28:53.057863Z,KXBTC15M-26OCT050130-30,0.7000,50.00,no
2026-10-05T05:28:53.057863Z,KXBTC15M-26OCT050130-30,0.7000,164.94,no
2026-10-05T05:28:53.063196Z,KXBTC15M-26OCT050130-30,0.7000,7.24,no
2026-10-05T05:28:53.084626Z,KXBTC15M-26OCT050130-30,0.7100,6.02,yes
2026-10-05T05:28:53.084626Z,KXBTC15M-26OCT050130-30,0.7100,26.97,yes
2026-10-05T05:28:53.084626Z,KXBTC15M-26OCT050130-30,0.7100,0.01,yes
2026-10-05T05:28:53.085904Z,KXBTC15M-26OCT050130-30,0.7000,58.85,no
2026-10-05T05:28:53.085904Z,KXBTC15M-26OCT050130-30,0.7000,6.00,no
2026-10-05T05:28:53.086112Z,KXBTC15M-26OCT050130-30,0.7100,25.21,yes
2026-10-05T05:28:53.086112Z,KXBTC15M-26OCT050130-30,0.7100,1.00,yes
2026-10-05T05:28:53.086112Z,KXBTC15M-26OCT050130-30,0.7100,32.00,yes
2026-10-05T05:28:53.086112Z,KXBTC15M-26OCT050130-30,0.7100,0.01,yes
2026-10-05T05:28:53.086112Z,KXBTC15M-26OCT050130-30,0.7100,32.00,yes
2026-10-05T05:28:53.086112Z,KXBTC15M-26OCT050130-30,0.7100,1.00,yes
2026-10-05T05:28:53.086112Z,KXBTC15M-26OCT050130-30,0.7100,0.01,yes
2026-10-05T05:28:53.086112Z,KXBTC15M-26OCT050130-30,0.7100,373.03,yes
2026-10-05T05:28:53.089432Z,KXBTC15M-26OCT050130-30,0.7000,28.58,no
2026-10-05T05:28:53.091492Z,KXBTC15M-26OCT050130-30,0.7000,70.04,no
2026-10-05T05:28:53.091492Z,KXBTC15M-26OCT050130-30,0.7000,12.57,no
2026-10-05T05:28:53.094445Z,KXBTC15M-26OCT050130-30,0.7000,1.86,no
2026-10-05T05:28:53.116339Z,KXBTC15M-26OCT050130-30,0.7000,5.39,no
2026-10-05T05:28:53.116339Z,KXBTC15M-26OCT050130-30,0.7000,28.10,no
2026-10-05T05:28:53.12001Z,KXBTC15M-26OCT050130-30,0.7000,0.01,no
2026-10-05T05:28:53.12001Z,KXBTC15M-26OCT050130-30,0.7000,36.80,no
2026-10-05T05:28:53.12001Z,KXBTC15M-26OCT050130-30,0.7000,0.01,no
2026-10-05T05:28:53.12001Z,KXBTC15M-26OCT050130-30,0.7000,4.61,no
2026-10-05T05:28:53.122862Z,KXBTC15M-26OCT050130-30,0.7000,34.03,no
2026-10-05T05:28:53.12775Z,KXBTC15M-26OCT050130-30,0.7100,408.53,yes
2026-10-05T05:28:53.136355Z,KXBTC15M-26OCT050130-30,0.7000,0.26,no
2026-10-05T05:28:53.150253Z,KXBTC15M-26OCT050130-30,0.7000,3.79,no
2026-10-05T05:28:53.167393Z,KXBTC15M-26OCT050130-30,0.7100,1438.00,yes
2026-10-05T05:28:53.172011Z,KXBTC15M-26OCT050130-30,0.7000,16.31,no
2026-10-05T05:28:53.187709Z,KXBTC15M-26OCT050130-30,0.7000,22.88,no
2026-10-05T05:28:53.206005Z,KXBTC15M-26OCT050130-30,0.7000,14.18,no
2026-10-05T05:28:53.222418Z,KXBTC15M-26OCT050130-30,0.7100,0.01,yes
2026-10-05T05:28:53.222418Z,KXBTC15M-26OCT050130-30,0.7100,0.01,yes
2026-10-05T05:28:53.222418Z,KXBTC15M-26OCT050130-30,0.7100,13.59,yes
2026-10-05T05:28:53.222418Z,KXBTC15M-26OCT050130-30,0.7100,0.01,yes
2026-10-05T05:28:53.223695Z,KXBTC15M-26OCT050130-30,0.7000,31.47,no
2026-10-05T05:28:53.226362Z,KXBTC15M-26OCT050130-30,0.7100,50.00,yes
2026-10-05T05:28:53.234973Z,KXBTC15M-26OCT050130-30,0.7100,0.01,yes
2026-10-05T05:28:53.234973Z,KXBTC15M-26OCT050130-30,0.7100,49.98,yes
2026-10-05T05:28:53.234973Z,KXBTC15M-26OCT050130-30,0.7100,0.01,yes
2026-10-05T05:28:53.249466Z,KXBTC15M-26OCT050130-30,0.7200,27.00,yes
2026-10-05T05:28:53.249466Z,KXBTC15M-26OCT050130-30,0.7200,10.00,yes
2026-10-05T05:28:53.249466Z,KXBTC15M-26OCT050130-30,0.7200,1.00,yes
2026-10-05T05:28:53.273307Z,KXBTC15M-26OCT050130-30,0.7100,10.47,no
2026-10-05T05:28:53.277682Z,KXBTC15M-26OCT050130-30,0.7200,4.98,yes
2026-10-05T05:28:53.277682Z,KXBTC15M-26OCT050130-30,0.7200,0.01,yes
2026-10-05T05:28:53.277682Z,KXBTC15M-26OCT050130-30,0.7200,0.01,yes
2026-10-05T05:28:53.333042Z,KXBTC15M-26OCT050130-30,0.7100,21.55,no
2026-10-05T05:28:53.383944Z,KXBTC15M-26OCT050130-30,0.7100,3.09,no
2026-10-05T05:28:53.388714Z,KXBTC15M-26OCT050130-30,0.7100,54.19,no
2026-10-05T05:28:53.404237Z,KXBTC15M-26OCT050130-30,0.7100,150.00,no
2026-10-05T05:28:53.404237Z,KXBTC15M-26OCT050130-30,0.7100,60.70,no
2026-10-05T05:28:53.404237Z,KXBTC15M-26OCT050130-30,0.7100,52.10,no
2026-10-05T05:28:53.407099Z,KXBTC15M-26OCT050130-30,0.7100,1.44,no
2026-10-05T05:28:53.41738Z,KXBTC15M-26OCT050130-30,0.7100,15.88,no
2026-10-05T05:28:53.418868Z,KXBTC15M-26OCT050130-30,0.7100,16.72,no
2026-10-05T05:28:53.444708Z,KXBTC15M-26OCT050130-30,0.7100,2.05,no
2026-10-05T05:28:53.445589Z,KXBTC15M-26OCT050130-30,0.7100,2.81,no
2026-10-05T05:28:53.466642Z,KXBTC15M-26OCT050130-30,0.7200,0.10,yes
2026-10-05T05:28:53.483437Z,KXBTC15M-26OCT050130-30,0.7100,8.51,no
2026-10-05T05:28:53.487636Z,KXBTC15M-26OCT050130-30,0.7200,89.90,yes
2026-10-05T05:28:53.511002Z,KXBTC15M-26OCT050130-30,0.7200,98.00,yes
2026-10-05T05:28:53.511002Z,KXBTC15M-26OCT050130-30,0.7200,0.01,yes
2026-10-05T05:28:53.511002Z,KXBTC15M-26OCT050130-30,0.7200,0.01,yes
2026-10-05T05:28:53.511002Z,KXBTC15M-26OCT050130-30,0.7200,100.00,yes
2026-10-05T05:28:53.511002Z,KXBTC15M-26OCT050130-30,0.7200,310.00,yes
2026-10-05T05:28:53.511002Z,KXBTC15M-26OCT050130-30,0.7300,197.04,yes
2026-10-05T05:28:53.551741Z,KXBTC15M-26OCT050130-30,0.7200,15.88,no
2026-10-05T05:28:53.558178Z,KXBTC15M-26OCT050130-30,0.7200,34.12,no
2026-10-05T05:28:53.558178Z,KXBTC15M-26OCT050130-30,0.7200,7.49,no
2026-10-05T05:28:53.558178Z,KXBTC15M-26OCT050130-30,0.7200,0.01,no
2026-10-05T05:28:53.558178Z,KXBTC15M-26OCT050130-30,0.7200,6.00,no
2026-10-05T05:28:53.558178Z,KXBTC15M-26OCT050130-30,0.7200,0.01,no
2026-10-05T05:28:53.558178Z,KXBTC15M-26OCT050130-30,0.7200,1.00,no
2026-10-05T05:28:53.574153Z,KXBTC15M-26OCT050130-30,0.7200,92.51,no
2026-10-05T05:28:53.574153Z,KXBTC15M-26OCT050130-30,0.7200,113.24,no
2026-10-05T05:28:53.588919Z,KXBTC15M-26OCT050130-30,0.7200,30.79,no
2026-10-05T05:28:53.59615Z,KXBTC15M-26OCT050130-30,0.7200,8.10,no
2026-10-05T05:28:53.596752Z,KXBTC15M-26OCT050130-30,0.7300,0.16,yes
2026-10-05T05:28:53.599977Z,KXBTC15M-26OCT050130-30,0.7300,50.00,yes
2026-10-05T05:28:53.606096Z,KXBTC15M-26OCT050130-30,0.7200,8.23,no
2026-10-05T05:28:53.664422Z,KXBTC15M-26OCT050130-30,0.7200,21.79,no
2026-10-05T05:28:53.66665Z,KXBTC15M-26OCT050130-30,0.7300,134.08,yes
2026-10-05T05:28:53.673531Z,KXBTC15M-26OCT050130-30,0.7200,17.85,no
2026-10-05T05:28:53.673531Z,KXBTC15M-26OCT050130-30,0.7200,48.15,no
2026-10-05T05:28:53.693495Z,KXBTC15M-26OCT050130-30,0.7200,65.70,no
2026-10-05T05:28:53.710448Z,KXBTC15M-26OCT050130-30,0.7200,5.48,no
2026-10-05T05:28:53.712994Z,KXBTC15M-26OCT050130-30,0.7300,17.46,yes
2026-10-05T05:28:53.72675Z,KXBTC15M-26OCT050130-30,0.7200,6.59,no
2026-10-05T05:28:53.732783Z,KXBTC15M-26OCT050130-30,0.7200,14.88,no
2026-10-05T05:28:53.734918Z,KXBTC15M-26OCT050130-30,0.7300,2.26,yes
2026-10-05T05:28:53.736162Z,KXBTC15M-26OCT050130-30,0.7300,6.67,yes
2026-10-05T05:28:53.739998Z,KXBTC15M-26OCT050130-30,0.7200,17.00,no
2026-10-05T05:28:53.754274Z,KXBTC15M-26OCT050130-30,0.7200,228.02,no
2026-10-05T05:28:53.767377Z,KXBTC15M-26OCT050130-30,0.7300,23.18,yes
2026-10-05T05:28:53.772062Z,KXBTC15M-26OCT050130-30,0.7200,13.57,no
2026-10-05T05:28:53.795489Z,KXBTC15M-26OCT050130-30,0.7200,0.01,no
2026-10-05T05:28:53.795489Z,KXBTC15M-26OCT050130-30,0.7200,0.61,no
2026-10-05T05:28:53.795489Z,KXBTC15M-26OCT050130-30,0.7200,2.77,no
2026-10-05T05:28:53.795489Z,KXBTC15M-26OCT050130-30,0.7200,0.01,no
2026-10-05T05:28:53.797708Z,KXBTC15M-26OCT050130-30,0.7200,3.23,no
2026-10-05T05:28:53.797708Z,KXBTC15M-26OCT050130-30,0.7200,34.68,no
2026-10-05T05:28:53.811508Z,KXBTC15M-26OCT050130-30,0.7200,32.85,no
2026-10-05T05:28:53.816134Z,KXBTC15M-26OCT050130-30,0.7200,298.13,no
2026-10-05T05:28:53.816134Z,KXBTC15M-26OCT050130-30,0.7200,1.00,no
2026-10-05T05:28:53.816134Z,KXBTC15M-26OCT050130-30,0.7200,17.15,no
2026-10-05T05:28:53.816134Z,KXBTC15M-26OCT050130-30,0.7200,176.47,no
2026-10-05T05:28:53.816375Z,KXBTC15M-26OCT050130-30,0.7300,0.01,yes
2026-10-05T05:28:53.816375Z,KXBTC15M-26OCT050130-30,0.7300,49.83,yes
2026-10-05T05:28:53.816375Z,KXBTC15M-26OCT050130-30,0.7300,0.01,yes
2026-10-05T05:28:53.816375Z,KXBTC15M-26OCT050130-30,0.7300,616.15,yes
2026-10-05T05:28:53.817131Z,KXBTC15M-26OCT050130-30,0.7300,48.17,yes
2026-10-05T05:28:53.817131Z,KXBTC15M-26OCT050130-30,0.7300,25.25,yes
2026-10-05T05:28:53.823577Z,KXBTC15M-26OCT050130-30,0.7200,3.00,no
2026-10-05T05:28:53.845119Z,KXBTC15M-26OCT050130-30,0.7200,0.01,no
2026-10-05T05:28:53.845119Z,KXBTC15M-26OCT050130-30,0.7200,1.00,no
2026-10-05T05:28:53.845119Z,KXBTC15M-26OCT050130-30,0.7200,20.53,no
2026-10-05T05:28:53.845119Z,KXBTC15M-26OCT050130-30,0.7200,6.00,no
2026-10-05T05:28:53.845119Z,KXBTC15M-26OCT050130-30,0.7200,10.00,no
2026-10-05T05:28:53.845119Z,KXBTC15M-26OCT050130-30,0.7200,0.01,no
2026-10-05T05:28:53.845119Z,KXBTC15M-26OCT050130-30,0.7200,13.45,no
2026-10-05T05:28:53.859273Z,KXBTC15M-26OCT050130-30,0.7200,6.57,no
2026-10-05T05:28:53.865868Z,KXBTC15M-26OCT050130-30,0.7200,0.32,no
2026-10-05T05:28:53.866936Z,KXBTC15M-26OCT050130-30,0.7200,66.00,no
2026-10-05T05:28:53.871933Z,KXBTC15M-26OCT050130-30,0.7300,58.25,yes
2026-10-05T05:28:53.871933Z,KXBTC15M-26OCT050130-30,0.7300,74.75,yes
2026-10-05T05:28:53.871962Z,KXBTC15M-26OCT050130-30,0.7200,61.88,no
2026-10-05T05:28:53.880064Z,KXBTC15M-26OCT050130-30,0.7200,1.00,no
2026-10-05T05:28:53.883398Z,KXBTC15M-26OCT050130-30,0.7300,119.00,yes
2026-10-05T05:28:53.883398Z,KXBTC15M-26OCT050130-30,0.7300,51.00,yes
2026-10-05T05:28:53.883398Z,KXBTC15M-26OCT050130-30,0.7300,0.01,yes
2026-10-05T05:28:53.883398Z,KXBTC15M-26OCT050130-30,0.7300,341.75,yes
2026-10-05T05:28:53.883398Z,KXBTC15M-26OCT050130-30,0.7300,0.01,yes
2026-10-05T05:28:53.901487Z,KXBTC15M-26OCT050130-30,0.7300,93.75,yes
2026-10-05T05:28:53.901487Z,KXBTC15M-26OCT050130-30,0.7300,0.01,yes
2026-10-05T05:28:53.901487Z,KXBTC15M-26OCT050130-30,0.7300,0.01,yes
2026-10-05T05:28:53.901543Z,KXBTC15M-26OCT050130-30,0.7200,27.09,no
2026-10-05T05:28:53.90173Z,KXBTC15M-26OCT050130-30,0.7200,80.76,no
2026-10-05T05:28:53.903202Z,KXBTC15M-26OCT050130-30,0.7200,142.93,no
2026-10-05T05:28:53.903202Z,KXBTC15M-26OCT050130-30,0.7200,516.12,no
2026-10-05T05:28:53.91018Z,KXBTC15M-26OCT050130-30,0.7200,41.88,no
2026-10-05T05:28:53.913715Z,KXBTC15M-26OCT050130-30,0.7200,6.57,no
2026-10-05T05:28:53.923019Z,KXBTC15M-26OCT050130-30,0.7200,51.00,no
2026-10-05T05:28:53.936915Z,KXBTC15M-26OCT050130-30,0.7200,84.02,no
2026-10-05T05:28:53.938793Z,KXBTC15M-26OCT050130-30,0.7200,0.13,no
2026-10-05T05:28:53.945225Z,KXBTC15M-26OCT050130-30,0.7300,33.61,yes
2026-10-05T05:28:53.947264Z,KXBTC15M-26OCT050130-30,0.7200,34.00,no
2026-10-05T05:28:53.954523Z,KXBTC15M-26OCT050130-30,0.7200,1.47,no
2026-10-05T05:28:53.964548Z,KXBTC15M-26OCT050130-30,0.7200,6.80,no
2026-10-05T05:28:53.968648Z,KXBTC15M-26OCT050130-30,0.7300,0.01,yes
2026-10-05T05:28:53.968648Z,KXBTC15M-26OCT050130-30,0.7300,0.01,yes
2026-10-05T05:28:53.974314Z,KXBTC15M-26OCT050130-30,0.7300,2.20,no
2026-10-05T05:28:53.974581Z,KXBTC15M-26OCT050130-30,0.7300,5.80,no
2026-10-05T05:28:53.978255Z,KXBTC15M-26OCT050130-30,0.7300,36.46,no
2026-10-05T05:28:53.992522Z,KXBTC15M-26OCT050130-30,0.7400,0.01,yes
2026-10-05T05:28:53.992522Z,KXBTC15M-26OCT050130-30,0.7400,0.01,yes
2026-10-05T05:28:53.992522Z,KXBTC15M-26OCT050130-30,0.7400,1.00,yes
2026-10-05T05:28:54.012387Z,KXBTC15M-26OCT050130-30,0.7400,57.18,no
2026-10-05T05:28:54.050412Z,KXBTC15M-26OCT050130-30,0.7400,17.86,no
2026-10-05T05:28:54.059632Z,KXBTC15M-26OCT050130-30,0.7500,1.00,yes
2026-10-05T05:28:54.059632Z,KXBTC15M-26OCT050130-30,0.7500,0.31,yes
2026-10-05T05:28:54.099757Z,KXBTC15M-26OCT050130-30,0.7400,58.58,no
2026-10-05T05:28:54.106521Z,KXBTC15M-26OCT050130-30,0.7400,54.70,no
2026-10-05T05:28:54.106521Z,KXBTC15M-26OCT050130-30,0.7400,16.38,no
2026-10-05T05:28:54.112524Z,KXBTC15M-26OCT050130-30,0.7400,6.80,no
2026-10-05T05:28:54.117135Z,KXBTC15M-26OCT050130-30,0.7400,3.40,no
2026-10-05T05:28:54.127853Z,KXBTC15M-26OCT050130-30,0.7400,78.90,no
2026-10-05T05:28:54.152136Z,KXBTC15M-26OCT050130-30,0.7400,7.40,no
2026-10-05T05:28:54.16041Z,KXBTC15M-26OCT050130-30,0.7400,9.85,no
2026-10-05T05:28:54.163976Z,KXBTC15M-26OCT050130-30,0.7400,6.80,no
2026-10-05T05:28:54.17218Z,KXBTC15M-26OCT050130-30,0.7400,0.34,no
2026-10-05T05:28:54.178453Z,KXBTC15M-26OCT050130-30,0.7400,122.16,no
2026-10-05T05:28:54.191623Z,KXBTC15M-26OCT050130-30,0.7400,9.30,no
2026-10-05T05:28:54.194801Z,KXBTC15M-26OCT050130-30,0.7400,14.36,no
2026-10-05T05:28:54.214842Z,KXBTC15M-26OCT050130-30,0.7400,6.80,no
2026-10-05T05:28:54.242832Z,KXBTC15M-26OCT050130-30,0.7400,54.85,no
2026-10-05T05:28:54.244102Z,KXBTC15M-26OCT050130-30,0.7500,3.06,yes
2026-10-05T05:28:54.244102Z,KXBTC15M-26OCT050130-30,0.7500,5.04,yes
2026-10-05T05:28:54.244102Z,KXBTC15M-26OCT050130-30,0.7500,39.90,yes
2026-10-05T05:28:54.250414Z,KXBTC15M-26OCT050130-30,0.7400,498.10,no
2026-10-05T05:28:54.250414Z,KXBTC15M-26OCT050130-30,0.7400,312.00,no
2026-10-05T05:28:54.250414Z,KXBTC15M-26OCT050130-30,0.7400,13.69,no
2026-10-05T05:28:54.250414Z,KXBTC15M-26OCT050130-30,0.7400,0.01,no
2026-10-05T05:28:54.250414Z,KXBTC15M-26OCT050130-30,0.7400,0.01,no
2026-10-05T05:28:54.259428Z,KXBTC15M-26OCT050130-30,0.7400,6.00,no
2026-10-05T05:28:54.259428Z,KXBTC15M-26OCT050130-30,0.7400,2.41,no
2026-10-05T05:28:54.269829Z,KXBTC15M-26OCT050130-30,0.7500,41.29,yes
2026-10-05T05:28:54.285448Z,KXBTC15M-26OCT050130-30,0.7400,14.49,no
2026-10-05T05:28:54.307214Z,KXBTC15M-26OCT050130-30,0.7400,3.34,no
2026-10-05T05:28:54.312443Z,KXBTC15M-26OCT050130-30,0.7400,13.60,no
2026-10-05T05:28:54.323526Z,KXBTC15M-26OCT050130-30,0.7400,43.73,no
2026-10-05T05:28:54.328842Z,KXBTC15M-26OCT050130-30,0.7400,33.00,no
2026-10-05T05:28:54.360654Z,KXBTC15M-26OCT050130-30,0.7400,18.28,no
2026-10-05T05:28:54.363371Z,KXBTC15M-26OCT050130-30,0.7400,21.70,no
2026-10-05T05:28:54.374489Z,KXBTC15M-26OCT050130-30,0.7400,27.20,no
2026-10-05T05:28:54.379805Z,KXBTC15M-26OCT050130-30,0.7500,1.00,yes
2026-10-05T05:28:54.38037Z,KXBTC15M-26OCT050130-30,0.7400,22.25,no
2026-10-05T05:28:54.38037Z,KXBTC15M-26OCT050130-30,0.7400,181.36,no
2026-10-05T05:28:54.393198Z,KXBTC15M-26OCT050130-30,0.7500,44.36,yes
2026-10-05T05:28:54.393453Z,KXBTC15M-26OCT050130-30,0.7500,13.72,yes
2026-10-05T05:28:54.393453Z,KXBTC15M-26OCT050130-30,0.7500,1.35,yes
2026-10-05T05:28:54.393453Z,KXBTC15M-26OCT050130-30,0.7500,17.49,yes
2026-10-05T05:28:54.393453Z,KXBTC15M-26OCT050130-30,0.7500,7.13,yes
2026-10-05T05:28:54.393453Z,KXBTC15M-26OCT050130-30,0.7500,4.67,yes
2026-10-05T05:28:54.397503Z,KXBTC15M-26OCT050130-30,0.7400,10.00,no
2026-10-05T05:28:54.398594Z,KXBTC15M-26OCT050130-30,0.7500,3.79,yes
2026-10-05T05:28:54.398594Z,KXBTC15M-26OCT050130-30,0.7500,0.88,yes
2026-10-05T05:28:54.398647Z,KXBTC15M-26OCT050130-30,0.7500,0.58,yes
2026-10-05T05:28:54.398647Z,KXBTC15M-26OCT050130-30,0.7500,6.56,yes
2026-10-05T05:28:54.399211Z,KXBTC15M-26OCT050130-30,0.7500,0.45,yes
2026-10-05T05:28:54.399211Z,KXBTC15M-26OCT050130-30,0.7500,13.27,yes
2026-10-05T05:28:54.399257Z,KXBTC15M-26OCT050130-30,0.7500,2.89,yes
2026-10-05T05:28:54.399257Z,KXBTC15M-26OCT050130-30,0.7500,0.11,yes
2026-10-05T05:28:54.399257Z,KXBTC15M-26OCT050130-30,0.7500,14.47,yes
2026-10-05T05:28:54.399257Z,KXBTC15M-26OCT050130-30,0.7500,0.02,yes
2026-10-05T05:28:54.399922Z,KXBTC15M-26OCT050130-30,0.7500,1.35,yes
2026-10-05T05:28:54.404119Z,KXBTC15M-26OCT050130-30,0.7400,0.16,no
2026-10-05T05:28:54.404166Z,KXBTC15M-26OCT050130-30,0.7500,13.72,yes
2026-10-05T05:28:54.404212Z,KXBTC15M-26OCT050130-30,0.7500,4.69,yes
2026-10-05T05:28:54.404902Z,KXBTC15M-26OCT050130-30,0.7500,7.14,yes
2026-10-05T05:28:54.40497Z,KXBTC15M-26OCT050130-30,0.7500,0.98,yes
2026-10-05T05:28:54.40497Z,KXBTC15M-26OCT050130-30,0.7500,1.93,yes
2026-10-05T05:28:54.405548Z,KXBTC15M-26OCT050130-30,0.7500,13.75,yes
2026-10-05T05:28:54.410273Z,KXBTC15M-26OCT050130-30,0.7500,44.40,yes
2026-10-05T05:28:54.416564Z,KXBTC15M-26OCT050130-30,0.7500,36.42,yes
2026-10-05T05:28:54.423229Z,KXBTC15M-26OCT050130-30,0.7400,208.48,no
2026-10-05T05:28:54.423229Z,KXBTC15M-26OCT050130-30,0.7400,132.14,no
2026-10-05T05:28:54.428474Z,KXBTC15M-26OCT050130-30,0.7400,4.64,no
2026-10-05T05:28:54.462Z,KXBTC15M-26OCT050130-30,0.7400,0.01,no
2026-10-05T05:28:54.462Z,KXBTC15M-26OCT050130-30,0.7400,6.00,no
2026-10-05T05:28:54.462Z,KXBTC15M-26OCT050130-30,0.7400,24.87,no
2026-10-05T05:28:54.462Z,KXBTC15M-26OCT050130-30,0.7400,10.00,no
2026-10-05T05:28:54.462Z,KXBTC15M-26OCT050130-30,0.7400,0.01,no
2026-10-05T05:28:54.462Z,KXBTC15M-26OCT050130-30,0.7400,1.00,no
2026-10-05T05:28:54.473968Z,KXBTC15M-26OCT050130-30,0.7400,7.70,no
2026-10-05T05:28:54.473968Z,KXBTC15M-26OCT050130-30,0.7400,175.13,no
2026-10-05T05:28:54.480158Z,KXBTC15M-26OCT050130-30,0.7400,178.00,no
2026-10-05T05:28:54.482802Z,KXBTC15M-26OCT050130-30,0.7400,1.79,no
2026-10-05T05:28:54.514282Z,KXBTC15M-26OCT050130-30,0.7500,0.24,yes
2026-10-05T05:28:54.514282Z,KXBTC15M-26OCT050130-30,0.7500,13.29,yes
2026-10-05T05:28:54.514282Z,KXBTC15M-26OCT050130-30,0.7500,3.65,yes
2026-10-05T05:28:54.514282Z,KXBTC15M-26OCT050130-30,0.7500,1.90,yes
2026-10-05T05:28:54.514282Z,KXBTC15M-26OCT050130-30,0.7500,4.53,yes
2026-10-05T05:28:54.514282Z,KXBTC15M-26OCT050130-30,0.7500,66.46,yes
2026-10-05T05:28:54.514282Z,KXBTC15M-26OCT050130-30,0.7500,106.34,yes
2026-10-05T05:28:54.514282Z,KXBTC15M-26OCT050130-30,0.7500,81.01,yes
2026-10-05T05:28:54.514282Z,KXBTC15M-26OCT050130-30,0.7500,6.35,yes
2026-10-05T05:28:54.514282Z,KXBTC15M-26OCT050130-30,0.7500,10.47,yes
2026-10-05T05:28:54.514282Z,KXBTC15M-26OCT050130-30,0.7500,2.01,yes
2026-10-05T05:28:54.514282Z,KXBTC15M-26OCT050130-30,0.7500,102.57,yes
2026-10-05T05:28:54.514282Z,KXBTC15M-26OCT050130-30,0.7500,18.28,yes
2026-10-05T05:28:54.514282Z,KXBTC15M-26OCT050130-30,0.7500,73.65,yes
2026-10-05T05:28:54.514282Z,KXBTC15M-26OCT050130-30,0.7500,23.42,yes
2026-10-05T05:28:54.514282Z,KXBTC15M-26OCT050130-30,0.7500,41.07,yes
2026-10-05T05:28:54.514282Z,KXBTC15M-26OCT050130-30,0.7500,3.28,yes
2026-10-05T05:28:54.514282Z,KXBTC15M-26OCT050130-30,0.7500,4.00,yes
2026-10-05T05:28:54.514282Z,KXBTC15M-26OCT050130-30,0.7500,17.90,yes
2026-10-05T05:28:54.514282Z,KXBTC15M-26OCT050130-30,0.7500,25.00,yes
2026-10-05T05:28:54.514282Z,KXBTC15M-26OCT050130-30,0.7500,50.00,yes
2026-10-05T05:28:54.514282Z,KXBTC15M-26OCT050130-30,0.7500,68.10,yes
2026-10-05T05:28:54.517338Z,KXBTC15M-26OCT050130-30,0.7500,10.05,yes
2026-10-05T05:28:54.517338Z,KXBTC15M-26OCT050130-30,0.7500,3.86,yes
2026-10-05T05:28:54.517338Z,KXBTC15M-26OCT050130-30,0.7500,3.94,yes
2026-10-05T05:28:54.517338Z,KXBTC15M-26OCT050130-30,0.7500,0.67,yes
2026-10-05T05:28:54.517338Z,KXBTC15M-26OCT050130-30,0.7500,1.29,yes
2026-10-05T05:28:54.517338Z,KXBTC15M-26OCT050130-30,0.7500,3.40,yes
2026-10-05T05:28:54.517338Z,KXBTC15M-26OCT050130-30,0.7500,34.64,yes
2026-10-05T05:28:54.517338Z,KXBTC15M-26OCT050130-30,0.7500,0.19,yes
2026-10-05T05:28:54.517338Z,KXBTC15M-26OCT050130-30,0.7500,32.85,yes
2026-10-05T05:28:54.517338Z,KXBTC15M-26OCT050130-30,0.7500,33.34,yes
2026-10-05T05:28:54.517338Z,KXBTC15M-26OCT050130-30,0.7500,32.07,yes
2026-10-05T05:28:54.517338Z,KXBTC15M-26OCT050130-30,0.7500,10.44,yes
2026-10-05T05:28:54.517338Z,KXBTC15M-26OCT050130-30,0.7500,9.66,yes
2026-10-05T05:28:54.517338Z,KXBTC15M-26OCT050130-30,0.7500,1.93,yes
2026-10-05T05:28:54.517338Z,KXBTC15M-26OCT050130-30,0.7500,9.13,yes
2026-10-05T05:28:54.517338Z,KXBTC15M-26OCT050130-30,0.7500,34.00,yes
2026-10-05T05:28:54.517338Z,KXBTC15M-26OCT050130-30,0.7500,10.95,yes
2026-10-05T05:28:54.517338Z,KXBTC15M-26OCT050130-30,0.7500,91.33,yes
2026-10-05T05:28:54.517338Z,KXBTC15M-26OCT050130-30,0.7500,211.41,yes
2026-10-05T05:28:54.517338Z,KXBTC15M-26OCT050130-30,0.7500,20.85,yes
2026-10-05T05:28:54.517762Z,KXBTC15M-26OCT050130-30,0.7500,43.76,yes
2026-10-05T05:28:54.517762Z,KXBTC15M-26OCT050130-30,0.7500,31.63,yes
2026-10-05T05:28:54.517762Z,KXBTC15M-26OCT050130-30,0.7500,0.87,yes
2026-10-05T05:28:54.517762Z,KXBTC15M-26OCT050130-30,0.7500,22.41,yes
2026-10-05T05:28:54.517762Z,KXBTC15M-26OCT050130-30,0.7500,8.50,yes
2026-10-05T05:28:54.517762Z,KXBTC15M-26OCT050130-30,0.7500,83.74,yes
2026-10-05T05:28:54.517762Z,KXBTC15M-26OCT050130-30,0.7500,0.71,yes
2026-10-05T05:28:54.517762Z,KXBTC15M-26OCT050130-30,0.7500,7.08,yes
2026-10-05T05:28:54.517762Z,KXBTC15M-26OCT050130-30,0.7500,7.73,yes
2026-10-05T05:28:54.517762Z,KXBTC15M-26OCT050130-30,0.7500,99.00,yes
2026-10-05T05:28:54.517762Z,KXBTC15M-26OCT050130-30,0.7500,100.00,yes
2026-10-05T05:28:54.517762Z,KXBTC15M-26OCT050130-30,0.7500,234.00,yes
2026-10-05T05:28:54.517762Z,KXBTC15M-26OCT050130-30,0.7500,0.01,yes
2026-10-05T05:28:54.517762Z,KXBTC15M-26OCT050130-30,0.7500,0.01,yes
2026-10-05T05:28:54.517762Z,KXBTC15M-26OCT050130-30,0.7500,25.00,yes
2026-10-05T05:28:54.517762Z,KXBTC15M-26OCT050130-30,0.7500,47.39,yes
2026-10-05T05:28:54.52928Z,KXBTC15M-26OCT050130-30,0.7500,32.91,no
2026-10-05T05:28:54.529578Z,KXBTC15M-26OCT050130-30,0.7500,63.29,no
2026-10-05T05:28:54.549834Z,KXBTC15M-26OCT050130-30,0.7500,7.31,no
2026-10-05T05:28:54.582995Z,KXBTC15M-26OCT050130-30,0.7500,10.00,no
2026-10-05T05:28:54.638296Z,KXBTC15M-26OCT050130-30,0.7500,5.74,no
2026-10-05T05:28:54.638912Z,KXBTC15M-26OCT050130-30,0.7500,3.00,no
2026-10-05T05:28:54.642738Z,KXBTC15M-26OCT050130-30,0.7500,1.00,no
2026-10-05T05:28:54.697074Z,KXBTC15M-26OCT050130-30,0.7500,0.01,no
2026-10-05T05:28:54.697074Z,KXBTC15M-26OCT050130-30,0.7500,84.98,no
2026-10-05T05:28:54.697074Z,KXBTC15M-26OCT050130-30,0.7500,0.01,no
2026-10-05T05:28:54.711784Z,KXBTC15M-26OCT050130-30,0.7500,18.28,no
2026-10-05T05:28:54.721227Z,KXBTC15M-26OCT050130-30,0.7500,42.20,no
2026-10-05T05:28:54.733697Z,KXBTC15M-26OCT050130-30,0.7500,1.47,no
2026-10-05T05:28:54.745318Z,KXBTC15M-26OCT050130-30,0.7500,0.48,no
2026-10-05T05:28:54.755532Z,KXBTC15M-26OCT050130-30,0.7500,34.57,no
2026-10-05T05:28:54.755532Z,KXBTC15M-26OCT050130-30,0.7500,0.01,no
2026-10-05T05:28:54.755532Z,KXBTC15M-26OCT050130-30,0.7500,10.00,no
2026-10-05T05:28:54.755532Z,KXBTC15M-26OCT050130-30,0.7500,0.01,no
2026-10-05T05:28:54.763139Z,KXBTC15M-26OCT050130-30,0.7500,1.27,yes
2026-10-05T05:28:54.774933Z,KXBTC15M-26OCT050130-30,0.7400,85.00,no
2026-10-05T05:28:54.786125Z,KXBTC15M-26OCT050130-30,0.7400,34.00,no
2026-10-05T05:28:54.789342Z,KXBTC15M-26OCT050130-30,0.7400,18.28,no
2026-10-05T05:28:54.798565Z,KXBTC15M-26OCT050130-30,0.7400,34.64,no
2026-10-05T05:28:54.807769Z,KXBTC15M-26OCT050130-30,0.7500,0.01,yes
2026-10-05T05:28:54.807769Z,KXBTC15M-26OCT050130-30,0.7500,0.01,yes
2026-10-05T05:28:54.807769Z,KXBTC15M-26OCT050130-30,0.7500,9.15,yes
2026-10-05T05:28:54.809641Z,KXBTC15M-26OCT050130-30,0.7400,57.97,no
2026-10-05T05:28:54.825083Z,KXBTC15M-26OCT050130-30,0.7500,38.54,yes
2026-10-05T05:28:54.825083Z,KXBTC15M-26OCT050130-30,0.7500,90.85,yes
2026-10-05T05:28:54.829807Z,KXBTC15M-26OCT050130-30,0.7400,28.96,no
2026-10-05T05:28:54.848149Z,KXBTC15M-26OCT050130-30,0.7400,18.28,no
2026-10-05T05:28:54.849155Z,KXBTC15M-26OCT050130-30,0.7400,333.00,no
2026-10-05T05:28:54.862302Z,KXBTC15M-26OCT050130-30,0.7400,18.28,no
2026-10-05T05:28:54.882847Z,KXBTC15M-26OCT050130-30,0.7400,18.26,no
2026-10-05T05:28:54.882847Z,KXBTC15M-26OCT050130-30,0.7400,0.01,no
2026-10-05T05:28:54.882847Z,KXBTC15M-26OCT050130-30,0.7400,0.01,no
2026-10-05T05:28:54.90303Z,KXBTC15M-26OCT050130-30,0.7500,158.78,yes
2026-10-05T05:28:54.907083Z,KXBTC15M-26OCT050130-30,0.7400,50.00,no
2026-10-05T05:28:54.910542Z,KXBTC15M-26OCT050130-30,0.7500,123.57,yes
2026-10-05T05:28:54.91481Z,KXBTC15M-26OCT050130-30,0.7500,1.60,yes
2026-10-05T05:28:54.916181Z,KXBTC15M-26OCT050130-30,0.7400,1.39,no
2026-10-05T05:28:54.924719Z,KXBTC15M-26OCT050130-30,0.7400,18.00,no
2026-10-05T05:28:54.952479Z,KXBTC15M-26OCT050130-30,0.7400,9.28,no
2026-10-05T05:28:54.966186Z,KXBTC15M-26OCT050130-30,0.7500,6.19,yes
2026-10-05T05:28:54.971155Z,KXBTC15M-26OCT050130-30,0.7400,1.07,no
2026-10-05T05:28:54.971155Z,KXBTC15M-26OCT050130-30,0.7400,48.93,no
2026-10-05T05:28:54.991998Z,KXBTC15M-26OCT050130-30,0.7400,0.01,no
2026-10-05T05:28:54.991998Z,KXBTC15M-26OCT050130-30,0.7400,5.77,no
2026-10-05T05:28:54.991998Z,KXBTC15M-26OCT050130-30,0.7400,0.01,no
2026-10-05T05:28:54.993008Z,KXBTC15M-26OCT050130-30,0.7400,1.89,no
2026-10-05T05:28:55.008056Z,KXBTC15M-26OCT050130-30,0.7400,1.00,no
2026-10-05T05:28:55.008056Z,KXBTC15M-26OCT050130-30,0.7400,1.00,no
2026-10-05T05:28:55.008056Z,KXBTC15M-26OCT050130-30,0.7400,6.00,no
2026-10-05T05:28:55.008056Z,KXBTC15M-26OCT050130-30,0.7400,9.84,no
2026-10-05T05:28:55.048091Z,KXBTC15M-26OCT050130-30,0.7400,177.08,no
2026-10-05T05:28:55.082077Z,KXBTC15M-26OCT050130-30,0.7500,71.32,yes
2026-10-05T05:28:55.082077Z,KXBTC15M-26OCT050130-30,0.7500,528.16,yes
2026-10-05T05:28:55.089213Z,KXBTC15M-26OCT050130-30,0.7400,0.01,no
2026-10-05T05:28:55.089213Z,KXBTC15M-26OCT050130-30,0.7400,0.01,no
2026-10-05T05:28:55.089213Z,KXBTC15M-26OCT050130-30,0.7400,3.05,no
2026-10-05T05:28:55.124766Z,KXBTC15M-26OCT050130-30,0.7500,18.91,yes
2026-10-05T05:28:55.18779Z,KXBTC15M-26OCT050130-30,0.7400,18.00,no
2026-10-05T05:28:55.189094Z,KXBTC15M-26OCT050130-30,0.7400,6.94,no
2026-10-05T05:28:55.194626Z,KXBTC15M-26OCT050130-30,0.7400,5.11,no
2026-10-05T05:28:55.202155Z,KXBTC15M-26OCT050130-30,0.7400,1.44,no
2026-10-05T05:28:55.245092Z,KXBTC15M-26OCT050130-30,0.7400,41.45,no
2026-10-05T05:28:55.266124Z,KXBTC15M-26OCT050130-30,0.7400,10.00,no
2026-10-05T05:28:55.266124Z,KXBTC15M-26OCT050130-30,0.7400,155.98,no
2026-10-05T05:28:55.266124Z,KXBTC15M-26OCT050130-30,0.7400,0.01,no
2026-10-05T05:28:55.266124Z,KXBTC15M-26OCT050130-30,0.7400,0.01,no
2026-10-05T05:28:55.275688Z,KXBTC15M-26OCT050130-30,0.7400,18.00,no
2026-10-05T05:28:55.29308Z,KXBTC15M-26OCT050130-30,0.7400,73.13,no
2026-10-05T05:28:55.303632Z,KXBTC15M-26OCT050130-30,0.7500,44.00,yes
2026-10-05T05:28:55.312968Z,KXBTC15M-26OCT050130-30,0.7400,36.56,no
2026-10-05T05:28:55.325613Z,KXBTC15M-26OCT050130-30,0.7400,0.01,no
2026-10-05T05:28:55.325613Z,KXBTC15M-26OCT050130-30,0.7400,14.60,no
2026-10-05T05:28:55.325613Z,KXBTC15M-26OCT050130-30,0.7400,0.01,no
2026-10-05T05:28:55.359617Z,KXBTC15M-26OCT050130-30,0.7400,0.01,no
2026-10-05T05:28:55.359617Z,KXBTC15M-26OCT050130-30,0.7400,0.01,no
2026-10-05T05:28:55.359617Z,KXBTC15M-26OCT050130-30,0.7400,14.77,no
2026-10-05T05:28:55.366195Z,KXBTC15M-26OCT050130-30,0.7400,14.62,no
2026-10-05T05:28:55.366808Z,KXBTC15M-26OCT050130-30,0.7400,3.65,no
2026-10-05T05:28:55.371752Z,KXBTC15M-26OCT050130-30,0.7500,260.25,yes
2026-10-05T05:28:55.3791Z,KXBTC15M-26OCT050130-30,0.7400,2.92,no
2026-10-05T05:28:55.380623Z,KXBTC15M-26OCT050130-30,0.7400,16.42,no
2026-10-05T05:28:55.410415Z,KXBTC15M-26OCT050130-30,0.7400,17.98,no
2026-10-05T05:28:55.410415Z,KXBTC15M-26OCT050130-30,0.7400,0.01,no
2026-10-05T05:28:55.410415Z,KXBTC15M-26OCT050130-30,0.7400,0.01,no
2026-10-05T05:28:55.426726Z,KXBTC15M-26OCT050130-30,0.7500,25.16,yes
2026-10-05T05:28:55.435448Z,KXBTC15M-26OCT050130-30,0.7500,259.72,yes
2026-10-05T05:28:55.444091Z,KXBTC15M-26OCT050130-30,0.7300,5.52,no
2026-10-05T05:28:55.444091Z,KXBTC15M-26OCT050130-30,0.7300,1.83,no
2026-10-05T05:28:55.444091Z,KXBTC15M-26OCT050130-30,0.7300,1.00,no
2026-10-05T05:28:55.444091Z,KXBTC15M-26OCT050130-30,0.7400,0.01,no
2026-10-05T05:28:55.444091Z,KXBTC15M-26OCT050130-30,0.7400,0.01,no
2026-10-05T05:28:55.455314Z,KXBTC15M-26OCT050130-30,0.7400,32.76,yes
2026-10-05T05:28:55.47759Z,KXBTC15M-26OCT050130-30,0.7300,0.79,no
2026-10-05T05:28:55.490003Z,KXBTC15M-26OCT050130-30,0.7300,2.38,no
2026-10-05T05:28:55.490003Z,KXBTC15M-26OCT050130-30,0.7300,45.01,no
2026-10-05T05:28:55.491727Z,KXBTC15M-26OCT050130-30,0.7400,117.24,yes
2026-10-05T05:28:55.491727Z,KXBTC15M-26OCT050130-30,0.7400,173.77,yes
2026-10-05T05:28:55.51049Z,KXBTC15M-26OCT050130-30,0.7300,3.00,no
2026-10-05T05:28:55.516101Z,KXBTC15M-26OCT050130-30,0.7400,500.00,yes
2026-10-05T05:28:55.516101Z,KXBTC15M-26OCT050130-30,0.7400,100.00,yes
2026-10-05T05:28:55.516101Z,KXBTC15M-26OCT050130-30,0.7400,0.01,yes
2026-10-05T05:28:55.516101Z,KXBTC15M-26OCT050130-30,0.7400,0.01,yes
2026-10-05T05:28:55.516101Z,KXBTC15M-26OCT050130-30,0.7400,221.00,yes
2026-10-05T05:28:55.516486Z,KXBTC15M-26OCT050130-30,0.7400,34.00,yes
2026-10-05T05:28:55.536612Z,KXBTC15M-26OCT050130-30,0.7400,0.89,no
2026-10-05T05:28:55.546536Z,KXBTC15M-26OCT050130-30,0.7400,18.28,no
2026-10-05T05:28:55.546914Z,KXBTC15M-26OCT050130-30,0.7400,1.45,no
2026-10-05T05:28:55.57847Z,KXBTC15M-26OCT050130-30,0.7400,36.56,no
2026-10-05T05:28:55.581456Z,KXBTC15M-26OCT050130-30,0.7400,29.25,no
2026-10-05T05:28:55.582401Z,KXBTC15M-26OCT050130-30,0.7500,0.01,yes
2026-10-05T05:28:55.582401Z,KXBTC15M-26OCT050130-30,0.7500,1.00,yes
2026-10-05T05:28:55.582401Z,KXBTC15M-26OCT050130-30,0.7500,0.01,yes
2026-10-05T05:28:55.582401Z,KXBTC15M-26OCT050130-30,0.7500,0.29,yes
2026-10-05T05:28:55.586301Z,KXBTC15M-26OCT050130-30,0.7400,11.37,no
2026-10-05T05:28:55.599286Z,KXBTC15M-26OCT050130-30,0.7400,10.97,no
2026-10-05T05:28:55.603081Z,KXBTC15M-26OCT050130-30,0.7400,8.23,no
2026-10-05T05:28:55.611271Z,KXBTC15M-26OCT050130-30,0.7500,0.01,yes
2026-10-05T05:28:55.611271Z,KXBTC15M-26OCT050130-30,0.7500,0.01,yes
2026-10-05T05:28:55.611271Z,KXBTC15M-26OCT050130-30,0.7500,8.52,yes
2026-10-05T05:28:55.612495Z,KXBTC15M-26OCT050130-30,0.7400,20.00,no
2026-10-05T05:28:55.621596Z,KXBTC15M-26OCT050130-30,0.7500,0.01,yes
2026-10-05T05:28:55.621596Z,KXBTC15M-26OCT050130-30,0.7500,0.01,yes
2026-10-05T05:28:55.621596Z,KXBTC15M-26OCT050130-30,0.7600,1.00,yes
2026-10-05T05:28:55.621596Z,KXBTC15M-26OCT050130-30,0.7600,39.27,yes
2026-10-05T05:28:55.625469Z,KXBTC15M-26OCT050130-30,0.7400,10.00,no
2026-10-05T05:28:55.625469Z,KXBTC15M-26OCT050130-30,0.7500,150.00,no
2026-10-05T05:28:55.625469Z,KXBTC15M-26OCT050130-30,0.7400,13.00,no
2026-10-05T05:28:55.625469Z,KXBTC15M-26OCT050130-30,0.7400,150.00,no
2026-10-05T05:28:55.625469Z,KXBTC15M-26OCT050130-30,0.7400,330.74,no
2026-10-05T05:28:55.656963Z,KXBTC15M-26OCT050130-30,0.7500,22.36,no
2026-10-05T05:28:55.657738Z,KXBTC15M-26OCT050130-30,0.7600,10.21,yes
2026-10-05T05:28:55.657738Z,KXBTC15M-26OCT050130-30,0.7600,47.00,yes
2026-10-05T05:28:55.657738Z,KXBTC15M-26OCT050130-30,0.7700,20.00,yes
2026-10-05T05:28:55.657738Z,KXBTC15M-26OCT050130-30,0.7600,500.00,yes
2026-10-05T05:28:55.657738Z,KXBTC15M-26OCT050130-30,0.7600,0.01,yes
2026-10-05T05:28:55.657738Z,KXBTC15M-26OCT050130-30,0.7700,177.08,yes
2026-10-05T05:28:55.657738Z,KXBTC15M-26OCT050130-30,0.7600,100.00,yes
2026-10-05T05:28:55.657738Z,KXBTC15M-26OCT050130-30,0.7600,0.01,yes
2026-10-05T05:28:55.657738Z,KXBTC15M-26OCT050130-30,0.7600,0.99,yes
2026-10-05T05:28:55.657738Z,KXBTC15M-26OCT050130-30,0.7600,45.00,yes
2026-10-05T05:28:55.657738Z,KXBTC15M-26OCT050130-30,0.7700,10.05,yes
2026-10-05T05:28:55.657738Z,KXBTC15M-26OCT050130-30,0.7700,1.00,yes
2026-10-05T05:28:55.657738Z,KXBTC15M-26OCT050130-30,0.7600,57.15,yes
2026-10-05T05:28:55.657738Z,KXBTC15M-26OCT050130-30,0.7700,1.00,yes
2026-10-05T05:28:55.658465Z,KXBTC15M-26OCT050130-30,0.7500,50.00,no
2026-10-05T05:28:55.658465Z,KXBTC15M-26OCT050130-30,0.7500,127.64,no
2026-10-05T05:28:55.658465Z,KXBTC15M-26OCT050130-30,0.7500,822.36,no
2026-10-05T05:28:55.662794Z,KXBTC15M-26OCT050130-30,0.7600,15.00,no
2026-10-05T05:28:55.678639Z,KXBTC15M-26OCT050130-30,0.7600,0.01,no
2026-10-05T05:28:55.678639Z,KXBTC15M-26OCT050130-30,0.7600,3.39,no
2026-10-05T05:28:55.678639Z,KXBTC15M-26OCT050130-30,0.7600,0.01,no
2026-10-05T05:28:55.70136Z,KXBTC15M-26OCT050130-30,0.7600,10.00,no
2026-10-05T05:28:55.70136Z,KXBTC15M-26OCT050130-30,0.7600,0.01,no
2026-10-05T05:28:55.70136Z,KXBTC15M-26OCT050130-30,0.7600,0.01,no
2026-10-05T05:28:55.704673Z,KXBTC15M-26OCT050130-30,0.7600,5.11,yes
2026-10-05T05:28:55.728076Z,KXBTC15M-26OCT050130-30,0.7500,0.01,no
2026-10-05T05:28:55.728076Z,KXBTC15M-26OCT050130-30,0.7500,8.09,no
2026-10-05T05:28:55.728076Z,KXBTC15M-26OCT050130-30,0.7500,0.01,no
2026-10-05T05:28:55.734071Z,KXBTC15M-26OCT050130-30,0.7500,1.82,no
2026-10-05T05:28:55.743993Z,KXBTC15M-26OCT050130-30,0.7500,21.91,no
2026-10-05T05:28:55.743993Z,KXBTC15M-26OCT050130-30,0.7500,0.09,no
2026-10-05T05:28:55.747119Z,KXBTC15M-26OCT050130-30,0.7500,73.13,no
2026-10-05T05:28:55.771796Z,KXBTC15M-26OCT050130-30,0.7500,13.89,no
2026-10-05T05:28:55.771796Z,KXBTC15M-26OCT050130-30,0.7500,40.96,no
2026-10-05T05:28:55.783147Z,KXBTC15M-26OCT050130-30,0.7500,2.34,no
2026-10-05T05:28:55.804205Z,KXBTC15M-26OCT050130-30,0.7500,21.94,no
2026-10-05T05:28:55.80791Z,KXBTC15M-26OCT050130-30,0.7600,0.01,yes
2026-10-05T05:28:55.817612Z,KXBTC15M-26OCT050130-30,0.7500,0.01,no
2026-10-05T05:28:55.817612Z,KXBTC15M-26OCT050130-30,0.7500,26.16,no
2026-10-05T05:28:55.817612Z,KXBTC15M-26OCT050130-30,0.7500,10.00,no
2026-10-05T05:28:55.817612Z,KXBTC15M-26OCT050130-30,0.7500,0.01,no
2026-10-05T05:28:55.873481Z,KXBTC15M-26OCT050130-30,0.7500,2.83,no
2026-10-05T05:28:55.893039Z,KXBTC15M-26OCT050130-30,0.7500,1.01,no
2026-10-05T05:28:55.893039Z,KXBTC15M-26OCT050130-30,0.7500,163.75,no
2026-10-05T05:28:55.923937Z,KXBTC15M-26OCT050130-30,0.7600,12.94,yes
2026-10-05T05:28:55.925236Z,KXBTC15M-26OCT050130-30,0.7600,24.05,yes
2026-10-05T05:28:55.931555Z,KXBTC15M-26OCT050130-30,0.7600,12.80,yes
2026-10-05T05:28:55.935571Z,KXBTC15M-26OCT050130-30,0.7500,75.00,no
2026-10-05T05:28:55.949902Z,KXBTC15M-26OCT050130-30,0.7500,7.60,no
2026-10-05T05:28:55.953151Z,KXBTC15M-26OCT050130-30,0.7600,43.72,yes
2026-10-05T05:28:55.96217Z,KXBTC15M-26OCT050130-30,0.7500,1.00,no
2026-10-05T05:28:55.96217Z,KXBTC15M-26OCT050130-30,0.7500,1.00,no
2026-10-05T05:28:55.96217Z,KXBTC15M-26OCT050130-30,0.7500,1.00,no
2026-10-05T05:28:55.96217Z,KXBTC15M-26OCT050130-30,0.7500,0.01,no
2026-10-05T05:28:55.96217Z,KXBTC15M-26OCT050130-30,0.7500,162.00,no
2026-10-05T05:28:55.96217Z,KXBTC15M-26OCT050130-30,0.7500,238.50,no
2026-10-05T05:28:55.96217Z,KXBTC15M-26OCT050130-30,0.7500,0.01,no
2026-10-05T05:28:55.96217Z,KXBTC15M-26OCT050130-30,0.7500,10.00,no
2026-10-05T05:28:55.96217Z,KXBTC15M-26OCT050130-30,0.7500,400.00,no
2026-10-05T05:28:55.96217Z,KXBTC15M-26OCT050130-30,0.7500,0.40,no
2026-10-05T05:28:55.96217Z,KXBTC15M-26OCT050130-30,0.7500,59.65,no
2026-10-05T05:28:55.977568Z,KXBTC15M-26OCT050130-30,0.7400,10.00,no
2026-10-05T05:28:55.977568Z,KXBTC15M-26OCT050130-30,0.7400,0.01,no
2026-10-05T05:28:55.977568Z,KXBTC15M-26OCT050130-30,0.7400,0.01,no
2026-10-05T05:28:55.977568Z,KXBTC15M-26OCT050130-30,0.7400,162.00,no
2026-10-05T05:28:55.977568Z,KXBTC15M-26OCT050130-30,0.7400,1.00,no
2026-10-05T05:28:55.996081Z,KXBTC15M-26OCT050130-30,0.7400,364.00,yes
2026-10-05T05:28:56.002885Z,KXBTC15M-26OCT050130-30,0.7400,4.84,yes
2026-10-05T05:28:56.00833Z,KXBTC15M-26OCT050130-30,0.7300,1.00,no
2026-10-05T05:28:56.00833Z,KXBTC15M-26OCT050130-30,0.7300,140.51,no
2026-10-05T05:28:56.010638Z,KXBTC15M-26OCT050130-30,0.7400,102.17,yes
2026-10-05T05:28:56.014981Z,KXBTC15M-26OCT050130-30,0.7300,10.00,no
2026-10-05T05:28:56.014981Z,KXBTC15M-26OCT050130-30,0.7300,11.04,no
2026-10-05T05:28:56.014981Z,KXBTC15M-26OCT050130-30,0.7300,36.00,no
2026-10-05T05:28:56.014981Z,KXBTC15M-26OCT050130-30,0.7300,0.01,no
2026-10-05T05:28:56.014981Z,KXBTC15M-26OCT050130-30,0.7300,6.00,no
2026-10-05T05:28:56.056787Z,KXBTC15M-26OCT050130-30,0.7400,0.01,yes
2026-10-05T05:28:56.057089Z,KXBTC15M-26OCT050130-30,0.7400,1.00,yes
2026-10-05T05:28:56.057605Z,KXBTC15M-26OCT050130-30,0.7400,0.64,yes
2026-10-05T05:28:56.09606Z,KXBTC15M-26OCT050130-30,0.7300,4.37,no
2026-10-05T05:28:56.097145Z,KXBTC15M-26OCT050130-30,0.7400,28.82,yes
2026-10-05T05:28:56.098766Z,KXBTC15M-26OCT050130-30,0.7300,62.35,no
2026-10-05T05:28:56.108839Z,KXBTC15M-26OCT050130-30,0.7400,38.00,yes
2026-10-05T05:28:56.14067Z,KXBTC15M-26OCT050130-30,0.7300,3.65,no
2026-10-05T05:28:56.157941Z,KXBTC15M-26OCT050130-30,0.7400,69.67,yes
2026-10-05T05:28:56.276384Z,KXBTC15M-26OCT050130-30,0.7400,12.92,yes
2026-10-05T05:28:56.276384Z,KXBTC15M-26OCT050130-30,0.7400,0.01,yes
2026-10-05T05:28:56.276384Z,KXBTC15M-26OCT050130-30,0.7400,0.01,yes
2026-10-05T05:28:56.283626Z,KXBTC15M-26OCT050130-30,0.7400,0.01,yes
2026-10-05T05:28:56.283626Z,KXBTC15M-26OCT050130-30,0.7400,51.00,yes
2026-10-05T05:28:56.283626Z,KXBTC15M-26OCT050130-30,0.7400,306.00,yes
2026-10-05T05:28:56.283626Z,KXBTC15M-26OCT050130-30,0.7400,97.00,yes
2026-10-05T05:28:56.283626Z,KXBTC15M-26OCT050130-30,0.7400,87.08,yes
2026-10-05T05:28:56.283626Z,KXBTC15M-26OCT050130-30,0.7500,99.91,yes
2026-10-05T05:28:56.319141Z,KXBTC15M-26OCT050130-30,0.7300,2.84,no
2026-10-05T05:28:56.319141Z,KXBTC15M-26OCT050130-30,0.7300,0.01,no
2026-10-05T05:28:56.320114Z,KXBTC15M-26OCT050130-30,0.7400,1.29,yes
2026-10-05T05:28:56.320114Z,KXBTC15M-26OCT050130-30,0.7400,0.01,yes
2026-10-05T05:28:56.322484Z,KXBTC15M-26OCT050130-30,0.7400,65.77,yes
2026-10-05T05:28:56.328682Z,KXBTC15M-26OCT050130-30,0.7400,18.04,yes
2026-10-05T05:28:56.328682Z,KXBTC15M-26OCT050130-30,0.7400,31.94,yes
2026-10-05T05:28:56.364147Z,KXBTC15M-26OCT050130-30,0.7300,313.60,no
2026-10-05T05:28:56.387401Z,KXBTC15M-26OCT050130-30,0.7300,24.73,no
2026-10-05T05:28:56.400757Z,KXBTC15M-26OCT050130-30,0.7400,45.29,yes
2026-10-05T05:28:56.427124Z,KXBTC15M-26OCT050130-30,0.7300,3.52,no
2026-10-05T05:28:56.443511Z,KXBTC15M-26OCT050130-30,0.7300,89.24,no
2026-10-05T05:28:56.443511Z,KXBTC15M-26OCT050130-30,0.7300,50.00,no
2026-10-05T05:28:56.443511Z,KXBTC15M-26OCT050130-30,0.7300,0.01,no
2026-10-05T05:28:56.443511Z,KXBTC15M-26OCT050130-30,0.7300,55.31,no
2026-10-05T05:28:56.466691Z,KXBTC15M-26OCT050130-30,0.7400,36.67,yes
2026-10-05T05:28:56.466691Z,KXBTC15M-26OCT050130-30,0.7400,95.02,yes
2026-10-05T05:28:56.466691Z,KXBTC15M-26OCT050130-30,0.7400,0.01,yes
2026-10-05T05:28:56.466691Z,KXBTC15M-26OCT050130-30,0.7400,0.01,yes
2026-10-05T05:28:56.466691Z,KXBTC15M-26OCT050130-30,0.7400,1.00,yes
2026-10-05T05:28:56.478183Z,KXBTC15M-26OCT050130-30,0.7300,95.68,no
2026-10-05T05:28:56.48493Z,KXBTC15M-26OCT050130-30,0.7300,3.52,no
2026-10-05T05:28:56.490374Z,KXBTC15M-26OCT050130-30,0.7300,14.09,no
2026-10-05T05:28:56.527496Z,KXBTC15M-26OCT050130-30,0.7400,0.01,yes
2026-10-05T05:28:56.528205Z,KXBTC15M-26OCT050130-30,0.7300,15.16,no
2026-10-05T05:28:56.530506Z,KXBTC15M-26OCT050130-30,0.7300,5.43,no
2026-10-05T05:28:56.549631Z,KXBTC15M-26OCT050130-30,0.7400,700.00,yes
2026-10-05T05:28:56.59459Z,KXBTC15M-26OCT050130-30,0.7300,3.52,no
2026-10-05T05:28:56.608812Z,KXBTC15M-26OCT050130-30,0.7400,6.56,yes
2026-10-05T05:28:56.637516Z,KXBTC15M-26OCT050130-30,0.7400,33.17,yes
2026-10-05T05:28:56.645151Z,KXBTC15M-26OCT050130-30,0.7300,1.43,no
2026-10-05T05:28:56.660146Z,KXBTC15M-26OCT050130-30,0.7300,2.88,no
2026-10-05T05:28:56.660146Z,KXBTC15M-26OCT050130-30,0.7300,20.05,no
2026-10-05T05:28:56.661117Z,KXBTC15M-26OCT050130-30,0.7300,7.12,no
2026-10-05T05:28:56.661117Z,KXBTC15M-26OCT050130-30,0.7300,0.34,no
2026-10-05T05:28:56.663932Z,KXBTC15M-26OCT050130-30,0.7300,16.12,no
2026-10-05T05:28:56.663932Z,KXBTC15M-26OCT050130-30,0.7300,131.66,no
2026-10-05T05:28:56.67162Z,KXBTC15M-26OCT050130-30,0.7400,66.83,yes
2026-10-05T05:28:56.67162Z,KXBTC15M-26OCT050130-30,0.7400,65.86,yes
2026-10-05T05:28:56.67162Z,KXBTC15M-26OCT050130-30,0.7400,0.01,yes
2026-10-05T05:28:56.67162Z,KXBTC15M-26OCT050130-30,0.7400,0.01,yes
2026-10-05T05:28:56.684889Z,KXBTC15M-26OCT050130-30,0.7300,1.00,no
2026-10-05T05:28:56.684889Z,KXBTC15M-26OCT050130-30,0.7300,2.84,no
2026-10-05T05:28:56.684889Z,KXBTC15M-26OCT050130-30,0.7300,0.01,no
2026-10-05T05:28:56.684889Z,KXBTC15M-26OCT050130-30,0.7300,1.88,no
2026-10-05T05:28:56.689494Z,KXBTC15M-26OCT050130-30,0.7400,0.01,yes
2026-10-05T05:28:56.689494Z,KXBTC15M-26OCT050130-30,0.7400,32.14,yes
2026-10-05T05:28:56.689494Z,KXBTC15M-26OCT050130-30,0.7400,74.68,yes
2026-10-05T05:28:56.729597Z,KXBTC15M-26OCT050130-30,0.7400,0.01,yes
2026-10-05T05:28:56.729597Z,KXBTC15M-26OCT050130-30,0.7400,0.01,yes
2026-10-05T05:28:56.729597Z,KXBTC15M-26OCT050130-30,0.7400,25.32,yes
2026-10-05T05:28:56.729923Z,KXBTC15M-26OCT050130-30,0.7500,18.00,yes
2026-10-05T05:28:56.729923Z,KXBTC15M-26OCT050130-30,0.7500,72.00,yes
2026-10-05T05:28:56.731575Z,KXBTC15M-26OCT050130-30,0.7700,5.00,yes
2026-10-05T05:28:56.731575Z,KXBTC15M-26OCT050130-30,0.7700,56.00,yes
2026-10-05T05:28:56.731575Z,KXBTC15M-26OCT050130-30,0.7800,31.69,yes
2026-10-05T05:28:56.731575Z,KXBTC15M-26OCT050130-30,0.7800,1.00,yes
2026-10-05T05:28:56.73784Z,KXBTC15M-26OCT050130-30,0.7800,0.01,yes
2026-10-05T05:28:56.75029Z,KXBTC15M-26OCT050130-30,0.7800,0.01,yes
2026-10-05T05:28:56.75029Z,KXBTC15M-26OCT050130-30,0.7900,5.00,yes
2026-10-05T05:28:56.75029Z,KXBTC15M-26OCT050130-30,0.7800,100.00,yes
2026-10-05T05:28:56.75029Z,KXBTC15M-26OCT050130-30,0.7800,150.00,yes
2026-10-05T05:28:56.75029Z,KXBTC15M-26OCT050130-30,0.7800,0.01,yes
2026-10-05T05:28:56.75029Z,KXBTC15M-26OCT050130-30,0.7800,5.00,yes
2026-10-05T05:28:56.75029Z,KXBTC15M-26OCT050130-30,0.7900,500.00,yes
2026-10-05T05:28:56.75029Z,KXBTC15M-26OCT050130-30,0.7800,76.00,yes
2026-10-05T05:28:56.75029Z,KXBTC15M-26OCT050130-30,0.7900,1.90,yes
2026-10-05T05:28:56.75029Z,KXBTC15M-26OCT050130-30,0.7900,1.00,yes
2026-10-05T05:28:56.75029Z,KXBTC15M-26OCT050130-30,0.7800,90.45,yes
2026-10-05T05:28:56.75029Z,KXBTC15M-26OCT050130-30,0.7800,10.47,yes
2026-10-05T05:28:56.75029Z,KXBTC15M-26OCT050130-30,0.7800,1.83,yes
2026-10-05T05:28:56.75029Z,KXBTC15M-26OCT050130-30,0.8000,1.00,yes
2026-10-05T05:28:56.75029Z,KXBTC15M-26OCT050130-30,0.7900,1.00,yes
2026-10-05T05:28:56.75029Z,KXBTC15M-26OCT050130-30,0.8000,972.33,yes
2026-10-05T05:28:56.75029Z,KXBTC15M-26OCT050130-30,0.7900,1047.00,yes
2026-10-05T05:28:56.810343Z,KXBTC15M-26OCT050130-30,0.7700,7.04,no
2026-10-05T05:28:56.816371Z,KXBTC15M-26OCT050130-30,0.7800,0.11,yes
2026-10-05T05:28:56.822016Z,KXBTC15M-26OCT050130-30,0.7700,31.71,no
2026-10-05T05:28:56.829788Z,KXBTC15M-26OCT050130-30,0.7700,1.76,no
2026-10-05T05:28:56.853983Z,KXBTC15M-26OCT050130-30,0.7700,3.00,no
2026-10-05T05:28:56.86534Z,KXBTC15M-26OCT050130-30,0.7700,2.81,no
2026-10-05T05:28:56.894872Z,KXBTC15M-26OCT050130-30,0.7700,1.05,no
2026-10-05T05:28:56.911439Z,KXBTC15M-26OCT050130-30,0.7700,7.47,no
2026-10-05T05:28:56.919883Z,KXBTC15M-26OCT050130-30,0.7700,1.76,no
2026-10-05T05:28:56.927437Z,KXBTC15M-26OCT050130-30,0.7700,2.58,no
2026-10-05T05:28:56.930052Z,KXBTC15M-26OCT050130-30,0.7800,81.73,yes
2026-10-05T05:28:56.948819Z,KXBTC15M-26OCT050130-30,0.7700,158.87,no
2026-10-05T05:28:56.978011Z,KXBTC15M-26OCT050130-30,0.7700,3.52,no
2026-10-05T05:28:56.978741Z,KXBTC15M-26OCT050130-30,0.7700,21.27,no
2026-10-05T05:28:56.978741Z,KXBTC15M-26OCT050130-30,0.7700,0.01,no
2026-10-05T05:28:56.978741Z,KXBTC15M-26OCT050130-30,0.7700,13.94,no
2026-10-05T05:28:56.978741Z,KXBTC15M-26OCT050130-30,0.7700,0.01,no
2026-10-05T05:28:56.994155Z,KXBTC15M-26OCT050130-30,0.7600,26.45,no
2026-10-05T05:28:56.994155Z,KXBTC15M-26OCT050130-30,0.7700,17.00,no
2026-10-05T05:28:56.994155Z,KXBTC15M-26OCT050130-30,0.7700,2.73,no
2026-10-05T05:28:56.994155Z,KXBTC15M-26OCT050130-30,0.7700,0.01,no
2026-10-05T05:28:56.994155Z,KXBTC15M-26OCT050130-30,0.7700,10.00,no
2026-10-05T05:28:56.994155Z,KXBTC15M-26OCT050130-30,0.7700,0.01,no
2026-10-05T05:28:57.015028Z,KXBTC15M-26OCT050130-30,0.7600,0.01,no
2026-10-05T05:28:57.015028Z,KXBTC15M-26OCT050130-30,0.7600,0.01,no
2026-10-05T05:28:57.015028Z,KXBTC15M-26OCT050130-30,0.7600,1.00,no
2026-10-05T05:28:57.015028Z,KXBTC15M-26OCT050130-30,0.7600,84.13,no
2026-10-05T05:28:57.018751Z,KXBTC15M-26OCT050130-30,0.7600,74.63,no
2026-10-05T05:28:57.020927Z,KXBTC15M-26OCT050130-30,0.7600,0.41,no
2026-10-05T05:28:57.045256Z,KXBTC15M-26OCT050130-30,0.7600,3.52,no
2026-10-05T05:28:57.046191Z,KXBTC15M-26OCT050130-30,0.7500,180.23,no
2026-10-05T05:28:57.046191Z,KXBTC15M-26OCT050130-30,0.7600,6.48,no
2026-10-05T05:28:57.046191Z,KXBTC15M-26OCT050130-30,0.7600,0.01,no
2026-10-05T05:28:57.046191Z,KXBTC15M-26OCT050130-30,0.7600,0.01,no
2026-10-05T05:28:57.046251Z,KXBTC15M-26OCT050130-30,0.7500,17.61,no
2026-10-05T05:28:57.050702Z,KXBTC15M-26OCT050130-30,0.7600,10.00,no
2026-10-05T05:28:57.05741Z,KXBTC15M-26OCT050130-30,0.7500,1.00,no
2026-10-05T05:28:57.05741Z,KXBTC15M-26OCT050130-30,0.7500,0.01,no
2026-10-05T05:28:57.064803Z,KXBTC15M-26OCT050130-30,0.7500,0.01,no
2026-10-05T05:28:57.064803Z,KXBTC15M-26OCT050130-30,0.7500,10.00,no
2026-10-05T05:28:57.064803Z,KXBTC15M-26OCT050130-30,0.7500,136.00,no
2026-10-05T05:28:57.064803Z,KXBTC15M-26OCT050130-30,0.7500,156.00,no
2026-10-05T05:28:57.064803Z,KXBTC15M-26OCT050130-30,0.7500,400.00,no
2026-10-05T05:28:57.064803Z,KXBTC15M-26OCT050130-30,0.7500,0.01,no
2026-10-05T05:28:57.067011Z,KXBTC15M-26OCT050130-30,0.7500,169.00,yes
2026-10-05T05:28:57.087958Z,KXBTC15M-26OCT050130-30,0.7400,50.00,no
2026-10-05T05:28:57.087958Z,KXBTC15M-26OCT050130-30,0.7400,0.01,no
2026-10-05T05:28:57.087958Z,KXBTC15M-26OCT050130-30,0.7400,0.01,no
2026-10-05T05:28:57.087958Z,KXBTC15M-26OCT050130-30,0.7400,10.00,no
2026-10-05T05:28:57.120018Z,KXBTC15M-26OCT050130-30,0.7300,351.00,yes
2026-10-05T05:28:57.12051Z,KXBTC15M-26OCT050130-30,0.7300,72.00,yes
2026-10-05T05:28:57.142277Z,KXBTC15M-26OCT050130-30,0.7300,21.00,yes
2026-10-05T05:28:57.154234Z,KXBTC15M-26OCT050130-30,0.7300,120.78,yes
2026-10-05T05:28:57.246523Z,KXBTC15M-26OCT050130-30,0.7300,32.81,yes
2026-10-05T05:28:57.259501Z,KXBTC15M-26OCT050130-30,0.7300,6.00,yes
2026-10-05T05:28:57.268246Z,KXBTC15M-26OCT050130-30,0.7200,0.01,no
2026-10-05T05:28:57.268246Z,KXBTC15M-26OCT050130-30,0.7200,42.09,no
2026-10-05T05:28:57.268246Z,KXBTC15M-26OCT050130-30,0.7200,1.00,no
2026-10-05T05:28:57.271521Z,KXBTC15M-26OCT050130-30,0.7300,23.98,yes
2026-10-05T05:28:57.336859Z,KXBTC15M-26OCT050130-30,0.7300,5.98,yes
2026-10-05T05:28:57.336859Z,KXBTC15M-26OCT050130-30,0.7300,0.01,yes
2026-10-05T05:28:57.336859Z,KXBTC15M-26OCT050130-30,0.7300,0.01,yes
2026-10-05T05:28:57.355642Z,KXBTC15M-26OCT050130-30,0.7300,10.00,yes
2026-10-05T05:28:57.355642Z,KXBTC15M-26OCT050130-30,0.7300,1.00,yes
2026-10-05T05:28:57.355642Z,KXBTC15M-26OCT050130-30,0.7300,0.01,yes
2026-10-05T05:28:57.355642Z,KXBTC15M-26OCT050130-30,0.7300,1.00,yes
2026-10-05T05:28:57.355642Z,KXBTC15M-26OCT050130-30,0.7400,1047.00,yes
2026-10-05T05:28:57.355642Z,KXBTC15M-26OCT050130-30,0.7300,0.02,yes
2026-10-05T05:28:57.355642Z,KXBTC15M-26OCT050130-30,0.7300,0.01,yes
2026-10-05T05:28:57.355642Z,KXBTC15M-26OCT050130-30,0.7300,100.00,yes
2026-10-05T05:28:57.361065Z,KXBTC15M-26OCT050130-30,0.7500,10.29,yes
2026-10-05T05:28:57.361702Z,KXBTC15M-26OCT050130-30,0.7500,320.00,yes
2026-10-05T05:28:57.39613Z,KXBTC15M-26OCT050130-30,0.7400,60.00,yes
2026-10-05T05:28:57.39927Z,KXBTC15M-26OCT050130-30,0.7400,5.60,yes
2026-10-05T05:28:57.400145Z,KXBTC15M-26OCT050130-30,0.7400,1.27,yes
2026-10-05T05:28:57.431583Z,KXBTC15M-26OCT050130-30,0.7300,34.32,no
2026-10-05T05:28:57.469078Z,KXBTC15M-26OCT050130-30,0.7400,19.00,yes
2026-10-05T05:28:57.490672Z,KXBTC15M-26OCT050130-30,0.7300,45.00,no
2026-10-05T05:28:57.490672Z,KXBTC15M-26OCT050130-30,0.7300,14.91,no
2026-10-05T05:28:57.520325Z,KXBTC15M-26OCT050130-30,0.7300,0.01,no
2026-10-05T05:28:57.520325Z,KXBTC15M-26OCT050130-30,0.7300,0.01,no
2026-10-05T05:28:57.520325Z,KXBTC15M-26OCT050130-30,0.7300,10.00,no
2026-10-05T05:28:57.520325Z,KXBTC15M-26OCT050130-30,0.7300,6.00,no
2026-10-05T05:28:57.549516Z,KXBTC15M-26OCT050130-30,0.7200,1.65,no
2026-10-05T05:28:57.561202Z,KXBTC15M-26OCT050130-30,0.7300,6.31,yes
2026-10-05T05:28:57.611113Z,KXBTC15M-26OCT050130-30,0.7300,20.00,yes
2026-10-05T05:28:57.616193Z,KXBTC15M-26OCT050130-30,0.7200,3.40,no
2026-10-05T05:28:57.619272Z,KXBTC15M-26OCT050130-30,0.7200,615.46,no
2026-10-05T05:28:57.637648Z,KXBTC15M-26OCT050130-30,0.7200,12.34,no
2026-10-05T05:28:57.639342Z,KXBTC15M-26OCT050130-30,0.7200,2.76,no
2026-10-05T05:28:57.641799Z,KXBTC15M-26OCT050130-30,0.7200,4.11,no
2026-10-05T05:28:57.69953Z,KXBTC15M-26OCT050130-30,0.7200,136.00,no
2026-10-05T05:28:57.713288Z,KXBTC15M-26OCT050130-30,0.7200,6.55,no
2026-10-05T05:28:57.71879Z,KXBTC15M-26OCT050130-30,0.7300,2.00,yes
2026-10-05T05:28:57.726308Z,KXBTC15M-26OCT050130-30,0.7200,4.11,no
2026-10-05T05:28:57.728102Z,KXBTC15M-26OCT050130-30,0.7200,15.01,no
2026-10-05T05:28:57.733483Z,KXBTC15M-26OCT050130-30,0.7300,0.01,yes
2026-10-05T05:28:57.733483Z,KXBTC15M-26OCT050130-30,0.7300,30.00,yes
2026-10-05T05:28:57.733483Z,KXBTC15M-26OCT050130-30,0.7300,0.01,yes
2026-10-05T05:28:57.733483Z,KXBTC15M-26OCT050130-30,0.7300,10.00,yes
2026-10-05T05:28:57.733483Z,KXBTC15M-26OCT050130-30,0.7300,5.00,yes
2026-10-05T05:28:57.733483Z,KXBTC15M-26OCT050130-30,0.7300,13.41,yes
2026-10-05T05:28:57.733483Z,KXBTC15M-26OCT050130-30,0.7300,12.50,yes
2026-10-05T05:28:57.733483Z,KXBTC15M-26OCT050130-30,0.7400,1.00,yes
2026-10-05T05:28:57.733483Z,KXBTC15M-26OCT050130-30,0.7400,448.07,yes
2026-10-05T05:28:57.733483Z,KXBTC15M-26OCT050130-30,0.7300,100.00,yes
2026-10-05T05:28:57.745381Z,KXBTC15M-26OCT050130-30,0.7400,2.00,yes
2026-10-05T05:28:57.798724Z,KXBTC15M-26OCT050130-30,0.7300,12.61,no
2026-10-05T05:28:57.825236Z,KXBTC15M-26OCT050130-30,0.7300,0.48,no
2026-10-05T05:28:57.848749Z,KXBTC15M-26OCT050130-30,0.7300,0.01,no
2026-10-05T05:28:57.848749Z,KXBTC15M-26OCT050130-30,0.7300,0.01,no
2026-10-05T05:28:57.848749Z,KXBTC15M-26OCT050130-30,0.7300,10.00,no
2026-10-05T05:28:57.848749Z,KXBTC15M-26OCT050130-30,0.7300,36.91,no
2026-10-05T05:28:57.848749Z,KXBTC15M-26OCT050130-30,0.7300,40.16,no
2026-10-05T05:28:57.848749Z,KXBTC15M-26OCT050130-30,0.7300,1.00,no
2026-10-05T05:28:57.856945Z,KXBTC15M-26OCT050130-30,0.7300,17.61,no
2026-10-05T05:28:57.862489Z,KXBTC15M-26OCT050130-30,0.7400,64.20,yes
2026-10-05T05:28:57.869557Z,KXBTC15M-26OCT050130-30,0.7300,51.00,no
2026-10-05T05:28:57.87611Z,KXBTC15M-26OCT050130-30,0.7300,1.27,no
2026-10-05T05:28:57.920886Z,KXBTC15M-26OCT050130-30,0.7300,10.20,no
2026-10-05T05:28:57.92089Z,KXBTC15M-26OCT050130-30,0.7300,1.70,no
2026-10-05T05:28:57.96213Z,KXBTC15M-26OCT050130-30,0.7400,65.87,yes
2026-10-05T05:28:57.981885Z,KXBTC15M-26OCT050130-30,0.7300,17.00,no
2026-10-05T05:28:58.009725Z,KXBTC15M-26OCT050130-30,0.7400,0.01,yes
2026-10-05T05:28:58.009725Z,KXBTC15M-26OCT050130-30,0.7400,68.00,yes
2026-10-05T05:28:58.009725Z,KXBTC15M-26OCT050130-30,0.7400,9.47,yes
2026-10-05T05:28:58.009725Z,KXBTC15M-26OCT050130-30,0.7400,20.00,yes
2026-10-05T05:28:58.009725Z,KXBTC15M-26OCT050130-30,0.7400,0.01,yes
2026-10-05T05:28:58.011758Z,KXBTC15M-26OCT050130-30,0.7300,17.00,no
2026-10-05T05:28:58.067651Z,KXBTC15M-26OCT050130-30,0.7400,0.01,yes
2026-10-05T05:28:58.067651Z,KXBTC15M-26OCT050130-30,0.7400,0.01,yes
2026-10-05T05:28:58.067651Z,KXBTC15M-26OCT050130-30,0.7400,98.00,yes
2026-10-05T05:28:58.074775Z,KXBTC15M-26OCT050130-30,0.7500,1.31,yes
2026-10-05T05:28:58.089584Z,KXBTC15M-26OCT050130-30,0.7400,30.00,no
2026-10-05T05:28:58.100159Z,KXBTC15M-26OCT050130-30,0.7500,0.65,yes
2026-10-05T05:28:58.104746Z,KXBTC15M-26OCT050130-30,0.7400,34.00,no
2026-10-05T05:28:58.112968Z,KXBTC15M-26OCT050130-30,0.7500,72.00,yes
2026-10-05T05:28:58.112968Z,KXBTC15M-26OCT050130-30,0.7500,0.01,yes
2026-10-05T05:28:58.112968Z,KXBTC15M-26OCT050130-30,0.7500,0.01,yes
2026-10-05T05:28:58.112968Z,KXBTC15M-26OCT050130-30,0.7500,1.00,yes
2026-10-05T05:28:58.112968Z,KXBTC15M-26OCT050130-30,0.7500,0.35,yes
2026-10-05T05:28:58.113321Z,KXBTC15M-26OCT050130-30,0.7500,18.00,yes
2026-10-05T05:28:58.113321Z,KXBTC15M-26OCT050130-30,0.7600,455.78,yes
2026-10-05T05:28:58.137306Z,KXBTC15M-26OCT050130-30,0.7700,27.00,no
2026-10-05T05:28:58.177171Z,KXBTC15M-26OCT050130-30,0.7700,49.99,no
2026-10-05T05:28:58.245211Z,KXBTC15M-26OCT050130-30,0.7700,0.01,no
2026-10-05T05:28:58.245211Z,KXBTC15M-26OCT050130-30,0.7700,0.01,no
2026-10-05T05:28:58.253652Z,KXBTC15M-26OCT050130-30,0.7400,1.00,no
2026-10-05T05:28:58.253652Z,KXBTC15M-26OCT050130-30,0.7400,6.00,no
2026-10-05T05:28:58.278575Z,KXBTC15M-26OCT050130-30,0.7400,187.98,yes
2026-10-05T05:28:58.286438Z,KXBTC15M-26OCT050130-30,0.7300,0.01,no
2026-10-05T05:28:58.286438Z,KXBTC15M-26OCT050130-30,0.7300,1.00,no
2026-10-05T05:28:58.286438Z,KXBTC15M-26OCT050130-30,0.7300,6.59,no
2026-10-05T05:28:58.286438Z,KXBTC15M-26OCT050130-30,0.7300,0.01,no
2026-10-05T05:28:58.286438Z,KXBTC15M-26OCT050130-30,0.7300,10.00,no
2026-10-05T05:28:58.304575Z,KXBTC15M-26OCT050130-30,0.7300,5.99,no
2026-10-05T05:28:58.324491Z,KXBTC15M-26OCT050130-30,0.7300,33.00,no
2026-10-05T05:28:58.325494Z,KXBTC15M-26OCT050130-30,0.7400,26.34,yes
2026-10-05T05:28:58.370095Z,KXBTC15M-26OCT050130-30,0.7400,32.88,yes
2026-10-05T05:28:58.374748Z,KXBTC15M-26OCT050130-30,0.7400,27.70,yes
2026-10-05T05:28:58.37711Z,KXBTC15M-26OCT050130-30,0.7400,227.26,yes
2026-10-05T05:28:58.403935Z,KXBTC15M-26OCT050130-30,0.7400,1.32,yes
2026-10-05T05:28:58.411863Z,KXBTC15M-26OCT050130-30,0.7300,17.61,no
2026-10-05T05:28:58.414529Z,KXBTC15M-26OCT050130-30,0.7300,24.19,no
2026-10-05T05:28:58.414529Z,KXBTC15M-26OCT050130-30,0.7300,8.81,no
2026-10-05T05:28:58.430019Z,KXBTC15M-26OCT050130-30,0.7400,135.91,yes
2026-10-05T05:28:58.471868Z,KXBTC15M-26OCT050130-30,0.7300,7.04,no
2026-10-05T05:28:58.48995Z,KXBTC15M-26OCT050130-30,0.7400,0.01,yes
2026-10-05T05:28:58.517127Z,KXBTC15M-26OCT050130-30,0.7400,0.01,yes
2026-10-05T05:28:58.517127Z,KXBTC15M-26OCT050130-30,0.7400,99.00,yes
2026-10-05T05:28:58.517127Z,KXBTC15M-26OCT050130-30,0.7400,0.01,yes
2026-10-05T05:28:58.517127Z,KXBTC15M-26OCT050130-30,0.7400,3.51,yes
2026-10-05T05:28:58.53427Z,KXBTC15M-26OCT050130-30,0.7400,6.00,no
2026-10-05T05:28:58.557849Z,KXBTC15M-26OCT050130-30,0.7500,22.46,yes
2026-10-05T05:28:58.563306Z,KXBTC15M-26OCT050130-30,0.7400,34.00,no
2026-10-05T05:28:58.56453Z,KXBTC15M-26OCT050130-30,0.7400,42.28,no
2026-10-05T05:28:58.565605Z,KXBTC15M-26OCT050130-30,0.7500,11.96,yes
2026-10-05T05:28:58.565605Z,KXBTC15M-26OCT050130-30,0.7500,7.54,yes
2026-10-05T05:28:58.571943Z,KXBTC15M-26OCT050130-30,0.7500,0.01,yes
2026-10-05T05:28:58.571943Z,KXBTC15M-26OCT050130-30,0.7500,0.01,yes
2026-10-05T05:28:58.571943Z,KXBTC15M-26OCT050130-30,0.7500,85.04,yes
2026-10-05T05:28:58.572534Z,KXBTC15M-26OCT050130-30,0.7500,0.01,yes
2026-10-05T05:28:58.589359Z,KXBTC15M-26OCT050130-30,0.7400,50.00,no
2026-10-05T05:28:58.589359Z,KXBTC15M-26OCT050130-30,0.7400,1047.00,no
2026-10-05T05:28:58.589359Z,KXBTC15M-26OCT050130-30,0.7500,150.00,no
2026-10-05T05:28:58.589359Z,KXBTC15M-26OCT050130-30,0.7300,0.01,no
2026-10-05T05:28:58.589359Z,KXBTC15M-26OCT050130-30,0.7300,1047.00,no
2026-10-05T05:28:58.589359Z,KXBTC15M-26OCT050130-30,0.7300,100.14,no
2026-10-05T05:28:58.589359Z,KXBTC15M-26OCT050130-30,0.7400,190.80,no
2026-10-05T05:28:58.589359Z,KXBTC15M-26OCT050130-30,0.7500,500.00,no
2026-10-05T05:28:58.589359Z,KXBTC15M-26OCT050130-30,0.7400,1.00,no
2026-10-05T05:28:58.589359Z,KXBTC15M-26OCT050130-30,0.7400,400.00,no
2026-10-05T05:28:58.589359Z,KXBTC15M-26OCT050130-30,0.7300,0.01,no
2026-10-05T05:28:58.589359Z,KXBTC15M-26OCT050130-30,0.7500,200.00,no
2026-10-05T05:28:58.589359Z,KXBTC15M-26OCT050130-30,0.7400,0.01,no
2026-10-05T05:28:58.589359Z,KXBTC15M-26OCT050130-30,0.7400,1.00,no
2026-10-05T05:28:58.589359Z,KXBTC15M-26OCT050130-30,0.7400,10.00,no
2026-10-05T05:28:58.589359Z,KXBTC15M-26OCT050130-30,0.7500,0.01,no
2026-10-05T05:28:58.589359Z,KXBTC15M-26OCT050130-30,0.7500,0.01,no
2026-10-05T05:28:58.589359Z,KXBTC15M-26OCT050130-30,0.7400,0.01,no
2026-10-05T05:28:58.589359Z,KXBTC15M-26OCT050130-30,0.7500,150.00,no
2026-10-05T05:28:58.589359Z,KXBTC15M-26OCT050130-30,0.7300,50.00,no
2026-10-05T05:28:58.589359Z,KXBTC15M-26OCT050130-30,0.7500,50.00,no
2026-10-05T05:28:58.589359Z,KXBTC15M-26OCT050130-30,0.7500,1047.00,no
2026-10-05T05:28:58.589359Z,KXBTC15M-26OCT050130-30,0.7500,6.00,no
2026-10-05T05:28:58.594817Z,KXBTC15M-26OCT050130-30,0.7600,0.01,yes
2026-10-05T05:28:58.594817Z,KXBTC15M-26OCT050130-30,0.7600,97.00,yes
2026-10-05T05:28:58.594817Z,KXBTC15M-26OCT050130-30,0.7500,540.00,yes
2026-10-05T05:28:58.595175Z,KXBTC15M-26OCT050130-30,0.7700,19.45,yes
2026-10-05T05:28:58.600596Z,KXBTC15M-26OCT050130-30,0.7600,39.54,no
2026-10-05T05:28:58.60346Z,KXBTC15M-26OCT050130-30,0.7600,121.74,no
2026-10-05T05:28:58.604298Z,KXBTC15M-26OCT050130-30,0.7600,317.12,no
2026-10-05T05:28:58.643271Z,KXBTC15M-26OCT050130-30,0.7600,1.48,no
2026-10-05T05:28:58.680751Z,KXBTC15M-26OCT050130-30,0.7700,0.01,yes
2026-10-05T05:28:58.694508Z,KXBTC15M-26OCT050130-30,0.7600,0.01,no
2026-10-05T05:28:58.694508Z,KXBTC15M-26OCT050130-30,0.7600,3.50,no
2026-10-05T05:28:58.694508Z,KXBTC15M-26OCT050130-30,0.7600,0.01,no
2026-10-05T05:28:58.696497Z,KXBTC15M-26OCT050130-30,0.7700,71.54,yes
2026-10-05T05:28:58.696497Z,KXBTC15M-26OCT050130-30,0.7700,55.02,yes
2026-10-05T05:28:58.72883Z,KXBTC15M-26OCT050130-30,0.7600,1.00,no
2026-10-05T05:28:58.72883Z,KXBTC15M-26OCT050130-30,0.7600,0.01,no
2026-10-05T05:28:58.72883Z,KXBTC15M-26OCT050130-30,0.7600,0.01,no
2026-10-05T05:28:58.73172Z,KXBTC15M-26OCT050130-30,0.7600,2.36,yes
2026-10-05T05:28:58.752082Z,KXBTC15M-26OCT050130-30,0.8000,1025.05,yes
2026-10-05T05:28:58.752082Z,KXBTC15M-26OCT050130-30,0.8000,20.52,yes
2026-10-05T05:28:58.752082Z,KXBTC15M-26OCT050130-30,0.7700,0.01,yes
2026-10-05T05:28:58.752082Z,KXBTC15M-26OCT050130-30,0.7700,99.00,yes
2026-10-05T05:28:58.752082Z,KXBTC15M-26OCT050130-30,0.7700,1047.00,yes
2026-10-05T05:28:58.752082Z,KXBTC15M-26OCT050130-30,0.7600,99.00,yes
2026-10-05T05:28:58.752082Z,KXBTC15M-26OCT050130-30,0.7700,0.01,yes
2026-10-05T05:28:58.752082Z,KXBTC15M-26OCT050130-30,0.7600,3141.00,yes
2026-10-05T05:28:58.752082Z,KXBTC15M-26OCT050130-30,0.7800,1047.00,yes
2026-10-05T05:28:58.752082Z,KXBTC15M-26OCT050130-30,0.7700,1.00,yes
2026-10-05T05:28:58.752082Z,KXBTC15M-26OCT050130-30,0.7700,64.00,yes
2026-10-05T05:28:58.752082Z,KXBTC15M-26OCT050130-30,0.7600,500.00,yes
2026-10-05T05:28:58.752082Z,KXBTC15M-26OCT050130-30,0.7900,1047.00,yes
2026-10-05T05:28:58.752082Z,KXBTC15M-26OCT050130-30,0.7600,19.00,yes
2026-10-05T05:28:58.752082Z,KXBTC15M-26OCT050130-30,0.7600,0.01,yes
2026-10-05T05:28:58.752082Z,KXBTC15M-26OCT050130-30,0.7600,150.00,yes
2026-10-05T05:28:58.752082Z,KXBTC15M-26OCT050130-30,0.7700,15.00,yes
2026-10-05T05:28:58.752082Z,KXBTC15M-26OCT050130-30,0.7600,0.01,yes
2026-10-05T05:28:58.752082Z,KXBTC15M-26OCT050130-30,0.7700,93.75,yes
2026-10-05T05:28:58.752082Z,KXBTC15M-26OCT050130-30,0.7600,5.00,yes
2026-10-05T05:28:58.752082Z,KXBTC15M-26OCT050130-30,0.7600,150.00,yes
2026-10-05T05:28:58.752082Z,KXBTC15M-26OCT050130-30,0.7600,147.64,yes
2026-10-05T05:28:58.752082Z,KXBTC15M-26OCT050130-30,0.7600,9.00,yes
2026-10-05T05:28:58.752082Z,KXBTC15M-26OCT050130-30,0.7800,76.00,yes
2026-10-05T05:28:58.752082Z,KXBTC15M-26OCT050130-30,0.7800,100.00,yes
2026-10-05T05:28:58.752082Z,KXBTC15M-26OCT050130-30,0.8000,1.84,yes
2026-10-05T05:28:58.752082Z,KXBTC15M-26OCT050130-30,0.8000,25.00,yes
2026-10-05T05:28:58.752082Z,KXBTC15M-26OCT050130-30,0.8000,58.00,yes
2026-10-05T05:28:58.752082Z,KXBTC15M-26OCT050130-30,0.8000,50.00,yes
2026-10-05T05:28:58.752082Z,KXBTC15M-26OCT050130-30,0.8000,0.43,yes
2026-10-05T05:28:58.752082Z,KXBTC15M-26OCT050130-30,0.8000,74.67,yes
2026-10-05T05:28:58.752082Z,KXBTC15M-26OCT050130-30,0.8000,1.00,yes
2026-10-05T05:28:58.752082Z,KXBTC15M-26OCT050130-30,0.8000,10.05,yes
2026-10-05T05:28:58.752681Z,KXBTC15M-26OCT050130-30,0.7500,10.00,no
2026-10-05T05:28:58.752681Z,KXBTC15M-26OCT050130-30,0.7400,30.51,no
2026-10-05T05:28:58.752681Z,KXBTC15M-26OCT050130-30,0.7500,0.01,no
2026-10-05T05:28:58.752681Z,KXBTC15M-26OCT050130-30,0.7500,1.00,no
2026-10-05T05:28:58.752681Z,KXBTC15M-26OCT050130-30,0.7500,1.00,no
2026-10-05T05:28:58.752681Z,KXBTC15M-26OCT050130-30,0.7500,136.00,no
2026-10-05T05:28:58.752681Z,KXBTC15M-26OCT050130-30,0.7500,0.01,no
2026-10-05T05:28:58.768289Z,KXBTC15M-26OCT050130-30,0.7500,20.00,no
2026-10-05T05:28:58.780258Z,KXBTC15M-26OCT050130-30,0.7500,35.23,no
2026-10-05T05:28:58.781195Z,KXBTC15M-26OCT050130-30,0.7500,7.47,no
2026-10-05T05:28:58.794109Z,KXBTC15M-26OCT050130-30,0.7600,0.01,yes
2026-10-05T05:28:58.794109Z,KXBTC15M-26OCT050130-30,0.7700,412.14,yes
2026-10-05T05:28:58.794109Z,KXBTC15M-26OCT050130-30,0.7600,0.01,yes
2026-10-05T05:28:58.794109Z,KXBTC15M-26OCT050130-30,0.7600,171.00,yes
2026-10-05T05:28:58.794109Z,KXBTC15M-26OCT050130-30,0.7600,19.00,yes
2026-10-05T05:28:58.798128Z,KXBTC15M-26OCT050130-30,0.7700,634.86,yes
2026-10-05T05:28:58.798128Z,KXBTC15M-26OCT050130-30,0.7800,743.90,yes
2026-10-05T05:28:58.833017Z,KXBTC15M-26OCT050130-30,0.7500,1.76,no
2026-10-05T05:28:58.875746Z,KXBTC15M-26OCT050130-30,0.7500,35.21,no
2026-10-05T05:28:58.875746Z,KXBTC15M-26OCT050130-30,0.7500,0.01,no
2026-10-05T05:28:58.875746Z,KXBTC15M-26OCT050130-30,0.7500,0.01,no
2026-10-05T05:28:58.879456Z,KXBTC15M-26OCT050130-30,0.7500,18.28,no
2026-10-05T05:28:58.893618Z,KXBTC15M-26OCT050130-30,0.7500,4.00,no
2026-10-05T05:28:58.896958Z,KXBTC15M-26OCT050130-30,0.7500,18.28,no
2026-10-05T05:28:58.922036Z,KXBTC15M-26OCT050130-30,0.7600,32.03,yes
2026-10-05T05:28:58.922331Z,KXBTC15M-26OCT050130-30,0.7600,0.41,yes
2026-10-05T05:28:58.927442Z,KXBTC15M-26OCT050130-30,0.7600,0.01,yes
2026-10-05T05:28:58.960287Z,KXBTC15M-26OCT050130-30,0.7600,19.17,yes
2026-10-05T05:28:59.048556Z,KXBTC15M-26OCT050130-30,0.7500,5.48,no
2026-10-05T05:28:59.058687Z,KXBTC15M-26OCT050130-30,0.7500,0.01,no
2026-10-05T05:28:59.058687Z,KXBTC15M-26OCT050130-30,0.7500,0.01,no
2026-10-05T05:28:59.058687Z,KXBTC15M-26OCT050130-30,0.7500,8.18,no
2026-10-05T05:28:59.060936Z,KXBTC15M-26OCT050130-30,0.7600,0.01,yes
2026-10-05T05:28:59.060936Z,KXBTC15M-26OCT050130-30,0.7600,0.01,yes
2026-10-05T05:28:59.061925Z,KXBTC15M-26OCT050130-30,0.7600,95.93,no
2026-10-05T05:28:59.069846Z,KXBTC15M-26OCT050130-30,0.7600,26.00,no
2026-10-05T05:28:59.069846Z,KXBTC15M-26OCT050130-30,0.7600,150.00,no
2026-10-05T05:28:59.069846Z,KXBTC15M-26OCT050130-30,0.7600,54.07,no
2026-10-05T05:28:59.069846Z,KXBTC15M-26OCT050130-30,0.7600,150.00,no
2026-10-05T05:28:59.071396Z,KXBTC15M-26OCT050130-30,0.7600,3.40,no
2026-10-05T05:28:59.092675Z,KXBTC15M-26OCT050130-30,0.7600,150.00,no
2026-10-05T05:28:59.092675Z,KXBTC15M-26OCT050130-30,0.7600,49.49,no
2026-10-05T05:28:59.092675Z,KXBTC15M-26OCT050130-30,0.7600,120.60,no
2026-10-05T05:28:59.115766Z,KXBTC15M-26OCT050130-30,0.7700,12.61,yes
2026-10-05T05:28:59.131732Z,KXBTC15M-26OCT050130-30,0.7600,80.81,no
2026-10-05T05:28:59.140974Z,KXBTC15M-26OCT050130-30,0.7600,7.31,no
2026-10-05T05:28:59.147165Z,KXBTC15M-26OCT050130-30,0.7600,0.85,no
2026-10-05T05:28:59.153385Z,KXBTC15M-26OCT050130-30,0.7600,10.39,no
2026-10-05T05:28:59.155696Z,KXBTC15M-26OCT050130-30,0.7600,18.28,no
2026-10-05T05:28:59.171462Z,KXBTC15M-26OCT050130-30,0.7600,11.86,no
2026-10-05T05:28:59.1935Z,KXBTC15M-26OCT050130-30,0.7600,19.00,no
2026-10-05T05:28:59.203389Z,KXBTC15M-26OCT050130-30,0.7600,73.13,no
2026-10-05T05:28:59.205575Z,KXBTC15M-26OCT050130-30,0.7600,14.47,no
2026-10-05T05:28:59.209806Z,KXBTC15M-26OCT050130-30,0.7700,84.39,yes
2026-10-05T05:28:59.209806Z,KXBTC15M-26OCT050130-30,0.7700,1.00,yes
2026-10-05T05:28:59.209806Z,KXBTC15M-26OCT050130-30,0.7700,0.01,yes
2026-10-05T05:28:59.209806Z,KXBTC15M-26OCT050130-30,0.7700,0.01,yes
2026-10-05T05:28:59.245628Z,KXBTC15M-26OCT050130-30,0.7800,1.00,yes
2026-10-05T05:28:59.278951Z,KXBTC15M-26OCT050130-30,0.7700,18.64,no
2026-10-05T05:28:59.310634Z,KXBTC15M-26OCT050130-30,0.7700,41.21,no
2026-10-05T05:28:59.31185Z,KXBTC15M-26OCT050130-30,0.7800,0.01,yes
2026-10-05T05:28:59.31185Z,KXBTC15M-26OCT050130-30,0.7900,2.43,yes
2026-10-05T05:28:59.31185Z,KXBTC15M-26OCT050130-30,0.7800,0.01,yes
2026-10-05T05:28:59.31855Z,KXBTC15M-26OCT050130-30,0.7700,19.00,no
2026-10-05T05:28:59.322267Z,KXBTC15M-26OCT050130-30,0.7700,38.00,no
2026-10-05T05:28:59.345092Z,KXBTC15M-26OCT050130-30,0.7800,3.83,no
2026-10-05T05:28:59.347452Z,KXBTC15M-26OCT050130-30,0.7800,0.01,no
2026-10-05T05:28:59.347452Z,KXBTC15M-26OCT050130-30,0.7800,0.01,no
2026-10-05T05:28:59.347452Z,KXBTC15M-26OCT050130-30,0.7800,8.67,no
2026-10-05T05:28:59.347452Z,KXBTC15M-26OCT050130-30,0.7800,264.00,no
2026-10-05T05:28:59.355492Z,KXBTC15M-26OCT050130-30,0.7700,1.00,no
2026-10-05T05:28:59.355492Z,KXBTC15M-26OCT050130-30,0.7700,12.50,no
2026-10-05T05:28:59.355492Z,KXBTC15M-26OCT050130-30,0.7700,0.01,no
2026-10-05T05:28:59.355492Z,KXBTC15M-26OCT050130-30,0.7700,0.01,no
2026-10-05T05:28:59.355492Z,KXBTC15M-26OCT050130-30,0.7700,10.00,no
2026-10-05T05:28:59.369694Z,KXBTC15M-26OCT050130-30,0.7600,1.00,no
2026-10-05T05:28:59.369694Z,KXBTC15M-26OCT050130-30,0.7600,0.42,no
2026-10-05T05:28:59.377717Z,KXBTC15M-26OCT050130-30,0.7700,9.11,yes
2026-10-05T05:28:59.383827Z,KXBTC15M-26OCT050130-30,0.7600,1.00,no
2026-10-05T05:28:59.383827Z,KXBTC15M-26OCT050130-30,0.7600,0.01,no
2026-10-05T05:28:59.383827Z,KXBTC15M-26OCT050130-30,0.7600,10.00,no
2026-10-05T05:28:59.383827Z,KXBTC15M-26OCT050130-30,0.7600,0.01,no
2026-10-05T05:28:59.410654Z,KXBTC15M-26OCT050130-30,0.7500,0.28,no
2026-10-05T05:28:59.469183Z,KXBTC15M-26OCT050130-30,0.7400,25.00,no
2026-10-05T05:28:59.469183Z,KXBTC15M-26OCT050130-30,0.7400,231.79,no
2026-10-05T05:28:59.469183Z,KXBTC15M-26OCT050130-30,0.7500,42.00,no
2026-10-05T05:28:59.469183Z,KXBTC15M-26OCT050130-30,0.7500,0.01,no
2026-10-05T05:28:59.469183Z,KXBTC15M-26OCT050130-30,0.7500,98.00,no
2026-10-05T05:28:59.469183Z,KXBTC15M-26OCT050130-30,0.7500,0.01,no
2026-10-05T05:28:59.469183Z,KXBTC15M-26OCT050130-30,0.7500,1.00,no
2026-10-05T05:28:59.469183Z,KXBTC15M-26OCT050130-30,0.7500,10.00,no
2026-10-05T05:28:59.469183Z,KXBTC15M-26OCT050130-30,0.7500,0.72,no
2026-10-05T05:28:59.474941Z,KXBTC15M-26OCT050130-30,0.7500,2.00,yes
2026-10-05T05:28:59.494287Z,KXBTC15M-26OCT050130-30,0.7400,0.43,no
2026-10-05T05:28:59.514075Z,KXBTC15M-26OCT050130-30,0.7500,6.39,yes
2026-10-05T05:28:59.522686Z,KXBTC15M-26OCT050130-30,0.7400,3.20,no
2026-10-05T05:28:59.549374Z,KXBTC15M-26OCT050130-30,0.7400,142.00,no
2026-10-05T05:28:59.550505Z,KXBTC15M-26OCT050130-30,0.7400,59.69,no
2026-10-05T05:28:59.553007Z,KXBTC15M-26OCT050130-30,0.7400,10.47,no
2026-10-05T05:28:59.562779Z,KXBTC15M-26OCT050130-30,0.7500,141.61,yes
2026-10-05T05:28:59.562779Z,KXBTC15M-26OCT050130-30,0.7500,0.01,yes
2026-10-05T05:28:59.562779Z,KXBTC15M-26OCT050130-30,0.7600,35.33,yes
2026-10-05T05:28:59.562779Z,KXBTC15M-26OCT050130-30,0.7500,0.01,yes
2026-10-05T05:28:59.562779Z,KXBTC15M-26OCT050130-30,0.7500,20.00,yes
2026-10-05T05:28:59.562779Z,KXBTC15M-26OCT050130-30,0.7500,1.00,yes
2026-10-05T05:28:59.574547Z,KXBTC15M-26OCT050130-30,0.7500,95.70,no
2026-10-05T05:28:59.574547Z,KXBTC15M-26OCT050130-30,0.7500,10.00,no
2026-10-05T05:28:59.614517Z,KXBTC15M-26OCT050130-30,0.7500,190.02,no
2026-10-05T05:28:59.639579Z,KXBTC15M-26OCT050130-30,0.7600,99.74,yes
2026-10-05T05:28:59.660116Z,KXBTC15M-26OCT050130-30,0.7600,31.56,yes
2026-10-05T05:28:59.693934Z,KXBTC15M-26OCT050130-30,0.7600,50.00,yes
2026-10-05T05:28:59.696459Z,KXBTC15M-26OCT050130-30,0.7500,150.00,no
2026-10-05T05:28:59.702001Z,KXBTC15M-26OCT050130-30,0.7500,9.22,no
2026-10-05T05:28:59.722885Z,KXBTC15M-26OCT050130-30,0.7500,19.00,no
2026-10-05T05:28:59.751809Z,KXBTC15M-26OCT050130-30,0.7500,20.51,no
2026-10-05T05:28:59.759015Z,KXBTC15M-26OCT050130-30,0.7500,0.76,no
2026-10-05T05:28:59.76366Z,KXBTC15M-26OCT050130-30,0.7500,1.00,no
2026-10-05T05:28:59.779132Z,KXBTC15M-26OCT050130-30,0.7500,52.20,no
2026-10-05T05:28:59.79329Z,KXBTC15M-26OCT050130-30,0.7500,189.15,no
2026-10-05T05:28:59.836784Z,KXBTC15M-26OCT050130-30,0.7500,71.00,no
2026-10-05T05:28:59.859372Z,KXBTC15M-26OCT050130-30,0.7500,3.98,no
2026-10-05T05:28:59.890732Z,KXBTC15M-26OCT050130-30,0.7600,0.01,yes
2026-10-05T05:28:59.890732Z,KXBTC15M-26OCT050130-30,0.7600,0.01,yes
2026-10-05T05:28:59.890732Z,KXBTC15M-26OCT050130-30,0.7600,1.00,yes
2026-10-05T05:28:59.890732Z,KXBTC15M-26OCT050130-30,0.7600,22.92,yes
2026-10-05T05:28:59.897985Z,KXBTC15M-26OCT050130-30,0.7500,178.00,no
2026-10-05T05:28:59.898982Z,KXBTC15M-26OCT050130-30,0.7600,4.79,yes
2026-10-05T05:28:59.901145Z,KXBTC15M-26OCT050130-30,0.7500,1.45,no
2026-10-05T05:28:59.910874Z,KXBTC15M-26OCT050130-30,0.7600,12.83,yes
2026-10-05T05:28:59.925975Z,KXBTC15M-26OCT050130-30,0.7600,12.94,yes
2026-10-05T05:28:59.927355Z,KXBTC15M-26OCT050130-30,0.7500,7.60,no
2026-10-05T05:28:59.934663Z,KXBTC15M-26OCT050130-30,0.7700,500.00,yes
2026-10-05T05:28:59.934663Z,KXBTC15M-26OCT050130-30,0.7600,0.01,yes
2026-10-05T05:28:59.934663Z,KXBTC15M-26OCT050130-30,0.7600,193.52,yes
2026-10-05T05:28:59.934663Z,KXBTC15M-26OCT050130-30,0.7600,0.80,yes
2026-10-05T05:28:59.934663Z,KXBTC15M-26OCT050130-30,0.7700,1047.00,yes
2026-10-05T05:28:59.934663Z,KXBTC15M-26OCT050130-30,0.7600,0.01,yes
2026-10-05T05:28:59.938055Z,KXBTC15M-26OCT050130-30,0.7700,23.42,no
2026-10-05T05:28:59.940124Z,KXBTC15M-26OCT050130-30,0.7700,3.80,no
2026-10-05T05:28:59.968744Z,KXBTC15M-26OCT050130-30,0.7800,20.00,yes
2026-10-05T05:28:59.9859Z,KXBTC15M-26OCT050130-30,0.7700,4.25,no
2026-10-05T05:28:59.994261Z,KXBTC15M-26OCT050130-30,0.7700,178.00,no
2026-10-05T05:29:00.011661Z,KXBTC15M-26OCT050130-30,0.7700,269.83,no
2026-10-05T05:29:00.020241Z,KXBTC15M-26OCT050130-30,0.7700,18.28,no
2026-10-05T05:29:00.038382Z,KXBTC15M-26OCT050130-30,0.7700,410.87,no
2026-10-05T05:29:00.04075Z,KXBTC15M-26OCT050130-30,0.7700,18.73,no
2026-10-05T05:29:00.092897Z,KXBTC15M-26OCT050130-30,0.7700,9.84,no
2026-10-05T05:29:00.105747Z,KXBTC15M-26OCT050130-30,0.7700,114.01,no
2026-10-05T05:29:00.118438Z,KXBTC15M-26OCT050130-30,0.7800,238.13,yes
2026-10-05T05:29:00.127562Z,KXBTC15M-26OCT050130-30,0.7700,19.00,no
2026-10-05T05:29:00.135678Z,KXBTC15M-26OCT050130-30,0.7700,11.40,no
2026-10-05T05:29:00.158205Z,KXBTC15M-26OCT050130-30,0.7800,12.53,yes
2026-10-05T05:29:00.160578Z,KXBTC15M-26OCT050130-30,0.7800,0.62,yes
2026-10-05T05:29:00.165279Z,KXBTC15M-26OCT050130-30,0.7700,203.42,no
2026-10-05T05:29:00.176895Z,KXBTC15M-26OCT050130-30,0.7700,19.00,no
2026-10-05T05:29:00.18964Z,KXBTC15M-26OCT050130-30,0.8000,649.84,yes
2026-10-05T05:29:00.18964Z,KXBTC15M-26OCT050130-30,0.8100,6.38,yes
2026-10-05T05:29:00.18964Z,KXBTC15M-26OCT050130-30,0.7900,10.00,yes
2026-10-05T05:29:00.18964Z,KXBTC15M-26OCT050130-30,0.7800,58.00,yes
2026-10-05T05:29:00.18964Z,KXBTC15M-26OCT050130-30,0.7900,1.00,yes
2026-10-05T05:29:00.18964Z,KXBTC15M-26OCT050130-30,0.8100,50.00,yes
2026-10-05T05:29:00.18964Z,KXBTC15M-26OCT050130-30,0.7900,50.00,yes
2026-10-05T05:29:00.18964Z,KXBTC15M-26OCT050130-30,0.7800,50.00,yes
2026-10-05T05:29:00.18964Z,KXBTC15M-26OCT050130-30,0.8000,50.00,yes
2026-10-05T05:29:00.18964Z,KXBTC15M-26OCT050130-30,0.7800,5.00,yes
2026-10-05T05:29:00.18964Z,KXBTC15M-26OCT050130-30,0.7800,0.01,yes
2026-10-05T05:29:00.18964Z,KXBTC15M-26OCT050130-30,0.7800,0.01,yes
2026-10-05T05:29:00.18964Z,KXBTC15M-26OCT050130-30,0.8000,1047.00,yes
2026-10-05T05:29:00.18964Z,KXBTC15M-26OCT050130-30,0.7900,64.00,yes
2026-10-05T05:29:00.18964Z,KXBTC15M-26OCT050130-30,0.7800,775.72,yes
2026-10-05T05:29:00.18964Z,KXBTC15M-26OCT050130-30,0.7900,1047.00,yes
2026-10-05T05:29:00.18964Z,KXBTC15M-26OCT050130-30,0.8000,66.99,yes
2026-10-05T05:29:00.18964Z,KXBTC15M-26OCT050130-30,0.8100,186.05,yes
2026-10-05T05:29:00.18964Z,KXBTC15M-26OCT050130-30,0.8100,14.50,yes
2026-10-05T05:29:00.18964Z,KXBTC15M-26OCT050130-30,0.8100,1.00,yes
2026-10-05T05:29:00.18964Z,KXBTC15M-26OCT050130-30,0.8100,1.00,yes
2026-10-05T05:29:00.18964Z,KXBTC15M-26OCT050130-30,0.8100,1.00,yes
2026-10-05T05:29:00.18964Z,KXBTC15M-26OCT050130-30,0.8100,1047.00,yes
2026-10-05T05:29:00.192191Z,KXBTC15M-26OCT050130-30,0.8200,50.00,yes
2026-10-05T05:29:00.192191Z,KXBTC15M-26OCT050130-30,0.8200,93.00,yes
2026-10-05T05:29:00.192191Z,KXBTC15M-26OCT050130-30,0.8200,25.00,yes
2026-10-05T05:29:00.192191Z,KXBTC15M-26OCT050130-30,0.8200,1.93,yes
2026-10-05T05:29:00.192191Z,KXBTC15M-26OCT050130-30,0.8200,1.00,yes
2026-10-05T05:29:00.192454Z,KXBTC15M-26OCT050130-30,0.8300,150.00,yes
2026-10-05T05:29:00.192454Z,KXBTC15M-26OCT050130-30,0.8300,25.00,yes
2026-10-05T05:29:00.192454Z,KXBTC15M-26OCT050130-30,0.8300,50.00,yes
2026-10-05T05:29:00.192454Z,KXBTC15M-26OCT050130-30,0.8300,3.04,yes
2026-10-05T05:29:00.192454Z,KXBTC15M-26OCT050130-30,0.8300,5.23,yes
2026-10-05T05:29:00.192454Z,KXBTC15M-26OCT050130-30,0.8300,54.98,yes
2026-10-05T05:29:00.192454Z,KXBTC15M-26OCT050130-30,0.8300,1.00,yes
2026-10-05T05:29:00.195367Z,KXBTC15M-26OCT050130-30,0.8000,93.75,yes
2026-10-05T05:29:00.196249Z,KXBTC15M-26OCT050130-30,0.8400,100.48,yes
2026-10-05T05:29:00.196249Z,KXBTC15M-26OCT050130-30,0.8100,15.00,yes
2026-10-05T05:29:00.196249Z,KXBTC15M-26OCT050130-30,0.8400,1.00,yes
2026-10-05T05:29:00.196249Z,KXBTC15M-26OCT050130-30,0.8400,84.80,yes
2026-10-05T05:29:00.196249Z,KXBTC15M-26OCT050130-30,0.8400,10.25,yes
2026-10-05T05:29:00.196249Z,KXBTC15M-26OCT050130-30,0.8400,817.00,yes
2026-10-05T05:29:00.196249Z,KXBTC15M-26OCT050130-30,0.8400,983.63,yes
2026-10-05T05:29:00.196249Z,KXBTC15M-26OCT050130-30,0.8400,30.48,yes
2026-10-05T05:29:00.196249Z,KXBTC15M-26OCT050130-30,0.8400,1.00,yes
2026-10-05T05:29:00.196249Z,KXBTC15M-26OCT050130-30,0.8400,25.00,yes
2026-10-05T05:29:00.196249Z,KXBTC15M-26OCT050130-30,0.8400,1.00,yes
2026-10-05T05:29:00.196249Z,KXBTC15M-26OCT050130-30,0.8400,7.19,yes
2026-10-05T05:29:00.197349Z,KXBTC15M-26OCT050130-30,0.8100,15.00,yes
2026-10-05T05:29:00.197349Z,KXBTC15M-26OCT050130-30,0.8100,93.75,yes
2026-10-05T05:29:00.197349Z,KXBTC15M-26OCT050130-30,0.8200,64.00,yes
2026-10-05T05:29:00.197349Z,KXBTC15M-26OCT050130-30,0.8500,5.65,yes
2026-10-05T05:29:00.197349Z,KXBTC15M-26OCT050130-30,0.8500,6.97,yes
2026-10-05T05:29:00.197349Z,KXBTC15M-26OCT050130-30,0.8500,25.00,yes
2026-10-05T05:29:00.197349Z,KXBTC15M-26OCT050130-30,0.8500,1.00,yes
2026-10-05T05:29:00.197695Z,KXBTC15M-26OCT050130-30,0.8500,28.08,yes
2026-10-05T05:29:00.197695Z,KXBTC15M-26OCT050130-30,0.8500,1248.83,yes
2026-10-05T05:29:00.197695Z,KXBTC15M-26OCT050130-30,0.8500,9.84,yes
2026-10-05T05:29:00.197695Z,KXBTC15M-26OCT050130-30,0.8200,185.00,yes
2026-10-05T05:29:00.197695Z,KXBTC15M-26OCT050130-30,0.8500,100.00,yes
2026-10-05T05:29:00.197695Z,KXBTC15M-26OCT050130-30,0.8500,23.67,yes
2026-10-05T05:29:00.197695Z,KXBTC15M-26OCT050130-30,0.8500,74.00,yes
2026-10-05T05:29:00.197695Z,KXBTC15M-26OCT050130-30,0.8500,5.40,yes
2026-10-05T05:29:00.198012Z,KXBTC15M-26OCT050130-30,0.8500,674.06,yes
2026-10-05T05:29:00.198012Z,KXBTC15M-26OCT050130-30,0.8200,4.00,yes
2026-10-05T05:29:00.198505Z,KXBTC15M-26OCT050130-30,0.8500,1031.88,yes
2026-10-05T05:29:00.198505Z,KXBTC15M-26OCT050130-30,0.8200,15.00,yes
2026-10-05T05:29:00.198505Z,KXBTC15M-26OCT050130-30,0.8200,0.01,yes
2026-10-05T05:29:00.198505Z,KXBTC15M-26OCT050130-30,0.8200,93.75,yes
2026-10-05T05:29:00.201234Z,KXBTC15M-26OCT050130-30,0.8500,1135.13,yes
2026-10-05T05:29:00.201234Z,KXBTC15M-26OCT050130-30,0.8300,4.00,yes
2026-10-05T05:29:00.201234Z,KXBTC15M-26OCT050130-30,0.8400,3.00,yes
2026-10-05T05:29:00.201234Z,KXBTC15M-26OCT050130-30,0.8300,93.75,yes
2026-10-05T05:29:00.201234Z,KXBTC15M-26OCT050130-30,0.8300,15.00,yes
2026-10-05T05:29:00.201234Z,KXBTC15M-26OCT050130-30,0.8300,15.00,yes
2026-10-05T05:29:00.201234Z,KXBTC15M-26OCT050130-30,0.8200,93.75,yes
2026-10-05T05:29:00.201682Z,KXBTC15M-26OCT050130-30,0.8500,232.62,yes
2026-10-05T05:29:00.201682Z,KXBTC15M-26OCT050130-30,0.8300,93.75,yes
2026-10-05T05:29:00.205673Z,KXBTC15M-26OCT050130-30,0.8200,40.24,no
2026-10-05T05:29:00.206592Z,KXBTC15M-26OCT050130-30,0.8200,6.36,no
2026-10-05T05:29:00.207709Z,KXBTC15M-26OCT050130-30,0.8300,185.00,yes
2026-10-05T05:29:00.208483Z,KXBTC15M-26OCT050130-30,0.8300,1.00,yes
2026-10-05T05:29:00.209454Z,KXBTC15M-26OCT050130-30,0.8400,1.01,yes
2026-10-05T05:29:00.209454Z,KXBTC15M-26OCT050130-30,0.8400,185.00,yes
2026-10-05T05:29:00.210793Z,KXBTC15M-26OCT050130-30,0.8200,11.79,no
2026-10-05T05:29:00.211228Z,KXBTC15M-26OCT050130-30,0.8200,58.39,no
2026-10-05T05:29:00.211813Z,KXBTC15M-26OCT050130-30,0.8200,40.24,no
2026-10-05T05:29:00.212042Z,KXBTC15M-26OCT050130-30,0.8200,5.42,no
2026-10-05T05:29:00.215037Z,KXBTC15M-26OCT050130-30,0.8200,1.21,no
2026-10-05T05:29:00.219645Z,KXBTC15M-26OCT050130-30,0.8300,0.01,yes
2026-10-05T05:29:00.219645Z,KXBTC15M-26OCT050130-30,0.8300,0.01,yes
2026-10-05T05:29:00.227386Z,KXBTC15M-26OCT050130-30,0.8300,6.12,no
2026-10-05T05:29:00.237886Z,KXBTC15M-26OCT050130-30,0.8300,4.00,no
2026-10-05T05:29:00.241177Z,KXBTC15M-26OCT050130-30,0.8300,139.88,no
2026-10-05T05:29:00.241177Z,KXBTC15M-26OCT050130-30,0.8300,261.12,no
2026-10-05T05:29:00.251713Z,KXBTC15M-26OCT050130-30,0.8300,53.34,no
2026-10-05T05:29:00.258285Z,KXBTC15M-26OCT050130-30,0.8300,11.40,no
2026-10-05T05:29:00.265017Z,KXBTC15M-26OCT050130-30,0.8300,7.60,no
2026-10-05T05:29:00.280399Z,KXBTC15M-26OCT050130-30,0.8300,119.96,no
2026-10-05T05:29:00.281205Z,KXBTC15M-26OCT050130-30,0.8300,227.77,no
2026-10-05T05:29:00.284282Z,KXBTC15M-26OCT050130-30,0.8300,126.00,no
2026-10-05T05:29:00.290402Z,KXBTC15M-26OCT050130-30,0.8400,335.00,yes
2026-10-05T05:29:00.291055Z,KXBTC15M-26OCT050130-30,0.8400,115.00,yes
2026-10-05T05:29:00.300883Z,KXBTC15M-26OCT050130-30,0.8400,64.00,yes
2026-10-05T05:29:00.300883Z,KXBTC15M-26OCT050130-30,0.8400,8.46,yes
2026-10-05T05:29:00.300883Z,KXBTC15M-26OCT050130-30,0.8400,0.01,yes
2026-10-05T05:29:00.300883Z,KXBTC15M-26OCT050130-30,0.8400,58.00,yes
2026-10-05T05:29:00.300883Z,KXBTC15M-26OCT050130-30,0.8400,0.01,yes
2026-10-05T05:29:00.300909Z,KXBTC15M-26OCT050130-30,0.8400,51.33,yes
2026-10-05T05:29:00.30171Z,KXBTC15M-26OCT050130-30,0.8400,51.35,yes
2026-10-05T05:29:00.301749Z,KXBTC15M-26OCT050130-30,0.8400,298.15,yes
2026-10-05T05:29:00.30252Z,KXBTC15M-26OCT050130-30,0.8400,119.00,yes
2026-10-05T05:29:00.30252Z,KXBTC15M-26OCT050130-30,0.8400,15.00,yes
2026-10-05T05:29:00.30252Z,KXBTC15M-26OCT050130-30,0.8400,93.75,yes
2026-10-05T05:29:00.30252Z,KXBTC15M-26OCT050130-30,0.8400,15.00,yes
2026-10-05T05:29:00.30252Z,KXBTC15M-26OCT050130-30,0.8400,64.00,yes
2026-10-05T05:29:00.303161Z,KXBTC15M-26OCT050130-30,0.8500,0.02,yes
2026-10-05T05:29:00.311495Z,KXBTC15M-26OCT050130-30,0.8400,7.96,no
2026-10-05T05:29:00.322273Z,KXBTC15M-26OCT050130-30,0.8400,96.96,no
2026-10-05T05:29:00.322273Z,KXBTC15M-26OCT050130-30,0.8400,142.04,no
2026-10-05T05:29:00.345511Z,KXBTC15M-26OCT050130-30,0.8400,219.98,no
2026-10-05T05:29:00.345511Z,KXBTC15M-26OCT050130-30,0.8400,0.01,no
2026-10-05T05:29:00.345511Z,KXBTC15M-26OCT050130-30,0.8400,180.00,no
2026-10-05T05:29:00.345511Z,KXBTC15M-26OCT050130-30,0.8400,0.01,no
2026-10-05T05:29:00.356243Z,KXBTC15M-26OCT050130-30,0.8400,405.02,no
2026-10-05T05:29:00.356243Z,KXBTC15M-26OCT050130-30,0.8300,500.00,no
2026-10-05T05:29:00.356243Z,KXBTC15M-26OCT050130-30,0.8400,0.01,no
2026-10-05T05:29:00.356243Z,KXBTC15M-26OCT050130-30,0.8400,0.01,no
2026-10-05T05:29:00.356243Z,KXBTC15M-26OCT050130-30,0.8300,10.00,no
2026-10-05T05:29:00.356243Z,KXBTC15M-26OCT050130-30,0.8300,0.01,no
2026-10-05T05:29:00.356243Z,KXBTC15M-26OCT050130-30,0.8400,239.00,no
2026-10-05T05:29:00.356243Z,KXBTC15M-26OCT050130-30,0.8300,0.01,no
2026-10-05T05:29:00.364106Z,KXBTC15M-26OCT050130-30,0.8300,56.00,no
2026-10-05T05:29:00.367081Z,KXBTC15M-26OCT050130-30,0.8200,10.00,no
2026-10-05T05:29:00.367081Z,KXBTC15M-26OCT050130-30,0.8200,9.57,no
2026-10-05T05:29:00.377852Z,KXBTC15M-26OCT050130-30,0.8000,75.00,yes
2026-10-05T05:29:00.39207Z,KXBTC15M-26OCT050130-30,0.8000,39.00,yes
2026-10-05T05:29:00.403387Z,KXBTC15M-26OCT050130-30,0.7900,5.00,no
2026-10-05T05:29:00.403387Z,KXBTC15M-26OCT050130-30,0.7900,0.01,no
2026-10-05T05:29:00.403387Z,KXBTC15M-26OCT050130-30,0.7900,1.00,no
2026-10-05T05:29:00.403387Z,KXBTC15M-26OCT050130-30,0.7800,19.89,no
2026-10-05T05:29:00.403387Z,KXBTC15M-26OCT050130-30,0.7900,1.00,no
2026-10-05T05:29:00.403387Z,KXBTC15M-26OCT050130-30,0.7900,0.01,no
2026-10-05T05:29:00.409887Z,KXBTC15M-26OCT050130-30,0.8000,164.00,yes
2026-10-05T05:29:00.410497Z,KXBTC15M-26OCT050130-30,0.8000,144.00,yes
2026-10-05T05:29:00.417571Z,KXBTC15M-26OCT050130-30,0.7900,23.38,no
2026-10-05T05:29:00.424364Z,KXBTC15M-26OCT050130-30,0.8000,40.15,yes
2026-10-05T05:29:00.429616Z,KXBTC15M-26OCT050130-30,0.7900,1.92,no
2026-10-05T05:29:00.430163Z,KXBTC15M-26OCT050130-30,0.7900,19.00,no
2026-10-05T05:29:00.446435Z,KXBTC15M-26OCT050130-30,0.7900,8.25,no
2026-10-05T05:29:00.454278Z,KXBTC15M-26OCT050130-30,0.8000,3.70,yes
2026-10-05T05:29:00.469677Z,KXBTC15M-26OCT050130-30,0.7900,11.97,no
2026-10-05T05:29:00.469677Z,KXBTC15M-26OCT050130-30,0.7900,0.01,no
2026-10-05T05:29:00.469677Z,KXBTC15M-26OCT050130-30,0.7900,0.01,no
2026-10-05T05:29:00.474523Z,KXBTC15M-26OCT050130-30,0.7900,457.30,no
2026-10-05T05:29:00.474523Z,KXBTC15M-26OCT050130-30,0.7900,124.03,no
2026-10-05T05:29:00.505153Z,KXBTC15M-26OCT050130-30,0.8000,23.54,yes
2026-10-05T05:29:00.509343Z,KXBTC15M-26OCT050130-30,0.7900,20.62,no
2026-10-05T05:29:00.524512Z,KXBTC15M-26OCT050130-30,0.7900,10.00,no
2026-10-05T05:29:00.536821Z,KXBTC15M-26OCT050130-30,0.8000,10.66,yes
2026-10-05T05:29:00.538612Z,KXBTC15M-26OCT050130-30,0.8000,11.77,yes
2026-10-05T05:29:00.543628Z,KXBTC15M-26OCT050130-30,0.7900,48.80,no
2026-10-05T05:29:00.543628Z,KXBTC15M-26OCT050130-30,0.7900,1.00,no
2026-10-05T05:29:00.543628Z,KXBTC15M-26OCT050130-30,0.7900,12.08,no
2026-10-05T05:29:00.551817Z,KXBTC15M-26OCT050130-30,0.8000,0.07,yes
2026-10-05T05:29:00.552639Z,KXBTC15M-26OCT050130-30,0.8000,124.43,yes
2026-10-05T05:29:00.566189Z,KXBTC15M-26OCT050130-30,0.7900,132.62,no
2026-10-05T05:29:00.566189Z,KXBTC15M-26OCT050130-30,0.7900,34.37,no
2026-10-05T05:29:00.566189Z,KXBTC15M-26OCT050130-30,0.7900,0.01,no
2026-10-05T05:29:00.566189Z,KXBTC15M-26OCT050130-30,0.7900,1.00,no
2026-10-05T05:29:00.566189Z,KXBTC15M-26OCT050130-30,0.7900,10.00,no
2026-10-05T05:29:00.566643Z,KXBTC15M-26OCT050130-30,0.7900,63.63,no
2026-10-05T05:29:00.566643Z,KXBTC15M-26OCT050130-30,0.7800,553.28,no
2026-10-05T05:29:00.566643Z,KXBTC15M-26OCT050130-30,0.7900,1.00,no
2026-10-05T05:29:00.576398Z,KXBTC15M-26OCT050130-30,0.7800,4.12,no
2026-10-05T05:29:00.578647Z,KXBTC15M-26OCT050130-30,0.7900,0.01,yes
2026-10-05T05:29:00.578647Z,KXBTC15M-26OCT050130-30,0.7900,0.01,yes
2026-10-05T05:29:00.578647Z,KXBTC15M-26OCT050130-30,0.8000,1.21,yes
2026-10-05T05:29:00.579664Z,KXBTC15M-26OCT050130-30,0.8000,121.20,yes
2026-10-05T05:29:00.580229Z,KXBTC15M-26OCT050130-30,0.8000,2.00,yes
2026-10-05T05:29:00.614087Z,KXBTC15M-26OCT050130-30,0.7800,10.00,no
2026-10-05T05:29:00.646849Z,KXBTC15M-26OCT050130-30,0.7800,41.25,no
2026-10-05T05:29:00.659686Z,KXBTC15M-26OCT050130-30,0.7900,0.01,yes
2026-10-05T05:29:00.659686Z,KXBTC15M-26OCT050130-30,0.7900,5.81,yes
2026-10-05T05:29:00.692157Z,KXBTC15M-26OCT050130-30,0.7900,25.22,yes
2026-10-05T05:29:00.701807Z,KXBTC15M-26OCT050130-30,0.7800,20.62,no
2026-10-05T05:29:00.751882Z,KXBTC15M-26OCT050130-30,0.7800,8.31,no
2026-10-05T05:29:00.79544Z,KXBTC15M-26OCT050130-30,0.7900,6.00,yes
2026-10-05T05:29:00.79544Z,KXBTC15M-26OCT050130-30,0.7900,0.01,yes
2026-10-05T05:29:00.79544Z,KXBTC15M-26OCT050130-30,0.8000,43.28,yes
2026-10-05T05:29:00.79544Z,KXBTC15M-26OCT050130-30,0.7900,0.01,yes
2026-10-05T05:29:00.801246Z,KXBTC15M-26OCT050130-30,0.7900,0.90,no
2026-10-05T05:29:00.834926Z,KXBTC15M-26OCT050130-30,0.8000,6.00,yes
2026-10-05T05:29:00.838523Z,KXBTC15M-26OCT050130-30,0.8000,49.79,yes
2026-10-05T05:29:00.850924Z,KXBTC15M-26OCT050130-30,0.8000,36.98,yes
2026-10-05T05:29:00.861939Z,KXBTC15M-26OCT050130-30,0.7900,8.43,no
2026-10-05T05:29:00.865538Z,KXBTC15M-26OCT050130-30,0.7900,12.90,no
2026-10-05T05:29:00.876061Z,KXBTC15M-26OCT050130-30,0.8000,23.28,yes
2026-10-05T05:29:00.876218Z,KXBTC15M-26OCT050130-30,0.7900,16.45,no
2026-10-05T05:29:00.876218Z,KXBTC15M-26OCT050130-30,0.7900,28.67,no
2026-10-05T05:29:00.891548Z,KXBTC15M-26OCT050130-30,0.7900,1.00,no
2026-10-05T05:29:00.891548Z,KXBTC15M-26OCT050130-30,0.7900,0.01,no
2026-10-05T05:29:00.891548Z,KXBTC15M-26OCT050130-30,0.7900,1.00,no
2026-10-05T05:29:00.891548Z,KXBTC15M-26OCT050130-30,0.7900,305.43,no
2026-10-05T05:29:00.891548Z,KXBTC15M-26OCT050130-30,0.7900,10.00,no
2026-10-05T05:29:00.891548Z,KXBTC15M-26OCT050130-30,0.7900,43.55,no
2026-10-05T05:29:00.891548Z,KXBTC15M-26OCT050130-30,0.7900,1.00,no
2026-10-05T05:29:00.891548Z,KXBTC15M-26OCT050130-30,0.7900,0.01,no
2026-10-05T05:29:00.90943Z,KXBTC15M-26OCT050130-30,0.7900,9.02,no
2026-10-05T05:29:00.91053Z,KXBTC15M-26OCT050130-30,0.7900,4.20,no
2026-10-05T05:29:00.91053Z,KXBTC15M-26OCT050130-30,0.7900,50.00,no
2026-10-05T05:29:00.91053Z,KXBTC15M-26OCT050130-30,0.7900,25.00,no
2026-10-05T05:29:00.91053Z,KXBTC15M-26OCT050130-30,0.7900,0.01,no
2026-10-05T05:29:00.91053Z,KXBTC15M-26OCT050130-30,0.7900,0.01,no
2026-10-05T05:29:00.91053Z,KXBTC15M-26OCT050130-30,0.7900,185.55,no
2026-10-05T05:29:00.92025Z,KXBTC15M-26OCT050130-30,0.7800,1.00,no
2026-10-05T05:29:00.92025Z,KXBTC15M-26OCT050130-30,0.7800,50.00,no
2026-10-05T05:29:00.921407Z,KXBTC15M-26OCT050130-30,0.7800,0.01,no
2026-10-05T05:29:00.921407Z,KXBTC15M-26OCT050130-30,0.7700,0.20,no
2026-10-05T05:29:00.921407Z,KXBTC15M-26OCT050130-30,0.7700,24.00,no
2026-10-05T05:29:00.921407Z,KXBTC15M-26OCT050130-30,0.7800,0.01,no
2026-10-05T05:29:00.921407Z,KXBTC15M-26OCT050130-30,0.7700,50.00,no
2026-10-05T05:29:00.921407Z,KXBTC15M-26OCT050130-30,0.7700,204.81,no
2026-10-05T05:29:00.92381Z,KXBTC15M-26OCT050130-30,0.7800,41.91,yes
2026-10-05T05:29:00.952883Z,KXBTC15M-26OCT050130-30,0.7800,150.00,yes
2026-10-05T05:29:00.952883Z,KXBTC15M-26OCT050130-30,0.7800,144.91,yes
2026-10-05T05:29:00.952883Z,KXBTC15M-26OCT050130-30,0.7800,108.09,yes
2026-10-05T05:29:00.954118Z,KXBTC15M-26OCT050130-30,0.7800,41.91,yes
2026-10-05T05:29:00.954118Z,KXBTC15M-26OCT050130-30,0.7800,5.09,yes
2026-10-05T05:29:00.966421Z,KXBTC15M-26OCT050130-30,0.7800,62.37,yes
2026-10-05T05:29:00.98389Z,KXBTC15M-26OCT050130-30,0.7800,16.00,yes
2026-10-05T05:29:00.989397Z,KXBTC15M-26OCT050130-30,0.7800,150.00,yes
2026-10-05T05:29:00.989397Z,KXBTC15M-26OCT050130-30,0.7800,1047.00,yes
2026-10-05T05:29:00.989397Z,KXBTC15M-26OCT050130-30,0.7800,0.01,yes
2026-10-05T05:29:00.989397Z,KXBTC15M-26OCT050130-30,0.7900,157.25,yes
2026-10-05T05:29:00.989397Z,KXBTC15M-26OCT050130-30,0.7800,150.00,yes
2026-10-05T05:29:00.989397Z,KXBTC15M-26OCT050130-30,0.7800,150.00,yes
2026-10-05T05:29:00.989397Z,KXBTC15M-26OCT050130-30,0.7800,0.01,yes
2026-10-05T05:29:00.989397Z,KXBTC15M-26OCT050130-30,0.7800,150.00,yes
2026-10-05T05:29:00.989397Z,KXBTC15M-26OCT050130-30,0.7800,5.00,yes
2026-10-05T05:29:00.989397Z,KXBTC15M-26OCT050130-30,0.7800,100.00,yes
2026-10-05T05:29:00.989397Z,KXBTC15M-26OCT050130-30,0.7800,25.00,yes
2026-10-05T05:29:00.989397Z,KXBTC15M-26OCT050130-30,0.7800,1.01,yes
2026-10-05T05:29:00.989397Z,KXBTC15M-26OCT050130-30,0.7800,29.72,yes
2026-10-05T05:29:00.989397Z,KXBTC15M-26OCT050130-30,0.7800,320.00,yes
2026-10-05T05:29:00.989397Z,KXBTC15M-26OCT050130-30,0.7800,40.00,yes
2026-10-05T05:29:01.025953Z,KXBTC15M-26OCT050130-30,0.7800,0.01,yes
2026-10-05T05:29:01.025953Z,KXBTC15M-26OCT050130-30,0.7800,182.99,yes
2026-10-05T05:29:01.026389Z,KXBTC15M-26OCT050130-30,0.7800,1431.00,yes
2026-10-05T05:29:01.04621Z,KXBTC15M-26OCT050130-30,0.7800,2.05,yes
2026-10-05T05:29:01.051579Z,KXBTC15M-26OCT050130-30,0.7800,124.74,yes
2026-10-05T05:29:01.057781Z,KXBTC15M-26OCT050130-30,0.7800,11.09,yes
2026-10-05T05:29:01.083253Z,KXBTC15M-26OCT050130-30,0.7800,18.71,yes
2026-10-05T05:29:01.108808Z,KXBTC15M-26OCT050130-30,0.7800,24.00,yes
2026-10-05T05:29:01.111518Z,KXBTC15M-26OCT050130-30,0.7800,6.23,yes
2026-10-05T05:29:01.114551Z,KXBTC15M-26OCT050130-30,0.7800,6.86,yes
2026-10-05T05:29:01.122984Z,KXBTC15M-26OCT050130-30,0.7800,6.23,yes
2026-10-05T05:29:01.149305Z,KXBTC15M-26OCT050130-30,0.7800,10.95,yes
2026-10-05T05:29:01.157405Z,KXBTC15M-26OCT050130-30,0.7700,0.01,no
2026-10-05T05:29:01.157405Z,KXBTC15M-26OCT050130-30,0.7700,6.50,no
2026-10-05T05:29:01.157405Z,KXBTC15M-26OCT050130-30,0.7700,1.00,no
2026-10-05T05:29:01.18555Z,KXBTC15M-26OCT050130-30,0.7800,71.49,yes
2026-10-05T05:29:01.189594Z,KXBTC15M-26OCT050130-30,0.7800,12.48,yes
2026-10-05T05:29:01.191067Z,KXBTC15M-26OCT050130-30,0.7800,7.81,yes
2026-10-05T05:29:01.201017Z,KXBTC15M-26OCT050130-30,0.7700,3.50,no
2026-10-05T05:29:01.201017Z,KXBTC15M-26OCT050130-30,0.7700,6.14,no
2026-10-05T05:29:01.229914Z,KXBTC15M-26OCT050130-30,0.7800,5.04,yes
2026-10-05T05:29:01.237424Z,KXBTC15M-26OCT050130-30,0.7800,2.00,yes
2026-10-05T05:29:01.247617Z,KXBTC15M-26OCT050130-30,0.7800,5.00,yes
2026-10-05T05:29:01.267208Z,KXBTC15M-26OCT050130-30,0.7800,3.40,yes
2026-10-05T05:29:01.295061Z,KXBTC15M-26OCT050130-30,0.7800,82.20,yes
2026-10-05T05:29:01.322828Z,KXBTC15M-26OCT050130-30,0.7700,2.76,no
2026-10-05T05:29:01.335083Z,KXBTC15M-26OCT050130-30,0.7800,0.01,yes
2026-10-05T05:29:01.343603Z,KXBTC15M-26OCT050130-30,0.7800,113.63,yes
2026-10-05T05:29:01.345994Z,KXBTC15M-26OCT050130-30,0.7800,1013.09,yes
2026-10-05T05:29:01.345994Z,KXBTC15M-26OCT050130-30,0.7900,889.75,yes
2026-10-05T05:29:01.345994Z,KXBTC15M-26OCT050130-30,0.8000,95.94,yes
2026-10-05T05:29:01.345994Z,KXBTC15M-26OCT050130-30,0.7800,0.01,yes
2026-10-05T05:29:01.345994Z,KXBTC15M-26OCT050130-30,0.7800,0.20,yes
2026-10-05T05:29:01.345994Z,KXBTC15M-26OCT050130-30,0.7900,1.00,yes
2026-10-05T05:29:01.345994Z,KXBTC15M-26OCT050130-30,0.7800,0.01,yes
2026-10-05T05:29:01.359169Z,KXBTC15M-26OCT050130-30,0.7700,5.90,no
2026-10-05T05:29:01.364806Z,KXBTC15M-26OCT050130-30,0.7800,55.90,yes
2026-10-05T05:29:01.366939Z,KXBTC15M-26OCT050130-30,0.7700,1.97,no
2026-10-05T05:29:01.369063Z,KXBTC15M-26OCT050130-30,0.7800,4.11,yes
2026-10-05T05:29:01.372434Z,KXBTC15M-26OCT050130-30,0.7800,37.87,yes
2026-10-05T05:29:01.390118Z,KXBTC15M-26OCT050130-30,0.7800,29.03,yes
2026-10-05T05:29:01.398805Z,KXBTC15M-26OCT050130-30,0.7800,2.52,yes
2026-10-05T05:29:01.447699Z,KXBTC15M-26OCT050130-30,0.7800,3.78,yes
2026-10-05T05:29:01.481385Z,KXBTC15M-26OCT050130-30,0.7800,18.78,yes
2026-10-05T05:29:01.481591Z,KXBTC15M-26OCT050130-30,0.7800,4.91,yes
2026-10-05T05:29:01.499463Z,KXBTC15M-26OCT050130-30,0.8000,6.00,yes
2026-10-05T05:29:01.499463Z,KXBTC15M-26OCT050130-30,0.8100,719.45,yes
2026-10-05T05:29:01.499463Z,KXBTC15M-26OCT050130-30,0.8000,145.00,yes
2026-10-05T05:29:01.499463Z,KXBTC15M-26OCT050130-30,0.8000,60.00,yes
2026-10-05T05:29:01.499463Z,KXBTC15M-26OCT050130-30,0.8000,5.00,yes
2026-10-05T05:29:01.499463Z,KXBTC15M-26OCT050130-30,0.7800,0.01,yes
2026-10-05T05:29:01.499463Z,KXBTC15M-26OCT050130-30,0.7800,2984.10,yes
2026-10-05T05:29:01.499463Z,KXBTC15M-26OCT050130-30,0.7800,12.00,yes
2026-10-05T05:29:01.499463Z,KXBTC15M-26OCT050130-30,0.7900,1047.00,yes
2026-10-05T05:29:01.499463Z,KXBTC15M-26OCT050130-30,0.7800,0.01,yes
2026-10-05T05:29:01.50305Z,KXBTC15M-26OCT050130-30,0.8100,21.93,yes
2026-10-05T05:29:01.521846Z,KXBTC15M-26OCT050130-30,0.8000,2.46,yes
2026-10-05T05:29:01.528518Z,KXBTC15M-26OCT050130-30,0.8000,1.00,yes
2026-10-05T05:29:01.56953Z,KXBTC15M-26OCT050130-30,0.7900,13.44,no
2026-10-05T05:29:01.56995Z,KXBTC15M-26OCT050130-30,0.7900,8.25,no
2026-10-05T05:29:01.572996Z,KXBTC15M-26OCT050130-30,0.7900,41.25,no
2026-10-05T05:29:01.590715Z,KXBTC15M-26OCT050130-30,0.7900,22.56,no
2026-10-05T05:29:01.604332Z,KXBTC15M-26OCT050130-30,0.8000,138.00,yes
2026-10-05T05:29:01.604332Z,KXBTC15M-26OCT050130-30,0.8000,0.01,yes
2026-10-05T05:29:01.604332Z,KXBTC15M-26OCT050130-30,0.8000,0.01,yes
2026-10-05T05:29:01.604332Z,KXBTC15M-26OCT050130-30,0.8000,111.54,yes
2026-10-05T05:29:01.604332Z,KXBTC15M-26OCT050130-30,0.8000,1.02,yes
2026-10-05T05:29:01.604332Z,KXBTC15M-26OCT050130-30,0.8000,9.31,yes
2026-10-05T05:29:01.620286Z,KXBTC15M-26OCT050130-30,0.8200,9.13,yes
2026-10-05T05:29:01.620286Z,KXBTC15M-26OCT050130-30,0.8000,12.69,yes
2026-10-05T05:29:01.620286Z,KXBTC15M-26OCT050130-30,0.8000,0.01,yes
2026-10-05T05:29:01.620286Z,KXBTC15M-26OCT050130-30,0.8100,0.01,yes
2026-10-05T05:29:01.620286Z,KXBTC15M-26OCT050130-30,0.8000,0.01,yes
2026-10-05T05:29:01.620286Z,KXBTC15M-26OCT050130-30,0.8100,0.01,yes
2026-10-05T05:29:01.62694Z,KXBTC15M-26OCT050130-30,0.8000,150.00,no
2026-10-05T05:29:01.627565Z,KXBTC15M-26OCT050130-30,0.8000,43.00,no
2026-10-05T05:29:01.650302Z,KXBTC15M-26OCT050130-30,0.8000,8.25,no
2026-10-05T05:29:01.662114Z,KXBTC15M-26OCT050130-30,0.8100,10.93,yes
2026-10-05T05:29:01.673385Z,KXBTC15M-26OCT050130-30,0.8000,20.51,no
2026-10-05T05:29:01.678817Z,KXBTC15M-26OCT050130-30,0.8100,36.56,yes
2026-10-05T05:29:01.721971Z,KXBTC15M-26OCT050130-30,0.8000,35.00,no
2026-10-05T05:29:01.724287Z,KXBTC15M-26OCT050130-30,0.8000,4.12,no
2026-10-05T05:29:01.754746Z,KXBTC15M-26OCT050130-30,0.8100,0.01,yes
2026-10-05T05:29:01.754746Z,KXBTC15M-26OCT050130-30,0.8100,0.01,yes
2026-10-05T05:29:01.754746Z,KXBTC15M-26OCT050130-30,0.8100,0.28,yes
2026-10-05T05:29:01.789473Z,KXBTC15M-26OCT050130-30,0.8000,39.12,no
2026-10-05T05:29:01.789473Z,KXBTC15M-26OCT050130-30,0.8000,150.00,no
2026-10-05T05:29:01.789473Z,KXBTC15M-26OCT050130-30,0.8000,150.00,no
2026-10-05T05:29:01.789473Z,KXBTC15M-26OCT050130-30,0.8000,55.88,no
2026-10-05T05:29:01.826551Z,KXBTC15M-26OCT050130-30,0.8000,20.62,no
2026-10-05T05:29:01.833926Z,KXBTC15M-26OCT050130-30,0.8200,60.18,yes
2026-10-05T05:29:01.833926Z,KXBTC15M-26OCT050130-30,0.8100,0.01,yes
2026-10-05T05:29:01.833926Z,KXBTC15M-26OCT050130-30,0.8100,0.01,yes
2026-10-05T05:29:01.837071Z,KXBTC15M-26OCT050130-30,0.8200,6.52,yes
2026-10-05T05:29:01.843537Z,KXBTC15M-26OCT050130-30,0.8100,123.00,no
2026-10-05T05:29:01.8705Z,KXBTC15M-26OCT050130-30,0.8200,8.74,yes
2026-10-05T05:29:01.902519Z,KXBTC15M-26OCT050130-30,0.8100,0.01,no
2026-10-05T05:29:01.902519Z,KXBTC15M-26OCT050130-30,0.8100,27.00,no
2026-10-05T05:29:01.902519Z,KXBTC15M-26OCT050130-30,0.8100,5.00,no
2026-10-05T05:29:01.902519Z,KXBTC15M-26OCT050130-30,0.8100,150.00,no
2026-10-05T05:29:01.902519Z,KXBTC15M-26OCT050130-30,0.8000,592.48,no
2026-10-05T05:29:01.902519Z,KXBTC15M-26OCT050130-30,0.8100,60.00,no
2026-10-05T05:29:01.902519Z,KXBTC15M-26OCT050130-30,0.8100,3.50,no
2026-10-05T05:29:01.902519Z,KXBTC15M-26OCT050130-30,0.8100,0.01,no
2026-10-05T05:29:01.918091Z,KXBTC15M-26OCT050130-30,0.8000,3.24,no
2026-10-05T05:29:01.965581Z,KXBTC15M-26OCT050130-30,0.8000,4.73,no
2026-10-05T05:29:01.96619Z,KXBTC15M-26OCT050130-30,0.8100,6.30,yes
2026-10-05T05:29:01.969888Z,KXBTC15M-26OCT050130-30,0.8100,0.02,yes
2026-10-05T05:29:01.973165Z,KXBTC15M-26OCT050130-30,0.8200,27.25,yes
2026-10-05T05:29:01.973165Z,KXBTC15M-26OCT050130-30,0.8100,6.18,yes
2026-10-05T05:29:01.973165Z,KXBTC15M-26OCT050130-30,0.8100,0.01,yes
2026-10-05T05:29:01.973165Z,KXBTC15M-26OCT050130-30,0.8100,0.01,yes
2026-10-05T05:29:01.979441Z,KXBTC15M-26OCT050130-30,0.8100,20.62,no
2026-10-05T05:29:01.986554Z,KXBTC15M-26OCT050130-30,0.8200,0.59,yes
2026-10-05T05:29:02.027814Z,KXBTC15M-26OCT050130-30,0.8100,5.00,no
2026-10-05T05:29:02.027814Z,KXBTC15M-26OCT050130-30,0.8100,0.01,no
2026-10-05T05:29:02.027814Z,KXBTC15M-26OCT050130-30,0.8000,8.36,no
2026-10-05T05:29:02.027814Z,KXBTC15M-26OCT050130-30,0.8100,0.01,no
2026-10-05T05:29:02.027814Z,KXBTC15M-26OCT050130-30,0.8100,1.00,no
2026-10-05T05:29:02.050149Z,KXBTC15M-26OCT050130-30,0.8100,1.50,no
2026-10-05T05:29:02.054794Z,KXBTC15M-26OCT050130-30,0.8100,0.28,no
2026-10-05T05:29:02.08002Z,KXBTC15M-26OCT050130-30,0.8100,106.00,no
2026-10-05T05:29:02.100315Z,KXBTC15M-26OCT050130-30,0.8200,851.09,yes
2026-10-05T05:29:02.112577Z,KXBTC15M-26OCT050130-30,0.8100,2.36,no
2026-10-05T05:29:02.128569Z,KXBTC15M-26OCT050130-30,0.8200,50.00,yes
2026-10-05T05:29:02.128569Z,KXBTC15M-26OCT050130-30,0.8200,75.00,yes
2026-10-05T05:29:02.128569Z,KXBTC15M-26OCT050130-30,0.8300,50.00,yes
2026-10-05T05:29:02.128569Z,KXBTC15M-26OCT050130-30,0.8300,1047.00,yes
2026-10-05T05:29:02.128569Z,KXBTC15M-26OCT050130-30,0.8400,212.50,yes
2026-10-05T05:29:02.128569Z,KXBTC15M-26OCT050130-30,0.8200,83.50,yes
2026-10-05T05:29:02.128569Z,KXBTC15M-26OCT050130-30,0.8200,0.01,yes
2026-10-05T05:29:02.128569Z,KXBTC15M-26OCT050130-30,0.8200,0.01,yes
2026-10-05T05:29:02.13285Z,KXBTC15M-26OCT050130-30,0.8100,7.00,no
2026-10-05T05:29:02.13933Z,KXBTC15M-26OCT050130-30,0.8200,0.01,yes
2026-10-05T05:29:02.13933Z,KXBTC15M-26OCT050130-30,0.8300,24.58,yes
2026-10-05T05:29:02.139708Z,KXBTC15M-26OCT050130-30,0.8300,53.10,yes
2026-10-05T05:29:02.159824Z,KXBTC15M-26OCT050130-30,0.8200,0.24,yes
2026-10-05T05:29:02.159824Z,KXBTC15M-26OCT050130-30,0.8300,15.47,yes
2026-10-05T05:29:02.186189Z,KXBTC15M-26OCT050130-30,0.8100,4.65,no
2026-10-05T05:29:02.193845Z,KXBTC15M-26OCT050130-30,0.8300,21.85,yes
2026-10-05T05:29:02.202238Z,KXBTC15M-26OCT050130-30,0.8100,48.77,no
2026-10-05T05:29:02.202238Z,KXBTC15M-26OCT050130-30,0.8100,14.21,no
2026-10-05T05:29:02.202238Z,KXBTC15M-26OCT050130-30,0.8100,0.01,no
2026-10-05T05:29:02.202238Z,KXBTC15M-26OCT050130-30,0.8100,0.01,no
2026-10-05T05:29:02.202238Z,KXBTC15M-26OCT050130-30,0.8100,5.00,no
2026-10-05T05:29:02.219426Z,KXBTC15M-26OCT050130-30,0.8300,23.42,yes
2026-10-05T05:29:02.26368Z,KXBTC15M-26OCT050130-30,0.8100,86.95,no
2026-10-05T05:29:02.263725Z,KXBTC15M-26OCT050130-30,0.8200,0.01,yes
2026-10-05T05:29:02.263725Z,KXBTC15M-26OCT050130-30,0.8200,0.01,yes
2026-10-05T05:29:02.263725Z,KXBTC15M-26OCT050130-30,0.8300,5.94,yes
2026-10-05T05:29:02.264112Z,KXBTC15M-26OCT050130-30,0.8300,5.89,yes
2026-10-05T05:29:02.270561Z,KXBTC15M-26OCT050130-30,0.8100,55.00,no
2026-10-05T05:29:02.275558Z,KXBTC15M-26OCT050130-30,0.8100,18.93,no
2026-10-05T05:29:02.279907Z,KXBTC15M-26OCT050130-30,0.8300,123.90,yes
2026-10-05T05:29:02.291077Z,KXBTC15M-26OCT050130-30,0.8300,11.69,yes
2026-10-05T05:29:02.29361Z,KXBTC15M-26OCT050130-30,0.8300,11.79,yes
2026-10-05T05:29:02.33422Z,KXBTC15M-26OCT050130-30,0.8100,52.08,no
2026-10-05T05:29:02.358016Z,KXBTC15M-26OCT050130-30,0.8100,28.82,no
2026-10-05T05:29:02.374702Z,KXBTC15M-26OCT050130-30,0.8200,1.20,yes
2026-10-05T05:29:02.391363Z,KXBTC15M-26OCT050130-30,0.8200,0.01,yes
2026-10-05T05:29:02.391363Z,KXBTC15M-26OCT050130-30,0.8200,0.99,yes
2026-10-05T05:29:02.391363Z,KXBTC15M-26OCT050130-30,0.8200,0.01,yes
2026-10-05T05:29:02.391363Z,KXBTC15M-26OCT050130-30,0.8300,1.34,yes
2026-10-05T05:29:02.395259Z,KXBTC15M-26OCT050130-30,0.8100,1.40,no
2026-10-05T05:29:02.402314Z,KXBTC15M-26OCT050130-30,0.8100,2.18,no
2026-10-05T05:29:02.4186Z,KXBTC15M-26OCT050130-30,0.8100,204.00,no
2026-10-05T05:29:02.433382Z,KXBTC15M-26OCT050130-30,0.8200,0.01,yes
2026-10-05T05:29:02.433382Z,KXBTC15M-26OCT050130-30,0.8200,0.01,yes
2026-10-05T05:29:02.433382Z,KXBTC15M-26OCT050130-30,0.8300,2.05,yes
2026-10-05T05:29:02.433382Z,KXBTC15M-26OCT050130-30,0.8200,0.01,yes
2026-10-05T05:29:02.443413Z,KXBTC15M-26OCT050130-30,0.8200,23.67,no
2026-10-05T05:29:02.452454Z,KXBTC15M-26OCT050130-30,0.8200,0.01,no
2026-10-05T05:29:02.452454Z,KXBTC15M-26OCT050130-30,0.8200,9.98,no
2026-10-05T05:29:02.452454Z,KXBTC15M-26OCT050130-30,0.8200,0.01,no
2026-10-05T05:29:02.456876Z,KXBTC15M-26OCT050130-30,0.8100,77.78,no
2026-10-05T05:29:02.456876Z,KXBTC15M-26OCT050130-30,0.8200,35.02,no
2026-10-05T05:29:02.482293Z,KXBTC15M-26OCT050130-30,0.8200,0.01,no
2026-10-05T05:29:02.482293Z,KXBTC15M-26OCT050130-30,0.8200,0.01,no
2026-10-05T05:29:02.48909Z,KXBTC15M-26OCT050130-30,0.8200,108.39,yes
2026-10-05T05:29:02.492345Z,KXBTC15M-26OCT050130-30,0.8200,0.50,yes
2026-10-05T05:29:02.498229Z,KXBTC15M-26OCT050130-30,0.8100,6.99,no
2026-10-05T05:29:02.505603Z,KXBTC15M-26OCT050130-30,0.8100,265.39,no
2026-10-05T05:29:02.510342Z,KXBTC15M-26OCT050130-30,0.8300,1.17,yes
2026-10-05T05:29:02.523772Z,KXBTC15M-26OCT050130-30,0.8300,14.16,yes
2026-10-05T05:29:02.532647Z,KXBTC15M-26OCT050130-30,0.8300,2.35,yes
2026-10-05T05:29:02.54876Z,KXBTC15M-26OCT050130-30,0.8300,47.62,yes
2026-10-05T05:29:02.552667Z,KXBTC15M-26OCT050130-30,0.8100,23.98,no
2026-10-05T05:29:02.55889Z,KXBTC15M-26OCT050130-30,0.8100,11.00,no
2026-10-05T05:29:02.559038Z,KXBTC15M-26OCT050130-30,0.8300,4.57,yes
2026-10-05T05:29:02.565559Z,KXBTC15M-26OCT050130-30,0.8300,5.96,yes
2026-10-05T05:29:02.573186Z,KXBTC15M-26OCT050130-30,0.8300,1.17,yes
2026-10-05T05:29:02.581687Z,KXBTC15M-26OCT050130-30,0.8100,790.98,no
2026-10-05T05:29:02.616615Z,KXBTC15M-26OCT050130-30,0.8300,35.01,yes
2026-10-05T05:29:02.618752Z,KXBTC15M-26OCT050130-30,0.8300,23.35,yes
2026-10-05T05:29:02.619363Z,KXBTC15M-26OCT050130-30,0.8100,657.48,no
2026-10-05T05:29:02.63617Z,KXBTC15M-26OCT050130-30,0.8200,0.01,yes
2026-10-05T05:29:02.63617Z,KXBTC15M-26OCT050130-30,0.8200,0.01,yes
2026-10-05T05:29:02.63617Z,KXBTC15M-26OCT050130-30,0.8200,4.00,yes
2026-10-05T05:29:02.63617Z,KXBTC15M-26OCT050130-30,0.8300,19.81,yes
2026-10-05T05:29:02.659714Z,KXBTC15M-26OCT050130-30,0.8100,4.98,no
2026-10-05T05:29:02.66921Z,KXBTC15M-26OCT050130-30,0.8100,161.33,no
2026-10-05T05:29:02.671283Z,KXBTC15M-26OCT050130-30,0.8100,2.00,no
2026-10-05T05:29:02.690357Z,KXBTC15M-26OCT050130-30,0.8100,14.94,no
2026-10-05T05:29:02.702384Z,KXBTC15M-26OCT050130-30,0.8200,0.01,yes
2026-10-05T05:29:02.702384Z,KXBTC15M-26OCT050130-30,0.8200,4.00,yes
2026-10-05T05:29:02.702384Z,KXBTC15M-26OCT050130-30,0.8200,1.00,yes
2026-10-05T05:29:02.702384Z,KXBTC15M-26OCT050130-30,0.8300,27.93,yes
2026-10-05T05:29:02.702384Z,KXBTC15M-26OCT050130-30,0.8200,0.01,yes
2026-10-05T05:29:02.723728Z,KXBTC15M-26OCT050130-30,0.8200,4.00,yes
2026-10-05T05:29:02.723728Z,KXBTC15M-26OCT050130-30,0.8200,1.02,yes
2026-10-05T05:29:02.723728Z,KXBTC15M-26OCT050130-30,0.8200,0.01,yes
2026-10-05T05:29:02.723728Z,KXBTC15M-26OCT050130-30,0.8300,25.91,yes
2026-10-05T05:29:02.723728Z,KXBTC15M-26OCT050130-30,0.8200,0.01,yes
2026-10-05T05:29:02.734422Z,KXBTC15M-26OCT050130-30,0.8200,0.10,no
2026-10-05T05:29:02.749077Z,KXBTC15M-26OCT050130-30,0.8100,273.19,no
2026-10-05T05:29:02.749077Z,KXBTC15M-26OCT050130-30,0.8200,12.40,no
2026-10-05T05:29:02.749077Z,KXBTC15M-26OCT050130-30,0.8200,0.01,no
2026-10-05T05:29:02.749077Z,KXBTC15M-26OCT050130-30,0.8200,0.01,no
2026-10-05T05:29:02.770596Z,KXBTC15M-26OCT050130-30,0.8100,24.90,no
2026-10-05T05:29:02.776076Z,KXBTC15M-26OCT050130-30,0.8200,150.00,yes
2026-10-05T05:29:02.776076Z,KXBTC15M-26OCT050130-30,0.8200,69.93,yes
2026-10-05T05:29:02.776076Z,KXBTC15M-26OCT050130-30,0.8200,150.00,yes
2026-10-05T05:29:02.776076Z,KXBTC15M-26OCT050130-30,0.8200,150.00,yes
2026-10-05T05:29:02.782467Z,KXBTC15M-26OCT050130-30,0.8200,0.60,yes
2026-10-05T05:29:02.787104Z,KXBTC15M-26OCT050130-30,0.8100,10.00,no
2026-10-05T05:29:02.791495Z,KXBTC15M-26OCT050130-30,0.8200,11.92,yes
2026-10-05T05:29:02.798587Z,KXBTC15M-26OCT050130-30,0.8100,41.00,no
2026-10-05T05:29:02.807085Z,KXBTC15M-26OCT050130-30,0.8200,38.61,yes
2026-10-05T05:29:02.848655Z,KXBTC15M-26OCT050130-30,0.8200,4.40,yes
2026-10-05T05:29:02.854753Z,KXBTC15M-26OCT050130-30,0.8200,150.00,yes
2026-10-05T05:29:02.854753Z,KXBTC15M-26OCT050130-30,0.8200,150.00,yes
2026-10-05T05:29:02.854753Z,KXBTC15M-26OCT050130-30,0.8200,34.26,yes
2026-10-05T05:29:02.854753Z,KXBTC15M-26OCT050130-30,0.8200,24.54,yes
2026-10-05T05:29:02.858605Z,KXBTC15M-26OCT050130-30,0.8200,175.00,yes
2026-10-05T05:29:02.858605Z,KXBTC15M-26OCT050130-30,0.8200,100.00,yes
2026-10-05T05:29:02.858605Z,KXBTC15M-26OCT050130-30,0.8200,4.00,yes
2026-10-05T05:29:02.858605Z,KXBTC15M-26OCT050130-30,0.8200,115.74,yes
2026-10-05T05:29:02.858605Z,KXBTC15M-26OCT050130-30,0.8200,0.01,yes
2026-10-05T05:29:02.858605Z,KXBTC15M-26OCT050130-30,0.8300,795.89,yes
2026-10-05T05:29:02.858605Z,KXBTC15M-26OCT050130-30,0.8200,0.01,yes
2026-10-05T05:29:02.86502Z,KXBTC15M-26OCT050130-30,0.8200,124.51,no
2026-10-05T05:29:02.867573Z,KXBTC15M-26OCT050130-30,0.8200,4.98,no
2026-10-05T05:29:02.868871Z,KXBTC15M-26OCT050130-30,0.8100,0.01,no
2026-10-05T05:29:02.868871Z,KXBTC15M-26OCT050130-30,0.8100,0.01,no
2026-10-05T05:29:02.868871Z,KXBTC15M-26OCT050130-30,0.8100,1.00,no
2026-10-05T05:29:02.868871Z,KXBTC15M-26OCT050130-30,0.8100,5.00,no
2026-10-05T05:29:02.873794Z,KXBTC15M-26OCT050130-30,0.8100,5.00,no
2026-10-05T05:29:02.873794Z,KXBTC15M-26OCT050130-30,0.8000,88.75,no
2026-10-05T05:29:02.879504Z,KXBTC15M-26OCT050130-30,0.8100,55.36,yes
2026-10-05T05:29:02.887457Z,KXBTC15M-26OCT050130-30,0.8000,2.09,no
2026-10-05T05:29:02.889272Z,KXBTC15M-26OCT050130-30,0.8000,41.71,no
2026-10-05T05:29:02.897036Z,KXBTC15M-26OCT050130-30,0.8100,5.97,yes
2026-10-05T05:29:02.904304Z,KXBTC15M-26OCT050130-30,0.8000,18.95,no
2026-10-05T05:29:02.904902Z,KXBTC15M-26OCT050130-30,0.8100,60.09,yes
2026-10-05T05:29:02.91445Z,KXBTC15M-26OCT050130-30,0.8100,12.04,yes
2026-10-05T05:29:02.915943Z,KXBTC15M-26OCT050130-30,0.8100,10.07,yes
2026-10-05T05:29:02.916415Z,KXBTC15M-26OCT050130-30,0.8100,29.78,yes
2026-10-05T05:29:02.918207Z,KXBTC15M-26OCT050130-30,0.8100,4.02,yes
2026-10-05T05:29:02.923884Z,KXBTC15M-26OCT050130-30,0.8100,5.95,yes
2026-10-05T05:29:02.938911Z,KXBTC15M-26OCT050130-30,0.8100,3.27,yes
2026-10-05T05:29:02.940785Z,KXBTC15M-26OCT050130-30,0.8100,8.30,yes
2026-10-05T05:29:02.948147Z,KXBTC15M-26OCT050130-30,0.8100,23.81,yes
2026-10-05T05:29:02.972045Z,KXBTC15M-26OCT050130-30,0.8000,0.01,no
2026-10-05T05:29:02.972045Z,KXBTC15M-26OCT050130-30,0.8000,8.25,no
2026-10-05T05:29:02.972045Z,KXBTC15M-26OCT050130-30,0.8000,0.01,no
2026-10-05T05:29:02.972045Z,KXBTC15M-26OCT050130-30,0.8000,29.40,no
2026-10-05T05:29:02.972045Z,KXBTC15M-26OCT050130-30,0.8000,174.00,no
2026-10-05T05:29:02.972045Z,KXBTC15M-26OCT050130-30,0.8000,1.00,no
2026-10-05T05:29:02.977781Z,KXBTC15M-26OCT050130-30,0.8000,198.60,no
2026-10-05T05:29:02.977781Z,KXBTC15M-26OCT050130-30,0.8000,12.72,no
2026-10-05T05:29:02.978298Z,KXBTC15M-26OCT050130-30,0.8000,487.28,no
2026-10-05T05:29:02.983421Z,KXBTC15M-26OCT050130-30,0.8000,0.01,no
2026-10-05T05:29:02.983421Z,KXBTC15M-26OCT050130-30,0.8000,0.01,no
2026-10-05T05:29:02.983421Z,KXBTC15M-26OCT050130-30,0.8000,71.00,no
2026-10-05T05:29:02.987183Z,KXBTC15M-26OCT050130-30,0.8000,11.90,yes
2026-10-05T05:29:03.005492Z,KXBTC15M-26OCT050130-30,0.7900,0.01,no
2026-10-05T05:29:03.005492Z,KXBTC15M-26OCT050130-30,0.7900,40.00,no
2026-10-05T05:29:03.005492Z,KXBTC15M-26OCT050130-30,0.7900,0.01,no
2026-10-05T05:29:03.005492Z,KXBTC15M-26OCT050130-30,0.7800,274.03,no
2026-10-05T05:29:03.021691Z,KXBTC15M-26OCT050130-30,0.7900,3.52,yes
2026-10-05T05:29:03.036914Z,KXBTC15M-26OCT050130-30,0.7800,0.01,no
2026-10-05T05:29:03.036914Z,KXBTC15M-26OCT050130-30,0.7800,0.98,no
2026-10-05T05:29:03.036914Z,KXBTC15M-26OCT050130-30,0.7800,1.00,no
2026-10-05T05:29:03.036914Z,KXBTC15M-26OCT050130-30,0.7800,0.01,no
2026-10-05T05:29:03.037304Z,KXBTC15M-26OCT050130-30,0.7900,10.71,yes
2026-10-05T05:29:03.037776Z,KXBTC15M-26OCT050130-30,0.7700,17.78,no
2026-10-05T05:29:03.037776Z,KXBTC15M-26OCT050130-30,0.7700,0.20,no
2026-10-05T05:29:03.037776Z,KXBTC15M-26OCT050130-30,0.7800,0.02,no
2026-10-05T05:29:03.039091Z,KXBTC15M-26OCT050130-30,0.7800,23.81,yes
2026-10-05T05:29:03.041912Z,KXBTC15M-26OCT050130-30,0.7800,2.40,yes
2026-10-05T05:29:03.048612Z,KXBTC15M-26OCT050130-30,0.7700,59.24,no
2026-10-05T05:29:03.048647Z,KXBTC15M-26OCT050130-30,0.7700,50.00,no
2026-10-05T05:29:03.048647Z,KXBTC15M-26OCT050130-30,0.7600,3.00,no
2026-10-05T05:29:03.048647Z,KXBTC15M-26OCT050130-30,0.7600,58.00,no
2026-10-05T05:29:03.048647Z,KXBTC15M-26OCT050130-30,0.7700,0.01,no
2026-10-05T05:29:03.048647Z,KXBTC15M-26OCT050130-30,0.7700,102.76,no
2026-10-05T05:29:03.048647Z,KXBTC15M-26OCT050130-30,0.7600,6.00,no
2026-10-05T05:29:03.052127Z,KXBTC15M-26OCT050130-30,0.7500,5.00,no
2026-10-05T05:29:03.052127Z,KXBTC15M-26OCT050130-30,0.7500,6.00,no
2026-10-05T05:29:03.067482Z,KXBTC15M-26OCT050130-30,0.7400,200.00,no
2026-10-05T05:29:03.067482Z,KXBTC15M-26OCT050130-30,0.7200,6.00,no
2026-10-05T05:29:03.067482Z,KXBTC15M-26OCT050130-30,0.7200,0.01,no
2026-10-05T05:29:03.067482Z,KXBTC15M-26OCT050130-30,0.7500,0.01,no
2026-10-05T05:29:03.072949Z,KXBTC15M-26OCT050130-30,0.7500,150.00,yes
2026-10-05T05:29:03.072949Z,KXBTC15M-26OCT050130-30,0.7500,150.00,yes
2026-10-05T05:29:03.072949Z,KXBTC15M-26OCT050130-30,0.7500,30.00,yes
2026-10-05T05:29:03.072949Z,KXBTC15M-26OCT050130-30,0.7500,150.00,yes
2026-10-05T05:29:03.074146Z,KXBTC15M-26OCT050130-30,0.7300,26.19,yes
2026-10-05T05:29:03.074359Z,KXBTC15M-26OCT050130-30,0.7300,15.96,yes
2026-10-05T05:29:03.074378Z,KXBTC15M-26OCT050130-30,0.7300,93.00,yes
2026-10-05T05:29:03.079088Z,KXBTC15M-26OCT050130-30,0.7300,41.87,yes
2026-10-05T05:29:03.083237Z,KXBTC15M-26OCT050130-30,0.7300,41.87,yes
2026-10-05T05:29:03.087736Z,KXBTC15M-26OCT050130-30,0.7300,31.81,yes
2026-10-05T05:29:03.092232Z,KXBTC15M-26OCT050130-30,0.7300,2.88,yes
2026-10-05T05:29:03.097283Z,KXBTC15M-26OCT050130-30,0.7300,3.33,yes
2026-10-05T05:29:03.102403Z,KXBTC15M-26OCT050130-30,0.7300,3.69,yes
2026-10-05T05:29:03.110958Z,KXBTC15M-26OCT050130-30,0.7200,259.66,no
2026-10-05T05:29:03.110958Z,KXBTC15M-26OCT050130-30,0.7200,0.01,no
2026-10-05T05:29:03.110958Z,KXBTC15M-26OCT050130-30,0.7200,0.01,no
2026-10-05T05:29:03.111272Z,KXBTC15M-26OCT050130-30,0.7200,240.34,no
2026-10-05T05:29:03.111579Z,KXBTC15M-26OCT050130-30,0.7000,5.00,no
2026-10-05T05:29:03.111579Z,KXBTC15M-26OCT050130-30,0.7000,0.01,no
2026-10-05T05:29:03.111579Z,KXBTC15M-26OCT050130-30,0.7000,6.00,no
2026-10-05T05:29:03.113089Z,KXBTC15M-26OCT050130-30,0.7100,10.00,yes
2026-10-05T05:29:03.115361Z,KXBTC15M-26OCT050130-30,0.7100,2.50,yes
2026-10-05T05:29:03.115361Z,KXBTC15M-26OCT050130-30,0.7300,18.93,yes
2026-10-05T05:29:03.11968Z,KXBTC15M-26OCT050130-30,0.7000,7.67,yes
2026-10-05T05:29:03.129202Z,KXBTC15M-26OCT050130-30,0.6900,0.01,no
2026-10-05T05:29:03.129202Z,KXBTC15M-26OCT050130-30,0.6900,1.00,no
2026-10-05T05:29:03.144728Z,KXBTC15M-26OCT050130-30,0.6900,2.00,yes
2026-10-05T05:29:03.168126Z,KXBTC15M-26OCT050130-30,0.6900,16.64,yes
2026-10-05T05:29:03.192175Z,KXBTC15M-26OCT050130-30,0.6900,72.63,yes
2026-10-05T05:29:03.192175Z,KXBTC15M-26OCT050130-30,0.6900,131.36,yes
2026-10-05T05:29:03.192781Z,KXBTC15M-26OCT050130-30,0.6900,106.37,yes
2026-10-05T05:29:03.192781Z,KXBTC15M-26OCT050130-30,0.6900,77.37,yes
2026-10-05T05:29:03.192781Z,KXBTC15M-26OCT050130-30,0.6900,150.00,yes
2026-10-05T05:29:03.194221Z,KXBTC15M-26OCT050130-30,0.6900,42.49,yes
2026-10-05T05:29:03.194602Z,KXBTC15M-26OCT050130-30,0.6900,1.14,yes
2026-10-05T05:29:03.194602Z,KXBTC15M-26OCT050130-30,0.6900,53.53,yes
2026-10-05T05:29:03.197362Z,KXBTC15M-26OCT050130-30,0.6900,87.75,yes
2026-10-05T05:29:03.198187Z,KXBTC15M-26OCT050130-30,0.6900,20.47,yes
2026-10-05T05:29:03.199676Z,KXBTC15M-26OCT050130-30,0.6900,18.25,yes
2026-10-05T05:29:03.199676Z,KXBTC15M-26OCT050130-30,0.6900,0.01,yes
2026-10-05T05:29:03.199676Z,KXBTC15M-26OCT050130-30,0.6900,0.01,yes
2026-10-05T05:29:03.199676Z,KXBTC15M-26OCT050130-30,0.6900,27.72,yes
2026-10-05T05:29:03.201081Z,KXBTC15M-26OCT050130-30,0.6900,47.28,yes
2026-10-05T05:29:03.207206Z,KXBTC15M-26OCT050130-30,0.7500,39.70,yes
2026-10-05T05:29:03.207206Z,KXBTC15M-26OCT050130-30,0.7100,0.01,yes
2026-10-05T05:29:03.207206Z,KXBTC15M-26OCT050130-30,0.7100,0.01,yes
2026-10-05T05:29:03.207206Z,KXBTC15M-26OCT050130-30,0.7200,5.00,yes
2026-10-05T05:29:03.207206Z,KXBTC15M-26OCT050130-30,0.7000,0.01,yes
2026-10-05T05:29:03.207206Z,KXBTC15M-26OCT050130-30,0.7000,0.01,yes
2026-10-05T05:29:03.207724Z,KXBTC15M-26OCT050130-30,0.7000,1.00,no
2026-10-05T05:29:03.212577Z,KXBTC15M-26OCT050130-30,0.7200,1.00,no
2026-10-05T05:29:03.217798Z,KXBTC15M-26OCT050130-30,0.7200,8.16,no
2026-10-05T05:29:03.217817Z,KXBTC15M-26OCT050130-30,0.7200,1.00,no
2026-10-05T05:29:03.222973Z,KXBTC15M-26OCT050130-30,0.7400,8.62,no
2026-10-05T05:29:03.223969Z,KXBTC15M-26OCT050130-30,0.7400,1.00,no
2026-10-05T05:29:03.224425Z,KXBTC15M-26OCT050130-30,0.7400,5.12,no
2026-10-05T05:29:03.226263Z,KXBTC15M-26OCT050130-30,0.7400,4.98,no
2026-10-05T05:29:03.229135Z,KXBTC15M-26OCT050130-30,0.7400,5.12,no
2026-10-05T05:29:03.229311Z,KXBTC15M-26OCT050130-30,0.7400,9.25,no
2026-10-05T05:29:03.230994Z,KXBTC15M-26OCT050130-30,0.7400,4.98,no
2026-10-05T05:29:03.231456Z,KXBTC15M-26OCT050130-30,0.7600,20.83,yes
2026-10-05T05:29:03.231492Z,KXBTC15M-26OCT050130-30,0.7600,44.69,yes
2026-10-05T05:29:03.23488Z,KXBTC15M-26OCT050130-30,0.7500,0.01,yes
2026-10-05T05:29:03.23488Z,KXBTC15M-26OCT050130-30,0.7500,0.01,yes
2026-10-05T05:29:03.23488Z,KXBTC15M-26OCT050130-30,0.7600,5.10,yes
2026-10-05T05:29:03.234999Z,KXBTC15M-26OCT050130-30,0.7600,9.25,yes
2026-10-05T05:29:03.235486Z,KXBTC15M-26OCT050130-30,0.7600,4.98,yes
2026-10-05T05:29:03.235655Z,KXBTC15M-26OCT050130-30,0.7600,121.83,yes
2026-10-05T05:29:03.244304Z,KXBTC15M-26OCT050130-30,0.7500,15.00,no
2026-10-05T05:29:03.244304Z,KXBTC15M-26OCT050130-30,0.7500,77.36,no
2026-10-05T05:29:03.244304Z,KXBTC15M-26OCT050130-30,0.7500,15.00,no
2026-10-05T05:29:03.244304Z,KXBTC15M-26OCT050130-30,0.7500,93.75,no
2026-10-05T05:29:03.250934Z,KXBTC15M-26OCT050130-30,0.7600,4.00,yes
2026-10-05T05:29:03.250934Z,KXBTC15M-26OCT050130-30,0.7600,5.00,yes
2026-10-05T05:29:03.250934Z,KXBTC15M-26OCT050130-30,0.7600,0.01,yes
2026-10-05T05:29:03.250934Z,KXBTC15M-26OCT050130-30,0.7600,0.01,yes
2026-10-05T05:29:03.284401Z,KXBTC15M-26OCT050130-30,0.7700,11.44,yes
2026-10-05T05:29:03.284891Z,KXBTC15M-26OCT050130-30,0.7600,6.31,no
2026-10-05T05:29:03.286562Z,KXBTC15M-26OCT050130-30,0.7600,25.00,no
2026-10-05T05:29:03.290323Z,KXBTC15M-26OCT050130-30,0.7700,99.98,yes
2026-10-05T05:29:03.296966Z,KXBTC15M-26OCT050130-30,0.7700,12.47,yes
2026-10-05T05:29:03.303493Z,KXBTC15M-26OCT050130-30,0.7700,365.33,yes
2026-10-05T05:29:03.304305Z,KXBTC15M-26OCT050130-30,0.7700,10.00,yes
2026-10-05T05:29:03.315001Z,KXBTC15M-26OCT050130-30,0.7600,150.00,no
2026-10-05T05:29:03.315001Z,KXBTC15M-26OCT050130-30,0.7600,2.00,no
2026-10-05T05:29:03.317786Z,KXBTC15M-26OCT050130-30,0.7700,3.61,yes
2026-10-05T05:29:03.320408Z,KXBTC15M-26OCT050130-30,0.7600,3.95,no
2026-10-05T05:29:03.321591Z,KXBTC15M-26OCT050130-30,0.7700,36.00,yes
2026-10-05T05:29:03.354073Z,KXBTC15M-26OCT050130-30,0.7700,12.18,yes
2026-10-05T05:29:03.357575Z,KXBTC15M-26OCT050130-30,0.7700,10.11,yes
2026-10-05T05:29:03.378019Z,KXBTC15M-26OCT050130-30,0.7700,447.00,yes
2026-10-05T05:29:03.388339Z,KXBTC15M-26OCT050130-30,0.7700,5.62,yes
2026-10-05T05:29:03.412503Z,KXBTC15M-26OCT050130-30,0.7700,1.24,yes
2026-10-05T05:29:03.41385Z,KXBTC15M-26OCT050130-30,0.7600,6.00,no
2026-10-05T05:29:03.41385Z,KXBTC15M-26OCT050130-30,0.7600,0.31,no
2026-10-05T05:29:03.41385Z,KXBTC15M-26OCT050130-30,0.7600,3.50,no
2026-10-05T05:29:03.41385Z,KXBTC15M-26OCT050130-30,0.7600,0.01,no
2026-10-05T05:29:03.41385Z,KXBTC15M-26OCT050130-30,0.7600,0.01,no
2026-10-05T05:29:03.434638Z,KXBTC15M-26OCT050130-30,0.7600,5.19,yes
2026-10-05T05:29:03.482939Z,KXBTC15M-26OCT050130-30,0.7600,26.80,yes
2026-10-05T05:29:03.488056Z,KXBTC15M-26OCT050130-30,0.7600,30.00,yes
2026-10-05T05:29:03.511807Z,KXBTC15M-26OCT050130-30,0.7500,0.01,no
2026-10-05T05:29:03.511807Z,KXBTC15M-26OCT050130-30,0.7400,4.00,no
2026-10-05T05:29:03.511807Z,KXBTC15M-26OCT050130-30,0.7500,0.01,no
2026-10-05T05:29:03.520413Z,KXBTC15M-26OCT050130-30,0.7500,24.64,yes
2026-10-05T05:29:03.580043Z,KXBTC15M-26OCT050130-30,0.7500,2.48,yes
2026-10-05T05:29:03.580043Z,KXBTC15M-26OCT050130-30,0.7500,12.50,yes
2026-10-05T05:29:03.580043Z,KXBTC15M-26OCT050130-30,0.7500,0.01,yes
2026-10-05T05:29:03.580043Z,KXBTC15M-26OCT050130-30,0.7500,0.01,yes
2026-10-05T05:29:03.585615Z,KXBTC15M-26OCT050130-30,0.7400,18.28,no
2026-10-05T05:29:03.587489Z,KXBTC15M-26OCT050130-30,0.7500,0.01,yes
2026-10-05T05:29:03.587489Z,KXBTC15M-26OCT050130-30,0.7500,0.01,yes
2026-10-05T05:29:03.587489Z,KXBTC15M-26OCT050130-30,0.7500,7.52,yes
2026-10-05T05:29:03.587489Z,KXBTC15M-26OCT050130-30,0.7500,1.03,yes
2026-10-05T05:29:03.587489Z,KXBTC15M-26OCT050130-30,0.7500,1.01,yes
2026-10-05T05:29:03.594643Z,KXBTC15M-26OCT050130-30,0.7500,7.31,no
2026-10-05T05:29:03.612585Z,KXBTC15M-26OCT050130-30,0.7600,22.87,yes
2026-10-05T05:29:03.612585Z,KXBTC15M-26OCT050130-30,0.7600,19.00,yes
2026-10-05T05:29:03.612585Z,KXBTC15M-26OCT050130-30,0.7600,0.01,yes
2026-10-05T05:29:03.612585Z,KXBTC15M-26OCT050130-30,0.7600,0.01,yes
2026-10-05T05:29:03.626171Z,KXBTC15M-26OCT050130-30,0.7600,76.00,yes
2026-10-05T05:29:03.626171Z,KXBTC15M-26OCT050130-30,0.7600,0.01,yes
2026-10-05T05:29:03.626171Z,KXBTC15M-26OCT050130-30,0.7600,399.00,yes
2026-10-05T05:29:03.626171Z,KXBTC15M-26OCT050130-30,0.7600,0.01,yes
2026-10-05T05:29:03.645501Z,KXBTC15M-26OCT050130-30,0.7700,77.00,yes
2026-10-05T05:29:03.645501Z,KXBTC15M-26OCT050130-30,0.7700,0.01,yes
2026-10-05T05:29:03.645501Z,KXBTC15M-26OCT050130-30,0.7700,0.01,yes
2026-10-05T05:29:03.66585Z,KXBTC15M-26OCT050130-30,0.7800,36.56,no
2026-10-05T05:29:03.672843Z,KXBTC15M-26OCT050130-30,0.7900,67.00,yes
2026-10-05T05:29:03.728044Z,KXBTC15M-26OCT050130-30,0.8000,0.17,yes
2026-10-05T05:29:03.728044Z,KXBTC15M-26OCT050130-30,0.7900,1.00,yes
2026-10-05T05:29:03.728044Z,KXBTC15M-26OCT050130-30,0.7900,0.01,yes
2026-10-05T05:29:03.728044Z,KXBTC15M-26OCT050130-30,0.7900,0.01,yes
2026-10-05T05:29:03.740505Z,KXBTC15M-26OCT050130-30,0.8000,114.00,yes
2026-10-05T05:29:03.74258Z,KXBTC15M-26OCT050130-30,0.8300,82.00,yes
2026-10-05T05:29:03.74258Z,KXBTC15M-26OCT050130-30,0.8200,4.00,yes
2026-10-05T05:29:03.74258Z,KXBTC15M-26OCT050130-30,0.8100,5.00,yes
2026-10-05T05:29:03.74258Z,KXBTC15M-26OCT050130-30,0.8100,336.00,yes
2026-10-05T05:29:03.754268Z,KXBTC15M-26OCT050130-30,0.8200,10.00,yes
2026-10-05T05:29:03.768578Z,KXBTC15M-26OCT050130-30,0.8100,5.70,no
2026-10-05T05:29:03.769641Z,KXBTC15M-26OCT050130-30,0.8200,0.01,yes
2026-10-05T05:29:03.769641Z,KXBTC15M-26OCT050130-30,0.8200,10.00,yes
2026-10-05T05:29:03.769641Z,KXBTC15M-26OCT050130-30,0.8200,0.01,yes
2026-10-05T05:29:03.787583Z,KXBTC15M-26OCT050130-30,0.8200,18.28,no
2026-10-05T05:29:03.789207Z,KXBTC15M-26OCT050130-30,0.8200,25.00,no
2026-10-05T05:29:03.80489Z,KXBTC15M-26OCT050130-30,0.8200,0.01,no
2026-10-05T05:29:03.80489Z,KXBTC15M-26OCT050130-30,0.8100,0.01,no
2026-10-05T05:29:03.80489Z,KXBTC15M-26OCT050130-30,0.8200,50.00,no
2026-10-05T05:29:03.80489Z,KXBTC15M-26OCT050130-30,0.8200,0.01,no
2026-10-05T05:29:03.80489Z,KXBTC15M-26OCT050130-30,0.8100,0.01,no
2026-10-05T05:29:03.80489Z,KXBTC15M-26OCT050130-30,0.8100,50.00,no
2026-10-05T05:29:03.84001Z,KXBTC15M-26OCT050130-30,0.8000,0.02,no
2026-10-05T05:29:03.901296Z,KXBTC15M-26OCT050130-30,0.8100,12.50,yes
2026-10-05T05:29:03.901296Z,KXBTC15M-26OCT050130-30,0.8100,37.50,yes
2026-10-05T05:29:04.00855Z,KXBTC15M-26OCT050130-30,0.8000,14.78,no
2026-10-05T05:29:04.00993Z,KXBTC15M-26OCT050130-30,0.8100,1.00,yes
2026-10-05T05:29:04.00993Z,KXBTC15M-26OCT050130-30,0.8200,5.00,yes
2026-10-05T05:29:04.00993Z,KXBTC15M-26OCT050130-30,0.8100,0.01,yes
2026-10-05T05:29:04.00993Z,KXBTC15M-26OCT050130-30,0.8100,0.01,yes
2026-10-05T05:29:04.017525Z,KXBTC15M-26OCT050130-30,0.8200,119.75,yes
2026-10-05T05:29:04.055471Z,KXBTC15M-26OCT050130-30,0.8100,0.65,no
2026-10-05T05:29:04.055595Z,KXBTC15M-26OCT050130-30,0.8200,19.65,yes
2026-10-05T05:29:04.060643Z,KXBTC15M-26OCT050130-30,0.8100,58.73,no
2026-10-05T05:29:04.10147Z,KXBTC15M-26OCT050130-30,0.8100,146.88,no
2026-10-05T05:29:04.10147Z,KXBTC15M-26OCT050130-30,0.8100,12.50,no
2026-10-05T05:29:04.10147Z,KXBTC15M-26OCT050130-30,0.8100,50.00,no
2026-10-05T05:29:04.10147Z,KXBTC15M-26OCT050130-30,0.8100,90.62,no
2026-10-05T05:29:04.111224Z,KXBTC15M-26OCT050130-30,0.8100,3.12,no
2026-10-05T05:29:04.111224Z,KXBTC15M-26OCT050130-30,0.8100,0.01,no
2026-10-05T05:29:04.111224Z,KXBTC15M-26OCT050130-30,0.8100,0.01,no
2026-10-05T05:29:04.111224Z,KXBTC15M-26OCT050130-30,0.8100,8.59,no
2026-10-05T05:29:04.126406Z,KXBTC15M-26OCT050130-30,0.8100,19.78,no
2026-10-05T05:29:04.131277Z,KXBTC15M-26OCT050130-30,0.8200,1.01,yes
2026-10-05T05:29:04.131277Z,KXBTC15M-26OCT050130-30,0.8200,0.01,yes
2026-10-05T05:29:04.131277Z,KXBTC15M-26OCT050130-30,0.8200,0.25,yes
2026-10-05T05:29:04.131277Z,KXBTC15M-26OCT050130-30,0.8200,1.02,yes
2026-10-05T05:29:04.131277Z,KXBTC15M-26OCT050130-30,0.8200,0.01,yes
2026-10-05T05:29:04.131277Z,KXBTC15M-26OCT050130-30,0.8200,91.00,yes
2026-10-05T05:29:04.148205Z,KXBTC15M-26OCT050130-30,0.8200,0.01,no
2026-10-05T05:29:04.148992Z,KXBTC15M-26OCT050130-30,0.8300,1.18,yes
2026-10-05T05:29:04.163241Z,KXBTC15M-26OCT050130-30,0.8200,79.12,no
2026-10-05T05:29:04.179537Z,KXBTC15M-26OCT050130-30,0.8200,3.95,no
2026-10-05T05:29:04.187028Z,KXBTC15M-26OCT050130-30,0.8200,7.47,no
2026-10-05T05:29:04.209896Z,KXBTC15M-26OCT050130-30,0.8300,1.18,yes
2026-10-05T05:29:04.225148Z,KXBTC15M-26OCT050130-30,0.8300,2.38,yes
2026-10-05T05:29:04.247481Z,KXBTC15M-26OCT050130-30,0.8200,0.02,no
2026-10-05T05:29:04.248722Z,KXBTC15M-26OCT050130-30,0.8200,8.45,no
2026-10-05T05:29:04.250732Z,KXBTC15M-26OCT050130-30,0.8300,35.08,yes
2026-10-05T05:29:04.25461Z,KXBTC15M-26OCT050130-30,0.8200,19.00,no
2026-10-05T05:29:04.271628Z,KXBTC15M-26OCT050130-30,0.8300,13.13,yes
2026-10-05T05:29:04.286029Z,KXBTC15M-26OCT050130-30,0.8300,125.00,yes
2026-10-05T05:29:04.291097Z,KXBTC15M-26OCT050130-30,0.8300,1.06,yes
2026-10-05T05:29:04.313855Z,KXBTC15M-26OCT050130-30,0.8300,133.49,yes
2026-10-05T05:29:04.327478Z,KXBTC15M-26OCT050130-30,0.8300,23.87,yes
2026-10-05T05:29:04.328897Z,KXBTC15M-26OCT050130-30,0.8200,0.01,no
2026-10-05T05:29:04.328897Z,KXBTC15M-26OCT050130-30,0.8200,150.00,no
2026-10-05T05:29:04.328897Z,KXBTC15M-26OCT050130-30,0.8200,0.01,no
2026-10-05T05:29:04.328897Z,KXBTC15M-26OCT050130-30,0.8100,490.62,no
2026-10-05T05:29:04.328897Z,KXBTC15M-26OCT050130-30,0.8200,60.00,no
2026-10-05T05:29:04.328897Z,KXBTC15M-26OCT050130-30,0.8200,788.68,no
2026-10-05T05:29:04.328897Z,KXBTC15M-26OCT050130-30,0.8200,1.00,no
2026-10-05T05:29:04.328897Z,KXBTC15M-26OCT050130-30,0.8200,5.00,no
2026-10-05T05:29:04.338608Z,KXBTC15M-26OCT050130-30,0.8200,2.38,yes
2026-10-05T05:29:04.348474Z,KXBTC15M-26OCT050130-30,0.8200,0.01,yes
2026-10-05T05:29:04.348474Z,KXBTC15M-26OCT050130-30,0.8200,0.01,yes
2026-10-05T05:29:04.348474Z,KXBTC15M-26OCT050130-30,0.8200,10.12,yes
2026-10-05T05:29:04.348474Z,KXBTC15M-26OCT050130-30,0.8300,51.08,yes
2026-10-05T05:29:04.358221Z,KXBTC15M-26OCT050130-30,0.8300,1.18,yes
2026-10-05T05:29:04.370692Z,KXBTC15M-26OCT050130-30,0.8300,1.02,yes
2026-10-05T05:29:04.370692Z,KXBTC15M-26OCT050130-30,0.8300,0.01,yes
2026-10-05T05:29:04.370692Z,KXBTC15M-26OCT050130-30,0.8300,0.01,yes
2026-10-05T05:29:04.370692Z,KXBTC15M-26OCT050130-30,0.8300,576.37,yes
2026-10-05T05:29:04.374766Z,KXBTC15M-26OCT050130-30,0.8400,0.14,yes
2026-10-05T05:29:04.403592Z,KXBTC15M-26OCT050130-30,0.8300,5.89,yes
2026-10-05T05:29:04.414304Z,KXBTC15M-26OCT050130-30,0.8300,118.02,yes
2026-10-05T05:29:04.433788Z,KXBTC15M-26OCT050130-30,0.8300,944.00,yes
2026-10-05T05:29:04.434035Z,KXBTC15M-26OCT050130-30,0.8300,335.86,yes
2026-10-05T05:29:04.465267Z,KXBTC15M-26OCT050130-30,0.8300,66.00,yes
2026-10-05T05:29:04.503498Z,KXBTC15M-26OCT050130-30,0.8300,4.71,yes
2026-10-05T05:29:04.521344Z,KXBTC15M-26OCT050130-30,0.8200,63.46,no
2026-10-05T05:29:04.521398Z,KXBTC15M-26OCT050130-30,0.8300,5.96,yes
2026-10-05T05:29:04.52141Z,KXBTC15M-26OCT050130-30,0.8200,23.67,no
2026-10-05T05:29:04.524216Z,KXBTC15M-26OCT050130-30,0.8300,0.01,yes
2026-10-05T05:29:04.524216Z,KXBTC15M-26OCT050130-30,0.8300,0.01,yes
2026-10-05T05:29:04.524216Z,KXBTC15M-26OCT050130-30,0.8300,1.02,yes
2026-10-05T05:29:04.524216Z,KXBTC15M-26OCT050130-30,0.8300,22.51,yes
2026-10-05T05:29:04.52576Z,KXBTC15M-26OCT050130-30,0.8300,55.49,yes
2026-10-05T05:29:04.52576Z,KXBTC15M-26OCT050130-30,0.8300,1.00,yes
2026-10-05T05:29:04.527756Z,KXBTC15M-26OCT050130-30,0.8400,0.11,yes
2026-10-05T05:29:04.532887Z,KXBTC15M-26OCT050130-30,0.8200,2.00,no
2026-10-05T05:29:04.536074Z,KXBTC15M-26OCT050130-30,0.8300,135.32,yes
2026-10-05T05:29:04.543702Z,KXBTC15M-26OCT050130-30,0.8300,1.01,yes
2026-10-05T05:29:04.543702Z,KXBTC15M-26OCT050130-30,0.8300,198.68,yes
2026-10-05T05:29:04.543702Z,KXBTC15M-26OCT050130-30,0.8300,0.01,yes
2026-10-05T05:29:04.543702Z,KXBTC15M-26OCT050130-30,0.8300,0.01,yes
2026-10-05T05:29:04.543702Z,KXBTC15M-26OCT050130-30,0.8300,5.00,yes
2026-10-05T05:29:04.543702Z,KXBTC15M-26OCT050130-30,0.8400,19.69,yes
2026-10-05T05:29:04.543702Z,KXBTC15M-26OCT050130-30,0.8400,10.00,yes
2026-10-05T05:29:04.549332Z,KXBTC15M-26OCT050130-30,0.8300,5.25,no
2026-10-05T05:29:04.571054Z,KXBTC15M-26OCT050130-30,0.8300,250.00,no
2026-10-05T05:29:04.573935Z,KXBTC15M-26OCT050130-30,0.8300,24.90,no
2026-10-05T05:29:04.633656Z,KXBTC15M-26OCT050130-30,0.8400,27.38,yes
2026-10-05T05:29:04.633656Z,KXBTC15M-26OCT050130-30,0.8400,0.01,yes
2026-10-05T05:29:04.633656Z,KXBTC15M-26OCT050130-30,0.8400,0.01,yes
2026-10-05T05:29:04.665974Z,KXBTC15M-26OCT050130-30,0.8300,15.76,no
2026-10-05T05:29:04.666893Z,KXBTC15M-26OCT050130-30,0.8300,3.34,no
2026-10-05T05:29:04.667934Z,KXBTC15M-26OCT050130-30,0.8300,10.50,no
2026-10-05T05:29:04.703484Z,KXBTC15M-26OCT050130-30,0.8400,6.18,yes
2026-10-05T05:29:04.703484Z,KXBTC15M-26OCT050130-30,0.8400,0.62,yes
2026-10-05T05:29:04.725016Z,KXBTC15M-26OCT050130-30,0.8600,22.00,yes
2026-10-05T05:29:04.725016Z,KXBTC15M-26OCT050130-30,0.8600,15.46,yes
2026-10-05T05:29:04.725016Z,KXBTC15M-26OCT050130-30,0.8400,0.01,yes
2026-10-05T05:29:04.725016Z,KXBTC15M-26OCT050130-30,0.8400,0.01,yes
2026-10-05T05:29:04.725016Z,KXBTC15M-26OCT050130-30,0.8400,21.82,yes
2026-10-05T05:29:04.725016Z,KXBTC15M-26OCT050130-30,0.8400,1.01,yes
2026-10-05T05:29:04.725016Z,KXBTC15M-26OCT050130-30,0.8400,1.00,yes
2026-10-05T05:29:04.725016Z,KXBTC15M-26OCT050130-30,0.8600,133.18,yes
2026-10-05T05:29:04.725016Z,KXBTC15M-26OCT050130-30,0.8600,500.00,yes
2026-10-05T05:29:04.725016Z,KXBTC15M-26OCT050130-30,0.8600,8.51,yes
2026-10-05T05:29:04.725016Z,KXBTC15M-26OCT050130-30,0.8600,1.00,yes
2026-10-05T05:29:04.743985Z,KXBTC15M-26OCT050130-30,0.8400,33.49,no
2026-10-05T05:29:04.749579Z,KXBTC15M-26OCT050130-30,0.8400,0.01,no
2026-10-05T05:29:04.749579Z,KXBTC15M-26OCT050130-30,0.8300,40.97,no
2026-10-05T05:29:04.749579Z,KXBTC15M-26OCT050130-30,0.8400,0.01,no
2026-10-05T05:29:04.768213Z,KXBTC15M-26OCT050130-30,0.8300,26.26,no
2026-10-05T05:29:04.785164Z,KXBTC15M-26OCT050130-30,0.8300,52.53,no
2026-10-05T05:29:04.786842Z,KXBTC15M-26OCT050130-30,0.8400,53.21,yes
2026-10-05T05:29:04.812743Z,KXBTC15M-26OCT050130-30,0.8500,0.01,yes
2026-10-05T05:29:04.812743Z,KXBTC15M-26OCT050130-30,0.8400,1.00,yes
2026-10-05T05:29:04.812743Z,KXBTC15M-26OCT050130-30,0.8500,0.01,yes
2026-10-05T05:29:04.812743Z,KXBTC15M-26OCT050130-30,0.8600,4.69,yes
2026-10-05T05:29:04.837303Z,KXBTC15M-26OCT050130-30,0.8500,6.00,no
2026-10-05T05:29:04.837303Z,KXBTC15M-26OCT050130-30,0.8500,0.01,no
2026-10-05T05:29:04.837303Z,KXBTC15M-26OCT050130-30,0.8400,12.50,no
2026-10-05T05:29:04.837303Z,KXBTC15M-26OCT050130-30,0.8500,0.01,no
2026-10-05T05:29:04.837303Z,KXBTC15M-26OCT050130-30,0.8500,12.50,no
2026-10-05T05:29:04.837303Z,KXBTC15M-26OCT050130-30,0.8400,5.75,no
2026-10-05T05:29:04.8525Z,KXBTC15M-26OCT050130-30,0.8500,115.98,yes
2026-10-05T05:29:04.852907Z,KXBTC15M-26OCT050130-30,0.8400,25.54,no
2026-10-05T05:29:04.874897Z,KXBTC15M-26OCT050130-30,0.8500,18.28,yes
2026-10-05T05:29:04.886506Z,KXBTC15M-26OCT050130-30,0.8500,1.16,yes
2026-10-05T05:29:04.911313Z,KXBTC15M-26OCT050130-30,0.8500,45.74,yes
2026-10-05T05:29:04.911708Z,KXBTC15M-26OCT050130-30,0.8400,5.25,no
2026-10-05T05:29:04.917467Z,KXBTC15M-26OCT050130-30,0.8500,1.00,yes
2026-10-05T05:29:04.920257Z,KXBTC15M-26OCT050130-30,0.8300,0.74,no
2026-10-05T05:29:04.920257Z,KXBTC15M-26OCT050130-30,0.8400,35.00,no
2026-10-05T05:29:04.920257Z,KXBTC15M-26OCT050130-30,0.8400,0.01,no
2026-10-05T05:29:04.920257Z,KXBTC15M-26OCT050130-30,0.8400,0.01,no
2026-10-05T05:29:04.933455Z,KXBTC15M-26OCT050130-30,0.8300,65.70,no
2026-10-05T05:29:04.93975Z,KXBTC15M-26OCT050130-30,0.8400,12.50,yes
2026-10-05T05:29:04.93975Z,KXBTC15M-26OCT050130-30,0.8400,0.01,yes
2026-10-05T05:29:04.93975Z,KXBTC15M-26OCT050130-30,0.8400,0.01,yes
2026-10-05T05:29:04.93975Z,KXBTC15M-26OCT050130-30,0.8500,256.59,yes
2026-10-05T05:29:04.947011Z,KXBTC15M-26OCT050130-30,0.8300,0.24,no
2026-10-05T05:29:04.953517Z,KXBTC15M-26OCT050130-30,0.8400,1.15,yes
2026-10-05T05:29:04.953517Z,KXBTC15M-26OCT050130-30,0.8400,0.01,yes
2026-10-05T05:29:04.968377Z,KXBTC15M-26OCT050130-30,0.8400,26.88,yes
2026-10-05T05:29:04.969872Z,KXBTC15M-26OCT050130-30,0.8300,26.26,no
2026-10-05T05:29:04.989139Z,KXBTC15M-26OCT050130-30,0.8400,0.41,yes
2026-10-05T05:29:04.989373Z,KXBTC15M-26OCT050130-30,0.8300,3.75,no
2026-10-05T05:29:04.991499Z,KXBTC15M-26OCT050130-30,0.8300,102.11,no
2026-10-05T05:29:04.994753Z,KXBTC15M-26OCT050130-30,0.8300,3.00,no
2026-10-05T05:29:04.996907Z,KXBTC15M-26OCT050130-30,0.8300,16.67,no
2026-10-05T05:29:04.999677Z,KXBTC15M-26OCT050130-30,0.8300,31.42,no
2026-10-05T05:29:05.001352Z,KXBTC15M-26OCT050130-30,0.8300,54.03,no
2026-10-05T05:29:05.004264Z,KXBTC15M-26OCT050130-30,0.8400,0.01,yes
2026-10-05T05:29:05.004264Z,KXBTC15M-26OCT050130-30,0.8400,1.48,yes
2026-10-05T05:29:05.013833Z,KXBTC15M-26OCT050130-30,0.8300,5.12,no
2026-10-05T05:29:05.015672Z,KXBTC15M-26OCT050130-30,0.8400,1.17,yes
2026-10-05T05:29:05.016073Z,KXBTC15M-26OCT050130-30,0.8400,0.01,yes
2026-10-05T05:29:05.016073Z,KXBTC15M-26OCT050130-30,0.8500,86.65,yes
2026-10-05T05:29:05.016073Z,KXBTC15M-26OCT050130-30,0.8400,0.35,yes
2026-10-05T05:29:05.016073Z,KXBTC15M-26OCT050130-30,0.8400,1.01,yes
2026-10-05T05:29:05.016073Z,KXBTC15M-26OCT050130-30,0.8400,0.01,yes
2026-10-05T05:29:05.031179Z,KXBTC15M-26OCT050130-30,0.8300,1.00,no
2026-10-05T05:29:05.031179Z,KXBTC15M-26OCT050130-30,0.8300,0.01,no
2026-10-05T05:29:05.031179Z,KXBTC15M-26OCT050130-30,0.8300,0.01,no
2026-10-05T05:29:05.031179Z,KXBTC15M-26OCT050130-30,0.8300,4.23,no
2026-10-05T05:29:05.035161Z,KXBTC15M-26OCT050130-30,0.8300,10.50,no
2026-10-05T05:29:05.04546Z,KXBTC15M-26OCT050130-30,0.8400,38.64,yes
2026-10-05T05:29:05.056341Z,KXBTC15M-26OCT050130-30,0.8300,55.59,no
2026-10-05T05:29:05.085831Z,KXBTC15M-26OCT050130-30,0.8300,0.01,no
2026-10-05T05:29:05.085831Z,KXBTC15M-26OCT050130-30,0.8300,0.01,no
2026-10-05T05:29:05.085831Z,KXBTC15M-26OCT050130-30,0.8200,7.01,no
2026-10-05T05:29:05.085831Z,KXBTC15M-26OCT050130-30,0.8300,10.00,no
2026-10-05T05:29:05.13954Z,KXBTC15M-26OCT050130-30,0.8200,6.00,no
2026-10-05T05:29:05.14924Z,KXBTC15M-26OCT050130-30,0.8400,79.09,yes
2026-10-05T05:29:05.14924Z,KXBTC15M-26OCT050130-30,0.8300,0.01,yes
2026-10-05T05:29:05.14924Z,KXBTC15M-26OCT050130-30,0.8300,0.01,yes
2026-10-05T05:29:05.160601Z,KXBTC15M-26OCT050130-30,0.8300,4.00,no
2026-10-05T05:29:05.180921Z,KXBTC15M-26OCT050130-30,0.8400,2.31,yes
2026-10-05T05:29:05.196657Z,KXBTC15M-26OCT050130-30,0.8400,176.50,yes
2026-10-05T05:29:05.221883Z,KXBTC15M-26OCT050130-30,0.8400,1.00,yes
2026-10-05T05:29:05.222385Z,KXBTC15M-26OCT050130-30,0.8400,28.78,yes
2026-10-05T05:29:05.222712Z,KXBTC15M-26OCT050130-30,0.8400,730.67,yes
2026-10-05T05:29:05.225738Z,KXBTC15M-26OCT050130-30,0.8400,9.21,yes
2026-10-05T05:29:05.232145Z,KXBTC15M-26OCT050130-30,0.8400,10.49,yes
2026-10-05T05:29:05.239174Z,KXBTC15M-26OCT050130-30,0.8400,7.25,yes
2026-10-05T05:29:05.249187Z,KXBTC15M-26OCT050130-30,0.8300,50.00,no
2026-10-05T05:29:05.251953Z,KXBTC15M-26OCT050130-30,0.8400,39.01,yes
2026-10-05T05:29:05.253878Z,KXBTC15M-26OCT050130-30,0.8400,1.00,yes
2026-10-05T05:29:05.255474Z,KXBTC15M-26OCT050130-30,0.8300,83.92,no
2026-10-05T05:29:05.255474Z,KXBTC15M-26OCT050130-30,0.8300,96.00,no
2026-10-05T05:29:05.279155Z,KXBTC15M-26OCT050130-30,0.8400,5.75,yes
2026-10-05T05:29:05.282956Z,KXBTC15M-26OCT050130-30,0.8400,7.48,yes
2026-10-05T05:29:05.304047Z,KXBTC15M-26OCT050130-30,0.8300,23.56,no
2026-10-05T05:29:05.325587Z,KXBTC15M-26OCT050130-30,0.8300,42.52,no
2026-10-05T05:29:05.325587Z,KXBTC15M-26OCT050130-30,0.8300,294.48,no
2026-10-05T05:29:05.325731Z,KXBTC15M-26OCT050130-30,0.8300,116.48,no
2026-10-05T05:29:05.325731Z,KXBTC15M-26OCT050130-30,0.8300,40.52,no
2026-10-05T05:29:05.330703Z,KXBTC15M-26OCT050130-30,0.8400,0.69,yes
2026-10-05T05:29:05.346733Z,KXBTC15M-26OCT050130-30,0.8300,0.01,no
2026-10-05T05:29:05.346733Z,KXBTC15M-26OCT050130-30,0.8300,0.01,no
2026-10-05T05:29:05.346733Z,KXBTC15M-26OCT050130-30,0.8200,1.33,no
2026-10-05T05:29:05.364788Z,KXBTC15M-26OCT050130-30,0.8200,0.01,no
2026-10-05T05:29:05.364788Z,KXBTC15M-26OCT050130-30,0.8200,0.01,no
2026-10-05T05:29:05.364788Z,KXBTC15M-26OCT050130-30,0.8100,2.21,no
2026-10-05T05:29:05.37066Z,KXBTC15M-26OCT050130-30,0.8200,3.63,yes
2026-10-05T05:29:05.411535Z,KXBTC15M-26OCT050130-30,0.8200,0.34,yes
2026-10-05T05:29:05.415512Z,KXBTC15M-26OCT050130-30,0.8200,5.88,yes
2026-10-05T05:29:05.424788Z,KXBTC15M-26OCT050130-30,0.8200,5.82,yes
2026-10-05T05:29:05.437438Z,KXBTC15M-26OCT050130-30,0.8200,150.00,yes
2026-10-05T05:29:05.437438Z,KXBTC15M-26OCT050130-30,0.8200,50.00,yes
2026-10-05T05:29:05.437438Z,KXBTC15M-26OCT050130-30,0.8200,150.00,yes
2026-10-05T05:29:05.437438Z,KXBTC15M-26OCT050130-30,0.8300,1.01,yes
2026-10-05T05:29:05.437438Z,KXBTC15M-26OCT050130-30,0.8200,0.01,yes
2026-10-05T05:29:05.437438Z,KXBTC15M-26OCT050130-30,0.8200,150.00,yes
2026-10-05T05:29:05.437438Z,KXBTC15M-26OCT050130-30,0.8200,150.00,yes
2026-10-05T05:29:05.437438Z,KXBTC15M-26OCT050130-30,0.8300,0.01,yes
2026-10-05T05:29:05.437438Z,KXBTC15M-26OCT050130-30,0.8300,74.86,yes
2026-10-05T05:29:05.437438Z,KXBTC15M-26OCT050130-30,0.8200,134.33,yes
2026-10-05T05:29:05.437438Z,KXBTC15M-26OCT050130-30,0.8200,0.01,yes
2026-10-05T05:29:05.437438Z,KXBTC15M-26OCT050130-30,0.8300,4.00,yes
2026-10-05T05:29:05.437438Z,KXBTC15M-26OCT050130-30,0.8300,0.01,yes
2026-10-05T05:29:05.437438Z,KXBTC15M-26OCT050130-30,0.8200,150.00,yes
2026-10-05T05:29:05.437438Z,KXBTC15M-26OCT050130-30,0.8200,150.00,yes
2026-10-05T05:29:05.447393Z,KXBTC15M-26OCT050130-30,0.8300,4.00,yes
2026-10-05T05:29:05.447393Z,KXBTC15M-26OCT050130-30,0.8400,119.61,yes
2026-10-05T05:29:05.448756Z,KXBTC15M-26OCT050130-30,0.8400,1.33,yes
2026-10-05T05:29:05.448756Z,KXBTC15M-26OCT050130-30,0.8300,1.00,yes
2026-10-05T05:29:05.45883Z,KXBTC15M-26OCT050130-30,0.8300,0.01,yes
2026-10-05T05:29:05.45883Z,KXBTC15M-26OCT050130-30,0.8400,69.98,yes
2026-10-05T05:29:05.45883Z,KXBTC15M-26OCT050130-30,0.8300,0.01,yes
2026-10-05T05:29:05.466158Z,KXBTC15M-26OCT050130-30,0.8300,71.91,no
2026-10-05T05:29:05.469936Z,KXBTC15M-26OCT050130-30,0.8300,5.25,no
2026-10-05T05:29:05.476233Z,KXBTC15M-26OCT050130-30,0.8300,39.85,no
2026-10-05T05:29:05.476233Z,KXBTC15M-26OCT050130-30,0.8300,72.84,no
2026-10-05T05:29:05.476233Z,KXBTC15M-26OCT050130-30,0.8300,150.00,no
2026-10-05T05:29:05.488732Z,KXBTC15M-26OCT050130-30,0.8400,58.86,yes
2026-10-05T05:29:05.491996Z,KXBTC15M-26OCT050130-30,0.8300,19.78,no
2026-10-05T05:29:05.498423Z,KXBTC15M-26OCT050130-30,0.8400,5.80,yes
2026-10-05T05:29:05.500866Z,KXBTC15M-26OCT050130-30,0.8300,2.59,no
2026-10-05T05:29:05.501803Z,KXBTC15M-26OCT050130-30,0.8400,80.73,yes
2026-10-05T05:29:05.519145Z,KXBTC15M-26OCT050130-30,0.8400,588.64,yes
2026-10-05T05:29:05.536309Z,KXBTC15M-26OCT050130-30,0.8400,2.45,yes
2026-10-05T05:29:05.539407Z,KXBTC15M-26OCT050130-30,0.8300,2.13,no
2026-10-05T05:29:05.547125Z,KXBTC15M-26OCT050130-30,0.8300,85.65,no
2026-10-05T05:29:05.547125Z,KXBTC15M-26OCT050130-30,0.8300,97.08,no
2026-10-05T05:29:05.547125Z,KXBTC15M-26OCT050130-30,0.8300,150.00,no
2026-10-05T05:29:05.556548Z,KXBTC15M-26OCT050130-30,0.8300,5.00,no
2026-10-05T05:29:05.556548Z,KXBTC15M-26OCT050130-30,0.8300,0.01,no
2026-10-05T05:29:05.556548Z,KXBTC15M-26OCT050130-30,0.8300,359.84,no
2026-10-05T05:29:05.556548Z,KXBTC15M-26OCT050130-30,0.8300,150.00,no
2026-10-05T05:29:05.556548Z,KXBTC15M-26OCT050130-30,0.8300,52.92,no
2026-10-05T05:29:05.556548Z,KXBTC15M-26OCT050130-30,0.8300,0.01,no
2026-10-05T05:29:05.584948Z,KXBTC15M-26OCT050130-30,0.8400,1.17,yes
2026-10-05T05:29:05.590157Z,KXBTC15M-26OCT050130-30,0.8300,11.11,no
2026-10-05T05:29:05.608304Z,KXBTC15M-26OCT050130-30,0.8400,35.00,yes
2026-10-05T05:29:05.612235Z,KXBTC15M-26OCT050130-30,0.8400,1.00,yes
2026-10-05T05:29:05.612235Z,KXBTC15M-26OCT050130-30,0.8400,0.01,yes
2026-10-05T05:29:05.612235Z,KXBTC15M-26OCT050130-30,0.8400,0.01,yes
2026-10-05T05:29:05.612235Z,KXBTC15M-26OCT050130-30,0.8400,28.00,yes
2026-10-05T05:29:05.612235Z,KXBTC15M-26OCT050130-30,0.8400,83.43,yes
2026-10-05T05:29:05.612235Z,KXBTC15M-26OCT050130-30,0.8400,9.54,yes
2026-10-05T05:29:05.624322Z,KXBTC15M-26OCT050130-30,0.8400,0.01,yes
2026-10-05T05:29:05.625928Z,KXBTC15M-26OCT050130-30,0.8300,111.18,no
2026-10-05T05:29:05.626998Z,KXBTC15M-26OCT050130-30,0.8300,24.13,no
2026-10-05T05:29:05.629083Z,KXBTC15M-26OCT050130-30,0.8400,69.29,yes
2026-10-05T05:29:05.634102Z,KXBTC15M-26OCT050130-30,0.8400,8.04,yes
2026-10-05T05:29:05.644297Z,KXBTC15M-26OCT050130-30,0.8400,82.41,yes
2026-10-05T05:29:05.647463Z,KXBTC15M-26OCT050130-30,0.8300,88.94,no
2026-10-05T05:29:05.650335Z,KXBTC15M-26OCT050130-30,0.8300,10.50,no
2026-10-05T05:29:05.65131Z,KXBTC15M-26OCT050130-30,0.8400,9.64,yes
2026-10-05T05:29:05.654707Z,KXBTC15M-26OCT050130-30,0.8400,51.46,yes
2026-10-05T05:29:05.654707Z,KXBTC15M-26OCT050130-30,0.8400,10.91,yes
2026-10-05T05:29:05.673472Z,KXBTC15M-26OCT050130-30,0.8300,5.55,no
2026-10-05T05:29:05.693973Z,KXBTC15M-26OCT050130-30,0.8300,27.79,no
2026-10-05T05:29:05.707355Z,KXBTC15M-26OCT050130-30,0.8400,17.65,yes
2026-10-05T05:29:05.716177Z,KXBTC15M-26OCT050130-30,0.8300,22.23,no
2026-10-05T05:29:05.718665Z,KXBTC15M-26OCT050130-30,0.8400,67.10,yes
2026-10-05T05:29:05.724984Z,KXBTC15M-26OCT050130-30,0.8400,5.88,yes
2026-10-05T05:29:05.728867Z,KXBTC15M-26OCT050130-30,0.8400,56.23,yes
2026-10-05T05:29:05.740881Z,KXBTC15M-26OCT050130-30,0.8300,27.79,no
2026-10-05T05:29:05.745475Z,KXBTC15M-26OCT050130-30,0.8300,5.55,no
2026-10-05T05:29:05.756257Z,KXBTC15M-26OCT050130-30,0.8400,588.64,yes
2026-10-05T05:29:05.772313Z,KXBTC15M-26OCT050130-30,0.8400,117.72,yes
2026-10-05T05:29:05.776995Z,KXBTC15M-26OCT050130-30,0.8400,24.05,yes
2026-10-05T05:29:05.79102Z,KXBTC15M-26OCT050130-30,0.8400,11.76,yes
2026-10-05T05:29:05.808018Z,KXBTC15M-26OCT050130-30,0.8300,1.62,no
2026-10-05T05:29:05.810058Z,KXBTC15M-26OCT050130-30,0.8300,83.74,no
2026-10-05T05:29:05.812131Z,KXBTC15M-26OCT050130-30,0.8400,8.59,yes
2026-10-05T05:29:05.815928Z,KXBTC15M-26OCT050130-30,0.8300,204.96,no
2026-10-05T05:29:05.863535Z,KXBTC15M-26OCT050130-30,0.8400,0.01,yes
2026-10-05T05:29:05.863535Z,KXBTC15M-26OCT050130-30,0.8400,0.01,yes
2026-10-05T05:29:05.863535Z,KXBTC15M-26OCT050130-30,0.8500,115.34,yes
2026-10-05T05:29:05.868119Z,KXBTC15M-26OCT050130-30,0.8500,60.87,yes
2026-10-05T05:29:05.874842Z,KXBTC15M-26OCT050130-30,0.8300,1050.79,no
2026-10-05T05:29:05.891965Z,KXBTC15M-26OCT050130-30,0.8500,183.64,yes
2026-10-05T05:29:05.897216Z,KXBTC15M-26OCT050130-30,0.8500,103.83,yes
2026-10-05T05:29:05.900047Z,KXBTC15M-26OCT050130-30,0.8500,10.93,yes
2026-10-05T05:29:05.900234Z,KXBTC15M-26OCT050130-30,0.8500,69.21,yes
2026-10-05T05:29:05.942479Z,KXBTC15M-26OCT050130-30,0.8500,35.44,yes
2026-10-05T05:29:05.942479Z,KXBTC15M-26OCT050130-30,0.8500,0.01,yes
2026-10-05T05:29:05.942479Z,KXBTC15M-26OCT050130-30,0.8500,0.01,yes
2026-10-05T05:29:05.942479Z,KXBTC15M-26OCT050130-30,0.8500,1.00,yes
2026-10-05T05:29:05.942479Z,KXBTC15M-26OCT050130-30,0.8500,416.53,yes
2026-10-05T05:29:05.94714Z,KXBTC15M-26OCT050130-30,0.8400,45.00,no
2026-10-05T05:29:05.94714Z,KXBTC15M-26OCT050130-30,0.8400,10.00,no
2026-10-05T05:29:05.94714Z,KXBTC15M-26OCT050130-30,0.8400,0.01,no
2026-10-05T05:29:05.94714Z,KXBTC15M-26OCT050130-30,0.8400,14.65,no
2026-10-05T05:29:05.94714Z,KXBTC15M-26OCT050130-30,0.8400,0.01,no
2026-10-05T05:29:05.964761Z,KXBTC15M-26OCT050130-30,0.8500,1.14,yes
2026-10-05T05:29:05.976441Z,KXBTC15M-26OCT050130-30,0.8500,102.67,yes
2026-10-05T05:29:05.978946Z,KXBTC15M-26OCT050130-30,0.8400,0.01,no
2026-10-05T05:29:05.978946Z,KXBTC15M-26OCT050130-30,0.8400,45.00,no
2026-10-05T05:29:05.978946Z,KXBTC15M-26OCT050130-30,0.8400,0.01,no
2026-10-05T05:29:05.978946Z,KXBTC15M-26OCT050130-30,0.8300,65.16,no
2026-10-05T05:29:05.978946Z,KXBTC15M-26OCT050130-30,0.8400,1.00,no
2026-10-05T05:29:05.993991Z,KXBTC15M-26OCT050130-30,0.8400,1.44,yes
2026-10-05T05:29:06.008099Z,KXBTC15M-26OCT050130-30,0.8300,5.55,no
2026-10-05T05:29:06.024981Z,KXBTC15M-26OCT050130-30,0.8300,277.96,no
2026-10-05T05:29:06.032106Z,KXBTC15M-26OCT050130-30,0.8300,0.55,no
2026-10-05T05:29:06.041896Z,KXBTC15M-26OCT050130-30,0.8400,150.00,yes
2026-10-05T05:29:06.041896Z,KXBTC15M-26OCT050130-30,0.8400,0.01,yes
2026-10-05T05:29:06.041896Z,KXBTC15M-26OCT050130-30,0.8400,0.01,yes
2026-10-05T05:29:06.041896Z,KXBTC15M-26OCT050130-30,0.8400,150.00,yes
2026-10-05T05:29:06.041896Z,KXBTC15M-26OCT050130-30,0.8400,150.00,yes
2026-10-05T05:29:06.041896Z,KXBTC15M-26OCT050130-30,0.8400,150.00,yes
2026-10-05T05:29:06.041896Z,KXBTC15M-26OCT050130-30,0.8400,148.56,yes
2026-10-05T05:29:06.041896Z,KXBTC15M-26OCT050130-30,0.8400,150.00,yes
2026-10-05T05:29:06.043325Z,KXBTC15M-26OCT050130-30,0.8500,0.01,yes
2026-10-05T05:29:06.043325Z,KXBTC15M-26OCT050130-30,0.8500,3.00,yes
2026-10-05T05:29:06.043325Z,KXBTC15M-26OCT050130-30,0.8500,10.00,yes
2026-10-05T05:29:06.04865Z,KXBTC15M-26OCT050130-30,0.8600,4.00,yes
2026-10-05T05:29:06.04865Z,KXBTC15M-26OCT050130-30,0.8500,0.01,yes
2026-10-05T05:29:06.05103Z,KXBTC15M-26OCT050130-30,0.8600,185.00,yes
2026-10-05T05:29:06.05103Z,KXBTC15M-26OCT050130-30,0.8700,0.12,yes
2026-10-05T05:29:06.05103Z,KXBTC15M-26OCT050130-30,0.8700,1.00,yes
2026-10-05T05:29:06.05103Z,KXBTC15M-26OCT050130-30,0.8700,100.00,yes
2026-10-05T05:29:06.05103Z,KXBTC15M-26OCT050130-30,0.8700,6.03,yes
2026-10-05T05:29:06.051378Z,KXBTC15M-26OCT050130-30,0.8600,0.01,yes
2026-10-05T05:29:06.052794Z,KXBTC15M-26OCT050130-30,0.8600,96.00,yes
2026-10-05T05:29:06.052794Z,KXBTC15M-26OCT050130-30,0.8800,25.19,yes
2026-10-05T05:29:06.052794Z,KXBTC15M-26OCT050130-30,0.8800,6.67,yes
2026-10-05T05:29:06.052794Z,KXBTC15M-26OCT050130-30,0.8800,28.43,yes
2026-10-05T05:29:06.052794Z,KXBTC15M-26OCT050130-30,0.8800,140.56,yes
2026-10-05T05:29:06.052794Z,KXBTC15M-26OCT050130-30,0.8800,2.81,yes
2026-10-05T05:29:06.052794Z,KXBTC15M-26OCT050130-30,0.8800,1.00,yes
2026-10-05T05:29:06.052794Z,KXBTC15M-26OCT050130-30,0.8800,1.00,yes
2026-10-05T05:29:06.052794Z,KXBTC15M-26OCT050130-30,0.8800,10.00,yes
2026-10-05T05:29:06.055597Z,KXBTC15M-26OCT050130-30,0.8800,25.00,yes
2026-10-05T05:29:06.055597Z,KXBTC15M-26OCT050130-30,0.8800,58.81,yes
2026-10-05T05:29:06.055597Z,KXBTC15M-26OCT050130-30,0.8800,404.00,yes
2026-10-05T05:29:06.056332Z,KXBTC15M-26OCT050130-30,0.8800,4.00,yes
2026-10-05T05:29:06.056332Z,KXBTC15M-26OCT050130-30,0.8800,96.00,yes
2026-10-05T05:29:06.056332Z,KXBTC15M-26OCT050130-30,0.8900,53.21,yes
2026-10-05T05:29:06.056332Z,KXBTC15M-26OCT050130-30,0.8900,19.30,yes
2026-10-05T05:29:06.056332Z,KXBTC15M-26OCT050130-30,0.8900,30.00,yes
2026-10-05T05:29:06.056332Z,KXBTC15M-26OCT050130-30,0.8900,2.00,yes
2026-10-05T05:29:06.056332Z,KXBTC15M-26OCT050130-30,0.8900,12.30,yes
2026-10-05T05:29:06.056332Z,KXBTC15M-26OCT050130-30,0.8900,1.00,yes
2026-10-05T05:29:06.056332Z,KXBTC15M-26OCT050130-30,0.8900,13.29,yes
2026-10-05T05:29:06.056332Z,KXBTC15M-26OCT050130-30,0.8900,12.30,yes
2026-10-05T05:29:06.056332Z,KXBTC15M-26OCT050130-30,0.8900,100.00,yes
2026-10-05T05:29:06.056332Z,KXBTC15M-26OCT050130-30,0.8900,2.00,yes
2026-10-05T05:29:06.056332Z,KXBTC15M-26OCT050130-30,0.8900,51.13,yes
2026-10-05T05:29:06.056332Z,KXBTC15M-26OCT050130-30,0.8900,34.77,yes
2026-10-05T05:29:06.056721Z,KXBTC15M-26OCT050130-30,0.8900,46.08,yes
2026-10-05T05:29:06.056721Z,KXBTC15M-26OCT050130-30,0.8900,49.90,yes
2026-10-05T05:29:06.056903Z,KXBTC15M-26OCT050130-30,0.8900,1.65,yes
2026-10-05T05:29:06.056921Z,KXBTC15M-26OCT050130-30,0.8900,47.66,yes
2026-10-05T05:29:06.056996Z,KXBTC15M-26OCT050130-30,0.8900,45.29,yes
2026-10-05T05:29:06.056996Z,KXBTC15M-26OCT050130-30,0.8900,1189.00,yes
2026-10-05T05:29:06.056996Z,KXBTC15M-26OCT050130-30,0.8900,132.71,yes
2026-10-05T05:29:06.056996Z,KXBTC15M-26OCT050130-30,0.8900,25.00,yes
2026-10-05T05:29:06.056996Z,KXBTC15M-26OCT050130-30,0.8900,130.79,yes
2026-10-05T05:29:06.057276Z,KXBTC15M-26OCT050130-30,0.8900,6.33,yes
2026-10-05T05:29:06.057549Z,KXBTC15M-26OCT050130-30,0.8900,4.68,yes
2026-10-05T05:29:06.057598Z,KXBTC15M-26OCT050130-30,0.8900,5.00,yes
2026-10-05T05:29:06.057598Z,KXBTC15M-26OCT050130-30,0.8900,443.70,yes
2026-10-05T05:29:06.057598Z,KXBTC15M-26OCT050130-30,0.8900,1.00,yes
2026-10-05T05:29:06.057598Z,KXBTC15M-26OCT050130-30,0.9000,37.89,yes
2026-10-05T05:29:06.057598Z,KXBTC15M-26OCT050130-30,0.9000,114.38,yes
2026-10-05T05:29:06.057598Z,KXBTC15M-26OCT050130-30,0.9000,50.00,yes
2026-10-05T05:29:06.057598Z,KXBTC15M-26OCT050130-30,0.9000,2.60,yes
2026-10-05T05:29:06.057598Z,KXBTC15M-26OCT050130-30,0.9000,20.08,yes
2026-10-05T05:29:06.057598Z,KXBTC15M-26OCT050130-30,0.9000,1.00,yes
2026-10-05T05:29:06.057598Z,KXBTC15M-26OCT050130-30,0.9000,20.00,yes
2026-10-05T05:29:06.057598Z,KXBTC15M-26OCT050130-30,0.9000,100.00,yes
2026-10-05T05:29:06.057598Z,KXBTC15M-26OCT050130-30,0.9000,22.56,yes
2026-10-05T05:29:06.057598Z,KXBTC15M-26OCT050130-30,0.9000,10.00,yes
2026-10-05T05:29:06.057598Z,KXBTC15M-26OCT050130-30,0.9000,30.00,yes
2026-10-05T05:29:06.057598Z,KXBTC15M-26OCT050130-30,0.9000,1.00,yes
2026-10-05T05:29:06.057598Z,KXBTC15M-26OCT050130-30,0.9000,25.00,yes
2026-10-05T05:29:06.057598Z,KXBTC15M-26OCT050130-30,0.9000,100.00,yes
2026-10-05T05:29:06.057598Z,KXBTC15M-26OCT050130-30,0.9000,1.00,yes
2026-10-05T05:29:06.058358Z,KXBTC15M-26OCT050130-30,0.9030,1.00,yes
2026-10-05T05:29:06.058358Z,KXBTC15M-26OCT050130-30,0.9000,240.00,yes
2026-10-05T05:29:06.058358Z,KXBTC15M-26OCT050130-30,0.9000,19.32,yes
2026-10-05T05:29:06.058358Z,KXBTC15M-26OCT050130-30,0.9000,50.00,yes
2026-10-05T05:29:06.058358Z,KXBTC15M-26OCT050130-30,0.9000,200.00,yes
2026-10-05T05:29:06.058358Z,KXBTC15M-26OCT050130-30,0.9000,4.11,yes
2026-10-05T05:29:06.058358Z,KXBTC15M-26OCT050130-30,0.9020,1.00,yes
2026-10-05T05:29:06.058358Z,KXBTC15M-26OCT050130-30,0.9030,1.00,yes
2026-10-05T05:29:06.058358Z,KXBTC15M-26OCT050130-30,0.9010,1.00,yes
2026-10-05T05:29:06.058549Z,KXBTC15M-26OCT050130-30,0.9090,87.00,yes
2026-10-05T05:29:06.058549Z,KXBTC15M-26OCT050130-30,0.9060,10.00,yes
2026-10-05T05:29:06.058549Z,KXBTC15M-26OCT050130-30,0.9090,1.00,yes
2026-10-05T05:29:06.058549Z,KXBTC15M-26OCT050130-30,0.9040,1.00,yes
2026-10-05T05:29:06.058549Z,KXBTC15M-26OCT050130-30,0.9050,1.00,yes
2026-10-05T05:29:06.058549Z,KXBTC15M-26OCT050130-30,0.9060,1.00,yes
2026-10-05T05:29:06.058549Z,KXBTC15M-26OCT050130-30,0.9080,1.00,yes
2026-10-05T05:29:06.058549Z,KXBTC15M-26OCT050130-30,0.9070,1.00,yes
2026-10-05T05:29:06.062164Z,KXBTC15M-26OCT050130-30,0.8800,1.93,yes
2026-10-05T05:29:06.062365Z,KXBTC15M-26OCT050130-30,0.8800,4.00,yes
2026-10-05T05:29:06.062365Z,KXBTC15M-26OCT050130-30,0.8800,150.07,yes
2026-10-05T05:29:06.062365Z,KXBTC15M-26OCT050130-30,0.8800,1.00,yes
2026-10-05T05:29:06.064591Z,KXBTC15M-26OCT050130-30,0.9080,6.00,yes
2026-10-05T05:29:06.064591Z,KXBTC15M-26OCT050130-30,0.9090,6.00,yes
2026-10-05T05:29:06.064591Z,KXBTC15M-26OCT050130-30,0.9100,106.50,yes
2026-10-05T05:29:06.064591Z,KXBTC15M-26OCT050130-30,0.9090,1.00,yes
2026-10-05T05:29:06.064591Z,KXBTC15M-26OCT050130-30,0.9100,6.23,yes
2026-10-05T05:29:06.064591Z,KXBTC15M-26OCT050130-30,0.9100,30.32,yes
2026-10-05T05:29:06.064591Z,KXBTC15M-26OCT050130-30,0.9100,50.00,yes
2026-10-05T05:29:06.064591Z,KXBTC15M-26OCT050130-30,0.9100,55.00,yes
2026-10-05T05:29:06.064591Z,KXBTC15M-26OCT050130-30,0.9100,13.29,yes
2026-10-05T05:29:06.064591Z,KXBTC15M-26OCT050130-30,0.9100,12.88,yes
2026-10-05T05:29:06.064591Z,KXBTC15M-26OCT050130-30,0.9100,2.05,yes
2026-10-05T05:29:06.064591Z,KXBTC15M-26OCT050130-30,0.9100,25.00,yes
2026-10-05T05:29:06.064591Z,KXBTC15M-26OCT050130-30,0.9100,1.00,yes
2026-10-05T05:29:06.064591Z,KXBTC15M-26OCT050130-30,0.9100,6.17,yes
2026-10-05T05:29:06.064591Z,KXBTC15M-26OCT050130-30,0.9100,0.22,yes
2026-10-05T05:29:06.068956Z,KXBTC15M-26OCT050130-30,0.9100,2.47,yes
2026-10-05T05:29:06.069568Z,KXBTC15M-26OCT050130-30,0.9100,2.45,yes
2026-10-05T05:29:06.070193Z,KXBTC15M-26OCT050130-30,0.9100,1.75,yes
2026-10-05T05:29:06.070779Z,KXBTC15M-26OCT050130-30,0.9100,3.44,yes
2026-10-05T05:29:06.071416Z,KXBTC15M-26OCT050130-30,0.9100,1.98,yes
2026-10-05T05:29:06.072054Z,KXBTC15M-26OCT050130-30,0.9100,2.74,yes
2026-10-05T05:29:06.072675Z,KXBTC15M-26OCT050130-30,0.9100,1.12,yes
2026-10-05T05:29:06.073299Z,KXBTC15M-26OCT050130-30,0.9100,2.19,yes
2026-10-05T05:29:06.083469Z,KXBTC15M-26OCT050130-30,0.9090,150.00,no
2026-10-05T05:29:06.083469Z,KXBTC15M-26OCT050130-30,0.9090,7.00,no
2026-10-05T05:29:06.090772Z,KXBTC15M-26OCT050130-30,0.9090,2.00,no
2026-10-05T05:29:06.144278Z,KXBTC15M-26OCT050130-30,0.9090,141.00,no
2026-10-05T05:29:06.144278Z,KXBTC15M-26OCT050130-30,0.9090,59.00,no
2026-10-05T05:29:06.166504Z,KXBTC15M-26OCT050130-30,0.9090,22.21,no
2026-10-05T05:29:06.166504Z,KXBTC15M-26OCT050130-30,0.9090,0.01,no
2026-10-05T05:29:06.166504Z,KXBTC15M-26OCT050130-30,0.9090,0.01,no
2026-10-05T05:29:06.222306Z,KXBTC15M-26OCT050130-30,0.9090,27.60,no
2026-10-05T05:29:06.237258Z,KXBTC15M-26OCT050130-30,0.9090,16.67,no
2026-10-05T05:29:06.24697Z,KXBTC15M-26OCT050130-30,0.9090,0.20,no
2026-10-05T05:29:06.266531Z,KXBTC15M-26OCT050130-30,0.9100,0.01,yes
2026-10-05T05:29:06.266531Z,KXBTC15M-26OCT050130-30,0.9100,1.33,yes
2026-10-05T05:29:06.266531Z,KXBTC15M-26OCT050130-30,0.9100,6.23,yes
2026-10-05T05:29:06.275583Z,KXBTC15M-26OCT050130-30,0.9090,152.12,no
2026-10-05T05:29:06.275583Z,KXBTC15M-26OCT050130-30,0.9090,73.32,no
2026-10-05T05:29:06.275591Z,KXBTC15M-26OCT050130-30,0.9090,127.88,no
2026-10-05T05:29:06.275591Z,KXBTC15M-26OCT050130-30,0.9090,0.01,no
2026-10-05T05:29:06.275591Z,KXBTC15M-26OCT050130-30,0.9090,0.01,no
2026-10-05T05:29:06.275591Z,KXBTC15M-26OCT050130-30,0.9090,0.01,no
2026-10-05T05:29:06.279171Z,KXBTC15M-26OCT050130-30,0.9090,0.01,no
2026-10-05T05:29:06.279171Z,KXBTC15M-26OCT050130-30,0.9090,69.00,no
2026-10-05T05:29:06.279366Z,KXBTC15M-26OCT050130-30,0.9090,0.99,no
2026-10-05T05:29:06.285385Z,KXBTC15M-26OCT050130-30,0.9020,30.00,no
2026-10-05T05:29:06.285385Z,KXBTC15M-26OCT050130-30,0.9020,80.00,no
2026-10-05T05:29:06.289995Z,KXBTC15M-26OCT050130-30,0.9020,0.01,no
2026-10-05T05:29:06.298958Z,KXBTC15M-26OCT050130-30,0.9020,0.19,yes
2026-10-05T05:29:06.30035Z,KXBTC15M-26OCT050130-30,0.9000,90.00,no
2026-10-05T05:29:06.30035Z,KXBTC15M-26OCT050130-30,0.9000,0.01,no
2026-10-05T05:29:06.30035Z,KXBTC15M-26OCT050130-30,0.9000,0.01,no
2026-10-05T05:29:06.310388Z,KXBTC15M-26OCT050130-30,0.9000,100.00,yes
2026-10-05T05:29:06.34927Z,KXBTC15M-26OCT050130-30,0.8900,0.01,no
2026-10-05T05:29:06.34927Z,KXBTC15M-26OCT050130-30,0.8900,22.48,no
2026-10-05T05:29:06.34927Z,KXBTC15M-26OCT050130-30,0.8900,0.01,no
2026-10-05T05:29:06.364951Z,KXBTC15M-26OCT050130-30,0.8900,10.00,no
2026-10-05T05:29:06.368502Z,KXBTC15M-26OCT050130-30,0.8900,5.90,no
2026-10-05T05:29:06.374353Z,KXBTC15M-26OCT050130-30,0.8900,78.38,no
2026-10-05T05:29:06.374353Z,KXBTC15M-26OCT050130-30,0.8900,1.62,no
2026-10-05T05:29:06.376979Z,KXBTC15M-26OCT050130-30,0.8900,29.51,no
2026-10-05T05:29:06.399495Z,KXBTC15M-26OCT050130-30,0.8900,58.00,no
2026-10-05T05:29:06.409822Z,KXBTC15M-26OCT050130-30,0.8900,4.45,no
2026-10-05T05:29:06.415423Z,KXBTC15M-26OCT050130-30,0.8900,94.67,no
2026-10-05T05:29:06.417356Z,KXBTC15M-26OCT050130-30,0.8900,19.99,no
2026-10-05T05:29:06.417356Z,KXBTC15M-26OCT050130-30,0.8900,0.01,no
2026-10-05T05:29:06.417356Z,KXBTC15M-26OCT050130-30,0.8900,107.00,no
2026-10-05T05:29:06.417356Z,KXBTC15M-26OCT050130-30,0.8900,1.00,no
2026-10-05T05:29:06.417356Z,KXBTC15M-26OCT050130-30,0.8900,119.45,no
2026-10-05T05:29:06.417356Z,KXBTC15M-26OCT050130-30,0.8900,0.01,no
2026-10-05T05:29:06.417662Z,KXBTC15M-26OCT050130-30,0.9000,298.12,yes
2026-10-05T05:29:06.423808Z,KXBTC15M-26OCT050130-30,0.8900,0.01,no
2026-10-05T05:29:06.423808Z,KXBTC15M-26OCT050130-30,0.8900,19.55,no
2026-10-05T05:29:06.423808Z,KXBTC15M-26OCT050130-30,0.8900,20.00,no
2026-10-05T05:29:06.440919Z,KXBTC15M-26OCT050130-30,0.8800,1.13,yes
2026-10-05T05:29:06.463812Z,KXBTC15M-26OCT050130-30,0.8700,7.00,no
2026-10-05T05:29:06.463812Z,KXBTC15M-26OCT050130-30,0.8700,0.01,no
2026-10-05T05:29:06.463812Z,KXBTC15M-26OCT050130-30,0.8700,0.01,no
2026-10-05T05:29:06.463812Z,KXBTC15M-26OCT050130-30,0.8700,5.00,no
2026-10-05T05:29:06.463812Z,KXBTC15M-26OCT050130-30,0.8600,112.89,no
2026-10-05T05:29:06.467657Z,KXBTC15M-26OCT050130-30,0.8800,41.75,yes
2026-10-05T05:29:06.502066Z,KXBTC15M-26OCT050130-30,0.8700,4.99,no
2026-10-05T05:29:06.502066Z,KXBTC15M-26OCT050130-30,0.8700,0.01,no
2026-10-05T05:29:06.509668Z,KXBTC15M-26OCT050130-30,0.8700,0.01,no
2026-10-05T05:29:06.509668Z,KXBTC15M-26OCT050130-30,0.8700,4.99,no
2026-10-05T05:29:06.509668Z,KXBTC15M-26OCT050130-30,0.8700,2.01,no
2026-10-05T05:29:06.509668Z,KXBTC15M-26OCT050130-30,0.8600,6.16,no
2026-10-05T05:29:06.520174Z,KXBTC15M-26OCT050130-30,0.8800,1.12,yes
2026-10-05T05:29:06.526898Z,KXBTC15M-26OCT050130-30,0.8700,7.00,no
2026-10-05T05:29:06.526898Z,KXBTC15M-26OCT050130-30,0.8700,0.01,no
2026-10-05T05:29:06.526898Z,KXBTC15M-26OCT050130-30,0.8600,0.01,no
2026-10-05T05:29:06.526898Z,KXBTC15M-26OCT050130-30,0.8600,10.00,no
2026-10-05T05:29:06.526898Z,KXBTC15M-26OCT050130-30,0.8700,107.00,no
2026-10-05T05:29:06.526898Z,KXBTC15M-26OCT050130-30,0.8700,0.01,no
2026-10-05T05:29:06.526898Z,KXBTC15M-26OCT050130-30,0.8600,756.07,no
2026-10-05T05:29:06.526898Z,KXBTC15M-26OCT050130-30,0.8600,380.95,no
2026-10-05T05:29:06.538167Z,KXBTC15M-26OCT050130-30,0.8700,35.03,yes
2026-10-05T05:29:06.556027Z,KXBTC15M-26OCT050130-30,0.8700,32.00,yes
2026-10-05T05:29:06.562532Z,KXBTC15M-26OCT050130-30,0.8700,4.55,yes
2026-10-05T05:29:06.575696Z,KXBTC15M-26OCT050130-30,0.8700,16.72,yes
2026-10-05T05:29:06.655727Z,KXBTC15M-26OCT050130-30,0.8700,5.51,yes
2026-10-05T05:29:06.655737Z,KXBTC15M-26OCT050130-30,0.8700,109.20,yes
2026-10-05T05:29:06.686167Z,KXBTC15M-26OCT050130-30,0.8700,0.01,yes
2026-10-05T05:29:06.686167Z,KXBTC15M-26OCT050130-30,0.8800,661.69,yes
2026-10-05T05:29:06.686167Z,KXBTC15M-26OCT050130-30,0.8700,375.29,yes
2026-10-05T05:29:06.686167Z,KXBTC15M-26OCT050130-30,0.8700,0.01,yes
2026-10-05T05:29:06.689634Z,KXBTC15M-26OCT050130-30,0.8900,1.59,yes
2026-10-05T05:29:06.690437Z,KXBTC15M-26OCT050130-30,0.8900,75.08,yes
2026-10-05T05:29:06.712648Z,KXBTC15M-26OCT050130-30,0.8800,27.79,no
2026-10-05T05:29:06.71513Z,KXBTC15M-26OCT050130-30,0.8800,18.94,no
2026-10-05T05:29:06.717473Z,KXBTC15M-26OCT050130-30,0.8900,0.01,yes
2026-10-05T05:29:06.717473Z,KXBTC15M-26OCT050130-30,0.8900,0.01,yes
2026-10-05T05:29:06.717473Z,KXBTC15M-26OCT050130-30,0.9030,0.98,yes
2026-10-05T05:29:06.731739Z,KXBTC15M-26OCT050130-30,0.8900,48.29,no
2026-10-05T05:29:06.742964Z,KXBTC15M-26OCT050130-30,0.8900,6.50,no
2026-10-05T05:29:06.750363Z,KXBTC15M-26OCT050130-30,0.9000,10.92,yes
2026-10-05T05:29:06.754828Z,KXBTC15M-26OCT050130-30,0.9000,5.51,yes
2026-10-05T05:29:06.780819Z,KXBTC15M-26OCT050130-30,0.9000,3.27,yes
2026-10-05T05:29:06.783295Z,KXBTC15M-26OCT050130-30,0.9000,0.15,yes
2026-10-05T05:29:06.81201Z,KXBTC15M-26OCT050130-30,0.8900,29.62,no
2026-10-05T05:29:06.815298Z,KXBTC15M-26OCT050130-30,0.9000,35.41,yes
2026-10-05T05:29:06.816125Z,KXBTC15M-26OCT050130-30,0.9000,1.53,yes
2026-10-05T05:29:06.838107Z,KXBTC15M-26OCT050130-30,0.8900,1.00,no
2026-10-05T05:29:06.838107Z,KXBTC15M-26OCT050130-30,0.8900,0.01,no
2026-10-05T05:29:06.838107Z,KXBTC15M-26OCT050130-30,0.8900,0.01,no
2026-10-05T05:29:06.838107Z,KXBTC15M-26OCT050130-30,0.8800,85.98,no
2026-10-05T05:29:06.859449Z,KXBTC15M-26OCT050130-30,0.8900,33.48,yes
2026-10-05T05:29:06.878891Z,KXBTC15M-26OCT050130-30,0.8900,14.41,yes
2026-10-05T05:29:06.891686Z,KXBTC15M-26OCT050130-30,0.8900,87.36,yes
2026-10-05T05:29:06.894939Z,KXBTC15M-26OCT050130-30,0.8800,7.25,no
2026-10-05T05:29:06.906734Z,KXBTC15M-26OCT050130-30,0.8900,2.18,yes
2026-10-05T05:29:06.915906Z,KXBTC15M-26OCT050130-30,0.8900,0.90,yes
2026-10-05T05:29:06.94626Z,KXBTC15M-26OCT050130-30,0.8900,2.22,yes
2026-10-05T05:29:06.96409Z,KXBTC15M-26OCT050130-30,0.8900,9.45,yes
2026-10-05T05:29:06.96409Z,KXBTC15M-26OCT050130-30,0.8900,57.19,yes
2026-10-05T05:29:06.966854Z,KXBTC15M-26OCT050130-30,0.8800,100.00,no
2026-10-05T05:29:06.973028Z,KXBTC15M-26OCT050130-30,0.8900,20.00,yes
2026-10-05T05:29:06.974598Z,KXBTC15M-26OCT050130-30,0.8900,5.46,yes
2026-10-05T05:29:06.980768Z,KXBTC15M-26OCT050130-30,0.8800,0.72,no
2026-10-05T05:29:07.004856Z,KXBTC15M-26OCT050130-30,0.8900,11.18,yes
2026-10-05T05:29:07.027274Z,KXBTC15M-26OCT050130-30,0.8900,82.00,yes
2026-10-05T05:29:07.027274Z,KXBTC15M-26OCT050130-30,0.9050,15.00,yes
2026-10-05T05:29:07.027274Z,KXBTC15M-26OCT050130-30,0.9130,1047.00,yes
2026-10-05T05:29:07.027274Z,KXBTC15M-26OCT050130-30,0.9220,1047.00,yes
2026-10-05T05:29:07.027274Z,KXBTC15M-26OCT050130-30,0.9110,1047.00,yes
2026-10-05T05:29:07.027274Z,KXBTC15M-26OCT050130-30,0.9050,15.00,yes
2026-10-05T05:29:07.027274Z,KXBTC15M-26OCT050130-30,0.8900,56.17,yes
2026-10-05T05:29:07.027274Z,KXBTC15M-26OCT050130-30,0.9100,0.30,yes
2026-10-05T05:29:07.027274Z,KXBTC15M-26OCT050130-30,0.9000,1047.00,yes
2026-10-05T05:29:07.027274Z,KXBTC15M-26OCT050130-30,0.8900,185.00,yes
2026-10-05T05:29:07.027274Z,KXBTC15M-26OCT050130-30,0.9050,93.75,yes
2026-10-05T05:29:07.027274Z,KXBTC15M-26OCT050130-30,0.9030,1047.00,yes
2026-10-05T05:29:07.027274Z,KXBTC15M-26OCT050130-30,0.8900,3141.00,yes
2026-10-05T05:29:07.027274Z,KXBTC15M-26OCT050130-30,0.8900,150.00,yes
2026-10-05T05:29:07.027274Z,KXBTC15M-26OCT050130-30,0.9320,555.25,yes
2026-10-05T05:29:07.027274Z,KXBTC15M-26OCT050130-30,0.9060,1047.00,yes
2026-10-05T05:29:07.027274Z,KXBTC15M-26OCT050130-30,0.9160,85.00,yes
2026-10-05T05:29:07.027274Z,KXBTC15M-26OCT050130-30,0.9000,1.00,yes
2026-10-05T05:29:07.027274Z,KXBTC15M-26OCT050130-30,0.8900,5.00,yes
2026-10-05T05:29:07.027274Z,KXBTC15M-26OCT050130-30,0.8900,150.00,yes
2026-10-05T05:29:07.027274Z,KXBTC15M-26OCT050130-30,0.9090,1047.00,yes
2026-10-05T05:29:07.027274Z,KXBTC15M-26OCT050130-30,0.9020,1.00,yes
2026-10-05T05:29:07.027274Z,KXBTC15M-26OCT050130-30,0.9190,1047.00,yes
2026-10-05T05:29:07.027274Z,KXBTC15M-26OCT050130-30,0.9050,64.00,yes
2026-10-05T05:29:07.027274Z,KXBTC15M-26OCT050130-30,0.8900,150.00,yes
2026-10-05T05:29:07.027274Z,KXBTC15M-26OCT050130-30,0.9050,64.00,yes
2026-10-05T05:29:07.027274Z,KXBTC15M-26OCT050130-30,0.8900,0.01,yes
2026-10-05T05:29:07.027274Z,KXBTC15M-26OCT050130-30,0.9300,25.00,yes
2026-10-05T05:29:07.027274Z,KXBTC15M-26OCT050130-30,0.9110,51.00,yes
2026-10-05T05:29:07.027274Z,KXBTC15M-26OCT050130-30,0.9160,1047.00,yes
2026-10-05T05:29:07.027274Z,KXBTC15M-26OCT050130-30,0.8900,150.00,yes
2026-10-05T05:29:07.027274Z,KXBTC15M-26OCT050130-30,0.9050,93.75,yes
2026-10-05T05:29:07.027274Z,KXBTC15M-26OCT050130-30,0.9190,1614.00,yes
2026-10-05T05:29:07.027274Z,KXBTC15M-26OCT050130-30,0.9170,1.00,yes
2026-10-05T05:29:07.027274Z,KXBTC15M-26OCT050130-30,0.8900,150.00,yes
2026-10-05T05:29:07.027274Z,KXBTC15M-26OCT050130-30,0.8900,0.01,yes
2026-10-05T05:29:07.027274Z,KXBTC15M-26OCT050130-30,0.9250,1047.00,yes
2026-10-05T05:29:07.027274Z,KXBTC15M-26OCT050130-30,0.9290,1047.00,yes
2026-10-05T05:29:07.027274Z,KXBTC15M-26OCT050130-30,0.9170,9.00,yes
2026-10-05T05:29:07.027274Z,KXBTC15M-26OCT050130-30,0.9300,0.60,yes
2026-10-05T05:29:07.027274Z,KXBTC15M-26OCT050130-30,0.9200,12.00,yes
2026-10-05T05:29:07.027274Z,KXBTC15M-26OCT050130-30,0.9200,1899.00,yes
2026-10-05T05:29:07.027274Z,KXBTC15M-26OCT050130-30,0.9300,17.01,yes
2026-10-05T05:29:07.027274Z,KXBTC15M-26OCT050130-30,0.9200,62.00,yes
2026-10-05T05:29:07.027274Z,KXBTC15M-26OCT050130-30,0.9300,71.00,yes
2026-10-05T05:29:07.027274Z,KXBTC15M-26OCT050130-30,0.9300,11.99,yes
2026-10-05T05:29:07.027274Z,KXBTC15M-26OCT050130-30,0.9200,5.04,yes
2026-10-05T05:29:07.027274Z,KXBTC15M-26OCT050130-30,0.9300,2.00,yes
2026-10-05T05:29:07.027274Z,KXBTC15M-26OCT050130-30,0.9200,2.00,yes
2026-10-05T05:29:07.027274Z,KXBTC15M-26OCT050130-30,0.9200,39.39,yes
2026-10-05T05:29:07.027274Z,KXBTC15M-26OCT050130-30,0.9300,21.55,yes
2026-10-05T05:29:07.027274Z,KXBTC15M-26OCT050130-30,0.9200,1.06,yes
2026-10-05T05:29:07.027274Z,KXBTC15M-26OCT050130-30,0.9300,10.25,yes
2026-10-05T05:29:07.027274Z,KXBTC15M-26OCT050130-30,0.9300,5.00,yes
2026-10-05T05:29:07.027274Z,KXBTC15M-26OCT050130-30,0.9110,1.00,yes
2026-10-05T05:29:07.027274Z,KXBTC15M-26OCT050130-30,0.9320,1.00,yes
2026-10-05T05:29:07.027274Z,KXBTC15M-26OCT050130-30,0.9230,1.00,yes
2026-10-05T05:29:07.027274Z,KXBTC15M-26OCT050130-30,0.9250,1.00,yes
2026-10-05T05:29:07.027274Z,KXBTC15M-26OCT050130-30,0.9270,1.00,yes
2026-10-05T05:29:07.027274Z,KXBTC15M-26OCT050130-30,0.9140,1.00,yes
2026-10-05T05:29:07.027274Z,KXBTC15M-26OCT050130-30,0.9150,1.00,yes
2026-10-05T05:29:07.027274Z,KXBTC15M-26OCT050130-30,0.9190,1.00,yes
2026-10-05T05:29:07.027274Z,KXBTC15M-26OCT050130-30,0.9280,1.00,yes
2026-10-05T05:29:07.027274Z,KXBTC15M-26OCT050130-30,0.9130,1.00,yes
2026-10-05T05:29:07.027274Z,KXBTC15M-26OCT050130-30,0.9220,1.00,yes
2026-10-05T05:29:07.027274Z,KXBTC15M-26OCT050130-30,0.9210,1.00,yes
2026-10-05T05:29:07.027274Z,KXBTC15M-26OCT050130-30,0.9160,1.00,yes
2026-10-05T05:29:07.027274Z,KXBTC15M-26OCT050130-30,0.9240,1.00,yes
2026-10-05T05:29:07.027274Z,KXBTC15M-26OCT050130-30,0.9260,1.00,yes
2026-10-05T05:29:07.027274Z,KXBTC15M-26OCT050130-30,0.9170,1.00,yes
2026-10-05T05:29:07.027274Z,KXBTC15M-26OCT050130-30,0.9200,1.00,yes
2026-10-05T05:29:07.027274Z,KXBTC15M-26OCT050130-30,0.9180,1.00,yes
2026-10-05T05:29:07.027274Z,KXBTC15M-26OCT050130-30,0.9310,1.00,yes
2026-10-05T05:29:07.027274Z,KXBTC15M-26OCT050130-30,0.9300,1.00,yes
2026-10-05T05:29:07.027274Z,KXBTC15M-26OCT050130-30,0.9120,1.00,yes
2026-10-05T05:29:07.027274Z,KXBTC15M-26OCT050130-30,0.9290,1.00,yes
2026-10-05T05:29:07.027274Z,KXBTC15M-26OCT050130-30,0.9200,1.32,yes
2026-10-05T05:29:07.027274Z,KXBTC15M-26OCT050130-30,0.9200,100.00,yes
2026-10-05T05:29:07.027274Z,KXBTC15M-26OCT050130-30,0.9200,4.02,yes
2026-10-05T05:29:07.027274Z,KXBTC15M-26OCT050130-30,0.9200,1.00,yes
2026-10-05T05:29:07.038609Z,KXBTC15M-26OCT050130-30,0.9310,19.76,no
2026-10-05T05:29:07.04042Z,KXBTC15M-26OCT050130-30,0.9310,92.00,no
2026-10-05T05:29:07.040683Z,KXBTC15M-26OCT050130-30,0.9310,45.00,no
2026-10-05T05:29:07.050558Z,KXBTC15M-26OCT050130-30,0.9310,2984.24,no
2026-10-05T05:29:07.052992Z,KXBTC15M-26OCT050130-30,0.9310,0.01,no
2026-10-05T05:29:07.053797Z,KXBTC15M-26OCT050130-30,0.9290,26.67,no
2026-10-05T05:29:07.053797Z,KXBTC15M-26OCT050130-30,0.9310,0.01,no
2026-10-05T05:29:07.053797Z,KXBTC15M-26OCT050130-30,0.9300,7.00,no
2026-10-05T05:29:07.062886Z,KXBTC15M-26OCT050130-30,0.9320,220.00,no
2026-10-05T05:29:07.065774Z,KXBTC15M-26OCT050130-30,0.9320,85.83,no
2026-10-05T05:29:07.081308Z,KXBTC15M-26OCT050130-30,0.9310,0.01,no
2026-10-05T05:29:07.081308Z,KXBTC15M-26OCT050130-30,0.9320,0.01,no
2026-10-05T05:29:07.081308Z,KXBTC15M-26OCT050130-30,0.9300,0.01,no
2026-10-05T05:29:07.081308Z,KXBTC15M-26OCT050130-30,0.9320,2835.17,no
2026-10-05T05:29:07.081308Z,KXBTC15M-26OCT050130-30,0.9320,275.01,no
2026-10-05T05:29:07.081308Z,KXBTC15M-26OCT050130-30,0.9310,143.21,no
2026-10-05T05:29:07.081308Z,KXBTC15M-26OCT050130-30,0.9320,0.01,no
2026-10-05T05:29:07.082755Z,KXBTC15M-26OCT050130-30,0.9260,7.00,no
2026-10-05T05:29:07.09625Z,KXBTC15M-26OCT050130-30,0.8800,7.00,no
2026-10-05T05:29:07.09625Z,KXBTC15M-26OCT050130-30,0.8800,0.01,no
2026-10-05T05:29:07.09625Z,KXBTC15M-26OCT050130-30,0.8600,34.59,no
2026-10-05T05:29:07.114632Z,KXBTC15M-26OCT050130-30,0.8600,7.46,no
2026-10-05T05:29:07.117349Z,KXBTC15M-26OCT050130-30,0.8700,4.01,yes
2026-10-05T05:29:07.122857Z,KXBTC15M-26OCT050130-30,0.8700,98.99,yes
2026-10-05T05:29:07.126471Z,KXBTC15M-26OCT050130-30,0.8700,5.63,yes
2026-10-05T05:29:07.129462Z,KXBTC15M-26OCT050130-30,0.8700,329.98,yes
2026-10-05T05:29:07.129513Z,KXBTC15M-26OCT050130-30,0.8600,3.36,no
2026-10-05T05:29:07.13966Z,KXBTC15M-26OCT050130-30,0.8700,11.03,yes
2026-10-05T05:29:07.145854Z,KXBTC15M-26OCT050130-30,0.8700,11.22,yes
2026-10-05T05:29:07.156983Z,KXBTC15M-26OCT050130-30,0.8700,0.01,yes
2026-10-05T05:29:07.176607Z,KXBTC15M-26OCT050130-30,0.8700,0.01,yes
2026-10-05T05:29:07.176607Z,KXBTC15M-26OCT050130-30,0.8700,1.68,yes
2026-10-05T05:29:07.176607Z,KXBTC15M-26OCT050130-30,0.8700,0.01,yes
2026-10-05T05:29:07.180932Z,KXBTC15M-26OCT050130-30,0.8700,11.15,yes
2026-10-05T05:29:07.18285Z,KXBTC15M-26OCT050130-30,0.8700,22.46,yes
2026-10-05T05:29:07.187309Z,KXBTC15M-26OCT050130-30,0.8600,0.01,no
2026-10-05T05:29:07.187309Z,KXBTC15M-26OCT050130-30,0.8600,0.01,no
2026-10-05T05:29:07.187309Z,KXBTC15M-26OCT050130-30,0.8600,984.59,no
2026-10-05T05:29:07.187309Z,KXBTC15M-26OCT050130-30,0.8600,10.00,no
2026-10-05T05:29:07.187309Z,KXBTC15M-26OCT050130-30,0.8600,9.39,no
2026-10-05T05:29:07.189789Z,KXBTC15M-26OCT050130-30,0.8700,11.03,yes
2026-10-05T05:29:07.207199Z,KXBTC15M-26OCT050130-30,0.8700,1.93,yes
2026-10-05T05:29:07.211317Z,KXBTC15M-26OCT050130-30,0.8600,0.01,no
2026-10-05T05:29:07.211317Z,KXBTC15M-26OCT050130-30,0.8600,0.01,no
2026-10-05T05:29:07.211317Z,KXBTC15M-26OCT050130-30,0.8600,27.38,no
2026-10-05T05:29:07.218463Z,KXBTC15M-26OCT050130-30,0.8700,1.26,yes
2026-10-05T05:29:07.226415Z,KXBTC15M-26OCT050130-30,0.8700,0.05,yes
2026-10-05T05:29:07.228193Z,KXBTC15M-26OCT050130-30,0.8700,11.39,yes
2026-10-05T05:29:07.234326Z,KXBTC15M-26OCT050130-30,0.8700,50.16,yes
2026-10-05T05:29:07.245619Z,KXBTC15M-26OCT050130-30,0.8600,24.66,no
2026-10-05T05:29:07.262762Z,KXBTC15M-26OCT050130-30,0.8700,6.55,yes
2026-10-05T05:29:07.273512Z,KXBTC15M-26OCT050130-30,0.8700,23.92,yes
2026-10-05T05:29:07.283273Z,KXBTC15M-26OCT050130-30,0.8700,70.23,yes
2026-10-05T05:29:07.294046Z,KXBTC15M-26OCT050130-30,0.8600,119.96,no
2026-10-05T05:29:07.301435Z,KXBTC15M-26OCT050130-30,0.8700,56.34,yes
2026-10-05T05:29:07.311536Z,KXBTC15M-26OCT050130-30,0.8700,64.67,yes
2026-10-05T05:29:07.311654Z,KXBTC15M-26OCT050130-30,0.8700,11.08,yes
2026-10-05T05:29:07.31765Z,KXBTC15M-26OCT050130-30,0.8700,1.09,yes
2026-10-05T05:29:07.336123Z,KXBTC15M-26OCT050130-30,0.8600,81.45,no
2026-10-05T05:29:07.337754Z,KXBTC15M-26OCT050130-30,0.8600,80.81,no
2026-10-05T05:29:07.339719Z,KXBTC15M-26OCT050130-30,0.8600,112.04,no
2026-10-05T05:29:07.359723Z,KXBTC15M-26OCT050130-30,0.8700,11.15,yes
2026-10-05T05:29:07.368475Z,KXBTC15M-26OCT050130-30,0.8600,1.00,no
2026-10-05T05:29:07.389629Z,KXBTC15M-26OCT050130-30,0.8700,61.32,yes
2026-10-05T05:29:07.390849Z,KXBTC15M-26OCT050130-30,0.8600,156.41,no
2026-10-05T05:29:07.391256Z,KXBTC15M-26OCT050130-30,0.8600,1.42,no
2026-10-05T05:29:07.402224Z,KXBTC15M-26OCT050130-30,0.8700,11.15,yes
2026-10-05T05:29:07.412647Z,KXBTC15M-26OCT050130-30,0.8700,54.00,yes
2026-10-05T05:29:07.415469Z,KXBTC15M-26OCT050130-30,0.8700,0.01,yes
2026-10-05T05:29:07.415469Z,KXBTC15M-26OCT050130-30,0.8700,0.01,yes
2026-10-05T05:29:07.415469Z,KXBTC15M-26OCT050130-30,0.8700,1.00,yes
2026-10-05T05:29:07.415469Z,KXBTC15M-26OCT050130-30,0.8700,1.01,yes
2026-10-05T05:29:07.415469Z,KXBTC15M-26OCT050130-30,0.8700,80.00,yes
2026-10-05T05:29:07.415469Z,KXBTC15M-26OCT050130-30,0.8700,95.00,yes
2026-10-05T05:29:07.415469Z,KXBTC15M-26OCT050130-30,0.8700,7.68,yes
2026-10-05T05:29:07.415469Z,KXBTC15M-26OCT050130-30,0.8700,1.00,yes
2026-10-05T05:29:07.417859Z,KXBTC15M-26OCT050130-30,0.8700,20.00,no
2026-10-05T05:29:07.42113Z,KXBTC15M-26OCT050130-30,0.8800,74.00,no
2026-10-05T05:29:07.426328Z,KXBTC15M-26OCT050130-30,0.8900,8.81,yes
2026-10-05T05:29:07.428496Z,KXBTC15M-26OCT050130-30,0.8800,416.66,no
2026-10-05T05:29:07.43596Z,KXBTC15M-26OCT050130-30,0.8900,38.83,yes
2026-10-05T05:29:07.446814Z,KXBTC15M-26OCT050130-30,0.8800,6.03,no
2026-10-05T05:29:07.458429Z,KXBTC15M-26OCT050130-30,0.8900,130.96,yes
2026-10-05T05:29:07.466358Z,KXBTC15M-26OCT050130-30,0.8800,27.39,no
2026-10-05T05:29:07.47286Z,KXBTC15M-26OCT050130-30,0.8900,22.32,yes
2026-10-05T05:29:07.495615Z,KXBTC15M-26OCT050130-30,0.8800,10.51,no
2026-10-05T05:29:07.52753Z,KXBTC15M-26OCT050130-30,0.8900,39.54,yes
2026-10-05T05:29:07.531609Z,KXBTC15M-26OCT050130-30,0.8900,96.48,yes
2026-10-05T05:29:07.552144Z,KXBTC15M-26OCT050130-30,0.8900,13.64,yes
2026-10-05T05:29:07.560431Z,KXBTC15M-26OCT050130-30,0.8900,28.68,yes
2026-10-05T05:29:07.56535Z,KXBTC15M-26OCT050130-30,0.8900,40.19,yes
2026-10-05T05:29:07.568679Z,KXBTC15M-26OCT050130-30,0.8800,0.83,no
2026-10-05T05:29:07.574154Z,KXBTC15M-26OCT050130-30,0.8900,2.22,yes
2026-10-05T05:29:07.574441Z,KXBTC15M-26OCT050130-30,0.8900,15.71,yes
2026-10-05T05:29:07.578286Z,KXBTC15M-26OCT050130-30,0.8800,7.84,no
2026-10-05T05:29:07.579363Z,KXBTC15M-26OCT050130-30,0.8800,36.94,no
2026-10-05T05:29:07.583978Z,KXBTC15M-26OCT050130-30,0.8900,0.42,yes
2026-10-05T05:29:07.586531Z,KXBTC15M-26OCT050130-30,0.8900,0.01,yes
2026-10-05T05:29:07.586531Z,KXBTC15M-26OCT050130-30,0.8900,62.20,yes
2026-10-05T05:29:07.586531Z,KXBTC15M-26OCT050130-30,0.8900,0.01,yes
2026-10-05T05:29:07.586531Z,KXBTC15M-26OCT050130-30,0.8900,185.00,yes
2026-10-05T05:29:07.586531Z,KXBTC15M-26OCT050130-30,0.8900,46.61,yes
2026-10-05T05:29:07.593549Z,KXBTC15M-26OCT050130-30,0.8800,80.00,no
2026-10-05T05:29:07.599549Z,KXBTC15M-26OCT050130-30,0.8900,22.32,yes
2026-10-05T05:29:07.603745Z,KXBTC15M-26OCT050130-30,0.8900,4.68,yes
2026-10-05T05:29:07.612924Z,KXBTC15M-26OCT050130-30,0.8800,35.17,no
2026-10-05T05:29:07.630591Z,KXBTC15M-26OCT050130-30,0.8900,0.01,yes
2026-10-05T05:29:07.630591Z,KXBTC15M-26OCT050130-30,0.8900,185.00,yes
2026-10-05T05:29:07.630591Z,KXBTC15M-26OCT050130-30,0.8900,110.00,yes
2026-10-05T05:29:07.630591Z,KXBTC15M-26OCT050130-30,0.8900,0.01,yes
2026-10-05T05:29:07.630591Z,KXBTC15M-26OCT050130-30,0.8900,336.39,yes
2026-10-05T05:29:07.6337Z,KXBTC15M-26OCT050130-30,0.9030,500.00,yes
2026-10-05T05:29:07.6337Z,KXBTC15M-26OCT050130-30,0.9010,5.00,yes
2026-10-05T05:29:07.634716Z,KXBTC15M-26OCT050130-30,0.9160,1.00,yes
2026-10-05T05:29:07.637846Z,KXBTC15M-26OCT050130-30,0.9100,0.02,yes
2026-10-05T05:29:07.63788Z,KXBTC15M-26OCT050130-30,0.9100,0.02,yes
2026-10-05T05:29:07.638308Z,KXBTC15M-26OCT050130-30,0.9100,100.00,yes
2026-10-05T05:29:07.638308Z,KXBTC15M-26OCT050130-30,0.9100,49.96,yes
2026-10-05T05:29:07.639536Z,KXBTC15M-26OCT050130-30,0.9200,14.00,yes
2026-10-05T05:29:07.639538Z,KXBTC15M-26OCT050130-30,0.9200,7.00,yes
2026-10-05T05:29:07.641119Z,KXBTC15M-26OCT050130-30,0.9300,500.00,yes
2026-10-05T05:29:07.641119Z,KXBTC15M-26OCT050130-30,0.9300,25.00,yes
2026-10-05T05:29:07.641119Z,KXBTC15M-26OCT050130-30,0.9200,29.00,yes
2026-10-05T05:29:07.64179Z,KXBTC15M-26OCT050130-30,0.9330,10.00,yes
2026-10-05T05:29:07.64179Z,KXBTC15M-26OCT050130-30,0.9330,10.00,yes
2026-10-05T05:29:07.64179Z,KXBTC15M-26OCT050130-30,0.9330,1.00,yes
2026-10-05T05:29:07.64179Z,KXBTC15M-26OCT050130-30,0.9340,1.00,yes
2026-10-05T05:29:07.64179Z,KXBTC15M-26OCT050130-30,0.9350,1.00,yes
2026-10-05T05:29:07.643557Z,KXBTC15M-26OCT050130-30,0.9400,500.00,yes
2026-10-05T05:29:07.643557Z,KXBTC15M-26OCT050130-30,0.9400,25.00,yes
2026-10-05T05:29:07.643557Z,KXBTC15M-26OCT050130-30,0.9390,102.00,yes
2026-10-05T05:29:07.643557Z,KXBTC15M-26OCT050130-30,0.9370,10.00,yes
2026-10-05T05:29:07.643557Z,KXBTC15M-26OCT050130-30,0.9400,33.17,yes
2026-10-05T05:29:07.643557Z,KXBTC15M-26OCT050130-30,0.9400,16.21,yes
2026-10-05T05:29:07.643557Z,KXBTC15M-26OCT050130-30,0.9400,6.52,yes
2026-10-05T05:29:07.643557Z,KXBTC15M-26OCT050130-30,0.9400,83.00,yes
2026-10-05T05:29:07.643557Z,KXBTC15M-26OCT050130-30,0.9400,1.06,yes
2026-10-05T05:29:07.643557Z,KXBTC15M-26OCT050130-30,0.9400,2.00,yes
2026-10-05T05:29:07.643557Z,KXBTC15M-26OCT050130-30,0.9400,25.22,yes
2026-10-05T05:29:07.643557Z,KXBTC15M-26OCT050130-30,0.9400,25.00,yes
2026-10-05T05:29:07.643557Z,KXBTC15M-26OCT050130-30,0.9390,1.00,yes
2026-10-05T05:29:07.643557Z,KXBTC15M-26OCT050130-30,0.9400,1.00,yes
2026-10-05T05:29:07.643557Z,KXBTC15M-26OCT050130-30,0.9410,1.00,yes
2026-10-05T05:29:07.643557Z,KXBTC15M-26OCT050130-30,0.9380,1.00,yes
2026-10-05T05:29:07.643557Z,KXBTC15M-26OCT050130-30,0.9370,1.00,yes
2026-10-05T05:29:07.643557Z,KXBTC15M-26OCT050130-30,0.9360,1.00,yes
2026-10-05T05:29:07.643557Z,KXBTC15M-26OCT050130-30,0.9400,100.00,yes
2026-10-05T05:29:07.643557Z,KXBTC15M-26OCT050130-30,0.9400,1.00,yes
2026-10-05T05:29:07.643557Z,KXBTC15M-26OCT050130-30,0.9400,427.96,yes
2026-10-05T05:29:07.644501Z,KXBTC15M-26OCT050130-30,0.9450,0.35,yes
2026-10-05T05:29:07.644501Z,KXBTC15M-26OCT050130-30,0.9440,1.00,yes
2026-10-05T05:29:07.644501Z,KXBTC15M-26OCT050130-30,0.9430,1.00,yes
2026-10-05T05:29:07.644501Z,KXBTC15M-26OCT050130-30,0.9420,1.00,yes
2026-10-05T05:29:07.644729Z,KXBTC15M-26OCT050130-30,0.9460,5.00,yes
2026-10-05T05:29:07.644729Z,KXBTC15M-26OCT050130-30,0.9470,5.00,yes
2026-10-05T05:29:07.644729Z,KXBTC15M-26OCT050130-30,0.9480,2342.23,yes
2026-10-05T05:29:07.644729Z,KXBTC15M-26OCT050130-30,0.9470,3.00,yes
2026-10-05T05:29:07.644729Z,KXBTC15M-26OCT050130-30,0.9460,1.00,yes
2026-10-05T05:29:07.644729Z,KXBTC15M-26OCT050130-30,0.9480,1.00,yes
2026-10-05T05:29:07.644729Z,KXBTC15M-26OCT050130-30,0.9450,0.65,yes
2026-10-05T05:29:07.644729Z,KXBTC15M-26OCT050130-30,0.9470,1.00,yes
2026-10-05T05:29:07.647865Z,KXBTC15M-26OCT050130-30,0.9480,164.12,yes
2026-10-05T05:29:07.648991Z,KXBTC15M-26OCT050130-30,0.9480,8.65,yes
2026-10-05T05:29:07.648991Z,KXBTC15M-26OCT050130-30,0.9380,8.00,yes
2026-10-05T05:29:07.648991Z,KXBTC15M-26OCT050130-30,0.9500,100.00,yes
2026-10-05T05:29:07.648991Z,KXBTC15M-26OCT050130-30,0.9500,13.29,yes
2026-10-05T05:29:07.648991Z,KXBTC15M-26OCT050130-30,0.9500,25.88,yes
2026-10-05T05:29:07.648991Z,KXBTC15M-26OCT050130-30,0.9500,2.00,yes
2026-10-05T05:29:07.648991Z,KXBTC15M-26OCT050130-30,0.9500,116.91,yes
2026-10-05T05:29:07.648991Z,KXBTC15M-26OCT050130-30,0.9500,25.00,yes
2026-10-05T05:29:07.648991Z,KXBTC15M-26OCT050130-30,0.9500,3.00,yes
2026-10-05T05:29:07.648991Z,KXBTC15M-26OCT050130-30,0.9500,1.00,yes
2026-10-05T05:29:07.648991Z,KXBTC15M-26OCT050130-30,0.9500,6.00,yes
2026-10-05T05:29:07.648991Z,KXBTC15M-26OCT050130-30,0.9500,507.00,yes
2026-10-05T05:29:07.648991Z,KXBTC15M-26OCT050130-30,0.9500,1.00,yes
2026-10-05T05:29:07.648991Z,KXBTC15M-26OCT050130-30,0.9490,1.00,yes
2026-10-05T05:29:07.648991Z,KXBTC15M-26OCT050130-30,0.9500,72.00,yes
2026-10-05T05:29:07.648991Z,KXBTC15M-26OCT050130-30,0.9500,1.00,yes
2026-10-05T05:29:07.648991Z,KXBTC15M-26OCT050130-30,0.9500,15.81,yes
2026-10-05T05:29:07.648991Z,KXBTC15M-26OCT050130-30,0.9500,1.00,yes
2026-10-05T05:29:07.649165Z,KXBTC15M-26OCT050130-30,0.9500,412.65,yes
2026-10-05T05:29:07.649165Z,KXBTC15M-26OCT050130-30,0.9500,188.00,yes
2026-10-05T05:29:07.649165Z,KXBTC15M-26OCT050130-30,0.9500,5.00,yes
2026-10-05T05:29:07.649165Z,KXBTC15M-26OCT050130-30,0.9500,23.99,yes
2026-10-05T05:29:07.649165Z,KXBTC15M-26OCT050130-30,0.9500,100.00,yes
2026-10-05T05:29:07.649165Z,KXBTC15M-26OCT050130-30,0.9500,83.09,yes
2026-10-05T05:29:07.649246Z,KXBTC15M-26OCT050130-30,0.9500,4.80,yes
2026-10-05T05:29:07.650117Z,KXBTC15M-26OCT050130-30,0.9500,1.64,yes
2026-10-05T05:29:07.650906Z,KXBTC15M-26OCT050130-30,0.9500,2.26,yes
2026-10-05T05:29:07.651048Z,KXBTC15M-26OCT050130-30,0.9500,25.00,yes
2026-10-05T05:29:07.651048Z,KXBTC15M-26OCT050130-30,0.9500,86.65,yes
2026-10-05T05:29:07.651048Z,KXBTC15M-26OCT050130-30,0.9510,1.00,yes
2026-10-05T05:29:07.651606Z,KXBTC15M-26OCT050130-30,0.9470,1.74,yes
2026-10-05T05:29:07.652184Z,KXBTC15M-26OCT050130-30,0.9470,6.26,yes
2026-10-05T05:29:07.652184Z,KXBTC15M-26OCT050130-30,0.9530,0.38,yes
2026-10-05T05:29:07.652184Z,KXBTC15M-26OCT050130-30,0.9520,1.00,yes
2026-10-05T05:29:07.652808Z,KXBTC15M-26OCT050130-30,0.9530,0.62,yes
2026-10-05T05:29:07.652808Z,KXBTC15M-26OCT050130-30,0.9550,1.00,yes
2026-10-05T05:29:07.652808Z,KXBTC15M-26OCT050130-30,0.9560,0.33,yes
2026-10-05T05:29:07.652808Z,KXBTC15M-26OCT050130-30,0.9540,1.00,yes
2026-10-05T05:29:07.653245Z,KXBTC15M-26OCT050130-30,0.9570,1.00,yes
2026-10-05T05:29:07.653245Z,KXBTC15M-26OCT050130-30,0.9560,0.67,yes
2026-10-05T05:29:07.653245Z,KXBTC15M-26OCT050130-30,0.9580,18.19,yes
2026-10-05T05:29:07.653896Z,KXBTC15M-26OCT050130-30,0.9570,1.17,yes
2026-10-05T05:29:07.654743Z,KXBTC15M-26OCT050130-30,0.9490,8.00,yes
2026-10-05T05:29:07.654743Z,KXBTC15M-26OCT050130-30,0.9570,1.97,yes
2026-10-05T05:29:07.658257Z,KXBTC15M-26OCT050130-30,0.9570,4.19,yes
2026-10-05T05:29:07.662248Z,KXBTC15M-26OCT050130-30,0.9570,1.67,yes
2026-10-05T05:29:07.662248Z,KXBTC15M-26OCT050130-30,0.9570,0.01,yes
2026-10-05T05:29:07.662248Z,KXBTC15M-26OCT050130-30,0.9580,2.60,yes
2026-10-05T05:29:07.664292Z,KXBTC15M-26OCT050130-30,0.9580,53.00,yes
2026-10-05T05:29:07.664312Z,KXBTC15M-26OCT050130-30,0.9590,59.79,yes
2026-10-05T05:29:07.664312Z,KXBTC15M-26OCT050130-30,0.9580,1.00,yes
2026-10-05T05:29:07.664312Z,KXBTC15M-26OCT050130-30,0.9590,1.00,yes
2026-10-05T05:29:07.664312Z,KXBTC15M-26OCT050130-30,0.9580,37.21,yes
2026-10-05T05:29:07.664351Z,KXBTC15M-26OCT050130-30,0.9590,28.00,yes
2026-10-05T05:29:07.664935Z,KXBTC15M-26OCT050130-30,0.9590,1.00,yes
2026-10-05T05:29:07.664983Z,KXBTC15M-26OCT050130-30,0.9590,4.00,yes
2026-10-05T05:29:07.668019Z,KXBTC15M-26OCT050130-30,0.9570,0.01,yes
2026-10-05T05:29:07.673675Z,KXBTC15M-26OCT050130-30,0.9580,4.45,yes
2026-10-05T05:29:07.681531Z,KXBTC15M-26OCT050130-30,0.9550,206.95,no
2026-10-05T05:29:07.681531Z,KXBTC15M-26OCT050130-30,0.9560,38.93,no
2026-10-05T05:29:07.681531Z,KXBTC15M-26OCT050130-30,0.9570,0.01,no
2026-10-05T05:29:07.681531Z,KXBTC15M-26OCT050130-30,0.9570,0.01,no
2026-10-05T05:29:07.683987Z,KXBTC15M-26OCT050130-30,0.9550,840.05,no
2026-10-05T05:29:07.683987Z,KXBTC15M-26OCT050130-30,0.9510,1047.00,no
2026-10-05T05:29:07.683987Z,KXBTC15M-26OCT050130-30,0.9500,93.75,no
2026-10-05T05:29:07.683987Z,KXBTC15M-26OCT050130-30,0.9500,15.00,no
2026-10-05T05:29:07.683987Z,KXBTC15M-26OCT050130-30,0.9550,93.75,no
2026-10-05T05:29:07.683987Z,KXBTC15M-26OCT050130-30,0.9460,610.00,no
2026-10-05T05:29:07.683987Z,KXBTC15M-26OCT050130-30,0.9550,93.75,no
2026-10-05T05:29:07.683987Z,KXBTC15M-26OCT050130-30,0.9480,1047.00,no
2026-10-05T05:29:07.683987Z,KXBTC15M-26OCT050130-30,0.9550,10.00,no
2026-10-05T05:29:07.683987Z,KXBTC15M-26OCT050130-30,0.9500,15.00,no
2026-10-05T05:29:07.683987Z,KXBTC15M-26OCT050130-30,0.9550,15.00,no
2026-10-05T05:29:07.683987Z,KXBTC15M-26OCT050130-30,0.9500,64.00,no
2026-10-05T05:29:07.683987Z,KXBTC15M-26OCT050130-30,0.9550,0.01,no
2026-10-05T05:29:07.683987Z,KXBTC15M-26OCT050130-30,0.9560,0.01,no
2026-10-05T05:29:07.683987Z,KXBTC15M-26OCT050130-30,0.9450,796.93,no
2026-10-05T05:29:07.683987Z,KXBTC15M-26OCT050130-30,0.9460,155.00,no
2026-10-05T05:29:07.683987Z,KXBTC15M-26OCT050130-30,0.9500,93.75,no
2026-10-05T05:29:07.683987Z,KXBTC15M-26OCT050130-30,0.9520,10.00,no
2026-10-05T05:29:07.694585Z,KXBTC15M-26OCT050130-30,0.9580,0.01,yes
2026-10-05T05:29:07.694585Z,KXBTC15M-26OCT050130-30,0.9580,90.55,yes
2026-10-05T05:29:07.694585Z,KXBTC15M-26OCT050130-30,0.9580,0.01,yes
2026-10-05T05:29:07.729272Z,KXBTC15M-26OCT050130-30,0.9580,0.01,no
2026-10-05T05:29:07.729272Z,KXBTC15M-26OCT050130-30,0.9580,10.00,no
2026-10-05T05:29:07.729272Z,KXBTC15M-26OCT050130-30,0.9570,0.01,no
2026-10-05T05:29:07.729272Z,KXBTC15M-26OCT050130-30,0.9580,0.01,no
2026-10-05T05:29:07.729272Z,KXBTC15M-26OCT050130-30,0.9580,0.01,no
2026-10-05T05:29:07.729665Z,KXBTC15M-26OCT050130-30,0.9590,2.00,yes
2026-10-05T05:29:07.729665Z,KXBTC15M-26OCT050130-30,0.9590,0.01,yes
2026-10-05T05:29:07.729665Z,KXBTC15M-26OCT050130-30,0.9590,0.01,yes
2026-10-05T05:29:07.729665Z,KXBTC15M-26OCT050130-30,0.9590,2.00,yes
2026-10-05T05:29:07.740861Z,KXBTC15M-26OCT050130-30,0.9590,48.47,no
2026-10-05T05:29:07.744347Z,KXBTC15M-26OCT050130-30,0.9590,2.00,no
2026-10-05T05:29:07.748889Z,KXBTC15M-26OCT050130-30,0.9600,115.34,yes
2026-10-05T05:29:07.748889Z,KXBTC15M-26OCT050130-30,0.9600,20.00,yes
2026-10-05T05:29:07.748889Z,KXBTC15M-26OCT050130-30,0.9600,119.96,yes
2026-10-05T05:29:07.748889Z,KXBTC15M-26OCT050130-30,0.9600,100.00,yes
2026-10-05T05:29:07.748889Z,KXBTC15M-26OCT050130-30,0.9600,10.00,yes
2026-10-05T05:29:07.748889Z,KXBTC15M-26OCT050130-30,0.9600,1.00,yes
2026-10-05T05:29:07.748889Z,KXBTC15M-26OCT050130-30,0.9600,111.00,yes
2026-10-05T05:29:07.748889Z,KXBTC15M-26OCT050130-30,0.9600,1.00,yes
2026-10-05T05:29:07.748889Z,KXBTC15M-26OCT050130-30,0.9600,0.70,yes
2026-10-05T05:29:07.748889Z,KXBTC15M-26OCT050130-30,0.9600,1.00,yes
2026-10-05T05:29:07.760143Z,KXBTC15M-26OCT050130-30,0.9590,1.00,no
2026-10-05T05:29:07.760143Z,KXBTC15M-26OCT050130-30,0.9590,0.01,no
2026-10-05T05:29:07.760143Z,KXBTC15M-26OCT050130-30,0.9590,0.01,no
2026-10-05T05:29:07.760143Z,KXBTC15M-26OCT050130-30,0.9590,0.98,no
2026-10-05T05:29:07.762427Z,KXBTC15M-26OCT050130-30,0.9580,0.01,no
2026-10-05T05:29:07.762427Z,KXBTC15M-26OCT050130-30,0.9570,0.28,no
2026-10-05T05:29:07.762427Z,KXBTC15M-26OCT050130-30,0.9590,0.02,no
2026-10-05T05:29:07.762435Z,KXBTC15M-26OCT050130-30,0.9570,1.21,no
2026-10-05T05:29:07.781937Z,KXBTC15M-26OCT050130-30,0.9590,3.40,no
2026-10-05T05:29:07.781937Z,KXBTC15M-26OCT050130-30,0.9590,0.01,no
2026-10-05T05:29:07.781937Z,KXBTC15M-26OCT050130-30,0.9590,0.01,no
2026-10-05T05:29:07.787182Z,KXBTC15M-26OCT050130-30,0.9600,2.00,yes
2026-10-05T05:29:07.800048Z,KXBTC15M-26OCT050130-30,0.9590,0.01,no
2026-10-05T05:29:07.800048Z,KXBTC15M-26OCT050130-30,0.9590,0.01,no
2026-10-05T05:29:07.800048Z,KXBTC15M-26OCT050130-30,0.9560,190.22,no
2026-10-05T05:29:07.800048Z,KXBTC15M-26OCT050130-30,0.9570,6.00,no
2026-10-05T05:29:07.809751Z,KXBTC15M-26OCT050130-30,0.9580,2.00,yes
2026-10-05T05:29:07.823208Z,KXBTC15M-26OCT050130-30,0.9590,2.00,yes
2026-10-05T05:29:07.823208Z,KXBTC15M-26OCT050130-30,0.9600,58.59,yes
2026-10-05T05:29:07.823208Z,KXBTC15M-26OCT050130-30,0.9580,0.01,yes
2026-10-05T05:29:07.823208Z,KXBTC15M-26OCT050130-30,0.9600,0.01,yes
2026-10-05T05:29:07.823208Z,KXBTC15M-26OCT050130-30,0.9580,0.01,yes
2026-10-05T05:29:07.823208Z,KXBTC15M-26OCT050130-30,0.9600,301.52,yes
2026-10-05T05:29:07.823208Z,KXBTC15M-26OCT050130-30,0.9600,5.82,yes
2026-10-05T05:29:07.823208Z,KXBTC15M-26OCT050130-30,0.9600,7.66,yes
2026-10-05T05:29:07.823208Z,KXBTC15M-26OCT050130-30,0.9600,2.00,yes
2026-10-05T05:29:07.823208Z,KXBTC15M-26OCT050130-30,0.9600,20.00,yes
2026-10-05T05:29:07.823208Z,KXBTC15M-26OCT050130-30,0.9600,200.00,yes
2026-10-05T05:29:07.823208Z,KXBTC15M-26OCT050130-30,0.9600,12.29,yes
2026-10-05T05:29:07.823208Z,KXBTC15M-26OCT050130-30,0.9600,0.09,yes
2026-10-05T05:29:07.824323Z,KXBTC15M-26OCT050130-30,0.9600,0.01,yes
2026-10-05T05:29:07.824323Z,KXBTC15M-26OCT050130-30,0.9630,841.58,yes
2026-10-05T05:29:07.824323Z,KXBTC15M-26OCT050130-30,0.9600,5.41,yes
2026-10-05T05:29:07.824323Z,KXBTC15M-26OCT050130-30,0.9610,2.00,yes
2026-10-05T05:29:07.824323Z,KXBTC15M-26OCT050130-30,0.9600,2.00,yes
2026-10-05T05:29:07.824323Z,KXBTC15M-26OCT050130-30,0.9610,1.00,yes
2026-10-05T05:29:07.824323Z,KXBTC15M-26OCT050130-30,0.9620,1.00,yes
2026-10-05T05:29:07.824323Z,KXBTC15M-26OCT050130-30,0.9630,1.00,yes
2026-10-05T05:29:07.831375Z,KXBTC15M-26OCT050130-30,0.9580,150.00,no
2026-10-05T05:29:07.831375Z,KXBTC15M-26OCT050130-30,0.9570,0.01,no
2026-10-05T05:29:07.831375Z,KXBTC15M-26OCT050130-30,0.9580,0.01,no
2026-10-05T05:29:07.831375Z,KXBTC15M-26OCT050130-30,0.9580,0.01,no
2026-10-05T05:29:07.831375Z,KXBTC15M-26OCT050130-30,0.9570,6.00,no
2026-10-05T05:29:07.831375Z,KXBTC15M-26OCT050130-30,0.9570,0.01,no
2026-10-05T05:29:07.831375Z,KXBTC15M-26OCT050130-30,0.9570,38.69,no
2026-10-05T05:29:07.832191Z,KXBTC15M-26OCT050130-30,0.9570,36.61,no
2026-10-05T05:29:07.848914Z,KXBTC15M-26OCT050130-30,0.9570,41.14,no
2026-10-05T05:29:07.861266Z,KXBTC15M-26OCT050130-30,0.9570,6.73,no
2026-10-05T05:29:07.865113Z,KXBTC15M-26OCT050130-30,0.9580,2.03,yes
2026-10-05T05:29:07.869858Z,KXBTC15M-26OCT050130-30,0.9570,3.40,no
2026-10-05T05:29:07.876295Z,KXBTC15M-26OCT050130-30,0.9570,15.69,no
2026-10-05T05:29:07.887531Z,KXBTC15M-26OCT050130-30,0.9570,160.00,no
2026-10-05T05:29:07.887531Z,KXBTC15M-26OCT050130-30,0.9570,217.74,no
2026-10-05T05:29:07.887531Z,KXBTC15M-26OCT050130-30,0.9570,1.00,no
2026-10-05T05:29:07.887531Z,KXBTC15M-26OCT050130-30,0.9570,500.00,no
2026-10-05T05:29:07.887531Z,KXBTC15M-26OCT050130-30,0.9570,1.00,no
2026-10-05T05:29:07.887531Z,KXBTC15M-26OCT050130-30,0.9570,0.01,no
2026-10-05T05:29:07.887531Z,KXBTC15M-26OCT050130-30,0.9570,10.00,no
2026-10-05T05:29:07.887531Z,KXBTC15M-26OCT050130-30,0.9570,0.01,no
2026-10-05T05:29:07.88819Z,KXBTC15M-26OCT050130-30,0.9560,205.00,no
2026-10-05T05:29:07.888784Z,KXBTC15M-26OCT050130-30,0.9540,202.36,no
2026-10-05T05:29:07.888784Z,KXBTC15M-26OCT050130-30,0.9550,3141.00,no
2026-10-05T05:29:07.888784Z,KXBTC15M-26OCT050130-30,0.9550,64.00,no
2026-10-05T05:29:07.889085Z,KXBTC15M-26OCT050130-30,0.9530,29.95,no
2026-10-05T05:29:07.889444Z,KXBTC15M-26OCT050130-30,0.9530,1017.05,no
2026-10-05T05:29:07.889444Z,KXBTC15M-26OCT050130-30,0.9550,15.00,no
2026-10-05T05:29:07.897084Z,KXBTC15M-26OCT050130-30,0.9580,0.01,yes
2026-10-05T05:29:07.897084Z,KXBTC15M-26OCT050130-30,0.9580,0.01,yes
2026-10-05T05:29:07.897084Z,KXBTC15M-26OCT050130-30,0.9580,9.98,yes
2026-10-05T05:29:07.900661Z,KXBTC15M-26OCT050130-30,0.9570,0.01,no
2026-10-05T05:29:07.908247Z,KXBTC15M-26OCT050130-30,0.9520,0.01,no
2026-10-05T05:29:07.908247Z,KXBTC15M-26OCT050130-30,0.9520,0.01,no
2026-10-05T05:29:07.908247Z,KXBTC15M-26OCT050130-30,0.9450,1.60,no
2026-10-05T05:29:07.908247Z,KXBTC15M-26OCT050130-30,0.9560,10.00,no
2026-10-05T05:29:07.908247Z,KXBTC15M-26OCT050130-30,0.9390,45.68,no
2026-10-05T05:29:07.908247Z,KXBTC15M-26OCT050130-30,0.9450,12.19,no
2026-10-05T05:29:07.908247Z,KXBTC15M-26OCT050130-30,0.9500,9.00,no
2026-10-05T05:29:07.929336Z,KXBTC15M-26OCT050130-30,0.9460,68.98,yes
2026-10-05T05:29:07.929336Z,KXBTC15M-26OCT050130-30,0.9450,0.01,yes
2026-10-05T05:29:07.929336Z,KXBTC15M-26OCT050130-30,0.9450,15.00,yes
2026-10-05T05:29:07.929336Z,KXBTC15M-26OCT050130-30,0.9450,0.01,yes
2026-10-05T05:29:07.932704Z,KXBTC15M-26OCT050130-30,0.9460,10.00,yes
2026-10-05T05:29:07.933486Z,KXBTC15M-26OCT050130-30,0.9410,4.00,no
2026-10-05T05:29:07.946394Z,KXBTC15M-26OCT050130-30,0.9450,1.00,no
2026-10-05T05:29:07.946394Z,KXBTC15M-26OCT050130-30,0.9380,338.77,no
2026-10-05T05:29:07.946394Z,KXBTC15M-26OCT050130-30,0.9450,0.01,no
2026-10-05T05:29:07.946394Z,KXBTC15M-26OCT050130-30,0.9450,0.01,no
2026-10-05T05:29:07.946394Z,KXBTC15M-26OCT050130-30,0.9390,7.00,no
2026-10-05T05:29:07.946394Z,KXBTC15M-26OCT050130-30,0.9400,5.00,no
2026-10-05T05:29:07.946394Z,KXBTC15M-26OCT050130-30,0.9420,8.00,no
2026-10-05T05:29:07.946394Z,KXBTC15M-26OCT050130-30,0.9400,45.00,no
2026-10-05T05:29:07.946394Z,KXBTC15M-26OCT050130-30,0.9450,35.00,no
2026-10-05T05:29:07.946394Z,KXBTC15M-26OCT050130-30,0.9410,0.01,no
2026-10-05T05:29:07.946394Z,KXBTC15M-26OCT050130-30,0.9410,0.01,no
2026-10-05T05:29:07.946394Z,KXBTC15M-26OCT050130-30,0.9390,44.00,no
2026-10-05T05:29:07.946394Z,KXBTC15M-26OCT050130-30,0.9410,203.00,no
2026-10-05T05:29:07.94834Z,KXBTC15M-26OCT050130-30,0.9380,9.00,no
2026-10-05T05:29:07.94834Z,KXBTC15M-26OCT050130-30,0.9450,1.00,no
2026-10-05T05:29:07.977738Z,KXBTC15M-26OCT050130-30,0.9380,0.01,no
2026-10-05T05:29:07.977738Z,KXBTC15M-26OCT050130-30,0.9380,33.48,no
2026-10-05T05:29:07.977738Z,KXBTC15M-26OCT050130-30,0.9380,45.00,no
2026-10-05T05:29:07.985781Z,KXBTC15M-26OCT050130-30,0.9420,24.21,yes
2026-10-05T05:29:07.986405Z,KXBTC15M-26OCT050130-30,0.9420,125.79,yes
2026-10-05T05:29:07.986405Z,KXBTC15M-26OCT050130-30,0.9420,72.21,yes
2026-10-05T05:29:07.989698Z,KXBTC15M-26OCT050130-30,0.9390,6.00,yes
2026-10-05T05:29:08.019907Z,KXBTC15M-26OCT050130-30,0.9380,27.68,no
2026-10-05T05:29:08.019907Z,KXBTC15M-26OCT050130-30,0.9380,11.52,no
2026-10-05T05:29:08.019907Z,KXBTC15M-26OCT050130-30,0.9380,0.01,no
2026-10-05T05:29:08.019907Z,KXBTC15M-26OCT050130-30,0.9380,0.01,no
2026-10-05T05:29:08.019907Z,KXBTC15M-26OCT050130-30,0.9410,0.01,no
2026-10-05T05:29:08.019907Z,KXBTC15M-26OCT050130-30,0.9410,0.01,no
2026-10-05T05:29:08.041598Z,KXBTC15M-26OCT050130-30,0.9410,5.20,yes
2026-10-05T05:29:08.04331Z,KXBTC15M-26OCT050130-30,0.9410,10.00,yes
2026-10-05T05:29:08.043465Z,KXBTC15M-26OCT050130-30,0.9410,2.69,yes
2026-10-05T05:29:08.056831Z,KXBTC15M-26OCT050130-30,0.9400,94.78,yes
2026-10-05T05:29:08.064687Z,KXBTC15M-26OCT050130-30,0.9390,7.65,no
2026-10-05T05:29:08.064687Z,KXBTC15M-26OCT050130-30,0.9390,1.00,no
2026-10-05T05:29:08.064687Z,KXBTC15M-26OCT050130-30,0.9390,1.00,no
2026-10-05T05:29:08.064687Z,KXBTC15M-26OCT050130-30,0.9390,0.01,no
2026-10-05T05:29:08.06482Z,KXBTC15M-26OCT050130-30,0.9400,46.00,yes
2026-10-05T05:29:08.081143Z,KXBTC15M-26OCT050130-30,0.9410,0.01,yes
2026-10-05T05:29:08.081143Z,KXBTC15M-26OCT050130-30,0.9400,0.01,yes
2026-10-05T05:29:08.081143Z,KXBTC15M-26OCT050130-30,0.9400,0.01,yes
2026-10-05T05:29:08.081143Z,KXBTC15M-26OCT050130-30,0.9410,0.01,yes
2026-10-05T05:29:08.081143Z,KXBTC15M-26OCT050130-30,0.9420,4.95,yes
2026-10-05T05:29:08.086009Z,KXBTC15M-26OCT050130-30,0.9420,2.10,yes
2026-10-05T05:29:08.086009Z,KXBTC15M-26OCT050130-30,0.9410,0.01,yes
2026-10-05T05:29:08.086009Z,KXBTC15M-26OCT050130-30,0.9420,0.01,yes
2026-10-05T05:29:08.086009Z,KXBTC15M-26OCT050130-30,0.9420,3.05,yes
2026-10-05T05:29:08.086009Z,KXBTC15M-26OCT050130-30,0.9420,0.01,yes
2026-10-05T05:29:08.086637Z,KXBTC15M-26OCT050130-30,0.9390,7.00,no
2026-10-05T05:29:08.086637Z,KXBTC15M-26OCT050130-30,0.9390,0.01,no
2026-10-05T05:29:08.086637Z,KXBTC15M-26OCT050130-30,0.9390,143.35,no
2026-10-05T05:29:08.086637Z,KXBTC15M-26OCT050130-30,0.9390,0.01,no
2026-10-05T05:29:08.086637Z,KXBTC15M-26OCT050130-30,0.9380,149.63,no
2026-10-05T05:29:08.090338Z,KXBTC15M-26OCT050130-30,0.9400,0.01,yes
2026-10-05T05:29:08.090338Z,KXBTC15M-26OCT050130-30,0.9390,150.00,yes
2026-10-05T05:29:08.090338Z,KXBTC15M-26OCT050130-30,0.9420,2.85,yes
2026-10-05T05:29:08.090338Z,KXBTC15M-26OCT050130-30,0.9430,840.14,yes
2026-10-05T05:29:08.091795Z,KXBTC15M-26OCT050130-30,0.9430,72.00,yes
2026-10-05T05:29:08.107483Z,KXBTC15M-26OCT050130-30,0.9390,0.01,yes
2026-10-05T05:29:08.107483Z,KXBTC15M-26OCT050130-30,0.9400,0.01,yes
2026-10-05T05:29:08.107483Z,KXBTC15M-26OCT050130-30,0.9400,0.01,yes
2026-10-05T05:29:08.107483Z,KXBTC15M-26OCT050130-30,0.9390,0.01,yes
2026-10-05T05:29:08.108183Z,KXBTC15M-26OCT050130-30,0.9420,2.85,yes
2026-10-05T05:29:08.108183Z,KXBTC15M-26OCT050130-30,0.9470,8.00,yes
2026-10-05T05:29:08.108183Z,KXBTC15M-26OCT050130-30,0.9470,67.05,yes
2026-10-05T05:29:08.143065Z,KXBTC15M-26OCT050130-30,0.9470,0.01,yes
2026-10-05T05:29:08.143065Z,KXBTC15M-26OCT050130-30,0.9420,0.01,yes
2026-10-05T05:29:08.143065Z,KXBTC15M-26OCT050130-30,0.9420,0.01,yes
2026-10-05T05:29:08.143065Z,KXBTC15M-26OCT050130-30,0.9480,18.66,yes
2026-10-05T05:29:08.148626Z,KXBTC15M-26OCT050130-30,0.9410,50.00,no
2026-10-05T05:29:08.155972Z,KXBTC15M-26OCT050130-30,0.9480,103.87,yes
2026-10-05T05:29:08.162904Z,KXBTC15M-26OCT050130-30,0.9410,23.74,no
2026-10-05T05:29:08.162904Z,KXBTC15M-26OCT050130-30,0.9420,8.00,no
2026-10-05T05:29:08.162904Z,KXBTC15M-26OCT050130-30,0.9420,10.00,no
2026-10-05T05:29:08.162904Z,KXBTC15M-26OCT050130-30,0.9420,0.01,no
2026-10-05T05:29:08.162904Z,KXBTC15M-26OCT050130-30,0.9420,0.01,no
2026-10-05T05:29:08.166743Z,KXBTC15M-26OCT050130-30,0.9420,5.00,yes
2026-10-05T05:29:08.170602Z,KXBTC15M-26OCT050130-30,0.9420,10.38,yes
2026-10-05T05:29:08.177936Z,KXBTC15M-26OCT050130-30,0.9460,41.54,yes
2026-10-05T05:29:08.190066Z,KXBTC15M-26OCT050130-30,0.9460,0.01,yes
2026-10-05T05:29:08.190066Z,KXBTC15M-26OCT050130-30,0.9460,0.01,yes
2026-10-05T05:29:08.190066Z,KXBTC15M-26OCT050130-30,0.9460,10.47,yes
2026-10-05T05:29:08.190066Z,KXBTC15M-26OCT050130-30,0.9450,0.01,yes
2026-10-05T05:29:08.190066Z,KXBTC15M-26OCT050130-30,0.9450,0.01,yes
2026-10-05T05:29:08.190066Z,KXBTC15M-26OCT050130-30,0.9460,41.46,yes
2026-10-05T05:29:08.201294Z,KXBTC15M-26OCT050130-30,0.9460,0.01,yes
2026-10-05T05:29:08.201294Z,KXBTC15M-26OCT050130-30,0.9470,85.00,yes
2026-10-05T05:29:08.201294Z,KXBTC15M-26OCT050130-30,0.9460,0.01,yes
2026-10-05T05:29:08.201294Z,KXBTC15M-26OCT050130-30,0.9470,0.01,yes
2026-10-05T05:29:08.201294Z,KXBTC15M-26OCT050130-30,0.9470,0.01,yes
2026-10-05T05:29:08.201294Z,KXBTC15M-26OCT050130-30,0.9460,72.53,yes
2026-10-05T05:29:08.201294Z,KXBTC15M-26OCT050130-30,0.9480,147.81,yes
2026-10-05T05:29:08.202223Z,KXBTC15M-26OCT050130-30,0.9470,2.00,yes
2026-10-05T05:29:08.202922Z,KXBTC15M-26OCT050130-30,0.9460,0.95,yes
2026-10-05T05:29:08.214479Z,KXBTC15M-26OCT050130-30,0.9460,0.10,yes
2026-10-05T05:29:08.223267Z,KXBTC15M-26OCT050130-30,0.9450,11.11,no
2026-10-05T05:29:08.223267Z,KXBTC15M-26OCT050130-30,0.9430,0.01,no
2026-10-05T05:29:08.223267Z,KXBTC15M-26OCT050130-30,0.9440,90.00,no
2026-10-05T05:29:08.223267Z,KXBTC15M-26OCT050130-30,0.9430,0.01,no
2026-10-05T05:29:08.223267Z,KXBTC15M-26OCT050130-30,0.9450,20.00,no
2026-10-05T05:29:08.223267Z,KXBTC15M-26OCT050130-30,0.9440,0.01,no
2026-10-05T05:29:08.223267Z,KXBTC15M-26OCT050130-30,0.9440,0.01,no
2026-10-05T05:29:08.223267Z,KXBTC15M-26OCT050130-30,0.9430,6.28,no
2026-10-05T05:29:08.223267Z,KXBTC15M-26OCT050130-30,0.9450,41.00,no
2026-10-05T05:29:08.232168Z,KXBTC15M-26OCT050130-30,0.9440,0.01,no
2026-10-05T05:29:08.232168Z,KXBTC15M-26OCT050130-30,0.9430,6.11,no
2026-10-05T05:29:08.260178Z,KXBTC15M-26OCT050130-30,0.9450,63.42,yes
2026-10-05T05:29:08.261434Z,KXBTC15M-26OCT050130-30,0.9450,5.00,yes
2026-10-05T05:29:08.262286Z,KXBTC15M-26OCT050130-30,0.9450,71.78,yes
2026-10-05T05:29:08.269885Z,KXBTC15M-26OCT050130-30,0.9440,0.01,no
2026-10-05T05:29:08.269885Z,KXBTC15M-26OCT050130-30,0.9440,44.71,no
2026-10-05T05:29:08.283337Z,KXBTC15M-26OCT050130-30,0.9440,61.52,no
2026-10-05T05:29:08.311648Z,KXBTC15M-26OCT050130-30,0.9450,0.01,yes
2026-10-05T05:29:08.311648Z,KXBTC15M-26OCT050130-30,0.9460,0.01,yes
2026-10-05T05:29:08.311648Z,KXBTC15M-26OCT050130-30,0.9460,0.01,yes
2026-10-05T05:29:08.311648Z,KXBTC15M-26OCT050130-30,0.9480,26.05,yes
2026-10-05T05:29:08.311648Z,KXBTC15M-26OCT050130-30,0.9450,0.01,yes
2026-10-05T05:29:08.316731Z,KXBTC15M-26OCT050130-30,0.9480,25.96,yes
2026-10-05T05:29:08.325135Z,KXBTC15M-26OCT050130-30,0.9500,50.00,yes
2026-10-05T05:29:08.325135Z,KXBTC15M-26OCT050130-30,0.9460,0.01,yes
2026-10-05T05:29:08.325135Z,KXBTC15M-26OCT050130-30,0.9510,184.00,yes
2026-10-05T05:29:08.325135Z,KXBTC15M-26OCT050130-30,0.9480,34.99,yes
2026-10-05T05:29:08.325135Z,KXBTC15M-26OCT050130-30,0.9510,8.00,yes
2026-10-05T05:29:08.325135Z,KXBTC15M-26OCT050130-30,0.9480,0.01,yes
2026-10-05T05:29:08.325135Z,KXBTC15M-26OCT050130-30,0.9490,88.00,yes
2026-10-05T05:29:08.325135Z,KXBTC15M-26OCT050130-30,0.9500,7.26,yes
2026-10-05T05:29:08.325135Z,KXBTC15M-26OCT050130-30,0.9520,183.78,yes
2026-10-05T05:29:08.334846Z,KXBTC15M-26OCT050130-30,0.9460,7.07,yes
2026-10-05T05:29:08.336441Z,KXBTC15M-26OCT050130-30,0.9450,50.00,no
2026-10-05T05:29:08.336441Z,KXBTC15M-26OCT050130-30,0.9450,8.00,no
2026-10-05T05:29:08.338265Z,KXBTC15M-26OCT050130-30,0.9450,1.60,no
2026-10-05T05:29:08.344401Z,KXBTC15M-26OCT050130-30,0.9460,103.87,yes
2026-10-05T05:29:08.345245Z,KXBTC15M-26OCT050130-30,0.9450,10.67,no
2026-10-05T05:29:08.345245Z,KXBTC15M-26OCT050130-30,0.9450,0.01,no
2026-10-05T05:29:08.345245Z,KXBTC15M-26OCT050130-30,0.9450,0.01,no
2026-10-05T05:29:08.348289Z,KXBTC15M-26OCT050130-30,0.9450,2.46,no
2026-10-05T05:29:08.356673Z,KXBTC15M-26OCT050130-30,0.9450,15.13,no
2026-10-05T05:29:08.364905Z,KXBTC15M-26OCT050130-30,0.9450,13.70,no
2026-10-05T05:29:08.367967Z,KXBTC15M-26OCT050130-30,0.9450,60.03,no
2026-10-05T05:29:08.367991Z,KXBTC15M-26OCT050130-30,0.9450,116.65,no
2026-10-05T05:29:08.368588Z,KXBTC15M-26OCT050130-30,0.9450,0.01,no
2026-10-05T05:29:08.368588Z,KXBTC15M-26OCT050130-30,0.9440,0.01,no
2026-10-05T05:29:08.368588Z,KXBTC15M-26OCT050130-30,0.9450,1.00,no
2026-10-05T05:29:08.368588Z,KXBTC15M-26OCT050130-30,0.9450,0.01,no
2026-10-05T05:29:08.368588Z,KXBTC15M-26OCT050130-30,0.9450,294.49,no
2026-10-05T05:29:08.368588Z,KXBTC15M-26OCT050130-30,0.9440,0.01,no
2026-10-05T05:29:08.368588Z,KXBTC15M-26OCT050130-30,0.9450,1.00,no
2026-10-05T05:29:08.368588Z,KXBTC15M-26OCT050130-30,0.9420,13.70,no
2026-10-05T05:29:08.36901Z,KXBTC15M-26OCT050130-30,0.9420,16.30,no
2026-10-05T05:29:08.36901Z,KXBTC15M-26OCT050130-30,0.9370,9.00,no
2026-10-05T05:29:08.36901Z,KXBTC15M-26OCT050130-30,0.9400,27.96,no
2026-10-05T05:29:08.36901Z,KXBTC15M-26OCT050130-30,0.9370,13.00,no
2026-10-05T05:29:08.36901Z,KXBTC15M-26OCT050130-30,0.9370,1.00,no
2026-10-05T05:29:08.36901Z,KXBTC15M-26OCT050130-30,0.9370,4.00,no
2026-10-05T05:29:08.37018Z,KXBTC15M-26OCT050130-30,0.9350,93.75,no
2026-10-05T05:29:08.37018Z,KXBTC15M-26OCT050130-30,0.9350,15.00,no
2026-10-05T05:29:08.37018Z,KXBTC15M-26OCT050130-30,0.9350,93.75,no
2026-10-05T05:29:08.37018Z,KXBTC15M-26OCT050130-30,0.9350,47.00,no
2026-10-05T05:29:08.370464Z,KXBTC15M-26OCT050130-30,0.9300,11.00,no
2026-10-05T05:29:08.370464Z,KXBTC15M-26OCT050130-30,0.9260,4.00,no
2026-10-05T05:29:08.370464Z,KXBTC15M-26OCT050130-30,0.9220,7.00,no
2026-10-05T05:29:08.370464Z,KXBTC15M-26OCT050130-30,0.9260,5.00,no
2026-10-05T05:29:08.370464Z,KXBTC15M-26OCT050130-30,0.9250,18.00,no
2026-10-05T05:29:08.370464Z,KXBTC15M-26OCT050130-30,0.9260,2.00,no
2026-10-05T05:29:08.371653Z,KXBTC15M-26OCT050130-30,0.9120,7.00,no
2026-10-05T05:29:08.375147Z,KXBTC15M-26OCT050130-30,0.9380,198.00,yes
2026-10-05T05:29:08.376603Z,KXBTC15M-26OCT050130-30,0.9140,7.00,no
2026-10-05T05:29:08.376603Z,KXBTC15M-26OCT050130-30,0.9080,7.00,no
2026-10-05T05:29:08.376603Z,KXBTC15M-26OCT050130-30,0.9010,1.00,no
2026-10-05T05:29:08.376603Z,KXBTC15M-26OCT050130-30,0.9030,1.00,no
2026-10-05T05:29:08.376603Z,KXBTC15M-26OCT050130-30,0.9010,1.00,no
2026-10-05T05:29:08.376603Z,KXBTC15M-26OCT050130-30,0.8700,445.56,no
2026-10-05T05:29:08.378626Z,KXBTC15M-26OCT050130-30,0.9020,7.00,no
2026-10-05T05:29:08.391916Z,KXBTC15M-26OCT050130-30,0.9040,5.19,yes
2026-10-05T05:29:08.401834Z,KXBTC15M-26OCT050130-30,0.9040,81.94,yes
2026-10-05T05:29:08.403683Z,KXBTC15M-26OCT050130-30,0.9040,305.95,yes
2026-10-05T05:29:08.424889Z,KXBTC15M-26OCT050130-30,0.9030,0.01,no
2026-10-05T05:29:08.424889Z,KXBTC15M-26OCT050130-30,0.9030,99.98,no
2026-10-05T05:29:08.424889Z,KXBTC15M-26OCT050130-30,0.9030,0.01,no
2026-10-05T05:29:08.430991Z,KXBTC15M-26OCT050130-30,0.9040,102.00,yes
2026-10-05T05:29:08.449979Z,KXBTC15M-26OCT050130-30,0.9030,0.99,no
2026-10-05T05:29:08.449979Z,KXBTC15M-26OCT050130-30,0.9030,0.01,no
2026-10-05T05:29:08.450457Z,KXBTC15M-26OCT050130-30,0.9000,1.12,no
2026-10-05T05:29:08.450457Z,KXBTC15M-26OCT050130-30,0.9030,0.01,no
2026-10-05T05:29:08.450778Z,KXBTC15M-26OCT050130-30,0.8700,86.36,no
2026-10-05T05:29:08.450923Z,KXBTC15M-26OCT050130-30,0.8700,13.64,no
2026-10-05T05:29:08.450923Z,KXBTC15M-26OCT050130-30,0.8500,70.00,no
2026-10-05T05:29:08.476187Z,KXBTC15M-26OCT050130-30,0.8500,6.00,no
2026-10-05T05:29:08.476187Z,KXBTC15M-26OCT050130-30,0.8500,6.00,no
2026-10-05T05:29:08.476187Z,KXBTC15M-26OCT050130-30,0.8500,121.00,no
2026-10-05T05:29:08.477352Z,KXBTC15M-26OCT050130-30,0.8500,12.01,no
2026-10-05T05:29:08.479868Z,KXBTC15M-26OCT050130-30,0.8600,5.00,yes
2026-10-05T05:29:08.479868Z,KXBTC15M-26OCT050130-30,0.8600,15.00,yes
2026-10-05T05:29:08.480583Z,KXBTC15M-26OCT050130-30,0.8500,0.01,no
2026-10-05T05:29:08.480583Z,KXBTC15M-26OCT050130-30,0.8500,20.00,no
2026-10-05T05:29:08.480583Z,KXBTC15M-26OCT050130-30,0.8500,202.99,no
2026-10-05T05:29:08.48114Z,KXBTC15M-26OCT050130-30,0.8600,0.42,yes
2026-10-05T05:29:08.485488Z,KXBTC15M-26OCT050130-30,0.8500,0.01,no
2026-10-05T05:29:08.486652Z,KXBTC15M-26OCT050130-30,0.8300,0.02,no
2026-10-05T05:29:08.486652Z,KXBTC15M-26OCT050130-30,0.8300,0.01,no
2026-10-05T05:29:08.486652Z,KXBTC15M-26OCT050130-30,0.8300,35.00,no
2026-10-05T05:29:08.486652Z,KXBTC15M-26OCT050130-30,0.8300,10.00,no
2026-10-05T05:29:08.48968Z,KXBTC15M-26OCT050130-30,0.8500,516.00,yes
2026-10-05T05:29:08.49187Z,KXBTC15M-26OCT050130-30,0.8400,0.01,no
2026-10-05T05:29:08.49187Z,KXBTC15M-26OCT050130-30,0.8300,49.97,no
2026-10-05T05:29:08.493971Z,KXBTC15M-26OCT050130-30,0.8400,15.00,yes
2026-10-05T05:29:08.493971Z,KXBTC15M-26OCT050130-30,0.8400,472.93,yes
2026-10-05T05:29:08.494594Z,KXBTC15M-26OCT050130-30,0.8300,6.97,no
2026-10-05T05:29:08.494594Z,KXBTC15M-26OCT050130-30,0.8300,14.03,no
2026-10-05T05:29:08.498681Z,KXBTC15M-26OCT050130-30,0.8300,0.01,no
2026-10-05T05:29:08.498681Z,KXBTC15M-26OCT050130-30,0.8200,6.00,no
2026-10-05T05:29:08.498681Z,KXBTC15M-26OCT050130-30,0.8200,5.00,no
2026-10-05T05:29:08.498681Z,KXBTC15M-26OCT050130-30,0.8100,9.02,no
2026-10-05T05:29:08.49911Z,KXBTC15M-26OCT050130-30,0.8100,19.06,no
2026-10-05T05:29:08.49911Z,KXBTC15M-26OCT050130-30,0.8100,0.98,no
2026-10-05T05:29:08.499518Z,KXBTC15M-26OCT050130-30,0.7900,6.00,no
2026-10-05T05:29:08.499518Z,KXBTC15M-26OCT050130-30,0.8100,16.94,no
2026-10-05T05:29:08.499518Z,KXBTC15M-26OCT050130-30,0.7900,0.01,no
2026-10-05T05:29:08.499518Z,KXBTC15M-26OCT050130-30,0.8000,6.00,no
2026-10-05T05:29:08.50778Z,KXBTC15M-26OCT050130-30,0.7800,10.00,no
2026-10-05T05:29:08.513731Z,KXBTC15M-26OCT050130-30,0.7900,5.18,yes
2026-10-05T05:29:08.513858Z,KXBTC15M-26OCT050130-30,0.7900,40.00,yes
2026-10-05T05:29:08.516695Z,KXBTC15M-26OCT050130-30,0.7900,307.00,yes
2026-10-05T05:29:08.517937Z,KXBTC15M-26OCT050130-30,0.7900,27.64,yes
2026-10-05T05:29:08.524785Z,KXBTC15M-26OCT050130-30,0.7800,64.00,no
2026-10-05T05:29:08.524785Z,KXBTC15M-26OCT050130-30,0.7800,0.01,no
2026-10-05T05:29:08.524785Z,KXBTC15M-26OCT050130-30,0.7800,0.01,no
2026-10-05T05:29:08.529442Z,KXBTC15M-26OCT050130-30,0.7800,0.01,no
2026-10-05T05:29:08.536425Z,KXBTC15M-26OCT050130-30,0.7700,3.77,yes
2026-10-05T05:29:08.53646Z,KXBTC15M-26OCT050130-30,0.7700,4.30,yes
2026-10-05T05:29:08.537309Z,KXBTC15M-26OCT050130-30,0.7700,18.95,yes
2026-10-05T05:29:08.538822Z,KXBTC15M-26OCT050130-30,0.7600,64.00,no
2026-10-05T05:29:08.539179Z,KXBTC15M-26OCT050130-30,0.7700,900.00,yes
2026-10-05T05:29:08.53943Z,KXBTC15M-26OCT050130-30,0.7600,40.00,yes
2026-10-05T05:29:08.540231Z,KXBTC15M-26OCT050130-30,0.7500,0.01,no
2026-10-05T05:29:08.540231Z,KXBTC15M-26OCT050130-30,0.7500,0.01,no
2026-10-05T05:29:08.540231Z,KXBTC15M-26OCT050130-30,0.7500,3.00,no
2026-10-05T05:29:08.542085Z,KXBTC15M-26OCT050130-30,0.7500,102.00,no
2026-10-05T05:29:08.546748Z,KXBTC15M-26OCT050130-30,0.7500,4.21,yes
2026-10-05T05:29:08.547568Z,KXBTC15M-26OCT050130-30,0.7200,54.00,no
2026-10-05T05:29:08.547568Z,KXBTC15M-26OCT050130-30,0.7200,0.01,no
2026-10-05T05:29:08.547568Z,KXBTC15M-26OCT050130-30,0.7300,6.00,no
2026-10-05T05:29:08.548606Z,KXBTC15M-26OCT050130-30,0.7400,3.78,yes
2026-10-05T05:29:08.552304Z,KXBTC15M-26OCT050130-30,0.7400,3.66,yes
2026-10-05T05:29:08.557445Z,KXBTC15M-26OCT050130-30,0.7300,64.00,no
2026-10-05T05:29:08.558794Z,KXBTC15M-26OCT050130-30,0.7300,0.01,no
2026-10-05T05:29:08.568138Z,KXBTC15M-26OCT050130-30,0.7200,0.01,no
2026-10-05T05:29:08.568138Z,KXBTC15M-26OCT050130-30,0.7100,50.00,no
2026-10-05T05:29:08.568138Z,KXBTC15M-26OCT050130-30,0.7100,0.01,no
2026-10-05T05:29:08.571726Z,KXBTC15M-26OCT050130-30,0.7400,3.55,yes
2026-10-05T05:29:08.578772Z,KXBTC15M-26OCT050130-30,0.7300,0.01,no
2026-10-05T05:29:08.578772Z,KXBTC15M-26OCT050130-30,0.7300,64.00,no
2026-10-05T05:29:08.581345Z,KXBTC15M-26OCT050130-30,0.7300,999.99,no
2026-10-05T05:29:08.581345Z,KXBTC15M-26OCT050130-30,0.7300,0.01,no
2026-10-05T05:29:08.581345Z,KXBTC15M-26OCT050130-30,0.7300,0.01,no
2026-10-05T05:29:08.582277Z,KXBTC15M-26OCT050130-30,0.7300,64.00,no
2026-10-05T05:29:08.584575Z,KXBTC15M-26OCT050130-30,0.7400,19.00,yes
2026-10-05T05:29:08.585498Z,KXBTC15M-26OCT050130-30,0.7300,15.00,no
2026-10-05T05:29:08.585498Z,KXBTC15M-26OCT050130-30,0.7300,93.75,no
2026-10-05T05:29:08.585498Z,KXBTC15M-26OCT050130-30,0.7300,15.00,no
2026-10-05T05:29:08.585498Z,KXBTC15M-26OCT050130-30,0.7300,29.74,no
2026-10-05T05:29:08.588754Z,KXBTC15M-26OCT050130-30,0.7300,153.00,no
2026-10-05T05:29:08.591853Z,KXBTC15M-26OCT050130-30,0.7300,302.00,no
2026-10-05T05:29:08.603549Z,KXBTC15M-26OCT050130-30,0.7300,15.00,no
2026-10-05T05:29:08.613666Z,KXBTC15M-26OCT050130-30,0.7300,1.52,yes
2026-10-05T05:29:08.629761Z,KXBTC15M-26OCT050130-30,0.7300,10.50,yes
2026-10-05T05:29:08.641422Z,KXBTC15M-26OCT050130-30,0.7300,75.00,yes
2026-10-05T05:29:08.646797Z,KXBTC15M-26OCT050130-30,0.7300,0.75,yes
2026-10-05T05:29:08.648219Z,KXBTC15M-26OCT050130-30,0.7300,2097.01,yes
2026-10-05T05:29:08.690327Z,KXBTC15M-26OCT050130-30,0.7300,27.41,yes
2026-10-05T05:29:08.70382Z,KXBTC15M-26OCT050130-30,0.7300,33.00,yes
2026-10-05T05:29:08.705178Z,KXBTC15M-26OCT050130-30,0.7300,68.00,yes
2026-10-05T05:29:08.705473Z,KXBTC15M-26OCT050130-30,0.7300,46.75,yes
2026-10-05T05:29:08.714934Z,KXBTC15M-26OCT050130-30,0.7300,5.00,yes
2026-10-05T05:29:08.717666Z,KXBTC15M-26OCT050130-30,0.7300,8.00,yes
2026-10-05T05:29:08.718248Z,KXBTC15M-26OCT050130-30,0.7300,203.27,yes
2026-10-05T05:29:08.719336Z,KXBTC15M-26OCT050130-30,0.7300,10.50,yes
2026-10-05T05:29:08.722906Z,KXBTC15M-26OCT050130-30,0.7300,126.26,yes
2026-10-05T05:29:08.723849Z,KXBTC15M-26OCT050130-30,0.7300,1.00,yes
2026-10-05T05:29:08.739724Z,KXBTC15M-26OCT050130-30,0.7300,2.10,yes
2026-10-05T05:29:08.760903Z,KXBTC15M-26OCT050130-30,0.7300,10.00,yes
2026-10-05T05:29:08.766839Z,KXBTC15M-26OCT050130-30,0.7300,0.01,yes
2026-10-05T05:29:08.766839Z,KXBTC15M-26OCT050130-30,0.7300,0.01,yes
2026-10-05T05:29:08.766839Z,KXBTC15M-26OCT050130-30,0.7300,490.00,yes
2026-10-05T05:29:08.786332Z,KXBTC15M-26OCT050130-30,0.7400,31.62,yes
2026-10-05T05:29:08.787957Z,KXBTC15M-26OCT050130-30,0.7400,0.40,yes
2026-10-05T05:29:08.805349Z,KXBTC15M-26OCT050130-30,0.7400,0.01,yes
2026-10-05T05:29:08.805349Z,KXBTC15M-26OCT050130-30,0.7500,1.09,yes
2026-10-05T05:29:08.805349Z,KXBTC15M-26OCT050130-30,0.7400,0.01,yes
2026-10-05T05:29:08.806571Z,KXBTC15M-26OCT050130-30,0.7500,18.71,yes
2026-10-05T05:29:08.807757Z,KXBTC15M-26OCT050130-30,0.7500,61.97,yes
2026-10-05T05:29:08.811269Z,KXBTC15M-26OCT050130-30,0.7600,25.00,yes
2026-10-05T05:29:08.811337Z,KXBTC15M-26OCT050130-30,0.7400,1.27,no
2026-10-05T05:29:08.814705Z,KXBTC15M-26OCT050130-30,0.7500,0.01,yes
2026-10-05T05:29:08.814705Z,KXBTC15M-26OCT050130-30,0.7600,23.36,yes
2026-10-05T05:29:08.814705Z,KXBTC15M-26OCT050130-30,0.7500,0.01,yes
2026-10-05T05:29:08.818423Z,KXBTC15M-26OCT050130-30,0.7600,5.00,yes
2026-10-05T05:29:08.819104Z,KXBTC15M-26OCT050130-30,0.7600,54.94,yes
2026-10-05T05:29:08.824558Z,KXBTC15M-26OCT050130-30,0.7600,52.55,yes
2026-10-05T05:29:08.87855Z,KXBTC15M-26OCT050130-30,0.7500,6.15,no
2026-10-05T05:29:08.887524Z,KXBTC15M-26OCT050130-30,0.7600,0.01,yes
2026-10-05T05:29:08.887524Z,KXBTC15M-26OCT050130-30,0.7600,0.01,yes
2026-10-05T05:29:08.887524Z,KXBTC15M-26OCT050130-30,0.7600,13.37,yes
2026-10-05T05:29:08.892315Z,KXBTC15M-26OCT050130-30,0.7600,25.00,yes
2026-10-05T05:29:08.892727Z,KXBTC15M-26OCT050130-30,0.7600,1.00,yes
2026-10-05T05:29:08.900507Z,KXBTC15M-26OCT050130-30,0.7600,55.27,yes
2026-10-05T05:29:08.901663Z,KXBTC15M-26OCT050130-30,0.7600,0.01,yes
2026-10-05T05:29:08.901663Z,KXBTC15M-26OCT050130-30,0.7600,207.36,yes
2026-10-05T05:29:08.901663Z,KXBTC15M-26OCT050130-30,0.7800,123.29,yes
2026-10-05T05:29:08.901663Z,KXBTC15M-26OCT050130-30,0.7600,0.01,yes
2026-10-05T05:29:08.901663Z,KXBTC15M-26OCT050130-30,0.7700,119.98,yes
2026-10-05T05:29:08.916256Z,KXBTC15M-26OCT050130-30,0.7700,395.57,yes
2026-10-05T05:29:08.918727Z,KXBTC15M-26OCT050130-30,0.7600,34.87,no
2026-10-05T05:29:08.919228Z,KXBTC15M-26OCT050130-30,0.7700,98.41,yes
2026-10-05T05:29:08.922174Z,KXBTC15M-26OCT050130-30,0.7600,15.71,no
2026-10-05T05:29:08.923801Z,KXBTC15M-26OCT050130-30,0.7600,10.20,no
2026-10-05T05:29:08.924622Z,KXBTC15M-26OCT050130-30,0.7600,23.42,no
2026-10-05T05:29:08.937655Z,KXBTC15M-26OCT050130-30,0.7600,3.46,no
2026-10-05T05:29:08.947167Z,KXBTC15M-26OCT050130-30,0.7700,1.00,yes
2026-10-05T05:29:08.950162Z,KXBTC15M-26OCT050130-30,0.7700,1.00,yes
2026-10-05T05:29:08.950482Z,KXBTC15M-26OCT050130-30,0.7700,2.96,yes
2026-10-05T05:29:08.956297Z,KXBTC15M-26OCT050130-30,0.7600,1.57,no
2026-10-05T05:29:08.957574Z,KXBTC15M-26OCT050130-30,0.7600,31.56,no
2026-10-05T05:29:08.967409Z,KXBTC15M-26OCT050130-30,0.7700,165.36,yes
2026-10-05T05:29:08.982331Z,KXBTC15M-26OCT050130-30,0.7700,64.00,yes
2026-10-05T05:29:08.988299Z,KXBTC15M-26OCT050130-30,0.7700,1.00,yes
2026-10-05T05:29:08.992705Z,KXBTC15M-26OCT050130-30,0.7600,3.40,no
2026-10-05T05:29:08.99387Z,KXBTC15M-26OCT050130-30,0.7600,10.61,no
2026-10-05T05:29:08.997976Z,KXBTC15M-26OCT050130-30,0.7700,11.00,yes
2026-10-05T05:29:08.999176Z,KXBTC15M-26OCT050130-30,0.7700,28.14,yes
2026-10-05T05:29:09.006649Z,KXBTC15M-26OCT050130-30,0.7600,2.00,no
2026-10-05T05:29:09.010947Z,KXBTC15M-26OCT050130-30,0.7700,0.25,yes
2026-10-05T05:29:09.011734Z,KXBTC15M-26OCT050130-30,0.7700,141.00,yes
2026-10-05T05:29:09.021669Z,KXBTC15M-26OCT050130-30,0.7800,55.98,yes
2026-10-05T05:29:09.021669Z,KXBTC15M-26OCT050130-30,0.7700,0.01,yes
2026-10-05T05:29:09.021669Z,KXBTC15M-26OCT050130-30,0.7700,0.01,yes
2026-10-05T05:29:09.031764Z,KXBTC15M-26OCT050130-30,0.7800,266.58,yes
2026-10-05T05:29:09.045163Z,KXBTC15M-26OCT050130-30,0.7700,49.00,no
2026-10-05T05:29:09.050732Z,KXBTC15M-26OCT050130-30,0.7800,110.00,yes
2026-10-05T05:29:09.05563Z,KXBTC15M-26OCT050130-30,0.7700,15.08,no
2026-10-05T05:29:09.05563Z,KXBTC15M-26OCT050130-30,0.7700,1.00,no
2026-10-05T05:29:09.060138Z,KXBTC15M-26OCT050130-30,0.7800,1.00,yes
2026-10-05T05:29:09.070342Z,KXBTC15M-26OCT050130-30,0.7700,134.92,no
2026-10-05T05:29:09.070342Z,KXBTC15M-26OCT050130-30,0.7700,0.01,no
2026-10-05T05:29:09.070342Z,KXBTC15M-26OCT050130-30,0.7700,1.00,no
2026-10-05T05:29:09.070342Z,KXBTC15M-26OCT050130-30,0.7700,108.50,no
2026-10-05T05:29:09.070342Z,KXBTC15M-26OCT050130-30,0.7700,0.01,no
2026-10-05T05:29:09.070342Z,KXBTC15M-26OCT050130-30,0.7700,6.00,no
2026-10-05T05:29:09.07202Z,KXBTC15M-26OCT050130-30,0.7700,5.60,no
2026-10-05T05:29:09.07202Z,KXBTC15M-26OCT050130-30,0.7700,76.50,no
2026-10-05T05:29:09.07202Z,KXBTC15M-26OCT050130-30,0.7700,50.00,no
2026-10-05T05:29:09.07202Z,KXBTC15M-26OCT050130-30,0.7600,17.90,no
2026-10-05T05:29:09.072601Z,KXBTC15M-26OCT050130-30,0.7800,108.00,yes
2026-10-05T05:29:09.0991Z,KXBTC15M-26OCT050130-30,0.7700,7.73,no
2026-10-05T05:29:09.107164Z,KXBTC15M-26OCT050130-30,0.7700,58.86,no
2026-10-05T05:29:09.1149Z,KXBTC15M-26OCT050130-30,0.7800,105.82,yes
2026-10-05T05:29:09.11778Z,KXBTC15M-26OCT050130-30,0.7800,0.01,yes
2026-10-05T05:29:09.11778Z,KXBTC15M-26OCT050130-30,0.7800,0.01,yes
2026-10-05T05:29:09.11778Z,KXBTC15M-26OCT050130-30,0.7800,14.78,yes
2026-10-05T05:29:09.11778Z,KXBTC15M-26OCT050130-30,0.7800,93.75,yes
2026-10-05T05:29:09.11778Z,KXBTC15M-26OCT050130-30,0.7800,1.45,yes
2026-10-05T05:29:09.118807Z,KXBTC15M-26OCT050130-30,0.7700,19.00,no
2026-10-05T05:29:09.123017Z,KXBTC15M-26OCT050130-30,0.7700,297.98,no
2026-10-05T05:29:09.123017Z,KXBTC15M-26OCT050130-30,0.7700,76.50,no
2026-10-05T05:29:09.123017Z,KXBTC15M-26OCT050130-30,0.7700,6.00,no
2026-10-05T05:29:09.123017Z,KXBTC15M-26OCT050130-30,0.7700,0.01,no
2026-10-05T05:29:09.123017Z,KXBTC15M-26OCT050130-30,0.7700,7.73,no
2026-10-05T05:29:09.123017Z,KXBTC15M-26OCT050130-30,0.7700,0.01,no
2026-10-05T05:29:09.123017Z,KXBTC15M-26OCT050130-30,0.7700,58.86,no
2026-10-05T05:29:09.123017Z,KXBTC15M-26OCT050130-30,0.7700,22.91,no
2026-10-05T05:29:09.123017Z,KXBTC15M-26OCT050130-30,0.7700,10.00,no
2026-10-05T05:29:09.126599Z,KXBTC15M-26OCT050130-30,0.8000,5.00,yes
2026-10-05T05:29:09.126599Z,KXBTC15M-26OCT050130-30,0.7800,0.01,yes
2026-10-05T05:29:09.126599Z,KXBTC15M-26OCT050130-30,0.7800,0.01,yes
2026-10-05T05:29:09.126599Z,KXBTC15M-26OCT050130-30,0.7900,10.00,yes
2026-10-05T05:29:09.126599Z,KXBTC15M-26OCT050130-30,0.8100,5.00,yes
2026-10-05T05:29:09.126599Z,KXBTC15M-26OCT050130-30,0.7800,182.00,yes
2026-10-05T05:29:09.126599Z,KXBTC15M-26OCT050130-30,0.8200,1047.00,yes
2026-10-05T05:29:09.126599Z,KXBTC15M-26OCT050130-30,0.8100,1047.00,yes
2026-10-05T05:29:09.126599Z,KXBTC15M-26OCT050130-30,0.7900,1047.00,yes
2026-10-05T05:29:09.126599Z,KXBTC15M-26OCT050130-30,0.8000,1047.00,yes
2026-10-05T05:29:09.126599Z,KXBTC15M-26OCT050130-30,0.8200,25.00,yes
2026-10-05T05:29:09.126599Z,KXBTC15M-26OCT050130-30,0.8300,461.08,yes
2026-10-05T05:29:09.12872Z,KXBTC15M-26OCT050130-30,0.7800,6.80,no
2026-10-05T05:29:09.130789Z,KXBTC15M-26OCT050130-30,0.8300,222.80,yes
2026-10-05T05:29:09.159237Z,KXBTC15M-26OCT050130-30,0.8000,126.72,yes
2026-10-05T05:29:09.159237Z,KXBTC15M-26OCT050130-30,0.7900,10.00,yes
2026-10-05T05:29:09.159237Z,KXBTC15M-26OCT050130-30,0.7900,0.01,yes
2026-10-05T05:29:09.159237Z,KXBTC15M-26OCT050130-30,0.7900,0.01,yes
2026-10-05T05:29:09.166319Z,KXBTC15M-26OCT050130-30,0.8000,3.00,yes
2026-10-05T05:29:09.166351Z,KXBTC15M-26OCT050130-30,0.7900,42.81,no
2026-10-05T05:29:09.16948Z,KXBTC15M-26OCT050130-30,0.7900,49.00,no
2026-10-05T05:29:09.169901Z,KXBTC15M-26OCT050130-30,0.7900,49.00,no
2026-10-05T05:29:09.170342Z,KXBTC15M-26OCT050130-30,0.7900,39.81,no
2026-10-05T05:29:09.170342Z,KXBTC15M-26OCT050130-30,0.7900,9.19,no
2026-10-05T05:29:09.170659Z,KXBTC15M-26OCT050130-30,0.7900,42.81,no
2026-10-05T05:29:09.172557Z,KXBTC15M-26OCT050130-30,0.7900,463.00,no
2026-10-05T05:29:09.175155Z,KXBTC15M-26OCT050130-30,0.7900,24.05,no
2026-10-05T05:29:09.180627Z,KXBTC15M-26OCT050130-30,0.7900,12.93,no
2026-10-05T05:29:09.191547Z,KXBTC15M-26OCT050130-30,0.7900,10.20,no
2026-10-05T05:29:09.198619Z,KXBTC15M-26OCT050130-30,0.8000,35.88,yes
2026-10-05T05:29:09.199224Z,KXBTC15M-26OCT050130-30,0.7900,3.40,no
2026-10-05T05:29:09.213445Z,KXBTC15M-26OCT050130-30,0.8000,609.74,yes
2026-10-05T05:29:09.219706Z,KXBTC15M-26OCT050130-30,0.8000,109.88,yes
2026-10-05T05:29:09.272235Z,KXBTC15M-26OCT050130-30,0.8000,0.01,yes
2026-10-05T05:29:09.272235Z,KXBTC15M-26OCT050130-30,0.8100,1.13,yes
2026-10-05T05:29:09.272235Z,KXBTC15M-26OCT050130-30,0.8000,10.00,yes
2026-10-05T05:29:09.272235Z,KXBTC15M-26OCT050130-30,0.8000,0.01,yes
2026-10-05T05:29:09.280255Z,KXBTC15M-26OCT050130-30,0.8000,0.63,no
2026-10-05T05:29:09.281525Z,KXBTC15M-26OCT050130-30,0.8000,5.54,no
2026-10-05T05:29:09.292708Z,KXBTC15M-26OCT050130-30,0.8000,21.23,no
2026-10-05T05:29:09.348081Z,KXBTC15M-26OCT050130-30,0.8100,3.51,yes
2026-10-05T05:29:09.348081Z,KXBTC15M-26OCT050130-30,0.8100,0.01,yes
2026-10-05T05:29:09.384975Z,KXBTC15M-26OCT050130-30,0.8100,0.01,yes
2026-10-05T05:29:09.384975Z,KXBTC15M-26OCT050130-30,0.8100,1.08,yes
2026-10-05T05:29:09.396444Z,KXBTC15M-26OCT050130-30,0.8100,2.43,yes
2026-10-05T05:29:09.396444Z,KXBTC15M-26OCT050130-30,0.8100,0.01,yes
2026-10-05T05:29:09.423094Z,KXBTC15M-26OCT050130-30,0.8100,0.01,yes
2026-10-05T05:29:09.423826Z,KXBTC15M-26OCT050130-30,0.8100,10.00,yes
2026-10-05T05:29:09.423826Z,KXBTC15M-26OCT050130-30,0.8100,0.01,yes
2026-10-05T05:29:09.423826Z,KXBTC15M-26OCT050130-30,0.8300,6.99,yes
2026-10-05T05:29:09.433001Z,KXBTC15M-26OCT050130-30,0.8100,6.38,no
2026-10-05T05:29:09.437617Z,KXBTC15M-26OCT050130-30,0.8100,12.00,no
2026-10-05T05:29:09.468143Z,KXBTC15M-26OCT050130-30,0.8100,72.94,no
2026-10-05T05:29:09.474433Z,KXBTC15M-26OCT050130-30,0.8100,27.69,no
2026-10-05T05:29:09.494693Z,KXBTC15M-26OCT050130-30,0.8200,0.85,yes
2026-10-05T05:29:09.494693Z,KXBTC15M-26OCT050130-30,0.8200,0.01,yes
2026-10-05T05:29:09.494693Z,KXBTC15M-26OCT050130-30,0.8200,10.00,yes
2026-10-05T05:29:09.494693Z,KXBTC15M-26OCT050130-30,0.8200,0.01,yes
2026-10-05T05:29:09.494693Z,KXBTC15M-26OCT050130-30,0.8300,55.48,yes
2026-10-05T05:29:09.502573Z,KXBTC15M-26OCT050130-30,0.8200,5.89,no
2026-10-05T05:29:09.525183Z,KXBTC15M-26OCT050130-30,0.8200,144.11,no
2026-10-05T05:29:09.525183Z,KXBTC15M-26OCT050130-30,0.8200,5.87,no
2026-10-05T05:29:09.525183Z,KXBTC15M-26OCT050130-30,0.8200,0.01,no
2026-10-05T05:29:09.525183Z,KXBTC15M-26OCT050130-30,0.8200,0.01,no
2026-10-05T05:29:09.549626Z,KXBTC15M-26OCT050130-30,0.8200,288.42,no
2026-10-05T05:29:09.56428Z,KXBTC15M-26OCT050130-30,0.8200,16.47,no
2026-10-05T05:29:09.567323Z,KXBTC15M-26OCT050130-30,0.8200,254.00,no
2026-10-05T05:29:09.567931Z,KXBTC15M-26OCT050130-30,0.8200,99.00,no
2026-10-05T05:29:09.567989Z,KXBTC15M-26OCT050130-30,0.8200,43.00,no
2026-10-05T05:29:09.568039Z,KXBTC15M-26OCT050130-30,0.8200,82.00,no
2026-10-05T05:29:09.568138Z,KXBTC15M-26OCT050130-30,0.8200,99.00,no
2026-10-05T05:29:09.586552Z,KXBTC15M-26OCT050130-30,0.8300,0.01,yes
2026-10-05T05:29:09.586552Z,KXBTC15M-26OCT050130-30,0.8300,0.01,yes
2026-10-05T05:29:09.586552Z,KXBTC15M-26OCT050130-30,0.8300,0.78,yes
2026-10-05T05:29:09.599682Z,KXBTC15M-26OCT050130-30,0.8200,13.53,no
2026-10-05T05:29:09.610731Z,KXBTC15M-26OCT050130-30,0.8200,12.37,no
2026-10-05T05:29:09.662113Z,KXBTC15M-26OCT050130-30,0.8300,37.86,yes
2026-10-05T05:29:09.66856Z,KXBTC15M-26OCT050130-30,0.8300,1.18,yes
2026-10-05T05:29:09.669491Z,KXBTC15M-26OCT050130-30,0.8300,0.29,yes
2026-10-05T05:29:09.688219Z,KXBTC15M-26OCT050130-30,0.8300,50.97,yes
2026-10-05T05:29:09.713894Z,KXBTC15M-26OCT050130-30,0.8300,0.01,yes
2026-10-05T05:29:09.713894Z,KXBTC15M-26OCT050130-30,0.8300,10.00,yes
2026-10-05T05:29:09.713894Z,KXBTC15M-26OCT050130-30,0.8300,0.01,yes
2026-10-05T05:29:09.713894Z,KXBTC15M-26OCT050130-30,0.8300,71.00,yes
2026-10-05T05:29:09.713894Z,KXBTC15M-26OCT050130-30,0.8300,10.10,yes
2026-10-05T05:29:09.726574Z,KXBTC15M-26OCT050130-30,0.8300,23.06,yes
2026-10-05T05:29:09.731617Z,KXBTC15M-26OCT050130-30,0.8300,16.84,yes
2026-10-05T05:29:09.731617Z,KXBTC15M-26OCT050130-30,0.8300,0.01,yes
2026-10-05T05:29:09.731617Z,KXBTC15M-26OCT050130-30,0.8300,0.01,yes
2026-10-05T05:29:09.731617Z,KXBTC15M-26OCT050130-30,0.8300,10.00,yes
2026-10-05T05:29:09.731617Z,KXBTC15M-26OCT050130-30,0.8400,6.75,yes
2026-10-05T05:29:09.739985Z,KXBTC15M-26OCT050130-30,0.8300,0.01,yes
2026-10-05T05:29:09.739985Z,KXBTC15M-26OCT050130-30,0.8300,10.00,yes
2026-10-05T05:29:09.739985Z,KXBTC15M-26OCT050130-30,0.8400,376.42,yes
2026-10-05T05:29:09.741581Z,KXBTC15M-26OCT050130-30,0.8200,41.66,no
2026-10-05T05:29:09.747765Z,KXBTC15M-26OCT050130-30,0.8300,6.79,no
2026-10-05T05:29:09.751405Z,KXBTC15M-26OCT050130-30,0.8300,0.48,no
2026-10-05T05:29:09.754271Z,KXBTC15M-26OCT050130-30,0.8300,4.73,no
2026-10-05T05:29:09.758437Z,KXBTC15M-26OCT050130-30,0.8400,10.00,yes
2026-10-05T05:29:09.764403Z,KXBTC15M-26OCT050130-30,0.8400,17.90,yes
2026-10-05T05:29:09.786268Z,KXBTC15M-26OCT050130-30,0.8300,26.50,no
2026-10-05T05:29:09.786268Z,KXBTC15M-26OCT050130-30,0.8300,5.00,no
2026-10-05T05:29:09.786268Z,KXBTC15M-26OCT050130-30,0.8300,0.01,no
2026-10-05T05:29:09.786268Z,KXBTC15M-26OCT050130-30,0.8300,0.01,no
2026-10-05T05:29:09.789946Z,KXBTC15M-26OCT050130-30,0.8400,21.27,yes
2026-10-05T05:29:09.829879Z,KXBTC15M-26OCT050130-30,0.8400,1.81,yes
2026-10-05T05:29:09.829879Z,KXBTC15M-26OCT050130-30,0.8400,0.01,yes
2026-10-05T05:29:09.830892Z,KXBTC15M-26OCT050130-30,0.8400,1.18,yes
2026-10-05T05:29:09.832993Z,KXBTC15M-26OCT050130-30,0.8400,0.72,yes
2026-10-05T05:29:09.833654Z,KXBTC15M-26OCT050130-30,0.8300,0.99,no
2026-10-05T05:29:09.836057Z,KXBTC15M-26OCT050130-30,0.8400,0.24,yes
2026-10-05T05:29:09.836057Z,KXBTC15M-26OCT050130-30,0.8400,8.10,yes
2026-10-05T05:29:09.836057Z,KXBTC15M-26OCT050130-30,0.8400,0.01,yes
2026-10-05T05:29:09.836057Z,KXBTC15M-26OCT050130-30,0.8500,5.25,yes
2026-10-05T05:29:09.868321Z,KXBTC15M-26OCT050130-30,0.8500,200.00,yes
2026-10-05T05:29:09.868321Z,KXBTC15M-26OCT050130-30,0.8400,10.00,yes
2026-10-05T05:29:09.868321Z,KXBTC15M-26OCT050130-30,0.8400,0.01,yes
2026-10-05T05:29:09.868321Z,KXBTC15M-26OCT050130-30,0.8400,1.03,yes
2026-10-05T05:29:09.868321Z,KXBTC15M-26OCT050130-30,0.8400,0.01,yes
2026-10-05T05:29:09.868321Z,KXBTC15M-26OCT050130-30,0.8400,0.01,yes
2026-10-05T05:29:09.868321Z,KXBTC15M-26OCT050130-30,0.8500,79.00,yes
2026-10-05T05:29:09.868321Z,KXBTC15M-26OCT050130-30,0.8500,525.75,yes
2026-10-05T05:29:09.868321Z,KXBTC15M-26OCT050130-30,0.8600,597.46,yes
2026-10-05T05:29:09.873863Z,KXBTC15M-26OCT050130-30,0.8400,1.64,no
2026-10-05T05:29:09.879031Z,KXBTC15M-26OCT050130-30,0.8400,6.89,no
2026-10-05T05:29:09.879686Z,KXBTC15M-26OCT050130-30,0.8400,1.00,no
2026-10-05T05:29:09.902413Z,KXBTC15M-26OCT050130-30,0.8500,7.34,yes
2026-10-05T05:29:09.902853Z,KXBTC15M-26OCT050130-30,0.8400,300.00,no
2026-10-05T05:29:09.903061Z,KXBTC15M-26OCT050130-30,0.8500,1.16,yes
2026-10-05T05:29:09.904441Z,KXBTC15M-26OCT050130-30,0.8400,407.00,no
2026-10-05T05:29:09.906649Z,KXBTC15M-26OCT050130-30,0.8500,0.01,yes
2026-10-05T05:29:09.906649Z,KXBTC15M-26OCT050130-30,0.8500,1.50,yes
2026-10-05T05:29:09.906649Z,KXBTC15M-26OCT050130-30,0.8500,0.01,yes
2026-10-05T05:29:09.906649Z,KXBTC15M-26OCT050130-30,0.8600,18.48,yes
2026-10-05T05:29:09.926073Z,KXBTC15M-26OCT050130-30,0.8500,0.94,yes
2026-10-05T05:29:09.93316Z,KXBTC15M-26OCT050130-30,0.8500,3.50,yes
2026-10-05T05:29:09.934673Z,KXBTC15M-26OCT050130-30,0.8500,2.00,yes
2026-10-05T05:29:09.951654Z,KXBTC15M-26OCT050130-30,0.8400,5.25,no
2026-10-05T05:29:09.985054Z,KXBTC15M-26OCT050130-30,0.8400,5.25,no
2026-10-05T05:29:09.992761Z,KXBTC15M-26OCT050130-30,0.8500,12.82,yes
2026-10-05T05:29:09.99997Z,KXBTC15M-26OCT050130-30,0.8500,9.59,yes
2026-10-05T05:29:10.010311Z,KXBTC15M-26OCT050130-30,0.8500,3.43,yes
2026-10-05T05:29:10.025014Z,KXBTC15M-26OCT050130-30,0.8500,11.37,yes
2026-10-05T05:29:10.036214Z,KXBTC15M-26OCT050130-30,0.8500,0.57,yes
2026-10-05T05:29:10.047034Z,KXBTC15M-26OCT050130-30,0.8500,1.00,yes
2026-10-05T05:29:10.079261Z,KXBTC15M-26OCT050130-30,0.8400,585.11,no
2026-10-05T05:29:10.086176Z,KXBTC15M-26OCT050130-30,0.8400,51.64,no
2026-10-05T05:29:10.089005Z,KXBTC15M-26OCT050130-30,0.8400,42.78,no
2026-10-05T05:29:10.094078Z,KXBTC15M-26OCT050130-30,0.8400,43.06,no
2026-10-05T05:29:10.099027Z,KXBTC15M-26OCT050130-30,0.8400,29.44,no
2026-10-05T05:29:10.103808Z,KXBTC15M-26OCT050130-30,0.8400,953.71,no
2026-10-05T05:29:10.110329Z,KXBTC15M-26OCT050130-30,0.8500,40.20,yes
2026-10-05T05:29:10.110939Z,KXBTC15M-26OCT050130-30,0.8400,1.00,no
2026-10-05T05:29:10.110939Z,KXBTC15M-26OCT050130-30,0.8400,3.58,no
2026-10-05T05:29:10.110939Z,KXBTC15M-26OCT050130-30,0.8400,0.01,no
2026-10-05T05:29:10.110939Z,KXBTC15M-26OCT050130-30,0.8400,0.01,no
2026-10-05T05:29:10.110939Z,KXBTC15M-26OCT050130-30,0.8300,78.79,no
2026-10-05T05:29:10.111056Z,KXBTC15M-26OCT050130-30,0.8300,7.04,no
2026-10-05T05:29:10.111088Z,KXBTC15M-26OCT050130-30,0.8500,69.76,yes
2026-10-05T05:29:10.114497Z,KXBTC15M-26OCT050130-30,0.8400,2.91,yes
2026-10-05T05:29:10.134791Z,KXBTC15M-26OCT050130-30,0.8400,0.01,yes
2026-10-05T05:29:10.159547Z,KXBTC15M-26OCT050130-30,0.8400,78.11,yes
2026-10-05T05:29:10.173802Z,KXBTC15M-26OCT050130-30,0.8300,0.24,no
2026-10-05T05:29:10.184365Z,KXBTC15M-26OCT050130-30,0.8300,9.46,no
2026-10-05T05:29:10.188878Z,KXBTC15M-26OCT050130-30,0.8400,2.33,yes
2026-10-05T05:29:10.217198Z,KXBTC15M-26OCT050130-30,0.8300,5.55,no
2026-10-05T05:29:10.230334Z,KXBTC15M-26OCT050130-30,0.8300,52.53,no
2026-10-05T05:29:10.234425Z,KXBTC15M-26OCT050130-30,0.8400,4.79,yes
2026-10-05T05:29:10.235803Z,KXBTC15M-26OCT050130-30,0.8400,2.52,yes
2026-10-05T05:29:10.243735Z,KXBTC15M-26OCT050130-30,0.8300,19.32,no
2026-10-05T05:29:10.245814Z,KXBTC15M-26OCT050130-30,0.8400,12.91,yes
2026-10-05T05:29:10.267941Z,KXBTC15M-26OCT050130-30,0.8300,73.00,no
2026-10-05T05:29:10.267958Z,KXBTC15M-26OCT050130-30,0.8300,36.00,no
2026-10-05T05:29:10.268316Z,KXBTC15M-26OCT050130-30,0.8300,35.00,no
2026-10-05T05:29:10.285256Z,KXBTC15M-26OCT050130-30,0.8400,46.42,yes
2026-10-05T05:29:10.285256Z,KXBTC15M-26OCT050130-30,0.8400,60.00,yes
2026-10-05T05:29:10.285256Z,KXBTC15M-26OCT050130-30,0.8400,10.00,yes
2026-10-05T05:29:10.296121Z,KXBTC15M-26OCT050130-30,0.8300,5.52,no
2026-10-05T05:29:10.308492Z,KXBTC15M-26OCT050130-30,0.8400,116.42,yes
2026-10-05T05:29:10.325277Z,KXBTC15M-26OCT050130-30,0.8400,33.76,yes
2026-10-05T05:29:10.339569Z,KXBTC15M-26OCT050130-30,0.8400,8.24,yes
2026-10-05T05:29:10.339774Z,KXBTC15M-26OCT050130-30,0.8400,232.84,yes
2026-10-05T05:29:10.347928Z,KXBTC15M-26OCT050130-30,0.8400,2.32,yes
2026-10-05T05:29:10.41963Z,KXBTC15M-26OCT050130-30,0.8400,0.68,yes
2026-10-05T05:29:10.435081Z,KXBTC15M-26OCT050130-30,0.8300,0.01,no
2026-10-05T05:29:10.435081Z,KXBTC15M-26OCT050130-30,0.8300,0.01,no
2026-10-05T05:29:10.435081Z,KXBTC15M-26OCT050130-30,0.8200,968.30,no
2026-10-05T05:29:10.435081Z,KXBTC15M-26OCT050130-30,0.8300,500.00,no
2026-10-05T05:29:10.435081Z,KXBTC15M-26OCT050130-30,0.8300,724.55,no
2026-10-05T05:29:10.455021Z,KXBTC15M-26OCT050130-30,0.8300,19.79,yes
2026-10-05T05:29:10.463139Z,KXBTC15M-26OCT050130-30,0.8200,0.01,no
2026-10-05T05:29:10.463139Z,KXBTC15M-26OCT050130-30,0.8200,1.00,no
2026-10-05T05:29:10.463139Z,KXBTC15M-26OCT050130-30,0.8200,0.01,no
2026-10-05T05:29:10.463139Z,KXBTC15M-26OCT050130-30,0.8200,78.70,no
2026-10-05T05:29:10.463139Z,KXBTC15M-26OCT050130-30,0.8200,45.00,no
2026-10-05T05:29:10.468385Z,KXBTC15M-26OCT050130-30,0.8200,10.00,yes
2026-10-05T05:29:10.480774Z,KXBTC15M-26OCT050130-30,0.8200,0.01,yes
2026-10-05T05:29:10.480774Z,KXBTC15M-26OCT050130-30,0.8200,294.30,yes
2026-10-05T05:29:10.480774Z,KXBTC15M-26OCT050130-30,0.8200,0.01,yes
2026-10-05T05:29:10.50785Z,KXBTC15M-26OCT050130-30,0.8100,22.52,no
2026-10-05T05:29:10.532501Z,KXBTC15M-26OCT050130-30,0.8200,17.84,yes
2026-10-05T05:29:10.535924Z,KXBTC15M-26OCT050130-30,0.8200,24.74,yes
2026-10-05T05:29:10.535924Z,KXBTC15M-26OCT050130-30,0.8200,0.01,yes
2026-10-05T05:29:10.535924Z,KXBTC15M-26OCT050130-30,0.8200,32.16,yes
2026-10-05T05:29:10.535924Z,KXBTC15M-26OCT050130-30,0.8200,0.01,yes
2026-10-05T05:29:10.550231Z,KXBTC15M-26OCT050130-30,0.8300,0.01,yes
2026-10-05T05:29:10.550231Z,KXBTC15M-26OCT050130-30,0.8300,0.01,yes
2026-10-05T05:29:10.550231Z,KXBTC15M-26OCT050130-30,0.8300,46.16,yes
2026-10-05T05:29:10.550231Z,KXBTC15M-26OCT050130-30,0.8200,0.01,yes
2026-10-05T05:29:10.550231Z,KXBTC15M-26OCT050130-30,0.8200,0.01,yes
2026-10-05T05:29:10.573671Z,KXBTC15M-26OCT050130-30,0.8300,52.00,yes
2026-10-05T05:29:10.573671Z,KXBTC15M-26OCT050130-30,0.8300,150.57,yes
2026-10-05T05:29:10.574148Z,KXBTC15M-26OCT050130-30,0.8300,0.01,yes
2026-10-05T05:29:10.574148Z,KXBTC15M-26OCT050130-30,0.8300,0.01,yes
2026-10-05T05:29:10.574148Z,KXBTC15M-26OCT050130-30,0.8300,5.43,yes
2026-10-05T05:29:10.574148Z,KXBTC15M-26OCT050130-30,0.8400,6.31,yes
2026-10-05T05:29:10.57635Z,KXBTC15M-26OCT050130-30,0.8400,1.02,yes
2026-10-05T05:29:10.57635Z,KXBTC15M-26OCT050130-30,0.8400,10.00,yes
2026-10-05T05:29:10.57635Z,KXBTC15M-26OCT050130-30,0.8400,215.10,yes
2026-10-05T05:29:10.57967Z,KXBTC15M-26OCT050130-30,0.8500,18.28,yes
2026-10-05T05:29:10.583538Z,KXBTC15M-26OCT050130-30,0.8400,10.00,yes
2026-10-05T05:29:10.583538Z,KXBTC15M-26OCT050130-30,0.8400,1.02,yes
2026-10-05T05:29:10.583538Z,KXBTC15M-26OCT050130-30,0.8400,0.01,yes
2026-10-05T05:29:10.583538Z,KXBTC15M-26OCT050130-30,0.8400,1.01,yes
2026-10-05T05:29:10.583538Z,KXBTC15M-26OCT050130-30,0.8500,101.38,yes
2026-10-05T05:29:10.583538Z,KXBTC15M-26OCT050130-30,0.8400,3.00,yes
2026-10-05T05:29:10.607194Z,KXBTC15M-26OCT050130-30,0.8400,10.00,yes
2026-10-05T05:29:10.607194Z,KXBTC15M-26OCT050130-30,0.8400,0.01,yes
2026-10-05T05:29:10.609821Z,KXBTC15M-26OCT050130-30,0.8500,40.37,yes
2026-10-05T05:29:10.623542Z,KXBTC15M-26OCT050130-30,0.8500,5.00,yes
2026-10-05T05:29:10.626008Z,KXBTC15M-26OCT050130-30,0.8400,52.26,no
2026-10-05T05:29:10.629444Z,KXBTC15M-26OCT050130-30,0.8400,5.21,no
2026-10-05T05:29:10.633044Z,KXBTC15M-26OCT050130-30,0.8500,2.06,yes
2026-10-05T05:29:10.637935Z,KXBTC15M-26OCT050130-30,0.8500,57.68,yes
2026-10-05T05:29:10.639089Z,KXBTC15M-26OCT050130-30,0.8500,16.32,yes
2026-10-05T05:29:10.639664Z,KXBTC15M-26OCT050130-30,0.8500,116.42,yes
2026-10-05T05:29:10.641787Z,KXBTC15M-26OCT050130-30,0.8500,1.54,yes
2026-10-05T05:29:10.645753Z,KXBTC15M-26OCT050130-30,0.8300,4.92,no
2026-10-05T05:29:10.645753Z,KXBTC15M-26OCT050130-30,0.8400,0.01,no
2026-10-05T05:29:10.645753Z,KXBTC15M-26OCT050130-30,0.8400,0.01,no
2026-10-05T05:29:10.648765Z,KXBTC15M-26OCT050130-30,0.8300,72.27,no
2026-10-05T05:29:10.670148Z,KXBTC15M-26OCT050130-30,0.8400,0.01,yes
2026-10-05T05:29:10.683473Z,KXBTC15M-26OCT050130-30,0.8400,0.01,yes
2026-10-05T05:29:10.683473Z,KXBTC15M-26OCT050130-30,0.8400,114.55,yes
2026-10-05T05:29:10.683473Z,KXBTC15M-26OCT050130-30,0.8400,0.01,yes
2026-10-05T05:29:10.690562Z,KXBTC15M-26OCT050130-30,0.8400,1.17,yes
2026-10-05T05:29:10.691861Z,KXBTC15M-26OCT050130-30,0.8400,23.54,yes
2026-10-05T05:29:10.701762Z,KXBTC15M-26OCT050130-30,0.8400,60.74,yes
2026-10-05T05:29:10.701762Z,KXBTC15M-26OCT050130-30,0.8400,1.00,yes
2026-10-05T05:29:10.701762Z,KXBTC15M-26OCT050130-30,0.8400,10.00,yes
2026-10-05T05:29:10.701762Z,KXBTC15M-26OCT050130-30,0.8400,1.02,yes
2026-10-05T05:29:10.701762Z,KXBTC15M-26OCT050130-30,0.8500,77.21,yes
2026-10-05T05:29:10.706618Z,KXBTC15M-26OCT050130-30,0.8500,568.72,yes
2026-10-05T05:29:10.739425Z,KXBTC15M-26OCT050130-30,0.8400,10.00,yes
2026-10-05T05:29:10.739425Z,KXBTC15M-26OCT050130-30,0.8500,11.15,yes
2026-10-05T05:29:10.761791Z,KXBTC15M-26OCT050130-30,0.8400,10.00,yes
2026-10-05T05:29:10.761791Z,KXBTC15M-26OCT050130-30,0.8500,4.12,yes
2026-10-05T05:29:10.785607Z,KXBTC15M-26OCT050130-30,0.8300,27.79,no
2026-10-05T05:29:10.809656Z,KXBTC15M-26OCT050130-30,0.8300,5.55,no
2026-10-05T05:29:10.811302Z,KXBTC15M-26OCT050130-30,0.8400,1.01,yes
2026-10-05T05:29:10.811302Z,KXBTC15M-26OCT050130-30,0.8400,10.00,yes
2026-10-05T05:29:10.811302Z,KXBTC15M-26OCT050130-30,0.8500,14.21,yes
2026-10-05T05:29:10.813769Z,KXBTC15M-26OCT050130-30,0.8500,136.00,yes
2026-10-05T05:29:10.835101Z,KXBTC15M-26OCT050130-30,0.8300,27.77,no
2026-10-05T05:29:10.835101Z,KXBTC15M-26OCT050130-30,0.8400,0.01,no
2026-10-05T05:29:10.835101Z,KXBTC15M-26OCT050130-30,0.8400,0.01,no
2026-10-05T05:29:10.85166Z,KXBTC15M-26OCT050130-30,0.8400,57.45,yes
2026-10-05T05:29:10.858897Z,KXBTC15M-26OCT050130-30,0.8400,5.88,yes
2026-10-05T05:29:10.864173Z,KXBTC15M-26OCT050130-30,0.8400,2.35,yes
2026-10-05T05:29:10.881581Z,KXBTC15M-26OCT050130-30,0.8400,2.87,yes
2026-10-05T05:29:10.894681Z,KXBTC15M-26OCT050130-30,0.8300,4.98,no
2026-10-05T05:29:10.909335Z,KXBTC15M-26OCT050130-30,0.8400,1.42,yes
2026-10-05T05:29:10.909335Z,KXBTC15M-26OCT050130-30,0.8400,0.01,yes
2026-10-05T05:29:10.909335Z,KXBTC15M-26OCT050130-30,0.8400,0.88,yes
2026-10-05T05:29:10.909335Z,KXBTC15M-26OCT050130-30,0.8400,0.01,yes
2026-10-05T05:29:10.910358Z,KXBTC15M-26OCT050130-30,0.8400,4.70,yes
2026-10-05T05:29:10.918223Z,KXBTC15M-26OCT050130-30,0.8400,2.35,yes
2026-10-05T05:29:10.921303Z,KXBTC15M-26OCT050130-30,0.8400,7.65,yes
2026-10-05T05:29:10.921303Z,KXBTC15M-26OCT050130-30,0.8500,1798.14,yes
2026-10-05T05:29:10.924968Z,KXBTC15M-26OCT050130-30,0.8500,5.76,yes
2026-10-05T05:29:10.938089Z,KXBTC15M-26OCT050130-30,0.8300,47.39,no
2026-10-05T05:29:10.950052Z,KXBTC15M-26OCT050130-30,0.8500,102.10,yes
2026-10-05T05:29:10.950052Z,KXBTC15M-26OCT050130-30,0.8500,3.00,yes
2026-10-05T05:29:10.950052Z,KXBTC15M-26OCT050130-30,0.8400,10.00,yes
2026-10-05T05:29:10.959811Z,KXBTC15M-26OCT050130-30,0.8300,4.98,no
2026-10-05T05:29:10.978906Z,KXBTC15M-26OCT050130-30,0.8400,0.67,yes
2026-10-05T05:29:10.986623Z,KXBTC15M-26OCT050130-30,0.8400,10.00,yes
2026-10-05T05:29:10.986623Z,KXBTC15M-26OCT050130-30,0.8500,24.62,yes
2026-10-05T05:29:10.990439Z,KXBTC15M-26OCT050130-30,0.8400,1.23,no
2026-10-05T05:29:11.00945Z,KXBTC15M-26OCT050130-30,0.8400,0.01,no
2026-10-05T05:29:11.00945Z,KXBTC15M-26OCT050130-30,0.8400,0.01,no
2026-10-05T05:29:11.00945Z,KXBTC15M-26OCT050130-30,0.8400,2.47,no
2026-10-05T05:29:11.031477Z,KXBTC15M-26OCT050130-30,0.8500,12.65,yes
2026-10-05T05:29:11.042557Z,KXBTC15M-26OCT050130-30,0.8500,232.84,yes
2026-10-05T05:29:11.061252Z,KXBTC15M-26OCT050130-30,0.8400,1.73,no
2026-10-05T05:29:11.070184Z,KXBTC15M-26OCT050130-30,0.8500,0.58,yes
2026-10-05T05:29:11.090442Z,KXBTC15M-26OCT050130-30,0.8400,55.59,no
2026-10-05T05:29:11.099436Z,KXBTC15M-26OCT050130-30,0.8400,5.52,no
2026-10-05T05:29:11.103514Z,KXBTC15M-26OCT050130-30,0.8400,6.31,no
2026-10-05T05:29:11.103719Z,KXBTC15M-26OCT050130-30,0.8500,0.01,yes
2026-10-05T05:29:11.103719Z,KXBTC15M-26OCT050130-30,0.8500,133.68,yes
2026-10-05T05:29:11.103719Z,KXBTC15M-26OCT050130-30,0.8500,30.00,yes
2026-10-05T05:29:11.103719Z,KXBTC15M-26OCT050130-30,0.8500,0.01,yes
2026-10-05T05:29:11.103719Z,KXBTC15M-26OCT050130-30,0.8500,10.93,yes
2026-10-05T05:29:11.11054Z,KXBTC15M-26OCT050130-30,0.8500,3.00,yes
2026-10-05T05:29:11.113283Z,KXBTC15M-26OCT050130-30,0.8400,33.18,no
2026-10-05T05:29:11.120045Z,KXBTC15M-26OCT050130-30,0.8500,1.00,yes
2026-10-05T05:29:11.120045Z,KXBTC15M-26OCT050130-30,0.8500,1.06,yes
2026-10-05T05:29:11.120045Z,KXBTC15M-26OCT050130-30,0.8500,106.07,yes
2026-10-05T05:29:11.153916Z,KXBTC15M-26OCT050130-30,0.8500,13.99,yes
2026-10-05T05:29:11.153916Z,KXBTC15M-26OCT050130-30,0.8500,1.01,yes
2026-10-05T05:29:11.178562Z,KXBTC15M-26OCT050130-30,0.8500,0.01,yes
2026-10-05T05:29:11.178562Z,KXBTC15M-26OCT050130-30,0.8500,0.01,yes
2026-10-05T05:29:11.178562Z,KXBTC15M-26OCT050130-30,0.8500,4.45,yes
2026-10-05T05:29:11.178562Z,KXBTC15M-26OCT050130-30,0.8500,1.29,yes
2026-10-05T05:29:11.183897Z,KXBTC15M-26OCT050130-30,0.8500,9.88,yes
2026-10-05T05:29:11.183897Z,KXBTC15M-26OCT050130-30,0.8500,89.30,yes
2026-10-05T05:29:11.183897Z,KXBTC15M-26OCT050130-30,0.8500,15.00,yes
2026-10-05T05:29:11.192485Z,KXBTC15M-26OCT050130-30,0.8600,7.80,yes
2026-10-05T05:29:11.192485Z,KXBTC15M-26OCT050130-30,0.8500,83.87,yes
2026-10-05T05:29:11.192485Z,KXBTC15M-26OCT050130-30,0.8500,1.01,yes
2026-10-05T05:29:11.192485Z,KXBTC15M-26OCT050130-30,0.8500,10.00,yes
2026-10-05T05:29:11.198095Z,KXBTC15M-26OCT050130-30,0.8400,2.82,no
2026-10-05T05:29:11.228663Z,KXBTC15M-26OCT050130-30,0.8600,46.14,yes
2026-10-05T05:29:11.228663Z,KXBTC15M-26OCT050130-30,0.8500,1.00,yes
2026-10-05T05:29:11.228663Z,KXBTC15M-26OCT050130-30,0.8500,10.00,yes
2026-10-05T05:29:11.264776Z,KXBTC15M-26OCT050130-30,0.8400,139.00,no
2026-10-05T05:29:11.278546Z,KXBTC15M-26OCT050130-30,0.8400,6.15,no
2026-10-05T05:29:11.285627Z,KXBTC15M-26OCT050130-30,0.8500,7.55,yes
2026-10-05T05:29:11.306297Z,KXBTC15M-26OCT050130-30,0.8500,1.32,yes
2026-10-05T05:29:11.306297Z,KXBTC15M-26OCT050130-30,0.8500,1.00,yes
2026-10-05T05:29:11.31068Z,KXBTC15M-26OCT050130-30,0.8500,0.83,yes
2026-10-05T05:29:11.315202Z,KXBTC15M-26OCT050130-30,0.8400,16.67,no
2026-10-05T05:29:11.32725Z,KXBTC15M-26OCT050130-30,0.8400,5.00,no
2026-10-05T05:29:11.332479Z,KXBTC15M-26OCT050130-30,0.8500,3.49,yes
2026-10-05T05:29:11.341943Z,KXBTC15M-26OCT050130-30,0.8600,0.40,yes
2026-10-05T05:29:11.341943Z,KXBTC15M-26OCT050130-30,0.8500,1.00,yes
2026-10-05T05:29:11.341943Z,KXBTC15M-26OCT050130-30,0.8500,10.00,yes
2026-10-05T05:29:11.344021Z,KXBTC15M-26OCT050130-30,0.8400,201.27,no
2026-10-05T05:29:11.344964Z,KXBTC15M-26OCT050130-30,0.8400,0.99,no
2026-10-05T05:29:11.353875Z,KXBTC15M-26OCT050130-30,0.8500,8.94,no
2026-10-05T05:29:11.358269Z,KXBTC15M-26OCT050130-30,0.8500,0.01,no
2026-10-05T05:29:11.373632Z,KXBTC15M-26OCT050130-30,0.8600,5.90,yes
2026-10-05T05:29:11.381238Z,KXBTC15M-26OCT050130-30,0.8600,1.13,yes
2026-10-05T05:29:11.388971Z,KXBTC15M-26OCT050130-30,0.8600,0.85,yes
2026-10-05T05:29:11.411416Z,KXBTC15M-26OCT050130-30,0.8600,11.40,yes
2026-10-05T05:29:11.420875Z,KXBTC15M-26OCT050130-30,0.8600,176.26,yes
2026-10-05T05:29:11.443917Z,KXBTC15M-26OCT050130-30,0.8600,181.18,yes
2026-10-05T05:29:11.443917Z,KXBTC15M-26OCT050130-30,0.8600,3.00,yes
2026-10-05T05:29:11.443917Z,KXBTC15M-26OCT050130-30,0.8600,190.82,yes
2026-10-05T05:29:11.455382Z,KXBTC15M-26OCT050130-30,0.8500,0.99,no
2026-10-05T05:29:11.456943Z,KXBTC15M-26OCT050130-30,0.8500,227.89,no
2026-10-05T05:29:11.464525Z,KXBTC15M-26OCT050130-30,0.8500,1.00,no
2026-10-05T05:29:11.480429Z,KXBTC15M-26OCT050130-30,0.8600,6.00,yes
2026-10-05T05:29:11.497941Z,KXBTC15M-26OCT050130-30,0.8500,112.15,no
2026-10-05T05:29:11.511917Z,KXBTC15M-26OCT050130-30,0.8600,11.40,yes
2026-10-05T05:29:11.544447Z,KXBTC15M-26OCT050130-30,0.8600,175.70,yes
2026-10-05T05:29:11.550535Z,KXBTC15M-26OCT050130-30,0.8600,68.45,yes
2026-10-05T05:29:11.55173Z,KXBTC15M-26OCT050130-30,0.8600,7.08,yes
2026-10-05T05:29:11.575378Z,KXBTC15M-26OCT050130-30,0.8600,1.13,yes
2026-10-05T05:29:11.583494Z,KXBTC15M-26OCT050130-30,0.8600,28.98,yes
2026-10-05T05:29:11.585879Z,KXBTC15M-26OCT050130-30,0.8600,4.54,yes
2026-10-05T05:29:11.585879Z,KXBTC15M-26OCT050130-30,0.8600,93.75,yes
2026-10-05T05:29:11.585879Z,KXBTC15M-26OCT050130-30,0.8600,15.00,yes
2026-10-05T05:29:11.585879Z,KXBTC15M-26OCT050130-30,0.8600,1.00,yes
2026-10-05T05:29:11.585879Z,KXBTC15M-26OCT050130-30,0.8600,510.44,yes
2026-10-05T05:29:11.588028Z,KXBTC15M-26OCT050130-30,0.8600,1.14,yes
2026-10-05T05:29:11.590308Z,KXBTC15M-26OCT050130-30,0.8600,6.00,yes
2026-10-05T05:29:11.590308Z,KXBTC15M-26OCT050130-30,0.8600,105.95,yes
2026-10-05T05:29:11.590308Z,KXBTC15M-26OCT050130-30,0.8600,1.00,yes
2026-10-05T05:29:11.635909Z,KXBTC15M-26OCT050130-30,0.8600,50.21,yes
2026-10-05T05:29:11.643765Z,KXBTC15M-26OCT050130-30,0.8600,58.78,yes
2026-10-05T05:29:11.67293Z,KXBTC15M-26OCT050130-30,0.8600,333.05,yes
2026-10-05T05:29:11.694029Z,KXBTC15M-26OCT050130-30,0.8500,189.56,no
2026-10-05T05:29:11.703427Z,KXBTC15M-26OCT050130-30,0.8600,0.56,yes
2026-10-05T05:29:11.709387Z,KXBTC15M-26OCT050130-30,0.8600,280.67,yes
2026-10-05T05:29:11.711201Z,KXBTC15M-26OCT050130-30,0.8600,0.57,yes
2026-10-05T05:29:11.722982Z,KXBTC15M-26OCT050130-30,0.8600,9.59,yes
2026-10-05T05:29:11.723616Z,KXBTC15M-26OCT050130-30,0.8600,5.30,yes
2026-10-05T05:29:11.728565Z,KXBTC15M-26OCT050130-30,0.8500,16.42,no
2026-10-05T05:29:11.729468Z,KXBTC15M-26OCT050130-30,0.8500,121.83,no
2026-10-05T05:29:11.737011Z,KXBTC15M-26OCT050130-30,0.8600,67.80,yes
2026-10-05T05:29:11.743358Z,KXBTC15M-26OCT050130-30,0.8600,114.09,yes
2026-10-05T05:29:11.775632Z,KXBTC15M-26OCT050130-30,0.8500,44.04,no
2026-10-05T05:29:11.790203Z,KXBTC15M-26OCT050130-30,0.8500,12.04,no
2026-10-05T05:29:11.83064Z,KXBTC15M-26OCT050130-30,0.8600,5.70,yes
2026-10-05T05:29:11.845221Z,KXBTC15M-26OCT050130-30,0.8600,23.02,yes
2026-10-05T05:29:11.851552Z,KXBTC15M-26OCT050130-30,0.8500,7.00,no
2026-10-05T05:29:11.852367Z,KXBTC15M-26OCT050130-30,0.8600,6.01,yes
2026-10-05T05:29:11.88475Z,KXBTC15M-26OCT050130-30,0.8600,57.57,yes
2026-10-05T05:29:11.884863Z,KXBTC15M-26OCT050130-30,0.8600,1.00,yes
2026-10-05T05:29:11.887651Z,KXBTC15M-26OCT050130-30,0.8600,57.57,yes
2026-10-05T05:29:11.893528Z,KXBTC15M-26OCT050130-30,0.8600,2.26,yes
2026-10-05T05:29:11.896821Z,KXBTC15M-26OCT050130-30,0.8600,680.47,yes
2026-10-05T05:29:11.908844Z,KXBTC15M-26OCT050130-30,0.8600,0.19,yes
2026-10-05T05:29:11.909452Z,KXBTC15M-26OCT050130-30,0.8600,5.92,yes
2026-10-05T05:29:11.909452Z,KXBTC15M-26OCT050130-30,0.8600,0.01,yes
2026-10-05T05:29:11.909452Z,KXBTC15M-26OCT050130-30,0.8600,1.00,yes
2026-10-05T05:29:11.909452Z,KXBTC15M-26OCT050130-30,0.8600,9.81,yes
2026-10-05T05:29:11.918438Z,KXBTC15M-26OCT050130-30,0.8500,234.16,no
2026-10-05T05:29:11.927926Z,KXBTC15M-26OCT050130-30,0.8700,23.97,yes
2026-10-05T05:29:11.927926Z,KXBTC15M-26OCT050130-30,0.8600,1.00,yes
2026-10-05T05:29:11.927926Z,KXBTC15M-26OCT050130-30,0.8600,10.00,yes
2026-10-05T05:29:11.931914Z,KXBTC15M-26OCT050130-30,0.8700,1.12,yes
2026-10-05T05:29:11.935306Z,KXBTC15M-26OCT050130-30,0.8600,2.60,no
2026-10-05T05:29:11.937563Z,KXBTC15M-26OCT050130-30,0.8600,9.99,no
2026-10-05T05:29:11.939812Z,KXBTC15M-26OCT050130-30,0.8600,12.58,no
2026-10-05T05:29:11.952994Z,KXBTC15M-26OCT050130-30,0.8700,112.84,yes
2026-10-05T05:29:11.964986Z,KXBTC15M-26OCT050130-30,0.8700,27.07,yes
2026-10-05T05:29:11.979182Z,KXBTC15M-26OCT050130-30,0.8700,0.36,yes
2026-10-05T05:29:12.000436Z,KXBTC15M-26OCT050130-30,0.8700,3.61,yes
2026-10-05T05:29:12.010007Z,KXBTC15M-26OCT050130-30,0.8700,0.86,yes
2026-10-05T05:29:12.019717Z,KXBTC15M-26OCT050130-30,0.8600,3.91,no
2026-10-05T05:29:12.021675Z,KXBTC15M-26OCT050130-30,0.8600,221.72,no
2026-10-05T05:29:12.022598Z,KXBTC15M-26OCT050130-30,0.8700,5.70,yes
2026-10-05T05:29:12.030201Z,KXBTC15M-26OCT050130-30,0.8600,33.00,no
2026-10-05T05:29:12.037269Z,KXBTC15M-26OCT050130-30,0.8700,92.40,yes
2026-10-05T05:29:12.048375Z,KXBTC15M-26OCT050130-30,0.8700,121.87,yes
2026-10-05T05:29:12.051661Z,KXBTC15M-26OCT050130-30,0.8700,411.22,yes
2026-10-05T05:29:12.053125Z,KXBTC15M-26OCT050130-30,0.8700,1.12,yes
2026-10-05T05:29:12.054608Z,KXBTC15M-26OCT050130-30,0.8600,14.89,no
2026-10-05T05:29:12.096495Z,KXBTC15M-26OCT050130-30,0.8700,45.56,yes
2026-10-05T05:29:12.109004Z,KXBTC15M-26OCT050130-30,0.8700,2.31,yes
2026-10-05T05:29:12.109004Z,KXBTC15M-26OCT050130-30,0.8700,3.32,yes
2026-10-05T05:29:12.11342Z,KXBTC15M-26OCT050130-30,0.8700,7.89,yes
2026-10-05T05:29:12.175352Z,KXBTC15M-26OCT050130-30,0.8600,456.00,no
2026-10-05T05:29:12.181326Z,KXBTC15M-26OCT050130-30,0.8700,28.20,yes
2026-10-05T05:29:12.206945Z,KXBTC15M-26OCT050130-30,0.8700,21.24,yes
2026-10-05T05:29:12.206945Z,KXBTC15M-26OCT050130-30,0.8700,15.00,yes
2026-10-05T05:29:12.206945Z,KXBTC15M-26OCT050130-30,0.8700,66.60,yes
2026-10-05T05:29:12.206945Z,KXBTC15M-26OCT050130-30,0.8700,10.00,yes
2026-10-05T05:29:12.239914Z,KXBTC15M-26OCT050130-30,0.8700,15.71,yes
2026-10-05T05:29:12.265504Z,KXBTC15M-26OCT050130-30,0.8700,13.55,yes
2026-10-05T05:29:12.265504Z,KXBTC15M-26OCT050130-30,0.8700,10.00,yes
2026-10-05T05:29:12.265504Z,KXBTC15M-26OCT050130-30,0.8700,89.29,yes
2026-10-05T05:29:12.282337Z,KXBTC15M-26OCT050130-30,0.8600,62.92,no
2026-10-05T05:29:12.28448Z,KXBTC15M-26OCT050130-30,0.8700,1.73,yes
2026-10-05T05:29:12.30035Z,KXBTC15M-26OCT050130-30,0.8700,56.41,yes
2026-10-05T05:29:12.310053Z,KXBTC15M-26OCT050130-30,0.8700,51.09,yes
2026-10-05T05:29:12.338356Z,KXBTC15M-26OCT050130-30,0.8700,0.86,yes
2026-10-05T05:29:12.342081Z,KXBTC15M-26OCT050130-30,0.8600,134.16,no
2026-10-05T05:29:12.355018Z,KXBTC15M-26OCT050130-30,0.8700,0.51,yes
2026-10-05T05:29:12.361251Z,KXBTC15M-26OCT050130-30,0.8700,0.49,yes
2026-10-05T05:29:12.361251Z,KXBTC15M-26OCT050130-30,0.8700,2.03,yes
2026-10-05T05:29:12.393129Z,KXBTC15M-26OCT050130-30,0.8700,9.02,yes
2026-10-05T05:29:12.394022Z,KXBTC15M-26OCT050130-30,0.8600,2.73,no
2026-10-05T05:29:12.396451Z,KXBTC15M-26OCT050130-30,0.8600,168.43,no
2026-10-05T05:29:12.400139Z,KXBTC15M-26OCT050130-30,0.8700,5.70,yes
2026-10-05T05:29:12.405964Z,KXBTC15M-26OCT050130-30,0.8600,18.16,no
2026-10-05T05:29:12.412866Z,KXBTC15M-26OCT050130-30,0.8600,6.70,no
2026-10-05T05:29:12.423071Z,KXBTC15M-26OCT050130-30,0.8600,111.63,no
2026-10-05T05:29:12.434342Z,KXBTC15M-26OCT050130-30,0.8600,23.61,no
2026-10-05T05:29:12.45426Z,KXBTC15M-26OCT050130-30,0.8800,1.00,yes
2026-10-05T05:29:12.45426Z,KXBTC15M-26OCT050130-30,0.8700,10.00,yes
2026-10-05T05:29:12.45426Z,KXBTC15M-26OCT050130-30,0.8800,150.00,yes
2026-10-05T05:29:12.45426Z,KXBTC15M-26OCT050130-30,0.8800,16.74,yes
2026-10-05T05:29:12.45426Z,KXBTC15M-26OCT050130-30,0.8900,267.56,yes
2026-10-05T05:29:12.45426Z,KXBTC15M-26OCT050130-30,0.8800,1.31,yes
2026-10-05T05:29:12.464181Z,KXBTC15M-26OCT050130-30,0.8800,15.00,yes
2026-10-05T05:29:12.464181Z,KXBTC15M-26OCT050130-30,0.8800,3.56,yes
2026-10-05T05:29:12.464181Z,KXBTC15M-26OCT050130-30,0.8800,4.00,yes
2026-10-05T05:29:12.464854Z,KXBTC15M-26OCT050130-30,0.8800,1.53,yes
2026-10-05T05:29:12.464854Z,KXBTC15M-26OCT050130-30,0.8800,6.44,yes
2026-10-05T05:29:12.479792Z,KXBTC15M-26OCT050130-30,0.8700,150.00,no
2026-10-05T05:29:12.479792Z,KXBTC15M-26OCT050130-30,0.8700,150.00,no
2026-10-05T05:29:12.479792Z,KXBTC15M-26OCT050130-30,0.8700,50.00,no
2026-10-05T05:29:12.479792Z,KXBTC15M-26OCT050130-30,0.8700,150.00,no
2026-10-05T05:29:12.479792Z,KXBTC15M-26OCT050130-30,0.8700,213.00,no
2026-10-05T05:29:12.479792Z,KXBTC15M-26OCT050130-30,0.8700,150.00,no
2026-10-05T05:29:12.479792Z,KXBTC15M-26OCT050130-30,0.8700,150.00,no
2026-10-05T05:29:12.481925Z,KXBTC15M-26OCT050130-30,0.8800,12.32,yes
2026-10-05T05:29:12.481925Z,KXBTC15M-26OCT050130-30,0.8800,10.00,yes
2026-10-05T05:29:12.487611Z,KXBTC15M-26OCT050130-30,0.8700,41.29,no
2026-10-05T05:29:12.497074Z,KXBTC15M-26OCT050130-30,0.8800,1.10,yes
2026-10-05T05:29:12.497224Z,KXBTC15M-26OCT050130-30,0.8800,2.36,yes
2026-10-05T05:29:12.508592Z,KXBTC15M-26OCT050130-30,0.8800,129.40,yes
2026-10-05T05:29:12.516413Z,KXBTC15M-26OCT050130-30,0.8800,55.81,yes
2026-10-05T05:29:12.534414Z,KXBTC15M-26OCT050130-30,0.8800,12.05,yes
2026-10-05T05:29:12.551723Z,KXBTC15M-26OCT050130-30,0.8800,2.83,yes
2026-10-05T05:29:12.551723Z,KXBTC15M-26OCT050130-30,0.8800,2.74,yes
2026-10-05T05:29:12.565024Z,KXBTC15M-26OCT050130-30,0.8700,38.00,no
2026-10-05T05:29:12.568334Z,KXBTC15M-26OCT050130-30,0.8800,1.00,yes
2026-10-05T05:29:12.568334Z,KXBTC15M-26OCT050130-30,0.8800,2.22,yes
2026-10-05T05:29:12.573472Z,KXBTC15M-26OCT050130-30,0.8800,0.28,yes
2026-10-05T05:29:12.575615Z,KXBTC15M-26OCT050130-30,0.8800,9.72,yes
2026-10-05T05:29:12.575615Z,KXBTC15M-26OCT050130-30,0.8900,5.07,yes
2026-10-05T05:29:12.59743Z,KXBTC15M-26OCT050130-30,0.8800,0.01,yes
2026-10-05T05:29:12.635508Z,KXBTC15M-26OCT050130-30,0.8700,0.67,no
2026-10-05T05:29:12.654654Z,KXBTC15M-26OCT050130-30,0.8800,7.81,yes
2026-10-05T05:29:12.668693Z,KXBTC15M-26OCT050130-30,0.8700,18.55,no
2026-10-05T05:29:12.677694Z,KXBTC15M-26OCT050130-30,0.8800,35.00,yes
2026-10-05T05:29:12.677694Z,KXBTC15M-26OCT050130-30,0.8800,0.84,yes
2026-10-05T05:29:12.677694Z,KXBTC15M-26OCT050130-30,0.8800,10.00,yes
2026-10-05T05:29:12.677694Z,KXBTC15M-26OCT050130-30,0.8800,1.00,yes
2026-10-05T05:29:12.701169Z,KXBTC15M-26OCT050130-30,0.8900,15.00,yes
2026-10-05T05:29:12.701169Z,KXBTC15M-26OCT050130-30,0.8900,123.00,yes
2026-10-05T05:29:12.701169Z,KXBTC15M-26OCT050130-30,0.8900,93.75,yes
2026-10-05T05:29:12.701169Z,KXBTC15M-26OCT050130-30,0.8800,3106.00,yes
2026-10-05T05:29:12.701169Z,KXBTC15M-26OCT050130-30,0.8900,1047.00,yes
2026-10-05T05:29:12.701169Z,KXBTC15M-26OCT050130-30,0.8800,10.00,yes
2026-10-05T05:29:12.701169Z,KXBTC15M-26OCT050130-30,0.8900,15.00,yes
2026-10-05T05:29:12.701169Z,KXBTC15M-26OCT050130-30,0.8900,93.75,yes
2026-10-05T05:29:12.701169Z,KXBTC15M-26OCT050130-30,0.8900,5.00,yes
2026-10-05T05:29:12.701169Z,KXBTC15M-26OCT050130-30,0.9000,0.89,yes
2026-10-05T05:29:12.701169Z,KXBTC15M-26OCT050130-30,0.8900,1.00,yes
2026-10-05T05:29:12.701169Z,KXBTC15M-26OCT050130-30,0.9000,280.00,yes
2026-10-05T05:29:12.701169Z,KXBTC15M-26OCT050130-30,0.9000,100.00,yes
2026-10-05T05:29:12.701169Z,KXBTC15M-26OCT050130-30,0.8900,500.00,yes
2026-10-05T05:29:12.701169Z,KXBTC15M-26OCT050130-30,0.9000,13.34,yes
2026-10-05T05:29:12.701169Z,KXBTC15M-26OCT050130-30,0.9000,1047.00,yes
2026-10-05T05:29:12.711026Z,KXBTC15M-26OCT050130-30,0.8900,170.00,no
2026-10-05T05:29:12.711062Z,KXBTC15M-26OCT050130-30,0.8900,95.00,no
2026-10-05T05:29:12.732852Z,KXBTC15M-26OCT050130-30,0.8900,233.00,no
2026-10-05T05:29:12.733459Z,KXBTC15M-26OCT050130-30,0.8900,289.00,no
2026-10-05T05:29:12.752334Z,KXBTC15M-26OCT050130-30,0.8900,1159.04,no
2026-10-05T05:29:12.763764Z,KXBTC15M-26OCT050130-30,0.8900,12.50,no
2026-10-05T05:29:12.763764Z,KXBTC15M-26OCT050130-30,0.8900,0.01,no
2026-10-05T05:29:12.763764Z,KXBTC15M-26OCT050130-30,0.8900,0.01,no
2026-10-05T05:29:12.763764Z,KXBTC15M-26OCT050130-30,0.8900,0.01,no
2026-10-05T05:29:12.770605Z,KXBTC15M-26OCT050130-30,0.8900,130.42,yes
2026-10-05T05:29:12.774825Z,KXBTC15M-26OCT050130-30,0.8800,4.64,no
2026-10-05T05:29:12.779708Z,KXBTC15M-26OCT050130-30,0.8900,2.22,yes
2026-10-05T05:29:12.785327Z,KXBTC15M-26OCT050130-30,0.8900,22.23,yes
2026-10-05T05:29:12.790294Z,KXBTC15M-26OCT050130-30,0.8800,58.00,no
2026-10-05T05:29:12.801103Z,KXBTC15M-26OCT050130-30,0.8900,527.45,yes
2026-10-05T05:29:12.875391Z,KXBTC15M-26OCT050130-30,0.8800,79.00,no
2026-10-05T05:29:12.876299Z,KXBTC15M-26OCT050130-30,0.8800,13.47,no
2026-10-05T05:29:12.898086Z,KXBTC15M-26OCT050130-30,0.8900,1.43,yes
2026-10-05T05:29:12.927307Z,KXBTC15M-26OCT050130-30,0.8800,8.23,no
2026-10-05T05:29:12.934315Z,KXBTC15M-26OCT050130-30,0.8800,7.25,no
2026-10-05T05:29:12.945437Z,KXBTC15M-26OCT050130-30,0.8900,2.22,yes
2026-10-05T05:29:12.950816Z,KXBTC15M-26OCT050130-30,0.8800,22.47,no
2026-10-05T05:29:12.957507Z,KXBTC15M-26OCT050130-30,0.8800,5.00,no
2026-10-05T05:29:12.980048Z,KXBTC15M-26OCT050130-30,0.8800,33.68,no
2026-10-05T05:29:12.981065Z,KXBTC15M-26OCT050130-30,0.8800,36.25,no
2026-10-05T05:29:12.984075Z,KXBTC15M-26OCT050130-30,0.8900,2.20,yes
2026-10-05T05:29:12.988679Z,KXBTC15M-26OCT050130-30,0.8900,6.62,yes
2026-10-05T05:29:13.023772Z,KXBTC15M-26OCT050130-30,0.8800,61.97,no
2026-10-05T05:29:13.024964Z,KXBTC15M-26OCT050130-30,0.8800,5.00,no
2026-10-05T05:29:13.029544Z,KXBTC15M-26OCT050130-30,0.8900,100.00,yes
2026-10-05T05:29:13.035579Z,KXBTC15M-26OCT050130-30,0.8700,82.89,no
2026-10-05T05:29:13.035579Z,KXBTC15M-26OCT050130-30,0.8800,712.04,no
2026-10-05T05:29:13.035579Z,KXBTC15M-26OCT050130-30,0.8800,0.01,no
2026-10-05T05:29:13.035579Z,KXBTC15M-26OCT050130-30,0.8800,205.00,no
2026-10-05T05:29:13.035579Z,KXBTC15M-26OCT050130-30,0.8800,0.05,no
2026-10-05T05:29:13.035579Z,KXBTC15M-26OCT050130-30,0.8800,0.01,no
2026-10-05T05:29:13.037518Z,KXBTC15M-26OCT050130-30,0.8700,300.00,no
2026-10-05T05:29:13.038236Z,KXBTC15M-26OCT050130-30,0.8900,17.54,yes
2026-10-05T05:29:13.039041Z,KXBTC15M-26OCT050130-30,0.8900,55.21,yes
2026-10-05T05:29:13.052683Z,KXBTC15M-26OCT050130-30,0.8700,72.50,no
2026-10-05T05:29:13.066057Z,KXBTC15M-26OCT050130-30,0.8800,8.60,yes
2026-10-05T05:29:13.066057Z,KXBTC15M-26OCT050130-30,0.8800,10.00,yes
2026-10-05T05:29:13.074564Z,KXBTC15M-26OCT050130-30,0.8800,1.10,yes
2026-10-05T05:29:13.100537Z,KXBTC15M-26OCT050130-30,0.8800,7.72,yes
2026-10-05T05:29:13.106973Z,KXBTC15M-26OCT050130-30,0.8800,0.01,yes
2026-10-05T05:29:13.106973Z,KXBTC15M-26OCT050130-30,0.8800,0.01,yes
2026-10-05T05:29:13.106973Z,KXBTC15M-26OCT050130-30,0.8800,22.53,yes
2026-10-05T05:29:13.106973Z,KXBTC15M-26OCT050130-30,0.8800,50.00,yes
2026-10-05T05:29:13.106973Z,KXBTC15M-26OCT050130-30,0.8800,20.58,yes
2026-10-05T05:29:13.112615Z,KXBTC15M-26OCT050130-30,0.8800,10.00,yes
2026-10-05T05:29:13.112615Z,KXBTC15M-26OCT050130-30,0.8800,167.47,yes
2026-10-05T05:29:13.112615Z,KXBTC15M-26OCT050130-30,0.8800,4.00,yes
2026-10-05T05:29:13.112615Z,KXBTC15M-26OCT050130-30,0.8800,15.88,yes
2026-10-05T05:29:13.112615Z,KXBTC15M-26OCT050130-30,0.8900,93.75,yes
2026-10-05T05:29:13.112615Z,KXBTC15M-26OCT050130-30,0.8800,200.00,yes
2026-10-05T05:29:13.112615Z,KXBTC15M-26OCT050130-30,0.8900,290.77,yes
2026-10-05T05:29:13.112615Z,KXBTC15M-26OCT050130-30,0.8900,64.00,yes
2026-10-05T05:29:13.112615Z,KXBTC15M-26OCT050130-30,0.8900,50.00,yes
2026-10-05T05:29:13.112615Z,KXBTC15M-26OCT050130-30,0.8900,15.00,yes
2026-10-05T05:29:13.112615Z,KXBTC15M-26OCT050130-30,0.8900,93.75,yes
2026-10-05T05:29:13.112615Z,KXBTC15M-26OCT050130-30,0.8900,0.01,yes
2026-10-05T05:29:13.112615Z,KXBTC15M-26OCT050130-30,0.8900,0.01,yes
2026-10-05T05:29:13.117914Z,KXBTC15M-26OCT050130-30,0.8800,1.00,yes
2026-10-05T05:29:13.117914Z,KXBTC15M-26OCT050130-30,0.8900,4.51,yes
2026-10-05T05:29:13.121935Z,KXBTC15M-26OCT050130-30,0.8900,4.94,yes
2026-10-05T05:29:13.135531Z,KXBTC15M-26OCT050130-30,0.8900,0.11,yes
2026-10-05T05:29:13.159543Z,KXBTC15M-26OCT050130-30,0.8800,0.83,no
2026-10-05T05:29:13.160274Z,KXBTC15M-26OCT050130-30,0.8800,14.50,no
2026-10-05T05:29:13.196661Z,KXBTC15M-26OCT050130-30,0.8900,11.16,yes
2026-10-05T05:29:13.217651Z,KXBTC15M-26OCT050130-30,0.8800,2.04,no
2026-10-05T05:29:13.262001Z,KXBTC15M-26OCT050130-30,0.8800,12.61,no
2026-10-05T05:29:13.263598Z,KXBTC15M-26OCT050130-30,0.8800,20.19,no
2026-10-05T05:29:13.264323Z,KXBTC15M-26OCT050130-30,0.8900,0.30,yes
2026-10-05T05:29:13.300746Z,KXBTC15M-26OCT050130-30,0.8900,11.15,yes
2026-10-05T05:29:13.319656Z,KXBTC15M-26OCT050130-30,0.8900,1.10,yes
2026-10-05T05:29:13.342321Z,KXBTC15M-26OCT050130-30,0.8900,24.15,yes
2026-10-05T05:29:13.34288Z,KXBTC15M-26OCT050130-30,0.8900,27.46,yes
2026-10-05T05:29:13.364062Z,KXBTC15M-26OCT050130-30,0.8900,27.87,yes
2026-10-05T05:29:13.364334Z,KXBTC15M-26OCT050130-30,0.8800,15.69,no
2026-10-05T05:29:13.364726Z,KXBTC15M-26OCT050130-30,0.8800,12.83,no
2026-10-05T05:29:13.365494Z,KXBTC15M-26OCT050130-30,0.8900,1.00,yes
2026-10-05T05:29:13.365494Z,KXBTC15M-26OCT050130-30,0.8900,10.00,yes
2026-10-05T05:29:13.365494Z,KXBTC15M-26OCT050130-30,0.8900,96.48,yes
2026-10-05T05:29:13.365494Z,KXBTC15M-26OCT050130-30,0.9000,15.00,yes
2026-10-05T05:29:13.365494Z,KXBTC15M-26OCT050130-30,0.9000,70.75,yes
2026-10-05T05:29:13.388314Z,KXBTC15M-26OCT050130-30,0.9040,494.00,yes
2026-10-05T05:29:13.388314Z,KXBTC15M-26OCT050130-30,0.9030,6.00,yes
2026-10-05T05:29:13.388314Z,KXBTC15M-26OCT050130-30,0.9000,10.00,yes
2026-10-05T05:29:13.393439Z,KXBTC15M-26OCT050130-30,0.9060,500.00,yes
2026-10-05T05:29:13.399138Z,KXBTC15M-26OCT050130-30,0.9030,10.00,yes
2026-10-05T05:29:13.416888Z,KXBTC15M-26OCT050130-30,0.9150,150.00,no
2026-10-05T05:29:13.434356Z,KXBTC15M-26OCT050130-30,0.9150,0.01,no
2026-10-05T05:29:13.434356Z,KXBTC15M-26OCT050130-30,0.9150,0.01,no
2026-10-05T05:29:13.434356Z,KXBTC15M-26OCT050130-30,0.9140,602.98,no
2026-10-05T05:29:13.434356Z,KXBTC15M-26OCT050130-30,0.9150,7.00,no
2026-10-05T05:29:13.441386Z,KXBTC15M-26OCT050130-30,0.9170,6.00,yes
2026-10-05T05:29:13.441386Z,KXBTC15M-26OCT050130-30,0.9200,3.03,yes
2026-10-05T05:29:13.441386Z,KXBTC15M-26OCT050130-30,0.9200,15.00,yes
2026-10-05T05:29:13.441386Z,KXBTC15M-26OCT050130-30,0.9200,56.00,yes
2026-10-05T05:29:13.441386Z,KXBTC15M-26OCT050130-30,0.9160,0.01,yes
2026-10-05T05:29:13.441386Z,KXBTC15M-26OCT050130-30,0.9150,150.00,yes
2026-10-05T05:29:13.441386Z,KXBTC15M-26OCT050130-30,0.9160,10.00,yes
2026-10-05T05:29:13.441386Z,KXBTC15M-26OCT050130-30,0.9160,0.01,yes
2026-10-05T05:29:13.446912Z,KXBTC15M-26OCT050130-30,0.9140,149.19,no
2026-10-05T05:29:13.448639Z,KXBTC15M-26OCT050130-30,0.9150,10.68,yes
2026-10-05T05:29:13.462721Z,KXBTC15M-26OCT050130-30,0.9140,795.00,no
2026-10-05T05:29:13.465139Z,KXBTC15M-26OCT050130-30,0.9150,17.00,yes
2026-10-05T05:29:13.479672Z,KXBTC15M-26OCT050130-30,0.9130,7.00,no
2026-10-05T05:29:13.479672Z,KXBTC15M-26OCT050130-30,0.9140,0.01,no
2026-10-05T05:29:13.479672Z,KXBTC15M-26OCT050130-30,0.9140,0.01,no
2026-10-05T05:29:13.479672Z,KXBTC15M-26OCT050130-30,0.9120,17.98,no
2026-10-05T05:29:13.506244Z,KXBTC15M-26OCT050130-30,0.9120,571.00,no
2026-10-05T05:29:13.506693Z,KXBTC15M-26OCT050130-30,0.9130,1.08,yes
2026-10-05T05:29:13.517673Z,KXBTC15M-26OCT050130-30,0.9130,1.08,yes
2026-10-05T05:29:13.532874Z,KXBTC15M-26OCT050130-30,0.9130,32.76,yes
2026-10-05T05:29:13.539264Z,KXBTC15M-26OCT050130-30,0.9120,0.01,no
2026-10-05T05:29:13.539264Z,KXBTC15M-26OCT050130-30,0.9120,15.67,no
2026-10-05T05:29:13.539264Z,KXBTC15M-26OCT050130-30,0.9120,0.01,no
2026-10-05T05:29:13.545567Z,KXBTC15M-26OCT050130-30,0.9120,17.26,no
2026-10-05T05:29:13.55155Z,KXBTC15M-26OCT050130-30,0.9120,62.74,no
2026-10-05T05:29:13.55155Z,KXBTC15M-26OCT050130-30,0.9120,0.01,no
2026-10-05T05:29:13.55155Z,KXBTC15M-26OCT050130-30,0.9120,0.01,no
2026-10-05T05:29:13.553292Z,KXBTC15M-26OCT050130-30,0.9100,105.00,no
2026-10-05T05:29:13.553292Z,KXBTC15M-26OCT050130-30,0.9090,7.00,no
2026-10-05T05:29:13.553292Z,KXBTC15M-26OCT050130-30,0.9080,18.00,no
2026-10-05T05:29:13.554015Z,KXBTC15M-26OCT050130-30,0.9120,5.10,yes
2026-10-05T05:29:13.556248Z,KXBTC15M-26OCT050130-30,0.9120,19.66,yes
2026-10-05T05:29:13.556634Z,KXBTC15M-26OCT050130-30,0.9110,0.17,yes
2026-10-05T05:29:13.572135Z,KXBTC15M-26OCT050130-30,0.9110,0.35,yes
2026-10-05T05:29:13.575468Z,KXBTC15M-26OCT050130-30,0.9110,0.27,yes
2026-10-05T05:29:13.580982Z,KXBTC15M-26OCT050130-30,0.9110,0.01,yes
2026-10-05T05:29:13.586281Z,KXBTC15M-26OCT050130-30,0.9110,5.45,yes
2026-10-05T05:29:13.596912Z,KXBTC15M-26OCT050130-30,0.9100,0.46,no
2026-10-05T05:29:13.596912Z,KXBTC15M-26OCT050130-30,0.9100,3.50,no
2026-10-05T05:29:13.596912Z,KXBTC15M-26OCT050130-30,0.9100,0.01,no
2026-10-05T05:29:13.596912Z,KXBTC15M-26OCT050130-30,0.9060,3.86,no
2026-10-05T05:29:13.596912Z,KXBTC15M-26OCT050130-30,0.9100,0.01,no
2026-10-05T05:29:13.605776Z,KXBTC15M-26OCT050130-30,0.9100,42.61,yes
2026-10-05T05:29:13.616726Z,KXBTC15M-26OCT050130-30,0.9090,5.45,yes
2026-10-05T05:29:13.634081Z,KXBTC15M-26OCT050130-30,0.9060,39.23,no
2026-10-05T05:29:13.634081Z,KXBTC15M-26OCT050130-30,0.9070,0.01,no
2026-10-05T05:29:13.668183Z,KXBTC15M-26OCT050130-30,0.9080,1.04,yes
2026-10-05T05:29:13.668183Z,KXBTC15M-26OCT050130-30,0.9080,0.01,yes
2026-10-05T05:29:13.668183Z,KXBTC15M-26OCT050130-30,0.9080,0.01,yes
2026-10-05T05:29:13.674618Z,KXBTC15M-26OCT050130-30,0.9080,2.18,yes
2026-10-05T05:29:13.686497Z,KXBTC15M-26OCT050130-30,0.9080,273.17,yes
2026-10-05T05:29:13.686767Z,KXBTC15M-26OCT050130-30,0.9070,7.00,no
2026-10-05T05:29:13.686767Z,KXBTC15M-26OCT050130-30,0.9070,0.01,no
2026-10-05T05:29:13.686767Z,KXBTC15M-26OCT050130-30,0.9070,0.01,no
2026-10-05T05:29:13.686767Z,KXBTC15M-26OCT050130-30,0.9070,22.98,no
2026-10-05T05:29:13.697253Z,KXBTC15M-26OCT050130-30,0.9070,7.84,no
2026-10-05T05:29:13.713257Z,KXBTC15M-26OCT050130-30,0.9080,61.19,yes
2026-10-05T05:29:13.731837Z,KXBTC15M-26OCT050130-30,0.9100,36.20,yes
2026-10-05T05:29:13.731837Z,KXBTC15M-26OCT050130-30,0.9080,0.01,yes
2026-10-05T05:29:13.731837Z,KXBTC15M-26OCT050130-30,0.9100,21.39,yes
2026-10-05T05:29:13.731837Z,KXBTC15M-26OCT050130-30,0.9080,10.00,yes
2026-10-05T05:29:13.731837Z,KXBTC15M-26OCT050130-30,0.9080,0.01,yes
2026-10-05T05:29:13.738019Z,KXBTC15M-26OCT050130-30,0.9090,10.25,no
2026-10-05T05:29:13.7505Z,KXBTC15M-26OCT050130-30,0.9090,0.02,no
2026-10-05T05:29:13.753848Z,KXBTC15M-26OCT050130-30,0.9080,7.00,no
2026-10-05T05:29:13.753848Z,KXBTC15M-26OCT050130-30,0.9030,7.00,no
2026-10-05T05:29:13.753848Z,KXBTC15M-26OCT050130-30,0.9090,0.01,no
2026-10-05T05:29:13.753848Z,KXBTC15M-26OCT050130-30,0.9030,5.00,no
2026-10-05T05:29:13.753848Z,KXBTC15M-26OCT050130-30,0.9070,0.01,no
2026-10-05T05:29:13.753848Z,KXBTC15M-26OCT050130-30,0.9080,0.01,no
2026-10-05T05:29:13.753848Z,KXBTC15M-26OCT050130-30,0.9020,7.96,no
2026-10-05T05:29:13.753848Z,KXBTC15M-26OCT050130-30,0.9030,75.00,no
2026-10-05T05:29:13.753848Z,KXBTC15M-26OCT050130-30,0.9090,0.01,no
2026-10-05T05:29:13.757631Z,KXBTC15M-26OCT050130-30,0.9000,42.78,no
2026-10-05T05:29:13.757631Z,KXBTC15M-26OCT050130-30,0.9010,1.00,no
2026-10-05T05:29:13.758036Z,KXBTC15M-26OCT050130-30,0.9090,5.53,yes
2026-10-05T05:29:13.782943Z,KXBTC15M-26OCT050130-30,0.8900,51.78,no
2026-10-05T05:29:13.785209Z,KXBTC15M-26OCT050130-30,0.9000,4.19,yes
2026-10-05T05:29:13.786066Z,KXBTC15M-26OCT050130-30,0.9000,1.63,yes
2026-10-05T05:29:13.802127Z,KXBTC15M-26OCT050130-30,0.9000,5.00,yes
2026-10-05T05:29:13.802127Z,KXBTC15M-26OCT050130-30,0.9000,10.00,yes
2026-10-05T05:29:13.802127Z,KXBTC15M-26OCT050130-30,0.9010,871.36,yes
2026-10-05T05:29:13.802127Z,KXBTC15M-26OCT050130-30,0.9000,0.01,yes
2026-10-05T05:29:13.802127Z,KXBTC15M-26OCT050130-30,0.9000,0.01,yes
2026-10-05T05:29:13.806154Z,KXBTC15M-26OCT050130-30,0.9000,0.82,yes
2026-10-05T05:29:13.814287Z,KXBTC15M-26OCT050130-30,0.8900,395.57,no
2026-10-05T05:29:13.817295Z,KXBTC15M-26OCT050130-30,0.8900,23.99,no
2026-10-05T05:29:13.821199Z,KXBTC15M-26OCT050130-30,0.9000,1.38,yes
2026-10-05T05:29:13.825303Z,KXBTC15M-26OCT050130-30,0.8900,15.69,no
2026-10-05T05:29:13.836265Z,KXBTC15M-26OCT050130-30,0.9000,5.00,yes
2026-10-05T05:29:13.836265Z,KXBTC15M-26OCT050130-30,0.9000,0.01,yes
2026-10-05T05:29:13.836265Z,KXBTC15M-26OCT050130-30,0.9000,0.01,yes
2026-10-05T05:29:13.836265Z,KXBTC15M-26OCT050130-30,0.9000,36.10,yes
2026-10-05T05:29:13.855837Z,KXBTC15M-26OCT050130-30,0.8900,0.25,no
2026-10-05T05:29:13.860275Z,KXBTC15M-26OCT050130-30,0.8900,45.72,no
2026-10-05T05:29:13.8651Z,KXBTC15M-26OCT050130-30,0.9000,10.95,yes
2026-10-05T05:29:13.865709Z,KXBTC15M-26OCT050130-30,0.9000,8.97,yes
2026-10-05T05:29:13.90811Z,KXBTC15M-26OCT050130-30,0.9000,9.85,yes
2026-10-05T05:29:13.920374Z,KXBTC15M-26OCT050130-30,0.9000,25.23,yes
2026-10-05T05:29:13.920374Z,KXBTC15M-26OCT050130-30,0.9000,0.01,yes
2026-10-05T05:29:13.920374Z,KXBTC15M-26OCT050130-30,0.9000,0.01,yes
2026-10-05T05:29:13.923516Z,KXBTC15M-26OCT050130-30,0.9110,150.82,yes
2026-10-05T05:29:13.923516Z,KXBTC15M-26OCT050130-30,0.9100,6.00,yes
2026-10-05T05:29:13.923516Z,KXBTC15M-26OCT050130-30,0.9000,10.00,yes
2026-10-05T05:29:13.923516Z,KXBTC15M-26OCT050130-30,0.9000,159.77,yes
2026-10-05T05:29:13.929198Z,KXBTC15M-26OCT050130-30,0.9000,25.23,yes
2026-10-05T05:29:13.929198Z,KXBTC15M-26OCT050130-30,0.9100,3.18,yes
2026-10-05T05:29:13.929198Z,KXBTC15M-26OCT050130-30,0.9000,0.01,yes
2026-10-05T05:29:13.929198Z,KXBTC15M-26OCT050130-30,0.9100,16.00,yes
2026-10-05T05:29:13.929198Z,KXBTC15M-26OCT050130-30,0.9000,0.01,yes
2026-10-05T05:29:13.929198Z,KXBTC15M-26OCT050130-30,0.9100,10.00,yes
2026-10-05T05:29:13.940114Z,KXBTC15M-26OCT050130-30,0.9100,3.66,yes
2026-10-05T05:29:13.940114Z,KXBTC15M-26OCT050130-30,0.9090,6.00,yes
2026-10-05T05:29:13.940114Z,KXBTC15M-26OCT050130-30,0.9080,10.00,yes
2026-10-05T05:29:13.963646Z,KXBTC15M-26OCT050130-30,0.9100,0.01,yes
2026-10-05T05:29:13.963646Z,KXBTC15M-26OCT050130-30,0.9080,0.01,yes
2026-10-05T05:29:13.963646Z,KXBTC15M-26OCT050130-30,0.9110,1.06,yes
2026-10-05T05:29:13.971134Z,KXBTC15M-26OCT050130-30,0.9090,10.00,yes
2026-10-05T05:29:13.971134Z,KXBTC15M-26OCT050130-30,0.9110,0.88,yes
2026-10-05T05:29:13.972976Z,KXBTC15M-26OCT050130-30,0.9100,39.24,no
2026-10-05T05:29:13.983295Z,KXBTC15M-26OCT050130-30,0.9100,110.76,no
2026-10-05T05:29:13.983295Z,KXBTC15M-26OCT050130-30,0.9100,150.00,no
2026-10-05T05:29:13.983295Z,KXBTC15M-26OCT050130-30,0.9100,31.24,no
2026-10-05T05:29:14.014847Z,KXBTC15M-26OCT050130-30,0.9110,37.21,yes
2026-10-05T05:29:14.019657Z,KXBTC15M-26OCT050130-30,0.9060,70.00,no
2026-10-05T05:29:14.019657Z,KXBTC15M-26OCT050130-30,0.9100,0.01,no
2026-10-05T05:29:14.019657Z,KXBTC15M-26OCT050130-30,0.9030,885.52,no
2026-10-05T05:29:14.019657Z,KXBTC15M-26OCT050130-30,0.9040,7.00,no
2026-10-05T05:29:14.019657Z,KXBTC15M-26OCT050130-30,0.9100,118.76,no
2026-10-05T05:29:14.019657Z,KXBTC15M-26OCT050130-30,0.9060,25.00,no
2026-10-05T05:29:14.019657Z,KXBTC15M-26OCT050130-30,0.9080,0.01,no
2026-10-05T05:29:14.019657Z,KXBTC15M-26OCT050130-30,0.9080,0.01,no
2026-10-05T05:29:14.019657Z,KXBTC15M-26OCT050130-30,0.9100,0.01,no
2026-10-05T05:29:14.028904Z,KXBTC15M-26OCT050130-30,0.9070,3.63,yes
2026-10-05T05:29:14.04014Z,KXBTC15M-26OCT050130-30,0.9020,32.78,yes
2026-10-05T05:29:14.05115Z,KXBTC15M-26OCT050130-30,0.9010,2.18,yes
2026-10-05T05:29:14.077934Z,KXBTC15M-26OCT050130-30,0.8900,22.42,no
2026-10-05T05:29:14.094676Z,KXBTC15M-26OCT050130-30,0.8900,46.00,no
2026-10-05T05:29:14.111329Z,KXBTC15M-26OCT050130-30,0.8900,50.00,no
2026-10-05T05:29:14.117093Z,KXBTC15M-26OCT050130-30,0.8900,15.00,no
2026-10-05T05:29:14.164227Z,KXBTC15M-26OCT050130-30,0.9000,0.01,yes
2026-10-05T05:29:14.164227Z,KXBTC15M-26OCT050130-30,0.9000,0.01,yes
2026-10-05T05:29:14.164227Z,KXBTC15M-26OCT050130-30,0.9000,45.00,yes
2026-10-05T05:29:14.164227Z,KXBTC15M-26OCT050130-30,0.9000,64.00,yes
2026-10-05T05:29:14.164227Z,KXBTC15M-26OCT050130-30,0.9040,1047.00,yes
2026-10-05T05:29:14.164227Z,KXBTC15M-26OCT050130-30,0.9050,34.86,yes
2026-10-05T05:29:14.164227Z,KXBTC15M-26OCT050130-30,0.9020,10.00,yes
2026-10-05T05:29:14.164227Z,KXBTC15M-26OCT050130-30,0.9000,16.19,yes
2026-10-05T05:29:14.164227Z,KXBTC15M-26OCT050130-30,0.9000,180.00,yes
2026-10-05T05:29:14.164227Z,KXBTC15M-26OCT050130-30,0.9030,6.00,yes
2026-10-05T05:29:14.164227Z,KXBTC15M-26OCT050130-30,0.9050,500.00,yes
2026-10-05T05:29:14.164227Z,KXBTC15M-26OCT050130-30,0.9000,1.00,yes
2026-10-05T05:29:14.164227Z,KXBTC15M-26OCT050130-30,0.9000,277.18,yes
2026-10-05T05:29:14.164639Z,KXBTC15M-26OCT050130-30,0.8900,78.55,no
2026-10-05T05:29:14.174289Z,KXBTC15M-26OCT050130-30,0.9000,0.01,yes
2026-10-05T05:29:14.174289Z,KXBTC15M-26OCT050130-30,0.9010,1.09,yes
2026-10-05T05:29:14.224258Z,KXBTC15M-26OCT050130-30,0.9020,5.44,yes
2026-10-05T05:29:14.224258Z,KXBTC15M-26OCT050130-30,0.9010,0.01,yes
2026-10-05T05:29:14.224258Z,KXBTC15M-26OCT050130-30,0.9010,0.01,yes
2026-10-05T05:29:14.226467Z,KXBTC15M-26OCT050130-30,0.8900,0.01,no
2026-10-05T05:29:14.226467Z,KXBTC15M-26OCT050130-30,0.9000,0.01,no
2026-10-05T05:29:14.226467Z,KXBTC15M-26OCT050130-30,0.9000,0.01,no
2026-10-05T05:29:14.226467Z,KXBTC15M-26OCT050130-30,0.8900,7.00,no
2026-10-05T05:29:14.226467Z,KXBTC15M-26OCT050130-30,0.8900,0.01,no
2026-10-05T05:29:14.226467Z,KXBTC15M-26OCT050130-30,0.8900,302.03,no
2026-10-05T05:29:14.226467Z,KXBTC15M-26OCT050130-30,0.8800,604.95,no
2026-10-05T05:29:14.226467Z,KXBTC15M-26OCT050130-30,0.8900,47.00,no
2026-10-05T05:29:14.255174Z,KXBTC15M-26OCT050130-30,0.9000,22.00,yes
2026-10-05T05:29:14.255366Z,KXBTC15M-26OCT050130-30,0.8900,4.00,no
2026-10-05T05:29:14.259943Z,KXBTC15M-26OCT050130-30,0.8900,85.57,no
2026-10-05T05:29:14.272058Z,KXBTC15M-26OCT050130-30,0.9000,1.21,yes
2026-10-05T05:29:14.277816Z,KXBTC15M-26OCT050130-30,0.8900,128.36,no
2026-10-05T05:29:14.295262Z,KXBTC15M-26OCT050130-30,0.9000,3.28,yes
2026-10-05T05:29:14.296828Z,KXBTC15M-26OCT050130-30,0.8900,33.90,no
2026-10-05T05:29:14.311738Z,KXBTC15M-26OCT050130-30,0.9000,1.68,yes
2026-10-05T05:29:14.314337Z,KXBTC15M-26OCT050130-30,0.8900,73.91,no
2026-10-05T05:29:14.31654Z,KXBTC15M-26OCT050130-30,0.9000,8.44,yes
2026-10-05T05:29:14.318533Z,KXBTC15M-26OCT050130-30,0.9040,47.00,yes
2026-10-05T05:29:14.318533Z,KXBTC15M-26OCT050130-30,0.9000,0.01,yes
2026-10-05T05:29:14.318533Z,KXBTC15M-26OCT050130-30,0.9040,94.00,yes
2026-10-05T05:29:14.318533Z,KXBTC15M-26OCT050130-30,0.9030,6.00,yes
2026-10-05T05:29:14.318533Z,KXBTC15M-26OCT050130-30,0.9030,10.00,yes
2026-10-05T05:29:14.318533Z,KXBTC15M-26OCT050130-30,0.9000,0.01,yes
2026-10-05T05:29:14.319205Z,KXBTC15M-26OCT050130-30,0.9060,181.11,yes
2026-10-05T05:29:14.319205Z,KXBTC15M-26OCT050130-30,0.9050,29.14,yes
2026-10-05T05:29:14.319205Z,KXBTC15M-26OCT050130-30,0.9050,6.00,yes
2026-10-05T05:29:14.321402Z,KXBTC15M-26OCT050130-30,0.9060,22.06,yes
2026-10-05T05:29:14.322714Z,KXBTC15M-26OCT050130-30,0.9060,114.61,yes
2026-10-05T05:29:14.333909Z,KXBTC15M-26OCT050130-30,0.9010,8.55,no
2026-10-05T05:29:14.350362Z,KXBTC15M-26OCT050130-30,0.9010,1.17,no
2026-10-05T05:29:14.351438Z,KXBTC15M-26OCT050130-30,0.9010,15.00,no
2026-10-05T05:29:14.354221Z,KXBTC15M-26OCT050130-30,0.9010,6.06,no
2026-10-05T05:29:14.355503Z,KXBTC15M-26OCT050130-30,0.9010,2.00,no
2026-10-05T05:29:14.356533Z,KXBTC15M-26OCT050130-30,0.9010,72.00,no
2026-10-05T05:29:14.369667Z,KXBTC15M-26OCT050130-30,0.9030,10.00,yes
2026-10-05T05:29:14.369667Z,KXBTC15M-26OCT050130-30,0.9030,0.01,yes
2026-10-05T05:29:14.369667Z,KXBTC15M-26OCT050130-30,0.9060,105.13,yes
2026-10-05T05:29:14.369667Z,KXBTC15M-26OCT050130-30,0.9030,0.01,yes
2026-10-05T05:29:14.375824Z,KXBTC15M-26OCT050130-30,0.9060,1.00,yes
2026-10-05T05:29:14.376134Z,KXBTC15M-26OCT050130-30,0.9030,106.66,no
2026-10-05T05:29:14.376145Z,KXBTC15M-26OCT050130-30,0.9080,48.21,yes
2026-10-05T05:29:14.376145Z,KXBTC15M-26OCT050130-30,0.9080,6.00,yes
2026-10-05T05:29:14.376145Z,KXBTC15M-26OCT050130-30,0.9060,78.87,yes
2026-10-05T05:29:14.4296Z,KXBTC15M-26OCT050130-30,0.9030,0.01,no
2026-10-05T05:29:14.4296Z,KXBTC15M-26OCT050130-30,0.9020,5.80,no
2026-10-05T05:29:14.4296Z,KXBTC15M-26OCT050130-30,0.9030,0.01,no
2026-10-05T05:29:14.442791Z,KXBTC15M-26OCT050130-30,0.9010,27.23,no
2026-10-05T05:29:14.442791Z,KXBTC15M-26OCT050130-30,0.9020,5.80,no
2026-10-05T05:29:14.442791Z,KXBTC15M-26OCT050130-30,0.9020,0.01,no
2026-10-05T05:29:14.442791Z,KXBTC15M-26OCT050130-30,0.9020,25.00,no
2026-10-05T05:29:14.442791Z,KXBTC15M-26OCT050130-30,0.9020,0.01,no
2026-10-05T05:29:14.442791Z,KXBTC15M-26OCT050130-30,0.9020,5.00,no
2026-10-05T05:29:14.451266Z,KXBTC15M-26OCT050130-30,0.9020,19.00,no
2026-10-05T05:29:14.460028Z,KXBTC15M-26OCT050130-30,0.9040,0.01,yes
2026-10-05T05:29:14.460028Z,KXBTC15M-26OCT050130-30,0.9060,1.00,yes
2026-10-05T05:29:14.460028Z,KXBTC15M-26OCT050130-30,0.9060,105.13,yes
2026-10-05T05:29:14.460028Z,KXBTC15M-26OCT050130-30,0.9050,6.00,yes
2026-10-05T05:29:14.460028Z,KXBTC15M-26OCT050130-30,0.9030,0.01,yes
2026-10-05T05:29:14.460028Z,KXBTC15M-26OCT050130-30,0.9060,34.95,yes
2026-10-05T05:29:14.460028Z,KXBTC15M-26OCT050130-30,0.9050,0.01,yes
2026-10-05T05:29:14.460028Z,KXBTC15M-26OCT050130-30,0.9030,10.00,yes
2026-10-05T05:29:14.464294Z,KXBTC15M-26OCT050130-30,0.9060,5.46,yes
2026-10-05T05:29:14.504315Z,KXBTC15M-26OCT050130-30,0.9050,4.37,yes
2026-10-05T05:29:14.525994Z,KXBTC15M-26OCT050130-30,0.9040,3.43,no
2026-10-05T05:29:14.528453Z,KXBTC15M-26OCT050130-30,0.9040,40.99,no
2026-10-05T05:29:14.529444Z,KXBTC15M-26OCT050130-30,0.9040,0.16,no
2026-10-05T05:29:14.533104Z,KXBTC15M-26OCT050130-30,0.9060,55.17,yes
2026-10-05T05:29:14.533104Z,KXBTC15M-26OCT050130-30,0.9050,10.00,yes
2026-10-05T05:29:14.533104Z,KXBTC15M-26OCT050130-30,0.9060,38.46,yes
2026-10-05T05:29:14.533104Z,KXBTC15M-26OCT050130-30,0.9060,0.01,yes
2026-10-05T05:29:14.563737Z,KXBTC15M-26OCT050130-30,0.9050,10.00,yes
2026-10-05T05:29:14.563737Z,KXBTC15M-26OCT050130-30,0.9060,44.54,yes
2026-10-05T05:29:14.575892Z,KXBTC15M-26OCT050130-30,0.9060,1.07,yes
2026-10-05T05:29:14.595838Z,KXBTC15M-26OCT050130-30,0.9050,7.00,no
2026-10-05T05:29:14.595838Z,KXBTC15M-26OCT050130-30,0.9050,0.01,no
2026-10-05T05:29:14.595838Z,KXBTC15M-26OCT050130-30,0.9050,0.01,no
2026-10-05T05:29:14.595838Z,KXBTC15M-26OCT050130-30,0.9040,2.38,no
2026-10-05T05:29:14.601921Z,KXBTC15M-26OCT050130-30,0.9040,18.46,no
2026-10-05T05:29:14.604702Z,KXBTC15M-26OCT050130-30,0.9050,10.00,yes
2026-10-05T05:29:14.604702Z,KXBTC15M-26OCT050130-30,0.9050,150.00,yes
2026-10-05T05:29:14.604702Z,KXBTC15M-26OCT050130-30,0.9050,40.93,yes
2026-10-05T05:29:14.609618Z,KXBTC15M-26OCT050130-30,0.9050,3.65,yes
2026-10-05T05:29:14.610244Z,KXBTC15M-26OCT050130-30,0.9050,6.56,yes
2026-10-05T05:29:14.616416Z,KXBTC15M-26OCT050130-30,0.9040,3.94,no
2026-10-05T05:29:14.623809Z,KXBTC15M-26OCT050130-30,0.9040,225.61,no
2026-10-05T05:29:14.627266Z,KXBTC15M-26OCT050130-30,0.9060,14.42,yes
2026-10-05T05:29:14.627266Z,KXBTC15M-26OCT050130-30,0.9060,4.35,yes
2026-10-05T05:29:14.627266Z,KXBTC15M-26OCT050130-30,0.9060,38.46,yes
2026-10-05T05:29:14.627266Z,KXBTC15M-26OCT050130-30,0.9050,10.00,yes
2026-10-05T05:29:14.627266Z,KXBTC15M-26OCT050130-30,0.9060,41.41,yes
2026-10-05T05:29:14.627266Z,KXBTC15M-26OCT050130-30,0.9050,1.00,yes
2026-10-05T05:29:14.627791Z,KXBTC15M-26OCT050130-30,0.9060,26.92,yes
2026-10-05T05:29:14.628816Z,KXBTC15M-26OCT050130-30,0.9040,9.40,no
2026-10-05T05:29:14.637039Z,KXBTC15M-26OCT050130-30,0.9050,1.96,yes
2026-10-05T05:29:14.656349Z,KXBTC15M-26OCT050130-30,0.9040,7.14,no
2026-10-05T05:29:14.658217Z,KXBTC15M-26OCT050130-30,0.9040,18.81,no
2026-10-05T05:29:14.662353Z,KXBTC15M-26OCT050130-30,0.9050,3.99,yes
2026-10-05T05:29:14.667184Z,KXBTC15M-26OCT050130-30,0.9040,22.35,no
2026-10-05T05:29:14.670589Z,KXBTC15M-26OCT050130-30,0.9040,0.41,no
2026-10-05T05:29:14.68538Z,KXBTC15M-26OCT050130-30,0.9040,5.88,no
2026-10-05T05:29:14.698738Z,KXBTC15M-26OCT050130-30,0.9060,13.83,yes
2026-10-05T05:29:14.698738Z,KXBTC15M-26OCT050130-30,0.9050,10.00,yes
2026-10-05T05:29:14.698738Z,KXBTC15M-26OCT050130-30,0.9060,3.19,yes
2026-10-05T05:29:14.701558Z,KXBTC15M-26OCT050130-30,0.9060,29.60,yes
2026-10-05T05:29:14.703622Z,KXBTC15M-26OCT050130-30,0.9040,7.00,no
2026-10-05T05:29:14.719285Z,KXBTC15M-26OCT050130-30,0.9040,205.15,no
2026-10-05T05:29:14.722013Z,KXBTC15M-26OCT050130-30,0.9060,0.01,yes
2026-10-05T05:29:14.722013Z,KXBTC15M-26OCT050130-30,0.9060,11.75,yes
2026-10-05T05:29:14.722013Z,KXBTC15M-26OCT050130-30,0.9060,1.07,yes
2026-10-05T05:29:14.722013Z,KXBTC15M-26OCT050130-30,0.9060,86.17,yes
2026-10-05T05:29:14.722013Z,KXBTC15M-26OCT050130-30,0.9050,10.00,yes
2026-10-05T05:29:14.725175Z,KXBTC15M-26OCT050130-30,0.9060,21.85,yes
2026-10-05T05:29:14.735331Z,KXBTC15M-26OCT050130-30,0.9050,10.00,yes
2026-10-05T05:29:14.735331Z,KXBTC15M-26OCT050130-30,0.9060,0.92,yes
2026-10-05T05:29:14.735331Z,KXBTC15M-26OCT050130-30,0.9050,1.00,yes
2026-10-05T05:29:14.751465Z,KXBTC15M-26OCT050130-30,0.9040,2.52,no
2026-10-05T05:29:14.761156Z,KXBTC15M-26OCT050130-30,0.9050,10.00,yes
2026-10-05T05:29:14.761156Z,KXBTC15M-26OCT050130-30,0.9060,13.02,yes
2026-10-05T05:29:14.773255Z,KXBTC15M-26OCT050130-30,0.9050,4.79,no
2026-10-05T05:29:14.787882Z,KXBTC15M-26OCT050130-30,0.9060,31.79,yes
2026-10-05T05:29:14.78958Z,KXBTC15M-26OCT050130-30,0.9060,0.58,yes
2026-10-05T05:29:14.803471Z,KXBTC15M-26OCT050130-30,0.9060,5.48,yes
2026-10-05T05:29:14.805053Z,KXBTC15M-26OCT050130-30,0.9050,0.01,no
2026-10-05T05:29:14.805053Z,KXBTC15M-26OCT050130-30,0.9040,18.96,no
2026-10-05T05:29:14.805053Z,KXBTC15M-26OCT050130-30,0.9050,7.00,no
2026-10-05T05:29:14.805053Z,KXBTC15M-26OCT050130-30,0.9050,0.01,no
2026-10-05T05:29:14.822486Z,KXBTC15M-26OCT050130-30,0.9040,1.00,no
2026-10-05T05:29:14.827467Z,KXBTC15M-26OCT050130-30,0.9040,1.06,no
2026-10-05T05:29:14.837879Z,KXBTC15M-26OCT050130-30,0.9050,17.25,yes
2026-10-05T05:29:14.837981Z,KXBTC15M-26OCT050130-30,0.9040,2546.35,no
2026-10-05T05:29:14.837981Z,KXBTC15M-26OCT050130-30,0.9040,0.01,no
2026-10-05T05:29:14.837981Z,KXBTC15M-26OCT050130-30,0.9040,0.01,no
2026-10-05T05:29:14.837981Z,KXBTC15M-26OCT050130-30,0.9010,885.63,no
2026-10-05T05:29:14.848818Z,KXBTC15M-26OCT050130-30,0.9050,21.93,yes
2026-10-05T05:29:14.852733Z,KXBTC15M-26OCT050130-30,0.9050,41.00,yes
2026-10-05T05:29:14.854353Z,KXBTC15M-26OCT050130-30,0.9010,9.65,no
2026-10-05T05:29:14.854353Z,KXBTC15M-26OCT050130-30,0.9010,0.01,no
2026-10-05T05:29:14.855367Z,KXBTC15M-26OCT050130-30,0.9050,145.18,yes
2026-10-05T05:29:14.855367Z,KXBTC15M-26OCT050130-30,0.9050,69.82,yes
2026-10-05T05:29:14.872951Z,KXBTC15M-26OCT050130-30,0.9050,0.31,yes
2026-10-05T05:29:14.886528Z,KXBTC15M-26OCT050130-30,0.9100,93.75,yes
2026-10-05T05:29:14.886528Z,KXBTC15M-26OCT050130-30,0.9050,0.01,yes
2026-10-05T05:29:14.886528Z,KXBTC15M-26OCT050130-30,0.9060,0.01,yes
2026-10-05T05:29:14.886528Z,KXBTC15M-26OCT050130-30,0.9050,0.01,yes
2026-10-05T05:29:14.886528Z,KXBTC15M-26OCT050130-30,0.9090,6.00,yes
2026-10-05T05:29:14.886528Z,KXBTC15M-26OCT050130-30,0.9070,10.00,yes
2026-10-05T05:29:14.886528Z,KXBTC15M-26OCT050130-30,0.9160,158.70,yes
2026-10-05T05:29:14.889545Z,KXBTC15M-26OCT050130-30,0.9050,100.00,no
2026-10-05T05:29:14.908477Z,KXBTC15M-26OCT050130-30,0.9150,53.72,yes
2026-10-05T05:29:14.908583Z,KXBTC15M-26OCT050130-30,0.9150,8.49,yes
2026-10-05T05:29:14.909545Z,KXBTC15M-26OCT050130-30,0.9140,104.22,no
2026-10-05T05:29:14.922597Z,KXBTC15M-26OCT050130-30,0.9140,249.00,no
2026-10-05T05:29:14.925979Z,KXBTC15M-26OCT050130-30,0.9150,4.30,yes
2026-10-05T05:29:14.932389Z,KXBTC15M-26OCT050130-30,0.9150,433.49,yes
2026-10-05T05:29:14.932389Z,KXBTC15M-26OCT050130-30,0.9160,0.01,yes
2026-10-05T05:29:14.932389Z,KXBTC15M-26OCT050130-30,0.9250,64.00,yes
2026-10-05T05:29:14.932389Z,KXBTC15M-26OCT050130-30,0.9280,25.14,yes
2026-10-05T05:29:14.947704Z,KXBTC15M-26OCT050130-30,0.9140,8.00,no
2026-10-05T05:29:14.959762Z,KXBTC15M-26OCT050130-30,0.9300,8.00,yes
2026-10-05T05:29:14.959762Z,KXBTC15M-26OCT050130-30,0.9300,15.00,yes
2026-10-05T05:29:14.959762Z,KXBTC15M-26OCT050130-30,0.9320,132.00,yes
2026-10-05T05:29:14.959762Z,KXBTC15M-26OCT050130-30,0.9320,8.00,yes
2026-10-05T05:29:14.959762Z,KXBTC15M-26OCT050130-30,0.9290,126.00,yes
2026-10-05T05:29:14.959762Z,KXBTC15M-26OCT050130-30,0.9300,64.00,yes
2026-10-05T05:29:14.959762Z,KXBTC15M-26OCT050130-30,0.9300,0.62,yes
2026-10-05T05:29:14.959762Z,KXBTC15M-26OCT050130-30,0.9300,64.00,yes
2026-10-05T05:29:14.959762Z,KXBTC15M-26OCT050130-30,0.9160,0.01,yes
2026-10-05T05:29:14.959762Z,KXBTC15M-26OCT050130-30,0.9300,15.00,yes
2026-10-05T05:29:14.959762Z,KXBTC15M-26OCT050130-30,0.9150,185.00,yes
2026-10-05T05:29:14.959762Z,KXBTC15M-26OCT050130-30,0.9330,134.00,yes
2026-10-05T05:29:14.959762Z,KXBTC15M-26OCT050130-30,0.9290,8.00,yes
2026-10-05T05:29:14.959762Z,KXBTC15M-26OCT050130-30,0.9330,245.45,yes
2026-10-05T05:29:14.960647Z,KXBTC15M-26OCT050130-30,0.9140,7.00,no
2026-10-05T05:29:14.960647Z,KXBTC15M-26OCT050130-30,0.9140,0.01,no
2026-10-05T05:29:14.960647Z,KXBTC15M-26OCT050130-30,0.9140,0.01,no
2026-10-05T05:29:14.960647Z,KXBTC15M-26OCT050130-30,0.9140,187.00,no
2026-10-05T05:29:14.960647Z,KXBTC15M-26OCT050130-30,0.9140,10.00,no
2026-10-05T05:29:14.960647Z,KXBTC15M-26OCT050130-30,0.9130,295.98,no
2026-10-05T05:29:14.966195Z,KXBTC15M-26OCT050130-30,0.9290,29.43,yes
2026-10-05T05:29:14.966195Z,KXBTC15M-26OCT050130-30,0.9280,8.00,yes
2026-10-05T05:29:14.974236Z,KXBTC15M-26OCT050130-30,0.9190,40.53,no
2026-10-05T05:29:14Z,KXBTC15M-26OCT050130-30,0.9100,31.24,no
2026-10-05T05:29:14Z,KXBTC15M-26OCT050130-30,0.9100,118.76,no
2026-10-05T05:29:15.007402Z,KXBTC15M-26OCT050130-30,0.9220,2.04,no
2026-10-05T05:29:15.007586Z,KXBTC15M-26OCT050130-30,0.9220,7.00,no
2026-10-05T05:29:15.017627Z,KXBTC15M-26OCT050130-30,0.9220,9.79,no
2026-10-05T05:29:15.028177Z,KXBTC15M-26OCT050130-30,0.9220,18.65,no
2026-10-05T05:29:15.0484Z,KXBTC15M-26OCT050130-30,0.9200,0.01,no
2026-10-05T05:29:15.0484Z,KXBTC15M-26OCT050130-30,0.9200,0.01,no
2026-10-05T05:29:15.0484Z,KXBTC15M-26OCT050130-30,0.9190,30.85,no
2026-10-05T05:29:15.0484Z,KXBTC15M-26OCT050130-30,0.9210,0.01,no
2026-10-05T05:29:15.0484Z,KXBTC15M-26OCT050130-30,0.9210,0.01,no
2026-10-05T05:29:15.0484Z,KXBTC15M-26OCT050130-30,0.9220,0.01,no
2026-10-05T05:29:15.0484Z,KXBTC15M-26OCT050130-30,0.9220,0.01,no
2026-10-05T05:29:15.04862Z,KXBTC15M-26OCT050130-30,0.9230,35.45,yes
2026-10-05T05:29:15.069394Z,KXBTC15M-26OCT050130-30,0.9190,6.75,no
2026-10-05T05:29:15.069394Z,KXBTC15M-26OCT050130-30,0.9210,0.01,no
2026-10-05T05:29:15.069394Z,KXBTC15M-26OCT050130-30,0.9210,0.01,no
2026-10-05T05:29:15.069394Z,KXBTC15M-26OCT050130-30,0.9210,1.00,no
2026-10-05T05:29:15.074078Z,KXBTC15M-26OCT050130-30,0.9210,2.14,yes
2026-10-05T05:29:15.07758Z,KXBTC15M-26OCT050130-30,0.9210,33.00,yes
2026-10-05T05:29:15.088166Z,KXBTC15M-26OCT050130-30,0.9190,7.25,no
2026-10-05T05:29:15.092093Z,KXBTC15M-26OCT050130-30,0.9190,20.00,no
2026-10-05T05:29:15.103356Z,KXBTC15M-26OCT050130-30,0.9190,0.01,no
2026-10-05T05:29:15.103356Z,KXBTC15M-26OCT050130-30,0.9190,0.01,no
2026-10-05T05:29:15.103356Z,KXBTC15M-26OCT050130-30,0.9150,4.25,no
2026-10-05T05:29:15.104366Z,KXBTC15M-26OCT050130-30,0.9150,4.02,no
2026-10-05T05:29:15.109327Z,KXBTC15M-26OCT050130-30,0.9190,17.00,yes
2026-10-05T05:29:15.110749Z,KXBTC15M-26OCT050130-30,0.9190,10.95,yes
2026-10-05T05:29:15.121788Z,KXBTC15M-26OCT050130-30,0.9130,17.61,no
2026-10-05T05:29:15.121788Z,KXBTC15M-26OCT050130-30,0.9150,0.01,no
2026-10-05T05:29:15.121788Z,KXBTC15M-26OCT050130-30,0.9160,0.01,no
2026-10-05T05:29:15.121788Z,KXBTC15M-26OCT050130-30,0.9140,7.00,no
2026-10-05T05:29:15.121788Z,KXBTC15M-26OCT050130-30,0.9160,0.01,no
2026-10-05T05:29:15.121788Z,KXBTC15M-26OCT050130-30,0.9150,40.00,no
2026-10-05T05:29:15.121788Z,KXBTC15M-26OCT050130-30,0.9160,10.00,no
2026-10-05T05:29:15.121788Z,KXBTC15M-26OCT050130-30,0.9150,21.73,no
2026-10-05T05:29:15.121788Z,KXBTC15M-26OCT050130-30,0.9150,0.01,no
2026-10-05T05:29:15.124211Z,KXBTC15M-26OCT050130-30,0.9130,7.88,no
2026-10-05T05:29:15.125817Z,KXBTC15M-26OCT050130-30,0.9130,25.00,no
2026-10-05T05:29:15.146678Z,KXBTC15M-26OCT050130-30,0.9170,170.53,yes
2026-10-05T05:29:15.146678Z,KXBTC15M-26OCT050130-30,0.9170,54.00,yes
2026-10-05T05:29:15.153187Z,KXBTC15M-26OCT050130-30,0.9160,9.52,no
2026-10-05T05:29:15.156Z,KXBTC15M-26OCT050130-30,0.9170,10.75,yes
2026-10-05T05:29:15.201275Z,KXBTC15M-26OCT050130-30,0.9160,5.46,no
2026-10-05T05:29:15.204263Z,KXBTC15M-26OCT050130-30,0.9160,1.83,no
2026-10-05T05:29:15.204817Z,KXBTC15M-26OCT050130-30,0.9160,9.79,no
2026-10-05T05:29:15.240447Z,KXBTC15M-26OCT050130-30,0.9170,21.25,yes
2026-10-05T05:29:15.25234Z,KXBTC15M-26OCT050130-30,0.9170,6.00,yes
2026-10-05T05:29:15.252805Z,KXBTC15M-26OCT050130-30,0.9170,5.26,yes
2026-10-05T05:29:15.257102Z,KXBTC15M-26OCT050130-30,0.9170,6.18,yes
2026-10-05T05:29:15.257102Z,KXBTC15M-26OCT050130-30,0.9170,0.01,yes
2026-10-05T05:29:15.257102Z,KXBTC15M-26OCT050130-30,0.9170,0.01,yes
2026-10-05T05:29:15.257102Z,KXBTC15M-26OCT050130-30,0.9170,10.74,yes
2026-10-05T05:29:15.26242Z,KXBTC15M-26OCT050130-30,0.9160,35.23,no
2026-10-05T05:29:15.269506Z,KXBTC15M-26OCT050130-30,0.9160,19.59,no
2026-10-05T05:29:15.276796Z,KXBTC15M-26OCT050130-30,0.9160,1.09,no
2026-10-05T05:29:15.295787Z,KXBTC15M-26OCT050130-30,0.9170,16.11,yes
2026-10-05T05:29:15.29625Z,KXBTC15M-26OCT050130-30,0.9170,0.01,yes
2026-10-05T05:29:15.29625Z,KXBTC15M-26OCT050130-30,0.9170,0.01,yes
2026-10-05T05:29:15.29625Z,KXBTC15M-26OCT050130-30,0.9170,52.71,yes
2026-10-05T05:29:15.29625Z,KXBTC15M-26OCT050130-30,0.9170,10.42,yes
2026-10-05T05:29:15.296903Z,KXBTC15M-26OCT050130-30,0.9170,2.28,yes
2026-10-05T05:29:15.309744Z,KXBTC15M-26OCT050130-30,0.9170,33.51,yes
2026-10-05T05:29:15.319718Z,KXBTC15M-26OCT050130-30,0.9170,7.00,yes
2026-10-05T05:29:15.340496Z,KXBTC15M-26OCT050130-30,0.9170,0.25,yes
2026-10-05T05:29:15.347839Z,KXBTC15M-26OCT050130-30,0.9170,1.08,yes
2026-10-05T05:29:15.369635Z,KXBTC15M-26OCT050130-30,0.9170,10.42,yes
2026-10-05T05:29:15.369635Z,KXBTC15M-26OCT050130-30,0.9170,2.28,yes
2026-10-05T05:29:15.369635Z,KXBTC15M-26OCT050130-30,0.9170,130.46,yes
2026-10-05T05:29:15.369635Z,KXBTC15M-26OCT050130-30,0.9170,107.00,yes
2026-10-05T05:29:15.369635Z,KXBTC15M-26OCT050130-30,0.9170,26.66,yes
2026-10-05T05:29:15.369635Z,KXBTC15M-26OCT050130-30,0.9170,0.01,yes
2026-10-05T05:29:15.369635Z,KXBTC15M-26OCT050130-30,0.9170,33.51,yes
2026-10-05T05:29:15.369635Z,KXBTC15M-26OCT050130-30,0.9170,0.01,yes
2026-10-05T05:29:15.370755Z,KXBTC15M-26OCT050130-30,0.9160,6.02,no
2026-10-05T05:29:15.375499Z,KXBTC15M-26OCT050130-30,0.9190,56.00,yes
2026-10-05T05:29:15.375499Z,KXBTC15M-26OCT050130-30,0.9170,27.34,yes
2026-10-05T05:29:15.375499Z,KXBTC15M-26OCT050130-30,0.9170,7.00,yes
2026-10-05T05:29:15.375499Z,KXBTC15M-26OCT050130-30,0.9210,101.21,yes
2026-10-05T05:29:15.375499Z,KXBTC15M-26OCT050130-30,0.9190,56.00,yes
2026-10-05T05:29:15.375499Z,KXBTC15M-26OCT050130-30,0.9200,64.00,yes
2026-10-05T05:29:15.375499Z,KXBTC15M-26OCT050130-30,0.9170,1.33,yes
2026-10-05T05:29:15.399164Z,KXBTC15M-26OCT050130-30,0.9190,70.26,yes
2026-10-05T05:29:15.401014Z,KXBTC15M-26OCT050130-30,0.9190,15.08,yes
2026-10-05T05:29:15.403042Z,KXBTC15M-26OCT050130-30,0.9180,10.20,no
2026-10-05T05:29:15.404438Z,KXBTC15M-26OCT050130-30,0.9190,0.01,yes
2026-10-05T05:29:15.404438Z,KXBTC15M-26OCT050130-30,0.9190,0.01,yes
2026-10-05T05:29:15.404438Z,KXBTC15M-26OCT050130-30,0.9200,29.00,yes
2026-10-05T05:29:15.404438Z,KXBTC15M-26OCT050130-30,0.9190,99.66,yes
2026-10-05T05:29:15.404535Z,KXBTC15M-26OCT050130-30,0.9200,31.00,yes
2026-10-05T05:29:15.409746Z,KXBTC15M-26OCT050130-30,0.9180,15.65,no
2026-10-05T05:29:15.409807Z,KXBTC15M-26OCT050130-30,0.9180,10.50,no
2026-10-05T05:29:15.415588Z,KXBTC15M-26OCT050130-30,0.9180,113.89,no
2026-10-05T05:29:15.422418Z,KXBTC15M-26OCT050130-30,0.9190,11.85,yes
2026-10-05T05:29:15.426795Z,KXBTC15M-26OCT050130-30,0.9190,58.41,yes
2026-10-05T05:29:15.426795Z,KXBTC15M-26OCT050130-30,0.9190,48.07,yes
2026-10-05T05:29:15.442309Z,KXBTC15M-26OCT050130-30,0.9190,0.01,yes
2026-10-05T05:29:15.442309Z,KXBTC15M-26OCT050130-30,0.9190,38.19,yes
2026-10-05T05:29:15.442309Z,KXBTC15M-26OCT050130-30,0.9190,0.01,yes
2026-10-05T05:29:15.481075Z,KXBTC15M-26OCT050130-30,0.9190,0.01,yes
2026-10-05T05:29:15.481075Z,KXBTC15M-26OCT050130-30,0.9190,0.01,yes
2026-10-05T05:29:15.481075Z,KXBTC15M-26OCT050130-30,0.9200,0.01,yes
2026-10-05T05:29:15.481075Z,KXBTC15M-26OCT050130-30,0.9200,412.62,yes
2026-10-05T05:29:15.481075Z,KXBTC15M-26OCT050130-30,0.9200,4.00,yes
2026-10-05T05:29:15.481075Z,KXBTC15M-26OCT050130-30,0.9200,0.01,yes
2026-10-05T05:29:15.48703Z,KXBTC15M-26OCT050130-30,0.9190,10.93,no
2026-10-05T05:29:15.501279Z,KXBTC15M-26OCT050130-30,0.9190,10.80,no
2026-10-05T05:29:15.519383Z,KXBTC15M-26OCT050130-30,0.9190,16.21,no
2026-10-05T05:29:15.524198Z,KXBTC15M-26OCT050130-30,0.9190,2.23,no
2026-10-05T05:29:15.525792Z,KXBTC15M-26OCT050130-30,0.9190,2.48,no
2026-10-05T05:29:15.52716Z,KXBTC15M-26OCT050130-30,0.9190,54.01,no
2026-10-05T05:29:15.531126Z,KXBTC15M-26OCT050130-30,0.9190,2.16,no
2026-10-05T05:29:15.541141Z,KXBTC15M-26OCT050130-30,0.9200,0.16,yes
2026-10-05T05:29:15.547163Z,KXBTC15M-26OCT050130-30,0.9200,4.09,yes
2026-10-05T05:29:15.551583Z,KXBTC15M-26OCT050130-30,0.9200,3.24,yes
2026-10-05T05:29:15.563225Z,KXBTC15M-26OCT050130-30,0.9200,56.51,yes
2026-10-05T05:29:15.563225Z,KXBTC15M-26OCT050130-30,0.9200,55.04,yes
2026-10-05T05:29:15.563225Z,KXBTC15M-26OCT050130-30,0.9200,0.01,yes
2026-10-05T05:29:15.567158Z,KXBTC15M-26OCT050130-30,0.9190,51.00,no
2026-10-05T05:29:15.567403Z,KXBTC15M-26OCT050130-30,0.9190,0.01,no
2026-10-05T05:29:15.567403Z,KXBTC15M-26OCT050130-30,0.9190,0.18,no
2026-10-05T05:29:15.567403Z,KXBTC15M-26OCT050130-30,0.9190,0.01,no
2026-10-05T05:29:15.580596Z,KXBTC15M-26OCT050130-30,0.9200,64.00,yes
2026-10-05T05:29:15.580596Z,KXBTC15M-26OCT050130-30,0.9200,0.01,yes
2026-10-05T05:29:15.580596Z,KXBTC15M-26OCT050130-30,0.9200,55.04,yes
2026-10-05T05:29:15.580596Z,KXBTC15M-26OCT050130-30,0.9200,0.01,yes
2026-10-05T05:29:15.580596Z,KXBTC15M-26OCT050130-30,0.9200,129.96,yes
2026-10-05T05:29:15.580596Z,KXBTC15M-26OCT050130-30,0.9230,0.47,yes
2026-10-05T05:29:15.587223Z,KXBTC15M-26OCT050130-30,0.9230,27.59,yes
2026-10-05T05:29:15.587223Z,KXBTC15M-26OCT050130-30,0.9220,1.00,yes
2026-10-05T05:29:15.587223Z,KXBTC15M-26OCT050130-30,0.9230,7.53,yes
2026-10-05T05:29:15.588069Z,KXBTC15M-26OCT050130-30,0.9220,96.61,yes
2026-10-05T05:29:15.588988Z,KXBTC15M-26OCT050130-30,0.9200,150.00,no
2026-10-05T05:29:15.588988Z,KXBTC15M-26OCT050130-30,0.9200,0.01,no
2026-10-05T05:29:15.588988Z,KXBTC15M-26OCT050130-30,0.9200,0.01,no
2026-10-05T05:29:15.597179Z,KXBTC15M-26OCT050130-30,0.9200,21.24,yes
2026-10-05T05:29:15.600573Z,KXBTC15M-26OCT050130-30,0.9190,0.01,no
2026-10-05T05:29:15.600573Z,KXBTC15M-26OCT050130-30,0.9180,0.01,no
2026-10-05T05:29:15.600573Z,KXBTC15M-26OCT050130-30,0.9190,0.01,no
2026-10-05T05:29:15.600573Z,KXBTC15M-26OCT050130-30,0.9170,7.00,no
2026-10-05T05:29:15.600573Z,KXBTC15M-26OCT050130-30,0.9180,0.01,no
2026-10-05T05:29:15.600573Z,KXBTC15M-26OCT050130-30,0.9160,47.60,no
2026-10-05T05:29:15.600772Z,KXBTC15M-26OCT050130-30,0.9200,21.19,yes
2026-10-05T05:29:15.611195Z,KXBTC15M-26OCT050130-30,0.9200,0.01,yes
2026-10-05T05:29:15.611195Z,KXBTC15M-26OCT050130-30,0.9200,64.00,yes
2026-10-05T05:29:15.611195Z,KXBTC15M-26OCT050130-30,0.9200,21.57,yes
2026-10-05T05:29:15.611195Z,KXBTC15M-26OCT050130-30,0.9200,14.41,yes
2026-10-05T05:29:15.611195Z,KXBTC15M-26OCT050130-30,0.9200,0.01,yes
2026-10-05T05:29:15.644289Z,KXBTC15M-26OCT050130-30,0.9170,0.01,no
2026-10-05T05:29:15.644289Z,KXBTC15M-26OCT050130-30,0.9170,7.00,no
2026-10-05T05:29:15.644289Z,KXBTC15M-26OCT050130-30,0.9170,92.98,no
2026-10-05T05:29:15.644289Z,KXBTC15M-26OCT050130-30,0.9170,0.01,no
2026-10-05T05:29:15.673312Z,KXBTC15M-26OCT050130-30,0.9180,5.31,yes
2026-10-05T05:29:15.676022Z,KXBTC15M-26OCT050130-30,0.9130,0.02,no
2026-10-05T05:29:15.676022Z,KXBTC15M-26OCT050130-30,0.9160,0.01,no
2026-10-05T05:29:15.676022Z,KXBTC15M-26OCT050130-30,0.9160,0.01,no
2026-10-05T05:29:15.676022Z,KXBTC15M-26OCT050130-30,0.9170,0.01,no
2026-10-05T05:29:15.676022Z,KXBTC15M-26OCT050130-30,0.9170,0.01,no
2026-10-05T05:29:15.682626Z,KXBTC15M-26OCT050130-30,0.9120,5.00,no
2026-10-05T05:29:15.682626Z,KXBTC15M-26OCT050130-30,0.9130,39.98,no
2026-10-05T05:29:15.682626Z,KXBTC15M-26OCT050130-30,0.9120,20.01,no
2026-10-05T05:29:15.682626Z,KXBTC15M-26OCT050130-30,0.9130,0.01,no
2026-10-05T05:29:15.682626Z,KXBTC15M-26OCT050130-30,0.9120,43.00,no
2026-10-05T05:29:15.686749Z,KXBTC15M-26OCT050130-30,0.9140,236.44,no
2026-10-05T05:29:15.686749Z,KXBTC15M-26OCT050130-30,0.9160,0.01,no
2026-10-05T05:29:15.696916Z,KXBTC15M-26OCT050130-30,0.9170,0.25,yes
2026-10-05T05:29:15.709206Z,KXBTC15M-26OCT050130-30,0.9140,15.47,no
2026-10-05T05:29:15.712467Z,KXBTC15M-26OCT050130-30,0.9140,4.71,no
2026-10-05T05:29:15.716809Z,KXBTC15M-26OCT050130-30,0.9140,109.36,no
2026-10-05T05:29:15.716809Z,KXBTC15M-26OCT050130-30,0.9140,0.01,no
2026-10-05T05:29:15.716809Z,KXBTC15M-26OCT050130-30,0.9140,895.70,no
2026-10-05T05:29:15.716809Z,KXBTC15M-26OCT050130-30,0.9140,0.01,no
2026-10-05T05:29:15.732528Z,KXBTC15M-26OCT050130-30,0.9150,2.17,yes
2026-10-05T05:29:15.756493Z,KXBTC15M-26OCT050130-30,0.9150,21.68,yes
2026-10-05T05:29:15.775165Z,KXBTC15M-26OCT050130-30,0.9150,1.19,yes
2026-10-05T05:29:15.776504Z,KXBTC15M-26OCT050130-30,0.9150,0.01,yes
2026-10-05T05:29:15.8248Z,KXBTC15M-26OCT050130-30,0.9150,2.15,yes
2026-10-05T05:29:15.825284Z,KXBTC15M-26OCT050130-30,0.9140,4.89,no
2026-10-05T05:29:15.866725Z,KXBTC15M-26OCT050130-30,0.9140,0.01,no
2026-10-05T05:29:15.866725Z,KXBTC15M-26OCT050130-30,0.9140,1.06,no
2026-10-05T05:29:15.866725Z,KXBTC15M-26OCT050130-30,0.9140,0.01,no
2026-10-05T05:29:15.884237Z,KXBTC15M-26OCT050130-30,0.9150,11.79,yes
2026-10-05T05:29:15.895701Z,KXBTC15M-26OCT050130-30,0.9150,13.76,yes
2026-10-05T05:29:15.908544Z,KXBTC15M-26OCT050130-30,0.9110,9.80,no
2026-10-05T05:29:15.908544Z,KXBTC15M-26OCT050130-30,0.9140,0.01,no
2026-10-05T05:29:15.908544Z,KXBTC15M-26OCT050130-30,0.9140,0.01,no
2026-10-05T05:29:15.908544Z,KXBTC15M-26OCT050130-30,0.9110,2.36,no
2026-10-05T05:29:15.912065Z,KXBTC15M-26OCT050130-30,0.9110,9.79,no
2026-10-05T05:29:15.958599Z,KXBTC15M-26OCT050130-30,0.9150,1.08,yes
2026-10-05T05:29:15.972497Z,KXBTC15M-26OCT050130-30,0.9110,22.44,no
2026-10-05T05:29:15.980801Z,KXBTC15M-26OCT050130-30,0.9110,5.58,no
2026-10-05T05:29:15.982315Z,KXBTC15M-26OCT050130-30,0.9150,10.17,yes
2026-10-05T05:29:15.982315Z,KXBTC15M-26OCT050130-30,0.9150,0.01,yes
2026-10-05T05:29:15.982315Z,KXBTC15M-26OCT050130-30,0.9150,0.63,yes
2026-10-05T05:29:15.982315Z,KXBTC15M-26OCT050130-30,0.9150,0.01,yes
2026-10-05T05:29:15.989287Z,KXBTC15M-26OCT050130-30,0.9110,18.26,no
2026-10-05T05:29:16.024124Z,KXBTC15M-26OCT050130-30,0.9120,25.00,no
2026-10-05T05:29:16.052917Z,KXBTC15M-26OCT050130-30,0.9130,108.31,yes
2026-10-05T05:29:16.054542Z,KXBTC15M-26OCT050130-30,0.9130,15.47,yes
2026-10-05T05:29:16.058179Z,KXBTC15M-26OCT050130-30,0.9130,5.43,yes
2026-10-05T05:29:16.074368Z,KXBTC15M-26OCT050130-30,0.9130,1.13,yes
2026-10-05T05:29:16.084689Z,KXBTC15M-26OCT050130-30,0.9130,1.08,yes
2026-10-05T05:29:16.096341Z,KXBTC15M-26OCT050130-30,0.9130,64.32,yes
2026-10-05T05:29:16.102198Z,KXBTC15M-26OCT050130-30,0.9100,17.73,no
2026-10-05T05:29:16.102198Z,KXBTC15M-26OCT050130-30,0.9110,0.01,no
2026-10-05T05:29:16.102198Z,KXBTC15M-26OCT050130-30,0.9110,0.01,no
2026-10-05T05:29:16.102198Z,KXBTC15M-26OCT050130-30,0.9120,1.00,no
2026-10-05T05:29:16.102198Z,KXBTC15M-26OCT050130-30,0.9120,0.01,no
2026-10-05T05:29:16.102198Z,KXBTC15M-26OCT050130-30,0.9120,1.01,no
2026-10-05T05:29:16.102198Z,KXBTC15M-26OCT050130-30,0.9120,0.01,no
2026-10-05T05:29:16.125926Z,KXBTC15M-26OCT050130-30,0.9100,16.74,no
2026-10-05T05:29:16.125926Z,KXBTC15M-26OCT050130-30,0.9110,0.01,no
2026-10-05T05:29:16.125926Z,KXBTC15M-26OCT050130-30,0.9110,275.00,no
2026-10-05T05:29:16.125926Z,KXBTC15M-26OCT050130-30,0.9110,0.01,no
2026-10-05T05:29:16.14773Z,KXBTC15M-26OCT050130-30,0.9100,15.53,no
2026-10-05T05:29:16.14773Z,KXBTC15M-26OCT050130-30,0.9100,80.96,no
2026-10-05T05:29:16.14773Z,KXBTC15M-26OCT050130-30,0.9100,0.01,no
2026-10-05T05:29:16.14773Z,KXBTC15M-26OCT050130-30,0.9100,0.01,no
2026-10-05T05:29:16.155549Z,KXBTC15M-26OCT050130-30,0.9110,1.08,yes
2026-10-05T05:29:16.197586Z,KXBTC15M-26OCT050130-30,0.9100,69.42,no
2026-10-05T05:29:16.198591Z,KXBTC15M-26OCT050130-30,0.9100,2.45,no
2026-10-05T05:29:16.206811Z,KXBTC15M-26OCT050130-30,0.9120,0.01,yes
2026-10-05T05:29:16.206811Z,KXBTC15M-26OCT050130-30,0.9110,0.01,yes
2026-10-05T05:29:16.206811Z,KXBTC15M-26OCT050130-30,0.9120,0.01,yes
2026-10-05T05:29:16.206811Z,KXBTC15M-26OCT050130-30,0.9120,7.00,yes
2026-10-05T05:29:16.206811Z,KXBTC15M-26OCT050130-30,0.9130,47.28,yes
2026-10-05T05:29:16.206811Z,KXBTC15M-26OCT050130-30,0.9110,0.01,yes
2026-10-05T05:29:16.215079Z,KXBTC15M-26OCT050130-30,0.9130,57.40,yes
2026-10-05T05:29:16.216907Z,KXBTC15M-26OCT050130-30,0.9130,61.63,yes
2026-10-05T05:29:16.220079Z,KXBTC15M-26OCT050130-30,0.9130,337.88,yes
2026-10-05T05:29:16.227079Z,KXBTC15M-26OCT050130-30,0.9170,95.68,yes
2026-10-05T05:29:16.227079Z,KXBTC15M-26OCT050130-30,0.9130,0.01,yes
2026-10-05T05:29:16.227079Z,KXBTC15M-26OCT050130-30,0.9130,17.42,yes
2026-10-05T05:29:16.227079Z,KXBTC15M-26OCT050130-30,0.9130,0.01,yes
2026-10-05T05:29:16.227079Z,KXBTC15M-26OCT050130-30,0.9160,7.00,yes
2026-10-05T05:29:16.240642Z,KXBTC15M-26OCT050130-30,0.9120,30.44,no
2026-10-05T05:29:16.252082Z,KXBTC15M-26OCT050130-30,0.9130,17.01,no
2026-10-05T05:29:16.252082Z,KXBTC15M-26OCT050130-30,0.9130,0.01,no
2026-10-05T05:29:16.252082Z,KXBTC15M-26OCT050130-30,0.9130,0.01,no
2026-10-05T05:29:16.258084Z,KXBTC15M-26OCT050130-30,0.9160,7.00,yes
2026-10-05T05:29:16.258084Z,KXBTC15M-26OCT050130-30,0.9160,0.01,yes
2026-10-05T05:29:16.258084Z,KXBTC15M-26OCT050130-30,0.9160,0.01,yes
2026-10-05T05:29:16.258084Z,KXBTC15M-26OCT050130-30,0.9160,53.46,yes
2026-10-05T05:29:16.258492Z,KXBTC15M-26OCT050130-30,0.9130,52.20,no
2026-10-05T05:29:16.267427Z,KXBTC15M-26OCT050130-30,0.9130,0.01,no
2026-10-05T05:29:16.267427Z,KXBTC15M-26OCT050130-30,0.9110,6.36,no
2026-10-05T05:29:16.267427Z,KXBTC15M-26OCT050130-30,0.9130,0.01,no
2026-10-05T05:29:16.267427Z,KXBTC15M-26OCT050130-30,0.9130,7.00,no
2026-10-05T05:29:16.267427Z,KXBTC15M-26OCT050130-30,0.9120,0.01,no
2026-10-05T05:29:16.267427Z,KXBTC15M-26OCT050130-30,0.9120,7.00,no
2026-10-05T05:29:16.267427Z,KXBTC15M-26OCT050130-30,0.9140,1.01,no
2026-10-05T05:29:16.267427Z,KXBTC15M-26OCT050130-30,0.9120,0.01,no
2026-10-05T05:29:16.271313Z,KXBTC15M-26OCT050130-30,0.9140,0.01,no
2026-10-05T05:29:16.271313Z,KXBTC15M-26OCT050130-30,0.9110,166.35,no
2026-10-05T05:29:16.271313Z,KXBTC15M-26OCT050130-30,0.9140,0.01,no
2026-10-05T05:29:16.292837Z,KXBTC15M-26OCT050130-30,0.9130,0.01,no
2026-10-05T05:29:16.292837Z,KXBTC15M-26OCT050130-30,0.9130,1.62,no
2026-10-05T05:29:16.292837Z,KXBTC15M-26OCT050130-30,0.9130,0.01,no
2026-10-05T05:29:16.293029Z,KXBTC15M-26OCT050130-30,0.9140,12.00,yes
2026-10-05T05:29:16.32228Z,KXBTC15M-26OCT050130-30,0.9140,1.08,yes
2026-10-05T05:29:16.324068Z,KXBTC15M-26OCT050130-30,0.9140,65.18,yes
2026-10-05T05:29:16.328936Z,KXBTC15M-26OCT050130-30,0.9130,5.28,no
2026-10-05T05:29:16.329802Z,KXBTC15M-26OCT050130-30,0.9130,118.02,no
2026-10-05T05:29:16.354495Z,KXBTC15M-26OCT050130-30,0.9130,35.27,no
2026-10-05T05:29:16.355666Z,KXBTC15M-26OCT050130-30,0.9140,38.02,yes
2026-10-05T05:29:16.363667Z,KXBTC15M-26OCT050130-30,0.9170,5.95,yes
2026-10-05T05:29:16.363667Z,KXBTC15M-26OCT050130-30,0.9140,0.01,yes
2026-10-05T05:29:16.363667Z,KXBTC15M-26OCT050130-30,0.9160,7.00,yes
2026-10-05T05:29:16.363667Z,KXBTC15M-26OCT050130-30,0.9140,0.01,yes
2026-10-05T05:29:16.363667Z,KXBTC15M-26OCT050130-30,0.9160,0.01,yes
2026-10-05T05:29:16.363667Z,KXBTC15M-26OCT050130-30,0.9160,0.01,yes
2026-10-05T05:29:16.364601Z,KXBTC15M-26OCT050130-30,0.9140,29.94,no
2026-10-05T05:29:16.372614Z,KXBTC15M-26OCT050130-30,0.9140,8.90,no
2026-10-05T05:29:16.383527Z,KXBTC15M-26OCT050130-30,0.9170,2.12,yes
2026-10-05T05:29:16.385931Z,KXBTC15M-26OCT050130-30,0.9170,151.50,yes
2026-10-05T05:29:16.394514Z,KXBTC15M-26OCT050130-30,0.9160,9.50,no
2026-10-05T05:29:16.408352Z,KXBTC15M-26OCT050130-30,0.9170,15.47,yes
2026-10-05T05:29:16.410139Z,KXBTC15M-26OCT050130-30,0.9170,64.20,yes
2026-10-05T05:29:16.416267Z,KXBTC15M-26OCT050130-30,0.9160,10.68,no
2026-10-05T05:29:16.419255Z,KXBTC15M-26OCT050130-30,0.9160,14.67,no
2026-10-05T05:29:16.434144Z,KXBTC15M-26OCT050130-30,0.9170,1.08,yes
2026-10-05T05:29:16.434558Z,KXBTC15M-26OCT050130-30,0.9170,40.12,yes
2026-10-05T05:29:16.445295Z,KXBTC15M-26OCT050130-30,0.9160,0.01,no
2026-10-05T05:29:16.445295Z,KXBTC15M-26OCT050130-30,0.9150,55.00,no
2026-10-05T05:29:16.445295Z,KXBTC15M-26OCT050130-30,0.9160,0.01,no
2026-10-05T05:29:16.445295Z,KXBTC15M-26OCT050130-30,0.9150,54.24,no
2026-10-05T05:29:16.445295Z,KXBTC15M-26OCT050130-30,0.9150,0.01,no
2026-10-05T05:29:16.445295Z,KXBTC15M-26OCT050130-30,0.9150,0.01,no
2026-10-05T05:29:16.452249Z,KXBTC15M-26OCT050130-30,0.9140,0.01,no
2026-10-05T05:29:16.452249Z,KXBTC15M-26OCT050130-30,0.9150,10.76,no
2026-10-05T05:29:16.452249Z,KXBTC15M-26OCT050130-30,0.9150,0.01,no
2026-10-05T05:29:16.452249Z,KXBTC15M-26OCT050130-30,0.9150,0.01,no
2026-10-05T05:29:16.452249Z,KXBTC15M-26OCT050130-30,0.9140,0.01,no
2026-10-05T05:29:16.452249Z,KXBTC15M-26OCT050130-30,0.9120,4.20,no
2026-10-05T05:29:16.452252Z,KXBTC15M-26OCT050130-30,0.9170,670.88,yes
2026-10-05T05:29:16.452252Z,KXBTC15M-26OCT050130-30,0.9190,1047.00,yes
2026-10-05T05:29:16.452252Z,KXBTC15M-26OCT050130-30,0.9170,0.01,yes
2026-10-05T05:29:16.452252Z,KXBTC15M-26OCT050130-30,0.9170,0.01,yes
2026-10-05T05:29:16.452252Z,KXBTC15M-26OCT050130-30,0.9180,7.00,yes
2026-10-05T05:29:16.455817Z,KXBTC15M-26OCT050130-30,0.9120,2.80,no
2026-10-05T05:29:16.455817Z,KXBTC15M-26OCT050130-30,0.9110,281.66,no
2026-10-05T05:29:16.480398Z,KXBTC15M-26OCT050130-30,0.9170,7.00,no
2026-10-05T05:29:16.480398Z,KXBTC15M-26OCT050130-30,0.9170,40.00,no
2026-10-05T05:29:16.480398Z,KXBTC15M-26OCT050130-30,0.9170,0.01,no
2026-10-05T05:29:16.480398Z,KXBTC15M-26OCT050130-30,0.9160,5.79,no
2026-10-05T05:29:16.480398Z,KXBTC15M-26OCT050130-30,0.9170,0.01,no
2026-10-05T05:29:16.480834Z,KXBTC15M-26OCT050130-30,0.9160,48.83,no
2026-10-05T05:29:16.512044Z,KXBTC15M-26OCT050130-30,0.9210,261.78,yes
2026-10-05T05:29:16.512044Z,KXBTC15M-26OCT050130-30,0.9200,56.00,yes
2026-10-05T05:29:16.512044Z,KXBTC15M-26OCT050130-30,0.9180,0.01,yes
2026-10-05T05:29:16.512044Z,KXBTC15M-26OCT050130-30,0.9180,0.01,yes
2026-10-05T05:29:16.512044Z,KXBTC15M-26OCT050130-30,0.9200,1.00,yes
2026-10-05T05:29:16.519783Z,KXBTC15M-26OCT050130-30,0.9250,64.00,yes
2026-10-05T05:29:16.519783Z,KXBTC15M-26OCT050130-30,0.9250,174.99,yes
2026-10-05T05:29:16.519783Z,KXBTC15M-26OCT050130-30,0.9200,0.01,yes
2026-10-05T05:29:16.519783Z,KXBTC15M-26OCT050130-30,0.9210,185.00,yes
2026-10-05T05:29:16.519783Z,KXBTC15M-26OCT050130-30,0.9200,0.01,yes
2026-10-05T05:29:16.524909Z,KXBTC15M-26OCT050130-30,0.9210,22.36,no
2026-10-05T05:29:16.549956Z,KXBTC15M-26OCT050130-30,0.9210,31.68,no
2026-10-05T05:29:16.550173Z,KXBTC15M-26OCT050130-30,0.9240,5.32,yes
2026-10-05T05:29:16.55145Z,KXBTC15M-26OCT050130-30,0.9200,0.01,no
2026-10-05T05:29:16.55145Z,KXBTC15M-26OCT050130-30,0.9210,0.01,no
2026-10-05T05:29:16.55145Z,KXBTC15M-26OCT050130-30,0.9190,206.16,no
2026-10-05T05:29:16.55145Z,KXBTC15M-26OCT050130-30,0.9210,95.96,no
2026-10-05T05:29:16.55145Z,KXBTC15M-26OCT050130-30,0.9200,50.00,no
2026-10-05T05:29:16.55145Z,KXBTC15M-26OCT050130-30,0.9210,0.01,no
2026-10-05T05:29:16.55145Z,KXBTC15M-26OCT050130-30,0.9200,7.00,no
2026-10-05T05:29:16.554763Z,KXBTC15M-26OCT050130-30,0.9190,197.00,no
2026-10-05T05:29:16.560607Z,KXBTC15M-26OCT050130-30,0.9240,5.32,yes
2026-10-05T05:29:16.563799Z,KXBTC15M-26OCT050130-30,0.9200,1.04,no
2026-10-05T05:29:16.563799Z,KXBTC15M-26OCT050130-30,0.9210,0.01,no
2026-10-05T05:29:16.585195Z,KXBTC15M-26OCT050130-30,0.9210,2.65,no
2026-10-05T05:29:16.585195Z,KXBTC15M-26OCT050130-30,0.9210,7.00,no
2026-10-05T05:29:16.585195Z,KXBTC15M-26OCT050130-30,0.9210,0.01,no
2026-10-05T05:29:16.593627Z,KXBTC15M-26OCT050130-30,0.9250,28.13,yes
2026-10-05T05:29:16.593627Z,KXBTC15M-26OCT050130-30,0.9240,5.32,yes
2026-10-05T05:29:16.593627Z,KXBTC15M-26OCT050130-30,0.9240,174.36,yes
2026-10-05T05:29:16.593627Z,KXBTC15M-26OCT050130-30,0.9240,5.32,yes
2026-10-05T05:29:16.593627Z,KXBTC15M-26OCT050130-30,0.9240,0.01,yes
2026-10-05T05:29:16.593627Z,KXBTC15M-26OCT050130-30,0.9240,0.01,yes
2026-10-05T05:29:16.594267Z,KXBTC15M-26OCT050130-30,0.9270,83.13,yes
2026-10-05T05:29:16.594267Z,KXBTC15M-26OCT050130-30,0.9250,35.10,yes
2026-10-05T05:29:16.594267Z,KXBTC15M-26OCT050130-30,0.9260,61.00,yes
2026-10-05T05:29:16.594267Z,KXBTC15M-26OCT050130-30,0.9260,8.00,yes
2026-10-05T05:29:16.594267Z,KXBTC15M-26OCT050130-30,0.9250,64.00,yes
2026-10-05T05:29:16.596079Z,KXBTC15M-26OCT050130-30,0.9270,0.63,yes
2026-10-05T05:29:16.605856Z,KXBTC15M-26OCT050130-30,0.9240,52.81,no
2026-10-05T05:29:16.612667Z,KXBTC15M-26OCT050130-30,0.9240,97.19,no
2026-10-05T05:29:16.612667Z,KXBTC15M-26OCT050130-30,0.9240,4.81,no
2026-10-05T05:29:16.620399Z,KXBTC15M-26OCT050130-30,0.9250,0.01,yes
2026-10-05T05:29:16.620399Z,KXBTC15M-26OCT050130-30,0.9250,76.96,yes
2026-10-05T05:29:16.633381Z,KXBTC15M-26OCT050130-30,0.9250,9.60,yes
2026-10-05T05:29:16.635375Z,KXBTC15M-26OCT050130-30,0.9240,73.00,no
2026-10-05T05:29:16.635411Z,KXBTC15M-26OCT050130-30,0.9240,50.00,no
2026-10-05T05:29:16.641493Z,KXBTC15M-26OCT050130-30,0.9200,7.00,no
2026-10-05T05:29:16.641493Z,KXBTC15M-26OCT050130-30,0.9200,49.00,no
2026-10-05T05:29:16.641493Z,KXBTC15M-26OCT050130-30,0.9240,150.00,no
2026-10-05T05:29:16.641493Z,KXBTC15M-26OCT050130-30,0.9200,43.96,no
2026-10-05T05:29:16.641493Z,KXBTC15M-26OCT050130-30,0.9210,0.01,no
2026-10-05T05:29:16.641493Z,KXBTC15M-26OCT050130-30,0.9210,0.01,no
2026-10-05T05:29:16.641493Z,KXBTC15M-26OCT050130-30,0.9240,150.00,no
2026-10-05T05:29:16.641493Z,KXBTC15M-26OCT050130-30,0.9240,0.01,no
2026-10-05T05:29:16.641493Z,KXBTC15M-26OCT050130-30,0.9240,150.00,no
2026-10-05T05:29:16.641493Z,KXBTC15M-26OCT050130-30,0.9240,0.01,no
2026-10-05T05:29:16.641493Z,KXBTC15M-26OCT050130-30,0.9240,22.19,no
2026-10-05T05:29:16.641493Z,KXBTC15M-26OCT050130-30,0.9240,150.00,no
2026-10-05T05:29:16.641493Z,KXBTC15M-26OCT050130-30,0.9200,50.00,no
2026-10-05T05:29:16.644845Z,KXBTC15M-26OCT050130-30,0.9180,1.00,no
2026-10-05T05:29:16.644845Z,KXBTC15M-26OCT050130-30,0.9070,1.00,no
2026-10-05T05:29:16.644845Z,KXBTC15M-26OCT050130-30,0.9050,2.31,no
2026-10-05T05:29:16.644845Z,KXBTC15M-26OCT050130-30,0.9060,49.69,no
2026-10-05T05:29:16.644845Z,KXBTC15M-26OCT050130-30,0.9090,41.00,no
2026-10-05T05:29:16.644845Z,KXBTC15M-26OCT050130-30,0.9170,40.00,no
2026-10-05T05:29:16.644845Z,KXBTC15M-26OCT050130-30,0.9060,15.00,no
2026-10-05T05:29:16.644845Z,KXBTC15M-26OCT050130-30,0.9100,50.00,no
2026-10-05T05:29:16.650921Z,KXBTC15M-26OCT050130-30,0.9180,1.01,no
2026-10-05T05:29:16.655915Z,KXBTC15M-26OCT050130-30,0.9050,47.69,no
2026-10-05T05:29:16.655915Z,KXBTC15M-26OCT050130-30,0.9030,7.00,no
2026-10-05T05:29:16.655915Z,KXBTC15M-26OCT050130-30,0.9100,1.09,no
2026-10-05T05:29:16.655915Z,KXBTC15M-26OCT050130-30,0.9100,1.00,no
2026-10-05T05:29:16.655915Z,KXBTC15M-26OCT050130-30,0.9110,7.00,no
2026-10-05T05:29:16.660571Z,KXBTC15M-26OCT050130-30,0.9100,21.75,yes
2026-10-05T05:29:16.660948Z,KXBTC15M-26OCT050130-30,0.9100,66.00,yes
2026-10-05T05:29:16.668297Z,KXBTC15M-26OCT050130-30,0.9080,1.08,yes
2026-10-05T05:29:16.674689Z,KXBTC15M-26OCT050130-30,0.9070,10.00,yes
2026-10-05T05:29:16.674689Z,KXBTC15M-26OCT050130-30,0.9080,822.21,yes
2026-10-05T05:29:16.678183Z,KXBTC15M-26OCT050130-30,0.9070,30.43,yes
2026-10-05T05:29:16.680316Z,KXBTC15M-26OCT050130-30,0.9070,6.00,yes
2026-10-05T05:29:16.680316Z,KXBTC15M-26OCT050130-30,0.9100,620.70,yes
2026-10-05T05:29:16.680316Z,KXBTC15M-26OCT050130-30,0.9080,223.71,yes
2026-10-05T05:29:16.680316Z,KXBTC15M-26OCT050130-30,0.9070,209.57,yes
2026-10-05T05:29:16.680316Z,KXBTC15M-26OCT050130-30,0.9070,0.01,yes
2026-10-05T05:29:16.680316Z,KXBTC15M-26OCT050130-30,0.9070,144.00,yes
2026-10-05T05:29:16.680316Z,KXBTC15M-26OCT050130-30,0.9080,200.00,yes
2026-10-05T05:29:16.680316Z,KXBTC15M-26OCT050130-30,0.9080,0.01,yes
2026-10-05T05:29:16.680316Z,KXBTC15M-26OCT050130-30,0.9080,6.00,yes
2026-10-05T05:29:16.680316Z,KXBTC15M-26OCT050130-30,0.9080,0.01,yes
2026-10-05T05:29:16.69333Z,KXBTC15M-26OCT050130-30,0.9070,35.48,yes
2026-10-05T05:29:16.703347Z,KXBTC15M-26OCT050130-30,0.9070,1066.00,yes
2026-10-05T05:29:16.735306Z,KXBTC15M-26OCT050130-30,0.9070,4.53,yes
2026-10-05T05:29:16.739966Z,KXBTC15M-26OCT050130-30,0.9070,6.00,yes
2026-10-05T05:29:16.740813Z,KXBTC15M-26OCT050130-30,0.9020,25.98,no
2026-10-05T05:29:16.740813Z,KXBTC15M-26OCT050130-30,0.9060,0.01,no
2026-10-05T05:29:16.740813Z,KXBTC15M-26OCT050130-30,0.9060,0.01,no
2026-10-05T05:29:16.740874Z,KXBTC15M-26OCT050130-30,0.8900,1.12,no
2026-10-05T05:29:16.740874Z,KXBTC15M-26OCT050130-30,0.9020,59.02,no
2026-10-05T05:29:16.740874Z,KXBTC15M-26OCT050130-30,0.9010,85.00,no
2026-10-05T05:29:16.740874Z,KXBTC15M-26OCT050130-30,0.8900,34.86,no
2026-10-05T05:29:16.740874Z,KXBTC15M-26OCT050130-30,0.9010,5.00,no
2026-10-05T05:29:16.740874Z,KXBTC15M-26OCT050130-30,0.9010,20.00,no
2026-10-05T05:29:16.754293Z,KXBTC15M-26OCT050130-30,0.9000,2.18,yes
2026-10-05T05:29:16.761172Z,KXBTC15M-26OCT050130-30,0.8900,0.01,no
2026-10-05T05:29:16.761172Z,KXBTC15M-26OCT050130-30,0.8900,44.00,no
2026-10-05T05:29:16.761172Z,KXBTC15M-26OCT050130-30,0.8900,280.00,no
2026-10-05T05:29:16.761172Z,KXBTC15M-26OCT050130-30,0.8900,70.00,no
2026-10-05T05:29:16.781879Z,KXBTC15M-26OCT050130-30,0.8900,70.69,yes
2026-10-05T05:29:16.790591Z,KXBTC15M-26OCT050130-30,0.8900,8.00,yes
2026-10-05T05:29:16.794577Z,KXBTC15M-26OCT050130-30,0.8900,5.93,yes
2026-10-05T05:29:16.795216Z,KXBTC15M-26OCT050130-30,0.8800,1.09,no
2026-10-05T05:29:16.809244Z,KXBTC15M-26OCT050130-30,0.8900,10.00,yes
2026-10-05T05:29:16.814407Z,KXBTC15M-26OCT050130-30,0.8900,1.56,yes
2026-10-05T05:29:16.819689Z,KXBTC15M-26OCT050130-30,0.8900,21.68,yes
2026-10-05T05:29:16.844463Z,KXBTC15M-26OCT050130-30,0.8900,2.09,yes
2026-10-05T05:29:16.850372Z,KXBTC15M-26OCT050130-30,0.8800,20.00,no
2026-10-05T05:29:16.850372Z,KXBTC15M-26OCT050130-30,0.8800,5.00,no
2026-10-05T05:29:16.850372Z,KXBTC15M-26OCT050130-30,0.8800,1.12,no
2026-10-05T05:29:16.850372Z,KXBTC15M-26OCT050130-30,0.8800,146.84,no
2026-10-05T05:29:16.850372Z,KXBTC15M-26OCT050130-30,0.8800,0.01,no
2026-10-05T05:29:16.850372Z,KXBTC15M-26OCT050130-30,0.8800,0.03,no
2026-10-05T05:29:16.850541Z,KXBTC15M-26OCT050130-30,0.8800,1.00,no
2026-10-05T05:29:16.858028Z,KXBTC15M-26OCT050130-30,0.9000,506.98,yes
2026-10-05T05:29:16.858028Z,KXBTC15M-26OCT050130-30,0.8900,1.00,yes
2026-10-05T05:29:16.858028Z,KXBTC15M-26OCT050130-30,0.8900,10.00,yes
2026-10-05T05:29:16.858028Z,KXBTC15M-26OCT050130-30,0.9000,0.01,yes
2026-10-05T05:29:16.858028Z,KXBTC15M-26OCT050130-30,0.8900,0.01,yes
2026-10-05T05:29:16.858028Z,KXBTC15M-26OCT050130-30,0.8900,126.23,yes
2026-10-05T05:29:16.858028Z,KXBTC15M-26OCT050130-30,0.9030,947.14,yes
2026-10-05T05:29:16.858028Z,KXBTC15M-26OCT050130-30,0.9000,5.00,yes
2026-10-05T05:29:16.858028Z,KXBTC15M-26OCT050130-30,0.8900,0.01,yes
2026-10-05T05:29:16.858028Z,KXBTC15M-26OCT050130-30,0.9010,1047.00,yes
2026-10-05T05:29:16.858028Z,KXBTC15M-26OCT050130-30,0.8900,1.00,yes
2026-10-05T05:29:16.858028Z,KXBTC15M-26OCT050130-30,0.9000,0.01,yes
2026-10-05T05:29:16.858028Z,KXBTC15M-26OCT050130-30,0.8900,10.00,yes
2026-10-05T05:29:16.866911Z,KXBTC15M-26OCT050130-30,0.8900,10.84,yes
2026-10-05T05:29:16.869159Z,KXBTC15M-26OCT050130-30,0.8800,9.84,no
2026-10-05T05:29:16.880928Z,KXBTC15M-26OCT050130-30,0.8900,423.13,yes
2026-10-05T05:29:16.890915Z,KXBTC15M-26OCT050130-30,0.8900,67.22,yes
2026-10-05T05:29:16.926441Z,KXBTC15M-26OCT050130-30,0.8900,5.38,yes
2026-10-05T05:29:16.952429Z,KXBTC15M-26OCT050130-30,0.8900,107.00,yes
2026-10-05T05:29:16.952638Z,KXBTC15M-26OCT050130-30,0.8900,59.00,yes
2026-10-05T05:29:16.956316Z,KXBTC15M-26OCT050130-30,0.8900,1.08,yes
2026-10-05T05:29:16.959654Z,KXBTC15M-26OCT050130-30,0.8800,0.01,no
2026-10-05T05:29:16.959654Z,KXBTC15M-26OCT050130-30,0.8800,0.01,no
2026-10-05T05:29:16.959654Z,KXBTC15M-26OCT050130-30,0.8700,0.98,no
2026-10-05T05:29:16.964224Z,KXBTC15M-26OCT050130-30,0.8800,108.75,yes
2026-10-05T05:29:16.981912Z,KXBTC15M-26OCT050130-30,0.8800,1.11,yes
2026-10-05T05:29:17.006232Z,KXBTC15M-26OCT050130-30,0.8800,40.32,yes
2026-10-05T05:29:17.007021Z,KXBTC15M-26OCT050130-30,0.8800,0.06,yes
2026-10-05T05:29:17.00812Z,KXBTC15M-26OCT050130-30,0.8800,21.50,yes
2026-10-05T05:29:17.031587Z,KXBTC15M-26OCT050130-30,0.8800,5.44,yes
2026-10-05T05:29:17.068795Z,KXBTC15M-26OCT050130-30,0.8800,15.00,yes
2026-10-05T05:29:17.06958Z,KXBTC15M-26OCT050130-30,0.8800,15.00,yes
2026-10-05T05:29:17.076917Z,KXBTC15M-26OCT050130-30,0.8700,0.15,no
2026-10-05T05:29:17.076917Z,KXBTC15M-26OCT050130-30,0.8700,43.20,no
2026-10-05T05:29:17.088126Z,KXBTC15M-26OCT050130-30,0.8800,10.93,yes
2026-10-05T05:29:17.104228Z,KXBTC15M-26OCT050130-30,0.8800,37.91,yes
2026-10-05T05:29:17.113547Z,KXBTC15M-26OCT050130-30,0.8700,35.01,no
2026-10-05T05:29:17.118407Z,KXBTC15M-26OCT050130-30,0.8800,42.43,yes
2026-10-05T05:29:17.18105Z,KXBTC15M-26OCT050130-30,0.8800,2.20,yes
2026-10-05T05:29:17.202769Z,KXBTC15M-26OCT050130-30,0.8700,57.20,no
2026-10-05T05:29:17.220995Z,KXBTC15M-26OCT050130-30,0.8700,60.09,no
2026-10-05T05:29:17.22226Z,KXBTC15M-26OCT050130-30,0.8800,31.77,yes
2026-10-05T05:29:17.263344Z,KXBTC15M-26OCT050130-30,0.8800,5.44,yes
2026-10-05T05:29:17.263344Z,KXBTC15M-26OCT050130-30,0.8800,10.00,yes
2026-10-05T05:29:17.263344Z,KXBTC15M-26OCT050130-30,0.8800,0.01,yes
2026-10-05T05:29:17.263344Z,KXBTC15M-26OCT050130-30,0.8800,0.01,yes
2026-10-05T05:29:17.263344Z,KXBTC15M-26OCT050130-30,0.8800,4.54,yes
2026-10-05T05:29:17.265307Z,KXBTC15M-26OCT050130-30,0.8800,10.95,yes
2026-10-05T05:29:17.268736Z,KXBTC15M-26OCT050130-30,0.8500,229.17,no
2026-10-05T05:29:17.268736Z,KXBTC15M-26OCT050130-30,0.8700,0.01,no
2026-10-05T05:29:17.268736Z,KXBTC15M-26OCT050130-30,0.8600,6.00,no
2026-10-05T05:29:17.268736Z,KXBTC15M-26OCT050130-30,0.8600,1047.00,no
2026-10-05T05:29:17.268736Z,KXBTC15M-26OCT050130-30,0.8700,0.01,no
2026-10-05T05:29:17.268736Z,KXBTC15M-26OCT050130-30,0.8700,180.50,no
2026-10-05T05:29:17.271851Z,KXBTC15M-26OCT050130-30,0.8800,29.03,yes
2026-10-05T05:29:17.283797Z,KXBTC15M-26OCT050130-30,0.8700,102.53,no
2026-10-05T05:29:17.285514Z,KXBTC15M-26OCT050130-30,0.8700,36.20,no
2026-10-05T05:29:17.293762Z,KXBTC15M-26OCT050130-30,0.8800,5.38,yes
2026-10-05T05:29:17.307405Z,KXBTC15M-26OCT050130-30,0.8700,13.99,no
2026-10-05T05:29:17.330453Z,KXBTC15M-26OCT050130-30,0.8700,44.28,no
2026-10-05T05:29:17.339462Z,KXBTC15M-26OCT050130-30,0.8800,2.25,yes
2026-10-05T05:29:17.341482Z,KXBTC15M-26OCT050130-30,0.8800,13.05,yes
2026-10-05T05:29:17.348258Z,KXBTC15M-26OCT050130-30,0.8800,26.20,yes
2026-10-05T05:29:17.348258Z,KXBTC15M-26OCT050130-30,0.8800,32.00,yes
2026-10-05T05:29:17.348258Z,KXBTC15M-26OCT050130-30,0.8800,48.80,yes
2026-10-05T05:29:17.352085Z,KXBTC15M-26OCT050130-30,0.8800,5.57,yes
2026-10-05T05:29:17.354471Z,KXBTC15M-26OCT050130-30,0.8700,2.34,no
2026-10-05T05:29:17.366478Z,KXBTC15M-26OCT050130-30,0.8800,5.54,yes
2026-10-05T05:29:17.375094Z,KXBTC15M-26OCT050130-30,0.8800,45.07,yes
2026-10-05T05:29:17.377764Z,KXBTC15M-26OCT050130-30,0.8800,0.18,yes
2026-10-05T05:29:17.381608Z,KXBTC15M-26OCT050130-30,0.8800,10.44,yes
2026-10-05T05:29:17.381608Z,KXBTC15M-26OCT050130-30,0.8800,0.01,yes
2026-10-05T05:29:17.381608Z,KXBTC15M-26OCT050130-30,0.8800,0.01,yes
2026-10-05T05:29:17.381608Z,KXBTC15M-26OCT050130-30,0.8800,9.54,yes
2026-10-05T05:29:17.386434Z,KXBTC15M-26OCT050130-30,0.8800,1.82,yes
2026-10-05T05:29:17.397003Z,KXBTC15M-26OCT050130-30,0.8700,0.72,no
2026-10-05T05:29:17.400943Z,KXBTC15M-26OCT050130-30,0.8700,72.50,no
2026-10-05T05:29:17.409473Z,KXBTC15M-26OCT050130-30,0.8700,7.19,no
2026-10-05T05:29:17.426486Z,KXBTC15M-26OCT050130-30,0.8700,0.72,no
2026-10-05T05:29:17.427664Z,KXBTC15M-26OCT050130-30,0.8800,37.18,yes
2026-10-05T05:29:17.432214Z,KXBTC15M-26OCT050130-30,0.8800,119.30,yes
2026-10-05T05:29:17.44164Z,KXBTC15M-26OCT050130-30,0.8800,1352.81,yes
2026-10-05T05:29:17.45574Z,KXBTC15M-26OCT050130-30,0.8800,39.40,yes
2026-10-05T05:29:17.45771Z,KXBTC15M-26OCT050130-30,0.8700,19.50,no
2026-10-05T05:29:17.464043Z,KXBTC15M-26OCT050130-30,0.8700,19.32,no
2026-10-05T05:29:17.505454Z,KXBTC15M-26OCT050130-30,0.8800,1.09,yes
2026-10-05T05:29:17.509657Z,KXBTC15M-26OCT050130-30,0.8800,1.02,yes
2026-10-05T05:29:17.512186Z,KXBTC15M-26OCT050130-30,0.8700,5.72,no
2026-10-05T05:29:17.526649Z,KXBTC15M-26OCT050130-30,0.8700,7.87,no
2026-10-05T05:29:17.529082Z,KXBTC15M-26OCT050130-30,0.8800,174.84,yes
2026-10-05T05:29:17.535766Z,KXBTC15M-26OCT050130-30,0.8800,12.00,yes
2026-10-05T05:29:17.544044Z,KXBTC15M-26OCT050130-30,0.8800,111.50,yes
2026-10-05T05:29:17.546821Z,KXBTC15M-26OCT050130-30,0.8800,1.11,yes
2026-10-05T05:29:17.547012Z,KXBTC15M-26OCT050130-30,0.8800,5.63,yes
2026-10-05T05:29:17.548954Z,KXBTC15M-26OCT050130-30,0.8800,33.00,yes
2026-10-05T05:29:17.561009Z,KXBTC15M-26OCT050130-30,0.8700,7.85,no
2026-10-05T05:29:17.563467Z,KXBTC15M-26OCT050130-30,0.8800,55.75,yes
2026-10-05T05:29:17.565932Z,KXBTC15M-26OCT050130-30,0.8800,44.85,yes
2026-10-05T05:29:17.566393Z,KXBTC15M-26OCT050130-30,0.8800,16.58,yes
2026-10-05T05:29:17.568311Z,KXBTC15M-26OCT050130-30,0.8700,725.07,no
2026-10-05T05:29:17.58537Z,KXBTC15M-26OCT050130-30,0.8800,34.93,yes
2026-10-05T05:29:17.604716Z,KXBTC15M-26OCT050130-30,0.8800,1.00,yes
2026-10-05T05:29:17.604716Z,KXBTC15M-26OCT050130-30,0.8800,10.00,yes
2026-10-05T05:29:17.604716Z,KXBTC15M-26OCT050130-30,0.8800,0.01,yes
2026-10-05T05:29:17.604716Z,KXBTC15M-26OCT050130-30,0.8800,4.64,yes
2026-10-05T05:29:17.604716Z,KXBTC15M-26OCT050130-30,0.8800,0.01,yes
2026-10-05T05:29:17.634423Z,KXBTC15M-26OCT050130-30,0.8700,30.77,no
2026-10-05T05:29:17.662Z,KXBTC15M-26OCT050130-30,0.8900,130.92,yes
2026-10-05T05:29:17.662Z,KXBTC15M-26OCT050130-30,0.8800,0.01,yes
2026-10-05T05:29:17.662Z,KXBTC15M-26OCT050130-30,0.8800,10.00,yes
2026-10-05T05:29:17.662Z,KXBTC15M-26OCT050130-30,0.8800,0.01,yes
2026-10-05T05:29:17.672454Z,KXBTC15M-26OCT050130-30,0.8800,36.25,no
2026-10-05T05:29:17.680619Z,KXBTC15M-26OCT050130-30,0.8800,36.25,no
2026-10-05T05:29:17.695441Z,KXBTC15M-26OCT050130-30,0.8800,1.53,no
2026-10-05T05:29:17.710002Z,KXBTC15M-26OCT050130-30,0.8800,4.78,no
2026-10-05T05:29:17.713405Z,KXBTC15M-26OCT050130-30,0.8800,1.83,no
2026-10-05T05:29:17.730887Z,KXBTC15M-26OCT050130-30,0.8800,7.00,no
2026-10-05T05:29:17.731802Z,KXBTC15M-26OCT050130-30,0.8900,47.22,yes
2026-10-05T05:29:17.739186Z,KXBTC15M-26OCT050130-30,0.8900,156.00,yes
2026-10-05T05:29:17.740225Z,KXBTC15M-26OCT050130-30,0.8800,1.53,no
2026-10-05T05:29:17.745652Z,KXBTC15M-26OCT050130-30,0.8900,2.17,yes
2026-10-05T05:29:17.746296Z,KXBTC15M-26OCT050130-30,0.8900,0.31,yes
2026-10-05T05:29:17.747311Z,KXBTC15M-26OCT050130-30,0.8900,2.28,yes
2026-10-05T05:29:17.751012Z,KXBTC15M-26OCT050130-30,0.8900,1.00,yes
2026-10-05T05:29:17.755645Z,KXBTC15M-26OCT050130-30,0.8900,66.25,yes
2026-10-05T05:29:17.767282Z,KXBTC15M-26OCT050130-30,0.8900,5.40,yes
2026-10-05T05:29:17.77493Z,KXBTC15M-26OCT050130-30,0.8800,2.15,no
2026-10-05T05:29:17.786151Z,KXBTC15M-26OCT050130-30,0.9000,298.46,yes
2026-10-05T05:29:17.786151Z,KXBTC15M-26OCT050130-30,0.8900,219.37,yes
2026-10-05T05:29:17.786151Z,KXBTC15M-26OCT050130-30,0.8900,0.01,yes
2026-10-05T05:29:17.786151Z,KXBTC15M-26OCT050130-30,0.8900,0.01,yes
2026-10-05T05:29:17.786151Z,KXBTC15M-26OCT050130-30,0.8900,1.00,yes
2026-10-05T05:29:17.786151Z,KXBTC15M-26OCT050130-30,0.8900,10.00,yes
2026-10-05T05:29:17.789665Z,KXBTC15M-26OCT050130-30,0.9000,5.00,yes
2026-10-05T05:29:17.799141Z,KXBTC15M-26OCT050130-30,0.8900,1.35,yes
2026-10-05T05:29:17.809709Z,KXBTC15M-26OCT050130-30,0.9000,96.66,yes
2026-10-05T05:29:17.809709Z,KXBTC15M-26OCT050130-30,0.8900,10.00,yes
2026-10-05T05:29:17.809709Z,KXBTC15M-26OCT050130-30,0.8900,0.01,yes
2026-10-05T05:29:17.809709Z,KXBTC15M-26OCT050130-30,0.8900,0.01,yes
2026-10-05T05:29:17.820229Z,KXBTC15M-26OCT050130-30,0.8900,5.51,yes
2026-10-05T05:29:17.82038Z,KXBTC15M-26OCT050130-30,0.9000,4.96,yes
2026-10-05T05:29:17.82038Z,KXBTC15M-26OCT050130-30,0.8900,0.01,yes
2026-10-05T05:29:17.82038Z,KXBTC15M-26OCT050130-30,0.8900,0.53,yes
2026-10-05T05:29:17.82038Z,KXBTC15M-26OCT050130-30,0.8900,0.01,yes
2026-10-05T05:29:17.824693Z,KXBTC15M-26OCT050130-30,0.8800,36.25,no
2026-10-05T05:29:17.834528Z,KXBTC15M-26OCT050130-30,0.8900,19.87,yes
2026-10-05T05:29:17.848145Z,KXBTC15M-26OCT050130-30,0.8800,1.22,no
2026-10-05T05:29:17.872089Z,KXBTC15M-26OCT050130-30,0.8900,0.32,yes
2026-10-05T05:29:17.886685Z,KXBTC15M-26OCT050130-30,0.8900,2.18,yes
2026-10-05T05:29:17.890119Z,KXBTC15M-26OCT050130-30,0.8900,5.51,yes
2026-10-05T05:29:17.912094Z,KXBTC15M-26OCT050130-30,0.8900,106.00,yes
2026-10-05T05:29:17.917344Z,KXBTC15M-26OCT050130-30,0.8800,7.79,no
2026-10-05T05:29:17.917344Z,KXBTC15M-26OCT050130-30,0.8800,21.21,no
2026-10-05T05:29:17.919726Z,KXBTC15M-26OCT050130-30,0.8900,220.00,yes
2026-10-05T05:29:17.947899Z,KXBTC15M-26OCT050130-30,0.9000,108.41,yes
2026-10-05T05:29:17.947899Z,KXBTC15M-26OCT050130-30,0.8900,0.01,yes
2026-10-05T05:29:17.947899Z,KXBTC15M-26OCT050130-30,0.8900,0.01,yes
2026-10-05T05:29:17.947899Z,KXBTC15M-26OCT050130-30,0.8900,1.00,yes
2026-10-05T05:29:17.963243Z,KXBTC15M-26OCT050130-30,0.8900,39.24,no
2026-10-05T05:29:17.969096Z,KXBTC15M-26OCT050130-30,0.8900,7.00,no
2026-10-05T05:29:17.969096Z,KXBTC15M-26OCT050130-30,0.8900,0.01,no
2026-10-05T05:29:17.969096Z,KXBTC15M-26OCT050130-30,0.8900,0.01,no
2026-10-05T05:29:17.969096Z,KXBTC15M-26OCT050130-30,0.8800,14.73,no
2026-10-05T05:29:17.975741Z,KXBTC15M-26OCT050130-30,0.8900,55.75,yes
2026-10-05T05:29:17.979173Z,KXBTC15M-26OCT050130-30,0.8900,55.17,yes
2026-10-05T05:29:18.001937Z,KXBTC15M-26OCT050130-30,0.8900,4.37,yes
2026-10-05T05:29:18.003278Z,KXBTC15M-26OCT050130-30,0.8900,10.69,yes
2026-10-05T05:29:18.014806Z,KXBTC15M-26OCT050130-30,0.8900,24.02,yes
2026-10-05T05:29:18.014806Z,KXBTC15M-26OCT050130-30,0.8900,28.98,yes
2026-10-05T05:29:18.019979Z,KXBTC15M-26OCT050130-30,0.8900,65.90,yes
2026-10-05T05:29:18.041712Z,KXBTC15M-26OCT050130-30,0.8900,853.00,yes
2026-10-05T05:29:18.057291Z,KXBTC15M-26OCT050130-30,0.8800,14.50,no
2026-10-05T05:29:18.079195Z,KXBTC15M-26OCT050130-30,0.8800,78.49,no
2026-10-05T05:29:18.079834Z,KXBTC15M-26OCT050130-30,0.8800,15.38,no
2026-10-05T05:29:18.109905Z,KXBTC15M-26OCT050130-30,0.8900,7.00,yes
2026-10-05T05:29:18.109988Z,KXBTC15M-26OCT050130-30,0.8900,4.28,yes
2026-10-05T05:29:18.127212Z,KXBTC15M-26OCT050130-30,0.8800,7.25,no
2026-10-05T05:29:18.132545Z,KXBTC15M-26OCT050130-30,0.8900,4.00,yes
2026-10-05T05:29:18.137789Z,KXBTC15M-26OCT050130-30,0.9200,10.00,yes
2026-10-05T05:29:18.137789Z,KXBTC15M-26OCT050130-30,0.9040,62.00,yes
2026-10-05T05:29:18.137789Z,KXBTC15M-26OCT050130-30,0.9020,500.00,yes
2026-10-05T05:29:18.137789Z,KXBTC15M-26OCT050130-30,0.9000,533.51,yes
2026-10-05T05:29:18.137789Z,KXBTC15M-26OCT050130-30,0.9030,99.86,yes
2026-10-05T05:29:18.137789Z,KXBTC15M-26OCT050130-30,0.9150,1047.00,yes
2026-10-05T05:29:18.137789Z,KXBTC15M-26OCT050130-30,0.9050,100.00,yes
2026-10-05T05:29:18.137789Z,KXBTC15M-26OCT050130-30,0.9070,1047.00,yes
2026-10-05T05:29:18.137789Z,KXBTC15M-26OCT050130-30,0.9220,338.77,yes
2026-10-05T05:29:18.137789Z,KXBTC15M-26OCT050130-30,0.9190,1047.00,yes
2026-10-05T05:29:18.137789Z,KXBTC15M-26OCT050130-30,0.9100,426.30,yes
2026-10-05T05:29:18.137789Z,KXBTC15M-26OCT050130-30,0.9130,1047.00,yes
2026-10-05T05:29:18.137789Z,KXBTC15M-26OCT050130-30,0.9050,93.75,yes
2026-10-05T05:29:18.137789Z,KXBTC15M-26OCT050130-30,0.9000,10.00,yes
2026-10-05T05:29:18.137789Z,KXBTC15M-26OCT050130-30,0.8900,500.00,yes
2026-10-05T05:29:18.137789Z,KXBTC15M-26OCT050130-30,0.9110,300.00,yes
2026-10-05T05:29:18.137789Z,KXBTC15M-26OCT050130-30,0.9050,93.75,yes
2026-10-05T05:29:18.137789Z,KXBTC15M-26OCT050130-30,0.9000,1.00,yes
2026-10-05T05:29:18.137789Z,KXBTC15M-26OCT050130-30,0.9120,409.23,yes
2026-10-05T05:29:18.137789Z,KXBTC15M-26OCT050130-30,0.8900,150.00,yes
2026-10-05T05:29:18.137789Z,KXBTC15M-26OCT050130-30,0.9160,115.98,yes
2026-10-05T05:29:18.137789Z,KXBTC15M-26OCT050130-30,0.8900,2177.84,yes
2026-10-05T05:29:18.137789Z,KXBTC15M-26OCT050130-30,0.9000,1.00,yes
2026-10-05T05:29:18.137789Z,KXBTC15M-26OCT050130-30,0.8900,150.00,yes
2026-10-05T05:29:18.137789Z,KXBTC15M-26OCT050130-30,0.9110,60.71,yes
2026-10-05T05:29:18.137789Z,KXBTC15M-26OCT050130-30,0.8900,0.01,yes
2026-10-05T05:29:18.137789Z,KXBTC15M-26OCT050130-30,0.9020,5.00,yes
2026-10-05T05:29:18.137789Z,KXBTC15M-26OCT050130-30,0.8900,18.63,yes
2026-10-05T05:29:18.137789Z,KXBTC15M-26OCT050130-30,0.9110,0.65,yes
2026-10-05T05:29:18.137789Z,KXBTC15M-26OCT050130-30,0.8900,0.01,yes
2026-10-05T05:29:18.153209Z,KXBTC15M-26OCT050130-30,0.9220,7.25,no
2026-10-05T05:29:18.173091Z,KXBTC15M-26OCT050130-30,0.9230,0.01,no
2026-10-05T05:29:18.173091Z,KXBTC15M-26OCT050130-30,0.9220,0.01,no
2026-10-05T05:29:18.173091Z,KXBTC15M-26OCT050130-30,0.9230,0.01,no
2026-10-05T05:29:18.173091Z,KXBTC15M-26OCT050130-30,0.9210,855.97,no
2026-10-05T05:29:18.173091Z,KXBTC15M-26OCT050130-30,0.9220,7.00,no
2026-10-05T05:29:18.195081Z,KXBTC15M-26OCT050130-30,0.9210,300.00,no
2026-10-05T05:29:18.197924Z,KXBTC15M-26OCT050130-30,0.9220,0.01,yes
2026-10-05T05:29:18.197924Z,KXBTC15M-26OCT050130-30,0.9220,0.01,yes
2026-10-05T05:29:18.197924Z,KXBTC15M-26OCT050130-30,0.9220,174.00,yes
2026-10-05T05:29:18.210421Z,KXBTC15M-26OCT050130-30,0.9210,0.01,no
2026-10-05T05:29:18.210421Z,KXBTC15M-26OCT050130-30,0.9210,0.01,no
2026-10-05T05:29:18.210421Z,KXBTC15M-26OCT050130-30,0.9200,7.00,no
2026-10-05T05:29:18.210421Z,KXBTC15M-26OCT050130-30,0.9170,491.98,no
2026-10-05T05:29:18.234139Z,KXBTC15M-26OCT050130-30,0.9160,27.02,yes
2026-10-05T05:29:18.26563Z,KXBTC15M-26OCT050130-30,0.9150,0.01,no
2026-10-05T05:29:18.26563Z,KXBTC15M-26OCT050130-30,0.9150,3.42,no
2026-10-05T05:29:18.26563Z,KXBTC15M-26OCT050130-30,0.9150,0.01,no
2026-10-05T05:29:18.333246Z,KXBTC15M-26OCT050130-30,0.9160,0.01,yes
2026-10-05T05:29:18.333246Z,KXBTC15M-26OCT050130-30,0.9190,7.00,yes
2026-10-05T05:29:18.333246Z,KXBTC15M-26OCT050130-30,0.9160,1.00,yes
2026-10-05T05:29:18.333246Z,KXBTC15M-26OCT050130-30,0.9160,77.00,yes
2026-10-05T05:29:18.333246Z,KXBTC15M-26OCT050130-30,0.9220,500.00,yes
2026-10-05T05:29:18.333246Z,KXBTC15M-26OCT050130-30,0.9160,1.00,yes
2026-10-05T05:29:18.333246Z,KXBTC15M-26OCT050130-30,0.9220,185.77,yes
2026-10-05T05:29:18.333246Z,KXBTC15M-26OCT050130-30,0.9190,56.00,yes
2026-10-05T05:29:18.333246Z,KXBTC15M-26OCT050130-30,0.9160,0.01,yes
2026-10-05T05:29:18.333246Z,KXBTC15M-26OCT050130-30,0.9170,0.01,yes
2026-10-05T05:29:18.333246Z,KXBTC15M-26OCT050130-30,0.9190,56.00,yes
2026-10-05T05:29:18.333246Z,KXBTC15M-26OCT050130-30,0.9200,93.75,yes
2026-10-05T05:29:18.333246Z,KXBTC15M-26OCT050130-30,0.9200,93.75,yes
2026-10-05T05:29:18.333246Z,KXBTC15M-26OCT050130-30,0.9170,0.01,yes
2026-10-05T05:29:18.333246Z,KXBTC15M-26OCT050130-30,0.9200,15.00,yes
2026-10-05T05:29:18.333246Z,KXBTC15M-26OCT050130-30,0.9200,50.00,yes
2026-10-05T05:29:18.404247Z,KXBTC15M-26OCT050130-30,0.9150,0.01,no
2026-10-05T05:29:18.404247Z,KXBTC15M-26OCT050130-30,0.9150,3.58,no
2026-10-05T05:29:18.404247Z,KXBTC15M-26OCT050130-30,0.9150,0.01,no
2026-10-05T05:29:18.404247Z,KXBTC15M-26OCT050130-30,0.9150,55.77,no
2026-10-05T05:29:18.404247Z,KXBTC15M-26OCT050130-30,0.9150,3.42,no
2026-10-05T05:29:18.407732Z,KXBTC15M-26OCT050130-30,0.9240,59.00,yes
2026-10-05T05:29:18.407732Z,KXBTC15M-26OCT050130-30,0.9160,0.01,yes
2026-10-05T05:29:18.407732Z,KXBTC15M-26OCT050130-30,0.9200,50.00,yes
2026-10-05T05:29:18.407732Z,KXBTC15M-26OCT050130-30,0.9160,0.01,yes
2026-10-05T05:29:18.407732Z,KXBTC15M-26OCT050130-30,0.9240,7.00,yes
2026-10-05T05:29:18.4292Z,KXBTC15M-26OCT050130-30,0.9200,10.79,yes
2026-10-05T05:29:18.4292Z,KXBTC15M-26OCT050130-30,0.9200,0.01,yes
2026-10-05T05:29:18.430044Z,KXBTC15M-26OCT050130-30,0.9200,5.31,yes
2026-10-05T05:29:18.453217Z,KXBTC15M-26OCT050130-30,0.9200,8.97,yes
2026-10-05T05:29:18.453586Z,KXBTC15M-26OCT050130-30,0.9220,66.00,yes
2026-10-05T05:29:18.453586Z,KXBTC15M-26OCT050130-30,0.9230,141.16,yes
2026-10-05T05:29:18.453586Z,KXBTC15M-26OCT050130-30,0.9200,0.01,yes
2026-10-05T05:29:18.453586Z,KXBTC15M-26OCT050130-30,0.9200,0.01,yes
2026-10-05T05:29:18.453586Z,KXBTC15M-26OCT050130-30,0.9200,24.93,yes
2026-10-05T05:29:18.455696Z,KXBTC15M-26OCT050130-30,0.9170,20.00,no
2026-10-05T05:29:18.45574Z,KXBTC15M-26OCT050130-30,0.9170,39.24,no
2026-10-05T05:29:18.459466Z,KXBTC15M-26OCT050130-30,0.9170,54.94,no
2026-10-05T05:29:18.477602Z,KXBTC15M-26OCT050130-30,0.9180,0.39,no
2026-10-05T05:29:18.485292Z,KXBTC15M-26OCT050130-30,0.9190,60.00,no
2026-10-05T05:29:18.485292Z,KXBTC15M-26OCT050130-30,0.9180,48.73,no
2026-10-05T05:29:18.485483Z,KXBTC15M-26OCT050130-30,0.9180,4.00,no
2026-10-05T05:29:18.491411Z,KXBTC15M-26OCT050130-30,0.9180,44.30,no
2026-10-05T05:29:18.520072Z,KXBTC15M-26OCT050130-30,0.9190,6.00,no
2026-10-05T05:29:18.520072Z,KXBTC15M-26OCT050130-30,0.9190,0.01,no
2026-10-05T05:29:18.520072Z,KXBTC15M-26OCT050130-30,0.9190,0.01,no
2026-10-05T05:29:18.520072Z,KXBTC15M-26OCT050130-30,0.9180,0.01,no
2026-10-05T05:29:18.520072Z,KXBTC15M-26OCT050130-30,0.9180,0.01,no
2026-10-05T05:29:18.520072Z,KXBTC15M-26OCT050130-30,0.9180,1.80,no
2026-10-05T05:29:18.524861Z,KXBTC15M-26OCT050130-30,0.9180,0.68,no
2026-10-05T05:29:18.548613Z,KXBTC15M-26OCT050130-30,0.9190,34.00,yes
2026-10-05T05:29:18.578559Z,KXBTC15M-26OCT050130-30,0.9180,1.84,no
2026-10-05T05:29:18.578559Z,KXBTC15M-26OCT050130-30,0.9180,3.52,no
2026-10-05T05:29:18.579555Z,KXBTC15M-26OCT050130-30,0.9190,12.00,yes
2026-10-05T05:29:18.604118Z,KXBTC15M-26OCT050130-30,0.9190,22.00,yes
2026-10-05T05:29:18.609619Z,KXBTC15M-26OCT050130-30,0.9190,2.12,yes
2026-10-05T05:29:18.638373Z,KXBTC15M-26OCT050130-30,0.9190,0.01,yes
2026-10-05T05:29:18.638373Z,KXBTC15M-26OCT050130-30,0.9190,0.01,yes
2026-10-05T05:29:18.638373Z,KXBTC15M-26OCT050130-30,0.9190,249.72,yes
2026-10-05T05:29:18.639388Z,KXBTC15M-26OCT050130-30,0.9190,12.26,yes
2026-10-05T05:29:18.656581Z,KXBTC15M-26OCT050130-30,0.9180,0.01,no
2026-10-05T05:29:18.656581Z,KXBTC15M-26OCT050130-30,0.9180,6.00,no
2026-10-05T05:29:18.656581Z,KXBTC15M-26OCT050130-30,0.9170,3.67,no
2026-10-05T05:29:18.656581Z,KXBTC15M-26OCT050130-30,0.9180,0.01,no
2026-10-05T05:29:18.656581Z,KXBTC15M-26OCT050130-30,0.9180,1.80,no
2026-10-05T05:29:18.656581Z,KXBTC15M-26OCT050130-30,0.9180,3.52,no
2026-10-05T05:29:18.656581Z,KXBTC15M-26OCT050130-30,0.9180,0.68,no
2026-10-05T05:29:18.663722Z,KXBTC15M-26OCT050130-30,0.9180,0.01,no
2026-10-05T05:29:18.663722Z,KXBTC15M-26OCT050130-30,0.9180,1.08,no
2026-10-05T05:29:18.676415Z,KXBTC15M-26OCT050130-30,0.9190,1.08,yes
2026-10-05T05:29:18.681167Z,KXBTC15M-26OCT050130-30,0.9190,439.04,yes
2026-10-05T05:29:18.681167Z,KXBTC15M-26OCT050130-30,0.9190,236.94,yes
2026-10-05T05:29:18.682737Z,KXBTC15M-26OCT050130-30,0.9190,0.01,yes
2026-10-05T05:29:18.682737Z,KXBTC15M-26OCT050130-30,0.9190,0.01,yes
2026-10-05T05:29:18.682737Z,KXBTC15M-26OCT050130-30,0.9200,50.00,yes
2026-10-05T05:29:18.682737Z,KXBTC15M-26OCT050130-30,0.9190,60.96,yes
2026-10-05T05:29:18.68343Z,KXBTC15M-26OCT050130-30,0.9200,60.20,no
2026-10-05T05:29:18.691077Z,KXBTC15M-26OCT050130-30,0.9210,3.22,yes
2026-10-05T05:29:18.709304Z,KXBTC15M-26OCT050130-30,0.9200,60.18,no
2026-10-05T05:29:18.709304Z,KXBTC15M-26OCT050130-30,0.9200,28.82,no
2026-10-05T05:29:18.712356Z,KXBTC15M-26OCT050130-30,0.9270,53.20,yes
2026-10-05T05:29:18.712356Z,KXBTC15M-26OCT050130-30,0.9260,0.01,yes
2026-10-05T05:29:18.712356Z,KXBTC15M-26OCT050130-30,0.9260,0.01,yes
2026-10-05T05:29:18.712356Z,KXBTC15M-26OCT050130-30,0.9210,0.01,yes
2026-10-05T05:29:18.712356Z,KXBTC15M-26OCT050130-30,0.9210,0.01,yes
2026-10-05T05:29:18.712356Z,KXBTC15M-26OCT050130-30,0.9260,1.00,yes
2026-10-05T05:29:18.72997Z,KXBTC15M-26OCT050130-30,0.9270,0.66,yes
2026-10-05T05:29:18.73711Z,KXBTC15M-26OCT050130-30,0.9220,2.21,yes
2026-10-05T05:29:18.738926Z,KXBTC15M-26OCT050130-30,0.9210,100.00,no
2026-10-05T05:29:18.739834Z,KXBTC15M-26OCT050130-30,0.9210,7.00,no
2026-10-05T05:29:18.739834Z,KXBTC15M-26OCT050130-30,0.9200,0.01,no
2026-10-05T05:29:18.739834Z,KXBTC15M-26OCT050130-30,0.9210,0.01,no
2026-10-05T05:29:18.739834Z,KXBTC15M-26OCT050130-30,0.9180,0.01,no
2026-10-05T05:29:18.739834Z,KXBTC15M-26OCT050130-30,0.9200,0.01,no
2026-10-05T05:29:18.739834Z,KXBTC15M-26OCT050130-30,0.9210,0.01,no
2026-10-05T05:29:18.739834Z,KXBTC15M-26OCT050130-30,0.9180,0.01,no
2026-10-05T05:29:18.739834Z,KXBTC15M-26OCT050130-30,0.9210,50.00,no
2026-10-05T05:29:18.742Z,KXBTC15M-26OCT050130-30,0.9200,20.20,yes
2026-10-05T05:29:18.754998Z,KXBTC15M-26OCT050130-30,0.9150,0.01,no
2026-10-05T05:29:18.754998Z,KXBTC15M-26OCT050130-30,0.9140,233.98,no
2026-10-05T05:29:18.754998Z,KXBTC15M-26OCT050130-30,0.9150,7.00,no
2026-10-05T05:29:18.754998Z,KXBTC15M-26OCT050130-30,0.9150,0.01,no
2026-10-05T05:29:18.802812Z,KXBTC15M-26OCT050130-30,0.9160,0.01,yes
2026-10-05T05:29:18.802812Z,KXBTC15M-26OCT050130-30,0.9160,0.01,yes
2026-10-05T05:29:18.802812Z,KXBTC15M-26OCT050130-30,0.9160,26.90,yes
2026-10-05T05:29:18.812212Z,KXBTC15M-26OCT050130-30,0.9180,7.00,yes
2026-10-05T05:29:18.812212Z,KXBTC15M-26OCT050130-30,0.9160,0.01,yes
2026-10-05T05:29:18.812212Z,KXBTC15M-26OCT050130-30,0.9160,1.00,yes
2026-10-05T05:29:18.812212Z,KXBTC15M-26OCT050130-30,0.9160,0.01,yes
2026-10-05T05:29:18.812212Z,KXBTC15M-26OCT050130-30,0.9180,1.04,yes
2026-10-05T05:29:18.825039Z,KXBTC15M-26OCT050130-30,0.9160,10.86,no
2026-10-05T05:29:18.83505Z,KXBTC15M-26OCT050130-30,0.9170,1.24,yes
2026-10-05T05:29:18.866295Z,KXBTC15M-26OCT050130-30,0.9170,161.63,yes
2026-10-05T05:29:18.889989Z,KXBTC15M-26OCT050130-30,0.9170,216.39,yes
2026-10-05T05:29:18.893426Z,KXBTC15M-26OCT050130-30,0.9170,13.51,yes
2026-10-05T05:29:18.919597Z,KXBTC15M-26OCT050130-30,0.9160,0.01,no
2026-10-05T05:29:18.919597Z,KXBTC15M-26OCT050130-30,0.9160,24.97,no
2026-10-05T05:29:18.919597Z,KXBTC15M-26OCT050130-30,0.9160,0.01,no
2026-10-05T05:29:18.919597Z,KXBTC15M-26OCT050130-30,0.9160,0.01,no
2026-10-05T05:29:18.928926Z,KXBTC15M-26OCT050130-30,0.9160,1727.39,no
2026-10-05T05:29:18.932991Z,KXBTC15M-26OCT050130-30,0.9170,0.52,yes
2026-10-05T05:29:18.932991Z,KXBTC15M-26OCT050130-30,0.9170,107.23,yes
2026-10-05T05:29:18.98896Z,KXBTC15M-26OCT050130-30,0.9170,0.01,yes
2026-10-05T05:29:18.98896Z,KXBTC15M-26OCT050130-30,0.9170,0.01,yes
2026-10-05T05:29:18.98896Z,KXBTC15M-26OCT050130-30,0.9170,53.08,yes
2026-10-05T05:29:18.98896Z,KXBTC15M-26OCT050130-30,0.9170,1.00,yes
2026-10-05T05:29:18.993033Z,KXBTC15M-26OCT050130-30,0.9170,5.41,yes
2026-10-05T05:29:19.003517Z,KXBTC15M-26OCT050130-30,0.9170,1.59,yes
2026-10-05T05:29:19.003517Z,KXBTC15M-26OCT050130-30,0.9180,49.39,yes
2026-10-05T05:29:19.003517Z,KXBTC15M-26OCT050130-30,0.9170,1.00,yes
2026-10-05T05:29:19.003517Z,KXBTC15M-26OCT050130-30,0.9170,14.00,yes
2026-10-05T05:29:19.003517Z,KXBTC15M-26OCT050130-30,0.9170,0.01,yes
2026-10-05T05:29:19.003517Z,KXBTC15M-26OCT050130-30,0.9170,0.01,yes
2026-10-05T05:29:19.015162Z,KXBTC15M-26OCT050130-30,0.9180,0.01,yes
2026-10-05T05:29:19.015162Z,KXBTC15M-26OCT050130-30,0.9170,0.01,yes
2026-10-05T05:29:19.015162Z,KXBTC15M-26OCT050130-30,0.9180,0.01,yes
2026-10-05T05:29:19.015162Z,KXBTC15M-26OCT050130-30,0.9180,500.00,yes
2026-10-05T05:29:19.019791Z,KXBTC15M-26OCT050130-30,0.9170,0.01,yes
2026-10-05T05:29:19.019791Z,KXBTC15M-26OCT050130-30,0.9200,1.06,yes
2026-10-05T05:29:19.026478Z,KXBTC15M-26OCT050130-30,0.9170,30.00,yes
2026-10-05T05:29:19.033774Z,KXBTC15M-26OCT050130-30,0.9160,0.01,no
2026-10-05T05:29:19.033774Z,KXBTC15M-26OCT050130-30,0.9160,0.01,no
2026-10-05T05:29:19.033774Z,KXBTC15M-26OCT050130-30,0.9140,7.00,no
2026-10-05T05:29:19.033774Z,KXBTC15M-26OCT050130-30,0.9130,484.67,no
2026-10-05T05:29:19.040563Z,KXBTC15M-26OCT050130-30,0.9170,42.98,yes
2026-10-05T05:29:19.040563Z,KXBTC15M-26OCT050130-30,0.9170,0.01,yes
2026-10-05T05:29:19.040563Z,KXBTC15M-26OCT050130-30,0.9170,0.01,yes
2026-10-05T05:29:19.040563Z,KXBTC15M-26OCT050130-30,0.9170,7.00,yes
2026-10-05T05:29:19.047517Z,KXBTC15M-26OCT050130-30,0.9160,64.54,yes
2026-10-05T05:29:19.047517Z,KXBTC15M-26OCT050130-30,0.9160,150.00,yes
2026-10-05T05:29:19.051795Z,KXBTC15M-26OCT050130-30,0.9150,6.00,no
2026-10-05T05:29:19.051795Z,KXBTC15M-26OCT050130-30,0.9140,6.00,no
2026-10-05T05:29:19.051795Z,KXBTC15M-26OCT050130-30,0.9150,0.01,no
2026-10-05T05:29:19.051795Z,KXBTC15M-26OCT050130-30,0.9140,0.01,no
2026-10-05T05:29:19.051795Z,KXBTC15M-26OCT050130-30,0.9150,0.01,no
2026-10-05T05:29:19.051795Z,KXBTC15M-26OCT050130-30,0.9140,7.00,no
2026-10-05T05:29:19.051795Z,KXBTC15M-26OCT050130-30,0.9130,176.01,no
2026-10-05T05:29:19.054457Z,KXBTC15M-26OCT050130-30,0.9160,67.27,yes
2026-10-05T05:29:19.064001Z,KXBTC15M-26OCT050130-30,0.9190,7.00,yes
2026-10-05T05:29:19.064001Z,KXBTC15M-26OCT050130-30,0.9180,0.01,yes
2026-10-05T05:29:19.064001Z,KXBTC15M-26OCT050130-30,0.9180,0.01,yes
2026-10-05T05:29:19.064001Z,KXBTC15M-26OCT050130-30,0.9160,0.01,yes
2026-10-05T05:29:19.064001Z,KXBTC15M-26OCT050130-30,0.9170,0.01,yes
2026-10-05T05:29:19.064001Z,KXBTC15M-26OCT050130-30,0.9160,0.01,yes
2026-10-05T05:29:19.064001Z,KXBTC15M-26OCT050130-30,0.9170,0.01,yes
2026-10-05T05:29:19.064001Z,KXBTC15M-26OCT050130-30,0.9190,192.94,yes
2026-10-05T05:29:19.080899Z,KXBTC15M-26OCT050130-30,0.9180,0.01,yes
2026-10-05T05:29:19.080899Z,KXBTC15M-26OCT050130-30,0.9180,42.22,yes
2026-10-05T05:29:19.080899Z,KXBTC15M-26OCT050130-30,0.9180,0.01,yes
2026-10-05T05:29:19.09928Z,KXBTC15M-26OCT050130-30,0.9180,0.01,yes
2026-10-05T05:29:19.09928Z,KXBTC15M-26OCT050130-30,0.9180,0.01,yes
2026-10-05T05:29:19.09928Z,KXBTC15M-26OCT050130-30,0.9190,7.00,yes
2026-10-05T05:29:19.09928Z,KXBTC15M-26OCT050130-30,0.9200,25.98,yes
2026-10-05T05:29:19.10198Z,KXBTC15M-26OCT050130-30,0.9180,2.00,no
2026-10-05T05:29:19.107214Z,KXBTC15M-26OCT050130-30,0.9190,0.01,yes
2026-10-05T05:29:19.107214Z,KXBTC15M-26OCT050130-30,0.9200,7.00,yes
2026-10-05T05:29:19.107214Z,KXBTC15M-26OCT050130-30,0.9210,500.00,yes
2026-10-05T05:29:19.107214Z,KXBTC15M-26OCT050130-30,0.9200,2.76,yes
2026-10-05T05:29:19.107214Z,KXBTC15M-26OCT050130-30,0.9220,339.88,yes
2026-10-05T05:29:19.149529Z,KXBTC15M-26OCT050130-30,0.9210,6.57,no
2026-10-05T05:29:19.153653Z,KXBTC15M-26OCT050130-30,0.9210,6.57,no
2026-10-05T05:29:19.153653Z,KXBTC15M-26OCT050130-30,0.9210,143.43,no
2026-10-05T05:29:19.183813Z,KXBTC15M-26OCT050130-30,0.9190,0.01,no
2026-10-05T05:29:19.183813Z,KXBTC15M-26OCT050130-30,0.9210,0.01,no
2026-10-05T05:29:19.183813Z,KXBTC15M-26OCT050130-30,0.9200,0.01,no
2026-10-05T05:29:19.183813Z,KXBTC15M-26OCT050130-30,0.9180,20.85,no
2026-10-05T05:29:19.183813Z,KXBTC15M-26OCT050130-30,0.9200,0.01,no
2026-10-05T05:29:19.183813Z,KXBTC15M-26OCT050130-30,0.9210,0.01,no
2026-10-05T05:29:19.183813Z,KXBTC15M-26OCT050130-30,0.9190,0.01,no
2026-10-05T05:29:19.183813Z,KXBTC15M-26OCT050130-30,0.9180,6.00,no
2026-10-05T05:29:19.197906Z,KXBTC15M-26OCT050130-30,0.9200,0.11,no
2026-10-05T05:29:19.198039Z,KXBTC15M-26OCT050130-30,0.9200,1.11,no
2026-10-05T05:29:19.206553Z,KXBTC15M-26OCT050130-30,0.9220,0.01,yes
2026-10-05T05:29:19.206553Z,KXBTC15M-26OCT050130-30,0.9220,140.97,yes
2026-10-05T05:29:19.206553Z,KXBTC15M-26OCT050130-30,0.9220,0.01,yes
2026-10-05T05:29:19.230639Z,KXBTC15M-26OCT050130-30,0.9200,0.01,no
2026-10-05T05:29:19.230639Z,KXBTC15M-26OCT050130-30,0.9210,0.01,no
2026-10-05T05:29:19.230639Z,KXBTC15M-26OCT050130-30,0.9200,10.00,no
2026-10-05T05:29:19.230639Z,KXBTC15M-26OCT050130-30,0.9210,0.01,no
2026-10-05T05:29:19.230639Z,KXBTC15M-26OCT050130-30,0.9180,111.82,no
2026-10-05T05:29:19.230639Z,KXBTC15M-26OCT050130-30,0.9180,19.15,no
2026-10-05T05:29:19.230639Z,KXBTC15M-26OCT050130-30,0.9190,6.00,no
2026-10-05T05:29:19.230639Z,KXBTC15M-26OCT050130-30,0.9190,1.00,no
2026-10-05T05:29:19.236116Z,KXBTC15M-26OCT050130-30,0.9180,2.79,no
2026-10-05T05:29:19.258893Z,KXBTC15M-26OCT050130-30,0.9210,10.73,yes
2026-10-05T05:29:19.263077Z,KXBTC15M-26OCT050130-30,0.9210,46.27,yes
2026-10-05T05:29:19.263077Z,KXBTC15M-26OCT050130-30,0.9220,0.01,yes
2026-10-05T05:29:19.263077Z,KXBTC15M-26OCT050130-30,0.9220,345.75,yes
2026-10-05T05:29:19.263077Z,KXBTC15M-26OCT050130-30,0.9220,0.01,yes
2026-10-05T05:29:19.263077Z,KXBTC15M-26OCT050130-30,0.9210,0.01,yes
2026-10-05T05:29:19.263077Z,KXBTC15M-26OCT050130-30,0.9210,0.01,yes
2026-10-05T05:29:19.267518Z,KXBTC15M-26OCT050130-30,0.9180,3.86,no
2026-10-05T05:29:19.267518Z,KXBTC15M-26OCT050130-30,0.9180,6.00,no
2026-10-05T05:29:19.267518Z,KXBTC15M-26OCT050130-30,0.9180,0.39,no
2026-10-05T05:29:19.280606Z,KXBTC15M-26OCT050130-30,0.9180,6.00,no
2026-10-05T05:29:19.280606Z,KXBTC15M-26OCT050130-30,0.9180,20.14,no
2026-10-05T05:29:19.280606Z,KXBTC15M-26OCT050130-30,0.9180,6.00,no
2026-10-05T05:29:19.280606Z,KXBTC15M-26OCT050130-30,0.9180,0.01,no
2026-10-05T05:29:19.280606Z,KXBTC15M-26OCT050130-30,0.9180,0.01,no
2026-10-05T05:29:19.280606Z,KXBTC15M-26OCT050130-30,0.9180,23.77,no
2026-10-05T05:29:19.300415Z,KXBTC15M-26OCT050130-30,0.9210,0.01,yes
2026-10-05T05:29:19.300415Z,KXBTC15M-26OCT050130-30,0.9210,0.01,yes
2026-10-05T05:29:19.300415Z,KXBTC15M-26OCT050130-30,0.9210,120.85,yes
2026-10-05T05:29:19.327113Z,KXBTC15M-26OCT050130-30,0.9180,10.49,no
2026-10-05T05:29:19.330274Z,KXBTC15M-26OCT050130-30,0.9180,6.00,no
2026-10-05T05:29:19.330274Z,KXBTC15M-26OCT050130-30,0.9180,13.23,no
2026-10-05T05:29:19.330274Z,KXBTC15M-26OCT050130-30,0.9180,0.01,no
2026-10-05T05:29:19.330274Z,KXBTC15M-26OCT050130-30,0.9180,4.74,no
2026-10-05T05:29:19.330274Z,KXBTC15M-26OCT050130-30,0.9180,0.01,no
2026-10-05T05:29:19.331593Z,KXBTC15M-26OCT050130-30,0.9180,5.77,no
2026-10-05T05:29:19.331593Z,KXBTC15M-26OCT050130-30,0.9170,9.77,no
2026-10-05T05:29:19.331593Z,KXBTC15M-26OCT050130-30,0.9180,6.00,no
2026-10-05T05:29:19.347186Z,KXBTC15M-26OCT050130-30,0.9180,0.01,no
2026-10-05T05:29:19.347186Z,KXBTC15M-26OCT050130-30,0.9180,6.00,no
2026-10-05T05:29:19.347186Z,KXBTC15M-26OCT050130-30,0.9180,0.01,no
2026-10-05T05:29:19.347186Z,KXBTC15M-26OCT050130-30,0.9170,6.28,no
2026-10-05T05:29:19.364138Z,KXBTC15M-26OCT050130-30,0.9220,15.91,yes
2026-10-05T05:29:19.364138Z,KXBTC15M-26OCT050130-30,0.9210,0.01,yes
2026-10-05T05:29:19.364138Z,KXBTC15M-26OCT050130-30,0.9210,0.01,yes
2026-10-05T05:29:19.366283Z,KXBTC15M-26OCT050130-30,0.9210,55.93,no
2026-10-05T05:29:19.372856Z,KXBTC15M-26OCT050130-30,0.9210,94.07,no
2026-10-05T05:29:19.372856Z,KXBTC15M-26OCT050130-30,0.9210,75.93,no
2026-10-05T05:29:19.381234Z,KXBTC15M-26OCT050130-30,0.9210,0.01,no
2026-10-05T05:29:19.381234Z,KXBTC15M-26OCT050130-30,0.9170,0.01,no
2026-10-05T05:29:19.381234Z,KXBTC15M-26OCT050130-30,0.9170,0.01,no
2026-10-05T05:29:19.381234Z,KXBTC15M-26OCT050130-30,0.9180,0.01,no
2026-10-05T05:29:19.381234Z,KXBTC15M-26OCT050130-30,0.9210,0.01,no
2026-10-05T05:29:19.381234Z,KXBTC15M-26OCT050130-30,0.9180,0.01,no
2026-10-05T05:29:19.381234Z,KXBTC15M-26OCT050130-30,0.9140,7.00,no
2026-10-05T05:29:19.381234Z,KXBTC15M-26OCT050130-30,0.9180,6.00,no
2026-10-05T05:29:19.381234Z,KXBTC15M-26OCT050130-30,0.9130,94.86,no
2026-10-05T05:29:19.389196Z,KXBTC15M-26OCT050130-30,0.9130,1.05,no
2026-10-05T05:29:19.396791Z,KXBTC15M-26OCT050130-30,0.9150,5.00,no
2026-10-05T05:29:19.399561Z,KXBTC15M-26OCT050130-30,0.9140,7.00,no
2026-10-05T05:29:19.399561Z,KXBTC15M-26OCT050130-30,0.9150,0.01,no
2026-10-05T05:29:19.399561Z,KXBTC15M-26OCT050130-30,0.9130,15.31,no
2026-10-05T05:29:19.412633Z,KXBTC15M-26OCT050130-30,0.9140,7.00,no
2026-10-05T05:29:19.412633Z,KXBTC15M-26OCT050130-30,0.9150,0.01,no
2026-10-05T05:29:19.412633Z,KXBTC15M-26OCT050130-30,0.9150,15.00,no
2026-10-05T05:29:19.412633Z,KXBTC15M-26OCT050130-30,0.9140,0.01,no
2026-10-05T05:29:19.412633Z,KXBTC15M-26OCT050130-30,0.9130,272.98,no
2026-10-05T05:29:19.419274Z,KXBTC15M-26OCT050130-30,0.9140,7.00,no
2026-10-05T05:29:19.419274Z,KXBTC15M-26OCT050130-30,0.9130,38.77,no
2026-10-05T05:29:19.419274Z,KXBTC15M-26OCT050130-30,0.9140,6.00,no
2026-10-05T05:29:19.419274Z,KXBTC15M-26OCT050130-30,0.9150,0.01,no
2026-10-05T05:29:19.419274Z,KXBTC15M-26OCT050130-30,0.9130,2.12,no
2026-10-05T05:29:19.423807Z,KXBTC15M-26OCT050130-30,0.9210,0.01,yes
2026-10-05T05:29:19.423807Z,KXBTC15M-26OCT050130-30,0.9210,0.01,yes
2026-10-05T05:29:19.423807Z,KXBTC15M-26OCT050130-30,0.9210,0.98,yes
2026-10-05T05:29:19.425697Z,KXBTC15M-26OCT050130-30,0.9150,25.00,no
2026-10-05T05:29:19.428054Z,KXBTC15M-26OCT050130-30,0.9210,7.02,yes
2026-10-05T05:29:19.428054Z,KXBTC15M-26OCT050130-30,0.9220,3.71,yes
2026-10-05T05:29:19.436626Z,KXBTC15M-26OCT050130-30,0.9140,0.01,no
2026-10-05T05:29:19.436626Z,KXBTC15M-26OCT050130-30,0.9130,43.45,no
2026-10-05T05:29:19.436626Z,KXBTC15M-26OCT050130-30,0.9140,7.00,no
2026-10-05T05:29:19.436626Z,KXBTC15M-26OCT050130-30,0.9150,15.00,no
2026-10-05T05:29:19.436626Z,KXBTC15M-26OCT050130-30,0.9150,0.01,no
2026-10-05T05:29:19.436626Z,KXBTC15M-26OCT050130-30,0.9150,6.00,no
2026-10-05T05:29:19.436626Z,KXBTC15M-26OCT050130-30,0.9150,0.01,no
2026-10-05T05:29:19.436626Z,KXBTC15M-26OCT050130-30,0.9140,0.01,no
2026-10-05T05:29:19.462585Z,KXBTC15M-26OCT050130-30,0.9140,0.01,no
2026-10-05T05:29:19.462585Z,KXBTC15M-26OCT050130-30,0.9140,0.01,no
2026-10-05T05:29:19.462585Z,KXBTC15M-26OCT050130-30,0.9140,6.10,no
2026-10-05T05:29:19.462585Z,KXBTC15M-26OCT050130-30,0.9140,6.00,no
2026-10-05T05:29:19.491836Z,KXBTC15M-26OCT050130-30,0.9160,65.58,yes
2026-10-05T05:29:19.495876Z,KXBTC15M-26OCT050130-30,0.9160,7.43,yes
2026-10-05T05:29:19.496797Z,KXBTC15M-26OCT050130-30,0.9160,59.63,yes
2026-10-05T05:29:19.501425Z,KXBTC15M-26OCT050130-30,0.9160,0.01,yes
2026-10-05T05:29:19.507498Z,KXBTC15M-26OCT050130-30,0.9160,1.00,yes
2026-10-05T05:29:19.517818Z,KXBTC15M-26OCT050130-30,0.9140,75.51,no
2026-10-05T05:29:19.518044Z,KXBTC15M-26OCT050130-30,0.9140,1.33,no
2026-10-05T05:29:19.524299Z,KXBTC15M-26OCT050130-30,0.9160,123.50,yes
2026-10-05T05:29:19.524936Z,KXBTC15M-26OCT050130-30,0.9160,6.00,yes
2026-10-05T05:29:19.562939Z,KXBTC15M-26OCT050130-30,0.9170,0.01,yes
2026-10-05T05:29:19.562939Z,KXBTC15M-26OCT050130-30,0.9170,0.01,yes
2026-10-05T05:29:19.562939Z,KXBTC15M-26OCT050130-30,0.9230,8.00,yes
2026-10-05T05:29:19.562939Z,KXBTC15M-26OCT050130-30,0.9160,0.01,yes
2026-10-05T05:29:19.562939Z,KXBTC15M-26OCT050130-30,0.9160,0.01,yes
2026-10-05T05:29:19.562939Z,KXBTC15M-26OCT050130-30,0.9160,500.00,yes
2026-10-05T05:29:19.562939Z,KXBTC15M-26OCT050130-30,0.9290,500.00,yes
2026-10-05T05:29:19.562939Z,KXBTC15M-26OCT050130-30,0.9340,544.10,yes
2026-10-05T05:29:19.562939Z,KXBTC15M-26OCT050130-30,0.9330,86.00,yes
2026-10-05T05:29:19.562939Z,KXBTC15M-26OCT050130-30,0.9240,1047.00,yes
2026-10-05T05:29:19.562939Z,KXBTC15M-26OCT050130-30,0.9260,1047.00,yes
2026-10-05T05:29:19.562939Z,KXBTC15M-26OCT050130-30,0.9290,124.00,yes
2026-10-05T05:29:19.562939Z,KXBTC15M-26OCT050130-30,0.9300,1047.00,yes
2026-10-05T05:29:19.579964Z,KXBTC15M-26OCT050130-30,0.9310,17.95,no
2026-10-05T05:29:19.599182Z,KXBTC15M-26OCT050130-30,0.9310,58.48,no
2026-10-05T05:29:19.600422Z,KXBTC15M-26OCT050130-30,0.9330,0.01,yes
2026-10-05T05:29:19.600422Z,KXBTC15M-26OCT050130-30,0.9330,1.00,yes
2026-10-05T05:29:19.600422Z,KXBTC15M-26OCT050130-30,0.9330,58.31,yes
2026-10-05T05:29:19.600422Z,KXBTC15M-26OCT050130-30,0.9330,1.00,yes
2026-10-05T05:29:19.601305Z,KXBTC15M-26OCT050130-30,0.9310,90.58,no
2026-10-05T05:29:19.602973Z,KXBTC15M-26OCT050130-30,0.9310,320.00,no
2026-10-05T05:29:19.603034Z,KXBTC15M-26OCT050130-30,0.9310,711.00,no
2026-10-05T05:29:19.626929Z,KXBTC15M-26OCT050130-30,0.9300,0.76,no
2026-10-05T05:29:19.626929Z,KXBTC15M-26OCT050130-30,0.9310,0.01,no
2026-10-05T05:29:19.626929Z,KXBTC15M-26OCT050130-30,0.9310,0.01,no
2026-10-05T05:29:19.636911Z,KXBTC15M-26OCT050130-30,0.9310,0.01,no
2026-10-05T05:29:19.636911Z,KXBTC15M-26OCT050130-30,0.9300,7.00,no
2026-10-05T05:29:19.636911Z,KXBTC15M-26OCT050130-30,0.9310,0.01,no
2026-10-05T05:29:19.636911Z,KXBTC15M-26OCT050130-30,0.9290,106.70,no
2026-10-05T05:29:19.644732Z,KXBTC15M-26OCT050130-30,0.9300,0.01,no
2026-10-05T05:29:19.644732Z,KXBTC15M-26OCT050130-30,0.9300,0.01,no
2026-10-05T05:29:19.644732Z,KXBTC15M-26OCT050130-30,0.9290,16.76,no
2026-10-05T05:29:19.644732Z,KXBTC15M-26OCT050130-30,0.9300,7.00,no
2026-10-05T05:29:19.650509Z,KXBTC15M-26OCT050130-30,0.9290,31.87,no
2026-10-05T05:29:19.650509Z,KXBTC15M-26OCT050130-30,0.9300,6.00,no
2026-10-05T05:29:19.650509Z,KXBTC15M-26OCT050130-30,0.9300,0.01,no
2026-10-05T05:29:19.652121Z,KXBTC15M-26OCT050130-30,0.9290,11.53,no
2026-10-05T05:29:19.65538Z,KXBTC15M-26OCT050130-30,0.9310,0.01,yes
2026-10-05T05:29:19.65538Z,KXBTC15M-26OCT050130-30,0.9310,0.01,yes
2026-10-05T05:29:19.65538Z,KXBTC15M-26OCT050130-30,0.9320,3.83,yes
2026-10-05T05:29:19.660206Z,KXBTC15M-26OCT050130-30,0.9290,269.98,no
2026-10-05T05:29:19.667783Z,KXBTC15M-26OCT050130-30,0.9310,0.01,yes
2026-10-05T05:29:19.667783Z,KXBTC15M-26OCT050130-30,0.9330,153.48,yes
2026-10-05T05:29:19.667783Z,KXBTC15M-26OCT050130-30,0.9320,128.17,yes
2026-10-05T05:29:19.667783Z,KXBTC15M-26OCT050130-30,0.9310,0.01,yes
2026-10-05T05:29:19.667783Z,KXBTC15M-26OCT050130-30,0.9320,0.01,yes
2026-10-05T05:29:19.667783Z,KXBTC15M-26OCT050130-30,0.9300,128.00,yes
2026-10-05T05:29:19.667783Z,KXBTC15M-26OCT050130-30,0.9320,0.01,yes
2026-10-05T05:29:19.670999Z,KXBTC15M-26OCT050130-30,0.9300,8.96,no
2026-10-05T05:29:19.6803Z,KXBTC15M-26OCT050130-30,0.9300,1.28,no
2026-10-05T05:29:19.6803Z,KXBTC15M-26OCT050130-30,0.9300,0.01,no
2026-10-05T05:29:19.6803Z,KXBTC15M-26OCT050130-30,0.9300,0.01,no
2026-10-05T05:29:19.69373Z,KXBTC15M-26OCT050130-30,0.9280,7.00,no
2026-10-05T05:29:19.69373Z,KXBTC15M-26OCT050130-30,0.9280,78.82,no
2026-10-05T05:29:19.69373Z,KXBTC15M-26OCT050130-30,0.9310,0.01,no
2026-10-05T05:29:19.69373Z,KXBTC15M-26OCT050130-30,0.9300,0.01,no
2026-10-05T05:29:19.69373Z,KXBTC15M-26OCT050130-30,0.9300,48.72,no
2026-10-05T05:29:19.69373Z,KXBTC15M-26OCT050130-30,0.9310,65.00,no
2026-10-05T05:29:19.69373Z,KXBTC15M-26OCT050130-30,0.9290,45.00,no
2026-10-05T05:29:19.69373Z,KXBTC15M-26OCT050130-30,0.9310,5.00,no
2026-10-05T05:29:19.69373Z,KXBTC15M-26OCT050130-30,0.9290,0.01,no
2026-10-05T05:29:19.69373Z,KXBTC15M-26OCT050130-30,0.9290,0.01,no
2026-10-05T05:29:19.712973Z,KXBTC15M-26OCT050130-30,0.9320,0.01,yes
2026-10-05T05:29:19.712973Z,KXBTC15M-26OCT050130-30,0.9320,93.01,yes
2026-10-05T05:29:19.712973Z,KXBTC15M-26OCT050130-30,0.9320,0.01,yes
2026-10-05T05:29:19.71311Z,KXBTC15M-26OCT050130-30,0.9310,0.01,no
2026-10-05T05:29:19.71311Z,KXBTC15M-26OCT050130-30,0.9270,26.04,no
2026-10-05T05:29:19.71311Z,KXBTC15M-26OCT050130-30,0.9300,0.01,no
2026-10-05T05:29:19.71311Z,KXBTC15M-26OCT050130-30,0.9280,61.18,no
2026-10-05T05:29:19.71311Z,KXBTC15M-26OCT050130-30,0.9310,0.01,no
2026-10-05T05:29:19.73413Z,KXBTC15M-26OCT050130-30,0.9270,4.00,no
2026-10-05T05:29:19.742163Z,KXBTC15M-26OCT050130-30,0.9310,0.28,yes
2026-10-05T05:29:19.742585Z,KXBTC15M-26OCT050130-30,0.9310,1.79,yes
2026-10-05T05:29:19.756977Z,KXBTC15M-26OCT050130-30,0.9270,5.63,no
2026-10-05T05:29:19.76333Z,KXBTC15M-26OCT050130-30,0.9260,50.00,no
2026-10-05T05:29:19.76333Z,KXBTC15M-26OCT050130-30,0.9270,1011.33,no
2026-10-05T05:29:19.76333Z,KXBTC15M-26OCT050130-30,0.9270,0.01,no
2026-10-05T05:29:19.76333Z,KXBTC15M-26OCT050130-30,0.9260,7.00,no
2026-10-05T05:29:19.76333Z,KXBTC15M-26OCT050130-30,0.9250,65.64,no
2026-10-05T05:29:19.76333Z,KXBTC15M-26OCT050130-30,0.9270,0.01,no
2026-10-05T05:29:19.771102Z,KXBTC15M-26OCT050130-30,0.9310,0.01,yes
2026-10-05T05:29:19.771102Z,KXBTC15M-26OCT050130-30,0.9310,0.01,yes
2026-10-05T05:29:19.771102Z,KXBTC15M-26OCT050130-30,0.9320,1.02,yes
2026-10-05T05:29:19.780866Z,KXBTC15M-26OCT050130-30,0.9310,11.53,no
2026-10-05T05:29:19.807255Z,KXBTC15M-26OCT050130-30,0.9270,0.01,no
2026-10-05T05:29:19.807255Z,KXBTC15M-26OCT050130-30,0.9260,0.01,no
2026-10-05T05:29:19.807255Z,KXBTC15M-26OCT050130-30,0.9260,22.71,no
2026-10-05T05:29:19.807255Z,KXBTC15M-26OCT050130-30,0.9270,0.01,no
2026-10-05T05:29:19.818127Z,KXBTC15M-26OCT050130-30,0.9260,0.01,no
2026-10-05T05:29:19.818127Z,KXBTC15M-26OCT050130-30,0.9250,4.28,no
2026-10-05T05:29:19.818127Z,KXBTC15M-26OCT050130-30,0.9260,117.29,no
2026-10-05T05:29:19.818127Z,KXBTC15M-26OCT050130-30,0.9260,0.01,no
2026-10-05T05:29:19.826475Z,KXBTC15M-26OCT050130-30,0.9260,0.01,no
2026-10-05T05:29:19.826475Z,KXBTC15M-26OCT050130-30,0.9250,276.99,no
2026-10-05T05:29:19.834241Z,KXBTC15M-26OCT050130-30,0.9260,0.01,no
2026-10-05T05:29:19.834241Z,KXBTC15M-26OCT050130-30,0.9250,8.79,no
2026-10-05T05:29:19.840912Z,KXBTC15M-26OCT050130-30,0.9270,1.05,yes
2026-10-05T05:29:19.864644Z,KXBTC15M-26OCT050130-30,0.9250,0.04,no
2026-10-05T05:29:19.864644Z,KXBTC15M-26OCT050130-30,0.9260,1.00,no
2026-10-05T05:29:19.864644Z,KXBTC15M-26OCT050130-30,0.9260,0.01,no
2026-10-05T05:29:19.864644Z,KXBTC15M-26OCT050130-30,0.9260,0.01,no
2026-10-05T05:29:19.86823Z,KXBTC15M-26OCT050130-30,0.9250,24.50,no
2026-10-05T05:29:19.869867Z,KXBTC15M-26OCT050130-30,0.9270,11.73,yes
2026-10-05T05:29:19.884888Z,KXBTC15M-26OCT050130-30,0.9260,0.01,no
2026-10-05T05:29:19.884888Z,KXBTC15M-26OCT050130-30,0.9250,22.64,no
2026-10-05T05:29:19.893435Z,KXBTC15M-26OCT050130-30,0.9270,25.88,yes
2026-10-05T05:29:19.896273Z,KXBTC15M-26OCT050130-30,0.9250,125.04,no
2026-10-05T05:29:19.899422Z,KXBTC15M-26OCT050130-30,0.9250,4.87,no
2026-10-05T05:29:19.906279Z,KXBTC15M-26OCT050130-30,0.9270,5.31,yes
2026-10-05T05:29:19.91887Z,KXBTC15M-26OCT050130-30,0.9250,1.50,no
2026-10-05T05:29:19.948838Z,KXBTC15M-26OCT050130-30,0.9250,22.91,no
2026-10-05T05:29:19.953916Z,KXBTC15M-26OCT050130-30,0.9260,1.00,no
2026-10-05T05:29:19.953916Z,KXBTC15M-26OCT050130-30,0.9250,23.59,no
2026-10-05T05:29:19.954718Z,KXBTC15M-26OCT050130-30,0.9250,0.01,no
2026-10-05T05:29:19.954718Z,KXBTC15M-26OCT050130-30,0.9240,60.00,no
2026-10-05T05:29:19.954718Z,KXBTC15M-26OCT050130-30,0.9250,0.01,no
2026-10-05T05:29:19.954718Z,KXBTC15M-26OCT050130-30,0.9230,99.76,no
2026-10-05T05:29:19.954718Z,KXBTC15M-26OCT050130-30,0.9240,7.00,no
2026-10-05T05:29:19.954718Z,KXBTC15M-26OCT050130-30,0.9260,0.01,no
2026-10-05T05:29:19.954718Z,KXBTC15M-26OCT050130-30,0.9250,466.21,no
2026-10-05T05:29:19.96106Z,KXBTC15M-26OCT050130-30,0.9210,741.35,no
2026-10-05T05:29:19.96106Z,KXBTC15M-26OCT050130-30,0.9240,0.01,no
2026-10-05T05:29:19.964216Z,KXBTC15M-26OCT050130-30,0.9270,0.01,yes
2026-10-05T05:29:19.964216Z,KXBTC15M-26OCT050130-30,0.9280,1076.64,yes
2026-10-05T05:29:19.964216Z,KXBTC15M-26OCT050130-30,0.9270,457.08,yes
2026-10-05T05:29:19.964216Z,KXBTC15M-26OCT050130-30,0.9270,500.00,yes
2026-10-05T05:29:19.964216Z,KXBTC15M-26OCT050130-30,0.9270,0.01,yes
2026-10-05T05:29:19.970004Z,KXBTC15M-26OCT050130-30,0.9170,92.14,no
2026-10-05T05:29:19.970004Z,KXBTC15M-26OCT050130-30,0.9240,7.00,no
2026-10-05T05:29:19.970004Z,KXBTC15M-26OCT050130-30,0.9220,7.00,no
2026-10-05T05:29:19.970004Z,KXBTC15M-26OCT050130-30,0.9200,7.00,no
2026-10-05T05:29:20.004134Z,KXBTC15M-26OCT050130-30,0.9240,12.92,yes
2026-10-05T05:29:20.004134Z,KXBTC15M-26OCT050130-30,0.9240,0.01,yes
2026-10-05T05:29:20.004134Z,KXBTC15M-26OCT050130-30,0.9240,0.01,yes
2026-10-05T05:29:20.008372Z,KXBTC15M-26OCT050130-30,0.9220,0.01,no
2026-10-05T05:29:20.008372Z,KXBTC15M-26OCT050130-30,0.9170,10.55,no
2026-10-05T05:29:20.008372Z,KXBTC15M-26OCT050130-30,0.9180,6.00,no
2026-10-05T05:29:20.008372Z,KXBTC15M-26OCT050130-30,0.9180,6.00,no
2026-10-05T05:29:20.022271Z,KXBTC15M-26OCT050130-30,0.9170,113.74,no
2026-10-05T05:29:20.022271Z,KXBTC15M-26OCT050130-30,0.9180,6.00,no
2026-10-05T05:29:20.022271Z,KXBTC15M-26OCT050130-30,0.9220,0.01,no
2026-10-05T05:29:20.058386Z,KXBTC15M-26OCT050130-30,0.9170,234.34,no
2026-10-05T05:29:20.058386Z,KXBTC15M-26OCT050130-30,0.9180,6.00,no
2026-10-05T05:29:20.058386Z,KXBTC15M-26OCT050130-30,0.9180,6.00,no
2026-10-05T05:29:20.058386Z,KXBTC15M-26OCT050130-30,0.9180,0.01,no
2026-10-05T05:29:20.066788Z,KXBTC15M-26OCT050130-30,0.9310,65.00,yes
2026-10-05T05:29:20.066788Z,KXBTC15M-26OCT050130-30,0.9320,338.80,yes
2026-10-05T05:29:20.066788Z,KXBTC15M-26OCT050130-30,0.9270,0.01,yes
2026-10-05T05:29:20.066788Z,KXBTC15M-26OCT050130-30,0.9280,2064.36,yes
2026-10-05T05:29:20.066788Z,KXBTC15M-26OCT050130-30,0.9260,8.00,yes
2026-10-05T05:29:20.066788Z,KXBTC15M-26OCT050130-30,0.9270,62.00,yes
2026-10-05T05:29:20.066788Z,KXBTC15M-26OCT050130-30,0.9260,0.01,yes
2026-10-05T05:29:20.066788Z,KXBTC15M-26OCT050130-30,0.9260,61.00,yes
2026-10-05T05:29:20.066788Z,KXBTC15M-26OCT050130-30,0.9260,0.01,yes
2026-10-05T05:29:20.066788Z,KXBTC15M-26OCT050130-30,0.9260,72.00,yes
2026-10-05T05:29:20.086237Z,KXBTC15M-26OCT050130-30,0.9260,0.01,yes
2026-10-05T05:29:20.086237Z,KXBTC15M-26OCT050130-30,0.9260,0.01,yes
2026-10-05T05:29:20.095543Z,KXBTC15M-26OCT050130-30,0.9300,91.52,no
2026-10-05T05:29:20.104883Z,KXBTC15M-26OCT050130-30,0.9300,25.00,no
2026-10-05T05:29:20.115382Z,KXBTC15M-26OCT050130-30,0.9300,25.61,no
2026-10-05T05:29:20.118391Z,KXBTC15M-26OCT050130-30,0.9340,0.01,yes
2026-10-05T05:29:20.118391Z,KXBTC15M-26OCT050130-30,0.9340,68.00,yes
2026-10-05T05:29:20.118391Z,KXBTC15M-26OCT050130-30,0.9340,0.01,yes
2026-10-05T05:29:20.118391Z,KXBTC15M-26OCT050130-30,0.9350,59.38,yes
2026-10-05T05:29:20.148881Z,KXBTC15M-26OCT050130-30,0.9300,5.97,no
2026-10-05T05:29:20.173612Z,KXBTC15M-26OCT050130-30,0.9350,10.91,yes
2026-10-05T05:29:20.173612Z,KXBTC15M-26OCT050130-30,0.9350,0.01,yes
2026-10-05T05:29:20.173612Z,KXBTC15M-26OCT050130-30,0.9350,9.62,yes
2026-10-05T05:29:20.202755Z,KXBTC15M-26OCT050130-30,0.9350,20.90,yes
2026-10-05T05:29:20.216303Z,KXBTC15M-26OCT050130-30,0.9350,0.01,yes
2026-10-05T05:29:20.216303Z,KXBTC15M-26OCT050130-30,0.9350,0.01,yes
2026-10-05T05:29:20.216303Z,KXBTC15M-26OCT050130-30,0.9360,21.01,yes
2026-10-05T05:29:20.237888Z,KXBTC15M-26OCT050130-30,0.9350,8.19,yes
2026-10-05T05:29:20.237888Z,KXBTC15M-26OCT050130-30,0.9350,0.01,yes
2026-10-05T05:29:20.248538Z,KXBTC15M-26OCT050130-30,0.9340,1.00,yes
2026-10-05T05:29:20.248538Z,KXBTC15M-26OCT050130-30,0.9350,16.02,yes
2026-10-05T05:29:20.248538Z,KXBTC15M-26OCT050130-30,0.9350,0.01,yes
2026-10-05T05:29:20.258688Z,KXBTC15M-26OCT050130-30,0.9320,6.00,no
2026-10-05T05:29:20.258688Z,KXBTC15M-26OCT050130-30,0.9310,25.00,no
2026-10-05T05:29:20.258688Z,KXBTC15M-26OCT050130-30,0.9320,10.00,no
2026-10-05T05:29:20.258688Z,KXBTC15M-26OCT050130-30,0.9320,0.01,no
2026-10-05T05:29:20.258688Z,KXBTC15M-26OCT050130-30,0.9310,2.05,no
2026-10-05T05:29:20.258688Z,KXBTC15M-26OCT050130-30,0.9310,0.01,no
2026-10-05T05:29:20.258688Z,KXBTC15M-26OCT050130-30,0.9310,0.01,no
2026-10-05T05:29:20.258688Z,KXBTC15M-26OCT050130-30,0.9320,0.01,no
2026-10-05T05:29:20.258688Z,KXBTC15M-26OCT050130-30,0.9310,7.00,no
2026-10-05T05:29:20.25891Z,KXBTC15M-26OCT050130-30,0.9310,6.05,no
2026-10-05T05:29:20.25891Z,KXBTC15M-26OCT050130-30,0.9310,3.95,no
2026-10-05T05:29:20.301076Z,KXBTC15M-26OCT050130-30,0.9320,0.01,no
2026-10-05T05:29:20.301076Z,KXBTC15M-26OCT050130-30,0.9310,0.01,no
2026-10-05T05:29:20.301076Z,KXBTC15M-26OCT050130-30,0.9290,12.28,no
2026-10-05T05:29:20.301076Z,KXBTC15M-26OCT050130-30,0.9320,0.01,no
2026-10-05T05:29:20.307699Z,KXBTC15M-26OCT050130-30,0.9290,12.51,no
2026-10-05T05:29:20.307699Z,KXBTC15M-26OCT050130-30,0.9310,0.01,no
2026-10-05T05:29:20.316412Z,KXBTC15M-26OCT050130-30,0.9310,1.04,yes
2026-10-05T05:29:20.40218Z,KXBTC15M-26OCT050130-30,0.9300,0.01,no
2026-10-05T05:29:20.40218Z,KXBTC15M-26OCT050130-30,0.9290,7.00,no
2026-10-05T05:29:20.40218Z,KXBTC15M-26OCT050130-30,0.9290,0.01,no
2026-10-05T05:29:20.40218Z,KXBTC15M-26OCT050130-30,0.9290,3.06,no
2026-10-05T05:29:20.40218Z,KXBTC15M-26OCT050130-30,0.9290,0.01,no
2026-10-05T05:29:20.410056Z,KXBTC15M-26OCT050130-30,0.9280,61.73,no
2026-10-05T05:29:20.410056Z,KXBTC15M-26OCT050130-30,0.9290,2.94,no
2026-10-05T05:29:20.410056Z,KXBTC15M-26OCT050130-30,0.9290,0.01,no
2026-10-05T05:29:20.416842Z,KXBTC15M-26OCT050130-30,0.9310,0.01,yes
2026-10-05T05:29:20.416842Z,KXBTC15M-26OCT050130-30,0.9330,13.00,yes
2026-10-05T05:29:20.416842Z,KXBTC15M-26OCT050130-30,0.9310,0.01,yes
2026-10-05T05:29:20.416842Z,KXBTC15M-26OCT050130-30,0.9340,8.99,yes
2026-10-05T05:29:20.416842Z,KXBTC15M-26OCT050130-30,0.9330,8.00,yes
2026-10-05T05:29:20.416842Z,KXBTC15M-26OCT050130-30,0.9320,0.01,yes
2026-10-05T05:29:20.416842Z,KXBTC15M-26OCT050130-30,0.9320,0.01,yes
2026-10-05T05:29:20.432442Z,KXBTC15M-26OCT050130-30,0.9340,26.61,yes
2026-10-05T05:29:20.47384Z,KXBTC15M-26OCT050130-30,0.9340,0.01,yes
2026-10-05T05:29:20.475863Z,KXBTC15M-26OCT050130-30,0.9340,1.82,yes
2026-10-05T05:29:20.499108Z,KXBTC15M-26OCT050130-30,0.9310,10.00,no
2026-10-05T05:29:20.532076Z,KXBTC15M-26OCT050130-30,0.9340,8.87,yes
2026-10-05T05:29:20.535223Z,KXBTC15M-26OCT050130-30,0.9340,2.00,yes
2026-10-05T05:29:20.542226Z,KXBTC15M-26OCT050130-30,0.9330,0.01,no
2026-10-05T05:29:20.542226Z,KXBTC15M-26OCT050130-30,0.9310,17.42,no
2026-10-05T05:29:20.542226Z,KXBTC15M-26OCT050130-30,0.9330,0.01,no
2026-10-05T05:29:20.542226Z,KXBTC15M-26OCT050130-30,0.9330,3.50,no
2026-10-05T05:29:20.54811Z,KXBTC15M-26OCT050130-30,0.9320,7.00,no
2026-10-05T05:29:20.54811Z,KXBTC15M-26OCT050130-30,0.9310,133.00,no
2026-10-05T05:29:20.550593Z,KXBTC15M-26OCT050130-30,0.9340,125.21,yes
2026-10-05T05:29:20.550593Z,KXBTC15M-26OCT050130-30,0.9340,68.00,yes
2026-10-05T05:29:20.550593Z,KXBTC15M-26OCT050130-30,0.9340,19.70,yes
2026-10-05T05:29:20.550593Z,KXBTC15M-26OCT050130-30,0.9340,0.01,yes
2026-10-05T05:29:20.550593Z,KXBTC15M-26OCT050130-30,0.9340,0.01,yes
2026-10-05T05:29:20.551004Z,KXBTC15M-26OCT050130-30,0.9340,0.01,yes
2026-10-05T05:29:20.552751Z,KXBTC15M-26OCT050130-30,0.9320,1.51,no
2026-10-05T05:29:20.583207Z,KXBTC15M-26OCT050130-30,0.9340,1.06,yes
2026-10-05T05:29:20.613315Z,KXBTC15M-26OCT050130-30,0.9340,0.56,yes
2026-10-05T05:29:20.615674Z,KXBTC15M-26OCT050130-30,0.9320,6.00,no
2026-10-05T05:29:20.615674Z,KXBTC15M-26OCT050130-30,0.9320,10.00,no
2026-10-05T05:29:20.615674Z,KXBTC15M-26OCT050130-30,0.9320,0.01,no
2026-10-05T05:29:20.615674Z,KXBTC15M-26OCT050130-30,0.9320,45.00,no
2026-10-05T05:29:20.615674Z,KXBTC15M-26OCT050130-30,0.9320,0.01,no
2026-10-05T05:29:20.615674Z,KXBTC15M-26OCT050130-30,0.9310,32.48,no
2026-10-05T05:29:20.615674Z,KXBTC15M-26OCT050130-30,0.9320,7.00,no
2026-10-05T05:29:20.622696Z,KXBTC15M-26OCT050130-30,0.9340,6.28,yes
2026-10-05T05:29:20.631252Z,KXBTC15M-26OCT050130-30,0.9310,3.01,no
2026-10-05T05:29:20.644246Z,KXBTC15M-26OCT050130-30,0.9320,5.70,no
2026-10-05T05:29:20.649582Z,KXBTC15M-26OCT050130-30,0.9320,0.30,no
2026-10-05T05:29:20.649582Z,KXBTC15M-26OCT050130-30,0.9310,559.62,no
2026-10-05T05:29:20.676199Z,KXBTC15M-26OCT050130-30,0.9320,3.66,no
2026-10-05T05:29:20.689994Z,KXBTC15M-26OCT050130-30,0.9330,0.01,yes
2026-10-05T05:29:20.689994Z,KXBTC15M-26OCT050130-30,0.9330,0.01,yes
2026-10-05T05:29:20.689994Z,KXBTC15M-26OCT050130-30,0.9340,52.35,yes
2026-10-05T05:29:20.694874Z,KXBTC15M-26OCT050130-30,0.9330,13.60,no
2026-10-05T05:29:20.71089Z,KXBTC15M-26OCT050130-30,0.9340,20.94,yes
2026-10-05T05:29:20.729529Z,KXBTC15M-26OCT050130-30,0.9340,50.00,yes
2026-10-05T05:29:20.747422Z,KXBTC15M-26OCT050130-30,0.9340,2.00,yes
2026-10-05T05:29:20.761117Z,KXBTC15M-26OCT050130-30,0.9340,19.92,yes
2026-10-05T05:29:20.76679Z,KXBTC15M-26OCT050130-30,0.9330,40.81,no
2026-10-05T05:29:20.785686Z,KXBTC15M-26OCT050130-30,0.9340,31.74,yes
2026-10-05T05:29:20.807578Z,KXBTC15M-26OCT050130-30,0.9330,1.42,no
2026-10-05T05:29:20.813616Z,KXBTC15M-26OCT050130-30,0.9330,4.74,no
2026-10-05T05:29:20.828256Z,KXBTC15M-26OCT050130-30,0.9340,53.28,yes
2026-10-05T05:29:20.830401Z,KXBTC15M-26OCT050130-30,0.9330,68.03,no
2026-10-05T05:29:20.831301Z,KXBTC15M-26OCT050130-30,0.9330,21.40,no
2026-10-05T05:29:20.831301Z,KXBTC15M-26OCT050130-30,0.9330,150.00,no
2026-10-05T05:29:20.831301Z,KXBTC15M-26OCT050130-30,0.9330,150.00,no
2026-10-05T05:29:20.831301Z,KXBTC15M-26OCT050130-30,0.9330,86.87,no
2026-10-05T05:29:20.831301Z,KXBTC15M-26OCT050130-30,0.9330,150.00,no
2026-10-05T05:29:20.831499Z,KXBTC15M-26OCT050130-30,0.9330,27.21,no
2026-10-05T05:29:20.851692Z,KXBTC15M-26OCT050130-30,0.9330,35.92,no
2026-10-05T05:29:20.851692Z,KXBTC15M-26OCT050130-30,0.9330,4.89,no
2026-10-05T05:29:20.862193Z,KXBTC15M-26OCT050130-30,0.9330,5.11,no
2026-10-05T05:29:20.871864Z,KXBTC15M-26OCT050130-30,0.9330,100.00,no
2026-10-05T05:29:20.885115Z,KXBTC15M-26OCT050130-30,0.9330,40.00,no
2026-10-05T05:29:20.885115Z,KXBTC15M-26OCT050130-30,0.9330,28.03,no
2026-10-05T05:29:20.902019Z,KXBTC15M-26OCT050130-30,0.9330,27.21,no
2026-10-05T05:29:20.903326Z,KXBTC15M-26OCT050130-30,0.9330,40.81,no
2026-10-05T05:29:20.910469Z,KXBTC15M-26OCT050130-30,0.9330,0.71,no
2026-10-05T05:29:20.921979Z,KXBTC15M-26OCT050130-30,0.9330,11.16,no
2026-10-05T05:29:20.939941Z,KXBTC15M-26OCT050130-30,0.9330,1.64,no
2026-10-05T05:29:20.94174Z,KXBTC15M-26OCT050130-30,0.9400,500.00,yes
2026-10-05T05:29:20.94174Z,KXBTC15M-26OCT050130-30,0.9370,45.00,yes
2026-10-05T05:29:20.94174Z,KXBTC15M-26OCT050130-30,0.9390,74.00,yes
2026-10-05T05:29:20.94174Z,KXBTC15M-26OCT050130-30,0.9340,136.65,yes
2026-10-05T05:29:20.94174Z,KXBTC15M-26OCT050130-30,0.9350,64.00,yes
2026-10-05T05:29:20.94174Z,KXBTC15M-26OCT050130-30,0.9380,73.00,yes
2026-10-05T05:29:20.94174Z,KXBTC15M-26OCT050130-30,0.9380,146.00,yes
2026-10-05T05:29:20.94174Z,KXBTC15M-26OCT050130-30,0.9340,0.01,yes
2026-10-05T05:29:20.94174Z,KXBTC15M-26OCT050130-30,0.9340,0.01,yes
2026-10-05T05:29:20.94174Z,KXBTC15M-26OCT050130-30,0.9380,8.00,yes
2026-10-05T05:29:20.94174Z,KXBTC15M-26OCT050130-30,0.9400,29.87,yes
2026-10-05T05:29:20.94174Z,KXBTC15M-26OCT050130-30,0.9390,74.00,yes
2026-10-05T05:29:20.94174Z,KXBTC15M-26OCT050130-30,0.9400,0.94,yes
2026-10-05T05:29:20.94174Z,KXBTC15M-26OCT050130-30,0.9400,100.00,yes
2026-10-05T05:29:20.942923Z,KXBTC15M-26OCT050130-30,0.9400,8.06,yes
2026-10-05T05:29:20.95511Z,KXBTC15M-26OCT050130-30,0.9390,1.00,yes
2026-10-05T05:29:20.95511Z,KXBTC15M-26OCT050130-30,0.9400,26.07,yes
2026-10-05T05:29:20.95511Z,KXBTC15M-26OCT050130-30,0.9350,0.01,yes
2026-10-05T05:29:20.95511Z,KXBTC15M-26OCT050130-30,0.9350,0.01,yes
2026-10-05T05:29:20.95511Z,KXBTC15M-26OCT050130-30,0.9400,21.17,yes
2026-10-05T05:29:20.95511Z,KXBTC15M-26OCT050130-30,0.9340,1.00,yes
2026-10-05T05:29:20.956855Z,KXBTC15M-26OCT050130-30,0.9330,3.82,no
2026-10-05T05:29:20.966914Z,KXBTC15M-26OCT050130-30,0.9340,104.99,yes
2026-10-05T05:29:20.966914Z,KXBTC15M-26OCT050130-30,0.9340,0.01,yes
2026-10-05T05:29:20.97987Z,KXBTC15M-26OCT050130-30,0.9330,0.01,no
2026-10-05T05:29:20.97987Z,KXBTC15M-26OCT050130-30,0.9330,17.81,no
2026-10-05T05:29:20.97987Z,KXBTC15M-26OCT050130-30,0.9330,0.01,no
2026-10-05T05:29:20.992299Z,KXBTC15M-26OCT050130-30,0.9330,0.01,no
2026-10-05T05:29:20.992299Z,KXBTC15M-26OCT050130-30,0.9330,77.19,no
2026-10-05T05:29:20.992299Z,KXBTC15M-26OCT050130-30,0.9330,1.88,no
2026-10-05T05:29:20.992299Z,KXBTC15M-26OCT050130-30,0.9330,125.00,no
2026-10-05T05:29:20.992299Z,KXBTC15M-26OCT050130-30,0.9330,0.01,no
2026-10-05T05:29:21.028772Z,KXBTC15M-26OCT050130-30,0.9330,8.37,no
2026-10-05T05:29:21.031556Z,KXBTC15M-26OCT050130-30,0.9330,6.80,no
2026-10-05T05:29:21.035908Z,KXBTC15M-26OCT050130-30,0.9340,0.01,yes
2026-10-05T05:29:21.035908Z,KXBTC15M-26OCT050130-30,0.9340,0.01,yes
2026-10-05T05:29:21.035908Z,KXBTC15M-26OCT050130-30,0.9340,1.04,yes
2026-10-05T05:29:21.037811Z,KXBTC15M-26OCT050130-30,0.9370,1.89,yes
2026-10-05T05:29:21.037811Z,KXBTC15M-26OCT050130-30,0.9340,311.36,yes
2026-10-05T05:29:21.039178Z,KXBTC15M-26OCT050130-30,0.9370,6.11,yes
2026-10-05T05:29:21.039178Z,KXBTC15M-26OCT050130-30,0.9380,241.62,yes
2026-10-05T05:29:21.042876Z,KXBTC15M-26OCT050130-30,0.9320,7.00,no
2026-10-05T05:29:21.042876Z,KXBTC15M-26OCT050130-30,0.9320,3.40,no
2026-10-05T05:29:21.042876Z,KXBTC15M-26OCT050130-30,0.9330,0.01,no
2026-10-05T05:29:21.042876Z,KXBTC15M-26OCT050130-30,0.9330,0.01,no
2026-10-05T05:29:21.042876Z,KXBTC15M-26OCT050130-30,0.9330,6.00,no
2026-10-05T05:29:21.043044Z,KXBTC15M-26OCT050130-30,0.9320,56.60,no
2026-10-05T05:29:21.043044Z,KXBTC15M-26OCT050130-30,0.9310,11.43,no
2026-10-05T05:29:21.043727Z,KXBTC15M-26OCT050130-30,0.9320,28.57,no
2026-10-05T05:29:21.047042Z,KXBTC15M-26OCT050130-30,0.9360,1.04,yes
2026-10-05T05:29:21.047042Z,KXBTC15M-26OCT050130-30,0.9340,0.01,yes
2026-10-05T05:29:21.047042Z,KXBTC15M-26OCT050130-30,0.9340,0.01,yes
2026-10-05T05:29:21.050946Z,KXBTC15M-26OCT050130-30,0.9310,18.78,no
2026-10-05T05:29:21.050946Z,KXBTC15M-26OCT050130-30,0.9320,7.00,no
2026-10-05T05:29:21.050946Z,KXBTC15M-26OCT050130-30,0.9320,1.43,no
2026-10-05T05:29:21.060066Z,KXBTC15M-26OCT050130-30,0.9350,12.52,yes
2026-10-05T05:29:21.071637Z,KXBTC15M-26OCT050130-30,0.9340,545.13,no
2026-10-05T05:29:21.082896Z,KXBTC15M-26OCT050130-30,0.9340,28.02,no
2026-10-05T05:29:21.091532Z,KXBTC15M-26OCT050130-30,0.9340,120.03,no
2026-10-05T05:29:21.113152Z,KXBTC15M-26OCT050130-30,0.9400,28.83,yes
2026-10-05T05:29:21.113152Z,KXBTC15M-26OCT050130-30,0.9350,0.01,yes
2026-10-05T05:29:21.113152Z,KXBTC15M-26OCT050130-30,0.9420,90.23,yes
2026-10-05T05:29:21.113152Z,KXBTC15M-26OCT050130-30,0.9400,64.00,yes
2026-10-05T05:29:21.113152Z,KXBTC15M-26OCT050130-30,0.9420,78.00,yes
2026-10-05T05:29:21.113152Z,KXBTC15M-26OCT050130-30,0.9370,0.01,yes
2026-10-05T05:29:21.113152Z,KXBTC15M-26OCT050130-30,0.9350,0.01,yes
2026-10-05T05:29:21.113152Z,KXBTC15M-26OCT050130-30,0.9370,0.01,yes
2026-10-05T05:29:21.136014Z,KXBTC15M-26OCT050130-30,0.9400,0.01,yes
2026-10-05T05:29:21.136014Z,KXBTC15M-26OCT050130-30,0.9410,2.19,yes
2026-10-05T05:29:21.136014Z,KXBTC15M-26OCT050130-30,0.9400,50.00,yes
2026-10-05T05:29:21.136014Z,KXBTC15M-26OCT050130-30,0.9400,0.01,yes
2026-10-05T05:29:21.142172Z,KXBTC15M-26OCT050130-30,0.9400,31.33,yes
2026-10-05T05:29:21.165549Z,KXBTC15M-26OCT050130-30,0.9370,67.06,no
2026-10-05T05:29:21.167055Z,KXBTC15M-26OCT050130-30,0.9370,21.01,no
2026-10-05T05:29:21.18535Z,KXBTC15M-26OCT050130-30,0.9400,2.00,yes
2026-10-05T05:29:21.192527Z,KXBTC15M-26OCT050130-30,0.9400,0.01,yes
2026-10-05T05:29:21.192527Z,KXBTC15M-26OCT050130-30,0.9400,48.00,yes
2026-10-05T05:29:21.192527Z,KXBTC15M-26OCT050130-30,0.9400,1.40,yes
2026-10-05T05:29:21.192527Z,KXBTC15M-26OCT050130-30,0.9400,0.01,yes
2026-10-05T05:29:21.200509Z,KXBTC15M-26OCT050130-30,0.9350,72.94,no
2026-10-05T05:29:21.200509Z,KXBTC15M-26OCT050130-30,0.9370,0.01,no
2026-10-05T05:29:21.200509Z,KXBTC15M-26OCT050130-30,0.9360,0.01,no
2026-10-05T05:29:21.200509Z,KXBTC15M-26OCT050130-30,0.9370,0.01,no
2026-10-05T05:29:21.200509Z,KXBTC15M-26OCT050130-30,0.9380,0.01,no
2026-10-05T05:29:21.200509Z,KXBTC15M-26OCT050130-30,0.9350,60.00,no
2026-10-05T05:29:21.200509Z,KXBTC15M-26OCT050130-30,0.9380,0.01,no
2026-10-05T05:29:21.200509Z,KXBTC15M-26OCT050130-30,0.9360,0.01,no
2026-10-05T05:29:21.206142Z,KXBTC15M-26OCT050130-30,0.9360,6.00,no
2026-10-05T05:29:21.206142Z,KXBTC15M-26OCT050130-30,0.9350,17.83,no
2026-10-05T05:29:21.206533Z,KXBTC15M-26OCT050130-30,0.9350,20.00,no
2026-10-05T05:29:21.218641Z,KXBTC15M-26OCT050130-30,0.9350,1.08,no
2026-10-05T05:29:21.218641Z,KXBTC15M-26OCT050130-30,0.9370,0.01,no
2026-10-05T05:29:21.218641Z,KXBTC15M-26OCT050130-30,0.9380,0.01,no
2026-10-05T05:29:21.222154Z,KXBTC15M-26OCT050130-30,0.9380,5.00,yes
2026-10-05T05:29:21.228395Z,KXBTC15M-26OCT050130-30,0.9350,10.85,no
2026-10-05T05:29:21.228395Z,KXBTC15M-26OCT050130-30,0.9350,3.15,no
2026-10-05T05:29:21.228395Z,KXBTC15M-26OCT050130-30,0.9380,0.01,no
2026-10-05T05:29:21.254589Z,KXBTC15M-26OCT050130-30,0.9350,9.85,no
2026-10-05T05:29:21.283583Z,KXBTC15M-26OCT050130-30,0.9310,24.98,no
2026-10-05T05:29:21.283583Z,KXBTC15M-26OCT050130-30,0.9350,0.01,no
2026-10-05T05:29:21.283583Z,KXBTC15M-26OCT050130-30,0.9350,0.01,no
2026-10-05T05:29:21.291964Z,KXBTC15M-26OCT050130-30,0.9310,13.44,no
2026-10-05T05:29:21.302825Z,KXBTC15M-26OCT050130-30,0.9310,50.73,no
2026-10-05T05:29:21.313286Z,KXBTC15M-26OCT050130-30,0.9310,7.15,no
2026-10-05T05:29:21.313482Z,KXBTC15M-26OCT050130-30,0.9390,0.01,yes
2026-10-05T05:29:21.313482Z,KXBTC15M-26OCT050130-30,0.9400,1.28,yes
2026-10-05T05:29:21.313482Z,KXBTC15M-26OCT050130-30,0.9390,0.01,yes
2026-10-05T05:29:21.313482Z,KXBTC15M-26OCT050130-30,0.9390,8.00,yes
2026-10-05T05:29:21.343342Z,KXBTC15M-26OCT050130-30,0.9310,931.92,no
2026-10-05T05:29:21.343342Z,KXBTC15M-26OCT050130-30,0.9280,255.91,no
2026-10-05T05:29:21.343342Z,KXBTC15M-26OCT050130-30,0.9310,0.01,no
2026-10-05T05:29:21.343342Z,KXBTC15M-26OCT050130-30,0.9310,0.01,no
2026-10-05T05:29:21.343342Z,KXBTC15M-26OCT050130-30,0.9290,55.00,no
2026-10-05T05:29:21.343342Z,KXBTC15M-26OCT050130-30,0.9290,35.00,no
2026-10-05T05:29:21.343342Z,KXBTC15M-26OCT050130-30,0.9290,7.00,no
2026-10-05T05:29:21.343342Z,KXBTC15M-26OCT050130-30,0.9300,50.00,no
2026-10-05T05:29:21.37643Z,KXBTC15M-26OCT050130-30,0.9330,17.15,yes
2026-10-05T05:29:21.390667Z,KXBTC15M-26OCT050130-30,0.9270,25.00,no
2026-10-05T05:29:21.390667Z,KXBTC15M-26OCT050130-30,0.9270,40.81,no
2026-10-05T05:29:21.390667Z,KXBTC15M-26OCT050130-30,0.9300,50.00,no
2026-10-05T05:29:21.390667Z,KXBTC15M-26OCT050130-30,0.9280,50.00,no
2026-10-05T05:29:21.390667Z,KXBTC15M-26OCT050130-30,0.9300,0.01,no
2026-10-05T05:29:21.390667Z,KXBTC15M-26OCT050130-30,0.9260,1.56,no
2026-10-05T05:29:21.390667Z,KXBTC15M-26OCT050130-30,0.9300,0.01,no
2026-10-05T05:29:21.390667Z,KXBTC15M-26OCT050130-30,0.9260,7.00,no
2026-10-05T05:29:21.390667Z,KXBTC15M-26OCT050130-30,0.9280,60.00,no
2026-10-05T05:29:21.390667Z,KXBTC15M-26OCT050130-30,0.9280,0.01,no
2026-10-05T05:29:21.40867Z,KXBTC15M-26OCT050130-30,0.9280,1.00,no
2026-10-05T05:29:21.40867Z,KXBTC15M-26OCT050130-30,0.9250,26.01,no
2026-10-05T05:29:21.40867Z,KXBTC15M-26OCT050130-30,0.9260,33.44,no
2026-10-05T05:29:21.40867Z,KXBTC15M-26OCT050130-30,0.9270,0.01,no
2026-10-05T05:29:21.40867Z,KXBTC15M-26OCT050130-30,0.9280,0.01,no
2026-10-05T05:29:21.417613Z,KXBTC15M-26OCT050130-30,0.9310,65.00,yes
2026-10-05T05:29:21.417613Z,KXBTC15M-26OCT050130-30,0.9320,41.15,yes
2026-10-05T05:29:21.426829Z,KXBTC15M-26OCT050130-30,0.9310,0.01,yes
2026-10-05T05:29:21.426829Z,KXBTC15M-26OCT050130-30,0.9310,0.01,yes
2026-10-05T05:29:21.426829Z,KXBTC15M-26OCT050130-30,0.9320,7.96,yes
2026-10-05T05:29:21.426829Z,KXBTC15M-26OCT050130-30,0.9310,8.00,yes
2026-10-05T05:29:21.450361Z,KXBTC15M-26OCT050130-30,0.9310,106.15,yes
2026-10-05T05:29:21.475528Z,KXBTC15M-26OCT050130-30,0.9260,18.64,no
2026-10-05T05:29:21.488821Z,KXBTC15M-26OCT050130-30,0.9260,27.16,no
2026-10-05T05:29:21.499772Z,KXBTC15M-26OCT050130-30,0.9310,3.08,yes
2026-10-05T05:29:21.514053Z,KXBTC15M-26OCT050130-30,0.9300,0.43,no
2026-10-05T05:29:21.514714Z,KXBTC15M-26OCT050130-30,0.9300,5.00,no
2026-10-05T05:29:21.536595Z,KXBTC15M-26OCT050130-30,0.9320,0.01,yes
2026-10-05T05:29:21.536595Z,KXBTC15M-26OCT050130-30,0.9320,0.01,yes
2026-10-05T05:29:21.536595Z,KXBTC15M-26OCT050130-30,0.9360,69.80,yes
2026-10-05T05:29:21.536595Z,KXBTC15M-26OCT050130-30,0.9310,0.01,yes
2026-10-05T05:29:21.536595Z,KXBTC15M-26OCT050130-30,0.9310,0.01,yes
2026-10-05T05:29:21.550288Z,KXBTC15M-26OCT050130-30,0.9360,104.43,yes
2026-10-05T05:29:21.554025Z,KXBTC15M-26OCT050130-30,0.9350,63.15,no
2026-10-05T05:29:21.554721Z,KXBTC15M-26OCT050130-30,0.9360,4.11,yes
2026-10-05T05:29:21.557649Z,KXBTC15M-26OCT050130-30,0.9360,13.18,yes
2026-10-05T05:29:21.560577Z,KXBTC15M-26OCT050130-30,0.9350,711.70,no
2026-10-05T05:29:21.560644Z,KXBTC15M-26OCT050130-30,0.9350,7.00,no
2026-10-05T05:29:21.563642Z,KXBTC15M-26OCT050130-30,0.9360,265.90,yes
2026-10-05T05:29:21.569067Z,KXBTC15M-26OCT050130-30,0.9350,5.76,no
2026-10-05T05:29:21.57472Z,KXBTC15M-26OCT050130-30,0.9350,136.00,no
2026-10-05T05:29:21.612916Z,KXBTC15M-26OCT050130-30,0.9360,3.59,yes
2026-10-05T05:29:21.61646Z,KXBTC15M-26OCT050130-30,0.9350,1000.00,no
2026-10-05T05:29:21.617477Z,KXBTC15M-26OCT050130-30,0.9350,120.00,no
2026-10-05T05:29:21.61941Z,KXBTC15M-26OCT050130-30,0.9350,86.63,no
2026-10-05T05:29:21.620063Z,KXBTC15M-26OCT050130-30,0.9450,50.00,yes
2026-10-05T05:29:21.620063Z,KXBTC15M-26OCT050130-30,0.9450,30.80,yes
2026-10-05T05:29:21.620063Z,KXBTC15M-26OCT050130-30,0.9360,38.99,yes
2026-10-05T05:29:21.620063Z,KXBTC15M-26OCT050130-30,0.9360,0.01,yes
2026-10-05T05:29:21.620063Z,KXBTC15M-26OCT050130-30,0.9440,8.00,yes
2026-10-05T05:29:21.620063Z,KXBTC15M-26OCT050130-30,0.9360,0.01,yes
2026-10-05T05:29:21.629177Z,KXBTC15M-26OCT050130-30,0.9360,137.94,no
2026-10-05T05:29:21.641223Z,KXBTC15M-26OCT050130-30,0.9360,0.01,no
2026-10-05T05:29:21.641223Z,KXBTC15M-26OCT050130-30,0.9350,0.01,no
2026-10-05T05:29:21.641223Z,KXBTC15M-26OCT050130-30,0.9350,0.01,no
2026-10-05T05:29:21.641223Z,KXBTC15M-26OCT050130-30,0.9360,0.01,no
2026-10-05T05:29:21.641223Z,KXBTC15M-26OCT050130-30,0.9340,7.39,no
2026-10-05T05:29:21.641223Z,KXBTC15M-26OCT050130-30,0.9360,7.00,no
2026-10-05T05:29:21.657245Z,KXBTC15M-26OCT050130-30,0.9370,5.00,no
2026-10-05T05:29:21.657245Z,KXBTC15M-26OCT050130-30,0.9370,45.00,no
2026-10-05T05:29:21.679011Z,KXBTC15M-26OCT050130-30,0.9370,0.01,no
2026-10-05T05:29:21.708944Z,KXBTC15M-26OCT050130-30,0.9340,0.01,no
2026-10-05T05:29:21.708944Z,KXBTC15M-26OCT050130-30,0.9310,2.70,no
2026-10-05T05:29:21.708944Z,KXBTC15M-26OCT050130-30,0.9340,0.01,no
2026-10-05T05:29:21.709698Z,KXBTC15M-26OCT050130-30,0.9310,7.30,no
2026-10-05T05:29:21.709698Z,KXBTC15M-26OCT050130-30,0.9310,128.76,no
2026-10-05T05:29:21.709908Z,KXBTC15M-26OCT050130-30,0.9300,41.88,no
2026-10-05T05:29:21.709908Z,KXBTC15M-26OCT050130-30,0.9310,41.24,no
2026-10-05T05:29:21.763419Z,KXBTC15M-26OCT050130-30,0.9310,0.01,no
2026-10-05T05:29:21.763419Z,KXBTC15M-26OCT050130-30,0.9300,13.80,no
2026-10-05T05:29:21.763419Z,KXBTC15M-26OCT050130-30,0.9310,0.01,no
2026-10-05T05:29:21.763419Z,KXBTC15M-26OCT050130-30,0.9310,6.00,no
2026-10-05T05:29:21.763419Z,KXBTC15M-26OCT050130-30,0.9310,7.00,no
2026-10-05T05:29:21.769072Z,KXBTC15M-26OCT050130-30,0.9300,25.00,no
2026-10-05T05:29:21.776064Z,KXBTC15M-26OCT050130-30,0.9300,99.98,no
2026-10-05T05:29:21.800244Z,KXBTC15M-26OCT050130-30,0.9300,62.85,no
2026-10-05T05:29:21.854861Z,KXBTC15M-26OCT050130-30,0.9300,162.01,no
2026-10-05T05:29:21.887595Z,KXBTC15M-26OCT050130-30,0.9300,21.86,no
2026-10-05T05:29:21.953772Z,KXBTC15M-26OCT050130-30,0.9360,0.01,yes
2026-10-05T05:29:21.953772Z,KXBTC15M-26OCT050130-30,0.9360,0.01,yes
2026-10-05T05:29:21.953772Z,KXBTC15M-26OCT050130-30,0.9370,2.10,yes
2026-10-05T05:29:21.966985Z,KXBTC15M-26OCT050130-30,0.9300,56.87,no
2026-10-05T05:29:22.00066Z,KXBTC15M-26OCT050130-30,0.9340,34.16,no
2026-10-05T05:29:22.032788Z,KXBTC15M-26OCT050130-30,0.9360,0.01,yes
2026-10-05T05:29:22.032788Z,KXBTC15M-26OCT050130-30,0.9390,348.40,yes
2026-10-05T05:29:22.032788Z,KXBTC15M-26OCT050130-30,0.9360,0.01,yes
2026-10-05T05:29:22.062633Z,KXBTC15M-26OCT050130-30,0.9380,0.01,yes
2026-10-05T05:29:22.062633Z,KXBTC15M-26OCT050130-30,0.9380,0.01,yes
2026-10-05T05:29:22.08019Z,KXBTC15M-26OCT050130-30,0.9380,12.40,no
2026-10-05T05:29:22.08329Z,KXBTC15M-26OCT050130-30,0.9390,0.01,yes
2026-10-05T05:29:22.08329Z,KXBTC15M-26OCT050130-30,0.9390,30.02,yes
2026-10-05T05:29:22.09058Z,KXBTC15M-26OCT050130-30,0.9380,11.00,no
2026-10-05T05:29:22.09221Z,KXBTC15M-26OCT050130-30,0.9380,15.00,no
2026-10-05T05:29:22.098384Z,KXBTC15M-26OCT050130-30,0.9390,7.85,yes
2026-10-05T05:29:22.100247Z,KXBTC15M-26OCT050130-30,0.9380,150.00,no
2026-10-05T05:29:22.100247Z,KXBTC15M-26OCT050130-30,0.9380,1.19,no
2026-10-05T05:29:22.100247Z,KXBTC15M-26OCT050130-30,0.9380,111.60,no
2026-10-05T05:29:22.100247Z,KXBTC15M-26OCT050130-30,0.9380,2.21,no
2026-10-05T05:29:22.105154Z,KXBTC15M-26OCT050130-30,0.9380,3.59,no
2026-10-05T05:29:22.149079Z,KXBTC15M-26OCT050130-30,0.9390,17.71,yes
2026-10-05T05:29:22.155061Z,KXBTC15M-26OCT050130-30,0.9390,0.49,yes
2026-10-05T05:29:22.163329Z,KXBTC15M-26OCT050130-30,0.9380,0.01,no
2026-10-05T05:29:22.163329Z,KXBTC15M-26OCT050130-30,0.9380,7.00,no
2026-10-05T05:29:22.163329Z,KXBTC15M-26OCT050130-30,0.9380,3.48,no
2026-10-05T05:29:22.163329Z,KXBTC15M-26OCT050130-30,0.9370,292.57,no
2026-10-05T05:29:22.163329Z,KXBTC15M-26OCT050130-30,0.9380,0.01,no
2026-10-05T05:29:22.163329Z,KXBTC15M-26OCT050130-30,0.9380,144.20,no
2026-10-05T05:29:22.178489Z,KXBTC15M-26OCT050130-30,0.9380,0.01,no
2026-10-05T05:29:22.178489Z,KXBTC15M-26OCT050130-30,0.9370,7.96,no
2026-10-05T05:29:22.208141Z,KXBTC15M-26OCT050130-30,0.9380,6.00,no
2026-10-05T05:29:22.208141Z,KXBTC15M-26OCT050130-30,0.9380,0.01,no
2026-10-05T05:29:22.208141Z,KXBTC15M-26OCT050130-30,0.9370,121.11,no
2026-10-05T05:29:22.208141Z,KXBTC15M-26OCT050130-30,0.9380,7.00,no
2026-10-05T05:29:22.222142Z,KXBTC15M-26OCT050130-30,0.9370,13.45,no
2026-10-05T05:29:22.229609Z,KXBTC15M-26OCT050130-30,0.9370,7.13,no
2026-10-05T05:29:22.229609Z,KXBTC15M-26OCT050130-30,0.9380,6.00,no
2026-10-05T05:29:22.232532Z,KXBTC15M-26OCT050130-30,0.9370,25.00,no
2026-10-05T05:29:22.243722Z,KXBTC15M-26OCT050130-30,0.9370,67.06,no
2026-10-05T05:29:22.251488Z,KXBTC15M-26OCT050130-30,0.9370,6.70,no
2026-10-05T05:29:22.288589Z,KXBTC15M-26OCT050130-30,0.9370,53.60,no
2026-10-05T05:29:22.289454Z,KXBTC15M-26OCT050130-30,0.9370,12.99,no
2026-10-05T05:29:22.307487Z,KXBTC15M-26OCT050130-30,0.9390,24.14,yes
2026-10-05T05:29:22.341229Z,KXBTC15M-26OCT050130-30,0.9390,0.39,yes
2026-10-05T05:29:22.343536Z,KXBTC15M-26OCT050130-30,0.9390,0.01,yes
2026-10-05T05:29:22.343536Z,KXBTC15M-26OCT050130-30,0.9390,22.41,yes
2026-10-05T05:29:22.343536Z,KXBTC15M-26OCT050130-30,0.9390,67.40,yes
2026-10-05T05:29:22.343536Z,KXBTC15M-26OCT050130-30,0.9390,77.72,yes
2026-10-05T05:29:22.373703Z,KXBTC15M-26OCT050130-30,0.9390,137.79,yes
2026-10-05T05:29:22.373703Z,KXBTC15M-26OCT050130-30,0.9390,0.01,yes
2026-10-05T05:29:22.373703Z,KXBTC15M-26OCT050130-30,0.9390,0.01,yes
2026-10-05T05:29:22.373703Z,KXBTC15M-26OCT050130-30,0.9390,70.28,yes
2026-10-05T05:29:22.39921Z,KXBTC15M-26OCT050130-30,0.9390,39.15,yes
2026-10-05T05:29:22.425339Z,KXBTC15M-26OCT050130-30,0.9370,0.01,no
2026-10-05T05:29:22.425339Z,KXBTC15M-26OCT050130-30,0.9370,133.46,no
2026-10-05T05:29:22.425339Z,KXBTC15M-26OCT050130-30,0.9370,0.01,no
2026-10-05T05:29:22.442019Z,KXBTC15M-26OCT050130-30,0.9370,3.35,no
2026-10-05T05:29:22.446885Z,KXBTC15M-26OCT050130-30,0.9380,34.64,no
2026-10-05T05:29:22.461746Z,KXBTC15M-26OCT050130-30,0.9390,10.58,yes
2026-10-05T05:29:22.461746Z,KXBTC15M-26OCT050130-30,0.9390,0.01,yes
2026-10-05T05:29:22.461746Z,KXBTC15M-26OCT050130-30,0.9390,0.01,yes
2026-10-05T05:29:22.462677Z,KXBTC15M-26OCT050130-30,0.9380,1.00,no
2026-10-05T05:29:22.462677Z,KXBTC15M-26OCT050130-30,0.9380,6.00,no
2026-10-05T05:29:22.462677Z,KXBTC15M-26OCT050130-30,0.9380,35.36,no
2026-10-05T05:29:22.462677Z,KXBTC15M-26OCT050130-30,0.9380,1.04,no
2026-10-05T05:29:22.462677Z,KXBTC15M-26OCT050130-30,0.9380,0.01,no
2026-10-05T05:29:22.462677Z,KXBTC15M-26OCT050130-30,0.9380,7.00,no
2026-10-05T05:29:22.462677Z,KXBTC15M-26OCT050130-30,0.9370,243.81,no
2026-10-05T05:29:22.46856Z,KXBTC15M-26OCT050130-30,0.9380,0.01,no
2026-10-05T05:29:22.46856Z,KXBTC15M-26OCT050130-30,0.9380,39.00,no
2026-10-05T05:29:22.46856Z,KXBTC15M-26OCT050130-30,0.9370,245.62,no
2026-10-05T05:29:22.474176Z,KXBTC15M-26OCT050130-30,0.9380,7.00,no
2026-10-05T05:29:22.474176Z,KXBTC15M-26OCT050130-30,0.9370,97.97,no
2026-10-05T05:29:22.47984Z,KXBTC15M-26OCT050130-30,0.9390,26.51,yes
2026-10-05T05:29:22.481391Z,KXBTC15M-26OCT050130-30,0.9390,1.26,yes
2026-10-05T05:29:22.500529Z,KXBTC15M-26OCT050130-30,0.9390,57.26,yes
2026-10-05T05:29:22.503783Z,KXBTC15M-26OCT050130-30,0.9390,2.17,yes
2026-10-05T05:29:22.506049Z,KXBTC15M-26OCT050130-30,0.9380,0.01,no
2026-10-05T05:29:22.506049Z,KXBTC15M-26OCT050130-30,0.9380,7.00,no
2026-10-05T05:29:22.506049Z,KXBTC15M-26OCT050130-30,0.9380,6.00,no
2026-10-05T05:29:22.506049Z,KXBTC15M-26OCT050130-30,0.9370,50.99,no
2026-10-05T05:29:22.565916Z,KXBTC15M-26OCT050130-30,0.9380,0.13,no
2026-10-05T05:29:22.569314Z,KXBTC15M-26OCT050130-30,0.9380,0.14,no
2026-10-05T05:29:22.56931Z,KXBTC15M-26OCT050130-30,0.9390,34.99,yes
2026-10-05T05:29:22.592359Z,KXBTC15M-26OCT050130-30,0.9380,0.73,no
2026-10-05T05:29:22.592359Z,KXBTC15M-26OCT050130-30,0.9380,6.00,no
2026-10-05T05:29:22.592359Z,KXBTC15M-26OCT050130-30,0.9370,511.66,no
2026-10-05T05:29:22.592359Z,KXBTC15M-26OCT050130-30,0.9380,7.00,no
2026-10-05T05:29:22.605828Z,KXBTC15M-26OCT050130-30,0.9380,7.00,no
2026-10-05T05:29:22.605828Z,KXBTC15M-26OCT050130-30,0.9370,18.00,no
2026-10-05T05:29:22.606953Z,KXBTC15M-26OCT050130-30,0.9390,2.75,yes
2026-10-05T05:29:22.628099Z,KXBTC15M-26OCT050130-30,0.9390,74.21,yes
2026-10-05T05:29:22.628099Z,KXBTC15M-26OCT050130-30,0.9390,0.01,yes
2026-10-05T05:29:22.628099Z,KXBTC15M-26OCT050130-30,0.9390,0.01,yes
2026-10-05T05:29:22.634158Z,KXBTC15M-26OCT050130-30,0.9390,21.20,yes
2026-10-05T05:29:22.639094Z,KXBTC15M-26OCT050130-30,0.9390,28.43,yes
2026-10-05T05:29:22.650352Z,KXBTC15M-26OCT050130-30,0.9450,8.00,yes
2026-10-05T05:29:22.650352Z,KXBTC15M-26OCT050130-30,0.9390,376.16,yes
2026-10-05T05:29:22.650352Z,KXBTC15M-26OCT050130-30,0.9390,0.01,yes
2026-10-05T05:29:22.650352Z,KXBTC15M-26OCT050130-30,0.9390,0.01,yes
2026-10-05T05:29:22.650352Z,KXBTC15M-26OCT050130-30,0.9460,20.59,yes
2026-10-05T05:29:22.65524Z,KXBTC15M-26OCT050130-30,0.9400,71.30,no
2026-10-05T05:29:22.666526Z,KXBTC15M-26OCT050130-30,0.9450,0.01,yes
2026-10-05T05:29:22.666526Z,KXBTC15M-26OCT050130-30,0.9450,8.30,yes
2026-10-05T05:29:22.667976Z,KXBTC15M-26OCT050130-30,0.9400,21.86,no
2026-10-05T05:29:22.669612Z,KXBTC15M-26OCT050130-30,0.9400,56.79,no
2026-10-05T05:29:22.674268Z,KXBTC15M-26OCT050130-30,0.9450,0.01,yes
2026-10-05T05:29:22.674268Z,KXBTC15M-26OCT050130-30,0.9470,37.45,yes
2026-10-05T05:29:22.674268Z,KXBTC15M-26OCT050130-30,0.9460,0.01,yes
2026-10-05T05:29:22.674268Z,KXBTC15M-26OCT050130-30,0.9450,0.01,yes
2026-10-05T05:29:22.674268Z,KXBTC15M-26OCT050130-30,0.9450,73.70,yes
2026-10-05T05:29:22.714978Z,KXBTC15M-26OCT050130-30,0.9410,1.16,no
2026-10-05T05:29:22.725791Z,KXBTC15M-26OCT050130-30,0.9440,8.57,no
2026-10-05T05:29:22.728038Z,KXBTC15M-26OCT050130-30,0.9440,28.33,no
2026-10-05T05:29:22.737239Z,KXBTC15M-26OCT050130-30,0.9450,0.01,yes
2026-10-05T05:29:22.737239Z,KXBTC15M-26OCT050130-30,0.9490,88.00,yes
2026-10-05T05:29:22.737239Z,KXBTC15M-26OCT050130-30,0.9450,0.01,yes
2026-10-05T05:29:22.737239Z,KXBTC15M-26OCT050130-30,0.9490,11.97,yes
2026-10-05T05:29:22.737239Z,KXBTC15M-26OCT050130-30,0.9470,0.01,yes
2026-10-05T05:29:22.737265Z,KXBTC15M-26OCT050130-30,0.9490,76.03,yes
2026-10-05T05:29:22.738155Z,KXBTC15M-26OCT050130-30,0.9500,16.62,yes
2026-10-05T05:29:22.76329Z,KXBTC15M-26OCT050130-30,0.9500,7.15,yes
2026-10-05T05:29:22.765446Z,KXBTC15M-26OCT050130-30,0.9500,4.73,yes
2026-10-05T05:29:22.772722Z,KXBTC15M-26OCT050130-30,0.9490,337.00,no
2026-10-05T05:29:22.775507Z,KXBTC15M-26OCT050130-30,0.9490,2.90,no
2026-10-05T05:29:22.777196Z,KXBTC15M-26OCT050130-30,0.9490,217.59,no
2026-10-05T05:29:22.789788Z,KXBTC15M-26OCT050130-30,0.9490,15.13,no
2026-10-05T05:29:22.792447Z,KXBTC15M-26OCT050130-30,0.9500,10.16,yes
2026-10-05T05:29:22.800187Z,KXBTC15M-26OCT050130-30,0.9490,470.00,no
2026-10-05T05:29:22.844903Z,KXBTC15M-26OCT050130-30,0.9490,540.00,no
2026-10-05T05:29:22.862997Z,KXBTC15M-26OCT050130-30,0.9500,519.53,yes
2026-10-05T05:29:22.865625Z,KXBTC15M-26OCT050130-30,0.9490,372.58,no
2026-10-05T05:29:22.88249Z,KXBTC15M-26OCT050130-30,0.9500,124.21,yes
2026-10-05T05:29:22.892327Z,KXBTC15M-26OCT050130-30,0.9490,503.00,no
2026-10-05T05:29:22.902128Z,KXBTC15M-26OCT050130-30,0.9500,120.43,yes
2026-10-05T05:29:22.9267Z,KXBTC15M-26OCT050130-30,0.9490,538.00,no
2026-10-05T05:29:22.935872Z,KXBTC15M-26OCT050130-30,0.9490,94.61,no
2026-10-05T05:29:22.937377Z,KXBTC15M-26OCT050130-30,0.9480,7.74,no
2026-10-05T05:29:22.937377Z,KXBTC15M-26OCT050130-30,0.9480,15.00,no
2026-10-05T05:29:22.937377Z,KXBTC15M-26OCT050130-30,0.9490,0.01,no
2026-10-05T05:29:22.937377Z,KXBTC15M-26OCT050130-30,0.9490,0.01,no
2026-10-05T05:29:22.937377Z,KXBTC15M-26OCT050130-30,0.9490,50.19,no
2026-10-05T05:29:22.937377Z,KXBTC15M-26OCT050130-30,0.9490,0.05,no
2026-10-05T05:29:22.977371Z,KXBTC15M-26OCT050130-30,0.9480,0.01,no
2026-10-05T05:29:22.977371Z,KXBTC15M-26OCT050130-30,0.9480,0.01,no
2026-10-05T05:29:22.977371Z,KXBTC15M-26OCT050130-30,0.9480,77.26,no
2026-10-05T05:29:22.977371Z,KXBTC15M-26OCT050130-30,0.9470,347.72,no
2026-10-05T05:29:22.977371Z,KXBTC15M-26OCT050130-30,0.9480,34.00,no
2026-10-05T05:29:22.986407Z,KXBTC15M-26OCT050130-30,0.9480,0.01,no
2026-10-05T05:29:22.986407Z,KXBTC15M-26OCT050130-30,0.9470,299.99,no
2026-10-05T05:29:23.006947Z,KXBTC15M-26OCT050130-30,0.9480,0.01,no
2026-10-05T05:29:23.006947Z,KXBTC15M-26OCT050130-30,0.9480,0.01,no
2026-10-05T05:29:23.006947Z,KXBTC15M-26OCT050130-30,0.9470,33.52,no
2026-10-05T05:29:23.011077Z,KXBTC15M-26OCT050130-30,0.9470,365.77,no
2026-10-05T05:29:23.011077Z,KXBTC15M-26OCT050130-30,0.9470,0.01,no
2026-10-05T05:29:23.011077Z,KXBTC15M-26OCT050130-30,0.9450,8.00,no
2026-10-05T05:29:23.011077Z,KXBTC15M-26OCT050130-30,0.9470,0.01,no
2026-10-05T05:29:23.016303Z,KXBTC15M-26OCT050130-30,0.9490,0.01,yes
2026-10-05T05:29:23.016303Z,KXBTC15M-26OCT050130-30,0.9490,0.01,yes
2026-10-05T05:29:23.016303Z,KXBTC15M-26OCT050130-30,0.9490,1.98,yes
2026-10-05T05:29:23.016303Z,KXBTC15M-26OCT050130-30,0.9490,8.00,yes
2026-10-05T05:29:23.022536Z,KXBTC15M-26OCT050130-30,0.9490,17.52,yes
2026-10-05T05:29:23.025302Z,KXBTC15M-26OCT050130-30,0.9480,119.00,no
2026-10-05T05:29:23.030374Z,KXBTC15M-26OCT050130-30,0.9480,190.02,no
2026-10-05T05:29:23.032317Z,KXBTC15M-26OCT050130-30,0.9480,5.48,no
2026-10-05T05:29:23.033973Z,KXBTC15M-26OCT050130-30,0.9480,7.44,no
2026-10-05T05:29:23.039592Z,KXBTC15M-26OCT050130-30,0.9490,0.01,yes
2026-10-05T05:29:23.039592Z,KXBTC15M-26OCT050130-30,0.9490,0.01,yes
2026-10-05T05:29:23.039592Z,KXBTC15M-26OCT050130-30,0.9490,45.13,yes
2026-10-05T05:29:23.046115Z,KXBTC15M-26OCT050130-30,0.9490,41.17,yes
2026-10-05T05:29:23.052837Z,KXBTC15M-26OCT050130-30,0.9490,0.01,yes
2026-10-05T05:29:23.052837Z,KXBTC15M-26OCT050130-30,0.9490,0.01,yes
2026-10-05T05:29:23.052837Z,KXBTC15M-26OCT050130-30,0.9490,413.70,yes
2026-10-05T05:29:23.052837Z,KXBTC15M-26OCT050130-30,0.9500,94.36,yes
2026-10-05T05:29:23.119077Z,KXBTC15M-26OCT050130-30,0.9490,0.01,yes
2026-10-05T05:29:23.119077Z,KXBTC15M-26OCT050130-30,0.9490,8.00,yes
2026-10-05T05:29:23.119077Z,KXBTC15M-26OCT050130-30,0.9490,0.01,yes
2026-10-05T05:29:23.119077Z,KXBTC15M-26OCT050130-30,0.9490,94.95,yes
2026-10-05T05:29:23.120499Z,KXBTC15M-26OCT050130-30,0.9490,12.94,yes
2026-10-05T05:29:23.133246Z,KXBTC15M-26OCT050130-30,0.9490,5.14,yes
2026-10-05T05:29:23.133425Z,KXBTC15M-26OCT050130-30,0.9490,18.26,yes
2026-10-05T05:29:23.133871Z,KXBTC15M-26OCT050130-30,0.9440,178.88,no
2026-10-05T05:29:23.133871Z,KXBTC15M-26OCT050130-30,0.9480,0.01,no
2026-10-05T05:29:23.133871Z,KXBTC15M-26OCT050130-30,0.9480,0.01,no
2026-10-05T05:29:23.166762Z,KXBTC15M-26OCT050130-30,0.9470,0.01,yes
2026-10-05T05:29:23.166762Z,KXBTC15M-26OCT050130-30,0.9480,0.01,yes
2026-10-05T05:29:23.166762Z,KXBTC15M-26OCT050130-30,0.9490,101.80,yes
2026-10-05T05:29:23.166762Z,KXBTC15M-26OCT050130-30,0.9480,0.01,yes
2026-10-05T05:29:23.166762Z,KXBTC15M-26OCT050130-30,0.9470,0.01,yes
2026-10-05T05:29:23.19274Z,KXBTC15M-26OCT050130-30,0.9490,13.08,yes
2026-10-05T05:29:23.217653Z,KXBTC15M-26OCT050130-30,0.9440,21.75,no
2026-10-05T05:29:23.217653Z,KXBTC15M-26OCT050130-30,0.9440,0.01,no
2026-10-05T05:29:23.217653Z,KXBTC15M-26OCT050130-30,0.9440,0.01,no
2026-10-05T05:29:23.217653Z,KXBTC15M-26OCT050130-30,0.9450,8.00,no
2026-10-05T05:29:23.217653Z,KXBTC15M-26OCT050130-30,0.9460,0.01,no
2026-10-05T05:29:23.217653Z,KXBTC15M-26OCT050130-30,0.9460,0.01,no
2026-10-05T05:29:23.249043Z,KXBTC15M-26OCT050130-30,0.9480,0.41,yes
2026-10-05T05:29:23.25726Z,KXBTC15M-26OCT050130-30,0.9450,0.01,no
2026-10-05T05:29:23.25726Z,KXBTC15M-26OCT050130-30,0.9450,0.01,no
2026-10-05T05:29:23.25726Z,KXBTC15M-26OCT050130-30,0.9450,8.00,no
2026-10-05T05:29:23.25726Z,KXBTC15M-26OCT050130-30,0.9450,91.98,no
2026-10-05T05:29:23.271165Z,KXBTC15M-26OCT050130-30,0.9480,0.01,yes
2026-10-05T05:29:23.276332Z,KXBTC15M-26OCT050130-30,0.9450,22.56,no
2026-10-05T05:29:23.295567Z,KXBTC15M-26OCT050130-30,0.9450,0.01,no
2026-10-05T05:29:23.295567Z,KXBTC15M-26OCT050130-30,0.9440,231.97,no
2026-10-05T05:29:23.295567Z,KXBTC15M-26OCT050130-30,0.9450,8.00,no
2026-10-05T05:29:23.295567Z,KXBTC15M-26OCT050130-30,0.9450,85.46,no
2026-10-05T05:29:23.295567Z,KXBTC15M-26OCT050130-30,0.9450,0.01,no
2026-10-05T05:29:23.313997Z,KXBTC15M-26OCT050130-30,0.9470,5.45,no
2026-10-05T05:29:23.319169Z,KXBTC15M-26OCT050130-30,0.9480,72.00,yes
2026-10-05T05:29:23.322006Z,KXBTC15M-26OCT050130-30,0.9470,17.00,no
2026-10-05T05:29:23.3226Z,KXBTC15M-26OCT050130-30,0.9480,1.82,yes
2026-10-05T05:29:23.342063Z,KXBTC15M-26OCT050130-30,0.9470,441.34,no
2026-10-05T05:29:23.358051Z,KXBTC15M-26OCT050130-30,0.9470,12.78,no
2026-10-05T05:29:23.367672Z,KXBTC15M-26OCT050130-30,0.9470,207.08,no
2026-10-05T05:29:23.372961Z,KXBTC15M-26OCT050130-30,0.9480,12.76,yes
2026-10-05T05:29:23.372961Z,KXBTC15M-26OCT050130-30,0.9480,0.01,yes
2026-10-05T05:29:23.372961Z,KXBTC15M-26OCT050130-30,0.9480,0.01,yes
2026-10-05T05:29:23.372961Z,KXBTC15M-26OCT050130-30,0.9480,39.31,yes
2026-10-05T05:29:23.375138Z,KXBTC15M-26OCT050130-30,0.9480,46.69,yes
2026-10-05T05:29:23.375138Z,KXBTC15M-26OCT050130-30,0.9490,34.20,yes
2026-10-05T05:29:23.375138Z,KXBTC15M-26OCT050130-30,0.9480,1.00,yes
2026-10-05T05:29:23.382761Z,KXBTC15M-26OCT050130-30,0.9470,1.72,no
2026-10-05T05:29:23.392398Z,KXBTC15M-26OCT050130-30,0.9480,0.01,yes
2026-10-05T05:29:23.392398Z,KXBTC15M-26OCT050130-30,0.9480,1.01,yes
2026-10-05T05:29:23.396172Z,KXBTC15M-26OCT050130-30,0.9470,19.87,no
2026-10-05T05:29:23.39657Z,KXBTC15M-26OCT050130-30,0.9470,1.72,no
2026-10-05T05:29:23.400446Z,KXBTC15M-26OCT050130-30,0.9480,2.26,yes
2026-10-05T05:29:23.414482Z,KXBTC15M-26OCT050130-30,0.9470,53.01,no
2026-10-05T05:29:23.420001Z,KXBTC15M-26OCT050130-30,0.9470,17.66,no
2026-10-05T05:29:23.436845Z,KXBTC15M-26OCT050130-30,0.9480,10.49,yes
2026-10-05T05:29:23.471597Z,KXBTC15M-26OCT050130-30,0.9480,17.62,yes
2026-10-05T05:29:23.474047Z,KXBTC15M-26OCT050130-30,0.9470,8.66,no
2026-10-05T05:29:23.47891Z,KXBTC15M-26OCT050130-30,0.9470,25.00,no
2026-10-05T05:29:23.500187Z,KXBTC15M-26OCT050130-30,0.9470,0.34,no
2026-10-05T05:29:23.528615Z,KXBTC15M-26OCT050130-30,0.9480,0.52,yes
2026-10-05T05:29:23.528615Z,KXBTC15M-26OCT050130-30,0.9480,0.01,yes
2026-10-05T05:29:23.528615Z,KXBTC15M-26OCT050130-30,0.9480,0.01,yes
2026-10-05T05:29:23.548725Z,KXBTC15M-26OCT050130-30,0.9630,7.21,yes
2026-10-05T05:29:23.548725Z,KXBTC15M-26OCT050130-30,0.9480,0.01,yes
2026-10-05T05:29:23.548725Z,KXBTC15M-26OCT050130-30,0.9500,100.00,yes
2026-10-05T05:29:23.548725Z,KXBTC15M-26OCT050130-30,0.9480,499.48,yes
2026-10-05T05:29:23.548725Z,KXBTC15M-26OCT050130-30,0.9480,0.01,yes
2026-10-05T05:29:23.548725Z,KXBTC15M-26OCT050130-30,0.9500,200.00,yes
2026-10-05T05:29:23.548725Z,KXBTC15M-26OCT050130-30,0.9600,36.99,yes
2026-10-05T05:29:23.548725Z,KXBTC15M-26OCT050130-30,0.9600,5.51,yes
2026-10-05T05:29:23.548725Z,KXBTC15M-26OCT050130-30,0.9500,21.50,yes
2026-10-05T05:29:23.548725Z,KXBTC15M-26OCT050130-30,0.9500,1102.81,yes
2026-10-05T05:29:23.548725Z,KXBTC15M-26OCT050130-30,0.9500,100.00,yes
2026-10-05T05:29:23.548725Z,KXBTC15M-26OCT050130-30,0.9600,22.32,yes
2026-10-05T05:29:23.548725Z,KXBTC15M-26OCT050130-30,0.9600,2.08,yes
2026-10-05T05:29:23.556655Z,KXBTC15M-26OCT050130-30,0.9630,1.79,yes
2026-10-05T05:29:23.556655Z,KXBTC15M-26OCT050130-30,0.9650,129.00,yes
2026-10-05T05:29:23.556655Z,KXBTC15M-26OCT050130-30,0.9660,258.68,yes
2026-10-05T05:29:23.556655Z,KXBTC15M-26OCT050130-30,0.9640,80.00,yes
2026-10-05T05:29:23.556655Z,KXBTC15M-26OCT050130-30,0.9650,120.00,yes
2026-10-05T05:29:23.556655Z,KXBTC15M-26OCT050130-30,0.9640,1.00,yes
2026-10-05T05:29:23.556655Z,KXBTC15M-26OCT050130-30,0.9650,1.00,yes
2026-10-05T05:29:23.556655Z,KXBTC15M-26OCT050130-30,0.9660,1.00,yes
2026-10-05T05:29:23.567914Z,KXBTC15M-26OCT050130-30,0.9620,36.20,yes
2026-10-05T05:29:23.573181Z,KXBTC15M-26OCT050130-30,0.9600,10.21,no
2026-10-05T05:29:23.575754Z,KXBTC15M-26OCT050130-30,0.9600,9.01,no
2026-10-05T05:29:23.585113Z,KXBTC15M-26OCT050130-30,0.9600,10.00,no
2026-10-05T05:29:23.585113Z,KXBTC15M-26OCT050130-30,0.9600,0.01,no
2026-10-05T05:29:23.585113Z,KXBTC15M-26OCT050130-30,0.9600,278.24,no
2026-10-05T05:29:23.585113Z,KXBTC15M-26OCT050130-30,0.9590,968.74,no
2026-10-05T05:29:23.585113Z,KXBTC15M-26OCT050130-30,0.9600,0.01,no
2026-10-05T05:29:23.594186Z,KXBTC15M-26OCT050130-30,0.9600,402.95,yes
2026-10-05T05:29:23.596693Z,KXBTC15M-26OCT050130-30,0.9600,5.13,yes
2026-10-05T05:29:23.612289Z,KXBTC15M-26OCT050130-30,0.9590,0.01,no
2026-10-05T05:29:23.612289Z,KXBTC15M-26OCT050130-30,0.9590,0.01,no
2026-10-05T05:29:23.612289Z,KXBTC15M-26OCT050130-30,0.9530,16.29,no
2026-10-05T05:29:23.624552Z,KXBTC15M-26OCT050130-30,0.9530,20.10,no
2026-10-05T05:29:23.630972Z,KXBTC15M-26OCT050130-30,0.9540,13.60,no
2026-10-05T05:29:23.631872Z,KXBTC15M-26OCT050130-30,0.9580,9.00,yes
2026-10-05T05:29:23.631872Z,KXBTC15M-26OCT050130-30,0.9580,185.00,yes
2026-10-05T05:29:23.631872Z,KXBTC15M-26OCT050130-30,0.9590,42.98,yes
2026-10-05T05:29:23.631872Z,KXBTC15M-26OCT050130-30,0.9580,0.01,yes
2026-10-05T05:29:23.631872Z,KXBTC15M-26OCT050130-30,0.9580,0.01,yes
2026-10-05T05:29:23.637914Z,KXBTC15M-26OCT050130-30,0.9540,0.01,no
2026-10-05T05:29:23.637914Z,KXBTC15M-26OCT050130-30,0.9540,26.40,no
2026-10-05T05:29:23.637914Z,KXBTC15M-26OCT050130-30,0.9540,9.00,no
2026-10-05T05:29:23.637914Z,KXBTC15M-26OCT050130-30,0.9540,0.01,no
2026-10-05T05:29:23.637914Z,KXBTC15M-26OCT050130-30,0.9540,7.14,no
2026-10-05T05:29:23.638946Z,KXBTC15M-26OCT050130-30,0.9570,0.90,yes
2026-10-05T05:29:23.639783Z,KXBTC15M-26OCT050130-30,0.9570,36.25,yes
2026-10-05T05:29:23.65522Z,KXBTC15M-26OCT050130-30,0.9560,568.72,no
2026-10-05T05:29:23.68282Z,KXBTC15M-26OCT050130-30,0.9560,21.24,no
2026-10-05T05:29:23.691328Z,KXBTC15M-26OCT050130-30,0.9560,27.26,no
2026-10-05T05:29:23.700084Z,KXBTC15M-26OCT050130-30,0.9560,2493.02,no
2026-10-05T05:29:23.716918Z,KXBTC15M-26OCT050130-30,0.9560,0.01,no
2026-10-05T05:29:23.716918Z,KXBTC15M-26OCT050130-30,0.9540,0.01,no
2026-10-05T05:29:23.716918Z,KXBTC15M-26OCT050130-30,0.9540,0.01,no
2026-10-05T05:29:23.716918Z,KXBTC15M-26OCT050130-30,0.9560,0.01,no
2026-10-05T05:29:23.716918Z,KXBTC15M-26OCT050130-30,0.9490,9.00,no
2026-10-05T05:29:23.716918Z,KXBTC15M-26OCT050130-30,0.9480,48.96,no
2026-10-05T05:29:23.748902Z,KXBTC15M-26OCT050130-30,0.9530,50.50,yes
2026-10-05T05:29:23.760914Z,KXBTC15M-26OCT050130-30,0.9530,194.28,yes
2026-10-05T05:29:23.775802Z,KXBTC15M-26OCT050130-30,0.9500,0.52,no
2026-10-05T05:29:23.78815Z,KXBTC15M-26OCT050130-30,0.9500,4.48,no
2026-10-05T05:29:23.78815Z,KXBTC15M-26OCT050130-30,0.9500,0.01,no
2026-10-05T05:29:23.78815Z,KXBTC15M-26OCT050130-30,0.9500,25.00,no
2026-10-05T05:29:23.78815Z,KXBTC15M-26OCT050130-30,0.9500,2.34,no
2026-10-05T05:29:23.78815Z,KXBTC15M-26OCT050130-30,0.9500,0.01,no
2026-10-05T05:29:23.792318Z,KXBTC15M-26OCT050130-30,0.9520,188.14,yes
2026-10-05T05:29:23.817507Z,KXBTC15M-26OCT050130-30,0.9500,6.37,no
2026-10-05T05:29:23.820882Z,KXBTC15M-26OCT050130-30,0.9520,38.64,yes
2026-10-05T05:29:23.827801Z,KXBTC15M-26OCT050130-30,0.9490,0.01,no
2026-10-05T05:29:23.827801Z,KXBTC15M-26OCT050130-30,0.9480,10.00,no
2026-10-05T05:29:23.827801Z,KXBTC15M-26OCT050130-30,0.9480,1.00,no
2026-10-05T05:29:23.827801Z,KXBTC15M-26OCT050130-30,0.9470,4.08,no
2026-10-05T05:29:23.827801Z,KXBTC15M-26OCT050130-30,0.9500,11.29,no
2026-10-05T05:29:23.827801Z,KXBTC15M-26OCT050130-30,0.9490,0.01,no
2026-10-05T05:29:23.827801Z,KXBTC15M-26OCT050130-30,0.9500,9.00,no
2026-10-05T05:29:23.830473Z,KXBTC15M-26OCT050130-30,0.9520,17.00,yes
2026-10-05T05:29:23.830772Z,KXBTC15M-26OCT050130-30,0.9470,0.92,no
2026-10-05T05:29:23.830772Z,KXBTC15M-26OCT050130-30,0.9460,7.57,no
2026-10-05T05:29:23.856238Z,KXBTC15M-26OCT050130-30,0.9500,32.63,no
2026-10-05T05:29:23.860051Z,KXBTC15M-26OCT050130-30,0.9500,1.18,no
2026-10-05T05:29:23.865392Z,KXBTC15M-26OCT050130-30,0.9470,95.00,no
2026-10-05T05:29:23.865392Z,KXBTC15M-26OCT050130-30,0.9480,0.01,no
2026-10-05T05:29:23.865392Z,KXBTC15M-26OCT050130-30,0.9500,16.19,no
2026-10-05T05:29:23.865392Z,KXBTC15M-26OCT050130-30,0.9480,0.01,no
2026-10-05T05:29:23.865392Z,KXBTC15M-26OCT050130-30,0.9460,8.86,no
2026-10-05T05:29:23.889405Z,KXBTC15M-26OCT050130-30,0.9470,2.32,no
2026-10-05T05:29:23.903581Z,KXBTC15M-26OCT050130-30,0.9470,20.00,no
2026-10-05T05:29:23.903581Z,KXBTC15M-26OCT050130-30,0.9470,12.68,no
2026-10-05T05:29:23.903581Z,KXBTC15M-26OCT050130-30,0.9460,19.25,no
2026-10-05T05:29:23.906211Z,KXBTC15M-26OCT050130-30,0.9470,0.29,yes
2026-10-05T05:29:23.912072Z,KXBTC15M-26OCT050130-30,0.9470,150.00,yes
2026-10-05T05:29:23.912072Z,KXBTC15M-26OCT050130-30,0.9470,150.00,yes
2026-10-05T05:29:23.912072Z,KXBTC15M-26OCT050130-30,0.9470,149.71,yes
2026-10-05T05:29:23.912072Z,KXBTC15M-26OCT050130-30,0.9470,130.29,yes
2026-10-05T05:29:23.921419Z,KXBTC15M-26OCT050130-30,0.9410,10.00,no
2026-10-05T05:29:23.921419Z,KXBTC15M-26OCT050130-30,0.9410,7.00,no
2026-10-05T05:29:23.921419Z,KXBTC15M-26OCT050130-30,0.9450,115.00,no
2026-10-05T05:29:23.921419Z,KXBTC15M-26OCT050130-30,0.9400,979.34,no
2026-10-05T05:29:23.921419Z,KXBTC15M-26OCT050130-30,0.9410,120.00,no
2026-10-05T05:29:23.921419Z,KXBTC15M-26OCT050130-30,0.9460,43.32,no
2026-10-05T05:29:23.956635Z,KXBTC15M-26OCT050130-30,0.9420,6.40,yes
2026-10-05T05:29:23.957527Z,KXBTC15M-26OCT050130-30,0.9430,119.38,yes
2026-10-05T05:29:23.957527Z,KXBTC15M-26OCT050130-30,0.9420,0.01,yes
2026-10-05T05:29:23.957527Z,KXBTC15M-26OCT050130-30,0.9420,0.01,yes
2026-10-05T05:29:23.957527Z,KXBTC15M-26OCT050130-30,0.9420,8.00,yes
2026-10-05T05:29:23.957527Z,KXBTC15M-26OCT050130-30,0.9420,71.60,yes
2026-10-05T05:29:23.965975Z,KXBTC15M-26OCT050130-30,0.9410,1.00,no
2026-10-05T05:29:23.965975Z,KXBTC15M-26OCT050130-30,0.9400,50.00,no
2026-10-05T05:29:23.965975Z,KXBTC15M-26OCT050130-30,0.9370,418.51,no
2026-10-05T05:29:23.983008Z,KXBTC15M-26OCT050130-30,0.9390,105.10,yes
2026-10-05T05:29:23.983082Z,KXBTC15M-26OCT050130-30,0.9390,41.21,yes
2026-10-05T05:29:23.998294Z,KXBTC15M-26OCT050130-30,0.9320,54.94,no
2026-10-05T05:29:24.011133Z,KXBTC15M-26OCT050130-30,0.9330,53.25,no
2026-10-05T05:29:24.024272Z,KXBTC15M-26OCT050130-30,0.9330,0.21,no
2026-10-05T05:29:24.024272Z,KXBTC15M-26OCT050130-30,0.9330,1.75,no
2026-10-05T05:29:24.024569Z,KXBTC15M-26OCT050130-30,0.9320,35.06,no
2026-10-05T05:29:24.024569Z,KXBTC15M-26OCT050130-30,0.9310,23.39,no
2026-10-05T05:29:24.024569Z,KXBTC15M-26OCT050130-30,0.9320,4.00,no
2026-10-05T05:29:24.024569Z,KXBTC15M-26OCT050130-30,0.9330,24.00,no
2026-10-05T05:29:24.024569Z,KXBTC15M-26OCT050130-30,0.9330,49.79,no
2026-10-05T05:29:24.03522Z,KXBTC15M-26OCT050130-30,0.9330,150.00,yes
2026-10-05T05:29:24.03522Z,KXBTC15M-26OCT050130-30,0.9330,7.00,yes
2026-10-05T05:29:24.036426Z,KXBTC15M-26OCT050130-30,0.9310,1.13,no
2026-10-05T05:29:24.036426Z,KXBTC15M-26OCT050130-30,0.9310,41.61,no
2026-10-05T05:29:24.058743Z,KXBTC15M-26OCT050130-30,0.9310,7.00,no
2026-10-05T05:29:24.058743Z,KXBTC15M-26OCT050130-30,0.9320,86.00,no
2026-10-05T05:29:24.058743Z,KXBTC15M-26OCT050130-30,0.9310,66.81,no
2026-10-05T05:29:24.063077Z,KXBTC15M-26OCT050130-30,0.9320,2.73,no
2026-10-05T05:29:24.073839Z,KXBTC15M-26OCT050130-30,0.9360,70.00,yes
2026-10-05T05:29:24.073839Z,KXBTC15M-26OCT050130-30,0.9330,26.05,yes
2026-10-05T05:29:24.073839Z,KXBTC15M-26OCT050130-30,0.9330,0.01,yes
2026-10-05T05:29:24.073839Z,KXBTC15M-26OCT050130-30,0.9330,0.01,yes
2026-10-05T05:29:24.073839Z,KXBTC15M-26OCT050130-30,0.9370,53.93,yes
2026-10-05T05:29:24.078792Z,KXBTC15M-26OCT050130-30,0.9370,2.81,yes
2026-10-05T05:29:24.081176Z,KXBTC15M-26OCT050130-30,0.9370,5.22,yes
2026-10-05T05:29:24.083198Z,KXBTC15M-26OCT050130-30,0.9370,8.39,yes
2026-10-05T05:29:24.083198Z,KXBTC15M-26OCT050130-30,0.9360,0.01,yes
2026-10-05T05:29:24.097974Z,KXBTC15M-26OCT050130-30,0.9370,0.01,yes
2026-10-05T05:29:24.097974Z,KXBTC15M-26OCT050130-30,0.9380,73.00,yes
2026-10-05T05:29:24.097974Z,KXBTC15M-26OCT050130-30,0.9370,0.01,yes
2026-10-05T05:29:24.097974Z,KXBTC15M-26OCT050130-30,0.9380,6.98,yes
2026-10-05T05:29:24.125862Z,KXBTC15M-26OCT050130-30,0.9390,22.95,yes
2026-10-05T05:29:24.125862Z,KXBTC15M-26OCT050130-30,0.9370,0.01,yes
2026-10-05T05:29:24.125862Z,KXBTC15M-26OCT050130-30,0.9380,8.00,yes
2026-10-05T05:29:24.125862Z,KXBTC15M-26OCT050130-30,0.9370,0.01,yes
2026-10-05T05:29:24.125862Z,KXBTC15M-26OCT050130-30,0.9380,73.00,yes
2026-10-05T05:29:24.142628Z,KXBTC15M-26OCT050130-30,0.9340,4.76,no
2026-10-05T05:29:24.142628Z,KXBTC15M-26OCT050130-30,0.9370,0.01,no
2026-10-05T05:29:24.142628Z,KXBTC15M-26OCT050130-30,0.9370,0.01,no
2026-10-05T05:29:24.142628Z,KXBTC15M-26OCT050130-30,0.9350,1.04,no
2026-10-05T05:29:24.153075Z,KXBTC15M-26OCT050130-30,0.9340,5.00,no
2026-10-05T05:29:24.153075Z,KXBTC15M-26OCT050130-30,0.9340,0.01,no
2026-10-05T05:29:24.153075Z,KXBTC15M-26OCT050130-30,0.9350,0.01,no
2026-10-05T05:29:24.153075Z,KXBTC15M-26OCT050130-30,0.9370,0.01,no
2026-10-05T05:29:24.153075Z,KXBTC15M-26OCT050130-30,0.9310,290.41,no
2026-10-05T05:29:24.153075Z,KXBTC15M-26OCT050130-30,0.9340,0.01,no
2026-10-05T05:29:24.153075Z,KXBTC15M-26OCT050130-30,0.9340,35.24,no
2026-10-05T05:29:24.153075Z,KXBTC15M-26OCT050130-30,0.9340,20.00,no
2026-10-05T05:29:24.153075Z,KXBTC15M-26OCT050130-30,0.9320,0.01,no
2026-10-05T05:29:24.153554Z,KXBTC15M-26OCT050130-30,0.9310,33.61,no
2026-10-05T05:29:24.169772Z,KXBTC15M-26OCT050130-30,0.9310,22.35,no
2026-10-05T05:29:24.169772Z,KXBTC15M-26OCT050130-30,0.9320,0.01,no
2026-10-05T05:29:24.173774Z,KXBTC15M-26OCT050130-30,0.9320,7.06,no
2026-10-05T05:29:24.173774Z,KXBTC15M-26OCT050130-30,0.9320,55.00,no
2026-10-05T05:29:24.173875Z,KXBTC15M-26OCT050130-30,0.9320,7.51,no
2026-10-05T05:29:24.179771Z,KXBTC15M-26OCT050130-30,0.9320,84.43,no
2026-10-05T05:29:24.180087Z,KXBTC15M-26OCT050130-30,0.9320,21.43,no
2026-10-05T05:29:24.205969Z,KXBTC15M-26OCT050130-30,0.9310,14.61,no
2026-10-05T05:29:24.205969Z,KXBTC15M-26OCT050130-30,0.9330,100.00,no
2026-10-05T05:29:24.206915Z,KXBTC15M-26OCT050130-30,0.9310,25.00,no
2026-10-05T05:29:24.212416Z,KXBTC15M-26OCT050130-30,0.9310,34.32,no
2026-10-05T05:29:24.21862Z,KXBTC15M-26OCT050130-30,0.9350,1.89,yes
2026-10-05T05:29:24.219977Z,KXBTC15M-26OCT050130-30,0.9310,5.31,no
2026-10-05T05:29:24.233114Z,KXBTC15M-26OCT050130-30,0.9350,201.67,yes
2026-10-05T05:29:24.233428Z,KXBTC15M-26OCT050130-30,0.9350,30.00,yes
2026-10-05T05:29:24.240107Z,KXBTC15M-26OCT050130-30,0.9310,460.78,no
2026-10-05T05:29:24.240107Z,KXBTC15M-26OCT050130-30,0.9310,207.58,no
2026-10-05T05:29:24.240107Z,KXBTC15M-26OCT050130-30,0.9320,1.04,no
2026-10-05T05:29:24.241144Z,KXBTC15M-26OCT050130-30,0.9310,45.76,no
2026-10-05T05:29:24.257426Z,KXBTC15M-26OCT050130-30,0.9320,2.23,no
2026-10-05T05:29:24.261139Z,KXBTC15M-26OCT050130-30,0.9390,24.98,yes
2026-10-05T05:29:24.261139Z,KXBTC15M-26OCT050130-30,0.9350,0.01,yes
2026-10-05T05:29:24.261139Z,KXBTC15M-26OCT050130-30,0.9350,0.01,yes
2026-10-05T05:29:24.262383Z,KXBTC15M-26OCT050130-30,0.9350,0.45,no
2026-10-05T05:29:24.27425Z,KXBTC15M-26OCT050130-30,0.9360,85.00,no
2026-10-05T05:29:24.27425Z,KXBTC15M-26OCT050130-30,0.9350,0.01,no
2026-10-05T05:29:24.27425Z,KXBTC15M-26OCT050130-30,0.9310,1531.43,no
2026-10-05T05:29:24.27425Z,KXBTC15M-26OCT050130-30,0.9330,7.00,no
2026-10-05T05:29:24.27425Z,KXBTC15M-26OCT050130-30,0.9320,200.00,no
2026-10-05T05:29:24.27425Z,KXBTC15M-26OCT050130-30,0.9350,149.55,no
2026-10-05T05:29:24.27425Z,KXBTC15M-26OCT050130-30,0.9350,150.00,no
2026-10-05T05:29:24.27425Z,KXBTC15M-26OCT050130-30,0.9320,7.00,no
2026-10-05T05:29:24.27425Z,KXBTC15M-26OCT050130-30,0.9350,0.01,no
2026-10-05T05:29:24.27425Z,KXBTC15M-26OCT050130-30,0.9350,150.00,no
2026-10-05T05:29:24.27425Z,KXBTC15M-26OCT050130-30,0.9350,150.00,no
2026-10-05T05:29:24.27425Z,KXBTC15M-26OCT050130-30,0.9350,150.00,no
2026-10-05T05:29:24.277715Z,KXBTC15M-26OCT050130-30,0.9390,1.50,yes
2026-10-05T05:29:24.28385Z,KXBTC15M-26OCT050130-30,0.9390,50.00,yes
2026-10-05T05:29:24.302823Z,KXBTC15M-26OCT050130-30,0.9330,255.05,yes
2026-10-05T05:29:24.302823Z,KXBTC15M-26OCT050130-30,0.9330,8.00,yes
2026-10-05T05:29:24.302823Z,KXBTC15M-26OCT050130-30,0.9340,573.65,yes
2026-10-05T05:29:24.321685Z,KXBTC15M-26OCT050130-30,0.9300,7.19,no
2026-10-05T05:29:24.323825Z,KXBTC15M-26OCT050130-30,0.9300,42.81,no
2026-10-05T05:29:24.323825Z,KXBTC15M-26OCT050130-30,0.9300,42.00,no
2026-10-05T05:29:24.323825Z,KXBTC15M-26OCT050130-30,0.9270,26.75,no
2026-10-05T05:29:24.331328Z,KXBTC15M-26OCT050130-30,0.9310,1.03,no
2026-10-05T05:29:24.331328Z,KXBTC15M-26OCT050130-30,0.9280,104.33,no
2026-10-05T05:29:24.337208Z,KXBTC15M-26OCT050130-30,0.9300,33.60,no
2026-10-05T05:29:24.347916Z,KXBTC15M-26OCT050130-30,0.9330,0.01,yes
2026-10-05T05:29:24.347916Z,KXBTC15M-26OCT050130-30,0.9330,8.00,yes
2026-10-05T05:29:24.347916Z,KXBTC15M-26OCT050130-30,0.9330,1.40,yes
2026-10-05T05:29:24.347916Z,KXBTC15M-26OCT050130-30,0.9330,0.01,yes
2026-10-05T05:29:24.363705Z,KXBTC15M-26OCT050130-30,0.9330,0.01,yes
2026-10-05T05:29:24.363705Z,KXBTC15M-26OCT050130-30,0.9330,0.76,yes
2026-10-05T05:29:24.365647Z,KXBTC15M-26OCT050130-30,0.9300,5.89,no
2026-10-05T05:29:24.370905Z,KXBTC15M-26OCT050130-30,0.9300,54.65,no
2026-10-05T05:29:24.372256Z,KXBTC15M-26OCT050130-30,0.9330,5.01,yes
2026-10-05T05:29:24.388936Z,KXBTC15M-26OCT050130-30,0.9300,5.51,no
2026-10-05T05:29:24.39412Z,KXBTC15M-26OCT050130-30,0.9330,67.00,yes
2026-10-05T05:29:24.39412Z,KXBTC15M-26OCT050130-30,0.9330,0.01,yes
2026-10-05T05:29:24.39412Z,KXBTC15M-26OCT050130-30,0.9330,5.00,yes
2026-10-05T05:29:24.39412Z,KXBTC15M-26OCT050130-30,0.9330,0.76,yes
2026-10-05T05:29:24.39412Z,KXBTC15M-26OCT050130-30,0.9330,2.23,yes
2026-10-05T05:29:24.39412Z,KXBTC15M-26OCT050130-30,0.9340,19.98,yes
2026-10-05T05:29:24.39412Z,KXBTC15M-26OCT050130-30,0.9330,0.01,yes
2026-10-05T05:29:24.39412Z,KXBTC15M-26OCT050130-30,0.9330,5.01,yes
2026-10-05T05:29:24.394887Z,KXBTC15M-26OCT050130-30,0.9340,0.01,yes
2026-10-05T05:29:24.394887Z,KXBTC15M-26OCT050130-30,0.9340,2547.37,yes
2026-10-05T05:29:24.394887Z,KXBTC15M-26OCT050130-30,0.9360,596.78,yes
2026-10-05T05:29:24.394887Z,KXBTC15M-26OCT050130-30,0.9340,0.01,yes
2026-10-05T05:29:24.411314Z,KXBTC15M-26OCT050130-30,0.9310,5.51,no
2026-10-05T05:29:24.444022Z,KXBTC15M-26OCT050130-30,0.9320,32.08,no
2026-10-05T05:29:24.444022Z,KXBTC15M-26OCT050130-30,0.9320,7.00,no
2026-10-05T05:29:24.444022Z,KXBTC15M-26OCT050130-30,0.9320,0.01,no
2026-10-05T05:29:24.444022Z,KXBTC15M-26OCT050130-30,0.9310,76.41,no
2026-10-05T05:29:24.444022Z,KXBTC15M-26OCT050130-30,0.9320,0.01,no
2026-10-05T05:29:24.459205Z,KXBTC15M-26OCT050130-30,0.9320,0.28,no
2026-10-05T05:29:24.459205Z,KXBTC15M-26OCT050130-30,0.9320,0.01,no
2026-10-05T05:29:24.461762Z,KXBTC15M-26OCT050130-30,0.9470,0.66,yes
2026-10-05T05:29:24.461762Z,KXBTC15M-26OCT050130-30,0.9330,0.01,yes
2026-10-05T05:29:24.461762Z,KXBTC15M-26OCT050130-30,0.9440,5.00,yes
2026-10-05T05:29:24.461762Z,KXBTC15M-26OCT050130-30,0.9330,0.01,yes
2026-10-05T05:29:24.461762Z,KXBTC15M-26OCT050130-30,0.9460,8.00,yes
2026-10-05T05:29:24.474918Z,KXBTC15M-26OCT050130-30,0.9400,10.91,no
2026-10-05T05:29:24.485661Z,KXBTC15M-26OCT050130-30,0.9430,0.01,yes
2026-10-05T05:29:24.485661Z,KXBTC15M-26OCT050130-30,0.9430,0.01,yes
2026-10-05T05:29:24.485661Z,KXBTC15M-26OCT050130-30,0.9440,17.14,yes
2026-10-05T05:29:24.485661Z,KXBTC15M-26OCT050130-30,0.9440,0.01,yes
2026-10-05T05:29:24.496865Z,KXBTC15M-26OCT050130-30,0.9400,0.70,no
2026-10-05T05:29:24.499791Z,KXBTC15M-26OCT050130-30,0.9400,28.01,no
2026-10-05T05:29:24.531563Z,KXBTC15M-26OCT050130-30,0.9430,0.01,yes
2026-10-05T05:29:24.531563Z,KXBTC15M-26OCT050130-30,0.9430,0.01,yes
2026-10-05T05:29:24.531563Z,KXBTC15M-26OCT050130-30,0.9440,29.98,yes
2026-10-05T05:29:24.540206Z,KXBTC15M-26OCT050130-30,0.9400,14.82,no
2026-10-05T05:29:24.542697Z,KXBTC15M-26OCT050130-30,0.9430,0.01,yes
2026-10-05T05:29:24.542697Z,KXBTC15M-26OCT050130-30,0.9440,113.98,yes
2026-10-05T05:29:24.542697Z,KXBTC15M-26OCT050130-30,0.9430,0.01,yes
2026-10-05T05:29:24.544561Z,KXBTC15M-26OCT050130-30,0.9400,0.30,no
2026-10-05T05:29:24.563162Z,KXBTC15M-26OCT050130-30,0.9450,1.00,yes
2026-10-05T05:29:24.563162Z,KXBTC15M-26OCT050130-30,0.9430,0.01,yes
2026-10-05T05:29:24.563162Z,KXBTC15M-26OCT050130-30,0.9430,79.00,yes
2026-10-05T05:29:24.563162Z,KXBTC15M-26OCT050130-30,0.9440,0.01,yes
2026-10-05T05:29:24.563162Z,KXBTC15M-26OCT050130-30,0.9440,138.90,yes
2026-10-05T05:29:24.563162Z,KXBTC15M-26OCT050130-30,0.9460,25.70,yes
2026-10-05T05:29:24.563162Z,KXBTC15M-26OCT050130-30,0.9440,0.01,yes
2026-10-05T05:29:24.563162Z,KXBTC15M-26OCT050130-30,0.9450,164.00,yes
2026-10-05T05:29:24.563162Z,KXBTC15M-26OCT050130-30,0.9430,0.01,yes
2026-10-05T05:29:24.569596Z,KXBTC15M-26OCT050130-30,0.9460,57.30,yes
2026-10-05T05:29:24.569596Z,KXBTC15M-26OCT050130-30,0.9430,0.01,yes
2026-10-05T05:29:24.569596Z,KXBTC15M-26OCT050130-30,0.9430,0.01,yes
2026-10-05T05:29:24.569596Z,KXBTC15M-26OCT050130-30,0.9460,5.74,yes
2026-10-05T05:29:24.580027Z,KXBTC15M-26OCT050130-30,0.9430,0.01,yes
2026-10-05T05:29:24.580027Z,KXBTC15M-26OCT050130-30,0.9460,39.99,yes
2026-10-05T05:29:24.585414Z,KXBTC15M-26OCT050130-30,0.9420,9.30,no
2026-10-05T05:29:24.585816Z,KXBTC15M-26OCT050130-30,0.9420,14.01,no
2026-10-05T05:29:24.591134Z,KXBTC15M-26OCT050130-30,0.9430,0.01,yes
2026-10-05T05:29:24.591134Z,KXBTC15M-26OCT050130-30,0.9430,200.00,yes
2026-10-05T05:29:24.591134Z,KXBTC15M-26OCT050130-30,0.9430,0.01,yes
2026-10-05T05:29:24.591134Z,KXBTC15M-26OCT050130-30,0.9460,127.32,yes
2026-10-05T05:29:24.625132Z,KXBTC15M-26OCT050130-30,0.9460,132.00,yes
2026-10-05T05:29:24.631729Z,KXBTC15M-26OCT050130-30,0.9430,27.21,no
2026-10-05T05:29:24.635651Z,KXBTC15M-26OCT050130-30,0.9460,24.90,yes
2026-10-05T05:29:24.655691Z,KXBTC15M-26OCT050130-30,0.9440,20.51,no
2026-10-05T05:29:24.656694Z,KXBTC15M-26OCT050130-30,0.9460,193.55,yes
2026-10-05T05:29:24.686677Z,KXBTC15M-26OCT050130-30,0.9440,11.07,no
2026-10-05T05:29:24.691685Z,KXBTC15M-26OCT050130-30,0.9440,6.80,no
2026-10-05T05:29:24.700835Z,KXBTC15M-26OCT050130-30,0.9440,0.01,no
2026-10-05T05:29:24.700835Z,KXBTC15M-26OCT050130-30,0.9440,8.00,no
2026-10-05T05:29:24.700835Z,KXBTC15M-26OCT050130-30,0.9440,0.01,no
2026-10-05T05:29:24.700835Z,KXBTC15M-26OCT050130-30,0.9440,186.62,no
2026-10-05T05:29:24.700835Z,KXBTC15M-26OCT050130-30,0.9430,20.27,no
2026-10-05T05:29:24.708392Z,KXBTC15M-26OCT050130-30,0.9430,57.57,no
2026-10-05T05:29:24.730135Z,KXBTC15M-26OCT050130-30,0.9440,20.46,yes
2026-10-05T05:29:24.738671Z,KXBTC15M-26OCT050130-30,0.9440,102.30,yes
2026-10-05T05:29:24.744206Z,KXBTC15M-26OCT050130-30,0.9430,2.22,no
2026-10-05T05:29:24.753336Z,KXBTC15M-26OCT050130-30,0.9460,0.01,yes
2026-10-05T05:29:24.753336Z,KXBTC15M-26OCT050130-30,0.9440,0.01,yes
2026-10-05T05:29:24.753336Z,KXBTC15M-26OCT050130-30,0.9440,0.01,yes
2026-10-05T05:29:24.753336Z,KXBTC15M-26OCT050130-30,0.9460,1.00,yes
2026-10-05T05:29:24.753336Z,KXBTC15M-26OCT050130-30,0.9460,0.01,yes
2026-10-05T05:29:24.753336Z,KXBTC15M-26OCT050130-30,0.9490,0.22,yes
2026-10-05T05:29:24.754579Z,KXBTC15M-26OCT050130-30,0.9430,13.27,no
2026-10-05T05:29:24.765178Z,KXBTC15M-26OCT050130-30,0.9480,1.03,yes
2026-10-05T05:29:24.765178Z,KXBTC15M-26OCT050130-30,0.9440,0.01,yes
2026-10-05T05:29:24.767141Z,KXBTC15M-26OCT050130-30,0.9440,11.79,no
2026-10-05T05:29:24.769709Z,KXBTC15M-26OCT050130-30,0.9500,777.34,yes
2026-10-05T05:29:24.769709Z,KXBTC15M-26OCT050130-30,0.9490,4.09,yes
2026-10-05T05:29:24.769709Z,KXBTC15M-26OCT050130-30,0.9480,85.97,yes
2026-10-05T05:29:24.769709Z,KXBTC15M-26OCT050130-30,0.9490,88.00,yes
2026-10-05T05:29:24.769709Z,KXBTC15M-26OCT050130-30,0.9490,88.00,yes
2026-10-05T05:29:24.769709Z,KXBTC15M-26OCT050130-30,0.9480,0.01,yes
2026-10-05T05:29:24.769709Z,KXBTC15M-26OCT050130-30,0.9490,1.01,yes
2026-10-05T05:29:24.769972Z,KXBTC15M-26OCT050130-30,0.9440,34.97,no
2026-10-05T05:29:24.777502Z,KXBTC15M-26OCT050130-30,0.9460,15.13,no
2026-10-05T05:29:24.779254Z,KXBTC15M-26OCT050130-30,0.9460,0.13,no
2026-10-05T05:29:24.818156Z,KXBTC15M-26OCT050130-30,0.9480,154.44,no
2026-10-05T05:29:24.8251Z,KXBTC15M-26OCT050130-30,0.9500,36.25,yes
2026-10-05T05:29:24.8251Z,KXBTC15M-26OCT050130-30,0.9490,0.01,yes
2026-10-05T05:29:24.8251Z,KXBTC15M-26OCT050130-30,0.9490,0.01,yes
2026-10-05T05:29:24.828234Z,KXBTC15M-26OCT050130-30,0.9480,15.63,no
2026-10-05T05:29:24.844998Z,KXBTC15M-26OCT050130-30,0.9500,29.98,yes
2026-10-05T05:29:24.844998Z,KXBTC15M-26OCT050130-30,0.9490,0.01,yes
2026-10-05T05:29:24.844998Z,KXBTC15M-26OCT050130-30,0.9490,0.01,yes
2026-10-05T05:29:24.861203Z,KXBTC15M-26OCT050130-30,0.9490,78.18,no
2026-10-05T05:29:24.875911Z,KXBTC15M-26OCT050130-30,0.9490,68.03,no
2026-10-05T05:29:24.889049Z,KXBTC15M-26OCT050130-30,0.9490,9.06,no
2026-10-05T05:29:24.889049Z,KXBTC15M-26OCT050130-30,0.9490,3.79,no
2026-10-05T05:29:24.896427Z,KXBTC15M-26OCT050130-30,0.9490,13.41,no
2026-10-05T05:29:24.900108Z,KXBTC15M-26OCT050130-30,0.9490,588.64,no
2026-10-05T05:29:24.925714Z,KXBTC15M-26OCT050130-30,0.9490,273.17,no
2026-10-05T05:29:24.94827Z,KXBTC15M-26OCT050130-30,0.9500,14.93,yes
2026-10-05T05:29:24.952631Z,KXBTC15M-26OCT050130-30,0.9500,13.41,yes
2026-10-05T05:29:24.984982Z,KXBTC15M-26OCT050130-30,0.9570,500.00,yes
2026-10-05T05:29:24.984982Z,KXBTC15M-26OCT050130-30,0.9600,64.00,yes
2026-10-05T05:29:24.984982Z,KXBTC15M-26OCT050130-30,0.9670,1047.00,yes
2026-10-05T05:29:24.984982Z,KXBTC15M-26OCT050130-30,0.9530,57.00,yes
2026-10-05T05:29:24.984982Z,KXBTC15M-26OCT050130-30,0.9650,64.00,yes
2026-10-05T05:29:24.984982Z,KXBTC15M-26OCT050130-30,0.9640,500.00,yes
2026-10-05T05:29:24.984982Z,KXBTC15M-26OCT050130-30,0.9500,5.43,yes
2026-10-05T05:29:24.984982Z,KXBTC15M-26OCT050130-30,0.9640,3141.00,yes
2026-10-05T05:29:24.984982Z,KXBTC15M-26OCT050130-30,0.9500,0.01,yes
2026-10-05T05:29:24.984982Z,KXBTC15M-26OCT050130-30,0.9600,3.52,yes
2026-10-05T05:29:24.984982Z,KXBTC15M-26OCT050130-30,0.9500,50.00,yes
2026-10-05T05:29:24.984982Z,KXBTC15M-26OCT050130-30,0.9690,404.93,yes
2026-10-05T05:29:24.984982Z,KXBTC15M-26OCT050130-30,0.9560,8.00,yes
2026-10-05T05:29:24.984982Z,KXBTC15M-26OCT050130-30,0.9600,5.44,yes
2026-10-05T05:29:24.984982Z,KXBTC15M-26OCT050130-30,0.9500,0.01,yes
2026-10-05T05:29:24.984982Z,KXBTC15M-26OCT050130-30,0.9680,15.00,yes
2026-10-05T05:29:24.984982Z,KXBTC15M-26OCT050130-30,0.9690,1.00,yes
2026-10-05T05:29:24.984982Z,KXBTC15M-26OCT050130-30,0.9670,1.00,yes
2026-10-05T05:29:24.984982Z,KXBTC15M-26OCT050130-30,0.9680,1.00,yes
2026-10-05T05:29:24.99049Z,KXBTC15M-26OCT050130-30,0.9520,99.98,no
2026-10-05T05:29:25.008908Z,KXBTC15M-26OCT050130-30,0.9560,8.00,yes
2026-10-05T05:29:25.008908Z,KXBTC15M-26OCT050130-30,0.9560,0.01,yes
2026-10-05T05:29:25.008908Z,KXBTC15M-26OCT050130-30,0.9590,50.91,yes
2026-10-05T05:29:25.008908Z,KXBTC15M-26OCT050130-30,0.9560,0.01,yes
2026-10-05T05:29:25.026447Z,KXBTC15M-26OCT050130-30,0.9580,690.07,no
2026-10-05T05:29:25.036016Z,KXBTC15M-26OCT050130-30,0.9620,32.34,no
2026-10-05T05:29:25.040918Z,KXBTC15M-26OCT050130-30,0.9620,350.00,no
2026-10-05T05:29:25.060397Z,KXBTC15M-26OCT050130-30,0.9620,80.17,no
2026-10-05T05:29:25.069107Z,KXBTC15M-26OCT050130-30,0.9620,0.78,no
2026-10-05T05:29:25.076603Z,KXBTC15M-26OCT050130-30,0.9630,0.98,yes
2026-10-05T05:29:25.096921Z,KXBTC15M-26OCT050130-30,0.9620,7.50,no
2026-10-05T05:29:25.104465Z,KXBTC15M-26OCT050130-30,0.9620,1620.54,no
2026-10-05T05:29:25.124527Z,KXBTC15M-26OCT050130-30,0.9630,65.14,yes
2026-10-05T05:29:25.125334Z,KXBTC15M-26OCT050130-30,0.9620,28.02,no
2026-10-05T05:29:25.132919Z,KXBTC15M-26OCT050130-30,0.9620,1.18,no
2026-10-05T05:29:25.146184Z,KXBTC15M-26OCT050130-30,0.9560,10.00,no
2026-10-05T05:29:25.146184Z,KXBTC15M-26OCT050130-30,0.9620,1020.47,no
2026-10-05T05:29:25.146184Z,KXBTC15M-26OCT050130-30,0.9550,1034.65,no
2026-10-05T05:29:25.146184Z,KXBTC15M-26OCT050130-30,0.9600,330.00,no
2026-10-05T05:29:25.146184Z,KXBTC15M-26OCT050130-30,0.9620,0.01,no
2026-10-05T05:29:25.146184Z,KXBTC15M-26OCT050130-30,0.9580,356.93,no
2026-10-05T05:29:25.146184Z,KXBTC15M-26OCT050130-30,0.9620,0.01,no
2026-10-05T05:29:25.152864Z,KXBTC15M-26OCT050130-30,0.9610,40.20,yes
2026-10-05T05:29:25.227543Z,KXBTC15M-26OCT050130-30,0.9610,37.00,yes
2026-10-05T05:29:25.230398Z,KXBTC15M-26OCT050130-30,0.9520,99.98,no
2026-10-05T05:29:25.230398Z,KXBTC15M-26OCT050130-30,0.9600,0.01,no
2026-10-05T05:29:25.230398Z,KXBTC15M-26OCT050130-30,0.9600,0.01,no
2026-10-05T05:29:25.23165Z,KXBTC15M-26OCT050130-30,0.9520,5.00,no
2026-10-05T05:29:25.243044Z,KXBTC15M-26OCT050130-30,0.9520,40.02,no
2026-10-05T05:29:25.243044Z,KXBTC15M-26OCT050130-30,0.9520,51.90,no
2026-10-05T05:29:25.243044Z,KXBTC15M-26OCT050130-30,0.9520,0.01,no
2026-10-05T05:29:25.252001Z,KXBTC15M-26OCT050130-30,0.9520,57.81,no
2026-10-05T05:29:25.252001Z,KXBTC15M-26OCT050130-30,0.9530,200.00,no
2026-10-05T05:29:25.252001Z,KXBTC15M-26OCT050130-30,0.9530,1.04,no
2026-10-05T05:29:25.275855Z,KXBTC15M-26OCT050130-30,0.9540,36.06,no
2026-10-05T05:29:25.291101Z,KXBTC15M-26OCT050130-30,0.9540,6.56,no
2026-10-05T05:29:25.294425Z,KXBTC15M-26OCT050130-30,0.9520,1148.66,no
2026-10-05T05:29:25.294425Z,KXBTC15M-26OCT050130-30,0.9540,0.01,no
2026-10-05T05:29:25.294425Z,KXBTC15M-26OCT050130-30,0.9520,0.01,no
2026-10-05T05:29:25.294425Z,KXBTC15M-26OCT050130-30,0.9530,0.01,no
2026-10-05T05:29:25.294425Z,KXBTC15M-26OCT050130-30,0.9540,471.86,no
2026-10-05T05:29:25.294425Z,KXBTC15M-26OCT050130-30,0.9530,0.01,no
2026-10-05T05:29:25.294425Z,KXBTC15M-26OCT050130-30,0.9520,0.01,no
2026-10-05T05:29:25.294425Z,KXBTC15M-26OCT050130-30,0.9530,9.00,no
2026-10-05T05:29:25.294425Z,KXBTC15M-26OCT050130-30,0.9540,0.01,no
2026-10-05T05:29:25.306973Z,KXBTC15M-26OCT050130-30,0.9570,0.01,yes
2026-10-05T05:29:25.306973Z,KXBTC15M-26OCT050130-30,0.9570,0.01,yes
2026-10-05T05:29:25.306973Z,KXBTC15M-26OCT050130-30,0.9570,1.64,yes
2026-10-05T05:29:25.316108Z,KXBTC15M-26OCT050130-30,0.9570,207.05,yes
2026-10-05T05:29:25.318755Z,KXBTC15M-26OCT050130-30,0.9510,1.00,no
2026-10-05T05:29:25.318755Z,KXBTC15M-26OCT050130-30,0.9490,7.49,no
2026-10-05T05:29:25.318755Z,KXBTC15M-26OCT050130-30,0.9510,0.01,no
2026-10-05T05:29:25.318755Z,KXBTC15M-26OCT050130-30,0.9510,0.01,no
2026-10-05T05:29:25.330661Z,KXBTC15M-26OCT050130-30,0.9490,36.74,no
2026-10-05T05:29:25.330661Z,KXBTC15M-26OCT050130-30,0.9510,0.01,no
2026-10-05T05:29:25.339197Z,KXBTC15M-26OCT050130-30,0.9570,40.00,yes
2026-10-05T05:29:25.378884Z,KXBTC15M-26OCT050130-30,0.9520,15.72,no
2026-10-05T05:29:25.380042Z,KXBTC15M-26OCT050130-30,0.9570,0.26,yes
2026-10-05T05:29:25.381079Z,KXBTC15M-26OCT050130-30,0.9520,35.88,no
2026-10-05T05:29:25.389205Z,KXBTC15M-26OCT050130-30,0.9570,105.32,yes
2026-10-05T05:29:25.436727Z,KXBTC15M-26OCT050130-30,0.9520,3.59,no
2026-10-05T05:29:25.436727Z,KXBTC15M-26OCT050130-30,0.9530,0.01,no
2026-10-05T05:29:25.436727Z,KXBTC15M-26OCT050130-30,0.9530,1.03,no
2026-10-05T05:29:25.436727Z,KXBTC15M-26OCT050130-30,0.9530,0.01,no
2026-10-05T05:29:25.443219Z,KXBTC15M-26OCT050130-30,0.9530,0.01,no
2026-10-05T05:29:25.443219Z,KXBTC15M-26OCT050130-30,0.9520,39.81,no
2026-10-05T05:29:25.443219Z,KXBTC15M-26OCT050130-30,0.9520,30.25,no
2026-10-05T05:29:25.443219Z,KXBTC15M-26OCT050130-30,0.9520,0.01,no
2026-10-05T05:29:25.443219Z,KXBTC15M-26OCT050130-30,0.9520,0.01,no
2026-10-05T05:29:25.45695Z,KXBTC15M-26OCT050130-30,0.9560,0.02,yes
2026-10-05T05:29:25.474276Z,KXBTC15M-26OCT050130-30,0.9550,16.17,no
2026-10-05T05:29:25.489133Z,KXBTC15M-26OCT050130-30,0.9550,1.10,no
2026-10-05T05:29:25.503401Z,KXBTC15M-26OCT050130-30,0.9560,0.01,yes
2026-10-05T05:29:25.503401Z,KXBTC15M-26OCT050130-30,0.9560,0.01,yes
2026-10-05T05:29:25.503401Z,KXBTC15M-26OCT050130-30,0.9650,19.28,yes
2026-10-05T05:29:25.503401Z,KXBTC15M-26OCT050130-30,0.9570,0.01,yes
2026-10-05T05:29:25.509796Z,KXBTC15M-26OCT050130-30,0.9580,12.82,no
2026-10-05T05:29:25.526617Z,KXBTC15M-26OCT050130-30,0.9600,0.01,no
2026-10-05T05:29:25.526617Z,KXBTC15M-26OCT050130-30,0.9590,121.02,no
2026-10-05T05:29:25.526617Z,KXBTC15M-26OCT050130-30,0.9600,0.01,no
2026-10-05T05:29:25.549696Z,KXBTC15M-26OCT050130-30,0.9630,9.00,yes
2026-10-05T05:29:25.549696Z,KXBTC15M-26OCT050130-30,0.9630,0.01,yes
2026-10-05T05:29:25.549696Z,KXBTC15M-26OCT050130-30,0.9630,185.00,yes
2026-10-05T05:29:25.549696Z,KXBTC15M-26OCT050130-30,0.9640,140.94,yes
2026-10-05T05:29:25.549696Z,KXBTC15M-26OCT050130-30,0.9630,0.01,yes
2026-10-05T05:29:25.549696Z,KXBTC15M-26OCT050130-30,0.9640,0.01,yes
2026-10-05T05:29:25.550622Z,KXBTC15M-26OCT050130-30,0.9610,0.01,no
2026-10-05T05:29:25.550622Z,KXBTC15M-26OCT050130-30,0.9610,80.00,no
2026-10-05T05:29:25.550622Z,KXBTC15M-26OCT050130-30,0.9590,192.84,no
2026-10-05T05:29:25.550622Z,KXBTC15M-26OCT050130-30,0.9610,0.01,no
2026-10-05T05:29:25.55539Z,KXBTC15M-26OCT050130-30,0.9640,7.50,yes
2026-10-05T05:29:25.569201Z,KXBTC15M-26OCT050130-30,0.9630,11.11,yes
2026-10-05T05:29:25.586433Z,KXBTC15M-26OCT050130-30,0.9540,33.21,no
2026-10-05T05:29:25.586433Z,KXBTC15M-26OCT050130-30,0.9610,0.01,no
2026-10-05T05:29:25.586433Z,KXBTC15M-26OCT050130-30,0.9560,130.00,no
2026-10-05T05:29:25.586433Z,KXBTC15M-26OCT050130-30,0.9560,10.00,no
2026-10-05T05:29:25.586433Z,KXBTC15M-26OCT050130-30,0.9590,0.01,no
2026-10-05T05:29:25.586433Z,KXBTC15M-26OCT050130-30,0.9550,1047.00,no
2026-10-05T05:29:25.586433Z,KXBTC15M-26OCT050130-30,0.9620,0.01,no
2026-10-05T05:29:25.586433Z,KXBTC15M-26OCT050130-30,0.9620,0.01,no
2026-10-05T05:29:25.586433Z,KXBTC15M-26OCT050130-30,0.9590,0.01,no
2026-10-05T05:29:25.590916Z,KXBTC15M-26OCT050130-30,0.9540,5.79,no
2026-10-05T05:29:25.590916Z,KXBTC15M-26OCT050130-30,0.9530,29.69,no
2026-10-05T05:29:25.603782Z,KXBTC15M-26OCT050130-30,0.9560,0.01,no
2026-10-05T05:29:25.603782Z,KXBTC15M-26OCT050130-30,0.9530,0.01,no
2026-10-05T05:29:25.603782Z,KXBTC15M-26OCT050130-30,0.9540,10.00,no
2026-10-05T05:29:25.603782Z,KXBTC15M-26OCT050130-30,0.9490,357.70,no
2026-10-05T05:29:25.621971Z,KXBTC15M-26OCT050130-30,0.9490,52.07,no
2026-10-05T05:29:25.621971Z,KXBTC15M-26OCT050130-30,0.9500,1.03,no
2026-10-05T05:29:25.651326Z,KXBTC15M-26OCT050130-30,0.9500,0.01,no
2026-10-05T05:29:25.651326Z,KXBTC15M-26OCT050130-30,0.9500,0.01,no
2026-10-05T05:29:25.651326Z,KXBTC15M-26OCT050130-30,0.9500,121.99,no
2026-10-05T05:29:25.681168Z,KXBTC15M-26OCT050130-30,0.9500,0.01,no
2026-10-05T05:29:25.681168Z,KXBTC15M-26OCT050130-30,0.9500,0.01,no
2026-10-05T05:29:25.681168Z,KXBTC15M-26OCT050130-30,0.9490,186.97,no
2026-10-05T05:29:25.681168Z,KXBTC15M-26OCT050130-30,0.9500,78.01,no
2026-10-05T05:29:25.700223Z,KXBTC15M-26OCT050130-30,0.9510,10.84,no
2026-10-05T05:29:25.707315Z,KXBTC15M-26OCT050130-30,0.9510,18.38,no
2026-10-05T05:29:25.7106Z,KXBTC15M-26OCT050130-30,0.9510,14.78,no
2026-10-05T05:29:25.7106Z,KXBTC15M-26OCT050130-30,0.9510,0.01,no
2026-10-05T05:29:25.7106Z,KXBTC15M-26OCT050130-30,0.9490,3.59,no
2026-10-05T05:29:25.711613Z,KXBTC15M-26OCT050130-30,0.9530,5.19,yes
2026-10-05T05:29:25.718257Z,KXBTC15M-26OCT050130-30,0.9540,0.01,yes
2026-10-05T05:29:25.718257Z,KXBTC15M-26OCT050130-30,0.9530,5.00,yes
2026-10-05T05:29:25.718257Z,KXBTC15M-26OCT050130-30,0.9530,0.01,yes
2026-10-05T05:29:25.718257Z,KXBTC15M-26OCT050130-30,0.9540,0.01,yes
2026-10-05T05:29:25.718257Z,KXBTC15M-26OCT050130-30,0.9530,90.81,yes
2026-10-05T05:29:25.718257Z,KXBTC15M-26OCT050130-30,0.9530,8.00,yes
2026-10-05T05:29:25.718257Z,KXBTC15M-26OCT050130-30,0.9570,1979.73,yes
2026-10-05T05:29:25.718257Z,KXBTC15M-26OCT050130-30,0.9530,0.01,yes
2026-10-05T05:29:25.718257Z,KXBTC15M-26OCT050130-30,0.9560,0.01,yes
2026-10-05T05:29:25.721372Z,KXBTC15M-26OCT050130-30,0.9570,365.00,yes
2026-10-05T05:29:25.7278Z,KXBTC15M-26OCT050130-30,0.9580,9.00,yes
2026-10-05T05:29:25.7278Z,KXBTC15M-26OCT050130-30,0.9560,8.00,yes
2026-10-05T05:29:25.7278Z,KXBTC15M-26OCT050130-30,0.9570,0.01,yes
2026-10-05T05:29:25.7278Z,KXBTC15M-26OCT050130-30,0.9560,0.01,yes
2026-10-05T05:29:25.728471Z,KXBTC15M-26OCT050130-30,0.9540,51.56,no
2026-10-05T05:29:25.763585Z,KXBTC15M-26OCT050130-30,0.9620,0.57,yes
2026-10-05T05:29:25.766417Z,KXBTC15M-26OCT050130-30,0.9580,8.42,no
2026-10-05T05:29:25.795493Z,KXBTC15M-26OCT050130-30,0.9620,0.01,yes
2026-10-05T05:29:25.795493Z,KXBTC15M-26OCT050130-30,0.9620,0.43,yes
2026-10-05T05:29:25.795493Z,KXBTC15M-26OCT050130-30,0.9620,0.01,yes
2026-10-05T05:29:25.79638Z,KXBTC15M-26OCT050130-30,0.9580,43.88,no
2026-10-05T05:29:25.810762Z,KXBTC15M-26OCT050130-30,0.9620,9.98,yes
2026-10-05T05:29:25.810762Z,KXBTC15M-26OCT050130-30,0.9620,0.01,yes
2026-10-05T05:29:25.810762Z,KXBTC15M-26OCT050130-30,0.9620,0.01,yes
2026-10-05T05:29:25.817231Z,KXBTC15M-26OCT050130-30,0.9580,91.93,no
2026-10-05T05:29:25.819611Z,KXBTC15M-26OCT050130-30,0.9620,236.00,yes
2026-10-05T05:29:25.819611Z,KXBTC15M-26OCT050130-30,0.9620,108.02,yes
2026-10-05T05:29:25.82572Z,KXBTC15M-26OCT050130-30,0.9630,5.46,yes
2026-10-05T05:29:25.837233Z,KXBTC15M-26OCT050130-30,0.9620,40.37,no
2026-10-05T05:29:25.840194Z,KXBTC15M-26OCT050130-30,0.9620,175.70,no
2026-10-05T05:29:25.867179Z,KXBTC15M-26OCT050130-30,0.9620,19.41,no
2026-10-05T05:29:25.87572Z,KXBTC15M-26OCT050130-30,0.9620,49.31,no
2026-10-05T05:29:25.882229Z,KXBTC15M-26OCT050130-30,0.9620,421.31,no
2026-10-05T05:29:25.891431Z,KXBTC15M-26OCT050130-30,0.9620,22.85,no
2026-10-05T05:29:25.902675Z,KXBTC15M-26OCT050130-30,0.9620,1125.82,no
2026-10-05T05:29:25.921652Z,KXBTC15M-26OCT050130-30,0.9630,19.21,yes
2026-10-05T05:29:25.927246Z,KXBTC15M-26OCT050130-30,0.9620,274.27,no
2026-10-05T05:29:25.951142Z,KXBTC15M-26OCT050130-30,0.9620,22.85,no
2026-10-05T05:29:25.95815Z,KXBTC15M-26OCT050130-30,0.9630,4.85,yes
2026-10-05T05:29:25.970592Z,KXBTC15M-26OCT050130-30,0.9620,100.00,no
2026-10-05T05:29:25.97205Z,KXBTC15M-26OCT050130-30,0.9630,10.20,yes
2026-10-05T05:29:25.98413Z,KXBTC15M-26OCT050130-30,0.9620,5.68,no
2026-10-05T05:29:25.991817Z,KXBTC15M-26OCT050130-30,0.9630,25.00,yes
2026-10-05T05:29:25.997407Z,KXBTC15M-26OCT050130-30,0.9620,1.11,no
2026-10-05T05:29:26.017207Z,KXBTC15M-26OCT050130-30,0.9620,107.00,no
2026-10-05T05:29:26.055278Z,KXBTC15M-26OCT050130-30,0.9620,9.64,no
2026-10-05T05:29:26.069261Z,KXBTC15M-26OCT050130-30,0.9620,352.04,no
2026-10-05T05:29:26.072731Z,KXBTC15M-26OCT050130-30,0.9650,659.06,yes
2026-10-05T05:29:26.072731Z,KXBTC15M-26OCT050130-30,0.9630,367.44,yes
2026-10-05T05:29:26.072731Z,KXBTC15M-26OCT050130-30,0.9630,0.01,yes
2026-10-05T05:29:26.072731Z,KXBTC15M-26OCT050130-30,0.9630,0.01,yes
2026-10-05T05:29:26.072731Z,KXBTC15M-26OCT050130-30,0.9640,9.00,yes
2026-10-05T05:29:26.088473Z,KXBTC15M-26OCT050130-30,0.9630,0.01,yes
2026-10-05T05:29:26.088473Z,KXBTC15M-26OCT050130-30,0.9650,0.01,yes
2026-10-05T05:29:26.088473Z,KXBTC15M-26OCT050130-30,0.9640,0.01,yes
2026-10-05T05:29:26.088473Z,KXBTC15M-26OCT050130-30,0.9660,5.03,yes
2026-10-05T05:29:26.126846Z,KXBTC15M-26OCT050130-30,0.9650,110.23,yes
2026-10-05T05:29:26.126846Z,KXBTC15M-26OCT050130-30,0.9630,0.01,yes
2026-10-05T05:29:26.126846Z,KXBTC15M-26OCT050130-30,0.9630,0.01,yes
2026-10-05T05:29:26.13662Z,KXBTC15M-26OCT050130-30,0.9620,29.87,no
2026-10-05T05:29:26.140402Z,KXBTC15M-26OCT050130-30,0.9620,1.03,no
2026-10-05T05:29:26.149015Z,KXBTC15M-26OCT050130-30,0.9620,197.24,no
2026-10-05T05:29:26.158955Z,KXBTC15M-26OCT050130-30,0.9620,22.85,no
2026-10-05T05:29:26.162329Z,KXBTC15M-26OCT050130-30,0.9620,7.32,no
2026-10-05T05:29:26.181335Z,KXBTC15M-26OCT050130-30,0.9620,8.45,no
2026-10-05T05:29:26.199794Z,KXBTC15M-26OCT050130-30,0.9620,1047.62,no
2026-10-05T05:29:26.208622Z,KXBTC15M-26OCT050130-30,0.9630,0.01,yes
2026-10-05T05:29:26.208622Z,KXBTC15M-26OCT050130-30,0.9640,9.00,yes
2026-10-05T05:29:26.208622Z,KXBTC15M-26OCT050130-30,0.9630,0.01,yes
2026-10-05T05:29:26.208622Z,KXBTC15M-26OCT050130-30,0.9650,26.50,yes
2026-10-05T05:29:26.209614Z,KXBTC15M-26OCT050130-30,0.9650,5.06,yes
2026-10-05T05:29:26.212903Z,KXBTC15M-26OCT050130-30,0.9650,258.97,yes
2026-10-05T05:29:26.219348Z,KXBTC15M-26OCT050130-30,0.9620,77.36,no
2026-10-05T05:29:26.220881Z,KXBTC15M-26OCT050130-30,0.9620,22.85,no
2026-10-05T05:29:26.223329Z,KXBTC15M-26OCT050130-30,0.9620,23.87,no
2026-10-05T05:29:26.245176Z,KXBTC15M-26OCT050130-30,0.9640,0.01,yes
2026-10-05T05:29:26.245176Z,KXBTC15M-26OCT050130-30,0.9640,0.01,yes
2026-10-05T05:29:26.245176Z,KXBTC15M-26OCT050130-30,0.9640,1.24,yes
2026-10-05T05:29:26.247271Z,KXBTC15M-26OCT050130-30,0.9630,4.34,no
2026-10-05T05:29:26.247966Z,KXBTC15M-26OCT050130-30,0.9630,4.93,no
2026-10-05T05:29:26.251425Z,KXBTC15M-26OCT050130-30,0.9630,24.65,no
2026-10-05T05:29:26.253207Z,KXBTC15M-26OCT050130-30,0.9630,40.00,no
2026-10-05T05:29:26.265853Z,KXBTC15M-26OCT050130-30,0.9630,19.41,no
2026-10-05T05:29:26.267231Z,KXBTC15M-26OCT050130-30,0.9630,2.44,no
2026-10-05T05:29:26.282778Z,KXBTC15M-26OCT050130-30,0.9630,24.65,no
2026-10-05T05:29:26.289075Z,KXBTC15M-26OCT050130-30,0.9630,18.21,no
2026-10-05T05:29:26.30026Z,KXBTC15M-26OCT050130-30,0.9640,0.01,yes
2026-10-05T05:29:26.30026Z,KXBTC15M-26OCT050130-30,0.9640,25.85,yes
2026-10-05T05:29:26.339041Z,KXBTC15M-26OCT050130-30,0.9630,5.26,no
2026-10-05T05:29:26.339236Z,KXBTC15M-26OCT050130-30,0.9630,21.86,no
2026-10-05T05:29:26.349124Z,KXBTC15M-26OCT050130-30,0.9630,35.00,no
2026-10-05T05:29:26.370451Z,KXBTC15M-26OCT050130-30,0.9640,4.98,yes
2026-10-05T05:29:26.390602Z,KXBTC15M-26OCT050130-30,0.9550,9.00,no
2026-10-05T05:29:26.390602Z,KXBTC15M-26OCT050130-30,0.9630,0.01,no
2026-10-05T05:29:26.390602Z,KXBTC15M-26OCT050130-30,0.9630,100.00,no
2026-10-05T05:29:26.390602Z,KXBTC15M-26OCT050130-30,0.9630,9.25,no
2026-10-05T05:29:26.390602Z,KXBTC15M-26OCT050130-30,0.9630,0.01,no
2026-10-05T05:29:26.390602Z,KXBTC15M-26OCT050130-30,0.9550,35.57,no
2026-10-05T05:29:26.390602Z,KXBTC15M-26OCT050130-30,0.9620,490.16,no
2026-10-05T05:29:26.413139Z,KXBTC15M-26OCT050130-30,0.9620,11.57,yes
2026-10-05T05:29:26.413139Z,KXBTC15M-26OCT050130-30,0.9620,150.00,yes
2026-10-05T05:29:26.419132Z,KXBTC15M-26OCT050130-30,0.9560,7.00,no
2026-10-05T05:29:26.419132Z,KXBTC15M-26OCT050130-30,0.9550,50.00,no
2026-10-05T05:29:26.419132Z,KXBTC15M-26OCT050130-30,0.9570,0.01,no
2026-10-05T05:29:26.419132Z,KXBTC15M-26OCT050130-30,0.9550,9.67,no
2026-10-05T05:29:26.419132Z,KXBTC15M-26OCT050130-30,0.9560,0.01,no
2026-10-05T05:29:26.419132Z,KXBTC15M-26OCT050130-30,0.9550,24.43,no
2026-10-05T05:29:26.427007Z,KXBTC15M-26OCT050130-30,0.9570,0.01,no
2026-10-05T05:29:26.427007Z,KXBTC15M-26OCT050130-30,0.9570,22.34,no
2026-10-05T05:29:26.427007Z,KXBTC15M-26OCT050130-30,0.9570,0.01,no
2026-10-05T05:29:26.429825Z,KXBTC15M-26OCT050130-30,0.9570,22.46,no
2026-10-05T05:29:26.492957Z,KXBTC15M-26OCT050130-30,0.9620,74.69,yes
2026-10-05T05:29:26.523655Z,KXBTC15M-26OCT050130-30,0.9600,0.01,no
2026-10-05T05:29:26.523655Z,KXBTC15M-26OCT050130-30,0.9590,0.01,no
2026-10-05T05:29:26.523655Z,KXBTC15M-26OCT050130-30,0.9610,5.00,no
2026-10-05T05:29:26.523655Z,KXBTC15M-26OCT050130-30,0.9580,32.85,no
2026-10-05T05:29:26.523655Z,KXBTC15M-26OCT050130-30,0.9610,0.01,no
2026-10-05T05:29:26.523655Z,KXBTC15M-26OCT050130-30,0.9590,0.01,no
2026-10-05T05:29:26.523655Z,KXBTC15M-26OCT050130-30,0.9600,0.01,no
2026-10-05T05:29:26.523655Z,KXBTC15M-26OCT050130-30,0.9610,0.01,no
2026-10-05T05:29:26.526641Z,KXBTC15M-26OCT050130-30,0.9580,10.00,no
2026-10-05T05:29:26.526641Z,KXBTC15M-26OCT050130-30,0.9580,17.03,no
2026-10-05T05:29:26.526641Z,KXBTC15M-26OCT050130-30,0.9580,87.15,no
2026-10-05T05:29:26.536468Z,KXBTC15M-26OCT050130-30,0.9620,63.74,yes
2026-10-05T05:29:26.536468Z,KXBTC15M-26OCT050130-30,0.9610,150.00,yes
2026-10-05T05:29:26.536468Z,KXBTC15M-26OCT050130-30,0.9610,150.00,yes
2026-10-05T05:29:26.536468Z,KXBTC15M-26OCT050130-30,0.9610,150.00,yes
2026-10-05T05:29:26.536468Z,KXBTC15M-26OCT050130-30,0.9620,150.00,yes
2026-10-05T05:29:26.536468Z,KXBTC15M-26OCT050130-30,0.9620,150.00,yes
2026-10-05T05:29:26.536468Z,KXBTC15M-26OCT050130-30,0.9610,9.00,yes
2026-10-05T05:29:26.536468Z,KXBTC15M-26OCT050130-30,0.9610,150.00,yes
2026-10-05T05:29:26.536468Z,KXBTC15M-26OCT050130-30,0.9610,150.00,yes
2026-10-05T05:29:26.536468Z,KXBTC15M-26OCT050130-30,0.9610,0.01,yes
2026-10-05T05:29:26.536468Z,KXBTC15M-26OCT050130-30,0.9610,50.00,yes
2026-10-05T05:29:26.536468Z,KXBTC15M-26OCT050130-30,0.9620,18.11,yes
2026-10-05T05:29:26.536468Z,KXBTC15M-26OCT050130-30,0.9610,0.01,yes
2026-10-05T05:29:26.536468Z,KXBTC15M-26OCT050130-30,0.9610,150.00,yes
2026-10-05T05:29:26.5626Z,KXBTC15M-26OCT050130-30,0.9600,1.03,yes
2026-10-05T05:29:26.563676Z,KXBTC15M-26OCT050130-30,0.9600,5.00,yes
2026-10-05T05:29:26.575426Z,KXBTC15M-26OCT050130-30,0.9590,0.42,yes
2026-10-05T05:29:26.590471Z,KXBTC15M-26OCT050130-30,0.9480,38.26,no
2026-10-05T05:29:26.590471Z,KXBTC15M-26OCT050130-30,0.9580,0.01,no
2026-10-05T05:29:26.590471Z,KXBTC15M-26OCT050130-30,0.9580,0.01,no
2026-10-05T05:29:26.590471Z,KXBTC15M-26OCT050130-30,0.9500,15.00,no
2026-10-05T05:29:26.610926Z,KXBTC15M-26OCT050130-30,0.9500,4.57,yes
2026-10-05T05:29:26.632167Z,KXBTC15M-26OCT050130-30,0.9500,90.00,yes
2026-10-05T05:29:26.632167Z,KXBTC15M-26OCT050130-30,0.9510,3141.00,yes
2026-10-05T05:29:26.632167Z,KXBTC15M-26OCT050130-30,0.9500,9.00,yes
2026-10-05T05:29:26.632167Z,KXBTC15M-26OCT050130-30,0.9530,113.96,yes
2026-10-05T05:29:26.632167Z,KXBTC15M-26OCT050130-30,0.9500,180.00,yes
2026-10-05T05:29:26.632167Z,KXBTC15M-26OCT050130-30,0.9520,1.00,yes
2026-10-05T05:29:26.632167Z,KXBTC15M-26OCT050130-30,0.9510,0.01,yes
2026-10-05T05:29:26.632167Z,KXBTC15M-26OCT050130-30,0.9500,0.01,yes
2026-10-05T05:29:26.632167Z,KXBTC15M-26OCT050130-30,0.9500,0.01,yes
2026-10-05T05:29:26.632167Z,KXBTC15M-26OCT050130-30,0.9510,0.01,yes
2026-10-05T05:29:26.651166Z,KXBTC15M-26OCT050130-30,0.9520,17.03,no
2026-10-05T05:29:26.657552Z,KXBTC15M-26OCT050130-30,0.9540,0.01,yes
2026-10-05T05:29:26.657552Z,KXBTC15M-26OCT050130-30,0.9540,0.01,yes
2026-10-05T05:29:26.657552Z,KXBTC15M-26OCT050130-30,0.9570,0.01,yes
2026-10-05T05:29:26.657552Z,KXBTC15M-26OCT050130-30,0.9650,50.34,yes
2026-10-05T05:29:26.657552Z,KXBTC15M-26OCT050130-30,0.9640,53.00,yes
2026-10-05T05:29:26.714554Z,KXBTC15M-26OCT050130-30,0.9620,0.01,no
2026-10-05T05:29:26.714554Z,KXBTC15M-26OCT050130-30,0.9580,9.23,no
2026-10-05T05:29:26.714554Z,KXBTC15M-26OCT050130-30,0.9590,10.00,no
2026-10-05T05:29:26.714554Z,KXBTC15M-26OCT050130-30,0.9620,1.42,no
2026-10-05T05:29:26.714554Z,KXBTC15M-26OCT050130-30,0.9620,0.01,no
2026-10-05T05:29:26.725924Z,KXBTC15M-26OCT050130-30,0.9660,2.72,yes
2026-10-05T05:29:26.725924Z,KXBTC15M-26OCT050130-30,0.9630,0.01,yes
2026-10-05T05:29:26.725924Z,KXBTC15M-26OCT050130-30,0.9630,0.01,yes
2026-10-05T05:29:26.725924Z,KXBTC15M-26OCT050130-30,0.9630,1.01,yes
2026-10-05T05:29:26.737751Z,KXBTC15M-26OCT050130-30,0.9590,0.01,no
2026-10-05T05:29:26.737751Z,KXBTC15M-26OCT050130-30,0.9590,6.00,no
2026-10-05T05:29:26.737751Z,KXBTC15M-26OCT050130-30,0.9590,10.00,no
2026-10-05T05:29:26.737751Z,KXBTC15M-26OCT050130-30,0.9580,145.11,no
2026-10-05T05:29:26.743065Z,KXBTC15M-26OCT050130-30,0.9580,19.29,no
2026-10-05T05:29:26.74341Z,KXBTC15M-26OCT050130-30,0.9590,62.14,yes
2026-10-05T05:29:26.745251Z,KXBTC15M-26OCT050130-30,0.9580,2.35,no
2026-10-05T05:29:26.753315Z,KXBTC15M-26OCT050130-30,0.9580,20.63,no
2026-10-05T05:29:26.753665Z,KXBTC15M-26OCT050130-30,0.9590,87.86,yes
2026-10-05T05:29:26.753665Z,KXBTC15M-26OCT050130-30,0.9590,101.10,yes
2026-10-05T05:29:26.753665Z,KXBTC15M-26OCT050130-30,0.9590,150.00,yes
2026-10-05T05:29:26.753665Z,KXBTC15M-26OCT050130-30,0.9590,150.00,yes
2026-10-05T05:29:26.765145Z,KXBTC15M-26OCT050130-30,0.9580,320.28,no
2026-10-05T05:29:26.77556Z,KXBTC15M-26OCT050130-30,0.9580,188.95,no
2026-10-05T05:29:26.783285Z,KXBTC15M-26OCT050130-30,0.9580,159.37,no
2026-10-05T05:29:26.786868Z,KXBTC15M-26OCT050130-30,0.9580,25.54,no
2026-10-05T05:29:26.795173Z,KXBTC15M-26OCT050130-30,0.9580,83.42,no
2026-10-05T05:29:26.797329Z,KXBTC15M-26OCT050130-30,0.9580,10.38,no
2026-10-05T05:29:26.80826Z,KXBTC15M-26OCT050130-30,0.9580,103.84,no
2026-10-05T05:29:26.811249Z,KXBTC15M-26OCT050130-30,0.9590,48.90,yes
2026-10-05T05:29:26.811249Z,KXBTC15M-26OCT050130-30,0.9590,75.84,yes
2026-10-05T05:29:26.821398Z,KXBTC15M-26OCT050130-30,0.9580,20.62,no
2026-10-05T05:29:26.828608Z,KXBTC15M-26OCT050130-30,0.9590,74.16,yes
2026-10-05T05:29:26.828608Z,KXBTC15M-26OCT050130-30,0.9590,132.59,yes
2026-10-05T05:29:26.828926Z,KXBTC15M-26OCT050130-30,0.9580,112.84,no
2026-10-05T05:29:26.84573Z,KXBTC15M-26OCT050130-30,0.9590,17.41,yes
2026-10-05T05:29:26.84573Z,KXBTC15M-26OCT050130-30,0.9590,34.42,yes
2026-10-05T05:29:26.853293Z,KXBTC15M-26OCT050130-30,0.9580,287.67,no
2026-10-05T05:29:26.863125Z,KXBTC15M-26OCT050130-30,0.9590,0.01,yes
2026-10-05T05:29:26.863125Z,KXBTC15M-26OCT050130-30,0.9620,8.98,yes
2026-10-05T05:29:26.863125Z,KXBTC15M-26OCT050130-30,0.9590,0.01,yes
2026-10-05T05:29:26.863125Z,KXBTC15M-26OCT050130-30,0.9590,1.00,yes
2026-10-05T05:29:26.885308Z,KXBTC15M-26OCT050130-30,0.9620,25.00,yes
2026-10-05T05:29:26.889519Z,KXBTC15M-26OCT050130-30,0.9610,133.08,no
2026-10-05T05:29:26.914034Z,KXBTC15M-26OCT050130-30,0.9610,32.42,no
2026-10-05T05:29:26.915652Z,KXBTC15M-26OCT050130-30,0.9660,1.01,yes
2026-10-05T05:29:26.915652Z,KXBTC15M-26OCT050130-30,0.9620,0.01,yes
2026-10-05T05:29:26.915652Z,KXBTC15M-26OCT050130-30,0.9620,0.01,yes
2026-10-05T05:29:26.922073Z,KXBTC15M-26OCT050130-30,0.9620,0.01,yes
2026-10-05T05:29:26.922073Z,KXBTC15M-26OCT050130-30,0.9650,0.99,yes
2026-10-05T05:29:26.922323Z,KXBTC15M-26OCT050130-30,0.9610,160.83,no
2026-10-05T05:29:26.93294Z,KXBTC15M-26OCT050130-30,0.9610,9.46,no
2026-10-05T05:29:26.945123Z,KXBTC15M-26OCT050130-30,0.9610,100.50,no
2026-10-05T05:29:26.94842Z,KXBTC15M-26OCT050130-30,0.9620,0.01,yes
2026-10-05T05:29:26.94842Z,KXBTC15M-26OCT050130-30,0.9620,0.01,yes
2026-10-05T05:29:26.94842Z,KXBTC15M-26OCT050130-30,0.9620,9.98,yes
2026-10-05T05:29:26.957794Z,KXBTC15M-26OCT050130-30,0.9610,111.49,no
2026-10-05T05:29:26.958245Z,KXBTC15M-26OCT050130-30,0.9620,0.01,yes
2026-10-05T05:29:26.958245Z,KXBTC15M-26OCT050130-30,0.9620,0.01,yes
2026-10-05T05:29:26.958245Z,KXBTC15M-26OCT050130-30,0.9620,790.02,yes
2026-10-05T05:29:26.972024Z,KXBTC15M-26OCT050130-30,0.9620,1.00,no
2026-10-05T05:29:26.972024Z,KXBTC15M-26OCT050130-30,0.9610,223.53,no
2026-10-05T05:29:26.972889Z,KXBTC15M-26OCT050130-30,0.9610,83.96,no
2026-10-05T05:29:27.00921Z,KXBTC15M-26OCT050130-30,0.9660,21.25,yes
2026-10-05T05:29:27.021585Z,KXBTC15M-26OCT050130-30,0.9620,11.00,no
2026-10-05T05:29:27.021585Z,KXBTC15M-26OCT050130-30,0.9620,0.01,no
2026-10-05T05:29:27.021585Z,KXBTC15M-26OCT050130-30,0.9620,6.04,no
2026-10-05T05:29:27.021585Z,KXBTC15M-26OCT050130-30,0.9620,0.01,no
2026-10-05T05:29:27.038858Z,KXBTC15M-26OCT050130-30,0.9640,34.43,no
2026-10-05T05:29:27.060996Z,KXBTC15M-26OCT050130-30,0.9660,71.20,yes
2026-10-05T05:29:27.060996Z,KXBTC15M-26OCT050130-30,0.9660,0.01,yes
2026-10-05T05:29:27.060996Z,KXBTC15M-26OCT050130-30,0.9660,0.01,yes
2026-10-05T05:29:27.060996Z,KXBTC15M-26OCT050130-30,0.9660,6.95,yes
2026-10-05T05:29:27.067083Z,KXBTC15M-26OCT050130-30,0.9690,9.00,yes
2026-10-05T05:29:27.067083Z,KXBTC15M-26OCT050130-30,0.9660,0.01,yes
2026-10-05T05:29:27.067083Z,KXBTC15M-26OCT050130-30,0.9690,51.00,yes
2026-10-05T05:29:27.067083Z,KXBTC15M-26OCT050130-30,0.9680,423.00,yes
2026-10-05T05:29:27.067083Z,KXBTC15M-26OCT050130-30,0.9700,1.00,yes
2026-10-05T05:29:27.067083Z,KXBTC15M-26OCT050130-30,0.9700,1.00,yes
2026-10-05T05:29:27.067083Z,KXBTC15M-26OCT050130-30,0.9700,40.00,yes
2026-10-05T05:29:27.067083Z,KXBTC15M-26OCT050130-30,0.9700,502.64,yes
2026-10-05T05:29:27.078611Z,KXBTC15M-26OCT050130-30,0.9700,3.02,yes
2026-10-05T05:29:27.085743Z,KXBTC15M-26OCT050130-30,0.9660,1.00,no
2026-10-05T05:29:27.098705Z,KXBTC15M-26OCT050130-30,0.9650,260.00,no
2026-10-05T05:29:27.098705Z,KXBTC15M-26OCT050130-30,0.9660,0.01,no
2026-10-05T05:29:27.098705Z,KXBTC15M-26OCT050130-30,0.9660,149.00,no
2026-10-05T05:29:27.098705Z,KXBTC15M-26OCT050130-30,0.9660,10.00,no
2026-10-05T05:29:27.098705Z,KXBTC15M-26OCT050130-30,0.9660,150.00,no
2026-10-05T05:29:27.098705Z,KXBTC15M-26OCT050130-30,0.9640,1267.23,no
2026-10-05T05:29:27.098705Z,KXBTC15M-26OCT050130-30,0.9660,150.00,no
2026-10-05T05:29:27.098705Z,KXBTC15M-26OCT050130-30,0.9650,195.00,no
2026-10-05T05:29:27.098705Z,KXBTC15M-26OCT050130-30,0.9660,0.01,no
2026-10-05T05:29:27.120229Z,KXBTC15M-26OCT050130-30,0.9680,0.47,yes
2026-10-05T05:29:27.120614Z,KXBTC15M-26OCT050130-30,0.9680,1.03,yes
2026-10-05T05:29:27.121022Z,KXBTC15M-26OCT050130-30,0.9640,0.01,no
2026-10-05T05:29:27.121022Z,KXBTC15M-26OCT050130-30,0.9640,0.01,no
2026-10-05T05:29:27.135679Z,KXBTC15M-26OCT050130-30,0.9610,149.00,no
2026-10-05T05:29:27.138004Z,KXBTC15M-26OCT050130-30,0.9610,82.41,no
2026-10-05T05:29:27.144464Z,KXBTC15M-26OCT050130-30,0.9610,111.72,no
2026-10-05T05:29:27.147213Z,KXBTC15M-26OCT050130-30,0.9670,1.00,yes
2026-10-05T05:29:27.147213Z,KXBTC15M-26OCT050130-30,0.9680,185.92,yes
2026-10-05T05:29:27.158881Z,KXBTC15M-26OCT050130-30,0.9610,0.01,no
2026-10-05T05:29:27.158881Z,KXBTC15M-26OCT050130-30,0.9610,0.01,no
2026-10-05T05:29:27.158881Z,KXBTC15M-26OCT050130-30,0.9600,78.71,no
2026-10-05T05:29:27.158881Z,KXBTC15M-26OCT050130-30,0.9600,15.00,no
2026-10-05T05:29:27.158881Z,KXBTC15M-26OCT050130-30,0.9610,703.87,no
2026-10-05T05:29:27.186357Z,KXBTC15M-26OCT050130-30,0.9600,2.14,no
2026-10-05T05:29:27.223628Z,KXBTC15M-26OCT050130-30,0.9600,47.86,no
2026-10-05T05:29:27.223628Z,KXBTC15M-26OCT050130-30,0.9590,54.12,no
2026-10-05T05:29:27.223628Z,KXBTC15M-26OCT050130-30,0.9600,0.01,no
2026-10-05T05:29:27.223628Z,KXBTC15M-26OCT050130-30,0.9600,0.01,no
2026-10-05T05:29:27.223628Z,KXBTC15M-26OCT050130-30,0.9590,37.00,no
2026-10-05T05:29:27.228193Z,KXBTC15M-26OCT050130-30,0.9590,30.88,no
2026-10-05T05:29:27.228193Z,KXBTC15M-26OCT050130-30,0.9570,1.41,no
2026-10-05T05:29:27.23134Z,KXBTC15M-26OCT050130-30,0.9630,1.00,yes
2026-10-05T05:29:27.245217Z,KXBTC15M-26OCT050130-30,0.9590,150.00,yes
2026-10-05T05:29:27.245217Z,KXBTC15M-26OCT050130-30,0.9620,9.00,yes
2026-10-05T05:29:27.245217Z,KXBTC15M-26OCT050130-30,0.9630,353.00,yes
2026-10-05T05:29:27.253276Z,KXBTC15M-26OCT050130-30,0.9560,740.07,no
2026-10-05T05:29:27.286258Z,KXBTC15M-26OCT050130-30,0.9560,0.01,no
2026-10-05T05:29:27.286258Z,KXBTC15M-26OCT050130-30,0.9560,0.01,no
2026-10-05T05:29:27.286258Z,KXBTC15M-26OCT050130-30,0.9540,74.21,no
2026-10-05T05:29:27.301089Z,KXBTC15M-26OCT050130-30,0.9560,2.13,yes
2026-10-05T05:29:27.336491Z,KXBTC15M-26OCT050130-30,0.9590,0.09,yes
2026-10-05T05:29:27.336491Z,KXBTC15M-26OCT050130-30,0.9590,0.01,yes
2026-10-05T05:29:27.345092Z,KXBTC15M-26OCT050130-30,0.9590,8.00,yes
2026-10-05T05:29:27.345092Z,KXBTC15M-26OCT050130-30,0.9600,152.40,yes
2026-10-05T05:29:27.345092Z,KXBTC15M-26OCT050130-30,0.9590,8.91,yes
2026-10-05T05:29:27.364843Z,KXBTC15M-26OCT050130-30,0.9590,8.00,yes
2026-10-05T05:29:27.364843Z,KXBTC15M-26OCT050130-30,0.9590,0.01,yes
2026-10-05T05:29:27.364843Z,KXBTC15M-26OCT050130-30,0.9600,702.15,yes
2026-10-05T05:29:27.367686Z,KXBTC15M-26OCT050130-30,0.9590,0.01,yes
2026-10-05T05:29:27.367686Z,KXBTC15M-26OCT050130-30,0.9600,16.01,yes
2026-10-05T05:29:27.389454Z,KXBTC15M-26OCT050130-30,0.9540,0.01,no
2026-10-05T05:29:27.389454Z,KXBTC15M-26OCT050130-30,0.9530,10.00,no
2026-10-05T05:29:27.389454Z,KXBTC15M-26OCT050130-30,0.9540,75.00,no
2026-10-05T05:29:27.389454Z,KXBTC15M-26OCT050130-30,0.9560,0.01,no
2026-10-05T05:29:27.389454Z,KXBTC15M-26OCT050130-30,0.9540,0.01,no
2026-10-05T05:29:27.389454Z,KXBTC15M-26OCT050130-30,0.9560,43.00,no
2026-10-05T05:29:27.389454Z,KXBTC15M-26OCT050130-30,0.9530,1.00,no
2026-10-05T05:29:27.389454Z,KXBTC15M-26OCT050130-30,0.9560,0.01,no
2026-10-05T05:29:27.389454Z,KXBTC15M-26OCT050130-30,0.9530,9.00,no
2026-10-05T05:29:27.389454Z,KXBTC15M-26OCT050130-30,0.9540,50.00,no
2026-10-05T05:29:27.389454Z,KXBTC15M-26OCT050130-30,0.9550,11.00,no
2026-10-05T05:29:27.389454Z,KXBTC15M-26OCT050130-30,0.9530,10.00,no
2026-10-05T05:29:27.389454Z,KXBTC15M-26OCT050130-30,0.9530,55.00,no
2026-10-05T05:29:27.389454Z,KXBTC15M-26OCT050130-30,0.9520,154.90,no
2026-10-05T05:29:27.40391Z,KXBTC15M-26OCT050130-30,0.9590,10.32,yes
2026-10-05T05:29:27.413442Z,KXBTC15M-26OCT050130-30,0.9550,0.01,no
2026-10-05T05:29:27.413442Z,KXBTC15M-26OCT050130-30,0.9530,5.00,no
2026-10-05T05:29:27.413442Z,KXBTC15M-26OCT050130-30,0.9520,3.23,no
2026-10-05T05:29:27.413442Z,KXBTC15M-26OCT050130-30,0.9540,1.00,no
2026-10-05T05:29:27.462881Z,KXBTC15M-26OCT050130-30,0.9590,0.01,yes
2026-10-05T05:29:27.462881Z,KXBTC15M-26OCT050130-30,0.9580,0.01,yes
2026-10-05T05:29:27.462881Z,KXBTC15M-26OCT050130-30,0.9620,25.74,yes
2026-10-05T05:29:27.464099Z,KXBTC15M-26OCT050130-30,0.9620,92.26,yes
2026-10-05T05:29:27.464099Z,KXBTC15M-26OCT050130-30,0.9670,9.00,yes
2026-10-05T05:29:27.464099Z,KXBTC15M-26OCT050130-30,0.9650,1047.00,yes
2026-10-05T05:29:27.464099Z,KXBTC15M-26OCT050130-30,0.9680,418.47,yes
2026-10-05T05:29:27.466474Z,KXBTC15M-26OCT050130-30,0.9680,103.07,yes
2026-10-05T05:29:27.483507Z,KXBTC15M-26OCT050130-30,0.9650,6.16,no
2026-10-05T05:29:27.4907Z,KXBTC15M-26OCT050130-30,0.9670,25.00,yes
2026-10-05T05:29:27.498029Z,KXBTC15M-26OCT050130-30,0.9670,3.44,yes
2026-10-05T05:29:27.524206Z,KXBTC15M-26OCT050130-30,0.9650,4.80,no
2026-10-05T05:29:27.552174Z,KXBTC15M-26OCT050130-30,0.9650,2.34,no
2026-10-05T05:29:27.57361Z,KXBTC15M-26OCT050130-30,0.9650,5.00,no
2026-10-05T05:29:27.575397Z,KXBTC15M-26OCT050130-30,0.9650,1003.00,no
2026-10-05T05:29:27.586471Z,KXBTC15M-26OCT050130-30,0.9670,89.31,yes
2026-10-05T05:29:27.598135Z,KXBTC15M-26OCT050130-30,0.9670,5.02,yes
2026-10-05T05:29:27.60171Z,KXBTC15M-26OCT050130-30,0.9640,0.98,no
2026-10-05T05:29:27.60171Z,KXBTC15M-26OCT050130-30,0.9650,0.01,no
2026-10-05T05:29:27.60171Z,KXBTC15M-26OCT050130-30,0.9650,0.01,no
2026-10-05T05:29:27.648938Z,KXBTC15M-26OCT050130-30,0.9670,0.01,yes
2026-10-05T05:29:27.648938Z,KXBTC15M-26OCT050130-30,0.9670,1.00,yes
2026-10-05T05:29:27.648938Z,KXBTC15M-26OCT050130-30,0.9670,13.23,yes
2026-10-05T05:29:27.648938Z,KXBTC15M-26OCT050130-30,0.9670,81.61,yes
2026-10-05T05:29:27.652012Z,KXBTC15M-26OCT050130-30,0.9660,5.60,no
2026-10-05T05:29:27.652012Z,KXBTC15M-26OCT050130-30,0.9640,0.01,no
2026-10-05T05:29:27.652012Z,KXBTC15M-26OCT050130-30,0.9640,0.01,no
2026-10-05T05:29:27.652012Z,KXBTC15M-26OCT050130-30,0.9660,0.01,no
2026-10-05T05:29:27.652012Z,KXBTC15M-26OCT050130-30,0.9630,181.45,no
2026-10-05T05:29:27.652012Z,KXBTC15M-26OCT050130-30,0.9660,0.01,no
2026-10-05T05:29:27.652012Z,KXBTC15M-26OCT050130-30,0.9660,6.00,no
2026-10-05T05:29:27.659612Z,KXBTC15M-26OCT050130-30,0.9640,51.13,no
2026-10-05T05:29:27.659612Z,KXBTC15M-26OCT050130-30,0.9640,10.00,no
2026-10-05T05:29:27.685067Z,KXBTC15M-26OCT050130-30,0.9640,3.11,no
2026-10-05T05:29:27.685067Z,KXBTC15M-26OCT050130-30,0.9640,0.01,no
2026-10-05T05:29:27.685067Z,KXBTC15M-26OCT050130-30,0.9640,0.01,no
2026-10-05T05:29:27.691605Z,KXBTC15M-26OCT050130-30,0.9660,7.90,yes
2026-10-05T05:29:27.695029Z,KXBTC15M-26OCT050130-30,0.9640,6.00,no
2026-10-05T05:29:27.695029Z,KXBTC15M-26OCT050130-30,0.9640,0.01,no
2026-10-05T05:29:27.695029Z,KXBTC15M-26OCT050130-30,0.9640,3.11,no
2026-10-05T05:29:27.695029Z,KXBTC15M-26OCT050130-30,0.9640,0.01,no
2026-10-05T05:29:27.695029Z,KXBTC15M-26OCT050130-30,0.9640,6.89,no
2026-10-05T05:29:27.695029Z,KXBTC15M-26OCT050130-30,0.9630,4.35,no
2026-10-05T05:29:27.709166Z,KXBTC15M-26OCT050130-30,0.9700,10.00,yes
2026-10-05T05:29:27.709166Z,KXBTC15M-26OCT050130-30,0.9700,9.85,yes
2026-10-05T05:29:27.709166Z,KXBTC15M-26OCT050130-30,0.9700,5.63,yes
2026-10-05T05:29:27.709166Z,KXBTC15M-26OCT050130-30,0.9700,3141.00,yes
2026-10-05T05:29:27.709166Z,KXBTC15M-26OCT050130-30,0.9660,150.00,yes
2026-10-05T05:29:27.709166Z,KXBTC15M-26OCT050130-30,0.9670,0.01,yes
2026-10-05T05:29:27.709166Z,KXBTC15M-26OCT050130-30,0.9670,0.01,yes
2026-10-05T05:29:27.709166Z,KXBTC15M-26OCT050130-30,0.9690,9.00,yes
2026-10-05T05:29:27.709166Z,KXBTC15M-26OCT050130-30,0.9660,142.10,yes
2026-10-05T05:29:27.709166Z,KXBTC15M-26OCT050130-30,0.9660,0.01,yes
2026-10-05T05:29:27.709166Z,KXBTC15M-26OCT050130-30,0.9700,55.00,yes
2026-10-05T05:29:27.709166Z,KXBTC15M-26OCT050130-30,0.9660,0.01,yes
2026-10-05T05:29:27.709166Z,KXBTC15M-26OCT050130-30,0.9670,1.00,yes
2026-10-05T05:29:27.709166Z,KXBTC15M-26OCT050130-30,0.9700,50.00,yes
2026-10-05T05:29:27.709166Z,KXBTC15M-26OCT050130-30,0.9700,65.87,yes
2026-10-05T05:29:27.709166Z,KXBTC15M-26OCT050130-30,0.9730,281.56,yes
2026-10-05T05:29:27.709166Z,KXBTC15M-26OCT050130-30,0.9700,166.00,yes
2026-10-05T05:29:27.709166Z,KXBTC15M-26OCT050130-30,0.9700,2.00,yes
2026-10-05T05:29:27.709166Z,KXBTC15M-26OCT050130-30,0.9700,33.00,yes
2026-10-05T05:29:27.709166Z,KXBTC15M-26OCT050130-30,0.9700,200.00,yes
2026-10-05T05:29:27.709166Z,KXBTC15M-26OCT050130-30,0.9700,10.47,yes
2026-10-05T05:29:27.709166Z,KXBTC15M-26OCT050130-30,0.9710,1.00,yes
2026-10-05T05:29:27.709166Z,KXBTC15M-26OCT050130-30,0.9730,1.00,yes
2026-10-05T05:29:27.709166Z,KXBTC15M-26OCT050130-30,0.9720,1.00,yes
2026-10-05T05:29:27.709166Z,KXBTC15M-26OCT050130-30,0.9700,494.34,yes
2026-10-05T05:29:27.709166Z,KXBTC15M-26OCT050130-30,0.9700,25.00,yes
2026-10-05T05:29:27.709166Z,KXBTC15M-26OCT050130-30,0.9700,10.25,yes
2026-10-05T05:29:27.709166Z,KXBTC15M-26OCT050130-30,0.9700,100.00,yes
2026-10-05T05:29:27.70969Z,KXBTC15M-26OCT050130-30,0.9640,10.00,no
2026-10-05T05:29:27.70969Z,KXBTC15M-26OCT050130-30,0.9640,0.01,no
2026-10-05T05:29:27.70969Z,KXBTC15M-26OCT050130-30,0.9630,50.97,no
2026-10-05T05:29:27.70969Z,KXBTC15M-26OCT050130-30,0.9640,0.01,no
2026-10-05T05:29:27.712353Z,KXBTC15M-26OCT050130-30,0.9630,14.02,no
2026-10-05T05:29:27.712353Z,KXBTC15M-26OCT050130-30,0.9640,10.00,no
2026-10-05T05:29:27.739032Z,KXBTC15M-26OCT050130-30,0.9710,150.00,no
2026-10-05T05:29:27.739032Z,KXBTC15M-26OCT050130-30,0.9710,90.24,no
2026-10-05T05:29:27.740111Z,KXBTC15M-26OCT050130-30,0.9710,38.64,no
2026-10-05T05:29:27.762272Z,KXBTC15M-26OCT050130-30,0.9720,1.00,yes
2026-10-05T05:29:27.762272Z,KXBTC15M-26OCT050130-30,0.9720,17.26,yes
2026-10-05T05:29:27.793998Z,KXBTC15M-26OCT050130-30,0.9710,2.90,no
2026-10-05T05:29:27.793998Z,KXBTC15M-26OCT050130-30,0.9710,21.12,no
2026-10-05T05:29:27.79471Z,KXBTC15M-26OCT050130-30,0.9720,66.16,yes
2026-10-05T05:29:27.807773Z,KXBTC15M-26OCT050130-30,0.9710,96.99,no
2026-10-05T05:29:27.807773Z,KXBTC15M-26OCT050130-30,0.9710,147.10,no
2026-10-05T05:29:27.808601Z,KXBTC15M-26OCT050130-30,0.9710,48.88,no
2026-10-05T05:29:27.808601Z,KXBTC15M-26OCT050130-30,0.9710,53.01,no
2026-10-05T05:29:27.823239Z,KXBTC15M-26OCT050130-30,0.9710,0.01,no
2026-10-05T05:29:27.823239Z,KXBTC15M-26OCT050130-30,0.9700,5.00,no
2026-10-05T05:29:27.823239Z,KXBTC15M-26OCT050130-30,0.9700,9.16,no
2026-10-05T05:29:27.823239Z,KXBTC15M-26OCT050130-30,0.9710,101.12,no
2026-10-05T05:29:27.823239Z,KXBTC15M-26OCT050130-30,0.9710,0.01,no
2026-10-05T05:29:27.823593Z,KXBTC15M-26OCT050130-30,0.9720,4.05,yes
2026-10-05T05:29:27.852938Z,KXBTC15M-26OCT050130-30,0.9700,91.98,no
2026-10-05T05:29:27.853764Z,KXBTC15M-26OCT050130-30,0.9710,39.44,yes
2026-10-05T05:29:27.865449Z,KXBTC15M-26OCT050130-30,0.9700,97.67,no
2026-10-05T05:29:27.868511Z,KXBTC15M-26OCT050130-30,0.9710,61.17,yes
2026-10-05T05:29:27.875736Z,KXBTC15M-26OCT050130-30,0.9700,19.27,no
2026-10-05T05:29:27.898397Z,KXBTC15M-26OCT050130-30,0.9700,0.01,no
2026-10-05T05:29:27.898397Z,KXBTC15M-26OCT050130-30,0.9690,206.61,no
2026-10-05T05:29:27.898397Z,KXBTC15M-26OCT050130-30,0.9700,0.01,no
2026-10-05T05:29:27.898397Z,KXBTC15M-26OCT050130-30,0.9700,11.00,no
2026-10-05T05:29:27.898397Z,KXBTC15M-26OCT050130-30,0.9700,50.00,no
2026-10-05T05:29:27.943789Z,KXBTC15M-26OCT050130-30,0.9700,4.73,no
2026-10-05T05:29:27.955553Z,KXBTC15M-26OCT050130-30,0.9700,0.01,no
2026-10-05T05:29:27.955553Z,KXBTC15M-26OCT050130-30,0.9700,0.01,no
2026-10-05T05:29:27.955553Z,KXBTC15M-26OCT050130-30,0.9700,2.31,no
2026-10-05T05:29:27.966646Z,KXBTC15M-26OCT050130-30,0.9710,12.75,yes
2026-10-05T05:29:27.974129Z,KXBTC15M-26OCT050130-30,0.9700,0.01,no
2026-10-05T05:29:27.974129Z,KXBTC15M-26OCT050130-30,0.9690,117.18,no
2026-10-05T05:29:27.974129Z,KXBTC15M-26OCT050130-30,0.9700,0.01,no
2026-10-05T05:29:27.976011Z,KXBTC15M-26OCT050130-30,0.9710,0.01,yes
2026-10-05T05:29:27.976011Z,KXBTC15M-26OCT050130-30,0.9710,0.01,yes
2026-10-05T05:29:27.976011Z,KXBTC15M-26OCT050130-30,0.9710,41.64,yes
2026-10-05T05:29:27.976011Z,KXBTC15M-26OCT050130-30,0.9710,158.34,yes
2026-10-05T05:29:27.990897Z,KXBTC15M-26OCT050130-30,0.9710,24.00,yes
2026-10-05T05:29:28.005016Z,KXBTC15M-26OCT050130-30,0.9690,0.01,no
2026-10-05T05:29:28.005016Z,KXBTC15M-26OCT050130-30,0.9700,0.01,no
2026-10-05T05:29:28.005016Z,KXBTC15M-26OCT050130-30,0.9700,0.01,no
2026-10-05T05:29:28.005016Z,KXBTC15M-26OCT050130-30,0.9660,641.51,no
2026-10-05T05:29:28.005016Z,KXBTC15M-26OCT050130-30,0.9670,11.00,no
2026-10-05T05:29:28.005016Z,KXBTC15M-26OCT050130-30,0.9690,723.21,no
2026-10-05T05:29:28.005016Z,KXBTC15M-26OCT050130-30,0.9690,0.01,no
2026-10-05T05:29:28.008877Z,KXBTC15M-26OCT050130-30,0.9660,133.81,no
2026-10-05T05:29:28.134495Z,KXBTC15M-26OCT050130-30,0.9730,149.98,yes
2026-10-05T05:29:28.134495Z,KXBTC15M-26OCT050130-30,0.9710,0.01,yes
2026-10-05T05:29:28.134495Z,KXBTC15M-26OCT050130-30,0.9710,0.01,yes
2026-10-05T05:29:28.147318Z,KXBTC15M-26OCT050130-30,0.9720,5.08,no
2026-10-05T05:29:28.174614Z,KXBTC15M-26OCT050130-30,0.9730,150.00,no
2026-10-05T05:29:28.179957Z,KXBTC15M-26OCT050130-30,0.9730,3.23,no
2026-10-05T05:29:28.221085Z,KXBTC15M-26OCT050130-30,0.9730,4.20,no
2026-10-05T05:29:28.233473Z,KXBTC15M-26OCT050130-30,0.9760,500.00,yes
2026-10-05T05:29:28.233473Z,KXBTC15M-26OCT050130-30,0.9750,185.00,yes
2026-10-05T05:29:28.233473Z,KXBTC15M-26OCT050130-30,0.9740,0.01,yes
2026-10-05T05:29:28.233473Z,KXBTC15M-26OCT050130-30,0.9760,188.00,yes
2026-10-05T05:29:28.233473Z,KXBTC15M-26OCT050130-30,0.9740,0.01,yes
2026-10-05T05:29:28.233473Z,KXBTC15M-26OCT050130-30,0.9790,9.00,yes
2026-10-05T05:29:28.233473Z,KXBTC15M-26OCT050130-30,0.9780,410.00,yes
2026-10-05T05:29:28.233473Z,KXBTC15M-26OCT050130-30,0.9770,55.00,yes
2026-10-05T05:29:28.233473Z,KXBTC15M-26OCT050130-30,0.9800,63.53,yes
2026-10-05T05:29:28.233473Z,KXBTC15M-26OCT050130-30,0.9790,1.00,yes
2026-10-05T05:29:28.233473Z,KXBTC15M-26OCT050130-30,0.9800,1.00,yes
2026-10-05T05:29:28.233473Z,KXBTC15M-26OCT050130-30,0.9780,1.00,yes
2026-10-05T05:29:28.233473Z,KXBTC15M-26OCT050130-30,0.9760,1.00,yes
2026-10-05T05:29:28.233473Z,KXBTC15M-26OCT050130-30,0.9770,1.00,yes
2026-10-05T05:29:28.233473Z,KXBTC15M-26OCT050130-30,0.9750,1.00,yes
2026-10-05T05:29:28.233473Z,KXBTC15M-26OCT050130-30,0.9740,1.00,yes
2026-10-05T05:29:28.233473Z,KXBTC15M-26OCT050130-30,0.9800,22.00,yes
2026-10-05T05:29:28.233473Z,KXBTC15M-26OCT050130-30,0.9800,150.00,yes
2026-10-05T05:29:28.233473Z,KXBTC15M-26OCT050130-30,0.9800,1.00,yes
2026-10-05T05:29:28.233473Z,KXBTC15M-26OCT050130-30,0.9800,260.00,yes
2026-10-05T05:29:28.233473Z,KXBTC15M-26OCT050130-30,0.9800,25.00,yes
2026-10-05T05:29:28.233473Z,KXBTC15M-26OCT050130-30,0.9790,27.00,yes
2026-10-05T05:29:28.233473Z,KXBTC15M-26OCT050130-30,0.9800,4.02,yes
2026-10-05T05:29:28.240361Z,KXBTC15M-26OCT050130-30,0.9780,3.61,no
2026-10-05T05:29:28.267927Z,KXBTC15M-26OCT050130-30,0.9800,5.99,yes
2026-10-05T05:29:28.271603Z,KXBTC15M-26OCT050130-30,0.9790,150.00,no
2026-10-05T05:29:28.273026Z,KXBTC15M-26OCT050130-30,0.9790,23.78,no
2026-10-05T05:29:28.273026Z,KXBTC15M-26OCT050130-30,0.9790,2.98,no
2026-10-05T05:29:28.278259Z,KXBTC15M-26OCT050130-30,0.9790,32.28,no
2026-10-05T05:29:28.292981Z,KXBTC15M-26OCT050130-30,0.9790,0.01,no
2026-10-05T05:29:28.292981Z,KXBTC15M-26OCT050130-30,0.9790,0.01,no
2026-10-05T05:29:28.292981Z,KXBTC15M-26OCT050130-30,0.9790,13.00,no
2026-10-05T05:29:28.292981Z,KXBTC15M-26OCT050130-30,0.9790,93.94,no
2026-10-05T05:29:28.292981Z,KXBTC15M-26OCT050130-30,0.9790,43.04,no
2026-10-05T05:29:28.309141Z,KXBTC15M-26OCT050130-30,0.9790,35.00,no
2026-10-05T05:29:28.309622Z,KXBTC15M-26OCT050130-30,0.9790,50.00,no
2026-10-05T05:29:28.316223Z,KXBTC15M-26OCT050130-30,0.9790,12.00,no
2026-10-05T05:29:28.320028Z,KXBTC15M-26OCT050130-30,0.9800,0.91,yes
2026-10-05T05:29:28.330102Z,KXBTC15M-26OCT050130-30,0.9790,52.00,no
2026-10-05T05:29:28.344018Z,KXBTC15M-26OCT050130-30,0.9800,5.00,yes
2026-10-05T05:29:28.354266Z,KXBTC15M-26OCT050130-30,0.9790,10.21,no
2026-10-05T05:29:28.354266Z,KXBTC15M-26OCT050130-30,0.9790,0.01,no
2026-10-05T05:29:28.354266Z,KXBTC15M-26OCT050130-30,0.9790,0.01,no
2026-10-05T05:29:28.407159Z,KXBTC15M-26OCT050130-30,0.9790,139.79,no
2026-10-05T05:29:28.407159Z,KXBTC15M-26OCT050130-30,0.9790,0.01,no
2026-10-05T05:29:28.407159Z,KXBTC15M-26OCT050130-30,0.9780,90.64,no
2026-10-05T05:29:28.407159Z,KXBTC15M-26OCT050130-30,0.9790,13.00,no
2026-10-05T05:29:28.407159Z,KXBTC15M-26OCT050130-30,0.9790,0.01,no
2026-10-05T05:29:28.408317Z,KXBTC15M-26OCT050130-30,0.9780,156.06,no
2026-10-05T05:29:28.417493Z,KXBTC15M-26OCT050130-30,0.9780,73.50,no
2026-10-05T05:29:28.417493Z,KXBTC15M-26OCT050130-30,0.9790,0.01,no
2026-10-05T05:29:28.465231Z,KXBTC15M-26OCT050130-30,0.9780,18.41,no
2026-10-05T05:29:28.465231Z,KXBTC15M-26OCT050130-30,0.9790,0.01,no
2026-10-05T05:29:28.465231Z,KXBTC15M-26OCT050130-30,0.9790,13.00,no
2026-10-05T05:29:28.469737Z,KXBTC15M-26OCT050130-30,0.9780,587.57,no
2026-10-05T05:29:28.472369Z,KXBTC15M-26OCT050130-30,0.9780,0.61,no
2026-10-05T05:29:28.480427Z,KXBTC15M-26OCT050130-30,0.9780,20.37,no
2026-10-05T05:29:28.520398Z,KXBTC15M-26OCT050130-30,0.9760,3.93,no
2026-10-05T05:29:28.520398Z,KXBTC15M-26OCT050130-30,0.9780,0.01,no
2026-10-05T05:29:28.531631Z,KXBTC15M-26OCT050130-30,0.9780,30.00,yes
2026-10-05T05:29:28.537619Z,KXBTC15M-26OCT050130-30,0.9770,12.48,no
2026-10-05T05:29:28.551247Z,KXBTC15M-26OCT050130-30,0.9790,9.00,yes
2026-10-05T05:29:28.551247Z,KXBTC15M-26OCT050130-30,0.9790,0.01,yes
2026-10-05T05:29:28.551247Z,KXBTC15M-26OCT050130-30,0.9780,0.01,yes
2026-10-05T05:29:28.551247Z,KXBTC15M-26OCT050130-30,0.9780,120.00,yes
2026-10-05T05:29:28.551247Z,KXBTC15M-26OCT050130-30,0.9780,150.00,yes
2026-10-05T05:29:28.551247Z,KXBTC15M-26OCT050130-30,0.9780,185.00,yes
2026-10-05T05:29:28.551247Z,KXBTC15M-26OCT050130-30,0.9790,0.01,yes
2026-10-05T05:29:28.551247Z,KXBTC15M-26OCT050130-30,0.9780,0.01,yes
2026-10-05T05:29:28.551247Z,KXBTC15M-26OCT050130-30,0.9800,61.36,yes
2026-10-05T05:29:28.559308Z,KXBTC15M-26OCT050130-30,0.9770,5.00,no
2026-10-05T05:29:28.57159Z,KXBTC15M-26OCT050130-30,0.9770,102.78,no
2026-10-05T05:29:28.580944Z,KXBTC15M-26OCT050130-30,0.9760,35.43,no
2026-10-05T05:29:28.580944Z,KXBTC15M-26OCT050130-30,0.9770,0.01,no
2026-10-05T05:29:28.580944Z,KXBTC15M-26OCT050130-30,0.9770,0.01,no
2026-10-05T05:29:28.58138Z,KXBTC15M-26OCT050130-30,0.9760,3.58,no
2026-10-05T05:29:28.591115Z,KXBTC15M-26OCT050130-30,0.9760,86.68,no
2026-10-05T05:29:28.620129Z,KXBTC15M-26OCT050130-30,0.9760,1.00,no
2026-10-05T05:29:28.634372Z,KXBTC15M-26OCT050130-30,0.9800,14.04,yes
2026-10-05T05:29:28.650737Z,KXBTC15M-26OCT050130-30,0.9760,634.05,no
2026-10-05T05:29:28.667435Z,KXBTC15M-26OCT050130-30,0.9760,34.67,no
2026-10-05T05:29:28.690325Z,KXBTC15M-26OCT050130-30,0.9760,156.06,no
2026-10-05T05:29:28.712794Z,KXBTC15M-26OCT050130-30,0.9760,31.21,no
2026-10-05T05:29:28.7188Z,KXBTC15M-26OCT050130-30,0.9800,10.26,yes
2026-10-05T05:29:28.764611Z,KXBTC15M-26OCT050130-30,0.9760,60.39,no
2026-10-05T05:29:28.764611Z,KXBTC15M-26OCT050130-30,0.9740,11.00,no
2026-10-05T05:29:28.764611Z,KXBTC15M-26OCT050130-30,0.9740,12.00,no
2026-10-05T05:29:28.764611Z,KXBTC15M-26OCT050130-30,0.9740,65.00,no
2026-10-05T05:29:28.764611Z,KXBTC15M-26OCT050130-30,0.9750,20.00,no
2026-10-05T05:29:28.764611Z,KXBTC15M-26OCT050130-30,0.9740,20.00,no
2026-10-05T05:29:28.764611Z,KXBTC15M-26OCT050130-30,0.9760,0.01,no
2026-10-05T05:29:28.764611Z,KXBTC15M-26OCT050130-30,0.9740,6.84,no
2026-10-05T05:29:28.764611Z,KXBTC15M-26OCT050130-30,0.9740,10.00,no
2026-10-05T05:29:28.764611Z,KXBTC15M-26OCT050130-30,0.9760,0.01,no
2026-10-05T05:29:28.771517Z,KXBTC15M-26OCT050130-30,0.9750,0.01,no
2026-10-05T05:29:28.771517Z,KXBTC15M-26OCT050130-30,0.9740,52.65,no
2026-10-05T05:29:28.771517Z,KXBTC15M-26OCT050130-30,0.9750,0.01,no
2026-10-05T05:29:28.771517Z,KXBTC15M-26OCT050130-30,0.9750,15.00,no
2026-10-05T05:29:28.793354Z,KXBTC15M-26OCT050130-30,0.9760,103.22,yes
2026-10-05T05:29:28.801053Z,KXBTC15M-26OCT050130-30,0.9750,0.01,no
2026-10-05T05:29:28.801053Z,KXBTC15M-26OCT050130-30,0.9740,0.01,no
2026-10-05T05:29:28.801053Z,KXBTC15M-26OCT050130-30,0.9740,12.00,no
2026-10-05T05:29:28.801053Z,KXBTC15M-26OCT050130-30,0.9730,0.49,no
2026-10-05T05:29:28.810799Z,KXBTC15M-26OCT050130-30,0.9730,1.13,no
2026-10-05T05:29:28.83403Z,KXBTC15M-26OCT050130-30,0.9740,21.20,no
2026-10-05T05:29:28.845897Z,KXBTC15M-26OCT050130-30,0.9750,107.78,yes
2026-10-05T05:29:28.861699Z,KXBTC15M-26OCT050130-30,0.9740,0.94,no
2026-10-05T05:29:28.882241Z,KXBTC15M-26OCT050130-30,0.9740,150.00,no
2026-10-05T05:29:28.894942Z,KXBTC15M-26OCT050130-30,0.9750,0.01,yes
2026-10-05T05:29:28.894942Z,KXBTC15M-26OCT050130-30,0.9770,196.00,yes
2026-10-05T05:29:28.894942Z,KXBTC15M-26OCT050130-30,0.9750,77.22,yes
2026-10-05T05:29:28.894942Z,KXBTC15M-26OCT050130-30,0.9760,0.01,yes
2026-10-05T05:29:28.894942Z,KXBTC15M-26OCT050130-30,0.9750,107.78,yes
2026-10-05T05:29:28.894942Z,KXBTC15M-26OCT050130-30,0.9760,0.01,yes
2026-10-05T05:29:28.894942Z,KXBTC15M-26OCT050130-30,0.9750,0.01,yes
2026-10-05T05:29:28.894942Z,KXBTC15M-26OCT050130-30,0.9780,21.45,yes
2026-10-05T05:29:28.923456Z,KXBTC15M-26OCT050130-30,0.9750,0.01,no
2026-10-05T05:29:28.923881Z,KXBTC15M-26OCT050130-30,0.9700,93.75,no
2026-10-05T05:29:28.923881Z,KXBTC15M-26OCT050130-30,0.9740,0.01,no
2026-10-05T05:29:28.923881Z,KXBTC15M-26OCT050130-30,0.9700,64.00,no
2026-10-05T05:29:28.923881Z,KXBTC15M-26OCT050130-30,0.9700,15.00,no
2026-10-05T05:29:28.923881Z,KXBTC15M-26OCT050130-30,0.9660,1.00,no
2026-10-05T05:29:28.923881Z,KXBTC15M-26OCT050130-30,0.9700,93.75,no
2026-10-05T05:29:28.923881Z,KXBTC15M-26OCT050130-30,0.9700,15.00,no
2026-10-05T05:29:28.923881Z,KXBTC15M-26OCT050130-30,0.9700,64.00,no
2026-10-05T05:29:28.923881Z,KXBTC15M-26OCT050130-30,0.9740,12.00,no
2026-10-05T05:29:28.923881Z,KXBTC15M-26OCT050130-30,0.9740,0.01,no
2026-10-05T05:29:28.923881Z,KXBTC15M-26OCT050130-30,0.9690,35.00,no
2026-10-05T05:29:28.924732Z,KXBTC15M-26OCT050130-30,0.9650,93.75,no
2026-10-05T05:29:28.924732Z,KXBTC15M-26OCT050130-30,0.9650,64.00,no
2026-10-05T05:29:28.924732Z,KXBTC15M-26OCT050130-30,0.9650,15.00,no
2026-10-05T05:29:28.924732Z,KXBTC15M-26OCT050130-30,0.9650,93.75,no
2026-10-05T05:29:28.924732Z,KXBTC15M-26OCT050130-30,0.9650,64.00,no
2026-10-05T05:29:28.924732Z,KXBTC15M-26OCT050130-30,0.9650,15.00,no
2026-10-05T05:29:28.925603Z,KXBTC15M-26OCT050130-30,0.9640,190.57,no
2026-10-05T05:29:28.925603Z,KXBTC15M-26OCT050130-30,0.9640,210.00,no
2026-10-05T05:29:28.925631Z,KXBTC15M-26OCT050130-30,0.9640,94.43,no
2026-10-05T05:29:28.925631Z,KXBTC15M-26OCT050130-30,0.9630,5.00,no
2026-10-05T05:29:28.926858Z,KXBTC15M-26OCT050130-30,0.9710,12.00,no
2026-10-05T05:29:28.926858Z,KXBTC15M-26OCT050130-30,0.9600,15.00,no
2026-10-05T05:29:28.926858Z,KXBTC15M-26OCT050130-30,0.9600,15.00,no
2026-10-05T05:29:28.926858Z,KXBTC15M-26OCT050130-30,0.9600,93.75,no
2026-10-05T05:29:28.92703Z,KXBTC15M-26OCT050130-30,0.9560,500.00,no
2026-10-05T05:29:28.92703Z,KXBTC15M-26OCT050130-30,0.9560,190.00,no
2026-10-05T05:29:28.92703Z,KXBTC15M-26OCT050130-30,0.9560,60.00,no
2026-10-05T05:29:28.928402Z,KXBTC15M-26OCT050130-30,0.9420,500.00,no
2026-10-05T05:29:28.928402Z,KXBTC15M-26OCT050130-30,0.9500,76.00,no
2026-10-05T05:29:28.928402Z,KXBTC15M-26OCT050130-30,0.9470,130.00,no
2026-10-05T05:29:28.928402Z,KXBTC15M-26OCT050130-30,0.9500,1.00,no
2026-10-05T05:29:28.928402Z,KXBTC15M-26OCT050130-30,0.9470,25.00,no
2026-10-05T05:29:28.928402Z,KXBTC15M-26OCT050130-30,0.9500,25.00,no
2026-10-05T05:29:28.928402Z,KXBTC15M-26OCT050130-30,0.9500,64.00,no
2026-10-05T05:29:28.928402Z,KXBTC15M-26OCT050130-30,0.9500,93.75,no
2026-10-05T05:29:28.928402Z,KXBTC15M-26OCT050130-30,0.9500,15.00,no
2026-10-05T05:29:28.928402Z,KXBTC15M-26OCT050130-30,0.9500,93.75,no
2026-10-05T05:29:28.928402Z,KXBTC15M-26OCT050130-30,0.9500,64.00,no
2026-10-05T05:29:28.929018Z,KXBTC15M-26OCT050130-30,0.9350,5.00,no
2026-10-05T05:29:28.929018Z,KXBTC15M-26OCT050130-30,0.9390,2.00,no
2026-10-05T05:29:28.929018Z,KXBTC15M-26OCT050130-30,0.9400,1500.00,no
2026-10-05T05:29:28.929018Z,KXBTC15M-26OCT050130-30,0.9660,10.00,no
2026-10-05T05:29:28.929018Z,KXBTC15M-26OCT050130-30,0.9390,200.00,no
2026-10-05T05:29:28.929018Z,KXBTC15M-26OCT050130-30,0.9400,3.00,no
2026-10-05T05:29:28.931168Z,KXBTC15M-26OCT050130-30,0.9590,50.00,no
2026-10-05T05:29:28.938163Z,KXBTC15M-26OCT050130-30,0.9200,0.02,no
2026-10-05T05:29:28.938215Z,KXBTC15M-26OCT050130-30,0.9190,51.00,no
2026-10-05T05:29:28.938215Z,KXBTC15M-26OCT050130-30,0.9200,99.98,no
2026-10-05T05:29:28.938215Z,KXBTC15M-26OCT050130-30,0.9200,200.00,no
2026-10-05T05:29:28.938814Z,KXBTC15M-26OCT050130-30,0.9170,350.00,no
2026-10-05T05:29:28.938814Z,KXBTC15M-26OCT050130-30,0.9130,260.78,no
2026-10-05T05:29:28.938814Z,KXBTC15M-26OCT050130-30,0.9160,21.20,no
2026-10-05T05:29:28.938814Z,KXBTC15M-26OCT050130-30,0.9170,376.00,no
2026-10-05T05:29:28.938814Z,KXBTC15M-26OCT050130-30,0.9200,7.00,no
2026-10-05T05:29:28.940096Z,KXBTC15M-26OCT050130-30,0.9100,1.09,no
2026-10-05T05:29:28.940096Z,KXBTC15M-26OCT050130-30,0.9130,7.00,no
2026-10-05T05:29:28.940096Z,KXBTC15M-26OCT050130-30,0.9180,6.00,no
2026-10-05T05:29:28.9512Z,KXBTC15M-26OCT050130-30,0.9000,1.11,no
2026-10-05T05:29:28.9512Z,KXBTC15M-26OCT050130-30,0.9030,41.79,no
2026-10-05T05:29:28.9512Z,KXBTC15M-26OCT050130-30,0.9010,7.00,no
2026-10-05T05:29:28.9512Z,KXBTC15M-26OCT050130-30,0.9000,0.10,no
2026-10-05T05:29:28.951529Z,KXBTC15M-26OCT050130-30,0.9060,1380.00,yes
2026-10-05T05:29:28.959937Z,KXBTC15M-26OCT050130-30,0.9030,150.00,yes
2026-10-05T05:29:28.959937Z,KXBTC15M-26OCT050130-30,0.9030,0.01,yes
2026-10-05T05:29:28.965886Z,KXBTC15M-26OCT050130-30,0.9030,0.01,yes
2026-10-05T05:29:28.965886Z,KXBTC15M-26OCT050130-30,0.9030,0.01,yes
2026-10-05T05:29:28.966344Z,KXBTC15M-26OCT050130-30,0.9050,6.00,yes
2026-10-05T05:29:28.979983Z,KXBTC15M-26OCT050130-30,0.9060,0.01,yes
2026-10-05T05:29:28.979983Z,KXBTC15M-26OCT050130-30,0.9060,0.01,yes
2026-10-05T05:29:28.979983Z,KXBTC15M-26OCT050130-30,0.9150,44.05,yes
2026-10-05T05:29:28.99688Z,KXBTC15M-26OCT050130-30,0.9140,5.21,no
2026-10-05T05:29:28.99897Z,KXBTC15M-26OCT050130-30,0.9140,28.20,no
2026-10-05T05:29:29.004197Z,KXBTC15M-26OCT050130-30,0.9140,0.01,no
2026-10-05T05:29:29.004197Z,KXBTC15M-26OCT050130-30,0.9140,0.98,no
2026-10-05T05:29:29.004197Z,KXBTC15M-26OCT050130-30,0.9140,0.01,no
2026-10-05T05:29:29.038863Z,KXBTC15M-26OCT050130-30,0.9100,7.00,no
2026-10-05T05:29:29.038863Z,KXBTC15M-26OCT050130-30,0.9140,0.01,no
2026-10-05T05:29:29.038863Z,KXBTC15M-26OCT050130-30,0.9060,142.98,no
2026-10-05T05:29:29.038863Z,KXBTC15M-26OCT050130-30,0.9140,0.01,no
2026-10-05T05:29:29.038863Z,KXBTC15M-26OCT050130-30,0.9110,56.00,no
2026-10-05T05:29:29.062461Z,KXBTC15M-26OCT050130-30,0.9150,0.01,yes
2026-10-05T05:29:29.062461Z,KXBTC15M-26OCT050130-30,0.9150,0.01,yes
2026-10-05T05:29:29.062461Z,KXBTC15M-26OCT050130-30,0.9150,9.58,yes
2026-10-05T05:29:29.062461Z,KXBTC15M-26OCT050130-30,0.9140,0.01,yes
2026-10-05T05:29:29.062461Z,KXBTC15M-26OCT050130-30,0.9140,0.01,yes
2026-10-05T05:29:29.074106Z,KXBTC15M-26OCT050130-30,0.9140,9.00,yes
2026-10-05T05:29:29.107434Z,KXBTC15M-26OCT050130-30,0.9110,0.01,no
2026-10-05T05:29:29.107434Z,KXBTC15M-26OCT050130-30,0.9110,7.00,no
2026-10-05T05:29:29.107434Z,KXBTC15M-26OCT050130-30,0.9120,0.01,no
2026-10-05T05:29:29.107434Z,KXBTC15M-26OCT050130-30,0.9120,0.01,no
2026-10-05T05:29:29.107434Z,KXBTC15M-26OCT050130-30,0.9110,0.01,no
2026-10-05T05:29:29.107434Z,KXBTC15M-26OCT050130-30,0.9100,186.19,no
2026-10-05T05:29:29.107434Z,KXBTC15M-26OCT050130-30,0.9100,50.00,no
2026-10-05T05:29:29.107474Z,KXBTC15M-26OCT050130-30,0.9130,5.00,yes
2026-10-05T05:29:29.116417Z,KXBTC15M-26OCT050130-30,0.9130,0.01,yes
2026-10-05T05:29:29.116417Z,KXBTC15M-26OCT050130-30,0.9160,3.90,yes
2026-10-05T05:29:29.116417Z,KXBTC15M-26OCT050130-30,0.9140,0.01,yes
2026-10-05T05:29:29.116417Z,KXBTC15M-26OCT050130-30,0.9140,0.01,yes
2026-10-05T05:29:29.127434Z,KXBTC15M-26OCT050130-30,0.9150,8.00,yes
2026-10-05T05:29:29.134723Z,KXBTC15M-26OCT050130-30,0.9130,49.12,no
2026-10-05T05:29:29.134723Z,KXBTC15M-26OCT050130-30,0.9130,150.00,no
2026-10-05T05:29:29.137682Z,KXBTC15M-26OCT050130-30,0.9150,8.19,yes
2026-10-05T05:29:29.168777Z,KXBTC15M-26OCT050130-30,0.9150,16.66,yes
2026-10-05T05:29:29.168777Z,KXBTC15M-26OCT050130-30,0.9150,0.01,yes
2026-10-05T05:29:29.168777Z,KXBTC15M-26OCT050130-30,0.9150,0.01,yes
2026-10-05T05:29:29.176177Z,KXBTC15M-26OCT050130-30,0.9160,150.00,no
2026-10-05T05:29:29.176177Z,KXBTC15M-26OCT050130-30,0.9150,64.54,no
2026-10-05T05:29:29.186708Z,KXBTC15M-26OCT050130-30,0.9170,64.32,no
2026-10-05T05:29:29.190706Z,KXBTC15M-26OCT050130-30,0.9170,19.66,no
2026-10-05T05:29:29.199211Z,KXBTC15M-26OCT050130-30,0.9170,73.42,no
2026-10-05T05:29:29.200437Z,KXBTC15M-26OCT050130-30,0.9170,8.25,no
2026-10-05T05:29:29.218129Z,KXBTC15M-26OCT050130-30,0.9180,1.00,yes
2026-10-05T05:29:29.218129Z,KXBTC15M-26OCT050130-30,0.9190,1.00,yes
2026-10-05T05:29:29.218129Z,KXBTC15M-26OCT050130-30,0.9180,0.01,yes
2026-10-05T05:29:29.235088Z,KXBTC15M-26OCT050130-30,0.9250,1.34,yes
2026-10-05T05:29:29.241141Z,KXBTC15M-26OCT050130-30,0.9250,10.23,yes
2026-10-05T05:29:29.268753Z,KXBTC15M-26OCT050130-30,0.9250,63.02,yes
2026-10-05T05:29:29.271051Z,KXBTC15M-26OCT050130-30,0.9240,12.00,no
2026-10-05T05:29:29.287614Z,KXBTC15M-26OCT050130-30,0.9240,6.39,no
2026-10-05T05:29:29.301159Z,KXBTC15M-26OCT050130-30,0.9240,1.89,no
2026-10-05T05:29:29.306486Z,KXBTC15M-26OCT050130-30,0.9250,49.22,yes
2026-10-05T05:29:29.306486Z,KXBTC15M-26OCT050130-30,0.9250,0.01,yes
2026-10-05T05:29:29.310317Z,KXBTC15M-26OCT050130-30,0.9240,603.04,no
2026-10-05T05:29:29.312004Z,KXBTC15M-26OCT050130-30,0.9260,32.99,yes
2026-10-05T05:29:29.312004Z,KXBTC15M-26OCT050130-30,0.9250,0.01,yes
2026-10-05T05:29:29.314317Z,KXBTC15M-26OCT050130-30,0.9260,25.54,yes
2026-10-05T05:29:29.318521Z,KXBTC15M-26OCT050130-30,0.9260,6.13,yes
2026-10-05T05:29:29.328052Z,KXBTC15M-26OCT050130-30,0.9250,38.66,no
2026-10-05T05:29:29.330445Z,KXBTC15M-26OCT050130-30,0.9260,45.91,yes
2026-10-05T05:29:29.335109Z,KXBTC15M-26OCT050130-30,0.9250,5.02,no
2026-10-05T05:29:29.352356Z,KXBTC15M-26OCT050130-30,0.9250,2.35,no
2026-10-05T05:29:29.353839Z,KXBTC15M-26OCT050130-30,0.9260,0.01,yes
2026-10-05T05:29:29.362315Z,KXBTC15M-26OCT050130-30,0.9410,59.00,yes
2026-10-05T05:29:29.362315Z,KXBTC15M-26OCT050130-30,0.9420,500.00,yes
2026-10-05T05:29:29.362315Z,KXBTC15M-26OCT050130-30,0.9260,389.42,yes
2026-10-05T05:29:29.362315Z,KXBTC15M-26OCT050130-30,0.9440,1047.00,yes
2026-10-05T05:29:29.362315Z,KXBTC15M-26OCT050130-30,0.9260,0.01,yes
2026-10-05T05:29:29.362315Z,KXBTC15M-26OCT050130-30,0.9260,0.01,yes
2026-10-05T05:29:29.362315Z,KXBTC15M-26OCT050130-30,0.9470,1047.00,yes
2026-10-05T05:29:29.362315Z,KXBTC15M-26OCT050130-30,0.9370,8.00,yes
2026-10-05T05:29:29.362315Z,KXBTC15M-26OCT050130-30,0.9390,444.00,yes
2026-10-05T05:29:29.362315Z,KXBTC15M-26OCT050130-30,0.9420,3141.00,yes
2026-10-05T05:29:29.367889Z,KXBTC15M-26OCT050130-30,0.9260,0.53,no
2026-10-05T05:29:29.371029Z,KXBTC15M-26OCT050130-30,0.9380,8.00,yes
2026-10-05T05:29:29.371029Z,KXBTC15M-26OCT050130-30,0.9370,0.01,yes
2026-10-05T05:29:29.371029Z,KXBTC15M-26OCT050130-30,0.9400,5.68,yes
2026-10-05T05:29:29.376433Z,KXBTC15M-26OCT050130-30,0.9360,72.00,no
2026-10-05T05:29:29.380787Z,KXBTC15M-26OCT050130-30,0.9400,12.00,no
2026-10-05T05:29:29.382336Z,KXBTC15M-26OCT050130-30,0.9400,20.79,no
2026-10-05T05:29:29.406223Z,KXBTC15M-26OCT050130-30,0.9480,1.00,yes
2026-10-05T05:29:29.406223Z,KXBTC15M-26OCT050130-30,0.9480,4.00,yes
2026-10-05T05:29:29.407233Z,KXBTC15M-26OCT050130-30,0.9470,62.76,no
2026-10-05T05:29:29.410353Z,KXBTC15M-26OCT050130-30,0.9480,5.10,yes
2026-10-05T05:29:29.41638Z,KXBTC15M-26OCT050130-30,0.9470,19.95,no
2026-10-05T05:29:29.420713Z,KXBTC15M-26OCT050130-30,0.9470,0.96,no
2026-10-05T05:29:29.423473Z,KXBTC15M-26OCT050130-30,0.9480,164.90,yes
2026-10-05T05:29:29.423473Z,KXBTC15M-26OCT050130-30,0.9480,0.64,yes
2026-10-05T05:29:29.431608Z,KXBTC15M-26OCT050130-30,0.9470,34.09,no
2026-10-05T05:29:29.455045Z,KXBTC15M-26OCT050130-30,0.9480,5.00,yes
2026-10-05T05:29:29.455338Z,KXBTC15M-26OCT050130-30,0.9470,16.21,no
2026-10-05T05:29:29.457031Z,KXBTC15M-26OCT050130-30,0.9470,170.31,no
2026-10-05T05:29:29.477504Z,KXBTC15M-26OCT050130-30,0.9470,1.80,no
2026-10-05T05:29:29.488775Z,KXBTC15M-26OCT050130-30,0.9480,1.01,yes
2026-10-05T05:29:29.504576Z,KXBTC15M-26OCT050130-30,0.9470,250.00,no
2026-10-05T05:29:29.51172Z,KXBTC15M-26OCT050130-30,0.9470,0.38,no
2026-10-05T05:29:29.52589Z,KXBTC15M-26OCT050130-30,0.9470,16.21,no
2026-10-05T05:29:29.547664Z,KXBTC15M-26OCT050130-30,0.9470,1524.09,no
2026-10-05T05:29:29.560707Z,KXBTC15M-26OCT050130-30,0.9470,11.32,no
2026-10-05T05:29:29.594877Z,KXBTC15M-26OCT050130-30,0.9470,55.79,no
2026-10-05T05:29:29.627536Z,KXBTC15M-26OCT050130-30,0.9470,225.00,no
2026-10-05T05:29:29.629272Z,KXBTC15M-26OCT050130-30,0.9470,80.37,no
2026-10-05T05:29:29.675546Z,KXBTC15M-26OCT050130-30,0.9470,10.00,no
2026-10-05T05:29:29.684841Z,KXBTC15M-26OCT050130-30,0.9480,800.00,yes
2026-10-05T05:29:29.684841Z,KXBTC15M-26OCT050130-30,0.9610,1225.98,yes
2026-10-05T05:29:29.684841Z,KXBTC15M-26OCT050130-30,0.9580,500.00,yes
2026-10-05T05:29:29.684841Z,KXBTC15M-26OCT050130-30,0.9560,55.00,yes
2026-10-05T05:29:29.684841Z,KXBTC15M-26OCT050130-30,0.9480,1.00,yes
2026-10-05T05:29:29.684841Z,KXBTC15M-26OCT050130-30,0.9570,9.00,yes
2026-10-05T05:29:29.684841Z,KXBTC15M-26OCT050130-30,0.9480,0.01,yes
2026-10-05T05:29:29.684841Z,KXBTC15M-26OCT050130-30,0.9480,0.01,yes
2026-10-05T05:29:29.684841Z,KXBTC15M-26OCT050130-30,0.9600,50.00,yes
2026-10-05T05:29:29.684841Z,KXBTC15M-26OCT050130-30,0.9500,50.00,yes
2026-10-05T05:29:29.684841Z,KXBTC15M-26OCT050130-30,0.9480,1.00,yes
2026-10-05T05:29:29.684841Z,KXBTC15M-26OCT050130-30,0.9480,500.00,yes
2026-10-05T05:29:29.684841Z,KXBTC15M-26OCT050130-30,0.9580,428.00,yes
2026-10-05T05:29:29.69726Z,KXBTC15M-26OCT050130-30,0.9560,150.00,no
2026-10-05T05:29:29.701424Z,KXBTC15M-26OCT050130-30,0.9600,13.00,yes
2026-10-05T05:29:29.711687Z,KXBTC15M-26OCT050130-30,0.9560,72.00,no
2026-10-05T05:29:29.72225Z,KXBTC15M-26OCT050130-30,0.9560,0.20,no
2026-10-05T05:29:29.733034Z,KXBTC15M-26OCT050130-30,0.9560,308.00,no
2026-10-05T05:29:29.758117Z,KXBTC15M-26OCT050130-30,0.9580,0.01,yes
2026-10-05T05:29:29.758117Z,KXBTC15M-26OCT050130-30,0.9580,0.01,yes
2026-10-05T05:29:29.758117Z,KXBTC15M-26OCT050130-30,0.9580,1.00,yes
2026-10-05T05:29:29.758117Z,KXBTC15M-26OCT050130-30,0.9590,0.03,yes
2026-10-05T05:29:29.766788Z,KXBTC15M-26OCT050130-30,0.9560,0.01,no
2026-10-05T05:29:29.766788Z,KXBTC15M-26OCT050130-30,0.9540,56.55,no
2026-10-05T05:29:29.766788Z,KXBTC15M-26OCT050130-30,0.9570,0.01,no
2026-10-05T05:29:29.766788Z,KXBTC15M-26OCT050130-30,0.9560,0.01,no
2026-10-05T05:29:29.766788Z,KXBTC15M-26OCT050130-30,0.9570,0.01,no
2026-10-05T05:29:29.766788Z,KXBTC15M-26OCT050130-30,0.9570,0.01,no
2026-10-05T05:29:29.768692Z,KXBTC15M-26OCT050130-30,0.9540,20.00,no
2026-10-05T05:29:29.772003Z,KXBTC15M-26OCT050130-30,0.9540,4.51,no
2026-10-05T05:29:29.776836Z,KXBTC15M-26OCT050130-30,0.9550,9.00,no
2026-10-05T05:29:29.792324Z,KXBTC15M-26OCT050130-30,0.9520,7.01,no
2026-10-05T05:29:29.792324Z,KXBTC15M-26OCT050130-30,0.9550,0.01,no
2026-10-05T05:29:29.792324Z,KXBTC15M-26OCT050130-30,0.9540,0.01,no
2026-10-05T05:29:29.792324Z,KXBTC15M-26OCT050130-30,0.9540,0.01,no
2026-10-05T05:29:29.792324Z,KXBTC15M-26OCT050130-30,0.9550,0.01,no
2026-10-05T05:29:29.804979Z,KXBTC15M-26OCT050130-30,0.9520,47.99,no
2026-10-05T05:29:29.804979Z,KXBTC15M-26OCT050130-30,0.9510,148.33,no
2026-10-05T05:29:29.804979Z,KXBTC15M-26OCT050130-30,0.9520,9.00,no
2026-10-05T05:29:29.804979Z,KXBTC15M-26OCT050130-30,0.9520,0.01,no
2026-10-05T05:29:29.804979Z,KXBTC15M-26OCT050130-30,0.9520,0.01,no
2026-10-05T05:29:29.820364Z,KXBTC15M-26OCT050130-30,0.9600,93.75,yes
2026-10-05T05:29:29.820364Z,KXBTC15M-26OCT050130-30,0.9560,500.00,yes
2026-10-05T05:29:29.820364Z,KXBTC15M-26OCT050130-30,0.9610,2490.72,yes
2026-10-05T05:29:29.820364Z,KXBTC15M-26OCT050130-30,0.9550,93.75,yes
2026-10-05T05:29:29.820364Z,KXBTC15M-26OCT050130-30,0.9600,15.00,yes
2026-10-05T05:29:29.820364Z,KXBTC15M-26OCT050130-30,0.9560,500.00,yes
2026-10-05T05:29:29.820364Z,KXBTC15M-26OCT050130-30,0.9570,800.00,yes
2026-10-05T05:29:29.820364Z,KXBTC15M-26OCT050130-30,0.9570,105.00,yes
2026-10-05T05:29:29.820364Z,KXBTC15M-26OCT050130-30,0.9570,0.01,yes
2026-10-05T05:29:29.820364Z,KXBTC15M-26OCT050130-30,0.9600,15.00,yes
2026-10-05T05:29:29.820364Z,KXBTC15M-26OCT050130-30,0.9560,102.00,yes
2026-10-05T05:29:29.820364Z,KXBTC15M-26OCT050130-30,0.9550,0.01,yes
2026-10-05T05:29:29.820364Z,KXBTC15M-26OCT050130-30,0.9550,0.01,yes
2026-10-05T05:29:29.820364Z,KXBTC15M-26OCT050130-30,0.9550,200.00,yes
2026-10-05T05:29:29.820364Z,KXBTC15M-26OCT050130-30,0.9600,93.75,yes
2026-10-05T05:29:29.820364Z,KXBTC15M-26OCT050130-30,0.9570,0.01,yes
2026-10-05T05:29:29.820364Z,KXBTC15M-26OCT050130-30,0.9590,219.97,yes
2026-10-05T05:29:29.820364Z,KXBTC15M-26OCT050130-30,0.9540,98.00,yes
2026-10-05T05:29:29.820364Z,KXBTC15M-26OCT050130-30,0.9560,10.00,yes
2026-10-05T05:29:29.820364Z,KXBTC15M-26OCT050130-30,0.9560,8.00,yes
2026-10-05T05:29:29.820364Z,KXBTC15M-26OCT050130-30,0.9600,64.00,yes
2026-10-05T05:29:29.823009Z,KXBTC15M-26OCT050130-30,0.9550,62.61,no
2026-10-05T05:29:29.83045Z,KXBTC15M-26OCT050130-30,0.9680,10.00,yes
2026-10-05T05:29:29.83045Z,KXBTC15M-26OCT050130-30,0.9690,836.48,yes
2026-10-05T05:29:29.83045Z,KXBTC15M-26OCT050130-30,0.9650,93.75,yes
2026-10-05T05:29:29.83045Z,KXBTC15M-26OCT050130-30,0.9650,15.00,yes
2026-10-05T05:29:29.83045Z,KXBTC15M-26OCT050130-30,0.9650,15.00,yes
2026-10-05T05:29:29.83045Z,KXBTC15M-26OCT050130-30,0.9640,30.00,yes
2026-10-05T05:29:29.83045Z,KXBTC15M-26OCT050130-30,0.9630,9.00,yes
2026-10-05T05:29:29.83045Z,KXBTC15M-26OCT050130-30,0.9640,20.00,yes
2026-10-05T05:29:29.834388Z,KXBTC15M-26OCT050130-30,0.9580,0.72,no
2026-10-05T05:29:29.834388Z,KXBTC15M-26OCT050130-30,0.9590,10.00,no
2026-10-05T05:29:29.834388Z,KXBTC15M-26OCT050130-30,0.9610,150.00,no
2026-10-05T05:29:29.834388Z,KXBTC15M-26OCT050130-30,0.9600,1047.00,no
2026-10-05T05:29:29.838395Z,KXBTC15M-26OCT050130-30,0.9650,150.02,no
2026-10-05T05:29:29.885983Z,KXBTC15M-26OCT050130-30,0.9660,16.05,no
2026-10-05T05:29:29.926985Z,KXBTC15M-26OCT050130-30,0.9660,39.99,no
2026-10-05T05:29:29.947046Z,KXBTC15M-26OCT050130-30,0.9660,0.01,no
2026-10-05T05:29:29.947046Z,KXBTC15M-26OCT050130-30,0.9650,29.83,no
2026-10-05T05:29:29.947046Z,KXBTC15M-26OCT050130-30,0.9660,0.01,no
2026-10-05T05:29:29.951706Z,KXBTC15M-26OCT050130-30,0.9660,36.53,yes
2026-10-05T05:29:29.955819Z,KXBTC15M-26OCT050130-30,0.9650,15.89,no
2026-10-05T05:29:29.986148Z,KXBTC15M-26OCT050130-30,0.9650,160.00,no
2026-10-05T05:29:29.988815Z,KXBTC15M-26OCT050130-30,0.9650,63.90,no
2026-10-05T05:29:30.005975Z,KXBTC15M-26OCT050130-30,0.9650,20.00,no
2026-10-05T05:29:30.01477Z,KXBTC15M-26OCT050130-30,0.9660,9.00,yes
2026-10-05T05:29:30.01477Z,KXBTC15M-26OCT050130-30,0.9660,0.01,yes
2026-10-05T05:29:30.01477Z,KXBTC15M-26OCT050130-30,0.9660,0.01,yes
2026-10-05T05:29:30.01477Z,KXBTC15M-26OCT050130-30,0.9660,174.98,yes
2026-10-05T05:29:30.01477Z,KXBTC15M-26OCT050130-30,0.9660,132.00,yes
2026-10-05T05:29:30.01477Z,KXBTC15M-26OCT050130-30,0.9660,1.00,yes
2026-10-05T05:29:30.01477Z,KXBTC15M-26OCT050130-30,0.9660,800.00,yes
2026-10-05T05:29:30.016934Z,KXBTC15M-26OCT050130-30,0.9660,132.00,yes
2026-10-05T05:29:30.016934Z,KXBTC15M-26OCT050130-30,0.9700,15.00,yes
2026-10-05T05:29:30.016934Z,KXBTC15M-26OCT050130-30,0.9710,480.83,yes
2026-10-05T05:29:30.016934Z,KXBTC15M-26OCT050130-30,0.9700,93.75,yes
2026-10-05T05:29:30.016934Z,KXBTC15M-26OCT050130-30,0.9700,93.75,yes
2026-10-05T05:29:30.016934Z,KXBTC15M-26OCT050130-30,0.9700,64.00,yes
2026-10-05T05:29:30.016934Z,KXBTC15M-26OCT050130-30,0.9660,325.02,yes
2026-10-05T05:29:30.016934Z,KXBTC15M-26OCT050130-30,0.9700,64.00,yes
2026-10-05T05:29:30.016934Z,KXBTC15M-26OCT050130-30,0.9680,86.00,yes
2026-10-05T05:29:30.016934Z,KXBTC15M-26OCT050130-30,0.9670,0.01,yes
2026-10-05T05:29:30.016934Z,KXBTC15M-26OCT050130-30,0.9670,0.01,yes
2026-10-05T05:29:30.016934Z,KXBTC15M-26OCT050130-30,0.9700,15.00,yes
2026-10-05T05:29:30.016934Z,KXBTC15M-26OCT050130-30,0.9660,500.00,yes
2026-10-05T05:29:30.016934Z,KXBTC15M-26OCT050130-30,0.9670,1.00,yes
2026-10-05T05:29:30.016934Z,KXBTC15M-26OCT050130-30,0.9700,50.00,yes
2026-10-05T05:29:30.017711Z,KXBTC15M-26OCT050130-30,0.9710,449.17,yes
2026-10-05T05:29:30.018384Z,KXBTC15M-26OCT050130-30,0.9750,10.00,yes
2026-10-05T05:29:30.02264Z,KXBTC15M-26OCT050130-30,0.9800,23.06,yes
2026-10-05T05:29:30.02264Z,KXBTC15M-26OCT050130-30,0.9800,54.24,yes
2026-10-05T05:29:30.02264Z,KXBTC15M-26OCT050130-30,0.9690,9.00,yes
2026-10-05T05:29:30.02264Z,KXBTC15M-26OCT050130-30,0.9780,1.00,yes
2026-10-05T05:29:30.02264Z,KXBTC15M-26OCT050130-30,0.9800,319.58,yes
2026-10-05T05:29:30.02264Z,KXBTC15M-26OCT050130-30,0.9800,41.00,yes
2026-10-05T05:29:30.02264Z,KXBTC15M-26OCT050130-30,0.9800,14.28,yes
2026-10-05T05:29:30.02264Z,KXBTC15M-26OCT050130-30,0.9800,10.47,yes
2026-10-05T05:29:30.02264Z,KXBTC15M-26OCT050130-30,0.9800,88.91,yes
2026-10-05T05:29:30.02264Z,KXBTC15M-26OCT050130-30,0.9800,10.93,yes
2026-10-05T05:29:30.02264Z,KXBTC15M-26OCT050130-30,0.9800,0.02,yes
2026-10-05T05:29:30.02264Z,KXBTC15M-26OCT050130-30,0.9800,2.00,yes
2026-10-05T05:29:30.02264Z,KXBTC15M-26OCT050130-30,0.9800,200.00,yes
2026-10-05T05:29:30.023693Z,KXBTC15M-26OCT050130-30,0.9800,9.00,yes
2026-10-05T05:29:30.023693Z,KXBTC15M-26OCT050130-30,0.9810,150.00,yes
2026-10-05T05:29:30.023693Z,KXBTC15M-26OCT050130-30,0.9840,602.62,yes
2026-10-05T05:29:30.023693Z,KXBTC15M-26OCT050130-30,0.9830,150.00,yes
2026-10-05T05:29:30.023693Z,KXBTC15M-26OCT050130-30,0.9840,988.00,yes
2026-10-05T05:29:30.023693Z,KXBTC15M-26OCT050130-30,0.9820,150.00,yes
2026-10-05T05:29:30.023693Z,KXBTC15M-26OCT050130-30,0.9830,1.00,yes
2026-10-05T05:29:30.023693Z,KXBTC15M-26OCT050130-30,0.9820,1.00,yes
2026-10-05T05:29:30.023693Z,KXBTC15M-26OCT050130-30,0.9810,1.00,yes
2026-10-05T05:29:30.023815Z,KXBTC15M-26OCT050130-30,0.9840,384.00,yes
2026-10-05T05:29:30.023815Z,KXBTC15M-26OCT050130-30,0.9840,150.00,yes
2026-10-05T05:29:30.023815Z,KXBTC15M-26OCT050130-30,0.9840,57.38,yes
2026-10-05T05:29:30.023815Z,KXBTC15M-26OCT050130-30,0.9840,1.00,yes
2026-10-05T05:29:30.023815Z,KXBTC15M-26OCT050130-30,0.9840,384.00,yes
2026-10-05T05:29:30.023815Z,KXBTC15M-26OCT050130-30,0.9840,13.62,yes
2026-10-05T05:29:30.024507Z,KXBTC15M-26OCT050130-30,0.9800,15.00,yes
2026-10-05T05:29:30.024507Z,KXBTC15M-26OCT050130-30,0.9840,370.38,yes
2026-10-05T05:29:30.024507Z,KXBTC15M-26OCT050130-30,0.9840,337.06,yes
2026-10-05T05:29:30.024629Z,KXBTC15M-26OCT050130-30,0.9840,200.00,yes
2026-10-05T05:29:30.024629Z,KXBTC15M-26OCT050130-30,0.9850,1.00,yes
2026-10-05T05:29:30.024629Z,KXBTC15M-26OCT050130-30,0.9850,20.94,yes
2026-10-05T05:29:30.024629Z,KXBTC15M-26OCT050130-30,0.9840,46.94,yes
2026-10-05T05:29:30.027553Z,KXBTC15M-26OCT050130-30,0.9790,0.02,yes
2026-10-05T05:29:30.02799Z,KXBTC15M-26OCT050130-30,0.9790,0.02,yes
2026-10-05T05:29:30.02929Z,KXBTC15M-26OCT050130-30,0.9790,8.96,yes
2026-10-05T05:29:30.02929Z,KXBTC15M-26OCT050130-30,0.9800,64.00,yes
2026-10-05T05:29:30.02929Z,KXBTC15M-26OCT050130-30,0.9800,27.04,yes
2026-10-05T05:29:30.029481Z,KXBTC15M-26OCT050130-30,0.9800,0.02,yes
2026-10-05T05:29:30.032664Z,KXBTC15M-26OCT050130-30,0.9770,14.89,no
2026-10-05T05:29:30.032664Z,KXBTC15M-26OCT050130-30,0.9780,1.00,no
2026-10-05T05:29:30.034537Z,KXBTC15M-26OCT050130-30,0.9780,31.03,yes
2026-10-05T05:29:30.046924Z,KXBTC15M-26OCT050130-30,0.9840,3.27,no
2026-10-05T05:29:30.066286Z,KXBTC15M-26OCT050130-30,0.9840,40.09,no
2026-10-05T05:29:30.070463Z,KXBTC15M-26OCT050130-30,0.9840,40.09,no
2026-10-05T05:29:30.071865Z,KXBTC15M-26OCT050130-30,0.9840,8.00,no
2026-10-05T05:29:30.080823Z,KXBTC15M-26OCT050130-30,0.9840,150.00,no
2026-10-05T05:29:30.080823Z,KXBTC15M-26OCT050130-30,0.9840,0.01,no
2026-10-05T05:29:30.080823Z,KXBTC15M-26OCT050130-30,0.9830,384.00,no
2026-10-05T05:29:30.080823Z,KXBTC15M-26OCT050130-30,0.9840,58.55,no
2026-10-05T05:29:30.087933Z,KXBTC15M-26OCT050130-30,0.9840,0.01,no
2026-10-05T05:29:30.095715Z,KXBTC15M-26OCT050130-30,0.9820,60.97,no
2026-10-05T05:29:30.101995Z,KXBTC15M-26OCT050130-30,0.9820,15.58,no
2026-10-05T05:29:30.114275Z,KXBTC15M-26OCT050130-30,0.9820,689.00,no
2026-10-05T05:29:30.114454Z,KXBTC15M-26OCT050130-30,0.9820,18.95,no
2026-10-05T05:29:30.126649Z,KXBTC15M-26OCT050130-30,0.9820,25.00,no
2026-10-05T05:29:30.130506Z,KXBTC15M-26OCT050130-30,0.9830,1.00,no
2026-10-05T05:29:30.135614Z,KXBTC15M-26OCT050130-30,0.9820,0.01,no
2026-10-05T05:29:30.135614Z,KXBTC15M-26OCT050130-30,0.9820,0.01,no
2026-10-05T05:29:30.135614Z,KXBTC15M-26OCT050130-30,0.9820,237.50,no
2026-10-05T05:29:30.135614Z,KXBTC15M-26OCT050130-30,0.9830,0.05,no
2026-10-05T05:29:30.135614Z,KXBTC15M-26OCT050130-30,0.9810,164.40,no
2026-10-05T05:29:30.135614Z,KXBTC15M-26OCT050130-30,0.9830,1.00,no
2026-10-05T05:29:30.153109Z,KXBTC15M-26OCT050130-30,0.9840,976.55,no
2026-10-05T05:29:30.154016Z,KXBTC15M-26OCT050130-30,0.9840,18.00,no
2026-10-05T05:29:30.171073Z,KXBTC15M-26OCT050130-30,0.9840,93.96,no
2026-10-05T05:29:30.192716Z,KXBTC15M-26OCT050130-30,0.9840,2.00,no
2026-10-05T05:29:30.211892Z,KXBTC15M-26OCT050130-30,0.9840,83.16,no
2026-10-05T05:29:30.219471Z,KXBTC15M-26OCT050130-30,0.9840,10.65,no
2026-10-05T05:29:30.23838Z,KXBTC15M-26OCT050130-30,0.9850,1.00,yes
2026-10-05T05:29:30.273941Z,KXBTC15M-26OCT050130-30,0.9850,66.98,yes
2026-10-05T05:29:30.278548Z,KXBTC15M-26OCT050130-30,0.9850,66.98,yes
2026-10-05T05:29:30.284227Z,KXBTC15M-26OCT050130-30,0.9850,29.28,yes
2026-10-05T05:29:30.290538Z,KXBTC15M-26OCT050130-30,0.9850,30.00,yes
2026-10-05T05:29:30.313619Z,KXBTC15M-26OCT050130-30,0.9840,1.00,no
2026-10-05T05:29:30.313619Z,KXBTC15M-26OCT050130-30,0.9840,1.05,no
2026-10-05T05:29:30.313619Z,KXBTC15M-26OCT050130-30,0.9840,0.01,no
2026-10-05T05:29:30.313619Z,KXBTC15M-26OCT050130-30,0.9840,40.25,no
2026-10-05T05:29:30.313619Z,KXBTC15M-26OCT050130-30,0.9840,1956.68,no
2026-10-05T05:29:30.313619Z,KXBTC15M-26OCT050130-30,0.9840,0.01,no
2026-10-05T05:29:30.313619Z,KXBTC15M-26OCT050130-30,0.9840,1.00,no
2026-10-05T05:29:30.327385Z,KXBTC15M-26OCT050130-30,0.9850,70.07,yes
2026-10-05T05:29:30.327385Z,KXBTC15M-26OCT050130-30,0.9850,168.82,yes
2026-10-05T05:29:30.334211Z,KXBTC15M-26OCT050130-30,0.9840,1077.88,no
2026-10-05T05:29:30.334211Z,KXBTC15M-26OCT050130-30,0.9840,66.98,no
2026-10-05T05:29:30.334211Z,KXBTC15M-26OCT050130-30,0.9840,26.73,no
2026-10-05T05:29:30.37698Z,KXBTC15M-26OCT050130-30,0.9840,137.74,no
2026-10-05T05:29:30.383982Z,KXBTC15M-26OCT050130-30,0.9850,23.54,yes
2026-10-05T05:29:30.406124Z,KXBTC15M-26OCT050130-30,0.9840,259.91,no
2026-10-05T05:29:30.406362Z,KXBTC15M-26OCT050130-30,0.9840,675.98,no
2026-10-05T05:29:30.415133Z,KXBTC15M-26OCT050130-30,0.9840,2.75,no
2026-10-05T05:29:30.429473Z,KXBTC15M-26OCT050130-30,0.9850,56.39,yes
2026-10-05T05:29:30.429473Z,KXBTC15M-26OCT050130-30,0.9850,1.00,yes
2026-10-05T05:29:30.429473Z,KXBTC15M-26OCT050130-30,0.9850,17.61,yes
2026-10-05T05:29:30.429553Z,KXBTC15M-26OCT050130-30,0.9850,99.00,yes
2026-10-05T05:29:30.429569Z,KXBTC15M-26OCT050130-30,0.9850,99.00,yes
2026-10-05T05:29:30.429688Z,KXBTC15M-26OCT050130-30,0.9850,152.00,yes
2026-10-05T05:29:30.433601Z,KXBTC15M-26OCT050130-30,0.9840,85.90,no
2026-10-05T05:29:30.455348Z,KXBTC15M-26OCT050130-30,0.9840,0.01,no
2026-10-05T05:29:30.455348Z,KXBTC15M-26OCT050130-30,0.9830,150.00,no
2026-10-05T05:29:30.455348Z,KXBTC15M-26OCT050130-30,0.9840,900.84,no
2026-10-05T05:29:30.455348Z,KXBTC15M-26OCT050130-30,0.9840,1.04,no
2026-10-05T05:29:30.455348Z,KXBTC15M-26OCT050130-30,0.9840,23.54,no
2026-10-05T05:29:30.455348Z,KXBTC15M-26OCT050130-30,0.9820,12.00,no
2026-10-05T05:29:30.455348Z,KXBTC15M-26OCT050130-30,0.9820,150.00,no
2026-10-05T05:29:30.455348Z,KXBTC15M-26OCT050130-30,0.9840,17.61,no
2026-10-05T05:29:30.455348Z,KXBTC15M-26OCT050130-30,0.9810,341.86,no
2026-10-05T05:29:30.455348Z,KXBTC15M-26OCT050130-30,0.9840,30.00,no
2026-10-05T05:29:30.455348Z,KXBTC15M-26OCT050130-30,0.9840,168.82,no
2026-10-05T05:29:30.455348Z,KXBTC15M-26OCT050130-30,0.9840,29.28,no
2026-10-05T05:29:30.455348Z,KXBTC15M-26OCT050130-30,0.9840,0.01,no
2026-10-05T05:29:30.455348Z,KXBTC15M-26OCT050130-30,0.9840,70.07,no
2026-10-05T05:29:30.455348Z,KXBTC15M-26OCT050130-30,0.9840,170.00,no
2026-10-05T05:29:30.455348Z,KXBTC15M-26OCT050130-30,0.9840,500.00,no
2026-10-05T05:29:30.457426Z,KXBTC15M-26OCT050130-30,0.9810,137.74,no
2026-10-05T05:29:30.469361Z,KXBTC15M-26OCT050130-30,0.9830,1.02,yes
2026-10-05T05:29:30.471251Z,KXBTC15M-26OCT050130-30,0.9840,0.43,yes
2026-10-05T05:29:30.471251Z,KXBTC15M-26OCT050130-30,0.9830,0.98,yes
2026-10-05T05:29:30.474749Z,KXBTC15M-26OCT050130-30,0.9820,150.00,no
2026-10-05T05:29:30.474749Z,KXBTC15M-26OCT050130-30,0.9820,109.91,no
2026-10-05T05:29:30.482754Z,KXBTC15M-26OCT050130-30,0.9810,125.73,no
2026-10-05T05:29:30.482754Z,KXBTC15M-26OCT050130-30,0.9820,0.01,no
2026-10-05T05:29:30.482754Z,KXBTC15M-26OCT050130-30,0.9820,12.00,no
2026-10-05T05:29:30.498928Z,KXBTC15M-26OCT050130-30,0.9830,0.01,yes
2026-10-05T05:29:30.498928Z,KXBTC15M-26OCT050130-30,0.9840,2.00,yes
2026-10-05T05:29:30.498928Z,KXBTC15M-26OCT050130-30,0.9820,0.01,yes
2026-10-05T05:29:30.498928Z,KXBTC15M-26OCT050130-30,0.9830,2.00,yes
2026-10-05T05:29:30.498928Z,KXBTC15M-26OCT050130-30,0.9840,0.01,yes
2026-10-05T05:29:30.498928Z,KXBTC15M-26OCT050130-30,0.9820,2.00,yes
2026-10-05T05:29:30.498928Z,KXBTC15M-26OCT050130-30,0.9820,0.01,yes
2026-10-05T05:29:30.498928Z,KXBTC15M-26OCT050130-30,0.9850,16.39,yes
2026-10-05T05:29:30.498928Z,KXBTC15M-26OCT050130-30,0.9850,277.19,yes
2026-10-05T05:29:30.508165Z,KXBTC15M-26OCT050130-30,0.9850,0.02,yes
2026-10-05T05:29:30.511769Z,KXBTC15M-26OCT050130-30,0.9840,2.00,yes
2026-10-05T05:29:30.511769Z,KXBTC15M-26OCT050130-30,0.9850,16.40,yes
2026-10-05T05:29:30.517373Z,KXBTC15M-26OCT050130-30,0.9820,0.07,no
2026-10-05T05:29:30.523129Z,KXBTC15M-26OCT050130-30,0.9840,0.01,yes
2026-10-05T05:29:30.523129Z,KXBTC15M-26OCT050130-30,0.9840,2.00,yes
2026-10-05T05:29:30.523129Z,KXBTC15M-26OCT050130-30,0.9840,0.01,yes
2026-10-05T05:29:30.523129Z,KXBTC15M-26OCT050130-30,0.9830,2.00,yes
2026-10-05T05:29:30.523129Z,KXBTC15M-26OCT050130-30,0.9840,11.00,yes
2026-10-05T05:29:30.523129Z,KXBTC15M-26OCT050130-30,0.9830,0.01,yes
2026-10-05T05:29:30.523129Z,KXBTC15M-26OCT050130-30,0.9840,2.00,yes
2026-10-05T05:29:30.523129Z,KXBTC15M-26OCT050130-30,0.9850,90.39,yes
2026-10-05T05:29:30.523129Z,KXBTC15M-26OCT050130-30,0.9850,325.08,yes
2026-10-05T05:29:30.523129Z,KXBTC15M-26OCT050130-30,0.9850,5.00,yes
2026-10-05T05:29:30.530171Z,KXBTC15M-26OCT050130-30,0.9850,25.00,yes
2026-10-05T05:29:30.530171Z,KXBTC15M-26OCT050130-30,0.9850,0.01,yes
2026-10-05T05:29:30.530171Z,KXBTC15M-26OCT050130-30,0.9850,11.00,yes
2026-10-05T05:29:30.530171Z,KXBTC15M-26OCT050130-30,0.9850,0.01,yes
2026-10-05T05:29:30.530171Z,KXBTC15M-26OCT050130-30,0.9860,136.01,yes
2026-10-05T05:29:30.530171Z,KXBTC15M-26OCT050130-30,0.9850,58.92,yes
2026-10-05T05:29:30.539129Z,KXBTC15M-26OCT050130-30,0.9860,156.00,yes
2026-10-05T05:29:30.547671Z,KXBTC15M-26OCT050130-30,0.9850,0.58,no
2026-10-05T05:29:30.551184Z,KXBTC15M-26OCT050130-30,0.9860,0.70,yes
2026-10-05T05:29:30.565913Z,KXBTC15M-26OCT050130-30,0.9850,15.00,no
2026-10-05T05:29:30.565913Z,KXBTC15M-26OCT050130-30,0.9850,93.75,no
2026-10-05T05:29:30.565913Z,KXBTC15M-26OCT050130-30,0.9850,0.01,no
2026-10-05T05:29:30.565913Z,KXBTC15M-26OCT050130-30,0.9850,149.42,no
2026-10-05T05:29:30.565913Z,KXBTC15M-26OCT050130-30,0.9850,64.00,no
2026-10-05T05:29:30.565913Z,KXBTC15M-26OCT050130-30,0.9850,342.18,no
2026-10-05T05:29:30.565913Z,KXBTC15M-26OCT050130-30,0.9850,93.75,no
2026-10-05T05:29:30.566416Z,KXBTC15M-26OCT050130-30,0.9860,9.00,yes
2026-10-05T05:29:30.576272Z,KXBTC15M-26OCT050130-30,0.9850,12.69,no
2026-10-05T05:29:30.586171Z,KXBTC15M-26OCT050130-30,0.9860,25.29,yes
2026-10-05T05:29:30.586171Z,KXBTC15M-26OCT050130-30,0.9860,24.68,yes
2026-10-05T05:29:30.605183Z,KXBTC15M-26OCT050130-30,0.9860,5.94,yes
2026-10-05T05:29:30.607145Z,KXBTC15M-26OCT050130-30,0.9850,145.13,no
2026-10-05T05:29:30.607145Z,KXBTC15M-26OCT050130-30,0.9850,50.77,no
2026-10-05T05:29:30.607145Z,KXBTC15M-26OCT050130-30,0.9850,0.01,no
2026-10-05T05:29:30.607145Z,KXBTC15M-26OCT050130-30,0.9850,64.00,no
2026-10-05T05:29:30.62204Z,KXBTC15M-26OCT050130-30,0.9850,15.00,no
2026-10-05T05:29:30.62204Z,KXBTC15M-26OCT050130-30,0.9850,44.99,no
2026-10-05T05:29:30.62204Z,KXBTC15M-26OCT050130-30,0.9850,42.98,no
2026-10-05T05:29:30.664512Z,KXBTC15M-26OCT050130-30,0.9850,17.31,no
2026-10-05T05:29:30.664512Z,KXBTC15M-26OCT050130-30,0.9850,48.76,no
2026-10-05T05:29:30.673375Z,KXBTC15M-26OCT050130-30,0.9850,1.04,no
2026-10-05T05:29:30.673375Z,KXBTC15M-26OCT050130-30,0.9850,19.00,no
2026-10-05T05:29:30.673375Z,KXBTC15M-26OCT050130-30,0.9850,0.01,no
2026-10-05T05:29:30.673375Z,KXBTC15M-26OCT050130-30,0.9850,1.00,no
2026-10-05T05:29:30.735246Z,KXBTC15M-26OCT050130-30,0.9850,2.72,no
2026-10-05T05:29:30.756369Z,KXBTC15M-26OCT050130-30,0.9850,163.28,no
2026-10-05T05:29:30.756369Z,KXBTC15M-26OCT050130-30,0.9850,0.01,no
2026-10-05T05:29:30.756369Z,KXBTC15M-26OCT050130-30,0.9850,111.36,no
2026-10-05T05:29:30.756369Z,KXBTC15M-26OCT050130-30,0.9850,24.68,no
2026-10-05T05:29:30.756796Z,KXBTC15M-26OCT050130-30,0.9850,1.83,no
2026-10-05T05:29:30.756796Z,KXBTC15M-26OCT050130-30,0.9850,56.64,no
2026-10-05T05:29:30.760014Z,KXBTC15M-26OCT050130-30,0.9860,4.05,yes
2026-10-05T05:29:30.811111Z,KXBTC15M-26OCT050130-30,0.9850,13.44,no
2026-10-05T05:29:30.844406Z,KXBTC15M-26OCT050130-30,0.9860,0.80,yes
2026-10-05T05:29:30.854015Z,KXBTC15M-26OCT050130-30,0.9850,58.47,no
2026-10-05T05:29:30.859314Z,KXBTC15M-26OCT050130-30,0.9860,55.00,yes
2026-10-05T05:29:30.862456Z,KXBTC15M-26OCT050130-30,0.9850,11.03,no
2026-10-05T05:29:30.862456Z,KXBTC15M-26OCT050130-30,0.9850,15.00,no
2026-10-05T05:29:30.862456Z,KXBTC15M-26OCT050130-30,0.9850,5.94,no
2026-10-05T05:29:30.862456Z,KXBTC15M-26OCT050130-30,0.9850,20.01,no
2026-10-05T05:29:30.865813Z,KXBTC15M-26OCT050130-30,0.9860,40.00,yes
2026-10-05T05:29:30.876845Z,KXBTC15M-26OCT050130-30,0.9860,20.00,yes
2026-10-05T05:29:30.877965Z,KXBTC15M-26OCT050130-30,0.9850,22.87,no
2026-10-05T05:29:30.893772Z,KXBTC15M-26OCT050130-30,0.9850,19.00,no
2026-10-05T05:29:30.893772Z,KXBTC15M-26OCT050130-30,0.9850,0.01,no
2026-10-05T05:29:30.893772Z,KXBTC15M-26OCT050130-30,0.9850,59.85,no
2026-10-05T05:29:30.893772Z,KXBTC15M-26OCT050130-30,0.9850,213.50,no
2026-10-05T05:29:30.898363Z,KXBTC15M-26OCT050130-30,0.9850,62.00,no
2026-10-05T05:29:30.902856Z,KXBTC15M-26OCT050130-30,0.9860,40.74,yes
2026-10-05T05:29:30.909738Z,KXBTC15M-26OCT050130-30,0.9850,116.94,no
2026-10-05T05:29:30.922378Z,KXBTC15M-26OCT050130-30,0.9850,41.89,no
2026-10-05T05:29:30.932994Z,KXBTC15M-26OCT050130-30,0.9860,192.79,yes
2026-10-05T05:29:30.932994Z,KXBTC15M-26OCT050130-30,0.9860,1.00,yes
2026-10-05T05:29:30.932994Z,KXBTC15M-26OCT050130-30,0.9860,313.30,yes
2026-10-05T05:29:30.946882Z,KXBTC15M-26OCT050130-30,0.9860,70.70,yes
2026-10-05T05:29:30.946882Z,KXBTC15M-26OCT050130-30,0.9860,30.62,yes
2026-10-05T05:29:30.948435Z,KXBTC15M-26OCT050130-30,0.9860,10.00,yes
2026-10-05T05:29:30.955475Z,KXBTC15M-26OCT050130-30,0.9860,0.01,yes
2026-10-05T05:29:30.955475Z,KXBTC15M-26OCT050130-30,0.9860,0.01,yes
2026-10-05T05:29:30.955475Z,KXBTC15M-26OCT050130-30,0.9860,350.38,yes
2026-10-05T05:29:30.955475Z,KXBTC15M-26OCT050130-30,0.9870,11.00,yes
2026-10-05T05:29:30.955475Z,KXBTC15M-26OCT050130-30,0.9880,285.76,yes
2026-10-05T05:29:30.955475Z,KXBTC15M-26OCT050130-30,0.9870,256.00,yes
2026-10-05T05:29:30.955475Z,KXBTC15M-26OCT050130-30,0.9870,1.00,yes
2026-10-05T05:29:30.955475Z,KXBTC15M-26OCT050130-30,0.9870,256.00,yes
2026-10-05T05:29:30.955475Z,KXBTC15M-26OCT050130-30,0.9860,343.38,yes
2026-10-05T05:29:30.955475Z,KXBTC15M-26OCT050130-30,0.9870,256.00,yes
2026-10-05T05:29:30.955475Z,KXBTC15M-26OCT050130-30,0.9870,256.00,yes
2026-10-05T05:29:30.955475Z,KXBTC15M-26OCT050130-30,0.9860,384.00,yes
2026-10-05T05:29:30.960709Z,KXBTC15M-26OCT050130-30,0.9850,65.67,no
2026-10-05T05:29:30.960709Z,KXBTC15M-26OCT050130-30,0.9850,2.72,no
2026-10-05T05:29:30.960709Z,KXBTC15M-26OCT050130-30,0.9850,1.00,no
2026-10-05T05:29:30.960709Z,KXBTC15M-26OCT050130-30,0.9850,15.00,no
2026-10-05T05:29:30.960709Z,KXBTC15M-26OCT050130-30,0.9850,19.48,no
2026-10-05T05:29:30.966793Z,KXBTC15M-26OCT050130-30,0.9850,73.23,no
2026-10-05T05:29:30.975726Z,KXBTC15M-26OCT050130-30,0.9850,70.57,no
2026-10-05T05:29:30.975726Z,KXBTC15M-26OCT050130-30,0.9850,0.01,no
2026-10-05T05:29:30.975726Z,KXBTC15M-26OCT050130-30,0.9850,42.17,no
2026-10-05T05:29:30.977349Z,KXBTC15M-26OCT050130-30,0.9860,0.01,yes
2026-10-05T05:29:30.977349Z,KXBTC15M-26OCT050130-30,0.9860,45.87,yes
2026-10-05T05:29:30.983573Z,KXBTC15M-26OCT050130-30,0.9860,40.00,yes
2026-10-05T05:29:30.983982Z,KXBTC15M-26OCT050130-30,0.9850,21.83,no
2026-10-05T05:29:30.983982Z,KXBTC15M-26OCT050130-30,0.9850,5.71,no
2026-10-05T05:29:30.985134Z,KXBTC15M-26OCT050130-30,0.9850,50.00,no
2026-10-05T05:29:30.995108Z,KXBTC15M-26OCT050130-30,0.9850,8.29,no
2026-10-05T05:29:30.995108Z,KXBTC15M-26OCT050130-30,0.9850,18.84,no
2026-10-05T05:29:30.995108Z,KXBTC15M-26OCT050130-30,0.9850,4.05,no
2026-10-05T05:29:30.996878Z,KXBTC15M-26OCT050130-30,0.9860,39.00,yes
2026-10-05T05:29:31.000117Z,KXBTC15M-26OCT050130-30,0.9860,20.00,yes
2026-10-05T05:29:31.004446Z,KXBTC15M-26OCT050130-30,0.9850,39.00,no
2026-10-05T05:29:31.019439Z,KXBTC15M-26OCT050130-30,0.9850,3.90,no
2026-10-05T05:29:31.025287Z,KXBTC15M-26OCT050130-30,0.9860,0.01,yes
2026-10-05T05:29:31.025287Z,KXBTC15M-26OCT050130-30,0.9860,0.01,yes
2026-10-05T05:29:31.0316Z,KXBTC15M-26OCT050130-30,0.9860,0.88,no
2026-10-05T05:29:31.035146Z,KXBTC15M-26OCT050130-30,0.9860,11.15,no
2026-10-05T05:29:31.040672Z,KXBTC15M-26OCT050130-30,0.9860,58.47,no
2026-10-05T05:29:31.043585Z,KXBTC15M-26OCT050130-30,0.9870,0.01,yes
2026-10-05T05:29:31.043585Z,KXBTC15M-26OCT050130-30,0.9870,9.98,yes
2026-10-05T05:29:31.043585Z,KXBTC15M-26OCT050130-30,0.9870,0.01,yes
2026-10-05T05:29:31.045682Z,KXBTC15M-26OCT050130-30,0.9870,1.02,yes
2026-10-05T05:29:31.045682Z,KXBTC15M-26OCT050130-30,0.9880,54.29,yes
2026-10-05T05:29:31.047136Z,KXBTC15M-26OCT050130-30,0.9880,9.00,yes
2026-10-05T05:29:31.047509Z,KXBTC15M-26OCT050130-30,0.9880,1000.00,yes
2026-10-05T05:29:31.050248Z,KXBTC15M-26OCT050130-30,0.9880,1.02,yes
2026-10-05T05:29:31.050451Z,KXBTC15M-26OCT050130-30,0.9880,54.29,yes
2026-10-05T05:29:31.053118Z,KXBTC15M-26OCT050130-30,0.9870,150.00,no
2026-10-05T05:29:31.053118Z,KXBTC15M-26OCT050130-30,0.9870,161.83,no
2026-10-05T05:29:31.053847Z,KXBTC15M-26OCT050130-30,0.9870,9.31,no
2026-10-05T05:29:31.056428Z,KXBTC15M-26OCT050130-30,0.9860,0.01,no
2026-10-05T05:29:31.056428Z,KXBTC15M-26OCT050130-30,0.9870,0.01,no
2026-10-05T05:29:31.056428Z,KXBTC15M-26OCT050130-30,0.9860,194.77,no
2026-10-05T05:29:31.056428Z,KXBTC15M-26OCT050130-30,0.9870,0.01,no
2026-10-05T05:29:31.056428Z,KXBTC15M-26OCT050130-30,0.9860,0.01,no
2026-10-05T05:29:31.056428Z,KXBTC15M-26OCT050130-30,0.9860,13.00,no
2026-10-05T05:29:31.056428Z,KXBTC15M-26OCT050130-30,0.9870,104.02,no
2026-10-05T05:29:31.057079Z,KXBTC15M-26OCT050130-30,0.9880,2.01,yes
2026-10-05T05:29:31.05728Z,KXBTC15M-26OCT050130-30,0.9880,51.63,yes
2026-10-05T05:29:31.060439Z,KXBTC15M-26OCT050130-30,0.9880,1.02,yes
2026-10-05T05:29:31.062809Z,KXBTC15M-26OCT050130-30,0.9880,51.63,yes
2026-10-05T05:29:31.06492Z,KXBTC15M-26OCT050130-30,0.9880,1.02,yes
2026-10-05T05:29:31.069356Z,KXBTC15M-26OCT050130-30,0.9880,36.73,yes
2026-10-05T05:29:31.069407Z,KXBTC15M-26OCT050130-30,0.9880,10.62,yes
2026-10-05T05:29:31.075246Z,KXBTC15M-26OCT050130-30,0.9870,1.12,no
2026-10-05T05:29:31.075682Z,KXBTC15M-26OCT050130-30,0.9880,40.00,yes
2026-10-05T05:29:31.077521Z,KXBTC15M-26OCT050130-30,0.9870,66.00,no
2026-10-05T05:29:31.082081Z,KXBTC15M-26OCT050130-30,0.9880,11.99,yes
2026-10-05T05:29:31.089528Z,KXBTC15M-26OCT050130-30,0.9870,117.88,no
2026-10-05T05:29:31.089528Z,KXBTC15M-26OCT050130-30,0.9870,0.01,no
2026-10-05T05:29:31.089528Z,KXBTC15M-26OCT050130-30,0.9870,66.00,no
2026-10-05T05:29:31.089528Z,KXBTC15M-26OCT050130-30,0.9870,1.04,no
2026-10-05T05:29:31.089528Z,KXBTC15M-26OCT050130-30,0.9870,1.12,no
2026-10-05T05:29:31.089528Z,KXBTC15M-26OCT050130-30,0.9860,0.01,no
2026-10-05T05:29:31.089528Z,KXBTC15M-26OCT050130-30,0.9870,0.01,no
2026-10-05T05:29:31.089528Z,KXBTC15M-26OCT050130-30,0.9870,53.00,no
2026-10-05T05:29:31.089528Z,KXBTC15M-26OCT050130-30,0.9850,960.93,no
2026-10-05T05:29:31.090837Z,KXBTC15M-26OCT050130-30,0.9850,106.91,no
2026-10-05T05:29:31.092731Z,KXBTC15M-26OCT050130-30,0.9850,82.50,no
2026-10-05T05:29:31.095023Z,KXBTC15M-26OCT050130-30,0.9850,455.27,no
2026-10-05T05:29:31.099323Z,KXBTC15M-26OCT050130-30,0.9860,5.56,no
2026-10-05T05:29:31.099323Z,KXBTC15M-26OCT050130-30,0.9870,0.01,no
2026-10-05T05:29:31.101523Z,KXBTC15M-26OCT050130-30,0.9880,750.00,yes
2026-10-05T05:29:31.102204Z,KXBTC15M-26OCT050130-30,0.9880,311.01,yes
2026-10-05T05:29:31.102204Z,KXBTC15M-26OCT050130-30,0.9880,138.99,yes
2026-10-05T05:29:31.115364Z,KXBTC15M-26OCT050130-30,0.9870,50.00,no
2026-10-05T05:29:31.126255Z,KXBTC15M-26OCT050130-30,0.9880,2.01,yes
2026-10-05T05:29:31.127532Z,KXBTC15M-26OCT050130-30,0.9880,5.00,yes
2026-10-05T05:29:31.133551Z,KXBTC15M-26OCT050130-30,0.9880,226.02,yes
2026-10-05T05:29:31.133551Z,KXBTC15M-26OCT050130-30,0.9880,256.00,yes
2026-10-05T05:29:31.133551Z,KXBTC15M-26OCT050130-30,0.9880,11.98,yes
2026-10-05T05:29:31.133551Z,KXBTC15M-26OCT050130-30,0.9880,256.00,yes
2026-10-05T05:29:31.136569Z,KXBTC15M-26OCT050130-30,0.9870,20.00,no
2026-10-05T05:29:31.143805Z,KXBTC15M-26OCT050130-30,0.9880,12.00,yes
2026-10-05T05:29:31.143805Z,KXBTC15M-26OCT050130-30,0.9880,0.01,yes
2026-10-05T05:29:31.143805Z,KXBTC15M-26OCT050130-30,0.9880,0.01,yes
2026-10-05T05:29:31.143805Z,KXBTC15M-26OCT050130-30,0.9880,29.98,yes
2026-10-05T05:29:31.143805Z,KXBTC15M-26OCT050130-30,0.9880,256.00,yes
2026-10-05T05:29:31.154805Z,KXBTC15M-26OCT050130-30,0.9870,6.86,no
2026-10-05T05:29:31.163307Z,KXBTC15M-26OCT050130-30,0.9880,0.01,yes
2026-10-05T05:29:31.163307Z,KXBTC15M-26OCT050130-30,0.9880,0.01,yes
2026-10-05T05:29:31.163307Z,KXBTC15M-26OCT050130-30,0.9880,12.00,yes
2026-10-05T05:29:31.163898Z,KXBTC15M-26OCT050130-30,0.9890,89.89,yes
2026-10-05T05:29:31.165092Z,KXBTC15M-26OCT050130-30,0.9880,13.60,no
2026-10-05T05:29:31.165735Z,KXBTC15M-26OCT050130-30,0.9880,93.03,no
2026-10-05T05:29:31.166575Z,KXBTC15M-26OCT050130-30,0.9880,623.66,no
2026-10-05T05:29:31.168104Z,KXBTC15M-26OCT050130-30,0.9870,50.00,no
2026-10-05T05:29:31.168104Z,KXBTC15M-26OCT050130-30,0.9880,7.69,no
2026-10-05T05:29:31.168104Z,KXBTC15M-26OCT050130-30,0.9870,108.14,no
2026-10-05T05:29:31.168104Z,KXBTC15M-26OCT050130-30,0.9870,0.01,no
2026-10-05T05:29:31.168104Z,KXBTC15M-26OCT050130-30,0.9870,179.47,no
2026-10-05T05:29:31.177595Z,KXBTC15M-26OCT050130-30,0.9870,1.00,no
2026-10-05T05:29:31.186558Z,KXBTC15M-26OCT050130-30,0.9870,311.83,no
2026-10-05T05:29:31.194536Z,KXBTC15M-26OCT050130-30,0.9870,6.21,no
2026-10-05T05:29:31.1997Z,KXBTC15M-26OCT050130-30,0.9880,150.00,yes
2026-10-05T05:29:31.1997Z,KXBTC15M-26OCT050130-30,0.9880,150.00,yes
2026-10-05T05:29:31.1997Z,KXBTC15M-26OCT050130-30,0.9880,150.00,yes
2026-10-05T05:29:31.1997Z,KXBTC15M-26OCT050130-30,0.9880,149.99,yes
2026-10-05T05:29:31.1997Z,KXBTC15M-26OCT050130-30,0.9880,0.01,yes
2026-10-05T05:29:31.1997Z,KXBTC15M-26OCT050130-30,0.9880,150.00,yes
2026-10-05T05:29:31.201324Z,KXBTC15M-26OCT050130-30,0.9880,5.92,yes
2026-10-05T05:29:31.201324Z,KXBTC15M-26OCT050130-30,0.9880,0.01,yes
2026-10-05T05:29:31.201324Z,KXBTC15M-26OCT050130-30,0.9880,0.01,yes
2026-10-05T05:29:31.204818Z,KXBTC15M-26OCT050130-30,0.9870,1.83,no
2026-10-05T05:29:31.2053Z,KXBTC15M-26OCT050130-30,0.9870,93.25,no
2026-10-05T05:29:31.218418Z,KXBTC15M-26OCT050130-30,0.9870,208.09,no
2026-10-05T05:29:31.225264Z,KXBTC15M-26OCT050130-30,0.9880,0.01,yes
2026-10-05T05:29:31.225264Z,KXBTC15M-26OCT050130-30,0.9880,5.92,yes
2026-10-05T05:29:31.225264Z,KXBTC15M-26OCT050130-30,0.9880,5.92,yes
2026-10-05T05:29:31.225264Z,KXBTC15M-26OCT050130-30,0.9880,0.01,yes
2026-10-05T05:29:31.225264Z,KXBTC15M-26OCT050130-30,0.9880,0.16,yes
2026-10-05T05:29:31.225264Z,KXBTC15M-26OCT050130-30,0.9890,1973.70,yes
2026-10-05T05:29:31.237302Z,KXBTC15M-26OCT050130-30,0.9880,62.36,no
2026-10-05T05:29:31.24176Z,KXBTC15M-26OCT050130-30,0.9880,117.72,no
2026-10-05T05:29:31.251985Z,KXBTC15M-26OCT050130-30,0.9880,36.13,no
2026-10-05T05:29:31.255256Z,KXBTC15M-26OCT050130-30,0.9890,49.98,yes
2026-10-05T05:29:31.260162Z,KXBTC15M-26OCT050130-30,0.9880,0.02,no
2026-10-05T05:29:31.264755Z,KXBTC15M-26OCT050130-30,0.9880,63.00,no
2026-10-05T05:29:31.264755Z,KXBTC15M-26OCT050130-30,0.9880,1.04,no
2026-10-05T05:29:31.264755Z,KXBTC15M-26OCT050130-30,0.9870,40.39,no
2026-10-05T05:29:31.275734Z,KXBTC15M-26OCT050130-30,0.9870,103.13,no
2026-10-05T05:29:31.276933Z,KXBTC15M-26OCT050130-30,0.9870,0.85,no
2026-10-05T05:29:31.277529Z,KXBTC15M-26OCT050130-30,0.9870,150.92,no
2026-10-05T05:29:31.284882Z,KXBTC15M-26OCT050130-30,0.9870,284.09,no
2026-10-05T05:29:31.290107Z,KXBTC15M-26OCT050130-30,0.9870,242.24,no
2026-10-05T05:29:31.290107Z,KXBTC15M-26OCT050130-30,0.9870,69.59,no
2026-10-05T05:29:31.290891Z,KXBTC15M-26OCT050130-30,0.9870,0.85,no
2026-10-05T05:29:31.290891Z,KXBTC15M-26OCT050130-30,0.9870,13.76,no
2026-10-05T05:29:31.294006Z,KXBTC15M-26OCT050130-30,0.9880,150.00,yes
2026-10-05T05:29:31.294006Z,KXBTC15M-26OCT050130-30,0.9880,600.00,yes
2026-10-05T05:29:31.298245Z,KXBTC15M-26OCT050130-30,0.9870,213.48,no
2026-10-05T05:29:31.298245Z,KXBTC15M-26OCT050130-30,0.9870,255.15,no
2026-10-05T05:29:31.298893Z,KXBTC15M-26OCT050130-30,0.9870,12.54,no
2026-10-05T05:29:31.298893Z,KXBTC15M-26OCT050130-30,0.9870,112.20,no
2026-10-05T05:29:31.30608Z,KXBTC15M-26OCT050130-30,0.9870,51.98,no
2026-10-05T05:29:31.312599Z,KXBTC15M-26OCT050130-30,0.9880,88.54,yes
2026-10-05T05:29:31.322818Z,KXBTC15M-26OCT050130-30,0.9870,0.01,no
2026-10-05T05:29:31.322818Z,KXBTC15M-26OCT050130-30,0.9870,29.98,no
2026-10-05T05:29:31.322818Z,KXBTC15M-26OCT050130-30,0.9870,91.82,no
2026-10-05T05:29:31.322818Z,KXBTC15M-26OCT050130-30,0.9870,185.00,no
2026-10-05T05:29:31.322818Z,KXBTC15M-26OCT050130-30,0.9870,0.01,no
2026-10-05T05:29:31.322818Z,KXBTC15M-26OCT050130-30,0.9850,19.72,no
2026-10-05T05:29:31.322818Z,KXBTC15M-26OCT050130-30,0.9850,0.80,no
2026-10-05T05:29:31.324793Z,KXBTC15M-26OCT050130-30,0.9850,62.36,no
2026-10-05T05:29:31.327043Z,KXBTC15M-26OCT050130-30,0.9870,18.28,yes
2026-10-05T05:29:31.327469Z,KXBTC15M-26OCT050130-30,0.9880,618.28,yes
2026-10-05T05:29:31.327469Z,KXBTC15M-26OCT050130-30,0.9870,131.72,yes
2026-10-05T05:29:31.336477Z,KXBTC15M-26OCT050130-30,0.9870,0.01,no
2026-10-05T05:29:31.336477Z,KXBTC15M-26OCT050130-30,0.9870,0.01,no
2026-10-05T05:29:31.336477Z,KXBTC15M-26OCT050130-30,0.9850,11.67,no
2026-10-05T05:29:31.336477Z,KXBTC15M-26OCT050130-30,0.9850,15.00,no
2026-10-05T05:29:31.336477Z,KXBTC15M-26OCT050130-30,0.9850,35.67,no
2026-10-05T05:29:31.33687Z,KXBTC15M-26OCT050130-30,0.9850,19.33,no
2026-10-05T05:29:31.33687Z,KXBTC15M-26OCT050130-30,0.9850,43.03,no
2026-10-05T05:29:31.350986Z,KXBTC15M-26OCT050130-30,0.9870,98.23,yes
2026-10-05T05:29:31.350986Z,KXBTC15M-26OCT050130-30,0.9870,150.00,yes
2026-10-05T05:29:31.358217Z,KXBTC15M-26OCT050130-30,0.9860,0.01,no
2026-10-05T05:29:31.358217Z,KXBTC15M-26OCT050130-30,0.9860,185.00,no
2026-10-05T05:29:31.358217Z,KXBTC15M-26OCT050130-30,0.9860,0.01,no
2026-10-05T05:29:31.358217Z,KXBTC15M-26OCT050130-30,0.9860,13.00,no
2026-10-05T05:29:31.358217Z,KXBTC15M-26OCT050130-30,0.9850,5.25,no
2026-10-05T05:29:31.359644Z,KXBTC15M-26OCT050130-30,0.9870,51.77,yes
2026-10-05T05:29:31.359644Z,KXBTC15M-26OCT050130-30,0.9870,11.00,yes
2026-10-05T05:29:31.359644Z,KXBTC15M-26OCT050130-30,0.9880,217.00,yes
2026-10-05T05:29:31.359644Z,KXBTC15M-26OCT050130-30,0.9870,2.00,yes
2026-10-05T05:29:31.359644Z,KXBTC15M-26OCT050130-30,0.9870,2.00,yes
2026-10-05T05:29:31.359958Z,KXBTC15M-26OCT050130-30,0.9880,230.57,yes
2026-10-05T05:29:31.361524Z,KXBTC15M-26OCT050130-30,0.9880,0.01,yes
2026-10-05T05:29:31.361725Z,KXBTC15M-26OCT050130-30,0.9880,0.01,yes
2026-10-05T05:29:31.362254Z,KXBTC15M-26OCT050130-30,0.9880,0.01,yes
2026-10-05T05:29:31.368197Z,KXBTC15M-26OCT050130-30,0.9850,256.00,no
2026-10-05T05:29:31.368197Z,KXBTC15M-26OCT050130-30,0.9860,0.01,no
2026-10-05T05:29:31.368197Z,KXBTC15M-26OCT050130-30,0.9860,0.01,no
2026-10-05T05:29:31.368197Z,KXBTC15M-26OCT050130-30,0.9850,229.71,no
2026-10-05T05:29:31.368197Z,KXBTC15M-26OCT050130-30,0.9860,200.00,no
2026-10-05T05:29:31.368197Z,KXBTC15M-26OCT050130-30,0.9860,13.00,no
2026-10-05T05:29:31.368197Z,KXBTC15M-26OCT050130-30,0.9850,192.79,no
2026-10-05T05:29:31.368197Z,KXBTC15M-26OCT050130-30,0.9850,313.30,no
2026-10-05T05:29:31.368197Z,KXBTC15M-26OCT050130-30,0.9850,40.74,no
2026-10-05T05:29:31.368197Z,KXBTC15M-26OCT050130-30,0.9850,15.00,no
2026-10-05T05:29:31.368197Z,KXBTC15M-26OCT050130-30,0.9850,256.00,no
2026-10-05T05:29:31.368197Z,KXBTC15M-26OCT050130-30,0.9850,20.00,no
2026-10-05T05:29:31.368197Z,KXBTC15M-26OCT050130-30,0.9850,45.47,no
2026-10-05T05:29:31.368197Z,KXBTC15M-26OCT050130-30,0.9850,70.70,no
2026-10-05T05:29:31.368197Z,KXBTC15M-26OCT050130-30,0.9850,30.62,no
2026-10-05T05:29:31.368197Z,KXBTC15M-26OCT050130-30,0.9850,40.00,no
2026-10-05T05:29:31.368197Z,KXBTC15M-26OCT050130-30,0.9850,256.00,no
2026-10-05T05:29:31.368197Z,KXBTC15M-26OCT050130-30,0.9850,10.00,no
2026-10-05T05:29:31.368197Z,KXBTC15M-26OCT050130-30,0.9850,384.00,no
2026-10-05T05:29:31.379107Z,KXBTC15M-26OCT050130-30,0.9850,62.36,no
2026-10-05T05:29:31.399312Z,KXBTC15M-26OCT050130-30,0.9860,26.33,yes
2026-10-05T05:29:31.39975Z,KXBTC15M-26OCT050130-30,0.9850,64.00,no
2026-10-05T05:29:31.39975Z,KXBTC15M-26OCT050130-30,0.9850,51.31,no
2026-10-05T05:29:31.39975Z,KXBTC15M-26OCT050130-30,0.9850,0.01,no
2026-10-05T05:29:31.39975Z,KXBTC15M-26OCT050130-30,0.9850,256.00,no
2026-10-05T05:29:31.39975Z,KXBTC15M-26OCT050130-30,0.9850,1000.00,no
2026-10-05T05:29:31.39975Z,KXBTC15M-26OCT050130-30,0.9850,64.00,no
2026-10-05T05:29:31.39975Z,KXBTC15M-26OCT050130-30,0.9850,15.00,no
2026-10-05T05:29:31.39975Z,KXBTC15M-26OCT050130-30,0.9850,0.01,no
2026-10-05T05:29:31.39975Z,KXBTC15M-26OCT050130-30,0.9850,0.08,no
2026-10-05T05:29:31.39975Z,KXBTC15M-26OCT050130-30,0.9850,93.75,no
2026-10-05T05:29:31.39975Z,KXBTC15M-26OCT050130-30,0.9850,15.00,no
2026-10-05T05:29:31.410453Z,KXBTC15M-26OCT050130-30,0.9850,0.90,no
2026-10-05T05:29:31.411467Z,KXBTC15M-26OCT050130-30,0.9850,5.31,no
2026-10-05T05:29:31.437533Z,KXBTC15M-26OCT050130-30,0.9850,49.00,no
2026-10-05T05:29:31.437533Z,KXBTC15M-26OCT050130-30,0.9850,87.46,no
2026-10-05T05:29:31.442629Z,KXBTC15M-26OCT050130-30,0.9850,41.19,no
2026-10-05T05:29:31.451812Z,KXBTC15M-26OCT050130-30,0.9850,23.02,no
2026-10-05T05:29:31.452445Z,KXBTC15M-26OCT050130-30,0.9850,71.79,no
2026-10-05T05:29:31.452445Z,KXBTC15M-26OCT050130-30,0.9850,15.00,no
2026-10-05T05:29:31.452445Z,KXBTC15M-26OCT050130-30,0.9850,0.01,no
2026-10-05T05:29:31.452445Z,KXBTC15M-26OCT050130-30,0.9850,15.00,no
2026-10-05T05:29:31.452445Z,KXBTC15M-26OCT050130-30,0.9850,2.07,no
2026-10-05T05:29:31.475358Z,KXBTC15M-26OCT050130-30,0.9860,0.01,yes
2026-10-05T05:29:31.475358Z,KXBTC15M-26OCT050130-30,0.9870,2.00,yes
2026-10-05T05:29:31.475358Z,KXBTC15M-26OCT050130-30,0.9870,11.00,yes
2026-10-05T05:29:31.475358Z,KXBTC15M-26OCT050130-30,0.9860,0.01,yes
2026-10-05T05:29:31.475358Z,KXBTC15M-26OCT050130-30,0.9870,2.00,yes
2026-10-05T05:29:31.475358Z,KXBTC15M-26OCT050130-30,0.9880,86.10,yes
2026-10-05T05:29:31.480099Z,KXBTC15M-26OCT050130-30,0.9850,1.57,no
2026-10-05T05:29:31.480099Z,KXBTC15M-26OCT050130-30,0.9850,91.68,no
2026-10-05T05:29:31.480099Z,KXBTC15M-26OCT050130-30,0.9850,93.75,no
2026-10-05T05:29:31.480099Z,KXBTC15M-26OCT050130-30,0.9850,13.00,no
2026-10-05T05:29:31.480972Z,KXBTC15M-26OCT050130-30,0.9850,15.00,no
2026-10-05T05:29:31.480972Z,KXBTC15M-26OCT050130-30,0.9850,94.81,no
2026-10-05T05:29:31.480972Z,KXBTC15M-26OCT050130-30,0.9850,15.00,no
2026-10-05T05:29:31.480972Z,KXBTC15M-26OCT050130-30,0.9850,0.01,no
2026-10-05T05:29:31.480972Z,KXBTC15M-26OCT050130-30,0.9850,47.43,no
2026-10-05T05:29:31.480972Z,KXBTC15M-26OCT050130-30,0.9850,41.19,no
2026-10-05T05:29:31.480972Z,KXBTC15M-26OCT050130-30,0.9840,58.92,no
2026-10-05T05:29:31.480972Z,KXBTC15M-26OCT050130-30,0.9840,0.21,no
2026-10-05T05:29:31.480972Z,KXBTC15M-26OCT050130-30,0.9840,277.19,no
2026-10-05T05:29:31.481313Z,KXBTC15M-26OCT050130-30,0.9840,29.45,no
2026-10-05T05:29:31.497403Z,KXBTC15M-26OCT050130-30,0.9840,5.97,no
2026-10-05T05:29:31.49863Z,KXBTC15M-26OCT050130-30,0.9840,38.85,no
2026-10-05T05:29:31.49863Z,KXBTC15M-26OCT050130-30,0.9840,54.76,no
2026-10-05T05:29:31.49863Z,KXBTC15M-26OCT050130-30,0.9840,56.39,no
2026-10-05T05:29:31.505612Z,KXBTC15M-26OCT050130-30,0.9840,0.01,no
2026-10-05T05:29:31.505612Z,KXBTC15M-26OCT050130-30,0.9840,3.00,no
2026-10-05T05:29:31.505612Z,KXBTC15M-26OCT050130-30,0.9840,163.16,no
2026-10-05T05:29:31.505612Z,KXBTC15M-26OCT050130-30,0.9840,1.01,no
2026-10-05T05:29:31.505612Z,KXBTC15M-26OCT050130-30,0.9840,55.00,no
2026-10-05T05:29:31.505612Z,KXBTC15M-26OCT050130-30,0.9840,107.72,no
2026-10-05T05:29:31.505612Z,KXBTC15M-26OCT050130-30,0.9840,7.98,no
2026-10-05T05:29:31.524854Z,KXBTC15M-26OCT050130-30,0.9840,8.24,no
2026-10-05T05:29:31.533882Z,KXBTC15M-26OCT050130-30,0.9840,0.01,no
2026-10-05T05:29:31.533882Z,KXBTC15M-26OCT050130-30,0.9840,69.04,no
2026-10-05T05:29:31.533882Z,KXBTC15M-26OCT050130-30,0.9840,12.00,no
2026-10-05T05:29:31.533882Z,KXBTC15M-26OCT050130-30,0.9840,8.24,no
2026-10-05T05:29:31.533882Z,KXBTC15M-26OCT050130-30,0.9840,107.72,no
2026-10-05T05:29:31.533882Z,KXBTC15M-26OCT050130-30,0.9830,50.72,no
2026-10-05T05:29:31.550588Z,KXBTC15M-26OCT050130-30,0.9840,114.41,no
2026-10-05T05:29:31.551202Z,KXBTC15M-26OCT050130-30,0.9840,5.88,no
2026-10-05T05:29:31.555992Z,KXBTC15M-26OCT050130-30,0.9840,12.00,no
2026-10-05T05:29:31.555992Z,KXBTC15M-26OCT050130-30,0.9840,56.47,no
2026-10-05T05:29:31.555992Z,KXBTC15M-26OCT050130-30,0.9840,8.24,no
2026-10-05T05:29:31.555992Z,KXBTC15M-26OCT050130-30,0.9830,134.14,no
2026-10-05T05:29:31.563309Z,KXBTC15M-26OCT050130-30,0.9840,114.41,no
2026-10-05T05:29:31.563309Z,KXBTC15M-26OCT050130-30,0.9830,0.01,no
2026-10-05T05:29:31.563309Z,KXBTC15M-26OCT050130-30,0.9820,153.42,no
2026-10-05T05:29:31.563309Z,KXBTC15M-26OCT050130-30,0.9830,117.14,no
2026-10-05T05:29:31.563309Z,KXBTC15M-26OCT050130-30,0.9830,10.17,no
2026-10-05T05:29:31.57187Z,KXBTC15M-26OCT050130-30,0.9840,57.81,yes
2026-10-05T05:29:31.57187Z,KXBTC15M-26OCT050130-30,0.9840,150.00,yes
2026-10-05T05:29:31.572599Z,KXBTC15M-26OCT050130-30,0.9820,44.07,no
2026-10-05T05:29:31.572599Z,KXBTC15M-26OCT050130-30,0.9820,44.51,no
2026-10-05T05:29:31.57977Z,KXBTC15M-26OCT050130-30,0.9820,24.07,no
2026-10-05T05:29:31.584953Z,KXBTC15M-26OCT050130-30,0.9830,10.13,yes
2026-10-05T05:29:31.585562Z,KXBTC15M-26OCT050130-30,0.9830,22.00,yes
2026-10-05T05:29:31.590099Z,KXBTC15M-26OCT050130-30,0.9820,29.53,no
2026-10-05T05:29:31.591288Z,KXBTC15M-26OCT050130-30,0.9830,117.87,yes
2026-10-05T05:29:31.591288Z,KXBTC15M-26OCT050130-30,0.9830,32.13,yes
2026-10-05T05:29:31.596793Z,KXBTC15M-26OCT050130-30,0.9820,8.05,no
2026-10-05T05:29:31.600716Z,KXBTC15M-26OCT050130-30,0.9820,46.28,no
2026-10-05T05:29:31.600716Z,KXBTC15M-26OCT050130-30,0.9820,55.61,no
2026-10-05T05:29:31.609091Z,KXBTC15M-26OCT050130-30,0.9820,56.34,no
2026-10-05T05:29:31.617656Z,KXBTC15M-26OCT050130-30,0.9820,20.51,no
2026-10-05T05:29:31.61794Z,KXBTC15M-26OCT050130-30,0.9820,37.86,no
2026-10-05T05:29:31.625505Z,KXBTC15M-26OCT050130-30,0.9820,36.98,no
2026-10-05T05:29:31.627293Z,KXBTC15M-26OCT050130-30,0.9830,0.01,yes
2026-10-05T05:29:31.627293Z,KXBTC15M-26OCT050130-30,0.9830,0.01,yes
2026-10-05T05:29:31.627293Z,KXBTC15M-26OCT050130-30,0.9830,117.87,yes
2026-10-05T05:29:31.631468Z,KXBTC15M-26OCT050130-30,0.9850,0.01,yes
2026-10-05T05:29:31.631468Z,KXBTC15M-26OCT050130-30,0.9860,9.06,yes
2026-10-05T05:29:31.631468Z,KXBTC15M-26OCT050130-30,0.9850,0.01,yes
2026-10-05T05:29:31.631468Z,KXBTC15M-26OCT050130-30,0.9840,0.01,yes
2026-10-05T05:29:31.631468Z,KXBTC15M-26OCT050130-30,0.9840,0.01,yes
2026-10-05T05:29:31.632551Z,KXBTC15M-26OCT050130-30,0.9820,15.45,no
2026-10-05T05:29:31.659247Z,KXBTC15M-26OCT050130-30,0.9830,0.01,yes
2026-10-05T05:29:31.659247Z,KXBTC15M-26OCT050130-30,0.9830,0.01,yes
2026-10-05T05:29:31.659247Z,KXBTC15M-26OCT050130-30,0.9870,47.47,yes
2026-10-05T05:29:31.676772Z,KXBTC15M-26OCT050130-30,0.9850,7.29,no
2026-10-05T05:29:31.676772Z,KXBTC15M-26OCT050130-30,0.9850,15.00,no
2026-10-05T05:29:31.676772Z,KXBTC15M-26OCT050130-30,0.9860,185.00,no
2026-10-05T05:29:31.6817Z,KXBTC15M-26OCT050130-30,0.9870,1.01,yes
2026-10-05T05:29:31.687547Z,KXBTC15M-26OCT050130-30,0.9860,0.01,no
2026-10-05T05:29:31.687547Z,KXBTC15M-26OCT050130-30,0.9860,2.26,no
2026-10-05T05:29:31.687547Z,KXBTC15M-26OCT050130-30,0.9860,0.01,no
2026-10-05T05:29:31.698348Z,KXBTC15M-26OCT050130-30,0.9860,44.72,no
2026-10-05T05:29:31.711701Z,KXBTC15M-26OCT050130-30,0.9860,3.40,no
2026-10-05T05:29:31.725654Z,KXBTC15M-26OCT050130-30,0.9880,218.34,yes
2026-10-05T05:29:31.725654Z,KXBTC15M-26OCT050130-30,0.9870,0.01,yes
2026-10-05T05:29:31.725654Z,KXBTC15M-26OCT050130-30,0.9870,11.00,yes
2026-10-05T05:29:31.725654Z,KXBTC15M-26OCT050130-30,0.9870,101.52,yes
2026-10-05T05:29:31.725654Z,KXBTC15M-26OCT050130-30,0.9870,0.01,yes
2026-10-05T05:29:31.738201Z,KXBTC15M-26OCT050130-30,0.9860,52.00,no
2026-10-05T05:29:31.738794Z,KXBTC15M-26OCT050130-30,0.9860,15.00,no
2026-10-05T05:29:31.742329Z,KXBTC15M-26OCT050130-30,0.9860,47.47,no
2026-10-05T05:29:31.742329Z,KXBTC15M-26OCT050130-30,0.9860,0.01,no
2026-10-05T05:29:31.742329Z,KXBTC15M-26OCT050130-30,0.9820,1.00,no
2026-10-05T05:29:31.742329Z,KXBTC15M-26OCT050130-30,0.9850,93.75,no
2026-10-05T05:29:31.742329Z,KXBTC15M-26OCT050130-30,0.9860,3.40,no
2026-10-05T05:29:31.742329Z,KXBTC15M-26OCT050130-30,0.9850,15.00,no
2026-10-05T05:29:31.742329Z,KXBTC15M-26OCT050130-30,0.9850,0.01,no
2026-10-05T05:29:31.742329Z,KXBTC15M-26OCT050130-30,0.9820,3.00,no
2026-10-05T05:29:31.742329Z,KXBTC15M-26OCT050130-30,0.9860,101.52,no
2026-10-05T05:29:31.742329Z,KXBTC15M-26OCT050130-30,0.9820,1.00,no
2026-10-05T05:29:31.742329Z,KXBTC15M-26OCT050130-30,0.9860,67.62,no
2026-10-05T05:29:31.742329Z,KXBTC15M-26OCT050130-30,0.9860,44.72,no
2026-10-05T05:29:31.742329Z,KXBTC15M-26OCT050130-30,0.9840,46.00,no
2026-10-05T05:29:31.742329Z,KXBTC15M-26OCT050130-30,0.9820,78.00,no
2026-10-05T05:29:31.742329Z,KXBTC15M-26OCT050130-30,0.9860,0.01,no
2026-10-05T05:29:31.742329Z,KXBTC15M-26OCT050130-30,0.9850,0.01,no
2026-10-05T05:29:31.742329Z,KXBTC15M-26OCT050130-30,0.9860,1.01,no
2026-10-05T05:29:31.742329Z,KXBTC15M-26OCT050130-30,0.9860,2.26,no
2026-10-05T05:29:31.742329Z,KXBTC15M-26OCT050130-30,0.9850,15.00,no
2026-10-05T05:29:31.742329Z,KXBTC15M-26OCT050130-30,0.9830,13.00,no
2026-10-05T05:29:31.742329Z,KXBTC15M-26OCT050130-30,0.9850,86.46,no
2026-10-05T05:29:31.742329Z,KXBTC15M-26OCT050130-30,0.9820,151.00,no
2026-10-05T05:29:31.742329Z,KXBTC15M-26OCT050130-30,0.9820,16.40,no
2026-10-05T05:29:31.742329Z,KXBTC15M-26OCT050130-30,0.9810,218.27,no
2026-10-05T05:29:31.742329Z,KXBTC15M-26OCT050130-30,0.9810,65.88,no
2026-10-05T05:29:31.742329Z,KXBTC15M-26OCT050130-30,0.9820,0.70,no
2026-10-05T05:29:31.742329Z,KXBTC15M-26OCT050130-30,0.9820,102.33,no
2026-10-05T05:29:31.742329Z,KXBTC15M-26OCT050130-30,0.9820,10.00,no
2026-10-05T05:29:31.742329Z,KXBTC15M-26OCT050130-30,0.9820,6.00,no
2026-10-05T05:29:31.742329Z,KXBTC15M-26OCT050130-30,0.9820,0.02,no
2026-10-05T05:29:31.742329Z,KXBTC15M-26OCT050130-30,0.9820,88.01,no
2026-10-05T05:29:31.742329Z,KXBTC15M-26OCT050130-30,0.9820,16.29,no
2026-10-05T05:29:31.742329Z,KXBTC15M-26OCT050130-30,0.9820,16.39,no
2026-10-05T05:29:31.742329Z,KXBTC15M-26OCT050130-30,0.9820,101.00,no
2026-10-05T05:29:31.751899Z,KXBTC15M-26OCT050130-30,0.9850,62.36,no
2026-10-05T05:29:31.810723Z,KXBTC15M-26OCT050130-30,0.9850,31.39,no
2026-10-05T05:29:31.810723Z,KXBTC15M-26OCT050130-30,0.9850,15.00,no
2026-10-05T05:29:31.810723Z,KXBTC15M-26OCT050130-30,0.9850,15.97,no
2026-10-05T05:29:31.817323Z,KXBTC15M-26OCT050130-30,0.9850,64.00,no
2026-10-05T05:29:31.817323Z,KXBTC15M-26OCT050130-30,0.9850,77.78,no
2026-10-05T05:29:31.817323Z,KXBTC15M-26OCT050130-30,0.9850,0.01,no
2026-10-05T05:29:31.817323Z,KXBTC15M-26OCT050130-30,0.9850,8.51,no
2026-10-05T05:29:31.820744Z,KXBTC15M-26OCT050130-30,0.9860,5.02,yes
2026-10-05T05:29:31.835487Z,KXBTC15M-26OCT050130-30,0.9850,5.10,no
2026-10-05T05:29:31.859046Z,KXBTC15M-26OCT050130-30,0.9860,50.00,yes
2026-10-05T05:29:31.859077Z,KXBTC15M-26OCT050130-30,0.9850,185.00,no
2026-10-05T05:29:31.859077Z,KXBTC15M-26OCT050130-30,0.9850,13.00,no
2026-10-05T05:29:31.859077Z,KXBTC15M-26OCT050130-30,0.9850,1.39,no
2026-10-05T05:29:31.859077Z,KXBTC15M-26OCT050130-30,0.9850,0.01,no
2026-10-05T05:29:31.859077Z,KXBTC15M-26OCT050130-30,0.9850,25.57,no
2026-10-05T05:29:31.861413Z,KXBTC15M-26OCT050130-30,0.9850,20.10,no
2026-10-05T05:29:31.873915Z,KXBTC15M-26OCT050130-30,0.9860,5.02,yes
2026-10-05T05:29:31.873915Z,KXBTC15M-26OCT050130-30,0.9860,94.98,yes
2026-10-05T05:29:31.897818Z,KXBTC15M-26OCT050130-30,0.9860,5.00,yes
2026-10-05T05:29:31.908057Z,KXBTC15M-26OCT050130-30,0.9850,25.14,no
2026-10-05T05:29:31.908057Z,KXBTC15M-26OCT050130-30,0.9850,15.00,no
2026-10-05T05:29:31.908057Z,KXBTC15M-26OCT050130-30,0.9850,18.33,no
2026-10-05T05:29:31.912931Z,KXBTC15M-26OCT050130-30,0.9860,77.72,yes
2026-10-05T05:29:31.918873Z,KXBTC15M-26OCT050130-30,0.9850,1.23,no
2026-10-05T05:29:31.918873Z,KXBTC15M-26OCT050130-30,0.9850,68.61,no
2026-10-05T05:29:31.919245Z,KXBTC15M-26OCT050130-30,0.9850,5.22,no
2026-10-05T05:29:31.93854Z,KXBTC15M-26OCT050130-30,0.9850,7.48,no
2026-10-05T05:29:31.93854Z,KXBTC15M-26OCT050130-30,0.9850,87.30,no
2026-10-05T05:29:31.941209Z,KXBTC15M-26OCT050130-30,0.9850,19.31,no
2026-10-05T05:29:31.941825Z,KXBTC15M-26OCT050130-30,0.9850,5.84,no
2026-10-05T05:29:31.947093Z,KXBTC15M-26OCT050130-30,0.9850,75.29,no
2026-10-05T05:29:31.947093Z,KXBTC15M-26OCT050130-30,0.9850,31.37,no
2026-10-05T05:29:31.947567Z,KXBTC15M-26OCT050130-30,0.9850,12.00,no
2026-10-05T05:29:31.966253Z,KXBTC15M-26OCT050130-30,0.9830,61.00,no
2026-10-05T05:29:31.966253Z,KXBTC15M-26OCT050130-30,0.9850,93.75,no
2026-10-05T05:29:31.966253Z,KXBTC15M-26OCT050130-30,0.9820,12.00,no
2026-10-05T05:29:31.966253Z,KXBTC15M-26OCT050130-30,0.9850,64.00,no
2026-10-05T05:29:31.966253Z,KXBTC15M-26OCT050130-30,0.9850,0.01,no
2026-10-05T05:29:31.966253Z,KXBTC15M-26OCT050130-30,0.9850,500.00,no
2026-10-05T05:29:31.966253Z,KXBTC15M-26OCT050130-30,0.9850,9.06,no
2026-10-05T05:29:31.966253Z,KXBTC15M-26OCT050130-30,0.9850,15.00,no
2026-10-05T05:29:31.966253Z,KXBTC15M-26OCT050130-30,0.9850,93.75,no
2026-10-05T05:29:31.966253Z,KXBTC15M-26OCT050130-30,0.9810,151.00,no
2026-10-05T05:29:31.966253Z,KXBTC15M-26OCT050130-30,0.9800,150.00,no
2026-10-05T05:29:31.966253Z,KXBTC15M-26OCT050130-30,0.9800,45.72,no
2026-10-05T05:29:31.966253Z,KXBTC15M-26OCT050130-30,0.9810,84.12,no
2026-10-05T05:29:31.966253Z,KXBTC15M-26OCT050130-30,0.9800,15.00,no
2026-10-05T05:29:31.975476Z,KXBTC15M-26OCT050130-30,0.9800,1.04,no
2026-10-05T05:29:31.998244Z,KXBTC15M-26OCT050130-30,0.9810,0.01,yes
2026-10-05T05:29:31.998244Z,KXBTC15M-26OCT050130-30,0.9810,0.98,yes
2026-10-05T05:29:31.998244Z,KXBTC15M-26OCT050130-30,0.9810,0.01,yes
2026-10-05T05:29:31.998244Z,KXBTC15M-26OCT050130-30,0.9810,1.00,yes
2026-10-05T05:29:32.004627Z,KXBTC15M-26OCT050130-30,0.9810,8.02,yes
2026-10-05T05:29:32.016534Z,KXBTC15M-26OCT050130-30,0.9810,1.98,yes
2026-10-05T05:29:32.016534Z,KXBTC15M-26OCT050130-30,0.9810,0.01,yes
2026-10-05T05:29:32.016534Z,KXBTC15M-26OCT050130-30,0.9810,0.01,yes
2026-10-05T05:29:32.022504Z,KXBTC15M-26OCT050130-30,0.9810,0.01,yes
2026-10-05T05:29:32.022504Z,KXBTC15M-26OCT050130-30,0.9810,0.01,yes
2026-10-05T05:29:32.022504Z,KXBTC15M-26OCT050130-30,0.9820,0.01,yes
2026-10-05T05:29:32.022504Z,KXBTC15M-26OCT050130-30,0.9820,0.01,yes
2026-10-05T05:29:32.022504Z,KXBTC15M-26OCT050130-30,0.9820,99.48,yes
2026-10-05T05:29:32.022504Z,KXBTC15M-26OCT050130-30,0.9820,2.00,yes
2026-10-05T05:29:32.031651Z,KXBTC15M-26OCT050130-30,0.9810,2.00,yes
2026-10-05T05:29:32.03701Z,KXBTC15M-26OCT050130-30,0.9810,0.01,yes
2026-10-05T05:29:32.044467Z,KXBTC15M-26OCT050130-30,0.9820,0.01,yes
2026-10-05T05:29:32.044467Z,KXBTC15M-26OCT050130-30,0.9810,0.01,yes
2026-10-05T05:29:32.047203Z,KXBTC15M-26OCT050130-30,0.9840,456.92,yes
2026-10-05T05:29:32.047203Z,KXBTC15M-26OCT050130-30,0.9840,2.00,yes
2026-10-05T05:29:32.047203Z,KXBTC15M-26OCT050130-30,0.9850,752.71,yes
2026-10-05T05:29:32.04751Z,KXBTC15M-26OCT050130-30,0.9820,150.00,no
2026-10-05T05:29:32.04751Z,KXBTC15M-26OCT050130-30,0.9800,0.01,no
2026-10-05T05:29:32.04751Z,KXBTC15M-26OCT050130-30,0.9800,0.01,no
2026-10-05T05:29:32.04751Z,KXBTC15M-26OCT050130-30,0.9800,50.00,no
2026-10-05T05:29:32.04751Z,KXBTC15M-26OCT050130-30,0.9800,50.00,no
2026-10-05T05:29:32.04751Z,KXBTC15M-26OCT050130-30,0.9800,93.75,no
2026-10-05T05:29:32.04751Z,KXBTC15M-26OCT050130-30,0.9810,12.00,no
2026-10-05T05:29:32.04751Z,KXBTC15M-26OCT050130-30,0.9800,93.75,no
2026-10-05T05:29:32.04751Z,KXBTC15M-26OCT050130-30,0.9800,62.96,no
2026-10-05T05:29:32.04751Z,KXBTC15M-26OCT050130-30,0.9790,51.47,no
2026-10-05T05:29:32.04751Z,KXBTC15M-26OCT050130-30,0.9800,10.45,no
2026-10-05T05:29:32.04751Z,KXBTC15M-26OCT050130-30,0.9800,109.00,no
2026-10-05T05:29:32.04871Z,KXBTC15M-26OCT050130-30,0.9850,9.00,yes
2026-10-05T05:29:32.053298Z,KXBTC15M-26OCT050130-30,0.9840,0.01,yes
2026-10-05T05:29:32.053298Z,KXBTC15M-26OCT050130-30,0.9850,49.12,yes
2026-10-05T05:29:32.053298Z,KXBTC15M-26OCT050130-30,0.9840,0.01,yes
2026-10-05T05:29:32.053298Z,KXBTC15M-26OCT050130-30,0.9840,11.00,yes
2026-10-05T05:29:32.053298Z,KXBTC15M-26OCT050130-30,0.9850,2.00,yes
2026-10-05T05:29:32.053298Z,KXBTC15M-26OCT050130-30,0.9850,65.86,yes
2026-10-05T05:29:32.057131Z,KXBTC15M-26OCT050130-30,0.9850,0.01,yes
2026-10-05T05:29:32.057131Z,KXBTC15M-26OCT050130-30,0.9860,140.94,yes
2026-10-05T05:29:32.057131Z,KXBTC15M-26OCT050130-30,0.9860,2.00,yes
2026-10-05T05:29:32.057131Z,KXBTC15M-26OCT050130-30,0.9870,11.00,yes
2026-10-05T05:29:32.057131Z,KXBTC15M-26OCT050130-30,0.9870,2.00,yes
2026-10-05T05:29:32.057131Z,KXBTC15M-26OCT050130-30,0.9860,2.00,yes
2026-10-05T05:29:32.057131Z,KXBTC15M-26OCT050130-30,0.9880,41.91,yes
2026-10-05T05:29:32.057131Z,KXBTC15M-26OCT050130-30,0.9850,1.00,yes
2026-10-05T05:29:32.057131Z,KXBTC15M-26OCT050130-30,0.9850,9.14,yes
2026-10-05T05:29:32.058647Z,KXBTC15M-26OCT050130-30,0.9880,2.78,yes
2026-10-05T05:29:32.058647Z,KXBTC15M-26OCT050130-30,0.9850,0.01,yes
2026-10-05T05:29:32.059625Z,KXBTC15M-26OCT050130-30,0.9880,2.00,yes
2026-10-05T05:29:32.059625Z,KXBTC15M-26OCT050130-30,0.9880,12.00,yes
2026-10-05T05:29:32.059625Z,KXBTC15M-26OCT050130-30,0.9880,105.31,yes
2026-10-05T05:29:32.059625Z,KXBTC15M-26OCT050130-30,0.9890,494.26,yes
2026-10-05T05:29:32.059625Z,KXBTC15M-26OCT050130-30,0.9890,386.43,yes
2026-10-05T05:29:32.063846Z,KXBTC15M-26OCT050130-30,0.9860,0.01,yes
2026-10-05T05:29:32.063846Z,KXBTC15M-26OCT050130-30,0.9890,1.55,yes
2026-10-05T05:29:32.06787Z,KXBTC15M-26OCT050130-30,0.9850,46.98,no
2026-10-05T05:29:32.06787Z,KXBTC15M-26OCT050130-30,0.9850,5.00,no
2026-10-05T05:29:32.082445Z,KXBTC15M-26OCT050130-30,0.9890,0.02,yes
2026-10-05T05:29:32.084933Z,KXBTC15M-26OCT050130-30,0.9880,176.50,no
2026-10-05T05:29:32.089414Z,KXBTC15M-26OCT050130-30,0.9880,18.60,no
2026-10-05T05:29:32.101827Z,KXBTC15M-26OCT050130-30,0.9880,62.36,no
2026-10-05T05:29:32.104883Z,KXBTC15M-26OCT050130-30,0.9880,17.54,no
2026-10-05T05:29:32.127651Z,KXBTC15M-26OCT050130-30,0.9880,10.25,no
2026-10-05T05:29:32.146626Z,KXBTC15M-26OCT050130-30,0.9890,15.81,yes
2026-10-05T05:29:32.146626Z,KXBTC15M-26OCT050130-30,0.9890,18.18,yes
2026-10-05T05:29:32.146626Z,KXBTC15M-26OCT050130-30,0.9890,16.17,yes
2026-10-05T05:29:32.146645Z,KXBTC15M-26OCT050130-30,0.9880,31.15,no
2026-10-05T05:29:32.15596Z,KXBTC15M-26OCT050130-30,0.9880,0.01,no
2026-10-05T05:29:32.15596Z,KXBTC15M-26OCT050130-30,0.9880,500.00,no
2026-10-05T05:29:32.15596Z,KXBTC15M-26OCT050130-30,0.9880,0.01,no
2026-10-05T05:29:32.15596Z,KXBTC15M-26OCT050130-30,0.9880,177.86,no
2026-10-05T05:29:32.15596Z,KXBTC15M-26OCT050130-30,0.9880,41.40,no
2026-10-05T05:29:32.166556Z,KXBTC15M-26OCT050130-30,0.9880,21.00,no
2026-10-05T05:29:32.188856Z,KXBTC15M-26OCT050130-30,0.9880,104.14,no
2026-10-05T05:29:32.202641Z,KXBTC15M-26OCT050130-30,0.9880,868.34,no
2026-10-05T05:29:32.234565Z,KXBTC15M-26OCT050130-30,0.9880,1000.00,no
2026-10-05T05:29:32.2515Z,KXBTC15M-26OCT050130-30,0.9870,41.91,no
2026-10-05T05:29:32.2515Z,KXBTC15M-26OCT050130-30,0.9880,0.02,no
2026-10-05T05:29:32.2515Z,KXBTC15M-26OCT050130-30,0.9870,0.27,no
2026-10-05T05:29:32.2515Z,KXBTC15M-26OCT050130-30,0.9880,15.81,no
2026-10-05T05:29:32.2515Z,KXBTC15M-26OCT050130-30,0.9870,2.78,no
2026-10-05T05:29:32.2515Z,KXBTC15M-26OCT050130-30,0.9880,0.01,no
2026-10-05T05:29:32.2515Z,KXBTC15M-26OCT050130-30,0.9880,0.01,no
2026-10-05T05:29:32.2515Z,KXBTC15M-26OCT050130-30,0.9870,1.55,no
2026-10-05T05:29:32.255877Z,KXBTC15M-26OCT050130-30,0.9870,0.32,no
2026-10-05T05:29:32.256277Z,KXBTC15M-26OCT050130-30,0.9880,5.00,yes
2026-10-05T05:29:32.274186Z,KXBTC15M-26OCT050130-30,0.9870,0.01,no
2026-10-05T05:29:32.274186Z,KXBTC15M-26OCT050130-30,0.9870,104.72,no
2026-10-05T05:29:32.274186Z,KXBTC15M-26OCT050130-30,0.9870,401.36,no
2026-10-05T05:29:32.285891Z,KXBTC15M-26OCT050130-30,0.9870,0.01,no
2026-10-05T05:29:32.285891Z,KXBTC15M-26OCT050130-30,0.9870,98.64,no
2026-10-05T05:29:32.285891Z,KXBTC15M-26OCT050130-30,0.9870,0.01,no
2026-10-05T05:29:32.285891Z,KXBTC15M-26OCT050130-30,0.9850,6.95,no
2026-10-05T05:29:32.285891Z,KXBTC15M-26OCT050130-30,0.9850,82.84,no
2026-10-05T05:29:32.285891Z,KXBTC15M-26OCT050130-30,0.9850,60.55,no
2026-10-05T05:29:32.285891Z,KXBTC15M-26OCT050130-30,0.9860,1.00,no
2026-10-05T05:29:32.297433Z,KXBTC15M-26OCT050130-30,0.9850,8.05,no
2026-10-05T05:29:32.297433Z,KXBTC15M-26OCT050130-30,0.9860,0.01,no
2026-10-05T05:29:32.297433Z,KXBTC15M-26OCT050130-30,0.9860,0.01,no
2026-10-05T05:29:32.297433Z,KXBTC15M-26OCT050130-30,0.9860,287.36,no
2026-10-05T05:29:32.297433Z,KXBTC15M-26OCT050130-30,0.9850,155.22,no
2026-10-05T05:29:32.299306Z,KXBTC15M-26OCT050130-30,0.9870,11.99,yes
2026-10-05T05:29:32.300888Z,KXBTC15M-26OCT050130-30,0.9850,30.30,no
2026-10-05T05:29:32.300888Z,KXBTC15M-26OCT050130-30,0.9860,13.00,no
2026-10-05T05:29:32.305003Z,KXBTC15M-26OCT050130-30,0.9850,56.34,no
2026-10-05T05:29:32.313322Z,KXBTC15M-26OCT050130-30,0.9860,125.00,yes
2026-10-05T05:29:32.322108Z,KXBTC15M-26OCT050130-30,0.9850,124.73,no
2026-10-05T05:29:32.358024Z,KXBTC15M-26OCT050130-30,0.9850,187.09,no
2026-10-05T05:29:32.378383Z,KXBTC15M-26OCT050130-30,0.9850,187.09,no
2026-10-05T05:29:32.378433Z,KXBTC15M-26OCT050130-30,0.9850,233.95,no
2026-10-05T05:29:32.379996Z,KXBTC15M-26OCT050130-30,0.9850,26.67,no
2026-10-05T05:29:32.383657Z,KXBTC15M-26OCT050130-30,0.9860,5.89,yes
2026-10-05T05:29:32.390147Z,KXBTC15M-26OCT050130-30,0.9850,1.75,no
2026-10-05T05:29:32.390147Z,KXBTC15M-26OCT050130-30,0.9850,45.61,no
2026-10-05T05:29:32.390147Z,KXBTC15M-26OCT050130-30,0.9850,15.00,no
2026-10-05T05:29:32.413195Z,KXBTC15M-26OCT050130-30,0.9850,34.23,no
2026-10-05T05:29:32.413195Z,KXBTC15M-26OCT050130-30,0.9850,0.01,no
2026-10-05T05:29:32.413195Z,KXBTC15M-26OCT050130-30,0.9850,0.01,no
2026-10-05T05:29:32.413195Z,KXBTC15M-26OCT050130-30,0.9850,139.19,no
2026-10-05T05:29:32.414993Z,KXBTC15M-26OCT050130-30,0.9860,11.11,yes
2026-10-05T05:29:32.41689Z,KXBTC15M-26OCT050130-30,0.9850,0.02,no
2026-10-05T05:29:32.485194Z,KXBTC15M-26OCT050130-30,0.9850,71.72,no
2026-10-05T05:29:32.488077Z,KXBTC15M-26OCT050130-30,0.9860,0.01,yes
2026-10-05T05:29:32.488077Z,KXBTC15M-26OCT050130-30,0.9870,21.37,yes
2026-10-05T05:29:32.488077Z,KXBTC15M-26OCT050130-30,0.9860,0.01,yes
2026-10-05T05:29:32.488077Z,KXBTC15M-26OCT050130-30,0.9860,8.00,yes
2026-10-05T05:29:32.497173Z,KXBTC15M-26OCT050130-30,0.9850,16.17,no
2026-10-05T05:29:32.497173Z,KXBTC15M-26OCT050130-30,0.9850,0.01,no
2026-10-05T05:29:32.497173Z,KXBTC15M-26OCT050130-30,0.9840,112.81,no
2026-10-05T05:29:32.497173Z,KXBTC15M-26OCT050130-30,0.9850,0.01,no
2026-10-05T05:29:32.499636Z,KXBTC15M-26OCT050130-30,0.9840,159.57,no
2026-10-05T05:29:32.51917Z,KXBTC15M-26OCT050130-30,0.9840,32.62,no
2026-10-05T05:29:32.529207Z,KXBTC15M-26OCT050130-30,0.9870,62.63,yes
2026-10-05T05:29:32.529207Z,KXBTC15M-26OCT050130-30,0.9880,12.00,yes
2026-10-05T05:29:32.529207Z,KXBTC15M-26OCT050130-30,0.9850,150.00,yes
2026-10-05T05:29:32.529207Z,KXBTC15M-26OCT050130-30,0.9870,0.01,yes
2026-10-05T05:29:32.529207Z,KXBTC15M-26OCT050130-30,0.9850,0.01,yes
2026-10-05T05:29:32.529207Z,KXBTC15M-26OCT050130-30,0.9850,0.01,yes
2026-10-05T05:29:32.529207Z,KXBTC15M-26OCT050130-30,0.9870,0.01,yes
2026-10-05T05:29:32.529207Z,KXBTC15M-26OCT050130-30,0.9890,165.37,yes
2026-10-05T05:29:32.545334Z,KXBTC15M-26OCT050130-30,0.9840,100.00,no
2026-10-05T05:29:32.554222Z,KXBTC15M-26OCT050130-30,0.9880,12.00,yes
2026-10-05T05:29:32.554222Z,KXBTC15M-26OCT050130-30,0.9880,298.11,yes
2026-10-05T05:29:32.554222Z,KXBTC15M-26OCT050130-30,0.9880,0.01,yes
2026-10-05T05:29:32.554222Z,KXBTC15M-26OCT050130-30,0.9880,0.01,yes
2026-10-05T05:29:32.554222Z,KXBTC15M-26OCT050130-30,0.9890,188.21,yes
2026-10-05T05:29:32.59789Z,KXBTC15M-26OCT050130-30,0.9880,6.05,yes
2026-10-05T05:29:32.59789Z,KXBTC15M-26OCT050130-30,0.9880,0.01,yes
2026-10-05T05:29:32.603264Z,KXBTC15M-26OCT050130-30,0.9870,31.30,no
2026-10-05T05:29:32.610949Z,KXBTC15M-26OCT050130-30,0.9870,12.47,no
2026-10-05T05:29:32.617306Z,KXBTC15M-26OCT050130-30,0.9850,13.00,no
2026-10-05T05:29:32.617306Z,KXBTC15M-26OCT050130-30,0.9870,309.81,no
2026-10-05T05:29:32.617306Z,KXBTC15M-26OCT050130-30,0.9850,0.01,no
2026-10-05T05:29:32.617306Z,KXBTC15M-26OCT050130-30,0.9840,323.29,no
2026-10-05T05:29:32.617306Z,KXBTC15M-26OCT050130-30,0.9870,0.01,no
2026-10-05T05:29:32.617306Z,KXBTC15M-26OCT050130-30,0.9850,64.00,no
2026-10-05T05:29:32.617306Z,KXBTC15M-26OCT050130-30,0.9850,0.01,no
2026-10-05T05:29:32.617306Z,KXBTC15M-26OCT050130-30,0.9870,0.01,no
2026-10-05T05:29:32.617306Z,KXBTC15M-26OCT050130-30,0.9840,0.01,no
2026-10-05T05:29:32.617306Z,KXBTC15M-26OCT050130-30,0.9840,0.01,no
2026-10-05T05:29:32.645011Z,KXBTC15M-26OCT050130-30,0.9860,10.80,no
2026-10-05T05:29:32.659801Z,KXBTC15M-26OCT050130-30,0.9860,249.90,no
2026-10-05T05:29:32.665237Z,KXBTC15M-26OCT050130-30,0.9860,0.44,no
2026-10-05T05:29:32.692187Z,KXBTC15M-26OCT050130-30,0.9870,12.12,yes
2026-10-05T05:29:32.702309Z,KXBTC15M-26OCT050130-30,0.9870,84.44,yes
2026-10-05T05:29:32.704382Z,KXBTC15M-26OCT050130-30,0.9860,50.16,no
2026-10-05T05:29:32.706962Z,KXBTC15M-26OCT050130-30,0.9830,48.27,no
2026-10-05T05:29:32.706962Z,KXBTC15M-26OCT050130-30,0.9860,188.70,no
2026-10-05T05:29:32.706962Z,KXBTC15M-26OCT050130-30,0.9860,0.01,no
2026-10-05T05:29:32.706962Z,KXBTC15M-26OCT050130-30,0.9850,0.01,no
2026-10-05T05:29:32.706962Z,KXBTC15M-26OCT050130-30,0.9830,13.00,no
2026-10-05T05:29:32.706962Z,KXBTC15M-26OCT050130-30,0.9860,0.01,no
2026-10-05T05:29:32.715434Z,KXBTC15M-26OCT050130-30,0.9830,38.00,no
2026-10-05T05:29:32.715434Z,KXBTC15M-26OCT050130-30,0.9820,367.94,no
2026-10-05T05:29:32.715434Z,KXBTC15M-26OCT050130-30,0.9830,13.00,no
2026-10-05T05:29:32.751989Z,KXBTC15M-26OCT050130-30,0.9840,5.62,no
2026-10-05T05:29:32.752085Z,KXBTC15M-26OCT050130-30,0.9860,17.49,yes
2026-10-05T05:29:32.773777Z,KXBTC15M-26OCT050130-30,0.9840,32.80,no
2026-10-05T05:29:32.831331Z,KXBTC15M-26OCT050130-30,0.9900,0.84,yes
2026-10-05T05:29:32.831331Z,KXBTC15M-26OCT050130-30,0.9900,78.55,yes
2026-10-05T05:29:32.831331Z,KXBTC15M-26OCT050130-30,0.9900,3.27,yes
2026-10-05T05:29:32.831331Z,KXBTC15M-26OCT050130-30,0.9900,16.21,yes
2026-10-05T05:29:32.831331Z,KXBTC15M-26OCT050130-30,0.9900,48.63,yes
2026-10-05T05:29:32.831331Z,KXBTC15M-26OCT050130-30,0.9900,43.30,yes
2026-10-05T05:29:32.831331Z,KXBTC15M-26OCT050130-30,0.9900,20.00,yes
2026-10-05T05:29:32.831331Z,KXBTC15M-26OCT050130-30,0.9900,4.94,yes
2026-10-05T05:29:32.831331Z,KXBTC15M-26OCT050130-30,0.9900,36.00,yes
2026-10-05T05:29:32.831331Z,KXBTC15M-26OCT050130-30,0.9900,25.98,yes
2026-10-05T05:29:32.831331Z,KXBTC15M-26OCT050130-30,0.9900,506.16,yes
2026-10-05T05:29:32.831331Z,KXBTC15M-26OCT050130-30,0.9900,4.02,yes
2026-10-05T05:29:32.831331Z,KXBTC15M-26OCT050130-30,0.9900,334.97,yes
2026-10-05T05:29:32.831331Z,KXBTC15M-26OCT050130-30,0.9900,8.37,yes
2026-10-05T05:29:32.831331Z,KXBTC15M-26OCT050130-30,0.9900,8.37,yes
2026-10-05T05:29:32.831331Z,KXBTC15M-26OCT050130-30,0.9900,7.73,yes
2026-10-05T05:29:32.831331Z,KXBTC15M-26OCT050130-30,0.9900,15.47,yes
2026-10-05T05:29:32.831331Z,KXBTC15M-26OCT050130-30,0.9900,15.47,yes
2026-10-05T05:29:32.831331Z,KXBTC15M-26OCT050130-30,0.9900,1.15,yes
2026-10-05T05:29:32.831331Z,KXBTC15M-26OCT050130-30,0.9900,3.00,yes
2026-10-05T05:29:32.831331Z,KXBTC15M-26OCT050130-30,0.9900,0.75,yes
2026-10-05T05:29:32.831331Z,KXBTC15M-26OCT050130-30,0.9900,10.52,yes
2026-10-05T05:29:32.831331Z,KXBTC15M-26OCT050130-30,0.9900,28.36,yes
2026-10-05T05:29:32.831331Z,KXBTC15M-26OCT050130-30,0.9900,1.93,yes
2026-10-05T05:29:32.831331Z,KXBTC15M-26OCT050130-30,0.9900,40.29,yes
2026-10-05T05:29:32.831331Z,KXBTC15M-26OCT050130-30,0.9900,120.78,yes
2026-10-05T05:29:32.831331Z,KXBTC15M-26OCT050130-30,0.9900,3.78,yes
2026-10-05T05:29:32.831331Z,KXBTC15M-26OCT050130-30,0.9900,7.73,yes
2026-10-05T05:29:32.831331Z,KXBTC15M-26OCT050130-30,0.9900,2.26,yes
2026-10-05T05:29:32.831331Z,KXBTC15M-26OCT050130-30,0.9900,8.97,yes
2026-10-05T05:29:32.831331Z,KXBTC15M-26OCT050130-30,0.9880,6.05,yes
2026-10-05T05:29:32.831331Z,KXBTC15M-26OCT050130-30,0.9860,150.00,yes
2026-10-05T05:29:32.831331Z,KXBTC15M-26OCT050130-30,0.9880,5.95,yes
2026-10-05T05:29:32.831331Z,KXBTC15M-26OCT050130-30,0.9880,90.00,yes
2026-10-05T05:29:32.831331Z,KXBTC15M-26OCT050130-30,0.9860,0.01,yes
2026-10-05T05:29:32.831331Z,KXBTC15M-26OCT050130-30,0.9860,132.51,yes
2026-10-05T05:29:32.831331Z,KXBTC15M-26OCT050130-30,0.9860,0.01,yes
2026-10-05T05:29:32.831331Z,KXBTC15M-26OCT050130-30,0.9890,150.00,yes
2026-10-05T05:29:32.831331Z,KXBTC15M-26OCT050130-30,0.9900,1.20,yes
2026-10-05T05:29:32.831331Z,KXBTC15M-26OCT050130-30,0.9900,1.17,yes
2026-10-05T05:29:32.831331Z,KXBTC15M-26OCT050130-30,0.9900,20.47,yes
2026-10-05T05:29:32.831331Z,KXBTC15M-26OCT050130-30,0.9900,26.09,yes
2026-10-05T05:29:32.831331Z,KXBTC15M-26OCT050130-30,0.9900,1190.65,yes
2026-10-05T05:29:32.831331Z,KXBTC15M-26OCT050130-30,0.9900,11.76,yes
2026-10-05T05:29:32.831331Z,KXBTC15M-26OCT050130-30,0.9900,34.58,yes
2026-10-05T05:29:32.831331Z,KXBTC15M-26OCT050130-30,0.9900,158.88,yes
2026-10-05T05:29:32.831331Z,KXBTC15M-26OCT050130-30,0.9900,2.81,yes
2026-10-05T05:29:32.831331Z,KXBTC15M-26OCT050130-30,0.9900,2.09,yes
2026-10-05T05:29:32.831331Z,KXBTC15M-26OCT050130-30,0.9900,21.86,yes
2026-10-05T05:29:32.831331Z,KXBTC15M-26OCT050130-30,0.9900,10.93,yes
2026-10-05T05:29:32.831331Z,KXBTC15M-26OCT050130-30,0.9900,16.75,yes
2026-10-05T05:29:32.831331Z,KXBTC15M-26OCT050130-30,0.9900,6.56,yes
2026-10-05T05:29:32.831331Z,KXBTC15M-26OCT050130-30,0.9900,10.05,yes
2026-10-05T05:29:32.831331Z,KXBTC15M-26OCT050130-30,0.9900,12.56,yes
2026-10-05T05:29:32.831331Z,KXBTC15M-26OCT050130-30,0.9900,2.09,yes
2026-10-05T05:29:32.831331Z,KXBTC15M-26OCT050130-30,0.9900,4.12,yes
2026-10-05T05:29:32.831331Z,KXBTC15M-26OCT050130-30,0.9900,0.10,yes
2026-10-05T05:29:32.831331Z,KXBTC15M-26OCT050130-30,0.9900,197.00,yes
2026-10-05T05:29:32.831331Z,KXBTC15M-26OCT050130-30,0.9900,51.77,yes
2026-10-05T05:29:32.831331Z,KXBTC15M-26OCT050130-30,0.9900,36.53,yes
2026-10-05T05:29:32.831331Z,KXBTC15M-26OCT050130-30,0.9900,11.03,yes
2026-10-05T05:29:32.831331Z,KXBTC15M-26OCT050130-30,0.9900,27.32,yes
2026-10-05T05:29:32.831331Z,KXBTC15M-26OCT050130-30,0.9900,3.33,yes
2026-10-05T05:29:32.831331Z,KXBTC15M-26OCT050130-30,0.9900,10.47,yes
2026-10-05T05:29:32.831331Z,KXBTC15M-26OCT050130-30,0.9900,38.35,yes
2026-10-05T05:29:32.831331Z,KXBTC15M-26OCT050130-30,0.9900,0.16,yes
2026-10-05T05:29:32.831331Z,KXBTC15M-26OCT050130-30,0.9900,0.18,yes
2026-10-05T05:29:32.831331Z,KXBTC15M-26OCT050130-30,0.9900,3.62,yes
2026-10-05T05:29:32.831331Z,KXBTC15M-26OCT050130-30,0.9900,90.24,yes
2026-10-05T05:29:32.831331Z,KXBTC15M-26OCT050130-30,0.9900,4.51,yes
2026-10-05T05:29:32.831331Z,KXBTC15M-26OCT050130-30,0.9900,118.03,yes
2026-10-05T05:29:32.831331Z,KXBTC15M-26OCT050130-30,0.9900,49.39,yes
2026-10-05T05:29:32.831331Z,KXBTC15M-26OCT050130-30,0.9900,23.67,yes
2026-10-05T05:29:32.831331Z,KXBTC15M-26OCT050130-30,0.9900,47.34,yes
2026-10-05T05:29:32.831331Z,KXBTC15M-26OCT050130-30,0.9900,9.96,yes
2026-10-05T05:29:32.831331Z,KXBTC15M-26OCT050130-30,0.9900,22.36,yes
2026-10-05T05:29:32.831331Z,KXBTC15M-26OCT050130-30,0.9900,16.00,yes
2026-10-05T05:29:32.831331Z,KXBTC15M-26OCT050130-30,0.9900,0.10,yes
2026-10-05T05:29:32.831331Z,KXBTC15M-26OCT050130-30,0.9900,0.85,yes
2026-10-05T05:29:32.831331Z,KXBTC15M-26OCT050130-30,0.9900,44.28,yes
2026-10-05T05:29:32.831331Z,KXBTC15M-26OCT050130-30,0.9900,4.57,yes
2026-10-05T05:29:32.831331Z,KXBTC15M-26OCT050130-30,0.9900,28.57,yes
2026-10-05T05:29:32.831331Z,KXBTC15M-26OCT050130-30,0.9900,34.70,yes
2026-10-05T05:29:32.831331Z,KXBTC15M-26OCT050130-30,0.9900,36.92,yes
2026-10-05T05:29:32.831331Z,KXBTC15M-26OCT050130-30,0.9900,20.51,yes
2026-10-05T05:29:32.831331Z,KXBTC15M-26OCT050130-30,0.9900,2.01,yes
2026-10-05T05:29:32.831331Z,KXBTC15M-26OCT050130-30,0.9900,19.69,yes
2026-10-05T05:29:32.831331Z,KXBTC15M-26OCT050130-30,0.9900,17.90,yes
2026-10-05T05:29:32.831331Z,KXBTC15M-26OCT050130-30,0.9900,10.05,yes
2026-10-05T05:29:32.831331Z,KXBTC15M-26OCT050130-30,0.9900,188.00,yes
2026-10-05T05:29:32.831331Z,KXBTC15M-26OCT050130-30,0.9900,32.22,yes
2026-10-05T05:29:32.831331Z,KXBTC15M-26OCT050130-30,0.9900,512.00,yes
2026-10-05T05:29:32.831331Z,KXBTC15M-26OCT050130-30,0.9890,142.61,yes
2026-10-05T05:29:32.831331Z,KXBTC15M-26OCT050130-30,0.9900,1.89,yes
2026-10-05T05:29:32.831331Z,KXBTC15M-26OCT050130-30,0.9900,512.00,yes
2026-10-05T05:29:32.831331Z,KXBTC15M-26OCT050130-30,0.9890,512.00,yes
2026-10-05T05:29:32.831331Z,KXBTC15M-26OCT050130-30,0.9900,1.00,yes
2026-10-05T05:29:32.831331Z,KXBTC15M-26OCT050130-30,0.9900,28.43,yes
2026-10-05T05:29:32.831331Z,KXBTC15M-26OCT050130-30,0.9900,0.18,yes
2026-10-05T05:29:32.831331Z,KXBTC15M-26OCT050130-30,0.9900,2.05,yes
2026-10-05T05:29:32.831331Z,KXBTC15M-26OCT050130-30,0.9900,73.00,yes
2026-10-05T05:29:32.831331Z,KXBTC15M-26OCT050130-30,0.9900,1.00,yes
2026-10-05T05:29:32.831331Z,KXBTC15M-26OCT050130-30,0.9900,20.00,yes
2026-10-05T05:29:32.831331Z,KXBTC15M-26OCT050130-30,0.9900,1000.00,yes
2026-10-05T05:29:32.831331Z,KXBTC15M-26OCT050130-30,0.9900,327.00,yes
2026-10-05T05:29:32.831331Z,KXBTC15M-26OCT050130-30,0.9900,512.00,yes
2026-10-05T05:29:32.831331Z,KXBTC15M-26OCT050130-30,0.9900,150.00,yes
2026-10-05T05:29:32.831331Z,KXBTC15M-26OCT050130-30,0.9900,11.18,yes
2026-10-05T05:29:32.831331Z,KXBTC15M-26OCT050130-30,0.9900,21.39,yes
2026-10-05T05:29:32.831331Z,KXBTC15M-26OCT050130-30,0.9900,43.73,yes
2026-10-05T05:29:32.831331Z,KXBTC15M-26OCT050130-30,0.9890,1.00,yes
2026-10-05T05:29:32.831331Z,KXBTC15M-26OCT050130-30,0.9900,7.89,yes
2026-10-05T05:29:32.831331Z,KXBTC15M-26OCT050130-30,0.9890,1.00,yes
2026-10-05T05:29:32.831331Z,KXBTC15M-26OCT050130-30,0.9890,2.00,yes
2026-10-05T05:29:32.831331Z,KXBTC15M-26OCT050130-30,0.9890,10.00,yes
2026-10-05T05:29:32.831331Z,KXBTC15M-26OCT050130-30,0.9890,20.00,yes
2026-10-05T05:29:32.831331Z,KXBTC15M-26OCT050130-30,0.9890,100.00,yes
2026-10-05T05:29:32.831331Z,KXBTC15M-26OCT050130-30,0.9890,2.00,yes
2026-10-05T05:29:32.831331Z,KXBTC15M-26OCT050130-30,0.9900,2.01,yes
2026-10-05T05:29:32.831331Z,KXBTC15M-26OCT050130-30,0.9890,1.00,yes
2026-10-05T05:29:32.831331Z,KXBTC15M-26OCT050130-30,0.9900,30.15,yes
2026-10-05T05:29:32.831331Z,KXBTC15M-26OCT050130-30,0.9900,2.05,yes
2026-10-05T05:29:32.831331Z,KXBTC15M-26OCT050130-30,0.9900,1.00,yes
2026-10-05T05:29:32.831331Z,KXBTC15M-26OCT050130-30,0.9900,4.10,yes
2026-10-05T05:29:32.831331Z,KXBTC15M-26OCT050130-30,0.9890,352.00,yes
2026-10-05T05:29:32.831331Z,KXBTC15M-26OCT050130-30,0.9900,352.00,yes
2026-10-05T05:29:32.831331Z,KXBTC15M-26OCT050130-30,0.9900,25.22,yes
2026-10-05T05:29:32.831331Z,KXBTC15M-26OCT050130-30,0.9900,46.84,yes
2026-10-05T05:29:32.831331Z,KXBTC15M-26OCT050130-30,0.9900,59.98,yes
2026-10-05T05:29:32.831331Z,KXBTC15M-26OCT050130-30,0.9900,11.99,yes
2026-10-05T05:29:32.831331Z,KXBTC15M-26OCT050130-30,0.9900,4.47,yes
2026-10-05T05:29:32.831331Z,KXBTC15M-26OCT050130-30,0.9900,2.28,yes
2026-10-05T05:29:32.831331Z,KXBTC15M-26OCT050130-30,0.9900,140.71,yes
2026-10-05T05:29:32.831331Z,KXBTC15M-26OCT050130-30,0.9900,0.44,yes
2026-10-05T05:29:32.831331Z,KXBTC15M-26OCT050130-30,0.9890,51.00,yes
2026-10-05T05:29:32.831331Z,KXBTC15M-26OCT050130-30,0.9900,22.36,yes
2026-10-05T05:29:32.831331Z,KXBTC15M-26OCT050130-30,0.9900,4.47,yes
2026-10-05T05:29:32.831331Z,KXBTC15M-26OCT050130-30,0.9900,11.18,yes
2026-10-05T05:29:32.831331Z,KXBTC15M-26OCT050130-30,0.9900,23.42,yes
2026-10-05T05:29:32.831331Z,KXBTC15M-26OCT050130-30,0.9900,1.00,yes
2026-10-05T05:29:32.831331Z,KXBTC15M-26OCT050130-30,0.9900,2.28,yes
2026-10-05T05:29:32.831331Z,KXBTC15M-26OCT050130-30,0.9900,24.59,yes
2026-10-05T05:29:32.831331Z,KXBTC15M-26OCT050130-30,0.9900,109.90,yes
2026-10-05T05:29:32.831331Z,KXBTC15M-26OCT050130-30,0.9900,0.61,yes
2026-10-05T05:29:32.831331Z,KXBTC15M-26OCT050130-30,0.9900,14.05,yes
2026-10-05T05:29:32.831331Z,KXBTC15M-26OCT050130-30,0.9900,0.89,yes
2026-10-05T05:29:32.831331Z,KXBTC15M-26OCT050130-30,0.9900,100.00,yes
2026-10-05T05:29:32.831331Z,KXBTC15M-26OCT050130-30,0.9900,0.40,yes
2026-10-05T05:29:32.833513Z,KXBTC15M-26OCT050130-30,0.9850,188.72,no
2026-10-05T05:29:32.849597Z,KXBTC15M-26OCT050130-30,0.9850,10.73,no
2026-10-05T05:29:32.893858Z,KXBTC15M-26OCT050130-30,0.9890,4.35,yes
2026-10-05T05:29:32.893858Z,KXBTC15M-26OCT050130-30,0.9880,0.01,yes
2026-10-05T05:29:32.893858Z,KXBTC15M-26OCT050130-30,0.9880,0.01,yes
2026-10-05T05:29:32.896998Z,KXBTC15M-26OCT050130-30,0.9870,29.23,no
2026-10-05T05:29:32.910286Z,KXBTC15M-26OCT050130-30,0.9880,75.90,no
2026-10-05T05:29:32.949361Z,KXBTC15M-26OCT050130-30,0.9880,11.03,no
2026-10-05T05:29:32.956157Z,KXBTC15M-26OCT050130-30,0.9880,17.51,no
2026-10-05T05:29:32.980103Z,KXBTC15M-26OCT050130-30,0.9880,212.00,no
2026-10-05T05:29:32.991791Z,KXBTC15M-26OCT050130-30,0.9880,148.91,no
2026-10-05T05:29:32.991791Z,KXBTC15M-26OCT050130-30,0.9880,195.56,no
2026-10-05T05:29:32.991791Z,KXBTC15M-26OCT050130-30,0.9880,0.01,no
2026-10-05T05:29:32.991791Z,KXBTC15M-26OCT050130-30,0.9880,150.00,no
2026-10-05T05:29:32.991791Z,KXBTC15M-26OCT050130-30,0.9880,0.01,no
2026-10-05T05:29:32.995749Z,KXBTC15M-26OCT050130-30,0.9870,4.42,no
2026-10-05T05:29:32.995749Z,KXBTC15M-26OCT050130-30,0.9880,1.09,no
2026-10-05T05:29:33.011122Z,KXBTC15M-26OCT050130-30,0.9880,0.01,no
2026-10-05T05:29:33.011122Z,KXBTC15M-26OCT050130-30,0.9870,0.01,no
2026-10-05T05:29:33.011122Z,KXBTC15M-26OCT050130-30,0.9870,178.35,no
2026-10-05T05:29:33.011122Z,KXBTC15M-26OCT050130-30,0.9870,512.00,no
2026-10-05T05:29:33.011122Z,KXBTC15M-26OCT050130-30,0.9870,0.01,no
2026-10-05T05:29:33.011122Z,KXBTC15M-26OCT050130-30,0.9870,158.66,no
2026-10-05T05:29:33.034889Z,KXBTC15M-26OCT050130-30,0.9850,102.67,no
2026-10-05T05:29:33.034889Z,KXBTC15M-26OCT050130-30,0.9860,13.00,no
2026-10-05T05:29:33.034889Z,KXBTC15M-26OCT050130-30,0.9870,111.41,no
2026-10-05T05:29:33.03694Z,KXBTC15M-26OCT050130-30,0.9850,14.49,no
2026-10-05T05:29:33.04898Z,KXBTC15M-26OCT050130-30,0.9890,0.01,yes
2026-10-05T05:29:33.04898Z,KXBTC15M-26OCT050130-30,0.9890,0.01,yes
2026-10-05T05:29:33.04898Z,KXBTC15M-26OCT050130-30,0.9890,8.96,yes
2026-10-05T05:29:33.04898Z,KXBTC15M-26OCT050130-30,0.9880,0.01,yes
2026-10-05T05:29:33.04898Z,KXBTC15M-26OCT050130-30,0.9880,0.01,yes
2026-10-05T05:29:33.049297Z,KXBTC15M-26OCT050130-30,0.9890,3.04,yes
2026-10-05T05:29:33.049297Z,KXBTC15M-26OCT050130-30,0.9900,50.78,yes
2026-10-05T05:29:33.065743Z,KXBTC15M-26OCT050130-30,0.9890,1.01,yes
2026-10-05T05:29:33.067857Z,KXBTC15M-26OCT050130-30,0.9890,2.00,yes
2026-10-05T05:29:33.073229Z,KXBTC15M-26OCT050130-30,0.9890,8.47,yes
2026-10-05T05:29:33.079239Z,KXBTC15M-26OCT050130-30,0.9890,3.01,yes
2026-10-05T05:29:33.079239Z,KXBTC15M-26OCT050130-30,0.9890,0.01,yes
2026-10-05T05:29:33.079239Z,KXBTC15M-26OCT050130-30,0.9890,5.46,yes
2026-10-05T05:29:33.079239Z,KXBTC15M-26OCT050130-30,0.9890,0.01,yes
2026-10-05T05:29:33.079239Z,KXBTC15M-26OCT050130-30,0.9890,0.52,yes
2026-10-05T05:29:33.079239Z,KXBTC15M-26OCT050130-30,0.9900,1.09,yes
2026-10-05T05:29:33.081249Z,KXBTC15M-26OCT050130-30,0.9890,27.31,no
2026-10-05T05:29:33.081249Z,KXBTC15M-26OCT050130-30,0.9890,150.00,no
2026-10-05T05:29:33.104149Z,KXBTC15M-26OCT050130-30,0.9900,0.98,yes
2026-10-05T05:29:33.10495Z,KXBTC15M-26OCT050130-30,0.9880,430.99,no
2026-10-05T05:29:33.10495Z,KXBTC15M-26OCT050130-30,0.9890,0.01,no
2026-10-05T05:29:33.10495Z,KXBTC15M-26OCT050130-30,0.9890,0.01,no
2026-10-05T05:29:33.110422Z,KXBTC15M-26OCT050130-30,0.9880,50.00,no
2026-10-05T05:29:33.137247Z,KXBTC15M-26OCT050130-30,0.9850,128.46,no
2026-10-05T05:29:33.137247Z,KXBTC15M-26OCT050130-30,0.9880,19.01,no
2026-10-05T05:29:33.137247Z,KXBTC15M-26OCT050130-30,0.9880,0.01,no
2026-10-05T05:29:33.137247Z,KXBTC15M-26OCT050130-30,0.9860,13.00,no
2026-10-05T05:29:33.137247Z,KXBTC15M-26OCT050130-30,0.9870,0.01,no
2026-10-05T05:29:33.137247Z,KXBTC15M-26OCT050130-30,0.9880,0.01,no
2026-10-05T05:29:33.137247Z,KXBTC15M-26OCT050130-30,0.9870,0.01,no
2026-10-05T05:29:33.137489Z,KXBTC15M-26OCT050130-30,0.9850,0.41,no
2026-10-05T05:29:33.145799Z,KXBTC15M-26OCT050130-30,0.9850,62.34,no
2026-10-05T05:29:33.155761Z,KXBTC15M-26OCT050130-30,0.9850,57.43,no
2026-10-05T05:29:33.155761Z,KXBTC15M-26OCT050130-30,0.9860,1.04,no
2026-10-05T05:29:33.156553Z,KXBTC15M-26OCT050130-30,0.9850,5.84,no
2026-10-05T05:29:33.192386Z,KXBTC15M-26OCT050130-30,0.9880,100.50,no
2026-10-05T05:29:33.220704Z,KXBTC15M-26OCT050130-30,0.9880,250.00,no
2026-10-05T05:29:33.221889Z,KXBTC15M-26OCT050130-30,0.9880,2.06,no
2026-10-05T05:29:33.226593Z,KXBTC15M-26OCT050130-30,0.9880,259.03,no
2026-10-05T05:29:33.2304Z,KXBTC15M-26OCT050130-30,0.9890,0.01,yes
2026-10-05T05:29:33.2304Z,KXBTC15M-26OCT050130-30,0.9890,0.01,yes
2026-10-05T05:29:33.2304Z,KXBTC15M-26OCT050130-30,0.9900,22.45,yes
2026-10-05T05:29:33.2304Z,KXBTC15M-26OCT050130-30,0.9900,9.95,yes
2026-10-05T05:29:33.2304Z,KXBTC15M-26OCT050130-30,0.9900,12.65,yes
2026-10-05T05:29:33.2304Z,KXBTC15M-26OCT050130-30,0.9900,2.91,yes
2026-10-05T05:29:33.2304Z,KXBTC15M-26OCT050130-30,0.9900,5.51,yes
2026-10-05T05:29:33.235031Z,KXBTC15M-26OCT050130-30,0.9890,111.60,no
2026-10-05T05:29:33.235031Z,KXBTC15M-26OCT050130-30,0.9890,150.00,no
2026-10-05T05:29:33.2664Z,KXBTC15M-26OCT050130-30,0.9900,40.32,yes
2026-10-05T05:29:33.2664Z,KXBTC15M-26OCT050130-30,0.9900,763.29,yes
2026-10-05T05:29:33.2664Z,KXBTC15M-26OCT050130-30,0.9900,47.62,yes
2026-10-05T05:29:33.281645Z,KXBTC15M-26OCT050130-30,0.9880,4.10,no
2026-10-05T05:29:33.281645Z,KXBTC15M-26OCT050130-30,0.9890,25.91,no
2026-10-05T05:29:33.281645Z,KXBTC15M-26OCT050130-30,0.9890,1.03,no
2026-10-05T05:29:33.291224Z,KXBTC15M-26OCT050130-30,0.9880,116.94,no
2026-10-05T05:29:33.293342Z,KXBTC15M-26OCT050130-30,0.9880,348.00,no
2026-10-05T05:29:33.299622Z,KXBTC15M-26OCT050130-30,0.9900,9.89,yes
2026-10-05T05:29:33.307151Z,KXBTC15M-26OCT050130-30,0.9880,300.00,no
2026-10-05T05:29:33.31146Z,KXBTC15M-26OCT050130-30,0.9900,595.00,yes
2026-10-05T05:29:33.316527Z,KXBTC15M-26OCT050130-30,0.9880,58.45,no
2026-10-05T05:29:33.316527Z,KXBTC15M-26OCT050130-30,0.9880,0.01,no
2026-10-05T05:29:33.316527Z,KXBTC15M-26OCT050130-30,0.9880,0.01,no
2026-10-05T05:29:33.341326Z,KXBTC15M-26OCT050130-30,0.9870,150.00,no
2026-10-05T05:29:33.387502Z,KXBTC15M-26OCT050130-30,0.9870,19.54,no
2026-10-05T05:29:33.39316Z,KXBTC15M-26OCT050130-30,0.9870,327.10,no
2026-10-05T05:29:33.403388Z,KXBTC15M-26OCT050130-30,0.9850,16.64,no
2026-10-05T05:29:33.403388Z,KXBTC15M-26OCT050130-30,0.9870,11.00,no
2026-10-05T05:29:33.403388Z,KXBTC15M-26OCT050130-30,0.9870,3.36,no
2026-10-05T05:29:33.403388Z,KXBTC15M-26OCT050130-30,0.9860,94.00,no
2026-10-05T05:29:33.406204Z,KXBTC15M-26OCT050130-30,0.9850,1.00,no
2026-10-05T05:29:33.408228Z,KXBTC15M-26OCT050130-30,0.9900,50.00,yes
2026-10-05T05:29:33.408228Z,KXBTC15M-26OCT050130-30,0.9900,1237.75,yes
2026-10-05T05:29:33.408228Z,KXBTC15M-26OCT050130-30,0.9900,100.00,yes
2026-10-05T05:29:33.408228Z,KXBTC15M-26OCT050130-30,0.9900,0.01,yes
2026-10-05T05:29:33.408228Z,KXBTC15M-26OCT050130-30,0.9900,0.01,yes
2026-10-05T05:29:33.408228Z,KXBTC15M-26OCT050130-30,0.9900,56.71,yes
2026-10-05T05:29:33.412262Z,KXBTC15M-26OCT050130-30,0.9850,46.12,no
2026-10-05T05:29:33.412262Z,KXBTC15M-26OCT050130-30,0.9850,79.88,no
2026-10-05T05:29:33.416984Z,KXBTC15M-26OCT050130-30,0.9900,186.99,yes
2026-10-05T05:29:33.416984Z,KXBTC15M-26OCT050130-30,0.9900,7.29,yes
2026-10-05T05:29:33.438774Z,KXBTC15M-26OCT050130-30,0.9850,39.26,no
2026-10-05T05:29:33.444137Z,KXBTC15M-26OCT050130-30,0.9850,58.47,no
2026-10-05T05:29:33.456495Z,KXBTC15M-26OCT050130-30,0.9900,189.36,yes
2026-10-05T05:29:33.473684Z,KXBTC15M-26OCT050130-30,0.9850,72.50,no
2026-10-05T05:29:33.497827Z,KXBTC15M-26OCT050130-30,0.9850,1.08,no
2026-10-05T05:29:33.555993Z,KXBTC15M-26OCT050130-30,0.9880,75.83,yes
2026-10-05T05:29:33.558505Z,KXBTC15M-26OCT050130-30,0.9880,5.67,yes
2026-10-05T05:29:33.578706Z,KXBTC15M-26OCT050130-30,0.9870,0.02,no
2026-10-05T05:29:33.584632Z,KXBTC15M-26OCT050130-30,0.9900,95.00,yes
2026-10-05T05:29:33.584632Z,KXBTC15M-26OCT050130-30,0.9880,150.00,yes
2026-10-05T05:29:33.584632Z,KXBTC15M-26OCT050130-30,0.9900,2764.65,yes
2026-10-05T05:29:33.584632Z,KXBTC15M-26OCT050130-30,0.9900,50.00,yes
2026-10-05T05:29:33.584632Z,KXBTC15M-26OCT050130-30,0.9880,0.01,yes
2026-10-05T05:29:33.584632Z,KXBTC15M-26OCT050130-30,0.9880,0.01,yes
2026-10-05T05:29:33.584632Z,KXBTC15M-26OCT050130-30,0.9900,0.01,yes
2026-10-05T05:29:33.584632Z,KXBTC15M-26OCT050130-30,0.9880,150.00,yes
2026-10-05T05:29:33.584632Z,KXBTC15M-26OCT050130-30,0.9900,0.01,yes
2026-10-05T05:29:33.584632Z,KXBTC15M-26OCT050130-30,0.9900,1.00,yes
2026-10-05T05:29:33.584632Z,KXBTC15M-26OCT050130-30,0.9880,68.50,yes
2026-10-05T05:29:33.584632Z,KXBTC15M-26OCT050130-30,0.9900,64.00,yes
2026-10-05T05:29:33.584632Z,KXBTC15M-26OCT050130-30,0.9900,529.75,yes
2026-10-05T05:29:33.584632Z,KXBTC15M-26OCT050130-30,0.9880,150.00,yes
2026-10-05T05:29:33.584632Z,KXBTC15M-26OCT050130-30,0.9890,12.00,yes
2026-10-05T05:29:33.58554Z,KXBTC15M-26OCT050130-30,0.9870,327.10,no
2026-10-05T05:29:33.591221Z,KXBTC15M-26OCT050130-30,0.9870,57.40,no
2026-10-05T05:29:33.617666Z,KXBTC15M-26OCT050130-30,0.9900,50.00,yes
2026-10-05T05:29:33.617666Z,KXBTC15M-26OCT050130-30,0.9890,3141.00,yes
2026-10-05T05:29:33.617666Z,KXBTC15M-26OCT050130-30,0.9880,0.01,yes
2026-10-05T05:29:33.617666Z,KXBTC15M-26OCT050130-30,0.9880,0.01,yes
2026-10-05T05:29:33.617666Z,KXBTC15M-26OCT050130-30,0.9920,2.00,yes
2026-10-05T05:29:33.617666Z,KXBTC15M-26OCT050130-30,0.9880,12.00,yes
2026-10-05T05:29:33.617666Z,KXBTC15M-26OCT050130-30,0.9890,0.01,yes
2026-10-05T05:29:33.617666Z,KXBTC15M-26OCT050130-30,0.9910,120.00,yes
2026-10-05T05:29:33.617666Z,KXBTC15M-26OCT050130-30,0.9920,120.00,yes
2026-10-05T05:29:33.617666Z,KXBTC15M-26OCT050130-30,0.9930,1079.97,yes
2026-10-05T05:29:33.637398Z,KXBTC15M-26OCT050130-30,0.9920,87.98,yes
2026-10-05T05:29:33.637398Z,KXBTC15M-26OCT050130-30,0.9880,0.01,yes
2026-10-05T05:29:33.637398Z,KXBTC15M-26OCT050130-30,0.9880,0.01,yes
2026-10-05T05:29:33.637398Z,KXBTC15M-26OCT050130-30,0.9920,11.00,yes
2026-10-05T05:29:33.645381Z,KXBTC15M-26OCT050130-30,0.9910,34.29,no
2026-10-05T05:29:33.663281Z,KXBTC15M-26OCT050130-30,0.9910,77.94,no
2026-10-05T05:29:33.688583Z,KXBTC15M-26OCT050130-30,0.9910,77.94,no
2026-10-05T05:29:33.702138Z,KXBTC15M-26OCT050130-30,0.9910,25.00,no
2026-10-05T05:29:33.702447Z,KXBTC15M-26OCT050130-30,0.9910,25.62,no
2026-10-05T05:29:33.70925Z,KXBTC15M-26OCT050130-30,0.9920,1.89,yes
2026-10-05T05:29:33.70925Z,KXBTC15M-26OCT050130-30,0.9920,0.01,yes
2026-10-05T05:29:33.70925Z,KXBTC15M-26OCT050130-30,0.9920,0.01,yes
2026-10-05T05:29:33.70925Z,KXBTC15M-26OCT050130-30,0.9920,1.00,yes
2026-10-05T05:29:33.710145Z,KXBTC15M-26OCT050130-30,0.9910,223.90,no
2026-10-05T05:29:33.711005Z,KXBTC15M-26OCT050130-30,0.9910,34.00,no
2026-10-05T05:29:33.714734Z,KXBTC15M-26OCT050130-30,0.9910,62.36,no
2026-10-05T05:29:33.718658Z,KXBTC15M-26OCT050130-30,0.9910,70.14,no
2026-10-05T05:29:33.737077Z,KXBTC15M-26OCT050130-30,0.9910,4.99,no
2026-10-05T05:29:33.744144Z,KXBTC15M-26OCT050130-30,0.9920,9.66,yes
2026-10-05T05:29:33.798561Z,KXBTC15M-26OCT050130-30,0.9910,250.00,no
2026-10-05T05:29:33.815928Z,KXBTC15M-26OCT050130-30,0.9910,1.03,no
2026-10-05T05:29:33.818098Z,KXBTC15M-26OCT050130-30,0.9850,134.57,no
2026-10-05T05:29:33.818098Z,KXBTC15M-26OCT050130-30,0.9850,512.00,no
2026-10-05T05:29:33.818098Z,KXBTC15M-26OCT050130-30,0.9850,82.00,no
2026-10-05T05:29:33.818098Z,KXBTC15M-26OCT050130-30,0.9800,64.00,no
2026-10-05T05:29:33.818098Z,KXBTC15M-26OCT050130-30,0.9850,512.00,no
2026-10-05T05:29:33.818098Z,KXBTC15M-26OCT050130-30,0.9850,47.00,no
2026-10-05T05:29:33.818098Z,KXBTC15M-26OCT050130-30,0.9850,142.61,no
2026-10-05T05:29:33.818098Z,KXBTC15M-26OCT050130-30,0.9820,33.00,no
2026-10-05T05:29:33.818098Z,KXBTC15M-26OCT050130-30,0.9800,20.00,no
2026-10-05T05:29:33.818098Z,KXBTC15M-26OCT050130-30,0.9910,0.01,no
2026-10-05T05:29:33.818098Z,KXBTC15M-26OCT050130-30,0.9870,500.00,no
2026-10-05T05:29:33.818098Z,KXBTC15M-26OCT050130-30,0.9800,50.00,no
2026-10-05T05:29:33.818098Z,KXBTC15M-26OCT050130-30,0.9910,10.00,no
2026-10-05T05:29:33.818098Z,KXBTC15M-26OCT050130-30,0.9800,261.31,no
2026-10-05T05:29:33.818098Z,KXBTC15M-26OCT050130-30,0.9910,1079.97,no
2026-10-05T05:29:33.818098Z,KXBTC15M-26OCT050130-30,0.9870,14.00,no
2026-10-05T05:29:33.818098Z,KXBTC15M-26OCT050130-30,0.9860,1047.00,no
2026-10-05T05:29:33.818098Z,KXBTC15M-26OCT050130-30,0.9910,2253.79,no
2026-10-05T05:29:33.818098Z,KXBTC15M-26OCT050130-30,0.9820,1047.00,no
2026-10-05T05:29:33.818098Z,KXBTC15M-26OCT050130-30,0.9890,1047.00,no
2026-10-05T05:29:33.818098Z,KXBTC15M-26OCT050130-30,0.9900,50.00,no
2026-10-05T05:29:33.818098Z,KXBTC15M-26OCT050130-30,0.9910,0.01,no
2026-10-05T05:29:33.822491Z,KXBTC15M-26OCT050130-30,0.9890,24.72,no
2026-10-05T05:29:33.831234Z,KXBTC15M-26OCT050130-30,0.9840,2.09,yes
2026-10-05T05:29:33.831786Z,KXBTC15M-26OCT050130-30,0.9840,3.30,yes
2026-10-05T05:29:33.838516Z,KXBTC15M-26OCT050130-30,0.9840,53.49,yes
2026-10-05T05:29:33.843312Z,KXBTC15M-26OCT050130-30,0.9830,120.00,no
2026-10-05T05:29:33.846077Z,KXBTC15M-26OCT050130-30,0.9840,350.00,yes
2026-10-05T05:29:33.854784Z,KXBTC15M-26OCT050130-30,0.9830,9.99,no
2026-10-05T05:29:33.854784Z,KXBTC15M-26OCT050130-30,0.9830,0.01,no
2026-10-05T05:29:33.861817Z,KXBTC15M-26OCT050130-30,0.9830,10.69,no
2026-10-05T05:29:33.873841Z,KXBTC15M-26OCT050130-30,0.9830,24.82,no
2026-10-05T05:29:33.876833Z,KXBTC15M-26OCT050130-30,0.9840,106.17,yes
2026-10-05T05:29:33.894778Z,KXBTC15M-26OCT050130-30,0.9840,50.00,yes
2026-10-05T05:29:33.924353Z,KXBTC15M-26OCT050130-30,0.9830,53.60,no
2026-10-05T05:29:33.924353Z,KXBTC15M-26OCT050130-30,0.9830,139.50,no
2026-10-05T05:29:33.932221Z,KXBTC15M-26OCT050130-30,0.9840,6.20,yes
2026-10-05T05:29:33.934964Z,KXBTC15M-26OCT050130-30,0.9830,9.99,no
2026-10-05T05:29:33.934964Z,KXBTC15M-26OCT050130-30,0.9830,10.69,no
2026-10-05T05:29:33.934964Z,KXBTC15M-26OCT050130-30,0.9830,24.82,no
2026-10-05T05:29:33.934964Z,KXBTC15M-26OCT050130-30,0.9830,49.65,no
2026-10-05T05:29:33.934964Z,KXBTC15M-26OCT050130-30,0.9830,0.01,no
2026-10-05T05:29:33.934964Z,KXBTC15M-26OCT050130-30,0.9830,66.40,no
2026-10-05T05:29:33.934964Z,KXBTC15M-26OCT050130-30,0.9830,0.01,no
2026-10-05T05:29:33.93871Z,KXBTC15M-26OCT050130-30,0.9840,8.39,yes
2026-10-05T05:29:33.953881Z,KXBTC15M-26OCT050130-30,0.9830,57.00,no
2026-10-05T05:29:33.953881Z,KXBTC15M-26OCT050130-30,0.9830,139.50,no
2026-10-05T05:29:33.953881Z,KXBTC15M-26OCT050130-30,0.9830,0.01,no
2026-10-05T05:29:33.953881Z,KXBTC15M-26OCT050130-30,0.9830,0.01,no
2026-10-05T05:29:33.953881Z,KXBTC15M-26OCT050130-30,0.9820,0.01,no
2026-10-05T05:29:33.953881Z,KXBTC15M-26OCT050130-30,0.9820,96.66,no
2026-10-05T05:29:33.953881Z,KXBTC15M-26OCT050130-30,0.9830,45.50,no
2026-10-05T05:29:33.9674Z,KXBTC15M-26OCT050130-30,0.9820,23.27,no
2026-10-05T05:29:33.9674Z,KXBTC15M-26OCT050130-30,0.9820,0.01,no
2026-10-05T05:29:34.029321Z,KXBTC15M-26OCT050130-30,0.9840,2003.72,yes
2026-10-05T05:29:34.053631Z,KXBTC15M-26OCT050130-30,0.9830,13.00,no
2026-10-05T05:29:34.053631Z,KXBTC15M-26OCT050130-30,0.9830,13.50,no
2026-10-05T05:29:34.053631Z,KXBTC15M-26OCT050130-30,0.9830,0.01,no
2026-10-05T05:29:34.07078Z,KXBTC15M-26OCT050130-30,0.9830,26.92,no
2026-10-05T05:29:34.071792Z,KXBTC15M-26OCT050130-30,0.9900,10.00,yes
2026-10-05T05:29:34.071792Z,KXBTC15M-26OCT050130-30,0.9840,0.01,yes
2026-10-05T05:29:34.071792Z,KXBTC15M-26OCT050130-30,0.9900,50.00,yes
2026-10-05T05:29:34.071792Z,KXBTC15M-26OCT050130-30,0.9840,0.01,yes
2026-10-05T05:29:34.071792Z,KXBTC15M-26OCT050130-30,0.9880,1.00,yes
2026-10-05T05:29:34.071792Z,KXBTC15M-26OCT050130-30,0.9880,70.00,yes
2026-10-05T05:29:34.103332Z,KXBTC15M-26OCT050130-30,0.9900,8.98,no
2026-10-05T05:29:34.103332Z,KXBTC15M-26OCT050130-30,0.9900,0.01,no
2026-10-05T05:29:34.103332Z,KXBTC15M-26OCT050130-30,0.9900,0.01,no
2026-10-05T05:29:34.103332Z,KXBTC15M-26OCT050130-30,0.9900,50.00,no
2026-10-05T05:29:34.103332Z,KXBTC15M-26OCT050130-30,0.9900,460.53,no
2026-10-05T05:29:34.114321Z,KXBTC15M-26OCT050130-30,0.9900,305.38,no
2026-10-05T05:29:34.138387Z,KXBTC15M-26OCT050130-30,0.9900,217.85,no
2026-10-05T05:29:34.144306Z,KXBTC15M-26OCT050130-30,0.9900,24.18,no
2026-10-05T05:29:34.153986Z,KXBTC15M-26OCT050130-30,0.9920,251.87,yes
2026-10-05T05:29:34.161231Z,KXBTC15M-26OCT050130-30,0.9920,34.83,yes
2026-10-05T05:29:34.161231Z,KXBTC15M-26OCT050130-30,0.9920,11.00,yes
2026-10-05T05:29:34.161231Z,KXBTC15M-26OCT050130-30,0.9920,0.01,yes
2026-10-05T05:29:34.161231Z,KXBTC15M-26OCT050130-30,0.9920,0.01,yes
2026-10-05T05:29:34.161231Z,KXBTC15M-26OCT050130-30,0.9930,52.88,yes
2026-10-05T05:29:34.166382Z,KXBTC15M-26OCT050130-30,0.9900,4.83,no
2026-10-05T05:29:34.166896Z,KXBTC15M-26OCT050130-30,0.9900,51.28,no
2026-10-05T05:29:34.168924Z,KXBTC15M-26OCT050130-30,0.9920,0.01,yes
2026-10-05T05:29:34.168924Z,KXBTC15M-26OCT050130-30,0.9930,15.94,yes
2026-10-05T05:29:34.174255Z,KXBTC15M-26OCT050130-30,0.9900,150.00,no
2026-10-05T05:29:34.177074Z,KXBTC15M-26OCT050130-30,0.9900,6.11,no
2026-10-05T05:29:34.177095Z,KXBTC15M-26OCT050130-30,0.9900,253.72,no
2026-10-05T05:29:34.189223Z,KXBTC15M-26OCT050130-30,0.9910,8.98,no
2026-10-05T05:29:34.20454Z,KXBTC15M-26OCT050130-30,0.9910,43.90,no
2026-10-05T05:29:34.20454Z,KXBTC15M-26OCT050130-30,0.9910,0.01,no
2026-10-05T05:29:34.20454Z,KXBTC15M-26OCT050130-30,0.9900,0.01,no
2026-10-05T05:29:34.20454Z,KXBTC15M-26OCT050130-30,0.9910,0.01,no
2026-10-05T05:29:34.20454Z,KXBTC15M-26OCT050130-30,0.9900,0.01,no
2026-10-05T05:29:34.20454Z,KXBTC15M-26OCT050130-30,0.9900,25.64,no
2026-10-05T05:29:34.215968Z,KXBTC15M-26OCT050130-30,0.9900,24.36,no
2026-10-05T05:29:34.215968Z,KXBTC15M-26OCT050130-30,0.9870,955.03,no
2026-10-05T05:29:34.215968Z,KXBTC15M-26OCT050130-30,0.9900,107.60,no
2026-10-05T05:29:34.215968Z,KXBTC15M-26OCT050130-30,0.9900,0.01,no
2026-10-05T05:29:34.230511Z,KXBTC15M-26OCT050130-30,0.9880,9.00,yes
2026-10-05T05:29:34.237193Z,KXBTC15M-26OCT050130-30,0.9880,122.00,yes
2026-10-05T05:29:34.263044Z,KXBTC15M-26OCT050130-30,0.9860,110.06,no
2026-10-05T05:29:34.263044Z,KXBTC15M-26OCT050130-30,0.9870,0.01,no
2026-10-05T05:29:34.280616Z,KXBTC15M-26OCT050130-30,0.9860,66.16,no
2026-10-05T05:29:34.303847Z,KXBTC15M-26OCT050130-30,0.9880,20.15,yes
2026-10-05T05:29:34.323371Z,KXBTC15M-26OCT050130-30,0.9860,27.98,no
2026-10-05T05:29:34.323371Z,KXBTC15M-26OCT050130-30,0.9870,15.94,no
2026-10-05T05:29:34.337531Z,KXBTC15M-26OCT050130-30,0.9860,4.95,no
2026-10-05T05:29:34.338393Z,KXBTC15M-26OCT050130-30,0.9860,41.61,no
2026-10-05T05:29:34.338393Z,KXBTC15M-26OCT050130-30,0.9860,6.45,no
2026-10-05T05:29:34.340223Z,KXBTC15M-26OCT050130-30,0.9860,23.11,no
2026-10-05T05:29:34.342403Z,KXBTC15M-26OCT050130-30,0.9880,100.00,yes
2026-10-05T05:29:34.391859Z,KXBTC15M-26OCT050130-30,0.9880,4.00,yes
2026-10-05T05:29:34.3Z,KXBTC15M-26OCT050130-30,0.9860,8.78,no
2026-10-05T05:29:34.3Z,KXBTC15M-26OCT050130-30,0.9860,0.01,no
2026-10-05T05:29:34.3Z,KXBTC15M-26OCT050130-30,0.9860,35.52,no
2026-10-05T05:29:34.445168Z,KXBTC15M-26OCT050130-30,0.9880,1.01,yes
2026-10-05T05:29:34.445488Z,KXBTC15M-26OCT050130-30,0.9880,11.00,yes
2026-10-05T05:29:34.448304Z,KXBTC15M-26OCT050130-30,0.9860,32.19,no
2026-10-05T05:29:34.448304Z,KXBTC15M-26OCT050130-30,0.9860,4.95,no
2026-10-05T05:29:34.448304Z,KXBTC15M-26OCT050130-30,0.9860,44.30,no
2026-10-05T05:29:34.448304Z,KXBTC15M-26OCT050130-30,0.9860,36.60,no
2026-10-05T05:29:34.448304Z,KXBTC15M-26OCT050130-30,0.9860,27.98,no
2026-10-05T05:29:34.448304Z,KXBTC15M-26OCT050130-30,0.9870,11.00,no
2026-10-05T05:29:34.472562Z,KXBTC15M-26OCT050130-30,0.9880,78.18,yes
2026-10-05T05:29:34.491959Z,KXBTC15M-26OCT050130-30,0.9860,38.98,no
2026-10-05T05:29:34.491959Z,KXBTC15M-26OCT050130-30,0.9860,16.06,no
2026-10-05T05:29:34.517576Z,KXBTC15M-26OCT050130-30,0.9880,1006.70,yes
2026-10-05T05:29:34.546798Z,KXBTC15M-26OCT050130-30,0.9880,0.01,yes
2026-10-05T05:29:34.546798Z,KXBTC15M-26OCT050130-30,0.9880,0.01,yes
2026-10-05T05:29:34.546798Z,KXBTC15M-26OCT050130-30,0.9880,7.03,yes
2026-10-05T05:29:34.560661Z,KXBTC15M-26OCT050130-30,0.9870,185.00,no
2026-10-05T05:29:34.584475Z,KXBTC15M-26OCT050130-30,0.9880,2.97,yes
2026-10-05T05:29:34.584475Z,KXBTC15M-26OCT050130-30,0.9880,0.01,yes
2026-10-05T05:29:34.584475Z,KXBTC15M-26OCT050130-30,0.9880,19.17,yes
2026-10-05T05:29:34.584475Z,KXBTC15M-26OCT050130-30,0.9880,0.01,yes
2026-10-05T05:29:34.586368Z,KXBTC15M-26OCT050130-30,0.9880,302.11,yes
2026-10-05T05:29:34.61202Z,KXBTC15M-26OCT050130-30,0.9880,8.36,yes
2026-10-05T05:29:34.631087Z,KXBTC15M-26OCT050130-30,0.9870,0.03,no
2026-10-05T05:29:34.677065Z,KXBTC15M-26OCT050130-30,0.9870,67.38,no
2026-10-05T05:29:34.682032Z,KXBTC15M-26OCT050130-30,0.9870,250.00,no
2026-10-05T05:29:34.692618Z,KXBTC15M-26OCT050130-30,0.9870,592.47,no
2026-10-05T05:29:34.692963Z,KXBTC15M-26OCT050130-30,0.9870,5.90,no
2026-10-05T05:29:34.715975Z,KXBTC15M-26OCT050130-30,0.9870,9.03,no
2026-10-05T05:29:34.722244Z,KXBTC15M-26OCT050130-30,0.9870,30.00,no
2026-10-05T05:29:34.749093Z,KXBTC15M-26OCT050130-30,0.9870,206.89,no
2026-10-05T05:29:34.757542Z,KXBTC15M-26OCT050130-30,0.9870,67.12,no
2026-10-05T05:29:34.757945Z,KXBTC15M-26OCT050130-30,0.9850,1.00,no
2026-10-05T05:29:34.757945Z,KXBTC15M-26OCT050130-30,0.9850,117.76,no
2026-10-05T05:29:34.757945Z,KXBTC15M-26OCT050130-30,0.9860,40.00,no
2026-10-05T05:29:34.757945Z,KXBTC15M-26OCT050130-30,0.9870,0.01,no
2026-10-05T05:29:34.757945Z,KXBTC15M-26OCT050130-30,0.9870,0.01,no
2026-10-05T05:29:34.757945Z,KXBTC15M-26OCT050130-30,0.9870,231.17,no
2026-10-05T05:29:34.757945Z,KXBTC15M-26OCT050130-30,0.9860,13.00,no
2026-10-05T05:29:34.768932Z,KXBTC15M-26OCT050130-30,0.9860,0.01,no
2026-10-05T05:29:34.768932Z,KXBTC15M-26OCT050130-30,0.9860,0.01,no
2026-10-05T05:29:34.768932Z,KXBTC15M-26OCT050130-30,0.9850,11.13,no
2026-10-05T05:29:34.777922Z,KXBTC15M-26OCT050130-30,0.9860,0.54,no
2026-10-05T05:29:34.803703Z,KXBTC15M-26OCT050130-30,0.9860,8.06,no
2026-10-05T05:29:34.811303Z,KXBTC15M-26OCT050130-30,0.9860,10.00,no
2026-10-05T05:29:34.848775Z,KXBTC15M-26OCT050130-30,0.9860,66.03,no
2026-10-05T05:29:34.880941Z,KXBTC15M-26OCT050130-30,0.9860,81.02,no
2026-10-05T05:29:34.884513Z,KXBTC15M-26OCT050130-30,0.9870,0.01,yes
2026-10-05T05:29:34.955043Z,KXBTC15M-26OCT050130-30,0.9860,13.00,no
2026-10-05T05:29:34.955043Z,KXBTC15M-26OCT050130-30,0.9860,10.00,no
2026-10-05T05:29:34.955043Z,KXBTC15M-26OCT050130-30,0.9860,8.54,no
2026-10-05T05:29:34.955043Z,KXBTC15M-26OCT050130-30,0.9860,19.35,no
2026-10-05T05:29:34.955043Z,KXBTC15M-26OCT050130-30,0.9860,8.60,no
2026-10-05T05:29:35.008604Z,KXBTC15M-26OCT050130-30,0.9870,2.99,yes
2026-10-05T05:29:35.008604Z,KXBTC15M-26OCT050130-30,0.9870,85.09,yes
2026-10-05T05:29:35.058164Z,KXBTC15M-26OCT050130-30,0.9870,0.98,yes
2026-10-05T05:29:35.058164Z,KXBTC15M-26OCT050130-30,0.9870,0.01,yes
2026-10-05T05:29:35.058164Z,KXBTC15M-26OCT050130-30,0.9870,0.01,yes
2026-10-05T05:29:35.061648Z,KXBTC15M-26OCT050130-30,0.9870,91.02,yes
2026-10-05T05:29:35.076977Z,KXBTC15M-26OCT050130-30,0.9890,26.54,yes
2026-10-05T05:29:35.08717Z,KXBTC15M-26OCT050130-30,0.9880,31.66,no
2026-10-05T05:29:35.092369Z,KXBTC15M-26OCT050130-30,0.9880,10.00,no
2026-10-05T05:29:35.10069Z,KXBTC15M-26OCT050130-30,0.9890,0.01,yes
2026-10-05T05:29:35.10069Z,KXBTC15M-26OCT050130-30,0.9890,0.01,yes
2026-10-05T05:29:35.10069Z,KXBTC15M-26OCT050130-30,0.9890,285.76,yes
2026-10-05T05:29:35.10069Z,KXBTC15M-26OCT050130-30,0.9890,12.00,yes
2026-10-05T05:29:35.10069Z,KXBTC15M-26OCT050130-30,0.9900,11.03,yes
2026-10-05T05:29:35.10069Z,KXBTC15M-26OCT050130-30,0.9900,50.00,yes
2026-10-05T05:29:35.15393Z,KXBTC15M-26OCT050130-30,0.9890,5.00,yes
2026-10-05T05:29:35.15393Z,KXBTC15M-26OCT050130-30,0.9890,0.01,yes
2026-10-05T05:29:35.15393Z,KXBTC15M-26OCT050130-30,0.9890,0.01,yes
2026-10-05T05:29:35.15393Z,KXBTC15M-26OCT050130-30,0.9890,110.94,yes
2026-10-05T05:29:35.199684Z,KXBTC15M-26OCT050130-30,0.9890,151.34,yes
2026-10-05T05:29:35.217075Z,KXBTC15M-26OCT050130-30,0.9880,2.00,no
2026-10-05T05:29:35.224594Z,KXBTC15M-26OCT050130-30,0.9880,66.82,no
2026-10-05T05:29:35.228917Z,KXBTC15M-26OCT050130-30,0.9880,10.00,no
2026-10-05T05:29:35.228917Z,KXBTC15M-26OCT050130-30,0.9880,74.52,no
2026-10-05T05:29:35.228917Z,KXBTC15M-26OCT050130-30,0.9880,0.01,no
2026-10-05T05:29:35.228917Z,KXBTC15M-26OCT050130-30,0.9880,0.01,no
2026-10-05T05:29:35.228917Z,KXBTC15M-26OCT050130-30,0.9880,31.66,no
2026-10-05T05:29:35.228917Z,KXBTC15M-26OCT050130-30,0.9880,217.88,no
2026-10-05T05:29:35.232055Z,KXBTC15M-26OCT050130-30,0.9890,9.00,yes
2026-10-05T05:29:35.232539Z,KXBTC15M-26OCT050130-30,0.9880,66.82,no
2026-10-05T05:29:35.236612Z,KXBTC15M-26OCT050130-30,0.9880,1.40,no
2026-10-05T05:29:35.244119Z,KXBTC15M-26OCT050130-30,0.9890,27.58,yes
2026-10-05T05:29:35.253179Z,KXBTC15M-26OCT050130-30,0.9880,66.22,no
2026-10-05T05:29:35.253179Z,KXBTC15M-26OCT050130-30,0.9880,0.60,no
2026-10-05T05:29:35.261898Z,KXBTC15M-26OCT050130-30,0.9890,161.61,yes
2026-10-05T05:29:35.280656Z,KXBTC15M-26OCT050130-30,0.9880,0.01,no
2026-10-05T05:29:35.280656Z,KXBTC15M-26OCT050130-30,0.9880,56.13,no
2026-10-05T05:29:35.280656Z,KXBTC15M-26OCT050130-30,0.9880,0.01,no
2026-10-05T05:29:35.280656Z,KXBTC15M-26OCT050130-30,0.9880,0.60,no
2026-10-05T05:29:35.292484Z,KXBTC15M-26OCT050130-30,0.9880,60.05,no
2026-10-05T05:29:35.292484Z,KXBTC15M-26OCT050130-30,0.9880,33.55,no
2026-10-05T05:29:35.292484Z,KXBTC15M-26OCT050130-30,0.9880,1.40,no
2026-10-05T05:29:35.301628Z,KXBTC15M-26OCT050130-30,0.9880,33.27,no
2026-10-05T05:29:35.301628Z,KXBTC15M-26OCT050130-30,0.9880,25.35,no
2026-10-05T05:29:35.301628Z,KXBTC15M-26OCT050130-30,0.9880,0.01,no
2026-10-05T05:29:35.301628Z,KXBTC15M-26OCT050130-30,0.9880,56.73,no
2026-10-05T05:29:35.304826Z,KXBTC15M-26OCT050130-30,0.9880,69.65,no
2026-10-05T05:29:35.304826Z,KXBTC15M-26OCT050130-30,0.9870,24.74,no
2026-10-05T05:29:35.304826Z,KXBTC15M-26OCT050130-30,0.9870,14.00,no
2026-10-05T05:29:35.311556Z,KXBTC15M-26OCT050130-30,0.9890,1.95,yes
2026-10-05T05:29:35.314764Z,KXBTC15M-26OCT050130-30,0.9880,15.00,no
2026-10-05T05:29:35.334979Z,KXBTC15M-26OCT050130-30,0.9880,66.82,no
2026-10-05T05:29:35.359224Z,KXBTC15M-26OCT050130-30,0.9890,14.68,yes
2026-10-05T05:29:35.368157Z,KXBTC15M-26OCT050130-30,0.9880,15.00,no
2026-10-05T05:29:35.368157Z,KXBTC15M-26OCT050130-30,0.9880,69.65,no
2026-10-05T05:29:35.368157Z,KXBTC15M-26OCT050130-30,0.9880,15.45,no
2026-10-05T05:29:35.368157Z,KXBTC15M-26OCT050130-30,0.9880,33.53,no
2026-10-05T05:29:35.378535Z,KXBTC15M-26OCT050130-30,0.9880,11.00,no
2026-10-05T05:29:35.378535Z,KXBTC15M-26OCT050130-30,0.9880,51.37,no
2026-10-05T05:29:35.378535Z,KXBTC15M-26OCT050130-30,0.9880,4.45,no
2026-10-05T05:29:35.379482Z,KXBTC15M-26OCT050130-30,0.9880,17.06,no
2026-10-05T05:29:35.387109Z,KXBTC15M-26OCT050130-30,0.9880,66.82,no
2026-10-05T05:29:35.393142Z,KXBTC15M-26OCT050130-30,0.9880,45.30,no
2026-10-05T05:29:35.393142Z,KXBTC15M-26OCT050130-30,0.9880,18.88,no
2026-10-05T05:29:35.396815Z,KXBTC15M-26OCT050130-30,0.9890,10.04,yes
2026-10-05T05:29:35.397918Z,KXBTC15M-26OCT050130-30,0.9880,1.00,no
2026-10-05T05:29:35.416801Z,KXBTC15M-26OCT050130-30,0.9880,13.12,no
2026-10-05T05:29:35.436186Z,KXBTC15M-26OCT050130-30,0.9890,54.21,yes
2026-10-05T05:29:35.463722Z,KXBTC15M-26OCT050130-30,0.9890,183.51,yes
2026-10-05T05:29:35.464133Z,KXBTC15M-26OCT050130-30,0.9880,38.75,no
2026-10-05T05:29:35.464436Z,KXBTC15M-26OCT050130-30,0.9890,0.01,yes
2026-10-05T05:29:35.464436Z,KXBTC15M-26OCT050130-30,0.9890,0.01,yes
2026-10-05T05:29:35.464436Z,KXBTC15M-26OCT050130-30,0.9890,16.69,yes
2026-10-05T05:29:35.464436Z,KXBTC15M-26OCT050130-30,0.9890,75.14,yes
2026-10-05T05:29:35.471755Z,KXBTC15M-26OCT050130-30,0.9890,70.31,yes
2026-10-05T05:29:35.471755Z,KXBTC15M-26OCT050130-30,0.9900,50.00,yes
2026-10-05T05:29:35.495042Z,KXBTC15M-26OCT050130-30,0.9880,0.57,no
2026-10-05T05:29:35.510805Z,KXBTC15M-26OCT050130-30,0.9880,9.44,no
2026-10-05T05:29:35.510805Z,KXBTC15M-26OCT050130-30,0.9880,0.56,no
2026-10-05T05:29:35.512634Z,KXBTC15M-26OCT050130-30,0.9890,10.09,yes
2026-10-05T05:29:35.512634Z,KXBTC15M-26OCT050130-30,0.9890,0.01,yes
2026-10-05T05:29:35.538347Z,KXBTC15M-26OCT050130-30,0.9890,14.10,yes
2026-10-05T05:29:35.538934Z,KXBTC15M-26OCT050130-30,0.9880,0.01,no
2026-10-05T05:29:35.538934Z,KXBTC15M-26OCT050130-30,0.9880,0.01,no
2026-10-05T05:29:35.538934Z,KXBTC15M-26OCT050130-30,0.9860,16.01,no
2026-10-05T05:29:35.55259Z,KXBTC15M-26OCT050130-30,0.9880,0.01,no
2026-10-05T05:29:35.55259Z,KXBTC15M-26OCT050130-30,0.9860,6.99,no
2026-10-05T05:29:35.55259Z,KXBTC15M-26OCT050130-30,0.9860,115.94,no
2026-10-05T05:29:35.554578Z,KXBTC15M-26OCT050130-30,0.9860,65.48,no
2026-10-05T05:29:35.580421Z,KXBTC15M-26OCT050130-30,0.9870,0.15,no
2026-10-05T05:29:35.625514Z,KXBTC15M-26OCT050130-30,0.9890,20.20,yes
2026-10-05T05:29:35.632511Z,KXBTC15M-26OCT050130-30,0.9870,10.00,no
2026-10-05T05:29:35.636074Z,KXBTC15M-26OCT050130-30,0.9870,58.57,no
2026-10-05T05:29:35.638632Z,KXBTC15M-26OCT050130-30,0.9870,19.00,no
2026-10-05T05:29:35.669492Z,KXBTC15M-26OCT050130-30,0.9890,59.37,yes
2026-10-05T05:29:35.670445Z,KXBTC15M-26OCT050130-30,0.9860,65.48,no
2026-10-05T05:29:35.676789Z,KXBTC15M-26OCT050130-30,0.9860,27.57,no
2026-10-05T05:29:35.676789Z,KXBTC15M-26OCT050130-30,0.9860,253.10,no
2026-10-05T05:29:35.687002Z,KXBTC15M-26OCT050130-30,0.9860,26.43,no
2026-10-05T05:29:35.687002Z,KXBTC15M-26OCT050130-30,0.9860,13.00,no
2026-10-05T05:29:35.687002Z,KXBTC15M-26OCT050130-30,0.9860,0.01,no
2026-10-05T05:29:35.687002Z,KXBTC15M-26OCT050130-30,0.9860,0.01,no
2026-10-05T05:29:35.687002Z,KXBTC15M-26OCT050130-30,0.9850,10.55,no
2026-10-05T05:29:35.720743Z,KXBTC15M-26OCT050130-30,0.9860,7.49,no
2026-10-05T05:29:35.720743Z,KXBTC15M-26OCT050130-30,0.9870,3.00,no
2026-10-05T05:29:35.739975Z,KXBTC15M-26OCT050130-30,0.9860,7.00,no
2026-10-05T05:29:35.739975Z,KXBTC15M-26OCT050130-30,0.9860,5.51,no
2026-10-05T05:29:35.739975Z,KXBTC15M-26OCT050130-30,0.9860,7.49,no
2026-10-05T05:29:35.739975Z,KXBTC15M-26OCT050130-30,0.9860,38.00,no
2026-10-05T05:29:35.739975Z,KXBTC15M-26OCT050130-30,0.9850,7.48,no
2026-10-05T05:29:35.747976Z,KXBTC15M-26OCT050130-30,0.9860,13.00,no
2026-10-05T05:29:35.747976Z,KXBTC15M-26OCT050130-30,0.9850,77.82,no
2026-10-05T05:29:35.751928Z,KXBTC15M-26OCT050130-30,0.9890,240.61,yes
2026-10-05T05:29:35.781131Z,KXBTC15M-26OCT050130-30,0.9890,90.93,yes
2026-10-05T05:29:35.801698Z,KXBTC15M-26OCT050130-30,0.9890,0.01,yes
2026-10-05T05:29:35.801698Z,KXBTC15M-26OCT050130-30,0.9890,0.01,yes
2026-10-05T05:29:35.801698Z,KXBTC15M-26OCT050130-30,0.9890,16.59,yes
2026-10-05T05:29:35.802817Z,KXBTC15M-26OCT050130-30,0.9900,4.94,yes
2026-10-05T05:29:35.860508Z,KXBTC15M-26OCT050130-30,0.9860,36.28,no
2026-10-05T05:29:35.871417Z,KXBTC15M-26OCT050130-30,0.9900,45.06,yes
2026-10-05T05:29:35.871417Z,KXBTC15M-26OCT050130-30,0.9900,0.01,yes
2026-10-05T05:29:35.871417Z,KXBTC15M-26OCT050130-30,0.9900,0.01,yes
2026-10-05T05:29:35.871417Z,KXBTC15M-26OCT050130-30,0.9900,4.41,yes
2026-10-05T05:29:35.905901Z,KXBTC15M-26OCT050130-30,0.9860,1.08,no
2026-10-05T05:29:35.920788Z,KXBTC15M-26OCT050130-30,0.9900,0.01,yes
2026-10-05T05:29:35.920788Z,KXBTC15M-26OCT050130-30,0.9900,0.01,yes
2026-10-05T05:29:35.920788Z,KXBTC15M-26OCT050130-30,0.9910,5.89,yes
2026-10-05T05:29:35.920788Z,KXBTC15M-26OCT050130-30,0.9890,0.01,yes
2026-10-05T05:29:35.920788Z,KXBTC15M-26OCT050130-30,0.9890,0.01,yes
2026-10-05T05:29:35.929549Z,KXBTC15M-26OCT050130-30,0.9860,45.76,no
2026-10-05T05:29:35.943701Z,KXBTC15M-26OCT050130-30,0.9910,0.12,yes
2026-10-05T05:29:35.943701Z,KXBTC15M-26OCT050130-30,0.9890,0.01,yes
2026-10-05T05:29:35.943701Z,KXBTC15M-26OCT050130-30,0.9900,0.01,yes
2026-10-05T05:29:35.943701Z,KXBTC15M-26OCT050130-30,0.9900,0.01,yes
2026-10-05T05:29:35.988812Z,KXBTC15M-26OCT050130-30,0.9890,0.01,yes
2026-10-05T05:29:35.988812Z,KXBTC15M-26OCT050130-30,0.9890,0.01,yes
2026-10-05T05:29:35.993962Z,KXBTC15M-26OCT050130-30,0.9900,13.51,no
2026-10-05T05:29:36.012793Z,KXBTC15M-26OCT050130-30,0.9900,1004.64,no
2026-10-05T05:29:36.014332Z,KXBTC15M-26OCT050130-30,0.9910,79.99,yes
2026-10-05T05:29:36.014332Z,KXBTC15M-26OCT050130-30,0.9910,0.01,yes
2026-10-05T05:29:36.014332Z,KXBTC15M-26OCT050130-30,0.9910,0.01,yes
2026-10-05T05:29:36.014332Z,KXBTC15M-26OCT050130-30,0.9930,120.00,yes
2026-10-05T05:29:36.014332Z,KXBTC15M-26OCT050130-30,0.9930,131.21,yes
2026-10-05T05:29:36.014332Z,KXBTC15M-26OCT050130-30,0.9930,1280.00,yes
2026-10-05T05:29:36.014332Z,KXBTC15M-26OCT050130-30,0.9930,392.50,yes
2026-10-05T05:29:36.018397Z,KXBTC15M-26OCT050130-30,0.9930,100.00,yes
2026-10-05T05:29:36.031317Z,KXBTC15M-26OCT050130-30,0.9910,77.94,no
2026-10-05T05:29:36.037355Z,KXBTC15M-26OCT050130-30,0.9910,71.84,no
2026-10-05T05:29:36.037355Z,KXBTC15M-26OCT050130-30,0.9910,72.06,no
2026-10-05T05:29:36.037724Z,KXBTC15M-26OCT050130-30,0.9930,82.06,yes
2026-10-05T05:29:36.038336Z,KXBTC15M-26OCT050130-30,0.9930,27.64,yes
2026-10-05T05:29:36.05966Z,KXBTC15M-26OCT050130-30,0.9930,391.62,yes
2026-10-05T05:29:36.068734Z,KXBTC15M-26OCT050130-30,0.9930,62.36,yes
2026-10-05T05:29:36.069252Z,KXBTC15M-26OCT050130-30,0.9920,62.25,no
2026-10-05T05:29:36.076492Z,KXBTC15M-26OCT050130-30,0.9930,37.38,yes
2026-10-05T05:29:36.087036Z,KXBTC15M-26OCT050130-30,0.9930,186.44,yes
2026-10-05T05:29:36.087036Z,KXBTC15M-26OCT050130-30,0.9930,696.21,yes
2026-10-05T05:29:36.094676Z,KXBTC15M-26OCT050130-30,0.9930,60.00,yes
2026-10-05T05:29:36.097942Z,KXBTC15M-26OCT050130-30,0.9930,9.59,yes
2026-10-05T05:29:36.109865Z,KXBTC15M-26OCT050130-30,0.9930,151.00,yes
2026-10-05T05:29:36.12383Z,KXBTC15M-26OCT050130-30,0.9930,6.00,yes
2026-10-05T05:29:36.14215Z,KXBTC15M-26OCT050130-30,0.9930,14.00,yes
2026-10-05T05:29:36.146278Z,KXBTC15M-26OCT050130-30,0.9920,3.34,no
2026-10-05T05:29:36.157959Z,KXBTC15M-26OCT050130-30,0.9920,7.91,no
2026-10-05T05:29:36.159168Z,KXBTC15M-26OCT050130-30,0.9920,75.90,no
2026-10-05T05:29:36.159168Z,KXBTC15M-26OCT050130-30,0.9920,0.01,no
2026-10-05T05:29:36.159168Z,KXBTC15M-26OCT050130-30,0.9920,0.01,no
2026-10-05T05:29:36.159168Z,KXBTC15M-26OCT050130-30,0.9920,57.71,no
2026-10-05T05:29:36.166131Z,KXBTC15M-26OCT050130-30,0.9920,100.00,no
2026-10-05T05:29:36.166131Z,KXBTC15M-26OCT050130-30,0.9920,316.60,no
2026-10-05T05:29:36.166131Z,KXBTC15M-26OCT050130-30,0.9920,268.44,no
2026-10-05T05:29:36.169502Z,KXBTC15M-26OCT050130-30,0.9920,343.78,no
2026-10-05T05:29:36.169502Z,KXBTC15M-26OCT050130-30,0.9920,27.64,no
2026-10-05T05:29:36.169502Z,KXBTC15M-26OCT050130-30,0.9920,82.06,no
2026-10-05T05:29:36.169502Z,KXBTC15M-26OCT050130-30,0.9920,231.56,no
2026-10-05T05:29:36.176166Z,KXBTC15M-26OCT050130-30,0.9930,1.00,yes
2026-10-05T05:29:36.191322Z,KXBTC15M-26OCT050130-30,0.9930,2.00,yes
2026-10-05T05:29:36.191631Z,KXBTC15M-26OCT050130-30,0.9920,37.38,no
2026-10-05T05:29:36.191631Z,KXBTC15M-26OCT050130-30,0.9920,62.36,no
2026-10-05T05:29:36.191631Z,KXBTC15M-26OCT050130-30,0.9920,24.52,no
2026-10-05T05:29:36.191631Z,KXBTC15M-26OCT050130-30,0.9920,9.37,no
2026-10-05T05:29:36.1916Z,KXBTC15M-26OCT050130-30,0.9920,23.32,no
2026-10-05T05:29:36.203029Z,KXBTC15M-26OCT050130-30,0.9920,0.01,no
2026-10-05T05:29:36.203029Z,KXBTC15M-26OCT050130-30,0.9920,0.01,no
2026-10-05T05:29:36.203029Z,KXBTC15M-26OCT050130-30,0.9920,177.07,no
2026-10-05T05:29:36.203029Z,KXBTC15M-26OCT050130-30,0.9900,72.26,no
2026-10-05T05:29:36.210316Z,KXBTC15M-26OCT050130-30,0.9930,6.00,yes
2026-10-05T05:29:36.210918Z,KXBTC15M-26OCT050130-30,0.9920,62.24,no
2026-10-05T05:29:36.210918Z,KXBTC15M-26OCT050130-30,0.9920,0.01,no
2026-10-05T05:29:36.222217Z,KXBTC15M-26OCT050130-30,0.9920,0.01,no
2026-10-05T05:29:36.222217Z,KXBTC15M-26OCT050130-30,0.9920,0.01,no
2026-10-05T05:29:36.222217Z,KXBTC15M-26OCT050130-30,0.9920,150.76,no
2026-10-05T05:29:36.222217Z,KXBTC15M-26OCT050130-30,0.9900,236.02,no
2026-10-05T05:29:36.227258Z,KXBTC15M-26OCT050130-30,0.9930,34.00,yes
2026-10-05T05:29:36.247793Z,KXBTC15M-26OCT050130-30,0.9930,16.00,yes
2026-10-05T05:29:36.254146Z,KXBTC15M-26OCT050130-30,0.9930,1504.20,yes
2026-10-05T05:29:36.254146Z,KXBTC15M-26OCT050130-30,0.9930,853.72,yes
2026-10-05T05:29:36.266583Z,KXBTC15M-26OCT050130-30,0.9930,39.00,yes
2026-10-05T05:29:36.272359Z,KXBTC15M-26OCT050130-30,0.9920,0.01,no
2026-10-05T05:29:36.272359Z,KXBTC15M-26OCT050130-30,0.9920,1.06,no
2026-10-05T05:29:36.282523Z,KXBTC15M-26OCT050130-30,0.9920,66.25,no
2026-10-05T05:29:36.283273Z,KXBTC15M-26OCT050130-30,0.9930,14.00,yes
2026-10-05T05:29:36.296306Z,KXBTC15M-26OCT050130-30,0.9930,3.80,yes
2026-10-05T05:29:36.296696Z,KXBTC15M-26OCT050130-30,0.9920,52.69,no
2026-10-05T05:29:36.296696Z,KXBTC15M-26OCT050130-30,0.9920,11.97,no
2026-10-05T05:29:36.296696Z,KXBTC15M-26OCT050130-30,0.9920,0.01,no
2026-10-05T05:29:36.298624Z,KXBTC15M-26OCT050130-30,0.9930,3.00,yes
2026-10-05T05:29:36.315575Z,KXBTC15M-26OCT050130-30,0.9920,8.40,no
2026-10-05T05:29:36.316241Z,KXBTC15M-26OCT050130-30,0.9930,1.00,yes
2026-10-05T05:29:36.336145Z,KXBTC15M-26OCT050130-30,0.9930,31.00,yes
2026-10-05T05:29:36.337595Z,KXBTC15M-26OCT050130-30,0.9920,659.78,no
2026-10-05T05:29:36.344348Z,KXBTC15M-26OCT050130-30,0.9930,21.41,yes
2026-10-05T05:29:36.349392Z,KXBTC15M-26OCT050130-30,0.9920,33.54,no
2026-10-05T05:29:36.352356Z,KXBTC15M-26OCT050130-30,0.9930,1.00,yes
2026-10-05T05:29:36.353345Z,KXBTC15M-26OCT050130-30,0.9920,14.00,no
2026-10-05T05:29:36.353345Z,KXBTC15M-26OCT050130-30,0.9920,140.03,no
2026-10-05T05:29:36.353345Z,KXBTC15M-26OCT050130-30,0.9910,17.00,no
2026-10-05T05:29:36.353345Z,KXBTC15M-26OCT050130-30,0.9920,0.01,no
2026-10-05T05:29:36.353345Z,KXBTC15M-26OCT050130-30,0.9910,65.81,no
2026-10-05T05:29:36.353345Z,KXBTC15M-26OCT050130-30,0.9920,3.00,no
2026-10-05T05:29:36.353345Z,KXBTC15M-26OCT050130-30,0.9920,0.01,no
2026-10-05T05:29:36.353345Z,KXBTC15M-26OCT050130-30,0.9920,3.80,no
2026-10-05T05:29:36.353345Z,KXBTC15M-26OCT050130-30,0.9920,39.00,no
2026-10-05T05:29:36.353345Z,KXBTC15M-26OCT050130-30,0.9920,1.00,no
2026-10-05T05:29:36.358489Z,KXBTC15M-26OCT050130-30,0.9910,12.53,no
2026-10-05T05:29:36.362101Z,KXBTC15M-26OCT050130-30,0.9920,0.01,yes
2026-10-05T05:29:36.362101Z,KXBTC15M-26OCT050130-30,0.9920,0.01,yes
2026-10-05T05:29:36.362101Z,KXBTC15M-26OCT050130-30,0.9930,48.28,yes
2026-10-05T05:29:36.362934Z,KXBTC15M-26OCT050130-30,0.9930,200.00,yes
2026-10-05T05:29:36.388004Z,KXBTC15M-26OCT050130-30,0.9920,0.01,yes
2026-10-05T05:29:36.388004Z,KXBTC15M-26OCT050130-30,0.9920,0.01,yes
2026-10-05T05:29:36.388004Z,KXBTC15M-26OCT050130-30,0.9930,22.45,yes
2026-10-05T05:29:36.393541Z,KXBTC15M-26OCT050130-30,0.9920,133.63,no
2026-10-05T05:29:36.409896Z,KXBTC15M-26OCT050130-30,0.9930,113.32,yes
2026-10-05T05:29:36.409896Z,KXBTC15M-26OCT050130-30,0.9930,41.34,yes
2026-10-05T05:29:36.423702Z,KXBTC15M-26OCT050130-30,0.9920,0.01,no
2026-10-05T05:29:36.423702Z,KXBTC15M-26OCT050130-30,0.9910,93.49,no
2026-10-05T05:29:36.423702Z,KXBTC15M-26OCT050130-30,0.9920,0.01,no
2026-10-05T05:29:36.427945Z,KXBTC15M-26OCT050130-30,0.9910,224.03,no
2026-10-05T05:29:36.442728Z,KXBTC15M-26OCT050130-30,0.9930,5.03,yes
2026-10-05T05:29:36.471346Z,KXBTC15M-26OCT050130-30,0.9920,0.01,no
2026-10-05T05:29:36.471346Z,KXBTC15M-26OCT050130-30,0.9910,0.99,no
2026-10-05T05:29:36.471556Z,KXBTC15M-26OCT050130-30,0.9930,53.12,yes
2026-10-05T05:29:36.477463Z,KXBTC15M-26OCT050130-30,0.9930,676.40,yes
2026-10-05T05:29:36.500124Z,KXBTC15M-26OCT050130-30,0.9910,20.83,no
2026-10-05T05:29:36.500124Z,KXBTC15M-26OCT050130-30,0.9910,0.01,no
2026-10-05T05:29:36.500124Z,KXBTC15M-26OCT050130-30,0.9910,103.15,no
2026-10-05T05:29:36.500124Z,KXBTC15M-26OCT050130-30,0.9910,17.00,no
2026-10-05T05:29:36.500124Z,KXBTC15M-26OCT050130-30,0.9910,0.01,no
2026-10-05T05:29:36.543748Z,KXBTC15M-26OCT050130-30,0.9910,41.91,no
2026-10-05T05:29:36.568663Z,KXBTC15M-26OCT050130-30,0.9910,120.12,no
2026-10-05T05:29:36.579088Z,KXBTC15M-26OCT050130-30,0.9930,6.00,yes
2026-10-05T05:29:36.579088Z,KXBTC15M-26OCT050130-30,0.9930,0.01,yes
2026-10-05T05:29:36.579088Z,KXBTC15M-26OCT050130-30,0.9930,0.01,yes
2026-10-05T05:29:36.58326Z,KXBTC15M-26OCT050130-30,0.9910,1063.82,no
2026-10-05T05:29:36.629721Z,KXBTC15M-26OCT050130-30,0.9910,10.94,no
2026-10-05T05:29:36.629721Z,KXBTC15M-26OCT050130-30,0.9910,0.01,no
2026-10-05T05:29:36.63318Z,KXBTC15M-26OCT050130-30,0.9930,4.93,yes
2026-10-05T05:29:36.657392Z,KXBTC15M-26OCT050130-30,0.9910,6.06,no
2026-10-05T05:29:36.657392Z,KXBTC15M-26OCT050130-30,0.9910,0.01,no
2026-10-05T05:29:36.657392Z,KXBTC15M-26OCT050130-30,0.9910,11.45,no
2026-10-05T05:29:36.696448Z,KXBTC15M-26OCT050130-30,0.9910,0.05,no
2026-10-05T05:29:36.699763Z,KXBTC15M-26OCT050130-30,0.9930,80.00,yes
2026-10-05T05:29:36.699763Z,KXBTC15M-26OCT050130-30,0.9930,6.00,yes
2026-10-05T05:29:36.699763Z,KXBTC15M-26OCT050130-30,0.9930,0.01,yes
2026-10-05T05:29:36.699763Z,KXBTC15M-26OCT050130-30,0.9930,0.01,yes
2026-10-05T05:29:36.699763Z,KXBTC15M-26OCT050130-30,0.9930,4.07,yes
2026-10-05T05:29:36.699763Z,KXBTC15M-26OCT050130-30,0.9930,4.93,yes
2026-10-05T05:29:36.699763Z,KXBTC15M-26OCT050130-30,0.9940,1006.00,yes
2026-10-05T05:29:36.699763Z,KXBTC15M-26OCT050130-30,0.9940,50.00,yes
2026-10-05T05:29:36.707311Z,KXBTC15M-26OCT050130-30,0.9910,23.56,no
2026-10-05T05:29:36.732872Z,KXBTC15M-26OCT050130-30,0.9930,0.01,yes
2026-10-05T05:29:36.732872Z,KXBTC15M-26OCT050130-30,0.9930,0.01,yes
2026-10-05T05:29:36.732872Z,KXBTC15M-26OCT050130-30,0.9930,15.00,yes
2026-10-05T05:29:36.732872Z,KXBTC15M-26OCT050130-30,0.9940,41.20,yes
2026-10-05T05:29:36.742319Z,KXBTC15M-26OCT050130-30,0.9910,109.64,no
2026-10-05T05:29:36.742889Z,KXBTC15M-26OCT050130-30,0.9930,0.01,yes
2026-10-05T05:29:36.742889Z,KXBTC15M-26OCT050130-30,0.9930,0.01,yes
2026-10-05T05:29:36.742889Z,KXBTC15M-26OCT050130-30,0.9930,15.00,yes
2026-10-05T05:29:36.742889Z,KXBTC15M-26OCT050130-30,0.9940,120.00,yes
2026-10-05T05:29:36.742889Z,KXBTC15M-26OCT050130-30,0.9940,182.80,yes
2026-10-05T05:29:36.742889Z,KXBTC15M-26OCT050130-30,0.9940,733.65,yes
2026-10-05T05:29:36.769453Z,KXBTC15M-26OCT050130-30,0.9920,1.03,no
2026-10-05T05:29:36.785454Z,KXBTC15M-26OCT050130-30,0.9920,116.88,no
2026-10-05T05:29:36.795249Z,KXBTC15M-26OCT050130-30,0.9930,15.00,yes
2026-10-05T05:29:36.795249Z,KXBTC15M-26OCT050130-30,0.9930,0.01,yes
2026-10-05T05:29:36.795249Z,KXBTC15M-26OCT050130-30,0.9930,0.01,yes
2026-10-05T05:29:36.795249Z,KXBTC15M-26OCT050130-30,0.9940,104.94,yes
2026-10-05T05:29:36.795256Z,KXBTC15M-26OCT050130-30,0.9920,0.01,no
2026-10-05T05:29:36.795256Z,KXBTC15M-26OCT050130-30,0.9920,11.51,no
2026-10-05T05:29:36.795256Z,KXBTC15M-26OCT050130-30,0.9920,2.09,no
2026-10-05T05:29:36.795256Z,KXBTC15M-26OCT050130-30,0.9920,0.01,no
2026-10-05T05:29:36.797459Z,KXBTC15M-26OCT050130-30,0.9930,116.88,no
2026-10-05T05:29:36.797485Z,KXBTC15M-26OCT050130-30,0.9940,19.32,yes
2026-10-05T05:29:36.807955Z,KXBTC15M-26OCT050130-30,0.9930,33.12,no
2026-10-05T05:29:36.807955Z,KXBTC15M-26OCT050130-30,0.9930,70.79,no
2026-10-05T05:29:36.818748Z,KXBTC15M-26OCT050130-30,0.9930,0.01,no
2026-10-05T05:29:36.818748Z,KXBTC15M-26OCT050130-30,0.9920,19.19,no
2026-10-05T05:29:36.818748Z,KXBTC15M-26OCT050130-30,0.9930,0.01,no
2026-10-05T05:29:36.82033Z,KXBTC15M-26OCT050130-30,0.9930,1.00,yes
2026-10-05T05:29:36.825357Z,KXBTC15M-26OCT050130-30,0.9920,19.30,no
2026-10-05T05:29:36.825357Z,KXBTC15M-26OCT050130-30,0.9920,73.83,no
2026-10-05T05:29:36.856698Z,KXBTC15M-26OCT050130-30,0.9940,7.88,yes
2026-10-05T05:29:36.865566Z,KXBTC15M-26OCT050130-30,0.9920,24.03,no
2026-10-05T05:29:36.869552Z,KXBTC15M-26OCT050130-30,0.9920,50.94,no
2026-10-05T05:29:36.890733Z,KXBTC15M-26OCT050130-30,0.9930,27.20,no
2026-10-05T05:29:36.890733Z,KXBTC15M-26OCT050130-30,0.9920,284.51,no
2026-10-05T05:29:36.899058Z,KXBTC15M-26OCT050130-30,0.9930,20.13,yes
2026-10-05T05:29:36.925994Z,KXBTC15M-26OCT050130-30,0.9920,2.47,no
2026-10-05T05:29:36.927287Z,KXBTC15M-26OCT050130-30,0.9920,49.87,no
2026-10-05T05:29:36.927292Z,KXBTC15M-26OCT050130-30,0.9920,12.29,no
2026-10-05T05:29:36.932904Z,KXBTC15M-26OCT050130-30,0.9930,7.23,yes
2026-10-05T05:29:36.932904Z,KXBTC15M-26OCT050130-30,0.9930,0.01,yes
2026-10-05T05:29:36.932904Z,KXBTC15M-26OCT050130-30,0.9930,0.01,yes
2026-10-05T05:29:36.96773Z,KXBTC15M-26OCT050130-30,0.9930,0.01,yes
2026-10-05T05:29:36.96773Z,KXBTC15M-26OCT050130-30,0.9930,5.73,yes
2026-10-05T05:29:36.96773Z,KXBTC15M-26OCT050130-30,0.9930,0.01,yes
2026-10-05T05:29:36.981611Z,KXBTC15M-26OCT050130-30,0.9930,0.01,yes
2026-10-05T05:29:36.981611Z,KXBTC15M-26OCT050130-30,0.9930,15.00,yes
2026-10-05T05:29:36.981611Z,KXBTC15M-26OCT050130-30,0.9930,0.01,yes
2026-10-05T05:29:36.981611Z,KXBTC15M-26OCT050130-30,0.9940,414.21,yes
2026-10-05T05:29:36.981611Z,KXBTC15M-26OCT050130-30,0.9940,370.77,yes
2026-10-05T05:29:36.994396Z,KXBTC15M-26OCT050130-30,0.9930,12.05,no
2026-10-05T05:29:36.996232Z,KXBTC15M-26OCT050130-30,0.9930,0.01,no
2026-10-05T05:29:36.996232Z,KXBTC15M-26OCT050130-30,0.9930,0.01,no
2026-10-05T05:29:37.010437Z,KXBTC15M-26OCT050130-30,0.9920,32.21,no
2026-10-05T05:29:37.013067Z,KXBTC15M-26OCT050130-30,0.9920,126.00,no
2026-10-05T05:29:37.045482Z,KXBTC15M-26OCT050130-30,0.9920,77.50,no
2026-10-05T05:29:37.045482Z,KXBTC15M-26OCT050130-30,0.9920,26.41,no
2026-10-05T05:29:37.055479Z,KXBTC15M-26OCT050130-30,0.9920,103.91,no
2026-10-05T05:29:37.064717Z,KXBTC15M-26OCT050130-30,0.9920,518.89,no
2026-10-05T05:29:37.116082Z,KXBTC15M-26OCT050130-30,0.9920,103.91,no
2026-10-05T05:29:37.12607Z,KXBTC15M-26OCT050130-30,0.9920,182.80,no
2026-10-05T05:29:37.12607Z,KXBTC15M-26OCT050130-30,0.9920,252.88,no
2026-10-05T05:29:37.12607Z,KXBTC15M-26OCT050130-30,0.9920,64.28,no
2026-10-05T05:29:37.12607Z,KXBTC15M-26OCT050130-30,0.9920,0.01,no
2026-10-05T05:29:37.12607Z,KXBTC15M-26OCT050130-30,0.9920,0.01,no
2026-10-05T05:29:37.128683Z,KXBTC15M-26OCT050130-30,0.9920,0.71,no
2026-10-05T05:29:37.196144Z,KXBTC15M-26OCT050130-30,0.9920,4.77,no
2026-10-05T05:29:37.196144Z,KXBTC15M-26OCT050130-30,0.9920,39.95,no
2026-10-05T05:29:37.19783Z,KXBTC15M-26OCT050130-30,0.9920,33.97,no
2026-10-05T05:29:37.239957Z,KXBTC15M-26OCT050130-30,0.9920,101.45,no
2026-10-05T05:29:37.239957Z,KXBTC15M-26OCT050130-30,0.9920,2.46,no
2026-10-05T05:29:37.339431Z,KXBTC15M-26OCT050130-30,0.9920,72.94,no
2026-10-05T05:29:37.366997Z,KXBTC15M-26OCT050130-30,0.9920,0.01,no
2026-10-05T05:29:37.366997Z,KXBTC15M-26OCT050130-30,0.9920,376.33,no
2026-10-05T05:29:37.366997Z,KXBTC15M-26OCT050130-30,0.9920,0.01,no
2026-10-05T05:29:37.366997Z,KXBTC15M-26OCT050130-30,0.9920,196.38,no
2026-10-05T05:29:37.383692Z,KXBTC15M-26OCT050130-30,0.9920,37.00,no
2026-10-05T05:29:37.386667Z,KXBTC15M-26OCT050130-30,0.9930,0.01,yes
2026-10-05T05:29:37.386667Z,KXBTC15M-26OCT050130-30,0.9930,0.01,yes
2026-10-05T05:29:37.386667Z,KXBTC15M-26OCT050130-30,0.9930,15.00,yes
2026-10-05T05:29:37.386667Z,KXBTC15M-26OCT050130-30,0.9940,30.18,yes
2026-10-05T05:29:37.410588Z,KXBTC15M-26OCT050130-30,0.9930,15.00,yes
2026-10-05T05:29:37.410588Z,KXBTC15M-26OCT050130-30,0.9930,0.01,yes
2026-10-05T05:29:37.414101Z,KXBTC15M-26OCT050130-30,0.9930,23.35,no
2026-10-05T05:29:37.418874Z,KXBTC15M-26OCT050130-30,0.9920,48.28,no
2026-10-05T05:29:37.418874Z,KXBTC15M-26OCT050130-30,0.9920,21.41,no
2026-10-05T05:29:37.418874Z,KXBTC15M-26OCT050130-30,0.9930,0.01,no
2026-10-05T05:29:37.418874Z,KXBTC15M-26OCT050130-30,0.9930,0.01,no
2026-10-05T05:29:37.418874Z,KXBTC15M-26OCT050130-30,0.9930,150.00,no
2026-10-05T05:29:37.418874Z,KXBTC15M-26OCT050130-30,0.9930,150.00,no
2026-10-05T05:29:37.418874Z,KXBTC15M-26OCT050130-30,0.9930,150.00,no
2026-10-05T05:29:37.418874Z,KXBTC15M-26OCT050130-30,0.9930,150.00,no
2026-10-05T05:29:37.418874Z,KXBTC15M-26OCT050130-30,0.9920,0.88,no
2026-10-05T05:29:37.418874Z,KXBTC15M-26OCT050130-30,0.9930,150.00,no
2026-10-05T05:29:37.418874Z,KXBTC15M-26OCT050130-30,0.9930,150.00,no
2026-10-05T05:29:37.418874Z,KXBTC15M-26OCT050130-30,0.9920,1.00,no
2026-10-05T05:29:37.418874Z,KXBTC15M-26OCT050130-30,0.9930,150.00,no
2026-10-05T05:29:37.418874Z,KXBTC15M-26OCT050130-30,0.9930,961.64,no
2026-10-05T05:29:37.418874Z,KXBTC15M-26OCT050130-30,0.9920,110.06,no
2026-10-05T05:29:37.42271Z,KXBTC15M-26OCT050130-30,0.9940,42.53,yes
2026-10-05T05:29:37.434211Z,KXBTC15M-26OCT050130-30,0.9920,5.45,no
2026-10-05T05:29:37.464983Z,KXBTC15M-26OCT050130-30,0.9930,0.01,no
2026-10-05T05:29:37.464983Z,KXBTC15M-26OCT050130-30,0.9930,0.01,no
2026-10-05T05:29:37.464983Z,KXBTC15M-26OCT050130-30,0.9920,84.49,no
2026-10-05T05:29:37.464983Z,KXBTC15M-26OCT050130-30,0.9920,53.45,no
2026-10-05T05:29:37.464983Z,KXBTC15M-26OCT050130-30,0.9920,41.34,no
2026-10-05T05:29:37.464983Z,KXBTC15M-26OCT050130-30,0.9920,13.93,no
2026-10-05T05:29:37.481064Z,KXBTC15M-26OCT050130-30,0.9930,28.57,yes
2026-10-05T05:29:37.491763Z,KXBTC15M-26OCT050130-30,0.9920,10.09,no
2026-10-05T05:29:37.509338Z,KXBTC15M-26OCT050130-30,0.9920,10.69,no
2026-10-05T05:29:37.533811Z,KXBTC15M-26OCT050130-30,0.9920,1.08,no
2026-10-05T05:29:37.540457Z,KXBTC15M-26OCT050130-30,0.9940,0.01,yes
2026-10-05T05:29:37.540457Z,KXBTC15M-26OCT050130-30,0.9940,16.00,yes
2026-10-05T05:29:37.540457Z,KXBTC15M-26OCT050130-30,0.9940,0.01,yes
2026-10-05T05:29:37.540457Z,KXBTC15M-26OCT050130-30,0.9950,823.62,yes
2026-10-05T05:29:37.540457Z,KXBTC15M-26OCT050130-30,0.9940,836.52,yes
2026-10-05T05:29:37.540457Z,KXBTC15M-26OCT050130-30,0.9940,1280.00,yes
2026-10-05T05:29:37.55141Z,KXBTC15M-26OCT050130-30,0.9940,0.01,no
2026-10-05T05:29:37.55141Z,KXBTC15M-26OCT050130-30,0.9940,0.01,no
2026-10-05T05:29:37.55141Z,KXBTC15M-26OCT050130-30,0.9920,206.77,no
2026-10-05T05:29:37.552966Z,KXBTC15M-26OCT050130-30,0.9950,18.26,yes
2026-10-05T05:29:37.55332Z,KXBTC15M-26OCT050130-30,0.9920,121.00,no
2026-10-05T05:29:37.597757Z,KXBTC15M-26OCT050130-30,0.9920,0.01,no
2026-10-05T05:29:37.597757Z,KXBTC15M-26OCT050130-30,0.9920,30.18,no
2026-10-05T05:29:37.597757Z,KXBTC15M-26OCT050130-30,0.9930,836.52,no
2026-10-05T05:29:37.597757Z,KXBTC15M-26OCT050130-30,0.9920,42.53,no
2026-10-05T05:29:37.597757Z,KXBTC15M-26OCT050130-30,0.9920,0.01,no
2026-10-05T05:29:37.597757Z,KXBTC15M-26OCT050130-30,0.9930,0.01,no
2026-10-05T05:29:37.597757Z,KXBTC15M-26OCT050130-30,0.9920,971.91,no
2026-10-05T05:29:37.597757Z,KXBTC15M-26OCT050130-30,0.9930,51.00,no
2026-10-05T05:29:37.597757Z,KXBTC15M-26OCT050130-30,0.9920,136.44,no
2026-10-05T05:29:37.604202Z,KXBTC15M-26OCT050130-30,0.9940,20.00,no
2026-10-05T05:29:37.606244Z,KXBTC15M-26OCT050130-30,0.9940,0.02,no
2026-10-05T05:29:37.607252Z,KXBTC15M-26OCT050130-30,0.9940,11.69,no
2026-10-05T05:29:37.60781Z,KXBTC15M-26OCT050130-30,0.9940,233.77,no
2026-10-05T05:29:37.608979Z,KXBTC15M-26OCT050130-30,0.9940,150.00,no
2026-10-05T05:29:37.611261Z,KXBTC15M-26OCT050130-30,0.9940,2.18,no
2026-10-05T05:29:37.635689Z,KXBTC15M-26OCT050130-30,0.9940,2.34,no
2026-10-05T05:29:37.650931Z,KXBTC15M-26OCT050130-30,0.9940,10.00,no
2026-10-05T05:29:37.673917Z,KXBTC15M-26OCT050130-30,0.9940,5.39,no
2026-10-05T05:29:37.69975Z,KXBTC15M-26OCT050130-30,0.9940,233.77,no
2026-10-05T05:29:37.720354Z,KXBTC15M-26OCT050130-30,0.9920,28.09,no
2026-10-05T05:29:37.720354Z,KXBTC15M-26OCT050130-30,0.9940,0.01,no
2026-10-05T05:29:37.720354Z,KXBTC15M-26OCT050130-30,0.9940,18.26,no
2026-10-05T05:29:37.720354Z,KXBTC15M-26OCT050130-30,0.9940,154.46,no
2026-10-05T05:29:37.720354Z,KXBTC15M-26OCT050130-30,0.9920,66.33,no
2026-10-05T05:29:37.74715Z,KXBTC15M-26OCT050130-30,0.9930,5.03,yes
2026-10-05T05:29:37.805541Z,KXBTC15M-26OCT050130-30,0.9920,0.67,no
2026-10-05T05:29:37.808103Z,KXBTC15M-26OCT050130-30,0.9920,68.85,no
2026-10-05T05:29:37.817007Z,KXBTC15M-26OCT050130-30,0.9940,0.01,yes
2026-10-05T05:29:37.817007Z,KXBTC15M-26OCT050130-30,0.9930,0.01,yes
2026-10-05T05:29:37.817007Z,KXBTC15M-26OCT050130-30,0.9930,0.01,yes
2026-10-05T05:29:37.817007Z,KXBTC15M-26OCT050130-30,0.9940,0.01,yes
2026-10-05T05:29:37.817007Z,KXBTC15M-26OCT050130-30,0.9940,16.00,yes
2026-10-05T05:29:37.817007Z,KXBTC15M-26OCT050130-30,0.9950,2000.00,yes
2026-10-05T05:29:37.817007Z,KXBTC15M-26OCT050130-30,0.9950,1158.12,yes
2026-10-05T05:29:37.817007Z,KXBTC15M-26OCT050130-30,0.9950,120.00,yes
2026-10-05T05:29:37.817007Z,KXBTC15M-26OCT050130-30,0.9950,164.22,yes
2026-10-05T05:29:37.817007Z,KXBTC15M-26OCT050130-30,0.9950,2000.00,yes
2026-10-05T05:29:37.830869Z,KXBTC15M-26OCT050130-30,0.9920,364.15,no
2026-10-05T05:29:37.830869Z,KXBTC15M-26OCT050130-30,0.9920,0.01,no
2026-10-05T05:29:37.831488Z,KXBTC15M-26OCT050130-30,0.9910,61.99,no
2026-10-05T05:29:37.831488Z,KXBTC15M-26OCT050130-30,0.9920,0.01,no
2026-10-05T05:29:37.848709Z,KXBTC15M-26OCT050130-30,0.9910,17.00,no
2026-10-05T05:29:37.848709Z,KXBTC15M-26OCT050130-30,0.9910,0.01,no
2026-10-05T05:29:37.875271Z,KXBTC15M-26OCT050130-30,0.9910,150.00,yes
2026-10-05T05:29:37.875271Z,KXBTC15M-26OCT050130-30,0.9910,0.01,yes
2026-10-05T05:29:37.875271Z,KXBTC15M-26OCT050130-30,0.9910,0.01,yes
2026-10-05T05:29:37.875271Z,KXBTC15M-26OCT050130-30,0.9920,108.09,yes
2026-10-05T05:29:37.875271Z,KXBTC15M-26OCT050130-30,0.9910,150.00,yes
2026-10-05T05:29:37.875271Z,KXBTC15M-26OCT050130-30,0.9920,0.01,yes
2026-10-05T05:29:37.875271Z,KXBTC15M-26OCT050130-30,0.9910,150.00,yes
2026-10-05T05:29:37.875271Z,KXBTC15M-26OCT050130-30,0.9910,150.00,yes
2026-10-05T05:29:37.875271Z,KXBTC15M-26OCT050130-30,0.9910,150.00,yes
2026-10-05T05:29:37.875271Z,KXBTC15M-26OCT050130-30,0.9910,150.00,yes
2026-10-05T05:29:37.875271Z,KXBTC15M-26OCT050130-30,0.9910,150.00,yes
2026-10-05T05:29:37.881715Z,KXBTC15M-26OCT050130-30,0.9900,424.00,no
2026-10-05T05:29:37.901904Z,KXBTC15M-26OCT050130-30,0.9910,0.01,yes
2026-10-05T05:29:37.901904Z,KXBTC15M-26OCT050130-30,0.9920,8.02,yes
2026-10-05T05:29:37.901904Z,KXBTC15M-26OCT050130-30,0.9910,0.01,yes
2026-10-05T05:29:37.903862Z,KXBTC15M-26OCT050130-30,0.9920,13.08,yes
2026-10-05T05:29:37.911674Z,KXBTC15M-26OCT050130-30,0.9910,66.71,no
2026-10-05T05:29:37.913211Z,KXBTC15M-26OCT050130-30,0.9910,0.01,no
2026-10-05T05:29:37.913211Z,KXBTC15M-26OCT050130-30,0.9910,0.01,no
2026-10-05T05:29:37.913211Z,KXBTC15M-26OCT050130-30,0.9910,17.00,no
2026-10-05T05:29:37.913211Z,KXBTC15M-26OCT050130-30,0.9900,14.31,no
2026-10-05T05:29:37.927626Z,KXBTC15M-26OCT050130-30,0.9900,0.22,no
2026-10-05T05:29:37.958076Z,KXBTC15M-26OCT050130-30,0.9920,17.23,yes
2026-10-05T05:29:37.964892Z,KXBTC15M-26OCT050130-30,0.9920,1005.61,yes
2026-10-05T05:29:38.029498Z,KXBTC15M-26OCT050130-30,0.9920,0.01,yes
2026-10-05T05:29:38.029498Z,KXBTC15M-26OCT050130-30,0.9920,0.01,yes
2026-10-05T05:29:38.029498Z,KXBTC15M-26OCT050130-30,0.9920,317.45,yes
2026-10-05T05:29:38.029498Z,KXBTC15M-26OCT050130-30,0.9930,64.00,yes
2026-10-05T05:29:38.029498Z,KXBTC15M-26OCT050130-30,0.9950,1562.58,yes
2026-10-05T05:29:38.040834Z,KXBTC15M-26OCT050130-30,0.9920,21.75,no
2026-10-05T05:29:38.045046Z,KXBTC15M-26OCT050130-30,0.9920,57.68,no
2026-10-05T05:29:38.067227Z,KXBTC15M-26OCT050130-30,0.9940,16.00,yes
2026-10-05T05:29:38.067227Z,KXBTC15M-26OCT050130-30,0.9930,0.01,yes
2026-10-05T05:29:38.067227Z,KXBTC15M-26OCT050130-30,0.9930,0.01,yes
2026-10-05T05:29:38.067227Z,KXBTC15M-26OCT050130-30,0.9950,44.29,yes
2026-10-05T05:29:38.068672Z,KXBTC15M-26OCT050130-30,0.9930,58.44,no
2026-10-05T05:29:38.083127Z,KXBTC15M-26OCT050130-30,0.9930,8.00,no
2026-10-05T05:29:38.112242Z,KXBTC15M-26OCT050130-30,0.9930,117.45,no
2026-10-05T05:29:38.112242Z,KXBTC15M-26OCT050130-30,0.9930,83.56,no
2026-10-05T05:29:38.125001Z,KXBTC15M-26OCT050130-30,0.9940,11.97,yes
2026-10-05T05:29:38.125001Z,KXBTC15M-26OCT050130-30,0.9940,0.01,yes
2026-10-05T05:29:38.125001Z,KXBTC15M-26OCT050130-30,0.9940,0.01,yes
2026-10-05T05:29:38.134729Z,KXBTC15M-26OCT050130-30,0.9930,0.01,no
2026-10-05T05:29:38.134729Z,KXBTC15M-26OCT050130-30,0.9920,0.01,no
2026-10-05T05:29:38.134729Z,KXBTC15M-26OCT050130-30,0.9920,30.96,no
2026-10-05T05:29:38.134729Z,KXBTC15M-26OCT050130-30,0.9930,120.00,no
2026-10-05T05:29:38.134729Z,KXBTC15M-26OCT050130-30,0.9920,0.01,no
2026-10-05T05:29:38.134729Z,KXBTC15M-26OCT050130-30,0.9930,0.01,no
2026-10-05T05:29:38.167381Z,KXBTC15M-26OCT050130-30,0.9930,0.01,no
2026-10-05T05:29:38.167381Z,KXBTC15M-26OCT050130-30,0.9930,0.01,no
2026-10-05T05:29:38.19292Z,KXBTC15M-26OCT050130-30,0.9920,13.33,no
2026-10-05T05:29:38.19292Z,KXBTC15M-26OCT050130-30,0.9920,0.01,no
2026-10-05T05:29:38.19292Z,KXBTC15M-26OCT050130-30,0.9920,0.01,no
2026-10-05T05:29:38.19292Z,KXBTC15M-26OCT050130-30,0.9910,85.65,no
2026-10-05T05:29:38.232758Z,KXBTC15M-26OCT050130-30,0.9910,198.02,no
2026-10-05T05:29:38.242093Z,KXBTC15M-26OCT050130-30,0.9940,0.01,yes
2026-10-05T05:29:38.242093Z,KXBTC15M-26OCT050130-30,0.9920,0.01,yes
2026-10-05T05:29:38.242093Z,KXBTC15M-26OCT050130-30,0.9920,0.01,yes
2026-10-05T05:29:38.242093Z,KXBTC15M-26OCT050130-30,0.9940,0.01,yes
2026-10-05T05:29:38.242093Z,KXBTC15M-26OCT050130-30,0.9930,2.00,yes
2026-10-05T05:29:38.242093Z,KXBTC15M-26OCT050130-30,0.9940,45.42,yes
2026-10-05T05:29:38.243361Z,KXBTC15M-26OCT050130-30,0.9930,0.22,yes
2026-10-05T05:29:38.248167Z,KXBTC15M-26OCT050130-30,0.9920,2.02,yes
2026-10-05T05:29:38.2483Z,KXBTC15M-26OCT050130-30,0.9920,6.06,yes
2026-10-05T05:29:38.249394Z,KXBTC15M-26OCT050130-30,0.9920,2488.57,yes
2026-10-05T05:29:38.261869Z,KXBTC15M-26OCT050130-30,0.9910,25.00,no
2026-10-05T05:29:38.263842Z,KXBTC15M-26OCT050130-30,0.9910,136.53,no
2026-10-05T05:29:38.297821Z,KXBTC15M-26OCT050130-30,0.9910,90.98,no
2026-10-05T05:29:38.324312Z,KXBTC15M-26OCT050130-30,0.9910,68.64,no
2026-10-05T05:29:38.331357Z,KXBTC15M-26OCT050130-30,0.9920,0.01,yes
2026-10-05T05:29:38.331357Z,KXBTC15M-26OCT050130-30,0.9920,7.74,yes
2026-10-05T05:29:38.331357Z,KXBTC15M-26OCT050130-30,0.9920,0.01,yes
2026-10-05T05:29:38.336997Z,KXBTC15M-26OCT050130-30,0.9910,100.00,no
2026-10-05T05:29:38.418712Z,KXBTC15M-26OCT050130-30,0.9910,93.51,no
2026-10-05T05:29:38.442897Z,KXBTC15M-26OCT050130-30,0.9910,344.48,no
2026-10-05T05:29:38.450913Z,KXBTC15M-26OCT050130-30,0.9920,0.01,yes
2026-10-05T05:29:38.450913Z,KXBTC15M-26OCT050130-30,0.9930,6.39,yes
2026-10-05T05:29:38.450913Z,KXBTC15M-26OCT050130-30,0.9920,0.01,yes
2026-10-05T05:29:38.474087Z,KXBTC15M-26OCT050130-30,0.9910,65.60,no
2026-10-05T05:29:38.491765Z,KXBTC15M-26OCT050130-30,0.9930,0.01,yes
2026-10-05T05:29:38.491765Z,KXBTC15M-26OCT050130-30,0.9930,0.01,yes
2026-10-05T05:29:38.49864Z,KXBTC15M-26OCT050130-30,0.9930,11.92,no
2026-10-05T05:29:38.508573Z,KXBTC15M-26OCT050130-30,0.9930,207.81,no
2026-10-05T05:29:38.51019Z,KXBTC15M-26OCT050130-30,0.9930,66.79,no
2026-10-05T05:29:38.556594Z,KXBTC15M-26OCT050130-30,0.9930,93.51,no
2026-10-05T05:29:38.574995Z,KXBTC15M-26OCT050130-30,0.9940,10.05,yes
2026-10-05T05:29:38.588317Z,KXBTC15M-26OCT050130-30,0.9930,116.88,no
2026-10-05T05:29:38.62299Z,KXBTC15M-26OCT050130-30,0.9930,5.45,no
2026-10-05T05:29:38.630375Z,KXBTC15M-26OCT050130-30,0.9950,147.37,yes
2026-10-05T05:29:38.630375Z,KXBTC15M-26OCT050130-30,0.9950,14.00,yes
2026-10-05T05:29:38.630375Z,KXBTC15M-26OCT050130-30,0.9950,275.49,yes
2026-10-05T05:29:38.630375Z,KXBTC15M-26OCT050130-30,0.9940,0.01,yes
2026-10-05T05:29:38.630375Z,KXBTC15M-26OCT050130-30,0.9940,0.01,yes
2026-10-05T05:29:38.630375Z,KXBTC15M-26OCT050130-30,0.9940,70.95,yes
2026-10-05T05:29:38.630375Z,KXBTC15M-26OCT050130-30,0.9960,1800.00,yes
2026-10-05T05:29:38.630375Z,KXBTC15M-26OCT050130-30,0.9960,120.00,yes
2026-10-05T05:29:38.630375Z,KXBTC15M-26OCT050130-30,0.9960,1695.26,yes
2026-10-05T05:29:38.630375Z,KXBTC15M-26OCT050130-30,0.9950,228.91,yes
2026-10-05T05:29:38.630375Z,KXBTC15M-26OCT050130-30,0.9950,1024.00,yes
2026-10-05T05:29:38.630375Z,KXBTC15M-26OCT050130-30,0.9950,11.00,yes
2026-10-05T05:29:38.630587Z,KXBTC15M-26OCT050130-30,0.9930,550.85,no
2026-10-05T05:29:38.660646Z,KXBTC15M-26OCT050130-30,0.9960,3.35,yes
2026-10-05T05:29:38.681551Z,KXBTC15M-26OCT050130-30,0.9950,66.79,no
2026-10-05T05:29:38.704497Z,KXBTC15M-26OCT050130-30,0.9950,50.00,no
2026-10-05T05:29:38.721958Z,KXBTC15M-26OCT050130-30,0.9950,1506.00,no
2026-10-05T05:29:38.734057Z,KXBTC15M-26OCT050130-30,0.9950,10.00,no
2026-10-05T05:29:38.737321Z,KXBTC15M-26OCT050130-30,0.9950,318.86,no
2026-10-05T05:29:38.745145Z,KXBTC15M-26OCT050130-30,0.9950,12.03,no
2026-10-05T05:29:38.761951Z,KXBTC15M-26OCT050130-30,0.9950,103.91,no
2026-10-05T05:29:38.766511Z,KXBTC15M-26OCT050130-30,0.9950,55.75,no
2026-10-05T05:29:38.771197Z,KXBTC15M-26OCT050130-30,0.9950,50.00,no
2026-10-05T05:29:38.780008Z,KXBTC15M-26OCT050130-30,0.9950,550.85,no
2026-10-05T05:29:38.78294Z,KXBTC15M-26OCT050130-30,0.9960,2.31,yes
2026-10-05T05:29:38.79687Z,KXBTC15M-26OCT050130-30,0.9950,120.00,no
2026-10-05T05:29:38.79687Z,KXBTC15M-26OCT050130-30,0.9940,17.00,no
2026-10-05T05:29:38.79687Z,KXBTC15M-26OCT050130-30,0.9930,537.45,no
2026-10-05T05:29:38.79687Z,KXBTC15M-26OCT050130-30,0.9950,0.01,no
2026-10-05T05:29:38.79687Z,KXBTC15M-26OCT050130-30,0.9950,416.81,no
2026-10-05T05:29:38.79687Z,KXBTC15M-26OCT050130-30,0.9950,3.35,no
2026-10-05T05:29:38.79687Z,KXBTC15M-26OCT050130-30,0.9930,1959.77,no
2026-10-05T05:29:38.79687Z,KXBTC15M-26OCT050130-30,0.9940,228.91,no
2026-10-05T05:29:38.79687Z,KXBTC15M-26OCT050130-30,0.9950,1695.26,no
2026-10-05T05:29:38.79687Z,KXBTC15M-26OCT050130-30,0.9950,0.01,no
2026-10-05T05:29:38.809437Z,KXBTC15M-26OCT050130-30,0.9960,99.08,yes
2026-10-05T05:29:38.809437Z,KXBTC15M-26OCT050130-30,0.9960,10.92,yes
2026-10-05T05:29:38.817451Z,KXBTC15M-26OCT050130-30,0.9960,1.00,yes
2026-10-05T05:29:38.841785Z,KXBTC15M-26OCT050130-30,0.9960,16.67,yes
2026-10-05T05:29:38.856436Z,KXBTC15M-26OCT050130-30,0.9960,0.05,yes
2026-10-05T05:29:38.877419Z,KXBTC15M-26OCT050130-30,0.9950,1.00,no
2026-10-05T05:29:38.877419Z,KXBTC15M-26OCT050130-30,0.9950,2.31,no
2026-10-05T05:29:38.877419Z,KXBTC15M-26OCT050130-30,0.9930,453.76,no
2026-10-05T05:29:38.877419Z,KXBTC15M-26OCT050130-30,0.9950,0.01,no
2026-10-05T05:29:38.877419Z,KXBTC15M-26OCT050130-30,0.9930,486.55,no
2026-10-05T05:29:38.877419Z,KXBTC15M-26OCT050130-30,0.9950,99.08,no
2026-10-05T05:29:38.877419Z,KXBTC15M-26OCT050130-30,0.9950,10.92,no
2026-10-05T05:29:38.877419Z,KXBTC15M-26OCT050130-30,0.9950,0.01,no
2026-10-05T05:29:38.877419Z,KXBTC15M-26OCT050130-30,0.9950,0.05,no
2026-10-05T05:29:38.877419Z,KXBTC15M-26OCT050130-30,0.9950,16.67,no
2026-10-05T05:29:38.877419Z,KXBTC15M-26OCT050130-30,0.9940,0.01,no
2026-10-05T05:29:38.880318Z,KXBTC15M-26OCT050130-30,0.9930,65.18,no
2026-10-05T05:29:38.885974Z,KXBTC15M-26OCT050130-30,0.9950,0.01,no
2026-10-05T05:29:38.885974Z,KXBTC15M-26OCT050130-30,0.9940,0.01,no
2026-10-05T05:29:38.885974Z,KXBTC15M-26OCT050130-30,0.9930,103.89,no
2026-10-05T05:29:38.903108Z,KXBTC15M-26OCT050130-30,0.9940,8.51,no
2026-10-05T05:29:38.912105Z,KXBTC15M-26OCT050130-30,0.9940,85.22,no
2026-10-05T05:29:38.935727Z,KXBTC15M-26OCT050130-30,0.9960,68.03,yes
2026-10-05T05:29:38.96708Z,KXBTC15M-26OCT050130-30,0.9940,0.01,no
2026-10-05T05:29:38.96708Z,KXBTC15M-26OCT050130-30,0.9940,0.01,no
2026-10-05T05:29:38.96708Z,KXBTC15M-26OCT050130-30,0.9930,51.93,no
2026-10-05T05:29:38.991617Z,KXBTC15M-26OCT050130-30,0.9930,48.20,no
2026-10-05T05:29:38.991617Z,KXBTC15M-26OCT050130-30,0.9950,0.01,no
2026-10-05T05:29:38.991617Z,KXBTC15M-26OCT050130-30,0.9950,0.01,no
2026-10-05T05:29:38.991617Z,KXBTC15M-26OCT050130-30,0.9950,68.03,no
2026-10-05T05:29:38.997832Z,KXBTC15M-26OCT050130-30,0.9930,654.51,no
2026-10-05T05:29:39.006536Z,KXBTC15M-26OCT050130-30,0.9930,2.00,no
2026-10-05T05:29:39.010631Z,KXBTC15M-26OCT050130-30,0.9950,0.01,no
2026-10-05T05:29:39.010631Z,KXBTC15M-26OCT050130-30,0.9930,130.89,no
2026-10-05T05:29:39.014614Z,KXBTC15M-26OCT050130-30,0.9910,102.71,no
2026-10-05T05:29:39.014614Z,KXBTC15M-26OCT050130-30,0.9930,0.01,no
2026-10-05T05:29:39.014614Z,KXBTC15M-26OCT050130-30,0.9930,289.64,no
2026-10-05T05:29:39.014614Z,KXBTC15M-26OCT050130-30,0.9930,0.01,no
2026-10-05T05:29:39.075488Z,KXBTC15M-26OCT050130-30,0.9940,302.00,no
2026-10-05T05:29:39.075488Z,KXBTC15M-26OCT050130-30,0.9930,248.85,no
2026-10-05T05:29:39.098846Z,KXBTC15M-26OCT050130-30,0.9920,11.99,no
2026-10-05T05:29:39.127651Z,KXBTC15M-26OCT050130-30,0.9950,97.67,yes
2026-10-05T05:29:39.225061Z,KXBTC15M-26OCT050130-30,0.9920,12.00,no
2026-10-05T05:29:39.225061Z,KXBTC15M-26OCT050130-30,0.9920,200.00,no
2026-10-05T05:29:39.225061Z,KXBTC15M-26OCT050130-30,0.9910,251.46,no
2026-10-05T05:29:39.225061Z,KXBTC15M-26OCT050130-30,0.9910,575.57,no
2026-10-05T05:29:39.252281Z,KXBTC15M-26OCT050130-30,0.9950,52.33,yes
2026-10-05T05:29:39.252281Z,KXBTC15M-26OCT050130-30,0.9950,0.01,yes
2026-10-05T05:29:39.252281Z,KXBTC15M-26OCT050130-30,0.9950,150.00,yes
2026-10-05T05:29:39.252281Z,KXBTC15M-26OCT050130-30,0.9950,0.01,yes
2026-10-05T05:29:39.252281Z,KXBTC15M-26OCT050130-30,0.9950,150.00,yes
2026-10-05T05:29:39.252281Z,KXBTC15M-26OCT050130-30,0.9950,150.00,yes
2026-10-05T05:29:39.252281Z,KXBTC15M-26OCT050130-30,0.9950,150.00,yes
2026-10-05T05:29:39.252281Z,KXBTC15M-26OCT050130-30,0.9950,14.00,yes
2026-10-05T05:29:39.252281Z,KXBTC15M-26OCT050130-30,0.9960,481.92,yes
2026-10-05T05:29:39.276106Z,KXBTC15M-26OCT050130-30,0.9910,46.00,no
2026-10-05T05:29:39.276106Z,KXBTC15M-26OCT050130-30,0.9910,5.64,no
2026-10-05T05:29:39.308767Z,KXBTC15M-26OCT050130-30,0.9940,131.91,no
2026-10-05T05:29:39.363403Z,KXBTC15M-26OCT050130-30,0.9950,0.01,yes
2026-10-05T05:29:39.363403Z,KXBTC15M-26OCT050130-30,0.9950,14.00,yes
2026-10-05T05:29:39.363403Z,KXBTC15M-26OCT050130-30,0.9950,0.01,yes
2026-10-05T05:29:39.363968Z,KXBTC15M-26OCT050130-30,0.9950,10.92,no
2026-10-05T05:29:39.380291Z,KXBTC15M-26OCT050130-30,0.9950,189.26,no
2026-10-05T05:29:39.415299Z,KXBTC15M-26OCT050130-30,0.9960,2.05,yes
2026-10-05T05:29:39.422451Z,KXBTC15M-26OCT050130-30,0.9950,65.12,no
2026-10-05T05:29:39.448967Z,KXBTC15M-26OCT050130-30,0.9950,254.13,no
2026-10-05T05:29:39.475477Z,KXBTC15M-26OCT050130-30,0.9960,23.41,yes
2026-10-05T05:29:39.48852Z,KXBTC15M-26OCT050130-30,0.9950,230.71,no
2026-10-05T05:29:39.498788Z,KXBTC15M-26OCT050130-30,0.9960,145.85,yes
2026-10-05T05:29:39.506582Z,KXBTC15M-26OCT050130-30,0.9950,65.47,no
2026-10-05T05:29:39.508733Z,KXBTC15M-26OCT050130-30,0.9950,116.88,no
2026-10-05T05:29:39.515154Z,KXBTC15M-26OCT050130-30,0.9950,132.26,no
2026-10-05T05:29:39.52793Z,KXBTC15M-26OCT050130-30,0.9950,7.02,no
2026-10-05T05:29:39.53249Z,KXBTC15M-26OCT050130-30,0.9950,4.01,no
2026-10-05T05:29:39.536711Z,KXBTC15M-26OCT050130-30,0.9950,3.29,no
2026-10-05T05:29:39.537335Z,KXBTC15M-26OCT050130-30,0.9950,116.88,no
2026-10-05T05:29:39.541407Z,KXBTC15M-26OCT050130-30,0.9950,200.37,no
2026-10-05T05:29:39.551477Z,KXBTC15M-26OCT050130-30,0.9960,280.00,yes
2026-10-05T05:29:39.554029Z,KXBTC15M-26OCT050130-30,0.9960,42.33,yes
2026-10-05T05:29:39.575039Z,KXBTC15M-26OCT050130-30,0.9950,116.88,no
2026-10-05T05:29:39.58295Z,KXBTC15M-26OCT050130-30,0.9950,38.07,no
2026-10-05T05:29:39.595008Z,KXBTC15M-26OCT050130-30,0.9950,15.56,no
2026-10-05T05:29:39.599599Z,KXBTC15M-26OCT050130-30,0.9950,116.88,no
2026-10-05T05:29:39.623614Z,KXBTC15M-26OCT050130-30,0.9960,54.11,yes
2026-10-05T05:29:39.623614Z,KXBTC15M-26OCT050130-30,0.9960,1.00,yes
2026-10-05T05:29:39.623614Z,KXBTC15M-26OCT050130-30,0.9960,1.00,yes
2026-10-05T05:29:39.623614Z,KXBTC15M-26OCT050130-30,0.9960,1.00,yes
2026-10-05T05:29:39.623614Z,KXBTC15M-26OCT050130-30,0.9960,1.00,yes
2026-10-05T05:29:39.623614Z,KXBTC15M-26OCT050130-30,0.9960,1.00,yes
2026-10-05T05:29:39.623614Z,KXBTC15M-26OCT050130-30,0.9960,13.00,yes
2026-10-05T05:29:39.623614Z,KXBTC15M-26OCT050130-30,0.9960,512.00,yes
2026-10-05T05:29:39.623614Z,KXBTC15M-26OCT050130-30,0.9960,727.77,yes
2026-10-05T05:29:39.654522Z,KXBTC15M-26OCT050130-30,0.9950,11.69,no
2026-10-05T05:29:39.656666Z,KXBTC15M-26OCT050130-30,0.9950,159.60,no
2026-10-05T05:29:39.659125Z,KXBTC15M-26OCT050130-30,0.9950,199.60,no
2026-10-05T05:29:39.659393Z,KXBTC15M-26OCT050130-30,0.9950,334.61,no
2026-10-05T05:29:39.673574Z,KXBTC15M-26OCT050130-30,0.9950,46.51,no
2026-10-05T05:29:39.710287Z,KXBTC15M-26OCT050130-30,0.9950,14.03,no
2026-10-05T05:29:39.723251Z,KXBTC15M-26OCT050130-30,0.9960,100.46,yes
2026-10-05T05:29:39.723306Z,KXBTC15M-26OCT050130-30,0.9960,42.57,yes
2026-10-05T05:29:39.724118Z,KXBTC15M-26OCT050130-30,0.9950,7.73,no
2026-10-05T05:29:39.755163Z,KXBTC15M-26OCT050130-30,0.9950,58.44,no
2026-10-05T05:29:39.755551Z,KXBTC15M-26OCT050130-30,0.9960,14.62,yes
2026-10-05T05:29:39.75631Z,KXBTC15M-26OCT050130-30,0.9960,9.92,yes
2026-10-05T05:29:39.75948Z,KXBTC15M-26OCT050130-30,0.9950,51.95,no
2026-10-05T05:29:39.763606Z,KXBTC15M-26OCT050130-30,0.9950,186.97,no
2026-10-05T05:29:39.796982Z,KXBTC15M-26OCT050130-30,0.9950,0.68,no
2026-10-05T05:29:39.796982Z,KXBTC15M-26OCT050130-30,0.9950,0.01,no
2026-10-05T05:29:39.796982Z,KXBTC15M-26OCT050130-30,0.9950,0.01,no
2026-10-05T05:29:39.796982Z,KXBTC15M-26OCT050130-30,0.9950,231.14,no
2026-10-05T05:29:39.796982Z,KXBTC15M-26OCT050130-30,0.9950,2.05,no
2026-10-05T05:29:39.803615Z,KXBTC15M-26OCT050130-30,0.9960,100.46,yes
2026-10-05T05:29:39.804022Z,KXBTC15M-26OCT050130-30,0.9950,22.73,no
2026-10-05T05:29:39.804022Z,KXBTC15M-26OCT050130-30,0.9950,145.85,no
2026-10-05T05:29:39.804022Z,KXBTC15M-26OCT050130-30,0.9950,18.39,no
2026-10-05T05:29:39.804637Z,KXBTC15M-26OCT050130-30,0.9950,155.83,no
2026-10-05T05:29:39.821118Z,KXBTC15M-26OCT050130-30,0.9960,2.39,yes
2026-10-05T05:29:39.840269Z,KXBTC15M-26OCT050130-30,0.9960,48.17,yes
2026-10-05T05:29:39.876164Z,KXBTC15M-26OCT050130-30,0.9960,12.32,yes
2026-10-05T05:29:39.884009Z,KXBTC15M-26OCT050130-30,0.9960,35.87,yes
2026-10-05T05:29:39.938996Z,KXBTC15M-26OCT050130-30,0.9950,105.78,no
2026-10-05T05:29:39.938996Z,KXBTC15M-26OCT050130-30,0.9950,38.86,no
2026-10-05T05:29:39.938996Z,KXBTC15M-26OCT050130-30,0.9950,42.33,no
2026-10-05T05:29:39.961314Z,KXBTC15M-26OCT050130-30,0.9950,6.29,no
2026-10-05T05:29:39.969977Z,KXBTC15M-26OCT050130-30,0.9950,91.62,no
2026-10-05T05:29:39.983971Z,KXBTC15M-26OCT050130-30,0.9950,1.83,no
2026-10-05T05:29:39.998909Z,KXBTC15M-26OCT050130-30,0.9950,373.40,no
2026-10-05T05:29:39.998909Z,KXBTC15M-26OCT050130-30,0.9950,726.60,no
2026-10-05T05:29:40.019521Z,KXBTC15M-26OCT050130-30,0.9950,0.01,no
2026-10-05T05:29:40.019521Z,KXBTC15M-26OCT050130-30,0.9950,0.01,no
2026-10-05T05:29:40.019521Z,KXBTC15M-26OCT050130-30,0.9950,1.17,no
2026-10-05T05:29:40.019521Z,KXBTC15M-26OCT050130-30,0.9950,0.64,no
2026-10-05T05:29:40.021715Z,KXBTC15M-26OCT050130-30,0.9960,200.00,yes
2026-10-05T05:29:40.044797Z,KXBTC15M-26OCT050130-30,0.9940,6.80,no
2026-10-05T05:29:40.044797Z,KXBTC15M-26OCT050130-30,0.9950,2.36,no
2026-10-05T05:29:40.050932Z,KXBTC15M-26OCT050130-30,0.9940,48.24,no
2026-10-05T05:29:40.056747Z,KXBTC15M-26OCT050130-30,0.9940,3.52,no
2026-10-05T05:29:40.065963Z,KXBTC15M-26OCT050130-30,0.9950,14.00,yes
2026-10-05T05:29:40.065963Z,KXBTC15M-26OCT050130-30,0.9960,1285.99,yes
2026-10-05T05:29:40.065963Z,KXBTC15M-26OCT050130-30,0.9950,0.01,yes
2026-10-05T05:29:40.065963Z,KXBTC15M-26OCT050130-30,0.9950,150.00,yes
2026-10-05T05:29:40.065963Z,KXBTC15M-26OCT050130-30,0.9950,0.01,yes
2026-10-05T05:29:40.065963Z,KXBTC15M-26OCT050130-30,0.9950,150.00,yes
2026-10-05T05:29:40.065963Z,KXBTC15M-26OCT050130-30,0.9950,150.00,yes
2026-10-05T05:29:40.075137Z,KXBTC15M-26OCT050130-30,0.9950,14.00,yes
2026-10-05T05:29:40.075137Z,KXBTC15M-26OCT050130-30,0.9960,6.00,yes
2026-10-05T05:29:40.082221Z,KXBTC15M-26OCT050130-30,0.9940,69.76,no
2026-10-05T05:29:40.099446Z,KXBTC15M-26OCT050130-30,0.9960,63.23,yes
2026-10-05T05:29:40.145233Z,KXBTC15M-26OCT050130-30,0.9960,0.99,yes
2026-10-05T05:29:40.151486Z,KXBTC15M-26OCT050130-30,0.9960,5.55,yes
2026-10-05T05:29:40.151597Z,KXBTC15M-26OCT050130-30,0.9960,0.02,yes
2026-10-05T05:29:40.1775Z,KXBTC15M-26OCT050130-30,0.9960,0.01,yes
2026-10-05T05:29:40.1775Z,KXBTC15M-26OCT050130-30,0.9960,0.01,yes
2026-10-05T05:29:40.1775Z,KXBTC15M-26OCT050130-30,0.9960,15.00,yes
2026-10-05T05:29:40.1775Z,KXBTC15M-26OCT050130-30,0.9970,0.45,yes
2026-10-05T05:29:40.195874Z,KXBTC15M-26OCT050130-30,0.9960,186.97,no
2026-10-05T05:29:40.252069Z,KXBTC15M-26OCT050130-30,0.9960,186.97,no
2026-10-05T05:29:40.268196Z,KXBTC15M-26OCT050130-30,0.9960,112.84,no
2026-10-05T05:29:40.284358Z,KXBTC15M-26OCT050130-30,0.9960,40.74,no
2026-10-05T05:29:40.325672Z,KXBTC15M-26OCT050130-30,0.9960,52.35,no
2026-10-05T05:29:40.33598Z,KXBTC15M-26OCT050130-30,0.9970,64.72,yes
2026-10-05T05:29:40.338908Z,KXBTC15M-26OCT050130-30,0.9970,113.11,yes
2026-10-05T05:29:40.3431Z,KXBTC15M-26OCT050130-30,0.9970,35.76,yes
2026-10-05T05:29:40.352958Z,KXBTC15M-26OCT050130-30,0.9960,311.88,no
2026-10-05T05:29:40.353459Z,KXBTC15M-26OCT050130-30,0.9960,93.49,no
2026-10-05T05:29:40.373038Z,KXBTC15M-26OCT050130-30,0.9970,15.47,yes
2026-10-05T05:29:40.395469Z,KXBTC15M-26OCT050130-30,0.9960,93.49,no
2026-10-05T05:29:40.398489Z,KXBTC15M-26OCT050130-30,0.9960,155.83,no
2026-10-05T05:29:40.401054Z,KXBTC15M-26OCT050130-30,0.9960,37.37,no
2026-10-05T05:29:40.401054Z,KXBTC15M-26OCT050130-30,0.9960,0.01,no
2026-10-05T05:29:40.401054Z,KXBTC15M-26OCT050130-30,0.9960,0.01,no
2026-10-05T05:29:40.411772Z,KXBTC15M-26OCT050130-30,0.9960,6.67,no
2026-10-05T05:29:40.422982Z,KXBTC15M-26OCT050130-30,0.9940,191.49,no
2026-10-05T05:29:40.422982Z,KXBTC15M-26OCT050130-30,0.9960,15.00,no
2026-10-05T05:29:40.422982Z,KXBTC15M-26OCT050130-30,0.9960,0.01,no
2026-10-05T05:29:40.422982Z,KXBTC15M-26OCT050130-30,0.9960,10.96,no
2026-10-05T05:29:40.422982Z,KXBTC15M-26OCT050130-30,0.9960,149.00,no
2026-10-05T05:29:40.422982Z,KXBTC15M-26OCT050130-30,0.9960,0.01,no
2026-10-05T05:29:40.42673Z,KXBTC15M-26OCT050130-30,0.9940,30.20,no
2026-10-05T05:29:40.42673Z,KXBTC15M-26OCT050130-30,0.9940,58.00,no
2026-10-05T05:29:40.42673Z,KXBTC15M-26OCT050130-30,0.9930,280.27,no
2026-10-05T05:29:40.465719Z,KXBTC15M-26OCT050130-30,0.9930,1.65,no
2026-10-05T05:29:40.465719Z,KXBTC15M-26OCT050130-30,0.9940,0.01,no
2026-10-05T05:29:40.474233Z,KXBTC15M-26OCT050130-30,0.9930,161.15,no
2026-10-05T05:29:40.535487Z,KXBTC15M-26OCT050130-30,0.9960,18.59,yes
2026-10-05T05:29:40.633805Z,KXBTC15M-26OCT050130-30,0.9960,0.01,yes
2026-10-05T05:29:40.633805Z,KXBTC15M-26OCT050130-30,0.9960,0.01,yes
2026-10-05T05:29:40.633805Z,KXBTC15M-26OCT050130-30,0.9960,2.41,yes
2026-10-05T05:29:40.686832Z,KXBTC15M-26OCT050130-30,0.9960,0.01,yes
2026-10-05T05:29:40.686832Z,KXBTC15M-26OCT050130-30,0.9960,15.00,yes
2026-10-05T05:29:40.686832Z,KXBTC15M-26OCT050130-30,0.9960,0.01,yes
2026-10-05T05:29:40.686832Z,KXBTC15M-26OCT050130-30,0.9960,258.52,yes
2026-10-05T05:29:40.686832Z,KXBTC15M-26OCT050130-30,0.9970,566.56,yes
2026-10-05T05:29:40.686832Z,KXBTC15M-26OCT050130-30,0.9970,1165.49,yes
2026-10-05T05:29:40.698288Z,KXBTC15M-26OCT050130-30,0.9960,15.00,yes
2026-10-05T05:29:40.699289Z,KXBTC15M-26OCT050130-30,0.9970,668.29,yes
2026-10-05T05:29:40.73153Z,KXBTC15M-26OCT050130-30,0.9960,36.66,no
2026-10-05T05:29:40.749424Z,KXBTC15M-26OCT050130-30,0.9960,23.37,no
2026-10-05T05:29:40.750051Z,KXBTC15M-26OCT050130-30,0.9970,3.00,yes
2026-10-05T05:29:40.781568Z,KXBTC15M-26OCT050130-30,0.9960,467.42,no
2026-10-05T05:29:40.801284Z,KXBTC15M-26OCT050130-30,0.9970,88.09,yes
2026-10-05T05:29:40.824782Z,KXBTC15M-26OCT050130-30,0.9960,101.46,no
2026-10-05T05:29:40.853031Z,KXBTC15M-26OCT050130-30,0.9970,5.01,yes
2026-10-05T05:29:40.871924Z,KXBTC15M-26OCT050130-30,0.9960,232.65,no
2026-10-05T05:29:40.871924Z,KXBTC15M-26OCT050130-30,0.9960,137.09,no
2026-10-05T05:29:40.871924Z,KXBTC15M-26OCT050130-30,0.9960,0.01,no
2026-10-05T05:29:40.871924Z,KXBTC15M-26OCT050130-30,0.9960,0.01,no
2026-10-05T05:29:40.876413Z,KXBTC15M-26OCT050130-30,0.9970,367.78,yes
2026-10-05T05:29:40.890421Z,KXBTC15M-26OCT050130-30,0.9970,958.25,yes
2026-10-05T05:29:40.890421Z,KXBTC15M-26OCT050130-30,0.9970,120.00,yes
2026-10-05T05:29:40.890421Z,KXBTC15M-26OCT050130-30,0.9970,101.27,yes
2026-10-05T05:29:40.896593Z,KXBTC15M-26OCT050130-30,0.9960,11.15,no
2026-10-05T05:29:40.901787Z,KXBTC15M-26OCT050130-30,0.9960,3.00,no
2026-10-05T05:29:40.901787Z,KXBTC15M-26OCT050130-30,0.9960,367.78,no
2026-10-05T05:29:40.901787Z,KXBTC15M-26OCT050130-30,0.9960,88.09,no
2026-10-05T05:29:40.901787Z,KXBTC15M-26OCT050130-30,0.9960,424.49,no
2026-10-05T05:29:40.901787Z,KXBTC15M-26OCT050130-30,0.9960,0.01,no
2026-10-05T05:29:40.901787Z,KXBTC15M-26OCT050130-30,0.9950,379.00,no
2026-10-05T05:29:40.901787Z,KXBTC15M-26OCT050130-30,0.9940,55.00,no
2026-10-05T05:29:40.901787Z,KXBTC15M-26OCT050130-30,0.9930,227.38,no
2026-10-05T05:29:40.901787Z,KXBTC15M-26OCT050130-30,0.9960,5.01,no
2026-10-05T05:29:40.901787Z,KXBTC15M-26OCT050130-30,0.9960,120.00,no
2026-10-05T05:29:40.901787Z,KXBTC15M-26OCT050130-30,0.9950,566.56,no
2026-10-05T05:29:40.916217Z,KXBTC15M-26OCT050130-30,0.9950,0.01,no
2026-10-05T05:29:40.916217Z,KXBTC15M-26OCT050130-30,0.9920,135.58,no
2026-10-05T05:29:40.922394Z,KXBTC15M-26OCT050130-30,0.9910,1.03,no
2026-10-05T05:29:40.924441Z,KXBTC15M-26OCT050130-30,0.9910,5.04,no
2026-10-05T05:29:40.928454Z,KXBTC15M-26OCT050130-30,0.9950,77.95,yes
2026-10-05T05:29:40.945231Z,KXBTC15M-26OCT050130-30,0.9950,72.05,yes
2026-10-05T05:29:40.945231Z,KXBTC15M-26OCT050130-30,0.9950,85.06,yes
2026-10-05T05:29:40.947385Z,KXBTC15M-26OCT050130-30,0.9950,64.94,yes
2026-10-05T05:29:40.947385Z,KXBTC15M-26OCT050130-30,0.9950,44.17,yes
2026-10-05T05:29:40.947385Z,KXBTC15M-26OCT050130-30,0.9950,150.00,yes
2026-10-05T05:29:40.974448Z,KXBTC15M-26OCT050130-30,0.9950,0.01,yes
2026-10-05T05:29:40.974448Z,KXBTC15M-26OCT050130-30,0.9950,0.01,yes
2026-10-05T05:29:40.974448Z,KXBTC15M-26OCT050130-30,0.9960,15.00,yes
2026-10-05T05:29:40.974448Z,KXBTC15M-26OCT050130-30,0.9950,105.83,yes
2026-10-05T05:29:40.974448Z,KXBTC15M-26OCT050130-30,0.9970,841.75,yes
2026-10-05T05:29:40.974448Z,KXBTC15M-26OCT050130-30,0.9970,812.34,yes
2026-10-05T05:29:41.03949Z,KXBTC15M-26OCT050130-30,0.9960,0.01,yes
2026-10-05T05:29:41.03949Z,KXBTC15M-26OCT050130-30,0.9960,0.01,yes
2026-10-05T05:29:41.03949Z,KXBTC15M-26OCT050130-30,0.9970,0.01,yes
2026-10-05T05:29:41.03949Z,KXBTC15M-26OCT050130-30,0.9960,15.00,yes
2026-10-05T05:29:41.03949Z,KXBTC15M-26OCT050130-30,0.9970,0.01,yes
2026-10-05T05:29:41.03949Z,KXBTC15M-26OCT050130-30,0.9970,166.00,yes
2026-10-05T05:29:41.03949Z,KXBTC15M-26OCT050130-30,0.9970,2.00,yes
2026-10-05T05:29:41.03949Z,KXBTC15M-26OCT050130-30,0.9970,2.00,yes
2026-10-05T05:29:41.03949Z,KXBTC15M-26OCT050130-30,0.9970,2.00,yes
2026-10-05T05:29:41.03949Z,KXBTC15M-26OCT050130-30,0.9970,18.00,yes
2026-10-05T05:29:41.03949Z,KXBTC15M-26OCT050130-30,0.9970,2.00,yes
2026-10-05T05:29:41.03949Z,KXBTC15M-26OCT050130-30,0.9970,2.00,yes
2026-10-05T05:29:41.03949Z,KXBTC15M-26OCT050130-30,0.9970,2500.00,yes
2026-10-05T05:29:41.03949Z,KXBTC15M-26OCT050130-30,0.9970,987.66,yes
2026-10-05T05:29:41.045883Z,KXBTC15M-26OCT050130-30,0.9960,0.01,yes
2026-10-05T05:29:41.045883Z,KXBTC15M-26OCT050130-30,0.9980,10.01,yes
2026-10-05T05:29:41.089887Z,KXBTC15M-26OCT050130-30,0.9950,26.03,no
2026-10-05T05:29:41.089887Z,KXBTC15M-26OCT050130-30,0.9950,101.27,no
2026-10-05T05:29:41.090085Z,KXBTC15M-26OCT050130-30,0.9960,0.01,yes
2026-10-05T05:29:41.090085Z,KXBTC15M-26OCT050130-30,0.9960,0.01,yes
2026-10-05T05:29:41.090085Z,KXBTC15M-26OCT050130-30,0.9970,16.00,yes
2026-10-05T05:29:41.090085Z,KXBTC15M-26OCT050130-30,0.9980,38.74,yes
2026-10-05T05:29:41.100467Z,KXBTC15M-26OCT050130-30,0.9970,0.01,yes
2026-10-05T05:29:41.100467Z,KXBTC15M-26OCT050130-30,0.9960,0.01,yes
2026-10-05T05:29:41.100467Z,KXBTC15M-26OCT050130-30,0.9980,130.02,yes
2026-10-05T05:29:41.100467Z,KXBTC15M-26OCT050130-30,0.9980,1000.00,yes
2026-10-05T05:29:41.100467Z,KXBTC15M-26OCT050130-30,0.9980,951.25,yes
2026-10-05T05:29:41.100467Z,KXBTC15M-26OCT050130-30,0.9980,120.00,yes
2026-10-05T05:29:41.10532Z,KXBTC15M-26OCT050130-30,0.9950,1.08,no
2026-10-05T05:29:41.113293Z,KXBTC15M-26OCT050130-30,0.9950,0.01,no
2026-10-05T05:29:41.113293Z,KXBTC15M-26OCT050130-30,0.9950,812.34,no
2026-10-05T05:29:41.113293Z,KXBTC15M-26OCT050130-30,0.9950,814.64,no
2026-10-05T05:29:41.113293Z,KXBTC15M-26OCT050130-30,0.9950,293.78,no
2026-10-05T05:29:41.113293Z,KXBTC15M-26OCT050130-30,0.9950,0.01,no
2026-10-05T05:29:41.144419Z,KXBTC15M-26OCT050130-30,0.9950,24.12,no
2026-10-05T05:29:41.144659Z,KXBTC15M-26OCT050130-30,0.9960,0.01,yes
2026-10-05T05:29:41.144659Z,KXBTC15M-26OCT050130-30,0.9960,0.01,yes
2026-10-05T05:29:41.144659Z,KXBTC15M-26OCT050130-30,0.9970,16.00,yes
2026-10-05T05:29:41.144659Z,KXBTC15M-26OCT050130-30,0.9980,52.54,yes
2026-10-05T05:29:41.183979Z,KXBTC15M-26OCT050130-30,0.9950,118.89,no
2026-10-05T05:29:41.18826Z,KXBTC15M-26OCT050130-30,0.9950,71.00,no
2026-10-05T05:29:41.204489Z,KXBTC15M-26OCT050130-30,0.9960,40.23,no
2026-10-05T05:29:41.208799Z,KXBTC15M-26OCT050130-30,0.9970,0.01,yes
2026-10-05T05:29:41.208799Z,KXBTC15M-26OCT050130-30,0.9970,0.01,yes
2026-10-05T05:29:41.208799Z,KXBTC15M-26OCT050130-30,0.9970,16.00,yes
2026-10-05T05:29:41.229513Z,KXBTC15M-26OCT050130-30,0.9970,0.01,yes
2026-10-05T05:29:41.229513Z,KXBTC15M-26OCT050130-30,0.9970,16.00,yes
2026-10-05T05:29:41.229513Z,KXBTC15M-26OCT050130-30,0.9970,0.01,yes
2026-10-05T05:29:41.229513Z,KXBTC15M-26OCT050130-30,0.9980,16.93,yes
2026-10-05T05:29:41.237715Z,KXBTC15M-26OCT050130-30,0.9970,0.01,yes
2026-10-05T05:29:41.237715Z,KXBTC15M-26OCT050130-30,0.9980,31.66,yes
2026-10-05T05:29:41.254811Z,KXBTC15M-26OCT050130-30,0.9960,0.01,no
2026-10-05T05:29:41.254811Z,KXBTC15M-26OCT050130-30,0.9960,22.40,no
2026-10-05T05:29:41.254811Z,KXBTC15M-26OCT050130-30,0.9960,0.01,no
2026-10-05T05:29:41.254811Z,KXBTC15M-26OCT050130-30,0.9960,12.31,no
2026-10-05T05:29:41.284619Z,KXBTC15M-26OCT050130-30,0.9960,0.01,no
2026-10-05T05:29:41.284619Z,KXBTC15M-26OCT050130-30,0.9950,9.62,no
2026-10-05T05:29:41.284619Z,KXBTC15M-26OCT050130-30,0.9960,97.60,no
2026-10-05T05:29:41.284619Z,KXBTC15M-26OCT050130-30,0.9960,31.66,no
2026-10-05T05:29:41.284619Z,KXBTC15M-26OCT050130-30,0.9960,0.01,no
2026-10-05T05:29:41.284619Z,KXBTC15M-26OCT050130-30,0.9960,16.93,no
2026-10-05T05:29:41.299829Z,KXBTC15M-26OCT050130-30,0.9970,0.01,yes
2026-10-05T05:29:41.299829Z,KXBTC15M-26OCT050130-30,0.9970,12.02,yes
2026-10-05T05:29:41.314576Z,KXBTC15M-26OCT050130-30,0.9950,470.25,no
2026-10-05T05:29:41.314576Z,KXBTC15M-26OCT050130-30,0.9950,0.01,no
2026-10-05T05:29:41.314576Z,KXBTC15M-26OCT050130-30,0.9950,368.96,no
2026-10-05T05:29:41.314576Z,KXBTC15M-26OCT050130-30,0.9950,130.02,no
2026-10-05T05:29:41.314576Z,KXBTC15M-26OCT050130-30,0.9950,10.01,no
2026-10-05T05:29:41.314576Z,KXBTC15M-26OCT050130-30,0.9950,38.74,no
2026-10-05T05:29:41.314576Z,KXBTC15M-26OCT050130-30,0.9950,0.01,no
2026-10-05T05:29:41.357733Z,KXBTC15M-26OCT050130-30,0.9950,225.00,no
2026-10-05T05:29:41.37788Z,KXBTC15M-26OCT050130-30,0.9950,69.21,no
2026-10-05T05:29:41.406244Z,KXBTC15M-26OCT050130-30,0.9970,0.01,yes
2026-10-05T05:29:41.406244Z,KXBTC15M-26OCT050130-30,0.9970,0.01,yes
2026-10-05T05:29:41.406244Z,KXBTC15M-26OCT050130-30,0.9970,3.98,yes
2026-10-05T05:29:41.406244Z,KXBTC15M-26OCT050130-30,0.9970,12.02,yes
2026-10-05T05:29:41.406244Z,KXBTC15M-26OCT050130-30,0.9980,304.54,yes
2026-10-05T05:29:41.422661Z,KXBTC15M-26OCT050130-30,0.9950,50.00,no
2026-10-05T05:29:41.434028Z,KXBTC15M-26OCT050130-30,0.9960,127.32,no
2026-10-05T05:29:41.469145Z,KXBTC15M-26OCT050130-30,0.9960,38.00,no
2026-10-05T05:29:41.478617Z,KXBTC15M-26OCT050130-30,0.9960,0.01,no
2026-10-05T05:29:41.478617Z,KXBTC15M-26OCT050130-30,0.9960,0.01,no
2026-10-05T05:29:41.478617Z,KXBTC15M-26OCT050130-30,0.9950,286.83,no
2026-10-05T05:29:41.478617Z,KXBTC15M-26OCT050130-30,0.9950,269.93,no
2026-10-05T05:29:41.478617Z,KXBTC15M-26OCT050130-30,0.9960,139.22,no
2026-10-05T05:29:41.49895Z,KXBTC15M-26OCT050130-30,0.9950,99.00,no
2026-10-05T05:29:41.509833Z,KXBTC15M-26OCT050130-30,0.9950,72.00,no
2026-10-05T05:29:41.552779Z,KXBTC15M-26OCT050130-30,0.9950,150.00,no
2026-10-05T05:29:41.589387Z,KXBTC15M-26OCT050130-30,0.9950,44.54,no
2026-10-05T05:29:41.601475Z,KXBTC15M-26OCT050130-30,0.9970,0.01,yes
2026-10-05T05:29:41.601475Z,KXBTC15M-26OCT050130-30,0.9970,0.01,yes
2026-10-05T05:29:41.601475Z,KXBTC15M-26OCT050130-30,0.9970,16.00,yes
2026-10-05T05:29:41.601475Z,KXBTC15M-26OCT050130-30,0.9980,2217.99,yes
2026-10-05T05:29:41.601475Z,KXBTC15M-26OCT050130-30,0.9980,10.00,yes
2026-10-05T05:29:41.601475Z,KXBTC15M-26OCT050130-30,0.9980,2250.00,yes
2026-10-05T05:29:41.601475Z,KXBTC15M-26OCT050130-30,0.9980,10.00,yes
2026-10-05T05:29:41.601475Z,KXBTC15M-26OCT050130-30,0.9980,3.00,yes
2026-10-05T05:29:41.601475Z,KXBTC15M-26OCT050130-30,0.9980,3.00,yes
2026-10-05T05:29:41.601475Z,KXBTC15M-26OCT050130-30,0.9980,3.00,yes
2026-10-05T05:29:41.601475Z,KXBTC15M-26OCT050130-30,0.9980,26.00,yes
2026-10-05T05:29:41.601475Z,KXBTC15M-26OCT050130-30,0.9980,3.00,yes
2026-10-05T05:29:41.601475Z,KXBTC15M-26OCT050130-30,0.9980,3.00,yes
2026-10-05T05:29:41.601475Z,KXBTC15M-26OCT050130-30,0.9980,464.31,yes
2026-10-05T05:29:41.647323Z,KXBTC15M-26OCT050130-30,0.9960,105.00,no
2026-10-05T05:29:41.653475Z,KXBTC15M-26OCT050130-30,0.9960,10.10,no
2026-10-05T05:29:41.669056Z,KXBTC15M-26OCT050130-30,0.9960,57.27,no
2026-10-05T05:29:41.674454Z,KXBTC15M-26OCT050130-30,0.9970,0.01,yes
2026-10-05T05:29:41.674454Z,KXBTC15M-26OCT050130-30,0.9970,0.28,yes
2026-10-05T05:29:41.674454Z,KXBTC15M-26OCT050130-30,0.9970,0.01,yes
2026-10-05T05:29:41.677014Z,KXBTC15M-26OCT050130-30,0.9960,47.46,no
2026-10-05T05:29:41.689897Z,KXBTC15M-26OCT050130-30,0.9960,0.01,no
2026-10-05T05:29:41.689897Z,KXBTC15M-26OCT050130-30,0.9950,5.50,no
2026-10-05T05:29:41.689897Z,KXBTC15M-26OCT050130-30,0.9960,244.48,no
2026-10-05T05:29:41.689897Z,KXBTC15M-26OCT050130-30,0.9960,0.01,no
2026-10-05T05:29:41.720806Z,KXBTC15M-26OCT050130-30,0.9950,106.53,no
2026-10-05T05:29:41.720806Z,KXBTC15M-26OCT050130-30,0.9960,0.01,no
2026-10-05T05:29:41.720806Z,KXBTC15M-26OCT050130-30,0.9960,0.01,no
2026-10-05T05:29:41.720806Z,KXBTC15M-26OCT050130-30,0.9950,310.28,no
2026-10-05T05:29:41.720806Z,KXBTC15M-26OCT050130-30,0.9950,0.01,no
2026-10-05T05:29:41.720806Z,KXBTC15M-26OCT050130-30,0.9950,0.01,no
2026-10-05T05:29:41.726518Z,KXBTC15M-26OCT050130-30,0.9950,2.01,no
2026-10-05T05:29:41.758433Z,KXBTC15M-26OCT050130-30,0.9950,439.30,no
2026-10-05T05:29:41.776365Z,KXBTC15M-26OCT050130-30,0.9950,0.01,no
2026-10-05T05:29:41.776365Z,KXBTC15M-26OCT050130-30,0.9950,499.16,no
2026-10-05T05:29:41.776365Z,KXBTC15M-26OCT050130-30,0.9950,0.01,no
2026-10-05T05:29:41.776365Z,KXBTC15M-26OCT050130-30,0.9940,348.97,no
2026-10-05T05:29:41.780189Z,KXBTC15M-26OCT050130-30,0.9970,4.99,yes
2026-10-05T05:29:41.780189Z,KXBTC15M-26OCT050130-30,0.9970,0.01,yes
2026-10-05T05:29:41.780189Z,KXBTC15M-26OCT050130-30,0.9970,0.01,yes
2026-10-05T05:29:41.808416Z,KXBTC15M-26OCT050130-30,0.9970,0.01,yes
2026-10-05T05:29:41.808416Z,KXBTC15M-26OCT050130-30,0.9970,0.01,yes
2026-10-05T05:29:41.808416Z,KXBTC15M-26OCT050130-30,0.9970,1.27,yes
2026-10-05T05:29:41.810025Z,KXBTC15M-26OCT050130-30,0.9970,14.73,yes
2026-10-05T05:29:41.810025Z,KXBTC15M-26OCT050130-30,0.9980,90.47,yes
2026-10-05T05:29:41.821077Z,KXBTC15M-26OCT050130-30,0.9950,0.01,no
2026-10-05T05:29:41.821077Z,KXBTC15M-26OCT050130-30,0.9950,0.01,no
2026-10-05T05:29:41.821077Z,KXBTC15M-26OCT050130-30,0.9940,594.43,no
2026-10-05T05:29:41.832194Z,KXBTC15M-26OCT050130-30,0.9970,0.01,yes
2026-10-05T05:29:41.832194Z,KXBTC15M-26OCT050130-30,0.9950,0.01,yes
2026-10-05T05:29:41.832194Z,KXBTC15M-26OCT050130-30,0.9950,0.01,yes
2026-10-05T05:29:41.832194Z,KXBTC15M-26OCT050130-30,0.9980,10.00,yes
2026-10-05T05:29:41.832194Z,KXBTC15M-26OCT050130-30,0.9980,10.00,yes
2026-10-05T05:29:41.832194Z,KXBTC15M-26OCT050130-30,0.9980,17.00,yes
2026-10-05T05:29:41.832194Z,KXBTC15M-26OCT050130-30,0.9970,0.01,yes
2026-10-05T05:29:41.832194Z,KXBTC15M-26OCT050130-30,0.9990,95.51,yes
2026-10-05T05:29:41.876118Z,KXBTC15M-26OCT050130-30,0.9950,150.00,no
2026-10-05T05:29:41.876118Z,KXBTC15M-26OCT050130-30,0.9940,0.01,no
2026-10-05T05:29:41.876118Z,KXBTC15M-26OCT050130-30,0.9940,78.00,no
2026-10-05T05:29:41.876118Z,KXBTC15M-26OCT050130-30,0.9950,95.51,no
2026-10-05T05:29:41.876118Z,KXBTC15M-26OCT050130-30,0.9940,47.24,no
2026-10-05T05:29:41.876118Z,KXBTC15M-26OCT050130-30,0.9940,14.85,no
2026-10-05T05:29:41.914177Z,KXBTC15M-26OCT050130-30,0.9980,7.23,yes
2026-10-05T05:29:41.914177Z,KXBTC15M-26OCT050130-30,0.9980,0.01,yes
2026-10-05T05:29:41.914177Z,KXBTC15M-26OCT050130-30,0.9980,0.01,yes
2026-10-05T05:29:41.92686Z,KXBTC15M-26OCT050130-30,0.9980,9.62,yes
2026-10-05T05:29:41.927079Z,KXBTC15M-26OCT050130-30,0.9980,0.15,yes
2026-10-05T05:29:41.927079Z,KXBTC15M-26OCT050130-30,0.9980,13.45,yes
2026-10-05T05:29:41.933564Z,KXBTC15M-26OCT050130-30,0.9980,0.44,yes
2026-10-05T05:29:41.937225Z,KXBTC15M-26OCT050130-30,0.9950,41.13,no
2026-10-05T05:29:42.054749Z,KXBTC15M-26OCT050130-30,0.9950,0.01,no
2026-10-05T05:29:42.054749Z,KXBTC15M-26OCT050130-30,0.9950,0.01,no
2026-10-05T05:29:42.054749Z,KXBTC15M-26OCT050130-30,0.9940,20.13,no
2026-10-05T05:29:42.056198Z,KXBTC15M-26OCT050130-30,0.9980,7.23,yes
2026-10-05T05:29:42.056198Z,KXBTC15M-26OCT050130-30,0.9980,9.77,yes
2026-10-05T05:29:42.056198Z,KXBTC15M-26OCT050130-30,0.9980,10.00,yes
2026-10-05T05:29:42.056198Z,KXBTC15M-26OCT050130-30,0.9980,0.01,yes
2026-10-05T05:29:42.056198Z,KXBTC15M-26OCT050130-30,0.9980,3.03,yes
2026-10-05T05:29:42.056198Z,KXBTC15M-26OCT050130-30,0.9980,0.01,yes
2026-10-05T05:29:42.06552Z,KXBTC15M-26OCT050130-30,0.9980,6.97,yes
2026-10-05T05:29:42.06552Z,KXBTC15M-26OCT050130-30,0.9980,17.00,yes
2026-10-05T05:29:42.06552Z,KXBTC15M-26OCT050130-30,0.9980,0.01,yes
2026-10-05T05:29:42.06552Z,KXBTC15M-26OCT050130-30,0.9980,0.01,yes
2026-10-05T05:29:42.06552Z,KXBTC15M-26OCT050130-30,0.9980,94.00,yes
2026-10-05T05:29:42.06552Z,KXBTC15M-26OCT050130-30,0.9990,284.04,yes
2026-10-05T05:29:42.074908Z,KXBTC15M-26OCT050130-30,0.9940,0.01,no
2026-10-05T05:29:42.074908Z,KXBTC15M-26OCT050130-30,0.9940,0.01,no
2026-10-05T05:29:42.074908Z,KXBTC15M-26OCT050130-30,0.9940,10.23,no
2026-10-05T05:29:42.177881Z,KXBTC15M-26OCT050130-30,0.9950,21.83,no
2026-10-05T05:29:42.177881Z,KXBTC15M-26OCT050130-30,0.9950,0.01,no
2026-10-05T05:29:42.177881Z,KXBTC15M-26OCT050130-30,0.9950,0.01,no
2026-10-05T05:29:42.187342Z,KXBTC15M-26OCT050130-30,0.9950,185.13,no
2026-10-05T05:29:42.201178Z,KXBTC15M-26OCT050130-30,0.9980,10.00,yes
2026-10-05T05:29:42.201178Z,KXBTC15M-26OCT050130-30,0.9980,0.01,yes
2026-10-05T05:29:42.201178Z,KXBTC15M-26OCT050130-30,0.9980,17.00,yes
2026-10-05T05:29:42.201178Z,KXBTC15M-26OCT050130-30,0.9980,0.01,yes
2026-10-05T05:29:42.201178Z,KXBTC15M-26OCT050130-30,0.9980,10.00,yes
2026-10-05T05:29:42.201178Z,KXBTC15M-26OCT050130-30,0.9990,164.28,yes
2026-10-05T05:29:42.21012Z,KXBTC15M-26OCT050130-30,0.9950,49.49,no
2026-10-05T05:29:42.216219Z,KXBTC15M-26OCT050130-30,0.9980,0.01,yes
2026-10-05T05:29:42.216219Z,KXBTC15M-26OCT050130-30,0.9980,0.01,yes
2026-10-05T05:29:42.216219Z,KXBTC15M-26OCT050130-30,0.9980,17.00,yes
2026-10-05T05:29:42.216219Z,KXBTC15M-26OCT050130-30,0.9990,69.03,yes
2026-10-05T05:29:42.23416Z,KXBTC15M-26OCT050130-30,0.9950,2.62,no
2026-10-05T05:29:42.23416Z,KXBTC15M-26OCT050130-30,0.9950,8.29,no
2026-10-05T05:29:42.23416Z,KXBTC15M-26OCT050130-30,0.9950,0.01,no
2026-10-05T05:29:42.23416Z,KXBTC15M-26OCT050130-30,0.9950,0.01,no
2026-10-05T05:29:42.247172Z,KXBTC15M-26OCT050130-30,0.9950,0.02,no
2026-10-05T05:29:42.253542Z,KXBTC15M-26OCT050130-30,0.9950,20.96,no
2026-10-05T05:29:42.298098Z,KXBTC15M-26OCT050130-30,0.9950,132.26,no
2026-10-05T05:29:42.307858Z,KXBTC15M-26OCT050130-30,0.9950,0.01,no
2026-10-05T05:29:42.307858Z,KXBTC15M-26OCT050130-30,0.9950,8.42,no
2026-10-05T05:29:42.307858Z,KXBTC15M-26OCT050130-30,0.9950,69.03,no
2026-10-05T05:29:42.307858Z,KXBTC15M-26OCT050130-30,0.9950,0.01,no
2026-10-05T05:29:42.307858Z,KXBTC15M-26OCT050130-30,0.9940,76.81,no
2026-10-05T05:29:42.468045Z,KXBTC15M-26OCT050130-30,0.9980,2.32,yes
2026-10-05T05:29:42.468045Z,KXBTC15M-26OCT050130-30,0.9980,0.01,yes
2026-10-05T05:29:42.47241Z,KXBTC15M-26OCT050130-30,0.9960,11.66,no
2026-10-05T05:29:42.530178Z,KXBTC15M-26OCT050130-30,0.9960,28.14,no
2026-10-05T05:29:42.530178Z,KXBTC15M-26OCT050130-30,0.9960,155.34,no
2026-10-05T05:29:42.530178Z,KXBTC15M-26OCT050130-30,0.9960,0.01,no
2026-10-05T05:29:42.530178Z,KXBTC15M-26OCT050130-30,0.9960,0.01,no
2026-10-05T05:29:42.534556Z,KXBTC15M-26OCT050130-30,0.9980,0.01,yes
2026-10-05T05:29:42.534556Z,KXBTC15M-26OCT050130-30,0.9980,10.00,yes
2026-10-05T05:29:42.534556Z,KXBTC15M-26OCT050130-30,0.9980,0.01,yes
2026-10-05T05:29:42.534556Z,KXBTC15M-26OCT050130-30,0.9980,14.68,yes
2026-10-05T05:29:42.534556Z,KXBTC15M-26OCT050130-30,0.9980,2.32,yes
2026-10-05T05:29:42.534556Z,KXBTC15M-26OCT050130-30,0.9980,10.00,yes
2026-10-05T05:29:42.534556Z,KXBTC15M-26OCT050130-30,0.9990,355.43,yes
2026-10-05T05:29:42.624356Z,KXBTC15M-26OCT050130-30,0.9980,0.01,yes
2026-10-05T05:29:42.624356Z,KXBTC15M-26OCT050130-30,0.9980,17.00,yes
2026-10-05T05:29:42.624356Z,KXBTC15M-26OCT050130-30,0.9980,10.00,yes
2026-10-05T05:29:42.624356Z,KXBTC15M-26OCT050130-30,0.9980,0.01,yes
2026-10-05T05:29:42.624356Z,KXBTC15M-26OCT050130-30,0.9980,10.00,yes
2026-10-05T05:29:42.624356Z,KXBTC15M-26OCT050130-30,0.9990,2.40,yes
2026-10-05T05:29:42.628283Z,KXBTC15M-26OCT050130-30,0.9990,15.75,yes
2026-10-05T05:29:42.680185Z,KXBTC15M-26OCT050130-30,0.9980,0.01,yes
2026-10-05T05:29:42.680185Z,KXBTC15M-26OCT050130-30,0.9980,0.01,yes
2026-10-05T05:29:42.680185Z,KXBTC15M-26OCT050130-30,0.9980,17.00,yes
2026-10-05T05:29:42.680185Z,KXBTC15M-26OCT050130-30,0.9990,85.49,yes
2026-10-05T05:29:42.715614Z,KXBTC15M-26OCT050130-30,0.9950,19.00,no
2026-10-05T05:29:42.715614Z,KXBTC15M-26OCT050130-30,0.9950,51.00,no
2026-10-05T05:29:42.715614Z,KXBTC15M-26OCT050130-30,0.9970,0.01,no
2026-10-05T05:29:42.715614Z,KXBTC15M-26OCT050130-30,0.9940,38.42,no
2026-10-05T05:29:42.715614Z,KXBTC15M-26OCT050130-30,0.9960,0.01,no
2026-10-05T05:29:42.715614Z,KXBTC15M-26OCT050130-30,0.9960,57.86,no
2026-10-05T05:29:42.715614Z,KXBTC15M-26OCT050130-30,0.9970,0.01,no
2026-10-05T05:29:42.715614Z,KXBTC15M-26OCT050130-30,0.9960,0.01,no
2026-10-05T05:29:42.715614Z,KXBTC15M-26OCT050130-30,0.9970,10.00,no
2026-10-05T05:29:42.728343Z,KXBTC15M-26OCT050130-30,0.9950,19.00,no
2026-10-05T05:29:42.728343Z,KXBTC15M-26OCT050130-30,0.9970,0.01,no
2026-10-05T05:29:42.728343Z,KXBTC15M-26OCT050130-30,0.9950,64.00,no
2026-10-05T05:29:42.728343Z,KXBTC15M-26OCT050130-30,0.9950,0.01,no
2026-10-05T05:29:42.728343Z,KXBTC15M-26OCT050130-30,0.9950,64.00,no
2026-10-05T05:29:42.738567Z,KXBTC15M-26OCT050130-30,0.9980,10.09,yes
2026-10-05T05:29:42.738567Z,KXBTC15M-26OCT050130-30,0.9980,0.01,yes
2026-10-05T05:29:42.738567Z,KXBTC15M-26OCT050130-30,0.9980,10.00,yes
2026-10-05T05:29:42.771709Z,KXBTC15M-26OCT050130-30,0.9940,22.97,no
2026-10-05T05:29:42.771709Z,KXBTC15M-26OCT050130-30,0.9970,0.01,no
2026-10-05T05:29:42.771709Z,KXBTC15M-26OCT050130-30,0.9970,0.01,no
2026-10-05T05:29:42.771709Z,KXBTC15M-26OCT050130-30,0.9950,0.01,no
2026-10-05T05:29:42.771709Z,KXBTC15M-26OCT050130-30,0.9950,19.00,no
2026-10-05T05:29:42.840808Z,KXBTC15M-26OCT050130-30,0.9970,0.01,no
2026-10-05T05:29:42.840808Z,KXBTC15M-26OCT050130-30,0.9970,0.01,no
2026-10-05T05:29:42.840808Z,KXBTC15M-26OCT050130-30,0.9970,1.30,no
2026-10-05T05:29:42.850583Z,KXBTC15M-26OCT050130-30,0.9970,4.94,no
2026-10-05T05:29:42.850744Z,KXBTC15M-26OCT050130-30,0.9970,17.18,no
2026-10-05T05:29:42.850744Z,KXBTC15M-26OCT050130-30,0.9970,3.76,no
2026-10-05T05:29:42.855755Z,KXBTC15M-26OCT050130-30,0.9970,85.30,no
2026-10-05T05:29:42.889049Z,KXBTC15M-26OCT050130-30,0.9970,163.21,no
2026-10-05T05:29:42.890977Z,KXBTC15M-26OCT050130-30,0.9980,8.08,yes
2026-10-05T05:29:42.890977Z,KXBTC15M-26OCT050130-30,0.9980,0.01,yes
2026-10-05T05:29:42.890977Z,KXBTC15M-26OCT050130-30,0.9980,6.91,yes
2026-10-05T05:29:42.934215Z,KXBTC15M-26OCT050130-30,0.9970,0.01,no
2026-10-05T05:29:42.934215Z,KXBTC15M-26OCT050130-30,0.9940,126.09,no
2026-10-05T05:29:42.934215Z,KXBTC15M-26OCT050130-30,0.9970,193.38,no
2026-10-05T05:29:42.934215Z,KXBTC15M-26OCT050130-30,0.9950,64.00,no
2026-10-05T05:29:42.934215Z,KXBTC15M-26OCT050130-30,0.9950,19.00,no
2026-10-05T05:29:42.934215Z,KXBTC15M-26OCT050130-30,0.9970,0.01,no
2026-10-05T05:29:42.959648Z,KXBTC15M-26OCT050130-30,0.9980,1.08,yes
2026-10-05T05:29:42.959648Z,KXBTC15M-26OCT050130-30,0.9980,2.01,yes
2026-10-05T05:29:42.959648Z,KXBTC15M-26OCT050130-30,0.9980,10.00,yes
2026-10-05T05:29:42.959648Z,KXBTC15M-26OCT050130-30,0.9980,0.01,yes
2026-10-05T05:29:43.027166Z,KXBTC15M-26OCT050130-30,0.9980,0.01,yes
2026-10-05T05:29:43.027166Z,KXBTC15M-26OCT050130-30,0.9980,13.91,yes
2026-10-05T05:29:43.027166Z,KXBTC15M-26OCT050130-30,0.9980,0.01,yes
2026-10-05T05:29:43.027166Z,KXBTC15M-26OCT050130-30,0.9980,3.09,yes
2026-10-05T05:29:43.027166Z,KXBTC15M-26OCT050130-30,0.9990,27.03,yes
2026-10-05T05:29:43.033287Z,KXBTC15M-26OCT050130-30,0.9970,0.01,no
2026-10-05T05:29:43.033287Z,KXBTC15M-26OCT050130-30,0.9970,0.01,no
2026-10-05T05:29:43.033287Z,KXBTC15M-26OCT050130-30,0.9950,0.01,no
2026-10-05T05:29:43.033287Z,KXBTC15M-26OCT050130-30,0.9950,19.00,no
2026-10-05T05:29:43.033287Z,KXBTC15M-26OCT050130-30,0.9940,23.30,no
2026-10-05T05:29:43.034832Z,KXBTC15M-26OCT050130-30,0.9980,0.01,yes
2026-10-05T05:29:43.034832Z,KXBTC15M-26OCT050130-30,0.9980,0.01,yes
2026-10-05T05:29:43.034832Z,KXBTC15M-26OCT050130-30,0.9990,87.99,yes
2026-10-05T05:29:43.041577Z,KXBTC15M-26OCT050130-30,0.9970,0.01,no
2026-10-05T05:29:43.041577Z,KXBTC15M-26OCT050130-30,0.9950,19.00,no
2026-10-05T05:29:43.041577Z,KXBTC15M-26OCT050130-30,0.9970,10.00,no
2026-10-05T05:29:43.041577Z,KXBTC15M-26OCT050130-30,0.9970,0.01,no
2026-10-05T05:29:43.041577Z,KXBTC15M-26OCT050130-30,0.9940,28.12,no
2026-10-05T05:29:43.200861Z,KXBTC15M-26OCT050130-30,0.9950,0.01,no
2026-10-05T05:29:43.200861Z,KXBTC15M-26OCT050130-30,0.9950,5.29,no
2026-10-05T05:29:43.240029Z,KXBTC15M-26OCT050130-30,0.9950,0.01,no
2026-10-05T05:29:43.240029Z,KXBTC15M-26OCT050130-30,0.9950,0.01,no
2026-10-05T05:29:43.240029Z,KXBTC15M-26OCT050130-30,0.9970,0.01,no
2026-10-05T05:29:43.240029Z,KXBTC15M-26OCT050130-30,0.9950,19.00,no
2026-10-05T05:29:43.240029Z,KXBTC15M-26OCT050130-30,0.9940,33.99,no
2026-10-05T05:29:43.240029Z,KXBTC15M-26OCT050130-30,0.9940,10.00,no
2026-10-05T05:29:43.289932Z,KXBTC15M-26OCT050130-30,0.9950,39.99,no
2026-10-05T05:29:43.289932Z,KXBTC15M-26OCT050130-30,0.9970,0.01,no
2026-10-05T05:29:43.300628Z,KXBTC15M-26OCT050130-30,0.9940,0.01,no
2026-10-05T05:29:43.300628Z,KXBTC15M-26OCT050130-30,0.9940,10.00,no
2026-10-05T05:29:43.300628Z,KXBTC15M-26OCT050130-30,0.9950,75.03,no
2026-10-05T05:29:43.300628Z,KXBTC15M-26OCT050130-30,0.9940,17.00,no
2026-10-05T05:29:43.300628Z,KXBTC15M-26OCT050130-30,0.9950,0.01,no
2026-10-05T05:29:43.300628Z,KXBTC15M-26OCT050130-30,0.9930,831.73,no
2026-10-05T05:29:43.300628Z,KXBTC15M-26OCT050130-30,0.9940,75.00,no
2026-10-05T05:29:43.316076Z,KXBTC15M-26OCT050130-30,0.9940,12.75,no
2026-10-05T05:29:43.328535Z,KXBTC15M-26OCT050130-30,0.9980,17.00,yes
2026-10-05T05:29:43.328535Z,KXBTC15M-26OCT050130-30,0.9980,0.01,yes
2026-10-05T05:29:43.328535Z,KXBTC15M-26OCT050130-30,0.9980,0.01,yes
2026-10-05T05:29:43.349894Z,KXBTC15M-26OCT050130-30,0.9980,37.25,yes
2026-10-05T05:29:43.360979Z,KXBTC15M-26OCT050130-30,0.9980,6.00,yes
2026-10-05T05:29:43.484078Z,KXBTC15M-26OCT050130-30,0.9980,15.02,yes
2026-10-05T05:29:43.51268Z,KXBTC15M-26OCT050130-30,0.9980,1.50,yes
2026-10-05T05:29:43.531908Z,KXBTC15M-26OCT050130-30,0.9980,17.00,yes
2026-10-05T05:29:43.531908Z,KXBTC15M-26OCT050130-30,0.9980,0.01,yes
2026-10-05T05:29:43.531908Z,KXBTC15M-26OCT050130-30,0.9980,0.01,yes
2026-10-05T05:29:43.531908Z,KXBTC15M-26OCT050130-30,0.9990,8.01,yes
2026-10-05T05:29:43.563742Z,KXBTC15M-26OCT050130-30,0.9990,50.06,yes
2026-10-05T05:29:43.610232Z,KXBTC15M-26OCT050130-30,0.9950,51.00,no
2026-10-05T05:29:43.610232Z,KXBTC15M-26OCT050130-30,0.9950,0.01,no
2026-10-05T05:29:43.610232Z,KXBTC15M-26OCT050130-30,0.9930,758.00,no
2026-10-05T05:29:43.610232Z,KXBTC15M-26OCT050130-30,0.9950,8.01,no
2026-10-05T05:29:43.610232Z,KXBTC15M-26OCT050130-30,0.9950,50.06,no
2026-10-05T05:29:43.610232Z,KXBTC15M-26OCT050130-30,0.9940,17.00,no
2026-10-05T05:29:43.610232Z,KXBTC15M-26OCT050130-30,0.9950,0.01,no
2026-10-05T05:29:43.610232Z,KXBTC15M-26OCT050130-30,0.9920,800.00,no
2026-10-05T05:29:43.610232Z,KXBTC15M-26OCT050130-30,0.9930,215.27,no
2026-10-05T05:29:43.610232Z,KXBTC15M-26OCT050130-30,0.9910,1.00,no
2026-10-05T05:29:43.610232Z,KXBTC15M-26OCT050130-30,0.9920,500.00,no
2026-10-05T05:29:43.610232Z,KXBTC15M-26OCT050130-30,0.9900,80.11,no
2026-10-05T05:29:43.613037Z,KXBTC15M-26OCT050130-30,0.9900,132.71,no
2026-10-05T05:29:43.630993Z,KXBTC15M-26OCT050130-30,0.9990,406.40,yes
2026-10-05T05:29:43.667467Z,KXBTC15M-26OCT050130-30,0.9980,3.11,no
2026-10-05T05:29:43.680762Z,KXBTC15M-26OCT050130-30,0.9960,78.11,no
2026-10-05T05:29:43.684397Z,KXBTC15M-26OCT050130-30,0.9960,194.63,no
2026-10-05T05:29:43.684485Z,KXBTC15M-26OCT050130-30,0.9990,21.86,yes
2026-10-05T05:29:43.709041Z,KXBTC15M-26OCT050130-30,0.9990,147.14,yes
2026-10-05T05:29:43.72259Z,KXBTC15M-26OCT050130-30,0.9940,70.66,no
2026-10-05T05:29:43.72259Z,KXBTC15M-26OCT050130-30,0.9960,29.34,no
2026-10-05T05:29:43.769032Z,KXBTC15M-26OCT050130-30,0.9990,4.01,yes
2026-10-05T05:29:43.798658Z,KXBTC15M-26OCT050130-30,0.9980,1.03,no
2026-10-05T05:29:43.806069Z,KXBTC15M-26OCT050130-30,0.9990,22.88,yes
2026-10-05T05:29:43.842143Z,KXBTC15M-26OCT050130-30,0.9990,10.47,yes
2026-10-05T05:29:43.954994Z,KXBTC15M-26OCT050130-30,0.9980,98.96,no
2026-10-05T05:29:43.990116Z,KXBTC15M-26OCT050130-30,0.9990,64.91,yes
2026-10-05T05:29:43.990116Z,KXBTC15M-26OCT050130-30,0.9990,1.00,yes
2026-10-05T05:29:43.990116Z,KXBTC15M-26OCT050130-30,0.9990,120.00,yes
2026-10-05T05:29:43.990116Z,KXBTC15M-26OCT050130-30,0.9990,1.00,yes
2026-10-05T05:29:43.990116Z,KXBTC15M-26OCT050130-30,0.9990,200.00,yes
2026-10-05T05:29:43.990116Z,KXBTC15M-26OCT050130-30,0.9990,142.22,yes
2026-10-05T05:29:43.990116Z,KXBTC15M-26OCT050130-30,0.9990,100.00,yes
2026-10-05T05:29:43.990116Z,KXBTC15M-26OCT050130-30,0.9990,1.00,yes
2026-10-05T05:29:43.990116Z,KXBTC15M-26OCT050130-30,0.9990,200.00,yes
2026-10-05T05:29:43.990116Z,KXBTC15M-26OCT050130-30,0.9990,200.00,yes
2026-10-05T05:29:43.996217Z,KXBTC15M-26OCT050130-30,0.9990,93.96,yes
2026-10-05T05:29:43.997908Z,KXBTC15M-26OCT050130-30,0.9990,4.00,yes
2026-10-05T05:29:44.075704Z,KXBTC15M-26OCT050130-30,0.9990,120.51,yes
2026-10-05T05:29:44.133619Z,KXBTC15M-26OCT050130-30,0.9990,1001.00,yes
2026-10-05T05:29:44.139661Z,KXBTC15M-26OCT050130-30,0.9990,173.48,yes
2026-10-05T05:29:44.174953Z,KXBTC15M-26OCT050130-30,0.9990,410.55,yes
2026-10-05T05:29:44.19464Z,KXBTC15M-26OCT050130-30,0.9980,369.52,no
2026-10-05T05:29:44.19464Z,KXBTC15M-26OCT050130-30,0.9980,3.00,no
2026-10-05T05:29:44.19464Z,KXBTC15M-26OCT050130-30,0.9980,85.49,no
2026-10-05T05:29:44.200909Z,KXBTC15M-26OCT050130-30,0.9980,200.00,no
2026-10-05T05:29:44.200909Z,KXBTC15M-26OCT050130-30,0.9980,34.51,no
2026-10-05T05:29:44.200909Z,KXBTC15M-26OCT050130-30,0.9980,291.93,no
2026-10-05T05:29:44.200909Z,KXBTC15M-26OCT050130-30,0.9980,200.00,no
2026-10-05T05:29:44.200909Z,KXBTC15M-26OCT050130-30,0.9980,200.00,no
2026-10-05T05:29:44.220972Z,KXBTC15M-26OCT050130-30,0.9990,95.51,yes
2026-10-05T05:29:44.220972Z,KXBTC15M-26OCT050130-30,0.9990,41.13,yes
2026-10-05T05:29:44.220972Z,KXBTC15M-26OCT050130-30,0.9990,2.62,yes
2026-10-05T05:29:44.220972Z,KXBTC15M-26OCT050130-30,0.9990,185.13,yes
2026-10-05T05:29:44.220972Z,KXBTC15M-26OCT050130-30,0.9990,8.29,yes
2026-10-05T05:29:44.220972Z,KXBTC15M-26OCT050130-30,0.9990,49.49,yes
2026-10-05T05:29:44.220972Z,KXBTC15M-26OCT050130-30,0.9990,209.71,yes
2026-10-05T05:29:44.220972Z,KXBTC15M-26OCT050130-30,0.9990,171.00,yes
2026-10-05T05:29:44.220972Z,KXBTC15M-26OCT050130-30,0.9990,0.02,yes
2026-10-05T05:29:44.220972Z,KXBTC15M-26OCT050130-30,0.9990,190.00,yes
2026-10-05T05:29:44.220972Z,KXBTC15M-26OCT050130-30,0.9990,10.00,yes
2026-10-05T05:29:44.220972Z,KXBTC15M-26OCT050130-30,0.9990,265.69,yes
2026-10-05T05:29:44.220972Z,KXBTC15M-26OCT050130-30,0.9990,20.96,yes
2026-10-05T05:29:44.220972Z,KXBTC15M-26OCT050130-30,0.9990,220.50,yes
2026-10-05T05:29:44.220972Z,KXBTC15M-26OCT050130-30,0.9990,10.00,yes
2026-10-05T05:29:44.220972Z,KXBTC15M-26OCT050130-30,0.9990,3141.00,yes
2026-10-05T05:29:44.220972Z,KXBTC15M-26OCT050130-30,0.9990,0.01,yes
2026-10-05T05:29:44.220972Z,KXBTC15M-26OCT050130-30,0.9990,0.01,yes
2026-10-05T05:29:44.220972Z,KXBTC15M-26OCT050130-30,0.9990,58.07,yes
2026-10-05T05:29:44.220972Z,KXBTC15M-26OCT050130-30,0.9990,35.00,yes
2026-10-05T05:29:44.220972Z,KXBTC15M-26OCT050130-30,0.9990,115.02,yes
2026-10-05T05:29:44.220972Z,KXBTC15M-26OCT050130-30,0.9990,193.38,yes
2026-10-05T05:29:44.220972Z,KXBTC15M-26OCT050130-30,0.9990,2399.54,yes
2026-10-05T05:29:44.220972Z,KXBTC15M-26OCT050130-30,0.9990,10.00,yes
2026-10-05T05:29:44.220972Z,KXBTC15M-26OCT050130-30,0.9990,500.00,yes
2026-10-05T05:29:44.220972Z,KXBTC15M-26OCT050130-30,0.9990,2.00,yes
2026-10-05T05:29:44.220972Z,KXBTC15M-26OCT050130-30,0.9990,217.00,yes
2026-10-05T05:29:44.220972Z,KXBTC15M-26OCT050130-30,0.9990,8131.59,yes
2026-10-05T05:29:44.256132Z,KXBTC15M-26OCT050130-30,0.9980,1350.92,no
2026-10-05T05:29:44.256132Z,KXBTC15M-26OCT050130-30,0.9980,0.01,no
2026-10-05T05:29:44.256132Z,KXBTC15M-26OCT050130-30,0.9980,3141.00,no
2026-10-05T05:29:44.256132Z,KXBTC15M-26OCT050130-30,0.9980,0.01,no
2026-10-05T05:29:44.256132Z,KXBTC15M-26OCT050130-30,0.9980,10.00,no
2026-10-05T05:29:44.349774Z,KXBTC15M-26OCT050130-30,0.9970,5.55,yes
2026-10-05T05:29:44.415405Z,KXBTC15M-26OCT050130-30,0.9960,36.98,no
2026-10-05T05:29:44.415405Z,KXBTC15M-26OCT050130-30,0.9960,0.01,no
2026-10-05T05:29:44.415405Z,KXBTC15M-26OCT050130-30,0.9960,10.00,no
2026-10-05T05:29:44.415405Z,KXBTC15M-26OCT050130-30,0.9960,0.01,no
2026-10-05T05:29:44.419006Z,KXBTC15M-26OCT050130-30,0.9930,160.49,no
2026-10-05T05:29:44.419006Z,KXBTC15M-26OCT050130-30,0.9930,15.00,no
2026-10-05T05:29:44.419006Z,KXBTC15M-26OCT050130-30,0.9960,8.02,no
2026-10-05T05:29:44.427094Z,KXBTC15M-26OCT050130-30,0.9970,0.01,yes
2026-10-05T05:29:44.427094Z,KXBTC15M-26OCT050130-30,0.9970,0.01,yes
2026-10-05T05:29:44.427094Z,KXBTC15M-26OCT050130-30,0.9970,5492.51,yes
2026-10-05T05:29:44.447535Z,KXBTC15M-26OCT050130-30,0.9990,149.25,yes
2026-10-05T05:29:44.447535Z,KXBTC15M-26OCT050130-30,0.9990,35.00,yes
2026-10-05T05:29:44.447535Z,KXBTC15M-26OCT050130-30,0.9960,66.00,yes
2026-10-05T05:29:44.469233Z,KXBTC15M-26OCT050130-30,0.9950,30.00,no
2026-10-05T05:29:44.542059Z,KXBTC15M-26OCT050130-30,0.9960,0.01,yes
2026-10-05T05:29:44.542059Z,KXBTC15M-26OCT050130-30,0.9960,0.01,yes
2026-10-05T05:29:44.542059Z,KXBTC15M-26OCT050130-30,0.9980,0.28,yes
2026-10-05T05:29:44.661215Z,KXBTC15M-26OCT050130-30,0.9960,0.01,yes
2026-10-05T05:29:44.661215Z,KXBTC15M-26OCT050130-30,0.9980,0.80,yes
2026-10-05T05:29:44.661215Z,KXBTC15M-26OCT050130-30,0.9960,0.01,yes
2026-10-05T05:29:44.732792Z,KXBTC15M-26OCT050130-30,0.9950,5.32,no
2026-10-05T05:29:44.822896Z,KXBTC15M-26OCT050130-30,0.9950,253.11,no
2026-10-05T05:29:44.822896Z,KXBTC15M-26OCT050130-30,0.9950,0.01,no
2026-10-05T05:29:44.822896Z,KXBTC15M-26OCT050130-30,0.9950,70.00,no
2026-10-05T05:29:44.822896Z,KXBTC15M-26OCT050130-30,0.9950,0.01,no
2026-10-05T05:29:44.822896Z,KXBTC15M-26OCT050130-30,0.9950,19.00,no
2026-10-05T05:29:44.822896Z,KXBTC15M-26OCT050130-30,0.9940,482.24,no
2026-10-05T05:29:44.827399Z,KXBTC15M-26OCT050130-30,0.9940,144.83,no
2026-10-05T05:29:44.837879Z,KXBTC15M-26OCT050130-30,0.9960,0.01,yes
2026-10-05T05:29:44.837879Z,KXBTC15M-26OCT050130-30,0.9960,0.01,yes
2026-10-05T05:29:44.837879Z,KXBTC15M-26OCT050130-30,0.9980,10.91,yes
2026-10-05T05:29:44.848245Z,KXBTC15M-26OCT050130-30,0.9950,625.18,no
2026-10-05T05:29:44.950727Z,KXBTC15M-26OCT050130-30,0.9950,18.69,no
2026-10-05T05:29:45.026476Z,KXBTC15M-26OCT050130-30,0.9950,7.51,no
2026-10-05T05:29:45.038185Z,KXBTC15M-26OCT050130-30,0.9950,4.09,no
2026-10-05T05:29:45.062107Z,KXBTC15M-26OCT050130-30,0.9990,1555.90,yes
2026-10-05T05:29:45.062107Z,KXBTC15M-26OCT050130-30,0.9990,90.66,yes
2026-10-05T05:29:45.062107Z,KXBTC15M-26OCT050130-30,0.9960,0.01,yes
2026-10-05T05:29:45.062107Z,KXBTC15M-26OCT050130-30,0.9960,0.01,yes
2026-10-05T05:29:45.08086Z,KXBTC15M-26OCT050130-30,0.9990,0.01,yes
2026-10-05T05:29:45.08086Z,KXBTC15M-26OCT050130-30,0.9990,270.64,yes
2026-10-05T05:29:45.08086Z,KXBTC15M-26OCT050130-30,0.9990,0.01,yes
2026-10-05T05:29:45.08086Z,KXBTC15M-26OCT050130-30,0.9990,482.24,yes
2026-10-05T05:29:45.08086Z,KXBTC15M-26OCT050130-30,0.9990,139.00,yes
2026-10-05T05:29:45.08086Z,KXBTC15M-26OCT050130-30,0.9990,10.00,yes
2026-10-05T05:29:45.08086Z,KXBTC15M-26OCT050130-30,0.9990,10.00,yes
2026-10-05T05:29:45.08086Z,KXBTC15M-26OCT050130-30,0.9990,10.00,yes
2026-10-05T05:29:45.08086Z,KXBTC15M-26OCT050130-30,0.9990,35.00,yes
2026-10-05T05:29:45.08086Z,KXBTC15M-26OCT050130-30,0.9990,200.00,yes
2026-10-05T05:29:45.08086Z,KXBTC15M-26OCT050130-30,0.9990,144.83,yes
2026-10-05T05:29:45.084539Z,KXBTC15M-26OCT050130-30,0.9960,115.92,no
2026-10-05T05:29:45.118447Z,KXBTC15M-26OCT050130-30,0.9980,144.83,no
2026-10-05T05:29:45.118447Z,KXBTC15M-26OCT050130-30,0.9980,103.40,no
2026-10-05T05:29:45.19112Z,KXBTC15M-26OCT050130-30,0.9990,10.00,yes
2026-10-05T05:29:45.19112Z,KXBTC15M-26OCT050130-30,0.9990,0.01,yes
2026-10-05T05:29:45.19112Z,KXBTC15M-26OCT050130-30,0.9990,35.00,yes
2026-10-05T05:29:45.19112Z,KXBTC15M-26OCT050130-30,0.9990,144.83,yes
2026-10-05T05:29:45.19112Z,KXBTC15M-26OCT050130-30,0.9990,220.56,yes
2026-10-05T05:29:45.19112Z,KXBTC15M-26OCT050130-30,0.9990,0.01,yes
2026-10-05T05:29:45.193848Z,KXBTC15M-26OCT050130-30,0.9980,0.01,no
2026-10-05T05:29:45.193848Z,KXBTC15M-26OCT050130-30,0.9960,132.74,no
2026-10-05T05:29:45.193848Z,KXBTC15M-26OCT050130-30,0.9980,0.01,no
2026-10-05T05:29:45.193848Z,KXBTC15M-26OCT050130-30,0.9980,10.00,no
2026-10-05T05:29:45.193848Z,KXBTC15M-26OCT050130-30,0.9970,482.24,no
2026-10-05T05:29:45.193848Z,KXBTC15M-26OCT050130-30,0.9970,30.00,no
2026-10-05T05:29:45.238568Z,KXBTC15M-26OCT050130-30,0.9990,0.01,yes
2026-10-05T05:29:45.238568Z,KXBTC15M-26OCT050130-30,0.9990,0.01,yes
2026-10-05T05:29:45.238568Z,KXBTC15M-26OCT050130-30,0.9990,35.00,yes
2026-10-05T05:29:45.238568Z,KXBTC15M-26OCT050130-30,0.9990,213.61,yes
2026-10-05T05:29:45.301579Z,KXBTC15M-26OCT050130-30,0.9990,82.12,no
2026-10-05T05:29:45.30928Z,KXBTC15M-26OCT050130-30,0.9990,100.97,no
2026-10-05T05:29:45.317602Z,KXBTC15M-26OCT050130-30,0.9990,18.69,no
2026-10-05T05:29:45.346177Z,KXBTC15M-26OCT050130-30,0.9990,23.37,no
2026-10-05T05:29:45.353281Z,KXBTC15M-26OCT050130-30,0.9960,659.94,no
2026-10-05T05:29:45.353281Z,KXBTC15M-26OCT050130-30,0.9990,276.22,no
2026-10-05T05:29:45.353281Z,KXBTC15M-26OCT050130-30,0.9980,0.01,no
2026-10-05T05:29:45.353281Z,KXBTC15M-26OCT050130-30,0.9970,30.00,no
2026-10-05T05:29:45.353281Z,KXBTC15M-26OCT050130-30,0.9980,0.01,no
2026-10-05T05:29:45.382548Z,KXBTC15M-26OCT050130-30,0.9990,0.01,yes
2026-10-05T05:29:45.382548Z,KXBTC15M-26OCT050130-30,0.9990,9.78,yes
2026-10-05T05:29:45.382548Z,KXBTC15M-26OCT050130-30,0.9990,0.01,yes
2026-10-05T05:29:45.406985Z,KXBTC15M-26OCT050130-30,0.9980,0.01,no
2026-10-05T05:29:45.406985Z,KXBTC15M-26OCT050130-30,0.9980,0.01,no
2026-10-05T05:29:45.406985Z,KXBTC15M-26OCT050130-30,0.9980,5.29,no
2026-10-05T05:29:45.416906Z,KXBTC15M-26OCT050130-30,0.9990,18.09,yes
2026-10-05T05:29:45.422582Z,KXBTC15M-26OCT050130-30,0.9990,0.01,yes
2026-10-05T05:29:45.422582Z,KXBTC15M-26OCT050130-30,0.9990,154.33,yes
2026-10-05T05:29:45.422582Z,KXBTC15M-26OCT050130-30,0.9990,35.00,yes
2026-10-05T05:29:45.422582Z,KXBTC15M-26OCT050130-30,0.9990,0.01,yes
2026-10-05T05:29:45.45515Z,KXBTC15M-26OCT050130-30,0.9990,67.77,no
2026-10-05T05:29:45.501048Z,KXBTC15M-26OCT050130-30,0.9990,205.15,no
2026-10-05T05:29:45.597651Z,KXBTC15M-26OCT050130-30,0.9990,93.49,no
2026-10-05T05:29:45.602933Z,KXBTC15M-26OCT050130-30,0.9990,237.61,no
2026-10-05T05:29:45.606094Z,KXBTC15M-26OCT050130-30,0.9990,4.76,no
2026-10-05T05:29:45.628217Z,KXBTC15M-26OCT050130-30,0.9990,267.35,no
2026-10-05T05:29:45.715694Z,KXBTC15M-26OCT050130-30,0.9990,467.36,no
2026-10-05T05:29:45.83634Z,KXBTC15M-26OCT050130-30,0.9990,686.97,no
2026-10-05T05:29:45.896062Z,KXBTC15M-26OCT050130-30,0.9990,10.01,no
2026-10-05T05:29:45.896062Z,KXBTC15M-26OCT050130-30,0.9990,10.01,no
2026-10-05T05:29:45.896062Z,KXBTC15M-26OCT050130-30,0.9990,674.60,no
2026-10-05T05:29:45.896062Z,KXBTC15M-26OCT050130-30,0.9990,200.00,no
2026-10-05T05:29:45.896062Z,KXBTC15M-26OCT050130-30,0.9990,21.37,no
2026-10-05T05:29:45.944865Z,KXBTC15M-26OCT050130-30,0.9990,915.99,no
2026-10-05T05:29:45.978312Z,KXBTC15M-26OCT050130-30,0.9990,458.04,no
2026-10-05T05:29:46.077249Z,KXBTC15M-26OCT050130-30,0.9990,324.07,no
2026-10-05T05:29:46.186667Z,KXBTC15M-26OCT050130-30,0.9990,128.27,no
2026-10-05T05:29:46.193497Z,KXBTC15M-26OCT050130-30,0.9990,9.09,no
2026-10-05T05:29:46.207174Z,KXBTC15M-26OCT050130-30,0.9990,100.00,no
2026-10-05T05:29:46.315155Z,KXBTC15M-26OCT050130-30,0.9990,915.99,no
2026-10-05T05:29:46.339243Z,KXBTC15M-26OCT050130-30,0.9990,93.49,no
2026-10-05T05:29:46.349552Z,KXBTC15M-26OCT050130-30,0.9990,915.99,no
2026-10-05T05:29:46.357034Z,KXBTC15M-26OCT050130-30,0.9990,241.25,no
2026-10-05T05:29:46.357034Z,KXBTC15M-26OCT050130-30,0.9990,674.74,no
2026-10-05T05:29:46.430977Z,KXBTC15M-26OCT050130-30,0.9990,20.08,no
2026-10-05T05:29:46.451356Z,KXBTC15M-26OCT050130-30,0.9990,22.88,no
2026-10-05T05:29:46.470079Z,KXBTC15M-26OCT050130-30,0.9990,10.05,no
2026-10-05T05:29:46.479197Z,KXBTC15M-26OCT050130-30,0.9990,9.13,no
2026-10-05T05:29:46.511857Z,KXBTC15M-26OCT050130-30,0.9990,5.94,no
2026-10-05T05:29:46.54378Z,KXBTC15M-26OCT050130-30,0.9990,915.99,no
2026-10-05T05:29:46.588539Z,KXBTC15M-26OCT050130-30,0.9990,65.45,no
2026-10-05T05:29:46.604531Z,KXBTC15M-26OCT050130-30,0.9990,91.62,no
2026-10-05T05:29:46.678402Z,KXBTC15M-26OCT050130-30,0.9990,151.34,no
2026-10-05T05:29:46.889096Z,KXBTC15M-26OCT050130-30,0.9990,105.20,no
2026-10-05T05:29:46.893214Z,KXBTC15M-26OCT050130-30,0.9990,52.36,no
2026-10-05T05:29:46.946582Z,KXBTC15M-26OCT050130-30,0.9990,915.99,no
2026-10-05T05:29:46.973448Z,KXBTC15M-26OCT050130-30,0.9990,145.85,no
2026-10-05T05:29:46.975086Z,KXBTC15M-26OCT050130-30,0.9990,4579.77,no
2026-10-05T05:29:47.009098Z,KXBTC15M-26OCT050130-30,0.9990,92.00,no
2026-10-05T05:29:47.02203Z,KXBTC15M-26OCT050130-30,0.9990,47.14,no
2026-10-05T05:29:47.037963Z,KXBTC15M-26OCT050130-30,0.9990,37.54,no
2026-10-05T05:29:47.143916Z,KXBTC15M-26OCT050130-30,0.9990,915.99,no
2026-10-05T05:29:47.236972Z,KXBTC15M-26OCT050130-30,0.9990,681.24,no
2026-10-05T05:29:47.301099Z,KXBTC15M-26OCT050130-30,0.9990,100.00,no
2026-10-05T05:29:47.373966Z,KXBTC15M-26OCT050130-30,0.9990,81.33,no
2026-10-05T05:29:47.39079Z,KXBTC15M-26OCT050130-30,0.9990,806.04,no
2026-10-05T05:29:47.418076Z,KXBTC15M-26OCT050130-30,0.9990,915.99,no
2026-10-05T05:29:47.421119Z,KXBTC15M-26OCT050130-30,0.9990,157.00,no
2026-10-05T05:29:47.560016Z,KXBTC15M-26OCT050130-30,0.9990,100.83,no
2026-10-05T05:29:47.600395Z,KXBTC15M-26OCT050130-30,0.9990,84.02,no
2026-10-05T05:29:47.613545Z,KXBTC15M-26OCT050130-30,0.9990,11.09,no
2026-10-05T05:29:47.626006Z,KXBTC15M-26OCT050130-30,0.9990,915.99,no
2026-10-05T05:29:47.662348Z,KXBTC15M-26OCT050130-30,0.9990,628.58,no
2026-10-05T05:29:47.662348Z,KXBTC15M-26OCT050130-30,0.9990,287.41,no
2026-10-05T05:29:47.707275Z,KXBTC15M-26OCT050130-30,0.9990,543.57,no
2026-10-05T05:29:47.707275Z,KXBTC15M-26OCT050130-30,0.9990,372.42,no
2026-10-05T05:29:47.724407Z,KXBTC15M-26OCT050130-30,0.9990,182.83,no
2026-10-05T05:29:47.785548Z,KXBTC15M-26OCT050130-30,0.9990,1.07,no
2026-10-05T05:29:47.840438Z,KXBTC15M-26OCT050130-30,0.9990,20.00,no
2026-10-05T05:29:47.84547Z,KXBTC15M-26OCT050130-30,0.9990,105.02,no
2026-10-05T05:29:47.878513Z,KXBTC15M-26OCT050130-30,0.9990,65.45,no
2026-10-05T05:29:47.955288Z,KXBTC15M-26OCT050130-30,0.9990,31.79,no
2026-10-05T05:29:47.982706Z,KXBTC15M-26OCT050130-30,0.9990,10.01,no
2026-10-05T05:29:47.982706Z,KXBTC15M-26OCT050130-30,0.9990,55.71,no
2026-10-05T05:29:47.982706Z,KXBTC15M-26OCT050130-30,0.9990,850.27,no
2026-10-05T05:29:48.017179Z,KXBTC15M-26OCT050130-30,0.9990,411.22,no
2026-10-05T05:29:48.018662Z,KXBTC15M-26OCT050130-30,0.9990,915.99,no
2026-10-05T05:29:48.046985Z,KXBTC15M-26OCT050130-30,0.9990,207.05,no
2026-10-05T05:29:48.061008Z,KXBTC15M-26OCT050130-30,0.9990,83.74,no
2026-10-05T05:29:48.107669Z,KXBTC15M-26OCT050130-30,0.9990,98.36,no
2026-10-05T05:29:48.120171Z,KXBTC15M-26OCT050130-30,0.9990,91.62,no
2026-10-05T05:29:48.144934Z,KXBTC15M-26OCT050130-30,0.9990,1.00,no
2026-10-05T05:29:48.200863Z,KXBTC15M-26OCT050130-30,0.9990,1194.30,no
2026-10-05T05:29:48.200863Z,KXBTC15M-26OCT050130-30,0.9990,3.00,no
2026-10-05T05:29:48.200863Z,KXBTC15M-26OCT050130-30,0.9990,1222.00,no
2026-10-05T05:29:48.200863Z,KXBTC15M-26OCT050130-30,0.9990,1244.51,no
2026-10-05T05:29:48.239931Z,KXBTC15M-26OCT050130-30,0.9990,2.32,no
2026-10-05T05:29:48.322551Z,KXBTC15M-26OCT050130-30,0.9990,200.00,no
2026-10-05T05:29:48.384772Z,KXBTC15M-26OCT050130-30,0.9990,47.14,no
2026-10-05T05:29:48.399562Z,KXBTC15M-26OCT050130-30,0.9990,80.00,no
2026-10-05T05:29:48.432616Z,KXBTC15M-26OCT050130-30,0.9990,20.00,no
2026-10-05T05:29:48.433484Z,KXBTC15M-26OCT050130-30,0.9990,265.90,no
2026-10-05T05:29:48.439369Z,KXBTC15M-26OCT050130-30,0.9990,15.93,no
2026-10-05T05:29:48.560044Z,KXBTC15M-26OCT050130-30,0.9990,97.27,no
2026-10-05T05:29:48.584052Z,KXBTC15M-26OCT050130-30,0.9990,2.00,no
2026-10-05T05:29:48.622456Z,KXBTC15M-26OCT050130-30,0.9990,45.43,no
2026-10-05T05:29:48.636981Z,KXBTC15M-26OCT050130-30,0.9990,897.30,no
2026-10-05T05:29:48.648036Z,KXBTC15M-26OCT050130-30,0.9990,732.83,no
2026-10-05T05:29:48.671813Z,KXBTC15M-26OCT050130-30,0.9990,77.34,no
2026-10-05T05:29:48.681724Z,KXBTC15M-26OCT050130-30,0.9990,5.17,no
2026-10-05T05:29:48.813876Z,KXBTC15M-26OCT050130-30,0.9990,145.44,no
2026-10-05T05:29:48.864026Z,KXBTC15M-26OCT050130-30,0.9990,49.30,no
2026-10-05T05:29:48.996108Z,KXBTC15M-26OCT050130-30,0.9990,603.04,no
2026-10-05T05:29:49.162271Z,KXBTC15M-26OCT050130-30,0.9990,458.04,no
2026-10-05T05:29:49.197719Z,KXBTC15M-26OCT050130-30,0.9990,154.34,no
2026-10-05T05:29:49.226133Z,KXBTC15M-26OCT050130-30,0.9990,116.42,no
2026-10-05T05:29:49.259921Z,KXBTC15M-26OCT050130-30,0.9990,853.00,no
2026-10-05T05:29:49.294264Z,KXBTC15M-26OCT050130-30,0.9990,170.31,no
2026-10-05T05:29:49.304712Z,KXBTC15M-26OCT050130-30,0.9990,163.96,no
2026-10-05T05:29:49.359185Z,KXBTC15M-26OCT050130-30,0.9990,312.77,no
2026-10-05T05:29:49.359185Z,KXBTC15M-26OCT050130-30,0.9990,603.22,no
2026-10-05T05:29:49.462428Z,KXBTC15M-26OCT050130-30,0.9990,84.31,no
2026-10-05T05:29:49.464689Z,KXBTC15M-26OCT050130-30,0.9990,0.01,no
2026-10-05T05:29:49.549823Z,KXBTC15M-26OCT050130-30,0.9990,382.98,no
2026-10-05T05:29:49.618905Z,KXBTC15M-26OCT050130-30,0.9990,478.07,no
2026-10-05T05:29:49.618905Z,KXBTC15M-26OCT050130-30,0.9990,91.00,no
2026-10-05T05:29:49.618905Z,KXBTC15M-26OCT050130-30,0.9990,87.93,no
2026-10-05T05:29:49.805528Z,KXBTC15M-26OCT050130-30,0.9990,248.23,no
2026-10-05T05:29:49.874398Z,KXBTC15M-26OCT050130-30,0.9990,100.00,no
2026-10-05T05:29:49.949064Z,KXBTC15M-26OCT050130-30,0.9990,49.97,no
2026-10-05T05:29:49.971558Z,KXBTC15M-26OCT050130-30,0.9990,20.51,no
2026-10-05T05:29:49.981125Z,KXBTC15M-26OCT050130-30,0.9990,141.00,no
2026-10-05T05:29:50.042811Z,KXBTC15M-26OCT050130-30,0.9990,22.03,no
2026-10-05T05:29:50.051083Z,KXBTC15M-26OCT050130-30,0.9990,1831.90,no
2026-10-05T05:29:50.067823Z,KXBTC15M-26OCT050130-30,0.9990,42.11,no
2026-10-05T05:29:50.20478Z,KXBTC15M-26OCT050130-30,0.9990,9.20,no
2026-10-05T05:29:50.26046Z,KXBTC15M-26OCT050130-30,0.9990,12.17,no
2026-10-05T05:29:50.382005Z,KXBTC15M-26OCT050130-30,0.9990,103.76,no
2026-10-05T05:29:50.385242Z,KXBTC15M-26OCT050130-30,0.9990,1.66,no
2026-10-05T05:29:50.418862Z,KXBTC15M-26OCT050130-30,0.9990,4.28,no
2026-10-05T05:29:50.440903Z,KXBTC15M-26OCT050130-30,0.9990,1378.76,no
2026-10-05T05:29:50.497722Z,KXBTC15M-26OCT050130-30,0.9990,8058.35,no
2026-10-05T05:29:50.497722Z,KXBTC15M-26OCT050130-30,0.9990,1101.20,no
2026-10-05T05:29:50.594556Z,KXBTC15M-26OCT050130-30,0.9990,3.86,no
2026-10-05T05:29:50.600535Z,KXBTC15M-26OCT050130-30,0.9990,35.25,no
2026-10-05T05:29:50.6641Z,KXBTC15M-26OCT050130-30,0.9990,22.34,no
2026-10-05T05:29:50.755046Z,KXBTC15M-26OCT050130-30,0.9990,19.50,no
2026-10-05T05:29:50.756328Z,KXBTC15M-26OCT050130-30,0.9990,33.00,no
2026-10-05T05:29:50.837833Z,KXBTC15M-26OCT050130-30,0.9990,1066.00,no
2026-10-05T05:29:50.893433Z,KXBTC15M-26OCT050130-30,0.9990,915.99,no
2026-10-05T05:29:50.895556Z,KXBTC15M-26OCT050130-30,0.9990,19.37,no
2026-10-05T05:29:50.979201Z,KXBTC15M-26OCT050130-30,0.9990,111.00,no
2026-10-05T05:29:51.014486Z,KXBTC15M-26OCT050130-30,0.9990,20.10,no
2026-10-05T05:29:51.042017Z,KXBTC15M-26OCT050130-30,0.9990,732.83,no
2026-10-05T05:29:51.055265Z,KXBTC15M-26OCT050130-30,0.9990,91.62,no
2026-10-05T05:29:51.139134Z,KXBTC15M-26OCT050130-30,0.9990,1.00,no
2026-10-05T05:29:51.179768Z,KXBTC15M-26OCT050130-30,0.9990,23.07,no
2026-10-05T05:29:51.230511Z,KXBTC15M-26OCT050130-30,0.9990,60.06,no
2026-10-05T05:29:51.273105Z,KXBTC15M-26OCT050130-30,0.9990,21.00,no
2026-10-05T05:29:51.573733Z,KXBTC15M-26OCT050130-30,0.9990,1831.90,no
2026-10-05T05:29:51.640853Z,KXBTC15M-26OCT050130-30,0.9990,915.99,no
2026-10-05T05:29:51.664504Z,KXBTC15M-26OCT050130-30,0.9990,33.00,no
2026-10-05T05:29:51.687732Z,KXBTC15M-26OCT050130-30,0.9990,237.61,no
2026-10-05T05:29:52.176741Z,KXBTC15M-26OCT050130-30,0.9990,43.08,no
2026-10-05T05:29:52.220717Z,KXBTC15M-26OCT050130-30,0.9990,9159.55,no
2026-10-05T05:29:52.250177Z,KXBTC15M-26OCT050130-30,0.9990,915.99,no
2026-10-05T05:29:52.362594Z,KXBTC15M-26OCT050130-30,0.9990,915.99,no
2026-10-05T05:29:52.468755Z,KXBTC15M-26OCT050130-30,0.9990,81.76,no
2026-10-05T05:29:52.629508Z,KXBTC15M-26OCT050130-30,0.9990,41.13,no
2026-10-05T05:29:52.696434Z,KXBTC15M-26OCT050130-30,0.9990,5.06,no
2026-10-05T05:29:52.851005Z,KXBTC15M-26OCT050130-30,0.9990,2.05,no
2026-10-05T05:29:52.853618Z,KXBTC15M-26OCT050130-30,0.9990,9.06,no
2026-10-05T05:29:52.948869Z,KXBTC15M-26OCT050130-30,0.9990,35.13,no
2026-10-05T05:29:53.013081Z,KXBTC15M-26OCT050130-30,0.9990,91.62,no
2026-10-05T05:29:53.061234Z,KXBTC15M-26OCT050130-30,0.9990,40.73,no
2026-10-05T05:29:53.166981Z,KXBTC15M-26OCT050130-30,0.9990,13.04,no
2026-10-05T05:29:53.508221Z,KXBTC15M-26OCT050130-30,0.9990,915.99,no
2026-10-05T05:29:53.954456Z,KXBTC15M-26OCT050130-30,0.9990,14.19,no
2026-10-05T05:29:54.001552Z,KXBTC15M-26OCT050130-30,0.9990,1831.90,no
2026-10-05T05:29:54.113059Z,KXBTC15M-26OCT050130-30,0.9990,4670.00,no
2026-10-05T05:29:54.213051Z,KXBTC15M-26OCT050130-30,0.9990,915.99,no
2026-10-05T05:29:54.305061Z,KXBTC15M-26OCT050130-30,0.9990,3.46,no
2026-10-05T05:29:54.539402Z,KXBTC15M-26OCT050130-30,0.9990,12.93,no
2026-10-05T05:29:54.616222Z,KXBTC15M-26OCT050130-30,0.9990,5.41,no
2026-10-05T05:29:54.740078Z,KXBTC15M-26OCT050130-30,0.9990,1.06,no
2026-10-05T05:29:54.740236Z,KXBTC15M-26OCT050130-30,0.9990,8.04,no
2026-10-05T05:29:54.798843Z,KXBTC15M-26OCT050130-30,0.9990,301.02,no
2026-10-05T05:29:54.983741Z,KXBTC15M-26OCT050130-30,0.9990,5.03,no
2026-10-05T05:29:55.108057Z,KXBTC15M-26OCT050130-30,0.9990,1.54,no
2026-10-05T05:29:55.163731Z,KXBTC15M-26OCT050130-30,0.9990,8.19,no
2026-10-05T05:29:55.231852Z,KXBTC15M-26OCT050130-30,0.9990,517.70,no
2026-10-05T05:29:55.311854Z,KXBTC15M-26OCT050130-30,0.9990,915.99,no
2026-10-05T05:29:55.364362Z,KXBTC15M-26OCT050130-30,0.9990,3.46,no
2026-10-05T05:29:55.481284Z,KXBTC15M-26OCT050130-30,0.9990,166.00,no
2026-10-05T05:29:55.648338Z,KXBTC15M-26OCT050130-30,0.9990,1.19,no
2026-10-05T05:29:55.899361Z,KXBTC15M-26OCT050130-30,0.9990,641.20,no
2026-10-05T05:29:55.94623Z,KXBTC15M-26OCT050130-30,0.9990,0.43,no
2026-10-05T05:29:56.015197Z,KXBTC15M-26OCT050130-30,0.9990,27.02,no
2026-10-05T05:29:56.049738Z,KXBTC15M-26OCT050130-30,0.9990,5.00,no
2026-10-05T05:29:56.220283Z,KXBTC15M-26OCT050130-30,0.9990,77.90,no
2026-10-05T05:29:56.3335Z,KXBTC15M-26OCT050130-30,0.9990,4579.77,no
2026-10-05T05:29:56.373937Z,KXBTC15M-26OCT050130-30,0.9990,100.00,no
2026-10-05T05:29:56.447342Z,KXBTC15M-26OCT050130-30,0.9990,11.00,no
2026-10-05T05:29:56.786984Z,KXBTC15M-26OCT050130-30,0.9990,21.68,no
2026-10-05T05:29:57.010037Z,KXBTC15M-26OCT050130-30,0.9990,915.99,no
2026-10-05T05:29:57.52991Z,KXBTC15M-26OCT050130-30,0.9990,22.91,no
2026-10-05T05:29:57.691369Z,KXBTC15M-26OCT050130-30,0.9990,20.00,no
2026-10-05T05:29:57.980504Z,KXBTC15M-26OCT050130-30,0.9990,464.26,no
2026-10-05T05:29:58.212777Z,KXBTC15M-26OCT050130-30,0.9990,154.28,no
2026-10-05T05:29:58.226005Z,KXBTC15M-26OCT050130-30,0.9990,15.25,no
2026-10-05T05:29:58.440976Z,KXBTC15M-26OCT050130-30,0.9990,20.00,no
2026-10-05T05:29:58.597353Z,KXBTC15M-26OCT050130-30,0.9990,31.39,no
2026-10-05T05:29:58.712186Z,KXBTC15M-26OCT050130-30,0.9990,9.20,no
2026-10-05T05:29:58.717367Z,KXBTC15M-26OCT050130-30,0.9990,915.99,no
2026-10-05T05:29:58.726332Z,KXBTC15M-26OCT050130-30,0.9990,65.08,no
2026-10-05T05:29:58.75026Z,KXBTC15M-26OCT050130-30,0.9990,386.43,no
2026-10-05T05:29:58.802679Z,KXBTC15M-26OCT050130-30,0.9990,249.74,no
2026-10-05T05:29:58.815632Z,KXBTC15M-26OCT050130-30,0.9990,915.99,no
2026-10-05T05:29:59.032581Z,KXBTC15M-26OCT050130-30,0.9990,189.76,no
2026-10-05T05:29:59.053602Z,KXBTC15M-26OCT050130-30,0.9990,9.20,no
2026-10-05T05:29:59.08928Z,KXBTC15M-26OCT050130-30,0.9990,91.62,no
2026-10-05T05:29:59.26309Z,KXBTC15M-26OCT050130-30,0.9990,6.35,no
2026-10-05T05:29:59.264887Z,KXBTC15M-26OCT050130-30,0.9990,20.51,no
2026-10-05T05:29:59.569854Z,KXBTC15M-26OCT050130-30,0.9990,915.99,no
2026-10-05T05:29:59.627651Z,KXBTC15M-26OCT050130-30,0.9990,4.00,no
2026-10-05T05:29:59.652024Z,KXBTC15M-26OCT050130-30,0.9990,5.78,no
2026-10-05T05:29:59.653602Z,KXBTC15M-26OCT050130-30,0.9990,102.67,no
2026-10-05T05:28:51.004383Z,KXGOLD15M-26OCT050130-30,0.0590,32.35,yes
2026-10-05T05:28:51.125825Z,KXGOLD15M-26OCT050130-30,0.0590,186.05,yes
2026-10-05T05:28:51.131043Z,KXGOLD15M-26OCT050130-30,0.0590,1781.60,yes
2026-10-05T05:28:51.13415Z,KXGOLD15M-26OCT050130-30,0.0610,81.07,yes
2026-10-05T05:28:51.13415Z,KXGOLD15M-26OCT050130-30,0.0600,25.00,yes
2026-10-05T05:28:51.134811Z,KXGOLD15M-26OCT050130-30,0.0610,5.50,yes
2026-10-05T05:28:51.135247Z,KXGOLD15M-26OCT050130-30,0.0610,19.22,yes
2026-10-05T05:28:51.135505Z,KXGOLD15M-26OCT050130-30,0.0610,169.21,yes
2026-10-05T05:28:51.13613Z,KXGOLD15M-26OCT050130-30,0.0700,4.68,yes
2026-10-05T05:28:51.13613Z,KXGOLD15M-26OCT050130-30,0.0650,5.00,yes
2026-10-05T05:28:51.136688Z,KXGOLD15M-26OCT050130-30,0.0700,295.32,yes
2026-10-05T05:28:51.137369Z,KXGOLD15M-26OCT050130-30,0.0690,25.31,yes
2026-10-05T05:28:51.137572Z,KXGOLD15M-26OCT050130-30,0.0890,7.00,yes
2026-10-05T05:28:51.137572Z,KXGOLD15M-26OCT050130-30,0.0910,3.74,yes
2026-10-05T05:28:51.137572Z,KXGOLD15M-26OCT050130-30,0.0920,60.00,yes
2026-10-05T05:28:51.137572Z,KXGOLD15M-26OCT050130-30,0.0860,30.00,yes
2026-10-05T05:28:51.137572Z,KXGOLD15M-26OCT050130-30,0.0860,30.00,yes
2026-10-05T05:28:51.137572Z,KXGOLD15M-26OCT050130-30,0.0800,115.00,yes
2026-10-05T05:28:51.137572Z,KXGOLD15M-26OCT050130-30,0.0690,41.69,yes
2026-10-05T05:28:51.137572Z,KXGOLD15M-26OCT050130-30,0.0870,60.00,yes
2026-10-05T05:28:51.137572Z,KXGOLD15M-26OCT050130-30,0.0920,2.00,yes
2026-10-05T05:28:51.139886Z,KXGOLD15M-26OCT050130-30,0.0940,5.11,yes
2026-10-05T05:28:51.140334Z,KXGOLD15M-26OCT050130-30,0.0940,5.58,yes
2026-10-05T05:28:51.479788Z,KXGOLD15M-26OCT050130-30,0.0520,7.63,yes
2026-10-05T05:28:51.89139Z,KXGOLD15M-26OCT050130-30,0.0530,0.32,yes
2026-10-05T05:28:51.89139Z,KXGOLD15M-26OCT050130-30,0.0520,17.37,yes
2026-10-05T05:28:52.12489Z,KXGOLD15M-26OCT050130-30,0.0540,25.00,yes
2026-10-05T05:28:52.12489Z,KXGOLD15M-26OCT050130-30,0.0530,24.68,yes
2026-10-05T05:28:52.12489Z,KXGOLD15M-26OCT050130-30,0.0540,35.89,yes
2026-10-05T05:28:52.291473Z,KXGOLD15M-26OCT050130-30,0.0540,17.33,yes
2026-10-05T05:28:52.307744Z,KXGOLD15M-26OCT050130-30,0.0540,35.89,yes
2026-10-05T05:28:52.411548Z,KXGOLD15M-26OCT050130-30,0.0580,2.65,yes
2026-10-05T05:28:52.497331Z,KXGOLD15M-26OCT050130-30,0.0550,5.00,yes
2026-10-05T05:28:52.511093Z,KXGOLD15M-26OCT050130-30,0.0530,26.30,no
2026-10-05T05:28:52.82634Z,KXGOLD15M-26OCT050130-30,0.0530,35.73,no
2026-10-05T05:28:52.859519Z,KXGOLD15M-26OCT050130-30,0.0600,25.00,yes
2026-10-05T05:28:52.859519Z,KXGOLD15M-26OCT050130-30,0.0560,264.00,yes
2026-10-05T05:28:52.859519Z,KXGOLD15M-26OCT050130-30,0.0600,10.89,yes
2026-10-05T05:28:52.859519Z,KXGOLD15M-26OCT050130-30,0.0600,19.00,yes
2026-10-05T05:28:52.859519Z,KXGOLD15M-26OCT050130-30,0.0540,34.00,yes
2026-10-05T05:28:52.859519Z,KXGOLD15M-26OCT050130-30,0.0590,50.00,yes
2026-10-05T05:28:52.859519Z,KXGOLD15M-26OCT050130-30,0.0590,50.00,yes
2026-10-05T05:28:52.920512Z,KXGOLD15M-26OCT050130-30,0.0510,3.69,no
2026-10-05T05:28:53.066372Z,KXGOLD15M-26OCT050130-30,0.0540,1.15,yes
2026-10-05T05:28:53.156738Z,KXGOLD15M-26OCT050130-30,0.0550,32.00,yes
2026-10-05T05:28:53.156738Z,KXGOLD15M-26OCT050130-30,0.0540,23.85,yes
2026-10-05T05:28:53.156738Z,KXGOLD15M-26OCT050130-30,0.0550,25.00,yes
2026-10-05T05:28:53.156738Z,KXGOLD15M-26OCT050130-30,0.0560,19.15,yes
2026-10-05T05:28:53.185077Z,KXGOLD15M-26OCT050130-30,0.0580,1.18,yes
2026-10-05T05:28:53.268611Z,KXGOLD15M-26OCT050130-30,0.0550,2.00,yes
2026-10-05T05:28:53.268611Z,KXGOLD15M-26OCT050130-30,0.0600,15.85,yes
2026-10-05T05:28:53.391544Z,KXGOLD15M-26OCT050130-30,0.0570,22.53,no
2026-10-05T05:28:53.399574Z,KXGOLD15M-26OCT050130-30,0.0570,0.73,no
2026-10-05T05:28:53.477547Z,KXGOLD15M-26OCT050130-30,0.0570,10.49,no
2026-10-05T05:28:53.478109Z,KXGOLD15M-26OCT050130-30,0.0670,229.00,yes
2026-10-05T05:28:53.478109Z,KXGOLD15M-26OCT050130-30,0.0600,230.00,yes
2026-10-05T05:28:53.478109Z,KXGOLD15M-26OCT050130-30,0.0690,40.00,yes
2026-10-05T05:28:53.478109Z,KXGOLD15M-26OCT050130-30,0.0580,2000.00,yes
2026-10-05T05:28:53.478109Z,KXGOLD15M-26OCT050130-30,0.0580,39.00,yes
2026-10-05T05:28:53.478109Z,KXGOLD15M-26OCT050130-30,0.0580,28.00,yes
2026-10-05T05:28:53.478109Z,KXGOLD15M-26OCT050130-30,0.0750,22.31,yes
2026-10-05T05:28:53.478109Z,KXGOLD15M-26OCT050130-30,0.0600,85.26,yes
2026-10-05T05:28:53.478109Z,KXGOLD15M-26OCT050130-30,0.0700,100.00,yes
2026-10-05T05:28:53.478109Z,KXGOLD15M-26OCT050130-30,0.0670,13.00,yes
2026-10-05T05:28:53.478109Z,KXGOLD15M-26OCT050130-30,0.0600,10.00,yes
2026-10-05T05:28:53.478109Z,KXGOLD15M-26OCT050130-30,0.0700,112.00,yes
2026-10-05T05:28:53.752267Z,KXGOLD15M-26OCT050130-30,0.0610,25.00,yes
2026-10-05T05:28:53.752267Z,KXGOLD15M-26OCT050130-30,0.0610,157.51,yes
2026-10-05T05:28:53.758222Z,KXGOLD15M-26OCT050130-30,0.0600,41.00,no
2026-10-05T05:28:53.766273Z,KXGOLD15M-26OCT050130-30,0.0610,16.00,yes
2026-10-05T05:28:53.941001Z,KXGOLD15M-26OCT050130-30,0.0600,1.19,no
2026-10-05T05:28:54.236299Z,KXGOLD15M-26OCT050130-30,0.0600,37.33,no
2026-10-05T05:28:54.36302Z,KXGOLD15M-26OCT050130-30,0.0600,141.53,no
2026-10-05T05:28:54.36302Z,KXGOLD15M-26OCT050130-30,0.0600,1.48,no
2026-10-05T05:28:54.52371Z,KXGOLD15M-26OCT050130-30,0.0610,7.53,yes
2026-10-05T05:28:54.949258Z,KXGOLD15M-26OCT050130-30,0.0600,5.00,no
2026-10-05T05:28:55.66798Z,KXGOLD15M-26OCT050130-30,0.0610,1.47,yes
2026-10-05T05:28:55.66798Z,KXGOLD15M-26OCT050130-30,0.0610,19.53,yes
2026-10-05T05:28:55.783234Z,KXGOLD15M-26OCT050130-30,0.0600,1.05,no
2026-10-05T05:28:56.053205Z,KXGOLD15M-26OCT050130-30,0.0600,3.65,no
2026-10-05T05:28:56.543659Z,KXGOLD15M-26OCT050130-30,0.0610,15.38,yes
2026-10-05T05:28:56.548429Z,KXGOLD15M-26OCT050130-30,0.0610,76.91,yes
2026-10-05T05:28:56.558293Z,KXGOLD15M-26OCT050130-30,0.0610,7.23,yes
2026-10-05T05:28:56.652555Z,KXGOLD15M-26OCT050130-30,0.0610,2.17,yes
2026-10-05T05:28:56.744569Z,KXGOLD15M-26OCT050130-30,0.0600,0.73,no
2026-10-05T05:28:56.913474Z,KXGOLD15M-26OCT050130-30,0.0600,21.18,no
2026-10-05T05:28:56.914717Z,KXGOLD15M-26OCT050130-30,0.0610,15.38,yes
2026-10-05T05:28:56.915843Z,KXGOLD15M-26OCT050130-30,0.0600,95.00,no
2026-10-05T05:28:56.915843Z,KXGOLD15M-26OCT050130-30,0.0600,27.39,no
2026-10-05T05:28:56.92199Z,KXGOLD15M-26OCT050130-30,0.0500,6.00,no
2026-10-05T05:28:56.92199Z,KXGOLD15M-26OCT050130-30,0.0500,1.00,no
2026-10-05T05:28:56.92199Z,KXGOLD15M-26OCT050130-30,0.0500,5.00,no
2026-10-05T05:28:56.92199Z,KXGOLD15M-26OCT050130-30,0.0500,1.00,no
2026-10-05T05:28:56.92199Z,KXGOLD15M-26OCT050130-30,0.0500,3.00,no
2026-10-05T05:28:56.924316Z,KXGOLD15M-26OCT050130-30,0.0500,99.00,no
2026-10-05T05:28:56.924316Z,KXGOLD15M-26OCT050130-30,0.0500,8.84,no
2026-10-05T05:28:56.92546Z,KXGOLD15M-26OCT050130-30,0.0510,123.84,no
2026-10-05T05:28:56.933734Z,KXGOLD15M-26OCT050130-30,0.0510,60.00,no
2026-10-05T05:28:56.938863Z,KXGOLD15M-26OCT050130-30,0.0460,2.06,no
2026-10-05T05:28:57.240466Z,KXGOLD15M-26OCT050130-30,0.0470,25.00,yes
2026-10-05T05:28:57.242043Z,KXGOLD15M-26OCT050130-30,0.0460,2.06,no
2026-10-05T05:28:57.804027Z,KXGOLD15M-26OCT050130-30,0.0470,25.00,yes
2026-10-05T05:28:57.861492Z,KXGOLD15M-26OCT050130-30,0.0480,25.00,yes
2026-10-05T05:28:57.895069Z,KXGOLD15M-26OCT050130-30,0.0490,51.00,no
2026-10-05T05:28:57.897611Z,KXGOLD15M-26OCT050130-30,0.0500,25.00,yes
2026-10-05T05:28:57.941989Z,KXGOLD15M-26OCT050130-30,0.0500,21.00,no
2026-10-05T05:28:57.975547Z,KXGOLD15M-26OCT050130-30,0.0510,25.00,yes
2026-10-05T05:28:57.983587Z,KXGOLD15M-26OCT050130-30,0.0520,25.00,yes
2026-10-05T05:28:57.994389Z,KXGOLD15M-26OCT050130-30,0.0580,4.85,yes
2026-10-05T05:28:57.995012Z,KXGOLD15M-26OCT050130-30,0.0580,0.15,yes
2026-10-05T05:28:57.995012Z,KXGOLD15M-26OCT050130-30,0.0580,1.14,yes
2026-10-05T05:28:57.995635Z,KXGOLD15M-26OCT050130-30,0.0580,8.45,yes
2026-10-05T05:28:57.9983Z,KXGOLD15M-26OCT050130-30,0.0570,5.22,no
2026-10-05T05:28:58.035721Z,KXGOLD15M-26OCT050130-30,0.0580,15.41,yes
2026-10-05T05:28:58.12882Z,KXGOLD15M-26OCT050130-30,0.0650,52.24,no
2026-10-05T05:28:58.431383Z,KXGOLD15M-26OCT050130-30,0.0660,1.72,no
2026-10-05T05:28:58.457966Z,KXGOLD15M-26OCT050130-30,0.0660,52.85,no
2026-10-05T05:28:58.656925Z,KXGOLD15M-26OCT050130-30,0.0650,100.00,no
2026-10-05T05:28:59.199024Z,KXGOLD15M-26OCT050130-30,0.0690,153.75,no
2026-10-05T05:28:59.205572Z,KXGOLD15M-26OCT050130-30,0.0680,70.76,no
2026-10-05T05:28:59.574138Z,KXGOLD15M-26OCT050130-30,0.0700,6.52,yes
2026-10-05T05:28:59.728173Z,KXGOLD15M-26OCT050130-30,0.0640,14.02,no
2026-10-05T05:28:59.769024Z,KXGOLD15M-26OCT050130-30,0.0640,10.63,no
2026-10-05T05:28:59.812755Z,KXGOLD15M-26OCT050130-30,0.0730,16.00,yes
2026-10-05T05:28:59.955713Z,KXGOLD15M-26OCT050130-30,0.0660,35.00,no
2026-10-05T05:28:59.955713Z,KXGOLD15M-26OCT050130-30,0.0680,50.00,no
2026-10-05T05:28:59.955713Z,KXGOLD15M-26OCT050130-30,0.0660,300.00,no
2026-10-05T05:28:59.955713Z,KXGOLD15M-26OCT050130-30,0.0680,65.00,no
2026-10-05T05:28:59.955713Z,KXGOLD15M-26OCT050130-30,0.0670,50.00,no
2026-10-05T05:29:00.251674Z,KXGOLD15M-26OCT050130-30,0.0800,106.68,no
2026-10-05T05:29:00.319308Z,KXGOLD15M-26OCT050130-30,0.0810,48.04,no
2026-10-05T05:29:00.319308Z,KXGOLD15M-26OCT050130-30,0.0810,16.00,no
2026-10-05T05:29:00.457375Z,KXGOLD15M-26OCT050130-30,0.0790,265.39,no
2026-10-05T05:29:00.651124Z,KXGOLD15M-26OCT050130-30,0.0740,100.24,no
2026-10-05T05:29:01.348884Z,KXGOLD15M-26OCT050130-30,0.0800,6.93,yes
2026-10-05T05:29:01.348884Z,KXGOLD15M-26OCT050130-30,0.0800,36.00,yes
2026-10-05T05:29:01.353761Z,KXGOLD15M-26OCT050130-30,0.0690,15.80,no
2026-10-05T05:29:01.681467Z,KXGOLD15M-26OCT050130-30,0.0560,51.00,no
2026-10-05T05:29:01.681467Z,KXGOLD15M-26OCT050130-30,0.0470,9.18,no
2026-10-05T05:29:01.681467Z,KXGOLD15M-26OCT050130-30,0.0480,67.00,no
2026-10-05T05:29:01.681467Z,KXGOLD15M-26OCT050130-30,0.0480,9.00,no
2026-10-05T05:29:01.724839Z,KXGOLD15M-26OCT050130-30,0.0650,17.98,yes
2026-10-05T05:29:02.193015Z,KXGOLD15M-26OCT050130-30,0.0620,13.96,yes
2026-10-05T05:29:02.233002Z,KXGOLD15M-26OCT050130-30,0.0500,4.51,no
2026-10-05T05:29:02.259268Z,KXGOLD15M-26OCT050130-30,0.0620,19.04,yes
2026-10-05T05:29:02.539203Z,KXGOLD15M-26OCT050130-30,0.0800,85.00,yes
2026-10-05T05:29:02.539203Z,KXGOLD15M-26OCT050130-30,0.0800,100.00,yes
2026-10-05T05:29:02.540313Z,KXGOLD15M-26OCT050130-30,0.0820,55.28,yes
2026-10-05T05:29:02.540313Z,KXGOLD15M-26OCT050130-30,0.0810,5.00,yes
2026-10-05T05:29:02.540953Z,KXGOLD15M-26OCT050130-30,0.0820,1.33,yes
2026-10-05T05:29:02.541284Z,KXGOLD15M-26OCT050130-30,0.0820,0.39,yes
2026-10-05T05:29:02.541284Z,KXGOLD15M-26OCT050130-30,0.0820,6.00,yes
2026-10-05T05:29:02.543689Z,KXGOLD15M-26OCT050130-30,0.0970,1.00,yes
2026-10-05T05:29:02.543689Z,KXGOLD15M-26OCT050130-30,0.0980,4.76,yes
2026-10-05T05:29:02.544313Z,KXGOLD15M-26OCT050130-30,0.0980,7.89,yes
2026-10-05T05:29:02.54492Z,KXGOLD15M-26OCT050130-30,0.0980,5.51,yes
2026-10-05T05:29:02.545541Z,KXGOLD15M-26OCT050130-30,0.0980,9.04,yes
2026-10-05T05:29:02.54616Z,KXGOLD15M-26OCT050130-30,0.0980,2.44,yes
2026-10-05T05:29:02.548438Z,KXGOLD15M-26OCT050130-30,0.0980,8.84,yes
2026-10-05T05:29:02.548438Z,KXGOLD15M-26OCT050130-30,0.0980,0.36,yes
2026-10-05T05:29:02.549061Z,KXGOLD15M-26OCT050130-30,0.0980,9.61,yes
2026-10-05T05:29:02.549466Z,KXGOLD15M-26OCT050130-30,0.0980,4.35,yes
2026-10-05T05:29:02.637Z,KXGOLD15M-26OCT050130-30,0.0970,3.00,no
2026-10-05T05:29:02.663861Z,KXGOLD15M-26OCT050130-30,0.0970,18.00,no
2026-10-05T05:29:02.764867Z,KXGOLD15M-26OCT050130-30,0.0970,61.00,no
2026-10-05T05:29:02.764867Z,KXGOLD15M-26OCT050130-30,0.0960,75.00,no
2026-10-05T05:29:02.764867Z,KXGOLD15M-26OCT050130-30,0.0990,7.00,no
2026-10-05T05:29:02.828644Z,KXGOLD15M-26OCT050130-30,0.0980,100.00,no
2026-10-05T05:29:03.119163Z,KXGOLD15M-26OCT050130-30,0.0960,3.00,no
2026-10-05T05:29:03.135845Z,KXGOLD15M-26OCT050130-30,0.0970,23.54,yes
2026-10-05T05:29:03.225967Z,KXGOLD15M-26OCT050130-30,0.0970,4.43,yes
2026-10-05T05:29:03.629694Z,KXGOLD15M-26OCT050130-30,0.1100,5.49,yes
2026-10-05T05:29:03.630358Z,KXGOLD15M-26OCT050130-30,0.1100,10.24,yes
2026-10-05T05:29:03.630971Z,KXGOLD15M-26OCT050130-30,0.1100,10.20,yes
2026-10-05T05:29:03.631529Z,KXGOLD15M-26OCT050130-30,0.1100,21.07,yes
2026-10-05T05:29:03.631615Z,KXGOLD15M-26OCT050130-30,0.1300,5.25,yes
2026-10-05T05:29:03.637191Z,KXGOLD15M-26OCT050130-30,0.1300,80.00,yes
2026-10-05T05:29:03.701109Z,KXGOLD15M-26OCT050130-30,0.1000,3.00,no
2026-10-05T05:29:03.73287Z,KXGOLD15M-26OCT050130-30,0.1000,84.00,no
2026-10-05T05:29:03.734241Z,KXGOLD15M-26OCT050130-30,0.0990,5.00,no
2026-10-05T05:29:03.734241Z,KXGOLD15M-26OCT050130-30,0.0990,7.00,no
2026-10-05T05:29:03.734241Z,KXGOLD15M-26OCT050130-30,0.0980,1.00,no
2026-10-05T05:29:03.734241Z,KXGOLD15M-26OCT050130-30,0.0890,65.93,no
2026-10-05T05:29:03.734241Z,KXGOLD15M-26OCT050130-30,0.0960,54.00,no
2026-10-05T05:29:03.741199Z,KXGOLD15M-26OCT050130-30,0.0960,54.00,no
2026-10-05T05:29:03.746988Z,KXGOLD15M-26OCT050130-30,0.0900,63.00,no
2026-10-05T05:29:03.758304Z,KXGOLD15M-26OCT050130-30,0.0970,5.00,no
2026-10-05T05:29:03.953058Z,KXGOLD15M-26OCT050130-30,0.0960,228.04,yes
2026-10-05T05:29:03.965241Z,KXGOLD15M-26OCT050130-30,0.0970,12.00,yes
2026-10-05T05:29:03.965241Z,KXGOLD15M-26OCT050130-30,0.0970,48.00,yes
2026-10-05T05:29:03.965241Z,KXGOLD15M-26OCT050130-30,0.0970,40.00,yes
2026-10-05T05:29:04.388511Z,KXGOLD15M-26OCT050130-30,0.0960,4.50,yes
2026-10-05T05:29:04.388511Z,KXGOLD15M-26OCT050130-30,0.0960,5.00,yes
2026-10-05T05:29:04.638426Z,KXGOLD15M-26OCT050130-30,0.0840,10.00,yes
2026-10-05T05:29:04.658841Z,KXGOLD15M-26OCT050130-30,0.0850,104.18,yes
2026-10-05T05:29:04.658861Z,KXGOLD15M-26OCT050130-30,0.0850,5.00,yes
2026-10-05T05:29:04.658861Z,KXGOLD15M-26OCT050130-30,0.0850,30.82,yes
2026-10-05T05:29:04.659699Z,KXGOLD15M-26OCT050130-30,0.0880,53.00,yes
2026-10-05T05:29:04.659914Z,KXGOLD15M-26OCT050130-30,0.0950,21.29,yes
2026-10-05T05:29:04.660049Z,KXGOLD15M-26OCT050130-30,0.0980,3.29,yes
2026-10-05T05:29:04.660049Z,KXGOLD15M-26OCT050130-30,0.0970,30.00,yes
2026-10-05T05:29:04.660049Z,KXGOLD15M-26OCT050130-30,0.0950,78.71,yes
2026-10-05T05:29:04.660302Z,KXGOLD15M-26OCT050130-30,0.0980,26.71,yes
2026-10-05T05:29:04.661392Z,KXGOLD15M-26OCT050130-30,0.1100,60.00,yes
2026-10-05T05:29:04.661392Z,KXGOLD15M-26OCT050130-30,0.1000,60.00,yes
2026-10-05T05:29:04.661392Z,KXGOLD15M-26OCT050130-30,0.1100,15.00,yes
2026-10-05T05:29:04.674121Z,KXGOLD15M-26OCT050130-30,0.0960,29.50,yes
2026-10-05T05:29:05.204226Z,KXGOLD15M-26OCT050130-30,0.0980,23.56,yes
2026-10-05T05:29:05.252178Z,KXGOLD15M-26OCT050130-30,0.0870,2000.00,no
2026-10-05T05:29:05.253455Z,KXGOLD15M-26OCT050130-30,0.0860,38.46,no
2026-10-05T05:29:05.253455Z,KXGOLD15M-26OCT050130-30,0.0860,1.00,no
2026-10-05T05:29:05.25389Z,KXGOLD15M-26OCT050130-30,0.0860,3.34,no
2026-10-05T05:29:05.254313Z,KXGOLD15M-26OCT050130-30,0.0860,4.42,no
2026-10-05T05:29:05.407049Z,KXGOLD15M-26OCT050130-30,0.0690,4.26,no
2026-10-05T05:29:05.755848Z,KXGOLD15M-26OCT050130-30,0.0690,36.28,no
2026-10-05T05:29:05.889351Z,KXGOLD15M-26OCT050130-30,0.0700,38.00,no
2026-10-05T05:29:06.201761Z,KXGOLD15M-26OCT050130-30,0.0650,104.00,no
2026-10-05T05:29:06.473986Z,KXGOLD15M-26OCT050130-30,0.0530,63.00,no
2026-10-05T05:29:06.473986Z,KXGOLD15M-26OCT050130-30,0.0520,36.26,no
2026-10-05T05:29:06.473986Z,KXGOLD15M-26OCT050130-30,0.0580,2.74,no
2026-10-05T05:29:06.619412Z,KXGOLD15M-26OCT050130-30,0.0510,92.86,no
2026-10-05T05:29:06.73459Z,KXGOLD15M-26OCT050130-30,0.0510,3.07,no
2026-10-05T05:29:06.77813Z,KXGOLD15M-26OCT050130-30,0.0760,24.08,yes
2026-10-05T05:29:06.811111Z,KXGOLD15M-26OCT050130-30,0.0500,1.00,no
2026-10-05T05:29:06.811111Z,KXGOLD15M-26OCT050130-30,0.0500,6.00,no
2026-10-05T05:29:06.811111Z,KXGOLD15M-26OCT050130-30,0.0500,4.59,no
2026-10-05T05:29:07.012367Z,KXGOLD15M-26OCT050130-30,0.0620,91.33,yes
2026-10-05T05:29:07.459318Z,KXGOLD15M-26OCT050130-30,0.0530,100.00,yes
2026-10-05T05:29:07.799438Z,KXGOLD15M-26OCT050130-30,0.0490,26.14,no
2026-10-05T05:29:08.198117Z,KXGOLD15M-26OCT050130-30,0.0550,37.00,yes
2026-10-05T05:29:08.371671Z,KXGOLD15M-26OCT050130-30,0.0480,1.26,no
2026-10-05T05:29:08.644433Z,KXGOLD15M-26OCT050130-30,0.0660,76.20,yes
2026-10-05T05:29:09.065338Z,KXGOLD15M-26OCT050130-30,0.0590,20.00,no
2026-10-05T05:29:09.065338Z,KXGOLD15M-26OCT050130-30,0.0500,0.91,no
2026-10-05T05:29:09.379115Z,KXGOLD15M-26OCT050130-30,0.0520,105.06,no
2026-10-05T05:29:09.45493Z,KXGOLD15M-26OCT050130-30,0.0500,2.87,no
2026-10-05T05:29:09.63198Z,KXGOLD15M-26OCT050130-30,0.0600,15.38,yes
2026-10-05T05:29:09.703665Z,KXGOLD15M-26OCT050130-30,0.0500,10.48,no
2026-10-05T05:29:09.808506Z,KXGOLD15M-26OCT050130-30,0.0600,3.28,yes
2026-10-05T05:29:09.977965Z,KXGOLD15M-26OCT050130-30,0.0500,1.04,no
2026-10-05T05:29:10.203224Z,KXGOLD15M-26OCT050130-30,0.0580,2.37,yes
2026-10-05T05:29:10.227965Z,KXGOLD15M-26OCT050130-30,0.0580,1.09,yes
2026-10-05T05:29:10.462881Z,KXGOLD15M-26OCT050130-30,0.0580,3.12,yes
2026-10-05T05:29:10.538755Z,KXGOLD15M-26OCT050130-30,0.0590,6.49,yes
2026-10-05T05:29:10.538755Z,KXGOLD15M-26OCT050130-30,0.0580,1.79,yes
2026-10-05T05:29:10.666042Z,KXGOLD15M-26OCT050130-30,0.0590,1.70,yes
2026-10-05T05:29:10.754022Z,KXGOLD15M-26OCT050130-30,0.0600,3.07,yes
2026-10-05T05:29:10.754022Z,KXGOLD15M-26OCT050130-30,0.0590,23.81,yes
2026-10-05T05:29:11.499083Z,KXGOLD15M-26OCT050130-30,0.0550,10.00,yes
2026-10-05T05:29:11.65484Z,KXGOLD15M-26OCT050130-30,0.0480,0.04,no
2026-10-05T05:29:11.722488Z,KXGOLD15M-26OCT050130-30,0.0480,1.00,no
2026-10-05T05:29:11.722488Z,KXGOLD15M-26OCT050130-30,0.0480,5.00,no
2026-10-05T05:29:11.722488Z,KXGOLD15M-26OCT050130-30,0.0480,63.96,no
2026-10-05T05:29:11.728675Z,KXGOLD15M-26OCT050130-30,0.0460,395.88,no
2026-10-05T05:29:11.734715Z,KXGOLD15M-26OCT050130-30,0.0400,2.13,no
2026-10-05T05:29:11.734715Z,KXGOLD15M-26OCT050130-30,0.0480,1.00,no
2026-10-05T05:29:11.734715Z,KXGOLD15M-26OCT050130-30,0.0400,6.35,no
2026-10-05T05:29:11.734715Z,KXGOLD15M-26OCT050130-30,0.0400,1.00,no
2026-10-05T05:29:11.764347Z,KXGOLD15M-26OCT050130-30,0.0380,100.00,no
2026-10-05T05:29:12.200091Z,KXGOLD15M-26OCT050130-30,0.0370,3.98,no
2026-10-05T05:29:12.262751Z,KXGOLD15M-26OCT050130-30,0.0370,10.25,no
2026-10-05T05:29:12.399107Z,KXGOLD15M-26OCT050130-30,0.0370,25.89,no
2026-10-05T05:29:12.63012Z,KXGOLD15M-26OCT050130-30,0.0370,10.35,no
2026-10-05T05:29:12.75271Z,KXGOLD15M-26OCT050130-30,0.0420,28.00,yes
2026-10-05T05:29:12.75271Z,KXGOLD15M-26OCT050130-30,0.0500,15.00,yes
2026-10-05T05:29:12.75271Z,KXGOLD15M-26OCT050130-30,0.0410,80.00,yes
2026-10-05T05:29:12.75271Z,KXGOLD15M-26OCT050130-30,0.0600,1.70,yes
2026-10-05T05:29:12.75271Z,KXGOLD15M-26OCT050130-30,0.0570,30.00,yes
2026-10-05T05:29:12.75271Z,KXGOLD15M-26OCT050130-30,0.0470,78.00,yes
2026-10-05T05:29:12.75271Z,KXGOLD15M-26OCT050130-30,0.0600,60.00,yes
2026-10-05T05:29:12.75271Z,KXGOLD15M-26OCT050130-30,0.0510,13.00,yes
2026-10-05T05:29:12.75271Z,KXGOLD15M-26OCT050130-30,0.0510,6.00,yes
2026-10-05T05:29:12.75271Z,KXGOLD15M-26OCT050130-30,0.0510,7.00,yes
2026-10-05T05:29:12.75271Z,KXGOLD15M-26OCT050130-30,0.0510,6.00,yes
2026-10-05T05:29:12.75271Z,KXGOLD15M-26OCT050130-30,0.0570,30.00,yes
2026-10-05T05:29:12.75271Z,KXGOLD15M-26OCT050130-30,0.0400,100.00,yes
2026-10-05T05:29:12.75271Z,KXGOLD15M-26OCT050130-30,0.0430,6.00,yes
2026-10-05T05:29:12.75271Z,KXGOLD15M-26OCT050130-30,0.0410,28.00,yes
2026-10-05T05:29:12.827676Z,KXGOLD15M-26OCT050130-30,0.0370,62.14,no
2026-10-05T05:29:12.991404Z,KXGOLD15M-26OCT050130-30,0.0370,7.72,no
2026-10-05T05:29:13.087251Z,KXGOLD15M-26OCT050130-30,0.0400,425.88,yes
2026-10-05T05:29:13.30075Z,KXGOLD15M-26OCT050130-30,0.0370,3.40,no
2026-10-05T05:29:13.820812Z,KXGOLD15M-26OCT050130-30,0.0520,25.00,yes
2026-10-05T05:29:13.852832Z,KXGOLD15M-26OCT050130-30,0.0380,7.00,no
2026-10-05T05:29:13.852832Z,KXGOLD15M-26OCT050130-30,0.0380,3.00,no
2026-10-05T05:29:13.853414Z,KXGOLD15M-26OCT050130-30,0.0520,2.10,yes
2026-10-05T05:29:14.205791Z,KXGOLD15M-26OCT050130-30,0.0500,53.51,yes
2026-10-05T05:29:14.206629Z,KXGOLD15M-26OCT050130-30,0.0510,35.00,yes
2026-10-05T05:29:14.207852Z,KXGOLD15M-26OCT050130-30,0.0690,11.00,yes
2026-10-05T05:29:14.207852Z,KXGOLD15M-26OCT050130-30,0.0700,1.00,yes
2026-10-05T05:29:14.207852Z,KXGOLD15M-26OCT050130-30,0.0700,15.00,yes
2026-10-05T05:29:14.207852Z,KXGOLD15M-26OCT050130-30,0.0700,2.00,yes
2026-10-05T05:29:14.207852Z,KXGOLD15M-26OCT050130-30,0.0700,9.00,yes
2026-10-05T05:29:14.207852Z,KXGOLD15M-26OCT050130-30,0.0700,19.00,yes
2026-10-05T05:29:14.207852Z,KXGOLD15M-26OCT050130-30,0.0590,6.00,yes
2026-10-05T05:29:14.207852Z,KXGOLD15M-26OCT050130-30,0.0700,100.00,yes
2026-10-05T05:29:14.211127Z,KXGOLD15M-26OCT050130-30,0.0800,5.96,yes
2026-10-05T05:29:14.211421Z,KXGOLD15M-26OCT050130-30,0.0800,54.04,yes
2026-10-05T05:29:14.215075Z,KXGOLD15M-26OCT050130-30,0.0680,60.00,yes
2026-10-05T05:29:14.216932Z,KXGOLD15M-26OCT050130-30,0.0680,7.00,yes
2026-10-05T05:29:14.234096Z,KXGOLD15M-26OCT050130-30,0.0920,10.48,yes
2026-10-05T05:29:14.279583Z,KXGOLD15M-26OCT050130-30,0.0810,12.29,no
2026-10-05T05:29:14.420497Z,KXGOLD15M-26OCT050130-30,0.0810,3.00,no
2026-10-05T05:29:14.675383Z,KXGOLD15M-26OCT050130-30,0.0800,3.00,no
2026-10-05T05:29:14.692413Z,KXGOLD15M-26OCT050130-30,0.0910,21.10,yes
2026-10-05T05:29:14.773543Z,KXGOLD15M-26OCT050130-30,0.0910,1978.90,yes
2026-10-05T05:29:15.191821Z,KXGOLD15M-26OCT050130-30,0.0730,6.86,no
2026-10-05T05:29:15.19552Z,KXGOLD15M-26OCT050130-30,0.0730,100.43,no
2026-10-05T05:29:15.19646Z,KXGOLD15M-26OCT050130-30,0.0730,8.34,no
2026-10-05T05:29:15.208057Z,KXGOLD15M-26OCT050130-30,0.0750,118.53,no
2026-10-05T05:29:15.254241Z,KXGOLD15M-26OCT050130-30,0.0780,10.11,yes
2026-10-05T05:29:15.305875Z,KXGOLD15M-26OCT050130-30,0.0560,34.68,no
2026-10-05T05:29:15.317966Z,KXGOLD15M-26OCT050130-30,0.0780,5.00,yes
2026-10-05T05:29:15.317966Z,KXGOLD15M-26OCT050130-30,0.0790,5.33,yes
2026-10-05T05:29:15.4147Z,KXGOLD15M-26OCT050130-30,0.0560,0.42,no
2026-10-05T05:29:15.46655Z,KXGOLD15M-26OCT050130-30,0.0550,0.77,no
2026-10-05T05:29:15.682196Z,KXGOLD15M-26OCT050130-30,0.0560,9.29,no
2026-10-05T05:29:15.769344Z,KXGOLD15M-26OCT050130-30,0.0550,1.00,no
2026-10-05T05:29:15.769344Z,KXGOLD15M-26OCT050130-30,0.0490,75.00,no
2026-10-05T05:29:15.769344Z,KXGOLD15M-26OCT050130-30,0.0430,52.09,no
2026-10-05T05:29:15.769344Z,KXGOLD15M-26OCT050130-30,0.0480,57.00,no
2026-10-05T05:29:16.024788Z,KXGOLD15M-26OCT050130-30,0.0400,1.02,no
2026-10-05T05:29:16.15667Z,KXGOLD15M-26OCT050130-30,0.0580,48.36,yes
2026-10-05T05:29:16.35121Z,KXGOLD15M-26OCT050130-30,0.0410,51.35,no
2026-10-05T05:29:16.647914Z,KXGOLD15M-26OCT050130-30,0.0500,16.00,no
2026-10-05T05:29:16.650958Z,KXGOLD15M-26OCT050130-30,0.0500,584.00,no
2026-10-05T05:29:16.650958Z,KXGOLD15M-26OCT050130-30,0.0500,16.00,no
2026-10-05T05:29:17.142959Z,KXGOLD15M-26OCT050130-30,0.0500,361.43,yes
2026-10-05T05:29:17.360529Z,KXGOLD15M-26OCT050130-30,0.0520,1.61,yes
2026-10-05T05:29:17.390535Z,KXGOLD15M-26OCT050130-30,0.0490,0.20,no
2026-10-05T05:29:18.439702Z,KXGOLD15M-26OCT050130-30,0.0470,99.53,no
2026-10-05T05:29:18.439702Z,KXGOLD15M-26OCT050130-30,0.0480,1.00,no
2026-10-05T05:29:18.440908Z,KXGOLD15M-26OCT050130-30,0.0490,0.16,yes
2026-10-05T05:29:18.455329Z,KXGOLD15M-26OCT050130-30,0.0470,15.38,no
2026-10-05T05:29:18.802701Z,KXGOLD15M-26OCT050130-30,0.0470,3.09,no
2026-10-05T05:29:19.056249Z,KXGOLD15M-26OCT050130-30,0.0480,16.00,yes
2026-10-05T05:29:19.337643Z,KXGOLD15M-26OCT050130-30,0.0470,1.00,no
2026-10-05T05:29:19.337643Z,KXGOLD15M-26OCT050130-30,0.0470,2.00,no
2026-10-05T05:29:19.337643Z,KXGOLD15M-26OCT050130-30,0.0400,6.04,no
2026-10-05T05:29:20.25841Z,KXGOLD15M-26OCT050130-30,0.0440,36.55,yes
2026-10-05T05:29:20.362474Z,KXGOLD15M-26OCT050130-30,0.0440,112.00,yes
2026-10-05T05:29:20.362474Z,KXGOLD15M-26OCT050130-30,0.0440,79.00,yes
2026-10-05T05:29:20.465044Z,KXGOLD15M-26OCT050130-30,0.0410,20.00,yes
2026-10-05T05:29:20.593806Z,KXGOLD15M-26OCT050130-30,0.0400,6.98,no
2026-10-05T05:29:20.593806Z,KXGOLD15M-26OCT050130-30,0.0390,5.00,no
2026-10-05T05:29:20.593806Z,KXGOLD15M-26OCT050130-30,0.0380,38.77,no
2026-10-05T05:29:21.023362Z,KXGOLD15M-26OCT050130-30,0.0410,13.71,yes
2026-10-05T05:29:21.370708Z,KXGOLD15M-26OCT050130-30,0.0380,5.00,no
2026-10-05T05:29:21.370708Z,KXGOLD15M-26OCT050130-30,0.0390,1.00,no
2026-10-05T05:29:21.370708Z,KXGOLD15M-26OCT050130-30,0.0380,0.22,no
2026-10-05T05:29:21.654006Z,KXGOLD15M-26OCT050130-30,0.0400,0.48,no
2026-10-05T05:29:21.843046Z,KXGOLD15M-26OCT050130-30,0.0370,10.35,no
2026-10-05T05:29:21.849156Z,KXGOLD15M-26OCT050130-30,0.0380,1235.52,no
2026-10-05T05:29:21.851964Z,KXGOLD15M-26OCT050130-30,0.0560,14.68,yes
2026-10-05T05:29:21.851964Z,KXGOLD15M-26OCT050130-30,0.0560,82.00,yes
2026-10-05T05:29:22.086738Z,KXGOLD15M-26OCT050130-30,0.0420,103.75,no
2026-10-05T05:29:22.520261Z,KXGOLD15M-26OCT050130-30,0.0460,40.00,no
2026-10-05T05:29:22.598732Z,KXGOLD15M-26OCT050130-30,0.0460,10.00,no
2026-10-05T05:29:22.606282Z,KXGOLD15M-26OCT050130-30,0.0550,3.68,yes
2026-10-05T05:29:22.606282Z,KXGOLD15M-26OCT050130-30,0.0550,0.33,yes
2026-10-05T05:29:22.606282Z,KXGOLD15M-26OCT050130-30,0.0540,13.00,yes
2026-10-05T05:29:22.878452Z,KXGOLD15M-26OCT050130-30,0.0530,0.25,yes
2026-10-05T05:29:22.878452Z,KXGOLD15M-26OCT050130-30,0.0530,3.01,yes
2026-10-05T05:29:23.024188Z,KXGOLD15M-26OCT050130-30,0.0480,2.07,no
2026-10-05T05:29:23.100198Z,KXGOLD15M-26OCT050130-30,0.0460,1.00,no
2026-10-05T05:29:23.221351Z,KXGOLD15M-26OCT050130-30,0.0380,20.59,no
2026-10-05T05:29:23.221351Z,KXGOLD15M-26OCT050130-30,0.0380,5.00,no
2026-10-05T05:29:23.48901Z,KXGOLD15M-26OCT050130-30,0.0370,265.92,no
2026-10-05T05:29:23.542279Z,KXGOLD15M-26OCT050130-30,0.0330,60.00,no
2026-10-05T05:29:23.552935Z,KXGOLD15M-26OCT050130-30,0.0410,22.95,yes
2026-10-05T05:29:23.679663Z,KXGOLD15M-26OCT050130-30,0.0310,1.00,no
2026-10-05T05:29:23.75637Z,KXGOLD15M-26OCT050130-30,0.0320,49.61,no
2026-10-05T05:29:23.951922Z,KXGOLD15M-26OCT050130-30,0.0410,21.79,yes
2026-10-05T05:29:24.112859Z,KXGOLD15M-26OCT050130-30,0.0400,5.27,yes
2026-10-05T05:29:24.604934Z,KXGOLD15M-26OCT050130-30,0.0310,23.57,no
2026-10-05T05:29:24.604934Z,KXGOLD15M-26OCT050130-30,0.0310,100.00,no
2026-10-05T05:29:24.85044Z,KXGOLD15M-26OCT050130-30,0.0400,3.22,yes
2026-10-05T05:29:25.016893Z,KXGOLD15M-26OCT050130-30,0.0370,2.54,yes
2026-10-05T05:29:25.021405Z,KXGOLD15M-26OCT050130-30,0.0330,1.00,no
2026-10-05T05:29:25.021405Z,KXGOLD15M-26OCT050130-30,0.0300,0.02,no
2026-10-05T05:29:25.13179Z,KXGOLD15M-26OCT050130-30,0.0300,2.04,no
2026-10-05T05:29:25.13179Z,KXGOLD15M-26OCT050130-30,0.0300,0.98,no
2026-10-05T05:29:25.195441Z,KXGOLD15M-26OCT050130-30,0.0370,23.42,yes
2026-10-05T05:29:25.467208Z,KXGOLD15M-26OCT050130-30,0.0310,125.54,no
2026-10-05T05:29:25.830312Z,KXGOLD15M-26OCT050130-30,0.0370,3.00,yes
2026-10-05T05:29:25.830312Z,KXGOLD15M-26OCT050130-30,0.0410,2.22,yes
2026-10-05T05:29:26.037011Z,KXGOLD15M-26OCT050130-30,0.0410,2.46,yes
2026-10-05T05:29:26.038985Z,KXGOLD15M-26OCT050130-30,0.0450,49.54,yes
2026-10-05T05:29:26.038985Z,KXGOLD15M-26OCT050130-30,0.0410,34.00,yes
2026-10-05T05:29:26.038985Z,KXGOLD15M-26OCT050130-30,0.0410,25.32,yes
2026-10-05T05:29:26.081508Z,KXGOLD15M-26OCT050130-30,0.0340,73.00,no
2026-10-05T05:29:26.084355Z,KXGOLD15M-26OCT050130-30,0.0310,37.00,no
2026-10-05T05:29:26.084355Z,KXGOLD15M-26OCT050130-30,0.0320,86.00,no
2026-10-05T05:29:26.084355Z,KXGOLD15M-26OCT050130-30,0.0310,4.00,no
2026-10-05T05:29:26.090153Z,KXGOLD15M-26OCT050130-30,0.0300,15.46,no
2026-10-05T05:29:26.090153Z,KXGOLD15M-26OCT050130-30,0.0300,0.54,no
2026-10-05T05:29:26.090958Z,KXGOLD15M-26OCT050130-30,0.0300,9.54,no
2026-10-05T05:29:26.109642Z,KXGOLD15M-26OCT050130-30,0.0430,1.00,yes
2026-10-05T05:29:26.23743Z,KXGOLD15M-26OCT050130-30,0.0280,9.99,no
2026-10-05T05:29:26.290503Z,KXGOLD15M-26OCT050130-30,0.0360,11.68,yes
2026-10-05T05:29:26.352287Z,KXGOLD15M-26OCT050130-30,0.0340,48.05,yes
2026-10-05T05:29:26.495664Z,KXGOLD15M-26OCT050130-30,0.0310,1.83,no
2026-10-05T05:29:27.280199Z,KXGOLD15M-26OCT050130-30,0.0280,53.20,no
2026-10-05T05:29:27.410578Z,KXGOLD15M-26OCT050130-30,0.0290,2.59,yes
2026-10-05T05:29:27.535656Z,KXGOLD15M-26OCT050130-30,0.0280,9.00,no
2026-10-05T05:29:27.794605Z,KXGOLD15M-26OCT050130-30,0.0200,10.00,no
2026-10-05T05:29:27.794605Z,KXGOLD15M-26OCT050130-30,0.0280,327.81,no
2026-10-05T05:29:27.794605Z,KXGOLD15M-26OCT050130-30,0.0190,153.34,no
2026-10-05T05:29:27.794605Z,KXGOLD15M-26OCT050130-30,0.0210,98.00,no
2026-10-05T05:29:27.794605Z,KXGOLD15M-26OCT050130-30,0.0230,45.00,no
2026-10-05T05:29:27.794605Z,KXGOLD15M-26OCT050130-30,0.0220,5.00,no
2026-10-05T05:29:27.794605Z,KXGOLD15M-26OCT050130-30,0.0200,5.00,no
2026-10-05T05:29:27.794605Z,KXGOLD15M-26OCT050130-30,0.0200,1.00,no
2026-10-05T05:29:27.794605Z,KXGOLD15M-26OCT050130-30,0.0200,50.00,no
2026-10-05T05:29:27.794605Z,KXGOLD15M-26OCT050130-30,0.0220,5.00,no
2026-10-05T05:29:27.794605Z,KXGOLD15M-26OCT050130-30,0.0200,2.00,no
2026-10-05T05:29:27.794605Z,KXGOLD15M-26OCT050130-30,0.0200,100.00,no
2026-10-05T05:29:28.004179Z,KXGOLD15M-26OCT050130-30,0.0280,322.88,yes
2026-10-05T05:29:28.232125Z,KXGOLD15M-26OCT050130-30,0.0410,6.75,yes
2026-10-05T05:29:28.232125Z,KXGOLD15M-26OCT050130-30,0.0410,100.00,yes
2026-10-05T05:29:28.232125Z,KXGOLD15M-26OCT050130-30,0.0450,8.46,yes
2026-10-05T05:29:28.232125Z,KXGOLD15M-26OCT050130-30,0.0290,41.00,yes
2026-10-05T05:29:28.232125Z,KXGOLD15M-26OCT050130-30,0.0410,32.00,yes
2026-10-05T05:29:28.232125Z,KXGOLD15M-26OCT050130-30,0.0360,42.00,yes
2026-10-05T05:29:28.232125Z,KXGOLD15M-26OCT050130-30,0.0460,7.18,yes
2026-10-05T05:29:28.232125Z,KXGOLD15M-26OCT050130-30,0.0440,30.00,yes
2026-10-05T05:29:28.232125Z,KXGOLD15M-26OCT050130-30,0.0440,30.00,yes
2026-10-05T05:29:28.232125Z,KXGOLD15M-26OCT050130-30,0.0400,103.00,yes
2026-10-05T05:29:28.232125Z,KXGOLD15M-26OCT050130-30,0.0410,29.33,yes
2026-10-05T05:29:28.232125Z,KXGOLD15M-26OCT050130-30,0.0310,37.00,yes
2026-10-05T05:29:28.757278Z,KXGOLD15M-26OCT050130-30,0.0230,8.48,no
2026-10-05T05:29:28.757278Z,KXGOLD15M-26OCT050130-30,0.0250,6.00,no
2026-10-05T05:29:28.769091Z,KXGOLD15M-26OCT050130-30,0.0240,15.00,no
2026-10-05T05:29:28.778847Z,KXGOLD15M-26OCT050130-30,0.0300,1.63,yes
2026-10-05T05:29:29.208972Z,KXGOLD15M-26OCT050130-30,0.0240,25.52,no
2026-10-05T05:29:29.239652Z,KXGOLD15M-26OCT050130-30,0.0190,246.66,no
2026-10-05T05:29:29.239652Z,KXGOLD15M-26OCT050130-30,0.0190,30.00,no
2026-10-05T05:29:29.239652Z,KXGOLD15M-26OCT050130-30,0.0190,30.00,no
2026-10-05T05:29:29.239652Z,KXGOLD15M-26OCT050130-30,0.0190,60.00,no
2026-10-05T05:29:29.239652Z,KXGOLD15M-26OCT050130-30,0.0190,60.00,no
2026-10-05T05:29:29.239652Z,KXGOLD15M-26OCT050130-30,0.0150,59.00,no
2026-10-05T05:29:29.239652Z,KXGOLD15M-26OCT050130-30,0.0210,5.00,no
2026-10-05T05:29:29.239652Z,KXGOLD15M-26OCT050130-30,0.0200,45.00,no
2026-10-05T05:29:29.239652Z,KXGOLD15M-26OCT050130-30,0.0210,98.00,no
2026-10-05T05:29:29.239652Z,KXGOLD15M-26OCT050130-30,0.0150,40.00,no
2026-10-05T05:29:29.239652Z,KXGOLD15M-26OCT050130-30,0.0120,23.36,no
2026-10-05T05:29:29.239652Z,KXGOLD15M-26OCT050130-30,0.0140,100.00,no
2026-10-05T05:29:29.239652Z,KXGOLD15M-26OCT050130-30,0.0150,100.00,no
2026-10-05T05:29:29.239652Z,KXGOLD15M-26OCT050130-30,0.0160,100.00,no
2026-10-05T05:29:29.275419Z,KXGOLD15M-26OCT050130-30,0.0130,101.00,no
2026-10-05T05:29:29.275419Z,KXGOLD15M-26OCT050130-30,0.0120,77.00,no
2026-10-05T05:29:29.275419Z,KXGOLD15M-26OCT050130-30,0.0120,5.00,no
2026-10-05T05:29:29.275419Z,KXGOLD15M-26OCT050130-30,0.0190,1.00,no
2026-10-05T05:29:29.275419Z,KXGOLD15M-26OCT050130-30,0.0120,260.64,no
2026-10-05T05:29:29.275419Z,KXGOLD15M-26OCT050130-30,0.0110,350.00,no
2026-10-05T05:29:29.275419Z,KXGOLD15M-26OCT050130-30,0.0110,20.00,no
2026-10-05T05:29:29.275419Z,KXGOLD15M-26OCT050130-30,0.0110,36.96,no
2026-10-05T05:29:29.275419Z,KXGOLD15M-26OCT050130-30,0.0120,1.00,no
2026-10-05T05:29:29.53843Z,KXGOLD15M-26OCT050130-30,0.0170,5.30,no
2026-10-05T05:29:29.754707Z,KXGOLD15M-26OCT050130-30,0.0180,2.23,no
2026-10-05T05:29:29.774541Z,KXGOLD15M-26OCT050130-30,0.0200,40.00,yes
2026-10-05T05:29:29.776892Z,KXGOLD15M-26OCT050130-30,0.0180,228.04,no
2026-10-05T05:29:30.205446Z,KXGOLD15M-26OCT050130-30,0.0170,1.00,no
2026-10-05T05:29:30.205446Z,KXGOLD15M-26OCT050130-30,0.0170,47.00,no
2026-10-05T05:29:30.459841Z,KXGOLD15M-26OCT050130-30,0.0220,21.57,yes
2026-10-05T05:29:30.464153Z,KXGOLD15M-26OCT050130-30,0.0220,36.28,yes
2026-10-05T05:29:30.501986Z,KXGOLD15M-26OCT050130-30,0.0150,17.66,no
2026-10-05T05:29:30.540562Z,KXGOLD15M-26OCT050130-30,0.0150,49.00,no
2026-10-05T05:29:30.540562Z,KXGOLD15M-26OCT050130-30,0.0150,22.34,no
2026-10-05T05:29:30.677303Z,KXGOLD15M-26OCT050130-30,0.0150,1.00,yes
2026-10-05T05:29:30.721899Z,KXGOLD15M-26OCT050130-30,0.0140,0.03,no
2026-10-05T05:29:30.972727Z,KXGOLD15M-26OCT050130-30,0.0150,21.00,yes
2026-10-05T05:29:31.03304Z,KXGOLD15M-26OCT050130-30,0.0140,5.07,no
2026-10-05T05:29:31.143638Z,KXGOLD15M-26OCT050130-30,0.0150,6.66,yes
2026-10-05T05:29:31.143664Z,KXGOLD15M-26OCT050130-30,0.0200,28.00,yes
2026-10-05T05:29:31.143664Z,KXGOLD15M-26OCT050130-30,0.0200,17.66,yes
2026-10-05T05:29:31.143664Z,KXGOLD15M-26OCT050130-30,0.0200,22.34,yes
2026-10-05T05:29:31.143664Z,KXGOLD15M-26OCT050130-30,0.0210,80.88,yes
2026-10-05T05:29:31.144745Z,KXGOLD15M-26OCT050130-30,0.0210,21.12,yes
2026-10-05T05:29:31.144745Z,KXGOLD15M-26OCT050130-30,0.0220,42.15,yes
2026-10-05T05:29:31.144745Z,KXGOLD15M-26OCT050130-30,0.0220,100.00,yes
2026-10-05T05:29:31.144745Z,KXGOLD15M-26OCT050130-30,0.0220,100.00,yes
2026-10-05T05:29:31.144745Z,KXGOLD15M-26OCT050130-30,0.0220,60.17,yes
2026-10-05T05:29:31.144802Z,KXGOLD15M-26OCT050130-30,0.0220,289.83,yes
2026-10-05T05:29:31.144951Z,KXGOLD15M-26OCT050130-30,0.0270,1.40,yes
2026-10-05T05:29:31.14559Z,KXGOLD15M-26OCT050130-30,0.0270,5.60,yes
2026-10-05T05:29:31.14559Z,KXGOLD15M-26OCT050130-30,0.0290,14.96,yes
2026-10-05T05:29:31.14559Z,KXGOLD15M-26OCT050130-30,0.0280,3.00,yes
2026-10-05T05:29:31.145758Z,KXGOLD15M-26OCT050130-30,0.0290,8.40,yes
2026-10-05T05:29:31.145758Z,KXGOLD15M-26OCT050130-30,0.0290,188.48,yes
2026-10-05T05:29:31.146272Z,KXGOLD15M-26OCT050130-30,0.0290,72.16,yes
2026-10-05T05:29:31.146608Z,KXGOLD15M-26OCT050130-30,0.0400,3.00,yes
2026-10-05T05:29:31.146608Z,KXGOLD15M-26OCT050130-30,0.0400,9.00,yes
2026-10-05T05:29:31.146608Z,KXGOLD15M-26OCT050130-30,0.0500,100.00,yes
2026-10-05T05:29:31.181146Z,KXGOLD15M-26OCT050130-30,0.0610,7.97,yes
2026-10-05T05:29:31.1941Z,KXGOLD15M-26OCT050130-30,0.0310,6.00,no
2026-10-05T05:29:31.1941Z,KXGOLD15M-26OCT050130-30,0.0300,89.00,no
2026-10-05T05:29:31.1941Z,KXGOLD15M-26OCT050130-30,0.0290,52.00,no
2026-10-05T05:29:31.1941Z,KXGOLD15M-26OCT050130-30,0.0310,5.00,no
2026-10-05T05:29:31.229306Z,KXGOLD15M-26OCT050130-30,0.0220,5.00,no
2026-10-05T05:29:31.318775Z,KXGOLD15M-26OCT050130-30,0.0180,3.12,no
2026-10-05T05:29:31.378626Z,KXGOLD15M-26OCT050130-30,0.0480,69.62,yes
2026-10-05T05:29:32.101145Z,KXGOLD15M-26OCT050130-30,0.0480,1.95,yes
2026-10-05T05:29:32.125284Z,KXGOLD15M-26OCT050130-30,0.0150,17.66,no
2026-10-05T05:29:32.125284Z,KXGOLD15M-26OCT050130-30,0.0150,1.00,no
2026-10-05T05:29:32.125284Z,KXGOLD15M-26OCT050130-30,0.0160,1.88,no
2026-10-05T05:29:32.125284Z,KXGOLD15M-26OCT050130-30,0.0150,22.34,no
2026-10-05T05:29:32.136077Z,KXGOLD15M-26OCT050130-30,0.0480,18.38,yes
2026-10-05T05:29:32.4856Z,KXGOLD15M-26OCT050130-30,0.0120,5.00,no
2026-10-05T05:29:32.4856Z,KXGOLD15M-26OCT050130-30,0.0120,110.00,no
2026-10-05T05:29:32.4856Z,KXGOLD15M-26OCT050130-30,0.0110,21.11,no
2026-10-05T05:29:32.4856Z,KXGOLD15M-26OCT050130-30,0.0110,10.00,no
2026-10-05T05:29:32.4856Z,KXGOLD15M-26OCT050130-30,0.0110,1.00,no
2026-10-05T05:29:32.4856Z,KXGOLD15M-26OCT050130-30,0.0110,2.00,no
2026-10-05T05:29:32.4856Z,KXGOLD15M-26OCT050130-30,0.0110,2.00,no
2026-10-05T05:29:32.4856Z,KXGOLD15M-26OCT050130-30,0.0110,63.04,no
2026-10-05T05:29:32.839586Z,KXGOLD15M-26OCT050130-30,0.0110,5.00,no
2026-10-05T05:29:32.839586Z,KXGOLD15M-26OCT050130-30,0.0110,18.32,no
2026-10-05T05:29:32.849202Z,KXGOLD15M-26OCT050130-30,0.0200,5.47,yes
2026-10-05T05:29:32.920954Z,KXGOLD15M-26OCT050130-30,0.0200,0.46,yes
2026-10-05T05:29:33.088533Z,KXGOLD15M-26OCT050130-30,0.0200,22.34,yes
2026-10-05T05:29:33.088533Z,KXGOLD15M-26OCT050130-30,0.0200,11.73,yes
2026-10-05T05:29:33.088533Z,KXGOLD15M-26OCT050130-30,0.0200,12.72,yes
2026-10-05T05:29:33.099113Z,KXGOLD15M-26OCT050130-30,0.0150,5.47,no
2026-10-05T05:29:33.099113Z,KXGOLD15M-26OCT050130-30,0.0150,0.46,no
2026-10-05T05:29:33.625209Z,KXGOLD15M-26OCT050130-30,0.0220,3.91,yes
2026-10-05T05:29:33.625209Z,KXGOLD15M-26OCT050130-30,0.0210,102.00,yes
2026-10-05T05:29:33.625209Z,KXGOLD15M-26OCT050130-30,0.0200,3.00,yes
2026-10-05T05:29:33.625209Z,KXGOLD15M-26OCT050130-30,0.0220,34.00,yes
2026-10-05T05:29:33.625209Z,KXGOLD15M-26OCT050130-30,0.0200,5.47,yes
2026-10-05T05:29:33.625209Z,KXGOLD15M-26OCT050130-30,0.0200,0.46,yes
2026-10-05T05:29:33.809805Z,KXGOLD15M-26OCT050130-30,0.0150,0.22,no
2026-10-05T05:29:33.812302Z,KXGOLD15M-26OCT050130-30,0.0150,4.91,no
2026-10-05T05:29:34.04147Z,KXGOLD15M-26OCT050130-30,0.0200,1.85,yes
2026-10-05T05:29:34.04147Z,KXGOLD15M-26OCT050130-30,0.0200,0.22,yes
2026-10-05T05:29:34.223946Z,KXGOLD15M-26OCT050130-30,0.0110,14.31,no
2026-10-05T05:29:34.223946Z,KXGOLD15M-26OCT050130-30,0.0120,5.00,no
2026-10-05T05:29:34.223946Z,KXGOLD15M-26OCT050130-30,0.0150,0.22,no
2026-10-05T05:29:34.223946Z,KXGOLD15M-26OCT050130-30,0.0150,5.47,no
2026-10-05T05:29:34.223946Z,KXGOLD15M-26OCT050130-30,0.0150,6.60,no
2026-10-05T05:29:34.223946Z,KXGOLD15M-26OCT050130-30,0.0150,22.34,no
2026-10-05T05:29:34.223946Z,KXGOLD15M-26OCT050130-30,0.0150,0.46,no
2026-10-05T05:29:34.383951Z,KXGOLD15M-26OCT050130-30,0.0200,118.15,yes
2026-10-05T05:29:34.383951Z,KXGOLD15M-26OCT050130-30,0.0200,6.60,yes
2026-10-05T05:29:34.383951Z,KXGOLD15M-26OCT050130-30,0.0210,41.63,yes
2026-10-05T05:29:34.383951Z,KXGOLD15M-26OCT050130-30,0.0200,5.47,yes
2026-10-05T05:29:34.383951Z,KXGOLD15M-26OCT050130-30,0.0200,22.34,yes
2026-10-05T05:29:34.383951Z,KXGOLD15M-26OCT050130-30,0.0200,0.46,yes
2026-10-05T05:29:34.383951Z,KXGOLD15M-26OCT050130-30,0.0200,4.91,yes
2026-10-05T05:29:34.653165Z,KXGOLD15M-26OCT050130-30,0.0210,1.91,yes
2026-10-05T05:29:34.653165Z,KXGOLD15M-26OCT050130-30,0.0200,0.22,yes
2026-10-05T05:29:34.653165Z,KXGOLD15M-26OCT050130-30,0.0200,91.00,yes
2026-10-05T05:29:34.748486Z,KXGOLD15M-26OCT050130-30,0.0140,0.53,no
2026-10-05T05:29:34.748486Z,KXGOLD15M-26OCT050130-30,0.0150,0.46,no
2026-10-05T05:29:34.748486Z,KXGOLD15M-26OCT050130-30,0.0150,22.34,no
2026-10-05T05:29:34.748486Z,KXGOLD15M-26OCT050130-30,0.0150,4.91,no
2026-10-05T05:29:34.748486Z,KXGOLD15M-26OCT050130-30,0.0150,0.22,no
2026-10-05T05:29:34.748486Z,KXGOLD15M-26OCT050130-30,0.0150,6.60,no
2026-10-05T05:29:34.748486Z,KXGOLD15M-26OCT050130-30,0.0150,5.47,no
2026-10-05T05:29:34.906233Z,KXGOLD15M-26OCT050130-30,0.0130,10.11,no
2026-10-05T05:29:35.662743Z,KXGOLD15M-26OCT050130-30,0.0120,1.01,no
2026-10-05T05:29:35.675975Z,KXGOLD15M-26OCT050130-30,0.0190,27.91,yes
2026-10-05T05:29:35.675975Z,KXGOLD15M-26OCT050130-30,0.0190,20.08,yes
2026-10-05T05:29:35.891436Z,KXGOLD15M-26OCT050130-30,0.0110,96.01,no
2026-10-05T05:29:35.891436Z,KXGOLD15M-26OCT050130-30,0.0120,3.99,no
2026-10-05T05:29:36.063675Z,KXGOLD15M-26OCT050130-30,0.0190,9.04,yes
2026-10-05T05:29:36.072785Z,KXGOLD15M-26OCT050130-30,0.0190,0.26,yes
2026-10-05T05:29:36.115757Z,KXGOLD15M-26OCT050130-30,0.0110,3.00,no
2026-10-05T05:29:36.288642Z,KXGOLD15M-26OCT050130-30,0.0190,2.46,yes
2026-10-05T05:29:36.373221Z,KXGOLD15M-26OCT050130-30,0.0190,13.11,yes
2026-10-05T05:29:36.373221Z,KXGOLD15M-26OCT050130-30,0.0190,35.19,yes
2026-10-05T05:29:36.380304Z,KXGOLD15M-26OCT050130-30,0.0110,8.10,no
2026-10-05T05:29:36.380304Z,KXGOLD15M-26OCT050130-30,0.0110,2.00,no
2026-10-05T05:29:36.495396Z,KXGOLD15M-26OCT050130-30,0.0110,96.03,no
2026-10-05T05:29:36.495396Z,KXGOLD15M-26OCT050130-30,0.0110,5.00,no
2026-10-05T05:29:36.50975Z,KXGOLD15M-26OCT050130-30,0.0110,49.97,no
2026-10-05T05:29:36.917154Z,KXGOLD15M-26OCT050130-30,0.0100,21.83,no
2026-10-05T05:29:37.042201Z,KXGOLD15M-26OCT050130-30,0.0100,257.81,no
2026-10-05T05:29:37.313804Z,KXGOLD15M-26OCT050130-30,0.0100,20.36,no
2026-10-05T05:29:37.313804Z,KXGOLD15M-26OCT050130-30,0.0100,80.57,no
2026-10-05T05:29:37.382137Z,KXGOLD15M-26OCT050130-30,0.0100,22.79,no
2026-10-05T05:29:37.480968Z,KXGOLD15M-26OCT050130-30,0.0110,20.83,yes
2026-10-05T05:29:37.570652Z,KXGOLD15M-26OCT050130-30,0.0110,85.02,yes
2026-10-05T05:29:37.694227Z,KXGOLD15M-26OCT050130-30,0.0110,3.00,yes
2026-10-05T05:29:37.694227Z,KXGOLD15M-26OCT050130-30,0.0110,80.57,yes
2026-10-05T05:29:37.694227Z,KXGOLD15M-26OCT050130-30,0.0110,22.79,yes
2026-10-05T05:29:37.694227Z,KXGOLD15M-26OCT050130-30,0.0110,66.18,yes
2026-10-05T05:29:37.694227Z,KXGOLD15M-26OCT050130-30,0.0210,22.33,yes
2026-10-05T05:29:37.694227Z,KXGOLD15M-26OCT050130-30,0.0200,5.47,yes
2026-10-05T05:29:37.694227Z,KXGOLD15M-26OCT050130-30,0.0200,0.22,yes
2026-10-05T05:29:37.694227Z,KXGOLD15M-26OCT050130-30,0.0200,0.46,yes
2026-10-05T05:29:37.694227Z,KXGOLD15M-26OCT050130-30,0.0130,40.00,yes
2026-10-05T05:29:37.694227Z,KXGOLD15M-26OCT050130-30,0.0210,44.46,yes
2026-10-05T05:29:37.694227Z,KXGOLD15M-26OCT050130-30,0.0200,6.60,yes
2026-10-05T05:29:37.694227Z,KXGOLD15M-26OCT050130-30,0.0200,4.91,yes
2026-10-05T05:29:37.694227Z,KXGOLD15M-26OCT050130-30,0.0200,22.34,yes
2026-10-05T05:29:37.752684Z,KXGOLD15M-26OCT050130-30,0.0200,14.70,yes
2026-10-05T05:29:37.760996Z,KXGOLD15M-26OCT050130-30,0.0150,4.91,no
2026-10-05T05:29:37.760996Z,KXGOLD15M-26OCT050130-30,0.0110,102.00,no
2026-10-05T05:29:37.760996Z,KXGOLD15M-26OCT050130-30,0.0100,316.02,no
2026-10-05T05:29:37.786074Z,KXGOLD15M-26OCT050130-30,0.0110,5.00,no
2026-10-05T05:29:37.786074Z,KXGOLD15M-26OCT050130-30,0.0150,6.60,no
2026-10-05T05:29:37.786074Z,KXGOLD15M-26OCT050130-30,0.0100,82.62,no
2026-10-05T05:29:37.819058Z,KXGOLD15M-26OCT050130-30,0.0150,5.05,no
2026-10-05T05:29:37.835374Z,KXGOLD15M-26OCT050130-30,0.0150,5.47,no
2026-10-05T05:29:37.835374Z,KXGOLD15M-26OCT050130-30,0.0150,17.29,no
2026-10-05T05:29:37.870246Z,KXGOLD15M-26OCT050130-30,0.0130,29.00,yes
2026-10-05T05:29:37.870246Z,KXGOLD15M-26OCT050130-30,0.0160,73.73,yes
2026-10-05T05:29:37.870246Z,KXGOLD15M-26OCT050130-30,0.0110,82.62,yes
2026-10-05T05:29:37.920237Z,KXGOLD15M-26OCT050130-30,0.0160,7.07,yes
2026-10-05T05:29:37.965521Z,KXGOLD15M-26OCT050130-30,0.0160,40.84,yes
2026-10-05T05:29:38.352143Z,KXGOLD15M-26OCT050130-30,0.0150,0.22,no
2026-10-05T05:29:38.352143Z,KXGOLD15M-26OCT050130-30,0.0100,7.39,no
2026-10-05T05:29:38.352143Z,KXGOLD15M-26OCT050130-30,0.0100,6.09,no
2026-10-05T05:29:38.352143Z,KXGOLD15M-26OCT050130-30,0.0100,0.98,no
2026-10-05T05:29:38.352143Z,KXGOLD15M-26OCT050130-30,0.0100,14.47,no
2026-10-05T05:29:38.352143Z,KXGOLD15M-26OCT050130-30,0.0100,14.47,no
2026-10-05T05:29:38.352143Z,KXGOLD15M-26OCT050130-30,0.0100,1.00,no
2026-10-05T05:29:38.352143Z,KXGOLD15M-26OCT050130-30,0.0100,10.68,no
2026-10-05T05:29:38.352143Z,KXGOLD15M-26OCT050130-30,0.0100,6.73,no
2026-10-05T05:29:38.352143Z,KXGOLD15M-26OCT050130-30,0.0100,1.38,no
2026-10-05T05:29:38.352143Z,KXGOLD15M-26OCT050130-30,0.0100,7.09,no
2026-10-05T05:29:38.352143Z,KXGOLD15M-26OCT050130-30,0.0100,3.05,no
2026-10-05T05:29:38.352143Z,KXGOLD15M-26OCT050130-30,0.0100,17.62,no
2026-10-05T05:29:38.352143Z,KXGOLD15M-26OCT050130-30,0.0100,248.00,no
2026-10-05T05:29:38.352143Z,KXGOLD15M-26OCT050130-30,0.0100,1.00,no
2026-10-05T05:29:38.352143Z,KXGOLD15M-26OCT050130-30,0.0100,26.43,no
2026-10-05T05:29:38.352143Z,KXGOLD15M-26OCT050130-30,0.0100,2.00,no
2026-10-05T05:29:38.352143Z,KXGOLD15M-26OCT050130-30,0.0100,13.99,no
2026-10-05T05:29:38.352143Z,KXGOLD15M-26OCT050130-30,0.0100,3.04,no
2026-10-05T05:29:38.352143Z,KXGOLD15M-26OCT050130-30,0.0100,1.43,no
2026-10-05T05:29:38.352143Z,KXGOLD15M-26OCT050130-30,0.0100,23.56,no
2026-10-05T05:29:38.352143Z,KXGOLD15M-26OCT050130-30,0.0100,37.54,no
2026-10-05T05:29:38.377909Z,KXGOLD15M-26OCT050130-30,0.0100,0.92,no
2026-10-05T05:29:38.377909Z,KXGOLD15M-26OCT050130-30,0.0100,2.38,no
2026-10-05T05:29:38.377909Z,KXGOLD15M-26OCT050130-30,0.0100,188.46,no
2026-10-05T05:29:38.377909Z,KXGOLD15M-26OCT050130-30,0.0100,13.23,no
2026-10-05T05:29:38.379319Z,KXGOLD15M-26OCT050130-30,0.0100,211.54,no
2026-10-05T05:29:38.379319Z,KXGOLD15M-26OCT050130-30,0.0100,119.39,no
2026-10-05T05:29:38.379319Z,KXGOLD15M-26OCT050130-30,0.0100,100.00,no
2026-10-05T05:29:38.546492Z,KXGOLD15M-26OCT050130-30,0.0070,10.00,no
2026-10-05T05:29:38.546492Z,KXGOLD15M-26OCT050130-30,0.0070,500.00,no
2026-10-05T05:29:38.636615Z,KXGOLD15M-26OCT050130-30,0.0060,10.20,no
2026-10-05T05:29:38.876718Z,KXGOLD15M-26OCT050130-30,0.0100,58.00,yes
2026-10-05T05:29:38.876718Z,KXGOLD15M-26OCT050130-30,0.0110,0.47,yes
2026-10-05T05:29:39.063234Z,KXGOLD15M-26OCT050130-30,0.0100,41.00,yes
2026-10-05T05:29:39.063234Z,KXGOLD15M-26OCT050130-30,0.0110,4.05,yes
2026-10-05T05:29:39.17637Z,KXGOLD15M-26OCT050130-30,0.0060,2.32,no
2026-10-05T05:29:40.11522Z,KXGOLD15M-26OCT050130-30,0.0070,133.00,yes
2026-10-05T05:29:40.131043Z,KXGOLD15M-26OCT050130-30,0.0080,50.00,yes
2026-10-05T05:29:40.181726Z,KXGOLD15M-26OCT050130-30,0.0100,0.49,yes
2026-10-05T05:29:40.269699Z,KXGOLD15M-26OCT050130-30,0.0100,3.24,yes
2026-10-05T05:29:40.587284Z,KXGOLD15M-26OCT050130-30,0.0060,27.49,no
2026-10-05T05:29:40.828573Z,KXGOLD15M-26OCT050130-30,0.0100,2.98,yes
2026-10-05T05:29:40.828573Z,KXGOLD15M-26OCT050130-30,0.0100,9.38,yes
2026-10-05T05:29:41.442311Z,KXGOLD15M-26OCT050130-30,0.0060,0.46,no
2026-10-05T05:29:41.442311Z,KXGOLD15M-26OCT050130-30,0.0060,459.99,no
2026-10-05T05:29:41.442311Z,KXGOLD15M-26OCT050130-30,0.0050,142.77,no
2026-10-05T05:29:41.569006Z,KXGOLD15M-26OCT050130-30,0.0050,93.41,no
2026-10-05T05:29:41.80394Z,KXGOLD15M-26OCT050130-30,0.0060,93.41,yes
2026-10-05T05:29:41.80394Z,KXGOLD15M-26OCT050130-30,0.0060,142.77,yes
2026-10-05T05:29:41.80394Z,KXGOLD15M-26OCT050130-30,0.0060,3.00,yes
2026-10-05T05:29:42.086146Z,KXGOLD15M-26OCT050130-30,0.0070,6.43,yes
2026-10-05T05:29:42.086146Z,KXGOLD15M-26OCT050130-30,0.0070,2.32,yes
2026-10-05T05:29:42.185612Z,KXGOLD15M-26OCT050130-30,0.0070,107.17,yes
2026-10-05T05:29:42.185612Z,KXGOLD15M-26OCT050130-30,0.0070,21.06,yes
2026-10-05T05:29:42.195448Z,KXGOLD15M-26OCT050130-30,0.0070,79.76,yes
2026-10-05T05:29:42.196275Z,KXGOLD15M-26OCT050130-30,0.0070,15.47,yes
2026-10-05T05:29:42.408673Z,KXGOLD15M-26OCT050130-30,0.0010,7205.79,no
2026-10-05T05:29:42.408673Z,KXGOLD15M-26OCT050130-30,0.0030,2.00,no
2026-10-05T05:29:42.408673Z,KXGOLD15M-26OCT050130-30,0.0040,1.00,no
2026-10-05T05:29:42.408673Z,KXGOLD15M-26OCT050130-30,0.0020,3.00,no
2026-10-05T05:29:42.408673Z,KXGOLD15M-26OCT050130-30,0.0030,2.00,no
2026-10-05T05:29:42.408673Z,KXGOLD15M-26OCT050130-30,0.0040,13.00,no
2026-10-05T05:29:42.408673Z,KXGOLD15M-26OCT050130-30,0.0050,11.00,no
2026-10-05T05:29:42.408673Z,KXGOLD15M-26OCT050130-30,0.0030,18.00,no
2026-10-05T05:29:42.408673Z,KXGOLD15M-26OCT050130-30,0.0020,3.00,no
2026-10-05T05:29:42.408673Z,KXGOLD15M-26OCT050130-30,0.0020,3.00,no
2026-10-05T05:29:42.408673Z,KXGOLD15M-26OCT050130-30,0.0030,2.00,no
2026-10-05T05:29:42.408673Z,KXGOLD15M-26OCT050130-30,0.0040,1.00,no
2026-10-05T05:29:42.408673Z,KXGOLD15M-26OCT050130-30,0.0020,3.00,no
2026-10-05T05:29:42.408673Z,KXGOLD15M-26OCT050130-30,0.0040,1.00,no
2026-10-05T05:29:42.408673Z,KXGOLD15M-26OCT050130-30,0.0020,3.00,no
2026-10-05T05:29:42.408673Z,KXGOLD15M-26OCT050130-30,0.0040,1.00,no
2026-10-05T05:29:42.408673Z,KXGOLD15M-26OCT050130-30,0.0030,2.00,no
2026-10-05T05:29:42.408673Z,KXGOLD15M-26OCT050130-30,0.0030,2.00,no
2026-10-05T05:29:42.408673Z,KXGOLD15M-26OCT050130-30,0.0040,1.00,no
2026-10-05T05:29:42.408673Z,KXGOLD15M-26OCT050130-30,0.0020,26.00,no
2026-10-05T05:29:42.408673Z,KXGOLD15M-26OCT050130-30,0.0010,1.00,no
2026-10-05T05:29:42.408673Z,KXGOLD15M-26OCT050130-30,0.0050,3.00,no
2026-10-05T05:29:42.408673Z,KXGOLD15M-26OCT050130-30,0.0050,1.00,no
2026-10-05T05:29:42.408673Z,KXGOLD15M-26OCT050130-30,0.0050,5.00,no
2026-10-05T05:29:42.408673Z,KXGOLD15M-26OCT050130-30,0.0050,2.00,no
2026-10-05T05:29:42.408673Z,KXGOLD15M-26OCT050130-30,0.0050,108.00,no
2026-10-05T05:29:42.408673Z,KXGOLD15M-26OCT050130-30,0.0020,80.00,no
2026-10-05T05:29:42.408673Z,KXGOLD15M-26OCT050130-30,0.0020,5.00,no
2026-10-05T05:29:42.408673Z,KXGOLD15M-26OCT050130-30,0.0020,5.00,no
2026-10-05T05:29:42.408673Z,KXGOLD15M-26OCT050130-30,0.0010,800.00,no
2026-10-05T05:29:42.408673Z,KXGOLD15M-26OCT050130-30,0.0010,5000.00,no
2026-10-05T05:29:42.408673Z,KXGOLD15M-26OCT050130-30,0.0030,1250.00,no
2026-10-05T05:29:42.408673Z,KXGOLD15M-26OCT050130-30,0.0020,1200.00,no
2026-10-05T05:29:42.408673Z,KXGOLD15M-26OCT050130-30,0.0010,1.00,no
2026-10-05T05:29:42.408673Z,KXGOLD15M-26OCT050130-30,0.0050,513.82,no
2026-10-05T05:29:42.408673Z,KXGOLD15M-26OCT050130-30,0.0040,1000.00,no
2026-10-05T05:29:42.408673Z,KXGOLD15M-26OCT050130-30,0.0020,1250.00,no
2026-10-05T05:29:42.408673Z,KXGOLD15M-26OCT050130-30,0.0010,1250.00,no
2026-10-05T05:29:42.408673Z,KXGOLD15M-26OCT050130-30,0.0010,250.00,no
2026-10-05T05:29:42.714053Z,KXGOLD15M-26OCT050130-30,0.0020,13.35,yes
2026-10-05T05:29:42.765271Z,KXGOLD15M-26OCT050130-30,0.0010,4.91,no
2026-10-05T05:29:42.82878Z,KXGOLD15M-26OCT050130-30,0.0020,133.58,yes
2026-10-05T05:29:43.006827Z,KXGOLD15M-26OCT050130-30,0.0020,229.01,yes
2026-10-05T05:29:43.233649Z,KXGOLD15M-26OCT050130-30,0.0010,3.80,no
2026-10-05T05:29:43.250002Z,KXGOLD15M-26OCT050130-30,0.0010,185.91,no
2026-10-05T05:29:43.305122Z,KXGOLD15M-26OCT050130-30,0.0020,4.59,yes
2026-10-05T05:29:43.559135Z,KXGOLD15M-26OCT050130-30,0.0020,517.57,yes
2026-10-05T05:29:43.68987Z,KXGOLD15M-26OCT050130-30,0.0020,916.02,yes
2026-10-05T05:29:43.809465Z,KXGOLD15M-26OCT050130-30,0.0010,8.66,no
2026-10-05T05:29:43.850781Z,KXGOLD15M-26OCT050130-30,0.0020,458.01,yes
2026-10-05T05:29:43.898696Z,KXGOLD15M-26OCT050130-30,0.0020,2290.05,yes
2026-10-05T05:29:43.941526Z,KXGOLD15M-26OCT050130-30,0.0020,191.26,yes
2026-10-05T05:29:44.192146Z,KXGOLD15M-26OCT050130-30,0.0020,339.90,yes
2026-10-05T05:29:44.353554Z,KXGOLD15M-26OCT050130-30,0.0020,0.96,yes
2026-10-05T05:29:44.541874Z,KXGOLD15M-26OCT050130-30,0.0010,200.18,no
2026-10-05T05:29:44.934414Z,KXGOLD15M-26OCT050130-30,0.0020,32.35,yes
2026-10-05T05:29:44.947317Z,KXGOLD15M-26OCT050130-30,0.0010,23.56,no
2026-10-05T05:29:44.995416Z,KXGOLD15M-26OCT050130-30,0.0020,38.82,yes
2026-10-05T05:29:45.615556Z,KXGOLD15M-26OCT050130-30,0.0010,45.09,no
2026-10-05T05:29:45.741999Z,KXGOLD15M-26OCT050130-30,0.0020,458.01,yes
2026-10-05T05:29:45.786373Z,KXGOLD15M-26OCT050130-30,0.0010,59.03,no
2026-10-05T05:29:46.377508Z,KXGOLD15M-26OCT050130-30,0.0020,168.00,yes
2026-10-05T05:29:46.731032Z,KXGOLD15M-26OCT050130-30,0.0020,458.01,yes
2026-10-05T05:29:46.888891Z,KXGOLD15M-26OCT050130-30,0.0010,5.47,no
2026-10-05T05:29:47.197096Z,KXGOLD15M-26OCT050130-30,0.0020,4.10,yes
2026-10-05T05:29:47.222304Z,KXGOLD15M-26OCT050130-30,0.0020,45.80,yes
2026-10-05T05:29:47.833158Z,KXGOLD15M-26OCT050130-30,0.0020,90.20,yes
2026-10-05T05:29:48.030012Z,KXGOLD15M-26OCT050130-30,0.0020,347.53,yes
2026-10-05T05:29:48.448706Z,KXGOLD15M-26OCT050130-30,0.0020,412.00,yes
2026-10-05T05:29:48.497972Z,KXGOLD15M-26OCT050130-30,0.0010,33.00,no
2026-10-05T05:29:48.67548Z,KXGOLD15M-26OCT050130-30,0.0010,1.00,no
2026-10-05T05:29:48.980546Z,KXGOLD15M-26OCT050130-30,0.0020,87.13,yes
2026-10-05T05:29:48.980546Z,KXGOLD15M-26OCT050130-30,0.0020,55.88,yes
2026-10-05T05:29:49.377238Z,KXGOLD15M-26OCT050130-30,0.0010,38.00,no
2026-10-05T05:29:49.563861Z,KXGOLD15M-26OCT050130-30,0.0020,64.04,yes
2026-10-05T05:29:49.957841Z,KXGOLD15M-26OCT050130-30,0.0020,30.35,yes
2026-10-05T05:29:49.990593Z,KXGOLD15M-26OCT050130-30,0.0020,13.60,yes
2026-10-05T05:29:50.300273Z,KXGOLD15M-26OCT050130-30,0.0010,3.46,no
2026-10-05T05:29:50.49695Z,KXGOLD15M-26OCT050130-30,0.0020,2290.05,yes
2026-10-05T05:29:50.50524Z,KXGOLD15M-26OCT050130-30,0.0020,458.01,yes
2026-10-05T05:29:50.952832Z,KXGOLD15M-26OCT050130-30,0.0010,2182.14,no
2026-10-05T05:29:50.952832Z,KXGOLD15M-26OCT050130-30,0.0010,302.00,no
2026-10-05T05:29:50.952832Z,KXGOLD15M-26OCT050130-30,0.0010,16.00,no
2026-10-05T05:29:50.952832Z,KXGOLD15M-26OCT050130-30,0.0010,14.00,no
2026-10-05T05:29:50.952832Z,KXGOLD15M-26OCT050130-30,0.0010,5.00,no
2026-10-05T05:29:50.952832Z,KXGOLD15M-26OCT050130-30,0.0010,18.00,no
2026-10-05T05:29:50.952832Z,KXGOLD15M-26OCT050130-30,0.0010,158.00,no
2026-10-05T05:29:50.952832Z,KXGOLD15M-26OCT050130-30,0.0010,5.00,no
2026-10-05T05:29:50.952832Z,KXGOLD15M-26OCT050130-30,0.0010,1.00,no
2026-10-05T05:29:50.952832Z,KXGOLD15M-26OCT050130-30,0.0010,134.00,no
2026-10-05T05:29:50.952832Z,KXGOLD15M-26OCT050130-30,0.0010,458.00,no
2026-10-05T05:29:50.952832Z,KXGOLD15M-26OCT050130-30,0.0010,168.00,no
2026-10-05T05:29:50.952832Z,KXGOLD15M-26OCT050130-30,0.0010,39.00,no
2026-10-05T05:29:50.952832Z,KXGOLD15M-26OCT050130-30,0.0010,458.00,no
2026-10-05T05:29:50.952832Z,KXGOLD15M-26OCT050130-30,0.0010,339.00,no
2026-10-05T05:29:50.952832Z,KXGOLD15M-26OCT050130-30,0.0010,33.00,no
2026-10-05T05:29:50.952832Z,KXGOLD15M-26OCT050130-30,0.0010,191.00,no
2026-10-05T05:29:50.952832Z,KXGOLD15M-26OCT050130-30,0.0010,2.00,no
2026-10-05T05:29:50.952832Z,KXGOLD15M-26OCT050130-30,0.0010,2290.00,no
2026-10-05T05:29:50.952832Z,KXGOLD15M-26OCT050130-30,0.0010,916.00,no
2026-10-05T05:29:50.952832Z,KXGOLD15M-26OCT050130-30,0.0010,459.00,no
2026-10-05T05:29:50.952832Z,KXGOLD15M-26OCT050130-30,0.0010,522.00,no
2026-10-05T05:29:50.952832Z,KXGOLD15M-26OCT050130-30,0.0010,229.00,no
2026-10-05T05:29:50.952832Z,KXGOLD15M-26OCT050130-30,0.0010,56.00,no
2026-10-05T05:29:50.952832Z,KXGOLD15M-26OCT050130-30,0.0010,412.00,no
2026-10-05T05:29:50.952832Z,KXGOLD15M-26OCT050130-30,0.0010,347.00,no
2026-10-05T05:29:50.952832Z,KXGOLD15M-26OCT050130-30,0.0010,50.00,no
2026-10-05T05:29:50.952832Z,KXGOLD15M-26OCT050130-30,0.0010,91.00,no
2026-10-05T05:29:50.952832Z,KXGOLD15M-26OCT050130-30,0.0010,400.00,no
2026-10-05T05:29:50.952832Z,KXGOLD15M-26OCT050130-30,0.0010,500.00,no
2026-10-05T05:29:51.843974Z,KXGOLD15M-26OCT050130-30,0.0010,30.35,yes
2026-10-05T05:29:52.006292Z,KXGOLD15M-26OCT050130-30,0.0010,915.99,yes
2026-10-05T05:29:52.670018Z,KXGOLD15M-26OCT050130-30,0.0010,354.83,yes
2026-10-05T05:29:52.886619Z,KXGOLD15M-26OCT050130-30,0.0010,10.18,yes
2026-10-05T05:29:52.957316Z,KXGOLD15M-26OCT050130-30,0.0010,503.65,yes
2026-10-05T05:29:52.957316Z,KXGOLD15M-26OCT050130-30,0.0010,302.39,yes
2026-10-05T05:29:53.041757Z,KXGOLD15M-26OCT050130-30,0.0010,17.43,yes
2026-10-05T05:29:53.246364Z,KXGOLD15M-26OCT050130-30,0.0010,9.01,yes
2026-10-05T05:29:53.903758Z,KXGOLD15M-26OCT050130-30,0.0010,9.04,yes
2026-10-05T05:29:54.299295Z,KXGOLD15M-26OCT050130-30,0.0010,48.58,yes
2026-10-05T05:29:54.614032Z,KXGOLD15M-26OCT050130-30,0.0010,1060.00,yes
2026-10-05T05:29:54.614032Z,KXGOLD15M-26OCT050130-30,0.0010,2362.55,yes
2026-10-05T05:29:54.614032Z,KXGOLD15M-26OCT050130-30,0.0010,1157.22,yes
2026-10-05T05:29:55.14708Z,KXGOLD15M-26OCT050130-30,0.0010,915.99,yes
2026-10-05T05:29:56.041647Z,KXGOLD15M-26OCT050130-30,0.0010,145.00,yes
2026-10-05T05:29:56.041647Z,KXGOLD15M-26OCT050130-30,0.0010,497.11,yes
2026-10-05T05:29:56.041647Z,KXGOLD15M-26OCT050130-30,0.0010,1039.00,yes
2026-10-05T05:29:56.041647Z,KXGOLD15M-26OCT050130-30,0.0010,150.79,yes
2026-10-05T05:29:56.402981Z,KXGOLD15M-26OCT050130-30,0.0010,33.00,yes
2026-10-05T05:29:57.022973Z,KXGOLD15M-26OCT050130-30,0.0010,229.01,yes
2026-10-05T05:29:58.320396Z,KXGOLD15M-26OCT050130-30,0.0020,3.00,yes
2026-10-05T05:29:58.320396Z,KXGOLD15M-26OCT050130-30,0.0040,42.00,yes
2026-10-05T05:29:58.320396Z,KXGOLD15M-26OCT050130-30,0.0020,2056.82,yes
2026-10-05T05:29:58.320396Z,KXGOLD15M-26OCT050130-30,0.0050,936.75,yes
2026-10-05T05:29:58.320396Z,KXGOLD15M-26OCT050130-30,0.0010,354.88,yes
2026-10-05T05:29:58.320396Z,KXGOLD15M-26OCT050130-30,0.0010,3.00,yes
2026-10-05T05:29:58.320396Z,KXGOLD15M-26OCT050130-30,0.0020,3.00,yes
2026-10-05T05:29:58.330965Z,KXGOLD15M-26OCT050130-30,0.0050,153.41,yes
2026-10-05T05:29:58.33442Z,KXGOLD15M-26OCT050130-30,0.0050,8.66,yes
2026-10-05T05:29:58.347477Z,KXGOLD15M-26OCT050130-30,0.0010,25.00,no
2026-10-05T05:29:58.632372Z,KXGOLD15M-26OCT050130-30,0.0010,200.00,no
2026-10-05T05:29:58.632372Z,KXGOLD15M-26OCT050130-30,0.0010,119.00,no
2026-10-05T05:29:58.632372Z,KXGOLD15M-26OCT050130-30,0.0010,5.00,no
2026-10-05T05:29:58.632372Z,KXGOLD15M-26OCT050130-30,0.0010,93.00,no
2026-10-05T05:29:58.889785Z,KXGOLD15M-26OCT050130-30,0.0010,5.00,no
2026-10-05T05:29:58.889785Z,KXGOLD15M-26OCT050130-30,0.0010,9907.00,no
2026-10-05T05:29:58.889785Z,KXGOLD15M-26OCT050130-30,0.0010,106.00,no
2026-10-05T05:29:59.543639Z,KXGOLD15M-26OCT050130-30,0.0010,1.72,yes
